,year_month,USA,China,Europe,India,Other,Total
0,2000-01-01,0,0,0,0,0,0
1,2000-02-01,0,0,0,0,0,0
2,2000-03-01,125,0,10,0,1,136
3,2000-04-01,188,0,15,1,1,205
4,2000-05-01,231,0,18,1,2,252
5,2000-06-01,245,1,26,1,2,275
6,2000-07-01,254,1,28,1,3,287
7,2000-08-01,269,1,30,2,6,308
8,2000-09-01,361,1,33,2,7,404
9,2000-10-01,413,1,34,2,8,458
10,2000-11-01,467,2,37,2,9,517
11,2000-12-01,515,4,40,2,10,571
12,2001-01-01,535,4,51,3,17,610
13,2001-02-01,734,4,60,3,22,823
14,2001-03-01,847,4,58,3,29,941
15,2001-04-01,849,5,58,2,32,946
16,2001-05-01,775,5,58,2,38,878
17,2001-06-01,760,5,55,2,40,862
18,2001-07-01,755,7,56,2,42,862
19,2001-08-01,744,7,54,2,43,850
20,2001-09-01,748,7,52,2,43,852
21,2001-10-01,758,7,51,2,43,861
22,2001-11-01,717,6,53,2,42,820
23,2001-12-01,679,4,49,3,46,781
24,2002-01-01,628,5,43,2,40,718
25,2002-02-01,610,5,37,2,42,696
26,2002-03-01,613,5,36,2,37,693
27,2002-04-01,604,4,31,2,36,677
28,2002-05-01,355,4,28,2,31,420
29,2002-06-01,376,5,25,3,34,443
30,2002-07-01,386,5,22,4,29,446
31,2002-08-01,391,5,27,4,29,456
32,2002-09-01,421,6,30,6,34,497
33,2002-10-01,458,7,30,7,35,537
34,2002-11-01,471,7,33,7,37,555
35,2002-12-01,446,8,34,7,35,530
36,2003-01-01,424,8,32,8,34,506
37,2003-02-01,443,8,31,8,37,527
38,2003-03-01,800,8,30,8,41,887
39,2003-04-01,816,8,32,8,45,909
40,2003-05-01,784,10,31,9,45,879
41,2003-06-01,771,12,33,7,48,871
42,2003-07-01,780,10,36,7,50,883
43,2003-08-01,782,12,35,7,52,888
44,2003-09-01,894,14,36,6,51,1001
45,2003-10-01,921,16,42,5,57,1041
46,2003-11-01,928,16,38,5,63,1050
47,2003-12-01,933,15,43,7,67,1065
48,2004-01-01,882,15,44,6,68,1015
49,2004-02-01,881,17,48,7,69,1022
50,2004-03-01,891,20,53,7,71,1042
51,2004-04-01,948,24,52,7,67,1098
52,2004-05-01,925,26,55,6,69,1081
53,2004-06-01,688,26,60,6,67,847
54,2004-07-01,703,25,105,6,88,927
55,2004-08-01,695,24,106,7,95,927
56,2004-09-01,832,25,108,7,100,1072
57,2004-10-01,871,24,108,8,101,1112
58,2004-11-01,917,23,112,10,100,1162
59,2004-12-01,896,24,122,11,106,1159
60,2005-01-01,799,26,121,14,123,1083
61,2005-02-01,861,27,131,15,133,1167
62,2005-03-01,908,26,138,15,142,1229
63,2005-04-01,838,28,143,18,152,1179
64,2005-05-01,786,28,151,21,160,1146
65,2005-06-01,794,28,149,22,165,1158
66,2005-07-01,803,29,113,23,170,1138
67,2005-08-01,863,29,124,28,182,1226
68,2005-09-01,922,34,136,36,200,1328
69,2005-10-01,974,36,145,45,214,1414
70,2005-11-01,1079,38,175,51,232,1575
71,2005-12-01,1141,43,198,54,260,1696
72,2006-01-01,1097,42,224,55,274,1692
73,2006-02-01,1265,46,247,68,298,1924
74,2006-03-01,1453,52,277,82,315,2179
75,2006-04-01,1556,62,362,88,347,2415
76,2006-05-01,1603,78,391,100,382,2554
77,2006-06-01,1665,86,432,117,429,2729
78,2006-07-01,1823,93,464,133,476,2989
79,2006-08-01,1841,102,504,135,511,3093
80,2006-09-01,2044,108,535,156,587,3430
81,2006-10-01,2097,113,575,170,652,3607
82,2006-11-01,2485,126,612,179,694,4096
83,2006-12-01,2598,129,654,192,743,4316
84,2007-01-01,2596,145,662,207,776,4386
85,2007-02-01,3063,145,694,216,802,4920
86,2007-03-01,3284,146,778,226,830,5264
87,2007-04-01,3380,152,820,233,901,5486
88,2007-05-01,3407,148,823,253,934,5565
89,2007-06-01,3491,141,852,256,965,5705
90,2007-07-01,3478,143,850,260,967,5698
91,2007-08-01,3539,147,860,270,982,5798
92,2007-09-01,3591,146,868,299,961,5865
93,2007-10-01,3729,146,882,315,972,6044
94,2007-11-01,3687,147,895,332,998,6059
95,2007-12-01,3539,149,961,340,995,5984
96,2008-01-01,3511,150,984,345,997,5987
97,2008-02-01,3854,151,1007,352,994,6358
98,2008-03-01,3819,154,1051,354,1039,6417
99,2008-04-01,3725,162,1106,369,1023,6385
100,2008-05-01,3720,166,1079,364,1034,6363
101,2008-06-01,3665,165,1095,360,1052,6337
102,2008-07-01,3634,160,1127,373,1080,6374
103,2008-08-01,3627,157,1157,376,1110,6427
104,2008-09-01,3626,162,1171,371,1114,6444
105,2008-10-01,3734,176,1189,370,1116,6585
106,2008-11-01,4007,208,1227,371,1135,6948
107,2008-12-01,3782,227,1317,377,1162,6865
108,2009-01-01,3818,221,1319,379,1193,6930
109,2009-02-01,4212,224,1324,399,1209,7368
110,2009-03-01,3975,235,1341,420,1199,7170
111,2009-04-01,3961,240,1417,408,1297,7323
112,2009-05-01,3818,240,1409,405,1311,7183
113,2009-06-01,3737,244,1435,415,1260,7091
114,2009-07-01,3766,249,1414,415,1211,7055
115,2009-08-01,3763,254,1390,406,1169,6982
116,2009-09-01,3862,251,1427,421,1150,7111
117,2009-10-01,4209,249,1413,430,1207,7508
118,2009-11-01,4345,222,1472,439,1229,7707
119,2009-12-01,4204,209,1451,442,1296,7602
120,2010-01-01,4203,216,1404,458,1344,7625
121,2010-02-01,4723,218,1442,471,1344,8198
122,2010-03-01,4984,209,1515,472,1385,8565
123,2010-04-01,4799,201,1618,492,1329,8439
124,2010-05-01,4743,208,1597,505,1308,8361
125,2010-06-01,4845,209,1648,504,1383,8589
126,2010-07-01,4891,202,1712,513,1419,8737
127,2010-08-01,4909,207,1760,549,1470,8895
128,2010-09-01,5000,207,1788,609,1528,9132
129,2010-10-01,5313,213,1862,659,1615,9662
130,2010-11-01,5631,222,1913,712,1703,10181
131,2010-12-01,5391,235,2018,755,1827,10226
132,2011-01-01,5179,242,2062,782,1852,10117
133,2011-02-01,5160,243,2171,816,1959,10349
134,2011-03-01,5712,250,2235,874,1984,11055
135,2011-04-01,5418,256,2282,880,2055,10891
136,2011-05-01,5290,263,2262,884,2199,10898
137,2011-06-01,5148,266,2239,884,2306,10843
138,2011-07-01,5208,262,2223,897,2297,10887
139,2011-08-01,5175,263,2227,902,2307,10874
140,2011-09-01,5374,265,2216,894,2312,11061
141,2011-10-01,5618,270,2241,890,2341,11360
142,2011-11-01,5850,272,2265,875,2462,11724
143,2011-12-01,5603,270,2259,950,2434,11516
144,2012-01-01,5396,269,2240,949,2409,11263
145,2012-02-01,6056,263,2228,1001,2471,12019
146,2012-03-01,6205,267,2296,1034,2558,12360
147,2012-04-01,6016,284,2299,1064,2674,12337
148,2012-05-01,5847,303,2258,1066,2677,12151
149,2012-06-01,5879,319,2278,1081,2565,12122
150,2012-07-01,5821,317,2311,1089,2616,12154
151,2012-08-01,5863,312,2325,1115,2689,12304
152,2012-09-01,5915,305,2355,1138,2717,12430
153,2012-10-01,6268,298,2347,1181,2781,12875
154,2012-11-01,6219,303,2363,1207,2771,12863
155,2012-12-01,6193,294,2418,1115,2741,12761
156,2013-01-01,5991,295,2391,1120,2682,12479
157,2013-02-01,6183,299,2366,1138,2746,12732
158,2013-03-01,6485,298,2386,1181,2817,13167
159,2013-04-01,6458,296,2370,1196,2836,13156
160,2013-05-01,6244,297,2334,1204,2851,12930
161,2013-06-01,6129,299,2369,1210,2828,12835
162,2013-07-01,6137,307,2359,1216,2799,12818
163,2013-08-01,6051,329,2332,1241,2850,12803
164,2013-09-01,6214,333,2303,1310,2941,13101
165,2013-10-01,6855,351,2279,1325,2983,13793
166,2013-11-01,6971,352,2252,1354,2960,13889
167,2013-12-01,6946,370,2180,1342,3059,13897
168,2014-01-01,6586,367,2130,1340,3049,13472
169,2014-02-01,6692,357,2128,1365,3202,13744
170,2014-03-01,6697,372,2178,1389,3227,13863
171,2014-04-01,6568,378,2268,1396,3231,13841
172,2014-05-01,6360,380,2174,1384,3177,13475
173,2014-06-01,6211,369,2128,1316,3154,13178
174,2014-07-01,6179,361,2044,1306,3108,12998
175,2014-08-01,6159,346,1968,1256,2991,12720
176,2014-09-01,6196,340,1951,1224,2944,12655
177,2014-10-01,6493,325,1970,1241,2911,12940
178,2014-11-01,6514,315,1995,1248,2925,12997
179,2014-12-01,6101,313,2010,1280,2967,12671
180,2015-01-01,5847,328,2009,1319,2978,12481
181,2015-02-01,6128,326,2001,1358,3052,12865
182,2015-03-01,5978,318,1983,1409,3046,12734
183,2015-04-01,6030,304,2096,1392,3164,12986
184,2015-05-01,5916,286,1986,1329,3066,12583
185,2015-06-01,5782,277,1967,1330,3008,12364
186,2015-07-01,5767,269,1937,1353,2986,12312
187,2015-08-01,5748,274,1964,1415,3075,12476
188,2015-09-01,5895,265,1977,1511,3138,12786
189,2015-10-01,6232,259,1977,1762,3319,13549
190,2015-11-01,6226,257,1965,1954,3446,13848
191,2015-12-01,6051,263,1929,1871,3533,13647
192,2016-01-01,5829,233,1914,1871,3561,13408
193,2016-02-01,5731,225,1898,2003,3615,13472
194,2016-03-01,5521,223,2033,2097,3604,13478
195,2016-04-01,5546,248,2016,2240,3546,13596
196,2016-05-01,5631,270,1984,2206,3553,13644
197,2016-06-01,5617,268,2011,2227,3544,13667
198,2016-07-01,5715,274,2052,2293,3574,13908
199,2016-08-01,5643,270,2044,2502,3674,14133
200,2016-09-01,5853,279,2060,2761,3697,14650
201,2016-10-01,6211,293,2075,3061,3710,15350
202,2016-11-01,6234,351,2169,3063,3736,15553
203,2016-12-01,6325,350,2189,3128,3992,15984
204,2017-01-01,6060,352,2188,3149,3971,15720
205,2017-02-01,6242,349,2282,3218,3925,16016
206,2017-03-01,6365,356,2434,3234,4030,16419
207,2017-04-01,6530,365,2482,3013,4180,16570
208,2017-05-01,6325,363,2365,3032,4165,16250
209,2017-06-01,6226,353,2459,3029,4200,16267
210,2017-07-01,6249,350,2429,2997,4290,16315
211,2017-08-01,6229,362,2434,3127,4227,16379
212,2017-09-01,6459,366,2436,3423,4242,16926
213,2017-10-01,6514,374,2483,3566,4385,17322
214,2017-11-01,6496,390,2576,3433,4459,17354
215,2017-12-01,6305,387,2650,3390,4328,17060
216,2018-01-01,6009,360,2687,3420,4164,16640
217,2018-02-01,6195,367,2643,3490,4186,16881
218,2018-03-01,6270,366,2634,3331,4197,16798
219,2018-04-01,6227,375,2636,3169,4122,16529
220,2018-05-01,6199,382,2630,3113,4227,16551
221,2018-06-01,6203,383,2587,3081,4286,16540
222,2018-07-01,6160,387,2549,3097,4226,16419
223,2018-08-01,6168,450,2569,3400,4255,16842
224,2018-09-01,6185,455,2589,3557,4369,17155
225,2018-10-01,6405,461,2569,3441,4410,17286
226,2018-11-01,6350,446,2614,3846,4568,17824
227,2018-12-01,6155,455,2605,3767,4578,17560
228,2019-01-01,5915,454,2569,3816,4473,17227
229,2019-02-01,6209,443,2577,3757,4502,17488
230,2019-03-01,6382,446,2614,3667,4571,17680
231,2019-04-01,6545,477,2717,3573,4669,17981
232,2019-05-01,6476,497,2833,3494,4650,17950
233,2019-06-01,6351,496,2820,3492,4702,17861
234,2019-07-01,6326,489,2806,3480,4736,17837
235,2019-08-01,6233,430,2799,3365,4789,17616
236,2019-09-01,6454,418,2789,3297,4661,17619
237,2019-10-01,6781,405,2819,3169,4655,17829
238,2019-11-01,6967,404,3002,2974,4724,18071
239,2019-12-01,6939,393,2983,2838,4733,17886
240,2020-01-01,6620,382,2977,2707,4567,17253
241,2020-02-01,7048,374,2900,2698,4503,17523
242,2020-03-01,7093,376,2867,2609,4615,17560
243,2020-04-01,7158,350,3175,2518,4860,18061
244,2020-05-01,7530,346,3351,2505,5049,18781
245,2020-06-01,7688,310,3515,2604,5083,19200
246,2020-07-01,7895,325,3595,2678,5440,19933
247,2020-08-01,7997,319,3555,2730,5416,20017
248,2020-09-01,8307,335,3538,2952,5545,20677
249,2020-10-01,8576,370,3563,3159,5732,21400
250,2020-11-01,8998,412,3538,3451,5894,22293
251,2020-12-01,9008,432,4006,3531,6068,23045
252,2021-01-01,8881,436,4107,3621,6224,23269
253,2021-02-01,9258,441,4187,3670,6643,24199
254,2021-03-01,9544,444,4273,3891,6831,24983
255,2021-04-01,9639,482,4320,3875,6999,25315
256,2021-05-01,9124,487,4395,3929,6959,24894
257,2021-06-01,8885,489,4079,4034,7038,24525
258,2021-07-01,8708,480,4012,4103,6755,24058
259,2021-08-01,8641,472,3905,4225,6854,24097
260,2021-09-01,8817,484,3911,4407,6889,24508
261,2021-10-01,9187,460,3938,4381,7053,25019
262,2021-11-01,8842,470,3977,4139,7186,24614
263,2021-12-01,8556,467,3997,4198,7373,24591
264,2022-01-01,8312,462,3814,4062,7255,23905
265,2022-02-01,8853,452,3766,4110,7144,24325
