MClusterID,XClusterID,MClusterSize,XClusterSize,OverlapSize,OverlapMembers,MOnlySize,MOnlyMembers,XOnlySize,XOnlyMembers,CombinedSize,CombinedMembers
1,58,190,187,181,"['pforyt', 'cgarcia', 'peacful_joh', 'nnosavan', 'jls914', 'hkim', 'hsiaochi', 'axiao', 'cleung', 'darkmetal505', 'mwhitesides', 'tgrimm17', 'kliu', 'clawlor', 'camasney', 'jcs311', 'ruchino', 'Sbehnke', 'etrivedi', 'tgilbert', 'tshastry', 'csprangers', 'AlexMorgan', 'golightly112', 'yatakui', 'cyu', 'lbettag', 'mfritz', 'jheppermann', 'goh07', 'cwa653', 'ashlyprincess', 'nborzym', 'cmehta', 'nflammer', 'jnam', 'sramalingam', 'wfm289', 'twang23', 'ggrocke', 'alexjud', 'clishea18', 'ahu22B', 'rbrock', 'eabrams', 'mmehta', 'dkim', 'jbenjy8', 'csieber', 'aviollt', 'mrr869', 'jbenjy88', 'catherine', 'kmm134', 'sumeethj', 'yfatemi', 'ggadodia', 'cschonberg', 'kvargas', 'scai', 'nshabeeb', 'bbanss13', 'stumuluru', 'chrissemple', 'lhan', 'mikeispt108', 'luyaozers', 'aml404', 'tgrant', 'jpez', 'scope', 'kwang', 'ahu22b', 'pfellenz', 'jholcomb', 'lmason', 'bugaboo0036', 'jbanga', 'akern', 'jjs390', 'bscallon', 'lholyoke', 'mkevb1', 'dschuster', 'ka', 'mayra', 'achen', 'ewali', 'nrastogi', 'abhatt2007', 'lfredin', 'alyu', 'rblee88', 'cteng', 'dpai', 'tjohnson', 'nsyed', 'zbergman', 'NBailey', 'srn779', 'iabdala', 'egaray', 'rmalecky', 'relic12', 'ldsegall', 'quangcle', 'jla906', 'dmritard96', 'JCLIN', 'cbernardo', 'mike67876', 'rsanchez', 'dsm661', 'klee', 'frizz1010', 'dennisbluver', 'rcwang', 'jsk719', 'ncrenshaw', 'ahood', 'kkim', 'htk351', 'aha552', 'mpark', 'dlorenzini', 'ekennedy', 'icharles', 'cblumen1', 'kkurda', 'liangcui', 'lidias', 'avohra', 'bkang', 'ku8809no', 'LidiaS', 'kwhite', 'lnezirova', 'lkoehler', 'jmbachu', 'ckusel', 'kpmarcelino', 'eah635', 'pkasen', 'cchang', 'mlembo', 'ccook', 'phanna', 'jclin', 'sstrasser', 'afr422', 'djohanson', 'dlc916', 'ayousef', 'ras446', 'mquayyum', 'malperin', 'sarvis', 'vktdm111', 'akileshhonasoge', 'raga07', 'jfroberg', 'olui', 'dsutich', 'kpie1', 'parkerjessup1', 'KA', 'vkb217', 'sbehnke', 'Lgilbert', 'bebe', 'stephenachao', 'shezzoid542', 'glewis07', 'kjohnson', 'ssawlani', 'tchaudhry', 'karkaputto', 'nbasu', 'skatragadda', 'cellis', 'sespinoza2589']",9,"['Molly_Kuhlman', 'ahadley', 'smishra', 'j_carver2005', 'ejm', 'heatherw', 'gowens', 'mprovors', 'klang85']",6,"['jheide', 'emathieson', 'slhatch', 'mmapodaca', 'Peacful_Joh', 'jroden']",196,"['pforyt', 'cgarcia', 'peacful_joh', 'jls914', 'axiao', 'darkmetal505', 'tgrimm17', 'kliu', 'jcs311', 'ahadley', 'Sbehnke', 'tshastry', 'AlexMorgan', 'cyu', 'yatakui', 'jheppermann', 'ashlyprincess', 'cmehta', 'jnam', 'ggrocke', 'twang23', 'sramalingam', 'clishea18', 'eabrams', 'csieber', 'aviollt', 'mrr869', 'catherine', 'sumeethj', 'ejm', 'nshabeeb', 'scai', 'aml404', 'scope', 'kwang', 'jholcomb', 'pfellenz', 'ahu22b', 'lmason', 'jbanga', 'akern', 'jjs390', 'bscallon', 'dschuster', 'mkevb1', 'ka', 'lfredin', 'cteng', 'nsyed', 'NBailey', 'srn779', 'iabdala', 'ldsegall', 'quangcle', 'heatherw', 'mike67876', 'klee', 'frizz1010', 'rcwang', 'jsk719', 'ahood', 'kkim', 'aha552', 'mpark', 'cblumen1', 'ekennedy', 'lidias', 'bkang', 'ku8809no', 'kwhite', 'jmbachu', 'lkoehler', 'ckusel', 'kpmarcelino', 'pkasen', 'mlembo', 'phanna', 'vktdm111', 'akileshhonasoge', 'olui', 'kpie1', 'parkerjessup1', 'KA', 'vkb217', 'sbehnke', 'shezzoid542', 'jheide', 'ssawlani', 'karkaputto', 'nbasu', 'cellis', 'ras446', 'mprovors', 'nnosavan', 'hkim', 'hsiaochi', 'cleung', 'mwhitesides', 'clawlor', 'camasney', 'ruchino', 'tgilbert', 'etrivedi', 'golightly112', 'csprangers', 'lbettag', 'mfritz', 'goh07', 'cwa653', 'nborzym', 'nflammer', 'wfm289', 'alexjud', 'Peacful_Joh', 'ahu22B', 'rbrock', 'mmehta', 'jbenjy8', 'dkim', 'smishra', 'klang85', 'jbenjy88', 'kmm134', 'yfatemi', 'ggadodia', 'j_carver2005', 'cschonberg', 'kvargas', 'bbanss13', 'stumuluru', 'chrissemple', 'lhan', 'mikeispt108', 'luyaozers', 'tgrant', 'jpez', 'bugaboo0036', 'lholyoke', 'achen', 'nrastogi', 'mayra', 'ewali', 'abhatt2007', 'Molly_Kuhlman', 'alyu', 'rblee88', 'dpai', 'emathieson', 'mmapodaca', 'tjohnson', 'gowens', 'zbergman', 'egaray', 'rmalecky', 'relic12', 'jla906', 'dmritard96', 'JCLIN', 'cbernardo', 'rsanchez', 'dsm661', 'dennisbluver', 'ncrenshaw', 'slhatch', 'htk351', 'dlorenzini', 'icharles', 'kkurda', 'liangcui', 'avohra', 'LidiaS', 'lnezirova', 'eah635', 'cchang', 'ccook', 'jclin', 'sstrasser', 'afr422', 'ayousef', 'djohanson', 'dlc916', 'mquayyum', 'malperin', 'sarvis', 'raga07', 'jfroberg', 'dsutich', 'Lgilbert', 'jroden', 'bebe', 'stephenachao', 'glewis07', 'kjohnson', 'tchaudhry', 'skatragadda', 'sespinoza2589']"
1,41,190,168,154,"['pforyt', 'cgarcia', 'peacful_joh', 'nnosavan', 'jls914', 'hkim', 'hsiaochi', 'axiao', 'cleung', 'darkmetal505', 'mwhitesides', 'tgrimm17', 'kliu', 'clawlor', 'camasney', 'jcs311', 'ruchino', 'tgilbert', 'tshastry', 'golightly112', 'AlexMorgan', 'yatakui', 'cyu', 'mfritz', 'jheppermann', 'ashlyprincess', 'nborzym', 'cmehta', 'nflammer', 'jnam', 'sramalingam', 'wfm289', 'twang23', 'ggrocke', 'alexjud', 'clishea18', 'rbrock', 'eabrams', 'mmehta', 'dkim', 'jbenjy8', 'smishra', 'csieber', 'aviollt', 'mrr869', 'catherine', 'kmm134', 'sumeethj', 'yfatemi', 'ggadodia', 'cschonberg', 'kvargas', 'scai', 'nshabeeb', 'bbanss13', 'stumuluru', 'chrissemple', 'mikeispt108', 'luyaozers', 'aml404', 'tgrant', 'jpez', 'scope', 'kwang', 'ahu22b', 'pfellenz', 'jholcomb', 'lmason', 'bugaboo0036', 'jbanga', 'akern', 'jjs390', 'bscallon', 'lholyoke', 'mkevb1', 'dschuster', 'ka', 'mayra', 'ewali', 'nrastogi', 'alyu', 'rblee88', 'cteng', 'dpai', 'gowens', 'zbergman', 'srn779', 'egaray', 'rmalecky', 'relic12', 'ldsegall', 'quangcle', 'jla906', 'dmritard96', 'cbernardo', 'mike67876', 'rsanchez', 'klee', 'dennisbluver', 'rcwang', 'jsk719', 'ncrenshaw', 'ahood', 'kkim', 'htk351', 'mpark', 'dlorenzini', 'ekennedy', 'cblumen1', 'kkurda', 'liangcui', 'lidias', 'avohra', 'bkang', 'ku8809no', 'LidiaS', 'kwhite', 'lnezirova', 'lkoehler', 'jmbachu', 'ckusel', 'eah635', 'pkasen', 'cchang', 'mlembo', 'ccook', 'phanna', 'jclin', 'sstrasser', 'afr422', 'djohanson', 'dlc916', 'mquayyum', 'malperin', 'vktdm111', 'akileshhonasoge', 'raga07', 'jfroberg', 'olui', 'dsutich', 'parkerjessup1', 'vkb217', 'sbehnke', 'Lgilbert', 'bebe', 'stephenachao', 'glewis07', 'kjohnson', 'ssawlani', 'tchaudhry', 'karkaputto', 'nbasu', 'skatragadda', 'cellis']",36,"['lfredin', 'jbenjy88', 'Molly_Kuhlman', 'mprovors', 'icharles', 'j_carver2005', 'ejm', 'tjohnson', 'nsyed', 'NBailey', 'kpmarcelino', 'iabdala', 'ahadley', 'Sbehnke', 'etrivedi', 'lhan', 'csprangers', 'ayousef', 'lbettag', 'cwa653', 'goh07', 'sarvis', 'JCLIN', 'kpie1', 'heatherw', 'ahu22B', 'KA', 'dsm661', 'shezzoid542', 'frizz1010', 'achen', 'abhatt2007', 'aha552', 'ras446', 'sespinoza2589', 'klang85']",14,"['nbailey', None, 'udu358', 'yah202', 'jheide', 'stummala', 'vincentchou', 'jra696', 'jcamden', 'emathieson', 'GreekKobe33', 'mldunham', 'aloveridge', 'cyteng']",204,"['pforyt', 'cgarcia', 'peacful_joh', 'jls914', 'axiao', 'darkmetal505', 'tgrimm17', 'kliu', 'jcs311', 'ahadley', 'Sbehnke', 'tshastry', 'AlexMorgan', 'cyu', 'yatakui', 'aloveridge', 'jheppermann', 'ashlyprincess', 'cmehta', 'jnam', 'ggrocke', 'twang23', 'sramalingam', 'clishea18', 'eabrams', 'csieber', 'aviollt', 'mrr869', 'catherine', 'sumeethj', 'ejm', 'nshabeeb', 'scai', 'aml404', 'scope', 'kwang', 'jholcomb', 'pfellenz', 'ahu22b', 'lmason', 'jbanga', 'akern', 'jjs390', 'bscallon', 'dschuster', 'mkevb1', 'ka', 'GreekKobe33', 'lfredin', 'cteng', 'nsyed', 'NBailey', 'srn779', 'iabdala', 'cyteng', 'ldsegall', 'quangcle', 'heatherw', 'mike67876', 'klee', 'frizz1010', 'rcwang', 'jsk719', 'ahood', 'jcamden', 'kkim', 'aha552', 'mpark', 'cblumen1', 'ekennedy', 'lidias', 'bkang', 'ku8809no', 'kwhite', 'jmbachu', 'lkoehler', 'ckusel', 'kpmarcelino', 'pkasen', 'mlembo', 'phanna', 'vktdm111', 'akileshhonasoge', 'olui', 'kpie1', 'parkerjessup1', 'KA', 'vkb217', 'sbehnke', None, 'nbailey', 'shezzoid542', 'jheide', 'ssawlani', 'karkaputto', 'nbasu', 'cellis', 'ras446', 'mprovors', 'udu358', 'nnosavan', 'hkim', 'hsiaochi', 'cleung', 'mwhitesides', 'clawlor', 'camasney', 'ruchino', 'tgilbert', 'etrivedi', 'golightly112', 'csprangers', 'lbettag', 'mfritz', 'goh07', 'cwa653', 'nborzym', 'nflammer', 'wfm289', 'alexjud', 'ahu22B', 'rbrock', 'mmehta', 'jbenjy8', 'dkim', 'smishra', 'klang85', 'jbenjy88', 'kmm134', 'yfatemi', 'ggadodia', 'j_carver2005', 'cschonberg', 'kvargas', 'bbanss13', 'stummala', 'stumuluru', 'chrissemple', 'lhan', 'mikeispt108', 'luyaozers', 'tgrant', 'jpez', 'bugaboo0036', 'mldunham', 'lholyoke', 'achen', 'nrastogi', 'mayra', 'ewali', 'abhatt2007', 'Molly_Kuhlman', 'alyu', 'yah202', 'rblee88', 'dpai', 'emathieson', 'tjohnson', 'gowens', 'zbergman', 'jra696', 'egaray', 'rmalecky', 'relic12', 'jla906', 'dmritard96', 'JCLIN', 'cbernardo', 'rsanchez', 'dsm661', 'dennisbluver', 'ncrenshaw', 'htk351', 'dlorenzini', 'icharles', 'kkurda', 'liangcui', 'avohra', 'LidiaS', 'lnezirova', 'eah635', 'cchang', 'ccook', 'jclin', 'sstrasser', 'afr422', 'ayousef', 'djohanson', 'dlc916', 'mquayyum', 'malperin', 'sarvis', 'raga07', 'vincentchou', 'jfroberg', 'dsutich', 'Lgilbert', 'bebe', 'stephenachao', 'glewis07', 'kjohnson', 'tchaudhry', 'skatragadda', 'sespinoza2589']"
1,59,190,9,6,"['Molly_Kuhlman', 'ahadley', 'j_carver2005', 'ejm', 'heatherw', 'klang85']",184,"['pforyt', 'cgarcia', 'peacful_joh', 'nnosavan', 'jls914', 'hkim', 'hsiaochi', 'axiao', 'cleung', 'darkmetal505', 'mwhitesides', 'tgrimm17', 'kliu', 'clawlor', 'camasney', 'jcs311', 'ruchino', 'Sbehnke', 'tgilbert', 'etrivedi', 'tshastry', 'golightly112', 'AlexMorgan', 'csprangers', 'cyu', 'yatakui', 'lbettag', 'mfritz', 'jheppermann', 'goh07', 'cwa653', 'ashlyprincess', 'nborzym', 'cmehta', 'nflammer', 'jnam', 'ggrocke', 'wfm289', 'twang23', 'sramalingam', 'alexjud', 'clishea18', 'ahu22B', 'rbrock', 'eabrams', 'mmehta', 'jbenjy8', 'dkim', 'smishra', 'sespinoza2589', 'csieber', 'aviollt', 'mrr869', 'jbenjy88', 'catherine', 'kmm134', 'sumeethj', 'yfatemi', 'ggadodia', 'cschonberg', 'kvargas', 'nshabeeb', 'scai', 'bbanss13', 'stumuluru', 'chrissemple', 'lhan', 'mikeispt108', 'luyaozers', 'aml404', 'tgrant', 'jpez', 'scope', 'kwang', 'jholcomb', 'pfellenz', 'ahu22b', 'lmason', 'bugaboo0036', 'jbanga', 'akern', 'jjs390', 'bscallon', 'lholyoke', 'dschuster', 'achen', 'nrastogi', 'mayra', 'ka', 'ewali', 'mkevb1', 'abhatt2007', 'cellis', 'lfredin', 'alyu', 'rblee88', 'cteng', 'dpai', 'tjohnson', 'nsyed', 'gowens', 'zbergman', 'NBailey', 'srn779', 'iabdala', 'egaray', 'rmalecky', 'ldsegall', 'relic12', 'quangcle', 'jla906', 'dmritard96', 'JCLIN', 'cbernardo', 'mike67876', 'rsanchez', 'klee', 'dsm661', 'frizz1010', 'dennisbluver', 'rcwang', 'ncrenshaw', 'jsk719', 'ahood', 'kkim', 'htk351', 'aha552', 'mpark', 'dlorenzini', 'cblumen1', 'ekennedy', 'kkurda', 'icharles', 'liangcui', 'lidias', 'avohra', 'bkang', 'ku8809no', 'LidiaS', 'kwhite', 'lnezirova', 'jmbachu', 'lkoehler', 'ckusel', 'kpmarcelino', 'pkasen', 'eah635', 'mlembo', 'cchang', 'ccook', 'jclin', 'sstrasser', 'phanna', 'afr422', 'ayousef', 'djohanson', 'dlc916', 'mquayyum', 'malperin', 'vktdm111', 'akileshhonasoge', 'sarvis', 'raga07', 'jfroberg', 'olui', 'dsutich', 'kpie1', 'parkerjessup1', 'KA', 'vkb217', 'sbehnke', 'Lgilbert', 'bebe', 'stephenachao', 'shezzoid542', 'glewis07', 'kjohnson', 'ssawlani', 'tchaudhry', 'karkaputto', 'nbasu', 'skatragadda', 'ras446', 'mprovors']",3,"['ejblaesi', None, 'cmaikens']",193,"['pforyt', 'cgarcia', 'peacful_joh', 'nnosavan', 'jls914', 'hkim', 'hsiaochi', 'axiao', 'cleung', 'darkmetal505', 'mwhitesides', 'tgrimm17', 'kliu', 'clawlor', 'camasney', 'jcs311', 'ruchino', 'ahadley', 'Sbehnke', 'tgilbert', 'etrivedi', 'tshastry', 'golightly112', 'AlexMorgan', 'csprangers', 'cyu', 'yatakui', 'lbettag', 'mfritz', 'jheppermann', 'goh07', 'cwa653', 'ashlyprincess', 'nborzym', 'cmehta', 'nflammer', 'jnam', 'ggrocke', 'wfm289', 'twang23', 'sramalingam', 'alexjud', 'clishea18', 'ahu22B', 'rbrock', 'eabrams', 'mmehta', 'jbenjy8', 'dkim', 'smishra', 'sespinoza2589', 'ejblaesi', 'csieber', 'aviollt', 'mrr869', 'klang85', 'jbenjy88', 'catherine', 'kmm134', 'sumeethj', 'yfatemi', 'ggadodia', 'j_carver2005', 'ejm', 'cschonberg', 'kvargas', 'nshabeeb', 'scai', 'bbanss13', 'stumuluru', 'chrissemple', 'lhan', 'mikeispt108', 'luyaozers', 'aml404', 'tgrant', 'jpez', 'scope', 'kwang', 'jholcomb', 'pfellenz', 'ahu22b', 'lmason', 'bugaboo0036', 'jbanga', 'akern', 'jjs390', 'bscallon', 'lholyoke', 'dschuster', 'achen', 'nrastogi', 'mayra', 'ka', 'ewali', 'mkevb1', 'abhatt2007', 'cellis', 'lfredin', 'Molly_Kuhlman', 'alyu', 'rblee88', 'cteng', 'dpai', 'tjohnson', 'nsyed', 'gowens', 'zbergman', 'NBailey', 'srn779', 'iabdala', 'egaray', 'rmalecky', 'ldsegall', 'relic12', 'quangcle', 'jla906', 'dmritard96', 'JCLIN', 'heatherw', 'cbernardo', 'mike67876', 'rsanchez', 'klee', 'dsm661', 'frizz1010', 'dennisbluver', 'rcwang', 'ncrenshaw', 'jsk719', 'ahood', 'kkim', 'htk351', 'aha552', 'mpark', 'dlorenzini', 'cblumen1', 'ekennedy', 'kkurda', 'icharles', 'cmaikens', 'liangcui', 'lidias', 'avohra', 'bkang', 'ku8809no', 'LidiaS', 'kwhite', 'lnezirova', 'jmbachu', 'lkoehler', 'ckusel', 'kpmarcelino', 'pkasen', 'eah635', 'mlembo', 'cchang', 'ccook', 'jclin', 'sstrasser', 'phanna', 'afr422', 'ayousef', 'djohanson', 'dlc916', 'mquayyum', 'malperin', 'vktdm111', 'akileshhonasoge', 'sarvis', 'raga07', 'jfroberg', 'olui', 'dsutich', 'kpie1', 'parkerjessup1', 'KA', 'vkb217', 'sbehnke', 'Lgilbert', 'bebe', 'stephenachao', None, 'shezzoid542', 'glewis07', 'kjohnson', 'ssawlani', 'tchaudhry', 'karkaputto', 'nbasu', 'skatragadda', 'ras446', 'mprovors']"
2,54,69,75,64,"['jaccy', 'kknutson', 'rbhobe', 'cdaigle', 'jasonlin', 'oliviawei', 'shuhu', 'dschou', 'alsune', 'rajmisra', 'darylng', 'jeonjin7', 'nefcy', 'shengliu', 'tpslele', 'aaronl', 'mayur20', 'nikit', 'khm98', 'tfcheng', 'idimen', 'pardalan', 'KoalaBlue1', 'hrlee', 'vijayp', 'changwa', 'xhl20', 'eriki', 'youngy', 'mullings', 'zihong', 'tila', 'ee94040', 'srivats9117', 'zhuzhouyuan02', 'jonrviper', '04925848a', 'ngyoung', 'lthoon', 'nitindua', 'jliu86', 'jwf', 'ytcheng', 'tzonghan', 'indepj', 'npradhan', 'vijayfrancis7', 'talk2stars', 'yongpark', 'aniveditha', 'yoneoka', 'maduncan', 'rawisraw', 'yenchuyang', 'jayparker', 'hailiangmars', 'bclim', 'tsewang', 'dseo80', 'kosar', 'derek502', 'tskim1', 'erichoke', 'samehgalal']",4,"['dvangogh', 'Gugiyu', 'jrhahn1', 'cjhsieh']",11,"['jrileyEE218', None, 'jprao', 'milesteg14', 'Zihong', 'akpec', 'mbibee', 'dawsonwong', 'arjun85', 'farazhb', 'elaineo']",79,"['jrileyEE218', 'cdaigle', 'jasonlin', 'oliviawei', 'alsune', 'rajmisra', 'darylng', 'tpslele', 'aaronl', 'nikit', 'idimen', 'hrlee', 'changwa', 'eriki', 'Zihong', 'arjun85', 'zihong', 'tila', 'ee94040', 'zhuzhouyuan02', 'jprao', '04925848a', 'lthoon', 'nitindua', 'jliu86', 'yongpark', 'aniveditha', 'jayparker', 'jrhahn1', 'hailiangmars', 'bclim', 'mbibee', 'erichoke', 'samehgalal', 'jaccy', 'kknutson', 'rbhobe', 'shuhu', 'dschou', 'jeonjin7', 'nefcy', 'shengliu', 'dawsonwong', 'mayur20', 'khm98', 'tfcheng', 'pardalan', 'KoalaBlue1', 'cjhsieh', 'vijayp', 'xhl20', 'youngy', 'akpec', 'mullings', 'srivats9117', 'dvangogh', 'jonrviper', 'ngyoung', 'jwf', 'ytcheng', 'tzonghan', 'Gugiyu', 'indepj', 'npradhan', 'vijayfrancis7', 'talk2stars', 'farazhb', None, 'elaineo', 'yoneoka', 'maduncan', 'rawisraw', 'yenchuyang', 'tsewang', 'dseo80', 'kosar', 'milesteg14', 'derek502', 'tskim1']"
2,55,69,72,63,"['jaccy', 'kknutson', 'rbhobe', 'shuhu', 'jasonlin', 'oliviawei', 'dschou', 'alsune', 'rajmisra', 'darylng', 'jeonjin7', 'nefcy', 'shengliu', 'tpslele', 'aaronl', 'mayur20', 'nikit', 'tfcheng', 'khm98', 'idimen', 'pardalan', 'KoalaBlue1', 'hrlee', 'vijayp', 'changwa', 'xhl20', 'eriki', 'youngy', 'mullings', 'zihong', 'tila', 'ee94040', 'srivats9117', 'zhuzhouyuan02', 'jonrviper', '04925848a', 'ngyoung', 'lthoon', 'nitindua', 'jliu86', 'jwf', 'ytcheng', 'tzonghan', 'indepj', 'npradhan', 'vijayfrancis7', 'talk2stars', 'yongpark', 'aniveditha', 'yoneoka', 'maduncan', 'rawisraw', 'yenchuyang', 'jayparker', 'hailiangmars', 'bclim', 'tsewang', 'dseo80', 'kosar', 'derek502', 'tskim1', 'erichoke', 'samehgalal']",5,"['dvangogh', 'cjhsieh', 'cdaigle', 'jrhahn1', 'Gugiyu']",9,"['jrileyEE218', None, 'jprao', 'Allans123', 'Zihong', 'akpec', 'arjun85', 'farazhb', 'elaineo']",77,"['jrileyEE218', 'cdaigle', 'jasonlin', 'oliviawei', 'alsune', 'rajmisra', 'darylng', 'tpslele', 'aaronl', 'Allans123', 'nikit', 'idimen', 'hrlee', 'changwa', 'eriki', 'Zihong', 'arjun85', 'zihong', 'tila', 'ee94040', 'zhuzhouyuan02', 'jprao', '04925848a', 'lthoon', 'nitindua', 'jliu86', 'yongpark', 'aniveditha', 'jayparker', 'jrhahn1', 'hailiangmars', 'bclim', 'erichoke', 'samehgalal', 'jaccy', 'kknutson', 'rbhobe', 'shuhu', 'dschou', 'jeonjin7', 'nefcy', 'shengliu', 'mayur20', 'khm98', 'tfcheng', 'pardalan', 'KoalaBlue1', 'cjhsieh', 'vijayp', 'xhl20', 'youngy', 'akpec', 'mullings', 'srivats9117', 'dvangogh', 'jonrviper', 'ngyoung', 'jwf', 'ytcheng', 'tzonghan', 'Gugiyu', 'indepj', 'npradhan', 'vijayfrancis7', 'talk2stars', 'farazhb', None, 'elaineo', 'yoneoka', 'maduncan', 'rawisraw', 'yenchuyang', 'tsewang', 'dseo80', 'kosar', 'derek502', 'tskim1']"
2,51,69,68,61,"['jaccy', 'kknutson', 'rbhobe', 'cdaigle', 'jasonlin', 'oliviawei', 'shuhu', 'dschou', 'alsune', 'rajmisra', 'darylng', 'nefcy', 'shengliu', 'tpslele', 'aaronl', 'mayur20', 'nikit', 'khm98', 'tfcheng', 'idimen', 'pardalan', 'KoalaBlue1', 'hrlee', 'vijayp', 'changwa', 'xhl20', 'eriki', 'youngy', 'mullings', 'zihong', 'tila', 'srivats9117', 'jonrviper', 'zhuzhouyuan02', '04925848a', 'ngyoung', 'lthoon', 'nitindua', 'jliu86', 'jwf', 'ytcheng', 'tzonghan', 'indepj', 'vijayfrancis7', 'talk2stars', 'npradhan', 'aniveditha', 'yoneoka', 'maduncan', 'rawisraw', 'yenchuyang', 'jayparker', 'hailiangmars', 'bclim', 'tsewang', 'dseo80', 'kosar', 'derek502', 'tskim1', 'erichoke', 'samehgalal']",7,"['dvangogh', 'ee94040', 'cjhsieh', 'jrhahn1', 'jeonjin7', 'Gugiyu', 'yongpark']",7,"['jrileyEE218', 'farazhb', 'loudin', 'milesteg14', 'mbibee', 'dawsonwong', None]",75,"['jrileyEE218', 'cdaigle', 'jasonlin', 'oliviawei', 'alsune', 'rajmisra', 'darylng', 'tpslele', 'aaronl', 'nikit', 'idimen', 'hrlee', 'changwa', 'eriki', 'zihong', 'tila', 'ee94040', 'zhuzhouyuan02', '04925848a', 'lthoon', 'nitindua', 'jliu86', 'yongpark', 'aniveditha', 'loudin', 'jayparker', 'jrhahn1', 'hailiangmars', 'bclim', 'mbibee', 'erichoke', 'samehgalal', 'jaccy', 'kknutson', 'rbhobe', 'shuhu', 'dschou', 'jeonjin7', 'nefcy', 'shengliu', 'dawsonwong', 'mayur20', 'khm98', 'tfcheng', 'pardalan', 'KoalaBlue1', 'cjhsieh', 'vijayp', 'xhl20', 'youngy', 'mullings', 'srivats9117', 'dvangogh', 'jonrviper', 'ngyoung', 'jwf', 'ytcheng', 'tzonghan', 'Gugiyu', 'indepj', 'npradhan', 'vijayfrancis7', 'talk2stars', 'farazhb', None, 'yoneoka', 'maduncan', 'rawisraw', 'yenchuyang', 'tsewang', 'dseo80', 'kosar', 'milesteg14', 'derek502', 'tskim1']"
2,52,69,16,14,"['rawisraw', 'jaccy', 'kknutson', 'cdaigle', 'vijayp', 'jayparker', 'ytcheng', 'hailiangmars', 'eriki', 'dseo80', 'kosar', 'mullings', 'mayur20', 'nikit']",54,"['jasonlin', 'oliviawei', 'alsune', 'rajmisra', 'darylng', 'tpslele', 'aaronl', 'idimen', 'hrlee', 'changwa', 'zihong', 'tila', 'ee94040', 'zhuzhouyuan02', '04925848a', 'lthoon', 'nitindua', 'jliu86', 'yongpark', 'aniveditha', 'jrhahn1', 'bclim', 'erichoke', 'samehgalal', 'rbhobe', 'shuhu', 'dschou', 'jeonjin7', 'nefcy', 'shengliu', 'khm98', 'tfcheng', 'pardalan', 'KoalaBlue1', 'cjhsieh', 'xhl20', 'youngy', 'srivats9117', 'dvangogh', 'jonrviper', 'ngyoung', 'jwf', 'tzonghan', 'Gugiyu', 'indepj', 'npradhan', 'vijayfrancis7', 'talk2stars', 'yoneoka', 'maduncan', 'yenchuyang', 'tsewang', 'derek502', 'tskim1']",2,"[None, 'mbibee']",70,"['cdaigle', 'jasonlin', 'oliviawei', 'alsune', 'rajmisra', 'darylng', 'tpslele', 'aaronl', 'nikit', 'idimen', 'hrlee', 'changwa', 'eriki', 'zihong', 'tila', 'ee94040', 'zhuzhouyuan02', '04925848a', 'lthoon', 'nitindua', 'jliu86', 'yongpark', 'aniveditha', 'jayparker', 'jrhahn1', 'hailiangmars', 'bclim', 'mbibee', 'erichoke', 'samehgalal', 'jaccy', 'kknutson', 'rbhobe', 'shuhu', 'dschou', 'jeonjin7', 'nefcy', 'shengliu', 'mayur20', 'khm98', 'tfcheng', 'pardalan', 'KoalaBlue1', 'cjhsieh', 'vijayp', 'xhl20', 'youngy', 'mullings', 'srivats9117', 'dvangogh', 'jonrviper', 'ngyoung', 'jwf', 'ytcheng', 'tzonghan', 'Gugiyu', 'indepj', 'npradhan', 'vijayfrancis7', 'talk2stars', None, 'yoneoka', 'maduncan', 'rawisraw', 'yenchuyang', 'tsewang', 'dseo80', 'kosar', 'derek502', 'tskim1']"
3,69,35,15,12,"['hwcheng', 'getchar', 'cloud', 'apaphix', 'graphalgo', 'deathsosth', 'Littleh', 'LKy', 'pcg53747', 'eric197542', 'eencnudon', 'tcyeh']",22,"['pigguo', 'steve01903', 'arikan', 'maciekligowski', 'rmh724', 'agacosta', 'seario', 'sabbas', 'sarathcpt', 'kdeepak1984', 'coffeemate', 'sbaliga', 'jingjing', 'appeli', 'paradox', 'stacy', 'ftempasuedu', 'tjchiu', 'tjbadcock', 'rumi54', 'ryanboesch', 'kchandr5']",3,"['beznp', None, 'tarks']",37,"['pigguo', 'steve01903', 'arikan', 'maciekligowski', 'rmh724', 'hwcheng', 'cloud', 'agacosta', 'LKy', 'seario', 'beznp', 'tcyeh', 'sabbas', 'getchar', 'sarathcpt', 'kchandr5', 'Littleh', 'coffeemate', 'sbaliga', 'tarks', 'eencnudon', None, 'jingjing', 'appeli', 'apaphix', 'paradox', 'graphalgo', 'deathsosth', 'stacy', 'ftempasuedu', 'pcg53747', 'eric197542', 'tjbadcock', 'tjchiu', 'rumi54', 'ryanboesch', 'kdeepak1984']"
3,70,35,14,8,"['jingjing', 'sarathcpt', 'kchandr5', 'coffeemate', 'ftempasuedu', 'sbaliga', 'rmh724', 'kdeepak1984']",26,"['pigguo', 'steve01903', 'arikan', 'maciekligowski', 'hwcheng', 'cloud', 'agacosta', 'LKy', 'seario', 'tcyeh', 'sabbas', 'getchar', 'Littleh', 'eencnudon', 'appeli', 'apaphix', 'paradox', 'graphalgo', 'deathsosth', 'stacy', 'pcg53747', 'eric197542', 'tjbadcock', 'tjchiu', 'rumi54', 'ryanboesch']",6,"['bharanr', 'bpadman1', 'panrets', 'asgoerni', 'ahossai', None]",40,"['pigguo', 'steve01903', 'asgoerni', 'arikan', 'ahossai', 'maciekligowski', 'rmh724', 'bharanr', 'hwcheng', 'cloud', 'panrets', 'bpadman1', 'agacosta', 'LKy', 'seario', 'tcyeh', 'sabbas', 'getchar', 'sarathcpt', 'kchandr5', 'Littleh', 'coffeemate', 'sbaliga', 'eencnudon', None, 'jingjing', 'appeli', 'apaphix', 'paradox', 'graphalgo', 'deathsosth', 'stacy', 'ftempasuedu', 'pcg53747', 'eric197542', 'tjbadcock', 'tjchiu', 'rumi54', 'ryanboesch', 'kdeepak1984']"
3,66,35,10,1,['jingjing'],33,"['pigguo', 'steve01903', 'arikan', 'maciekligowski', 'rmh724', 'hwcheng', 'cloud', 'agacosta', 'LKy', 'seario', 'tcyeh', 'sabbas', 'getchar', 'sarathcpt', 'kdeepak1984', 'Littleh', 'coffeemate', 'sbaliga', 'eencnudon', 'appeli', 'apaphix', 'paradox', 'graphalgo', 'deathsosth', 'stacy', 'ftempasuedu', 'pcg53747', 'eric197542', 'tjbadcock', 'tjchiu', 'rumi54', 'ryanboesch', 'kchandr5']",9,"['bhupathikalpana', 'raamsid', 'ranjithpadidala', 'lnaveen', 'harish', 'scsong71', 'kotanaveen', None, 'moturukh']",43,"['pigguo', 'steve01903', 'arikan', 'harish', 'maciekligowski', 'rmh724', 'hwcheng', 'cloud', 'raamsid', 'lnaveen', 'agacosta', 'LKy', 'seario', 'scsong71', 'tcyeh', 'moturukh', 'sabbas', 'getchar', 'bhupathikalpana', 'ranjithpadidala', 'sarathcpt', 'kchandr5', 'Littleh', 'coffeemate', 'sbaliga', 'eencnudon', 'kotanaveen', None, 'jingjing', 'appeli', 'apaphix', 'paradox', 'graphalgo', 'deathsosth', 'stacy', 'ftempasuedu', 'pcg53747', 'eric197542', 'tjbadcock', 'tjchiu', 'rumi54', 'ryanboesch', 'kdeepak1984']"
3,67,35,7,4,"['eric197542', 'getchar', 'deathsosth', 'pcg53747']",30,"['pigguo', 'steve01903', 'arikan', 'maciekligowski', 'rmh724', 'hwcheng', 'cloud', 'agacosta', 'LKy', 'seario', 'tcyeh', 'sabbas', 'sarathcpt', 'kchandr5', 'Littleh', 'coffeemate', 'sbaliga', 'eencnudon', 'jingjing', 'appeli', 'apaphix', 'paradox', 'graphalgo', 'stacy', 'ftempasuedu', 'tjbadcock', 'tjchiu', 'rumi54', 'ryanboesch', 'kdeepak1984']",3,"['beznp', None, 'tarks']",37,"['pigguo', 'steve01903', 'arikan', 'maciekligowski', 'rmh724', 'hwcheng', 'cloud', 'agacosta', 'LKy', 'seario', 'beznp', 'tcyeh', 'sabbas', 'getchar', 'sarathcpt', 'kchandr5', 'Littleh', 'coffeemate', 'sbaliga', 'tarks', 'eencnudon', None, 'jingjing', 'appeli', 'apaphix', 'paradox', 'graphalgo', 'deathsosth', 'stacy', 'ftempasuedu', 'pcg53747', 'eric197542', 'tjbadcock', 'tjchiu', 'rumi54', 'ryanboesch', 'kdeepak1984']"
3,68,35,7,4,"['eric197542', 'deathsosth', 'eencnudon', 'pcg53747']",30,"['pigguo', 'steve01903', 'arikan', 'maciekligowski', 'rmh724', 'hwcheng', 'cloud', 'agacosta', 'LKy', 'seario', 'tcyeh', 'sabbas', 'getchar', 'sarathcpt', 'kchandr5', 'Littleh', 'coffeemate', 'sbaliga', 'jingjing', 'appeli', 'apaphix', 'paradox', 'graphalgo', 'stacy', 'ftempasuedu', 'tjbadcock', 'tjchiu', 'rumi54', 'ryanboesch', 'kdeepak1984']",3,"['beznp', None, 'tarks']",37,"['pigguo', 'steve01903', 'arikan', 'maciekligowski', 'rmh724', 'hwcheng', 'cloud', 'agacosta', 'LKy', 'seario', 'beznp', 'tcyeh', 'sabbas', 'getchar', 'sarathcpt', 'kchandr5', 'Littleh', 'coffeemate', 'sbaliga', 'tarks', 'eencnudon', None, 'jingjing', 'appeli', 'apaphix', 'paradox', 'graphalgo', 'deathsosth', 'stacy', 'ftempasuedu', 'pcg53747', 'eric197542', 'tjbadcock', 'tjchiu', 'rumi54', 'ryanboesch', 'kdeepak1984']"
4,24,30,33,24,"['svedend', 'Nicoinn', 'rozycki', 'shamsa', 'Vel0th', 'parizek', 'gokberk', 'johoi', 'blubbe', 'mikaelkv', 'mlelshei', 'semetria', 'Bondu', 'saad', 'tanzil', 'albynanu', 'elyas', 't36', 'anita80', 'dahir', 'SwedishViking', 'bjnils', 'gustbee', 'davidko']",5,"['Aemo', 'steppen7', 'akkallio', 'petroff', 'simulering']",9,"['krissboy', 'maxem', 'lukasvogl13', 'sebricci', 'bellmanz', 'robin77i', 'mhci', None, 'andrexx']",38,"['Aemo', 'svedend', 'steppen7', 'bellmanz', 'Nicoinn', 'rozycki', 'robin77i', 'shamsa', 'Vel0th', 'parizek', 'gokberk', 'johoi', 'sebricci', 'blubbe', 'mikaelkv', 'mlelshei', 'krissboy', 'semetria', 'akkallio', 'Bondu', 'saad', 'tanzil', 'albynanu', 'anita80', 't36', 'elyas', 'andrexx', None, 'dahir', 'SwedishViking', 'petroff', 'maxem', 'bjnils', 'gustbee', 'lukasvogl13', 'davidko', 'mhci', 'simulering']"
4,49,30,28,22,"['Aemo', 'svedend', 'Nicoinn', 'rozycki', 'shamsa', 'Vel0th', 'parizek', 'gokberk', 'johoi', 'blubbe', 'mikaelkv', 'mlelshei', 'saad', 'tanzil', 'albynanu', 'elyas', 't36', 'anita80', 'SwedishViking', 'bjnils', 'gustbee', 'davidko']",7,"['dahir', 'semetria', 'steppen7', 'akkallio', 'petroff', 'Bondu', 'simulering']",6,"['krissboy', 'maxem', 'sebricci', 'bellmanz', 'robin77i', None]",35,"['Aemo', 'svedend', 'steppen7', 'bellmanz', 'Nicoinn', 'rozycki', 'robin77i', 'shamsa', 'Vel0th', 'parizek', 'gokberk', 'johoi', 'sebricci', 'blubbe', 'mikaelkv', 'mlelshei', 'krissboy', 'semetria', 'akkallio', 'Bondu', 'saad', 'tanzil', 'albynanu', 'anita80', 't36', 'elyas', None, 'dahir', 'SwedishViking', 'petroff', 'maxem', 'bjnils', 'gustbee', 'davidko', 'simulering']"
4,25,30,27,19,"['svedend', 'Nicoinn', 'rozycki', 'parizek', 'gokberk', 'johoi', 'blubbe', 'mikaelkv', 'mlelshei', 'semetria', 'saad', 'tanzil', 'albynanu', 'anita80', 'elyas', 'dahir', 'bjnils', 'gustbee', 'davidko']",10,"['Aemo', 't36', 'SwedishViking', 'steppen7', 'akkallio', 'petroff', 'Bondu', 'shamsa', 'simulering', 'Vel0th']",8,"['krissboy', 'maxem', 'lukasvogl13', 'sebricci', 'bellmanz', 'robin77i', None, 'andrexx']",37,"['Aemo', 'svedend', 'steppen7', 'bellmanz', 'Nicoinn', 'rozycki', 'robin77i', 'shamsa', 'Vel0th', 'parizek', 'gokberk', 'johoi', 'sebricci', 'blubbe', 'mikaelkv', 'mlelshei', 'krissboy', 'semetria', 'akkallio', 'Bondu', 'saad', 'tanzil', 'albynanu', 'anita80', 't36', 'elyas', None, 'andrexx', 'dahir', 'SwedishViking', 'petroff', 'maxem', 'bjnils', 'gustbee', 'lukasvogl13', 'davidko', 'simulering']"
5,62,30,26,22,"['s042515', 'johan', 'jonasdue', 'maksimz', 'eskrut', 'paw', 'ToBeAss', 'Pikachu', 'seb6006', 's042201', 'yoda', 'nierhoff', 'crapy', 'dirac1928', 'hoomie', 'chris100', 'EnthusiasticStudent', 'mibole', 'paoloween', 's042570', 's042463', 'krugster']",7,"['s042177', 'ehosseini', 'rparsa', 'MTM', 'xaratustra', 'lucaszelko', 'qiankun']",4,"['nanomads', None, 'mabazain', 'hildur']",33,"['s042177', 's042515', 'johan', 'jonasdue', 'maksimz', 'eskrut', 'paw', 'nanomads', 'ToBeAss', 'xaratustra', 'hildur', 'mabazain', 'Pikachu', 'seb6006', 's042201', 'yoda', 'qiankun', 'nierhoff', None, 'crapy', 'dirac1928', 'hoomie', 'ehosseini', 'rparsa', 'chris100', 'paoloween', 'EnthusiasticStudent', 'mibole', 'MTM', 's042570', 's042463', 'lucaszelko', 'krugster']"
6,12,29,20,14,"['abhishekmidturi', 'saikeerthig', 'ponugupati', 'deepthinano', 'pramod_dude2003', 'namtih58', 'jithudevineni', 'omkareshwarnaik', 'jilani919', 'agnichunduri', 'lude251', 'subbarao', 'nagavender', 'suchitradhadigam']",14,"['maxon_999', 'rajkirangotti', 'malleswari', 'phcaobq', 'vasu_katangooru', 'raghuramsrinivasr', 'alkuslikis', 'klee45', 'hameed425', 'vickyb', 'siddhuchow', 'rajkirangottipati', 'fernandorios6', 'venkatvasu']",6,"['panyamak', 'aliuddin', 'p_deepthi13', 'sravan', None, 'moin95']",34,"['panyamak', 'rajkirangotti', 'pramod_dude2003', 'jithudevineni', 'omkareshwarnaik', 'siddhuchow', 'subbarao', 'fernandorios6', 'nagavender', 'maxon_999', 'saikeerthig', 'abhishekmidturi', 'deepthinano', 'phcaobq', 'klee45', 'venkatvasu', 'sravan', 'moin95', 'ponugupati', 'malleswari', 'vasu_katangooru', 'hameed425', 'agnichunduri', 'lude251', None, 'suchitradhadigam', 'aliuddin', 'namtih58', 'raghuramsrinivasr', 'jilani919', 'vickyb', 'p_deepthi13', 'rajkirangottipati', 'alkuslikis']"
6,14,29,8,7,"['maxon_999', 'malleswari', 'vasu_katangooru', 'raghuramsrinivasr', 'rajkirangottipati', 'subbarao', 'venkatvasu']",21,"['rajkirangotti', 'pramod_dude2003', 'jithudevineni', 'omkareshwarnaik', 'siddhuchow', 'fernandorios6', 'nagavender', 'abhishekmidturi', 'saikeerthig', 'deepthinano', 'phcaobq', 'klee45', 'ponugupati', 'hameed425', 'agnichunduri', 'lude251', 'suchitradhadigam', 'namtih58', 'jilani919', 'vickyb', 'alkuslikis']",1,[None],29,"['rajkirangotti', 'ponugupati', 'malleswari', 'pramod_dude2003', 'jithudevineni', 'omkareshwarnaik', 'vasu_katangooru', 'alkuslikis', 'hameed425', 'siddhuchow', 'agnichunduri', 'lude251', 'subbarao', 'fernandorios6', 'nagavender', 'suchitradhadigam', None, 'maxon_999', 'saikeerthig', 'abhishekmidturi', 'deepthinano', 'phcaobq', 'namtih58', 'raghuramsrinivasr', 'jilani919', 'klee45', 'vickyb', 'rajkirangottipati', 'venkatvasu']"
6,13,29,6,4,"['abhishekmidturi', 'lude251', 'rajkirangotti', 'raghuramsrinivasr']",24,"['ponugupati', 'malleswari', 'pramod_dude2003', 'jithudevineni', 'omkareshwarnaik', 'vasu_katangooru', 'alkuslikis', 'hameed425', 'siddhuchow', 'agnichunduri', 'subbarao', 'fernandorios6', 'nagavender', 'suchitradhadigam', 'maxon_999', 'saikeerthig', 'deepthinano', 'phcaobq', 'namtih58', 'jilani919', 'klee45', 'vickyb', 'rajkirangottipati', 'venkatvasu']",2,"[None, 'myersrr']",30,"['rajkirangotti', 'ponugupati', 'myersrr', 'malleswari', 'pramod_dude2003', 'jithudevineni', 'omkareshwarnaik', 'vasu_katangooru', 'alkuslikis', 'hameed425', 'siddhuchow', 'agnichunduri', 'lude251', 'subbarao', 'fernandorios6', 'nagavender', 'suchitradhadigam', None, 'maxon_999', 'saikeerthig', 'abhishekmidturi', 'deepthinano', 'phcaobq', 'namtih58', 'raghuramsrinivasr', 'jilani919', 'klee45', 'vickyb', 'rajkirangottipati', 'venkatvasu']"
7,56,26,46,23,"['jasonmartens', 'abartolai', 'rbanakis', 'asi071', 'alicialoon', 'ssaddemi', 'mmarkese', 'djacobs', 'drhee', 'afranklin', 'Chisda', 'ljordano', 'jrudoy', 'bvgregor', 'zsidik', 'dmondschean', 'mjc222', 'jradcliffe', 'ltrevino', 'afasolinu', 'xlu', 'agross', 'tifalok']",2,"['garlandlisa', 'eed1987']",23,"['cgoldschmidt', 'chngnisbbgy', 'nathancboren', 'mmapodaca', 'alyszczarz', 'amunoz', 'chisda', 'mhartrich', 'christian', 'mrosenberg', 'choel', 'sifatshahjahan', None, 'jroden', 'tejerina', 'cal321', 'tgadzikwa', 'willybaw', 'alice', 'slhatch', 'aos422', 'nonhub1122', 'darkslayer13']",48,"['chngnisbbgy', 'garlandlisa', 'asi071', 'mmapodaca', 'alyszczarz', 'chisda', 'djacobs', 'drhee', 'afranklin', 'ljordano', 'zsidik', 'jradcliffe', 'tejerina', 'cal321', 'afasolinu', 'willybaw', 'alice', 'slhatch', 'agross', 'nonhub1122', 'cgoldschmidt', 'tifalok', 'jasonmartens', 'abartolai', 'eed1987', 'nathancboren', 'rbanakis', 'alicialoon', 'ssaddemi', 'amunoz', 'mmarkese', 'mhartrich', 'Chisda', 'christian', 'jrudoy', 'bvgregor', 'dmondschean', 'mjc222', 'mrosenberg', 'choel', 'sifatshahjahan', None, 'jroden', 'tgadzikwa', 'ltrevino', 'xlu', 'aos422', 'darkslayer13']"
7,40,26,28,23,"['jasonmartens', 'abartolai', 'rbanakis', 'asi071', 'alicialoon', 'ssaddemi', 'mmarkese', 'djacobs', 'drhee', 'afranklin', 'Chisda', 'ljordano', 'jrudoy', 'bvgregor', 'zsidik', 'dmondschean', 'mjc222', 'jradcliffe', 'ltrevino', 'afasolinu', 'xlu', 'agross', 'tifalok']",2,"['garlandlisa', 'eed1987']",5,"['rtaylor', 'rsuffrin', 'wedmonds', 'mmapodaca', None]",30,"['jasonmartens', 'garlandlisa', 'abartolai', 'rsuffrin', 'eed1987', 'rbanakis', 'asi071', 'mmapodaca', 'alicialoon', 'ssaddemi', 'rtaylor', 'mmarkese', 'djacobs', 'drhee', 'afranklin', 'Chisda', 'ljordano', 'jrudoy', 'bvgregor', 'zsidik', 'dmondschean', 'mjc222', 'jradcliffe', None, 'ltrevino', 'afasolinu', 'xlu', 'wedmonds', 'agross', 'tifalok']"
8,16,24,21,14,"['dsamson', 'ccqian', 'yalanz', 'fangoua', 'abartow', 'banglin', 'santoshkumar', 'Ayesha', 'hsinhaouh', 'mrakita', 'grlong', 'hmurdoch2', 'yjing', 'hmurdoch']",9,"['siryu011', 'rnemeth', 'larfel19', 'hessks', 'juby', 'kim87', 'thal', 'gvkarthik', 'fpavia']",7,"['apalaria', 'cbburger', 'oliverm', 'strachan', 'dhruvsingh', 'iyums', None]",30,"['ccqian', 'cbburger', 'fangoua', 'larfel19', 'iyums', 'juby', 'hmurdoch', 'dsamson', 'siryu011', 'oliverm', 'hmurdoch2', 'dhruvsingh', 'hessks', 'kim87', 'hsinhaouh', 'yjing', 'fpavia', 'apalaria', 'rnemeth', 'strachan', 'abartow', 'mrakita', None, 'yalanz', 'banglin', 'santoshkumar', 'Ayesha', 'grlong', 'gvkarthik', 'thal']"
9,64,22,27,17,"['lazafq123', 'Trupthi', 'sairaghunath', 'prabhubharathan', 'achalk', 'rmdong', 'nsashraf', 'ericdailey', 'Huskerfan333', 'aluby', 'melissalili', 'cjlasu', 'anupsasikumar', 'gokulaka', 'jmnunez1', 'zwfchopin', 'anandecy3035']",4,"['QuantumDot', 'abebeh', 'cjnolja', 'jazminjazzy']",10,"['jcharri1', 'myztical7', 'teresawei221', 'Vasileska', 'nipunchaplot', 'xoai479', 'srivatsaaithal', None, 'esteenbe', 'tejbelagodu']",31,"['rmdong', 'cjlasu', 'anupsasikumar', 'tejbelagodu', 'jcharri1', 'nsashraf', 'ericdailey', 'gokulaka', 'srivatsaaithal', 'jazminjazzy', 'myztical7', 'cjnolja', 'lazafq123', 'Trupthi', 'teresawei221', 'prabhubharathan', 'nipunchaplot', 'Huskerfan333', 'melissalili', None, 'zwfchopin', 'anandecy3035', 'abebeh', 'sairaghunath', 'Vasileska', 'QuantumDot', 'aluby', 'xoai479', 'achalk', 'jmnunez1', 'esteenbe']"
10,73,20,21,11,"['leoromanovsky', 'tallxcrunner', 'pakighunda', 'sdials', 'jgu', 'kim131', 'pnice', 'nasaman02', 'kjharrin', 'bcaulkin', 'rsdeford']",8,"['Gohanto', 'obrienam', 'dtruax', 'ahmd080', 'zhangkun', 'davydotcom', 'giganano', 'wancc3']",10,"['smchaudh', 'apradhan', 'boilerjh', 'anascimejr', 'cchong', 'dakezi', 'npaulraj', 'kmsj2', None, 'simy']",29,"['apradhan', 'boilerjh', 'obrienam', 'sdials', 'kim131', 'pnice', 'wancc3', 'rsdeford', 'leoromanovsky', 'anascimejr', 'tallxcrunner', 'dakezi', 'kjharrin', 'bcaulkin', 'smchaudh', 'ahmd080', 'npaulraj', 'giganano', 'nasaman02', None, 'pakighunda', 'simy', 'Gohanto', 'dtruax', 'cchong', 'jgu', 'zhangkun', 'davydotcom', 'kmsj2']"
11,56,18,46,17,"['cal321', 'cgoldschmidt', 'chngnisbbgy', 'willybaw', 'amunoz', 'chisda', 'mrosenberg', 'nathancboren', 'alice', 'aos422', 'choel', 'sifatshahjahan', 'mhartrich', 'nonhub1122', 'darkslayer13', 'alyszczarz', 'christian']",0,[],29,"['jasonmartens', 'abartolai', 'rbanakis', 'asi071', 'mmapodaca', 'alicialoon', 'ssaddemi', 'mmarkese', 'djacobs', 'drhee', 'afranklin', 'ljordano', 'Chisda', 'jrudoy', 'bvgregor', 'zsidik', 'mjc222', 'dmondschean', 'jradcliffe', 'tejerina', 'jroden', None, 'tgadzikwa', 'ltrevino', 'afasolinu', 'xlu', 'slhatch', 'agross', 'tifalok']",46,"['chngnisbbgy', 'jasonmartens', 'abartolai', 'nathancboren', 'rbanakis', 'asi071', 'mmapodaca', 'alicialoon', 'alyszczarz', 'ssaddemi', 'amunoz', 'chisda', 'mmarkese', 'darkslayer13', 'djacobs', 'drhee', 'afranklin', 'mhartrich', 'Chisda', 'ljordano', 'christian', 'jrudoy', 'bvgregor', 'zsidik', 'mrosenberg', 'mjc222', 'dmondschean', 'jradcliffe', 'choel', 'sifatshahjahan', 'tejerina', 'jroden', None, 'cal321', 'tgadzikwa', 'ltrevino', 'afasolinu', 'xlu', 'willybaw', 'alice', 'aos422', 'slhatch', 'agross', 'nonhub1122', 'cgoldschmidt', 'tifalok']"
13,53,16,13,8,"['fitsumvt', 'isomr3b51', 'cren', 'qhuynh', 'pzellner', 'manhlee', 'michaelz', 'agah']",7,"['da400king', 'akyurtlu', 'xilinix', 'rbeckner27', 'joehokie', 'fishbowl', 'xlchen']",5,"['eyc610', 'chakanamja', 'ing_johanan', None, 'petchow9348']",20,"['cren', 'qhuynh', 'petchow9348', 'rbeckner27', 'ing_johanan', None, 'isomr3b51', 'fitsumvt', 'da400king', 'akyurtlu', 'eyc610', 'manhlee', 'pzellner', 'michaelz', 'xilinix', 'joehokie', 'chakanamja', 'fishbowl', 'xlchen', 'agah']"
13,50,16,11,8,"['fitsumvt', 'cren', 'akyurtlu', 'qhuynh', 'pzellner', 'manhlee', 'michaelz', 'rbeckner27']",7,"['isomr3b51', 'da400king', 'xilinix', 'joehokie', 'fishbowl', 'xlchen', 'agah']",3,"['CodeScript', None, 'petchow9348']",18,"['cren', 'qhuynh', 'petchow9348', 'rbeckner27', None, 'isomr3b51', 'fitsumvt', 'da400king', 'CodeScript', 'akyurtlu', 'manhlee', 'pzellner', 'michaelz', 'xilinix', 'joehokie', 'fishbowl', 'xlchen', 'agah']"
14,44,14,13,11,"['ingridrodriguez', 'manchito', 'miguel1014182447', 'Jonas77', 'porro', 'amapri', 'MAOMASVICIO', 'jaguerrero', 'maomasvicio', 'HP1717', 'hp1717']",2,"['ebende', 'essamdz']",2,"['hmendez', None]",15,"['miguel1014182447', 'Jonas77', 'porro', 'amapri', 'ebende', 'jaguerrero', None, 'ingridrodriguez', 'manchito', 'essamdz', 'MAOMASVICIO', 'hmendez', 'maomasvicio', 'HP1717', 'hp1717']"
15,41,14,168,10,"['nbailey', 'udu358', 'yah202', 'stummala', 'vincentchou', 'jra696', 'GreekKobe33', 'mldunham', 'aloveridge', 'cyteng']",3,"['magnusk8', 'siks7661', 'elpmis']",158,"['pforyt', 'cgarcia', 'peacful_joh', 'nnosavan', 'jls914', 'hkim', 'hsiaochi', 'axiao', 'darkmetal505', 'cleung', 'mwhitesides', 'tgrimm17', 'kliu', 'clawlor', 'camasney', 'jcs311', 'ruchino', 'tgilbert', 'tshastry', 'golightly112', 'AlexMorgan', 'yatakui', 'cyu', 'mfritz', 'jheppermann', 'ashlyprincess', 'nborzym', 'cmehta', 'nflammer', 'jnam', 'sramalingam', 'wfm289', 'twang23', 'ggrocke', 'alexjud', 'clishea18', 'rbrock', 'eabrams', 'mmehta', 'dkim', 'jbenjy8', 'smishra', 'csieber', 'aviollt', 'mrr869', 'catherine', 'kmm134', 'sumeethj', 'yfatemi', 'ggadodia', 'cschonberg', 'kvargas', 'scai', 'nshabeeb', 'bbanss13', 'stumuluru', 'chrissemple', 'mikeispt108', 'luyaozers', 'aml404', 'tgrant', 'jpez', 'scope', 'kwang', 'ahu22b', 'pfellenz', 'jholcomb', 'lmason', 'bugaboo0036', 'jbanga', 'akern', 'jjs390', 'bscallon', 'lholyoke', 'mkevb1', 'dschuster', 'ka', 'mayra', 'ewali', 'nrastogi', 'alyu', 'rblee88', 'cteng', 'dpai', 'emathieson', 'gowens', 'zbergman', 'srn779', 'egaray', 'rmalecky', 'relic12', 'ldsegall', 'quangcle', 'jla906', 'dmritard96', 'cbernardo', 'mike67876', 'rsanchez', 'klee', 'dennisbluver', 'rcwang', 'jsk719', 'ncrenshaw', 'ahood', 'jcamden', 'kkim', 'htk351', 'mpark', 'dlorenzini', 'ekennedy', 'cblumen1', 'kkurda', 'liangcui', 'lidias', 'avohra', 'bkang', 'ku8809no', 'LidiaS', 'kwhite', 'lnezirova', 'lkoehler', 'jmbachu', 'ckusel', 'eah635', 'pkasen', 'cchang', 'mlembo', 'ccook', 'phanna', 'jclin', 'sstrasser', 'afr422', 'djohanson', 'dlc916', 'mquayyum', 'malperin', 'vktdm111', 'akileshhonasoge', 'raga07', 'jfroberg', 'olui', 'dsutich', 'parkerjessup1', 'vkb217', 'sbehnke', 'Lgilbert', 'bebe', 'stephenachao', None, 'jheide', 'glewis07', 'kjohnson', 'ssawlani', 'tchaudhry', 'karkaputto', 'nbasu', 'skatragadda', 'cellis']",171,"['udu358', 'pforyt', 'cgarcia', 'peacful_joh', 'nnosavan', 'jls914', 'hkim', 'hsiaochi', 'axiao', 'darkmetal505', 'cleung', 'mwhitesides', 'tgrimm17', 'kliu', 'clawlor', 'camasney', 'jcs311', 'ruchino', 'tgilbert', 'tshastry', 'golightly112', 'AlexMorgan', 'yatakui', 'cyu', 'aloveridge', 'mfritz', 'jheppermann', 'ashlyprincess', 'nborzym', 'cmehta', 'nflammer', 'jnam', 'sramalingam', 'wfm289', 'twang23', 'ggrocke', 'alexjud', 'clishea18', 'rbrock', 'eabrams', 'mmehta', 'dkim', 'jbenjy8', 'smishra', 'csieber', 'aviollt', 'mrr869', 'catherine', 'kmm134', 'sumeethj', 'yfatemi', 'ggadodia', 'cschonberg', 'kvargas', 'scai', 'nshabeeb', 'stummala', 'bbanss13', 'stumuluru', 'chrissemple', 'mikeispt108', 'elpmis', 'luyaozers', 'aml404', 'tgrant', 'jpez', 'scope', 'kwang', 'ahu22b', 'pfellenz', 'jholcomb', 'lmason', 'bugaboo0036', 'jbanga', 'akern', 'mldunham', 'jjs390', 'bscallon', 'lholyoke', 'mkevb1', 'dschuster', 'ka', 'mayra', 'ewali', 'nrastogi', 'GreekKobe33', 'alyu', 'siks7661', 'yah202', 'rblee88', 'cteng', 'dpai', 'emathieson', 'gowens', 'zbergman', 'srn779', 'jra696', 'egaray', 'rmalecky', 'cyteng', 'relic12', 'ldsegall', 'quangcle', 'jla906', 'dmritard96', 'cbernardo', 'mike67876', 'rsanchez', 'klee', 'dennisbluver', 'rcwang', 'jsk719', 'ncrenshaw', 'ahood', 'jcamden', 'kkim', 'htk351', 'mpark', 'dlorenzini', 'ekennedy', 'cblumen1', 'kkurda', 'liangcui', 'lidias', 'avohra', 'bkang', 'ku8809no', 'LidiaS', 'kwhite', 'lnezirova', 'lkoehler', 'jmbachu', 'ckusel', 'eah635', 'pkasen', 'cchang', 'mlembo', 'ccook', 'phanna', 'jclin', 'sstrasser', 'afr422', 'djohanson', 'dlc916', 'magnusk8', 'mquayyum', 'malperin', 'vktdm111', 'akileshhonasoge', 'raga07', 'vincentchou', 'jfroberg', 'olui', 'dsutich', 'parkerjessup1', 'vkb217', 'sbehnke', 'Lgilbert', 'bebe', 'nbailey', 'stephenachao', None, 'jheide', 'glewis07', 'kjohnson', 'ssawlani', 'tchaudhry', 'karkaputto', 'nbasu', 'skatragadda', 'cellis']"
16,8,11,14,9,"['vatano', 'ja81881', 'snakezap23', 'simiger', 'thedark', 'sharjohn', 'nherring', 'kevinjmajor', 'mforney1']",1,['alexandergiles'],5,"['kobaya67', 'jc50fb', 'Minghong', None, 'harsh2312']",15,"['snakezap23', 'simiger', 'thedark', 'alexandergiles', 'sharjohn', 'Minghong', None, 'harsh2312', 'vatano', 'ja81881', 'jc50fb', 'kobaya67', 'kevinjmajor', 'nherring', 'mforney1']"
16,6,11,8,3,"['simiger', 'ja81881', 'thedark']",7,"['vatano', 'snakezap23', 'alexandergiles', 'sharjohn', 'nherring', 'kevinjmajor', 'mforney1']",5,"['simigercn', 'jc50fb', 'kobaya67', None, 'harsh2312']",15,"['vatano', 'ja81881', 'simigercn', 'snakezap23', 'simiger', 'thedark', 'alexandergiles', 'jc50fb', 'kobaya67', 'sharjohn', 'nherring', 'kevinjmajor', 'mforney1', None, 'harsh2312']"
16,5,11,7,4,"['snakezap23', 'kevinjmajor', 'simiger', 'nherring']",6,"['vatano', 'ja81881', 'thedark', 'alexandergiles', 'sharjohn', 'mforney1']",3,"['Minghong', None, 'jc50fb']",13,"['vatano', 'ja81881', 'snakezap23', 'simiger', 'thedark', 'alexandergiles', 'jc50fb', 'sharjohn', 'nherring', 'kevinjmajor', 'Minghong', 'mforney1', None]"
17,17,11,7,5,"['oogiedoogie', 'tuhinsinha', 'mspletze', 'liangz', 'pourghaz']",5,"['dotorres', 'tslack', 'jfloro', 'atambat', 'zavattieri']",2,"[None, 'chindan29']",12,"['dotorres', 'oogiedoogie', 'tslack', 'jfloro', 'tuhinsinha', 'atambat', 'zavattieri', 'mspletze', 'liangz', 'pourghaz', None, 'chindan29']"
18,73,11,21,6,"['boilerjh', 'cchong', 'npaulraj', 'dakezi', 'kmsj2', 'simy']",4,"['abraham', 'msrivas', 'anandg112', 'weehan85']",15,"['smchaudh', 'apradhan', 'leoromanovsky', 'anascimejr', 'tallxcrunner', 'pakighunda', 'sdials', 'jgu', 'kim131', 'pnice', 'nasaman02', 'bcaulkin', None, 'kjharrin', 'rsdeford']",25,"['smchaudh', 'apradhan', 'boilerjh', 'sdials', 'npaulraj', 'kim131', 'pnice', 'nasaman02', None, 'rsdeford', 'simy', 'abraham', 'pakighunda', 'anandg112', 'weehan85', 'leoromanovsky', 'anascimejr', 'tallxcrunner', 'cchong', 'dakezi', 'jgu', 'msrivas', 'bcaulkin', 'kjharrin', 'kmsj2']"
18,75,11,13,5,"['anandg112', 'npaulraj', 'dakezi', 'msrivas', 'kmsj2']",5,"['abraham', 'boilerjh', 'weehan85', 'cchong', 'simy']",8,"['tfrye', 'snikitha', 'tigertear', 'saxep01', 'mcrew', 'jostendo', 'rlacy', None]",18,"['boilerjh', 'npaulraj', 'tigertear', 'saxep01', 'mcrew', None, 'simy', 'abraham', 'jostendo', 'anandg112', 'weehan85', 'cchong', 'tfrye', 'dakezi', 'snikitha', 'msrivas', 'rlacy', 'kmsj2']"
18,74,11,12,3,"['boilerjh', 'dakezi', 'kmsj2']",7,"['abraham', 'anandg112', 'weehan85', 'cchong', 'npaulraj', 'msrivas', 'simy']",9,"['nosonwan', 'cberrios', 'jrieger', 'arteliad', 'wizdh', 'tigertear', 'jwetheri', 'mcrew', None]",19,"['boilerjh', 'jrieger', 'npaulraj', 'tigertear', 'mcrew', None, 'simy', 'abraham', 'anandg112', 'weehan85', 'cberrios', 'nosonwan', 'arteliad', 'cchong', 'dakezi', 'wizdh', 'jwetheri', 'msrivas', 'kmsj2']"
18,72,11,7,2,"['anandg112', 'npaulraj']",8,"['abraham', 'boilerjh', 'weehan85', 'cchong', 'dakezi', 'kmsj2', 'msrivas', 'simy']",5,"['anascimejr', 'pbayuart', 'makimaya', None, 'sukwanto']",15,"['abraham', 'anandg112', 'boilerjh', 'weehan85', 'anascimejr', 'pbayuart', 'sukwanto', 'cchong', 'dakezi', 'npaulraj', 'simy', 'msrivas', None, 'makimaya', 'kmsj2']"
19,48,10,12,7,"['nicola_ing', 'pinomaiuli', 'federicomignani', 'bombardi', 'esangiorgi', 'filippozangheri', 'sdonati']",2,"['adrila', 'chiaraluccaroni']",5,"['marioguido', 'gdromu', 'buldus2', 'mbraccioli', None]",14,"['nicola_ing', 'pinomaiuli', 'marioguido', 'federicomignani', 'buldus2', 'esangiorgi', None, 'bombardi', 'gdromu', 'chiaraluccaroni', 'mbraccioli', 'sdonati', 'filippozangheri', 'adrila']"
20,8,9,14,1,['kobaya67'],7,"['shishir', 'turtleken', 'bhupeshchandra', 'stevesmith0', 'honej', 'chocgm', 'trackgirl49']",13,"['vatano', 'ja81881', 'snakezap23', 'simiger', 'thedark', 'jc50fb', 'kevinjmajor', 'nherring', 'Minghong', 'sharjohn', 'mforney1', None, 'harsh2312']",21,"['shishir', 'bhupeshchandra', 'stevesmith0', 'snakezap23', 'honej', 'simiger', 'thedark', 'sharjohn', 'Minghong', None, 'harsh2312', 'turtleken', 'vatano', 'ja81881', 'kobaya67', 'jc50fb', 'chocgm', 'kevinjmajor', 'trackgirl49', 'nherring', 'mforney1']"
20,6,9,8,1,['kobaya67'],7,"['shishir', 'turtleken', 'bhupeshchandra', 'stevesmith0', 'honej', 'chocgm', 'trackgirl49']",7,"['ja81881', 'simigercn', 'simiger', 'thedark', 'jc50fb', None, 'harsh2312']",15,"['shishir', 'turtleken', 'bhupeshchandra', 'ja81881', 'simigercn', 'stevesmith0', 'honej', 'simiger', 'thedark', 'kobaya67', 'jc50fb', 'chocgm', 'trackgirl49', None, 'harsh2312']"
21,74,8,12,4,"['arteliad', 'cberrios', 'nosonwan', 'wizdh']",3,"['yalkusai', 'singapaul', 'ajcain']",8,"['boilerjh', 'jrieger', 'dakezi', 'tigertear', 'jwetheri', 'mcrew', None, 'kmsj2']",15,"['yalkusai', 'boilerjh', 'jrieger', 'tigertear', 'mcrew', 'singapaul', None, 'ajcain', 'cberrios', 'nosonwan', 'arteliad', 'dakezi', 'wizdh', 'jwetheri', 'kmsj2']"
24,48,7,12,4,"['mbraccioli', 'marioguido', 'gdromu', 'buldus2']",2,"['gianni', 'bputnam42']",8,"['nicola_ing', 'pinomaiuli', 'federicomignani', 'bombardi', 'esangiorgi', 'filippozangheri', None, 'sdonati']",14,"['nicola_ing', 'pinomaiuli', 'marioguido', 'federicomignani', 'buldus2', 'esangiorgi', None, 'bombardi', 'gianni', 'gdromu', 'mbraccioli', 'bputnam42', 'sdonati', 'filippozangheri']"
24,42,7,7,4,"['mbraccioli', 'gianni', 'buldus2', 'marioguido']",2,"['bputnam42', 'gdromu']",3,"['Fiorentini', None, 'marcocampanati']",9,"['gianni', 'marioguido', 'gdromu', 'buldus2', 'marcocampanati', 'Fiorentini', 'mbraccioli', 'bputnam42', None]"
25,75,6,13,5,"['tfrye', 'snikitha', 'saxep01', 'jostendo', 'mcrew']",0,[],8,"['anandg112', 'npaulraj', 'dakezi', 'tigertear', 'msrivas', 'rlacy', None, 'kmsj2']",13,"['npaulraj', 'tigertear', 'saxep01', 'mcrew', None, 'anandg112', 'msrivas', 'tfrye', 'snikitha', 'dakezi', 'jostendo', 'rlacy', 'kmsj2']"
25,74,6,12,1,['mcrew'],4,"['jostendo', 'tfrye', 'snikitha', 'saxep01']",11,"['nosonwan', 'boilerjh', 'cberrios', 'jrieger', 'arteliad', 'dakezi', 'wizdh', 'tigertear', 'jwetheri', None, 'kmsj2']",16,"['boilerjh', 'jrieger', 'tigertear', 'saxep01', 'mcrew', None, 'cberrios', 'nosonwan', 'arteliad', 'tfrye', 'snikitha', 'dakezi', 'wizdh', 'jwetheri', 'jostendo', 'kmsj2']"
27,32,6,8,5,"['vikram', 'gangadharan', 'deepthi', 'savi', 'divsnvik']",0,[],3,"[None, 'divya', 'supreeya']",8,"['vikram', 'gangadharan', 'deepthi', 'savi', 'supreeya', 'divsnvik', 'divya', None]"
27,33,6,8,5,"['vikram', 'gangadharan', 'deepthi', 'savi', 'divsnvik']",0,[],3,"[None, 'divya', 'supreeya']",8,"['vikram', 'gangadharan', 'deepthi', 'savi', 'supreeya', 'divsnvik', 'divya', None]"
27,34,6,8,5,"['vikram', 'gangadharan', 'deepthi', 'savi', 'divsnvik']",0,[],3,"[None, 'divya', 'supreeya']",8,"['vikram', 'gangadharan', 'deepthi', 'savi', 'supreeya', 'divsnvik', 'divya', None]"
27,35,6,8,5,"['vikram', 'gangadharan', 'deepthi', 'savi', 'divsnvik']",0,[],3,"[None, 'divya', 'supreeya']",8,"['vikram', 'gangadharan', 'deepthi', 'savi', 'supreeya', 'divsnvik', 'divya', None]"
27,36,6,8,5,"['vikram', 'gangadharan', 'deepthi', 'savi', 'divsnvik']",0,[],3,"[None, 'divya', 'supreeya']",8,"['vikram', 'gangadharan', 'deepthi', 'savi', 'supreeya', 'divsnvik', 'divya', None]"
27,37,6,8,5,"['vikram', 'gangadharan', 'deepthi', 'savi', 'divsnvik']",0,[],3,"[None, 'divya', 'supreeya']",8,"['vikram', 'gangadharan', 'deepthi', 'savi', 'supreeya', 'divsnvik', 'divya', None]"
27,38,6,8,5,"['vikram', 'gangadharan', 'deepthi', 'savi', 'divsnvik']",0,[],3,"[None, 'divya', 'supreeya']",8,"['vikram', 'gangadharan', 'deepthi', 'savi', 'supreeya', 'divsnvik', 'divya', None]"
27,39,6,8,5,"['vikram', 'gangadharan', 'deepthi', 'savi', 'divsnvik']",0,[],3,"[None, 'divya', 'supreeya']",8,"['vikram', 'gangadharan', 'deepthi', 'savi', 'supreeya', 'divsnvik', 'divya', None]"
27,29,6,7,5,"['vikram', 'gangadharan', 'deepthi', 'savi', 'divsnvik']",0,[],2,"[None, 'divya']",7,"['vikram', 'gangadharan', 'deepthi', 'savi', 'divsnvik', 'divya', None]"
27,30,6,7,5,"['vikram', 'gangadharan', 'deepthi', 'savi', 'divsnvik']",0,[],2,"[None, 'divya']",7,"['vikram', 'gangadharan', 'deepthi', 'savi', 'divsnvik', 'divya', None]"
27,31,6,7,4,"['vikram', 'gangadharan', 'deepthi', 'savi']",1,['divsnvik'],3,"[None, 'divya', 'supreeya']",8,"['vikram', 'gangadharan', 'deepthi', 'savi', 'supreeya', 'divsnvik', 'divya', None]"
28,63,6,42,3,"['rajanim', 'umechelimila', 'esteenbe']",2,"['teresawei221', 'tejbelagodu']",39,"['bharatsainani', 'yphani', 'ashfaq', 'harish', 'nagaraj', 'irshad', 'pavansiu', 'rahul24', 'rakeshk', 'mini_moses', 'chsumanth14', 'praneet9', 'lnaveen', 'pavan26kp', 'raamsid', 'sairam', 'mdsadiq', 'potluri9', 'khader_7786', 'moturukh', 'ssahmed', 'ajay43', 'adeflux', 'guttivishu', 'jwala', 'harani', 'abed820', 'bhupathikalpana', 'ranjithpadidala', 'karthikc', 'agayathri', 'kotanaveen', 'jahnvi', 'gsraghu', 'sribotla82', None, 'radhikak', 'sbreddy', 'kajalpatil']",44,"['bharatsainani', 'yphani', 'ashfaq', 'harish', 'nagaraj', 'irshad', 'pavansiu', 'rahul24', 'rakeshk', 'mini_moses', 'tejbelagodu', 'chsumanth14', 'praneet9', 'lnaveen', 'umechelimila', 'pavan26kp', 'raamsid', 'sairam', 'mdsadiq', 'potluri9', 'khader_7786', 'moturukh', 'ssahmed', 'ajay43', 'adeflux', 'guttivishu', 'jwala', 'harani', 'abed820', 'bhupathikalpana', 'ranjithpadidala', 'teresawei221', 'karthikc', 'agayathri', 'kotanaveen', 'jahnvi', 'gsraghu', 'sribotla82', None, 'radhikak', 'rajanim', 'sbreddy', 'kajalpatil', 'esteenbe']"
28,18,6,29,1,['rajanim'],4,"['umechelimila', 'teresawei221', 'esteenbe', 'tejbelagodu']",28,"['bharatsainani', 'ajay43', 'adeflux', 'guttivishu', 'jwala', 'harani', 'yphani', 'abed820', 'bhupathikalpana', 'ranjithpadidala', 'harish', 'nagaraj', 'rahul24', 'rakeshk', 'agayathri', 'kotanaveen', 'gsraghu', 'sribotla82', None, 'radhikak', 'chsumanth14', 'praneet9', 'lnaveen', 'sairam', 'potluri9', 'khader_7786', 'mini_moses', 'ssahmed']",33,"['bharatsainani', 'yphani', 'harish', 'nagaraj', 'rahul24', 'rakeshk', 'mini_moses', 'tejbelagodu', 'chsumanth14', 'praneet9', 'lnaveen', 'umechelimila', 'sairam', 'potluri9', 'khader_7786', 'ssahmed', 'ajay43', 'adeflux', 'guttivishu', 'jwala', 'harani', 'abed820', 'bhupathikalpana', 'ranjithpadidala', 'teresawei221', 'agayathri', 'kotanaveen', 'gsraghu', 'sribotla82', None, 'radhikak', 'rajanim', 'esteenbe']"
28,64,6,27,3,"['teresawei221', 'esteenbe', 'tejbelagodu']",2,"['rajanim', 'umechelimila']",24,"['myztical7', 'lazafq123', 'Trupthi', 'prabhubharathan', 'achalk', 'rmdong', 'nipunchaplot', 'Huskerfan333', 'melissalili', 'cjlasu', 'anupsasikumar', None, 'zwfchopin', 'anandecy3035', 'jcharri1', 'sairaghunath', 'Vasileska', 'nsashraf', 'ericdailey', 'aluby', 'xoai479', 'gokulaka', 'srivatsaaithal', 'jmnunez1']",29,"['rmdong', 'cjlasu', 'anupsasikumar', 'tejbelagodu', 'jcharri1', 'umechelimila', 'nsashraf', 'ericdailey', 'gokulaka', 'srivatsaaithal', 'myztical7', 'lazafq123', 'Trupthi', 'teresawei221', 'prabhubharathan', 'nipunchaplot', 'Huskerfan333', 'melissalili', None, 'zwfchopin', 'anandecy3035', 'sairaghunath', 'Vasileska', 'rajanim', 'aluby', 'xoai479', 'achalk', 'jmnunez1', 'esteenbe']"
28,19,6,23,1,['umechelimila'],4,"['rajanim', 'teresawei221', 'esteenbe', 'tejbelagodu']",22,"['ashfaq', 'sekhar_tee', 'yphani', 'harish', 'nagaraj', 'irshad', 'raamsid', 'lnaveen', 'pavan26kp', 'mdsadiq', 'potluri9', 'khader_7786', 'moturukh', 'ssahmed', 'jwala', 'harani', 'agayathri', 'gsraghu', 'jahnvi', None, 'radhikak', 'kajalpatil']",27,"['jwala', 'harani', 'yphani', 'sekhar_tee', 'ashfaq', 'teresawei221', 'harish', 'nagaraj', 'irshad', 'agayathri', 'gsraghu', 'jahnvi', None, 'tejbelagodu', 'radhikak', 'moturukh', 'raamsid', 'umechelimila', 'pavan26kp', 'lnaveen', 'rajanim', 'mdsadiq', 'potluri9', 'khader_7786', 'kajalpatil', 'esteenbe', 'ssahmed']"
31,42,6,7,1,['marcocampanati'],4,"['mastrapasqua', 'changbae', 'melkamu', 'palestri']",6,"['marioguido', 'gianni', 'buldus2', 'Fiorentini', 'mbraccioli', None]",11,"['mastrapasqua', 'palestri', 'marioguido', 'gianni', 'marcocampanati', 'buldus2', 'Fiorentini', 'mbraccioli', 'changbae', 'melkamu', None]"
31,43,6,7,1,['melkamu'],4,"['mastrapasqua', 'changbae', 'palestri', 'marcocampanati']",6,"['behde_k', 'Behde_k', 'damotg', 'seifuassefa', None, 'Behde_K']",11,"['mastrapasqua', 'behde_k', 'palestri', 'Behde_k', 'marcocampanati', 'damotg', 'changbae', 'melkamu', 'seifuassefa', None, 'Behde_K']"
