MClusterID,XClusterID,MClusterSize,XClusterSize,OverlapSize,OverlapMembers,MOnlySize,MOnlyMembers,XOnlySize,XOnlyMembers,CombinedSize,CombinedMembers
1,82,381,382,371,"['Asanghvi', 'eleslie', 'Wutang', 'rmadankumar', 'srf482', 'bea146', 'jsavitz', 'wutang', 'chyunger', 'hsh887', 'redbaron24', 'zmeadows', 'dcornew', 'ekatsaggelos', 'kimyeongmin', 'tpang', 'kaiello', 'lgries', 'ecetumer', 'ezhang7', 'emw329', 'msparr', 'kebbert', 'rpitner', 'ashroff', 'sab266', 'golson', 'lef507', 'jcagadas', 'hyi', 'anelson', 'mmorgan', 'abaxterbeck', 'klynch', 'apetrakos', 'cwilson', 'khuang', 'ahaase', 'mhinger', 'amarope', 'bpruitt', 'amrajah44', 'eherberg', 'meganichinose89', 'cdemirdogen', 'jdadabo', 'sramalingam', 'jopaauki', 'ysd339', 'arosado', 'ggriffin', 'kschref', 'dmyung', 'amoyce', 'tlightbourne', 'yngkaster', 'anh259', 'jyeung', 'jszewczyk', 'ariarevyan', 'cassisaari', 'Lauren', 'emiller', 'dso713', 'nirajanrajkarnikar', 'MeganWelker', 'npedroarena', 'yjchung87', 'csalfati', 'smartinez', 'jlim', 'mheller', 'tjm623', 'ehong', 'ksiddall05', 'crb471', 'brockly91', 'nrosenbaum', 'amn307', 'lscott', 'cmoore', 'kpopovich', 'hknowlton89', 'kluo', 'blovasik', 'laquitab1', 'lbaumgarten', 'mlm197', 'ctrigg', 'sglesmann', 'zalmquist', 'cmuller', 'kkraft', 'sbeymer', 'sbasore', 'pcappaert', 'rmason', 'susanmaz14', 'dgopinath', 'dgohr', 'kfrench', 'mnorko', 'gsllcanas', 'wseyfarth', 'nta560', 'rcs394', 'ratatat', 'plin1', 'jeassa', 'tim2paik', 'saraishack', 'ogreen', 'jarkin', 'iogundeko', 'kkadela', 'tbeckmann', 'ejl486', 'jzissman', 'hsosne', 'bhalloy', 'rqian', 'lryzhkova', 'nkramer', 'khelseth', 'ikim', 'aarongale', 'belindagurl', 'mleaf', 'joellenornstein11', 'kpederson', 'awestling', 'pbaranwal', 'mgrewal', 'jdylik', 'dlee1989', 'kkh253', 'bliu', 'lmg512', 'jay866', 'amphrosyne', 'dgrossheim', 'koala3miscarriage', 'achakraborty', 'carican', 'jwg745', 'ijn989', 'rsandy', 'nritter', 'germanchiwawa', 'hpo123', 'eaderby', 'emencher', 'klindenschmidt', 'jhaag', 'dch944', 'dtmartin', 'shong2', 'djm951', 'cwang1', 'briguy2007', 'yuenca', 'cbaldino', 'hdean', 'rcrook', 'jsher', 'rar228', 'zwittchow', 'Boopus8', 'rsk933', 'ncs802', 'asanghvi', 'r2087g', 'hauserb44', 'aliu77', 'mvollum', 'mpark', 'anastasia05', 'mstep575', 'bkuhar', 'amyjia', 'emd705', 'kms350', 'awang', 'giglegal1', 'brado41', 'Dmritard96', 'fare', 'jgoebbert', 'GOlson', 'tylorsama', 'ppanigrahi', 'csprangers', 'dtk893', 'aan', 'robinstiller', 'ybirnbaum', 'jpatel', 'slhatch', 'toericliu', 'jcheng', 'jkjohnson', 'akraus', 'elo501', 'ndoctor', 'jdiffee', 'afu560', 'akc0905', 'rschultz', 'jimbob394', 'srk972', 'pyy810', 'rdeeter', 'mmchugh', 'MMCHUGH', 'kjo100', 'clpsh', 'Kmo256', 'chill', 'elizoch217', 'alazarus', 'GigleGal1', 'alouettes1234', 'ksajosh88', 'bdusel', 'geeezluis', 'tjb799', 'scedwards4', 'alisonchevrier', 'rjs123', 'czhang', 'zya998', 'cthomas', 'kpa951', 'rzaman', 'tmpch13', 'egrodinsky', 'ckeaton', 'asigmund', 'jgabet', 'chisam87', 'fferrero', 'AnneReihman', 'yyu2007', 'stb391', 'hellsing', 'mmui', 'jkapaun', 'lauradiaz37', 'las554', 'pgoins', 'kelly2789', 'agchen', 'elaning', 'jwalkowicz', 'lizziegwagner', 'glee', 'nraj', 'strinh', 'krutiparikh', 'w1lde1', 'rcc0320', 'alichtor', 'jmaya', 'epollock', 'syu', 'daniel84', 'MrTwister5002', 'derekcftam', 'hshaikh', 'jratner', 'kkim0512', 'skrotseng', 'rlnevin', 'ASHROFF', 'ppi282', 'mdw730', 'tamonoshimo', 'eschwartz', 'jstockton', 'yesmanandy3589', 'mjhuvard', 'dash', 'ecastillo', 'cmho', 'actennis619', 'spyder255', 'mstark', 'njohnson', 'elee', 'mromanelli', 'dmitar1', 'kosuna', 'jheintz', 'oluna', 'ohnoitsmaria', 'rghatnekar', 'alfredo2049', 'tcn702', 'cjh818', 'Sasha10', 'msilliman', 'jcascarano', 'jb71788', 'clourgos', 'advorak0905', 'kgw477', 'ElozanoE', 'ehickey', 'dredding', 'esimon', 'soh', 'rdeboer', 'jto561', 'ewalker', 'jtsang', 'amk889', 'are248', 'bbatlle', 'klr705', 'msugimoto', 'mechilders', 'conormac09', 'iav650', 'lizzied', 'Hellsing', 'fyl708', 'samjemilo', 'dki671', 'nibrahim', 'lmanus', 'ksirak', 'mison6', 'kabraxis87', 'lwint', 'hhan326', 'sreddy', 'ykang', 'applevase', 'amcgrain', 'pshah', 'lramachandran', 'smprts', 'ndekker', 'Giglegal1', 'lfigel', 'bobhenry33', 'dubya01', 'ronilshah619', 'abarrios', 'abo598', 'Mdesjardins', 'agegios', 'edi827', 'cmorris', 'ccory', 'rkb226', 'jfc899', 'nalex', 'rsingh', 'lokoth146', 'hfp747', 'jon2049', 'jmartinson', 'pmcauliffe', 'dmc109', 'samantha', 'ivg785', 'kgspears', 'ec359', 'lba239', 'cankisagun']",10,"['siqbal', 'kiwimatto', 'ggo', 'let895', 'malbano', 'lhughes02', 'aernt', 'eparkin', 'jeckhart', 'eric17']",11,"['mlodriguito', 'srubinstein', 'Sportschic0515', 'kktsanes', 'schoi', 'khines', 'ryanshannahan', 'lakovits', 'rortenberg', 'smcnulty', 'ma0205163']",392,"['Asanghvi', 'eleslie', 'Wutang', 'rmadankumar', 'srf482', 'bea146', 'jsavitz', 'wutang', 'chyunger', 'hsh887', 'redbaron24', 'zmeadows', 'dcornew', 'ekatsaggelos', 'kimyeongmin', 'lakovits', 'tpang', 'kaiello', 'lgries', 'ecetumer', 'ezhang7', 'emw329', 'kebbert', 'msparr', 'rpitner', 'ashroff', 'sab266', 'golson', 'lef507', 'jcagadas', 'hyi', 'anelson', 'mmorgan', 'abaxterbeck', 'klynch', 'apetrakos', 'cwilson', 'khuang', 'ahaase', 'ma0205163', 'mhinger', 'amarope', 'bpruitt', 'eherberg', 'amrajah44', 'meganichinose89', 'cdemirdogen', 'jdadabo', 'sramalingam', 'jopaauki', 'Sportschic0515', 'ysd339', 'arosado', 'ggriffin', 'kschref', 'dmyung', 'amoyce', 'tlightbourne', 'yngkaster', 'anh259', 'jyeung', 'jszewczyk', 'ariarevyan', 'cassisaari', 'Lauren', 'emiller', 'dso713', 'nirajanrajkarnikar', 'MeganWelker', 'npedroarena', 'yjchung87', 'csalfati', 'smartinez', 'jlim', 'mheller', 'tjm623', 'ehong', 'mlodriguito', 'ksiddall05', 'crb471', 'brockly91', 'nrosenbaum', 'amn307', 'lscott', 'cmoore', 'kpopovich', 'hknowlton89', 'kluo', 'blovasik', 'laquitab1', 'lbaumgarten', 'mlm197', 'ctrigg', 'sglesmann', 'zalmquist', 'cmuller', 'kkraft', 'sbeymer', 'sbasore', 'pcappaert', 'rmason', 'susanmaz14', 'dgopinath', 'dgohr', 'kfrench', 'mnorko', 'gsllcanas', 'wseyfarth', 'nta560', 'rcs394', 'ratatat', 'plin1', 'jeassa', 'tim2paik', 'saraishack', 'ogreen', 'jarkin', 'iogundeko', 'kkadela', 'tbeckmann', 'ejl486', 'jzissman', 'hsosne', 'bhalloy', 'rqian', 'lryzhkova', 'nkramer', 'khelseth', 'ikim', 'siqbal', 'aarongale', 'belindagurl', 'mleaf', 'joellenornstein11', 'kpederson', 'awestling', 'pbaranwal', 'mgrewal', 'jdylik', 'dlee1989', 'kkh253', 'bliu', 'let895', 'lmg512', 'jay866', 'amphrosyne', 'dgrossheim', 'koala3miscarriage', 'kktsanes', 'achakraborty', 'carican', 'jwg745', 'ijn989', 'rsandy', 'nritter', 'germanchiwawa', 'hpo123', 'eaderby', 'emencher', 'klindenschmidt', 'jhaag', 'dch944', 'dtmartin', 'shong2', 'djm951', 'cwang1', 'briguy2007', 'yuenca', 'cbaldino', 'hdean', 'rcrook', 'jsher', 'rar228', 'zwittchow', 'Boopus8', 'rsk933', 'ncs802', 'asanghvi', 'r2087g', 'hauserb44', 'aliu77', 'mvollum', 'mpark', 'anastasia05', 'mstep575', 'bkuhar', 'amyjia', 'emd705', 'kms350', 'awang', 'giglegal1', 'brado41', 'Dmritard96', 'fare', 'jgoebbert', 'GOlson', 'tylorsama', 'ppanigrahi', 'csprangers', 'dtk893', 'aan', 'robinstiller', 'ybirnbaum', 'ryanshannahan', 'jpatel', 'slhatch', 'toericliu', 'jcheng', 'jkjohnson', 'khines', 'akraus', 'elo501', 'ndoctor', 'jdiffee', 'afu560', 'akc0905', 'rschultz', 'jimbob394', 'srk972', 'pyy810', 'rdeeter', 'mmchugh', 'MMCHUGH', 'kjo100', 'clpsh', 'Kmo256', 'chill', 'elizoch217', 'alazarus', 'GigleGal1', 'alouettes1234', 'ksajosh88', 'bdusel', 'eparkin', 'geeezluis', 'tjb799', 'scedwards4', 'alisonchevrier', 'rjs123', 'czhang', 'rortenberg', 'zya998', 'cthomas', 'kpa951', 'rzaman', 'jeckhart', 'tmpch13', 'egrodinsky', 'ckeaton', 'asigmund', 'jgabet', 'chisam87', 'fferrero', 'AnneReihman', 'yyu2007', 'stb391', 'hellsing', 'mmui', 'jkapaun', 'lauradiaz37', 'las554', 'pgoins', 'kelly2789', 'agchen', 'elaning', 'jwalkowicz', 'lizziegwagner', 'glee', 'nraj', 'strinh', 'krutiparikh', 'w1lde1', 'rcc0320', 'alichtor', 'jmaya', 'epollock', 'ggo', 'syu', 'daniel84', 'MrTwister5002', 'smcnulty', 'derekcftam', 'hshaikh', 'jratner', 'kkim0512', 'skrotseng', 'rlnevin', 'ASHROFF', 'schoi', 'ppi282', 'mdw730', 'tamonoshimo', 'eschwartz', 'jstockton', 'yesmanandy3589', 'mjhuvard', 'dash', 'ecastillo', 'srubinstein', 'cmho', 'actennis619', 'spyder255', 'mstark', 'njohnson', 'elee', 'mromanelli', 'dmitar1', 'kosuna', 'jheintz', 'oluna', 'ohnoitsmaria', 'rghatnekar', 'alfredo2049', 'tcn702', 'cjh818', 'Sasha10', 'msilliman', 'jcascarano', 'jb71788', 'clourgos', 'advorak0905', 'kgw477', 'ElozanoE', 'ehickey', 'dredding', 'esimon', 'soh', 'rdeboer', 'aernt', 'jto561', 'ewalker', 'jtsang', 'amk889', 'are248', 'bbatlle', 'kiwimatto', 'klr705', 'msugimoto', 'mechilders', 'conormac09', 'iav650', 'lizzied', 'malbano', 'Hellsing', 'fyl708', 'eric17', 'lhughes02', 'samjemilo', 'dki671', 'nibrahim', 'lmanus', 'ksirak', 'mison6', 'kabraxis87', 'lwint', 'hhan326', 'sreddy', 'ykang', 'applevase', 'amcgrain', 'pshah', 'lramachandran', 'smprts', 'ndekker', 'Giglegal1', 'lfigel', 'bobhenry33', 'dubya01', 'ronilshah619', 'abarrios', 'abo598', 'Mdesjardins', 'agegios', 'edi827', 'cmorris', 'ccory', 'rkb226', 'jfc899', 'nalex', 'rsingh', 'lokoth146', 'hfp747', 'jon2049', 'jmartinson', 'pmcauliffe', 'dmc109', 'samantha', 'ivg785', 'kgspears', 'ec359', 'lba239', 'cankisagun']"
1,67,381,368,314,"['eleslie', 'Wutang', 'rmadankumar', 'chyunger', 'hsh887', 'redbaron24', 'zmeadows', 'dcornew', 'kimyeongmin', 'tpang', 'kaiello', 'lgries', 'ecetumer', 'ezhang7', 'kebbert', 'rpitner', 'ashroff', 'sab266', 'lef507', 'jcagadas', 'hyi', 'anelson', 'mmorgan', 'abaxterbeck', 'klynch', 'ahaase', 'khuang', 'cwilson', 'mhinger', 'bpruitt', 'eherberg', 'amrajah44', 'meganichinose89', 'cdemirdogen', 'jdadabo', 'jopaauki', 'ysd339', 'arosado', 'ggriffin', 'kschref', 'dmyung', 'amoyce', 'tlightbourne', 'yngkaster', 'anh259', 'jyeung', 'jszewczyk', 'ariarevyan', 'cassisaari', 'Lauren', 'emiller', 'npedroarena', 'nirajanrajkarnikar', 'MeganWelker', 'yjchung87', 'csalfati', 'smartinez', 'mheller', 'ehong', 'ksiddall05', 'crb471', 'brockly91', 'nrosenbaum', 'amn307', 'lscott', 'cmoore', 'hknowlton89', 'kluo', 'blovasik', 'lbaumgarten', 'sglesmann', 'zalmquist', 'cmuller', 'kkraft', 'sbasore', 'pcappaert', 'rmason', 'susanmaz14', 'dgohr', 'kfrench', 'mnorko', 'gsllcanas', 'wseyfarth', 'nta560', 'rcs394', 'ratatat', 'plin1', 'jeassa', 'tim2paik', 'saraishack', 'ogreen', 'jarkin', 'iogundeko', 'kkadela', 'ejl486', 'jzissman', 'hsosne', 'bhalloy', 'lryzhkova', 'rqian', 'nkramer', 'khelseth', 'ikim', 'aarongale', 'belindagurl', 'mleaf', 'joellenornstein11', 'kpederson', 'awestling', 'pbaranwal', 'jdylik', 'dlee1989', 'kkh253', 'bliu', 'let895', 'lmg512', 'jay866', 'dgrossheim', 'koala3miscarriage', 'achakraborty', 'carican', 'jwg745', 'ijn989', 'rsandy', 'hpo123', 'germanchiwawa', 'emencher', 'eaderby', 'klindenschmidt', 'dch944', 'jhaag', 'dtmartin', 'shong2', 'cwang1', 'briguy2007', 'yuenca', 'cbaldino', 'rcrook', 'jsher', 'rar228', 'zwittchow', 'rsk933', 'ncs802', 'asanghvi', 'r2087g', 'hauserb44', 'aliu77', 'mvollum', 'mpark', 'anastasia05', 'mstep575', 'bkuhar', 'amyjia', 'awang', 'emd705', 'kms350', 'giglegal1', 'brado41', 'GOlson', 'ppanigrahi', 'aan', 'robinstiller', 'ybirnbaum', 'dtk893', 'jpatel', 'slhatch', 'toericliu', 'jcheng', 'jkjohnson', 'ndoctor', 'elo501', 'jdiffee', 'akc0905', 'rschultz', 'jimbob394', 'srk972', 'pyy810', 'rdeeter', 'mmchugh', 'kjo100', 'clpsh', 'Kmo256', 'chill', 'elizoch217', 'alazarus', 'GigleGal1', 'alouettes1234', 'ksajosh88', 'geeezluis', 'tjb799', 'scedwards4', 'rjs123', 'czhang', 'zya998', 'cthomas', 'kpa951', 'rzaman', 'tmpch13', 'egrodinsky', 'ckeaton', 'asigmund', 'jgabet', 'chisam87', 'fferrero', 'yyu2007', 'AnneReihman', 'hellsing', 'mmui', 'jkapaun', 'lauradiaz37', 'las554', 'pgoins', 'kelly2789', 'agchen', 'elaning', 'jwalkowicz', 'lizziegwagner', 'glee', 'strinh', 'w1lde1', 'rcc0320', 'jmaya', 'epollock', 'MrTwister5002', 'derekcftam', 'hshaikh', 'jratner', 'kkim0512', 'skrotseng', 'rlnevin', 'ppi282', 'mdw730', 'tamonoshimo', 'eschwartz', 'jstockton', 'yesmanandy3589', 'mjhuvard', 'dash', 'ecastillo', 'cmho', 'spyder255', 'mstark', 'njohnson', 'elee', 'mromanelli', 'kosuna', 'jheintz', 'oluna', 'ohnoitsmaria', 'alfredo2049', 'rghatnekar', 'cjh818', 'Sasha10', 'msilliman', 'jcascarano', 'clourgos', 'advorak0905', 'kgw477', 'ehickey', 'soh', 'aernt', 'jto561', 'ewalker', 'jtsang', 'amk889', 'are248', 'bbatlle', 'klr705', 'msugimoto', 'iav650', 'lizzied', 'malbano', 'fyl708', 'eric17', 'samjemilo', 'dki671', 'nibrahim', 'lmanus', 'ksirak', 'mison6', 'kabraxis87', 'hhan326', 'sreddy', 'ykang', 'applevase', 'amcgrain', 'pshah', 'lramachandran', 'smprts', 'ndekker', 'Giglegal1', 'bobhenry33', 'lfigel', 'ronilshah619', 'abarrios', 'abo598', 'Mdesjardins', 'agegios', 'edi827', 'ccory', 'jfc899', 'rkb226', 'nalex', 'rsingh', 'lokoth146', 'hfp747', 'jon2049', 'jmartinson', 'pmcauliffe', 'dmc109', 'samantha', 'ivg785', 'lba239', 'cankisagun']",67,"['Asanghvi', 'Dmritard96', 'jlim', 'nraj', 'fare', 'Hellsing', 'krutiparikh', 'jb71788', 'jgoebbert', 'dubya01', 'tjm623', 'jeckhart', 'sramalingam', 'golson', 'tylorsama', 'tbeckmann', 'ElozanoE', 'srf482', 'bea146', 'nritter', 'Boopus8', 'csprangers', 'alichtor', 'sbeymer', 'jsavitz', 'MMCHUGH', 'lhughes02', 'cmorris', 'dredding', 'kpopovich', 'esimon', 'wutang', 'ggo', 'djm951', 'actennis619', 'syu', 'siqbal', 'stb391', 'dgopinath', 'bdusel', 'apetrakos', 'dmitar1', 'akraus', 'rdeboer', 'daniel84', 'eparkin', 'ekatsaggelos', 'mechilders', 'laquitab1', 'mgrewal', 'lwint', 'kgspears', 'kiwimatto', 'mlm197', 'amarope', 'ec359', 'afu560', 'ASHROFF', 'alisonchevrier', 'ctrigg', 'dso713', 'amphrosyne', 'emw329', 'msparr', 'conormac09', 'hdean', 'tcn702']",54,"['MGillis', 'mburt', 'syvellium', 'Kotlerd', 'matkinson', 'kare26', 'Alouettes1234', 'mff620', 'zeh127', 'ijb500', 'abaylan', 'Sportschic0515', 'jli942', 'ni7389', 'KSimonson', 'kLuo', 'nwilson33', 'douglasbartels', 'hitehc', 'The_Duck', 'yli245', 'atylergli', 'lfm413', 'bbcawodu', 'suelynyu', 'amohammed7', 'mattshax', 'khines', 'mfitz27', 'sjlanus', 'annereihman', 'JKRIMMEL', 'csn474', 'Ksimonson', 'scho', 'jtartakovsky', 'chloerobins', 'nem270', 'petrakos', 'alh682', 'ksimonson', 'EDutton', 'snafudan', None, 'ma0205163', 'noquarter', 'RQian', 'krezzadeh', 'hal718', 'flynk', 'boopus8', 'hhua', 'whiteschwoch', 'zwarburg']",435,"['MGillis', 'Asanghvi', 'eleslie', 'Wutang', 'rmadankumar', 'srf482', 'bea146', 'jsavitz', 'douglasbartels', 'wutang', 'chyunger', 'hsh887', 'redbaron24', 'zmeadows', 'dcornew', 'ekatsaggelos', 'kimyeongmin', 'tpang', 'nem270', 'kaiello', 'lgries', 'ecetumer', 'flynk', 'ezhang7', 'emw329', 'kebbert', 'msparr', 'rpitner', 'ashroff', 'syvellium', 'sab266', 'golson', 'ijb500', 'lef507', 'jcagadas', 'hyi', 'anelson', 'mmorgan', 'abaxterbeck', 'klynch', 'apetrakos', 'cwilson', 'khuang', 'ahaase', 'annereihman', None, 'ma0205163', 'mhinger', 'amarope', 'bpruitt', 'eherberg', 'amrajah44', 'meganichinose89', 'cdemirdogen', 'jdadabo', 'sramalingam', 'jopaauki', 'Sportschic0515', 'ysd339', 'arosado', 'ggriffin', 'kschref', 'dmyung', 'amoyce', 'tlightbourne', 'atylergli', 'yngkaster', 'anh259', 'jyeung', 'amohammed7', 'jszewczyk', 'Ksimonson', 'scho', 'ariarevyan', 'cassisaari', 'alh682', 'snafudan', 'EDutton', 'krezzadeh', 'Lauren', 'emiller', 'dso713', 'nirajanrajkarnikar', 'MeganWelker', 'npedroarena', 'yjchung87', 'csalfati', 'smartinez', 'jlim', 'mheller', 'matkinson', 'tjm623', 'ehong', 'ksiddall05', 'crb471', 'brockly91', 'nrosenbaum', 'amn307', 'lscott', 'ni7389', 'cmoore', 'kpopovich', 'hknowlton89', 'kluo', 'suelynyu', 'blovasik', 'laquitab1', 'lbaumgarten', 'mlm197', 'ctrigg', 'sglesmann', 'zalmquist', 'cmuller', 'abaylan', 'kkraft', 'sbeymer', 'sbasore', 'pcappaert', 'rmason', 'susanmaz14', 'dgopinath', 'dgohr', 'kfrench', 'mnorko', 'petrakos', 'gsllcanas', 'wseyfarth', 'nta560', 'rcs394', 'ratatat', 'plin1', 'hhua', 'jeassa', 'tim2paik', 'saraishack', 'ogreen', 'jarkin', 'iogundeko', 'kkadela', 'tbeckmann', 'ejl486', 'jzissman', 'KSimonson', 'kLuo', 'hsosne', 'bhalloy', 'rqian', 'lryzhkova', 'nkramer', 'khelseth', 'yli245', 'ikim', 'siqbal', 'aarongale', 'belindagurl', 'mleaf', 'joellenornstein11', 'kpederson', 'awestling', 'pbaranwal', 'mgrewal', 'jdylik', 'dlee1989', 'kkh253', 'bliu', 'let895', 'lmg512', 'jay866', 'amphrosyne', 'dgrossheim', 'zwarburg', 'koala3miscarriage', 'achakraborty', 'carican', 'jwg745', 'ijn989', 'rsandy', 'nritter', 'germanchiwawa', 'hpo123', 'eaderby', 'emencher', 'klindenschmidt', 'jhaag', 'dch944', 'The_Duck', 'dtmartin', 'shong2', 'djm951', 'cwang1', 'briguy2007', 'noquarter', 'hal718', 'yuenca', 'cbaldino', 'hdean', 'Kotlerd', 'rcrook', 'jsher', 'rar228', 'zwittchow', 'Boopus8', 'rsk933', 'jli942', 'ncs802', 'asanghvi', 'r2087g', 'hauserb44', 'aliu77', 'mvollum', 'jtartakovsky', 'mpark', 'anastasia05', 'mstep575', 'bkuhar', 'amyjia', 'emd705', 'kms350', 'awang', 'giglegal1', 'brado41', 'Dmritard96', 'fare', 'jgoebbert', 'GOlson', 'Alouettes1234', 'tylorsama', 'ppanigrahi', 'csprangers', 'dtk893', 'aan', 'robinstiller', 'ybirnbaum', 'hitehc', 'jpatel', 'slhatch', 'toericliu', 'jcheng', 'jkjohnson', 'khines', 'akraus', 'sjlanus', 'elo501', 'ndoctor', 'jdiffee', 'afu560', 'akc0905', 'rschultz', 'jimbob394', 'srk972', 'pyy810', 'rdeeter', 'mmchugh', 'MMCHUGH', 'kjo100', 'clpsh', 'Kmo256', 'chill', 'elizoch217', 'alazarus', 'lfm413', 'GigleGal1', 'alouettes1234', 'ksajosh88', 'bdusel', 'mfitz27', 'eparkin', 'geeezluis', 'tjb799', 'scedwards4', 'alisonchevrier', 'rjs123', 'czhang', 'zya998', 'cthomas', 'kpa951', 'rzaman', 'jeckhart', 'tmpch13', 'egrodinsky', 'ckeaton', 'asigmund', 'jgabet', 'chisam87', 'fferrero', 'AnneReihman', 'yyu2007', 'stb391', 'hellsing', 'JKRIMMEL', 'mmui', 'jkapaun', 'lauradiaz37', 'las554', 'pgoins', 'kelly2789', 'agchen', 'elaning', 'jwalkowicz', 'mburt', 'lizziegwagner', 'glee', 'nraj', 'strinh', 'krutiparikh', 'w1lde1', 'kare26', 'rcc0320', 'mff620', 'alichtor', 'jmaya', 'epollock', 'ggo', 'syu', 'daniel84', 'chloerobins', 'MrTwister5002', 'ksimonson', 'derekcftam', 'hshaikh', 'jratner', 'kkim0512', 'skrotseng', 'RQian', 'rlnevin', 'ASHROFF', 'ppi282', 'boopus8', 'mdw730', 'tamonoshimo', 'eschwartz', 'jstockton', 'yesmanandy3589', 'mjhuvard', 'dash', 'ecastillo', 'cmho', 'actennis619', 'spyder255', 'mstark', 'njohnson', 'bbcawodu', 'elee', 'mromanelli', 'dmitar1', 'csn474', 'kosuna', 'jheintz', 'oluna', 'ohnoitsmaria', 'rghatnekar', 'alfredo2049', 'whiteschwoch', 'tcn702', 'cjh818', 'Sasha10', 'msilliman', 'jcascarano', 'jb71788', 'clourgos', 'advorak0905', 'kgw477', 'ElozanoE', 'ehickey', 'dredding', 'esimon', 'soh', 'rdeboer', 'aernt', 'jto561', 'ewalker', 'jtsang', 'amk889', 'are248', 'bbatlle', 'kiwimatto', 'klr705', 'msugimoto', 'mechilders', 'conormac09', 'iav650', 'zeh127', 'lizzied', 'malbano', 'Hellsing', 'fyl708', 'eric17', 'lhughes02', 'samjemilo', 'dki671', 'nibrahim', 'lmanus', 'ksirak', 'mison6', 'mattshax', 'kabraxis87', 'lwint', 'hhan326', 'sreddy', 'ykang', 'applevase', 'amcgrain', 'pshah', 'lramachandran', 'smprts', 'ndekker', 'Giglegal1', 'lfigel', 'bobhenry33', 'dubya01', 'ronilshah619', 'abarrios', 'abo598', 'Mdesjardins', 'agegios', 'edi827', 'cmorris', 'ccory', 'nwilson33', 'rkb226', 'jfc899', 'nalex', 'rsingh', 'lokoth146', 'hfp747', 'jon2049', 'jmartinson', 'pmcauliffe', 'dmc109', 'samantha', 'ivg785', 'kgspears', 'ec359', 'lba239', 'cankisagun']"
1,84,381,44,2,"['lfigel', 'slhatch']",379,"['Asanghvi', 'Dmritard96', 'fare', 'jgoebbert', 'GOlson', 'eleslie', 'Wutang', 'rmadankumar', 'tylorsama', 'srf482', 'ppanigrahi', 'bea146', 'csprangers', 'jsavitz', 'dtk893', 'aan', 'robinstiller', 'ybirnbaum', 'wutang', 'chyunger', 'jpatel', 'hsh887', 'redbaron24', 'toericliu', 'zmeadows', 'jcheng', 'jkjohnson', 'akraus', 'dcornew', 'ekatsaggelos', 'kimyeongmin', 'elo501', 'tpang', 'ndoctor', 'kaiello', 'jdiffee', 'lgries', 'afu560', 'ecetumer', 'ezhang7', 'emw329', 'kebbert', 'msparr', 'akc0905', 'rschultz', 'rpitner', 'jimbob394', 'ashroff', 'srk972', 'sab266', 'pyy810', 'rdeeter', 'golson', 'lef507', 'mmchugh', 'jcagadas', 'MMCHUGH', 'hyi', 'kjo100', 'clpsh', 'Kmo256', 'chill', 'anelson', 'elizoch217', 'alazarus', 'mmorgan', 'abaxterbeck', 'GigleGal1', 'klynch', 'alouettes1234', 'ksajosh88', 'bdusel', 'apetrakos', 'cwilson', 'khuang', 'ahaase', 'eparkin', 'geeezluis', 'tjb799', 'scedwards4', 'mhinger', 'amarope', 'bpruitt', 'alisonchevrier', 'rjs123', 'czhang', 'zya998', 'eherberg', 'amrajah44', 'cthomas', 'kpa951', 'meganichinose89', 'rzaman', 'jeckhart', 'cdemirdogen', 'jdadabo', 'sramalingam', 'jopaauki', 'ysd339', 'tmpch13', 'arosado', 'egrodinsky', 'ggriffin', 'ckeaton', 'asigmund', 'kschref', 'dmyung', 'jgabet', 'amoyce', 'tlightbourne', 'yngkaster', 'chisam87', 'anh259', 'fferrero', 'AnneReihman', 'yyu2007', 'stb391', 'jyeung', 'hellsing', 'jszewczyk', 'mmui', 'jkapaun', 'ariarevyan', 'lauradiaz37', 'cassisaari', 'las554', 'pgoins', 'kelly2789', 'Lauren', 'emiller', 'dso713', 'nirajanrajkarnikar', 'MeganWelker', 'npedroarena', 'agchen', 'elaning', 'jwalkowicz', 'yjchung87', 'csalfati', 'smartinez', 'lizziegwagner', 'jlim', 'mheller', 'glee', 'nraj', 'strinh', 'krutiparikh', 'w1lde1', 'rcc0320', 'tjm623', 'ehong', 'ksiddall05', 'crb471', 'brockly91', 'nrosenbaum', 'amn307', 'lscott', 'alichtor', 'jmaya', 'cmoore', 'epollock', 'kpopovich', 'ggo', 'hknowlton89', 'syu', 'kluo', 'blovasik', 'daniel84', 'MrTwister5002', 'derekcftam', 'laquitab1', 'lbaumgarten', 'hshaikh', 'jratner', 'kkim0512', 'skrotseng', 'rlnevin', 'mlm197', 'ASHROFF', 'ctrigg', 'sglesmann', 'ppi282', 'mdw730', 'tamonoshimo', 'eschwartz', 'jstockton', 'yesmanandy3589', 'zalmquist', 'mjhuvard', 'cmuller', 'dash', 'ecastillo', 'kkraft', 'sbeymer', 'sbasore', 'pcappaert', 'cmho', 'rmason', 'actennis619', 'spyder255', 'susanmaz14', 'mstark', 'njohnson', 'elee', 'dgopinath', 'mromanelli', 'dgohr', 'dmitar1', 'kfrench', 'mnorko', 'kosuna', 'gsllcanas', 'wseyfarth', 'nta560', 'rcs394', 'ratatat', 'jheintz', 'plin1', 'oluna', 'ohnoitsmaria', 'jeassa', 'tim2paik', 'saraishack', 'rghatnekar', 'alfredo2049', 'tcn702', 'ogreen', 'jarkin', 'cjh818', 'Sasha10', 'msilliman', 'jcascarano', 'jb71788', 'clourgos', 'iogundeko', 'advorak0905', 'kgw477', 'ElozanoE', 'kkadela', 'tbeckmann', 'ejl486', 'ehickey', 'jzissman', 'hsosne', 'bhalloy', 'dredding', 'rqian', 'lryzhkova', 'nkramer', 'esimon', 'khelseth', 'soh', 'ikim', 'siqbal', 'aarongale', 'belindagurl', 'rdeboer', 'mleaf', 'joellenornstein11', 'aernt', 'jto561', 'kpederson', 'awestling', 'ewalker', 'jtsang', 'pbaranwal', 'mgrewal', 'amk889', 'jdylik', 'are248', 'bbatlle', 'dlee1989', 'kkh253', 'bliu', 'kiwimatto', 'klr705', 'let895', 'lmg512', 'msugimoto', 'jay866', 'amphrosyne', 'dgrossheim', 'mechilders', 'conormac09', 'iav650', 'koala3miscarriage', 'lizzied', 'malbano', 'achakraborty', 'carican', 'Hellsing', 'jwg745', 'fyl708', 'eric17', 'ijn989', 'rsandy', 'nritter', 'germanchiwawa', 'hpo123', 'lhughes02', 'eaderby', 'emencher', 'samjemilo', 'klindenschmidt', 'jhaag', 'dch944', 'dtmartin', 'shong2', 'djm951', 'dki671', 'nibrahim', 'lmanus', 'ksirak', 'mison6', 'cwang1', 'briguy2007', 'kabraxis87', 'lwint', 'hhan326', 'sreddy', 'ykang', 'applevase', 'amcgrain', 'pshah', 'yuenca', 'cbaldino', 'hdean', 'lramachandran', 'smprts', 'ndekker', 'Giglegal1', 'rcrook', 'bobhenry33', 'jsher', 'dubya01', 'rar228', 'zwittchow', 'Boopus8', 'rsk933', 'ronilshah619', 'abarrios', 'ncs802', 'abo598', 'Mdesjardins', 'agegios', 'asanghvi', 'edi827', 'r2087g', 'cmorris', 'ccory', 'rkb226', 'jfc899', 'nalex', 'rsingh', 'lokoth146', 'hfp747', 'jon2049', 'jmartinson', 'pmcauliffe', 'hauserb44', 'aliu77', 'mvollum', 'dmc109', 'samantha', 'ivg785', 'kgspears', 'mpark', 'anastasia05', 'ec359', 'lba239', 'cankisagun', 'mstep575', 'bkuhar', 'amyjia', 'emd705', 'kms350', 'awang', 'giglegal1', 'brado41']",42,"['afang29', 'eth996', 'nac278', 'schatz', 'janr6', 'sdibenedetto', 'mlodriguito', 'spd423', 'mha312', 'KhunWasut', 'mer456', 'rwojahn', 'dstehura', 'smh644', 'atanase', 'jessseb', 'mlh331', 'jroden', 'khunwasut', 'sstrasser', 'ebaistrup', 'jtitova86', 'willbriley', 'jsirk', 'vanguard', 'wbriley', 'vpa573', 'ejb030', None, 'aliu', 'keanenryan', 'Khunwasut', 'tresprynter', 'bigguy12986', 'redhead42', 'atomadam2', 'zjb407', 'navra86', 'nickname', 'Janr6', 'andyrincewind', 'GiantCrab']",423,"['Asanghvi', 'Dmritard96', 'fare', 'jgoebbert', 'GOlson', 'eleslie', 'Wutang', 'rmadankumar', 'tylorsama', 'srf482', 'ppanigrahi', 'bea146', 'csprangers', 'jsavitz', 'mer456', 'dtk893', 'aan', 'robinstiller', 'ybirnbaum', 'wutang', 'chyunger', 'jpatel', 'slhatch', 'hsh887', 'redbaron24', 'toericliu', 'zmeadows', 'jcheng', 'jkjohnson', 'akraus', 'dcornew', 'ekatsaggelos', 'kimyeongmin', 'elo501', 'tpang', 'ndoctor', 'kaiello', 'jdiffee', 'lgries', 'afu560', 'ecetumer', 'ezhang7', 'nickname', 'emw329', 'andyrincewind', 'kebbert', 'msparr', 'akc0905', 'rschultz', 'rpitner', 'jimbob394', 'afang29', 'ashroff', 'srk972', 'sab266', 'pyy810', 'rdeeter', 'sdibenedetto', 'golson', 'lef507', 'mmchugh', 'spd423', 'jcagadas', 'MMCHUGH', 'hyi', 'kjo100', 'dstehura', 'clpsh', 'Kmo256', 'chill', 'anelson', 'jroden', 'elizoch217', 'alazarus', 'mmorgan', 'abaxterbeck', 'GigleGal1', 'klynch', 'alouettes1234', 'ksajosh88', 'bdusel', 'apetrakos', 'cwilson', 'khuang', 'ahaase', 'eparkin', 'geeezluis', 'tjb799', None, 'scedwards4', 'mhinger', 'amarope', 'bpruitt', 'alisonchevrier', 'rjs123', 'czhang', 'zya998', 'eherberg', 'amrajah44', 'cthomas', 'kpa951', 'meganichinose89', 'rzaman', 'jeckhart', 'cdemirdogen', 'jdadabo', 'sramalingam', 'jopaauki', 'KhunWasut', 'ysd339', 'tmpch13', 'arosado', 'egrodinsky', 'atanase', 'ggriffin', 'ckeaton', 'mlh331', 'asigmund', 'kschref', 'dmyung', 'jgabet', 'amoyce', 'tlightbourne', 'yngkaster', 'chisam87', 'anh259', 'fferrero', 'AnneReihman', 'yyu2007', 'stb391', 'jyeung', 'hellsing', 'jszewczyk', 'mmui', 'jkapaun', 'ejb030', 'ariarevyan', 'lauradiaz37', 'cassisaari', 'las554', 'pgoins', 'kelly2789', 'redhead42', 'Lauren', 'navra86', 'emiller', 'dso713', 'nirajanrajkarnikar', 'MeganWelker', 'npedroarena', 'agchen', 'elaning', 'jwalkowicz', 'yjchung87', 'csalfati', 'smartinez', 'lizziegwagner', 'jlim', 'mheller', 'glee', 'nraj', 'strinh', 'krutiparikh', 'w1lde1', 'rcc0320', 'tjm623', 'ehong', 'mlodriguito', 'ksiddall05', 'crb471', 'brockly91', 'nrosenbaum', 'amn307', 'lscott', 'alichtor', 'jmaya', 'cmoore', 'epollock', 'kpopovich', 'ggo', 'hknowlton89', 'syu', 'kluo', 'blovasik', 'jsirk', 'daniel84', 'MrTwister5002', 'derekcftam', 'laquitab1', 'lbaumgarten', 'hshaikh', 'aliu', 'jratner', 'kkim0512', 'skrotseng', 'rlnevin', 'mlm197', 'ASHROFF', 'ctrigg', 'sglesmann', 'ppi282', 'mdw730', 'tamonoshimo', 'eschwartz', 'jstockton', 'yesmanandy3589', 'zalmquist', 'mjhuvard', 'cmuller', 'dash', 'ecastillo', 'kkraft', 'sbeymer', 'smh644', 'sbasore', 'pcappaert', 'cmho', 'rmason', 'actennis619', 'spyder255', 'susanmaz14', 'mstark', 'sstrasser', 'njohnson', 'elee', 'ebaistrup', 'dgopinath', 'vanguard', 'mromanelli', 'dgohr', 'dmitar1', 'kfrench', 'mnorko', 'kosuna', 'gsllcanas', 'tresprynter', 'wseyfarth', 'nta560', 'rcs394', 'ratatat', 'jheintz', 'plin1', 'oluna', 'ohnoitsmaria', 'jeassa', 'tim2paik', 'saraishack', 'rghatnekar', 'alfredo2049', 'GiantCrab', 'tcn702', 'ogreen', 'jarkin', 'cjh818', 'Sasha10', 'eth996', 'nac278', 'msilliman', 'jcascarano', 'jb71788', 'clourgos', 'iogundeko', 'advorak0905', 'kgw477', 'ElozanoE', 'kkadela', 'tbeckmann', 'ejl486', 'ehickey', 'jzissman', 'hsosne', 'jessseb', 'bhalloy', 'dredding', 'rqian', 'lryzhkova', 'nkramer', 'esimon', 'khelseth', 'soh', 'ikim', 'khunwasut', 'siqbal', 'aarongale', 'jtitova86', 'wbriley', 'belindagurl', 'rdeboer', 'mleaf', 'joellenornstein11', 'aernt', 'jto561', 'kpederson', 'awestling', 'ewalker', 'jtsang', 'pbaranwal', 'mgrewal', 'amk889', 'jdylik', 'are248', 'bbatlle', 'dlee1989', 'kkh253', 'bliu', 'kiwimatto', 'klr705', 'Khunwasut', 'bigguy12986', 'let895', 'zjb407', 'lmg512', 'msugimoto', 'jay866', 'amphrosyne', 'dgrossheim', 'mechilders', 'conormac09', 'iav650', 'koala3miscarriage', 'lizzied', 'malbano', 'achakraborty', 'carican', 'Hellsing', 'jwg745', 'fyl708', 'janr6', 'eric17', 'ijn989', 'rsandy', 'nritter', 'germanchiwawa', 'hpo123', 'mha312', 'rwojahn', 'lhughes02', 'eaderby', 'emencher', 'samjemilo', 'klindenschmidt', 'jhaag', 'dch944', 'dtmartin', 'shong2', 'djm951', 'dki671', 'nibrahim', 'lmanus', 'ksirak', 'willbriley', 'mison6', 'cwang1', 'briguy2007', 'kabraxis87', 'lwint', 'keanenryan', 'hhan326', 'sreddy', 'ykang', 'atomadam2', 'applevase', 'amcgrain', 'pshah', 'Janr6', 'yuenca', 'cbaldino', 'hdean', 'lramachandran', 'smprts', 'ndekker', 'schatz', 'Giglegal1', 'rcrook', 'lfigel', 'bobhenry33', 'jsher', 'dubya01', 'rar228', 'zwittchow', 'Boopus8', 'rsk933', 'ronilshah619', 'abarrios', 'ncs802', 'abo598', 'Mdesjardins', 'agegios', 'asanghvi', 'edi827', 'r2087g', 'cmorris', 'ccory', 'rkb226', 'jfc899', 'nalex', 'rsingh', 'lokoth146', 'hfp747', 'jon2049', 'jmartinson', 'pmcauliffe', 'hauserb44', 'aliu77', 'vpa573', 'mvollum', 'dmc109', 'samantha', 'ivg785', 'kgspears', 'mpark', 'anastasia05', 'ec359', 'lba239', 'cankisagun', 'mstep575', 'bkuhar', 'amyjia', 'emd705', 'kms350', 'awang', 'giglegal1', 'brado41']"
1,68,381,22,18,"['njohnson', 'srk972', 'iav650', 'jcheng', 'nta560', 'ctrigg', 'mjhuvard', 'lbaumgarten', 'robinstiller', 'jgoebbert', 'dredding', 'rcc0320', 'esimon', 'jeckhart', 'yuenca', 'ivg785', 'mgrewal', 'tcn702']",363,"['Asanghvi', 'Dmritard96', 'fare', 'GOlson', 'eleslie', 'Wutang', 'rmadankumar', 'tylorsama', 'srf482', 'ppanigrahi', 'bea146', 'csprangers', 'jsavitz', 'dtk893', 'aan', 'ybirnbaum', 'wutang', 'chyunger', 'jpatel', 'slhatch', 'hsh887', 'redbaron24', 'toericliu', 'zmeadows', 'jkjohnson', 'akraus', 'dcornew', 'ekatsaggelos', 'kimyeongmin', 'elo501', 'tpang', 'ndoctor', 'kaiello', 'jdiffee', 'lgries', 'afu560', 'ecetumer', 'ezhang7', 'emw329', 'kebbert', 'msparr', 'akc0905', 'rschultz', 'rpitner', 'jimbob394', 'ashroff', 'sab266', 'pyy810', 'rdeeter', 'golson', 'lef507', 'mmchugh', 'jcagadas', 'MMCHUGH', 'hyi', 'kjo100', 'clpsh', 'Kmo256', 'chill', 'anelson', 'elizoch217', 'alazarus', 'mmorgan', 'abaxterbeck', 'GigleGal1', 'klynch', 'alouettes1234', 'ksajosh88', 'bdusel', 'apetrakos', 'cwilson', 'khuang', 'ahaase', 'eparkin', 'geeezluis', 'tjb799', 'scedwards4', 'mhinger', 'amarope', 'bpruitt', 'alisonchevrier', 'rjs123', 'czhang', 'zya998', 'eherberg', 'amrajah44', 'cthomas', 'kpa951', 'meganichinose89', 'rzaman', 'cdemirdogen', 'jdadabo', 'sramalingam', 'jopaauki', 'ysd339', 'tmpch13', 'arosado', 'egrodinsky', 'ggriffin', 'ckeaton', 'asigmund', 'kschref', 'dmyung', 'jgabet', 'amoyce', 'tlightbourne', 'yngkaster', 'chisam87', 'anh259', 'fferrero', 'AnneReihman', 'yyu2007', 'stb391', 'jyeung', 'hellsing', 'jszewczyk', 'mmui', 'jkapaun', 'ariarevyan', 'lauradiaz37', 'cassisaari', 'las554', 'pgoins', 'kelly2789', 'Lauren', 'emiller', 'dso713', 'nirajanrajkarnikar', 'MeganWelker', 'npedroarena', 'agchen', 'elaning', 'jwalkowicz', 'yjchung87', 'csalfati', 'smartinez', 'lizziegwagner', 'jlim', 'mheller', 'glee', 'nraj', 'strinh', 'krutiparikh', 'w1lde1', 'tjm623', 'ehong', 'ksiddall05', 'crb471', 'brockly91', 'nrosenbaum', 'amn307', 'lscott', 'alichtor', 'jmaya', 'cmoore', 'epollock', 'kpopovich', 'ggo', 'hknowlton89', 'syu', 'kluo', 'blovasik', 'daniel84', 'MrTwister5002', 'derekcftam', 'laquitab1', 'hshaikh', 'jratner', 'kkim0512', 'skrotseng', 'rlnevin', 'mlm197', 'ASHROFF', 'sglesmann', 'ppi282', 'mdw730', 'tamonoshimo', 'eschwartz', 'jstockton', 'yesmanandy3589', 'zalmquist', 'cmuller', 'dash', 'ecastillo', 'kkraft', 'sbeymer', 'sbasore', 'pcappaert', 'cmho', 'rmason', 'actennis619', 'spyder255', 'susanmaz14', 'mstark', 'elee', 'dgopinath', 'mromanelli', 'dgohr', 'dmitar1', 'kfrench', 'mnorko', 'kosuna', 'gsllcanas', 'wseyfarth', 'rcs394', 'ratatat', 'jheintz', 'plin1', 'oluna', 'ohnoitsmaria', 'jeassa', 'tim2paik', 'saraishack', 'rghatnekar', 'alfredo2049', 'ogreen', 'jarkin', 'cjh818', 'Sasha10', 'msilliman', 'jcascarano', 'jb71788', 'clourgos', 'iogundeko', 'advorak0905', 'kgw477', 'ElozanoE', 'kkadela', 'tbeckmann', 'ejl486', 'ehickey', 'jzissman', 'hsosne', 'bhalloy', 'rqian', 'lryzhkova', 'nkramer', 'khelseth', 'soh', 'ikim', 'siqbal', 'aarongale', 'belindagurl', 'rdeboer', 'mleaf', 'joellenornstein11', 'aernt', 'jto561', 'kpederson', 'awestling', 'ewalker', 'jtsang', 'pbaranwal', 'amk889', 'jdylik', 'are248', 'bbatlle', 'dlee1989', 'kkh253', 'bliu', 'kiwimatto', 'klr705', 'let895', 'lmg512', 'msugimoto', 'jay866', 'amphrosyne', 'dgrossheim', 'mechilders', 'conormac09', 'koala3miscarriage', 'lizzied', 'malbano', 'achakraborty', 'carican', 'Hellsing', 'jwg745', 'fyl708', 'eric17', 'ijn989', 'rsandy', 'nritter', 'germanchiwawa', 'hpo123', 'lhughes02', 'eaderby', 'emencher', 'samjemilo', 'klindenschmidt', 'jhaag', 'dch944', 'dtmartin', 'shong2', 'djm951', 'dki671', 'nibrahim', 'lmanus', 'ksirak', 'mison6', 'cwang1', 'briguy2007', 'kabraxis87', 'lwint', 'hhan326', 'sreddy', 'ykang', 'applevase', 'amcgrain', 'pshah', 'cbaldino', 'hdean', 'lramachandran', 'smprts', 'ndekker', 'Giglegal1', 'rcrook', 'lfigel', 'bobhenry33', 'jsher', 'dubya01', 'rar228', 'zwittchow', 'Boopus8', 'rsk933', 'ronilshah619', 'abarrios', 'ncs802', 'abo598', 'Mdesjardins', 'agegios', 'asanghvi', 'edi827', 'r2087g', 'cmorris', 'ccory', 'rkb226', 'jfc899', 'nalex', 'rsingh', 'lokoth146', 'hfp747', 'jon2049', 'jmartinson', 'pmcauliffe', 'hauserb44', 'aliu77', 'mvollum', 'dmc109', 'samantha', 'kgspears', 'mpark', 'anastasia05', 'ec359', 'lba239', 'cankisagun', 'mstep575', 'bkuhar', 'amyjia', 'emd705', 'kms350', 'awang', 'giglegal1', 'brado41']",4,"[None, 'jtartakovsky', 'boopus8', 'dbarack']",385,"['Asanghvi', 'Dmritard96', 'fare', 'jgoebbert', 'GOlson', 'eleslie', 'Wutang', 'rmadankumar', 'tylorsama', 'srf482', 'ppanigrahi', 'bea146', 'csprangers', 'jsavitz', 'dtk893', 'aan', 'robinstiller', 'ybirnbaum', 'wutang', 'chyunger', 'jpatel', 'slhatch', 'hsh887', 'redbaron24', 'toericliu', 'zmeadows', 'jcheng', 'jkjohnson', 'akraus', 'dcornew', 'ekatsaggelos', 'kimyeongmin', 'elo501', 'tpang', 'ndoctor', 'kaiello', 'jdiffee', 'lgries', 'afu560', 'ecetumer', 'ezhang7', 'emw329', 'kebbert', 'msparr', 'akc0905', 'rschultz', 'rpitner', 'jimbob394', 'ashroff', 'srk972', 'sab266', 'pyy810', 'rdeeter', 'golson', 'lef507', 'mmchugh', 'jcagadas', 'MMCHUGH', 'hyi', 'kjo100', 'clpsh', 'Kmo256', 'chill', 'anelson', 'elizoch217', 'alazarus', 'mmorgan', 'abaxterbeck', 'GigleGal1', 'klynch', 'alouettes1234', 'ksajosh88', 'bdusel', 'apetrakos', 'cwilson', 'khuang', 'ahaase', 'eparkin', 'geeezluis', 'tjb799', None, 'scedwards4', 'mhinger', 'amarope', 'bpruitt', 'alisonchevrier', 'rjs123', 'czhang', 'zya998', 'eherberg', 'amrajah44', 'cthomas', 'kpa951', 'meganichinose89', 'rzaman', 'jeckhart', 'cdemirdogen', 'jdadabo', 'sramalingam', 'jopaauki', 'ysd339', 'tmpch13', 'arosado', 'egrodinsky', 'ggriffin', 'ckeaton', 'asigmund', 'kschref', 'dmyung', 'jgabet', 'amoyce', 'tlightbourne', 'yngkaster', 'chisam87', 'anh259', 'fferrero', 'AnneReihman', 'yyu2007', 'stb391', 'jyeung', 'hellsing', 'jszewczyk', 'mmui', 'jkapaun', 'ariarevyan', 'lauradiaz37', 'cassisaari', 'las554', 'pgoins', 'kelly2789', 'Lauren', 'emiller', 'dso713', 'nirajanrajkarnikar', 'MeganWelker', 'npedroarena', 'agchen', 'elaning', 'jwalkowicz', 'yjchung87', 'csalfati', 'smartinez', 'lizziegwagner', 'jlim', 'mheller', 'glee', 'nraj', 'strinh', 'krutiparikh', 'w1lde1', 'rcc0320', 'tjm623', 'ehong', 'ksiddall05', 'crb471', 'brockly91', 'nrosenbaum', 'amn307', 'lscott', 'alichtor', 'jmaya', 'cmoore', 'epollock', 'kpopovich', 'ggo', 'hknowlton89', 'syu', 'kluo', 'blovasik', 'daniel84', 'MrTwister5002', 'derekcftam', 'laquitab1', 'lbaumgarten', 'hshaikh', 'jratner', 'kkim0512', 'skrotseng', 'rlnevin', 'mlm197', 'ASHROFF', 'ctrigg', 'sglesmann', 'ppi282', 'boopus8', 'mdw730', 'tamonoshimo', 'eschwartz', 'jstockton', 'yesmanandy3589', 'zalmquist', 'mjhuvard', 'cmuller', 'dash', 'ecastillo', 'kkraft', 'sbeymer', 'sbasore', 'pcappaert', 'cmho', 'rmason', 'actennis619', 'spyder255', 'susanmaz14', 'mstark', 'njohnson', 'elee', 'dgopinath', 'mromanelli', 'dgohr', 'dmitar1', 'kfrench', 'mnorko', 'kosuna', 'gsllcanas', 'wseyfarth', 'nta560', 'rcs394', 'ratatat', 'jheintz', 'plin1', 'oluna', 'ohnoitsmaria', 'jeassa', 'tim2paik', 'saraishack', 'rghatnekar', 'alfredo2049', 'tcn702', 'ogreen', 'jarkin', 'cjh818', 'Sasha10', 'msilliman', 'jcascarano', 'jb71788', 'clourgos', 'iogundeko', 'advorak0905', 'kgw477', 'ElozanoE', 'kkadela', 'tbeckmann', 'ejl486', 'ehickey', 'jzissman', 'hsosne', 'bhalloy', 'dredding', 'rqian', 'lryzhkova', 'nkramer', 'esimon', 'khelseth', 'soh', 'ikim', 'siqbal', 'aarongale', 'belindagurl', 'rdeboer', 'mleaf', 'joellenornstein11', 'aernt', 'jto561', 'kpederson', 'awestling', 'ewalker', 'jtsang', 'pbaranwal', 'mgrewal', 'amk889', 'jdylik', 'are248', 'bbatlle', 'dlee1989', 'kkh253', 'bliu', 'kiwimatto', 'klr705', 'let895', 'lmg512', 'msugimoto', 'jay866', 'amphrosyne', 'dgrossheim', 'mechilders', 'conormac09', 'iav650', 'koala3miscarriage', 'lizzied', 'malbano', 'achakraborty', 'carican', 'Hellsing', 'jwg745', 'fyl708', 'eric17', 'ijn989', 'rsandy', 'nritter', 'germanchiwawa', 'hpo123', 'lhughes02', 'eaderby', 'emencher', 'samjemilo', 'klindenschmidt', 'jhaag', 'dch944', 'dtmartin', 'shong2', 'djm951', 'dki671', 'nibrahim', 'lmanus', 'ksirak', 'mison6', 'cwang1', 'dbarack', 'briguy2007', 'kabraxis87', 'lwint', 'hhan326', 'sreddy', 'ykang', 'applevase', 'amcgrain', 'pshah', 'yuenca', 'cbaldino', 'hdean', 'lramachandran', 'smprts', 'ndekker', 'Giglegal1', 'rcrook', 'lfigel', 'bobhenry33', 'jsher', 'dubya01', 'rar228', 'zwittchow', 'Boopus8', 'rsk933', 'ronilshah619', 'abarrios', 'ncs802', 'abo598', 'Mdesjardins', 'agegios', 'asanghvi', 'edi827', 'r2087g', 'cmorris', 'ccory', 'rkb226', 'jfc899', 'nalex', 'rsingh', 'lokoth146', 'hfp747', 'jon2049', 'jmartinson', 'pmcauliffe', 'hauserb44', 'aliu77', 'mvollum', 'dmc109', 'jtartakovsky', 'samantha', 'ivg785', 'kgspears', 'mpark', 'anastasia05', 'ec359', 'lba239', 'cankisagun', 'mstep575', 'bkuhar', 'amyjia', 'emd705', 'kms350', 'awang', 'giglegal1', 'brado41']"
1,83,381,21,20,"['ndekker', 'jgoebbert', 'jeckhart', 'eric17', 'esimon', 'ggo', 'bdusel', 'aernt', 'daniel84', 'lbaumgarten', 'ivg785', 'mgrewal', 'amarope', 'lba239', 'let895', 'nta560', 'ctrigg', 'yuenca', 'msparr', 'tcn702']",361,"['Asanghvi', 'Dmritard96', 'fare', 'GOlson', 'eleslie', 'Wutang', 'rmadankumar', 'tylorsama', 'srf482', 'ppanigrahi', 'bea146', 'csprangers', 'jsavitz', 'dtk893', 'aan', 'robinstiller', 'ybirnbaum', 'wutang', 'chyunger', 'jpatel', 'slhatch', 'hsh887', 'redbaron24', 'toericliu', 'zmeadows', 'jcheng', 'jkjohnson', 'akraus', 'dcornew', 'ekatsaggelos', 'kimyeongmin', 'elo501', 'tpang', 'ndoctor', 'kaiello', 'jdiffee', 'lgries', 'afu560', 'ecetumer', 'ezhang7', 'emw329', 'kebbert', 'akc0905', 'rschultz', 'rpitner', 'jimbob394', 'ashroff', 'srk972', 'sab266', 'pyy810', 'rdeeter', 'golson', 'lef507', 'mmchugh', 'jcagadas', 'MMCHUGH', 'hyi', 'kjo100', 'clpsh', 'Kmo256', 'chill', 'anelson', 'elizoch217', 'alazarus', 'mmorgan', 'abaxterbeck', 'GigleGal1', 'klynch', 'alouettes1234', 'ksajosh88', 'apetrakos', 'cwilson', 'khuang', 'ahaase', 'eparkin', 'geeezluis', 'tjb799', 'scedwards4', 'mhinger', 'bpruitt', 'alisonchevrier', 'rjs123', 'czhang', 'zya998', 'eherberg', 'amrajah44', 'cthomas', 'kpa951', 'meganichinose89', 'rzaman', 'cdemirdogen', 'jdadabo', 'sramalingam', 'jopaauki', 'ysd339', 'tmpch13', 'arosado', 'egrodinsky', 'ggriffin', 'ckeaton', 'asigmund', 'kschref', 'dmyung', 'jgabet', 'amoyce', 'tlightbourne', 'yngkaster', 'chisam87', 'anh259', 'fferrero', 'AnneReihman', 'yyu2007', 'stb391', 'jyeung', 'hellsing', 'jszewczyk', 'mmui', 'jkapaun', 'ariarevyan', 'lauradiaz37', 'cassisaari', 'las554', 'pgoins', 'kelly2789', 'Lauren', 'emiller', 'dso713', 'nirajanrajkarnikar', 'MeganWelker', 'npedroarena', 'agchen', 'elaning', 'jwalkowicz', 'yjchung87', 'csalfati', 'smartinez', 'lizziegwagner', 'jlim', 'mheller', 'glee', 'nraj', 'strinh', 'krutiparikh', 'w1lde1', 'rcc0320', 'tjm623', 'ehong', 'ksiddall05', 'crb471', 'brockly91', 'nrosenbaum', 'amn307', 'lscott', 'alichtor', 'jmaya', 'cmoore', 'epollock', 'kpopovich', 'hknowlton89', 'syu', 'kluo', 'blovasik', 'MrTwister5002', 'derekcftam', 'laquitab1', 'hshaikh', 'jratner', 'kkim0512', 'skrotseng', 'rlnevin', 'mlm197', 'ASHROFF', 'sglesmann', 'ppi282', 'mdw730', 'tamonoshimo', 'eschwartz', 'jstockton', 'yesmanandy3589', 'zalmquist', 'mjhuvard', 'cmuller', 'dash', 'ecastillo', 'kkraft', 'sbeymer', 'sbasore', 'pcappaert', 'cmho', 'rmason', 'actennis619', 'spyder255', 'susanmaz14', 'mstark', 'njohnson', 'elee', 'dgopinath', 'mromanelli', 'dgohr', 'dmitar1', 'kfrench', 'mnorko', 'kosuna', 'gsllcanas', 'wseyfarth', 'rcs394', 'ratatat', 'jheintz', 'plin1', 'oluna', 'ohnoitsmaria', 'jeassa', 'tim2paik', 'saraishack', 'rghatnekar', 'alfredo2049', 'ogreen', 'jarkin', 'cjh818', 'Sasha10', 'msilliman', 'jcascarano', 'jb71788', 'clourgos', 'iogundeko', 'advorak0905', 'kgw477', 'ElozanoE', 'kkadela', 'tbeckmann', 'ejl486', 'ehickey', 'jzissman', 'hsosne', 'bhalloy', 'dredding', 'rqian', 'lryzhkova', 'nkramer', 'khelseth', 'soh', 'ikim', 'siqbal', 'aarongale', 'belindagurl', 'rdeboer', 'mleaf', 'joellenornstein11', 'jto561', 'kpederson', 'awestling', 'ewalker', 'jtsang', 'pbaranwal', 'amk889', 'jdylik', 'are248', 'bbatlle', 'dlee1989', 'kkh253', 'bliu', 'kiwimatto', 'klr705', 'lmg512', 'msugimoto', 'jay866', 'amphrosyne', 'dgrossheim', 'mechilders', 'conormac09', 'iav650', 'koala3miscarriage', 'lizzied', 'malbano', 'achakraborty', 'carican', 'Hellsing', 'jwg745', 'fyl708', 'ijn989', 'rsandy', 'nritter', 'germanchiwawa', 'hpo123', 'lhughes02', 'eaderby', 'emencher', 'samjemilo', 'klindenschmidt', 'jhaag', 'dch944', 'dtmartin', 'shong2', 'djm951', 'dki671', 'nibrahim', 'lmanus', 'ksirak', 'mison6', 'cwang1', 'briguy2007', 'kabraxis87', 'lwint', 'hhan326', 'sreddy', 'ykang', 'applevase', 'amcgrain', 'pshah', 'cbaldino', 'hdean', 'lramachandran', 'smprts', 'Giglegal1', 'rcrook', 'lfigel', 'bobhenry33', 'jsher', 'dubya01', 'rar228', 'zwittchow', 'Boopus8', 'rsk933', 'ronilshah619', 'abarrios', 'ncs802', 'abo598', 'Mdesjardins', 'agegios', 'asanghvi', 'edi827', 'r2087g', 'cmorris', 'ccory', 'rkb226', 'jfc899', 'nalex', 'rsingh', 'lokoth146', 'hfp747', 'jon2049', 'jmartinson', 'pmcauliffe', 'hauserb44', 'aliu77', 'mvollum', 'dmc109', 'samantha', 'kgspears', 'mpark', 'anastasia05', 'ec359', 'cankisagun', 'mstep575', 'bkuhar', 'amyjia', 'emd705', 'kms350', 'awang', 'giglegal1', 'brado41']",1,[None],382,"['Asanghvi', 'Dmritard96', 'fare', 'jgoebbert', 'GOlson', 'eleslie', 'Wutang', 'rmadankumar', 'tylorsama', 'srf482', 'ppanigrahi', 'bea146', 'csprangers', 'jsavitz', 'dtk893', 'aan', 'robinstiller', 'ybirnbaum', 'wutang', 'chyunger', 'jpatel', 'slhatch', 'hsh887', 'redbaron24', 'toericliu', 'zmeadows', 'jcheng', 'jkjohnson', 'akraus', 'dcornew', 'ekatsaggelos', 'kimyeongmin', 'elo501', 'tpang', 'ndoctor', 'kaiello', 'jdiffee', 'lgries', 'afu560', 'ecetumer', 'ezhang7', 'emw329', 'kebbert', 'msparr', 'akc0905', 'rschultz', 'rpitner', 'jimbob394', 'ashroff', 'srk972', 'sab266', 'pyy810', 'rdeeter', 'golson', 'lef507', 'mmchugh', 'jcagadas', 'MMCHUGH', 'hyi', 'kjo100', 'clpsh', 'Kmo256', 'chill', 'anelson', 'elizoch217', 'alazarus', 'mmorgan', 'abaxterbeck', 'GigleGal1', 'klynch', 'alouettes1234', 'ksajosh88', 'bdusel', 'apetrakos', 'cwilson', 'khuang', 'ahaase', 'eparkin', 'geeezluis', 'tjb799', None, 'scedwards4', 'mhinger', 'amarope', 'bpruitt', 'alisonchevrier', 'rjs123', 'czhang', 'zya998', 'eherberg', 'amrajah44', 'cthomas', 'kpa951', 'meganichinose89', 'rzaman', 'jeckhart', 'cdemirdogen', 'jdadabo', 'sramalingam', 'jopaauki', 'ysd339', 'tmpch13', 'arosado', 'egrodinsky', 'ggriffin', 'ckeaton', 'asigmund', 'kschref', 'dmyung', 'jgabet', 'amoyce', 'tlightbourne', 'yngkaster', 'chisam87', 'anh259', 'fferrero', 'AnneReihman', 'yyu2007', 'stb391', 'jyeung', 'hellsing', 'jszewczyk', 'mmui', 'jkapaun', 'ariarevyan', 'lauradiaz37', 'cassisaari', 'las554', 'pgoins', 'kelly2789', 'Lauren', 'emiller', 'dso713', 'nirajanrajkarnikar', 'MeganWelker', 'npedroarena', 'agchen', 'elaning', 'jwalkowicz', 'yjchung87', 'csalfati', 'smartinez', 'lizziegwagner', 'jlim', 'mheller', 'glee', 'nraj', 'strinh', 'krutiparikh', 'w1lde1', 'rcc0320', 'tjm623', 'ehong', 'ksiddall05', 'crb471', 'brockly91', 'nrosenbaum', 'amn307', 'lscott', 'alichtor', 'jmaya', 'cmoore', 'epollock', 'kpopovich', 'ggo', 'hknowlton89', 'syu', 'kluo', 'blovasik', 'daniel84', 'MrTwister5002', 'derekcftam', 'laquitab1', 'lbaumgarten', 'hshaikh', 'jratner', 'kkim0512', 'skrotseng', 'rlnevin', 'mlm197', 'ASHROFF', 'ctrigg', 'sglesmann', 'ppi282', 'mdw730', 'tamonoshimo', 'eschwartz', 'jstockton', 'yesmanandy3589', 'zalmquist', 'mjhuvard', 'cmuller', 'dash', 'ecastillo', 'kkraft', 'sbeymer', 'sbasore', 'pcappaert', 'cmho', 'rmason', 'actennis619', 'spyder255', 'susanmaz14', 'mstark', 'njohnson', 'elee', 'dgopinath', 'mromanelli', 'dgohr', 'dmitar1', 'kfrench', 'mnorko', 'kosuna', 'gsllcanas', 'wseyfarth', 'nta560', 'rcs394', 'ratatat', 'jheintz', 'plin1', 'oluna', 'ohnoitsmaria', 'jeassa', 'tim2paik', 'saraishack', 'rghatnekar', 'alfredo2049', 'tcn702', 'ogreen', 'jarkin', 'cjh818', 'Sasha10', 'msilliman', 'jcascarano', 'jb71788', 'clourgos', 'iogundeko', 'advorak0905', 'kgw477', 'ElozanoE', 'kkadela', 'tbeckmann', 'ejl486', 'ehickey', 'jzissman', 'hsosne', 'bhalloy', 'dredding', 'rqian', 'lryzhkova', 'nkramer', 'esimon', 'khelseth', 'soh', 'ikim', 'siqbal', 'aarongale', 'belindagurl', 'rdeboer', 'mleaf', 'joellenornstein11', 'aernt', 'jto561', 'kpederson', 'awestling', 'ewalker', 'jtsang', 'pbaranwal', 'mgrewal', 'amk889', 'jdylik', 'are248', 'bbatlle', 'dlee1989', 'kkh253', 'bliu', 'kiwimatto', 'klr705', 'let895', 'lmg512', 'msugimoto', 'jay866', 'amphrosyne', 'dgrossheim', 'mechilders', 'conormac09', 'iav650', 'koala3miscarriage', 'lizzied', 'malbano', 'achakraborty', 'carican', 'Hellsing', 'jwg745', 'fyl708', 'eric17', 'ijn989', 'rsandy', 'nritter', 'germanchiwawa', 'hpo123', 'lhughes02', 'eaderby', 'emencher', 'samjemilo', 'klindenschmidt', 'jhaag', 'dch944', 'dtmartin', 'shong2', 'djm951', 'dki671', 'nibrahim', 'lmanus', 'ksirak', 'mison6', 'cwang1', 'briguy2007', 'kabraxis87', 'lwint', 'hhan326', 'sreddy', 'ykang', 'applevase', 'amcgrain', 'pshah', 'yuenca', 'cbaldino', 'hdean', 'lramachandran', 'smprts', 'ndekker', 'Giglegal1', 'rcrook', 'lfigel', 'bobhenry33', 'jsher', 'dubya01', 'rar228', 'zwittchow', 'Boopus8', 'rsk933', 'ronilshah619', 'abarrios', 'ncs802', 'abo598', 'Mdesjardins', 'agegios', 'asanghvi', 'edi827', 'r2087g', 'cmorris', 'ccory', 'rkb226', 'jfc899', 'nalex', 'rsingh', 'lokoth146', 'hfp747', 'jon2049', 'jmartinson', 'pmcauliffe', 'hauserb44', 'aliu77', 'mvollum', 'dmc109', 'samantha', 'ivg785', 'kgspears', 'mpark', 'anastasia05', 'ec359', 'lba239', 'cankisagun', 'mstep575', 'bkuhar', 'amyjia', 'emd705', 'kms350', 'awang', 'giglegal1', 'brado41']"
1,66,381,11,10,"['AnneReihman', 'Dmritard96', 'jkjohnson', 'jheintz', 'mvollum', 'rcs394', 'czhang', 'ckeaton', 'hdean', 'kkadela']",371,"['Asanghvi', 'fare', 'jgoebbert', 'GOlson', 'eleslie', 'Wutang', 'rmadankumar', 'tylorsama', 'srf482', 'ppanigrahi', 'bea146', 'csprangers', 'jsavitz', 'dtk893', 'aan', 'robinstiller', 'ybirnbaum', 'wutang', 'chyunger', 'jpatel', 'slhatch', 'hsh887', 'redbaron24', 'toericliu', 'zmeadows', 'jcheng', 'akraus', 'dcornew', 'ekatsaggelos', 'kimyeongmin', 'elo501', 'tpang', 'ndoctor', 'kaiello', 'jdiffee', 'lgries', 'afu560', 'ecetumer', 'ezhang7', 'emw329', 'kebbert', 'msparr', 'akc0905', 'rschultz', 'rpitner', 'jimbob394', 'ashroff', 'srk972', 'sab266', 'pyy810', 'rdeeter', 'golson', 'lef507', 'mmchugh', 'jcagadas', 'MMCHUGH', 'hyi', 'kjo100', 'clpsh', 'Kmo256', 'chill', 'anelson', 'elizoch217', 'alazarus', 'mmorgan', 'abaxterbeck', 'GigleGal1', 'klynch', 'alouettes1234', 'ksajosh88', 'bdusel', 'apetrakos', 'cwilson', 'khuang', 'ahaase', 'eparkin', 'geeezluis', 'tjb799', 'scedwards4', 'mhinger', 'amarope', 'bpruitt', 'alisonchevrier', 'rjs123', 'zya998', 'eherberg', 'amrajah44', 'cthomas', 'kpa951', 'meganichinose89', 'rzaman', 'jeckhart', 'cdemirdogen', 'jdadabo', 'sramalingam', 'jopaauki', 'ysd339', 'tmpch13', 'arosado', 'egrodinsky', 'ggriffin', 'asigmund', 'kschref', 'dmyung', 'jgabet', 'amoyce', 'tlightbourne', 'yngkaster', 'chisam87', 'anh259', 'fferrero', 'yyu2007', 'stb391', 'jyeung', 'hellsing', 'jszewczyk', 'mmui', 'jkapaun', 'ariarevyan', 'lauradiaz37', 'cassisaari', 'las554', 'pgoins', 'kelly2789', 'Lauren', 'emiller', 'dso713', 'nirajanrajkarnikar', 'MeganWelker', 'npedroarena', 'agchen', 'elaning', 'jwalkowicz', 'yjchung87', 'csalfati', 'smartinez', 'lizziegwagner', 'jlim', 'mheller', 'glee', 'nraj', 'strinh', 'krutiparikh', 'w1lde1', 'rcc0320', 'tjm623', 'ehong', 'ksiddall05', 'crb471', 'brockly91', 'nrosenbaum', 'amn307', 'lscott', 'alichtor', 'jmaya', 'cmoore', 'epollock', 'kpopovich', 'ggo', 'hknowlton89', 'syu', 'kluo', 'blovasik', 'daniel84', 'MrTwister5002', 'derekcftam', 'laquitab1', 'lbaumgarten', 'hshaikh', 'jratner', 'kkim0512', 'skrotseng', 'rlnevin', 'mlm197', 'ASHROFF', 'ctrigg', 'sglesmann', 'ppi282', 'mdw730', 'tamonoshimo', 'eschwartz', 'jstockton', 'yesmanandy3589', 'zalmquist', 'mjhuvard', 'cmuller', 'dash', 'ecastillo', 'kkraft', 'sbeymer', 'sbasore', 'pcappaert', 'cmho', 'rmason', 'actennis619', 'spyder255', 'susanmaz14', 'mstark', 'njohnson', 'elee', 'dgopinath', 'mromanelli', 'dgohr', 'dmitar1', 'kfrench', 'mnorko', 'kosuna', 'gsllcanas', 'wseyfarth', 'nta560', 'ratatat', 'plin1', 'oluna', 'ohnoitsmaria', 'jeassa', 'tim2paik', 'saraishack', 'rghatnekar', 'alfredo2049', 'tcn702', 'ogreen', 'jarkin', 'cjh818', 'Sasha10', 'msilliman', 'jcascarano', 'jb71788', 'clourgos', 'iogundeko', 'advorak0905', 'kgw477', 'ElozanoE', 'tbeckmann', 'ejl486', 'ehickey', 'jzissman', 'hsosne', 'bhalloy', 'dredding', 'rqian', 'lryzhkova', 'nkramer', 'esimon', 'khelseth', 'soh', 'ikim', 'siqbal', 'aarongale', 'belindagurl', 'rdeboer', 'mleaf', 'joellenornstein11', 'aernt', 'jto561', 'kpederson', 'awestling', 'ewalker', 'jtsang', 'pbaranwal', 'mgrewal', 'amk889', 'jdylik', 'are248', 'bbatlle', 'dlee1989', 'kkh253', 'bliu', 'kiwimatto', 'klr705', 'let895', 'lmg512', 'msugimoto', 'jay866', 'amphrosyne', 'dgrossheim', 'mechilders', 'conormac09', 'iav650', 'koala3miscarriage', 'lizzied', 'malbano', 'achakraborty', 'carican', 'Hellsing', 'jwg745', 'fyl708', 'eric17', 'ijn989', 'rsandy', 'nritter', 'germanchiwawa', 'hpo123', 'lhughes02', 'eaderby', 'emencher', 'samjemilo', 'klindenschmidt', 'jhaag', 'dch944', 'dtmartin', 'shong2', 'djm951', 'dki671', 'nibrahim', 'lmanus', 'ksirak', 'mison6', 'cwang1', 'briguy2007', 'kabraxis87', 'lwint', 'hhan326', 'sreddy', 'ykang', 'applevase', 'amcgrain', 'pshah', 'yuenca', 'cbaldino', 'lramachandran', 'smprts', 'ndekker', 'Giglegal1', 'rcrook', 'lfigel', 'bobhenry33', 'jsher', 'dubya01', 'rar228', 'zwittchow', 'Boopus8', 'rsk933', 'ronilshah619', 'abarrios', 'ncs802', 'abo598', 'Mdesjardins', 'agegios', 'asanghvi', 'edi827', 'r2087g', 'cmorris', 'ccory', 'rkb226', 'jfc899', 'nalex', 'rsingh', 'lokoth146', 'hfp747', 'jon2049', 'jmartinson', 'pmcauliffe', 'hauserb44', 'aliu77', 'dmc109', 'samantha', 'ivg785', 'kgspears', 'mpark', 'anastasia05', 'ec359', 'lba239', 'cankisagun', 'mstep575', 'bkuhar', 'amyjia', 'emd705', 'kms350', 'awang', 'giglegal1', 'brado41']",1,[None],382,"['Asanghvi', 'Dmritard96', 'fare', 'jgoebbert', 'GOlson', 'eleslie', 'Wutang', 'rmadankumar', 'tylorsama', 'srf482', 'ppanigrahi', 'bea146', 'csprangers', 'jsavitz', 'dtk893', 'aan', 'robinstiller', 'ybirnbaum', 'wutang', 'chyunger', 'jpatel', 'slhatch', 'hsh887', 'redbaron24', 'toericliu', 'zmeadows', 'jcheng', 'jkjohnson', 'akraus', 'dcornew', 'ekatsaggelos', 'kimyeongmin', 'elo501', 'tpang', 'ndoctor', 'kaiello', 'jdiffee', 'lgries', 'afu560', 'ecetumer', 'ezhang7', 'emw329', 'kebbert', 'msparr', 'akc0905', 'rschultz', 'rpitner', 'jimbob394', 'ashroff', 'srk972', 'sab266', 'pyy810', 'rdeeter', 'golson', 'lef507', 'mmchugh', 'jcagadas', 'MMCHUGH', 'hyi', 'kjo100', 'clpsh', 'Kmo256', 'chill', 'anelson', 'elizoch217', 'alazarus', 'mmorgan', 'abaxterbeck', 'GigleGal1', 'klynch', 'alouettes1234', 'ksajosh88', 'bdusel', 'apetrakos', 'cwilson', 'khuang', 'ahaase', 'eparkin', 'geeezluis', 'tjb799', None, 'scedwards4', 'mhinger', 'amarope', 'bpruitt', 'alisonchevrier', 'rjs123', 'czhang', 'zya998', 'eherberg', 'amrajah44', 'cthomas', 'kpa951', 'meganichinose89', 'rzaman', 'jeckhart', 'cdemirdogen', 'jdadabo', 'sramalingam', 'jopaauki', 'ysd339', 'tmpch13', 'arosado', 'egrodinsky', 'ggriffin', 'ckeaton', 'asigmund', 'kschref', 'dmyung', 'jgabet', 'amoyce', 'tlightbourne', 'yngkaster', 'chisam87', 'anh259', 'fferrero', 'AnneReihman', 'yyu2007', 'stb391', 'jyeung', 'hellsing', 'jszewczyk', 'mmui', 'jkapaun', 'ariarevyan', 'lauradiaz37', 'cassisaari', 'las554', 'pgoins', 'kelly2789', 'Lauren', 'emiller', 'dso713', 'nirajanrajkarnikar', 'MeganWelker', 'npedroarena', 'agchen', 'elaning', 'jwalkowicz', 'yjchung87', 'csalfati', 'smartinez', 'lizziegwagner', 'jlim', 'mheller', 'glee', 'nraj', 'strinh', 'krutiparikh', 'w1lde1', 'rcc0320', 'tjm623', 'ehong', 'ksiddall05', 'crb471', 'brockly91', 'nrosenbaum', 'amn307', 'lscott', 'alichtor', 'jmaya', 'cmoore', 'epollock', 'kpopovich', 'ggo', 'hknowlton89', 'syu', 'kluo', 'blovasik', 'daniel84', 'MrTwister5002', 'derekcftam', 'laquitab1', 'lbaumgarten', 'hshaikh', 'jratner', 'kkim0512', 'skrotseng', 'rlnevin', 'mlm197', 'ASHROFF', 'ctrigg', 'sglesmann', 'ppi282', 'mdw730', 'tamonoshimo', 'eschwartz', 'jstockton', 'yesmanandy3589', 'zalmquist', 'mjhuvard', 'cmuller', 'dash', 'ecastillo', 'kkraft', 'sbeymer', 'sbasore', 'pcappaert', 'cmho', 'rmason', 'actennis619', 'spyder255', 'susanmaz14', 'mstark', 'njohnson', 'elee', 'dgopinath', 'mromanelli', 'dgohr', 'dmitar1', 'kfrench', 'mnorko', 'kosuna', 'gsllcanas', 'wseyfarth', 'nta560', 'rcs394', 'ratatat', 'jheintz', 'plin1', 'oluna', 'ohnoitsmaria', 'jeassa', 'tim2paik', 'saraishack', 'rghatnekar', 'alfredo2049', 'tcn702', 'ogreen', 'jarkin', 'cjh818', 'Sasha10', 'msilliman', 'jcascarano', 'jb71788', 'clourgos', 'iogundeko', 'advorak0905', 'kgw477', 'ElozanoE', 'kkadela', 'tbeckmann', 'ejl486', 'ehickey', 'jzissman', 'hsosne', 'bhalloy', 'dredding', 'rqian', 'lryzhkova', 'nkramer', 'esimon', 'khelseth', 'soh', 'ikim', 'siqbal', 'aarongale', 'belindagurl', 'rdeboer', 'mleaf', 'joellenornstein11', 'aernt', 'jto561', 'kpederson', 'awestling', 'ewalker', 'jtsang', 'pbaranwal', 'mgrewal', 'amk889', 'jdylik', 'are248', 'bbatlle', 'dlee1989', 'kkh253', 'bliu', 'kiwimatto', 'klr705', 'let895', 'lmg512', 'msugimoto', 'jay866', 'amphrosyne', 'dgrossheim', 'mechilders', 'conormac09', 'iav650', 'koala3miscarriage', 'lizzied', 'malbano', 'achakraborty', 'carican', 'Hellsing', 'jwg745', 'fyl708', 'eric17', 'ijn989', 'rsandy', 'nritter', 'germanchiwawa', 'hpo123', 'lhughes02', 'eaderby', 'emencher', 'samjemilo', 'klindenschmidt', 'jhaag', 'dch944', 'dtmartin', 'shong2', 'djm951', 'dki671', 'nibrahim', 'lmanus', 'ksirak', 'mison6', 'cwang1', 'briguy2007', 'kabraxis87', 'lwint', 'hhan326', 'sreddy', 'ykang', 'applevase', 'amcgrain', 'pshah', 'yuenca', 'cbaldino', 'hdean', 'lramachandran', 'smprts', 'ndekker', 'Giglegal1', 'rcrook', 'lfigel', 'bobhenry33', 'jsher', 'dubya01', 'rar228', 'zwittchow', 'Boopus8', 'rsk933', 'ronilshah619', 'abarrios', 'ncs802', 'abo598', 'Mdesjardins', 'agegios', 'asanghvi', 'edi827', 'r2087g', 'cmorris', 'ccory', 'rkb226', 'jfc899', 'nalex', 'rsingh', 'lokoth146', 'hfp747', 'jon2049', 'jmartinson', 'pmcauliffe', 'hauserb44', 'aliu77', 'mvollum', 'dmc109', 'samantha', 'ivg785', 'kgspears', 'mpark', 'anastasia05', 'ec359', 'lba239', 'cankisagun', 'mstep575', 'bkuhar', 'amyjia', 'emd705', 'kms350', 'awang', 'giglegal1', 'brado41']"
1,81,381,7,1,['kgspears'],380,"['Asanghvi', 'Dmritard96', 'fare', 'jgoebbert', 'GOlson', 'eleslie', 'Wutang', 'rmadankumar', 'tylorsama', 'srf482', 'ppanigrahi', 'bea146', 'csprangers', 'jsavitz', 'dtk893', 'aan', 'robinstiller', 'ybirnbaum', 'wutang', 'chyunger', 'jpatel', 'slhatch', 'hsh887', 'redbaron24', 'toericliu', 'zmeadows', 'jcheng', 'jkjohnson', 'akraus', 'dcornew', 'ekatsaggelos', 'kimyeongmin', 'elo501', 'tpang', 'ndoctor', 'kaiello', 'jdiffee', 'lgries', 'afu560', 'ecetumer', 'ezhang7', 'emw329', 'kebbert', 'msparr', 'akc0905', 'rschultz', 'rpitner', 'jimbob394', 'ashroff', 'srk972', 'sab266', 'pyy810', 'rdeeter', 'golson', 'lef507', 'mmchugh', 'jcagadas', 'MMCHUGH', 'hyi', 'kjo100', 'clpsh', 'Kmo256', 'chill', 'anelson', 'elizoch217', 'alazarus', 'mmorgan', 'abaxterbeck', 'GigleGal1', 'klynch', 'alouettes1234', 'ksajosh88', 'bdusel', 'apetrakos', 'cwilson', 'khuang', 'ahaase', 'eparkin', 'geeezluis', 'tjb799', 'scedwards4', 'mhinger', 'amarope', 'bpruitt', 'alisonchevrier', 'rjs123', 'czhang', 'zya998', 'eherberg', 'amrajah44', 'cthomas', 'kpa951', 'meganichinose89', 'rzaman', 'jeckhart', 'cdemirdogen', 'jdadabo', 'sramalingam', 'jopaauki', 'ysd339', 'tmpch13', 'arosado', 'egrodinsky', 'ggriffin', 'ckeaton', 'asigmund', 'kschref', 'dmyung', 'jgabet', 'amoyce', 'tlightbourne', 'yngkaster', 'chisam87', 'anh259', 'fferrero', 'AnneReihman', 'yyu2007', 'stb391', 'jyeung', 'hellsing', 'jszewczyk', 'mmui', 'jkapaun', 'ariarevyan', 'lauradiaz37', 'cassisaari', 'las554', 'pgoins', 'kelly2789', 'Lauren', 'emiller', 'dso713', 'nirajanrajkarnikar', 'MeganWelker', 'npedroarena', 'agchen', 'elaning', 'jwalkowicz', 'yjchung87', 'csalfati', 'smartinez', 'lizziegwagner', 'jlim', 'mheller', 'glee', 'nraj', 'strinh', 'krutiparikh', 'w1lde1', 'rcc0320', 'tjm623', 'ehong', 'ksiddall05', 'crb471', 'brockly91', 'nrosenbaum', 'amn307', 'lscott', 'alichtor', 'jmaya', 'cmoore', 'epollock', 'kpopovich', 'ggo', 'hknowlton89', 'syu', 'kluo', 'blovasik', 'daniel84', 'MrTwister5002', 'derekcftam', 'laquitab1', 'lbaumgarten', 'hshaikh', 'jratner', 'kkim0512', 'skrotseng', 'rlnevin', 'mlm197', 'ASHROFF', 'ctrigg', 'sglesmann', 'ppi282', 'mdw730', 'tamonoshimo', 'eschwartz', 'jstockton', 'yesmanandy3589', 'zalmquist', 'mjhuvard', 'cmuller', 'dash', 'ecastillo', 'kkraft', 'sbeymer', 'sbasore', 'pcappaert', 'cmho', 'rmason', 'actennis619', 'spyder255', 'susanmaz14', 'mstark', 'njohnson', 'elee', 'dgopinath', 'mromanelli', 'dgohr', 'dmitar1', 'kfrench', 'mnorko', 'kosuna', 'gsllcanas', 'wseyfarth', 'nta560', 'rcs394', 'ratatat', 'jheintz', 'plin1', 'oluna', 'ohnoitsmaria', 'jeassa', 'tim2paik', 'saraishack', 'rghatnekar', 'alfredo2049', 'tcn702', 'ogreen', 'jarkin', 'cjh818', 'Sasha10', 'msilliman', 'jcascarano', 'jb71788', 'clourgos', 'iogundeko', 'advorak0905', 'kgw477', 'ElozanoE', 'kkadela', 'tbeckmann', 'ejl486', 'ehickey', 'jzissman', 'hsosne', 'bhalloy', 'dredding', 'rqian', 'lryzhkova', 'nkramer', 'esimon', 'khelseth', 'soh', 'ikim', 'siqbal', 'aarongale', 'belindagurl', 'rdeboer', 'mleaf', 'joellenornstein11', 'aernt', 'jto561', 'kpederson', 'awestling', 'ewalker', 'jtsang', 'pbaranwal', 'mgrewal', 'amk889', 'jdylik', 'are248', 'bbatlle', 'dlee1989', 'kkh253', 'bliu', 'kiwimatto', 'klr705', 'let895', 'lmg512', 'msugimoto', 'jay866', 'amphrosyne', 'dgrossheim', 'mechilders', 'conormac09', 'iav650', 'koala3miscarriage', 'lizzied', 'malbano', 'achakraborty', 'carican', 'Hellsing', 'jwg745', 'fyl708', 'eric17', 'ijn989', 'rsandy', 'nritter', 'germanchiwawa', 'hpo123', 'lhughes02', 'eaderby', 'emencher', 'samjemilo', 'klindenschmidt', 'jhaag', 'dch944', 'dtmartin', 'shong2', 'djm951', 'dki671', 'nibrahim', 'lmanus', 'ksirak', 'mison6', 'cwang1', 'briguy2007', 'kabraxis87', 'lwint', 'hhan326', 'sreddy', 'ykang', 'applevase', 'amcgrain', 'pshah', 'yuenca', 'cbaldino', 'hdean', 'lramachandran', 'smprts', 'ndekker', 'Giglegal1', 'rcrook', 'lfigel', 'bobhenry33', 'jsher', 'dubya01', 'rar228', 'zwittchow', 'Boopus8', 'rsk933', 'ronilshah619', 'abarrios', 'ncs802', 'abo598', 'Mdesjardins', 'agegios', 'asanghvi', 'edi827', 'r2087g', 'cmorris', 'ccory', 'rkb226', 'jfc899', 'nalex', 'rsingh', 'lokoth146', 'hfp747', 'jon2049', 'jmartinson', 'pmcauliffe', 'hauserb44', 'aliu77', 'mvollum', 'dmc109', 'samantha', 'ivg785', 'mpark', 'anastasia05', 'ec359', 'lba239', 'cankisagun', 'mstep575', 'bkuhar', 'amyjia', 'emd705', 'kms350', 'awang', 'giglegal1', 'brado41']",6,"['mlodriguito', 'schatz', 'lakovits', 'jroden', None, 'tejerina']",387,"['Asanghvi', 'Dmritard96', 'fare', 'jgoebbert', 'GOlson', 'eleslie', 'Wutang', 'rmadankumar', 'tylorsama', 'srf482', 'ppanigrahi', 'bea146', 'csprangers', 'jsavitz', 'dtk893', 'aan', 'robinstiller', 'ybirnbaum', 'wutang', 'chyunger', 'jpatel', 'slhatch', 'hsh887', 'redbaron24', 'toericliu', 'zmeadows', 'jcheng', 'jkjohnson', 'akraus', 'dcornew', 'ekatsaggelos', 'kimyeongmin', 'elo501', 'tpang', 'ndoctor', 'lakovits', 'kaiello', 'jdiffee', 'lgries', 'afu560', 'ecetumer', 'ezhang7', 'emw329', 'kebbert', 'msparr', 'akc0905', 'rschultz', 'rpitner', 'jimbob394', 'ashroff', 'srk972', 'sab266', 'pyy810', 'rdeeter', 'golson', 'lef507', 'mmchugh', 'jcagadas', 'MMCHUGH', 'hyi', 'kjo100', 'clpsh', 'Kmo256', 'chill', 'anelson', 'jroden', 'elizoch217', 'alazarus', 'mmorgan', 'abaxterbeck', 'GigleGal1', 'klynch', 'alouettes1234', 'ksajosh88', 'bdusel', 'apetrakos', 'cwilson', 'khuang', 'ahaase', 'eparkin', 'geeezluis', 'tjb799', None, 'scedwards4', 'mhinger', 'amarope', 'bpruitt', 'alisonchevrier', 'rjs123', 'czhang', 'zya998', 'eherberg', 'amrajah44', 'cthomas', 'kpa951', 'meganichinose89', 'rzaman', 'jeckhart', 'cdemirdogen', 'jdadabo', 'sramalingam', 'jopaauki', 'ysd339', 'tmpch13', 'arosado', 'egrodinsky', 'ggriffin', 'ckeaton', 'asigmund', 'kschref', 'dmyung', 'jgabet', 'amoyce', 'tlightbourne', 'yngkaster', 'chisam87', 'anh259', 'fferrero', 'AnneReihman', 'yyu2007', 'stb391', 'jyeung', 'hellsing', 'jszewczyk', 'mmui', 'jkapaun', 'ariarevyan', 'lauradiaz37', 'cassisaari', 'las554', 'pgoins', 'kelly2789', 'Lauren', 'emiller', 'dso713', 'nirajanrajkarnikar', 'MeganWelker', 'npedroarena', 'agchen', 'elaning', 'jwalkowicz', 'yjchung87', 'csalfati', 'smartinez', 'lizziegwagner', 'jlim', 'mheller', 'glee', 'nraj', 'strinh', 'krutiparikh', 'w1lde1', 'rcc0320', 'tjm623', 'ehong', 'mlodriguito', 'ksiddall05', 'crb471', 'brockly91', 'nrosenbaum', 'amn307', 'lscott', 'alichtor', 'jmaya', 'cmoore', 'epollock', 'kpopovich', 'ggo', 'hknowlton89', 'syu', 'kluo', 'blovasik', 'daniel84', 'MrTwister5002', 'derekcftam', 'laquitab1', 'lbaumgarten', 'hshaikh', 'jratner', 'kkim0512', 'skrotseng', 'rlnevin', 'mlm197', 'ASHROFF', 'ctrigg', 'sglesmann', 'ppi282', 'mdw730', 'tamonoshimo', 'eschwartz', 'jstockton', 'yesmanandy3589', 'zalmquist', 'mjhuvard', 'cmuller', 'dash', 'ecastillo', 'kkraft', 'sbeymer', 'sbasore', 'pcappaert', 'cmho', 'rmason', 'actennis619', 'spyder255', 'susanmaz14', 'tejerina', 'mstark', 'njohnson', 'elee', 'dgopinath', 'mromanelli', 'dgohr', 'dmitar1', 'kfrench', 'mnorko', 'kosuna', 'gsllcanas', 'wseyfarth', 'nta560', 'rcs394', 'ratatat', 'jheintz', 'plin1', 'oluna', 'ohnoitsmaria', 'jeassa', 'tim2paik', 'saraishack', 'rghatnekar', 'alfredo2049', 'tcn702', 'ogreen', 'jarkin', 'cjh818', 'Sasha10', 'msilliman', 'jcascarano', 'jb71788', 'clourgos', 'iogundeko', 'advorak0905', 'kgw477', 'ElozanoE', 'kkadela', 'tbeckmann', 'ejl486', 'ehickey', 'jzissman', 'hsosne', 'bhalloy', 'dredding', 'rqian', 'lryzhkova', 'nkramer', 'esimon', 'khelseth', 'soh', 'ikim', 'siqbal', 'aarongale', 'belindagurl', 'rdeboer', 'mleaf', 'joellenornstein11', 'aernt', 'jto561', 'kpederson', 'awestling', 'ewalker', 'jtsang', 'pbaranwal', 'mgrewal', 'amk889', 'jdylik', 'are248', 'bbatlle', 'dlee1989', 'kkh253', 'bliu', 'kiwimatto', 'klr705', 'let895', 'lmg512', 'msugimoto', 'jay866', 'amphrosyne', 'dgrossheim', 'mechilders', 'conormac09', 'iav650', 'koala3miscarriage', 'lizzied', 'malbano', 'achakraborty', 'carican', 'Hellsing', 'jwg745', 'fyl708', 'eric17', 'ijn989', 'rsandy', 'nritter', 'germanchiwawa', 'hpo123', 'lhughes02', 'eaderby', 'emencher', 'samjemilo', 'klindenschmidt', 'jhaag', 'dch944', 'dtmartin', 'shong2', 'djm951', 'dki671', 'nibrahim', 'lmanus', 'ksirak', 'mison6', 'cwang1', 'briguy2007', 'kabraxis87', 'lwint', 'hhan326', 'sreddy', 'ykang', 'applevase', 'amcgrain', 'pshah', 'yuenca', 'cbaldino', 'hdean', 'lramachandran', 'smprts', 'ndekker', 'schatz', 'Giglegal1', 'rcrook', 'lfigel', 'bobhenry33', 'jsher', 'dubya01', 'rar228', 'zwittchow', 'Boopus8', 'rsk933', 'ronilshah619', 'abarrios', 'ncs802', 'abo598', 'Mdesjardins', 'agegios', 'asanghvi', 'edi827', 'r2087g', 'cmorris', 'ccory', 'rkb226', 'jfc899', 'nalex', 'rsingh', 'lokoth146', 'hfp747', 'jon2049', 'jmartinson', 'pmcauliffe', 'hauserb44', 'aliu77', 'mvollum', 'dmc109', 'samantha', 'ivg785', 'kgspears', 'mpark', 'anastasia05', 'ec359', 'lba239', 'cankisagun', 'mstep575', 'bkuhar', 'amyjia', 'emd705', 'kms350', 'awang', 'giglegal1', 'brado41']"
2,82,56,382,1,['khines'],54,"['mburt', 'MGillis', 'syvellium', 'Kotlerd', 'dmondschean', 'matkinson', 'kare26', 'Alouettes1234', 'mff620', 'whiteschwoch', 'ijb500', 'abaylan', 'jli942', 'ni7389', 'KSimonson', 'kLuo', 'nwilson33', 'douglasbartels', 'hitehc', 'The_Duck', 'yli245', 'atylergli', 'lfm413', 'bbcawodu', 'suelynyu', 'deflipp14', 'amohammed7', 'nenaloca418', 'mfitz27', 'csn474', 'sjlanus', 'annereihman', 'JKRIMMEL', 'chloerobins', 'scho', 'jtartakovsky', 'Ksimonson', 'ksimonson', 'nem270', 'alh682', 'petrakos', 'EDutton', 'snafudan', 'noquarter', 'RQian', 'krezzadeh', 'wolf1988', 'hal718', 'flynk', 'boopus8', 'hhua', 'zeh127', 'zwarburg', 'mvagnini03']",381,"['Asanghvi', 'Dmritard96', 'fare', 'jgoebbert', 'GOlson', 'eleslie', 'Wutang', 'rmadankumar', 'tylorsama', 'srf482', 'ppanigrahi', 'bea146', 'csprangers', 'jsavitz', 'aan', 'robinstiller', 'ybirnbaum', 'dtk893', 'wutang', 'ryanshannahan', 'chyunger', 'jpatel', 'slhatch', 'hsh887', 'redbaron24', 'toericliu', 'zmeadows', 'jcheng', 'jkjohnson', 'akraus', 'dcornew', 'ekatsaggelos', 'kimyeongmin', 'lakovits', 'tpang', 'ndoctor', 'elo501', 'kaiello', 'jdiffee', 'lgries', 'afu560', 'ecetumer', 'ezhang7', 'emw329', 'msparr', 'kebbert', 'akc0905', 'rschultz', 'rpitner', 'jimbob394', 'ashroff', 'srk972', 'sab266', 'pyy810', 'rdeeter', 'golson', 'lef507', 'mmchugh', 'jcagadas', 'MMCHUGH', 'hyi', 'kjo100', 'clpsh', 'Kmo256', 'chill', 'anelson', 'elizoch217', 'alazarus', 'mmorgan', 'abaxterbeck', 'GigleGal1', 'klynch', 'alouettes1234', 'ksajosh88', 'bdusel', 'apetrakos', 'ahaase', 'cwilson', 'khuang', 'geeezluis', 'tjb799', 'ma0205163', 'scedwards4', 'mhinger', 'amarope', 'bpruitt', 'alisonchevrier', 'rjs123', 'czhang', 'rortenberg', 'zya998', 'amrajah44', 'eherberg', 'cthomas', 'kpa951', 'meganichinose89', 'rzaman', 'cdemirdogen', 'jdadabo', 'sramalingam', 'jopaauki', 'Sportschic0515', 'ysd339', 'tmpch13', 'arosado', 'egrodinsky', 'ggriffin', 'ckeaton', 'asigmund', 'kschref', 'dmyung', 'jgabet', 'amoyce', 'tlightbourne', 'yngkaster', 'chisam87', 'anh259', 'fferrero', 'yyu2007', 'AnneReihman', 'stb391', 'jyeung', 'hellsing', 'jszewczyk', 'mmui', 'jkapaun', 'ariarevyan', 'lauradiaz37', 'cassisaari', 'las554', 'pgoins', 'kelly2789', 'Lauren', 'emiller', 'dso713', 'npedroarena', 'MeganWelker', 'nirajanrajkarnikar', 'agchen', 'elaning', 'jwalkowicz', 'yjchung87', 'csalfati', 'smartinez', 'lizziegwagner', 'jlim', 'mheller', 'glee', 'nraj', 'strinh', 'krutiparikh', 'w1lde1', 'rcc0320', 'tjm623', 'ehong', 'mlodriguito', 'ksiddall05', 'crb471', 'brockly91', 'nrosenbaum', 'amn307', 'lscott', 'alichtor', 'jmaya', 'cmoore', 'epollock', 'kpopovich', 'hknowlton89', 'syu', 'kluo', 'blovasik', 'daniel84', 'MrTwister5002', 'smcnulty', 'derekcftam', 'lbaumgarten', 'laquitab1', 'hshaikh', 'jratner', 'kkim0512', 'skrotseng', 'rlnevin', 'mlm197', 'ASHROFF', 'schoi', 'ctrigg', 'sglesmann', 'ppi282', 'mdw730', 'tamonoshimo', 'eschwartz', 'jstockton', 'yesmanandy3589', 'zalmquist', 'mjhuvard', 'cmuller', 'dash', 'ecastillo', 'srubinstein', 'kkraft', 'sbeymer', 'sbasore', 'pcappaert', 'cmho', 'rmason', 'actennis619', 'spyder255', 'susanmaz14', 'mstark', 'njohnson', 'elee', 'dgopinath', 'mromanelli', 'dgohr', 'dmitar1', 'kfrench', 'mnorko', 'kosuna', 'gsllcanas', 'wseyfarth', 'nta560', 'rcs394', 'ratatat', 'jheintz', 'plin1', 'oluna', 'ohnoitsmaria', 'jeassa', 'tim2paik', 'saraishack', 'alfredo2049', 'rghatnekar', 'tcn702', 'ogreen', 'jarkin', 'cjh818', 'Sasha10', 'msilliman', 'jcascarano', 'jb71788', 'clourgos', 'iogundeko', 'advorak0905', 'kgw477', 'ElozanoE', 'kkadela', 'tbeckmann', 'ejl486', 'ehickey', 'jzissman', 'hsosne', 'bhalloy', 'dredding', 'lryzhkova', 'rqian', 'nkramer', 'esimon', 'khelseth', 'soh', 'ikim', 'aarongale', 'belindagurl', 'rdeboer', 'mleaf', 'joellenornstein11', 'jto561', 'ewalker', 'kpederson', 'awestling', 'jtsang', 'pbaranwal', 'mgrewal', 'amk889', 'jdylik', 'are248', 'bbatlle', 'dlee1989', 'kkh253', 'bliu', 'klr705', 'lmg512', 'msugimoto', 'jay866', 'amphrosyne', 'dgrossheim', 'mechilders', 'iav650', 'conormac09', 'koala3miscarriage', 'kktsanes', 'lizzied', 'achakraborty', 'carican', 'Hellsing', 'jwg745', 'fyl708', 'ijn989', 'rsandy', 'hpo123', 'nritter', 'germanchiwawa', 'emencher', 'eaderby', 'samjemilo', 'klindenschmidt', 'dch944', 'jhaag', 'djm951', 'shong2', 'dtmartin', 'dki671', 'nibrahim', 'lmanus', 'ksirak', 'mison6', 'cwang1', 'briguy2007', 'kabraxis87', 'lwint', 'hhan326', 'sreddy', 'ykang', 'applevase', 'amcgrain', 'pshah', 'yuenca', 'hdean', 'cbaldino', 'lramachandran', 'smprts', 'ndekker', 'Giglegal1', 'rcrook', 'bobhenry33', 'lfigel', 'jsher', 'dubya01', 'rar228', 'zwittchow', 'rsk933', 'Boopus8', 'ronilshah619', 'abarrios', 'ncs802', 'abo598', 'Mdesjardins', 'agegios', 'asanghvi', 'edi827', 'r2087g', 'ccory', 'cmorris', 'jfc899', 'rkb226', 'nalex', 'rsingh', 'lokoth146', 'hfp747', 'jon2049', 'jmartinson', 'pmcauliffe', 'hauserb44', 'aliu77', 'mvollum', 'dmc109', 'samantha', 'ivg785', 'kgspears', 'mpark', 'anastasia05', 'ec359', 'lba239', 'cankisagun', 'mstep575', 'bkuhar', 'amyjia', 'awang', 'emd705', 'kms350', 'giglegal1', 'brado41']",436,"['MGillis', 'Asanghvi', 'Dmritard96', 'fare', 'jgoebbert', 'GOlson', 'Alouettes1234', 'eleslie', 'Wutang', 'rmadankumar', 'tylorsama', 'srf482', 'ppanigrahi', 'bea146', 'csprangers', 'jsavitz', 'aan', 'douglasbartels', 'hitehc', 'robinstiller', 'ybirnbaum', 'dtk893', 'wutang', 'ryanshannahan', 'chyunger', 'jpatel', 'slhatch', 'hsh887', 'redbaron24', 'toericliu', 'zmeadows', 'jcheng', 'khines', 'jkjohnson', 'sjlanus', 'akraus', 'dcornew', 'ekatsaggelos', 'kimyeongmin', 'lakovits', 'nem270', 'tpang', 'ndoctor', 'elo501', 'kaiello', 'jdiffee', 'lgries', 'afu560', 'ecetumer', 'flynk', 'ezhang7', 'emw329', 'msparr', 'kebbert', 'akc0905', 'rschultz', 'rpitner', 'jimbob394', 'ashroff', 'syvellium', 'srk972', 'sab266', 'pyy810', 'rdeeter', 'golson', 'ijb500', 'lef507', 'mmchugh', 'jcagadas', 'MMCHUGH', 'hyi', 'kjo100', 'clpsh', 'Kmo256', 'chill', 'anelson', 'elizoch217', 'alazarus', 'mmorgan', 'lfm413', 'abaxterbeck', 'GigleGal1', 'klynch', 'alouettes1234', 'ksajosh88', 'bdusel', 'mfitz27', 'apetrakos', 'ahaase', 'annereihman', 'cwilson', 'khuang', 'geeezluis', 'tjb799', 'ma0205163', 'scedwards4', 'mhinger', 'amarope', 'bpruitt', 'alisonchevrier', 'rjs123', 'czhang', 'rortenberg', 'zya998', 'nenaloca418', 'amrajah44', 'eherberg', 'cthomas', 'kpa951', 'meganichinose89', 'rzaman', 'cdemirdogen', 'jdadabo', 'sramalingam', 'jopaauki', 'Sportschic0515', 'ysd339', 'tmpch13', 'arosado', 'egrodinsky', 'ggriffin', 'ckeaton', 'asigmund', 'kschref', 'dmyung', 'jgabet', 'amoyce', 'tlightbourne', 'atylergli', 'yngkaster', 'chisam87', 'anh259', 'fferrero', 'yyu2007', 'AnneReihman', 'stb391', 'jyeung', 'amohammed7', 'hellsing', 'JKRIMMEL', 'Ksimonson', 'scho', 'jszewczyk', 'mmui', 'ariarevyan', 'jkapaun', 'alh682', 'cassisaari', 'EDutton', 'snafudan', 'lauradiaz37', 'las554', 'pgoins', 'krezzadeh', 'kelly2789', 'Lauren', 'emiller', 'dso713', 'npedroarena', 'MeganWelker', 'nirajanrajkarnikar', 'agchen', 'elaning', 'jwalkowicz', 'yjchung87', 'csalfati', 'mvagnini03', 'mburt', 'smartinez', 'lizziegwagner', 'jlim', 'mheller', 'glee', 'nraj', 'matkinson', 'strinh', 'krutiparikh', 'w1lde1', 'kare26', 'mff620', 'rcc0320', 'tjm623', 'ehong', 'mlodriguito', 'ksiddall05', 'crb471', 'brockly91', 'nrosenbaum', 'ni7389', 'amn307', 'lscott', 'alichtor', 'jmaya', 'cmoore', 'epollock', 'kpopovich', 'hknowlton89', 'syu', 'kluo', 'suelynyu', 'blovasik', 'daniel84', 'chloerobins', 'MrTwister5002', 'smcnulty', 'ksimonson', 'derekcftam', 'lbaumgarten', 'laquitab1', 'hshaikh', 'jratner', 'RQian', 'kkim0512', 'skrotseng', 'rlnevin', 'mlm197', 'ASHROFF', 'schoi', 'ctrigg', 'sglesmann', 'ppi282', 'boopus8', 'mdw730', 'tamonoshimo', 'eschwartz', 'jstockton', 'yesmanandy3589', 'zalmquist', 'mjhuvard', 'cmuller', 'dash', 'abaylan', 'ecastillo', 'srubinstein', 'kkraft', 'sbeymer', 'sbasore', 'pcappaert', 'cmho', 'rmason', 'actennis619', 'spyder255', 'susanmaz14', 'mstark', 'njohnson', 'bbcawodu', 'elee', 'dgopinath', 'mromanelli', 'csn474', 'dgohr', 'dmitar1', 'kfrench', 'mnorko', 'kosuna', 'petrakos', 'gsllcanas', 'wseyfarth', 'nta560', 'rcs394', 'ratatat', 'jheintz', 'plin1', 'oluna', 'hhua', 'ohnoitsmaria', 'jeassa', 'tim2paik', 'whiteschwoch', 'saraishack', 'alfredo2049', 'rghatnekar', 'tcn702', 'ogreen', 'jarkin', 'cjh818', 'Sasha10', 'msilliman', 'jcascarano', 'jb71788', 'clourgos', 'iogundeko', 'advorak0905', 'kgw477', 'ElozanoE', 'kkadela', 'tbeckmann', 'ejl486', 'ehickey', 'KSimonson', 'jzissman', 'kLuo', 'hsosne', 'bhalloy', 'dredding', 'lryzhkova', 'rqian', 'nkramer', 'esimon', 'khelseth', 'yli245', 'ikim', 'soh', 'aarongale', 'deflipp14', 'belindagurl', 'rdeboer', 'mleaf', 'joellenornstein11', 'jto561', 'ewalker', 'kpederson', 'awestling', 'jtsang', 'pbaranwal', 'mgrewal', 'amk889', 'jdylik', 'are248', 'bbatlle', 'dlee1989', 'kkh253', 'bliu', 'klr705', 'lmg512', 'msugimoto', 'jay866', 'amphrosyne', 'dgrossheim', 'mechilders', 'zeh127', 'zwarburg', 'koala3miscarriage', 'kktsanes', 'iav650', 'conormac09', 'dmondschean', 'lizzied', 'achakraborty', 'carican', 'Hellsing', 'jwg745', 'fyl708', 'ijn989', 'rsandy', 'hpo123', 'nritter', 'germanchiwawa', 'emencher', 'eaderby', 'samjemilo', 'The_Duck', 'klindenschmidt', 'dch944', 'jhaag', 'djm951', 'shong2', 'dtmartin', 'dki671', 'nibrahim', 'lmanus', 'ksirak', 'mison6', 'cwang1', 'briguy2007', 'noquarter', 'kabraxis87', 'lwint', 'hhan326', 'sreddy', 'ykang', 'hal718', 'applevase', 'amcgrain', 'pshah', 'yuenca', 'hdean', 'cbaldino', 'lramachandran', 'smprts', 'ndekker', 'Kotlerd', 'Giglegal1', 'rcrook', 'bobhenry33', 'lfigel', 'jsher', 'dubya01', 'rar228', 'zwittchow', 'rsk933', 'Boopus8', 'jli942', 'ronilshah619', 'ncs802', 'abarrios', 'abo598', 'Mdesjardins', 'agegios', 'asanghvi', 'edi827', 'nwilson33', 'r2087g', 'ccory', 'cmorris', 'jfc899', 'rkb226', 'nalex', 'rsingh', 'lokoth146', 'hfp747', 'jon2049', 'jmartinson', 'pmcauliffe', 'hauserb44', 'aliu77', 'mvollum', 'dmc109', 'jtartakovsky', 'samantha', 'ivg785', 'kgspears', 'mpark', 'anastasia05', 'ec359', 'wolf1988', 'lba239', 'cankisagun', 'mstep575', 'bkuhar', 'amyjia', 'awang', 'emd705', 'kms350', 'giglegal1', 'brado41']"
2,67,56,368,50,"['mburt', 'MGillis', 'syvellium', 'Kotlerd', 'matkinson', 'kare26', 'Alouettes1234', 'mff620', 'whiteschwoch', 'ijb500', 'abaylan', 'jli942', 'ni7389', 'KSimonson', 'kLuo', 'nwilson33', 'douglasbartels', 'hitehc', 'The_Duck', 'yli245', 'atylergli', 'lfm413', 'bbcawodu', 'suelynyu', 'amohammed7', 'khines', 'csn474', 'mfitz27', 'annereihman', 'sjlanus', 'JKRIMMEL', 'chloerobins', 'scho', 'jtartakovsky', 'Ksimonson', 'ksimonson', 'nem270', 'alh682', 'petrakos', 'EDutton', 'snafudan', 'noquarter', 'RQian', 'krezzadeh', 'hal718', 'flynk', 'boopus8', 'hhua', 'zeh127', 'zwarburg']",5,"['wolf1988', 'dmondschean', 'deflipp14', 'nenaloca418', 'mvagnini03']",318,"['GOlson', 'eleslie', 'Wutang', 'rmadankumar', 'ppanigrahi', 'aan', 'robinstiller', 'ybirnbaum', 'dtk893', 'chyunger', 'jpatel', 'slhatch', 'hsh887', 'redbaron24', 'toericliu', 'zmeadows', 'jcheng', 'jkjohnson', 'dcornew', 'kimyeongmin', 'ndoctor', 'tpang', 'elo501', 'kaiello', 'jdiffee', 'lgries', 'ecetumer', 'ezhang7', 'kebbert', 'akc0905', 'rschultz', 'rpitner', 'jimbob394', 'ashroff', 'srk972', 'sab266', 'pyy810', 'rdeeter', 'lef507', 'mmchugh', 'jcagadas', 'hyi', 'kjo100', 'clpsh', 'Kmo256', 'chill', 'anelson', 'elizoch217', 'alazarus', 'mmorgan', 'abaxterbeck', 'GigleGal1', 'klynch', 'alouettes1234', 'ksajosh88', 'ahaase', 'khuang', 'cwilson', 'geeezluis', 'tjb799', None, 'ma0205163', 'scedwards4', 'mhinger', 'bpruitt', 'rjs123', 'czhang', 'zya998', 'amrajah44', 'eherberg', 'cthomas', 'kpa951', 'meganichinose89', 'rzaman', 'cdemirdogen', 'jdadabo', 'jopaauki', 'Sportschic0515', 'ysd339', 'tmpch13', 'arosado', 'egrodinsky', 'ggriffin', 'ckeaton', 'asigmund', 'kschref', 'dmyung', 'jgabet', 'amoyce', 'tlightbourne', 'yngkaster', 'chisam87', 'anh259', 'fferrero', 'yyu2007', 'AnneReihman', 'jyeung', 'hellsing', 'jszewczyk', 'mmui', 'ariarevyan', 'jkapaun', 'cassisaari', 'lauradiaz37', 'las554', 'pgoins', 'kelly2789', 'Lauren', 'emiller', 'npedroarena', 'nirajanrajkarnikar', 'MeganWelker', 'agchen', 'elaning', 'jwalkowicz', 'yjchung87', 'csalfati', 'smartinez', 'lizziegwagner', 'mheller', 'glee', 'strinh', 'w1lde1', 'rcc0320', 'ehong', 'ksiddall05', 'crb471', 'brockly91', 'nrosenbaum', 'amn307', 'lscott', 'jmaya', 'cmoore', 'epollock', 'hknowlton89', 'kluo', 'blovasik', 'MrTwister5002', 'derekcftam', 'lbaumgarten', 'hshaikh', 'jratner', 'kkim0512', 'skrotseng', 'rlnevin', 'sglesmann', 'ppi282', 'mdw730', 'tamonoshimo', 'eschwartz', 'jstockton', 'yesmanandy3589', 'zalmquist', 'mjhuvard', 'cmuller', 'dash', 'ecastillo', 'kkraft', 'sbasore', 'pcappaert', 'cmho', 'rmason', 'spyder255', 'susanmaz14', 'mstark', 'njohnson', 'elee', 'mromanelli', 'dgohr', 'kfrench', 'mnorko', 'kosuna', 'gsllcanas', 'wseyfarth', 'nta560', 'rcs394', 'ratatat', 'jheintz', 'plin1', 'oluna', 'ohnoitsmaria', 'jeassa', 'tim2paik', 'saraishack', 'alfredo2049', 'rghatnekar', 'ogreen', 'jarkin', 'cjh818', 'Sasha10', 'msilliman', 'jcascarano', 'clourgos', 'iogundeko', 'advorak0905', 'kgw477', 'kkadela', 'ejl486', 'ehickey', 'jzissman', 'hsosne', 'bhalloy', 'lryzhkova', 'rqian', 'nkramer', 'khelseth', 'ikim', 'soh', 'aarongale', 'belindagurl', 'mleaf', 'joellenornstein11', 'aernt', 'jto561', 'kpederson', 'awestling', 'ewalker', 'jtsang', 'pbaranwal', 'amk889', 'jdylik', 'are248', 'bbatlle', 'dlee1989', 'kkh253', 'bliu', 'klr705', 'let895', 'lmg512', 'msugimoto', 'jay866', 'dgrossheim', 'iav650', 'koala3miscarriage', 'lizzied', 'malbano', 'achakraborty', 'carican', 'jwg745', 'fyl708', 'eric17', 'ijn989', 'rsandy', 'hpo123', 'germanchiwawa', 'emencher', 'eaderby', 'samjemilo', 'klindenschmidt', 'dch944', 'jhaag', 'dtmartin', 'shong2', 'dki671', 'nibrahim', 'lmanus', 'ksirak', 'mison6', 'cwang1', 'mattshax', 'briguy2007', 'kabraxis87', 'hhan326', 'sreddy', 'ykang', 'applevase', 'amcgrain', 'pshah', 'yuenca', 'cbaldino', 'lramachandran', 'smprts', 'ndekker', 'Giglegal1', 'rcrook', 'bobhenry33', 'lfigel', 'jsher', 'rar228', 'zwittchow', 'rsk933', 'ronilshah619', 'ncs802', 'abarrios', 'abo598', 'Mdesjardins', 'agegios', 'asanghvi', 'edi827', 'r2087g', 'ccory', 'jfc899', 'rkb226', 'nalex', 'rsingh', 'lokoth146', 'hfp747', 'jon2049', 'jmartinson', 'pmcauliffe', 'hauserb44', 'aliu77', 'mvollum', 'dmc109', 'samantha', 'ivg785', 'mpark', 'anastasia05', 'lba239', 'cankisagun', 'mstep575', 'bkuhar', 'amyjia', 'awang', 'emd705', 'kms350', 'giglegal1', 'brado41']",373,"['MGillis', 'GOlson', 'Alouettes1234', 'eleslie', 'Wutang', 'rmadankumar', 'ppanigrahi', 'aan', 'douglasbartels', 'hitehc', 'robinstiller', 'ybirnbaum', 'dtk893', 'chyunger', 'jpatel', 'slhatch', 'hsh887', 'redbaron24', 'toericliu', 'zmeadows', 'jcheng', 'khines', 'jkjohnson', 'sjlanus', 'dcornew', 'kimyeongmin', 'ndoctor', 'nem270', 'tpang', 'elo501', 'kaiello', 'jdiffee', 'lgries', 'ecetumer', 'flynk', 'ezhang7', 'kebbert', 'akc0905', 'rschultz', 'rpitner', 'jimbob394', 'ashroff', 'syvellium', 'srk972', 'sab266', 'pyy810', 'rdeeter', 'ijb500', 'lef507', 'mmchugh', 'jcagadas', 'hyi', 'kjo100', 'clpsh', 'Kmo256', 'chill', 'anelson', 'elizoch217', 'alazarus', 'mmorgan', 'lfm413', 'abaxterbeck', 'GigleGal1', 'klynch', 'alouettes1234', 'ksajosh88', 'mfitz27', 'ahaase', 'annereihman', 'khuang', 'cwilson', 'geeezluis', 'tjb799', None, 'ma0205163', 'scedwards4', 'mhinger', 'bpruitt', 'rjs123', 'czhang', 'zya998', 'nenaloca418', 'amrajah44', 'eherberg', 'cthomas', 'kpa951', 'meganichinose89', 'rzaman', 'cdemirdogen', 'jdadabo', 'jopaauki', 'Sportschic0515', 'ysd339', 'tmpch13', 'arosado', 'egrodinsky', 'ggriffin', 'ckeaton', 'asigmund', 'kschref', 'dmyung', 'jgabet', 'amoyce', 'tlightbourne', 'atylergli', 'yngkaster', 'chisam87', 'anh259', 'fferrero', 'yyu2007', 'AnneReihman', 'jyeung', 'amohammed7', 'hellsing', 'JKRIMMEL', 'Ksimonson', 'scho', 'jszewczyk', 'mmui', 'ariarevyan', 'jkapaun', 'alh682', 'cassisaari', 'EDutton', 'snafudan', 'lauradiaz37', 'las554', 'pgoins', 'krezzadeh', 'kelly2789', 'Lauren', 'emiller', 'npedroarena', 'nirajanrajkarnikar', 'MeganWelker', 'agchen', 'elaning', 'jwalkowicz', 'yjchung87', 'csalfati', 'mvagnini03', 'mburt', 'smartinez', 'lizziegwagner', 'mheller', 'glee', 'matkinson', 'strinh', 'w1lde1', 'kare26', 'mff620', 'rcc0320', 'ehong', 'ksiddall05', 'crb471', 'brockly91', 'nrosenbaum', 'ni7389', 'amn307', 'lscott', 'jmaya', 'cmoore', 'epollock', 'hknowlton89', 'kluo', 'suelynyu', 'blovasik', 'chloerobins', 'MrTwister5002', 'ksimonson', 'derekcftam', 'lbaumgarten', 'hshaikh', 'jratner', 'RQian', 'kkim0512', 'skrotseng', 'rlnevin', 'sglesmann', 'ppi282', 'boopus8', 'mdw730', 'tamonoshimo', 'eschwartz', 'jstockton', 'yesmanandy3589', 'zalmquist', 'mjhuvard', 'cmuller', 'dash', 'abaylan', 'ecastillo', 'kkraft', 'sbasore', 'pcappaert', 'cmho', 'rmason', 'spyder255', 'susanmaz14', 'mstark', 'njohnson', 'bbcawodu', 'elee', 'mromanelli', 'csn474', 'dgohr', 'kfrench', 'mnorko', 'kosuna', 'petrakos', 'gsllcanas', 'wseyfarth', 'nta560', 'rcs394', 'ratatat', 'jheintz', 'plin1', 'oluna', 'hhua', 'ohnoitsmaria', 'jeassa', 'tim2paik', 'whiteschwoch', 'saraishack', 'alfredo2049', 'rghatnekar', 'ogreen', 'jarkin', 'cjh818', 'Sasha10', 'msilliman', 'jcascarano', 'clourgos', 'iogundeko', 'advorak0905', 'kgw477', 'kkadela', 'ejl486', 'ehickey', 'KSimonson', 'jzissman', 'kLuo', 'hsosne', 'bhalloy', 'lryzhkova', 'rqian', 'nkramer', 'khelseth', 'yli245', 'ikim', 'soh', 'aarongale', 'deflipp14', 'belindagurl', 'mleaf', 'joellenornstein11', 'aernt', 'jto561', 'kpederson', 'awestling', 'ewalker', 'jtsang', 'pbaranwal', 'amk889', 'jdylik', 'are248', 'bbatlle', 'dlee1989', 'kkh253', 'bliu', 'klr705', 'let895', 'lmg512', 'msugimoto', 'jay866', 'dgrossheim', 'zeh127', 'zwarburg', 'koala3miscarriage', 'iav650', 'dmondschean', 'lizzied', 'malbano', 'achakraborty', 'carican', 'jwg745', 'fyl708', 'eric17', 'ijn989', 'rsandy', 'hpo123', 'germanchiwawa', 'emencher', 'eaderby', 'samjemilo', 'The_Duck', 'klindenschmidt', 'dch944', 'jhaag', 'dtmartin', 'shong2', 'dki671', 'nibrahim', 'lmanus', 'ksirak', 'mison6', 'cwang1', 'mattshax', 'briguy2007', 'noquarter', 'kabraxis87', 'hhan326', 'sreddy', 'ykang', 'hal718', 'applevase', 'amcgrain', 'pshah', 'yuenca', 'cbaldino', 'lramachandran', 'smprts', 'ndekker', 'Kotlerd', 'Giglegal1', 'rcrook', 'bobhenry33', 'lfigel', 'jsher', 'rar228', 'zwittchow', 'rsk933', 'jli942', 'ronilshah619', 'ncs802', 'abarrios', 'abo598', 'Mdesjardins', 'agegios', 'asanghvi', 'edi827', 'nwilson33', 'r2087g', 'ccory', 'jfc899', 'rkb226', 'nalex', 'rsingh', 'lokoth146', 'hfp747', 'jon2049', 'jmartinson', 'pmcauliffe', 'hauserb44', 'aliu77', 'mvollum', 'dmc109', 'jtartakovsky', 'samantha', 'ivg785', 'mpark', 'anastasia05', 'wolf1988', 'lba239', 'cankisagun', 'mstep575', 'bkuhar', 'amyjia', 'awang', 'emd705', 'kms350', 'giglegal1', 'brado41']"
2,68,56,22,2,"['boopus8', 'jtartakovsky']",53,"['mburt', 'MGillis', 'syvellium', 'Kotlerd', 'dmondschean', 'matkinson', 'kare26', 'Alouettes1234', 'mff620', 'whiteschwoch', 'ijb500', 'abaylan', 'jli942', 'ni7389', 'KSimonson', 'kLuo', 'nwilson33', 'douglasbartels', 'hitehc', 'The_Duck', 'yli245', 'atylergli', 'lfm413', 'bbcawodu', 'suelynyu', 'deflipp14', 'amohammed7', 'nenaloca418', 'khines', 'csn474', 'mfitz27', 'annereihman', 'sjlanus', 'JKRIMMEL', 'chloerobins', 'scho', 'Ksimonson', 'ksimonson', 'nem270', 'alh682', 'petrakos', 'EDutton', 'snafudan', 'noquarter', 'RQian', 'krezzadeh', 'wolf1988', 'hal718', 'flynk', 'hhua', 'zeh127', 'zwarburg', 'mvagnini03']",20,"['srk972', 'mjhuvard', 'jgoebbert', 'rcc0320', 'jeckhart', 'robinstiller', 'dredding', 'esimon', 'njohnson', 'jcheng', 'dbarack', 'lbaumgarten', 'ivg785', 'mgrewal', None, 'nta560', 'ctrigg', 'yuenca', 'iav650', 'tcn702']",75,"['MGillis', 'dmondschean', 'mjhuvard', 'jgoebbert', 'Alouettes1234', 'jeckhart', 'iav650', 'abaylan', 'douglasbartels', 'hitehc', 'The_Duck', 'robinstiller', 'atylergli', 'njohnson', 'bbcawodu', 'amohammed7', 'jcheng', 'khines', 'csn474', 'sjlanus', 'JKRIMMEL', 'dbarack', 'Ksimonson', 'scho', 'nem270', 'petrakos', 'alh682', 'EDutton', 'snafudan', 'noquarter', 'krezzadeh', 'hal718', 'flynk', 'nta560', 'yuenca', 'hhua', 'whiteschwoch', 'mvagnini03', 'tcn702', 'mburt', 'syvellium', 'Kotlerd', 'srk972', 'matkinson', 'kare26', 'mff620', 'rcc0320', 'ijb500', 'jli942', 'ni7389', 'KSimonson', 'kLuo', 'nwilson33', 'dredding', 'esimon', 'yli245', 'lfm413', 'suelynyu', 'deflipp14', 'nenaloca418', 'mfitz27', 'annereihman', 'chloerobins', 'jtartakovsky', 'ksimonson', 'ivg785', 'lbaumgarten', None, 'mgrewal', 'RQian', 'wolf1988', 'ctrigg', 'boopus8', 'zeh127', 'zwarburg']"
3,4,50,36,35,"['mfarag', 'hazemafify', 'SH', 'ahmed20', 'mnnxp_XP', 'greatsisi', 'kariembudran', 'abdelwahab202', 'salem_eng1', 'heba_draz', 'mhmd1984', 'ranya_samy', 'khallidkhallaf', 'eng_ahmedhamed', 'islam', 'ahmed_3anter', 'abd_allah', 'MA', 'ashraf2008', 'khashaba154', 'amsami', 'abker', 'ghost999100', 'tarek1984', 'maged_1', 'shn', 'ahmedneamatallah', 'Mimi', 'nasrantar', 'mohannadyomn', 'AHMED20', 'gomana1976', 'ek4m2005', 'bigman', 'sh']",14,"['lethalmagic', 'sslkanth', 'aleem', 'crallen', 'estrehlo', 'aa_ayoub', 'nmkgon', 'lisette1027', 'minjoolarrylee', 'ginige', 'nosonwan', 'bareedon', 'pdcarpen', 'mkamel']",1,[None],50,"['aleem', 'mnnxp_XP', 'greatsisi', 'kariembudran', 'abdelwahab202', 'heba_draz', 'mhmd1984', 'lethalmagic', 'ranya_samy', 'khallidkhallaf', 'eng_ahmedhamed', 'islam', 'ahmed_3anter', 'abd_allah', 'MA', 'ashraf2008', 'bareedon', 'khashaba154', 'amsami', 'maged_1', 'minjoolarrylee', 'ahmedneamatallah', 'mkamel', 'ginige', 'AHMED20', 'ek4m2005', 'sh', 'sslkanth', 'mfarag', 'hazemafify', 'SH', 'ahmed20', 'nmkgon', 'salem_eng1', 'nosonwan', 'abker', 'ghost999100', 'tarek1984', 'shn', 'crallen', 'estrehlo', 'lisette1027', 'pdcarpen', 'Mimi', None, 'nasrantar', 'aa_ayoub', 'mohannadyomn', 'gomana1976', 'bigman']"
3,1,50,7,5,"['khallidkhallaf', 'tarek1984', 'mohannadyomn', 'khashaba154', 'mhmd1984']",44,"['sslkanth', 'mfarag', 'aleem', 'hazemafify', 'SH', 'ahmed20', 'mnnxp_XP', 'nmkgon', 'greatsisi', 'kariembudran', 'abdelwahab202', 'salem_eng1', 'heba_draz', 'lethalmagic', 'ranya_samy', 'eng_ahmedhamed', 'islam', 'ahmed_3anter', 'abd_allah', 'MA', 'nosonwan', 'bareedon', 'ashraf2008', 'amsami', 'abker', 'ghost999100', 'maged_1', 'shn', 'crallen', 'estrehlo', 'lisette1027', 'minjoolarrylee', 'ahmedneamatallah', 'pdcarpen', 'mkamel', 'Mimi', 'nasrantar', 'aa_ayoub', 'ginige', 'AHMED20', 'gomana1976', 'ek4m2005', 'bigman', 'sh']",2,"[None, 'bassel_ahmed']",51,"['sslkanth', 'mfarag', 'aleem', 'hazemafify', 'SH', 'ahmed20', 'mnnxp_XP', 'nmkgon', 'greatsisi', 'kariembudran', 'abdelwahab202', 'salem_eng1', 'heba_draz', 'mhmd1984', 'lethalmagic', 'ranya_samy', 'khallidkhallaf', 'eng_ahmedhamed', 'islam', 'ahmed_3anter', 'abd_allah', 'MA', 'nosonwan', 'bareedon', 'ashraf2008', 'khashaba154', 'amsami', 'abker', 'ghost999100', 'tarek1984', 'maged_1', 'shn', 'crallen', 'estrehlo', 'lisette1027', 'minjoolarrylee', 'ahmedneamatallah', 'pdcarpen', 'mkamel', 'Mimi', None, 'nasrantar', 'bassel_ahmed', 'aa_ayoub', 'mohannadyomn', 'ginige', 'AHMED20', 'gomana1976', 'ek4m2005', 'bigman', 'sh']"
3,3,50,7,6,"['ranya_samy', 'kariembudran', 'mkamel', 'khashaba154', 'mhmd1984', 'nasrantar']",43,"['sslkanth', 'mfarag', 'aleem', 'hazemafify', 'SH', 'ahmed20', 'mnnxp_XP', 'nmkgon', 'greatsisi', 'abdelwahab202', 'salem_eng1', 'heba_draz', 'lethalmagic', 'khallidkhallaf', 'eng_ahmedhamed', 'islam', 'ahmed_3anter', 'abd_allah', 'MA', 'nosonwan', 'bareedon', 'ashraf2008', 'amsami', 'abker', 'ghost999100', 'tarek1984', 'maged_1', 'shn', 'crallen', 'estrehlo', 'lisette1027', 'minjoolarrylee', 'ahmedneamatallah', 'pdcarpen', 'Mimi', 'aa_ayoub', 'mohannadyomn', 'ginige', 'AHMED20', 'gomana1976', 'ek4m2005', 'bigman', 'sh']",1,[None],50,"['sslkanth', 'mfarag', 'aleem', 'hazemafify', 'SH', 'ahmed20', 'mnnxp_XP', 'nmkgon', 'greatsisi', 'kariembudran', 'abdelwahab202', 'salem_eng1', 'heba_draz', 'mhmd1984', 'lethalmagic', 'ranya_samy', 'khallidkhallaf', 'eng_ahmedhamed', 'islam', 'ahmed_3anter', 'abd_allah', 'MA', 'nosonwan', 'bareedon', 'ashraf2008', 'khashaba154', 'amsami', 'abker', 'ghost999100', 'tarek1984', 'maged_1', 'shn', 'crallen', 'estrehlo', 'lisette1027', 'minjoolarrylee', 'ahmedneamatallah', 'pdcarpen', 'mkamel', 'Mimi', None, 'nasrantar', 'aa_ayoub', 'mohannadyomn', 'ginige', 'AHMED20', 'gomana1976', 'ek4m2005', 'bigman', 'sh']"
4,84,35,44,34,"['afang29', 'eth996', 'nac278', 'janr6', 'spd423', 'mha312', 'KhunWasut', 'mer456', 'rwojahn', 'dstehura', 'jessseb', 'atanase', 'smh644', 'mlh331', 'khunwasut', 'ebaistrup', 'jtitova86', 'jsirk', 'wbriley', 'vanguard', 'vpa573', 'ejb030', 'aliu', 'keanenryan', 'Khunwasut', 'tresprynter', 'bigguy12986', 'redhead42', 'zjb407', 'navra86', 'nickname', 'Janr6', 'andyrincewind', 'GiantCrab']",0,[],10,"['mlodriguito', 'sstrasser', 'slhatch', 'willbriley', 'atomadam2', 'schatz', 'lfigel', None, 'jroden', 'sdibenedetto']",44,"['janr6', 'mha312', 'KhunWasut', 'mer456', 'rwojahn', 'smh644', 'atanase', 'mlh331', 'sstrasser', 'slhatch', 'ebaistrup', 'willbriley', 'vanguard', 'ejb030', 'keanenryan', 'tresprynter', 'redhead42', 'atomadam2', 'navra86', 'nickname', 'Janr6', 'andyrincewind', 'GiantCrab', 'afang29', 'eth996', 'nac278', 'schatz', 'lfigel', 'sdibenedetto', 'mlodriguito', 'spd423', 'dstehura', 'jessseb', 'jroden', 'khunwasut', 'jtitova86', 'jsirk', 'wbriley', 'vpa573', None, 'aliu', 'Khunwasut', 'bigguy12986', 'zjb407']"
5,43,32,64,4,"['guttivishu', 'mallik69sg', 'pintamesuave', 'rakesh1']",27,"['gokhan', 'ece300s08', 'bigalees22', 'Ksharon', 'nejoa32', 'rainamanav', 'sharifeee01', 'lsc04001', 'akatuki5uk', 'bromeo710', 'zahra6280', 'hnkim70', 'mismail', 'cboztug', 'rhohner', 'xiaoqiong1024', 'klc04004', 'yphani', 'Hector_H', 'scsong71', 'hsilva', 'hdudumoni', 'mpw03003', 'anupsasikumar', 'kesani', 'anilshirao', 'semetria']",60,"['vamsi', 'kishorerama', 'paradox', 'rakesh96', 'nshah5', 'malliksiuc', 'VAMSI', 'rajani', 'praveen56', 'gspkarteek', 'yalavarthi', 'geminianrahul', 'singam28', 'ksharon', 'sandeepchetla', 'mbakbulut', 'kalyanA', 'nikheel_mutha', 'aruna135', 'hema19', 'chaparalaravi', 'ravi1986', 'shinde', 'obaid', 'ozair229', 'mshareef', 'phani', 'vvijaysaradhi8', 'hari1234', 'deepujoe', 'sravankumarg', 'sravankumar', 'dilipchandra', 'sameer229', 'revanth909', 'swaroopnayer', 'dhabersat', 'rakesh', 'kalpana', 'varun4varun', 'venkyrocks1z', 'vineelat', None, 'chandrakiran', 'manasa18', 'ganeshms', 'sanjayk', 'sravankumarga', 'hvr1', 'krishnakiran19', 'gypooja', 'arun', 'kiransunkara', 'ravindra', 'jrollins', 'pavan_sail2boats', 'henryryu', 'satishb', 'haydar', 'balajepalli']",91,"['vamsi', 'kishorerama', 'paradox', 'gokhan', 'nshah5', 'bigalees22', 'rajani', 'singam28', 'ksharon', 'mbakbulut', 'nejoa32', 'rainamanav', 'sharifeee01', 'chaparalaravi', 'akatuki5uk', 'phani', 'sravankumarg', 'mismail', 'dilipchandra', 'cboztug', 'rhohner', 'kalpana', 'varun4varun', 'xiaoqiong1024', 'klc04004', 'venkyrocks1z', 'vineelat', 'yphani', 'Hector_H', 'pintamesuave', 'chandrakiran', 'hsilva', 'hdudumoni', 'krishnakiran19', 'gypooja', 'arun', 'mpw03003', 'anupsasikumar', 'jrollins', 'henryryu', 'haydar', 'balajepalli', 'sameer229', 'rakesh96', 'malliksiuc', 'ece300s08', 'VAMSI', 'praveen56', 'gspkarteek', 'yalavarthi', 'geminianrahul', 'sandeepchetla', 'kalyanA', 'mallik69sg', 'nikheel_mutha', 'aruna135', 'Ksharon', 'hema19', 'ravi1986', 'lsc04001', 'shinde', 'obaid', 'ozair229', 'bromeo710', 'mshareef', 'vvijaysaradhi8', 'zahra6280', 'hnkim70', 'hari1234', 'deepujoe', 'sravankumar', 'revanth909', 'swaroopnayer', 'dhabersat', 'rakesh', None, 'manasa18', 'scsong71', 'ganeshms', 'sanjayk', 'sravankumarga', 'hvr1', 'rakesh1', 'guttivishu', 'kiransunkara', 'ravindra', 'kesani', 'pavan_sail2boats', 'anilshirao', 'satishb', 'semetria']"
5,42,32,61,2,"['Ksharon', 'kesani']",29,"['gokhan', 'ece300s08', 'bigalees22', 'mallik69sg', 'nejoa32', 'rainamanav', 'sharifeee01', 'lsc04001', 'akatuki5uk', 'bromeo710', 'zahra6280', 'hnkim70', 'mismail', 'cboztug', 'rhohner', 'xiaoqiong1024', 'klc04004', 'yphani', 'Hector_H', 'pintamesuave', 'scsong71', 'hsilva', 'hdudumoni', 'rakesh1', 'guttivishu', 'mpw03003', 'anupsasikumar', 'anilshirao', 'semetria']",59,"['vamsi', 'kishorerama', 'vedire', 'tfleur', 'praveen56', 'msahish', 'yalavarthi', 'madan226', 'geminianrahul', 'srilatha', 'ksharon', 'nikheel_mutha', 'aruna135', 'srikanth021985', 'hema19', 'motakpal', 'chaparalaravi', 'kittu2731', 'vinureddy002', 'shinde', 'swathi', 'mshareef', 'ssahmed', 'phani', 'teegalapalli', 'hari1234', 'deepujoe', 'sravankumarg', 'sravankumar', 'dilipchandra', 'shubhajeet', 'sameer229', 'revanth909', 'swaroopnayer', 'ali_r84', 'kalpana', 'venkyrocks1z', 'varun4varun', 'vineelat', None, 'chandrakiran', 'manasa18', 'vineel86', 'sanjayk', 'ganeshms', 'ravali', 'hvr1', 'krishnakiran19', 'arun', 'kiransunkara', 'kedar', 'chrmjenkins', 'ravindra', 'pavan_sail2boats', 'henryryu', 'satishb', 'nirish', 'haydar', 'balajepalli']",90,"['vamsi', 'kishorerama', 'gokhan', 'vedire', 'tfleur', 'bigalees22', 'msahish', 'ksharon', 'nejoa32', 'motakpal', 'rainamanav', 'sharifeee01', 'chaparalaravi', 'akatuki5uk', 'swathi', 'phani', 'teegalapalli', 'sravankumarg', 'mismail', 'dilipchandra', 'cboztug', 'rhohner', 'ali_r84', 'kalpana', 'venkyrocks1z', 'xiaoqiong1024', 'klc04004', 'varun4varun', 'vineelat', 'yphani', 'Hector_H', 'pintamesuave', 'chandrakiran', 'vineel86', 'hsilva', 'hdudumoni', 'ravali', 'krishnakiran19', 'arun', 'mpw03003', 'anupsasikumar', 'henryryu', 'nirish', 'haydar', 'balajepalli', 'sameer229', 'ece300s08', 'praveen56', 'yalavarthi', 'madan226', 'geminianrahul', 'srilatha', 'mallik69sg', 'nikheel_mutha', 'aruna135', 'Ksharon', 'hema19', 'srikanth021985', 'lsc04001', 'kittu2731', 'vinureddy002', 'shinde', 'bromeo710', 'mshareef', 'ssahmed', 'zahra6280', 'hnkim70', 'hari1234', 'deepujoe', 'sravankumar', 'shubhajeet', 'revanth909', 'swaroopnayer', None, 'manasa18', 'scsong71', 'sanjayk', 'ganeshms', 'hvr1', 'rakesh1', 'guttivishu', 'kiransunkara', 'kedar', 'chrmjenkins', 'ravindra', 'kesani', 'pavan_sail2boats', 'anilshirao', 'satishb', 'semetria']"
5,103,32,42,2,"['yphani', 'kesani']",29,"['gokhan', 'ece300s08', 'bigalees22', 'mallik69sg', 'Ksharon', 'nejoa32', 'rainamanav', 'sharifeee01', 'lsc04001', 'akatuki5uk', 'bromeo710', 'zahra6280', 'hnkim70', 'mismail', 'cboztug', 'rhohner', 'xiaoqiong1024', 'klc04004', 'Hector_H', 'pintamesuave', 'scsong71', 'hsilva', 'hdudumoni', 'rakesh1', 'guttivishu', 'mpw03003', 'anupsasikumar', 'anilshirao', 'semetria']",40,"['vamsi', 'wowshariff', 'rajani', 'yalavarthi', 'geminianrahul', 'singam28', 'srilatha', 'ksharon', 'nikheel_mutha', 'aruna135', 'hema19', 'kittu2731', 'shinde', 'obaid', 'swathi', 'vvijaysaradhi8', 'phani', 'hari1234', 'deepujoe', 'sravankumar', 'shubhajeet', 'sameer229', 'revanth909', 'kalpana', 'venkyrocks1z', 'varun4varun', None, 'chandrakiran', 'sanjayk', 'kandala', 'ravali', 'hvr1', 'ganeshms', 'krishnakiran19', 'arun', 'kedar', 'ravindra', 'henryryu', 'haydar', 'balajepalli']",71,"['vamsi', 'gokhan', 'wowshariff', 'bigalees22', 'rajani', 'singam28', 'ksharon', 'nejoa32', 'rainamanav', 'sharifeee01', 'akatuki5uk', 'swathi', 'phani', 'mismail', 'cboztug', 'rhohner', 'kalpana', 'venkyrocks1z', 'xiaoqiong1024', 'klc04004', 'varun4varun', 'yphani', 'Hector_H', 'pintamesuave', 'chandrakiran', 'kandala', 'hsilva', 'hdudumoni', 'ravali', 'krishnakiran19', 'arun', 'mpw03003', 'anupsasikumar', 'henryryu', 'haydar', 'balajepalli', 'sameer229', 'ece300s08', 'yalavarthi', 'geminianrahul', 'srilatha', 'mallik69sg', 'nikheel_mutha', 'aruna135', 'Ksharon', 'hema19', 'lsc04001', 'kittu2731', 'shinde', 'obaid', 'bromeo710', 'vvijaysaradhi8', 'zahra6280', 'hnkim70', 'hari1234', 'deepujoe', 'sravankumar', 'shubhajeet', 'revanth909', None, 'scsong71', 'sanjayk', 'ganeshms', 'hvr1', 'rakesh1', 'guttivishu', 'kedar', 'ravindra', 'kesani', 'anilshirao', 'semetria']"
5,102,32,28,1,['yphani'],30,"['gokhan', 'ece300s08', 'bigalees22', 'mallik69sg', 'Ksharon', 'nejoa32', 'rainamanav', 'sharifeee01', 'lsc04001', 'akatuki5uk', 'bromeo710', 'zahra6280', 'hnkim70', 'mismail', 'cboztug', 'rhohner', 'xiaoqiong1024', 'klc04004', 'Hector_H', 'pintamesuave', 'scsong71', 'hsilva', 'hdudumoni', 'rakesh1', 'guttivishu', 'mpw03003', 'anupsasikumar', 'kesani', 'anilshirao', 'semetria']",27,"['vamsi', 'vedire', 'tfleur', 'rajani', 'msahish', 'yalavarthi', 'srilatha', 'ksharon', 'aruna135', 'hema19', 'kittu2731', 'swathi', 'ssahmed', 'teegalapalli', 'revanth909', 'kalpana', 'varun4varun', None, 'vineelat', 'balajepalli', 'manasa18', 'sanjayk', 'ravali', 'hvr1', 'krishnakiran19', 'gypooja', 'sameer229']",58,"['vamsi', 'gokhan', 'vedire', 'tfleur', 'ece300s08', 'bigalees22', 'rajani', 'msahish', 'yalavarthi', 'srilatha', 'ksharon', 'mallik69sg', 'aruna135', 'Ksharon', 'hema19', 'nejoa32', 'rainamanav', 'sharifeee01', 'lsc04001', 'kittu2731', 'akatuki5uk', 'swathi', 'bromeo710', 'ssahmed', 'teegalapalli', 'zahra6280', 'hnkim70', 'mismail', 'cboztug', 'revanth909', 'rhohner', 'kalpana', 'varun4varun', 'xiaoqiong1024', 'klc04004', None, 'vineelat', 'yphani', 'Hector_H', 'pintamesuave', 'scsong71', 'manasa18', 'sanjayk', 'hsilva', 'hdudumoni', 'rakesh1', 'guttivishu', 'ravali', 'hvr1', 'krishnakiran19', 'gypooja', 'mpw03003', 'anupsasikumar', 'balajepalli', 'kesani', 'anilshirao', 'sameer229', 'semetria']"
5,44,32,23,2,"['zahra6280', 'Hector_H']",29,"['gokhan', 'ece300s08', 'bigalees22', 'mallik69sg', 'Ksharon', 'nejoa32', 'rainamanav', 'sharifeee01', 'lsc04001', 'akatuki5uk', 'bromeo710', 'hnkim70', 'mismail', 'cboztug', 'rhohner', 'xiaoqiong1024', 'klc04004', 'yphani', 'pintamesuave', 'scsong71', 'hsilva', 'hdudumoni', 'rakesh1', 'guttivishu', 'mpw03003', 'anupsasikumar', 'kesani', 'anilshirao', 'semetria']",21,"['JimboAACR', 'sjmussi', 'nskaggs', 'hcbraun', 'bamoccho', 'masalih', 'cybertronxw9', 'balopez', 'ipaderez', 'geekyguy42', 'eemerson', 'sp_phoenix', 'slhs_campusman', 'osinayis', 'ferry', None, 'princeofsax', 'capc27', 'jinkim6', 'cyrix386', 'mjbabb17']",52,"['gokhan', 'JimboAACR', 'ece300s08', 'bigalees22', 'sjmussi', 'nskaggs', 'hcbraun', 'bamoccho', 'masalih', 'mallik69sg', 'Ksharon', 'nejoa32', 'cybertronxw9', 'rainamanav', 'sharifeee01', 'balopez', 'lsc04001', 'akatuki5uk', 'ipaderez', 'geekyguy42', 'bromeo710', 'zahra6280', 'hnkim70', 'eemerson', 'mismail', 'sp_phoenix', 'cboztug', 'slhs_campusman', 'rhohner', 'osinayis', 'ferry', 'xiaoqiong1024', 'klc04004', None, 'princeofsax', 'yphani', 'Hector_H', 'pintamesuave', 'scsong71', 'capc27', 'jinkim6', 'hsilva', 'hdudumoni', 'rakesh1', 'guttivishu', 'cyrix386', 'mpw03003', 'anupsasikumar', 'kesani', 'anilshirao', 'mjbabb17', 'semetria']"
5,76,32,21,2,"['zahra6280', 'Hector_H']",29,"['gokhan', 'ece300s08', 'bigalees22', 'mallik69sg', 'Ksharon', 'nejoa32', 'rainamanav', 'sharifeee01', 'lsc04001', 'akatuki5uk', 'bromeo710', 'hnkim70', 'mismail', 'cboztug', 'rhohner', 'xiaoqiong1024', 'klc04004', 'yphani', 'pintamesuave', 'scsong71', 'hsilva', 'hdudumoni', 'rakesh1', 'guttivishu', 'mpw03003', 'anupsasikumar', 'kesani', 'anilshirao', 'semetria']",19,"['sjmussi', 'nskaggs', 'hcbraun', 'bamoccho', 'masalih', 'balopez', 'bpadman1', 'ipaderez', 'geekyguy42', 'sp_phoenix', 'slhs_campusman', 'osinayis', 'ferry', None, 'capc27', 'jinkim6', 'cyrix386', 'arman', 'mjbabb17']",50,"['gokhan', 'ece300s08', 'bigalees22', 'sjmussi', 'nskaggs', 'hcbraun', 'bamoccho', 'masalih', 'mallik69sg', 'Ksharon', 'nejoa32', 'rainamanav', 'sharifeee01', 'balopez', 'bpadman1', 'lsc04001', 'akatuki5uk', 'ipaderez', 'geekyguy42', 'bromeo710', 'zahra6280', 'hnkim70', 'mismail', 'sp_phoenix', 'cboztug', 'slhs_campusman', 'rhohner', 'osinayis', 'ferry', 'xiaoqiong1024', 'klc04004', None, 'yphani', 'Hector_H', 'pintamesuave', 'scsong71', 'capc27', 'jinkim6', 'hsilva', 'hdudumoni', 'rakesh1', 'guttivishu', 'cyrix386', 'arman', 'mpw03003', 'anupsasikumar', 'kesani', 'anilshirao', 'mjbabb17', 'semetria']"
5,45,32,14,12,"['pintamesuave', 'gokhan', 'hsilva', 'cboztug', 'ece300s08', 'lsc04001', 'bigalees22', 'mpw03003', 'rhohner', 'bromeo710', 'xiaoqiong1024', 'klc04004']",19,"['mallik69sg', 'Ksharon', 'nejoa32', 'rainamanav', 'sharifeee01', 'akatuki5uk', 'zahra6280', 'hnkim70', 'mismail', 'yphani', 'Hector_H', 'scsong71', 'hdudumoni', 'rakesh1', 'guttivishu', 'anupsasikumar', 'kesani', 'anilshirao', 'semetria']",2,"[None, 'tupai']",33,"['gokhan', 'ece300s08', 'bigalees22', 'mallik69sg', 'Ksharon', 'nejoa32', 'rainamanav', 'sharifeee01', 'lsc04001', 'akatuki5uk', 'bromeo710', 'zahra6280', 'hnkim70', 'mismail', 'cboztug', 'rhohner', 'xiaoqiong1024', 'klc04004', None, 'yphani', 'Hector_H', 'pintamesuave', 'scsong71', 'hsilva', 'hdudumoni', 'rakesh1', 'guttivishu', 'mpw03003', 'anupsasikumar', 'kesani', 'anilshirao', 'tupai', 'semetria']"
5,47,32,12,2,"['yphani', 'ece300s08']",29,"['gokhan', 'bigalees22', 'mallik69sg', 'Ksharon', 'nejoa32', 'rainamanav', 'sharifeee01', 'lsc04001', 'akatuki5uk', 'bromeo710', 'zahra6280', 'hnkim70', 'mismail', 'cboztug', 'rhohner', 'xiaoqiong1024', 'klc04004', 'Hector_H', 'pintamesuave', 'scsong71', 'hsilva', 'hdudumoni', 'rakesh1', 'guttivishu', 'mpw03003', 'anupsasikumar', 'kesani', 'anilshirao', 'semetria']",10,"['vineel86', 'malliksiuc', 'vvijaysaradhi8', 'ravi1986', 'kittu2731', 'mallik609', 'arif999', 'sandeepchetla', 'satishb', None]",41,"['gokhan', 'malliksiuc', 'ece300s08', 'bigalees22', 'arif999', 'sandeepchetla', 'mallik69sg', 'Ksharon', 'nejoa32', 'rainamanav', 'sharifeee01', 'ravi1986', 'lsc04001', 'kittu2731', 'mallik609', 'akatuki5uk', 'bromeo710', 'vvijaysaradhi8', 'zahra6280', 'hnkim70', 'mismail', 'cboztug', 'rhohner', 'xiaoqiong1024', 'klc04004', None, 'yphani', 'Hector_H', 'pintamesuave', 'scsong71', 'vineel86', 'hsilva', 'hdudumoni', 'rakesh1', 'guttivishu', 'mpw03003', 'anupsasikumar', 'kesani', 'anilshirao', 'satishb', 'semetria']"
5,46,32,7,2,"['anilshirao', 'rainamanav']",29,"['gokhan', 'ece300s08', 'bigalees22', 'mallik69sg', 'Ksharon', 'nejoa32', 'sharifeee01', 'lsc04001', 'akatuki5uk', 'bromeo710', 'zahra6280', 'hnkim70', 'mismail', 'cboztug', 'rhohner', 'xiaoqiong1024', 'klc04004', 'yphani', 'Hector_H', 'pintamesuave', 'scsong71', 'hsilva', 'hdudumoni', 'rakesh1', 'guttivishu', 'mpw03003', 'anupsasikumar', 'kesani', 'semetria']",5,"['paradox', 'vbudhraja', 'manavraina', None, 'vineelat']",36,"['paradox', 'gokhan', 'ece300s08', 'bigalees22', 'mallik69sg', 'manavraina', 'Ksharon', 'nejoa32', 'rainamanav', 'sharifeee01', 'lsc04001', 'akatuki5uk', 'bromeo710', 'zahra6280', 'hnkim70', 'mismail', 'cboztug', 'rhohner', 'xiaoqiong1024', 'klc04004', None, 'vineelat', 'yphani', 'Hector_H', 'pintamesuave', 'scsong71', 'hsilva', 'hdudumoni', 'rakesh1', 'guttivishu', 'mpw03003', 'anupsasikumar', 'kesani', 'vbudhraja', 'anilshirao', 'semetria']"
5,50,32,7,2,"['anilshirao', 'rainamanav']",29,"['gokhan', 'ece300s08', 'bigalees22', 'mallik69sg', 'Ksharon', 'nejoa32', 'sharifeee01', 'lsc04001', 'akatuki5uk', 'bromeo710', 'zahra6280', 'hnkim70', 'mismail', 'cboztug', 'rhohner', 'xiaoqiong1024', 'klc04004', 'yphani', 'Hector_H', 'pintamesuave', 'scsong71', 'hsilva', 'hdudumoni', 'rakesh1', 'guttivishu', 'mpw03003', 'anupsasikumar', 'kesani', 'semetria']",5,"['paradox', 'nikhilmodi', 'vbudhraja', 'manavraina', None]",36,"['paradox', 'gokhan', 'nikhilmodi', 'ece300s08', 'bigalees22', 'mallik69sg', 'manavraina', 'Ksharon', 'nejoa32', 'rainamanav', 'sharifeee01', 'lsc04001', 'akatuki5uk', 'bromeo710', 'zahra6280', 'hnkim70', 'mismail', 'cboztug', 'rhohner', 'xiaoqiong1024', 'klc04004', None, 'yphani', 'Hector_H', 'pintamesuave', 'scsong71', 'hsilva', 'hdudumoni', 'rakesh1', 'guttivishu', 'mpw03003', 'anupsasikumar', 'kesani', 'vbudhraja', 'anilshirao', 'semetria']"
6,15,30,16,13,"['damandan', 'chrisdo', 'rahmza', 'agacosta', 'gshokes', 'millercg', 'lkp52187', 'kareemg86', 'kknauer', 'relakyle', 'amitgupta', 'perv4life', 'nfowler']",16,"['jromans', 'mcorrea', 'ckswimz', 'lateefs', 'gba2', 'afrorod', 'pmuri', 'hlrodri', 'germorell', 'greg914', 'rolayo', 'bkied', 'cheo', 'allme', 'mksingh100', 'JuanMa10']",3,"['bamsayo', None, 'nosajlee']",32,"['jromans', 'ckswimz', 'chrisdo', 'gshokes', 'millercg', 'cheo', 'bkied', 'relakyle', 'amitgupta', 'mcorrea', 'lateefs', 'afrorod', 'agacosta', 'hlrodri', 'bamsayo', 'germorell', 'greg914', 'rolayo', 'lkp52187', 'kareemg86', 'perv4life', 'allme', 'mksingh100', 'JuanMa10', None, 'damandan', 'gba2', 'rahmza', 'pmuri', 'nosajlee', 'kknauer', 'nfowler']"
6,14,30,12,9,"['mcorrea', 'jromans', 'gba2', 'hlrodri', 'germorell', 'rolayo', 'cheo', 'JuanMa10', 'mksingh100']",20,"['ckswimz', 'chrisdo', 'gshokes', 'millercg', 'bkied', 'relakyle', 'amitgupta', 'lateefs', 'afrorod', 'agacosta', 'greg914', 'lkp52187', 'kareemg86', 'allme', 'perv4life', 'damandan', 'rahmza', 'pmuri', 'kknauer', 'nfowler']",3,"['lalivette', 'saularmando', None]",32,"['jromans', 'ckswimz', 'chrisdo', 'gshokes', 'millercg', 'cheo', 'bkied', 'relakyle', 'amitgupta', 'saularmando', 'mcorrea', 'lateefs', 'afrorod', 'agacosta', 'hlrodri', 'germorell', 'greg914', 'rolayo', 'lkp52187', 'kareemg86', 'perv4life', 'allme', 'mksingh100', 'JuanMa10', None, 'damandan', 'lalivette', 'gba2', 'rahmza', 'pmuri', 'kknauer', 'nfowler']"
7,25,27,26,20,"['jcartee2', 'jhamil7', 'pdrinkw2', 'philipp1', 'dgilkis2', 'kvstark', 'hacklan07', 'mrodrig5', 'ding3', 'stien', 'moretti2', 'icottle2', 'mlundgr2', 'senator', 'gjcolombo', 'besmao2', 'vdraksh2', 'akshat18', 'chirsch2', 'stealthflyer']",6,"['mebentz2', 'anz', 'ksnell2', 'mattlucas', 'MajidHasan', 'junpea']",6,"['jrlange2', 'choquette', 'lordbeagle', 'giannopo', None, 'akin_t']",32,"['jcartee2', 'akin_t', 'ksnell2', 'jhamil7', 'choquette', 'anz', 'mattlucas', 'philipp1', 'dgilkis2', 'pdrinkw2', 'junpea', 'MajidHasan', 'kvstark', 'hacklan07', 'jrlange2', 'mrodrig5', 'ding3', 'lordbeagle', 'stien', 'giannopo', 'moretti2', None, 'icottle2', 'mlundgr2', 'mebentz2', 'senator', 'gjcolombo', 'besmao2', 'vdraksh2', 'akshat18', 'chirsch2', 'stealthflyer']"
7,10,27,20,18,"['mlundgr2', 'mebentz2', 'jcartee2', 'mrodrig5', 'ding3', 'senator', 'anz', 'ksnell2', 'mattlucas', 'pdrinkw2', 'besmao2', 'vdraksh2', 'chirsch2', 'kvstark', 'moretti2', 'jhamil7', 'icottle2', 'stealthflyer']",8,"['hacklan07', 'gjcolombo', 'philipp1', 'dgilkis2', 'stien', 'MajidHasan', 'akshat18', 'junpea']",2,"['giannopo', None]",28,"['jcartee2', 'ksnell2', 'jhamil7', 'anz', 'mattlucas', 'philipp1', 'dgilkis2', 'pdrinkw2', 'junpea', 'MajidHasan', 'kvstark', 'hacklan07', 'mrodrig5', 'ding3', 'stien', 'giannopo', 'moretti2', None, 'icottle2', 'mlundgr2', 'mebentz2', 'senator', 'gjcolombo', 'besmao2', 'vdraksh2', 'akshat18', 'chirsch2', 'stealthflyer']"
7,74,27,18,13,"['mlundgr2', 'mebentz2', 'mrodrig5', 'ding3', 'jcartee2', 'senator', 'moretti2', 'pdrinkw2', 'philipp1', 'besmao2', 'kvstark', 'akshat18', 'icottle2']",13,"['hacklan07', 'anz', 'gjcolombo', 'ksnell2', 'mattlucas', 'junpea', 'dgilkis2', 'stien', 'vdraksh2', 'chirsch2', 'MajidHasan', 'stealthflyer', 'jhamil7']",5,"['xu36', 'lordbeagle', 'giannopo', None, 'gkapoor2']",31,"['jcartee2', 'ksnell2', 'jhamil7', 'anz', 'mattlucas', 'philipp1', 'dgilkis2', 'pdrinkw2', 'junpea', 'MajidHasan', 'kvstark', 'hacklan07', 'gkapoor2', 'xu36', 'mrodrig5', 'ding3', 'lordbeagle', 'stien', 'giannopo', 'moretti2', None, 'icottle2', 'mlundgr2', 'mebentz2', 'senator', 'gjcolombo', 'besmao2', 'vdraksh2', 'akshat18', 'chirsch2', 'stealthflyer']"
7,77,27,10,9,"['mlundgr2', 'ding3', 'senator', 'moretti2', 'mattlucas', 'philipp1', 'kvstark', 'akshat18', 'stealthflyer']",17,"['hacklan07', 'mebentz2', 'jcartee2', 'mrodrig5', 'anz', 'gjcolombo', 'ksnell2', 'pdrinkw2', 'junpea', 'dgilkis2', 'stien', 'besmao2', 'vdraksh2', 'chirsch2', 'MajidHasan', 'jhamil7', 'icottle2']",1,[None],27,"['hacklan07', 'jcartee2', 'mrodrig5', 'ding3', 'ksnell2', 'stien', 'moretti2', None, 'jhamil7', 'MajidHasan', 'icottle2', 'mlundgr2', 'mebentz2', 'senator', 'anz', 'gjcolombo', 'mattlucas', 'philipp1', 'dgilkis2', 'pdrinkw2', 'besmao2', 'vdraksh2', 'chirsch2', 'kvstark', 'akshat18', 'junpea', 'stealthflyer']"
7,75,27,8,5,"['gjcolombo', 'dgilkis2', 'stien', 'chirsch2', 'jhamil7']",21,"['jcartee2', 'ksnell2', 'anz', 'mattlucas', 'philipp1', 'pdrinkw2', 'kvstark', 'MajidHasan', 'hacklan07', 'mrodrig5', 'ding3', 'moretti2', 'icottle2', 'mlundgr2', 'mebentz2', 'senator', 'besmao2', 'vdraksh2', 'akshat18', 'junpea', 'stealthflyer']",3,"['giannopo', None, 'gkapoor2']",29,"['hacklan07', 'gkapoor2', 'jcartee2', 'mrodrig5', 'ding3', 'ksnell2', 'stien', 'giannopo', 'moretti2', None, 'jhamil7', 'MajidHasan', 'icottle2', 'mlundgr2', 'mebentz2', 'senator', 'anz', 'gjcolombo', 'mattlucas', 'philipp1', 'dgilkis2', 'pdrinkw2', 'besmao2', 'vdraksh2', 'chirsch2', 'kvstark', 'akshat18', 'junpea', 'stealthflyer']"
7,11,27,7,5,"['hacklan07', 'gjcolombo', 'dgilkis2', 'stien', 'junpea']",21,"['jcartee2', 'ksnell2', 'jhamil7', 'anz', 'mattlucas', 'philipp1', 'pdrinkw2', 'kvstark', 'MajidHasan', 'mrodrig5', 'ding3', 'moretti2', 'icottle2', 'mlundgr2', 'mebentz2', 'senator', 'besmao2', 'vdraksh2', 'akshat18', 'chirsch2', 'stealthflyer']",2,"['kkoga2', None]",28,"['hacklan07', 'kkoga2', 'jcartee2', 'mrodrig5', 'ding3', 'ksnell2', 'stien', 'moretti2', None, 'jhamil7', 'MajidHasan', 'icottle2', 'mlundgr2', 'mebentz2', 'senator', 'anz', 'gjcolombo', 'mattlucas', 'philipp1', 'dgilkis2', 'pdrinkw2', 'besmao2', 'vdraksh2', 'chirsch2', 'kvstark', 'akshat18', 'junpea', 'stealthflyer']"
8,79,24,18,16,"['motox464', 'jonglauser', 'jbishop', 'traviskent', 'brassmonk', 'presidentvikram', 'joetaylor', 'sdufurrena', 'derekklein', 'clester', 'hkassaye', 'gegs731', 'lamplight89', 'chrisanderson', 'jaclack', 'rileydthomas']",7,"['aniryse', 'camanning', 'pcahuana', 'jonbillsee', 'hungdo', 'dafreakinpook', 'tkent88']",2,"[None, 'darenwolverton']",25,"['aniryse', 'jbishop', 'traviskent', 'presidentvikram', 'clester', 'gegs731', 'lamplight89', 'chrisanderson', 'rileydthomas', 'motox464', 'camanning', 'sdufurrena', 'derekklein', 'hungdo', 'tkent88', 'jonglauser', 'pcahuana', 'joetaylor', 'dafreakinpook', None, 'brassmonk', 'jonbillsee', 'darenwolverton', 'hkassaye', 'jaclack']"
8,41,24,13,12,"['motox464', 'jonglauser', 'jbishop', 'traviskent', 'brassmonk', 'presidentvikram', 'derekklein', 'clester', 'hkassaye', 'lamplight89', 'chrisanderson', 'jaclack']",11,"['aniryse', 'camanning', 'pcahuana', 'jonbillsee', 'joetaylor', 'sdufurrena', 'hungdo', 'dafreakinpook', 'gegs731', 'tkent88', 'rileydthomas']",1,[None],24,"['jonglauser', 'aniryse', 'jbishop', 'pcahuana', 'traviskent', 'presidentvikram', 'joetaylor', 'clester', 'dafreakinpook', 'gegs731', 'lamplight89', 'chrisanderson', None, 'rileydthomas', 'motox464', 'camanning', 'brassmonk', 'jonbillsee', 'sdufurrena', 'derekklein', 'hkassaye', 'hungdo', 'tkent88', 'jaclack']"
9,33,22,23,18,"['mlaberta', 'lrettber', 'ghempel', 'blutz', 'jljennin', 'ecoyle', 'ajmartin', 'deejayrudyG', 'akremmel', 'mkasenga', 'kuo1', 'cmagadan', 'kunami', 'meaculpette', 'wrightjc', 'mnseller', 'mljohnst', 'johnsoms']",3,"['jstang', 'jrcalver', 'gharring']",5,"['emmitche', 'deejayrudyg', 'dschauma', 'strachan', None]",26,"['blutz', 'jstang', 'ajmartin', 'ecoyle', 'mkasenga', 'deejayrudyg', 'kunami', 'meaculpette', 'wrightjc', 'jrcalver', 'mnseller', 'johnsoms', 'emmitche', 'cmagadan', 'dschauma', 'strachan', 'mljohnst', 'mlaberta', 'lrettber', 'ghempel', 'gharring', None, 'jljennin', 'deejayrudyG', 'akremmel', 'kuo1']"
9,32,22,22,14,"['lrettber', 'blutz', 'gharring', 'jstang', 'jljennin', 'ecoyle', 'akremmel', 'kuo1', 'mkasenga', 'kunami', 'jrcalver', 'mnseller', 'mljohnst', 'johnsoms']",7,"['mlaberta', 'ghempel', 'ajmartin', 'deejayrudyG', 'cmagadan', 'meaculpette', 'wrightjc']",8,"['akerner', 'nwenning', 'winnie', 'emitchell', 'rugbycurry', None, 'tomcool420', 'fraffmo']",29,"['nwenning', 'blutz', 'jstang', 'ajmartin', 'ecoyle', 'mkasenga', 'kunami', 'meaculpette', 'wrightjc', 'jrcalver', 'mnseller', 'johnsoms', 'cmagadan', 'mljohnst', 'akerner', 'mlaberta', 'lrettber', 'ghempel', 'gharring', 'rugbycurry', None, 'winnie', 'jljennin', 'emitchell', 'deejayrudyG', 'akremmel', 'kuo1', 'tomcool420', 'fraffmo']"
10,43,22,64,2,"['jrollins', 'nshah5']",19,"['JimboAACR', 'sjmussi', 'nskaggs', 'hcbraun', 'masalih', 'balopez', 'sundevil', 'mdledesm', 'donrobb886', 'sp_phoenix', 'slhs_campusman', 'osinayis', 'dtintika1', 'capc27', 'tjkoenig', 'jinkim6', 'cyrix386', 'arman', 'mjbabb17']",62,"['vamsi', 'kishorerama', 'paradox', 'rakesh96', 'malliksiuc', 'VAMSI', 'rajani', 'praveen56', 'gspkarteek', 'yalavarthi', 'geminianrahul', 'singam28', 'ksharon', 'sandeepchetla', 'mbakbulut', 'kalyanA', 'mallik69sg', 'nikheel_mutha', 'aruna135', 'hema19', 'chaparalaravi', 'ravi1986', 'shinde', 'obaid', 'ozair229', 'mshareef', 'phani', 'vvijaysaradhi8', 'hari1234', 'deepujoe', 'sravankumarg', 'sravankumar', 'dilipchandra', 'sameer229', 'revanth909', 'swaroopnayer', 'dhabersat', 'rakesh', 'kalpana', 'varun4varun', 'venkyrocks1z', 'vineelat', None, 'chandrakiran', 'pintamesuave', 'manasa18', 'ganeshms', 'sanjayk', 'sravankumarga', 'hvr1', 'rakesh1', 'guttivishu', 'krishnakiran19', 'gypooja', 'arun', 'kiransunkara', 'ravindra', 'pavan_sail2boats', 'henryryu', 'satishb', 'haydar', 'balajepalli']",83,"['vamsi', 'kishorerama', 'paradox', 'JimboAACR', 'nshah5', 'rajani', 'nskaggs', 'singam28', 'ksharon', 'mbakbulut', 'masalih', 'balopez', 'chaparalaravi', 'sundevil', 'phani', 'sravankumarg', 'dilipchandra', 'slhs_campusman', 'osinayis', 'kalpana', 'varun4varun', 'venkyrocks1z', 'vineelat', 'chandrakiran', 'dtintika1', 'pintamesuave', 'jinkim6', 'cyrix386', 'krishnakiran19', 'gypooja', 'arun', 'arman', 'jrollins', 'henryryu', 'mjbabb17', 'haydar', 'balajepalli', 'sameer229', 'rakesh96', 'malliksiuc', 'VAMSI', 'sjmussi', 'praveen56', 'gspkarteek', 'hcbraun', 'yalavarthi', 'geminianrahul', 'sandeepchetla', 'kalyanA', 'mallik69sg', 'nikheel_mutha', 'aruna135', 'hema19', 'ravi1986', 'shinde', 'obaid', 'ozair229', 'mshareef', 'mdledesm', 'vvijaysaradhi8', 'donrobb886', 'hari1234', 'deepujoe', 'sp_phoenix', 'sravankumar', 'revanth909', 'swaroopnayer', 'dhabersat', 'rakesh', None, 'manasa18', 'capc27', 'tjkoenig', 'ganeshms', 'sanjayk', 'sravankumarga', 'hvr1', 'rakesh1', 'guttivishu', 'kiransunkara', 'ravindra', 'pavan_sail2boats', 'satishb']"
10,31,22,24,15,"['dtintika1', 'capc27', 'JimboAACR', 'sp_phoenix', 'jinkim6', 'balopez', 'cyrix386', 'slhs_campusman', 'osinayis', 'sjmussi', 'arman', 'nskaggs', 'masalih', 'mdledesm', 'mjbabb17']",6,"['donrobb886', 'tjkoenig', 'nshah5', 'hcbraun', 'sundevil', 'jrollins']",9,"['light299', 'cybertronxw9', 'hector_h', 'ipaderez', 'mbtelles', 'jsstape', 'ferry', 'sahra', None]",30,"['JimboAACR', 'nshah5', 'sjmussi', 'nskaggs', 'hcbraun', 'masalih', 'cybertronxw9', 'balopez', 'ipaderez', 'sundevil', 'jsstape', 'mdledesm', 'donrobb886', 'light299', 'sp_phoenix', 'slhs_campusman', 'hector_h', 'osinayis', 'ferry', None, 'dtintika1', 'capc27', 'tjkoenig', 'jinkim6', 'cyrix386', 'arman', 'mbtelles', 'jrollins', 'sahra', 'mjbabb17']"
10,44,22,23,13,"['capc27', 'JimboAACR', 'sp_phoenix', 'jinkim6', 'balopez', 'cyrix386', 'slhs_campusman', 'osinayis', 'sjmussi', 'nskaggs', 'hcbraun', 'masalih', 'mjbabb17']",8,"['donrobb886', 'dtintika1', 'tjkoenig', 'nshah5', 'arman', 'sundevil', 'jrollins', 'mdledesm']",10,"['eemerson', 'zahra6280', 'cybertronxw9', 'Hector_H', 'ipaderez', 'geekyguy42', 'bamoccho', 'ferry', None, 'princeofsax']",31,"['JimboAACR', 'nshah5', 'sjmussi', 'nskaggs', 'hcbraun', 'bamoccho', 'masalih', 'cybertronxw9', 'balopez', 'ipaderez', 'sundevil', 'geekyguy42', 'mdledesm', 'donrobb886', 'eemerson', 'zahra6280', 'sp_phoenix', 'slhs_campusman', 'osinayis', 'ferry', None, 'princeofsax', 'Hector_H', 'dtintika1', 'capc27', 'tjkoenig', 'jinkim6', 'cyrix386', 'arman', 'jrollins', 'mjbabb17']"
10,76,22,21,13,"['capc27', 'sp_phoenix', 'jinkim6', 'balopez', 'cyrix386', 'slhs_campusman', 'osinayis', 'sjmussi', 'arman', 'nskaggs', 'hcbraun', 'masalih', 'mjbabb17']",8,"['donrobb886', 'dtintika1', 'JimboAACR', 'tjkoenig', 'nshah5', 'sundevil', 'jrollins', 'mdledesm']",8,"['zahra6280', 'Hector_H', 'bpadman1', 'ipaderez', 'geekyguy42', 'bamoccho', 'ferry', None]",29,"['JimboAACR', 'nshah5', 'sjmussi', 'nskaggs', 'hcbraun', 'bamoccho', 'masalih', 'balopez', 'bpadman1', 'ipaderez', 'sundevil', 'geekyguy42', 'mdledesm', 'donrobb886', 'zahra6280', 'sp_phoenix', 'slhs_campusman', 'osinayis', 'ferry', None, 'Hector_H', 'dtintika1', 'capc27', 'tjkoenig', 'jinkim6', 'cyrix386', 'arman', 'jrollins', 'mjbabb17']"
10,98,22,18,9,"['dtintika1', 'tjkoenig', 'JimboAACR', 'sp_phoenix', 'balopez', 'cyrix386', 'slhs_campusman', 'mdledesm', 'mjbabb17']",12,"['donrobb886', 'capc27', 'jinkim6', 'nshah5', 'osinayis', 'sjmussi', 'arman', 'nskaggs', 'hcbraun', 'sundevil', 'jrollins', 'masalih']",9,"['hector_h', 'ipaderez', 'geekyguy42', 'bamoccho', 'mbtelles', 'metallikat', 'ferry', None, 'princeofsax']",30,"['JimboAACR', 'nshah5', 'sjmussi', 'nskaggs', 'hcbraun', 'bamoccho', 'masalih', 'balopez', 'ipaderez', 'sundevil', 'geekyguy42', 'metallikat', 'mdledesm', 'donrobb886', 'sp_phoenix', 'slhs_campusman', 'hector_h', 'osinayis', 'ferry', None, 'princeofsax', 'dtintika1', 'capc27', 'tjkoenig', 'jinkim6', 'cyrix386', 'arman', 'mbtelles', 'jrollins', 'mjbabb17']"
11,51,21,41,19,"['team31', 'gurjinder', 'jsung06', 'remicles', 'nhusmann', 'emouad', 'OneLoveSeattle', 'jeffisveryhungry', 'anderigoee331', 'andrewftw', 'ctrammell', 'jarias', 'ryanoco7', 'hrh', 'aspott', 'drumlova', 'pepinb', 'dsandhu02', 'ajsimon']",1,['BabakEE331'],22,"['gkapinos', 'JarryMe', 'cleone', 'gwaoc', 'mcd331', 'tgorti', 'ncvnmarket', 'rememberla', 'marcoauusa', 'nanojerico', 'mrsoviet', 'rschan', 'ryanchoi1026', 'mamud', None, 'marcusjbach', 'crst53', 'eugenej', 'cuiwb', 'larsendj', 'FluteMan06', 'graytech']",42,"['gkapinos', 'team31', 'JarryMe', 'BabakEE331', 'gurjinder', 'jsung06', 'remicles', 'nhusmann', 'cleone', 'gwaoc', 'mcd331', 'emouad', 'OneLoveSeattle', 'jeffisveryhungry', 'tgorti', 'graytech', 'ncvnmarket', 'rememberla', 'marcoauusa', 'nanojerico', 'mrsoviet', 'rschan', 'anderigoee331', 'andrewftw', 'ryanchoi1026', 'mamud', 'ctrammell', None, 'jarias', 'marcusjbach', 'ryanoco7', 'crst53', 'hrh', 'aspott', 'eugenej', 'cuiwb', 'drumlova', 'larsendj', 'FluteMan06', 'pepinb', 'dsandhu02', 'ajsimon']"
11,78,21,38,17,"['team31', 'ajsimon', 'jeffisveryhungry', 'hrh', 'aspott', 'BabakEE331', 'gurjinder', 'anderigoee331', 'drumlova', 'ctrammell', 'jsung06', 'remicles', 'nhusmann', 'andrewftw', 'pepinb', 'dsandhu02', 'OneLoveSeattle']",3,"['emouad', 'ryanoco7', 'jarias']",21,"['JarryMe', 'cleone', 'gwaoc', 'mcd331', 'jre23', 'chanwoo7', 'zaraa', 'mpelland', 'hhpp12000', 'marcoauusa', 'rschan', 'greencrx', 'shengyingm', 'wei0978', 'ryanchoi1026', None, 'crst53', 'eugenej', 'cuiwb', 'larsendj', 'FluteMan06']",41,"['team31', 'JarryMe', 'BabakEE331', 'gurjinder', 'jsung06', 'remicles', 'nhusmann', 'cleone', 'gwaoc', 'mcd331', 'emouad', 'jre23', 'OneLoveSeattle', 'jeffisveryhungry', 'chanwoo7', 'zaraa', 'mpelland', 'hhpp12000', 'marcoauusa', 'rschan', 'greencrx', 'anderigoee331', 'shengyingm', 'andrewftw', 'wei0978', 'ryanchoi1026', 'ctrammell', None, 'jarias', 'ryanoco7', 'crst53', 'hrh', 'aspott', 'eugenej', 'cuiwb', 'drumlova', 'larsendj', 'FluteMan06', 'pepinb', 'dsandhu02', 'ajsimon']"
11,106,21,30,19,"['team31', 'gurjinder', 'jsung06', 'remicles', 'nhusmann', 'emouad', 'OneLoveSeattle', 'jeffisveryhungry', 'anderigoee331', 'andrewftw', 'ctrammell', 'jarias', 'ryanoco7', 'hrh', 'aspott', 'drumlova', 'pepinb', 'dsandhu02', 'ajsimon']",1,['BabakEE331'],11,"['gkapinos', 'rememberla', 'chanwoo7', 'nanojerico', 'mmtenold', 'mrsoviet', 'ytobe862', 'dabaum51', 'jarryme', 'antwon87', None]",31,"['gkapinos', 'team31', 'mmtenold', 'BabakEE331', 'gurjinder', 'ytobe862', 'jsung06', 'remicles', 'nhusmann', 'emouad', 'OneLoveSeattle', 'jeffisveryhungry', 'chanwoo7', 'antwon87', 'rememberla', 'nanojerico', 'mrsoviet', 'anderigoee331', 'dabaum51', 'andrewftw', 'ctrammell', None, 'jarias', 'ryanoco7', 'hrh', 'aspott', 'drumlova', 'jarryme', 'pepinb', 'dsandhu02', 'ajsimon']"
12,109,18,46,13,"['simy', 'pateldm', 'jtill04', 'robosllim', 'andy0958', 'singhs', 'ashayat', 'mattthebaker', 'blaskows', 'kumar29', 'jebenezer', 'cchong', 'crosis']",4,"['mldudeck', 'dbarjum', 'eengkuar', 'atlyles']",33,"['swissrebel', 'dawkinsjr16531', 'kihara', 'kthudi', 'bamorris', 'sdailey', 'kkirkega', 'jtrefilek', 'edguajar', 'codyjohnston', 'jpneylon', 'ijafari', 'takvor', 'JTroyer1986', 'tau1141', 'physics08', 'jjallal', 'jrieger', 'dcrizer', 'cloeffle', 'llohaus', 'rcerbus', 'cpfeiffe', 'agprasad', 'mille177', 'kcpark', None, 'srettber', 'jeepcj7', 'asatija', 'jcwirth', 'jones105', 'zcrouch']",50,"['swissrebel', 'dawkinsjr16531', 'robosllim', 'kihara', 'ashayat', 'kthudi', 'bamorris', 'sdailey', 'kkirkega', 'jtrefilek', 'singhs', 'edguajar', 'atlyles', 'codyjohnston', 'blaskows', 'jpneylon', 'ijafari', 'takvor', 'jebenezer', 'cchong', 'crosis', 'JTroyer1986', 'tau1141', 'physics08', 'pateldm', 'mldudeck', 'jjallal', 'jrieger', 'dcrizer', 'cloeffle', 'andy0958', 'llohaus', 'rcerbus', 'mattthebaker', 'cpfeiffe', 'agprasad', 'mille177', 'kcpark', None, 'srettber', 'simy', 'jeepcj7', 'asatija', 'jtill04', 'eengkuar', 'jcwirth', 'kumar29', 'dbarjum', 'jones105', 'zcrouch']"
12,113,18,25,1,['crosis'],16,"['simy', 'pateldm', 'mldudeck', 'jtill04', 'robosllim', 'andy0958', 'singhs', 'eengkuar', 'ashayat', 'mattthebaker', 'atlyles', 'blaskows', 'kumar29', 'dbarjum', 'jebenezer', 'cchong']",24,"['swissrebel', 'mkfink', 'kschrems01', 'kihara', 'kkirkega', 'codyjohnston', 'ijafari', 'eaprocto', 'jones105', 'JTroyer1986', 'tau1141', 'dcrizer', 'joywith', 'rcerbus', 'mille177', None, 'danh4321', 'dmfaber', 'Qrkchrm', 'jeepcj7', 'asatija', 'bdannan', 'tbudreau', 'zcrouch']",41,"['swissrebel', 'mkfink', 'kschrems01', 'robosllim', 'kihara', 'ashayat', 'kkirkega', 'singhs', 'atlyles', 'codyjohnston', 'blaskows', 'ijafari', 'eaprocto', 'jebenezer', 'cchong', 'crosis', 'JTroyer1986', 'jones105', 'tau1141', 'pateldm', 'mldudeck', 'dcrizer', 'joywith', 'andy0958', 'rcerbus', 'mattthebaker', 'mille177', None, 'danh4321', 'dmfaber', 'Qrkchrm', 'simy', 'jeepcj7', 'asatija', 'bdannan', 'jtill04', 'eengkuar', 'kumar29', 'dbarjum', 'tbudreau', 'zcrouch']"
12,111,18,12,3,"['kumar29', 'ashayat', 'crosis']",14,"['simy', 'pateldm', 'mldudeck', 'jtill04', 'robosllim', 'andy0958', 'singhs', 'eengkuar', 'atlyles', 'mattthebaker', 'blaskows', 'dbarjum', 'jebenezer', 'cchong']",9,"['garg', 'dube0', 'dmshah', 'agprasad', 'jcwirth', 'dopkick', 'jones105', None, 'srettber']",26,"['pateldm', 'mldudeck', 'garg', 'robosllim', 'andy0958', 'ashayat', 'mattthebaker', 'dmshah', 'agprasad', 'dube0', 'dopkick', None, 'srettber', 'jones105', 'simy', 'jtill04', 'singhs', 'eengkuar', 'atlyles', 'blaskows', 'jcwirth', 'kumar29', 'dbarjum', 'jebenezer', 'cchong', 'crosis']"
12,114,18,8,1,['crosis'],16,"['simy', 'pateldm', 'mldudeck', 'jtill04', 'robosllim', 'andy0958', 'singhs', 'eengkuar', 'ashayat', 'mattthebaker', 'atlyles', 'blaskows', 'kumar29', 'dbarjum', 'jebenezer', 'cchong']",7,"['02paiks', 'kkirkega', 'joywith', 'ijafari', 'sswandon', 'mille177', None]",24,"['02paiks', 'pateldm', 'mldudeck', 'robosllim', 'andy0958', 'joywith', 'ashayat', 'mattthebaker', 'mille177', None, 'simy', 'kkirkega', 'jtill04', 'singhs', 'eengkuar', 'atlyles', 'ijafari', 'blaskows', 'sswandon', 'kumar29', 'dbarjum', 'jebenezer', 'cchong', 'crosis']"
13,28,17,40,2,"['JiwonChang', 'akmohamm']",14,"['zhaiyujia', '2848jjang', 'avrnath17', 'ZHAIYUJIA', 'acrook', 'bfallah', 'jasonmantey', 'wuzj2008', 'Saranjit', 'VIKRANTHKONGARA', 'nitesh', 'ballards2', 'vincep3922', 'cbp338']",38,"['vamsi', 'vedire', 'rajani', 'Kedar', 'yalavarthi', 'madan226', 'singam28', 'geminianrahul', 'ksharon', 'nikheel_mutha', 'aruna135', 'motakpal', 'ozair229', 'obaid', 'revanth9', 'vvijaysaradhi8', 'hari1234', 'deepujoe', 'dilipchandra', 'sameer229', 'dslowin', 'revanth909', 'swaroopnayer', 'rakesh', 'venkyrocks1z', 'varun4varun', 'vineelat', None, 'chandrakiran', 'manasa18', 'krishnakiran19', 'gypooja', 'kiransunkara', 'pavan_sail2boats', 'sandeepk', 'satishb', 'haydar', 'balajepalli']",54,"['vamsi', 'avrnath17', 'vedire', 'rajani', 'Kedar', 'yalavarthi', 'madan226', 'singam28', 'geminianrahul', 'ksharon', 'akmohamm', 'vincep3922', 'nikheel_mutha', 'aruna135', 'motakpal', 'bfallah', 'ozair229', 'obaid', 'JiwonChang', 'revanth9', 'vvijaysaradhi8', 'hari1234', 'zhaiyujia', 'deepujoe', '2848jjang', 'dilipchandra', 'sameer229', 'ZHAIYUJIA', 'acrook', 'dslowin', 'revanth909', 'swaroopnayer', 'VIKRANTHKONGARA', 'nitesh', 'rakesh', 'venkyrocks1z', 'varun4varun', 'vineelat', 'cbp338', None, 'chandrakiran', 'manasa18', 'krishnakiran19', 'gypooja', 'jasonmantey', 'wuzj2008', 'Saranjit', 'kiransunkara', 'ballards2', 'pavan_sail2boats', 'sandeepk', 'satishb', 'haydar', 'balajepalli']"
13,27,17,15,11,"['zhaiyujia', '2848jjang', 'avrnath17', 'bfallah', 'acrook', 'ZHAIYUJIA', 'Saranjit', 'wuzj2008', 'jasonmantey', 'JiwonChang', 'vincep3922']",5,"['VIKRANTHKONGARA', 'nitesh', 'ballards2', 'akmohamm', 'cbp338']",4,"['srisonphan', 'iongarate', None, 'emman0101']",20,"['zhaiyujia', '2848jjang', 'avrnath17', 'ZHAIYUJIA', 'acrook', 'iongarate', 'emman0101', 'VIKRANTHKONGARA', 'nitesh', 'akmohamm', 'vincep3922', None, 'cbp338', 'bfallah', 'jasonmantey', 'wuzj2008', 'Saranjit', 'ballards2', 'JiwonChang', 'srisonphan']"
14,109,17,46,9,"['swissrebel', 'kkirkega', 'jeepcj7', 'dcrizer', 'kihara', 'rcerbus', 'codyjohnston', 'mille177', 'takvor']",7,"['andrewnoble', 'Qrkchrm', 'mkfink', 'tlhaney', 'brew1485', 'eaprocto', 'danh4321']",37,"['dawkinsjr16531', 'robosllim', 'ashayat', 'kthudi', 'bamorris', 'sdailey', 'jtrefilek', 'edguajar', 'singhs', 'jpneylon', 'ijafari', 'blaskows', 'jebenezer', 'cchong', 'crosis', 'JTroyer1986', 'tau1141', 'physics08', 'pateldm', 'jjallal', 'jrieger', 'cloeffle', 'andy0958', 'llohaus', 'cpfeiffe', 'agprasad', 'mattthebaker', 'kcpark', None, 'srettber', 'simy', 'asatija', 'jtill04', 'jcwirth', 'kumar29', 'jones105', 'zcrouch']",53,"['swissrebel', 'mkfink', 'dawkinsjr16531', 'kihara', 'robosllim', 'ashayat', 'kthudi', 'bamorris', 'sdailey', 'kkirkega', 'jtrefilek', 'brew1485', 'edguajar', 'singhs', 'codyjohnston', 'jpneylon', 'ijafari', 'blaskows', 'eaprocto', 'jebenezer', 'cchong', 'crosis', 'andrewnoble', 'JTroyer1986', 'jones105', 'tau1141', 'physics08', 'pateldm', 'jjallal', 'jrieger', 'dcrizer', 'cloeffle', 'andy0958', 'llohaus', 'rcerbus', 'cpfeiffe', 'agprasad', 'mattthebaker', 'mille177', 'kcpark', None, 'danh4321', 'srettber', 'Qrkchrm', 'simy', 'jeepcj7', 'asatija', 'tlhaney', 'jtill04', 'jcwirth', 'kumar29', 'takvor', 'zcrouch']"
14,113,17,25,12,"['Qrkchrm', 'swissrebel', 'mkfink', 'jeepcj7', 'kkirkega', 'dcrizer', 'kihara', 'rcerbus', 'codyjohnston', 'mille177', 'eaprocto', 'danh4321']",4,"['andrewnoble', 'tlhaney', 'takvor', 'brew1485']",13,"['JTroyer1986', 'tau1141', 'jones105', 'kschrems01', 'dmfaber', 'asatija', 'bdannan', 'joywith', 'ijafari', 'tbudreau', None, 'zcrouch', 'crosis']",29,"['swissrebel', 'mkfink', 'kschrems01', 'kihara', 'kkirkega', 'brew1485', 'codyjohnston', 'ijafari', 'eaprocto', 'crosis', 'andrewnoble', 'JTroyer1986', 'tau1141', 'jones105', 'dcrizer', 'joywith', 'rcerbus', 'mille177', None, 'danh4321', 'dmfaber', 'Qrkchrm', 'jeepcj7', 'asatija', 'tlhaney', 'bdannan', 'tbudreau', 'takvor', 'zcrouch']"
14,108,17,20,5,"['kkirkega', 'dcrizer', 'kihara', 'rcerbus', 'takvor']",11,"['andrewnoble', 'swissrebel', 'mkfink', 'Qrkchrm', 'jeepcj7', 'tlhaney', 'brew1485', 'codyjohnston', 'mille177', 'eaprocto', 'danh4321']",15,"['JTroyer1986', 'physics08', 'nchopra', 'TAU1141', 'kmsj2', 'tbreedlo', 'tmaleki', 'jrieger', 'sjp3160', 'asatija', 'ekavurma', 'jones105', None, 'joatess', 'jgoddard']",31,"['andrewnoble', 'swissrebel', 'mkfink', 'nchopra', 'JTroyer1986', 'kmsj2', 'TAU1141', 'physics08', 'tbreedlo', 'tmaleki', 'jrieger', 'dcrizer', 'kihara', 'rcerbus', 'mille177', None, 'danh4321', 'jgoddard', 'Qrkchrm', 'kkirkega', 'jeepcj7', 'tlhaney', 'sjp3160', 'asatija', 'brew1485', 'codyjohnston', 'eaprocto', 'ekavurma', 'takvor', 'joatess', 'jones105']"
14,112,17,14,9,"['swissrebel', 'mkfink', 'kkirkega', 'jeepcj7', 'dcrizer', 'kihara', 'codyjohnston', 'rcerbus', 'eaprocto']",7,"['andrewnoble', 'Qrkchrm', 'tlhaney', 'brew1485', 'mille177', 'takvor', 'danh4321']",5,"['tau1141', 'asatija', 'jones105', None, 'zcrouch']",21,"['andrewnoble', 'swissrebel', 'mkfink', 'tau1141', 'dcrizer', 'kihara', 'rcerbus', 'mille177', None, 'danh4321', 'Qrkchrm', 'kkirkega', 'jeepcj7', 'tlhaney', 'asatija', 'brew1485', 'codyjohnston', 'eaprocto', 'takvor', 'zcrouch', 'jones105']"
14,114,17,8,2,"['kkirkega', 'mille177']",14,"['andrewnoble', 'swissrebel', 'mkfink', 'Qrkchrm', 'jeepcj7', 'tlhaney', 'dcrizer', 'brew1485', 'kihara', 'rcerbus', 'codyjohnston', 'eaprocto', 'takvor', 'danh4321']",6,"['02paiks', 'joywith', 'ijafari', 'sswandon', None, 'crosis']",22,"['andrewnoble', 'swissrebel', 'mkfink', '02paiks', 'dcrizer', 'kihara', 'joywith', 'rcerbus', 'mille177', None, 'danh4321', 'Qrkchrm', 'kkirkega', 'jeepcj7', 'tlhaney', 'brew1485', 'codyjohnston', 'ijafari', 'sswandon', 'eaprocto', 'takvor', 'crosis']"
14,107,17,6,1,['dcrizer'],15,"['andrewnoble', 'swissrebel', 'mkfink', 'Qrkchrm', 'kkirkega', 'jeepcj7', 'tlhaney', 'brew1485', 'kihara', 'rcerbus', 'codyjohnston', 'mille177', 'eaprocto', 'takvor', 'danh4321']",5,"['jrieger', 'leedj', 'ekavurma', 'jones105', None]",21,"['andrewnoble', 'swissrebel', 'mkfink', 'jrieger', 'dcrizer', 'kihara', 'rcerbus', 'mille177', None, 'danh4321', 'Qrkchrm', 'kkirkega', 'jeepcj7', 'tlhaney', 'brew1485', 'codyjohnston', 'leedj', 'eaprocto', 'ekavurma', 'takvor', 'jones105']"
14,110,17,6,4,"['eaprocto', 'mkfink', 'dcrizer', 'brew1485']",12,"['andrewnoble', 'swissrebel', 'Qrkchrm', 'kkirkega', 'jeepcj7', 'tlhaney', 'kihara', 'rcerbus', 'codyjohnston', 'mille177', 'takvor', 'danh4321']",2,"[None, 'zcrouch']",18,"['andrewnoble', 'swissrebel', 'mkfink', 'dcrizer', 'kihara', 'rcerbus', 'mille177', None, 'danh4321', 'Qrkchrm', 'kkirkega', 'jeepcj7', 'tlhaney', 'brew1485', 'codyjohnston', 'eaprocto', 'takvor', 'zcrouch']"
15,80,17,19,15,"['bote', 'batebole25', 'Matushka', 'AleksandarZlatanov', 'Gjorgi', 'aleksandarzlatanov', 'etf_sandev', 'ivica', 'Apostol', 'aleksandar', 'gjorgi', 'alex_nedelkoski', 'Biljana', 'zoki_etf', 'tafce']",1,['dare1985'],4,"['mac', None, 'micho_srs', 'catherin']",20,"['dare1985', 'bote', 'micho_srs', 'Matushka', 'Gjorgi', 'ivica', 'Apostol', 'mac', 'aleksandarzlatanov', 'tafce', 'gjorgi', None, 'batebole25', 'AleksandarZlatanov', 'etf_sandev', 'catherin', 'aleksandar', 'alex_nedelkoski', 'Biljana', 'zoki_etf']"
16,89,16,41,1,['mries'],14,"['Dagoot', 'hallan', 'mikami1912', 'aouarrao', 'GyreneGenocide', 'pritishn', 'rdubois', 'nhekofors', 'KTK', 'timuralp', 'respected55', 'dyfrgi', 'smesser', 'lharley']",40,"['vamsi', 'kishorerama', 'rajani', 'Kedar', 'yalavarthi', 'geminianrahul', 'srilatha', 'ksharon', 'Kiransunkara', 'nikheel_mutha', 'aruna135', 'hema19', 'cuberoot', 'thirumal', 'shinde', 'obaid', 'vvijaysaradhi8', 'teegalapalli', 'hari1234', 'deepujoe', 'sravankumar', 'dilipchandra', 'shubhajeet', 'revanth', 'rakesh', 'kalpana', 'venkyrocks1z', None, 'chandrakiran', 'ganeshms', 'hvr1', 'krishnakiran19', 'gypooja', 'kiransunkara', 'kedar', 'pavan_sail2boats', 'sandeepk', 'henryryu', 'haydar', 'balajepalli']",55,"['vamsi', 'kishorerama', 'mikami1912', 'aouarrao', 'rajani', 'GyreneGenocide', 'Kedar', 'yalavarthi', 'geminianrahul', 'srilatha', 'ksharon', 'Kiransunkara', 'smesser', 'nikheel_mutha', 'aruna135', 'hema19', 'cuberoot', 'thirumal', 'shinde', 'obaid', 'KTK', 'timuralp', 'vvijaysaradhi8', 'lharley', 'mries', 'teegalapalli', 'hari1234', 'deepujoe', 'hallan', 'sravankumar', 'dilipchandra', 'shubhajeet', 'revanth', 'pritishn', 'rdubois', 'nhekofors', 'rakesh', 'respected55', 'kalpana', 'venkyrocks1z', None, 'Dagoot', 'chandrakiran', 'ganeshms', 'hvr1', 'krishnakiran19', 'gypooja', 'kiransunkara', 'kedar', 'pavan_sail2boats', 'sandeepk', 'henryryu', 'dyfrgi', 'haydar', 'balajepalli']"
16,22,16,13,11,"['Dagoot', 'mikami1912', 'aouarrao', 'GyreneGenocide', 'pritishn', 'rdubois', 'nhekofors', 'KTK', 'lharley', 'dyfrgi', 'mries']",4,"['respected55', 'timuralp', 'hallan', 'smesser']",2,"[None, 'scpandey']",17,"['hallan', 'mikami1912', 'aouarrao', 'GyreneGenocide', 'pritishn', 'rdubois', 'nhekofors', 'mries', 'scpandey', 'respected55', 'smesser', None, 'Dagoot', 'KTK', 'timuralp', 'dyfrgi', 'lharley']"
16,87,16,13,11,"['Dagoot', 'mikami1912', 'aouarrao', 'GyreneGenocide', 'pritishn', 'rdubois', 'nhekofors', 'KTK', 'lharley', 'dyfrgi', 'mries']",4,"['respected55', 'timuralp', 'hallan', 'smesser']",2,"[None, 'scpandey']",17,"['hallan', 'mikami1912', 'aouarrao', 'GyreneGenocide', 'pritishn', 'rdubois', 'nhekofors', 'mries', 'scpandey', 'respected55', 'smesser', None, 'Dagoot', 'KTK', 'timuralp', 'dyfrgi', 'lharley']"
17,72,15,28,14,"['brusnicky', 'xpulc01', 'cermisek', 'xmeda', 'xhanak14', 'fedd', 'xjerab12', 'xkonec45', 'tulen', 'radeczech', 'xtrune00', 'frensio', 'vlk23', 'xkledr00']",0,[],14,"['xperni11', 'knaper', 'stenly', 'xmacha43', 'athan', 'xpille01', 'misonder', 'domce', 'diver', None, 'javor', 'pavlosstar', 'marina', 'xkrone00']",28,"['brusnicky', 'knaper', 'xmeda', 'fedd', 'misonder', 'xkonec45', 'marina', 'javor', 'xkrone00', 'xkledr00', 'xperni11', 'cermisek', 'xpulc01', 'xmacha43', 'xjerab12', 'radeczech', 'frensio', 'athan', 'stenly', 'xhanak14', 'xpille01', 'domce', 'tulen', 'xtrune00', 'pavlosstar', 'vlk23', None, 'diver']"
17,40,15,26,14,"['brusnicky', 'xpulc01', 'cermisek', 'xmeda', 'xhanak14', 'fedd', 'xjerab12', 'xkonec45', 'tulen', 'radeczech', 'xtrune00', 'frensio', 'vlk23', 'xkledr00']",0,[],12,"['xperni11', 'knaper', 'stenly', 'xmacha43', 'athan', 'xpille01', 'misonder', 'domce', 'diver', 'pavlosstar', 'marina', None]",26,"['brusnicky', 'knaper', 'xmeda', 'fedd', 'misonder', 'xkonec45', 'marina', 'xkledr00', 'xperni11', 'cermisek', 'xpulc01', 'xmacha43', 'xjerab12', 'radeczech', 'frensio', 'athan', 'stenly', 'xhanak14', 'xpille01', 'domce', 'tulen', 'xtrune00', 'pavlosstar', 'vlk23', None, 'diver']"
17,24,15,24,14,"['brusnicky', 'xpulc01', 'cermisek', 'xmeda', 'xhanak14', 'fedd', 'xjerab12', 'xkonec45', 'tulen', 'radeczech', 'xtrune00', 'frensio', 'vlk23', 'xkledr00']",0,[],10,"['xperni11', 'stenly', 'DomCe', 'athan', 'diver', None, 'javor', 'marina', 'saibane', 'xkrone00']",24,"['brusnicky', 'xmeda', 'fedd', 'xkonec45', 'marina', 'saibane', 'javor', 'xkrone00', 'xkledr00', 'xperni11', 'cermisek', 'xpulc01', 'xjerab12', 'radeczech', 'frensio', 'athan', 'stenly', 'xhanak14', 'tulen', 'xtrune00', 'vlk23', None, 'DomCe', 'diver']"
17,93,15,24,14,"['brusnicky', 'xpulc01', 'cermisek', 'xmeda', 'xhanak14', 'fedd', 'xjerab12', 'xkonec45', 'tulen', 'radeczech', 'xtrune00', 'frensio', 'vlk23', 'xkledr00']",0,[],10,"['xperni11', 'stenly', 'DomCe', 'athan', 'diver', None, 'javor', 'marina', 'saibane', 'xkrone00']",24,"['brusnicky', 'xmeda', 'fedd', 'xkonec45', 'marina', 'saibane', 'javor', 'xkrone00', 'xkledr00', 'xperni11', 'cermisek', 'xpulc01', 'xjerab12', 'radeczech', 'frensio', 'athan', 'stenly', 'xhanak14', 'tulen', 'xtrune00', 'vlk23', None, 'DomCe', 'diver']"
17,100,15,23,14,"['brusnicky', 'xpulc01', 'cermisek', 'xmeda', 'xhanak14', 'fedd', 'xjerab12', 'xkonec45', 'tulen', 'radeczech', 'xtrune00', 'frensio', 'vlk23', 'xkledr00']",0,[],9,"['knaper', 'xmacha43', 'MetalMarek', 'domce', 'Athan', None, 'lakos', 'Marina', 'javor']",23,"['brusnicky', 'knaper', 'xmeda', 'fedd', 'Athan', 'xkonec45', 'javor', 'xkledr00', 'cermisek', 'xpulc01', 'xmacha43', 'xjerab12', 'lakos', 'radeczech', 'frensio', 'MetalMarek', 'xhanak14', 'domce', 'tulen', 'Marina', 'xtrune00', 'vlk23', None]"
18,48,15,19,13,"['akuz', 'guduru', 'krissboy', 'Tincondil', 'mohsinsaleemi', 'nightflier', 'rozycki', 'bjnils', 'roodabeh', 'davidko', 'jtli3', 'anngud23', 'mikaelkv']",1,['ifstrom'],6,"['robin77i', 'mrkabir', 'shamsa', 'charltz', 'bellmanz', None]",20,"['guduru', 'robin77i', 'mrkabir', 'nightflier', 'shamsa', 'rozycki', 'charltz', 'bellmanz', 'jtli3', 'akuz', 'ifstrom', 'roodabeh', 'bjnils', 'davidko', None, 'krissboy', 'mohsinsaleemi', 'Tincondil', 'mikaelkv', 'anngud23']"
18,64,15,19,14,"['akuz', 'ifstrom', 'guduru', 'krissboy', 'Tincondil', 'mohsinsaleemi', 'nightflier', 'rozycki', 'bjnils', 'roodabeh', 'davidko', 'jtli3', 'anngud23', 'mikaelkv']",0,[],5,"['mlelshei', 'mrkabir', 'shamsa', 'charltz', None]",19,"['guduru', 'mrkabir', 'nightflier', 'shamsa', 'rozycki', 'mlelshei', 'charltz', 'jtli3', 'akuz', 'ifstrom', 'roodabeh', 'bjnils', 'davidko', None, 'krissboy', 'mohsinsaleemi', 'Tincondil', 'mikaelkv', 'anngud23']"
19,116,15,33,12,"['patvarilly', 'jadelman', 'wolfi_usa', 'jwyim', 'chinlonglee', 'mamillr', 'homeand', 'povilus', 'djycho', 'chclifford', 'jenkinsear', 'm4x']",2,"['jthreatt', 'eXe']",21,"['pinedaj', 'caojinbo', 'dstrubbe', 'joeringg', 'dcarlton', 'prstone', 'rrvy8020', 'elifleaf', 'kylesun', 'kuhlman', 'ongarius', 'pbennett', 'tomaslarsson', 'drichards', 'qx3kbenzene', 'blmesler', None, 'kchan', 'jgrossman', 'tewers', 'joewofford']",35,"['eXe', 'pinedaj', 'wolfi_usa', 'caojinbo', 'dstrubbe', 'mamillr', 'joeringg', 'm4x', 'chclifford', 'jenkinsear', 'dcarlton', 'prstone', 'jthreatt', 'chinlonglee', 'rrvy8020', 'povilus', 'elifleaf', 'kuhlman', 'kylesun', 'ongarius', 'jadelman', 'pbennett', 'tomaslarsson', 'drichards', 'djycho', 'qx3kbenzene', 'blmesler', None, 'kchan', 'jgrossman', 'patvarilly', 'jwyim', 'tewers', 'joewofford', 'homeand']"
20,65,15,13,7,"['nanorobot', 'koumela2', 'jinutinku', 'stefi', 'basma', 'biviurka2', 'basma_epfl']",7,"['sajna', 'zhiweiliu', 'richas', 'rf_carrot', 'sandr', 'akhs247', 'bennani']",6,"['biviurka', 'giube', 'stefi2', 'basma_m', None, 'koumela']",20,"['sajna', 'zhiweiliu', 'koumela2', 'rf_carrot', 'sandr', 'stefi', 'biviurka2', 'basma', 'basma_m', None, 'koumela', 'basma_epfl', 'nanorobot', 'biviurka', 'richas', 'giube', 'jinutinku', 'stefi2', 'akhs247', 'bennani']"
21,96,14,70,12,"['deepujoe', 'chandrakiran', 'manasa18', 'vedire', 'sanjayk', 'dilipchandra', 'geminianrahul', 'swathi', 'nikheel_mutha', 'vineelat', 'hema19', 'aruna135']",1,['varun4varun'],58,"['vamsi', 'kishorerama', 'tfleur', 'rajani', 'msahish', 'singam28', 'ksharon', 'motakpal', 'chaparalaravi', 'buchanolla609', 'phani', 'teegalapalli', 'sravankumarg', 'ali_r84', 'kalpana', 'venkyrocks1z', 'vineel86', 'ravali', 'riteshsiuc', 'krishnakiran19', 'arun', 'henryryu', 'nirish', 'haydar', 'balajepalli', 'sameer229', 'vinel86', 'malliksiuc', 'VAMSI', 'praveen56', 'Kedar', 'yalavarthi', 'srilatha', 'ravi1986', 'kittu2731', 'mallik609', 'obaid', 'ozair229', 'mshareef', 'vvijaysaradhi8', 'ssahmed', 'hari1234', 'sravankumar', 'shubhajeet', 'revanth909', 'swaroopnayer', 'satishtv9', 'rakesh', None, 'ganeshms', 'hvr1', 'kiransunkara', 'kedar', 'chrmjenkins', 'ravindra', 'sandeepk', 'pavan_sail2boats', 'satishb']",71,"['vamsi', 'kishorerama', 'vedire', 'tfleur', 'rajani', 'msahish', 'singam28', 'ksharon', 'motakpal', 'chaparalaravi', 'swathi', 'buchanolla609', 'phani', 'teegalapalli', 'sravankumarg', 'dilipchandra', 'ali_r84', 'kalpana', 'varun4varun', 'venkyrocks1z', 'vineelat', 'chandrakiran', 'vineel86', 'ravali', 'riteshsiuc', 'krishnakiran19', 'arun', 'henryryu', 'nirish', 'haydar', 'balajepalli', 'sameer229', 'vinel86', 'malliksiuc', 'VAMSI', 'praveen56', 'Kedar', 'yalavarthi', 'geminianrahul', 'srilatha', 'nikheel_mutha', 'aruna135', 'hema19', 'ravi1986', 'kittu2731', 'mallik609', 'obaid', 'ozair229', 'mshareef', 'vvijaysaradhi8', 'ssahmed', 'deepujoe', 'hari1234', 'sravankumar', 'shubhajeet', 'revanth909', 'swaroopnayer', 'satishtv9', 'rakesh', None, 'manasa18', 'sanjayk', 'ganeshms', 'hvr1', 'kiransunkara', 'kedar', 'chrmjenkins', 'ravindra', 'sandeepk', 'pavan_sail2boats', 'satishb']"
21,43,14,64,11,"['deepujoe', 'chandrakiran', 'manasa18', 'sanjayk', 'dilipchandra', 'geminianrahul', 'nikheel_mutha', 'varun4varun', 'vineelat', 'hema19', 'aruna135']",2,"['swathi', 'vedire']",53,"['vamsi', 'kishorerama', 'paradox', 'nshah5', 'rajani', 'singam28', 'ksharon', 'mbakbulut', 'chaparalaravi', 'phani', 'sravankumarg', 'kalpana', 'venkyrocks1z', 'pintamesuave', 'krishnakiran19', 'gypooja', 'arun', 'jrollins', 'henryryu', 'haydar', 'balajepalli', 'sameer229', 'rakesh96', 'malliksiuc', 'VAMSI', 'praveen56', 'gspkarteek', 'yalavarthi', 'sandeepchetla', 'kalyanA', 'mallik69sg', 'ravi1986', 'shinde', 'obaid', 'ozair229', 'mshareef', 'vvijaysaradhi8', 'hari1234', 'sravankumar', 'revanth909', 'swaroopnayer', 'dhabersat', 'rakesh', None, 'ganeshms', 'sravankumarga', 'hvr1', 'rakesh1', 'guttivishu', 'kiransunkara', 'ravindra', 'pavan_sail2boats', 'satishb']",66,"['vamsi', 'kishorerama', 'paradox', 'vedire', 'nshah5', 'rajani', 'singam28', 'ksharon', 'mbakbulut', 'chaparalaravi', 'swathi', 'phani', 'sravankumarg', 'dilipchandra', 'kalpana', 'varun4varun', 'venkyrocks1z', 'vineelat', 'chandrakiran', 'pintamesuave', 'krishnakiran19', 'gypooja', 'arun', 'jrollins', 'henryryu', 'haydar', 'balajepalli', 'sameer229', 'rakesh96', 'malliksiuc', 'VAMSI', 'praveen56', 'gspkarteek', 'yalavarthi', 'geminianrahul', 'sandeepchetla', 'kalyanA', 'mallik69sg', 'nikheel_mutha', 'aruna135', 'hema19', 'ravi1986', 'shinde', 'obaid', 'ozair229', 'mshareef', 'vvijaysaradhi8', 'deepujoe', 'hari1234', 'sravankumar', 'revanth909', 'swaroopnayer', 'dhabersat', 'rakesh', None, 'manasa18', 'sanjayk', 'ganeshms', 'sravankumarga', 'hvr1', 'rakesh1', 'guttivishu', 'kiransunkara', 'ravindra', 'pavan_sail2boats', 'satishb']"
21,42,14,61,13,"['deepujoe', 'chandrakiran', 'manasa18', 'vedire', 'sanjayk', 'dilipchandra', 'geminianrahul', 'swathi', 'nikheel_mutha', 'varun4varun', 'vineelat', 'hema19', 'aruna135']",0,[],48,"['vamsi', 'kishorerama', 'tfleur', 'praveen56', 'msahish', 'yalavarthi', 'madan226', 'srilatha', 'ksharon', 'Ksharon', 'srikanth021985', 'motakpal', 'chaparalaravi', 'kittu2731', 'vinureddy002', 'shinde', 'mshareef', 'ssahmed', 'phani', 'teegalapalli', 'hari1234', 'sravankumarg', 'sravankumar', 'shubhajeet', 'revanth909', 'swaroopnayer', 'ali_r84', 'kalpana', 'venkyrocks1z', None, 'balajepalli', 'vineel86', 'ganeshms', 'ravali', 'hvr1', 'krishnakiran19', 'arun', 'kiransunkara', 'kedar', 'chrmjenkins', 'ravindra', 'pavan_sail2boats', 'kesani', 'henryryu', 'satishb', 'nirish', 'haydar', 'sameer229']",61,"['vamsi', 'kishorerama', 'vedire', 'tfleur', 'msahish', 'ksharon', 'motakpal', 'chaparalaravi', 'swathi', 'phani', 'teegalapalli', 'sravankumarg', 'dilipchandra', 'ali_r84', 'kalpana', 'varun4varun', 'venkyrocks1z', 'vineelat', 'chandrakiran', 'vineel86', 'ravali', 'krishnakiran19', 'arun', 'henryryu', 'nirish', 'haydar', 'balajepalli', 'sameer229', 'praveen56', 'yalavarthi', 'geminianrahul', 'madan226', 'srilatha', 'nikheel_mutha', 'aruna135', 'Ksharon', 'hema19', 'srikanth021985', 'kittu2731', 'vinureddy002', 'shinde', 'mshareef', 'ssahmed', 'deepujoe', 'hari1234', 'sravankumar', 'shubhajeet', 'revanth909', 'swaroopnayer', None, 'manasa18', 'sanjayk', 'ganeshms', 'hvr1', 'kiransunkara', 'kedar', 'chrmjenkins', 'ravindra', 'pavan_sail2boats', 'kesani', 'satishb']"
21,20,14,43,11,"['deepujoe', 'chandrakiran', 'manasa18', 'vedire', 'dilipchandra', 'geminianrahul', 'nikheel_mutha', 'varun4varun', 'vineelat', 'hema19', 'aruna135']",2,"['swathi', 'sanjayk']",32,"['vamsi', 'pishvaei', 'rajani', 'kajal1', 'praveen56', 'Kedar', 'yalavarthi', 'singam28', 'ksharon', 'motakpal', 'motakpal32', 'sahmadmiri', 'chaparalaravi', 'obaid', 'revanth9', 'vvijaysaradhi8', 'phani', 'teegalapalli', 'kiransunkara1', 'sameer229', 'revanth909', 'swaroopnayer', 'kalpana', 'venkyrocks1z', None, 'krishnakiran19', 'gypooja', 'kiransunkara', 'pavan_sail2boats', 'sandeepk', 'haydar', 'balajepalli']",45,"['vamsi', 'vedire', 'pishvaei', 'rajani', 'praveen56', 'kajal1', 'Kedar', 'yalavarthi', 'geminianrahul', 'singam28', 'ksharon', 'nikheel_mutha', 'aruna135', 'hema19', 'motakpal', 'motakpal32', 'sahmadmiri', 'chaparalaravi', 'obaid', 'swathi', 'revanth9', 'phani', 'vvijaysaradhi8', 'teegalapalli', 'deepujoe', 'kiransunkara1', 'dilipchandra', 'sameer229', 'revanth909', 'swaroopnayer', 'kalpana', 'varun4varun', 'venkyrocks1z', 'vineelat', None, 'chandrakiran', 'manasa18', 'sanjayk', 'krishnakiran19', 'gypooja', 'kiransunkara', 'pavan_sail2boats', 'sandeepk', 'haydar', 'balajepalli']"
21,103,14,42,9,"['deepujoe', 'chandrakiran', 'sanjayk', 'geminianrahul', 'swathi', 'nikheel_mutha', 'varun4varun', 'hema19', 'aruna135']",4,"['manasa18', 'vedire', 'vineelat', 'dilipchandra']",33,"['vamsi', 'wowshariff', 'rajani', 'yalavarthi', 'singam28', 'srilatha', 'ksharon', 'kittu2731', 'shinde', 'obaid', 'vvijaysaradhi8', 'phani', 'hari1234', 'sravankumar', 'shubhajeet', 'sameer229', 'revanth909', 'kalpana', 'venkyrocks1z', None, 'yphani', 'ganeshms', 'kandala', 'ravali', 'hvr1', 'krishnakiran19', 'arun', 'kedar', 'ravindra', 'kesani', 'henryryu', 'haydar', 'balajepalli']",46,"['vamsi', 'vedire', 'wowshariff', 'rajani', 'yalavarthi', 'geminianrahul', 'singam28', 'srilatha', 'ksharon', 'nikheel_mutha', 'aruna135', 'hema19', 'kittu2731', 'shinde', 'obaid', 'swathi', 'vvijaysaradhi8', 'phani', 'deepujoe', 'hari1234', 'sravankumar', 'dilipchandra', 'shubhajeet', 'sameer229', 'revanth909', 'kalpana', 'varun4varun', 'venkyrocks1z', 'vineelat', None, 'yphani', 'chandrakiran', 'manasa18', 'sanjayk', 'kandala', 'ravali', 'hvr1', 'ganeshms', 'krishnakiran19', 'arun', 'kedar', 'ravindra', 'kesani', 'henryryu', 'haydar', 'balajepalli']"
21,89,14,41,7,"['deepujoe', 'chandrakiran', 'dilipchandra', 'geminianrahul', 'nikheel_mutha', 'hema19', 'aruna135']",6,"['manasa18', 'vedire', 'sanjayk', 'swathi', 'varun4varun', 'vineelat']",34,"['vamsi', 'kishorerama', 'rajani', 'Kedar', 'yalavarthi', 'srilatha', 'ksharon', 'Kiransunkara', 'cuberoot', 'thirumal', 'shinde', 'obaid', 'vvijaysaradhi8', 'mries', 'teegalapalli', 'hari1234', 'sravankumar', 'shubhajeet', 'revanth', 'rakesh', 'kalpana', 'venkyrocks1z', None, 'ganeshms', 'hvr1', 'krishnakiran19', 'gypooja', 'kiransunkara', 'kedar', 'pavan_sail2boats', 'sandeepk', 'henryryu', 'haydar', 'balajepalli']",47,"['vamsi', 'kishorerama', 'vedire', 'rajani', 'Kedar', 'yalavarthi', 'geminianrahul', 'srilatha', 'ksharon', 'Kiransunkara', 'nikheel_mutha', 'aruna135', 'hema19', 'cuberoot', 'thirumal', 'shinde', 'obaid', 'swathi', 'vvijaysaradhi8', 'mries', 'teegalapalli', 'deepujoe', 'hari1234', 'sravankumar', 'dilipchandra', 'shubhajeet', 'revanth', 'rakesh', 'kalpana', 'varun4varun', 'venkyrocks1z', 'vineelat', None, 'chandrakiran', 'manasa18', 'sanjayk', 'ganeshms', 'hvr1', 'krishnakiran19', 'gypooja', 'kiransunkara', 'kedar', 'pavan_sail2boats', 'sandeepk', 'henryryu', 'haydar', 'balajepalli']"
21,6,14,40,9,"['deepujoe', 'manasa18', 'sanjayk', 'dilipchandra', 'geminianrahul', 'nikheel_mutha', 'varun4varun', 'vineelat', 'aruna135']",4,"['chandrakiran', 'swathi', 'vedire', 'hema19']",31,"['vinel86', 'vamsi', 'rajani', 'singam28', 'ksharon', 'sandeepchetla', 'chaparalaravi', 'shinde', 'obaid', 'mshareef', 'hari1234', 'sravankumarg', 'sravankumar', 'shubhajeet', 'revanth909', 'swaroopnayer', 'dhabersat', 'rakesh', 'kalpana', 'venkyrocks1z', None, 'sravankumarga', 'riteshsiuc', 'krishnakiran19', 'arun', 'kiransunkara', 'pavan_sail2boats', 'henryryu', 'satishb', 'haydar', 'sameer229']",44,"['vinel86', 'vamsi', 'vedire', 'rajani', 'geminianrahul', 'singam28', 'ksharon', 'sandeepchetla', 'nikheel_mutha', 'aruna135', 'hema19', 'chaparalaravi', 'shinde', 'obaid', 'swathi', 'mshareef', 'deepujoe', 'hari1234', 'sravankumarg', 'sravankumar', 'dilipchandra', 'shubhajeet', 'revanth909', 'swaroopnayer', 'dhabersat', 'rakesh', 'kalpana', 'varun4varun', 'venkyrocks1z', 'vineelat', None, 'chandrakiran', 'manasa18', 'sanjayk', 'sravankumarga', 'riteshsiuc', 'krishnakiran19', 'arun', 'kiransunkara', 'pavan_sail2boats', 'henryryu', 'satishb', 'haydar', 'sameer229']"
21,28,14,40,10,"['deepujoe', 'chandrakiran', 'manasa18', 'vedire', 'dilipchandra', 'geminianrahul', 'nikheel_mutha', 'varun4varun', 'vineelat', 'aruna135']",3,"['swathi', 'sanjayk', 'hema19']",30,"['vamsi', 'rajani', 'Kedar', 'yalavarthi', 'madan226', 'singam28', 'ksharon', 'akmohamm', 'motakpal', 'ozair229', 'obaid', 'JiwonChang', 'revanth9', 'vvijaysaradhi8', 'hari1234', 'sameer229', 'dslowin', 'revanth909', 'swaroopnayer', 'rakesh', 'venkyrocks1z', None, 'krishnakiran19', 'gypooja', 'kiransunkara', 'pavan_sail2boats', 'sandeepk', 'satishb', 'haydar', 'balajepalli']",43,"['vamsi', 'vedire', 'rajani', 'Kedar', 'yalavarthi', 'geminianrahul', 'madan226', 'singam28', 'ksharon', 'akmohamm', 'nikheel_mutha', 'aruna135', 'hema19', 'motakpal', 'ozair229', 'obaid', 'swathi', 'JiwonChang', 'revanth9', 'vvijaysaradhi8', 'deepujoe', 'hari1234', 'dilipchandra', 'sameer229', 'dslowin', 'revanth909', 'swaroopnayer', 'rakesh', 'varun4varun', 'venkyrocks1z', 'vineelat', None, 'chandrakiran', 'manasa18', 'sanjayk', 'krishnakiran19', 'gypooja', 'kiransunkara', 'pavan_sail2boats', 'sandeepk', 'satishb', 'haydar', 'balajepalli']"
21,19,14,38,6,"['deepujoe', 'vedire', 'sanjayk', 'geminianrahul', 'swathi', 'hema19']",7,"['chandrakiran', 'manasa18', 'dilipchandra', 'nikheel_mutha', 'varun4varun', 'vineelat', 'aruna135']",32,"['vamsi', 'rajani', 'motakpal3b1', 'msahish', 'yalavarthi', 'madan226', 'arif999', 'srilatha', 'ksharon', 'kittu2731', 'mshareef', 'motakpal31', 'phani', 'sravankumarg', 'sravankumargang', 'sravankumar', 'sravankumarganga', 'shubhajeet', 'motakpal3b4', 'revanth909', 'sravankumargan', 'pavankasarla', 'kalpana', None, 'motakpal3b2', 'ganeshms', 'sravankumarga', 'ravali', 'krishnakiran19', 'pavan_sail2boats', 'henryryu', 'sameer229']",45,"['vamsi', 'vedire', 'rajani', 'motakpal3b1', 'msahish', 'yalavarthi', 'geminianrahul', 'madan226', 'arif999', 'srilatha', 'ksharon', 'nikheel_mutha', 'aruna135', 'hema19', 'kittu2731', 'swathi', 'mshareef', 'motakpal31', 'phani', 'deepujoe', 'sravankumarg', 'sravankumargang', 'sravankumar', 'dilipchandra', 'sravankumarganga', 'shubhajeet', 'motakpal3b4', 'revanth909', 'sravankumargan', 'pavankasarla', 'kalpana', 'varun4varun', None, 'vineelat', 'motakpal3b2', 'chandrakiran', 'manasa18', 'sanjayk', 'sravankumarga', 'ravali', 'ganeshms', 'krishnakiran19', 'pavan_sail2boats', 'henryryu', 'sameer229']"
21,7,14,36,7,"['chandrakiran', 'dilipchandra', 'swathi', 'nikheel_mutha', 'varun4varun', 'hema19', 'aruna135']",6,"['deepujoe', 'manasa18', 'vedire', 'sanjayk', 'geminianrahul', 'vineelat']",29,"['vamsi', 'kishorerama', 'tfleur', 'praveen56', 'msahish', 'yalavarthi', 'srilatha', 'ksharon', 'motakpal', 'kittu2731', 'obaid', 'mshareef', 'vvijaysaradhi8', 'ssahmed', 'phani', 'teegalapalli', 'shubhajeet', 'sameer229', 'revanth909', None, 'sravankumarga', 'ravali', 'kiransunkara', 'kedar', 'chrmjenkins', 'ravindra', 'henryryu', 'haydar', 'balajepalli']",42,"['vamsi', 'kishorerama', 'vedire', 'tfleur', 'praveen56', 'msahish', 'yalavarthi', 'geminianrahul', 'srilatha', 'ksharon', 'nikheel_mutha', 'aruna135', 'hema19', 'motakpal', 'kittu2731', 'obaid', 'swathi', 'mshareef', 'ssahmed', 'vvijaysaradhi8', 'phani', 'teegalapalli', 'deepujoe', 'dilipchandra', 'shubhajeet', 'sameer229', 'revanth909', 'varun4varun', None, 'vineelat', 'chandrakiran', 'manasa18', 'sanjayk', 'sravankumarga', 'ravali', 'kiransunkara', 'kedar', 'chrmjenkins', 'ravindra', 'henryryu', 'haydar', 'balajepalli']"
21,90,14,36,9,"['chandrakiran', 'vedire', 'sanjayk', 'geminianrahul', 'swathi', 'nikheel_mutha', 'varun4varun', 'vineelat', 'aruna135']",4,"['deepujoe', 'manasa18', 'hema19', 'dilipchandra']",27,"['rakesh96', 'tfleur', 'gspkarteek', 'praveen56', 'msahish', 'yalavarthi', 'madan226', 'srilatha', 'ksharon', 'kalyanA', 'vvijaysaradhi8', 'ssahmed', 'phani', 'teegalapalli', 'hari1234', 'sankalpanand', 'shubhajeet', 'sameer229', 'dindi', 'venkyrocks1z', None, 'ganeshms', 'ravali', 'hvr1', 'gypooja', 'arun', 'balajepalli']",40,"['vedire', 'rakesh96', 'tfleur', 'praveen56', 'gspkarteek', 'msahish', 'yalavarthi', 'geminianrahul', 'madan226', 'srilatha', 'ksharon', 'kalyanA', 'nikheel_mutha', 'aruna135', 'hema19', 'swathi', 'ssahmed', 'vvijaysaradhi8', 'phani', 'teegalapalli', 'deepujoe', 'hari1234', 'sankalpanand', 'dilipchandra', 'shubhajeet', 'sameer229', 'dindi', 'varun4varun', 'venkyrocks1z', 'vineelat', None, 'chandrakiran', 'manasa18', 'sanjayk', 'ganeshms', 'ravali', 'hvr1', 'gypooja', 'arun', 'balajepalli']"
21,59,14,31,12,"['deepujoe', 'chandrakiran', 'manasa18', 'vedire', 'sanjayk', 'dilipchandra', 'geminianrahul', 'nikheel_mutha', 'varun4varun', 'vineelat', 'hema19', 'aruna135']",1,['swathi'],19,"['vamsi', 'rajani', 'praveen56', 'Kedar', 'ksharon', 'ozair229', 'obaid', 'revanth9', 'vvijaysaradhi8', 'hari1234', 'swaroopnayer', 'venkyrocks1z', None, 'ravali', 'gypooja', 'kiransunkara', 'sandeepk', 'haydar', 'balajepalli']",32,"['vamsi', 'vedire', 'rajani', 'praveen56', 'Kedar', 'geminianrahul', 'ksharon', 'nikheel_mutha', 'aruna135', 'hema19', 'ozair229', 'obaid', 'swathi', 'revanth9', 'vvijaysaradhi8', 'deepujoe', 'hari1234', 'dilipchandra', 'swaroopnayer', 'varun4varun', 'venkyrocks1z', 'vineelat', None, 'chandrakiran', 'manasa18', 'sanjayk', 'ravali', 'gypooja', 'kiransunkara', 'sandeepk', 'haydar', 'balajepalli']"
21,30,14,29,7,"['deepujoe', 'chandrakiran', 'manasa18', 'sanjayk', 'swathi', 'nikheel_mutha', 'hema19']",6,"['vedire', 'dilipchandra', 'geminianrahul', 'aruna135', 'varun4varun', 'vineelat']",22,"['vamsi', 'tfleur', 'rajani', 'madan226', 'srilatha', 'ksharon', 'ozair229', 'shinde', 'mshareef', 'sravankumarg', 'sravankumar', 'sravankumarganga', 'shubhajeet', 'kalpana', 'venkyrocks1z', None, 'ganeshms', 'ravali', 'krishnakiran19', 'gypooja', 'pavan_sail2boats', 'henryryu']",35,"['vamsi', 'vedire', 'tfleur', 'rajani', 'madan226', 'geminianrahul', 'srilatha', 'ksharon', 'nikheel_mutha', 'aruna135', 'hema19', 'ozair229', 'shinde', 'swathi', 'mshareef', 'deepujoe', 'sravankumarg', 'sravankumar', 'dilipchandra', 'sravankumarganga', 'shubhajeet', 'kalpana', 'varun4varun', 'venkyrocks1z', 'vineelat', None, 'chandrakiran', 'manasa18', 'sanjayk', 'ganeshms', 'ravali', 'krishnakiran19', 'gypooja', 'pavan_sail2boats', 'henryryu']"
21,38,14,28,8,"['deepujoe', 'chandrakiran', 'geminianrahul', 'swathi', 'nikheel_mutha', 'varun4varun', 'hema19', 'aruna135']",5,"['manasa18', 'vedire', 'sanjayk', 'dilipchandra', 'vineelat']",20,"['wowshariff', 'srilatha', 'ksharon', 'obaid', 'shinde', 'vvijaysaradhi8', 'phani', 'hari1234', 'revanth909', 'kalpana', 'venkyrocks1z', None, 'balajepalli', 'ganeshms', 'ravali', 'hvr1', 'arun', 'kedar', 'henryryu', 'sameer229']",33,"['vedire', 'wowshariff', 'geminianrahul', 'srilatha', 'ksharon', 'nikheel_mutha', 'aruna135', 'hema19', 'shinde', 'obaid', 'swathi', 'vvijaysaradhi8', 'phani', 'deepujoe', 'hari1234', 'dilipchandra', 'revanth909', 'kalpana', 'varun4varun', 'venkyrocks1z', 'vineelat', None, 'balajepalli', 'chandrakiran', 'manasa18', 'sanjayk', 'ganeshms', 'ravali', 'hvr1', 'arun', 'kedar', 'henryryu', 'sameer229']"
21,102,14,28,8,"['manasa18', 'vedire', 'sanjayk', 'swathi', 'aruna135', 'varun4varun', 'vineelat', 'hema19']",5,"['deepujoe', 'chandrakiran', 'dilipchandra', 'geminianrahul', 'nikheel_mutha']",20,"['vamsi', 'tfleur', 'rajani', 'msahish', 'yalavarthi', 'srilatha', 'ksharon', 'kittu2731', 'ssahmed', 'teegalapalli', 'revanth909', 'kalpana', 'balajepalli', None, 'yphani', 'ravali', 'hvr1', 'krishnakiran19', 'gypooja', 'sameer229']",33,"['vamsi', 'vedire', 'tfleur', 'rajani', 'msahish', 'yalavarthi', 'geminianrahul', 'srilatha', 'ksharon', 'nikheel_mutha', 'aruna135', 'hema19', 'kittu2731', 'swathi', 'ssahmed', 'teegalapalli', 'deepujoe', 'dilipchandra', 'revanth909', 'kalpana', 'varun4varun', None, 'vineelat', 'balajepalli', 'yphani', 'chandrakiran', 'manasa18', 'sanjayk', 'ravali', 'hvr1', 'krishnakiran19', 'gypooja', 'sameer229']"
21,37,14,21,4,"['swathi', 'vedire', 'vineelat', 'hema19']",9,"['deepujoe', 'chandrakiran', 'manasa18', 'sanjayk', 'dilipchandra', 'geminianrahul', 'nikheel_mutha', 'varun4varun', 'aruna135']",17,"['vamsi', 'sravankumar', 'ravali', 'hvr1', 'kittu2731', 'krishnakiran19', 'gypooja', 'revanth909', 'yalavarthi', 'madan226', 'singam28', 'balajepalli', 'srilatha', 'phani', None, 'sameer229', 'teegalapalli']",30,"['vamsi', 'vedire', 'yalavarthi', 'geminianrahul', 'madan226', 'singam28', 'srilatha', 'nikheel_mutha', 'aruna135', 'hema19', 'kittu2731', 'swathi', 'phani', 'teegalapalli', 'deepujoe', 'sravankumar', 'dilipchandra', 'revanth909', 'balajepalli', 'varun4varun', None, 'vineelat', 'chandrakiran', 'manasa18', 'sanjayk', 'ravali', 'hvr1', 'krishnakiran19', 'gypooja', 'sameer229']"
21,60,14,15,2,"['nikheel_mutha', 'swathi']",11,"['deepujoe', 'chandrakiran', 'manasa18', 'vedire', 'sanjayk', 'dilipchandra', 'geminianrahul', 'aruna135', 'varun4varun', 'vineelat', 'hema19']",13,"['kalpana', 'ravali', 'sravankumarganga', 'shubhajeet', 'gypooja', 'yalavarthi', 'srilatha', 'ksharon', 'pavan_sail2boats', 'mshareef', 'henryryu', 'phani', None]",26,"['deepujoe', 'vedire', 'dilipchandra', 'sravankumarganga', 'shubhajeet', 'yalavarthi', 'geminianrahul', 'srilatha', 'ksharon', 'nikheel_mutha', 'varun4varun', 'aruna135', 'vineelat', 'hema19', 'kalpana', None, 'chandrakiran', 'manasa18', 'sanjayk', 'ravali', 'gypooja', 'swathi', 'pavan_sail2boats', 'mshareef', 'henryryu', 'phani']"
21,13,14,9,1,['nikheel_mutha'],12,"['deepujoe', 'chandrakiran', 'manasa18', 'vedire', 'sanjayk', 'dilipchandra', 'geminianrahul', 'swathi', 'aruna135', 'varun4varun', 'vineelat', 'hema19']",8,"['hari1234', 'ssahmed', 'rajani', 'arun', 'Kedar', 'vvijaysaradhi8', None, 'haydar']",21,"['deepujoe', 'hari1234', 'vedire', 'dilipchandra', 'ssahmed', 'rajani', 'Kedar', 'geminianrahul', 'nikheel_mutha', 'varun4varun', 'aruna135', 'vineelat', 'hema19', None, 'chandrakiran', 'manasa18', 'sanjayk', 'arun', 'swathi', 'vvijaysaradhi8', 'haydar']"
21,46,14,7,1,['vineelat'],12,"['deepujoe', 'chandrakiran', 'manasa18', 'vedire', 'sanjayk', 'dilipchandra', 'geminianrahul', 'swathi', 'nikheel_mutha', 'varun4varun', 'hema19', 'aruna135']",6,"['rainamanav', 'paradox', 'vbudhraja', 'anilshirao', 'manavraina', None]",19,"['deepujoe', 'paradox', 'vedire', 'dilipchandra', 'geminianrahul', 'nikheel_mutha', 'varun4varun', 'aruna135', 'vineelat', 'hema19', 'manavraina', None, 'chandrakiran', 'manasa18', 'rainamanav', 'sanjayk', 'swathi', 'vbudhraja', 'anilshirao']"
22,20,13,43,3,"['motakpal32', 'kiransunkara1', 'kajal1']",9,"['leegeunsik', 'sravankumargang', 'motakpal3b4', 'pavankasarla', 'sravankumargan', 'motakpal3b1', 'amalin', 'motakpal31', 'motakpal3b2']",40,"['vamsi', 'vedire', 'pishvaei', 'rajani', 'praveen56', 'Kedar', 'yalavarthi', 'geminianrahul', 'singam28', 'ksharon', 'nikheel_mutha', 'aruna135', 'hema19', 'motakpal', 'sahmadmiri', 'chaparalaravi', 'obaid', 'revanth9', 'phani', 'vvijaysaradhi8', 'teegalapalli', 'deepujoe', 'dilipchandra', 'sameer229', 'revanth909', 'swaroopnayer', 'kalpana', 'venkyrocks1z', 'varun4varun', 'vineelat', None, 'chandrakiran', 'manasa18', 'krishnakiran19', 'gypooja', 'kiransunkara', 'pavan_sail2boats', 'sandeepk', 'haydar', 'balajepalli']",52,"['vamsi', 'vedire', 'pishvaei', 'rajani', 'kajal1', 'motakpal3b1', 'praveen56', 'Kedar', 'yalavarthi', 'geminianrahul', 'singam28', 'ksharon', 'nikheel_mutha', 'aruna135', 'hema19', 'motakpal', 'motakpal32', 'leegeunsik', 'sahmadmiri', 'chaparalaravi', 'obaid', 'amalin', 'revanth9', 'motakpal31', 'phani', 'vvijaysaradhi8', 'teegalapalli', 'deepujoe', 'kiransunkara1', 'sravankumargang', 'dilipchandra', 'sameer229', 'motakpal3b4', 'pavankasarla', 'sravankumargan', 'revanth909', 'swaroopnayer', 'kalpana', 'venkyrocks1z', 'varun4varun', 'vineelat', None, 'motakpal3b2', 'chandrakiran', 'manasa18', 'krishnakiran19', 'gypooja', 'kiransunkara', 'pavan_sail2boats', 'sandeepk', 'haydar', 'balajepalli']"
22,19,13,38,7,"['sravankumargang', 'motakpal3b4', 'motakpal3b1', 'pavankasarla', 'sravankumargan', 'motakpal31', 'motakpal3b2']",5,"['motakpal32', 'kiransunkara1', 'leegeunsik', 'kajal1', 'amalin']",31,"['vamsi', 'vedire', 'rajani', 'msahish', 'yalavarthi', 'madan226', 'arif999', 'geminianrahul', 'srilatha', 'ksharon', 'hema19', 'kittu2731', 'swathi', 'mshareef', 'phani', 'deepujoe', 'sravankumarg', 'sravankumar', 'sravankumarganga', 'shubhajeet', 'revanth909', 'kalpana', None, 'sanjayk', 'sravankumarga', 'ravali', 'ganeshms', 'krishnakiran19', 'pavan_sail2boats', 'henryryu', 'sameer229']",43,"['vamsi', 'vedire', 'rajani', 'kajal1', 'motakpal3b1', 'msahish', 'yalavarthi', 'madan226', 'arif999', 'geminianrahul', 'srilatha', 'ksharon', 'hema19', 'motakpal32', 'leegeunsik', 'kittu2731', 'amalin', 'swathi', 'mshareef', 'motakpal31', 'phani', 'deepujoe', 'sravankumarg', 'kiransunkara1', 'sravankumargang', 'sravankumar', 'sravankumarganga', 'shubhajeet', 'motakpal3b4', 'pavankasarla', 'sravankumargan', 'revanth909', 'kalpana', None, 'motakpal3b2', 'sanjayk', 'sravankumarga', 'ravali', 'ganeshms', 'krishnakiran19', 'pavan_sail2boats', 'henryryu', 'sameer229']"
24,89,13,41,2,"['Kiransunkara', 'revanth']",10,"['vkskaushal', 'go_golf_go', 'parasa', 'sankalpanand', 'jshutch', 'sadeghyazdi', 'Um64', 'dindi', 'srikanth1985', 'pkurlawala']",39,"['vamsi', 'kishorerama', 'rajani', 'Kedar', 'yalavarthi', 'geminianrahul', 'srilatha', 'ksharon', 'nikheel_mutha', 'aruna135', 'hema19', 'cuberoot', 'thirumal', 'shinde', 'obaid', 'vvijaysaradhi8', 'mries', 'teegalapalli', 'hari1234', 'deepujoe', 'sravankumar', 'dilipchandra', 'shubhajeet', 'rakesh', 'kalpana', 'venkyrocks1z', None, 'chandrakiran', 'ganeshms', 'hvr1', 'krishnakiran19', 'gypooja', 'kiransunkara', 'kedar', 'pavan_sail2boats', 'sandeepk', 'henryryu', 'haydar', 'balajepalli']",51,"['vamsi', 'kishorerama', 'jshutch', 'parasa', 'rajani', 'Kedar', 'yalavarthi', 'geminianrahul', 'Um64', 'srilatha', 'ksharon', 'Kiransunkara', 'nikheel_mutha', 'aruna135', 'hema19', 'go_golf_go', 'cuberoot', 'thirumal', 'sadeghyazdi', 'shinde', 'obaid', 'srikanth1985', 'vvijaysaradhi8', 'mries', 'teegalapalli', 'hari1234', 'deepujoe', 'sankalpanand', 'sravankumar', 'dilipchandra', 'shubhajeet', 'revanth', 'rakesh', 'dindi', 'kalpana', 'venkyrocks1z', None, 'chandrakiran', 'vkskaushal', 'ganeshms', 'hvr1', 'krishnakiran19', 'gypooja', 'kiransunkara', 'kedar', 'pavan_sail2boats', 'sandeepk', 'henryryu', 'haydar', 'balajepalli', 'pkurlawala']"
24,90,13,36,2,"['sankalpanand', 'dindi']",10,"['vkskaushal', 'go_golf_go', 'parasa', 'jshutch', 'sadeghyazdi', 'revanth', 'Um64', 'srikanth1985', 'Kiransunkara', 'pkurlawala']",34,"['vedire', 'rakesh96', 'tfleur', 'gspkarteek', 'praveen56', 'msahish', 'yalavarthi', 'madan226', 'geminianrahul', 'srilatha', 'ksharon', 'kalyanA', 'nikheel_mutha', 'aruna135', 'swathi', 'ssahmed', 'vvijaysaradhi8', 'phani', 'teegalapalli', 'hari1234', 'shubhajeet', 'sameer229', 'venkyrocks1z', 'varun4varun', 'vineelat', None, 'chandrakiran', 'sanjayk', 'ganeshms', 'ravali', 'hvr1', 'gypooja', 'arun', 'balajepalli']",46,"['jshutch', 'parasa', 'vedire', 'rakesh96', 'tfleur', 'praveen56', 'gspkarteek', 'msahish', 'yalavarthi', 'madan226', 'geminianrahul', 'Um64', 'srilatha', 'ksharon', 'kalyanA', 'Kiransunkara', 'nikheel_mutha', 'aruna135', 'go_golf_go', 'sadeghyazdi', 'swathi', 'srikanth1985', 'ssahmed', 'vvijaysaradhi8', 'phani', 'teegalapalli', 'hari1234', 'sankalpanand', 'shubhajeet', 'sameer229', 'revanth', 'dindi', 'venkyrocks1z', 'varun4varun', 'vineelat', None, 'chandrakiran', 'vkskaushal', 'sanjayk', 'ganeshms', 'ravali', 'hvr1', 'gypooja', 'arun', 'balajepalli', 'pkurlawala']"
25,51,12,41,11,"['crst53', 'JarryMe', 'marcoauusa', 'eugenej', 'cuiwb', 'rschan', 'mcd331', 'larsendj', 'FluteMan06', 'cleone', 'ryanchoi1026']",0,[],30,"['gkapinos', 'team31', 'gurjinder', 'jsung06', 'remicles', 'nhusmann', 'gwaoc', 'emouad', 'OneLoveSeattle', 'jeffisveryhungry', 'tgorti', 'graytech', 'ncvnmarket', 'rememberla', 'nanojerico', 'mrsoviet', 'anderigoee331', 'andrewftw', 'mamud', 'ctrammell', None, 'jarias', 'marcusjbach', 'ryanoco7', 'hrh', 'aspott', 'drumlova', 'pepinb', 'dsandhu02', 'ajsimon']",41,"['gkapinos', 'team31', 'JarryMe', 'gurjinder', 'cleone', 'jsung06', 'remicles', 'nhusmann', 'gwaoc', 'mcd331', 'emouad', 'OneLoveSeattle', 'jeffisveryhungry', 'tgorti', 'graytech', 'ncvnmarket', 'rememberla', 'marcoauusa', 'rschan', 'nanojerico', 'mrsoviet', 'anderigoee331', 'andrewftw', 'ryanchoi1026', 'mamud', 'ctrammell', None, 'jarias', 'marcusjbach', 'ryanoco7', 'crst53', 'hrh', 'aspott', 'eugenej', 'cuiwb', 'drumlova', 'larsendj', 'FluteMan06', 'pepinb', 'dsandhu02', 'ajsimon']"
25,78,12,38,11,"['crst53', 'JarryMe', 'marcoauusa', 'eugenej', 'cuiwb', 'rschan', 'mcd331', 'larsendj', 'FluteMan06', 'cleone', 'ryanchoi1026']",0,[],27,"['team31', 'BabakEE331', 'gurjinder', 'jsung06', 'remicles', 'nhusmann', 'gwaoc', 'jre23', 'OneLoveSeattle', 'chanwoo7', 'jeffisveryhungry', 'zaraa', 'mpelland', 'hhpp12000', 'greencrx', 'anderigoee331', 'shengyingm', 'andrewftw', 'wei0978', 'ctrammell', None, 'hrh', 'aspott', 'drumlova', 'pepinb', 'dsandhu02', 'ajsimon']",38,"['team31', 'JarryMe', 'BabakEE331', 'gurjinder', 'cleone', 'jsung06', 'remicles', 'nhusmann', 'gwaoc', 'mcd331', 'jre23', 'OneLoveSeattle', 'chanwoo7', 'jeffisveryhungry', 'zaraa', 'mpelland', 'hhpp12000', 'marcoauusa', 'rschan', 'greencrx', 'anderigoee331', 'shengyingm', 'andrewftw', 'wei0978', 'ryanchoi1026', 'ctrammell', None, 'crst53', 'hrh', 'aspott', 'eugenej', 'cuiwb', 'drumlova', 'larsendj', 'FluteMan06', 'pepinb', 'dsandhu02', 'ajsimon']"
26,62,12,25,11,"['marcela1213', 'adriussa', 'fenixbird', 'imanolo6', 'Oskup', 'gorilla', 'electrokata', 'Mile', 'albielc', 'jeka777', 'luisafernandam']",0,[],14,"['nanotek', 'CARMABE1', 'carmabe1', 'davallejom', 'ivanhassig', 'kaiser71321', 'tangelacity', 'diego1294', 'angel', 'FENIXBIRD', 'sodio123', 'alombo', 'smismart', None]",25,"['marcela1213', 'nanotek', 'diego1294', 'FENIXBIRD', 'sodio123', 'alombo', 'smismart', 'fenixbird', 'ivanhassig', 'kaiser71321', 'gorilla', 'electrokata', 'Mile', 'adriussa', 'imanolo6', 'CARMABE1', 'davallejom', 'tangelacity', 'angel', 'jeka777', 'luisafernandam', None, 'carmabe1', 'Oskup', 'albielc']"
27,62,11,25,2,"['davallejom', 'sodio123']",8,"['motakpal2', 'Prashant8143', 'divyagan1', 'revanthc', 'krishnakiran191', 'motakpal11', 'kiransunkara2', 'ahishms']",23,"['marcela1213', 'nanotek', 'diego1294', 'FENIXBIRD', 'alombo', 'smismart', 'fenixbird', 'ivanhassig', 'kaiser71321', 'gorilla', 'electrokata', 'Mile', 'adriussa', 'imanolo6', 'CARMABE1', 'tangelacity', 'angel', 'jeka777', 'luisafernandam', None, 'carmabe1', 'Oskup', 'albielc']",33,"['marcela1213', 'nanotek', 'Prashant8143', 'diego1294', 'sodio123', 'FENIXBIRD', 'alombo', 'smismart', 'fenixbird', 'divyagan1', 'ivanhassig', 'kaiser71321', 'gorilla', 'electrokata', 'Mile', 'motakpal2', 'adriussa', 'revanthc', 'imanolo6', 'CARMABE1', 'davallejom', 'tangelacity', 'kiransunkara2', 'angel', 'jeka777', 'luisafernandam', None, 'krishnakiran191', 'carmabe1', 'Oskup', 'motakpal11', 'albielc', 'ahishms']"
27,58,11,9,1,['divyagan1'],9,"['motakpal2', 'Prashant8143', 'revanthc', 'krishnakiran191', 'davallejom', 'motakpal11', 'kiransunkara2', 'sodio123', 'ahishms']",8,"['divya', 'divsnvik', 'gangadharan', 'vikram', 'savi', 'deepthi', 'supreeya', None]",18,"['motakpal2', 'Prashant8143', 'revanthc', 'vikram', 'davallejom', 'deepthi', 'kiransunkara2', 'sodio123', None, 'divya', 'divsnvik', 'gangadharan', 'krishnakiran191', 'divyagan1', 'savi', 'motakpal11', 'supreeya', 'ahishms']"
27,61,11,6,4,"['motakpal2', 'kiransunkara2', 'motakpal11', 'revanthc']",6,"['Prashant8143', 'divyagan1', 'krishnakiran191', 'davallejom', 'sodio123', 'ahishms']",2,"[None, 'rakesh96']",12,"['motakpal2', 'Prashant8143', 'krishnakiran191', 'divyagan1', 'revanthc', 'rakesh96', 'davallejom', 'motakpal11', 'kiransunkara2', 'sodio123', 'ahishms', None]"
28,101,11,11,8,"['mbraccioli', 'buldus2', 'lucalolli', 'marioguido', 'cfiegna', 'matteofabiani', 'lohan', 'esangiorgi']",2,"['dengj', 'gianni']",3,"['bombardi', 'nzanolla', None]",13,"['mbraccioli', 'bombardi', 'buldus2', 'lucalolli', 'marioguido', 'nzanolla', 'cfiegna', 'matteofabiani', 'lohan', 'dengj', None, 'gianni', 'esangiorgi']"
29,74,10,18,1,['xu36'],8,"['skulkarn', 'bgeheb', 'abukhater', 'gshane', 'svadivel', 'apkirk', 'linzhao', 'kherb']",17,"['mlundgr2', 'mebentz2', 'mrodrig5', 'ding3', 'jcartee2', 'senator', 'moretti2', 'pdrinkw2', 'lordbeagle', 'philipp1', 'besmao2', 'kvstark', 'giannopo', 'akshat18', None, 'icottle2', 'gkapoor2']",26,"['xu36', 'mrodrig5', 'jcartee2', 'ding3', 'skulkarn', 'abukhater', 'lordbeagle', 'gshane', 'svadivel', 'giannopo', 'moretti2', None, 'apkirk', 'icottle2', 'kherb', 'mlundgr2', 'mebentz2', 'senator', 'bgeheb', 'pdrinkw2', 'philipp1', 'besmao2', 'kvstark', 'akshat18', 'linzhao', 'gkapoor2']"
29,73,10,17,6,"['xu36', 'abukhater', 'gshane', 'apkirk', 'linzhao', 'kherb']",3,"['skulkarn', 'bgeheb', 'svadivel']",11,"['sswandon', 'amoham2', 'kmontgo4', 'mrsbean', 'fferdous', 'duncan0241', 'yzhao', 'jmaas', 'seantrinity', 'jlschroe', None]",20,"['xu36', 'skulkarn', 'amoham2', 'mrsbean', 'fferdous', 'abukhater', 'gshane', 'svadivel', None, 'apkirk', 'kherb', 'sswandon', 'kmontgo4', 'duncan0241', 'bgeheb', 'yzhao', 'jmaas', 'seantrinity', 'jlschroe', 'linzhao']"
29,105,10,13,5,"['skulkarn', 'bgeheb', 'gshane', 'apkirk', 'linzhao']",4,"['abukhater', 'kherb', 'xu36', 'svadivel']",8,"['mrsbean', 'fferdous', 'yzhao', 'jmaas', 'zabylkas', 'seantrinity2002', 'jlschroe', None]",17,"['xu36', 'skulkarn', 'mrsbean', 'fferdous', 'abukhater', 'gshane', 'zabylkas', 'seantrinity2002', 'svadivel', None, 'apkirk', 'kherb', 'bgeheb', 'yzhao', 'jmaas', 'jlschroe', 'linzhao']"
30,69,10,11,7,"['tec_rat', 'srbrimley', 'oreogoat', 'hook', 'laminar1', 'amanyh', 'jpiatt']",2,"['amey_churi', 'shade78']",4,"['msmiller', None, 'rem2468', 'zhuwenqi']",13,"['tec_rat', 'zhuwenqi', 'msmiller', 'shade78', None, 'srbrimley', 'rem2468', 'oreogoat', 'hook', 'laminar1', 'amanyh', 'jpiatt', 'amey_churi']"
31,49,10,19,6,"['varel001', 'texo2007', 'sgupt001', 'tmai005', 'hrosacia', 'plau002']",3,"['nanosoul', 'sdirfan1', 'iraza']",13,"['jwcdis', 'thear001', 'jmoor005', 'rickuster', 'zdesai', 'jhuan011', 'zhmed', 'moccamse', 'theskids85', 'agala005', None, 'kcho', 'axiao001']",22,"['varel001', 'jwcdis', 'sgupt001', 'jmoor005', 'nanosoul', 'tmai005', 'hrosacia', 'rickuster', 'jhuan011', 'sdirfan1', None, 'kcho', 'texo2007', 'thear001', 'zhmed', 'zdesai', 'plau002', 'iraza', 'theskids85', 'agala005', 'moccamse', 'axiao001']"
32,108,10,20,7,"['nchopra', 'TAU1141', 'tbreedlo', 'tmaleki', 'sjp3160', 'joatess', 'jgoddard']",2,"['cpilcher', 'vlk']",13,"['JTroyer1986', 'kmsj2', 'kkirkega', 'asatija', 'jrieger', 'dcrizer', 'kihara', 'rcerbus', 'takvor', 'ekavurma', 'jones105', None, 'physics08']",22,"['JTroyer1986', 'physics08', 'nchopra', 'TAU1141', 'kmsj2', 'tbreedlo', 'tmaleki', 'jrieger', 'dcrizer', 'kihara', 'rcerbus', 'cpilcher', 'vlk', None, 'jgoddard', 'kkirkega', 'asatija', 'sjp3160', 'takvor', 'ekavurma', 'jones105', 'joatess']"
33,70,10,15,2,"['Edwin', 'yandoh98']",7,"['lex69', 'nuanlaong', 'nawaz', 'neerajs', 'jadiema', 'jcasa', 'buagun']",13,"['camilleartur', 'cherifbelacel', 'abiven', 'jrubindc', 'bemica25', 'dfaty', None, 'elsoha', 'anais92', 'Personne', 'greg', 'thilim92', 'gleo']",22,"['nuanlaong', 'nawaz', 'cherifbelacel', 'abiven', 'dfaty', 'jadiema', 'elsoha', 'greg', 'buagun', 'thilim92', None, 'camilleartur', 'lex69', 'yandoh98', 'Edwin', 'jrubindc', 'bemica25', 'neerajs', 'jcasa', 'anais92', 'Personne', 'gleo']"
34,21,9,7,4,"['hstevens', 'shoaibkhan', 'too', 'zakariab']",4,"['sailaja', 'saint201', 'hirashin', 'greeniq']",3,"['qtpierce', 'zachh', None]",11,"['shoaibkhan', 'zachh', 'zakariab', 'saint201', 'greeniq', 'qtpierce', 'too', 'hstevens', None, 'hirashin', 'sailaja']"
37,70,8,15,7,"['cherifbelacel', 'jrubindc', 'bemica25', 'dfaty', 'elsoha', 'anais92', 'thilim92']",0,[],8,"['camilleartur', 'yandoh98', 'abiven', 'Edwin', 'Personne', 'greg', None, 'gleo']",15,"['cherifbelacel', 'abiven', 'dfaty', 'elsoha', 'greg', 'thilim92', None, 'camilleartur', 'yandoh98', 'jrubindc', 'Edwin', 'bemica25', 'anais92', 'Personne', 'gleo']"
38,85,8,15,7,"['HunterK', 'samuelkleinman', 'aet628', 'moralist', 'dcford', 'kbjorkman07', 'kang1120']",0,[],8,"['mlodriguito', 'mmapodaca', 'ari2583', 'beagleSavvy', 'Sportschic0515', 'BeagleSavvy', None, 'ma0205163']",15,"['mmapodaca', 'HunterK', 'samuelkleinman', 'ari2583', 'aet628', 'moralist', 'kbjorkman07', None, 'kang1120', 'ma0205163', 'mlodriguito', 'beagleSavvy', 'Sportschic0515', 'BeagleSavvy', 'dcford']"
38,86,8,12,6,"['HunterK', 'samuelkleinman', 'aet628', 'dcford', 'kbjorkman07', 'kang1120']",1,['moralist'],6,"['mlodriguito', 'beaglesavvy', 'sdibenedetto', 'jroden', None, 'ma0205163']",13,"['HunterK', 'samuelkleinman', 'aet628', 'moralist', 'beaglesavvy', 'kbjorkman07', 'sdibenedetto', 'kang1120', None, 'ma0205163', 'mlodriguito', 'dcford', 'jroden']"
39,62,8,25,6,"['CARMABE1', 'carmabe1', 'kaiser71321', 'tangelacity', 'angel', 'diego1294']",1,['belzein'],19,"['marcela1213', 'nanotek', 'FENIXBIRD', 'sodio123', 'alombo', 'smismart', 'fenixbird', 'ivanhassig', 'gorilla', 'electrokata', 'Mile', 'adriussa', 'imanolo6', 'davallejom', 'jeka777', 'luisafernandam', None, 'Oskup', 'albielc']",26,"['marcela1213', 'nanotek', 'diego1294', 'FENIXBIRD', 'sodio123', 'alombo', 'smismart', 'fenixbird', 'ivanhassig', 'kaiser71321', 'gorilla', 'electrokata', 'Mile', 'adriussa', 'CARMABE1', 'imanolo6', 'davallejom', 'tangelacity', 'angel', 'jeka777', 'luisafernandam', None, 'carmabe1', 'Oskup', 'albielc', 'belzein']"
40,73,8,17,3,"['amoham2', 'seantrinity', 'duncan0241']",4,"['bolten', 'jchauha', 'YiLuo', 'naveendakineni']",14,"['xu36', 'sswandon', 'kmontgo4', 'mrsbean', 'fferdous', 'yzhao', 'abukhater', 'jmaas', 'gshane', 'jlschroe', None, 'apkirk', 'linzhao', 'kherb']",21,"['xu36', 'amoham2', 'mrsbean', 'fferdous', 'jchauha', 'abukhater', 'gshane', None, 'apkirk', 'kherb', 'sswandon', 'naveendakineni', 'kmontgo4', 'duncan0241', 'yzhao', 'jmaas', 'jlschroe', 'seantrinity', 'YiLuo', 'linzhao', 'bolten']"
41,115,8,7,4,"['takeez', 'dmsnell', 'nanokim', 'jhenrie']",3,"['dgazanfa', 'monguin', 'elev0083']",3,"[None, '02paiks', 'sswandon']",10,"['nanokim', '02paiks', 'elev0083', 'monguin', 'dmsnell', 'takeez', 'dgazanfa', 'sswandon', 'jhenrie', None]"
42,109,8,46,4,"['kcpark', 'jrieger', 'cpfeiffe', 'cloeffle']",3,"['ekavurma', 'kmsj2', 'leedj']",42,"['swissrebel', 'dawkinsjr16531', 'robosllim', 'kihara', 'ashayat', 'kthudi', 'bamorris', 'sdailey', 'kkirkega', 'jtrefilek', 'edguajar', 'singhs', 'codyjohnston', 'jpneylon', 'ijafari', 'blaskows', 'jebenezer', 'cchong', 'crosis', 'JTroyer1986', 'jones105', 'tau1141', 'zcrouch', 'pateldm', 'jjallal', 'dcrizer', 'andy0958', 'llohaus', 'rcerbus', 'agprasad', 'mattthebaker', 'mille177', None, 'srettber', 'simy', 'jeepcj7', 'asatija', 'jtill04', 'jcwirth', 'kumar29', 'takvor', 'physics08']",49,"['swissrebel', 'dawkinsjr16531', 'kmsj2', 'robosllim', 'kihara', 'ashayat', 'kthudi', 'bamorris', 'sdailey', 'kkirkega', 'jtrefilek', 'edguajar', 'singhs', 'codyjohnston', 'jpneylon', 'ijafari', 'leedj', 'blaskows', 'takvor', 'ekavurma', 'jebenezer', 'cchong', 'crosis', 'JTroyer1986', 'tau1141', 'physics08', 'pateldm', 'jrieger', 'jjallal', 'dcrizer', 'cloeffle', 'andy0958', 'llohaus', 'rcerbus', 'cpfeiffe', 'agprasad', 'mattthebaker', 'mille177', 'kcpark', None, 'srettber', 'simy', 'jeepcj7', 'asatija', 'jtill04', 'jcwirth', 'kumar29', 'jones105', 'zcrouch']"
42,108,8,20,3,"['jrieger', 'ekavurma', 'kmsj2']",4,"['kcpark', 'leedj', 'cpfeiffe', 'cloeffle']",17,"['JTroyer1986', 'physics08', 'nchopra', 'TAU1141', 'kkirkega', 'tmaleki', 'tbreedlo', 'sjp3160', 'dcrizer', 'asatija', 'kihara', 'rcerbus', 'takvor', 'jones105', None, 'joatess', 'jgoddard']",24,"['JTroyer1986', 'physics08', 'nchopra', 'TAU1141', 'kmsj2', 'tbreedlo', 'tmaleki', 'jrieger', 'dcrizer', 'takvor', 'cloeffle', 'kihara', 'rcerbus', 'cpfeiffe', 'kcpark', None, 'jgoddard', 'kkirkega', 'asatija', 'sjp3160', 'leedj', 'ekavurma', 'jones105', 'joatess']"
42,107,8,6,3,"['jrieger', 'ekavurma', 'leedj']",4,"['cpfeiffe', 'kcpark', 'kmsj2', 'cloeffle']",3,"[None, 'jones105', 'dcrizer']",10,"['kmsj2', 'jrieger', 'dcrizer', 'cloeffle', 'cpfeiffe', 'leedj', 'kcpark', 'ekavurma', 'jones105', None]"
43,100,8,23,3,"['MetalMarek', 'Marina', 'Athan']",4,"['gokalp', 'aravind1985', 'raviteja969', 'deepansekar']",20,"['brusnicky', 'knaper', 'xmeda', 'fedd', 'xkonec45', 'javor', 'xkledr00', 'cermisek', 'xpulc01', 'xmacha43', 'xjerab12', 'lakos', 'radeczech', 'frensio', 'xhanak14', 'domce', 'tulen', 'xtrune00', 'vlk23', None]",27,"['gokalp', 'brusnicky', 'knaper', 'MetalMarek', 'aravind1985', 'xmeda', 'fedd', 'xhanak14', 'domce', 'Athan', 'xkonec45', 'raviteja969', 'tulen', 'Marina', 'xtrune00', 'javor', 'deepansekar', 'xkledr00', 'vlk23', None, 'cermisek', 'xpulc01', 'xmacha43', 'xjerab12', 'lakos', 'radeczech', 'frensio']"
43,99,8,11,1,['MetalMarek'],6,"['gokalp', 'aravind1985', 'Athan', 'raviteja969', 'Marina', 'deepansekar']",10,"['dundadunda', 'smash', 'misonder', 'kaprik', 'horychv', 'lakos', 'maslo', 'xboudn00', None, 'klampi']",17,"['gokalp', 'dundadunda', 'smash', 'MetalMarek', 'aravind1985', 'misonder', 'Athan', 'kaprik', 'raviteja969', 'maslo', 'Marina', None, 'deepansekar', 'horychv', 'lakos', 'xboudn00', 'klampi']"
44,32,7,22,4,"['akerner', 'emitchell', 'tomcool420', 'fraffmo']",2,"['Kunami', 'awinston']",18,"['nwenning', 'lrettber', 'blutz', 'gharring', 'winnie', 'jstang', 'jljennin', 'ecoyle', 'akremmel', 'kuo1', 'mkasenga', 'rugbycurry', None, 'kunami', 'jrcalver', 'mnseller', 'mljohnst', 'johnsoms']",24,"['akerner', 'awinston', 'nwenning', 'lrettber', 'blutz', 'gharring', 'jstang', 'ecoyle', 'mkasenga', 'mljohnst', 'rugbycurry', 'kunami', 'jrcalver', 'mnseller', None, 'johnsoms', 'Kunami', 'winnie', 'jljennin', 'emitchell', 'akremmel', 'kuo1', 'tomcool420', 'fraffmo']"
50,58,7,9,6,"['divsnvik', 'gangadharan', 'vikram', 'savi', 'deepthi', 'supreeya']",0,[],3,"['divya', None, 'divyagan1']",9,"['divya', 'divsnvik', 'gangadharan', 'divyagan1', 'vikram', 'savi', 'deepthi', 'supreeya', None]"
50,53,7,8,6,"['divsnvik', 'gangadharan', 'vikram', 'savi', 'deepthi', 'supreeya']",0,[],2,"['divya', None]",8,"['divya', 'divsnvik', 'gangadharan', 'vikram', 'savi', 'deepthi', 'supreeya', None]"
50,54,7,8,6,"['divsnvik', 'gangadharan', 'vikram', 'savi', 'deepthi', 'supreeya']",0,[],2,"['divya', None]",8,"['divya', 'divsnvik', 'gangadharan', 'vikram', 'savi', 'deepthi', 'supreeya', None]"
50,55,7,8,6,"['divsnvik', 'gangadharan', 'vikram', 'savi', 'deepthi', 'supreeya']",0,[],2,"['divya', None]",8,"['divya', 'divsnvik', 'gangadharan', 'vikram', 'savi', 'deepthi', 'supreeya', None]"
50,56,7,8,6,"['divsnvik', 'gangadharan', 'vikram', 'savi', 'deepthi', 'supreeya']",0,[],2,"['divya', None]",8,"['divya', 'divsnvik', 'gangadharan', 'vikram', 'savi', 'deepthi', 'supreeya', None]"
50,57,7,8,6,"['divsnvik', 'gangadharan', 'vikram', 'savi', 'deepthi', 'supreeya']",0,[],2,"['divya', None]",8,"['divya', 'divsnvik', 'gangadharan', 'vikram', 'savi', 'deepthi', 'supreeya', None]"
50,63,7,8,6,"['divsnvik', 'gangadharan', 'vikram', 'savi', 'deepthi', 'supreeya']",0,[],2,"['divya', None]",8,"['divya', 'divsnvik', 'gangadharan', 'vikram', 'savi', 'deepthi', 'supreeya', None]"
52,51,7,41,5,"['marcusjbach', 'tgorti', 'ncvnmarket', 'mamud', 'graytech']",1,['hovelltian'],36,"['gkapinos', 'team31', 'JarryMe', 'gurjinder', 'dsandhu02', 'jsung06', 'remicles', 'cleone', 'nhusmann', 'gwaoc', 'mcd331', 'emouad', 'OneLoveSeattle', 'jeffisveryhungry', 'rememberla', 'marcoauusa', 'nanojerico', 'mrsoviet', 'rschan', 'anderigoee331', 'andrewftw', 'ryanchoi1026', 'ctrammell', None, 'jarias', 'ryanoco7', 'crst53', 'hrh', 'aspott', 'eugenej', 'cuiwb', 'drumlova', 'larsendj', 'FluteMan06', 'pepinb', 'ajsimon']",42,"['gkapinos', 'team31', 'JarryMe', 'gurjinder', 'dsandhu02', 'jsung06', 'remicles', 'cleone', 'nhusmann', 'gwaoc', 'mcd331', 'emouad', 'OneLoveSeattle', 'hovelltian', 'jeffisveryhungry', 'tgorti', 'ncvnmarket', 'rememberla', 'marcoauusa', 'nanojerico', 'mrsoviet', 'rschan', 'anderigoee331', 'andrewftw', 'ryanchoi1026', 'mamud', 'ctrammell', None, 'jarias', 'marcusjbach', 'ryanoco7', 'crst53', 'hrh', 'aspott', 'eugenej', 'cuiwb', 'drumlova', 'larsendj', 'FluteMan06', 'pepinb', 'graytech', 'ajsimon']"
55,113,7,25,3,"['joywith', 'kschrems01', 'dmfaber']",3,"['wehlhard', '02paiks', 'stevesun517']",22,"['swissrebel', 'mkfink', 'kihara', 'kkirkega', 'codyjohnston', 'ijafari', 'eaprocto', 'crosis', 'JTroyer1986', 'jones105', 'tau1141', 'dcrizer', 'rcerbus', 'mille177', None, 'danh4321', 'Qrkchrm', 'jeepcj7', 'asatija', 'bdannan', 'tbudreau', 'zcrouch']",28,"['JTroyer1986', 'swissrebel', 'mkfink', 'tau1141', '02paiks', 'stevesun517', 'kschrems01', 'dcrizer', 'joywith', 'kihara', 'rcerbus', 'mille177', None, 'danh4321', 'dmfaber', 'Qrkchrm', 'jones105', 'kkirkega', 'jeepcj7', 'asatija', 'wehlhard', 'bdannan', 'codyjohnston', 'ijafari', 'eaprocto', 'tbudreau', 'zcrouch', 'crosis']"
55,114,7,8,2,"['joywith', '02paiks']",4,"['wehlhard', 'dmfaber', 'stevesun517', 'kschrems01']",6,"['kkirkega', 'ijafari', 'sswandon', 'mille177', None, 'crosis']",12,"['02paiks', 'stevesun517', 'kschrems01', 'kkirkega', 'crosis', 'wehlhard', 'joywith', 'ijafari', 'sswandon', 'mille177', None, 'dmfaber']"
55,115,7,7,1,['02paiks'],5,"['stevesun517', 'kschrems01', 'wehlhard', 'joywith', 'dmfaber']",6,"['nanokim', 'takeez', 'jhenrie', 'sswandon', 'dmsnell', None]",12,"['nanokim', '02paiks', 'stevesun517', 'kschrems01', 'wehlhard', 'joywith', 'takeez', 'jhenrie', 'sswandon', 'dmsnell', None, 'dmfaber']"
56,78,6,38,4,"['mpelland', 'jre23', 'hhpp12000', 'zaraa']",1,['amr87'],34,"['team31', 'JarryMe', 'BabakEE331', 'gurjinder', 'jsung06', 'remicles', 'cleone', 'nhusmann', 'gwaoc', 'mcd331', 'OneLoveSeattle', 'chanwoo7', 'jeffisveryhungry', 'marcoauusa', 'rschan', 'greencrx', 'anderigoee331', 'shengyingm', 'andrewftw', 'wei0978', 'ryanchoi1026', 'ctrammell', None, 'crst53', 'hrh', 'aspott', 'eugenej', 'cuiwb', 'drumlova', 'larsendj', 'FluteMan06', 'pepinb', 'dsandhu02', 'ajsimon']",39,"['team31', 'JarryMe', 'BabakEE331', 'gurjinder', 'jsung06', 'remicles', 'cleone', 'nhusmann', 'gwaoc', 'mcd331', 'jre23', 'OneLoveSeattle', 'chanwoo7', 'jeffisveryhungry', 'zaraa', 'mpelland', 'hhpp12000', 'marcoauusa', 'rschan', 'greencrx', 'anderigoee331', 'amr87', 'shengyingm', 'andrewftw', 'wei0978', 'ryanchoi1026', 'ctrammell', None, 'crst53', 'hrh', 'aspott', 'eugenej', 'cuiwb', 'drumlova', 'larsendj', 'FluteMan06', 'pepinb', 'dsandhu02', 'ajsimon']"
57,49,6,19,5,"['jmoor005', 'thear001', 'rickuster', 'agala005', 'axiao001']",0,[],14,"['varel001', 'jwcdis', 'texo2007', 'sgupt001', 'zhmed', 'tmai005', 'zdesai', 'hrosacia', 'jhuan011', 'moccamse', 'plau002', 'theskids85', None, 'kcho']",19,"['varel001', 'jwcdis', 'sgupt001', 'jmoor005', 'rickuster', 'tmai005', 'hrosacia', 'jhuan011', None, 'kcho', 'texo2007', 'thear001', 'zhmed', 'zdesai', 'plau002', 'agala005', 'theskids85', 'moccamse', 'axiao001']"
57,52,6,8,3,"['agala005', 'axiao001', 'jmoor005']",2,"['rickuster', 'thear001']",5,"['jwcdis', 'dchen517', 'cnolen', 'fakik001', None]",10,"['jwcdis', 'jmoor005', 'thear001', 'rickuster', 'agala005', 'dchen517', 'cnolen', 'fakik001', None, 'axiao001']"
58,106,6,30,3,"['dabaum51', 'ytobe862', 'jarryme']",2,"['dalev', 'alijn']",27,"['gkapinos', 'team31', 'rememberla', 'nanojerico', 'mmtenold', 'mrsoviet', 'gurjinder', 'anderigoee331', 'jsung06', 'remicles', 'nhusmann', 'andrewftw', 'emouad', 'OneLoveSeattle', 'ctrammell', None, 'jarias', 'ryanoco7', 'chanwoo7', 'jeffisveryhungry', 'hrh', 'aspott', 'drumlova', 'antwon87', 'pepinb', 'dsandhu02', 'ajsimon']",32,"['gkapinos', 'team31', 'mmtenold', 'ytobe862', 'gurjinder', 'jsung06', 'remicles', 'nhusmann', 'emouad', 'OneLoveSeattle', 'chanwoo7', 'jeffisveryhungry', 'alijn', 'antwon87', 'rememberla', 'nanojerico', 'mrsoviet', 'anderigoee331', 'dabaum51', 'andrewftw', 'ctrammell', None, 'jarias', 'ryanoco7', 'hrh', 'aspott', 'dalev', 'jarryme', 'drumlova', 'pepinb', 'dsandhu02', 'ajsimon']"
60,51,6,41,4,"['gkapinos', 'nanojerico', 'rememberla', 'mrsoviet']",1,['mmtenold'],37,"['team31', 'JarryMe', 'gurjinder', 'dsandhu02', 'jsung06', 'remicles', 'cleone', 'nhusmann', 'gwaoc', 'mcd331', 'emouad', 'OneLoveSeattle', 'jeffisveryhungry', 'tgorti', 'ncvnmarket', 'marcoauusa', 'rschan', 'anderigoee331', 'andrewftw', 'ryanchoi1026', 'mamud', 'ctrammell', None, 'jarias', 'marcusjbach', 'ryanoco7', 'crst53', 'hrh', 'aspott', 'eugenej', 'cuiwb', 'drumlova', 'larsendj', 'FluteMan06', 'pepinb', 'graytech', 'ajsimon']",42,"['gkapinos', 'team31', 'JarryMe', 'mmtenold', 'gurjinder', 'jsung06', 'remicles', 'cleone', 'nhusmann', 'gwaoc', 'mcd331', 'emouad', 'OneLoveSeattle', 'jeffisveryhungry', 'tgorti', 'graytech', 'ncvnmarket', 'rememberla', 'marcoauusa', 'nanojerico', 'mrsoviet', 'rschan', 'anderigoee331', 'andrewftw', 'ryanchoi1026', 'mamud', 'ctrammell', None, 'jarias', 'marcusjbach', 'ryanoco7', 'crst53', 'hrh', 'aspott', 'eugenej', 'cuiwb', 'drumlova', 'larsendj', 'FluteMan06', 'pepinb', 'dsandhu02', 'ajsimon']"
60,106,6,30,5,"['gkapinos', 'rememberla', 'nanojerico', 'mmtenold', 'mrsoviet']",0,[],25,"['team31', 'ytobe862', 'gurjinder', 'anderigoee331', 'dabaum51', 'jsung06', 'remicles', 'nhusmann', 'andrewftw', 'emouad', 'OneLoveSeattle', 'ctrammell', None, 'jarias', 'ryanoco7', 'chanwoo7', 'jeffisveryhungry', 'hrh', 'aspott', 'drumlova', 'jarryme', 'antwon87', 'pepinb', 'dsandhu02', 'ajsimon']",30,"['gkapinos', 'team31', 'mmtenold', 'ytobe862', 'gurjinder', 'jsung06', 'remicles', 'nhusmann', 'emouad', 'OneLoveSeattle', 'chanwoo7', 'jeffisveryhungry', 'antwon87', 'rememberla', 'nanojerico', 'mrsoviet', 'anderigoee331', 'dabaum51', 'andrewftw', 'ctrammell', None, 'jarias', 'ryanoco7', 'hrh', 'aspott', 'drumlova', 'jarryme', 'pepinb', 'dsandhu02', 'ajsimon']"
62,82,6,382,4,"['srubinstein', 'schoi', 'rortenberg', 'smcnulty']",1,['nlopez006'],378,"['Asanghvi', 'Dmritard96', 'fare', 'jgoebbert', 'GOlson', 'eleslie', 'Wutang', 'rmadankumar', 'tylorsama', 'srf482', 'ppanigrahi', 'bea146', 'csprangers', 'jsavitz', 'aan', 'robinstiller', 'ybirnbaum', 'dtk893', 'wutang', 'ryanshannahan', 'chyunger', 'jpatel', 'slhatch', 'hsh887', 'redbaron24', 'toericliu', 'zmeadows', 'jcheng', 'khines', 'jkjohnson', 'akraus', 'dcornew', 'ekatsaggelos', 'kimyeongmin', 'lakovits', 'tpang', 'ndoctor', 'elo501', 'kaiello', 'jdiffee', 'lgries', 'afu560', 'ecetumer', 'ezhang7', 'emw329', 'msparr', 'kebbert', 'akc0905', 'rschultz', 'rpitner', 'jimbob394', 'ashroff', 'srk972', 'sab266', 'pyy810', 'rdeeter', 'golson', 'lef507', 'mmchugh', 'jcagadas', 'MMCHUGH', 'hyi', 'kjo100', 'clpsh', 'Kmo256', 'chill', 'anelson', 'elizoch217', 'alazarus', 'mmorgan', 'abaxterbeck', 'GigleGal1', 'klynch', 'alouettes1234', 'ksajosh88', 'bdusel', 'apetrakos', 'ahaase', 'cwilson', 'khuang', 'geeezluis', 'tjb799', 'ma0205163', 'scedwards4', 'mhinger', 'amarope', 'bpruitt', 'alisonchevrier', 'rjs123', 'czhang', 'zya998', 'amrajah44', 'eherberg', 'cthomas', 'kpa951', 'meganichinose89', 'rzaman', 'cdemirdogen', 'jdadabo', 'sramalingam', 'jopaauki', 'Sportschic0515', 'ysd339', 'tmpch13', 'arosado', 'egrodinsky', 'ggriffin', 'ckeaton', 'asigmund', 'kschref', 'dmyung', 'jgabet', 'amoyce', 'tlightbourne', 'yngkaster', 'chisam87', 'anh259', 'fferrero', 'yyu2007', 'AnneReihman', 'stb391', 'jyeung', 'hellsing', 'jszewczyk', 'mmui', 'jkapaun', 'ariarevyan', 'lauradiaz37', 'cassisaari', 'las554', 'pgoins', 'kelly2789', 'Lauren', 'emiller', 'dso713', 'npedroarena', 'MeganWelker', 'nirajanrajkarnikar', 'agchen', 'elaning', 'jwalkowicz', 'yjchung87', 'csalfati', 'smartinez', 'lizziegwagner', 'jlim', 'mheller', 'glee', 'nraj', 'strinh', 'krutiparikh', 'w1lde1', 'rcc0320', 'tjm623', 'ehong', 'mlodriguito', 'ksiddall05', 'crb471', 'brockly91', 'nrosenbaum', 'amn307', 'lscott', 'alichtor', 'jmaya', 'cmoore', 'epollock', 'kpopovich', 'hknowlton89', 'syu', 'kluo', 'blovasik', 'daniel84', 'MrTwister5002', 'derekcftam', 'lbaumgarten', 'laquitab1', 'hshaikh', 'jratner', 'kkim0512', 'skrotseng', 'rlnevin', 'mlm197', 'ASHROFF', 'ctrigg', 'sglesmann', 'ppi282', 'mdw730', 'tamonoshimo', 'eschwartz', 'jstockton', 'yesmanandy3589', 'zalmquist', 'mjhuvard', 'cmuller', 'dash', 'ecastillo', 'kkraft', 'sbeymer', 'sbasore', 'pcappaert', 'cmho', 'rmason', 'actennis619', 'spyder255', 'susanmaz14', 'mstark', 'njohnson', 'elee', 'dgopinath', 'mromanelli', 'dgohr', 'dmitar1', 'kfrench', 'mnorko', 'kosuna', 'gsllcanas', 'wseyfarth', 'nta560', 'rcs394', 'ratatat', 'jheintz', 'plin1', 'oluna', 'ohnoitsmaria', 'jeassa', 'tim2paik', 'saraishack', 'alfredo2049', 'rghatnekar', 'tcn702', 'ogreen', 'jarkin', 'cjh818', 'Sasha10', 'msilliman', 'jcascarano', 'jb71788', 'clourgos', 'iogundeko', 'advorak0905', 'kgw477', 'ElozanoE', 'kkadela', 'tbeckmann', 'ejl486', 'ehickey', 'jzissman', 'hsosne', 'bhalloy', 'dredding', 'lryzhkova', 'rqian', 'nkramer', 'esimon', 'khelseth', 'soh', 'ikim', 'aarongale', 'belindagurl', 'rdeboer', 'mleaf', 'joellenornstein11', 'jto561', 'ewalker', 'kpederson', 'awestling', 'jtsang', 'pbaranwal', 'mgrewal', 'amk889', 'jdylik', 'are248', 'bbatlle', 'dlee1989', 'kkh253', 'bliu', 'klr705', 'lmg512', 'msugimoto', 'jay866', 'amphrosyne', 'dgrossheim', 'mechilders', 'iav650', 'conormac09', 'koala3miscarriage', 'kktsanes', 'lizzied', 'achakraborty', 'carican', 'Hellsing', 'jwg745', 'fyl708', 'ijn989', 'rsandy', 'hpo123', 'nritter', 'germanchiwawa', 'emencher', 'eaderby', 'samjemilo', 'klindenschmidt', 'dch944', 'jhaag', 'djm951', 'shong2', 'dtmartin', 'dki671', 'nibrahim', 'lmanus', 'ksirak', 'mison6', 'cwang1', 'briguy2007', 'kabraxis87', 'lwint', 'hhan326', 'sreddy', 'ykang', 'applevase', 'amcgrain', 'pshah', 'yuenca', 'hdean', 'cbaldino', 'lramachandran', 'smprts', 'ndekker', 'Giglegal1', 'rcrook', 'bobhenry33', 'lfigel', 'jsher', 'dubya01', 'rar228', 'zwittchow', 'rsk933', 'Boopus8', 'ronilshah619', 'abarrios', 'ncs802', 'abo598', 'Mdesjardins', 'agegios', 'asanghvi', 'edi827', 'r2087g', 'ccory', 'cmorris', 'jfc899', 'rkb226', 'nalex', 'rsingh', 'lokoth146', 'hfp747', 'jon2049', 'jmartinson', 'pmcauliffe', 'hauserb44', 'aliu77', 'mvollum', 'dmc109', 'samantha', 'ivg785', 'kgspears', 'mpark', 'anastasia05', 'ec359', 'lba239', 'cankisagun', 'mstep575', 'bkuhar', 'amyjia', 'awang', 'emd705', 'kms350', 'giglegal1', 'brado41']",383,"['Asanghvi', 'Dmritard96', 'fare', 'jgoebbert', 'GOlson', 'eleslie', 'Wutang', 'rmadankumar', 'tylorsama', 'srf482', 'ppanigrahi', 'bea146', 'csprangers', 'jsavitz', 'aan', 'robinstiller', 'ybirnbaum', 'dtk893', 'wutang', 'ryanshannahan', 'chyunger', 'jpatel', 'slhatch', 'hsh887', 'redbaron24', 'toericliu', 'zmeadows', 'jcheng', 'khines', 'jkjohnson', 'akraus', 'dcornew', 'ekatsaggelos', 'kimyeongmin', 'lakovits', 'tpang', 'ndoctor', 'elo501', 'kaiello', 'jdiffee', 'lgries', 'afu560', 'ecetumer', 'ezhang7', 'emw329', 'msparr', 'kebbert', 'akc0905', 'rschultz', 'rpitner', 'jimbob394', 'ashroff', 'srk972', 'sab266', 'pyy810', 'rdeeter', 'golson', 'lef507', 'mmchugh', 'jcagadas', 'MMCHUGH', 'hyi', 'kjo100', 'clpsh', 'Kmo256', 'chill', 'anelson', 'elizoch217', 'alazarus', 'mmorgan', 'abaxterbeck', 'GigleGal1', 'klynch', 'alouettes1234', 'ksajosh88', 'bdusel', 'apetrakos', 'ahaase', 'cwilson', 'khuang', 'geeezluis', 'tjb799', 'ma0205163', 'scedwards4', 'mhinger', 'amarope', 'bpruitt', 'alisonchevrier', 'rjs123', 'czhang', 'rortenberg', 'zya998', 'amrajah44', 'eherberg', 'cthomas', 'kpa951', 'meganichinose89', 'rzaman', 'cdemirdogen', 'jdadabo', 'sramalingam', 'jopaauki', 'Sportschic0515', 'ysd339', 'tmpch13', 'arosado', 'egrodinsky', 'ggriffin', 'ckeaton', 'asigmund', 'kschref', 'dmyung', 'jgabet', 'amoyce', 'tlightbourne', 'yngkaster', 'chisam87', 'anh259', 'fferrero', 'yyu2007', 'AnneReihman', 'stb391', 'jyeung', 'hellsing', 'jszewczyk', 'mmui', 'jkapaun', 'ariarevyan', 'lauradiaz37', 'cassisaari', 'las554', 'pgoins', 'kelly2789', 'Lauren', 'emiller', 'dso713', 'npedroarena', 'MeganWelker', 'nirajanrajkarnikar', 'agchen', 'elaning', 'jwalkowicz', 'yjchung87', 'csalfati', 'smartinez', 'lizziegwagner', 'jlim', 'mheller', 'glee', 'nraj', 'strinh', 'krutiparikh', 'w1lde1', 'rcc0320', 'tjm623', 'ehong', 'mlodriguito', 'ksiddall05', 'crb471', 'brockly91', 'nrosenbaum', 'amn307', 'lscott', 'alichtor', 'jmaya', 'cmoore', 'epollock', 'kpopovich', 'hknowlton89', 'syu', 'kluo', 'blovasik', 'daniel84', 'MrTwister5002', 'smcnulty', 'derekcftam', 'lbaumgarten', 'laquitab1', 'hshaikh', 'jratner', 'kkim0512', 'skrotseng', 'rlnevin', 'mlm197', 'ASHROFF', 'schoi', 'ctrigg', 'sglesmann', 'ppi282', 'mdw730', 'nlopez006', 'tamonoshimo', 'eschwartz', 'jstockton', 'yesmanandy3589', 'zalmquist', 'mjhuvard', 'cmuller', 'dash', 'srubinstein', 'ecastillo', 'kkraft', 'sbeymer', 'sbasore', 'pcappaert', 'cmho', 'rmason', 'actennis619', 'spyder255', 'susanmaz14', 'mstark', 'njohnson', 'elee', 'dgopinath', 'mromanelli', 'dgohr', 'dmitar1', 'kfrench', 'mnorko', 'kosuna', 'gsllcanas', 'wseyfarth', 'nta560', 'rcs394', 'ratatat', 'jheintz', 'plin1', 'oluna', 'ohnoitsmaria', 'jeassa', 'tim2paik', 'saraishack', 'alfredo2049', 'rghatnekar', 'tcn702', 'ogreen', 'jarkin', 'cjh818', 'Sasha10', 'msilliman', 'jcascarano', 'jb71788', 'clourgos', 'iogundeko', 'advorak0905', 'kgw477', 'ElozanoE', 'kkadela', 'tbeckmann', 'ejl486', 'ehickey', 'jzissman', 'hsosne', 'bhalloy', 'dredding', 'lryzhkova', 'rqian', 'nkramer', 'esimon', 'khelseth', 'soh', 'ikim', 'aarongale', 'belindagurl', 'rdeboer', 'mleaf', 'joellenornstein11', 'jto561', 'ewalker', 'kpederson', 'awestling', 'jtsang', 'pbaranwal', 'mgrewal', 'amk889', 'jdylik', 'are248', 'bbatlle', 'dlee1989', 'kkh253', 'bliu', 'klr705', 'lmg512', 'msugimoto', 'jay866', 'amphrosyne', 'dgrossheim', 'mechilders', 'iav650', 'conormac09', 'koala3miscarriage', 'kktsanes', 'lizzied', 'achakraborty', 'carican', 'Hellsing', 'jwg745', 'fyl708', 'ijn989', 'rsandy', 'hpo123', 'nritter', 'germanchiwawa', 'emencher', 'eaderby', 'samjemilo', 'klindenschmidt', 'dch944', 'jhaag', 'djm951', 'shong2', 'dtmartin', 'dki671', 'nibrahim', 'lmanus', 'ksirak', 'mison6', 'cwang1', 'briguy2007', 'kabraxis87', 'lwint', 'hhan326', 'sreddy', 'ykang', 'applevase', 'amcgrain', 'pshah', 'yuenca', 'hdean', 'cbaldino', 'lramachandran', 'smprts', 'ndekker', 'Giglegal1', 'rcrook', 'bobhenry33', 'lfigel', 'jsher', 'dubya01', 'rar228', 'zwittchow', 'rsk933', 'Boopus8', 'ronilshah619', 'abarrios', 'ncs802', 'abo598', 'Mdesjardins', 'agegios', 'asanghvi', 'edi827', 'r2087g', 'ccory', 'cmorris', 'jfc899', 'rkb226', 'nalex', 'rsingh', 'lokoth146', 'hfp747', 'jon2049', 'jmartinson', 'pmcauliffe', 'hauserb44', 'aliu77', 'mvollum', 'dmc109', 'samantha', 'ivg785', 'kgspears', 'mpark', 'anastasia05', 'ec359', 'lba239', 'cankisagun', 'mstep575', 'bkuhar', 'amyjia', 'awang', 'emd705', 'kms350', 'giglegal1', 'brado41']"
64,17,6,10,4,"['chs3869', 'gidwldl86', 'hisanta', 'dkttk4']",1,['qzhang1'],6,"['meteor1024', 'shalri', 'beahn87', 'lesjjang', 'cihee08', None]",11,"['qzhang1', 'meteor1024', 'shalri', 'gidwldl86', 'lesjjang', 'beahn87', None, 'dkttk4', 'cihee08', 'chs3869', 'hisanta']"
64,9,6,9,4,"['chs3869', 'gidwldl86', 'hisanta', 'dkttk4']",1,['qzhang1'],5,"['shalri', 'lesjjang', 'cihee08', None, 'yaniari']",10,"['qzhang1', 'shalri', 'gidwldl86', 'lesjjang', None, 'dkttk4', 'cihee08', 'chs3869', 'hisanta', 'yaniari']"
