MClusterID,XClusterID,MClusterSize,XClusterSize,OverlapSize,OverlapMembers,MOnlySize,MOnlyMembers,XOnlySize,XOnlyMembers,CombinedSize,CombinedMembers
1,90,390,383,378,"['tmw314', 'svs470', 'dpfeffer', 'bshorofsky', 'mac210', 'kknowles', 'cmj140', 'ledzep89', 'inaheaven', 'sshah', 'rzhan', 'rpang', 'aschwartz', 'hitehc', 'hle', 'veulo', 'enosal', 'rritger', 'ncc814', 'hsun', 'psnieder', 'amclain', 'adigianfilippo', 'chwang', 'mmurphy', 'benjaminli', 'trp786', 'gtillett2012', 'ciser', 'aholladay', 'bstasiak', 'nniles', 'cprovencal', 'sbenjamin', 'achen03', 'msledd', 'ejensler', 'mojserkis', 'ekavensky', 'cook3r', 'jboyle', 'rbarker', 'mhowell', 'hallke', 'wboulay', 'nisha89', 'khashiba', 'kli', 'wellsdm', 'zali', 'schow', 'tsa309', 'jfuller', 'epark', 'gracepeeler', 'masciutto', 'sepd22', 'rthompson', 'mmccoy', 'jgottesman', 'jsias', 'kfullin', 'skumar', 'mahimavijay', 'hpoints', 'gflocker', 'cky161', 'duranth', 'esayers', 'rtaff', 'ebifano', 'achu', 'aotieno', 'kgerstenschlager', 'rsanders', 'akushnir', 'runfree909', 'amorriscohen', 'rdory', 'bwalsh', 'aft294', 'mmeurice', 'ttang', 'liuz08', 'nlau', 'sjb364', 'raznaahmad', 'gullom', 'jcorash', 'sterrazas', 'dbaurer', 'ewolfish', 'ysun', 'mbloch', 'dobrien', 'knickele', 'razhar', 'mfernandez', 'jbay', 'ekudlaty', 'rcszabo', 'echang', 'halvorsonm', 'atsui', 'lscolaro', 'awald', 'btongson', 'blurie', 'aaronjonesey', 'omargutierrez8', 'npatel', 'tparida', 'agordon', 'cen25ter', 'lvalentino', 'tdavidov', 'ttobias', 'estampler', 'kdam', 'jyu', 'lfoley', 'tzhu', 'berickson', 'sschwartz', 'aseehra', 'eryan', 'jdoering', 'awong', 'derbs', 'npalmer', 'joshlee', 'trivers', 'cyoon', 'tpickerill', 'cmcguffin', 'kdimond', 'dmescher', 'tbenchoamrogers', 'nzessis', 'rzyer', 'arosenkranz', 'almaswimfreak06', 'irodriguez', 'chenn', 'jsalazar', 'hrussell', 'cbarrett', 'gpillai', 'tshenoy', 'vzahran', 'jmontejo', 'johnpaul', 'cdzeba', 'mpilecki', 'ecasano', 'tthomas', 'cberg', 'jthich', 'hosong', 'khooley', 'kledvora', 'bbarber', 'ohnoitsmaria', 'awatts', 'jachtyl', 'mgandhi', 'mleung', 'tsanusi', 'wmitzelfeld', 'jpirkey', 'sharrity', 'xiaoxu', 'alove', 'kwakeling', 'arazma', 'dkluger', 'kdriemeyer', 'csolares', 'amatsil', 'mfaliszek', 'jmilian', 'zwheeler', 'ddraper', 'borban', 'rparks', 'wfurness', 'usman2012', 'thoh13', 'japolinario', 'cmcelwrath', 'mtweet', 'edemarco', 'jgorrell', 'kbullen', 'thealy', 'mcwise', 'jebeard', 'ascheffel', 'benmackenzie', 'mabaker', 'mgajewsky', 'pweidner', 'bcw568', 'mchou', 'jcavanaugh', 'wylee', 'con863', 'kkahle', 'dbieranoski', 'jguerrieri', 'psseshadri', 'mgiannetto', 'nrieser', 'jjo', 'rhund', 'mcavanaugh', 'afefferman', 'jwalsh', 'aretson', 'jch973', 'kpovod', 'jgu506', 'dmacanas', 'jwen', 'eemartinez', 'dboe', 'dwu417', 'yni', 'abhandari', 'cmoran', 'sraju1', 'ahaynie', 'bvu', 'kold1', 'ekoru', 'glewis07', 'jbarnes', 'psexton', 'clee12', 'eglass', 'slhatch', 'dwainwright', 'sbhowmick', 'amorgan', 'trockers', 'aelsaeed', 'bbecker', 'cmiller', 'rcassidy', 'pacuna', 'mcousins', 'fmalik', 'ahobaugh', 'tkim', 'astewart', 'enyatepecoo', 'chicken1214', 'ckarras', 'scytryn', 'lstrelec', 'mehritt', 'scollins8', 'mbaker', 'kbjorkman07', 'lwint', 'akahn', 'nkappler', 'claytonbrengman2012', 'mcarson', 'mattaar', 'prozach0805', 'gmurdoch', 'gabgirl24', 'jmadsen', 'majestyk', 'srw762', 'redwards', 'mherschfeld', 'ekourakos', 'mcajigas', 'cberhorst', 'mliew', 'ykang', 'lredden', 'pmohan', 'bgojer', 'abaleanu', 'adamosborne2009', 'dkim0406', 'bhvide', 'kswonger', 'npizzolato', 'zjoachim', 'rashmis', 'vdopker', 'cpeng', 'jkulesa', 'kelley08', 'akrishnan', 'rgonzales', 'darcyrahming', 'whiteboyy', 'jmontoya', 'lfeig', 'mkang', 'azuzelo', 'regit627', 'robertellis2012', 'mgeltz', 'yzhu90', 'aberens', 'nkim', 'skhalid', 'mhyre0605', 'igolbin', 'fvirani', 'jkang', 'bwilliams', 'bwright', 'ccallahan', 'rcollier', 'jmiller', 'readman1223', 'amodtimalsina', 'mspaic', 'laurie521', 'rmunjal', 'wqiao13', 'mwhitehill', 'mrfriskylemur', 'abeebe', 'kodonnell', 'bathans', 'skellert', 'nshand', 'aschroeder', 'jchung', 'mbabalooee', 'olegkord', 'kmb562', 'stheodossiou', 'elysefretz', 'sshin', 'mbartnovsky', 'a_pope', 'elucks', 'lhemenetz', 'jcook', 'abeyt', 'kchu', 'catcarr10', 'mrovner', 'soneill', 'iloveham90', 'dwhitehead', 'paulyim1', 'lpree', 'mlux', 'bellis', 'smshim', 'jilopez', 'tkoegel', 'mstull', 'mdornbusch', 'afraum', 'tbrockly', 'moni484', 'anne8683', 'soh', 'pkpark', 'cckhor', 'lli', 'kheidtman', 'sstephens', 'dangallegos', 'sschmidt', 'smalin', 'enuila']",12,"['pretenderjl', 'iramer', 'jhennek', 'yukim', 'lekreno', 'dnagel', 'vqv226', 'jseehra', 'jlafreniere', 'jskinner', 'magmurph', 'amunre']",5,"['bsautt1', 'cmihalache', 'mdsonnta', 'mlodriguito', 'sew896']",395,"['tmw314', 'svs470', 'dpfeffer', 'mdsonnta', 'bshorofsky', 'mac210', 'kknowles', 'cmj140', 'ledzep89', 'inaheaven', 'sshah', 'rzhan', 'rpang', 'hitehc', 'aschwartz', 'hle', 'veulo', 'enosal', 'ncc814', 'rritger', 'hsun', 'psnieder', 'amclain', 'adigianfilippo', 'chwang', 'mmurphy', 'benjaminli', 'trp786', 'gtillett2012', 'ciser', 'aholladay', 'bstasiak', 'nniles', 'cprovencal', 'sbenjamin', 'achen03', 'msledd', 'ejensler', 'mojserkis', 'ekavensky', 'cook3r', 'jboyle', 'rbarker', 'mhowell', 'hallke', 'wboulay', 'sew896', 'nisha89', 'khashiba', 'kli', 'vqv226', 'wellsdm', 'zali', 'schow', 'tsa309', 'jfuller', 'gracepeeler', 'epark', 'masciutto', 'sepd22', 'rthompson', 'mmccoy', 'jgottesman', 'jsias', 'kfullin', 'skumar', 'mahimavijay', 'hpoints', 'gflocker', 'iramer', 'cky161', 'duranth', 'esayers', 'rtaff', 'ebifano', 'achu', 'aotieno', 'kgerstenschlager', 'rsanders', 'akushnir', 'runfree909', 'amorriscohen', 'rdory', 'bwalsh', 'aft294', 'mmeurice', 'ttang', 'liuz08', 'nlau', 'sjb364', 'raznaahmad', 'gullom', 'amunre', 'jcorash', 'sterrazas', 'dbaurer', 'ewolfish', 'ysun', 'mbloch', 'bsautt1', 'dobrien', 'knickele', 'razhar', 'mfernandez', 'jbay', 'ekudlaty', 'rcszabo', 'echang', 'halvorsonm', 'atsui', 'lscolaro', 'awald', 'btongson', 'blurie', 'aaronjonesey', 'omargutierrez8', 'npatel', 'tparida', 'agordon', 'cen25ter', 'lvalentino', 'tdavidov', 'ttobias', 'estampler', 'kdam', 'jyu', 'lfoley', 'tzhu', 'berickson', 'sschwartz', 'aseehra', 'eryan', 'jdoering', 'awong', 'derbs', 'npalmer', 'joshlee', 'yukim', 'trivers', 'cyoon', 'tpickerill', 'cmcguffin', 'kdimond', 'lekreno', 'dmescher', 'tbenchoamrogers', 'nzessis', 'rzyer', 'arosenkranz', 'almaswimfreak06', 'irodriguez', 'chenn', 'jsalazar', 'hrussell', 'cbarrett', 'gpillai', 'tshenoy', 'vzahran', 'jmontejo', 'johnpaul', 'cdzeba', 'mpilecki', 'ecasano', 'tthomas', 'cberg', 'jthich', 'hosong', 'khooley', 'kledvora', 'bbarber', 'jskinner', 'ohnoitsmaria', 'awatts', 'jachtyl', 'mgandhi', 'mleung', 'tsanusi', 'wmitzelfeld', 'jpirkey', 'sharrity', 'xiaoxu', 'alove', 'kwakeling', 'arazma', 'dkluger', 'kdriemeyer', 'csolares', 'amatsil', 'mfaliszek', 'jmilian', 'zwheeler', 'ddraper', 'borban', 'rparks', 'wfurness', 'usman2012', 'thoh13', 'japolinario', 'cmcelwrath', 'mtweet', 'edemarco', 'jgorrell', 'kbullen', 'thealy', 'mcwise', 'jebeard', 'ascheffel', 'benmackenzie', 'mabaker', 'mgajewsky', 'pweidner', 'bcw568', 'mchou', 'jcavanaugh', 'con863', 'wylee', 'kkahle', 'dbieranoski', 'jguerrieri', 'psseshadri', 'mgiannetto', 'nrieser', 'jjo', 'rhund', 'magmurph', 'mcavanaugh', 'afefferman', 'jwalsh', 'aretson', 'kpovod', 'jch973', 'jgu506', 'dmacanas', 'jwen', 'eemartinez', 'dboe', 'dwu417', 'yni', 'abhandari', 'cmoran', 'sraju1', 'ahaynie', 'bvu', 'kold1', 'ekoru', 'glewis07', 'jbarnes', 'psexton', 'clee12', 'eglass', 'slhatch', 'dwainwright', 'sbhowmick', 'amorgan', 'trockers', 'aelsaeed', 'bbecker', 'cmiller', 'rcassidy', 'pacuna', 'mcousins', 'fmalik', 'ahobaugh', 'tkim', 'enyatepecoo', 'astewart', 'dnagel', 'chicken1214', 'ckarras', 'scytryn', 'lstrelec', 'mehritt', 'scollins8', 'kbjorkman07', 'mbaker', 'lwint', 'claytonbrengman2012', 'nkappler', 'akahn', 'mcarson', 'mattaar', 'jseehra', 'gmurdoch', 'prozach0805', 'gabgirl24', 'jmadsen', 'majestyk', 'srw762', 'redwards', 'mherschfeld', 'ekourakos', 'mlodriguito', 'mliew', 'mcajigas', 'cberhorst', 'ykang', 'lredden', 'pmohan', 'bgojer', 'abaleanu', 'adamosborne2009', 'dkim0406', 'bhvide', 'kswonger', 'npizzolato', 'zjoachim', 'rashmis', 'vdopker', 'cpeng', 'jkulesa', 'kelley08', 'rgonzales', 'akrishnan', 'darcyrahming', 'whiteboyy', 'jmontoya', 'lfeig', 'mkang', 'azuzelo', 'regit627', 'robertellis2012', 'mgeltz', 'yzhu90', 'aberens', 'nkim', 'skhalid', 'mhyre0605', 'igolbin', 'fvirani', 'jkang', 'bwilliams', 'bwright', 'ccallahan', 'rcollier', 'jmiller', 'readman1223', 'amodtimalsina', 'mspaic', 'laurie521', 'rmunjal', 'wqiao13', 'mwhitehill', 'mrfriskylemur', 'abeebe', 'kodonnell', 'jhennek', 'cmihalache', 'bathans', 'skellert', 'nshand', 'aschroeder', 'jchung', 'mbabalooee', 'olegkord', 'kmb562', 'stheodossiou', 'elysefretz', 'sshin', 'mbartnovsky', 'a_pope', 'elucks', 'jcook', 'kchu', 'abeyt', 'lhemenetz', 'catcarr10', 'mrovner', 'soneill', 'iloveham90', 'dwhitehead', 'paulyim1', 'lpree', 'mlux', 'bellis', 'smshim', 'jilopez', 'tkoegel', 'mstull', 'mdornbusch', 'pretenderjl', 'afraum', 'tbrockly', 'moni484', 'soh', 'anne8683', 'pkpark', 'cckhor', 'lli', 'kheidtman', 'sstephens', 'dangallegos', 'sschmidt', 'jlafreniere', 'smalin', 'enuila']"
1,21,390,295,273,"['tmw314', 'kdriemeyer', 'akahn', 'lwint', 'csolares', 'nkappler', 'sterrazas', 'mcarson', 'claytonbrengman2012', 'dbaurer', 'amatsil', 'mfaliszek', 'mattaar', 'ewolfish', 'ysun', 'zwheeler', 'mac210', 'kknowles', 'dobrien', 'wfurness', 'gabgirl24', 'cmj140', 'ledzep89', 'inaheaven', 'jmadsen', 'knickele', 'majestyk', 'srw762', 'redwards', 'mherschfeld', 'cberhorst', 'japolinario', 'mliew', 'mfernandez', 'ykang', 'rzhan', 'cmcelwrath', 'rpang', 'lredden', 'aschwartz', 'mtweet', 'hitehc', 'hle', 'pmohan', 'ekudlaty', 'bgojer', 'veulo', 'abaleanu', 'jgorrell', 'enosal', 'ncc814', 'kbullen', 'rritger', 'halvorsonm', 'dkim0406', 'thealy', 'atsui', 'mcwise', 'lscolaro', 'jebeard', 'awald', 'hsun', 'bhvide', 'ascheffel', 'benmackenzie', 'btongson', 'mabaker', 'mgajewsky', 'blurie', 'pweidner', 'aaronjonesey', 'npizzolato', 'zjoachim', 'amclain', 'rashmis', 'omargutierrez8', 'jkulesa', 'mmurphy', 'mchou', 'jcavanaugh', 'gtillett2012', 'wylee', 'con863', 'agordon', 'kkahle', 'ciser', 'aholladay', 'bstasiak', 'nniles', 'lvalentino', 'akrishnan', 'cprovencal', 'dbieranoski', 'jguerrieri', 'psseshadri', 'jmontoya', 'lfeig', 'mkang', 'nrieser', 'achen03', 'kdam', 'jjo', 'azuzelo', 'msledd', 'regit627', 'jyu', 'robertellis2012', 'lfoley', 'mgeltz', 'tzhu', 'yzhu90', 'mojserkis', 'berickson', 'nkim', 'sschwartz', 'aseehra', 'eryan', 'mhyre0605', 'rhund', 'igolbin', 'cook3r', 'jdoering', 'mcavanaugh', 'afefferman', 'awong', 'jwalsh', 'derbs', 'rbarker', 'aretson', 'jkang', 'kpovod', 'bwright', 'hallke', 'jgu506', 'wboulay', 'ccallahan', 'rcollier', 'jmiller', 'readman1223', 'dmacanas', 'khashiba', 'amodtimalsina', 'jwen', 'eemartinez', 'mspaic', 'laurie521', 'joshlee', 'kli', 'yukim', 'dboe', 'trivers', 'cyoon', 'vqv226', 'rmunjal', 'yni', 'abhandari', 'cmcguffin', 'cmoran', 'mwhitehill', 'abeebe', 'kodonnell', 'jhennek', 'zali', 'schow', 'bathans', 'kold1', 'skellert', 'aschroeder', 'tsa309', 'glewis07', 'epark', 'dmescher', 'tbenchoamrogers', 'jbarnes', 'sepd22', 'rthompson', 'jchung', 'psexton', 'mbabalooee', 'clee12', 'olegkord', 'nzessis', 'rzyer', 'kmb562', 'stheodossiou', 'eglass', 'mmccoy', 'sshin', 'jgottesman', 'elucks', 'lhemenetz', 'kchu', 'abeyt', 'slhatch', 'arosenkranz', 'almaswimfreak06', 'irodriguez', 'jsias', 'kfullin', 'skumar', 'jsalazar', 'dwainwright', 'sbhowmick', 'catcarr10', 'hrussell', 'soneill', 'amorgan', 'iloveham90', 'gpillai', 'mahimavijay', 'hpoints', 'aelsaeed', 'tshenoy', 'bbecker', 'gflocker', 'dwhitehead', 'iramer', 'vzahran', 'cky161', 'duranth', 'esayers', 'cmiller', 'paulyim1', 'jmontejo', 'mlux', 'rcassidy', 'cdzeba', 'ebifano', 'ecasano', 'tthomas', 'smshim', 'achu', 'jilopez', 'aotieno', 'jthich', 'khooley', 'kledvora', 'tkoegel', 'mstull', 'jskinner', 'amorriscohen', 'mcousins', 'ohnoitsmaria', 'mdornbusch', 'ahobaugh', 'rdory', 'tkim', 'awatts', 'bwalsh', 'aft294', 'dnagel', 'mmeurice', 'afraum', 'tbrockly', 'chicken1214', 'ckarras', 'anne8683', 'soh', 'tsanusi', 'mbaker', 'wmitzelfeld', 'pkpark', 'sharrity', 'xiaoxu', 'sjb364', 'cckhor', 'sstephens', 'jlafreniere', 'scollins8', 'smalin', 'amunre', 'arazma', 'dkluger']",117,"['svs470', 'dpfeffer', 'jmilian', 'jseehra', 'bshorofsky', 'ddraper', 'mbloch', 'borban', 'gmurdoch', 'prozach0805', 'rparks', 'usman2012', 'razhar', 'sshah', 'thoh13', 'ekourakos', 'mcajigas', 'jbay', 'edemarco', 'rcszabo', 'echang', 'adamosborne2009', 'psnieder', 'kswonger', 'bcw568', 'adigianfilippo', 'chwang', 'vdopker', 'cpeng', 'kelley08', 'benjaminli', 'trp786', 'npatel', 'tparida', 'cen25ter', 'rgonzales', 'darcyrahming', 'whiteboyy', 'tdavidov', 'ttobias', 'mgiannetto', 'estampler', 'sbenjamin', 'ejensler', 'ekavensky', 'aberens', 'skhalid', 'magmurph', 'jboyle', 'fvirani', 'enuila', 'npalmer', 'jch973', 'mhowell', 'bwilliams', 'nisha89', 'dwu417', 'wellsdm', 'tpickerill', 'wqiao13', 'sraju1', 'mrfriskylemur', 'kdimond', 'ahaynie', 'bvu', 'lekreno', 'nshand', 'ekoru', 'jfuller', 'gracepeeler', 'masciutto', 'elysefretz', 'mbartnovsky', 'a_pope', 'jcook', 'chenn', 'mrovner', 'cbarrett', 'trockers', 'lpree', 'johnpaul', 'rtaff', 'bellis', 'mpilecki', 'cberg', 'pacuna', 'hosong', 'kgerstenschlager', 'rsanders', 'bbarber', 'akushnir', 'runfree909', 'fmalik', 'pretenderjl', 'enyatepecoo', 'jachtyl', 'astewart', 'mgandhi', 'ttang', 'moni484', 'liuz08', 'mleung', 'jpirkey', 'scytryn', 'nlau', 'lstrelec', 'lli', 'alove', 'kwakeling', 'kheidtman', 'raznaahmad', 'dangallegos', 'gullom', 'mehritt', 'sschmidt', 'kbjorkman07', 'jcorash']",22,"['kcooper', 'hrichards', 'madsciencetist', 'darbychild', 'sconnell2010', 'mdsonnta', 'jkastan', 'cmihalache', 'midnightkitty2', 'gkim314', 'jpanhans', 'sgojer', 'danderson4', 'lfraust9', 'rwinnegar27', None, 'mindovermattr17', 'miarose', 'davidgabriel', 'abakken', 'sew896', 'faithboman']",412,"['tmw314', 'svs470', 'dpfeffer', 'mdsonnta', 'bshorofsky', 'mac210', 'kknowles', 'midnightkitty2', 'cmj140', 'ledzep89', 'inaheaven', 'sshah', 'rzhan', 'rpang', 'hitehc', 'aschwartz', 'hle', 'veulo', 'enosal', 'ncc814', 'rritger', 'abakken', 'hsun', 'psnieder', 'amclain', 'adigianfilippo', 'chwang', 'madsciencetist', 'mmurphy', 'benjaminli', 'trp786', 'gtillett2012', 'ciser', 'aholladay', 'bstasiak', 'nniles', 'cprovencal', 'sgojer', 'sbenjamin', 'achen03', 'msledd', 'ejensler', 'mojserkis', 'ekavensky', 'cook3r', 'jboyle', 'rbarker', 'mhowell', 'hallke', 'wboulay', 'sew896', 'nisha89', 'khashiba', 'kli', 'vqv226', 'wellsdm', 'zali', 'schow', 'tsa309', 'jfuller', 'danderson4', 'gracepeeler', 'epark', 'masciutto', 'sepd22', 'rthompson', 'mmccoy', 'rwinnegar27', 'jgottesman', 'jsias', 'kfullin', 'skumar', 'mahimavijay', 'hpoints', 'gflocker', 'iramer', 'cky161', 'duranth', 'esayers', 'rtaff', 'ebifano', 'achu', 'aotieno', 'kgerstenschlager', 'rsanders', 'akushnir', 'runfree909', 'amorriscohen', 'rdory', 'bwalsh', 'aft294', 'mmeurice', 'ttang', 'liuz08', 'nlau', 'sjb364', 'raznaahmad', 'gullom', 'amunre', 'jcorash', 'sterrazas', 'dbaurer', 'ewolfish', 'ysun', 'mbloch', 'dobrien', 'knickele', 'razhar', 'mfernandez', 'jbay', 'ekudlaty', 'rcszabo', 'echang', 'halvorsonm', 'atsui', 'lscolaro', 'awald', 'btongson', 'blurie', 'aaronjonesey', 'omargutierrez8', 'npatel', 'tparida', 'agordon', 'cen25ter', 'lvalentino', 'tdavidov', 'ttobias', 'estampler', 'kdam', 'jyu', 'lfoley', 'tzhu', 'berickson', 'sschwartz', 'aseehra', 'eryan', 'jdoering', 'awong', 'derbs', 'npalmer', 'joshlee', 'yukim', 'trivers', 'cyoon', 'tpickerill', 'cmcguffin', 'kdimond', 'lekreno', 'dmescher', 'tbenchoamrogers', 'nzessis', 'rzyer', 'lfraust9', 'arosenkranz', 'almaswimfreak06', 'irodriguez', 'chenn', 'jsalazar', 'hrussell', 'cbarrett', 'gpillai', 'tshenoy', 'vzahran', 'jmontejo', 'johnpaul', 'cdzeba', 'mpilecki', 'ecasano', 'tthomas', 'cberg', 'jthich', 'hosong', 'khooley', 'kledvora', 'bbarber', 'jskinner', 'ohnoitsmaria', 'awatts', 'jachtyl', 'mgandhi', 'mleung', 'tsanusi', 'wmitzelfeld', None, 'jpirkey', 'sharrity', 'xiaoxu', 'alove', 'kwakeling', 'arazma', 'dkluger', 'kdriemeyer', 'csolares', 'amatsil', 'mfaliszek', 'jmilian', 'zwheeler', 'ddraper', 'borban', 'rparks', 'wfurness', 'usman2012', 'thoh13', 'japolinario', 'cmcelwrath', 'mtweet', 'edemarco', 'jgorrell', 'kbullen', 'miarose', 'davidgabriel', 'thealy', 'mcwise', 'jebeard', 'ascheffel', 'benmackenzie', 'mabaker', 'mgajewsky', 'faithboman', 'pweidner', 'bcw568', 'mchou', 'jcavanaugh', 'con863', 'wylee', 'kkahle', 'dbieranoski', 'jguerrieri', 'psseshadri', 'mgiannetto', 'nrieser', 'jjo', 'rhund', 'magmurph', 'mcavanaugh', 'afefferman', 'jwalsh', 'aretson', 'kpovod', 'jch973', 'jgu506', 'sconnell2010', 'dmacanas', 'jwen', 'eemartinez', 'dboe', 'dwu417', 'yni', 'abhandari', 'cmoran', 'sraju1', 'ahaynie', 'bvu', 'kold1', 'ekoru', 'glewis07', 'jbarnes', 'psexton', 'clee12', 'eglass', 'slhatch', 'dwainwright', 'sbhowmick', 'amorgan', 'trockers', 'aelsaeed', 'bbecker', 'kcooper', 'cmiller', 'rcassidy', 'pacuna', 'mcousins', 'fmalik', 'ahobaugh', 'tkim', 'enyatepecoo', 'astewart', 'dnagel', 'chicken1214', 'ckarras', 'scytryn', 'lstrelec', 'mehritt', 'scollins8', 'kbjorkman07', 'mbaker', 'lwint', 'claytonbrengman2012', 'nkappler', 'akahn', 'mcarson', 'mattaar', 'jseehra', 'gmurdoch', 'prozach0805', 'gabgirl24', 'jmadsen', 'majestyk', 'srw762', 'redwards', 'mherschfeld', 'jpanhans', 'ekourakos', 'mliew', 'mcajigas', 'cberhorst', 'ykang', 'lredden', 'pmohan', 'bgojer', 'abaleanu', 'adamosborne2009', 'dkim0406', 'bhvide', 'kswonger', 'hrichards', 'npizzolato', 'zjoachim', 'rashmis', 'vdopker', 'cpeng', 'jkulesa', 'kelley08', 'rgonzales', 'akrishnan', 'darcyrahming', 'whiteboyy', 'jmontoya', 'lfeig', 'mkang', 'azuzelo', 'regit627', 'robertellis2012', 'mgeltz', 'yzhu90', 'aberens', 'nkim', 'skhalid', 'mhyre0605', 'igolbin', 'mindovermattr17', 'fvirani', 'jkang', 'bwilliams', 'bwright', 'ccallahan', 'rcollier', 'jmiller', 'readman1223', 'amodtimalsina', 'mspaic', 'laurie521', 'darbychild', 'rmunjal', 'wqiao13', 'mwhitehill', 'mrfriskylemur', 'abeebe', 'kodonnell', 'jhennek', 'jkastan', 'cmihalache', 'bathans', 'skellert', 'nshand', 'aschroeder', 'jchung', 'mbabalooee', 'olegkord', 'kmb562', 'stheodossiou', 'elysefretz', 'sshin', 'mbartnovsky', 'a_pope', 'elucks', 'jcook', 'kchu', 'abeyt', 'lhemenetz', 'catcarr10', 'mrovner', 'soneill', 'iloveham90', 'dwhitehead', 'paulyim1', 'lpree', 'mlux', 'bellis', 'smshim', 'jilopez', 'tkoegel', 'gkim314', 'mstull', 'mdornbusch', 'pretenderjl', 'afraum', 'tbrockly', 'moni484', 'soh', 'anne8683', 'pkpark', 'cckhor', 'lli', 'kheidtman', 'sstephens', 'dangallegos', 'sschmidt', 'jlafreniere', 'smalin', 'enuila']"
1,57,390,292,277,"['tmw314', 'sterrazas', 'kdriemeyer', 'akahn', 'csolares', 'nkappler', 'claytonbrengman2012', 'dbaurer', 'mattaar', 'amatsil', 'mfaliszek', 'ewolfish', 'jmilian', 'ysun', 'zwheeler', 'mac210', 'mbloch', 'borban', 'kknowles', 'gabgirl24', 'wfurness', 'jmadsen', 'cmj140', 'ledzep89', 'usman2012', 'inaheaven', 'knickele', 'majestyk', 'srw762', 'redwards', 'razhar', 'mherschfeld', 'thoh13', 'sshah', 'mcajigas', 'japolinario', 'cberhorst', 'ykang', 'cmcelwrath', 'rpang', 'rzhan', 'lredden', 'aschwartz', 'mtweet', 'hitehc', 'hle', 'pmohan', 'ekudlaty', 'bgojer', 'abaleanu', 'jgorrell', 'enosal', 'ncc814', 'kbullen', 'rritger', 'halvorsonm', 'dkim0406', 'thealy', 'atsui', 'mcwise', 'lscolaro', 'jebeard', 'awald', 'hsun', 'bhvide', 'ascheffel', 'benmackenzie', 'mabaker', 'psnieder', 'blurie', 'pweidner', 'kswonger', 'aaronjonesey', 'npizzolato', 'zjoachim', 'amclain', 'rashmis', 'chwang', 'vdopker', 'omargutierrez8', 'cpeng', 'mmurphy', 'mchou', 'jkulesa', 'jcavanaugh', 'kelley08', 'gtillett2012', 'wylee', 'con863', 'kkahle', 'cen25ter', 'aholladay', 'nniles', 'lvalentino', 'akrishnan', 'cprovencal', 'dbieranoski', 'darcyrahming', 'jguerrieri', 'psseshadri', 'ttobias', 'jmontoya', 'nrieser', 'achen03', 'azuzelo', 'jjo', 'regit627', 'msledd', 'jyu', 'kdam', 'mgeltz', 'ejensler', 'tzhu', 'yzhu90', 'aberens', 'berickson', 'nkim', 'sschwartz', 'aseehra', 'mhyre0605', 'rhund', 'igolbin', 'cook3r', 'jdoering', 'mcavanaugh', 'afefferman', 'awong', 'jwalsh', 'derbs', 'rbarker', 'fvirani', 'jkang', 'jch973', 'mhowell', 'kpovod', 'bwilliams', 'jgu506', 'bwright', 'wboulay', 'ccallahan', 'rcollier', 'amunre', 'jmiller', 'readman1223', 'dmacanas', 'khashiba', 'mspaic', 'jwen', 'eemartinez', 'joshlee', 'kli', 'yukim', 'dboe', 'trivers', 'rmunjal', 'yni', 'abhandari', 'tpickerill', 'cmoran', 'cmcguffin', 'wqiao13', 'mrfriskylemur', 'abeebe', 'kdimond', 'zali', 'schow', 'bathans', 'nshand', 'ekoru', 'aschroeder', 'tsa309', 'glewis07', 'epark', 'dmescher', 'tbenchoamrogers', 'jbarnes', 'sepd22', 'rthompson', 'jchung', 'psexton', 'mbabalooee', 'clee12', 'olegkord', 'nzessis', 'kmb562', 'eglass', 'sshin', 'mbartnovsky', 'jgottesman', 'a_pope', 'lhemenetz', 'kchu', 'abeyt', 'slhatch', 'arosenkranz', 'almaswimfreak06', 'irodriguez', 'jsias', 'kfullin', 'skumar', 'jsalazar', 'dwainwright', 'sbhowmick', 'hrussell', 'soneill', 'amorgan', 'iloveham90', 'gpillai', 'mahimavijay', 'hpoints', 'trockers', 'aelsaeed', 'tshenoy', 'bbecker', 'gflocker', 'dwhitehead', 'iramer', 'vzahran', 'duranth', 'esayers', 'cmiller', 'lpree', 'rcassidy', 'cdzeba', 'ebifano', 'mpilecki', 'ecasano', 'tthomas', 'smshim', 'achu', 'pacuna', 'jthich', 'hosong', 'khooley', 'kledvora', 'rsanders', 'tkoegel', 'mstull', 'jskinner', 'runfree909', 'mcousins', 'ohnoitsmaria', 'mdornbusch', 'ahobaugh', 'rdory', 'tkim', 'enyatepecoo', 'mgandhi', 'dnagel', 'mmeurice', 'ttang', 'afraum', 'chicken1214', 'tbrockly', 'ckarras', 'liuz08', 'soh', 'tsanusi', 'mbaker', 'wmitzelfeld', 'pkpark', 'sharrity', 'scytryn', 'xiaoxu', 'nlau', 'sjb364', 'cckhor', 'lli', 'dangallegos', 'mehritt', 'scollins8', 'sschmidt', 'jlafreniere', 'smalin', 'enuila', 'arazma', 'dkluger']",113,"['lwint', 'mcarson', 'svs470', 'dpfeffer', 'jseehra', 'bshorofsky', 'ddraper', 'gmurdoch', 'prozach0805', 'rparks', 'dobrien', 'ekourakos', 'mliew', 'mfernandez', 'jbay', 'edemarco', 'rcszabo', 'echang', 'veulo', 'adamosborne2009', 'btongson', 'mgajewsky', 'bcw568', 'adigianfilippo', 'benjaminli', 'trp786', 'npatel', 'tparida', 'agordon', 'ciser', 'bstasiak', 'rgonzales', 'whiteboyy', 'tdavidov', 'mgiannetto', 'estampler', 'lfeig', 'sbenjamin', 'mkang', 'robertellis2012', 'lfoley', 'mojserkis', 'ekavensky', 'eryan', 'skhalid', 'magmurph', 'jboyle', 'aretson', 'npalmer', 'hallke', 'nisha89', 'amodtimalsina', 'laurie521', 'dwu417', 'cyoon', 'vqv226', 'wellsdm', 'mwhitehill', 'sraju1', 'ahaynie', 'kodonnell', 'jhennek', 'bvu', 'kold1', 'lekreno', 'skellert', 'jfuller', 'gracepeeler', 'masciutto', 'rzyer', 'stheodossiou', 'elysefretz', 'mmccoy', 'elucks', 'jcook', 'chenn', 'catcarr10', 'mrovner', 'cbarrett', 'cky161', 'jmontejo', 'paulyim1', 'mlux', 'johnpaul', 'rtaff', 'bellis', 'cberg', 'jilopez', 'aotieno', 'kgerstenschlager', 'bbarber', 'akushnir', 'amorriscohen', 'fmalik', 'awatts', 'pretenderjl', 'astewart', 'jachtyl', 'bwalsh', 'aft294', 'moni484', 'anne8683', 'mleung', 'jpirkey', 'lstrelec', 'alove', 'kwakeling', 'kheidtman', 'raznaahmad', 'sstephens', 'gullom', 'kbjorkman07', 'jcorash']",15,"['bigbee15', 'sml257', 'cmihalache', None, 'chanyxp', 'mdsonnta', 'ekav', 'jpanhans', 'maffi', 'danderson4', 'ndeiters', 'dwalco', 'sew896', 'alberthong', 'lvalentino1']",405,"['tmw314', 'svs470', 'dpfeffer', 'mdsonnta', 'bshorofsky', 'mac210', 'kknowles', 'cmj140', 'ledzep89', 'inaheaven', 'sshah', 'rzhan', 'rpang', 'hitehc', 'aschwartz', 'hle', 'veulo', 'enosal', 'ncc814', 'rritger', 'hsun', 'psnieder', 'amclain', 'adigianfilippo', 'chwang', 'mmurphy', 'benjaminli', 'trp786', 'gtillett2012', 'ciser', 'aholladay', 'bstasiak', 'nniles', 'cprovencal', 'sbenjamin', 'achen03', 'msledd', 'ejensler', 'mojserkis', 'ekavensky', 'cook3r', 'jboyle', 'rbarker', 'mhowell', 'hallke', 'wboulay', 'sew896', 'nisha89', 'khashiba', 'kli', 'vqv226', 'wellsdm', 'zali', 'schow', 'tsa309', 'jfuller', 'danderson4', 'gracepeeler', 'epark', 'masciutto', 'sepd22', 'rthompson', 'mmccoy', 'jgottesman', 'jsias', 'kfullin', 'skumar', 'mahimavijay', 'hpoints', 'gflocker', 'iramer', 'cky161', 'duranth', 'esayers', 'rtaff', 'ebifano', 'achu', 'aotieno', 'kgerstenschlager', 'rsanders', 'akushnir', 'runfree909', 'amorriscohen', 'rdory', 'sml257', 'bwalsh', 'aft294', 'mmeurice', 'ttang', 'liuz08', 'nlau', 'sjb364', 'raznaahmad', 'gullom', 'amunre', 'jcorash', 'bigbee15', 'sterrazas', 'dbaurer', 'ewolfish', 'ysun', 'mbloch', 'dobrien', 'knickele', 'razhar', 'mfernandez', 'jbay', 'ekudlaty', 'rcszabo', 'echang', 'halvorsonm', 'atsui', 'lscolaro', 'awald', 'btongson', 'blurie', 'aaronjonesey', 'omargutierrez8', 'npatel', 'tparida', 'agordon', 'cen25ter', 'lvalentino', 'tdavidov', 'ttobias', 'estampler', 'kdam', 'jyu', 'dwalco', 'lfoley', 'tzhu', 'berickson', 'sschwartz', 'aseehra', 'eryan', 'jdoering', 'awong', 'derbs', 'npalmer', 'joshlee', 'yukim', 'trivers', 'cyoon', 'tpickerill', 'cmcguffin', 'kdimond', 'lekreno', 'dmescher', 'tbenchoamrogers', 'nzessis', 'rzyer', 'arosenkranz', 'almaswimfreak06', 'irodriguez', 'chenn', 'jsalazar', 'hrussell', 'cbarrett', 'gpillai', 'ndeiters', 'tshenoy', 'vzahran', 'jmontejo', 'johnpaul', 'cdzeba', 'mpilecki', 'ecasano', 'tthomas', 'cberg', 'jthich', 'hosong', 'khooley', 'kledvora', 'bbarber', 'jskinner', 'ohnoitsmaria', 'awatts', 'jachtyl', 'mgandhi', 'mleung', 'tsanusi', 'wmitzelfeld', None, 'jpirkey', 'sharrity', 'xiaoxu', 'alove', 'kwakeling', 'arazma', 'dkluger', 'kdriemeyer', 'csolares', 'amatsil', 'mfaliszek', 'jmilian', 'zwheeler', 'ddraper', 'borban', 'rparks', 'wfurness', 'usman2012', 'thoh13', 'japolinario', 'cmcelwrath', 'mtweet', 'edemarco', 'jgorrell', 'kbullen', 'thealy', 'mcwise', 'jebeard', 'ascheffel', 'benmackenzie', 'mabaker', 'mgajewsky', 'pweidner', 'bcw568', 'mchou', 'jcavanaugh', 'con863', 'wylee', 'kkahle', 'lvalentino1', 'dbieranoski', 'jguerrieri', 'psseshadri', 'mgiannetto', 'nrieser', 'jjo', 'alberthong', 'ekav', 'rhund', 'magmurph', 'mcavanaugh', 'afefferman', 'jwalsh', 'aretson', 'kpovod', 'jch973', 'jgu506', 'dmacanas', 'jwen', 'eemartinez', 'dboe', 'dwu417', 'yni', 'abhandari', 'cmoran', 'sraju1', 'ahaynie', 'bvu', 'kold1', 'ekoru', 'glewis07', 'jbarnes', 'psexton', 'clee12', 'eglass', 'slhatch', 'dwainwright', 'sbhowmick', 'amorgan', 'trockers', 'aelsaeed', 'bbecker', 'cmiller', 'rcassidy', 'pacuna', 'mcousins', 'fmalik', 'ahobaugh', 'tkim', 'enyatepecoo', 'astewart', 'dnagel', 'chanyxp', 'chicken1214', 'ckarras', 'scytryn', 'lstrelec', 'maffi', 'mehritt', 'scollins8', 'kbjorkman07', 'mbaker', 'lwint', 'claytonbrengman2012', 'nkappler', 'akahn', 'mcarson', 'mattaar', 'jseehra', 'gmurdoch', 'prozach0805', 'gabgirl24', 'jmadsen', 'majestyk', 'srw762', 'redwards', 'mherschfeld', 'jpanhans', 'ekourakos', 'mliew', 'mcajigas', 'cberhorst', 'ykang', 'lredden', 'pmohan', 'bgojer', 'abaleanu', 'adamosborne2009', 'dkim0406', 'bhvide', 'kswonger', 'npizzolato', 'zjoachim', 'rashmis', 'vdopker', 'cpeng', 'jkulesa', 'kelley08', 'rgonzales', 'akrishnan', 'darcyrahming', 'whiteboyy', 'jmontoya', 'lfeig', 'mkang', 'azuzelo', 'regit627', 'robertellis2012', 'mgeltz', 'yzhu90', 'aberens', 'nkim', 'skhalid', 'mhyre0605', 'igolbin', 'fvirani', 'jkang', 'bwilliams', 'bwright', 'ccallahan', 'rcollier', 'jmiller', 'readman1223', 'amodtimalsina', 'mspaic', 'laurie521', 'rmunjal', 'wqiao13', 'mwhitehill', 'mrfriskylemur', 'abeebe', 'kodonnell', 'jhennek', 'cmihalache', 'bathans', 'skellert', 'nshand', 'aschroeder', 'jchung', 'mbabalooee', 'olegkord', 'kmb562', 'stheodossiou', 'elysefretz', 'sshin', 'mbartnovsky', 'a_pope', 'elucks', 'jcook', 'kchu', 'abeyt', 'lhemenetz', 'catcarr10', 'mrovner', 'soneill', 'iloveham90', 'dwhitehead', 'paulyim1', 'lpree', 'mlux', 'bellis', 'smshim', 'jilopez', 'tkoegel', 'mstull', 'mdornbusch', 'pretenderjl', 'afraum', 'tbrockly', 'moni484', 'soh', 'anne8683', 'pkpark', 'cckhor', 'lli', 'kheidtman', 'sstephens', 'dangallegos', 'sschmidt', 'jlafreniere', 'smalin', 'enuila']"
1,58,390,12,10,"['bvu', 'aretson', 'darcyrahming', 'npizzolato', 'sschwartz', 'kchu', 'sschmidt', 'sshah', 'enosal', 'afefferman']",380,"['tmw314', 'kdriemeyer', 'csolares', 'svs470', 'dpfeffer', 'amatsil', 'mfaliszek', 'jmilian', 'zwheeler', 'bshorofsky', 'ddraper', 'mac210', 'borban', 'kknowles', 'rparks', 'wfurness', 'cmj140', 'ledzep89', 'inaheaven', 'usman2012', 'thoh13', 'japolinario', 'rzhan', 'rpang', 'cmcelwrath', 'hitehc', 'aschwartz', 'mtweet', 'hle', 'edemarco', 'veulo', 'jgorrell', 'ncc814', 'rritger', 'kbullen', 'thealy', 'mcwise', 'jebeard', 'hsun', 'ascheffel', 'benmackenzie', 'mabaker', 'mgajewsky', 'psnieder', 'pweidner', 'bcw568', 'amclain', 'adigianfilippo', 'chwang', 'mmurphy', 'mchou', 'benjaminli', 'jcavanaugh', 'trp786', 'gtillett2012', 'con863', 'wylee', 'kkahle', 'ciser', 'aholladay', 'bstasiak', 'nniles', 'cprovencal', 'dbieranoski', 'jguerrieri', 'psseshadri', 'mgiannetto', 'sbenjamin', 'nrieser', 'achen03', 'jjo', 'msledd', 'ejensler', 'mojserkis', 'ekavensky', 'rhund', 'magmurph', 'cook3r', 'mcavanaugh', 'jwalsh', 'jboyle', 'rbarker', 'kpovod', 'mhowell', 'jch973', 'hallke', 'jgu506', 'wboulay', 'dmacanas', 'nisha89', 'khashiba', 'jwen', 'eemartinez', 'kli', 'dboe', 'dwu417', 'vqv226', 'wellsdm', 'yni', 'abhandari', 'cmoran', 'sraju1', 'ahaynie', 'zali', 'schow', 'kold1', 'ekoru', 'tsa309', 'jfuller', 'glewis07', 'gracepeeler', 'epark', 'masciutto', 'sepd22', 'rthompson', 'jbarnes', 'psexton', 'clee12', 'eglass', 'mmccoy', 'jgottesman', 'slhatch', 'jsias', 'kfullin', 'skumar', 'dwainwright', 'sbhowmick', 'amorgan', 'mahimavijay', 'hpoints', 'trockers', 'aelsaeed', 'bbecker', 'gflocker', 'iramer', 'cky161', 'duranth', 'esayers', 'cmiller', 'rcassidy', 'rtaff', 'ebifano', 'achu', 'aotieno', 'pacuna', 'kgerstenschlager', 'rsanders', 'akushnir', 'runfree909', 'amorriscohen', 'mcousins', 'fmalik', 'rdory', 'ahobaugh', 'tkim', 'enyatepecoo', 'astewart', 'bwalsh', 'aft294', 'dnagel', 'mmeurice', 'ttang', 'chicken1214', 'ckarras', 'liuz08', 'scytryn', 'nlau', 'sjb364', 'lstrelec', 'raznaahmad', 'gullom', 'mehritt', 'scollins8', 'amunre', 'kbjorkman07', 'jcorash', 'mbaker', 'lwint', 'sterrazas', 'claytonbrengman2012', 'nkappler', 'dbaurer', 'akahn', 'mcarson', 'mattaar', 'ewolfish', 'ysun', 'jseehra', 'mbloch', 'gmurdoch', 'prozach0805', 'dobrien', 'gabgirl24', 'jmadsen', 'knickele', 'majestyk', 'razhar', 'srw762', 'redwards', 'mherschfeld', 'ekourakos', 'mliew', 'mcajigas', 'cberhorst', 'mfernandez', 'ykang', 'jbay', 'lredden', 'pmohan', 'ekudlaty', 'bgojer', 'rcszabo', 'echang', 'abaleanu', 'adamosborne2009', 'halvorsonm', 'dkim0406', 'atsui', 'lscolaro', 'awald', 'bhvide', 'btongson', 'blurie', 'kswonger', 'aaronjonesey', 'zjoachim', 'rashmis', 'vdopker', 'omargutierrez8', 'cpeng', 'jkulesa', 'kelley08', 'npatel', 'tparida', 'agordon', 'cen25ter', 'lvalentino', 'rgonzales', 'akrishnan', 'whiteboyy', 'tdavidov', 'ttobias', 'jmontoya', 'lfeig', 'estampler', 'mkang', 'kdam', 'jyu', 'azuzelo', 'regit627', 'robertellis2012', 'lfoley', 'mgeltz', 'tzhu', 'yzhu90', 'berickson', 'aberens', 'nkim', 'aseehra', 'eryan', 'skhalid', 'mhyre0605', 'jdoering', 'igolbin', 'awong', 'derbs', 'fvirani', 'jkang', 'npalmer', 'bwilliams', 'bwright', 'ccallahan', 'rcollier', 'jmiller', 'readman1223', 'amodtimalsina', 'mspaic', 'laurie521', 'joshlee', 'yukim', 'trivers', 'cyoon', 'rmunjal', 'tpickerill', 'cmcguffin', 'wqiao13', 'mwhitehill', 'mrfriskylemur', 'kdimond', 'abeebe', 'kodonnell', 'jhennek', 'bathans', 'skellert', 'lekreno', 'nshand', 'aschroeder', 'dmescher', 'tbenchoamrogers', 'jchung', 'mbabalooee', 'olegkord', 'nzessis', 'rzyer', 'kmb562', 'stheodossiou', 'elysefretz', 'sshin', 'mbartnovsky', 'a_pope', 'elucks', 'jcook', 'abeyt', 'lhemenetz', 'arosenkranz', 'almaswimfreak06', 'irodriguez', 'chenn', 'jsalazar', 'catcarr10', 'hrussell', 'mrovner', 'soneill', 'cbarrett', 'iloveham90', 'gpillai', 'tshenoy', 'dwhitehead', 'vzahran', 'jmontejo', 'paulyim1', 'lpree', 'mlux', 'johnpaul', 'cdzeba', 'bellis', 'mpilecki', 'ecasano', 'tthomas', 'smshim', 'cberg', 'jilopez', 'jthich', 'hosong', 'khooley', 'kledvora', 'tkoegel', 'bbarber', 'jskinner', 'mstull', 'ohnoitsmaria', 'mdornbusch', 'awatts', 'pretenderjl', 'jachtyl', 'mgandhi', 'afraum', 'tbrockly', 'moni484', 'soh', 'mleung', 'tsanusi', 'anne8683', 'wmitzelfeld', 'jpirkey', 'sharrity', 'pkpark', 'xiaoxu', 'cckhor', 'lli', 'alove', 'kwakeling', 'kheidtman', 'sstephens', 'dangallegos', 'jlafreniere', 'smalin', 'enuila', 'arazma', 'dkluger']",2,"['sew896', None]",392,"['tmw314', 'kdriemeyer', 'csolares', 'svs470', 'dpfeffer', 'amatsil', 'mfaliszek', 'jmilian', 'zwheeler', 'bshorofsky', 'ddraper', 'mac210', 'borban', 'kknowles', 'rparks', 'wfurness', 'cmj140', 'ledzep89', 'inaheaven', 'usman2012', 'sshah', 'thoh13', 'japolinario', 'rzhan', 'rpang', 'cmcelwrath', 'hitehc', 'aschwartz', 'mtweet', 'hle', 'edemarco', 'veulo', 'enosal', 'jgorrell', 'ncc814', 'rritger', 'kbullen', 'thealy', 'mcwise', 'jebeard', 'hsun', 'ascheffel', 'benmackenzie', 'mabaker', 'mgajewsky', 'psnieder', 'pweidner', 'bcw568', 'amclain', 'adigianfilippo', 'chwang', 'mmurphy', 'mchou', 'benjaminli', 'jcavanaugh', 'trp786', 'gtillett2012', 'con863', 'wylee', 'kkahle', 'ciser', 'aholladay', 'bstasiak', 'nniles', 'cprovencal', 'dbieranoski', 'jguerrieri', 'psseshadri', 'mgiannetto', 'sbenjamin', 'nrieser', 'achen03', 'jjo', 'msledd', 'ejensler', 'mojserkis', 'ekavensky', 'rhund', 'magmurph', 'cook3r', 'mcavanaugh', 'afefferman', 'jwalsh', 'jboyle', 'rbarker', 'aretson', 'kpovod', 'mhowell', 'jch973', 'hallke', 'jgu506', 'wboulay', 'sew896', 'dmacanas', 'nisha89', 'khashiba', 'jwen', 'eemartinez', 'kli', 'dboe', 'dwu417', 'vqv226', 'wellsdm', 'yni', 'abhandari', 'cmoran', 'sraju1', 'ahaynie', 'zali', 'bvu', 'schow', 'kold1', 'ekoru', 'tsa309', 'jfuller', 'glewis07', 'gracepeeler', 'epark', 'masciutto', 'sepd22', 'rthompson', 'jbarnes', 'psexton', 'clee12', 'eglass', 'mmccoy', 'jgottesman', 'slhatch', 'jsias', 'kfullin', 'skumar', 'dwainwright', 'sbhowmick', 'amorgan', 'mahimavijay', 'hpoints', 'trockers', 'aelsaeed', 'bbecker', 'gflocker', 'iramer', 'cky161', 'duranth', 'esayers', 'cmiller', 'rcassidy', 'rtaff', 'ebifano', 'achu', 'aotieno', 'pacuna', 'kgerstenschlager', 'rsanders', 'akushnir', 'runfree909', 'amorriscohen', 'mcousins', 'fmalik', 'rdory', 'ahobaugh', 'tkim', 'enyatepecoo', 'astewart', 'bwalsh', 'aft294', 'dnagel', 'mmeurice', 'ttang', 'chicken1214', 'ckarras', 'liuz08', 'scytryn', 'nlau', 'sjb364', 'lstrelec', 'raznaahmad', 'gullom', 'mehritt', 'scollins8', 'amunre', 'kbjorkman07', 'jcorash', 'mbaker', 'lwint', 'sterrazas', 'claytonbrengman2012', 'nkappler', 'dbaurer', 'akahn', 'mcarson', 'mattaar', 'ewolfish', 'ysun', 'jseehra', 'mbloch', 'gmurdoch', 'prozach0805', 'dobrien', 'gabgirl24', 'jmadsen', 'knickele', 'majestyk', 'razhar', 'srw762', 'redwards', 'mherschfeld', 'ekourakos', 'mliew', 'mcajigas', 'cberhorst', 'mfernandez', 'ykang', 'jbay', 'lredden', 'pmohan', 'ekudlaty', 'bgojer', 'rcszabo', 'echang', 'abaleanu', 'adamosborne2009', 'halvorsonm', 'dkim0406', 'atsui', 'lscolaro', 'awald', 'bhvide', 'btongson', 'blurie', 'kswonger', 'aaronjonesey', 'npizzolato', 'zjoachim', 'rashmis', 'vdopker', 'omargutierrez8', 'cpeng', 'jkulesa', 'kelley08', 'npatel', 'tparida', 'agordon', 'cen25ter', 'lvalentino', 'rgonzales', 'akrishnan', 'darcyrahming', 'whiteboyy', 'tdavidov', 'ttobias', 'jmontoya', 'lfeig', 'estampler', 'mkang', 'kdam', 'jyu', 'azuzelo', 'regit627', 'robertellis2012', 'lfoley', 'mgeltz', 'tzhu', 'yzhu90', 'berickson', 'aberens', 'nkim', 'sschwartz', 'aseehra', 'eryan', 'skhalid', 'mhyre0605', 'jdoering', 'igolbin', 'awong', 'derbs', 'fvirani', 'jkang', 'npalmer', 'bwilliams', 'bwright', 'ccallahan', 'rcollier', 'jmiller', 'readman1223', 'amodtimalsina', 'mspaic', 'laurie521', 'joshlee', 'yukim', 'trivers', 'cyoon', 'rmunjal', 'tpickerill', 'cmcguffin', 'wqiao13', 'mwhitehill', 'mrfriskylemur', 'kdimond', 'abeebe', 'kodonnell', 'jhennek', 'bathans', 'skellert', 'lekreno', 'nshand', 'aschroeder', 'dmescher', 'tbenchoamrogers', 'jchung', 'mbabalooee', 'olegkord', 'nzessis', 'rzyer', 'kmb562', 'stheodossiou', 'elysefretz', 'sshin', 'mbartnovsky', 'a_pope', 'elucks', 'jcook', 'kchu', 'abeyt', 'lhemenetz', 'arosenkranz', 'almaswimfreak06', 'irodriguez', 'chenn', 'jsalazar', 'catcarr10', 'hrussell', 'mrovner', 'soneill', 'cbarrett', 'iloveham90', 'gpillai', 'tshenoy', 'dwhitehead', 'vzahran', 'jmontejo', 'paulyim1', 'lpree', 'mlux', 'johnpaul', 'cdzeba', 'bellis', 'mpilecki', 'ecasano', 'tthomas', 'smshim', 'cberg', 'jilopez', 'jthich', 'hosong', 'khooley', 'kledvora', 'tkoegel', 'bbarber', 'jskinner', 'mstull', 'ohnoitsmaria', 'mdornbusch', 'awatts', 'pretenderjl', 'jachtyl', 'mgandhi', 'afraum', 'tbrockly', 'moni484', 'soh', 'mleung', 'tsanusi', 'anne8683', 'wmitzelfeld', None, 'jpirkey', 'sharrity', 'pkpark', 'xiaoxu', 'cckhor', 'lli', 'alove', 'kwakeling', 'kheidtman', 'sstephens', 'dangallegos', 'sschmidt', 'jlafreniere', 'smalin', 'enuila', 'arazma', 'dkluger']"
1,56,390,7,5,"['eglass', 'alove', 'razhar', 'mkang', 'mbabalooee']",385,"['tmw314', 'kdriemeyer', 'csolares', 'svs470', 'dpfeffer', 'amatsil', 'mfaliszek', 'jmilian', 'zwheeler', 'bshorofsky', 'ddraper', 'mac210', 'borban', 'kknowles', 'rparks', 'wfurness', 'cmj140', 'ledzep89', 'inaheaven', 'usman2012', 'sshah', 'thoh13', 'japolinario', 'rzhan', 'rpang', 'cmcelwrath', 'hitehc', 'aschwartz', 'mtweet', 'hle', 'edemarco', 'veulo', 'enosal', 'jgorrell', 'ncc814', 'rritger', 'kbullen', 'thealy', 'mcwise', 'jebeard', 'hsun', 'ascheffel', 'benmackenzie', 'mabaker', 'mgajewsky', 'psnieder', 'pweidner', 'bcw568', 'amclain', 'adigianfilippo', 'chwang', 'mmurphy', 'mchou', 'benjaminli', 'jcavanaugh', 'trp786', 'gtillett2012', 'con863', 'wylee', 'kkahle', 'ciser', 'aholladay', 'bstasiak', 'nniles', 'cprovencal', 'dbieranoski', 'jguerrieri', 'psseshadri', 'mgiannetto', 'sbenjamin', 'nrieser', 'achen03', 'jjo', 'msledd', 'ejensler', 'mojserkis', 'ekavensky', 'rhund', 'magmurph', 'cook3r', 'mcavanaugh', 'afefferman', 'jwalsh', 'jboyle', 'rbarker', 'aretson', 'kpovod', 'mhowell', 'jch973', 'hallke', 'jgu506', 'wboulay', 'dmacanas', 'nisha89', 'khashiba', 'jwen', 'eemartinez', 'kli', 'dboe', 'dwu417', 'vqv226', 'wellsdm', 'yni', 'abhandari', 'cmoran', 'sraju1', 'ahaynie', 'zali', 'bvu', 'schow', 'kold1', 'ekoru', 'tsa309', 'jfuller', 'glewis07', 'gracepeeler', 'epark', 'masciutto', 'sepd22', 'rthompson', 'jbarnes', 'psexton', 'clee12', 'mmccoy', 'jgottesman', 'slhatch', 'jsias', 'kfullin', 'skumar', 'dwainwright', 'sbhowmick', 'amorgan', 'mahimavijay', 'hpoints', 'trockers', 'aelsaeed', 'bbecker', 'gflocker', 'iramer', 'cky161', 'duranth', 'esayers', 'cmiller', 'rcassidy', 'rtaff', 'ebifano', 'achu', 'aotieno', 'pacuna', 'kgerstenschlager', 'rsanders', 'akushnir', 'runfree909', 'amorriscohen', 'mcousins', 'fmalik', 'rdory', 'ahobaugh', 'tkim', 'enyatepecoo', 'astewart', 'bwalsh', 'aft294', 'dnagel', 'mmeurice', 'ttang', 'chicken1214', 'ckarras', 'liuz08', 'scytryn', 'nlau', 'sjb364', 'lstrelec', 'raznaahmad', 'gullom', 'mehritt', 'scollins8', 'amunre', 'kbjorkman07', 'jcorash', 'mbaker', 'lwint', 'sterrazas', 'claytonbrengman2012', 'nkappler', 'dbaurer', 'akahn', 'mcarson', 'mattaar', 'ewolfish', 'ysun', 'jseehra', 'mbloch', 'gmurdoch', 'prozach0805', 'dobrien', 'gabgirl24', 'jmadsen', 'knickele', 'majestyk', 'srw762', 'redwards', 'mherschfeld', 'ekourakos', 'mliew', 'mcajigas', 'cberhorst', 'mfernandez', 'ykang', 'jbay', 'lredden', 'pmohan', 'ekudlaty', 'bgojer', 'rcszabo', 'echang', 'abaleanu', 'adamosborne2009', 'halvorsonm', 'dkim0406', 'atsui', 'lscolaro', 'awald', 'bhvide', 'btongson', 'blurie', 'kswonger', 'aaronjonesey', 'npizzolato', 'zjoachim', 'rashmis', 'vdopker', 'omargutierrez8', 'cpeng', 'jkulesa', 'kelley08', 'npatel', 'tparida', 'agordon', 'cen25ter', 'lvalentino', 'rgonzales', 'akrishnan', 'darcyrahming', 'whiteboyy', 'tdavidov', 'ttobias', 'jmontoya', 'lfeig', 'estampler', 'kdam', 'jyu', 'azuzelo', 'regit627', 'robertellis2012', 'lfoley', 'mgeltz', 'tzhu', 'yzhu90', 'berickson', 'aberens', 'nkim', 'sschwartz', 'aseehra', 'eryan', 'skhalid', 'mhyre0605', 'jdoering', 'igolbin', 'awong', 'derbs', 'fvirani', 'jkang', 'npalmer', 'bwilliams', 'bwright', 'ccallahan', 'rcollier', 'jmiller', 'readman1223', 'amodtimalsina', 'mspaic', 'laurie521', 'joshlee', 'yukim', 'trivers', 'cyoon', 'rmunjal', 'tpickerill', 'cmcguffin', 'wqiao13', 'mwhitehill', 'mrfriskylemur', 'kdimond', 'abeebe', 'kodonnell', 'jhennek', 'bathans', 'skellert', 'lekreno', 'nshand', 'aschroeder', 'dmescher', 'tbenchoamrogers', 'jchung', 'olegkord', 'nzessis', 'rzyer', 'kmb562', 'stheodossiou', 'elysefretz', 'sshin', 'mbartnovsky', 'a_pope', 'elucks', 'jcook', 'kchu', 'abeyt', 'lhemenetz', 'arosenkranz', 'almaswimfreak06', 'irodriguez', 'chenn', 'jsalazar', 'catcarr10', 'hrussell', 'mrovner', 'soneill', 'cbarrett', 'iloveham90', 'gpillai', 'tshenoy', 'dwhitehead', 'vzahran', 'jmontejo', 'paulyim1', 'lpree', 'mlux', 'johnpaul', 'cdzeba', 'bellis', 'mpilecki', 'ecasano', 'tthomas', 'smshim', 'cberg', 'jilopez', 'jthich', 'hosong', 'khooley', 'kledvora', 'tkoegel', 'bbarber', 'jskinner', 'mstull', 'ohnoitsmaria', 'mdornbusch', 'awatts', 'pretenderjl', 'jachtyl', 'mgandhi', 'afraum', 'tbrockly', 'moni484', 'soh', 'mleung', 'tsanusi', 'anne8683', 'wmitzelfeld', 'jpirkey', 'sharrity', 'pkpark', 'xiaoxu', 'cckhor', 'lli', 'kwakeling', 'kheidtman', 'sstephens', 'dangallegos', 'sschmidt', 'jlafreniere', 'smalin', 'enuila', 'arazma', 'dkluger']",2,"['bsautt1', None]",392,"['tmw314', 'kdriemeyer', 'csolares', 'svs470', 'dpfeffer', 'amatsil', 'mfaliszek', 'jmilian', 'zwheeler', 'bshorofsky', 'ddraper', 'mac210', 'borban', 'kknowles', 'rparks', 'wfurness', 'cmj140', 'ledzep89', 'inaheaven', 'usman2012', 'sshah', 'thoh13', 'japolinario', 'rzhan', 'rpang', 'cmcelwrath', 'hitehc', 'aschwartz', 'mtweet', 'hle', 'edemarco', 'veulo', 'enosal', 'jgorrell', 'ncc814', 'rritger', 'kbullen', 'thealy', 'mcwise', 'jebeard', 'hsun', 'ascheffel', 'benmackenzie', 'mabaker', 'mgajewsky', 'psnieder', 'pweidner', 'bcw568', 'amclain', 'adigianfilippo', 'chwang', 'mmurphy', 'mchou', 'benjaminli', 'jcavanaugh', 'trp786', 'gtillett2012', 'con863', 'wylee', 'kkahle', 'ciser', 'aholladay', 'bstasiak', 'nniles', 'cprovencal', 'dbieranoski', 'jguerrieri', 'psseshadri', 'mgiannetto', 'sbenjamin', 'nrieser', 'achen03', 'jjo', 'msledd', 'ejensler', 'mojserkis', 'ekavensky', 'rhund', 'magmurph', 'cook3r', 'mcavanaugh', 'afefferman', 'jwalsh', 'jboyle', 'rbarker', 'aretson', 'kpovod', 'mhowell', 'jch973', 'hallke', 'jgu506', 'wboulay', 'dmacanas', 'nisha89', 'khashiba', 'jwen', 'eemartinez', 'kli', 'dboe', 'dwu417', 'vqv226', 'wellsdm', 'yni', 'abhandari', 'cmoran', 'sraju1', 'ahaynie', 'zali', 'bvu', 'schow', 'kold1', 'ekoru', 'tsa309', 'jfuller', 'glewis07', 'gracepeeler', 'epark', 'masciutto', 'sepd22', 'rthompson', 'jbarnes', 'psexton', 'clee12', 'eglass', 'mmccoy', 'jgottesman', 'slhatch', 'jsias', 'kfullin', 'skumar', 'dwainwright', 'sbhowmick', 'amorgan', 'mahimavijay', 'hpoints', 'trockers', 'aelsaeed', 'bbecker', 'gflocker', 'iramer', 'cky161', 'duranth', 'esayers', 'cmiller', 'rcassidy', 'rtaff', 'ebifano', 'achu', 'aotieno', 'pacuna', 'kgerstenschlager', 'rsanders', 'akushnir', 'runfree909', 'amorriscohen', 'mcousins', 'fmalik', 'rdory', 'ahobaugh', 'tkim', 'enyatepecoo', 'astewart', 'bwalsh', 'aft294', 'dnagel', 'mmeurice', 'ttang', 'chicken1214', 'ckarras', 'liuz08', 'scytryn', 'nlau', 'sjb364', 'lstrelec', 'raznaahmad', 'gullom', 'mehritt', 'scollins8', 'amunre', 'kbjorkman07', 'jcorash', 'mbaker', 'lwint', 'sterrazas', 'claytonbrengman2012', 'nkappler', 'dbaurer', 'akahn', 'mcarson', 'mattaar', 'ewolfish', 'ysun', 'jseehra', 'mbloch', 'gmurdoch', 'prozach0805', 'bsautt1', 'dobrien', 'gabgirl24', 'jmadsen', 'knickele', 'majestyk', 'razhar', 'srw762', 'redwards', 'mherschfeld', 'ekourakos', 'mliew', 'mcajigas', 'cberhorst', 'mfernandez', 'ykang', 'jbay', 'lredden', 'pmohan', 'ekudlaty', 'bgojer', 'rcszabo', 'echang', 'abaleanu', 'adamosborne2009', 'halvorsonm', 'dkim0406', 'atsui', 'lscolaro', 'awald', 'bhvide', 'btongson', 'blurie', 'kswonger', 'aaronjonesey', 'npizzolato', 'zjoachim', 'rashmis', 'vdopker', 'omargutierrez8', 'cpeng', 'jkulesa', 'kelley08', 'npatel', 'tparida', 'agordon', 'cen25ter', 'lvalentino', 'rgonzales', 'akrishnan', 'darcyrahming', 'whiteboyy', 'tdavidov', 'ttobias', 'jmontoya', 'lfeig', 'estampler', 'mkang', 'kdam', 'jyu', 'azuzelo', 'regit627', 'robertellis2012', 'lfoley', 'mgeltz', 'tzhu', 'yzhu90', 'berickson', 'aberens', 'nkim', 'sschwartz', 'aseehra', 'eryan', 'skhalid', 'mhyre0605', 'jdoering', 'igolbin', 'awong', 'derbs', 'fvirani', 'jkang', 'npalmer', 'bwilliams', 'bwright', 'ccallahan', 'rcollier', 'jmiller', 'readman1223', 'amodtimalsina', 'mspaic', 'laurie521', 'joshlee', 'yukim', 'trivers', 'cyoon', 'rmunjal', 'tpickerill', 'cmcguffin', 'wqiao13', 'mwhitehill', 'mrfriskylemur', 'kdimond', 'abeebe', 'kodonnell', 'jhennek', 'bathans', 'skellert', 'lekreno', 'nshand', 'aschroeder', 'dmescher', 'tbenchoamrogers', 'jchung', 'mbabalooee', 'olegkord', 'nzessis', 'rzyer', 'kmb562', 'stheodossiou', 'elysefretz', 'sshin', 'mbartnovsky', 'a_pope', 'elucks', 'jcook', 'kchu', 'abeyt', 'lhemenetz', 'arosenkranz', 'almaswimfreak06', 'irodriguez', 'chenn', 'jsalazar', 'catcarr10', 'hrussell', 'mrovner', 'soneill', 'cbarrett', 'iloveham90', 'gpillai', 'tshenoy', 'dwhitehead', 'vzahran', 'jmontejo', 'paulyim1', 'lpree', 'mlux', 'johnpaul', 'cdzeba', 'bellis', 'mpilecki', 'ecasano', 'tthomas', 'smshim', 'cberg', 'jilopez', 'jthich', 'hosong', 'khooley', 'kledvora', 'tkoegel', 'bbarber', 'jskinner', 'mstull', 'ohnoitsmaria', 'mdornbusch', 'awatts', 'pretenderjl', 'jachtyl', 'mgandhi', 'afraum', 'tbrockly', 'moni484', 'soh', 'mleung', 'tsanusi', 'anne8683', 'wmitzelfeld', None, 'jpirkey', 'sharrity', 'pkpark', 'xiaoxu', 'cckhor', 'lli', 'alove', 'kwakeling', 'kheidtman', 'sstephens', 'dangallegos', 'sschmidt', 'jlafreniere', 'smalin', 'enuila', 'arazma', 'dkluger']"
1,91,390,7,6,"['pretenderjl', 'jhennek', 'chenn', 'zali', 'ddraper', 'ahaynie']",384,"['tmw314', 'kdriemeyer', 'csolares', 'svs470', 'dpfeffer', 'amatsil', 'mfaliszek', 'jmilian', 'zwheeler', 'bshorofsky', 'mac210', 'borban', 'kknowles', 'rparks', 'wfurness', 'cmj140', 'ledzep89', 'inaheaven', 'usman2012', 'sshah', 'thoh13', 'japolinario', 'rzhan', 'rpang', 'cmcelwrath', 'hitehc', 'aschwartz', 'mtweet', 'hle', 'edemarco', 'veulo', 'enosal', 'jgorrell', 'ncc814', 'rritger', 'kbullen', 'thealy', 'mcwise', 'jebeard', 'hsun', 'ascheffel', 'benmackenzie', 'mabaker', 'mgajewsky', 'psnieder', 'pweidner', 'bcw568', 'amclain', 'adigianfilippo', 'chwang', 'mmurphy', 'mchou', 'benjaminli', 'jcavanaugh', 'trp786', 'gtillett2012', 'con863', 'wylee', 'kkahle', 'ciser', 'aholladay', 'bstasiak', 'nniles', 'cprovencal', 'dbieranoski', 'jguerrieri', 'psseshadri', 'mgiannetto', 'sbenjamin', 'nrieser', 'achen03', 'jjo', 'msledd', 'ejensler', 'mojserkis', 'ekavensky', 'rhund', 'magmurph', 'cook3r', 'mcavanaugh', 'afefferman', 'jwalsh', 'jboyle', 'rbarker', 'aretson', 'kpovod', 'mhowell', 'jch973', 'hallke', 'jgu506', 'wboulay', 'dmacanas', 'nisha89', 'khashiba', 'jwen', 'eemartinez', 'kli', 'dboe', 'dwu417', 'vqv226', 'wellsdm', 'yni', 'abhandari', 'cmoran', 'sraju1', 'bvu', 'schow', 'kold1', 'ekoru', 'tsa309', 'jfuller', 'glewis07', 'gracepeeler', 'epark', 'masciutto', 'sepd22', 'rthompson', 'jbarnes', 'psexton', 'clee12', 'eglass', 'mmccoy', 'jgottesman', 'slhatch', 'jsias', 'kfullin', 'skumar', 'dwainwright', 'sbhowmick', 'amorgan', 'mahimavijay', 'hpoints', 'trockers', 'aelsaeed', 'bbecker', 'gflocker', 'iramer', 'cky161', 'duranth', 'esayers', 'cmiller', 'rcassidy', 'rtaff', 'ebifano', 'achu', 'aotieno', 'pacuna', 'kgerstenschlager', 'rsanders', 'akushnir', 'runfree909', 'amorriscohen', 'mcousins', 'fmalik', 'rdory', 'ahobaugh', 'tkim', 'enyatepecoo', 'astewart', 'bwalsh', 'aft294', 'dnagel', 'mmeurice', 'ttang', 'chicken1214', 'ckarras', 'liuz08', 'scytryn', 'nlau', 'sjb364', 'lstrelec', 'raznaahmad', 'gullom', 'mehritt', 'scollins8', 'amunre', 'kbjorkman07', 'jcorash', 'mbaker', 'lwint', 'sterrazas', 'claytonbrengman2012', 'nkappler', 'dbaurer', 'akahn', 'mcarson', 'mattaar', 'ewolfish', 'ysun', 'jseehra', 'mbloch', 'gmurdoch', 'prozach0805', 'dobrien', 'gabgirl24', 'jmadsen', 'knickele', 'majestyk', 'razhar', 'srw762', 'redwards', 'mherschfeld', 'ekourakos', 'mliew', 'mcajigas', 'cberhorst', 'mfernandez', 'ykang', 'jbay', 'lredden', 'pmohan', 'ekudlaty', 'bgojer', 'rcszabo', 'echang', 'abaleanu', 'adamosborne2009', 'halvorsonm', 'dkim0406', 'atsui', 'lscolaro', 'awald', 'bhvide', 'btongson', 'blurie', 'kswonger', 'aaronjonesey', 'npizzolato', 'zjoachim', 'rashmis', 'vdopker', 'omargutierrez8', 'cpeng', 'jkulesa', 'kelley08', 'npatel', 'tparida', 'agordon', 'cen25ter', 'lvalentino', 'rgonzales', 'akrishnan', 'darcyrahming', 'whiteboyy', 'tdavidov', 'ttobias', 'jmontoya', 'lfeig', 'estampler', 'mkang', 'kdam', 'jyu', 'azuzelo', 'regit627', 'robertellis2012', 'lfoley', 'mgeltz', 'tzhu', 'yzhu90', 'berickson', 'aberens', 'nkim', 'sschwartz', 'aseehra', 'eryan', 'skhalid', 'mhyre0605', 'jdoering', 'igolbin', 'awong', 'derbs', 'fvirani', 'jkang', 'npalmer', 'bwilliams', 'bwright', 'ccallahan', 'rcollier', 'jmiller', 'readman1223', 'amodtimalsina', 'mspaic', 'laurie521', 'joshlee', 'yukim', 'trivers', 'cyoon', 'rmunjal', 'tpickerill', 'cmcguffin', 'wqiao13', 'mwhitehill', 'mrfriskylemur', 'kdimond', 'abeebe', 'kodonnell', 'bathans', 'skellert', 'lekreno', 'nshand', 'aschroeder', 'dmescher', 'tbenchoamrogers', 'jchung', 'mbabalooee', 'olegkord', 'nzessis', 'rzyer', 'kmb562', 'stheodossiou', 'elysefretz', 'sshin', 'mbartnovsky', 'a_pope', 'elucks', 'jcook', 'kchu', 'abeyt', 'lhemenetz', 'arosenkranz', 'almaswimfreak06', 'irodriguez', 'jsalazar', 'catcarr10', 'hrussell', 'mrovner', 'soneill', 'cbarrett', 'iloveham90', 'gpillai', 'tshenoy', 'dwhitehead', 'vzahran', 'jmontejo', 'paulyim1', 'lpree', 'mlux', 'johnpaul', 'cdzeba', 'bellis', 'mpilecki', 'ecasano', 'tthomas', 'smshim', 'cberg', 'jilopez', 'jthich', 'hosong', 'khooley', 'kledvora', 'tkoegel', 'bbarber', 'jskinner', 'mstull', 'ohnoitsmaria', 'mdornbusch', 'awatts', 'jachtyl', 'mgandhi', 'afraum', 'tbrockly', 'moni484', 'soh', 'mleung', 'tsanusi', 'anne8683', 'wmitzelfeld', 'jpirkey', 'sharrity', 'pkpark', 'xiaoxu', 'cckhor', 'lli', 'alove', 'kwakeling', 'kheidtman', 'sstephens', 'dangallegos', 'sschmidt', 'jlafreniere', 'smalin', 'enuila', 'arazma', 'dkluger']",1,[None],391,"['tmw314', 'kdriemeyer', 'csolares', 'svs470', 'dpfeffer', 'amatsil', 'mfaliszek', 'jmilian', 'zwheeler', 'bshorofsky', 'ddraper', 'mac210', 'borban', 'kknowles', 'rparks', 'wfurness', 'cmj140', 'ledzep89', 'inaheaven', 'usman2012', 'sshah', 'thoh13', 'japolinario', 'rzhan', 'rpang', 'cmcelwrath', 'hitehc', 'aschwartz', 'mtweet', 'hle', 'edemarco', 'veulo', 'enosal', 'jgorrell', 'ncc814', 'rritger', 'kbullen', 'thealy', 'mcwise', 'jebeard', 'hsun', 'ascheffel', 'benmackenzie', 'mabaker', 'mgajewsky', 'psnieder', 'pweidner', 'bcw568', 'amclain', 'adigianfilippo', 'chwang', 'mmurphy', 'mchou', 'benjaminli', 'jcavanaugh', 'trp786', 'gtillett2012', 'con863', 'wylee', 'kkahle', 'ciser', 'aholladay', 'bstasiak', 'nniles', 'cprovencal', 'dbieranoski', 'jguerrieri', 'psseshadri', 'mgiannetto', 'sbenjamin', 'nrieser', 'achen03', 'jjo', 'msledd', 'ejensler', 'mojserkis', 'ekavensky', 'rhund', 'magmurph', 'cook3r', 'mcavanaugh', 'afefferman', 'jwalsh', 'jboyle', 'rbarker', 'aretson', 'kpovod', 'mhowell', 'jch973', 'hallke', 'jgu506', 'wboulay', 'dmacanas', 'nisha89', 'khashiba', 'jwen', 'eemartinez', 'kli', 'dboe', 'dwu417', 'vqv226', 'wellsdm', 'yni', 'abhandari', 'cmoran', 'sraju1', 'ahaynie', 'zali', 'bvu', 'schow', 'kold1', 'ekoru', 'tsa309', 'jfuller', 'glewis07', 'gracepeeler', 'epark', 'masciutto', 'sepd22', 'rthompson', 'jbarnes', 'psexton', 'clee12', 'eglass', 'mmccoy', 'jgottesman', 'slhatch', 'jsias', 'kfullin', 'skumar', 'dwainwright', 'sbhowmick', 'amorgan', 'mahimavijay', 'hpoints', 'trockers', 'aelsaeed', 'bbecker', 'gflocker', 'iramer', 'cky161', 'duranth', 'esayers', 'cmiller', 'rcassidy', 'rtaff', 'ebifano', 'achu', 'aotieno', 'pacuna', 'kgerstenschlager', 'rsanders', 'akushnir', 'runfree909', 'amorriscohen', 'mcousins', 'fmalik', 'rdory', 'ahobaugh', 'tkim', 'enyatepecoo', 'astewart', 'bwalsh', 'aft294', 'dnagel', 'mmeurice', 'ttang', 'chicken1214', 'ckarras', 'liuz08', 'scytryn', 'nlau', 'sjb364', 'lstrelec', 'raznaahmad', 'gullom', 'mehritt', 'scollins8', 'amunre', 'kbjorkman07', 'jcorash', 'mbaker', 'lwint', 'sterrazas', 'claytonbrengman2012', 'nkappler', 'dbaurer', 'akahn', 'mcarson', 'mattaar', 'ewolfish', 'ysun', 'jseehra', 'mbloch', 'gmurdoch', 'prozach0805', 'dobrien', 'gabgirl24', 'jmadsen', 'knickele', 'majestyk', 'razhar', 'srw762', 'redwards', 'mherschfeld', 'ekourakos', 'mliew', 'mcajigas', 'cberhorst', 'mfernandez', 'ykang', 'jbay', 'lredden', 'pmohan', 'ekudlaty', 'bgojer', 'rcszabo', 'echang', 'abaleanu', 'adamosborne2009', 'halvorsonm', 'dkim0406', 'atsui', 'lscolaro', 'awald', 'bhvide', 'btongson', 'blurie', 'kswonger', 'aaronjonesey', 'npizzolato', 'zjoachim', 'rashmis', 'vdopker', 'omargutierrez8', 'cpeng', 'jkulesa', 'kelley08', 'npatel', 'tparida', 'agordon', 'cen25ter', 'lvalentino', 'rgonzales', 'akrishnan', 'darcyrahming', 'whiteboyy', 'tdavidov', 'ttobias', 'jmontoya', 'lfeig', 'estampler', 'mkang', 'kdam', 'jyu', 'azuzelo', 'regit627', 'robertellis2012', 'lfoley', 'mgeltz', 'tzhu', 'yzhu90', 'berickson', 'aberens', 'nkim', 'sschwartz', 'aseehra', 'eryan', 'skhalid', 'mhyre0605', 'jdoering', 'igolbin', 'awong', 'derbs', 'fvirani', 'jkang', 'npalmer', 'bwilliams', 'bwright', 'ccallahan', 'rcollier', 'jmiller', 'readman1223', 'amodtimalsina', 'mspaic', 'laurie521', 'joshlee', 'yukim', 'trivers', 'cyoon', 'rmunjal', 'tpickerill', 'cmcguffin', 'wqiao13', 'mwhitehill', 'mrfriskylemur', 'kdimond', 'abeebe', 'kodonnell', 'jhennek', 'bathans', 'skellert', 'lekreno', 'nshand', 'aschroeder', 'dmescher', 'tbenchoamrogers', 'jchung', 'mbabalooee', 'olegkord', 'nzessis', 'rzyer', 'kmb562', 'stheodossiou', 'elysefretz', 'sshin', 'mbartnovsky', 'a_pope', 'elucks', 'jcook', 'kchu', 'abeyt', 'lhemenetz', 'arosenkranz', 'almaswimfreak06', 'irodriguez', 'chenn', 'jsalazar', 'catcarr10', 'hrussell', 'mrovner', 'soneill', 'cbarrett', 'iloveham90', 'gpillai', 'tshenoy', 'dwhitehead', 'vzahran', 'jmontejo', 'paulyim1', 'lpree', 'mlux', 'johnpaul', 'cdzeba', 'bellis', 'mpilecki', 'ecasano', 'tthomas', 'smshim', 'cberg', 'jilopez', 'jthich', 'hosong', 'khooley', 'kledvora', 'tkoegel', 'bbarber', 'jskinner', 'mstull', 'ohnoitsmaria', 'mdornbusch', 'awatts', 'pretenderjl', 'jachtyl', 'mgandhi', 'afraum', 'tbrockly', 'moni484', 'soh', 'mleung', 'tsanusi', 'anne8683', 'wmitzelfeld', None, 'jpirkey', 'sharrity', 'pkpark', 'xiaoxu', 'cckhor', 'lli', 'alove', 'kwakeling', 'kheidtman', 'sstephens', 'dangallegos', 'sschmidt', 'jlafreniere', 'smalin', 'enuila', 'arazma', 'dkluger']"
1,92,390,7,6,"['dmacanas', 'scytryn', 'ohnoitsmaria', 'nshand', 'enosal', 'mcavanaugh']",384,"['tmw314', 'kdriemeyer', 'csolares', 'svs470', 'dpfeffer', 'amatsil', 'mfaliszek', 'jmilian', 'zwheeler', 'bshorofsky', 'ddraper', 'mac210', 'borban', 'kknowles', 'rparks', 'wfurness', 'cmj140', 'ledzep89', 'inaheaven', 'usman2012', 'sshah', 'thoh13', 'japolinario', 'rzhan', 'rpang', 'cmcelwrath', 'hitehc', 'aschwartz', 'mtweet', 'hle', 'edemarco', 'veulo', 'jgorrell', 'ncc814', 'rritger', 'kbullen', 'thealy', 'mcwise', 'jebeard', 'hsun', 'ascheffel', 'benmackenzie', 'mabaker', 'mgajewsky', 'psnieder', 'pweidner', 'bcw568', 'amclain', 'adigianfilippo', 'chwang', 'mmurphy', 'mchou', 'benjaminli', 'jcavanaugh', 'trp786', 'gtillett2012', 'con863', 'wylee', 'kkahle', 'ciser', 'aholladay', 'bstasiak', 'nniles', 'cprovencal', 'dbieranoski', 'jguerrieri', 'psseshadri', 'mgiannetto', 'sbenjamin', 'nrieser', 'achen03', 'jjo', 'msledd', 'ejensler', 'mojserkis', 'ekavensky', 'rhund', 'magmurph', 'cook3r', 'afefferman', 'jwalsh', 'jboyle', 'rbarker', 'aretson', 'kpovod', 'mhowell', 'jch973', 'hallke', 'jgu506', 'wboulay', 'nisha89', 'khashiba', 'jwen', 'eemartinez', 'kli', 'dboe', 'dwu417', 'vqv226', 'wellsdm', 'yni', 'abhandari', 'cmoran', 'sraju1', 'ahaynie', 'zali', 'bvu', 'schow', 'kold1', 'ekoru', 'tsa309', 'jfuller', 'glewis07', 'gracepeeler', 'epark', 'masciutto', 'sepd22', 'rthompson', 'jbarnes', 'psexton', 'clee12', 'eglass', 'mmccoy', 'jgottesman', 'slhatch', 'jsias', 'kfullin', 'skumar', 'dwainwright', 'sbhowmick', 'amorgan', 'mahimavijay', 'hpoints', 'trockers', 'aelsaeed', 'bbecker', 'gflocker', 'iramer', 'cky161', 'duranth', 'esayers', 'cmiller', 'rcassidy', 'rtaff', 'ebifano', 'achu', 'aotieno', 'pacuna', 'kgerstenschlager', 'rsanders', 'akushnir', 'runfree909', 'amorriscohen', 'mcousins', 'fmalik', 'rdory', 'ahobaugh', 'tkim', 'enyatepecoo', 'astewart', 'bwalsh', 'aft294', 'dnagel', 'mmeurice', 'ttang', 'chicken1214', 'ckarras', 'liuz08', 'nlau', 'sjb364', 'lstrelec', 'raznaahmad', 'gullom', 'mehritt', 'scollins8', 'amunre', 'kbjorkman07', 'jcorash', 'mbaker', 'lwint', 'sterrazas', 'claytonbrengman2012', 'nkappler', 'dbaurer', 'akahn', 'mcarson', 'mattaar', 'ewolfish', 'ysun', 'jseehra', 'mbloch', 'gmurdoch', 'prozach0805', 'dobrien', 'gabgirl24', 'jmadsen', 'knickele', 'majestyk', 'razhar', 'srw762', 'redwards', 'mherschfeld', 'ekourakos', 'mliew', 'mcajigas', 'cberhorst', 'mfernandez', 'ykang', 'jbay', 'lredden', 'pmohan', 'ekudlaty', 'bgojer', 'rcszabo', 'echang', 'abaleanu', 'adamosborne2009', 'halvorsonm', 'dkim0406', 'atsui', 'lscolaro', 'awald', 'bhvide', 'btongson', 'blurie', 'kswonger', 'aaronjonesey', 'npizzolato', 'zjoachim', 'rashmis', 'vdopker', 'omargutierrez8', 'cpeng', 'jkulesa', 'kelley08', 'npatel', 'tparida', 'agordon', 'cen25ter', 'lvalentino', 'rgonzales', 'akrishnan', 'darcyrahming', 'whiteboyy', 'tdavidov', 'ttobias', 'jmontoya', 'lfeig', 'estampler', 'mkang', 'kdam', 'jyu', 'azuzelo', 'regit627', 'robertellis2012', 'lfoley', 'mgeltz', 'tzhu', 'yzhu90', 'berickson', 'aberens', 'nkim', 'sschwartz', 'aseehra', 'eryan', 'skhalid', 'mhyre0605', 'jdoering', 'igolbin', 'awong', 'derbs', 'fvirani', 'jkang', 'npalmer', 'bwilliams', 'bwright', 'ccallahan', 'rcollier', 'jmiller', 'readman1223', 'amodtimalsina', 'mspaic', 'laurie521', 'joshlee', 'yukim', 'trivers', 'cyoon', 'rmunjal', 'tpickerill', 'cmcguffin', 'wqiao13', 'mwhitehill', 'mrfriskylemur', 'kdimond', 'abeebe', 'kodonnell', 'jhennek', 'bathans', 'skellert', 'lekreno', 'aschroeder', 'dmescher', 'tbenchoamrogers', 'jchung', 'mbabalooee', 'olegkord', 'nzessis', 'rzyer', 'kmb562', 'stheodossiou', 'elysefretz', 'sshin', 'mbartnovsky', 'a_pope', 'elucks', 'jcook', 'kchu', 'abeyt', 'lhemenetz', 'arosenkranz', 'almaswimfreak06', 'irodriguez', 'chenn', 'jsalazar', 'catcarr10', 'hrussell', 'mrovner', 'soneill', 'cbarrett', 'iloveham90', 'gpillai', 'tshenoy', 'dwhitehead', 'vzahran', 'jmontejo', 'paulyim1', 'lpree', 'mlux', 'johnpaul', 'cdzeba', 'bellis', 'mpilecki', 'ecasano', 'tthomas', 'smshim', 'cberg', 'jilopez', 'jthich', 'hosong', 'khooley', 'kledvora', 'tkoegel', 'bbarber', 'jskinner', 'mstull', 'mdornbusch', 'awatts', 'pretenderjl', 'jachtyl', 'mgandhi', 'afraum', 'tbrockly', 'moni484', 'soh', 'mleung', 'tsanusi', 'anne8683', 'wmitzelfeld', 'jpirkey', 'sharrity', 'pkpark', 'xiaoxu', 'cckhor', 'lli', 'alove', 'kwakeling', 'kheidtman', 'sstephens', 'dangallegos', 'sschmidt', 'jlafreniere', 'smalin', 'enuila', 'arazma', 'dkluger']",1,[None],391,"['tmw314', 'kdriemeyer', 'csolares', 'svs470', 'dpfeffer', 'amatsil', 'mfaliszek', 'jmilian', 'zwheeler', 'bshorofsky', 'ddraper', 'mac210', 'borban', 'kknowles', 'rparks', 'wfurness', 'cmj140', 'ledzep89', 'inaheaven', 'usman2012', 'sshah', 'thoh13', 'japolinario', 'rzhan', 'rpang', 'cmcelwrath', 'hitehc', 'aschwartz', 'mtweet', 'hle', 'edemarco', 'veulo', 'enosal', 'jgorrell', 'ncc814', 'rritger', 'kbullen', 'thealy', 'mcwise', 'jebeard', 'hsun', 'ascheffel', 'benmackenzie', 'mabaker', 'mgajewsky', 'psnieder', 'pweidner', 'bcw568', 'amclain', 'adigianfilippo', 'chwang', 'mmurphy', 'mchou', 'benjaminli', 'jcavanaugh', 'trp786', 'gtillett2012', 'con863', 'wylee', 'kkahle', 'ciser', 'aholladay', 'bstasiak', 'nniles', 'cprovencal', 'dbieranoski', 'jguerrieri', 'psseshadri', 'mgiannetto', 'sbenjamin', 'nrieser', 'achen03', 'jjo', 'msledd', 'ejensler', 'mojserkis', 'ekavensky', 'rhund', 'magmurph', 'cook3r', 'mcavanaugh', 'afefferman', 'jwalsh', 'jboyle', 'rbarker', 'aretson', 'kpovod', 'mhowell', 'jch973', 'hallke', 'jgu506', 'wboulay', 'dmacanas', 'nisha89', 'khashiba', 'jwen', 'eemartinez', 'kli', 'dboe', 'dwu417', 'vqv226', 'wellsdm', 'yni', 'abhandari', 'cmoran', 'sraju1', 'ahaynie', 'zali', 'bvu', 'schow', 'kold1', 'ekoru', 'tsa309', 'jfuller', 'glewis07', 'gracepeeler', 'epark', 'masciutto', 'sepd22', 'rthompson', 'jbarnes', 'psexton', 'clee12', 'eglass', 'mmccoy', 'jgottesman', 'slhatch', 'jsias', 'kfullin', 'skumar', 'dwainwright', 'sbhowmick', 'amorgan', 'mahimavijay', 'hpoints', 'trockers', 'aelsaeed', 'bbecker', 'gflocker', 'iramer', 'cky161', 'duranth', 'esayers', 'cmiller', 'rcassidy', 'rtaff', 'ebifano', 'achu', 'aotieno', 'pacuna', 'kgerstenschlager', 'rsanders', 'akushnir', 'runfree909', 'amorriscohen', 'mcousins', 'fmalik', 'rdory', 'ahobaugh', 'tkim', 'enyatepecoo', 'astewart', 'bwalsh', 'aft294', 'dnagel', 'mmeurice', 'ttang', 'chicken1214', 'ckarras', 'liuz08', 'scytryn', 'nlau', 'sjb364', 'lstrelec', 'raznaahmad', 'gullom', 'mehritt', 'scollins8', 'amunre', 'kbjorkman07', 'jcorash', 'mbaker', 'lwint', 'sterrazas', 'claytonbrengman2012', 'nkappler', 'dbaurer', 'akahn', 'mcarson', 'mattaar', 'ewolfish', 'ysun', 'jseehra', 'mbloch', 'gmurdoch', 'prozach0805', 'dobrien', 'gabgirl24', 'jmadsen', 'knickele', 'majestyk', 'razhar', 'srw762', 'redwards', 'mherschfeld', 'ekourakos', 'mliew', 'mcajigas', 'cberhorst', 'mfernandez', 'ykang', 'jbay', 'lredden', 'pmohan', 'ekudlaty', 'bgojer', 'rcszabo', 'echang', 'abaleanu', 'adamosborne2009', 'halvorsonm', 'dkim0406', 'atsui', 'lscolaro', 'awald', 'bhvide', 'btongson', 'blurie', 'kswonger', 'aaronjonesey', 'npizzolato', 'zjoachim', 'rashmis', 'vdopker', 'omargutierrez8', 'cpeng', 'jkulesa', 'kelley08', 'npatel', 'tparida', 'agordon', 'cen25ter', 'lvalentino', 'rgonzales', 'akrishnan', 'darcyrahming', 'whiteboyy', 'tdavidov', 'ttobias', 'jmontoya', 'lfeig', 'estampler', 'mkang', 'kdam', 'jyu', 'azuzelo', 'regit627', 'robertellis2012', 'lfoley', 'mgeltz', 'tzhu', 'yzhu90', 'berickson', 'aberens', 'nkim', 'sschwartz', 'aseehra', 'eryan', 'skhalid', 'mhyre0605', 'jdoering', 'igolbin', 'awong', 'derbs', 'fvirani', 'jkang', 'npalmer', 'bwilliams', 'bwright', 'ccallahan', 'rcollier', 'jmiller', 'readman1223', 'amodtimalsina', 'mspaic', 'laurie521', 'joshlee', 'yukim', 'trivers', 'cyoon', 'rmunjal', 'tpickerill', 'cmcguffin', 'wqiao13', 'mwhitehill', 'mrfriskylemur', 'kdimond', 'abeebe', 'kodonnell', 'jhennek', 'bathans', 'skellert', 'lekreno', 'nshand', 'aschroeder', 'dmescher', 'tbenchoamrogers', 'jchung', 'mbabalooee', 'olegkord', 'nzessis', 'rzyer', 'kmb562', 'stheodossiou', 'elysefretz', 'sshin', 'mbartnovsky', 'a_pope', 'elucks', 'jcook', 'kchu', 'abeyt', 'lhemenetz', 'arosenkranz', 'almaswimfreak06', 'irodriguez', 'chenn', 'jsalazar', 'catcarr10', 'hrussell', 'mrovner', 'soneill', 'cbarrett', 'iloveham90', 'gpillai', 'tshenoy', 'dwhitehead', 'vzahran', 'jmontejo', 'paulyim1', 'lpree', 'mlux', 'johnpaul', 'cdzeba', 'bellis', 'mpilecki', 'ecasano', 'tthomas', 'smshim', 'cberg', 'jilopez', 'jthich', 'hosong', 'khooley', 'kledvora', 'tkoegel', 'bbarber', 'jskinner', 'mstull', 'ohnoitsmaria', 'mdornbusch', 'awatts', 'pretenderjl', 'jachtyl', 'mgandhi', 'afraum', 'tbrockly', 'moni484', 'soh', 'mleung', 'tsanusi', 'anne8683', 'wmitzelfeld', None, 'jpirkey', 'sharrity', 'pkpark', 'xiaoxu', 'cckhor', 'lli', 'alove', 'kwakeling', 'kheidtman', 'sstephens', 'dangallegos', 'sschmidt', 'jlafreniere', 'smalin', 'enuila', 'arazma', 'dkluger']"
2,75,129,41,32,"['qwervey', 'camlei', 'fineday', 'echuro', 'auau', 'narteyn', 'vj', 'jmertens', 'mhammad87', 'chris242', 'danterp', 'shells26', 'pcypang', 'jobo', 'halab', 'rwong21', 'rrace2', 'minhas3', 'hn1301', 'flsalina', 'syafiqmz', 'blu_eden', 'clee0604', 'eokada', 'almosbea', 'liveviva', 'spadya', 'kanslin', 'deronr', 'eece352', 'newtype0313', 'blueice2']",96,"['lsalayandia2', 'jpwolinski', 'arandia', 'ffierro', 'soni7', 'hoplayanmanda', 'karennan', 'lrwaller24', 'mvega', 'step23', 'hilmo', 'billyvg', 'gcarreon', 'leadtrumpetdave', 'cdramos', 'sfarzim', 'gsalazar', 'ehiger', 'npaz', 'rodquinn', 'vestrada', 'allenleesun', 'eyutuc', 'algetnya', 'wmgoree', 'josansan85', 'camoreno', 'jamhar2887', 'icarbajal2', 'orkunarican', 'nashraf10', 'mmize', 'brycesim', 'sgamez', 'rdiaz4', 'shempel', 'feze', 'lebonilla2', 'mcastro', 'jfjhong', 'lolnano', 'canonsburg', 'jeanmx', 'bonsai007', 'vanya', 'jwhyland', 'jorozco', 'jmespinosa', 'sshawver', 'tallxcrunner', 'msotomayor', 'joshjohnson1', 'dcpalacios44', 'nkarsli', 'csanchez', 'araguirre', 'kezhou', 'jrhernandez2', 'tanya', 'jeremylake', 'afperez', 'linis', 'falcon05', 'chenchen', 'oldelgado', 'yazmin', 'bethcook', 'fjchagolla', 'arasyurtman', 'emreayture', 'dermeister', 'cjstanger', 'dfigueroa', 'dholguin2', 'ryansbedell', 'turbo', 'gregilk1', 'jonnyrobinson05', 'nnajdek', 'burtay', 'mdelossantos', 'tsurma', 'abed75', 'lmaldonado', 'raguillen', 'wanec471', 'jaredeby', 'emorales', 'cemilcanfb', 'pddiaz2', 'mdford2', 'despinoza4', 'hectorocampo', 'hakancu01', 'jadiaz', 'jreed32152']",9,"['superdevil', 'smmirvakili', 'yasm81', 'andytsai', 'belding_j', 'elviajero', 'ayouse00', None, 'hiradm']",137,"['qwervey', 'lsalayandia2', 'fineday', 'jpwolinski', 'arandia', 'ffierro', 'soni7', 'danterp', 'hoplayanmanda', 'karennan', 'lrwaller24', 'mvega', 'step23', 'rwong21', 'hilmo', 'billyvg', 'yasm81', 'blu_eden', 'gcarreon', 'liveviva', 'kanslin', 'leadtrumpetdave', 'spadya', 'cdramos', 'smmirvakili', 'sfarzim', 'gsalazar', 'ehiger', 'rodquinn', 'npaz', 'vestrada', 'allenleesun', 'eyutuc', 'auau', 'algetnya', 'narteyn', 'wmgoree', 'josansan85', 'camoreno', 'jamhar2887', 'icarbajal2', 'orkunarican', 'nashraf10', 'andytsai', 'mmize', 'rrace2', 'superdevil', 'brycesim', 'sgamez', 'rdiaz4', 'shempel', 'feze', 'lebonilla2', 'mcastro', 'jfjhong', 'lolnano', 'canonsburg', 'jeanmx', 'bonsai007', 'eece352', 'vanya', 'jwhyland', 'jorozco', 'jmespinosa', 'sshawver', 'camlei', 'tallxcrunner', 'msotomayor', 'echuro', 'joshjohnson1', 'jmertens', 'dcpalacios44', 'nkarsli', 'csanchez', 'chris242', 'araguirre', 'kezhou', 'belding_j', 'jrhernandez2', 'tanya', 'jeremylake', 'pcypang', 'jobo', 'afperez', 'linis', 'falcon05', 'chenchen', 'minhas3', 'oldelgado', 'hn1301', 'yazmin', 'bethcook', 'clee0604', 'fjchagolla', 'almosbea', 'newtype0313', 'blueice2', 'arasyurtman', 'emreayture', 'ayouse00', 'dermeister', 'cjstanger', 'vj', 'dfigueroa', 'dholguin2', 'ryansbedell', 'turbo', 'mhammad87', 'gregilk1', 'jonnyrobinson05', 'nnajdek', 'burtay', 'shells26', 'mdelossantos', 'tsurma', 'abed75', 'lmaldonado', 'raguillen', 'halab', 'wanec471', 'jaredeby', 'flsalina', 'emorales', 'cemilcanfb', 'pddiaz2', 'syafiqmz', 'mdford2', None, 'eokada', 'despinoza4', 'hectorocampo', 'deronr', 'hakancu01', 'jadiaz', 'elviajero', 'jreed32152', 'hiradm']"
2,68,129,35,1,['chenchen'],127,"['qwervey', 'lsalayandia2', 'fineday', 'jpwolinski', 'arandia', 'ffierro', 'soni7', 'danterp', 'hoplayanmanda', 'karennan', 'lrwaller24', 'mvega', 'step23', 'rwong21', 'hilmo', 'billyvg', 'blu_eden', 'gcarreon', 'liveviva', 'kanslin', 'leadtrumpetdave', 'spadya', 'cdramos', 'sfarzim', 'gsalazar', 'ehiger', 'npaz', 'rodquinn', 'vestrada', 'allenleesun', 'eyutuc', 'auau', 'algetnya', 'narteyn', 'wmgoree', 'josansan85', 'camoreno', 'jamhar2887', 'icarbajal2', 'orkunarican', 'nashraf10', 'mmize', 'rrace2', 'brycesim', 'sgamez', 'rdiaz4', 'shempel', 'feze', 'lebonilla2', 'mcastro', 'jfjhong', 'lolnano', 'canonsburg', 'jeanmx', 'bonsai007', 'eece352', 'vanya', 'jwhyland', 'jorozco', 'jmespinosa', 'sshawver', 'camlei', 'tallxcrunner', 'msotomayor', 'echuro', 'joshjohnson1', 'jmertens', 'dcpalacios44', 'nkarsli', 'csanchez', 'chris242', 'araguirre', 'kezhou', 'jrhernandez2', 'tanya', 'jeremylake', 'pcypang', 'jobo', 'afperez', 'linis', 'falcon05', 'minhas3', 'hn1301', 'oldelgado', 'yazmin', 'bethcook', 'clee0604', 'fjchagolla', 'almosbea', 'newtype0313', 'blueice2', 'arasyurtman', 'emreayture', 'dermeister', 'cjstanger', 'vj', 'dfigueroa', 'dholguin2', 'ryansbedell', 'turbo', 'mhammad87', 'gregilk1', 'jonnyrobinson05', 'nnajdek', 'burtay', 'shells26', 'mdelossantos', 'tsurma', 'abed75', 'lmaldonado', 'raguillen', 'halab', 'wanec471', 'jaredeby', 'flsalina', 'emorales', 'cemilcanfb', 'pddiaz2', 'syafiqmz', 'mdford2', 'eokada', 'despinoza4', 'hectorocampo', 'deronr', 'hakancu01', 'jadiaz', 'jreed32152']",34,"['opatel2', 'jlcgse1921', 'kfranci2', 'dsigety2', 'kbhagat2', 'mczapar2', 'talwar1', 'sturnfie', 'jzucker2', 'bmd1988', 'nazaret1', 'hyungrae82', 'agrawalrishabh', 'raygrl88', 'youngjkoh', 'ramya44', 'ainglis2', 'jhong21', 'yjia5', 'xlange2', 'dantle2', 'dombro2', 'garrett3', 'cmcinty2', None, 'rfavero2', 'ppark9', 'xjiang4', 'anjalis2006', 'mwilli26', 'sadderly', 'roether82', 'scornwe2', 'choquette']",162,"['qwervey', 'lsalayandia2', 'fineday', 'jpwolinski', 'talwar1', 'arandia', 'ffierro', 'soni7', 'danterp', 'hoplayanmanda', 'karennan', 'agrawalrishabh', 'raygrl88', 'ramya44', 'lrwaller24', 'mvega', 'step23', 'rwong21', 'hilmo', 'billyvg', 'blu_eden', 'gcarreon', 'liveviva', 'kanslin', 'leadtrumpetdave', 'spadya', 'cdramos', 'sfarzim', 'mwilli26', 'gsalazar', 'ehiger', 'rodquinn', 'npaz', 'jlcgse1921', 'vestrada', 'allenleesun', 'eyutuc', 'mczapar2', 'auau', 'algetnya', 'narteyn', 'wmgoree', 'josansan85', 'camoreno', 'nazaret1', 'jamhar2887', 'icarbajal2', 'orkunarican', 'nashraf10', 'jhong21', 'mmize', 'yjia5', 'rrace2', 'dombro2', 'brycesim', 'sgamez', 'rdiaz4', 'shempel', 'feze', 'lebonilla2', 'mcastro', 'jfjhong', 'lolnano', 'canonsburg', 'jeanmx', 'bonsai007', 'ppark9', 'eece352', 'xjiang4', 'vanya', 'roether82', 'jwhyland', 'choquette', 'jorozco', 'jmespinosa', 'sshawver', 'camlei', 'opatel2', 'kfranci2', 'tallxcrunner', 'dsigety2', 'kbhagat2', 'msotomayor', 'echuro', 'joshjohnson1', 'jzucker2', 'jmertens', 'dcpalacios44', 'nkarsli', 'csanchez', 'chris242', 'araguirre', 'kezhou', 'jrhernandez2', 'tanya', 'jeremylake', 'pcypang', 'jobo', 'afperez', 'linis', 'falcon05', 'chenchen', 'minhas3', 'oldelgado', 'hn1301', 'xlange2', 'garrett3', 'yazmin', 'bethcook', 'clee0604', 'fjchagolla', 'almosbea', 'anjalis2006', 'newtype0313', 'blueice2', 'arasyurtman', 'sadderly', 'emreayture', 'scornwe2', 'dermeister', 'cjstanger', 'sturnfie', 'vj', 'dfigueroa', 'dholguin2', 'ryansbedell', 'bmd1988', 'turbo', 'mhammad87', 'gregilk1', 'hyungrae82', 'jonnyrobinson05', 'nnajdek', 'youngjkoh', 'burtay', 'shells26', 'mdelossantos', 'tsurma', 'abed75', 'ainglis2', 'lmaldonado', 'raguillen', 'halab', 'wanec471', 'dantle2', 'jaredeby', 'flsalina', 'emorales', 'cemilcanfb', 'pddiaz2', 'syafiqmz', 'cmcinty2', 'mdford2', None, 'eokada', 'rfavero2', 'despinoza4', 'hectorocampo', 'deronr', 'hakancu01', 'jadiaz', 'jreed32152']"
2,31,129,31,1,['mdford2'],127,"['qwervey', 'lsalayandia2', 'fineday', 'jpwolinski', 'arandia', 'ffierro', 'soni7', 'danterp', 'hoplayanmanda', 'karennan', 'lrwaller24', 'mvega', 'step23', 'rwong21', 'hilmo', 'billyvg', 'blu_eden', 'gcarreon', 'liveviva', 'kanslin', 'leadtrumpetdave', 'spadya', 'cdramos', 'sfarzim', 'gsalazar', 'ehiger', 'rodquinn', 'npaz', 'vestrada', 'allenleesun', 'eyutuc', 'auau', 'algetnya', 'narteyn', 'wmgoree', 'josansan85', 'camoreno', 'jamhar2887', 'icarbajal2', 'orkunarican', 'nashraf10', 'mmize', 'rrace2', 'brycesim', 'sgamez', 'rdiaz4', 'shempel', 'feze', 'lebonilla2', 'mcastro', 'jfjhong', 'lolnano', 'canonsburg', 'jeanmx', 'bonsai007', 'eece352', 'vanya', 'jwhyland', 'jorozco', 'jmespinosa', 'sshawver', 'camlei', 'tallxcrunner', 'msotomayor', 'echuro', 'joshjohnson1', 'jmertens', 'dcpalacios44', 'nkarsli', 'csanchez', 'chris242', 'araguirre', 'kezhou', 'jrhernandez2', 'tanya', 'jeremylake', 'pcypang', 'jobo', 'afperez', 'linis', 'falcon05', 'chenchen', 'minhas3', 'oldelgado', 'hn1301', 'yazmin', 'bethcook', 'clee0604', 'fjchagolla', 'almosbea', 'newtype0313', 'blueice2', 'arasyurtman', 'emreayture', 'dermeister', 'cjstanger', 'vj', 'dfigueroa', 'dholguin2', 'ryansbedell', 'turbo', 'mhammad87', 'gregilk1', 'jonnyrobinson05', 'nnajdek', 'burtay', 'shells26', 'mdelossantos', 'tsurma', 'abed75', 'lmaldonado', 'raguillen', 'halab', 'wanec471', 'jaredeby', 'flsalina', 'emorales', 'cemilcanfb', 'pddiaz2', 'syafiqmz', 'eokada', 'despinoza4', 'hectorocampo', 'deronr', 'hakancu01', 'jadiaz', 'jreed32152']",30,"['opatel2', 'jlcgse1921', 'kfranci2', 'dsigety2', 'kbhagat2', 'mczapar2', 'sturnfie', 'jzucker2', 'nazaret1', 'premraj1', 'hyungrae82', 'peiliu2', 'ramya44', 'youngjkoh', 'ainglis2', 'jhong21', 'yjia5', 'dombro2', 'garrett3', 'cmcinty2', None, 'ppark9', 'xjiang4', 'anjalis2006', 'mwilli26', 'noodle8', 'sadderly', 'rotap2', 'roether82', 'choquette']",158,"['qwervey', 'lsalayandia2', 'fineday', 'jpwolinski', 'arandia', 'ffierro', 'soni7', 'danterp', 'hoplayanmanda', 'karennan', 'peiliu2', 'ramya44', 'lrwaller24', 'mvega', 'step23', 'rwong21', 'hilmo', 'billyvg', 'blu_eden', 'gcarreon', 'liveviva', 'kanslin', 'leadtrumpetdave', 'spadya', 'cdramos', 'sfarzim', 'mwilli26', 'gsalazar', 'noodle8', 'ehiger', 'rotap2', 'rodquinn', 'npaz', 'jlcgse1921', 'vestrada', 'allenleesun', 'eyutuc', 'mczapar2', 'auau', 'algetnya', 'narteyn', 'wmgoree', 'josansan85', 'camoreno', 'nazaret1', 'premraj1', 'jamhar2887', 'icarbajal2', 'orkunarican', 'nashraf10', 'jhong21', 'mmize', 'yjia5', 'rrace2', 'dombro2', 'brycesim', 'sgamez', 'rdiaz4', 'shempel', 'feze', 'lebonilla2', 'mcastro', 'jfjhong', 'lolnano', 'canonsburg', 'jeanmx', 'bonsai007', 'ppark9', 'eece352', 'xjiang4', 'vanya', 'roether82', 'jwhyland', 'choquette', 'jorozco', 'jmespinosa', 'sshawver', 'camlei', 'opatel2', 'kfranci2', 'tallxcrunner', 'dsigety2', 'kbhagat2', 'msotomayor', 'echuro', 'joshjohnson1', 'jzucker2', 'jmertens', 'dcpalacios44', 'nkarsli', 'csanchez', 'chris242', 'araguirre', 'kezhou', 'jrhernandez2', 'tanya', 'jeremylake', 'pcypang', 'jobo', 'afperez', 'linis', 'falcon05', 'chenchen', 'minhas3', 'oldelgado', 'hn1301', 'garrett3', 'yazmin', 'bethcook', 'clee0604', 'fjchagolla', 'almosbea', 'anjalis2006', 'newtype0313', 'blueice2', 'arasyurtman', 'sadderly', 'emreayture', 'dermeister', 'cjstanger', 'sturnfie', 'vj', 'dfigueroa', 'dholguin2', 'ryansbedell', 'turbo', 'mhammad87', 'gregilk1', 'hyungrae82', 'jonnyrobinson05', 'nnajdek', 'youngjkoh', 'burtay', 'shells26', 'mdelossantos', 'tsurma', 'abed75', 'ainglis2', 'lmaldonado', 'raguillen', 'halab', 'wanec471', 'jaredeby', 'flsalina', 'emorales', 'cemilcanfb', 'pddiaz2', 'syafiqmz', 'cmcinty2', 'mdford2', None, 'eokada', 'despinoza4', 'hectorocampo', 'deronr', 'hakancu01', 'jadiaz', 'jreed32152']"
2,83,129,31,26,"['jmespinosa', 'lsalayandia2', 'vestrada', 'ffierro', 'dfigueroa', 'dholguin2', 'josansan85', 'csanchez', 'araguirre', 'mvega', 'lmaldonado', 'raguillen', 'afperez', 'oldelgado', 'emorales', 'pddiaz2', 'yazmin', 'shempel', 'rdiaz4', 'fjchagolla', 'lebonilla2', 'despinoza4', 'mcastro', 'gcarreon', 'bonsai007', 'gsalazar']",102,"['qwervey', 'fineday', 'jpwolinski', 'arandia', 'soni7', 'danterp', 'hoplayanmanda', 'karennan', 'lrwaller24', 'step23', 'rwong21', 'hilmo', 'billyvg', 'blu_eden', 'liveviva', 'kanslin', 'leadtrumpetdave', 'spadya', 'cdramos', 'sfarzim', 'ehiger', 'rodquinn', 'npaz', 'allenleesun', 'eyutuc', 'auau', 'algetnya', 'narteyn', 'wmgoree', 'camoreno', 'jamhar2887', 'icarbajal2', 'orkunarican', 'nashraf10', 'mmize', 'rrace2', 'brycesim', 'sgamez', 'feze', 'jfjhong', 'lolnano', 'canonsburg', 'jeanmx', 'eece352', 'vanya', 'jwhyland', 'jorozco', 'sshawver', 'camlei', 'tallxcrunner', 'msotomayor', 'echuro', 'joshjohnson1', 'jmertens', 'dcpalacios44', 'nkarsli', 'chris242', 'kezhou', 'jrhernandez2', 'tanya', 'jeremylake', 'pcypang', 'jobo', 'linis', 'falcon05', 'chenchen', 'minhas3', 'hn1301', 'bethcook', 'clee0604', 'almosbea', 'newtype0313', 'blueice2', 'arasyurtman', 'emreayture', 'dermeister', 'cjstanger', 'vj', 'ryansbedell', 'turbo', 'mhammad87', 'gregilk1', 'jonnyrobinson05', 'nnajdek', 'burtay', 'shells26', 'mdelossantos', 'tsurma', 'abed75', 'halab', 'wanec471', 'jaredeby', 'flsalina', 'cemilcanfb', 'syafiqmz', 'mdford2', 'eokada', 'hectorocampo', 'deronr', 'hakancu01', 'jadiaz', 'jreed32152']",5,"['rprice', 'srodriguez', 'anramos', 'mcmeza', None]",133,"['qwervey', 'lsalayandia2', 'fineday', 'jpwolinski', 'arandia', 'ffierro', 'soni7', 'danterp', 'hoplayanmanda', 'karennan', 'lrwaller24', 'mvega', 'step23', 'rwong21', 'hilmo', 'billyvg', 'blu_eden', 'gcarreon', 'liveviva', 'kanslin', 'leadtrumpetdave', 'spadya', 'cdramos', 'sfarzim', 'gsalazar', 'ehiger', 'rodquinn', 'npaz', 'vestrada', 'allenleesun', 'eyutuc', 'auau', 'algetnya', 'narteyn', 'wmgoree', 'josansan85', 'camoreno', 'jamhar2887', 'icarbajal2', 'orkunarican', 'nashraf10', 'mmize', 'rrace2', 'brycesim', 'sgamez', 'rdiaz4', 'shempel', 'feze', 'lebonilla2', 'mcastro', 'jfjhong', 'lolnano', 'canonsburg', 'jeanmx', 'bonsai007', 'eece352', 'vanya', 'anramos', 'jwhyland', 'jorozco', 'jmespinosa', 'sshawver', 'camlei', 'tallxcrunner', 'msotomayor', 'echuro', 'srodriguez', 'joshjohnson1', 'jmertens', 'dcpalacios44', 'nkarsli', 'csanchez', 'chris242', 'araguirre', 'kezhou', 'rprice', 'jrhernandez2', 'tanya', 'jeremylake', 'pcypang', 'jobo', 'afperez', 'linis', 'falcon05', 'chenchen', 'minhas3', 'oldelgado', 'hn1301', 'yazmin', 'bethcook', 'clee0604', 'fjchagolla', 'almosbea', 'newtype0313', 'blueice2', 'arasyurtman', 'emreayture', 'mcmeza', 'dermeister', 'cjstanger', 'vj', 'dfigueroa', 'dholguin2', 'ryansbedell', 'turbo', 'mhammad87', 'gregilk1', 'jonnyrobinson05', 'nnajdek', 'burtay', 'shells26', 'mdelossantos', 'tsurma', 'abed75', 'lmaldonado', 'raguillen', 'halab', 'wanec471', 'jaredeby', 'flsalina', 'emorales', 'cemilcanfb', 'pddiaz2', 'syafiqmz', 'mdford2', None, 'eokada', 'despinoza4', 'hectorocampo', 'deronr', 'hakancu01', 'jadiaz', 'jreed32152']"
2,79,129,23,15,"['sshawver', 'turbo', 'gregilk1', 'jamhar2887', 'hectorocampo', 'jeanmx', 'jonnyrobinson05', 'cjstanger', 'jaredeby', 'brycesim', 'joshjohnson1', 'tanya', 'bethcook', 'ehiger', 'jreed32152']",113,"['qwervey', 'lsalayandia2', 'fineday', 'jpwolinski', 'arandia', 'ffierro', 'soni7', 'danterp', 'hoplayanmanda', 'karennan', 'lrwaller24', 'mvega', 'step23', 'rwong21', 'hilmo', 'billyvg', 'blu_eden', 'gcarreon', 'liveviva', 'kanslin', 'leadtrumpetdave', 'spadya', 'cdramos', 'sfarzim', 'gsalazar', 'rodquinn', 'npaz', 'vestrada', 'allenleesun', 'eyutuc', 'auau', 'algetnya', 'narteyn', 'wmgoree', 'josansan85', 'camoreno', 'icarbajal2', 'orkunarican', 'nashraf10', 'mmize', 'rrace2', 'sgamez', 'rdiaz4', 'shempel', 'feze', 'lebonilla2', 'mcastro', 'jfjhong', 'lolnano', 'canonsburg', 'bonsai007', 'eece352', 'vanya', 'jwhyland', 'jorozco', 'jmespinosa', 'camlei', 'tallxcrunner', 'msotomayor', 'echuro', 'jmertens', 'dcpalacios44', 'nkarsli', 'csanchez', 'chris242', 'araguirre', 'kezhou', 'jrhernandez2', 'jeremylake', 'pcypang', 'jobo', 'afperez', 'linis', 'falcon05', 'chenchen', 'minhas3', 'oldelgado', 'hn1301', 'yazmin', 'clee0604', 'fjchagolla', 'almosbea', 'newtype0313', 'blueice2', 'arasyurtman', 'emreayture', 'dermeister', 'vj', 'dfigueroa', 'dholguin2', 'ryansbedell', 'mhammad87', 'nnajdek', 'burtay', 'shells26', 'mdelossantos', 'tsurma', 'abed75', 'lmaldonado', 'raguillen', 'halab', 'wanec471', 'flsalina', 'emorales', 'cemilcanfb', 'pddiaz2', 'syafiqmz', 'mdford2', 'eokada', 'despinoza4', 'deronr', 'hakancu01', 'jadiaz']",8,"['leticiamaresca', 'cameronwiseman', 'amritajashnani', 'sharmanshika', 'rscott', 'antoniooblea', 'cobbley74', None]",136,"['qwervey', 'lsalayandia2', 'fineday', 'jpwolinski', 'rscott', 'arandia', 'ffierro', 'soni7', 'danterp', 'hoplayanmanda', 'karennan', 'lrwaller24', 'mvega', 'step23', 'rwong21', 'hilmo', 'billyvg', 'cameronwiseman', 'cobbley74', 'blu_eden', 'gcarreon', 'liveviva', 'kanslin', 'leadtrumpetdave', 'spadya', 'cdramos', 'sfarzim', 'gsalazar', 'ehiger', 'rodquinn', 'npaz', 'vestrada', 'allenleesun', 'eyutuc', 'auau', 'algetnya', 'narteyn', 'wmgoree', 'josansan85', 'camoreno', 'jamhar2887', 'icarbajal2', 'orkunarican', 'nashraf10', 'mmize', 'amritajashnani', 'rrace2', 'sharmanshika', 'brycesim', 'sgamez', 'rdiaz4', 'shempel', 'feze', 'lebonilla2', 'leticiamaresca', 'mcastro', 'jfjhong', 'lolnano', 'canonsburg', 'jeanmx', 'bonsai007', 'eece352', 'vanya', 'jwhyland', 'jorozco', 'jmespinosa', 'sshawver', 'camlei', 'tallxcrunner', 'msotomayor', 'echuro', 'joshjohnson1', 'jmertens', 'dcpalacios44', 'nkarsli', 'csanchez', 'chris242', 'araguirre', 'kezhou', 'jrhernandez2', 'tanya', 'jeremylake', 'pcypang', 'jobo', 'afperez', 'linis', 'falcon05', 'chenchen', 'minhas3', 'oldelgado', 'hn1301', 'yazmin', 'bethcook', 'clee0604', 'fjchagolla', 'almosbea', 'newtype0313', 'blueice2', 'antoniooblea', 'arasyurtman', 'emreayture', 'dermeister', 'cjstanger', 'vj', 'dfigueroa', 'dholguin2', 'ryansbedell', 'turbo', 'mhammad87', 'gregilk1', 'jonnyrobinson05', 'nnajdek', 'burtay', 'shells26', 'mdelossantos', 'tsurma', 'abed75', 'lmaldonado', 'raguillen', 'halab', 'wanec471', 'jaredeby', 'flsalina', 'emorales', 'cemilcanfb', 'pddiaz2', 'syafiqmz', 'mdford2', None, 'eokada', 'despinoza4', 'hectorocampo', 'deronr', 'hakancu01', 'jadiaz', 'jreed32152']"
2,32,129,20,2,"['soni7', 'billyvg']",126,"['qwervey', 'lsalayandia2', 'fineday', 'jpwolinski', 'arandia', 'ffierro', 'danterp', 'hoplayanmanda', 'karennan', 'lrwaller24', 'mvega', 'step23', 'rwong21', 'hilmo', 'blu_eden', 'gcarreon', 'liveviva', 'kanslin', 'leadtrumpetdave', 'spadya', 'cdramos', 'sfarzim', 'gsalazar', 'ehiger', 'rodquinn', 'npaz', 'vestrada', 'allenleesun', 'eyutuc', 'auau', 'algetnya', 'narteyn', 'wmgoree', 'josansan85', 'camoreno', 'jamhar2887', 'icarbajal2', 'orkunarican', 'nashraf10', 'mmize', 'rrace2', 'brycesim', 'sgamez', 'rdiaz4', 'shempel', 'feze', 'lebonilla2', 'mcastro', 'jfjhong', 'lolnano', 'canonsburg', 'jeanmx', 'bonsai007', 'eece352', 'vanya', 'jwhyland', 'jorozco', 'jmespinosa', 'sshawver', 'camlei', 'tallxcrunner', 'msotomayor', 'echuro', 'joshjohnson1', 'jmertens', 'dcpalacios44', 'nkarsli', 'csanchez', 'chris242', 'araguirre', 'kezhou', 'jrhernandez2', 'tanya', 'jeremylake', 'pcypang', 'jobo', 'afperez', 'linis', 'falcon05', 'chenchen', 'minhas3', 'oldelgado', 'hn1301', 'yazmin', 'bethcook', 'clee0604', 'fjchagolla', 'almosbea', 'newtype0313', 'blueice2', 'arasyurtman', 'emreayture', 'dermeister', 'cjstanger', 'vj', 'dfigueroa', 'dholguin2', 'ryansbedell', 'turbo', 'mhammad87', 'gregilk1', 'jonnyrobinson05', 'nnajdek', 'burtay', 'shells26', 'mdelossantos', 'tsurma', 'abed75', 'lmaldonado', 'raguillen', 'halab', 'wanec471', 'jaredeby', 'flsalina', 'emorales', 'cemilcanfb', 'pddiaz2', 'syafiqmz', 'mdford2', 'eokada', 'despinoza4', 'hectorocampo', 'deronr', 'hakancu01', 'jadiaz', 'jreed32152']",18,"['opatel2', 'rfavero2', 'assface', 'xjiang4', 'raygrl88', 'cdpatel2', 'garrett3', 'mdejesu2', 'wcourtn2', 'lam5', 'gchou2', 'noodle8', 'rotap2', 'jhong21', 'pvora2', 'nictse500', 'mgan2', None]",146,"['qwervey', 'lsalayandia2', 'fineday', 'jpwolinski', 'arandia', 'ffierro', 'soni7', 'danterp', 'hoplayanmanda', 'karennan', 'raygrl88', 'lrwaller24', 'mvega', 'step23', 'rwong21', 'hilmo', 'billyvg', 'pvora2', 'blu_eden', 'gcarreon', 'liveviva', 'kanslin', 'leadtrumpetdave', 'spadya', 'cdramos', 'sfarzim', 'gsalazar', 'noodle8', 'ehiger', 'rotap2', 'rodquinn', 'npaz', 'vestrada', 'allenleesun', 'eyutuc', 'auau', 'algetnya', 'narteyn', 'wmgoree', 'josansan85', 'camoreno', 'jamhar2887', 'icarbajal2', 'orkunarican', 'nashraf10', 'cdpatel2', 'lam5', 'jhong21', 'mmize', 'rrace2', 'brycesim', 'sgamez', 'rdiaz4', 'shempel', 'feze', 'lebonilla2', 'mcastro', 'jfjhong', 'lolnano', 'canonsburg', 'jeanmx', 'bonsai007', 'assface', 'eece352', 'xjiang4', 'wcourtn2', 'vanya', 'mgan2', 'jwhyland', 'jorozco', 'jmespinosa', 'sshawver', 'camlei', 'opatel2', 'tallxcrunner', 'msotomayor', 'echuro', 'joshjohnson1', 'jmertens', 'dcpalacios44', 'nkarsli', 'csanchez', 'chris242', 'araguirre', 'kezhou', 'jrhernandez2', 'tanya', 'jeremylake', 'pcypang', 'jobo', 'afperez', 'linis', 'falcon05', 'chenchen', 'minhas3', 'oldelgado', 'hn1301', 'garrett3', 'yazmin', 'bethcook', 'clee0604', 'fjchagolla', 'almosbea', 'newtype0313', 'blueice2', 'arasyurtman', 'nictse500', 'emreayture', 'dermeister', 'cjstanger', 'vj', 'dfigueroa', 'dholguin2', 'ryansbedell', 'turbo', 'mhammad87', 'gregilk1', 'jonnyrobinson05', 'nnajdek', 'burtay', 'shells26', 'mdelossantos', 'tsurma', 'abed75', 'gchou2', 'lmaldonado', 'raguillen', 'halab', 'wanec471', 'jaredeby', 'flsalina', 'emorales', 'cemilcanfb', 'pddiaz2', 'syafiqmz', 'mdford2', None, 'eokada', 'rfavero2', 'despinoza4', 'hectorocampo', 'deronr', 'hakancu01', 'mdejesu2', 'jadiaz', 'jreed32152']"
2,69,129,20,2,"['soni7', 'mdford2']",126,"['qwervey', 'lsalayandia2', 'fineday', 'jpwolinski', 'arandia', 'ffierro', 'danterp', 'hoplayanmanda', 'karennan', 'lrwaller24', 'mvega', 'step23', 'rwong21', 'hilmo', 'billyvg', 'blu_eden', 'gcarreon', 'liveviva', 'kanslin', 'leadtrumpetdave', 'spadya', 'cdramos', 'sfarzim', 'gsalazar', 'ehiger', 'rodquinn', 'npaz', 'vestrada', 'allenleesun', 'eyutuc', 'auau', 'algetnya', 'narteyn', 'wmgoree', 'josansan85', 'camoreno', 'jamhar2887', 'icarbajal2', 'orkunarican', 'nashraf10', 'mmize', 'rrace2', 'brycesim', 'sgamez', 'rdiaz4', 'shempel', 'feze', 'lebonilla2', 'mcastro', 'jfjhong', 'lolnano', 'canonsburg', 'jeanmx', 'bonsai007', 'eece352', 'vanya', 'jwhyland', 'jorozco', 'jmespinosa', 'sshawver', 'camlei', 'tallxcrunner', 'msotomayor', 'echuro', 'joshjohnson1', 'jmertens', 'dcpalacios44', 'nkarsli', 'csanchez', 'chris242', 'araguirre', 'kezhou', 'jrhernandez2', 'tanya', 'jeremylake', 'pcypang', 'jobo', 'afperez', 'linis', 'falcon05', 'chenchen', 'minhas3', 'oldelgado', 'hn1301', 'yazmin', 'bethcook', 'clee0604', 'fjchagolla', 'almosbea', 'newtype0313', 'blueice2', 'arasyurtman', 'emreayture', 'dermeister', 'cjstanger', 'vj', 'dfigueroa', 'dholguin2', 'ryansbedell', 'turbo', 'mhammad87', 'gregilk1', 'jonnyrobinson05', 'nnajdek', 'burtay', 'shells26', 'mdelossantos', 'tsurma', 'abed75', 'lmaldonado', 'raguillen', 'halab', 'wanec471', 'jaredeby', 'flsalina', 'emorales', 'cemilcanfb', 'pddiaz2', 'syafiqmz', 'eokada', 'despinoza4', 'hectorocampo', 'deronr', 'hakancu01', 'jadiaz', 'jreed32152']",18,"['bengani1', 'kbhagat2', 'cwojtko2', 'cdpatel2', 'garrett3', 'anjalis2006', 'rshishk2', 'mdejesu2', 'wcourtn2', 'lam5', 'gchou2', 'noodle8', 'nictse500', 'rotap2', 'pvora2', 'mgan2', None, 'msalmani']",146,"['qwervey', 'lsalayandia2', 'fineday', 'jpwolinski', 'arandia', 'ffierro', 'soni7', 'danterp', 'hoplayanmanda', 'karennan', 'lrwaller24', 'mvega', 'step23', 'rwong21', 'hilmo', 'billyvg', 'pvora2', 'blu_eden', 'msalmani', 'gcarreon', 'liveviva', 'kanslin', 'leadtrumpetdave', 'spadya', 'cdramos', 'sfarzim', 'gsalazar', 'noodle8', 'ehiger', 'rotap2', 'rodquinn', 'npaz', 'vestrada', 'allenleesun', 'bengani1', 'eyutuc', 'auau', 'algetnya', 'narteyn', 'wmgoree', 'josansan85', 'camoreno', 'jamhar2887', 'icarbajal2', 'orkunarican', 'nashraf10', 'cdpatel2', 'lam5', 'mmize', 'rrace2', 'brycesim', 'sgamez', 'rdiaz4', 'shempel', 'feze', 'lebonilla2', 'mcastro', 'jfjhong', 'lolnano', 'canonsburg', 'jeanmx', 'bonsai007', 'eece352', 'rshishk2', 'wcourtn2', 'vanya', 'mgan2', 'jwhyland', 'jorozco', 'jmespinosa', 'sshawver', 'camlei', 'tallxcrunner', 'kbhagat2', 'msotomayor', 'echuro', 'joshjohnson1', 'jmertens', 'dcpalacios44', 'nkarsli', 'csanchez', 'chris242', 'araguirre', 'kezhou', 'jrhernandez2', 'tanya', 'jeremylake', 'pcypang', 'jobo', 'afperez', 'linis', 'falcon05', 'chenchen', 'minhas3', 'oldelgado', 'hn1301', 'cwojtko2', 'garrett3', 'yazmin', 'bethcook', 'clee0604', 'fjchagolla', 'almosbea', 'anjalis2006', 'newtype0313', 'blueice2', 'arasyurtman', 'nictse500', 'emreayture', 'dermeister', 'cjstanger', 'vj', 'dfigueroa', 'dholguin2', 'ryansbedell', 'turbo', 'mhammad87', 'gregilk1', 'jonnyrobinson05', 'nnajdek', 'burtay', 'shells26', 'mdelossantos', 'tsurma', 'abed75', 'gchou2', 'lmaldonado', 'raguillen', 'halab', 'wanec471', 'jaredeby', 'flsalina', 'emorales', 'cemilcanfb', 'pddiaz2', 'syafiqmz', 'mdford2', None, 'eokada', 'despinoza4', 'hectorocampo', 'deronr', 'hakancu01', 'mdejesu2', 'jadiaz', 'jreed32152']"
2,80,129,18,1,['cemilcanfb'],127,"['qwervey', 'lsalayandia2', 'fineday', 'jpwolinski', 'arandia', 'ffierro', 'soni7', 'danterp', 'hoplayanmanda', 'karennan', 'lrwaller24', 'mvega', 'step23', 'rwong21', 'hilmo', 'billyvg', 'blu_eden', 'gcarreon', 'liveviva', 'kanslin', 'leadtrumpetdave', 'spadya', 'cdramos', 'sfarzim', 'gsalazar', 'ehiger', 'rodquinn', 'npaz', 'vestrada', 'allenleesun', 'eyutuc', 'auau', 'algetnya', 'narteyn', 'wmgoree', 'josansan85', 'camoreno', 'jamhar2887', 'icarbajal2', 'orkunarican', 'nashraf10', 'mmize', 'rrace2', 'brycesim', 'sgamez', 'rdiaz4', 'shempel', 'feze', 'lebonilla2', 'mcastro', 'jfjhong', 'lolnano', 'canonsburg', 'jeanmx', 'bonsai007', 'eece352', 'vanya', 'jwhyland', 'jorozco', 'jmespinosa', 'sshawver', 'camlei', 'tallxcrunner', 'msotomayor', 'echuro', 'joshjohnson1', 'jmertens', 'dcpalacios44', 'nkarsli', 'csanchez', 'chris242', 'araguirre', 'kezhou', 'jrhernandez2', 'tanya', 'jeremylake', 'pcypang', 'jobo', 'afperez', 'linis', 'falcon05', 'chenchen', 'minhas3', 'oldelgado', 'hn1301', 'yazmin', 'bethcook', 'clee0604', 'fjchagolla', 'almosbea', 'newtype0313', 'blueice2', 'arasyurtman', 'emreayture', 'dermeister', 'cjstanger', 'vj', 'dfigueroa', 'dholguin2', 'ryansbedell', 'turbo', 'mhammad87', 'gregilk1', 'jonnyrobinson05', 'nnajdek', 'burtay', 'shells26', 'mdelossantos', 'tsurma', 'abed75', 'lmaldonado', 'raguillen', 'halab', 'wanec471', 'jaredeby', 'flsalina', 'emorales', 'pddiaz2', 'syafiqmz', 'mdford2', 'eokada', 'despinoza4', 'hectorocampo', 'deronr', 'hakancu01', 'jadiaz', 'jreed32152']",17,"['onurkl', 'ardak8', 'cembila', 'tostostos', 'moz', 'furkancan', 'denizakkaya', 'vehbi', 'ikemalk', 'bbolukbasi', 'nihat', 'bekirtopaloglu', 'ilgea', 'mhmtmtl', 'kyener', None, 'irmakcomert']",145,"['qwervey', 'lsalayandia2', 'onurkl', 'tostostos', 'fineday', 'ikemalk', 'bbolukbasi', 'jpwolinski', 'arandia', 'ffierro', 'ardak8', 'soni7', 'danterp', 'hoplayanmanda', 'karennan', 'lrwaller24', 'mvega', 'step23', 'rwong21', 'hilmo', 'billyvg', 'blu_eden', 'gcarreon', 'liveviva', 'kanslin', 'leadtrumpetdave', 'spadya', 'cdramos', 'sfarzim', 'gsalazar', 'ehiger', 'rodquinn', 'npaz', 'vestrada', 'moz', 'allenleesun', 'eyutuc', 'auau', 'algetnya', 'narteyn', 'wmgoree', 'josansan85', 'camoreno', 'jamhar2887', 'icarbajal2', 'orkunarican', 'nashraf10', 'mmize', 'rrace2', 'brycesim', 'nihat', 'sgamez', 'rdiaz4', 'shempel', 'feze', 'lebonilla2', 'mcastro', 'jfjhong', 'lolnano', 'canonsburg', 'jeanmx', 'bonsai007', 'eece352', 'vanya', 'jwhyland', 'jorozco', 'jmespinosa', 'sshawver', 'camlei', 'tallxcrunner', 'msotomayor', 'echuro', 'joshjohnson1', 'jmertens', 'dcpalacios44', 'nkarsli', 'csanchez', 'chris242', 'araguirre', 'kezhou', 'cembila', 'jrhernandez2', 'tanya', 'jeremylake', 'ilgea', 'pcypang', 'jobo', 'afperez', 'linis', 'falcon05', 'chenchen', 'minhas3', 'oldelgado', 'hn1301', 'yazmin', 'bethcook', 'clee0604', 'fjchagolla', 'almosbea', 'newtype0313', 'blueice2', 'arasyurtman', 'emreayture', 'dermeister', 'cjstanger', 'kyener', 'vj', 'dfigueroa', 'dholguin2', 'ryansbedell', 'turbo', 'mhammad87', 'gregilk1', 'denizakkaya', 'jonnyrobinson05', 'nnajdek', 'burtay', 'shells26', 'mdelossantos', 'tsurma', 'abed75', 'mhmtmtl', 'lmaldonado', 'raguillen', 'halab', 'wanec471', 'furkancan', 'jaredeby', 'flsalina', 'emorales', 'cemilcanfb', 'pddiaz2', 'syafiqmz', 'mdford2', None, 'eokada', 'despinoza4', 'hectorocampo', 'vehbi', 'deronr', 'hakancu01', 'jadiaz', 'bekirtopaloglu', 'jreed32152', 'irmakcomert']"
2,72,129,16,2,"['jwhyland', 'nnajdek']",126,"['qwervey', 'lsalayandia2', 'fineday', 'jpwolinski', 'arandia', 'ffierro', 'soni7', 'danterp', 'hoplayanmanda', 'karennan', 'lrwaller24', 'mvega', 'step23', 'rwong21', 'hilmo', 'billyvg', 'blu_eden', 'gcarreon', 'liveviva', 'kanslin', 'leadtrumpetdave', 'spadya', 'cdramos', 'sfarzim', 'gsalazar', 'ehiger', 'rodquinn', 'npaz', 'vestrada', 'allenleesun', 'eyutuc', 'auau', 'algetnya', 'narteyn', 'wmgoree', 'josansan85', 'camoreno', 'jamhar2887', 'icarbajal2', 'orkunarican', 'nashraf10', 'mmize', 'rrace2', 'brycesim', 'sgamez', 'rdiaz4', 'shempel', 'feze', 'lebonilla2', 'mcastro', 'jfjhong', 'lolnano', 'canonsburg', 'jeanmx', 'bonsai007', 'eece352', 'vanya', 'jorozco', 'jmespinosa', 'sshawver', 'camlei', 'tallxcrunner', 'msotomayor', 'echuro', 'joshjohnson1', 'jmertens', 'dcpalacios44', 'nkarsli', 'csanchez', 'chris242', 'araguirre', 'kezhou', 'jrhernandez2', 'tanya', 'jeremylake', 'pcypang', 'jobo', 'afperez', 'linis', 'falcon05', 'chenchen', 'minhas3', 'oldelgado', 'hn1301', 'yazmin', 'bethcook', 'clee0604', 'fjchagolla', 'almosbea', 'newtype0313', 'blueice2', 'arasyurtman', 'emreayture', 'dermeister', 'cjstanger', 'vj', 'dfigueroa', 'dholguin2', 'ryansbedell', 'turbo', 'mhammad87', 'gregilk1', 'jonnyrobinson05', 'burtay', 'shells26', 'mdelossantos', 'tsurma', 'abed75', 'lmaldonado', 'raguillen', 'halab', 'wanec471', 'jaredeby', 'flsalina', 'emorales', 'cemilcanfb', 'pddiaz2', 'syafiqmz', 'mdford2', 'eokada', 'despinoza4', 'hectorocampo', 'deronr', 'hakancu01', 'jadiaz', 'jreed32152']",14,"['ssadeque', '02paiks', 'icmyselfinu', 'jain28', None, 'jjallal', 'onurucler', 'jloy', 'mumbly_joe', 'ashtone_rose', 'rexhuang81', 'prwest', 'sourdon', 'msalmani']",142,"['qwervey', 'lsalayandia2', 'fineday', 'jpwolinski', 'jloy', 'arandia', 'ffierro', 'soni7', 'danterp', 'hoplayanmanda', 'karennan', 'lrwaller24', 'mvega', 'step23', 'rwong21', 'hilmo', 'billyvg', 'mumbly_joe', 'blu_eden', 'msalmani', 'gcarreon', 'liveviva', 'kanslin', 'leadtrumpetdave', 'spadya', 'cdramos', 'sfarzim', 'gsalazar', 'ehiger', 'rodquinn', 'npaz', 'vestrada', 'allenleesun', 'eyutuc', 'auau', 'algetnya', 'narteyn', 'wmgoree', 'josansan85', 'camoreno', 'jamhar2887', 'icarbajal2', 'orkunarican', 'nashraf10', 'jain28', 'mmize', 'sourdon', 'rrace2', 'brycesim', 'sgamez', 'rdiaz4', 'shempel', 'feze', 'lebonilla2', 'mcastro', 'jfjhong', '02paiks', 'lolnano', 'canonsburg', 'jeanmx', 'bonsai007', 'eece352', 'vanya', 'jwhyland', 'jorozco', 'jmespinosa', 'sshawver', 'camlei', 'tallxcrunner', 'icmyselfinu', 'msotomayor', 'echuro', 'joshjohnson1', 'jmertens', 'dcpalacios44', 'nkarsli', 'csanchez', 'chris242', 'araguirre', 'kezhou', 'jrhernandez2', 'tanya', 'jeremylake', 'pcypang', 'jobo', 'afperez', 'linis', 'falcon05', 'chenchen', 'minhas3', 'oldelgado', 'hn1301', 'yazmin', 'bethcook', 'clee0604', 'fjchagolla', 'almosbea', 'newtype0313', 'blueice2', 'arasyurtman', 'ashtone_rose', 'emreayture', 'ssadeque', 'dermeister', 'cjstanger', 'jjallal', 'onurucler', 'vj', 'dfigueroa', 'dholguin2', 'prwest', 'ryansbedell', 'turbo', 'mhammad87', 'gregilk1', 'jonnyrobinson05', 'nnajdek', 'burtay', 'shells26', 'mdelossantos', 'tsurma', 'abed75', 'lmaldonado', 'raguillen', 'halab', 'wanec471', 'jaredeby', 'flsalina', 'emorales', 'cemilcanfb', 'pddiaz2', 'syafiqmz', 'mdford2', 'rexhuang81', 'eokada', None, 'despinoza4', 'hectorocampo', 'deronr', 'hakancu01', 'jadiaz', 'jreed32152']"
2,42,129,15,1,['cemilcanfb'],127,"['qwervey', 'lsalayandia2', 'fineday', 'jpwolinski', 'arandia', 'ffierro', 'soni7', 'danterp', 'hoplayanmanda', 'karennan', 'lrwaller24', 'mvega', 'step23', 'rwong21', 'hilmo', 'billyvg', 'blu_eden', 'gcarreon', 'liveviva', 'kanslin', 'leadtrumpetdave', 'spadya', 'cdramos', 'sfarzim', 'gsalazar', 'ehiger', 'rodquinn', 'npaz', 'vestrada', 'allenleesun', 'eyutuc', 'auau', 'algetnya', 'narteyn', 'wmgoree', 'josansan85', 'camoreno', 'jamhar2887', 'icarbajal2', 'orkunarican', 'nashraf10', 'mmize', 'rrace2', 'brycesim', 'sgamez', 'rdiaz4', 'shempel', 'feze', 'lebonilla2', 'mcastro', 'jfjhong', 'lolnano', 'canonsburg', 'jeanmx', 'bonsai007', 'eece352', 'vanya', 'jwhyland', 'jorozco', 'jmespinosa', 'sshawver', 'camlei', 'tallxcrunner', 'msotomayor', 'echuro', 'joshjohnson1', 'jmertens', 'dcpalacios44', 'nkarsli', 'csanchez', 'chris242', 'araguirre', 'kezhou', 'jrhernandez2', 'tanya', 'jeremylake', 'pcypang', 'jobo', 'afperez', 'linis', 'falcon05', 'chenchen', 'minhas3', 'oldelgado', 'hn1301', 'yazmin', 'bethcook', 'clee0604', 'fjchagolla', 'almosbea', 'newtype0313', 'blueice2', 'arasyurtman', 'emreayture', 'dermeister', 'cjstanger', 'vj', 'dfigueroa', 'dholguin2', 'ryansbedell', 'turbo', 'mhammad87', 'gregilk1', 'jonnyrobinson05', 'nnajdek', 'burtay', 'shells26', 'mdelossantos', 'tsurma', 'abed75', 'lmaldonado', 'raguillen', 'halab', 'wanec471', 'jaredeby', 'flsalina', 'emorales', 'pddiaz2', 'syafiqmz', 'mdford2', 'eokada', 'despinoza4', 'hectorocampo', 'deronr', 'hakancu01', 'jadiaz', 'jreed32152']",14,"['onurkl', 'cembila', 'tostostos', 'furkancan', 'denizakkaya', 'vehbi', 'ikemalk', 'bbolukbasi', 'nihat', 'ilgea', 'mhmtmtl', 'kyener', None, 'ardak8']",142,"['qwervey', 'lsalayandia2', 'onurkl', 'tostostos', 'fineday', 'ikemalk', 'bbolukbasi', 'jpwolinski', 'arandia', 'ffierro', 'ardak8', 'soni7', 'danterp', 'hoplayanmanda', 'karennan', 'lrwaller24', 'mvega', 'step23', 'rwong21', 'hilmo', 'billyvg', 'blu_eden', 'gcarreon', 'liveviva', 'kanslin', 'leadtrumpetdave', 'spadya', 'cdramos', 'sfarzim', 'gsalazar', 'ehiger', 'rodquinn', 'npaz', 'vestrada', 'allenleesun', 'eyutuc', 'auau', 'algetnya', 'narteyn', 'wmgoree', 'josansan85', 'camoreno', 'jamhar2887', 'icarbajal2', 'orkunarican', 'nashraf10', 'mmize', 'rrace2', 'brycesim', 'nihat', 'sgamez', 'rdiaz4', 'shempel', 'feze', 'lebonilla2', 'mcastro', 'jfjhong', 'lolnano', 'canonsburg', 'jeanmx', 'bonsai007', 'eece352', 'vanya', 'jwhyland', 'jorozco', 'jmespinosa', 'sshawver', 'camlei', 'tallxcrunner', 'msotomayor', 'echuro', 'joshjohnson1', 'jmertens', 'dcpalacios44', 'nkarsli', 'csanchez', 'chris242', 'araguirre', 'kezhou', 'cembila', 'jrhernandez2', 'tanya', 'jeremylake', 'ilgea', 'pcypang', 'jobo', 'afperez', 'linis', 'falcon05', 'chenchen', 'minhas3', 'oldelgado', 'hn1301', 'yazmin', 'bethcook', 'clee0604', 'fjchagolla', 'almosbea', 'newtype0313', 'blueice2', 'arasyurtman', 'emreayture', 'dermeister', 'cjstanger', 'kyener', 'vj', 'dfigueroa', 'dholguin2', 'ryansbedell', 'turbo', 'mhammad87', 'gregilk1', 'denizakkaya', 'jonnyrobinson05', 'nnajdek', 'burtay', 'shells26', 'mdelossantos', 'tsurma', 'abed75', 'mhmtmtl', 'lmaldonado', 'raguillen', 'halab', 'wanec471', 'furkancan', 'jaredeby', 'flsalina', 'emorales', 'cemilcanfb', 'pddiaz2', 'syafiqmz', 'mdford2', None, 'eokada', 'despinoza4', 'hectorocampo', 'vehbi', 'deronr', 'hakancu01', 'jadiaz', 'jreed32152']"
2,74,129,15,2,"['hoplayanmanda', 'feze']",126,"['qwervey', 'lsalayandia2', 'fineday', 'jpwolinski', 'arandia', 'ffierro', 'soni7', 'danterp', 'karennan', 'lrwaller24', 'mvega', 'step23', 'rwong21', 'hilmo', 'billyvg', 'blu_eden', 'gcarreon', 'liveviva', 'kanslin', 'leadtrumpetdave', 'spadya', 'cdramos', 'sfarzim', 'gsalazar', 'ehiger', 'rodquinn', 'npaz', 'vestrada', 'allenleesun', 'eyutuc', 'auau', 'algetnya', 'narteyn', 'wmgoree', 'josansan85', 'camoreno', 'jamhar2887', 'icarbajal2', 'orkunarican', 'nashraf10', 'mmize', 'rrace2', 'brycesim', 'sgamez', 'rdiaz4', 'shempel', 'lebonilla2', 'mcastro', 'jfjhong', 'lolnano', 'canonsburg', 'jeanmx', 'bonsai007', 'eece352', 'vanya', 'jwhyland', 'jorozco', 'jmespinosa', 'sshawver', 'camlei', 'tallxcrunner', 'msotomayor', 'echuro', 'joshjohnson1', 'jmertens', 'dcpalacios44', 'nkarsli', 'csanchez', 'chris242', 'araguirre', 'kezhou', 'jrhernandez2', 'tanya', 'jeremylake', 'pcypang', 'jobo', 'afperez', 'linis', 'falcon05', 'chenchen', 'minhas3', 'oldelgado', 'hn1301', 'yazmin', 'bethcook', 'clee0604', 'fjchagolla', 'almosbea', 'newtype0313', 'blueice2', 'arasyurtman', 'emreayture', 'dermeister', 'cjstanger', 'vj', 'dfigueroa', 'dholguin2', 'ryansbedell', 'turbo', 'mhammad87', 'gregilk1', 'jonnyrobinson05', 'nnajdek', 'burtay', 'shells26', 'mdelossantos', 'tsurma', 'abed75', 'lmaldonado', 'raguillen', 'halab', 'wanec471', 'jaredeby', 'flsalina', 'emorales', 'cemilcanfb', 'pddiaz2', 'syafiqmz', 'mdford2', 'eokada', 'despinoza4', 'hectorocampo', 'deronr', 'hakancu01', 'jadiaz', 'jreed32152']",13,"['furkancan', 'denizakkaya', 'hamsiii', 'ttek', 'ikemalk', 'bbolukbasi', 'ilgea', 'kucukdevec', 'givenci', 'turcan', 'mhmtmtl', None, 'xcuh']",141,"['qwervey', 'lsalayandia2', 'fineday', 'ikemalk', 'bbolukbasi', 'jpwolinski', 'arandia', 'ffierro', 'soni7', 'danterp', 'hoplayanmanda', 'karennan', 'lrwaller24', 'mvega', 'step23', 'xcuh', 'rwong21', 'hilmo', 'billyvg', 'ttek', 'blu_eden', 'gcarreon', 'liveviva', 'kanslin', 'leadtrumpetdave', 'spadya', 'cdramos', 'sfarzim', 'gsalazar', 'ehiger', 'rodquinn', 'npaz', 'vestrada', 'allenleesun', 'eyutuc', 'auau', 'algetnya', 'narteyn', 'wmgoree', 'josansan85', 'camoreno', 'jamhar2887', 'icarbajal2', 'orkunarican', 'nashraf10', 'mmize', 'rrace2', 'brycesim', 'sgamez', 'rdiaz4', 'shempel', 'feze', 'lebonilla2', 'mcastro', 'jfjhong', 'lolnano', 'canonsburg', 'jeanmx', 'bonsai007', 'eece352', 'vanya', 'turcan', 'jwhyland', 'jorozco', 'jmespinosa', 'sshawver', 'camlei', 'tallxcrunner', 'msotomayor', 'echuro', 'joshjohnson1', 'jmertens', 'dcpalacios44', 'nkarsli', 'csanchez', 'chris242', 'araguirre', 'kezhou', 'jrhernandez2', 'tanya', 'jeremylake', 'ilgea', 'pcypang', 'jobo', 'afperez', 'linis', 'falcon05', 'chenchen', 'minhas3', 'oldelgado', 'hn1301', 'yazmin', 'bethcook', 'clee0604', 'fjchagolla', 'almosbea', 'newtype0313', 'blueice2', 'arasyurtman', 'hamsiii', 'emreayture', 'dermeister', 'cjstanger', 'vj', 'dfigueroa', 'dholguin2', 'ryansbedell', 'turbo', 'mhammad87', 'gregilk1', 'denizakkaya', 'jonnyrobinson05', 'nnajdek', 'burtay', 'shells26', 'mdelossantos', 'tsurma', 'abed75', 'kucukdevec', 'mhmtmtl', 'lmaldonado', 'raguillen', 'halab', 'wanec471', 'furkancan', 'jaredeby', 'flsalina', 'emorales', 'cemilcanfb', 'pddiaz2', 'syafiqmz', 'mdford2', None, 'eokada', 'despinoza4', 'hectorocampo', 'deronr', 'hakancu01', 'jadiaz', 'givenci', 'jreed32152']"
2,84,129,14,10,"['vestrada', 'icarbajal2', 'allenleesun', 'bonsai007', 'msotomayor', 'emorales', 'josansan85', 'sgamez', 'rodquinn', 'ryansbedell']",118,"['qwervey', 'lsalayandia2', 'fineday', 'jpwolinski', 'arandia', 'ffierro', 'soni7', 'danterp', 'hoplayanmanda', 'karennan', 'lrwaller24', 'mvega', 'step23', 'rwong21', 'hilmo', 'billyvg', 'blu_eden', 'gcarreon', 'liveviva', 'kanslin', 'leadtrumpetdave', 'spadya', 'cdramos', 'sfarzim', 'gsalazar', 'ehiger', 'npaz', 'eyutuc', 'auau', 'algetnya', 'narteyn', 'wmgoree', 'camoreno', 'jamhar2887', 'orkunarican', 'nashraf10', 'mmize', 'rrace2', 'brycesim', 'rdiaz4', 'shempel', 'feze', 'lebonilla2', 'mcastro', 'jfjhong', 'lolnano', 'canonsburg', 'jeanmx', 'eece352', 'vanya', 'jwhyland', 'jorozco', 'jmespinosa', 'sshawver', 'camlei', 'tallxcrunner', 'echuro', 'joshjohnson1', 'jmertens', 'dcpalacios44', 'nkarsli', 'csanchez', 'chris242', 'araguirre', 'kezhou', 'jrhernandez2', 'tanya', 'jeremylake', 'pcypang', 'jobo', 'afperez', 'linis', 'falcon05', 'chenchen', 'minhas3', 'oldelgado', 'hn1301', 'yazmin', 'bethcook', 'clee0604', 'fjchagolla', 'almosbea', 'newtype0313', 'blueice2', 'arasyurtman', 'emreayture', 'dermeister', 'cjstanger', 'vj', 'dfigueroa', 'dholguin2', 'turbo', 'mhammad87', 'gregilk1', 'jonnyrobinson05', 'nnajdek', 'burtay', 'shells26', 'mdelossantos', 'tsurma', 'abed75', 'lmaldonado', 'raguillen', 'halab', 'wanec471', 'jaredeby', 'flsalina', 'cemilcanfb', 'pddiaz2', 'syafiqmz', 'mdford2', 'eokada', 'despinoza4', 'hectorocampo', 'deronr', 'hakancu01', 'jadiaz', 'jreed32152']",4,"['bmd1988', 'scornwe2', None, 'dombro2']",132,"['qwervey', 'lsalayandia2', 'fineday', 'jpwolinski', 'arandia', 'ffierro', 'soni7', 'danterp', 'hoplayanmanda', 'karennan', 'lrwaller24', 'mvega', 'step23', 'rwong21', 'hilmo', 'billyvg', 'blu_eden', 'gcarreon', 'liveviva', 'kanslin', 'leadtrumpetdave', 'spadya', 'cdramos', 'sfarzim', 'gsalazar', 'ehiger', 'rodquinn', 'npaz', 'vestrada', 'allenleesun', 'eyutuc', 'auau', 'algetnya', 'narteyn', 'wmgoree', 'josansan85', 'camoreno', 'jamhar2887', 'icarbajal2', 'orkunarican', 'nashraf10', 'mmize', 'rrace2', 'dombro2', 'brycesim', 'sgamez', 'rdiaz4', 'shempel', 'feze', 'lebonilla2', 'mcastro', 'jfjhong', 'lolnano', 'canonsburg', 'jeanmx', 'bonsai007', 'eece352', 'vanya', 'jwhyland', 'jorozco', 'jmespinosa', 'sshawver', 'camlei', 'tallxcrunner', 'msotomayor', 'echuro', 'joshjohnson1', 'jmertens', 'dcpalacios44', 'nkarsli', 'csanchez', 'chris242', 'araguirre', 'kezhou', 'jrhernandez2', 'tanya', 'jeremylake', 'pcypang', 'jobo', 'afperez', 'linis', 'falcon05', 'chenchen', 'minhas3', 'oldelgado', 'hn1301', 'yazmin', 'bethcook', 'clee0604', 'fjchagolla', 'almosbea', 'newtype0313', 'blueice2', 'arasyurtman', 'emreayture', 'scornwe2', 'dermeister', 'cjstanger', 'vj', 'dfigueroa', 'dholguin2', 'ryansbedell', 'bmd1988', 'turbo', 'mhammad87', 'gregilk1', 'jonnyrobinson05', 'nnajdek', 'burtay', 'shells26', 'mdelossantos', 'tsurma', 'abed75', 'lmaldonado', 'raguillen', 'halab', 'wanec471', 'jaredeby', 'flsalina', 'emorales', 'cemilcanfb', 'pddiaz2', 'syafiqmz', 'mdford2', None, 'eokada', 'despinoza4', 'hectorocampo', 'deronr', 'hakancu01', 'jadiaz', 'jreed32152']"
2,77,129,12,9,"['hilmo', 'liveviva', 'kezhou', 'falcon05', 'canonsburg', 'auau', 'karennan', 'arandia', 'step23']",119,"['qwervey', 'lsalayandia2', 'fineday', 'jpwolinski', 'ffierro', 'soni7', 'danterp', 'hoplayanmanda', 'lrwaller24', 'mvega', 'rwong21', 'billyvg', 'blu_eden', 'gcarreon', 'kanslin', 'leadtrumpetdave', 'spadya', 'cdramos', 'sfarzim', 'gsalazar', 'ehiger', 'rodquinn', 'npaz', 'vestrada', 'allenleesun', 'eyutuc', 'algetnya', 'narteyn', 'wmgoree', 'josansan85', 'camoreno', 'jamhar2887', 'icarbajal2', 'orkunarican', 'nashraf10', 'mmize', 'rrace2', 'brycesim', 'sgamez', 'rdiaz4', 'shempel', 'feze', 'lebonilla2', 'mcastro', 'jfjhong', 'lolnano', 'jeanmx', 'bonsai007', 'eece352', 'vanya', 'jwhyland', 'jorozco', 'jmespinosa', 'sshawver', 'camlei', 'tallxcrunner', 'msotomayor', 'echuro', 'joshjohnson1', 'jmertens', 'dcpalacios44', 'nkarsli', 'csanchez', 'chris242', 'araguirre', 'jrhernandez2', 'tanya', 'jeremylake', 'pcypang', 'jobo', 'afperez', 'linis', 'chenchen', 'minhas3', 'oldelgado', 'hn1301', 'yazmin', 'bethcook', 'clee0604', 'fjchagolla', 'almosbea', 'newtype0313', 'blueice2', 'arasyurtman', 'emreayture', 'dermeister', 'cjstanger', 'vj', 'dfigueroa', 'dholguin2', 'ryansbedell', 'turbo', 'mhammad87', 'gregilk1', 'jonnyrobinson05', 'nnajdek', 'burtay', 'shells26', 'mdelossantos', 'tsurma', 'abed75', 'lmaldonado', 'raguillen', 'halab', 'wanec471', 'jaredeby', 'flsalina', 'emorales', 'cemilcanfb', 'pddiaz2', 'syafiqmz', 'mdford2', 'eokada', 'despinoza4', 'hectorocampo', 'deronr', 'hakancu01', 'jadiaz', 'jreed32152']",3,"[None, 'shan33', 'hiradm']",131,"['qwervey', 'lsalayandia2', 'fineday', 'jpwolinski', 'arandia', 'ffierro', 'soni7', 'danterp', 'hoplayanmanda', 'karennan', 'lrwaller24', 'mvega', 'step23', 'rwong21', 'hilmo', 'billyvg', 'blu_eden', 'gcarreon', 'liveviva', 'kanslin', 'leadtrumpetdave', 'spadya', 'cdramos', 'sfarzim', 'gsalazar', 'ehiger', 'rodquinn', 'npaz', 'vestrada', 'allenleesun', 'eyutuc', 'auau', 'algetnya', 'narteyn', 'wmgoree', 'josansan85', 'camoreno', 'jamhar2887', 'icarbajal2', 'orkunarican', 'nashraf10', 'mmize', 'rrace2', 'shan33', 'brycesim', 'sgamez', 'rdiaz4', 'shempel', 'feze', 'lebonilla2', 'mcastro', 'jfjhong', 'lolnano', 'canonsburg', 'jeanmx', 'bonsai007', 'eece352', 'vanya', 'jwhyland', 'jorozco', 'jmespinosa', 'sshawver', 'camlei', 'tallxcrunner', 'msotomayor', 'echuro', 'joshjohnson1', 'jmertens', 'dcpalacios44', 'nkarsli', 'csanchez', 'chris242', 'araguirre', 'kezhou', 'jrhernandez2', 'tanya', 'jeremylake', 'pcypang', 'jobo', 'afperez', 'linis', 'falcon05', 'chenchen', 'minhas3', 'oldelgado', 'hn1301', 'yazmin', 'bethcook', 'clee0604', 'fjchagolla', 'almosbea', 'newtype0313', 'blueice2', 'arasyurtman', 'emreayture', 'dermeister', 'cjstanger', 'vj', 'dfigueroa', 'dholguin2', 'ryansbedell', 'turbo', 'mhammad87', 'gregilk1', 'jonnyrobinson05', 'nnajdek', 'burtay', 'shells26', 'mdelossantos', 'tsurma', 'abed75', 'lmaldonado', 'raguillen', 'halab', 'wanec471', 'jaredeby', 'flsalina', 'emorales', 'cemilcanfb', 'pddiaz2', 'syafiqmz', 'mdford2', None, 'eokada', 'despinoza4', 'hectorocampo', 'deronr', 'hakancu01', 'jadiaz', 'jreed32152', 'hiradm']"
2,71,129,9,4,"['wanec471', 'dermeister', 'jfjhong', 'wmgoree']",124,"['qwervey', 'lsalayandia2', 'fineday', 'jpwolinski', 'arandia', 'ffierro', 'soni7', 'danterp', 'hoplayanmanda', 'karennan', 'lrwaller24', 'mvega', 'step23', 'rwong21', 'hilmo', 'billyvg', 'blu_eden', 'gcarreon', 'liveviva', 'kanslin', 'leadtrumpetdave', 'spadya', 'cdramos', 'sfarzim', 'gsalazar', 'ehiger', 'rodquinn', 'npaz', 'vestrada', 'allenleesun', 'eyutuc', 'auau', 'algetnya', 'narteyn', 'josansan85', 'camoreno', 'jamhar2887', 'icarbajal2', 'orkunarican', 'nashraf10', 'mmize', 'rrace2', 'brycesim', 'sgamez', 'rdiaz4', 'shempel', 'feze', 'lebonilla2', 'mcastro', 'lolnano', 'canonsburg', 'jeanmx', 'bonsai007', 'eece352', 'vanya', 'jwhyland', 'jorozco', 'jmespinosa', 'sshawver', 'camlei', 'tallxcrunner', 'msotomayor', 'echuro', 'joshjohnson1', 'jmertens', 'dcpalacios44', 'nkarsli', 'csanchez', 'chris242', 'araguirre', 'kezhou', 'jrhernandez2', 'tanya', 'jeremylake', 'pcypang', 'jobo', 'afperez', 'linis', 'falcon05', 'chenchen', 'minhas3', 'oldelgado', 'hn1301', 'yazmin', 'bethcook', 'clee0604', 'fjchagolla', 'almosbea', 'newtype0313', 'blueice2', 'arasyurtman', 'emreayture', 'cjstanger', 'vj', 'dfigueroa', 'dholguin2', 'ryansbedell', 'turbo', 'mhammad87', 'gregilk1', 'jonnyrobinson05', 'nnajdek', 'burtay', 'shells26', 'mdelossantos', 'tsurma', 'abed75', 'lmaldonado', 'raguillen', 'halab', 'jaredeby', 'flsalina', 'emorales', 'cemilcanfb', 'pddiaz2', 'syafiqmz', 'mdford2', 'eokada', 'despinoza4', 'hectorocampo', 'deronr', 'hakancu01', 'jadiaz', 'jreed32152']",5,"['sabid', 'dylanj', 'mcdp', 'morganabanana22', None]",133,"['qwervey', 'lsalayandia2', 'sabid', 'fineday', 'jpwolinski', 'arandia', 'ffierro', 'soni7', 'danterp', 'hoplayanmanda', 'karennan', 'mcdp', 'lrwaller24', 'mvega', 'morganabanana22', 'step23', 'rwong21', 'hilmo', 'billyvg', 'blu_eden', 'gcarreon', 'liveviva', 'kanslin', 'leadtrumpetdave', 'spadya', 'cdramos', 'sfarzim', 'gsalazar', 'ehiger', 'rodquinn', 'npaz', 'vestrada', 'allenleesun', 'eyutuc', 'auau', 'algetnya', 'narteyn', 'wmgoree', 'josansan85', 'camoreno', 'jamhar2887', 'icarbajal2', 'orkunarican', 'nashraf10', 'mmize', 'rrace2', 'brycesim', 'sgamez', 'rdiaz4', 'shempel', 'feze', 'lebonilla2', 'mcastro', 'jfjhong', 'lolnano', 'canonsburg', 'jeanmx', 'bonsai007', 'eece352', 'vanya', 'jwhyland', 'jorozco', 'jmespinosa', 'sshawver', 'camlei', 'tallxcrunner', 'msotomayor', 'echuro', 'joshjohnson1', 'jmertens', 'dcpalacios44', 'nkarsli', 'csanchez', 'chris242', 'araguirre', 'kezhou', 'jrhernandez2', 'tanya', 'jeremylake', 'pcypang', 'jobo', 'afperez', 'linis', 'falcon05', 'chenchen', 'minhas3', 'oldelgado', 'hn1301', 'yazmin', 'bethcook', 'clee0604', 'fjchagolla', 'almosbea', 'newtype0313', 'blueice2', 'arasyurtman', 'emreayture', 'dermeister', 'cjstanger', 'vj', 'dfigueroa', 'dholguin2', 'ryansbedell', 'turbo', 'mhammad87', 'gregilk1', 'jonnyrobinson05', 'nnajdek', 'burtay', 'shells26', 'mdelossantos', 'tsurma', 'abed75', 'lmaldonado', 'raguillen', 'halab', 'wanec471', 'jaredeby', 'flsalina', 'emorales', 'cemilcanfb', 'pddiaz2', 'syafiqmz', 'mdford2', None, 'eokada', 'despinoza4', 'hectorocampo', 'deronr', 'hakancu01', 'dylanj', 'jadiaz', 'jreed32152']"
2,76,129,8,2,"['hoplayanmanda', 'feze']",126,"['qwervey', 'lsalayandia2', 'fineday', 'jpwolinski', 'arandia', 'ffierro', 'soni7', 'danterp', 'karennan', 'lrwaller24', 'mvega', 'step23', 'rwong21', 'hilmo', 'billyvg', 'blu_eden', 'gcarreon', 'liveviva', 'kanslin', 'leadtrumpetdave', 'spadya', 'cdramos', 'sfarzim', 'gsalazar', 'ehiger', 'rodquinn', 'npaz', 'vestrada', 'allenleesun', 'eyutuc', 'auau', 'algetnya', 'narteyn', 'wmgoree', 'josansan85', 'camoreno', 'jamhar2887', 'icarbajal2', 'orkunarican', 'nashraf10', 'mmize', 'rrace2', 'brycesim', 'sgamez', 'rdiaz4', 'shempel', 'lebonilla2', 'mcastro', 'jfjhong', 'lolnano', 'canonsburg', 'jeanmx', 'bonsai007', 'eece352', 'vanya', 'jwhyland', 'jorozco', 'jmespinosa', 'sshawver', 'camlei', 'tallxcrunner', 'msotomayor', 'echuro', 'joshjohnson1', 'jmertens', 'dcpalacios44', 'nkarsli', 'csanchez', 'chris242', 'araguirre', 'kezhou', 'jrhernandez2', 'tanya', 'jeremylake', 'pcypang', 'jobo', 'afperez', 'linis', 'falcon05', 'chenchen', 'minhas3', 'oldelgado', 'hn1301', 'yazmin', 'bethcook', 'clee0604', 'fjchagolla', 'almosbea', 'newtype0313', 'blueice2', 'arasyurtman', 'emreayture', 'dermeister', 'cjstanger', 'vj', 'dfigueroa', 'dholguin2', 'ryansbedell', 'turbo', 'mhammad87', 'gregilk1', 'jonnyrobinson05', 'nnajdek', 'burtay', 'shells26', 'mdelossantos', 'tsurma', 'abed75', 'lmaldonado', 'raguillen', 'halab', 'wanec471', 'jaredeby', 'flsalina', 'emorales', 'cemilcanfb', 'pddiaz2', 'syafiqmz', 'mdford2', 'eokada', 'despinoza4', 'hectorocampo', 'deronr', 'hakancu01', 'jadiaz', 'jreed32152']",6,"['furkancan', 'ttek', 'ilgea', 'turcan', 'mhmtmtl', None]",134,"['qwervey', 'lsalayandia2', 'fineday', 'jpwolinski', 'arandia', 'ffierro', 'soni7', 'danterp', 'hoplayanmanda', 'karennan', 'lrwaller24', 'mvega', 'step23', 'rwong21', 'hilmo', 'billyvg', 'ttek', 'blu_eden', 'gcarreon', 'liveviva', 'kanslin', 'leadtrumpetdave', 'spadya', 'cdramos', 'sfarzim', 'gsalazar', 'ehiger', 'rodquinn', 'npaz', 'vestrada', 'allenleesun', 'eyutuc', 'auau', 'algetnya', 'narteyn', 'wmgoree', 'josansan85', 'camoreno', 'jamhar2887', 'icarbajal2', 'orkunarican', 'nashraf10', 'mmize', 'rrace2', 'brycesim', 'sgamez', 'rdiaz4', 'shempel', 'feze', 'lebonilla2', 'mcastro', 'jfjhong', 'lolnano', 'canonsburg', 'jeanmx', 'bonsai007', 'eece352', 'vanya', 'turcan', 'jwhyland', 'jorozco', 'jmespinosa', 'sshawver', 'camlei', 'tallxcrunner', 'msotomayor', 'echuro', 'joshjohnson1', 'jmertens', 'dcpalacios44', 'nkarsli', 'csanchez', 'chris242', 'araguirre', 'kezhou', 'jrhernandez2', 'tanya', 'jeremylake', 'ilgea', 'pcypang', 'jobo', 'afperez', 'linis', 'falcon05', 'chenchen', 'minhas3', 'oldelgado', 'hn1301', 'yazmin', 'bethcook', 'clee0604', 'fjchagolla', 'almosbea', 'newtype0313', 'blueice2', 'arasyurtman', 'emreayture', 'dermeister', 'cjstanger', 'vj', 'dfigueroa', 'dholguin2', 'ryansbedell', 'turbo', 'mhammad87', 'gregilk1', 'jonnyrobinson05', 'nnajdek', 'burtay', 'shells26', 'mdelossantos', 'tsurma', 'abed75', 'mhmtmtl', 'lmaldonado', 'raguillen', 'halab', 'wanec471', 'furkancan', 'jaredeby', 'flsalina', 'emorales', 'cemilcanfb', 'pddiaz2', 'syafiqmz', 'mdford2', None, 'eokada', 'despinoza4', 'hectorocampo', 'deronr', 'hakancu01', 'jadiaz', 'jreed32152']"
2,30,129,7,2,"['jwhyland', 'nnajdek']",126,"['qwervey', 'lsalayandia2', 'fineday', 'jpwolinski', 'arandia', 'ffierro', 'soni7', 'danterp', 'hoplayanmanda', 'karennan', 'lrwaller24', 'mvega', 'step23', 'rwong21', 'hilmo', 'billyvg', 'blu_eden', 'gcarreon', 'liveviva', 'kanslin', 'leadtrumpetdave', 'spadya', 'cdramos', 'sfarzim', 'gsalazar', 'ehiger', 'rodquinn', 'npaz', 'vestrada', 'allenleesun', 'eyutuc', 'auau', 'algetnya', 'narteyn', 'wmgoree', 'josansan85', 'camoreno', 'jamhar2887', 'icarbajal2', 'orkunarican', 'nashraf10', 'mmize', 'rrace2', 'brycesim', 'sgamez', 'rdiaz4', 'shempel', 'feze', 'lebonilla2', 'mcastro', 'jfjhong', 'lolnano', 'canonsburg', 'jeanmx', 'bonsai007', 'eece352', 'vanya', 'jorozco', 'jmespinosa', 'sshawver', 'camlei', 'tallxcrunner', 'msotomayor', 'echuro', 'joshjohnson1', 'jmertens', 'dcpalacios44', 'nkarsli', 'csanchez', 'chris242', 'araguirre', 'kezhou', 'jrhernandez2', 'tanya', 'jeremylake', 'pcypang', 'jobo', 'afperez', 'linis', 'falcon05', 'chenchen', 'minhas3', 'oldelgado', 'hn1301', 'yazmin', 'bethcook', 'clee0604', 'fjchagolla', 'almosbea', 'newtype0313', 'blueice2', 'arasyurtman', 'emreayture', 'dermeister', 'cjstanger', 'vj', 'dfigueroa', 'dholguin2', 'ryansbedell', 'turbo', 'mhammad87', 'gregilk1', 'jonnyrobinson05', 'burtay', 'shells26', 'mdelossantos', 'tsurma', 'abed75', 'lmaldonado', 'raguillen', 'halab', 'wanec471', 'jaredeby', 'flsalina', 'emorales', 'cemilcanfb', 'pddiaz2', 'syafiqmz', 'mdford2', 'eokada', 'despinoza4', 'hectorocampo', 'deronr', 'hakancu01', 'jadiaz', 'jreed32152']",5,"['lau0', 'akalasur', 'bchng', 'schmidsm', None]",133,"['qwervey', 'lsalayandia2', 'fineday', 'jpwolinski', 'bchng', 'arandia', 'ffierro', 'soni7', 'danterp', 'hoplayanmanda', 'karennan', 'lrwaller24', 'mvega', 'step23', 'rwong21', 'hilmo', 'billyvg', 'blu_eden', 'gcarreon', 'liveviva', 'kanslin', 'leadtrumpetdave', 'spadya', 'cdramos', 'sfarzim', 'gsalazar', 'ehiger', 'rodquinn', 'npaz', 'schmidsm', 'vestrada', 'allenleesun', 'eyutuc', 'auau', 'algetnya', 'narteyn', 'wmgoree', 'josansan85', 'camoreno', 'jamhar2887', 'icarbajal2', 'orkunarican', 'nashraf10', 'mmize', 'rrace2', 'brycesim', 'sgamez', 'rdiaz4', 'shempel', 'feze', 'lebonilla2', 'mcastro', 'jfjhong', 'lolnano', 'canonsburg', 'jeanmx', 'bonsai007', 'eece352', 'vanya', 'jwhyland', 'jorozco', 'jmespinosa', 'sshawver', 'camlei', 'tallxcrunner', 'msotomayor', 'echuro', 'joshjohnson1', 'jmertens', 'dcpalacios44', 'nkarsli', 'csanchez', 'chris242', 'araguirre', 'kezhou', 'jrhernandez2', 'tanya', 'jeremylake', 'pcypang', 'jobo', 'afperez', 'linis', 'falcon05', 'chenchen', 'minhas3', 'oldelgado', 'hn1301', 'akalasur', 'yazmin', 'bethcook', 'clee0604', 'fjchagolla', 'almosbea', 'newtype0313', 'blueice2', 'arasyurtman', 'emreayture', 'dermeister', 'cjstanger', 'vj', 'dfigueroa', 'dholguin2', 'ryansbedell', 'turbo', 'mhammad87', 'gregilk1', 'lau0', 'jonnyrobinson05', 'nnajdek', 'burtay', 'shells26', 'mdelossantos', 'tsurma', 'abed75', 'lmaldonado', 'raguillen', 'halab', 'wanec471', 'jaredeby', 'flsalina', 'emorales', 'cemilcanfb', 'pddiaz2', 'syafiqmz', 'mdford2', None, 'eokada', 'despinoza4', 'hectorocampo', 'deronr', 'hakancu01', 'jadiaz', 'jreed32152']"
2,73,129,7,3,"['tsurma', 'mmize', 'tallxcrunner']",125,"['qwervey', 'lsalayandia2', 'fineday', 'jpwolinski', 'arandia', 'ffierro', 'soni7', 'danterp', 'hoplayanmanda', 'karennan', 'lrwaller24', 'mvega', 'step23', 'rwong21', 'hilmo', 'billyvg', 'blu_eden', 'gcarreon', 'liveviva', 'kanslin', 'leadtrumpetdave', 'spadya', 'cdramos', 'sfarzim', 'gsalazar', 'ehiger', 'rodquinn', 'npaz', 'vestrada', 'allenleesun', 'eyutuc', 'auau', 'algetnya', 'narteyn', 'wmgoree', 'josansan85', 'camoreno', 'jamhar2887', 'icarbajal2', 'orkunarican', 'nashraf10', 'rrace2', 'brycesim', 'sgamez', 'rdiaz4', 'shempel', 'feze', 'lebonilla2', 'mcastro', 'jfjhong', 'lolnano', 'canonsburg', 'jeanmx', 'bonsai007', 'eece352', 'vanya', 'jwhyland', 'jorozco', 'jmespinosa', 'sshawver', 'camlei', 'msotomayor', 'echuro', 'joshjohnson1', 'jmertens', 'dcpalacios44', 'nkarsli', 'csanchez', 'chris242', 'araguirre', 'kezhou', 'jrhernandez2', 'tanya', 'jeremylake', 'pcypang', 'jobo', 'afperez', 'linis', 'falcon05', 'chenchen', 'minhas3', 'oldelgado', 'hn1301', 'yazmin', 'bethcook', 'clee0604', 'fjchagolla', 'almosbea', 'newtype0313', 'blueice2', 'arasyurtman', 'emreayture', 'dermeister', 'cjstanger', 'vj', 'dfigueroa', 'dholguin2', 'ryansbedell', 'turbo', 'mhammad87', 'gregilk1', 'jonnyrobinson05', 'nnajdek', 'burtay', 'shells26', 'mdelossantos', 'abed75', 'lmaldonado', 'raguillen', 'halab', 'wanec471', 'jaredeby', 'flsalina', 'emorales', 'cemilcanfb', 'pddiaz2', 'syafiqmz', 'mdford2', 'eokada', 'despinoza4', 'hectorocampo', 'deronr', 'hakancu01', 'jadiaz', 'jreed32152']",4,"[None, 'bchng', 'prwest', 'srikarb']",132,"['qwervey', 'lsalayandia2', 'fineday', 'jpwolinski', 'bchng', 'arandia', 'ffierro', 'soni7', 'danterp', 'hoplayanmanda', 'karennan', 'lrwaller24', 'mvega', 'step23', 'rwong21', 'hilmo', 'billyvg', 'blu_eden', 'gcarreon', 'liveviva', 'kanslin', 'leadtrumpetdave', 'spadya', 'cdramos', 'sfarzim', 'gsalazar', 'ehiger', 'rodquinn', 'npaz', 'vestrada', 'allenleesun', 'eyutuc', 'auau', 'algetnya', 'narteyn', 'wmgoree', 'josansan85', 'camoreno', 'jamhar2887', 'icarbajal2', 'orkunarican', 'nashraf10', 'mmize', 'rrace2', 'brycesim', 'sgamez', 'rdiaz4', 'shempel', 'feze', 'lebonilla2', 'mcastro', 'jfjhong', 'lolnano', 'canonsburg', 'jeanmx', 'bonsai007', 'eece352', 'vanya', 'jwhyland', 'jorozco', 'jmespinosa', 'sshawver', 'camlei', 'tallxcrunner', 'msotomayor', 'echuro', 'joshjohnson1', 'jmertens', 'dcpalacios44', 'nkarsli', 'csanchez', 'chris242', 'araguirre', 'kezhou', 'jrhernandez2', 'tanya', 'jeremylake', 'pcypang', 'jobo', 'afperez', 'linis', 'falcon05', 'chenchen', 'minhas3', 'oldelgado', 'hn1301', 'yazmin', 'bethcook', 'clee0604', 'fjchagolla', 'almosbea', 'srikarb', 'newtype0313', 'blueice2', 'arasyurtman', 'emreayture', 'dermeister', 'cjstanger', 'vj', 'dfigueroa', 'dholguin2', 'prwest', 'ryansbedell', 'turbo', 'mhammad87', 'gregilk1', 'jonnyrobinson05', 'nnajdek', 'burtay', 'shells26', 'mdelossantos', 'tsurma', 'abed75', 'lmaldonado', 'raguillen', 'halab', 'wanec471', 'jaredeby', 'flsalina', 'emorales', 'cemilcanfb', 'pddiaz2', 'syafiqmz', 'mdford2', None, 'eokada', 'despinoza4', 'hectorocampo', 'deronr', 'hakancu01', 'jadiaz', 'jreed32152']"
2,81,129,7,1,['billyvg'],127,"['qwervey', 'lsalayandia2', 'fineday', 'jpwolinski', 'arandia', 'ffierro', 'soni7', 'danterp', 'hoplayanmanda', 'karennan', 'lrwaller24', 'mvega', 'step23', 'rwong21', 'hilmo', 'blu_eden', 'gcarreon', 'liveviva', 'kanslin', 'leadtrumpetdave', 'spadya', 'cdramos', 'sfarzim', 'gsalazar', 'ehiger', 'rodquinn', 'npaz', 'vestrada', 'allenleesun', 'eyutuc', 'auau', 'algetnya', 'narteyn', 'wmgoree', 'josansan85', 'camoreno', 'jamhar2887', 'icarbajal2', 'orkunarican', 'nashraf10', 'mmize', 'rrace2', 'brycesim', 'sgamez', 'rdiaz4', 'shempel', 'feze', 'lebonilla2', 'mcastro', 'jfjhong', 'lolnano', 'canonsburg', 'jeanmx', 'bonsai007', 'eece352', 'vanya', 'jwhyland', 'jorozco', 'jmespinosa', 'sshawver', 'camlei', 'tallxcrunner', 'msotomayor', 'echuro', 'joshjohnson1', 'jmertens', 'dcpalacios44', 'nkarsli', 'csanchez', 'chris242', 'araguirre', 'kezhou', 'jrhernandez2', 'tanya', 'jeremylake', 'pcypang', 'jobo', 'afperez', 'linis', 'falcon05', 'chenchen', 'minhas3', 'oldelgado', 'hn1301', 'yazmin', 'bethcook', 'clee0604', 'fjchagolla', 'almosbea', 'newtype0313', 'blueice2', 'arasyurtman', 'emreayture', 'dermeister', 'cjstanger', 'vj', 'dfigueroa', 'dholguin2', 'ryansbedell', 'turbo', 'mhammad87', 'gregilk1', 'jonnyrobinson05', 'nnajdek', 'burtay', 'shells26', 'mdelossantos', 'tsurma', 'abed75', 'lmaldonado', 'raguillen', 'halab', 'wanec471', 'jaredeby', 'flsalina', 'emorales', 'cemilcanfb', 'pddiaz2', 'syafiqmz', 'mdford2', 'eokada', 'despinoza4', 'hectorocampo', 'deronr', 'hakancu01', 'jadiaz', 'jreed32152']",6,"['cwojtko2', 'mwilli26', 'mdejesu2', 'lam5', 'noodle8', None]",134,"['qwervey', 'lsalayandia2', 'fineday', 'jpwolinski', 'arandia', 'ffierro', 'soni7', 'danterp', 'hoplayanmanda', 'karennan', 'lrwaller24', 'mvega', 'step23', 'rwong21', 'hilmo', 'billyvg', 'blu_eden', 'gcarreon', 'liveviva', 'kanslin', 'leadtrumpetdave', 'spadya', 'cdramos', 'sfarzim', 'mwilli26', 'gsalazar', 'noodle8', 'ehiger', 'rodquinn', 'npaz', 'vestrada', 'allenleesun', 'eyutuc', 'auau', 'algetnya', 'narteyn', 'wmgoree', 'josansan85', 'camoreno', 'jamhar2887', 'icarbajal2', 'orkunarican', 'nashraf10', 'lam5', 'mmize', 'rrace2', 'brycesim', 'sgamez', 'rdiaz4', 'shempel', 'feze', 'lebonilla2', 'mcastro', 'jfjhong', 'lolnano', 'canonsburg', 'jeanmx', 'bonsai007', 'eece352', 'vanya', 'jwhyland', 'jorozco', 'jmespinosa', 'sshawver', 'camlei', 'tallxcrunner', 'msotomayor', 'echuro', 'joshjohnson1', 'jmertens', 'dcpalacios44', 'nkarsli', 'csanchez', 'chris242', 'araguirre', 'kezhou', 'jrhernandez2', 'tanya', 'jeremylake', 'pcypang', 'jobo', 'afperez', 'linis', 'falcon05', 'chenchen', 'minhas3', 'oldelgado', 'hn1301', 'cwojtko2', 'yazmin', 'bethcook', 'clee0604', 'fjchagolla', 'almosbea', 'newtype0313', 'blueice2', 'arasyurtman', 'emreayture', 'dermeister', 'cjstanger', 'vj', 'dfigueroa', 'dholguin2', 'ryansbedell', 'turbo', 'mhammad87', 'gregilk1', 'jonnyrobinson05', 'nnajdek', 'burtay', 'shells26', 'mdelossantos', 'tsurma', 'abed75', 'lmaldonado', 'raguillen', 'halab', 'wanec471', 'jaredeby', 'flsalina', 'emorales', 'cemilcanfb', 'pddiaz2', 'syafiqmz', 'mdford2', None, 'eokada', 'despinoza4', 'hectorocampo', 'deronr', 'hakancu01', 'mdejesu2', 'jadiaz', 'jreed32152']"
3,27,44,36,27,"['opatel2', 'jlcgse1921', 'kfranci2', 'dsigety2', 'kbhagat2', 'talwar1', 'sturnfie', 'jzucker2', 'bmd1988', 'nazaret1', 'hyungrae82', 'agrawalrishabh', 'youngjkoh', 'ainglis2', 'jhong21', 'yjia5', 'dombro2', 'garrett3', 'pvora2', 'cmcinty2', 'rfavero2', 'ppark9', 'rshishk2', 'mwilli26', 'steder1', 'sadderly', 'roether82']",16,"['xlange2', 'dantle2', 'bengani1', 'xjiang4', 'raygrl88', 'wcourtn2', 'ramya44', 'lam5', 'mcdp', 'gchou2', 'vpopsto2', 'rotap2', 'nictse500', 'mgan2', 'scornwe2', 'choquette']",9,"['ravaioli', 'cdpatel2', 'anjalis2006', 'mdejesu2', 'peiliu2', 'noodle8', 'goel4', None, 'billyv']",52,"['opatel2', 'kfranci2', 'dsigety2', 'kbhagat2', 'talwar1', 'jzucker2', 'billyv', 'agrawalrishabh', 'raygrl88', 'peiliu2', 'ramya44', 'mcdp', 'xlange2', 'garrett3', 'vpopsto2', 'pvora2', 'goel4', 'anjalis2006', 'mwilli26', 'steder1', 'rotap2', 'sadderly', 'nictse500', 'noodle8', 'scornwe2', 'jlcgse1921', 'bengani1', 'sturnfie', 'bmd1988', 'nazaret1', 'hyungrae82', 'cdpatel2', 'youngjkoh', 'lam5', 'ainglis2', 'gchou2', 'jhong21', 'yjia5', 'dantle2', 'dombro2', 'cmcinty2', None, 'rfavero2', 'ravaioli', 'ppark9', 'xjiang4', 'rshishk2', 'mdejesu2', 'wcourtn2', 'roether82', 'mgan2', 'choquette']"
3,68,44,35,31,"['opatel2', 'jlcgse1921', 'kfranci2', 'dsigety2', 'kbhagat2', 'talwar1', 'sturnfie', 'jzucker2', 'bmd1988', 'nazaret1', 'hyungrae82', 'agrawalrishabh', 'raygrl88', 'youngjkoh', 'ramya44', 'ainglis2', 'jhong21', 'yjia5', 'xlange2', 'dantle2', 'dombro2', 'garrett3', 'cmcinty2', 'rfavero2', 'ppark9', 'xjiang4', 'mwilli26', 'sadderly', 'roether82', 'scornwe2', 'choquette']",12,"['bengani1', 'rshishk2', 'wcourtn2', 'lam5', 'gchou2', 'mcdp', 'vpopsto2', 'steder1', 'pvora2', 'rotap2', 'nictse500', 'mgan2']",4,"['chenchen', None, 'mczapar2', 'anjalis2006']",47,"['opatel2', 'kfranci2', 'dsigety2', 'kbhagat2', 'talwar1', 'jzucker2', 'agrawalrishabh', 'raygrl88', 'ramya44', 'mcdp', 'xlange2', 'chenchen', 'garrett3', 'vpopsto2', 'pvora2', 'anjalis2006', 'mwilli26', 'steder1', 'rotap2', 'sadderly', 'nictse500', 'scornwe2', 'jlcgse1921', 'bengani1', 'mczapar2', 'sturnfie', 'bmd1988', 'nazaret1', 'hyungrae82', 'youngjkoh', 'lam5', 'ainglis2', 'gchou2', 'jhong21', 'yjia5', 'dantle2', 'dombro2', 'cmcinty2', None, 'rfavero2', 'ppark9', 'xjiang4', 'rshishk2', 'wcourtn2', 'roether82', 'mgan2', 'choquette']"
3,31,44,31,24,"['opatel2', 'jlcgse1921', 'kfranci2', 'dsigety2', 'kbhagat2', 'sturnfie', 'jzucker2', 'nazaret1', 'hyungrae82', 'youngjkoh', 'ramya44', 'ainglis2', 'jhong21', 'yjia5', 'dombro2', 'garrett3', 'cmcinty2', 'ppark9', 'xjiang4', 'mwilli26', 'rotap2', 'sadderly', 'roether82', 'choquette']",19,"['bengani1', 'talwar1', 'bmd1988', 'agrawalrishabh', 'raygrl88', 'lam5', 'gchou2', 'mcdp', 'xlange2', 'dantle2', 'vpopsto2', 'pvora2', 'rfavero2', 'rshishk2', 'wcourtn2', 'steder1', 'nictse500', 'mgan2', 'scornwe2']",7,"['premraj1', 'mczapar2', 'anjalis2006', 'peiliu2', 'noodle8', 'mdford2', None]",50,"['opatel2', 'jlcgse1921', 'kfranci2', 'dsigety2', 'bengani1', 'kbhagat2', 'mczapar2', 'talwar1', 'sturnfie', 'jzucker2', 'bmd1988', 'nazaret1', 'premraj1', 'hyungrae82', 'agrawalrishabh', 'raygrl88', 'youngjkoh', 'ramya44', 'lam5', 'ainglis2', 'mcdp', 'jhong21', 'gchou2', 'peiliu2', 'yjia5', 'xlange2', 'dantle2', 'dombro2', 'garrett3', 'vpopsto2', 'pvora2', 'cmcinty2', 'mdford2', None, 'rfavero2', 'ppark9', 'xjiang4', 'anjalis2006', 'rshishk2', 'mwilli26', 'wcourtn2', 'steder1', 'rotap2', 'sadderly', 'nictse500', 'roether82', 'noodle8', 'mgan2', 'scornwe2', 'choquette']"
3,32,44,20,13,"['opatel2', 'rfavero2', 'xjiang4', 'raygrl88', 'garrett3', 'wcourtn2', 'lam5', 'gchou2', 'rotap2', 'nictse500', 'jhong21', 'pvora2', 'mgan2']",30,"['jlcgse1921', 'kfranci2', 'dsigety2', 'bengani1', 'kbhagat2', 'talwar1', 'sturnfie', 'jzucker2', 'bmd1988', 'nazaret1', 'hyungrae82', 'agrawalrishabh', 'youngjkoh', 'ramya44', 'ainglis2', 'mcdp', 'yjia5', 'xlange2', 'dantle2', 'dombro2', 'vpopsto2', 'cmcinty2', 'ppark9', 'rshishk2', 'mwilli26', 'steder1', 'sadderly', 'roether82', 'scornwe2', 'choquette']",7,"['soni7', 'billyvg', 'assface', 'cdpatel2', 'mdejesu2', 'noodle8', None]",50,"['opatel2', 'jlcgse1921', 'kfranci2', 'dsigety2', 'bengani1', 'kbhagat2', 'talwar1', 'sturnfie', 'jzucker2', 'bmd1988', 'nazaret1', 'soni7', 'hyungrae82', 'agrawalrishabh', 'raygrl88', 'cdpatel2', 'youngjkoh', 'ramya44', 'lam5', 'ainglis2', 'mcdp', 'jhong21', 'gchou2', 'yjia5', 'billyvg', 'xlange2', 'dantle2', 'dombro2', 'garrett3', 'vpopsto2', 'pvora2', 'cmcinty2', None, 'rfavero2', 'ppark9', 'assface', 'xjiang4', 'rshishk2', 'mwilli26', 'wcourtn2', 'steder1', 'mdejesu2', 'rotap2', 'sadderly', 'nictse500', 'roether82', 'noodle8', 'mgan2', 'scornwe2', 'choquette']"
3,69,44,20,11,"['bengani1', 'kbhagat2', 'garrett3', 'rshishk2', 'wcourtn2', 'lam5', 'gchou2', 'rotap2', 'nictse500', 'pvora2', 'mgan2']",32,"['opatel2', 'jlcgse1921', 'kfranci2', 'dsigety2', 'talwar1', 'sturnfie', 'jzucker2', 'bmd1988', 'nazaret1', 'hyungrae82', 'agrawalrishabh', 'raygrl88', 'youngjkoh', 'ramya44', 'ainglis2', 'mcdp', 'jhong21', 'yjia5', 'xlange2', 'dantle2', 'dombro2', 'vpopsto2', 'cmcinty2', 'rfavero2', 'ppark9', 'xjiang4', 'mwilli26', 'steder1', 'sadderly', 'roether82', 'scornwe2', 'choquette']",9,"['soni7', 'cwojtko2', 'cdpatel2', 'anjalis2006', 'mdejesu2', 'noodle8', 'mdford2', None, 'msalmani']",52,"['opatel2', 'jlcgse1921', 'kfranci2', 'dsigety2', 'bengani1', 'kbhagat2', 'talwar1', 'sturnfie', 'jzucker2', 'bmd1988', 'nazaret1', 'soni7', 'hyungrae82', 'agrawalrishabh', 'raygrl88', 'cdpatel2', 'youngjkoh', 'ramya44', 'lam5', 'ainglis2', 'mcdp', 'jhong21', 'gchou2', 'yjia5', 'xlange2', 'dantle2', 'cwojtko2', 'dombro2', 'garrett3', 'vpopsto2', 'pvora2', 'cmcinty2', 'mdford2', None, 'msalmani', 'rfavero2', 'ppark9', 'xjiang4', 'anjalis2006', 'rshishk2', 'mwilli26', 'wcourtn2', 'steder1', 'mdejesu2', 'rotap2', 'sadderly', 'nictse500', 'roether82', 'noodle8', 'mgan2', 'scornwe2', 'choquette']"
3,28,44,16,13,"['opatel2', 'rfavero2', 'bengani1', 'xjiang4', 'raygrl88', 'garrett3', 'wcourtn2', 'lam5', 'gchou2', 'rotap2', 'nictse500', 'pvora2', 'mgan2']",30,"['jlcgse1921', 'kfranci2', 'dsigety2', 'kbhagat2', 'talwar1', 'sturnfie', 'jzucker2', 'bmd1988', 'nazaret1', 'hyungrae82', 'agrawalrishabh', 'youngjkoh', 'ramya44', 'ainglis2', 'mcdp', 'jhong21', 'yjia5', 'xlange2', 'dantle2', 'dombro2', 'vpopsto2', 'cmcinty2', 'ppark9', 'rshishk2', 'mwilli26', 'steder1', 'sadderly', 'roether82', 'scornwe2', 'choquette']",3,"['billyv', None, 'cdpatel2']",46,"['opatel2', 'jlcgse1921', 'kfranci2', 'dsigety2', 'bengani1', 'kbhagat2', 'talwar1', 'sturnfie', 'jzucker2', 'billyv', 'bmd1988', 'nazaret1', 'hyungrae82', 'agrawalrishabh', 'raygrl88', 'cdpatel2', 'youngjkoh', 'ramya44', 'lam5', 'ainglis2', 'mcdp', 'jhong21', 'gchou2', 'yjia5', 'xlange2', 'dantle2', 'dombro2', 'garrett3', 'vpopsto2', 'pvora2', 'cmcinty2', None, 'rfavero2', 'ppark9', 'xjiang4', 'rshishk2', 'mwilli26', 'wcourtn2', 'steder1', 'rotap2', 'sadderly', 'nictse500', 'roether82', 'mgan2', 'scornwe2', 'choquette']"
3,84,44,14,3,"['bmd1988', 'scornwe2', 'dombro2']",40,"['opatel2', 'jlcgse1921', 'kfranci2', 'dsigety2', 'bengani1', 'kbhagat2', 'talwar1', 'sturnfie', 'jzucker2', 'nazaret1', 'hyungrae82', 'agrawalrishabh', 'raygrl88', 'youngjkoh', 'ramya44', 'lam5', 'ainglis2', 'mcdp', 'jhong21', 'gchou2', 'yjia5', 'xlange2', 'dantle2', 'garrett3', 'vpopsto2', 'pvora2', 'cmcinty2', 'rfavero2', 'ppark9', 'xjiang4', 'rshishk2', 'mwilli26', 'wcourtn2', 'steder1', 'rotap2', 'sadderly', 'nictse500', 'roether82', 'mgan2', 'choquette']",11,"['vestrada', 'icarbajal2', 'allenleesun', 'bonsai007', 'msotomayor', 'emorales', 'josansan85', 'sgamez', 'rodquinn', None, 'ryansbedell']",54,"['opatel2', 'jlcgse1921', 'kfranci2', 'vestrada', 'dsigety2', 'allenleesun', 'bengani1', 'kbhagat2', 'msotomayor', 'talwar1', 'sturnfie', 'jzucker2', 'ryansbedell', 'bmd1988', 'nazaret1', 'josansan85', 'icarbajal2', 'hyungrae82', 'agrawalrishabh', 'raygrl88', 'youngjkoh', 'ramya44', 'lam5', 'ainglis2', 'mcdp', 'jhong21', 'gchou2', 'yjia5', 'xlange2', 'dantle2', 'dombro2', 'garrett3', 'emorales', 'vpopsto2', 'pvora2', 'sgamez', 'cmcinty2', None, 'rfavero2', 'ppark9', 'bonsai007', 'xjiang4', 'rshishk2', 'mwilli26', 'wcourtn2', 'steder1', 'rotap2', 'sadderly', 'nictse500', 'roether82', 'rodquinn', 'mgan2', 'scornwe2', 'choquette']"
3,29,44,10,7,"['bmd1988', 'xlange2', 'dantle2', 'raygrl88', 'talwar1', 'vpopsto2', 'scornwe2']",36,"['opatel2', 'jlcgse1921', 'kfranci2', 'dsigety2', 'bengani1', 'kbhagat2', 'sturnfie', 'jzucker2', 'nazaret1', 'hyungrae82', 'agrawalrishabh', 'youngjkoh', 'ramya44', 'lam5', 'ainglis2', 'mcdp', 'jhong21', 'gchou2', 'yjia5', 'dombro2', 'garrett3', 'pvora2', 'cmcinty2', 'rfavero2', 'ppark9', 'xjiang4', 'rshishk2', 'mwilli26', 'wcourtn2', 'steder1', 'rotap2', 'sadderly', 'nictse500', 'roether82', 'mgan2', 'choquette']",3,"['premraj1', None, 'malhotr5']",46,"['opatel2', 'jlcgse1921', 'kfranci2', 'dsigety2', 'bengani1', 'kbhagat2', 'talwar1', 'sturnfie', 'jzucker2', 'bmd1988', 'nazaret1', 'premraj1', 'hyungrae82', 'agrawalrishabh', 'raygrl88', 'youngjkoh', 'ramya44', 'lam5', 'ainglis2', 'mcdp', 'jhong21', 'gchou2', 'yjia5', 'xlange2', 'dantle2', 'dombro2', 'garrett3', 'vpopsto2', 'pvora2', 'cmcinty2', 'malhotr5', None, 'rfavero2', 'ppark9', 'xjiang4', 'rshishk2', 'mwilli26', 'wcourtn2', 'steder1', 'rotap2', 'sadderly', 'nictse500', 'roether82', 'mgan2', 'scornwe2', 'choquette']"
3,70,44,10,7,"['bmd1988', 'dantle2', 'raygrl88', 'talwar1', 'ramya44', 'vpopsto2', 'scornwe2']",36,"['opatel2', 'jlcgse1921', 'kfranci2', 'dsigety2', 'bengani1', 'kbhagat2', 'sturnfie', 'jzucker2', 'nazaret1', 'hyungrae82', 'agrawalrishabh', 'youngjkoh', 'lam5', 'ainglis2', 'mcdp', 'gchou2', 'jhong21', 'yjia5', 'xlange2', 'dombro2', 'garrett3', 'pvora2', 'cmcinty2', 'rfavero2', 'ppark9', 'xjiang4', 'rshishk2', 'mwilli26', 'wcourtn2', 'steder1', 'rotap2', 'sadderly', 'nictse500', 'roether82', 'mgan2', 'choquette']",3,"['ahmadf', None, 'sabid']",46,"['opatel2', 'jlcgse1921', 'ahmadf', 'kfranci2', 'sabid', 'dsigety2', 'bengani1', 'kbhagat2', 'talwar1', 'sturnfie', 'jzucker2', 'bmd1988', 'nazaret1', 'hyungrae82', 'agrawalrishabh', 'raygrl88', 'youngjkoh', 'ramya44', 'lam5', 'ainglis2', 'mcdp', 'jhong21', 'gchou2', 'yjia5', 'xlange2', 'dantle2', 'dombro2', 'garrett3', 'vpopsto2', 'pvora2', 'cmcinty2', None, 'rfavero2', 'ppark9', 'xjiang4', 'rshishk2', 'mwilli26', 'wcourtn2', 'steder1', 'rotap2', 'sadderly', 'nictse500', 'roether82', 'mgan2', 'scornwe2', 'choquette']"
3,71,44,9,1,['mcdp'],42,"['opatel2', 'jlcgse1921', 'kfranci2', 'dsigety2', 'bengani1', 'kbhagat2', 'talwar1', 'sturnfie', 'jzucker2', 'bmd1988', 'nazaret1', 'hyungrae82', 'agrawalrishabh', 'raygrl88', 'youngjkoh', 'ramya44', 'lam5', 'ainglis2', 'jhong21', 'gchou2', 'yjia5', 'xlange2', 'dantle2', 'dombro2', 'garrett3', 'vpopsto2', 'pvora2', 'cmcinty2', 'rfavero2', 'ppark9', 'xjiang4', 'rshishk2', 'mwilli26', 'wcourtn2', 'steder1', 'rotap2', 'sadderly', 'nictse500', 'roether82', 'mgan2', 'scornwe2', 'choquette']",8,"['wanec471', 'jfjhong', 'sabid', 'dylanj', 'dermeister', 'morganabanana22', 'wmgoree', None]",51,"['opatel2', 'jlcgse1921', 'kfranci2', 'sabid', 'dsigety2', 'bengani1', 'kbhagat2', 'dermeister', 'talwar1', 'sturnfie', 'wmgoree', 'jzucker2', 'bmd1988', 'nazaret1', 'hyungrae82', 'agrawalrishabh', 'raygrl88', 'youngjkoh', 'ramya44', 'lam5', 'ainglis2', 'mcdp', 'jhong21', 'gchou2', 'morganabanana22', 'yjia5', 'wanec471', 'xlange2', 'dantle2', 'dombro2', 'garrett3', 'vpopsto2', 'pvora2', 'cmcinty2', None, 'rfavero2', 'jfjhong', 'ppark9', 'dylanj', 'xjiang4', 'rshishk2', 'mwilli26', 'wcourtn2', 'steder1', 'rotap2', 'sadderly', 'nictse500', 'roether82', 'mgan2', 'scornwe2', 'choquette']"
3,33,44,8,6,"['bmd1988', 'xlange2', 'dantle2', 'talwar1', 'vpopsto2', 'scornwe2']",37,"['opatel2', 'jlcgse1921', 'kfranci2', 'dsigety2', 'bengani1', 'kbhagat2', 'sturnfie', 'jzucker2', 'nazaret1', 'hyungrae82', 'agrawalrishabh', 'raygrl88', 'youngjkoh', 'ramya44', 'lam5', 'ainglis2', 'mcdp', 'jhong21', 'gchou2', 'yjia5', 'dombro2', 'garrett3', 'pvora2', 'cmcinty2', 'rfavero2', 'ppark9', 'xjiang4', 'rshishk2', 'mwilli26', 'wcourtn2', 'steder1', 'rotap2', 'sadderly', 'nictse500', 'roether82', 'mgan2', 'choquette']",2,"[None, 'malhotr5']",45,"['opatel2', 'jlcgse1921', 'kfranci2', 'dsigety2', 'bengani1', 'kbhagat2', 'talwar1', 'sturnfie', 'jzucker2', 'bmd1988', 'nazaret1', 'hyungrae82', 'agrawalrishabh', 'raygrl88', 'youngjkoh', 'ramya44', 'lam5', 'ainglis2', 'mcdp', 'jhong21', 'gchou2', 'yjia5', 'xlange2', 'dantle2', 'dombro2', 'garrett3', 'vpopsto2', 'pvora2', 'cmcinty2', 'malhotr5', None, 'rfavero2', 'ppark9', 'xjiang4', 'rshishk2', 'mwilli26', 'wcourtn2', 'steder1', 'rotap2', 'sadderly', 'nictse500', 'roether82', 'mgan2', 'scornwe2', 'choquette']"
3,82,44,8,6,"['opatel2', 'ppark9', 'xjiang4', 'garrett3', 'ainglis2', 'jzucker2']",37,"['jlcgse1921', 'kfranci2', 'dsigety2', 'bengani1', 'kbhagat2', 'talwar1', 'sturnfie', 'bmd1988', 'nazaret1', 'hyungrae82', 'agrawalrishabh', 'raygrl88', 'youngjkoh', 'ramya44', 'lam5', 'mcdp', 'jhong21', 'gchou2', 'yjia5', 'xlange2', 'dantle2', 'dombro2', 'vpopsto2', 'pvora2', 'cmcinty2', 'rfavero2', 'rshishk2', 'mwilli26', 'wcourtn2', 'steder1', 'rotap2', 'sadderly', 'nictse500', 'roether82', 'mgan2', 'scornwe2', 'choquette']",2,"[None, 'anjalis2006']",45,"['opatel2', 'jlcgse1921', 'kfranci2', 'dsigety2', 'bengani1', 'kbhagat2', 'talwar1', 'sturnfie', 'jzucker2', 'bmd1988', 'nazaret1', 'hyungrae82', 'agrawalrishabh', 'raygrl88', 'youngjkoh', 'ramya44', 'lam5', 'ainglis2', 'mcdp', 'jhong21', 'gchou2', 'yjia5', 'xlange2', 'dantle2', 'dombro2', 'garrett3', 'vpopsto2', 'pvora2', 'cmcinty2', None, 'rfavero2', 'ppark9', 'xjiang4', 'anjalis2006', 'rshishk2', 'mwilli26', 'wcourtn2', 'steder1', 'rotap2', 'sadderly', 'nictse500', 'roether82', 'mgan2', 'scornwe2', 'choquette']"
3,81,44,7,2,"['mwilli26', 'lam5']",41,"['opatel2', 'jlcgse1921', 'kfranci2', 'dsigety2', 'bengani1', 'kbhagat2', 'talwar1', 'sturnfie', 'jzucker2', 'bmd1988', 'nazaret1', 'hyungrae82', 'agrawalrishabh', 'raygrl88', 'youngjkoh', 'ramya44', 'ainglis2', 'mcdp', 'jhong21', 'gchou2', 'yjia5', 'xlange2', 'dantle2', 'dombro2', 'garrett3', 'vpopsto2', 'pvora2', 'cmcinty2', 'rfavero2', 'ppark9', 'xjiang4', 'rshishk2', 'wcourtn2', 'steder1', 'rotap2', 'sadderly', 'nictse500', 'roether82', 'mgan2', 'scornwe2', 'choquette']",5,"['billyvg', 'cwojtko2', 'mdejesu2', 'noodle8', None]",48,"['opatel2', 'jlcgse1921', 'kfranci2', 'dsigety2', 'bengani1', 'kbhagat2', 'talwar1', 'sturnfie', 'jzucker2', 'bmd1988', 'nazaret1', 'hyungrae82', 'agrawalrishabh', 'raygrl88', 'youngjkoh', 'ramya44', 'lam5', 'ainglis2', 'mcdp', 'jhong21', 'gchou2', 'yjia5', 'billyvg', 'xlange2', 'dantle2', 'cwojtko2', 'dombro2', 'garrett3', 'vpopsto2', 'pvora2', 'cmcinty2', None, 'rfavero2', 'ppark9', 'xjiang4', 'rshishk2', 'mwilli26', 'wcourtn2', 'steder1', 'mdejesu2', 'rotap2', 'sadderly', 'nictse500', 'roether82', 'noodle8', 'mgan2', 'scornwe2', 'choquette']"
4,21,26,295,7,"['mindovermattr17', 'kcooper', 'davidgabriel', 'rwinnegar27', 'gkim314', 'madsciencetist', 'darbychild']",18,"['pallavi6', 'jaq945', 'susanigross', 'jka468', 'kmrnano', 'nperk7288', 'bml207', 'carolagross1', 'alysonstevans1', 'ethan', 'andypaullou', 'jeffloeffelholz', 'rgo228', 'bdb427', 'jsiegfried', 'seacoral3', 'sean2888', 'mlc737']",288,"['tmw314', 'kdriemeyer', 'csolares', 'amatsil', 'mfaliszek', 'mdsonnta', 'zwheeler', 'mac210', 'kknowles', 'wfurness', 'midnightkitty2', 'cmj140', 'ledzep89', 'inaheaven', 'japolinario', 'rzhan', 'cmcelwrath', 'rpang', 'aschwartz', 'mtweet', 'hitehc', 'hle', 'veulo', 'jgorrell', 'enosal', 'ncc814', 'kbullen', 'rritger', 'miarose', 'abakken', 'thealy', 'mcwise', 'jebeard', 'hsun', 'ascheffel', 'benmackenzie', 'mabaker', 'mgajewsky', 'faithboman', 'pweidner', 'amclain', 'mmurphy', 'mchou', 'jcavanaugh', 'gtillett2012', 'wylee', 'con863', 'kkahle', 'ciser', 'aholladay', 'bstasiak', 'nniles', 'cprovencal', 'dbieranoski', 'jguerrieri', 'psseshadri', 'sgojer', 'nrieser', 'achen03', 'jjo', 'msledd', 'mojserkis', 'rhund', 'cook3r', 'mcavanaugh', 'afefferman', 'jwalsh', 'rbarker', 'aretson', 'kpovod', 'hallke', 'jgu506', 'wboulay', 'sconnell2010', 'sew896', 'dmacanas', 'khashiba', 'jwen', 'eemartinez', 'kli', 'dboe', 'vqv226', 'yni', 'abhandari', 'cmoran', 'zali', 'schow', 'kold1', 'tsa309', 'danderson4', 'glewis07', 'epark', 'jbarnes', 'sepd22', 'rthompson', 'psexton', 'clee12', 'eglass', 'mmccoy', 'jgottesman', 'slhatch', 'jsias', 'kfullin', 'skumar', 'dwainwright', 'sbhowmick', 'amorgan', 'mahimavijay', 'hpoints', 'aelsaeed', 'bbecker', 'gflocker', 'iramer', 'cky161', 'duranth', 'esayers', 'cmiller', 'rcassidy', 'ebifano', 'achu', 'aotieno', 'amorriscohen', 'mcousins', 'ahobaugh', 'rdory', 'tkim', 'bwalsh', 'aft294', 'dnagel', 'mmeurice', 'chicken1214', 'ckarras', 'sjb364', 'scollins8', 'amunre', 'mbaker', 'lwint', 'akahn', 'nkappler', 'sterrazas', 'mcarson', 'claytonbrengman2012', 'dbaurer', 'mattaar', 'ewolfish', 'ysun', 'dobrien', 'gabgirl24', 'jmadsen', 'knickele', 'majestyk', 'srw762', 'redwards', 'jpanhans', 'mherschfeld', 'cberhorst', 'mliew', 'mfernandez', 'ykang', 'lredden', 'pmohan', 'ekudlaty', 'bgojer', 'abaleanu', 'halvorsonm', 'dkim0406', 'atsui', 'lscolaro', 'awald', 'bhvide', 'btongson', 'blurie', 'hrichards', 'aaronjonesey', 'npizzolato', 'zjoachim', 'rashmis', 'omargutierrez8', 'jkulesa', 'agordon', 'lvalentino', 'akrishnan', 'jmontoya', 'lfeig', 'mkang', 'kdam', 'azuzelo', 'regit627', 'jyu', 'robertellis2012', 'lfoley', 'mgeltz', 'tzhu', 'yzhu90', 'berickson', 'nkim', 'sschwartz', 'aseehra', 'eryan', 'mhyre0605', 'igolbin', 'jdoering', 'awong', 'derbs', 'jkang', 'bwright', 'ccallahan', 'rcollier', 'jmiller', 'readman1223', 'amodtimalsina', 'mspaic', 'laurie521', 'joshlee', 'yukim', 'trivers', 'cyoon', 'rmunjal', 'cmcguffin', 'mwhitehill', 'abeebe', 'jkastan', 'kodonnell', 'jhennek', 'cmihalache', 'bathans', 'skellert', 'aschroeder', 'dmescher', 'tbenchoamrogers', 'jchung', 'mbabalooee', 'olegkord', 'nzessis', 'rzyer', 'lfraust9', 'kmb562', 'stheodossiou', 'sshin', 'elucks', 'lhemenetz', 'kchu', 'abeyt', 'arosenkranz', 'almaswimfreak06', 'irodriguez', 'jsalazar', 'catcarr10', 'hrussell', 'soneill', 'iloveham90', 'gpillai', 'tshenoy', 'dwhitehead', 'vzahran', 'paulyim1', 'jmontejo', 'mlux', 'cdzeba', 'ecasano', 'tthomas', 'smshim', 'jilopez', 'jthich', 'khooley', 'kledvora', 'tkoegel', 'mstull', 'jskinner', 'ohnoitsmaria', 'mdornbusch', 'awatts', 'afraum', 'tbrockly', 'anne8683', 'soh', 'tsanusi', 'wmitzelfeld', None, 'pkpark', 'sharrity', 'xiaoxu', 'cckhor', 'sstephens', 'jlafreniere', 'smalin', 'arazma', 'dkluger']",313,"['tmw314', 'kdriemeyer', 'csolares', 'amatsil', 'mfaliszek', 'carolagross1', 'mdsonnta', 'zwheeler', 'mac210', 'kknowles', 'wfurness', 'midnightkitty2', 'cmj140', 'ledzep89', 'inaheaven', 'japolinario', 'rzhan', 'cmcelwrath', 'rpang', 'aschwartz', 'mtweet', 'hitehc', 'hle', 'veulo', 'jgorrell', 'enosal', 'ncc814', 'kbullen', 'rritger', 'miarose', 'pallavi6', 'davidgabriel', 'abakken', 'thealy', 'mcwise', 'jebeard', 'jsiegfried', 'hsun', 'ascheffel', 'benmackenzie', 'mabaker', 'mgajewsky', 'faithboman', 'pweidner', 'jka468', 'madsciencetist', 'amclain', 'mmurphy', 'mchou', 'jcavanaugh', 'gtillett2012', 'wylee', 'con863', 'kkahle', 'ciser', 'aholladay', 'bstasiak', 'nniles', 'cprovencal', 'dbieranoski', 'jguerrieri', 'psseshadri', 'sgojer', 'nrieser', 'achen03', 'jjo', 'msledd', 'mojserkis', 'rhund', 'cook3r', 'mcavanaugh', 'afefferman', 'jwalsh', 'rbarker', 'aretson', 'susanigross', 'kpovod', 'hallke', 'jgu506', 'wboulay', 'sconnell2010', 'sew896', 'dmacanas', 'khashiba', 'jwen', 'eemartinez', 'kli', 'dboe', 'vqv226', 'yni', 'abhandari', 'cmoran', 'zali', 'schow', 'kold1', 'tsa309', 'danderson4', 'glewis07', 'epark', 'jbarnes', 'sepd22', 'rthompson', 'psexton', 'clee12', 'eglass', 'rwinnegar27', 'mmccoy', 'jgottesman', 'jeffloeffelholz', 'slhatch', 'jsias', 'kfullin', 'skumar', 'dwainwright', 'sbhowmick', 'amorgan', 'mahimavijay', 'hpoints', 'andypaullou', 'aelsaeed', 'bbecker', 'gflocker', 'kcooper', 'iramer', 'cky161', 'duranth', 'esayers', 'cmiller', 'rcassidy', 'ebifano', 'achu', 'aotieno', 'alysonstevans1', 'amorriscohen', 'mcousins', 'ahobaugh', 'rdory', 'tkim', 'bwalsh', 'aft294', 'dnagel', 'mmeurice', 'chicken1214', 'ckarras', 'sjb364', 'scollins8', 'amunre', 'mbaker', 'lwint', 'akahn', 'nkappler', 'sterrazas', 'mcarson', 'claytonbrengman2012', 'dbaurer', 'mattaar', 'ewolfish', 'ysun', 'dobrien', 'gabgirl24', 'jmadsen', 'knickele', 'majestyk', 'srw762', 'redwards', 'ethan', 'jpanhans', 'mherschfeld', 'cberhorst', 'mliew', 'mfernandez', 'ykang', 'lredden', 'pmohan', 'ekudlaty', 'bgojer', 'abaleanu', 'halvorsonm', 'dkim0406', 'atsui', 'lscolaro', 'awald', 'bhvide', 'btongson', 'blurie', 'hrichards', 'aaronjonesey', 'npizzolato', 'zjoachim', 'rashmis', 'omargutierrez8', 'jkulesa', 'rgo228', 'seacoral3', 'agordon', 'lvalentino', 'akrishnan', 'jmontoya', 'lfeig', 'mkang', 'kdam', 'azuzelo', 'regit627', 'jyu', 'robertellis2012', 'lfoley', 'mgeltz', 'tzhu', 'yzhu90', 'berickson', 'nkim', 'kmrnano', 'sschwartz', 'aseehra', 'eryan', 'mhyre0605', 'igolbin', 'jdoering', 'awong', 'mindovermattr17', 'derbs', 'jkang', 'bwright', 'ccallahan', 'rcollier', 'jmiller', 'sean2888', 'mlc737', 'readman1223', 'amodtimalsina', 'mspaic', 'laurie521', 'joshlee', 'yukim', 'trivers', 'darbychild', 'cyoon', 'rmunjal', 'cmcguffin', 'mwhitehill', 'abeebe', 'jkastan', 'kodonnell', 'jhennek', 'cmihalache', 'bathans', 'skellert', 'aschroeder', 'dmescher', 'tbenchoamrogers', 'jchung', 'mbabalooee', 'olegkord', 'nzessis', 'rzyer', 'lfraust9', 'kmb562', 'stheodossiou', 'jaq945', 'nperk7288', 'sshin', 'elucks', 'lhemenetz', 'kchu', 'abeyt', 'bdb427', 'arosenkranz', 'almaswimfreak06', 'irodriguez', 'jsalazar', 'catcarr10', 'hrussell', 'soneill', 'iloveham90', 'gpillai', 'tshenoy', 'dwhitehead', 'vzahran', 'paulyim1', 'jmontejo', 'mlux', 'cdzeba', 'bml207', 'ecasano', 'tthomas', 'smshim', 'jilopez', 'jthich', 'khooley', 'kledvora', 'gkim314', 'tkoegel', 'mstull', 'jskinner', 'ohnoitsmaria', 'mdornbusch', 'awatts', 'afraum', 'tbrockly', 'anne8683', 'soh', 'tsanusi', 'wmitzelfeld', None, 'pkpark', 'sharrity', 'xiaoxu', 'cckhor', 'sstephens', 'jlafreniere', 'smalin', 'arazma', 'dkluger']"
4,60,26,32,25,"['kcooper', 'jka468', 'madsciencetist', 'carolagross1', 'bml207', 'darbychild', 'andypaullou', 'rgo228', 'seacoral3', 'gkim314', 'alysonstevans1', 'ethan', 'jaq945', 'rwinnegar27', 'kmrnano', 'nperk7288', 'jeffloeffelholz', 'bdb427', 'mindovermattr17', 'pallavi6', 'davidgabriel', 'susanigross', 'jsiegfried', 'sean2888', 'mlc737']",0,[],7,"['nvalley', 'truefro', 'schatz', 'chriswilmer', 'tejerina', 'yeehoong', None]",32,"['kcooper', 'jka468', 'bml207', 'carolagross1', 'madsciencetist', 'darbychild', 'nvalley', 'rgo228', 'seacoral3', 'yeehoong', 'gkim314', 'alysonstevans1', 'ethan', 'chriswilmer', 'sean2888', 'jaq945', 'rwinnegar27', 'kmrnano', 'nperk7288', 'jeffloeffelholz', 'bdb427', None, 'mindovermattr17', 'pallavi6', 'davidgabriel', 'susanigross', 'truefro', 'schatz', 'tejerina', 'jsiegfried', 'andypaullou', 'mlc737']"
4,59,26,23,19,"['kcooper', 'jka468', 'carolagross1', 'darbychild', 'bml207', 'madsciencetist', 'rgo228', 'seacoral3', 'gkim314', 'alysonstevans1', 'ethan', 'rwinnegar27', 'kmrnano', 'bdb427', 'pallavi6', 'susanigross', 'jsiegfried', 'sean2888', 'mlc737']",6,"['mindovermattr17', 'davidgabriel', 'jaq945', 'nperk7288', 'jeffloeffelholz', 'andypaullou']",4,"['tejerina', None, 'ynzheng', 'nvalley']",29,"['kcooper', 'ynzheng', 'jka468', 'bml207', 'carolagross1', 'madsciencetist', 'darbychild', 'nvalley', 'rgo228', 'seacoral3', 'gkim314', 'alysonstevans1', 'ethan', 'sean2888', 'jaq945', 'rwinnegar27', 'kmrnano', 'nperk7288', 'jeffloeffelholz', 'bdb427', None, 'mindovermattr17', 'pallavi6', 'davidgabriel', 'susanigross', 'tejerina', 'jsiegfried', 'andypaullou', 'mlc737']"
5,50,22,22,16,"['uriel18', 'olyaei', 'mxtsig', 'crisss', 'dot2se', 'atieh', 'nafenafe', 'xush0327', 'chensi', 'mohammad_shayeste', 'm_maziar', 'behnambanan', 'nanohaniye', 'reyhaneh_soltan', 'moeen84', 'addius']",5,"['kmav', 'virender_vlsi', 'samb', 'arpanjeet', 'karlwr']",6,"['dnacntfet', 'pooyatabibzadeh', 'yasharhormozan', 'arashhooshmand', 'silverjbj', None]",27,"['dnacntfet', 'crisss', 'm_maziar', 'silverjbj', 'moeen84', 'addius', 'uriel18', 'olyaei', 'mxtsig', 'atieh', 'xush0327', 'arashhooshmand', 'chensi', 'samb', 'nanohaniye', 'reyhaneh_soltan', 'nafenafe', 'arpanjeet', 'karlwr', 'dot2se', None, 'kmav', 'virender_vlsi', 'yasharhormozan', 'pooyatabibzadeh', 'behnambanan', 'mohammad_shayeste']"
5,47,22,19,12,"['uriel18', 'olyaei', 'crisss', 'atieh', 'nafenafe', 'xush0327', 'chensi', 'mohammad_shayeste', 'karlwr', 'm_maziar', 'nanohaniye', 'dot2se']",9,"['mxtsig', 'kmav', 'virender_vlsi', 'samb', 'arpanjeet', 'behnambanan', 'reyhaneh_soltan', 'moeen84', 'addius']",7,"['dnacntfet', 'bellmanz', None, 'yiyepianzou', 'silverjbj', 'haniyeh', 'jazzphysicist']",28,"['dnacntfet', 'bellmanz', 'crisss', 'm_maziar', 'silverjbj', 'haniyeh', 'moeen84', 'addius', 'uriel18', 'olyaei', 'mxtsig', 'atieh', 'xush0327', 'yiyepianzou', 'chensi', 'samb', 'nanohaniye', 'reyhaneh_soltan', 'jazzphysicist', 'nafenafe', 'arpanjeet', 'karlwr', 'dot2se', None, 'kmav', 'virender_vlsi', 'behnambanan', 'mohammad_shayeste']"
5,53,22,10,5,"['atieh', 'nafenafe', 'xush0327', 'chensi', 'm_maziar']",16,"['uriel18', 'olyaei', 'mxtsig', 'crisss', 'dot2se', 'kmav', 'virender_vlsi', 'samb', 'mohammad_shayeste', 'arpanjeet', 'karlwr', 'behnambanan', 'nanohaniye', 'reyhaneh_soltan', 'moeen84', 'addius']",5,"['dnacntfet', 'bellmanz', 'arashhooshmand', 'silverjbj', None]",26,"['dnacntfet', 'bellmanz', 'crisss', 'nafenafe', 'mohammad_shayeste', 'arpanjeet', 'karlwr', 'm_maziar', 'silverjbj', 'moeen84', 'dot2se', 'addius', None, 'uriel18', 'olyaei', 'mxtsig', 'kmav', 'atieh', 'virender_vlsi', 'xush0327', 'arashhooshmand', 'chensi', 'samb', 'behnambanan', 'nanohaniye', 'reyhaneh_soltan']"
5,48,22,7,1,['samb'],20,"['crisss', 'm_maziar', 'moeen84', 'addius', 'uriel18', 'olyaei', 'mxtsig', 'atieh', 'xush0327', 'chensi', 'nanohaniye', 'reyhaneh_soltan', 'nafenafe', 'arpanjeet', 'karlwr', 'dot2se', 'kmav', 'virender_vlsi', 'behnambanan', 'mohammad_shayeste']",6,"['sampathy', 'amardhore', 'ozgajobs', 'santoshiitk', 'sumisv', None]",27,"['crisss', 'sampathy', 'nafenafe', 'ozgajobs', 'mohammad_shayeste', 'arpanjeet', 'karlwr', 'm_maziar', 'moeen84', 'dot2se', 'addius', 'sumisv', None, 'uriel18', 'olyaei', 'mxtsig', 'kmav', 'atieh', 'virender_vlsi', 'xush0327', 'amardhore', 'chensi', 'santoshiitk', 'samb', 'behnambanan', 'nanohaniye', 'reyhaneh_soltan']"
6,16,22,24,20,"['sm2mr', 'reachvast', 'kumaryu', 'navid', 'beatronic', 'future2121', 'nystick', 'kapsu', 'hunybebe', 'kingofyoon1', 'picturelover', 'rydghks', 'pgkwanjul', 'coolman7910', 'lovecoms', 'sunshines23', 'jungildoo', 'liho2010', 'rins81', 'tndydakstp']",1,['katsuhisa'],4,"['thehits', 'ackear', 'akelohre', None]",25,"['sm2mr', 'reachvast', 'katsuhisa', 'kumaryu', 'navid', 'beatronic', 'future2121', 'nystick', 'kapsu', 'hunybebe', 'kingofyoon1', 'akelohre', 'picturelover', 'rydghks', 'ackear', 'pgkwanjul', 'coolman7910', 'lovecoms', None, 'sunshines23', 'jungildoo', 'thehits', 'liho2010', 'rins81', 'tndydakstp']"
7,99,17,36,16,"['mimco', 'janpicha', 'yin', 'aedam', 'xzurek04', 'xkarma04', 'marakh', 'fluke', 'xsalaj01', 'xzeman30', 'istrasil', 'xotoup02', 'scorpios', 'concore', 'xmalin15', 'xhosek05']",0,[],20,"['xnovac05', 'spirits_sk3', 'xbalon00', 'xmunst01', 'stanin', 'martin1985', 'xnedom03', None, 'sidnez', 'tatrac', 'xko', 'xchleb03', 'xpatek03', 'xjanik09', 'xmasin00', 'xfajku02', 'xtenor00', 'pavlosstar', 'zeno', 'xbrudn01']",36,"['xnovac05', 'yin', 'spirits_sk3', 'xkarma04', 'xsalaj01', 'xotoup02', 'fluke', 'xbalon00', 'concore', 'mimco', 'janpicha', 'xmunst01', 'stanin', 'xzeman30', 'martin1985', 'xnedom03', 'istrasil', 'marakh', None, 'xzurek04', 'xhosek05', 'sidnez', 'tatrac', 'xko', 'xchleb03', 'xpatek03', 'xjanik09', 'aedam', 'xmasin00', 'xfajku02', 'xtenor00', 'pavlosstar', 'scorpios', 'zeno', 'xmalin15', 'xbrudn01']"
7,37,17,32,13,"['janpicha', 'yin', 'aedam', 'xzurek04', 'xkarma04', 'marakh', 'fluke', 'xsalaj01', 'xzeman30', 'istrasil', 'xotoup02', 'scorpios', 'xmalin15']",3,"['mimco', 'concore', 'xhosek05']",19,"['vohanka', 'komendar', 'churchil', 'xmunst01', 'stanin', 'nezbeda', 'xnedom03', 'xstrbi03', None, 'tatrac', 'xko', 'xotoup03', 'xchleb03', 'xjanik09', 'neo2199', 'xmasin00', 'xfajku02', 'xprikr18', 'xbrudn01']",35,"['vohanka', 'yin', 'komendar', 'xkarma04', 'xsalaj01', 'churchil', 'xotoup02', 'fluke', 'concore', 'mimco', 'janpicha', 'xmunst01', 'stanin', 'xzeman30', 'nezbeda', 'xnedom03', 'xstrbi03', 'istrasil', 'marakh', None, 'xzurek04', 'xhosek05', 'tatrac', 'xko', 'xotoup03', 'xchleb03', 'xjanik09', 'aedam', 'neo2199', 'xmasin00', 'xfajku02', 'xprikr18', 'scorpios', 'xmalin15', 'xbrudn01']"
7,67,17,31,13,"['janpicha', 'yin', 'aedam', 'xzurek04', 'xkarma04', 'marakh', 'fluke', 'xsalaj01', 'xzeman30', 'istrasil', 'xotoup02', 'scorpios', 'xmalin15']",3,"['mimco', 'concore', 'xhosek05']",18,"['tatrac', 'xko', 'xmunst01', 'stanin', 'vohanka', 'nezbeda', 'xotoup03', 'komendar', 'xnedom03', 'xchleb03', 'xjanik09', 'neo2199', 'xmasin00', 'xfajku02', 'xprikr18', 'churchil', None, 'xbrudn01']",34,"['vohanka', 'yin', 'komendar', 'xkarma04', 'xsalaj01', 'churchil', 'xotoup02', 'fluke', 'concore', 'mimco', 'janpicha', 'xmunst01', 'stanin', 'xzeman30', 'nezbeda', 'xnedom03', 'istrasil', 'marakh', None, 'xzurek04', 'xhosek05', 'tatrac', 'xko', 'xotoup03', 'xchleb03', 'xjanik09', 'aedam', 'neo2199', 'xmasin00', 'xfajku02', 'xprikr18', 'scorpios', 'xmalin15', 'xbrudn01']"
7,23,17,29,15,"['mimco', 'janpicha', 'yin', 'xzurek04', 'xkarma04', 'marakh', 'fluke', 'xsalaj01', 'xzeman30', 'istrasil', 'xotoup02', 'scorpios', 'concore', 'xmalin15', 'xhosek05']",1,['aedam'],14,"['tatrac', 'xotoup03', 'stanin', 'vohanka', 'xnovac05', 'komendar', 'xpatek03', 'paveln', 'neo2199', 'xmasin00', 'xbucht09', 'xtenor00', 'pavlosstar', None]",30,"['vohanka', 'xnovac05', 'yin', 'komendar', 'xkarma04', 'xbucht09', 'xsalaj01', 'xotoup02', 'fluke', 'concore', 'mimco', 'janpicha', 'stanin', 'xzeman30', 'paveln', 'istrasil', 'marakh', None, 'xzurek04', 'xhosek05', 'tatrac', 'xotoup03', 'xpatek03', 'aedam', 'neo2199', 'xmasin00', 'xtenor00', 'pavlosstar', 'scorpios', 'xmalin15']"
7,34,17,29,15,"['mimco', 'janpicha', 'yin', 'xzurek04', 'xkarma04', 'marakh', 'fluke', 'xsalaj01', 'xzeman30', 'istrasil', 'xotoup02', 'scorpios', 'concore', 'xmalin15', 'xhosek05']",1,['aedam'],14,"['tatrac', 'xotoup03', 'stanin', 'vohanka', 'xnovac05', 'komendar', 'xpatek03', 'paveln', 'neo2199', 'xmasin00', 'xbucht09', 'xtenor00', 'pavlosstar', None]",30,"['vohanka', 'xnovac05', 'yin', 'komendar', 'xkarma04', 'xbucht09', 'xsalaj01', 'xotoup02', 'fluke', 'concore', 'mimco', 'janpicha', 'stanin', 'xzeman30', 'paveln', 'istrasil', 'marakh', None, 'xzurek04', 'xhosek05', 'tatrac', 'xotoup03', 'xpatek03', 'aedam', 'neo2199', 'xmasin00', 'xtenor00', 'pavlosstar', 'scorpios', 'xmalin15']"
7,106,17,22,9,"['mimco', 'janpicha', 'aedam', 'marakh', 'xzeman30', 'xotoup02', 'scorpios', 'xmalin15', 'xhosek05']",7,"['yin', 'xkarma04', 'xsalaj01', 'istrasil', 'fluke', 'concore', 'xzurek04']",13,"['xko', 'xotoup03', 'vohanka', 'xpatek03', 'xnedom03', 'neo2199', 'spirits_sk', 'xfajku02', 'xtenor00', 'xprikr18', 'pavlosstar', 'xmichl08', None]",29,"['vohanka', 'yin', 'xkarma04', 'xsalaj01', 'xotoup02', 'fluke', 'concore', 'mimco', 'janpicha', 'xmichl08', 'xzeman30', 'xnedom03', 'istrasil', 'marakh', None, 'xzurek04', 'xhosek05', 'xko', 'xotoup03', 'xpatek03', 'aedam', 'neo2199', 'xfajku02', 'xtenor00', 'xprikr18', 'pavlosstar', 'scorpios', 'spirits_sk', 'xmalin15']"
7,105,17,7,3,"['xkarma04', 'concore', 'xzurek04']",13,"['mimco', 'janpicha', 'yin', 'aedam', 'marakh', 'fluke', 'xsalaj01', 'xzeman30', 'istrasil', 'xotoup02', 'scorpios', 'xmalin15', 'xhosek05']",4,"['xstrbi03', 'xjanik09', None, 'xbalon00']",20,"['yin', 'xkarma04', 'xstrbi03', 'xsalaj01', 'istrasil', 'xotoup02', 'fluke', 'marakh', None, 'concore', 'xzurek04', 'xhosek05', 'mimco', 'xbalon00', 'janpicha', 'xjanik09', 'aedam', 'xzeman30', 'scorpios', 'xmalin15']"
7,107,17,7,3,"['xkarma04', 'concore', 'xzurek04']",13,"['mimco', 'janpicha', 'yin', 'aedam', 'marakh', 'fluke', 'xsalaj01', 'xzeman30', 'istrasil', 'xotoup02', 'scorpios', 'xmalin15', 'xhosek05']",4,"['xstrbi03', 'xjanik09', None, 'xbalon00']",20,"['yin', 'xkarma04', 'xstrbi03', 'xsalaj01', 'istrasil', 'xotoup02', 'fluke', 'marakh', None, 'concore', 'xzurek04', 'xhosek05', 'mimco', 'xbalon00', 'janpicha', 'xjanik09', 'aedam', 'xzeman30', 'scorpios', 'xmalin15']"
8,111,17,13,10,"['nhindman', 'pnayak1', 'cjlasu', 'schroder', 'jingjing', 'kdeepak1984', 'sarathcpt', 'dguerra', 'wegoss', 'nghiakle']",6,"['adiaz', 'lishuyi', 'sbaliga', 'arifsonnet', 'prakesh85', 'a_rudenko']",3,"['krahman', 'anupsasikumar', None]",19,"['adiaz', 'nhindman', 'schroder', 'cjlasu', None, 'nghiakle', 'a_rudenko', 'pnayak1', 'lishuyi', 'anupsasikumar', 'sbaliga', 'jingjing', 'kdeepak1984', 'arifsonnet', 'dguerra', 'sarathcpt', 'krahman', 'prakesh85', 'wegoss']"
9,86,16,13,9,"['koleva', 'friend', 'schtecker', 'ilija', 'sasostojanovski', 'popstical', 'composer_s', 'dragan', 'zebramilan']",6,"['igor_ristov', 'mickovskat', 'boris', 'janevdejan', 'martinjkd', 'panelce']",4,"['stojanov113', None, 'kuhar', 'veleshki']",19,"['koleva', 'igor_ristov', 'stojanov113', 'boris', 'schtecker', 'ilija', 'kuhar', 'martinjkd', 'popstical', 'composer_s', 'dragan', None, 'friend', 'mickovskat', 'janevdejan', 'sasostojanovski', 'veleshki', 'zebramilan', 'panelce']"
9,87,16,10,8,"['igor_ristov', 'mickovskat', 'boris', 'schtecker', 'janevdejan', 'ilija', 'martinjkd', 'panelce']",7,"['koleva', 'friend', 'sasostojanovski', 'popstical', 'composer_s', 'dragan', 'zebramilan']",2,"['stojanov113', None]",17,"['koleva', 'igor_ristov', 'stojanov113', 'boris', 'schtecker', 'ilija', 'martinjkd', 'popstical', 'composer_s', 'dragan', None, 'friend', 'mickovskat', 'janevdejan', 'sasostojanovski', 'zebramilan', 'panelce']"
10,117,16,13,10,"['marshace', 'jtklein', 'tyboxer87', 'kcpark', 'flamingpope', 'ccrunner007', 'liang10', 'phillijn', 'svero', 'ameert']",5,"['sqens', 'jlittlet', 'zablocki', 'rhewitt', 'hdabag']",3,"[None, 'jones105', 'jtill04']",18,"['tyboxer87', 'kcpark', 'flamingpope', 'jones105', 'phillijn', 'svero', 'ameert', None, 'marshace', 'jtklein', 'sqens', 'jlittlet', 'zablocki', 'rhewitt', 'ccrunner007', 'liang10', 'hdabag', 'jtill04']"
10,119,16,10,8,"['marshace', 'jtklein', 'tyboxer87', 'jlittlet', 'flamingpope', 'liang10', 'phillijn', 'svero']",7,"['kcpark', 'sqens', 'zablocki', 'rhewitt', 'ccrunner007', 'hdabag', 'ameert']",2,"[None, 'akhilesh']",17,"['tyboxer87', 'kcpark', 'flamingpope', 'phillijn', 'svero', 'ameert', None, 'marshace', 'jtklein', 'sqens', 'jlittlet', 'zablocki', 'rhewitt', 'ccrunner007', 'akhilesh', 'liang10', 'hdabag']"
10,115,16,9,7,"['marshace', 'jtklein', 'tyboxer87', 'liang10', 'phillijn', 'svero', 'ameert']",8,"['kcpark', 'sqens', 'flamingpope', 'jlittlet', 'zablocki', 'rhewitt', 'ccrunner007', 'hdabag']",2,"[None, 'jones105']",17,"['tyboxer87', 'kcpark', 'flamingpope', 'jones105', 'phillijn', 'svero', 'ameert', None, 'marshace', 'jtklein', 'sqens', 'jlittlet', 'zablocki', 'rhewitt', 'ccrunner007', 'liang10', 'hdabag']"
10,116,16,9,8,"['marshace', 'jtklein', 'tyboxer87', 'flamingpope', 'liang10', 'phillijn', 'svero', 'ameert']",7,"['kcpark', 'sqens', 'jlittlet', 'zablocki', 'rhewitt', 'ccrunner007', 'hdabag']",1,[None],16,"['tyboxer87', 'kcpark', 'flamingpope', 'phillijn', 'svero', 'ameert', None, 'marshace', 'jtklein', 'sqens', 'jlittlet', 'zablocki', 'rhewitt', 'ccrunner007', 'liang10', 'hdabag']"
10,118,16,7,6,"['marshace', 'jtklein', 'kcpark', 'jlittlet', 'liang10', 'svero']",9,"['tyboxer87', 'sqens', 'flamingpope', 'zablocki', 'rhewitt', 'ccrunner007', 'phillijn', 'hdabag', 'ameert']",1,[None],16,"['tyboxer87', 'kcpark', 'flamingpope', 'phillijn', 'svero', 'ameert', None, 'marshace', 'jtklein', 'sqens', 'jlittlet', 'zablocki', 'rhewitt', 'ccrunner007', 'liang10', 'hdabag']"
11,8,15,12,8,"['magicdigr', 'rroyler', 'sush1812', 'snoop15', 'goebwer', 'luckyhusky', 'jayj2510', 'lugosch']",6,"['synix09', 'yeshua1988', 'candelbm', 'jcolin', 'xzhang1', 'taydrew']",4,"[None, 'dam7850', 'jorge_rey16', 'bmw32373']",18,"['sush1812', 'jorge_rey16', 'yeshua1988', 'luckyhusky', 'jayj2510', 'lugosch', 'taydrew', 'xzhang1', None, 'bmw32373', 'magicdigr', 'synix09', 'rroyler', 'snoop15', 'goebwer', 'dam7850', 'candelbm', 'jcolin']"
11,7,15,11,7,"['sush1812', 'snoop15', 'goebwer', 'luckyhusky', 'jayj2510', 'lugosch', 'xzhang1']",7,"['magicdigr', 'synix09', 'rroyler', 'yeshua1988', 'candelbm', 'jcolin', 'taydrew']",4,"['arl437', None, 'battlebutt', 'bmw32373']",18,"['sush1812', 'yeshua1988', 'luckyhusky', 'jayj2510', 'lugosch', 'taydrew', 'xzhang1', None, 'bmw32373', 'magicdigr', 'synix09', 'rroyler', 'arl437', 'snoop15', 'goebwer', 'candelbm', 'jcolin', 'battlebutt']"
11,9,15,9,1,['candelbm'],13,"['magicdigr', 'synix09', 'rroyler', 'sush1812', 'snoop15', 'goebwer', 'yeshua1988', 'luckyhusky', 'jayj2510', 'jcolin', 'xzhang1', 'lugosch', 'taydrew']",8,"['gtengland', 'mabadri', 'nass_sare', 'dasgups2', 'northofnowhere5', 'reedra1', None, 'crimsonvaliant']",22,"['sush1812', 'gtengland', 'yeshua1988', 'luckyhusky', 'jayj2510', 'northofnowhere5', 'lugosch', 'taydrew', 'xzhang1', 'reedra1', None, 'crimsonvaliant', 'magicdigr', 'synix09', 'rroyler', 'snoop15', 'goebwer', 'mabadri', 'nass_sare', 'dasgups2', 'candelbm', 'jcolin']"
12,130,15,40,13,"['skruderman', 'rohith', 'jindafan', 'metasebya', 'vstoyneva', 'gulsim', 'mg2705', 'silvia', 'czakian', 'mbeheiry', 'hyahn', 'sushant1983', 'shravanti']",1,['munima'],27,"['dkearney', 'vpattani', 'wangzhs', 'kearneyd', 'alaughney', 'yichenusa', 'mrkiran', 'yangzhao', 'kdko2', 'sobh', 'snoelck', 'manasgartia', 'sxma2r', 'gah', 'lgoddard', 'priyaveena', 'sobh1', 'mariagregori', 'chun', 'nesaboz', 'rasyed', 'hyonmin1', None, 'chkwok', 'nixon1', 'daleyg', 'syedimaad']",41,"['dkearney', 'vpattani', 'wangzhs', 'kearneyd', 'alaughney', 'yichenusa', 'mrkiran', 'yangzhao', 'mbeheiry', 'kdko2', 'sobh', 'snoelck', 'manasgartia', 'sxma2r', 'gah', 'lgoddard', 'metasebya', 'priyaveena', 'hyahn', 'sobh1', 'mariagregori', 'shravanti', 'chun', 'rohith', 'nesaboz', 'rasyed', 'vstoyneva', 'silvia', 'hyonmin1', None, 'chkwok', 'munima', 'nixon1', 'skruderman', 'daleyg', 'jindafan', 'gulsim', 'mg2705', 'czakian', 'sushant1983', 'syedimaad']"
12,36,15,27,13,"['skruderman', 'rohith', 'jindafan', 'metasebya', 'vstoyneva', 'gulsim', 'mg2705', 'silvia', 'czakian', 'mbeheiry', 'hyahn', 'sushant1983', 'shravanti']",1,['munima'],14,"['snoelck', 'sxma2r', 'alaughney', 'mariagregori', 'lgoddard', 'chkwok', 'nixon1', None, 'priyaveena', 'rasyed', 'hyonmin1', 'kdko2', 'syedimaad', 'sobh']",28,"['alaughney', 'mbeheiry', 'kdko2', 'sobh', 'snoelck', 'sxma2r', 'lgoddard', 'metasebya', 'priyaveena', 'hyahn', 'mariagregori', 'shravanti', 'rohith', 'rasyed', 'vstoyneva', 'silvia', 'hyonmin1', None, 'chkwok', 'munima', 'nixon1', 'skruderman', 'jindafan', 'gulsim', 'mg2705', 'czakian', 'sushant1983', 'syedimaad']"
12,132,15,8,3,"['mbeheiry', 'sushant1983', 'hyahn']",11,"['munima', 'skruderman', 'rohith', 'jindafan', 'metasebya', 'vstoyneva', 'gulsim', 'mg2705', 'silvia', 'czakian', 'shravanti']",5,"['snoelck', 'mariagregori', 'alaughney', 'priyaveena', None]",19,"['alaughney', 'rohith', 'vstoyneva', 'silvia', 'mbeheiry', None, 'snoelck', 'munima', 'skruderman', 'jindafan', 'metasebya', 'gulsim', 'priyaveena', 'mg2705', 'hyahn', 'czakian', 'sushant1983', 'mariagregori', 'shravanti']"
13,26,14,12,11,"['bpurcell', 'ktubbs2', 'newyork123', 'anonymous', 'jlbemley1', 'rohanp77', 'moblepias', 'mas074', 'srossi455', 'raynjamin', 'shafaeat']",2,"['slarew', 'kwanous']",1,[None],14,"['newyork123', 'ktubbs2', 'rohanp77', 'srossi455', 'kwanous', 'raynjamin', 'shafaeat', 'slarew', None, 'anonymous', 'bpurcell', 'jlbemley1', 'mas074', 'moblepias']"
14,65,13,10,5,"['vk10', 'agacosta', 'amitgupta', 'bennyhannya', 'lcfrank']",7,"['gleo', 'murraygoround', 'jskubal', 'sylvaindruart', 'disdiller721130', 'anandkadiyala', 'nathanieldodds']",5,"['lydiahu', 'ashishk', 'jsworld81', 'dabraj', None]",17,"['lydiahu', 'jskubal', 'agacosta', 'lcfrank', None, 'gleo', 'ashishk', 'murraygoround', 'jsworld81', 'dabraj', 'vk10', 'sylvaindruart', 'disdiller721130', 'anandkadiyala', 'amitgupta', 'nathanieldodds', 'bennyhannya']"
15,80,12,18,9,"['onurkl', 'moz', 'tostostos', 'cembila', 'bekirtopaloglu', 'mhmtmtl', 'kyener', 'irmakcomert', 'ardak8']",2,"['ttek', 'canky']",9,"['denizakkaya', 'vehbi', 'furkancan', 'ikemalk', 'bbolukbasi', 'nihat', 'cemilcanfb', 'ilgea', None]",20,"['onurkl', 'moz', 'tostostos', 'furkancan', 'ttek', 'ikemalk', 'bbolukbasi', 'nihat', 'cemilcanfb', 'kyener', None, 'ardak8', 'cembila', 'denizakkaya', 'vehbi', 'canky', 'bekirtopaloglu', 'ilgea', 'mhmtmtl', 'irmakcomert']"
15,42,12,15,6,"['onurkl', 'cembila', 'tostostos', 'mhmtmtl', 'kyener', 'ardak8']",5,"['moz', 'ttek', 'canky', 'bekirtopaloglu', 'irmakcomert']",9,"['furkancan', 'vehbi', 'denizakkaya', 'ikemalk', 'bbolukbasi', 'nihat', 'cemilcanfb', 'ilgea', None]",20,"['onurkl', 'moz', 'tostostos', 'furkancan', 'ttek', 'ikemalk', 'bbolukbasi', 'nihat', 'cemilcanfb', 'kyener', None, 'ardak8', 'cembila', 'denizakkaya', 'vehbi', 'canky', 'bekirtopaloglu', 'ilgea', 'mhmtmtl', 'irmakcomert']"
15,74,12,15,2,"['mhmtmtl', 'ttek']",9,"['onurkl', 'moz', 'tostostos', 'cembila', 'canky', 'bekirtopaloglu', 'kyener', 'irmakcomert', 'ardak8']",13,"['furkancan', 'denizakkaya', 'hoplayanmanda', 'ikemalk', 'bbolukbasi', 'ilgea', 'kucukdevec', 'givenci', 'turcan', 'hamsiii', None, 'feze', 'xcuh']",24,"['onurkl', 'moz', 'tostostos', 'furkancan', 'hamsiii', 'ttek', 'ikemalk', 'bbolukbasi', 'kyener', None, 'feze', 'xcuh', 'ardak8', 'cembila', 'denizakkaya', 'hoplayanmanda', 'canky', 'ilgea', 'bekirtopaloglu', 'kucukdevec', 'givenci', 'turcan', 'mhmtmtl', 'irmakcomert']"
15,45,12,14,6,"['onurkl', 'cembila', 'tostostos', 'mhmtmtl', 'kyener', 'ardak8']",5,"['moz', 'ttek', 'canky', 'bekirtopaloglu', 'irmakcomert']",8,"['furkancan', 'vehbi', 'denizakkaya', 'ikemalk', 'bbolukbasi', 'nihat', 'ilgea', None]",19,"['onurkl', 'moz', 'tostostos', 'furkancan', 'ttek', 'ikemalk', 'bbolukbasi', 'nihat', 'kyener', None, 'ardak8', 'cembila', 'denizakkaya', 'vehbi', 'canky', 'bekirtopaloglu', 'ilgea', 'mhmtmtl', 'irmakcomert']"
15,76,12,8,2,"['mhmtmtl', 'ttek']",9,"['onurkl', 'moz', 'tostostos', 'cembila', 'canky', 'bekirtopaloglu', 'kyener', 'irmakcomert', 'ardak8']",6,"['furkancan', 'hoplayanmanda', 'ilgea', 'turcan', None, 'feze']",17,"['onurkl', 'moz', 'tostostos', 'furkancan', 'ttek', 'kyener', None, 'feze', 'ardak8', 'cembila', 'hoplayanmanda', 'canky', 'ilgea', 'bekirtopaloglu', 'turcan', 'mhmtmtl', 'irmakcomert']"
16,114,11,12,10,"['mahechini', 'squall_jotc', 'alvarodiazh', 'tachack_pao', 'gilbert_u2', 'nanotecnologia20091', 'gamma', 'safreyle', 'diegoroa', 'ivand18333']",0,[],2,"[None, 'agcr3']",12,"['tachack_pao', 'alvarodiazh', 'safreyle', None, 'diegoroa', 'ivand18333', 'mahechini', 'squall_jotc', 'gilbert_u2', 'nanotecnologia20091', 'gamma', 'agcr3']"
17,57,11,292,8,"['bigbee15', 'chanyxp', 'maffi', 'ekav', 'ndeiters', 'dwalco', 'alberthong', 'lvalentino1']",2,"['cosmeata', 'kyusik5112']",284,"['tmw314', 'kdriemeyer', 'csolares', 'amatsil', 'mfaliszek', 'jmilian', 'mdsonnta', 'zwheeler', 'mac210', 'borban', 'kknowles', 'wfurness', 'cmj140', 'ledzep89', 'usman2012', 'inaheaven', 'thoh13', 'sshah', 'japolinario', 'cmcelwrath', 'rpang', 'rzhan', 'aschwartz', 'mtweet', 'hitehc', 'hle', 'jgorrell', 'enosal', 'ncc814', 'kbullen', 'rritger', 'thealy', 'mcwise', 'jebeard', 'hsun', 'ascheffel', 'benmackenzie', 'mabaker', 'psnieder', 'pweidner', 'amclain', 'chwang', 'mmurphy', 'mchou', 'jcavanaugh', 'gtillett2012', 'wylee', 'con863', 'kkahle', 'aholladay', 'nniles', 'cprovencal', 'dbieranoski', 'jguerrieri', 'psseshadri', 'nrieser', 'achen03', 'jjo', 'msledd', 'ejensler', 'rhund', 'cook3r', 'mcavanaugh', 'afefferman', 'jwalsh', 'rbarker', 'jch973', 'mhowell', 'kpovod', 'jgu506', 'wboulay', 'sew896', 'dmacanas', 'khashiba', 'jwen', 'eemartinez', 'kli', 'dboe', 'yni', 'abhandari', 'cmoran', 'zali', 'schow', 'ekoru', 'tsa309', 'danderson4', 'glewis07', 'epark', 'jbarnes', 'sepd22', 'rthompson', 'psexton', 'clee12', 'eglass', 'jgottesman', 'slhatch', 'jsias', 'kfullin', 'skumar', 'dwainwright', 'sbhowmick', 'amorgan', 'mahimavijay', 'hpoints', 'trockers', 'aelsaeed', 'bbecker', 'gflocker', 'iramer', 'duranth', 'esayers', 'cmiller', 'rcassidy', 'ebifano', 'achu', 'pacuna', 'rsanders', 'runfree909', 'mcousins', 'ahobaugh', 'rdory', 'sml257', 'tkim', 'enyatepecoo', 'dnagel', 'mmeurice', 'ttang', 'chicken1214', 'ckarras', 'liuz08', 'scytryn', 'nlau', 'sjb364', 'mehritt', 'scollins8', 'mbaker', 'amunre', 'akahn', 'sterrazas', 'nkappler', 'claytonbrengman2012', 'dbaurer', 'mattaar', 'ewolfish', 'ysun', 'mbloch', 'gabgirl24', 'jmadsen', 'knickele', 'majestyk', 'srw762', 'redwards', 'razhar', 'jpanhans', 'mherschfeld', 'mcajigas', 'cberhorst', 'ykang', 'lredden', 'pmohan', 'ekudlaty', 'bgojer', 'abaleanu', 'halvorsonm', 'dkim0406', 'atsui', 'lscolaro', 'awald', 'bhvide', 'blurie', 'kswonger', 'aaronjonesey', 'npizzolato', 'zjoachim', 'rashmis', 'vdopker', 'omargutierrez8', 'cpeng', 'jkulesa', 'kelley08', 'cen25ter', 'lvalentino', 'akrishnan', 'darcyrahming', 'ttobias', 'jmontoya', 'azuzelo', 'regit627', 'jyu', 'kdam', 'mgeltz', 'tzhu', 'yzhu90', 'aberens', 'berickson', 'nkim', 'sschwartz', 'aseehra', 'mhyre0605', 'igolbin', 'jdoering', 'awong', 'derbs', 'fvirani', 'jkang', 'bwilliams', 'bwright', 'ccallahan', 'rcollier', 'jmiller', 'readman1223', 'mspaic', 'joshlee', 'yukim', 'trivers', 'rmunjal', 'tpickerill', 'cmcguffin', 'wqiao13', 'mrfriskylemur', 'abeebe', 'kdimond', 'cmihalache', 'bathans', 'nshand', 'aschroeder', 'dmescher', 'tbenchoamrogers', 'jchung', 'mbabalooee', 'olegkord', 'nzessis', 'kmb562', 'sshin', 'mbartnovsky', 'a_pope', 'lhemenetz', 'kchu', 'abeyt', 'arosenkranz', 'almaswimfreak06', 'irodriguez', 'jsalazar', 'hrussell', 'soneill', 'iloveham90', 'gpillai', 'tshenoy', 'dwhitehead', 'vzahran', 'lpree', 'cdzeba', 'mpilecki', 'ecasano', 'tthomas', 'smshim', 'jthich', 'hosong', 'khooley', 'kledvora', 'tkoegel', 'mstull', 'jskinner', 'ohnoitsmaria', 'mdornbusch', 'mgandhi', 'afraum', 'tbrockly', 'soh', 'tsanusi', 'wmitzelfeld', None, 'pkpark', 'sharrity', 'xiaoxu', 'cckhor', 'lli', 'dangallegos', 'sschmidt', 'jlafreniere', 'smalin', 'enuila', 'arazma', 'dkluger']",294,"['tmw314', 'kdriemeyer', 'csolares', 'amatsil', 'mfaliszek', 'jmilian', 'mdsonnta', 'zwheeler', 'mac210', 'borban', 'kknowles', 'wfurness', 'cmj140', 'ledzep89', 'usman2012', 'inaheaven', 'thoh13', 'sshah', 'japolinario', 'cmcelwrath', 'rpang', 'rzhan', 'aschwartz', 'mtweet', 'hitehc', 'hle', 'jgorrell', 'enosal', 'ncc814', 'kbullen', 'rritger', 'thealy', 'mcwise', 'jebeard', 'hsun', 'ascheffel', 'benmackenzie', 'mabaker', 'psnieder', 'pweidner', 'amclain', 'chwang', 'mmurphy', 'mchou', 'jcavanaugh', 'gtillett2012', 'wylee', 'con863', 'lvalentino1', 'kkahle', 'aholladay', 'nniles', 'cprovencal', 'dbieranoski', 'jguerrieri', 'psseshadri', 'nrieser', 'achen03', 'jjo', 'alberthong', 'msledd', 'ejensler', 'kyusik5112', 'ekav', 'rhund', 'cook3r', 'mcavanaugh', 'afefferman', 'jwalsh', 'rbarker', 'jch973', 'mhowell', 'kpovod', 'jgu506', 'wboulay', 'sew896', 'dmacanas', 'khashiba', 'jwen', 'eemartinez', 'kli', 'dboe', 'yni', 'abhandari', 'cmoran', 'zali', 'schow', 'ekoru', 'tsa309', 'danderson4', 'glewis07', 'epark', 'jbarnes', 'sepd22', 'rthompson', 'psexton', 'clee12', 'eglass', 'jgottesman', 'slhatch', 'jsias', 'kfullin', 'skumar', 'dwainwright', 'sbhowmick', 'amorgan', 'mahimavijay', 'hpoints', 'trockers', 'aelsaeed', 'bbecker', 'gflocker', 'iramer', 'duranth', 'esayers', 'cmiller', 'rcassidy', 'ebifano', 'achu', 'pacuna', 'rsanders', 'runfree909', 'mcousins', 'ahobaugh', 'rdory', 'sml257', 'tkim', 'enyatepecoo', 'dnagel', 'mmeurice', 'ttang', 'chanyxp', 'chicken1214', 'ckarras', 'liuz08', 'scytryn', 'nlau', 'sjb364', 'maffi', 'mehritt', 'scollins8', 'mbaker', 'amunre', 'bigbee15', 'akahn', 'sterrazas', 'nkappler', 'claytonbrengman2012', 'dbaurer', 'mattaar', 'ewolfish', 'ysun', 'mbloch', 'gabgirl24', 'jmadsen', 'knickele', 'majestyk', 'srw762', 'redwards', 'razhar', 'jpanhans', 'mherschfeld', 'mcajigas', 'cberhorst', 'ykang', 'lredden', 'pmohan', 'ekudlaty', 'bgojer', 'abaleanu', 'halvorsonm', 'dkim0406', 'atsui', 'lscolaro', 'awald', 'bhvide', 'blurie', 'kswonger', 'aaronjonesey', 'npizzolato', 'zjoachim', 'rashmis', 'vdopker', 'omargutierrez8', 'cpeng', 'jkulesa', 'kelley08', 'cen25ter', 'lvalentino', 'akrishnan', 'darcyrahming', 'ttobias', 'jmontoya', 'dwalco', 'azuzelo', 'regit627', 'jyu', 'kdam', 'mgeltz', 'tzhu', 'yzhu90', 'aberens', 'berickson', 'nkim', 'cosmeata', 'sschwartz', 'aseehra', 'mhyre0605', 'igolbin', 'jdoering', 'awong', 'derbs', 'fvirani', 'jkang', 'bwilliams', 'bwright', 'ccallahan', 'rcollier', 'jmiller', 'readman1223', 'mspaic', 'joshlee', 'yukim', 'trivers', 'rmunjal', 'tpickerill', 'cmcguffin', 'wqiao13', 'mrfriskylemur', 'abeebe', 'kdimond', 'cmihalache', 'bathans', 'nshand', 'aschroeder', 'dmescher', 'tbenchoamrogers', 'jchung', 'mbabalooee', 'olegkord', 'nzessis', 'kmb562', 'sshin', 'mbartnovsky', 'a_pope', 'lhemenetz', 'kchu', 'abeyt', 'arosenkranz', 'almaswimfreak06', 'irodriguez', 'jsalazar', 'hrussell', 'soneill', 'iloveham90', 'gpillai', 'ndeiters', 'tshenoy', 'dwhitehead', 'vzahran', 'lpree', 'cdzeba', 'mpilecki', 'ecasano', 'tthomas', 'smshim', 'jthich', 'hosong', 'khooley', 'kledvora', 'tkoegel', 'mstull', 'jskinner', 'ohnoitsmaria', 'mdornbusch', 'mgandhi', 'afraum', 'tbrockly', 'soh', 'tsanusi', 'wmitzelfeld', None, 'pkpark', 'sharrity', 'xiaoxu', 'cckhor', 'lli', 'dangallegos', 'sschmidt', 'jlafreniere', 'smalin', 'enuila', 'arazma', 'dkluger']"
18,129,11,40,1,['tejaspandit'],9,"['manasgartia', 'vpattani', 'wangzhs', 'kearneyd', 'chun', 'yichenusa', 'daleyg', 'nesaboz', 'sobh1']",39,"['saumitra', 'dkearney', 'zooley', 'himadri', 'vrinside', 'clarksm', 'jrosheck', 'cjc', 'cxsong', 'gah', 'wang159', 'amberlei', 'gbudiman', 'strachan', 'marisol', 'ajrobiso', 'elec1020', 'usman', 'mourad', 'kennell', 'nkissebe', 'park43', 'mmh', 'ncnbootcamp', 'mdicuangco87', 'kmodi', 'jgeng', 'fengyuanli', 'fgu', None, 'janam', 'gbechtol', 'aphanse', 'yalanz', 'vsavikhi', 'jchae', 'awebb89', 'nkharche', 'nchopra']",49,"['saumitra', 'vpattani', 'dkearney', 'wangzhs', 'kearneyd', 'himadri', 'zooley', 'yichenusa', 'vrinside', 'clarksm', 'jrosheck', 'cjc', 'cxsong', 'manasgartia', 'gah', 'wang159', 'tejaspandit', 'amberlei', 'gbudiman', 'strachan', 'marisol', 'ajrobiso', 'elec1020', 'sobh1', 'usman', 'mourad', 'kennell', 'chun', 'nkissebe', 'park43', 'nesaboz', 'mmh', 'ncnbootcamp', 'mdicuangco87', 'kmodi', 'jgeng', 'fengyuanli', 'fgu', None, 'janam', 'gbechtol', 'aphanse', 'yalanz', 'vsavikhi', 'daleyg', 'jchae', 'awebb89', 'nkharche', 'nchopra']"
18,130,11,40,9,"['manasgartia', 'vpattani', 'wangzhs', 'kearneyd', 'chun', 'yichenusa', 'daleyg', 'nesaboz', 'sobh1']",1,['tejaspandit'],31,"['dkearney', 'alaughney', 'mrkiran', 'yangzhao', 'mbeheiry', 'kdko2', 'sobh', 'snoelck', 'sxma2r', 'gah', 'lgoddard', 'priyaveena', 'metasebya', 'hyahn', 'mariagregori', 'shravanti', 'rohith', 'rasyed', 'vstoyneva', 'silvia', 'hyonmin1', None, 'chkwok', 'nixon1', 'skruderman', 'jindafan', 'gulsim', 'mg2705', 'czakian', 'sushant1983', 'syedimaad']",41,"['vpattani', 'dkearney', 'wangzhs', 'kearneyd', 'alaughney', 'yichenusa', 'mrkiran', 'yangzhao', 'mbeheiry', 'kdko2', 'sobh', 'snoelck', 'manasgartia', 'sxma2r', 'gah', 'lgoddard', 'priyaveena', 'metasebya', 'tejaspandit', 'hyahn', 'sobh1', 'mariagregori', 'shravanti', 'chun', 'rohith', 'nesaboz', 'rasyed', 'vstoyneva', 'silvia', 'hyonmin1', None, 'chkwok', 'nixon1', 'skruderman', 'daleyg', 'jindafan', 'gulsim', 'mg2705', 'czakian', 'sushant1983', 'syedimaad']"
19,120,11,27,8,"['paulo00', 'mingchanglu', 'michaelfuh', 'wongf', 'hoangt', 'agnewton', 'aschn', 'ahiga']",2,"['seeandyspin', 'anneska']",19,"['nadelstein', 'pecheneg', 'jgrossman', 'dstrubbe', 'ehenry', 'chem242', 'mehdijamei', 'douglasmason', 'werd', 'gregoryfbrown', 'cbarret3', 'cosib1yr', None, 'kkwon', 'wgannett', 'azaniewski', 'detert', 'timurbazhirov', 'gkartik']",29,"['mingchanglu', 'nadelstein', 'michaelfuh', 'pecheneg', 'jgrossman', 'dstrubbe', 'ehenry', 'chem242', 'mehdijamei', 'douglasmason', 'aschn', 'ahiga', 'werd', 'gregoryfbrown', 'cbarret3', 'detert', 'cosib1yr', 'hoangt', 'agnewton', None, 'paulo00', 'seeandyspin', 'kkwon', 'wgannett', 'wongf', 'azaniewski', 'anneska', 'timurbazhirov', 'gkartik']"
19,122,11,24,3,"['aschn', 'hoangt', 'wongf']",7,"['paulo00', 'mingchanglu', 'michaelfuh', 'seeandyspin', 'agnewton', 'ahiga', 'anneska']",21,"['nadelstein', 'pecheneg', 'jgrossman', 'dstrubbe', 'ehenry', 'kgray', 'chem242', 'mehdijamei', 'douglasmason', 'werd', 'gregoryfbrown', 'cbarret3', 'cosib1yr', None, 'dstrubbe_test', 'kkwon', 'wgannett', 'elifleaf', 'azaniewski', 'detert', 'timurbazhirov']",31,"['mingchanglu', 'nadelstein', 'michaelfuh', 'pecheneg', 'jgrossman', 'dstrubbe', 'ehenry', 'kgray', 'chem242', 'mehdijamei', 'douglasmason', 'aschn', 'ahiga', 'werd', 'gregoryfbrown', 'cbarret3', 'detert', 'cosib1yr', 'hoangt', 'agnewton', None, 'paulo00', 'seeandyspin', 'dstrubbe_test', 'kkwon', 'wgannett', 'elifleaf', 'wongf', 'azaniewski', 'anneska', 'timurbazhirov']"
19,123,11,20,2,"['aschn', 'hoangt']",8,"['paulo00', 'mingchanglu', 'michaelfuh', 'wongf', 'anneska', 'ahiga', 'agnewton', 'seeandyspin']",18,"['lkwagner', 'chem242', 'nadelstein', 'gregoryfbrown', 'pecheneg', 'mehdijamei', 'cbarret3', 'wgannett', 'elifleaf', 'jgrossman', 'dstrubbe', 'cosib1yr', 'azaniewski', 'detert', 'ehenry', 'timurbazhirov', None, 'kgray']",28,"['lkwagner', 'mingchanglu', 'nadelstein', 'gregoryfbrown', 'michaelfuh', 'pecheneg', 'cbarret3', 'jgrossman', 'detert', 'dstrubbe', 'cosib1yr', 'hoangt', 'agnewton', 'ehenry', None, 'paulo00', 'seeandyspin', 'kgray', 'chem242', 'mehdijamei', 'wgannett', 'elifleaf', 'wongf', 'azaniewski', 'anneska', 'timurbazhirov', 'aschn', 'ahiga']"
19,121,11,8,2,"['aschn', 'ahiga']",8,"['paulo00', 'mingchanglu', 'michaelfuh', 'wongf', 'hoangt', 'anneska', 'agnewton', 'seeandyspin']",6,"['nadelstein', 'pecheneg', 'dstrubbe', 'douglasmason', None, 'kgray']",16,"['mingchanglu', 'nadelstein', 'michaelfuh', 'pecheneg', 'wongf', 'dstrubbe', 'douglasmason', 'anneska', 'hoangt', 'agnewton', 'ahiga', 'aschn', 'kgray', None, 'paulo00', 'seeandyspin']"
20,97,10,15,7,"['clzhang', 'sabiram164', 'nil2786', 'sreenivasg', 'mutaz', 'saravece550', 'speed2ak']",2,"['blitzhill', 'eseals']",8,"['sushma', 'craisyfrog', 'chevuri', 'karthik1106', 'sheheeda', 'srilekha', None, 'millersiu']",17,"['clzhang', 'sushma', 'eseals', 'sabiram164', 'karthik1106', 'mutaz', 'saravece550', 'srilekha', None, 'craisyfrog', 'chevuri', 'nil2786', 'sheheeda', 'blitzhill', 'sreenivasg', 'speed2ak', 'millersiu']"
20,112,10,13,7,"['clzhang', 'sabiram164', 'nil2786', 'sreenivasg', 'mutaz', 'saravece550', 'speed2ak']",2,"['blitzhill', 'eseals']",6,"['craisyfrog', 'lavanyag', 'mutazt', 'karthik1106', 'srilekha', None]",15,"['clzhang', 'eseals', 'sabiram164', 'karthik1106', 'mutaz', 'saravece550', 'srilekha', None, 'craisyfrog', 'lavanyag', 'mutazt', 'nil2786', 'blitzhill', 'sreenivasg', 'speed2ak']"
20,18,10,11,6,"['clzhang', 'sabiram164', 'nil2786', 'sreenivasg', 'mutaz', 'saravece550']",3,"['speed2ak', 'blitzhill', 'eseals']",5,"['lavanyag', 'sampathy', 'sheheeda', 'srilekha', None]",14,"['clzhang', 'eseals', 'sabiram164', 'sampathy', 'mutaz', 'saravece550', 'srilekha', None, 'lavanyag', 'nil2786', 'sheheeda', 'blitzhill', 'sreenivasg', 'speed2ak']"
20,46,10,11,7,"['clzhang', 'sabiram164', 'nil2786', 'sreenivasg', 'mutaz', 'saravece550', 'speed2ak']",2,"['blitzhill', 'eseals']",4,"['sampathy', 'sheheeda', 'craisyfrog', None]",13,"['clzhang', 'eseals', 'sabiram164', 'sampathy', 'mutaz', 'saravece550', None, 'craisyfrog', 'nil2786', 'sheheeda', 'blitzhill', 'sreenivasg', 'speed2ak']"
20,103,10,9,5,"['clzhang', 'sabiram164', 'nil2786', 'sreenivasg', 'saravece550']",4,"['speed2ak', 'mutaz', 'blitzhill', 'eseals']",4,"['sampathy', 'karthik1106', 'srilekha', None]",13,"['clzhang', 'eseals', 'sabiram164', 'nil2786', 'sampathy', 'blitzhill', 'sreenivasg', 'karthik1106', 'mutaz', 'saravece550', 'speed2ak', 'srilekha', None]"
20,104,10,9,7,"['clzhang', 'sabiram164', 'nil2786', 'sreenivasg', 'speed2ak', 'mutaz', 'saravece550']",2,"['blitzhill', 'eseals']",2,"['craisyfrog', None]",11,"['clzhang', 'craisyfrog', 'eseals', 'sabiram164', 'nil2786', 'blitzhill', 'sreenivasg', 'mutaz', 'saravece550', 'speed2ak', None]"
20,51,10,7,2,"['nil2786', 'mutaz']",7,"['clzhang', 'sabiram164', 'eseals', 'sreenivasg', 'blitzhill', 'saravece550', 'speed2ak']",5,"['chevuri', 'sampathy', 'karthik1106', 'sheheeda', None]",14,"['clzhang', 'chevuri', 'eseals', 'sabiram164', 'nil2786', 'sampathy', 'blitzhill', 'sreenivasg', 'karthik1106', 'sheheeda', 'mutaz', 'saravece550', 'speed2ak', None]"
21,101,9,15,5,"['kinto06', 'waaraa1331', 'chadrichards', 'royce', 'ngc1892']",3,"['link2chrono', 'averice', 'obgob']",10,"['thefootballer1', 'shreezan', 'mrjeffy321', 'tasifkhan', 'ccjeph1', 'son4john', 'runnergirl87', 'kcantley', 'coolexcitingname', None]",18,"['kinto06', 'thefootballer1', 'shreezan', 'ccjeph1', 'link2chrono', 'averice', 'obgob', None, 'waaraa1331', 'mrjeffy321', 'tasifkhan', 'chadrichards', 'son4john', 'royce', 'ngc1892', 'runnergirl87', 'kcantley', 'coolexcitingname']"
21,6,9,12,7,"['kinto06', 'waaraa1331', 'chadrichards', 'royce', 'ngc1892', 'averice', 'obgob']",1,['link2chrono'],5,"['cen', 'chrislavery', 'runnergirl87', None, 'odc081000']",13,"['kinto06', 'cen', 'link2chrono', 'averice', 'obgob', None, 'chrislavery', 'waaraa1331', 'chadrichards', 'royce', 'ngc1892', 'runnergirl87', 'odc081000']"
21,102,9,7,1,['chadrichards'],7,"['kinto06', 'waaraa1331', 'royce', 'ngc1892', 'link2chrono', 'averice', 'obgob']",6,"['thefootballer1', 'mattryclaus', 'mrjeffy321', 'son4john', 'coolexcitingname', None]",14,"['kinto06', 'thefootballer1', 'mattryclaus', 'waaraa1331', 'mrjeffy321', 'chadrichards', 'son4john', 'royce', 'ngc1892', 'link2chrono', 'averice', 'obgob', 'coolexcitingname', None]"
22,5,9,14,6,"['chashivche84', 'tyler', 'eclark', 'williajl', 'dler', 'digregor']",2,"['jspencer2', 'sak224']",8,"['abknel', 'banks', 'dnbakmaz', 'kbarringer', 'jawadz', 'pbstofko', None, 'richenk']",16,"['abknel', 'sak224', 'banks', 'chashivche84', 'dnbakmaz', 'kbarringer', 'jawadz', 'pbstofko', 'dler', None, 'digregor', 'jspencer2', 'tyler', 'eclark', 'williajl', 'richenk']"
23,63,9,16,7,"['kalantar', 'helencxy', 'ryw', 'dongl', 'chongxie', 'vcyw', 'ngyoung']",1,['gdiankov'],9,"['shuangli', 'kokab', 'talk2stars', 'haiwei', 'tpslele', 'zkliu', 'yuanyang', None, 'lthoon']",17,"['shuangli', 'helencxy', 'kalantar', 'chongxie', 'vcyw', 'gdiankov', None, 'kokab', 'haiwei', 'talk2stars', 'tpslele', 'ryw', 'zkliu', 'dongl', 'yuanyang', 'ngyoung', 'lthoon']"
23,64,9,16,7,"['kalantar', 'helencxy', 'ryw', 'dongl', 'chongxie', 'vcyw', 'ngyoung']",1,['gdiankov'],9,"['mrlin', 'shuangli', 'kokab', 'talk2stars', 'tpslele', 'chienyuc', 'rgnanadavid', 'yuanyang', None]",17,"['mrlin', 'shuangli', 'helencxy', 'chienyuc', 'kalantar', 'chongxie', 'vcyw', 'gdiankov', None, 'kokab', 'talk2stars', 'tpslele', 'rgnanadavid', 'ryw', 'dongl', 'yuanyang', 'ngyoung']"
24,108,9,8,5,"['aryawww', 'mike_gould', 'jguill', 'antku', 'olibates']",3,"['mz', 'taehun', 'dulantojorge']",3,"['jambonant', 'archmage180', None]",11,"['dulantojorge', 'aryawww', None, 'jambonant', 'archmage180', 'taehun', 'mike_gould', 'jguill', 'mz', 'antku', 'olibates']"
25,22,9,10,2,"['kllin2', 'danerabdula']",6,"['physjunkie', 'asanyflott', 'yanzixiang', 'sabbas', 'richas', 'andehult02']",8,"['jwood1985', 'icottle2', 'destrad3', 'kevinhe', 'aliao', 'clarachi', None, 'lyding']",16,"['physjunkie', 'kllin2', 'jwood1985', 'asanyflott', 'icottle2', 'yanzixiang', 'sabbas', 'destrad3', 'kevinhe', 'aliao', 'richas', 'andehult02', 'danerabdula', None, 'lyding', 'clarachi']"
26,3,8,17,1,['loke'],6,"['dprokin', 'sking_21', 'natch93', 'gregho', 'zaldenp', 'garytking']",16,"['chen314', 'ssadeque', '02paiks', 'srikarb', 'icmyselfinu', 'jain28', None, 'amoham2', 'jjallal', 'mumbly_joe', 'askiahill', 'rexhuang81', 'prwest', 'ashraf', 'msalmani', 'sjmen']",23,"['dprokin', 'ssadeque', 'icmyselfinu', 'amoham2', 'jjallal', 'zaldenp', 'mumbly_joe', 'askiahill', 'rexhuang81', 'prwest', None, 'ashraf', 'sjmen', 'chen314', 'msalmani', 'srikarb', 'sking_21', '02paiks', 'natch93', 'jain28', 'gregho', 'garytking', 'loke']"
27,5,8,14,7,"['abknel', 'banks', 'dnbakmaz', 'kbarringer', 'jawadz', 'pbstofko', 'richenk']",0,[],7,"['chashivche84', 'tyler', 'eclark', 'williajl', 'dler', None, 'digregor']",14,"['abknel', 'banks', 'dnbakmaz', 'chashivche84', 'kbarringer', 'jawadz', 'pbstofko', 'dler', None, 'digregor', 'tyler', 'eclark', 'williajl', 'richenk']"
28,3,8,17,6,"['ssadeque', '02paiks', 'icmyselfinu', 'mumbly_joe', 'rexhuang81', 'sjmen']",1,['ashtone_rose'],11,"['chen314', 'srikarb', 'jain28', None, 'jjallal', 'amoham2', 'askiahill', 'prwest', 'ashraf', 'msalmani', 'loke']",18,"['ssadeque', 'icmyselfinu', 'amoham2', 'jjallal', 'mumbly_joe', 'askiahill', 'rexhuang81', 'prwest', None, 'ashraf', 'sjmen', 'chen314', 'msalmani', 'srikarb', '02paiks', 'jain28', 'ashtone_rose', 'loke']"
28,4,8,16,5,"['ssadeque', '02paiks', 'icmyselfinu', 'ashtone_rose', 'sjmen']",2,"['mumbly_joe', 'rexhuang81']",11,"['dhruvsingh', 'srikarb', 'jain28', None, 'amoham2', 'onurucler', 'lokeyh', 'askiahill', 'prwest', 'ashraf', 'msalmani']",18,"['ssadeque', 'dhruvsingh', 'icmyselfinu', 'amoham2', 'onurucler', 'mumbly_joe', 'askiahill', 'rexhuang81', 'prwest', None, 'ashraf', 'sjmen', 'msalmani', 'srikarb', '02paiks', 'jain28', 'lokeyh', 'ashtone_rose']"
28,72,8,16,6,"['ssadeque', '02paiks', 'icmyselfinu', 'mumbly_joe', 'ashtone_rose', 'rexhuang81']",1,['sjmen'],10,"['jain28', None, 'nnajdek', 'onurucler', 'jloy', 'jjallal', 'jwhyland', 'prwest', 'sourdon', 'msalmani']",17,"['ssadeque', 'icmyselfinu', 'jjallal', 'onurucler', 'jloy', 'mumbly_joe', 'jwhyland', 'rexhuang81', 'prwest', None, 'sjmen', 'msalmani', '02paiks', 'jain28', 'nnajdek', 'ashtone_rose', 'sourdon']"
28,17,8,14,4,"['icmyselfinu', 'rexhuang81', 'ssadeque', '02paiks']",3,"['mumbly_joe', 'ashtone_rose', 'sjmen']",10,"['saumitra', 'wizjeong', None, 'onurucler', 'jloy', 'lokeyh', 'lundstro', 'askiahill', 'prwest', 'srikarb']",17,"['saumitra', 'ssadeque', 'icmyselfinu', 'wizjeong', 'onurucler', 'jloy', 'lundstro', 'mumbly_joe', 'askiahill', 'rexhuang81', 'prwest', None, 'sjmen', 'srikarb', '02paiks', 'lokeyh', 'ashtone_rose']"
28,20,8,14,5,"['ssadeque', 'icmyselfinu', 'mumbly_joe', 'rexhuang81', 'sjmen']",2,"['ashtone_rose', '02paiks']",9,"['dhruvsingh', 'srikarb', 'jain28', None, 'jjallal', 'lokeyh', 'askiahill', 'prwest', 'msalmani']",16,"['ssadeque', 'dhruvsingh', 'icmyselfinu', 'jjallal', 'mumbly_joe', 'askiahill', 'rexhuang81', 'prwest', None, 'sjmen', 'msalmani', 'srikarb', '02paiks', 'jain28', 'lokeyh', 'ashtone_rose']"
28,113,8,11,5,"['02paiks', 'icmyselfinu', 'mumbly_joe', 'ashtone_rose', 'rexhuang81']",2,"['ssadeque', 'sjmen']",6,"['jain28', None, 'onurucler', 'lokeyh', 'askiahill', 'prwest']",13,"['ssadeque', 'icmyselfinu', 'onurucler', 'mumbly_joe', 'askiahill', 'rexhuang81', 'prwest', None, 'sjmen', '02paiks', 'jain28', 'lokeyh', 'ashtone_rose']"
30,94,7,13,6,"['khunwasut', 'swtheart312', 'bveldk06', 'emondor', 'itgenan', 'ngg760']",0,[],7,"['ambrosial', 'ejen', 'mdsonnta', 'chriswilmer', 'mlodriguito', 'bvanwveld', None]",13,"['ambrosial', 'swtheart312', 'mdsonnta', 'bvanwveld', 'emondor', None, 'ngg760', 'khunwasut', 'ejen', 'bveldk06', 'chriswilmer', 'mlodriguito', 'itgenan']"
30,93,7,12,6,"['khunwasut', 'swtheart312', 'bveldk06', 'emondor', 'itgenan', 'ngg760']",0,[],6,"['mdsonnta', 'chriswilmer', 'mlodriguito', 'mmapodaca', None, 'dawei']",12,"['mlodriguito', 'swtheart312', 'mdsonnta', 'emondor', None, 'ngg760', 'khunwasut', 'bveldk06', 'chriswilmer', 'dawei', 'mmapodaca', 'itgenan']"
30,96,7,9,3,"['khunwasut', 'itgenan', 'ngg760']",3,"['swtheart312', 'emondor', 'bveldk06']",6,"['ejen', 'mdsonnta', 'chriswilmer', 'dawei', 'mmapodaca', None]",12,"['khunwasut', 'mmapodaca', 'ejen', 'swtheart312', 'bveldk06', 'mdsonnta', 'chriswilmer', 'dawei', 'emondor', None, 'itgenan', 'ngg760']"
30,95,7,7,2,"['khunwasut', 'ngg760']",4,"['swtheart312', 'emondor', 'itgenan', 'bveldk06']",5,"['ejen', 'mdsonnta', 'mlodriguito', 'mmapodaca', None]",11,"['khunwasut', 'mmapodaca', 'ejen', 'swtheart312', 'bveldk06', 'mdsonnta', 'mlodriguito', 'emondor', None, 'itgenan', 'ngg760']"
32,15,7,8,5,"['tarun_agarwal90', 'khushboo', 'auatai', 'shweta', 'roohie']",1,['siryu011'],3,"['kapilvkjain', None, 'kukkoo75']",9,"['tarun_agarwal90', 'kukkoo75', 'khushboo', None, 'auatai', 'siryu011', 'kapilvkjain', 'shweta', 'roohie']"
33,61,7,43,5,"['goboshi', 'sarah', 'ghost9991000', 'ranya_samy', 'ahmed_3anter']",1,['ayman'],38,"['abdelwahab202', 'mahmoud1983', 'serag', 'minagad', 'mmatda1976', 'hattem', 'greatsisi', 'shafeey', 'essamhamdy', 'alico', 'teweetan1', 'redfox', 'amrali', 'mohamedabouzied', 'heba_sadek', 'mohammedawney', 'abd_allah', 'h_maksoud', 'aa_ayoub', 'tarek1984', 'cyrix', 'ali70000000', 'abdullah_yousof', 'mayyada', 'engineerahmedhamed', 'aymanmahgoub', 'amrzahir', 'mohamedgsh', 'ahmedgad', 'waled', 'yousrykamal', 'olaadel', 'sisi', None, 'maged_1', 'teweetan11', 'tamerhamdy', 'khashaba154']",44,"['abdelwahab202', 'goboshi', 'mahmoud1983', 'ghost9991000', 'serag', 'minagad', 'mmatda1976', 'hattem', 'greatsisi', 'shafeey', 'essamhamdy', 'alico', 'teweetan1', 'ayman', 'redfox', 'amrali', 'mohamedabouzied', 'heba_sadek', 'mohammedawney', 'abd_allah', 'h_maksoud', 'aa_ayoub', 'tarek1984', 'cyrix', 'sarah', 'ali70000000', 'abdullah_yousof', 'mayyada', 'engineerahmedhamed', 'aymanmahgoub', 'amrzahir', 'mohamedgsh', 'ahmedgad', 'waled', 'yousrykamal', 'olaadel', 'sisi', None, 'ahmed_3anter', 'maged_1', 'teweetan11', 'tamerhamdy', 'khashaba154', 'ranya_samy']"
33,62,7,42,6,"['goboshi', 'sarah', 'ghost9991000', 'ayman', 'ranya_samy', 'ahmed_3anter']",0,[],36,"['mahmoud1983', 'minagad', 'mmatda1976', 'hattem', 'shafeey', 'essamhamdy', 'alico', 'teweetan1', 'redfox', 'amrali', 'mohamedabouzied', 'heba_sadek', 'mohammedawney', 'abd_allah', 'h_maksoud', 'aa_ayoub', 'tarek1984', 'cyrix', 'ali70000000', 'abdullah_yousof', 'engineerahmedhamed', 'amrzahir', 'aymanmahgoub', 'mohamedgsh', 'ek4m2005', 'waled', 'ahmedgad', 'a_bohy', 'yousrykamal', 'olaadel', None, 'mbsami', 'maged_1', 'abdoon', 'tamerhamdy', 'khashaba154']",42,"['goboshi', 'mahmoud1983', 'ghost9991000', 'minagad', 'mmatda1976', 'hattem', 'shafeey', 'essamhamdy', 'alico', 'teweetan1', 'ayman', 'redfox', 'amrali', 'mohamedabouzied', 'heba_sadek', 'mohammedawney', 'abd_allah', 'h_maksoud', 'aa_ayoub', 'tarek1984', 'cyrix', 'sarah', 'ali70000000', 'abdullah_yousof', 'engineerahmedhamed', 'amrzahir', 'aymanmahgoub', 'mohamedgsh', 'ek4m2005', 'waled', 'ahmedgad', 'a_bohy', 'yousrykamal', 'olaadel', None, 'ahmed_3anter', 'mbsami', 'maged_1', 'abdoon', 'tamerhamdy', 'khashaba154', 'ranya_samy']"
33,49,7,29,6,"['goboshi', 'sarah', 'ghost9991000', 'ayman', 'ranya_samy', 'ahmed_3anter']",0,[],23,"['mahmoud1983', 'abdullah_yousof', 'amrzahir', 'minagad', 'aymanmahgoub', 'hattem', 'mohamedgsh', 'ahmedgad', 'yousrykamal', 'olaadel', None, 'essamhamdy', 'alico', 'teweetan1', 'aemira', 'mbsami', 'tamerhamdy', 'abdoon', 'redfox', 'mohamedabouzied', 'mohammedawney', 'h_maksoud', 'aa_ayoub']",29,"['goboshi', 'mahmoud1983', 'ghost9991000', 'minagad', 'hattem', 'essamhamdy', 'alico', 'teweetan1', 'ayman', 'redfox', 'mohamedabouzied', 'mohammedawney', 'h_maksoud', 'aa_ayoub', 'sarah', 'abdullah_yousof', 'amrzahir', 'aymanmahgoub', 'mohamedgsh', 'ahmedgad', 'yousrykamal', 'olaadel', None, 'ahmed_3anter', 'aemira', 'mbsami', 'abdoon', 'tamerhamdy', 'ranya_samy']"
33,41,7,25,5,"['sarah', 'ghost9991000', 'ayman', 'ranya_samy', 'ahmed_3anter']",1,['goboshi'],20,"['mahmoud1983', 'minagad', 'hattem', 'shafeey', 'teweetan1', 'redfox', 'mohamedabouzied', 'abd_allah', 'h_maksoud', 'aa_ayoub', 'mayyada', 'engineerahmedhamed', 'amrzahir', 'aymanmahgoub', 'ahmedgad', 'waled', 'a_bohy', None, 'mbsami', 'abdoon']",26,"['goboshi', 'mahmoud1983', 'sarah', 'ghost9991000', 'mayyada', 'engineerahmedhamed', 'amrzahir', 'minagad', 'aymanmahgoub', 'hattem', 'ahmedgad', 'waled', 'a_bohy', 'shafeey', None, 'ahmed_3anter', 'teweetan1', 'mbsami', 'abdoon', 'ayman', 'redfox', 'mohamedabouzied', 'abd_allah', 'ranya_samy', 'h_maksoud', 'aa_ayoub']"
34,21,7,295,6,"['jkastan', 'miarose', 'lfraust9', 'abakken', 'sgojer', 'faithboman']",0,[],289,"['tmw314', 'kdriemeyer', 'csolares', 'amatsil', 'mfaliszek', 'mdsonnta', 'zwheeler', 'mac210', 'kknowles', 'wfurness', 'midnightkitty2', 'cmj140', 'ledzep89', 'inaheaven', 'japolinario', 'rzhan', 'cmcelwrath', 'rpang', 'aschwartz', 'mtweet', 'hitehc', 'hle', 'veulo', 'jgorrell', 'enosal', 'ncc814', 'kbullen', 'rritger', 'davidgabriel', 'thealy', 'mcwise', 'jebeard', 'hsun', 'ascheffel', 'benmackenzie', 'mabaker', 'mgajewsky', 'pweidner', 'madsciencetist', 'amclain', 'mmurphy', 'mchou', 'jcavanaugh', 'gtillett2012', 'wylee', 'con863', 'kkahle', 'ciser', 'aholladay', 'bstasiak', 'nniles', 'cprovencal', 'dbieranoski', 'jguerrieri', 'psseshadri', 'nrieser', 'achen03', 'jjo', 'msledd', 'mojserkis', 'rhund', 'cook3r', 'mcavanaugh', 'afefferman', 'jwalsh', 'rbarker', 'aretson', 'kpovod', 'hallke', 'jgu506', 'wboulay', 'sconnell2010', 'sew896', 'dmacanas', 'khashiba', 'jwen', 'eemartinez', 'kli', 'dboe', 'vqv226', 'yni', 'abhandari', 'cmoran', 'zali', 'schow', 'kold1', 'tsa309', 'danderson4', 'glewis07', 'epark', 'jbarnes', 'sepd22', 'rthompson', 'psexton', 'clee12', 'eglass', 'mmccoy', 'rwinnegar27', 'jgottesman', 'slhatch', 'jsias', 'kfullin', 'skumar', 'dwainwright', 'sbhowmick', 'amorgan', 'mahimavijay', 'hpoints', 'aelsaeed', 'bbecker', 'gflocker', 'iramer', 'kcooper', 'cky161', 'duranth', 'esayers', 'cmiller', 'rcassidy', 'ebifano', 'achu', 'aotieno', 'amorriscohen', 'mcousins', 'ahobaugh', 'rdory', 'tkim', 'bwalsh', 'aft294', 'dnagel', 'mmeurice', 'chicken1214', 'ckarras', 'sjb364', 'scollins8', 'amunre', 'mbaker', 'lwint', 'akahn', 'nkappler', 'sterrazas', 'mcarson', 'claytonbrengman2012', 'dbaurer', 'mattaar', 'ewolfish', 'ysun', 'dobrien', 'gabgirl24', 'jmadsen', 'knickele', 'majestyk', 'srw762', 'redwards', 'jpanhans', 'mherschfeld', 'cberhorst', 'mliew', 'mfernandez', 'ykang', 'lredden', 'pmohan', 'ekudlaty', 'bgojer', 'abaleanu', 'halvorsonm', 'dkim0406', 'atsui', 'lscolaro', 'awald', 'bhvide', 'btongson', 'blurie', 'hrichards', 'aaronjonesey', 'npizzolato', 'zjoachim', 'rashmis', 'omargutierrez8', 'jkulesa', 'agordon', 'lvalentino', 'akrishnan', 'jmontoya', 'lfeig', 'mkang', 'kdam', 'azuzelo', 'regit627', 'jyu', 'robertellis2012', 'lfoley', 'mgeltz', 'tzhu', 'yzhu90', 'berickson', 'nkim', 'sschwartz', 'aseehra', 'eryan', 'mhyre0605', 'igolbin', 'jdoering', 'awong', 'mindovermattr17', 'derbs', 'jkang', 'bwright', 'ccallahan', 'rcollier', 'jmiller', 'readman1223', 'amodtimalsina', 'mspaic', 'laurie521', 'joshlee', 'yukim', 'trivers', 'darbychild', 'cyoon', 'rmunjal', 'cmcguffin', 'mwhitehill', 'abeebe', 'kodonnell', 'jhennek', 'cmihalache', 'bathans', 'skellert', 'aschroeder', 'dmescher', 'tbenchoamrogers', 'jchung', 'mbabalooee', 'olegkord', 'nzessis', 'rzyer', 'kmb562', 'stheodossiou', 'sshin', 'elucks', 'lhemenetz', 'kchu', 'abeyt', 'arosenkranz', 'almaswimfreak06', 'irodriguez', 'jsalazar', 'catcarr10', 'hrussell', 'soneill', 'iloveham90', 'gpillai', 'tshenoy', 'dwhitehead', 'vzahran', 'paulyim1', 'jmontejo', 'mlux', 'cdzeba', 'ecasano', 'tthomas', 'smshim', 'jilopez', 'jthich', 'khooley', 'kledvora', 'tkoegel', 'gkim314', 'mstull', 'jskinner', 'ohnoitsmaria', 'mdornbusch', 'awatts', 'afraum', 'tbrockly', 'anne8683', 'soh', 'tsanusi', 'wmitzelfeld', None, 'pkpark', 'sharrity', 'xiaoxu', 'cckhor', 'sstephens', 'jlafreniere', 'smalin', 'arazma', 'dkluger']",295,"['tmw314', 'kdriemeyer', 'csolares', 'amatsil', 'mfaliszek', 'mdsonnta', 'zwheeler', 'mac210', 'kknowles', 'wfurness', 'midnightkitty2', 'cmj140', 'ledzep89', 'inaheaven', 'japolinario', 'rzhan', 'cmcelwrath', 'rpang', 'aschwartz', 'mtweet', 'hitehc', 'hle', 'veulo', 'jgorrell', 'enosal', 'ncc814', 'kbullen', 'rritger', 'miarose', 'davidgabriel', 'abakken', 'thealy', 'mcwise', 'jebeard', 'hsun', 'ascheffel', 'benmackenzie', 'mabaker', 'mgajewsky', 'faithboman', 'pweidner', 'madsciencetist', 'amclain', 'mmurphy', 'mchou', 'jcavanaugh', 'gtillett2012', 'wylee', 'con863', 'kkahle', 'ciser', 'aholladay', 'bstasiak', 'nniles', 'cprovencal', 'dbieranoski', 'jguerrieri', 'psseshadri', 'sgojer', 'nrieser', 'achen03', 'jjo', 'msledd', 'mojserkis', 'rhund', 'cook3r', 'mcavanaugh', 'afefferman', 'jwalsh', 'rbarker', 'aretson', 'kpovod', 'hallke', 'jgu506', 'wboulay', 'sconnell2010', 'sew896', 'dmacanas', 'khashiba', 'jwen', 'eemartinez', 'kli', 'dboe', 'vqv226', 'yni', 'abhandari', 'cmoran', 'zali', 'schow', 'kold1', 'tsa309', 'danderson4', 'glewis07', 'epark', 'jbarnes', 'sepd22', 'rthompson', 'psexton', 'clee12', 'eglass', 'mmccoy', 'rwinnegar27', 'jgottesman', 'slhatch', 'jsias', 'kfullin', 'skumar', 'dwainwright', 'sbhowmick', 'amorgan', 'mahimavijay', 'hpoints', 'aelsaeed', 'bbecker', 'gflocker', 'iramer', 'kcooper', 'cky161', 'duranth', 'esayers', 'cmiller', 'rcassidy', 'ebifano', 'achu', 'aotieno', 'amorriscohen', 'mcousins', 'ahobaugh', 'rdory', 'tkim', 'bwalsh', 'aft294', 'dnagel', 'mmeurice', 'chicken1214', 'ckarras', 'sjb364', 'scollins8', 'amunre', 'mbaker', 'lwint', 'akahn', 'nkappler', 'sterrazas', 'mcarson', 'claytonbrengman2012', 'dbaurer', 'mattaar', 'ewolfish', 'ysun', 'dobrien', 'gabgirl24', 'jmadsen', 'knickele', 'majestyk', 'srw762', 'redwards', 'jpanhans', 'mherschfeld', 'cberhorst', 'mliew', 'mfernandez', 'ykang', 'lredden', 'pmohan', 'ekudlaty', 'bgojer', 'abaleanu', 'halvorsonm', 'dkim0406', 'atsui', 'lscolaro', 'awald', 'bhvide', 'btongson', 'blurie', 'hrichards', 'aaronjonesey', 'npizzolato', 'zjoachim', 'rashmis', 'omargutierrez8', 'jkulesa', 'agordon', 'lvalentino', 'akrishnan', 'jmontoya', 'lfeig', 'mkang', 'kdam', 'azuzelo', 'regit627', 'jyu', 'robertellis2012', 'lfoley', 'mgeltz', 'tzhu', 'yzhu90', 'berickson', 'nkim', 'sschwartz', 'aseehra', 'eryan', 'mhyre0605', 'igolbin', 'jdoering', 'awong', 'mindovermattr17', 'derbs', 'jkang', 'bwright', 'ccallahan', 'rcollier', 'jmiller', 'readman1223', 'amodtimalsina', 'mspaic', 'laurie521', 'joshlee', 'yukim', 'trivers', 'darbychild', 'cyoon', 'rmunjal', 'cmcguffin', 'mwhitehill', 'abeebe', 'jkastan', 'kodonnell', 'jhennek', 'cmihalache', 'bathans', 'skellert', 'aschroeder', 'dmescher', 'tbenchoamrogers', 'jchung', 'mbabalooee', 'olegkord', 'nzessis', 'rzyer', 'lfraust9', 'kmb562', 'stheodossiou', 'sshin', 'elucks', 'lhemenetz', 'kchu', 'abeyt', 'arosenkranz', 'almaswimfreak06', 'irodriguez', 'jsalazar', 'catcarr10', 'hrussell', 'soneill', 'iloveham90', 'gpillai', 'tshenoy', 'dwhitehead', 'vzahran', 'paulyim1', 'jmontejo', 'mlux', 'cdzeba', 'ecasano', 'tthomas', 'smshim', 'jilopez', 'jthich', 'khooley', 'kledvora', 'tkoegel', 'gkim314', 'mstull', 'jskinner', 'ohnoitsmaria', 'mdornbusch', 'awatts', 'afraum', 'tbrockly', 'anne8683', 'soh', 'tsanusi', 'wmitzelfeld', None, 'pkpark', 'sharrity', 'xiaoxu', 'cckhor', 'sstephens', 'jlafreniere', 'smalin', 'arazma', 'dkluger']"
41,22,6,10,1,['icottle2'],4,"['rplee2', 'ksnell2', 'jeffma09', 'kondayya']",9,"['jwood1985', 'kllin2', 'destrad3', 'kevinhe', 'aliao', 'danerabdula', None, 'lyding', 'clarachi']",14,"['jwood1985', 'kllin2', 'jeffma09', 'icottle2', 'destrad3', 'kevinhe', 'aliao', 'rplee2', 'ksnell2', 'kondayya', 'danerabdula', None, 'lyding', 'clarachi']"
42,85,6,6,4,"['axlotl', 'kitsune', 'a1bummer', 'dgisch']",1,['erichoke'],2,"[None, 'jshultz']",7,"['axlotl', 'kitsune', 'a1bummer', 'jshultz', 'erichoke', None, 'dgisch']"
42,88,6,6,4,"['axlotl', 'kitsune', 'a1bummer', 'dgisch']",1,['erichoke'],2,"[None, 'jshultz']",7,"['axlotl', 'kitsune', 'a1bummer', 'jshultz', 'erichoke', None, 'dgisch']"
43,99,6,36,3,"['tatrac', 'stanin', 'xmasin00']",2,"['komendar', 'big_fear']",33,"['xnovac05', 'yin', 'spirits_sk3', 'xkarma04', 'xsalaj01', 'xotoup02', 'fluke', 'xbalon00', 'concore', 'mimco', 'janpicha', 'xmunst01', 'xzeman30', 'martin1985', 'xnedom03', 'istrasil', 'marakh', None, 'xzurek04', 'xhosek05', 'sidnez', 'xko', 'xchleb03', 'xpatek03', 'xjanik09', 'aedam', 'xfajku02', 'xtenor00', 'pavlosstar', 'scorpios', 'zeno', 'xmalin15', 'xbrudn01']",38,"['xnovac05', 'komendar', 'yin', 'spirits_sk3', 'xkarma04', 'xsalaj01', 'xotoup02', 'fluke', 'xbalon00', 'concore', 'mimco', 'janpicha', 'xmunst01', 'stanin', 'xzeman30', 'martin1985', 'xnedom03', 'istrasil', 'marakh', None, 'xzurek04', 'xhosek05', 'sidnez', 'tatrac', 'xko', 'big_fear', 'xchleb03', 'xpatek03', 'xjanik09', 'aedam', 'xmasin00', 'xfajku02', 'xtenor00', 'pavlosstar', 'scorpios', 'zeno', 'xmalin15', 'xbrudn01']"
43,37,6,32,4,"['komendar', 'tatrac', 'stanin', 'xmasin00']",1,['big_fear'],28,"['vohanka', 'yin', 'xkarma04', 'xsalaj01', 'churchil', 'xotoup02', 'fluke', 'janpicha', 'xmunst01', 'xzeman30', 'nezbeda', 'xnedom03', 'xstrbi03', 'istrasil', 'marakh', None, 'xzurek04', 'xko', 'xotoup03', 'xchleb03', 'xjanik09', 'aedam', 'neo2199', 'xfajku02', 'xprikr18', 'scorpios', 'xmalin15', 'xbrudn01']",33,"['vohanka', 'komendar', 'yin', 'xkarma04', 'xsalaj01', 'churchil', 'xotoup02', 'fluke', 'janpicha', 'xmunst01', 'stanin', 'xzeman30', 'nezbeda', 'xnedom03', 'xstrbi03', 'istrasil', 'marakh', None, 'xzurek04', 'tatrac', 'xko', 'big_fear', 'xotoup03', 'xchleb03', 'xjanik09', 'aedam', 'neo2199', 'xmasin00', 'xfajku02', 'xprikr18', 'scorpios', 'xmalin15', 'xbrudn01']"
43,67,6,31,4,"['komendar', 'tatrac', 'stanin', 'xmasin00']",1,['big_fear'],27,"['nezbeda', 'vohanka', 'yin', 'xnedom03', 'xkarma04', 'xsalaj01', 'churchil', 'istrasil', 'xotoup02', 'fluke', 'marakh', None, 'xzurek04', 'janpicha', 'xmunst01', 'xko', 'xotoup03', 'xchleb03', 'xjanik09', 'aedam', 'neo2199', 'xfajku02', 'xprikr18', 'xzeman30', 'scorpios', 'xmalin15', 'xbrudn01']",32,"['vohanka', 'komendar', 'yin', 'xkarma04', 'xsalaj01', 'churchil', 'xotoup02', 'fluke', 'janpicha', 'xmunst01', 'stanin', 'xzeman30', 'nezbeda', 'xnedom03', 'istrasil', 'marakh', None, 'xzurek04', 'tatrac', 'xko', 'big_fear', 'xotoup03', 'xchleb03', 'xjanik09', 'aedam', 'neo2199', 'xmasin00', 'xfajku02', 'xprikr18', 'scorpios', 'xmalin15', 'xbrudn01']"
43,23,6,29,4,"['komendar', 'tatrac', 'stanin', 'xmasin00']",1,['big_fear'],25,"['vohanka', 'xnovac05', 'yin', 'paveln', 'xkarma04', 'xbucht09', 'xsalaj01', 'istrasil', 'xotoup02', 'fluke', 'marakh', None, 'concore', 'xzurek04', 'mimco', 'xhosek05', 'janpicha', 'xotoup03', 'xpatek03', 'neo2199', 'xtenor00', 'pavlosstar', 'xzeman30', 'scorpios', 'xmalin15']",30,"['vohanka', 'xnovac05', 'komendar', 'yin', 'xkarma04', 'xbucht09', 'xsalaj01', 'xotoup02', 'fluke', 'concore', 'mimco', 'janpicha', 'stanin', 'xzeman30', 'paveln', 'istrasil', 'marakh', None, 'xzurek04', 'xhosek05', 'tatrac', 'big_fear', 'xotoup03', 'xpatek03', 'neo2199', 'xmasin00', 'xtenor00', 'pavlosstar', 'scorpios', 'xmalin15']"
43,34,6,29,4,"['komendar', 'tatrac', 'stanin', 'xmasin00']",1,['big_fear'],25,"['vohanka', 'xnovac05', 'yin', 'paveln', 'xkarma04', 'xbucht09', 'xsalaj01', 'istrasil', 'xotoup02', 'fluke', 'marakh', None, 'concore', 'xzurek04', 'mimco', 'xhosek05', 'janpicha', 'xotoup03', 'xpatek03', 'neo2199', 'xtenor00', 'pavlosstar', 'xzeman30', 'scorpios', 'xmalin15']",30,"['vohanka', 'xnovac05', 'komendar', 'yin', 'xkarma04', 'xbucht09', 'xsalaj01', 'xotoup02', 'fluke', 'concore', 'mimco', 'janpicha', 'stanin', 'xzeman30', 'paveln', 'istrasil', 'marakh', None, 'xzurek04', 'xhosek05', 'tatrac', 'big_fear', 'xotoup03', 'xpatek03', 'neo2199', 'xmasin00', 'xtenor00', 'pavlosstar', 'scorpios', 'xmalin15']"
43,24,6,17,1,['big_fear'],4,"['komendar', 'tatrac', 'stanin', 'xmasin00']",16,"['greenspirit', 'sidnez', 'xmarty02', 'xpsota03', 'strapo', 'janmiklas', 'xzurek07', 'warhawk', 'dragon3', 'potion', 'xdepia00', 'xbucht09', 'spiq', 'pristach', None, 'vladislav']",21,"['xmarty02', 'xpsota03', 'strapo', 'komendar', 'xzurek07', 'warhawk', 'potion', 'xbucht09', 'pristach', None, 'vladislav', 'greenspirit', 'sidnez', 'tatrac', 'big_fear', 'stanin', 'janmiklas', 'dragon3', 'xdepia00', 'xmasin00', 'spiq']"
43,35,6,17,1,['big_fear'],4,"['komendar', 'tatrac', 'stanin', 'xmasin00']",16,"['greenspirit', 'sidnez', 'xmarty02', 'xpsota03', 'strapo', 'janmiklas', 'xzurek07', 'warhawk', 'dragon3', 'potion', 'xdepia00', 'xbucht09', 'spiq', 'pristach', None, 'vladislav']",21,"['xmarty02', 'xpsota03', 'strapo', 'komendar', 'xzurek07', 'warhawk', 'potion', 'xbucht09', 'pristach', None, 'vladislav', 'greenspirit', 'sidnez', 'tatrac', 'big_fear', 'stanin', 'janmiklas', 'dragon3', 'xdepia00', 'xmasin00', 'spiq']"
44,79,6,23,3,"['cobbley74', 'sharmanshika', 'cameronwiseman']",2,"['chris7bell', 'isaackuhn']",20,"['sshawver', 'cjstanger', 'rscott', 'joshjohnson1', 'turbo', 'gregilk1', 'jamhar2887', 'jonnyrobinson05', 'tanya', 'amritajashnani', 'jaredeby', 'brycesim', 'bethcook', None, 'leticiamaresca', 'hectorocampo', 'jeanmx', 'antoniooblea', 'ehiger', 'jreed32152']",25,"['sshawver', 'cameronwiseman', 'amritajashnani', 'chris7bell', 'sharmanshika', 'cjstanger', 'jaredeby', 'rscott', 'brycesim', 'joshjohnson1', 'bethcook', 'cobbley74', None, 'leticiamaresca', 'turbo', 'gregilk1', 'jamhar2887', 'hectorocampo', 'jeanmx', 'jonnyrobinson05', 'antoniooblea', 'tanya', 'ehiger', 'jreed32152', 'isaackuhn']"
47,99,6,36,1,['xpatek03'],4,"['dragon3', 'xdepia00', 'potion', 'xmarty02']",35,"['xnovac05', 'yin', 'spirits_sk3', 'xkarma04', 'xsalaj01', 'xotoup02', 'fluke', 'xbalon00', 'concore', 'mimco', 'janpicha', 'xmunst01', 'stanin', 'xzeman30', 'martin1985', 'xnedom03', 'istrasil', 'marakh', None, 'xzurek04', 'xhosek05', 'sidnez', 'tatrac', 'xko', 'xchleb03', 'xjanik09', 'aedam', 'xmasin00', 'xfajku02', 'xtenor00', 'pavlosstar', 'scorpios', 'zeno', 'xmalin15', 'xbrudn01']",40,"['xmarty02', 'xnovac05', 'yin', 'potion', 'spirits_sk3', 'xkarma04', 'xsalaj01', 'xotoup02', 'fluke', 'xbalon00', 'concore', 'mimco', 'janpicha', 'xmunst01', 'stanin', 'dragon3', 'xzeman30', 'martin1985', 'xnedom03', 'istrasil', 'marakh', None, 'xzurek04', 'xhosek05', 'sidnez', 'tatrac', 'xko', 'xchleb03', 'xpatek03', 'xjanik09', 'xdepia00', 'aedam', 'xmasin00', 'xfajku02', 'xtenor00', 'pavlosstar', 'scorpios', 'zeno', 'xmalin15', 'xbrudn01']"
47,23,6,29,1,['xpatek03'],4,"['dragon3', 'xdepia00', 'potion', 'xmarty02']",28,"['vohanka', 'xnovac05', 'yin', 'komendar', 'paveln', 'xkarma04', 'xbucht09', 'xsalaj01', 'istrasil', 'xotoup02', 'fluke', 'marakh', None, 'concore', 'xzurek04', 'mimco', 'xhosek05', 'janpicha', 'tatrac', 'xotoup03', 'stanin', 'neo2199', 'xmasin00', 'xtenor00', 'pavlosstar', 'xzeman30', 'scorpios', 'xmalin15']",33,"['xmarty02', 'vohanka', 'xnovac05', 'yin', 'komendar', 'potion', 'xkarma04', 'xbucht09', 'xsalaj01', 'xotoup02', 'fluke', 'concore', 'mimco', 'janpicha', 'stanin', 'dragon3', 'xzeman30', 'paveln', 'istrasil', 'marakh', None, 'xzurek04', 'xhosek05', 'tatrac', 'xotoup03', 'xpatek03', 'xdepia00', 'neo2199', 'xmasin00', 'xtenor00', 'pavlosstar', 'scorpios', 'xmalin15']"
47,34,6,29,1,['xpatek03'],4,"['dragon3', 'xdepia00', 'potion', 'xmarty02']",28,"['vohanka', 'xnovac05', 'yin', 'komendar', 'paveln', 'xkarma04', 'xbucht09', 'xsalaj01', 'istrasil', 'xotoup02', 'fluke', 'marakh', None, 'concore', 'xzurek04', 'mimco', 'xhosek05', 'janpicha', 'tatrac', 'xotoup03', 'stanin', 'neo2199', 'xmasin00', 'xtenor00', 'pavlosstar', 'xzeman30', 'scorpios', 'xmalin15']",33,"['xmarty02', 'vohanka', 'xnovac05', 'yin', 'komendar', 'potion', 'xkarma04', 'xbucht09', 'xsalaj01', 'xotoup02', 'fluke', 'concore', 'mimco', 'janpicha', 'stanin', 'dragon3', 'xzeman30', 'paveln', 'istrasil', 'marakh', None, 'xzurek04', 'xhosek05', 'tatrac', 'xotoup03', 'xpatek03', 'xdepia00', 'neo2199', 'xmasin00', 'xtenor00', 'pavlosstar', 'scorpios', 'xmalin15']"
47,106,6,22,1,['xpatek03'],4,"['dragon3', 'xdepia00', 'potion', 'xmarty02']",21,"['vohanka', 'xotoup02', 'mimco', 'janpicha', 'xmichl08', 'xzeman30', 'xnedom03', 'marakh', None, 'xhosek05', 'xko', 'xotoup03', 'aedam', 'neo2199', 'xfajku02', 'xtenor00', 'xprikr18', 'pavlosstar', 'scorpios', 'spirits_sk', 'xmalin15']",26,"['xmarty02', 'vohanka', 'xnedom03', 'potion', 'xotoup02', 'marakh', None, 'mimco', 'xhosek05', 'janpicha', 'xko', 'xotoup03', 'dragon3', 'xpatek03', 'xdepia00', 'aedam', 'neo2199', 'xfajku02', 'xtenor00', 'xprikr18', 'pavlosstar', 'xmichl08', 'xzeman30', 'scorpios', 'spirits_sk', 'xmalin15']"
47,24,6,17,4,"['dragon3', 'xdepia00', 'potion', 'xmarty02']",1,['xpatek03'],13,"['greenspirit', 'sidnez', 'big_fear', 'xpsota03', 'strapo', 'janmiklas', 'xzurek07', 'warhawk', 'xbucht09', 'spiq', 'pristach', None, 'vladislav']",18,"['xmarty02', 'xpsota03', 'strapo', 'xzurek07', 'warhawk', 'potion', 'xbucht09', 'pristach', None, 'vladislav', 'greenspirit', 'sidnez', 'big_fear', 'dragon3', 'xpatek03', 'janmiklas', 'xdepia00', 'spiq']"
47,35,6,17,4,"['dragon3', 'xdepia00', 'potion', 'xmarty02']",1,['xpatek03'],13,"['greenspirit', 'sidnez', 'big_fear', 'xpsota03', 'strapo', 'janmiklas', 'xzurek07', 'warhawk', 'xbucht09', 'spiq', 'pristach', None, 'vladislav']",18,"['xmarty02', 'xpsota03', 'strapo', 'xzurek07', 'warhawk', 'potion', 'xbucht09', 'pristach', None, 'vladislav', 'greenspirit', 'sidnez', 'big_fear', 'dragon3', 'xpatek03', 'janmiklas', 'xdepia00', 'spiq']"
47,98,6,17,4,"['dragon3', 'xdepia00', 'potion', 'xmarty02']",1,['xpatek03'],13,"['volflu', 'xskibi01', 'xpsota03', 'xdosta27', 'warhawk', None, 'andre463', 'pavlosstar', 'spiq', 'pristach', 'xmatus2525', 'vladislav', 'xmikla05']",18,"['volflu', 'xskibi01', 'xmarty02', 'xpsota03', 'warhawk', 'potion', 'andre463', 'pristach', 'xmatus2525', None, 'vladislav', 'xmikla05', 'dragon3', 'xpatek03', 'xdosta27', 'xdepia00', 'pavlosstar', 'spiq']"
47,109,6,9,3,"['dragon3', 'xdepia00', 'xmarty02']",2,"['xpatek03', 'potion']",6,"['greenspirit', 'strapo', 'xzurek07', 'andre463', 'xmatus25', None]",11,"['greenspirit', 'xmarty02', 'strapo', 'dragon3', 'xpatek03', 'xzurek07', 'xdepia00', 'potion', 'andre463', 'xmatus25', None]"
