MClusterID,XClusterID,MClusterSize,XClusterSize,OverlapSize,OverlapMembers,MOnlySize,MOnlyMembers,XOnlySize,XOnlyMembers,CombinedSize,CombinedMembers
1,117,446,423,416,"['laurenjohnson49', 'jcurrea', 'benwoldy', 'jgobrial', 'nkeane', 'stephenformosa2013', 'ayz263', 'lbowen', 'ryyan10', 'ylopez', 'yjeong', 'skulkarni', 'anukala', 'amattias', 'danielsalovesh2013', 'mmchu', 'sandrashi', 'carolineh128', 'copperbeech1', 'jesusflores2013', 'zcarlsgaard', 'jaycoxkd', 'slee1', 'abalaji', 'skathiravan', 'emoore', 'elizabethpaul15', 'gdaniels', 'atilley', 'dgu377', 'myt244', 'lgbeckerman', 'kmichels', 'lwspeedy13', 'mkwon', 'lwilson', 'stead', 'jsf703', 'dbarstow', 'annedisabato', 'dli290', 'agray', 'petersonkari1', 'slou', 'awg442', 'cop630', 'ibengali', 'chngnisbbgy', 'rpenrod', 'abilski', 'mkm887', 'esimonoff', 'davidharris2013', 'ksuchun0822', 'hrt192', 'sperkins', 'snarla', 'njs310', 'apatel1', 'hwg331', 'pcraig91', 'floucks', 'ajgriesemer', 'avantibadrinathan', 'kmb183', 'kpiscopo', 'mpaydar', 'nsharma902', 'ewolff', 'ckerr', 'tamarwolinsky823', 'byu490', 'mcraig', 'cruzkid77', 'esl550', 'rjulis', 'shamyle', 'vjohnson', 'mpj458', 'jocelyncooper2013', 'jpkmufc', 'jhooker', 'ajennes', 'kpark', 'lem427', 'jbae2013', 'kkhambhati', 'ryanconstantine', 'itan', 'rkorkosz', 'kerrykinney2013', 'angelaweng', 'jmcilree', 'agomez', 'mkim13', 'steven51188', 'cho', '09aross', 'jtang', 'hherzog', 'tds852', 'jessicayang', 'cwebb13', 'car557', 'smin', 'bbauman', 'cmartinez', 'oan397', 'dhan', 'mfilak', 'u2kn0wscylla', 'gmay', 'rmg157', 'sblachmanbiatch', 'meb346', 'wks612', 'aahmed2013', 'mweathered', 'acheng128', 'paigeann', 'danlee', 'vchen', 'dtang', 'mkenny', 'spawar', 'hyzhang', 'bmangelson', 'aag794', 'idiloksuz2013', 'aehawley', 'dlambson', 'mjo751', 'rstith', 'bwestlund', 'creis', 'jchan', 'kek507', 'sar808', 'shekharbhende', 'btaggart', 'ispivak', 'tcarmona', 'dhassani', 'rayyannajeeb2013', 'grevis', 'justinlueker', 'yahmad13', 'mhall', 'lackerman', 'dvanfleet', 'rdelacruz', 'harry080191', 'tashadrake2014', 'kwakeling', 'mrs392', 'codyschott2013', 'gbushnell2013', 'amyers', 'luteyang91', 'spatel', 'janbarkalow2013', 'agallegos', 'sdv465', 'ckadleck', 'jbae', 'sjewell', 'jjiang', 'mmerkley', 'slhatch', 'jham', 'tit329', 'colleenmoore', 'melisgencturk', 'awesley', 'yayoza', 'jfinbloom', 'gracesu', 'ipreston', 'kgrayson', 'emmasters', 'yshim', 'jhumphrey', 'akaye', 'devilsfan415', 'ntan', 'rwhite', 'justin7591', 'katieeilers', 'jmm687', 'megsglynn', 'jinaaapark', 'pmakar', 'aktanuku123', 'ahsu', 'rfeng', 'sbernstein', 'tdg146', 'adagostino', 'bmurphy', 'garenas', 'devinmidura2013', 'nbrodnik', 'sidsingh', 'rbh659', 'fdeller', 'mfeuer', 'benmogni5', 'efh120', 'rlarrison', 'jrim', 'msh114', 'pml698', 'trp786', 'amasterton', 'dtuber', 'tch480', 'mguerrero', 'nohara', 'mrindler', 'espitzer', 'jsudo', 'katecavanaugh', 'shkim', 'dlieberman', 'clewis', 'kfrimenko', 'jlo236', 'xdi770', 'rlacey916', 'm0nchi3', 'cgeter', 'apatel', 'tomasmoreno15', 'mvw230', 'bhe', 'jkukral', 'nmo476', 'ashleygreenwell', 'robregon', 'klunkenheimer', 'lgao', 'mkan', 'nyang121', 'kbialka', 'con863', 'iceberge66', 'jbrownell', 'rsanders', 'jhickman', 'lzb993', 'jgambino', 'rar606', 'rad696', 'jgo391', 'ejen', 'rhartley', 'jth456', 'rrawlani', 'ehevel', 'swe502', 'srb618', 'davidelutilo2013', 'griffinkelly2013', 'mhernandez', 'jwilson', 'kbertamus', 'jyoon', 'bkw708', 'dkh218', 'aki189', 'vchen314', 'nnoble', 'chloelogan2013', 'jlogan', 'bknickel', 'kkucybala', 'michaeltu', 'mculleen', 'andys800', 'rgruenhagen', 'bshen', 'matt17na', 'nchan', 'starlight1109', 'crork', 'solim2012', 'ara731', 'laurenweaver2013', 'sdestefano', 'agnanendran', 'twise', 'sal923', 'blee', 'dam151', 'jott', 'dng664', 'tac149', 'taehizzle', 'cconsidine', 'hchoi', 'ojamil', 'jch399', 'yshin', 'lmc653', 'jjahnke', 'chilgenbrinck', 'ekleiser', 'jpark', 'lchao', 'nattaylor', 'ajwong', 'mscherer', 'mward7', 'masare', 'wehrich', 'flenz', 'gstroh', 'ejbauersfeld', 'tearles', 'evelazquez', 'kberning', 'llanford', 'jonathanleibowitz2013', 'sga606', 'nicholasgoossen', 'mkurtz', 'jpaul', 'aho', 'jkneeman', 'christinapai', 'ftalos', 'andreahill', 'avelez', 'eyarnik', 'bsinnen', 'mpatrick', 'mfalls', 'xwang123', 'wagee', 'dlk458', 'jyl695', 'kirmith39', 'autigre', 'rsahai91', 'hschwalbe', 'spalley', 'jtroise', 'dcamacho', 'cdubreuil', 'yzh387', 'atowle', 'drg556', 'mreddick', 'kha389', 'szhang', 'andrewma2013', 'pjd414', 'chh671', 'jsokolowski', 'led495', 'nu_sev', 'nalvarez', 'cblaha', 'ddpowell', 'ssefick', 'ems705', 'raylee', 'vmokhashi', 'aturowski', 'mrote13', 'ess954', 'msorett', 'jsimkowski', 'jkim140', 'ecc944', 'qentin', 'jchapman', 'emattenson', 'kviets', 'kalcegueire0', 'ksingh', 'amatlock', 'smhong', 'ekahn', 'elamberg', 'gchung', 'ysu897', 'blin', 'vlyons', 'mwang0511', 'larguelles', 'clairebear2820', 'brodsky18', 'kber0233', 'eeg314', 'tbirschbach', 'syanni', 'ykw556', 'aja518', 'jroman', 'ljc397', 'msherer', 'szeng', 'kheidtman', 'ncg662', 'lsapozhnik', 'ankim', 'lahn', 'bcroone', 'sahopki', 'jjacobs', 'bjw587', 'gyoo', 'snahmad', 'ssb501', 'mma517']",30,"['mcornew', 'ihasham', 'ahowes37', 'mjacobson', 'hanhchido', 'nfeinberg', 'far107', 'vforth', 'mdaniels', 'llisa1217', 'rasher', 'ssimmer', 'lwint', 'mmoore', 'mtobin', 'rmanejwala', 'ctabit', 'thoh13', 'pkwalsh', 'bdriscoll', 'hoh', 'esmyth', 'dabaranji', 'dhughes', 'jwa624', 'mta488', 'kumarvish', 'levariz', 'akandabarow', 'mroseman']",7,"['ggonz13', 'mattfred', 'ans285', 'sweaton', 'atrujillo', 'jharris', 'mazbradberry']",453,"['laurenjohnson49', 'jcurrea', 'benwoldy', 'jgobrial', 'nkeane', 'lbowen', 'stephenformosa2013', 'ryyan10', 'ayz263', 'vforth', 'amattias', 'ylopez', 'anukala', 'yjeong', 'skulkarni', 'danielsalovesh2013', 'mmchu', 'sandrashi', 'carolineh128', 'copperbeech1', 'ctabit', 'jesusflores2013', 'zcarlsgaard', 'jaycoxkd', 'esmyth', 'slee1', 'abalaji', 'skathiravan', 'emoore', 'gdaniels', 'elizabethpaul15', 'atilley', 'dgu377', 'myt244', 'lgbeckerman', 'kmichels', 'lwspeedy13', 'mkwon', 'jsf703', 'dbarstow', 'lwilson', 'stead', 'annedisabato', 'dli290', 'nfeinberg', 'agray', 'petersonkari1', 'slou', 'ans285', 'awg442', 'cop630', 'ibengali', 'chngnisbbgy', 'rpenrod', 'abilski', 'hoh', 'mkm887', 'esimonoff', 'davidharris2013', 'ksuchun0822', 'hrt192', 'mta488', 'akandabarow', 'sperkins', 'snarla', 'apatel1', 'njs310', 'hwg331', 'pcraig91', 'floucks', 'ajgriesemer', 'avantibadrinathan', 'kmb183', 'kpiscopo', 'mpaydar', 'nsharma902', 'ewolff', 'ckerr', 'tamarwolinsky823', 'byu490', 'mcraig', 'cruzkid77', 'esl550', 'rjulis', 'shamyle', 'vjohnson', 'mpj458', 'jocelyncooper2013', 'jhooker', 'jpkmufc', 'mazbradberry', 'ajennes', 'kpark', 'jbae2013', 'lem427', 'ryanconstantine', 'kkhambhati', 'itan', 'rkorkosz', 'mdaniels', 'kerrykinney2013', 'rmanejwala', 'angelaweng', 'jmcilree', 'agomez', 'jharris', 'mkim13', 'steven51188', 'cho', '09aross', 'jtang', 'hherzog', 'tds852', 'jessicayang', 'cwebb13', 'car557', 'smin', 'bbauman', 'cmartinez', 'oan397', 'dhan', 'lwint', 'mfilak', 'u2kn0wscylla', 'gmay', 'rmg157', 'thoh13', 'sblachmanbiatch', 'meb346', 'aahmed2013', 'wks612', 'mweathered', 'acheng128', 'paigeann', 'danlee', 'vchen', 'mkenny', 'dtang', 'spawar', 'hyzhang', 'bmangelson', 'aag794', 'idiloksuz2013', 'aehawley', 'dlambson', 'ihasham', 'mjo751', 'rstith', 'bwestlund', 'creis', 'jchan', 'kek507', 'sar808', 'shekharbhende', 'ispivak', 'btaggart', 'tcarmona', 'dhassani', 'rayyannajeeb2013', 'grevis', 'justinlueker', 'yahmad13', 'mhall', 'lackerman', 'dvanfleet', 'rdelacruz', 'harry080191', 'tashadrake2014', 'kwakeling', 'mrs392', 'codyschott2013', 'gbushnell2013', 'amyers', 'luteyang91', 'spatel', 'janbarkalow2013', 'agallegos', 'sdv465', 'ckadleck', 'jbae', 'jjiang', 'sjewell', 'mmerkley', 'slhatch', 'jham', 'tit329', 'colleenmoore', 'melisgencturk', 'yayoza', 'awesley', 'jfinbloom', 'gracesu', 'ipreston', 'kgrayson', 'emmasters', 'yshim', 'jhumphrey', 'akaye', 'devilsfan415', 'ntan', 'rwhite', 'katieeilers', 'justin7591', 'jmm687', 'megsglynn', 'jinaaapark', 'pkwalsh', 'pmakar', 'aktanuku123', 'ahsu', 'rfeng', 'sbernstein', 'tdg146', 'adagostino', 'bmurphy', 'kumarvish', 'garenas', 'mroseman', 'devinmidura2013', 'nbrodnik', 'sidsingh', 'rbh659', 'hanhchido', 'fdeller', 'mfeuer', 'benmogni5', 'efh120', 'rlarrison', 'jrim', 'msh114', 'pml698', 'trp786', 'amasterton', 'mguerrero', 'tch480', 'dtuber', 'nohara', 'mrindler', 'espitzer', 'jsudo', 'katecavanaugh', 'shkim', 'dlieberman', 'clewis', 'kfrimenko', 'jlo236', 'xdi770', 'rlacey916', 'm0nchi3', 'cgeter', 'apatel', 'tomasmoreno15', 'mvw230', 'bhe', 'jkukral', 'nmo476', 'ashleygreenwell', 'robregon', 'klunkenheimer', 'lgao', 'mkan', 'nyang121', 'kbialka', 'con863', 'iceberge66', 'jbrownell', 'rsanders', 'jhickman', 'lzb993', 'jgambino', 'rar606', 'rad696', 'jgo391', 'ejen', 'rhartley', 'jth456', 'rrawlani', 'ehevel', 'srb618', 'swe502', 'davidelutilo2013', 'griffinkelly2013', 'mhernandez', 'jwilson', 'kbertamus', 'jyoon', 'bkw708', 'dkh218', 'aki189', 'vchen314', 'nnoble', 'chloelogan2013', 'bknickel', 'jlogan', 'kkucybala', 'michaeltu', 'andys800', 'mculleen', 'rgruenhagen', 'bshen', 'mattfred', 'matt17na', 'nchan', 'crork', 'starlight1109', 'solim2012', 'ara731', 'laurenweaver2013', 'sdestefano', 'agnanendran', 'twise', 'sal923', 'blee', 'dam151', 'jott', 'dng664', 'mjacobson', 'tac149', 'taehizzle', 'cconsidine', 'hchoi', 'far107', 'ojamil', 'jch399', 'yshin', 'lmc653', 'jjahnke', 'chilgenbrinck', 'ekleiser', 'jpark', 'lchao', 'nattaylor', 'ajwong', 'mscherer', 'mward7', 'masare', 'wehrich', 'flenz', 'atrujillo', 'gstroh', 'ejbauersfeld', 'tearles', 'evelazquez', 'kberning', 'llanford', 'jonathanleibowitz2013', 'sga606', 'nicholasgoossen', 'jpaul', 'mkurtz', 'aho', 'jkneeman', 'christinapai', 'ftalos', 'bdriscoll', 'andreahill', 'avelez', 'eyarnik', 'bsinnen', 'mpatrick', 'jwa624', 'mfalls', 'wagee', 'xwang123', 'dlk458', 'jyl695', 'kirmith39', 'autigre', 'rsahai91', 'hschwalbe', 'spalley', 'jtroise', 'dcamacho', 'cdubreuil', 'yzh387', 'ssimmer', 'atowle', 'ahowes37', 'sweaton', 'drg556', 'mreddick', 'kha389', 'szhang', 'andrewma2013', 'pjd414', 'chh671', 'jsokolowski', 'led495', 'nu_sev', 'nalvarez', 'cblaha', 'ddpowell', 'ssefick', 'ems705', 'raylee', 'levariz', 'vmokhashi', 'aturowski', 'mrote13', 'ess954', 'msorett', 'mcornew', 'jkim140', 'jsimkowski', 'qentin', 'ecc944', 'jchapman', 'emattenson', 'kviets', 'llisa1217', 'rasher', 'mmoore', 'kalcegueire0', 'ksingh', 'amatlock', 'smhong', 'ekahn', 'elamberg', 'gchung', 'ysu897', 'blin', 'vlyons', 'mwang0511', 'larguelles', 'clairebear2820', 'brodsky18', 'kber0233', 'ggonz13', 'eeg314', 'syanni', 'tbirschbach', 'ykw556', 'aja518', 'jroman', 'ljc397', 'msherer', 'szeng', 'mtobin', 'kheidtman', 'ncg662', 'lsapozhnik', 'ankim', 'bcroone', 'lahn', 'dabaranji', 'dhughes', 'sahopki', 'jjacobs', 'bjw587', 'gyoo', 'snahmad', 'ssb501', 'mma517']"
1,37,446,269,250,"['devinmidura2013', 'nbrodnik', 'tearles', 'ejbauersfeld', 'evelazquez', 'rbh659', 'benwoldy', 'car557', 'jonathanleibowitz2013', 'nkeane', 'bbauman', 'sga606', 'stephenformosa2013', 'ryyan10', 'cmartinez', 'oan397', 'ylopez', 'skulkarni', 'aho', 'mfilak', 'danielsalovesh2013', 'u2kn0wscylla', 'mfeuer', 'sandrashi', 'gmay', 'carolineh128', 'efh120', 'zcarlsgaard', 'jaycoxkd', 'sblachmanbiatch', 'avelez', 'pml698', 'trp786', 'bsinnen', 'abalaji', 'mpatrick', 'amasterton', 'dtuber', 'tch480', 'mfalls', 'dlk458', 'jyl695', 'meb346', 'wks612', 'autigre', 'kirmith39', 'aahmed2013', 'mweathered', 'acheng128', 'paigeann', 'danlee', 'nohara', 'vchen', 'dtang', 'atilley', 'jsudo', 'mkenny', 'dlieberman', 'shkim', 'hyzhang', 'clewis', 'jtroise', 'dgu377', 'dcamacho', 'kfrimenko', 'bmangelson', 'spalley', 'idiloksuz2013', 'aehawley', 'jlo236', 'lwspeedy13', 'mkwon', 'jsf703', 'dbarstow', 'dlambson', 'ahowes37', 'drg556', 'mreddick', 'm0nchi3', 'mjo751', 'kha389', 'dli290', 'szhang', 'agray', 'tomasmoreno15', 'mvw230', 'creis', 'pjd414', 'jchan', 'chh671', 'ashleygreenwell', 'sar808', 'klunkenheimer', 'lgao', 'cop630', 'mkan', 'btaggart', 'kbialka', 'con863', 'iceberge66', 'rsanders', 'tcarmona', 'led495', 'abilski', 'hoh', 'dhassani', 'mkm887', 'jhickman', 'lzb993', 'esimonoff', 'nalvarez', 'grevis', 'rad696', 'jgo391', 'justinlueker', 'yahmad13', 'mhall', 'lackerman', 'dvanfleet', 'ems705', 'hrt192', 'rdelacruz', 'raylee', 'rhartley', 'jth456', 'harry080191', 'rrawlani', 'ehevel', 'tashadrake2014', 'vmokhashi', 'kwakeling', 'swe502', 'srb618', 'aturowski', 'ess954', 'gbushnell2013', 'msorett', 'griffinkelly2013', 'sperkins', 'mhernandez', 'njs310', 'apatel1', 'hwg331', 'snarla', 'kbertamus', 'pcraig91', 'floucks', 'ajgriesemer', 'jwilson', 'luteyang91', 'mcornew', 'jsimkowski', 'ecc944', 'kmb183', 'kpiscopo', 'spatel', 'bkw708', 'janbarkalow2013', 'dkh218', 'mpaydar', 'nnoble', 'jlogan', 'bknickel', 'tamarwolinsky823', 'byu490', 'michaeltu', 'ckadleck', 'andys800', 'mcraig', 'ksingh', 'cruzkid77', 'bshen', 'ekahn', 'sjewell', 'mmerkley', 'esl550', 'matt17na', 'nchan', 'shamyle', 'elamberg', 'vjohnson', 'jham', 'starlight1109', 'tit329', 'solim2012', 'awesley', 'ara731', 'jfinbloom', 'laurenweaver2013', 'gracesu', 'sdestefano', 'kgrayson', 'emmasters', 'mwang0511', 'clairebear2820', 'blee', 'jocelyncooper2013', 'brodsky18', 'jhumphrey', 'dam151', 'kber0233', 'devilsfan415', 'ajennes', 'dng664', 'kpark', 'lem427', 'eeg314', 'rwhite', 'tbirschbach', 'syanni', 'kkhambhati', 'itan', 'tac149', 'cconsidine', 'far107', 'justin7591', 'jroman', 'katieeilers', 'ojamil', 'jmm687', 'ljc397', 'megsglynn', 'szeng', 'kheidtman', 'jinaaapark', 'ncg662', 'jmcilree', 'lsapozhnik', 'ankim', 'jkim140', 'agomez', 'lchao', 'bcroone', 'ahsu', 'ajwong', 'rfeng', 'mkim13', 'mscherer', 'sbernstein', 'adagostino', 'bmurphy', 'steven51188', 'bjw587', 'wehrich', 'gyoo', 'flenz', 'cho', 'garenas', 'tds852', 'mma517']",196,"['laurenjohnson49', 'jcurrea', 'sidsingh', 'cwebb13', 'kberning', 'jgobrial', 'llanford', 'hanhchido', 'smin', 'fdeller', 'lbowen', 'ayz263', 'vforth', 'nicholasgoossen', 'dhan', 'jpaul', 'amattias', 'yjeong', 'anukala', 'lwint', 'mkurtz', 'mmchu', 'benmogni5', 'copperbeech1', 'ctabit', 'jesusflores2013', 'jkneeman', 'christinapai', 'rmg157', 'thoh13', 'rlarrison', 'ftalos', 'bdriscoll', 'jrim', 'andreahill', 'esmyth', 'msh114', 'eyarnik', 'slee1', 'jwa624', 'mguerrero', 'wagee', 'xwang123', 'skathiravan', 'emoore', 'gdaniels', 'elizabethpaul15', 'rsahai91', 'hschwalbe', 'mrindler', 'espitzer', 'katecavanaugh', 'spawar', 'lgbeckerman', 'myt244', 'aag794', 'kmichels', 'cdubreuil', 'yzh387', 'ssimmer', 'atowle', 'xdi770', 'rlacey916', 'lwilson', 'stead', 'ihasham', 'annedisabato', 'cgeter', 'nfeinberg', 'rstith', 'bwestlund', 'apatel', 'petersonkari1', 'bhe', 'andrewma2013', 'slou', 'jkukral', 'kek507', 'nmo476', 'shekharbhende', 'robregon', 'jsokolowski', 'awg442', 'ispivak', 'ibengali', 'nyang121', 'chngnisbbgy', 'rpenrod', 'jbrownell', 'nu_sev', 'rayyannajeeb2013', 'cblaha', 'jgambino', 'rar606', 'davidharris2013', 'ddpowell', 'ssefick', 'ksuchun0822', 'ejen', 'mta488', 'levariz', 'mrs392', 'davidelutilo2013', 'codyschott2013', 'mrote13', 'akandabarow', 'amyers', 'qentin', 'avantibadrinathan', 'jchapman', 'emattenson', 'jyoon', 'aki189', 'kviets', 'agallegos', 'vchen314', 'chloelogan2013', 'sdv465', 'nsharma902', 'llisa1217', 'ewolff', 'rasher', 'ckerr', 'mmoore', 'kkucybala', 'jbae', 'mculleen', 'rgruenhagen', 'kalcegueire0', 'amatlock', 'smhong', 'jjiang', 'rjulis', 'slhatch', 'crork', 'gchung', 'colleenmoore', 'mroseman', 'ysu897', 'melisgencturk', 'yayoza', 'blin', 'agnanendran', 'ipreston', 'twise', 'vlyons', 'yshim', 'sal923', 'larguelles', 'mpj458', 'jhooker', 'jpkmufc', 'akaye', 'jott', 'ntan', 'jbae2013', 'mjacobson', 'ryanconstantine', 'ykw556', 'taehizzle', 'aja518', 'rkorkosz', 'hchoi', 'mdaniels', 'kerrykinney2013', 'jch399', 'msherer', 'yshin', 'mtobin', 'rmanejwala', 'lmc653', 'jjahnke', 'angelaweng', 'chilgenbrinck', 'ekleiser', 'jpark', 'pkwalsh', 'pmakar', 'aktanuku123', 'nattaylor', 'lahn', 'dabaranji', 'dhughes', 'sahopki', 'mward7', 'tdg146', 'masare', 'jjacobs', 'kumarvish', 'snahmad', 'gstroh', 'ssb501', '09aross', 'jtang', 'hherzog', 'jessicayang']",19,"['harryhahn32', 'jrs157', 'ers495', 'jinkyoungbae', 'kxu884', 'sweaton', 'mki990', 'jessicamiller', 'bichopelu', 'tejerina', 'anmura', None, 'kdunn', 'smparker', 'atrujillo', 'yujiesun2013', 'jgr461', 'tomekiasimeon', 'mazbradberry']",465,"['laurenjohnson49', 'jrs157', 'jcurrea', 'benwoldy', 'jgobrial', 'jessicamiller', 'nkeane', 'lbowen', 'stephenformosa2013', 'ryyan10', 'ayz263', 'vforth', 'amattias', 'ylopez', 'anukala', 'yjeong', 'skulkarni', 'danielsalovesh2013', 'mmchu', 'bichopelu', 'sandrashi', 'carolineh128', 'copperbeech1', 'ctabit', 'jesusflores2013', 'zcarlsgaard', 'jaycoxkd', 'esmyth', 'slee1', 'abalaji', 'skathiravan', 'emoore', 'gdaniels', 'elizabethpaul15', 'atilley', 'dgu377', 'myt244', 'lgbeckerman', 'kmichels', 'lwspeedy13', 'mkwon', 'jsf703', 'dbarstow', 'lwilson', 'stead', 'jinkyoungbae', 'annedisabato', 'dli290', 'nfeinberg', 'agray', 'petersonkari1', 'slou', 'awg442', 'cop630', 'ibengali', 'chngnisbbgy', 'rpenrod', 'abilski', 'hoh', 'mkm887', 'esimonoff', 'davidharris2013', 'ksuchun0822', 'hrt192', 'mta488', 'akandabarow', 'sperkins', 'snarla', 'apatel1', 'njs310', 'hwg331', 'pcraig91', 'floucks', 'ajgriesemer', 'avantibadrinathan', 'kmb183', 'kpiscopo', 'mpaydar', 'nsharma902', 'ewolff', 'ckerr', 'tamarwolinsky823', 'byu490', 'mcraig', 'cruzkid77', 'esl550', 'rjulis', 'shamyle', 'vjohnson', 'tomekiasimeon', 'mpj458', 'jocelyncooper2013', 'jhooker', 'jpkmufc', 'mazbradberry', 'ajennes', 'kpark', 'jbae2013', 'lem427', 'ryanconstantine', 'kkhambhati', 'itan', 'rkorkosz', 'mdaniels', 'kerrykinney2013', 'rmanejwala', 'angelaweng', 'jmcilree', 'agomez', 'mkim13', None, 'steven51188', 'cho', '09aross', 'jtang', 'hherzog', 'tds852', 'jessicayang', 'cwebb13', 'car557', 'smin', 'bbauman', 'cmartinez', 'oan397', 'dhan', 'lwint', 'mfilak', 'u2kn0wscylla', 'gmay', 'rmg157', 'thoh13', 'sblachmanbiatch', 'meb346', 'aahmed2013', 'wks612', 'mweathered', 'acheng128', 'paigeann', 'danlee', 'vchen', 'mkenny', 'dtang', 'spawar', 'hyzhang', 'bmangelson', 'aag794', 'idiloksuz2013', 'aehawley', 'ers495', 'dlambson', 'ihasham', 'mjo751', 'rstith', 'bwestlund', 'creis', 'jchan', 'kek507', 'sar808', 'shekharbhende', 'ispivak', 'btaggart', 'tcarmona', 'dhassani', 'rayyannajeeb2013', 'grevis', 'justinlueker', 'yahmad13', 'mhall', 'lackerman', 'dvanfleet', 'rdelacruz', 'harry080191', 'tashadrake2014', 'kwakeling', 'mrs392', 'jgr461', 'codyschott2013', 'gbushnell2013', 'amyers', 'luteyang91', 'spatel', 'janbarkalow2013', 'agallegos', 'sdv465', 'ckadleck', 'jbae', 'jjiang', 'sjewell', 'mmerkley', 'slhatch', 'jham', 'tit329', 'colleenmoore', 'melisgencturk', 'yayoza', 'awesley', 'jfinbloom', 'gracesu', 'ipreston', 'kgrayson', 'smparker', 'emmasters', 'yshim', 'jhumphrey', 'akaye', 'devilsfan415', 'ntan', 'rwhite', 'katieeilers', 'justin7591', 'jmm687', 'megsglynn', 'jinaaapark', 'pkwalsh', 'pmakar', 'aktanuku123', 'ahsu', 'rfeng', 'sbernstein', 'tdg146', 'adagostino', 'bmurphy', 'kumarvish', 'garenas', 'mroseman', 'devinmidura2013', 'nbrodnik', 'sidsingh', 'kxu884', 'rbh659', 'hanhchido', 'fdeller', 'mfeuer', 'benmogni5', 'efh120', 'rlarrison', 'jrim', 'msh114', 'pml698', 'trp786', 'amasterton', 'mguerrero', 'tch480', 'dtuber', 'nohara', 'mrindler', 'espitzer', 'jsudo', 'katecavanaugh', 'shkim', 'dlieberman', 'clewis', 'kfrimenko', 'jlo236', 'xdi770', 'rlacey916', 'm0nchi3', 'cgeter', 'apatel', 'tomasmoreno15', 'mvw230', 'bhe', 'jkukral', 'nmo476', 'ashleygreenwell', 'robregon', 'klunkenheimer', 'lgao', 'mkan', 'nyang121', 'kbialka', 'con863', 'iceberge66', 'jbrownell', 'rsanders', 'jhickman', 'lzb993', 'jgambino', 'rar606', 'rad696', 'jgo391', 'ejen', 'rhartley', 'jth456', 'rrawlani', 'ehevel', 'srb618', 'swe502', 'davidelutilo2013', 'griffinkelly2013', 'mhernandez', 'jwilson', 'kbertamus', 'harryhahn32', 'jyoon', 'bkw708', 'dkh218', 'aki189', 'mki990', 'vchen314', 'nnoble', 'chloelogan2013', 'bknickel', 'jlogan', 'kkucybala', 'michaeltu', 'andys800', 'mculleen', 'rgruenhagen', 'bshen', 'matt17na', 'nchan', 'crork', 'starlight1109', 'solim2012', 'ara731', 'laurenweaver2013', 'sdestefano', 'agnanendran', 'twise', 'sal923', 'blee', 'dam151', 'jott', 'dng664', 'mjacobson', 'tac149', 'taehizzle', 'cconsidine', 'hchoi', 'far107', 'ojamil', 'jch399', 'yshin', 'lmc653', 'jjahnke', 'chilgenbrinck', 'ekleiser', 'jpark', 'tejerina', 'lchao', 'nattaylor', 'ajwong', 'mscherer', 'mward7', 'masare', 'wehrich', 'flenz', 'atrujillo', 'gstroh', 'ejbauersfeld', 'tearles', 'evelazquez', 'kberning', 'llanford', 'jonathanleibowitz2013', 'sga606', 'nicholasgoossen', 'jpaul', 'mkurtz', 'aho', 'jkneeman', 'christinapai', 'ftalos', 'bdriscoll', 'andreahill', 'avelez', 'eyarnik', 'bsinnen', 'anmura', 'mpatrick', 'jwa624', 'mfalls', 'wagee', 'xwang123', 'dlk458', 'jyl695', 'kirmith39', 'autigre', 'rsahai91', 'hschwalbe', 'yujiesun2013', 'spalley', 'jtroise', 'dcamacho', 'cdubreuil', 'yzh387', 'ssimmer', 'atowle', 'ahowes37', 'sweaton', 'drg556', 'mreddick', 'kha389', 'szhang', 'andrewma2013', 'pjd414', 'chh671', 'jsokolowski', 'led495', 'nu_sev', 'nalvarez', 'cblaha', 'ddpowell', 'ssefick', 'ems705', 'raylee', 'levariz', 'vmokhashi', 'aturowski', 'mrote13', 'ess954', 'msorett', 'mcornew', 'jkim140', 'jsimkowski', 'qentin', 'ecc944', 'jchapman', 'emattenson', 'kviets', 'llisa1217', 'rasher', 'mmoore', 'kalcegueire0', 'ksingh', 'amatlock', 'smhong', 'ekahn', 'elamberg', 'gchung', 'ysu897', 'blin', 'vlyons', 'mwang0511', 'larguelles', 'clairebear2820', 'brodsky18', 'kber0233', 'eeg314', 'syanni', 'tbirschbach', 'ykw556', 'aja518', 'jroman', 'ljc397', 'msherer', 'szeng', 'mtobin', 'kheidtman', 'ncg662', 'lsapozhnik', 'ankim', 'bcroone', 'lahn', 'dabaranji', 'dhughes', 'sahopki', 'jjacobs', 'bjw587', 'gyoo', 'kdunn', 'snahmad', 'ssb501', 'mma517']"
1,94,446,256,249,"['laurenjohnson49', 'ejbauersfeld', 'nbrodnik', 'tearles', 'sidsingh', 'evelazquez', 'rbh659', 'kberning', 'car557', 'smin', 'sga606', 'stephenformosa2013', 'lbowen', 'ryyan10', 'cmartinez', 'oan397', 'dhan', 'mkurtz', 'ylopez', 'yjeong', 'jpaul', 'mfilak', 'danielsalovesh2013', 'u2kn0wscylla', 'mmchu', 'mfeuer', 'gmay', 'benmogni5', 'carolineh128', 'efh120', 'zcarlsgaard', 'christinapai', 'jaycoxkd', 'rmg157', 'jrim', 'andreahill', 'pml698', 'amasterton', 'dtuber', 'mfalls', 'wagee', 'jyl695', 'meb346', 'skathiravan', 'emoore', 'autigre', 'aahmed2013', 'mweathered', 'elizabethpaul15', 'acheng128', 'paigeann', 'danlee', 'nohara', 'vchen', 'dtang', 'atilley', 'dlieberman', 'shkim', 'clewis', 'dgu377', 'lgbeckerman', 'dcamacho', 'kfrimenko', 'myt244', 'spalley', 'cdubreuil', 'aehawley', 'kmichels', 'idiloksuz2013', 'jlo236', 'lwspeedy13', 'mkwon', 'rlacey916', 'lwilson', 'xdi770', 'jsf703', 'dbarstow', 'dlambson', 'ahowes37', 'drg556', 'kha389', 'm0nchi3', 'mjo751', 'dli290', 'szhang', 'bwestlund', 'agray', 'tomasmoreno15', 'mvw230', 'andrewma2013', 'creis', 'pjd414', 'jchan', 'chh671', 'nmo476', 'ashleygreenwell', 'robregon', 'klunkenheimer', 'lgao', 'cop630', 'mkan', 'btaggart', 'kbialka', 'con863', 'rsanders', 'tcarmona', 'led495', 'abilski', 'hoh', 'nalvarez', 'mkm887', 'lzb993', 'ssefick', 'jgo391', 'justinlueker', 'yahmad13', 'lackerman', 'dvanfleet', 'hrt192', 'rdelacruz', 'raylee', 'rhartley', 'jth456', 'harry080191', 'rrawlani', 'ehevel', 'tashadrake2014', 'vmokhashi', 'kwakeling', 'swe502', 'srb618', 'davidelutilo2013', 'codyschott2013', 'ess954', 'gbushnell2013', 'msorett', 'griffinkelly2013', 'sperkins', 'amyers', 'mhernandez', 'apatel1', 'snarla', 'hwg331', 'jwilson', 'kbertamus', 'pcraig91', 'mcornew', 'ajgriesemer', 'jsimkowski', 'jkim140', 'ecc944', 'spatel', 'kpiscopo', 'janbarkalow2013', 'agallegos', 'mpaydar', 'nnoble', 'sdv465', 'jlogan', 'bknickel', 'ckerr', 'tamarwolinsky823', 'byu490', 'michaeltu', 'ckadleck', 'mculleen', 'andys800', 'mcraig', 'kalcegueire0', 'ksingh', 'cruzkid77', 'bshen', 'amatlock', 'smhong', 'ekahn', 'sjewell', 'jjiang', 'mmerkley', 'esl550', 'nchan', 'shamyle', 'elamberg', 'vjohnson', 'tit329', 'gchung', 'ysu897', 'solim2012', 'awesley', 'ara731', 'gracesu', 'laurenweaver2013', 'kgrayson', 'emmasters', 'mwang0511', 'clairebear2820', 'mpj458', 'blee', 'jocelyncooper2013', 'jhooker', 'brodsky18', 'dam151', 'devilsfan415', 'ajennes', 'ntan', 'lem427', 'jbae2013', 'eeg314', 'rwhite', 'tbirschbach', 'syanni', 'kkhambhati', 'itan', 'tac149', 'taehizzle', 'aja518', 'cconsidine', 'hchoi', 'far107', 'justin7591', 'jroman', 'katieeilers', 'jmm687', 'jch399', 'megsglynn', 'msherer', 'szeng', 'kheidtman', 'lmc653', 'angelaweng', 'jpark', 'ncg662', 'jmcilree', 'lsapozhnik', 'agomez', 'lchao', 'pmakar', 'lahn', 'bcroone', 'ahsu', 'ajwong', 'sbernstein', 'tdg146', 'steven51188', 'wehrich', 'gyoo', 'flenz', 'gstroh', 'cho', 'tds852']",197,"['devinmidura2013', 'jcurrea', 'cwebb13', 'benwoldy', 'jgobrial', 'hanhchido', 'llanford', 'jonathanleibowitz2013', 'fdeller', 'nkeane', 'bbauman', 'vforth', 'ayz263', 'nicholasgoossen', 'amattias', 'skulkarni', 'anukala', 'lwint', 'aho', 'sandrashi', 'copperbeech1', 'ctabit', 'jesusflores2013', 'jkneeman', 'thoh13', 'rlarrison', 'ftalos', 'bdriscoll', 'esmyth', 'sblachmanbiatch', 'msh114', 'avelez', 'trp786', 'slee1', 'eyarnik', 'bsinnen', 'abalaji', 'mpatrick', 'jwa624', 'mguerrero', 'tch480', 'xwang123', 'dlk458', 'wks612', 'kirmith39', 'gdaniels', 'rsahai91', 'hschwalbe', 'mrindler', 'mkenny', 'espitzer', 'jsudo', 'katecavanaugh', 'spawar', 'hyzhang', 'bmangelson', 'jtroise', 'aag794', 'yzh387', 'ssimmer', 'atowle', 'stead', 'ihasham', 'annedisabato', 'mreddick', 'cgeter', 'nfeinberg', 'rstith', 'apatel', 'petersonkari1', 'bhe', 'slou', 'jkukral', 'kek507', 'sar808', 'shekharbhende', 'jsokolowski', 'awg442', 'ispivak', 'ibengali', 'nyang121', 'chngnisbbgy', 'rpenrod', 'iceberge66', 'jbrownell', 'dhassani', 'nu_sev', 'jhickman', 'rayyannajeeb2013', 'esimonoff', 'cblaha', 'grevis', 'jgambino', 'davidharris2013', 'rar606', 'rad696', 'ddpowell', 'mhall', 'ksuchun0822', 'ejen', 'ems705', 'mta488', 'levariz', 'mrs392', 'aturowski', 'mrote13', 'akandabarow', 'njs310', 'luteyang91', 'floucks', 'qentin', 'avantibadrinathan', 'jchapman', 'emattenson', 'kmb183', 'jyoon', 'bkw708', 'dkh218', 'aki189', 'kviets', 'vchen314', 'chloelogan2013', 'nsharma902', 'llisa1217', 'ewolff', 'rasher', 'mmoore', 'kkucybala', 'jbae', 'rgruenhagen', 'rjulis', 'matt17na', 'slhatch', 'jham', 'crork', 'starlight1109', 'colleenmoore', 'mroseman', 'melisgencturk', 'yayoza', 'jfinbloom', 'sdestefano', 'agnanendran', 'blin', 'ipreston', 'twise', 'vlyons', 'yshim', 'sal923', 'larguelles', 'jpkmufc', 'jhumphrey', 'akaye', 'jott', 'kber0233', 'kpark', 'dng664', 'mjacobson', 'ryanconstantine', 'ykw556', 'rkorkosz', 'mdaniels', 'ojamil', 'kerrykinney2013', 'ljc397', 'yshin', 'mtobin', 'rmanejwala', 'jjahnke', 'chilgenbrinck', 'ekleiser', 'jinaaapark', 'ankim', 'pkwalsh', 'aktanuku123', 'nattaylor', 'dabaranji', 'dhughes', 'sahopki', 'rfeng', 'mkim13', 'mscherer', 'mward7', 'masare', 'adagostino', 'bmurphy', 'jjacobs', 'kumarvish', 'bjw587', 'snahmad', 'garenas', 'ssb501', '09aross', 'jtang', 'hherzog', 'mma517', 'jessicayang']",7,"['sweaton', 'atrujillo', 'emilieringe', 'vvajda', 'mazbradberry', None, 'vaa690']",453,"['laurenjohnson49', 'jcurrea', 'benwoldy', 'jgobrial', 'nkeane', 'lbowen', 'stephenformosa2013', 'ryyan10', 'ayz263', 'vforth', 'amattias', 'ylopez', 'anukala', 'yjeong', 'skulkarni', 'danielsalovesh2013', 'mmchu', 'sandrashi', 'carolineh128', 'copperbeech1', 'ctabit', 'jesusflores2013', 'zcarlsgaard', 'jaycoxkd', 'esmyth', 'slee1', 'abalaji', 'skathiravan', 'emoore', 'gdaniels', 'elizabethpaul15', 'atilley', 'dgu377', 'myt244', 'lgbeckerman', 'kmichels', 'lwspeedy13', 'mkwon', 'jsf703', 'dbarstow', 'lwilson', 'stead', 'annedisabato', 'dli290', 'nfeinberg', 'agray', 'petersonkari1', 'slou', 'awg442', 'cop630', 'ibengali', 'chngnisbbgy', 'rpenrod', 'abilski', 'hoh', 'mkm887', 'esimonoff', 'davidharris2013', 'ksuchun0822', 'hrt192', 'mta488', 'akandabarow', 'sperkins', 'snarla', 'apatel1', 'njs310', 'hwg331', 'pcraig91', 'floucks', 'ajgriesemer', 'avantibadrinathan', 'kmb183', 'kpiscopo', 'mpaydar', 'nsharma902', 'ewolff', 'ckerr', 'tamarwolinsky823', 'byu490', 'mcraig', 'cruzkid77', 'esl550', 'rjulis', 'shamyle', 'vjohnson', 'mpj458', 'jocelyncooper2013', 'jhooker', 'jpkmufc', 'vvajda', 'mazbradberry', 'ajennes', 'kpark', 'jbae2013', 'lem427', 'ryanconstantine', 'kkhambhati', 'itan', 'rkorkosz', 'mdaniels', 'kerrykinney2013', 'rmanejwala', 'angelaweng', 'jmcilree', 'agomez', 'mkim13', None, 'steven51188', 'cho', '09aross', 'jtang', 'hherzog', 'tds852', 'jessicayang', 'cwebb13', 'car557', 'smin', 'bbauman', 'cmartinez', 'oan397', 'dhan', 'lwint', 'mfilak', 'u2kn0wscylla', 'gmay', 'rmg157', 'thoh13', 'sblachmanbiatch', 'meb346', 'aahmed2013', 'wks612', 'mweathered', 'acheng128', 'paigeann', 'danlee', 'vchen', 'mkenny', 'dtang', 'spawar', 'hyzhang', 'bmangelson', 'aag794', 'idiloksuz2013', 'vaa690', 'aehawley', 'dlambson', 'ihasham', 'mjo751', 'rstith', 'bwestlund', 'creis', 'jchan', 'kek507', 'sar808', 'shekharbhende', 'ispivak', 'btaggart', 'tcarmona', 'dhassani', 'rayyannajeeb2013', 'grevis', 'justinlueker', 'yahmad13', 'mhall', 'lackerman', 'dvanfleet', 'rdelacruz', 'harry080191', 'tashadrake2014', 'kwakeling', 'mrs392', 'codyschott2013', 'gbushnell2013', 'amyers', 'luteyang91', 'spatel', 'janbarkalow2013', 'emilieringe', 'agallegos', 'sdv465', 'ckadleck', 'jbae', 'jjiang', 'sjewell', 'mmerkley', 'slhatch', 'jham', 'tit329', 'colleenmoore', 'melisgencturk', 'yayoza', 'awesley', 'jfinbloom', 'gracesu', 'ipreston', 'kgrayson', 'emmasters', 'yshim', 'jhumphrey', 'akaye', 'devilsfan415', 'ntan', 'rwhite', 'katieeilers', 'justin7591', 'jmm687', 'megsglynn', 'jinaaapark', 'pkwalsh', 'pmakar', 'aktanuku123', 'ahsu', 'rfeng', 'sbernstein', 'tdg146', 'adagostino', 'bmurphy', 'kumarvish', 'garenas', 'mroseman', 'devinmidura2013', 'nbrodnik', 'sidsingh', 'rbh659', 'hanhchido', 'fdeller', 'mfeuer', 'benmogni5', 'efh120', 'rlarrison', 'jrim', 'msh114', 'pml698', 'trp786', 'amasterton', 'mguerrero', 'tch480', 'dtuber', 'nohara', 'mrindler', 'espitzer', 'jsudo', 'katecavanaugh', 'shkim', 'dlieberman', 'clewis', 'kfrimenko', 'jlo236', 'xdi770', 'rlacey916', 'm0nchi3', 'cgeter', 'apatel', 'tomasmoreno15', 'mvw230', 'bhe', 'jkukral', 'nmo476', 'ashleygreenwell', 'robregon', 'klunkenheimer', 'lgao', 'mkan', 'nyang121', 'kbialka', 'con863', 'iceberge66', 'jbrownell', 'rsanders', 'jhickman', 'lzb993', 'jgambino', 'rar606', 'rad696', 'jgo391', 'ejen', 'rhartley', 'jth456', 'rrawlani', 'ehevel', 'srb618', 'swe502', 'davidelutilo2013', 'griffinkelly2013', 'mhernandez', 'jwilson', 'kbertamus', 'jyoon', 'bkw708', 'dkh218', 'aki189', 'vchen314', 'nnoble', 'chloelogan2013', 'bknickel', 'jlogan', 'kkucybala', 'michaeltu', 'andys800', 'mculleen', 'rgruenhagen', 'bshen', 'matt17na', 'nchan', 'crork', 'starlight1109', 'solim2012', 'ara731', 'laurenweaver2013', 'sdestefano', 'agnanendran', 'twise', 'sal923', 'blee', 'dam151', 'jott', 'dng664', 'mjacobson', 'tac149', 'taehizzle', 'cconsidine', 'hchoi', 'far107', 'ojamil', 'jch399', 'yshin', 'lmc653', 'jjahnke', 'chilgenbrinck', 'ekleiser', 'jpark', 'lchao', 'nattaylor', 'ajwong', 'mscherer', 'mward7', 'masare', 'wehrich', 'flenz', 'atrujillo', 'gstroh', 'ejbauersfeld', 'tearles', 'evelazquez', 'kberning', 'llanford', 'jonathanleibowitz2013', 'sga606', 'nicholasgoossen', 'jpaul', 'mkurtz', 'aho', 'jkneeman', 'christinapai', 'ftalos', 'bdriscoll', 'andreahill', 'avelez', 'eyarnik', 'bsinnen', 'mpatrick', 'jwa624', 'mfalls', 'wagee', 'xwang123', 'dlk458', 'jyl695', 'kirmith39', 'autigre', 'rsahai91', 'hschwalbe', 'spalley', 'jtroise', 'dcamacho', 'cdubreuil', 'yzh387', 'ssimmer', 'atowle', 'ahowes37', 'sweaton', 'drg556', 'mreddick', 'kha389', 'szhang', 'andrewma2013', 'pjd414', 'chh671', 'jsokolowski', 'led495', 'nu_sev', 'nalvarez', 'cblaha', 'ddpowell', 'ssefick', 'ems705', 'raylee', 'levariz', 'vmokhashi', 'aturowski', 'mrote13', 'ess954', 'msorett', 'mcornew', 'jkim140', 'jsimkowski', 'qentin', 'ecc944', 'jchapman', 'emattenson', 'kviets', 'llisa1217', 'rasher', 'mmoore', 'kalcegueire0', 'ksingh', 'amatlock', 'smhong', 'ekahn', 'elamberg', 'gchung', 'ysu897', 'blin', 'vlyons', 'mwang0511', 'larguelles', 'clairebear2820', 'brodsky18', 'kber0233', 'eeg314', 'syanni', 'tbirschbach', 'ykw556', 'aja518', 'jroman', 'ljc397', 'msherer', 'szeng', 'mtobin', 'kheidtman', 'ncg662', 'lsapozhnik', 'ankim', 'bcroone', 'lahn', 'dabaranji', 'dhughes', 'sahopki', 'jjacobs', 'bjw587', 'gyoo', 'snahmad', 'ssb501', 'mma517']"
1,115,446,47,43,"['atowle', 'jchapman', 'ihasham', 'm0nchi3', 'cgeter', 'llanford', 'hanhchido', 'apatel', 'fdeller', 'petersonkari1', 'vforth', 'llisa1217', 'rasher', 'dhan', 'mmoore', 'sar808', 'ssimmer', 'anukala', 'mtobin', 'ckadleck', 'rmanejwala', 'mkan', 'ctabit', 'jkneeman', 'ftalos', 'rjulis', 'dabaranji', 'slhatch', 'dhughes', 'akaye', 'bsinnen', 'crork', 'jwa624', 'kumarvish', 'blin', 'gdaniels', 'levariz', 'larguelles', 'spawar', 'cho', 'akandabarow', 'jott', 'mroseman']",403,"['laurenjohnson49', 'devinmidura2013', 'nbrodnik', 'jcurrea', 'sidsingh', 'rbh659', 'benwoldy', 'jgobrial', 'nkeane', 'lbowen', 'stephenformosa2013', 'ryyan10', 'ayz263', 'amattias', 'ylopez', 'yjeong', 'skulkarni', 'danielsalovesh2013', 'mmchu', 'mfeuer', 'sandrashi', 'carolineh128', 'benmogni5', 'copperbeech1', 'efh120', 'jesusflores2013', 'zcarlsgaard', 'jaycoxkd', 'rlarrison', 'jrim', 'esmyth', 'msh114', 'pml698', 'slee1', 'trp786', 'abalaji', 'amasterton', 'mguerrero', 'tch480', 'dtuber', 'skathiravan', 'emoore', 'elizabethpaul15', 'nohara', 'mrindler', 'atilley', 'espitzer', 'jsudo', 'katecavanaugh', 'shkim', 'dlieberman', 'clewis', 'dgu377', 'myt244', 'lgbeckerman', 'kfrimenko', 'kmichels', 'jlo236', 'lwspeedy13', 'mkwon', 'xdi770', 'jsf703', 'dbarstow', 'lwilson', 'stead', 'rlacey916', 'annedisabato', 'dli290', 'nfeinberg', 'agray', 'tomasmoreno15', 'mvw230', 'bhe', 'slou', 'jkukral', 'nmo476', 'ashleygreenwell', 'robregon', 'klunkenheimer', 'lgao', 'awg442', 'cop630', 'ibengali', 'nyang121', 'chngnisbbgy', 'kbialka', 'rpenrod', 'con863', 'iceberge66', 'jbrownell', 'rsanders', 'abilski', 'hoh', 'mkm887', 'jhickman', 'esimonoff', 'lzb993', 'jgambino', 'rar606', 'davidharris2013', 'rad696', 'jgo391', 'ksuchun0822', 'ejen', 'hrt192', 'mta488', 'rhartley', 'jth456', 'rrawlani', 'ehevel', 'srb618', 'swe502', 'davidelutilo2013', 'sperkins', 'griffinkelly2013', 'snarla', 'apatel1', 'njs310', 'hwg331', 'mhernandez', 'jwilson', 'pcraig91', 'floucks', 'ajgriesemer', 'avantibadrinathan', 'kbertamus', 'kmb183', 'kpiscopo', 'jyoon', 'bkw708', 'dkh218', 'aki189', 'vchen314', 'mpaydar', 'nnoble', 'chloelogan2013', 'nsharma902', 'ewolff', 'bknickel', 'jlogan', 'ckerr', 'tamarwolinsky823', 'byu490', 'kkucybala', 'michaeltu', 'andys800', 'mculleen', 'rgruenhagen', 'mcraig', 'cruzkid77', 'bshen', 'esl550', 'matt17na', 'nchan', 'shamyle', 'vjohnson', 'starlight1109', 'solim2012', 'ara731', 'laurenweaver2013', 'sdestefano', 'agnanendran', 'twise', 'sal923', 'mpj458', 'blee', 'jocelyncooper2013', 'jhooker', 'jpkmufc', 'dam151', 'ajennes', 'kpark', 'jbae2013', 'lem427', 'dng664', 'mjacobson', 'ryanconstantine', 'kkhambhati', 'itan', 'tac149', 'taehizzle', 'rkorkosz', 'cconsidine', 'hchoi', 'far107', 'mdaniels', 'ojamil', 'kerrykinney2013', 'jch399', 'yshin', 'lmc653', 'jjahnke', 'angelaweng', 'chilgenbrinck', 'ekleiser', 'jpark', 'jmcilree', 'agomez', 'lchao', 'nattaylor', 'ajwong', 'mkim13', 'mscherer', 'mward7', 'masare', 'steven51188', 'wehrich', 'flenz', 'gstroh', '09aross', 'jtang', 'hherzog', 'tds852', 'jessicayang', 'ejbauersfeld', 'tearles', 'evelazquez', 'cwebb13', 'kberning', 'car557', 'jonathanleibowitz2013', 'smin', 'bbauman', 'sga606', 'nicholasgoossen', 'cmartinez', 'oan397', 'jpaul', 'lwint', 'mkurtz', 'aho', 'mfilak', 'u2kn0wscylla', 'gmay', 'christinapai', 'rmg157', 'thoh13', 'bdriscoll', 'andreahill', 'sblachmanbiatch', 'avelez', 'eyarnik', 'mpatrick', 'mfalls', 'wagee', 'xwang123', 'dlk458', 'jyl695', 'meb346', 'aahmed2013', 'wks612', 'mweathered', 'kirmith39', 'autigre', 'acheng128', 'rsahai91', 'paigeann', 'danlee', 'hschwalbe', 'vchen', 'mkenny', 'dtang', 'hyzhang', 'bmangelson', 'spalley', 'jtroise', 'aag794', 'dcamacho', 'cdubreuil', 'idiloksuz2013', 'yzh387', 'aehawley', 'dlambson', 'ahowes37', 'drg556', 'mreddick', 'mjo751', 'kha389', 'szhang', 'rstith', 'bwestlund', 'andrewma2013', 'creis', 'jchan', 'pjd414', 'kek507', 'chh671', 'shekharbhende', 'jsokolowski', 'ispivak', 'btaggart', 'tcarmona', 'led495', 'dhassani', 'nu_sev', 'nalvarez', 'rayyannajeeb2013', 'cblaha', 'grevis', 'ddpowell', 'ssefick', 'justinlueker', 'yahmad13', 'mhall', 'lackerman', 'dvanfleet', 'ems705', 'rdelacruz', 'raylee', 'harry080191', 'tashadrake2014', 'vmokhashi', 'kwakeling', 'mrs392', 'aturowski', 'codyschott2013', 'mrote13', 'ess954', 'gbushnell2013', 'msorett', 'amyers', 'luteyang91', 'mcornew', 'jkim140', 'jsimkowski', 'qentin', 'ecc944', 'spatel', 'emattenson', 'janbarkalow2013', 'kviets', 'agallegos', 'sdv465', 'jbae', 'kalcegueire0', 'ksingh', 'amatlock', 'smhong', 'ekahn', 'jjiang', 'sjewell', 'mmerkley', 'elamberg', 'jham', 'tit329', 'gchung', 'colleenmoore', 'ysu897', 'melisgencturk', 'yayoza', 'awesley', 'jfinbloom', 'gracesu', 'ipreston', 'kgrayson', 'vlyons', 'emmasters', 'yshim', 'mwang0511', 'clairebear2820', 'brodsky18', 'jhumphrey', 'kber0233', 'devilsfan415', 'ntan', 'eeg314', 'rwhite', 'syanni', 'tbirschbach', 'ykw556', 'aja518', 'katieeilers', 'justin7591', 'jroman', 'jmm687', 'ljc397', 'megsglynn', 'msherer', 'szeng', 'kheidtman', 'jinaaapark', 'ncg662', 'lsapozhnik', 'ankim', 'pkwalsh', 'pmakar', 'aktanuku123', 'bcroone', 'ahsu', 'lahn', 'sahopki', 'rfeng', 'sbernstein', 'tdg146', 'adagostino', 'bmurphy', 'jjacobs', 'bjw587', 'gyoo', 'snahmad', 'garenas', 'ssb501', 'mma517']",4,"['mdixon', 'ans285', None, 'mgm719']",450,"['laurenjohnson49', 'devinmidura2013', 'nbrodnik', 'jcurrea', 'sidsingh', 'rbh659', 'benwoldy', 'jgobrial', 'hanhchido', 'fdeller', 'nkeane', 'lbowen', 'stephenformosa2013', 'ryyan10', 'ayz263', 'vforth', 'amattias', 'ylopez', 'anukala', 'yjeong', 'skulkarni', 'danielsalovesh2013', 'mmchu', 'mfeuer', 'sandrashi', 'carolineh128', 'benmogni5', 'copperbeech1', 'efh120', 'ctabit', 'jesusflores2013', 'zcarlsgaard', 'jaycoxkd', 'rlarrison', 'jrim', 'esmyth', 'msh114', 'pml698', 'slee1', 'trp786', 'abalaji', 'amasterton', 'mguerrero', 'tch480', 'dtuber', 'skathiravan', 'emoore', 'gdaniels', 'elizabethpaul15', 'mdixon', 'nohara', 'mrindler', 'atilley', 'espitzer', 'jsudo', 'katecavanaugh', 'shkim', 'dlieberman', 'clewis', 'dgu377', 'myt244', 'lgbeckerman', 'kfrimenko', 'kmichels', 'jlo236', 'lwspeedy13', 'mkwon', 'xdi770', 'jsf703', 'dbarstow', 'lwilson', 'stead', 'rlacey916', 'annedisabato', 'm0nchi3', 'cgeter', 'dli290', 'nfeinberg', 'apatel', 'agray', 'tomasmoreno15', 'mvw230', 'petersonkari1', 'bhe', 'slou', 'jkukral', 'nmo476', 'ans285', 'ashleygreenwell', 'robregon', 'klunkenheimer', 'lgao', 'awg442', 'cop630', 'mkan', 'ibengali', 'nyang121', 'chngnisbbgy', 'kbialka', 'rpenrod', 'con863', 'iceberge66', 'jbrownell', 'rsanders', 'abilski', 'hoh', 'mkm887', 'jhickman', 'esimonoff', 'lzb993', 'jgambino', 'rar606', 'davidharris2013', 'rad696', 'jgo391', 'ksuchun0822', 'ejen', 'hrt192', 'mta488', 'rhartley', 'jth456', 'rrawlani', 'ehevel', 'srb618', 'swe502', 'davidelutilo2013', 'akandabarow', 'sperkins', 'griffinkelly2013', 'snarla', 'apatel1', 'njs310', 'hwg331', 'mhernandez', 'jwilson', 'pcraig91', 'floucks', 'ajgriesemer', 'avantibadrinathan', 'kbertamus', 'kmb183', 'kpiscopo', 'jyoon', 'bkw708', 'dkh218', 'aki189', 'vchen314', 'mpaydar', 'nnoble', 'chloelogan2013', 'nsharma902', 'ewolff', 'bknickel', 'jlogan', 'ckerr', 'tamarwolinsky823', 'byu490', 'kkucybala', 'michaeltu', 'andys800', 'mculleen', 'rgruenhagen', 'mcraig', 'cruzkid77', 'bshen', 'esl550', 'rjulis', 'matt17na', 'nchan', 'shamyle', 'vjohnson', 'crork', 'starlight1109', 'solim2012', 'ara731', 'laurenweaver2013', 'sdestefano', 'agnanendran', 'twise', 'sal923', 'mpj458', 'blee', 'jocelyncooper2013', 'jhooker', 'jpkmufc', 'dam151', 'jott', 'ajennes', 'kpark', 'jbae2013', 'lem427', 'dng664', 'mjacobson', 'ryanconstantine', 'kkhambhati', 'itan', 'tac149', 'taehizzle', 'rkorkosz', 'cconsidine', 'hchoi', 'far107', 'mdaniels', 'ojamil', 'kerrykinney2013', 'jch399', 'yshin', 'rmanejwala', 'lmc653', 'jjahnke', 'angelaweng', 'chilgenbrinck', 'ekleiser', 'jpark', 'jmcilree', 'agomez', 'lchao', 'nattaylor', 'ajwong', 'mkim13', 'mscherer', 'mward7', 'masare', None, 'steven51188', 'wehrich', 'flenz', 'gstroh', 'cho', '09aross', 'jtang', 'hherzog', 'tds852', 'jessicayang', 'ejbauersfeld', 'tearles', 'evelazquez', 'cwebb13', 'kberning', 'llanford', 'car557', 'jonathanleibowitz2013', 'smin', 'bbauman', 'sga606', 'nicholasgoossen', 'cmartinez', 'oan397', 'dhan', 'jpaul', 'lwint', 'mkurtz', 'aho', 'mfilak', 'u2kn0wscylla', 'gmay', 'jkneeman', 'christinapai', 'rmg157', 'thoh13', 'ftalos', 'bdriscoll', 'andreahill', 'sblachmanbiatch', 'avelez', 'eyarnik', 'bsinnen', 'mpatrick', 'jwa624', 'mfalls', 'wagee', 'xwang123', 'dlk458', 'jyl695', 'meb346', 'aahmed2013', 'wks612', 'mweathered', 'kirmith39', 'autigre', 'acheng128', 'rsahai91', 'paigeann', 'danlee', 'hschwalbe', 'vchen', 'mkenny', 'dtang', 'spawar', 'hyzhang', 'bmangelson', 'spalley', 'jtroise', 'aag794', 'dcamacho', 'cdubreuil', 'idiloksuz2013', 'yzh387', 'aehawley', 'ssimmer', 'atowle', 'dlambson', 'ihasham', 'ahowes37', 'drg556', 'mreddick', 'mjo751', 'kha389', 'szhang', 'rstith', 'bwestlund', 'andrewma2013', 'creis', 'jchan', 'pjd414', 'kek507', 'chh671', 'sar808', 'shekharbhende', 'jsokolowski', 'ispivak', 'btaggart', 'tcarmona', 'led495', 'dhassani', 'nu_sev', 'nalvarez', 'rayyannajeeb2013', 'cblaha', 'grevis', 'ddpowell', 'ssefick', 'justinlueker', 'yahmad13', 'mhall', 'lackerman', 'dvanfleet', 'ems705', 'rdelacruz', 'raylee', 'harry080191', 'levariz', 'tashadrake2014', 'vmokhashi', 'kwakeling', 'mrs392', 'aturowski', 'codyschott2013', 'mrote13', 'ess954', 'gbushnell2013', 'msorett', 'amyers', 'luteyang91', 'mcornew', 'jkim140', 'jsimkowski', 'qentin', 'ecc944', 'jchapman', 'spatel', 'emattenson', 'janbarkalow2013', 'kviets', 'agallegos', 'sdv465', 'llisa1217', 'rasher', 'mmoore', 'ckadleck', 'jbae', 'kalcegueire0', 'ksingh', 'amatlock', 'smhong', 'ekahn', 'jjiang', 'sjewell', 'mmerkley', 'slhatch', 'elamberg', 'jham', 'tit329', 'gchung', 'colleenmoore', 'ysu897', 'melisgencturk', 'yayoza', 'awesley', 'jfinbloom', 'gracesu', 'blin', 'ipreston', 'kgrayson', 'vlyons', 'emmasters', 'yshim', 'mwang0511', 'larguelles', 'clairebear2820', 'brodsky18', 'jhumphrey', 'akaye', 'kber0233', 'devilsfan415', 'ntan', 'eeg314', 'rwhite', 'syanni', 'tbirschbach', 'ykw556', 'aja518', 'katieeilers', 'justin7591', 'jroman', 'jmm687', 'ljc397', 'megsglynn', 'msherer', 'szeng', 'mtobin', 'kheidtman', 'jinaaapark', 'ncg662', 'lsapozhnik', 'ankim', 'pkwalsh', 'pmakar', 'aktanuku123', 'bcroone', 'ahsu', 'lahn', 'dabaranji', 'dhughes', 'sahopki', 'rfeng', 'sbernstein', 'tdg146', 'adagostino', 'bmurphy', 'jjacobs', 'kumarvish', 'bjw587', 'gyoo', 'snahmad', 'garenas', 'ssb501', 'mgm719', 'mma517', 'mroseman']"
1,93,446,13,11,"['kumarvish', 'blin', 'llisa1217', 'rasher', 'jchapman', 'rjulis', 'cgeter', 'ispivak', 'apatel', 'jkneeman', 'petersonkari1']",435,"['laurenjohnson49', 'devinmidura2013', 'nbrodnik', 'jcurrea', 'sidsingh', 'rbh659', 'benwoldy', 'jgobrial', 'hanhchido', 'fdeller', 'nkeane', 'lbowen', 'stephenformosa2013', 'ryyan10', 'ayz263', 'vforth', 'amattias', 'ylopez', 'anukala', 'yjeong', 'skulkarni', 'danielsalovesh2013', 'mmchu', 'mfeuer', 'sandrashi', 'carolineh128', 'benmogni5', 'copperbeech1', 'efh120', 'ctabit', 'jesusflores2013', 'zcarlsgaard', 'jaycoxkd', 'rlarrison', 'jrim', 'esmyth', 'msh114', 'pml698', 'slee1', 'trp786', 'abalaji', 'amasterton', 'mguerrero', 'tch480', 'dtuber', 'skathiravan', 'emoore', 'gdaniels', 'elizabethpaul15', 'nohara', 'mrindler', 'atilley', 'espitzer', 'jsudo', 'katecavanaugh', 'shkim', 'dlieberman', 'clewis', 'dgu377', 'myt244', 'lgbeckerman', 'kfrimenko', 'kmichels', 'jlo236', 'lwspeedy13', 'mkwon', 'xdi770', 'jsf703', 'dbarstow', 'lwilson', 'stead', 'rlacey916', 'annedisabato', 'm0nchi3', 'dli290', 'nfeinberg', 'agray', 'tomasmoreno15', 'mvw230', 'bhe', 'slou', 'jkukral', 'nmo476', 'ashleygreenwell', 'robregon', 'klunkenheimer', 'lgao', 'awg442', 'cop630', 'mkan', 'ibengali', 'nyang121', 'chngnisbbgy', 'kbialka', 'rpenrod', 'con863', 'iceberge66', 'jbrownell', 'rsanders', 'abilski', 'hoh', 'mkm887', 'jhickman', 'esimonoff', 'lzb993', 'jgambino', 'rar606', 'davidharris2013', 'rad696', 'jgo391', 'ksuchun0822', 'ejen', 'hrt192', 'mta488', 'rhartley', 'jth456', 'rrawlani', 'ehevel', 'srb618', 'swe502', 'davidelutilo2013', 'akandabarow', 'sperkins', 'griffinkelly2013', 'snarla', 'apatel1', 'njs310', 'hwg331', 'mhernandez', 'jwilson', 'pcraig91', 'floucks', 'ajgriesemer', 'avantibadrinathan', 'kbertamus', 'kmb183', 'kpiscopo', 'jyoon', 'bkw708', 'dkh218', 'aki189', 'vchen314', 'mpaydar', 'nnoble', 'chloelogan2013', 'nsharma902', 'ewolff', 'bknickel', 'jlogan', 'ckerr', 'tamarwolinsky823', 'byu490', 'kkucybala', 'michaeltu', 'andys800', 'mculleen', 'rgruenhagen', 'mcraig', 'cruzkid77', 'bshen', 'esl550', 'matt17na', 'nchan', 'shamyle', 'vjohnson', 'crork', 'starlight1109', 'solim2012', 'ara731', 'laurenweaver2013', 'sdestefano', 'agnanendran', 'twise', 'sal923', 'mpj458', 'blee', 'jocelyncooper2013', 'jhooker', 'jpkmufc', 'dam151', 'jott', 'ajennes', 'kpark', 'jbae2013', 'lem427', 'dng664', 'mjacobson', 'ryanconstantine', 'kkhambhati', 'itan', 'tac149', 'taehizzle', 'rkorkosz', 'cconsidine', 'hchoi', 'far107', 'mdaniels', 'ojamil', 'kerrykinney2013', 'jch399', 'yshin', 'rmanejwala', 'lmc653', 'jjahnke', 'angelaweng', 'chilgenbrinck', 'ekleiser', 'jpark', 'jmcilree', 'agomez', 'lchao', 'nattaylor', 'ajwong', 'mkim13', 'mscherer', 'mward7', 'masare', 'steven51188', 'wehrich', 'flenz', 'gstroh', 'cho', '09aross', 'jtang', 'hherzog', 'tds852', 'jessicayang', 'ejbauersfeld', 'tearles', 'evelazquez', 'cwebb13', 'kberning', 'llanford', 'car557', 'jonathanleibowitz2013', 'smin', 'bbauman', 'sga606', 'nicholasgoossen', 'cmartinez', 'oan397', 'dhan', 'jpaul', 'lwint', 'mkurtz', 'aho', 'mfilak', 'u2kn0wscylla', 'gmay', 'christinapai', 'rmg157', 'thoh13', 'ftalos', 'bdriscoll', 'andreahill', 'sblachmanbiatch', 'avelez', 'eyarnik', 'bsinnen', 'mpatrick', 'jwa624', 'mfalls', 'wagee', 'xwang123', 'dlk458', 'jyl695', 'meb346', 'aahmed2013', 'wks612', 'mweathered', 'kirmith39', 'autigre', 'acheng128', 'rsahai91', 'paigeann', 'danlee', 'hschwalbe', 'vchen', 'mkenny', 'dtang', 'spawar', 'hyzhang', 'bmangelson', 'spalley', 'jtroise', 'aag794', 'dcamacho', 'cdubreuil', 'idiloksuz2013', 'yzh387', 'aehawley', 'ssimmer', 'atowle', 'dlambson', 'ihasham', 'ahowes37', 'drg556', 'mreddick', 'mjo751', 'kha389', 'szhang', 'rstith', 'bwestlund', 'andrewma2013', 'creis', 'jchan', 'pjd414', 'kek507', 'chh671', 'sar808', 'shekharbhende', 'jsokolowski', 'btaggart', 'tcarmona', 'led495', 'dhassani', 'nu_sev', 'nalvarez', 'rayyannajeeb2013', 'cblaha', 'grevis', 'ddpowell', 'ssefick', 'justinlueker', 'yahmad13', 'mhall', 'lackerman', 'dvanfleet', 'ems705', 'rdelacruz', 'raylee', 'harry080191', 'levariz', 'tashadrake2014', 'vmokhashi', 'kwakeling', 'mrs392', 'aturowski', 'codyschott2013', 'mrote13', 'ess954', 'gbushnell2013', 'msorett', 'amyers', 'luteyang91', 'mcornew', 'jkim140', 'jsimkowski', 'qentin', 'ecc944', 'spatel', 'emattenson', 'janbarkalow2013', 'kviets', 'agallegos', 'sdv465', 'mmoore', 'ckadleck', 'jbae', 'kalcegueire0', 'ksingh', 'amatlock', 'smhong', 'ekahn', 'jjiang', 'sjewell', 'mmerkley', 'slhatch', 'elamberg', 'jham', 'tit329', 'gchung', 'colleenmoore', 'ysu897', 'melisgencturk', 'yayoza', 'awesley', 'jfinbloom', 'gracesu', 'ipreston', 'kgrayson', 'vlyons', 'emmasters', 'yshim', 'mwang0511', 'larguelles', 'clairebear2820', 'brodsky18', 'jhumphrey', 'akaye', 'kber0233', 'devilsfan415', 'ntan', 'eeg314', 'rwhite', 'syanni', 'tbirschbach', 'ykw556', 'aja518', 'katieeilers', 'justin7591', 'jroman', 'jmm687', 'ljc397', 'megsglynn', 'msherer', 'szeng', 'mtobin', 'kheidtman', 'jinaaapark', 'ncg662', 'lsapozhnik', 'ankim', 'pkwalsh', 'pmakar', 'aktanuku123', 'bcroone', 'ahsu', 'lahn', 'dabaranji', 'dhughes', 'sahopki', 'rfeng', 'sbernstein', 'tdg146', 'adagostino', 'bmurphy', 'jjacobs', 'bjw587', 'gyoo', 'snahmad', 'garenas', 'ssb501', 'mma517', 'mroseman']",2,"['ans285', None]",448,"['laurenjohnson49', 'devinmidura2013', 'nbrodnik', 'jcurrea', 'sidsingh', 'rbh659', 'benwoldy', 'jgobrial', 'hanhchido', 'fdeller', 'nkeane', 'lbowen', 'stephenformosa2013', 'ryyan10', 'ayz263', 'vforth', 'amattias', 'ylopez', 'anukala', 'yjeong', 'skulkarni', 'danielsalovesh2013', 'mmchu', 'mfeuer', 'sandrashi', 'carolineh128', 'benmogni5', 'copperbeech1', 'efh120', 'ctabit', 'jesusflores2013', 'zcarlsgaard', 'jaycoxkd', 'rlarrison', 'jrim', 'esmyth', 'msh114', 'pml698', 'slee1', 'trp786', 'abalaji', 'amasterton', 'mguerrero', 'tch480', 'dtuber', 'skathiravan', 'emoore', 'gdaniels', 'elizabethpaul15', 'nohara', 'mrindler', 'atilley', 'espitzer', 'jsudo', 'katecavanaugh', 'shkim', 'dlieberman', 'clewis', 'dgu377', 'myt244', 'lgbeckerman', 'kfrimenko', 'kmichels', 'jlo236', 'lwspeedy13', 'mkwon', 'xdi770', 'jsf703', 'dbarstow', 'lwilson', 'stead', 'rlacey916', 'annedisabato', 'm0nchi3', 'cgeter', 'dli290', 'nfeinberg', 'apatel', 'agray', 'tomasmoreno15', 'mvw230', 'petersonkari1', 'bhe', 'slou', 'jkukral', 'nmo476', 'ans285', 'ashleygreenwell', 'robregon', 'klunkenheimer', 'lgao', 'awg442', 'cop630', 'mkan', 'ibengali', 'nyang121', 'chngnisbbgy', 'kbialka', 'rpenrod', 'con863', 'iceberge66', 'jbrownell', 'rsanders', 'abilski', 'hoh', 'mkm887', 'jhickman', 'esimonoff', 'lzb993', 'jgambino', 'rar606', 'davidharris2013', 'rad696', 'jgo391', 'ksuchun0822', 'ejen', 'hrt192', 'mta488', 'rhartley', 'jth456', 'rrawlani', 'ehevel', 'srb618', 'swe502', 'davidelutilo2013', 'akandabarow', 'sperkins', 'griffinkelly2013', 'snarla', 'apatel1', 'njs310', 'hwg331', 'mhernandez', 'jwilson', 'pcraig91', 'floucks', 'ajgriesemer', 'avantibadrinathan', 'kbertamus', 'kmb183', 'kpiscopo', 'jyoon', 'bkw708', 'dkh218', 'aki189', 'vchen314', 'mpaydar', 'nnoble', 'chloelogan2013', 'nsharma902', 'ewolff', 'bknickel', 'jlogan', 'ckerr', 'tamarwolinsky823', 'byu490', 'kkucybala', 'michaeltu', 'andys800', 'mculleen', 'rgruenhagen', 'mcraig', 'cruzkid77', 'bshen', 'esl550', 'rjulis', 'matt17na', 'nchan', 'shamyle', 'vjohnson', 'crork', 'starlight1109', 'solim2012', 'ara731', 'laurenweaver2013', 'sdestefano', 'agnanendran', 'twise', 'sal923', 'mpj458', 'blee', 'jocelyncooper2013', 'jhooker', 'jpkmufc', 'dam151', 'jott', 'ajennes', 'kpark', 'jbae2013', 'lem427', 'dng664', 'mjacobson', 'ryanconstantine', 'kkhambhati', 'itan', 'tac149', 'taehizzle', 'rkorkosz', 'cconsidine', 'hchoi', 'far107', 'mdaniels', 'ojamil', 'kerrykinney2013', 'jch399', 'yshin', 'rmanejwala', 'lmc653', 'jjahnke', 'angelaweng', 'chilgenbrinck', 'ekleiser', 'jpark', 'jmcilree', 'agomez', 'lchao', 'nattaylor', 'ajwong', 'mkim13', 'mscherer', 'mward7', 'masare', None, 'steven51188', 'wehrich', 'flenz', 'gstroh', 'cho', '09aross', 'jtang', 'hherzog', 'tds852', 'jessicayang', 'ejbauersfeld', 'tearles', 'evelazquez', 'cwebb13', 'kberning', 'llanford', 'car557', 'jonathanleibowitz2013', 'smin', 'bbauman', 'sga606', 'nicholasgoossen', 'cmartinez', 'oan397', 'dhan', 'jpaul', 'lwint', 'mkurtz', 'aho', 'mfilak', 'u2kn0wscylla', 'gmay', 'jkneeman', 'christinapai', 'rmg157', 'thoh13', 'ftalos', 'bdriscoll', 'andreahill', 'sblachmanbiatch', 'avelez', 'eyarnik', 'bsinnen', 'mpatrick', 'jwa624', 'mfalls', 'wagee', 'xwang123', 'dlk458', 'jyl695', 'meb346', 'aahmed2013', 'wks612', 'mweathered', 'kirmith39', 'autigre', 'acheng128', 'rsahai91', 'paigeann', 'danlee', 'hschwalbe', 'vchen', 'mkenny', 'dtang', 'spawar', 'hyzhang', 'bmangelson', 'spalley', 'jtroise', 'aag794', 'dcamacho', 'cdubreuil', 'idiloksuz2013', 'yzh387', 'aehawley', 'ssimmer', 'atowle', 'dlambson', 'ihasham', 'ahowes37', 'drg556', 'mreddick', 'mjo751', 'kha389', 'szhang', 'rstith', 'bwestlund', 'andrewma2013', 'creis', 'jchan', 'pjd414', 'kek507', 'chh671', 'sar808', 'shekharbhende', 'jsokolowski', 'ispivak', 'btaggart', 'tcarmona', 'led495', 'dhassani', 'nu_sev', 'nalvarez', 'rayyannajeeb2013', 'cblaha', 'grevis', 'ddpowell', 'ssefick', 'justinlueker', 'yahmad13', 'mhall', 'lackerman', 'dvanfleet', 'ems705', 'rdelacruz', 'raylee', 'harry080191', 'levariz', 'tashadrake2014', 'vmokhashi', 'kwakeling', 'mrs392', 'aturowski', 'codyschott2013', 'mrote13', 'ess954', 'gbushnell2013', 'msorett', 'amyers', 'luteyang91', 'mcornew', 'jkim140', 'jsimkowski', 'qentin', 'ecc944', 'jchapman', 'spatel', 'emattenson', 'janbarkalow2013', 'kviets', 'agallegos', 'sdv465', 'llisa1217', 'rasher', 'mmoore', 'ckadleck', 'jbae', 'kalcegueire0', 'ksingh', 'amatlock', 'smhong', 'ekahn', 'jjiang', 'sjewell', 'mmerkley', 'slhatch', 'elamberg', 'jham', 'tit329', 'gchung', 'colleenmoore', 'ysu897', 'melisgencturk', 'yayoza', 'awesley', 'jfinbloom', 'gracesu', 'blin', 'ipreston', 'kgrayson', 'vlyons', 'emmasters', 'yshim', 'mwang0511', 'larguelles', 'clairebear2820', 'brodsky18', 'jhumphrey', 'akaye', 'kber0233', 'devilsfan415', 'ntan', 'eeg314', 'rwhite', 'syanni', 'tbirschbach', 'ykw556', 'aja518', 'katieeilers', 'justin7591', 'jroman', 'jmm687', 'ljc397', 'megsglynn', 'msherer', 'szeng', 'mtobin', 'kheidtman', 'jinaaapark', 'ncg662', 'lsapozhnik', 'ankim', 'pkwalsh', 'pmakar', 'aktanuku123', 'bcroone', 'ahsu', 'lahn', 'dabaranji', 'dhughes', 'sahopki', 'rfeng', 'sbernstein', 'tdg146', 'adagostino', 'bmurphy', 'jjacobs', 'kumarvish', 'bjw587', 'gyoo', 'snahmad', 'garenas', 'ssb501', 'mma517', 'mroseman']"
1,118,446,12,11,"['thoh13', 'llisa1217', 'ajennes', 'pkwalsh', 'tashadrake2014', 'mmoore', 'dhughes', 'larguelles', 'mtobin', 'slee1', 'sdv465']",435,"['laurenjohnson49', 'devinmidura2013', 'nbrodnik', 'jcurrea', 'sidsingh', 'rbh659', 'benwoldy', 'jgobrial', 'hanhchido', 'fdeller', 'nkeane', 'lbowen', 'stephenformosa2013', 'ryyan10', 'ayz263', 'vforth', 'amattias', 'ylopez', 'anukala', 'yjeong', 'skulkarni', 'danielsalovesh2013', 'mmchu', 'mfeuer', 'sandrashi', 'carolineh128', 'benmogni5', 'copperbeech1', 'efh120', 'ctabit', 'jesusflores2013', 'zcarlsgaard', 'jaycoxkd', 'rlarrison', 'jrim', 'esmyth', 'msh114', 'pml698', 'trp786', 'abalaji', 'amasterton', 'mguerrero', 'tch480', 'dtuber', 'skathiravan', 'emoore', 'gdaniels', 'elizabethpaul15', 'nohara', 'mrindler', 'atilley', 'espitzer', 'jsudo', 'katecavanaugh', 'shkim', 'dlieberman', 'clewis', 'dgu377', 'myt244', 'lgbeckerman', 'kfrimenko', 'kmichels', 'jlo236', 'lwspeedy13', 'mkwon', 'xdi770', 'jsf703', 'dbarstow', 'lwilson', 'stead', 'rlacey916', 'annedisabato', 'm0nchi3', 'cgeter', 'dli290', 'nfeinberg', 'apatel', 'agray', 'tomasmoreno15', 'mvw230', 'petersonkari1', 'bhe', 'slou', 'jkukral', 'nmo476', 'ashleygreenwell', 'robregon', 'klunkenheimer', 'lgao', 'awg442', 'cop630', 'mkan', 'ibengali', 'nyang121', 'chngnisbbgy', 'kbialka', 'rpenrod', 'con863', 'iceberge66', 'jbrownell', 'rsanders', 'abilski', 'hoh', 'mkm887', 'jhickman', 'esimonoff', 'lzb993', 'jgambino', 'rar606', 'davidharris2013', 'rad696', 'jgo391', 'ksuchun0822', 'ejen', 'hrt192', 'mta488', 'rhartley', 'jth456', 'rrawlani', 'ehevel', 'srb618', 'swe502', 'davidelutilo2013', 'akandabarow', 'sperkins', 'griffinkelly2013', 'snarla', 'apatel1', 'njs310', 'hwg331', 'mhernandez', 'jwilson', 'pcraig91', 'floucks', 'ajgriesemer', 'avantibadrinathan', 'kbertamus', 'kmb183', 'kpiscopo', 'jyoon', 'bkw708', 'dkh218', 'aki189', 'vchen314', 'mpaydar', 'nnoble', 'chloelogan2013', 'nsharma902', 'ewolff', 'bknickel', 'jlogan', 'ckerr', 'tamarwolinsky823', 'byu490', 'kkucybala', 'michaeltu', 'andys800', 'mculleen', 'rgruenhagen', 'mcraig', 'cruzkid77', 'bshen', 'esl550', 'rjulis', 'matt17na', 'nchan', 'shamyle', 'vjohnson', 'crork', 'starlight1109', 'solim2012', 'ara731', 'laurenweaver2013', 'sdestefano', 'agnanendran', 'twise', 'sal923', 'mpj458', 'blee', 'jocelyncooper2013', 'jhooker', 'jpkmufc', 'dam151', 'jott', 'kpark', 'jbae2013', 'lem427', 'dng664', 'mjacobson', 'ryanconstantine', 'kkhambhati', 'itan', 'tac149', 'taehizzle', 'rkorkosz', 'cconsidine', 'hchoi', 'far107', 'mdaniels', 'ojamil', 'kerrykinney2013', 'jch399', 'yshin', 'rmanejwala', 'lmc653', 'jjahnke', 'angelaweng', 'chilgenbrinck', 'ekleiser', 'jpark', 'jmcilree', 'agomez', 'lchao', 'nattaylor', 'ajwong', 'mkim13', 'mscherer', 'mward7', 'masare', 'steven51188', 'wehrich', 'flenz', 'gstroh', 'cho', '09aross', 'jtang', 'hherzog', 'tds852', 'jessicayang', 'ejbauersfeld', 'tearles', 'evelazquez', 'cwebb13', 'kberning', 'llanford', 'car557', 'jonathanleibowitz2013', 'smin', 'bbauman', 'sga606', 'nicholasgoossen', 'cmartinez', 'oan397', 'dhan', 'jpaul', 'lwint', 'mkurtz', 'aho', 'mfilak', 'u2kn0wscylla', 'gmay', 'jkneeman', 'christinapai', 'rmg157', 'ftalos', 'bdriscoll', 'andreahill', 'sblachmanbiatch', 'avelez', 'eyarnik', 'bsinnen', 'mpatrick', 'jwa624', 'mfalls', 'wagee', 'xwang123', 'dlk458', 'jyl695', 'meb346', 'aahmed2013', 'wks612', 'mweathered', 'kirmith39', 'autigre', 'acheng128', 'rsahai91', 'paigeann', 'danlee', 'hschwalbe', 'vchen', 'mkenny', 'dtang', 'spawar', 'hyzhang', 'bmangelson', 'spalley', 'jtroise', 'aag794', 'dcamacho', 'cdubreuil', 'idiloksuz2013', 'yzh387', 'aehawley', 'ssimmer', 'atowle', 'dlambson', 'ihasham', 'ahowes37', 'drg556', 'mreddick', 'mjo751', 'kha389', 'szhang', 'rstith', 'bwestlund', 'andrewma2013', 'creis', 'jchan', 'pjd414', 'kek507', 'chh671', 'sar808', 'shekharbhende', 'jsokolowski', 'ispivak', 'btaggart', 'tcarmona', 'led495', 'dhassani', 'nu_sev', 'nalvarez', 'rayyannajeeb2013', 'cblaha', 'grevis', 'ddpowell', 'ssefick', 'justinlueker', 'yahmad13', 'mhall', 'lackerman', 'dvanfleet', 'ems705', 'rdelacruz', 'raylee', 'harry080191', 'levariz', 'vmokhashi', 'kwakeling', 'mrs392', 'aturowski', 'codyschott2013', 'mrote13', 'ess954', 'gbushnell2013', 'msorett', 'amyers', 'luteyang91', 'mcornew', 'jkim140', 'jsimkowski', 'qentin', 'ecc944', 'jchapman', 'spatel', 'emattenson', 'janbarkalow2013', 'kviets', 'agallegos', 'rasher', 'ckadleck', 'jbae', 'kalcegueire0', 'ksingh', 'amatlock', 'smhong', 'ekahn', 'jjiang', 'sjewell', 'mmerkley', 'slhatch', 'elamberg', 'jham', 'tit329', 'gchung', 'colleenmoore', 'ysu897', 'melisgencturk', 'yayoza', 'awesley', 'jfinbloom', 'gracesu', 'blin', 'ipreston', 'kgrayson', 'vlyons', 'emmasters', 'yshim', 'mwang0511', 'clairebear2820', 'brodsky18', 'jhumphrey', 'akaye', 'kber0233', 'devilsfan415', 'ntan', 'eeg314', 'rwhite', 'syanni', 'tbirschbach', 'ykw556', 'aja518', 'katieeilers', 'justin7591', 'jroman', 'jmm687', 'ljc397', 'megsglynn', 'msherer', 'szeng', 'kheidtman', 'jinaaapark', 'ncg662', 'lsapozhnik', 'ankim', 'pmakar', 'aktanuku123', 'bcroone', 'ahsu', 'lahn', 'dabaranji', 'sahopki', 'rfeng', 'sbernstein', 'tdg146', 'adagostino', 'bmurphy', 'jjacobs', 'kumarvish', 'bjw587', 'gyoo', 'snahmad', 'garenas', 'ssb501', 'mma517', 'mroseman']",1,[None],447,"['laurenjohnson49', 'devinmidura2013', 'nbrodnik', 'jcurrea', 'sidsingh', 'rbh659', 'benwoldy', 'jgobrial', 'hanhchido', 'fdeller', 'nkeane', 'lbowen', 'stephenformosa2013', 'ryyan10', 'ayz263', 'vforth', 'amattias', 'ylopez', 'anukala', 'yjeong', 'skulkarni', 'danielsalovesh2013', 'mmchu', 'mfeuer', 'sandrashi', 'carolineh128', 'benmogni5', 'copperbeech1', 'efh120', 'ctabit', 'jesusflores2013', 'zcarlsgaard', 'jaycoxkd', 'rlarrison', 'jrim', 'esmyth', 'msh114', 'pml698', 'slee1', 'trp786', 'abalaji', 'amasterton', 'mguerrero', 'tch480', 'dtuber', 'skathiravan', 'emoore', 'gdaniels', 'elizabethpaul15', 'nohara', 'mrindler', 'atilley', 'espitzer', 'jsudo', 'katecavanaugh', 'shkim', 'dlieberman', 'clewis', 'dgu377', 'myt244', 'lgbeckerman', 'kfrimenko', 'kmichels', 'jlo236', 'lwspeedy13', 'mkwon', 'xdi770', 'jsf703', 'dbarstow', 'lwilson', 'stead', 'rlacey916', 'annedisabato', 'm0nchi3', 'cgeter', 'dli290', 'nfeinberg', 'apatel', 'agray', 'tomasmoreno15', 'mvw230', 'petersonkari1', 'bhe', 'slou', 'jkukral', 'nmo476', 'ashleygreenwell', 'robregon', 'klunkenheimer', 'lgao', 'awg442', 'cop630', 'mkan', 'ibengali', 'nyang121', 'chngnisbbgy', 'kbialka', 'rpenrod', 'con863', 'iceberge66', 'jbrownell', 'rsanders', 'abilski', 'hoh', 'mkm887', 'jhickman', 'esimonoff', 'lzb993', 'jgambino', 'rar606', 'davidharris2013', 'rad696', 'jgo391', 'ksuchun0822', 'ejen', 'hrt192', 'mta488', 'rhartley', 'jth456', 'rrawlani', 'ehevel', 'srb618', 'swe502', 'davidelutilo2013', 'akandabarow', 'sperkins', 'griffinkelly2013', 'snarla', 'apatel1', 'njs310', 'hwg331', 'mhernandez', 'jwilson', 'pcraig91', 'floucks', 'ajgriesemer', 'avantibadrinathan', 'kbertamus', 'kmb183', 'kpiscopo', 'jyoon', 'bkw708', 'dkh218', 'aki189', 'vchen314', 'mpaydar', 'nnoble', 'chloelogan2013', 'nsharma902', 'ewolff', 'bknickel', 'jlogan', 'ckerr', 'tamarwolinsky823', 'byu490', 'kkucybala', 'michaeltu', 'andys800', 'mculleen', 'rgruenhagen', 'mcraig', 'cruzkid77', 'bshen', 'esl550', 'rjulis', 'matt17na', 'nchan', 'shamyle', 'vjohnson', 'crork', 'starlight1109', 'solim2012', 'ara731', 'laurenweaver2013', 'sdestefano', 'agnanendran', 'twise', 'sal923', 'mpj458', 'blee', 'jocelyncooper2013', 'jhooker', 'jpkmufc', 'dam151', 'jott', 'ajennes', 'kpark', 'jbae2013', 'lem427', 'dng664', 'mjacobson', 'ryanconstantine', 'kkhambhati', 'itan', 'tac149', 'taehizzle', 'rkorkosz', 'cconsidine', 'hchoi', 'far107', 'mdaniels', 'ojamil', 'kerrykinney2013', 'jch399', 'yshin', 'rmanejwala', 'lmc653', 'jjahnke', 'angelaweng', 'chilgenbrinck', 'ekleiser', 'jpark', 'jmcilree', 'agomez', 'lchao', 'nattaylor', 'ajwong', 'mkim13', 'mscherer', 'mward7', 'masare', None, 'steven51188', 'wehrich', 'flenz', 'gstroh', 'cho', '09aross', 'jtang', 'hherzog', 'tds852', 'jessicayang', 'ejbauersfeld', 'tearles', 'evelazquez', 'cwebb13', 'kberning', 'llanford', 'car557', 'jonathanleibowitz2013', 'smin', 'bbauman', 'sga606', 'nicholasgoossen', 'cmartinez', 'oan397', 'dhan', 'jpaul', 'lwint', 'mkurtz', 'aho', 'mfilak', 'u2kn0wscylla', 'gmay', 'jkneeman', 'christinapai', 'rmg157', 'thoh13', 'ftalos', 'bdriscoll', 'andreahill', 'sblachmanbiatch', 'avelez', 'eyarnik', 'bsinnen', 'mpatrick', 'jwa624', 'mfalls', 'wagee', 'xwang123', 'dlk458', 'jyl695', 'meb346', 'aahmed2013', 'wks612', 'mweathered', 'kirmith39', 'autigre', 'acheng128', 'rsahai91', 'paigeann', 'danlee', 'hschwalbe', 'vchen', 'mkenny', 'dtang', 'spawar', 'hyzhang', 'bmangelson', 'spalley', 'jtroise', 'aag794', 'dcamacho', 'cdubreuil', 'idiloksuz2013', 'yzh387', 'aehawley', 'ssimmer', 'atowle', 'dlambson', 'ihasham', 'ahowes37', 'drg556', 'mreddick', 'mjo751', 'kha389', 'szhang', 'rstith', 'bwestlund', 'andrewma2013', 'creis', 'jchan', 'pjd414', 'kek507', 'chh671', 'sar808', 'shekharbhende', 'jsokolowski', 'ispivak', 'btaggart', 'tcarmona', 'led495', 'dhassani', 'nu_sev', 'nalvarez', 'rayyannajeeb2013', 'cblaha', 'grevis', 'ddpowell', 'ssefick', 'justinlueker', 'yahmad13', 'mhall', 'lackerman', 'dvanfleet', 'ems705', 'rdelacruz', 'raylee', 'harry080191', 'levariz', 'tashadrake2014', 'vmokhashi', 'kwakeling', 'mrs392', 'aturowski', 'codyschott2013', 'mrote13', 'ess954', 'gbushnell2013', 'msorett', 'amyers', 'luteyang91', 'mcornew', 'jkim140', 'jsimkowski', 'qentin', 'ecc944', 'jchapman', 'spatel', 'emattenson', 'janbarkalow2013', 'kviets', 'agallegos', 'sdv465', 'llisa1217', 'rasher', 'mmoore', 'ckadleck', 'jbae', 'kalcegueire0', 'ksingh', 'amatlock', 'smhong', 'ekahn', 'jjiang', 'sjewell', 'mmerkley', 'slhatch', 'elamberg', 'jham', 'tit329', 'gchung', 'colleenmoore', 'ysu897', 'melisgencturk', 'yayoza', 'awesley', 'jfinbloom', 'gracesu', 'blin', 'ipreston', 'kgrayson', 'vlyons', 'emmasters', 'yshim', 'mwang0511', 'larguelles', 'clairebear2820', 'brodsky18', 'jhumphrey', 'akaye', 'kber0233', 'devilsfan415', 'ntan', 'eeg314', 'rwhite', 'syanni', 'tbirschbach', 'ykw556', 'aja518', 'katieeilers', 'justin7591', 'jroman', 'jmm687', 'ljc397', 'megsglynn', 'msherer', 'szeng', 'mtobin', 'kheidtman', 'jinaaapark', 'ncg662', 'lsapozhnik', 'ankim', 'pkwalsh', 'pmakar', 'aktanuku123', 'bcroone', 'ahsu', 'lahn', 'dabaranji', 'dhughes', 'sahopki', 'rfeng', 'sbernstein', 'tdg146', 'adagostino', 'bmurphy', 'jjacobs', 'kumarvish', 'bjw587', 'gyoo', 'snahmad', 'garenas', 'ssb501', 'mma517', 'mroseman']"
1,95,446,11,8,"['abilski', 'andreahill', 'jch399', 'ckadleck', 'car557', 'itan', 'dcamacho', 'cruzkid77']",438,"['laurenjohnson49', 'devinmidura2013', 'nbrodnik', 'jcurrea', 'sidsingh', 'rbh659', 'benwoldy', 'jgobrial', 'hanhchido', 'fdeller', 'nkeane', 'lbowen', 'stephenformosa2013', 'ryyan10', 'ayz263', 'vforth', 'amattias', 'ylopez', 'anukala', 'yjeong', 'skulkarni', 'danielsalovesh2013', 'mmchu', 'mfeuer', 'sandrashi', 'carolineh128', 'benmogni5', 'copperbeech1', 'efh120', 'ctabit', 'jesusflores2013', 'zcarlsgaard', 'jaycoxkd', 'rlarrison', 'jrim', 'esmyth', 'msh114', 'pml698', 'slee1', 'trp786', 'abalaji', 'amasterton', 'mguerrero', 'tch480', 'dtuber', 'skathiravan', 'emoore', 'gdaniels', 'elizabethpaul15', 'nohara', 'mrindler', 'atilley', 'espitzer', 'jsudo', 'katecavanaugh', 'shkim', 'dlieberman', 'clewis', 'dgu377', 'myt244', 'lgbeckerman', 'kfrimenko', 'kmichels', 'jlo236', 'lwspeedy13', 'mkwon', 'xdi770', 'jsf703', 'dbarstow', 'lwilson', 'stead', 'rlacey916', 'annedisabato', 'm0nchi3', 'cgeter', 'dli290', 'nfeinberg', 'apatel', 'agray', 'tomasmoreno15', 'mvw230', 'petersonkari1', 'bhe', 'slou', 'jkukral', 'nmo476', 'ashleygreenwell', 'robregon', 'klunkenheimer', 'lgao', 'awg442', 'cop630', 'mkan', 'ibengali', 'nyang121', 'chngnisbbgy', 'kbialka', 'rpenrod', 'con863', 'iceberge66', 'jbrownell', 'rsanders', 'hoh', 'mkm887', 'jhickman', 'esimonoff', 'lzb993', 'jgambino', 'rar606', 'davidharris2013', 'rad696', 'jgo391', 'ksuchun0822', 'ejen', 'hrt192', 'mta488', 'rhartley', 'jth456', 'rrawlani', 'ehevel', 'srb618', 'swe502', 'davidelutilo2013', 'akandabarow', 'sperkins', 'griffinkelly2013', 'snarla', 'apatel1', 'njs310', 'hwg331', 'mhernandez', 'jwilson', 'pcraig91', 'floucks', 'ajgriesemer', 'avantibadrinathan', 'kbertamus', 'kmb183', 'kpiscopo', 'jyoon', 'bkw708', 'dkh218', 'aki189', 'vchen314', 'mpaydar', 'nnoble', 'chloelogan2013', 'nsharma902', 'ewolff', 'bknickel', 'jlogan', 'ckerr', 'tamarwolinsky823', 'byu490', 'kkucybala', 'michaeltu', 'andys800', 'mculleen', 'rgruenhagen', 'mcraig', 'bshen', 'esl550', 'rjulis', 'matt17na', 'nchan', 'shamyle', 'vjohnson', 'crork', 'starlight1109', 'solim2012', 'ara731', 'laurenweaver2013', 'sdestefano', 'agnanendran', 'twise', 'sal923', 'mpj458', 'blee', 'jocelyncooper2013', 'jhooker', 'jpkmufc', 'dam151', 'jott', 'ajennes', 'kpark', 'jbae2013', 'lem427', 'dng664', 'mjacobson', 'ryanconstantine', 'kkhambhati', 'tac149', 'taehizzle', 'rkorkosz', 'cconsidine', 'hchoi', 'far107', 'mdaniels', 'ojamil', 'kerrykinney2013', 'yshin', 'rmanejwala', 'lmc653', 'jjahnke', 'angelaweng', 'chilgenbrinck', 'ekleiser', 'jpark', 'jmcilree', 'agomez', 'lchao', 'nattaylor', 'ajwong', 'mkim13', 'mscherer', 'mward7', 'masare', 'steven51188', 'wehrich', 'flenz', 'gstroh', 'cho', '09aross', 'jtang', 'hherzog', 'tds852', 'jessicayang', 'ejbauersfeld', 'tearles', 'evelazquez', 'cwebb13', 'kberning', 'llanford', 'jonathanleibowitz2013', 'smin', 'bbauman', 'sga606', 'nicholasgoossen', 'cmartinez', 'oan397', 'dhan', 'jpaul', 'lwint', 'mkurtz', 'aho', 'mfilak', 'u2kn0wscylla', 'gmay', 'jkneeman', 'christinapai', 'rmg157', 'thoh13', 'ftalos', 'bdriscoll', 'sblachmanbiatch', 'avelez', 'eyarnik', 'bsinnen', 'mpatrick', 'jwa624', 'mfalls', 'wagee', 'xwang123', 'dlk458', 'jyl695', 'meb346', 'aahmed2013', 'wks612', 'mweathered', 'kirmith39', 'autigre', 'acheng128', 'rsahai91', 'paigeann', 'danlee', 'hschwalbe', 'vchen', 'mkenny', 'dtang', 'spawar', 'hyzhang', 'bmangelson', 'spalley', 'jtroise', 'aag794', 'cdubreuil', 'idiloksuz2013', 'yzh387', 'aehawley', 'ssimmer', 'atowle', 'dlambson', 'ihasham', 'ahowes37', 'drg556', 'mreddick', 'mjo751', 'kha389', 'szhang', 'rstith', 'bwestlund', 'andrewma2013', 'creis', 'jchan', 'pjd414', 'kek507', 'chh671', 'sar808', 'shekharbhende', 'jsokolowski', 'ispivak', 'btaggart', 'tcarmona', 'led495', 'dhassani', 'nu_sev', 'nalvarez', 'rayyannajeeb2013', 'cblaha', 'grevis', 'ddpowell', 'ssefick', 'justinlueker', 'yahmad13', 'mhall', 'lackerman', 'dvanfleet', 'ems705', 'rdelacruz', 'raylee', 'harry080191', 'levariz', 'tashadrake2014', 'vmokhashi', 'kwakeling', 'mrs392', 'aturowski', 'codyschott2013', 'mrote13', 'ess954', 'gbushnell2013', 'msorett', 'amyers', 'luteyang91', 'mcornew', 'jkim140', 'jsimkowski', 'qentin', 'ecc944', 'jchapman', 'spatel', 'emattenson', 'janbarkalow2013', 'kviets', 'agallegos', 'sdv465', 'llisa1217', 'rasher', 'mmoore', 'jbae', 'kalcegueire0', 'ksingh', 'amatlock', 'smhong', 'ekahn', 'jjiang', 'sjewell', 'mmerkley', 'slhatch', 'elamberg', 'jham', 'tit329', 'gchung', 'colleenmoore', 'ysu897', 'melisgencturk', 'yayoza', 'awesley', 'jfinbloom', 'gracesu', 'blin', 'ipreston', 'kgrayson', 'vlyons', 'emmasters', 'yshim', 'mwang0511', 'larguelles', 'clairebear2820', 'brodsky18', 'jhumphrey', 'akaye', 'kber0233', 'devilsfan415', 'ntan', 'eeg314', 'rwhite', 'syanni', 'tbirschbach', 'ykw556', 'aja518', 'katieeilers', 'justin7591', 'jroman', 'jmm687', 'ljc397', 'megsglynn', 'msherer', 'szeng', 'mtobin', 'kheidtman', 'jinaaapark', 'ncg662', 'lsapozhnik', 'ankim', 'pkwalsh', 'pmakar', 'aktanuku123', 'bcroone', 'ahsu', 'lahn', 'dabaranji', 'dhughes', 'sahopki', 'rfeng', 'sbernstein', 'tdg146', 'adagostino', 'bmurphy', 'jjacobs', 'kumarvish', 'bjw587', 'gyoo', 'snahmad', 'garenas', 'ssb501', 'mma517', 'mroseman']",3,"['emilieringe', None, 'vvajda']",449,"['laurenjohnson49', 'devinmidura2013', 'nbrodnik', 'jcurrea', 'sidsingh', 'rbh659', 'benwoldy', 'jgobrial', 'hanhchido', 'fdeller', 'nkeane', 'lbowen', 'stephenformosa2013', 'ryyan10', 'ayz263', 'vforth', 'amattias', 'ylopez', 'anukala', 'yjeong', 'skulkarni', 'danielsalovesh2013', 'mmchu', 'mfeuer', 'sandrashi', 'carolineh128', 'benmogni5', 'copperbeech1', 'efh120', 'ctabit', 'jesusflores2013', 'zcarlsgaard', 'jaycoxkd', 'rlarrison', 'jrim', 'esmyth', 'msh114', 'pml698', 'slee1', 'trp786', 'abalaji', 'amasterton', 'mguerrero', 'tch480', 'dtuber', 'skathiravan', 'emoore', 'gdaniels', 'elizabethpaul15', 'nohara', 'mrindler', 'atilley', 'espitzer', 'jsudo', 'katecavanaugh', 'shkim', 'dlieberman', 'clewis', 'dgu377', 'myt244', 'lgbeckerman', 'kfrimenko', 'kmichels', 'jlo236', 'lwspeedy13', 'mkwon', 'xdi770', 'jsf703', 'dbarstow', 'lwilson', 'stead', 'rlacey916', 'annedisabato', 'm0nchi3', 'cgeter', 'dli290', 'nfeinberg', 'apatel', 'agray', 'tomasmoreno15', 'mvw230', 'petersonkari1', 'bhe', 'slou', 'jkukral', 'nmo476', 'ashleygreenwell', 'robregon', 'klunkenheimer', 'lgao', 'awg442', 'cop630', 'mkan', 'ibengali', 'nyang121', 'chngnisbbgy', 'kbialka', 'rpenrod', 'con863', 'iceberge66', 'jbrownell', 'rsanders', 'abilski', 'hoh', 'mkm887', 'jhickman', 'esimonoff', 'lzb993', 'jgambino', 'rar606', 'davidharris2013', 'rad696', 'jgo391', 'ksuchun0822', 'ejen', 'hrt192', 'mta488', 'rhartley', 'jth456', 'rrawlani', 'ehevel', 'srb618', 'swe502', 'davidelutilo2013', 'akandabarow', 'sperkins', 'griffinkelly2013', 'snarla', 'apatel1', 'njs310', 'hwg331', 'mhernandez', 'jwilson', 'pcraig91', 'floucks', 'ajgriesemer', 'avantibadrinathan', 'kbertamus', 'kmb183', 'kpiscopo', 'jyoon', 'bkw708', 'dkh218', 'aki189', 'vchen314', 'mpaydar', 'nnoble', 'chloelogan2013', 'nsharma902', 'ewolff', 'bknickel', 'jlogan', 'ckerr', 'tamarwolinsky823', 'byu490', 'kkucybala', 'michaeltu', 'andys800', 'mculleen', 'rgruenhagen', 'mcraig', 'cruzkid77', 'bshen', 'esl550', 'rjulis', 'matt17na', 'nchan', 'shamyle', 'vjohnson', 'crork', 'starlight1109', 'solim2012', 'ara731', 'laurenweaver2013', 'sdestefano', 'agnanendran', 'twise', 'sal923', 'mpj458', 'blee', 'jocelyncooper2013', 'jhooker', 'jpkmufc', 'vvajda', 'dam151', 'jott', 'ajennes', 'kpark', 'jbae2013', 'lem427', 'dng664', 'mjacobson', 'ryanconstantine', 'kkhambhati', 'itan', 'tac149', 'taehizzle', 'rkorkosz', 'cconsidine', 'hchoi', 'far107', 'mdaniels', 'ojamil', 'kerrykinney2013', 'jch399', 'yshin', 'rmanejwala', 'lmc653', 'jjahnke', 'angelaweng', 'chilgenbrinck', 'ekleiser', 'jpark', 'jmcilree', 'agomez', 'lchao', 'nattaylor', 'ajwong', 'mkim13', 'mscherer', 'mward7', 'masare', None, 'steven51188', 'wehrich', 'flenz', 'gstroh', 'cho', '09aross', 'jtang', 'hherzog', 'tds852', 'jessicayang', 'ejbauersfeld', 'tearles', 'evelazquez', 'cwebb13', 'kberning', 'llanford', 'car557', 'jonathanleibowitz2013', 'smin', 'bbauman', 'sga606', 'nicholasgoossen', 'cmartinez', 'oan397', 'dhan', 'jpaul', 'lwint', 'mkurtz', 'aho', 'mfilak', 'u2kn0wscylla', 'gmay', 'jkneeman', 'christinapai', 'rmg157', 'thoh13', 'ftalos', 'bdriscoll', 'andreahill', 'sblachmanbiatch', 'avelez', 'eyarnik', 'bsinnen', 'mpatrick', 'jwa624', 'mfalls', 'wagee', 'xwang123', 'dlk458', 'jyl695', 'meb346', 'aahmed2013', 'wks612', 'mweathered', 'kirmith39', 'autigre', 'acheng128', 'rsahai91', 'paigeann', 'danlee', 'hschwalbe', 'vchen', 'mkenny', 'dtang', 'spawar', 'hyzhang', 'bmangelson', 'spalley', 'jtroise', 'aag794', 'dcamacho', 'cdubreuil', 'idiloksuz2013', 'yzh387', 'aehawley', 'ssimmer', 'atowle', 'dlambson', 'ihasham', 'ahowes37', 'drg556', 'mreddick', 'mjo751', 'kha389', 'szhang', 'rstith', 'bwestlund', 'andrewma2013', 'creis', 'jchan', 'pjd414', 'kek507', 'chh671', 'sar808', 'shekharbhende', 'jsokolowski', 'ispivak', 'btaggart', 'tcarmona', 'led495', 'dhassani', 'nu_sev', 'nalvarez', 'rayyannajeeb2013', 'cblaha', 'grevis', 'ddpowell', 'ssefick', 'justinlueker', 'yahmad13', 'mhall', 'lackerman', 'dvanfleet', 'ems705', 'rdelacruz', 'raylee', 'harry080191', 'levariz', 'tashadrake2014', 'vmokhashi', 'kwakeling', 'mrs392', 'aturowski', 'codyschott2013', 'mrote13', 'ess954', 'gbushnell2013', 'msorett', 'amyers', 'luteyang91', 'mcornew', 'jkim140', 'jsimkowski', 'qentin', 'ecc944', 'jchapman', 'spatel', 'emattenson', 'janbarkalow2013', 'emilieringe', 'kviets', 'agallegos', 'sdv465', 'llisa1217', 'rasher', 'mmoore', 'ckadleck', 'jbae', 'kalcegueire0', 'ksingh', 'amatlock', 'smhong', 'ekahn', 'jjiang', 'sjewell', 'mmerkley', 'slhatch', 'elamberg', 'jham', 'tit329', 'gchung', 'colleenmoore', 'ysu897', 'melisgencturk', 'yayoza', 'awesley', 'jfinbloom', 'gracesu', 'blin', 'ipreston', 'kgrayson', 'vlyons', 'emmasters', 'yshim', 'mwang0511', 'larguelles', 'clairebear2820', 'brodsky18', 'jhumphrey', 'akaye', 'kber0233', 'devilsfan415', 'ntan', 'eeg314', 'rwhite', 'syanni', 'tbirschbach', 'ykw556', 'aja518', 'katieeilers', 'justin7591', 'jroman', 'jmm687', 'ljc397', 'megsglynn', 'msherer', 'szeng', 'mtobin', 'kheidtman', 'jinaaapark', 'ncg662', 'lsapozhnik', 'ankim', 'pkwalsh', 'pmakar', 'aktanuku123', 'bcroone', 'ahsu', 'lahn', 'dabaranji', 'dhughes', 'sahopki', 'rfeng', 'sbernstein', 'tdg146', 'adagostino', 'bmurphy', 'jjacobs', 'kumarvish', 'bjw587', 'gyoo', 'snahmad', 'garenas', 'ssb501', 'mma517', 'mroseman']"
1,119,446,10,8,"['ejbauersfeld', 'creis', 'harry080191', 'cho', 'mmchu', 'lackerman', 'mhernandez', 'apatel1']",438,"['laurenjohnson49', 'devinmidura2013', 'nbrodnik', 'jcurrea', 'sidsingh', 'rbh659', 'benwoldy', 'jgobrial', 'hanhchido', 'fdeller', 'nkeane', 'lbowen', 'stephenformosa2013', 'ryyan10', 'ayz263', 'vforth', 'amattias', 'ylopez', 'anukala', 'yjeong', 'skulkarni', 'danielsalovesh2013', 'mfeuer', 'sandrashi', 'carolineh128', 'benmogni5', 'copperbeech1', 'efh120', 'ctabit', 'jesusflores2013', 'zcarlsgaard', 'jaycoxkd', 'rlarrison', 'jrim', 'esmyth', 'msh114', 'pml698', 'slee1', 'trp786', 'abalaji', 'amasterton', 'mguerrero', 'tch480', 'dtuber', 'skathiravan', 'emoore', 'gdaniels', 'elizabethpaul15', 'nohara', 'mrindler', 'atilley', 'espitzer', 'jsudo', 'katecavanaugh', 'shkim', 'dlieberman', 'clewis', 'dgu377', 'myt244', 'lgbeckerman', 'kfrimenko', 'kmichels', 'jlo236', 'lwspeedy13', 'mkwon', 'xdi770', 'jsf703', 'dbarstow', 'lwilson', 'stead', 'rlacey916', 'annedisabato', 'm0nchi3', 'cgeter', 'dli290', 'nfeinberg', 'apatel', 'agray', 'tomasmoreno15', 'mvw230', 'petersonkari1', 'bhe', 'slou', 'jkukral', 'nmo476', 'ashleygreenwell', 'robregon', 'klunkenheimer', 'lgao', 'awg442', 'cop630', 'mkan', 'ibengali', 'nyang121', 'chngnisbbgy', 'kbialka', 'rpenrod', 'con863', 'iceberge66', 'jbrownell', 'rsanders', 'abilski', 'hoh', 'mkm887', 'jhickman', 'esimonoff', 'lzb993', 'jgambino', 'rar606', 'davidharris2013', 'rad696', 'jgo391', 'ksuchun0822', 'ejen', 'hrt192', 'mta488', 'rhartley', 'jth456', 'rrawlani', 'ehevel', 'srb618', 'swe502', 'davidelutilo2013', 'akandabarow', 'sperkins', 'griffinkelly2013', 'snarla', 'njs310', 'hwg331', 'jwilson', 'pcraig91', 'floucks', 'ajgriesemer', 'avantibadrinathan', 'kbertamus', 'kmb183', 'kpiscopo', 'jyoon', 'bkw708', 'dkh218', 'aki189', 'vchen314', 'mpaydar', 'nnoble', 'chloelogan2013', 'nsharma902', 'ewolff', 'bknickel', 'jlogan', 'ckerr', 'tamarwolinsky823', 'byu490', 'kkucybala', 'michaeltu', 'andys800', 'mculleen', 'rgruenhagen', 'mcraig', 'cruzkid77', 'bshen', 'esl550', 'rjulis', 'matt17na', 'nchan', 'shamyle', 'vjohnson', 'crork', 'starlight1109', 'solim2012', 'ara731', 'laurenweaver2013', 'sdestefano', 'agnanendran', 'twise', 'sal923', 'mpj458', 'blee', 'jocelyncooper2013', 'jhooker', 'jpkmufc', 'dam151', 'jott', 'ajennes', 'kpark', 'jbae2013', 'lem427', 'dng664', 'mjacobson', 'ryanconstantine', 'kkhambhati', 'itan', 'tac149', 'taehizzle', 'rkorkosz', 'cconsidine', 'hchoi', 'far107', 'mdaniels', 'ojamil', 'kerrykinney2013', 'jch399', 'yshin', 'rmanejwala', 'lmc653', 'jjahnke', 'angelaweng', 'chilgenbrinck', 'ekleiser', 'jpark', 'jmcilree', 'agomez', 'lchao', 'nattaylor', 'ajwong', 'mkim13', 'mscherer', 'mward7', 'masare', 'steven51188', 'wehrich', 'flenz', 'gstroh', '09aross', 'jtang', 'hherzog', 'tds852', 'jessicayang', 'tearles', 'evelazquez', 'cwebb13', 'kberning', 'llanford', 'car557', 'jonathanleibowitz2013', 'smin', 'bbauman', 'sga606', 'nicholasgoossen', 'cmartinez', 'oan397', 'dhan', 'jpaul', 'lwint', 'mkurtz', 'aho', 'mfilak', 'u2kn0wscylla', 'gmay', 'jkneeman', 'christinapai', 'rmg157', 'thoh13', 'ftalos', 'bdriscoll', 'andreahill', 'sblachmanbiatch', 'avelez', 'eyarnik', 'bsinnen', 'mpatrick', 'jwa624', 'mfalls', 'wagee', 'xwang123', 'dlk458', 'jyl695', 'meb346', 'aahmed2013', 'wks612', 'mweathered', 'kirmith39', 'autigre', 'acheng128', 'rsahai91', 'paigeann', 'danlee', 'hschwalbe', 'vchen', 'mkenny', 'dtang', 'spawar', 'hyzhang', 'bmangelson', 'spalley', 'jtroise', 'aag794', 'dcamacho', 'cdubreuil', 'idiloksuz2013', 'yzh387', 'aehawley', 'ssimmer', 'atowle', 'dlambson', 'ihasham', 'ahowes37', 'drg556', 'mreddick', 'mjo751', 'kha389', 'szhang', 'rstith', 'bwestlund', 'andrewma2013', 'jchan', 'pjd414', 'kek507', 'chh671', 'sar808', 'shekharbhende', 'jsokolowski', 'ispivak', 'btaggart', 'tcarmona', 'led495', 'dhassani', 'nu_sev', 'nalvarez', 'rayyannajeeb2013', 'cblaha', 'grevis', 'ddpowell', 'ssefick', 'justinlueker', 'yahmad13', 'mhall', 'dvanfleet', 'ems705', 'rdelacruz', 'raylee', 'levariz', 'tashadrake2014', 'vmokhashi', 'kwakeling', 'mrs392', 'aturowski', 'codyschott2013', 'mrote13', 'ess954', 'gbushnell2013', 'msorett', 'amyers', 'luteyang91', 'mcornew', 'jkim140', 'jsimkowski', 'qentin', 'ecc944', 'jchapman', 'spatel', 'emattenson', 'janbarkalow2013', 'kviets', 'agallegos', 'sdv465', 'llisa1217', 'rasher', 'mmoore', 'ckadleck', 'jbae', 'kalcegueire0', 'ksingh', 'amatlock', 'smhong', 'ekahn', 'jjiang', 'sjewell', 'mmerkley', 'slhatch', 'elamberg', 'jham', 'tit329', 'gchung', 'colleenmoore', 'ysu897', 'melisgencturk', 'yayoza', 'awesley', 'jfinbloom', 'gracesu', 'blin', 'ipreston', 'kgrayson', 'vlyons', 'emmasters', 'yshim', 'mwang0511', 'larguelles', 'clairebear2820', 'brodsky18', 'jhumphrey', 'akaye', 'kber0233', 'devilsfan415', 'ntan', 'eeg314', 'rwhite', 'syanni', 'tbirschbach', 'ykw556', 'aja518', 'katieeilers', 'justin7591', 'jroman', 'jmm687', 'ljc397', 'megsglynn', 'msherer', 'szeng', 'mtobin', 'kheidtman', 'jinaaapark', 'ncg662', 'lsapozhnik', 'ankim', 'pkwalsh', 'pmakar', 'aktanuku123', 'bcroone', 'ahsu', 'lahn', 'dabaranji', 'dhughes', 'sahopki', 'rfeng', 'sbernstein', 'tdg146', 'adagostino', 'bmurphy', 'jjacobs', 'kumarvish', 'bjw587', 'gyoo', 'snahmad', 'garenas', 'ssb501', 'mma517', 'mroseman']",2,"[None, 'mazbradberry']",448,"['laurenjohnson49', 'devinmidura2013', 'nbrodnik', 'jcurrea', 'sidsingh', 'rbh659', 'benwoldy', 'jgobrial', 'hanhchido', 'fdeller', 'nkeane', 'lbowen', 'stephenformosa2013', 'ryyan10', 'ayz263', 'vforth', 'amattias', 'ylopez', 'anukala', 'yjeong', 'skulkarni', 'danielsalovesh2013', 'mmchu', 'mfeuer', 'sandrashi', 'carolineh128', 'benmogni5', 'copperbeech1', 'efh120', 'ctabit', 'jesusflores2013', 'zcarlsgaard', 'jaycoxkd', 'rlarrison', 'jrim', 'esmyth', 'msh114', 'pml698', 'slee1', 'trp786', 'abalaji', 'amasterton', 'mguerrero', 'tch480', 'dtuber', 'skathiravan', 'emoore', 'gdaniels', 'elizabethpaul15', 'nohara', 'mrindler', 'atilley', 'espitzer', 'jsudo', 'katecavanaugh', 'shkim', 'dlieberman', 'clewis', 'dgu377', 'myt244', 'lgbeckerman', 'kfrimenko', 'kmichels', 'jlo236', 'lwspeedy13', 'mkwon', 'xdi770', 'jsf703', 'dbarstow', 'lwilson', 'stead', 'rlacey916', 'annedisabato', 'm0nchi3', 'cgeter', 'dli290', 'nfeinberg', 'apatel', 'agray', 'tomasmoreno15', 'mvw230', 'petersonkari1', 'bhe', 'slou', 'jkukral', 'nmo476', 'ashleygreenwell', 'robregon', 'klunkenheimer', 'lgao', 'awg442', 'cop630', 'mkan', 'ibengali', 'nyang121', 'chngnisbbgy', 'kbialka', 'rpenrod', 'con863', 'iceberge66', 'jbrownell', 'rsanders', 'abilski', 'hoh', 'mkm887', 'jhickman', 'esimonoff', 'lzb993', 'jgambino', 'rar606', 'davidharris2013', 'rad696', 'jgo391', 'ksuchun0822', 'ejen', 'hrt192', 'mta488', 'rhartley', 'jth456', 'rrawlani', 'ehevel', 'srb618', 'swe502', 'davidelutilo2013', 'akandabarow', 'sperkins', 'griffinkelly2013', 'snarla', 'apatel1', 'njs310', 'hwg331', 'mhernandez', 'jwilson', 'pcraig91', 'floucks', 'ajgriesemer', 'avantibadrinathan', 'kbertamus', 'kmb183', 'kpiscopo', 'jyoon', 'bkw708', 'dkh218', 'aki189', 'vchen314', 'mpaydar', 'nnoble', 'chloelogan2013', 'nsharma902', 'ewolff', 'bknickel', 'jlogan', 'ckerr', 'tamarwolinsky823', 'byu490', 'kkucybala', 'michaeltu', 'andys800', 'mculleen', 'rgruenhagen', 'mcraig', 'cruzkid77', 'bshen', 'esl550', 'rjulis', 'matt17na', 'nchan', 'shamyle', 'vjohnson', 'crork', 'starlight1109', 'solim2012', 'ara731', 'laurenweaver2013', 'sdestefano', 'agnanendran', 'twise', 'sal923', 'mpj458', 'blee', 'jocelyncooper2013', 'jhooker', 'jpkmufc', 'mazbradberry', 'dam151', 'jott', 'ajennes', 'kpark', 'jbae2013', 'lem427', 'dng664', 'mjacobson', 'ryanconstantine', 'kkhambhati', 'itan', 'tac149', 'taehizzle', 'rkorkosz', 'cconsidine', 'hchoi', 'far107', 'mdaniels', 'ojamil', 'kerrykinney2013', 'jch399', 'yshin', 'rmanejwala', 'lmc653', 'jjahnke', 'angelaweng', 'chilgenbrinck', 'ekleiser', 'jpark', 'jmcilree', 'agomez', 'lchao', 'nattaylor', 'ajwong', 'mkim13', 'mscherer', 'mward7', 'masare', None, 'steven51188', 'wehrich', 'flenz', 'gstroh', 'cho', '09aross', 'jtang', 'hherzog', 'tds852', 'jessicayang', 'ejbauersfeld', 'tearles', 'evelazquez', 'cwebb13', 'kberning', 'llanford', 'car557', 'jonathanleibowitz2013', 'smin', 'bbauman', 'sga606', 'nicholasgoossen', 'cmartinez', 'oan397', 'dhan', 'jpaul', 'lwint', 'mkurtz', 'aho', 'mfilak', 'u2kn0wscylla', 'gmay', 'jkneeman', 'christinapai', 'rmg157', 'thoh13', 'ftalos', 'bdriscoll', 'andreahill', 'sblachmanbiatch', 'avelez', 'eyarnik', 'bsinnen', 'mpatrick', 'jwa624', 'mfalls', 'wagee', 'xwang123', 'dlk458', 'jyl695', 'meb346', 'aahmed2013', 'wks612', 'mweathered', 'kirmith39', 'autigre', 'acheng128', 'rsahai91', 'paigeann', 'danlee', 'hschwalbe', 'vchen', 'mkenny', 'dtang', 'spawar', 'hyzhang', 'bmangelson', 'spalley', 'jtroise', 'aag794', 'dcamacho', 'cdubreuil', 'idiloksuz2013', 'yzh387', 'aehawley', 'ssimmer', 'atowle', 'dlambson', 'ihasham', 'ahowes37', 'drg556', 'mreddick', 'mjo751', 'kha389', 'szhang', 'rstith', 'bwestlund', 'andrewma2013', 'creis', 'jchan', 'pjd414', 'kek507', 'chh671', 'sar808', 'shekharbhende', 'jsokolowski', 'ispivak', 'btaggart', 'tcarmona', 'led495', 'dhassani', 'nu_sev', 'nalvarez', 'rayyannajeeb2013', 'cblaha', 'grevis', 'ddpowell', 'ssefick', 'justinlueker', 'yahmad13', 'mhall', 'lackerman', 'dvanfleet', 'ems705', 'rdelacruz', 'raylee', 'harry080191', 'levariz', 'tashadrake2014', 'vmokhashi', 'kwakeling', 'mrs392', 'aturowski', 'codyschott2013', 'mrote13', 'ess954', 'gbushnell2013', 'msorett', 'amyers', 'luteyang91', 'mcornew', 'jkim140', 'jsimkowski', 'qentin', 'ecc944', 'jchapman', 'spatel', 'emattenson', 'janbarkalow2013', 'kviets', 'agallegos', 'sdv465', 'llisa1217', 'rasher', 'mmoore', 'ckadleck', 'jbae', 'kalcegueire0', 'ksingh', 'amatlock', 'smhong', 'ekahn', 'jjiang', 'sjewell', 'mmerkley', 'slhatch', 'elamberg', 'jham', 'tit329', 'gchung', 'colleenmoore', 'ysu897', 'melisgencturk', 'yayoza', 'awesley', 'jfinbloom', 'gracesu', 'blin', 'ipreston', 'kgrayson', 'vlyons', 'emmasters', 'yshim', 'mwang0511', 'larguelles', 'clairebear2820', 'brodsky18', 'jhumphrey', 'akaye', 'kber0233', 'devilsfan415', 'ntan', 'eeg314', 'rwhite', 'syanni', 'tbirschbach', 'ykw556', 'aja518', 'katieeilers', 'justin7591', 'jroman', 'jmm687', 'ljc397', 'megsglynn', 'msherer', 'szeng', 'mtobin', 'kheidtman', 'jinaaapark', 'ncg662', 'lsapozhnik', 'ankim', 'pkwalsh', 'pmakar', 'aktanuku123', 'bcroone', 'ahsu', 'lahn', 'dabaranji', 'dhughes', 'sahopki', 'rfeng', 'sbernstein', 'tdg146', 'adagostino', 'bmurphy', 'jjacobs', 'kumarvish', 'bjw587', 'gyoo', 'snahmad', 'garenas', 'ssb501', 'mma517', 'mroseman']"
1,116,446,9,6,"['levariz', 'lwint', 'dhughes', 'larguelles', 'mtobin', 'ctabit']",440,"['laurenjohnson49', 'devinmidura2013', 'nbrodnik', 'jcurrea', 'sidsingh', 'rbh659', 'benwoldy', 'jgobrial', 'hanhchido', 'fdeller', 'nkeane', 'lbowen', 'stephenformosa2013', 'ryyan10', 'ayz263', 'vforth', 'amattias', 'ylopez', 'anukala', 'yjeong', 'skulkarni', 'danielsalovesh2013', 'mmchu', 'mfeuer', 'sandrashi', 'carolineh128', 'benmogni5', 'copperbeech1', 'efh120', 'jesusflores2013', 'zcarlsgaard', 'jaycoxkd', 'rlarrison', 'jrim', 'esmyth', 'msh114', 'pml698', 'slee1', 'trp786', 'abalaji', 'amasterton', 'mguerrero', 'tch480', 'dtuber', 'skathiravan', 'emoore', 'gdaniels', 'elizabethpaul15', 'nohara', 'mrindler', 'atilley', 'espitzer', 'jsudo', 'katecavanaugh', 'shkim', 'dlieberman', 'clewis', 'dgu377', 'myt244', 'lgbeckerman', 'kfrimenko', 'kmichels', 'jlo236', 'lwspeedy13', 'mkwon', 'xdi770', 'jsf703', 'dbarstow', 'lwilson', 'stead', 'rlacey916', 'annedisabato', 'm0nchi3', 'cgeter', 'dli290', 'nfeinberg', 'apatel', 'agray', 'tomasmoreno15', 'mvw230', 'petersonkari1', 'bhe', 'slou', 'jkukral', 'nmo476', 'ashleygreenwell', 'robregon', 'klunkenheimer', 'lgao', 'awg442', 'cop630', 'mkan', 'ibengali', 'nyang121', 'chngnisbbgy', 'kbialka', 'rpenrod', 'con863', 'iceberge66', 'jbrownell', 'rsanders', 'abilski', 'hoh', 'mkm887', 'jhickman', 'esimonoff', 'lzb993', 'jgambino', 'rar606', 'davidharris2013', 'rad696', 'jgo391', 'ksuchun0822', 'ejen', 'hrt192', 'mta488', 'rhartley', 'jth456', 'rrawlani', 'ehevel', 'srb618', 'swe502', 'davidelutilo2013', 'akandabarow', 'sperkins', 'griffinkelly2013', 'snarla', 'apatel1', 'njs310', 'hwg331', 'mhernandez', 'jwilson', 'pcraig91', 'floucks', 'ajgriesemer', 'avantibadrinathan', 'kbertamus', 'kmb183', 'kpiscopo', 'jyoon', 'bkw708', 'dkh218', 'aki189', 'vchen314', 'mpaydar', 'nnoble', 'chloelogan2013', 'nsharma902', 'ewolff', 'bknickel', 'jlogan', 'ckerr', 'tamarwolinsky823', 'byu490', 'kkucybala', 'michaeltu', 'andys800', 'mculleen', 'rgruenhagen', 'mcraig', 'cruzkid77', 'bshen', 'esl550', 'rjulis', 'matt17na', 'nchan', 'shamyle', 'vjohnson', 'crork', 'starlight1109', 'solim2012', 'ara731', 'laurenweaver2013', 'sdestefano', 'agnanendran', 'twise', 'sal923', 'mpj458', 'blee', 'jocelyncooper2013', 'jhooker', 'jpkmufc', 'dam151', 'jott', 'ajennes', 'kpark', 'jbae2013', 'lem427', 'dng664', 'mjacobson', 'ryanconstantine', 'kkhambhati', 'itan', 'tac149', 'taehizzle', 'rkorkosz', 'cconsidine', 'hchoi', 'far107', 'mdaniels', 'ojamil', 'kerrykinney2013', 'jch399', 'yshin', 'rmanejwala', 'lmc653', 'jjahnke', 'angelaweng', 'chilgenbrinck', 'ekleiser', 'jpark', 'jmcilree', 'agomez', 'lchao', 'nattaylor', 'ajwong', 'mkim13', 'mscherer', 'mward7', 'masare', 'steven51188', 'wehrich', 'flenz', 'gstroh', 'cho', '09aross', 'jtang', 'hherzog', 'tds852', 'jessicayang', 'ejbauersfeld', 'tearles', 'evelazquez', 'cwebb13', 'kberning', 'llanford', 'car557', 'jonathanleibowitz2013', 'smin', 'bbauman', 'sga606', 'nicholasgoossen', 'cmartinez', 'oan397', 'dhan', 'jpaul', 'mkurtz', 'aho', 'mfilak', 'u2kn0wscylla', 'gmay', 'jkneeman', 'christinapai', 'rmg157', 'thoh13', 'ftalos', 'bdriscoll', 'andreahill', 'sblachmanbiatch', 'avelez', 'eyarnik', 'bsinnen', 'mpatrick', 'jwa624', 'mfalls', 'wagee', 'xwang123', 'dlk458', 'jyl695', 'meb346', 'aahmed2013', 'wks612', 'mweathered', 'kirmith39', 'autigre', 'acheng128', 'rsahai91', 'paigeann', 'danlee', 'hschwalbe', 'vchen', 'mkenny', 'dtang', 'spawar', 'hyzhang', 'bmangelson', 'spalley', 'jtroise', 'aag794', 'dcamacho', 'cdubreuil', 'idiloksuz2013', 'yzh387', 'aehawley', 'ssimmer', 'atowle', 'dlambson', 'ihasham', 'ahowes37', 'drg556', 'mreddick', 'mjo751', 'kha389', 'szhang', 'rstith', 'bwestlund', 'andrewma2013', 'creis', 'jchan', 'pjd414', 'kek507', 'chh671', 'sar808', 'shekharbhende', 'jsokolowski', 'ispivak', 'btaggart', 'tcarmona', 'led495', 'dhassani', 'nu_sev', 'nalvarez', 'rayyannajeeb2013', 'cblaha', 'grevis', 'ddpowell', 'ssefick', 'justinlueker', 'yahmad13', 'mhall', 'lackerman', 'dvanfleet', 'ems705', 'rdelacruz', 'raylee', 'harry080191', 'tashadrake2014', 'vmokhashi', 'kwakeling', 'mrs392', 'aturowski', 'codyschott2013', 'mrote13', 'ess954', 'gbushnell2013', 'msorett', 'amyers', 'luteyang91', 'mcornew', 'jkim140', 'jsimkowski', 'qentin', 'ecc944', 'jchapman', 'spatel', 'emattenson', 'janbarkalow2013', 'kviets', 'agallegos', 'sdv465', 'llisa1217', 'rasher', 'mmoore', 'ckadleck', 'jbae', 'kalcegueire0', 'ksingh', 'amatlock', 'smhong', 'ekahn', 'jjiang', 'sjewell', 'mmerkley', 'slhatch', 'elamberg', 'jham', 'tit329', 'gchung', 'colleenmoore', 'ysu897', 'melisgencturk', 'yayoza', 'awesley', 'jfinbloom', 'gracesu', 'blin', 'ipreston', 'kgrayson', 'vlyons', 'emmasters', 'yshim', 'mwang0511', 'clairebear2820', 'brodsky18', 'jhumphrey', 'akaye', 'kber0233', 'devilsfan415', 'ntan', 'eeg314', 'rwhite', 'syanni', 'tbirschbach', 'ykw556', 'aja518', 'katieeilers', 'justin7591', 'jroman', 'jmm687', 'ljc397', 'megsglynn', 'msherer', 'szeng', 'kheidtman', 'jinaaapark', 'ncg662', 'lsapozhnik', 'ankim', 'pkwalsh', 'pmakar', 'aktanuku123', 'bcroone', 'ahsu', 'lahn', 'dabaranji', 'sahopki', 'rfeng', 'sbernstein', 'tdg146', 'adagostino', 'bmurphy', 'jjacobs', 'kumarvish', 'bjw587', 'gyoo', 'snahmad', 'garenas', 'ssb501', 'mma517', 'mroseman']",3,"[None, 'pdickinson', 'mgm719']",449,"['laurenjohnson49', 'devinmidura2013', 'nbrodnik', 'jcurrea', 'sidsingh', 'rbh659', 'benwoldy', 'jgobrial', 'hanhchido', 'fdeller', 'nkeane', 'lbowen', 'stephenformosa2013', 'ryyan10', 'ayz263', 'vforth', 'amattias', 'ylopez', 'anukala', 'yjeong', 'skulkarni', 'danielsalovesh2013', 'mmchu', 'mfeuer', 'sandrashi', 'carolineh128', 'benmogni5', 'copperbeech1', 'efh120', 'ctabit', 'jesusflores2013', 'zcarlsgaard', 'jaycoxkd', 'rlarrison', 'jrim', 'esmyth', 'msh114', 'pml698', 'slee1', 'trp786', 'abalaji', 'amasterton', 'mguerrero', 'tch480', 'dtuber', 'skathiravan', 'emoore', 'gdaniels', 'elizabethpaul15', 'nohara', 'mrindler', 'atilley', 'espitzer', 'jsudo', 'katecavanaugh', 'shkim', 'dlieberman', 'clewis', 'dgu377', 'myt244', 'lgbeckerman', 'kfrimenko', 'kmichels', 'jlo236', 'lwspeedy13', 'mkwon', 'xdi770', 'jsf703', 'dbarstow', 'lwilson', 'stead', 'rlacey916', 'annedisabato', 'm0nchi3', 'cgeter', 'dli290', 'nfeinberg', 'apatel', 'agray', 'tomasmoreno15', 'mvw230', 'petersonkari1', 'bhe', 'slou', 'jkukral', 'nmo476', 'ashleygreenwell', 'pdickinson', 'robregon', 'klunkenheimer', 'lgao', 'awg442', 'cop630', 'mkan', 'ibengali', 'nyang121', 'chngnisbbgy', 'kbialka', 'rpenrod', 'con863', 'iceberge66', 'jbrownell', 'rsanders', 'abilski', 'hoh', 'mkm887', 'jhickman', 'esimonoff', 'lzb993', 'jgambino', 'rar606', 'davidharris2013', 'rad696', 'jgo391', 'ksuchun0822', 'ejen', 'hrt192', 'mta488', 'rhartley', 'jth456', 'rrawlani', 'ehevel', 'srb618', 'swe502', 'davidelutilo2013', 'akandabarow', 'sperkins', 'griffinkelly2013', 'snarla', 'apatel1', 'njs310', 'hwg331', 'mhernandez', 'jwilson', 'pcraig91', 'floucks', 'ajgriesemer', 'avantibadrinathan', 'kbertamus', 'kmb183', 'kpiscopo', 'jyoon', 'bkw708', 'dkh218', 'aki189', 'vchen314', 'mpaydar', 'nnoble', 'chloelogan2013', 'nsharma902', 'ewolff', 'bknickel', 'jlogan', 'ckerr', 'tamarwolinsky823', 'byu490', 'kkucybala', 'michaeltu', 'andys800', 'mculleen', 'rgruenhagen', 'mcraig', 'cruzkid77', 'bshen', 'esl550', 'rjulis', 'matt17na', 'nchan', 'shamyle', 'vjohnson', 'crork', 'starlight1109', 'solim2012', 'ara731', 'laurenweaver2013', 'sdestefano', 'agnanendran', 'twise', 'sal923', 'mpj458', 'blee', 'jocelyncooper2013', 'jhooker', 'jpkmufc', 'dam151', 'jott', 'ajennes', 'kpark', 'jbae2013', 'lem427', 'dng664', 'mjacobson', 'ryanconstantine', 'kkhambhati', 'itan', 'tac149', 'taehizzle', 'rkorkosz', 'cconsidine', 'hchoi', 'far107', 'mdaniels', 'ojamil', 'kerrykinney2013', 'jch399', 'yshin', 'rmanejwala', 'lmc653', 'jjahnke', 'angelaweng', 'chilgenbrinck', 'ekleiser', 'jpark', 'jmcilree', 'agomez', 'lchao', 'nattaylor', 'ajwong', 'mkim13', 'mscherer', 'mward7', 'masare', None, 'steven51188', 'wehrich', 'flenz', 'gstroh', 'cho', '09aross', 'jtang', 'hherzog', 'tds852', 'jessicayang', 'ejbauersfeld', 'tearles', 'evelazquez', 'cwebb13', 'kberning', 'llanford', 'car557', 'jonathanleibowitz2013', 'smin', 'bbauman', 'sga606', 'nicholasgoossen', 'cmartinez', 'oan397', 'dhan', 'jpaul', 'lwint', 'mkurtz', 'aho', 'mfilak', 'u2kn0wscylla', 'gmay', 'jkneeman', 'christinapai', 'rmg157', 'thoh13', 'ftalos', 'bdriscoll', 'andreahill', 'sblachmanbiatch', 'avelez', 'eyarnik', 'bsinnen', 'mpatrick', 'jwa624', 'mfalls', 'wagee', 'xwang123', 'dlk458', 'jyl695', 'meb346', 'aahmed2013', 'wks612', 'mweathered', 'kirmith39', 'autigre', 'acheng128', 'rsahai91', 'paigeann', 'danlee', 'hschwalbe', 'vchen', 'mkenny', 'dtang', 'spawar', 'hyzhang', 'bmangelson', 'spalley', 'jtroise', 'aag794', 'dcamacho', 'cdubreuil', 'idiloksuz2013', 'yzh387', 'aehawley', 'ssimmer', 'atowle', 'dlambson', 'ihasham', 'ahowes37', 'drg556', 'mreddick', 'mjo751', 'kha389', 'szhang', 'rstith', 'bwestlund', 'andrewma2013', 'creis', 'jchan', 'pjd414', 'kek507', 'chh671', 'sar808', 'shekharbhende', 'jsokolowski', 'ispivak', 'btaggart', 'tcarmona', 'led495', 'dhassani', 'nu_sev', 'nalvarez', 'rayyannajeeb2013', 'cblaha', 'grevis', 'ddpowell', 'ssefick', 'justinlueker', 'yahmad13', 'mhall', 'lackerman', 'dvanfleet', 'ems705', 'rdelacruz', 'raylee', 'harry080191', 'levariz', 'tashadrake2014', 'vmokhashi', 'kwakeling', 'mrs392', 'aturowski', 'codyschott2013', 'mrote13', 'ess954', 'gbushnell2013', 'msorett', 'amyers', 'luteyang91', 'mcornew', 'jkim140', 'jsimkowski', 'qentin', 'ecc944', 'jchapman', 'spatel', 'emattenson', 'janbarkalow2013', 'kviets', 'agallegos', 'sdv465', 'llisa1217', 'rasher', 'mmoore', 'ckadleck', 'jbae', 'kalcegueire0', 'ksingh', 'amatlock', 'smhong', 'ekahn', 'jjiang', 'sjewell', 'mmerkley', 'slhatch', 'elamberg', 'jham', 'tit329', 'gchung', 'colleenmoore', 'ysu897', 'melisgencturk', 'yayoza', 'awesley', 'jfinbloom', 'gracesu', 'blin', 'ipreston', 'kgrayson', 'vlyons', 'emmasters', 'yshim', 'mwang0511', 'larguelles', 'clairebear2820', 'brodsky18', 'jhumphrey', 'akaye', 'kber0233', 'devilsfan415', 'ntan', 'eeg314', 'rwhite', 'syanni', 'tbirschbach', 'ykw556', 'aja518', 'katieeilers', 'justin7591', 'jroman', 'jmm687', 'ljc397', 'megsglynn', 'msherer', 'szeng', 'mtobin', 'kheidtman', 'jinaaapark', 'ncg662', 'lsapozhnik', 'ankim', 'pkwalsh', 'pmakar', 'aktanuku123', 'bcroone', 'ahsu', 'lahn', 'dabaranji', 'dhughes', 'sahopki', 'rfeng', 'sbernstein', 'tdg146', 'adagostino', 'bmurphy', 'jjacobs', 'kumarvish', 'bjw587', 'gyoo', 'snahmad', 'garenas', 'ssb501', 'mgm719', 'mma517', 'mroseman']"
2,55,117,90,76,"['yap3', 'ucabraal', 'mikerzings', 'lee827', 'vwinner2', 'prakash4', 'ericcl', 'dkim211', 'czych2', 'nmchang2', 'c31601', 'senko888', 'mau1110', 'huiruxu2', 'gao19', 'yang90', 'jweyhen2', 'bednarz1', 'xkwak_2o13x', 'rojas3', 'lithus', 'chowdhu1', 'bryan52803', 'mboivin', 'jain10', 'schreindog07', 'jkim273', 'aschult5', 'rcrawfo2', 'lim28', 'cgualbe2', 'janthon2', 'eviltiki100', 'ehofrei2', 'starzerl', 'jthomp27', 'ortigar1', 'rahulshekhar', 'pjmikols', 'xingqian', 'dhandle2', 'yang126', 'ntweidman', 'dpolic2', 'dziems', 'lin158', 'greennemesis', 'lostres', 'ryohiro', 'cisbrane', 'gladtbx', 'moustachepash', 'graygnome', 'namitxyz', 'cblount2', 'lin159', 'rpglenn2', 'schang31', 'bchorag2', 'lokesh1', 'amaitra218', 'star0805', 'nsimeun2', 'durreh', 'dchavez4', 'dxiao3', 'jolinkuoi', 'sujaybhobe', 'pangano1', 'mannix1', 'hpark56', 'dfairfi2', 'phubarrr', 'spilarc2', 'huang139', 'vram2']",40,"['akozel2', 'mstryck2', 'dorgan2', 'haake1', 'tbhuang2', 'joeraph', 'msweene2', 'dantexdsc', 'ko6', 'chiakoonseng', 'rmacino2', 'dkelkho2', 'ehs1651', 'karenvila', 'csanch26', 'xunjian', 'boogajamooga', 'jpay89', 'rherms716', 'rsulliv7', 'clare1', 'jhnsdlk', 'zklein2', 'akambic2', 'rssoni2', 'csahni2', 'bmrice', 'chingying89', 'yapjiun1', 'dbhatn2', 'khanson5', 'updatedversion', 'dklingl2', 'keen2', 'mahir', 'eumeki2', 'malloy2', 'mrodri61', 'harris33', 'amalhot']",14,"['boruichen', 'shah47', 'khemka1', 'sundar0301', 'japheth', 'aychin2', 'philip', 'mlabahn2', 'mohamed', 'ttapers', 'adityamakhija', 'tcallah2', 'agibson', None]",130,"['ucabraal', 'vwinner2', 'prakash4', 'chiakoonseng', 'mau1110', 'yang90', 'xkwak_2o13x', 'rojas3', 'jkim273', 'agibson', 'dziems', 'yapjiun1', 'moustachepash', 'graygnome', 'namitxyz', 'schang31', 'lokesh1', 'star0805', 'dxiao3', 'eumeki2', 'hpark56', 'rcrawfo2', 'dfairfi2', 'tcallah2', 'amalhot', 'tbhuang2', 'vram2', 'yap3', 'mikerzings', 'haake1', 'philip', 'ko6', 'rmacino2', 'bednarz1', 'csanch26', 'mboivin', 'xunjian', 'boogajamooga', 'rherms716', 'zklein2', 'lim28', 'rssoni2', 'janthon2', 'csahni2', 'ehofrei2', 'xingqian', 'bmrice', 'yang126', 'dpolic2', 'ntweidman', 'khanson5', 'cisbrane', 'cblount2', 'amaitra218', 'boruichen', 'keen2', 'jolinkuoi', 'sujaybhobe', 'pangano1', 'malloy2', 'harris33', 'phubarrr', 'spilarc2', 'akozel2', 'lee827', 'mstryck2', 'ericcl', 'dantexdsc', 'mohamed', 'c31601', 'senko888', 'ehs1651', 'karenvila', 'chowdhu1', 'clare1', 'aychin2', 'schreindog07', 'aschult5', 'akambic2', 'starzerl', 'shah47', 'pjmikols', 'lin158', 'greennemesis', 'ryohiro', 'lin159', 'dklingl2', 'updatedversion', 'nsimeun2', 'khemka1', 'durreh', 'mlabahn2', 'mrodri61', 'ttapers', 'adityamakhija', 'cgualbe2', 'dorgan2', 'joeraph', 'dkim211', 'czych2', 'msweene2', 'nmchang2', 'huiruxu2', 'gao19', 'dkelkho2', 'jweyhen2', 'lithus', 'bryan52803', 'jpay89', 'sundar0301', 'rsulliv7', 'jain10', 'jhnsdlk', 'eviltiki100', 'jthomp27', 'ortigar1', 'rahulshekhar', 'dhandle2', 'chingying89', 'lostres', 'japheth', 'dbhatn2', 'gladtbx', 'bchorag2', 'rpglenn2', None, 'mahir', 'mannix1', 'dchavez4', 'huang139']"
2,77,117,85,72,"['yap3', 'ucabraal', 'mikerzings', 'lee827', 'dorgan2', 'vwinner2', 'joeraph', 'dkim211', 'msweene2', 'dantexdsc', 'ko6', 'c31601', 'senko888', 'nmchang2', 'gao19', 'yang90', 'jweyhen2', 'bednarz1', 'xkwak_2o13x', 'rojas3', 'lithus', 'chowdhu1', 'jpay89', 'xunjian', 'mboivin', 'rsulliv7', 'rherms716', 'jain10', 'jkim273', 'rcrawfo2', 'lim28', 'akambic2', 'janthon2', 'csahni2', 'ehofrei2', 'starzerl', 'eviltiki100', 'ortigar1', 'pjmikols', 'xingqian', 'yang126', 'ntweidman', 'dpolic2', 'dziems', 'lin158', 'greennemesis', 'lostres', 'ryohiro', 'cisbrane', 'gladtbx', 'moustachepash', 'graygnome', 'namitxyz', 'lin159', 'dklingl2', 'bchorag2', 'schang31', 'dchavez4', 'lokesh1', 'amaitra218', 'durreh', 'dxiao3', 'jolinkuoi', 'sujaybhobe', 'malloy2', 'mrodri61', 'harris33', 'hpark56', 'dfairfi2', 'phubarrr', 'huang139', 'cgualbe2']",44,"['akozel2', 'mstryck2', 'prakash4', 'haake1', 'ericcl', 'czych2', 'chiakoonseng', 'rmacino2', 'mau1110', 'huiruxu2', 'dkelkho2', 'ehs1651', 'bryan52803', 'karenvila', 'csanch26', 'boogajamooga', 'clare1', 'schreindog07', 'jhnsdlk', 'aschult5', 'zklein2', 'rssoni2', 'jthomp27', 'spilarc2', 'rahulshekhar', 'dhandle2', 'bmrice', 'chingying89', 'yapjiun1', 'dbhatn2', 'khanson5', 'updatedversion', 'cblount2', 'rpglenn2', 'star0805', 'nsimeun2', 'keen2', 'amalhot', 'eumeki2', 'mahir', 'pangano1', 'mannix1', 'tbhuang2', 'vram2']",13,"['boruichen', 'myasar420', 'japheth', 'rusiana2', 'jdavis34', 'liu202', 'makhija1', 'kistler3', 'trimble4', 'yjung22', 'danpark212', 'ankitchandak', None]",129,"['ucabraal', 'vwinner2', 'prakash4', 'chiakoonseng', 'mau1110', 'yang90', 'xkwak_2o13x', 'rojas3', 'jkim273', 'yjung22', 'danpark212', 'dziems', 'yapjiun1', 'moustachepash', 'graygnome', 'namitxyz', 'schang31', 'lokesh1', 'star0805', 'myasar420', 'dxiao3', 'eumeki2', 'hpark56', 'rcrawfo2', 'dfairfi2', 'amalhot', 'tbhuang2', 'vram2', 'yap3', 'mikerzings', 'haake1', 'ko6', 'rmacino2', 'bednarz1', 'csanch26', 'mboivin', 'xunjian', 'boogajamooga', 'rherms716', 'zklein2', 'lim28', 'rssoni2', 'janthon2', 'csahni2', 'ehofrei2', 'xingqian', 'bmrice', 'yang126', 'dpolic2', 'ntweidman', 'khanson5', 'cisbrane', 'cblount2', 'amaitra218', 'boruichen', 'keen2', 'jolinkuoi', 'sujaybhobe', 'pangano1', 'malloy2', 'harris33', 'kistler3', 'phubarrr', 'spilarc2', 'akozel2', 'lee827', 'mstryck2', 'ericcl', 'dantexdsc', 'c31601', 'senko888', 'ehs1651', 'karenvila', 'chowdhu1', 'clare1', 'schreindog07', 'aschult5', 'liu202', 'akambic2', 'starzerl', 'pjmikols', 'lin158', 'greennemesis', 'ryohiro', 'lin159', 'dklingl2', 'updatedversion', 'nsimeun2', 'durreh', 'mrodri61', 'cgualbe2', 'dorgan2', 'joeraph', 'dkim211', 'czych2', 'msweene2', 'nmchang2', 'makhija1', 'trimble4', 'huiruxu2', 'gao19', 'dkelkho2', 'jweyhen2', 'lithus', 'bryan52803', 'jpay89', 'rsulliv7', 'jain10', 'jhnsdlk', 'rusiana2', 'eviltiki100', 'ankitchandak', 'jthomp27', 'ortigar1', 'rahulshekhar', 'dhandle2', 'chingying89', 'lostres', 'japheth', 'dbhatn2', 'gladtbx', 'bchorag2', 'rpglenn2', None, 'mahir', 'mannix1', 'jdavis34', 'dchavez4', 'huang139']"
2,45,117,51,35,"['lee827', 'vwinner2', 'prakash4', 'czych2', 'nmchang2', 'c31601', 'rojas3', 'bryan52803', 'xkwak_2o13x', 'karenvila', 'rsulliv7', 'schreindog07', 'jkim273', 'eviltiki100', 'ortigar1', 'ehofrei2', 'jthomp27', 'vram2', 'rahulshekhar', 'xingqian', 'yang126', 'dpolic2', 'lostres', 'ryohiro', 'graygnome', 'namitxyz', 'bchorag2', 'schang31', 'amaitra218', 'dxiao3', 'pangano1', 'mrodri61', 'phubarrr', 'huang139', 'cgualbe2']",81,"['ucabraal', 'chiakoonseng', 'mau1110', 'yang90', 'dziems', 'yapjiun1', 'moustachepash', 'lokesh1', 'star0805', 'eumeki2', 'hpark56', 'rcrawfo2', 'dfairfi2', 'amalhot', 'tbhuang2', 'yap3', 'mikerzings', 'haake1', 'ko6', 'rmacino2', 'bednarz1', 'csanch26', 'mboivin', 'xunjian', 'boogajamooga', 'rherms716', 'zklein2', 'lim28', 'rssoni2', 'janthon2', 'csahni2', 'bmrice', 'ntweidman', 'khanson5', 'cisbrane', 'cblount2', 'keen2', 'jolinkuoi', 'sujaybhobe', 'malloy2', 'harris33', 'spilarc2', 'akozel2', 'mstryck2', 'ericcl', 'dantexdsc', 'senko888', 'ehs1651', 'chowdhu1', 'clare1', 'aschult5', 'akambic2', 'starzerl', 'pjmikols', 'lin158', 'greennemesis', 'lin159', 'dklingl2', 'updatedversion', 'nsimeun2', 'durreh', 'dorgan2', 'joeraph', 'dkim211', 'msweene2', 'huiruxu2', 'gao19', 'dkelkho2', 'jweyhen2', 'lithus', 'jpay89', 'jain10', 'jhnsdlk', 'dhandle2', 'chingying89', 'dbhatn2', 'gladtbx', 'rpglenn2', 'mahir', 'mannix1', 'dchavez4']",16,"['boruichen', 'hawk_m30755', 'japheth', 'kdatta2', 'acorral2', 'khemka2', 'codenum273', 'bracon', 'cschan3', 'dhruvbhatia7', 'shah94', 'wilwizard', 'mlabahn2', 'sagrawa3', 'mj90118', None]",132,"['ucabraal', 'vwinner2', 'prakash4', 'acorral2', 'chiakoonseng', 'mj90118', 'mau1110', 'yang90', 'xkwak_2o13x', 'rojas3', 'jkim273', 'dziems', 'codenum273', 'yapjiun1', 'moustachepash', 'graygnome', 'namitxyz', 'schang31', 'lokesh1', 'star0805', 'dxiao3', 'eumeki2', 'dhruvbhatia7', 'wilwizard', 'hpark56', 'rcrawfo2', 'dfairfi2', 'amalhot', 'tbhuang2', 'vram2', 'yap3', 'mikerzings', 'haake1', 'ko6', 'rmacino2', 'sagrawa3', 'bednarz1', 'csanch26', 'mboivin', 'xunjian', 'boogajamooga', 'rherms716', 'zklein2', 'lim28', 'rssoni2', 'janthon2', 'csahni2', 'ehofrei2', 'xingqian', 'bmrice', 'yang126', 'dpolic2', 'ntweidman', 'cschan3', 'khanson5', 'cisbrane', 'cblount2', 'amaitra218', 'boruichen', 'khemka2', 'keen2', 'jolinkuoi', 'sujaybhobe', 'pangano1', 'malloy2', 'harris33', 'phubarrr', 'spilarc2', 'akozel2', 'lee827', 'mstryck2', 'ericcl', 'dantexdsc', 'c31601', 'senko888', 'ehs1651', 'karenvila', 'chowdhu1', 'hawk_m30755', 'kdatta2', 'clare1', 'schreindog07', 'aschult5', 'akambic2', 'starzerl', 'pjmikols', 'lin158', 'greennemesis', 'bracon', 'shah94', 'ryohiro', 'lin159', 'dklingl2', 'updatedversion', 'nsimeun2', 'durreh', 'mlabahn2', 'mrodri61', 'cgualbe2', 'dorgan2', 'joeraph', 'dkim211', 'czych2', 'msweene2', 'nmchang2', 'huiruxu2', 'gao19', 'dkelkho2', 'jweyhen2', 'lithus', 'bryan52803', 'jpay89', 'rsulliv7', 'jain10', 'jhnsdlk', 'eviltiki100', 'jthomp27', 'ortigar1', 'rahulshekhar', 'dhandle2', 'chingying89', 'lostres', 'japheth', 'dbhatn2', 'gladtbx', 'bchorag2', 'rpglenn2', None, 'mahir', 'mannix1', 'dchavez4', 'huang139']"
2,56,117,40,33,"['akozel2', 'mstryck2', 'dorgan2', 'prakash4', 'joeraph', 'dkim211', 'haake1', 'msweene2', 'nmchang2', 'ko6', 'huiruxu2', 'dkelkho2', 'karenvila', 'boogajamooga', 'csanch26', 'jpay89', 'rherms716', 'jain10', 'rssoni2', 'yapjiun1', 'cisbrane', 'updatedversion', 'dklingl2', 'namitxyz', 'rpglenn2', 'cblount2', 'star0805', 'keen2', 'eumeki2', 'malloy2', 'phubarrr', 'tbhuang2', 'cgualbe2']",83,"['ucabraal', 'vwinner2', 'chiakoonseng', 'mau1110', 'yang90', 'xkwak_2o13x', 'rojas3', 'jkim273', 'dziems', 'moustachepash', 'graygnome', 'schang31', 'lokesh1', 'dxiao3', 'hpark56', 'rcrawfo2', 'dfairfi2', 'amalhot', 'vram2', 'yap3', 'mikerzings', 'rmacino2', 'bednarz1', 'mboivin', 'xunjian', 'zklein2', 'lim28', 'janthon2', 'csahni2', 'ehofrei2', 'xingqian', 'bmrice', 'yang126', 'dpolic2', 'ntweidman', 'khanson5', 'amaitra218', 'jolinkuoi', 'sujaybhobe', 'pangano1', 'harris33', 'spilarc2', 'lee827', 'ericcl', 'dantexdsc', 'c31601', 'senko888', 'ehs1651', 'chowdhu1', 'clare1', 'schreindog07', 'aschult5', 'akambic2', 'starzerl', 'pjmikols', 'lin158', 'greennemesis', 'ryohiro', 'lin159', 'nsimeun2', 'durreh', 'mrodri61', 'czych2', 'gao19', 'jweyhen2', 'lithus', 'bryan52803', 'rsulliv7', 'jhnsdlk', 'eviltiki100', 'jthomp27', 'ortigar1', 'rahulshekhar', 'dhandle2', 'chingying89', 'lostres', 'dbhatn2', 'gladtbx', 'bchorag2', 'mahir', 'mannix1', 'dchavez4', 'huang139']",7,"['szhang27', 'myasar420', 'spidstrad', 'jchen69', 'mrqewl', 'kvirani2', None]",123,"['ucabraal', 'vwinner2', 'prakash4', 'chiakoonseng', 'mau1110', 'yang90', 'xkwak_2o13x', 'rojas3', 'jkim273', 'dziems', 'yapjiun1', 'moustachepash', 'graygnome', 'namitxyz', 'schang31', 'lokesh1', 'star0805', 'myasar420', 'dxiao3', 'eumeki2', 'hpark56', 'rcrawfo2', 'dfairfi2', 'amalhot', 'tbhuang2', 'vram2', 'yap3', 'mikerzings', 'haake1', 'mrqewl', 'ko6', 'rmacino2', 'bednarz1', 'csanch26', 'mboivin', 'xunjian', 'boogajamooga', 'rherms716', 'zklein2', 'lim28', 'rssoni2', 'janthon2', 'csahni2', 'ehofrei2', 'szhang27', 'xingqian', 'bmrice', 'yang126', 'dpolic2', 'ntweidman', 'khanson5', 'cisbrane', 'cblount2', 'amaitra218', 'keen2', 'jolinkuoi', 'sujaybhobe', 'pangano1', 'malloy2', 'harris33', 'phubarrr', 'spilarc2', 'akozel2', 'lee827', 'mstryck2', 'ericcl', 'jchen69', 'dantexdsc', 'c31601', 'senko888', 'ehs1651', 'karenvila', 'chowdhu1', 'clare1', 'schreindog07', 'aschult5', 'akambic2', 'starzerl', 'pjmikols', 'lin158', 'greennemesis', 'ryohiro', 'lin159', 'dklingl2', 'updatedversion', 'nsimeun2', 'durreh', 'mrodri61', 'cgualbe2', 'dorgan2', 'spidstrad', 'joeraph', 'dkim211', 'czych2', 'msweene2', 'nmchang2', 'huiruxu2', 'gao19', 'dkelkho2', 'jweyhen2', 'lithus', 'bryan52803', 'jpay89', 'rsulliv7', 'jain10', 'jhnsdlk', 'eviltiki100', 'jthomp27', 'ortigar1', 'rahulshekhar', 'dhandle2', 'chingying89', 'lostres', 'dbhatn2', 'gladtbx', 'kvirani2', 'bchorag2', 'rpglenn2', None, 'mahir', 'mannix1', 'dchavez4', 'huang139']"
2,78,117,39,30,"['akozel2', 'mstryck2', 'joeraph', 'haake1', 'czych2', 'tbhuang2', 'nmchang2', 'dkelkho2', 'jweyhen2', 'karenvila', 'boogajamooga', 'csanch26', 'rherms716', 'lim28', 'rssoni2', 'ehofrei2', 'jthomp27', 'yapjiun1', 'cisbrane', 'updatedversion', 'cblount2', 'namitxyz', 'rpglenn2', 'lokesh1', 'keen2', 'mahir', 'eumeki2', 'malloy2', 'spilarc2', 'cgualbe2']",86,"['ucabraal', 'vwinner2', 'prakash4', 'chiakoonseng', 'mau1110', 'yang90', 'xkwak_2o13x', 'rojas3', 'jkim273', 'dziems', 'moustachepash', 'graygnome', 'schang31', 'star0805', 'dxiao3', 'hpark56', 'rcrawfo2', 'dfairfi2', 'amalhot', 'vram2', 'yap3', 'mikerzings', 'ko6', 'rmacino2', 'bednarz1', 'mboivin', 'xunjian', 'zklein2', 'janthon2', 'csahni2', 'xingqian', 'bmrice', 'yang126', 'dpolic2', 'ntweidman', 'khanson5', 'amaitra218', 'jolinkuoi', 'sujaybhobe', 'pangano1', 'harris33', 'phubarrr', 'lee827', 'ericcl', 'dantexdsc', 'c31601', 'senko888', 'ehs1651', 'chowdhu1', 'clare1', 'schreindog07', 'aschult5', 'akambic2', 'starzerl', 'pjmikols', 'lin158', 'greennemesis', 'ryohiro', 'lin159', 'dklingl2', 'nsimeun2', 'durreh', 'mrodri61', 'dorgan2', 'dkim211', 'msweene2', 'huiruxu2', 'gao19', 'lithus', 'bryan52803', 'jpay89', 'rsulliv7', 'jain10', 'jhnsdlk', 'eviltiki100', 'ortigar1', 'rahulshekhar', 'dhandle2', 'chingying89', 'lostres', 'dbhatn2', 'gladtbx', 'bchorag2', 'mannix1', 'dchavez4', 'huang139']",9,"['wzieske2', 'spidstrad', 'jlorenz3', 'bjohns38', 'mejarld', 'vkumar8', 'mlabahn2', 'spalkar2', None]",125,"['ucabraal', 'vwinner2', 'prakash4', 'chiakoonseng', 'mau1110', 'yang90', 'xkwak_2o13x', 'rojas3', 'jkim273', 'dziems', 'yapjiun1', 'moustachepash', 'graygnome', 'namitxyz', 'schang31', 'lokesh1', 'star0805', 'dxiao3', 'eumeki2', 'jlorenz3', 'mejarld', 'hpark56', 'rcrawfo2', 'dfairfi2', 'amalhot', 'tbhuang2', 'vram2', 'yap3', 'mikerzings', 'wzieske2', 'haake1', 'ko6', 'rmacino2', 'bednarz1', 'csanch26', 'mboivin', 'xunjian', 'boogajamooga', 'rherms716', 'zklein2', 'lim28', 'rssoni2', 'janthon2', 'csahni2', 'ehofrei2', 'xingqian', 'bmrice', 'yang126', 'dpolic2', 'ntweidman', 'khanson5', 'cisbrane', 'cblount2', 'amaitra218', 'keen2', 'jolinkuoi', 'sujaybhobe', 'pangano1', 'malloy2', 'harris33', 'phubarrr', 'spilarc2', 'akozel2', 'lee827', 'mstryck2', 'ericcl', 'dantexdsc', 'c31601', 'senko888', 'ehs1651', 'karenvila', 'chowdhu1', 'clare1', 'schreindog07', 'aschult5', 'akambic2', 'spalkar2', 'starzerl', 'pjmikols', 'lin158', 'greennemesis', 'ryohiro', 'lin159', 'dklingl2', 'updatedversion', 'nsimeun2', 'durreh', 'mlabahn2', 'mrodri61', 'cgualbe2', 'dorgan2', 'spidstrad', 'joeraph', 'dkim211', 'czych2', 'vkumar8', 'msweene2', 'nmchang2', 'huiruxu2', 'gao19', 'dkelkho2', 'jweyhen2', 'lithus', 'bryan52803', 'jpay89', 'rsulliv7', 'jain10', 'jhnsdlk', 'eviltiki100', 'jthomp27', 'ortigar1', 'rahulshekhar', 'dhandle2', 'chingying89', 'lostres', 'bjohns38', 'dbhatn2', 'gladtbx', 'bchorag2', 'rpglenn2', None, 'mahir', 'mannix1', 'dchavez4', 'huang139']"
2,47,117,18,12,"['rojas3', 'nsimeun2', 'mstryck2', 'rsulliv7', 'dorgan2', 'rherms716', 'haake1', 'dkim211', 'msweene2', 'malloy2', 'cisbrane', 'ehofrei2']",104,"['ucabraal', 'akozel2', 'lee827', 'vwinner2', 'prakash4', 'ericcl', 'dantexdsc', 'c31601', 'chiakoonseng', 'senko888', 'mau1110', 'yang90', 'ehs1651', 'xkwak_2o13x', 'karenvila', 'chowdhu1', 'clare1', 'schreindog07', 'jkim273', 'aschult5', 'akambic2', 'starzerl', 'pjmikols', 'lin158', 'dziems', 'greennemesis', 'yapjiun1', 'ryohiro', 'moustachepash', 'graygnome', 'namitxyz', 'lin159', 'dklingl2', 'updatedversion', 'schang31', 'lokesh1', 'star0805', 'durreh', 'dxiao3', 'eumeki2', 'mrodri61', 'hpark56', 'rcrawfo2', 'dfairfi2', 'amalhot', 'tbhuang2', 'vram2', 'yap3', 'cgualbe2', 'mikerzings', 'joeraph', 'czych2', 'nmchang2', 'ko6', 'rmacino2', 'huiruxu2', 'gao19', 'dkelkho2', 'jweyhen2', 'bednarz1', 'lithus', 'bryan52803', 'csanch26', 'mboivin', 'xunjian', 'boogajamooga', 'jpay89', 'jain10', 'jhnsdlk', 'zklein2', 'lim28', 'rssoni2', 'janthon2', 'csahni2', 'eviltiki100', 'jthomp27', 'ortigar1', 'rahulshekhar', 'xingqian', 'bmrice', 'yang126', 'dpolic2', 'ntweidman', 'dhandle2', 'chingying89', 'lostres', 'dbhatn2', 'khanson5', 'gladtbx', 'cblount2', 'bchorag2', 'rpglenn2', 'dchavez4', 'amaitra218', 'keen2', 'jolinkuoi', 'mahir', 'sujaybhobe', 'pangano1', 'mannix1', 'harris33', 'phubarrr', 'spilarc2', 'huang139']",6,"['spidstrad', 'yjung22', 'hnandag2', 'batra2', 'spalkar2', None]",122,"['ucabraal', 'akozel2', 'lee827', 'mstryck2', 'vwinner2', 'prakash4', 'ericcl', 'dantexdsc', 'c31601', 'chiakoonseng', 'senko888', 'mau1110', 'yang90', 'ehs1651', 'xkwak_2o13x', 'rojas3', 'karenvila', 'chowdhu1', 'clare1', 'schreindog07', 'jkim273', 'hnandag2', 'aschult5', 'akambic2', 'yjung22', 'spalkar2', 'starzerl', 'pjmikols', 'lin158', 'dziems', 'greennemesis', 'yapjiun1', 'ryohiro', 'moustachepash', 'graygnome', 'namitxyz', 'lin159', 'dklingl2', 'updatedversion', 'schang31', 'lokesh1', 'star0805', 'nsimeun2', 'durreh', 'dxiao3', 'eumeki2', 'mrodri61', 'hpark56', 'rcrawfo2', 'dfairfi2', 'amalhot', 'tbhuang2', 'vram2', 'yap3', 'cgualbe2', 'mikerzings', 'dorgan2', 'spidstrad', 'haake1', 'joeraph', 'dkim211', 'czych2', 'msweene2', 'nmchang2', 'ko6', 'rmacino2', 'huiruxu2', 'gao19', 'dkelkho2', 'jweyhen2', 'bednarz1', 'lithus', 'bryan52803', 'csanch26', 'mboivin', 'xunjian', 'boogajamooga', 'rherms716', 'jpay89', 'rsulliv7', 'jain10', 'jhnsdlk', 'zklein2', 'lim28', 'batra2', 'rssoni2', 'janthon2', 'csahni2', 'ehofrei2', 'eviltiki100', 'jthomp27', 'ortigar1', 'rahulshekhar', 'xingqian', 'bmrice', 'yang126', 'dpolic2', 'ntweidman', 'dhandle2', 'chingying89', 'lostres', 'dbhatn2', 'khanson5', 'cisbrane', 'gladtbx', 'cblount2', 'bchorag2', 'rpglenn2', None, 'dchavez4', 'amaitra218', 'keen2', 'jolinkuoi', 'mahir', 'sujaybhobe', 'pangano1', 'malloy2', 'mannix1', 'harris33', 'phubarrr', 'spilarc2', 'huang139']"
2,57,117,16,14,"['xunjian', 'rsulliv7', 'bmrice', 'chingying89', 'ericcl', 'clare1', 'mahir', 'csahni2', 'sujaybhobe', 'jhnsdlk', 'mrodri61', 'chiakoonseng', 'amalhot', 'ehs1651']",102,"['ucabraal', 'akozel2', 'lee827', 'mstryck2', 'vwinner2', 'prakash4', 'dantexdsc', 'c31601', 'senko888', 'mau1110', 'yang90', 'xkwak_2o13x', 'rojas3', 'karenvila', 'chowdhu1', 'schreindog07', 'jkim273', 'aschult5', 'akambic2', 'starzerl', 'pjmikols', 'lin158', 'dziems', 'greennemesis', 'yapjiun1', 'ryohiro', 'moustachepash', 'graygnome', 'namitxyz', 'lin159', 'dklingl2', 'updatedversion', 'schang31', 'lokesh1', 'star0805', 'nsimeun2', 'durreh', 'dxiao3', 'eumeki2', 'hpark56', 'rcrawfo2', 'dfairfi2', 'tbhuang2', 'vram2', 'yap3', 'cgualbe2', 'mikerzings', 'dorgan2', 'haake1', 'joeraph', 'dkim211', 'czych2', 'msweene2', 'nmchang2', 'ko6', 'rmacino2', 'huiruxu2', 'gao19', 'dkelkho2', 'jweyhen2', 'bednarz1', 'lithus', 'bryan52803', 'csanch26', 'mboivin', 'boogajamooga', 'rherms716', 'jpay89', 'jain10', 'zklein2', 'lim28', 'rssoni2', 'janthon2', 'ehofrei2', 'eviltiki100', 'jthomp27', 'ortigar1', 'rahulshekhar', 'xingqian', 'yang126', 'dpolic2', 'ntweidman', 'dhandle2', 'lostres', 'dbhatn2', 'khanson5', 'cisbrane', 'gladtbx', 'cblount2', 'bchorag2', 'rpglenn2', 'dchavez4', 'amaitra218', 'keen2', 'jolinkuoi', 'pangano1', 'malloy2', 'mannix1', 'harris33', 'phubarrr', 'spilarc2', 'huang139']",2,"['trim120', None]",118,"['ucabraal', 'akozel2', 'lee827', 'mstryck2', 'vwinner2', 'prakash4', 'ericcl', 'dantexdsc', 'c31601', 'chiakoonseng', 'senko888', 'mau1110', 'yang90', 'ehs1651', 'xkwak_2o13x', 'rojas3', 'karenvila', 'chowdhu1', 'clare1', 'schreindog07', 'jkim273', 'aschult5', 'akambic2', 'starzerl', 'pjmikols', 'lin158', 'dziems', 'greennemesis', 'yapjiun1', 'ryohiro', 'moustachepash', 'graygnome', 'namitxyz', 'lin159', 'dklingl2', 'updatedversion', 'schang31', 'lokesh1', 'star0805', 'nsimeun2', 'durreh', 'dxiao3', 'eumeki2', 'mrodri61', 'hpark56', 'rcrawfo2', 'dfairfi2', 'amalhot', 'tbhuang2', 'vram2', 'yap3', 'cgualbe2', 'mikerzings', 'dorgan2', 'haake1', 'joeraph', 'dkim211', 'czych2', 'msweene2', 'nmchang2', 'ko6', 'rmacino2', 'huiruxu2', 'gao19', 'dkelkho2', 'jweyhen2', 'bednarz1', 'lithus', 'bryan52803', 'csanch26', 'mboivin', 'xunjian', 'boogajamooga', 'rherms716', 'jpay89', 'rsulliv7', 'jain10', 'jhnsdlk', 'trim120', 'zklein2', 'lim28', 'rssoni2', 'janthon2', 'csahni2', 'ehofrei2', 'eviltiki100', 'jthomp27', 'ortigar1', 'rahulshekhar', 'xingqian', 'bmrice', 'yang126', 'dpolic2', 'ntweidman', 'dhandle2', 'chingying89', 'lostres', 'dbhatn2', 'khanson5', 'cisbrane', 'gladtbx', 'cblount2', 'bchorag2', 'rpglenn2', None, 'dchavez4', 'amaitra218', 'keen2', 'jolinkuoi', 'mahir', 'sujaybhobe', 'pangano1', 'malloy2', 'mannix1', 'harris33', 'phubarrr', 'spilarc2', 'huang139']"
2,46,117,14,10,"['rahulshekhar', 'lithus', 'csanch26', 'mstryck2', 'rsulliv7', 'jain10', 'keen2', 'msweene2', 'moustachepash', 'dkelkho2']",106,"['ucabraal', 'akozel2', 'lee827', 'vwinner2', 'prakash4', 'ericcl', 'dantexdsc', 'c31601', 'chiakoonseng', 'senko888', 'mau1110', 'yang90', 'ehs1651', 'xkwak_2o13x', 'rojas3', 'karenvila', 'chowdhu1', 'clare1', 'schreindog07', 'jkim273', 'aschult5', 'akambic2', 'starzerl', 'pjmikols', 'lin158', 'dziems', 'greennemesis', 'yapjiun1', 'ryohiro', 'graygnome', 'namitxyz', 'lin159', 'dklingl2', 'updatedversion', 'schang31', 'lokesh1', 'star0805', 'nsimeun2', 'durreh', 'dxiao3', 'eumeki2', 'mrodri61', 'hpark56', 'rcrawfo2', 'dfairfi2', 'amalhot', 'tbhuang2', 'vram2', 'yap3', 'cgualbe2', 'mikerzings', 'dorgan2', 'haake1', 'joeraph', 'dkim211', 'czych2', 'nmchang2', 'ko6', 'rmacino2', 'huiruxu2', 'gao19', 'jweyhen2', 'bednarz1', 'bryan52803', 'mboivin', 'xunjian', 'boogajamooga', 'rherms716', 'jpay89', 'jhnsdlk', 'zklein2', 'lim28', 'rssoni2', 'janthon2', 'csahni2', 'ehofrei2', 'eviltiki100', 'jthomp27', 'ortigar1', 'xingqian', 'bmrice', 'yang126', 'dpolic2', 'ntweidman', 'dhandle2', 'chingying89', 'lostres', 'dbhatn2', 'khanson5', 'cisbrane', 'gladtbx', 'cblount2', 'bchorag2', 'rpglenn2', 'dchavez4', 'amaitra218', 'jolinkuoi', 'mahir', 'sujaybhobe', 'pangano1', 'malloy2', 'mannix1', 'harris33', 'phubarrr', 'spilarc2', 'huang139']",4,"['batra2', 'spidstrad', None, 'spalkar2']",120,"['ucabraal', 'akozel2', 'lee827', 'mstryck2', 'vwinner2', 'prakash4', 'ericcl', 'dantexdsc', 'c31601', 'chiakoonseng', 'senko888', 'mau1110', 'yang90', 'ehs1651', 'xkwak_2o13x', 'rojas3', 'karenvila', 'chowdhu1', 'clare1', 'schreindog07', 'jkim273', 'aschult5', 'akambic2', 'spalkar2', 'starzerl', 'pjmikols', 'lin158', 'dziems', 'greennemesis', 'yapjiun1', 'ryohiro', 'moustachepash', 'graygnome', 'namitxyz', 'lin159', 'dklingl2', 'updatedversion', 'schang31', 'lokesh1', 'star0805', 'nsimeun2', 'durreh', 'dxiao3', 'eumeki2', 'mrodri61', 'hpark56', 'rcrawfo2', 'dfairfi2', 'amalhot', 'tbhuang2', 'vram2', 'yap3', 'cgualbe2', 'mikerzings', 'dorgan2', 'spidstrad', 'haake1', 'joeraph', 'dkim211', 'czych2', 'msweene2', 'nmchang2', 'ko6', 'rmacino2', 'huiruxu2', 'gao19', 'dkelkho2', 'jweyhen2', 'bednarz1', 'lithus', 'bryan52803', 'csanch26', 'mboivin', 'xunjian', 'boogajamooga', 'rherms716', 'jpay89', 'rsulliv7', 'jain10', 'jhnsdlk', 'zklein2', 'lim28', 'batra2', 'rssoni2', 'janthon2', 'csahni2', 'ehofrei2', 'eviltiki100', 'jthomp27', 'ortigar1', 'rahulshekhar', 'xingqian', 'bmrice', 'yang126', 'dpolic2', 'ntweidman', 'dhandle2', 'chingying89', 'lostres', 'dbhatn2', 'khanson5', 'cisbrane', 'gladtbx', 'cblount2', 'bchorag2', 'rpglenn2', None, 'dchavez4', 'amaitra218', 'keen2', 'jolinkuoi', 'mahir', 'sujaybhobe', 'pangano1', 'malloy2', 'mannix1', 'harris33', 'phubarrr', 'spilarc2', 'huang139']"
2,79,117,12,11,"['dhandle2', 'bmrice', 'chingying89', 'ericcl', 'clare1', 'mahir', 'sujaybhobe', 'jhnsdlk', 'aschult5', 'mau1110', 'amalhot']",105,"['ucabraal', 'akozel2', 'lee827', 'mstryck2', 'vwinner2', 'prakash4', 'dantexdsc', 'c31601', 'chiakoonseng', 'senko888', 'yang90', 'ehs1651', 'xkwak_2o13x', 'rojas3', 'karenvila', 'chowdhu1', 'schreindog07', 'jkim273', 'akambic2', 'starzerl', 'pjmikols', 'lin158', 'dziems', 'greennemesis', 'yapjiun1', 'ryohiro', 'moustachepash', 'graygnome', 'namitxyz', 'lin159', 'dklingl2', 'updatedversion', 'schang31', 'lokesh1', 'star0805', 'nsimeun2', 'durreh', 'dxiao3', 'eumeki2', 'mrodri61', 'hpark56', 'rcrawfo2', 'dfairfi2', 'tbhuang2', 'vram2', 'yap3', 'cgualbe2', 'mikerzings', 'dorgan2', 'haake1', 'joeraph', 'dkim211', 'czych2', 'msweene2', 'nmchang2', 'ko6', 'rmacino2', 'huiruxu2', 'gao19', 'dkelkho2', 'jweyhen2', 'bednarz1', 'lithus', 'bryan52803', 'csanch26', 'mboivin', 'xunjian', 'boogajamooga', 'rherms716', 'jpay89', 'rsulliv7', 'jain10', 'zklein2', 'lim28', 'rssoni2', 'janthon2', 'csahni2', 'ehofrei2', 'eviltiki100', 'jthomp27', 'ortigar1', 'rahulshekhar', 'xingqian', 'yang126', 'dpolic2', 'ntweidman', 'lostres', 'dbhatn2', 'khanson5', 'cisbrane', 'gladtbx', 'cblount2', 'bchorag2', 'rpglenn2', 'dchavez4', 'amaitra218', 'keen2', 'jolinkuoi', 'pangano1', 'malloy2', 'mannix1', 'harris33', 'phubarrr', 'spilarc2', 'huang139']",1,[None],117,"['ucabraal', 'akozel2', 'lee827', 'mstryck2', 'vwinner2', 'prakash4', 'ericcl', 'dantexdsc', 'c31601', 'chiakoonseng', 'senko888', 'mau1110', 'yang90', 'ehs1651', 'xkwak_2o13x', 'rojas3', 'karenvila', 'chowdhu1', 'clare1', 'schreindog07', 'jkim273', 'aschult5', 'akambic2', 'starzerl', 'pjmikols', 'lin158', 'dziems', 'greennemesis', 'yapjiun1', 'ryohiro', 'moustachepash', 'graygnome', 'namitxyz', 'lin159', 'dklingl2', 'updatedversion', 'schang31', 'lokesh1', 'star0805', 'nsimeun2', 'durreh', 'dxiao3', 'eumeki2', 'mrodri61', 'hpark56', 'rcrawfo2', 'dfairfi2', 'amalhot', 'tbhuang2', 'vram2', 'yap3', 'cgualbe2', 'mikerzings', 'dorgan2', 'haake1', 'joeraph', 'dkim211', 'czych2', 'msweene2', 'nmchang2', 'ko6', 'rmacino2', 'huiruxu2', 'gao19', 'dkelkho2', 'jweyhen2', 'bednarz1', 'lithus', 'bryan52803', 'csanch26', 'mboivin', 'xunjian', 'boogajamooga', 'rherms716', 'jpay89', 'rsulliv7', 'jain10', 'jhnsdlk', 'zklein2', 'lim28', 'rssoni2', 'janthon2', 'csahni2', 'ehofrei2', 'eviltiki100', 'jthomp27', 'ortigar1', 'rahulshekhar', 'xingqian', 'bmrice', 'yang126', 'dpolic2', 'ntweidman', 'dhandle2', 'chingying89', 'lostres', 'dbhatn2', 'khanson5', 'cisbrane', 'gladtbx', 'cblount2', 'bchorag2', 'rpglenn2', None, 'dchavez4', 'amaitra218', 'keen2', 'jolinkuoi', 'mahir', 'sujaybhobe', 'pangano1', 'malloy2', 'mannix1', 'harris33', 'phubarrr', 'spilarc2', 'huang139']"
2,48,117,9,7,"['ericcl', 'amalhot', 'mrodri61', 'aschult5', 'chiakoonseng', 'huiruxu2', 'ehs1651']",109,"['ucabraal', 'akozel2', 'lee827', 'mstryck2', 'vwinner2', 'prakash4', 'dantexdsc', 'c31601', 'senko888', 'mau1110', 'yang90', 'xkwak_2o13x', 'rojas3', 'karenvila', 'chowdhu1', 'clare1', 'schreindog07', 'jkim273', 'akambic2', 'starzerl', 'pjmikols', 'lin158', 'dziems', 'greennemesis', 'yapjiun1', 'ryohiro', 'moustachepash', 'graygnome', 'namitxyz', 'lin159', 'dklingl2', 'updatedversion', 'schang31', 'lokesh1', 'star0805', 'nsimeun2', 'durreh', 'dxiao3', 'eumeki2', 'hpark56', 'rcrawfo2', 'dfairfi2', 'tbhuang2', 'vram2', 'yap3', 'cgualbe2', 'mikerzings', 'dorgan2', 'haake1', 'joeraph', 'dkim211', 'czych2', 'msweene2', 'nmchang2', 'ko6', 'rmacino2', 'gao19', 'dkelkho2', 'jweyhen2', 'bednarz1', 'lithus', 'bryan52803', 'csanch26', 'mboivin', 'xunjian', 'boogajamooga', 'rherms716', 'jpay89', 'rsulliv7', 'jain10', 'jhnsdlk', 'zklein2', 'lim28', 'rssoni2', 'janthon2', 'csahni2', 'ehofrei2', 'eviltiki100', 'jthomp27', 'ortigar1', 'rahulshekhar', 'xingqian', 'bmrice', 'yang126', 'dpolic2', 'ntweidman', 'dhandle2', 'chingying89', 'lostres', 'dbhatn2', 'khanson5', 'cisbrane', 'gladtbx', 'cblount2', 'bchorag2', 'rpglenn2', 'dchavez4', 'amaitra218', 'keen2', 'jolinkuoi', 'mahir', 'sujaybhobe', 'pangano1', 'malloy2', 'mannix1', 'harris33', 'phubarrr', 'spilarc2', 'huang139']",2,"[None, 'codenum273']",118,"['ucabraal', 'akozel2', 'lee827', 'mstryck2', 'vwinner2', 'prakash4', 'ericcl', 'dantexdsc', 'c31601', 'chiakoonseng', 'senko888', 'mau1110', 'yang90', 'ehs1651', 'xkwak_2o13x', 'rojas3', 'karenvila', 'chowdhu1', 'clare1', 'schreindog07', 'jkim273', 'aschult5', 'akambic2', 'starzerl', 'pjmikols', 'lin158', 'dziems', 'greennemesis', 'codenum273', 'yapjiun1', 'ryohiro', 'moustachepash', 'graygnome', 'namitxyz', 'lin159', 'dklingl2', 'updatedversion', 'schang31', 'lokesh1', 'star0805', 'nsimeun2', 'durreh', 'dxiao3', 'eumeki2', 'mrodri61', 'hpark56', 'rcrawfo2', 'dfairfi2', 'amalhot', 'tbhuang2', 'vram2', 'yap3', 'cgualbe2', 'mikerzings', 'dorgan2', 'haake1', 'joeraph', 'dkim211', 'czych2', 'msweene2', 'nmchang2', 'ko6', 'rmacino2', 'huiruxu2', 'gao19', 'dkelkho2', 'jweyhen2', 'bednarz1', 'lithus', 'bryan52803', 'csanch26', 'mboivin', 'xunjian', 'boogajamooga', 'rherms716', 'jpay89', 'rsulliv7', 'jain10', 'jhnsdlk', 'zklein2', 'lim28', 'rssoni2', 'janthon2', 'csahni2', 'ehofrei2', 'eviltiki100', 'jthomp27', 'ortigar1', 'rahulshekhar', 'xingqian', 'bmrice', 'yang126', 'dpolic2', 'ntweidman', 'dhandle2', 'chingying89', 'lostres', 'dbhatn2', 'khanson5', 'cisbrane', 'gladtbx', 'cblount2', 'bchorag2', 'rpglenn2', None, 'dchavez4', 'amaitra218', 'keen2', 'jolinkuoi', 'mahir', 'sujaybhobe', 'pangano1', 'malloy2', 'mannix1', 'harris33', 'phubarrr', 'spilarc2', 'huang139']"
2,53,117,9,1,['chingying89'],115,"['ucabraal', 'akozel2', 'lee827', 'mstryck2', 'vwinner2', 'prakash4', 'ericcl', 'dantexdsc', 'c31601', 'chiakoonseng', 'senko888', 'mau1110', 'yang90', 'ehs1651', 'xkwak_2o13x', 'rojas3', 'karenvila', 'chowdhu1', 'clare1', 'schreindog07', 'jkim273', 'aschult5', 'akambic2', 'starzerl', 'pjmikols', 'lin158', 'dziems', 'greennemesis', 'yapjiun1', 'ryohiro', 'moustachepash', 'graygnome', 'namitxyz', 'lin159', 'dklingl2', 'updatedversion', 'schang31', 'lokesh1', 'star0805', 'nsimeun2', 'durreh', 'dxiao3', 'eumeki2', 'mrodri61', 'hpark56', 'rcrawfo2', 'dfairfi2', 'amalhot', 'tbhuang2', 'vram2', 'yap3', 'cgualbe2', 'mikerzings', 'dorgan2', 'haake1', 'joeraph', 'dkim211', 'czych2', 'msweene2', 'nmchang2', 'ko6', 'rmacino2', 'huiruxu2', 'gao19', 'dkelkho2', 'jweyhen2', 'bednarz1', 'lithus', 'bryan52803', 'csanch26', 'mboivin', 'xunjian', 'boogajamooga', 'rherms716', 'jpay89', 'rsulliv7', 'jain10', 'jhnsdlk', 'zklein2', 'lim28', 'rssoni2', 'janthon2', 'csahni2', 'ehofrei2', 'eviltiki100', 'jthomp27', 'ortigar1', 'rahulshekhar', 'xingqian', 'bmrice', 'yang126', 'dpolic2', 'ntweidman', 'dhandle2', 'lostres', 'dbhatn2', 'khanson5', 'cisbrane', 'gladtbx', 'cblount2', 'bchorag2', 'rpglenn2', 'dchavez4', 'amaitra218', 'keen2', 'jolinkuoi', 'mahir', 'sujaybhobe', 'pangano1', 'malloy2', 'mannix1', 'harris33', 'phubarrr', 'spilarc2', 'huang139']",8,"['amryan2', 'sembel1', 'raizada1', 'ran1363', 'jogah', 'kim413', 'mczarny', None]",124,"['sembel1', 'ucabraal', 'akozel2', 'lee827', 'mstryck2', 'vwinner2', 'prakash4', 'ericcl', 'dantexdsc', 'c31601', 'chiakoonseng', 'senko888', 'mau1110', 'yang90', 'ehs1651', 'xkwak_2o13x', 'rojas3', 'karenvila', 'chowdhu1', 'clare1', 'jogah', 'schreindog07', 'jkim273', 'aschult5', 'akambic2', 'starzerl', 'pjmikols', 'lin158', 'dziems', 'greennemesis', 'yapjiun1', 'ryohiro', 'moustachepash', 'graygnome', 'namitxyz', 'lin159', 'dklingl2', 'updatedversion', 'schang31', 'lokesh1', 'star0805', 'nsimeun2', 'durreh', 'dxiao3', 'eumeki2', 'kim413', 'mrodri61', 'hpark56', 'rcrawfo2', 'dfairfi2', 'amalhot', 'tbhuang2', 'vram2', 'yap3', 'cgualbe2', 'mikerzings', 'dorgan2', 'haake1', 'joeraph', 'dkim211', 'czych2', 'msweene2', 'nmchang2', 'ko6', 'rmacino2', 'huiruxu2', 'gao19', 'dkelkho2', 'jweyhen2', 'bednarz1', 'lithus', 'bryan52803', 'amryan2', 'raizada1', 'csanch26', 'mboivin', 'xunjian', 'boogajamooga', 'rherms716', 'jpay89', 'rsulliv7', 'jain10', 'jhnsdlk', 'zklein2', 'lim28', 'rssoni2', 'janthon2', 'csahni2', 'ehofrei2', 'eviltiki100', 'jthomp27', 'ortigar1', 'rahulshekhar', 'xingqian', 'bmrice', 'yang126', 'dpolic2', 'ntweidman', 'dhandle2', 'chingying89', 'lostres', 'dbhatn2', 'khanson5', 'cisbrane', 'gladtbx', 'mczarny', 'cblount2', 'bchorag2', 'rpglenn2', None, 'dchavez4', 'amaitra218', 'keen2', 'jolinkuoi', 'mahir', 'ran1363', 'sujaybhobe', 'pangano1', 'malloy2', 'mannix1', 'harris33', 'phubarrr', 'spilarc2', 'huang139']"
3,148,114,113,108,"['phesamadiin7515', 'woneill', 'agutmann26', 'spercic', 'mhuguena', 'kconrad', 'wpontius', 'jyoung5', 'ddbishop', 'aborcher', 'gohanto', 'abudgin', 'archit', 'd0uble3m', 'awarneck', 'taltaher', 'jukebox', 'gfisheri', 'dshayes', 'wlhodges', 'cpwerner', 'ljang', 'hd890708', 'adidwani', 'leiming1', 'amithundia', 'emschroe', 'numlauf', 'cromanof', 'dsilberb', 'reuter', 'amwalker', 'dbergb00', 'sbiswas', 'alextc87', 'boiler2029', 'msheko', 'dhasler', 'kjaggers', 'patel51', 'drpaulse', 'jjobrien', 'parkb', 'jrape', 'jlajeune', 'rwagner29', 'bsantiag', 'rohitdulal', 'doverstr', 'nsinopol', 'whussain', 'bwagner', 'ianbohannon', 'li155', 'tbbarnes', 'jmcohen', 'cmkeller', 'leelr', 'myerscl', 'jrachke', 'willia81', 'berryd', 'jpastrna', 'lin36purdueedu', 'sabrady619', 'psauerla', 'jtowlesm', 'mprochno', 'zalami', 'gstephan', 'elohmann', 'rtatro18', 'rjwilkin', 'lhenning', 'itipto00', 'devonmcdonough', 'rgieseck', 'alaterza13', 'lfleming', 'efgrimm', 'jang31', 'hlspu28', 'vbarge', 'klanter', 'kclarke', 'klelliot', 'gus16', 'crbrissman', 'mdettlof', 'jiafigli', 'abyers', 'lancekamiyama', 'mannk', 'b_ric', 'dlastukh', 'grimes', 'prabhu_m', 'jespich', 'jonescb', 'mrgardne', 'slui', 'mille198', 'rclarke', 'metz14', 'jlenker', 'nsamuels', 'alxdgr8', 'jamthor']",5,"['ktrusty', 'btelliot', 'kschenk', 'jkolhoff', 'bpbowman']",5,"['pmarepal', 'lrrose', 'atomori', 'lsapira', None]",118,"['phesamadiin7515', 'woneill', 'agutmann26', 'spercic', 'kschenk', 'mhuguena', 'kconrad', 'wpontius', 'jyoung5', 'ddbishop', 'aborcher', 'gohanto', 'abudgin', 'archit', 'd0uble3m', 'awarneck', 'taltaher', 'jukebox', 'gfisheri', 'dshayes', 'wlhodges', 'cpwerner', 'ljang', 'lsapira', 'hd890708', 'adidwani', 'leiming1', 'amithundia', 'emschroe', 'numlauf', 'ktrusty', 'btelliot', 'cromanof', 'dsilberb', 'reuter', 'amwalker', 'dbergb00', 'sbiswas', 'alextc87', 'boiler2029', 'msheko', 'dhasler', 'kjaggers', 'patel51', 'drpaulse', 'jjobrien', 'parkb', 'jrape', 'jlajeune', 'rwagner29', 'bsantiag', 'rohitdulal', 'doverstr', 'nsinopol', 'whussain', 'bwagner', 'ianbohannon', 'tbbarnes', 'jmcohen', 'cmkeller', 'leelr', 'myerscl', 'jrachke', 'willia81', 'berryd', 'jpastrna', 'lin36purdueedu', 'lrrose', 'sabrady619', 'psauerla', 'jtowlesm', 'pmarepal', 'mprochno', 'zalami', 'gstephan', 'elohmann', 'rtatro18', 'rjwilkin', 'atomori', 'alxdgr8', 'lhenning', 'itipto00', 'devonmcdonough', 'jkolhoff', 'rgieseck', 'alaterza13', 'lfleming', 'efgrimm', 'jang31', 'hlspu28', 'bpbowman', 'vbarge', 'klanter', 'kclarke', 'klelliot', 'gus16', 'crbrissman', 'mdettlof', 'jiafigli', 'abyers', 'lancekamiyama', 'mannk', 'b_ric', 'dlastukh', 'grimes', 'prabhu_m', 'jespich', 'jonescb', 'mrgardne', None, 'slui', 'mille198', 'rclarke', 'metz14', 'jlenker', 'nsamuels', 'li155', 'jamthor']"
3,152,114,103,98,"['phesamadiin7515', 'woneill', 'agutmann26', 'spercic', 'kschenk', 'mhuguena', 'kconrad', 'wpontius', 'jyoung5', 'ddbishop', 'gohanto', 'abudgin', 'd0uble3m', 'awarneck', 'taltaher', 'jukebox', 'gfisheri', 'wlhodges', 'cpwerner', 'ljang', 'hd890708', 'adidwani', 'leiming1', 'amithundia', 'emschroe', 'numlauf', 'ktrusty', 'cromanof', 'dsilberb', 'reuter', 'amwalker', 'dbergb00', 'sbiswas', 'alextc87', 'boiler2029', 'kjaggers', 'patel51', 'drpaulse', 'jjobrien', 'parkb', 'jrape', 'jlajeune', 'rwagner29', 'rohitdulal', 'doverstr', 'whussain', 'bwagner', 'ianbohannon', 'tbbarnes', 'jmcohen', 'cmkeller', 'leelr', 'myerscl', 'jrachke', 'willia81', 'berryd', 'jpastrna', 'lin36purdueedu', 'psauerla', 'jtowlesm', 'mprochno', 'zalami', 'gstephan', 'elohmann', 'rtatro18', 'rjwilkin', 'lhenning', 'itipto00', 'rgieseck', 'alaterza13', 'lfleming', 'efgrimm', 'jang31', 'hlspu28', 'bpbowman', 'klanter', 'kclarke', 'klelliot', 'gus16', 'crbrissman', 'mdettlof', 'jiafigli', 'abyers', 'lancekamiyama', 'mannk', 'b_ric', 'dlastukh', 'prabhu_m', 'jonescb', 'mrgardne', 'slui', 'mille198', 'rclarke', 'jlenker', 'metz14', 'nsamuels', 'alxdgr8', 'jamthor']",15,"['aborcher', 'msheko', 'dshayes', 'btelliot', 'archit', 'bsantiag', 'dhasler', 'grimes', 'sabrady619', 'jespich', 'li155', 'devonmcdonough', 'jkolhoff', 'nsinopol', 'vbarge']",5,"['irodrigo', 'pmarepal', 'lrrose', 'atomori', None]",118,"['phesamadiin7515', 'woneill', 'agutmann26', 'spercic', 'kschenk', 'mhuguena', 'kconrad', 'wpontius', 'jyoung5', 'ddbishop', 'aborcher', 'gohanto', 'abudgin', 'archit', 'd0uble3m', 'awarneck', 'taltaher', 'jukebox', 'gfisheri', 'dshayes', 'wlhodges', 'cpwerner', 'ljang', 'hd890708', 'adidwani', 'leiming1', 'amithundia', 'emschroe', 'numlauf', 'ktrusty', 'btelliot', 'cromanof', 'dsilberb', 'reuter', 'amwalker', 'dbergb00', 'sbiswas', 'alextc87', 'boiler2029', 'msheko', 'dhasler', 'kjaggers', 'patel51', 'drpaulse', 'jjobrien', 'parkb', 'jrape', 'jlajeune', 'rwagner29', 'bsantiag', 'rohitdulal', 'doverstr', 'nsinopol', 'whussain', 'bwagner', 'ianbohannon', 'tbbarnes', 'jmcohen', 'cmkeller', 'leelr', 'myerscl', 'jrachke', 'willia81', 'berryd', 'jpastrna', 'lin36purdueedu', 'lrrose', 'sabrady619', 'psauerla', 'jtowlesm', 'pmarepal', 'mprochno', 'zalami', 'gstephan', 'elohmann', 'rtatro18', 'rjwilkin', 'atomori', 'alxdgr8', 'lhenning', 'itipto00', 'devonmcdonough', 'jkolhoff', 'rgieseck', 'alaterza13', 'lfleming', 'efgrimm', 'jang31', 'hlspu28', 'bpbowman', 'vbarge', 'klanter', 'kclarke', 'klelliot', 'gus16', 'crbrissman', 'mdettlof', 'jiafigli', 'abyers', 'lancekamiyama', 'mannk', 'b_ric', 'dlastukh', 'grimes', 'prabhu_m', 'jespich', 'jonescb', 'mrgardne', None, 'slui', 'mille198', 'irodrigo', 'rclarke', 'metz14', 'jlenker', 'nsamuels', 'li155', 'jamthor']"
3,149,114,46,45,"['ktrusty', 'efgrimm', 'dsilberb', 'reuter', 'bwagner', 'spercic', 'kconrad', 'dbergb00', 'tbbarnes', 'wpontius', 'bpbowman', 'rgieseck', 'sbiswas', 'alextc87', 'abudgin', 'd0uble3m', 'dhasler', 'gus16', 'leelr', 'taltaher', 'mdettlof', 'jukebox', 'abyers', 'willia81', 'berryd', 'lancekamiyama', 'gfisheri', 'drpaulse', 'b_ric', 'wlhodges', 'lin36purdueedu', 'cpwerner', 'jespich', 'psauerla', 'rwagner29', 'mprochno', 'zalami', 'elohmann', 'rjwilkin', 'jlenker', 'devonmcdonough', 'alxdgr8', 'nsamuels', 'li155', 'nsinopol']",68,"['phesamadiin7515', 'woneill', 'btelliot', 'cromanof', 'agutmann26', 'whussain', 'jang31', 'amwalker', 'ianbohannon', 'kschenk', 'mhuguena', 'hlspu28', 'jmcohen', 'jyoung5', 'ddbishop', 'boiler2029', 'aborcher', 'gohanto', 'msheko', 'cmkeller', 'vbarge', 'archit', 'klanter', 'kclarke', 'awarneck', 'klelliot', 'kjaggers', 'myerscl', 'jrachke', 'crbrissman', 'jiafigli', 'patel51', 'jpastrna', 'mannk', 'dshayes', 'jjobrien', 'parkb', 'dlastukh', 'grimes', 'prabhu_m', 'ljang', 'sabrady619', 'jrape', 'jonescb', 'jlajeune', 'mrgardne', 'hd890708', 'jtowlesm', 'slui', 'mille198', 'adidwani', 'leiming1', 'bsantiag', 'rohitdulal', 'gstephan', 'amithundia', 'rtatro18', 'rclarke', 'metz14', 'doverstr', 'emschroe', 'lhenning', 'itipto00', 'jkolhoff', 'alaterza13', 'numlauf', 'lfleming', 'jamthor']",1,[None],114,"['phesamadiin7515', 'woneill', 'agutmann26', 'spercic', 'kschenk', 'mhuguena', 'kconrad', 'wpontius', 'jyoung5', 'ddbishop', 'aborcher', 'gohanto', 'abudgin', 'archit', 'd0uble3m', 'awarneck', 'taltaher', 'jukebox', 'gfisheri', 'dshayes', 'wlhodges', 'cpwerner', 'ljang', 'hd890708', 'adidwani', 'leiming1', 'amithundia', 'emschroe', 'numlauf', 'ktrusty', 'btelliot', 'cromanof', 'dsilberb', 'reuter', 'amwalker', 'dbergb00', 'sbiswas', 'alextc87', 'boiler2029', 'msheko', 'dhasler', 'kjaggers', 'patel51', 'drpaulse', 'jjobrien', 'parkb', 'jrape', 'jlajeune', 'rwagner29', 'bsantiag', 'rohitdulal', 'doverstr', 'nsinopol', 'whussain', 'bwagner', 'ianbohannon', 'tbbarnes', 'jmcohen', 'cmkeller', 'leelr', 'myerscl', 'jrachke', 'willia81', 'berryd', 'jpastrna', 'lin36purdueedu', 'sabrady619', 'psauerla', 'jtowlesm', 'mprochno', 'zalami', 'gstephan', 'elohmann', 'rtatro18', 'rjwilkin', 'alxdgr8', 'lhenning', 'itipto00', 'devonmcdonough', 'jkolhoff', 'rgieseck', 'alaterza13', 'lfleming', 'efgrimm', 'jang31', 'hlspu28', 'bpbowman', 'vbarge', 'klanter', 'kclarke', 'klelliot', 'gus16', 'crbrissman', 'mdettlof', 'jiafigli', 'abyers', 'lancekamiyama', 'mannk', 'b_ric', 'dlastukh', 'grimes', 'prabhu_m', 'jespich', 'jonescb', 'mrgardne', None, 'slui', 'mille198', 'rclarke', 'metz14', 'jlenker', 'nsamuels', 'li155', 'jamthor']"
3,153,114,39,38,"['ktrusty', 'dsilberb', 'reuter', 'spercic', 'kconrad', 'dbergb00', 'tbbarnes', 'wpontius', 'bpbowman', 'rgieseck', 'alextc87', 'abudgin', 'd0uble3m', 'gus16', 'leelr', 'taltaher', 'mdettlof', 'abyers', 'berryd', 'lancekamiyama', 'drpaulse', 'b_ric', 'wlhodges', 'lin36purdueedu', 'cpwerner', 'jespich', 'jrape', 'psauerla', 'rwagner29', 'mprochno', 'zalami', 'elohmann', 'rjwilkin', 'jlenker', 'metz14', 'devonmcdonough', 'li155', 'nsinopol']",75,"['phesamadiin7515', 'woneill', 'btelliot', 'cromanof', 'agutmann26', 'whussain', 'efgrimm', 'jang31', 'bwagner', 'amwalker', 'ianbohannon', 'kschenk', 'mhuguena', 'hlspu28', 'jmcohen', 'sbiswas', 'jyoung5', 'ddbishop', 'boiler2029', 'aborcher', 'gohanto', 'msheko', 'cmkeller', 'itipto00', 'archit', 'vbarge', 'klanter', 'awarneck', 'kclarke', 'dhasler', 'klelliot', 'kjaggers', 'myerscl', 'jrachke', 'crbrissman', 'jukebox', 'willia81', 'patel51', 'jiafigli', 'gfisheri', 'jpastrna', 'mannk', 'dshayes', 'jjobrien', 'parkb', 'dlastukh', 'grimes', 'prabhu_m', 'ljang', 'sabrady619', 'jonescb', 'jlajeune', 'mrgardne', 'hd890708', 'jtowlesm', 'slui', 'mille198', 'adidwani', 'leiming1', 'bsantiag', 'rohitdulal', 'gstephan', 'amithundia', 'rtatro18', 'rclarke', 'doverstr', 'emschroe', 'lhenning', 'nsamuels', 'alxdgr8', 'jkolhoff', 'alaterza13', 'numlauf', 'lfleming', 'jamthor']",1,[None],114,"['phesamadiin7515', 'woneill', 'agutmann26', 'whussain', 'bwagner', 'spercic', 'ianbohannon', 'kschenk', 'mhuguena', 'kconrad', 'li155', 'tbbarnes', 'wpontius', 'jmcohen', 'jyoung5', 'ddbishop', 'cmkeller', 'aborcher', 'gohanto', 'abudgin', 'archit', 'd0uble3m', 'awarneck', 'leelr', 'myerscl', 'taltaher', 'jrachke', 'jukebox', 'willia81', 'berryd', 'gfisheri', 'jpastrna', 'dshayes', 'wlhodges', 'lin36purdueedu', 'cpwerner', 'ljang', 'sabrady619', 'psauerla', 'hd890708', 'jtowlesm', 'mprochno', 'adidwani', 'leiming1', 'zalami', 'gstephan', 'elohmann', 'amithundia', 'rtatro18', 'rjwilkin', 'emschroe', 'lhenning', 'itipto00', 'devonmcdonough', 'jkolhoff', 'rgieseck', 'alaterza13', 'numlauf', 'lfleming', 'ktrusty', 'efgrimm', 'btelliot', 'cromanof', 'dsilberb', 'reuter', 'jang31', 'amwalker', 'dbergb00', 'hlspu28', 'bpbowman', 'sbiswas', 'alextc87', 'vbarge', 'boiler2029', 'klanter', 'msheko', 'kclarke', 'dhasler', 'klelliot', 'kjaggers', 'gus16', 'crbrissman', 'mdettlof', 'jiafigli', 'patel51', 'abyers', 'lancekamiyama', 'mannk', 'drpaulse', 'b_ric', 'jjobrien', 'parkb', 'dlastukh', 'grimes', 'prabhu_m', 'jespich', 'jrape', 'jonescb', 'jlajeune', 'rwagner29', 'mrgardne', None, 'slui', 'mille198', 'rclarke', 'bsantiag', 'rohitdulal', 'metz14', 'jlenker', 'doverstr', 'nsamuels', 'alxdgr8', 'nsinopol', 'jamthor']"
3,146,114,28,27,"['reuter', 'spercic', 'kconrad', 'li155', 'tbbarnes', 'wpontius', 'bpbowman', 'sbiswas', 'alextc87', 'dhasler', 'gus16', 'taltaher', 'mdettlof', 'jukebox', 'abyers', 'willia81', 'drpaulse', 'jespich', 'rwagner29', 'mprochno', 'zalami', 'elohmann', 'rjwilkin', 'jlenker', 'alxdgr8', 'devonmcdonough', 'rgieseck']",86,"['phesamadiin7515', 'woneill', 'agutmann26', 'kschenk', 'mhuguena', 'jyoung5', 'ddbishop', 'aborcher', 'gohanto', 'abudgin', 'archit', 'd0uble3m', 'awarneck', 'gfisheri', 'dshayes', 'wlhodges', 'cpwerner', 'ljang', 'hd890708', 'adidwani', 'leiming1', 'amithundia', 'emschroe', 'numlauf', 'ktrusty', 'btelliot', 'cromanof', 'dsilberb', 'amwalker', 'dbergb00', 'boiler2029', 'msheko', 'kjaggers', 'patel51', 'jjobrien', 'parkb', 'jrape', 'jlajeune', 'bsantiag', 'rohitdulal', 'doverstr', 'nsinopol', 'whussain', 'bwagner', 'ianbohannon', 'jmcohen', 'cmkeller', 'leelr', 'myerscl', 'jrachke', 'berryd', 'jpastrna', 'lin36purdueedu', 'sabrady619', 'psauerla', 'jtowlesm', 'gstephan', 'rtatro18', 'lhenning', 'itipto00', 'jkolhoff', 'alaterza13', 'lfleming', 'efgrimm', 'jang31', 'hlspu28', 'vbarge', 'klanter', 'kclarke', 'klelliot', 'crbrissman', 'jiafigli', 'lancekamiyama', 'mannk', 'b_ric', 'dlastukh', 'grimes', 'prabhu_m', 'jonescb', 'mrgardne', 'slui', 'mille198', 'rclarke', 'metz14', 'nsamuels', 'jamthor']",1,[None],114,"['phesamadiin7515', 'woneill', 'agutmann26', 'whussain', 'bwagner', 'spercic', 'ianbohannon', 'kschenk', 'mhuguena', 'kconrad', 'li155', 'tbbarnes', 'wpontius', 'jmcohen', 'jyoung5', 'ddbishop', 'cmkeller', 'aborcher', 'gohanto', 'abudgin', 'archit', 'd0uble3m', 'awarneck', 'leelr', 'myerscl', 'taltaher', 'jrachke', 'jukebox', 'willia81', 'berryd', 'gfisheri', 'jpastrna', 'dshayes', 'wlhodges', 'lin36purdueedu', 'cpwerner', 'ljang', 'sabrady619', 'psauerla', 'hd890708', 'jtowlesm', 'mprochno', 'adidwani', 'leiming1', 'zalami', 'gstephan', 'elohmann', 'amithundia', 'rtatro18', 'rjwilkin', 'emschroe', 'lhenning', 'itipto00', 'devonmcdonough', 'jkolhoff', 'rgieseck', 'alaterza13', 'numlauf', 'lfleming', 'ktrusty', 'efgrimm', 'btelliot', 'cromanof', 'dsilberb', 'reuter', 'jang31', 'amwalker', 'dbergb00', 'hlspu28', 'bpbowman', 'sbiswas', 'alextc87', 'vbarge', 'boiler2029', 'klanter', 'msheko', 'kclarke', 'dhasler', 'klelliot', 'kjaggers', 'gus16', 'crbrissman', 'mdettlof', 'jiafigli', 'patel51', 'abyers', 'lancekamiyama', 'mannk', 'drpaulse', 'b_ric', 'jjobrien', 'parkb', 'dlastukh', 'grimes', 'prabhu_m', 'jespich', 'jrape', 'jonescb', 'jlajeune', 'rwagner29', 'mrgardne', None, 'slui', 'mille198', 'rclarke', 'bsantiag', 'rohitdulal', 'metz14', 'jlenker', 'doverstr', 'nsamuels', 'alxdgr8', 'nsinopol', 'jamthor']"
3,151,114,20,19,"['ktrusty', 'dsilberb', 'kconrad', 'bpbowman', 'd0uble3m', 'gus16', 'mdettlof', 'abyers', 'lancekamiyama', 'b_ric', 'drpaulse', 'wlhodges', 'rwagner29', 'mprochno', 'zalami', 'rjwilkin', 'jlenker', 'li155', 'nsinopol']",94,"['phesamadiin7515', 'woneill', 'agutmann26', 'whussain', 'bwagner', 'spercic', 'ianbohannon', 'kschenk', 'mhuguena', 'tbbarnes', 'wpontius', 'jmcohen', 'jyoung5', 'ddbishop', 'cmkeller', 'aborcher', 'gohanto', 'abudgin', 'archit', 'awarneck', 'leelr', 'myerscl', 'taltaher', 'jrachke', 'jukebox', 'willia81', 'berryd', 'gfisheri', 'jpastrna', 'dshayes', 'lin36purdueedu', 'cpwerner', 'ljang', 'sabrady619', 'psauerla', 'hd890708', 'jtowlesm', 'adidwani', 'leiming1', 'gstephan', 'elohmann', 'amithundia', 'rtatro18', 'emschroe', 'lhenning', 'itipto00', 'devonmcdonough', 'jkolhoff', 'rgieseck', 'alaterza13', 'numlauf', 'lfleming', 'efgrimm', 'btelliot', 'cromanof', 'reuter', 'jang31', 'amwalker', 'dbergb00', 'hlspu28', 'sbiswas', 'alextc87', 'vbarge', 'boiler2029', 'klanter', 'msheko', 'kclarke', 'dhasler', 'klelliot', 'kjaggers', 'crbrissman', 'jiafigli', 'patel51', 'mannk', 'jjobrien', 'parkb', 'dlastukh', 'grimes', 'prabhu_m', 'jespich', 'jrape', 'jonescb', 'jlajeune', 'mrgardne', 'slui', 'mille198', 'rclarke', 'bsantiag', 'rohitdulal', 'metz14', 'doverstr', 'nsamuels', 'alxdgr8', 'jamthor']",1,[None],114,"['phesamadiin7515', 'woneill', 'agutmann26', 'whussain', 'bwagner', 'spercic', 'ianbohannon', 'kschenk', 'mhuguena', 'kconrad', 'li155', 'tbbarnes', 'wpontius', 'jmcohen', 'jyoung5', 'ddbishop', 'cmkeller', 'aborcher', 'gohanto', 'abudgin', 'archit', 'd0uble3m', 'awarneck', 'leelr', 'myerscl', 'taltaher', 'jrachke', 'jukebox', 'willia81', 'berryd', 'gfisheri', 'jpastrna', 'dshayes', 'wlhodges', 'lin36purdueedu', 'cpwerner', 'ljang', 'sabrady619', 'psauerla', 'hd890708', 'jtowlesm', 'mprochno', 'adidwani', 'leiming1', 'zalami', 'gstephan', 'elohmann', 'amithundia', 'rtatro18', 'rjwilkin', 'emschroe', 'lhenning', 'itipto00', 'devonmcdonough', 'jkolhoff', 'rgieseck', 'alaterza13', 'numlauf', 'lfleming', 'ktrusty', 'efgrimm', 'btelliot', 'cromanof', 'dsilberb', 'reuter', 'jang31', 'amwalker', 'dbergb00', 'hlspu28', 'bpbowman', 'sbiswas', 'alextc87', 'vbarge', 'boiler2029', 'klanter', 'msheko', 'kclarke', 'dhasler', 'klelliot', 'kjaggers', 'gus16', 'crbrissman', 'mdettlof', 'jiafigli', 'patel51', 'abyers', 'lancekamiyama', 'mannk', 'drpaulse', 'b_ric', 'jjobrien', 'parkb', 'dlastukh', 'grimes', 'prabhu_m', 'jespich', 'jrape', 'jonescb', 'jlajeune', 'rwagner29', 'mrgardne', None, 'slui', 'mille198', 'rclarke', 'bsantiag', 'rohitdulal', 'metz14', 'jlenker', 'doverstr', 'nsamuels', 'alxdgr8', 'nsinopol', 'jamthor']"
3,147,114,8,6,"['abudgin', 'dlastukh', 'awarneck', 'amwalker', 'crbrissman', 'psauerla']",107,"['phesamadiin7515', 'woneill', 'agutmann26', 'whussain', 'bwagner', 'spercic', 'ianbohannon', 'kschenk', 'mhuguena', 'kconrad', 'li155', 'tbbarnes', 'wpontius', 'jmcohen', 'jyoung5', 'ddbishop', 'cmkeller', 'aborcher', 'gohanto', 'archit', 'd0uble3m', 'leelr', 'myerscl', 'taltaher', 'jrachke', 'jukebox', 'willia81', 'berryd', 'gfisheri', 'jpastrna', 'dshayes', 'wlhodges', 'lin36purdueedu', 'cpwerner', 'ljang', 'sabrady619', 'hd890708', 'jtowlesm', 'mprochno', 'adidwani', 'leiming1', 'zalami', 'gstephan', 'elohmann', 'amithundia', 'rtatro18', 'rjwilkin', 'emschroe', 'lhenning', 'itipto00', 'devonmcdonough', 'jkolhoff', 'rgieseck', 'alaterza13', 'numlauf', 'lfleming', 'ktrusty', 'efgrimm', 'btelliot', 'cromanof', 'dsilberb', 'reuter', 'jang31', 'dbergb00', 'hlspu28', 'bpbowman', 'sbiswas', 'alextc87', 'vbarge', 'boiler2029', 'klanter', 'msheko', 'kclarke', 'dhasler', 'klelliot', 'kjaggers', 'gus16', 'mdettlof', 'jiafigli', 'patel51', 'abyers', 'lancekamiyama', 'mannk', 'drpaulse', 'b_ric', 'jjobrien', 'parkb', 'grimes', 'prabhu_m', 'jespich', 'jrape', 'jonescb', 'jlajeune', 'rwagner29', 'mrgardne', 'slui', 'mille198', 'rclarke', 'bsantiag', 'rohitdulal', 'metz14', 'jlenker', 'doverstr', 'nsamuels', 'alxdgr8', 'nsinopol', 'jamthor']",2,"[None, 'atomori']",115,"['phesamadiin7515', 'woneill', 'agutmann26', 'whussain', 'bwagner', 'spercic', 'ianbohannon', 'kschenk', 'mhuguena', 'kconrad', 'li155', 'tbbarnes', 'wpontius', 'jmcohen', 'jyoung5', 'ddbishop', 'cmkeller', 'aborcher', 'gohanto', 'abudgin', 'archit', 'd0uble3m', 'awarneck', 'leelr', 'myerscl', 'taltaher', 'jrachke', 'jukebox', 'willia81', 'berryd', 'gfisheri', 'jpastrna', 'dshayes', 'wlhodges', 'lin36purdueedu', 'cpwerner', 'ljang', 'sabrady619', 'psauerla', 'hd890708', 'jtowlesm', 'mprochno', 'adidwani', 'leiming1', 'zalami', 'gstephan', 'elohmann', 'amithundia', 'rtatro18', 'rjwilkin', 'atomori', 'emschroe', 'lhenning', 'itipto00', 'devonmcdonough', 'jkolhoff', 'rgieseck', 'alaterza13', 'numlauf', 'lfleming', 'ktrusty', 'efgrimm', 'btelliot', 'cromanof', 'dsilberb', 'reuter', 'jang31', 'amwalker', 'dbergb00', 'hlspu28', 'bpbowman', 'sbiswas', 'alextc87', 'vbarge', 'boiler2029', 'klanter', 'msheko', 'kclarke', 'dhasler', 'klelliot', 'kjaggers', 'gus16', 'crbrissman', 'mdettlof', 'jiafigli', 'patel51', 'abyers', 'lancekamiyama', 'mannk', 'drpaulse', 'b_ric', 'jjobrien', 'parkb', 'dlastukh', 'grimes', 'prabhu_m', 'jespich', 'jrape', 'jonescb', 'jlajeune', 'rwagner29', 'mrgardne', None, 'slui', 'mille198', 'rclarke', 'bsantiag', 'rohitdulal', 'metz14', 'jlenker', 'doverstr', 'nsamuels', 'alxdgr8', 'nsinopol', 'jamthor']"
3,150,114,7,5,"['abudgin', 'dlastukh', 'awarneck', 'amwalker', 'crbrissman']",108,"['phesamadiin7515', 'woneill', 'agutmann26', 'whussain', 'bwagner', 'spercic', 'ianbohannon', 'kschenk', 'mhuguena', 'kconrad', 'li155', 'tbbarnes', 'wpontius', 'jmcohen', 'jyoung5', 'ddbishop', 'cmkeller', 'aborcher', 'gohanto', 'archit', 'd0uble3m', 'leelr', 'myerscl', 'taltaher', 'jrachke', 'jukebox', 'willia81', 'berryd', 'gfisheri', 'jpastrna', 'dshayes', 'wlhodges', 'lin36purdueedu', 'cpwerner', 'ljang', 'sabrady619', 'psauerla', 'hd890708', 'jtowlesm', 'mprochno', 'adidwani', 'leiming1', 'zalami', 'gstephan', 'elohmann', 'amithundia', 'rtatro18', 'rjwilkin', 'emschroe', 'lhenning', 'itipto00', 'devonmcdonough', 'jkolhoff', 'rgieseck', 'alaterza13', 'numlauf', 'lfleming', 'ktrusty', 'efgrimm', 'btelliot', 'cromanof', 'dsilberb', 'reuter', 'jang31', 'dbergb00', 'hlspu28', 'bpbowman', 'sbiswas', 'alextc87', 'vbarge', 'boiler2029', 'klanter', 'msheko', 'kclarke', 'dhasler', 'klelliot', 'kjaggers', 'gus16', 'mdettlof', 'jiafigli', 'patel51', 'abyers', 'lancekamiyama', 'mannk', 'drpaulse', 'b_ric', 'jjobrien', 'parkb', 'grimes', 'prabhu_m', 'jespich', 'jrape', 'jonescb', 'jlajeune', 'rwagner29', 'mrgardne', 'slui', 'mille198', 'rclarke', 'bsantiag', 'rohitdulal', 'metz14', 'jlenker', 'doverstr', 'nsamuels', 'alxdgr8', 'nsinopol', 'jamthor']",2,"[None, 'atomori']",115,"['phesamadiin7515', 'woneill', 'agutmann26', 'whussain', 'bwagner', 'spercic', 'ianbohannon', 'kschenk', 'mhuguena', 'kconrad', 'li155', 'tbbarnes', 'wpontius', 'jmcohen', 'jyoung5', 'ddbishop', 'cmkeller', 'aborcher', 'gohanto', 'abudgin', 'archit', 'd0uble3m', 'awarneck', 'leelr', 'myerscl', 'taltaher', 'jrachke', 'jukebox', 'willia81', 'berryd', 'gfisheri', 'jpastrna', 'dshayes', 'wlhodges', 'lin36purdueedu', 'cpwerner', 'ljang', 'sabrady619', 'psauerla', 'hd890708', 'jtowlesm', 'mprochno', 'adidwani', 'leiming1', 'zalami', 'gstephan', 'elohmann', 'amithundia', 'rtatro18', 'rjwilkin', 'atomori', 'emschroe', 'lhenning', 'itipto00', 'devonmcdonough', 'jkolhoff', 'rgieseck', 'alaterza13', 'numlauf', 'lfleming', 'ktrusty', 'efgrimm', 'btelliot', 'cromanof', 'dsilberb', 'reuter', 'jang31', 'amwalker', 'dbergb00', 'hlspu28', 'bpbowman', 'sbiswas', 'alextc87', 'vbarge', 'boiler2029', 'klanter', 'msheko', 'kclarke', 'dhasler', 'klelliot', 'kjaggers', 'gus16', 'crbrissman', 'mdettlof', 'jiafigli', 'patel51', 'abyers', 'lancekamiyama', 'mannk', 'drpaulse', 'b_ric', 'jjobrien', 'parkb', 'dlastukh', 'grimes', 'prabhu_m', 'jespich', 'jrape', 'jonescb', 'jlajeune', 'rwagner29', 'mrgardne', None, 'slui', 'mille198', 'rclarke', 'bsantiag', 'rohitdulal', 'metz14', 'jlenker', 'doverstr', 'nsamuels', 'alxdgr8', 'nsinopol', 'jamthor']"
4,15,60,46,44,"['liquid', 'pierre38', 'zhangcheng', 'leyet', 'psternativo', 'johnnyac', 'callewaerts', 'joepol87', 'dariocozza', 'dantep', 'drouardm', 'idzvan', 'bouzidk', 'xavierblanchard', 'ronanlashermes', 'alessandroarione', 'hamedaliabadi', 'tarkus86', 'allievo', 'cnyffeler', 'annecchino', 'angstrom', 'wenchi', 'elisa', 'passared', 'andrea', 'camillo', 'funwebeur', 'joelchevrier', 'pelisset', 'fab', 'claudiocanguro', 'genevieve_song', 'perrinv', 'daniele7', 'benjaminguilloud', 'ccalo', 'nagarajan_palavesam', 'folken', 'discman', 'benjaminnanotech', 'gregperret', 'dixiao', 'lambertw']",15,"['noregi', 'zlp2', 'lal70', 'srisonphan', 'riesch', 'mnc1pitt', 'rpkjr429', 'rohitv16', 'gyli9753', 'limingshan', 'brickou', 'tjm', 'smb62', 'lzh918', 'billlch']",2,"['geoffraf', None]",61,"['pierre38', 'psternativo', 'rpkjr429', 'callewaerts', 'joepol87', 'billlch', 'idzvan', 'bouzidk', 'zlp2', 'xavierblanchard', 'hamedaliabadi', 'allievo', 'cnyffeler', 'annecchino', 'angstrom', 'elisa', 'funwebeur', 'joelchevrier', 'srisonphan', 'claudiocanguro', 'perrinv', 'daniele7', 'ccalo', 'folken', 'benjaminguilloud', 'discman', 'dixiao', 'gregperret', 'liquid', 'lal70', 'riesch', 'zhangcheng', 'leyet', 'johnnyac', 'rohitv16', 'geoffraf', 'smb62', 'dariocozza', 'drouardm', 'dantep', 'noregi', 'ronanlashermes', 'alessandroarione', 'tarkus86', 'wenchi', 'passared', 'andrea', 'camillo', 'gyli9753', 'limingshan', None, 'pelisset', 'fab', 'genevieve_song', 'mnc1pitt', 'nagarajan_palavesam', 'benjaminnanotech', 'brickou', 'lzh918', 'tjm', 'lambertw']"
4,16,60,13,12,"['claudiocanguro', 'dixiao', 'alessandroarione', 'hamedaliabadi', 'tarkus86', 'allievo', 'nagarajan_palavesam', 'zhangcheng', 'discman', 'annecchino', 'dariocozza', 'dantep']",47,"['liquid', 'lal70', 'riesch', 'pierre38', 'leyet', 'psternativo', 'johnnyac', 'rpkjr429', 'rohitv16', 'callewaerts', 'joepol87', 'smb62', 'drouardm', 'billlch', 'idzvan', 'bouzidk', 'noregi', 'zlp2', 'xavierblanchard', 'ronanlashermes', 'lzh918', 'cnyffeler', 'angstrom', 'wenchi', 'elisa', 'passared', 'andrea', 'camillo', 'gyli9753', 'limingshan', 'funwebeur', 'joelchevrier', 'pelisset', 'fab', 'srisonphan', 'genevieve_song', 'perrinv', 'daniele7', 'ccalo', 'folken', 'mnc1pitt', 'benjaminnanotech', 'benjaminguilloud', 'gregperret', 'brickou', 'tjm', 'lambertw']",1,[None],60,"['liquid', 'lal70', 'riesch', 'pierre38', 'zhangcheng', 'leyet', 'psternativo', 'johnnyac', 'rpkjr429', 'rohitv16', 'callewaerts', 'joepol87', 'smb62', 'drouardm', 'dariocozza', 'dantep', 'billlch', 'idzvan', 'bouzidk', 'noregi', 'zlp2', 'xavierblanchard', 'ronanlashermes', 'alessandroarione', 'hamedaliabadi', 'tarkus86', 'allievo', 'lzh918', 'cnyffeler', 'annecchino', 'angstrom', 'wenchi', 'elisa', 'passared', 'andrea', 'camillo', 'gyli9753', 'limingshan', 'funwebeur', 'joelchevrier', None, 'pelisset', 'fab', 'srisonphan', 'genevieve_song', 'claudiocanguro', 'perrinv', 'daniele7', 'ccalo', 'folken', 'mnc1pitt', 'nagarajan_palavesam', 'benjaminnanotech', 'discman', 'benjaminguilloud', 'gregperret', 'brickou', 'dixiao', 'tjm', 'lambertw']"
4,14,60,10,9,"['noregi', 'srisonphan', 'lal70', 'zlp2', 'mnc1pitt', 'rpkjr429', 'gyli9753', 'limingshan', 'brickou']",50,"['liquid', 'riesch', 'pierre38', 'zhangcheng', 'leyet', 'psternativo', 'johnnyac', 'rohitv16', 'callewaerts', 'joepol87', 'smb62', 'drouardm', 'dariocozza', 'dantep', 'billlch', 'idzvan', 'bouzidk', 'xavierblanchard', 'ronanlashermes', 'alessandroarione', 'hamedaliabadi', 'tarkus86', 'allievo', 'lzh918', 'cnyffeler', 'annecchino', 'angstrom', 'wenchi', 'elisa', 'passared', 'andrea', 'camillo', 'funwebeur', 'joelchevrier', 'pelisset', 'fab', 'genevieve_song', 'claudiocanguro', 'perrinv', 'daniele7', 'ccalo', 'folken', 'nagarajan_palavesam', 'benjaminnanotech', 'discman', 'benjaminguilloud', 'gregperret', 'dixiao', 'tjm', 'lambertw']",1,[None],60,"['liquid', 'lal70', 'riesch', 'pierre38', 'zhangcheng', 'leyet', 'psternativo', 'johnnyac', 'rpkjr429', 'rohitv16', 'callewaerts', 'joepol87', 'smb62', 'drouardm', 'dariocozza', 'dantep', 'billlch', 'idzvan', 'bouzidk', 'noregi', 'zlp2', 'xavierblanchard', 'ronanlashermes', 'alessandroarione', 'hamedaliabadi', 'tarkus86', 'allievo', 'lzh918', 'cnyffeler', 'annecchino', 'angstrom', 'wenchi', 'elisa', 'passared', 'andrea', 'camillo', 'gyli9753', 'limingshan', 'funwebeur', 'joelchevrier', None, 'pelisset', 'fab', 'srisonphan', 'genevieve_song', 'claudiocanguro', 'perrinv', 'daniele7', 'ccalo', 'folken', 'mnc1pitt', 'nagarajan_palavesam', 'benjaminnanotech', 'discman', 'benjaminguilloud', 'gregperret', 'brickou', 'dixiao', 'tjm', 'lambertw']"
5,80,50,38,35,"['rawang', 'hsrascon', 'eddie_m', 'crystalhe88', 'vjabarca', 'ahkistler', 'royadams', 'rogerlin', 'goadeel', 'xt1an', 'hhsu', 'dmforer', 'mvasudeva', 'darel001', 'eruteng', 'skuang', 'worldsnexthero', 'jopray', 'ctap', 'gongbomb', 'pay8tt', 'wilsontam', 'jamesmorad', 'sunshine', 'vikramkhalsa', 'tlee139', 'abbyllee', 'jmalvarado', 'duru905', 'komalshah', 'rxvu76', 'holynec', 'sidthis', 'sahaskatta', 'mosfetmania']",14,"['nathanwest', 'pesaeteu', 'vikram12', 'olyaei', 'prototype', 'ismail_s', 'samauger', 'kiehlgroup', 'pregaldiny', 'farkle0079', 'iwildeso', 'whltecheese', 'zooley2', 'hhchan']",3,"['nguyenvn', 'drew3821', None]",52,"['rawang', 'eddie_m', 'hsrascon', 'crystalhe88', 'ahkistler', 'goadeel', 'xt1an', 'hhsu', 'hhchan', 'dmforer', 'mvasudeva', 'drew3821', 'darel001', 'iwildeso', 'ctap', 'gongbomb', 'prototype', 'ismail_s', 'whltecheese', 'sunshine', 'tlee139', 'jmalvarado', 'komalshah', 'holynec', 'sahaskatta', 'eruteng', 'mosfetmania', 'pesaeteu', 'vjabarca', 'royadams', 'rogerlin', 'farkle0079', 'nathanwest', 'vikram12', 'pregaldiny', 'worldsnexthero', 'skuang', 'zooley2', 'jopray', 'olyaei', 'nguyenvn', 'pay8tt', 'wilsontam', 'jamesmorad', None, 'vikramkhalsa', 'samauger', 'abbyllee', 'duru905', 'kiehlgroup', 'rxvu76', 'sidthis']"
5,82,50,7,5,"['crystalhe88', 'duru905', 'goadeel', 'whltecheese', 'hhchan']",44,"['rawang', 'pesaeteu', 'eddie_m', 'hsrascon', 'vjabarca', 'ahkistler', 'royadams', 'rogerlin', 'xt1an', 'hhsu', 'farkle0079', 'nathanwest', 'vikram12', 'dmforer', 'mvasudeva', 'pregaldiny', 'darel001', 'iwildeso', 'worldsnexthero', 'skuang', 'zooley2', 'gongbomb', 'ctap', 'jopray', 'olyaei', 'prototype', 'ismail_s', 'sahaskatta', 'pay8tt', 'jamesmorad', 'wilsontam', 'sunshine', 'vikramkhalsa', 'tlee139', 'samauger', 'abbyllee', 'jmalvarado', 'komalshah', 'kiehlgroup', 'rxvu76', 'holynec', 'sidthis', 'eruteng', 'mosfetmania']",2,"['egaytan', None]",51,"['rawang', 'pesaeteu', 'eddie_m', 'hsrascon', 'crystalhe88', 'vjabarca', 'ahkistler', 'royadams', 'rogerlin', 'goadeel', 'xt1an', 'hhsu', 'farkle0079', 'nathanwest', 'hhchan', 'vikram12', 'dmforer', 'mvasudeva', 'pregaldiny', 'darel001', 'iwildeso', 'worldsnexthero', 'skuang', 'zooley2', 'gongbomb', 'ctap', 'jopray', 'egaytan', 'olyaei', 'prototype', 'ismail_s', 'sahaskatta', 'pay8tt', 'whltecheese', 'jamesmorad', 'wilsontam', 'sunshine', None, 'vikramkhalsa', 'tlee139', 'samauger', 'abbyllee', 'duru905', 'jmalvarado', 'komalshah', 'kiehlgroup', 'rxvu76', 'holynec', 'sidthis', 'eruteng', 'mosfetmania']"
6,65,49,53,47,"['fengk', 'aecooper', 'sglynn', 'wrucker', 'csun', 'mduffey', 'ahinsh00', 'pskagm', 'agmarche', 'behaley', 'asaski', 'rkusuma', 'acroson', 'jburdesk', 'cbrinton07', 'heginator16', 'mchuber', 'nghadial', 'xueh', 'aavincen', 'sun16', 'liangz', 'jcflanag', 'jshennin', 'skunplin', 'ahuaxi', 'ander107', 'svpeders', 'bae4', 'takinfe', 'foster8', 'kspano', 'kharry', 'cbcooper', 'hsale', 'jmccarle', 'kjpatter', 'lsamad', 'knights2715', 'ccurti00', 'bruchte', 'monsterd5', 'zbo', 'gnave', 'ddkelly', 'lkearney', 'tepowers']",1,['dely'],6,"['sesulliv', 'redwing', 'gmendis', 'alexb2539', 'rmcgrail', None]",54,"['fengk', 'aecooper', 'sglynn', 'wrucker', 'csun', 'rmcgrail', 'agmarche', 'sesulliv', 'alexb2539', 'xueh', 'sun16', 'liangz', 'jcflanag', 'skunplin', 'gmendis', 'ahuaxi', 'ander107', 'svpeders', 'takinfe', 'foster8', 'kjpatter', 'ccurti00', 'bruchte', 'monsterd5', 'zbo', 'gnave', 'ddkelly', 'lkearney', 'tepowers', 'mduffey', 'ahinsh00', 'pskagm', 'behaley', 'asaski', 'rkusuma', 'acroson', 'jburdesk', 'cbrinton07', 'heginator16', 'mchuber', 'nghadial', 'aavincen', 'jshennin', 'bae4', None, 'kspano', 'kharry', 'hsale', 'jmccarle', 'redwing', 'lsamad', 'knights2715', 'dely', 'cbcooper']"
6,91,49,36,26,"['aecooper', 'fengk', 'sglynn', 'wrucker', 'asaski', 'rkusuma', 'acroson', 'cbrinton07', 'mchuber', 'heginator16', 'nghadial', 'xueh', 'jcflanag', 'skunplin', 'ander107', 'bae4', 'takinfe', 'kspano', 'kharry', 'hsale', 'knights2715', 'monsterd5', 'zbo', 'gnave', 'ddkelly', 'lkearney']",22,"['csun', 'mduffey', 'ahinsh00', 'agmarche', 'pskagm', 'behaley', 'jburdesk', 'aavincen', 'sun16', 'liangz', 'jshennin', 'ahuaxi', 'svpeders', 'foster8', 'cbcooper', 'jmccarle', 'kjpatter', 'lsamad', 'ccurti00', 'bruchte', 'dely', 'tepowers']",10,"['sesulliv', 'oxygenspin1', 'jbeaulieu', 'akraman', 'wgeary', 'gmendis', 'wrightbj', 'wandrbeck', 'iyums', None]",58,"['fengk', 'aecooper', 'sglynn', 'wrucker', 'csun', 'agmarche', 'sesulliv', 'xueh', 'sun16', 'liangz', 'jcflanag', 'skunplin', 'wgeary', 'gmendis', 'ahuaxi', 'ander107', 'svpeders', 'takinfe', 'foster8', 'jbeaulieu', 'kjpatter', 'ccurti00', 'bruchte', 'monsterd5', 'zbo', 'gnave', 'ddkelly', 'lkearney', 'tepowers', 'mduffey', 'wandrbeck', 'ahinsh00', 'pskagm', 'behaley', 'asaski', 'rkusuma', 'acroson', 'jburdesk', 'cbrinton07', 'heginator16', 'mchuber', 'nghadial', 'iyums', 'aavincen', 'oxygenspin1', 'jshennin', 'akraman', 'wrightbj', 'bae4', None, 'kspano', 'kharry', 'hsale', 'jmccarle', 'lsamad', 'knights2715', 'dely', 'cbcooper']"
6,92,49,7,4,"['bae4', 'acroson', 'ccurti00', 'ahinsh00']",44,"['fengk', 'aecooper', 'sglynn', 'wrucker', 'csun', 'mduffey', 'agmarche', 'pskagm', 'behaley', 'asaski', 'rkusuma', 'jburdesk', 'cbrinton07', 'heginator16', 'mchuber', 'nghadial', 'xueh', 'aavincen', 'sun16', 'liangz', 'jcflanag', 'jshennin', 'skunplin', 'ahuaxi', 'ander107', 'svpeders', 'tepowers', 'takinfe', 'foster8', 'kspano', 'kharry', 'hsale', 'jmccarle', 'kjpatter', 'lsamad', 'knights2715', 'bruchte', 'monsterd5', 'dely', 'zbo', 'gnave', 'ddkelly', 'lkearney', 'cbcooper']",3,"['akraman', None, 'cjwagner']",51,"['fengk', 'aecooper', 'sglynn', 'wrucker', 'csun', 'mduffey', 'ahinsh00', 'agmarche', 'pskagm', 'behaley', 'asaski', 'rkusuma', 'acroson', 'jburdesk', 'cjwagner', 'cbrinton07', 'heginator16', 'mchuber', 'nghadial', 'xueh', 'aavincen', 'sun16', 'liangz', 'jcflanag', 'jshennin', 'akraman', 'skunplin', 'ahuaxi', 'ander107', 'svpeders', 'bae4', 'tepowers', 'takinfe', 'foster8', None, 'kspano', 'kharry', 'hsale', 'jmccarle', 'kjpatter', 'lsamad', 'knights2715', 'ccurti00', 'bruchte', 'monsterd5', 'dely', 'zbo', 'gnave', 'ddkelly', 'lkearney', 'cbcooper']"
7,63,49,36,33,"['orescobedo', 'ablimjoco', 'wsmccormack', 'bjquon', 'honlamfung', 'mzdouris', 'yuchen', 'wchoy', 'lzora', 'cddirecto', 'npchin', 'jbbalthazor', 'jchindley', 'jmchrisler', 'jhzhang', 'sonic4', 'sjrivas', 'thasoeoo', 'alexcruz', 'mjtruong', 'aking', 'gcendejas', 'cklee1', 'srconant44', 'smoreno', 'jathomas1', 'mdgarcia', 'grbrown', 'mvmarquez', 'jahn', 'zainalabidin', 'dglopez', 'marhonemus']",15,"['amdozal', 'jvalmonte', 'dtu', 'eichenberger', 'browen', 'syedirfana', 'nickshute', 'babishoff', 'ehe', 'jcgoak', 'wpsmit', 'msmaranan', 'tpsequeira', 'kklad', 'schenka']",3,"['faltens', 'tashuck', None]",51,"['babishoff', 'wsmccormack', 'msmaranan', 'faltens', 'tashuck', 'honlamfung', 'mzdouris', 'wchoy', 'lzora', 'cddirecto', 'npchin', 'jbbalthazor', 'sjrivas', 'thasoeoo', 'alexcruz', 'mjtruong', 'aking', 'wpsmit', 'cklee1', 'srconant44', 'jathomas1', 'grbrown', 'nickshute', 'jcgoak', 'jahn', 'marhonemus', 'amdozal', 'orescobedo', 'eichenberger', 'ablimjoco', 'bjquon', 'yuchen', 'jvalmonte', 'jchindley', 'jmchrisler', 'kklad', 'schenka', 'jhzhang', 'sonic4', 'dtu', 'syedirfana', 'gcendejas', 'ehe', None, 'smoreno', 'browen', 'mdgarcia', 'mvmarquez', 'tpsequeira', 'zainalabidin', 'dglopez']"
7,64,49,15,14,"['jvalmonte', 'orescobedo', 'eichenberger', 'thasoeoo', 'syedirfana', 'grbrown', 'babishoff', 'aking', 'jahn', 'jmchrisler', 'msmaranan', 'wpsmit', 'dglopez', 'kklad']",34,"['amdozal', 'ablimjoco', 'wsmccormack', 'bjquon', 'honlamfung', 'mzdouris', 'yuchen', 'wchoy', 'lzora', 'cddirecto', 'npchin', 'jbbalthazor', 'jchindley', 'schenka', 'jhzhang', 'sonic4', 'dtu', 'sjrivas', 'alexcruz', 'gcendejas', 'mjtruong', 'ehe', 'cklee1', 'srconant44', 'smoreno', 'browen', 'jathomas1', 'mdgarcia', 'nickshute', 'mvmarquez', 'jcgoak', 'tpsequeira', 'zainalabidin', 'marhonemus']",1,[None],49,"['amdozal', 'orescobedo', 'eichenberger', 'ablimjoco', 'babishoff', 'wsmccormack', 'msmaranan', 'bjquon', 'honlamfung', 'mzdouris', 'yuchen', 'jvalmonte', 'wchoy', 'lzora', 'cddirecto', 'npchin', 'jbbalthazor', 'jchindley', 'jmchrisler', 'kklad', 'schenka', 'jhzhang', 'sonic4', 'dtu', 'sjrivas', 'syedirfana', 'thasoeoo', 'alexcruz', 'gcendejas', 'mjtruong', 'ehe', 'aking', 'wpsmit', None, 'cklee1', 'srconant44', 'smoreno', 'browen', 'jathomas1', 'mdgarcia', 'grbrown', 'nickshute', 'mvmarquez', 'jcgoak', 'jahn', 'tpsequeira', 'zainalabidin', 'dglopez', 'marhonemus']"
8,51,38,30,17,"['beminor2', 'kim857', 'raizada1', 'cliu35', 'ercetera', 'rgalvan2', 'tao7', 'franc21', 'ymoon4', 'dbostwi2', 'kim413', 'rredeno2', 'barmstr3', 'sirish989', 'jaredlesicko', 'lebedow1', 'roylee3']",20,"['apandya3', 'alaimo1', 'alllaw', 'daguri87', 'boilermaker2012', 'jhandz2', 'lee142', 'computerwiz0911', 'stevenjin2137', 'justintconroy', 'dany13hio', 'wbarnes2', 'choi129', 'mczarny', 'uno', 'leonid', 'bconnaghan', 'ran1363', 'bdjensen', 'georges4']",13,"['amryan2', 'logiconcepts819', 'boruichen', 'somnath2', 'ebelul2', 'dn21493234', 'cpoon2', 'codenum273', 'mikedaley5', 'dabbelt1', 'rohanbali', 'rosboro1', None]",50,"['kim857', 'apandya3', 'ercetera', 'alaimo1', 'dn21493234', 'rredeno2', 'alllaw', 'jaredlesicko', 'rohanbali', 'daguri87', 'boilermaker2012', 'jhandz2', 'roylee3', 'amryan2', 'logiconcepts819', 'raizada1', 'lee142', 'computerwiz0911', 'tao7', 'ebelul2', 'stevenjin2137', 'justintconroy', 'dany13hio', 'wbarnes2', 'choi129', 'beminor2', 'cpoon2', 'franc21', 'codenum273', 'dabbelt1', 'rosboro1', 'mczarny', 'uno', None, 'boruichen', 'leonid', 'somnath2', 'cliu35', 'rgalvan2', 'bconnaghan', 'ran1363', 'bdjensen', 'dbostwi2', 'kim413', 'mikedaley5', 'barmstr3', 'sirish989', 'lebedow1', 'georges4', 'ymoon4']"
8,52,38,18,12,"['apandya3', 'lee142', 'rgalvan2', 'alaimo1', 'bconnaghan', 'alllaw', 'stevenjin2137', 'justintconroy', 'daguri87', 'jhandz2', 'georges4', 'choi129']",25,"['kim857', 'ercetera', 'rredeno2', 'jaredlesicko', 'boilermaker2012', 'roylee3', 'raizada1', 'computerwiz0911', 'tao7', 'dany13hio', 'wbarnes2', 'beminor2', 'franc21', 'mczarny', 'uno', 'leonid', 'cliu35', 'ran1363', 'bdjensen', 'dbostwi2', 'kim413', 'barmstr3', 'sirish989', 'lebedow1', 'ymoon4']",6,"['codenum273', 'wilwizard', 'dabbelt1', 'missinglink41', 'dshih2', None]",43,"['kim857', 'apandya3', 'ercetera', 'alaimo1', 'rredeno2', 'alllaw', 'jaredlesicko', 'daguri87', 'boilermaker2012', 'jhandz2', 'roylee3', 'raizada1', 'lee142', 'computerwiz0911', 'tao7', 'stevenjin2137', 'justintconroy', 'dany13hio', 'wbarnes2', 'choi129', 'beminor2', 'franc21', 'codenum273', 'dabbelt1', 'mczarny', 'uno', 'dshih2', None, 'leonid', 'cliu35', 'rgalvan2', 'bconnaghan', 'ran1363', 'bdjensen', 'dbostwi2', 'kim413', 'wilwizard', 'barmstr3', 'sirish989', 'missinglink41', 'lebedow1', 'georges4', 'ymoon4']"
8,53,38,9,4,"['kim413', 'raizada1', 'ran1363', 'mczarny']",33,"['kim857', 'apandya3', 'ercetera', 'alaimo1', 'rredeno2', 'alllaw', 'jaredlesicko', 'daguri87', 'boilermaker2012', 'jhandz2', 'roylee3', 'lee142', 'computerwiz0911', 'tao7', 'stevenjin2137', 'justintconroy', 'dany13hio', 'wbarnes2', 'choi129', 'beminor2', 'franc21', 'uno', 'leonid', 'cliu35', 'rgalvan2', 'bconnaghan', 'bdjensen', 'dbostwi2', 'barmstr3', 'sirish989', 'lebedow1', 'georges4', 'ymoon4']",5,"['amryan2', 'sembel1', 'chingying89', 'jogah', None]",42,"['sembel1', 'kim857', 'apandya3', 'ercetera', 'alaimo1', 'rredeno2', 'alllaw', 'jaredlesicko', 'daguri87', 'boilermaker2012', 'jhandz2', 'roylee3', 'amryan2', 'raizada1', 'lee142', 'computerwiz0911', 'tao7', 'jogah', 'stevenjin2137', 'justintconroy', 'dany13hio', 'wbarnes2', 'choi129', 'beminor2', 'chingying89', 'franc21', 'mczarny', 'uno', None, 'leonid', 'cliu35', 'rgalvan2', 'bconnaghan', 'ran1363', 'bdjensen', 'dbostwi2', 'kim413', 'barmstr3', 'sirish989', 'lebedow1', 'georges4', 'ymoon4']"
9,62,33,33,31,"['vaheb', 'swlaukat', 'tjthrane', 'cdlindsay', 'ecplaczek', 'larabulan', 'gmsemaan', 'jerryl', 'sparvin', 'sjasfour', 'kjpowers', 'julienmedina', 'dlivey', 'ipeng', 'jdanley', 'kkbhaskaran', 'ajmanliguez', 'timothyyi', 'rbgruemmer', 'bsaiyadian', 'masigala', 'lisac', 'haotinglu', 'wplee', 'wonseokchoi', 'nno3132', 'jmmercado1', 'jesusromero', 'dmkiyabu', 'ltvo', 'aldoan']",1,['razvanticle'],2,"['tashuck', None]",34,"['vaheb', 'swlaukat', 'tjthrane', 'cdlindsay', 'tashuck', 'ecplaczek', 'larabulan', 'gmsemaan', 'jerryl', 'sparvin', 'sjasfour', 'kjpowers', 'julienmedina', 'dlivey', 'ipeng', 'ajmanliguez', 'kkbhaskaran', 'jdanley', 'timothyyi', 'rbgruemmer', 'masigala', 'lisac', 'haotinglu', 'wplee', None, 'wonseokchoi', 'nno3132', 'jmmercado1', 'jesusromero', 'razvanticle', 'aldoan', 'dmkiyabu', 'ltvo', 'bsaiyadian']"
10,67,31,31,21,"['jlcrawf3', 'pdeguzma', 'jdmsystems', 'hrabiah', 'twerho', 'sblanche', 'flathead8', 'tsantama', 'dayoung3', 'araujo2', 'greenmonster', 'bmrahal', 'jdebot', 'britt1', 'nsyeda', 'jgthwaits', 'luckyasbestos', 'jcstatzer88', 'jvahabza', 'jmlang2', 'ptvo']",9,"['stefano_aghion', 'jdgleason', 'chr21vb', 'jsale', 'bsimonds', 'dagojr', 'jls5ra', 'neilson', 'battulga']",10,"['skwan913', 'bkmitch1', 'xbebot', 'aawad2', 'ecricha1', 'yeeyeellu', 'jrschmidt2121', 'sealsjac', None, 'ajsingh27']",40,"['skwan913', 'jlcrawf3', 'bsimonds', 'yeeyeellu', 'jrschmidt2121', 'pdeguzma', 'jdmsystems', 'battulga', 'hrabiah', 'xbebot', 'twerho', 'sblanche', 'flathead8', 'dagojr', 'tsantama', 'dayoung3', 'ajsingh27', 'aawad2', 'araujo2', 'jls5ra', 'greenmonster', 'bmrahal', None, 'stefano_aghion', 'jdgleason', 'jdebot', 'chr21vb', 'britt1', 'bkmitch1', 'nsyeda', 'jgthwaits', 'jsale', 'ecricha1', 'luckyasbestos', 'jcstatzer88', 'jvahabza', 'neilson', 'sealsjac', 'jmlang2', 'ptvo']"
11,22,29,32,21,"['meet0204', 'strut86', 'lonron', 'midshipmen', 'babow', 'ohorha', 'han41858', 'cromago', 'skyus20', 'apple1216', 'cwj14', 'hyunjingoe', 'ahn0912', 'since0603', 'decm08', 'ashooca', 'fanavos', 'ldw1940', 'joo1897', 'ek7gales', 'justty']",7,"['neigk', 'srikar85', 'schwartz1562', 'wchern2', 'uchaker1', 'jiangt', 'addsum']",11,"['jej111', 'hoonsangyoon', 'tegilee', 'kminsuk021', 'mysoul37', 'jicastle2', 'kwonsmile', 'nikitree', 'a415040', None, 'shj0117']",39,"['jej111', 'meet0204', 'strut86', 'kminsuk021', 'mysoul37', 'lonron', 'nikitree', 'midshipmen', 'shj0117', 'babow', 'ohorha', 'srikar85', 'han41858', 'cromago', 'skyus20', 'uchaker1', 'addsum', 'neigk', 'hoonsangyoon', 'apple1216', 'cwj14', 'wchern2', 'hyunjingoe', 'ahn0912', 'kwonsmile', 'jiangt', None, 'since0603', 'decm08', 'ashooca', 'tegilee', 'schwartz1562', 'fanavos', 'jicastle2', 'ldw1940', 'a415040', 'joo1897', 'ek7gales', 'justty']"
11,23,29,26,21,"['meet0204', 'strut86', 'lonron', 'midshipmen', 'babow', 'ohorha', 'han41858', 'cromago', 'skyus20', 'neigk', 'apple1216', 'cwj14', 'hyunjingoe', 'ahn0912', 'since0603', 'ashooca', 'fanavos', 'ldw1940', 'joo1897', 'ek7gales', 'justty']",7,"['decm08', 'srikar85', 'schwartz1562', 'wchern2', 'uchaker1', 'jiangt', 'addsum']",5,"['jej111', 'kminsuk021', 'jicastle2', 'a415040', None]",33,"['jej111', 'meet0204', 'strut86', 'kminsuk021', 'lonron', 'midshipmen', 'babow', 'ohorha', 'srikar85', 'han41858', 'cromago', 'skyus20', 'uchaker1', 'addsum', 'neigk', 'apple1216', 'cwj14', 'wchern2', 'hyunjingoe', 'ahn0912', None, 'jiangt', 'since0603', 'decm08', 'ashooca', 'schwartz1562', 'fanavos', 'jicastle2', 'ldw1940', 'a415040', 'joo1897', 'ek7gales', 'justty']"
11,21,29,12,9,"['since0603', 'decm08', 'ashooca', 'hyunjingoe', 'ohorha', 'strut86', 'skyus20', 'ahn0912', 'midshipmen']",19,"['meet0204', 'lonron', 'babow', 'srikar85', 'han41858', 'cromago', 'uchaker1', 'addsum', 'neigk', 'apple1216', 'cwj14', 'wchern2', 'jiangt', 'schwartz1562', 'fanavos', 'ldw1940', 'joo1897', 'ek7gales', 'justty']",3,"['mysoul37', None, 'a415040']",31,"['meet0204', 'strut86', 'mysoul37', 'lonron', 'midshipmen', 'babow', 'ohorha', 'srikar85', 'han41858', 'cromago', 'skyus20', 'uchaker1', 'addsum', 'neigk', 'apple1216', 'cwj14', 'wchern2', 'hyunjingoe', 'ahn0912', None, 'jiangt', 'since0603', 'decm08', 'ashooca', 'schwartz1562', 'fanavos', 'ldw1940', 'a415040', 'joo1897', 'ek7gales', 'justty']"
12,129,29,14,13,"['vandersn', 'ushikiy', 'andysbarker', 'cditty', 'vanossj', 'stieberm', 'ender317', 'iamgodisme', 'j5pruneau', 'welserb', 'jcollins', 'bitwise', 'samsmith122']",15,"['seongsin', 'hilldou', 'qjohnnyp', 'nemerle', 'kraigrkmi', 'dbaranov', 'kyleharman', 'bijanc', 'labutler', 'sibel', 'carlhuetteman', 'jiaolh', 'bhaishahster', 'naniq', 'patrickmcb']",1,[None],29,"['qjohnnyp', 'andysbarker', 'cditty', 'j5pruneau', 'welserb', 'jcollins', 'bhaishahster', 'patrickmcb', 'seongsin', 'kyleharman', 'sibel', 'jiaolh', 'naniq', 'ushikiy', 'nemerle', 'kraigrkmi', 'dbaranov', 'vanossj', 'stieberm', 'ender317', 'samsmith122', None, 'vandersn', 'hilldou', 'bijanc', 'labutler', 'iamgodisme', 'carlhuetteman', 'bitwise']"
13,99,27,29,23,"['serag', 'moataz', 'ahmedemam', 'aa_ayoub', 'ahmed_elabyad', 'marwa', 'mhussein', 'kiridode', 'amr_elmasry', 'hanoy73', 'mmoftah', 'moatazhegab', 'anhrnti', 'abdulaziz80', 'abdulaleem', 'negm', 'moro', 'kymera', 'eauchy', 'hassan23', 'salehov', 'aymanmahgoub', 'shereef_23']",3,"['schieffe', 'wanjunjun', 'z45679420x']",6,"['mmatda1976', 'h_maksoud', 'm_fouly', 'ahmd_sadk', 'ahmedgad2007', None]",32,"['serag', 'h_maksoud', 'wanjunjun', 'moataz', 'ahmedemam', 'aa_ayoub', 'ahmed_elabyad', 'ahmedgad2007', 'marwa', 'mhussein', 'kiridode', 'm_fouly', 'amr_elmasry', 'hanoy73', 'mmatda1976', 'mmoftah', 'moatazhegab', 'anhrnti', 'abdulaziz80', 'ahmd_sadk', 'abdulaleem', 'negm', 'moro', None, 'schieffe', 'kymera', 'eauchy', 'z45679420x', 'hassan23', 'salehov', 'aymanmahgoub', 'shereef_23']"
14,80,25,38,1,['nguyenvn'],23,"['mazimazi', 'spiderweb432', 'pkashyap', 'shabnamm', 'mmsa', 'jackb', 'danielnavarrourrios', 'arashsalemi1976', 'ldeam', 'eponymous', 'besharat', 'spritelala', 'martinjiao', 'ashish1', 'bdforbes', 'panteafathi', 'reallionalover', 'sam_msu', 'wilsonb', 'nanosolar', 'muon', 'salimullah85', 'hdianat']",37,"['rawang', 'hsrascon', 'eddie_m', 'crystalhe88', 'vjabarca', 'ahkistler', 'royadams', 'rogerlin', 'goadeel', 'xt1an', 'hhsu', 'dmforer', 'mvasudeva', 'drew3821', 'darel001', 'eruteng', 'skuang', 'worldsnexthero', 'jopray', 'ctap', 'gongbomb', 'pay8tt', 'wilsontam', 'jamesmorad', None, 'sunshine', 'vikramkhalsa', 'tlee139', 'abbyllee', 'jmalvarado', 'duru905', 'komalshah', 'rxvu76', 'holynec', 'sidthis', 'sahaskatta', 'mosfetmania']",61,"['mazimazi', 'rawang', 'spiderweb432', 'hsrascon', 'eddie_m', 'crystalhe88', 'pkashyap', 'shabnamm', 'mmsa', 'vjabarca', 'jackb', 'ahkistler', 'royadams', 'danielnavarrourrios', 'rogerlin', 'goadeel', 'xt1an', 'ldeam', 'arashsalemi1976', 'eponymous', 'hhsu', 'besharat', 'dmforer', 'mvasudeva', 'drew3821', 'spritelala', 'darel001', 'eruteng', 'skuang', 'worldsnexthero', 'martinjiao', 'ctap', 'jopray', 'gongbomb', 'ashish1', 'bdforbes', 'panteafathi', 'reallionalover', 'sam_msu', 'holynec', 'nguyenvn', 'wilsonb', 'pay8tt', 'wilsontam', 'jamesmorad', None, 'sunshine', 'nanosolar', 'vikramkhalsa', 'tlee139', 'abbyllee', 'jmalvarado', 'duru905', 'komalshah', 'muon', 'salimullah85', 'rxvu76', 'hdianat', 'sidthis', 'sahaskatta', 'mosfetmania']"
14,84,25,21,11,"['besharat', 'ashish1', 'spiderweb432', 'nanosolar', 'shabnamm', 'mmsa', 'panteafathi', 'spritelala', 'salimullah85', 'arashsalemi1976', 'hdianat']",13,"['mazimazi', 'pkashyap', 'bdforbes', 'reallionalover', 'jackb', 'sam_msu', 'danielnavarrourrios', 'nguyenvn', 'muon', 'wilsonb', 'ldeam', 'eponymous', 'martinjiao']",10,"['guox0008', 'yutong', 'garidisk', 'smoulodi', 'bobang', 'm_maziar', 'arev', 'mikkni', 'guanxiaofei880530', None]",34,"['mazimazi', 'spiderweb432', 'pkashyap', 'shabnamm', 'mmsa', 'arev', 'jackb', 'danielnavarrourrios', 'ldeam', 'arashsalemi1976', 'eponymous', 'besharat', 'bobang', 'smoulodi', 'spritelala', 'martinjiao', 'ashish1', 'guox0008', 'yutong', 'bdforbes', 'panteafathi', 'reallionalover', 'sam_msu', 'nguyenvn', 'mikkni', 'guanxiaofei880530', 'wilsonb', None, 'nanosolar', 'garidisk', 'm_maziar', 'muon', 'salimullah85', 'hdianat']"
14,83,25,18,8,"['besharat', 'ashish1', 'nanosolar', 'shabnamm', 'panteafathi', 'salimullah85', 'arashsalemi1976', 'hdianat']",16,"['mazimazi', 'spiderweb432', 'pkashyap', 'bdforbes', 'mmsa', 'reallionalover', 'jackb', 'sam_msu', 'danielnavarrourrios', 'nguyenvn', 'muon', 'spritelala', 'wilsonb', 'ldeam', 'eponymous', 'martinjiao']",10,"['garidisk', 'm_maziar', 'amitgahoi143', 'smoulodi', 'bobang', 'arev', 'pooriaasa', 'mikkni', 'guanxiaofei880530', None]",34,"['mazimazi', 'spiderweb432', 'pkashyap', 'shabnamm', 'mmsa', 'arev', 'jackb', 'danielnavarrourrios', 'pooriaasa', 'ldeam', 'arashsalemi1976', 'eponymous', 'besharat', 'bobang', 'smoulodi', 'spritelala', 'martinjiao', 'ashish1', 'bdforbes', 'panteafathi', 'reallionalover', 'sam_msu', 'nguyenvn', 'mikkni', 'guanxiaofei880530', 'wilsonb', None, 'nanosolar', 'garidisk', 'm_maziar', 'amitgahoi143', 'muon', 'salimullah85', 'hdianat']"
14,87,25,18,9,"['mazimazi', 'ashish1', 'spiderweb432', 'shabnamm', 'panteafathi', 'mmsa', 'reallionalover', 'spritelala', 'hdianat']",15,"['besharat', 'nanosolar', 'arashsalemi1976', 'pkashyap', 'bdforbes', 'jackb', 'sam_msu', 'danielnavarrourrios', 'nguyenvn', 'muon', 'salimullah85', 'wilsonb', 'ldeam', 'eponymous', 'martinjiao']",9,"['garidisk', 'm_maziar', 'guox0008', 'yutong', 'bobang', 'smoulodi', 'arev', 'mikkni', None]",33,"['mazimazi', 'spiderweb432', 'pkashyap', 'shabnamm', 'mmsa', 'arev', 'jackb', 'danielnavarrourrios', 'ldeam', 'arashsalemi1976', 'eponymous', 'besharat', 'bobang', 'smoulodi', 'spritelala', 'martinjiao', 'ashish1', 'guox0008', 'yutong', 'bdforbes', 'panteafathi', 'reallionalover', 'sam_msu', 'nguyenvn', 'mikkni', 'wilsonb', None, 'nanosolar', 'garidisk', 'm_maziar', 'muon', 'salimullah85', 'hdianat']"
14,10,25,14,1,['besharat'],23,"['mazimazi', 'spiderweb432', 'pkashyap', 'shabnamm', 'mmsa', 'jackb', 'danielnavarrourrios', 'arashsalemi1976', 'ldeam', 'eponymous', 'spritelala', 'martinjiao', 'ashish1', 'bdforbes', 'panteafathi', 'reallionalover', 'sam_msu', 'nguyenvn', 'wilsonb', 'nanosolar', 'muon', 'salimullah85', 'hdianat']",13,"['rouget', 'bellmanz', 'held', 'garidisk', 'm_maziar', 'littlemooncake', 'bobang', 'smoulodi', 'arev', 'guanxiaofei880530', 'mikkni', None, 'anderseklund']",37,"['mazimazi', 'spiderweb432', 'pkashyap', 'shabnamm', 'mmsa', 'arev', 'jackb', 'danielnavarrourrios', 'ldeam', 'arashsalemi1976', 'eponymous', 'rouget', 'besharat', 'bellmanz', 'bobang', 'smoulodi', 'spritelala', 'anderseklund', 'martinjiao', 'ashish1', 'bdforbes', 'panteafathi', 'reallionalover', 'sam_msu', 'nguyenvn', 'guanxiaofei880530', 'mikkni', 'wilsonb', None, 'nanosolar', 'held', 'garidisk', 'm_maziar', 'littlemooncake', 'muon', 'salimullah85', 'hdianat']"
14,88,25,10,7,"['pkashyap', 'bdforbes', 'jackb', 'muon', 'wilsonb', 'ldeam', 'eponymous']",17,"['mazimazi', 'besharat', 'ashish1', 'spiderweb432', 'nanosolar', 'shabnamm', 'mmsa', 'panteafathi', 'reallionalover', 'sam_msu', 'danielnavarrourrios', 'nguyenvn', 'spritelala', 'salimullah85', 'arashsalemi1976', 'hdianat', 'martinjiao']",3,"['jnnewn', None, 'ahmedhalima']",27,"['mazimazi', 'ashish1', 'spiderweb432', 'jnnewn', 'pkashyap', 'shabnamm', 'mmsa', 'bdforbes', 'jackb', 'panteafathi', 'reallionalover', 'danielnavarrourrios', 'sam_msu', 'nguyenvn', 'wilsonb', 'ldeam', 'arashsalemi1976', 'ahmedhalima', 'eponymous', None, 'besharat', 'nanosolar', 'muon', 'spritelala', 'salimullah85', 'hdianat', 'martinjiao']"
15,103,24,13,2,"['haotung', 'li3523']",21,"['viniger', 'anmuydarp', 'shamade', 'rdfianza', 'lnleblanc', 'mydunn', 'katzohki', 'mwpaton', 'jeffwebb', '2kunal', 'armandog', 'jmilosze', 'ycheng926', 'hotingliu', 'jvtruong', 'ssales', 'saki_kawa', 'mdgonzales', 'kevinng', 'hmontano', 'mjabri']",11,"['usudarshan', 'contribute', 'yangtzushun', 'heeshul', 'lynn', 'xchmiao', 'bradyates', 'jhakalpit', None, 'bladeseal', 'tiantianwar']",34,"['viniger', 'usudarshan', 'jmilosze', 'ycheng926', 'heeshul', 'xchmiao', 'tiantianwar', 'anmuydarp', 'shamade', 'jhakalpit', None, 'rdfianza', 'bladeseal', 'contribute', 'hotingliu', 'haotung', 'jvtruong', 'ssales', 'lnleblanc', 'mydunn', 'katzohki', 'mwpaton', 'li3523', 'jeffwebb', 'saki_kawa', 'mdgonzales', 'kevinng', 'yangtzushun', '2kunal', 'lynn', 'bradyates', 'hmontano', 'armandog', 'mjabri']"
15,60,24,12,9,"['jvtruong', 'ssales', 'lnleblanc', 'ycheng926', 'mdgonzales', 'mwpaton', 'katzohki', 'shamade', 'mjabri']",14,"['hotingliu', 'viniger', 'haotung', 'jmilosze', 'hmontano', 'mydunn', 'saki_kawa', 'kevinng', 'li3523', 'jeffwebb', '2kunal', 'anmuydarp', 'rdfianza', 'armandog']",3,"[None, 'tmt871', 'hkhasbini']",26,"['viniger', 'jmilosze', 'tmt871', 'ycheng926', 'anmuydarp', 'shamade', None, 'rdfianza', 'hotingliu', 'haotung', 'jvtruong', 'ssales', 'lnleblanc', 'mydunn', 'katzohki', 'mwpaton', 'li3523', 'jeffwebb', 'saki_kawa', 'mdgonzales', 'kevinng', '2kunal', 'hkhasbini', 'hmontano', 'armandog', 'mjabri']"
15,105,24,12,10,"['jvtruong', 'lnleblanc', 'ycheng926', 'mdgonzales', 'mwpaton', 'katzohki', 'shamade', 'hmontano', 'armandog', 'mjabri']",13,"['hotingliu', 'viniger', 'haotung', 'ssales', 'jmilosze', 'mydunn', 'saki_kawa', 'kevinng', 'li3523', 'jeffwebb', '2kunal', 'anmuydarp', 'rdfianza']",2,"[None, 'hkhasbini']",25,"['viniger', 'jmilosze', 'ycheng926', 'anmuydarp', 'shamade', None, 'rdfianza', 'hotingliu', 'haotung', 'jvtruong', 'ssales', 'lnleblanc', 'mydunn', 'katzohki', 'mwpaton', 'li3523', 'jeffwebb', 'saki_kawa', 'mdgonzales', 'kevinng', '2kunal', 'hkhasbini', 'hmontano', 'armandog', 'mjabri']"
15,104,24,10,7,"['hotingliu', 'ssales', 'lnleblanc', 'kevinng', 'mydunn', 'rdfianza', 'mjabri']",16,"['haotung', 'viniger', 'jvtruong', 'jmilosze', 'ycheng926', 'saki_kawa', 'katzohki', 'mwpaton', 'li3523', 'jeffwebb', 'mdgonzales', '2kunal', 'anmuydarp', 'shamade', 'hmontano', 'armandog']",3,"['hkhasbini', None, 'charleschen']",26,"['viniger', 'jmilosze', 'charleschen', 'ycheng926', 'anmuydarp', 'shamade', None, 'rdfianza', 'hotingliu', 'haotung', 'jvtruong', 'ssales', 'lnleblanc', 'mydunn', 'katzohki', 'mwpaton', 'li3523', 'jeffwebb', 'saki_kawa', 'mdgonzales', 'kevinng', '2kunal', 'hkhasbini', 'hmontano', 'armandog', 'mjabri']"
15,61,24,8,6,"['hotingliu', 'mydunn', 'kevinng', 'mdgonzales', 'shamade', 'rdfianza']",17,"['haotung', 'viniger', 'jvtruong', 'ssales', 'lnleblanc', 'jmilosze', 'ycheng926', 'saki_kawa', 'katzohki', 'mwpaton', 'li3523', 'jeffwebb', '2kunal', 'anmuydarp', 'hmontano', 'armandog', 'mjabri']",2,"['gomezmustafa', None]",25,"['viniger', 'jmilosze', 'ycheng926', 'anmuydarp', 'shamade', 'gomezmustafa', None, 'rdfianza', 'hotingliu', 'haotung', 'jvtruong', 'ssales', 'lnleblanc', 'mydunn', 'katzohki', 'mwpaton', 'li3523', 'jeffwebb', 'saki_kawa', 'mdgonzales', 'kevinng', '2kunal', 'hmontano', 'armandog', 'mjabri']"
16,145,22,12,11,"['whess', 'boilerjh', 'grovera', 'ojanovit', 'bkobin', 'owensec', 'clabelle', 'baharman', 'purduestudent343', 'ahmed11', 'mkokenoz']",10,"['kannen', 'arwilke', 'sstrege', 'jpetroff', 'sdang90', 'awlayton', 'wang391', 'btrewart', 'colorfula', 'phillijn']",1,[None],22,"['kannen', 'ojanovit', 'clabelle', 'sdang90', 'purduestudent343', 'awlayton', 'btrewart', 'ahmed11', None, 'sstrege', 'whess', 'arwilke', 'boilerjh', 'bkobin', 'grovera', 'owensec', 'baharman', 'jpetroff', 'wang391', 'colorfula', 'phillijn', 'mkokenoz']"
16,144,22,6,4,"['whess', 'kannen', 'awlayton', 'baharman']",17,"['arwilke', 'sstrege', 'boilerjh', 'bkobin', 'ojanovit', 'grovera', 'owensec', 'clabelle', 'jpetroff', 'sdang90', 'purduestudent343', 'wang391', 'btrewart', 'ahmed11', 'colorfula', 'phillijn', 'mkokenoz']",2,"[None, 'dixit0']",23,"['kannen', 'ojanovit', 'clabelle', 'sdang90', 'purduestudent343', 'awlayton', 'btrewart', 'ahmed11', None, 'sstrege', 'whess', 'arwilke', 'boilerjh', 'bkobin', 'grovera', 'owensec', 'baharman', 'jpetroff', 'wang391', 'colorfula', 'phillijn', 'dixit0', 'mkokenoz']"
17,97,20,22,19,"['engitp', 'anl297', 'sar647', 'hathaiamy', 'mikesilliman', 'cjkusel3', 'sirpsycho117', 'deknarok', 'avm752', 'andrearvonk', 'kjp264', 'sydneycope', 'kelseylindenschmidt', 'sts252', 'dlorenzini', 'mike67876', 'dikejacobs', 'nac159', 'mldunham']",0,[],3,"[None, 'ajh227', 'schatz']",22,"['engitp', 'anl297', 'sar647', 'hathaiamy', 'mikesilliman', 'cjkusel3', 'sirpsycho117', 'deknarok', 'avm752', 'andrearvonk', 'kjp264', 'sydneycope', 'ajh227', 'kelseylindenschmidt', 'sts252', 'dlorenzini', 'mike67876', 'schatz', None, 'dikejacobs', 'nac159', 'mldunham']"
17,98,20,22,17,"['engitp', 'dikejacobs', 'sirpsycho117', 'sts252', 'deknarok', 'anl297', 'avm752', 'dlorenzini', 'sar647', 'hathaiamy', 'andrearvonk', 'kjp264', 'mike67876', 'nac159', 'cjkusel3', 'kelseylindenschmidt', 'mldunham']",2,"['mikesilliman', 'sydneycope']",5,"['anl298', 'colinsheaff', 'ajh227', 'schatz', None]",24,"['engitp', 'anl297', 'sar647', 'hathaiamy', 'mikesilliman', 'cjkusel3', 'sirpsycho117', 'anl298', 'deknarok', 'avm752', 'andrearvonk', 'kjp264', 'sydneycope', 'ajh227', 'kelseylindenschmidt', 'sts252', 'dlorenzini', 'colinsheaff', 'mike67876', 'schatz', None, 'dikejacobs', 'nac159', 'mldunham']"
17,96,20,20,17,"['engitp', 'sirpsycho117', 'sts252', 'deknarok', 'anl297', 'avm752', 'dlorenzini', 'sar647', 'andrearvonk', 'mikesilliman', 'kjp264', 'mike67876', 'sydneycope', 'nac159', 'cjkusel3', 'kelseylindenschmidt', 'mldunham']",2,"['dikejacobs', 'hathaiamy']",3,"[None, 'ajh227', 'schatz']",22,"['engitp', 'anl297', 'sar647', 'hathaiamy', 'mikesilliman', 'cjkusel3', 'sirpsycho117', 'deknarok', 'avm752', 'andrearvonk', 'kjp264', 'sydneycope', 'ajh227', 'kelseylindenschmidt', 'sts252', 'dlorenzini', 'mike67876', 'schatz', None, 'dikejacobs', 'nac159', 'mldunham']"
17,38,20,7,5,"['sts252', 'deknarok', 'anl297', 'dlorenzini', 'mldunham']",14,"['engitp', 'dikejacobs', 'sirpsycho117', 'avm752', 'sar647', 'hathaiamy', 'andrearvonk', 'mikesilliman', 'kjp264', 'mike67876', 'sydneycope', 'nac159', 'cjkusel3', 'kelseylindenschmidt']",2,"['anl298', None]",21,"['engitp', 'sts252', 'anl297', 'dlorenzini', 'sar647', 'hathaiamy', 'mikesilliman', 'mike67876', 'cjkusel3', None, 'dikejacobs', 'sirpsycho117', 'anl298', 'deknarok', 'avm752', 'andrearvonk', 'kjp264', 'nac159', 'sydneycope', 'kelseylindenschmidt', 'mldunham']"
18,110,19,14,10,"['loparga5', 'jjchavez5', 'rcabrera', 'jhontiveros', 'fernandoa1', 'ejhernandez4', 'ralmendarez', 'amendoza21', 'pyvaldez', 'idflores']",8,"['midnjerry', 'aagesen', 'crkleinz', 'acrossi10', 'meescudero', 'mrsibar', 'jfgiron', 'andrew_tan2000']",4,"['adenova', 'ldfrederick', None, 'slfuller2']",22,"['adenova', 'loparga5', 'jjchavez5', 'meescudero', 'slfuller2', 'amendoza21', 'jfgiron', 'pyvaldez', None, 'andrew_tan2000', 'midnjerry', 'aagesen', 'crkleinz', 'acrossi10', 'rcabrera', 'jhontiveros', 'fernandoa1', 'ejhernandez4', 'ldfrederick', 'ralmendarez', 'mrsibar', 'idflores']"
19,127,19,35,3,"['jajimenez7', 'dacuna5', 'guest123']",15,"['tarqnology', 'acmesmond', 'bunu_karki', 'subrata003', 'naveenlp', 'daluke', 'sbaig', 'xplrr84', 'horanj', 'ionmx', 'dgenid', 'hickwillie', 'wvschoenfeld', 'lukarwacki', 'surfturf']",32,"['ljfalcon', 'jdejesus', 'srodriguez', 'josesan85', 'hseetao', 'moorozco', 'jacardenas4', 'darkdvnt', 'jqramirez', 'stella', 'tbermea', 'calopez2', 'rmanaya', 'mfranco', 'mcmarkulik', 'majaurrieta', 'egaytan', 'sonofsim', 'maearley', 'raguillen', 'josansan85', 'cemontalvo', None, 'vestrada', 'amtorres5', 'eurocar9', 'facnofoa', 'fjchagolla', 'hhmoreno', 'aaguilar8', 'ahmadfares', 'jrodriguez4']",50,"['tarqnology', 'ljfalcon', 'josesan85', 'srodriguez', 'sbaig', 'jdejesus', 'hseetao', 'horanj', 'ionmx', 'moorozco', 'jacardenas4', 'surfturf', 'bunu_karki', 'darkdvnt', 'jqramirez', 'naveenlp', 'stella', 'tbermea', 'dacuna5', 'guest123', 'xplrr84', 'calopez2', 'rmanaya', 'mfranco', 'mcmarkulik', 'majaurrieta', 'egaytan', 'acmesmond', 'sonofsim', 'jajimenez7', 'maearley', 'raguillen', 'dgenid', 'josansan85', 'cemontalvo', 'hickwillie', 'lukarwacki', None, 'vestrada', 'amtorres5', 'eurocar9', 'facnofoa', 'subrata003', 'fjchagolla', 'daluke', 'hhmoreno', 'aaguilar8', 'ahmadfares', 'wvschoenfeld', 'jrodriguez4']"
20,71,18,25,14,"['jwood1985', 'nanohub1', 'nafgnahz', 'challa1', 'xiongfeng', 'jondavidyoung', 'iluvpizzansrk', 'sdutta3', 'jstrack2', 'arogach2', 'scott27', 'zhegao', 'fourclober', 'gaoyuguang']",3,"['amir1', 'arbabi', 'kmoses2']",11,"['idyller', 'gyg', 'rdowdy2', 'man2hero', 'fourclober2', 'benggriffin', 'mohamed', 'jaewondo3', None, 'jaewondo2', 'jandar']",28,"['amir1', 'gyg', 'rdowdy2', 'man2hero', 'xiongfeng', 'jondavidyoung', 'benggriffin', 'jstrack2', 'mohamed', 'jwood1985', 'nafgnahz', 'arbabi', 'sdutta3', 'jaewondo2', 'idyller', 'nanohub1', 'fourclober2', None, 'jandar', 'challa1', 'kmoses2', 'iluvpizzansrk', 'arogach2', 'scott27', 'zhegao', 'jaewondo3', 'fourclober', 'gaoyuguang']"
20,85,18,23,13,"['amir1', 'jwood1985', 'nafgnahz', 'challa1', 'jondavidyoung', 'kmoses2', 'arbabi', 'iluvpizzansrk', 'sdutta3', 'arogach2', 'scott27', 'zhegao', 'gaoyuguang']",4,"['jstrack2', 'nanohub1', 'xiongfeng', 'fourclober']",10,"['rdowdy2', 'man2hero', 'fourclober2', 'benggriffin', 'austinlyons', 'mohamed', 'clee97', None, 'jaewondo2', 'nanohubtwo']",27,"['amir1', 'rdowdy2', 'man2hero', 'xiongfeng', 'jondavidyoung', 'benggriffin', 'austinlyons', 'jstrack2', 'mohamed', 'clee97', 'nanohubtwo', 'jwood1985', 'nafgnahz', 'arbabi', 'sdutta3', 'jaewondo2', 'nanohub1', 'fourclober2', None, 'challa1', 'kmoses2', 'iluvpizzansrk', 'arogach2', 'scott27', 'zhegao', 'fourclober', 'gaoyuguang']"
20,138,18,21,13,"['amir1', 'jwood1985', 'nafgnahz', 'challa1', 'xiongfeng', 'jondavidyoung', 'arbabi', 'sdutta3', 'jstrack2', 'scott27', 'zhegao', 'fourclober', 'gaoyuguang']",4,"['arogach2', 'nanohub1', 'kmoses2', 'iluvpizzansrk']",8,"['rdowdy2', 'ichun2', 'benggriffin', 'austinlyons', 'mohamed', 'clee97', None, 'nanohubtwo']",25,"['amir1', 'rdowdy2', 'xiongfeng', 'jondavidyoung', 'benggriffin', 'austinlyons', 'jstrack2', 'mohamed', 'clee97', 'nanohubtwo', 'jwood1985', 'nafgnahz', 'ichun2', 'arbabi', 'sdutta3', 'nanohub1', None, 'challa1', 'kmoses2', 'iluvpizzansrk', 'arogach2', 'scott27', 'zhegao', 'fourclober', 'gaoyuguang']"
21,154,17,24,16,"['michelelee', 'mishu', 'armagnus', 'mtlin', 'jsteimel', 'simpsimp', 'pakles', 'arathir', 'drewwhis', 'swhudson', 'ajuan90', 'dsulas', 'frojas03', 'emcisaac', 'yulium', 'ssluo']",0,[],8,"['ehg', 'ttamas', 'mgibson', 'jhyoung73', 'pmelo', 'athakkar', None, 'jgrossman']",24,"['simpsimp', 'ttamas', 'drewwhis', 'pmelo', 'jgrossman', 'ehg', 'ssluo', 'ajuan90', 'athakkar', 'emcisaac', 'mgibson', 'dsulas', None, 'michelelee', 'mishu', 'armagnus', 'mtlin', 'jsteimel', 'pakles', 'arathir', 'swhudson', 'jhyoung73', 'yulium', 'frojas03']"
21,156,17,21,14,"['michelelee', 'mishu', 'armagnus', 'mtlin', 'jsteimel', 'simpsimp', 'arathir', 'drewwhis', 'ajuan90', 'dsulas', 'frojas03', 'emcisaac', 'yulium', 'ssluo']",2,"['pakles', 'swhudson']",7,"['mmgross', 'physiks87', 'jhyoung73', 'chandrak', 'dwhittle', None, 'jgrossman']",23,"['simpsimp', 'drewwhis', 'mmgross', 'dsulas', 'frojas03', None, 'michelelee', 'mishu', 'jgrossman', 'armagnus', 'mtlin', 'jsteimel', 'pakles', 'arathir', 'swhudson', 'ajuan90', 'physiks87', 'jhyoung73', 'chandrak', 'dwhittle', 'emcisaac', 'yulium', 'ssluo']"
21,157,17,7,5,"['armagnus', 'mtlin', 'arathir', 'drewwhis', 'ajuan90']",11,"['michelelee', 'mishu', 'jsteimel', 'simpsimp', 'pakles', 'swhudson', 'dsulas', 'frojas03', 'emcisaac', 'yulium', 'ssluo']",2,"['m_gibson', None]",18,"['m_gibson', 'simpsimp', 'drewwhis', 'dsulas', 'frojas03', None, 'michelelee', 'mishu', 'armagnus', 'mtlin', 'jsteimel', 'pakles', 'arathir', 'swhudson', 'ajuan90', 'emcisaac', 'yulium', 'ssluo']"
22,126,17,36,9,"['mnan', 'flegi', 'xsterb01', 'xtoman00', 'kroco', 'michalec', 'xsvobo19', 'xzakon00', 'xprikr21']",7,"['xrasop00', 'xpauke00', 'ambroz', 'mattoni', 'kriss', 'xfoglm00', 'xciesl03']",27,"['xchalu08', 'lsoukup', 'mlsanek', 'mariocz', 'pospisal', 'tomako9', 'xjirou05', 'libisz', 'easys2', 'pik', 'nipperbook', 'xstodu03vut', 'kraml', 'lachrp', 'p4av31', 'pitris', 'mstar', 'bucta', 'siq', None, 'sayer', 'pepek', 'petrkrivka', 'xliprt00', 'budikm', 'lukec', 'antimonek']",43,"['xchalu08', 'flegi', 'lsoukup', 'mlsanek', 'xtoman00', 'mariocz', 'michalec', 'pospisal', 'tomako9', 'xciesl03', 'xjirou05', 'libisz', 'easys2', 'pik', 'nipperbook', 'xstodu03vut', 'kriss', 'xfoglm00', 'xprikr21', 'kraml', 'mnan', 'lachrp', 'xsterb01', 'p4av31', 'pitris', 'mstar', 'bucta', 'siq', None, 'sayer', 'xrasop00', 'pepek', 'petrkrivka', 'xpauke00', 'ambroz', 'xliprt00', 'kroco', 'xsvobo19', 'xzakon00', 'mattoni', 'budikm', 'lukec', 'antimonek']"
22,75,17,35,9,"['mnan', 'flegi', 'xsterb01', 'xtoman00', 'kroco', 'michalec', 'xsvobo19', 'xzakon00', 'mattoni']",7,"['xrasop00', 'xpauke00', 'ambroz', 'kriss', 'xfoglm00', 'xciesl03', 'xprikr21']",26,"['lsoukup', 'funko', 'libiszd', 'tomako9', 'xholis00', 'pik', 'nipperbook', 'zavodka', 'kraml', 'deynekas', 'lachrp', 'p4av31', 'pitris', 'mstar', 'perruzzi', 'pjoter', None, 'lukec', 'sayer', 'bilymorce', 'pepek', 'xliprt00', 'symir', 'budikm', '2e0rge', 'antimonek']",42,"['flegi', 'lsoukup', 'xtoman00', 'michalec', 'funko', 'libiszd', 'tomako9', 'xciesl03', 'xholis00', 'pik', 'nipperbook', 'kriss', 'xfoglm00', 'xprikr21', 'zavodka', 'kraml', 'mnan', 'deynekas', 'lachrp', 'xsterb01', 'p4av31', 'pitris', 'mstar', 'perruzzi', 'pjoter', None, 'lukec', 'sayer', 'xrasop00', 'bilymorce', 'pepek', 'xpauke00', 'ambroz', 'xliprt00', 'symir', 'kroco', 'xsvobo19', 'xzakon00', 'mattoni', 'budikm', '2e0rge', 'antimonek']"
22,106,17,35,9,"['mnan', 'flegi', 'xsterb01', 'xtoman00', 'kroco', 'michalec', 'xsvobo19', 'xzakon00', 'mattoni']",7,"['xrasop00', 'xpauke00', 'ambroz', 'kriss', 'xfoglm00', 'xciesl03', 'xprikr21']",26,"['lsoukup', 'funko', 'libiszd', 'tomako9', 'xholis00', 'pik', 'nipperbook', 'zavodka', 'kraml', 'deynekas', 'lachrp', 'p4av31', 'pitris', 'mstar', 'perruzzi', 'pjoter', None, 'lukec', 'sayer', 'bilymorce', 'pepek', 'xliprt00', 'symir', 'budikm', '2e0rge', 'antimonek']",42,"['flegi', 'lsoukup', 'xtoman00', 'michalec', 'funko', 'libiszd', 'tomako9', 'xciesl03', 'xholis00', 'pik', 'nipperbook', 'kriss', 'xfoglm00', 'xprikr21', 'zavodka', 'kraml', 'mnan', 'deynekas', 'lachrp', 'xsterb01', 'p4av31', 'pitris', 'mstar', 'perruzzi', 'pjoter', None, 'lukec', 'sayer', 'xrasop00', 'bilymorce', 'pepek', 'xpauke00', 'ambroz', 'xliprt00', 'symir', 'kroco', 'xsvobo19', 'xzakon00', 'mattoni', 'budikm', '2e0rge', 'antimonek']"
22,125,17,28,6,"['xrasop00', 'xpauke00', 'ambroz', 'mattoni', 'xfoglm00', 'xciesl03']",10,"['mnan', 'flegi', 'xsterb01', 'xtoman00', 'kroco', 'michalec', 'xsvobo19', 'xzakon00', 'kriss', 'xprikr21']",22,"['kucis', 'kuza', 'xmatou18', 'xbucek06', 'xnevol01', 'novak', 'xmotlj01', 'deynekas', 'xcechm', 'hrubost', 'martian742', 'ppkouba', 'mischel46', 'xpreko01', 'koren3', None, 'xpalka00', 'romanhaba', 'xhanus05', 'xpelou00', 'cosie123', 'tomasnez']",38,"['flegi', 'xtoman00', 'michalec', 'kucis', 'xmatou18', 'xciesl03', 'kuza', 'xbucek06', 'kriss', 'xfoglm00', 'xnevol01', 'xprikr21', 'novak', 'xmotlj01', 'mnan', 'deynekas', 'xsterb01', 'xcechm', 'hrubost', 'martian742', 'ppkouba', 'mischel46', 'xpreko01', None, 'koren3', 'xpalka00', 'xrasop00', 'xpauke00', 'ambroz', 'romanhaba', 'kroco', 'xsvobo19', 'xzakon00', 'mattoni', 'xhanus05', 'xpelou00', 'cosie123', 'tomasnez']"
22,76,17,20,6,"['xrasop00', 'xpauke00', 'ambroz', 'kriss', 'xfoglm00', 'xciesl03']",10,"['mnan', 'flegi', 'xsterb01', 'xtoman00', 'kroco', 'michalec', 'xsvobo19', 'xzakon00', 'mattoni', 'xprikr21']",14,"['krajiczech', 'romanhaba', 'xcechm', 'hrubost', 'kucis', 'martian742', 'koren3', 'xhanus05', 'xpelou00', 'ppkouba', 'kuza', 'mischel46', 'xbucek06', None]",30,"['krajiczech', 'mnan', 'flegi', 'xsterb01', 'xtoman00', 'xcechm', 'michalec', 'kucis', 'hrubost', 'martian742', 'ppkouba', 'kuza', 'xciesl03', 'mischel46', 'xbucek06', None, 'koren3', 'xrasop00', 'xpauke00', 'ambroz', 'romanhaba', 'kroco', 'xsvobo19', 'xzakon00', 'kriss', 'mattoni', 'xhanus05', 'xfoglm00', 'xpelou00', 'xprikr21']"
22,107,17,20,6,"['xrasop00', 'xpauke00', 'ambroz', 'kriss', 'xfoglm00', 'xciesl03']",10,"['mnan', 'flegi', 'xsterb01', 'xtoman00', 'kroco', 'michalec', 'xsvobo19', 'xzakon00', 'mattoni', 'xprikr21']",14,"['krajiczech', 'romanhaba', 'xcechm', 'hrubost', 'kucis', 'martian742', 'koren3', 'xhanus05', 'xpelou00', 'ppkouba', 'kuza', 'mischel46', 'xbucek06', None]",30,"['krajiczech', 'mnan', 'flegi', 'xsterb01', 'xtoman00', 'xcechm', 'michalec', 'kucis', 'hrubost', 'martian742', 'ppkouba', 'kuza', 'xciesl03', 'mischel46', 'xbucek06', None, 'koren3', 'xrasop00', 'xpauke00', 'ambroz', 'romanhaba', 'kroco', 'xsvobo19', 'xzakon00', 'kriss', 'mattoni', 'xhanus05', 'xfoglm00', 'xpelou00', 'xprikr21']"
22,134,17,19,5,"['xrasop00', 'xpauke00', 'ambroz', 'kriss', 'xfoglm00']",11,"['mnan', 'flegi', 'xsterb01', 'xtoman00', 'kroco', 'michalec', 'xsvobo19', 'xzakon00', 'mattoni', 'xciesl03', 'xprikr21']",14,"['kraml', 'krajiczech', 'mlsanek', 'xmotlj01', 'pik', 'nipperbook', 'p4av31', 'pitris', 'funko', 'cosie123', 'lukec', None, 'kjmlkjml', 'easys2']",30,"['kraml', 'krajiczech', 'mnan', 'flegi', 'mlsanek', 'xsterb01', 'xtoman00', 'p4av31', 'pitris', 'michalec', 'funko', 'xciesl03', None, 'easys2', 'xrasop00', 'xpauke00', 'ambroz', 'pik', 'nipperbook', 'kroco', 'xsvobo19', 'xzakon00', 'kriss', 'mattoni', 'xfoglm00', 'cosie123', 'xprikr21', 'lukec', 'kjmlkjml', 'xmotlj01']"
22,41,17,18,11,"['mnan', 'flegi', 'xsterb01', 'xtoman00', 'kroco', 'michalec', 'xsvobo19', 'xzakon00', 'mattoni', 'xciesl03', 'xprikr21']",5,"['xrasop00', 'xpauke00', 'ambroz', 'kriss', 'xfoglm00']",7,"['symir', 'xstodu03vut', 'pospisal', 'bucta', 'perruzzi', 'xjirou05', None]",23,"['mnan', 'flegi', 'xsterb01', 'xtoman00', 'michalec', 'pospisal', 'bucta', 'perruzzi', 'xciesl03', 'xjirou05', None, 'xrasop00', 'xpauke00', 'ambroz', 'symir', 'kroco', 'xsvobo19', 'xzakon00', 'kriss', 'mattoni', 'xstodu03vut', 'xfoglm00', 'xprikr21']"
22,135,17,18,11,"['mnan', 'flegi', 'xsterb01', 'xtoman00', 'kroco', 'michalec', 'xsvobo19', 'xzakon00', 'mattoni', 'xciesl03', 'xprikr21']",5,"['xrasop00', 'xpauke00', 'ambroz', 'kriss', 'xfoglm00']",7,"['symir', 'xstodu03vut', 'pospisal', 'bucta', 'perruzzi', 'xjirou05', None]",23,"['mnan', 'flegi', 'xsterb01', 'xtoman00', 'michalec', 'pospisal', 'bucta', 'perruzzi', 'xciesl03', 'xjirou05', None, 'xrasop00', 'xpauke00', 'ambroz', 'symir', 'kroco', 'xsvobo19', 'xzakon00', 'kriss', 'mattoni', 'xstodu03vut', 'xfoglm00', 'xprikr21']"
22,43,17,14,5,"['xrasop00', 'xpauke00', 'ambroz', 'kriss', 'xfoglm00']",11,"['mnan', 'flegi', 'xsterb01', 'xtoman00', 'kroco', 'michalec', 'xsvobo19', 'xzakon00', 'mattoni', 'xciesl03', 'xprikr21']",9,"['petrkrivka', 'xpalka00', 'krajiczech', 'hrubost', 'xhanus05', 'kucis', 'xnevol01', 'xbucek06', None]",25,"['krajiczech', 'mnan', 'flegi', 'xsterb01', 'xtoman00', 'michalec', 'hrubost', 'kucis', 'xciesl03', 'xbucek06', None, 'petrkrivka', 'xrasop00', 'xpalka00', 'xpauke00', 'ambroz', 'kroco', 'xsvobo19', 'xzakon00', 'kriss', 'mattoni', 'xhanus05', 'xfoglm00', 'xnevol01', 'xprikr21']"
23,120,16,19,14,"['ericsmoll', 'jwd686', 'kstoerzinger', 'prithag', 'ywa974', 'aii982', 'sjk648', 'dmg654', 'pts6', 'kas793', 'gjmcfarland', 'bjs388', 'kanber', 'chriswilmer']",1,['gslongo'],5,"['sweaton', 'cari', 'tomekiasimeon', 'jharris', None]",20,"['kstoerzinger', 'sweaton', 'gslongo', 'dmg654', 'pts6', 'gjmcfarland', 'kas793', 'bjs388', 'kanber', 'chriswilmer', 'cari', 'jharris', 'aii982', 'sjk648', None, 'ericsmoll', 'jwd686', 'prithag', 'ywa974', 'tomekiasimeon']"
23,121,16,17,12,"['ericsmoll', 'jwd686', 'kstoerzinger', 'gslongo', 'ywa974', 'aii982', 'sjk648', 'dmg654', 'pts6', 'kas793', 'gjmcfarland', 'bjs388']",3,"['prithag', 'chriswilmer', 'kanber']",5,"['cari', 'atrujillo', 'tomekiasimeon', 'jharris', None]",20,"['kstoerzinger', 'gslongo', 'dmg654', 'pts6', 'gjmcfarland', 'kas793', 'bjs388', 'kanber', 'chriswilmer', 'cari', 'jharris', 'aii982', 'sjk648', None, 'ericsmoll', 'jwd686', 'prithag', 'atrujillo', 'ywa974', 'tomekiasimeon']"
23,123,16,12,9,"['jwd686', 'ywa974', 'aii982', 'kas793', 'dmg654', 'pts6', 'sjk648', 'bjs388', 'chriswilmer']",6,"['ericsmoll', 'kstoerzinger', 'prithag', 'gslongo', 'gjmcfarland', 'kanber']",3,"[None, 'cari', 'chriswilmer2']",18,"['kstoerzinger', 'cari', 'gslongo', 'chriswilmer2', 'aii982', 'sjk648', 'dmg654', 'pts6', 'gjmcfarland', None, 'ericsmoll', 'jwd686', 'prithag', 'ywa974', 'kas793', 'bjs388', 'kanber', 'chriswilmer']"
23,122,16,11,9,"['jwd686', 'kstoerzinger', 'ywa974', 'aii982', 'kas793', 'dmg654', 'pts6', 'sjk648', 'bjs388']",6,"['ericsmoll', 'prithag', 'gslongo', 'gjmcfarland', 'kanber', 'chriswilmer']",2,"[None, 'cari']",17,"['kstoerzinger', 'cari', 'gslongo', 'aii982', 'sjk648', 'dmg654', 'pts6', 'gjmcfarland', None, 'ericsmoll', 'jwd686', 'prithag', 'ywa974', 'kas793', 'bjs388', 'kanber', 'chriswilmer']"
24,45,15,51,8,"['hawk_m30755', 'kdatta2', 'bracon', 'cschan3', 'dhruvbhatia7', 'shah94', 'sagrawa3', 'mj90118']",6,"['emminter', 'jpwolinski', 'fesime95', 'hnandag2', 'batra2', 'fabricateddeath']",43,"['lee827', 'vwinner2', 'prakash4', 'acorral2', 'czych2', 'nmchang2', 'c31601', 'rojas3', 'bryan52803', 'xkwak_2o13x', 'karenvila', 'rsulliv7', 'schreindog07', 'jkim273', 'eviltiki100', 'ortigar1', 'ehofrei2', 'jthomp27', 'vram2', 'rahulshekhar', 'xingqian', 'japheth', 'yang126', 'dpolic2', 'lostres', 'codenum273', 'ryohiro', 'graygnome', 'namitxyz', 'bchorag2', None, 'schang31', 'boruichen', 'amaitra218', 'dxiao3', 'khemka2', 'pangano1', 'wilwizard', 'mlabahn2', 'mrodri61', 'phubarrr', 'huang139', 'cgualbe2']",57,"['lee827', 'vwinner2', 'prakash4', 'acorral2', 'c31601', 'mj90118', 'rojas3', 'xkwak_2o13x', 'karenvila', 'hawk_m30755', 'jpwolinski', 'kdatta2', 'schreindog07', 'hnandag2', 'jkim273', 'codenum273', 'bracon', 'shah94', 'ryohiro', 'graygnome', 'namitxyz', 'schang31', 'dxiao3', 'dhruvbhatia7', 'wilwizard', 'mlabahn2', 'mrodri61', 'cgualbe2', 'vram2', 'czych2', 'nmchang2', 'sagrawa3', 'fabricateddeath', 'bryan52803', 'rsulliv7', 'batra2', 'eviltiki100', 'jthomp27', 'ehofrei2', 'ortigar1', 'rahulshekhar', 'emminter', 'xingqian', 'japheth', 'yang126', 'dpolic2', 'lostres', 'cschan3', 'bchorag2', None, 'boruichen', 'amaitra218', 'khemka2', 'fesime95', 'pangano1', 'phubarrr', 'huang139']"
24,47,15,18,2,"['batra2', 'hnandag2']",12,"['emminter', 'hawk_m30755', 'jpwolinski', 'kdatta2', 'bracon', 'cschan3', 'fesime95', 'dhruvbhatia7', 'shah94', 'sagrawa3', 'mj90118', 'fabricateddeath']",16,"['rojas3', 'nsimeun2', 'mstryck2', 'rsulliv7', 'dorgan2', 'rherms716', 'spidstrad', 'haake1', 'dkim211', 'msweene2', 'malloy2', 'cisbrane', 'spalkar2', 'yjung22', None, 'ehofrei2']",30,"['mstryck2', 'dorgan2', 'spidstrad', 'haake1', 'dkim211', 'msweene2', 'sagrawa3', 'mj90118', 'fabricateddeath', 'rojas3', 'hawk_m30755', 'rsulliv7', 'jpwolinski', 'rherms716', 'kdatta2', 'hnandag2', 'batra2', 'yjung22', 'spalkar2', 'ehofrei2', 'emminter', 'bracon', 'cschan3', 'shah94', 'cisbrane', None, 'nsimeun2', 'fesime95', 'dhruvbhatia7', 'malloy2']"
24,46,15,14,1,['batra2'],13,"['emminter', 'hawk_m30755', 'jpwolinski', 'kdatta2', 'bracon', 'cschan3', 'fesime95', 'dhruvbhatia7', 'shah94', 'hnandag2', 'sagrawa3', 'mj90118', 'fabricateddeath']",13,"['rahulshekhar', 'lithus', 'csanch26', 'mstryck2', 'rsulliv7', 'spidstrad', 'jain10', 'keen2', 'msweene2', 'moustachepash', 'spalkar2', 'dkelkho2', None]",27,"['rahulshekhar', 'emminter', 'mstryck2', 'spidstrad', 'bracon', 'cschan3', 'shah94', 'msweene2', 'sagrawa3', 'mj90118', 'moustachepash', 'dkelkho2', None, 'fabricateddeath', 'lithus', 'csanch26', 'hawk_m30755', 'rsulliv7', 'jpwolinski', 'kdatta2', 'jain10', 'keen2', 'fesime95', 'dhruvbhatia7', 'hnandag2', 'batra2', 'spalkar2']"
25,112,14,7,6,"['martinlozanovski', 'fzoran', 'vojo', 'gigosijak', 'warworm', 'bigmaca']",7,"['stefanjanev', 'dare86sk', 'ljubebukle', 'dejan_lazarov', 'diviot', 'cvetankadaova', 'ninoslav']",1,[None],14,"['dare86sk', 'ljubebukle', 'vojo', 'gigosijak', 'warworm', 'diviot', 'cvetankadaova', None, 'stefanjanev', 'martinlozanovski', 'fzoran', 'dejan_lazarov', 'ninoslav', 'bigmaca']"
27,49,14,7,2,"['nanobrass', 'dustball']",11,"['dfogletree', 'nargaman', 'jameskung', 'fpavia', 'neala', 'seyringer', 'henry_nh', 'jgs8919', 'demko', 'sherasim', 'kathleen05']",5,"['billiecopley', 'lotrfan7', 'nanoman02', None, 'kelleymcdonald']",18,"['dustball', 'dfogletree', 'seyringer', 'jgs8919', 'demko', None, 'billiecopley', 'nargaman', 'jameskung', 'fpavia', 'neala', 'henry_nh', 'nanobrass', 'lotrfan7', 'nanoman02', 'sherasim', 'kelleymcdonald', 'kathleen05']"
28,37,13,269,11,"['harryhahn32', 'ers495', 'kdunn', 'jrs157', 'jinkyoungbae', 'kxu884', 'yujiesun2013', 'jgr461', 'mki990', 'bichopelu', 'jessicamiller']",1,['vchis'],258,"['nbrodnik', 'devinmidura2013', 'rbh659', 'benwoldy', 'nkeane', 'stephenformosa2013', 'ryyan10', 'ylopez', 'skulkarni', 'danielsalovesh2013', 'mfeuer', 'sandrashi', 'carolineh128', 'efh120', 'zcarlsgaard', 'jaycoxkd', 'pml698', 'trp786', 'abalaji', 'amasterton', 'dtuber', 'tch480', 'nohara', 'atilley', 'jsudo', 'dlieberman', 'shkim', 'clewis', 'kfrimenko', 'dgu377', 'jlo236', 'lwspeedy13', 'mkwon', 'jsf703', 'dbarstow', 'm0nchi3', 'dli290', 'agray', 'tomasmoreno15', 'mvw230', 'ashleygreenwell', 'klunkenheimer', 'lgao', 'cop630', 'mkan', 'kbialka', 'con863', 'iceberge66', 'rsanders', 'abilski', 'hoh', 'mkm887', 'jhickman', 'lzb993', 'esimonoff', 'rad696', 'jgo391', 'hrt192', 'rhartley', 'jth456', 'rrawlani', 'ehevel', 'swe502', 'srb618', 'griffinkelly2013', 'sperkins', 'mhernandez', 'njs310', 'apatel1', 'hwg331', 'snarla', 'kbertamus', 'pcraig91', 'floucks', 'ajgriesemer', 'jwilson', 'kmb183', 'kpiscopo', 'bkw708', 'dkh218', 'mpaydar', 'nnoble', 'jlogan', 'bknickel', 'tamarwolinsky823', 'byu490', 'michaeltu', 'andys800', 'mcraig', 'cruzkid77', 'bshen', 'esl550', 'matt17na', 'nchan', 'shamyle', 'vjohnson', 'starlight1109', 'solim2012', 'ara731', 'laurenweaver2013', 'sdestefano', 'tomekiasimeon', 'blee', 'jocelyncooper2013', 'mazbradberry', 'dam151', 'ajennes', 'dng664', 'kpark', 'lem427', 'kkhambhati', 'itan', 'tac149', 'cconsidine', 'far107', 'ojamil', 'tejerina', 'jmcilree', 'agomez', 'lchao', 'ajwong', 'mkim13', 'mscherer', None, 'steven51188', 'wehrich', 'flenz', 'atrujillo', 'cho', 'tds852', 'ejbauersfeld', 'tearles', 'evelazquez', 'car557', 'jonathanleibowitz2013', 'bbauman', 'sga606', 'cmartinez', 'oan397', 'aho', 'mfilak', 'u2kn0wscylla', 'gmay', 'sblachmanbiatch', 'avelez', 'bsinnen', 'anmura', 'mpatrick', 'mfalls', 'dlk458', 'jyl695', 'meb346', 'wks612', 'autigre', 'kirmith39', 'aahmed2013', 'mweathered', 'acheng128', 'paigeann', 'danlee', 'vchen', 'dtang', 'mkenny', 'hyzhang', 'bmangelson', 'jtroise', 'dcamacho', 'spalley', 'idiloksuz2013', 'aehawley', 'dlambson', 'ahowes37', 'sweaton', 'drg556', 'mreddick', 'mjo751', 'kha389', 'szhang', 'creis', 'pjd414', 'jchan', 'chh671', 'sar808', 'btaggart', 'tcarmona', 'led495', 'dhassani', 'nalvarez', 'grevis', 'justinlueker', 'yahmad13', 'mhall', 'lackerman', 'dvanfleet', 'ems705', 'rdelacruz', 'raylee', 'harry080191', 'tashadrake2014', 'vmokhashi', 'kwakeling', 'aturowski', 'ess954', 'gbushnell2013', 'msorett', 'luteyang91', 'mcornew', 'jsimkowski', 'jkim140', 'ecc944', 'spatel', 'janbarkalow2013', 'ckadleck', 'ksingh', 'ekahn', 'sjewell', 'mmerkley', 'elamberg', 'jham', 'tit329', 'awesley', 'jfinbloom', 'gracesu', 'kgrayson', 'smparker', 'emmasters', 'mwang0511', 'clairebear2820', 'brodsky18', 'jhumphrey', 'kber0233', 'devilsfan415', 'eeg314', 'rwhite', 'tbirschbach', 'syanni', 'justin7591', 'jroman', 'katieeilers', 'jmm687', 'ljc397', 'megsglynn', 'szeng', 'kheidtman', 'jinaaapark', 'ncg662', 'lsapozhnik', 'ankim', 'bcroone', 'ahsu', 'rfeng', 'sbernstein', 'adagostino', 'bmurphy', 'bjw587', 'gyoo', 'garenas', 'mma517']",270,"['nbrodnik', 'jrs157', 'devinmidura2013', 'kxu884', 'rbh659', 'benwoldy', 'jessicamiller', 'nkeane', 'stephenformosa2013', 'ryyan10', 'ylopez', 'skulkarni', 'danielsalovesh2013', 'bichopelu', 'mfeuer', 'sandrashi', 'carolineh128', 'efh120', 'zcarlsgaard', 'jaycoxkd', 'pml698', 'trp786', 'abalaji', 'amasterton', 'dtuber', 'tch480', 'nohara', 'atilley', 'jsudo', 'dlieberman', 'shkim', 'clewis', 'kfrimenko', 'dgu377', 'jlo236', 'lwspeedy13', 'mkwon', 'jinkyoungbae', 'jsf703', 'dbarstow', 'm0nchi3', 'dli290', 'agray', 'tomasmoreno15', 'mvw230', 'ashleygreenwell', 'klunkenheimer', 'lgao', 'cop630', 'mkan', 'kbialka', 'con863', 'iceberge66', 'rsanders', 'abilski', 'hoh', 'mkm887', 'jhickman', 'lzb993', 'esimonoff', 'rad696', 'jgo391', 'hrt192', 'rhartley', 'jth456', 'rrawlani', 'ehevel', 'swe502', 'srb618', 'griffinkelly2013', 'sperkins', 'mhernandez', 'njs310', 'apatel1', 'hwg331', 'snarla', 'kbertamus', 'harryhahn32', 'pcraig91', 'floucks', 'ajgriesemer', 'jwilson', 'kmb183', 'kpiscopo', 'bkw708', 'dkh218', 'mki990', 'mpaydar', 'nnoble', 'jlogan', 'bknickel', 'tamarwolinsky823', 'byu490', 'michaeltu', 'andys800', 'mcraig', 'cruzkid77', 'bshen', 'esl550', 'matt17na', 'nchan', 'shamyle', 'vjohnson', 'starlight1109', 'solim2012', 'ara731', 'laurenweaver2013', 'sdestefano', 'tomekiasimeon', 'blee', 'jocelyncooper2013', 'mazbradberry', 'dam151', 'ajennes', 'dng664', 'kpark', 'lem427', 'kkhambhati', 'itan', 'tac149', 'cconsidine', 'far107', 'ojamil', 'tejerina', 'jmcilree', 'agomez', 'lchao', 'ajwong', 'mkim13', 'mscherer', None, 'steven51188', 'wehrich', 'flenz', 'atrujillo', 'cho', 'tds852', 'ejbauersfeld', 'tearles', 'evelazquez', 'car557', 'jonathanleibowitz2013', 'bbauman', 'sga606', 'cmartinez', 'oan397', 'aho', 'mfilak', 'u2kn0wscylla', 'gmay', 'sblachmanbiatch', 'avelez', 'bsinnen', 'anmura', 'mpatrick', 'mfalls', 'dlk458', 'jyl695', 'meb346', 'wks612', 'autigre', 'kirmith39', 'aahmed2013', 'mweathered', 'acheng128', 'paigeann', 'danlee', 'vchen', 'dtang', 'yujiesun2013', 'mkenny', 'hyzhang', 'bmangelson', 'jtroise', 'dcamacho', 'spalley', 'idiloksuz2013', 'aehawley', 'ers495', 'dlambson', 'ahowes37', 'sweaton', 'drg556', 'mreddick', 'mjo751', 'kha389', 'szhang', 'creis', 'pjd414', 'jchan', 'chh671', 'sar808', 'btaggart', 'tcarmona', 'led495', 'dhassani', 'nalvarez', 'grevis', 'justinlueker', 'yahmad13', 'mhall', 'lackerman', 'dvanfleet', 'ems705', 'rdelacruz', 'raylee', 'harry080191', 'tashadrake2014', 'vmokhashi', 'kwakeling', 'jgr461', 'aturowski', 'ess954', 'gbushnell2013', 'msorett', 'luteyang91', 'mcornew', 'jsimkowski', 'jkim140', 'ecc944', 'spatel', 'janbarkalow2013', 'ckadleck', 'ksingh', 'ekahn', 'sjewell', 'mmerkley', 'elamberg', 'jham', 'tit329', 'awesley', 'jfinbloom', 'gracesu', 'kgrayson', 'smparker', 'emmasters', 'mwang0511', 'clairebear2820', 'brodsky18', 'jhumphrey', 'kber0233', 'devilsfan415', 'eeg314', 'rwhite', 'tbirschbach', 'syanni', 'justin7591', 'jroman', 'katieeilers', 'jmm687', 'ljc397', 'megsglynn', 'szeng', 'kheidtman', 'jinaaapark', 'ncg662', 'lsapozhnik', 'ankim', 'bcroone', 'ahsu', 'rfeng', 'vchis', 'sbernstein', 'adagostino', 'bmurphy', 'bjw587', 'kdunn', 'gyoo', 'garenas', 'mma517']"
29,128,13,9,8,"['kjb', 'lne060', 'mette', 'mst115', 'aan031', 'an63rs', 'erlberth', 'tomhenrik']",4,"['osinkolu', 'sighun', 'panpuke', 'yongxiangu']",1,[None],13,"['kjb', 'lne060', 'mette', 'aan031', 'an63rs', 'erlberth', 'panpuke', 'tomhenrik', None, 'yongxiangu', 'mst115', 'osinkolu', 'sighun']"
30,39,13,9,3,"['pkgudla', 'silapav2', 'nili1988']",9,"['lamgol', 'schoenf', 'v_nazareth', 'pgehring', 'svmarchenko', 'kienled', 'nathanjack', 'minwei', 'namqle']",6,"['yangzhao', 'ahsan8', 'jaewondo', 'user1357', None, 'z1t2z3']",18,"['pkgudla', 'schoenf', 'v_nazareth', 'kienled', 'nili1988', 'nathanjack', 'ahsan8', None, 'z1t2z3', 'yangzhao', 'lamgol', 'pgehring', 'svmarchenko', 'minwei', 'jaewondo', 'silapav2', 'user1357', 'namqle']"
31,77,12,85,6,"['rusiana2', 'makhija1', 'kistler3', 'trimble4', 'danpark212', 'ankitchandak']",5,"['wzieske2', 'jlorenz3', 'bjohns38', 'mejarld', 'vkumar8']",79,"['ucabraal', 'lee827', 'vwinner2', 'dantexdsc', 'c31601', 'senko888', 'yang90', 'xkwak_2o13x', 'rojas3', 'chowdhu1', 'jkim273', 'liu202', 'akambic2', 'yjung22', 'starzerl', 'pjmikols', 'lin158', 'dziems', 'greennemesis', 'ryohiro', 'moustachepash', 'graygnome', 'namitxyz', 'lin159', 'dklingl2', 'schang31', 'lokesh1', 'durreh', 'myasar420', 'dxiao3', 'mrodri61', 'hpark56', 'dfairfi2', 'rcrawfo2', 'cgualbe2', 'yap3', 'mikerzings', 'dorgan2', 'joeraph', 'dkim211', 'msweene2', 'nmchang2', 'ko6', 'gao19', 'jweyhen2', 'bednarz1', 'lithus', 'jpay89', 'xunjian', 'mboivin', 'rsulliv7', 'rherms716', 'jain10', 'lim28', 'eviltiki100', 'janthon2', 'csahni2', 'ehofrei2', 'ortigar1', 'xingqian', 'yang126', 'ntweidman', 'dpolic2', 'japheth', 'lostres', 'cisbrane', 'gladtbx', 'bchorag2', None, 'dchavez4', 'boruichen', 'amaitra218', 'jolinkuoi', 'sujaybhobe', 'malloy2', 'jdavis34', 'harris33', 'phubarrr', 'huang139']",90,"['ucabraal', 'lee827', 'vwinner2', 'dantexdsc', 'c31601', 'senko888', 'yang90', 'xkwak_2o13x', 'rojas3', 'chowdhu1', 'jkim273', 'liu202', 'akambic2', 'yjung22', 'danpark212', 'starzerl', 'pjmikols', 'lin158', 'dziems', 'greennemesis', 'ryohiro', 'moustachepash', 'graygnome', 'namitxyz', 'lin159', 'dklingl2', 'schang31', 'lokesh1', 'durreh', 'myasar420', 'dxiao3', 'jlorenz3', 'mejarld', 'mrodri61', 'hpark56', 'dfairfi2', 'rcrawfo2', 'cgualbe2', 'yap3', 'mikerzings', 'dorgan2', 'wzieske2', 'joeraph', 'dkim211', 'vkumar8', 'msweene2', 'nmchang2', 'makhija1', 'ko6', 'trimble4', 'gao19', 'jweyhen2', 'bednarz1', 'lithus', 'jpay89', 'xunjian', 'mboivin', 'rsulliv7', 'rherms716', 'jain10', 'rusiana2', 'lim28', 'eviltiki100', 'janthon2', 'ankitchandak', 'csahni2', 'ehofrei2', 'ortigar1', 'xingqian', 'yang126', 'ntweidman', 'dpolic2', 'japheth', 'lostres', 'bjohns38', 'cisbrane', 'gladtbx', 'bchorag2', None, 'dchavez4', 'boruichen', 'amaitra218', 'jolinkuoi', 'sujaybhobe', 'malloy2', 'jdavis34', 'harris33', 'kistler3', 'phubarrr', 'huang139']"
31,78,12,39,5,"['wzieske2', 'jlorenz3', 'bjohns38', 'mejarld', 'vkumar8']",6,"['rusiana2', 'makhija1', 'kistler3', 'trimble4', 'danpark212', 'ankitchandak']",34,"['akozel2', 'mstryck2', 'spidstrad', 'haake1', 'joeraph', 'czych2', 'tbhuang2', 'nmchang2', 'dkelkho2', 'jweyhen2', 'karenvila', 'boogajamooga', 'csanch26', 'rherms716', 'lim28', 'spalkar2', 'rssoni2', 'ehofrei2', 'jthomp27', 'yapjiun1', 'cisbrane', 'updatedversion', 'cblount2', 'namitxyz', 'rpglenn2', None, 'lokesh1', 'keen2', 'mahir', 'eumeki2', 'malloy2', 'mlabahn2', 'spilarc2', 'cgualbe2']",45,"['akozel2', 'mstryck2', 'wzieske2', 'spidstrad', 'joeraph', 'haake1', 'czych2', 'tbhuang2', 'vkumar8', 'nmchang2', 'makhija1', 'trimble4', 'dkelkho2', 'jweyhen2', 'karenvila', 'boogajamooga', 'csanch26', 'rherms716', 'rusiana2', 'lim28', 'rssoni2', 'danpark212', 'ankitchandak', 'spalkar2', 'jthomp27', 'ehofrei2', 'bjohns38', 'yapjiun1', 'cisbrane', 'updatedversion', 'cblount2', 'namitxyz', 'rpglenn2', None, 'lokesh1', 'keen2', 'mahir', 'jlorenz3', 'eumeki2', 'mejarld', 'malloy2', 'mlabahn2', 'kistler3', 'spilarc2', 'cgualbe2']"
32,143,12,6,5,"['ssura', 'rerekson', 'abeckort', 'prosswur', 'mnharris']",6,"['macman314', 'irv0735', 'wbouchy', 'spence98765', 'petroff', 'westrick']",1,[None],12,"['macman314', 'ssura', 'rerekson', 'irv0735', 'abeckort', 'prosswur', 'wbouchy', 'spence98765', 'petroff', 'mnharris', 'westrick', None]"
33,24,12,20,2,"['wesyu', 'randhawaharneet']",9,"['clian', 'jwozny', 'knut', 'z3235646', 'mcfadde9', 'murugamuthu', 'inclement', 'ctansara', 'ciozi137']",18,"['danielgottesman4', 'syscrash', None, 'uditvira', 'shovon_3e', 'douglas_watson', 'sandrine', 'tejas777', 'pepsiman', 'dannysarraf', 'shadisabri', 'wang54599', 'hongquanyue', 'pjt002', 'szkopek', 'rio9', 'rozita', 'captain_physics']",29,"['danielgottesman4', 'shovon_3e', 'douglas_watson', 'tejas777', 'mcfadde9', 'dannysarraf', 'shadisabri', 'ctansara', 'hongquanyue', 'ciozi137', 'pjt002', 'rio9', None, 'captain_physics', 'sandrine', 'clian', 'syscrash', 'uditvira', 'jwozny', 'knut', 'pepsiman', 'z3235646', 'murugamuthu', 'wang54599', 'wesyu', 'randhawaharneet', 'inclement', 'szkopek', 'rozita']"
33,26,12,8,1,['ctansara'],10,"['clian', 'jwozny', 'knut', 'z3235646', 'mcfadde9', 'murugamuthu', 'wesyu', 'randhawaharneet', 'inclement', 'ciozi137']",7,"['yang253', 'gekco', 'askiahill', 'kaje83', None, 'alba452', 'fjr2009']",18,"['mcfadde9', 'askiahill', 'kaje83', 'ctansara', 'ciozi137', None, 'alba452', 'clian', 'jwozny', 'knut', 'yang253', 'gekco', 'z3235646', 'murugamuthu', 'wesyu', 'randhawaharneet', 'inclement', 'fjr2009']"
34,55,11,90,5,"['khemka1', 'shah47', 'sundar0301', 'aychin2', 'ttapers']",5,"['szhang27', 'jchen69', 'mrqewl', 'kvirani2', 'nbidasa2']",85,"['ucabraal', 'lee827', 'vwinner2', 'prakash4', 'ericcl', 'mohamed', 'c31601', 'senko888', 'mau1110', 'yang90', 'xkwak_2o13x', 'rojas3', 'chowdhu1', 'schreindog07', 'jkim273', 'aschult5', 'agibson', 'starzerl', 'pjmikols', 'lin158', 'dziems', 'greennemesis', 'ryohiro', 'moustachepash', 'graygnome', 'namitxyz', 'lin159', 'schang31', 'lokesh1', 'star0805', 'nsimeun2', 'durreh', 'dxiao3', 'mlabahn2', 'adityamakhija', 'hpark56', 'dfairfi2', 'rcrawfo2', 'tcallah2', 'vram2', 'yap3', 'cgualbe2', 'mikerzings', 'dkim211', 'czych2', 'philip', 'nmchang2', 'huiruxu2', 'gao19', 'jweyhen2', 'bednarz1', 'lithus', 'bryan52803', 'mboivin', 'jain10', 'lim28', 'eviltiki100', 'janthon2', 'ehofrei2', 'jthomp27', 'ortigar1', 'rahulshekhar', 'xingqian', 'dhandle2', 'yang126', 'ntweidman', 'dpolic2', 'japheth', 'lostres', 'cisbrane', 'gladtbx', 'cblount2', 'rpglenn2', 'bchorag2', None, 'dchavez4', 'boruichen', 'amaitra218', 'jolinkuoi', 'sujaybhobe', 'pangano1', 'mannix1', 'phubarrr', 'spilarc2', 'huang139']",95,"['ucabraal', 'lee827', 'vwinner2', 'prakash4', 'ericcl', 'jchen69', 'mohamed', 'c31601', 'senko888', 'mau1110', 'yang90', 'xkwak_2o13x', 'rojas3', 'chowdhu1', 'aychin2', 'schreindog07', 'jkim273', 'aschult5', 'agibson', 'starzerl', 'shah47', 'pjmikols', 'lin158', 'dziems', 'greennemesis', 'ryohiro', 'moustachepash', 'graygnome', 'namitxyz', 'lin159', 'schang31', 'lokesh1', 'khemka1', 'star0805', 'nsimeun2', 'durreh', 'dxiao3', 'mlabahn2', 'ttapers', 'adityamakhija', 'hpark56', 'dfairfi2', 'rcrawfo2', 'tcallah2', 'nbidasa2', 'vram2', 'yap3', 'cgualbe2', 'mikerzings', 'dkim211', 'czych2', 'philip', 'mrqewl', 'nmchang2', 'huiruxu2', 'gao19', 'jweyhen2', 'bednarz1', 'lithus', 'bryan52803', 'sundar0301', 'mboivin', 'jain10', 'lim28', 'eviltiki100', 'janthon2', 'ehofrei2', 'jthomp27', 'ortigar1', 'rahulshekhar', 'szhang27', 'xingqian', 'dhandle2', 'yang126', 'ntweidman', 'dpolic2', 'japheth', 'lostres', 'cisbrane', 'gladtbx', 'kvirani2', 'cblount2', 'rpglenn2', 'bchorag2', None, 'dchavez4', 'boruichen', 'amaitra218', 'jolinkuoi', 'sujaybhobe', 'pangano1', 'mannix1', 'phubarrr', 'spilarc2', 'huang139']"
34,56,11,40,4,"['kvirani2', 'jchen69', 'mrqewl', 'szhang27']",6,"['khemka1', 'shah47', 'sundar0301', 'aychin2', 'ttapers', 'nbidasa2']",36,"['akozel2', 'mstryck2', 'dorgan2', 'spidstrad', 'prakash4', 'joeraph', 'dkim211', 'haake1', 'msweene2', 'nmchang2', 'ko6', 'huiruxu2', 'dkelkho2', 'karenvila', 'boogajamooga', 'csanch26', 'jpay89', 'rherms716', 'jain10', 'rssoni2', 'yapjiun1', 'cisbrane', 'updatedversion', 'dklingl2', 'namitxyz', 'rpglenn2', 'cblount2', None, 'star0805', 'myasar420', 'keen2', 'eumeki2', 'malloy2', 'phubarrr', 'tbhuang2', 'cgualbe2']",46,"['akozel2', 'mstryck2', 'dorgan2', 'spidstrad', 'prakash4', 'joeraph', 'dkim211', 'haake1', 'jchen69', 'mrqewl', 'msweene2', 'nmchang2', 'ko6', 'dkelkho2', 'huiruxu2', 'karenvila', 'boogajamooga', 'sundar0301', 'csanch26', 'jpay89', 'rherms716', 'jain10', 'aychin2', 'rssoni2', 'shah47', 'szhang27', 'yapjiun1', 'cisbrane', 'updatedversion', 'kvirani2', 'dklingl2', 'namitxyz', 'rpglenn2', 'cblount2', None, 'khemka1', 'star0805', 'myasar420', 'keen2', 'eumeki2', 'malloy2', 'ttapers', 'phubarrr', 'tbhuang2', 'nbidasa2', 'cgualbe2']"
35,103,11,13,7,"['usudarshan', 'yangtzushun', 'heeshul', 'lynn', 'jhakalpit', 'contribute', 'tiantianwar']",3,"['herbless', 'slicktom7', 'jocarosu']",6,"['haotung', 'li3523', 'xchmiao', 'bradyates', None, 'bladeseal']",16,"['usudarshan', 'heeshul', 'xchmiao', 'jhakalpit', None, 'contribute', 'bladeseal', 'haotung', 'herbless', 'yangtzushun', 'jocarosu', 'slicktom7', 'lynn', 'li3523', 'bradyates', 'tiantianwar']"
36,164,11,84,9,"['schcats', 'jtiong', 'origin21', 'schavali', 'nmaxwell', 'mazam', 'moon12star', 'fantico', 'dhu0927']",1,['nvargo'],75,"['pjurik', 'fengyuanli', 'steigers', 'rvedula', 'zavattieri', 'rappture', 'ssalamat', 'sesulliv', 'kearneyd', 'pmx22', 'mmclennan', 'sganguly', 'dkearney', 'cagomezx', 'mmh', 'mazad', 'sebastianlee18', 'midfielder', 'bhaley', 'usman', 'nkissebe', 'braffert', 'gmendis', 'kim758', 'areshkin', 'pmeunier', 'swoop', 'wilsonn', 'nkissebe2', 'janam', 'graeme89', 'tkubis', 'clarksm', 'turktest', 'samarthagarwal', 'drgrove', 'paul_nano_tran', 'jgeng', 'wang159', 'apps', 'razorhoop07', 'turkstra', 'hamm11', 'arun2987', 'mzulkifl', 'larsgtb', 'gah', 'wwinthan', 'psengupta', 'zflohr', 'iyums', 'marksenn', 'strachan', 'kim568', 'angik', 'vdiep', 'aarguelles1', 'wang340', 'prnair', 'mmc', 'saumitra', None, 'lancelot981', 'yalanz', 'zooley', 'chen272', 'matthewburesh', 'sunnyleekr', 'khoganson', 'tita_feg', 'valdez4', 'ashwin29', 'elec1020', 'michaelpov', 'davidalbertosv']",85,"['nvargo', 'pjurik', 'fengyuanli', 'origin21', 'steigers', 'fantico', 'rvedula', 'zavattieri', 'rappture', 'ssalamat', 'sesulliv', 'kearneyd', 'pmx22', 'mmclennan', 'sganguly', 'nmaxwell', 'dkearney', 'cagomezx', 'mmh', 'mazad', 'sebastianlee18', 'midfielder', 'dhu0927', 'bhaley', 'usman', 'nkissebe', 'braffert', 'gmendis', 'kim758', 'areshkin', 'pmeunier', 'schcats', 'swoop', 'wilsonn', 'nkissebe2', 'janam', 'graeme89', 'moon12star', 'tkubis', 'clarksm', 'turktest', 'samarthagarwal', 'drgrove', 'paul_nano_tran', 'jgeng', 'wang159', 'apps', 'razorhoop07', 'turkstra', 'hamm11', 'arun2987', 'mzulkifl', 'larsgtb', 'gah', 'wwinthan', 'psengupta', 'zflohr', 'iyums', 'marksenn', 'strachan', 'kim568', 'angik', 'vdiep', 'mazam', 'aarguelles1', 'wang340', 'prnair', 'mmc', 'saumitra', None, 'lancelot981', 'yalanz', 'zooley', 'chen272', 'matthewburesh', 'jtiong', 'sunnyleekr', 'schavali', 'khoganson', 'tita_feg', 'valdez4', 'ashwin29', 'elec1020', 'michaelpov', 'davidalbertosv']"
36,163,11,33,1,['schavali'],9,"['nvargo', 'schcats', 'jtiong', 'origin21', 'nmaxwell', 'mazam', 'moon12star', 'fantico', 'dhu0927']",32,"['samarthagarwal', 'paul_nano_tran', 'wang159', 'zavattieri', 'rappture', 'apps', 'turkstra', 'arun2987', 'jiangpurdue', 'ejdawley', 'dkearney', 'gah', 'rgrassi', 'midfielder', 'bhaley', 'tejaspandit', 'usman', 'strachan', 'nkissebe', 'bghill', 'braffert', 'wu120', 'mmc', None, 'pmeunier', 'swoop', 'zooley', 'wizjeong', 'sokrates', 'elec1020', 'jmelcher', 'clarksm']",42,"['nvargo', 'samarthagarwal', 'origin21', 'paul_nano_tran', 'fantico', 'wang159', 'zavattieri', 'rappture', 'apps', 'turkstra', 'arun2987', 'jiangpurdue', 'nmaxwell', 'ejdawley', 'dkearney', 'gah', 'rgrassi', 'midfielder', 'dhu0927', 'strachan', 'tejaspandit', 'usman', 'bhaley', 'nkissebe', 'bghill', 'braffert', 'mazam', 'wu120', 'mmc', None, 'pmeunier', 'schcats', 'swoop', 'zooley', 'wizjeong', 'jtiong', 'schavali', 'sokrates', 'moon12star', 'elec1020', 'jmelcher', 'clarksm']"
36,58,11,11,3,"['origin21', 'nmaxwell', 'dhu0927']",7,"['nvargo', 'schcats', 'jtiong', 'schavali', 'mazam', 'moon12star', 'fantico']",8,"['hamm11', 'mmclennan', 'cagomezx', 'tkubis', 'zflohr', None, 'davidalbertosv', 'clarksm']",18,"['nvargo', 'origin21', 'mazam', 'fantico', None, 'schcats', 'hamm11', 'mmclennan', 'jtiong', 'schavali', 'nmaxwell', 'clarksm', 'cagomezx', 'moon12star', 'tkubis', 'zflohr', 'davidalbertosv', 'dhu0927']"
37,44,10,9,7,"['rlbaker', 'mjayliu', 'ssehr', 'jackdaniels10700', 'mikeeeeeee', 'rsprabhu', 'linkenghua']",2,"['mtumey', 'rgoyings']",2,"['viperjm724', None]",11,"['rlbaker', 'mtumey', 'mjayliu', 'ssehr', 'viperjm724', 'jackdaniels10700', 'mikeeeeeee', 'rsprabhu', None, 'rgoyings', 'linkenghua']"
39,110,10,14,1,['slfuller2'],8,"['abdmen', 'lepenator', 'dlgicu', 'ziembak', 'nanomech', 'moody7890', 'xies', 'bolormaa']",13,"['adenova', 'loparga5', 'jjchavez5', 'jhontiveros', 'rcabrera', 'fernandoa1', 'ejhernandez4', 'ldfrederick', 'ralmendarez', 'amendoza21', None, 'pyvaldez', 'idflores']",22,"['lepenator', 'adenova', 'loparga5', 'jjchavez5', 'slfuller2', 'moody7890', 'xies', 'amendoza21', 'bolormaa', 'pyvaldez', None, 'abdmen', 'dlgicu', 'ziembak', 'rcabrera', 'jhontiveros', 'nanomech', 'fernandoa1', 'ejhernandez4', 'ldfrederick', 'ralmendarez', 'idflores']"
39,109,10,9,1,['abdmen'],8,"['lepenator', 'dlgicu', 'ziembak', 'nanomech', 'slfuller2', 'moody7890', 'xies', 'bolormaa']",8,"['gladysh', 'mathnerd29', 'tojemuyiwa', 'evanclark', 'tjmomoh1186', 'tjgareg', None, 'jogden12']",17,"['abdmen', 'lepenator', 'dlgicu', 'ziembak', 'gladysh', 'mathnerd29', 'tojemuyiwa', 'jogden12', 'evanclark', 'nanomech', 'slfuller2', 'moody7890', 'xies', 'tjmomoh1186', 'tjgareg', None, 'bolormaa']"
41,54,10,10,6,"['chiuq', 'huangnanpdx', 'zahedreza_8', 'mabdulai', 'rieger', 'ccnate']",3,"['aminul', 'fmoradi', 'zoom128']",4,"['higginja', None, 'forest', 'ketki']",13,"['chiuq', 'zoom128', 'forest', 'ketki', 'ccnate', None, 'huangnanpdx', 'zahedreza_8', 'mabdulai', 'fmoradi', 'rieger', 'aminul', 'higginja']"
42,19,9,8,7,"['pion', 'yongjli', 'rhchiu', 'kerrayzy', 'aromacch', 'htoto012', 'vanwormk']",1,['sylegall'],1,[None],9,"['pion', 'sylegall', 'yongjli', 'rhchiu', 'kerrayzy', 'aromacch', 'htoto012', 'vanwormk', None]"
43,66,9,31,7,"['jiweihuang', 'rchhetri', 'qianlipeng', 'sdeleo', 'tukiaine', 'aninine9', 'tluk']",1,['sunaina369'],24,"['prison46664', 'sharmi', 'uirfan', 'rohanbali', 'jacobs26', 'valeriuvrabie', 'mharduar', 'ntuliuyang', 'ryangelfand', 'xuxiayao', 'azeredo1', 'vajeti', 'rohith', 'tbozada1', 'ychemeng', 'alfdoug', 'prander2', 'msjeon', 'jleigh', 'thomasrothe', None, 'jgsun2', 'andrakris', 'seanmcginnis']",32,"['prison46664', 'sharmi', 'uirfan', 'tukiaine', 'rohanbali', 'jacobs26', 'valeriuvrabie', 'mharduar', 'ntuliuyang', 'ryangelfand', 'xuxiayao', 'azeredo1', 'vajeti', 'rohith', 'tbozada1', 'rchhetri', 'ychemeng', 'qianlipeng', 'alfdoug', 'prander2', 'msjeon', 'sunaina369', 'aninine9', 'jleigh', 'tluk', 'thomasrothe', None, 'jgsun2', 'jiweihuang', 'andrakris', 'sdeleo', 'seanmcginnis']"
43,31,9,28,8,"['jiweihuang', 'rchhetri', 'qianlipeng', 'sdeleo', 'tukiaine', 'sunaina369', 'aninine9', 'tluk']",0,[],20,"['prison46664', 'sharmi', 'rohanbali', 'jacobs26', 'mharduar', 'ntuliuyang', 'ryangelfand', 'xuxiayao', 'vajeti', 'rohith', 'tbozada1', 'ychemeng', 'prander2', 'msjeon', 'jleigh', 'thomasrothe', None, 'jgsun2', 'andrakris', 'seanmcginnis']",28,"['prison46664', 'sharmi', 'tukiaine', 'rohanbali', 'jacobs26', 'mharduar', 'ntuliuyang', 'ryangelfand', 'xuxiayao', 'vajeti', 'rohith', 'tbozada1', 'rchhetri', 'ychemeng', 'qianlipeng', 'prander2', 'msjeon', 'sunaina369', 'aninine9', 'jleigh', 'tluk', 'thomasrothe', None, 'jgsun2', 'jiweihuang', 'andrakris', 'sdeleo', 'seanmcginnis']"
43,70,9,18,8,"['jiweihuang', 'rchhetri', 'qianlipeng', 'sdeleo', 'tukiaine', 'sunaina369', 'aninine9', 'tluk']",0,[],10,"[None, 'sharmi', 'ychemeng', 'ntuliuyang', 'andrakris', 'ryangelfand', 'xuxiayao', 'thomasrothe', 'jgsun2', 'rohith']",18,"['sharmi', 'rchhetri', 'ychemeng', 'qianlipeng', 'tukiaine', 'sunaina369', 'aninine9', 'tluk', 'thomasrothe', 'jgsun2', None, 'jiweihuang', 'ntuliuyang', 'andrakris', 'sdeleo', 'ryangelfand', 'xuxiayao', 'rohith']"
44,32,9,9,7,"['moywaiho', 'tuckseong82', 'vowphyr', 'hlzhen', 'hcelina81', 'yphuah1', 'weiching82']",1,['gustavocm'],2,"['beehoay', None]",10,"['moywaiho', 'tuckseong82', 'vowphyr', 'weiching82', 'gustavocm', 'hlzhen', 'hcelina81', 'beehoay', None, 'yphuah1']"
45,66,9,31,8,"['prison46664', 'prander2', 'msjeon', 'jleigh', 'seanmcginnis', 'jacobs26', 'vajeti', 'tbozada1']",0,[],23,"['sharmi', 'uirfan', 'tukiaine', 'rohanbali', 'valeriuvrabie', 'mharduar', 'ntuliuyang', 'ryangelfand', 'xuxiayao', 'azeredo1', 'rohith', 'rchhetri', 'ychemeng', 'qianlipeng', 'alfdoug', 'aninine9', 'tluk', 'thomasrothe', None, 'jgsun2', 'jiweihuang', 'andrakris', 'sdeleo']",31,"['prison46664', 'sharmi', 'uirfan', 'tukiaine', 'rohanbali', 'jacobs26', 'valeriuvrabie', 'mharduar', 'ntuliuyang', 'ryangelfand', 'xuxiayao', 'azeredo1', 'vajeti', 'rohith', 'tbozada1', 'rchhetri', 'ychemeng', 'qianlipeng', 'alfdoug', 'prander2', 'msjeon', 'aninine9', 'jleigh', 'tluk', 'thomasrothe', None, 'jgsun2', 'jiweihuang', 'andrakris', 'sdeleo', 'seanmcginnis']"
45,31,9,28,8,"['prison46664', 'prander2', 'msjeon', 'jleigh', 'seanmcginnis', 'jacobs26', 'vajeti', 'tbozada1']",0,[],20,"['sharmi', 'tukiaine', 'rohanbali', 'ntuliuyang', 'mharduar', 'ryangelfand', 'xuxiayao', 'rohith', 'rchhetri', 'ychemeng', 'qianlipeng', 'sunaina369', 'aninine9', 'tluk', 'thomasrothe', 'jgsun2', None, 'jiweihuang', 'andrakris', 'sdeleo']",28,"['prison46664', 'sharmi', 'tukiaine', 'rohanbali', 'jacobs26', 'mharduar', 'ntuliuyang', 'ryangelfand', 'xuxiayao', 'vajeti', 'rohith', 'tbozada1', 'rchhetri', 'ychemeng', 'qianlipeng', 'prander2', 'msjeon', 'sunaina369', 'aninine9', 'jleigh', 'tluk', 'thomasrothe', None, 'jgsun2', 'jiweihuang', 'andrakris', 'sdeleo', 'seanmcginnis']"
46,142,9,7,5,"['jiang31', 'dhanahan', 'jernst', 'kjhajari', 'zesmith']",3,"['jgrivera', 'ntwarinshuti', 'dschnepf']",2,"['frog020531', None]",10,"['frog020531', 'jiang31', 'jgrivera', 'dhanahan', 'jernst', 'ntwarinshuti', 'dschnepf', 'kjhajari', None, 'zesmith']"
47,127,9,35,8,"['vestrada', 'tbermea', 'jdejesus', 'hseetao', 'moorozco', 'jacardenas4', 'jrodriguez4', 'mcmarkulik']",0,[],27,"['ljfalcon', 'josesan85', 'srodriguez', 'darkdvnt', 'jqramirez', 'stella', 'guest123', 'dacuna5', 'calopez2', 'rmanaya', 'mfranco', 'majaurrieta', 'egaytan', 'sonofsim', 'jajimenez7', 'maearley', 'raguillen', 'josansan85', 'cemontalvo', None, 'amtorres5', 'eurocar9', 'facnofoa', 'fjchagolla', 'hhmoreno', 'aaguilar8', 'ahmadfares']",35,"['ljfalcon', 'jdejesus', 'josesan85', 'srodriguez', 'hseetao', 'moorozco', 'jacardenas4', 'darkdvnt', 'jqramirez', 'stella', 'tbermea', 'guest123', 'dacuna5', 'calopez2', 'rmanaya', 'mfranco', 'mcmarkulik', 'majaurrieta', 'egaytan', 'sonofsim', 'jajimenez7', 'maearley', 'raguillen', 'josansan85', 'cemontalvo', None, 'vestrada', 'amtorres5', 'eurocar9', 'facnofoa', 'fjchagolla', 'hhmoreno', 'aaguilar8', 'ahmadfares', 'jrodriguez4']"
47,136,9,30,8,"['vestrada', 'tbermea', 'jdejesus', 'hseetao', 'moorozco', 'jacardenas4', 'jrodriguez4', 'mcmarkulik']",0,[],22,"['ljfalcon', 'srodriguez', 'darkdvnt', 'jqramirez', 'stella', 'infame', 'calopez2', 'berodriguez', 'rmanaya', 'majaurrieta', 'egaytan', 'sonofsim', 'maearley', 'raguillen', 'josansan85', None, 'amtorres5', 'eurocar9', 'facnofoa', 'fjchagolla', 'hhmoreno', 'aaguilar8']",30,"['ljfalcon', 'jdejesus', 'srodriguez', 'hseetao', 'moorozco', 'jacardenas4', 'darkdvnt', 'jqramirez', 'stella', 'tbermea', 'infame', 'calopez2', 'berodriguez', 'rmanaya', 'mcmarkulik', 'majaurrieta', 'egaytan', 'sonofsim', 'maearley', 'raguillen', 'josansan85', None, 'vestrada', 'amtorres5', 'eurocar9', 'facnofoa', 'fjchagolla', 'hhmoreno', 'aaguilar8', 'jrodriguez4']"
47,72,9,22,8,"['vestrada', 'tbermea', 'jdejesus', 'hseetao', 'moorozco', 'jacardenas4', 'jrodriguez4', 'mcmarkulik']",0,[],14,"['egaytan', 'stella', 'hprieto3', 'fjchagolla', 'raguillen', 'maearley', 'srodriguez', 'eavalenzuela', 'calopez2', 'cemontalvo', 'josesan7', None, 'cesar915', 'majaurrieta']",22,"['egaytan', 'raguillen', 'maearley', 'jdejesus', 'srodriguez', 'hseetao', 'eavalenzuela', 'cemontalvo', 'moorozco', 'jacardenas4', None, 'cesar915', 'vestrada', 'stella', 'hprieto3', 'tbermea', 'fjchagolla', 'calopez2', 'josesan7', 'jrodriguez4', 'mcmarkulik', 'majaurrieta']"
47,74,9,20,7,"['vestrada', 'tbermea', 'jdejesus', 'hseetao', 'moorozco', 'jacardenas4', 'mcmarkulik']",1,['jrodriguez4'],13,"['egaytan', 'facnofoa', 'stella', 'hprieto3', 'fjchagolla', 'raguillen', 'maearley', 'srodriguez', 'cemontalvo', 'ahmadfares', 'josesan7', None, 'majaurrieta']",21,"['egaytan', 'raguillen', 'maearley', 'jdejesus', 'srodriguez', 'hseetao', 'cemontalvo', 'moorozco', 'jacardenas4', None, 'vestrada', 'facnofoa', 'stella', 'hprieto3', 'tbermea', 'fjchagolla', 'ahmadfares', 'josesan7', 'jrodriguez4', 'mcmarkulik', 'majaurrieta']"
47,73,9,19,7,"['vestrada', 'tbermea', 'jdejesus', 'hseetao', 'moorozco', 'jrodriguez4', 'mcmarkulik']",1,['jacardenas4'],12,"['egaytan', 'facnofoa', 'stella', 'hprieto3', 'fjchagolla', 'raguillen', 'maearley', 'srodriguez', 'cemontalvo', 'josesan7', None, 'majaurrieta']",20,"['egaytan', 'raguillen', 'maearley', 'jdejesus', 'srodriguez', 'hseetao', 'cemontalvo', 'moorozco', 'jacardenas4', None, 'vestrada', 'facnofoa', 'stella', 'hprieto3', 'tbermea', 'fjchagolla', 'josesan7', 'jrodriguez4', 'mcmarkulik', 'majaurrieta']"
47,81,9,12,4,"['vestrada', 'hseetao', 'moorozco', 'jdejesus']",4,"['jrodriguez4', 'jacardenas4', 'tbermea', 'mcmarkulik']",8,"['egaytan', 'facnofoa', 'stella', 'fjchagolla', 'calopez2', 'ahmadfares', 'josesan7', None]",16,"['egaytan', 'jdejesus', 'hseetao', 'moorozco', 'jacardenas4', None, 'vestrada', 'facnofoa', 'stella', 'tbermea', 'fjchagolla', 'calopez2', 'ahmadfares', 'josesan7', 'jrodriguez4', 'mcmarkulik']"
47,132,9,8,1,['jacardenas4'],7,"['vestrada', 'tbermea', 'jdejesus', 'hseetao', 'moorozco', 'jrodriguez4', 'mcmarkulik']",7,"['egaytan', 'stella', 'maearley', 'srodriguez', 'calopez2', 'josansan85', None]",15,"['vestrada', 'egaytan', None, 'stella', 'tbermea', 'maearley', 'jdejesus', 'srodriguez', 'hseetao', 'calopez2', 'josansan85', 'moorozco', 'jacardenas4', 'jrodriguez4', 'mcmarkulik']"
48,137,9,6,4,"['mrghajar', 'nchan86', 'vedhas', 'jrollins']",4,"['toddk', 'johnsochacki', 'toregan67', 'gbujanda']",2,"[None, 'bpadman1']",10,"['toddk', 'mrghajar', 'toregan67', 'jrollins', 'johnsochacki', 'bpadman1', 'nchan86', None, 'vedhas', 'gbujanda']"
50,24,9,20,8,"['danielgottesman4', 'shovon_3e', 'pepsiman', 'wang54599', 'pjt002', 'rio9', 'rozita', 'sandrine']",0,[],12,"['syscrash', 'uditvira', 'douglas_watson', 'tejas777', 'dannysarraf', 'shadisabri', 'wesyu', 'randhawaharneet', 'hongquanyue', 'szkopek', None, 'captain_physics']",20,"['danielgottesman4', 'shovon_3e', 'douglas_watson', 'tejas777', 'dannysarraf', 'shadisabri', 'hongquanyue', 'pjt002', 'rio9', None, 'sandrine', 'captain_physics', 'syscrash', 'uditvira', 'pepsiman', 'wang54599', 'wesyu', 'randhawaharneet', 'szkopek', 'rozita']"
50,133,9,15,7,"['danielgottesman4', 'shovon_3e', 'pepsiman', 'wang54599', 'pjt002', 'rozita', 'sandrine']",1,['rio9'],8,"['syscrash', 'francium', 'uditvira', 'tejas777', 'dannysarraf', 'hongquanyue', None, 'captain_physics']",16,"['danielgottesman4', 'francium', 'shovon_3e', 'tejas777', 'dannysarraf', 'hongquanyue', 'pjt002', 'rio9', None, 'sandrine', 'captain_physics', 'syscrash', 'uditvira', 'pepsiman', 'wang54599', 'rozita']"
52,114,8,9,6,"['jbischel00', 'jomo8000', 'snocross377', 'covill07', 'mbechel11', 'bkelm1']",1,['akiefer'],3,"['yardleynow', None, 'mhepfler']",10,"['jbischel00', 'snocross377', 'covill07', 'mhepfler', None, 'bkelm1', 'akiefer', 'jomo8000', 'mbechel11', 'yardleynow']"
53,91,8,36,6,"['oxygenspin1', 'jbeaulieu', 'akraman', 'wgeary', 'wrightbj', 'wandrbeck']",1,['cjwagner'],30,"['aecooper', 'fengk', 'sglynn', 'wrucker', 'asaski', 'sesulliv', 'rkusuma', 'acroson', 'cbrinton07', 'mchuber', 'heginator16', 'nghadial', 'iyums', 'xueh', 'jcflanag', 'skunplin', 'gmendis', 'ander107', 'bae4', 'takinfe', None, 'kspano', 'kharry', 'hsale', 'knights2715', 'monsterd5', 'zbo', 'gnave', 'ddkelly', 'lkearney']",37,"['aecooper', 'fengk', 'sglynn', 'wrucker', 'wandrbeck', 'asaski', 'sesulliv', 'rkusuma', 'acroson', 'cjwagner', 'cbrinton07', 'mchuber', 'heginator16', 'nghadial', 'iyums', 'xueh', 'jcflanag', 'oxygenspin1', 'akraman', 'wgeary', 'skunplin', 'gmendis', 'wrightbj', 'ander107', 'bae4', 'takinfe', None, 'kspano', 'kharry', 'hsale', 'jbeaulieu', 'knights2715', 'monsterd5', 'zbo', 'gnave', 'ddkelly', 'lkearney']"
53,92,8,7,2,"['akraman', 'cjwagner']",5,"['oxygenspin1', 'jbeaulieu', 'wgeary', 'wrightbj', 'wandrbeck']",5,"['acroson', 'ccurti00', 'bae4', 'ahinsh00', None]",12,"['acroson', 'oxygenspin1', 'cjwagner', 'jbeaulieu', 'akraman', 'wgeary', 'ccurti00', 'wrightbj', 'wandrbeck', 'bae4', 'ahinsh00', None]"
54,30,8,9,5,"['gladysh', 'tojemuyiwa', 'evanclark', 'tjmomoh1186', 'jogden12']",2,"['lizard6', 'tjgareg']",4,"['yuyaowang', 'mathnerd29', None, 'ssahmed']",11,"['gladysh', 'mathnerd29', 'evanclark', 'yuyaowang', 'tjmomoh1186', 'jogden12', None, 'ssahmed', 'tojemuyiwa', 'lizard6', 'tjgareg']"
54,109,8,9,6,"['gladysh', 'tojemuyiwa', 'evanclark', 'tjmomoh1186', 'tjgareg', 'jogden12']",1,['lizard6'],3,"['abdmen', 'mathnerd29', None]",10,"['gladysh', 'mathnerd29', 'evanclark', 'tjmomoh1186', 'jogden12', None, 'abdmen', 'tojemuyiwa', 'lizard6', 'tjgareg']"
54,86,8,7,5,"['gladysh', 'tojemuyiwa', 'evanclark', 'tjmomoh1186', 'lizard6']",2,"['jogden12', 'tjgareg']",2,"['mathnerd29', None]",9,"['gladysh', 'mathnerd29', 'tojemuyiwa', 'evanclark', 'tjmomoh1186', 'lizard6', 'tjgareg', None, 'jogden12']"
55,51,8,30,4,"['somnath2', 'cpoon2', 'dn21493234', 'rosboro1']",3,"['yvonneeven', 'sembel1', 'missinglink41']",26,"['kim857', 'ercetera', 'rredeno2', 'jaredlesicko', 'rohanbali', 'roylee3', 'amryan2', 'logiconcepts819', 'raizada1', 'tao7', 'ebelul2', 'beminor2', 'franc21', 'codenum273', 'dabbelt1', None, 'boruichen', 'cliu35', 'rgalvan2', 'dbostwi2', 'kim413', 'mikedaley5', 'barmstr3', 'sirish989', 'lebedow1', 'ymoon4']",33,"['sembel1', 'kim857', 'ercetera', 'dn21493234', 'rredeno2', 'jaredlesicko', 'rohanbali', 'roylee3', 'yvonneeven', 'amryan2', 'logiconcepts819', 'raizada1', 'tao7', 'ebelul2', 'beminor2', 'cpoon2', 'franc21', 'codenum273', 'dabbelt1', 'rosboro1', None, 'boruichen', 'somnath2', 'cliu35', 'rgalvan2', 'dbostwi2', 'kim413', 'mikedaley5', 'barmstr3', 'sirish989', 'missinglink41', 'lebedow1', 'ymoon4']"
55,52,8,18,1,['missinglink41'],6,"['yvonneeven', 'sembel1', 'somnath2', 'cpoon2', 'dn21493234', 'rosboro1']",17,"['apandya3', 'lee142', 'rgalvan2', 'alaimo1', 'bconnaghan', 'codenum273', 'wilwizard', 'alllaw', 'dabbelt1', 'stevenjin2137', 'daguri87', 'dshih2', 'justintconroy', 'jhandz2', 'georges4', None, 'choi129']",24,"['sembel1', 'apandya3', 'alaimo1', 'cpoon2', 'dn21493234', 'codenum273', 'alllaw', 'dabbelt1', 'rosboro1', 'daguri87', 'dshih2', 'jhandz2', None, 'yvonneeven', 'somnath2', 'lee142', 'rgalvan2', 'bconnaghan', 'wilwizard', 'stevenjin2137', 'justintconroy', 'missinglink41', 'georges4', 'choi129']"
55,53,8,9,1,['sembel1'],6,"['yvonneeven', 'somnath2', 'cpoon2', 'dn21493234', 'rosboro1', 'missinglink41']",8,"['amryan2', 'raizada1', 'chingying89', 'ran1363', 'jogah', 'kim413', 'mczarny', None]",15,"['sembel1', 'chingying89', 'cpoon2', 'dn21493234', 'rosboro1', 'mczarny', None, 'yvonneeven', 'amryan2', 'somnath2', 'raizada1', 'ran1363', 'jogah', 'kim413', 'missinglink41']"
56,155,8,11,5,"['ralumpkin', 'cawhittern', 'cwjackson', 'ttthzq', 'amoore']",2,"['khaldoon', 'andyjoe7']",6,"['jlakin', 'cpjbeh', 'aagilmore', 'babailey', None, 'apburks']",13,"['khaldoon', 'ralumpkin', 'jlakin', 'aagilmore', 'amoore', None, 'cpjbeh', 'cawhittern', 'cwjackson', 'ttthzq', 'andyjoe7', 'babailey', 'apburks']"
60,126,7,36,6,"['kraml', 'p4av31', 'nipperbook', 'pik', 'pitris', 'lukec']",0,[],30,"['xchalu08', 'lsoukup', 'flegi', 'mlsanek', 'mariocz', 'xtoman00', 'michalec', 'pospisal', 'tomako9', 'xjirou05', 'libisz', 'easys2', 'xstodu03vut', 'xprikr21', 'mnan', 'lachrp', 'xsterb01', 'mstar', 'bucta', 'siq', None, 'sayer', 'pepek', 'petrkrivka', 'xliprt00', 'kroco', 'xsvobo19', 'xzakon00', 'budikm', 'antimonek']",36,"['xchalu08', 'lsoukup', 'flegi', 'mlsanek', 'mariocz', 'xtoman00', 'michalec', 'pospisal', 'tomako9', 'xjirou05', 'libisz', 'easys2', 'nipperbook', 'pik', 'xstodu03vut', 'xprikr21', 'kraml', 'mnan', 'lachrp', 'p4av31', 'xsterb01', 'pitris', 'mstar', 'bucta', 'siq', None, 'sayer', 'pepek', 'petrkrivka', 'xliprt00', 'kroco', 'xsvobo19', 'xzakon00', 'budikm', 'lukec', 'antimonek']"
60,75,7,35,6,"['kraml', 'p4av31', 'nipperbook', 'pik', 'pitris', 'lukec']",0,[],29,"['flegi', 'lsoukup', 'xtoman00', 'michalec', 'funko', 'libiszd', 'tomako9', 'xholis00', 'zavodka', 'mnan', 'deynekas', 'lachrp', 'xsterb01', 'mstar', 'perruzzi', 'pjoter', None, 'sayer', 'bilymorce', 'pepek', 'xliprt00', 'symir', 'kroco', 'xsvobo19', 'xzakon00', 'mattoni', '2e0rge', 'budikm', 'antimonek']",35,"['flegi', 'lsoukup', 'xtoman00', 'michalec', 'funko', 'libiszd', 'tomako9', 'xholis00', 'nipperbook', 'pik', 'zavodka', 'kraml', 'mnan', 'deynekas', 'lachrp', 'p4av31', 'xsterb01', 'pitris', 'mstar', 'perruzzi', 'pjoter', None, 'sayer', 'bilymorce', 'pepek', 'xliprt00', 'symir', 'kroco', 'xsvobo19', 'xzakon00', 'mattoni', '2e0rge', 'budikm', 'lukec', 'antimonek']"
60,106,7,35,6,"['kraml', 'p4av31', 'nipperbook', 'pik', 'pitris', 'lukec']",0,[],29,"['flegi', 'lsoukup', 'xtoman00', 'michalec', 'funko', 'libiszd', 'tomako9', 'xholis00', 'zavodka', 'mnan', 'deynekas', 'lachrp', 'xsterb01', 'mstar', 'perruzzi', 'pjoter', None, 'sayer', 'bilymorce', 'pepek', 'xliprt00', 'symir', 'kroco', 'xsvobo19', 'xzakon00', 'mattoni', '2e0rge', 'budikm', 'antimonek']",35,"['flegi', 'lsoukup', 'xtoman00', 'michalec', 'funko', 'libiszd', 'tomako9', 'xholis00', 'nipperbook', 'pik', 'zavodka', 'kraml', 'mnan', 'deynekas', 'lachrp', 'p4av31', 'xsterb01', 'pitris', 'mstar', 'perruzzi', 'pjoter', None, 'sayer', 'bilymorce', 'pepek', 'xliprt00', 'symir', 'kroco', 'xsvobo19', 'xzakon00', 'mattoni', '2e0rge', 'budikm', 'lukec', 'antimonek']"
60,134,7,19,6,"['kraml', 'p4av31', 'nipperbook', 'pik', 'pitris', 'lukec']",0,[],13,"['xrasop00', 'krajiczech', 'xpauke00', 'mlsanek', 'ambroz', 'xmotlj01', 'funko', 'kriss', 'xfoglm00', 'cosie123', None, 'kjmlkjml', 'easys2']",19,"['kraml', 'krajiczech', 'mlsanek', 'p4av31', 'pitris', 'funko', None, 'easys2', 'xrasop00', 'xpauke00', 'ambroz', 'nipperbook', 'pik', 'kriss', 'xfoglm00', 'cosie123', 'lukec', 'kjmlkjml', 'xmotlj01']"
62,18,7,12,5,"['edbr0wn', 'ptnguyen', 'tascanlo', 'aackert', 'tscanlon']",1,['a_savoini'],7,"['tyoquele', 'hmosman', 'jholdema', 'bowmanjt', 'jmaberto', 'alexandercartagena', None]",13,"['hmosman', 'ptnguyen', 'jmaberto', 'tascanlo', 'alexandercartagena', None, 'tyoquele', 'a_savoini', 'jholdema', 'edbr0wn', 'bowmanjt', 'aackert', 'tscanlon']"
66,50,7,8,3,"['mkalis', 'pdonco1', 'sgorder']",3,"['dreusser', 'duoli', 'myakutali']",5,"['vikeswin', 'cutecht123', 'petej216', 'michaevanloan', None]",11,"['dreusser', 'sgorder', 'vikeswin', 'cutecht123', 'duoli', 'mkalis', 'petej216', 'pdonco1', 'michaevanloan', None, 'myakutali']"
68,75,6,35,5,"['bilymorce', 'xholis00', 'libiszd', '2e0rge', 'zavodka']",0,[],30,"['flegi', 'lsoukup', 'xtoman00', 'michalec', 'funko', 'tomako9', 'pik', 'nipperbook', 'kraml', 'mnan', 'deynekas', 'lachrp', 'xsterb01', 'p4av31', 'pitris', 'mstar', 'perruzzi', 'pjoter', None, 'sayer', 'pepek', 'xliprt00', 'symir', 'kroco', 'xsvobo19', 'xzakon00', 'mattoni', 'budikm', 'lukec', 'antimonek']",35,"['flegi', 'lsoukup', 'xtoman00', 'michalec', 'funko', 'libiszd', 'tomako9', 'xholis00', 'pik', 'nipperbook', 'zavodka', 'kraml', 'mnan', 'deynekas', 'lachrp', 'xsterb01', 'p4av31', 'pitris', 'mstar', 'perruzzi', 'pjoter', None, 'lukec', 'sayer', 'bilymorce', 'pepek', 'xliprt00', 'symir', 'kroco', 'xsvobo19', 'xzakon00', 'mattoni', 'budikm', '2e0rge', 'antimonek']"
68,106,6,35,5,"['bilymorce', 'xholis00', 'libiszd', '2e0rge', 'zavodka']",0,[],30,"['flegi', 'lsoukup', 'xtoman00', 'michalec', 'funko', 'tomako9', 'pik', 'nipperbook', 'kraml', 'mnan', 'deynekas', 'lachrp', 'xsterb01', 'p4av31', 'pitris', 'mstar', 'perruzzi', 'pjoter', None, 'sayer', 'pepek', 'xliprt00', 'symir', 'kroco', 'xsvobo19', 'xzakon00', 'mattoni', 'budikm', 'lukec', 'antimonek']",35,"['flegi', 'lsoukup', 'xtoman00', 'michalec', 'funko', 'libiszd', 'tomako9', 'xholis00', 'pik', 'nipperbook', 'zavodka', 'kraml', 'mnan', 'deynekas', 'lachrp', 'xsterb01', 'p4av31', 'pitris', 'mstar', 'perruzzi', 'pjoter', None, 'lukec', 'sayer', 'bilymorce', 'pepek', 'xliprt00', 'symir', 'kroco', 'xsvobo19', 'xzakon00', 'mattoni', 'budikm', '2e0rge', 'antimonek']"
69,71,6,25,4,"['idyller', 'jandar', 'gyg', 'jaewondo3']",1,['nanohub3'],21,"['nanohub1', 'rdowdy2', 'man2hero', 'xiongfeng', 'jondavidyoung', 'fourclober2', 'benggriffin', 'jstrack2', 'mohamed', None, 'jwood1985', 'nafgnahz', 'challa1', 'iluvpizzansrk', 'sdutta3', 'arogach2', 'scott27', 'zhegao', 'fourclober', 'jaewondo2', 'gaoyuguang']",26,"['idyller', 'nanohub1', 'gyg', 'rdowdy2', 'man2hero', 'xiongfeng', 'jondavidyoung', 'fourclober2', 'benggriffin', 'jstrack2', 'mohamed', None, 'jandar', 'zhegao', 'jwood1985', 'nafgnahz', 'challa1', 'iluvpizzansrk', 'sdutta3', 'arogach2', 'jaewondo3', 'scott27', 'nanohub3', 'fourclober', 'jaewondo2', 'gaoyuguang']"
71,127,6,35,5,"['amtorres5', 'darkdvnt', 'jqramirez', 'aaguilar8', 'rmanaya']",0,[],30,"['ljfalcon', 'josesan85', 'srodriguez', 'jdejesus', 'hseetao', 'moorozco', 'jacardenas4', 'stella', 'tbermea', 'guest123', 'dacuna5', 'calopez2', 'mfranco', 'mcmarkulik', 'majaurrieta', 'egaytan', 'sonofsim', 'jajimenez7', 'maearley', 'raguillen', 'josansan85', 'cemontalvo', None, 'vestrada', 'eurocar9', 'facnofoa', 'fjchagolla', 'hhmoreno', 'ahmadfares', 'jrodriguez4']",35,"['ljfalcon', 'josesan85', 'srodriguez', 'jdejesus', 'hseetao', 'moorozco', 'jacardenas4', 'darkdvnt', 'jqramirez', 'stella', 'tbermea', 'guest123', 'dacuna5', 'calopez2', 'rmanaya', 'mfranco', 'mcmarkulik', 'majaurrieta', 'egaytan', 'sonofsim', 'jajimenez7', 'maearley', 'raguillen', 'josansan85', 'cemontalvo', None, 'vestrada', 'amtorres5', 'eurocar9', 'facnofoa', 'fjchagolla', 'hhmoreno', 'aaguilar8', 'ahmadfares', 'jrodriguez4']"
71,136,6,30,5,"['amtorres5', 'darkdvnt', 'jqramirez', 'aaguilar8', 'rmanaya']",0,[],25,"['egaytan', 'ljfalcon', 'sonofsim', 'maearley', 'raguillen', 'jdejesus', 'srodriguez', 'hseetao', 'josansan85', 'moorozco', 'jacardenas4', None, 'vestrada', 'eurocar9', 'facnofoa', 'stella', 'tbermea', 'fjchagolla', 'hhmoreno', 'infame', 'calopez2', 'berodriguez', 'jrodriguez4', 'mcmarkulik', 'majaurrieta']",30,"['ljfalcon', 'jdejesus', 'srodriguez', 'hseetao', 'moorozco', 'jacardenas4', 'darkdvnt', 'jqramirez', 'stella', 'tbermea', 'infame', 'calopez2', 'rmanaya', 'berodriguez', 'mcmarkulik', 'majaurrieta', 'egaytan', 'sonofsim', 'maearley', 'raguillen', 'josansan85', None, 'vestrada', 'amtorres5', 'eurocar9', 'facnofoa', 'fjchagolla', 'hhmoreno', 'aaguilar8', 'jrodriguez4']"
71,108,6,8,5,"['amtorres5', 'darkdvnt', 'jqramirez', 'aaguilar8', 'rmanaya']",0,[],3,"['ldfrederick', None, 'javazquez4']",8,"['amtorres5', 'darkdvnt', 'javazquez4', 'jqramirez', 'aaguilar8', 'ldfrederick', 'rmanaya', None]"
73,68,6,6,4,"['amirofunm', 'm_safdari', 'mnth3002', 'ablapat']",1,['jweinrps13'],2,"[None, 'genoflores1']",7,"['jweinrps13', 'm_safdari', 'ablapat', 'genoflores1', 'mnth3002', 'amirofunm', None]"
75,126,6,36,5,"['xchalu08', 'xstodu03vut', 'pospisal', 'bucta', 'xjirou05']",0,[],31,"['lsoukup', 'flegi', 'mlsanek', 'mariocz', 'xtoman00', 'michalec', 'tomako9', 'libisz', 'easys2', 'pik', 'nipperbook', 'xprikr21', 'kraml', 'mnan', 'lachrp', 'xsterb01', 'p4av31', 'pitris', 'mstar', 'siq', None, 'sayer', 'pepek', 'petrkrivka', 'xliprt00', 'kroco', 'xsvobo19', 'xzakon00', 'budikm', 'lukec', 'antimonek']",36,"['xchalu08', 'lsoukup', 'flegi', 'mlsanek', 'mariocz', 'xtoman00', 'michalec', 'pospisal', 'tomako9', 'xjirou05', 'libisz', 'easys2', 'pik', 'nipperbook', 'xstodu03vut', 'xprikr21', 'kraml', 'mnan', 'lachrp', 'xsterb01', 'p4av31', 'pitris', 'mstar', 'bucta', 'siq', None, 'sayer', 'pepek', 'petrkrivka', 'xliprt00', 'kroco', 'xsvobo19', 'xzakon00', 'budikm', 'lukec', 'antimonek']"
75,41,6,18,4,"['xjirou05', 'bucta', 'xstodu03vut', 'pospisal']",1,['xchalu08'],14,"['mnan', 'flegi', 'xsterb01', 'xtoman00', 'symir', 'kroco', 'michalec', 'xsvobo19', 'xzakon00', 'mattoni', 'perruzzi', 'xciesl03', 'xprikr21', None]",19,"['xchalu08', 'mnan', 'flegi', 'xsterb01', 'xtoman00', 'michalec', 'pospisal', 'bucta', 'perruzzi', 'xciesl03', 'xjirou05', None, 'symir', 'kroco', 'xstodu03vut', 'xsvobo19', 'xzakon00', 'mattoni', 'xprikr21']"
75,135,6,18,4,"['xjirou05', 'bucta', 'xstodu03vut', 'pospisal']",1,['xchalu08'],14,"['mnan', 'flegi', 'xsterb01', 'xtoman00', 'symir', 'kroco', 'michalec', 'xsvobo19', 'xzakon00', 'mattoni', 'perruzzi', 'xciesl03', 'xprikr21', None]",19,"['xchalu08', 'mnan', 'flegi', 'xsterb01', 'xtoman00', 'michalec', 'pospisal', 'bucta', 'perruzzi', 'xciesl03', 'xjirou05', None, 'symir', 'kroco', 'xstodu03vut', 'xsvobo19', 'xzakon00', 'mattoni', 'xprikr21']"
77,126,6,36,4,"['pepek', 'tomako9', 'lsoukup', 'lachrp']",1,['hrubost'],32,"['xchalu08', 'flegi', 'mlsanek', 'mariocz', 'xtoman00', 'michalec', 'pospisal', 'xjirou05', 'libisz', 'easys2', 'pik', 'nipperbook', 'xstodu03vut', 'xprikr21', 'kraml', 'mnan', 'xsterb01', 'p4av31', 'pitris', 'mstar', 'bucta', 'siq', None, 'sayer', 'petrkrivka', 'xliprt00', 'kroco', 'xsvobo19', 'xzakon00', 'budikm', 'lukec', 'antimonek']",37,"['xchalu08', 'lsoukup', 'flegi', 'mlsanek', 'mariocz', 'xtoman00', 'michalec', 'pospisal', 'tomako9', 'xjirou05', 'libisz', 'easys2', 'pik', 'nipperbook', 'xstodu03vut', 'xprikr21', 'kraml', 'mnan', 'lachrp', 'xsterb01', 'p4av31', 'pitris', 'hrubost', 'mstar', 'bucta', 'siq', None, 'sayer', 'pepek', 'petrkrivka', 'xliprt00', 'kroco', 'xsvobo19', 'xzakon00', 'budikm', 'lukec', 'antimonek']"
77,75,6,35,4,"['pepek', 'tomako9', 'lsoukup', 'lachrp']",1,['hrubost'],31,"['flegi', 'xtoman00', 'michalec', 'funko', 'libiszd', 'xholis00', 'pik', 'nipperbook', 'zavodka', 'kraml', 'mnan', 'deynekas', 'xsterb01', 'p4av31', 'pitris', 'mstar', 'perruzzi', 'pjoter', None, 'sayer', 'bilymorce', 'xliprt00', 'symir', 'kroco', 'xsvobo19', 'xzakon00', 'mattoni', '2e0rge', 'budikm', 'lukec', 'antimonek']",36,"['lsoukup', 'flegi', 'xtoman00', 'michalec', 'funko', 'libiszd', 'tomako9', 'xholis00', 'pik', 'nipperbook', 'zavodka', 'kraml', 'mnan', 'deynekas', 'lachrp', 'xsterb01', 'p4av31', 'pitris', 'hrubost', 'mstar', 'perruzzi', 'pjoter', None, 'lukec', 'sayer', 'pepek', 'bilymorce', 'xliprt00', 'symir', 'kroco', 'xsvobo19', 'xzakon00', 'mattoni', 'budikm', '2e0rge', 'antimonek']"
77,106,6,35,4,"['pepek', 'tomako9', 'lsoukup', 'lachrp']",1,['hrubost'],31,"['flegi', 'xtoman00', 'michalec', 'funko', 'libiszd', 'xholis00', 'pik', 'nipperbook', 'zavodka', 'kraml', 'mnan', 'deynekas', 'xsterb01', 'p4av31', 'pitris', 'mstar', 'perruzzi', 'pjoter', None, 'sayer', 'bilymorce', 'xliprt00', 'symir', 'kroco', 'xsvobo19', 'xzakon00', 'mattoni', '2e0rge', 'budikm', 'lukec', 'antimonek']",36,"['lsoukup', 'flegi', 'xtoman00', 'michalec', 'funko', 'libiszd', 'tomako9', 'xholis00', 'pik', 'nipperbook', 'zavodka', 'kraml', 'mnan', 'deynekas', 'lachrp', 'xsterb01', 'p4av31', 'pitris', 'hrubost', 'mstar', 'perruzzi', 'pjoter', None, 'lukec', 'sayer', 'pepek', 'bilymorce', 'xliprt00', 'symir', 'kroco', 'xsvobo19', 'xzakon00', 'mattoni', 'budikm', '2e0rge', 'antimonek']"
77,125,6,28,1,['hrubost'],4,"['pepek', 'tomako9', 'lsoukup', 'lachrp']",27,"['deynekas', 'xcechm', 'kucis', 'martian742', 'ppkouba', 'xmatou18', 'xciesl03', 'kuza', 'mischel46', 'xbucek06', 'xpreko01', None, 'koren3', 'xpalka00', 'xrasop00', 'xpauke00', 'ambroz', 'romanhaba', 'xhanus05', 'xpelou00', 'mattoni', 'xnevol01', 'xfoglm00', 'cosie123', 'novak', 'xmotlj01', 'tomasnez']",32,"['lsoukup', 'kucis', 'tomako9', 'xmatou18', 'xciesl03', 'kuza', 'xbucek06', 'xnevol01', 'xfoglm00', 'novak', 'xmotlj01', 'deynekas', 'lachrp', 'xcechm', 'hrubost', 'martian742', 'ppkouba', 'mischel46', 'xpreko01', None, 'koren3', 'xpalka00', 'pepek', 'xrasop00', 'xpauke00', 'ambroz', 'romanhaba', 'xhanus05', 'xpelou00', 'mattoni', 'cosie123', 'tomasnez']"
77,76,6,20,1,['hrubost'],4,"['pepek', 'tomako9', 'lsoukup', 'lachrp']",19,"['kucis', 'kuza', 'xciesl03', 'xbucek06', 'kriss', 'xfoglm00', 'krajiczech', 'xcechm', 'martian742', 'ppkouba', 'mischel46', 'koren3', None, 'xrasop00', 'xpauke00', 'ambroz', 'romanhaba', 'xhanus05', 'xpelou00']",24,"['krajiczech', 'lsoukup', 'lachrp', 'xcechm', 'hrubost', 'kucis', 'martian742', 'tomako9', 'ppkouba', 'kuza', 'xciesl03', 'mischel46', 'xbucek06', None, 'koren3', 'pepek', 'xrasop00', 'xpauke00', 'ambroz', 'romanhaba', 'xhanus05', 'xpelou00', 'kriss', 'xfoglm00']"
77,107,6,20,1,['hrubost'],4,"['pepek', 'tomako9', 'lsoukup', 'lachrp']",19,"['kucis', 'kuza', 'xciesl03', 'xbucek06', 'kriss', 'xfoglm00', 'krajiczech', 'xcechm', 'martian742', 'ppkouba', 'mischel46', 'koren3', None, 'xrasop00', 'xpauke00', 'ambroz', 'romanhaba', 'xhanus05', 'xpelou00']",24,"['krajiczech', 'lsoukup', 'lachrp', 'xcechm', 'hrubost', 'kucis', 'martian742', 'tomako9', 'ppkouba', 'kuza', 'xciesl03', 'mischel46', 'xbucek06', None, 'koren3', 'pepek', 'xrasop00', 'xpauke00', 'ambroz', 'romanhaba', 'xhanus05', 'xpelou00', 'kriss', 'xfoglm00']"
77,43,6,14,1,['hrubost'],4,"['pepek', 'tomako9', 'lsoukup', 'lachrp']",13,"['petrkrivka', 'xrasop00', 'krajiczech', 'xpalka00', 'xpauke00', 'ambroz', 'xhanus05', 'kucis', 'kriss', 'xfoglm00', 'xnevol01', 'xbucek06', None]",18,"['krajiczech', 'lsoukup', 'lachrp', 'hrubost', 'kucis', 'tomako9', 'xbucek06', None, 'petrkrivka', 'pepek', 'xrasop00', 'xpalka00', 'xpauke00', 'ambroz', 'xhanus05', 'kriss', 'xfoglm00', 'xnevol01']"
77,42,6,9,4,"['pepek', 'tomako9', 'lsoukup', 'lachrp']",1,['hrubost'],5,"['deynekas', 'pjoter', 'siq', None, 'xpelcm01']",10,"['pepek', 'lsoukup', 'deynekas', 'lachrp', 'hrubost', 'tomako9', 'pjoter', None, 'siq', 'xpelcm01']"
81,126,6,36,3,"['sayer', 'antimonek', 'budikm']",2,"['ppkouba', 'martian742']",33,"['xchalu08', 'lsoukup', 'flegi', 'mlsanek', 'mariocz', 'xtoman00', 'michalec', 'pospisal', 'tomako9', 'xjirou05', 'libisz', 'easys2', 'pik', 'nipperbook', 'xstodu03vut', 'xprikr21', 'kraml', 'mnan', 'lachrp', 'xsterb01', 'p4av31', 'pitris', 'mstar', 'bucta', 'siq', None, 'pepek', 'petrkrivka', 'xliprt00', 'kroco', 'xsvobo19', 'xzakon00', 'lukec']",38,"['xchalu08', 'lsoukup', 'flegi', 'mlsanek', 'mariocz', 'xtoman00', 'michalec', 'pospisal', 'tomako9', 'xjirou05', 'libisz', 'easys2', 'pik', 'nipperbook', 'xstodu03vut', 'xprikr21', 'kraml', 'mnan', 'lachrp', 'xsterb01', 'p4av31', 'pitris', 'mstar', 'martian742', 'bucta', 'ppkouba', 'siq', None, 'sayer', 'pepek', 'petrkrivka', 'xliprt00', 'kroco', 'xsvobo19', 'xzakon00', 'budikm', 'lukec', 'antimonek']"
81,75,6,35,3,"['sayer', 'antimonek', 'budikm']",2,"['ppkouba', 'martian742']",32,"['flegi', 'lsoukup', 'xtoman00', 'michalec', 'funko', 'libiszd', 'tomako9', 'xholis00', 'pik', 'nipperbook', 'zavodka', 'kraml', 'mnan', 'deynekas', 'lachrp', 'xsterb01', 'p4av31', 'pitris', 'mstar', 'perruzzi', 'pjoter', None, 'bilymorce', 'pepek', 'xliprt00', 'symir', 'kroco', 'xsvobo19', 'xzakon00', 'mattoni', '2e0rge', 'lukec']",37,"['flegi', 'lsoukup', 'xtoman00', 'michalec', 'funko', 'libiszd', 'tomako9', 'xholis00', 'pik', 'nipperbook', 'zavodka', 'kraml', 'mnan', 'deynekas', 'lachrp', 'xsterb01', 'p4av31', 'pitris', 'mstar', 'martian742', 'ppkouba', 'perruzzi', 'pjoter', None, 'lukec', 'sayer', 'bilymorce', 'pepek', 'xliprt00', 'symir', 'kroco', 'xsvobo19', 'xzakon00', 'mattoni', 'budikm', '2e0rge', 'antimonek']"
81,106,6,35,3,"['sayer', 'antimonek', 'budikm']",2,"['ppkouba', 'martian742']",32,"['flegi', 'lsoukup', 'xtoman00', 'michalec', 'funko', 'libiszd', 'tomako9', 'xholis00', 'pik', 'nipperbook', 'zavodka', 'kraml', 'mnan', 'deynekas', 'lachrp', 'xsterb01', 'p4av31', 'pitris', 'mstar', 'perruzzi', 'pjoter', None, 'bilymorce', 'pepek', 'xliprt00', 'symir', 'kroco', 'xsvobo19', 'xzakon00', 'mattoni', '2e0rge', 'lukec']",37,"['flegi', 'lsoukup', 'xtoman00', 'michalec', 'funko', 'libiszd', 'tomako9', 'xholis00', 'pik', 'nipperbook', 'zavodka', 'kraml', 'mnan', 'deynekas', 'lachrp', 'xsterb01', 'p4av31', 'pitris', 'mstar', 'martian742', 'ppkouba', 'perruzzi', 'pjoter', None, 'lukec', 'sayer', 'bilymorce', 'pepek', 'xliprt00', 'symir', 'kroco', 'xsvobo19', 'xzakon00', 'mattoni', 'budikm', '2e0rge', 'antimonek']"
81,125,6,28,2,"['ppkouba', 'martian742']",3,"['sayer', 'antimonek', 'budikm']",26,"['deynekas', 'xcechm', 'hrubost', 'kucis', 'xmatou18', 'xciesl03', 'kuza', 'mischel46', 'xbucek06', 'xpreko01', None, 'koren3', 'xpalka00', 'xrasop00', 'xpauke00', 'ambroz', 'romanhaba', 'xhanus05', 'xpelou00', 'mattoni', 'xnevol01', 'xfoglm00', 'cosie123', 'novak', 'xmotlj01', 'tomasnez']",31,"['kucis', 'xmatou18', 'xciesl03', 'kuza', 'xbucek06', 'xnevol01', 'xfoglm00', 'novak', 'xmotlj01', 'deynekas', 'xcechm', 'hrubost', 'martian742', 'ppkouba', 'mischel46', 'xpreko01', None, 'koren3', 'sayer', 'xpalka00', 'xrasop00', 'xpauke00', 'ambroz', 'romanhaba', 'xhanus05', 'xpelou00', 'mattoni', 'cosie123', 'budikm', 'antimonek', 'tomasnez']"
81,76,6,20,2,"['ppkouba', 'martian742']",3,"['sayer', 'antimonek', 'budikm']",18,"['xrasop00', 'krajiczech', 'xpauke00', 'ambroz', 'romanhaba', 'xcechm', 'hrubost', 'kucis', 'kriss', 'koren3', 'xhanus05', 'xfoglm00', 'xpelou00', 'kuza', 'xciesl03', 'mischel46', 'xbucek06', None]",23,"['krajiczech', 'xcechm', 'hrubost', 'kucis', 'martian742', 'ppkouba', 'kuza', 'xciesl03', 'mischel46', 'xbucek06', None, 'koren3', 'sayer', 'xrasop00', 'xpauke00', 'ambroz', 'romanhaba', 'xhanus05', 'xpelou00', 'kriss', 'xfoglm00', 'budikm', 'antimonek']"
81,107,6,20,2,"['ppkouba', 'martian742']",3,"['sayer', 'antimonek', 'budikm']",18,"['xrasop00', 'krajiczech', 'xpauke00', 'ambroz', 'romanhaba', 'xcechm', 'hrubost', 'kucis', 'kriss', 'koren3', 'xhanus05', 'xfoglm00', 'xpelou00', 'kuza', 'xciesl03', 'mischel46', 'xbucek06', None]",23,"['krajiczech', 'xcechm', 'hrubost', 'kucis', 'martian742', 'ppkouba', 'kuza', 'xciesl03', 'mischel46', 'xbucek06', None, 'koren3', 'sayer', 'xrasop00', 'xpauke00', 'ambroz', 'romanhaba', 'xhanus05', 'xpelou00', 'kriss', 'xfoglm00', 'budikm', 'antimonek']"
84,35,6,14,5,"['meric_arslan', 'fullermd', 'onitakuma', 'harish12', 'dondapati']",0,[],9,"['amoz2010', 'rvargas09', 'geethanjali9', 'rauddur', 'mnoginov', 'leigu', 'ttumkur', None, 'yaka']",14,"['fullermd', 'geethanjali9', 'rvargas09', 'mnoginov', 'leigu', 'onitakuma', 'ttumkur', 'dondapati', 'yaka', None, 'meric_arslan', 'amoz2010', 'rauddur', 'harish12']"
84,101,6,13,5,"['meric_arslan', 'fullermd', 'onitakuma', 'harish12', 'dondapati']",0,[],8,"['amoz2010', 'kopierce', 'rvargas09', 'geethanjali9', 'rauddur', 'leigu', 'ttumkur', None]",13,"['kopierce', 'fullermd', 'geethanjali9', 'rvargas09', 'leigu', 'onitakuma', 'ttumkur', 'dondapati', None, 'meric_arslan', 'amoz2010', 'rauddur', 'harish12']"
85,40,6,15,3,"['vladoncescu', 'lj84', 'engineer83']",2,"['mburger', 'otlutz']",12,"['sm879', 'mmak', 'agumus', 'aadharj', 'joegoodwin', 'khammes', 'pk344', 'ejs74', 'wjdwjd218', 'ilove0423', 'jaskahn', None]",17,"['mburger', 'sm879', 'mmak', 'otlutz', 'agumus', 'aadharj', 'joegoodwin', 'khammes', 'ejs74', 'wjdwjd218', 'vladoncescu', 'lj84', None, 'pk344', 'engineer83', 'ilove0423', 'jaskahn']"
85,124,6,14,3,"['vladoncescu', 'lj84', 'otlutz']",2,"['mburger', 'engineer83']",11,"['mmak', 'aadharj', 'joegoodwin', 'khammes', 'pk344', 'asibi', 'mjcampolongo', 'wjdwjd218', 'ilove0423', 'jaskahn', None]",16,"['mburger', 'mmak', 'otlutz', 'aadharj', 'joegoodwin', 'khammes', 'wjdwjd218', 'vladoncescu', 'lj84', None, 'pk344', 'engineer83', 'mjcampolongo', 'ilove0423', 'jaskahn', 'asibi']"
86,126,6,36,1,['mlsanek'],4,"['xmotlj01', 'cosie123', 'eurocar9', 'sonofsim']",35,"['xchalu08', 'lsoukup', 'flegi', 'mariocz', 'xtoman00', 'michalec', 'pospisal', 'tomako9', 'xjirou05', 'libisz', 'easys2', 'pik', 'nipperbook', 'xstodu03vut', 'xprikr21', 'kraml', 'mnan', 'lachrp', 'xsterb01', 'p4av31', 'pitris', 'mstar', 'bucta', 'siq', None, 'sayer', 'pepek', 'petrkrivka', 'xliprt00', 'kroco', 'xsvobo19', 'xzakon00', 'budikm', 'lukec', 'antimonek']",40,"['xchalu08', 'lsoukup', 'mlsanek', 'flegi', 'mariocz', 'xtoman00', 'michalec', 'pospisal', 'tomako9', 'xjirou05', 'libisz', 'easys2', 'pik', 'nipperbook', 'xstodu03vut', 'xprikr21', 'xmotlj01', 'kraml', 'mnan', 'sonofsim', 'lachrp', 'xsterb01', 'p4av31', 'pitris', 'mstar', 'bucta', 'siq', None, 'sayer', 'pepek', 'petrkrivka', 'eurocar9', 'xliprt00', 'kroco', 'xsvobo19', 'xzakon00', 'cosie123', 'budikm', 'lukec', 'antimonek']"
86,127,6,35,2,"['eurocar9', 'sonofsim']",3,"['xmotlj01', 'cosie123', 'mlsanek']",33,"['ljfalcon', 'josesan85', 'srodriguez', 'jdejesus', 'hseetao', 'moorozco', 'jacardenas4', 'darkdvnt', 'jqramirez', 'stella', 'tbermea', 'guest123', 'dacuna5', 'calopez2', 'rmanaya', 'mfranco', 'mcmarkulik', 'majaurrieta', 'egaytan', 'jajimenez7', 'maearley', 'raguillen', 'josansan85', 'cemontalvo', None, 'vestrada', 'amtorres5', 'facnofoa', 'fjchagolla', 'hhmoreno', 'aaguilar8', 'ahmadfares', 'jrodriguez4']",38,"['ljfalcon', 'mlsanek', 'josesan85', 'srodriguez', 'jdejesus', 'hseetao', 'moorozco', 'jacardenas4', 'darkdvnt', 'jqramirez', 'stella', 'tbermea', 'guest123', 'dacuna5', 'calopez2', 'rmanaya', 'mfranco', 'xmotlj01', 'mcmarkulik', 'majaurrieta', 'egaytan', 'sonofsim', 'jajimenez7', 'maearley', 'raguillen', 'josansan85', 'cemontalvo', None, 'vestrada', 'amtorres5', 'eurocar9', 'facnofoa', 'fjchagolla', 'hhmoreno', 'aaguilar8', 'cosie123', 'ahmadfares', 'jrodriguez4']"
86,136,6,30,2,"['eurocar9', 'sonofsim']",3,"['xmotlj01', 'cosie123', 'mlsanek']",28,"['egaytan', 'ljfalcon', 'maearley', 'raguillen', 'jdejesus', 'srodriguez', 'hseetao', 'josansan85', 'moorozco', 'jacardenas4', None, 'vestrada', 'amtorres5', 'darkdvnt', 'facnofoa', 'jqramirez', 'stella', 'tbermea', 'fjchagolla', 'hhmoreno', 'infame', 'aaguilar8', 'calopez2', 'berodriguez', 'rmanaya', 'jrodriguez4', 'mcmarkulik', 'majaurrieta']",33,"['ljfalcon', 'mlsanek', 'jdejesus', 'srodriguez', 'hseetao', 'moorozco', 'jacardenas4', 'darkdvnt', 'jqramirez', 'stella', 'tbermea', 'infame', 'calopez2', 'berodriguez', 'rmanaya', 'xmotlj01', 'mcmarkulik', 'majaurrieta', 'egaytan', 'sonofsim', 'maearley', 'raguillen', 'josansan85', None, 'vestrada', 'amtorres5', 'eurocar9', 'facnofoa', 'fjchagolla', 'hhmoreno', 'aaguilar8', 'cosie123', 'jrodriguez4']"
86,125,6,28,2,"['cosie123', 'xmotlj01']",3,"['eurocar9', 'sonofsim', 'mlsanek']",26,"['deynekas', 'xcechm', 'hrubost', 'kucis', 'martian742', 'ppkouba', 'xmatou18', 'xciesl03', 'kuza', 'mischel46', 'xbucek06', 'xpreko01', None, 'koren3', 'xpalka00', 'xrasop00', 'xpauke00', 'ambroz', 'romanhaba', 'xhanus05', 'xpelou00', 'mattoni', 'xnevol01', 'xfoglm00', 'novak', 'tomasnez']",31,"['mlsanek', 'kucis', 'xmatou18', 'xciesl03', 'kuza', 'xbucek06', 'xnevol01', 'xfoglm00', 'novak', 'xmotlj01', 'deynekas', 'sonofsim', 'xcechm', 'hrubost', 'martian742', 'ppkouba', 'mischel46', 'xpreko01', None, 'koren3', 'xpalka00', 'xrasop00', 'eurocar9', 'xpauke00', 'ambroz', 'romanhaba', 'xhanus05', 'xpelou00', 'mattoni', 'cosie123', 'tomasnez']"
86,134,6,19,3,"['xmotlj01', 'cosie123', 'mlsanek']",2,"['eurocar9', 'sonofsim']",16,"['xrasop00', 'kraml', 'krajiczech', 'xpauke00', 'ambroz', 'pik', 'nipperbook', 'p4av31', 'pitris', 'funko', 'kriss', 'xfoglm00', 'lukec', None, 'kjmlkjml', 'easys2']",21,"['kraml', 'krajiczech', 'sonofsim', 'mlsanek', 'p4av31', 'pitris', 'funko', None, 'easys2', 'xrasop00', 'eurocar9', 'xpauke00', 'ambroz', 'pik', 'nipperbook', 'kriss', 'xfoglm00', 'cosie123', 'lukec', 'kjmlkjml', 'xmotlj01']"
90,35,6,14,5,"['amoz2010', 'rvargas09', 'geethanjali9', 'rauddur', 'leigu']",0,[],9,"['meric_arslan', 'fullermd', 'mnoginov', 'onitakuma', 'harish12', 'ttumkur', 'dondapati', None, 'yaka']",14,"['fullermd', 'rvargas09', 'geethanjali9', 'mnoginov', 'leigu', 'onitakuma', 'ttumkur', 'dondapati', 'yaka', None, 'meric_arslan', 'amoz2010', 'rauddur', 'harish12']"
90,101,6,13,5,"['amoz2010', 'rvargas09', 'geethanjali9', 'rauddur', 'leigu']",0,[],8,"['meric_arslan', 'kopierce', 'fullermd', 'onitakuma', 'harish12', 'ttumkur', 'dondapati', None]",13,"['kopierce', 'fullermd', 'rvargas09', 'geethanjali9', 'leigu', 'onitakuma', 'ttumkur', 'dondapati', None, 'meric_arslan', 'amoz2010', 'rauddur', 'harish12']"
90,59,6,9,5,"['amoz2010', 'rvargas09', 'geethanjali9', 'rauddur', 'leigu']",0,[],4,"[None, 'ttumkur', 'yaka', 'hlixx004']",9,"['amoz2010', 'rvargas09', 'geethanjali9', 'rauddur', 'leigu', 'ttumkur', None, 'yaka', 'hlixx004']"
