MClusterID,XClusterID,MClusterSize,XClusterSize,OverlapSize,OverlapMembers,MOnlySize,MOnlyMembers,XOnlySize,XOnlyMembers,CombinedSize,CombinedMembers
1,113,143,185,142,"['mitchzub', 'kgupta', 'molivo', 'pbflannery', 'r0bert', 'jpratt', 'alliesalomon', 'rnayak', 'danajohnson2016', 'bgoodman', 'aryost', 'erm070', 'emz850', 'bmk450', 'mustangsheila06', 'failureonline', 'ebell12', 'jmk15151', 'oansari', 'kanderson', 'leahvinson2012', 'audunjohnson', 'takansei', 'codywarner15', 'abhayani', 'jyy327', 'mattamrofell', 'richah87', 'kareem94', 'aqueousplanet', 'slants', 'elaine.lokken', 'akhan786', 'hannaharntson2016', 'cgoldman', 'bryanhuebner2016', 'jkim3294', 'esenu', 'kcai', 'evanrosati', 'nevilgeorge', 'aju576', 'camillecalvin', 'vwo097', 'dombrowskijd', 'adamlim', 'chilliams', 'azb277', 'hchen', 'ecf797', 'vickyccho', 'awang16', 'bowhite', 'ktm463', 'danwedig', 'jhou', 'fzp902', 'shu885', 'bpopovic', 'lvmaliakal', 'miriambk11', 'monicacheng', 'hbeas13', 'j.gross', 'ppeng123', 'rrastogi', 'aidan1350', 'cchen1', 'rah081', 'iday2894', 'ohnemusd', 'lizakelly', 'ncroy', 'mab8436', 'swerner94', 'vka952', 'xkngofqnz', 'qwerty', 'rjb800', 'yuyang552703', 'vivienlho', 'tcf213', 'nbrisson', 'zme543', 'melissag', 'jessimarone', 'farms', 'drice', 'mdiemer', 'atabing', 'schung', 'yxu1', 'karleywds', 'vgn950', 'jmarshall77', 'jtzeggai', 'nahcc21a', 'amh250', 'danielgolden2012', 'jhsieh22', 'anshuhemrajani', 'hassanthegali', 'shosakoppal', 'somini93', 'ajahren', 'willem_wang', 'jsgalyas', 'acm150', 'bko1208', 'cnowicki', 'jazarcon', 'cdorsey', 'kcp199', 'rtu212', 'andrew1', 'pottmar', 'rnegassa', 'scruffynerfherder42', 'rme105', 'saa925', 'dheller93', 'anr180', 'ykg263', 'vassilis1', 'butfuckingwhy', 'nathanaelrobinson', 'slombardo', 'amarshah2016', 'hiyiewuare', 'jjp717', 'royyu42', 'ria022', 'mso680', 'eladdeiss1', 'ibaek', 'timothystead2016', 'swp104', 'stacykim2016', 'rkw230', 'melodysong2016', 'ayang199', 'fbrittain']",1,['maganomar'],43,"['eselyo0', 'scmoto', '525ras', 'alitoff', 'dreifer', 'edwardhu', 'isabellavaldescruz2016', 'aryder', 'nwang229', 'cchan21a', 'duyencao2017', 'pcarlin', 'bcresey', 'slhatch', 'choop', 'supriyabharati', 'caw654', 'sypark1029', 'matthewocana', 'dliang', 'durdur', 'cassadian', 'chart', 'beccadugs1', 'bobmandude', 'jwq912', '85boom', 'mshalman', 'mfagan', 'jck577', '754changsteph', 'adelong17', 'crobinson45673820', 'thisguy', 'jennyjenjen2710', 'mrp527', 'lburke', 'emeryweinstein', 'kevinoommen', 'arabablouzian', 'dparikh', 'jacobchatzky', 'mjurado9293']",186,"['mitchzub', 'molivo', 'alitoff', 'dreifer', 'edwardhu', 'danajohnson2016', 'aryost', 'erm070', 'mustangsheila06', 'bcresey', 'slhatch', 'ebell12', 'audunjohnson', 'takansei', 'codywarner15', 'jyy327', 'jwq912', 'beccadugs1', 'richah87', 'kareem94', 'slants', 'akhan786', 'bryanhuebner2016', 'esenu', 'evanrosati', '525ras', 'camillecalvin', 'vwo097', 'dombrowskijd', 'adamlim', 'pcarlin', 'ecf797', 'vickyccho', 'awang16', 'danwedig', 'jhou', 'bpopovic', 'lvmaliakal', 'miriambk11', 'j.gross', 'ppeng123', 'aidan1350', 'jacobchatzky', 'rah081', 'aryder', 'ohnemusd', 'ncroy', 'mab8436', 'vka952', 'qwerty', 'rjb800', 'sypark1029', 'dliang', 'durdur', 'tcf213', 'zme543', 'mdiemer', 'farms', 'schung', 'yxu1', 'jmarshall77', 'jtzeggai', 'nahcc21a', 'danielgolden2012', 'lburke', 'jhsieh22', 'kevinoommen', 'hassanthegali', 'shosakoppal', 'ajahren', 'willem_wang', 'jsgalyas', 'acm150', 'cnowicki', 'jazarcon', 'rtu212', 'scruffynerfherder42', 'rme105', 'vassilis1', 'matthewocana', 'cassadian', 'mfagan', 'slombardo', 'jjp717', '754changsteph', 'crobinson45673820', 'royyu42', 'ria022', 'thisguy', 'ibaek', 'timothystead2016', 'fbrittain', 'stacykim2016', 'melodysong2016', 'arabablouzian', 'ayang199', 'karleywds', 'eselyo0', 'kgupta', 'pbflannery', 'r0bert', 'jpratt', 'alliesalomon', 'rnayak', 'bgoodman', 'emz850', 'bmk450', 'failureonline', 'choop', 'jmk15151', 'oansari', 'kanderson', 'leahvinson2012', 'abhayani', 'bobmandude', 'mattamrofell', 'aqueousplanet', 'elaine.lokken', 'hannaharntson2016', 'jennyjenjen2710', 'cgoldman', 'jkim3294', 'kcai', 'scmoto', 'nevilgeorge', 'aju576', 'cchan21a', 'duyencao2017', 'chilliams', 'azb277', 'hchen', 'caw654', 'bowhite', 'ktm463', 'fzp902', 'shu885', 'monicacheng', 'hbeas13', 'rrastogi', 'mjurado9293', 'cchen1', 'isabellavaldescruz2016', 'iday2894', 'lizakelly', 'nwang229', 'swerner94', 'xkngofqnz', 'yuyang552703', 'vivienlho', 'jessimarone', 'nbrisson', 'melissag', 'drice', 'atabing', 'mshalman', 'vgn950', 'mrp527', 'amh250', 'emeryweinstein', 'anshuhemrajani', 'dparikh', 'supriyabharati', 'somini93', 'bko1208', 'cdorsey', 'kcp199', 'andrew1', 'pottmar', 'rnegassa', 'saa925', 'dheller93', 'anr180', 'ykg263', 'chart', 'butfuckingwhy', 'nathanaelrobinson', '85boom', 'amarshah2016', 'hiyiewuare', 'jck577', 'adelong17', 'mso680', 'eladdeiss1', 'swp104', 'rkw230', 'maganomar']"
1,33,143,179,141,"['mitchzub', 'kgupta', 'molivo', 'pbflannery', 'r0bert', 'jpratt', 'alliesalomon', 'rnayak', 'danajohnson2016', 'bgoodman', 'aryost', 'erm070', 'emz850', 'bmk450', 'mustangsheila06', 'failureonline', 'ebell12', 'jmk15151', 'oansari', 'kanderson', 'leahvinson2012', 'audunjohnson', 'takansei', 'codywarner15', 'abhayani', 'jyy327', 'mattamrofell', 'richah87', 'kareem94', 'aqueousplanet', 'slants', 'elaine.lokken', 'akhan786', 'hannaharntson2016', 'cgoldman', 'bryanhuebner2016', 'jkim3294', 'esenu', 'kcai', 'evanrosati', 'nevilgeorge', 'aju576', 'camillecalvin', 'vwo097', 'dombrowskijd', 'adamlim', 'chilliams', 'azb277', 'hchen', 'ecf797', 'vickyccho', 'awang16', 'bowhite', 'ktm463', 'danwedig', 'jhou', 'fzp902', 'shu885', 'bpopovic', 'lvmaliakal', 'miriambk11', 'monicacheng', 'hbeas13', 'j.gross', 'ppeng123', 'rrastogi', 'aidan1350', 'cchen1', 'rah081', 'iday2894', 'ohnemusd', 'lizakelly', 'ncroy', 'mab8436', 'swerner94', 'vka952', 'xkngofqnz', 'qwerty', 'rjb800', 'yuyang552703', 'vivienlho', 'tcf213', 'nbrisson', 'zme543', 'melissag', 'jessimarone', 'farms', 'drice', 'mdiemer', 'atabing', 'schung', 'yxu1', 'karleywds', 'vgn950', 'jmarshall77', 'jtzeggai', 'nahcc21a', 'amh250', 'danielgolden2012', 'jhsieh22', 'anshuhemrajani', 'hassanthegali', 'shosakoppal', 'somini93', 'ajahren', 'willem_wang', 'jsgalyas', 'acm150', 'bko1208', 'cnowicki', 'jazarcon', 'cdorsey', 'kcp199', 'rtu212', 'andrew1', 'pottmar', 'rnegassa', 'scruffynerfherder42', 'rme105', 'saa925', 'dheller93', 'anr180', 'ykg263', 'vassilis1', 'butfuckingwhy', 'slombardo', 'amarshah2016', 'hiyiewuare', 'jjp717', 'royyu42', 'ria022', 'mso680', 'eladdeiss1', 'ibaek', 'timothystead2016', 'swp104', 'stacykim2016', 'rkw230', 'melodysong2016', 'ayang199', 'fbrittain']",2,"['nathanaelrobinson', 'maganomar']",38,"['tah210', 'katiemclaughlin', 'm.sophia.k', 'apa041', 'aaronjames806', 'abablouzian', 'zrt537', 'isabellamay', 'kl2836', 'aakashtshah', 'ianyichan', 'flippinaces', 'jyoon2016', 'pcarlin', 'eaj939', 'kyom', 'nreddy94', 'tall6', 'chart', 'nanovictoria33', 'jwq9122', 'xay573', 'aidanpettit', 'lyonwang', 'jwilliams', 'essielyo0', 'gecko245', 'fagan125', 'crobinson45673820', None, 's1r1h', 'catewalters', 'klemcc2016', 'kellyh', 'beccadugs', 'beppo2boy', 'shc320', 'andrew.andrewhsieh']",181,"['mitchzub', 'molivo', 'danajohnson2016', 'kl2836', 'aryost', 'aakashtshah', 'erm070', 'mustangsheila06', 'kyom', 'ebell12', 'audunjohnson', 'takansei', 'codywarner15', 'jyy327', 'jwq9122', 'xay573', 'lyonwang', 'richah87', 'kareem94', 'slants', 'akhan786', 'bryanhuebner2016', 'esenu', 'beppo2boy', 'evanrosati', 'camillecalvin', 'zrt537', 'vwo097', 'dombrowskijd', 'adamlim', 'flippinaces', 'pcarlin', 'eaj939', 'ecf797', 'vickyccho', 'awang16', 'essielyo0', 'danwedig', 'jhou', 'bpopovic', 'lvmaliakal', 'miriambk11', 'j.gross', 'ppeng123', 'beccadugs', 'aidan1350', 'rah081', 'tah210', 'isabellamay', 'ohnemusd', 'ncroy', 'mab8436', 'vka952', 'qwerty', 'rjb800', 'tcf213', 'zme543', 'mdiemer', 'farms', 'schung', 'yxu1', 'jmarshall77', 'catewalters', 'jtzeggai', 'nahcc21a', 'danielgolden2012', 'jhsieh22', 'kellyh', 'hassanthegali', 'shosakoppal', 'ajahren', 'willem_wang', 'jsgalyas', 'acm150', 'cnowicki', 'katiemclaughlin', 'jazarcon', 'rtu212', 'ianyichan', 'scruffynerfherder42', 'rme105', 'vassilis1', 'jwilliams', 'slombardo', 'jjp717', 'crobinson45673820', 'royyu42', 'ria022', 'ibaek', 'timothystead2016', 'fbrittain', 'stacykim2016', 'melodysong2016', 'ayang199', 'karleywds', 'kgupta', 'apa041', 'shc320', 'pbflannery', 'r0bert', 'jpratt', 'alliesalomon', 'rnayak', 'aaronjames806', 'abablouzian', 'bgoodman', 'emz850', 'bmk450', 'failureonline', 'jmk15151', 'oansari', 'kanderson', 'leahvinson2012', 'nreddy94', 'abhayani', 'mattamrofell', 'gecko245', 'fagan125', 'aqueousplanet', 'elaine.lokken', 'hannaharntson2016', 'cgoldman', 'jkim3294', 'kcai', 'nevilgeorge', 'm.sophia.k', 'aju576', 'chilliams', 'azb277', 'hchen', 'bowhite', 'ktm463', 'fzp902', None, 'shu885', 's1r1h', 'monicacheng', 'hbeas13', 'rrastogi', 'cchen1', 'andrew.andrewhsieh', 'iday2894', 'lizakelly', 'swerner94', 'xkngofqnz', 'tall6', 'yuyang552703', 'vivienlho', 'jessimarone', 'nbrisson', 'melissag', 'drice', 'atabing', 'aidanpettit', 'vgn950', 'amh250', 'anshuhemrajani', 'somini93', 'bko1208', 'cdorsey', 'kcp199', 'andrew1', 'pottmar', 'rnegassa', 'jyoon2016', 'saa925', 'dheller93', 'anr180', 'ykg263', 'chart', 'butfuckingwhy', 'nathanaelrobinson', 'nanovictoria33', 'amarshah2016', 'hiyiewuare', 'mso680', 'eladdeiss1', 'klemcc2016', 'swp104', 'rkw230', 'maganomar']"
1,162,143,9,4,"['drice', 'kanderson', 'jhou', 'j.gross']",139,"['mitchzub', 'kgupta', 'molivo', 'pbflannery', 'r0bert', 'jpratt', 'alliesalomon', 'rnayak', 'danajohnson2016', 'bgoodman', 'aryost', 'erm070', 'emz850', 'bmk450', 'mustangsheila06', 'failureonline', 'ebell12', 'jmk15151', 'oansari', 'leahvinson2012', 'audunjohnson', 'takansei', 'codywarner15', 'abhayani', 'jyy327', 'mattamrofell', 'richah87', 'kareem94', 'aqueousplanet', 'slants', 'elaine.lokken', 'akhan786', 'hannaharntson2016', 'cgoldman', 'bryanhuebner2016', 'jkim3294', 'esenu', 'kcai', 'evanrosati', 'nevilgeorge', 'aju576', 'camillecalvin', 'vwo097', 'dombrowskijd', 'adamlim', 'chilliams', 'azb277', 'hchen', 'ecf797', 'vickyccho', 'awang16', 'bowhite', 'ktm463', 'danwedig', 'fzp902', 'shu885', 'bpopovic', 'lvmaliakal', 'miriambk11', 'monicacheng', 'hbeas13', 'ppeng123', 'rrastogi', 'aidan1350', 'cchen1', 'rah081', 'iday2894', 'ohnemusd', 'lizakelly', 'ncroy', 'mab8436', 'swerner94', 'vka952', 'xkngofqnz', 'qwerty', 'rjb800', 'yuyang552703', 'vivienlho', 'tcf213', 'nbrisson', 'zme543', 'melissag', 'jessimarone', 'farms', 'mdiemer', 'atabing', 'schung', 'yxu1', 'vgn950', 'jmarshall77', 'jtzeggai', 'nahcc21a', 'amh250', 'danielgolden2012', 'jhsieh22', 'anshuhemrajani', 'hassanthegali', 'shosakoppal', 'somini93', 'ajahren', 'willem_wang', 'jsgalyas', 'acm150', 'bko1208', 'cnowicki', 'jazarcon', 'cdorsey', 'kcp199', 'rtu212', 'andrew1', 'pottmar', 'rnegassa', 'scruffynerfherder42', 'rme105', 'saa925', 'dheller93', 'anr180', 'maganomar', 'ykg263', 'vassilis1', 'butfuckingwhy', 'nathanaelrobinson', 'slombardo', 'amarshah2016', 'hiyiewuare', 'jjp717', 'royyu42', 'ria022', 'mso680', 'eladdeiss1', 'ibaek', 'timothystead2016', 'swp104', 'stacykim2016', 'ayang199', 'rkw230', 'melodysong2016', 'karleywds', 'fbrittain']",5,"[None, 'pcarlin', 'aryder', 'crobinson45673820', 'chart']",148,"['mitchzub', 'kgupta', 'molivo', 'pbflannery', 'r0bert', 'jpratt', 'alliesalomon', 'rnayak', 'danajohnson2016', 'bgoodman', 'aryost', 'erm070', 'emz850', 'bmk450', 'mustangsheila06', 'failureonline', 'ebell12', 'jmk15151', 'oansari', 'kanderson', 'leahvinson2012', 'audunjohnson', 'takansei', 'codywarner15', 'abhayani', 'jyy327', 'mattamrofell', 'richah87', 'kareem94', 'aqueousplanet', 'slants', 'elaine.lokken', 'akhan786', 'hannaharntson2016', 'cgoldman', 'bryanhuebner2016', 'jkim3294', 'esenu', 'kcai', 'evanrosati', 'nevilgeorge', 'aju576', 'camillecalvin', 'vwo097', 'dombrowskijd', 'adamlim', 'chilliams', 'azb277', 'pcarlin', 'hchen', 'ecf797', 'vickyccho', 'awang16', 'bowhite', 'ktm463', 'danwedig', 'jhou', 'fzp902', None, 'shu885', 'bpopovic', 'lvmaliakal', 'miriambk11', 'monicacheng', 'hbeas13', 'j.gross', 'ppeng123', 'rrastogi', 'aidan1350', 'cchen1', 'rah081', 'iday2894', 'aryder', 'ohnemusd', 'lizakelly', 'ncroy', 'mab8436', 'swerner94', 'vka952', 'xkngofqnz', 'qwerty', 'rjb800', 'yuyang552703', 'vivienlho', 'tcf213', 'nbrisson', 'zme543', 'melissag', 'jessimarone', 'farms', 'drice', 'mdiemer', 'atabing', 'schung', 'yxu1', 'vgn950', 'jmarshall77', 'jtzeggai', 'nahcc21a', 'amh250', 'danielgolden2012', 'jhsieh22', 'anshuhemrajani', 'hassanthegali', 'shosakoppal', 'somini93', 'ajahren', 'willem_wang', 'jsgalyas', 'acm150', 'bko1208', 'cnowicki', 'jazarcon', 'cdorsey', 'kcp199', 'rtu212', 'andrew1', 'pottmar', 'rnegassa', 'scruffynerfherder42', 'rme105', 'saa925', 'dheller93', 'anr180', 'maganomar', 'ykg263', 'vassilis1', 'chart', 'butfuckingwhy', 'nathanaelrobinson', 'slombardo', 'amarshah2016', 'hiyiewuare', 'jjp717', 'crobinson45673820', 'royyu42', 'ria022', 'mso680', 'eladdeiss1', 'ibaek', 'timothystead2016', 'swp104', 'stacykim2016', 'ayang199', 'rkw230', 'melodysong2016', 'karleywds', 'fbrittain']"
2,48,127,152,87,"['perpetual89', 'zouhair2', 'wlee85', 'lufthansa92', 'koksal2', 'yezichao', 'eliu0117', 'brinkmanship', 'ljb0928', 'rpark216', 'yiumingh', 'xp19375', 'fhsiao2', 'dee7291', 'yding16', 'abcdef', 'nshafi3', 'yuyan1', 'nlowrey', 'chang190', 'guitaristzhang', 'mole3691', 'sudzi781', '54hi0', 'caroldd', 'luokaihang0822', 'jtang10', 'kelihui1', 'azamatm', 'shangyee', 'amill676', 'eceece', 'danqiye1', 'j.bohmbach', 'magerko1', 'tath', 'nadisco3', 'jlee3725', 'dresche1', 'paulwite', 'mikebarsaloux', 'zhou62', 'kirihar1', 'hershedtilak', 'page10', 'li151', 'smsaladi', 'ruichen77', 'baker32', 'joe510784', 'chao16', 'wasdfa', 'hh22191', 'mattstery', 'temperlancer', 'slee18', 'onurgur1', 'godard1', 'gurbaazsidhu', 'doidge1', 'sarwal1', 'xliu79', 'andri', 'ajstreed', 'k912323', 'condon3', 'jvanderwoude', 'lin189', 'zhang354', 'dedios1', 'yjiang40', 'jfuizzle', 'yang82', 'yang160', 'scrain', 'aishsingh', 'ellieyan', 'captiva34', 'blackbu3', 'dbieli2', 'gujral1', 'plam5', 'kolthof1', 'penis', 'hmwu2', 'flybywire91', 'ahoag']",39,"['smith228', 'shuotian', 'jordan336', 'chovelice', 'lai35', 'malak577', 'broll1', 'chenhu1', 'fajardo1', 'trovill1', 'newell1', 'kelpler', 'jefflawrence', 'cbulgarelli', 'zeng17', 'bfbygfgy', 'mrabe17', 'adambubar', 'yingou1', 'bcvaugh2', 'koppula2', 'miuz9010', 'xiruihe1', 'gerth2', 'stys66', 'kiebles1', 'freeckj1003', 'kao24', 'david.walder', 'smetana4', 'darrenchen', 'hilgers3', 'tielong', 'mohamme3', 'niebrug1', 'callant1', 'kamman2', 'bradsnyder', 'rossdwolf']",65,"['nehzgneg', 'achavarria', 'lc199166', 'knihai', 'chenni1', 'mclovin006', 'tmcginniss', 'singh29', 'lin187', 'cjmccarthy', 'mkjo2', 'ruiwang4', 'marvadar', 'oleksie1', 'zldragon', 'cheung17', 'ravi7', 'heebidiwup', 'hjsong2', 'uditsharma101', 'idatye', 'kailiu2', 'sizhangyu', 'mancera1', 'qianybo24', 'aoleksie', 'zhang258', 'chaocao2', 'yohanko322', 'chumblyone', 'swearen1', 'lambert8', 'gonzal41', 'knsofor', 'louisly', 'npined2', 'jamessu2', 'gthell340', 'nathan1', 'osama2', None, 'frankow1', 'c32325', 'zhangchengyi', 'fishtoo', 'hcp1992', 'profballack', 'ltavare2', 'asyed33', 'wang185', 'gallium_arsenide', 'mli47', 'jlorozc2', 'shin65', 'sophiezhang180', 'ammario', 'hartant2', 'zheng55', 'nexthy', 'liu241', 'ckkevin1014', 'sabol1', 'cho61', 'bursuc1', 'lelelea']",191,"['shuotian', 'lc199166', 'knihai', 'zouhair2', 'lufthansa92', 'malak577', 'eliu0117', 'brinkmanship', 'marvadar', 'oleksie1', 'newell1', 'zldragon', 'bfbygfgy', 'mrabe17', 'ljb0928', 'chumblyone', 'lambert8', 'jamessu2', 'dee7291', 'stys66', 'smetana4', 'profballack', 'nshafi3', 'tielong', 'zheng55', 'mohamme3', 'callant1', 'nlowrey', 'chovelice', 'mole3691', 'sudzi781', '54hi0', 'caroldd', 'azamatm', 'gthell340', 'amill676', 'j.bohmbach', 'hcp1992', 'tath', 'asyed33', 'mli47', 'jlorozc2', 'nadisco3', 'zhang258', 'zhou62', 'kirihar1', 'mclovin006', 'hershedtilak', 'broll1', 'li151', 'fajardo1', 'baker32', 'chao16', 'cheung17', 'wasdfa', 'zeng17', 'uditsharma101', 'hh22191', 'qianybo24', 'adambubar', 'mattstery', 'onurgur1', 'gurbaazsidhu', 'hilgers3', 'doidge1', 'shin65', 'niebrug1', 'heebidiwup', 'yohanko322', 'ajstreed', 'condon3', 'cjmccarthy', 'zhang354', 'dedios1', 'yjiang40', 'jefflawrence', 'cbulgarelli', 'idatye', 'scrain', 'aoleksie', 'aishsingh', 'ellieyan', 'captiva34', 'blackbu3', 'osama2', 'gujral1', 'david.walder', 'darrenchen', 'ltavare2', 'kolthof1', 'hartant2', 'flybywire91', 'kailiu2', 'cho61', 'lelelea', 'smith228', 'perpetual89', 'wlee85', 'singh29', 'koksal2', 'yezichao', 'mkjo2', 'mancera1', 'rpark216', 'yiumingh', 'xp19375', 'fhsiao2', 'gerth2', 'yding16', 'abcdef', 'wang185', 'sophiezhang180', 'nexthy', 'liu241', 'kamman2', 'bursuc1', 'yuyan1', 'chang190', 'jordan336', 'guitaristzhang', 'tmcginniss', 'lin187', 'lai35', 'kelpler', 'hjsong2', 'luokaihang0822', 'jtang10', 'yingou1', 'kelihui1', 'shangyee', 'nathan1', 'eceece', 'kiebles1', 'freeckj1003', None, 'danqiye1', 'magerko1', 'gallium_arsenide', 'ammario', 'jlee3725', 'ckkevin1014', 'dresche1', 'paulwite', 'mikebarsaloux', 'page10', 'chenhu1', 'smsaladi', 'ruichen77', 'joe510784', 'ravi7', 'sizhangyu', 'chaocao2', 'swearen1', 'bcvaugh2', 'temperlancer', 'louisly', 'npined2', 'slee18', 'zhangchengyi', 'godard1', 'sarwal1', 'xliu79', 'bradsnyder', 'rossdwolf', 'andri', 'k912323', 'nehzgneg', 'achavarria', 'jvanderwoude', 'chenni1', 'lin189', 'ruiwang4', 'trovill1', 'jfuizzle', 'yang82', 'yang160', 'gonzal41', 'koppula2', 'knsofor', 'miuz9010', 'xiruihe1', 'dbieli2', 'kao24', 'frankow1', 'c32325', 'fishtoo', 'plam5', 'penis', 'hmwu2', 'sabol1', 'ahoag']"
2,174,127,115,80,"['perpetual89', 'wlee85', 'zouhair2', 'koksal2', 'yezichao', 'eliu0117', 'brinkmanship', 'newell1', 'ljb0928', 'yiumingh', 'xp19375', 'dee7291', 'yding16', 'abcdef', 'nshafi3', 'mohamme3', 'callant1', 'nlowrey', 'yuyan1', 'chang190', 'guitaristzhang', 'lai35', 'sudzi781', '54hi0', 'caroldd', 'luokaihang0822', 'yingou1', 'kelihui1', 'azamatm', 'shangyee', 'amill676', 'freeckj1003', 'danqiye1', 'magerko1', 'j.bohmbach', 'tath', 'nadisco3', 'jlee3725', 'dresche1', 'mikebarsaloux', 'zhou62', 'kirihar1', 'smsaladi', 'baker32', 'ruichen77', 'joe510784', 'chao16', 'wasdfa', 'zeng17', 'hh22191', 'mattstery', 'temperlancer', 'slee18', 'onurgur1', 'godard1', 'sarwal1', 'condon3', 'k912323', 'ajstreed', 'jvanderwoude', 'lin189', 'zhang354', 'dedios1', 'yjiang40', 'jefflawrence', 'jfuizzle', 'yang82', 'scrain', 'aishsingh', 'ellieyan', 'captiva34', 'blackbu3', 'dbieli2', 'gujral1', 'darrenchen', 'plam5', 'kolthof1', 'hmwu2', 'flybywire91', 'ahoag']",46,"['andri', 'paulwite', 'smith228', 'shuotian', 'jordan336', 'chovelice', 'mole3691', 'lufthansa92', 'malak577', 'hershedtilak', 'page10', 'broll1', 'li151', 'chenhu1', 'fajardo1', 'trovill1', 'kelpler', 'cbulgarelli', 'bfbygfgy', 'mrabe17', 'yang160', 'jtang10', 'rpark216', 'adambubar', 'bcvaugh2', 'koppula2', 'miuz9010', 'fhsiao2', 'xiruihe1', 'gerth2', 'stys66', 'eceece', 'kiebles1', 'kao24', 'gurbaazsidhu', 'david.walder', 'smetana4', 'hilgers3', 'doidge1', 'penis', 'tielong', 'niebrug1', 'kamman2', 'xliu79', 'bradsnyder', 'rossdwolf']",35,"['birkel2', 'lewang2', 'knihai', 'kolze100', 'lin187', 'epop', 'mkjo2', 'amphoterite', 'lee893', 'cheung17', 'jezzar', 'morningzz', 'idatye', 'mancera1', 'aoleksie', 'naiveli', 'krkelly', 'akgun1', 'knsofor', 'npined2', 'jamessu2', 'stuart_lee', 'chenegan', 'gthell340', 'yang106', None, 'ehdwnsdlz', 'fishtoo', 'hcp1992', 'ltavare2', 'kwulph', 'nexthy', 'sefhmc', 'sabol1', 'bursuc1']",161,"['smith228', 'shuotian', 'perpetual89', 'knihai', 'zouhair2', 'wlee85', 'lufthansa92', 'malak577', 'koksal2', 'yezichao', 'kolze100', 'mkjo2', 'eliu0117', 'brinkmanship', 'newell1', 'lee893', 'bfbygfgy', 'mrabe17', 'mancera1', 'ljb0928', 'rpark216', 'yiumingh', 'xp19375', 'akgun1', 'fhsiao2', 'gerth2', 'jamessu2', 'dee7291', 'stys66', 'yang106', 'yding16', 'smetana4', 'abcdef', 'nshafi3', 'tielong', 'mohamme3', 'nexthy', 'callant1', 'kamman2', 'bursuc1', 'yuyan1', 'nlowrey', 'chang190', 'jordan336', 'lewang2', 'chovelice', 'guitaristzhang', 'mole3691', 'lin187', 'lai35', 'sudzi781', '54hi0', 'caroldd', 'kelpler', 'morningzz', 'luokaihang0822', 'jtang10', 'yingou1', 'kelihui1', 'azamatm', 'shangyee', 'gthell340', 'amill676', 'eceece', 'kiebles1', 'freeckj1003', None, 'danqiye1', 'j.bohmbach', 'magerko1', 'hcp1992', 'tath', 'nadisco3', 'jlee3725', 'dresche1', 'paulwite', 'birkel2', 'mikebarsaloux', 'zhou62', 'kirihar1', 'hershedtilak', 'page10', 'epop', 'broll1', 'li151', 'chenhu1', 'fajardo1', 'ruichen77', 'baker32', 'joe510784', 'chao16', 'smsaladi', 'cheung17', 'wasdfa', 'zeng17', 'jezzar', 'hh22191', 'adambubar', 'bcvaugh2', 'mattstery', 'temperlancer', 'npined2', 'slee18', 'onurgur1', 'ehdwnsdlz', 'godard1', 'gurbaazsidhu', 'hilgers3', 'doidge1', 'sarwal1', 'niebrug1', 'sefhmc', 'xliu79', 'bradsnyder', 'rossdwolf', 'andri', 'ajstreed', 'k912323', 'condon3', 'jvanderwoude', 'lin189', 'zhang354', 'dedios1', 'yjiang40', 'amphoterite', 'trovill1', 'jefflawrence', 'cbulgarelli', 'jfuizzle', 'idatye', 'yang82', 'yang160', 'scrain', 'aoleksie', 'aishsingh', 'ellieyan', 'naiveli', 'krkelly', 'captiva34', 'koppula2', 'knsofor', 'miuz9010', 'xiruihe1', 'stuart_lee', 'blackbu3', 'chenegan', 'dbieli2', 'kao24', 'fishtoo', 'gujral1', 'david.walder', 'darrenchen', 'plam5', 'ltavare2', 'kolthof1', 'kwulph', 'penis', 'hmwu2', 'flybywire91', 'sabol1', 'ahoag']"
2,92,127,88,65,"['paulwite', 'condon3', 'ajstreed', 'mikebarsaloux', 'perpetual89', 'ahoag', 'zouhair2', 'wlee85', 'yezichao', 'sudzi781', '54hi0', 'hershedtilak', 'nlowrey', 'page10', 'broll1', 'li151', 'zhang354', 'chenhu1', 'brinkmanship', 'dedios1', 'smsaladi', 'ruichen77', 'joe510784', 'xliu79', 'caroldd', 'chao16', 'yjiang40', 'jefflawrence', 'wasdfa', 'jfuizzle', 'yang82', 'luokaihang0822', 'ljb0928', 'aishsingh', 'ellieyan', 'rpark216', 'yingou1', 'captiva34', 'kelihui1', 'azamatm', 'fhsiao2', 'mattstery', 'temperlancer', 'blackbu3', 'dee7291', 'slee18', 'amill676', 'eceece', 'kiebles1', 'yding16', 'onurgur1', 'danqiye1', 'gujral1', 'j.bohmbach', 'tath', 'kolthof1', 'doidge1', 'abcdef', 'nshafi3', 'sarwal1', 'jlee3725', 'callant1', 'dresche1', 'rossdwolf', 'yuyan1']",61,"['andri', 'chang190', 'smith228', 'shuotian', 'jordan336', 'k912323', 'jvanderwoude', 'chovelice', 'guitaristzhang', 'mole3691', 'zhou62', 'kirihar1', 'lufthansa92', 'koksal2', 'malak577', 'lai35', 'lin189', 'eliu0117', 'fajardo1', 'baker32', 'trovill1', 'newell1', 'kelpler', 'cbulgarelli', 'zeng17', 'bfbygfgy', 'mrabe17', 'hh22191', 'yang160', 'scrain', 'jtang10', 'adambubar', 'yiumingh', 'xp19375', 'bcvaugh2', 'koppula2', 'miuz9010', 'xiruihe1', 'gerth2', 'shangyee', 'dbieli2', 'stys66', 'freeckj1003', 'kao24', 'godard1', 'gurbaazsidhu', 'david.walder', 'smetana4', 'magerko1', 'darrenchen', 'plam5', 'hilgers3', 'penis', 'tielong', 'hmwu2', 'nadisco3', 'mohamme3', 'niebrug1', 'flybywire91', 'kamman2', 'bradsnyder']",23,"['ksabol', 'myarber4', 'xiang7', 'kalidin1', 'gtlee', 'tmcginniss', 'mkjo2', 'ruiwang4', 'oleksie1', 'mengchen', 'aikara2', 'qianybo24', 'chumblyone', 'swearen1', 'jkim171', 'lau14', 'akgun1', 'jamessu2', 'osama2', None, 'cu910410', 'zhangchengyi', 'haichuanyu']",149,"['myarber4', 'smith228', 'shuotian', 'perpetual89', 'zouhair2', 'wlee85', 'lufthansa92', 'malak577', 'koksal2', 'yezichao', 'mkjo2', 'eliu0117', 'brinkmanship', 'oleksie1', 'newell1', 'bfbygfgy', 'mrabe17', 'ljb0928', 'rpark216', 'yiumingh', 'chumblyone', 'xp19375', 'akgun1', 'fhsiao2', 'gerth2', 'jamessu2', 'dee7291', 'stys66', 'yding16', 'smetana4', 'abcdef', 'nshafi3', 'tielong', 'mohamme3', 'callant1', 'kamman2', 'yuyan1', 'nlowrey', 'chang190', 'jordan336', 'chovelice', 'guitaristzhang', 'mole3691', 'tmcginniss', 'lai35', 'sudzi781', '54hi0', 'caroldd', 'kelpler', 'luokaihang0822', 'jtang10', 'yingou1', 'kelihui1', 'azamatm', 'shangyee', 'amill676', 'eceece', 'kiebles1', 'freeckj1003', 'cu910410', None, 'danqiye1', 'j.bohmbach', 'magerko1', 'tath', 'nadisco3', 'jlee3725', 'dresche1', 'paulwite', 'kalidin1', 'mikebarsaloux', 'zhou62', 'kirihar1', 'hershedtilak', 'page10', 'broll1', 'li151', 'chenhu1', 'fajardo1', 'ruichen77', 'baker32', 'joe510784', 'chao16', 'smsaladi', 'mengchen', 'aikara2', 'wasdfa', 'zeng17', 'hh22191', 'qianybo24', 'adambubar', 'swearen1', 'jkim171', 'bcvaugh2', 'mattstery', 'temperlancer', 'slee18', 'onurgur1', 'zhangchengyi', 'godard1', 'gurbaazsidhu', 'hilgers3', 'doidge1', 'sarwal1', 'niebrug1', 'xliu79', 'bradsnyder', 'rossdwolf', 'andri', 'ksabol', 'xiang7', 'ajstreed', 'k912323', 'condon3', 'gtlee', 'jvanderwoude', 'lin189', 'zhang354', 'dedios1', 'ruiwang4', 'yjiang40', 'trovill1', 'jefflawrence', 'cbulgarelli', 'jfuizzle', 'yang82', 'yang160', 'scrain', 'aishsingh', 'ellieyan', 'captiva34', 'lau14', 'koppula2', 'miuz9010', 'xiruihe1', 'blackbu3', 'dbieli2', 'osama2', 'kao24', 'gujral1', 'david.walder', 'darrenchen', 'plam5', 'kolthof1', 'penis', 'hmwu2', 'flybywire91', 'haichuanyu', 'ahoag']"
2,42,127,87,56,"['andri', 'ajstreed', 'condon3', 'k912323', 'mikebarsaloux', 'perpetual89', 'jvanderwoude', 'zhou62', 'guitaristzhang', 'kirihar1', 'wlee85', 'ahoag', 'lai35', 'koksal2', 'sudzi781', '54hi0', 'page10', 'lin189', 'brinkmanship', 'ruichen77', 'joe510784', 'baker32', 'caroldd', 'chao16', 'jefflawrence', 'yuyan1', 'wasdfa', 'yang82', 'hh22191', 'scrain', 'aishsingh', 'ellieyan', 'rpark216', 'captiva34', 'kelihui1', 'azamatm', 'shangyee', 'blackbu3', 'dee7291', 'dbieli2', 'slee18', 'amill676', 'eceece', 'yding16', 'godard1', 'magerko1', 'darrenchen', 'tath', 'kolthof1', 'nshafi3', 'jlee3725', 'flybywire91', 'kamman2', 'bradsnyder', 'rossdwolf', 'nlowrey']",70,"['chang190', 'paulwite', 'smith228', 'shuotian', 'jordan336', 'chovelice', 'mole3691', 'zouhair2', 'lufthansa92', 'malak577', 'yezichao', 'hershedtilak', 'broll1', 'zhang354', 'li151', 'eliu0117', 'chenhu1', 'dedios1', 'yjiang40', 'fajardo1', 'smsaladi', 'xliu79', 'newell1', 'kelpler', 'trovill1', 'cbulgarelli', 'zeng17', 'jfuizzle', 'bfbygfgy', 'mrabe17', 'yang160', 'luokaihang0822', 'jtang10', 'ljb0928', 'adambubar', 'yiumingh', 'yingou1', 'xp19375', 'bcvaugh2', 'koppula2', 'miuz9010', 'fhsiao2', 'mattstery', 'temperlancer', 'xiruihe1', 'gerth2', 'stys66', 'onurgur1', 'kiebles1', 'freeckj1003', 'kao24', 'danqiye1', 'gurbaazsidhu', 'smetana4', 'j.bohmbach', 'gujral1', 'david.walder', 'hilgers3', 'plam5', 'doidge1', 'abcdef', 'penis', 'tielong', 'sarwal1', 'nadisco3', 'hmwu2', 'mohamme3', 'niebrug1', 'callant1', 'dresche1']",31,"['kharoutaj', 'lc199166', 'jdallesasse', 'lee117', 'kolze100', 'singh29', 'sefhmc', 'mkjo2', 'jezzar', 'bhuiya1', 'morningzz', 'sophiez', 'krkelly', 'chumblyone', 'lambert8', 'nithinreddyc', 'gonzal41', 'pillari3', 'louisly', 'lo16', None, 'kilokaka', 'c32325', 'zhangchengyi', 'fishtoo', 'niktike', 'asyed33', 'pablozavala', 'ckkevin1014', 'koenig4', 'logsdon404']",157,"['kharoutaj', 'smith228', 'shuotian', 'lc199166', 'perpetual89', 'zouhair2', 'wlee85', 'lufthansa92', 'malak577', 'koksal2', 'yezichao', 'kolze100', 'singh29', 'mkjo2', 'eliu0117', 'brinkmanship', 'newell1', 'bfbygfgy', 'mrabe17', 'ljb0928', 'rpark216', 'yiumingh', 'chumblyone', 'xp19375', 'lambert8', 'fhsiao2', 'pillari3', 'gerth2', 'dee7291', 'stys66', 'yding16', 'smetana4', 'niktike', 'abcdef', 'nshafi3', 'tielong', 'mohamme3', 'callant1', 'kamman2', 'pablozavala', 'yuyan1', 'nlowrey', 'chang190', 'jordan336', 'chovelice', 'guitaristzhang', 'mole3691', 'lee117', 'lai35', 'sudzi781', '54hi0', 'caroldd', 'kelpler', 'morningzz', 'luokaihang0822', 'jtang10', 'sophiez', 'yingou1', 'nithinreddyc', 'kelihui1', 'azamatm', 'shangyee', 'amill676', 'eceece', 'kiebles1', 'freeckj1003', None, 'danqiye1', 'j.bohmbach', 'magerko1', 'tath', 'asyed33', 'nadisco3', 'jlee3725', 'ckkevin1014', 'dresche1', 'paulwite', 'mikebarsaloux', 'zhou62', 'kirihar1', 'hershedtilak', 'page10', 'broll1', 'li151', 'chenhu1', 'fajardo1', 'ruichen77', 'baker32', 'joe510784', 'chao16', 'smsaladi', 'wasdfa', 'zeng17', 'jezzar', 'hh22191', 'adambubar', 'bcvaugh2', 'mattstery', 'temperlancer', 'louisly', 'slee18', 'onurgur1', 'lo16', 'kilokaka', 'zhangchengyi', 'godard1', 'gurbaazsidhu', 'hilgers3', 'doidge1', 'sarwal1', 'niebrug1', 'sefhmc', 'xliu79', 'bradsnyder', 'rossdwolf', 'logsdon404', 'andri', 'ajstreed', 'k912323', 'condon3', 'jdallesasse', 'jvanderwoude', 'lin189', 'zhang354', 'dedios1', 'yjiang40', 'trovill1', 'jefflawrence', 'cbulgarelli', 'jfuizzle', 'bhuiya1', 'yang82', 'yang160', 'scrain', 'aishsingh', 'ellieyan', 'krkelly', 'captiva34', 'gonzal41', 'koppula2', 'miuz9010', 'xiruihe1', 'blackbu3', 'dbieli2', 'kao24', 'c32325', 'fishtoo', 'gujral1', 'david.walder', 'darrenchen', 'plam5', 'kolthof1', 'penis', 'hmwu2', 'flybywire91', 'koenig4', 'ahoag']"
2,50,127,33,15,"['adambubar', 'dedios1', 'jordan336', 'smith228', 'koppula2', 'bcvaugh2', 'miuz9010', 'hmwu2', 'xiruihe1', 'gerth2', 'chovelice', 'bfbygfgy', 'kamman2', 'malak577', 'kiebles1']",111,"['shuotian', 'perpetual89', 'zouhair2', 'wlee85', 'lufthansa92', 'koksal2', 'yezichao', 'eliu0117', 'brinkmanship', 'newell1', 'mrabe17', 'ljb0928', 'rpark216', 'yiumingh', 'xp19375', 'fhsiao2', 'dee7291', 'stys66', 'yding16', 'smetana4', 'abcdef', 'nshafi3', 'tielong', 'mohamme3', 'callant1', 'nlowrey', 'yuyan1', 'chang190', 'guitaristzhang', 'mole3691', 'lai35', 'sudzi781', '54hi0', 'caroldd', 'kelpler', 'luokaihang0822', 'jtang10', 'yingou1', 'kelihui1', 'azamatm', 'shangyee', 'amill676', 'eceece', 'freeckj1003', 'danqiye1', 'j.bohmbach', 'magerko1', 'tath', 'nadisco3', 'jlee3725', 'dresche1', 'paulwite', 'mikebarsaloux', 'zhou62', 'kirihar1', 'hershedtilak', 'page10', 'broll1', 'li151', 'chenhu1', 'fajardo1', 'ruichen77', 'baker32', 'joe510784', 'chao16', 'smsaladi', 'wasdfa', 'zeng17', 'hh22191', 'mattstery', 'temperlancer', 'slee18', 'onurgur1', 'godard1', 'gurbaazsidhu', 'hilgers3', 'doidge1', 'sarwal1', 'niebrug1', 'xliu79', 'bradsnyder', 'rossdwolf', 'andri', 'ajstreed', 'k912323', 'condon3', 'jvanderwoude', 'lin189', 'zhang354', 'yjiang40', 'trovill1', 'jefflawrence', 'cbulgarelli', 'jfuizzle', 'yang82', 'yang160', 'scrain', 'aishsingh', 'ellieyan', 'captiva34', 'blackbu3', 'dbieli2', 'kao24', 'gujral1', 'david.walder', 'darrenchen', 'plam5', 'kolthof1', 'penis', 'flybywire91', 'ahoag']",18,"['styyle14', 'amphoterite', 'xiang7', 'surya2', 'lau14', 'kalidin1', 'zzhu7', 'vigneshwar', 'zhaner08', 'bugmenot', 'stuart_lee', 'xu73', 'idatye', 'zhuzhongdong', 'liu241', 'yang106', 'zqazi1', None]",144,"['smith228', 'shuotian', 'perpetual89', 'zouhair2', 'wlee85', 'lufthansa92', 'malak577', 'koksal2', 'yezichao', 'eliu0117', 'brinkmanship', 'newell1', 'bfbygfgy', 'mrabe17', 'ljb0928', 'rpark216', 'yiumingh', 'xp19375', 'fhsiao2', 'gerth2', 'dee7291', 'stys66', 'yang106', 'yding16', 'smetana4', 'abcdef', 'nshafi3', 'tielong', 'mohamme3', 'liu241', 'callant1', 'kamman2', 'yuyan1', 'nlowrey', 'chang190', 'jordan336', 'chovelice', 'guitaristzhang', 'mole3691', 'lai35', 'zqazi1', 'sudzi781', '54hi0', 'styyle14', 'caroldd', 'kelpler', 'luokaihang0822', 'jtang10', 'yingou1', 'kelihui1', 'azamatm', 'shangyee', 'amill676', 'eceece', 'kiebles1', 'freeckj1003', None, 'danqiye1', 'j.bohmbach', 'magerko1', 'tath', 'vigneshwar', 'nadisco3', 'jlee3725', 'dresche1', 'paulwite', 'surya2', 'kalidin1', 'mikebarsaloux', 'zhou62', 'kirihar1', 'hershedtilak', 'page10', 'broll1', 'li151', 'chenhu1', 'fajardo1', 'ruichen77', 'baker32', 'joe510784', 'chao16', 'smsaladi', 'wasdfa', 'zeng17', 'hh22191', 'adambubar', 'bcvaugh2', 'mattstery', 'temperlancer', 'xu73', 'slee18', 'onurgur1', 'godard1', 'gurbaazsidhu', 'hilgers3', 'doidge1', 'sarwal1', 'niebrug1', 'zhuzhongdong', 'xliu79', 'bradsnyder', 'rossdwolf', 'andri', 'xiang7', 'ajstreed', 'k912323', 'condon3', 'jvanderwoude', 'lin189', 'zhang354', 'dedios1', 'yjiang40', 'amphoterite', 'trovill1', 'jefflawrence', 'cbulgarelli', 'bugmenot', 'jfuizzle', 'idatye', 'yang82', 'yang160', 'scrain', 'aishsingh', 'ellieyan', 'captiva34', 'lau14', 'koppula2', 'miuz9010', 'xiruihe1', 'stuart_lee', 'blackbu3', 'dbieli2', 'kao24', 'gujral1', 'david.walder', 'darrenchen', 'plam5', 'kolthof1', 'zzhu7', 'zhaner08', 'penis', 'hmwu2', 'flybywire91', 'ahoag']"
2,49,127,32,16,"['gurbaazsidhu', 'david.walder', 'smetana4', 'yiumingh', 'hilgers3', 'trovill1', 'jefflawrence', 'tielong', 'cbulgarelli', 'guitaristzhang', 'niebrug1', 'stys66', 'lai35', 'freeckj1003', 'bradsnyder', 'rossdwolf']",110,"['smith228', 'shuotian', 'perpetual89', 'zouhair2', 'wlee85', 'lufthansa92', 'koksal2', 'malak577', 'yezichao', 'eliu0117', 'brinkmanship', 'newell1', 'bfbygfgy', 'mrabe17', 'ljb0928', 'rpark216', 'xp19375', 'fhsiao2', 'gerth2', 'dee7291', 'yding16', 'abcdef', 'nshafi3', 'mohamme3', 'callant1', 'kamman2', 'nlowrey', 'yuyan1', 'chang190', 'jordan336', 'chovelice', 'mole3691', 'sudzi781', '54hi0', 'caroldd', 'kelpler', 'luokaihang0822', 'jtang10', 'yingou1', 'kelihui1', 'azamatm', 'shangyee', 'amill676', 'eceece', 'kiebles1', 'danqiye1', 'j.bohmbach', 'magerko1', 'tath', 'nadisco3', 'jlee3725', 'dresche1', 'paulwite', 'mikebarsaloux', 'zhou62', 'kirihar1', 'hershedtilak', 'page10', 'broll1', 'li151', 'chenhu1', 'fajardo1', 'ruichen77', 'baker32', 'joe510784', 'chao16', 'smsaladi', 'wasdfa', 'zeng17', 'hh22191', 'adambubar', 'bcvaugh2', 'mattstery', 'temperlancer', 'slee18', 'onurgur1', 'godard1', 'doidge1', 'sarwal1', 'xliu79', 'andri', 'ajstreed', 'k912323', 'condon3', 'jvanderwoude', 'lin189', 'zhang354', 'dedios1', 'yjiang40', 'jfuizzle', 'yang82', 'yang160', 'scrain', 'aishsingh', 'ellieyan', 'captiva34', 'koppula2', 'miuz9010', 'xiruihe1', 'blackbu3', 'dbieli2', 'kao24', 'gujral1', 'darrenchen', 'plam5', 'kolthof1', 'penis', 'hmwu2', 'flybywire91', 'ahoag']",16,"['coxsey1', 'kharoutaj', 'oleksie1', 'malkows1', 'marchel2', 'mli47', 'pierce20', 'olivercai', 'heebidiwup', 'chiemes919', 'cfranc20', 'guanditz', 'idatye', 'biorbibsy', 'mancera1', None]",142,"['kharoutaj', 'smith228', 'shuotian', 'perpetual89', 'zouhair2', 'wlee85', 'lufthansa92', 'malak577', 'koksal2', 'yezichao', 'eliu0117', 'brinkmanship', 'oleksie1', 'newell1', 'bfbygfgy', 'mrabe17', 'mancera1', 'ljb0928', 'rpark216', 'yiumingh', 'xp19375', 'fhsiao2', 'gerth2', 'dee7291', 'stys66', 'yding16', 'smetana4', 'abcdef', 'nshafi3', 'tielong', 'mohamme3', 'callant1', 'kamman2', 'yuyan1', 'nlowrey', 'chang190', 'jordan336', 'chovelice', 'guitaristzhang', 'mole3691', 'lai35', 'sudzi781', '54hi0', 'coxsey1', 'caroldd', 'kelpler', 'biorbibsy', 'luokaihang0822', 'jtang10', 'yingou1', 'marchel2', 'kelihui1', 'azamatm', 'shangyee', 'chiemes919', 'amill676', 'eceece', 'kiebles1', 'freeckj1003', None, 'danqiye1', 'j.bohmbach', 'magerko1', 'tath', 'mli47', 'nadisco3', 'jlee3725', 'dresche1', 'paulwite', 'olivercai', 'mikebarsaloux', 'zhou62', 'kirihar1', 'hershedtilak', 'page10', 'broll1', 'li151', 'chenhu1', 'fajardo1', 'ruichen77', 'baker32', 'joe510784', 'chao16', 'smsaladi', 'wasdfa', 'zeng17', 'hh22191', 'adambubar', 'malkows1', 'bcvaugh2', 'mattstery', 'temperlancer', 'slee18', 'onurgur1', 'godard1', 'gurbaazsidhu', 'hilgers3', 'doidge1', 'sarwal1', 'niebrug1', 'heebidiwup', 'xliu79', 'bradsnyder', 'rossdwolf', 'andri', 'ajstreed', 'k912323', 'condon3', 'jvanderwoude', 'guanditz', 'lin189', 'zhang354', 'dedios1', 'yjiang40', 'trovill1', 'jefflawrence', 'cbulgarelli', 'jfuizzle', 'idatye', 'yang82', 'yang160', 'scrain', 'aishsingh', 'ellieyan', 'captiva34', 'koppula2', 'miuz9010', 'xiruihe1', 'blackbu3', 'dbieli2', 'kao24', 'gujral1', 'david.walder', 'darrenchen', 'plam5', 'kolthof1', 'penis', 'pierce20', 'hmwu2', 'cfranc20', 'flybywire91', 'ahoag']"
2,175,127,28,20,"['guitaristzhang', 'hershedtilak', 'page10', 'li151', 'trovill1', 'cbulgarelli', 'mrabe17', 'jtang10', 'yiumingh', 'shangyee', 'stys66', 'freeckj1003', 'gurbaazsidhu', 'smetana4', 'hilgers3', 'doidge1', 'tielong', 'niebrug1', 'bradsnyder', 'rossdwolf']",106,"['paulwite', 'smith228', 'shuotian', 'mikebarsaloux', 'perpetual89', 'zhou62', 'kirihar1', 'zouhair2', 'wlee85', 'lufthansa92', 'malak577', 'koksal2', 'yezichao', 'broll1', 'eliu0117', 'chenhu1', 'brinkmanship', 'fajardo1', 'ruichen77', 'baker32', 'newell1', 'joe510784', 'chao16', 'smsaladi', 'wasdfa', 'zeng17', 'bfbygfgy', 'hh22191', 'ljb0928', 'rpark216', 'adambubar', 'xp19375', 'bcvaugh2', 'fhsiao2', 'mattstery', 'temperlancer', 'gerth2', 'dee7291', 'slee18', 'onurgur1', 'yding16', 'godard1', 'abcdef', 'nshafi3', 'sarwal1', 'mohamme3', 'callant1', 'kamman2', 'xliu79', 'yuyan1', 'nlowrey', 'andri', 'chang190', 'jordan336', 'ajstreed', 'k912323', 'condon3', 'jvanderwoude', 'chovelice', 'mole3691', 'lai35', 'lin189', 'sudzi781', '54hi0', 'zhang354', 'dedios1', 'yjiang40', 'caroldd', 'kelpler', 'jefflawrence', 'jfuizzle', 'yang82', 'yang160', 'luokaihang0822', 'scrain', 'aishsingh', 'ellieyan', 'yingou1', 'captiva34', 'kelihui1', 'azamatm', 'koppula2', 'miuz9010', 'xiruihe1', 'blackbu3', 'dbieli2', 'amill676', 'eceece', 'kiebles1', 'kao24', 'danqiye1', 'gujral1', 'j.bohmbach', 'magerko1', 'david.walder', 'tath', 'darrenchen', 'plam5', 'kolthof1', 'penis', 'hmwu2', 'nadisco3', 'jlee3725', 'flybywire91', 'dresche1', 'ahoag']",8,"['naiveli', None, 'coxsey1', 'ruiwangece', 'marchel2', 'mancera1', 'kimitri', 'aoleksie']",134,"['smith228', 'shuotian', 'perpetual89', 'zouhair2', 'wlee85', 'lufthansa92', 'malak577', 'koksal2', 'yezichao', 'eliu0117', 'brinkmanship', 'newell1', 'bfbygfgy', 'mrabe17', 'mancera1', 'ljb0928', 'rpark216', 'yiumingh', 'xp19375', 'fhsiao2', 'gerth2', 'dee7291', 'stys66', 'yding16', 'smetana4', 'abcdef', 'nshafi3', 'tielong', 'mohamme3', 'callant1', 'kamman2', 'yuyan1', 'nlowrey', 'chang190', 'jordan336', 'chovelice', 'guitaristzhang', 'mole3691', 'lai35', 'sudzi781', '54hi0', 'coxsey1', 'caroldd', 'kelpler', 'luokaihang0822', 'jtang10', 'yingou1', 'marchel2', 'kelihui1', 'azamatm', 'shangyee', 'amill676', 'eceece', 'kiebles1', 'freeckj1003', None, 'danqiye1', 'j.bohmbach', 'magerko1', 'tath', 'nadisco3', 'jlee3725', 'dresche1', 'paulwite', 'mikebarsaloux', 'zhou62', 'kirihar1', 'hershedtilak', 'page10', 'broll1', 'li151', 'chenhu1', 'fajardo1', 'ruichen77', 'baker32', 'joe510784', 'chao16', 'smsaladi', 'wasdfa', 'zeng17', 'hh22191', 'ruiwangece', 'adambubar', 'bcvaugh2', 'mattstery', 'temperlancer', 'slee18', 'onurgur1', 'godard1', 'gurbaazsidhu', 'hilgers3', 'doidge1', 'sarwal1', 'niebrug1', 'xliu79', 'bradsnyder', 'rossdwolf', 'andri', 'ajstreed', 'k912323', 'condon3', 'jvanderwoude', 'lin189', 'zhang354', 'dedios1', 'yjiang40', 'trovill1', 'jefflawrence', 'cbulgarelli', 'jfuizzle', 'yang82', 'yang160', 'kimitri', 'scrain', 'aoleksie', 'aishsingh', 'ellieyan', 'naiveli', 'captiva34', 'koppula2', 'miuz9010', 'xiruihe1', 'blackbu3', 'dbieli2', 'kao24', 'gujral1', 'david.walder', 'darrenchen', 'plam5', 'kolthof1', 'penis', 'hmwu2', 'flybywire91', 'ahoag']"
2,43,127,25,12,"['adambubar', 'dedios1', 'eliu0117', 'david.walder', 'xp19375', 'bcvaugh2', 'penis', 'miuz9010', 'xiruihe1', 'chovelice', 'malak577', 'zhang354']",114,"['paulwite', 'smith228', 'shuotian', 'mikebarsaloux', 'perpetual89', 'zhou62', 'kirihar1', 'zouhair2', 'wlee85', 'lufthansa92', 'koksal2', 'yezichao', 'hershedtilak', 'page10', 'broll1', 'li151', 'chenhu1', 'brinkmanship', 'fajardo1', 'ruichen77', 'baker32', 'newell1', 'joe510784', 'chao16', 'smsaladi', 'wasdfa', 'zeng17', 'bfbygfgy', 'mrabe17', 'hh22191', 'ljb0928', 'rpark216', 'yiumingh', 'fhsiao2', 'mattstery', 'temperlancer', 'gerth2', 'dee7291', 'stys66', 'slee18', 'onurgur1', 'yding16', 'godard1', 'gurbaazsidhu', 'smetana4', 'hilgers3', 'doidge1', 'abcdef', 'nshafi3', 'tielong', 'sarwal1', 'mohamme3', 'niebrug1', 'callant1', 'kamman2', 'xliu79', 'bradsnyder', 'rossdwolf', 'yuyan1', 'nlowrey', 'andri', 'chang190', 'jordan336', 'ajstreed', 'k912323', 'condon3', 'jvanderwoude', 'guitaristzhang', 'mole3691', 'lai35', 'lin189', 'sudzi781', '54hi0', 'yjiang40', 'trovill1', 'caroldd', 'kelpler', 'jefflawrence', 'cbulgarelli', 'jfuizzle', 'yang82', 'yang160', 'luokaihang0822', 'jtang10', 'scrain', 'aishsingh', 'ellieyan', 'yingou1', 'captiva34', 'kelihui1', 'azamatm', 'koppula2', 'shangyee', 'blackbu3', 'dbieli2', 'amill676', 'eceece', 'kiebles1', 'freeckj1003', 'kao24', 'danqiye1', 'gujral1', 'j.bohmbach', 'magerko1', 'tath', 'darrenchen', 'plam5', 'kolthof1', 'hmwu2', 'nadisco3', 'jlee3725', 'flybywire91', 'dresche1', 'ahoag']",13,"['lee103', 'chen381', 'has9.ahmad', 'surya2', 'zzhu7', 'lee893', 'frankow1', 'caz1429', 'chenegan', 'hafizsd', 'zhang258', None, 'hollygrape']",139,"['paulwite', 'surya2', 'smith228', 'shuotian', 'mikebarsaloux', 'perpetual89', 'zhou62', 'kirihar1', 'zouhair2', 'wlee85', 'lufthansa92', 'malak577', 'koksal2', 'yezichao', 'hershedtilak', 'page10', 'broll1', 'li151', 'eliu0117', 'chenhu1', 'brinkmanship', 'fajardo1', 'ruichen77', 'baker32', 'newell1', 'joe510784', 'chao16', 'smsaladi', 'lee893', 'wasdfa', 'zeng17', 'bfbygfgy', 'mrabe17', 'hh22191', 'ljb0928', 'rpark216', 'adambubar', 'chen381', 'yiumingh', 'xp19375', 'bcvaugh2', 'fhsiao2', 'mattstery', 'temperlancer', 'gerth2', 'dee7291', 'stys66', 'slee18', 'onurgur1', 'yding16', 'godard1', 'gurbaazsidhu', 'smetana4', 'has9.ahmad', 'hilgers3', 'doidge1', 'abcdef', 'nshafi3', 'tielong', 'caz1429', 'sarwal1', 'mohamme3', 'niebrug1', 'callant1', 'kamman2', 'xliu79', 'bradsnyder', 'rossdwolf', 'yuyan1', 'nlowrey', 'andri', 'chang190', 'jordan336', 'ajstreed', 'k912323', 'condon3', 'jvanderwoude', 'chovelice', 'guitaristzhang', 'mole3691', 'lai35', 'lin189', 'sudzi781', '54hi0', 'hollygrape', 'zhang354', 'dedios1', 'yjiang40', 'trovill1', 'caroldd', 'kelpler', 'jefflawrence', 'cbulgarelli', 'jfuizzle', 'yang82', 'yang160', 'luokaihang0822', 'jtang10', 'scrain', 'aishsingh', 'ellieyan', 'lee103', 'yingou1', 'captiva34', 'kelihui1', 'azamatm', 'koppula2', 'miuz9010', 'xiruihe1', 'shangyee', 'blackbu3', 'chenegan', 'dbieli2', 'amill676', 'eceece', 'kiebles1', 'freeckj1003', 'kao24', None, 'frankow1', 'danqiye1', 'gujral1', 'j.bohmbach', 'magerko1', 'david.walder', 'tath', 'darrenchen', 'plam5', 'kolthof1', 'zzhu7', 'penis', 'hmwu2', 'nadisco3', 'hafizsd', 'jlee3725', 'flybywire91', 'zhang258', 'dresche1', 'ahoag']"
2,94,127,25,16,"['adambubar', 'jordan336', 'smith228', 'xp19375', 'koppula2', 'bcvaugh2', 'penis', 'miuz9010', 'hmwu2', 'xiruihe1', 'nadisco3', 'chovelice', 'bfbygfgy', 'kamman2', 'eceece', 'malak577']",110,"['paulwite', 'shuotian', 'mikebarsaloux', 'perpetual89', 'zhou62', 'kirihar1', 'zouhair2', 'wlee85', 'lufthansa92', 'koksal2', 'yezichao', 'hershedtilak', 'page10', 'broll1', 'li151', 'eliu0117', 'chenhu1', 'brinkmanship', 'fajardo1', 'ruichen77', 'baker32', 'newell1', 'joe510784', 'chao16', 'smsaladi', 'wasdfa', 'zeng17', 'mrabe17', 'hh22191', 'ljb0928', 'rpark216', 'yiumingh', 'fhsiao2', 'mattstery', 'temperlancer', 'gerth2', 'dee7291', 'stys66', 'slee18', 'onurgur1', 'yding16', 'godard1', 'gurbaazsidhu', 'smetana4', 'hilgers3', 'doidge1', 'abcdef', 'nshafi3', 'tielong', 'sarwal1', 'mohamme3', 'niebrug1', 'callant1', 'xliu79', 'bradsnyder', 'rossdwolf', 'yuyan1', 'nlowrey', 'andri', 'chang190', 'ajstreed', 'k912323', 'condon3', 'jvanderwoude', 'guitaristzhang', 'mole3691', 'lai35', 'lin189', 'sudzi781', '54hi0', 'zhang354', 'dedios1', 'yjiang40', 'trovill1', 'caroldd', 'kelpler', 'jefflawrence', 'cbulgarelli', 'jfuizzle', 'yang82', 'yang160', 'luokaihang0822', 'jtang10', 'scrain', 'aishsingh', 'ellieyan', 'yingou1', 'captiva34', 'kelihui1', 'azamatm', 'shangyee', 'blackbu3', 'dbieli2', 'amill676', 'kiebles1', 'freeckj1003', 'kao24', 'danqiye1', 'gujral1', 'j.bohmbach', 'magerko1', 'david.walder', 'tath', 'darrenchen', 'plam5', 'kolthof1', 'jlee3725', 'flybywire91', 'dresche1', 'ahoag']",9,"['devine11', 'mbirkel91', 'xiang7', 'surya2', 'sharmanshika', 'zhaner08', 'blugatchtube', 'idatye', None]",135,"['paulwite', 'surya2', 'smith228', 'shuotian', 'mikebarsaloux', 'perpetual89', 'zhou62', 'kirihar1', 'zouhair2', 'wlee85', 'lufthansa92', 'malak577', 'koksal2', 'yezichao', 'hershedtilak', 'page10', 'broll1', 'li151', 'eliu0117', 'chenhu1', 'brinkmanship', 'mbirkel91', 'fajardo1', 'ruichen77', 'baker32', 'newell1', 'joe510784', 'chao16', 'smsaladi', 'wasdfa', 'zeng17', 'bfbygfgy', 'mrabe17', 'hh22191', 'ljb0928', 'rpark216', 'adambubar', 'yiumingh', 'xp19375', 'sharmanshika', 'bcvaugh2', 'fhsiao2', 'mattstery', 'temperlancer', 'gerth2', 'dee7291', 'stys66', 'slee18', 'onurgur1', 'yding16', 'godard1', 'gurbaazsidhu', 'smetana4', 'hilgers3', 'doidge1', 'abcdef', 'nshafi3', 'tielong', 'sarwal1', 'mohamme3', 'niebrug1', 'callant1', 'kamman2', 'xliu79', 'bradsnyder', 'rossdwolf', 'yuyan1', 'nlowrey', 'andri', 'chang190', 'xiang7', 'jordan336', 'ajstreed', 'k912323', 'condon3', 'jvanderwoude', 'chovelice', 'guitaristzhang', 'mole3691', 'lai35', 'lin189', 'sudzi781', '54hi0', 'zhang354', 'dedios1', 'yjiang40', 'trovill1', 'caroldd', 'kelpler', 'jefflawrence', 'cbulgarelli', 'jfuizzle', 'idatye', 'yang82', 'yang160', 'luokaihang0822', 'jtang10', 'scrain', 'aishsingh', 'ellieyan', 'devine11', 'yingou1', 'captiva34', 'kelihui1', 'azamatm', 'koppula2', 'miuz9010', 'blugatchtube', 'xiruihe1', 'shangyee', 'blackbu3', 'dbieli2', 'amill676', 'eceece', 'kiebles1', 'freeckj1003', 'kao24', None, 'danqiye1', 'gujral1', 'j.bohmbach', 'magerko1', 'david.walder', 'tath', 'darrenchen', 'plam5', 'kolthof1', 'zhaner08', 'penis', 'hmwu2', 'nadisco3', 'jlee3725', 'flybywire91', 'dresche1', 'ahoag']"
2,55,127,24,2,"['k912323', 'aishsingh']",124,"['paulwite', 'smith228', 'shuotian', 'mikebarsaloux', 'perpetual89', 'zhou62', 'kirihar1', 'zouhair2', 'wlee85', 'lufthansa92', 'malak577', 'koksal2', 'yezichao', 'hershedtilak', 'page10', 'broll1', 'li151', 'eliu0117', 'chenhu1', 'brinkmanship', 'fajardo1', 'ruichen77', 'baker32', 'newell1', 'joe510784', 'chao16', 'smsaladi', 'wasdfa', 'zeng17', 'bfbygfgy', 'mrabe17', 'hh22191', 'ljb0928', 'rpark216', 'adambubar', 'yiumingh', 'xp19375', 'bcvaugh2', 'fhsiao2', 'mattstery', 'temperlancer', 'gerth2', 'dee7291', 'stys66', 'slee18', 'onurgur1', 'yding16', 'godard1', 'gurbaazsidhu', 'smetana4', 'hilgers3', 'doidge1', 'abcdef', 'nshafi3', 'tielong', 'sarwal1', 'mohamme3', 'niebrug1', 'callant1', 'kamman2', 'xliu79', 'bradsnyder', 'rossdwolf', 'yuyan1', 'nlowrey', 'andri', 'chang190', 'jordan336', 'ajstreed', 'condon3', 'jvanderwoude', 'chovelice', 'guitaristzhang', 'mole3691', 'lai35', 'lin189', 'sudzi781', '54hi0', 'zhang354', 'dedios1', 'yjiang40', 'trovill1', 'caroldd', 'kelpler', 'jefflawrence', 'cbulgarelli', 'jfuizzle', 'yang82', 'yang160', 'luokaihang0822', 'jtang10', 'scrain', 'ellieyan', 'yingou1', 'captiva34', 'kelihui1', 'azamatm', 'koppula2', 'miuz9010', 'xiruihe1', 'shangyee', 'blackbu3', 'dbieli2', 'amill676', 'eceece', 'kiebles1', 'freeckj1003', 'kao24', 'danqiye1', 'gujral1', 'j.bohmbach', 'magerko1', 'david.walder', 'tath', 'darrenchen', 'plam5', 'kolthof1', 'penis', 'hmwu2', 'nadisco3', 'jlee3725', 'flybywire91', 'dresche1', 'ahoag']",22,"['nehzgneg', 'achavarria', 'esanch29', 'marvadar', 'ravi7', 'hjsong2', 'uditsharma101', 'idatye', 'xxephemera', 'levitas1', 'chaocao2', 'jamessu2', 'sizhangyu0824', None, 'profballack', 'jlorozc2', 'mli47', 'hartant2', 'heebidiwup', 'kailiu2', 'yohanko322', 'wdyarthas']",148,"['paulwite', 'smith228', 'shuotian', 'mikebarsaloux', 'perpetual89', 'zhou62', 'kirihar1', 'zouhair2', 'wlee85', 'lufthansa92', 'malak577', 'koksal2', 'yezichao', 'hershedtilak', 'page10', 'broll1', 'esanch29', 'li151', 'eliu0117', 'chenhu1', 'brinkmanship', 'marvadar', 'fajardo1', 'ruichen77', 'baker32', 'newell1', 'joe510784', 'chao16', 'smsaladi', 'ravi7', 'wasdfa', 'zeng17', 'bfbygfgy', 'uditsharma101', 'mrabe17', 'hh22191', 'levitas1', 'ljb0928', 'chaocao2', 'rpark216', 'adambubar', 'yiumingh', 'xp19375', 'bcvaugh2', 'fhsiao2', 'mattstery', 'temperlancer', 'gerth2', 'jamessu2', 'dee7291', 'stys66', 'slee18', 'sizhangyu0824', 'onurgur1', 'yding16', 'godard1', 'gurbaazsidhu', 'smetana4', 'profballack', 'hilgers3', 'doidge1', 'abcdef', 'nshafi3', 'tielong', 'sarwal1', 'mohamme3', 'niebrug1', 'callant1', 'kamman2', 'heebidiwup', 'xliu79', 'bradsnyder', 'rossdwolf', 'yuyan1', 'nlowrey', 'andri', 'chang190', 'yohanko322', 'jordan336', 'ajstreed', 'k912323', 'condon3', 'nehzgneg', 'achavarria', 'jvanderwoude', 'chovelice', 'guitaristzhang', 'mole3691', 'lai35', 'lin189', 'sudzi781', '54hi0', 'zhang354', 'dedios1', 'yjiang40', 'trovill1', 'caroldd', 'kelpler', 'jefflawrence', 'cbulgarelli', 'hjsong2', 'jfuizzle', 'idatye', 'xxephemera', 'yang82', 'yang160', 'luokaihang0822', 'jtang10', 'scrain', 'aishsingh', 'ellieyan', 'yingou1', 'captiva34', 'kelihui1', 'azamatm', 'koppula2', 'miuz9010', 'xiruihe1', 'shangyee', 'blackbu3', 'dbieli2', 'amill676', 'eceece', 'kiebles1', 'freeckj1003', 'kao24', None, 'danqiye1', 'gujral1', 'j.bohmbach', 'magerko1', 'david.walder', 'tath', 'darrenchen', 'plam5', 'kolthof1', 'jlorozc2', 'mli47', 'penis', 'hmwu2', 'nadisco3', 'hartant2', 'jlee3725', 'flybywire91', 'kailiu2', 'dresche1', 'ahoag', 'wdyarthas']"
2,177,127,24,15,"['adambubar', 'eliu0117', 'jordan336', 'xp19375', 'koppula2', 'bcvaugh2', 'penis', 'miuz9010', 'hmwu2', 'xiruihe1', 'chovelice', 'bfbygfgy', 'slee18', 'malak577', 'kiebles1']",111,"['paulwite', 'smith228', 'shuotian', 'mikebarsaloux', 'perpetual89', 'zhou62', 'kirihar1', 'zouhair2', 'wlee85', 'lufthansa92', 'koksal2', 'yezichao', 'hershedtilak', 'page10', 'broll1', 'li151', 'chenhu1', 'brinkmanship', 'fajardo1', 'ruichen77', 'baker32', 'newell1', 'joe510784', 'chao16', 'smsaladi', 'wasdfa', 'zeng17', 'mrabe17', 'hh22191', 'ljb0928', 'rpark216', 'yiumingh', 'fhsiao2', 'mattstery', 'temperlancer', 'gerth2', 'dee7291', 'stys66', 'onurgur1', 'yding16', 'godard1', 'gurbaazsidhu', 'smetana4', 'hilgers3', 'doidge1', 'abcdef', 'nshafi3', 'tielong', 'sarwal1', 'mohamme3', 'niebrug1', 'callant1', 'kamman2', 'xliu79', 'bradsnyder', 'rossdwolf', 'yuyan1', 'nlowrey', 'andri', 'chang190', 'ajstreed', 'k912323', 'condon3', 'jvanderwoude', 'guitaristzhang', 'mole3691', 'lai35', 'lin189', 'sudzi781', '54hi0', 'zhang354', 'dedios1', 'yjiang40', 'trovill1', 'caroldd', 'kelpler', 'jefflawrence', 'cbulgarelli', 'jfuizzle', 'yang82', 'yang160', 'luokaihang0822', 'jtang10', 'scrain', 'aishsingh', 'ellieyan', 'yingou1', 'captiva34', 'kelihui1', 'azamatm', 'shangyee', 'blackbu3', 'dbieli2', 'amill676', 'eceece', 'freeckj1003', 'kao24', 'danqiye1', 'gujral1', 'j.bohmbach', 'magerko1', 'david.walder', 'tath', 'darrenchen', 'plam5', 'kolthof1', 'nadisco3', 'jlee3725', 'flybywire91', 'dresche1', 'ahoag']",9,"['lee103', 'amphoterite', 'vigneshwar', 'blugatchtube', 'jakemandozzi', 'chenegan', 'chiemes919', 'yang106', None]",135,"['paulwite', 'smith228', 'shuotian', 'mikebarsaloux', 'perpetual89', 'zhou62', 'kirihar1', 'zouhair2', 'wlee85', 'lufthansa92', 'malak577', 'koksal2', 'yezichao', 'hershedtilak', 'page10', 'broll1', 'li151', 'eliu0117', 'chenhu1', 'brinkmanship', 'fajardo1', 'ruichen77', 'baker32', 'newell1', 'joe510784', 'chao16', 'smsaladi', 'wasdfa', 'zeng17', 'bfbygfgy', 'mrabe17', 'hh22191', 'ljb0928', 'rpark216', 'adambubar', 'yiumingh', 'xp19375', 'bcvaugh2', 'fhsiao2', 'mattstery', 'temperlancer', 'gerth2', 'dee7291', 'stys66', 'slee18', 'yang106', 'onurgur1', 'yding16', 'godard1', 'gurbaazsidhu', 'smetana4', 'hilgers3', 'doidge1', 'abcdef', 'nshafi3', 'tielong', 'jakemandozzi', 'sarwal1', 'mohamme3', 'niebrug1', 'callant1', 'kamman2', 'xliu79', 'bradsnyder', 'rossdwolf', 'yuyan1', 'nlowrey', 'andri', 'chang190', 'jordan336', 'ajstreed', 'k912323', 'condon3', 'jvanderwoude', 'chovelice', 'guitaristzhang', 'mole3691', 'lai35', 'lin189', 'sudzi781', '54hi0', 'zhang354', 'dedios1', 'yjiang40', 'amphoterite', 'trovill1', 'caroldd', 'kelpler', 'jefflawrence', 'cbulgarelli', 'jfuizzle', 'yang82', 'yang160', 'luokaihang0822', 'jtang10', 'scrain', 'aishsingh', 'ellieyan', 'lee103', 'yingou1', 'captiva34', 'kelihui1', 'azamatm', 'koppula2', 'miuz9010', 'blugatchtube', 'xiruihe1', 'shangyee', 'blackbu3', 'chenegan', 'dbieli2', 'chiemes919', 'amill676', 'eceece', 'kiebles1', 'freeckj1003', 'kao24', None, 'danqiye1', 'gujral1', 'j.bohmbach', 'magerko1', 'david.walder', 'tath', 'darrenchen', 'plam5', 'kolthof1', 'vigneshwar', 'penis', 'hmwu2', 'nadisco3', 'jlee3725', 'flybywire91', 'dresche1', 'ahoag']"
2,44,127,20,13,"['gurbaazsidhu', 'freeckj1003', 'yiumingh', 'smetana4', 'smsaladi', 'trovill1', 'gerth2', 'niebrug1', 'mrabe17', 'lufthansa92', 'luokaihang0822', 'jtang10', 'rossdwolf']",113,"['paulwite', 'smith228', 'shuotian', 'mikebarsaloux', 'perpetual89', 'zhou62', 'kirihar1', 'zouhair2', 'wlee85', 'malak577', 'koksal2', 'yezichao', 'hershedtilak', 'page10', 'broll1', 'li151', 'eliu0117', 'chenhu1', 'brinkmanship', 'fajardo1', 'ruichen77', 'baker32', 'newell1', 'joe510784', 'chao16', 'wasdfa', 'zeng17', 'bfbygfgy', 'hh22191', 'ljb0928', 'rpark216', 'adambubar', 'xp19375', 'bcvaugh2', 'fhsiao2', 'mattstery', 'temperlancer', 'dee7291', 'stys66', 'slee18', 'onurgur1', 'yding16', 'godard1', 'hilgers3', 'doidge1', 'abcdef', 'nshafi3', 'tielong', 'sarwal1', 'mohamme3', 'callant1', 'kamman2', 'xliu79', 'bradsnyder', 'yuyan1', 'nlowrey', 'andri', 'chang190', 'jordan336', 'ajstreed', 'k912323', 'condon3', 'jvanderwoude', 'chovelice', 'guitaristzhang', 'mole3691', 'lai35', 'lin189', 'sudzi781', '54hi0', 'zhang354', 'dedios1', 'yjiang40', 'caroldd', 'kelpler', 'jefflawrence', 'cbulgarelli', 'jfuizzle', 'yang82', 'yang160', 'scrain', 'aishsingh', 'ellieyan', 'yingou1', 'captiva34', 'kelihui1', 'azamatm', 'koppula2', 'miuz9010', 'xiruihe1', 'shangyee', 'blackbu3', 'dbieli2', 'amill676', 'eceece', 'kiebles1', 'kao24', 'danqiye1', 'gujral1', 'j.bohmbach', 'magerko1', 'david.walder', 'tath', 'darrenchen', 'plam5', 'kolthof1', 'penis', 'hmwu2', 'nadisco3', 'jlee3725', 'flybywire91', 'dresche1', 'ahoag']",7,"[None, 'styyle14', 'coxsey1', 'mengchen', 'lee117', 'malkomic000', 'ruiwangece']",133,"['paulwite', 'smith228', 'shuotian', 'mikebarsaloux', 'perpetual89', 'zhou62', 'kirihar1', 'zouhair2', 'wlee85', 'lufthansa92', 'malak577', 'koksal2', 'yezichao', 'hershedtilak', 'page10', 'broll1', 'li151', 'eliu0117', 'chenhu1', 'brinkmanship', 'fajardo1', 'ruichen77', 'baker32', 'newell1', 'joe510784', 'chao16', 'smsaladi', 'mengchen', 'wasdfa', 'zeng17', 'bfbygfgy', 'mrabe17', 'hh22191', 'ruiwangece', 'ljb0928', 'rpark216', 'adambubar', 'yiumingh', 'xp19375', 'bcvaugh2', 'fhsiao2', 'mattstery', 'temperlancer', 'gerth2', 'dee7291', 'stys66', 'slee18', 'onurgur1', 'yding16', 'godard1', 'gurbaazsidhu', 'smetana4', 'hilgers3', 'doidge1', 'abcdef', 'nshafi3', 'tielong', 'sarwal1', 'mohamme3', 'niebrug1', 'callant1', 'kamman2', 'xliu79', 'bradsnyder', 'rossdwolf', 'yuyan1', 'nlowrey', 'andri', 'chang190', 'jordan336', 'ajstreed', 'k912323', 'condon3', 'jvanderwoude', 'chovelice', 'guitaristzhang', 'mole3691', 'lee117', 'lai35', 'lin189', 'sudzi781', '54hi0', 'zhang354', 'dedios1', 'yjiang40', 'styyle14', 'coxsey1', 'trovill1', 'caroldd', 'kelpler', 'jefflawrence', 'cbulgarelli', 'jfuizzle', 'yang82', 'yang160', 'luokaihang0822', 'jtang10', 'scrain', 'aishsingh', 'ellieyan', 'yingou1', 'captiva34', 'kelihui1', 'azamatm', 'koppula2', 'miuz9010', 'xiruihe1', 'shangyee', 'blackbu3', 'dbieli2', 'amill676', 'eceece', 'kiebles1', 'freeckj1003', 'kao24', None, 'danqiye1', 'gujral1', 'j.bohmbach', 'magerko1', 'david.walder', 'tath', 'darrenchen', 'plam5', 'kolthof1', 'penis', 'hmwu2', 'nadisco3', 'jlee3725', 'flybywire91', 'malkomic000', 'dresche1', 'ahoag']"
2,93,127,17,12,"['darrenchen', 'plam5', 'freeckj1003', 'trovill1', 'tielong', 'cbulgarelli', 'mole3691', 'niebrug1', 'stys66', 'lufthansa92', 'kiebles1', 'bradsnyder']",114,"['paulwite', 'smith228', 'shuotian', 'mikebarsaloux', 'perpetual89', 'zhou62', 'kirihar1', 'zouhair2', 'wlee85', 'malak577', 'koksal2', 'yezichao', 'hershedtilak', 'page10', 'broll1', 'li151', 'eliu0117', 'chenhu1', 'brinkmanship', 'fajardo1', 'ruichen77', 'baker32', 'newell1', 'joe510784', 'chao16', 'smsaladi', 'wasdfa', 'zeng17', 'bfbygfgy', 'mrabe17', 'hh22191', 'ljb0928', 'rpark216', 'adambubar', 'yiumingh', 'xp19375', 'bcvaugh2', 'fhsiao2', 'mattstery', 'temperlancer', 'gerth2', 'dee7291', 'slee18', 'onurgur1', 'yding16', 'godard1', 'gurbaazsidhu', 'smetana4', 'hilgers3', 'doidge1', 'abcdef', 'nshafi3', 'sarwal1', 'mohamme3', 'callant1', 'kamman2', 'xliu79', 'rossdwolf', 'yuyan1', 'nlowrey', 'andri', 'chang190', 'jordan336', 'ajstreed', 'k912323', 'condon3', 'jvanderwoude', 'chovelice', 'guitaristzhang', 'lai35', 'lin189', 'sudzi781', '54hi0', 'zhang354', 'dedios1', 'yjiang40', 'caroldd', 'kelpler', 'jefflawrence', 'jfuizzle', 'yang82', 'yang160', 'luokaihang0822', 'jtang10', 'scrain', 'aishsingh', 'ellieyan', 'yingou1', 'captiva34', 'kelihui1', 'azamatm', 'koppula2', 'miuz9010', 'xiruihe1', 'shangyee', 'blackbu3', 'dbieli2', 'amill676', 'eceece', 'kao24', 'danqiye1', 'gujral1', 'j.bohmbach', 'magerko1', 'david.walder', 'tath', 'kolthof1', 'penis', 'hmwu2', 'nadisco3', 'jlee3725', 'flybywire91', 'dresche1', 'ahoag']",5,"['kharoutaj', 'pjurik', 'guanditz', None, 'lelelea']",131,"['paulwite', 'kharoutaj', 'smith228', 'shuotian', 'mikebarsaloux', 'perpetual89', 'zhou62', 'kirihar1', 'zouhair2', 'wlee85', 'lufthansa92', 'malak577', 'koksal2', 'yezichao', 'hershedtilak', 'page10', 'broll1', 'li151', 'eliu0117', 'chenhu1', 'brinkmanship', 'fajardo1', 'ruichen77', 'baker32', 'newell1', 'joe510784', 'chao16', 'smsaladi', 'wasdfa', 'zeng17', 'bfbygfgy', 'mrabe17', 'hh22191', 'ljb0928', 'rpark216', 'adambubar', 'yiumingh', 'xp19375', 'bcvaugh2', 'fhsiao2', 'mattstery', 'temperlancer', 'gerth2', 'dee7291', 'stys66', 'slee18', 'onurgur1', 'yding16', 'godard1', 'gurbaazsidhu', 'smetana4', 'hilgers3', 'doidge1', 'abcdef', 'nshafi3', 'tielong', 'sarwal1', 'mohamme3', 'niebrug1', 'callant1', 'kamman2', 'xliu79', 'bradsnyder', 'rossdwolf', 'yuyan1', 'nlowrey', 'andri', 'chang190', 'jordan336', 'ajstreed', 'k912323', 'condon3', 'jvanderwoude', 'chovelice', 'guitaristzhang', 'mole3691', 'guanditz', 'lai35', 'lin189', 'sudzi781', '54hi0', 'zhang354', 'dedios1', 'yjiang40', 'trovill1', 'caroldd', 'kelpler', 'jefflawrence', 'pjurik', 'cbulgarelli', 'jfuizzle', 'yang82', 'yang160', 'luokaihang0822', 'jtang10', 'scrain', 'aishsingh', 'ellieyan', 'yingou1', 'captiva34', 'kelihui1', 'azamatm', 'koppula2', 'miuz9010', 'xiruihe1', 'shangyee', 'blackbu3', 'dbieli2', 'amill676', 'eceece', 'kiebles1', 'freeckj1003', 'kao24', None, 'danqiye1', 'gujral1', 'j.bohmbach', 'magerko1', 'david.walder', 'tath', 'darrenchen', 'plam5', 'kolthof1', 'penis', 'hmwu2', 'nadisco3', 'jlee3725', 'flybywire91', 'dresche1', 'ahoag', 'lelelea']"
2,30,127,13,12,"['dedios1', 'darrenchen', 'captiva34', 'tath', 'smsaladi', 'kolthof1', 'baker32', 'sarwal1', 'dbieli2', 'lin189', 'scrain', 'ahoag']",114,"['paulwite', 'smith228', 'shuotian', 'mikebarsaloux', 'perpetual89', 'zhou62', 'kirihar1', 'zouhair2', 'wlee85', 'lufthansa92', 'malak577', 'koksal2', 'yezichao', 'hershedtilak', 'page10', 'broll1', 'li151', 'eliu0117', 'chenhu1', 'brinkmanship', 'fajardo1', 'ruichen77', 'newell1', 'joe510784', 'chao16', 'wasdfa', 'zeng17', 'bfbygfgy', 'mrabe17', 'hh22191', 'ljb0928', 'rpark216', 'adambubar', 'yiumingh', 'xp19375', 'bcvaugh2', 'fhsiao2', 'mattstery', 'temperlancer', 'gerth2', 'dee7291', 'stys66', 'slee18', 'onurgur1', 'yding16', 'godard1', 'gurbaazsidhu', 'smetana4', 'hilgers3', 'doidge1', 'abcdef', 'nshafi3', 'tielong', 'mohamme3', 'niebrug1', 'callant1', 'kamman2', 'xliu79', 'bradsnyder', 'rossdwolf', 'yuyan1', 'nlowrey', 'andri', 'chang190', 'jordan336', 'ajstreed', 'k912323', 'condon3', 'jvanderwoude', 'chovelice', 'guitaristzhang', 'mole3691', 'lai35', 'sudzi781', '54hi0', 'zhang354', 'yjiang40', 'trovill1', 'caroldd', 'kelpler', 'jefflawrence', 'cbulgarelli', 'jfuizzle', 'yang82', 'yang160', 'luokaihang0822', 'jtang10', 'aishsingh', 'ellieyan', 'yingou1', 'kelihui1', 'azamatm', 'koppula2', 'miuz9010', 'xiruihe1', 'shangyee', 'blackbu3', 'amill676', 'eceece', 'kiebles1', 'freeckj1003', 'kao24', 'danqiye1', 'gujral1', 'j.bohmbach', 'magerko1', 'david.walder', 'plam5', 'penis', 'hmwu2', 'nadisco3', 'jlee3725', 'flybywire91', 'dresche1']",1,[None],127,"['paulwite', 'smith228', 'shuotian', 'mikebarsaloux', 'perpetual89', 'zhou62', 'kirihar1', 'zouhair2', 'wlee85', 'lufthansa92', 'malak577', 'koksal2', 'yezichao', 'hershedtilak', 'page10', 'broll1', 'li151', 'eliu0117', 'chenhu1', 'brinkmanship', 'fajardo1', 'ruichen77', 'baker32', 'newell1', 'joe510784', 'chao16', 'smsaladi', 'wasdfa', 'zeng17', 'bfbygfgy', 'mrabe17', 'hh22191', 'ljb0928', 'rpark216', 'adambubar', 'yiumingh', 'xp19375', 'bcvaugh2', 'fhsiao2', 'mattstery', 'temperlancer', 'gerth2', 'dee7291', 'stys66', 'slee18', 'onurgur1', 'yding16', 'godard1', 'gurbaazsidhu', 'smetana4', 'hilgers3', 'doidge1', 'abcdef', 'nshafi3', 'tielong', 'sarwal1', 'mohamme3', 'niebrug1', 'callant1', 'kamman2', 'xliu79', 'bradsnyder', 'rossdwolf', 'yuyan1', 'nlowrey', 'andri', 'chang190', 'jordan336', 'ajstreed', 'k912323', 'condon3', 'jvanderwoude', 'chovelice', 'guitaristzhang', 'mole3691', 'lai35', 'lin189', 'sudzi781', '54hi0', 'zhang354', 'dedios1', 'yjiang40', 'trovill1', 'caroldd', 'kelpler', 'jefflawrence', 'cbulgarelli', 'jfuizzle', 'yang82', 'yang160', 'luokaihang0822', 'jtang10', 'scrain', 'aishsingh', 'ellieyan', 'yingou1', 'captiva34', 'kelihui1', 'azamatm', 'koppula2', 'miuz9010', 'xiruihe1', 'shangyee', 'blackbu3', 'dbieli2', 'amill676', 'eceece', 'kiebles1', 'freeckj1003', 'kao24', None, 'danqiye1', 'gujral1', 'j.bohmbach', 'magerko1', 'david.walder', 'tath', 'darrenchen', 'plam5', 'kolthof1', 'penis', 'hmwu2', 'nadisco3', 'jlee3725', 'flybywire91', 'dresche1', 'ahoag']"
2,51,127,11,5,"['chenhu1', 'shuotian', 'kelpler', 'mohamme3', 'yang160']",121,"['paulwite', 'smith228', 'mikebarsaloux', 'perpetual89', 'zhou62', 'kirihar1', 'zouhair2', 'wlee85', 'lufthansa92', 'malak577', 'koksal2', 'yezichao', 'hershedtilak', 'page10', 'broll1', 'li151', 'eliu0117', 'brinkmanship', 'fajardo1', 'ruichen77', 'baker32', 'newell1', 'joe510784', 'chao16', 'smsaladi', 'wasdfa', 'zeng17', 'bfbygfgy', 'mrabe17', 'hh22191', 'ljb0928', 'rpark216', 'adambubar', 'yiumingh', 'xp19375', 'bcvaugh2', 'fhsiao2', 'mattstery', 'temperlancer', 'gerth2', 'dee7291', 'stys66', 'slee18', 'onurgur1', 'yding16', 'godard1', 'gurbaazsidhu', 'smetana4', 'hilgers3', 'doidge1', 'abcdef', 'nshafi3', 'tielong', 'sarwal1', 'niebrug1', 'callant1', 'kamman2', 'xliu79', 'bradsnyder', 'rossdwolf', 'yuyan1', 'nlowrey', 'andri', 'chang190', 'jordan336', 'ajstreed', 'k912323', 'condon3', 'jvanderwoude', 'chovelice', 'guitaristzhang', 'mole3691', 'lai35', 'lin189', 'sudzi781', '54hi0', 'zhang354', 'dedios1', 'yjiang40', 'trovill1', 'caroldd', 'jefflawrence', 'cbulgarelli', 'jfuizzle', 'yang82', 'luokaihang0822', 'jtang10', 'scrain', 'aishsingh', 'ellieyan', 'yingou1', 'captiva34', 'kelihui1', 'azamatm', 'koppula2', 'miuz9010', 'xiruihe1', 'shangyee', 'blackbu3', 'dbieli2', 'amill676', 'eceece', 'kiebles1', 'freeckj1003', 'kao24', 'danqiye1', 'gujral1', 'j.bohmbach', 'magerko1', 'david.walder', 'tath', 'darrenchen', 'plam5', 'kolthof1', 'penis', 'hmwu2', 'nadisco3', 'jlee3725', 'flybywire91', 'dresche1', 'ahoag']",6,"['mengchen', 'aikara2', 'baker30', 'qizhao1', 'esanch29', None]",132,"['paulwite', 'smith228', 'shuotian', 'mikebarsaloux', 'perpetual89', 'zhou62', 'kirihar1', 'zouhair2', 'wlee85', 'lufthansa92', 'malak577', 'koksal2', 'yezichao', 'hershedtilak', 'page10', 'broll1', 'esanch29', 'li151', 'eliu0117', 'chenhu1', 'brinkmanship', 'fajardo1', 'ruichen77', 'baker32', 'newell1', 'joe510784', 'chao16', 'smsaladi', 'mengchen', 'aikara2', 'wasdfa', 'zeng17', 'bfbygfgy', 'mrabe17', 'hh22191', 'ljb0928', 'rpark216', 'adambubar', 'yiumingh', 'xp19375', 'bcvaugh2', 'fhsiao2', 'mattstery', 'temperlancer', 'gerth2', 'dee7291', 'stys66', 'slee18', 'onurgur1', 'yding16', 'godard1', 'gurbaazsidhu', 'smetana4', 'hilgers3', 'doidge1', 'abcdef', 'nshafi3', 'tielong', 'sarwal1', 'mohamme3', 'niebrug1', 'callant1', 'kamman2', 'xliu79', 'bradsnyder', 'rossdwolf', 'yuyan1', 'nlowrey', 'andri', 'chang190', 'jordan336', 'ajstreed', 'k912323', 'condon3', 'jvanderwoude', 'chovelice', 'guitaristzhang', 'mole3691', 'qizhao1', 'lai35', 'lin189', 'sudzi781', '54hi0', 'zhang354', 'dedios1', 'yjiang40', 'trovill1', 'caroldd', 'kelpler', 'jefflawrence', 'cbulgarelli', 'jfuizzle', 'yang82', 'yang160', 'luokaihang0822', 'jtang10', 'scrain', 'aishsingh', 'ellieyan', 'yingou1', 'captiva34', 'kelihui1', 'azamatm', 'koppula2', 'miuz9010', 'xiruihe1', 'shangyee', 'blackbu3', 'baker30', 'dbieli2', 'amill676', 'eceece', 'kiebles1', 'freeckj1003', 'kao24', None, 'danqiye1', 'gujral1', 'j.bohmbach', 'magerko1', 'david.walder', 'tath', 'darrenchen', 'plam5', 'kolthof1', 'penis', 'hmwu2', 'nadisco3', 'jlee3725', 'flybywire91', 'dresche1', 'ahoag']"
2,176,127,11,8,"['chenhu1', 'shuotian', 'kelpler', 'temperlancer', 'mohamme3', 'flybywire91', 'lufthansa92', 'yang160']",118,"['paulwite', 'smith228', 'mikebarsaloux', 'perpetual89', 'zhou62', 'kirihar1', 'zouhair2', 'wlee85', 'malak577', 'koksal2', 'yezichao', 'hershedtilak', 'page10', 'broll1', 'li151', 'eliu0117', 'brinkmanship', 'fajardo1', 'ruichen77', 'baker32', 'newell1', 'joe510784', 'chao16', 'smsaladi', 'wasdfa', 'zeng17', 'bfbygfgy', 'mrabe17', 'hh22191', 'ljb0928', 'rpark216', 'adambubar', 'yiumingh', 'xp19375', 'bcvaugh2', 'fhsiao2', 'mattstery', 'gerth2', 'dee7291', 'stys66', 'slee18', 'onurgur1', 'yding16', 'godard1', 'gurbaazsidhu', 'smetana4', 'hilgers3', 'doidge1', 'abcdef', 'nshafi3', 'tielong', 'sarwal1', 'niebrug1', 'callant1', 'kamman2', 'xliu79', 'bradsnyder', 'rossdwolf', 'yuyan1', 'nlowrey', 'andri', 'chang190', 'jordan336', 'ajstreed', 'k912323', 'condon3', 'jvanderwoude', 'chovelice', 'guitaristzhang', 'mole3691', 'lai35', 'lin189', 'sudzi781', '54hi0', 'zhang354', 'dedios1', 'yjiang40', 'trovill1', 'caroldd', 'jefflawrence', 'cbulgarelli', 'jfuizzle', 'yang82', 'luokaihang0822', 'jtang10', 'scrain', 'aishsingh', 'ellieyan', 'yingou1', 'captiva34', 'kelihui1', 'azamatm', 'koppula2', 'miuz9010', 'xiruihe1', 'shangyee', 'blackbu3', 'dbieli2', 'amill676', 'eceece', 'kiebles1', 'freeckj1003', 'kao24', 'danqiye1', 'gujral1', 'j.bohmbach', 'magerko1', 'david.walder', 'tath', 'darrenchen', 'plam5', 'kolthof1', 'penis', 'hmwu2', 'nadisco3', 'jlee3725', 'dresche1', 'ahoag']",3,"['baker30', None, 'eicar1409']",129,"['paulwite', 'smith228', 'shuotian', 'mikebarsaloux', 'perpetual89', 'zhou62', 'kirihar1', 'zouhair2', 'wlee85', 'lufthansa92', 'malak577', 'koksal2', 'yezichao', 'hershedtilak', 'page10', 'broll1', 'eicar1409', 'li151', 'eliu0117', 'chenhu1', 'brinkmanship', 'fajardo1', 'ruichen77', 'baker32', 'newell1', 'joe510784', 'chao16', 'smsaladi', 'wasdfa', 'zeng17', 'bfbygfgy', 'mrabe17', 'hh22191', 'ljb0928', 'rpark216', 'adambubar', 'yiumingh', 'xp19375', 'bcvaugh2', 'fhsiao2', 'mattstery', 'temperlancer', 'gerth2', 'dee7291', 'stys66', 'slee18', 'onurgur1', 'yding16', 'godard1', 'gurbaazsidhu', 'smetana4', 'hilgers3', 'doidge1', 'abcdef', 'nshafi3', 'tielong', 'sarwal1', 'mohamme3', 'niebrug1', 'callant1', 'kamman2', 'xliu79', 'bradsnyder', 'rossdwolf', 'yuyan1', 'nlowrey', 'andri', 'chang190', 'jordan336', 'ajstreed', 'k912323', 'condon3', 'jvanderwoude', 'chovelice', 'guitaristzhang', 'mole3691', 'lai35', 'lin189', 'sudzi781', '54hi0', 'zhang354', 'dedios1', 'yjiang40', 'trovill1', 'caroldd', 'kelpler', 'jefflawrence', 'cbulgarelli', 'jfuizzle', 'yang82', 'yang160', 'luokaihang0822', 'jtang10', 'scrain', 'aishsingh', 'ellieyan', 'yingou1', 'captiva34', 'kelihui1', 'azamatm', 'koppula2', 'miuz9010', 'xiruihe1', 'shangyee', 'blackbu3', 'baker30', 'dbieli2', 'amill676', 'eceece', 'kiebles1', 'freeckj1003', 'kao24', None, 'danqiye1', 'gujral1', 'j.bohmbach', 'magerko1', 'david.walder', 'tath', 'darrenchen', 'plam5', 'kolthof1', 'penis', 'hmwu2', 'nadisco3', 'jlee3725', 'flybywire91', 'dresche1', 'ahoag']"
2,45,127,9,5,"['newell1', 'zeng17', 'callant1', 'eceece', 'kao24']",121,"['paulwite', 'smith228', 'shuotian', 'mikebarsaloux', 'perpetual89', 'zhou62', 'kirihar1', 'zouhair2', 'wlee85', 'lufthansa92', 'malak577', 'koksal2', 'yezichao', 'hershedtilak', 'page10', 'broll1', 'li151', 'eliu0117', 'chenhu1', 'brinkmanship', 'fajardo1', 'ruichen77', 'baker32', 'joe510784', 'chao16', 'smsaladi', 'wasdfa', 'bfbygfgy', 'mrabe17', 'hh22191', 'ljb0928', 'rpark216', 'adambubar', 'yiumingh', 'xp19375', 'bcvaugh2', 'fhsiao2', 'mattstery', 'temperlancer', 'gerth2', 'dee7291', 'stys66', 'slee18', 'onurgur1', 'yding16', 'godard1', 'gurbaazsidhu', 'smetana4', 'hilgers3', 'doidge1', 'abcdef', 'nshafi3', 'tielong', 'sarwal1', 'mohamme3', 'niebrug1', 'kamman2', 'xliu79', 'bradsnyder', 'rossdwolf', 'yuyan1', 'nlowrey', 'andri', 'chang190', 'jordan336', 'ajstreed', 'k912323', 'condon3', 'jvanderwoude', 'chovelice', 'guitaristzhang', 'mole3691', 'lai35', 'lin189', 'sudzi781', '54hi0', 'zhang354', 'dedios1', 'yjiang40', 'trovill1', 'caroldd', 'kelpler', 'jefflawrence', 'cbulgarelli', 'jfuizzle', 'yang82', 'yang160', 'luokaihang0822', 'jtang10', 'scrain', 'aishsingh', 'ellieyan', 'yingou1', 'captiva34', 'kelihui1', 'azamatm', 'koppula2', 'miuz9010', 'xiruihe1', 'shangyee', 'blackbu3', 'dbieli2', 'amill676', 'kiebles1', 'freeckj1003', 'danqiye1', 'gujral1', 'j.bohmbach', 'magerko1', 'david.walder', 'tath', 'darrenchen', 'plam5', 'kolthof1', 'penis', 'hmwu2', 'nadisco3', 'jlee3725', 'flybywire91', 'dresche1', 'ahoag']",4,"['kwulph', 'akgun1', None, 'kleyweg1']",130,"['paulwite', 'smith228', 'shuotian', 'mikebarsaloux', 'perpetual89', 'zhou62', 'kirihar1', 'zouhair2', 'wlee85', 'lufthansa92', 'malak577', 'koksal2', 'yezichao', 'hershedtilak', 'page10', 'broll1', 'li151', 'eliu0117', 'chenhu1', 'brinkmanship', 'fajardo1', 'ruichen77', 'baker32', 'newell1', 'joe510784', 'chao16', 'smsaladi', 'wasdfa', 'zeng17', 'bfbygfgy', 'mrabe17', 'hh22191', 'ljb0928', 'rpark216', 'adambubar', 'yiumingh', 'xp19375', 'akgun1', 'bcvaugh2', 'fhsiao2', 'mattstery', 'temperlancer', 'gerth2', 'dee7291', 'stys66', 'slee18', 'onurgur1', 'yding16', 'godard1', 'gurbaazsidhu', 'smetana4', 'hilgers3', 'doidge1', 'abcdef', 'nshafi3', 'tielong', 'sarwal1', 'mohamme3', 'niebrug1', 'callant1', 'kamman2', 'xliu79', 'bradsnyder', 'rossdwolf', 'yuyan1', 'nlowrey', 'andri', 'chang190', 'jordan336', 'ajstreed', 'k912323', 'condon3', 'jvanderwoude', 'chovelice', 'guitaristzhang', 'mole3691', 'kleyweg1', 'lai35', 'lin189', 'sudzi781', '54hi0', 'zhang354', 'dedios1', 'yjiang40', 'trovill1', 'caroldd', 'kelpler', 'jefflawrence', 'cbulgarelli', 'jfuizzle', 'yang82', 'yang160', 'luokaihang0822', 'jtang10', 'scrain', 'aishsingh', 'ellieyan', 'yingou1', 'captiva34', 'kelihui1', 'azamatm', 'koppula2', 'miuz9010', 'xiruihe1', 'shangyee', 'blackbu3', 'dbieli2', 'amill676', 'eceece', 'kiebles1', 'freeckj1003', 'kao24', None, 'danqiye1', 'gujral1', 'j.bohmbach', 'magerko1', 'david.walder', 'tath', 'darrenchen', 'plam5', 'kolthof1', 'kwulph', 'penis', 'hmwu2', 'nadisco3', 'jlee3725', 'flybywire91', 'dresche1', 'ahoag']"
2,95,127,8,6,"['chenhu1', 'shuotian', 'kelpler', 'zhou62', 'mohamme3', 'yang160']",120,"['paulwite', 'smith228', 'mikebarsaloux', 'perpetual89', 'kirihar1', 'zouhair2', 'wlee85', 'lufthansa92', 'malak577', 'koksal2', 'yezichao', 'hershedtilak', 'page10', 'broll1', 'li151', 'eliu0117', 'brinkmanship', 'fajardo1', 'ruichen77', 'baker32', 'newell1', 'joe510784', 'chao16', 'smsaladi', 'wasdfa', 'zeng17', 'bfbygfgy', 'mrabe17', 'hh22191', 'ljb0928', 'rpark216', 'adambubar', 'yiumingh', 'xp19375', 'bcvaugh2', 'fhsiao2', 'mattstery', 'temperlancer', 'gerth2', 'dee7291', 'stys66', 'slee18', 'onurgur1', 'yding16', 'godard1', 'gurbaazsidhu', 'smetana4', 'hilgers3', 'doidge1', 'abcdef', 'nshafi3', 'tielong', 'sarwal1', 'niebrug1', 'callant1', 'kamman2', 'xliu79', 'bradsnyder', 'rossdwolf', 'yuyan1', 'nlowrey', 'andri', 'chang190', 'jordan336', 'ajstreed', 'k912323', 'condon3', 'jvanderwoude', 'chovelice', 'guitaristzhang', 'mole3691', 'lai35', 'lin189', 'sudzi781', '54hi0', 'zhang354', 'dedios1', 'yjiang40', 'trovill1', 'caroldd', 'jefflawrence', 'cbulgarelli', 'jfuizzle', 'yang82', 'luokaihang0822', 'jtang10', 'scrain', 'aishsingh', 'ellieyan', 'yingou1', 'captiva34', 'kelihui1', 'azamatm', 'koppula2', 'miuz9010', 'xiruihe1', 'shangyee', 'blackbu3', 'dbieli2', 'amill676', 'eceece', 'kiebles1', 'freeckj1003', 'kao24', 'danqiye1', 'gujral1', 'j.bohmbach', 'magerko1', 'david.walder', 'tath', 'darrenchen', 'plam5', 'kolthof1', 'penis', 'hmwu2', 'nadisco3', 'jlee3725', 'flybywire91', 'dresche1', 'ahoag']",2,"[None, 'qizhao1']",128,"['paulwite', 'smith228', 'shuotian', 'mikebarsaloux', 'perpetual89', 'zhou62', 'kirihar1', 'zouhair2', 'wlee85', 'lufthansa92', 'malak577', 'koksal2', 'yezichao', 'hershedtilak', 'page10', 'broll1', 'li151', 'eliu0117', 'chenhu1', 'brinkmanship', 'fajardo1', 'ruichen77', 'baker32', 'newell1', 'joe510784', 'chao16', 'smsaladi', 'wasdfa', 'zeng17', 'bfbygfgy', 'mrabe17', 'hh22191', 'ljb0928', 'rpark216', 'adambubar', 'yiumingh', 'xp19375', 'bcvaugh2', 'fhsiao2', 'mattstery', 'temperlancer', 'gerth2', 'dee7291', 'stys66', 'slee18', 'onurgur1', 'yding16', 'godard1', 'gurbaazsidhu', 'smetana4', 'hilgers3', 'doidge1', 'abcdef', 'nshafi3', 'tielong', 'sarwal1', 'mohamme3', 'niebrug1', 'callant1', 'kamman2', 'xliu79', 'bradsnyder', 'rossdwolf', 'yuyan1', 'nlowrey', 'andri', 'chang190', 'jordan336', 'ajstreed', 'k912323', 'condon3', 'jvanderwoude', 'chovelice', 'guitaristzhang', 'mole3691', 'qizhao1', 'lai35', 'lin189', 'sudzi781', '54hi0', 'zhang354', 'dedios1', 'yjiang40', 'trovill1', 'caroldd', 'kelpler', 'jefflawrence', 'cbulgarelli', 'jfuizzle', 'yang82', 'yang160', 'luokaihang0822', 'jtang10', 'scrain', 'aishsingh', 'ellieyan', 'yingou1', 'captiva34', 'kelihui1', 'azamatm', 'koppula2', 'miuz9010', 'xiruihe1', 'shangyee', 'blackbu3', 'dbieli2', 'amill676', 'eceece', 'kiebles1', 'freeckj1003', 'kao24', None, 'danqiye1', 'gujral1', 'j.bohmbach', 'magerko1', 'david.walder', 'tath', 'darrenchen', 'plam5', 'kolthof1', 'penis', 'hmwu2', 'nadisco3', 'jlee3725', 'flybywire91', 'dresche1', 'ahoag']"
3,198,89,14,10,"['eminemcyz', 'rmitchell', 'raphir83', 'bweedon', 'chastneyj', 'shah47906', 'ander324', 'drbmnichols', 'vtsouris', 'a.kelkar1988']",78,"['jitjain2007', 'jliverman', 'psaharawat26', 'anilkg123', 'litirado', 'jdcai', 'haiamehs', 'subhodhk', 's.zuercher', 'phrhbs', 'volk', 'jpguin', 'alejandroyro1', 'jeg3rd', 'raghav245', 'zepolitat', 'starboy612', 'pbh1', 'lhimes00', 'ninabalke', 'pankajlande', 'jaljavi', 'jaya0046', 'briggs.277', 'asquinn', 'dubreuil', 'olallanf', 'jmelcher', 'gfmeyers', 'cbprater', 'joanavp', 'rajeshwari18', 'zijaytang', 'jasonbrotherton', 'sunjianjohn', 'xinfeng', 'gao86', 'bpittenger', 'techaryan', 'abermudez', 'gerre22', 'kevin8', 'nanocarfuh', 'lasciel', 'brookebeam', 'dmsteffen', 'yuexieguxiang', 'phillec', 'peachfishb', 'ahsan1170', 'freddygdelpozo', 'nilaykdoshi', 'danieladaniela', 'terzici', 'tejasvi', 'floydm', 'jgrabow', 'm.badr_44', 'josepfontteixido', 'rajeshwar1234', 'hacox', 'vinaygbabu', 'hilbertj', 'kittymum', 'skillers', 'jg', 'diyaa2011', 'phd', 'waters5', 'jain28', 'jianwang313', 'antlab', 'ichak', 'fuchs', 'chourasiaanil', 'czehrung', 'lunamyth0126', 'petrformanek']",4,"[None, 'reifenberger', 'wen7631464', 'balasus']",92,"['jitjain2007', 'jliverman', 'psaharawat26', 'raphir83', 'anilkg123', 'litirado', 'jdcai', 'haiamehs', 'subhodhk', 's.zuercher', 'phrhbs', 'volk', 'jpguin', 'alejandroyro1', 'jeg3rd', 'raghav245', 'zepolitat', 'starboy612', 'pbh1', 'lhimes00', 'ninabalke', 'pankajlande', 'jaljavi', 'vtsouris', 'jaya0046', 'briggs.277', 'asquinn', 'reifenberger', 'dubreuil', 'olallanf', 'jmelcher', 'gfmeyers', 'cbprater', 'balasus', 'joanavp', 'rajeshwari18', 'eminemcyz', 'zijaytang', 'jasonbrotherton', 'sunjianjohn', 'xinfeng', 'gao86', 'bpittenger', 'techaryan', 'abermudez', 'gerre22', 'kevin8', 'nanocarfuh', 'wen7631464', 'lasciel', 'brookebeam', 'dmsteffen', 'yuexieguxiang', 'phillec', 'ander324', 'peachfishb', 'a.kelkar1988', 'drbmnichols', 'ahsan1170', 'freddygdelpozo', 'nilaykdoshi', 'bweedon', 'danieladaniela', 'terzici', 'tejasvi', 'floydm', 'jgrabow', 'm.badr_44', 'rmitchell', 'josepfontteixido', 'rajeshwar1234', 'hacox', 'vinaygbabu', 'hilbertj', 'kittymum', 'skillers', 'jg', 'diyaa2011', None, 'phd', 'waters5', 'jain28', 'jianwang313', 'antlab', 'ichak', 'chastneyj', 'shah47906', 'fuchs', 'chourasiaanil', 'czehrung', 'lunamyth0126', 'petrformanek']"
3,194,89,11,7,"['rajeshwari18', 'rajeshwar1234', 'psaharawat26', 'anilkg123', 'subhodhk', 'pankajlande', 'techaryan']",81,"['jitjain2007', 'jliverman', 'raphir83', 'litirado', 'jdcai', 'haiamehs', 's.zuercher', 'phrhbs', 'volk', 'jpguin', 'alejandroyro1', 'jeg3rd', 'raghav245', 'zepolitat', 'starboy612', 'pbh1', 'lhimes00', 'ninabalke', 'jaljavi', 'vtsouris', 'jaya0046', 'briggs.277', 'asquinn', 'dubreuil', 'olallanf', 'jmelcher', 'gfmeyers', 'cbprater', 'joanavp', 'eminemcyz', 'zijaytang', 'jasonbrotherton', 'sunjianjohn', 'xinfeng', 'gao86', 'bpittenger', 'abermudez', 'gerre22', 'kevin8', 'nanocarfuh', 'lasciel', 'brookebeam', 'dmsteffen', 'yuexieguxiang', 'phillec', 'ander324', 'peachfishb', 'a.kelkar1988', 'drbmnichols', 'ahsan1170', 'freddygdelpozo', 'nilaykdoshi', 'bweedon', 'danieladaniela', 'terzici', 'tejasvi', 'floydm', 'jgrabow', 'm.badr_44', 'rmitchell', 'josepfontteixido', 'hacox', 'vinaygbabu', 'hilbertj', 'kittymum', 'skillers', 'jg', 'diyaa2011', 'phd', 'waters5', 'jain28', 'jianwang313', 'antlab', 'ichak', 'chastneyj', 'shah47906', 'fuchs', 'chourasiaanil', 'czehrung', 'lunamyth0126', 'petrformanek']",4,"['vinothr', 'rifat.kamarudheen', None, 'kdeshmukh3']",92,"['jitjain2007', 'jliverman', 'psaharawat26', 'raphir83', 'anilkg123', 'litirado', 'jdcai', 'haiamehs', 'subhodhk', 's.zuercher', 'phrhbs', 'volk', 'jpguin', 'alejandroyro1', 'jeg3rd', 'raghav245', 'zepolitat', 'starboy612', 'pbh1', 'lhimes00', 'ninabalke', 'pankajlande', 'jaljavi', 'vtsouris', 'jaya0046', 'briggs.277', 'asquinn', 'dubreuil', 'olallanf', 'jmelcher', 'gfmeyers', 'cbprater', 'joanavp', 'rajeshwari18', 'eminemcyz', 'zijaytang', 'jasonbrotherton', 'sunjianjohn', 'xinfeng', 'gao86', 'bpittenger', 'techaryan', 'abermudez', 'gerre22', 'kevin8', 'nanocarfuh', 'lasciel', 'brookebeam', 'dmsteffen', 'rifat.kamarudheen', 'yuexieguxiang', 'phillec', 'ander324', 'peachfishb', 'a.kelkar1988', 'drbmnichols', 'ahsan1170', 'vinothr', 'freddygdelpozo', 'nilaykdoshi', 'bweedon', 'danieladaniela', 'terzici', 'tejasvi', 'floydm', 'jgrabow', 'm.badr_44', 'rmitchell', 'josepfontteixido', 'rajeshwar1234', 'hacox', 'vinaygbabu', 'hilbertj', 'kittymum', 'kdeshmukh3', 'skillers', 'jg', 'diyaa2011', None, 'phd', 'waters5', 'jain28', 'jianwang313', 'antlab', 'ichak', 'chastneyj', 'shah47906', 'fuchs', 'chourasiaanil', 'czehrung', 'lunamyth0126', 'petrformanek']"
3,195,89,8,7,"['eminemcyz', 'jgrabow', 'chastneyj', 'gfmeyers', 'shah47906', 'ninabalke', 'a.kelkar1988']",81,"['jitjain2007', 'jliverman', 'psaharawat26', 'raphir83', 'anilkg123', 'litirado', 'jdcai', 'haiamehs', 'subhodhk', 's.zuercher', 'phrhbs', 'volk', 'jpguin', 'alejandroyro1', 'jeg3rd', 'raghav245', 'zepolitat', 'starboy612', 'pbh1', 'lhimes00', 'pankajlande', 'jaljavi', 'vtsouris', 'jaya0046', 'briggs.277', 'asquinn', 'dubreuil', 'olallanf', 'jmelcher', 'cbprater', 'joanavp', 'rajeshwari18', 'zijaytang', 'jasonbrotherton', 'sunjianjohn', 'xinfeng', 'gao86', 'bpittenger', 'techaryan', 'abermudez', 'gerre22', 'kevin8', 'nanocarfuh', 'lasciel', 'brookebeam', 'dmsteffen', 'yuexieguxiang', 'phillec', 'ander324', 'peachfishb', 'drbmnichols', 'ahsan1170', 'freddygdelpozo', 'nilaykdoshi', 'bweedon', 'danieladaniela', 'terzici', 'tejasvi', 'floydm', 'm.badr_44', 'rmitchell', 'josepfontteixido', 'rajeshwar1234', 'hacox', 'vinaygbabu', 'hilbertj', 'kittymum', 'skillers', 'jg', 'diyaa2011', 'phd', 'waters5', 'jain28', 'jianwang313', 'antlab', 'ichak', 'fuchs', 'chourasiaanil', 'czehrung', 'lunamyth0126', 'petrformanek']",1,[None],89,"['jitjain2007', 'jliverman', 'psaharawat26', 'raphir83', 'anilkg123', 'litirado', 'jdcai', 'haiamehs', 'subhodhk', 's.zuercher', 'phrhbs', 'volk', 'jpguin', 'alejandroyro1', 'jeg3rd', 'raghav245', 'zepolitat', 'starboy612', 'pbh1', 'lhimes00', 'ninabalke', 'pankajlande', 'jaljavi', 'vtsouris', 'jaya0046', 'briggs.277', 'asquinn', 'dubreuil', 'olallanf', 'jmelcher', 'gfmeyers', 'cbprater', 'joanavp', 'rajeshwari18', 'eminemcyz', 'zijaytang', 'jasonbrotherton', 'sunjianjohn', 'xinfeng', 'gao86', 'bpittenger', 'techaryan', 'abermudez', 'gerre22', 'kevin8', 'nanocarfuh', 'lasciel', 'brookebeam', 'dmsteffen', 'yuexieguxiang', 'phillec', 'ander324', 'peachfishb', 'a.kelkar1988', 'drbmnichols', 'ahsan1170', 'freddygdelpozo', 'nilaykdoshi', 'bweedon', 'danieladaniela', 'terzici', 'tejasvi', 'floydm', 'jgrabow', 'm.badr_44', 'rmitchell', 'josepfontteixido', 'rajeshwar1234', 'hacox', 'vinaygbabu', 'hilbertj', 'kittymum', 'skillers', 'jg', 'diyaa2011', None, 'phd', 'waters5', 'jain28', 'jianwang313', 'antlab', 'ichak', 'chastneyj', 'shah47906', 'fuchs', 'chourasiaanil', 'czehrung', 'lunamyth0126', 'petrformanek']"
3,199,89,8,4,"['anilkg123', 'rajeshwari18', 'pankajlande', 'psaharawat26']",84,"['jitjain2007', 'jliverman', 'raphir83', 'litirado', 'jdcai', 'haiamehs', 'subhodhk', 's.zuercher', 'phrhbs', 'volk', 'jpguin', 'alejandroyro1', 'jeg3rd', 'raghav245', 'zepolitat', 'starboy612', 'pbh1', 'lhimes00', 'ninabalke', 'jaljavi', 'vtsouris', 'jaya0046', 'briggs.277', 'asquinn', 'dubreuil', 'olallanf', 'jmelcher', 'gfmeyers', 'cbprater', 'joanavp', 'eminemcyz', 'zijaytang', 'jasonbrotherton', 'sunjianjohn', 'xinfeng', 'gao86', 'bpittenger', 'techaryan', 'abermudez', 'gerre22', 'kevin8', 'nanocarfuh', 'lasciel', 'brookebeam', 'dmsteffen', 'yuexieguxiang', 'phillec', 'ander324', 'peachfishb', 'a.kelkar1988', 'drbmnichols', 'ahsan1170', 'freddygdelpozo', 'nilaykdoshi', 'bweedon', 'danieladaniela', 'terzici', 'tejasvi', 'floydm', 'jgrabow', 'm.badr_44', 'rmitchell', 'josepfontteixido', 'rajeshwar1234', 'hacox', 'vinaygbabu', 'hilbertj', 'kittymum', 'skillers', 'jg', 'diyaa2011', 'phd', 'waters5', 'jain28', 'jianwang313', 'antlab', 'ichak', 'chastneyj', 'shah47906', 'fuchs', 'chourasiaanil', 'czehrung', 'lunamyth0126', 'petrformanek']",4,"['vinothr', 'rifat.kamarudheen', None, 'kdeshmukh3']",92,"['jitjain2007', 'jliverman', 'psaharawat26', 'raphir83', 'anilkg123', 'litirado', 'jdcai', 'haiamehs', 'subhodhk', 's.zuercher', 'phrhbs', 'volk', 'jpguin', 'alejandroyro1', 'jeg3rd', 'raghav245', 'zepolitat', 'starboy612', 'pbh1', 'lhimes00', 'ninabalke', 'pankajlande', 'jaljavi', 'vtsouris', 'jaya0046', 'briggs.277', 'asquinn', 'dubreuil', 'olallanf', 'jmelcher', 'gfmeyers', 'cbprater', 'joanavp', 'rajeshwari18', 'eminemcyz', 'zijaytang', 'jasonbrotherton', 'sunjianjohn', 'xinfeng', 'gao86', 'bpittenger', 'techaryan', 'abermudez', 'gerre22', 'kevin8', 'nanocarfuh', 'lasciel', 'brookebeam', 'dmsteffen', 'rifat.kamarudheen', 'yuexieguxiang', 'phillec', 'ander324', 'peachfishb', 'a.kelkar1988', 'drbmnichols', 'ahsan1170', 'vinothr', 'freddygdelpozo', 'nilaykdoshi', 'bweedon', 'danieladaniela', 'terzici', 'tejasvi', 'floydm', 'jgrabow', 'm.badr_44', 'rmitchell', 'josepfontteixido', 'rajeshwar1234', 'hacox', 'vinaygbabu', 'hilbertj', 'kittymum', 'kdeshmukh3', 'skillers', 'jg', 'diyaa2011', None, 'phd', 'waters5', 'jain28', 'jianwang313', 'antlab', 'ichak', 'chastneyj', 'shah47906', 'fuchs', 'chourasiaanil', 'czehrung', 'lunamyth0126', 'petrformanek']"
3,202,89,8,6,"['eminemcyz', 'waters5', 'shah47906', 'ander324', 'czehrung', 'a.kelkar1988']",82,"['jitjain2007', 'jliverman', 'psaharawat26', 'raphir83', 'anilkg123', 'litirado', 'jdcai', 'haiamehs', 'subhodhk', 's.zuercher', 'phrhbs', 'volk', 'jpguin', 'alejandroyro1', 'jeg3rd', 'raghav245', 'zepolitat', 'starboy612', 'pbh1', 'lhimes00', 'ninabalke', 'pankajlande', 'jaljavi', 'vtsouris', 'jaya0046', 'briggs.277', 'asquinn', 'dubreuil', 'olallanf', 'jmelcher', 'gfmeyers', 'cbprater', 'joanavp', 'rajeshwari18', 'zijaytang', 'jasonbrotherton', 'sunjianjohn', 'xinfeng', 'gao86', 'bpittenger', 'techaryan', 'abermudez', 'gerre22', 'kevin8', 'nanocarfuh', 'lasciel', 'brookebeam', 'dmsteffen', 'yuexieguxiang', 'phillec', 'peachfishb', 'drbmnichols', 'ahsan1170', 'freddygdelpozo', 'nilaykdoshi', 'bweedon', 'danieladaniela', 'terzici', 'tejasvi', 'floydm', 'jgrabow', 'm.badr_44', 'rmitchell', 'josepfontteixido', 'rajeshwar1234', 'hacox', 'vinaygbabu', 'hilbertj', 'kittymum', 'skillers', 'jg', 'diyaa2011', 'phd', 'jain28', 'jianwang313', 'antlab', 'ichak', 'chastneyj', 'fuchs', 'chourasiaanil', 'lunamyth0126', 'petrformanek']",2,"['nanohueb', None]",90,"['jitjain2007', 'jliverman', 'psaharawat26', 'raphir83', 'anilkg123', 'litirado', 'jdcai', 'haiamehs', 'subhodhk', 's.zuercher', 'phrhbs', 'volk', 'jpguin', 'alejandroyro1', 'jeg3rd', 'raghav245', 'zepolitat', 'starboy612', 'pbh1', 'lhimes00', 'ninabalke', 'pankajlande', 'jaljavi', 'vtsouris', 'jaya0046', 'briggs.277', 'asquinn', 'dubreuil', 'olallanf', 'jmelcher', 'gfmeyers', 'cbprater', 'joanavp', 'rajeshwari18', 'eminemcyz', 'zijaytang', 'jasonbrotherton', 'sunjianjohn', 'xinfeng', 'gao86', 'bpittenger', 'techaryan', 'abermudez', 'gerre22', 'nanohueb', 'kevin8', 'nanocarfuh', 'lasciel', 'brookebeam', 'dmsteffen', 'yuexieguxiang', 'phillec', 'ander324', 'peachfishb', 'a.kelkar1988', 'drbmnichols', 'ahsan1170', 'freddygdelpozo', 'nilaykdoshi', 'bweedon', 'danieladaniela', 'terzici', 'tejasvi', 'floydm', 'jgrabow', 'm.badr_44', 'rmitchell', 'josepfontteixido', 'rajeshwar1234', 'hacox', 'vinaygbabu', 'hilbertj', 'kittymum', 'skillers', 'jg', 'diyaa2011', None, 'phd', 'waters5', 'jain28', 'jianwang313', 'antlab', 'ichak', 'chastneyj', 'shah47906', 'fuchs', 'chourasiaanil', 'czehrung', 'lunamyth0126', 'petrformanek']"
3,193,89,7,5,"['jitjain2007', 'jain28', 'shah47906', 'gao86', 'vtsouris']",83,"['jliverman', 'psaharawat26', 'raphir83', 'anilkg123', 'litirado', 'jdcai', 'haiamehs', 'subhodhk', 's.zuercher', 'phrhbs', 'volk', 'jpguin', 'alejandroyro1', 'jeg3rd', 'raghav245', 'zepolitat', 'starboy612', 'pbh1', 'lhimes00', 'ninabalke', 'pankajlande', 'jaljavi', 'jaya0046', 'briggs.277', 'asquinn', 'dubreuil', 'olallanf', 'jmelcher', 'gfmeyers', 'cbprater', 'joanavp', 'rajeshwari18', 'eminemcyz', 'zijaytang', 'jasonbrotherton', 'sunjianjohn', 'xinfeng', 'bpittenger', 'techaryan', 'abermudez', 'gerre22', 'kevin8', 'nanocarfuh', 'lasciel', 'brookebeam', 'dmsteffen', 'yuexieguxiang', 'phillec', 'ander324', 'peachfishb', 'a.kelkar1988', 'drbmnichols', 'ahsan1170', 'freddygdelpozo', 'nilaykdoshi', 'bweedon', 'danieladaniela', 'terzici', 'tejasvi', 'floydm', 'jgrabow', 'm.badr_44', 'rmitchell', 'josepfontteixido', 'rajeshwar1234', 'hacox', 'vinaygbabu', 'hilbertj', 'kittymum', 'skillers', 'jg', 'diyaa2011', 'phd', 'waters5', 'jianwang313', 'antlab', 'ichak', 'chastneyj', 'fuchs', 'chourasiaanil', 'czehrung', 'lunamyth0126', 'petrformanek']",2,"[None, 'raman']",90,"['jitjain2007', 'jliverman', 'psaharawat26', 'raphir83', 'anilkg123', 'litirado', 'jdcai', 'haiamehs', 'subhodhk', 'raman', 's.zuercher', 'phrhbs', 'volk', 'jpguin', 'alejandroyro1', 'jeg3rd', 'raghav245', 'zepolitat', 'starboy612', 'pbh1', 'lhimes00', 'ninabalke', 'pankajlande', 'jaljavi', 'vtsouris', 'jaya0046', 'briggs.277', 'asquinn', 'dubreuil', 'olallanf', 'jmelcher', 'gfmeyers', 'cbprater', 'joanavp', 'rajeshwari18', 'eminemcyz', 'zijaytang', 'jasonbrotherton', 'sunjianjohn', 'xinfeng', 'gao86', 'bpittenger', 'techaryan', 'abermudez', 'gerre22', 'kevin8', 'nanocarfuh', 'lasciel', 'brookebeam', 'dmsteffen', 'yuexieguxiang', 'phillec', 'ander324', 'peachfishb', 'a.kelkar1988', 'drbmnichols', 'ahsan1170', 'freddygdelpozo', 'nilaykdoshi', 'bweedon', 'danieladaniela', 'terzici', 'tejasvi', 'floydm', 'jgrabow', 'm.badr_44', 'rmitchell', 'josepfontteixido', 'rajeshwar1234', 'hacox', 'vinaygbabu', 'hilbertj', 'kittymum', 'skillers', 'jg', 'diyaa2011', None, 'phd', 'waters5', 'jain28', 'jianwang313', 'antlab', 'ichak', 'chastneyj', 'shah47906', 'fuchs', 'chourasiaanil', 'czehrung', 'lunamyth0126', 'petrformanek']"
3,196,89,7,4,"['tejasvi', 'czehrung', 'jaya0046', 'dmsteffen']",84,"['jitjain2007', 'jliverman', 'psaharawat26', 'raphir83', 'anilkg123', 'litirado', 'jdcai', 'haiamehs', 'subhodhk', 's.zuercher', 'phrhbs', 'volk', 'jpguin', 'alejandroyro1', 'jeg3rd', 'raghav245', 'zepolitat', 'starboy612', 'pbh1', 'lhimes00', 'ninabalke', 'pankajlande', 'jaljavi', 'vtsouris', 'briggs.277', 'asquinn', 'dubreuil', 'olallanf', 'jmelcher', 'gfmeyers', 'cbprater', 'joanavp', 'rajeshwari18', 'eminemcyz', 'zijaytang', 'jasonbrotherton', 'sunjianjohn', 'xinfeng', 'gao86', 'bpittenger', 'techaryan', 'abermudez', 'gerre22', 'kevin8', 'nanocarfuh', 'lasciel', 'brookebeam', 'yuexieguxiang', 'phillec', 'ander324', 'peachfishb', 'a.kelkar1988', 'drbmnichols', 'ahsan1170', 'freddygdelpozo', 'nilaykdoshi', 'bweedon', 'danieladaniela', 'terzici', 'floydm', 'jgrabow', 'm.badr_44', 'rmitchell', 'josepfontteixido', 'rajeshwar1234', 'hacox', 'vinaygbabu', 'hilbertj', 'kittymum', 'skillers', 'jg', 'diyaa2011', 'phd', 'waters5', 'jain28', 'jianwang313', 'antlab', 'ichak', 'chastneyj', 'shah47906', 'fuchs', 'chourasiaanil', 'lunamyth0126', 'petrformanek']",3,"[None, 'raman', 'balasus']",91,"['jitjain2007', 'jliverman', 'psaharawat26', 'raphir83', 'anilkg123', 'litirado', 'jdcai', 'haiamehs', 'subhodhk', 'raman', 's.zuercher', 'phrhbs', 'volk', 'jpguin', 'alejandroyro1', 'jeg3rd', 'raghav245', 'zepolitat', 'starboy612', 'pbh1', 'lhimes00', 'ninabalke', 'pankajlande', 'jaljavi', 'vtsouris', 'jaya0046', 'briggs.277', 'asquinn', 'dubreuil', 'olallanf', 'jmelcher', 'gfmeyers', 'cbprater', 'balasus', 'joanavp', 'rajeshwari18', 'eminemcyz', 'zijaytang', 'jasonbrotherton', 'sunjianjohn', 'xinfeng', 'gao86', 'bpittenger', 'techaryan', 'abermudez', 'gerre22', 'kevin8', 'nanocarfuh', 'lasciel', 'brookebeam', 'dmsteffen', 'yuexieguxiang', 'phillec', 'ander324', 'peachfishb', 'a.kelkar1988', 'drbmnichols', 'ahsan1170', 'freddygdelpozo', 'nilaykdoshi', 'bweedon', 'danieladaniela', 'terzici', 'tejasvi', 'floydm', 'jgrabow', 'm.badr_44', 'rmitchell', 'josepfontteixido', 'rajeshwar1234', 'hacox', 'vinaygbabu', 'hilbertj', 'kittymum', 'skillers', 'jg', 'diyaa2011', None, 'phd', 'waters5', 'jain28', 'jianwang313', 'antlab', 'ichak', 'chastneyj', 'shah47906', 'fuchs', 'chourasiaanil', 'czehrung', 'lunamyth0126', 'petrformanek']"
3,197,89,7,5,"['raphir83', 'dmsteffen', 'jmelcher', 'shah47906', 'gao86']",83,"['jitjain2007', 'jliverman', 'psaharawat26', 'anilkg123', 'litirado', 'jdcai', 'haiamehs', 'subhodhk', 's.zuercher', 'phrhbs', 'volk', 'jpguin', 'alejandroyro1', 'jeg3rd', 'raghav245', 'zepolitat', 'starboy612', 'pbh1', 'lhimes00', 'ninabalke', 'pankajlande', 'jaljavi', 'vtsouris', 'jaya0046', 'briggs.277', 'asquinn', 'dubreuil', 'olallanf', 'gfmeyers', 'cbprater', 'joanavp', 'rajeshwari18', 'eminemcyz', 'zijaytang', 'jasonbrotherton', 'sunjianjohn', 'xinfeng', 'bpittenger', 'techaryan', 'abermudez', 'gerre22', 'kevin8', 'nanocarfuh', 'lasciel', 'brookebeam', 'yuexieguxiang', 'phillec', 'ander324', 'peachfishb', 'a.kelkar1988', 'drbmnichols', 'ahsan1170', 'freddygdelpozo', 'nilaykdoshi', 'bweedon', 'danieladaniela', 'terzici', 'tejasvi', 'floydm', 'jgrabow', 'm.badr_44', 'rmitchell', 'josepfontteixido', 'rajeshwar1234', 'hacox', 'vinaygbabu', 'hilbertj', 'kittymum', 'skillers', 'jg', 'diyaa2011', 'phd', 'waters5', 'jain28', 'jianwang313', 'antlab', 'ichak', 'chastneyj', 'fuchs', 'chourasiaanil', 'czehrung', 'lunamyth0126', 'petrformanek']",2,"[None, 'raman']",90,"['jitjain2007', 'jliverman', 'psaharawat26', 'raphir83', 'anilkg123', 'litirado', 'jdcai', 'haiamehs', 'subhodhk', 'raman', 's.zuercher', 'phrhbs', 'volk', 'jpguin', 'alejandroyro1', 'jeg3rd', 'raghav245', 'zepolitat', 'starboy612', 'pbh1', 'lhimes00', 'ninabalke', 'pankajlande', 'jaljavi', 'vtsouris', 'jaya0046', 'briggs.277', 'asquinn', 'dubreuil', 'olallanf', 'jmelcher', 'gfmeyers', 'cbprater', 'joanavp', 'rajeshwari18', 'eminemcyz', 'zijaytang', 'jasonbrotherton', 'sunjianjohn', 'xinfeng', 'gao86', 'bpittenger', 'techaryan', 'abermudez', 'gerre22', 'kevin8', 'nanocarfuh', 'lasciel', 'brookebeam', 'dmsteffen', 'yuexieguxiang', 'phillec', 'ander324', 'peachfishb', 'a.kelkar1988', 'drbmnichols', 'ahsan1170', 'freddygdelpozo', 'nilaykdoshi', 'bweedon', 'danieladaniela', 'terzici', 'tejasvi', 'floydm', 'jgrabow', 'm.badr_44', 'rmitchell', 'josepfontteixido', 'rajeshwar1234', 'hacox', 'vinaygbabu', 'hilbertj', 'kittymum', 'skillers', 'jg', 'diyaa2011', None, 'phd', 'waters5', 'jain28', 'jianwang313', 'antlab', 'ichak', 'chastneyj', 'shah47906', 'fuchs', 'chourasiaanil', 'czehrung', 'lunamyth0126', 'petrformanek']"
3,201,89,7,5,"['jain28', 'shah47906', 'ander324', 'czehrung', 'a.kelkar1988']",83,"['jitjain2007', 'jliverman', 'psaharawat26', 'raphir83', 'anilkg123', 'litirado', 'jdcai', 'haiamehs', 'subhodhk', 's.zuercher', 'phrhbs', 'volk', 'jpguin', 'alejandroyro1', 'jeg3rd', 'raghav245', 'zepolitat', 'starboy612', 'pbh1', 'lhimes00', 'ninabalke', 'pankajlande', 'jaljavi', 'vtsouris', 'jaya0046', 'briggs.277', 'asquinn', 'dubreuil', 'olallanf', 'jmelcher', 'gfmeyers', 'cbprater', 'joanavp', 'rajeshwari18', 'eminemcyz', 'zijaytang', 'jasonbrotherton', 'sunjianjohn', 'xinfeng', 'gao86', 'bpittenger', 'techaryan', 'abermudez', 'gerre22', 'kevin8', 'nanocarfuh', 'lasciel', 'brookebeam', 'dmsteffen', 'yuexieguxiang', 'phillec', 'peachfishb', 'drbmnichols', 'ahsan1170', 'freddygdelpozo', 'nilaykdoshi', 'bweedon', 'danieladaniela', 'terzici', 'tejasvi', 'floydm', 'jgrabow', 'm.badr_44', 'rmitchell', 'josepfontteixido', 'rajeshwar1234', 'hacox', 'vinaygbabu', 'hilbertj', 'kittymum', 'skillers', 'jg', 'diyaa2011', 'phd', 'waters5', 'jianwang313', 'antlab', 'ichak', 'chastneyj', 'fuchs', 'chourasiaanil', 'lunamyth0126', 'petrformanek']",2,"['reifenberger', None]",90,"['jitjain2007', 'jliverman', 'psaharawat26', 'raphir83', 'anilkg123', 'litirado', 'jdcai', 'haiamehs', 'subhodhk', 's.zuercher', 'phrhbs', 'volk', 'jpguin', 'alejandroyro1', 'jeg3rd', 'raghav245', 'zepolitat', 'starboy612', 'pbh1', 'lhimes00', 'ninabalke', 'pankajlande', 'jaljavi', 'vtsouris', 'jaya0046', 'briggs.277', 'asquinn', 'reifenberger', 'dubreuil', 'olallanf', 'jmelcher', 'gfmeyers', 'cbprater', 'joanavp', 'rajeshwari18', 'eminemcyz', 'zijaytang', 'jasonbrotherton', 'sunjianjohn', 'xinfeng', 'gao86', 'bpittenger', 'techaryan', 'abermudez', 'gerre22', 'kevin8', 'nanocarfuh', 'lasciel', 'brookebeam', 'dmsteffen', 'yuexieguxiang', 'phillec', 'ander324', 'peachfishb', 'a.kelkar1988', 'drbmnichols', 'ahsan1170', 'freddygdelpozo', 'nilaykdoshi', 'bweedon', 'danieladaniela', 'terzici', 'tejasvi', 'floydm', 'jgrabow', 'm.badr_44', 'rmitchell', 'josepfontteixido', 'rajeshwar1234', 'hacox', 'vinaygbabu', 'hilbertj', 'kittymum', 'skillers', 'jg', 'diyaa2011', None, 'phd', 'waters5', 'jain28', 'jianwang313', 'antlab', 'ichak', 'chastneyj', 'shah47906', 'fuchs', 'chourasiaanil', 'czehrung', 'lunamyth0126', 'petrformanek']"
3,204,89,7,4,"['pankajlande', 'rajeshwari18', 'vinaygbabu', 'psaharawat26']",84,"['jitjain2007', 'jliverman', 'raphir83', 'anilkg123', 'litirado', 'jdcai', 'haiamehs', 'subhodhk', 's.zuercher', 'phrhbs', 'volk', 'jpguin', 'alejandroyro1', 'jeg3rd', 'raghav245', 'zepolitat', 'starboy612', 'pbh1', 'lhimes00', 'ninabalke', 'jaljavi', 'vtsouris', 'jaya0046', 'briggs.277', 'asquinn', 'dubreuil', 'olallanf', 'jmelcher', 'gfmeyers', 'cbprater', 'joanavp', 'eminemcyz', 'zijaytang', 'jasonbrotherton', 'sunjianjohn', 'xinfeng', 'gao86', 'bpittenger', 'techaryan', 'abermudez', 'gerre22', 'kevin8', 'nanocarfuh', 'lasciel', 'brookebeam', 'dmsteffen', 'yuexieguxiang', 'phillec', 'ander324', 'peachfishb', 'a.kelkar1988', 'drbmnichols', 'ahsan1170', 'freddygdelpozo', 'nilaykdoshi', 'bweedon', 'danieladaniela', 'terzici', 'tejasvi', 'floydm', 'jgrabow', 'm.badr_44', 'rmitchell', 'josepfontteixido', 'rajeshwar1234', 'hacox', 'hilbertj', 'kittymum', 'skillers', 'jg', 'diyaa2011', 'phd', 'waters5', 'jain28', 'jianwang313', 'antlab', 'ichak', 'chastneyj', 'shah47906', 'fuchs', 'chourasiaanil', 'czehrung', 'lunamyth0126', 'petrformanek']",3,"['rifat.kamarudheen', None, 'kdeshmukh3']",91,"['jitjain2007', 'jliverman', 'psaharawat26', 'raphir83', 'anilkg123', 'litirado', 'jdcai', 'haiamehs', 'subhodhk', 's.zuercher', 'phrhbs', 'volk', 'jpguin', 'alejandroyro1', 'jeg3rd', 'raghav245', 'zepolitat', 'starboy612', 'pbh1', 'lhimes00', 'ninabalke', 'pankajlande', 'jaljavi', 'vtsouris', 'jaya0046', 'briggs.277', 'asquinn', 'dubreuil', 'olallanf', 'jmelcher', 'gfmeyers', 'cbprater', 'joanavp', 'rajeshwari18', 'eminemcyz', 'zijaytang', 'jasonbrotherton', 'sunjianjohn', 'xinfeng', 'gao86', 'bpittenger', 'techaryan', 'abermudez', 'gerre22', 'kevin8', 'nanocarfuh', 'lasciel', 'brookebeam', 'dmsteffen', 'rifat.kamarudheen', 'yuexieguxiang', 'phillec', 'ander324', 'peachfishb', 'a.kelkar1988', 'drbmnichols', 'ahsan1170', 'freddygdelpozo', 'nilaykdoshi', 'bweedon', 'danieladaniela', 'terzici', 'tejasvi', 'floydm', 'jgrabow', 'm.badr_44', 'rmitchell', 'josepfontteixido', 'rajeshwar1234', 'hacox', 'vinaygbabu', 'hilbertj', 'kittymum', 'kdeshmukh3', 'skillers', 'jg', 'diyaa2011', None, 'phd', 'waters5', 'jain28', 'jianwang313', 'antlab', 'ichak', 'chastneyj', 'shah47906', 'fuchs', 'chourasiaanil', 'czehrung', 'lunamyth0126', 'petrformanek']"
3,205,89,7,5,"['eminemcyz', 'briggs.277', 'chastneyj', 'vtsouris', 'a.kelkar1988']",83,"['jitjain2007', 'jliverman', 'psaharawat26', 'raphir83', 'anilkg123', 'litirado', 'jdcai', 'haiamehs', 'subhodhk', 's.zuercher', 'phrhbs', 'volk', 'jpguin', 'alejandroyro1', 'jeg3rd', 'raghav245', 'zepolitat', 'starboy612', 'pbh1', 'lhimes00', 'ninabalke', 'pankajlande', 'jaljavi', 'jaya0046', 'asquinn', 'dubreuil', 'olallanf', 'jmelcher', 'gfmeyers', 'cbprater', 'joanavp', 'rajeshwari18', 'zijaytang', 'jasonbrotherton', 'sunjianjohn', 'xinfeng', 'gao86', 'bpittenger', 'techaryan', 'abermudez', 'gerre22', 'kevin8', 'nanocarfuh', 'lasciel', 'brookebeam', 'dmsteffen', 'yuexieguxiang', 'phillec', 'ander324', 'peachfishb', 'drbmnichols', 'ahsan1170', 'freddygdelpozo', 'nilaykdoshi', 'bweedon', 'danieladaniela', 'terzici', 'tejasvi', 'floydm', 'jgrabow', 'm.badr_44', 'rmitchell', 'josepfontteixido', 'rajeshwar1234', 'hacox', 'vinaygbabu', 'hilbertj', 'kittymum', 'skillers', 'jg', 'diyaa2011', 'phd', 'waters5', 'jain28', 'jianwang313', 'antlab', 'ichak', 'shah47906', 'fuchs', 'chourasiaanil', 'czehrung', 'lunamyth0126', 'petrformanek']",2,"[None, 'balasus']",90,"['jitjain2007', 'jliverman', 'psaharawat26', 'raphir83', 'anilkg123', 'litirado', 'jdcai', 'haiamehs', 'subhodhk', 's.zuercher', 'phrhbs', 'volk', 'jpguin', 'alejandroyro1', 'jeg3rd', 'raghav245', 'zepolitat', 'starboy612', 'pbh1', 'lhimes00', 'ninabalke', 'pankajlande', 'jaljavi', 'vtsouris', 'jaya0046', 'briggs.277', 'asquinn', 'dubreuil', 'olallanf', 'jmelcher', 'gfmeyers', 'cbprater', 'balasus', 'joanavp', 'rajeshwari18', 'eminemcyz', 'zijaytang', 'jasonbrotherton', 'sunjianjohn', 'xinfeng', 'gao86', 'bpittenger', 'techaryan', 'abermudez', 'gerre22', 'kevin8', 'nanocarfuh', 'lasciel', 'brookebeam', 'dmsteffen', 'yuexieguxiang', 'phillec', 'ander324', 'peachfishb', 'a.kelkar1988', 'drbmnichols', 'ahsan1170', 'freddygdelpozo', 'nilaykdoshi', 'bweedon', 'danieladaniela', 'terzici', 'tejasvi', 'floydm', 'jgrabow', 'm.badr_44', 'rmitchell', 'josepfontteixido', 'rajeshwar1234', 'hacox', 'vinaygbabu', 'hilbertj', 'kittymum', 'skillers', 'jg', 'diyaa2011', None, 'phd', 'waters5', 'jain28', 'jianwang313', 'antlab', 'ichak', 'chastneyj', 'shah47906', 'fuchs', 'chourasiaanil', 'czehrung', 'lunamyth0126', 'petrformanek']"
3,206,89,7,5,"['eminemcyz', 'jain28', 'raphir83', 'ander324', 'a.kelkar1988']",83,"['jitjain2007', 'jliverman', 'psaharawat26', 'anilkg123', 'litirado', 'jdcai', 'haiamehs', 'subhodhk', 's.zuercher', 'phrhbs', 'volk', 'jpguin', 'alejandroyro1', 'jeg3rd', 'raghav245', 'zepolitat', 'starboy612', 'pbh1', 'lhimes00', 'ninabalke', 'pankajlande', 'jaljavi', 'vtsouris', 'jaya0046', 'briggs.277', 'asquinn', 'dubreuil', 'olallanf', 'jmelcher', 'gfmeyers', 'cbprater', 'joanavp', 'rajeshwari18', 'zijaytang', 'jasonbrotherton', 'sunjianjohn', 'xinfeng', 'gao86', 'bpittenger', 'techaryan', 'abermudez', 'gerre22', 'kevin8', 'nanocarfuh', 'lasciel', 'brookebeam', 'dmsteffen', 'yuexieguxiang', 'phillec', 'peachfishb', 'drbmnichols', 'ahsan1170', 'freddygdelpozo', 'nilaykdoshi', 'bweedon', 'danieladaniela', 'terzici', 'tejasvi', 'floydm', 'jgrabow', 'm.badr_44', 'rmitchell', 'josepfontteixido', 'rajeshwar1234', 'hacox', 'vinaygbabu', 'hilbertj', 'kittymum', 'skillers', 'jg', 'diyaa2011', 'phd', 'waters5', 'jianwang313', 'antlab', 'ichak', 'chastneyj', 'shah47906', 'fuchs', 'chourasiaanil', 'czehrung', 'lunamyth0126', 'petrformanek']",2,"[None, 'abuckles']",90,"['jitjain2007', 'jliverman', 'psaharawat26', 'raphir83', 'anilkg123', 'litirado', 'jdcai', 'haiamehs', 'subhodhk', 's.zuercher', 'phrhbs', 'volk', 'jpguin', 'alejandroyro1', 'jeg3rd', 'raghav245', 'zepolitat', 'starboy612', 'pbh1', 'lhimes00', 'ninabalke', 'pankajlande', 'jaljavi', 'vtsouris', 'jaya0046', 'briggs.277', 'asquinn', 'dubreuil', 'olallanf', 'jmelcher', 'gfmeyers', 'cbprater', 'joanavp', 'rajeshwari18', 'eminemcyz', 'zijaytang', 'jasonbrotherton', 'sunjianjohn', 'xinfeng', 'gao86', 'bpittenger', 'techaryan', 'abermudez', 'gerre22', 'kevin8', 'nanocarfuh', 'lasciel', 'brookebeam', 'dmsteffen', 'yuexieguxiang', 'phillec', 'ander324', 'peachfishb', 'a.kelkar1988', 'drbmnichols', 'ahsan1170', 'freddygdelpozo', 'nilaykdoshi', 'bweedon', 'abuckles', 'danieladaniela', 'terzici', 'tejasvi', 'floydm', 'jgrabow', 'm.badr_44', 'rmitchell', 'josepfontteixido', 'rajeshwar1234', 'hacox', 'vinaygbabu', 'hilbertj', 'kittymum', 'skillers', 'jg', 'diyaa2011', None, 'phd', 'waters5', 'jain28', 'jianwang313', 'antlab', 'ichak', 'chastneyj', 'shah47906', 'fuchs', 'chourasiaanil', 'czehrung', 'lunamyth0126', 'petrformanek']"
3,200,89,6,4,"['shah47906', 'vtsouris', 'raphir83', 'ander324']",84,"['jitjain2007', 'jliverman', 'psaharawat26', 'anilkg123', 'litirado', 'jdcai', 'haiamehs', 'subhodhk', 's.zuercher', 'phrhbs', 'volk', 'jpguin', 'alejandroyro1', 'jeg3rd', 'raghav245', 'zepolitat', 'starboy612', 'pbh1', 'lhimes00', 'ninabalke', 'pankajlande', 'jaljavi', 'jaya0046', 'briggs.277', 'asquinn', 'dubreuil', 'olallanf', 'jmelcher', 'gfmeyers', 'cbprater', 'joanavp', 'rajeshwari18', 'eminemcyz', 'zijaytang', 'jasonbrotherton', 'sunjianjohn', 'xinfeng', 'gao86', 'bpittenger', 'techaryan', 'abermudez', 'gerre22', 'kevin8', 'nanocarfuh', 'lasciel', 'brookebeam', 'dmsteffen', 'yuexieguxiang', 'phillec', 'peachfishb', 'a.kelkar1988', 'drbmnichols', 'ahsan1170', 'freddygdelpozo', 'nilaykdoshi', 'bweedon', 'danieladaniela', 'terzici', 'tejasvi', 'floydm', 'jgrabow', 'm.badr_44', 'rmitchell', 'josepfontteixido', 'rajeshwar1234', 'hacox', 'vinaygbabu', 'hilbertj', 'kittymum', 'skillers', 'jg', 'diyaa2011', 'phd', 'waters5', 'jain28', 'jianwang313', 'antlab', 'ichak', 'chastneyj', 'fuchs', 'chourasiaanil', 'czehrung', 'lunamyth0126', 'petrformanek']",2,"['reifenberger', None]",90,"['jitjain2007', 'jliverman', 'psaharawat26', 'raphir83', 'anilkg123', 'litirado', 'jdcai', 'haiamehs', 'subhodhk', 's.zuercher', 'phrhbs', 'volk', 'jpguin', 'alejandroyro1', 'jeg3rd', 'raghav245', 'zepolitat', 'starboy612', 'pbh1', 'lhimes00', 'ninabalke', 'pankajlande', 'jaljavi', 'vtsouris', 'jaya0046', 'briggs.277', 'asquinn', 'reifenberger', 'dubreuil', 'olallanf', 'jmelcher', 'gfmeyers', 'cbprater', 'joanavp', 'rajeshwari18', 'eminemcyz', 'zijaytang', 'jasonbrotherton', 'sunjianjohn', 'xinfeng', 'gao86', 'bpittenger', 'techaryan', 'abermudez', 'gerre22', 'kevin8', 'nanocarfuh', 'lasciel', 'brookebeam', 'dmsteffen', 'yuexieguxiang', 'phillec', 'ander324', 'peachfishb', 'a.kelkar1988', 'drbmnichols', 'ahsan1170', 'freddygdelpozo', 'nilaykdoshi', 'bweedon', 'danieladaniela', 'terzici', 'tejasvi', 'floydm', 'jgrabow', 'm.badr_44', 'rmitchell', 'josepfontteixido', 'rajeshwar1234', 'hacox', 'vinaygbabu', 'hilbertj', 'kittymum', 'skillers', 'jg', 'diyaa2011', None, 'phd', 'waters5', 'jain28', 'jianwang313', 'antlab', 'ichak', 'chastneyj', 'shah47906', 'fuchs', 'chourasiaanil', 'czehrung', 'lunamyth0126', 'petrformanek']"
4,181,72,54,49,"['zhu145', 'saagar.desai', 'pmarla', 'd3n731', 'jmpatz', 'li835', 'liu582', 'd7eame', 'jribeir', 'li704', 'howard54', 'ghycy15', 'cook51', 'brennanj', 'choiand90', 'zach0424', 'jkohl', 'mstandif', 'hkohrs', 'bcapano', 'enieman', 'dkatsadu', 'perez48', 'watson16', 'rstein1337', 'schult15', 'view1401', 'ssukhwal', 'hali', 'xcz423844553', 'hall85', 'max0ne', 'hkodali', 'thunderink', 'ikohli', 'tosinadeosun', 'maniclucky', 'chen653', 'dklouda', 'li569', 'zcondar', 'cheng60', 'khins10', 'xrshadow', 'traveller312', 'spouliquen', 'dalyp', 'foxk', 'eziofrancisco']",22,"['jhirschy', 'farrellb1', 'longparallel555', 'drosado', 'wcrabtre', 'ersilva', 'vagabond11', '3rocks', 'nicholsjosh', 'philli32', 'elightow', 'dorifuto.boi', 'chandanpatra', 'steffes', 'daltonmartinpurdue', 'mrajecki', 'tmt', 'zthomps', 'mobileprime', 'nmolo', 'csweeney', 'nanokrauser']",5,"['fischee', 'camyoung1234', 'abhignair', None, 'mtowers']",76,"['zhu145', 'pmarla', 'jhirschy', 'jmpatz', 'farrellb1', 'li835', 'd7eame', 'howard54', 'li704', 'cook51', 'hkohrs', 'choiand90', 'zach0424', 'brennanj', 'mstandif', 'ersilva', 'watson16', 'rstein1337', '3rocks', 'nicholsjosh', 'ssukhwal', 'hali', 'xcz423844553', 'philli32', 'elightow', 'max0ne', 'thunderink', 'tosinadeosun', 'steffes', 'maniclucky', 'tmt', 'zthomps', 'abhignair', 'mobileprime', 'zcondar', 'csweeney', 'nanokrauser', 'khins10', 'traveller312', 'enieman', 'dalyp', 'eziofrancisco', 'saagar.desai', 'd3n731', 'longparallel555', 'liu582', 'jribeir', 'drosado', 'wcrabtre', 'ghycy15', 'jkohl', 'bcapano', 'dkatsadu', 'perez48', 'vagabond11', 'schult15', 'view1401', 'fischee', 'hall85', 'hkodali', 'dorifuto.boi', 'chandanpatra', 'ikohli', 'daltonmartinpurdue', 'mrajecki', 'chen653', None, 'dklouda', 'camyoung1234', 'li569', 'nmolo', 'cheng60', 'xrshadow', 'spouliquen', 'foxk', 'mtowers']"
4,184,72,54,52,"['zhu145', 'saagar.desai', 'jhirschy', 'jmpatz', 'farrellb1', 'li835', 'liu582', 'd7eame', 'jribeir', 'drosado', 'wcrabtre', 'li704', 'howard54', 'ghycy15', 'jkohl', 'cook51', 'mstandif', 'zach0424', 'brennanj', 'hkohrs', 'choiand90', 'bcapano', 'enieman', 'dkatsadu', 'perez48', 'ersilva', 'vagabond11', 'rstein1337', 'schult15', 'view1401', 'nicholsjosh', 'hali', 'xcz423844553', 'philli32', 'hall85', 'max0ne', 'hkodali', 'thunderink', 'ikohli', 'tosinadeosun', 'mrajecki', 'maniclucky', 'chen653', 'dklouda', 'li569', 'zcondar', 'cheng60', 'nanokrauser', 'xrshadow', 'spouliquen', 'dalyp', 'foxk']",19,"['pmarla', 'd3n731', 'longparallel555', 'watson16', '3rocks', 'ssukhwal', 'elightow', 'dorifuto.boi', 'chandanpatra', 'steffes', 'daltonmartinpurdue', 'tmt', 'zthomps', 'mobileprime', 'nmolo', 'csweeney', 'khins10', 'traveller312', 'eziofrancisco']",2,"['camyoung1234', None]",73,"['zhu145', 'pmarla', 'jhirschy', 'jmpatz', 'farrellb1', 'li835', 'd7eame', 'howard54', 'li704', 'cook51', 'hkohrs', 'choiand90', 'zach0424', 'brennanj', 'mstandif', 'ersilva', 'watson16', 'rstein1337', '3rocks', 'nicholsjosh', 'ssukhwal', 'hali', 'xcz423844553', 'philli32', 'elightow', 'max0ne', 'thunderink', 'tosinadeosun', 'steffes', 'maniclucky', 'tmt', 'zthomps', 'mobileprime', 'zcondar', 'csweeney', 'nanokrauser', 'khins10', 'traveller312', 'enieman', 'dalyp', 'eziofrancisco', 'saagar.desai', 'd3n731', 'longparallel555', 'liu582', 'jribeir', 'drosado', 'wcrabtre', 'ghycy15', 'jkohl', 'bcapano', 'dkatsadu', 'perez48', 'vagabond11', 'schult15', 'view1401', 'hall85', 'hkodali', 'dorifuto.boi', 'chandanpatra', 'ikohli', 'daltonmartinpurdue', 'mrajecki', 'chen653', None, 'dklouda', 'camyoung1234', 'li569', 'nmolo', 'cheng60', 'xrshadow', 'spouliquen', 'foxk']"
4,187,72,53,51,"['zhu145', 'saagar.desai', 'jhirschy', 'jmpatz', 'li835', 'liu582', 'd7eame', 'jribeir', 'drosado', 'wcrabtre', 'li704', 'howard54', 'ghycy15', 'cook51', 'mstandif', 'jkohl', 'zach0424', 'hkohrs', 'brennanj', 'bcapano', 'enieman', 'dkatsadu', 'perez48', 'ersilva', 'rstein1337', 'schult15', 'view1401', 'nicholsjosh', 'ssukhwal', 'hali', 'xcz423844553', 'philli32', 'hall85', 'max0ne', 'hkodali', 'thunderink', 'ikohli', 'tosinadeosun', 'steffes', 'mrajecki', 'maniclucky', 'tmt', 'zthomps', 'chen653', 'dklouda', 'li569', 'nmolo', 'csweeney', 'xrshadow', 'dalyp', 'foxk']",20,"['pmarla', 'd3n731', 'farrellb1', 'longparallel555', 'choiand90', 'vagabond11', 'watson16', '3rocks', 'elightow', 'dorifuto.boi', 'chandanpatra', 'daltonmartinpurdue', 'mobileprime', 'zcondar', 'cheng60', 'nanokrauser', 'khins10', 'traveller312', 'spouliquen', 'eziofrancisco']",2,"['camyoung1234', None]",73,"['zhu145', 'pmarla', 'jhirschy', 'jmpatz', 'farrellb1', 'li835', 'd7eame', 'howard54', 'li704', 'cook51', 'hkohrs', 'choiand90', 'zach0424', 'brennanj', 'mstandif', 'ersilva', 'watson16', 'rstein1337', '3rocks', 'nicholsjosh', 'ssukhwal', 'hali', 'xcz423844553', 'philli32', 'elightow', 'max0ne', 'thunderink', 'tosinadeosun', 'steffes', 'maniclucky', 'tmt', 'zthomps', 'mobileprime', 'zcondar', 'csweeney', 'nanokrauser', 'khins10', 'traveller312', 'enieman', 'dalyp', 'eziofrancisco', 'saagar.desai', 'd3n731', 'longparallel555', 'liu582', 'jribeir', 'drosado', 'wcrabtre', 'ghycy15', 'jkohl', 'bcapano', 'dkatsadu', 'perez48', 'vagabond11', 'schult15', 'view1401', 'hall85', 'hkodali', 'dorifuto.boi', 'chandanpatra', 'ikohli', 'daltonmartinpurdue', 'mrajecki', 'chen653', None, 'dklouda', 'camyoung1234', 'li569', 'nmolo', 'cheng60', 'xrshadow', 'spouliquen', 'foxk']"
4,190,72,48,46,"['zhu145', 'saagar.desai', 'pmarla', 'd3n731', 'jmpatz', 'li835', 'liu582', 'jribeir', 'drosado', 'wcrabtre', 'howard54', 'ghycy15', 'cook51', 'hkohrs', 'brennanj', 'zach0424', 'jkohl', 'mstandif', 'bcapano', 'enieman', 'dkatsadu', 'perez48', 'ersilva', 'vagabond11', 'view1401', 'nicholsjosh', 'hali', 'philli32', 'hall85', 'max0ne', 'elightow', 'hkodali', 'tosinadeosun', 'steffes', 'mrajecki', 'maniclucky', 'zthomps', 'chen653', 'dklouda', 'li569', 'mobileprime', 'khins10', 'xrshadow', 'spouliquen', 'dalyp', 'foxk']",25,"['jhirschy', 'farrellb1', 'longparallel555', 'd7eame', 'li704', 'choiand90', 'watson16', 'rstein1337', 'schult15', '3rocks', 'ssukhwal', 'xcz423844553', 'thunderink', 'dorifuto.boi', 'chandanpatra', 'ikohli', 'daltonmartinpurdue', 'tmt', 'nmolo', 'zcondar', 'cheng60', 'csweeney', 'nanokrauser', 'traveller312', 'eziofrancisco']",2,"['camyoung1234', None]",73,"['zhu145', 'pmarla', 'jhirschy', 'jmpatz', 'farrellb1', 'li835', 'd7eame', 'howard54', 'li704', 'cook51', 'hkohrs', 'choiand90', 'zach0424', 'brennanj', 'mstandif', 'ersilva', 'watson16', 'rstein1337', '3rocks', 'nicholsjosh', 'ssukhwal', 'hali', 'xcz423844553', 'philli32', 'elightow', 'max0ne', 'thunderink', 'tosinadeosun', 'steffes', 'maniclucky', 'tmt', 'zthomps', 'mobileprime', 'zcondar', 'csweeney', 'nanokrauser', 'khins10', 'traveller312', 'enieman', 'dalyp', 'eziofrancisco', 'saagar.desai', 'd3n731', 'longparallel555', 'liu582', 'jribeir', 'drosado', 'wcrabtre', 'ghycy15', 'jkohl', 'bcapano', 'dkatsadu', 'perez48', 'vagabond11', 'schult15', 'view1401', 'hall85', 'hkodali', 'dorifuto.boi', 'chandanpatra', 'ikohli', 'daltonmartinpurdue', 'mrajecki', 'chen653', None, 'dklouda', 'camyoung1234', 'li569', 'nmolo', 'cheng60', 'xrshadow', 'spouliquen', 'foxk']"
4,2,72,38,1,['rstein1337'],70,"['zhu145', 'pmarla', 'saagar.desai', 'jhirschy', 'jmpatz', 'farrellb1', 'd3n731', 'li835', 'longparallel555', 'liu582', 'dalyp', 'd7eame', 'jribeir', 'drosado', 'wcrabtre', 'li704', 'howard54', 'ghycy15', 'cook51', 'hkohrs', 'choiand90', 'zach0424', 'brennanj', 'mstandif', 'jkohl', 'bcapano', 'dkatsadu', 'perez48', 'ersilva', 'vagabond11', 'watson16', 'schult15', 'view1401', '3rocks', 'nicholsjosh', 'ssukhwal', 'hali', 'xcz423844553', 'philli32', 'hall85', 'elightow', 'max0ne', 'thunderink', 'hkodali', 'dorifuto.boi', 'tosinadeosun', 'chandanpatra', 'ikohli', 'steffes', 'daltonmartinpurdue', 'maniclucky', 'mrajecki', 'tmt', 'zthomps', 'chen653', 'dklouda', 'li569', 'mobileprime', 'nmolo', 'zcondar', 'cheng60', 'csweeney', 'nanokrauser', 'khins10', 'xrshadow', 'traveller312', 'spouliquen', 'enieman', 'foxk', 'eziofrancisco']",37,"['smith819', 'wang1671', 'hankh825', 'nelder', 'jalem', 'acurtiz', 'hchiu1113', 'chen494', 'pino85', 'purval123', 'modiking', 'maven0709', 'zyang', 'whess', 'jmramer', 'mohammai', 'kim265', 'jissac', 'yaojunmike', 'vbhat', 'syg3434', 'park65', 'jin5', 'avelzen', 'aalghamdi10', 'kim960', None, 'egraves', 'gregm12', 'park38', 'sheikhnir', 'kevyblock', 'wang279', 'gaffareee', 'turner40', 'pajouhi', 'zhu16']",108,"['zhu145', 'pmarla', 'jhirschy', 'jmpatz', 'farrellb1', 'smith819', 'li835', 'wang1671', 'hankh825', 'nelder', 'acurtiz', 'hchiu1113', 'd7eame', 'pino85', 'purval123', 'howard54', 'li704', 'cook51', 'hkohrs', 'choiand90', 'zach0424', 'brennanj', 'mstandif', 'whess', 'mohammai', 'jissac', 'ersilva', 'watson16', 'rstein1337', '3rocks', 'syg3434', 'park65', 'nicholsjosh', 'ssukhwal', 'hali', 'xcz423844553', 'philli32', 'elightow', 'max0ne', 'thunderink', 'tosinadeosun', 'steffes', 'maniclucky', 'tmt', 'zthomps', 'egraves', 'mobileprime', 'zcondar', 'csweeney', 'nanokrauser', 'khins10', 'kevyblock', 'wang279', 'traveller312', 'turner40', 'enieman', 'dalyp', 'eziofrancisco', 'saagar.desai', 'd3n731', 'longparallel555', 'jalem', 'liu582', 'chen494', 'jribeir', 'drosado', 'wcrabtre', 'modiking', 'ghycy15', 'jkohl', 'maven0709', 'zyang', 'jmramer', 'bcapano', 'dkatsadu', 'perez48', 'kim265', 'vagabond11', 'yaojunmike', 'vbhat', 'schult15', 'view1401', 'jin5', 'hall85', 'hkodali', 'dorifuto.boi', 'chandanpatra', 'avelzen', 'ikohli', 'aalghamdi10', 'daltonmartinpurdue', 'kim960', 'mrajecki', 'chen653', None, 'dklouda', 'gregm12', 'li569', 'nmolo', 'park38', 'cheng60', 'sheikhnir', 'xrshadow', 'gaffareee', 'spouliquen', 'pajouhi', 'foxk', 'zhu16']"
4,182,72,13,11,"['choiand90', 'mobileprime', 'farrellb1', 'zcondar', 'dorifuto.boi', 'ikohli', 'daltonmartinpurdue', 'mrajecki', 'schult15', 'wcrabtre', 'ghycy15']",60,"['zhu145', 'pmarla', 'jhirschy', 'jmpatz', 'li835', 'd7eame', 'howard54', 'li704', 'cook51', 'hkohrs', 'zach0424', 'brennanj', 'mstandif', 'ersilva', 'watson16', 'rstein1337', '3rocks', 'nicholsjosh', 'ssukhwal', 'hali', 'xcz423844553', 'philli32', 'elightow', 'max0ne', 'thunderink', 'tosinadeosun', 'steffes', 'maniclucky', 'tmt', 'zthomps', 'csweeney', 'nanokrauser', 'khins10', 'traveller312', 'enieman', 'dalyp', 'eziofrancisco', 'saagar.desai', 'd3n731', 'longparallel555', 'liu582', 'jribeir', 'drosado', 'jkohl', 'bcapano', 'dkatsadu', 'perez48', 'vagabond11', 'view1401', 'hall85', 'hkodali', 'chandanpatra', 'chen653', 'dklouda', 'li569', 'nmolo', 'cheng60', 'xrshadow', 'spouliquen', 'foxk']",2,"[None, 'gmelzak']",73,"['zhu145', 'pmarla', 'jhirschy', 'jmpatz', 'farrellb1', 'li835', 'd7eame', 'howard54', 'li704', 'cook51', 'hkohrs', 'choiand90', 'zach0424', 'brennanj', 'mstandif', 'ersilva', 'watson16', 'rstein1337', '3rocks', 'nicholsjosh', 'ssukhwal', 'hali', 'xcz423844553', 'philli32', 'elightow', 'max0ne', 'thunderink', 'tosinadeosun', 'steffes', 'maniclucky', 'tmt', 'zthomps', 'mobileprime', 'zcondar', 'csweeney', 'nanokrauser', 'khins10', 'traveller312', 'enieman', 'dalyp', 'eziofrancisco', 'saagar.desai', 'd3n731', 'longparallel555', 'liu582', 'jribeir', 'drosado', 'gmelzak', 'wcrabtre', 'ghycy15', 'jkohl', 'bcapano', 'dkatsadu', 'perez48', 'vagabond11', 'schult15', 'view1401', 'hall85', 'hkodali', 'dorifuto.boi', 'chandanpatra', 'ikohli', 'daltonmartinpurdue', 'mrajecki', 'chen653', None, 'dklouda', 'li569', 'nmolo', 'cheng60', 'xrshadow', 'spouliquen', 'foxk']"
4,185,72,11,10,"['zach0424', 'mobileprime', 'cheng60', 'dorifuto.boi', 'nanokrauser', 'daltonmartinpurdue', 'mrajecki', 'jribeir', 'schult15', 'ghycy15']",61,"['zhu145', 'pmarla', 'jhirschy', 'jmpatz', 'farrellb1', 'li835', 'd7eame', 'howard54', 'li704', 'cook51', 'hkohrs', 'choiand90', 'brennanj', 'mstandif', 'ersilva', 'watson16', 'rstein1337', '3rocks', 'nicholsjosh', 'ssukhwal', 'hali', 'xcz423844553', 'philli32', 'elightow', 'max0ne', 'thunderink', 'tosinadeosun', 'steffes', 'maniclucky', 'tmt', 'zthomps', 'zcondar', 'csweeney', 'khins10', 'traveller312', 'enieman', 'dalyp', 'eziofrancisco', 'saagar.desai', 'd3n731', 'longparallel555', 'liu582', 'drosado', 'wcrabtre', 'jkohl', 'bcapano', 'dkatsadu', 'perez48', 'vagabond11', 'view1401', 'hall85', 'hkodali', 'chandanpatra', 'ikohli', 'chen653', 'dklouda', 'li569', 'nmolo', 'xrshadow', 'spouliquen', 'foxk']",1,[None],72,"['zhu145', 'pmarla', 'jhirschy', 'jmpatz', 'farrellb1', 'li835', 'd7eame', 'howard54', 'li704', 'cook51', 'hkohrs', 'choiand90', 'zach0424', 'brennanj', 'mstandif', 'ersilva', 'watson16', 'rstein1337', '3rocks', 'nicholsjosh', 'ssukhwal', 'hali', 'xcz423844553', 'philli32', 'elightow', 'max0ne', 'thunderink', 'tosinadeosun', 'steffes', 'maniclucky', 'tmt', 'zthomps', 'mobileprime', 'zcondar', 'csweeney', 'nanokrauser', 'khins10', 'traveller312', 'enieman', 'dalyp', 'eziofrancisco', 'saagar.desai', 'd3n731', 'longparallel555', 'liu582', 'jribeir', 'drosado', 'wcrabtre', 'ghycy15', 'jkohl', 'bcapano', 'dkatsadu', 'perez48', 'vagabond11', 'schult15', 'view1401', 'hall85', 'hkodali', 'dorifuto.boi', 'chandanpatra', 'ikohli', 'daltonmartinpurdue', 'mrajecki', 'chen653', None, 'dklouda', 'li569', 'nmolo', 'cheng60', 'xrshadow', 'spouliquen', 'foxk']"
4,186,72,10,8,"['zhu145', 'zach0424', 'nicholsjosh', 'daltonmartinpurdue', 'vagabond11', 'jribeir', 'schult15', 'li704']",63,"['pmarla', 'jhirschy', 'jmpatz', 'farrellb1', 'li835', 'd7eame', 'howard54', 'cook51', 'hkohrs', 'choiand90', 'brennanj', 'mstandif', 'ersilva', 'watson16', 'rstein1337', '3rocks', 'ssukhwal', 'hali', 'xcz423844553', 'philli32', 'elightow', 'max0ne', 'thunderink', 'tosinadeosun', 'steffes', 'maniclucky', 'tmt', 'zthomps', 'mobileprime', 'zcondar', 'csweeney', 'nanokrauser', 'khins10', 'traveller312', 'enieman', 'dalyp', 'eziofrancisco', 'saagar.desai', 'd3n731', 'longparallel555', 'liu582', 'drosado', 'wcrabtre', 'ghycy15', 'jkohl', 'bcapano', 'dkatsadu', 'perez48', 'view1401', 'hall85', 'hkodali', 'dorifuto.boi', 'chandanpatra', 'ikohli', 'mrajecki', 'chen653', 'dklouda', 'li569', 'nmolo', 'cheng60', 'xrshadow', 'spouliquen', 'foxk']",2,"['camyoung1234', None]",73,"['zhu145', 'pmarla', 'jhirschy', 'jmpatz', 'farrellb1', 'li835', 'd7eame', 'howard54', 'li704', 'cook51', 'hkohrs', 'choiand90', 'zach0424', 'brennanj', 'mstandif', 'ersilva', 'watson16', 'rstein1337', '3rocks', 'nicholsjosh', 'ssukhwal', 'hali', 'xcz423844553', 'philli32', 'elightow', 'max0ne', 'thunderink', 'tosinadeosun', 'steffes', 'maniclucky', 'tmt', 'zthomps', 'mobileprime', 'zcondar', 'csweeney', 'nanokrauser', 'khins10', 'traveller312', 'enieman', 'dalyp', 'eziofrancisco', 'saagar.desai', 'd3n731', 'longparallel555', 'liu582', 'jribeir', 'drosado', 'wcrabtre', 'ghycy15', 'jkohl', 'bcapano', 'dkatsadu', 'perez48', 'vagabond11', 'schult15', 'view1401', 'hall85', 'hkodali', 'dorifuto.boi', 'chandanpatra', 'ikohli', 'daltonmartinpurdue', 'mrajecki', 'chen653', None, 'dklouda', 'camyoung1234', 'li569', 'nmolo', 'cheng60', 'xrshadow', 'spouliquen', 'foxk']"
4,183,72,7,6,"['khins10', 'longparallel555', 'maniclucky', 'view1401', 'chen653', 'spouliquen']",65,"['zhu145', 'pmarla', 'jhirschy', 'jmpatz', 'farrellb1', 'li835', 'd7eame', 'howard54', 'li704', 'cook51', 'hkohrs', 'choiand90', 'zach0424', 'brennanj', 'mstandif', 'ersilva', 'watson16', 'rstein1337', '3rocks', 'nicholsjosh', 'ssukhwal', 'hali', 'xcz423844553', 'philli32', 'elightow', 'max0ne', 'thunderink', 'tosinadeosun', 'steffes', 'tmt', 'zthomps', 'mobileprime', 'zcondar', 'csweeney', 'nanokrauser', 'traveller312', 'enieman', 'dalyp', 'eziofrancisco', 'saagar.desai', 'd3n731', 'liu582', 'jribeir', 'drosado', 'wcrabtre', 'ghycy15', 'jkohl', 'bcapano', 'dkatsadu', 'perez48', 'vagabond11', 'schult15', 'hall85', 'hkodali', 'dorifuto.boi', 'chandanpatra', 'ikohli', 'daltonmartinpurdue', 'mrajecki', 'dklouda', 'li569', 'nmolo', 'cheng60', 'xrshadow', 'foxk']",1,[None],72,"['zhu145', 'pmarla', 'jhirschy', 'jmpatz', 'farrellb1', 'li835', 'd7eame', 'howard54', 'li704', 'cook51', 'hkohrs', 'choiand90', 'zach0424', 'brennanj', 'mstandif', 'ersilva', 'watson16', 'rstein1337', '3rocks', 'nicholsjosh', 'ssukhwal', 'hali', 'xcz423844553', 'philli32', 'elightow', 'max0ne', 'thunderink', 'tosinadeosun', 'steffes', 'maniclucky', 'tmt', 'zthomps', 'mobileprime', 'zcondar', 'csweeney', 'nanokrauser', 'khins10', 'traveller312', 'enieman', 'dalyp', 'eziofrancisco', 'saagar.desai', 'd3n731', 'longparallel555', 'liu582', 'jribeir', 'drosado', 'wcrabtre', 'ghycy15', 'jkohl', 'bcapano', 'dkatsadu', 'perez48', 'vagabond11', 'schult15', 'view1401', 'hall85', 'hkodali', 'dorifuto.boi', 'chandanpatra', 'ikohli', 'daltonmartinpurdue', 'mrajecki', 'chen653', None, 'dklouda', 'li569', 'nmolo', 'cheng60', 'xrshadow', 'spouliquen', 'foxk']"
4,189,72,7,6,"['jmpatz', 'li835', 'max0ne', 'perez48', 'maniclucky', 'jribeir']",65,"['zhu145', 'pmarla', 'jhirschy', 'farrellb1', 'd7eame', 'howard54', 'li704', 'cook51', 'hkohrs', 'choiand90', 'zach0424', 'brennanj', 'mstandif', 'ersilva', 'watson16', 'rstein1337', '3rocks', 'nicholsjosh', 'ssukhwal', 'hali', 'xcz423844553', 'philli32', 'elightow', 'thunderink', 'tosinadeosun', 'steffes', 'tmt', 'zthomps', 'mobileprime', 'zcondar', 'csweeney', 'nanokrauser', 'khins10', 'traveller312', 'enieman', 'dalyp', 'eziofrancisco', 'saagar.desai', 'd3n731', 'longparallel555', 'liu582', 'drosado', 'wcrabtre', 'ghycy15', 'jkohl', 'bcapano', 'dkatsadu', 'vagabond11', 'schult15', 'view1401', 'hall85', 'hkodali', 'dorifuto.boi', 'chandanpatra', 'ikohli', 'daltonmartinpurdue', 'mrajecki', 'chen653', 'dklouda', 'li569', 'nmolo', 'cheng60', 'xrshadow', 'spouliquen', 'foxk']",1,[None],72,"['zhu145', 'pmarla', 'jhirschy', 'jmpatz', 'farrellb1', 'li835', 'd7eame', 'howard54', 'li704', 'cook51', 'hkohrs', 'choiand90', 'zach0424', 'brennanj', 'mstandif', 'ersilva', 'watson16', 'rstein1337', '3rocks', 'nicholsjosh', 'ssukhwal', 'hali', 'xcz423844553', 'philli32', 'elightow', 'max0ne', 'thunderink', 'tosinadeosun', 'steffes', 'maniclucky', 'tmt', 'zthomps', 'mobileprime', 'zcondar', 'csweeney', 'nanokrauser', 'khins10', 'traveller312', 'enieman', 'dalyp', 'eziofrancisco', 'saagar.desai', 'd3n731', 'longparallel555', 'liu582', 'jribeir', 'drosado', 'wcrabtre', 'ghycy15', 'jkohl', 'bcapano', 'dkatsadu', 'perez48', 'vagabond11', 'schult15', 'view1401', 'hall85', 'hkodali', 'dorifuto.boi', 'chandanpatra', 'ikohli', 'daltonmartinpurdue', 'mrajecki', 'chen653', None, 'dklouda', 'li569', 'nmolo', 'cheng60', 'xrshadow', 'spouliquen', 'foxk']"
4,188,72,6,4,"['xcz423844553', 'traveller312', 'nanokrauser', 'longparallel555']",67,"['zhu145', 'pmarla', 'jhirschy', 'jmpatz', 'farrellb1', 'li835', 'd7eame', 'howard54', 'li704', 'cook51', 'hkohrs', 'choiand90', 'zach0424', 'brennanj', 'mstandif', 'ersilva', 'watson16', 'rstein1337', '3rocks', 'nicholsjosh', 'ssukhwal', 'hali', 'philli32', 'elightow', 'max0ne', 'thunderink', 'tosinadeosun', 'steffes', 'maniclucky', 'tmt', 'zthomps', 'mobileprime', 'zcondar', 'csweeney', 'khins10', 'enieman', 'dalyp', 'eziofrancisco', 'saagar.desai', 'd3n731', 'liu582', 'jribeir', 'drosado', 'wcrabtre', 'ghycy15', 'jkohl', 'bcapano', 'dkatsadu', 'perez48', 'vagabond11', 'schult15', 'view1401', 'hall85', 'hkodali', 'dorifuto.boi', 'chandanpatra', 'ikohli', 'daltonmartinpurdue', 'mrajecki', 'chen653', 'dklouda', 'li569', 'nmolo', 'cheng60', 'xrshadow', 'spouliquen', 'foxk']",2,"[None, 'abhignair']",73,"['zhu145', 'pmarla', 'jhirschy', 'jmpatz', 'farrellb1', 'li835', 'd7eame', 'howard54', 'li704', 'cook51', 'hkohrs', 'choiand90', 'zach0424', 'brennanj', 'mstandif', 'ersilva', 'watson16', 'rstein1337', '3rocks', 'nicholsjosh', 'ssukhwal', 'hali', 'xcz423844553', 'philli32', 'elightow', 'max0ne', 'thunderink', 'tosinadeosun', 'steffes', 'maniclucky', 'tmt', 'zthomps', 'abhignair', 'mobileprime', 'zcondar', 'csweeney', 'nanokrauser', 'khins10', 'traveller312', 'enieman', 'dalyp', 'eziofrancisco', 'saagar.desai', 'd3n731', 'longparallel555', 'liu582', 'jribeir', 'drosado', 'wcrabtre', 'ghycy15', 'jkohl', 'bcapano', 'dkatsadu', 'perez48', 'vagabond11', 'schult15', 'view1401', 'hall85', 'hkodali', 'dorifuto.boi', 'chandanpatra', 'ikohli', 'daltonmartinpurdue', 'mrajecki', 'chen653', None, 'dklouda', 'li569', 'nmolo', 'cheng60', 'xrshadow', 'spouliquen', 'foxk']"
5,74,54,34,29,"['zccampbe', 'wu289', 'tcorrent', 'silverpick', 'typete57', 'carlsoe', 'ggushurst11', 'hmac1993', 'mcarrig', 'philli69', 'wang1178', 'monhs2011', 'rhodes6', 'townsenm', 'hyhxcr', 'btims', 'schroet14', 'iramire', 'coonse', 'davids', 'madducci', 'rmotyka', 'mjankowicz', 'eandreas15', 'hyovento', 'fox8', 'rweibel', 'sydstie', 'barneyc']",24,"['kim1325', 'aherlihy', 'rstone', 'beckerd', 'marti447', 'mrovella', 'shihh1106', 'fan48', 'jhirschf', 'emholtz', 'gao92', 'wang1020', 'anna.jupo', 'jproksa', 'kdornauer', 'nlantier', 'cacecious', 'acasares', 'dchriss', 'rgalley', 'davis206', 'hamiltoi', 'hydee7', 'mtoomey']",5,"['neesea', 'mokomi89', 'bruce7', 'davidjohnson', None]",58,"['kim1325', 'neesea', 'aherlihy', 'rstone', 'mokomi89', 'tcorrent', 'marti447', 'mrovella', 'shihh1106', 'mcarrig', 'jhirschf', 'gao92', 'wang1178', 'wang1020', 'jproksa', 'bruce7', 'townsenm', 'hyhxcr', 'kdornauer', 'btims', 'schroet14', 'coonse', 'davids', 'mjankowicz', 'acasares', 'eandreas15', 'rgalley', 'fox8', 'mtoomey', 'barneyc', 'zccampbe', 'wu289', 'beckerd', 'silverpick', 'typete57', 'carlsoe', 'ggushurst11', 'fan48', 'hmac1993', 'philli69', 'emholtz', 'monhs2011', 'anna.jupo', 'davidjohnson', 'rhodes6', 'nlantier', 'iramire', 'madducci', 'cacecious', 'rmotyka', None, 'dchriss', 'davis206', 'hyovento', 'hamiltoi', 'rweibel', 'hydee7', 'sydstie']"
5,75,54,28,23,"['aherlihy', 'rstone', 'beckerd', 'marti447', 'mrovella', 'shihh1106', 'fan48', 'jhirschf', 'emholtz', 'gao92', 'wang1020', 'anna.jupo', 'jproksa', 'kdornauer', 'nlantier', 'cacecious', 'acasares', 'dchriss', 'rgalley', 'davis206', 'hamiltoi', 'hydee7', 'mtoomey']",30,"['kim1325', 'zccampbe', 'wu289', 'tcorrent', 'silverpick', 'typete57', 'carlsoe', 'ggushurst11', 'hmac1993', 'mcarrig', 'philli69', 'wang1178', 'monhs2011', 'rhodes6', 'townsenm', 'hyhxcr', 'btims', 'schroet14', 'iramire', 'coonse', 'davids', 'madducci', 'rmotyka', 'mjankowicz', 'eandreas15', 'hyovento', 'fox8', 'rweibel', 'sydstie', 'barneyc']",5,"['davidjohnson50', 'neesea', 'mokomi89', 'davidjohnson', None]",58,"['kim1325', 'neesea', 'aherlihy', 'rstone', 'mokomi89', 'tcorrent', 'marti447', 'mrovella', 'shihh1106', 'mcarrig', 'jhirschf', 'gao92', 'wang1178', 'wang1020', 'jproksa', 'townsenm', 'hyhxcr', 'kdornauer', 'davidjohnson50', 'btims', 'schroet14', 'coonse', 'davids', 'mjankowicz', 'acasares', 'eandreas15', 'rgalley', 'fox8', 'mtoomey', 'barneyc', 'zccampbe', 'wu289', 'beckerd', 'silverpick', 'typete57', 'carlsoe', 'ggushurst11', 'fan48', 'hmac1993', 'philli69', 'emholtz', 'monhs2011', 'anna.jupo', 'davidjohnson', 'rhodes6', 'nlantier', 'iramire', 'madducci', 'cacecious', 'rmotyka', None, 'dchriss', 'davis206', 'hyovento', 'hamiltoi', 'rweibel', 'hydee7', 'sydstie']"
6,60,50,38,33,"['shibuya', 'g1015083', 'riku_adg', 'g1015051', 'g0815039', 'takkun0706', 'g1015052', 'yosuke325i', 'g1015091', 'g0715042', 'g1015044', 'g1015040', 'gfmx869', 'takkun0708', 'kent1011', 'kent3173', 'g1015009', 'g1015048', 'takaakihirai', 'g1015047', 'harai', 'takato', 'g1015054', 'g0915004', 'g1015013', 'g1015042', 'takahide', 'g0915013', 'thinel', 'g1015017', 'peroppi', 'g1015053', 'syoiwa']",16,"['systemengineer', 'marco.d', 'ram12', 'marounfa', 'moafak', 'sandeep477', 'preethikandula', 'kakani', 'challa.nandan', 'maheshkuchi', 'lorenzorobinson67', 'pavanvanka', 'hem482', 'fujisawa', 'harikeshreddy6290', 'kalinin']",5,"['aaops2412', 'kimkang9', 'sigma', None, 'g1015049']",54,"['g1015083', 'riku_adg', 'g1015051', 'aaops2412', 'kimkang9', 'challa.nandan', 'g0815039', 'takkun0706', 'g1015052', 'yosuke325i', 'kalinin', 'g1015091', 'sandeep477', 'g0715042', 'g1015044', 'g1015040', 'harikeshreddy6290', 'marco.d', 'ram12', 'kent3173', 'lorenzorobinson67', 'pavanvanka', 'takato', 'kakani', 'g0915004', 'g0915013', 'thinel', 'g1015017', 'peroppi', 'syoiwa', 'systemengineer', 'shibuya', 'fujisawa', 'gfmx869', 'takkun0708', 'maheshkuchi', 'sigma', 'kent1011', 'g1015049', 'marounfa', 'g1015009', 'moafak', 'preethikandula', 'g1015048', 'takaakihirai', 'g1015047', 'hem482', 'harai', None, 'g1015054', 'g1015042', 'g1015013', 'takahide', 'g1015053']"
6,58,50,37,32,"['shibuya', 'g1015083', 'riku_adg', 'g1015051', 'g0815039', 'takkun0706', 'g1015052', 'fujisawa', 'g1015091', 'g0715042', 'g1015044', 'g1015040', 'gfmx869', 'takkun0708', 'kent1011', 'g1015009', 'g1015048', 'takaakihirai', 'g1015047', 'harai', 'takato', 'g1015054', 'g0915004', 'g1015013', 'g1015042', 'takahide', 'g0915013', 'thinel', 'g1015017', 'peroppi', 'g1015053', 'syoiwa']",17,"['systemengineer', 'marco.d', 'ram12', 'kent3173', 'marounfa', 'sandeep477', 'preethikandula', 'moafak', 'kakani', 'challa.nandan', 'maheshkuchi', 'lorenzorobinson67', 'pavanvanka', 'hem482', 'yosuke325i', 'harikeshreddy6290', 'kalinin']",5,"['aaops2412', 'kimkang9', 'sigma', None, 'g1015049']",54,"['g1015083', 'riku_adg', 'g1015051', 'aaops2412', 'kimkang9', 'challa.nandan', 'g0815039', 'takkun0706', 'g1015052', 'yosuke325i', 'kalinin', 'g1015091', 'sandeep477', 'g0715042', 'g1015044', 'g1015040', 'harikeshreddy6290', 'marco.d', 'ram12', 'kent3173', 'lorenzorobinson67', 'pavanvanka', 'takato', 'kakani', 'g0915004', 'g0915013', 'thinel', 'g1015017', 'peroppi', 'syoiwa', 'systemengineer', 'shibuya', 'fujisawa', 'gfmx869', 'takkun0708', 'maheshkuchi', 'sigma', 'kent1011', 'g1015049', 'marounfa', 'g1015009', 'moafak', 'preethikandula', 'g1015048', 'takaakihirai', 'g1015047', 'hem482', 'harai', None, 'g1015054', 'g1015042', 'g1015013', 'takahide', 'g1015053']"
6,59,50,8,7,"['sandeep477', 'preethikandula', 'kakani', 'challa.nandan', 'maheshkuchi', 'pavanvanka', 'harikeshreddy6290']",42,"['systemengineer', 'shibuya', 'g1015083', 'riku_adg', 'g1015051', 'g0815039', 'takkun0706', 'g1015052', 'fujisawa', 'yosuke325i', 'kalinin', 'g1015091', 'g0715042', 'g1015044', 'g1015040', 'gfmx869', 'takkun0708', 'kent1011', 'marco.d', 'ram12', 'kent3173', 'marounfa', 'g1015009', 'moafak', 'g1015048', 'takaakihirai', 'lorenzorobinson67', 'hem482', 'harai', 'g1015047', 'g1015054', 'takato', 'g1015042', 'g1015013', 'g0915004', 'takahide', 'g0915013', 'thinel', 'g1015017', 'peroppi', 'g1015053', 'syoiwa']",1,[None],50,"['systemengineer', 'shibuya', 'g1015083', 'riku_adg', 'g1015051', 'challa.nandan', 'g0815039', 'takkun0706', 'g1015052', 'fujisawa', 'yosuke325i', 'kalinin', 'g1015091', 'sandeep477', 'g0715042', 'g1015044', 'g1015040', 'gfmx869', 'takkun0708', 'maheshkuchi', 'kent1011', 'harikeshreddy6290', 'marco.d', 'ram12', 'kent3173', 'marounfa', 'g1015009', 'preethikandula', 'moafak', 'g1015048', 'takaakihirai', 'lorenzorobinson67', 'pavanvanka', 'hem482', 'harai', 'g1015047', None, 'g1015054', 'takato', 'kakani', 'g1015042', 'g1015013', 'g0915004', 'takahide', 'g0915013', 'thinel', 'g1015017', 'peroppi', 'g1015053', 'syoiwa']"
7,221,48,86,36,"['tblatchl', 'cspreen', 'lkwkevin', 'mdevito', 'mao27', 'nielsent', 'kbuechel', 'apps', 'alberts1', 'kffische', 'juncheng', 'tejaspant25', 'jeeheelim', 'rjaramillo', 'lzyaml', 'raom', 'scropio111', 'vinita.iyer', 'topperwa', 'skalkste', 'sdasappa', 'shanbin', 'bboilerman', 'sunyan0106', 'ahagen', 'brennank', 'tdhall89', 'hylton', 'hlalit', 'ninad.trifale', 'msane', 'dmizell', 'fbonache', 'cui29', 'ixudi', 'nghaisa']",11,"['wang1304', 'acheung314', 'maithilee', 'youyibi2012', 'nicholashusen', 'myen', 'abweaver', 'btoda410', 'ngoswam2', 'leaso', 'mwada']",50,"['zooley', 'park43', 'zexi', 'yuitan87', 'mokomi89', 'megyoungs214', 'samikm', 'davgumo', 'gguayaquil', 'saikumar_234', 'yuwang', 'wood67', 'stanislaw', 'ilovegpd', 'poji', 'archanatankasala', 'vmukund', 'sumudinie', 'hctest2', 'liveletlive', 'pmeunier', 'areza', 'hctest1', 'yao14', 'moore32', 'hesam', 'kiettipong1', 'han226', 'marisol', 'sebrahim', 'mcakatay', 'crvantas', 'chris1fugger', 'dachuanzhou', 'gah', 'dalemus', None, 'cedricxie', 'gmodeloh', 'pang1', 'ldelgass', 'vdiep', 'wang391', 'jin52', 'shatonymouse', 'nkissebe', 'spalit', 'arun2987', 'clarksm', 'saima']",97,"['lkwkevin', 'mao27', 'mokomi89', 'kbuechel', 'yuwang', 'wood67', 'ilovegpd', 'raom', 'scropio111', 'liveletlive', 'topperwa', 'ahagen', 'hesam', 'kiettipong1', 'chris1fugger', 'hlalit', 'msane', 'dmizell', 'vdiep', 'wang391', 'arun2987', 'megyoungs214', 'nielsent', 'saikumar_234', 'stanislaw', 'juncheng', 'jeeheelim', 'poji', 'maithilee', 'pmeunier', 'bboilerman', 'sunyan0106', 'brennank', 'tdhall89', 'mcakatay', None, 'ldelgass', 'ixudi', 'nicholashusen', 'nkissebe', 'spalit', 'clarksm', 'zooley', 'zexi', 'samikm', 'davgumo', 'rjaramillo', 'archanatankasala', 'vinita.iyer', 'hctest2', 'areza', 'hctest1', 'yao14', 'ngoswam2', 'han226', 'youyibi2012', 'marisol', 'sebrahim', 'dachuanzhou', 'gah', 'dalemus', 'gmodeloh', 'cui29', 'jin52', 'nghaisa', 'mwada', 'saima', 'tblatchl', 'cspreen', 'park43', 'mdevito', 'yuitan87', 'gguayaquil', 'leaso', 'apps', 'alberts1', 'kffische', 'tejaspant25', 'wang1304', 'acheung314', 'vmukund', 'lzyaml', 'sumudinie', 'skalkste', 'sdasappa', 'moore32', 'shanbin', 'hylton', 'myen', 'abweaver', 'crvantas', 'ninad.trifale', 'cedricxie', 'pang1', 'fbonache', 'shatonymouse', 'btoda410']"
7,218,48,56,1,['apps'],46,"['tblatchl', 'cspreen', 'lkwkevin', 'mdevito', 'mao27', 'nielsent', 'kbuechel', 'leaso', 'alberts1', 'kffische', 'juncheng', 'tejaspant25', 'wang1304', 'rjaramillo', 'jeeheelim', 'acheung314', 'maithilee', 'lzyaml', 'raom', 'scropio111', 'vinita.iyer', 'topperwa', 'skalkste', 'sdasappa', 'ngoswam2', 'shanbin', 'bboilerman', 'sunyan0106', 'ahagen', 'brennank', 'youyibi2012', 'tdhall89', 'hylton', 'myen', 'abweaver', 'hlalit', 'ninad.trifale', 'msane', 'dmizell', 'fbonache', 'cui29', 'ixudi', 'nicholashusen', 'btoda410', 'nghaisa', 'mwada']",55,"['bhaley', 'egley', 'zooley', 'park43', 'tkubis', 'raseong', 'achigull', 'mehdidev', 'vasileska', 'michaelpov', 'zhu1', 'bigsnake', 'ejochoa', 'mmc', 'amrshahat', 'number1', 'poji', 'psengupta', 'sicong.chen', 'maassenj1', 'hctest2', 'sganguly', 'liveletlive', 'pmeunier', 'masud001', 'jefonseca', 'bmsutton', 'dadrin2026', 'sellier', 'rheakhanna', 'yborga1', 'brsahu', 'karthiky', 'fjr2009', 'gah', None, 'souchi', 'gmodeloh', 'pang1', 'jgeng', 'vdiep', 'heyu07', 'jin52', 'dwhitena', 'bermel', 'dkearney', 'nkissebe', 'ashasmohan', 'rbpost', 'omalis', 'navaneeth1988', 'arun2987', 'clarksm', 'denphi', 'rwangnd1']",102,"['zooley', 'lkwkevin', 'tkubis', 'mao27', 'michaelpov', 'zhu1', 'bigsnake', 'kbuechel', 'ejochoa', 'mmc', 'rjaramillo', 'psengupta', 'sicong.chen', 'raom', 'scropio111', 'vinita.iyer', 'hctest2', 'liveletlive', 'topperwa', 'ngoswam2', 'ahagen', 'dadrin2026', 'sellier', 'youyibi2012', 'rheakhanna', 'hlalit', 'brsahu', 'msane', 'dmizell', 'gah', 'gmodeloh', 'jgeng', 'vdiep', 'cui29', 'heyu07', 'jin52', 'bermel', 'dkearney', 'nghaisa', 'ashasmohan', 'rbpost', 'navaneeth1988', 'mwada', 'arun2987', 'denphi', 'tblatchl', 'cspreen', 'bhaley', 'egley', 'park43', 'raseong', 'achigull', 'mdevito', 'mehdidev', 'vasileska', 'nielsent', 'leaso', 'apps', 'amrshahat', 'alberts1', 'number1', 'juncheng', 'kffische', 'tejaspant25', 'wang1304', 'jeeheelim', 'acheung314', 'poji', 'maithilee', 'lzyaml', 'maassenj1', 'sganguly', 'pmeunier', 'skalkste', 'masud001', 'jefonseca', 'sdasappa', 'bmsutton', 'shanbin', 'bboilerman', 'sunyan0106', 'brennank', 'tdhall89', 'hylton', 'yborga1', 'myen', 'abweaver', 'ninad.trifale', 'karthiky', 'fjr2009', None, 'souchi', 'pang1', 'fbonache', 'ixudi', 'nicholashusen', 'dwhitena', 'btoda410', 'nkissebe', 'omalis', 'clarksm', 'rwangnd1']"
7,224,48,49,21,"['tblatchl', 'cspreen', 'apps', 'juncheng', 'jeeheelim', 'maithilee', 'lzyaml', 'scropio111', 'topperwa', 'skalkste', 'shanbin', 'ahagen', 'sunyan0106', 'tdhall89', 'myen', 'hlalit', 'ninad.trifale', 'dmizell', 'fbonache', 'cui29', 'nghaisa']",26,"['lkwkevin', 'mdevito', 'mao27', 'nielsent', 'kbuechel', 'leaso', 'alberts1', 'kffische', 'tejaspant25', 'wang1304', 'rjaramillo', 'acheung314', 'raom', 'vinita.iyer', 'sdasappa', 'ngoswam2', 'bboilerman', 'brennank', 'youyibi2012', 'hylton', 'abweaver', 'msane', 'ixudi', 'nicholashusen', 'btoda410', 'mwada']",28,"['pdak', 'zooley', 'park43', 'megyoungs214', 'gguayaquil', 'mboucherit', 'wood67', 'hctest2', 'hctest3', 'pmeunier', 'hctest1', 'moore32', 'sebrahim', 'chris1fugger', 'gah', None, 'gmodeloh', 'jgeng', 'vdiep', 'jin52', 'shatonymouse', 'dkearney', 'nkissebe', 'kazyazawa', 'conrad14', 'hctest4', 'clarksm', 'turkstra']",75,"['zooley', 'lkwkevin', 'mao27', 'mboucherit', 'kbuechel', 'wood67', 'rjaramillo', 'raom', 'scropio111', 'vinita.iyer', 'hctest2', 'topperwa', 'hctest1', 'ngoswam2', 'ahagen', 'youyibi2012', 'sebrahim', 'chris1fugger', 'hlalit', 'msane', 'dmizell', 'gah', 'gmodeloh', 'jgeng', 'vdiep', 'cui29', 'jin52', 'dkearney', 'nghaisa', 'kazyazawa', 'mwada', 'tblatchl', 'pdak', 'cspreen', 'park43', 'mdevito', 'megyoungs214', 'nielsent', 'gguayaquil', 'leaso', 'apps', 'alberts1', 'juncheng', 'kffische', 'tejaspant25', 'wang1304', 'jeeheelim', 'acheung314', 'maithilee', 'lzyaml', 'hctest3', 'pmeunier', 'skalkste', 'sdasappa', 'moore32', 'shanbin', 'bboilerman', 'sunyan0106', 'brennank', 'tdhall89', 'hylton', 'myen', 'abweaver', 'ninad.trifale', None, 'fbonache', 'ixudi', 'nicholashusen', 'shatonymouse', 'btoda410', 'nkissebe', 'conrad14', 'hctest4', 'clarksm', 'turkstra']"
7,229,48,40,19,"['tblatchl', 'cspreen', 'lkwkevin', 'mao27', 'nielsent', 'kbuechel', 'leaso', 'apps', 'juncheng', 'jeeheelim', 'lzyaml', 'scropio111', 'topperwa', 'shanbin', 'tdhall89', 'hlalit', 'dmizell', 'fbonache', 'nghaisa']",28,"['mdevito', 'alberts1', 'kffische', 'tejaspant25', 'wang1304', 'rjaramillo', 'acheung314', 'maithilee', 'raom', 'vinita.iyer', 'skalkste', 'sdasappa', 'ngoswam2', 'bboilerman', 'ahagen', 'sunyan0106', 'brennank', 'youyibi2012', 'hylton', 'myen', 'abweaver', 'ninad.trifale', 'msane', 'cui29', 'ixudi', 'nicholashusen', 'btoda410', 'mwada']",21,"['pdak', 'ajt', 'yuitan87', 'gguayaquil', 'sumudinie', 'fan55', 'hctest3', 'yao14', 'sebrahim', 'crvantas', 'chunyuli', 'chris1fugger', 'arvindajoy', 'gah', None, 'shatonymouse', 'dkearney', 'conrad14', 'hctest4', 'clarksm', 'denphi']",68,"['lkwkevin', 'ajt', 'mao27', 'kbuechel', 'rjaramillo', 'raom', 'scropio111', 'vinita.iyer', 'topperwa', 'yao14', 'ngoswam2', 'ahagen', 'youyibi2012', 'sebrahim', 'chunyuli', 'hlalit', 'chris1fugger', 'arvindajoy', 'msane', 'dmizell', 'gah', 'cui29', 'dkearney', 'nghaisa', 'mwada', 'denphi', 'tblatchl', 'pdak', 'cspreen', 'mdevito', 'yuitan87', 'nielsent', 'gguayaquil', 'leaso', 'apps', 'alberts1', 'juncheng', 'kffische', 'tejaspant25', 'wang1304', 'jeeheelim', 'acheung314', 'maithilee', 'lzyaml', 'sumudinie', 'fan55', 'hctest3', 'skalkste', 'sdasappa', 'shanbin', 'bboilerman', 'sunyan0106', 'brennank', 'tdhall89', 'hylton', 'myen', 'abweaver', 'crvantas', 'ninad.trifale', None, 'fbonache', 'ixudi', 'nicholashusen', 'shatonymouse', 'btoda410', 'conrad14', 'hctest4', 'clarksm']"
7,226,48,13,9,"['wang1304', 'rjaramillo', 'youyibi2012', 'mdevito', 'nicholashusen', 'abweaver', 'alberts1', 'sunyan0106', 'kffische']",38,"['tblatchl', 'cspreen', 'lkwkevin', 'mao27', 'nielsent', 'kbuechel', 'leaso', 'apps', 'juncheng', 'tejaspant25', 'jeeheelim', 'acheung314', 'maithilee', 'lzyaml', 'raom', 'scropio111', 'vinita.iyer', 'topperwa', 'skalkste', 'sdasappa', 'ngoswam2', 'shanbin', 'bboilerman', 'ahagen', 'brennank', 'tdhall89', 'hylton', 'myen', 'hlalit', 'ninad.trifale', 'msane', 'dmizell', 'fbonache', 'cui29', 'ixudi', 'btoda410', 'nghaisa', 'mwada']",4,"['gmodeloh', 'gguayaquil', None, 'mohamed']",51,"['tblatchl', 'cspreen', 'lkwkevin', 'mdevito', 'mao27', 'nielsent', 'gguayaquil', 'leaso', 'kbuechel', 'apps', 'alberts1', 'juncheng', 'kffische', 'tejaspant25', 'wang1304', 'rjaramillo', 'jeeheelim', 'acheung314', 'mohamed', 'maithilee', 'lzyaml', 'raom', 'scropio111', 'vinita.iyer', 'topperwa', 'skalkste', 'sdasappa', 'ngoswam2', 'shanbin', 'bboilerman', 'sunyan0106', 'ahagen', 'brennank', 'youyibi2012', 'tdhall89', 'hylton', 'myen', 'abweaver', 'hlalit', 'ninad.trifale', 'msane', 'dmizell', None, 'gmodeloh', 'fbonache', 'cui29', 'ixudi', 'nicholashusen', 'btoda410', 'nghaisa', 'mwada']"
7,228,48,12,9,"['wang1304', 'rjaramillo', 'brennank', 'youyibi2012', 'mdevito', 'nicholashusen', 'sdasappa', 'sunyan0106', 'kffische']",38,"['tblatchl', 'cspreen', 'lkwkevin', 'mao27', 'nielsent', 'kbuechel', 'leaso', 'apps', 'alberts1', 'juncheng', 'tejaspant25', 'jeeheelim', 'acheung314', 'maithilee', 'lzyaml', 'raom', 'scropio111', 'vinita.iyer', 'topperwa', 'skalkste', 'ngoswam2', 'shanbin', 'bboilerman', 'ahagen', 'tdhall89', 'hylton', 'myen', 'abweaver', 'hlalit', 'ninad.trifale', 'msane', 'dmizell', 'fbonache', 'cui29', 'ixudi', 'btoda410', 'nghaisa', 'mwada']",3,"[None, 'arvindajoy', 'sganguly']",50,"['tblatchl', 'cspreen', 'lkwkevin', 'mdevito', 'mao27', 'nielsent', 'leaso', 'kbuechel', 'apps', 'alberts1', 'juncheng', 'kffische', 'tejaspant25', 'wang1304', 'rjaramillo', 'jeeheelim', 'acheung314', 'maithilee', 'lzyaml', 'raom', 'scropio111', 'vinita.iyer', 'sganguly', 'topperwa', 'skalkste', 'sdasappa', 'ngoswam2', 'shanbin', 'bboilerman', 'sunyan0106', 'ahagen', 'brennank', 'youyibi2012', 'tdhall89', 'hylton', 'myen', 'abweaver', 'hlalit', 'ninad.trifale', 'arvindajoy', 'msane', 'dmizell', None, 'fbonache', 'cui29', 'ixudi', 'nicholashusen', 'btoda410', 'nghaisa', 'mwada']"
7,223,48,9,5,"['youyibi2012', 'nicholashusen', 'mwada', 'sunyan0106', 'kffische']",42,"['tblatchl', 'cspreen', 'lkwkevin', 'mdevito', 'mao27', 'nielsent', 'leaso', 'kbuechel', 'apps', 'alberts1', 'juncheng', 'tejaspant25', 'wang1304', 'rjaramillo', 'jeeheelim', 'acheung314', 'maithilee', 'lzyaml', 'raom', 'scropio111', 'vinita.iyer', 'topperwa', 'skalkste', 'sdasappa', 'ngoswam2', 'shanbin', 'bboilerman', 'ahagen', 'brennank', 'tdhall89', 'hylton', 'myen', 'abweaver', 'hlalit', 'ninad.trifale', 'msane', 'dmizell', 'fbonache', 'cui29', 'ixudi', 'btoda410', 'nghaisa']",4,"['gguayaquil', None, 'mohamed', 'pmedley86']",51,"['tblatchl', 'cspreen', 'lkwkevin', 'mdevito', 'mao27', 'nielsent', 'gguayaquil', 'leaso', 'kbuechel', 'apps', 'alberts1', 'juncheng', 'kffische', 'tejaspant25', 'wang1304', 'rjaramillo', 'jeeheelim', 'acheung314', 'mohamed', 'maithilee', 'lzyaml', 'raom', 'scropio111', 'vinita.iyer', 'topperwa', 'skalkste', 'sdasappa', 'ngoswam2', 'pmedley86', 'shanbin', 'bboilerman', 'sunyan0106', 'ahagen', 'brennank', 'youyibi2012', 'tdhall89', 'hylton', 'myen', 'abweaver', 'hlalit', 'ninad.trifale', 'msane', 'dmizell', None, 'fbonache', 'cui29', 'ixudi', 'nicholashusen', 'btoda410', 'nghaisa', 'mwada']"
7,227,48,8,6,"['tejaspant25', 'vinita.iyer', 'raom', 'hylton', 'btoda410', 'bboilerman']",41,"['tblatchl', 'cspreen', 'lkwkevin', 'mdevito', 'mao27', 'nielsent', 'leaso', 'kbuechel', 'apps', 'alberts1', 'juncheng', 'kffische', 'wang1304', 'rjaramillo', 'jeeheelim', 'acheung314', 'maithilee', 'lzyaml', 'scropio111', 'topperwa', 'skalkste', 'sdasappa', 'ngoswam2', 'shanbin', 'sunyan0106', 'ahagen', 'brennank', 'youyibi2012', 'tdhall89', 'myen', 'abweaver', 'hlalit', 'ninad.trifale', 'msane', 'dmizell', 'fbonache', 'cui29', 'ixudi', 'nicholashusen', 'nghaisa', 'mwada']",2,"['clarksm', None]",49,"['tblatchl', 'cspreen', 'lkwkevin', 'mdevito', 'mao27', 'nielsent', 'leaso', 'kbuechel', 'apps', 'alberts1', 'juncheng', 'kffische', 'tejaspant25', 'wang1304', 'rjaramillo', 'jeeheelim', 'acheung314', 'maithilee', 'lzyaml', 'raom', 'scropio111', 'vinita.iyer', 'topperwa', 'skalkste', 'sdasappa', 'ngoswam2', 'shanbin', 'bboilerman', 'sunyan0106', 'ahagen', 'brennank', 'youyibi2012', 'tdhall89', 'hylton', 'myen', 'abweaver', 'hlalit', 'ninad.trifale', 'msane', 'dmizell', None, 'fbonache', 'cui29', 'ixudi', 'nicholashusen', 'btoda410', 'nghaisa', 'mwada', 'clarksm']"
7,230,48,8,6,"['mdevito', 'skalkste', 'topperwa', 'sdasappa', 'alberts1', 'kffische']",41,"['tblatchl', 'cspreen', 'lkwkevin', 'mao27', 'nielsent', 'leaso', 'kbuechel', 'apps', 'juncheng', 'tejaspant25', 'wang1304', 'rjaramillo', 'jeeheelim', 'acheung314', 'maithilee', 'lzyaml', 'raom', 'scropio111', 'vinita.iyer', 'ngoswam2', 'shanbin', 'bboilerman', 'sunyan0106', 'ahagen', 'brennank', 'youyibi2012', 'tdhall89', 'hylton', 'myen', 'abweaver', 'hlalit', 'ninad.trifale', 'msane', 'dmizell', 'fbonache', 'cui29', 'ixudi', 'nicholashusen', 'btoda410', 'nghaisa', 'mwada']",2,"[None, 'sganguly']",49,"['tblatchl', 'cspreen', 'lkwkevin', 'mdevito', 'mao27', 'nielsent', 'leaso', 'kbuechel', 'apps', 'alberts1', 'juncheng', 'kffische', 'tejaspant25', 'wang1304', 'rjaramillo', 'jeeheelim', 'acheung314', 'maithilee', 'lzyaml', 'raom', 'scropio111', 'vinita.iyer', 'sganguly', 'topperwa', 'skalkste', 'sdasappa', 'ngoswam2', 'shanbin', 'bboilerman', 'sunyan0106', 'ahagen', 'brennank', 'youyibi2012', 'tdhall89', 'hylton', 'myen', 'abweaver', 'hlalit', 'ninad.trifale', 'msane', 'dmizell', None, 'fbonache', 'cui29', 'ixudi', 'nicholashusen', 'btoda410', 'nghaisa', 'mwada']"
7,222,48,7,6,"['rjaramillo', 'fbonache', 'vinita.iyer', 'nicholashusen', 'sunyan0106', 'kffische']",41,"['tblatchl', 'cspreen', 'lkwkevin', 'mdevito', 'mao27', 'nielsent', 'leaso', 'kbuechel', 'apps', 'alberts1', 'juncheng', 'tejaspant25', 'wang1304', 'jeeheelim', 'acheung314', 'maithilee', 'lzyaml', 'raom', 'scropio111', 'topperwa', 'skalkste', 'sdasappa', 'ngoswam2', 'shanbin', 'bboilerman', 'ahagen', 'brennank', 'youyibi2012', 'tdhall89', 'hylton', 'myen', 'abweaver', 'hlalit', 'ninad.trifale', 'msane', 'dmizell', 'cui29', 'ixudi', 'btoda410', 'nghaisa', 'mwada']",1,[None],48,"['tblatchl', 'cspreen', 'lkwkevin', 'mdevito', 'mao27', 'nielsent', 'leaso', 'kbuechel', 'apps', 'alberts1', 'juncheng', 'kffische', 'tejaspant25', 'wang1304', 'rjaramillo', 'jeeheelim', 'acheung314', 'maithilee', 'lzyaml', 'raom', 'scropio111', 'vinita.iyer', 'topperwa', 'skalkste', 'sdasappa', 'ngoswam2', 'shanbin', 'bboilerman', 'sunyan0106', 'ahagen', 'brennank', 'youyibi2012', 'tdhall89', 'hylton', 'myen', 'abweaver', 'hlalit', 'ninad.trifale', 'msane', 'dmizell', None, 'fbonache', 'cui29', 'ixudi', 'nicholashusen', 'btoda410', 'nghaisa', 'mwada']"
7,225,48,7,3,"['youyibi2012', 'nicholashusen', 'sunyan0106']",44,"['tblatchl', 'cspreen', 'lkwkevin', 'mdevito', 'mao27', 'nielsent', 'leaso', 'kbuechel', 'apps', 'alberts1', 'juncheng', 'kffische', 'tejaspant25', 'wang1304', 'rjaramillo', 'jeeheelim', 'acheung314', 'maithilee', 'lzyaml', 'raom', 'scropio111', 'vinita.iyer', 'topperwa', 'skalkste', 'sdasappa', 'ngoswam2', 'shanbin', 'bboilerman', 'ahagen', 'brennank', 'tdhall89', 'hylton', 'myen', 'abweaver', 'hlalit', 'ninad.trifale', 'msane', 'dmizell', 'fbonache', 'cui29', 'ixudi', 'btoda410', 'nghaisa', 'mwada']",4,"['gmodeloh', 'gah', None, 'mohamed']",51,"['tblatchl', 'cspreen', 'lkwkevin', 'mdevito', 'mao27', 'nielsent', 'leaso', 'kbuechel', 'apps', 'alberts1', 'juncheng', 'kffische', 'tejaspant25', 'wang1304', 'rjaramillo', 'jeeheelim', 'acheung314', 'mohamed', 'maithilee', 'lzyaml', 'raom', 'scropio111', 'vinita.iyer', 'topperwa', 'skalkste', 'sdasappa', 'ngoswam2', 'shanbin', 'bboilerman', 'sunyan0106', 'ahagen', 'brennank', 'youyibi2012', 'tdhall89', 'hylton', 'myen', 'abweaver', 'hlalit', 'ninad.trifale', 'msane', 'dmizell', 'gah', None, 'gmodeloh', 'fbonache', 'cui29', 'ixudi', 'nicholashusen', 'btoda410', 'nghaisa', 'mwada']"
8,42,43,87,12,"['sophiez', 'niktike', 'nithinreddyc', 'jdallesasse', 'pillari3', 'bhuiya1', 'lee117', 'pablozavala', 'lo16', 'koenig4', 'kilokaka', 'logsdon404']",30,"['hhuq', 'kaloryfer', 'neg_ion13', 'jgladden', 'kleyweg1', 'hswenson3', 'yeopse', 'hollygrape', 'andersbm', 'chelseabuns', 'joy1626', 'priyesh', 'opheliawen', 'emvogel', 'sbodhe9', 'ashishdhingra81', 'muppy', 'bogdan', 'sarastro', 'juanmamp91', 'axw121630', 'ankushchaudhary', 'marcelpena', 'has9.ahmad', 'hafizsd', 'cbruce6', 'lfinlay80', 'malkomic000', 'pelisset', 'phil573']",75,"['andri', 'kharoutaj', 'ahoag', 'ajstreed', 'ckkevin1014', 'condon3', 'k912323', 'lc199166', 'mikebarsaloux', 'perpetual89', 'jvanderwoude', 'zhou62', 'guitaristzhang', 'kirihar1', 'wlee85', 'kolze100', 'singh29', 'koksal2', 'lai35', 'sudzi781', '54hi0', 'page10', 'lin189', 'mkjo2', 'brinkmanship', 'ruichen77', 'joe510784', 'baker32', 'caroldd', 'chao16', 'jefflawrence', 'yuyan1', 'jezzar', 'wasdfa', 'morningzz', 'yang82', 'hh22191', 'scrain', 'aishsingh', 'ellieyan', 'rpark216', 'krkelly', 'captiva34', 'chumblyone', 'lambert8', 'gonzal41', 'kelihui1', 'azamatm', 'louisly', 'shangyee', 'blackbu3', 'dee7291', 'dbieli2', 'slee18', 'amill676', 'eceece', None, 'yding16', 'c32325', 'zhangchengyi', 'godard1', 'fishtoo', 'magerko1', 'darrenchen', 'tath', 'kolthof1', 'asyed33', 'nshafi3', 'jlee3725', 'flybywire91', 'sefhmc', 'kamman2', 'bradsnyder', 'rossdwolf', 'nlowrey']",117,"['kharoutaj', 'lc199166', 'perpetual89', 'wlee85', 'kolze100', 'singh29', 'koksal2', 'mkjo2', 'brinkmanship', 'priyesh', 'rpark216', 'chumblyone', 'lambert8', 'juanmamp91', 'pillari3', 'dee7291', 'yding16', 'niktike', 'nshafi3', 'pablozavala', 'kamman2', 'hhuq', 'yuyan1', 'nlowrey', 'kaloryfer', 'lee117', 'guitaristzhang', 'lai35', 'sudzi781', 'hswenson3', 'hollygrape', '54hi0', 'andersbm', 'joy1626', 'caroldd', 'morningzz', 'sbodhe9', 'ashishdhingra81', 'muppy', 'sophiez', 'nithinreddyc', 'kelihui1', 'azamatm', 'shangyee', 'axw121630', 'amill676', 'eceece', None, 'magerko1', 'tath', 'asyed33', 'cbruce6', 'jlee3725', 'lfinlay80', 'malkomic000', 'ckkevin1014', 'phil573', 'mikebarsaloux', 'zhou62', 'kirihar1', 'page10', 'yeopse', 'chelseabuns', 'ruichen77', 'joe510784', 'baker32', 'chao16', 'jezzar', 'wasdfa', 'hh22191', 'louisly', 'slee18', 'ankushchaudhary', 'lo16', 'kilokaka', 'marcelpena', 'zhangchengyi', 'godard1', 'has9.ahmad', 'sefhmc', 'pelisset', 'bradsnyder', 'logsdon404', 'rossdwolf', 'andri', 'ajstreed', 'condon3', 'k912323', 'neg_ion13', 'jdallesasse', 'jgladden', 'jvanderwoude', 'kleyweg1', 'lin189', 'jefflawrence', 'opheliawen', 'bhuiya1', 'emvogel', 'yang82', 'scrain', 'aishsingh', 'ellieyan', 'bogdan', 'krkelly', 'captiva34', 'gonzal41', 'sarastro', 'blackbu3', 'dbieli2', 'c32325', 'fishtoo', 'darrenchen', 'kolthof1', 'hafizsd', 'flybywire91', 'koenig4', 'ahoag']"
8,43,43,25,3,"['hafizsd', 'has9.ahmad', 'hollygrape']",39,"['kaloryfer', 'neg_ion13', 'jgladden', 'jdallesasse', 'lee117', 'kleyweg1', 'koenig4', 'hswenson3', 'yeopse', 'andersbm', 'chelseabuns', 'joy1626', 'priyesh', 'bhuiya1', 'opheliawen', 'emvogel', 'sbodhe9', 'ashishdhingra81', 'muppy', 'sophiez', 'bogdan', 'phil573', 'nithinreddyc', 'sarastro', 'juanmamp91', 'pillari3', 'axw121630', 'ankushchaudhary', 'lo16', 'kilokaka', 'marcelpena', 'niktike', 'cbruce6', 'lfinlay80', 'malkomic000', 'pablozavala', 'pelisset', 'hhuq', 'logsdon404']",22,"['surya2', 'chovelice', 'malak577', 'zhang354', 'dedios1', 'eliu0117', 'lee893', 'adambubar', 'lee103', 'chen381', 'xp19375', 'bcvaugh2', 'miuz9010', 'xiruihe1', 'chenegan', 'frankow1', None, 'david.walder', 'zzhu7', 'penis', 'caz1429', 'zhang258']",64,"['hhuq', 'surya2', 'kaloryfer', 'neg_ion13', 'jdallesasse', 'jgladden', 'lee117', 'kleyweg1', 'chovelice', 'malak577', 'hswenson3', 'hollygrape', 'yeopse', 'zhang354', 'dedios1', 'eliu0117', 'andersbm', 'chelseabuns', 'joy1626', 'lee893', 'priyesh', 'bhuiya1', 'opheliawen', 'emvogel', 'sbodhe9', 'ashishdhingra81', 'muppy', 'sophiez', 'bogdan', 'phil573', 'adambubar', 'lee103', 'chen381', 'xp19375', 'nithinreddyc', 'sarastro', 'bcvaugh2', 'juanmamp91', 'pillari3', 'miuz9010', 'xiruihe1', 'chenegan', 'axw121630', 'ankushchaudhary', 'lo16', None, 'kilokaka', 'frankow1', 'marcelpena', 'david.walder', 'niktike', 'has9.ahmad', 'zzhu7', 'penis', 'caz1429', 'hafizsd', 'cbruce6', 'lfinlay80', 'malkomic000', 'zhang258', 'pablozavala', 'pelisset', 'koenig4', 'logsdon404']"
8,44,43,20,2,"['lee117', 'malkomic000']",40,"['kaloryfer', 'neg_ion13', 'jgladden', 'jdallesasse', 'kleyweg1', 'koenig4', 'hswenson3', 'yeopse', 'hollygrape', 'andersbm', 'chelseabuns', 'joy1626', 'priyesh', 'bhuiya1', 'opheliawen', 'emvogel', 'sbodhe9', 'ashishdhingra81', 'muppy', 'sophiez', 'bogdan', 'phil573', 'nithinreddyc', 'sarastro', 'juanmamp91', 'pillari3', 'axw121630', 'ankushchaudhary', 'lo16', 'kilokaka', 'marcelpena', 'niktike', 'has9.ahmad', 'hafizsd', 'cbruce6', 'lfinlay80', 'pablozavala', 'pelisset', 'hhuq', 'logsdon404']",18,"['gurbaazsidhu', None, 'coxsey1', 'styyle14', 'ruiwangece', 'smsaladi', 'trovill1', 'mengchen', 'yiumingh', 'freeckj1003', 'smetana4', 'gerth2', 'niebrug1', 'mrabe17', 'lufthansa92', 'luokaihang0822', 'jtang10', 'rossdwolf']",60,"['hhuq', 'kaloryfer', 'neg_ion13', 'jdallesasse', 'jgladden', 'lee117', 'kleyweg1', 'lufthansa92', 'hswenson3', 'hollygrape', 'yeopse', 'styyle14', 'coxsey1', 'andersbm', 'chelseabuns', 'joy1626', 'smsaladi', 'trovill1', 'mengchen', 'priyesh', 'bhuiya1', 'opheliawen', 'emvogel', 'sbodhe9', 'mrabe17', 'luokaihang0822', 'ashishdhingra81', 'ruiwangece', 'jtang10', 'muppy', 'sophiez', 'bogdan', 'phil573', 'yiumingh', 'nithinreddyc', 'sarastro', 'juanmamp91', 'pillari3', 'gerth2', 'axw121630', 'ankushchaudhary', 'lo16', None, 'kilokaka', 'freeckj1003', 'marcelpena', 'gurbaazsidhu', 'smetana4', 'niktike', 'has9.ahmad', 'rossdwolf', 'hafizsd', 'cbruce6', 'lfinlay80', 'malkomic000', 'niebrug1', 'pablozavala', 'pelisset', 'koenig4', 'logsdon404']"
8,45,43,9,1,['kleyweg1'],41,"['hhuq', 'kaloryfer', 'neg_ion13', 'jdallesasse', 'jgladden', 'lee117', 'hswenson3', 'hollygrape', 'yeopse', 'andersbm', 'chelseabuns', 'joy1626', 'priyesh', 'bhuiya1', 'opheliawen', 'emvogel', 'sbodhe9', 'ashishdhingra81', 'muppy', 'sophiez', 'bogdan', 'phil573', 'nithinreddyc', 'sarastro', 'juanmamp91', 'pillari3', 'axw121630', 'ankushchaudhary', 'lo16', 'kilokaka', 'marcelpena', 'niktike', 'has9.ahmad', 'hafizsd', 'cbruce6', 'lfinlay80', 'malkomic000', 'pablozavala', 'pelisset', 'koenig4', 'logsdon404']",8,"[None, 'kwulph', 'newell1', 'akgun1', 'zeng17', 'callant1', 'eceece', 'kao24']",50,"['hhuq', 'kaloryfer', 'neg_ion13', 'jdallesasse', 'jgladden', 'lee117', 'kleyweg1', 'hswenson3', 'hollygrape', 'yeopse', 'andersbm', 'chelseabuns', 'joy1626', 'newell1', 'priyesh', 'bhuiya1', 'opheliawen', 'zeng17', 'emvogel', 'sbodhe9', 'ashishdhingra81', 'muppy', 'sophiez', 'bogdan', 'phil573', 'callant1', 'nithinreddyc', 'sarastro', 'akgun1', 'juanmamp91', 'pillari3', 'axw121630', 'ankushchaudhary', 'eceece', 'lo16', 'kao24', 'kilokaka', None, 'marcelpena', 'niktike', 'has9.ahmad', 'kwulph', 'hafizsd', 'cbruce6', 'lfinlay80', 'malkomic000', 'pablozavala', 'pelisset', 'koenig4', 'logsdon404']"
9,114,40,12,1,['sunmin04'],38,"['goutham90', 'ravesun', 'drjcampbell', 'vt', 'xendar', 'erdikusdemir', 'chenchj100', 'hsuominen', 'rk.ujwal', 'rrakes', 'alexgr', 'erex', 'quintero', 'nick_kisialiou', 'pauldhinakar', 'khaledkirah', 'nlmd06', 'ykrishnamurthy', 'gaffar4012', 'rifat', 'zytung88', 'rgulo001', 'abhishek_reddy30', 'ekbanghart', 'earendil1789', 'ar2654', 'alexschmidt', 'hwwong', 'kosala', 'sangwook', 'anwesha1', 'bcking', 'imroze99', 'kad82', 'sorg20', 'cjiang', 'rgouk', 'vasily_zabelin_1980']",11,"['jrenteria', 'dingerly', 'davidhanson2000', 'michaelreilly', 'rcaudillo', 'supertjhok', 'pradhyumnar', 'binglinmiao', None, 'ghader', 'ramesh07']",50,"['goutham90', 'ravesun', 'jrenteria', 'drjcampbell', 'vt', 'sunmin04', 'xendar', 'erdikusdemir', 'chenchj100', 'hsuominen', 'rk.ujwal', 'rrakes', 'alexgr', 'erex', 'davidhanson2000', 'quintero', 'rcaudillo', 'nick_kisialiou', 'pauldhinakar', 'khaledkirah', 'nlmd06', 'cjiang', 'ykrishnamurthy', 'rifat', 'zytung88', 'rgulo001', 'abhishek_reddy30', 'supertjhok', 'ekbanghart', 'pradhyumnar', 'earendil1789', 'ar2654', 'ghader', 'alexschmidt', 'binglinmiao', None, 'hwwong', 'kosala', 'dingerly', 'michaelreilly', 'ramesh07', 'sangwook', 'anwesha1', 'bcking', 'imroze99', 'kad82', 'sorg20', 'gaffar4012', 'rgouk', 'vasily_zabelin_1980']"
9,115,40,12,4,"['abhishek_reddy30', 'nick_kisialiou', 'hwwong', 'sorg20']",35,"['goutham90', 'ravesun', 'drjcampbell', 'vt', 'sunmin04', 'xendar', 'erdikusdemir', 'chenchj100', 'hsuominen', 'rk.ujwal', 'rrakes', 'alexgr', 'erex', 'quintero', 'pauldhinakar', 'khaledkirah', 'nlmd06', 'ykrishnamurthy', 'gaffar4012', 'rifat', 'zytung88', 'rgulo001', 'ekbanghart', 'earendil1789', 'ar2654', 'alexschmidt', 'kosala', 'sangwook', 'anwesha1', 'bcking', 'imroze99', 'kad82', 'cjiang', 'rgouk', 'vasily_zabelin_1980']",8,"['r8satish', 'prune', 'dingerly', 'suhasgupta', 'rgrover', 'lasiddiq', 'mugsy', None]",47,"['goutham90', 'prune', 'ravesun', 'drjcampbell', 'vt', 'sunmin04', 'xendar', 'erdikusdemir', 'chenchj100', 'hsuominen', 'rk.ujwal', 'r8satish', 'suhasgupta', 'rrakes', 'rgrover', 'alexgr', 'erex', 'quintero', 'nick_kisialiou', 'pauldhinakar', 'khaledkirah', 'nlmd06', 'cjiang', 'ykrishnamurthy', 'rifat', 'zytung88', 'lasiddiq', 'rgulo001', 'abhishek_reddy30', 'ekbanghart', 'earendil1789', 'ar2654', 'mugsy', 'alexschmidt', None, 'hwwong', 'kosala', 'dingerly', 'sangwook', 'anwesha1', 'bcking', 'imroze99', 'kad82', 'sorg20', 'gaffar4012', 'rgouk', 'vasily_zabelin_1980']"
9,116,40,10,2,"['anwesha1', 'imroze99']",37,"['goutham90', 'ravesun', 'drjcampbell', 'vt', 'sunmin04', 'xendar', 'erdikusdemir', 'chenchj100', 'hsuominen', 'rk.ujwal', 'rrakes', 'alexgr', 'erex', 'quintero', 'nick_kisialiou', 'pauldhinakar', 'khaledkirah', 'nlmd06', 'ykrishnamurthy', 'gaffar4012', 'rifat', 'zytung88', 'rgulo001', 'abhishek_reddy30', 'ekbanghart', 'earendil1789', 'ar2654', 'alexschmidt', 'hwwong', 'kosala', 'sangwook', 'bcking', 'kad82', 'sorg20', 'cjiang', 'rgouk', 'vasily_zabelin_1980']",8,"['tarun_agarwal90', 'viveka', 'bprasad2005', 'richa.hcl', 'nileshgoel', 'vineethsukumaran', 'jainphiliputhup', None]",47,"['goutham90', 'ravesun', 'drjcampbell', 'vt', 'sunmin04', 'xendar', 'erdikusdemir', 'chenchj100', 'vineethsukumaran', 'hsuominen', 'rk.ujwal', 'tarun_agarwal90', 'rrakes', 'bprasad2005', 'alexgr', 'erex', 'quintero', 'nick_kisialiou', 'pauldhinakar', 'khaledkirah', 'nlmd06', 'cjiang', 'ykrishnamurthy', 'viveka', 'rifat', 'richa.hcl', 'zytung88', 'nileshgoel', 'rgulo001', 'abhishek_reddy30', 'ekbanghart', 'earendil1789', 'ar2654', 'alexschmidt', 'jainphiliputhup', None, 'hwwong', 'kosala', 'sangwook', 'anwesha1', 'bcking', 'imroze99', 'kad82', 'sorg20', 'gaffar4012', 'rgouk', 'vasily_zabelin_1980']"
10,113,38,185,37,"['eselyo0', 'scmoto', '525ras', 'alitoff', 'dreifer', 'edwardhu', 'isabellavaldescruz2016', 'nwang229', 'cchan21a', 'duyencao2017', 'bcresey', 'choop', 'supriyabharati', 'caw654', 'matthewocana', 'sypark1029', 'dliang', 'durdur', 'cassadian', 'beccadugs1', 'jwq912', 'bobmandude', '85boom', 'mshalman', 'mfagan', 'jck577', '754changsteph', 'adelong17', 'thisguy', 'jennyjenjen2710', 'mrp527', 'lburke', 'emeryweinstein', 'arabablouzian', 'dparikh', 'jacobchatzky', 'mjurado9293']",0,[],148,"['mitchzub', 'kgupta', 'molivo', 'pbflannery', 'jpratt', 'r0bert', 'rnayak', 'alliesalomon', 'danajohnson2016', 'bgoodman', 'aryost', 'erm070', 'emz850', 'bmk450', 'mustangsheila06', 'failureonline', 'slhatch', 'ebell12', 'jmk15151', 'oansari', 'kanderson', 'leahvinson2012', 'audunjohnson', 'takansei', 'codywarner15', 'abhayani', 'jyy327', 'mattamrofell', 'richah87', 'kareem94', 'aqueousplanet', 'elaine.lokken', 'slants', 'akhan786', 'hannaharntson2016', 'cgoldman', 'bryanhuebner2016', 'jkim3294', 'esenu', 'kcai', 'evanrosati', 'nevilgeorge', 'aju576', 'camillecalvin', 'vwo097', 'dombrowskijd', 'adamlim', 'chilliams', 'azb277', 'pcarlin', 'hchen', 'ecf797', 'vickyccho', 'awang16', 'bowhite', 'ktm463', 'danwedig', 'jhou', 'fzp902', 'shu885', 'bpopovic', 'lvmaliakal', 'miriambk11', 'monicacheng', 'hbeas13', 'j.gross', 'ppeng123', 'rrastogi', 'aidan1350', 'cchen1', 'rah081', 'iday2894', 'aryder', 'ohnemusd', 'lizakelly', 'ncroy', 'mab8436', 'swerner94', 'vka952', 'xkngofqnz', 'qwerty', 'rjb800', 'yuyang552703', 'vivienlho', 'tcf213', 'zme543', 'mdiemer', 'drice', 'atabing', 'melissag', 'jessimarone', 'nbrisson', 'farms', 'schung', 'yxu1', 'karleywds', 'vgn950', 'jmarshall77', 'jtzeggai', 'nahcc21a', 'amh250', 'danielgolden2012', 'jhsieh22', 'kevinoommen', 'anshuhemrajani', 'hassanthegali', 'shosakoppal', 'somini93', 'ajahren', 'willem_wang', 'jsgalyas', 'acm150', 'cnowicki', 'bko1208', 'jazarcon', 'cdorsey', 'kcp199', 'rtu212', 'pottmar', 'andrew1', 'rnegassa', 'scruffynerfherder42', 'rme105', 'saa925', 'dheller93', 'anr180', 'ykg263', 'vassilis1', 'chart', 'nathanaelrobinson', 'butfuckingwhy', 'slombardo', 'amarshah2016', 'hiyiewuare', 'jjp717', 'royyu42', 'crobinson45673820', 'ria022', 'mso680', 'eladdeiss1', 'ibaek', 'timothystead2016', 'stacykim2016', 'swp104', 'rkw230', 'melodysong2016', 'ayang199', 'fbrittain']",185,"['eselyo0', 'mitchzub', 'kgupta', 'molivo', 'alitoff', 'dreifer', 'edwardhu', 'pbflannery', 'jpratt', 'r0bert', 'rnayak', 'alliesalomon', 'danajohnson2016', 'bgoodman', 'aryost', 'erm070', 'emz850', 'bmk450', 'mustangsheila06', 'bcresey', 'failureonline', 'choop', 'slhatch', 'ebell12', 'jmk15151', 'oansari', 'kanderson', 'leahvinson2012', 'audunjohnson', 'takansei', 'codywarner15', 'abhayani', 'beccadugs1', 'jwq912', 'bobmandude', 'jyy327', 'mattamrofell', 'richah87', 'kareem94', 'aqueousplanet', 'elaine.lokken', 'slants', 'akhan786', 'hannaharntson2016', 'jennyjenjen2710', 'cgoldman', 'bryanhuebner2016', 'jkim3294', 'esenu', 'kcai', 'scmoto', 'evanrosati', 'nevilgeorge', 'aju576', '525ras', 'camillecalvin', 'vwo097', 'dombrowskijd', 'adamlim', 'cchan21a', 'duyencao2017', 'chilliams', 'azb277', 'pcarlin', 'hchen', 'caw654', 'ecf797', 'vickyccho', 'awang16', 'bowhite', 'ktm463', 'danwedig', 'jhou', 'fzp902', 'shu885', 'bpopovic', 'lvmaliakal', 'miriambk11', 'monicacheng', 'hbeas13', 'j.gross', 'ppeng123', 'rrastogi', 'jacobchatzky', 'mjurado9293', 'aidan1350', 'cchen1', 'rah081', 'isabellavaldescruz2016', 'iday2894', 'aryder', 'ohnemusd', 'lizakelly', 'nwang229', 'ncroy', 'mab8436', 'swerner94', 'vka952', 'xkngofqnz', 'qwerty', 'sypark1029', 'rjb800', 'dliang', 'yuyang552703', 'vivienlho', 'durdur', 'tcf213', 'zme543', 'mdiemer', 'drice', 'atabing', 'melissag', 'jessimarone', 'nbrisson', 'farms', 'schung', 'mshalman', 'yxu1', 'vgn950', 'jmarshall77', 'jtzeggai', 'mrp527', 'lburke', 'nahcc21a', 'amh250', 'danielgolden2012', 'jhsieh22', 'emeryweinstein', 'kevinoommen', 'anshuhemrajani', 'hassanthegali', 'dparikh', 'supriyabharati', 'shosakoppal', 'somini93', 'ajahren', 'willem_wang', 'jsgalyas', 'acm150', 'cnowicki', 'bko1208', 'jazarcon', 'cdorsey', 'kcp199', 'rtu212', 'pottmar', 'andrew1', 'rnegassa', 'scruffynerfherder42', 'rme105', 'saa925', 'dheller93', 'anr180', 'ykg263', 'vassilis1', 'matthewocana', 'cassadian', 'chart', 'nathanaelrobinson', 'butfuckingwhy', '85boom', 'mfagan', 'slombardo', 'jck577', 'amarshah2016', 'hiyiewuare', '754changsteph', 'adelong17', 'jjp717', 'royyu42', 'crobinson45673820', 'ria022', 'mso680', 'eladdeiss1', 'thisguy', 'ibaek', 'timothystead2016', 'stacykim2016', 'swp104', 'ayang199', 'arabablouzian', 'rkw230', 'melodysong2016', 'karleywds', 'fbrittain']"
11,74,37,34,1,['neesea'],35,"['leofonseca', 'jgarves', 'jesquiv', 'ozdemir', 'sunyiwei', 'dquickel', 'roy_atlans', 'kolispeter', 'fernandoaresende', 'ppacey', 'davelaurence0290', 'insanexd', 'snedelea', 'ftn1989', 'davidjohnson50', 'mlasmar', 'paulsilva', 'mjoe', 'xias', 'zwang020', 'rohit_v16', 'belpoley2012', 'ahmet', 'rohitv16', 'gautamnaik', 'hpelaez', 'yx38', 'mzolnows', 'kchaput', 'boyaziq', 'jmrondo', 'barbudania', 'ppolidor', 'kfezi', 'javila']",33,"['zccampbe', 'wu289', 'mokomi89', 'tcorrent', 'silverpick', 'typete57', 'carlsoe', 'ggushurst11', 'hmac1993', 'mcarrig', 'philli69', 'wang1178', 'monhs2011', 'bruce7', 'davidjohnson', 'rhodes6', 'townsenm', 'hyhxcr', 'btims', 'schroet14', 'iramire', 'coonse', 'davids', 'madducci', 'rmotyka', 'mjankowicz', 'eandreas15', None, 'hyovento', 'fox8', 'rweibel', 'sydstie', 'barneyc']",69,"['leofonseca', 'jgarves', 'neesea', 'zccampbe', 'mokomi89', 'wu289', 'jesquiv', 'ozdemir', 'tcorrent', 'silverpick', 'typete57', 'carlsoe', 'sunyiwei', 'ggushurst11', 'dquickel', 'roy_atlans', 'hmac1993', 'kolispeter', 'mcarrig', 'fernandoaresende', 'philli69', 'wang1178', 'ppacey', 'davelaurence0290', 'monhs2011', 'insanexd', 'bruce7', 'davidjohnson', 'rhodes6', 'snedelea', 'townsenm', 'hyhxcr', 'ftn1989', 'davidjohnson50', 'btims', 'schroet14', 'iramire', 'coonse', 'davids', 'madducci', 'rmotyka', 'mlasmar', 'mjankowicz', 'paulsilva', 'mjoe', 'xias', 'eandreas15', None, 'rohit_v16', 'belpoley2012', 'ahmet', 'rohitv16', 'gautamnaik', 'hpelaez', 'javila', 'yx38', 'hyovento', 'mzolnows', 'kchaput', 'boyaziq', 'jmrondo', 'barbudania', 'fox8', 'ppolidor', 'rweibel', 'kfezi', 'sydstie', 'zwang020', 'barneyc']"
11,75,37,28,2,"['davidjohnson50', 'neesea']",34,"['leofonseca', 'jgarves', 'jesquiv', 'ozdemir', 'sunyiwei', 'dquickel', 'roy_atlans', 'kolispeter', 'fernandoaresende', 'ppacey', 'davelaurence0290', 'insanexd', 'snedelea', 'ftn1989', 'mlasmar', 'paulsilva', 'mjoe', 'xias', 'zwang020', 'rohit_v16', 'belpoley2012', 'ahmet', 'rohitv16', 'gautamnaik', 'hpelaez', 'yx38', 'mzolnows', 'kchaput', 'boyaziq', 'jmrondo', 'barbudania', 'ppolidor', 'kfezi', 'javila']",26,"['aherlihy', 'mokomi89', 'rstone', 'beckerd', 'marti447', 'mrovella', 'shihh1106', 'fan48', 'jhirschf', 'emholtz', 'gao92', 'wang1020', 'anna.jupo', 'jproksa', 'davidjohnson', 'kdornauer', 'nlantier', 'cacecious', None, 'acasares', 'dchriss', 'rgalley', 'davis206', 'hamiltoi', 'hydee7', 'mtoomey']",62,"['leofonseca', 'jgarves', 'neesea', 'aherlihy', 'mokomi89', 'rstone', 'jesquiv', 'beckerd', 'ozdemir', 'marti447', 'mrovella', 'sunyiwei', 'shihh1106', 'dquickel', 'fan48', 'roy_atlans', 'kolispeter', 'fernandoaresende', 'jhirschf', 'ppacey', 'emholtz', 'davelaurence0290', 'gao92', 'wang1020', 'insanexd', 'anna.jupo', 'jproksa', 'davidjohnson', 'snedelea', 'kdornauer', 'ftn1989', 'nlantier', 'davidjohnson50', 'cacecious', 'mlasmar', 'paulsilva', 'mjoe', 'xias', None, 'acasares', 'dchriss', 'rgalley', 'rohit_v16', 'belpoley2012', 'ahmet', 'rohitv16', 'gautamnaik', 'hpelaez', 'javila', 'yx38', 'davis206', 'mzolnows', 'kchaput', 'boyaziq', 'jmrondo', 'barbudania', 'hamiltoi', 'ppolidor', 'hydee7', 'kfezi', 'zwang020', 'mtoomey']"
11,70,37,22,1,['yx38'],35,"['leofonseca', 'jgarves', 'neesea', 'jesquiv', 'ozdemir', 'sunyiwei', 'dquickel', 'roy_atlans', 'kolispeter', 'fernandoaresende', 'ppacey', 'davelaurence0290', 'insanexd', 'snedelea', 'ftn1989', 'davidjohnson50', 'mlasmar', 'paulsilva', 'mjoe', 'xias', 'zwang020', 'rohit_v16', 'belpoley2012', 'ahmet', 'rohitv16', 'gautamnaik', 'hpelaez', 'mzolnows', 'kchaput', 'boyaziq', 'jmrondo', 'barbudania', 'ppolidor', 'kfezi', 'javila']",21,"['alicia.kriete', 'rcd46', 'mbarthold', 'normanlu0724', 'amoretti423', 'lja27', 'tsl24', 'acl46', 'eit23', 'pb464', 'bsuth916', 'daves', 'burks_gabriel', None, 'jmk352', 'nadoon21', 'selv55', 'jja52', 'ug23', 'jas459', 'ekp26']",57,"['leofonseca', 'jgarves', 'neesea', 'alicia.kriete', 'rcd46', 'ug23', 'jesquiv', 'ozdemir', 'mbarthold', 'sunyiwei', 'normanlu0724', 'dquickel', 'roy_atlans', 'kolispeter', 'fernandoaresende', 'amoretti423', 'ppacey', 'davelaurence0290', 'lja27', 'tsl24', 'insanexd', 'acl46', 'snedelea', 'eit23', 'pb464', 'ftn1989', 'davidjohnson50', 'bsuth916', 'daves', 'mlasmar', 'burks_gabriel', 'paulsilva', 'mjoe', 'xias', None, 'jmk352', 'nadoon21', 'rohit_v16', 'belpoley2012', 'selv55', 'ahmet', 'rohitv16', 'gautamnaik', 'hpelaez', 'javila', 'yx38', 'jja52', 'mzolnows', 'kchaput', 'boyaziq', 'jmrondo', 'barbudania', 'jas459', 'ppolidor', 'ekp26', 'kfezi', 'zwang020']"
11,72,37,15,9,"['dquickel', 'roy_atlans', 'jgarves', 'gautamnaik', 'ppacey', 'boyaziq', 'jesquiv', 'ppolidor', 'xias']",27,"['leofonseca', 'neesea', 'ozdemir', 'sunyiwei', 'kolispeter', 'fernandoaresende', 'davelaurence0290', 'insanexd', 'snedelea', 'ftn1989', 'davidjohnson50', 'mlasmar', 'paulsilva', 'mjoe', 'zwang020', 'rohit_v16', 'belpoley2012', 'ahmet', 'rohitv16', 'hpelaez', 'yx38', 'mzolnows', 'kchaput', 'barbudania', 'jmrondo', 'kfezi', 'javila']",6,"['thirvo', 'david0917', 'davgumo', 'davesocal', 'saikumar_234', None]",42,"['leofonseca', 'jgarves', 'neesea', 'davgumo', 'jesquiv', 'ozdemir', 'saikumar_234', 'sunyiwei', 'dquickel', 'roy_atlans', 'kolispeter', 'fernandoaresende', 'ppacey', 'davelaurence0290', 'insanexd', 'snedelea', 'ftn1989', 'david0917', 'davidjohnson50', 'mlasmar', 'paulsilva', 'mjoe', 'xias', None, 'thirvo', 'rohit_v16', 'belpoley2012', 'ahmet', 'rohitv16', 'gautamnaik', 'hpelaez', 'javila', 'yx38', 'mzolnows', 'kchaput', 'boyaziq', 'jmrondo', 'barbudania', 'ppolidor', 'davesocal', 'kfezi', 'zwang020']"
11,73,37,10,8,"['leofonseca', 'belpoley2012', 'fernandoaresende', 'ftn1989', 'insanexd', 'mlasmar', 'paulsilva', 'javila']",28,"['jgarves', 'neesea', 'jesquiv', 'ozdemir', 'sunyiwei', 'dquickel', 'roy_atlans', 'kolispeter', 'ppacey', 'davelaurence0290', 'snedelea', 'davidjohnson50', 'mjoe', 'xias', 'rohit_v16', 'ahmet', 'rohitv16', 'gautamnaik', 'hpelaez', 'yx38', 'mzolnows', 'kchaput', 'boyaziq', 'jmrondo', 'barbudania', 'ppolidor', 'kfezi', 'zwang020']",2,"['jakitsch', None]",38,"['leofonseca', 'jgarves', 'neesea', 'jesquiv', 'ozdemir', 'sunyiwei', 'dquickel', 'roy_atlans', 'kolispeter', 'fernandoaresende', 'ppacey', 'davelaurence0290', 'insanexd', 'snedelea', 'jakitsch', 'ftn1989', 'davidjohnson50', 'mlasmar', 'paulsilva', 'mjoe', 'xias', None, 'rohit_v16', 'belpoley2012', 'ahmet', 'rohitv16', 'gautamnaik', 'hpelaez', 'javila', 'yx38', 'mzolnows', 'kchaput', 'boyaziq', 'jmrondo', 'barbudania', 'ppolidor', 'kfezi', 'zwang020']"
12,33,36,179,34,"['tah210', 'katiemclaughlin', 'm.sophia.k', 'apa041', 'aaronjames806', 'abablouzian', 'zrt537', 'isabellamay', 'kl2836', 'ianyichan', 'aakashtshah', 'flippinaces', 'jyoon2016', 'eaj939', 'kyom', 'nreddy94', 'tall6', 'nanovictoria33', 'jwilliams', 'xay573', 'aidanpettit', 'lyonwang', 'jwq9122', 'essielyo0', 'gecko245', 'fagan125', 's1r1h', 'catewalters', 'klemcc2016', 'kellyh', 'beccadugs', 'beppo2boy', 'shc320', 'andrew.andrewhsieh']",1,['bob0322'],145,"['mitchzub', 'kgupta', 'molivo', 'pbflannery', 'jpratt', 'r0bert', 'alliesalomon', 'danajohnson2016', 'rnayak', 'bgoodman', 'aryost', 'erm070', 'emz850', 'bmk450', 'mustangsheila06', 'failureonline', 'ebell12', 'jmk15151', 'oansari', 'kanderson', 'leahvinson2012', 'takansei', 'audunjohnson', 'codywarner15', 'abhayani', 'jyy327', 'mattamrofell', 'richah87', 'kareem94', 'aqueousplanet', 'elaine.lokken', 'slants', 'akhan786', 'hannaharntson2016', 'cgoldman', 'bryanhuebner2016', 'jkim3294', 'esenu', 'kcai', 'evanrosati', 'nevilgeorge', 'aju576', 'camillecalvin', 'vwo097', 'dombrowskijd', 'adamlim', 'chilliams', 'azb277', 'pcarlin', 'hchen', 'ecf797', 'vickyccho', 'awang16', 'bowhite', 'ktm463', 'danwedig', 'jhou', 'fzp902', None, 'shu885', 'bpopovic', 'lvmaliakal', 'miriambk11', 'monicacheng', 'hbeas13', 'j.gross', 'ppeng123', 'rrastogi', 'aidan1350', 'cchen1', 'rah081', 'iday2894', 'ohnemusd', 'lizakelly', 'ncroy', 'mab8436', 'swerner94', 'vka952', 'xkngofqnz', 'qwerty', 'rjb800', 'yuyang552703', 'vivienlho', 'tcf213', 'zme543', 'mdiemer', 'drice', 'atabing', 'melissag', 'jessimarone', 'nbrisson', 'farms', 'schung', 'yxu1', 'karleywds', 'vgn950', 'jmarshall77', 'jtzeggai', 'nahcc21a', 'amh250', 'danielgolden2012', 'jhsieh22', 'anshuhemrajani', 'hassanthegali', 'shosakoppal', 'somini93', 'ajahren', 'willem_wang', 'jsgalyas', 'acm150', 'cnowicki', 'bko1208', 'jazarcon', 'cdorsey', 'kcp199', 'rtu212', 'pottmar', 'andrew1', 'scruffynerfherder42', 'rme105', 'rnegassa', 'saa925', 'dheller93', 'anr180', 'ykg263', 'vassilis1', 'chart', 'butfuckingwhy', 'slombardo', 'amarshah2016', 'hiyiewuare', 'jjp717', 'crobinson45673820', 'royyu42', 'ria022', 'mso680', 'eladdeiss1', 'ibaek', 'timothystead2016', 'stacykim2016', 'swp104', 'rkw230', 'melodysong2016', 'ayang199', 'fbrittain']",180,"['mitchzub', 'kgupta', 'molivo', 'apa041', 'pbflannery', 'aaronjames806', 'jpratt', 'r0bert', 'alliesalomon', 'abablouzian', 'danajohnson2016', 'rnayak', 'kl2836', 'bgoodman', 'aryost', 'aakashtshah', 'erm070', 'emz850', 'bmk450', 'mustangsheila06', 'failureonline', 'kyom', 'ebell12', 'jmk15151', 'oansari', 'kanderson', 'leahvinson2012', 'nreddy94', 'takansei', 'audunjohnson', 'codywarner15', 'abhayani', 'jyy327', 'jwq9122', 'xay573', 'lyonwang', 'mattamrofell', 'gecko245', 'fagan125', 'richah87', 'kareem94', 'aqueousplanet', 'elaine.lokken', 'slants', 'akhan786', 'hannaharntson2016', 'cgoldman', 'bryanhuebner2016', 'jkim3294', 'esenu', 'beppo2boy', 'kcai', 'evanrosati', 'nevilgeorge', 'm.sophia.k', 'aju576', 'camillecalvin', 'zrt537', 'vwo097', 'dombrowskijd', 'adamlim', 'flippinaces', 'chilliams', 'azb277', 'pcarlin', 'hchen', 'eaj939', 'ecf797', 'vickyccho', 'awang16', 'bowhite', 'bob0322', 'ktm463', 'essielyo0', 'danwedig', 'jhou', 'fzp902', None, 'shu885', 's1r1h', 'bpopovic', 'lvmaliakal', 'miriambk11', 'monicacheng', 'hbeas13', 'j.gross', 'ppeng123', 'beccadugs', 'rrastogi', 'aidan1350', 'cchen1', 'andrew.andrewhsieh', 'rah081', 'tah210', 'iday2894', 'isabellamay', 'ohnemusd', 'lizakelly', 'ncroy', 'mab8436', 'swerner94', 'vka952', 'xkngofqnz', 'qwerty', 'tall6', 'rjb800', 'yuyang552703', 'vivienlho', 'tcf213', 'zme543', 'mdiemer', 'drice', 'aidanpettit', 'atabing', 'melissag', 'jessimarone', 'nbrisson', 'farms', 'schung', 'yxu1', 'vgn950', 'catewalters', 'jmarshall77', 'jtzeggai', 'nahcc21a', 'amh250', 'danielgolden2012', 'jhsieh22', 'kellyh', 'anshuhemrajani', 'hassanthegali', 'shosakoppal', 'somini93', 'ajahren', 'willem_wang', 'jsgalyas', 'acm150', 'cnowicki', 'katiemclaughlin', 'bko1208', 'jazarcon', 'cdorsey', 'kcp199', 'rtu212', 'pottmar', 'andrew1', 'ianyichan', 'jyoon2016', 'scruffynerfherder42', 'rme105', 'rnegassa', 'saa925', 'dheller93', 'anr180', 'ykg263', 'vassilis1', 'chart', 'butfuckingwhy', 'nanovictoria33', 'jwilliams', 'slombardo', 'amarshah2016', 'hiyiewuare', 'jjp717', 'crobinson45673820', 'royyu42', 'ria022', 'mso680', 'eladdeiss1', 'ibaek', 'timothystead2016', 'klemcc2016', 'fbrittain', 'stacykim2016', 'swp104', 'ayang199', 'rkw230', 'melodysong2016', 'karleywds', 'shc320']"
13,167,35,39,4,"['sapichardo', 'vallec', 'charliechane', 'eamejia']",30,"['ogameros', 'grigsbja', 'safe1001', 'coldy9887', 'uayhan', 'michaelchan', 'kwagjj', 'alsghrha12', 'jaga_phdbar', 'hema.vijwani', 'dagher2', 'parkjhok', 'zarnold94', 'relikya', 'shinhwajhj', 'arathi88', 'yggdrasil39', 'dpfoose', 'islamkaist', 'mohabey', 'tdaboiku', 'curiouspython', 'jlfraley', 'whdydgus', 'ksyu', 'eee_zunaid', 'yshs0815', 'unknownbeing', 'platinum20', 'w147mle']",35,"['afigueroa4', 'jemunoz6', 'raraiza2', 'jecabral', 'lcjimenez2', 'oscrey_1', 'rbrito84', 'casosa2', 'dereyes2', 'oibanuelos1', 'alejandro5512', 'hdelacruz2', 'nibarra2', 'cherrera16', 'dawidy', 'jaluna3', 'rodroca92', 'cgsoto', 'oicedillos', 'mjpugh', 'jaheras', 'jmontes8', None, 'cgaytan2', 'cavalos9', 'jfsalas2', 'jsbilberry', 'gbribiescas', 'lepuentes', 'plucero33', 'fattycorpsl', 'tarek90', 'edgaris', 'gburrola', 'linguisticat']",69,"['ogameros', 'afigueroa4', 'eamejia', 'safe1001', 'grigsbja', 'jemunoz6', 'raraiza2', 'jecabral', 'coldy9887', 'lcjimenez2', 'oscrey_1', 'vallec', 'michaelchan', 'uayhan', 'rbrito84', 'casosa2', 'dereyes2', 'oibanuelos1', 'kwagjj', 'alejandro5512', 'alsghrha12', 'jaga_phdbar', 'hema.vijwani', 'dagher2', 'hdelacruz2', 'parkjhok', 'sapichardo', 'zarnold94', 'relikya', 'nibarra2', 'arathi88', 'cherrera16', 'dawidy', 'jaluna3', 'w147mle', 'rodroca92', 'cgsoto', 'oicedillos', 'yggdrasil39', 'dpfoose', 'mjpugh', 'jaheras', 'islamkaist', 'mohabey', 'jmontes8', 'gburrola', 'charliechane', None, 'cgaytan2', 'cavalos9', 'tdaboiku', 'curiouspython', 'jlfraley', 'jfsalas2', 'whdydgus', 'jsbilberry', 'gbribiescas', 'lepuentes', 'plucero33', 'ksyu', 'eee_zunaid', 'fattycorpsl', 'tarek90', 'yshs0815', 'edgaris', 'unknownbeing', 'platinum20', 'shinhwajhj', 'linguisticat']"
13,172,35,35,3,"['sapichardo', 'charliechane', 'eamejia']",31,"['ogameros', 'grigsbja', 'safe1001', 'coldy9887', 'vallec', 'michaelchan', 'uayhan', 'kwagjj', 'alsghrha12', 'jaga_phdbar', 'hema.vijwani', 'dagher2', 'parkjhok', 'zarnold94', 'relikya', 'shinhwajhj', 'arathi88', 'yggdrasil39', 'dpfoose', 'islamkaist', 'mohabey', 'tdaboiku', 'curiouspython', 'jlfraley', 'whdydgus', 'ksyu', 'eee_zunaid', 'yshs0815', 'unknownbeing', 'platinum20', 'w147mle']",32,"['raraiza2', 'jecabral', 'oscrey_1', 'rbrito84', 'casosa2', 'oibanuelos1', 'alejandro5512', 'hdelacruz2', 'oscarurias', 'marojas4', 'nibarra2', 'cherrera16', 'dawidy', 'jaluna3', 'oicedillos', 'jaheras', 'jmontes8', 'jagaspar', None, 'cgaytan2', 'cavalos9', 'ehcordovalozano', 'jfsalas2', 'ahernandez71', 'jsbilberry', 'gbribiescas', 'plucero33', 'fattycorpsl', 'tarek90', 'edgaris', 'gburrola', 'linguisticat']",66,"['ogameros', 'eamejia', 'safe1001', 'grigsbja', 'raraiza2', 'jecabral', 'coldy9887', 'oscrey_1', 'vallec', 'michaelchan', 'uayhan', 'rbrito84', 'casosa2', 'oibanuelos1', 'kwagjj', 'alejandro5512', 'alsghrha12', 'jaga_phdbar', 'hema.vijwani', 'dagher2', 'hdelacruz2', 'parkjhok', 'oscarurias', 'sapichardo', 'marojas4', 'zarnold94', 'relikya', 'nibarra2', 'arathi88', 'cherrera16', 'dawidy', 'jaluna3', 'w147mle', 'oicedillos', 'yggdrasil39', 'dpfoose', 'jaheras', 'islamkaist', 'mohabey', 'jmontes8', 'gburrola', 'jagaspar', 'charliechane', None, 'cgaytan2', 'cavalos9', 'tdaboiku', 'curiouspython', 'jlfraley', 'ehcordovalozano', 'whdydgus', 'jfsalas2', 'ahernandez71', 'jsbilberry', 'gbribiescas', 'plucero33', 'ksyu', 'eee_zunaid', 'fattycorpsl', 'tarek90', 'yshs0815', 'edgaris', 'unknownbeing', 'platinum20', 'shinhwajhj', 'linguisticat']"
13,169,35,15,12,"['alsghrha12', 'whdydgus', 'safe1001', 'parkjhok', 'yggdrasil39', 'ksyu', 'yshs0815', 'islamkaist', 'unknownbeing', 'platinum20', 'shinhwajhj', 'kwagjj']",22,"['ogameros', 'eamejia', 'grigsbja', 'coldy9887', 'vallec', 'michaelchan', 'uayhan', 'jaga_phdbar', 'dagher2', 'hema.vijwani', 'sapichardo', 'zarnold94', 'relikya', 'arathi88', 'dpfoose', 'mohabey', 'charliechane', 'tdaboiku', 'curiouspython', 'jlfraley', 'eee_zunaid', 'w147mle']",3,"['spower', 'steven213', None]",37,"['ogameros', 'eamejia', 'safe1001', 'grigsbja', 'coldy9887', 'vallec', 'michaelchan', 'uayhan', 'kwagjj', 'steven213', 'alsghrha12', 'jaga_phdbar', 'hema.vijwani', 'dagher2', 'parkjhok', 'sapichardo', 'zarnold94', 'relikya', 'arathi88', 'w147mle', 'spower', 'yggdrasil39', 'dpfoose', 'islamkaist', 'mohabey', 'charliechane', None, 'tdaboiku', 'curiouspython', 'jlfraley', 'whdydgus', 'ksyu', 'eee_zunaid', 'yshs0815', 'unknownbeing', 'platinum20', 'shinhwajhj']"
13,166,35,12,1,['charliechane'],33,"['ogameros', 'eamejia', 'grigsbja', 'safe1001', 'coldy9887', 'vallec', 'michaelchan', 'uayhan', 'kwagjj', 'alsghrha12', 'jaga_phdbar', 'hema.vijwani', 'dagher2', 'parkjhok', 'sapichardo', 'zarnold94', 'relikya', 'shinhwajhj', 'arathi88', 'yggdrasil39', 'dpfoose', 'islamkaist', 'mohabey', 'tdaboiku', 'curiouspython', 'jlfraley', 'whdydgus', 'ksyu', 'eee_zunaid', 'yshs0815', 'unknownbeing', 'platinum20', 'w147mle']",11,"['ahernandez71', 'raraiza2', 'gbribiescas', 'hdelacruz2', 'fattycorpsl', 'jaheras', 'jmontes8', 'rbrito84', 'jagaspar', None, 'cgaytan2']",45,"['ogameros', 'eamejia', 'safe1001', 'grigsbja', 'raraiza2', 'coldy9887', 'vallec', 'michaelchan', 'uayhan', 'rbrito84', 'kwagjj', 'alsghrha12', 'jaga_phdbar', 'hema.vijwani', 'dagher2', 'hdelacruz2', 'parkjhok', 'sapichardo', 'zarnold94', 'relikya', 'arathi88', 'w147mle', 'yggdrasil39', 'dpfoose', 'jaheras', 'islamkaist', 'mohabey', 'jmontes8', 'jagaspar', 'charliechane', None, 'cgaytan2', 'tdaboiku', 'curiouspython', 'jlfraley', 'ahernandez71', 'whdydgus', 'gbribiescas', 'ksyu', 'eee_zunaid', 'fattycorpsl', 'yshs0815', 'unknownbeing', 'platinum20', 'shinhwajhj']"
13,168,35,12,9,"['tdaboiku', 'jlfraley', 'dagher2', 'grigsbja', 'dpfoose', 'zarnold94', 'arathi88', 'michaelchan', 'w147mle']",25,"['ogameros', 'eamejia', 'safe1001', 'coldy9887', 'vallec', 'uayhan', 'kwagjj', 'alsghrha12', 'jaga_phdbar', 'hema.vijwani', 'parkjhok', 'sapichardo', 'relikya', 'yggdrasil39', 'islamkaist', 'mohabey', 'charliechane', 'curiouspython', 'whdydgus', 'ksyu', 'eee_zunaid', 'yshs0815', 'unknownbeing', 'platinum20', 'shinhwajhj']",3,"['kirtikant85', 'hendrix', None]",37,"['ogameros', 'hendrix', 'eamejia', 'safe1001', 'grigsbja', 'coldy9887', 'vallec', 'michaelchan', 'uayhan', 'kwagjj', 'alsghrha12', 'jaga_phdbar', 'hema.vijwani', 'dagher2', 'kirtikant85', 'parkjhok', 'sapichardo', 'zarnold94', 'relikya', 'arathi88', 'w147mle', 'yggdrasil39', 'dpfoose', 'islamkaist', 'mohabey', 'charliechane', None, 'tdaboiku', 'curiouspython', 'jlfraley', 'whdydgus', 'ksyu', 'eee_zunaid', 'yshs0815', 'unknownbeing', 'platinum20', 'shinhwajhj']"
13,170,35,9,6,"['tdaboiku', 'jlfraley', 'hema.vijwani', 'dpfoose', 'coldy9887', 'w147mle']",28,"['ogameros', 'eamejia', 'grigsbja', 'safe1001', 'vallec', 'michaelchan', 'uayhan', 'kwagjj', 'alsghrha12', 'jaga_phdbar', 'dagher2', 'parkjhok', 'sapichardo', 'zarnold94', 'relikya', 'arathi88', 'yggdrasil39', 'islamkaist', 'mohabey', 'charliechane', 'curiouspython', 'whdydgus', 'ksyu', 'eee_zunaid', 'yshs0815', 'unknownbeing', 'platinum20', 'shinhwajhj']",3,"['burton.80', 'kirtikant85', None]",37,"['ogameros', 'eamejia', 'safe1001', 'grigsbja', 'coldy9887', 'vallec', 'michaelchan', 'uayhan', 'kwagjj', 'alsghrha12', 'jaga_phdbar', 'hema.vijwani', 'dagher2', 'kirtikant85', 'parkjhok', 'sapichardo', 'zarnold94', 'relikya', 'burton.80', 'arathi88', 'w147mle', 'yggdrasil39', 'dpfoose', 'islamkaist', 'mohabey', 'charliechane', None, 'tdaboiku', 'curiouspython', 'jlfraley', 'whdydgus', 'ksyu', 'eee_zunaid', 'yshs0815', 'unknownbeing', 'platinum20', 'shinhwajhj']"
14,128,31,39,30,"['karimosama', 'aseddeek', 'eng.mai', 'safaa_ahmed', 'abdullahbayoumi', 'islam.helmy', 'mazen_soliman', 'mostafa_abdelreheem', 'mmk2011', 'mero86', 'eheshamgalal', 'eayassin', 'mahmoudmaher_2011', 'sarakhtab', 'lobna', 'mahmed', 'mariaaaa', 'elramlyahmed', 'engcommun1', 'm_shehata', 'ahmedaziz', 'beltagymohamed', 'eng_zee', 'eng_moh', 'zema_gouchy', 'digital', 'zxman63', 'omarelgabry', 'eng_hgalal', 'ayaelsayed111']",0,[],9,"['fatmakh', 'essamsameer', 'mohmmad_mahusin_1', 'mahdy', 'alaasalahedin', None, 'wael.a.elbreky', 'mahmoud2moamen', 'ahmed_1990shs']",39,"['karimosama', 'aseddeek', 'essamsameer', 'islam.helmy', 'mazen_soliman', 'mmk2011', 'ahmed_1990shs', 'eayassin', 'mahmed', 'elramlyahmed', 'engcommun1', 'm_shehata', 'eng_zee', 'eng_moh', 'eng_hgalal', 'mahmoud2moamen', 'mahdy', 'fatmakh', 'eng.mai', 'safaa_ahmed', 'abdullahbayoumi', 'mostafa_abdelreheem', 'mero86', 'eheshamgalal', 'mahmoudmaher_2011', 'sarakhtab', 'lobna', 'mariaaaa', 'ahmedaziz', 'beltagymohamed', 'mohmmad_mahusin_1', 'zema_gouchy', None, 'digital', 'zxman63', 'omarelgabry', 'alaasalahedin', 'wael.a.elbreky', 'ayaelsayed111']"
14,149,31,36,29,"['karimosama', 'aseddeek', 'eng.mai', 'safaa_ahmed', 'abdullahbayoumi', 'islam.helmy', 'mazen_soliman', 'mostafa_abdelreheem', 'mmk2011', 'mero86', 'eheshamgalal', 'eayassin', 'mahmoudmaher_2011', 'sarakhtab', 'lobna', 'mahmed', 'mariaaaa', 'elramlyahmed', 'engcommun1', 'm_shehata', 'ahmedaziz', 'eng_zee', 'eng_moh', 'zema_gouchy', 'digital', 'zxman63', 'omarelgabry', 'eng_hgalal', 'ayaelsayed111']",1,['beltagymohamed'],7,"[None, 'fatmakh', 'engkhaled1990', 'serag', 'wael.a.elbreky', 'mahdy', 'ahmed_1990shs']",37,"['karimosama', 'aseddeek', 'islam.helmy', 'mazen_soliman', 'mmk2011', 'ahmed_1990shs', 'eayassin', 'mahmed', 'serag', 'elramlyahmed', 'engcommun1', 'm_shehata', 'eng_zee', 'eng_moh', 'eng_hgalal', 'mahdy', 'fatmakh', 'eng.mai', 'safaa_ahmed', 'abdullahbayoumi', 'mostafa_abdelreheem', 'mero86', 'eheshamgalal', 'mahmoudmaher_2011', 'sarakhtab', 'lobna', 'engkhaled1990', 'mariaaaa', 'ahmedaziz', 'beltagymohamed', 'zema_gouchy', None, 'digital', 'zxman63', 'omarelgabry', 'wael.a.elbreky', 'ayaelsayed111']"
14,129,31,33,25,"['karimosama', 'aseddeek', 'eng.mai', 'safaa_ahmed', 'abdullahbayoumi', 'islam.helmy', 'mazen_soliman', 'mmk2011', 'mero86', 'eheshamgalal', 'eayassin', 'mahmoudmaher_2011', 'sarakhtab', 'lobna', 'mahmed', 'engcommun1', 'm_shehata', 'ahmedaziz', 'eng_zee', 'eng_moh', 'zema_gouchy', 'digital', 'zxman63', 'omarelgabry', 'ayaelsayed111']",5,"['elramlyahmed', 'beltagymohamed', 'mostafa_abdelreheem', 'eng_hgalal', 'mariaaaa']",8,"['mohmmad_mahusin_2', 'essamsameer', 'mahmoud2moamen', 'elwaraqy89', 'alaasalahedin', None, 'wael.a.elbreky', 'mahdy']",38,"['karimosama', 'aseddeek', 'mohmmad_mahusin_2', 'essamsameer', 'eng.mai', 'safaa_ahmed', 'abdullahbayoumi', 'islam.helmy', 'mazen_soliman', 'mahmoud2moamen', 'mostafa_abdelreheem', 'mmk2011', 'mero86', 'eheshamgalal', 'eayassin', 'mahmoudmaher_2011', 'sarakhtab', 'lobna', 'mahmed', 'mariaaaa', 'elramlyahmed', 'engcommun1', 'm_shehata', 'ahmedaziz', 'beltagymohamed', 'eng_zee', 'mahdy', 'eng_moh', 'elwaraqy89', 'zema_gouchy', None, 'digital', 'zxman63', 'omarelgabry', 'alaasalahedin', 'eng_hgalal', 'wael.a.elbreky', 'ayaelsayed111']"
14,151,31,14,10,"['karimosama', 'aseddeek', 'eheshamgalal', 'engcommun1', 'mahmoudmaher_2011', 'ahmedaziz', 'eng.mai', 'islam.helmy', 'eng_moh', 'ayaelsayed111']",20,"['safaa_ahmed', 'abdullahbayoumi', 'mazen_soliman', 'mostafa_abdelreheem', 'mmk2011', 'mero86', 'eayassin', 'sarakhtab', 'lobna', 'mahmed', 'mariaaaa', 'elramlyahmed', 'm_shehata', 'beltagymohamed', 'eng_zee', 'zema_gouchy', 'digital', 'zxman63', 'omarelgabry', 'eng_hgalal']",4,"['mohmmad_mahusin_2', 'eng.magdigalal', None, 'alaasalahedin']",34,"['karimosama', 'aseddeek', 'mohmmad_mahusin_2', 'eng.mai', 'safaa_ahmed', 'abdullahbayoumi', 'islam.helmy', 'mazen_soliman', 'mostafa_abdelreheem', 'mmk2011', 'eng.magdigalal', 'mero86', 'eheshamgalal', 'eayassin', 'mahmoudmaher_2011', 'sarakhtab', 'lobna', 'mahmed', 'mariaaaa', 'elramlyahmed', 'engcommun1', 'm_shehata', 'ahmedaziz', 'beltagymohamed', 'eng_zee', 'eng_moh', 'zema_gouchy', None, 'digital', 'zxman63', 'omarelgabry', 'alaasalahedin', 'eng_hgalal', 'ayaelsayed111']"
15,114,28,12,5,"['dingerly', 'davidhanson2000', 'supertjhok', 'binglinmiao', 'ghader']",22,"['kaihay', 'rizvi_ahmed', 'ibr', 'zakirahmed', 'salsibiani', 'dwcardwell', 'r8satish', 'giovanniv', 'nilay1175', 'jhs02', 'rrurali', 'viveka', 'mgt123', 'mohsenbabaeian', 'gauravdce07', 'massoud', 'lvillegas', 'fferdousi', 'iasodemannv', 'daniellizzit', 'derekhu', 'keving83']",7,"['jrenteria', 'michaelreilly', 'sunmin04', 'rcaudillo', 'pradhyumnar', None, 'ramesh07']",34,"['kaihay', 'jrenteria', 'rizvi_ahmed', 'ibr', 'zakirahmed', 'sunmin04', 'salsibiani', 'dwcardwell', 'r8satish', 'giovanniv', 'davidhanson2000', 'rcaudillo', 'nilay1175', 'jhs02', 'rrurali', 'viveka', 'mgt123', 'mohsenbabaeian', 'supertjhok', 'pradhyumnar', 'gauravdce07', 'binglinmiao', None, 'massoud', 'dingerly', 'lvillegas', 'michaelreilly', 'fferdousi', 'iasodemannv', 'daniellizzit', 'derekhu', 'keving83', 'ghader', 'ramesh07']"
15,115,28,12,2,"['r8satish', 'dingerly']",25,"['kaihay', 'rizvi_ahmed', 'ibr', 'zakirahmed', 'salsibiani', 'dwcardwell', 'giovanniv', 'davidhanson2000', 'nilay1175', 'jhs02', 'rrurali', 'viveka', 'mgt123', 'mohsenbabaeian', 'supertjhok', 'gauravdce07', 'binglinmiao', 'massoud', 'lvillegas', 'fferdousi', 'iasodemannv', 'daniellizzit', 'derekhu', 'keving83', 'ghader']",10,"['hwwong', 'prune', 'suhasgupta', 'rgrover', 'sorg20', 'lasiddiq', 'abhishek_reddy30', 'nick_kisialiou', 'mugsy', None]",37,"['kaihay', 'prune', 'rizvi_ahmed', 'ibr', 'zakirahmed', 'salsibiani', 'dwcardwell', 'r8satish', 'suhasgupta', 'giovanniv', 'rgrover', 'sorg20', 'davidhanson2000', 'nick_kisialiou', 'nilay1175', 'jhs02', 'rrurali', 'viveka', 'mgt123', 'mohsenbabaeian', 'lasiddiq', 'abhishek_reddy30', 'supertjhok', 'gauravdce07', 'mugsy', 'binglinmiao', None, 'massoud', 'hwwong', 'dingerly', 'lvillegas', 'fferdousi', 'iasodemannv', 'daniellizzit', 'derekhu', 'keving83', 'ghader']"
15,116,28,10,1,['viveka'],26,"['kaihay', 'rizvi_ahmed', 'ibr', 'zakirahmed', 'salsibiani', 'dwcardwell', 'r8satish', 'giovanniv', 'davidhanson2000', 'nilay1175', 'jhs02', 'rrurali', 'mgt123', 'mohsenbabaeian', 'supertjhok', 'gauravdce07', 'binglinmiao', 'massoud', 'dingerly', 'lvillegas', 'fferdousi', 'iasodemannv', 'daniellizzit', 'derekhu', 'keving83', 'ghader']",9,"['tarun_agarwal90', 'bprasad2005', 'richa.hcl', 'nileshgoel', 'anwesha1', 'imroze99', 'vineethsukumaran', 'jainphiliputhup', None]",36,"['kaihay', 'viveka', 'rizvi_ahmed', 'ibr', 'mgt123', 'mohsenbabaeian', 'richa.hcl', 'zakirahmed', 'nileshgoel', 'supertjhok', 'salsibiani', 'gauravdce07', 'vineethsukumaran', 'binglinmiao', 'dwcardwell', 'jainphiliputhup', None, 'massoud', 'r8satish', 'tarun_agarwal90', 'dingerly', 'giovanniv', 'bprasad2005', 'lvillegas', 'davidhanson2000', 'fferdousi', 'iasodemannv', 'nilay1175', 'jhs02', 'rrurali', 'daniellizzit', 'anwesha1', 'imroze99', 'derekhu', 'keving83', 'ghader']"
15,117,28,7,4,"['derekhu', 'nilay1175', 'dingerly', 'ghader']",23,"['kaihay', 'rizvi_ahmed', 'ibr', 'zakirahmed', 'salsibiani', 'dwcardwell', 'r8satish', 'giovanniv', 'davidhanson2000', 'jhs02', 'rrurali', 'viveka', 'mgt123', 'mohsenbabaeian', 'supertjhok', 'gauravdce07', 'binglinmiao', 'massoud', 'lvillegas', 'fferdousi', 'iasodemannv', 'daniellizzit', 'keving83']",3,"['pradhyumnar', 'jrenteria', None]",30,"['kaihay', 'viveka', 'rizvi_ahmed', 'ibr', 'mgt123', 'jrenteria', 'mohsenbabaeian', 'zakirahmed', 'supertjhok', 'pradhyumnar', 'salsibiani', 'gauravdce07', 'binglinmiao', 'dwcardwell', None, 'massoud', 'r8satish', 'dingerly', 'giovanniv', 'lvillegas', 'davidhanson2000', 'fferdousi', 'iasodemannv', 'nilay1175', 'jhs02', 'rrurali', 'daniellizzit', 'derekhu', 'keving83', 'ghader']"
16,114,27,12,4,"['rcaudillo', 'pradhyumnar', 'jrenteria', 'michaelreilly']",22,"['prune', 'tegamisen', 'persaud', 'bi1216', 'vineethsukumaran', 'amitrt', 'suhasgupta', 'rgrover', 'manal', 'yhliu971225', 'richa.hcl', 'davidhisu', 'sameh.osama', 'lasiddiq', 'pbascom', 'pgoli001', 'leongumbs', 'studentNT', 'cirera', 'aarabim', 'vharihar2', 'anjaly']",8,"['dingerly', 'davidhanson2000', 'sunmin04', 'supertjhok', 'binglinmiao', None, 'ghader', 'ramesh07']",34,"['prune', 'jrenteria', 'tegamisen', 'persaud', 'sunmin04', 'bi1216', 'vineethsukumaran', 'amitrt', 'suhasgupta', 'rgrover', 'davidhanson2000', 'manal', 'rcaudillo', 'yhliu971225', 'richa.hcl', 'davidhisu', 'sameh.osama', 'lasiddiq', 'supertjhok', 'pradhyumnar', 'pbascom', 'binglinmiao', None, 'pgoli001', 'leongumbs', 'studentNT', 'dingerly', 'michaelreilly', 'cirera', 'aarabim', 'vharihar2', 'anjaly', 'ghader', 'ramesh07']"
16,115,27,12,4,"['rgrover', 'prune', 'suhasgupta', 'lasiddiq']",22,"['jrenteria', 'tegamisen', 'persaud', 'bi1216', 'vineethsukumaran', 'amitrt', 'manal', 'rcaudillo', 'yhliu971225', 'richa.hcl', 'davidhisu', 'sameh.osama', 'pradhyumnar', 'pbascom', 'pgoli001', 'leongumbs', 'studentNT', 'michaelreilly', 'cirera', 'aarabim', 'vharihar2', 'anjaly']",8,"['r8satish', 'hwwong', 'dingerly', 'sorg20', 'abhishek_reddy30', 'nick_kisialiou', 'mugsy', None]",34,"['prune', 'jrenteria', 'tegamisen', 'persaud', 'bi1216', 'vineethsukumaran', 'amitrt', 'r8satish', 'suhasgupta', 'rgrover', 'manal', 'rcaudillo', 'nick_kisialiou', 'yhliu971225', 'richa.hcl', 'davidhisu', 'sameh.osama', 'lasiddiq', 'abhishek_reddy30', 'pradhyumnar', 'pbascom', 'mugsy', None, 'pgoli001', 'leongumbs', 'studentNT', 'hwwong', 'dingerly', 'michaelreilly', 'cirera', 'aarabim', 'sorg20', 'vharihar2', 'anjaly']"
16,116,27,10,2,"['vineethsukumaran', 'richa.hcl']",24,"['prune', 'jrenteria', 'tegamisen', 'persaud', 'bi1216', 'amitrt', 'suhasgupta', 'rgrover', 'manal', 'rcaudillo', 'yhliu971225', 'davidhisu', 'sameh.osama', 'lasiddiq', 'pradhyumnar', 'pbascom', 'pgoli001', 'leongumbs', 'studentNT', 'michaelreilly', 'cirera', 'aarabim', 'vharihar2', 'anjaly']",8,"['tarun_agarwal90', 'viveka', 'bprasad2005', 'nileshgoel', 'anwesha1', 'imroze99', 'jainphiliputhup', None]",34,"['prune', 'jrenteria', 'viveka', 'richa.hcl', 'tegamisen', 'persaud', 'nileshgoel', 'davidhisu', 'bi1216', 'sameh.osama', 'lasiddiq', 'pradhyumnar', 'vineethsukumaran', 'amitrt', 'pbascom', 'jainphiliputhup', None, 'pgoli001', 'leongumbs', 'studentNT', 'tarun_agarwal90', 'suhasgupta', 'bprasad2005', 'rgrover', 'michaelreilly', 'cirera', 'manal', 'rcaudillo', 'aarabim', 'anwesha1', 'yhliu971225', 'imroze99', 'vharihar2', 'anjaly']"
16,117,27,7,2,"['pradhyumnar', 'jrenteria']",24,"['prune', 'tegamisen', 'persaud', 'bi1216', 'vineethsukumaran', 'amitrt', 'suhasgupta', 'rgrover', 'manal', 'rcaudillo', 'yhliu971225', 'richa.hcl', 'davidhisu', 'sameh.osama', 'lasiddiq', 'pbascom', 'pgoli001', 'leongumbs', 'studentNT', 'michaelreilly', 'cirera', 'aarabim', 'vharihar2', 'anjaly']",5,"['dingerly', 'nilay1175', 'derekhu', None, 'ghader']",31,"['prune', 'jrenteria', 'richa.hcl', 'tegamisen', 'persaud', 'davidhisu', 'bi1216', 'sameh.osama', 'lasiddiq', 'pradhyumnar', 'vineethsukumaran', 'amitrt', 'pbascom', None, 'pgoli001', 'leongumbs', 'studentNT', 'suhasgupta', 'dingerly', 'rgrover', 'michaelreilly', 'cirera', 'manal', 'rcaudillo', 'nilay1175', 'aarabim', 'yhliu971225', 'derekhu', 'vharihar2', 'anjaly', 'ghader']"
17,140,27,42,26,"['raraiza2', 'oscrey_1', 'rbrito84', 'casosa2', 'oibanuelos1', 'alejandro5512', 'ldvazquez', 'esolorzano2', 'hdelacruz2', 'nibarra2', 'cherrera16', 'dannypage', 'jaluna3', 'rodroca92', 'cgsoto', 'oicedillos', 'jaheras', 'jmontes8', 'jagaspar', 'cgaytan2', 'jfsalas2', 'jsbilberry', 'plucero33', 'fattycorpsl', 'tarek90', 'gburrola']",0,[],16,"['stella', 'afigueroa4', 'cavalos9', None, 'dnschlomer', 'ragallegos', 'jemunoz6', 'ehcordovalozano', 'ahernandez71', 'jecabral', 'ariel90', 'oscaru', 'dereyes2', 'dawidy', 'odreyes', 'linguisticat']",42,"['raraiza2', 'jecabral', 'rbrito84', 'casosa2', 'dereyes2', 'oibanuelos1', 'alejandro5512', 'stella', 'ldvazquez', 'esolorzano2', 'hdelacruz2', 'nibarra2', 'ariel90', 'dawidy', 'rodroca92', 'cgsoto', 'jmontes8', 'oscaru', 'jagaspar', 'cgaytan2', 'cavalos9', 'ehcordovalozano', 'ahernandez71', 'gburrola', 'afigueroa4', 'dnschlomer', 'ragallegos', 'jemunoz6', 'oscrey_1', 'cherrera16', 'odreyes', 'dannypage', 'jaluna3', 'oicedillos', 'jaheras', None, 'jfsalas2', 'jsbilberry', 'plucero33', 'fattycorpsl', 'tarek90', 'linguisticat']"
17,167,27,39,22,"['raraiza2', 'oscrey_1', 'rbrito84', 'casosa2', 'oibanuelos1', 'alejandro5512', 'hdelacruz2', 'nibarra2', 'cherrera16', 'jaluna3', 'rodroca92', 'cgsoto', 'oicedillos', 'jaheras', 'jmontes8', 'cgaytan2', 'jfsalas2', 'jsbilberry', 'plucero33', 'fattycorpsl', 'tarek90', 'gburrola']",4,"['ldvazquez', 'esolorzano2', 'dannypage', 'jagaspar']",17,"['cavalos9', 'afigueroa4', 'eamejia', 'jemunoz6', 'gbribiescas', 'lepuentes', 'sapichardo', 'jecabral', 'lcjimenez2', 'mjpugh', 'edgaris', 'vallec', 'dereyes2', 'dawidy', 'charliechane', None, 'linguisticat']",43,"['raraiza2', 'jecabral', 'vallec', 'rbrito84', 'casosa2', 'dereyes2', 'oibanuelos1', 'alejandro5512', 'ldvazquez', 'esolorzano2', 'hdelacruz2', 'nibarra2', 'dawidy', 'rodroca92', 'cgsoto', 'jmontes8', 'jagaspar', 'charliechane', 'cgaytan2', 'cavalos9', 'lepuentes', 'gburrola', 'afigueroa4', 'eamejia', 'jemunoz6', 'lcjimenez2', 'oscrey_1', 'sapichardo', 'cherrera16', 'dannypage', 'jaluna3', 'oicedillos', 'mjpugh', 'jaheras', None, 'jfsalas2', 'jsbilberry', 'gbribiescas', 'plucero33', 'fattycorpsl', 'tarek90', 'edgaris', 'linguisticat']"
17,172,27,35,21,"['raraiza2', 'oscrey_1', 'rbrito84', 'casosa2', 'oibanuelos1', 'alejandro5512', 'hdelacruz2', 'nibarra2', 'cherrera16', 'jaluna3', 'oicedillos', 'jaheras', 'jmontes8', 'jagaspar', 'cgaytan2', 'jfsalas2', 'jsbilberry', 'plucero33', 'fattycorpsl', 'tarek90', 'gburrola']",5,"['ldvazquez', 'esolorzano2', 'rodroca92', 'cgsoto', 'dannypage']",14,"['cavalos9', 'ehcordovalozano', 'ahernandez71', 'eamejia', 'gbribiescas', 'oscarurias', 'sapichardo', 'marojas4', 'jecabral', 'edgaris', 'dawidy', 'charliechane', None, 'linguisticat']",40,"['eamejia', 'raraiza2', 'jecabral', 'oscrey_1', 'rbrito84', 'casosa2', 'oibanuelos1', 'alejandro5512', 'ldvazquez', 'esolorzano2', 'hdelacruz2', 'oscarurias', 'marojas4', 'sapichardo', 'nibarra2', 'cherrera16', 'dawidy', 'dannypage', 'jaluna3', 'rodroca92', 'cgsoto', 'oicedillos', 'jaheras', 'jmontes8', 'jagaspar', 'charliechane', None, 'cgaytan2', 'cavalos9', 'ehcordovalozano', 'jfsalas2', 'ahernandez71', 'jsbilberry', 'gbribiescas', 'plucero33', 'fattycorpsl', 'tarek90', 'edgaris', 'gburrola', 'linguisticat']"
17,166,27,12,8,"['raraiza2', 'hdelacruz2', 'fattycorpsl', 'jaheras', 'jmontes8', 'rbrito84', 'jagaspar', 'cgaytan2']",18,"['jaluna3', 'ldvazquez', 'jfsalas2', 'esolorzano2', 'rodroca92', 'jsbilberry', 'cgsoto', 'oicedillos', 'plucero33', 'oscrey_1', 'nibarra2', 'tarek90', 'cherrera16', 'casosa2', 'gburrola', 'oibanuelos1', 'dannypage', 'alejandro5512']",4,"['gbribiescas', 'charliechane', 'ahernandez71', None]",30,"['raraiza2', 'oscrey_1', 'rbrito84', 'casosa2', 'oibanuelos1', 'alejandro5512', 'ldvazquez', 'esolorzano2', 'hdelacruz2', 'nibarra2', 'cherrera16', 'dannypage', 'jaluna3', 'rodroca92', 'cgsoto', 'oicedillos', 'jaheras', 'jmontes8', 'jagaspar', 'charliechane', None, 'cgaytan2', 'jfsalas2', 'ahernandez71', 'jsbilberry', 'gbribiescas', 'plucero33', 'fattycorpsl', 'tarek90', 'gburrola']"
17,171,27,7,4,"['jaluna3', 'nibarra2', 'alejandro5512', 'hdelacruz2']",22,"['raraiza2', 'oscrey_1', 'rbrito84', 'casosa2', 'oibanuelos1', 'ldvazquez', 'esolorzano2', 'cherrera16', 'dannypage', 'rodroca92', 'cgsoto', 'oicedillos', 'jaheras', 'jmontes8', 'jagaspar', 'cgaytan2', 'jfsalas2', 'jsbilberry', 'plucero33', 'fattycorpsl', 'tarek90', 'gburrola']",3,"['cavalos9', None, 'gbribiescas']",29,"['jaluna3', 'rodroca92', 'raraiza2', 'cgsoto', 'oicedillos', 'jaheras', 'oscrey_1', 'jmontes8', 'rbrito84', 'casosa2', 'jagaspar', 'oibanuelos1', None, 'alejandro5512', 'cgaytan2', 'cavalos9', 'ldvazquez', 'jfsalas2', 'esolorzano2', 'hdelacruz2', 'jsbilberry', 'gbribiescas', 'plucero33', 'fattycorpsl', 'tarek90', 'nibarra2', 'cherrera16', 'gburrola', 'dannypage']"
17,180,27,7,2,"['oibanuelos1', 'jmontes8']",24,"['raraiza2', 'oscrey_1', 'rbrito84', 'casosa2', 'alejandro5512', 'ldvazquez', 'esolorzano2', 'hdelacruz2', 'nibarra2', 'cherrera16', 'dannypage', 'jaluna3', 'rodroca92', 'cgsoto', 'oicedillos', 'jaheras', 'jagaspar', 'cgaytan2', 'jfsalas2', 'jsbilberry', 'plucero33', 'fattycorpsl', 'tarek90', 'gburrola']",5,"['ahernandez71', 'jemunoz6', 'jecabral', None, 'linguisticat']",31,"['jaluna3', 'rodroca92', 'jemunoz6', 'raraiza2', 'cgsoto', 'oicedillos', 'jecabral', 'jaheras', 'oscrey_1', 'jmontes8', 'rbrito84', 'casosa2', 'jagaspar', 'oibanuelos1', None, 'alejandro5512', 'cgaytan2', 'ldvazquez', 'jfsalas2', 'esolorzano2', 'ahernandez71', 'hdelacruz2', 'jsbilberry', 'plucero33', 'fattycorpsl', 'tarek90', 'nibarra2', 'cherrera16', 'gburrola', 'dannypage', 'linguisticat']"
18,192,26,17,15,"['kelwashington', 'aroshaaruni', 'ashleye616', 'yingheger', 'soujanyam99', 'du1989', 'amir_taghavi14', 'dumindika', 'soujanyakamal', 'adp72935', 'zohreh', 'caldrich21', 'yfwang', 'sahipera', 'sowjanya89']",10,"['raincoatrun', 'rmetta', 'hunjohn1', 'rahinov', 'dd33', 'sevra37', 'schwarzg', 'gelotto', 'taniya9', 'sg1115']",2,"[None, 'levgelb']",27,"['kelwashington', 'raincoatrun', 'rmetta', 'hunjohn1', 'yfwang', 'taniya9', 'amir_taghavi14', 'rahinov', 'dd33', 'sevra37', 'schwarzg', 'zohreh', 'caldrich21', 'aroshaaruni', 'soujanyam99', 'du1989', 'dumindika', 'adp72935', 'gelotto', 'ashleye616', None, 'sowjanya89', 'yingheger', 'soujanyakamal', 'levgelb', 'sahipera', 'sg1115']"
18,191,26,8,5,"['hunjohn1', 'sevra37', 'schwarzg', 'gelotto', 'sg1115']",20,"['kelwashington', 'raincoatrun', 'rmetta', 'yfwang', 'taniya9', 'amir_taghavi14', 'rahinov', 'dd33', 'zohreh', 'caldrich21', 'aroshaaruni', 'soujanyam99', 'du1989', 'dumindika', 'adp72935', 'ashleye616', 'sowjanya89', 'yingheger', 'soujanyakamal', 'sahipera']",3,"['jhyoung', None, 'quswlsghks12']",28,"['kelwashington', 'aroshaaruni', 'raincoatrun', 'rmetta', 'hunjohn1', 'soujanyam99', 'jhyoung', 'du1989', 'dumindika', 'adp72935', 'gelotto', 'yfwang', 'ashleye616', 'taniya9', 'amir_taghavi14', 'sowjanya89', None, 'yingheger', 'rahinov', 'dd33', 'sevra37', 'soujanyakamal', 'schwarzg', 'zohreh', 'caldrich21', 'quswlsghks12', 'sahipera', 'sg1115']"
18,47,26,7,4,"['sevra37', 'gelotto', 'schwarzg', 'sg1115']",21,"['kelwashington', 'raincoatrun', 'rmetta', 'hunjohn1', 'yfwang', 'taniya9', 'amir_taghavi14', 'rahinov', 'dd33', 'zohreh', 'caldrich21', 'aroshaaruni', 'soujanyam99', 'du1989', 'dumindika', 'adp72935', 'ashleye616', 'sowjanya89', 'yingheger', 'soujanyakamal', 'sahipera']",3,"['jhyoung', None, 'quswlsghks12']",28,"['kelwashington', 'aroshaaruni', 'raincoatrun', 'rmetta', 'hunjohn1', 'soujanyam99', 'jhyoung', 'du1989', 'dumindika', 'adp72935', 'gelotto', 'yfwang', 'ashleye616', 'taniya9', 'amir_taghavi14', 'sowjanya89', None, 'yingheger', 'rahinov', 'dd33', 'sevra37', 'soujanyakamal', 'schwarzg', 'zohreh', 'caldrich21', 'quswlsghks12', 'sahipera', 'sg1115']"
19,38,26,11,7,"['verma21', 'dhruvnigamiitb', 'sukanya', 'apurv1993', 'ssarik8', 'riyaz', 'tejasrnaik7']",18,"['chaichare', 'porandla63', 'ancientaa', 'gaurav10th', 'beerchaiyo', 'kanjana', 'ladarut', 'mummineni1', 'shrikantgaikwad', 'pktfarms', 'sancharacharya', 'rattana_o', 'bhaskardas', 'devendra.dhaka', 'slodha', 'aris', 'wanida', 'rwortman']",4,"[None, 'nileshgoel', 'swaroop', 'oves']",29,"['dhruvnigamiitb', 'gaurav10th', 'beerchaiyo', 'apurv1993', 'oves', 'mummineni1', 'nileshgoel', 'shrikantgaikwad', 'slodha', 'aris', None, 'wanida', 'verma21', 'chaichare', 'ancientaa', 'porandla63', 'kanjana', 'sukanya', 'ladarut', 'swaroop', 'ssarik8', 'pktfarms', 'sancharacharya', 'rattana_o', 'bhaskardas', 'devendra.dhaka', 'riyaz', 'tejasrnaik7', 'rwortman']"
19,40,26,11,9,"['dhruvnigamiitb', 'sukanya', 'gaurav10th', 'porandla63', 'mummineni1', 'shrikantgaikwad', 'sancharacharya', 'bhaskardas', 'devendra.dhaka']",16,"['verma21', 'chaichare', 'ancientaa', 'apurv1993', 'beerchaiyo', 'kanjana', 'ladarut', 'ssarik8', 'pktfarms', 'rattana_o', 'slodha', 'aris', 'riyaz', 'wanida', 'tejasrnaik7', 'rwortman']",2,"[None, 'nileshgoel']",27,"['dhruvnigamiitb', 'gaurav10th', 'beerchaiyo', 'apurv1993', 'mummineni1', 'nileshgoel', 'shrikantgaikwad', 'slodha', 'aris', None, 'wanida', 'verma21', 'chaichare', 'ancientaa', 'porandla63', 'kanjana', 'sukanya', 'ladarut', 'ssarik8', 'pktfarms', 'sancharacharya', 'rattana_o', 'bhaskardas', 'devendra.dhaka', 'riyaz', 'tejasrnaik7', 'rwortman']"
19,39,26,8,6,"['chaichare', 'kanjana', 'ancientaa', 'rattana_o', 'aris', 'wanida']",19,"['dhruvnigamiitb', 'gaurav10th', 'beerchaiyo', 'mummineni1', 'shrikantgaikwad', 'verma21', 'sancharacharya', 'devendra.dhaka', 'tejasrnaik7', 'rwortman', 'apurv1993', 'slodha', 'porandla63', 'sukanya', 'ladarut', 'ssarik8', 'pktfarms', 'bhaskardas', 'riyaz']",2,"[None, 'preeyaporn']",27,"['dhruvnigamiitb', 'gaurav10th', 'beerchaiyo', 'apurv1993', 'mummineni1', 'shrikantgaikwad', 'slodha', 'aris', None, 'wanida', 'verma21', 'chaichare', 'ancientaa', 'porandla63', 'kanjana', 'sukanya', 'ladarut', 'preeyaporn', 'ssarik8', 'pktfarms', 'sancharacharya', 'rattana_o', 'bhaskardas', 'devendra.dhaka', 'riyaz', 'tejasrnaik7', 'rwortman']"
20,89,25,25,24,"['hassan.richardson', 'jcolts79', 'dlgflute', 'mcsaxon25', 'jayosaze', 'kjr2014', 'ajthegirl', 'yinyang16', 'jmoore14', 'ajtheboy', 'rwatts', 'rfoster321', 'stmarys11', 'handsomeglover', 'babygirl23', 'dhill17', 'davohn1', 'tang_howard', 'dhayes204', 'austinwalker', 'cndacool46', 'jwp', 'kweisi', 'malikkirkwood']",0,[],1,[None],25,"['hassan.richardson', 'jcolts79', 'dlgflute', 'mcsaxon25', 'jayosaze', 'kjr2014', 'ajthegirl', 'yinyang16', 'jmoore14', 'ajtheboy', 'rwatts', 'rfoster321', 'stmarys11', 'handsomeglover', 'babygirl23', 'dhill17', 'davohn1', 'tang_howard', 'dhayes204', 'austinwalker', 'cndacool46', None, 'jwp', 'kweisi', 'malikkirkwood']"
21,57,25,23,22,"['aacorey', 'brittonlin', 'maespinoza', 'dsgalsworth', 'seoholee', 'michaelr1', 'ggabanto', 'ecaugustine', 'swglass', 'vliu', 'dvdang', 'dadozal', 'arbaldwin', 'kqmigliore', 'thuan4000', 'ajgabriel', 'mtkato', 'cpamoranto', 'palim', 'gaorenstein', 'pjatwater', 'agle']",2,"['qutaishat', 'thunderboie']",1,[None],25,"['aacorey', 'brittonlin', 'maespinoza', 'dsgalsworth', 'seoholee', 'michaelr1', 'ggabanto', 'ecaugustine', 'swglass', 'kqmigliore', 'dvdang', 'arbaldwin', 'vliu', 'dadozal', None, 'thuan4000', 'ajgabriel', 'mtkato', 'cpamoranto', 'palim', 'gaorenstein', 'pjatwater', 'qutaishat', 'agle', 'thunderboie']"
22,61,25,25,20,"['veedubforlife', 'amritesh557', 'minkys89', 'brennan8910', 'peterye', 'dcrum2', 'moderngandhi', 'shinarchon', 'mcnicholas2', 'rikdey', 'tanmoyssd', 'yy3598', 'runnerdude47', 'aww372', 'marcalomar', 'seohk03', 'etutuc', 'timmerix', 'dilled', 'rslt']",4,"['pentium', 'jmimottahir', 'yuxingangzju', 'tmhasan']",5,"['harrychou', 'tanujtrivedi', 'nsheehan', None, 'siffsco']",29,"['veedubforlife', 'amritesh557', 'pentium', 'peterye', 'minkys89', 'brennan8910', 'tmhasan', 'yuxingangzju', 'dcrum2', 'siffsco', 'moderngandhi', 'shinarchon', 'mcnicholas2', 'harrychou', 'rikdey', 'tanmoyssd', 'yy3598', 'nsheehan', 'runnerdude47', None, 'aww372', 'marcalomar', 'jmimottahir', 'seohk03', 'etutuc', 'tanujtrivedi', 'timmerix', 'dilled', 'rslt']"
22,36,25,8,4,"['mcnicholas2', 'moderngandhi', 'minkys89', 'aww372']",20,"['veedubforlife', 'amritesh557', 'pentium', 'brennan8910', 'peterye', 'tmhasan', 'yuxingangzju', 'dcrum2', 'shinarchon', 'rikdey', 'tanmoyssd', 'yy3598', 'runnerdude47', 'marcalomar', 'jmimottahir', 'seohk03', 'etutuc', 'timmerix', 'dilled', 'rslt']",4,"[None, 'harrychou', 'tanujtrivedi', 'siffsco']",28,"['rikdey', 'veedubforlife', 'amritesh557', 'tanmoyssd', 'pentium', 'peterye', 'minkys89', 'brennan8910', 'yy3598', 'runnerdude47', 'tmhasan', None, 'yuxingangzju', 'dcrum2', 'aww372', 'siffsco', 'marcalomar', 'moderngandhi', 'shinarchon', 'jmimottahir', 'seohk03', 'etutuc', 'tanujtrivedi', 'mcnicholas2', 'timmerix', 'harrychou', 'dilled', 'rslt']"
22,62,25,8,1,['yuxingangzju'],23,"['veedubforlife', 'amritesh557', 'pentium', 'minkys89', 'peterye', 'brennan8910', 'tmhasan', 'dcrum2', 'moderngandhi', 'shinarchon', 'mcnicholas2', 'rikdey', 'tanmoyssd', 'yy3598', 'runnerdude47', 'aww372', 'marcalomar', 'jmimottahir', 'seohk03', 'etutuc', 'timmerix', 'dilled', 'rslt']",7,"[None, 't.kanazawa', 'rommel_kth', 'froggen172', 'bijay2011', 'sandapa', 'morinessan']",31,"['rikdey', 'veedubforlife', 'amritesh557', 'tanmoyssd', 'pentium', 'peterye', 'minkys89', 'brennan8910', 'yy3598', 'runnerdude47', 'tmhasan', 'bijay2011', None, 'yuxingangzju', 'dcrum2', 'aww372', 'marcalomar', 'moderngandhi', 'shinarchon', 'jmimottahir', 'seohk03', 'etutuc', 'mcnicholas2', 't.kanazawa', 'timmerix', 'rommel_kth', 'dilled', 'froggen172', 'rslt', 'sandapa', 'morinessan']"
22,104,25,8,1,['yuxingangzju'],23,"['veedubforlife', 'amritesh557', 'pentium', 'minkys89', 'peterye', 'brennan8910', 'tmhasan', 'dcrum2', 'moderngandhi', 'shinarchon', 'mcnicholas2', 'rikdey', 'tanmoyssd', 'yy3598', 'runnerdude47', 'aww372', 'marcalomar', 'jmimottahir', 'seohk03', 'etutuc', 'timmerix', 'dilled', 'rslt']",7,"['elmor', None, 't.kanazawa', 'froggen172', 'bijay2011', 'sandapa', 'morinessan']",31,"['elmor', 'rikdey', 'veedubforlife', 'amritesh557', 'tanmoyssd', 'pentium', 'peterye', 'minkys89', 'brennan8910', 'yy3598', 'runnerdude47', 'tmhasan', 'bijay2011', None, 'yuxingangzju', 'dcrum2', 'aww372', 'marcalomar', 'moderngandhi', 'shinarchon', 'jmimottahir', 'seohk03', 'etutuc', 'mcnicholas2', 't.kanazawa', 'timmerix', 'dilled', 'froggen172', 'rslt', 'sandapa', 'morinessan']"
23,2,24,38,14,"['zyang', 'avelzen', 'wang1671', 'hankh825', 'nelder', 'mohammai', 'kevyblock', 'jalem', 'jissac', 'gaffareee', 'pino85', 'purval123', 'syg3434', 'pajouhi']",9,"['wssg', 'yoon47', 'zhou313', 'du41', 'bolong231', 'abhijith', 'wuyangyu', 'paulpurelar', 'sevenstar']",24,"['smith819', 'acurtiz', 'hchiu1113', 'chen494', 'modiking', 'maven0709', 'whess', 'jmramer', 'kim265', 'yaojunmike', 'rstein1337', 'vbhat', 'park65', 'jin5', 'aalghamdi10', 'kim960', None, 'egraves', 'gregm12', 'park38', 'sheikhnir', 'wang279', 'turner40', 'zhu16']",47,"['smith819', 'wang1671', 'hankh825', 'nelder', 'yoon47', 'zhou313', 'du41', 'jalem', 'acurtiz', 'hchiu1113', 'chen494', 'pino85', 'purval123', 'sevenstar', 'modiking', 'maven0709', 'zyang', 'whess', 'jmramer', 'mohammai', 'kim265', 'jissac', 'yaojunmike', 'rstein1337', 'vbhat', 'syg3434', 'park65', 'avelzen', 'wssg', 'jin5', 'aalghamdi10', 'kim960', 'wuyangyu', None, 'egraves', 'gregm12', 'park38', 'sheikhnir', 'kevyblock', 'bolong231', 'abhijith', 'wang279', 'gaffareee', 'paulpurelar', 'turner40', 'pajouhi', 'zhu16']"
23,22,24,19,12,"['syg3434', 'wang1671', 'hankh825', 'nelder', 'mohammai', 'kevyblock', 'du41', 'jalem', 'wuyangyu', 'gaffareee', 'purval123', 'sevenstar']",11,"['zyang', 'avelzen', 'wssg', 'yoon47', 'zhou313', 'jissac', 'bolong231', 'abhijith', 'pino85', 'paulpurelar', 'pajouhi']",7,"['park43', 'ahtippma', 'samikm', 'ssayed', None, 'maven0709', 'sheikhnir']",30,"['park43', 'wang1671', 'hankh825', 'nelder', 'yoon47', 'zhou313', 'du41', 'jalem', 'samikm', 'pino85', 'purval123', 'ssayed', 'sevenstar', 'maven0709', 'zyang', 'ahtippma', 'mohammai', 'jissac', 'syg3434', 'avelzen', 'wssg', 'wuyangyu', None, 'kevyblock', 'bolong231', 'abhijith', 'gaffareee', 'paulpurelar', 'pajouhi', 'sheikhnir']"
23,65,24,19,11,"['wang1671', 'nelder', 'mohammai', 'kevyblock', 'jissac', 'paulpurelar', 'wuyangyu', 'gaffareee', 'pino85', 'purval123', 'pajouhi']",12,"['syg3434', 'zyang', 'avelzen', 'wssg', 'hankh825', 'yoon47', 'zhou313', 'jalem', 'du41', 'bolong231', 'abhijith', 'sevenstar']",8,"['ahtippma', 'wen7631464', 'shawnw', 'bmsutton', 'alghamds', 'ssayed', None, 'maven0709']",31,"['wang1671', 'hankh825', 'nelder', 'yoon47', 'zhou313', 'du41', 'jalem', 'wen7631464', 'pino85', 'purval123', 'ssayed', 'sevenstar', 'maven0709', 'zyang', 'ahtippma', 'mohammai', 'jissac', 'bmsutton', 'syg3434', 'alghamds', 'avelzen', 'wssg', 'shawnw', 'wuyangyu', None, 'kevyblock', 'bolong231', 'abhijith', 'gaffareee', 'paulpurelar', 'pajouhi']"
23,23,24,16,10,"['zyang', 'avelzen', 'hankh825', 'mohammai', 'kevyblock', 'jissac', 'wuyangyu', 'gaffareee', 'purval123', 'sevenstar']",13,"['wang1671', 'wssg', 'nelder', 'yoon47', 'zhou313', 'du41', 'jalem', 'bolong231', 'abhijith', 'pino85', 'paulpurelar', 'syg3434', 'pajouhi']",6,"['sunxingshu', 'park43', 'samikm', 'ssayed', None, 'maven0709']",29,"['park43', 'wang1671', 'hankh825', 'nelder', 'yoon47', 'zhou313', 'du41', 'jalem', 'samikm', 'pino85', 'purval123', 'ssayed', 'sevenstar', 'maven0709', 'zyang', 'mohammai', 'jissac', 'syg3434', 'avelzen', 'wssg', 'wuyangyu', None, 'sunxingshu', 'kevyblock', 'bolong231', 'abhijith', 'gaffareee', 'paulpurelar', 'pajouhi']"
23,3,24,10,2,"['bolong231', 'abhijith']",21,"['wang1671', 'hankh825', 'nelder', 'yoon47', 'zhou313', 'du41', 'jalem', 'pino85', 'purval123', 'sevenstar', 'zyang', 'mohammai', 'jissac', 'syg3434', 'avelzen', 'wssg', 'wuyangyu', 'kevyblock', 'gaffareee', 'paulpurelar', 'pajouhi']",8,"['angela.amador', 'ebabel', 'alamba', 'conrad14', None, 'jengerer', 'mry1990', 'crcjwice123']",31,"['ebabel', 'avelzen', 'wang1671', 'hankh825', 'nelder', 'yoon47', 'zhou313', 'du41', 'jalem', 'wssg', 'wuyangyu', 'pino85', 'purval123', 'sevenstar', 'angela.amador', None, 'alamba', 'mry1990', 'crcjwice123', 'zyang', 'mohammai', 'kevyblock', 'jissac', 'bolong231', 'abhijith', 'conrad14', 'gaffareee', 'paulpurelar', 'syg3434', 'pajouhi', 'jengerer']"
23,9,24,8,1,['yoon47'],22,"['wang1671', 'hankh825', 'nelder', 'zhou313', 'du41', 'jalem', 'pino85', 'purval123', 'sevenstar', 'zyang', 'mohammai', 'jissac', 'syg3434', 'avelzen', 'wssg', 'wuyangyu', 'kevyblock', 'bolong231', 'abhijith', 'gaffareee', 'paulpurelar', 'pajouhi']",7,"['wu337', 'pdak', 'mkayyalh', 'yuqizhu', 'apenumat', None, 'mwahab']",30,"['pdak', 'avelzen', 'wang1671', 'hankh825', 'nelder', 'yoon47', 'zhou313', 'du41', 'jalem', 'wssg', 'yuqizhu', 'wuyangyu', 'pino85', 'purval123', 'sevenstar', 'apenumat', None, 'wu337', 'zyang', 'mohammai', 'kevyblock', 'jissac', 'mkayyalh', 'bolong231', 'abhijith', 'gaffareee', 'paulpurelar', 'syg3434', 'pajouhi', 'mwahab']"
23,4,24,7,1,['wang1671'],22,"['hankh825', 'nelder', 'yoon47', 'zhou313', 'du41', 'jalem', 'pino85', 'purval123', 'sevenstar', 'zyang', 'mohammai', 'jissac', 'syg3434', 'avelzen', 'wssg', 'wuyangyu', 'kevyblock', 'bolong231', 'abhijith', 'gaffareee', 'paulpurelar', 'pajouhi']",6,"['park38', 'chen494', 'vbhat', None, 'park65', 'egraves']",29,"['avelzen', 'wang1671', 'hankh825', 'nelder', 'yoon47', 'zhou313', 'du41', 'jalem', 'wssg', 'chen494', 'wuyangyu', 'pino85', 'purval123', 'sevenstar', None, 'egraves', 'zyang', 'park38', 'mohammai', 'kevyblock', 'jissac', 'bolong231', 'abhijith', 'vbhat', 'gaffareee', 'paulpurelar', 'syg3434', 'pajouhi', 'park65']"
24,37,24,28,21,"['janice0105', 'jcarlisle', 'novasclark', 'fawkespony12111', 'chosenone24', 'gmonofre', 'bellah12111', 'jkeglar1', 'bufoo06', 'mxcollin19', 'a2mcdaniel', 'andremp35', 'abdulghania', 'mschris10', 'clutchcarter21', 'zjay23', 'mrawesome', 'chalant', 'jdawk', 'darz94', 'dherring15']",2,"['chinmay153', 'bsklenard']",7,"['angelinagoing', 'mitch', 'dkla45', 'mrobinson2013', 'raymondgt6', 'jordandavis', None]",30,"['janice0105', 'jcarlisle', 'novasclark', 'fawkespony12111', 'chosenone24', 'gmonofre', 'bellah12111', 'raymondgt6', 'jkeglar1', 'bufoo06', 'mitch', 'mxcollin19', 'jordandavis', 'a2mcdaniel', 'andremp35', 'abdulghania', 'angelinagoing', 'darz94', 'mrobinson2013', 'mschris10', None, 'clutchcarter21', 'zjay23', 'dkla45', 'mrawesome', 'chalant', 'jdawk', 'chinmay153', 'bsklenard', 'dherring15']"
24,88,24,27,21,"['janice0105', 'jcarlisle', 'novasclark', 'fawkespony12111', 'chosenone24', 'gmonofre', 'bellah12111', 'jkeglar1', 'bufoo06', 'mxcollin19', 'a2mcdaniel', 'andremp35', 'abdulghania', 'mschris10', 'clutchcarter21', 'zjay23', 'mrawesome', 'chalant', 'jdawk', 'darz94', 'dherring15']",2,"['chinmay153', 'bsklenard']",6,"['angelinagoing', 'dkla45', 'mrobinson2013', 'raymondgt6', 'jordandavis', None]",29,"['janice0105', 'jcarlisle', 'novasclark', 'fawkespony12111', 'chosenone24', 'gmonofre', 'bellah12111', 'raymondgt6', 'jkeglar1', 'bufoo06', 'mxcollin19', 'jordandavis', 'a2mcdaniel', 'andremp35', 'abdulghania', 'angelinagoing', 'darz94', 'mrobinson2013', 'mschris10', None, 'clutchcarter21', 'zjay23', 'dkla45', 'mrawesome', 'chalant', 'jdawk', 'chinmay153', 'bsklenard', 'dherring15']"
25,70,23,22,19,"['alicia.kriete', 'mbarthold', 'normanlu0724', 'amoretti423', 'lja27', 'tsl24', 'acl46', 'eit23', 'pb464', 'bsuth916', 'daves', 'burks_gabriel', 'jmk352', 'nadoon21', 'selv55', 'jja52', 'ug23', 'jas459', 'ekp26']",3,"['thirvo', 'apentecost25', 'lijielile']",3,"['rcd46', None, 'yx38']",25,"['alicia.kriete', 'rcd46', 'mbarthold', 'normanlu0724', 'amoretti423', 'lja27', 'tsl24', 'acl46', 'eit23', 'lijielile', 'pb464', 'apentecost25', 'bsuth916', 'daves', 'burks_gabriel', None, 'jmk352', 'thirvo', 'nadoon21', 'selv55', 'jja52', 'ug23', 'jas459', 'yx38', 'ekp26']"
25,217,23,18,15,"['jmk352', 'selv55', 'pb464', 'jja52', 'apentecost25', 'amoretti423', 'jas459', 'alicia.kriete', 'lja27', 'acl46', 'bsuth916', 'daves', 'mbarthold', 'burks_gabriel', 'normanlu0724']",7,"['thirvo', 'nadoon21', 'lijielile', 'ug23', 'tsl24', 'ekp26', 'eit23']",3,"['prestonbn', None, 'ak3296']",25,"['alicia.kriete', 'mbarthold', 'normanlu0724', 'amoretti423', 'lja27', 'tsl24', 'acl46', 'eit23', 'lijielile', 'ak3296', 'pb464', 'apentecost25', 'bsuth916', 'daves', 'burks_gabriel', None, 'jmk352', 'thirvo', 'nadoon21', 'prestonbn', 'selv55', 'jja52', 'ug23', 'jas459', 'ekp26']"
25,72,23,15,1,['thirvo'],21,"['alicia.kriete', 'mbarthold', 'normanlu0724', 'amoretti423', 'lja27', 'tsl24', 'acl46', 'eit23', 'lijielile', 'pb464', 'apentecost25', 'bsuth916', 'daves', 'burks_gabriel', 'jmk352', 'nadoon21', 'selv55', 'jja52', 'ug23', 'jas459', 'ekp26']",14,"['dquickel', 'roy_atlans', 'jgarves', 'david0917', 'ppacey', 'gautamnaik', 'boyaziq', 'davgumo', 'jesquiv', 'ppolidor', 'davesocal', 'saikumar_234', None, 'xias']",36,"['lijielile', 'pb464', 'jgarves', 'apentecost25', 'david0917', 'alicia.kriete', 'davgumo', 'jesquiv', 'bsuth916', 'mbarthold', 'daves', 'burks_gabriel', 'saikumar_234', None, 'xias', 'normanlu0724', 'jmk352', 'thirvo', 'nadoon21', 'dquickel', 'roy_atlans', 'selv55', 'jja52', 'amoretti423', 'ug23', 'jas459', 'ppacey', 'lja27', 'tsl24', 'gautamnaik', 'boyaziq', 'acl46', 'ekp26', 'ppolidor', 'davesocal', 'eit23']"
26,83,23,26,21,"['neuling', 'jornhwan', 'bklusemann', 'barrachina84', 'homayonifar', 'arashm1', 'j.r.mianroodi', 'jonathan.amodeo', 'alirezaei', 'takamoto0411', 'madiso', 'mayoma', 'bszajews', 'stoebene', 'ali_2102', 'amir.niazi', 'adrisanmen', 'edelman', 'qbzhang666', 'tameling', 'leili']",1,['j_piechota'],5,"['orsi', 'arunpksh', 'ronmiller', 'mehdi_eft', None]",27,"['j_piechota', 'neuling', 'jornhwan', 'bklusemann', 'barrachina84', 'homayonifar', 'arashm1', 'j.r.mianroodi', 'jonathan.amodeo', 'alirezaei', 'orsi', 'ronmiller', 'takamoto0411', 'madiso', 'mayoma', 'bszajews', 'stoebene', 'mehdi_eft', 'ali_2102', None, 'amir.niazi', 'adrisanmen', 'arunpksh', 'edelman', 'qbzhang666', 'tameling', 'leili']"
27,119,23,34,22,"['darkoscar96', 'shreyashonrao', 'skw57', 'jr858', 'lpa22', 'kristmaskthulu', 'hk486', 'dlynch1090', 'mb766', 'mal288', 'bcr48', 'amm472', 'jppastore', 'ps544', 'carinlightner', 'yh298', 'cw446', 'ccl68', 'af325', 'kl279', 'jk2488', 'a3pointswish']",0,[],12,"['aal99', 'mc729', 'km468', 'btl32', 'wrd34', 'knh28', 'yk394', 'jdc357', 'denzel91', 'rlk259', 'brj25', None]",34,"['km468', 'darkoscar96', 'btl32', 'shreyashonrao', 'skw57', 'jdc357', 'aal99', 'wrd34', 'jr858', 'denzel91', 'lpa22', 'kristmaskthulu', 'hk486', 'dlynch1090', 'mb766', 'mal288', 'mc729', 'bcr48', 'amm472', 'jppastore', 'ps544', 'knh28', 'carinlightner', 'yk394', 'yh298', 'rlk259', 'cw446', 'brj25', None, 'ccl68', 'af325', 'kl279', 'jk2488', 'a3pointswish']"
27,207,23,32,20,"['darkoscar96', 'shreyashonrao', 'skw57', 'lpa22', 'kristmaskthulu', 'hk486', 'dlynch1090', 'mb766', 'mal288', 'amm472', 'jppastore', 'ps544', 'carinlightner', 'yh298', 'cw446', 'ccl68', 'af325', 'kl279', 'jk2488', 'a3pointswish']",2,"['jr858', 'bcr48']",12,"['da294', 'aal99', 'mc729', 'dnw22', 'km468', 'btl32', 'wrd34', 'knh28', 'denzel91', 'rlk259', 'brj25', None]",34,"['km468', 'darkoscar96', 'btl32', 'shreyashonrao', 'skw57', 'da294', 'aal99', 'wrd34', 'jr858', 'denzel91', 'lpa22', 'kristmaskthulu', 'hk486', 'dlynch1090', 'mb766', 'mal288', 'mc729', 'bcr48', 'amm472', 'jppastore', 'ps544', 'knh28', 'carinlightner', 'yh298', 'rlk259', 'cw446', 'brj25', None, 'ccl68', 'af325', 'kl279', 'jk2488', 'dnw22', 'a3pointswish']"
27,209,23,17,10,"['dlynch1090', 'mal288', 'af325', 'jk2488', 'bcr48', 'ps544', 'amm472', 'skw57', 'lpa22', 'cw446']",12,"['mb766', 'ccl68', 'kl279', 'darkoscar96', 'jppastore', 'shreyashonrao', 'carinlightner', 'jr858', 'yh298', 'a3pointswish', 'kristmaskthulu', 'hk486']",7,"['mc729', 'wrd34', 'knh28', 'yk394', 'denzel91', 'brj25', None]",29,"['darkoscar96', 'shreyashonrao', 'skw57', 'wrd34', 'jr858', 'denzel91', 'lpa22', 'kristmaskthulu', 'hk486', 'dlynch1090', 'mb766', 'mal288', 'mc729', 'bcr48', 'amm472', 'jppastore', 'ps544', 'knh28', 'carinlightner', 'yk394', 'yh298', 'cw446', 'brj25', None, 'ccl68', 'af325', 'kl279', 'jk2488', 'a3pointswish']"
27,231,23,13,1,['hk486'],21,"['darkoscar96', 'shreyashonrao', 'skw57', 'jr858', 'lpa22', 'kristmaskthulu', 'dlynch1090', 'mb766', 'mal288', 'bcr48', 'amm472', 'jppastore', 'ps544', 'carinlightner', 'yh298', 'cw446', 'ccl68', 'af325', 'kl279', 'jk2488', 'a3pointswish']",12,"['haishiro', 'aas265', 'smburu', 'mc729', 'djf223', 'sansmar17', 'peter_im', 'kthurst2', None, 'ashleyh55', 'nafeesal', 'djs376']",34,"['dlynch1090', 'mb766', 'mal288', 'mc729', 'bcr48', 'darkoscar96', 'amm472', 'jppastore', 'shreyashonrao', 'ps544', 'carinlightner', 'skw57', 'yh298', 'kthurst2', 'cw446', None, 'ashleyh55', 'peter_im', 'nafeesal', 'djs376', 'ccl68', 'haishiro', 'aas265', 'smburu', 'af325', 'djf223', 'kl279', 'jk2488', 'sansmar17', 'jr858', 'lpa22', 'a3pointswish', 'kristmaskthulu', 'hk486']"
27,208,23,9,6,"['mal288', 'darkoscar96', 'skw57', 'lpa22', 'kristmaskthulu', 'hk486']",16,"['dlynch1090', 'mb766', 'ccl68', 'af325', 'kl279', 'jk2488', 'bcr48', 'amm472', 'jppastore', 'ps544', 'shreyashonrao', 'carinlightner', 'jr858', 'yh298', 'a3pointswish', 'cw446']",3,"['rlk259', None, 'denzel91']",25,"['dlynch1090', 'mb766', 'mal288', 'bcr48', 'darkoscar96', 'amm472', 'jppastore', 'shreyashonrao', 'ps544', 'carinlightner', 'skw57', 'yh298', 'rlk259', 'cw446', None, 'ccl68', 'af325', 'kl279', 'jk2488', 'jr858', 'denzel91', 'lpa22', 'a3pointswish', 'kristmaskthulu', 'hk486']"
28,102,21,16,2,"['troskyh', 'marisolpantoja']",18,"['e13couture', 'marufino', 'tpbelang', 'tyandrews4001', 'mustafa', 'waedmond', 'jonle', 'zahid214', 'tlhoward', 'ftrobert', 'mswiggin', 'slbridg3', 'bidhadebnath', 'jifunke', 'kg4joh', 'emrankhan', 'ercreswe', 'makurcze']",14,"['dordevic', 'rafi_cuperman', 'hernandez.s1', 'ca.cendales2610', 'ericblandon', 'mariajo.cadena', 'js.cardenas170', 'jairoandresbonilla07', 'jfmolano15872010', 'jf.gaona48', 'zambranito', 'aevilla', None, 'gabosan']",34,"['marisolpantoja', 'tyandrews4001', 'mswiggin', 'slbridg3', 'dordevic', 'zahid214', 'rafi_cuperman', 'ftrobert', 'hernandez.s1', 'ercreswe', 'troskyh', 'aevilla', None, 'makurcze', 'e13couture', 'marufino', 'tpbelang', 'mustafa', 'waedmond', 'jonle', 'tlhoward', 'ca.cendales2610', 'bidhadebnath', 'jifunke', 'kg4joh', 'emrankhan', 'ericblandon', 'mariajo.cadena', 'js.cardenas170', 'jairoandresbonilla07', 'jfmolano15872010', 'jf.gaona48', 'zambranito', 'gabosan']"
28,101,21,15,11,"['e13couture', 'marufino', 'tyandrews4001', 'mswiggin', 'jonle', 'waedmond', 'ftrobert', 'jifunke', 'kg4joh', 'emrankhan', 'ercreswe']",9,"['tpbelang', 'marisolpantoja', 'mustafa', 'slbridg3', 'tlhoward', 'zahid214', 'bidhadebnath', 'troskyh', 'makurcze']",4,"['trmckenz', 'btsherid', None, 'nbiswas']",24,"['trmckenz', 'marisolpantoja', 'tyandrews4001', 'mswiggin', 'slbridg3', 'zahid214', 'ftrobert', 'nbiswas', 'ercreswe', 'troskyh', None, 'makurcze', 'e13couture', 'marufino', 'tpbelang', 'mustafa', 'waedmond', 'jonle', 'tlhoward', 'bidhadebnath', 'jifunke', 'kg4joh', 'emrankhan', 'btsherid']"
29,32,19,30,18,"['chetnapathak', 'kateb26', 'allthatglitters', 'sirseven', 'krich', 'hanviris', 'sarahb1', 'dbm448', 'apw284', 'ganthony1123', 'jswotinsky', 'kmclaughlin', 'brianesong', 'pilhardt', 'hilaryrenaldy', 'cbourdillon', 'dholmes', 'aadeshoye']",0,[],12,"['dangerousdan', 'aherman99', 'khurst', 'sjk423', 'jcoleary', 'katiekim2013', 'jfaust3', 'ajer95', 'mcdeheeger', 'daniel.kwon', None, 'ynj2000']",30,"['dangerousdan', 'allthatglitters', 'dbm448', 'jfaust3', 'ajer95', 'kateb26', 'khurst', 'jcoleary', 'jswotinsky', 'kmclaughlin', 'mcdeheeger', 'hilaryrenaldy', 'krich', 'ynj2000', 'chetnapathak', 'aherman99', 'sjk423', 'sarahb1', 'apw284', 'ganthony1123', 'brianesong', 'daniel.kwon', 'cbourdillon', None, 'sirseven', 'hanviris', 'katiekim2013', 'pilhardt', 'dholmes', 'aadeshoye']"
29,111,19,29,17,"['chetnapathak', 'allthatglitters', 'sirseven', 'krich', 'hanviris', 'sarahb1', 'dbm448', 'apw284', 'ganthony1123', 'jswotinsky', 'kmclaughlin', 'brianesong', 'pilhardt', 'kateb26', 'cbourdillon', 'dholmes', 'aadeshoye']",1,['hilaryrenaldy'],12,"['alexlederhausen', 'kkaur', 'kyz682', 'slhatch', 'brittanymai', 'katiekim2013', 'jstaudt', 'daniel.kwon', 'jhk0904', 'cto324', 'kev188', None]",30,"['allthatglitters', 'dbm448', 'kateb26', 'alexlederhausen', 'kkaur', 'jswotinsky', 'slhatch', 'kmclaughlin', 'jhk0904', 'kev188', 'hilaryrenaldy', 'krich', 'chetnapathak', 'sarahb1', 'apw284', 'brittanymai', 'ganthony1123', 'brianesong', 'daniel.kwon', 'cbourdillon', None, 'kyz682', 'sirseven', 'hanviris', 'katiekim2013', 'jstaudt', 'pilhardt', 'cto324', 'dholmes', 'aadeshoye']"
30,48,19,152,11,"['gallium_arsenide', 'wang185', 'zldragon', 'ammario', 'sophiezhang180', 'nathan1', 'zheng55', 'liu241', 'sizhangyu', 'cjmccarthy', 'cho61']",7,"['malkows1', 'olivercai', 'cfranc20', 'xu73', 'zhuzhongdong', 'biorbibsy', 'zqazi1']",141,"['lc199166', 'perpetual89', 'knihai', 'wlee85', 'zouhair2', 'singh29', 'lufthansa92', 'koksal2', 'yezichao', 'mkjo2', 'eliu0117', 'brinkmanship', 'marvadar', 'oleksie1', 'mancera1', 'ljb0928', 'rpark216', 'yiumingh', 'chumblyone', 'xp19375', 'lambert8', 'fhsiao2', 'jamessu2', 'dee7291', 'yding16', 'profballack', 'abcdef', 'nshafi3', 'nexthy', 'bursuc1', 'nlowrey', 'yuyan1', 'chang190', 'guitaristzhang', 'mole3691', 'tmcginniss', 'lin187', 'sudzi781', '54hi0', 'caroldd', 'hjsong2', 'luokaihang0822', 'jtang10', 'kelihui1', 'azamatm', 'shangyee', 'gthell340', 'amill676', 'eceece', None, 'danqiye1', 'magerko1', 'j.bohmbach', 'hcp1992', 'tath', 'asyed33', 'mli47', 'jlorozc2', 'nadisco3', 'jlee3725', 'zhang258', 'ckkevin1014', 'dresche1', 'paulwite', 'mikebarsaloux', 'zhou62', 'kirihar1', 'mclovin006', 'hershedtilak', 'page10', 'li151', 'smsaladi', 'baker32', 'ruichen77', 'joe510784', 'chao16', 'cheung17', 'ravi7', 'wasdfa', 'uditsharma101', 'hh22191', 'qianybo24', 'chaocao2', 'swearen1', 'mattstery', 'louisly', 'npined2', 'temperlancer', 'slee18', 'onurgur1', 'zhangchengyi', 'godard1', 'gurbaazsidhu', 'doidge1', 'shin65', 'sarwal1', 'heebidiwup', 'xliu79', 'yohanko322', 'andri', 'sabol1', 'nehzgneg', 'condon3', 'k912323', 'achavarria', 'ajstreed', 'jvanderwoude', 'chenni1', 'lin189', 'zhang354', 'ruiwang4', 'dedios1', 'yjiang40', 'jfuizzle', 'idatye', 'yang82', 'yang160', 'scrain', 'aoleksie', 'aishsingh', 'ellieyan', 'captiva34', 'gonzal41', 'knsofor', 'blackbu3', 'dbieli2', 'osama2', 'frankow1', 'c32325', 'fishtoo', 'gujral1', 'plam5', 'ltavare2', 'kolthof1', 'penis', 'hartant2', 'hmwu2', 'flybywire91', 'kailiu2', 'ahoag', 'lelelea']",159,"['lc199166', 'perpetual89', 'knihai', 'wlee85', 'zouhair2', 'singh29', 'lufthansa92', 'koksal2', 'yezichao', 'mkjo2', 'eliu0117', 'brinkmanship', 'marvadar', 'oleksie1', 'zldragon', 'mancera1', 'ljb0928', 'rpark216', 'yiumingh', 'chumblyone', 'xp19375', 'lambert8', 'fhsiao2', 'jamessu2', 'dee7291', 'yding16', 'profballack', 'wang185', 'abcdef', 'nshafi3', 'sophiezhang180', 'zheng55', 'nexthy', 'liu241', 'bursuc1', 'nlowrey', 'yuyan1', 'chang190', 'guitaristzhang', 'mole3691', 'tmcginniss', 'lin187', 'zqazi1', 'sudzi781', '54hi0', 'caroldd', 'hjsong2', 'biorbibsy', 'luokaihang0822', 'jtang10', 'kelihui1', 'azamatm', 'shangyee', 'gthell340', 'nathan1', 'amill676', 'eceece', None, 'danqiye1', 'magerko1', 'j.bohmbach', 'hcp1992', 'tath', 'asyed33', 'gallium_arsenide', 'mli47', 'jlorozc2', 'ammario', 'nadisco3', 'jlee3725', 'zhang258', 'ckkevin1014', 'dresche1', 'paulwite', 'olivercai', 'mikebarsaloux', 'zhou62', 'kirihar1', 'mclovin006', 'hershedtilak', 'page10', 'li151', 'smsaladi', 'baker32', 'ruichen77', 'joe510784', 'chao16', 'cheung17', 'ravi7', 'wasdfa', 'uditsharma101', 'hh22191', 'sizhangyu', 'qianybo24', 'chaocao2', 'swearen1', 'malkows1', 'mattstery', 'louisly', 'npined2', 'temperlancer', 'xu73', 'slee18', 'onurgur1', 'zhangchengyi', 'godard1', 'gurbaazsidhu', 'doidge1', 'shin65', 'sarwal1', 'zhuzhongdong', 'heebidiwup', 'xliu79', 'yohanko322', 'andri', 'nehzgneg', 'condon3', 'k912323', 'achavarria', 'ajstreed', 'jvanderwoude', 'chenni1', 'cjmccarthy', 'lin189', 'zhang354', 'ruiwang4', 'dedios1', 'yjiang40', 'jfuizzle', 'idatye', 'yang82', 'kailiu2', 'yang160', 'scrain', 'aoleksie', 'aishsingh', 'ellieyan', 'captiva34', 'gonzal41', 'knsofor', 'blackbu3', 'dbieli2', 'osama2', 'frankow1', 'c32325', 'fishtoo', 'gujral1', 'plam5', 'ltavare2', 'kolthof1', 'penis', 'hartant2', 'hmwu2', 'cfranc20', 'flybywire91', 'sabol1', 'cho61', 'ahoag', 'lelelea']"
30,50,19,33,4,"['liu241', 'zqazi1', 'xu73', 'zhuzhongdong']",14,"['malkows1', 'gallium_arsenide', 'wang185', 'zldragon', 'olivercai', 'ammario', 'sophiezhang180', 'zheng55', 'cfranc20', 'biorbibsy', 'nathan1', 'sizhangyu', 'cjmccarthy', 'cho61']",29,"['xiang7', 'surya2', 'jordan336', 'kalidin1', 'smith228', 'chovelice', 'malak577', 'dedios1', 'styyle14', 'amphoterite', 'bugmenot', 'bfbygfgy', 'idatye', 'adambubar', 'lau14', 'koppula2', 'bcvaugh2', 'miuz9010', 'xiruihe1', 'gerth2', 'stuart_lee', 'yang106', 'kiebles1', None, 'zzhu7', 'vigneshwar', 'zhaner08', 'hmwu2', 'kamman2']",47,"['xiang7', 'surya2', 'jordan336', 'kalidin1', 'smith228', 'olivercai', 'chovelice', 'cjmccarthy', 'zqazi1', 'malak577', 'dedios1', 'styyle14', 'amphoterite', 'zldragon', 'bugmenot', 'bfbygfgy', 'idatye', 'biorbibsy', 'sizhangyu', 'adambubar', 'malkows1', 'lau14', 'koppula2', 'bcvaugh2', 'miuz9010', 'xiruihe1', 'gerth2', 'xu73', 'stuart_lee', 'nathan1', 'yang106', 'kiebles1', None, 'zzhu7', 'gallium_arsenide', 'wang185', 'vigneshwar', 'zhaner08', 'ammario', 'sophiezhang180', 'hmwu2', 'zheng55', 'cfranc20', 'zhuzhongdong', 'liu241', 'kamman2', 'cho61']"
30,49,19,32,4,"['malkows1', 'biorbibsy', 'cfranc20', 'olivercai']",14,"['gallium_arsenide', 'wang185', 'zldragon', 'ammario', 'sophiezhang180', 'nathan1', 'zheng55', 'xu73', 'zhuzhongdong', 'zqazi1', 'liu241', 'sizhangyu', 'cjmccarthy', 'cho61']",28,"['kharoutaj', 'guanditz', 'guitaristzhang', 'lai35', 'coxsey1', 'oleksie1', 'trovill1', 'jefflawrence', 'cbulgarelli', 'idatye', 'mancera1', 'yiumingh', 'marchel2', 'chiemes919', 'stys66', None, 'freeckj1003', 'gurbaazsidhu', 'david.walder', 'smetana4', 'hilgers3', 'mli47', 'pierce20', 'tielong', 'niebrug1', 'heebidiwup', 'bradsnyder', 'rossdwolf']",46,"['kharoutaj', 'olivercai', 'guitaristzhang', 'guanditz', 'cjmccarthy', 'zqazi1', 'lai35', 'coxsey1', 'oleksie1', 'trovill1', 'jefflawrence', 'zldragon', 'cbulgarelli', 'idatye', 'biorbibsy', 'sizhangyu', 'mancera1', 'yiumingh', 'malkows1', 'marchel2', 'chiemes919', 'xu73', 'nathan1', 'stys66', 'freeckj1003', None, 'gurbaazsidhu', 'david.walder', 'smetana4', 'hilgers3', 'gallium_arsenide', 'wang185', 'mli47', 'pierce20', 'ammario', 'sophiezhang180', 'tielong', 'zheng55', 'cfranc20', 'zhuzhongdong', 'niebrug1', 'liu241', 'heebidiwup', 'cho61', 'bradsnyder', 'rossdwolf']"
31,87,19,19,18,"['msohail83', 'nhusain90', 'greg_brady', 'olordyx', 'robcagan13', 'suner13', 'kliwanag', 'weimarea13', 'osterberg', 'haggberg11', 'smithj13', 'doubleg', 'supersuggs', 'grotjohn12', 'maples13', 'mauer13', 'patterson', 'floydjacqueline']",0,[],1,[None],19,"['msohail83', 'nhusain90', 'olordyx', 'robcagan13', 'suner13', 'kliwanag', 'haggberg11', 'smithj13', 'supersuggs', 'maples13', 'patterson', None, 'greg_brady', 'weimarea13', 'osterberg', 'doubleg', 'grotjohn12', 'mauer13', 'floydjacqueline']"
33,82,18,18,17,"['dahopkins', 'bmpowers', 'mlazonm1', 'samnaboulsi', 'jdmoore2004', 'jjramsey', 'costas_fountzoulas', 'mminnicino', 'john.k.brennan', 'mike_chen_email', 'cw9r', 'toddbeaudet', 'sweingarten', 'balboaalex', 'jlarentzos', 'rbecker', 'shurab']",0,[],1,[None],18,"['jdmoore2004', 'bmpowers', 'mlazonm1', 'john.k.brennan', 'cw9r', 'costas_fountzoulas', 'sweingarten', 'toddbeaudet', 'mike_chen_email', None, 'dahopkins', 'samnaboulsi', 'jjramsey', 'mminnicino', 'balboaalex', 'jlarentzos', 'rbecker', 'shurab']"
34,2,18,38,12,"['whess', 'jmramer', 'jin5', 'park38', 'acurtiz', 'chen494', 'vbhat', 'yaojunmike', 'egraves', 'modiking', 'park65', 'zhu16']",5,"['anubisdispo', 'ebabel', 'angela.amador', 'alamba', 'yang320']",26,"['smith819', 'wang1671', 'hankh825', 'nelder', 'jalem', 'hchiu1113', 'pino85', 'purval123', 'maven0709', 'zyang', 'mohammai', 'kim265', 'jissac', 'rstein1337', 'syg3434', 'avelzen', 'aalghamdi10', 'kim960', None, 'gregm12', 'kevyblock', 'wang279', 'gaffareee', 'turner40', 'pajouhi', 'sheikhnir']",43,"['anubisdispo', 'smith819', 'wang1671', 'hankh825', 'nelder', 'jalem', 'acurtiz', 'hchiu1113', 'chen494', 'pino85', 'purval123', 'modiking', 'alamba', 'maven0709', 'zyang', 'whess', 'jmramer', 'mohammai', 'kim265', 'jissac', 'vbhat', 'yaojunmike', 'rstein1337', 'syg3434', 'park65', 'yang320', 'ebabel', 'jin5', 'avelzen', 'aalghamdi10', 'kim960', 'angela.amador', None, 'egraves', 'gregm12', 'park38', 'sheikhnir', 'kevyblock', 'wang279', 'gaffareee', 'turner40', 'pajouhi', 'zhu16']"
34,142,18,11,7,"['park38', 'jmramer', 'whess', 'vbhat', 'egraves', 'park65', 'zhu16']",10,"['anubisdispo', 'ebabel', 'jin5', 'acurtiz', 'chen494', 'yaojunmike', 'modiking', 'angela.amador', 'alamba', 'yang320']",4,"[None, 'rnhalste', 'richie3', 'wang279']",21,"['anubisdispo', 'ebabel', 'jin5', 'richie3', 'acurtiz', 'chen494', 'rnhalste', 'park65', 'modiking', 'angela.amador', 'alamba', None, 'egraves', 'park38', 'jmramer', 'whess', 'wang279', 'vbhat', 'yaojunmike', 'yang320', 'zhu16']"
34,3,18,10,3,"['angela.amador', 'ebabel', 'alamba']",14,"['anubisdispo', 'whess', 'jmramer', 'jin5', 'park38', 'acurtiz', 'chen494', 'vbhat', 'yaojunmike', 'park65', 'egraves', 'modiking', 'yang320', 'zhu16']",7,"['bolong231', 'abhijith', 'conrad14', None, 'jengerer', 'mry1990', 'crcjwice123']",24,"['anubisdispo', 'ebabel', 'jin5', 'acurtiz', 'chen494', 'park65', 'modiking', 'angela.amador', 'alamba', None, 'egraves', 'mry1990', 'crcjwice123', 'park38', 'jmramer', 'whess', 'bolong231', 'abhijith', 'conrad14', 'vbhat', 'yaojunmike', 'jengerer', 'yang320', 'zhu16']"
34,5,18,8,1,['anubisdispo'],16,"['ebabel', 'whess', 'jmramer', 'jin5', 'park38', 'acurtiz', 'chen494', 'vbhat', 'yaojunmike', 'park65', 'egraves', 'modiking', 'angela.amador', 'alamba', 'yang320', 'zhu16']",7,"['spazos', 'kuoyaoming', 'jach', 'emilioea', 'javierordenavia', 'ermitanio', None]",24,"['anubisdispo', 'kuoyaoming', 'ebabel', 'jin5', 'javierordenavia', 'acurtiz', 'chen494', 'park65', 'modiking', 'angela.amador', 'alamba', None, 'egraves', 'spazos', 'park38', 'jmramer', 'whess', 'jach', 'emilioea', 'vbhat', 'yaojunmike', 'ermitanio', 'yang320', 'zhu16']"
34,4,18,7,5,"['park38', 'chen494', 'vbhat', 'park65', 'egraves']",12,"['anubisdispo', 'ebabel', 'whess', 'jmramer', 'jin5', 'acurtiz', 'yaojunmike', 'modiking', 'angela.amador', 'alamba', 'yang320', 'zhu16']",2,"['wang1671', None]",19,"['anubisdispo', 'ebabel', 'jin5', 'wang1671', 'acurtiz', 'chen494', 'park65', 'modiking', 'angela.amador', 'alamba', None, 'egraves', 'park38', 'jmramer', 'whess', 'vbhat', 'yaojunmike', 'yang320', 'zhu16']"
35,48,17,152,11,"['hcp1992', 'ltavare2', 'knsofor', 'npined2', 'nexthy', 'mclovin006', 'lin187', 'gthell340', 'sabol1', 'aoleksie', 'bursuc1']",5,"['amphoterite', 'marchel2', 'vigneshwar', 'chiemes919', 'yang106']",141,"['lc199166', 'perpetual89', 'knihai', 'wlee85', 'zouhair2', 'singh29', 'lufthansa92', 'koksal2', 'yezichao', 'mkjo2', 'eliu0117', 'brinkmanship', 'marvadar', 'oleksie1', 'zldragon', 'mancera1', 'ljb0928', 'rpark216', 'yiumingh', 'chumblyone', 'xp19375', 'lambert8', 'fhsiao2', 'jamessu2', 'dee7291', 'yding16', 'profballack', 'wang185', 'abcdef', 'nshafi3', 'sophiezhang180', 'zheng55', 'liu241', 'nlowrey', 'yuyan1', 'chang190', 'guitaristzhang', 'mole3691', 'tmcginniss', 'sudzi781', '54hi0', 'caroldd', 'hjsong2', 'luokaihang0822', 'jtang10', 'kelihui1', 'azamatm', 'shangyee', 'nathan1', 'amill676', 'eceece', None, 'danqiye1', 'magerko1', 'j.bohmbach', 'tath', 'asyed33', 'gallium_arsenide', 'mli47', 'jlorozc2', 'ammario', 'nadisco3', 'jlee3725', 'zhang258', 'ckkevin1014', 'dresche1', 'paulwite', 'mikebarsaloux', 'zhou62', 'kirihar1', 'hershedtilak', 'page10', 'li151', 'smsaladi', 'baker32', 'ruichen77', 'joe510784', 'chao16', 'cheung17', 'ravi7', 'wasdfa', 'uditsharma101', 'hh22191', 'sizhangyu', 'qianybo24', 'chaocao2', 'swearen1', 'mattstery', 'louisly', 'temperlancer', 'slee18', 'onurgur1', 'zhangchengyi', 'godard1', 'gurbaazsidhu', 'doidge1', 'shin65', 'sarwal1', 'heebidiwup', 'xliu79', 'yohanko322', 'andri', 'nehzgneg', 'condon3', 'k912323', 'achavarria', 'ajstreed', 'jvanderwoude', 'chenni1', 'cjmccarthy', 'lin189', 'zhang354', 'ruiwang4', 'dedios1', 'yjiang40', 'jfuizzle', 'idatye', 'yang82', 'yang160', 'scrain', 'aishsingh', 'ellieyan', 'captiva34', 'gonzal41', 'blackbu3', 'dbieli2', 'osama2', 'frankow1', 'c32325', 'fishtoo', 'gujral1', 'plam5', 'kolthof1', 'penis', 'hartant2', 'hmwu2', 'flybywire91', 'kailiu2', 'cho61', 'ahoag', 'lelelea']",157,"['lc199166', 'perpetual89', 'knihai', 'wlee85', 'zouhair2', 'singh29', 'lufthansa92', 'koksal2', 'yezichao', 'mkjo2', 'eliu0117', 'brinkmanship', 'marvadar', 'oleksie1', 'zldragon', 'mancera1', 'ljb0928', 'rpark216', 'yiumingh', 'chumblyone', 'xp19375', 'lambert8', 'fhsiao2', 'jamessu2', 'dee7291', 'yang106', 'yding16', 'profballack', 'wang185', 'abcdef', 'nshafi3', 'sophiezhang180', 'zheng55', 'nexthy', 'liu241', 'bursuc1', 'nlowrey', 'yuyan1', 'chang190', 'guitaristzhang', 'mole3691', 'tmcginniss', 'lin187', 'sudzi781', '54hi0', 'caroldd', 'hjsong2', 'luokaihang0822', 'jtang10', 'marchel2', 'kelihui1', 'azamatm', 'chiemes919', 'shangyee', 'gthell340', 'nathan1', 'amill676', 'eceece', None, 'danqiye1', 'hcp1992', 'magerko1', 'j.bohmbach', 'tath', 'asyed33', 'vigneshwar', 'gallium_arsenide', 'mli47', 'jlorozc2', 'ammario', 'nadisco3', 'jlee3725', 'zhang258', 'ckkevin1014', 'dresche1', 'paulwite', 'mikebarsaloux', 'zhou62', 'kirihar1', 'mclovin006', 'hershedtilak', 'page10', 'li151', 'smsaladi', 'baker32', 'ruichen77', 'joe510784', 'chao16', 'cheung17', 'ravi7', 'wasdfa', 'uditsharma101', 'hh22191', 'sizhangyu', 'qianybo24', 'chaocao2', 'swearen1', 'mattstery', 'louisly', 'npined2', 'temperlancer', 'slee18', 'onurgur1', 'zhangchengyi', 'godard1', 'gurbaazsidhu', 'doidge1', 'shin65', 'sarwal1', 'heebidiwup', 'xliu79', 'yohanko322', 'andri', 'nehzgneg', 'condon3', 'k912323', 'achavarria', 'ajstreed', 'jvanderwoude', 'chenni1', 'cjmccarthy', 'lin189', 'zhang354', 'ruiwang4', 'dedios1', 'amphoterite', 'yjiang40', 'jfuizzle', 'idatye', 'yang82', 'kailiu2', 'yang160', 'aoleksie', 'scrain', 'aishsingh', 'ellieyan', 'captiva34', 'gonzal41', 'knsofor', 'blackbu3', 'dbieli2', 'osama2', 'frankow1', 'c32325', 'fishtoo', 'gujral1', 'plam5', 'ltavare2', 'kolthof1', 'penis', 'hartant2', 'hmwu2', 'flybywire91', 'sabol1', 'cho61', 'ahoag', 'lelelea']"
35,174,17,115,12,"['hcp1992', 'amphoterite', 'ltavare2', 'knsofor', 'npined2', 'lin187', 'nexthy', 'gthell340', 'yang106', 'sabol1', 'aoleksie', 'bursuc1']",4,"['marchel2', 'vigneshwar', 'chiemes919', 'mclovin006']",103,"['birkel2', 'mikebarsaloux', 'perpetual89', 'zhou62', 'knihai', 'kirihar1', 'kolze100', 'wlee85', 'zouhair2', 'koksal2', 'yezichao', 'epop', 'mkjo2', 'eliu0117', 'brinkmanship', 'smsaladi', 'baker32', 'ruichen77', 'newell1', 'lee893', 'joe510784', 'chao16', 'cheung17', 'wasdfa', 'zeng17', 'jezzar', 'hh22191', 'mancera1', 'ljb0928', 'yiumingh', 'xp19375', 'akgun1', 'mattstery', 'temperlancer', 'jamessu2', 'dee7291', 'slee18', 'onurgur1', 'yding16', 'ehdwnsdlz', 'godard1', 'abcdef', 'nshafi3', 'sarwal1', 'mohamme3', 'callant1', 'sefhmc', 'nlowrey', 'yuyan1', 'chang190', 'condon3', 'k912323', 'ajstreed', 'jvanderwoude', 'lewang2', 'guitaristzhang', 'lai35', 'lin189', 'sudzi781', '54hi0', 'zhang354', 'dedios1', 'yjiang40', 'caroldd', 'jefflawrence', 'jfuizzle', 'morningzz', 'idatye', 'yang82', 'luokaihang0822', 'scrain', 'aishsingh', 'naiveli', 'ellieyan', 'yingou1', 'krkelly', 'captiva34', 'kelihui1', 'azamatm', 'stuart_lee', 'shangyee', 'chenegan', 'blackbu3', 'dbieli2', 'amill676', 'freeckj1003', None, 'fishtoo', 'danqiye1', 'gujral1', 'magerko1', 'j.bohmbach', 'tath', 'darrenchen', 'plam5', 'kolthof1', 'kwulph', 'hmwu2', 'nadisco3', 'jlee3725', 'flybywire91', 'dresche1', 'ahoag']",119,"['perpetual89', 'knihai', 'kolze100', 'wlee85', 'zouhair2', 'koksal2', 'yezichao', 'mkjo2', 'eliu0117', 'brinkmanship', 'newell1', 'lee893', 'mancera1', 'ljb0928', 'yiumingh', 'xp19375', 'akgun1', 'jamessu2', 'dee7291', 'yang106', 'yding16', 'abcdef', 'nshafi3', 'nexthy', 'mohamme3', 'callant1', 'bursuc1', 'nlowrey', 'yuyan1', 'chang190', 'lewang2', 'guitaristzhang', 'lin187', 'lai35', 'sudzi781', '54hi0', 'caroldd', 'morningzz', 'luokaihang0822', 'yingou1', 'marchel2', 'kelihui1', 'azamatm', 'chiemes919', 'shangyee', 'gthell340', 'amill676', 'freeckj1003', None, 'danqiye1', 'hcp1992', 'magerko1', 'j.bohmbach', 'tath', 'vigneshwar', 'nadisco3', 'jlee3725', 'dresche1', 'birkel2', 'mikebarsaloux', 'zhou62', 'kirihar1', 'mclovin006', 'epop', 'smsaladi', 'baker32', 'ruichen77', 'joe510784', 'chao16', 'cheung17', 'wasdfa', 'zeng17', 'jezzar', 'hh22191', 'mattstery', 'temperlancer', 'npined2', 'slee18', 'onurgur1', 'ehdwnsdlz', 'godard1', 'sarwal1', 'sefhmc', 'condon3', 'k912323', 'ajstreed', 'jvanderwoude', 'lin189', 'zhang354', 'dedios1', 'amphoterite', 'yjiang40', 'jefflawrence', 'jfuizzle', 'idatye', 'yang82', 'aoleksie', 'scrain', 'aishsingh', 'naiveli', 'ellieyan', 'krkelly', 'captiva34', 'knsofor', 'stuart_lee', 'chenegan', 'blackbu3', 'dbieli2', 'fishtoo', 'gujral1', 'darrenchen', 'plam5', 'ltavare2', 'kolthof1', 'kwulph', 'hmwu2', 'flybywire91', 'sabol1', 'ahoag']"
35,50,17,33,3,"['yang106', 'vigneshwar', 'amphoterite']",13,"['hcp1992', 'ltavare2', 'marchel2', 'knsofor', 'npined2', 'chiemes919', 'nexthy', 'mclovin006', 'lin187', 'gthell340', 'sabol1', 'aoleksie', 'bursuc1']",30,"['xiang7', 'surya2', 'jordan336', 'kalidin1', 'smith228', 'chovelice', 'zqazi1', 'malak577', 'dedios1', 'styyle14', 'bugmenot', 'bfbygfgy', 'idatye', 'adambubar', 'lau14', 'koppula2', 'bcvaugh2', 'miuz9010', 'xiruihe1', 'gerth2', 'stuart_lee', 'xu73', 'kiebles1', None, 'zzhu7', 'zhaner08', 'hmwu2', 'zhuzhongdong', 'liu241', 'kamman2']",46,"['xiang7', 'surya2', 'jordan336', 'kalidin1', 'smith228', 'chovelice', 'mclovin006', 'lin187', 'malak577', 'zqazi1', 'dedios1', 'amphoterite', 'styyle14', 'bugmenot', 'bfbygfgy', 'idatye', 'aoleksie', 'adambubar', 'lau14', 'marchel2', 'knsofor', 'koppula2', 'bcvaugh2', 'miuz9010', 'npined2', 'chiemes919', 'xiruihe1', 'gerth2', 'stuart_lee', 'gthell340', 'xu73', 'yang106', 'kiebles1', None, 'hcp1992', 'ltavare2', 'zzhu7', 'vigneshwar', 'zhaner08', 'hmwu2', 'nexthy', 'zhuzhongdong', 'liu241', 'kamman2', 'sabol1', 'bursuc1']"
35,49,17,32,2,"['marchel2', 'chiemes919']",14,"['hcp1992', 'amphoterite', 'ltavare2', 'vigneshwar', 'knsofor', 'npined2', 'lin187', 'nexthy', 'mclovin006', 'yang106', 'gthell340', 'sabol1', 'aoleksie', 'bursuc1']",30,"['kharoutaj', 'olivercai', 'guanditz', 'guitaristzhang', 'lai35', 'coxsey1', 'oleksie1', 'trovill1', 'jefflawrence', 'cbulgarelli', 'idatye', 'biorbibsy', 'mancera1', 'yiumingh', 'malkows1', 'stys66', None, 'freeckj1003', 'gurbaazsidhu', 'david.walder', 'smetana4', 'hilgers3', 'mli47', 'pierce20', 'tielong', 'cfranc20', 'niebrug1', 'heebidiwup', 'bradsnyder', 'rossdwolf']",46,"['kharoutaj', 'olivercai', 'guitaristzhang', 'guanditz', 'mclovin006', 'lin187', 'lai35', 'amphoterite', 'coxsey1', 'oleksie1', 'trovill1', 'jefflawrence', 'cbulgarelli', 'idatye', 'biorbibsy', 'mancera1', 'aoleksie', 'yiumingh', 'malkows1', 'marchel2', 'knsofor', 'npined2', 'chiemes919', 'gthell340', 'stys66', 'yang106', 'freeckj1003', None, 'gurbaazsidhu', 'david.walder', 'hcp1992', 'smetana4', 'ltavare2', 'hilgers3', 'vigneshwar', 'mli47', 'pierce20', 'tielong', 'rossdwolf', 'cfranc20', 'nexthy', 'niebrug1', 'heebidiwup', 'sabol1', 'bradsnyder', 'bursuc1']"
35,175,17,28,2,"['marchel2', 'aoleksie']",14,"['hcp1992', 'amphoterite', 'ltavare2', 'vigneshwar', 'knsofor', 'npined2', 'chiemes919', 'lin187', 'nexthy', 'mclovin006', 'yang106', 'gthell340', 'sabol1', 'bursuc1']",26,"['guitaristzhang', 'hershedtilak', 'page10', 'li151', 'coxsey1', 'trovill1', 'cbulgarelli', 'mrabe17', 'mancera1', 'kimitri', 'ruiwangece', 'jtang10', 'naiveli', 'yiumingh', 'shangyee', 'stys66', 'freeckj1003', None, 'gurbaazsidhu', 'smetana4', 'hilgers3', 'doidge1', 'tielong', 'niebrug1', 'bradsnyder', 'rossdwolf']",42,"['guitaristzhang', 'mclovin006', 'lin187', 'hershedtilak', 'page10', 'li151', 'amphoterite', 'coxsey1', 'trovill1', 'cbulgarelli', 'mrabe17', 'mancera1', 'kimitri', 'aoleksie', 'ruiwangece', 'jtang10', 'naiveli', 'yiumingh', 'marchel2', 'knsofor', 'npined2', 'chiemes919', 'shangyee', 'gthell340', 'stys66', 'yang106', 'freeckj1003', None, 'gurbaazsidhu', 'hcp1992', 'smetana4', 'ltavare2', 'hilgers3', 'doidge1', 'vigneshwar', 'tielong', 'rossdwolf', 'nexthy', 'niebrug1', 'sabol1', 'bradsnyder', 'bursuc1']"
35,177,17,24,4,"['yang106', 'vigneshwar', 'chiemes919', 'amphoterite']",12,"['hcp1992', 'ltavare2', 'marchel2', 'knsofor', 'npined2', 'nexthy', 'mclovin006', 'lin187', 'gthell340', 'sabol1', 'aoleksie', 'bursuc1']",20,"['jordan336', 'chovelice', 'malak577', 'eliu0117', 'bfbygfgy', 'adambubar', 'lee103', 'xp19375', 'koppula2', 'bcvaugh2', 'miuz9010', 'xiruihe1', 'chenegan', 'slee18', 'kiebles1', None, 'penis', 'jakemandozzi', 'hmwu2', 'blugatchtube']",36,"['jordan336', 'chovelice', 'mclovin006', 'lin187', 'malak577', 'eliu0117', 'amphoterite', 'bfbygfgy', 'aoleksie', 'adambubar', 'lee103', 'xp19375', 'marchel2', 'knsofor', 'koppula2', 'bcvaugh2', 'miuz9010', 'npined2', 'chiemes919', 'xiruihe1', 'chenegan', 'gthell340', 'slee18', 'yang106', None, 'kiebles1', 'hcp1992', 'ltavare2', 'vigneshwar', 'penis', 'jakemandozzi', 'hmwu2', 'nexthy', 'sabol1', 'blugatchtube', 'bursuc1']"
36,218,17,56,9,"['souchi', 'heyu07', 'mehdidev', 'masud001', 'zhu1', 'brsahu', 'ashasmohan', 'navaneeth1988', 'rwangnd1']",7,"['eogiesob', 'mzamiri', 'cedmunds', 'jtriley', 'chandrar88', 'mghaverty', 'gbudiman']",47,"['bhaley', 'egley', 'zooley', 'park43', 'tkubis', 'raseong', 'achigull', 'vasileska', 'michaelpov', 'bigsnake', 'apps', 'ejochoa', 'mmc', 'amrshahat', 'number1', 'poji', 'psengupta', 'sicong.chen', 'maassenj1', 'hctest2', 'sganguly', 'liveletlive', 'pmeunier', 'jefonseca', 'bmsutton', 'dadrin2026', 'sellier', 'rheakhanna', 'yborga1', 'karthiky', 'fjr2009', 'gah', None, 'gmodeloh', 'pang1', 'jgeng', 'vdiep', 'jin52', 'dwhitena', 'bermel', 'dkearney', 'nkissebe', 'rbpost', 'omalis', 'arun2987', 'clarksm', 'denphi']",63,"['zooley', 'tkubis', 'michaelpov', 'zhu1', 'bigsnake', 'ejochoa', 'mmc', 'psengupta', 'sicong.chen', 'hctest2', 'liveletlive', 'jtriley', 'dadrin2026', 'sellier', 'rheakhanna', 'brsahu', 'gah', 'eogiesob', 'mzamiri', 'gmodeloh', 'jgeng', 'vdiep', 'heyu07', 'jin52', 'bermel', 'dkearney', 'ashasmohan', 'rbpost', 'navaneeth1988', 'arun2987', 'denphi', 'bhaley', 'egley', 'raseong', 'park43', 'achigull', 'mehdidev', 'vasileska', 'gbudiman', 'apps', 'amrshahat', 'number1', 'poji', 'maassenj1', 'cedmunds', 'sganguly', 'pmeunier', 'masud001', 'jefonseca', 'bmsutton', 'yborga1', 'chandrar88', 'karthiky', 'fjr2009', 'mghaverty', None, 'souchi', 'pang1', 'dwhitena', 'nkissebe', 'omalis', 'clarksm', 'rwangnd1']"
36,219,17,10,1,['heyu07'],15,"['eogiesob', 'mzamiri', 'souchi', 'cedmunds', 'mehdidev', 'jtriley', 'chandrar88', 'zhu1', 'brsahu', 'masud001', 'mghaverty', 'gbudiman', 'navaneeth1988', 'ashasmohan', 'rwangnd1']",9,"['pang1', 'jgeng', 'vdiep', 'rheakhanna', 'sganguly', 'mmc', 'clarksm', None, 'tanyaohua']",25,"['rheakhanna', 'mehdidev', 'chandrar88', 'zhu1', 'brsahu', 'mghaverty', 'gbudiman', 'mmc', None, 'souchi', 'eogiesob', 'mzamiri', 'pang1', 'jgeng', 'vdiep', 'heyu07', 'cedmunds', 'sganguly', 'jtriley', 'masud001', 'ashasmohan', 'navaneeth1988', 'clarksm', 'tanyaohua', 'rwangnd1']"
37,19,17,17,6,"['juanaya1', 'brownianmover', 'jkldouglas', 'jdorsey0', 'narvaezc', 'jhoughto']",10,"['erich.radauscher', 'drumhacker72', 'kawright90', 'arjun86', 'mcshin', 'craiglaboda', 'myousof', 'jpb26', 'aatewologun', 'bdfello']",11,"['joan', 'nalinandersen', 'macdadyj', 'gilian0413', 'acochrane', 'mdurfee', 'souldweller', 'lukyates', None, 'rjalopez', 'malloy']",27,"['nalinandersen', 'jkldouglas', 'narvaezc', 'erich.radauscher', 'mdurfee', 'souldweller', 'arjun86', 'kawright90', 'mcshin', 'craiglaboda', 'myousof', 'jpb26', 'aatewologun', None, 'rjalopez', 'juanaya1', 'joan', 'brownianmover', 'macdadyj', 'acochrane', 'gilian0413', 'jdorsey0', 'drumhacker72', 'lukyates', 'jhoughto', 'bdfello', 'malloy']"
37,21,17,11,5,"['juanaya1', 'brownianmover', 'jdorsey0', 'narvaezc', 'bdfello']",11,"['jkldouglas', 'erich.radauscher', 'drumhacker72', 'kawright90', 'arjun86', 'mcshin', 'craiglaboda', 'myousof', 'jhoughto', 'jpb26', 'aatewologun']",6,"['joan', 'nalinandersen', 'souldweller', 'lukyates', 'nmrtnz8', None]",22,"['nalinandersen', 'jkldouglas', 'narvaezc', 'erich.radauscher', 'souldweller', 'arjun86', 'kawright90', 'mcshin', 'craiglaboda', 'myousof', 'nmrtnz8', 'jpb26', 'aatewologun', None, 'juanaya1', 'joan', 'brownianmover', 'jdorsey0', 'drumhacker72', 'lukyates', 'jhoughto', 'bdfello']"
37,28,17,10,2,"['erich.radauscher', 'kawright90']",14,"['juanaya1', 'brownianmover', 'jkldouglas', 'jdorsey0', 'narvaezc', 'drumhacker72', 'arjun86', 'mcshin', 'craiglaboda', 'myousof', 'jhoughto', 'jpb26', 'aatewologun', 'bdfello']",8,"['brk11', 'isvar', 'wiwi_samsul', 'tushin', 'gyrocopterllc', 'wg43', 'diksha.arora', None]",24,"['jkldouglas', 'narvaezc', 'erich.radauscher', 'wiwi_samsul', 'arjun86', 'kawright90', 'mcshin', 'gyrocopterllc', 'craiglaboda', 'wg43', 'myousof', 'jpb26', 'aatewologun', None, 'juanaya1', 'brownianmover', 'brk11', 'isvar', 'jdorsey0', 'drumhacker72', 'tushin', 'jhoughto', 'bdfello', 'diksha.arora']"
37,163,17,10,3,"['juanaya1', 'jhoughto', 'jkldouglas']",13,"['brownianmover', 'jdorsey0', 'narvaezc', 'erich.radauscher', 'drumhacker72', 'arjun86', 'kawright90', 'mcshin', 'craiglaboda', 'myousof', 'jpb26', 'aatewologun', 'bdfello']",7,"['joan', 'nalinandersen', 'gilian0413', 'souldweller', 'lukyates', None, 'rjalopez']",23,"['nalinandersen', 'jkldouglas', 'narvaezc', 'erich.radauscher', 'souldweller', 'arjun86', 'kawright90', 'mcshin', 'craiglaboda', 'myousof', 'jpb26', 'aatewologun', None, 'rjalopez', 'juanaya1', 'joan', 'brownianmover', 'gilian0413', 'jdorsey0', 'drumhacker72', 'lukyates', 'jhoughto', 'bdfello']"
37,20,17,8,7,"['erich.radauscher', 'drumhacker72', 'arjun86', 'kawright90', 'craiglaboda', 'jpb26', 'aatewologun']",9,"['juanaya1', 'brownianmover', 'jkldouglas', 'jdorsey0', 'narvaezc', 'mcshin', 'myousof', 'jhoughto', 'bdfello']",1,[None],17,"['jkldouglas', 'narvaezc', 'erich.radauscher', 'arjun86', 'kawright90', 'mcshin', 'craiglaboda', 'myousof', 'jpb26', 'aatewologun', None, 'juanaya1', 'brownianmover', 'jdorsey0', 'drumhacker72', 'jhoughto', 'bdfello']"
38,231,16,13,10,"['haishiro', 'aas265', 'smburu', 'djf223', 'sansmar17', 'peter_im', 'kthurst2', 'ashleyh55', 'nafeesal', 'djs376']",5,"['scottd86', 'lunahife', 'kosior54', 'dhodash', 'handwerker']",3,"['mc729', None, 'hk486']",18,"['lunahife', 'mc729', 'kosior54', 'dhodash', 'handwerker', 'kthurst2', None, 'ashleyh55', 'peter_im', 'nafeesal', 'djs376', 'haishiro', 'aas265', 'smburu', 'scottd86', 'djf223', 'sansmar17', 'hk486']"
39,133,16,12,4,"['farhad.khosravi', 'sbarth', 'shawngreig', 'alantsay']",11,"['ssederberg', 'ksy2703', 'rolaaylo', 'gtn75', 'timaras', 'zmcddn', 'geokallos', 'alimavi', 'hrsz171', 'bjanjua2', 'gv8']",8,"[None, 'sjmolesk', 'katchinskiy', 'jahani', 'jatkinson98', 'ccortes', 'yuting', 'huhuanwubian']",23,"['shawngreig', 'timaras', 'farhad.khosravi', 'zmcddn', 'sbarth', 'sjmolesk', 'katchinskiy', 'alimavi', 'gv8', 'huhuanwubian', 'alantsay', 'yuting', None, 'ssederberg', 'ksy2703', 'rolaaylo', 'gtn75', 'geokallos', 'jatkinson98', 'jahani', 'ccortes', 'hrsz171', 'bjanjua2']"
39,134,16,8,3,"['alantsay', 'sbarth', 'shawngreig']",12,"['ssederberg', 'ksy2703', 'rolaaylo', 'gtn75', 'timaras', 'farhad.khosravi', 'zmcddn', 'geokallos', 'alimavi', 'hrsz171', 'bjanjua2', 'gv8']",5,"['jahani', 'jatkinson98', 'ccortes', 'yuting', None]",20,"['shawngreig', 'timaras', 'farhad.khosravi', 'zmcddn', 'sbarth', 'alimavi', 'gv8', 'yuting', 'alantsay', None, 'ssederberg', 'ksy2703', 'rolaaylo', 'gtn75', 'geokallos', 'jatkinson98', 'jahani', 'ccortes', 'hrsz171', 'bjanjua2']"
39,135,16,7,4,"['ssederberg', 'alantsay', 'sbarth', 'shawngreig']",11,"['ksy2703', 'rolaaylo', 'gtn75', 'timaras', 'farhad.khosravi', 'zmcddn', 'geokallos', 'alimavi', 'hrsz171', 'bjanjua2', 'gv8']",3,"['yuting', None, 'ccortes']",18,"['shawngreig', 'timaras', 'farhad.khosravi', 'zmcddn', 'sbarth', 'alimavi', 'gv8', 'yuting', 'alantsay', None, 'ssederberg', 'ksy2703', 'rolaaylo', 'gtn75', 'geokallos', 'ccortes', 'hrsz171', 'bjanjua2']"
40,203,15,16,14,"['santiagosurf', 'danielahidrobo18', 'rociomolina', 'laurahn826', 'alejandra0809', 'natalia.patino.san', 'cesaralbm', 'laura.socha', 'cindyvan10', 'nicko9101', 'danielpabe24', 'hyoga', 'willyacardona', 'avald88']",0,[],2,"[None, 'alismateus']",16,"['santiagosurf', 'rociomolina', 'alejandra0809', 'natalia.patino.san', 'danielpabe24', 'hyoga', 'alismateus', 'willyacardona', None, 'avald88', 'danielahidrobo18', 'laurahn826', 'cesaralbm', 'laura.socha', 'cindyvan10', 'nicko9101']"
41,48,15,152,12,"['chaocao2', 'marvadar', 'profballack', 'shin65', 'mli47', 'nehzgneg', 'jlorozc2', 'hartant2', 'hjsong2', 'uditsharma101', 'kailiu2', 'yohanko322']",2,"['esanch29', 'wdyarthas']",140,"['lc199166', 'perpetual89', 'knihai', 'wlee85', 'zouhair2', 'singh29', 'lufthansa92', 'koksal2', 'yezichao', 'mkjo2', 'eliu0117', 'brinkmanship', 'oleksie1', 'zldragon', 'mancera1', 'ljb0928', 'rpark216', 'yiumingh', 'chumblyone', 'xp19375', 'lambert8', 'fhsiao2', 'jamessu2', 'dee7291', 'yding16', 'wang185', 'abcdef', 'nshafi3', 'sophiezhang180', 'zheng55', 'nexthy', 'liu241', 'bursuc1', 'nlowrey', 'yuyan1', 'chang190', 'guitaristzhang', 'mole3691', 'tmcginniss', 'lin187', 'sudzi781', '54hi0', 'caroldd', 'luokaihang0822', 'jtang10', 'kelihui1', 'azamatm', 'shangyee', 'gthell340', 'nathan1', 'amill676', 'eceece', None, 'danqiye1', 'magerko1', 'j.bohmbach', 'hcp1992', 'tath', 'asyed33', 'gallium_arsenide', 'ammario', 'nadisco3', 'jlee3725', 'zhang258', 'ckkevin1014', 'dresche1', 'paulwite', 'mikebarsaloux', 'zhou62', 'kirihar1', 'mclovin006', 'hershedtilak', 'page10', 'li151', 'smsaladi', 'baker32', 'ruichen77', 'joe510784', 'chao16', 'cheung17', 'ravi7', 'wasdfa', 'hh22191', 'sizhangyu', 'qianybo24', 'swearen1', 'mattstery', 'louisly', 'npined2', 'temperlancer', 'slee18', 'onurgur1', 'zhangchengyi', 'godard1', 'gurbaazsidhu', 'doidge1', 'sarwal1', 'heebidiwup', 'xliu79', 'andri', 'sabol1', 'condon3', 'k912323', 'achavarria', 'ajstreed', 'jvanderwoude', 'chenni1', 'cjmccarthy', 'lin189', 'zhang354', 'ruiwang4', 'dedios1', 'yjiang40', 'jfuizzle', 'idatye', 'yang82', 'yang160', 'scrain', 'aoleksie', 'aishsingh', 'ellieyan', 'captiva34', 'gonzal41', 'knsofor', 'blackbu3', 'dbieli2', 'osama2', 'frankow1', 'c32325', 'fishtoo', 'gujral1', 'plam5', 'ltavare2', 'kolthof1', 'penis', 'hmwu2', 'flybywire91', 'cho61', 'ahoag', 'lelelea']",154,"['lc199166', 'perpetual89', 'knihai', 'wlee85', 'zouhair2', 'singh29', 'lufthansa92', 'koksal2', 'yezichao', 'mkjo2', 'eliu0117', 'marvadar', 'brinkmanship', 'oleksie1', 'zldragon', 'mancera1', 'ljb0928', 'rpark216', 'yiumingh', 'chumblyone', 'xp19375', 'lambert8', 'fhsiao2', 'jamessu2', 'dee7291', 'yding16', 'profballack', 'wang185', 'abcdef', 'nshafi3', 'sophiezhang180', 'zheng55', 'nexthy', 'liu241', 'bursuc1', 'nlowrey', 'yuyan1', 'chang190', 'guitaristzhang', 'mole3691', 'tmcginniss', 'lin187', 'sudzi781', '54hi0', 'caroldd', 'hjsong2', 'luokaihang0822', 'jtang10', 'kelihui1', 'azamatm', 'shangyee', 'gthell340', 'nathan1', 'amill676', 'eceece', None, 'danqiye1', 'magerko1', 'j.bohmbach', 'hcp1992', 'tath', 'asyed33', 'gallium_arsenide', 'mli47', 'jlorozc2', 'ammario', 'nadisco3', 'jlee3725', 'zhang258', 'ckkevin1014', 'dresche1', 'paulwite', 'mikebarsaloux', 'zhou62', 'kirihar1', 'mclovin006', 'esanch29', 'hershedtilak', 'page10', 'li151', 'smsaladi', 'baker32', 'ruichen77', 'joe510784', 'chao16', 'cheung17', 'ravi7', 'wasdfa', 'uditsharma101', 'hh22191', 'sizhangyu', 'qianybo24', 'chaocao2', 'swearen1', 'lelelea', 'mattstery', 'louisly', 'npined2', 'temperlancer', 'slee18', 'onurgur1', 'zhangchengyi', 'godard1', 'gurbaazsidhu', 'doidge1', 'shin65', 'sarwal1', 'heebidiwup', 'xliu79', 'yohanko322', 'andri', 'sabol1', 'nehzgneg', 'condon3', 'k912323', 'achavarria', 'ajstreed', 'jvanderwoude', 'chenni1', 'cjmccarthy', 'lin189', 'zhang354', 'ruiwang4', 'dedios1', 'yjiang40', 'jfuizzle', 'idatye', 'yang82', 'yang160', 'scrain', 'aoleksie', 'aishsingh', 'ellieyan', 'captiva34', 'gonzal41', 'knsofor', 'blackbu3', 'dbieli2', 'osama2', 'frankow1', 'c32325', 'fishtoo', 'gujral1', 'plam5', 'ltavare2', 'kolthof1', 'penis', 'hartant2', 'hmwu2', 'flybywire91', 'kailiu2', 'cho61', 'ahoag', 'wdyarthas']"
41,49,15,32,1,['mli47'],13,"['chaocao2', 'marvadar', 'profballack', 'shin65', 'nehzgneg', 'jlorozc2', 'hartant2', 'hjsong2', 'uditsharma101', 'esanch29', 'kailiu2', 'yohanko322', 'wdyarthas']",31,"['kharoutaj', 'olivercai', 'guanditz', 'guitaristzhang', 'lai35', 'coxsey1', 'oleksie1', 'trovill1', 'jefflawrence', 'cbulgarelli', 'idatye', 'biorbibsy', 'mancera1', 'yiumingh', 'malkows1', 'marchel2', 'chiemes919', 'stys66', 'freeckj1003', None, 'gurbaazsidhu', 'david.walder', 'smetana4', 'hilgers3', 'pierce20', 'tielong', 'cfranc20', 'niebrug1', 'heebidiwup', 'bradsnyder', 'rossdwolf']",45,"['kharoutaj', 'nehzgneg', 'olivercai', 'guitaristzhang', 'guanditz', 'esanch29', 'lai35', 'coxsey1', 'marvadar', 'oleksie1', 'trovill1', 'jefflawrence', 'cbulgarelli', 'hjsong2', 'uditsharma101', 'idatye', 'biorbibsy', 'mancera1', 'chaocao2', 'yiumingh', 'malkows1', 'marchel2', 'chiemes919', 'stys66', 'freeckj1003', None, 'gurbaazsidhu', 'david.walder', 'smetana4', 'profballack', 'hilgers3', 'shin65', 'mli47', 'jlorozc2', 'pierce20', 'tielong', 'hartant2', 'rossdwolf', 'cfranc20', 'niebrug1', 'heebidiwup', 'kailiu2', 'bradsnyder', 'yohanko322', 'wdyarthas']"
41,55,15,24,13,"['chaocao2', 'marvadar', 'profballack', 'nehzgneg', 'mli47', 'jlorozc2', 'hartant2', 'hjsong2', 'uditsharma101', 'esanch29', 'kailiu2', 'yohanko322', 'wdyarthas']",1,['shin65'],11,"['k912323', 'achavarria', 'ravi7', 'heebidiwup', 'jamessu2', 'xxephemera', 'idatye', 'sizhangyu0824', 'levitas1', None, 'aishsingh']",25,"['nehzgneg', 'k912323', 'achavarria', 'esanch29', 'marvadar', 'ravi7', 'hjsong2', 'uditsharma101', 'idatye', 'xxephemera', 'levitas1', 'aishsingh', 'chaocao2', 'jamessu2', 'sizhangyu0824', None, 'profballack', 'shin65', 'mli47', 'jlorozc2', 'hartant2', 'heebidiwup', 'kailiu2', 'yohanko322', 'wdyarthas']"
41,51,15,11,1,['esanch29'],13,"['chaocao2', 'marvadar', 'profballack', 'shin65', 'mli47', 'nehzgneg', 'jlorozc2', 'hartant2', 'hjsong2', 'uditsharma101', 'kailiu2', 'yohanko322', 'wdyarthas']",10,"['chenhu1', 'shuotian', 'mengchen', 'kelpler', 'aikara2', 'baker30', 'mohamme3', 'qizhao1', 'yang160', None]",24,"['chaocao2', 'shuotian', 'nehzgneg', 'baker30', 'qizhao1', 'esanch29', None, 'chenhu1', 'marvadar', 'profballack', 'mengchen', 'shin65', 'mli47', 'jlorozc2', 'kelpler', 'aikara2', 'hartant2', 'hjsong2', 'uditsharma101', 'mohamme3', 'yang160', 'kailiu2', 'yohanko322', 'wdyarthas']"
42,34,14,17,13,"['tiago.ferreira', 'mrod43', 'charlesguzman', 'afernandez44', 'pcharles2', 'kvndela', 'davidthach', 'bestcorona08', 'dmardian', 'drenick21', 'angelfan27', 'rmarmol88', 'abrant']",0,[],4,"['angelfan27almvp', None, 'ntruong24', 'gtmonroe54']",17,"['tiago.ferreira', 'angelfan27almvp', 'ntruong24', 'kvndela', 'gtmonroe54', 'bestcorona08', 'drenick21', 'angelfan27', 'rmarmol88', None, 'mrod43', 'charlesguzman', 'afernandez44', 'pcharles2', 'davidthach', 'dmardian', 'abrant']"
42,18,14,15,12,"['tiago.ferreira', 'mrod43', 'charlesguzman', 'afernandez44', 'pcharles2', 'kvndela', 'davidthach', 'bestcorona08', 'dmardian', 'angelfan27', 'rmarmol88', 'abrant']",1,['drenick21'],3,"[None, 'ms38279', 'gtmonroe54']",16,"['tiago.ferreira', 'ms38279', 'gtmonroe54', 'kvndela', 'bestcorona08', 'drenick21', 'angelfan27', 'rmarmol88', None, 'mrod43', 'charlesguzman', 'afernandez44', 'pcharles2', 'davidthach', 'dmardian', 'abrant']"
42,165,14,14,10,"['tiago.ferreira', 'charlesguzman', 'afernandez44', 'pcharles2', 'davidthach', 'bestcorona08', 'dmardian', 'angelfan27', 'rmarmol88', 'abrant']",3,"['drenick21', 'mrod43', 'kvndela']",4,"['philip', 'nt24', None, 'ms38279']",17,"['tiago.ferreira', 'ms38279', 'kvndela', 'bestcorona08', 'drenick21', 'angelfan27', 'nt24', 'rmarmol88', None, 'mrod43', 'charlesguzman', 'afernandez44', 'pcharles2', 'philip', 'davidthach', 'dmardian', 'abrant']"
42,12,14,13,9,"['tiago.ferreira', 'mrod43', 'pcharles2', 'davidthach', 'bestcorona08', 'dmardian', 'angelfan27', 'rmarmol88', 'abrant']",4,"['drenick21', 'charlesguzman', 'kvndela', 'afernandez44']",4,"['kiranrajgeorge', None, 'gtmonroe54', 'ntruong24']",17,"['tiago.ferreira', 'gtmonroe54', 'kvndela', 'ntruong24', 'bestcorona08', 'drenick21', 'angelfan27', 'rmarmol88', None, 'kiranrajgeorge', 'mrod43', 'charlesguzman', 'afernandez44', 'pcharles2', 'davidthach', 'dmardian', 'abrant']"
43,145,14,17,12,"['ekuwertz', 'egholm', 'rstrom', 'martinljunggren', 'oviazlo', 'lene', 'jejaz', 'herr_apa', 'ahawkins', 'olgabe', 'lottethomsen', 'tuva']",1,['jhelffrich'],5,"['mariamaria', 'brenner', 'julia_109', 'tawe', None]",18,"['mariamaria', 'egholm', 'brenner', 'rstrom', 'martinljunggren', 'oviazlo', 'julia_109', 'jejaz', 'herr_apa', 'tawe', None, 'tuva', 'jhelffrich', 'ekuwertz', 'lene', 'ahawkins', 'lottethomsen', 'olgabe']"
44,112,13,10,8,"['ndeastham', 'meochemgrad', 'vweidner', 'ksung115', 'mattkelley', 'llm301', 'ericmanley', 'ishmael245831']",4,"['kep924', 'csoe', 'arm413', 'llolenic']",2,"['michaelmcanally', None]",14,"['ndeastham', 'meochemgrad', 'llm301', 'ericmanley', 'ishmael245831', 'michaelmcanally', None, 'vweidner', 'arm413', 'llolenic', 'ksung115', 'mattkelley', 'kep924', 'csoe']"
45,48,13,152,6,"['ruiwang4', 'swearen1', 'oleksie1', 'chenni1', 'osama2', 'lelelea']",6,"['xiang7', 'lau14', 'kalidin1', 'zhaner08', 'guanditz', 'qizhao1']",146,"['lc199166', 'perpetual89', 'knihai', 'wlee85', 'zouhair2', 'singh29', 'lufthansa92', 'koksal2', 'yezichao', 'mkjo2', 'eliu0117', 'brinkmanship', 'marvadar', 'zldragon', 'mancera1', 'ljb0928', 'rpark216', 'yiumingh', 'chumblyone', 'xp19375', 'lambert8', 'fhsiao2', 'jamessu2', 'dee7291', 'yding16', 'profballack', 'wang185', 'abcdef', 'nshafi3', 'sophiezhang180', 'zheng55', 'nexthy', 'liu241', 'bursuc1', 'nlowrey', 'yuyan1', 'chang190', 'guitaristzhang', 'mole3691', 'tmcginniss', 'lin187', 'sudzi781', '54hi0', 'caroldd', 'hjsong2', 'luokaihang0822', 'jtang10', 'kelihui1', 'azamatm', 'shangyee', 'gthell340', 'nathan1', 'amill676', 'eceece', None, 'danqiye1', 'magerko1', 'j.bohmbach', 'hcp1992', 'tath', 'asyed33', 'gallium_arsenide', 'mli47', 'jlorozc2', 'ammario', 'nadisco3', 'jlee3725', 'zhang258', 'ckkevin1014', 'dresche1', 'paulwite', 'mikebarsaloux', 'zhou62', 'kirihar1', 'mclovin006', 'hershedtilak', 'page10', 'li151', 'smsaladi', 'baker32', 'ruichen77', 'joe510784', 'chao16', 'cheung17', 'ravi7', 'wasdfa', 'uditsharma101', 'hh22191', 'sizhangyu', 'qianybo24', 'chaocao2', 'mattstery', 'louisly', 'npined2', 'temperlancer', 'slee18', 'onurgur1', 'zhangchengyi', 'godard1', 'gurbaazsidhu', 'doidge1', 'shin65', 'sarwal1', 'heebidiwup', 'xliu79', 'yohanko322', 'andri', 'sabol1', 'nehzgneg', 'condon3', 'k912323', 'achavarria', 'ajstreed', 'jvanderwoude', 'cjmccarthy', 'lin189', 'zhang354', 'dedios1', 'yjiang40', 'jfuizzle', 'idatye', 'yang82', 'yang160', 'scrain', 'aoleksie', 'aishsingh', 'ellieyan', 'captiva34', 'gonzal41', 'knsofor', 'blackbu3', 'dbieli2', 'frankow1', 'c32325', 'fishtoo', 'gujral1', 'plam5', 'ltavare2', 'kolthof1', 'penis', 'hartant2', 'hmwu2', 'flybywire91', 'kailiu2', 'cho61', 'ahoag']",158,"['lc199166', 'perpetual89', 'knihai', 'wlee85', 'zouhair2', 'singh29', 'lufthansa92', 'koksal2', 'yezichao', 'mkjo2', 'eliu0117', 'brinkmanship', 'marvadar', 'oleksie1', 'zldragon', 'mancera1', 'ljb0928', 'rpark216', 'yiumingh', 'chumblyone', 'xp19375', 'lambert8', 'fhsiao2', 'jamessu2', 'dee7291', 'yding16', 'profballack', 'wang185', 'abcdef', 'nshafi3', 'sophiezhang180', 'zheng55', 'nexthy', 'liu241', 'bursuc1', 'nlowrey', 'yuyan1', 'chang190', 'guitaristzhang', 'mole3691', 'tmcginniss', 'lin187', 'sudzi781', '54hi0', 'caroldd', 'hjsong2', 'luokaihang0822', 'jtang10', 'kelihui1', 'azamatm', 'shangyee', 'gthell340', 'nathan1', 'amill676', 'eceece', None, 'danqiye1', 'magerko1', 'j.bohmbach', 'hcp1992', 'tath', 'asyed33', 'gallium_arsenide', 'mli47', 'jlorozc2', 'ammario', 'nadisco3', 'jlee3725', 'zhang258', 'ckkevin1014', 'dresche1', 'paulwite', 'kalidin1', 'mikebarsaloux', 'zhou62', 'kirihar1', 'mclovin006', 'hershedtilak', 'page10', 'li151', 'smsaladi', 'baker32', 'ruichen77', 'joe510784', 'chao16', 'cheung17', 'ravi7', 'wasdfa', 'uditsharma101', 'hh22191', 'sizhangyu', 'qianybo24', 'chaocao2', 'swearen1', 'mattstery', 'louisly', 'npined2', 'temperlancer', 'slee18', 'onurgur1', 'zhangchengyi', 'godard1', 'gurbaazsidhu', 'doidge1', 'shin65', 'sarwal1', 'heebidiwup', 'xliu79', 'yohanko322', 'andri', 'xiang7', 'nehzgneg', 'condon3', 'k912323', 'achavarria', 'ajstreed', 'jvanderwoude', 'guanditz', 'chenni1', 'qizhao1', 'cjmccarthy', 'lin189', 'zhang354', 'ruiwang4', 'dedios1', 'yjiang40', 'jfuizzle', 'idatye', 'yang82', 'kailiu2', 'yang160', 'scrain', 'aoleksie', 'aishsingh', 'ellieyan', 'captiva34', 'lau14', 'gonzal41', 'knsofor', 'blackbu3', 'dbieli2', 'osama2', 'frankow1', 'c32325', 'fishtoo', 'gujral1', 'plam5', 'ltavare2', 'kolthof1', 'zhaner08', 'penis', 'hartant2', 'hmwu2', 'flybywire91', 'sabol1', 'cho61', 'ahoag', 'lelelea']"
45,92,13,88,7,"['ruiwang4', 'swearen1', 'xiang7', 'oleksie1', 'kalidin1', 'lau14', 'osama2']",5,"['zhaner08', 'guanditz', 'chenni1', 'qizhao1', 'lelelea']",81,"['myarber4', 'paulwite', 'mikebarsaloux', 'perpetual89', 'zouhair2', 'wlee85', 'yezichao', 'hershedtilak', 'page10', 'broll1', 'mkjo2', 'li151', 'chenhu1', 'brinkmanship', 'smsaladi', 'ruichen77', 'joe510784', 'mengchen', 'chao16', 'aikara2', 'wasdfa', 'qianybo24', 'ljb0928', 'rpark216', 'chumblyone', 'jkim171', 'akgun1', 'fhsiao2', 'mattstery', 'temperlancer', 'jamessu2', 'dee7291', 'slee18', 'onurgur1', 'yding16', 'zhangchengyi', 'doidge1', 'abcdef', 'nshafi3', 'sarwal1', 'callant1', 'xliu79', 'rossdwolf', 'nlowrey', 'yuyan1', 'ksabol', 'condon3', 'ajstreed', 'gtlee', 'tmcginniss', 'sudzi781', '54hi0', 'zhang354', 'dedios1', 'yjiang40', 'caroldd', 'jefflawrence', 'jfuizzle', 'yang82', 'luokaihang0822', 'aishsingh', 'ellieyan', 'yingou1', 'captiva34', 'kelihui1', 'azamatm', 'blackbu3', 'amill676', 'eceece', 'cu910410', 'kiebles1', None, 'danqiye1', 'gujral1', 'j.bohmbach', 'tath', 'kolthof1', 'jlee3725', 'dresche1', 'haichuanyu', 'ahoag']",93,"['myarber4', 'paulwite', 'kalidin1', 'mikebarsaloux', 'perpetual89', 'zouhair2', 'wlee85', 'yezichao', 'hershedtilak', 'page10', 'broll1', 'mkjo2', 'li151', 'chenhu1', 'brinkmanship', 'oleksie1', 'smsaladi', 'ruichen77', 'joe510784', 'mengchen', 'chao16', 'aikara2', 'wasdfa', 'qianybo24', 'ljb0928', 'rpark216', 'swearen1', 'chumblyone', 'jkim171', 'akgun1', 'fhsiao2', 'mattstery', 'temperlancer', 'jamessu2', 'dee7291', 'slee18', 'onurgur1', 'yding16', 'zhangchengyi', 'doidge1', 'abcdef', 'nshafi3', 'sarwal1', 'callant1', 'xliu79', 'rossdwolf', 'nlowrey', 'yuyan1', 'ksabol', 'xiang7', 'condon3', 'ajstreed', 'gtlee', 'guanditz', 'chenni1', 'qizhao1', 'tmcginniss', 'sudzi781', '54hi0', 'zhang354', 'ruiwang4', 'dedios1', 'yjiang40', 'caroldd', 'jefflawrence', 'jfuizzle', 'yang82', 'luokaihang0822', 'aishsingh', 'ellieyan', 'yingou1', 'captiva34', 'lau14', 'kelihui1', 'azamatm', 'blackbu3', 'osama2', 'amill676', 'eceece', 'cu910410', 'kiebles1', None, 'danqiye1', 'gujral1', 'j.bohmbach', 'tath', 'kolthof1', 'zhaner08', 'jlee3725', 'dresche1', 'haichuanyu', 'ahoag', 'lelelea']"
45,50,13,33,4,"['lau14', 'kalidin1', 'zhaner08', 'xiang7']",8,"['ruiwang4', 'swearen1', 'oleksie1', 'guanditz', 'chenni1', 'qizhao1', 'osama2', 'lelelea']",29,"['surya2', 'jordan336', 'smith228', 'chovelice', 'zqazi1', 'malak577', 'dedios1', 'styyle14', 'amphoterite', 'bugmenot', 'bfbygfgy', 'idatye', 'adambubar', 'koppula2', 'bcvaugh2', 'miuz9010', 'xiruihe1', 'gerth2', 'stuart_lee', 'xu73', 'yang106', 'kiebles1', None, 'zzhu7', 'vigneshwar', 'hmwu2', 'zhuzhongdong', 'liu241', 'kamman2']",41,"['xiang7', 'surya2', 'jordan336', 'kalidin1', 'smith228', 'chovelice', 'guanditz', 'chenni1', 'qizhao1', 'malak577', 'zqazi1', 'ruiwang4', 'dedios1', 'styyle14', 'amphoterite', 'oleksie1', 'bugmenot', 'bfbygfgy', 'idatye', 'adambubar', 'swearen1', 'lau14', 'koppula2', 'bcvaugh2', 'miuz9010', 'xiruihe1', 'gerth2', 'stuart_lee', 'xu73', 'yang106', 'osama2', 'kiebles1', None, 'zzhu7', 'vigneshwar', 'zhaner08', 'hmwu2', 'zhuzhongdong', 'liu241', 'kamman2', 'lelelea']"
45,49,13,32,2,"['guanditz', 'oleksie1']",10,"['ruiwang4', 'swearen1', 'xiang7', 'lau14', 'kalidin1', 'zhaner08', 'chenni1', 'qizhao1', 'osama2', 'lelelea']",30,"['kharoutaj', 'olivercai', 'guitaristzhang', 'lai35', 'coxsey1', 'trovill1', 'jefflawrence', 'cbulgarelli', 'idatye', 'biorbibsy', 'mancera1', 'yiumingh', 'malkows1', 'marchel2', 'chiemes919', 'stys66', None, 'freeckj1003', 'gurbaazsidhu', 'david.walder', 'smetana4', 'hilgers3', 'mli47', 'pierce20', 'tielong', 'cfranc20', 'niebrug1', 'heebidiwup', 'bradsnyder', 'rossdwolf']",42,"['xiang7', 'kharoutaj', 'kalidin1', 'olivercai', 'guanditz', 'chenni1', 'qizhao1', 'guitaristzhang', 'lai35', 'ruiwang4', 'coxsey1', 'oleksie1', 'trovill1', 'jefflawrence', 'cbulgarelli', 'idatye', 'biorbibsy', 'mancera1', 'yiumingh', 'swearen1', 'lau14', 'malkows1', 'marchel2', 'chiemes919', 'stys66', 'osama2', 'freeckj1003', None, 'gurbaazsidhu', 'david.walder', 'smetana4', 'hilgers3', 'mli47', 'zhaner08', 'pierce20', 'tielong', 'cfranc20', 'niebrug1', 'heebidiwup', 'bradsnyder', 'rossdwolf', 'lelelea']"
45,94,13,25,2,"['zhaner08', 'xiang7']",10,"['ruiwang4', 'swearen1', 'oleksie1', 'lau14', 'kalidin1', 'guanditz', 'chenni1', 'qizhao1', 'osama2', 'lelelea']",23,"['surya2', 'jordan336', 'smith228', 'chovelice', 'malak577', 'mbirkel91', 'bfbygfgy', 'idatye', 'devine11', 'adambubar', 'xp19375', 'sharmanshika', 'koppula2', 'bcvaugh2', 'miuz9010', 'xiruihe1', 'eceece', None, 'penis', 'hmwu2', 'nadisco3', 'kamman2', 'blugatchtube']",35,"['xiang7', 'surya2', 'jordan336', 'kalidin1', 'smith228', 'chovelice', 'guanditz', 'chenni1', 'qizhao1', 'malak577', 'ruiwang4', 'mbirkel91', 'oleksie1', 'bfbygfgy', 'idatye', 'devine11', 'adambubar', 'swearen1', 'lau14', 'xp19375', 'sharmanshika', 'koppula2', 'bcvaugh2', 'miuz9010', 'xiruihe1', 'osama2', 'eceece', None, 'zhaner08', 'penis', 'hmwu2', 'nadisco3', 'kamman2', 'blugatchtube', 'lelelea']"
45,93,13,17,2,"['guanditz', 'lelelea']",10,"['ruiwang4', 'swearen1', 'xiang7', 'oleksie1', 'kalidin1', 'lau14', 'zhaner08', 'chenni1', 'qizhao1', 'osama2']",15,"[None, 'plam5', 'darrenchen', 'kharoutaj', 'freeckj1003', 'trovill1', 'pjurik', 'tielong', 'cbulgarelli', 'mole3691', 'niebrug1', 'stys66', 'lufthansa92', 'kiebles1', 'bradsnyder']",27,"['xiang7', 'swearen1', 'lau14', 'kalidin1', 'kharoutaj', 'guanditz', 'chenni1', 'qizhao1', 'mole3691', 'stys66', 'osama2', 'lufthansa92', None, 'kiebles1', 'freeckj1003', 'ruiwang4', 'darrenchen', 'plam5', 'oleksie1', 'trovill1', 'zhaner08', 'pjurik', 'tielong', 'cbulgarelli', 'niebrug1', 'bradsnyder', 'lelelea']"
45,51,13,11,1,['qizhao1'],11,"['ruiwang4', 'swearen1', 'xiang7', 'oleksie1', 'kalidin1', 'lau14', 'zhaner08', 'guanditz', 'chenni1', 'osama2', 'lelelea']",10,"['chenhu1', 'shuotian', 'mengchen', 'kelpler', 'aikara2', 'baker30', 'mohamme3', 'esanch29', 'yang160', None]",22,"['xiang7', 'swearen1', 'lau14', 'kalidin1', 'shuotian', 'baker30', 'guanditz', 'chenni1', 'qizhao1', 'esanch29', 'osama2', None, 'ruiwang4', 'chenhu1', 'oleksie1', 'mengchen', 'kelpler', 'zhaner08', 'aikara2', 'mohamme3', 'yang160', 'lelelea']"
45,95,13,8,1,['qizhao1'],11,"['ruiwang4', 'swearen1', 'xiang7', 'oleksie1', 'kalidin1', 'lau14', 'zhaner08', 'guanditz', 'chenni1', 'osama2', 'lelelea']",7,"['chenhu1', 'shuotian', 'kelpler', 'zhou62', 'mohamme3', 'yang160', None]",19,"['xiang7', 'swearen1', 'lau14', 'kalidin1', 'shuotian', 'zhou62', 'guanditz', 'chenni1', 'qizhao1', 'osama2', None, 'ruiwang4', 'chenhu1', 'oleksie1', 'kelpler', 'zhaner08', 'mohamme3', 'yang160', 'lelelea']"
46,48,13,152,1,['fishtoo'],11,"['lee103', 'coxsey1', 'kwulph', 'lee893', 'jezzar', 'baker30', 'chenegan', 'morningzz', 'kolze100', 'sefhmc', 'ruiwangece']",151,"['lc199166', 'perpetual89', 'knihai', 'wlee85', 'zouhair2', 'singh29', 'lufthansa92', 'koksal2', 'yezichao', 'mkjo2', 'eliu0117', 'brinkmanship', 'marvadar', 'oleksie1', 'zldragon', 'mancera1', 'ljb0928', 'rpark216', 'yiumingh', 'chumblyone', 'xp19375', 'lambert8', 'fhsiao2', 'jamessu2', 'dee7291', 'yding16', 'profballack', 'wang185', 'abcdef', 'nshafi3', 'sophiezhang180', 'zheng55', 'nexthy', 'liu241', 'bursuc1', 'nlowrey', 'yuyan1', 'chang190', 'guitaristzhang', 'mole3691', 'tmcginniss', 'lin187', 'sudzi781', '54hi0', 'caroldd', 'hjsong2', 'luokaihang0822', 'jtang10', 'kelihui1', 'azamatm', 'shangyee', 'gthell340', 'nathan1', 'amill676', 'eceece', None, 'danqiye1', 'magerko1', 'j.bohmbach', 'hcp1992', 'tath', 'asyed33', 'gallium_arsenide', 'mli47', 'jlorozc2', 'ammario', 'nadisco3', 'jlee3725', 'zhang258', 'ckkevin1014', 'dresche1', 'paulwite', 'mikebarsaloux', 'zhou62', 'kirihar1', 'mclovin006', 'hershedtilak', 'page10', 'li151', 'smsaladi', 'baker32', 'ruichen77', 'joe510784', 'chao16', 'cheung17', 'ravi7', 'wasdfa', 'uditsharma101', 'hh22191', 'sizhangyu', 'qianybo24', 'chaocao2', 'swearen1', 'mattstery', 'louisly', 'npined2', 'temperlancer', 'slee18', 'onurgur1', 'zhangchengyi', 'godard1', 'gurbaazsidhu', 'doidge1', 'shin65', 'sarwal1', 'heebidiwup', 'xliu79', 'yohanko322', 'andri', 'sabol1', 'nehzgneg', 'condon3', 'k912323', 'achavarria', 'ajstreed', 'jvanderwoude', 'chenni1', 'cjmccarthy', 'lin189', 'zhang354', 'ruiwang4', 'dedios1', 'yjiang40', 'jfuizzle', 'idatye', 'yang82', 'yang160', 'scrain', 'aoleksie', 'aishsingh', 'ellieyan', 'captiva34', 'gonzal41', 'knsofor', 'blackbu3', 'dbieli2', 'osama2', 'frankow1', 'c32325', 'gujral1', 'plam5', 'ltavare2', 'kolthof1', 'penis', 'hartant2', 'hmwu2', 'flybywire91', 'kailiu2', 'cho61', 'ahoag', 'lelelea']",163,"['lc199166', 'perpetual89', 'knihai', 'kolze100', 'wlee85', 'zouhair2', 'singh29', 'lufthansa92', 'koksal2', 'yezichao', 'mkjo2', 'eliu0117', 'brinkmanship', 'marvadar', 'oleksie1', 'lee893', 'zldragon', 'mancera1', 'ljb0928', 'rpark216', 'yiumingh', 'chumblyone', 'xp19375', 'lambert8', 'fhsiao2', 'jamessu2', 'dee7291', 'yding16', 'profballack', 'wang185', 'abcdef', 'nshafi3', 'sophiezhang180', 'zheng55', 'nexthy', 'liu241', 'bursuc1', 'nlowrey', 'yuyan1', 'chang190', 'guitaristzhang', 'mole3691', 'tmcginniss', 'lin187', 'sudzi781', '54hi0', 'coxsey1', 'caroldd', 'hjsong2', 'morningzz', 'luokaihang0822', 'jtang10', 'kelihui1', 'azamatm', 'baker30', 'shangyee', 'gthell340', 'nathan1', 'amill676', 'eceece', None, 'danqiye1', 'magerko1', 'j.bohmbach', 'hcp1992', 'tath', 'asyed33', 'gallium_arsenide', 'mli47', 'jlorozc2', 'ammario', 'nadisco3', 'jlee3725', 'zhang258', 'ckkevin1014', 'dresche1', 'paulwite', 'mikebarsaloux', 'zhou62', 'kirihar1', 'mclovin006', 'hershedtilak', 'page10', 'li151', 'smsaladi', 'baker32', 'ruichen77', 'joe510784', 'chao16', 'cheung17', 'ravi7', 'jezzar', 'wasdfa', 'uditsharma101', 'hh22191', 'sizhangyu', 'ruiwangece', 'qianybo24', 'chaocao2', 'swearen1', 'mattstery', 'louisly', 'npined2', 'temperlancer', 'slee18', 'onurgur1', 'zhangchengyi', 'godard1', 'gurbaazsidhu', 'doidge1', 'shin65', 'sarwal1', 'sefhmc', 'heebidiwup', 'xliu79', 'yohanko322', 'andri', 'nehzgneg', 'condon3', 'k912323', 'achavarria', 'ajstreed', 'jvanderwoude', 'chenni1', 'cjmccarthy', 'lin189', 'zhang354', 'ruiwang4', 'dedios1', 'yjiang40', 'jfuizzle', 'idatye', 'yang82', 'kailiu2', 'yang160', 'scrain', 'aoleksie', 'aishsingh', 'ellieyan', 'lee103', 'captiva34', 'gonzal41', 'knsofor', 'chenegan', 'blackbu3', 'dbieli2', 'osama2', 'frankow1', 'c32325', 'fishtoo', 'gujral1', 'plam5', 'ltavare2', 'kolthof1', 'kwulph', 'penis', 'hartant2', 'hmwu2', 'flybywire91', 'sabol1', 'cho61', 'ahoag', 'lelelea']"
46,174,13,115,8,"['fishtoo', 'kwulph', 'lee893', 'jezzar', 'chenegan', 'morningzz', 'kolze100', 'sefhmc']",4,"['baker30', 'lee103', 'coxsey1', 'ruiwangece']",107,"['birkel2', 'mikebarsaloux', 'perpetual89', 'zhou62', 'knihai', 'kirihar1', 'wlee85', 'zouhair2', 'koksal2', 'yezichao', 'epop', 'mkjo2', 'eliu0117', 'brinkmanship', 'smsaladi', 'baker32', 'ruichen77', 'newell1', 'joe510784', 'chao16', 'cheung17', 'wasdfa', 'zeng17', 'hh22191', 'mancera1', 'ljb0928', 'yiumingh', 'xp19375', 'akgun1', 'mattstery', 'temperlancer', 'npined2', 'jamessu2', 'dee7291', 'slee18', 'yang106', 'onurgur1', 'yding16', 'ehdwnsdlz', 'godard1', 'abcdef', 'nshafi3', 'sarwal1', 'nexthy', 'mohamme3', 'callant1', 'bursuc1', 'nlowrey', 'yuyan1', 'chang190', 'condon3', 'k912323', 'ajstreed', 'jvanderwoude', 'lewang2', 'guitaristzhang', 'lin187', 'lai35', 'lin189', 'sudzi781', '54hi0', 'zhang354', 'dedios1', 'amphoterite', 'yjiang40', 'caroldd', 'jefflawrence', 'jfuizzle', 'idatye', 'yang82', 'luokaihang0822', 'scrain', 'aoleksie', 'aishsingh', 'naiveli', 'ellieyan', 'yingou1', 'krkelly', 'captiva34', 'kelihui1', 'azamatm', 'knsofor', 'stuart_lee', 'shangyee', 'blackbu3', 'dbieli2', 'gthell340', 'amill676', 'freeckj1003', None, 'danqiye1', 'gujral1', 'magerko1', 'j.bohmbach', 'hcp1992', 'tath', 'darrenchen', 'plam5', 'ltavare2', 'kolthof1', 'hmwu2', 'nadisco3', 'jlee3725', 'flybywire91', 'sabol1', 'dresche1', 'ahoag']",119,"['birkel2', 'mikebarsaloux', 'perpetual89', 'zhou62', 'knihai', 'kirihar1', 'kolze100', 'wlee85', 'zouhair2', 'koksal2', 'yezichao', 'epop', 'mkjo2', 'eliu0117', 'brinkmanship', 'smsaladi', 'baker32', 'ruichen77', 'lee893', 'newell1', 'joe510784', 'chao16', 'cheung17', 'jezzar', 'wasdfa', 'zeng17', 'hh22191', 'mancera1', 'ruiwangece', 'ljb0928', 'yiumingh', 'xp19375', 'akgun1', 'mattstery', 'temperlancer', 'npined2', 'jamessu2', 'dee7291', 'slee18', 'yang106', 'onurgur1', 'yding16', 'ehdwnsdlz', 'godard1', 'abcdef', 'nshafi3', 'sarwal1', 'nexthy', 'mohamme3', 'sefhmc', 'callant1', 'bursuc1', 'nlowrey', 'yuyan1', 'chang190', 'condon3', 'k912323', 'ajstreed', 'jvanderwoude', 'lewang2', 'guitaristzhang', 'lin187', 'lai35', 'lin189', 'sudzi781', '54hi0', 'zhang354', 'dedios1', 'coxsey1', 'amphoterite', 'yjiang40', 'caroldd', 'jefflawrence', 'jfuizzle', 'morningzz', 'idatye', 'yang82', 'luokaihang0822', 'scrain', 'aoleksie', 'aishsingh', 'naiveli', 'ellieyan', 'lee103', 'yingou1', 'krkelly', 'captiva34', 'kelihui1', 'azamatm', 'knsofor', 'baker30', 'chenegan', 'shangyee', 'stuart_lee', 'blackbu3', 'gthell340', 'dbieli2', 'amill676', 'freeckj1003', None, 'fishtoo', 'danqiye1', 'gujral1', 'magerko1', 'j.bohmbach', 'hcp1992', 'tath', 'darrenchen', 'plam5', 'kwulph', 'ltavare2', 'kolthof1', 'hmwu2', 'nadisco3', 'jlee3725', 'flybywire91', 'sabol1', 'dresche1', 'ahoag']"
46,42,13,87,5,"['fishtoo', 'jezzar', 'morningzz', 'kolze100', 'sefhmc']",7,"['lee103', 'coxsey1', 'kwulph', 'lee893', 'baker30', 'chenegan', 'ruiwangece']",82,"['kharoutaj', 'lc199166', 'mikebarsaloux', 'perpetual89', 'zhou62', 'kirihar1', 'wlee85', 'singh29', 'koksal2', 'page10', 'mkjo2', 'brinkmanship', 'ruichen77', 'joe510784', 'baker32', 'chao16', 'wasdfa', 'hh22191', 'rpark216', 'chumblyone', 'lambert8', 'pillari3', 'louisly', 'dee7291', 'slee18', 'lo16', 'yding16', 'kilokaka', 'zhangchengyi', 'godard1', 'niktike', 'nshafi3', 'pablozavala', 'kamman2', 'bradsnyder', 'logsdon404', 'yuyan1', 'nlowrey', 'rossdwolf', 'andri', 'ajstreed', 'condon3', 'k912323', 'jdallesasse', 'jvanderwoude', 'lee117', 'guitaristzhang', 'lai35', 'lin189', 'sudzi781', '54hi0', 'caroldd', 'jefflawrence', 'bhuiya1', 'yang82', 'scrain', 'aishsingh', 'ellieyan', 'sophiez', 'krkelly', 'captiva34', 'gonzal41', 'nithinreddyc', 'kelihui1', 'azamatm', 'shangyee', 'blackbu3', 'dbieli2', 'amill676', 'eceece', None, 'c32325', 'magerko1', 'darrenchen', 'tath', 'kolthof1', 'asyed33', 'jlee3725', 'flybywire91', 'ckkevin1014', 'koenig4', 'ahoag']",94,"['kharoutaj', 'lc199166', 'mikebarsaloux', 'perpetual89', 'zhou62', 'kirihar1', 'kolze100', 'wlee85', 'singh29', 'koksal2', 'page10', 'mkjo2', 'brinkmanship', 'ruichen77', 'joe510784', 'lee893', 'baker32', 'chao16', 'jezzar', 'wasdfa', 'hh22191', 'ruiwangece', 'rpark216', 'chumblyone', 'lambert8', 'pillari3', 'louisly', 'dee7291', 'slee18', 'lo16', 'yding16', 'kilokaka', 'zhangchengyi', 'godard1', 'niktike', 'nshafi3', 'sefhmc', 'pablozavala', 'kamman2', 'bradsnyder', 'logsdon404', 'yuyan1', 'nlowrey', 'rossdwolf', 'andri', 'ajstreed', 'condon3', 'k912323', 'jdallesasse', 'jvanderwoude', 'lee117', 'guitaristzhang', 'lai35', 'lin189', 'sudzi781', '54hi0', 'coxsey1', 'caroldd', 'jefflawrence', 'bhuiya1', 'morningzz', 'yang82', 'scrain', 'aishsingh', 'ellieyan', 'sophiez', 'lee103', 'krkelly', 'captiva34', 'gonzal41', 'nithinreddyc', 'kelihui1', 'azamatm', 'baker30', 'chenegan', 'shangyee', 'blackbu3', 'dbieli2', 'amill676', 'eceece', None, 'c32325', 'fishtoo', 'magerko1', 'darrenchen', 'tath', 'kolthof1', 'kwulph', 'asyed33', 'jlee3725', 'flybywire91', 'ckkevin1014', 'koenig4', 'ahoag']"
46,49,13,32,1,['coxsey1'],11,"['fishtoo', 'lee103', 'kwulph', 'lee893', 'jezzar', 'baker30', 'chenegan', 'morningzz', 'kolze100', 'sefhmc', 'ruiwangece']",31,"['kharoutaj', 'olivercai', 'guanditz', 'guitaristzhang', 'lai35', 'oleksie1', 'trovill1', 'jefflawrence', 'cbulgarelli', 'idatye', 'biorbibsy', 'mancera1', 'yiumingh', 'malkows1', 'marchel2', 'chiemes919', 'stys66', None, 'freeckj1003', 'gurbaazsidhu', 'david.walder', 'smetana4', 'hilgers3', 'mli47', 'pierce20', 'tielong', 'cfranc20', 'niebrug1', 'heebidiwup', 'bradsnyder', 'rossdwolf']",43,"['kharoutaj', 'olivercai', 'guitaristzhang', 'guanditz', 'kolze100', 'lai35', 'coxsey1', 'oleksie1', 'trovill1', 'lee893', 'jefflawrence', 'cbulgarelli', 'jezzar', 'morningzz', 'idatye', 'biorbibsy', 'mancera1', 'ruiwangece', 'lee103', 'yiumingh', 'malkows1', 'marchel2', 'baker30', 'chenegan', 'chiemes919', 'stys66', 'freeckj1003', None, 'fishtoo', 'gurbaazsidhu', 'david.walder', 'smetana4', 'hilgers3', 'kwulph', 'mli47', 'pierce20', 'tielong', 'cfranc20', 'niebrug1', 'sefhmc', 'heebidiwup', 'bradsnyder', 'rossdwolf']"
46,175,13,28,2,"['coxsey1', 'ruiwangece']",10,"['fishtoo', 'lee103', 'kwulph', 'lee893', 'jezzar', 'baker30', 'chenegan', 'morningzz', 'kolze100', 'sefhmc']",26,"['guitaristzhang', 'hershedtilak', 'page10', 'li151', 'trovill1', 'cbulgarelli', 'mrabe17', 'mancera1', 'kimitri', 'aoleksie', 'jtang10', 'naiveli', 'yiumingh', 'marchel2', 'shangyee', 'stys66', 'freeckj1003', None, 'gurbaazsidhu', 'smetana4', 'hilgers3', 'doidge1', 'tielong', 'niebrug1', 'bradsnyder', 'rossdwolf']",38,"['guitaristzhang', 'kolze100', 'hershedtilak', 'page10', 'li151', 'coxsey1', 'trovill1', 'lee893', 'cbulgarelli', 'jezzar', 'morningzz', 'mrabe17', 'mancera1', 'kimitri', 'ruiwangece', 'aoleksie', 'jtang10', 'naiveli', 'lee103', 'yiumingh', 'marchel2', 'baker30', 'chenegan', 'shangyee', 'stys66', 'freeckj1003', None, 'fishtoo', 'gurbaazsidhu', 'smetana4', 'hilgers3', 'kwulph', 'doidge1', 'tielong', 'niebrug1', 'sefhmc', 'bradsnyder', 'rossdwolf']"
46,43,13,25,3,"['chenegan', 'lee103', 'lee893']",9,"['fishtoo', 'coxsey1', 'kwulph', 'jezzar', 'baker30', 'morningzz', 'kolze100', 'sefhmc', 'ruiwangece']",22,"['surya2', 'chovelice', 'malak577', 'hollygrape', 'zhang354', 'dedios1', 'eliu0117', 'adambubar', 'chen381', 'xp19375', 'bcvaugh2', 'miuz9010', 'xiruihe1', 'frankow1', None, 'david.walder', 'has9.ahmad', 'zzhu7', 'penis', 'caz1429', 'hafizsd', 'zhang258']",34,"['surya2', 'chovelice', 'kolze100', 'malak577', 'hollygrape', 'zhang354', 'dedios1', 'eliu0117', 'coxsey1', 'lee893', 'jezzar', 'morningzz', 'ruiwangece', 'adambubar', 'lee103', 'chen381', 'xp19375', 'bcvaugh2', 'miuz9010', 'baker30', 'chenegan', 'xiruihe1', None, 'frankow1', 'fishtoo', 'david.walder', 'has9.ahmad', 'zzhu7', 'kwulph', 'penis', 'caz1429', 'hafizsd', 'zhang258', 'sefhmc']"
46,177,13,24,2,"['chenegan', 'lee103']",10,"['fishtoo', 'coxsey1', 'kwulph', 'lee893', 'jezzar', 'baker30', 'morningzz', 'kolze100', 'sefhmc', 'ruiwangece']",22,"['jordan336', 'chovelice', 'malak577', 'eliu0117', 'amphoterite', 'bfbygfgy', 'adambubar', 'xp19375', 'koppula2', 'bcvaugh2', 'miuz9010', 'xiruihe1', 'chiemes919', 'slee18', 'yang106', 'kiebles1', None, 'vigneshwar', 'penis', 'jakemandozzi', 'hmwu2', 'blugatchtube']",34,"['jordan336', 'chovelice', 'kolze100', 'malak577', 'eliu0117', 'coxsey1', 'amphoterite', 'lee893', 'jezzar', 'morningzz', 'bfbygfgy', 'ruiwangece', 'adambubar', 'lee103', 'xp19375', 'koppula2', 'bcvaugh2', 'miuz9010', 'baker30', 'chenegan', 'xiruihe1', 'chiemes919', 'slee18', 'yang106', None, 'kiebles1', 'fishtoo', 'kwulph', 'vigneshwar', 'penis', 'jakemandozzi', 'hmwu2', 'sefhmc', 'blugatchtube']"
46,44,13,20,2,"['coxsey1', 'ruiwangece']",10,"['fishtoo', 'lee103', 'kwulph', 'lee893', 'jezzar', 'baker30', 'chenegan', 'morningzz', 'kolze100', 'sefhmc']",18,"['gurbaazsidhu', None, 'styyle14', 'yiumingh', 'freeckj1003', 'smsaladi', 'trovill1', 'mengchen', 'smetana4', 'gerth2', 'lee117', 'niebrug1', 'malkomic000', 'mrabe17', 'lufthansa92', 'luokaihang0822', 'jtang10', 'rossdwolf']",30,"['lee117', 'kolze100', 'lufthansa92', 'coxsey1', 'styyle14', 'smsaladi', 'trovill1', 'mengchen', 'lee893', 'jezzar', 'morningzz', 'mrabe17', 'ruiwangece', 'luokaihang0822', 'jtang10', 'lee103', 'yiumingh', 'baker30', 'chenegan', 'gerth2', None, 'freeckj1003', 'fishtoo', 'gurbaazsidhu', 'smetana4', 'kwulph', 'niebrug1', 'malkomic000', 'sefhmc', 'rossdwolf']"
46,51,13,11,1,['baker30'],11,"['fishtoo', 'lee103', 'coxsey1', 'kwulph', 'lee893', 'jezzar', 'chenegan', 'morningzz', 'kolze100', 'sefhmc', 'ruiwangece']",10,"['chenhu1', 'shuotian', 'mengchen', 'kelpler', 'aikara2', 'mohamme3', 'qizhao1', 'esanch29', 'yang160', None]",22,"['lee103', 'shuotian', 'baker30', 'chenegan', 'kolze100', 'qizhao1', 'esanch29', None, 'fishtoo', 'coxsey1', 'chenhu1', 'kwulph', 'lee893', 'mengchen', 'kelpler', 'aikara2', 'jezzar', 'morningzz', 'mohamme3', 'sefhmc', 'yang160', 'ruiwangece']"
46,176,13,11,1,['baker30'],11,"['fishtoo', 'lee103', 'coxsey1', 'kwulph', 'lee893', 'jezzar', 'chenegan', 'morningzz', 'kolze100', 'sefhmc', 'ruiwangece']",10,"['chenhu1', 'shuotian', 'kelpler', 'temperlancer', 'mohamme3', 'flybywire91', 'lufthansa92', 'yang160', None, 'eicar1409']",22,"['lee103', 'shuotian', 'temperlancer', 'baker30', 'chenegan', 'kolze100', 'lufthansa92', None, 'eicar1409', 'fishtoo', 'coxsey1', 'chenhu1', 'kwulph', 'lee893', 'kelpler', 'jezzar', 'morningzz', 'mohamme3', 'flybywire91', 'sefhmc', 'yang160', 'ruiwangece']"
46,45,13,9,1,['kwulph'],11,"['fishtoo', 'lee103', 'coxsey1', 'lee893', 'jezzar', 'baker30', 'chenegan', 'morningzz', 'kolze100', 'sefhmc', 'ruiwangece']",8,"[None, 'newell1', 'akgun1', 'zeng17', 'kleyweg1', 'callant1', 'eceece', 'kao24']",20,"['callant1', 'lee103', 'akgun1', 'baker30', 'chenegan', 'kleyweg1', 'kolze100', 'eceece', 'kao24', None, 'fishtoo', 'coxsey1', 'kwulph', 'lee893', 'newell1', 'jezzar', 'zeng17', 'morningzz', 'sefhmc', 'ruiwangece']"
47,214,13,9,3,"['dklenosk', 'j3holaday', 'pgase']",9,"['chacker', 'xie10', 'dvoshol', 'smilah', 'aallsop', 'jneukam', 'bpirani', 'mjledden', 'cheinen']",6,"['hkellner', 'willi446', 'redwing', 'lim58', 'davgumo', None]",18,"['chacker', 'xie10', 'hkellner', 'dvoshol', 'smilah', 'dklenosk', 'willi446', 'redwing', 'lim58', 'davgumo', 'pgase', 'bpirani', 'cheinen', None, 'aallsop', 'jneukam', 'j3holaday', 'mjledden']"
47,210,13,8,4,"['dklenosk', 'xie10', 'cheinen', 'pgase']",8,"['chacker', 'dvoshol', 'smilah', 'aallsop', 'jneukam', 'j3holaday', 'bpirani', 'mjledden']",4,"[None, 'hkellner', 'blendell', 'redwing']",16,"['chacker', 'xie10', 'hkellner', 'dvoshol', 'smilah', 'dklenosk', 'redwing', 'pgase', 'bpirani', 'blendell', 'cheinen', None, 'aallsop', 'jneukam', 'j3holaday', 'mjledden']"
47,212,13,8,1,['j3holaday'],11,"['chacker', 'xie10', 'dvoshol', 'smilah', 'dklenosk', 'aallsop', 'jneukam', 'pgase', 'bpirani', 'mjledden', 'cheinen']",7,"['hkellner', 'willi446', 'lnichol', 'redwing', 'liveletlive', 'costawang', None]",19,"['chacker', 'xie10', 'hkellner', 'dvoshol', 'smilah', 'dklenosk', 'willi446', 'redwing', 'pgase', 'bpirani', 'costawang', 'cheinen', None, 'aallsop', 'lnichol', 'liveletlive', 'jneukam', 'j3holaday', 'mjledden']"
47,211,13,7,1,['j3holaday'],11,"['chacker', 'xie10', 'dvoshol', 'smilah', 'dklenosk', 'aallsop', 'jneukam', 'pgase', 'bpirani', 'mjledden', 'cheinen']",6,"['willi446', 'lnichol', 'liveletlive', 'blendell', 'costawang', None]",18,"['chacker', 'xie10', 'dvoshol', 'smilah', 'dklenosk', 'willi446', 'pgase', 'bpirani', 'blendell', 'costawang', 'cheinen', None, 'aallsop', 'lnichol', 'liveletlive', 'jneukam', 'j3holaday', 'mjledden']"
47,216,13,7,3,"['dklenosk', 'j3holaday', 'pgase']",9,"['chacker', 'xie10', 'dvoshol', 'smilah', 'aallsop', 'jneukam', 'bpirani', 'mjledden', 'cheinen']",4,"['willi446', None, 'hkellner', 'liveletlive']",16,"['chacker', 'xie10', 'hkellner', 'dvoshol', 'smilah', 'dklenosk', 'willi446', 'pgase', 'bpirani', 'cheinen', None, 'aallsop', 'liveletlive', 'jneukam', 'j3holaday', 'mjledden']"
47,215,13,6,1,['pgase'],11,"['chacker', 'xie10', 'dvoshol', 'smilah', 'dklenosk', 'aallsop', 'jneukam', 'j3holaday', 'bpirani', 'mjledden', 'cheinen']",5,"['hkellner', 'willi446', 'liveletlive', 'lim58', None]",17,"['chacker', 'xie10', 'hkellner', 'dvoshol', 'smilah', None, 'dklenosk', 'willi446', 'aallsop', 'liveletlive', 'jneukam', 'lim58', 'pgase', 'j3holaday', 'bpirani', 'mjledden', 'cheinen']"
48,2,13,38,4,"['hchiu1113', 'gregm12', 'kim960', 'kim265']",8,"['singhharesh', 'jach', 'sandeep4442', 'beandpp', 'nidhi09', 'cayenneshi', 'mry1990', 'crcjwice123']",34,"['smith819', 'wang1671', 'hankh825', 'nelder', 'jalem', 'acurtiz', 'chen494', 'pino85', 'purval123', 'modiking', 'maven0709', 'zyang', 'whess', 'jmramer', 'mohammai', 'jissac', 'yaojunmike', 'rstein1337', 'vbhat', 'syg3434', 'park65', 'jin5', 'avelzen', 'aalghamdi10', None, 'egraves', 'park38', 'sheikhnir', 'kevyblock', 'wang279', 'gaffareee', 'turner40', 'pajouhi', 'zhu16']",46,"['singhharesh', 'smith819', 'wang1671', 'hankh825', 'nelder', 'jalem', 'acurtiz', 'hchiu1113', 'chen494', 'pino85', 'purval123', 'modiking', 'maven0709', 'crcjwice123', 'zyang', 'whess', 'jmramer', 'jach', 'kim265', 'beandpp', 'mohammai', 'jissac', 'yaojunmike', 'rstein1337', 'vbhat', 'syg3434', 'park65', 'jin5', 'avelzen', 'aalghamdi10', 'nidhi09', 'kim960', None, 'mry1990', 'egraves', 'gregm12', 'park38', 'sheikhnir', 'sandeep4442', 'kevyblock', 'cayenneshi', 'wang279', 'gaffareee', 'turner40', 'pajouhi', 'zhu16']"
48,3,13,10,2,"['mry1990', 'crcjwice123']",10,"['gregm12', 'singhharesh', 'jach', 'sandeep4442', 'kim265', 'beandpp', 'hchiu1113', 'nidhi09', 'kim960', 'cayenneshi']",8,"[None, 'ebabel', 'alamba', 'bolong231', 'abhijith', 'conrad14', 'angela.amador', 'jengerer']",20,"['singhharesh', 'ebabel', 'hchiu1113', 'nidhi09', 'kim960', 'angela.amador', None, 'mry1990', 'crcjwice123', 'alamba', 'gregm12', 'jach', 'sandeep4442', 'kim265', 'beandpp', 'bolong231', 'abhijith', 'cayenneshi', 'conrad14', 'jengerer']"
48,5,13,8,1,['jach'],11,"['gregm12', 'singhharesh', 'sandeep4442', 'kim265', 'beandpp', 'hchiu1113', 'nidhi09', 'kim960', 'cayenneshi', 'mry1990', 'crcjwice123']",7,"['spazos', 'anubisdispo', 'kuoyaoming', 'emilioea', 'javierordenavia', 'ermitanio', None]",19,"['anubisdispo', 'singhharesh', 'kuoyaoming', 'javierordenavia', 'hchiu1113', 'nidhi09', 'kim960', None, 'mry1990', 'crcjwice123', 'spazos', 'gregm12', 'jach', 'sandeep4442', 'kim265', 'beandpp', 'emilioea', 'cayenneshi', 'ermitanio']"
48,7,13,6,1,['singhharesh'],11,"['gregm12', 'jach', 'sandeep4442', 'beandpp', 'kim265', 'hchiu1113', 'nidhi09', 'kim960', 'cayenneshi', 'mry1990', 'crcjwice123']",5,"['lalitrawat02', 'msharmavikram', 'srshashikumar', None, 'suchitachandraghadei']",17,"['gregm12', 'singhharesh', 'jach', 'sandeep4442', 'kim265', 'beandpp', 'lalitrawat02', 'msharmavikram', 'hchiu1113', 'nidhi09', 'kim960', 'cayenneshi', 'srshashikumar', None, 'suchitachandraghadei', 'mry1990', 'crcjwice123']"
49,53,13,19,12,"['grenis', 'pcdodge', 'erichungtwtw', 'mnbaumhart', 'mtantillo09', 'kennybuntara', 'kchou2468', 'sedo1125', 'amcollet', 'malafata', 'nhortsch', 'slicknick13']",0,[],7,"['mlmcc1', 'mdejarld', 'mcfada', 'cwshaner', 'acwing', 'laagesen', None]",19,"['grenis', 'erichungtwtw', 'mnbaumhart', 'mlmcc1', 'laagesen', 'mdejarld', None, 'pcdodge', 'mtantillo09', 'kennybuntara', 'mcfada', 'cwshaner', 'kchou2468', 'acwing', 'sedo1125', 'amcollet', 'malafata', 'nhortsch', 'slicknick13']"
49,120,13,16,11,"['grenis', 'pcdodge', 'erichungtwtw', 'mnbaumhart', 'mtantillo09', 'kennybuntara', 'kchou2468', 'sedo1125', 'amcollet', 'malafata', 'nhortsch']",1,['slicknick13'],5,"['mlmcc1', 'kthorn01', 'mdejarld', 'cwshaner', None]",17,"['grenis', 'erichungtwtw', 'mnbaumhart', 'mlmcc1', 'kthorn01', 'mdejarld', None, 'pcdodge', 'mtantillo09', 'kennybuntara', 'cwshaner', 'kchou2468', 'sedo1125', 'amcollet', 'malafata', 'nhortsch', 'slicknick13']"
49,54,13,14,9,"['grenis', 'pcdodge', 'erichungtwtw', 'mnbaumhart', 'mtantillo09', 'kennybuntara', 'sedo1125', 'amcollet', 'nhortsch']",3,"['kchou2468', 'slicknick13', 'malafata']",5,"['mlmcc1', 'mcfada', 'cwshaner', 'laagesen', None]",17,"['grenis', 'erichungtwtw', 'mnbaumhart', 'mlmcc1', 'laagesen', None, 'pcdodge', 'mtantillo09', 'kennybuntara', 'mcfada', 'cwshaner', 'kchou2468', 'sedo1125', 'amcollet', 'malafata', 'nhortsch', 'slicknick13']"
49,52,13,9,7,"['grenis', 'pcdodge', 'erichungtwtw', 'mtantillo09', 'malafata', 'nhortsch', 'slicknick13']",5,"['mnbaumhart', 'kennybuntara', 'sedo1125', 'amcollet', 'kchou2468']",2,"[None, 'mcfada']",14,"['grenis', 'erichungtwtw', 'mnbaumhart', None, 'pcdodge', 'mtantillo09', 'kennybuntara', 'mcfada', 'kchou2468', 'sedo1125', 'amcollet', 'malafata', 'nhortsch', 'slicknick13']"
49,121,13,8,4,"['grenis', 'mtantillo09', 'pcdodge', 'malafata']",8,"['erichungtwtw', 'mnbaumhart', 'kennybuntara', 'kchou2468', 'sedo1125', 'amcollet', 'nhortsch', 'slicknick13']",4,"['cwshaner', 'kthorn01', None, 'mdejarld']",16,"['grenis', 'erichungtwtw', 'mnbaumhart', 'kthorn01', 'mdejarld', None, 'pcdodge', 'mtantillo09', 'kennybuntara', 'cwshaner', 'kchou2468', 'sedo1125', 'amcollet', 'malafata', 'nhortsch', 'slicknick13']"
50,169,12,15,2,"['spower', 'steven213']",9,"['mohib59', 'autoni', 'vladimirnanoman', 'pxlf', 'anusinha', 'juliethariza', 'ss338235', 'burton.80', 'semanaciencia']",13,"['alsghrha12', 'whdydgus', 'safe1001', 'parkjhok', 'yggdrasil39', 'ksyu', 'yshs0815', 'islamkaist', 'unknownbeing', 'platinum20', 'shinhwajhj', None, 'kwagjj']",24,"['safe1001', 'spower', 'pxlf', 'anusinha', 'juliethariza', 'ss338235', 'yggdrasil39', 'islamkaist', 'semanaciencia', None, 'kwagjj', 'steven213', 'mohib59', 'autoni', 'alsghrha12', 'whdydgus', 'vladimirnanoman', 'parkjhok', 'ksyu', 'burton.80', 'yshs0815', 'unknownbeing', 'platinum20', 'shinhwajhj']"
50,170,12,9,1,['burton.80'],10,"['steven213', 'mohib59', 'autoni', 'spower', 'vladimirnanoman', 'pxlf', 'anusinha', 'juliethariza', 'ss338235', 'semanaciencia']",8,"['tdaboiku', 'jlfraley', 'kirtikant85', 'hema.vijwani', 'coldy9887', 'dpfoose', 'w147mle', None]",19,"['spower', 'pxlf', 'anusinha', 'juliethariza', 'ss338235', 'coldy9887', 'dpfoose', 'semanaciencia', None, 'steven213', 'tdaboiku', 'mohib59', 'autoni', 'jlfraley', 'kirtikant85', 'hema.vijwani', 'vladimirnanoman', 'burton.80', 'w147mle']"
51,118,12,15,10,"['eberic', 'ccallah3', 'wroohan', 'gerickso', 'porterap', 'eoolson', 'szaloude', 'bmeryman', 'easternboarder', 'ntirk']",1,['jmshockley'],5,"['fsansoz', 'jsr19skate', 'jgu2012', 'cvanvran', None]",16,"['eberic', 'jmshockley', 'ccallah3', 'jsr19skate', 'gerickso', 'jgu2012', 'cvanvran', 'eoolson', 'szaloude', 'bmeryman', 'easternboarder', 'ntirk', None, 'fsansoz', 'wroohan', 'porterap']"
52,84,11,14,10,"['anudeep100', 'ericd646464', 'laurentgd', 'kaixue', 'awice', 'lee890223', 'clouis523', 'taylorrobertson14', 'rainiergs', 'dominiquelaniel']",0,[],4,"['alapshah13', 'pwmcclure', None, 'ronmiller']",14,"['anudeep100', 'awice', 'lee890223', 'clouis523', None, 'alapshah13', 'pwmcclure', 'ericd646464', 'laurentgd', 'kaixue', 'ronmiller', 'taylorrobertson14', 'rainiergs', 'dominiquelaniel']"
52,86,11,10,8,"['ericd646464', 'laurentgd', 'kaixue', 'awice', 'lee890223', 'clouis523', 'taylorrobertson14', 'dominiquelaniel']",2,"['anudeep100', 'rainiergs']",2,"[None, 'ronmiller']",12,"['anudeep100', 'awice', 'lee890223', 'clouis523', None, 'ericd646464', 'laurentgd', 'kaixue', 'ronmiller', 'taylorrobertson14', 'rainiergs', 'dominiquelaniel']"
52,85,11,8,6,"['kaixue', 'awice', 'lee890223', 'clouis523', 'taylorrobertson14', 'dominiquelaniel']",4,"['anudeep100', 'rainiergs', 'ericd646464', 'laurentgd']",2,"[None, 'ronmiller']",12,"['anudeep100', None, 'ericd646464', 'laurentgd', 'kaixue', 'ronmiller', 'awice', 'lee890223', 'clouis523', 'taylorrobertson14', 'rainiergs', 'dominiquelaniel']"
53,139,11,21,6,"['rafi_cuperman', 'ericblandon', 'jairoandresbonilla07', 'jfmolano15872010', 'aevilla', 'gabosan']",4,"['teoserof', 'cps543', 'wrat93', 'dordevic']",15,"['alejopg23', 'danielmaton', 'hernandez.s1', 'jf.martinez1554', 'ca.cendales2610', 'felipeamaya', 'mariajo.cadena', 'spidersam', 'js.cardenas170', 'otorrinonaringologo', 'e.rivera1802', 'dieguito', 'je.malo2858', None, 'zambranito']",25,"['alejopg23', 'dordevic', 'rafi_cuperman', 'hernandez.s1', 'jf.martinez1554', 'cps543', 'e.rivera1802', 'je.malo2858', 'aevilla', 'zambranito', None, 'danielmaton', 'teoserof', 'ca.cendales2610', 'felipeamaya', 'ericblandon', 'mariajo.cadena', 'spidersam', 'js.cardenas170', 'jairoandresbonilla07', 'wrat93', 'jfmolano15872010', 'otorrinonaringologo', 'dieguito', 'gabosan']"
53,136,11,17,2,"['rafi_cuperman', 'wrat93']",8,"['teoserof', 'dordevic', 'ericblandon', 'cps543', 'jairoandresbonilla07', 'jfmolano15872010', 'aevilla', 'gabosan']",15,"['herazo28', 'grupomateriales', 'felipeamaya', 'mariajo.cadena', 'spidersam', 'js.cardenas170', 'otorrinonaringologo', 'ga.valencia123', 'e.rivera1802', 'dieguito', 'zambranito', None, 'mc.lopez2711', 'clase1mate', 'wallamejorge']",25,"['dordevic', 'rafi_cuperman', 'wallamejorge', 'cps543', 'e.rivera1802', 'ga.valencia123', 'aevilla', 'zambranito', None, 'mc.lopez2711', 'clase1mate', 'teoserof', 'felipeamaya', 'grupomateriales', 'ericblandon', 'mariajo.cadena', 'spidersam', 'js.cardenas170', 'jairoandresbonilla07', 'wrat93', 'jfmolano15872010', 'otorrinonaringologo', 'dieguito', 'gabosan', 'herazo28']"
53,102,11,16,7,"['dordevic', 'rafi_cuperman', 'ericblandon', 'jairoandresbonilla07', 'jfmolano15872010', 'aevilla', 'gabosan']",3,"['teoserof', 'cps543', 'wrat93']",9,"['marisolpantoja', 'hernandez.s1', 'ca.cendales2610', 'mariajo.cadena', 'js.cardenas170', 'jf.gaona48', 'zambranito', 'troskyh', None]",19,"['marisolpantoja', 'dordevic', 'rafi_cuperman', 'hernandez.s1', 'cps543', 'aevilla', 'troskyh', None, 'teoserof', 'ca.cendales2610', 'ericblandon', 'mariajo.cadena', 'js.cardenas170', 'jairoandresbonilla07', 'wrat93', 'jfmolano15872010', 'jf.gaona48', 'zambranito', 'gabosan']"
53,137,11,12,2,"['jfmolano15872010', 'gabosan']",8,"['teoserof', 'dordevic', 'rafi_cuperman', 'ericblandon', 'cps543', 'jairoandresbonilla07', 'wrat93', 'aevilla']",10,"['danielmaton', 'gaonaf', 'de.fernandez1406', 'hernandez.s1', 'ca.cendales2610', 'wallamejorge', 'jf.gaona48', 'cpinzondroa', None, 'herazo28']",20,"['dordevic', 'rafi_cuperman', 'hernandez.s1', 'wallamejorge', 'cps543', 'aevilla', None, 'danielmaton', 'teoserof', 'gaonaf', 'de.fernandez1406', 'ca.cendales2610', 'ericblandon', 'jairoandresbonilla07', 'wrat93', 'jfmolano15872010', 'jf.gaona48', 'cpinzondroa', 'gabosan', 'herazo28']"
53,144,11,9,4,"['cps543', 'jfmolano15872010', 'gabosan', 'dordevic']",6,"['teoserof', 'rafi_cuperman', 'ericblandon', 'jairoandresbonilla07', 'wrat93', 'aevilla']",5,"['danielmaton', 'de.fernandez1406', 'hernandez.s1', 'ca.cendales2610', None]",15,"['dordevic', 'rafi_cuperman', 'hernandez.s1', 'cps543', 'aevilla', None, 'danielmaton', 'teoserof', 'de.fernandez1406', 'ca.cendales2610', 'ericblandon', 'jairoandresbonilla07', 'wrat93', 'jfmolano15872010', 'gabosan']"
53,98,11,7,2,"['aevilla', 'ericblandon']",8,"['teoserof', 'dordevic', 'rafi_cuperman', 'cps543', 'jairoandresbonilla07', 'wrat93', 'jfmolano15872010', 'gabosan']",5,"['grupo1materiales', 'e.rivera1802', 'dieguito', None, 'zambranito']",15,"['teoserof', 'grupo1materiales', 'dordevic', 'rafi_cuperman', 'ericblandon', 'cps543', 'jairoandresbonilla07', 'wrat93', 'jfmolano15872010', 'e.rivera1802', 'dieguito', 'aevilla', None, 'gabosan', 'zambranito']"
55,25,10,10,7,"['capissen', 'nano3485', 'vikessb720', 'cbahr2009', 'dynamicdoyle', 'siveo123', 'cwjohnson']",2,"['toddlienemann', 'nano.philomath']",3,"['ian232013', None, 'jackwenner']",12,"['jackwenner', 'ian232013', 'nano3485', 'capissen', 'dynamicdoyle', None, 'nano.philomath', 'toddlienemann', 'vikessb720', 'cbahr2009', 'siveo123', 'cwjohnson']"
55,63,10,9,8,"['toddlienemann', 'capissen', 'nano3485', 'vikessb720', 'cbahr2009', 'dynamicdoyle', 'siveo123', 'cwjohnson']",1,['nano.philomath'],1,[None],10,"['toddlienemann', 'nano3485', 'capissen', 'vikessb720', 'cbahr2009', 'dynamicdoyle', 'siveo123', 'cwjohnson', None, 'nano.philomath']"
56,48,10,152,8,"['lambert8', 'gonzal41', 'lc199166', 'louisly', 'zhang258', 'ckkevin1014', 'frankow1', 'c32325']",1,['zzhu7'],144,"['perpetual89', 'knihai', 'wlee85', 'zouhair2', 'singh29', 'lufthansa92', 'koksal2', 'yezichao', 'mkjo2', 'eliu0117', 'brinkmanship', 'marvadar', 'oleksie1', 'zldragon', 'mancera1', 'ljb0928', 'rpark216', 'yiumingh', 'chumblyone', 'xp19375', 'fhsiao2', 'jamessu2', 'dee7291', 'yding16', 'profballack', 'wang185', 'abcdef', 'nshafi3', 'sophiezhang180', 'zheng55', 'nexthy', 'liu241', 'bursuc1', 'nlowrey', 'yuyan1', 'chang190', 'guitaristzhang', 'mole3691', 'tmcginniss', 'lin187', 'sudzi781', '54hi0', 'caroldd', 'hjsong2', 'luokaihang0822', 'jtang10', 'kelihui1', 'azamatm', 'shangyee', 'gthell340', 'nathan1', 'amill676', 'eceece', None, 'danqiye1', 'magerko1', 'j.bohmbach', 'hcp1992', 'tath', 'asyed33', 'gallium_arsenide', 'mli47', 'jlorozc2', 'ammario', 'nadisco3', 'jlee3725', 'dresche1', 'paulwite', 'mikebarsaloux', 'zhou62', 'kirihar1', 'mclovin006', 'hershedtilak', 'page10', 'li151', 'smsaladi', 'baker32', 'ruichen77', 'joe510784', 'chao16', 'cheung17', 'ravi7', 'wasdfa', 'uditsharma101', 'hh22191', 'sizhangyu', 'qianybo24', 'chaocao2', 'swearen1', 'mattstery', 'npined2', 'temperlancer', 'slee18', 'onurgur1', 'zhangchengyi', 'godard1', 'gurbaazsidhu', 'doidge1', 'shin65', 'sarwal1', 'heebidiwup', 'xliu79', 'yohanko322', 'andri', 'sabol1', 'nehzgneg', 'condon3', 'k912323', 'achavarria', 'ajstreed', 'jvanderwoude', 'chenni1', 'cjmccarthy', 'lin189', 'zhang354', 'ruiwang4', 'dedios1', 'yjiang40', 'jfuizzle', 'idatye', 'yang82', 'yang160', 'scrain', 'aoleksie', 'aishsingh', 'ellieyan', 'captiva34', 'knsofor', 'blackbu3', 'dbieli2', 'osama2', 'fishtoo', 'gujral1', 'plam5', 'ltavare2', 'kolthof1', 'penis', 'hartant2', 'hmwu2', 'flybywire91', 'kailiu2', 'cho61', 'ahoag', 'lelelea']",153,"['lc199166', 'perpetual89', 'knihai', 'wlee85', 'zouhair2', 'singh29', 'lufthansa92', 'koksal2', 'yezichao', 'mkjo2', 'eliu0117', 'brinkmanship', 'marvadar', 'oleksie1', 'zldragon', 'mancera1', 'ljb0928', 'rpark216', 'yiumingh', 'chumblyone', 'xp19375', 'lambert8', 'fhsiao2', 'jamessu2', 'dee7291', 'yding16', 'profballack', 'wang185', 'abcdef', 'nshafi3', 'sophiezhang180', 'zheng55', 'nexthy', 'liu241', 'bursuc1', 'nlowrey', 'yuyan1', 'chang190', 'guitaristzhang', 'mole3691', 'tmcginniss', 'lin187', 'sudzi781', '54hi0', 'caroldd', 'hjsong2', 'luokaihang0822', 'jtang10', 'kelihui1', 'azamatm', 'shangyee', 'gthell340', 'nathan1', 'amill676', 'eceece', None, 'danqiye1', 'magerko1', 'j.bohmbach', 'hcp1992', 'tath', 'asyed33', 'gallium_arsenide', 'mli47', 'jlorozc2', 'ammario', 'nadisco3', 'jlee3725', 'zhang258', 'ckkevin1014', 'dresche1', 'paulwite', 'mikebarsaloux', 'zhou62', 'kirihar1', 'mclovin006', 'hershedtilak', 'page10', 'li151', 'smsaladi', 'baker32', 'ruichen77', 'joe510784', 'chao16', 'cheung17', 'ravi7', 'wasdfa', 'uditsharma101', 'hh22191', 'sizhangyu', 'qianybo24', 'chaocao2', 'swearen1', 'mattstery', 'louisly', 'npined2', 'temperlancer', 'slee18', 'onurgur1', 'zhangchengyi', 'godard1', 'gurbaazsidhu', 'doidge1', 'shin65', 'sarwal1', 'heebidiwup', 'xliu79', 'yohanko322', 'andri', 'nehzgneg', 'condon3', 'k912323', 'achavarria', 'ajstreed', 'jvanderwoude', 'chenni1', 'cjmccarthy', 'lin189', 'zhang354', 'ruiwang4', 'dedios1', 'yjiang40', 'jfuizzle', 'idatye', 'yang82', 'kailiu2', 'yang160', 'scrain', 'aoleksie', 'aishsingh', 'ellieyan', 'captiva34', 'gonzal41', 'knsofor', 'blackbu3', 'dbieli2', 'osama2', 'frankow1', 'c32325', 'fishtoo', 'gujral1', 'plam5', 'ltavare2', 'zzhu7', 'kolthof1', 'penis', 'hartant2', 'hmwu2', 'flybywire91', 'sabol1', 'cho61', 'ahoag', 'lelelea']"
56,42,10,87,6,"['lambert8', 'gonzal41', 'lc199166', 'louisly', 'ckkevin1014', 'c32325']",3,"['zhang258', 'frankow1', 'zzhu7']",81,"['kharoutaj', 'mikebarsaloux', 'perpetual89', 'zhou62', 'kirihar1', 'wlee85', 'kolze100', 'singh29', 'koksal2', 'page10', 'mkjo2', 'brinkmanship', 'ruichen77', 'joe510784', 'baker32', 'chao16', 'jezzar', 'wasdfa', 'hh22191', 'rpark216', 'chumblyone', 'pillari3', 'dee7291', 'slee18', 'lo16', 'yding16', 'kilokaka', 'zhangchengyi', 'godard1', 'niktike', 'nshafi3', 'pablozavala', 'kamman2', 'sefhmc', 'bradsnyder', 'logsdon404', 'yuyan1', 'nlowrey', 'rossdwolf', 'andri', 'ajstreed', 'condon3', 'k912323', 'jdallesasse', 'jvanderwoude', 'lee117', 'guitaristzhang', 'lai35', 'lin189', 'sudzi781', '54hi0', 'caroldd', 'jefflawrence', 'bhuiya1', 'morningzz', 'yang82', 'scrain', 'aishsingh', 'ellieyan', 'sophiez', 'krkelly', 'captiva34', 'nithinreddyc', 'kelihui1', 'azamatm', 'shangyee', 'blackbu3', 'dbieli2', 'amill676', 'eceece', None, 'fishtoo', 'magerko1', 'darrenchen', 'tath', 'kolthof1', 'asyed33', 'jlee3725', 'flybywire91', 'koenig4', 'ahoag']",90,"['kharoutaj', 'lc199166', 'mikebarsaloux', 'perpetual89', 'zhou62', 'kirihar1', 'wlee85', 'kolze100', 'singh29', 'koksal2', 'page10', 'mkjo2', 'brinkmanship', 'ruichen77', 'joe510784', 'baker32', 'chao16', 'jezzar', 'wasdfa', 'hh22191', 'rpark216', 'chumblyone', 'lambert8', 'pillari3', 'louisly', 'dee7291', 'slee18', 'lo16', 'yding16', 'kilokaka', 'zhangchengyi', 'godard1', 'niktike', 'nshafi3', 'pablozavala', 'kamman2', 'sefhmc', 'bradsnyder', 'logsdon404', 'yuyan1', 'nlowrey', 'rossdwolf', 'andri', 'ajstreed', 'condon3', 'k912323', 'jdallesasse', 'jvanderwoude', 'lee117', 'guitaristzhang', 'lai35', 'lin189', 'sudzi781', '54hi0', 'caroldd', 'jefflawrence', 'bhuiya1', 'morningzz', 'yang82', 'scrain', 'aishsingh', 'ellieyan', 'sophiez', 'krkelly', 'captiva34', 'gonzal41', 'nithinreddyc', 'kelihui1', 'azamatm', 'shangyee', 'blackbu3', 'dbieli2', 'amill676', 'eceece', 'frankow1', 'c32325', None, 'fishtoo', 'magerko1', 'darrenchen', 'tath', 'zzhu7', 'kolthof1', 'asyed33', 'jlee3725', 'flybywire91', 'zhang258', 'ckkevin1014', 'koenig4', 'ahoag']"
56,50,10,33,1,['zzhu7'],8,"['lambert8', 'gonzal41', 'lc199166', 'louisly', 'zhang258', 'ckkevin1014', 'frankow1', 'c32325']",32,"['xiang7', 'surya2', 'jordan336', 'kalidin1', 'smith228', 'chovelice', 'zqazi1', 'malak577', 'dedios1', 'styyle14', 'amphoterite', 'bugmenot', 'bfbygfgy', 'idatye', 'adambubar', 'lau14', 'koppula2', 'bcvaugh2', 'miuz9010', 'xiruihe1', 'gerth2', 'stuart_lee', 'xu73', 'yang106', 'kiebles1', None, 'vigneshwar', 'zhaner08', 'hmwu2', 'zhuzhongdong', 'liu241', 'kamman2']",41,"['xiang7', 'surya2', 'jordan336', 'kalidin1', 'smith228', 'lc199166', 'chovelice', 'malak577', 'zqazi1', 'dedios1', 'styyle14', 'amphoterite', 'liu241', 'bugmenot', 'bfbygfgy', 'idatye', 'kamman2', 'adambubar', 'lau14', 'lambert8', 'gonzal41', 'koppula2', 'bcvaugh2', 'miuz9010', 'louisly', 'xiruihe1', 'gerth2', 'stuart_lee', 'xu73', 'yang106', 'frankow1', 'c32325', 'kiebles1', None, 'zzhu7', 'vigneshwar', 'zhaner08', 'hmwu2', 'zhuzhongdong', 'zhang258', 'ckkevin1014']"
56,43,10,25,3,"['zhang258', 'frankow1', 'zzhu7']",6,"['lambert8', 'gonzal41', 'lc199166', 'louisly', 'ckkevin1014', 'c32325']",22,"['surya2', 'chovelice', 'malak577', 'hollygrape', 'zhang354', 'dedios1', 'eliu0117', 'lee893', 'adambubar', 'lee103', 'chen381', 'xp19375', 'bcvaugh2', 'miuz9010', 'xiruihe1', 'chenegan', None, 'david.walder', 'has9.ahmad', 'penis', 'caz1429', 'hafizsd']",31,"['surya2', 'lc199166', 'chovelice', 'malak577', 'hollygrape', 'zhang354', 'dedios1', 'eliu0117', 'lee893', 'adambubar', 'lee103', 'chen381', 'xp19375', 'lambert8', 'gonzal41', 'bcvaugh2', 'miuz9010', 'louisly', 'xiruihe1', 'chenegan', 'frankow1', 'c32325', None, 'david.walder', 'has9.ahmad', 'zzhu7', 'penis', 'caz1429', 'hafizsd', 'zhang258', 'ckkevin1014']"
57,92,10,88,4,"['ksabol', 'cu910410', 'myarber4', 'gtlee']",5,"['mbirkel91', 'go', 'madrac', 'pjurik', 'okan']",84,"['paulwite', 'kalidin1', 'mikebarsaloux', 'perpetual89', 'zouhair2', 'wlee85', 'yezichao', 'hershedtilak', 'page10', 'broll1', 'mkjo2', 'li151', 'chenhu1', 'brinkmanship', 'oleksie1', 'smsaladi', 'ruichen77', 'joe510784', 'mengchen', 'chao16', 'aikara2', 'wasdfa', 'qianybo24', 'ljb0928', 'rpark216', 'chumblyone', 'swearen1', 'jkim171', 'akgun1', 'fhsiao2', 'mattstery', 'temperlancer', 'jamessu2', 'dee7291', 'slee18', 'onurgur1', 'yding16', 'zhangchengyi', 'doidge1', 'abcdef', 'nshafi3', 'sarwal1', 'callant1', 'xliu79', 'rossdwolf', 'nlowrey', 'yuyan1', 'xiang7', 'condon3', 'ajstreed', 'tmcginniss', 'sudzi781', '54hi0', 'zhang354', 'dedios1', 'ruiwang4', 'yjiang40', 'caroldd', 'jefflawrence', 'jfuizzle', 'yang82', 'luokaihang0822', 'aishsingh', 'ellieyan', 'yingou1', 'captiva34', 'lau14', 'kelihui1', 'azamatm', 'blackbu3', 'amill676', 'eceece', 'kiebles1', None, 'osama2', 'danqiye1', 'gujral1', 'j.bohmbach', 'tath', 'kolthof1', 'jlee3725', 'dresche1', 'haichuanyu', 'ahoag']",93,"['myarber4', 'paulwite', 'kalidin1', 'madrac', 'mikebarsaloux', 'perpetual89', 'zouhair2', 'wlee85', 'yezichao', 'hershedtilak', 'page10', 'broll1', 'mkjo2', 'li151', 'chenhu1', 'brinkmanship', 'mbirkel91', 'oleksie1', 'smsaladi', 'ruichen77', 'joe510784', 'mengchen', 'chao16', 'aikara2', 'wasdfa', 'qianybo24', 'ljb0928', 'rpark216', 'chumblyone', 'swearen1', 'jkim171', 'akgun1', 'fhsiao2', 'mattstery', 'temperlancer', 'okan', 'jamessu2', 'dee7291', 'slee18', 'onurgur1', 'yding16', 'zhangchengyi', 'doidge1', 'abcdef', 'nshafi3', 'sarwal1', 'callant1', 'xliu79', 'rossdwolf', 'nlowrey', 'yuyan1', 'ksabol', 'xiang7', 'condon3', 'ajstreed', 'go', 'gtlee', 'tmcginniss', 'sudzi781', '54hi0', 'zhang354', 'dedios1', 'ruiwang4', 'yjiang40', 'caroldd', 'jefflawrence', 'pjurik', 'jfuizzle', 'yang82', 'luokaihang0822', 'aishsingh', 'ellieyan', 'yingou1', 'captiva34', 'lau14', 'kelihui1', 'azamatm', 'blackbu3', 'amill676', 'eceece', 'cu910410', 'kiebles1', None, 'osama2', 'danqiye1', 'gujral1', 'j.bohmbach', 'tath', 'kolthof1', 'jlee3725', 'dresche1', 'haichuanyu', 'ahoag']"
57,94,10,25,1,['mbirkel91'],8,"['ksabol', 'myarber4', 'go', 'madrac', 'pjurik', 'gtlee', 'okan', 'cu910410']",24,"['xiang7', 'surya2', 'jordan336', 'smith228', 'chovelice', 'malak577', 'bfbygfgy', 'idatye', 'devine11', 'adambubar', 'xp19375', 'sharmanshika', 'koppula2', 'bcvaugh2', 'miuz9010', 'xiruihe1', 'eceece', None, 'zhaner08', 'penis', 'hmwu2', 'nadisco3', 'kamman2', 'blugatchtube']",33,"['ksabol', 'myarber4', 'xiang7', 'surya2', 'jordan336', 'smith228', 'go', 'madrac', 'gtlee', 'chovelice', 'malak577', 'mbirkel91', 'pjurik', 'bfbygfgy', 'idatye', 'devine11', 'adambubar', 'xp19375', 'sharmanshika', 'koppula2', 'bcvaugh2', 'miuz9010', 'xiruihe1', 'okan', 'eceece', 'cu910410', None, 'zhaner08', 'penis', 'hmwu2', 'nadisco3', 'kamman2', 'blugatchtube']"
57,93,10,17,1,['pjurik'],8,"['ksabol', 'myarber4', 'mbirkel91', 'go', 'madrac', 'gtlee', 'okan', 'cu910410']",16,"[None, 'plam5', 'darrenchen', 'kharoutaj', 'freeckj1003', 'trovill1', 'tielong', 'cbulgarelli', 'guanditz', 'mole3691', 'niebrug1', 'stys66', 'lufthansa92', 'kiebles1', 'bradsnyder', 'lelelea']",25,"['ksabol', 'myarber4', 'kharoutaj', 'go', 'madrac', 'gtlee', 'okan', 'guanditz', 'mole3691', 'stys66', 'lufthansa92', 'cu910410', None, 'kiebles1', 'freeckj1003', 'darrenchen', 'plam5', 'mbirkel91', 'trovill1', 'pjurik', 'tielong', 'cbulgarelli', 'niebrug1', 'bradsnyder', 'lelelea']"
58,152,10,7,6,"['aafrahm', 'vangx680', 'haanx006', 'lasiu003', 'araya003', 'gundu002']",3,"['johnchristensen', 'zrmjones', 'asamx002']",1,[None],10,"[None, 'aafrahm', 'vangx680', 'zrmjones', 'haanx006', 'johnchristensen', 'asamx002', 'lasiu003', 'gundu002', 'araya003']"
60,140,10,42,1,['afigueroa4'],8,"['mangal', 'felipeamaya', 'manishg86', 'pmits1807', 'bijeshr', 'saurabh.porwal5', 'je.malo2858', 'jd222']",41,"['dnschlomer', 'ragallegos', 'jemunoz6', 'raraiza2', 'jecabral', 'oscrey_1', 'rbrito84', 'casosa2', 'dereyes2', 'oibanuelos1', 'alejandro5512', 'stella', 'ldvazquez', 'esolorzano2', 'hdelacruz2', 'nibarra2', 'ariel90', 'cherrera16', 'dawidy', 'odreyes', 'dannypage', 'jaluna3', 'rodroca92', 'cgsoto', 'oicedillos', 'jaheras', 'jmontes8', 'oscaru', 'jagaspar', None, 'cgaytan2', 'cavalos9', 'ehcordovalozano', 'jfsalas2', 'ahernandez71', 'jsbilberry', 'plucero33', 'fattycorpsl', 'tarek90', 'gburrola', 'linguisticat']",50,"['afigueroa4', 'dnschlomer', 'ragallegos', 'jemunoz6', 'raraiza2', 'jecabral', 'oscrey_1', 'rbrito84', 'saurabh.porwal5', 'je.malo2858', 'casosa2', 'dereyes2', 'oibanuelos1', 'alejandro5512', 'stella', 'ldvazquez', 'esolorzano2', 'hdelacruz2', 'manishg86', 'pmits1807', 'nibarra2', 'bijeshr', 'ariel90', 'cherrera16', 'dawidy', 'odreyes', 'dannypage', 'jaluna3', 'rodroca92', 'cgsoto', 'oicedillos', 'jaheras', 'jmontes8', 'mangal', 'oscaru', 'jagaspar', None, 'jd222', 'cgaytan2', 'cavalos9', 'ehcordovalozano', 'jfsalas2', 'ahernandez71', 'jsbilberry', 'felipeamaya', 'plucero33', 'fattycorpsl', 'tarek90', 'gburrola', 'linguisticat']"
60,167,10,39,1,['afigueroa4'],8,"['mangal', 'felipeamaya', 'manishg86', 'pmits1807', 'bijeshr', 'saurabh.porwal5', 'je.malo2858', 'jd222']",38,"['eamejia', 'jemunoz6', 'raraiza2', 'jecabral', 'lcjimenez2', 'oscrey_1', 'vallec', 'rbrito84', 'casosa2', 'dereyes2', 'oibanuelos1', 'alejandro5512', 'hdelacruz2', 'sapichardo', 'nibarra2', 'cherrera16', 'dawidy', 'jaluna3', 'rodroca92', 'cgsoto', 'oicedillos', 'mjpugh', 'jaheras', 'jmontes8', 'charliechane', None, 'cgaytan2', 'cavalos9', 'jfsalas2', 'jsbilberry', 'gbribiescas', 'lepuentes', 'plucero33', 'fattycorpsl', 'tarek90', 'edgaris', 'gburrola', 'linguisticat']",47,"['afigueroa4', 'eamejia', 'jemunoz6', 'raraiza2', 'jecabral', 'lcjimenez2', 'oscrey_1', 'vallec', 'rbrito84', 'saurabh.porwal5', 'je.malo2858', 'casosa2', 'dereyes2', 'oibanuelos1', 'alejandro5512', 'hdelacruz2', 'sapichardo', 'manishg86', 'pmits1807', 'nibarra2', 'bijeshr', 'cherrera16', 'dawidy', 'jaluna3', 'rodroca92', 'cgsoto', 'oicedillos', 'mjpugh', 'jaheras', 'jmontes8', 'mangal', 'charliechane', None, 'jd222', 'cgaytan2', 'cavalos9', 'jfsalas2', 'jsbilberry', 'gbribiescas', 'lepuentes', 'felipeamaya', 'plucero33', 'fattycorpsl', 'tarek90', 'edgaris', 'gburrola', 'linguisticat']"
60,139,10,21,2,"['je.malo2858', 'felipeamaya']",7,"['afigueroa4', 'manishg86', 'pmits1807', 'bijeshr', 'saurabh.porwal5', 'mangal', 'jd222']",19,"['e.rivera1802', 'spidersam', 'otorrinonaringologo', 'jairoandresbonilla07', 'dieguito', 'gabosan', 'alejopg23', 'rafi_cuperman', 'hernandez.s1', 'jf.martinez1554', 'aevilla', None, 'danielmaton', 'ca.cendales2610', 'ericblandon', 'mariajo.cadena', 'js.cardenas170', 'jfmolano15872010', 'zambranito']",28,"['alejopg23', 'afigueroa4', 'rafi_cuperman', 'hernandez.s1', 'jf.martinez1554', 'e.rivera1802', 'saurabh.porwal5', 'je.malo2858', 'mangal', 'aevilla', None, 'zambranito', 'jd222', 'danielmaton', 'felipeamaya', 'ca.cendales2610', 'ericblandon', 'manishg86', 'mariajo.cadena', 'pmits1807', 'spidersam', 'bijeshr', 'otorrinonaringologo', 'jairoandresbonilla07', 'js.cardenas170', 'jfmolano15872010', 'dieguito', 'gabosan']"
60,136,10,17,1,['felipeamaya'],8,"['afigueroa4', 'mangal', 'manishg86', 'pmits1807', 'bijeshr', 'saurabh.porwal5', 'je.malo2858', 'jd222']",16,"['herazo28', 'rafi_cuperman', 'grupomateriales', 'mariajo.cadena', 'spidersam', 'js.cardenas170', 'otorrinonaringologo', 'wrat93', 'ga.valencia123', 'e.rivera1802', 'dieguito', 'zambranito', None, 'mc.lopez2711', 'clase1mate', 'wallamejorge']",25,"['afigueroa4', 'rafi_cuperman', 'wallamejorge', 'e.rivera1802', 'saurabh.porwal5', 'je.malo2858', 'mangal', 'ga.valencia123', None, 'mc.lopez2711', 'jd222', 'clase1mate', 'zambranito', 'felipeamaya', 'grupomateriales', 'manishg86', 'mariajo.cadena', 'pmits1807', 'spidersam', 'bijeshr', 'js.cardenas170', 'otorrinonaringologo', 'wrat93', 'dieguito', 'herazo28']"
60,141,10,9,4,"['saurabh.porwal5', 'pmits1807', 'mangal', 'manishg86']",5,"['afigueroa4', 'felipeamaya', 'bijeshr', 'je.malo2858', 'jd222']",5,"['rohitsingh', 'amalik0412', 'shivandram', 'amitkumarsingh89', None]",14,"['rohitsingh', 'afigueroa4', 'amalik0412', 'shivandram', 'felipeamaya', 'amitkumarsingh89', 'manishg86', 'pmits1807', 'je.malo2858', 'bijeshr', 'saurabh.porwal5', 'mangal', None, 'jd222']"
60,143,10,9,4,"['pmits1807', 'mangal', 'jd222', 'manishg86']",5,"['afigueroa4', 'felipeamaya', 'bijeshr', 'saurabh.porwal5', 'je.malo2858']",5,"['rohitsingh', 'amalik0412', 'vijaya6', 'amitkumarsingh89', None]",14,"['rohitsingh', 'afigueroa4', 'amalik0412', 'felipeamaya', 'amitkumarsingh89', 'manishg86', 'pmits1807', 'je.malo2858', 'bijeshr', 'vijaya6', 'saurabh.porwal5', 'mangal', None, 'jd222']"
60,138,10,7,4,"['saurabh.porwal5', 'pmits1807', 'mangal', 'jd222']",5,"['afigueroa4', 'felipeamaya', 'manishg86', 'bijeshr', 'je.malo2858']",3,"['amitkumarsingh89', 'jaymin.1328', None]",12,"['afigueroa4', 'jaymin.1328', 'felipeamaya', 'amitkumarsingh89', 'manishg86', 'pmits1807', 'je.malo2858', 'bijeshr', 'saurabh.porwal5', 'mangal', None, 'jd222']"
61,140,10,42,1,['odreyes'],8,"['gaonaf', 'amalik0412', 'shivandram', 'calizo', 'jf.martinez1554', 'richie3', 'cpinzondroa', 'kevinst']",41,"['afigueroa4', 'dnschlomer', 'ragallegos', 'jemunoz6', 'raraiza2', 'jecabral', 'oscrey_1', 'rbrito84', 'casosa2', 'dereyes2', 'oibanuelos1', 'alejandro5512', 'stella', 'ldvazquez', 'esolorzano2', 'hdelacruz2', 'nibarra2', 'ariel90', 'cherrera16', 'dawidy', 'dannypage', 'jaluna3', 'rodroca92', 'cgsoto', 'oicedillos', 'jaheras', 'jmontes8', 'oscaru', 'jagaspar', None, 'cgaytan2', 'cavalos9', 'ehcordovalozano', 'jfsalas2', 'ahernandez71', 'jsbilberry', 'plucero33', 'fattycorpsl', 'tarek90', 'gburrola', 'linguisticat']",50,"['afigueroa4', 'calizo', 'dnschlomer', 'ragallegos', 'jemunoz6', 'raraiza2', 'jecabral', 'richie3', 'oscrey_1', 'rbrito84', 'casosa2', 'dereyes2', 'oibanuelos1', 'alejandro5512', 'stella', 'ldvazquez', 'esolorzano2', 'hdelacruz2', 'nibarra2', 'ariel90', 'cherrera16', 'cpinzondroa', 'dawidy', 'odreyes', 'dannypage', 'kevinst', 'jaluna3', 'rodroca92', 'cgsoto', 'oicedillos', 'jf.martinez1554', 'jaheras', 'jmontes8', 'oscaru', 'jagaspar', None, 'cgaytan2', 'cavalos9', 'gaonaf', 'amalik0412', 'shivandram', 'ehcordovalozano', 'jfsalas2', 'ahernandez71', 'jsbilberry', 'plucero33', 'fattycorpsl', 'tarek90', 'gburrola', 'linguisticat']"
61,139,10,21,1,['jf.martinez1554'],8,"['gaonaf', 'amalik0412', 'shivandram', 'calizo', 'richie3', 'cpinzondroa', 'odreyes', 'kevinst']",20,"['e.rivera1802', 'je.malo2858', 'spidersam', 'otorrinonaringologo', 'jairoandresbonilla07', 'dieguito', 'gabosan', 'alejopg23', 'rafi_cuperman', 'hernandez.s1', 'aevilla', None, 'danielmaton', 'ca.cendales2610', 'felipeamaya', 'ericblandon', 'mariajo.cadena', 'js.cardenas170', 'jfmolano15872010', 'zambranito']",29,"['alejopg23', 'calizo', 'rafi_cuperman', 'hernandez.s1', 'jf.martinez1554', 'richie3', 'e.rivera1802', 'je.malo2858', 'aevilla', 'zambranito', None, 'gabosan', 'gaonaf', 'amalik0412', 'shivandram', 'danielmaton', 'ca.cendales2610', 'felipeamaya', 'ericblandon', 'mariajo.cadena', 'spidersam', 'js.cardenas170', 'otorrinonaringologo', 'jairoandresbonilla07', 'jfmolano15872010', 'dieguito', 'cpinzondroa', 'odreyes', 'kevinst']"
61,137,10,12,2,"['gaonaf', 'cpinzondroa']",7,"['amalik0412', 'shivandram', 'calizo', 'jf.martinez1554', 'richie3', 'odreyes', 'kevinst']",10,"['danielmaton', 'de.fernandez1406', 'hernandez.s1', 'ca.cendales2610', 'wallamejorge', 'jfmolano15872010', 'jf.gaona48', None, 'gabosan', 'herazo28']",19,"['calizo', 'hernandez.s1', 'jf.martinez1554', 'wallamejorge', 'richie3', None, 'danielmaton', 'gaonaf', 'amalik0412', 'shivandram', 'de.fernandez1406', 'gabosan', 'ca.cendales2610', 'jfmolano15872010', 'jf.gaona48', 'cpinzondroa', 'odreyes', 'kevinst', 'herazo28']"
61,142,10,11,1,['richie3'],8,"['gaonaf', 'amalik0412', 'shivandram', 'calizo', 'jf.martinez1554', 'cpinzondroa', 'odreyes', 'kevinst']",10,"['park38', 'jmramer', 'whess', 'rnhalste', 'wang279', 'vbhat', 'egraves', None, 'park65', 'zhu16']",19,"['calizo', 'jf.martinez1554', 'richie3', 'rnhalste', 'park65', None, 'egraves', 'gaonaf', 'amalik0412', 'shivandram', 'whess', 'jmramer', 'park38', 'wang279', 'vbhat', 'cpinzondroa', 'odreyes', 'kevinst', 'zhu16']"
61,141,10,9,2,"['amalik0412', 'shivandram']",7,"['gaonaf', 'calizo', 'jf.martinez1554', 'richie3', 'cpinzondroa', 'odreyes', 'kevinst']",7,"['rohitsingh', 'manishg86', 'pmits1807', 'saurabh.porwal5', 'amitkumarsingh89', 'mangal', None]",16,"['rohitsingh', 'gaonaf', 'amalik0412', 'shivandram', 'calizo', None, 'jf.martinez1554', 'richie3', 'manishg86', 'pmits1807', 'saurabh.porwal5', 'amitkumarsingh89', 'mangal', 'cpinzondroa', 'odreyes', 'kevinst']"
61,143,10,9,1,['amalik0412'],8,"['gaonaf', 'shivandram', 'calizo', 'jf.martinez1554', 'richie3', 'cpinzondroa', 'odreyes', 'kevinst']",8,"['rohitsingh', 'manishg86', 'pmits1807', 'vijaya6', 'amitkumarsingh89', 'mangal', None, 'jd222']",17,"['rohitsingh', 'gaonaf', 'amalik0412', 'shivandram', 'calizo', None, 'jf.martinez1554', 'richie3', 'manishg86', 'pmits1807', 'jd222', 'vijaya6', 'amitkumarsingh89', 'mangal', 'cpinzondroa', 'odreyes', 'kevinst']"
62,15,9,6,5,"['vaqas', 'esmaeel', 'summaiya', 'ghulamahmed', 'hassan88']",3,"['sayan182', 'kyoraiden', 'virebbala']",1,[None],9,"['sayan182', 'vaqas', 'esmaeel', 'summaiya', 'ghulamahmed', 'hassan88', None, 'kyoraiden', 'virebbala']"
64,32,9,30,8,"['aherman99', 'khurst', 'sjk423', 'jcoleary', 'jfaust3', 'ajer95', 'mcdeheeger', 'ynj2000']",0,[],22,"['dangerousdan', 'allthatglitters', 'dbm448', 'kateb26', 'jswotinsky', 'kmclaughlin', 'hilaryrenaldy', 'krich', 'chetnapathak', 'apw284', 'sarahb1', 'ganthony1123', 'brianesong', 'daniel.kwon', None, 'cbourdillon', 'sirseven', 'hanviris', 'katiekim2013', 'pilhardt', 'dholmes', 'aadeshoye']",30,"['dangerousdan', 'allthatglitters', 'dbm448', 'jfaust3', 'ajer95', 'kateb26', 'khurst', 'jcoleary', 'jswotinsky', 'kmclaughlin', 'mcdeheeger', 'hilaryrenaldy', 'krich', 'ynj2000', 'chetnapathak', 'aherman99', 'sjk423', 'apw284', 'sarahb1', 'ganthony1123', 'brianesong', 'daniel.kwon', None, 'cbourdillon', 'sirseven', 'hanviris', 'katiekim2013', 'pilhardt', 'dholmes', 'aadeshoye']"
65,157,9,8,6,"['mattingy', 'havocjack', 'hmikelson', 'kxiong65', 'andrewt', 'jcarter22']",2,"['simplezjuer', 'shanson2012']",2,"[None, 'msargeant']",10,"[None, 'shanson2012', 'msargeant', 'mattingy', 'havocjack', 'hmikelson', 'kxiong65', 'andrewt', 'simplezjuer', 'jcarter22']"
66,174,9,115,4,"['naiveli', 'lewang2', 'ehdwnsdlz', 'birkel2']",4,"['knowlesk99', 'kimitri', 'eicar1409', 'jakemandozzi']",111,"['mikebarsaloux', 'perpetual89', 'zhou62', 'knihai', 'kirihar1', 'kolze100', 'wlee85', 'zouhair2', 'koksal2', 'yezichao', 'epop', 'mkjo2', 'eliu0117', 'brinkmanship', 'smsaladi', 'baker32', 'ruichen77', 'newell1', 'lee893', 'joe510784', 'chao16', 'cheung17', 'wasdfa', 'zeng17', 'jezzar', 'hh22191', 'mancera1', 'ljb0928', 'yiumingh', 'xp19375', 'akgun1', 'mattstery', 'temperlancer', 'npined2', 'jamessu2', 'dee7291', 'slee18', 'yang106', 'onurgur1', 'yding16', 'godard1', 'abcdef', 'nshafi3', 'sarwal1', 'nexthy', 'mohamme3', 'callant1', 'sefhmc', 'bursuc1', 'nlowrey', 'yuyan1', 'chang190', 'condon3', 'k912323', 'ajstreed', 'jvanderwoude', 'guitaristzhang', 'lin187', 'lai35', 'lin189', 'sudzi781', '54hi0', 'zhang354', 'dedios1', 'amphoterite', 'yjiang40', 'caroldd', 'jefflawrence', 'jfuizzle', 'morningzz', 'idatye', 'yang82', 'luokaihang0822', 'scrain', 'aoleksie', 'aishsingh', 'ellieyan', 'yingou1', 'krkelly', 'captiva34', 'kelihui1', 'azamatm', 'knsofor', 'stuart_lee', 'shangyee', 'chenegan', 'blackbu3', 'dbieli2', 'gthell340', 'amill676', 'freeckj1003', None, 'fishtoo', 'danqiye1', 'gujral1', 'magerko1', 'j.bohmbach', 'hcp1992', 'tath', 'darrenchen', 'plam5', 'ltavare2', 'kolthof1', 'kwulph', 'hmwu2', 'nadisco3', 'jlee3725', 'flybywire91', 'sabol1', 'dresche1', 'ahoag']",119,"['birkel2', 'mikebarsaloux', 'perpetual89', 'zhou62', 'knihai', 'kirihar1', 'kolze100', 'wlee85', 'zouhair2', 'koksal2', 'yezichao', 'epop', 'eicar1409', 'mkjo2', 'eliu0117', 'brinkmanship', 'smsaladi', 'baker32', 'ruichen77', 'newell1', 'lee893', 'joe510784', 'chao16', 'cheung17', 'wasdfa', 'zeng17', 'jezzar', 'hh22191', 'mancera1', 'ljb0928', 'yiumingh', 'xp19375', 'akgun1', 'mattstery', 'temperlancer', 'npined2', 'jamessu2', 'dee7291', 'slee18', 'yang106', 'onurgur1', 'ehdwnsdlz', 'yding16', 'godard1', 'abcdef', 'nshafi3', 'jakemandozzi', 'knowlesk99', 'sarwal1', 'nexthy', 'mohamme3', 'callant1', 'sefhmc', 'bursuc1', 'nlowrey', 'yuyan1', 'chang190', 'condon3', 'k912323', 'ajstreed', 'jvanderwoude', 'lewang2', 'guitaristzhang', 'lin187', 'lai35', 'lin189', 'sudzi781', '54hi0', 'zhang354', 'dedios1', 'amphoterite', 'yjiang40', 'caroldd', 'jefflawrence', 'jfuizzle', 'morningzz', 'idatye', 'yang82', 'kimitri', 'luokaihang0822', 'scrain', 'aoleksie', 'aishsingh', 'naiveli', 'ellieyan', 'yingou1', 'krkelly', 'captiva34', 'kelihui1', 'azamatm', 'knsofor', 'stuart_lee', 'shangyee', 'chenegan', 'blackbu3', 'dbieli2', 'gthell340', 'amill676', 'freeckj1003', None, 'fishtoo', 'danqiye1', 'gujral1', 'magerko1', 'j.bohmbach', 'hcp1992', 'tath', 'darrenchen', 'plam5', 'ltavare2', 'kolthof1', 'kwulph', 'hmwu2', 'nadisco3', 'jlee3725', 'flybywire91', 'sabol1', 'dresche1', 'ahoag']"
66,175,9,28,2,"['naiveli', 'kimitri']",6,"['birkel2', 'jakemandozzi', 'knowlesk99', 'lewang2', 'ehdwnsdlz', 'eicar1409']",26,"['guitaristzhang', 'hershedtilak', 'page10', 'li151', 'coxsey1', 'trovill1', 'cbulgarelli', 'mrabe17', 'mancera1', 'ruiwangece', 'jtang10', 'aoleksie', 'yiumingh', 'marchel2', 'shangyee', 'stys66', 'freeckj1003', None, 'gurbaazsidhu', 'smetana4', 'hilgers3', 'doidge1', 'tielong', 'niebrug1', 'bradsnyder', 'rossdwolf']",34,"['birkel2', 'lewang2', 'guitaristzhang', 'hershedtilak', 'page10', 'eicar1409', 'li151', 'coxsey1', 'trovill1', 'cbulgarelli', 'mrabe17', 'mancera1', 'kimitri', 'aoleksie', 'ruiwangece', 'jtang10', 'naiveli', 'yiumingh', 'marchel2', 'shangyee', 'stys66', 'freeckj1003', 'ehdwnsdlz', None, 'gurbaazsidhu', 'smetana4', 'hilgers3', 'doidge1', 'jakemandozzi', 'knowlesk99', 'tielong', 'niebrug1', 'bradsnyder', 'rossdwolf']"
66,177,9,24,1,['jakemandozzi'],7,"['naiveli', 'birkel2', 'knowlesk99', 'lewang2', 'kimitri', 'ehdwnsdlz', 'eicar1409']",23,"['jordan336', 'chovelice', 'malak577', 'eliu0117', 'amphoterite', 'bfbygfgy', 'adambubar', 'lee103', 'xp19375', 'koppula2', 'bcvaugh2', 'miuz9010', 'xiruihe1', 'chenegan', 'chiemes919', 'slee18', 'yang106', 'kiebles1', None, 'vigneshwar', 'penis', 'hmwu2', 'blugatchtube']",31,"['birkel2', 'jordan336', 'lewang2', 'chovelice', 'malak577', 'eicar1409', 'eliu0117', 'amphoterite', 'bfbygfgy', 'kimitri', 'naiveli', 'adambubar', 'lee103', 'xp19375', 'koppula2', 'bcvaugh2', 'miuz9010', 'xiruihe1', 'chenegan', 'chiemes919', 'slee18', 'yang106', None, 'ehdwnsdlz', 'kiebles1', 'vigneshwar', 'penis', 'jakemandozzi', 'knowlesk99', 'hmwu2', 'blugatchtube']"
66,176,9,11,1,['eicar1409'],7,"['naiveli', 'birkel2', 'jakemandozzi', 'knowlesk99', 'lewang2', 'kimitri', 'ehdwnsdlz']",10,"['chenhu1', 'shuotian', 'kelpler', 'temperlancer', 'baker30', 'mohamme3', 'flybywire91', 'lufthansa92', 'yang160', None]",18,"['naiveli', 'birkel2', 'shuotian', 'temperlancer', 'baker30', 'lewang2', 'lufthansa92', None, 'ehdwnsdlz', 'eicar1409', 'chenhu1', 'kelpler', 'jakemandozzi', 'knowlesk99', 'mohamme3', 'flybywire91', 'yang160', 'kimitri']"
70,111,8,29,7,"['alexlederhausen', 'kkaur', 'brittanymai', 'jhk0904', 'cto324', 'kev188', 'kyz682']",0,[],22,"['allthatglitters', 'dbm448', 'kateb26', 'jswotinsky', 'slhatch', 'kmclaughlin', 'krich', 'chetnapathak', 'apw284', 'sarahb1', 'ganthony1123', 'brianesong', 'daniel.kwon', None, 'cbourdillon', 'sirseven', 'hanviris', 'katiekim2013', 'jstaudt', 'pilhardt', 'dholmes', 'aadeshoye']",29,"['allthatglitters', 'dbm448', 'kateb26', 'alexlederhausen', 'kkaur', 'jswotinsky', 'slhatch', 'kmclaughlin', 'jhk0904', 'kev188', 'krich', 'chetnapathak', 'apw284', 'brittanymai', 'sarahb1', 'ganthony1123', 'brianesong', 'daniel.kwon', 'kyz682', None, 'cbourdillon', 'sirseven', 'hanviris', 'katiekim2013', 'jstaudt', 'pilhardt', 'cto324', 'dholmes', 'aadeshoye']"
71,94,8,25,1,['sharmanshika'],6,"['bradwhipple', 'jeanettebrooks', 'rhedden09', 'jakesmorrison', 'ngocluong', 'axle_wright']",24,"['xiang7', 'surya2', 'jordan336', 'smith228', 'chovelice', 'malak577', 'mbirkel91', 'bfbygfgy', 'idatye', 'devine11', 'adambubar', 'xp19375', 'koppula2', 'bcvaugh2', 'miuz9010', 'xiruihe1', 'eceece', None, 'zhaner08', 'penis', 'hmwu2', 'nadisco3', 'kamman2', 'blugatchtube']",31,"['xiang7', 'surya2', 'jordan336', 'smith228', 'chovelice', 'malak577', 'mbirkel91', 'jakesmorrison', 'bfbygfgy', 'idatye', 'axle_wright', 'devine11', 'adambubar', 'bradwhipple', 'jeanettebrooks', 'xp19375', 'sharmanshika', 'rhedden09', 'koppula2', 'bcvaugh2', 'miuz9010', 'xiruihe1', 'eceece', None, 'zhaner08', 'penis', 'ngocluong', 'hmwu2', 'nadisco3', 'kamman2', 'blugatchtube']"
71,148,8,8,7,"['bradwhipple', 'jeanettebrooks', 'sharmanshika', 'rhedden09', 'jakesmorrison', 'ngocluong', 'axle_wright']",0,[],1,[None],8,"['bradwhipple', 'jeanettebrooks', 'sharmanshika', 'rhedden09', 'jakesmorrison', 'ngocluong', 'axle_wright', None]"
72,159,8,8,6,"['ymd81', 'apchuckpig', 'rubicon777', 'jhshin0203', 'ansd2', 'ansd']",1,['besuresuccess'],2,"['gstrikex105', None]",9,"['ymd81', 'apchuckpig', 'rubicon777', None, 'gstrikex105', 'jhshin0203', 'besuresuccess', 'ansd2', 'ansd']"
73,7,8,6,2,"['srshashikumar', 'suchitachandraghadei']",5,"['isisbender', 'shantieverywhere1', 'mpkirley', 'aabouauf', 'hubani']",4,"['msharmavikram', None, 'lalitrawat02', 'singhharesh']",11,"['singhharesh', 'lalitrawat02', 'aabouauf', 'isisbender', 'msharmavikram', 'shantieverywhere1', 'mpkirley', 'srshashikumar', 'hubani', None, 'suchitachandraghadei']"
74,1,8,6,4,"['pravesh', 'anmolarora59', 'satishwar.kedas', 'kaustubhj_2000']",3,"['anblackter', 'sumesh619', 'anandakumar']",2,"[None, 'pulkit207']",9,"['anblackter', 'pulkit207', 'satishwar.kedas', 'anmolarora59', 'sumesh619', 'pravesh', 'kaustubhj_2000', None, 'anandakumar']"
76,150,8,6,1,['uddhav2809'],6,"['alexmartinson', 'msoper', 'pavdik', 'bolten', 'jawib', 'bluegene']",5,"['atulnishad', 'rupakhaldar85', 'souvik_pgmvd', 'sanchali', None]",12,"['alexmartinson', 'msoper', 'uddhav2809', 'pavdik', 'atulnishad', 'rupakhaldar85', 'bolten', 'souvik_pgmvd', 'jawib', 'bluegene', 'sanchali', None]"
79,35,7,12,6,"['kumark', 'zagao1990', 'archies4000', 'devdatt', 'eshim', 'davenmb']",0,[],6,"['alexanderhollenbach', 'abhay.ranganathan', 'aryanthaker', 'carotene', 'zhaolin8921', None]",12,"['archies4000', 'devdatt', 'kumark', 'eshim', None, 'alexanderhollenbach', 'abhay.ranganathan', 'zagao1990', 'aryanthaker', 'carotene', 'zhaolin8921', 'davenmb']"
80,48,7,152,3,"['qianybo24', 'chumblyone', 'zhangchengyi']",3,"['mengchen', 'kharoutaj', 'surya2']",149,"['lc199166', 'perpetual89', 'knihai', 'wlee85', 'zouhair2', 'singh29', 'lufthansa92', 'koksal2', 'yezichao', 'mkjo2', 'eliu0117', 'brinkmanship', 'marvadar', 'oleksie1', 'zldragon', 'mancera1', 'ljb0928', 'rpark216', 'yiumingh', 'xp19375', 'lambert8', 'fhsiao2', 'jamessu2', 'dee7291', 'yding16', 'profballack', 'wang185', 'abcdef', 'nshafi3', 'sophiezhang180', 'zheng55', 'nexthy', 'liu241', 'bursuc1', 'nlowrey', 'yuyan1', 'chang190', 'guitaristzhang', 'mole3691', 'tmcginniss', 'lin187', 'sudzi781', '54hi0', 'caroldd', 'hjsong2', 'luokaihang0822', 'jtang10', 'kelihui1', 'azamatm', 'shangyee', 'gthell340', 'nathan1', 'amill676', 'eceece', None, 'danqiye1', 'magerko1', 'j.bohmbach', 'hcp1992', 'tath', 'asyed33', 'gallium_arsenide', 'mli47', 'jlorozc2', 'ammario', 'nadisco3', 'jlee3725', 'zhang258', 'ckkevin1014', 'dresche1', 'paulwite', 'mikebarsaloux', 'zhou62', 'kirihar1', 'mclovin006', 'hershedtilak', 'page10', 'li151', 'smsaladi', 'baker32', 'ruichen77', 'joe510784', 'chao16', 'cheung17', 'ravi7', 'wasdfa', 'uditsharma101', 'hh22191', 'sizhangyu', 'chaocao2', 'swearen1', 'mattstery', 'louisly', 'npined2', 'temperlancer', 'slee18', 'onurgur1', 'godard1', 'gurbaazsidhu', 'doidge1', 'shin65', 'sarwal1', 'heebidiwup', 'xliu79', 'yohanko322', 'andri', 'sabol1', 'nehzgneg', 'condon3', 'k912323', 'achavarria', 'ajstreed', 'jvanderwoude', 'chenni1', 'cjmccarthy', 'lin189', 'zhang354', 'ruiwang4', 'dedios1', 'yjiang40', 'jfuizzle', 'idatye', 'yang82', 'yang160', 'scrain', 'aoleksie', 'aishsingh', 'ellieyan', 'captiva34', 'gonzal41', 'knsofor', 'blackbu3', 'dbieli2', 'osama2', 'frankow1', 'c32325', 'fishtoo', 'gujral1', 'plam5', 'ltavare2', 'kolthof1', 'penis', 'hartant2', 'hmwu2', 'flybywire91', 'kailiu2', 'cho61', 'ahoag', 'lelelea']",155,"['kharoutaj', 'lc199166', 'perpetual89', 'knihai', 'wlee85', 'zouhair2', 'singh29', 'lufthansa92', 'koksal2', 'yezichao', 'mkjo2', 'eliu0117', 'brinkmanship', 'marvadar', 'oleksie1', 'zldragon', 'mancera1', 'ljb0928', 'rpark216', 'yiumingh', 'chumblyone', 'xp19375', 'lambert8', 'fhsiao2', 'jamessu2', 'dee7291', 'yding16', 'profballack', 'wang185', 'abcdef', 'nshafi3', 'sophiezhang180', 'zheng55', 'nexthy', 'liu241', 'bursuc1', 'nlowrey', 'yuyan1', 'chang190', 'guitaristzhang', 'mole3691', 'tmcginniss', 'lin187', 'sudzi781', '54hi0', 'caroldd', 'hjsong2', 'luokaihang0822', 'jtang10', 'kelihui1', 'azamatm', 'shangyee', 'gthell340', 'nathan1', 'amill676', 'eceece', None, 'danqiye1', 'magerko1', 'j.bohmbach', 'hcp1992', 'tath', 'asyed33', 'gallium_arsenide', 'mli47', 'jlorozc2', 'ammario', 'nadisco3', 'jlee3725', 'zhang258', 'ckkevin1014', 'dresche1', 'paulwite', 'surya2', 'mikebarsaloux', 'zhou62', 'kirihar1', 'mclovin006', 'hershedtilak', 'page10', 'li151', 'smsaladi', 'baker32', 'mengchen', 'ruichen77', 'joe510784', 'chao16', 'cheung17', 'ravi7', 'wasdfa', 'uditsharma101', 'hh22191', 'sizhangyu', 'qianybo24', 'chaocao2', 'swearen1', 'mattstery', 'louisly', 'npined2', 'temperlancer', 'slee18', 'onurgur1', 'zhangchengyi', 'godard1', 'gurbaazsidhu', 'doidge1', 'shin65', 'sarwal1', 'heebidiwup', 'xliu79', 'yohanko322', 'andri', 'nehzgneg', 'condon3', 'k912323', 'achavarria', 'ajstreed', 'jvanderwoude', 'chenni1', 'cjmccarthy', 'lin189', 'zhang354', 'ruiwang4', 'dedios1', 'yjiang40', 'jfuizzle', 'idatye', 'yang82', 'kailiu2', 'yang160', 'scrain', 'aoleksie', 'aishsingh', 'ellieyan', 'captiva34', 'gonzal41', 'knsofor', 'blackbu3', 'dbieli2', 'osama2', 'frankow1', 'c32325', 'fishtoo', 'gujral1', 'plam5', 'ltavare2', 'kolthof1', 'penis', 'hartant2', 'hmwu2', 'flybywire91', 'sabol1', 'cho61', 'ahoag', 'lelelea']"
80,92,7,88,4,"['mengchen', 'qianybo24', 'chumblyone', 'zhangchengyi']",2,"['kharoutaj', 'surya2']",84,"['myarber4', 'paulwite', 'kalidin1', 'mikebarsaloux', 'perpetual89', 'zouhair2', 'wlee85', 'yezichao', 'hershedtilak', 'page10', 'broll1', 'mkjo2', 'li151', 'chenhu1', 'brinkmanship', 'oleksie1', 'smsaladi', 'ruichen77', 'joe510784', 'chao16', 'aikara2', 'wasdfa', 'ljb0928', 'rpark216', 'swearen1', 'jkim171', 'akgun1', 'fhsiao2', 'mattstery', 'temperlancer', 'jamessu2', 'dee7291', 'slee18', 'onurgur1', 'yding16', 'doidge1', 'abcdef', 'nshafi3', 'sarwal1', 'callant1', 'xliu79', 'rossdwolf', 'nlowrey', 'yuyan1', 'ksabol', 'xiang7', 'condon3', 'ajstreed', 'gtlee', 'tmcginniss', 'sudzi781', '54hi0', 'zhang354', 'dedios1', 'ruiwang4', 'yjiang40', 'caroldd', 'jefflawrence', 'jfuizzle', 'yang82', 'luokaihang0822', 'aishsingh', 'ellieyan', 'yingou1', 'captiva34', 'lau14', 'kelihui1', 'azamatm', 'blackbu3', 'amill676', 'eceece', 'cu910410', 'kiebles1', None, 'osama2', 'danqiye1', 'gujral1', 'j.bohmbach', 'tath', 'kolthof1', 'jlee3725', 'dresche1', 'haichuanyu', 'ahoag']",90,"['myarber4', 'kharoutaj', 'surya2', 'paulwite', 'kalidin1', 'mikebarsaloux', 'perpetual89', 'zouhair2', 'wlee85', 'yezichao', 'hershedtilak', 'page10', 'broll1', 'mkjo2', 'li151', 'chenhu1', 'brinkmanship', 'oleksie1', 'smsaladi', 'mengchen', 'ruichen77', 'joe510784', 'chao16', 'aikara2', 'wasdfa', 'qianybo24', 'ljb0928', 'rpark216', 'chumblyone', 'swearen1', 'jkim171', 'akgun1', 'fhsiao2', 'mattstery', 'temperlancer', 'jamessu2', 'dee7291', 'slee18', 'onurgur1', 'yding16', 'zhangchengyi', 'doidge1', 'abcdef', 'nshafi3', 'sarwal1', 'callant1', 'xliu79', 'rossdwolf', 'nlowrey', 'yuyan1', 'ksabol', 'xiang7', 'condon3', 'ajstreed', 'gtlee', 'tmcginniss', 'sudzi781', '54hi0', 'zhang354', 'dedios1', 'ruiwang4', 'yjiang40', 'caroldd', 'jefflawrence', 'jfuizzle', 'yang82', 'luokaihang0822', 'aishsingh', 'ellieyan', 'yingou1', 'captiva34', 'lau14', 'kelihui1', 'azamatm', 'blackbu3', 'amill676', 'eceece', 'cu910410', 'kiebles1', None, 'osama2', 'danqiye1', 'gujral1', 'j.bohmbach', 'tath', 'kolthof1', 'jlee3725', 'dresche1', 'haichuanyu', 'ahoag']"
80,42,7,87,3,"['zhangchengyi', 'chumblyone', 'kharoutaj']",3,"['mengchen', 'qianybo24', 'surya2']",84,"['lc199166', 'mikebarsaloux', 'perpetual89', 'zhou62', 'kirihar1', 'wlee85', 'kolze100', 'singh29', 'koksal2', 'page10', 'mkjo2', 'brinkmanship', 'ruichen77', 'joe510784', 'baker32', 'chao16', 'jezzar', 'wasdfa', 'hh22191', 'rpark216', 'lambert8', 'pillari3', 'louisly', 'dee7291', 'slee18', 'lo16', 'yding16', 'kilokaka', 'godard1', 'niktike', 'nshafi3', 'pablozavala', 'kamman2', 'sefhmc', 'bradsnyder', 'logsdon404', 'yuyan1', 'nlowrey', 'rossdwolf', 'andri', 'ajstreed', 'condon3', 'k912323', 'jdallesasse', 'jvanderwoude', 'lee117', 'guitaristzhang', 'lai35', 'lin189', 'sudzi781', '54hi0', 'caroldd', 'jefflawrence', 'bhuiya1', 'morningzz', 'yang82', 'scrain', 'aishsingh', 'ellieyan', 'sophiez', 'krkelly', 'captiva34', 'gonzal41', 'nithinreddyc', 'kelihui1', 'azamatm', 'shangyee', 'blackbu3', 'dbieli2', 'amill676', 'eceece', None, 'c32325', 'fishtoo', 'magerko1', 'darrenchen', 'tath', 'kolthof1', 'asyed33', 'jlee3725', 'flybywire91', 'ckkevin1014', 'koenig4', 'ahoag']",90,"['kharoutaj', 'surya2', 'lc199166', 'mikebarsaloux', 'perpetual89', 'zhou62', 'kirihar1', 'wlee85', 'kolze100', 'singh29', 'koksal2', 'page10', 'mkjo2', 'brinkmanship', 'ruichen77', 'mengchen', 'joe510784', 'baker32', 'chao16', 'jezzar', 'wasdfa', 'hh22191', 'qianybo24', 'rpark216', 'chumblyone', 'lambert8', 'pillari3', 'louisly', 'dee7291', 'slee18', 'lo16', 'yding16', 'kilokaka', 'zhangchengyi', 'godard1', 'niktike', 'nshafi3', 'pablozavala', 'kamman2', 'sefhmc', 'bradsnyder', 'logsdon404', 'yuyan1', 'nlowrey', 'rossdwolf', 'andri', 'ajstreed', 'condon3', 'k912323', 'jdallesasse', 'jvanderwoude', 'lee117', 'guitaristzhang', 'lai35', 'lin189', 'sudzi781', '54hi0', 'caroldd', 'jefflawrence', 'bhuiya1', 'morningzz', 'yang82', 'scrain', 'aishsingh', 'ellieyan', 'sophiez', 'krkelly', 'captiva34', 'gonzal41', 'nithinreddyc', 'kelihui1', 'azamatm', 'shangyee', 'blackbu3', 'dbieli2', 'amill676', 'eceece', None, 'c32325', 'fishtoo', 'magerko1', 'darrenchen', 'tath', 'kolthof1', 'asyed33', 'jlee3725', 'flybywire91', 'ckkevin1014', 'koenig4', 'ahoag']"
80,50,7,33,1,['surya2'],5,"['chumblyone', 'kharoutaj', 'mengchen', 'qianybo24', 'zhangchengyi']",32,"['xiang7', 'jordan336', 'kalidin1', 'smith228', 'chovelice', 'malak577', 'zqazi1', 'dedios1', 'styyle14', 'amphoterite', 'bugmenot', 'bfbygfgy', 'idatye', 'adambubar', 'lau14', 'koppula2', 'bcvaugh2', 'miuz9010', 'xiruihe1', 'gerth2', 'stuart_lee', 'xu73', 'yang106', 'kiebles1', None, 'zzhu7', 'vigneshwar', 'zhaner08', 'hmwu2', 'zhuzhongdong', 'liu241', 'kamman2']",38,"['kharoutaj', 'surya2', 'xiang7', 'jordan336', 'kalidin1', 'smith228', 'chovelice', 'malak577', 'zqazi1', 'dedios1', 'styyle14', 'amphoterite', 'mengchen', 'bugmenot', 'bfbygfgy', 'idatye', 'qianybo24', 'adambubar', 'chumblyone', 'lau14', 'koppula2', 'bcvaugh2', 'miuz9010', 'xiruihe1', 'gerth2', 'stuart_lee', 'xu73', 'yang106', 'kiebles1', None, 'zhangchengyi', 'zzhu7', 'vigneshwar', 'zhaner08', 'hmwu2', 'zhuzhongdong', 'liu241', 'kamman2']"
80,49,7,32,1,['kharoutaj'],5,"['chumblyone', 'surya2', 'mengchen', 'qianybo24', 'zhangchengyi']",31,"['olivercai', 'guitaristzhang', 'guanditz', 'lai35', 'coxsey1', 'oleksie1', 'trovill1', 'jefflawrence', 'cbulgarelli', 'idatye', 'biorbibsy', 'mancera1', 'yiumingh', 'malkows1', 'marchel2', 'chiemes919', 'stys66', 'freeckj1003', None, 'gurbaazsidhu', 'david.walder', 'smetana4', 'hilgers3', 'mli47', 'pierce20', 'tielong', 'cfranc20', 'niebrug1', 'heebidiwup', 'bradsnyder', 'rossdwolf']",37,"['kharoutaj', 'surya2', 'olivercai', 'guitaristzhang', 'guanditz', 'lai35', 'coxsey1', 'oleksie1', 'trovill1', 'mengchen', 'jefflawrence', 'cbulgarelli', 'idatye', 'biorbibsy', 'mancera1', 'qianybo24', 'yiumingh', 'chumblyone', 'malkows1', 'marchel2', 'chiemes919', 'stys66', 'freeckj1003', None, 'zhangchengyi', 'gurbaazsidhu', 'david.walder', 'smetana4', 'hilgers3', 'mli47', 'pierce20', 'tielong', 'cfranc20', 'niebrug1', 'heebidiwup', 'bradsnyder', 'rossdwolf']"
80,43,7,25,1,['surya2'],5,"['chumblyone', 'kharoutaj', 'mengchen', 'qianybo24', 'zhangchengyi']",24,"['chovelice', 'malak577', 'hollygrape', 'zhang354', 'dedios1', 'eliu0117', 'lee893', 'adambubar', 'lee103', 'chen381', 'xp19375', 'bcvaugh2', 'miuz9010', 'xiruihe1', 'chenegan', 'frankow1', None, 'david.walder', 'has9.ahmad', 'zzhu7', 'penis', 'caz1429', 'hafizsd', 'zhang258']",30,"['adambubar', 'lee103', 'chen381', 'chumblyone', 'surya2', 'kharoutaj', 'xp19375', 'bcvaugh2', 'miuz9010', 'xiruihe1', 'chenegan', 'chovelice', 'malak577', None, 'frankow1', 'hollygrape', 'zhangchengyi', 'zhang354', 'dedios1', 'eliu0117', 'david.walder', 'has9.ahmad', 'zzhu7', 'mengchen', 'lee893', 'penis', 'caz1429', 'hafizsd', 'zhang258', 'qianybo24']"
80,94,7,25,1,['surya2'],5,"['chumblyone', 'kharoutaj', 'mengchen', 'qianybo24', 'zhangchengyi']",24,"['xiang7', 'jordan336', 'smith228', 'chovelice', 'malak577', 'mbirkel91', 'bfbygfgy', 'idatye', 'devine11', 'adambubar', 'xp19375', 'sharmanshika', 'koppula2', 'bcvaugh2', 'miuz9010', 'xiruihe1', 'eceece', None, 'zhaner08', 'penis', 'hmwu2', 'nadisco3', 'kamman2', 'blugatchtube']",30,"['devine11', 'adambubar', 'chumblyone', 'surya2', 'kharoutaj', 'xiang7', 'jordan336', 'smith228', 'xp19375', 'sharmanshika', 'koppula2', 'bcvaugh2', 'miuz9010', 'blugatchtube', 'xiruihe1', 'chovelice', 'malak577', 'eceece', None, 'zhangchengyi', 'mbirkel91', 'mengchen', 'zhaner08', 'penis', 'hmwu2', 'nadisco3', 'bfbygfgy', 'idatye', 'kamman2', 'qianybo24']"
80,44,7,20,1,['mengchen'],5,"['kharoutaj', 'chumblyone', 'surya2', 'qianybo24', 'zhangchengyi']",19,"['lee117', 'lufthansa92', 'styyle14', 'coxsey1', 'smsaladi', 'trovill1', 'mrabe17', 'ruiwangece', 'luokaihang0822', 'jtang10', 'yiumingh', 'gerth2', None, 'freeckj1003', 'gurbaazsidhu', 'smetana4', 'niebrug1', 'malkomic000', 'rossdwolf']",25,"['luokaihang0822', 'yiumingh', 'chumblyone', 'surya2', 'kharoutaj', 'gerth2', 'lee117', 'lufthansa92', None, 'freeckj1003', 'zhangchengyi', 'gurbaazsidhu', 'smetana4', 'styyle14', 'coxsey1', 'ruiwangece', 'smsaladi', 'trovill1', 'mengchen', 'niebrug1', 'malkomic000', 'mrabe17', 'qianybo24', 'jtang10', 'rossdwolf']"
80,93,7,17,1,['kharoutaj'],5,"['chumblyone', 'surya2', 'mengchen', 'qianybo24', 'zhangchengyi']",16,"[None, 'plam5', 'darrenchen', 'freeckj1003', 'trovill1', 'pjurik', 'tielong', 'cbulgarelli', 'guanditz', 'mole3691', 'niebrug1', 'stys66', 'lufthansa92', 'kiebles1', 'bradsnyder', 'lelelea']",22,"['chumblyone', 'surya2', 'kharoutaj', 'guanditz', 'mole3691', 'stys66', 'lufthansa92', None, 'kiebles1', 'freeckj1003', 'zhangchengyi', 'darrenchen', 'plam5', 'trovill1', 'mengchen', 'pjurik', 'tielong', 'cbulgarelli', 'niebrug1', 'qianybo24', 'bradsnyder', 'lelelea']"
80,51,7,11,1,['mengchen'],5,"['kharoutaj', 'chumblyone', 'surya2', 'qianybo24', 'zhangchengyi']",10,"['chenhu1', 'shuotian', 'kelpler', 'aikara2', 'baker30', 'mohamme3', 'qizhao1', 'esanch29', 'yang160', None]",16,"['chumblyone', 'surya2', 'kharoutaj', 'shuotian', 'baker30', 'qizhao1', 'esanch29', None, 'zhangchengyi', 'chenhu1', 'mengchen', 'kelpler', 'aikara2', 'mohamme3', 'yang160', 'qianybo24']"
82,26,7,56,6,"['ckloskin', 'greasor', 'fullmetal16', 'ahharb', 'lmletham', 'tawarner89']",0,[],50,"['answ11r', 'lmassolas', 'jeffreyrusseau', 'alkaabi', 'srjones92', 'nsrahman', 'gpickett', 'jmeisenh', 'taalexa2', 'amicableninja', 'vntruong', 'adchris1', 'mtanner24', 'cvvu2', 'ferry', 'jonolson', 'jonathan.shinsato', 'bluudhoundd', 'trdonald', 'me2ma', 'pcm10109', 'salmanmanzoor1', 'pwebster337', 'allanjude07', 'jbecker05', 'eee352fall', 'gunangel', 'sfelton', 'tschnepf', 'pepperdude32', 'dpbarber', 'jkinsella', 'eonschism', 'jmclem', 'yigitkemal', 'rekay112206', None, 'babingha', 'tylersstevenson', 'ahalhamm', 'sabusher', 'izavatka', 'treblitz', 'si3o2', 'alastra1', 'ssj4gotenks', 'jram5000', 'tim.house2', 'njtucker', 'halamer']",56,"['answ11r', 'lmassolas', 'jeffreyrusseau', 'alkaabi', 'srjones92', 'nsrahman', 'gpickett', 'jmeisenh', 'taalexa2', 'amicableninja', 'vntruong', 'adchris1', 'mtanner24', 'cvvu2', 'ferry', 'jonolson', 'lmletham', 'jonathan.shinsato', 'bluudhoundd', 'trdonald', 'me2ma', 'pcm10109', 'salmanmanzoor1', 'pwebster337', 'allanjude07', 'ckloskin', 'greasor', 'jbecker05', 'eee352fall', 'ahharb', 'gunangel', 'sfelton', 'tschnepf', 'pepperdude32', 'dpbarber', 'jkinsella', 'eonschism', 'jmclem', 'yigitkemal', 'rekay112206', None, 'babingha', 'fullmetal16', 'tylersstevenson', 'ahalhamm', 'sabusher', 'izavatka', 'tawarner89', 'treblitz', 'si3o2', 'alastra1', 'ssj4gotenks', 'jram5000', 'tim.house2', 'njtucker', 'halamer']"
82,41,7,53,6,"['ckloskin', 'greasor', 'fullmetal16', 'ahharb', 'lmletham', 'tawarner89']",0,[],47,"['answ11r', 'lmassolas', 'jeffreyrusseau', 'alkaabi', 'srjones92', 'nsrahman', 'gpickett', 'analhabi1', 'pmartin9', 'cntennys2', 'jmeisenh', 'taalexa2', 'amicableninja', 'vntruong', 'adchris1', 'mtanner24', 'cvvu2', 'ferry', 'seansowr', 'jonolson', 'bluudhoundd', 'trdonald', 'me2ma', 'peterphile', 'pcm10109', 'salmanmanzoor1', 'sfelton', 'allanjude07', 'eee352fall', 'tschnepf', 'dpbarber', 'jkinsella', 'jmclem', 'yigitkemal', 'rekay112206', None, 'babingha', 'tylersstevenson', 'ahalhamm', 'sabusher', 'izavatka', 'si3o2', 'alastra1', 'ssj4gotenks', 'jram5000', 'njtucker', 'halamer']",53,"['answ11r', 'lmassolas', 'jeffreyrusseau', 'alkaabi', 'srjones92', 'nsrahman', 'gpickett', 'analhabi1', 'pmartin9', 'cntennys2', 'jmeisenh', 'taalexa2', 'amicableninja', 'vntruong', 'adchris1', 'mtanner24', 'cvvu2', 'ferry', 'seansowr', 'jonolson', 'lmletham', 'bluudhoundd', 'trdonald', 'me2ma', 'peterphile', 'pcm10109', 'salmanmanzoor1', 'sfelton', 'allanjude07', 'ckloskin', 'greasor', 'eee352fall', 'ahharb', 'tschnepf', 'dpbarber', 'jkinsella', 'jmclem', 'yigitkemal', 'rekay112206', None, 'babingha', 'fullmetal16', 'tylersstevenson', 'ahalhamm', 'sabusher', 'izavatka', 'tawarner89', 'si3o2', 'alastra1', 'ssj4gotenks', 'jram5000', 'njtucker', 'halamer']"
82,67,7,42,6,"['ckloskin', 'greasor', 'fullmetal16', 'ahharb', 'lmletham', 'tawarner89']",0,[],36,"['answ11r', 'lmassolas', 'jeffreyrusseau', 'srjones92', 'nsrahman', 'gpickett', 'pmartin9', 'cntennys2', 'taalexa2', 'amicableninja', 'vntruong', 'adchris1', 'mtanner24', 'cvvu2', 'jonolson', 'bluudhoundd', 'trdonald', 'pcm10109', 'sfelton', 'allanjude07', 'eee352fall', 'tschnepf', 'dpbarber', 'jkinsella', 'jmclem', 'yigitkemal', None, 'babingha', 'tylersstevenson', 'sabusher', 'izavatka', 'si3o2', 'alastra1', 'ssj4gotenks', 'njtucker', 'halamer']",42,"['answ11r', 'lmassolas', 'jeffreyrusseau', 'srjones92', 'nsrahman', 'gpickett', 'pmartin9', 'cntennys2', 'taalexa2', 'amicableninja', 'vntruong', 'adchris1', 'mtanner24', 'cvvu2', 'jonolson', 'lmletham', 'bluudhoundd', 'trdonald', 'pcm10109', 'sfelton', 'allanjude07', 'ckloskin', 'greasor', 'eee352fall', 'ahharb', 'tschnepf', 'dpbarber', 'jkinsella', 'jmclem', 'yigitkemal', None, 'babingha', 'fullmetal16', 'tylersstevenson', 'sabusher', 'izavatka', 'tawarner89', 'si3o2', 'alastra1', 'ssj4gotenks', 'njtucker', 'halamer']"
82,130,7,41,6,"['ckloskin', 'greasor', 'fullmetal16', 'ahharb', 'lmletham', 'tawarner89']",0,[],35,"['answ11r', 'lmassolas', 'jeffreyrusseau', 'srjones92', 'gpickett', 'analhabi1', 'pmartin9', 'jmeisenh', 'amicableninja', 'vntruong', 'adchris1', 'ferry', 'jonolson', 'jonathan.shinsato', 'bluudhoundd', 'peterphile', 'pcm10109', 'salmanmanzoor1', 'sfelton', 'allanjude07', 'eee352fall', 'gunangel', 'dpbarber', 'jkinsella', 'jmclem', 'yigitkemal', None, 'babingha', 'tylersstevenson', 'izavatka', 'si3o2', 'alastra1', 'ssj4gotenks', 'njtucker', 'halamer']",41,"['answ11r', 'lmassolas', 'jeffreyrusseau', 'srjones92', 'gpickett', 'analhabi1', 'pmartin9', 'jmeisenh', 'amicableninja', 'vntruong', 'adchris1', 'ferry', 'jonolson', 'lmletham', 'jonathan.shinsato', 'bluudhoundd', 'peterphile', 'pcm10109', 'salmanmanzoor1', 'sfelton', 'allanjude07', 'ckloskin', 'greasor', 'eee352fall', 'ahharb', 'gunangel', 'dpbarber', 'jkinsella', 'jmclem', 'yigitkemal', None, 'babingha', 'fullmetal16', 'tylersstevenson', 'izavatka', 'tawarner89', 'si3o2', 'alastra1', 'ssj4gotenks', 'njtucker', 'halamer']"
82,146,7,40,5,"['ckloskin', 'greasor', 'fullmetal16', 'ahharb', 'lmletham']",1,['tawarner89'],35,"['answ11r', 'lmassolas', 'jeffreyrusseau', 'alkaabi', 'srjones92', 'nsrahman', 'gpickett', 'analhabi1', 'cntennys2', 'jmeisenh', 'taalexa2', 'amicableninja', 'vntruong', 'adchris1', 'mtanner24', 'cvvu2', 'jonolson', 'bluudhoundd', 'trdonald', 'peterphile', 'pcm10109', 'sfelton', 'allanjude07', 'dpbarber', 'jkinsella', 'jmclem', None, 'babingha', 'tylersstevenson', 'ahalhamm', 'izavatka', 'si3o2', 'alastra1', 'ssj4gotenks', 'njtucker']",41,"['answ11r', 'lmassolas', 'jeffreyrusseau', 'alkaabi', 'srjones92', 'nsrahman', 'gpickett', 'analhabi1', 'cntennys2', 'jmeisenh', 'taalexa2', 'amicableninja', 'vntruong', 'adchris1', 'mtanner24', 'cvvu2', 'jonolson', 'lmletham', 'bluudhoundd', 'trdonald', 'peterphile', 'pcm10109', 'sfelton', 'allanjude07', 'ckloskin', 'greasor', 'ahharb', 'dpbarber', 'jkinsella', 'jmclem', None, 'babingha', 'fullmetal16', 'tylersstevenson', 'ahalhamm', 'izavatka', 'tawarner89', 'si3o2', 'alastra1', 'ssj4gotenks', 'njtucker']"
82,155,7,40,6,"['ckloskin', 'greasor', 'fullmetal16', 'ahharb', 'lmletham', 'tawarner89']",0,[],34,"['answ11r', 'lmassolas', 'jeffreyrusseau', 'alkaabi', 'srjones92', 'jolson5', 'gpickett', 'pmartin9', 'cntennys2', 'jmeisenh', 'taalexa2', 'amicableninja', 'vntruong', 'adchris1', 'mtanner24', 'cvvu2', 'jonolson', 'bluudhoundd', 'trdonald', 'peterphile', 'pcm10109', 'sfelton', 'allanjude07', 'tschnepf', 'dpbarber', 'jkinsella', 'jmclem', None, 'babingha', 'tylersstevenson', 'izavatka', 'si3o2', 'alastra1', 'ssj4gotenks']",40,"['answ11r', 'lmassolas', 'jeffreyrusseau', 'alkaabi', 'srjones92', 'jolson5', 'gpickett', 'pmartin9', 'cntennys2', 'jmeisenh', 'taalexa2', 'amicableninja', 'vntruong', 'adchris1', 'mtanner24', 'cvvu2', 'jonolson', 'lmletham', 'bluudhoundd', 'trdonald', 'peterphile', 'pcm10109', 'sfelton', 'allanjude07', 'ckloskin', 'greasor', 'ahharb', 'tschnepf', 'dpbarber', 'jkinsella', 'jmclem', None, 'babingha', 'fullmetal16', 'tylersstevenson', 'izavatka', 'tawarner89', 'si3o2', 'alastra1', 'ssj4gotenks']"
82,81,7,36,6,"['ckloskin', 'greasor', 'fullmetal16', 'ahharb', 'lmletham', 'tawarner89']",0,[],30,"['answ11r', 'lmassolas', 'jeffreyrusseau', 'srjones92', 'nsrahman', 'gpickett', 'analhabi1', 'cntennys2', 'jmeisenh', 'taalexa2', 'amicableninja', 'vntruong', 'adchris1', 'mtanner24', 'jonolson', 'trdonald', 'pcm10109', 'sfelton', 'allanjude07', 'eee352fall', 'dpbarber', 'jmclem', 'yigitkemal', None, 'babingha', 'tylersstevenson', 'sabusher', 'si3o2', 'ssj4gotenks', 'njtucker']",36,"['answ11r', 'lmassolas', 'jeffreyrusseau', 'srjones92', 'nsrahman', 'gpickett', 'analhabi1', 'cntennys2', 'jmeisenh', 'taalexa2', 'amicableninja', 'vntruong', 'adchris1', 'mtanner24', 'jonolson', 'lmletham', 'trdonald', 'pcm10109', 'sfelton', 'allanjude07', 'ckloskin', 'greasor', 'eee352fall', 'ahharb', 'dpbarber', 'jmclem', 'yigitkemal', None, 'babingha', 'fullmetal16', 'tylersstevenson', 'sabusher', 'tawarner89', 'si3o2', 'ssj4gotenks', 'njtucker']"
82,56,7,35,5,"['ckloskin', 'greasor', 'fullmetal16', 'lmletham', 'tawarner89']",1,['ahharb'],30,"['lmassolas', 'jeffreyrusseau', 'srjones92', 'gpickett', 'pmartin9', 'jmeisenh', 'taalexa2', 'amicableninja', 'vntruong', 'adchris1', 'cvvu2', 'jonolson', 'bluudhoundd', 'trdonald', 'me2ma', 'peterphile', 'pcm10109', 'sfelton', 'tschnepf', 'dpbarber', 'jkinsella', 'jmclem', 'yigitkemal', None, 'babingha', 'tylersstevenson', 'izavatka', 'si3o2', 'alastra1', 'njtucker']",36,"['lmassolas', 'jeffreyrusseau', 'srjones92', 'gpickett', 'pmartin9', 'jmeisenh', 'taalexa2', 'amicableninja', 'vntruong', 'adchris1', 'cvvu2', 'jonolson', 'lmletham', 'bluudhoundd', 'trdonald', 'me2ma', 'peterphile', 'pcm10109', 'sfelton', 'ckloskin', 'greasor', 'ahharb', 'tschnepf', 'dpbarber', 'jkinsella', 'jmclem', 'yigitkemal', None, 'babingha', 'fullmetal16', 'tylersstevenson', 'izavatka', 'tawarner89', 'si3o2', 'alastra1', 'njtucker']"
82,46,7,34,5,"['ckloskin', 'greasor', 'fullmetal16', 'lmletham', 'tawarner89']",1,['ahharb'],29,"['answ11r', 'lmassolas', 'alkaabi', 'srjones92', 'gpickett', 'analhabi1', 'pmartin9', 'cntennys2', 'jmeisenh', 'taalexa2', 'vntruong', 'adchris1', 'mtanner24', 'cvvu2', 'ferry', 'jonolson', 'trdonald', 'pcm10109', 'allanjude07', 'tschnepf', 'dpbarber', 'jmclem', None, 'babingha', 'tylersstevenson', 'sabusher', 'izavatka', 'alastra1', 'njtucker']",35,"['answ11r', 'lmassolas', 'alkaabi', 'srjones92', 'gpickett', 'analhabi1', 'pmartin9', 'cntennys2', 'jmeisenh', 'taalexa2', 'vntruong', 'adchris1', 'mtanner24', 'cvvu2', 'ferry', 'jonolson', 'lmletham', 'trdonald', 'pcm10109', 'allanjude07', 'ckloskin', 'greasor', 'ahharb', 'tschnepf', 'dpbarber', 'jmclem', None, 'babingha', 'fullmetal16', 'tylersstevenson', 'sabusher', 'izavatka', 'tawarner89', 'alastra1', 'njtucker']"
82,11,7,31,6,"['ckloskin', 'greasor', 'fullmetal16', 'ahharb', 'lmletham', 'tawarner89']",0,[],25,"['answ11r', 'eee352fall', 'jeffreyrusseau', 'alkaabi', 'tschnepf', 'dpbarber', 'cntennys2', 'pmartin9', 'yigitkemal', 'taalexa2', 'rekay112206', 'amicableninja', 'vntruong', 'adchris1', 'cvvu2', 'mtanner24', None, 'babingha', 'sabusher', 'alastra1', 'ssj4gotenks', 'trdonald', 'pcm10109', 'njtucker', 'allanjude07']",31,"['answ11r', 'jeffreyrusseau', 'alkaabi', 'cntennys2', 'pmartin9', 'taalexa2', 'amicableninja', 'vntruong', 'adchris1', 'cvvu2', 'mtanner24', 'lmletham', 'trdonald', 'pcm10109', 'allanjude07', 'ckloskin', 'greasor', 'eee352fall', 'ahharb', 'tschnepf', 'dpbarber', 'yigitkemal', 'rekay112206', None, 'babingha', 'fullmetal16', 'sabusher', 'tawarner89', 'alastra1', 'ssj4gotenks', 'njtucker']"
82,90,7,29,5,"['ckloskin', 'greasor', 'fullmetal16', 'ahharb', 'lmletham']",1,['tawarner89'],24,"['answ11r', 'jeffreyrusseau', 'peterphile', 'alkaabi', 'tschnepf', 'dpbarber', 'nsrahman', 'cntennys2', 'taalexa2', 'rekay112206', 'amicableninja', None, 'adchris1', 'cvvu2', 'mtanner24', 'babingha', 'sabusher', 'si3o2', 'alastra1', 'ssj4gotenks', 'trdonald', 'pcm10109', 'njtucker', 'allanjude07']",30,"['answ11r', 'jeffreyrusseau', 'alkaabi', 'nsrahman', 'cntennys2', 'taalexa2', 'amicableninja', 'adchris1', 'cvvu2', 'mtanner24', 'lmletham', 'trdonald', 'pcm10109', 'peterphile', 'allanjude07', 'ckloskin', 'greasor', 'ahharb', 'tschnepf', 'dpbarber', 'rekay112206', None, 'babingha', 'fullmetal16', 'sabusher', 'tawarner89', 'si3o2', 'alastra1', 'ssj4gotenks', 'njtucker']"
82,13,7,23,6,"['ckloskin', 'greasor', 'fullmetal16', 'ahharb', 'lmletham', 'tawarner89']",0,[],17,"['answ11r', 'babingha', None, 'jeffreyrusseau', 'alkaabi', 'dpbarber', 'tschnepf', 'pcm10109', 'cntennys2', 'cvvu2', 'trdonald', 'jmeisenh', 'ssj4gotenks', 'taalexa2', 'vntruong', 'njtucker', 'mtanner24']",23,"['ckloskin', 'greasor', 'answ11r', 'ahharb', 'jeffreyrusseau', 'alkaabi', 'dpbarber', 'tschnepf', 'cntennys2', 'jmeisenh', 'taalexa2', 'vntruong', None, 'mtanner24', 'cvvu2', 'babingha', 'fullmetal16', 'lmletham', 'tawarner89', 'ssj4gotenks', 'trdonald', 'pcm10109', 'njtucker']"
82,66,7,23,3,"['ckloskin', 'fullmetal16', 'tawarner89']",3,"['greasor', 'lmletham', 'ahharb']",20,"['lmassolas', 'jeffreyrusseau', 'srjones92', 'nsrahman', 'gpickett', 'analhabi1', 'pmartin9', 'jmeisenh', 'adchris1', 'bluudhoundd', 'pcm10109', 'allanjude07', 'dpbarber', 'jkinsella', 'jmclem', 'yigitkemal', None, 'babingha', 'izavatka', 'si3o2']",26,"['ckloskin', 'greasor', 'lmassolas', 'ahharb', 'jeffreyrusseau', 'dpbarber', 'srjones92', 'nsrahman', 'jkinsella', 'gpickett', 'jmclem', 'analhabi1', 'pmartin9', 'jmeisenh', 'yigitkemal', None, 'adchris1', 'babingha', 'fullmetal16', 'lmletham', 'izavatka', 'tawarner89', 'bluudhoundd', 'si3o2', 'pcm10109', 'allanjude07']"
82,178,7,23,2,"['greasor', 'ahharb']",4,"['ckloskin', 'fullmetal16', 'lmletham', 'tawarner89']",21,"['answ11r', 'lmassolas', 'jeffreyrusseau', 'srjones92', 'jolson5', 'danteisalive', 'gpickett', 'pmartin9', 'jmeisenh', 'amicableninja', 'adchris1', 'ferry', 'jonolson', 'trdonald', 'pcm10109', 'peterphile', 'sfelton', 'allanjude07', None, 'babingha', 'tylersstevenson']",27,"['ckloskin', 'greasor', 'answ11r', 'lmassolas', 'ahharb', 'jeffreyrusseau', 'srjones92', 'jolson5', 'danteisalive', 'gpickett', 'pcm10109', 'pmartin9', 'jmeisenh', 'amicableninja', None, 'adchris1', 'babingha', 'ferry', 'fullmetal16', 'tylersstevenson', 'jonolson', 'lmletham', 'tawarner89', 'trdonald', 'peterphile', 'sfelton', 'allanjude07']"
82,10,7,17,5,"['ckloskin', 'fullmetal16', 'ahharb', 'lmletham', 'tawarner89']",1,['greasor'],12,"[None, 'alkaabi', 'bluudhoundd', 'mtanner24', 'cntennys2', 'cvvu2', 'alastra1', 'peterphile', 'taalexa2', 'vntruong', 'emartan227', 'allanjude07']",18,"['ckloskin', 'greasor', 'ahharb', 'alkaabi', 'cntennys2', 'taalexa2', 'vntruong', None, 'emartan227', 'cvvu2', 'mtanner24', 'fullmetal16', 'lmletham', 'tawarner89', 'bluudhoundd', 'alastra1', 'peterphile', 'allanjude07']"
82,24,7,10,1,['fullmetal16'],5,"['ckloskin', 'greasor', 'ahharb', 'lmletham', 'tawarner89']",9,"['tylersstevenson', 'lmassolas', 'srjones92', 'jkinsella', 'jmclem', 'gpickett', 'analhabi1', 'me2ma', None]",15,"['ckloskin', 'greasor', 'lmassolas', 'ahharb', 'srjones92', 'jkinsella', 'jmclem', 'gpickett', 'analhabi1', None, 'fullmetal16', 'tylersstevenson', 'lmletham', 'tawarner89', 'me2ma']"
84,28,7,10,6,"['brk11', 'isvar', 'wiwi_samsul', 'tushin', 'gyrocopterllc', 'diksha.arora']",0,[],4,"['erich.radauscher', None, 'wg43', 'kawright90']",10,"['erich.radauscher', 'wiwi_samsul', 'kawright90', 'gyrocopterllc', 'wg43', None, 'brk11', 'isvar', 'tushin', 'diksha.arora']"
84,68,7,7,6,"['brk11', 'isvar', 'wiwi_samsul', 'tushin', 'gyrocopterllc', 'diksha.arora']",0,[],1,[None],7,"['brk11', 'isvar', 'wiwi_samsul', 'tushin', 'gyrocopterllc', 'diksha.arora', None]"
89,62,7,8,4,"['froggen172', 'bijay2011', 'sandapa', 'morinessan']",2,"['ager2', 'elmor']",4,"['t.kanazawa', None, 'yuxingangzju', 'rommel_kth']",10,"['elmor', None, 't.kanazawa', 'rommel_kth', 'froggen172', 'bijay2011', 'ager2', 'sandapa', 'yuxingangzju', 'morinessan']"
89,104,7,8,5,"['elmor', 'froggen172', 'bijay2011', 'sandapa', 'morinessan']",1,['ager2'],3,"['t.kanazawa', None, 'yuxingangzju']",9,"['elmor', None, 't.kanazawa', 'froggen172', 'bijay2011', 'ager2', 'sandapa', 'yuxingangzju', 'morinessan']"
89,147,7,8,3,"['froggen172', 'sandapa', 'morinessan']",3,"['bijay2011', 'elmor', 'ager2']",5,"['gabriela', 't.kanazawa', 'andy.zhang', None, 'm_maziar']",11,"['elmor', 'gabriela', None, 'andy.zhang', 't.kanazawa', 'froggen172', 'bijay2011', 'ager2', 'sandapa', 'm_maziar', 'morinessan']"
94,140,6,42,2,"['oscaru', 'ariel90']",3,"['nickbithrey', 'leo66', 'alejopg23']",40,"['afigueroa4', 'dnschlomer', 'ragallegos', 'jemunoz6', 'raraiza2', 'jecabral', 'oscrey_1', 'rbrito84', 'casosa2', 'dereyes2', 'oibanuelos1', 'alejandro5512', 'stella', 'ldvazquez', 'esolorzano2', 'hdelacruz2', 'nibarra2', 'cherrera16', 'dawidy', 'odreyes', 'dannypage', 'jaluna3', 'rodroca92', 'cgsoto', 'oicedillos', 'jaheras', 'jmontes8', 'jagaspar', None, 'cgaytan2', 'cavalos9', 'ehcordovalozano', 'jfsalas2', 'ahernandez71', 'jsbilberry', 'plucero33', 'fattycorpsl', 'tarek90', 'gburrola', 'linguisticat']",45,"['nickbithrey', 'afigueroa4', 'dnschlomer', 'ragallegos', 'jemunoz6', 'raraiza2', 'jecabral', 'oscrey_1', 'rbrito84', 'casosa2', 'dereyes2', 'oibanuelos1', 'alejandro5512', 'stella', 'leo66', 'ldvazquez', 'esolorzano2', 'hdelacruz2', 'nibarra2', 'ariel90', 'cherrera16', 'dawidy', 'odreyes', 'dannypage', 'alejopg23', 'jaluna3', 'rodroca92', 'cgsoto', 'oicedillos', 'jaheras', 'jmontes8', 'oscaru', 'jagaspar', None, 'cgaytan2', 'cavalos9', 'ehcordovalozano', 'jfsalas2', 'ahernandez71', 'jsbilberry', 'plucero33', 'fattycorpsl', 'tarek90', 'gburrola', 'linguisticat']"
94,139,6,21,1,['alejopg23'],4,"['nickbithrey', 'leo66', 'ariel90', 'oscaru']",20,"['e.rivera1802', 'je.malo2858', 'spidersam', 'otorrinonaringologo', 'jairoandresbonilla07', 'dieguito', 'gabosan', 'rafi_cuperman', 'hernandez.s1', 'jf.martinez1554', 'aevilla', None, 'danielmaton', 'ca.cendales2610', 'felipeamaya', 'ericblandon', 'mariajo.cadena', 'js.cardenas170', 'jfmolano15872010', 'zambranito']",25,"['nickbithrey', 'alejopg23', 'rafi_cuperman', 'hernandez.s1', 'jf.martinez1554', 'e.rivera1802', 'oscaru', 'je.malo2858', 'aevilla', None, 'zambranito', 'danielmaton', 'leo66', 'ca.cendales2610', 'felipeamaya', 'ericblandon', 'mariajo.cadena', 'spidersam', 'js.cardenas170', 'otorrinonaringologo', 'ariel90', 'jairoandresbonilla07', 'jfmolano15872010', 'dieguito', 'gabosan']"
99,2,6,38,2,"['turner40', 'smith819']",3,"['javierordenavia', 'ermitanio', 'kuoyaoming']",36,"['wang1671', 'hankh825', 'nelder', 'jalem', 'acurtiz', 'hchiu1113', 'chen494', 'pino85', 'purval123', 'modiking', 'maven0709', 'zyang', 'whess', 'jmramer', 'zhu16', 'mohammai', 'kim265', 'jissac', 'yaojunmike', 'rstein1337', 'vbhat', 'syg3434', 'park65', 'jin5', 'avelzen', 'aalghamdi10', 'kim960', None, 'egraves', 'gregm12', 'park38', 'kevyblock', 'wang279', 'gaffareee', 'pajouhi', 'sheikhnir']",41,"['kuoyaoming', 'smith819', 'wang1671', 'hankh825', 'nelder', 'jalem', 'acurtiz', 'hchiu1113', 'chen494', 'pino85', 'purval123', 'modiking', 'maven0709', 'zyang', 'whess', 'jmramer', 'mohammai', 'kim265', 'jissac', 'yaojunmike', 'rstein1337', 'vbhat', 'ermitanio', 'syg3434', 'park65', 'jin5', 'avelzen', 'javierordenavia', 'aalghamdi10', 'kim960', None, 'egraves', 'gregm12', 'park38', 'sheikhnir', 'kevyblock', 'wang279', 'gaffareee', 'turner40', 'pajouhi', 'zhu16']"
99,5,6,8,3,"['javierordenavia', 'ermitanio', 'kuoyaoming']",2,"['turner40', 'smith819']",5,"['spazos', 'anubisdispo', 'jach', 'emilioea', None]",10,"['spazos', 'anubisdispo', 'kuoyaoming', 'smith819', 'turner40', 'jach', 'emilioea', 'javierordenavia', 'ermitanio', None]"
100,194,6,11,2,"['rifat.kamarudheen', 'kdeshmukh3']",3,"['fgonzalez', 'carneade', 'mems711']",9,"['vinothr', 'rajeshwari18', 'rajeshwar1234', 'psaharawat26', 'anilkg123', 'subhodhk', 'pankajlande', None, 'techaryan']",14,"['rajeshwar1234', 'psaharawat26', 'anilkg123', 'fgonzalez', 'rifat.kamarudheen', 'subhodhk', 'kdeshmukh3', None, 'vinothr', 'rajeshwari18', 'carneade', 'pankajlande', 'mems711', 'techaryan']"
100,199,6,8,2,"['rifat.kamarudheen', 'kdeshmukh3']",3,"['fgonzalez', 'carneade', 'mems711']",6,"['vinothr', 'rajeshwari18', 'psaharawat26', 'anilkg123', 'pankajlande', None]",11,"['vinothr', 'rajeshwari18', 'psaharawat26', 'anilkg123', 'fgonzalez', 'rifat.kamarudheen', 'carneade', 'kdeshmukh3', 'pankajlande', None, 'mems711']"
100,204,6,7,2,"['rifat.kamarudheen', 'kdeshmukh3']",3,"['fgonzalez', 'carneade', 'mems711']",5,"['rajeshwari18', 'psaharawat26', 'vinaygbabu', 'pankajlande', None]",10,"['rajeshwari18', 'psaharawat26', 'vinaygbabu', 'fgonzalez', 'rifat.kamarudheen', 'carneade', 'kdeshmukh3', 'pankajlande', None, 'mems711']"
104,37,6,28,1,['mitch'],4,"['dlacroix', 'icymist', 'stark', 'evanswj']",27,"['janice0105', 'jcarlisle', 'abdulghania', 'angelinagoing', 'fawkespony12111', 'novasclark', 'chosenone24', 'mrobinson2013', 'mschris10', 'bellah12111', 'gmonofre', 'raymondgt6', None, 'jkeglar1', 'clutchcarter21', 'bufoo06', 'zjay23', 'dkla45', 'mxcollin19', 'mrawesome', 'jordandavis', 'a2mcdaniel', 'chalant', 'andremp35', 'jdawk', 'darz94', 'dherring15']",32,"['icymist', 'evanswj', 'janice0105', 'jcarlisle', 'fawkespony12111', 'novasclark', 'chosenone24', 'bellah12111', 'stark', 'gmonofre', 'raymondgt6', 'jkeglar1', 'bufoo06', 'mitch', 'mxcollin19', 'dlacroix', 'jordandavis', 'a2mcdaniel', 'andremp35', 'abdulghania', 'angelinagoing', 'mrobinson2013', 'mschris10', None, 'clutchcarter21', 'zjay23', 'dkla45', 'mrawesome', 'chalant', 'jdawk', 'darz94', 'dherring15']"
106,118,6,15,1,['jsr19skate'],4,"['shileiiit', 'tziegler12', 'emgates', 'jbarraud']",14,"['fsansoz', 'eberic', 'ccallah3', 'wroohan', 'jgu2012', 'gerickso', 'porterap', 'cvanvran', 'eoolson', 'szaloude', 'bmeryman', 'easternboarder', 'ntirk', None]",19,"['jsr19skate', 'eberic', 'ccallah3', 'jgu2012', 'gerickso', 'cvanvran', 'jbarraud', 'eoolson', 'szaloude', 'bmeryman', 'easternboarder', 'ntirk', None, 'emgates', 'fsansoz', 'wroohan', 'porterap', 'tziegler12', 'shileiiit']"
