MClusterID,XClusterID,MClusterSize,XClusterSize,OverlapSize,OverlapMembers,MOnlySize,MOnlyMembers,XOnlySize,XOnlyMembers,CombinedSize,CombinedMembers
1,156,218,282,212,"['jdp244', 'apgupta1193', 'miafrasca', 'paigeourada', 'aidanjenkins2012', 'ngparas', 'hannahjones', 'artichokey', 'ejspeyer', 'hanwal1', 'eseosaosaghae', 'ces598', 'siyuanyu', 'all598', 'rag834', 'slichtor', 'catherineiveslouter', 'tinavridhachalam2012', 'pwfranks2012', 'kylaprice27', 'janeko', 'afd43', 'jaf879', 'isaac0812', 'sophielweber', 'yucongzhang2016', 'hillaryt', 'samuelmadvig', 'nedralucas', 'nieyumeng', 'chelseafriesnu', 'scd256', 'lhenningsgaard', 'cpaton8', 'fsh712', 'kmr226', 'tsunami70875', 'kristimichels', 'mhbondy', 'jenny1024', 'ryandsimpson94', 'smwitkowski', 'blc070', 'wjhager2016', 'emilyr', 'martin.f.majewski', 'erineb750', 'flandersman', 'centralfc', 'charliehoffert', 'katherinekelly2016', 'pdtravan', 'nsl239', 'evanarmet2016', 'jyoon93', 'sch607', 'almuimui129', 'jaydenmorrison2016', 'sel892', 'lrs329', 'grosen94', 'sarahnras', 'emg643', 'kamaddio', 'ianpiper', 'luke.mcdermott94', 'kirkme', 'lesapt59', 'tiv941', 'davidwilliams2016', 'fuckass', 'ahenschke', 'roshanabid27', 'lcassens', 'nelsonschang', 'nano1234', 'aewalters', 'amakarova', 'ejh353', 'sgellman', 'maddyk5', 'annakwak', 'rockyfinn', 'derekchiu', 'anribrod', 'kps725', 'becvsc', 'kathleenjenkins2016', 'kylia100', 'ggomez313', 'acheatham', 'jcb102', 'kelseygradwohl', 'daa932', 'easteele', 'dchang416', 'tiernanmurrell', 'nida2014', 'williamgarrison2016', 'njo989', 'tfiorica', 'ajiang', 'samuelsam93', 'hssbo', 'arm878', 'angela711819', 'knam123', 'danikajoa', 'jleguineche', 'bethanie2911', 'nal819', 'alaamohamedali', 'juliannekurke', 'bwieg92', 'mgr544', 'has437', 'z_henry35', 'muddv1', 'sophiamfalmagne', 'nbg179', 'wcrim2016', 'jmwilson27', 'bassoonist1719', 'm.w.stemple', 'brianxicheng', 'victoriazapchar', 'louisaxu', 'gdifrancesco', 'aho', 'slal16', 'leeebowitz', '123chemistry', 'roy238', 'stepcald22', 'tjh978', 'wjiang94', 'pkt904', 'arleenli', 'sottomeyer', 'bslice1', 'chrishoward7', 'valerie_thomas', 'smz509', 'fortunato12', 'mkelty', 'dorotamb', 'cohend', 'tlswan93', 'jzawadzki11', 'grayhackc17', 'michaelworthington', 'kaihugstrees', 'jprp71', 'michaeljh', 'jmnatalie', 'danielfk', 'sk2016', 'jdbruce1', 'deionfoster', 'grahamwinston', 'mmk277', 'een645', 'hma115', 'jdle', 'raudel555', 'akranjc', 'raschneider', 'jay19', 'darmacanqui', 'xsong94', 'lauramilstein', 'lincoli', 'allisoncn', 'jennaisbell31', 'nmartinez2238', 'mrenner7', 'cphillips2b5h4q', 'amitrakos', 'ddl139', 'shanrahan', 'bradherzog', 'rafaelhenriquez', 'jbascom24', 'acadiak', 'michaelkoho', 'osglopez', 'jae945', 'aeshay94', 'pauls124', 'ahx003', 'madelinedeysine2016', 'lukeolney', 'jaerae', 'qiankuntan', 'mklennon', 'gracedodillet', 'zkivitz', 'libbyslosburg2016', 'jmf145', 'dannacooperberg2016', 'ashleylim2016', 'emilyyau', 'tomoko', 'shankiwi', 'mjc401', 'svetaslavin', 'seiu', 'aag794', 'dmotel', 'car978', 'chembaby', 'epshanker']",6,"['agh498', 'map704', 'alexkoh', 'art860', 'juyoungkim94', 'mjp911']",70,"['body6000', 'adriannew', 'jlubin', 'jpg710', 'vivianmu', 'slhatch', 'rfb508', 'zlv836', 'satavarez', 'eleonoraz98', 'lmonz16', 'ksung115', 'danielsangabino2016', 'lizardbajema', 'mmicucc2', 'bearman24', 'gretskyw', 'cbeauchene', 'clorenc1', 'jguenzl', 'aversf', 'higbee324', 'michaeldiamond2016', 'asoderberg', 'bartellofellow', 'ajb885', 'marinecoste2016', 'jam808', 'kep924', 'wucki', 'cooljeffrey12', 'afarmer1', 'dcm506', 'reannadurbin2016', 'iheomamama', 'tcioth24', 'fillie17', 'ideramos', 'vjv100', 'kbuitano', 'dgu377', 'malekassi22', 'kyleraldrich', 'aniab205', 'allieatkins', 'priyankamody2016', 'codyschiffer', 'monicarose', 'catherinelis', 'ericaminor2015', 'emullen', 'dorlander', 'jqt050', 'kconstantino', 'xkirkham', 'alssetton', 'jif139', 'rbareket', 'ekocanda', 'jasonvignolo2016', 'melmelgg', 'grahamgreene', 'mishelly', 'meochemgrad', 'nwolfenzon', 'jamezfan', 'gmian', 'jacobmin5', 'jorisc4', 'patzhou2016']",288,"['jdp244', 'ngparas', 'jlubin', 'hanwal1', 'eseosaosaghae', 'siyuanyu', 'satavarez', 'rag834', 'slichtor', 'lizardbajema', 'catherineiveslouter', 'jam808', 'wucki', 'jaf879', 'reannadurbin2016', 'yucongzhang2016', 'samuelmadvig', 'nedralucas', 'nieyumeng', 'chelseafriesnu', 'fsh712', 'tsunami70875', 'kristimichels', 'mhbondy', 'kyleraldrich', 'ryandsimpson94', 'allieatkins', 'priyankamody2016', 'emilyr', 'erineb750', 'flandersman', 'emullen', 'charliehoffert', 'pdtravan', 'nsl239', 'evanarmet2016', 'jyoon93', 'sch607', 'almuimui129', 'rbareket', 'sel892', 'kirkme', 'lesapt59', 'davidwilliams2016', 'adriannew', 'roshanabid27', 'rfb508', 'nelsonschang', 'ksung115', 'ejh353', 'jguenzl', 'aversf', 'michaeldiamond2016', 'asoderberg', 'kylia100', 'dcm506', 'acheatham', 'jcb102', 'easteele', 'dgu377', 'njo989', 'aniab205', 'samuelsam93', 'danikajoa', 'angela711819', 'knam123', 'jleguineche', 'bethanie2911', 'alaamohamedali', 'jqt050', 'kconstantino', 'juliannekurke', 'bwieg92', 'mgr544', 'melmelgg', 'grahamgreene', 'muddv1', 'sophiamfalmagne', 'nwolfenzon', 'nbg179', 'jorisc4', 'patzhou2016', 'bassoonist1719', 'jpg710', 'vivianmu', 'slhatch', 'victoriazapchar', 'louisaxu', 'gdifrancesco', 'lmonz16', 'cbeauchene', 'mjp911', '123chemistry', 'roy238', 'tjh978', 'afarmer1', 'bslice1', 'chrishoward7', 'vjv100', 'kbuitano', 'fortunato12', 'michaelworthington', 'kaihugstrees', 'jprp71', 'dorlander', 'michaeljh', 'ekocanda', 'alssetton', 'jmnatalie', 'mishelly', 'danielfk', 'sk2016', 'grahamwinston', 'mmk277', 'een645', 'iheomamama', 'jdle', 'body6000', 'raschneider', 'jay19', 'clorenc1', 'lincoli', 'jennaisbell31', 'nmartinez2238', 'mrenner7', 'cphillips2b5h4q', 'map704', 'shanrahan', 'jbascom24', 'acadiak', 'michaelkoho', 'jae945', 'ahx003', 'madelinedeysine2016', 'lukeolney', 'jaerae', 'zkivitz', 'jmf145', 'tomoko', 'mjc401', 'meochemgrad', 'seiu', 'aag794', 'dmotel', 'chembaby', 'gmian', 'epshanker', 'miafrasca', 'paigeourada', 'apgupta1193', 'aidanjenkins2012', 'agh498', 'hannahjones', 'artichokey', 'ejspeyer', 'ces598', 'all598', 'mmicucc2', 'gretskyw', 'tinavridhachalam2012', 'higbee324', 'pwfranks2012', 'bartellofellow', 'marinecoste2016', 'kylaprice27', 'janeko', 'afd43', 'cooljeffrey12', 'isaac0812', 'sophielweber', 'cpaton8', 'hillaryt', 'tcioth24', 'scd256', 'lhenningsgaard', 'ideramos', 'kmr226', 'jenny1024', 'smwitkowski', 'blc070', 'wjhager2016', 'martin.f.majewski', 'catherinelis', 'centralfc', 'katherinekelly2016', 'xkirkham', 'jif139', 'jaydenmorrison2016', 'lrs329', 'grosen94', 'sarahnras', 'emg643', 'kamaddio', 'ianpiper', 'luke.mcdermott94', 'tiv941', 'fuckass', 'ahenschke', 'lcassens', 'eleonoraz98', 'nano1234', 'aewalters', 'bearman24', 'amakarova', 'sgellman', 'maddyk5', 'ajb885', 'annakwak', 'rockyfinn', 'derekchiu', 'anribrod', 'kps725', 'becvsc', 'kathleenjenkins2016', 'ggomez313', 'kelseygradwohl', 'fillie17', 'daa932', 'dchang416', 'tiernanmurrell', 'nida2014', 'williamgarrison2016', 'tfiorica', 'ajiang', 'hssbo', 'monicarose', 'arm878', 'nal819', 'alexkoh', 'has437', 'z_henry35', 'jamezfan', 'art860', 'jacobmin5', 'wcrim2016', 'jmwilson27', 'm.w.stemple', 'brianxicheng', 'zlv836', 'aho', 'slal16', 'leeebowitz', 'stepcald22', 'wjiang94', 'pkt904', 'arleenli', 'sottomeyer', 'juyoungkim94', 'valerie_thomas', 'smz509', 'malekassi22', 'mkelty', 'dorotamb', 'cohend', 'tlswan93', 'jzawadzki11', 'grayhackc17', 'jdbruce1', 'deionfoster', 'hma115', 'raudel555', 'akranjc', 'darmacanqui', 'xsong94', 'danielsangabino2016', 'lauramilstein', 'allisoncn', 'kep924', 'amitrakos', 'ddl139', 'bradherzog', 'rafaelhenriquez', 'osglopez', 'aeshay94', 'pauls124', 'codyschiffer', 'qiankuntan', 'mklennon', 'ericaminor2015', 'gracedodillet', 'libbyslosburg2016', 'dannacooperberg2016', 'ashleylim2016', 'emilyyau', 'shankiwi', 'jasonvignolo2016', 'svetaslavin', 'car978']"
1,36,218,244,218,"['jdp244', 'apgupta1193', 'miafrasca', 'paigeourada', 'aidanjenkins2012', 'agh498', 'ngparas', 'hannahjones', 'artichokey', 'ejspeyer', 'hanwal1', 'eseosaosaghae', 'ces598', 'siyuanyu', 'all598', 'rag834', 'slichtor', 'catherineiveslouter', 'tinavridhachalam2012', 'pwfranks2012', 'kylaprice27', 'janeko', 'afd43', 'jaf879', 'isaac0812', 'sophielweber', 'yucongzhang2016', 'hillaryt', 'samuelmadvig', 'nedralucas', 'nieyumeng', 'chelseafriesnu', 'scd256', 'lhenningsgaard', 'cpaton8', 'fsh712', 'kmr226', 'tsunami70875', 'kristimichels', 'mhbondy', 'jenny1024', 'ryandsimpson94', 'smwitkowski', 'blc070', 'wjhager2016', 'emilyr', 'martin.f.majewski', 'erineb750', 'flandersman', 'centralfc', 'charliehoffert', 'katherinekelly2016', 'pdtravan', 'nsl239', 'evanarmet2016', 'jyoon93', 'sch607', 'almuimui129', 'jaydenmorrison2016', 'sel892', 'lrs329', 'grosen94', 'sarahnras', 'emg643', 'kamaddio', 'ianpiper', 'luke.mcdermott94', 'kirkme', 'lesapt59', 'tiv941', 'davidwilliams2016', 'fuckass', 'ahenschke', 'roshanabid27', 'lcassens', 'nelsonschang', 'nano1234', 'aewalters', 'amakarova', 'ejh353', 'sgellman', 'maddyk5', 'annakwak', 'rockyfinn', 'derekchiu', 'anribrod', 'kps725', 'becvsc', 'kathleenjenkins2016', 'kylia100', 'ggomez313', 'acheatham', 'jcb102', 'kelseygradwohl', 'daa932', 'easteele', 'dchang416', 'tiernanmurrell', 'nida2014', 'williamgarrison2016', 'njo989', 'tfiorica', 'ajiang', 'samuelsam93', 'hssbo', 'arm878', 'angela711819', 'knam123', 'danikajoa', 'jleguineche', 'bethanie2911', 'nal819', 'alaamohamedali', 'juliannekurke', 'bwieg92', 'mgr544', 'alexkoh', 'has437', 'z_henry35', 'muddv1', 'sophiamfalmagne', 'nbg179', 'art860', 'wcrim2016', 'jmwilson27', 'bassoonist1719', 'm.w.stemple', 'brianxicheng', 'victoriazapchar', 'louisaxu', 'gdifrancesco', 'aho', 'slal16', 'mjp911', 'leeebowitz', '123chemistry', 'roy238', 'stepcald22', 'tjh978', 'wjiang94', 'pkt904', 'arleenli', 'sottomeyer', 'bslice1', 'chrishoward7', 'juyoungkim94', 'valerie_thomas', 'smz509', 'fortunato12', 'mkelty', 'dorotamb', 'cohend', 'tlswan93', 'jzawadzki11', 'grayhackc17', 'michaelworthington', 'kaihugstrees', 'jprp71', 'michaeljh', 'jmnatalie', 'danielfk', 'sk2016', 'jdbruce1', 'deionfoster', 'grahamwinston', 'mmk277', 'een645', 'hma115', 'jdle', 'raudel555', 'akranjc', 'raschneider', 'jay19', 'darmacanqui', 'xsong94', 'lauramilstein', 'lincoli', 'allisoncn', 'jennaisbell31', 'nmartinez2238', 'mrenner7', 'cphillips2b5h4q', 'map704', 'amitrakos', 'ddl139', 'shanrahan', 'bradherzog', 'rafaelhenriquez', 'jbascom24', 'acadiak', 'michaelkoho', 'osglopez', 'jae945', 'aeshay94', 'pauls124', 'ahx003', 'madelinedeysine2016', 'lukeolney', 'jaerae', 'qiankuntan', 'mklennon', 'gracedodillet', 'zkivitz', 'libbyslosburg2016', 'jmf145', 'dannacooperberg2016', 'ashleylim2016', 'emilyyau', 'tomoko', 'shankiwi', 'mjc401', 'svetaslavin', 'seiu', 'aag794', 'dmotel', 'car978', 'chembaby', 'epshanker']",0,[],26,"['amikol', 'evejak', 'zlv836', 'cmt332', 'saracrane', 'kmp511', 'sammarano17', 'mcscoles', 'hayleymarie', 'kma542', 'aserrano25', 'kfranco619', 'ideramos', 'matt.giuffre17', 'sasquatchcas', 'jacksonweisman', 'catherinelis', None, 'dorlander', 'nehagreddy', 'gksam10', 'natmaj23', 'campric12', 'ajm012', 'nwolfenzon', 'patzhou2016']",244,"['jdp244', 'ngparas', 'evejak', 'hanwal1', 'eseosaosaghae', 'siyuanyu', 'rag834', 'slichtor', 'catherineiveslouter', 'jaf879', 'yucongzhang2016', 'samuelmadvig', 'nedralucas', 'aserrano25', 'nieyumeng', 'chelseafriesnu', 'fsh712', 'tsunami70875', 'kristimichels', 'mhbondy', 'ryandsimpson94', 'emilyr', 'erineb750', 'flandersman', 'charliehoffert', 'pdtravan', 'nsl239', 'evanarmet2016', 'jyoon93', 'sch607', 'almuimui129', 'sel892', 'kirkme', 'lesapt59', 'davidwilliams2016', 'amikol', 'roshanabid27', 'cmt332', 'nelsonschang', 'saracrane', 'ejh353', 'kylia100', 'acheatham', 'jcb102', 'easteele', 'njo989', 'samuelsam93', 'danikajoa', 'angela711819', 'knam123', 'jacksonweisman', 'jleguineche', 'bethanie2911', 'alaamohamedali', 'nehagreddy', 'juliannekurke', 'bwieg92', 'mgr544', 'muddv1', 'sophiamfalmagne', 'nwolfenzon', 'nbg179', 'patzhou2016', 'bassoonist1719', 'victoriazapchar', 'louisaxu', 'gdifrancesco', 'mjp911', '123chemistry', 'roy238', 'tjh978', 'bslice1', 'chrishoward7', 'fortunato12', 'michaelworthington', 'kaihugstrees', 'jprp71', 'dorlander', 'michaeljh', 'jmnatalie', 'danielfk', 'sk2016', 'grahamwinston', 'mmk277', 'een645', 'jdle', 'raschneider', 'jay19', 'lincoli', 'jennaisbell31', 'nmartinez2238', 'mrenner7', 'cphillips2b5h4q', 'map704', 'shanrahan', 'kfranco619', 'jbascom24', 'acadiak', 'michaelkoho', 'matt.giuffre17', 'jae945', 'ahx003', 'madelinedeysine2016', 'lukeolney', 'jaerae', 'zkivitz', 'jmf145', 'gksam10', 'tomoko', 'mjc401', 'seiu', 'aag794', 'dmotel', 'chembaby', 'epshanker', 'natmaj23', 'miafrasca', 'paigeourada', 'apgupta1193', 'aidanjenkins2012', 'agh498', 'hannahjones', 'artichokey', 'ejspeyer', 'ces598', 'all598', 'tinavridhachalam2012', 'pwfranks2012', 'sammarano17', 'kylaprice27', 'janeko', 'afd43', 'hayleymarie', 'isaac0812', 'sophielweber', 'kma542', 'cpaton8', 'hillaryt', 'scd256', 'lhenningsgaard', 'ideramos', 'kmr226', 'jenny1024', 'smwitkowski', 'blc070', 'wjhager2016', 'martin.f.majewski', 'catherinelis', 'centralfc', 'katherinekelly2016', 'jaydenmorrison2016', 'lrs329', 'grosen94', 'sarahnras', 'emg643', 'kamaddio', 'ianpiper', 'luke.mcdermott94', 'tiv941', 'fuckass', 'ahenschke', 'lcassens', 'nano1234', 'aewalters', 'amakarova', 'sgellman', 'maddyk5', 'annakwak', 'rockyfinn', 'derekchiu', 'anribrod', 'kps725', 'becvsc', 'mcscoles', 'kathleenjenkins2016', 'ggomez313', 'kelseygradwohl', 'daa932', 'dchang416', 'tiernanmurrell', 'nida2014', 'williamgarrison2016', 'tfiorica', 'ajiang', 'hssbo', 'sasquatchcas', 'arm878', None, 'nal819', 'campric12', 'alexkoh', 'has437', 'z_henry35', 'art860', 'wcrim2016', 'jmwilson27', 'm.w.stemple', 'brianxicheng', 'zlv836', 'aho', 'slal16', 'leeebowitz', 'stepcald22', 'wjiang94', 'kmp511', 'pkt904', 'arleenli', 'sottomeyer', 'juyoungkim94', 'valerie_thomas', 'smz509', 'mkelty', 'dorotamb', 'cohend', 'tlswan93', 'jzawadzki11', 'grayhackc17', 'ajm012', 'jdbruce1', 'deionfoster', 'hma115', 'raudel555', 'akranjc', 'darmacanqui', 'xsong94', 'lauramilstein', 'allisoncn', 'amitrakos', 'ddl139', 'bradherzog', 'rafaelhenriquez', 'osglopez', 'aeshay94', 'pauls124', 'qiankuntan', 'mklennon', 'gracedodillet', 'libbyslosburg2016', 'dannacooperberg2016', 'ashleylim2016', 'emilyyau', 'shankiwi', 'svetaslavin', 'car978']"
1,202,218,59,1,['darmacanqui'],217,"['jdp244', 'apgupta1193', 'miafrasca', 'paigeourada', 'aidanjenkins2012', 'agh498', 'ngparas', 'hannahjones', 'artichokey', 'ejspeyer', 'hanwal1', 'eseosaosaghae', 'ces598', 'siyuanyu', 'all598', 'rag834', 'slichtor', 'catherineiveslouter', 'tinavridhachalam2012', 'pwfranks2012', 'kylaprice27', 'janeko', 'afd43', 'jaf879', 'isaac0812', 'sophielweber', 'yucongzhang2016', 'hillaryt', 'samuelmadvig', 'nedralucas', 'nieyumeng', 'chelseafriesnu', 'scd256', 'lhenningsgaard', 'cpaton8', 'fsh712', 'kmr226', 'tsunami70875', 'kristimichels', 'mhbondy', 'jenny1024', 'ryandsimpson94', 'smwitkowski', 'blc070', 'wjhager2016', 'emilyr', 'martin.f.majewski', 'erineb750', 'flandersman', 'centralfc', 'charliehoffert', 'katherinekelly2016', 'pdtravan', 'nsl239', 'evanarmet2016', 'jyoon93', 'sch607', 'almuimui129', 'jaydenmorrison2016', 'sel892', 'lrs329', 'grosen94', 'sarahnras', 'emg643', 'kamaddio', 'ianpiper', 'luke.mcdermott94', 'kirkme', 'lesapt59', 'tiv941', 'davidwilliams2016', 'fuckass', 'ahenschke', 'roshanabid27', 'lcassens', 'nelsonschang', 'nano1234', 'aewalters', 'amakarova', 'ejh353', 'sgellman', 'maddyk5', 'annakwak', 'rockyfinn', 'derekchiu', 'anribrod', 'kps725', 'becvsc', 'kathleenjenkins2016', 'kylia100', 'ggomez313', 'acheatham', 'jcb102', 'kelseygradwohl', 'daa932', 'easteele', 'dchang416', 'tiernanmurrell', 'nida2014', 'williamgarrison2016', 'njo989', 'tfiorica', 'ajiang', 'samuelsam93', 'hssbo', 'arm878', 'angela711819', 'knam123', 'danikajoa', 'jleguineche', 'bethanie2911', 'nal819', 'alaamohamedali', 'juliannekurke', 'bwieg92', 'mgr544', 'alexkoh', 'has437', 'z_henry35', 'muddv1', 'sophiamfalmagne', 'nbg179', 'art860', 'wcrim2016', 'jmwilson27', 'bassoonist1719', 'm.w.stemple', 'brianxicheng', 'victoriazapchar', 'louisaxu', 'gdifrancesco', 'aho', 'slal16', 'mjp911', 'leeebowitz', '123chemistry', 'roy238', 'stepcald22', 'tjh978', 'wjiang94', 'pkt904', 'arleenli', 'sottomeyer', 'bslice1', 'chrishoward7', 'juyoungkim94', 'valerie_thomas', 'smz509', 'fortunato12', 'mkelty', 'dorotamb', 'cohend', 'tlswan93', 'jzawadzki11', 'grayhackc17', 'michaelworthington', 'kaihugstrees', 'jprp71', 'michaeljh', 'jmnatalie', 'danielfk', 'sk2016', 'jdbruce1', 'deionfoster', 'grahamwinston', 'mmk277', 'een645', 'hma115', 'jdle', 'raudel555', 'akranjc', 'raschneider', 'jay19', 'xsong94', 'lauramilstein', 'lincoli', 'allisoncn', 'jennaisbell31', 'nmartinez2238', 'mrenner7', 'cphillips2b5h4q', 'map704', 'amitrakos', 'ddl139', 'shanrahan', 'bradherzog', 'rafaelhenriquez', 'jbascom24', 'acadiak', 'michaelkoho', 'osglopez', 'jae945', 'aeshay94', 'pauls124', 'ahx003', 'madelinedeysine2016', 'lukeolney', 'jaerae', 'qiankuntan', 'mklennon', 'gracedodillet', 'zkivitz', 'libbyslosburg2016', 'jmf145', 'dannacooperberg2016', 'ashleylim2016', 'emilyyau', 'tomoko', 'shankiwi', 'mjc401', 'svetaslavin', 'seiu', 'aag794', 'dmotel', 'car978', 'chembaby', 'epshanker']",58,"['kmccotter', 'ajdiamo', 'sepd22', 'kyle1234567', 'abaum', 'ehrlicher', 'cmakarioupikis', 'jlubin', 'danielbstern', 'cecelio', 'wmcclain', 'njustinien', 'mjb005', 'prithag', 'zlv836', 'lpatel911', 'clorenc1', 'tstringer', 'stephen286', 'asoderberg', 'cps502', 'kwhitney', 'brodichok', 'hbartusek', 'jam825', 'cvalukas', 'mpoliwka', 'krystiomara', 'lgoertzen', 'mholtzm2', 'ndeastham', 'epinhei2', 'hameeds2', 'ideramos', 'goldie5585', 'kkrzosek', 'lbezdek', 'slubin', 'nramanujam', 'erice', None, 'ahosack', 'emullen', 'psarnacki', 'dorlander', 'jbomer', 'gky158', 'kljaichj2', 'idnu', 'ekocanda', 'cschmitt502', 'jmy079', 'lmadison13', 'bjohnson', 'nwolfenzon', 'klemkau', 'daiken', 'jorisc4']",276,"['jdp244', 'miafrasca', 'paigeourada', 'apgupta1193', 'aidanjenkins2012', 'kyle1234567', 'agh498', 'ngparas', 'jlubin', 'hannahjones', 'artichokey', 'ejspeyer', 'hanwal1', 'eseosaosaghae', 'ces598', 'siyuanyu', 'wmcclain', 'rag834', 'all598', 'lpatel911', 'slichtor', 'catherineiveslouter', 'tinavridhachalam2012', 'cps502', 'pwfranks2012', 'brodichok', 'kylaprice27', 'janeko', 'afd43', 'cvalukas', 'jaf879', 'isaac0812', 'sophielweber', 'yucongzhang2016', 'hillaryt', 'samuelmadvig', 'nedralucas', 'nieyumeng', 'chelseafriesnu', 'scd256', 'lhenningsgaard', 'cpaton8', 'fsh712', 'mholtzm2', 'kmr226', 'tsunami70875', 'kristimichels', 'mhbondy', 'ideramos', 'jenny1024', 'lbezdek', 'ryandsimpson94', 'smwitkowski', 'blc070', 'wjhager2016', 'emilyr', 'martin.f.majewski', 'erineb750', 'flandersman', 'centralfc', 'charliehoffert', 'emullen', 'katherinekelly2016', 'pdtravan', 'nsl239', 'evanarmet2016', 'jyoon93', 'sch607', 'almuimui129', 'jaydenmorrison2016', 'sel892', 'lrs329', 'grosen94', 'sarahnras', 'emg643', 'kamaddio', 'daiken', 'hameeds2', 'stephen286', 'ianpiper', 'luke.mcdermott94', 'kirkme', 'lesapt59', 'tiv941', 'davidwilliams2016', 'abaum', 'fuckass', 'ahenschke', 'roshanabid27', 'lcassens', 'mjb005', 'nelsonschang', 'nano1234', 'aewalters', 'amakarova', 'ejh353', 'sgellman', 'maddyk5', 'annakwak', 'rockyfinn', 'asoderberg', 'derekchiu', 'anribrod', 'kps725', 'becvsc', 'jam825', 'kathleenjenkins2016', 'kylia100', 'ggomez313', 'acheatham', 'jcb102', 'kelseygradwohl', 'lgoertzen', 'daa932', 'easteele', 'dchang416', 'tiernanmurrell', 'nida2014', 'williamgarrison2016', 'njo989', 'tfiorica', 'slubin', 'ajiang', 'samuelsam93', 'hssbo', 'arm878', 'angela711819', 'knam123', 'danikajoa', None, 'jleguineche', 'bethanie2911', 'nal819', 'alaamohamedali', 'kljaichj2', 'juliannekurke', 'bwieg92', 'mgr544', 'cschmitt502', 'alexkoh', 'has437', 'z_henry35', 'muddv1', 'sophiamfalmagne', 'lmadison13', 'bjohnson', 'nwolfenzon', 'nbg179', 'art860', 'jorisc4', 'wcrim2016', 'jmwilson27', 'kmccotter', 'bassoonist1719', 'm.w.stemple', 'cmakarioupikis', 'danielbstern', 'brianxicheng', 'victoriazapchar', 'louisaxu', 'cecelio', 'njustinien', 'prithag', 'zlv836', 'gdifrancesco', 'aho', 'slal16', 'mjp911', 'leeebowitz', '123chemistry', 'roy238', 'stepcald22', 'tjh978', 'wjiang94', 'pkt904', 'hbartusek', 'arleenli', 'sottomeyer', 'bslice1', 'chrishoward7', 'juyoungkim94', 'valerie_thomas', 'smz509', 'goldie5585', 'fortunato12', 'mkelty', 'kkrzosek', 'dorotamb', 'erice', 'cohend', 'tlswan93', 'jzawadzki11', 'grayhackc17', 'ahosack', 'gky158', 'michaelworthington', 'kaihugstrees', 'jprp71', 'psarnacki', 'dorlander', 'jbomer', 'michaeljh', 'idnu', 'ekocanda', 'jmy079', 'jmnatalie', 'danielfk', 'sk2016', 'jdbruce1', 'deionfoster', 'grahamwinston', 'mmk277', 'een645', 'hma115', 'ajdiamo', 'jdle', 'sepd22', 'raudel555', 'akranjc', 'ehrlicher', 'raschneider', 'jay19', 'darmacanqui', 'xsong94', 'clorenc1', 'lauramilstein', 'lincoli', 'tstringer', 'allisoncn', 'jennaisbell31', 'nmartinez2238', 'mrenner7', 'kwhitney', 'cphillips2b5h4q', 'map704', 'amitrakos', 'mpoliwka', 'ddl139', 'shanrahan', 'bradherzog', 'krystiomara', 'rafaelhenriquez', 'ndeastham', 'jbascom24', 'acadiak', 'epinhei2', 'michaelkoho', 'osglopez', 'jae945', 'aeshay94', 'pauls124', 'nramanujam', 'ahx003', 'madelinedeysine2016', 'lukeolney', 'jaerae', 'qiankuntan', 'mklennon', 'gracedodillet', 'zkivitz', 'libbyslosburg2016', 'jmf145', 'dannacooperberg2016', 'ashleylim2016', 'emilyyau', 'tomoko', 'shankiwi', 'mjc401', 'svetaslavin', 'seiu', 'aag794', 'dmotel', 'car978', 'chembaby', 'klemkau', 'epshanker']"
1,159,218,15,10,"['libbyslosburg2016', 'dannacooperberg2016', 'juyoungkim94', 'agh498', 'map704', 'madelinedeysine2016', 'art860', 'slichtor', 'rafaelhenriquez', 'scd256']",208,"['jdp244', 'miafrasca', 'paigeourada', 'apgupta1193', 'aidanjenkins2012', 'ngparas', 'hannahjones', 'artichokey', 'ejspeyer', 'hanwal1', 'eseosaosaghae', 'ces598', 'siyuanyu', 'rag834', 'all598', 'catherineiveslouter', 'tinavridhachalam2012', 'pwfranks2012', 'kylaprice27', 'janeko', 'afd43', 'jaf879', 'isaac0812', 'sophielweber', 'yucongzhang2016', 'hillaryt', 'samuelmadvig', 'nedralucas', 'nieyumeng', 'chelseafriesnu', 'lhenningsgaard', 'cpaton8', 'fsh712', 'kmr226', 'tsunami70875', 'kristimichels', 'mhbondy', 'jenny1024', 'ryandsimpson94', 'smwitkowski', 'blc070', 'wjhager2016', 'emilyr', 'martin.f.majewski', 'erineb750', 'flandersman', 'centralfc', 'charliehoffert', 'katherinekelly2016', 'pdtravan', 'nsl239', 'evanarmet2016', 'jyoon93', 'sch607', 'almuimui129', 'jaydenmorrison2016', 'sel892', 'lrs329', 'grosen94', 'sarahnras', 'emg643', 'kamaddio', 'ianpiper', 'luke.mcdermott94', 'kirkme', 'lesapt59', 'tiv941', 'davidwilliams2016', 'fuckass', 'ahenschke', 'roshanabid27', 'lcassens', 'nelsonschang', 'nano1234', 'aewalters', 'amakarova', 'ejh353', 'sgellman', 'maddyk5', 'annakwak', 'rockyfinn', 'derekchiu', 'anribrod', 'kps725', 'becvsc', 'kathleenjenkins2016', 'kylia100', 'ggomez313', 'acheatham', 'jcb102', 'kelseygradwohl', 'daa932', 'easteele', 'dchang416', 'tiernanmurrell', 'nida2014', 'williamgarrison2016', 'njo989', 'tfiorica', 'ajiang', 'samuelsam93', 'hssbo', 'arm878', 'angela711819', 'knam123', 'danikajoa', 'jleguineche', 'bethanie2911', 'nal819', 'alaamohamedali', 'juliannekurke', 'bwieg92', 'mgr544', 'alexkoh', 'has437', 'z_henry35', 'muddv1', 'sophiamfalmagne', 'nbg179', 'wcrim2016', 'jmwilson27', 'bassoonist1719', 'm.w.stemple', 'brianxicheng', 'victoriazapchar', 'louisaxu', 'gdifrancesco', 'aho', 'slal16', 'mjp911', 'leeebowitz', '123chemistry', 'roy238', 'stepcald22', 'tjh978', 'wjiang94', 'pkt904', 'arleenli', 'sottomeyer', 'bslice1', 'chrishoward7', 'valerie_thomas', 'smz509', 'fortunato12', 'mkelty', 'dorotamb', 'cohend', 'tlswan93', 'jzawadzki11', 'grayhackc17', 'michaelworthington', 'kaihugstrees', 'jprp71', 'michaeljh', 'jmnatalie', 'danielfk', 'sk2016', 'jdbruce1', 'deionfoster', 'grahamwinston', 'mmk277', 'een645', 'hma115', 'jdle', 'raudel555', 'akranjc', 'raschneider', 'jay19', 'darmacanqui', 'xsong94', 'lauramilstein', 'lincoli', 'allisoncn', 'jennaisbell31', 'nmartinez2238', 'mrenner7', 'cphillips2b5h4q', 'amitrakos', 'ddl139', 'shanrahan', 'bradherzog', 'jbascom24', 'acadiak', 'michaelkoho', 'osglopez', 'jae945', 'aeshay94', 'pauls124', 'ahx003', 'lukeolney', 'jaerae', 'qiankuntan', 'mklennon', 'gracedodillet', 'zkivitz', 'jmf145', 'ashleylim2016', 'emilyyau', 'tomoko', 'shankiwi', 'mjc401', 'svetaslavin', 'seiu', 'aag794', 'dmotel', 'car978', 'chembaby', 'epshanker']",5,"['body6000', 'adriannew', 'rfb508', None, 'patzhou2016']",223,"['jdp244', 'miafrasca', 'paigeourada', 'apgupta1193', 'aidanjenkins2012', 'agh498', 'ngparas', 'hannahjones', 'artichokey', 'ejspeyer', 'hanwal1', 'eseosaosaghae', 'ces598', 'siyuanyu', 'rag834', 'all598', 'slichtor', 'catherineiveslouter', 'tinavridhachalam2012', 'pwfranks2012', 'kylaprice27', 'janeko', 'afd43', 'jaf879', 'isaac0812', 'sophielweber', 'yucongzhang2016', 'hillaryt', 'samuelmadvig', 'nedralucas', 'nieyumeng', 'chelseafriesnu', 'scd256', 'lhenningsgaard', 'cpaton8', 'fsh712', 'kmr226', 'tsunami70875', 'kristimichels', 'mhbondy', 'jenny1024', 'ryandsimpson94', 'smwitkowski', 'blc070', 'wjhager2016', 'emilyr', 'martin.f.majewski', 'erineb750', 'flandersman', 'centralfc', 'charliehoffert', 'katherinekelly2016', 'pdtravan', 'nsl239', 'evanarmet2016', 'jyoon93', 'sch607', 'almuimui129', 'jaydenmorrison2016', 'sel892', 'lrs329', 'grosen94', 'sarahnras', 'emg643', 'kamaddio', 'ianpiper', 'luke.mcdermott94', 'kirkme', 'lesapt59', 'tiv941', 'davidwilliams2016', 'adriannew', 'fuckass', 'ahenschke', 'roshanabid27', 'rfb508', 'lcassens', 'nelsonschang', 'nano1234', 'aewalters', 'amakarova', 'ejh353', 'sgellman', 'maddyk5', 'annakwak', 'rockyfinn', 'derekchiu', 'anribrod', 'kps725', 'becvsc', 'kathleenjenkins2016', 'kylia100', 'ggomez313', 'acheatham', 'jcb102', 'kelseygradwohl', 'daa932', 'easteele', 'dchang416', 'tiernanmurrell', 'nida2014', 'williamgarrison2016', 'njo989', 'tfiorica', 'ajiang', 'samuelsam93', 'hssbo', 'arm878', 'angela711819', 'knam123', 'danikajoa', None, 'jleguineche', 'bethanie2911', 'nal819', 'alaamohamedali', 'juliannekurke', 'bwieg92', 'mgr544', 'alexkoh', 'has437', 'z_henry35', 'muddv1', 'sophiamfalmagne', 'nbg179', 'art860', 'wcrim2016', 'jmwilson27', 'patzhou2016', 'bassoonist1719', 'm.w.stemple', 'brianxicheng', 'victoriazapchar', 'louisaxu', 'gdifrancesco', 'aho', 'slal16', 'mjp911', 'leeebowitz', '123chemistry', 'roy238', 'stepcald22', 'tjh978', 'wjiang94', 'pkt904', 'arleenli', 'sottomeyer', 'bslice1', 'chrishoward7', 'juyoungkim94', 'valerie_thomas', 'smz509', 'fortunato12', 'mkelty', 'dorotamb', 'cohend', 'tlswan93', 'jzawadzki11', 'grayhackc17', 'michaelworthington', 'kaihugstrees', 'jprp71', 'michaeljh', 'jmnatalie', 'danielfk', 'sk2016', 'jdbruce1', 'deionfoster', 'grahamwinston', 'mmk277', 'een645', 'hma115', 'jdle', 'body6000', 'raudel555', 'akranjc', 'raschneider', 'jay19', 'darmacanqui', 'xsong94', 'lauramilstein', 'lincoli', 'allisoncn', 'jennaisbell31', 'nmartinez2238', 'mrenner7', 'cphillips2b5h4q', 'map704', 'amitrakos', 'ddl139', 'shanrahan', 'bradherzog', 'rafaelhenriquez', 'jbascom24', 'acadiak', 'michaelkoho', 'osglopez', 'jae945', 'aeshay94', 'pauls124', 'ahx003', 'madelinedeysine2016', 'lukeolney', 'jaerae', 'qiankuntan', 'mklennon', 'gracedodillet', 'zkivitz', 'libbyslosburg2016', 'jmf145', 'dannacooperberg2016', 'ashleylim2016', 'emilyyau', 'tomoko', 'shankiwi', 'mjc401', 'svetaslavin', 'seiu', 'aag794', 'dmotel', 'car978', 'chembaby', 'epshanker']"
1,247,218,12,4,"['cohend', 'lcassens', 'fuckass', 'chelseafriesnu']",214,"['jdp244', 'miafrasca', 'paigeourada', 'apgupta1193', 'aidanjenkins2012', 'agh498', 'ngparas', 'hannahjones', 'artichokey', 'ejspeyer', 'hanwal1', 'eseosaosaghae', 'ces598', 'siyuanyu', 'rag834', 'all598', 'slichtor', 'catherineiveslouter', 'tinavridhachalam2012', 'pwfranks2012', 'kylaprice27', 'janeko', 'afd43', 'jaf879', 'isaac0812', 'sophielweber', 'yucongzhang2016', 'hillaryt', 'samuelmadvig', 'nedralucas', 'nieyumeng', 'scd256', 'lhenningsgaard', 'cpaton8', 'fsh712', 'kmr226', 'tsunami70875', 'kristimichels', 'mhbondy', 'jenny1024', 'ryandsimpson94', 'smwitkowski', 'blc070', 'wjhager2016', 'emilyr', 'martin.f.majewski', 'erineb750', 'flandersman', 'centralfc', 'charliehoffert', 'katherinekelly2016', 'pdtravan', 'nsl239', 'evanarmet2016', 'jyoon93', 'sch607', 'almuimui129', 'jaydenmorrison2016', 'sel892', 'lrs329', 'grosen94', 'sarahnras', 'emg643', 'kamaddio', 'ianpiper', 'luke.mcdermott94', 'kirkme', 'lesapt59', 'tiv941', 'davidwilliams2016', 'ahenschke', 'roshanabid27', 'nelsonschang', 'nano1234', 'aewalters', 'amakarova', 'ejh353', 'sgellman', 'maddyk5', 'annakwak', 'rockyfinn', 'derekchiu', 'anribrod', 'kps725', 'becvsc', 'kathleenjenkins2016', 'kylia100', 'ggomez313', 'acheatham', 'jcb102', 'kelseygradwohl', 'daa932', 'easteele', 'dchang416', 'tiernanmurrell', 'nida2014', 'williamgarrison2016', 'njo989', 'tfiorica', 'ajiang', 'samuelsam93', 'hssbo', 'arm878', 'angela711819', 'knam123', 'danikajoa', 'jleguineche', 'bethanie2911', 'nal819', 'alaamohamedali', 'juliannekurke', 'bwieg92', 'mgr544', 'alexkoh', 'has437', 'z_henry35', 'muddv1', 'sophiamfalmagne', 'nbg179', 'art860', 'wcrim2016', 'jmwilson27', 'bassoonist1719', 'm.w.stemple', 'brianxicheng', 'victoriazapchar', 'louisaxu', 'gdifrancesco', 'aho', 'slal16', 'mjp911', 'leeebowitz', '123chemistry', 'roy238', 'stepcald22', 'tjh978', 'wjiang94', 'pkt904', 'arleenli', 'sottomeyer', 'bslice1', 'chrishoward7', 'juyoungkim94', 'valerie_thomas', 'smz509', 'fortunato12', 'mkelty', 'dorotamb', 'tlswan93', 'jzawadzki11', 'grayhackc17', 'michaelworthington', 'kaihugstrees', 'jprp71', 'michaeljh', 'jmnatalie', 'danielfk', 'sk2016', 'jdbruce1', 'deionfoster', 'grahamwinston', 'mmk277', 'een645', 'hma115', 'jdle', 'raudel555', 'akranjc', 'raschneider', 'jay19', 'darmacanqui', 'xsong94', 'lauramilstein', 'lincoli', 'allisoncn', 'jennaisbell31', 'nmartinez2238', 'mrenner7', 'cphillips2b5h4q', 'map704', 'amitrakos', 'ddl139', 'shanrahan', 'bradherzog', 'rafaelhenriquez', 'jbascom24', 'acadiak', 'michaelkoho', 'osglopez', 'jae945', 'aeshay94', 'pauls124', 'ahx003', 'madelinedeysine2016', 'lukeolney', 'jaerae', 'qiankuntan', 'mklennon', 'gracedodillet', 'zkivitz', 'libbyslosburg2016', 'jmf145', 'dannacooperberg2016', 'ashleylim2016', 'emilyyau', 'tomoko', 'shankiwi', 'mjc401', 'svetaslavin', 'seiu', 'aag794', 'dmotel', 'car978', 'chembaby', 'epshanker']",8,"['kbuitano', 'malekassi22', 'ajm012', 'hayleymarie', 'reannadurbin2016', 'catherinelis', None, 'patzhou2016']",226,"['jdp244', 'miafrasca', 'paigeourada', 'apgupta1193', 'aidanjenkins2012', 'agh498', 'ngparas', 'hannahjones', 'artichokey', 'ejspeyer', 'hanwal1', 'eseosaosaghae', 'ces598', 'siyuanyu', 'rag834', 'all598', 'slichtor', 'catherineiveslouter', 'tinavridhachalam2012', 'pwfranks2012', 'kylaprice27', 'janeko', 'afd43', 'hayleymarie', 'jaf879', 'isaac0812', 'sophielweber', 'reannadurbin2016', 'yucongzhang2016', 'hillaryt', 'samuelmadvig', 'nedralucas', 'nieyumeng', 'chelseafriesnu', 'scd256', 'lhenningsgaard', 'cpaton8', 'fsh712', 'kmr226', 'tsunami70875', 'kristimichels', 'mhbondy', 'jenny1024', 'ryandsimpson94', 'smwitkowski', 'blc070', 'wjhager2016', 'emilyr', 'martin.f.majewski', 'erineb750', 'catherinelis', 'flandersman', 'centralfc', 'charliehoffert', 'katherinekelly2016', 'pdtravan', 'nsl239', 'evanarmet2016', 'jyoon93', 'sch607', 'almuimui129', 'jaydenmorrison2016', 'sel892', 'lrs329', 'grosen94', 'sarahnras', 'emg643', 'kamaddio', 'ianpiper', 'luke.mcdermott94', 'kirkme', 'lesapt59', 'tiv941', 'davidwilliams2016', 'fuckass', 'ahenschke', 'roshanabid27', 'lcassens', 'nelsonschang', 'nano1234', 'aewalters', 'amakarova', 'ejh353', 'sgellman', 'maddyk5', 'annakwak', 'rockyfinn', 'derekchiu', 'anribrod', 'kps725', 'becvsc', 'kathleenjenkins2016', 'kylia100', 'ggomez313', 'acheatham', 'jcb102', 'kelseygradwohl', 'daa932', 'easteele', 'dchang416', 'tiernanmurrell', 'nida2014', 'williamgarrison2016', 'njo989', 'tfiorica', 'ajiang', 'samuelsam93', 'hssbo', 'arm878', 'angela711819', 'knam123', 'danikajoa', None, 'jleguineche', 'bethanie2911', 'nal819', 'alaamohamedali', 'juliannekurke', 'bwieg92', 'mgr544', 'alexkoh', 'has437', 'z_henry35', 'muddv1', 'sophiamfalmagne', 'nbg179', 'art860', 'wcrim2016', 'jmwilson27', 'patzhou2016', 'bassoonist1719', 'm.w.stemple', 'brianxicheng', 'victoriazapchar', 'louisaxu', 'gdifrancesco', 'aho', 'slal16', 'mjp911', 'leeebowitz', '123chemistry', 'roy238', 'stepcald22', 'tjh978', 'wjiang94', 'pkt904', 'arleenli', 'sottomeyer', 'bslice1', 'chrishoward7', 'juyoungkim94', 'valerie_thomas', 'smz509', 'kbuitano', 'malekassi22', 'fortunato12', 'mkelty', 'dorotamb', 'cohend', 'tlswan93', 'jzawadzki11', 'grayhackc17', 'michaelworthington', 'kaihugstrees', 'jprp71', 'michaeljh', 'ajm012', 'jmnatalie', 'danielfk', 'sk2016', 'jdbruce1', 'deionfoster', 'grahamwinston', 'mmk277', 'een645', 'hma115', 'jdle', 'raudel555', 'akranjc', 'raschneider', 'jay19', 'darmacanqui', 'xsong94', 'lauramilstein', 'lincoli', 'allisoncn', 'jennaisbell31', 'nmartinez2238', 'mrenner7', 'cphillips2b5h4q', 'map704', 'amitrakos', 'ddl139', 'shanrahan', 'bradherzog', 'rafaelhenriquez', 'jbascom24', 'acadiak', 'michaelkoho', 'osglopez', 'jae945', 'aeshay94', 'pauls124', 'ahx003', 'madelinedeysine2016', 'lukeolney', 'jaerae', 'qiankuntan', 'mklennon', 'gracedodillet', 'zkivitz', 'libbyslosburg2016', 'jmf145', 'dannacooperberg2016', 'ashleylim2016', 'emilyyau', 'tomoko', 'shankiwi', 'mjc401', 'svetaslavin', 'seiu', 'aag794', 'dmotel', 'car978', 'chembaby', 'epshanker']"
2,216,129,126,88,"['shuoli1', 'zheng41', 'tigerzhua', 'hyang49', 'lchuang3', 'marvadar', 'oneill26', 'tanshi1', 'findlay1', 'yuantingnan', 'plange4', 'ak_tennis77', 'stuone19', 'xia11', 'klepits2', 'dcoombs4', 'froxis820', 'schroe35', 'zqazi1', 'pmpark2', 'davis117', 'jincros0123', 'saiyan86', 'buie1', 'jiangao1', 'tkim26', 'nanshizi', 'lesha_44', 'lunaholik', 'saranto2', 'biesboe2', 'yctu', 'dgskwirut', 'xunchen2', 'grace3050', 'jlee455', 'dusxks507', 'cui6', 'jonaskurniawan92', 'jung17', 'jshin17', 'swearen1', 'chadzy64', 'michalprys', 'sultanabdal', 'armstr13', 'bansal6', 'logsdon404', 'enj666', 'adonislin', 'jpllinas', 'kashev', 'sbuercklin', 'deguzma1', 'arsh92', 'bojdell', 'collin27', 'adalton2', 'kyhan2', 'xiaoshi', 'zero0', 'yng5', 'lin171', 'sharklaser1', 'binyeli2', 'mscafi2', 'semiconducthunter', 'dgoldstein', 'akatsulis', 'loepker1', 'zliao5', 'ravi7', 'fishbec1', 'bfoo2', 'jiangzhouliu1', 'byerke2', 'tzhu13', 'tatuhiro', 'chan85', 'siyueli2', 'loutiyang1', 'smtanaka', 'slyjedi13', 'mrgzg1', 'mynameisniu', 'jensen26', 'tschop2', 'kolze100']",40,"['beltran8', 'jhabegger', 'xuzhi92', 'deruty', 'chw2006', 'sgrand2', 'pierzch1', 'jluzin2', 'mehta32', 'mrjohns42', 'baitiko1', 'malak577', 'ty32', 'patel162', 'cawatki2', 'nhk150709', 'twgreen2', 'glabelle13', 'sigler4', 'clu11', 'jimmyrey6857', 'hruska3', 'mkennedy3000', 'west14', 'a2140416', 'clu24', 'chembur1', 'benzhou1', 'kwilli57', 'vtseng2', 'watts4', 'puent1', 'sivaram2', 'jphogan', 'meier3', 'simmi', 'shaffy', 'anv1', 'mahowal2', 'rohan322']",38,"['buris1', 'cburis243', 'niranjana123', 'won9', 'slee118', 'strasbe1', 'etr', 'vwu120', 'poopiepie', 'hganesa2', 'freshandclean', 'limiard23', 'paradox116', 'musicman116', 'kwh1210', 'pillari3', 'xduan7', 'banothu1', 'ramakri1', 'altman1990', 'todi2', 'dvncrtr', 'kapauan1', 'hermesg', 'hazypensieve', None, 'frey929', 'rmeyer429', 'min16', 'jchoi110', 'rainbowdash', 'huynh8', 'zerocs', 'cococo524', 'asnair2', 'smith143', 'yzhou19', 'sg41414']",166,"['xuzhi92', 'shuoli1', 'zheng41', 'tigerzhua', 'mehta32', 'hyang49', 'lchuang3', 'marvadar', 'ty32', 'patel162', 'musicman116', 'oneill26', 'tanshi1', 'pillari3', 'findlay1', 'yuantingnan', 'twgreen2', 'plange4', 'glabelle13', 'xduan7', 'ak_tennis77', 'jimmyrey6857', 'stuone19', 'a2140416', 'xia11', 'west14', 'clu24', 'todi2', 'kapauan1', 'hermesg', 'hazypensieve', 'klepits2', 'benzhou1', 'kwilli57', 'dcoombs4', 'froxis820', 'schroe35', 'watts4', 'puent1', 'zqazi1', 'pmpark2', 'davis117', 'cococo524', 'jincros0123', 'saiyan86', 'yzhou19', 'buie1', 'mahowal2', 'beltran8', 'jhabegger', 'jiangao1', 'tkim26', 'chw2006', 'strasbe1', 'nanshizi', 'lesha_44', 'etr', 'pierzch1', 'poopiepie', 'limiard23', 'lunaholik', 'saranto2', 'biesboe2', 'yctu', 'jlee455', 'xunchen2', 'grace3050', 'dgskwirut', 'dusxks507', 'cui6', 'jonaskurniawan92', 'jung17', None, 'jshin17', 'swearen1', 'chadzy64', 'michalprys', 'sultanabdal', 'armstr13', 'buris1', 'deruty', 'bansal6', 'niranjana123', 'won9', 'logsdon404', 'slee118', 'enj666', 'adonislin', 'jpllinas', 'sgrand2', 'jluzin2', 'mrjohns42', 'baitiko1', 'hganesa2', 'kashev', 'paradox116', 'sbuercklin', 'arsh92', 'deguzma1', 'bojdell', 'collin27', 'adalton2', 'sigler4', 'clu11', 'banothu1', 'mkennedy3000', 'kyhan2', 'xiaoshi', 'zero0', 'yng5', 'lin171', 'jchoi110', 'sharklaser1', 'meier3', 'asnair2', 'binyeli2', 'mscafi2', 'smith143', 'simmi', 'shaffy', 'hruska3', 'rohan322', 'semiconducthunter', 'dgoldstein', 'cburis243', 'akatsulis', 'loepker1', 'zliao5', 'ravi7', 'vwu120', 'freshandclean', 'malak577', 'fishbec1', 'kwh1210', 'cawatki2', 'nhk150709', 'bfoo2', 'jiangzhouliu1', 'byerke2', 'ramakri1', 'altman1990', 'tzhu13', 'dvncrtr', 'chembur1', 'tatuhiro', 'frey929', 'chan85', 'rmeyer429', 'siyueli2', 'min16', 'loutiyang1', 'vtseng2', 'slyjedi13', 'smtanaka', 'rainbowdash', 'huynh8', 'sivaram2', 'mrgzg1', 'zerocs', 'jphogan', 'mynameisniu', 'jensen26', 'tschop2', 'anv1', 'sg41414', 'kolze100']"
2,81,129,113,87,"['shuoli1', 'tigerzhua', 'hyang49', 'lchuang3', 'marvadar', 'patel162', 'oneill26', 'findlay1', 'yuantingnan', 'plange4', 'ak_tennis77', 'stuone19', 'a2140416', 'xia11', 'klepits2', 'benzhou1', 'froxis820', 'schroe35', 'pmpark2', 'jincros0123', 'saiyan86', 'buie1', 'mahowal2', 'jiangao1', 'lesha_44', 'lunaholik', 'saranto2', 'biesboe2', 'yctu', 'jlee455', 'xunchen2', 'grace3050', 'dusxks507', 'cui6', 'jonaskurniawan92', 'jung17', 'jshin17', 'swearen1', 'chadzy64', 'sultanabdal', 'armstr13', 'deruty', 'bansal6', 'logsdon404', 'enj666', 'adonislin', 'jpllinas', 'kashev', 'sbuercklin', 'deguzma1', 'arsh92', 'bojdell', 'collin27', 'adalton2', 'sigler4', 'kyhan2', 'xiaoshi', 'zero0', 'lin171', 'sharklaser1', 'meier3', 'binyeli2', 'mscafi2', 'simmi', 'semiconducthunter', 'dgoldstein', 'akatsulis', 'loepker1', 'zliao5', 'ravi7', 'fishbec1', 'bfoo2', 'jiangzhouliu1', 'byerke2', 'tzhu13', 'tatuhiro', 'chembur1', 'chan85', 'siyueli2', 'loutiyang1', 'slyjedi13', 'sivaram2', 'mrgzg1', 'jphogan', 'mynameisniu', 'tschop2', 'kolze100']",41,"['beltran8', 'jhabegger', 'xuzhi92', 'zheng41', 'tkim26', 'chw2006', 'nanshizi', 'sgrand2', 'pierzch1', 'jluzin2', 'mehta32', 'mrjohns42', 'baitiko1', 'malak577', 'ty32', 'cawatki2', 'tanshi1', 'nhk150709', 'dgskwirut', 'twgreen2', 'glabelle13', 'clu11', 'jimmyrey6857', 'mkennedy3000', 'west14', 'clu24', 'yng5', 'kwilli57', 'dcoombs4', 'vtseng2', 'smtanaka', 'watts4', 'puent1', 'zqazi1', 'davis117', 'jensen26', 'michalprys', 'shaffy', 'anv1', 'hruska3', 'rohan322']",26,"['smtanaka12', 'sqszsqsz', 'xcy378543248', 'chen387', 'midojiho', 'lee307', 'ccody2', 'rgoel4', 'honig1', 'jungwoonhyung', 'adamwright08', 'todi2', 'kapauan1', 'hermesg', 'hai2', None, 'ives3', 'ragunat1', 'chern1', 'min16', 'mkjo2', 'villanovaprep', 'akim77', 'rohanmehra564', 'izta01', 'sg41414']",154,"['xuzhi92', 'shuoli1', 'sqszsqsz', 'zheng41', 'tigerzhua', 'midojiho', 'mehta32', 'hyang49', 'lchuang3', 'marvadar', 'ty32', 'patel162', 'oneill26', 'tanshi1', 'findlay1', 'yuantingnan', 'twgreen2', 'plange4', 'glabelle13', 'ak_tennis77', 'jimmyrey6857', 'stuone19', 'a2140416', 'xia11', 'west14', 'clu24', 'hermesg', 'todi2', 'hai2', 'kapauan1', 'klepits2', 'benzhou1', 'kwilli57', 'dcoombs4', 'froxis820', 'schroe35', 'watts4', 'puent1', 'zqazi1', 'pmpark2', 'davis117', 'jincros0123', 'saiyan86', 'buie1', 'mahowal2', 'beltran8', 'jhabegger', 'jiangao1', 'tkim26', 'chw2006', 'nanshizi', 'lesha_44', 'pierzch1', 'lee307', 'ccody2', 'lunaholik', 'saranto2', 'biesboe2', 'yctu', 'jlee455', 'xunchen2', 'grace3050', 'dgskwirut', 'jungwoonhyung', 'dusxks507', 'cui6', 'adamwright08', 'jonaskurniawan92', 'jung17', None, 'chern1', 'ives3', 'ragunat1', 'jshin17', 'villanovaprep', 'swearen1', 'akim77', 'rohanmehra564', 'izta01', 'chadzy64', 'michalprys', 'sultanabdal', 'armstr13', 'deruty', 'bansal6', 'logsdon404', 'enj666', 'adonislin', 'jpllinas', 'sgrand2', 'jluzin2', 'mrjohns42', 'baitiko1', 'kashev', 'sbuercklin', 'honig1', 'arsh92', 'deguzma1', 'bojdell', 'collin27', 'adalton2', 'sigler4', 'clu11', 'mkennedy3000', 'kyhan2', 'xiaoshi', 'zero0', 'yng5', 'lin171', 'sharklaser1', 'meier3', 'binyeli2', 'mscafi2', 'simmi', 'shaffy', 'hruska3', 'rohan322', 'semiconducthunter', 'dgoldstein', 'akatsulis', 'smtanaka12', 'loepker1', 'zliao5', 'xcy378543248', 'ravi7', 'chen387', 'malak577', 'fishbec1', 'rgoel4', 'cawatki2', 'nhk150709', 'bfoo2', 'jiangzhouliu1', 'byerke2', 'tzhu13', 'chembur1', 'tatuhiro', 'chan85', 'siyueli2', 'min16', 'loutiyang1', 'mkjo2', 'vtseng2', 'slyjedi13', 'smtanaka', 'sivaram2', 'mrgzg1', 'jphogan', 'mynameisniu', 'jensen26', 'tschop2', 'anv1', 'sg41414', 'kolze100']"
2,53,129,88,54,"['dgoldstein', 'bansal6', 'zheng41', 'jiangao1', 'adonislin', 'enj666', 'nanshizi', 'lesha_44', 'jpllinas', 'sultanabdal', 'sgrand2', 'baitiko1', 'hyang49', 'lchuang3', 'marvadar', 'lunaholik', 'saranto2', 'kashev', 'kolze100', 'dgskwirut', 'bfoo2', 'grace3050', 'bojdell', 'jiangzhouliu1', 'adalton2', 'mkennedy3000', 'tzhu13', 'stuone19', 'a2140416', 'jonaskurniawan92', 'zero0', 'tatuhiro', 'chan85', 'lin171', 'klepits2', 'benzhou1', 'slyjedi13', 'watts4', 'zqazi1', 'pmpark2', 'davis117', 'mrgzg1', 'jphogan', 'jincros0123', 'chadzy64', 'mscafi2', 'mynameisniu', 'saiyan86', 'michalprys', 'tschop2', 'buie1', 'mahowal2', 'semiconducthunter', 'armstr13']",74,"['beltran8', 'jhabegger', 'xuzhi92', 'deruty', 'akatsulis', 'loepker1', 'shuoli1', 'logsdon404', 'tigerzhua', 'tkim26', 'chw2006', 'zliao5', 'ravi7', 'pierzch1', 'jluzin2', 'mehta32', 'mrjohns42', 'malak577', 'ty32', 'patel162', 'biesboe2', 'fishbec1', 'sbuercklin', 'cawatki2', 'oneill26', 'tanshi1', 'yctu', 'findlay1', 'nhk150709', 'jlee455', 'xunchen2', 'yuantingnan', 'arsh92', 'twgreen2', 'dusxks507', 'deguzma1', 'collin27', 'plange4', 'glabelle13', 'sigler4', 'clu11', 'ak_tennis77', 'cui6', 'jimmyrey6857', 'byerke2', 'kyhan2', 'west14', 'clu24', 'xia11', 'xiaoshi', 'jung17', 'chembur1', 'yng5', 'siyueli2', 'loutiyang1', 'kwilli57', 'dcoombs4', 'vtseng2', 'froxis820', 'schroe35', 'puent1', 'jshin17', 'swearen1', 'sharklaser1', 'smtanaka', 'sivaram2', 'meier3', 'jensen26', 'binyeli2', 'simmi', 'shaffy', 'anv1', 'hruska3', 'rohan322']",34,"['cburis243', '8mskevinthegreat', 'harvey16', 'etr', 'rcarrera', 'wkdghddn', 'tlou2', 'cmcody11', 'jeswear', 'paradox116', 'musicman116', 'nirvanaryo', 'honig1', 'neelabh', 'mccorm11', 'xduan7', 'banothu1', 'ramakri1', 'lauren_vanteal', 'kdillo4', 'todi2', 'dvncrtr', 'frey929', None, 'rmeyer429', 'ives3', 'min16', 'jchoi110', 'yuecs', 'zhang258', 'izta01', 'creativeknits', 'montio', 'pseudonym']",162,"['xuzhi92', 'shuoli1', 'zheng41', 'tigerzhua', 'rcarrera', 'mehta32', 'tlou2', 'hyang49', 'lchuang3', 'marvadar', 'jeswear', 'ty32', 'patel162', 'musicman116', 'oneill26', 'tanshi1', 'findlay1', 'yuantingnan', 'twgreen2', 'neelabh', 'mccorm11', 'plange4', 'glabelle13', 'xduan7', 'ak_tennis77', 'jimmyrey6857', 'stuone19', 'a2140416', 'xia11', 'west14', 'clu24', 'todi2', 'klepits2', 'benzhou1', 'kwilli57', 'dcoombs4', 'froxis820', 'schroe35', 'watts4', 'puent1', 'zqazi1', 'pmpark2', 'davis117', 'zhang258', 'jincros0123', 'saiyan86', 'buie1', 'mahowal2', 'beltran8', 'jhabegger', '8mskevinthegreat', 'jiangao1', 'tkim26', 'chw2006', 'nanshizi', 'lesha_44', 'etr', 'pierzch1', 'wkdghddn', 'lunaholik', 'saranto2', 'biesboe2', 'yctu', 'jlee455', 'xunchen2', 'grace3050', 'dgskwirut', 'dusxks507', 'cui6', 'lauren_vanteal', 'kdillo4', 'jonaskurniawan92', 'jung17', None, 'ives3', 'jshin17', 'swearen1', 'izta01', 'chadzy64', 'michalprys', 'sultanabdal', 'armstr13', 'deruty', 'bansal6', 'logsdon404', 'enj666', 'adonislin', 'harvey16', 'jpllinas', 'sgrand2', 'jluzin2', 'mrjohns42', 'baitiko1', 'cmcody11', 'kashev', 'paradox116', 'sbuercklin', 'honig1', 'arsh92', 'deguzma1', 'bojdell', 'collin27', 'adalton2', 'sigler4', 'clu11', 'banothu1', 'mkennedy3000', 'kyhan2', 'xiaoshi', 'zero0', 'yng5', 'lin171', 'jchoi110', 'sharklaser1', 'creativeknits', 'montio', 'meier3', 'binyeli2', 'mscafi2', 'simmi', 'shaffy', 'pseudonym', 'hruska3', 'rohan322', 'semiconducthunter', 'dgoldstein', 'cburis243', 'akatsulis', 'loepker1', 'zliao5', 'ravi7', 'malak577', 'fishbec1', 'cawatki2', 'nhk150709', 'nirvanaryo', 'bfoo2', 'jiangzhouliu1', 'byerke2', 'ramakri1', 'tzhu13', 'dvncrtr', 'chembur1', 'tatuhiro', 'frey929', 'chan85', 'rmeyer429', 'siyueli2', 'min16', 'loutiyang1', 'vtseng2', 'slyjedi13', 'smtanaka', 'yuecs', 'sivaram2', 'mrgzg1', 'jphogan', 'mynameisniu', 'jensen26', 'tschop2', 'anv1', 'kolze100']"
2,54,129,39,18,"['twgreen2', 'jhabegger', 'deruty', 'smtanaka', 'bansal6', 'malak577', 'sigler4', 'mkennedy3000', 'ty32', 'tkim26', 'biesboe2', 'cawatki2', 'jensen26', 'chembur1', 'sgrand2', 'shaffy', 'anv1', 'mehta32']",110,"['xuzhi92', 'shuoli1', 'zheng41', 'tigerzhua', 'hyang49', 'lchuang3', 'marvadar', 'patel162', 'oneill26', 'tanshi1', 'findlay1', 'yuantingnan', 'plange4', 'glabelle13', 'ak_tennis77', 'jimmyrey6857', 'stuone19', 'a2140416', 'xia11', 'west14', 'clu24', 'klepits2', 'benzhou1', 'kwilli57', 'dcoombs4', 'froxis820', 'schroe35', 'watts4', 'puent1', 'zqazi1', 'pmpark2', 'davis117', 'jincros0123', 'saiyan86', 'buie1', 'mahowal2', 'beltran8', 'jiangao1', 'chw2006', 'nanshizi', 'lesha_44', 'pierzch1', 'lunaholik', 'saranto2', 'yctu', 'jlee455', 'xunchen2', 'grace3050', 'dgskwirut', 'dusxks507', 'cui6', 'jonaskurniawan92', 'jung17', 'jshin17', 'swearen1', 'chadzy64', 'michalprys', 'sultanabdal', 'armstr13', 'logsdon404', 'enj666', 'adonislin', 'jpllinas', 'jluzin2', 'mrjohns42', 'baitiko1', 'kashev', 'sbuercklin', 'arsh92', 'deguzma1', 'bojdell', 'collin27', 'adalton2', 'clu11', 'kyhan2', 'xiaoshi', 'zero0', 'yng5', 'lin171', 'sharklaser1', 'meier3', 'binyeli2', 'mscafi2', 'simmi', 'hruska3', 'rohan322', 'semiconducthunter', 'dgoldstein', 'akatsulis', 'loepker1', 'zliao5', 'ravi7', 'fishbec1', 'nhk150709', 'bfoo2', 'jiangzhouliu1', 'byerke2', 'tzhu13', 'tatuhiro', 'chan85', 'siyueli2', 'loutiyang1', 'vtseng2', 'slyjedi13', 'sivaram2', 'mrgzg1', 'jphogan', 'mynameisniu', 'tschop2', 'kolze100']",21,"['dcoombs2', 'aravind6', 'strasbe1', 'agsmith6', 'meghanaakella', 'vwu120', 'kang976', 'renjurajeev', 'alfonsop', 'flores11', 'whyloginwhy', 'limiard2', 'banothu1', 'uumapath', 'troc2', 'arogov', 'hermesg', 'hpatel17', 'phatlobster', None, 'rainbowdash']",149,"['xuzhi92', 'shuoli1', 'dcoombs2', 'zheng41', 'tigerzhua', 'agsmith6', 'mehta32', 'hyang49', 'lchuang3', 'marvadar', 'ty32', 'patel162', 'oneill26', 'tanshi1', 'findlay1', 'yuantingnan', 'twgreen2', 'plange4', 'glabelle13', 'ak_tennis77', 'jimmyrey6857', 'stuone19', 'a2140416', 'xia11', 'west14', 'clu24', 'hermesg', 'klepits2', 'benzhou1', 'kwilli57', 'dcoombs4', 'froxis820', 'schroe35', 'watts4', 'puent1', 'zqazi1', 'pmpark2', 'davis117', 'jincros0123', 'saiyan86', 'buie1', 'mahowal2', 'beltran8', 'jhabegger', 'jiangao1', 'tkim26', 'chw2006', 'strasbe1', 'nanshizi', 'lesha_44', 'pierzch1', 'lunaholik', 'saranto2', 'biesboe2', 'yctu', 'jlee455', 'xunchen2', 'grace3050', 'dgskwirut', 'dusxks507', 'whyloginwhy', 'cui6', 'limiard2', 'jonaskurniawan92', 'jung17', None, 'phatlobster', 'jshin17', 'swearen1', 'chadzy64', 'michalprys', 'sultanabdal', 'armstr13', 'deruty', 'bansal6', 'logsdon404', 'enj666', 'adonislin', 'jpllinas', 'sgrand2', 'jluzin2', 'mrjohns42', 'baitiko1', 'renjurajeev', 'kashev', 'sbuercklin', 'arsh92', 'deguzma1', 'bojdell', 'collin27', 'adalton2', 'sigler4', 'clu11', 'banothu1', 'mkennedy3000', 'kyhan2', 'xiaoshi', 'zero0', 'troc2', 'yng5', 'hpatel17', 'lin171', 'sharklaser1', 'meier3', 'binyeli2', 'mscafi2', 'simmi', 'shaffy', 'hruska3', 'rohan322', 'semiconducthunter', 'dgoldstein', 'akatsulis', 'loepker1', 'aravind6', 'zliao5', 'ravi7', 'meghanaakella', 'vwu120', 'kang976', 'malak577', 'alfonsop', 'fishbec1', 'cawatki2', 'nhk150709', 'bfoo2', 'jiangzhouliu1', 'flores11', 'byerke2', 'uumapath', 'tzhu13', 'arogov', 'chembur1', 'tatuhiro', 'chan85', 'siyueli2', 'loutiyang1', 'vtseng2', 'slyjedi13', 'smtanaka', 'rainbowdash', 'sivaram2', 'mrgzg1', 'jphogan', 'mynameisniu', 'jensen26', 'tschop2', 'anv1', 'kolze100']"
2,217,129,39,28,"['beltran8', 'jhabegger', 'deruty', 'bansal6', 'loepker1', 'chw2006', 'sgrand2', 'mehta32', 'mrjohns42', 'malak577', 'ty32', 'patel162', 'biesboe2', 'nhk150709', 'twgreen2', 'sigler4', 'clu11', 'mkennedy3000', 'clu24', 'chembur1', 'benzhou1', 'dcoombs4', 'vtseng2', 'watts4', 'shaffy', 'anv1', 'hruska3', 'rohan322']",100,"['xuzhi92', 'shuoli1', 'zheng41', 'tigerzhua', 'hyang49', 'lchuang3', 'marvadar', 'oneill26', 'tanshi1', 'findlay1', 'yuantingnan', 'plange4', 'glabelle13', 'ak_tennis77', 'jimmyrey6857', 'stuone19', 'a2140416', 'xia11', 'west14', 'klepits2', 'kwilli57', 'froxis820', 'schroe35', 'puent1', 'zqazi1', 'pmpark2', 'davis117', 'jincros0123', 'saiyan86', 'buie1', 'mahowal2', 'jiangao1', 'tkim26', 'nanshizi', 'lesha_44', 'pierzch1', 'lunaholik', 'saranto2', 'yctu', 'jlee455', 'xunchen2', 'grace3050', 'dgskwirut', 'dusxks507', 'cui6', 'jonaskurniawan92', 'jung17', 'jshin17', 'swearen1', 'chadzy64', 'michalprys', 'sultanabdal', 'armstr13', 'logsdon404', 'enj666', 'adonislin', 'jpllinas', 'jluzin2', 'baitiko1', 'kashev', 'sbuercklin', 'arsh92', 'deguzma1', 'bojdell', 'collin27', 'adalton2', 'kyhan2', 'xiaoshi', 'zero0', 'yng5', 'lin171', 'sharklaser1', 'meier3', 'binyeli2', 'mscafi2', 'simmi', 'semiconducthunter', 'dgoldstein', 'akatsulis', 'zliao5', 'ravi7', 'fishbec1', 'cawatki2', 'bfoo2', 'jiangzhouliu1', 'byerke2', 'tzhu13', 'tatuhiro', 'chan85', 'siyueli2', 'loutiyang1', 'smtanaka', 'slyjedi13', 'sivaram2', 'mrgzg1', 'jphogan', 'mynameisniu', 'jensen26', 'tschop2', 'kolze100']",11,"['kang976', 'neelabh', 'chen381', 'solanki4', 'huynh8', 'lauschk2', 'smith143', 'hermesg', 'rmeyer429', None, 'sg41414']",139,"['xuzhi92', 'shuoli1', 'zheng41', 'tigerzhua', 'mehta32', 'hyang49', 'lchuang3', 'marvadar', 'ty32', 'patel162', 'oneill26', 'tanshi1', 'findlay1', 'yuantingnan', 'twgreen2', 'neelabh', 'plange4', 'glabelle13', 'ak_tennis77', 'jimmyrey6857', 'stuone19', 'a2140416', 'xia11', 'west14', 'clu24', 'hermesg', 'klepits2', 'benzhou1', 'kwilli57', 'dcoombs4', 'froxis820', 'schroe35', 'watts4', 'puent1', 'zqazi1', 'pmpark2', 'davis117', 'jincros0123', 'saiyan86', 'buie1', 'mahowal2', 'beltran8', 'jhabegger', 'jiangao1', 'tkim26', 'chw2006', 'nanshizi', 'lesha_44', 'pierzch1', 'lunaholik', 'saranto2', 'biesboe2', 'yctu', 'jlee455', 'xunchen2', 'grace3050', 'dgskwirut', 'dusxks507', 'chen381', 'cui6', 'jonaskurniawan92', 'jung17', None, 'jshin17', 'swearen1', 'chadzy64', 'michalprys', 'sultanabdal', 'armstr13', 'deruty', 'bansal6', 'logsdon404', 'enj666', 'adonislin', 'jpllinas', 'sgrand2', 'jluzin2', 'mrjohns42', 'baitiko1', 'kashev', 'sbuercklin', 'arsh92', 'deguzma1', 'bojdell', 'collin27', 'adalton2', 'sigler4', 'clu11', 'mkennedy3000', 'kyhan2', 'xiaoshi', 'zero0', 'yng5', 'lin171', 'sharklaser1', 'meier3', 'binyeli2', 'mscafi2', 'smith143', 'simmi', 'shaffy', 'hruska3', 'rohan322', 'semiconducthunter', 'dgoldstein', 'akatsulis', 'loepker1', 'zliao5', 'ravi7', 'kang976', 'malak577', 'fishbec1', 'lauschk2', 'cawatki2', 'nhk150709', 'bfoo2', 'jiangzhouliu1', 'byerke2', 'tzhu13', 'chembur1', 'tatuhiro', 'rmeyer429', 'chan85', 'siyueli2', 'loutiyang1', 'vtseng2', 'slyjedi13', 'smtanaka', 'solanki4', 'huynh8', 'sivaram2', 'mrgzg1', 'jphogan', 'mynameisniu', 'jensen26', 'tschop2', 'anv1', 'sg41414', 'kolze100']"
2,32,129,32,22,"['shuoli1', 'zheng41', 'jiangao1', 'sultanabdal', 'marvadar', 'lunaholik', 'fishbec1', 'yctu', 'jiangzhouliu1', 'collin27', 'plange4', 'zero0', 'tatuhiro', 'smtanaka', 'sharklaser1', 'pmpark2', 'davis117', 'chadzy64', 'binyeli2', 'saiyan86', 'tschop2', 'hruska3']",106,"['xuzhi92', 'tigerzhua', 'mehta32', 'hyang49', 'lchuang3', 'ty32', 'patel162', 'oneill26', 'tanshi1', 'findlay1', 'yuantingnan', 'twgreen2', 'glabelle13', 'ak_tennis77', 'jimmyrey6857', 'stuone19', 'a2140416', 'xia11', 'west14', 'clu24', 'klepits2', 'benzhou1', 'kwilli57', 'dcoombs4', 'froxis820', 'schroe35', 'watts4', 'puent1', 'zqazi1', 'jincros0123', 'buie1', 'mahowal2', 'beltran8', 'jhabegger', 'tkim26', 'chw2006', 'nanshizi', 'lesha_44', 'pierzch1', 'saranto2', 'biesboe2', 'jlee455', 'xunchen2', 'grace3050', 'dgskwirut', 'dusxks507', 'cui6', 'jonaskurniawan92', 'jung17', 'jshin17', 'swearen1', 'michalprys', 'armstr13', 'deruty', 'bansal6', 'logsdon404', 'enj666', 'adonislin', 'jpllinas', 'sgrand2', 'jluzin2', 'mrjohns42', 'baitiko1', 'kashev', 'sbuercklin', 'arsh92', 'deguzma1', 'bojdell', 'adalton2', 'sigler4', 'clu11', 'mkennedy3000', 'kyhan2', 'xiaoshi', 'yng5', 'lin171', 'meier3', 'mscafi2', 'simmi', 'shaffy', 'rohan322', 'semiconducthunter', 'dgoldstein', 'akatsulis', 'loepker1', 'zliao5', 'ravi7', 'malak577', 'cawatki2', 'nhk150709', 'bfoo2', 'byerke2', 'tzhu13', 'chembur1', 'chan85', 'siyueli2', 'loutiyang1', 'vtseng2', 'slyjedi13', 'sivaram2', 'mrgzg1', 'jphogan', 'mynameisniu', 'jensen26', 'anv1', 'kolze100']",10,"['mkjo2', 'freshandclean', 'kim857', 'won9', 'chern1', 'kdillo4', 'todi2', 'rmeyer429', None, 'min16']",138,"['xuzhi92', 'shuoli1', 'zheng41', 'tigerzhua', 'mehta32', 'hyang49', 'lchuang3', 'marvadar', 'ty32', 'patel162', 'oneill26', 'tanshi1', 'findlay1', 'yuantingnan', 'twgreen2', 'plange4', 'glabelle13', 'ak_tennis77', 'jimmyrey6857', 'stuone19', 'a2140416', 'xia11', 'west14', 'clu24', 'todi2', 'klepits2', 'benzhou1', 'kwilli57', 'dcoombs4', 'froxis820', 'schroe35', 'watts4', 'puent1', 'zqazi1', 'pmpark2', 'davis117', 'jincros0123', 'saiyan86', 'buie1', 'mahowal2', 'beltran8', 'jhabegger', 'jiangao1', 'tkim26', 'chw2006', 'nanshizi', 'lesha_44', 'pierzch1', 'lunaholik', 'saranto2', 'biesboe2', 'yctu', 'jlee455', 'xunchen2', 'grace3050', 'dgskwirut', 'dusxks507', 'cui6', 'kdillo4', 'jonaskurniawan92', 'jung17', None, 'chern1', 'jshin17', 'swearen1', 'chadzy64', 'michalprys', 'sultanabdal', 'armstr13', 'deruty', 'bansal6', 'won9', 'logsdon404', 'enj666', 'adonislin', 'jpllinas', 'sgrand2', 'jluzin2', 'mrjohns42', 'baitiko1', 'kashev', 'sbuercklin', 'arsh92', 'deguzma1', 'bojdell', 'collin27', 'adalton2', 'kim857', 'sigler4', 'clu11', 'mkennedy3000', 'kyhan2', 'xiaoshi', 'zero0', 'yng5', 'lin171', 'sharklaser1', 'meier3', 'binyeli2', 'mscafi2', 'simmi', 'shaffy', 'hruska3', 'rohan322', 'semiconducthunter', 'dgoldstein', 'akatsulis', 'loepker1', 'zliao5', 'ravi7', 'freshandclean', 'malak577', 'fishbec1', 'cawatki2', 'nhk150709', 'bfoo2', 'jiangzhouliu1', 'byerke2', 'tzhu13', 'chembur1', 'tatuhiro', 'rmeyer429', 'chan85', 'siyueli2', 'min16', 'loutiyang1', 'mkjo2', 'vtseng2', 'slyjedi13', 'smtanaka', 'sivaram2', 'mrgzg1', 'jphogan', 'mynameisniu', 'jensen26', 'tschop2', 'anv1', 'kolze100']"
2,82,129,30,27,"['beltran8', 'jhabegger', 'bansal6', 'chw2006', 'sgrand2', 'mrjohns42', 'malak577', 'ty32', 'patel162', 'biesboe2', 'nhk150709', 'dgskwirut', 'twgreen2', 'clu11', 'mkennedy3000', 'clu24', 'benzhou1', 'kwilli57', 'dcoombs4', 'vtseng2', 'watts4', 'zqazi1', 'jensen26', 'shaffy', 'anv1', 'hruska3', 'rohan322']",101,"['xuzhi92', 'shuoli1', 'zheng41', 'tigerzhua', 'mehta32', 'hyang49', 'lchuang3', 'marvadar', 'oneill26', 'tanshi1', 'findlay1', 'yuantingnan', 'plange4', 'glabelle13', 'ak_tennis77', 'jimmyrey6857', 'stuone19', 'a2140416', 'xia11', 'west14', 'klepits2', 'froxis820', 'schroe35', 'puent1', 'pmpark2', 'davis117', 'jincros0123', 'saiyan86', 'buie1', 'mahowal2', 'jiangao1', 'tkim26', 'nanshizi', 'lesha_44', 'pierzch1', 'lunaholik', 'saranto2', 'yctu', 'jlee455', 'xunchen2', 'grace3050', 'dusxks507', 'cui6', 'jonaskurniawan92', 'jung17', 'jshin17', 'swearen1', 'chadzy64', 'michalprys', 'sultanabdal', 'armstr13', 'deruty', 'logsdon404', 'enj666', 'adonislin', 'jpllinas', 'jluzin2', 'baitiko1', 'kashev', 'sbuercklin', 'arsh92', 'deguzma1', 'bojdell', 'collin27', 'adalton2', 'sigler4', 'kyhan2', 'xiaoshi', 'zero0', 'yng5', 'lin171', 'sharklaser1', 'meier3', 'binyeli2', 'mscafi2', 'simmi', 'semiconducthunter', 'dgoldstein', 'akatsulis', 'loepker1', 'zliao5', 'ravi7', 'fishbec1', 'cawatki2', 'bfoo2', 'jiangzhouliu1', 'byerke2', 'tzhu13', 'chembur1', 'tatuhiro', 'chan85', 'siyueli2', 'loutiyang1', 'slyjedi13', 'smtanaka', 'sivaram2', 'mrgzg1', 'jphogan', 'mynameisniu', 'tschop2', 'kolze100']",3,"['smtanaka12', None, 'creativeknits']",131,"['xuzhi92', 'shuoli1', 'zheng41', 'tigerzhua', 'mehta32', 'hyang49', 'lchuang3', 'marvadar', 'ty32', 'patel162', 'oneill26', 'tanshi1', 'findlay1', 'yuantingnan', 'twgreen2', 'plange4', 'glabelle13', 'ak_tennis77', 'jimmyrey6857', 'stuone19', 'a2140416', 'xia11', 'west14', 'clu24', 'klepits2', 'benzhou1', 'kwilli57', 'dcoombs4', 'froxis820', 'schroe35', 'watts4', 'puent1', 'zqazi1', 'pmpark2', 'davis117', 'jincros0123', 'saiyan86', 'buie1', 'mahowal2', 'beltran8', 'jhabegger', 'jiangao1', 'tkim26', 'chw2006', 'nanshizi', 'lesha_44', 'pierzch1', 'lunaholik', 'saranto2', 'biesboe2', 'yctu', 'jlee455', 'xunchen2', 'grace3050', 'dgskwirut', 'dusxks507', 'cui6', 'jonaskurniawan92', 'jung17', None, 'jshin17', 'swearen1', 'chadzy64', 'michalprys', 'sultanabdal', 'armstr13', 'deruty', 'bansal6', 'logsdon404', 'enj666', 'adonislin', 'jpllinas', 'sgrand2', 'jluzin2', 'mrjohns42', 'baitiko1', 'kashev', 'sbuercklin', 'arsh92', 'deguzma1', 'bojdell', 'collin27', 'adalton2', 'sigler4', 'clu11', 'mkennedy3000', 'kyhan2', 'xiaoshi', 'zero0', 'yng5', 'lin171', 'sharklaser1', 'creativeknits', 'meier3', 'binyeli2', 'mscafi2', 'simmi', 'shaffy', 'hruska3', 'rohan322', 'semiconducthunter', 'dgoldstein', 'akatsulis', 'smtanaka12', 'loepker1', 'zliao5', 'ravi7', 'malak577', 'fishbec1', 'cawatki2', 'nhk150709', 'bfoo2', 'jiangzhouliu1', 'byerke2', 'tzhu13', 'chembur1', 'tatuhiro', 'chan85', 'siyueli2', 'loutiyang1', 'vtseng2', 'slyjedi13', 'smtanaka', 'sivaram2', 'mrgzg1', 'jphogan', 'mynameisniu', 'jensen26', 'tschop2', 'anv1', 'kolze100']"
2,79,129,26,3,"['kwilli57', 'enj666', 'lin171']",125,"['xuzhi92', 'shuoli1', 'zheng41', 'tigerzhua', 'mehta32', 'hyang49', 'lchuang3', 'marvadar', 'ty32', 'patel162', 'oneill26', 'tanshi1', 'findlay1', 'yuantingnan', 'twgreen2', 'plange4', 'glabelle13', 'ak_tennis77', 'jimmyrey6857', 'stuone19', 'a2140416', 'xia11', 'west14', 'clu24', 'klepits2', 'benzhou1', 'dcoombs4', 'froxis820', 'schroe35', 'watts4', 'puent1', 'zqazi1', 'pmpark2', 'davis117', 'jincros0123', 'saiyan86', 'buie1', 'mahowal2', 'beltran8', 'jhabegger', 'jiangao1', 'tkim26', 'chw2006', 'nanshizi', 'lesha_44', 'pierzch1', 'lunaholik', 'saranto2', 'biesboe2', 'yctu', 'jlee455', 'xunchen2', 'grace3050', 'dgskwirut', 'dusxks507', 'cui6', 'jonaskurniawan92', 'jung17', 'jshin17', 'swearen1', 'chadzy64', 'michalprys', 'sultanabdal', 'armstr13', 'deruty', 'bansal6', 'logsdon404', 'adonislin', 'jpllinas', 'sgrand2', 'jluzin2', 'mrjohns42', 'baitiko1', 'kashev', 'sbuercklin', 'arsh92', 'deguzma1', 'bojdell', 'collin27', 'adalton2', 'sigler4', 'clu11', 'mkennedy3000', 'kyhan2', 'xiaoshi', 'zero0', 'yng5', 'sharklaser1', 'meier3', 'binyeli2', 'mscafi2', 'simmi', 'shaffy', 'hruska3', 'rohan322', 'semiconducthunter', 'dgoldstein', 'akatsulis', 'loepker1', 'zliao5', 'ravi7', 'malak577', 'fishbec1', 'cawatki2', 'nhk150709', 'bfoo2', 'jiangzhouliu1', 'byerke2', 'tzhu13', 'chembur1', 'tatuhiro', 'chan85', 'siyueli2', 'loutiyang1', 'vtseng2', 'slyjedi13', 'smtanaka', 'sivaram2', 'mrgzg1', 'jphogan', 'mynameisniu', 'jensen26', 'tschop2', 'anv1', 'kolze100']",23,"['gobias', 'kim852', 'dee7291', 'jackmaster09', 'ahnkang2', 'nithinreddyc', 'shseo0315', 'sanchet2', 'jlee3725', 'cernaus1', 'hermesg', 'oleksie1', 'kumikknd', None, 'niehaus5', 'tuoliu1', 'banerje1', 'nmisak', 'jataput1', 'mkjo2', 'ankitor', 'solds72', 'myarber4']",151,"['xuzhi92', 'shuoli1', 'zheng41', 'tigerzhua', 'dee7291', 'mehta32', 'hyang49', 'ahnkang2', 'lchuang3', 'marvadar', 'ty32', 'patel162', 'oneill26', 'tanshi1', 'findlay1', 'yuantingnan', 'twgreen2', 'plange4', 'glabelle13', 'ak_tennis77', 'jimmyrey6857', 'stuone19', 'a2140416', 'xia11', 'west14', 'clu24', 'oleksie1', 'hermesg', 'klepits2', 'benzhou1', 'kwilli57', 'dcoombs4', 'froxis820', 'schroe35', 'watts4', 'puent1', 'zqazi1', 'ankitor', 'pmpark2', 'davis117', 'jincros0123', 'saiyan86', 'buie1', 'mahowal2', 'beltran8', 'jhabegger', 'jiangao1', 'tkim26', 'chw2006', 'nanshizi', 'lesha_44', 'kim852', 'pierzch1', 'lunaholik', 'saranto2', 'biesboe2', 'yctu', 'jlee455', 'xunchen2', 'grace3050', 'dgskwirut', 'sanchet2', 'dusxks507', 'cui6', 'jlee3725', 'jonaskurniawan92', 'jung17', None, 'niehaus5', 'jshin17', 'swearen1', 'chadzy64', 'michalprys', 'myarber4', 'sultanabdal', 'armstr13', 'deruty', 'bansal6', 'logsdon404', 'enj666', 'adonislin', 'jpllinas', 'gobias', 'sgrand2', 'jluzin2', 'mrjohns42', 'baitiko1', 'jackmaster09', 'nithinreddyc', 'kashev', 'sbuercklin', 'arsh92', 'deguzma1', 'bojdell', 'collin27', 'adalton2', 'sigler4', 'clu11', 'mkennedy3000', 'kyhan2', 'xiaoshi', 'zero0', 'yng5', 'lin171', 'tuoliu1', 'jataput1', 'sharklaser1', 'solds72', 'meier3', 'binyeli2', 'mscafi2', 'simmi', 'shaffy', 'hruska3', 'rohan322', 'semiconducthunter', 'dgoldstein', 'akatsulis', 'loepker1', 'zliao5', 'ravi7', 'malak577', 'fishbec1', 'cawatki2', 'nhk150709', 'shseo0315', 'bfoo2', 'jiangzhouliu1', 'byerke2', 'tzhu13', 'cernaus1', 'chembur1', 'tatuhiro', 'kumikknd', 'chan85', 'banerje1', 'siyueli2', 'nmisak', 'loutiyang1', 'mkjo2', 'vtseng2', 'slyjedi13', 'smtanaka', 'sivaram2', 'mrgzg1', 'jphogan', 'mynameisniu', 'jensen26', 'tschop2', 'anv1', 'kolze100']"
2,98,129,20,1,['kwilli57'],127,"['xuzhi92', 'shuoli1', 'zheng41', 'tigerzhua', 'mehta32', 'hyang49', 'lchuang3', 'marvadar', 'ty32', 'patel162', 'oneill26', 'tanshi1', 'findlay1', 'yuantingnan', 'twgreen2', 'plange4', 'glabelle13', 'ak_tennis77', 'jimmyrey6857', 'stuone19', 'a2140416', 'xia11', 'west14', 'clu24', 'klepits2', 'benzhou1', 'dcoombs4', 'froxis820', 'schroe35', 'watts4', 'puent1', 'zqazi1', 'pmpark2', 'davis117', 'jincros0123', 'saiyan86', 'buie1', 'mahowal2', 'beltran8', 'jhabegger', 'jiangao1', 'tkim26', 'chw2006', 'nanshizi', 'lesha_44', 'pierzch1', 'lunaholik', 'saranto2', 'biesboe2', 'yctu', 'jlee455', 'xunchen2', 'grace3050', 'dgskwirut', 'dusxks507', 'cui6', 'jonaskurniawan92', 'jung17', 'jshin17', 'swearen1', 'chadzy64', 'michalprys', 'sultanabdal', 'armstr13', 'deruty', 'bansal6', 'logsdon404', 'enj666', 'adonislin', 'jpllinas', 'sgrand2', 'jluzin2', 'mrjohns42', 'baitiko1', 'kashev', 'sbuercklin', 'arsh92', 'deguzma1', 'bojdell', 'collin27', 'adalton2', 'sigler4', 'clu11', 'mkennedy3000', 'kyhan2', 'xiaoshi', 'zero0', 'yng5', 'lin171', 'sharklaser1', 'meier3', 'binyeli2', 'mscafi2', 'simmi', 'shaffy', 'hruska3', 'rohan322', 'semiconducthunter', 'dgoldstein', 'akatsulis', 'loepker1', 'zliao5', 'ravi7', 'malak577', 'fishbec1', 'cawatki2', 'nhk150709', 'bfoo2', 'jiangzhouliu1', 'byerke2', 'tzhu13', 'chembur1', 'tatuhiro', 'chan85', 'siyueli2', 'loutiyang1', 'vtseng2', 'slyjedi13', 'smtanaka', 'sivaram2', 'mrgzg1', 'jphogan', 'mynameisniu', 'jensen26', 'tschop2', 'anv1', 'kolze100']",19,"['gobias', 'kim852', 'dee7291', 'dch3n', 'jackmaster09', 'nithinreddyc', 'sanchet2', 'jlee3725', 'cernaus1', 'oleksie1', 'kumikknd', None, 'niehaus5', 'nmisak', 'jataput1', 'ragunat1', 'ankitor', 'solds72', 'choquette']",147,"['xuzhi92', 'shuoli1', 'zheng41', 'tigerzhua', 'dee7291', 'mehta32', 'dch3n', 'hyang49', 'lchuang3', 'marvadar', 'ty32', 'patel162', 'oneill26', 'tanshi1', 'findlay1', 'yuantingnan', 'twgreen2', 'plange4', 'glabelle13', 'ak_tennis77', 'jimmyrey6857', 'stuone19', 'a2140416', 'xia11', 'west14', 'clu24', 'oleksie1', 'klepits2', 'benzhou1', 'kwilli57', 'dcoombs4', 'froxis820', 'schroe35', 'watts4', 'puent1', 'zqazi1', 'ankitor', 'pmpark2', 'davis117', 'jincros0123', 'choquette', 'saiyan86', 'buie1', 'mahowal2', 'beltran8', 'jhabegger', 'jiangao1', 'tkim26', 'chw2006', 'nanshizi', 'lesha_44', 'kim852', 'pierzch1', 'lunaholik', 'saranto2', 'biesboe2', 'yctu', 'jlee455', 'xunchen2', 'grace3050', 'dgskwirut', 'sanchet2', 'dusxks507', 'cui6', 'jlee3725', 'jonaskurniawan92', 'jung17', None, 'niehaus5', 'ragunat1', 'jshin17', 'swearen1', 'chadzy64', 'michalprys', 'sultanabdal', 'armstr13', 'deruty', 'bansal6', 'logsdon404', 'enj666', 'adonislin', 'jpllinas', 'gobias', 'sgrand2', 'jluzin2', 'mrjohns42', 'baitiko1', 'jackmaster09', 'nithinreddyc', 'kashev', 'sbuercklin', 'arsh92', 'deguzma1', 'bojdell', 'collin27', 'adalton2', 'sigler4', 'clu11', 'mkennedy3000', 'kyhan2', 'xiaoshi', 'zero0', 'yng5', 'lin171', 'jataput1', 'sharklaser1', 'solds72', 'meier3', 'binyeli2', 'mscafi2', 'simmi', 'shaffy', 'hruska3', 'rohan322', 'semiconducthunter', 'dgoldstein', 'akatsulis', 'loepker1', 'zliao5', 'ravi7', 'malak577', 'fishbec1', 'cawatki2', 'nhk150709', 'bfoo2', 'jiangzhouliu1', 'byerke2', 'tzhu13', 'cernaus1', 'chembur1', 'tatuhiro', 'kumikknd', 'chan85', 'nmisak', 'siyueli2', 'loutiyang1', 'vtseng2', 'slyjedi13', 'smtanaka', 'sivaram2', 'mrgzg1', 'jphogan', 'mynameisniu', 'jensen26', 'tschop2', 'anv1', 'kolze100']"
2,218,129,20,15,"['xunchen2', 'michalprys', 'baitiko1', 'xuzhi92', 'puent1', 'sivaram2', 'saranto2', 'jphogan', 'cawatki2', 'nanshizi', 'oneill26', 'yng5', 'pierzch1', 'jluzin2', 'semiconducthunter']",113,"['shuoli1', 'zheng41', 'tigerzhua', 'mehta32', 'hyang49', 'lchuang3', 'marvadar', 'ty32', 'patel162', 'tanshi1', 'findlay1', 'yuantingnan', 'twgreen2', 'plange4', 'glabelle13', 'ak_tennis77', 'jimmyrey6857', 'stuone19', 'a2140416', 'xia11', 'west14', 'clu24', 'klepits2', 'benzhou1', 'kwilli57', 'dcoombs4', 'froxis820', 'schroe35', 'watts4', 'zqazi1', 'pmpark2', 'davis117', 'jincros0123', 'saiyan86', 'buie1', 'mahowal2', 'beltran8', 'jhabegger', 'jiangao1', 'tkim26', 'chw2006', 'lesha_44', 'lunaholik', 'biesboe2', 'yctu', 'jlee455', 'grace3050', 'dgskwirut', 'dusxks507', 'cui6', 'jonaskurniawan92', 'jung17', 'jshin17', 'swearen1', 'chadzy64', 'sultanabdal', 'armstr13', 'deruty', 'bansal6', 'logsdon404', 'enj666', 'adonislin', 'jpllinas', 'sgrand2', 'mrjohns42', 'kashev', 'sbuercklin', 'arsh92', 'deguzma1', 'bojdell', 'collin27', 'adalton2', 'sigler4', 'clu11', 'mkennedy3000', 'kyhan2', 'xiaoshi', 'zero0', 'lin171', 'sharklaser1', 'meier3', 'binyeli2', 'mscafi2', 'simmi', 'shaffy', 'hruska3', 'rohan322', 'dgoldstein', 'akatsulis', 'loepker1', 'zliao5', 'ravi7', 'malak577', 'fishbec1', 'nhk150709', 'bfoo2', 'jiangzhouliu1', 'byerke2', 'tzhu13', 'chembur1', 'tatuhiro', 'chan85', 'siyueli2', 'loutiyang1', 'vtseng2', 'slyjedi13', 'smtanaka', 'mrgzg1', 'mynameisniu', 'jensen26', 'tschop2', 'anv1', 'kolze100']",5,"['rcarre5', 'limitless', 'johnklord', 'wang439', None]",133,"['xuzhi92', 'shuoli1', 'wang439', 'zheng41', 'johnklord', 'tigerzhua', 'mehta32', 'hyang49', 'lchuang3', 'marvadar', 'ty32', 'patel162', 'oneill26', 'tanshi1', 'findlay1', 'yuantingnan', 'twgreen2', 'plange4', 'glabelle13', 'ak_tennis77', 'jimmyrey6857', 'stuone19', 'a2140416', 'xia11', 'west14', 'clu24', 'klepits2', 'benzhou1', 'kwilli57', 'dcoombs4', 'froxis820', 'schroe35', 'watts4', 'puent1', 'limitless', 'zqazi1', 'pmpark2', 'davis117', 'jincros0123', 'saiyan86', 'buie1', 'mahowal2', 'beltran8', 'jhabegger', 'jiangao1', 'tkim26', 'chw2006', 'nanshizi', 'lesha_44', 'pierzch1', 'lunaholik', 'saranto2', 'biesboe2', 'yctu', 'jlee455', 'xunchen2', 'grace3050', 'dgskwirut', 'dusxks507', 'cui6', 'jonaskurniawan92', 'jung17', None, 'jshin17', 'swearen1', 'chadzy64', 'michalprys', 'sultanabdal', 'armstr13', 'deruty', 'bansal6', 'logsdon404', 'enj666', 'adonislin', 'jpllinas', 'sgrand2', 'jluzin2', 'mrjohns42', 'baitiko1', 'kashev', 'sbuercklin', 'arsh92', 'deguzma1', 'bojdell', 'collin27', 'adalton2', 'sigler4', 'clu11', 'mkennedy3000', 'kyhan2', 'xiaoshi', 'zero0', 'yng5', 'lin171', 'sharklaser1', 'meier3', 'binyeli2', 'mscafi2', 'simmi', 'shaffy', 'hruska3', 'rohan322', 'semiconducthunter', 'dgoldstein', 'akatsulis', 'loepker1', 'zliao5', 'ravi7', 'malak577', 'fishbec1', 'cawatki2', 'nhk150709', 'bfoo2', 'jiangzhouliu1', 'byerke2', 'tzhu13', 'chembur1', 'tatuhiro', 'chan85', 'siyueli2', 'loutiyang1', 'rcarre5', 'vtseng2', 'slyjedi13', 'smtanaka', 'sivaram2', 'mrgzg1', 'jphogan', 'mynameisniu', 'jensen26', 'tschop2', 'anv1', 'kolze100']"
2,55,129,16,8,"['xunchen2', 'kwilli57', 'xuzhi92', 'yng5', 'jphogan', 'michalprys', 'pierzch1', 'arsh92']",120,"['shuoli1', 'zheng41', 'tigerzhua', 'mehta32', 'hyang49', 'lchuang3', 'marvadar', 'ty32', 'patel162', 'oneill26', 'tanshi1', 'findlay1', 'yuantingnan', 'twgreen2', 'plange4', 'glabelle13', 'ak_tennis77', 'jimmyrey6857', 'stuone19', 'a2140416', 'xia11', 'west14', 'clu24', 'klepits2', 'benzhou1', 'dcoombs4', 'froxis820', 'schroe35', 'watts4', 'puent1', 'zqazi1', 'pmpark2', 'davis117', 'jincros0123', 'saiyan86', 'buie1', 'mahowal2', 'beltran8', 'jhabegger', 'jiangao1', 'tkim26', 'chw2006', 'nanshizi', 'lesha_44', 'lunaholik', 'saranto2', 'biesboe2', 'yctu', 'jlee455', 'grace3050', 'dgskwirut', 'dusxks507', 'cui6', 'jonaskurniawan92', 'jung17', 'jshin17', 'swearen1', 'chadzy64', 'sultanabdal', 'armstr13', 'deruty', 'bansal6', 'logsdon404', 'enj666', 'adonislin', 'jpllinas', 'sgrand2', 'jluzin2', 'mrjohns42', 'baitiko1', 'kashev', 'sbuercklin', 'deguzma1', 'bojdell', 'collin27', 'adalton2', 'sigler4', 'clu11', 'mkennedy3000', 'kyhan2', 'xiaoshi', 'zero0', 'lin171', 'sharklaser1', 'meier3', 'binyeli2', 'mscafi2', 'simmi', 'shaffy', 'hruska3', 'rohan322', 'semiconducthunter', 'dgoldstein', 'akatsulis', 'loepker1', 'zliao5', 'ravi7', 'malak577', 'fishbec1', 'cawatki2', 'nhk150709', 'bfoo2', 'jiangzhouliu1', 'byerke2', 'tzhu13', 'chembur1', 'tatuhiro', 'chan85', 'siyueli2', 'loutiyang1', 'vtseng2', 'slyjedi13', 'smtanaka', 'sivaram2', 'mrgzg1', 'mynameisniu', 'jensen26', 'tschop2', 'anv1', 'kolze100']",8,"['limitless', 'qiyang1', 'slee118', 'johnklord', 'hicklem', 'krishn29', 'hai2', None]",136,"['xuzhi92', 'shuoli1', 'johnklord', 'zheng41', 'tigerzhua', 'mehta32', 'hyang49', 'qiyang1', 'lchuang3', 'marvadar', 'ty32', 'patel162', 'oneill26', 'tanshi1', 'findlay1', 'yuantingnan', 'twgreen2', 'plange4', 'glabelle13', 'ak_tennis77', 'jimmyrey6857', 'stuone19', 'a2140416', 'xia11', 'west14', 'clu24', 'hai2', 'klepits2', 'benzhou1', 'kwilli57', 'dcoombs4', 'froxis820', 'schroe35', 'watts4', 'puent1', 'limitless', 'zqazi1', 'pmpark2', 'davis117', 'jincros0123', 'saiyan86', 'buie1', 'mahowal2', 'beltran8', 'jhabegger', 'jiangao1', 'tkim26', 'chw2006', 'nanshizi', 'lesha_44', 'pierzch1', 'lunaholik', 'saranto2', 'biesboe2', 'yctu', 'jlee455', 'xunchen2', 'grace3050', 'dgskwirut', 'dusxks507', 'cui6', 'jonaskurniawan92', 'jung17', None, 'jshin17', 'swearen1', 'chadzy64', 'michalprys', 'sultanabdal', 'armstr13', 'deruty', 'bansal6', 'logsdon404', 'slee118', 'enj666', 'adonislin', 'jpllinas', 'sgrand2', 'jluzin2', 'mrjohns42', 'baitiko1', 'kashev', 'hicklem', 'sbuercklin', 'arsh92', 'deguzma1', 'bojdell', 'collin27', 'adalton2', 'sigler4', 'clu11', 'mkennedy3000', 'kyhan2', 'xiaoshi', 'zero0', 'yng5', 'lin171', 'sharklaser1', 'meier3', 'binyeli2', 'mscafi2', 'simmi', 'shaffy', 'hruska3', 'rohan322', 'semiconducthunter', 'dgoldstein', 'akatsulis', 'loepker1', 'zliao5', 'ravi7', 'malak577', 'fishbec1', 'cawatki2', 'krishn29', 'nhk150709', 'bfoo2', 'jiangzhouliu1', 'byerke2', 'tzhu13', 'chembur1', 'tatuhiro', 'chan85', 'siyueli2', 'loutiyang1', 'vtseng2', 'slyjedi13', 'smtanaka', 'sivaram2', 'mrgzg1', 'jphogan', 'mynameisniu', 'jensen26', 'tschop2', 'anv1', 'kolze100']"
2,100,129,14,1,['kwilli57'],127,"['xuzhi92', 'shuoli1', 'zheng41', 'tigerzhua', 'mehta32', 'hyang49', 'lchuang3', 'marvadar', 'ty32', 'patel162', 'oneill26', 'tanshi1', 'findlay1', 'yuantingnan', 'twgreen2', 'plange4', 'glabelle13', 'ak_tennis77', 'jimmyrey6857', 'stuone19', 'a2140416', 'xia11', 'west14', 'clu24', 'klepits2', 'benzhou1', 'dcoombs4', 'froxis820', 'schroe35', 'watts4', 'puent1', 'zqazi1', 'pmpark2', 'davis117', 'jincros0123', 'saiyan86', 'buie1', 'mahowal2', 'beltran8', 'jhabegger', 'jiangao1', 'tkim26', 'chw2006', 'nanshizi', 'lesha_44', 'pierzch1', 'lunaholik', 'saranto2', 'biesboe2', 'yctu', 'jlee455', 'xunchen2', 'grace3050', 'dgskwirut', 'dusxks507', 'cui6', 'jonaskurniawan92', 'jung17', 'jshin17', 'swearen1', 'chadzy64', 'michalprys', 'sultanabdal', 'armstr13', 'deruty', 'bansal6', 'logsdon404', 'enj666', 'adonislin', 'jpllinas', 'sgrand2', 'jluzin2', 'mrjohns42', 'baitiko1', 'kashev', 'sbuercklin', 'arsh92', 'deguzma1', 'bojdell', 'collin27', 'adalton2', 'sigler4', 'clu11', 'mkennedy3000', 'kyhan2', 'xiaoshi', 'zero0', 'yng5', 'lin171', 'sharklaser1', 'meier3', 'binyeli2', 'mscafi2', 'simmi', 'shaffy', 'hruska3', 'rohan322', 'semiconducthunter', 'dgoldstein', 'akatsulis', 'loepker1', 'zliao5', 'ravi7', 'malak577', 'fishbec1', 'cawatki2', 'nhk150709', 'bfoo2', 'jiangzhouliu1', 'byerke2', 'tzhu13', 'chembur1', 'tatuhiro', 'chan85', 'siyueli2', 'loutiyang1', 'vtseng2', 'slyjedi13', 'smtanaka', 'sivaram2', 'mrgzg1', 'jphogan', 'mynameisniu', 'jensen26', 'tschop2', 'anv1', 'kolze100']",13,"['sula10', 'dch3n', 'hanley7', 'lefkowi1', 'kilpatr2', 'hasken1', 'shseo1116', 'tazznuva', 'agsmith6', 'myarber4', None, 'tuoliu1', 'ragunat1']",141,"['xuzhi92', 'lefkowi1', 'shuoli1', 'zheng41', 'tigerzhua', 'agsmith6', 'mehta32', 'dch3n', 'hyang49', 'lchuang3', 'marvadar', 'ty32', 'patel162', 'oneill26', 'tanshi1', 'findlay1', 'yuantingnan', 'twgreen2', 'plange4', 'glabelle13', 'ak_tennis77', 'jimmyrey6857', 'stuone19', 'a2140416', 'xia11', 'west14', 'clu24', 'klepits2', 'benzhou1', 'kwilli57', 'dcoombs4', 'froxis820', 'schroe35', 'watts4', 'puent1', 'zqazi1', 'pmpark2', 'davis117', 'jincros0123', 'saiyan86', 'buie1', 'mahowal2', 'beltran8', 'jhabegger', 'jiangao1', 'tkim26', 'chw2006', 'nanshizi', 'lesha_44', 'pierzch1', 'lunaholik', 'saranto2', 'biesboe2', 'yctu', 'jlee455', 'xunchen2', 'grace3050', 'dgskwirut', 'dusxks507', 'cui6', 'jonaskurniawan92', 'jung17', None, 'ragunat1', 'jshin17', 'swearen1', 'chadzy64', 'michalprys', 'myarber4', 'sultanabdal', 'armstr13', 'deruty', 'bansal6', 'logsdon404', 'enj666', 'adonislin', 'jpllinas', 'sgrand2', 'jluzin2', 'sula10', 'mrjohns42', 'baitiko1', 'kashev', 'sbuercklin', 'arsh92', 'deguzma1', 'bojdell', 'collin27', 'adalton2', 'sigler4', 'clu11', 'mkennedy3000', 'kyhan2', 'xiaoshi', 'zero0', 'yng5', 'lin171', 'tuoliu1', 'sharklaser1', 'meier3', 'binyeli2', 'mscafi2', 'simmi', 'shaffy', 'hruska3', 'rohan322', 'semiconducthunter', 'dgoldstein', 'akatsulis', 'loepker1', 'zliao5', 'ravi7', 'hanley7', 'malak577', 'shseo1116', 'fishbec1', 'cawatki2', 'nhk150709', 'bfoo2', 'jiangzhouliu1', 'byerke2', 'tzhu13', 'chembur1', 'tatuhiro', 'hasken1', 'chan85', 'siyueli2', 'loutiyang1', 'vtseng2', 'slyjedi13', 'smtanaka', 'kilpatr2', 'sivaram2', 'mrgzg1', 'jphogan', 'mynameisniu', 'jensen26', 'tschop2', 'anv1', 'tazznuva', 'kolze100']"
2,33,129,11,6,"['vtseng2', 'deruty', 'clu24', 'anv1', 'hruska3', 'mehta32']",122,"['xuzhi92', 'shuoli1', 'zheng41', 'tigerzhua', 'hyang49', 'lchuang3', 'marvadar', 'ty32', 'patel162', 'oneill26', 'tanshi1', 'findlay1', 'yuantingnan', 'twgreen2', 'plange4', 'glabelle13', 'ak_tennis77', 'jimmyrey6857', 'stuone19', 'a2140416', 'xia11', 'west14', 'klepits2', 'benzhou1', 'kwilli57', 'dcoombs4', 'froxis820', 'schroe35', 'watts4', 'puent1', 'zqazi1', 'pmpark2', 'davis117', 'jincros0123', 'saiyan86', 'buie1', 'mahowal2', 'beltran8', 'jhabegger', 'jiangao1', 'tkim26', 'chw2006', 'nanshizi', 'lesha_44', 'pierzch1', 'lunaholik', 'saranto2', 'biesboe2', 'yctu', 'jlee455', 'xunchen2', 'grace3050', 'dgskwirut', 'dusxks507', 'cui6', 'jonaskurniawan92', 'jung17', 'jshin17', 'swearen1', 'chadzy64', 'michalprys', 'sultanabdal', 'armstr13', 'bansal6', 'logsdon404', 'enj666', 'adonislin', 'jpllinas', 'sgrand2', 'jluzin2', 'mrjohns42', 'baitiko1', 'kashev', 'sbuercklin', 'arsh92', 'deguzma1', 'bojdell', 'collin27', 'adalton2', 'sigler4', 'clu11', 'mkennedy3000', 'kyhan2', 'xiaoshi', 'zero0', 'yng5', 'lin171', 'sharklaser1', 'meier3', 'binyeli2', 'mscafi2', 'simmi', 'shaffy', 'rohan322', 'semiconducthunter', 'dgoldstein', 'akatsulis', 'loepker1', 'zliao5', 'ravi7', 'malak577', 'fishbec1', 'cawatki2', 'nhk150709', 'bfoo2', 'jiangzhouliu1', 'byerke2', 'tzhu13', 'chembur1', 'tatuhiro', 'chan85', 'siyueli2', 'loutiyang1', 'slyjedi13', 'smtanaka', 'sivaram2', 'mrgzg1', 'jphogan', 'mynameisniu', 'jensen26', 'tschop2', 'kolze100']",5,"['solanki4', 'kellywu1', 'hermesg', None, 'sg41414']",133,"['xuzhi92', 'shuoli1', 'zheng41', 'tigerzhua', 'mehta32', 'hyang49', 'lchuang3', 'marvadar', 'ty32', 'patel162', 'oneill26', 'tanshi1', 'findlay1', 'yuantingnan', 'twgreen2', 'plange4', 'glabelle13', 'ak_tennis77', 'jimmyrey6857', 'stuone19', 'a2140416', 'xia11', 'west14', 'clu24', 'hermesg', 'klepits2', 'benzhou1', 'kwilli57', 'dcoombs4', 'froxis820', 'schroe35', 'watts4', 'puent1', 'zqazi1', 'pmpark2', 'davis117', 'jincros0123', 'saiyan86', 'buie1', 'mahowal2', 'beltran8', 'jhabegger', 'jiangao1', 'tkim26', 'chw2006', 'nanshizi', 'lesha_44', 'pierzch1', 'lunaholik', 'saranto2', 'biesboe2', 'yctu', 'jlee455', 'xunchen2', 'grace3050', 'dgskwirut', 'dusxks507', 'cui6', 'kellywu1', 'jonaskurniawan92', 'jung17', None, 'jshin17', 'swearen1', 'chadzy64', 'michalprys', 'sultanabdal', 'armstr13', 'deruty', 'bansal6', 'logsdon404', 'enj666', 'adonislin', 'jpllinas', 'sgrand2', 'jluzin2', 'mrjohns42', 'baitiko1', 'kashev', 'sbuercklin', 'arsh92', 'deguzma1', 'bojdell', 'collin27', 'adalton2', 'sigler4', 'clu11', 'mkennedy3000', 'kyhan2', 'xiaoshi', 'zero0', 'yng5', 'lin171', 'sharklaser1', 'meier3', 'binyeli2', 'mscafi2', 'simmi', 'shaffy', 'hruska3', 'rohan322', 'semiconducthunter', 'dgoldstein', 'akatsulis', 'loepker1', 'zliao5', 'ravi7', 'malak577', 'fishbec1', 'cawatki2', 'nhk150709', 'bfoo2', 'jiangzhouliu1', 'byerke2', 'tzhu13', 'chembur1', 'tatuhiro', 'chan85', 'siyueli2', 'loutiyang1', 'vtseng2', 'slyjedi13', 'smtanaka', 'solanki4', 'sivaram2', 'mrgzg1', 'jphogan', 'mynameisniu', 'jensen26', 'tschop2', 'anv1', 'sg41414', 'kolze100']"
2,129,129,11,3,"['buie1', 'tatuhiro', 'dusxks507']",125,"['xuzhi92', 'shuoli1', 'zheng41', 'tigerzhua', 'mehta32', 'hyang49', 'lchuang3', 'marvadar', 'ty32', 'patel162', 'oneill26', 'tanshi1', 'findlay1', 'yuantingnan', 'twgreen2', 'plange4', 'glabelle13', 'ak_tennis77', 'jimmyrey6857', 'stuone19', 'a2140416', 'xia11', 'west14', 'clu24', 'klepits2', 'benzhou1', 'kwilli57', 'dcoombs4', 'froxis820', 'schroe35', 'watts4', 'puent1', 'zqazi1', 'pmpark2', 'davis117', 'jincros0123', 'saiyan86', 'mahowal2', 'beltran8', 'jhabegger', 'jiangao1', 'tkim26', 'chw2006', 'nanshizi', 'lesha_44', 'pierzch1', 'lunaholik', 'saranto2', 'biesboe2', 'yctu', 'jlee455', 'xunchen2', 'grace3050', 'dgskwirut', 'cui6', 'jonaskurniawan92', 'jung17', 'jshin17', 'swearen1', 'chadzy64', 'michalprys', 'sultanabdal', 'armstr13', 'deruty', 'bansal6', 'logsdon404', 'enj666', 'adonislin', 'jpllinas', 'sgrand2', 'jluzin2', 'mrjohns42', 'baitiko1', 'kashev', 'sbuercklin', 'arsh92', 'deguzma1', 'bojdell', 'collin27', 'adalton2', 'sigler4', 'clu11', 'mkennedy3000', 'kyhan2', 'xiaoshi', 'zero0', 'yng5', 'lin171', 'sharklaser1', 'meier3', 'binyeli2', 'mscafi2', 'simmi', 'shaffy', 'hruska3', 'rohan322', 'semiconducthunter', 'dgoldstein', 'akatsulis', 'loepker1', 'zliao5', 'ravi7', 'malak577', 'fishbec1', 'cawatki2', 'nhk150709', 'bfoo2', 'jiangzhouliu1', 'byerke2', 'tzhu13', 'chembur1', 'chan85', 'siyueli2', 'loutiyang1', 'vtseng2', 'slyjedi13', 'smtanaka', 'sivaram2', 'mrgzg1', 'jphogan', 'mynameisniu', 'jensen26', 'tschop2', 'anv1', 'kolze100']",8,"['mkjo2', 'mvanek', 'won9', 'cococo524', 'kapauan1', 'rmeyer429', None, 'sg41414']",136,"['mvanek', 'xuzhi92', 'shuoli1', 'zheng41', 'tigerzhua', 'mehta32', 'hyang49', 'lchuang3', 'marvadar', 'ty32', 'patel162', 'oneill26', 'tanshi1', 'findlay1', 'yuantingnan', 'twgreen2', 'plange4', 'glabelle13', 'ak_tennis77', 'jimmyrey6857', 'stuone19', 'a2140416', 'xia11', 'west14', 'clu24', 'kapauan1', 'klepits2', 'benzhou1', 'kwilli57', 'dcoombs4', 'froxis820', 'schroe35', 'watts4', 'puent1', 'zqazi1', 'pmpark2', 'davis117', 'cococo524', 'jincros0123', 'saiyan86', 'buie1', 'mahowal2', 'beltran8', 'jhabegger', 'jiangao1', 'tkim26', 'chw2006', 'nanshizi', 'lesha_44', 'pierzch1', 'lunaholik', 'saranto2', 'biesboe2', 'yctu', 'jlee455', 'xunchen2', 'grace3050', 'dgskwirut', 'dusxks507', 'cui6', 'jonaskurniawan92', 'jung17', None, 'jshin17', 'swearen1', 'chadzy64', 'michalprys', 'sultanabdal', 'armstr13', 'deruty', 'bansal6', 'won9', 'logsdon404', 'enj666', 'adonislin', 'jpllinas', 'sgrand2', 'jluzin2', 'mrjohns42', 'baitiko1', 'kashev', 'sbuercklin', 'arsh92', 'deguzma1', 'bojdell', 'collin27', 'adalton2', 'sigler4', 'clu11', 'mkennedy3000', 'kyhan2', 'xiaoshi', 'zero0', 'yng5', 'lin171', 'sharklaser1', 'meier3', 'binyeli2', 'mscafi2', 'simmi', 'shaffy', 'hruska3', 'rohan322', 'semiconducthunter', 'dgoldstein', 'akatsulis', 'loepker1', 'zliao5', 'ravi7', 'malak577', 'fishbec1', 'cawatki2', 'nhk150709', 'bfoo2', 'jiangzhouliu1', 'byerke2', 'tzhu13', 'chembur1', 'tatuhiro', 'rmeyer429', 'chan85', 'siyueli2', 'loutiyang1', 'mkjo2', 'vtseng2', 'slyjedi13', 'smtanaka', 'sivaram2', 'mrgzg1', 'jphogan', 'mynameisniu', 'jensen26', 'tschop2', 'anv1', 'sg41414', 'kolze100']"
2,83,129,10,9,"['baitiko1', 'xuzhi92', 'puent1', 'cawatki2', 'nanshizi', 'oneill26', 'yng5', 'pierzch1', 'jluzin2']",119,"['shuoli1', 'zheng41', 'tigerzhua', 'mehta32', 'hyang49', 'lchuang3', 'marvadar', 'ty32', 'patel162', 'tanshi1', 'findlay1', 'yuantingnan', 'twgreen2', 'plange4', 'glabelle13', 'ak_tennis77', 'jimmyrey6857', 'stuone19', 'a2140416', 'xia11', 'west14', 'clu24', 'klepits2', 'benzhou1', 'kwilli57', 'dcoombs4', 'froxis820', 'schroe35', 'watts4', 'zqazi1', 'pmpark2', 'davis117', 'jincros0123', 'saiyan86', 'buie1', 'mahowal2', 'beltran8', 'jhabegger', 'jiangao1', 'tkim26', 'chw2006', 'lesha_44', 'lunaholik', 'saranto2', 'biesboe2', 'yctu', 'jlee455', 'xunchen2', 'grace3050', 'dgskwirut', 'dusxks507', 'cui6', 'jonaskurniawan92', 'jung17', 'jshin17', 'swearen1', 'chadzy64', 'michalprys', 'sultanabdal', 'armstr13', 'deruty', 'bansal6', 'logsdon404', 'enj666', 'adonislin', 'jpllinas', 'sgrand2', 'mrjohns42', 'kashev', 'sbuercklin', 'arsh92', 'deguzma1', 'bojdell', 'collin27', 'adalton2', 'sigler4', 'clu11', 'mkennedy3000', 'kyhan2', 'xiaoshi', 'zero0', 'lin171', 'sharklaser1', 'meier3', 'binyeli2', 'mscafi2', 'simmi', 'shaffy', 'hruska3', 'rohan322', 'semiconducthunter', 'dgoldstein', 'akatsulis', 'loepker1', 'zliao5', 'ravi7', 'malak577', 'fishbec1', 'nhk150709', 'bfoo2', 'jiangzhouliu1', 'byerke2', 'tzhu13', 'chembur1', 'tatuhiro', 'chan85', 'siyueli2', 'loutiyang1', 'vtseng2', 'slyjedi13', 'smtanaka', 'sivaram2', 'mrgzg1', 'jphogan', 'mynameisniu', 'jensen26', 'tschop2', 'anv1', 'kolze100']",1,[None],129,"['xuzhi92', 'shuoli1', 'zheng41', 'tigerzhua', 'mehta32', 'hyang49', 'lchuang3', 'marvadar', 'ty32', 'patel162', 'oneill26', 'tanshi1', 'findlay1', 'yuantingnan', 'twgreen2', 'plange4', 'glabelle13', 'ak_tennis77', 'jimmyrey6857', 'stuone19', 'a2140416', 'xia11', 'west14', 'clu24', 'klepits2', 'benzhou1', 'kwilli57', 'dcoombs4', 'froxis820', 'schroe35', 'watts4', 'puent1', 'zqazi1', 'pmpark2', 'davis117', 'jincros0123', 'saiyan86', 'buie1', 'mahowal2', 'beltran8', 'jhabegger', 'jiangao1', 'tkim26', 'chw2006', 'nanshizi', 'lesha_44', 'pierzch1', 'lunaholik', 'saranto2', 'biesboe2', 'yctu', 'jlee455', 'xunchen2', 'grace3050', 'dgskwirut', 'dusxks507', 'cui6', 'jonaskurniawan92', 'jung17', None, 'jshin17', 'swearen1', 'chadzy64', 'michalprys', 'sultanabdal', 'armstr13', 'deruty', 'bansal6', 'logsdon404', 'enj666', 'adonislin', 'jpllinas', 'sgrand2', 'jluzin2', 'mrjohns42', 'baitiko1', 'kashev', 'sbuercklin', 'arsh92', 'deguzma1', 'bojdell', 'collin27', 'adalton2', 'sigler4', 'clu11', 'mkennedy3000', 'kyhan2', 'xiaoshi', 'zero0', 'yng5', 'lin171', 'sharklaser1', 'meier3', 'binyeli2', 'mscafi2', 'simmi', 'shaffy', 'hruska3', 'rohan322', 'semiconducthunter', 'dgoldstein', 'akatsulis', 'loepker1', 'zliao5', 'ravi7', 'malak577', 'fishbec1', 'cawatki2', 'nhk150709', 'bfoo2', 'jiangzhouliu1', 'byerke2', 'tzhu13', 'chembur1', 'tatuhiro', 'chan85', 'siyueli2', 'loutiyang1', 'vtseng2', 'slyjedi13', 'smtanaka', 'sivaram2', 'mrgzg1', 'jphogan', 'mynameisniu', 'jensen26', 'tschop2', 'anv1', 'kolze100']"
2,80,129,9,1,['kwilli57'],127,"['xuzhi92', 'shuoli1', 'zheng41', 'tigerzhua', 'mehta32', 'hyang49', 'lchuang3', 'marvadar', 'ty32', 'patel162', 'oneill26', 'tanshi1', 'findlay1', 'yuantingnan', 'twgreen2', 'plange4', 'glabelle13', 'ak_tennis77', 'jimmyrey6857', 'stuone19', 'a2140416', 'xia11', 'west14', 'clu24', 'klepits2', 'benzhou1', 'dcoombs4', 'froxis820', 'schroe35', 'watts4', 'puent1', 'zqazi1', 'pmpark2', 'davis117', 'jincros0123', 'saiyan86', 'buie1', 'mahowal2', 'beltran8', 'jhabegger', 'jiangao1', 'tkim26', 'chw2006', 'nanshizi', 'lesha_44', 'pierzch1', 'lunaholik', 'saranto2', 'biesboe2', 'yctu', 'jlee455', 'xunchen2', 'grace3050', 'dgskwirut', 'dusxks507', 'cui6', 'jonaskurniawan92', 'jung17', 'jshin17', 'swearen1', 'chadzy64', 'michalprys', 'sultanabdal', 'armstr13', 'deruty', 'bansal6', 'logsdon404', 'enj666', 'adonislin', 'jpllinas', 'sgrand2', 'jluzin2', 'mrjohns42', 'baitiko1', 'kashev', 'sbuercklin', 'arsh92', 'deguzma1', 'bojdell', 'collin27', 'adalton2', 'sigler4', 'clu11', 'mkennedy3000', 'kyhan2', 'xiaoshi', 'zero0', 'yng5', 'lin171', 'sharklaser1', 'meier3', 'binyeli2', 'mscafi2', 'simmi', 'shaffy', 'hruska3', 'rohan322', 'semiconducthunter', 'dgoldstein', 'akatsulis', 'loepker1', 'zliao5', 'ravi7', 'malak577', 'fishbec1', 'cawatki2', 'nhk150709', 'bfoo2', 'jiangzhouliu1', 'byerke2', 'tzhu13', 'chembur1', 'tatuhiro', 'chan85', 'siyueli2', 'loutiyang1', 'vtseng2', 'slyjedi13', 'smtanaka', 'sivaram2', 'mrgzg1', 'jphogan', 'mynameisniu', 'jensen26', 'tschop2', 'anv1', 'kolze100']",8,"[None, 'kilpatr2', 'kamman2', 'cernaus1', 'hasken1', 'myarber4', 'banerje1', 'shseo0315']",136,"['xuzhi92', 'shuoli1', 'zheng41', 'tigerzhua', 'mehta32', 'hyang49', 'lchuang3', 'marvadar', 'ty32', 'patel162', 'oneill26', 'tanshi1', 'findlay1', 'yuantingnan', 'twgreen2', 'plange4', 'glabelle13', 'ak_tennis77', 'jimmyrey6857', 'stuone19', 'a2140416', 'xia11', 'west14', 'clu24', 'klepits2', 'benzhou1', 'kwilli57', 'dcoombs4', 'froxis820', 'schroe35', 'watts4', 'puent1', 'zqazi1', 'kamman2', 'pmpark2', 'davis117', 'jincros0123', 'saiyan86', 'buie1', 'mahowal2', 'beltran8', 'jhabegger', 'jiangao1', 'tkim26', 'chw2006', 'nanshizi', 'lesha_44', 'pierzch1', 'lunaholik', 'saranto2', 'biesboe2', 'yctu', 'jlee455', 'xunchen2', 'grace3050', 'dgskwirut', 'dusxks507', 'cui6', 'jonaskurniawan92', 'jung17', None, 'jshin17', 'swearen1', 'chadzy64', 'michalprys', 'myarber4', 'sultanabdal', 'armstr13', 'deruty', 'bansal6', 'logsdon404', 'enj666', 'adonislin', 'jpllinas', 'sgrand2', 'jluzin2', 'mrjohns42', 'baitiko1', 'kashev', 'sbuercklin', 'arsh92', 'deguzma1', 'bojdell', 'collin27', 'adalton2', 'sigler4', 'clu11', 'mkennedy3000', 'kyhan2', 'xiaoshi', 'zero0', 'yng5', 'lin171', 'sharklaser1', 'meier3', 'binyeli2', 'mscafi2', 'simmi', 'shaffy', 'hruska3', 'rohan322', 'semiconducthunter', 'dgoldstein', 'akatsulis', 'loepker1', 'zliao5', 'ravi7', 'malak577', 'fishbec1', 'cawatki2', 'nhk150709', 'shseo0315', 'bfoo2', 'jiangzhouliu1', 'byerke2', 'tzhu13', 'cernaus1', 'chembur1', 'tatuhiro', 'hasken1', 'chan85', 'banerje1', 'siyueli2', 'loutiyang1', 'vtseng2', 'slyjedi13', 'smtanaka', 'kilpatr2', 'sivaram2', 'mrgzg1', 'jphogan', 'mynameisniu', 'jensen26', 'tschop2', 'anv1', 'kolze100']"
2,34,129,6,3,"['xunchen2', 'yng5', 'michalprys']",125,"['xuzhi92', 'shuoli1', 'zheng41', 'tigerzhua', 'mehta32', 'hyang49', 'lchuang3', 'marvadar', 'ty32', 'patel162', 'oneill26', 'tanshi1', 'findlay1', 'yuantingnan', 'twgreen2', 'plange4', 'glabelle13', 'ak_tennis77', 'jimmyrey6857', 'stuone19', 'a2140416', 'xia11', 'west14', 'clu24', 'klepits2', 'benzhou1', 'kwilli57', 'dcoombs4', 'froxis820', 'schroe35', 'watts4', 'puent1', 'zqazi1', 'pmpark2', 'davis117', 'jincros0123', 'saiyan86', 'buie1', 'mahowal2', 'beltran8', 'jhabegger', 'jiangao1', 'tkim26', 'chw2006', 'nanshizi', 'lesha_44', 'pierzch1', 'lunaholik', 'saranto2', 'biesboe2', 'yctu', 'jlee455', 'grace3050', 'dgskwirut', 'dusxks507', 'cui6', 'jonaskurniawan92', 'jung17', 'jshin17', 'swearen1', 'chadzy64', 'sultanabdal', 'armstr13', 'deruty', 'bansal6', 'logsdon404', 'enj666', 'adonislin', 'jpllinas', 'sgrand2', 'jluzin2', 'mrjohns42', 'baitiko1', 'kashev', 'sbuercklin', 'arsh92', 'deguzma1', 'bojdell', 'collin27', 'adalton2', 'sigler4', 'clu11', 'mkennedy3000', 'kyhan2', 'xiaoshi', 'zero0', 'lin171', 'sharklaser1', 'meier3', 'binyeli2', 'mscafi2', 'simmi', 'shaffy', 'hruska3', 'rohan322', 'semiconducthunter', 'dgoldstein', 'akatsulis', 'loepker1', 'zliao5', 'ravi7', 'malak577', 'fishbec1', 'cawatki2', 'nhk150709', 'bfoo2', 'jiangzhouliu1', 'byerke2', 'tzhu13', 'chembur1', 'tatuhiro', 'chan85', 'siyueli2', 'loutiyang1', 'vtseng2', 'slyjedi13', 'smtanaka', 'sivaram2', 'mrgzg1', 'jphogan', 'mynameisniu', 'jensen26', 'tschop2', 'anv1', 'kolze100']",3,"['rcarre5', None, 'wang439']",131,"['xuzhi92', 'shuoli1', 'wang439', 'zheng41', 'tigerzhua', 'mehta32', 'hyang49', 'lchuang3', 'marvadar', 'ty32', 'patel162', 'oneill26', 'tanshi1', 'findlay1', 'yuantingnan', 'twgreen2', 'plange4', 'glabelle13', 'ak_tennis77', 'jimmyrey6857', 'stuone19', 'a2140416', 'xia11', 'west14', 'clu24', 'klepits2', 'benzhou1', 'kwilli57', 'dcoombs4', 'froxis820', 'schroe35', 'watts4', 'puent1', 'zqazi1', 'pmpark2', 'davis117', 'jincros0123', 'saiyan86', 'buie1', 'mahowal2', 'beltran8', 'jhabegger', 'jiangao1', 'tkim26', 'chw2006', 'nanshizi', 'lesha_44', 'pierzch1', 'lunaholik', 'saranto2', 'biesboe2', 'yctu', 'jlee455', 'xunchen2', 'grace3050', 'dgskwirut', 'dusxks507', 'cui6', 'jonaskurniawan92', 'jung17', None, 'jshin17', 'swearen1', 'chadzy64', 'michalprys', 'sultanabdal', 'armstr13', 'deruty', 'bansal6', 'logsdon404', 'enj666', 'adonislin', 'jpllinas', 'sgrand2', 'jluzin2', 'mrjohns42', 'baitiko1', 'kashev', 'sbuercklin', 'arsh92', 'deguzma1', 'bojdell', 'collin27', 'adalton2', 'sigler4', 'clu11', 'mkennedy3000', 'kyhan2', 'xiaoshi', 'zero0', 'yng5', 'lin171', 'sharklaser1', 'meier3', 'binyeli2', 'mscafi2', 'simmi', 'shaffy', 'hruska3', 'rohan322', 'semiconducthunter', 'dgoldstein', 'akatsulis', 'loepker1', 'zliao5', 'ravi7', 'malak577', 'fishbec1', 'cawatki2', 'nhk150709', 'bfoo2', 'jiangzhouliu1', 'byerke2', 'tzhu13', 'chembur1', 'tatuhiro', 'chan85', 'siyueli2', 'loutiyang1', 'rcarre5', 'vtseng2', 'slyjedi13', 'smtanaka', 'sivaram2', 'mrgzg1', 'jphogan', 'mynameisniu', 'jensen26', 'tschop2', 'anv1', 'kolze100']"
3,186,126,25,24,"['jeremyender', 'diegocamelo2610', 'mp.gonzalez2481', 'nicogonislc', 'julianricom', 'dianacalpa', 'laurammartinez', 'yc.diaz415', 'rs.petrel141', 'alejandro_mora', 'afe.martinez', 'pmarenco', 'ghostman', 'juankmilo93', 'ej.araujo', 'careyes1787', 'pc.combariza2656', 'grupomateriales', 'alejoz_02', 'jc.montoya496', 'js.martinez777', 'aa.alba367', 'jorge.mmoreno', 'monicatuta']",101,"['chenchao', 'slpinjare', 'eng_sarah_youssef', 'aj_ca', 'atownjmc', 'am.alarcon346', 'frankyu42', 'hyk123', 'stambatr', 'nnagy', 'kelseyj', 'ninjasensay', 'jjyang', 'denzel.pressey', 'anadrol', 'ferrillc121682', 'atazmi', 'ltracy', 'lukejpaul', 'mengdizou', 'cridley', 'mumfordr', 'jlpepe101', 'urbanmouse', 'anjanadissa', 'sagerk.d', 'asadkhan', 'timothybrandt', 'tlee', 'davidk504', 'nrmkirkwood', 'skybug871', 'outsider614', 'engineerman1000', 'connorka', 'honedsteel', 'bj03rn', 'hawkinsn', 'olivier.dubray', 'towad', 'boomandvibe', 'wmd145', 'ramonemiliani93', 'corp28', 'rachelle0328', 'mdorma', 'kstvn', 'meadows.joseph6', 'spolly', 'dclinton', 'jacobs893', 'cy9160', 'jacobdotson7009', 'tomos', 'jquinone', 'csnapdragon', 'jputty12', 'mrzeszut', 'jessecmillwood', 'irinatyx', 'bardon', 'kole83', 'jiaolh', 'glennrfisher', 'mklinger', 'nitesh', 'xeta', 'itsschuam', 'bdube', 'wkc87', 'ethansutton21', 'saraali', 'mahbod', 'zobayerrussell', 'robot2013', 'eric005', 'ortegavj', 'emann', 'bafoos', 'jjdelacruz', 'troskyh', 'rumseyc1992', 'kvonehr', 'ozantoteles', 'stran2', 'md.nomani', 'cgreenwald', 'ademeter', 'nicsmith', 'joeybadass', 'roopang30', 'trix', 'denardgoodman', 'theise', 'renatorwth', 'thbaende', 'jdyk1030', 'whitekjh0410', 'holdencu', 'realityinabox', 'tiim89']",1,[None],126,"['jeremyender', 'chenchao', 'slpinjare', 'eng_sarah_youssef', 'aj_ca', 'atownjmc', 'am.alarcon346', 'frankyu42', 'hyk123', 'stambatr', 'nnagy', 'kelseyj', 'nicogonislc', 'mp.gonzalez2481', 'ninjasensay', 'jjyang', 'denzel.pressey', 'anadrol', 'ferrillc121682', 'laurammartinez', 'atazmi', 'ltracy', 'yc.diaz415', 'lukejpaul', 'mengdizou', 'ghostman', 'cridley', 'mumfordr', 'jlpepe101', 'urbanmouse', 'anjanadissa', 'sagerk.d', 'asadkhan', 'ej.araujo', 'timothybrandt', 'tlee', 'davidk504', 'nrmkirkwood', 'skybug871', 'outsider614', 'engineerman1000', 'pc.combariza2656', 'connorka', 'honedsteel', 'bj03rn', 'hawkinsn', 'olivier.dubray', 'towad', 'boomandvibe', 'wmd145', 'ramonemiliani93', 'corp28', 'rachelle0328', 'mdorma', 'kstvn', 'meadows.joseph6', 'spolly', 'dclinton', 'jacobs893', 'cy9160', 'monicatuta', 'jacobdotson7009', 'diegocamelo2610', 'tomos', 'jquinone', 'csnapdragon', 'jputty12', 'mrzeszut', 'jessecmillwood', 'irinatyx', 'julianricom', 'bardon', 'dianacalpa', 'rs.petrel141', 'kole83', 'jiaolh', 'alejandro_mora', 'pmarenco', 'glennrfisher', 'afe.martinez', 'mklinger', 'nitesh', 'juankmilo93', 'xeta', 'itsschuam', 'bdube', 'careyes1787', 'wkc87', 'ethansutton21', 'saraali', 'mahbod', 'zobayerrussell', 'robot2013', 'eric005', 'ortegavj', 'emann', 'bafoos', 'jjdelacruz', 'troskyh', 'grupomateriales', 'rumseyc1992', 'kvonehr', 'ozantoteles', 'stran2', 'md.nomani', None, 'cgreenwald', 'ademeter', 'alejoz_02', 'jc.montoya496', 'js.martinez777', 'aa.alba367', 'nicsmith', 'joeybadass', 'roopang30', 'trix', 'denardgoodman', 'theise', 'renatorwth', 'jorge.mmoreno', 'thbaende', 'jdyk1030', 'whitekjh0410', 'holdencu', 'realityinabox', 'tiim89']"
3,175,126,23,15,"['jeremyender', 'pmarenco', 'afe.martinez', 'pc.combariza2656', 'jc.montoya496', 'kstvn', 'juankmilo93', 'am.alarcon346', 'js.martinez777', 'aa.alba367', 'troskyh', 'jorge.mmoreno', 'julianricom', 'yc.diaz415', 'monicatuta']",110,"['chenchao', 'slpinjare', 'eng_sarah_youssef', 'aj_ca', 'atownjmc', 'frankyu42', 'hyk123', 'stambatr', 'nnagy', 'kelseyj', 'nicogonislc', 'mp.gonzalez2481', 'ninjasensay', 'jjyang', 'denzel.pressey', 'anadrol', 'ferrillc121682', 'laurammartinez', 'atazmi', 'ltracy', 'lukejpaul', 'mengdizou', 'ghostman', 'cridley', 'mumfordr', 'jlpepe101', 'urbanmouse', 'anjanadissa', 'sagerk.d', 'asadkhan', 'ej.araujo', 'timothybrandt', 'tlee', 'davidk504', 'nrmkirkwood', 'skybug871', 'outsider614', 'engineerman1000', 'connorka', 'honedsteel', 'bj03rn', 'hawkinsn', 'olivier.dubray', 'towad', 'boomandvibe', 'wmd145', 'ramonemiliani93', 'corp28', 'rachelle0328', 'mdorma', 'meadows.joseph6', 'spolly', 'dclinton', 'jacobs893', 'cy9160', 'jacobdotson7009', 'diegocamelo2610', 'tomos', 'jquinone', 'csnapdragon', 'jputty12', 'mrzeszut', 'jessecmillwood', 'irinatyx', 'bardon', 'dianacalpa', 'rs.petrel141', 'kole83', 'jiaolh', 'alejandro_mora', 'glennrfisher', 'mklinger', 'nitesh', 'xeta', 'itsschuam', 'bdube', 'careyes1787', 'wkc87', 'ethansutton21', 'saraali', 'mahbod', 'zobayerrussell', 'robot2013', 'eric005', 'ortegavj', 'emann', 'bafoos', 'jjdelacruz', 'grupomateriales', 'rumseyc1992', 'kvonehr', 'ozantoteles', 'stran2', 'md.nomani', 'cgreenwald', 'ademeter', 'alejoz_02', 'nicsmith', 'joeybadass', 'roopang30', 'trix', 'denardgoodman', 'theise', 'renatorwth', 'thbaende', 'jdyk1030', 'whitekjh0410', 'holdencu', 'realityinabox', 'tiim89']",8,"['dm.camelo2610', 'dm.sepulveda2246', 'josericardo', 'neslycastro', 'rafaelsosa2013', 'cdaza933', 'catalinaalbornoz1', None]",133,"['jeremyender', 'chenchao', 'slpinjare', 'eng_sarah_youssef', 'aj_ca', 'atownjmc', 'am.alarcon346', 'frankyu42', 'hyk123', 'stambatr', 'nnagy', 'kelseyj', 'nicogonislc', 'mp.gonzalez2481', 'ninjasensay', 'jjyang', 'denzel.pressey', 'anadrol', 'ferrillc121682', 'laurammartinez', 'atazmi', 'ltracy', 'yc.diaz415', 'lukejpaul', 'mengdizou', 'ghostman', 'cridley', 'mumfordr', 'jlpepe101', 'urbanmouse', 'anjanadissa', 'sagerk.d', 'asadkhan', 'ej.araujo', 'timothybrandt', 'tlee', 'davidk504', 'nrmkirkwood', 'skybug871', 'outsider614', 'engineerman1000', 'pc.combariza2656', 'connorka', 'honedsteel', 'bj03rn', 'hawkinsn', 'olivier.dubray', 'towad', 'boomandvibe', 'wmd145', 'ramonemiliani93', 'corp28', 'rachelle0328', 'mdorma', 'kstvn', 'meadows.joseph6', 'neslycastro', 'spolly', 'dclinton', 'jacobs893', 'cdaza933', 'cy9160', 'monicatuta', 'jacobdotson7009', 'diegocamelo2610', 'tomos', 'jquinone', 'csnapdragon', 'dm.camelo2610', 'jputty12', 'dm.sepulveda2246', 'mrzeszut', 'jessecmillwood', 'irinatyx', 'catalinaalbornoz1', 'julianricom', 'bardon', 'dianacalpa', 'rs.petrel141', 'kole83', 'jiaolh', 'alejandro_mora', 'pmarenco', 'glennrfisher', 'afe.martinez', 'mklinger', 'nitesh', 'juankmilo93', 'xeta', 'itsschuam', 'rafaelsosa2013', 'bdube', 'careyes1787', 'wkc87', 'ethansutton21', 'saraali', 'mahbod', 'zobayerrussell', 'robot2013', 'eric005', 'ortegavj', 'emann', 'bafoos', 'jjdelacruz', 'troskyh', 'grupomateriales', 'rumseyc1992', 'kvonehr', 'ozantoteles', 'stran2', 'md.nomani', None, 'cgreenwald', 'ademeter', 'alejoz_02', 'jc.montoya496', 'js.martinez777', 'aa.alba367', 'josericardo', 'nicsmith', 'joeybadass', 'roopang30', 'trix', 'denardgoodman', 'theise', 'renatorwth', 'jorge.mmoreno', 'thbaende', 'jdyk1030', 'whitekjh0410', 'holdencu', 'realityinabox', 'tiim89']"
3,190,126,22,18,"['ademeter', 'skybug871', 'mengdizou', 'atownjmc', 'jlpepe101', 'frankyu42', 'meadows.joseph6', 'urbanmouse', 'mrzeszut', 'boomandvibe', 'irinatyx', 'ethansutton21', 'denzel.pressey', 'davidk504', 'stran2', 'mahbod', 'robot2013', 'mklinger']",107,"['jeremyender', 'chenchao', 'slpinjare', 'eng_sarah_youssef', 'aj_ca', 'am.alarcon346', 'hyk123', 'stambatr', 'nnagy', 'kelseyj', 'nicogonislc', 'mp.gonzalez2481', 'ninjasensay', 'jjyang', 'anadrol', 'ferrillc121682', 'laurammartinez', 'atazmi', 'ltracy', 'yc.diaz415', 'lukejpaul', 'ghostman', 'cridley', 'mumfordr', 'anjanadissa', 'sagerk.d', 'asadkhan', 'ej.araujo', 'timothybrandt', 'tlee', 'nrmkirkwood', 'outsider614', 'engineerman1000', 'pc.combariza2656', 'connorka', 'honedsteel', 'bj03rn', 'hawkinsn', 'olivier.dubray', 'towad', 'wmd145', 'ramonemiliani93', 'corp28', 'rachelle0328', 'mdorma', 'kstvn', 'spolly', 'dclinton', 'jacobs893', 'cy9160', 'monicatuta', 'jacobdotson7009', 'diegocamelo2610', 'tomos', 'jquinone', 'csnapdragon', 'jputty12', 'jessecmillwood', 'julianricom', 'bardon', 'dianacalpa', 'rs.petrel141', 'kole83', 'jiaolh', 'alejandro_mora', 'pmarenco', 'glennrfisher', 'afe.martinez', 'nitesh', 'juankmilo93', 'xeta', 'itsschuam', 'bdube', 'careyes1787', 'wkc87', 'saraali', 'zobayerrussell', 'eric005', 'ortegavj', 'emann', 'bafoos', 'jjdelacruz', 'troskyh', 'grupomateriales', 'rumseyc1992', 'kvonehr', 'ozantoteles', 'md.nomani', 'cgreenwald', 'alejoz_02', 'jc.montoya496', 'js.martinez777', 'aa.alba367', 'nicsmith', 'joeybadass', 'roopang30', 'trix', 'denardgoodman', 'theise', 'renatorwth', 'jorge.mmoreno', 'thbaende', 'jdyk1030', 'whitekjh0410', 'holdencu', 'realityinabox', 'tiim89']",4,"['erikted', None, 'shaho73', 'bhilkin']",129,"['jeremyender', 'chenchao', 'slpinjare', 'eng_sarah_youssef', 'aj_ca', 'atownjmc', 'am.alarcon346', 'frankyu42', 'hyk123', 'stambatr', 'nnagy', 'kelseyj', 'bhilkin', 'nicogonislc', 'mp.gonzalez2481', 'ninjasensay', 'jjyang', 'denzel.pressey', 'anadrol', 'ferrillc121682', 'laurammartinez', 'atazmi', 'ltracy', 'yc.diaz415', 'lukejpaul', 'mengdizou', 'ghostman', 'cridley', 'mumfordr', 'jlpepe101', 'urbanmouse', 'anjanadissa', 'sagerk.d', 'asadkhan', 'ej.araujo', 'timothybrandt', 'tlee', 'davidk504', 'nrmkirkwood', 'skybug871', 'outsider614', 'engineerman1000', 'pc.combariza2656', 'connorka', 'honedsteel', 'bj03rn', 'hawkinsn', 'olivier.dubray', 'towad', 'boomandvibe', 'wmd145', 'ramonemiliani93', 'corp28', 'erikted', 'rachelle0328', 'mdorma', 'kstvn', 'meadows.joseph6', 'shaho73', 'spolly', 'dclinton', 'jacobs893', 'cy9160', 'monicatuta', 'jacobdotson7009', 'diegocamelo2610', 'tomos', 'jquinone', 'csnapdragon', 'jputty12', 'mrzeszut', 'jessecmillwood', 'irinatyx', 'julianricom', 'bardon', 'dianacalpa', 'rs.petrel141', 'kole83', 'jiaolh', 'alejandro_mora', 'pmarenco', 'glennrfisher', 'afe.martinez', 'mklinger', 'nitesh', 'juankmilo93', 'xeta', 'itsschuam', 'bdube', 'careyes1787', 'wkc87', 'ethansutton21', 'saraali', 'mahbod', 'zobayerrussell', 'robot2013', 'eric005', 'ortegavj', 'emann', 'bafoos', 'jjdelacruz', 'troskyh', 'grupomateriales', 'rumseyc1992', 'kvonehr', 'ozantoteles', 'stran2', 'md.nomani', None, 'cgreenwald', 'ademeter', 'alejoz_02', 'jc.montoya496', 'js.martinez777', 'aa.alba367', 'nicsmith', 'joeybadass', 'roopang30', 'trix', 'denardgoodman', 'theise', 'renatorwth', 'jorge.mmoreno', 'thbaende', 'jdyk1030', 'whitekjh0410', 'holdencu', 'realityinabox', 'tiim89']"
3,184,126,20,19,"['stambatr', 'kelseyj', 'jputty12', 'jessecmillwood', 'ferrillc121682', 'jiaolh', 'lukejpaul', 'mumfordr', 'itsschuam', 'sagerk.d', 'timothybrandt', 'ortegavj', 'engineerman1000', 'hawkinsn', 'kvonehr', 'theise', 'cy9160', 'rumseyc1992', 'realityinabox']",106,"['jeremyender', 'chenchao', 'slpinjare', 'eng_sarah_youssef', 'aj_ca', 'atownjmc', 'am.alarcon346', 'frankyu42', 'hyk123', 'nnagy', 'nicogonislc', 'mp.gonzalez2481', 'ninjasensay', 'jjyang', 'denzel.pressey', 'anadrol', 'laurammartinez', 'atazmi', 'ltracy', 'yc.diaz415', 'mengdizou', 'ghostman', 'cridley', 'jlpepe101', 'urbanmouse', 'anjanadissa', 'asadkhan', 'ej.araujo', 'tlee', 'davidk504', 'nrmkirkwood', 'skybug871', 'outsider614', 'pc.combariza2656', 'connorka', 'honedsteel', 'bj03rn', 'olivier.dubray', 'towad', 'boomandvibe', 'wmd145', 'ramonemiliani93', 'corp28', 'rachelle0328', 'mdorma', 'kstvn', 'meadows.joseph6', 'spolly', 'dclinton', 'jacobs893', 'monicatuta', 'jacobdotson7009', 'diegocamelo2610', 'tomos', 'jquinone', 'csnapdragon', 'mrzeszut', 'irinatyx', 'julianricom', 'bardon', 'dianacalpa', 'rs.petrel141', 'kole83', 'alejandro_mora', 'pmarenco', 'glennrfisher', 'afe.martinez', 'mklinger', 'nitesh', 'juankmilo93', 'xeta', 'bdube', 'careyes1787', 'wkc87', 'ethansutton21', 'saraali', 'mahbod', 'zobayerrussell', 'robot2013', 'eric005', 'emann', 'bafoos', 'jjdelacruz', 'troskyh', 'grupomateriales', 'ozantoteles', 'stran2', 'md.nomani', 'cgreenwald', 'ademeter', 'alejoz_02', 'jc.montoya496', 'js.martinez777', 'aa.alba367', 'nicsmith', 'joeybadass', 'roopang30', 'trix', 'denardgoodman', 'renatorwth', 'jorge.mmoreno', 'thbaende', 'jdyk1030', 'whitekjh0410', 'holdencu', 'tiim89']",1,[None],126,"['jeremyender', 'chenchao', 'slpinjare', 'eng_sarah_youssef', 'aj_ca', 'atownjmc', 'am.alarcon346', 'frankyu42', 'hyk123', 'stambatr', 'nnagy', 'kelseyj', 'nicogonislc', 'mp.gonzalez2481', 'ninjasensay', 'jjyang', 'denzel.pressey', 'anadrol', 'ferrillc121682', 'laurammartinez', 'atazmi', 'ltracy', 'yc.diaz415', 'lukejpaul', 'mengdizou', 'ghostman', 'cridley', 'mumfordr', 'jlpepe101', 'urbanmouse', 'anjanadissa', 'sagerk.d', 'asadkhan', 'ej.araujo', 'timothybrandt', 'tlee', 'davidk504', 'nrmkirkwood', 'skybug871', 'outsider614', 'engineerman1000', 'pc.combariza2656', 'connorka', 'honedsteel', 'bj03rn', 'hawkinsn', 'olivier.dubray', 'towad', 'boomandvibe', 'wmd145', 'ramonemiliani93', 'corp28', 'rachelle0328', 'mdorma', 'kstvn', 'meadows.joseph6', 'spolly', 'dclinton', 'jacobs893', 'cy9160', 'monicatuta', 'jacobdotson7009', 'diegocamelo2610', 'tomos', 'jquinone', 'csnapdragon', 'jputty12', 'mrzeszut', 'jessecmillwood', 'irinatyx', 'julianricom', 'bardon', 'dianacalpa', 'rs.petrel141', 'kole83', 'jiaolh', 'alejandro_mora', 'pmarenco', 'glennrfisher', 'afe.martinez', 'mklinger', 'nitesh', 'juankmilo93', 'xeta', 'itsschuam', 'bdube', 'careyes1787', 'wkc87', 'ethansutton21', 'saraali', 'mahbod', 'zobayerrussell', 'robot2013', 'eric005', 'ortegavj', 'emann', 'bafoos', 'jjdelacruz', 'troskyh', 'grupomateriales', 'rumseyc1992', 'kvonehr', 'ozantoteles', 'stran2', 'md.nomani', None, 'cgreenwald', 'ademeter', 'alejoz_02', 'jc.montoya496', 'js.martinez777', 'aa.alba367', 'nicsmith', 'joeybadass', 'roopang30', 'trix', 'denardgoodman', 'theise', 'renatorwth', 'jorge.mmoreno', 'thbaende', 'jdyk1030', 'whitekjh0410', 'holdencu', 'realityinabox', 'tiim89']"
3,180,126,15,1,['outsider614'],124,"['jeremyender', 'chenchao', 'slpinjare', 'eng_sarah_youssef', 'aj_ca', 'atownjmc', 'am.alarcon346', 'frankyu42', 'hyk123', 'stambatr', 'nnagy', 'kelseyj', 'nicogonislc', 'mp.gonzalez2481', 'ninjasensay', 'jjyang', 'denzel.pressey', 'anadrol', 'ferrillc121682', 'laurammartinez', 'atazmi', 'ltracy', 'yc.diaz415', 'lukejpaul', 'mengdizou', 'ghostman', 'cridley', 'mumfordr', 'jlpepe101', 'urbanmouse', 'anjanadissa', 'sagerk.d', 'asadkhan', 'ej.araujo', 'timothybrandt', 'tlee', 'davidk504', 'nrmkirkwood', 'skybug871', 'engineerman1000', 'pc.combariza2656', 'connorka', 'honedsteel', 'bj03rn', 'hawkinsn', 'olivier.dubray', 'towad', 'boomandvibe', 'wmd145', 'ramonemiliani93', 'corp28', 'rachelle0328', 'mdorma', 'kstvn', 'meadows.joseph6', 'spolly', 'dclinton', 'jacobs893', 'cy9160', 'monicatuta', 'jacobdotson7009', 'diegocamelo2610', 'tomos', 'jquinone', 'csnapdragon', 'jputty12', 'mrzeszut', 'jessecmillwood', 'irinatyx', 'julianricom', 'bardon', 'dianacalpa', 'rs.petrel141', 'kole83', 'jiaolh', 'alejandro_mora', 'pmarenco', 'glennrfisher', 'afe.martinez', 'mklinger', 'nitesh', 'juankmilo93', 'xeta', 'itsschuam', 'bdube', 'careyes1787', 'wkc87', 'ethansutton21', 'saraali', 'mahbod', 'zobayerrussell', 'robot2013', 'eric005', 'ortegavj', 'emann', 'bafoos', 'jjdelacruz', 'troskyh', 'grupomateriales', 'rumseyc1992', 'kvonehr', 'ozantoteles', 'stran2', 'md.nomani', 'cgreenwald', 'ademeter', 'alejoz_02', 'jc.montoya496', 'js.martinez777', 'aa.alba367', 'nicsmith', 'joeybadass', 'roopang30', 'trix', 'denardgoodman', 'theise', 'renatorwth', 'jorge.mmoreno', 'thbaende', 'jdyk1030', 'whitekjh0410', 'holdencu', 'realityinabox', 'tiim89']",14,"['zenorc', 'ljs1237', 'zmfflrql089', 'koka15', 'shuttde', 'ohmymarine', 'yeonkeun', 'ketalo4310', 'midnightsm', 'dark338', 'sossuris', 'breezer', None, 'shdmfsh']",139,"['jeremyender', 'chenchao', 'slpinjare', 'eng_sarah_youssef', 'aj_ca', 'atownjmc', 'am.alarcon346', 'frankyu42', 'hyk123', 'stambatr', 'nnagy', 'kelseyj', 'nicogonislc', 'mp.gonzalez2481', 'ninjasensay', 'jjyang', 'denzel.pressey', 'anadrol', 'ferrillc121682', 'laurammartinez', 'atazmi', 'ltracy', 'yc.diaz415', 'midnightsm', 'breezer', 'lukejpaul', 'mengdizou', 'ghostman', 'cridley', 'mumfordr', 'jlpepe101', 'urbanmouse', 'anjanadissa', 'sagerk.d', 'asadkhan', 'ej.araujo', 'timothybrandt', 'tlee', 'davidk504', 'nrmkirkwood', 'skybug871', 'outsider614', 'engineerman1000', 'pc.combariza2656', 'connorka', 'honedsteel', 'bj03rn', 'hawkinsn', 'olivier.dubray', 'towad', 'boomandvibe', 'wmd145', 'ramonemiliani93', 'corp28', 'shdmfsh', 'zenorc', 'rachelle0328', 'mdorma', 'kstvn', 'meadows.joseph6', 'spolly', 'dclinton', 'jacobs893', 'cy9160', 'monicatuta', 'jacobdotson7009', 'diegocamelo2610', 'tomos', 'jquinone', 'csnapdragon', 'koka15', 'jputty12', 'mrzeszut', 'jessecmillwood', 'irinatyx', 'yeonkeun', 'julianricom', 'bardon', 'dianacalpa', 'dark338', 'rs.petrel141', 'kole83', 'jiaolh', 'alejandro_mora', 'pmarenco', 'glennrfisher', 'afe.martinez', 'mklinger', 'nitesh', 'juankmilo93', 'zmfflrql089', 'xeta', 'itsschuam', 'bdube', 'careyes1787', 'ketalo4310', 'wkc87', 'ethansutton21', 'saraali', 'mahbod', 'zobayerrussell', 'robot2013', 'eric005', 'ortegavj', 'emann', 'ljs1237', 'bafoos', 'jjdelacruz', 'troskyh', 'grupomateriales', 'shuttde', 'rumseyc1992', 'ohmymarine', 'kvonehr', 'ozantoteles', 'stran2', 'md.nomani', None, 'cgreenwald', 'ademeter', 'alejoz_02', 'jc.montoya496', 'js.martinez777', 'aa.alba367', 'nicsmith', 'joeybadass', 'roopang30', 'trix', 'denardgoodman', 'theise', 'renatorwth', 'jorge.mmoreno', 'thbaende', 'jdyk1030', 'sossuris', 'whitekjh0410', 'holdencu', 'realityinabox', 'tiim89']"
3,188,126,12,11,"['skybug871', 'rachelle0328', 'jquinone', 'denardgoodman', 'jacobs893', 'ninjasensay', 'irinatyx', 'stran2', 'davidk504', 'mahbod', 'eric005']",114,"['jeremyender', 'chenchao', 'slpinjare', 'eng_sarah_youssef', 'aj_ca', 'atownjmc', 'am.alarcon346', 'frankyu42', 'hyk123', 'stambatr', 'nnagy', 'kelseyj', 'nicogonislc', 'mp.gonzalez2481', 'jjyang', 'denzel.pressey', 'anadrol', 'ferrillc121682', 'laurammartinez', 'atazmi', 'ltracy', 'yc.diaz415', 'lukejpaul', 'mengdizou', 'ghostman', 'cridley', 'mumfordr', 'jlpepe101', 'urbanmouse', 'anjanadissa', 'sagerk.d', 'asadkhan', 'ej.araujo', 'timothybrandt', 'tlee', 'nrmkirkwood', 'outsider614', 'engineerman1000', 'pc.combariza2656', 'connorka', 'honedsteel', 'bj03rn', 'hawkinsn', 'olivier.dubray', 'towad', 'boomandvibe', 'wmd145', 'ramonemiliani93', 'corp28', 'mdorma', 'kstvn', 'meadows.joseph6', 'spolly', 'dclinton', 'cy9160', 'monicatuta', 'jacobdotson7009', 'diegocamelo2610', 'tomos', 'csnapdragon', 'jputty12', 'mrzeszut', 'jessecmillwood', 'julianricom', 'bardon', 'dianacalpa', 'rs.petrel141', 'kole83', 'jiaolh', 'alejandro_mora', 'pmarenco', 'glennrfisher', 'afe.martinez', 'mklinger', 'nitesh', 'juankmilo93', 'xeta', 'itsschuam', 'bdube', 'careyes1787', 'wkc87', 'ethansutton21', 'saraali', 'zobayerrussell', 'robot2013', 'ortegavj', 'emann', 'bafoos', 'jjdelacruz', 'troskyh', 'grupomateriales', 'rumseyc1992', 'kvonehr', 'ozantoteles', 'md.nomani', 'cgreenwald', 'ademeter', 'alejoz_02', 'jc.montoya496', 'js.martinez777', 'aa.alba367', 'nicsmith', 'joeybadass', 'roopang30', 'trix', 'theise', 'renatorwth', 'jorge.mmoreno', 'thbaende', 'jdyk1030', 'whitekjh0410', 'holdencu', 'realityinabox', 'tiim89']",1,[None],126,"['jeremyender', 'chenchao', 'slpinjare', 'eng_sarah_youssef', 'aj_ca', 'atownjmc', 'am.alarcon346', 'frankyu42', 'hyk123', 'stambatr', 'nnagy', 'kelseyj', 'nicogonislc', 'mp.gonzalez2481', 'ninjasensay', 'jjyang', 'denzel.pressey', 'anadrol', 'ferrillc121682', 'laurammartinez', 'atazmi', 'ltracy', 'yc.diaz415', 'lukejpaul', 'mengdizou', 'ghostman', 'cridley', 'mumfordr', 'jlpepe101', 'urbanmouse', 'anjanadissa', 'sagerk.d', 'asadkhan', 'ej.araujo', 'timothybrandt', 'tlee', 'davidk504', 'nrmkirkwood', 'skybug871', 'outsider614', 'engineerman1000', 'pc.combariza2656', 'connorka', 'honedsteel', 'bj03rn', 'hawkinsn', 'olivier.dubray', 'towad', 'boomandvibe', 'wmd145', 'ramonemiliani93', 'corp28', 'rachelle0328', 'mdorma', 'kstvn', 'meadows.joseph6', 'spolly', 'dclinton', 'jacobs893', 'cy9160', 'monicatuta', 'jacobdotson7009', 'diegocamelo2610', 'tomos', 'jquinone', 'csnapdragon', 'jputty12', 'mrzeszut', 'jessecmillwood', 'irinatyx', 'julianricom', 'bardon', 'dianacalpa', 'rs.petrel141', 'kole83', 'jiaolh', 'alejandro_mora', 'pmarenco', 'glennrfisher', 'afe.martinez', 'mklinger', 'nitesh', 'juankmilo93', 'xeta', 'itsschuam', 'bdube', 'careyes1787', 'wkc87', 'ethansutton21', 'saraali', 'mahbod', 'zobayerrussell', 'robot2013', 'eric005', 'ortegavj', 'emann', 'bafoos', 'jjdelacruz', 'troskyh', 'grupomateriales', 'rumseyc1992', 'kvonehr', 'ozantoteles', 'stran2', 'md.nomani', None, 'cgreenwald', 'ademeter', 'alejoz_02', 'jc.montoya496', 'js.martinez777', 'aa.alba367', 'nicsmith', 'joeybadass', 'roopang30', 'trix', 'denardgoodman', 'theise', 'renatorwth', 'jorge.mmoreno', 'thbaende', 'jdyk1030', 'whitekjh0410', 'holdencu', 'realityinabox', 'tiim89']"
3,178,126,8,6,"['js.martinez777', 'kstvn', 'am.alarcon346', 'troskyh', 'jorge.mmoreno', 'rs.petrel141']",119,"['jeremyender', 'chenchao', 'slpinjare', 'eng_sarah_youssef', 'aj_ca', 'atownjmc', 'frankyu42', 'hyk123', 'stambatr', 'nnagy', 'kelseyj', 'nicogonislc', 'mp.gonzalez2481', 'ninjasensay', 'jjyang', 'denzel.pressey', 'anadrol', 'ferrillc121682', 'laurammartinez', 'atazmi', 'ltracy', 'yc.diaz415', 'lukejpaul', 'mengdizou', 'ghostman', 'cridley', 'mumfordr', 'jlpepe101', 'urbanmouse', 'anjanadissa', 'sagerk.d', 'asadkhan', 'ej.araujo', 'timothybrandt', 'tlee', 'davidk504', 'nrmkirkwood', 'skybug871', 'outsider614', 'engineerman1000', 'pc.combariza2656', 'connorka', 'honedsteel', 'bj03rn', 'hawkinsn', 'olivier.dubray', 'towad', 'boomandvibe', 'wmd145', 'ramonemiliani93', 'corp28', 'rachelle0328', 'mdorma', 'meadows.joseph6', 'spolly', 'dclinton', 'jacobs893', 'cy9160', 'monicatuta', 'jacobdotson7009', 'diegocamelo2610', 'tomos', 'jquinone', 'csnapdragon', 'jputty12', 'mrzeszut', 'jessecmillwood', 'irinatyx', 'julianricom', 'bardon', 'dianacalpa', 'kole83', 'jiaolh', 'alejandro_mora', 'pmarenco', 'glennrfisher', 'afe.martinez', 'mklinger', 'nitesh', 'juankmilo93', 'xeta', 'itsschuam', 'bdube', 'careyes1787', 'wkc87', 'ethansutton21', 'saraali', 'mahbod', 'zobayerrussell', 'robot2013', 'eric005', 'ortegavj', 'emann', 'bafoos', 'jjdelacruz', 'grupomateriales', 'rumseyc1992', 'kvonehr', 'ozantoteles', 'stran2', 'md.nomani', 'cgreenwald', 'ademeter', 'alejoz_02', 'jc.montoya496', 'aa.alba367', 'nicsmith', 'joeybadass', 'roopang30', 'trix', 'denardgoodman', 'theise', 'renatorwth', 'thbaende', 'jdyk1030', 'whitekjh0410', 'holdencu', 'realityinabox', 'tiim89']",2,"['keitarokusanagi', None]",127,"['jeremyender', 'chenchao', 'slpinjare', 'eng_sarah_youssef', 'aj_ca', 'atownjmc', 'am.alarcon346', 'frankyu42', 'hyk123', 'stambatr', 'nnagy', 'kelseyj', 'nicogonislc', 'mp.gonzalez2481', 'ninjasensay', 'jjyang', 'denzel.pressey', 'anadrol', 'ferrillc121682', 'laurammartinez', 'atazmi', 'ltracy', 'yc.diaz415', 'lukejpaul', 'mengdizou', 'ghostman', 'cridley', 'mumfordr', 'jlpepe101', 'urbanmouse', 'anjanadissa', 'sagerk.d', 'asadkhan', 'ej.araujo', 'timothybrandt', 'tlee', 'davidk504', 'nrmkirkwood', 'skybug871', 'outsider614', 'engineerman1000', 'pc.combariza2656', 'connorka', 'honedsteel', 'keitarokusanagi', 'bj03rn', 'hawkinsn', 'olivier.dubray', 'towad', 'boomandvibe', 'wmd145', 'ramonemiliani93', 'corp28', 'rachelle0328', 'mdorma', 'kstvn', 'meadows.joseph6', 'spolly', 'dclinton', 'jacobs893', 'cy9160', 'monicatuta', 'jacobdotson7009', 'diegocamelo2610', 'tomos', 'jquinone', 'csnapdragon', 'jputty12', 'mrzeszut', 'jessecmillwood', 'irinatyx', 'julianricom', 'bardon', 'dianacalpa', 'rs.petrel141', 'kole83', 'jiaolh', 'alejandro_mora', 'pmarenco', 'glennrfisher', 'afe.martinez', 'mklinger', 'nitesh', 'juankmilo93', 'xeta', 'itsschuam', 'bdube', 'careyes1787', 'wkc87', 'ethansutton21', 'saraali', 'mahbod', 'zobayerrussell', 'robot2013', 'eric005', 'ortegavj', 'emann', 'bafoos', 'jjdelacruz', 'troskyh', 'grupomateriales', 'rumseyc1992', 'kvonehr', 'ozantoteles', 'stran2', 'md.nomani', None, 'cgreenwald', 'ademeter', 'alejoz_02', 'jc.montoya496', 'js.martinez777', 'aa.alba367', 'nicsmith', 'joeybadass', 'roopang30', 'trix', 'denardgoodman', 'theise', 'renatorwth', 'jorge.mmoreno', 'thbaende', 'jdyk1030', 'whitekjh0410', 'holdencu', 'realityinabox', 'tiim89']"
3,181,126,8,4,"['csnapdragon', 'jacobs893', 'davidk504', 'stran2']",121,"['jeremyender', 'chenchao', 'slpinjare', 'eng_sarah_youssef', 'aj_ca', 'atownjmc', 'am.alarcon346', 'frankyu42', 'hyk123', 'stambatr', 'nnagy', 'kelseyj', 'nicogonislc', 'mp.gonzalez2481', 'ninjasensay', 'jjyang', 'denzel.pressey', 'anadrol', 'ferrillc121682', 'laurammartinez', 'atazmi', 'ltracy', 'yc.diaz415', 'lukejpaul', 'mengdizou', 'ghostman', 'cridley', 'mumfordr', 'jlpepe101', 'urbanmouse', 'anjanadissa', 'sagerk.d', 'asadkhan', 'ej.araujo', 'timothybrandt', 'tlee', 'nrmkirkwood', 'skybug871', 'outsider614', 'engineerman1000', 'pc.combariza2656', 'connorka', 'honedsteel', 'bj03rn', 'hawkinsn', 'olivier.dubray', 'towad', 'boomandvibe', 'wmd145', 'ramonemiliani93', 'corp28', 'rachelle0328', 'mdorma', 'kstvn', 'meadows.joseph6', 'spolly', 'dclinton', 'cy9160', 'monicatuta', 'jacobdotson7009', 'diegocamelo2610', 'tomos', 'jquinone', 'jputty12', 'mrzeszut', 'jessecmillwood', 'irinatyx', 'julianricom', 'bardon', 'dianacalpa', 'rs.petrel141', 'kole83', 'jiaolh', 'alejandro_mora', 'pmarenco', 'glennrfisher', 'afe.martinez', 'mklinger', 'nitesh', 'juankmilo93', 'xeta', 'itsschuam', 'bdube', 'careyes1787', 'wkc87', 'ethansutton21', 'saraali', 'mahbod', 'zobayerrussell', 'robot2013', 'eric005', 'ortegavj', 'emann', 'bafoos', 'jjdelacruz', 'troskyh', 'grupomateriales', 'rumseyc1992', 'kvonehr', 'ozantoteles', 'md.nomani', 'cgreenwald', 'ademeter', 'alejoz_02', 'jc.montoya496', 'js.martinez777', 'aa.alba367', 'nicsmith', 'joeybadass', 'roopang30', 'trix', 'denardgoodman', 'theise', 'renatorwth', 'jorge.mmoreno', 'thbaende', 'jdyk1030', 'whitekjh0410', 'holdencu', 'realityinabox', 'tiim89']",4,"['drhodges', None, 'shaho73', 'robbarnard74']",129,"['jeremyender', 'chenchao', 'slpinjare', 'eng_sarah_youssef', 'aj_ca', 'atownjmc', 'am.alarcon346', 'frankyu42', 'hyk123', 'stambatr', 'nnagy', 'kelseyj', 'nicogonislc', 'mp.gonzalez2481', 'ninjasensay', 'jjyang', 'denzel.pressey', 'anadrol', 'ferrillc121682', 'laurammartinez', 'atazmi', 'ltracy', 'yc.diaz415', 'lukejpaul', 'mengdizou', 'ghostman', 'cridley', 'mumfordr', 'jlpepe101', 'urbanmouse', 'anjanadissa', 'sagerk.d', 'asadkhan', 'ej.araujo', 'timothybrandt', 'tlee', 'davidk504', 'nrmkirkwood', 'skybug871', 'outsider614', 'engineerman1000', 'pc.combariza2656', 'connorka', 'honedsteel', 'bj03rn', 'hawkinsn', 'olivier.dubray', 'towad', 'boomandvibe', 'wmd145', 'ramonemiliani93', 'corp28', 'rachelle0328', 'mdorma', 'kstvn', 'meadows.joseph6', 'shaho73', 'spolly', 'dclinton', 'jacobs893', 'cy9160', 'monicatuta', 'drhodges', 'jacobdotson7009', 'diegocamelo2610', 'tomos', 'jquinone', 'csnapdragon', 'jputty12', 'mrzeszut', 'jessecmillwood', 'irinatyx', 'julianricom', 'bardon', 'dianacalpa', 'rs.petrel141', 'kole83', 'jiaolh', 'alejandro_mora', 'pmarenco', 'glennrfisher', 'afe.martinez', 'mklinger', 'nitesh', 'juankmilo93', 'robbarnard74', 'xeta', 'itsschuam', 'bdube', 'careyes1787', 'wkc87', 'ethansutton21', 'saraali', 'mahbod', 'zobayerrussell', 'robot2013', 'eric005', 'ortegavj', 'emann', 'bafoos', 'jjdelacruz', 'troskyh', 'grupomateriales', 'rumseyc1992', 'kvonehr', 'ozantoteles', 'stran2', 'md.nomani', None, 'cgreenwald', 'ademeter', 'alejoz_02', 'jc.montoya496', 'js.martinez777', 'aa.alba367', 'nicsmith', 'joeybadass', 'roopang30', 'trix', 'denardgoodman', 'theise', 'renatorwth', 'jorge.mmoreno', 'thbaende', 'jdyk1030', 'whitekjh0410', 'holdencu', 'realityinabox', 'tiim89']"
3,179,126,7,3,"['wkc87', 'whitekjh0410', 'trix']",122,"['jeremyender', 'chenchao', 'slpinjare', 'eng_sarah_youssef', 'aj_ca', 'atownjmc', 'am.alarcon346', 'frankyu42', 'hyk123', 'stambatr', 'nnagy', 'kelseyj', 'nicogonislc', 'mp.gonzalez2481', 'ninjasensay', 'jjyang', 'denzel.pressey', 'anadrol', 'ferrillc121682', 'laurammartinez', 'atazmi', 'ltracy', 'yc.diaz415', 'lukejpaul', 'mengdizou', 'ghostman', 'cridley', 'mumfordr', 'jlpepe101', 'urbanmouse', 'anjanadissa', 'sagerk.d', 'asadkhan', 'ej.araujo', 'timothybrandt', 'tlee', 'davidk504', 'nrmkirkwood', 'skybug871', 'outsider614', 'engineerman1000', 'pc.combariza2656', 'connorka', 'honedsteel', 'bj03rn', 'hawkinsn', 'olivier.dubray', 'towad', 'boomandvibe', 'wmd145', 'ramonemiliani93', 'corp28', 'rachelle0328', 'mdorma', 'kstvn', 'meadows.joseph6', 'spolly', 'dclinton', 'jacobs893', 'cy9160', 'monicatuta', 'jacobdotson7009', 'diegocamelo2610', 'tomos', 'jquinone', 'csnapdragon', 'jputty12', 'mrzeszut', 'jessecmillwood', 'irinatyx', 'julianricom', 'bardon', 'dianacalpa', 'rs.petrel141', 'kole83', 'jiaolh', 'alejandro_mora', 'pmarenco', 'glennrfisher', 'afe.martinez', 'mklinger', 'nitesh', 'juankmilo93', 'xeta', 'itsschuam', 'bdube', 'careyes1787', 'ethansutton21', 'saraali', 'mahbod', 'zobayerrussell', 'robot2013', 'eric005', 'ortegavj', 'emann', 'bafoos', 'jjdelacruz', 'troskyh', 'grupomateriales', 'rumseyc1992', 'kvonehr', 'ozantoteles', 'stran2', 'md.nomani', 'cgreenwald', 'ademeter', 'alejoz_02', 'jc.montoya496', 'js.martinez777', 'aa.alba367', 'nicsmith', 'joeybadass', 'roopang30', 'denardgoodman', 'theise', 'renatorwth', 'jorge.mmoreno', 'thbaende', 'jdyk1030', 'holdencu', 'realityinabox', 'tiim89']",4,"['smaes', 'zenorc', None, 'shuttde']",129,"['jeremyender', 'chenchao', 'slpinjare', 'eng_sarah_youssef', 'aj_ca', 'atownjmc', 'am.alarcon346', 'frankyu42', 'hyk123', 'stambatr', 'nnagy', 'kelseyj', 'nicogonislc', 'mp.gonzalez2481', 'ninjasensay', 'jjyang', 'denzel.pressey', 'anadrol', 'ferrillc121682', 'laurammartinez', 'atazmi', 'ltracy', 'yc.diaz415', 'lukejpaul', 'smaes', 'mengdizou', 'ghostman', 'cridley', 'mumfordr', 'jlpepe101', 'urbanmouse', 'anjanadissa', 'sagerk.d', 'asadkhan', 'ej.araujo', 'timothybrandt', 'tlee', 'davidk504', 'nrmkirkwood', 'skybug871', 'outsider614', 'engineerman1000', 'pc.combariza2656', 'connorka', 'honedsteel', 'bj03rn', 'hawkinsn', 'olivier.dubray', 'towad', 'boomandvibe', 'wmd145', 'ramonemiliani93', 'corp28', 'zenorc', 'rachelle0328', 'mdorma', 'kstvn', 'meadows.joseph6', 'spolly', 'dclinton', 'jacobs893', 'cy9160', 'monicatuta', 'jacobdotson7009', 'diegocamelo2610', 'tomos', 'jquinone', 'csnapdragon', 'jputty12', 'mrzeszut', 'jessecmillwood', 'irinatyx', 'julianricom', 'bardon', 'dianacalpa', 'rs.petrel141', 'kole83', 'jiaolh', 'alejandro_mora', 'pmarenco', 'glennrfisher', 'afe.martinez', 'mklinger', 'nitesh', 'juankmilo93', 'xeta', 'itsschuam', 'bdube', 'careyes1787', 'wkc87', 'ethansutton21', 'saraali', 'mahbod', 'zobayerrussell', 'robot2013', 'eric005', 'ortegavj', 'emann', 'bafoos', 'jjdelacruz', 'troskyh', 'grupomateriales', 'shuttde', 'rumseyc1992', 'kvonehr', 'ozantoteles', 'stran2', 'md.nomani', None, 'cgreenwald', 'ademeter', 'alejoz_02', 'jc.montoya496', 'js.martinez777', 'aa.alba367', 'nicsmith', 'joeybadass', 'roopang30', 'trix', 'denardgoodman', 'theise', 'renatorwth', 'jorge.mmoreno', 'thbaende', 'jdyk1030', 'whitekjh0410', 'holdencu', 'realityinabox', 'tiim89']"
3,185,126,7,4,"['csnapdragon', 'davidk504', 'rachelle0328', 'eric005']",121,"['jeremyender', 'chenchao', 'slpinjare', 'eng_sarah_youssef', 'aj_ca', 'atownjmc', 'am.alarcon346', 'frankyu42', 'hyk123', 'stambatr', 'nnagy', 'kelseyj', 'nicogonislc', 'mp.gonzalez2481', 'ninjasensay', 'jjyang', 'denzel.pressey', 'anadrol', 'ferrillc121682', 'laurammartinez', 'atazmi', 'ltracy', 'yc.diaz415', 'lukejpaul', 'mengdizou', 'ghostman', 'cridley', 'mumfordr', 'jlpepe101', 'urbanmouse', 'anjanadissa', 'sagerk.d', 'asadkhan', 'ej.araujo', 'timothybrandt', 'tlee', 'nrmkirkwood', 'skybug871', 'outsider614', 'engineerman1000', 'pc.combariza2656', 'connorka', 'honedsteel', 'bj03rn', 'hawkinsn', 'olivier.dubray', 'towad', 'boomandvibe', 'wmd145', 'ramonemiliani93', 'corp28', 'mdorma', 'kstvn', 'meadows.joseph6', 'spolly', 'dclinton', 'jacobs893', 'cy9160', 'monicatuta', 'jacobdotson7009', 'diegocamelo2610', 'tomos', 'jquinone', 'jputty12', 'mrzeszut', 'jessecmillwood', 'irinatyx', 'julianricom', 'bardon', 'dianacalpa', 'rs.petrel141', 'kole83', 'jiaolh', 'alejandro_mora', 'pmarenco', 'glennrfisher', 'afe.martinez', 'mklinger', 'nitesh', 'juankmilo93', 'xeta', 'itsschuam', 'bdube', 'careyes1787', 'wkc87', 'ethansutton21', 'saraali', 'mahbod', 'zobayerrussell', 'robot2013', 'ortegavj', 'emann', 'bafoos', 'jjdelacruz', 'troskyh', 'grupomateriales', 'rumseyc1992', 'kvonehr', 'ozantoteles', 'stran2', 'md.nomani', 'cgreenwald', 'ademeter', 'alejoz_02', 'jc.montoya496', 'js.martinez777', 'aa.alba367', 'nicsmith', 'joeybadass', 'roopang30', 'trix', 'denardgoodman', 'theise', 'renatorwth', 'jorge.mmoreno', 'thbaende', 'jdyk1030', 'whitekjh0410', 'holdencu', 'realityinabox', 'tiim89']",3,"[None, 'shaho73', 'robbarnard74']",128,"['jeremyender', 'chenchao', 'slpinjare', 'eng_sarah_youssef', 'aj_ca', 'atownjmc', 'am.alarcon346', 'frankyu42', 'hyk123', 'stambatr', 'nnagy', 'kelseyj', 'nicogonislc', 'mp.gonzalez2481', 'ninjasensay', 'jjyang', 'denzel.pressey', 'anadrol', 'ferrillc121682', 'laurammartinez', 'atazmi', 'ltracy', 'yc.diaz415', 'lukejpaul', 'mengdizou', 'ghostman', 'cridley', 'mumfordr', 'jlpepe101', 'urbanmouse', 'anjanadissa', 'sagerk.d', 'asadkhan', 'ej.araujo', 'timothybrandt', 'tlee', 'davidk504', 'nrmkirkwood', 'skybug871', 'outsider614', 'engineerman1000', 'pc.combariza2656', 'connorka', 'honedsteel', 'bj03rn', 'hawkinsn', 'olivier.dubray', 'towad', 'boomandvibe', 'wmd145', 'ramonemiliani93', 'corp28', 'rachelle0328', 'mdorma', 'kstvn', 'meadows.joseph6', 'shaho73', 'spolly', 'dclinton', 'jacobs893', 'cy9160', 'monicatuta', 'jacobdotson7009', 'diegocamelo2610', 'tomos', 'jquinone', 'csnapdragon', 'jputty12', 'mrzeszut', 'jessecmillwood', 'irinatyx', 'julianricom', 'bardon', 'dianacalpa', 'rs.petrel141', 'kole83', 'jiaolh', 'alejandro_mora', 'pmarenco', 'glennrfisher', 'afe.martinez', 'mklinger', 'nitesh', 'juankmilo93', 'robbarnard74', 'xeta', 'itsschuam', 'bdube', 'careyes1787', 'wkc87', 'ethansutton21', 'saraali', 'mahbod', 'zobayerrussell', 'robot2013', 'eric005', 'ortegavj', 'emann', 'bafoos', 'jjdelacruz', 'troskyh', 'grupomateriales', 'rumseyc1992', 'kvonehr', 'ozantoteles', 'stran2', 'md.nomani', None, 'cgreenwald', 'ademeter', 'alejoz_02', 'jc.montoya496', 'js.martinez777', 'aa.alba367', 'nicsmith', 'joeybadass', 'roopang30', 'trix', 'denardgoodman', 'theise', 'renatorwth', 'jorge.mmoreno', 'thbaende', 'jdyk1030', 'whitekjh0410', 'holdencu', 'realityinabox', 'tiim89']"
4,156,98,282,12,"['dorlander', 'kconstantino', 'asoderberg', 'ekocanda', 'jlubin', 'meochemgrad', 'nwolfenzon', 'eleonoraz98', 'zlv836', 'clorenc1', 'jorisc4', 'emullen']",85,"['kyle1234567', 'wmcclain', 'rasolercrespo', 'lpatel911', 'cps502', 'brodichok', 'cvalukas', 'wxq933', 'mholtzm2', 'jmcartwr', 'afianuamah', 'lbezdek', 'bhansen', 'mattkelley', 'daiken', 'hameeds2', 'stephen286', 'appau', 'dzifaclem', 'abaum', 'amrita4', 'mjb005', 'jgola', 'jam825', 'shiva_tam_nw', 'lrm435', 'lgoertzen', 'ccont001', 'lamkiu89', 'slubin', 'bannerman', 'kljaichj2', 'yfjing', 'ruggbk', 'cschmitt502', 'makafui', 'lmadison13', 'bjohnson', 'niiarday1', 'kmccotter', 'ezaslavskaya', 'cmakarioupikis', 'danielbstern', 'cecelio', 'njustinien', 'prithag', 'mspach', 'hbartusek', 'jhutcheson', 'cchoi', 'abilby', 'ras062', 'goldie5585', 'jmbingham', 'kkrzosek', 'austinisner', 'yuyinghere', 'jonespr1', 'erice', 'gky158', 'ahosack', 'psarnacki', 'jbomer', 'idnu', 'jmy079', 'ajdiamo', 'sepd22', 'ehrlicher', 'tstringer', 'amagda01', 'mariamabrowntrump', 'kwhitney', 'hongdazhang', 'mpoliwka', 'krystiomara', 'ndeastham', 'epinhei2', 'doyong.lee', 'oss141', 'nramanujam', 'apa041', 'daviddhsu', 'ramanky', 'klemkau', 'dhs007']",270,"['jdp244', 'apgupta1193', 'miafrasca', 'paigeourada', 'aidanjenkins2012', 'ngparas', 'hannahjones', 'artichokey', 'ejspeyer', 'hanwal1', 'eseosaosaghae', 'ces598', 'siyuanyu', 'satavarez', 'all598', 'rag834', 'slichtor', 'mmicucc2', 'lizardbajema', 'gretskyw', 'catherineiveslouter', 'tinavridhachalam2012', 'higbee324', 'pwfranks2012', 'bartellofellow', 'marinecoste2016', 'kylaprice27', 'jam808', 'janeko', 'afd43', 'wucki', 'cooljeffrey12', 'jaf879', 'isaac0812', 'sophielweber', 'reannadurbin2016', 'yucongzhang2016', 'samuelmadvig', 'nedralucas', 'cpaton8', 'chelseafriesnu', 'nieyumeng', 'hillaryt', 'tcioth24', 'scd256', 'fsh712', 'lhenningsgaard', 'ideramos', 'tsunami70875', 'mhbondy', 'kristimichels', 'kmr226', 'jenny1024', 'kyleraldrich', 'ryandsimpson94', 'smwitkowski', 'allieatkins', 'priyankamody2016', 'blc070', 'wjhager2016', 'emilyr', 'martin.f.majewski', 'erineb750', 'catherinelis', 'flandersman', 'centralfc', 'charliehoffert', 'katherinekelly2016', 'pdtravan', 'nsl239', 'evanarmet2016', 'xkirkham', 'jyoon93', 'sch607', 'almuimui129', 'jif139', 'rbareket', 'sel892', 'jaydenmorrison2016', 'lrs329', 'grosen94', 'sarahnras', 'emg643', 'kamaddio', 'ianpiper', 'lesapt59', 'kirkme', 'luke.mcdermott94', 'tiv941', 'adriannew', 'davidwilliams2016', 'ahenschke', 'roshanabid27', 'fuckass', 'rfb508', 'lcassens', 'nelsonschang', 'ksung115', 'nano1234', 'aewalters', 'bearman24', 'amakarova', 'ejh353', 'maddyk5', 'sgellman', 'jguenzl', 'aversf', 'michaeldiamond2016', 'ajb885', 'annakwak', 'rockyfinn', 'derekchiu', 'anribrod', 'kps725', 'becvsc', 'kylia100', 'kathleenjenkins2016', 'dcm506', 'ggomez313', 'acheatham', 'jcb102', 'kelseygradwohl', 'fillie17', 'daa932', 'easteele', 'dchang416', 'tiernanmurrell', 'dgu377', 'nida2014', 'williamgarrison2016', 'njo989', 'aniab205', 'tfiorica', 'ajiang', 'samuelsam93', 'hssbo', 'monicarose', 'danikajoa', 'angela711819', 'knam123', 'arm878', 'jleguineche', 'bethanie2911', 'nal819', 'alaamohamedali', 'jqt050', 'juliannekurke', 'mgr544', 'bwieg92', 'melmelgg', 'grahamgreene', 'has437', 'muddv1', 'sophiamfalmagne', 'z_henry35', 'nbg179', 'jamezfan', 'jacobmin5', 'wcrim2016', 'patzhou2016', 'jmwilson27', 'bassoonist1719', 'm.w.stemple', 'jpg710', 'vivianmu', 'slhatch', 'victoriazapchar', 'louisaxu', 'brianxicheng', 'gdifrancesco', 'lmonz16', 'aho', 'slal16', 'cbeauchene', 'leeebowitz', '123chemistry', 'roy238', 'stepcald22', 'tjh978', 'wjiang94', 'pkt904', 'arleenli', 'afarmer1', 'sottomeyer', 'bslice1', 'chrishoward7', 'smz509', 'valerie_thomas', 'vjv100', 'kbuitano', 'malekassi22', 'fortunato12', 'mkelty', 'dorotamb', 'cohend', 'tlswan93', 'jzawadzki11', 'grayhackc17', 'michaelworthington', 'kaihugstrees', 'jprp71', 'michaeljh', 'alssetton', 'jmnatalie', 'mishelly', 'danielfk', 'sk2016', 'jdbruce1', 'deionfoster', 'grahamwinston', 'mmk277', 'iheomamama', 'een645', 'hma115', 'jdle', 'body6000', 'raudel555', 'akranjc', 'raschneider', 'jay19', 'darmacanqui', 'danielsangabino2016', 'xsong94', 'lauramilstein', 'lincoli', 'allisoncn', 'jennaisbell31', 'nmartinez2238', 'mrenner7', 'cphillips2b5h4q', 'kep924', 'amitrakos', 'ddl139', 'shanrahan', 'bradherzog', 'rafaelhenriquez', 'acadiak', 'jbascom24', 'michaelkoho', 'osglopez', 'jae945', 'aeshay94', 'codyschiffer', 'pauls124', 'ahx003', 'madelinedeysine2016', 'jaerae', 'lukeolney', 'qiankuntan', 'mklennon', 'ericaminor2015', 'gracedodillet', 'zkivitz', 'libbyslosburg2016', 'jmf145', 'ashleylim2016', 'dannacooperberg2016', 'emilyyau', 'tomoko', 'jasonvignolo2016', 'shankiwi', 'mjc401', 'svetaslavin', 'seiu', 'aag794', 'dmotel', 'chembaby', 'car978', 'gmian', 'epshanker']",367,"['jdp244', 'kyle1234567', 'jlubin', 'ngparas', 'wmcclain', 'rasolercrespo', 'hanwal1', 'eseosaosaghae', 'siyuanyu', 'satavarez', 'rag834', 'lpatel911', 'slichtor', 'lizardbajema', 'catherineiveslouter', 'cps502', 'brodichok', 'jam808', 'wucki', 'jaf879', 'reannadurbin2016', 'yucongzhang2016', 'samuelmadvig', 'wxq933', 'nedralucas', 'chelseafriesnu', 'mholtzm2', 'nieyumeng', 'fsh712', 'tsunami70875', 'mhbondy', 'kristimichels', 'kyleraldrich', 'ryandsimpson94', 'allieatkins', 'priyankamody2016', 'emilyr', 'erineb750', 'flandersman', 'emullen', 'charliehoffert', 'pdtravan', 'nsl239', 'evanarmet2016', 'jyoon93', 'sch607', 'almuimui129', 'rbareket', 'sel892', 'hameeds2', 'lesapt59', 'kirkme', 'amrita4', 'adriannew', 'davidwilliams2016', 'roshanabid27', 'rfb508', 'mjb005', 'nelsonschang', 'ksung115', 'ejh353', 'jguenzl', 'asoderberg', 'aversf', 'michaeldiamond2016', 'jam825', 'shiva_tam_nw', 'lrm435', 'kylia100', 'dcm506', 'acheatham', 'jcb102', 'easteele', 'ccont001', 'dgu377', 'lamkiu89', 'njo989', 'aniab205', 'samuelsam93', 'danikajoa', 'angela711819', 'knam123', 'jleguineche', 'bethanie2911', 'alaamohamedali', 'kconstantino', 'jqt050', 'juliannekurke', 'mgr544', 'bwieg92', 'cschmitt502', 'melmelgg', 'lmadison13', 'grahamgreene', 'bjohnson', 'muddv1', 'sophiamfalmagne', 'niiarday1', 'nwolfenzon', 'nbg179', 'jorisc4', 'patzhou2016', 'bassoonist1719', 'cmakarioupikis', 'danielbstern', 'jpg710', 'vivianmu', 'slhatch', 'victoriazapchar', 'louisaxu', 'prithag', 'mspach', 'gdifrancesco', 'lmonz16', 'cbeauchene', '123chemistry', 'roy238', 'tjh978', 'hbartusek', 'afarmer1', 'jhutcheson', 'cchoi', 'ras062', 'bslice1', 'chrishoward7', 'vjv100', 'kbuitano', 'goldie5585', 'fortunato12', 'austinisner', 'yuyinghere', 'jonespr1', 'erice', 'ahosack', 'dorlander', 'psarnacki', 'michaelworthington', 'jprp71', 'kaihugstrees', 'idnu', 'ekocanda', 'michaeljh', 'jmy079', 'alssetton', 'jmnatalie', 'mishelly', 'danielfk', 'sk2016', 'grahamwinston', 'mmk277', 'iheomamama', 'een645', 'jdle', 'body6000', 'raschneider', 'jay19', 'clorenc1', 'lincoli', 'jennaisbell31', 'nmartinez2238', 'mrenner7', 'cphillips2b5h4q', 'krystiomara', 'shanrahan', 'ndeastham', 'acadiak', 'epinhei2', 'jbascom24', 'michaelkoho', 'jae945', 'nramanujam', 'ahx003', 'madelinedeysine2016', 'jaerae', 'lukeolney', 'apa041', 'zkivitz', 'jmf145', 'ramanky', 'tomoko', 'mjc401', 'meochemgrad', 'seiu', 'aag794', 'dmotel', 'chembaby', 'gmian', 'epshanker', 'dhs007', 'miafrasca', 'paigeourada', 'apgupta1193', 'aidanjenkins2012', 'hannahjones', 'artichokey', 'ejspeyer', 'ces598', 'all598', 'mmicucc2', 'gretskyw', 'tinavridhachalam2012', 'higbee324', 'pwfranks2012', 'bartellofellow', 'marinecoste2016', 'kylaprice27', 'janeko', 'afd43', 'cvalukas', 'cooljeffrey12', 'isaac0812', 'sophielweber', 'cpaton8', 'hillaryt', 'tcioth24', 'scd256', 'lhenningsgaard', 'ideramos', 'kmr226', 'jenny1024', 'jmcartwr', 'afianuamah', 'lbezdek', 'smwitkowski', 'blc070', 'bhansen', 'wjhager2016', 'martin.f.majewski', 'catherinelis', 'centralfc', 'katherinekelly2016', 'xkirkham', 'jif139', 'jaydenmorrison2016', 'lrs329', 'grosen94', 'sarahnras', 'mattkelley', 'emg643', 'kamaddio', 'daiken', 'stephen286', 'ianpiper', 'appau', 'luke.mcdermott94', 'tiv941', 'dzifaclem', 'abaum', 'ahenschke', 'fuckass', 'lcassens', 'eleonoraz98', 'nano1234', 'aewalters', 'bearman24', 'amakarova', 'maddyk5', 'sgellman', 'ajb885', 'annakwak', 'rockyfinn', 'derekchiu', 'jgola', 'anribrod', 'kps725', 'becvsc', 'kathleenjenkins2016', 'ggomez313', 'lgoertzen', 'kelseygradwohl', 'fillie17', 'daa932', 'dchang416', 'tiernanmurrell', 'nida2014', 'williamgarrison2016', 'tfiorica', 'slubin', 'ajiang', 'hssbo', 'monicarose', 'arm878', 'nal819', 'bannerman', 'kljaichj2', 'yfjing', 'ruggbk', 'makafui', 'has437', 'z_henry35', 'jamezfan', 'jacobmin5', 'wcrim2016', 'jmwilson27', 'kmccotter', 'ezaslavskaya', 'm.w.stemple', 'brianxicheng', 'cecelio', 'njustinien', 'zlv836', 'aho', 'slal16', 'leeebowitz', 'stepcald22', 'wjiang94', 'pkt904', 'arleenli', 'sottomeyer', 'abilby', 'smz509', 'valerie_thomas', 'jmbingham', 'malekassi22', 'kkrzosek', 'mkelty', 'dorotamb', 'cohend', 'tlswan93', 'jzawadzki11', 'grayhackc17', 'gky158', 'jbomer', 'jdbruce1', 'deionfoster', 'hma115', 'ajdiamo', 'sepd22', 'raudel555', 'ehrlicher', 'akranjc', 'darmacanqui', 'danielsangabino2016', 'xsong94', 'lauramilstein', 'tstringer', 'amagda01', 'allisoncn', 'mariamabrowntrump', 'kwhitney', 'kep924', 'hongdazhang', 'amitrakos', 'mpoliwka', 'ddl139', 'bradherzog', 'rafaelhenriquez', 'doyong.lee', 'oss141', 'osglopez', 'aeshay94', 'codyschiffer', 'pauls124', 'qiankuntan', 'mklennon', 'ericaminor2015', 'gracedodillet', 'daviddhsu', 'libbyslosburg2016', 'ashleylim2016', 'dannacooperberg2016', 'emilyyau', 'jasonvignolo2016', 'shankiwi', 'svetaslavin', 'car978', 'klemkau']"
4,36,98,244,3,"['dorlander', 'zlv836', 'nwolfenzon']",94,"['kyle1234567', 'jlubin', 'wmcclain', 'rasolercrespo', 'lpatel911', 'cps502', 'brodichok', 'cvalukas', 'wxq933', 'mholtzm2', 'jmcartwr', 'afianuamah', 'lbezdek', 'bhansen', 'emullen', 'mattkelley', 'daiken', 'hameeds2', 'stephen286', 'appau', 'dzifaclem', 'abaum', 'amrita4', 'mjb005', 'eleonoraz98', 'asoderberg', 'jgola', 'jam825', 'shiva_tam_nw', 'lrm435', 'lgoertzen', 'ccont001', 'lamkiu89', 'slubin', 'bannerman', 'kconstantino', 'kljaichj2', 'yfjing', 'ruggbk', 'cschmitt502', 'makafui', 'lmadison13', 'bjohnson', 'niiarday1', 'jorisc4', 'kmccotter', 'ezaslavskaya', 'cmakarioupikis', 'danielbstern', 'cecelio', 'njustinien', 'prithag', 'mspach', 'hbartusek', 'jhutcheson', 'cchoi', 'abilby', 'ras062', 'goldie5585', 'jmbingham', 'kkrzosek', 'austinisner', 'yuyinghere', 'jonespr1', 'erice', 'gky158', 'ahosack', 'psarnacki', 'jbomer', 'idnu', 'ekocanda', 'jmy079', 'ajdiamo', 'sepd22', 'ehrlicher', 'clorenc1', 'tstringer', 'amagda01', 'mariamabrowntrump', 'kwhitney', 'hongdazhang', 'mpoliwka', 'krystiomara', 'ndeastham', 'epinhei2', 'doyong.lee', 'oss141', 'nramanujam', 'apa041', 'daviddhsu', 'ramanky', 'meochemgrad', 'klemkau', 'dhs007']",241,"['jdp244', 'apgupta1193', 'paigeourada', 'miafrasca', 'aidanjenkins2012', 'agh498', 'ngparas', 'evejak', 'artichokey', 'ejspeyer', 'hanwal1', 'eseosaosaghae', 'ces598', 'siyuanyu', 'hannahjones', 'all598', 'rag834', 'slichtor', 'catherineiveslouter', 'tinavridhachalam2012', 'pwfranks2012', 'sammarano17', 'kylaprice27', 'janeko', 'afd43', 'hayleymarie', 'jaf879', 'isaac0812', 'sophielweber', 'kma542', 'yucongzhang2016', 'aserrano25', 'samuelmadvig', 'nedralucas', 'hillaryt', 'cpaton8', 'scd256', 'lhenningsgaard', 'chelseafriesnu', 'fsh712', 'ideramos', 'nieyumeng', 'tsunami70875', 'mhbondy', 'kristimichels', 'kmr226', 'jenny1024', 'ryandsimpson94', 'smwitkowski', 'blc070', 'wjhager2016', 'emilyr', 'martin.f.majewski', 'erineb750', 'catherinelis', 'flandersman', 'centralfc', 'charliehoffert', 'katherinekelly2016', 'pdtravan', 'nsl239', 'evanarmet2016', 'jyoon93', 'sch607', 'almuimui129', 'sel892', 'jaydenmorrison2016', 'lrs329', 'grosen94', 'sarahnras', 'emg643', 'kamaddio', 'ianpiper', 'lesapt59', 'kirkme', 'luke.mcdermott94', 'tiv941', 'davidwilliams2016', 'amikol', 'ahenschke', 'fuckass', 'roshanabid27', 'lcassens', 'cmt332', 'nelsonschang', 'nano1234', 'aewalters', 'saracrane', 'amakarova', 'ejh353', 'maddyk5', 'sgellman', 'annakwak', 'rockyfinn', 'derekchiu', 'anribrod', 'kps725', 'becvsc', 'mcscoles', 'kathleenjenkins2016', 'kylia100', 'ggomez313', 'acheatham', 'jcb102', 'kelseygradwohl', 'daa932', 'easteele', 'dchang416', 'tiernanmurrell', 'nida2014', 'williamgarrison2016', 'njo989', 'tfiorica', 'ajiang', 'samuelsam93', 'sasquatchcas', 'hssbo', 'danikajoa', 'angela711819', 'jacksonweisman', 'arm878', 'knam123', 'jleguineche', None, 'bethanie2911', 'nal819', 'alaamohamedali', 'nehagreddy', 'juliannekurke', 'mgr544', 'bwieg92', 'campric12', 'alexkoh', 'has437', 'z_henry35', 'muddv1', 'sophiamfalmagne', 'nbg179', 'art860', 'wcrim2016', 'patzhou2016', 'jmwilson27', 'bassoonist1719', 'm.w.stemple', 'brianxicheng', 'victoriazapchar', 'louisaxu', 'gdifrancesco', 'aho', 'slal16', 'mjp911', 'leeebowitz', '123chemistry', 'stepcald22', 'kmp511', 'wjiang94', 'tjh978', 'pkt904', 'roy238', 'arleenli', 'sottomeyer', 'bslice1', 'chrishoward7', 'juyoungkim94', 'smz509', 'valerie_thomas', 'fortunato12', 'mkelty', 'dorotamb', 'cohend', 'tlswan93', 'jzawadzki11', 'grayhackc17', 'michaelworthington', 'kaihugstrees', 'jprp71', 'michaeljh', 'ajm012', 'jmnatalie', 'danielfk', 'sk2016', 'jdbruce1', 'deionfoster', 'grahamwinston', 'mmk277', 'een645', 'hma115', 'jdle', 'raudel555', 'akranjc', 'raschneider', 'jay19', 'darmacanqui', 'xsong94', 'lauramilstein', 'lincoli', 'allisoncn', 'jennaisbell31', 'nmartinez2238', 'mrenner7', 'map704', 'cphillips2b5h4q', 'amitrakos', 'ddl139', 'bradherzog', 'shanrahan', 'kfranco619', 'rafaelhenriquez', 'acadiak', 'jbascom24', 'michaelkoho', 'matt.giuffre17', 'osglopez', 'jae945', 'aeshay94', 'pauls124', 'ahx003', 'madelinedeysine2016', 'jaerae', 'lukeolney', 'qiankuntan', 'mklennon', 'gracedodillet', 'zkivitz', 'libbyslosburg2016', 'jmf145', 'gksam10', 'ashleylim2016', 'dannacooperberg2016', 'emilyyau', 'tomoko', 'shankiwi', 'mjc401', 'svetaslavin', 'seiu', 'aag794', 'car978', 'dmotel', 'chembaby', 'epshanker', 'natmaj23']",338,"['jdp244', 'kyle1234567', 'jlubin', 'ngparas', 'wmcclain', 'evejak', 'rasolercrespo', 'hanwal1', 'eseosaosaghae', 'siyuanyu', 'rag834', 'lpatel911', 'slichtor', 'catherineiveslouter', 'cps502', 'brodichok', 'jaf879', 'yucongzhang2016', 'aserrano25', 'wxq933', 'samuelmadvig', 'nedralucas', 'mholtzm2', 'chelseafriesnu', 'nieyumeng', 'fsh712', 'tsunami70875', 'mhbondy', 'kristimichels', 'ryandsimpson94', 'emilyr', 'erineb750', 'flandersman', 'emullen', 'charliehoffert', 'pdtravan', 'nsl239', 'evanarmet2016', 'jyoon93', 'sch607', 'almuimui129', 'sel892', 'hameeds2', 'lesapt59', 'kirkme', 'amrita4', 'davidwilliams2016', 'amikol', 'roshanabid27', 'mjb005', 'cmt332', 'nelsonschang', 'saracrane', 'ejh353', 'asoderberg', 'jam825', 'shiva_tam_nw', 'lrm435', 'kylia100', 'acheatham', 'jcb102', 'easteele', 'ccont001', 'lamkiu89', 'njo989', 'samuelsam93', 'danikajoa', 'angela711819', 'jacksonweisman', 'knam123', 'jleguineche', 'bethanie2911', 'alaamohamedali', 'kconstantino', 'nehagreddy', 'juliannekurke', 'mgr544', 'bwieg92', 'cschmitt502', 'lmadison13', 'bjohnson', 'muddv1', 'sophiamfalmagne', 'niiarday1', 'nwolfenzon', 'nbg179', 'jorisc4', 'patzhou2016', 'bassoonist1719', 'cmakarioupikis', 'danielbstern', 'victoriazapchar', 'louisaxu', 'prithag', 'mspach', 'gdifrancesco', 'mjp911', '123chemistry', 'roy238', 'tjh978', 'hbartusek', 'jhutcheson', 'cchoi', 'ras062', 'bslice1', 'chrishoward7', 'goldie5585', 'fortunato12', 'austinisner', 'yuyinghere', 'jonespr1', 'erice', 'ahosack', 'dorlander', 'psarnacki', 'michaelworthington', 'jprp71', 'kaihugstrees', 'idnu', 'ekocanda', 'michaeljh', 'jmy079', 'jmnatalie', 'danielfk', 'sk2016', 'grahamwinston', 'mmk277', 'een645', 'jdle', 'raschneider', 'jay19', 'clorenc1', 'lincoli', 'jennaisbell31', 'nmartinez2238', 'mrenner7', 'map704', 'cphillips2b5h4q', 'krystiomara', 'shanrahan', 'kfranco619', 'ndeastham', 'acadiak', 'epinhei2', 'jbascom24', 'michaelkoho', 'matt.giuffre17', 'jae945', 'nramanujam', 'ahx003', 'madelinedeysine2016', 'jaerae', 'lukeolney', 'apa041', 'zkivitz', 'jmf145', 'ramanky', 'gksam10', 'tomoko', 'mjc401', 'meochemgrad', 'seiu', 'aag794', 'dmotel', 'chembaby', 'epshanker', 'dhs007', 'natmaj23', 'apgupta1193', 'miafrasca', 'paigeourada', 'aidanjenkins2012', 'agh498', 'hannahjones', 'artichokey', 'ejspeyer', 'ces598', 'all598', 'tinavridhachalam2012', 'pwfranks2012', 'sammarano17', 'kylaprice27', 'janeko', 'afd43', 'cvalukas', 'hayleymarie', 'isaac0812', 'sophielweber', 'kma542', 'cpaton8', 'hillaryt', 'scd256', 'lhenningsgaard', 'ideramos', 'kmr226', 'jenny1024', 'jmcartwr', 'afianuamah', 'lbezdek', 'smwitkowski', 'blc070', 'bhansen', 'wjhager2016', 'martin.f.majewski', 'catherinelis', 'centralfc', 'katherinekelly2016', 'jaydenmorrison2016', 'lrs329', 'grosen94', 'sarahnras', 'mattkelley', 'emg643', 'kamaddio', 'daiken', 'stephen286', 'ianpiper', 'appau', 'luke.mcdermott94', 'tiv941', 'dzifaclem', 'abaum', 'ahenschke', 'fuckass', 'lcassens', 'eleonoraz98', 'nano1234', 'aewalters', 'amakarova', 'maddyk5', 'sgellman', 'annakwak', 'rockyfinn', 'derekchiu', 'jgola', 'anribrod', 'kps725', 'becvsc', 'mcscoles', 'kathleenjenkins2016', 'ggomez313', 'lgoertzen', 'kelseygradwohl', 'daa932', 'dchang416', 'tiernanmurrell', 'nida2014', 'williamgarrison2016', 'tfiorica', 'slubin', 'ajiang', 'sasquatchcas', 'hssbo', 'arm878', None, 'nal819', 'bannerman', 'kljaichj2', 'yfjing', 'ruggbk', 'campric12', 'alexkoh', 'makafui', 'has437', 'z_henry35', 'art860', 'wcrim2016', 'jmwilson27', 'kmccotter', 'ezaslavskaya', 'm.w.stemple', 'brianxicheng', 'cecelio', 'njustinien', 'zlv836', 'aho', 'slal16', 'leeebowitz', 'stepcald22', 'wjiang94', 'kmp511', 'pkt904', 'arleenli', 'sottomeyer', 'abilby', 'juyoungkim94', 'smz509', 'valerie_thomas', 'jmbingham', 'kkrzosek', 'mkelty', 'dorotamb', 'cohend', 'tlswan93', 'jzawadzki11', 'grayhackc17', 'gky158', 'jbomer', 'ajm012', 'jdbruce1', 'deionfoster', 'hma115', 'ajdiamo', 'sepd22', 'raudel555', 'ehrlicher', 'akranjc', 'darmacanqui', 'xsong94', 'lauramilstein', 'tstringer', 'amagda01', 'allisoncn', 'mariamabrowntrump', 'kwhitney', 'hongdazhang', 'amitrakos', 'mpoliwka', 'ddl139', 'bradherzog', 'rafaelhenriquez', 'doyong.lee', 'oss141', 'osglopez', 'aeshay94', 'pauls124', 'qiankuntan', 'mklennon', 'gracedodillet', 'daviddhsu', 'libbyslosburg2016', 'ashleylim2016', 'dannacooperberg2016', 'emilyyau', 'shankiwi', 'svetaslavin', 'car978', 'klemkau']"
4,202,98,59,56,"['kmccotter', 'ajdiamo', 'sepd22', 'kyle1234567', 'abaum', 'ehrlicher', 'cmakarioupikis', 'jlubin', 'danielbstern', 'cecelio', 'wmcclain', 'njustinien', 'mjb005', 'prithag', 'zlv836', 'lpatel911', 'clorenc1', 'tstringer', 'stephen286', 'asoderberg', 'cps502', 'kwhitney', 'brodichok', 'hbartusek', 'jam825', 'cvalukas', 'mpoliwka', 'krystiomara', 'lgoertzen', 'mholtzm2', 'ndeastham', 'epinhei2', 'hameeds2', 'goldie5585', 'kkrzosek', 'lbezdek', 'slubin', 'nramanujam', 'erice', 'ahosack', 'emullen', 'psarnacki', 'dorlander', 'jbomer', 'gky158', 'kljaichj2', 'idnu', 'ekocanda', 'cschmitt502', 'jmy079', 'lmadison13', 'bjohnson', 'nwolfenzon', 'klemkau', 'daiken', 'jorisc4']",41,"['appau', 'ezaslavskaya', 'dzifaclem', 'amrita4', 'rasolercrespo', 'mspach', 'eleonoraz98', 'amagda01', 'mariamabrowntrump', 'jgola', 'shiva_tam_nw', 'hongdazhang', 'lrm435', 'jhutcheson', 'cchoi', 'abilby', 'wxq933', 'ras062', 'doyong.lee', 'ccont001', 'oss141', 'jmbingham', 'jmcartwr', 'lamkiu89', 'afianuamah', 'austinisner', 'yuyinghere', 'bhansen', 'jonespr1', 'apa041', 'bannerman', 'daviddhsu', 'kconstantino', 'yfjing', 'ramanky', 'ruggbk', 'makafui', 'meochemgrad', 'niiarday1', 'mattkelley', 'dhs007']",3,"['ideramos', None, 'darmacanqui']",100,"['kyle1234567', 'jlubin', 'wmcclain', 'rasolercrespo', 'lpatel911', 'cps502', 'brodichok', 'cvalukas', 'wxq933', 'mholtzm2', 'ideramos', 'jmcartwr', 'afianuamah', 'lbezdek', 'bhansen', 'emullen', 'mattkelley', 'daiken', 'hameeds2', 'stephen286', 'appau', 'dzifaclem', 'abaum', 'amrita4', 'mjb005', 'eleonoraz98', 'asoderberg', 'jgola', 'jam825', 'shiva_tam_nw', 'lrm435', 'lgoertzen', 'ccont001', 'lamkiu89', 'slubin', None, 'bannerman', 'kconstantino', 'kljaichj2', 'yfjing', 'ruggbk', 'cschmitt502', 'makafui', 'lmadison13', 'bjohnson', 'niiarday1', 'nwolfenzon', 'jorisc4', 'kmccotter', 'ezaslavskaya', 'cmakarioupikis', 'danielbstern', 'cecelio', 'njustinien', 'prithag', 'mspach', 'zlv836', 'hbartusek', 'jhutcheson', 'cchoi', 'abilby', 'ras062', 'goldie5585', 'jmbingham', 'kkrzosek', 'austinisner', 'yuyinghere', 'jonespr1', 'erice', 'gky158', 'ahosack', 'dorlander', 'psarnacki', 'jbomer', 'idnu', 'ekocanda', 'jmy079', 'ajdiamo', 'sepd22', 'ehrlicher', 'darmacanqui', 'clorenc1', 'tstringer', 'amagda01', 'mariamabrowntrump', 'kwhitney', 'hongdazhang', 'mpoliwka', 'krystiomara', 'ndeastham', 'epinhei2', 'doyong.lee', 'oss141', 'nramanujam', 'apa041', 'daviddhsu', 'ramanky', 'meochemgrad', 'klemkau', 'dhs007']"
4,204,98,18,17,"['doyong.lee', 'daviddhsu', 'ccont001', 'yfjing', 'jmbingham', 'ras062', 'austinisner', 'shiva_tam_nw', 'yuyinghere', 'dhs007', 'prithag', 'rasolercrespo', 'jonespr1', 'hongdazhang', 'lrm435', 'jhutcheson', 'wxq933']",80,"['kmccotter', 'ezaslavskaya', 'kyle1234567', 'cmakarioupikis', 'danielbstern', 'jlubin', 'wmcclain', 'cecelio', 'njustinien', 'mspach', 'zlv836', 'lpatel911', 'cps502', 'brodichok', 'hbartusek', 'cvalukas', 'cchoi', 'abilby', 'mholtzm2', 'goldie5585', 'jmcartwr', 'kkrzosek', 'afianuamah', 'lbezdek', 'bhansen', 'erice', 'emullen', 'gky158', 'ahosack', 'dorlander', 'psarnacki', 'jbomer', 'idnu', 'ekocanda', 'jmy079', 'mattkelley', 'daiken', 'hameeds2', 'stephen286', 'appau', 'ajdiamo', 'dzifaclem', 'sepd22', 'abaum', 'amrita4', 'ehrlicher', 'mjb005', 'eleonoraz98', 'clorenc1', 'tstringer', 'amagda01', 'asoderberg', 'mariamabrowntrump', 'kwhitney', 'jgola', 'jam825', 'mpoliwka', 'krystiomara', 'lgoertzen', 'ndeastham', 'epinhei2', 'oss141', 'lamkiu89', 'slubin', 'nramanujam', 'apa041', 'bannerman', 'kconstantino', 'kljaichj2', 'ramanky', 'ruggbk', 'cschmitt502', 'makafui', 'lmadison13', 'meochemgrad', 'bjohnson', 'niiarday1', 'nwolfenzon', 'klemkau', 'jorisc4']",1,[None],98,"['kmccotter', 'ezaslavskaya', 'kyle1234567', 'cmakarioupikis', 'danielbstern', 'jlubin', 'wmcclain', 'cecelio', 'njustinien', 'rasolercrespo', 'prithag', 'mspach', 'zlv836', 'lpatel911', 'cps502', 'brodichok', 'hbartusek', 'cvalukas', 'jhutcheson', 'cchoi', 'abilby', 'wxq933', 'ras062', 'mholtzm2', 'goldie5585', 'jmbingham', 'jmcartwr', 'kkrzosek', 'afianuamah', 'lbezdek', 'austinisner', 'yuyinghere', 'bhansen', 'jonespr1', 'erice', 'emullen', 'gky158', 'ahosack', 'dorlander', 'psarnacki', 'jbomer', 'idnu', 'ekocanda', 'jmy079', 'mattkelley', 'daiken', 'hameeds2', 'stephen286', 'appau', 'ajdiamo', 'dzifaclem', 'sepd22', 'abaum', 'amrita4', 'ehrlicher', 'mjb005', 'eleonoraz98', 'clorenc1', 'tstringer', 'amagda01', 'asoderberg', 'mariamabrowntrump', 'kwhitney', 'jgola', 'jam825', 'shiva_tam_nw', 'hongdazhang', 'lrm435', 'mpoliwka', 'krystiomara', 'lgoertzen', 'ndeastham', 'epinhei2', 'doyong.lee', 'ccont001', 'oss141', 'lamkiu89', 'slubin', 'nramanujam', 'apa041', None, 'bannerman', 'daviddhsu', 'kconstantino', 'kljaichj2', 'yfjing', 'ramanky', 'ruggbk', 'cschmitt502', 'makafui', 'lmadison13', 'meochemgrad', 'bjohnson', 'niiarday1', 'nwolfenzon', 'klemkau', 'dhs007', 'jorisc4']"
4,201,98,12,9,"['oss141', 'ruggbk', 'lamkiu89', 'jmy079', 'meochemgrad', 'lmadison13', 'jhutcheson', 'mattkelley', 'apa041']",88,"['kmccotter', 'ezaslavskaya', 'kyle1234567', 'cmakarioupikis', 'danielbstern', 'jlubin', 'wmcclain', 'cecelio', 'njustinien', 'rasolercrespo', 'prithag', 'mspach', 'zlv836', 'lpatel911', 'cps502', 'brodichok', 'hbartusek', 'cvalukas', 'cchoi', 'abilby', 'wxq933', 'ras062', 'mholtzm2', 'goldie5585', 'jmbingham', 'jmcartwr', 'kkrzosek', 'afianuamah', 'lbezdek', 'austinisner', 'yuyinghere', 'bhansen', 'jonespr1', 'erice', 'emullen', 'gky158', 'ahosack', 'dorlander', 'psarnacki', 'jbomer', 'idnu', 'ekocanda', 'daiken', 'hameeds2', 'stephen286', 'appau', 'ajdiamo', 'dzifaclem', 'sepd22', 'abaum', 'amrita4', 'ehrlicher', 'mjb005', 'eleonoraz98', 'clorenc1', 'tstringer', 'amagda01', 'asoderberg', 'mariamabrowntrump', 'kwhitney', 'jgola', 'jam825', 'shiva_tam_nw', 'hongdazhang', 'lrm435', 'mpoliwka', 'krystiomara', 'lgoertzen', 'ndeastham', 'epinhei2', 'doyong.lee', 'ccont001', 'slubin', 'nramanujam', 'bannerman', 'daviddhsu', 'kconstantino', 'kljaichj2', 'yfjing', 'ramanky', 'cschmitt502', 'makafui', 'bjohnson', 'niiarday1', 'nwolfenzon', 'klemkau', 'dhs007', 'jorisc4']",3,"['michaelmcanally', 'tejerina', None]",100,"['kmccotter', 'ezaslavskaya', 'kyle1234567', 'cmakarioupikis', 'danielbstern', 'jlubin', 'wmcclain', 'cecelio', 'njustinien', 'rasolercrespo', 'prithag', 'mspach', 'zlv836', 'lpatel911', 'cps502', 'brodichok', 'hbartusek', 'cvalukas', 'jhutcheson', 'cchoi', 'abilby', 'wxq933', 'ras062', 'mholtzm2', 'goldie5585', 'jmbingham', 'jmcartwr', 'kkrzosek', 'afianuamah', 'lbezdek', 'austinisner', 'yuyinghere', 'bhansen', 'jonespr1', 'erice', 'emullen', 'gky158', 'ahosack', 'dorlander', 'psarnacki', 'jbomer', 'idnu', 'ekocanda', 'jmy079', 'mattkelley', 'daiken', 'hameeds2', 'tejerina', 'stephen286', 'michaelmcanally', 'appau', 'ajdiamo', 'dzifaclem', 'sepd22', 'abaum', 'amrita4', 'ehrlicher', 'mjb005', 'eleonoraz98', 'clorenc1', 'tstringer', 'amagda01', 'asoderberg', 'mariamabrowntrump', 'kwhitney', 'jgola', 'jam825', 'shiva_tam_nw', 'hongdazhang', 'lrm435', 'mpoliwka', 'krystiomara', 'lgoertzen', 'ndeastham', 'epinhei2', 'doyong.lee', 'ccont001', 'oss141', 'lamkiu89', 'slubin', 'nramanujam', 'apa041', None, 'bannerman', 'daviddhsu', 'kconstantino', 'kljaichj2', 'yfjing', 'ramanky', 'ruggbk', 'cschmitt502', 'makafui', 'lmadison13', 'meochemgrad', 'bjohnson', 'niiarday1', 'nwolfenzon', 'klemkau', 'dhs007', 'jorisc4']"
4,75,98,9,3,"['shiva_tam_nw', 'rasolercrespo', 'jmy079']",94,"['kmccotter', 'ezaslavskaya', 'kyle1234567', 'cmakarioupikis', 'danielbstern', 'jlubin', 'wmcclain', 'cecelio', 'njustinien', 'prithag', 'mspach', 'zlv836', 'lpatel911', 'cps502', 'brodichok', 'hbartusek', 'cvalukas', 'jhutcheson', 'cchoi', 'abilby', 'wxq933', 'ras062', 'mholtzm2', 'goldie5585', 'jmbingham', 'jmcartwr', 'kkrzosek', 'afianuamah', 'lbezdek', 'austinisner', 'yuyinghere', 'bhansen', 'jonespr1', 'erice', 'emullen', 'gky158', 'ahosack', 'dorlander', 'psarnacki', 'jbomer', 'idnu', 'ekocanda', 'mattkelley', 'daiken', 'hameeds2', 'stephen286', 'appau', 'ajdiamo', 'dzifaclem', 'sepd22', 'abaum', 'amrita4', 'ehrlicher', 'mjb005', 'eleonoraz98', 'clorenc1', 'tstringer', 'amagda01', 'asoderberg', 'mariamabrowntrump', 'kwhitney', 'jgola', 'jam825', 'hongdazhang', 'lrm435', 'mpoliwka', 'krystiomara', 'lgoertzen', 'ndeastham', 'epinhei2', 'doyong.lee', 'ccont001', 'oss141', 'lamkiu89', 'slubin', 'nramanujam', 'apa041', 'bannerman', 'daviddhsu', 'kconstantino', 'kljaichj2', 'yfjing', 'ramanky', 'ruggbk', 'cschmitt502', 'makafui', 'lmadison13', 'meochemgrad', 'bjohnson', 'niiarday1', 'nwolfenzon', 'klemkau', 'dhs007', 'jorisc4']",6,"['xiang', 'trrajaprakash', 'swangel', 'keten', 'blakejohnson2012', None]",103,"['kmccotter', 'ezaslavskaya', 'kyle1234567', 'cmakarioupikis', 'danielbstern', 'jlubin', 'wmcclain', 'cecelio', 'njustinien', 'rasolercrespo', 'prithag', 'mspach', 'zlv836', 'lpatel911', 'swangel', 'cps502', 'xiang', 'brodichok', 'hbartusek', 'cvalukas', 'jhutcheson', 'cchoi', 'abilby', 'wxq933', 'ras062', 'mholtzm2', 'goldie5585', 'jmbingham', 'jmcartwr', 'kkrzosek', 'afianuamah', 'lbezdek', 'austinisner', 'yuyinghere', 'blakejohnson2012', 'bhansen', 'jonespr1', 'erice', 'emullen', 'gky158', 'ahosack', 'dorlander', 'psarnacki', 'jbomer', 'idnu', 'ekocanda', 'jmy079', 'mattkelley', 'daiken', 'hameeds2', 'stephen286', 'appau', 'ajdiamo', 'dzifaclem', 'sepd22', 'abaum', 'amrita4', 'ehrlicher', 'mjb005', 'eleonoraz98', 'clorenc1', 'tstringer', 'amagda01', 'asoderberg', 'mariamabrowntrump', 'kwhitney', 'jgola', 'jam825', 'shiva_tam_nw', 'hongdazhang', 'lrm435', 'mpoliwka', 'krystiomara', 'lgoertzen', 'ndeastham', 'epinhei2', 'doyong.lee', 'ccont001', 'trrajaprakash', 'oss141', 'lamkiu89', 'slubin', 'nramanujam', 'apa041', None, 'bannerman', 'daviddhsu', 'kconstantino', 'kljaichj2', 'yfjing', 'ramanky', 'ruggbk', 'keten', 'cschmitt502', 'makafui', 'lmadison13', 'meochemgrad', 'bjohnson', 'niiarday1', 'nwolfenzon', 'klemkau', 'dhs007', 'jorisc4']"
4,205,98,9,7,"['appau', 'bannerman', 'mariamabrowntrump', 'dzifaclem', 'afianuamah', 'makafui', 'niiarday1']",90,"['kmccotter', 'ezaslavskaya', 'kyle1234567', 'cmakarioupikis', 'danielbstern', 'jlubin', 'wmcclain', 'cecelio', 'njustinien', 'rasolercrespo', 'prithag', 'mspach', 'zlv836', 'lpatel911', 'cps502', 'brodichok', 'hbartusek', 'cvalukas', 'jhutcheson', 'cchoi', 'abilby', 'wxq933', 'ras062', 'mholtzm2', 'goldie5585', 'jmbingham', 'jmcartwr', 'kkrzosek', 'lbezdek', 'austinisner', 'yuyinghere', 'bhansen', 'jonespr1', 'erice', 'emullen', 'gky158', 'ahosack', 'dorlander', 'psarnacki', 'jbomer', 'idnu', 'ekocanda', 'jmy079', 'mattkelley', 'daiken', 'hameeds2', 'stephen286', 'ajdiamo', 'sepd22', 'abaum', 'amrita4', 'ehrlicher', 'mjb005', 'eleonoraz98', 'clorenc1', 'tstringer', 'amagda01', 'asoderberg', 'kwhitney', 'jgola', 'jam825', 'shiva_tam_nw', 'hongdazhang', 'lrm435', 'mpoliwka', 'krystiomara', 'lgoertzen', 'ndeastham', 'epinhei2', 'doyong.lee', 'ccont001', 'oss141', 'lamkiu89', 'slubin', 'nramanujam', 'apa041', 'daviddhsu', 'kconstantino', 'kljaichj2', 'yfjing', 'ramanky', 'ruggbk', 'cschmitt502', 'lmadison13', 'meochemgrad', 'bjohnson', 'nwolfenzon', 'klemkau', 'dhs007', 'jorisc4']",2,"['winston', None]",99,"['kmccotter', 'ezaslavskaya', 'kyle1234567', 'cmakarioupikis', 'danielbstern', 'jlubin', 'wmcclain', 'cecelio', 'njustinien', 'rasolercrespo', 'prithag', 'mspach', 'zlv836', 'lpatel911', 'cps502', 'brodichok', 'hbartusek', 'cvalukas', 'jhutcheson', 'cchoi', 'abilby', 'wxq933', 'ras062', 'mholtzm2', 'goldie5585', 'jmbingham', 'jmcartwr', 'kkrzosek', 'afianuamah', 'lbezdek', 'austinisner', 'yuyinghere', 'bhansen', 'jonespr1', 'erice', 'emullen', 'gky158', 'ahosack', 'dorlander', 'psarnacki', 'jbomer', 'idnu', 'ekocanda', 'jmy079', 'mattkelley', 'daiken', 'hameeds2', 'stephen286', 'appau', 'ajdiamo', 'dzifaclem', 'sepd22', 'abaum', 'amrita4', 'ehrlicher', 'mjb005', 'eleonoraz98', 'clorenc1', 'tstringer', 'winston', 'amagda01', 'asoderberg', 'mariamabrowntrump', 'kwhitney', 'jgola', 'jam825', 'shiva_tam_nw', 'hongdazhang', 'lrm435', 'mpoliwka', 'krystiomara', 'lgoertzen', 'ndeastham', 'epinhei2', 'doyong.lee', 'ccont001', 'oss141', 'lamkiu89', 'slubin', 'nramanujam', 'apa041', None, 'bannerman', 'daviddhsu', 'kconstantino', 'kljaichj2', 'yfjing', 'ramanky', 'ruggbk', 'cschmitt502', 'makafui', 'lmadison13', 'meochemgrad', 'bjohnson', 'niiarday1', 'nwolfenzon', 'klemkau', 'dhs007', 'jorisc4']"
4,76,98,8,3,"['shiva_tam_nw', 'rasolercrespo', 'jmy079']",94,"['kmccotter', 'ezaslavskaya', 'kyle1234567', 'cmakarioupikis', 'danielbstern', 'jlubin', 'wmcclain', 'cecelio', 'njustinien', 'prithag', 'mspach', 'zlv836', 'lpatel911', 'cps502', 'brodichok', 'hbartusek', 'cvalukas', 'jhutcheson', 'cchoi', 'abilby', 'wxq933', 'ras062', 'mholtzm2', 'goldie5585', 'jmbingham', 'jmcartwr', 'kkrzosek', 'afianuamah', 'lbezdek', 'austinisner', 'yuyinghere', 'bhansen', 'jonespr1', 'erice', 'emullen', 'gky158', 'ahosack', 'dorlander', 'psarnacki', 'jbomer', 'idnu', 'ekocanda', 'mattkelley', 'daiken', 'hameeds2', 'stephen286', 'appau', 'ajdiamo', 'dzifaclem', 'sepd22', 'abaum', 'amrita4', 'ehrlicher', 'mjb005', 'eleonoraz98', 'clorenc1', 'tstringer', 'amagda01', 'asoderberg', 'mariamabrowntrump', 'kwhitney', 'jgola', 'jam825', 'hongdazhang', 'lrm435', 'mpoliwka', 'krystiomara', 'lgoertzen', 'ndeastham', 'epinhei2', 'doyong.lee', 'ccont001', 'oss141', 'lamkiu89', 'slubin', 'nramanujam', 'apa041', 'bannerman', 'daviddhsu', 'kconstantino', 'kljaichj2', 'yfjing', 'ramanky', 'ruggbk', 'cschmitt502', 'makafui', 'lmadison13', 'meochemgrad', 'bjohnson', 'niiarday1', 'nwolfenzon', 'klemkau', 'dhs007', 'jorisc4']",5,"['swangel', 'xiang', 'trrajaprakash', 'blakejohnson2012', None]",102,"['kmccotter', 'ezaslavskaya', 'kyle1234567', 'cmakarioupikis', 'danielbstern', 'jlubin', 'wmcclain', 'cecelio', 'njustinien', 'rasolercrespo', 'prithag', 'mspach', 'zlv836', 'lpatel911', 'xiang', 'cps502', 'swangel', 'brodichok', 'hbartusek', 'cvalukas', 'jhutcheson', 'cchoi', 'abilby', 'wxq933', 'ras062', 'mholtzm2', 'goldie5585', 'jmbingham', 'jmcartwr', 'kkrzosek', 'afianuamah', 'lbezdek', 'austinisner', 'yuyinghere', 'blakejohnson2012', 'bhansen', 'jonespr1', 'erice', 'emullen', 'gky158', 'ahosack', 'dorlander', 'psarnacki', 'jbomer', 'idnu', 'ekocanda', 'jmy079', 'mattkelley', 'daiken', 'hameeds2', 'stephen286', 'appau', 'ajdiamo', 'dzifaclem', 'sepd22', 'abaum', 'amrita4', 'ehrlicher', 'mjb005', 'eleonoraz98', 'clorenc1', 'tstringer', 'amagda01', 'asoderberg', 'mariamabrowntrump', 'kwhitney', 'jgola', 'jam825', 'shiva_tam_nw', 'hongdazhang', 'lrm435', 'mpoliwka', 'krystiomara', 'lgoertzen', 'ndeastham', 'epinhei2', 'doyong.lee', 'ccont001', 'trrajaprakash', 'oss141', 'lamkiu89', 'slubin', 'nramanujam', 'apa041', None, 'bannerman', 'daviddhsu', 'kconstantino', 'kljaichj2', 'yfjing', 'ramanky', 'ruggbk', 'cschmitt502', 'makafui', 'lmadison13', 'meochemgrad', 'bjohnson', 'niiarday1', 'nwolfenzon', 'klemkau', 'dhs007', 'jorisc4']"
4,155,98,8,6,"['asoderberg', 'idnu', 'mjb005', 'erice', 'lgoertzen', 'mholtzm2']",91,"['kmccotter', 'ezaslavskaya', 'kyle1234567', 'cmakarioupikis', 'danielbstern', 'jlubin', 'wmcclain', 'cecelio', 'njustinien', 'rasolercrespo', 'prithag', 'mspach', 'zlv836', 'lpatel911', 'cps502', 'brodichok', 'hbartusek', 'cvalukas', 'jhutcheson', 'cchoi', 'abilby', 'wxq933', 'ras062', 'goldie5585', 'jmbingham', 'jmcartwr', 'kkrzosek', 'afianuamah', 'lbezdek', 'austinisner', 'yuyinghere', 'bhansen', 'jonespr1', 'emullen', 'gky158', 'ahosack', 'dorlander', 'psarnacki', 'jbomer', 'ekocanda', 'jmy079', 'mattkelley', 'daiken', 'hameeds2', 'stephen286', 'appau', 'ajdiamo', 'dzifaclem', 'sepd22', 'abaum', 'amrita4', 'ehrlicher', 'eleonoraz98', 'clorenc1', 'tstringer', 'amagda01', 'mariamabrowntrump', 'kwhitney', 'jgola', 'jam825', 'shiva_tam_nw', 'hongdazhang', 'lrm435', 'mpoliwka', 'krystiomara', 'ndeastham', 'epinhei2', 'doyong.lee', 'ccont001', 'oss141', 'lamkiu89', 'slubin', 'nramanujam', 'apa041', 'bannerman', 'daviddhsu', 'kconstantino', 'kljaichj2', 'yfjing', 'ramanky', 'ruggbk', 'cschmitt502', 'makafui', 'lmadison13', 'meochemgrad', 'bjohnson', 'niiarday1', 'nwolfenzon', 'klemkau', 'dhs007', 'jorisc4']",2,"['ideramos', None]",99,"['kmccotter', 'ezaslavskaya', 'kyle1234567', 'cmakarioupikis', 'danielbstern', 'jlubin', 'wmcclain', 'cecelio', 'njustinien', 'rasolercrespo', 'prithag', 'mspach', 'zlv836', 'lpatel911', 'cps502', 'brodichok', 'hbartusek', 'cvalukas', 'jhutcheson', 'cchoi', 'abilby', 'wxq933', 'ras062', 'mholtzm2', 'ideramos', 'goldie5585', 'jmbingham', 'jmcartwr', 'kkrzosek', 'afianuamah', 'lbezdek', 'austinisner', 'yuyinghere', 'bhansen', 'jonespr1', 'erice', 'emullen', 'gky158', 'ahosack', 'dorlander', 'psarnacki', 'jbomer', 'idnu', 'ekocanda', 'jmy079', 'mattkelley', 'daiken', 'hameeds2', 'stephen286', 'appau', 'ajdiamo', 'dzifaclem', 'sepd22', 'abaum', 'amrita4', 'ehrlicher', 'mjb005', 'eleonoraz98', 'clorenc1', 'tstringer', 'amagda01', 'asoderberg', 'mariamabrowntrump', 'kwhitney', 'jgola', 'jam825', 'shiva_tam_nw', 'hongdazhang', 'lrm435', 'mpoliwka', 'krystiomara', 'lgoertzen', 'ndeastham', 'epinhei2', 'doyong.lee', 'ccont001', 'oss141', 'lamkiu89', 'slubin', 'nramanujam', 'apa041', None, 'bannerman', 'daviddhsu', 'kconstantino', 'kljaichj2', 'yfjing', 'ramanky', 'ruggbk', 'cschmitt502', 'makafui', 'lmadison13', 'meochemgrad', 'bjohnson', 'niiarday1', 'nwolfenzon', 'klemkau', 'dhs007', 'jorisc4']"
4,200,98,7,4,"['ruggbk', 'lamkiu89', 'jmy079', 'lmadison13']",93,"['kmccotter', 'ezaslavskaya', 'kyle1234567', 'cmakarioupikis', 'danielbstern', 'jlubin', 'wmcclain', 'cecelio', 'njustinien', 'rasolercrespo', 'prithag', 'mspach', 'zlv836', 'lpatel911', 'cps502', 'brodichok', 'hbartusek', 'cvalukas', 'jhutcheson', 'cchoi', 'abilby', 'wxq933', 'ras062', 'mholtzm2', 'goldie5585', 'jmbingham', 'jmcartwr', 'kkrzosek', 'afianuamah', 'lbezdek', 'austinisner', 'yuyinghere', 'bhansen', 'jonespr1', 'erice', 'emullen', 'gky158', 'ahosack', 'dorlander', 'psarnacki', 'jbomer', 'idnu', 'ekocanda', 'mattkelley', 'daiken', 'hameeds2', 'stephen286', 'appau', 'ajdiamo', 'dzifaclem', 'sepd22', 'abaum', 'amrita4', 'ehrlicher', 'mjb005', 'eleonoraz98', 'clorenc1', 'tstringer', 'amagda01', 'asoderberg', 'mariamabrowntrump', 'kwhitney', 'jgola', 'jam825', 'shiva_tam_nw', 'hongdazhang', 'lrm435', 'mpoliwka', 'krystiomara', 'lgoertzen', 'ndeastham', 'epinhei2', 'doyong.lee', 'ccont001', 'oss141', 'slubin', 'nramanujam', 'apa041', 'bannerman', 'daviddhsu', 'kconstantino', 'kljaichj2', 'yfjing', 'ramanky', 'cschmitt502', 'makafui', 'meochemgrad', 'bjohnson', 'niiarday1', 'nwolfenzon', 'klemkau', 'dhs007', 'jorisc4']",3,"['michaelmcanally', 'ericsmoll', None]",100,"['kmccotter', 'ezaslavskaya', 'kyle1234567', 'cmakarioupikis', 'danielbstern', 'jlubin', 'wmcclain', 'cecelio', 'njustinien', 'rasolercrespo', 'prithag', 'mspach', 'zlv836', 'lpatel911', 'cps502', 'brodichok', 'hbartusek', 'cvalukas', 'jhutcheson', 'cchoi', 'abilby', 'wxq933', 'ras062', 'mholtzm2', 'goldie5585', 'jmbingham', 'jmcartwr', 'kkrzosek', 'afianuamah', 'lbezdek', 'austinisner', 'yuyinghere', 'bhansen', 'jonespr1', 'erice', 'emullen', 'gky158', 'ahosack', 'dorlander', 'psarnacki', 'jbomer', 'idnu', 'ekocanda', 'jmy079', 'mattkelley', 'daiken', 'hameeds2', 'michaelmcanally', 'stephen286', 'appau', 'ajdiamo', 'dzifaclem', 'sepd22', 'abaum', 'amrita4', 'ehrlicher', 'mjb005', 'eleonoraz98', 'clorenc1', 'tstringer', 'amagda01', 'asoderberg', 'mariamabrowntrump', 'kwhitney', 'jgola', 'jam825', 'shiva_tam_nw', 'hongdazhang', 'lrm435', 'mpoliwka', 'krystiomara', 'lgoertzen', 'ericsmoll', 'ndeastham', 'epinhei2', 'doyong.lee', 'ccont001', 'oss141', 'lamkiu89', 'slubin', 'nramanujam', 'apa041', None, 'bannerman', 'daviddhsu', 'kconstantino', 'kljaichj2', 'yfjing', 'ramanky', 'ruggbk', 'cschmitt502', 'makafui', 'lmadison13', 'meochemgrad', 'bjohnson', 'niiarday1', 'nwolfenzon', 'klemkau', 'dhs007', 'jorisc4']"
4,203,98,7,6,"['epinhei2', 'kconstantino', 'mpoliwka', 'cchoi', 'abilby', 'gky158']",91,"['kmccotter', 'ezaslavskaya', 'kyle1234567', 'cmakarioupikis', 'danielbstern', 'jlubin', 'wmcclain', 'cecelio', 'njustinien', 'rasolercrespo', 'prithag', 'mspach', 'zlv836', 'lpatel911', 'cps502', 'brodichok', 'hbartusek', 'cvalukas', 'jhutcheson', 'wxq933', 'ras062', 'mholtzm2', 'goldie5585', 'jmbingham', 'jmcartwr', 'kkrzosek', 'afianuamah', 'lbezdek', 'austinisner', 'yuyinghere', 'bhansen', 'jonespr1', 'erice', 'emullen', 'ahosack', 'dorlander', 'psarnacki', 'jbomer', 'idnu', 'ekocanda', 'jmy079', 'mattkelley', 'daiken', 'hameeds2', 'stephen286', 'appau', 'ajdiamo', 'dzifaclem', 'sepd22', 'abaum', 'amrita4', 'ehrlicher', 'mjb005', 'eleonoraz98', 'clorenc1', 'tstringer', 'amagda01', 'asoderberg', 'mariamabrowntrump', 'kwhitney', 'jgola', 'jam825', 'shiva_tam_nw', 'hongdazhang', 'lrm435', 'krystiomara', 'lgoertzen', 'ndeastham', 'doyong.lee', 'ccont001', 'oss141', 'lamkiu89', 'slubin', 'nramanujam', 'apa041', 'bannerman', 'daviddhsu', 'kljaichj2', 'yfjing', 'ramanky', 'ruggbk', 'cschmitt502', 'makafui', 'lmadison13', 'meochemgrad', 'bjohnson', 'niiarday1', 'nwolfenzon', 'klemkau', 'dhs007', 'jorisc4']",1,[None],98,"['kmccotter', 'ezaslavskaya', 'kyle1234567', 'cmakarioupikis', 'danielbstern', 'jlubin', 'wmcclain', 'cecelio', 'njustinien', 'rasolercrespo', 'prithag', 'mspach', 'zlv836', 'lpatel911', 'cps502', 'brodichok', 'hbartusek', 'cvalukas', 'jhutcheson', 'cchoi', 'abilby', 'wxq933', 'ras062', 'mholtzm2', 'goldie5585', 'jmbingham', 'jmcartwr', 'kkrzosek', 'afianuamah', 'lbezdek', 'austinisner', 'yuyinghere', 'bhansen', 'jonespr1', 'erice', 'emullen', 'gky158', 'ahosack', 'dorlander', 'psarnacki', 'jbomer', 'idnu', 'ekocanda', 'jmy079', 'mattkelley', 'daiken', 'hameeds2', 'stephen286', 'appau', 'ajdiamo', 'dzifaclem', 'sepd22', 'abaum', 'amrita4', 'ehrlicher', 'mjb005', 'eleonoraz98', 'clorenc1', 'tstringer', 'amagda01', 'asoderberg', 'mariamabrowntrump', 'kwhitney', 'jgola', 'jam825', 'shiva_tam_nw', 'hongdazhang', 'lrm435', 'mpoliwka', 'krystiomara', 'lgoertzen', 'ndeastham', 'epinhei2', 'doyong.lee', 'ccont001', 'oss141', 'lamkiu89', 'slubin', 'nramanujam', 'apa041', None, 'bannerman', 'daviddhsu', 'kconstantino', 'kljaichj2', 'yfjing', 'ramanky', 'ruggbk', 'cschmitt502', 'makafui', 'lmadison13', 'meochemgrad', 'bjohnson', 'niiarday1', 'nwolfenzon', 'klemkau', 'dhs007', 'jorisc4']"
4,157,98,6,5,"['kconstantino', 'ekocanda', 'jlubin', 'jorisc4', 'emullen']",92,"['kmccotter', 'ezaslavskaya', 'kyle1234567', 'cmakarioupikis', 'danielbstern', 'wmcclain', 'cecelio', 'njustinien', 'rasolercrespo', 'prithag', 'mspach', 'zlv836', 'lpatel911', 'cps502', 'brodichok', 'hbartusek', 'cvalukas', 'jhutcheson', 'cchoi', 'abilby', 'wxq933', 'ras062', 'mholtzm2', 'goldie5585', 'jmbingham', 'jmcartwr', 'kkrzosek', 'afianuamah', 'lbezdek', 'austinisner', 'yuyinghere', 'bhansen', 'jonespr1', 'erice', 'gky158', 'ahosack', 'dorlander', 'psarnacki', 'jbomer', 'idnu', 'jmy079', 'mattkelley', 'daiken', 'hameeds2', 'stephen286', 'appau', 'ajdiamo', 'dzifaclem', 'sepd22', 'abaum', 'amrita4', 'ehrlicher', 'mjb005', 'eleonoraz98', 'clorenc1', 'tstringer', 'amagda01', 'asoderberg', 'mariamabrowntrump', 'kwhitney', 'jgola', 'jam825', 'shiva_tam_nw', 'hongdazhang', 'lrm435', 'mpoliwka', 'krystiomara', 'lgoertzen', 'ndeastham', 'epinhei2', 'doyong.lee', 'ccont001', 'oss141', 'lamkiu89', 'slubin', 'nramanujam', 'apa041', 'bannerman', 'daviddhsu', 'kljaichj2', 'yfjing', 'ramanky', 'ruggbk', 'cschmitt502', 'makafui', 'lmadison13', 'meochemgrad', 'bjohnson', 'niiarday1', 'nwolfenzon', 'klemkau', 'dhs007']",1,[None],98,"['kmccotter', 'ezaslavskaya', 'kyle1234567', 'cmakarioupikis', 'danielbstern', 'jlubin', 'wmcclain', 'cecelio', 'njustinien', 'rasolercrespo', 'prithag', 'mspach', 'zlv836', 'lpatel911', 'cps502', 'brodichok', 'hbartusek', 'cvalukas', 'jhutcheson', 'cchoi', 'abilby', 'wxq933', 'ras062', 'mholtzm2', 'goldie5585', 'jmbingham', 'jmcartwr', 'kkrzosek', 'afianuamah', 'lbezdek', 'austinisner', 'yuyinghere', 'bhansen', 'jonespr1', 'erice', 'emullen', 'gky158', 'ahosack', 'dorlander', 'psarnacki', 'jbomer', 'idnu', 'ekocanda', 'jmy079', 'mattkelley', 'daiken', 'hameeds2', 'stephen286', 'appau', 'ajdiamo', 'dzifaclem', 'sepd22', 'abaum', 'amrita4', 'ehrlicher', 'mjb005', 'eleonoraz98', 'clorenc1', 'tstringer', 'amagda01', 'asoderberg', 'mariamabrowntrump', 'kwhitney', 'jgola', 'jam825', 'shiva_tam_nw', 'hongdazhang', 'lrm435', 'mpoliwka', 'krystiomara', 'lgoertzen', 'ndeastham', 'epinhei2', 'doyong.lee', 'ccont001', 'oss141', 'lamkiu89', 'slubin', 'nramanujam', 'apa041', None, 'bannerman', 'daviddhsu', 'kconstantino', 'kljaichj2', 'yfjing', 'ramanky', 'ruggbk', 'cschmitt502', 'makafui', 'lmadison13', 'meochemgrad', 'bjohnson', 'niiarday1', 'nwolfenzon', 'klemkau', 'dhs007', 'jorisc4']"
5,255,74,40,38,"['capitaine.a', 'fbega', 'lemaitfl', 'ribetfe', 'amine1991', 'scibetta', 'florent.saunier', 'qin.yusen', 'claclacla90', 'souch', 'r.gaucho10', 'm.asiatici', 'giacometti.emanuele', 'eleonora.deluca90', 'badr.slimani', 'kayum26', 'ruizhong.lin', 'klemagnen', 'fbega90', 'gmahieux', 'sylvain', 'filislv', 'dsimat', 'stefano.dallorto', 'simone.bonaccorsi', 'brakh90', 'momodouix19', 'ozgek', 'alberto_lauri', 'davide_ms13', 'haqianqian', 'nanocate', 'mosson', 'hariharan1791', 'nicolas.dupre', 'willwill', 'ipad140', 'samuelenanotech']",35,"['mrudolph83', 'erabkin', 'spence', 'sseifert', 'mvoght', 'sharo', 'shadow7117', 'snuce', '1234qwer', 'perkins4', 'mcnallyh', 'dleak', 'emmoser', 'joelchevrier', 'vivansachdeva24', 'czehrung', 'skillers', 'kwyse', 'bennettc', 'francescobassobasset', 'abylard', 'dorgesucre', 'clevz', 'lterry', 'christo5', 'starboy612', 'sweber', 'milantadic', 'julieste', 'lamirab', 'remidujeu', 'bahrami', 'ratzkma', 'mkoszuli', 'soundousch']",2,"[None, 'farjalle']",75,"['lemaitfl', 'ribetfe', 'qin.yusen', 'claclacla90', 'spence', 'eleonora.deluca90', 'r.gaucho10', 'sharo', 'shadow7117', 'snuce', 'klemagnen', 'badr.slimani', 'perkins4', 'mcnallyh', 'dleak', 'emmoser', 'gmahieux', 'joelchevrier', 'vivansachdeva24', 'filislv', 'francescobassobasset', 'dorgesucre', 'stefano.dallorto', 'simone.bonaccorsi', 'brakh90', 'lterry', 'christo5', 'starboy612', 'milantadic', 'alberto_lauri', 'julieste', 'davide_ms13', 'lamirab', 'nanocate', 'ratzkma', 'hariharan1791', 'amine1991', 'samuelenanotech', 'capitaine.a', 'mrudolph83', 'fbega', 'erabkin', 'scibetta', 'florent.saunier', 'sseifert', 'souch', 'giacometti.emanuele', 'm.asiatici', 'mvoght', '1234qwer', 'kayum26', 'ruizhong.lin', 'fbega90', 'farjalle', 'sylvain', 'czehrung', 'skillers', 'kwyse', 'bennettc', 'dsimat', 'abylard', 'clevz', None, 'momodouix19', 'ozgek', 'sweber', 'haqianqian', 'remidujeu', 'bahrami', 'mosson', 'willwill', 'nicolas.dupre', 'ipad140', 'mkoszuli', 'soundousch']"
5,257,74,40,39,"['capitaine.a', 'lemaitfl', 'ribetfe', 'scibetta', 'qin.yusen', 'florent.saunier', 'souch', 'r.gaucho10', 'm.asiatici', 'giacometti.emanuele', 'eleonora.deluca90', 'samuelenanotech', 'klemagnen', 'kayum26', 'ruizhong.lin', 'badr.slimani', 'fbega90', 'gmahieux', 'vivansachdeva24', 'sylvain', 'filislv', 'dsimat', 'dorgesucre', 'stefano.dallorto', 'simone.bonaccorsi', 'momodouix19', 'ozgek', 'julieste', 'alberto_lauri', 'davide_ms13', 'haqianqian', 'nanocate', 'remidujeu', 'mosson', 'hariharan1791', 'nicolas.dupre', 'willwill', 'ipad140', 'amine1991']",34,"['mrudolph83', 'fbega', 'erabkin', 'claclacla90', 'spence', 'sseifert', 'mvoght', 'sharo', 'shadow7117', 'snuce', '1234qwer', 'perkins4', 'mcnallyh', 'dleak', 'emmoser', 'joelchevrier', 'czehrung', 'skillers', 'kwyse', 'bennettc', 'francescobassobasset', 'abylard', 'clevz', 'brakh90', 'lterry', 'christo5', 'starboy612', 'sweber', 'milantadic', 'lamirab', 'bahrami', 'ratzkma', 'mkoszuli', 'soundousch']",1,[None],74,"['lemaitfl', 'ribetfe', 'qin.yusen', 'claclacla90', 'spence', 'eleonora.deluca90', 'r.gaucho10', 'sharo', 'shadow7117', 'snuce', 'klemagnen', 'badr.slimani', 'perkins4', 'mcnallyh', 'dleak', 'emmoser', 'gmahieux', 'joelchevrier', 'vivansachdeva24', 'filislv', 'francescobassobasset', 'dorgesucre', 'stefano.dallorto', 'simone.bonaccorsi', 'brakh90', 'lterry', 'christo5', 'starboy612', 'milantadic', 'alberto_lauri', 'julieste', 'davide_ms13', 'lamirab', 'nanocate', 'ratzkma', 'hariharan1791', 'amine1991', 'samuelenanotech', 'capitaine.a', 'mrudolph83', 'fbega', 'erabkin', 'scibetta', 'florent.saunier', 'sseifert', 'souch', 'giacometti.emanuele', 'm.asiatici', 'mvoght', '1234qwer', 'kayum26', 'ruizhong.lin', 'fbega90', 'sylvain', 'czehrung', 'skillers', 'kwyse', 'bennettc', 'dsimat', 'abylard', 'clevz', None, 'momodouix19', 'ozgek', 'sweber', 'haqianqian', 'remidujeu', 'bahrami', 'mosson', 'willwill', 'nicolas.dupre', 'ipad140', 'mkoszuli', 'soundousch']"
5,256,74,39,38,"['capitaine.a', 'lemaitfl', 'ribetfe', 'scibetta', 'florent.saunier', 'qin.yusen', 'souch', 'r.gaucho10', 'm.asiatici', 'giacometti.emanuele', 'eleonora.deluca90', 'badr.slimani', 'kayum26', 'ruizhong.lin', 'klemagnen', 'fbega90', 'gmahieux', 'vivansachdeva24', 'sylvain', 'filislv', 'dsimat', 'dorgesucre', 'stefano.dallorto', 'simone.bonaccorsi', 'momodouix19', 'ozgek', 'alberto_lauri', 'davide_ms13', 'haqianqian', 'nanocate', 'remidujeu', 'mosson', 'hariharan1791', 'nicolas.dupre', 'willwill', 'ipad140', 'samuelenanotech', 'soundousch']",35,"['mrudolph83', 'fbega', 'erabkin', 'claclacla90', 'spence', 'sseifert', 'mvoght', 'sharo', 'shadow7117', 'snuce', '1234qwer', 'perkins4', 'mcnallyh', 'dleak', 'emmoser', 'joelchevrier', 'czehrung', 'skillers', 'kwyse', 'bennettc', 'francescobassobasset', 'abylard', 'clevz', 'brakh90', 'lterry', 'christo5', 'starboy612', 'sweber', 'milantadic', 'julieste', 'lamirab', 'bahrami', 'ratzkma', 'amine1991', 'mkoszuli']",1,[None],74,"['lemaitfl', 'ribetfe', 'qin.yusen', 'claclacla90', 'spence', 'eleonora.deluca90', 'r.gaucho10', 'sharo', 'shadow7117', 'snuce', 'klemagnen', 'badr.slimani', 'perkins4', 'mcnallyh', 'dleak', 'emmoser', 'gmahieux', 'joelchevrier', 'vivansachdeva24', 'filislv', 'francescobassobasset', 'dorgesucre', 'stefano.dallorto', 'simone.bonaccorsi', 'brakh90', 'lterry', 'christo5', 'starboy612', 'milantadic', 'alberto_lauri', 'julieste', 'davide_ms13', 'lamirab', 'nanocate', 'ratzkma', 'hariharan1791', 'amine1991', 'samuelenanotech', 'capitaine.a', 'mrudolph83', 'fbega', 'erabkin', 'scibetta', 'florent.saunier', 'sseifert', 'souch', 'giacometti.emanuele', 'm.asiatici', 'mvoght', '1234qwer', 'kayum26', 'ruizhong.lin', 'fbega90', 'sylvain', 'czehrung', 'skillers', 'kwyse', 'bennettc', 'dsimat', 'abylard', 'clevz', None, 'momodouix19', 'ozgek', 'sweber', 'haqianqian', 'remidujeu', 'bahrami', 'mosson', 'willwill', 'nicolas.dupre', 'ipad140', 'mkoszuli', 'soundousch']"
5,253,74,36,34,"['capitaine.a', 'lemaitfl', 'ribetfe', 'florent.saunier', 'claclacla90', 'r.gaucho10', 'm.asiatici', 'eleonora.deluca90', 'samuelenanotech', 'badr.slimani', 'ruizhong.lin', 'fbega90', 'gmahieux', 'joelchevrier', 'sylvain', 'filislv', 'dsimat', 'dorgesucre', 'stefano.dallorto', 'simone.bonaccorsi', 'momodouix19', 'ozgek', 'julieste', 'alberto_lauri', 'davide_ms13', 'haqianqian', 'nanocate', 'remidujeu', 'mosson', 'hariharan1791', 'willwill', 'ipad140', 'amine1991', 'soundousch']",39,"['mrudolph83', 'fbega', 'erabkin', 'scibetta', 'qin.yusen', 'spence', 'sseifert', 'souch', 'giacometti.emanuele', 'mvoght', 'sharo', 'shadow7117', 'snuce', '1234qwer', 'klemagnen', 'perkins4', 'kayum26', 'mcnallyh', 'dleak', 'emmoser', 'vivansachdeva24', 'czehrung', 'skillers', 'kwyse', 'bennettc', 'francescobassobasset', 'abylard', 'clevz', 'brakh90', 'lterry', 'christo5', 'starboy612', 'sweber', 'milantadic', 'lamirab', 'bahrami', 'ratzkma', 'nicolas.dupre', 'mkoszuli']",2,"[None, 'farjalle']",75,"['lemaitfl', 'ribetfe', 'qin.yusen', 'claclacla90', 'spence', 'eleonora.deluca90', 'r.gaucho10', 'sharo', 'shadow7117', 'snuce', 'klemagnen', 'badr.slimani', 'perkins4', 'mcnallyh', 'dleak', 'emmoser', 'gmahieux', 'joelchevrier', 'vivansachdeva24', 'filislv', 'francescobassobasset', 'dorgesucre', 'stefano.dallorto', 'simone.bonaccorsi', 'brakh90', 'lterry', 'christo5', 'starboy612', 'milantadic', 'alberto_lauri', 'julieste', 'davide_ms13', 'lamirab', 'nanocate', 'ratzkma', 'hariharan1791', 'amine1991', 'samuelenanotech', 'capitaine.a', 'mrudolph83', 'fbega', 'erabkin', 'scibetta', 'florent.saunier', 'sseifert', 'souch', 'giacometti.emanuele', 'm.asiatici', 'mvoght', '1234qwer', 'kayum26', 'ruizhong.lin', 'fbega90', 'farjalle', 'sylvain', 'czehrung', 'skillers', 'kwyse', 'bennettc', 'dsimat', 'abylard', 'clevz', None, 'momodouix19', 'ozgek', 'sweber', 'haqianqian', 'remidujeu', 'bahrami', 'mosson', 'willwill', 'nicolas.dupre', 'ipad140', 'mkoszuli', 'soundousch']"
5,254,74,14,12,"['kwyse', 'bennettc', 'sharo', 'shadow7117', 'snuce', '1234qwer', 'perkins4', 'lamirab', 'mcnallyh', 'emmoser', 'mkoszuli', 'spence']",61,"['lemaitfl', 'ribetfe', 'qin.yusen', 'claclacla90', 'eleonora.deluca90', 'r.gaucho10', 'klemagnen', 'badr.slimani', 'dleak', 'gmahieux', 'joelchevrier', 'vivansachdeva24', 'filislv', 'francescobassobasset', 'dorgesucre', 'stefano.dallorto', 'simone.bonaccorsi', 'brakh90', 'lterry', 'christo5', 'starboy612', 'milantadic', 'alberto_lauri', 'julieste', 'davide_ms13', 'nanocate', 'ratzkma', 'hariharan1791', 'amine1991', 'samuelenanotech', 'capitaine.a', 'mrudolph83', 'fbega', 'erabkin', 'scibetta', 'florent.saunier', 'sseifert', 'souch', 'giacometti.emanuele', 'm.asiatici', 'mvoght', 'kayum26', 'ruizhong.lin', 'fbega90', 'sylvain', 'czehrung', 'skillers', 'dsimat', 'abylard', 'clevz', 'momodouix19', 'ozgek', 'sweber', 'haqianqian', 'remidujeu', 'bahrami', 'mosson', 'willwill', 'nicolas.dupre', 'ipad140', 'soundousch']",2,"['garyl', None]",75,"['lemaitfl', 'ribetfe', 'garyl', 'qin.yusen', 'claclacla90', 'spence', 'eleonora.deluca90', 'r.gaucho10', 'sharo', 'shadow7117', 'snuce', 'klemagnen', 'badr.slimani', 'perkins4', 'mcnallyh', 'dleak', 'emmoser', 'gmahieux', 'joelchevrier', 'vivansachdeva24', 'filislv', 'francescobassobasset', 'dorgesucre', 'stefano.dallorto', 'simone.bonaccorsi', 'brakh90', 'lterry', 'christo5', 'starboy612', 'milantadic', 'alberto_lauri', 'julieste', 'davide_ms13', 'lamirab', 'nanocate', 'ratzkma', 'hariharan1791', 'amine1991', 'samuelenanotech', 'capitaine.a', 'mrudolph83', 'fbega', 'erabkin', 'scibetta', 'florent.saunier', 'sseifert', 'souch', 'giacometti.emanuele', 'm.asiatici', 'mvoght', '1234qwer', 'kayum26', 'ruizhong.lin', 'fbega90', 'sylvain', 'czehrung', 'skillers', 'kwyse', 'bennettc', 'dsimat', 'abylard', 'clevz', None, 'momodouix19', 'ozgek', 'sweber', 'haqianqian', 'remidujeu', 'bahrami', 'mosson', 'willwill', 'nicolas.dupre', 'ipad140', 'mkoszuli', 'soundousch']"
5,252,74,8,5,"['kwyse', 'mvoght', 'lamirab', 'clevz', 'sseifert']",68,"['lemaitfl', 'ribetfe', 'qin.yusen', 'claclacla90', 'spence', 'eleonora.deluca90', 'r.gaucho10', 'sharo', 'shadow7117', 'snuce', 'klemagnen', 'badr.slimani', 'perkins4', 'mcnallyh', 'dleak', 'emmoser', 'gmahieux', 'joelchevrier', 'vivansachdeva24', 'filislv', 'francescobassobasset', 'dorgesucre', 'stefano.dallorto', 'simone.bonaccorsi', 'brakh90', 'lterry', 'christo5', 'starboy612', 'milantadic', 'alberto_lauri', 'julieste', 'davide_ms13', 'nanocate', 'ratzkma', 'hariharan1791', 'amine1991', 'samuelenanotech', 'capitaine.a', 'mrudolph83', 'fbega', 'erabkin', 'scibetta', 'florent.saunier', 'souch', 'giacometti.emanuele', 'm.asiatici', '1234qwer', 'kayum26', 'ruizhong.lin', 'fbega90', 'sylvain', 'czehrung', 'skillers', 'bennettc', 'dsimat', 'abylard', 'momodouix19', 'ozgek', 'sweber', 'haqianqian', 'remidujeu', 'bahrami', 'mosson', 'willwill', 'nicolas.dupre', 'ipad140', 'mkoszuli', 'soundousch']",3,"['garyl', None, 'vahecht']",76,"['lemaitfl', 'ribetfe', 'garyl', 'qin.yusen', 'claclacla90', 'spence', 'eleonora.deluca90', 'r.gaucho10', 'sharo', 'shadow7117', 'snuce', 'klemagnen', 'badr.slimani', 'perkins4', 'mcnallyh', 'dleak', 'emmoser', 'gmahieux', 'joelchevrier', 'vivansachdeva24', 'filislv', 'francescobassobasset', 'dorgesucre', 'stefano.dallorto', 'simone.bonaccorsi', 'brakh90', 'lterry', 'christo5', 'starboy612', 'milantadic', 'alberto_lauri', 'julieste', 'davide_ms13', 'lamirab', 'nanocate', 'ratzkma', 'hariharan1791', 'amine1991', 'samuelenanotech', 'capitaine.a', 'mrudolph83', 'fbega', 'erabkin', 'scibetta', 'florent.saunier', 'sseifert', 'souch', 'giacometti.emanuele', 'm.asiatici', 'mvoght', '1234qwer', 'kayum26', 'ruizhong.lin', 'fbega90', 'sylvain', 'czehrung', 'skillers', 'kwyse', 'bennettc', 'dsimat', 'vahecht', 'abylard', 'clevz', None, 'momodouix19', 'ozgek', 'sweber', 'haqianqian', 'remidujeu', 'bahrami', 'mosson', 'willwill', 'nicolas.dupre', 'ipad140', 'mkoszuli', 'soundousch']"
6,156,71,282,48,"['jpg710', 'vivianmu', 'slhatch', 'satavarez', 'lmonz16', 'ksung115', 'danielsangabino2016', 'bearman24', 'lizardbajema', 'cbeauchene', 'gretskyw', 'mmicucc2', 'ajb885', 'aversf', 'higbee324', 'michaeldiamond2016', 'jguenzl', 'bartellofellow', 'jam808', 'kep924', 'wucki', 'cooljeffrey12', 'afarmer1', 'dcm506', 'tcioth24', 'fillie17', 'vjv100', 'dgu377', 'kyleraldrich', 'aniab205', 'allieatkins', 'priyankamody2016', 'codyschiffer', 'monicarose', 'ericaminor2015', 'jqt050', 'xkirkham', 'alssetton', 'jif139', 'rbareket', 'jasonvignolo2016', 'melmelgg', 'mishelly', 'grahamgreene', 'gmian', 'jamezfan', 'jacobmin5', 'iheomamama']",22,"['pemsley3', 'umwkjames', 'ross0001', 'jepson23', 'mcarpent', 'tsail', 'garbanzob', 'abukur', 'rhiggin2', 'osheen', 'feuerstein74', 'cyrilkhan', 'clairrv', 'wlangsto', 'jlarson8291', 'mchiu', 'ckitche', 'chadling', 'werner8', 'himanshu10140', 'rsherdil', 'mauryasateesh']",234,"['jdp244', 'apgupta1193', 'miafrasca', 'paigeourada', 'aidanjenkins2012', 'ngparas', 'jlubin', 'hannahjones', 'artichokey', 'ejspeyer', 'hanwal1', 'eseosaosaghae', 'ces598', 'siyuanyu', 'all598', 'rag834', 'slichtor', 'catherineiveslouter', 'tinavridhachalam2012', 'pwfranks2012', 'marinecoste2016', 'kylaprice27', 'janeko', 'afd43', 'jaf879', 'isaac0812', 'sophielweber', 'reannadurbin2016', 'yucongzhang2016', 'samuelmadvig', 'nedralucas', 'cpaton8', 'chelseafriesnu', 'nieyumeng', 'hillaryt', 'scd256', 'lhenningsgaard', 'fsh712', 'ideramos', 'kmr226', 'tsunami70875', 'mhbondy', 'kristimichels', 'jenny1024', 'ryandsimpson94', 'smwitkowski', 'blc070', 'wjhager2016', 'emilyr', 'martin.f.majewski', 'erineb750', 'catherinelis', 'flandersman', 'emullen', 'charliehoffert', 'centralfc', 'katherinekelly2016', 'pdtravan', 'nsl239', 'evanarmet2016', 'jyoon93', 'sch607', 'almuimui129', 'sel892', 'jaydenmorrison2016', 'lrs329', 'grosen94', 'sarahnras', 'emg643', 'kamaddio', 'ianpiper', 'lesapt59', 'kirkme', 'luke.mcdermott94', 'tiv941', 'adriannew', 'davidwilliams2016', 'ahenschke', 'roshanabid27', 'fuckass', 'rfb508', 'lcassens', 'eleonoraz98', 'nelsonschang', 'nano1234', 'aewalters', 'amakarova', 'ejh353', 'maddyk5', 'sgellman', 'asoderberg', 'annakwak', 'rockyfinn', 'derekchiu', 'anribrod', 'kps725', 'becvsc', 'kylia100', 'kathleenjenkins2016', 'ggomez313', 'acheatham', 'jcb102', 'kelseygradwohl', 'daa932', 'easteele', 'dchang416', 'tiernanmurrell', 'nida2014', 'williamgarrison2016', 'njo989', 'tfiorica', 'ajiang', 'samuelsam93', 'hssbo', 'danikajoa', 'angela711819', 'knam123', 'arm878', 'jleguineche', 'bethanie2911', 'nal819', 'alaamohamedali', 'kconstantino', 'juliannekurke', 'mgr544', 'bwieg92', 'has437', 'z_henry35', 'muddv1', 'sophiamfalmagne', 'nwolfenzon', 'nbg179', 'jorisc4', 'wcrim2016', 'patzhou2016', 'jmwilson27', 'bassoonist1719', 'm.w.stemple', 'brianxicheng', 'victoriazapchar', 'louisaxu', 'zlv836', 'gdifrancesco', 'aho', 'slal16', 'leeebowitz', '123chemistry', 'roy238', 'stepcald22', 'tjh978', 'wjiang94', 'pkt904', 'arleenli', 'sottomeyer', 'bslice1', 'chrishoward7', 'smz509', 'valerie_thomas', 'kbuitano', 'malekassi22', 'fortunato12', 'mkelty', 'dorotamb', 'cohend', 'tlswan93', 'jzawadzki11', 'grayhackc17', 'dorlander', 'michaelworthington', 'jprp71', 'kaihugstrees', 'michaeljh', 'ekocanda', 'jmnatalie', 'danielfk', 'sk2016', 'jdbruce1', 'deionfoster', 'grahamwinston', 'mmk277', 'een645', 'hma115', 'jdle', 'body6000', 'raudel555', 'akranjc', 'raschneider', 'jay19', 'darmacanqui', 'xsong94', 'clorenc1', 'lauramilstein', 'lincoli', 'allisoncn', 'jennaisbell31', 'nmartinez2238', 'mrenner7', 'cphillips2b5h4q', 'amitrakos', 'ddl139', 'shanrahan', 'bradherzog', 'rafaelhenriquez', 'acadiak', 'jbascom24', 'michaelkoho', 'osglopez', 'jae945', 'aeshay94', 'pauls124', 'ahx003', 'madelinedeysine2016', 'jaerae', 'lukeolney', 'qiankuntan', 'mklennon', 'gracedodillet', 'zkivitz', 'libbyslosburg2016', 'jmf145', 'ashleylim2016', 'dannacooperberg2016', 'emilyyau', 'tomoko', 'shankiwi', 'mjc401', 'meochemgrad', 'svetaslavin', 'seiu', 'aag794', 'dmotel', 'chembaby', 'car978', 'epshanker']",304,"['jdp244', 'ross0001', 'ngparas', 'jlubin', 'tsail', 'hanwal1', 'eseosaosaghae', 'siyuanyu', 'satavarez', 'rag834', 'slichtor', 'lizardbajema', 'catherineiveslouter', 'osheen', 'jam808', 'wucki', 'jaf879', 'reannadurbin2016', 'yucongzhang2016', 'samuelmadvig', 'nedralucas', 'chelseafriesnu', 'nieyumeng', 'fsh712', 'tsunami70875', 'mhbondy', 'kristimichels', 'kyleraldrich', 'mchiu', 'ryandsimpson94', 'allieatkins', 'priyankamody2016', 'emilyr', 'erineb750', 'flandersman', 'chadling', 'emullen', 'charliehoffert', 'pdtravan', 'nsl239', 'evanarmet2016', 'jyoon93', 'sch607', 'almuimui129', 'rbareket', 'sel892', 'lesapt59', 'kirkme', 'adriannew', 'davidwilliams2016', 'roshanabid27', 'rfb508', 'nelsonschang', 'ksung115', 'ejh353', 'aversf', 'jguenzl', 'michaeldiamond2016', 'asoderberg', 'kylia100', 'dcm506', 'acheatham', 'jcb102', 'easteele', 'dgu377', 'njo989', 'aniab205', 'samuelsam93', 'danikajoa', 'angela711819', 'knam123', 'jleguineche', 'bethanie2911', 'alaamohamedali', 'jqt050', 'kconstantino', 'juliannekurke', 'mgr544', 'bwieg92', 'melmelgg', 'grahamgreene', 'muddv1', 'sophiamfalmagne', 'nwolfenzon', 'nbg179', 'jorisc4', 'patzhou2016', 'bassoonist1719', 'umwkjames', 'vivianmu', 'jpg710', 'slhatch', 'victoriazapchar', 'louisaxu', 'lmonz16', 'gdifrancesco', 'cbeauchene', '123chemistry', 'roy238', 'tjh978', 'afarmer1', 'bslice1', 'chrishoward7', 'vjv100', 'kbuitano', 'fortunato12', 'dorlander', 'michaelworthington', 'jprp71', 'kaihugstrees', 'himanshu10140', 'alssetton', 'michaeljh', 'ekocanda', 'jmnatalie', 'mishelly', 'danielfk', 'sk2016', 'mauryasateesh', 'grahamwinston', 'mmk277', 'iheomamama', 'een645', 'jdle', 'body6000', 'raschneider', 'garbanzob', 'jay19', 'clorenc1', 'lincoli', 'jennaisbell31', 'nmartinez2238', 'mrenner7', 'cphillips2b5h4q', 'clairrv', 'shanrahan', 'acadiak', 'jbascom24', 'michaelkoho', 'jae945', 'ahx003', 'madelinedeysine2016', 'jaerae', 'lukeolney', 'zkivitz', 'jmf145', 'tomoko', 'mjc401', 'meochemgrad', 'seiu', 'aag794', 'dmotel', 'chembaby', 'gmian', 'epshanker', 'miafrasca', 'paigeourada', 'apgupta1193', 'aidanjenkins2012', 'jepson23', 'hannahjones', 'artichokey', 'ejspeyer', 'ces598', 'all598', 'abukur', 'mmicucc2', 'gretskyw', 'tinavridhachalam2012', 'higbee324', 'pwfranks2012', 'bartellofellow', 'marinecoste2016', 'kylaprice27', 'janeko', 'afd43', 'cooljeffrey12', 'isaac0812', 'sophielweber', 'cpaton8', 'hillaryt', 'tcioth24', 'scd256', 'lhenningsgaard', 'ideramos', 'kmr226', 'jenny1024', 'smwitkowski', 'blc070', 'wjhager2016', 'martin.f.majewski', 'catherinelis', 'centralfc', 'katherinekelly2016', 'xkirkham', 'jif139', 'jaydenmorrison2016', 'lrs329', 'grosen94', 'sarahnras', 'emg643', 'kamaddio', 'ianpiper', 'luke.mcdermott94', 'tiv941', 'mcarpent', 'ahenschke', 'fuckass', 'lcassens', 'eleonoraz98', 'nano1234', 'bearman24', 'aewalters', 'amakarova', 'rhiggin2', 'maddyk5', 'sgellman', 'ajb885', 'annakwak', 'rockyfinn', 'derekchiu', 'anribrod', 'kps725', 'becvsc', 'kathleenjenkins2016', 'ggomez313', 'kelseygradwohl', 'fillie17', 'daa932', 'dchang416', 'tiernanmurrell', 'nida2014', 'williamgarrison2016', 'tfiorica', 'ajiang', 'hssbo', 'monicarose', 'arm878', 'ckitche', 'nal819', 'has437', 'z_henry35', 'jamezfan', 'jacobmin5', 'wcrim2016', 'jmwilson27', 'm.w.stemple', 'brianxicheng', 'zlv836', 'aho', 'slal16', 'leeebowitz', 'stepcald22', 'wjiang94', 'pkt904', 'feuerstein74', 'arleenli', 'cyrilkhan', 'sottomeyer', 'smz509', 'valerie_thomas', 'malekassi22', 'mkelty', 'dorotamb', 'cohend', 'tlswan93', 'jzawadzki11', 'grayhackc17', 'werner8', 'jdbruce1', 'deionfoster', 'hma115', 'pemsley3', 'raudel555', 'akranjc', 'darmacanqui', 'danielsangabino2016', 'xsong94', 'lauramilstein', 'allisoncn', 'kep924', 'amitrakos', 'ddl139', 'bradherzog', 'rafaelhenriquez', 'wlangsto', 'jlarson8291', 'osglopez', 'aeshay94', 'codyschiffer', 'pauls124', 'ericaminor2015', 'qiankuntan', 'mklennon', 'gracedodillet', 'libbyslosburg2016', 'ashleylim2016', 'dannacooperberg2016', 'emilyyau', 'jasonvignolo2016', 'shankiwi', 'svetaslavin', 'car978', 'rsherdil']"
6,158,71,7,6,"['umwkjames', 'jepson23', 'mcarpent', 'mchiu', 'chadling', 'wlangsto']",64,"['ross0001', 'vivianmu', 'jpg710', 'slhatch', 'tsail', 'lmonz16', 'satavarez', 'abukur', 'mmicucc2', 'lizardbajema', 'cbeauchene', 'gretskyw', 'osheen', 'higbee324', 'bartellofellow', 'feuerstein74', 'jam808', 'cyrilkhan', 'wucki', 'cooljeffrey12', 'afarmer1', 'tcioth24', 'vjv100', 'kyleraldrich', 'allieatkins', 'priyankamody2016', 'xkirkham', 'werner8', 'himanshu10140', 'alssetton', 'jif139', 'rbareket', 'mishelly', 'mauryasateesh', 'iheomamama', 'pemsley3', 'garbanzob', 'danielsangabino2016', 'ksung115', 'bearman24', 'rhiggin2', 'ajb885', 'aversf', 'michaeldiamond2016', 'jguenzl', 'kep924', 'dcm506', 'clairrv', 'fillie17', 'jlarson8291', 'dgu377', 'aniab205', 'codyschiffer', 'monicarose', 'ckitche', 'ericaminor2015', 'jqt050', 'jasonvignolo2016', 'melmelgg', 'grahamgreene', 'gmian', 'rsherdil', 'jamezfan', 'jacobmin5']",1,[None],71,"['umwkjames', 'ross0001', 'vivianmu', 'jpg710', 'jepson23', 'slhatch', 'tsail', 'lmonz16', 'satavarez', 'abukur', 'mmicucc2', 'lizardbajema', 'cbeauchene', 'gretskyw', 'osheen', 'higbee324', 'bartellofellow', 'feuerstein74', 'jam808', 'cyrilkhan', 'wucki', 'cooljeffrey12', 'afarmer1', 'tcioth24', 'vjv100', 'kyleraldrich', 'mchiu', 'allieatkins', 'priyankamody2016', 'chadling', 'xkirkham', 'werner8', 'himanshu10140', 'alssetton', 'jif139', 'rbareket', 'mishelly', 'mauryasateesh', 'iheomamama', 'pemsley3', 'mcarpent', 'garbanzob', 'danielsangabino2016', 'ksung115', 'bearman24', 'rhiggin2', 'ajb885', 'aversf', 'michaeldiamond2016', 'jguenzl', 'kep924', 'dcm506', 'clairrv', 'fillie17', 'wlangsto', 'jlarson8291', 'dgu377', 'aniab205', 'codyschiffer', 'monicarose', 'ckitche', 'ericaminor2015', None, 'jqt050', 'jasonvignolo2016', 'melmelgg', 'grahamgreene', 'gmian', 'rsherdil', 'jamezfan', 'jacobmin5']"
7,160,63,52,51,"['bstraits', 'sfreidel', 'bryanth', 'katiemmartin', 'thjames', 'jang33', 'mpalusz', 'dkratimenos', 'mille631', 'lolechow', 'sputnik91', 'omedina', 'box', 'fkirkici', 'ksalty362', 'amangarg2004', 'mkagzi', 'egaldean', 'krreming', 'lin146', 'dlqudrb', 'bmohseni', 'aggarwa2', 'li696', 'brusk', 'mhasbun', 'cheng60', 'fkulhawi', 'gonzal57', 'tiyas14', 'schummiking', 'eleeker', 'mdosama', 'kim949', 'dpevonka', 'mikerice', 'carlsoa', 'tahady14', 'lpolicin', '19denny79', 'gwhitmor', 'klynn9415', 'alajmi', 'jtschlat', 'cchivapu', 'ahuja3', 'schansan', 'mhasset', 'accorneron', 'teekeith', 'fbaiz']",11,"['acrookston', 'alarkey1992', 'cyurtbil', 'cbrunnem', 'vsomasun', 'ososongs', 'agazarin', 'ander199', 'mfunches', 'zhang517', 'jiang134']",1,[None],63,"['acrookston', 'bstraits', 'bryanth', 'thjames', 'ander199', 'mille631', 'lolechow', 'fkirkici', 'ososongs', 'amangarg2004', 'agazarin', 'egaldean', 'mkagzi', 'krreming', 'lin146', 'dlqudrb', 'bmohseni', 'brusk', 'fkulhawi', 'cyurtbil', 'schummiking', 'mdosama', 'eleeker', 'dpevonka', 'kim949', 'mikerice', 'gwhitmor', 'mfunches', 'alajmi', 'zhang517', 'cchivapu', 'mhasset', 'schansan', 'accorneron', 'fbaiz', 'sfreidel', 'alarkey1992', 'vsomasun', 'katiemmartin', 'jang33', 'mpalusz', 'dkratimenos', 'sputnik91', 'omedina', 'box', 'ksalty362', 'aggarwa2', 'li696', 'mhasbun', 'cheng60', 'gonzal57', 'tiyas14', 'tahady14', 'carlsoa', 'lpolicin', '19denny79', 'klynn9415', None, 'jiang134', 'jtschlat', 'cbrunnem', 'ahuja3', 'teekeith']"
8,150,60,47,34,"['townsenm', 'hamiltoi', 'mkatamba', 'hyovento', 'hill14', 'rmotyka', 'yohung777', 'acasares', 'btims', 'rclayto', 'mmichie', 'li790', 'eauchter', 'gray54', 'ascherba', 'barneyc', 'rfreder', 'iramire', 'rhodes6', 'rweibel', 'mrovella', 'eandreas15', 'rgalley', 'philli69', 'mcarrig', 'marti447', 'rivera12', 'jhirschf', 'mtoomey', 'nashj', 'shihh1106', 'jepling', 'kim1325', 'hydee7']",25,"['davis206', 'd_chriss', 'wu289', 'fan48', 'robdouglas', 'wang1020', 'fehring17', 'hmacdon', 'yetianpp', 'ggushurst11', 'jhilsmie', 'gao92', 'dchung88', 'egrendze', 'anna.jupo', 'pnorman', 'butler34', 'cacecious', 'abesich', 'gguanche', 'neesea', 'kdornauer', 'typete57', 'schumm', 'grawlins']",13,"[None, 'kaitlyn.fisher', 'stofleth', 'sjnichol', 'emholtz', 'coonse', 'davgumo', 'sydstie', 'zccampbe', 'jproksa', 'nlantier', 'aherlihy', 'schroet']",72,"['townsenm', 'd_chriss', 'robdouglas', 'schroet', 'acasares', 'rclayto', 'mmichie', 'hmacdon', 'eauchter', 'davgumo', 'sydstie', 'barneyc', 'aherlihy', 'dchung88', 'anna.jupo', 'iramire', 'butler34', 'rhodes6', 'sjnichol', 'marti447', 'abesich', 'rivera12', 'nlantier', 'neesea', 'kaitlyn.fisher', 'jhirschf', 'nashj', 'shihh1106', 'kdornauer', 'typete57', 'kim1325', 'hydee7', 'schumm', 'grawlins', 'davis206', 'hamiltoi', 'wu289', 'stofleth', 'fan48', 'hyovento', 'mkatamba', 'emholtz', 'wang1020', 'hill14', 'rmotyka', 'yohung777', 'btims', 'fehring17', 'li790', 'gray54', 'ascherba', 'yetianpp', 'coonse', 'ggushurst11', 'jhilsmie', 'gao92', 'rfreder', 'egrendze', 'pnorman', 'rweibel', 'mrovella', 'eandreas15', 'cacecious', 'philli69', 'rgalley', 'mcarrig', 'gguanche', None, 'mtoomey', 'jepling', 'zccampbe', 'jproksa']"
8,258,60,41,30,"['wu289', 'fan48', 'hyovento', 'wang1020', 'rmotyka', 'yohung777', 'fehring17', 'mmichie', 'hmacdon', 'eauchter', 'ascherba', 'yetianpp', 'gao92', 'rhodes6', 'pnorman', 'rweibel', 'mrovella', 'eandreas15', 'rgalley', 'philli69', 'cacecious', 'rivera12', 'gguanche', 'mtoomey', 'nashj', 'shihh1106', 'typete57', 'jepling', 'hydee7', 'grawlins']",29,"['townsenm', 'davis206', 'd_chriss', 'hamiltoi', 'mkatamba', 'robdouglas', 'hill14', 'acasares', 'btims', 'rclayto', 'li790', 'gray54', 'ggushurst11', 'jhilsmie', 'barneyc', 'dchung88', 'egrendze', 'rfreder', 'anna.jupo', 'iramire', 'butler34', 'marti447', 'mcarrig', 'abesich', 'neesea', 'jhirschf', 'kdornauer', 'kim1325', 'schumm']",11,"['dhurley', 'kaitlyn.fisher', 'stofleth', 'emholtz', 'hyhxcr', 'coonse', 'jroland', 'sydstie', 'ankitrn', None, 'redwing']",70,"['townsenm', 'd_chriss', 'robdouglas', 'acasares', 'rclayto', 'mmichie', 'hmacdon', 'eauchter', 'sydstie', 'barneyc', 'dchung88', 'anna.jupo', 'iramire', 'butler34', 'rhodes6', 'jroland', 'marti447', 'abesich', 'rivera12', 'neesea', 'kaitlyn.fisher', 'jhirschf', 'nashj', 'shihh1106', 'kdornauer', 'typete57', 'kim1325', 'hydee7', 'schumm', 'grawlins', 'davis206', 'hamiltoi', 'wu289', 'stofleth', 'fan48', 'hyovento', 'mkatamba', 'emholtz', 'wang1020', 'hill14', 'rmotyka', 'ankitrn', 'yohung777', 'btims', 'fehring17', 'li790', 'dhurley', 'gray54', 'ascherba', 'yetianpp', 'coonse', 'ggushurst11', 'jhilsmie', 'gao92', 'rfreder', 'egrendze', 'pnorman', 'rweibel', 'mrovella', 'eandreas15', 'cacecious', 'philli69', 'rgalley', 'mcarrig', 'gguanche', None, 'redwing', 'mtoomey', 'hyhxcr', 'jepling']"
8,89,60,36,29,"['d_chriss', 'fan48', 'hyovento', 'rmotyka', 'yohung777', 'btims', 'hmacdon', 'yetianpp', 'gao92', 'rfreder', 'anna.jupo', 'iramire', 'butler34', 'rhodes6', 'rweibel', 'eandreas15', 'rgalley', 'philli69', 'cacecious', 'marti447', 'rivera12', 'neesea', 'mtoomey', 'nashj', 'shihh1106', 'typete57', 'jepling', 'kim1325', 'hydee7']",30,"['davis206', 'townsenm', 'wu289', 'hamiltoi', 'mkatamba', 'robdouglas', 'wang1020', 'hill14', 'acasares', 'rclayto', 'fehring17', 'mmichie', 'li790', 'eauchter', 'gray54', 'ascherba', 'ggushurst11', 'jhilsmie', 'barneyc', 'dchung88', 'egrendze', 'pnorman', 'mrovella', 'mcarrig', 'abesich', 'gguanche', 'jhirschf', 'kdornauer', 'schumm', 'grawlins']",7,"['song148', 'stofleth', 'emholtz', 'hyhxcr', 'coonse', 'jproksa', None]",66,"['townsenm', 'd_chriss', 'robdouglas', 'acasares', 'rclayto', 'mmichie', 'hmacdon', 'eauchter', 'barneyc', 'dchung88', 'anna.jupo', 'iramire', 'butler34', 'rhodes6', 'song148', 'marti447', 'abesich', 'rivera12', 'neesea', 'jhirschf', 'nashj', 'shihh1106', 'kdornauer', 'typete57', 'kim1325', 'hydee7', 'schumm', 'grawlins', 'davis206', 'hamiltoi', 'wu289', 'stofleth', 'fan48', 'hyovento', 'mkatamba', 'emholtz', 'wang1020', 'hill14', 'rmotyka', 'yohung777', 'btims', 'fehring17', 'li790', 'gray54', 'ascherba', 'yetianpp', 'coonse', 'ggushurst11', 'jhilsmie', 'gao92', 'rfreder', 'egrendze', 'pnorman', 'rweibel', 'mrovella', 'eandreas15', 'cacecious', 'philli69', 'rgalley', 'mcarrig', 'gguanche', None, 'mtoomey', 'hyhxcr', 'jepling', 'jproksa']"
8,151,60,35,27,"['d_chriss', 'hamiltoi', 'fan48', 'hyovento', 'hill14', 'rmotyka', 'yohung777', 'acasares', 'btims', 'eauchter', 'ascherba', 'yetianpp', 'gao92', 'rfreder', 'anna.jupo', 'rhodes6', 'rweibel', 'mrovella', 'rgalley', 'philli69', 'cacecious', 'marti447', 'mtoomey', 'nashj', 'shihh1106', 'typete57', 'hydee7']",32,"['davis206', 'townsenm', 'wu289', 'mkatamba', 'robdouglas', 'wang1020', 'rclayto', 'fehring17', 'mmichie', 'hmacdon', 'li790', 'gray54', 'ggushurst11', 'jhilsmie', 'barneyc', 'dchung88', 'egrendze', 'iramire', 'pnorman', 'butler34', 'eandreas15', 'mcarrig', 'abesich', 'rivera12', 'gguanche', 'neesea', 'jhirschf', 'kdornauer', 'jepling', 'kim1325', 'schumm', 'grawlins']",8,"['kaitlyn.fisher', 'song148', 'emholtz', 'hyhxcr', 'coonse', 'davgumo', 'jproksa', None]",67,"['townsenm', 'd_chriss', 'robdouglas', 'acasares', 'rclayto', 'mmichie', 'hmacdon', 'eauchter', 'davgumo', 'barneyc', 'dchung88', 'anna.jupo', 'iramire', 'butler34', 'rhodes6', 'song148', 'marti447', 'abesich', 'rivera12', 'neesea', 'kaitlyn.fisher', 'jhirschf', 'nashj', 'shihh1106', 'kdornauer', 'typete57', 'kim1325', 'hydee7', 'schumm', 'grawlins', 'davis206', 'hamiltoi', 'wu289', 'fan48', 'hyovento', 'mkatamba', 'emholtz', 'wang1020', 'hill14', 'rmotyka', 'yohung777', 'btims', 'fehring17', 'li790', 'gray54', 'ascherba', 'yetianpp', 'coonse', 'ggushurst11', 'jhilsmie', 'gao92', 'rfreder', 'egrendze', 'pnorman', 'rweibel', 'mrovella', 'eandreas15', 'cacecious', 'philli69', 'rgalley', 'mcarrig', 'gguanche', None, 'mtoomey', 'hyhxcr', 'jepling', 'jproksa']"
9,251,54,21,19,"['4rjglembo', 'dfcarney', 'cagarza24', 'sjsadovy', 'ankeith', 'jmlee10', 'sjlofy', 'jcbutle2', 'bspowell', 'lrmaxwel', 'jz', 'sualam', 'tfpodbes', 'erhoglun', 'jnedward', 'jsmangum', 'bksmith5', 'jscasey', 'zuzujh']",34,"['tgpayne1', 'lahunt', 'tsedreyt', 'quis', 'martab', 'dlirving', 'menchaca73', 'jjstark2', 'jmtruscello', 'anilkumarchoubey1', 'lgcline1', 'soniazielinska', 'somewhereout', 'deancjennings1138', 'klstaffo', 'ssor106', 'kebarksd', 'm1smith', 'mpshaddu', 'trhatch', 'smokedestructer', 'ckang4', 'traharj', 'kpfuller', 'kemawhin', 'carolynedavy', 'carbinns', 'lilj527', 'bhag276', 'paolo.posocco', 'ajnesbit', 'plander3', 'aravindpattazhy', 'jlflfowe']",2,"['rclearf1', None]",55,"['4rjglembo', 'tgpayne1', 'lahunt', 'tsedreyt', 'dfcarney', 'zuzujh', 'quis', 'martab', 'dlirving', 'menchaca73', 'jjstark2', 'cagarza24', 'jmtruscello', 'anilkumarchoubey1', 'lgcline1', 'soniazielinska', 'sjsadovy', 'somewhereout', 'deancjennings1138', 'klstaffo', 'ssor106', 'ankeith', 'kebarksd', 'jmlee10', 'sjlofy', 'm1smith', 'mpshaddu', 'jcbutle2', 'bspowell', 'lrmaxwel', 'jz', 'trhatch', 'smokedestructer', 'ckang4', 'sualam', 'traharj', 'kpfuller', 'kemawhin', 'carolynedavy', 'carbinns', 'lilj527', 'bhag276', 'paolo.posocco', 'ajnesbit', 'tfpodbes', None, 'erhoglun', 'jnedward', 'plander3', 'jsmangum', 'aravindpattazhy', 'rclearf1', 'bksmith5', 'jscasey', 'jlflfowe']"
9,249,54,18,16,"['tgpayne1', 'lahunt', 'trhatch', 'smokedestructer', 'ckang4', 'klstaffo', 'lgcline1', 'kpfuller', 'ssor106', 'kemawhin', 'carolynedavy', 'kebarksd', 'lilj527', 'm1smith', 'mpshaddu', 'ajnesbit']",37,"['4rjglembo', 'tsedreyt', 'dfcarney', 'quis', 'martab', 'dlirving', 'menchaca73', 'jjstark2', 'cagarza24', 'jmtruscello', 'anilkumarchoubey1', 'soniazielinska', 'sjsadovy', 'somewhereout', 'deancjennings1138', 'ankeith', 'jmlee10', 'sjlofy', 'jlflfowe', 'jcbutle2', 'bspowell', 'lrmaxwel', 'jz', 'sualam', 'traharj', 'carbinns', 'bhag276', 'paolo.posocco', 'tfpodbes', 'erhoglun', 'jnedward', 'plander3', 'jsmangum', 'aravindpattazhy', 'bksmith5', 'jscasey', 'zuzujh']",2,"[None, 'rclearf1']",55,"['4rjglembo', 'tgpayne1', 'lahunt', 'tsedreyt', 'dfcarney', 'zuzujh', 'quis', 'martab', 'dlirving', 'menchaca73', 'jjstark2', 'cagarza24', 'jmtruscello', 'anilkumarchoubey1', 'lgcline1', 'soniazielinska', 'sjsadovy', 'somewhereout', 'deancjennings1138', 'klstaffo', 'ssor106', 'ankeith', 'kebarksd', 'jmlee10', 'sjlofy', 'm1smith', 'mpshaddu', 'jcbutle2', 'bspowell', 'lrmaxwel', 'jz', 'trhatch', 'smokedestructer', 'ckang4', 'sualam', 'traharj', 'kpfuller', 'kemawhin', 'carolynedavy', 'carbinns', 'lilj527', 'bhag276', 'paolo.posocco', 'ajnesbit', 'tfpodbes', None, 'erhoglun', 'jnedward', 'plander3', 'jsmangum', 'aravindpattazhy', 'rclearf1', 'bksmith5', 'jscasey', 'jlflfowe']"
9,250,54,16,14,"['4rjglembo', 'tgpayne1', 'somewhereout', 'smokedestructer', 'jnedward', 'plander3', 'klstaffo', 'jjstark2', 'kemawhin', 'jmtruscello', 'carbinns', 'sjlofy', 'lrmaxwel', 'bspowell']",39,"['dfcarney', 'lahunt', 'tsedreyt', 'quis', 'martab', 'dlirving', 'menchaca73', 'cagarza24', 'anilkumarchoubey1', 'soniazielinska', 'lgcline1', 'sjsadovy', 'deancjennings1138', 'ssor106', 'ankeith', 'kebarksd', 'jmlee10', 'jlflfowe', 'm1smith', 'mpshaddu', 'jcbutle2', 'jz', 'trhatch', 'ckang4', 'sualam', 'traharj', 'kpfuller', 'carolynedavy', 'lilj527', 'bhag276', 'paolo.posocco', 'ajnesbit', 'tfpodbes', 'erhoglun', 'aravindpattazhy', 'jsmangum', 'bksmith5', 'jscasey', 'zuzujh']",2,"[None, 'rclearf1']",55,"['4rjglembo', 'tgpayne1', 'lahunt', 'tsedreyt', 'dfcarney', 'zuzujh', 'quis', 'martab', 'dlirving', 'menchaca73', 'jjstark2', 'cagarza24', 'jmtruscello', 'anilkumarchoubey1', 'lgcline1', 'soniazielinska', 'sjsadovy', 'somewhereout', 'deancjennings1138', 'klstaffo', 'ssor106', 'ankeith', 'kebarksd', 'jmlee10', 'sjlofy', 'm1smith', 'mpshaddu', 'jcbutle2', 'bspowell', 'lrmaxwel', 'jz', 'trhatch', 'smokedestructer', 'ckang4', 'sualam', 'traharj', 'kpfuller', 'kemawhin', 'carolynedavy', 'carbinns', 'lilj527', 'bhag276', 'paolo.posocco', 'ajnesbit', 'tfpodbes', None, 'erhoglun', 'jnedward', 'plander3', 'jsmangum', 'aravindpattazhy', 'rclearf1', 'bksmith5', 'jscasey', 'jlflfowe']"
9,248,54,11,9,"['trhatch', 'dlirving', 'traharj', 'ssor106', 'kpfuller', 'lilj527', 'm1smith', 'ajnesbit', 'lgcline1']",44,"['4rjglembo', 'tgpayne1', 'lahunt', 'tsedreyt', 'dfcarney', 'zuzujh', 'quis', 'martab', 'menchaca73', 'jjstark2', 'cagarza24', 'jmtruscello', 'anilkumarchoubey1', 'soniazielinska', 'sjsadovy', 'somewhereout', 'deancjennings1138', 'klstaffo', 'ankeith', 'kebarksd', 'jmlee10', 'sjlofy', 'mpshaddu', 'jcbutle2', 'bspowell', 'lrmaxwel', 'jz', 'smokedestructer', 'ckang4', 'sualam', 'kemawhin', 'carolynedavy', 'carbinns', 'bhag276', 'paolo.posocco', 'tfpodbes', 'erhoglun', 'jnedward', 'plander3', 'jsmangum', 'aravindpattazhy', 'bksmith5', 'jscasey', 'jlflfowe']",2,"[None, 'rclearf1']",55,"['4rjglembo', 'tgpayne1', 'lahunt', 'tsedreyt', 'dfcarney', 'zuzujh', 'quis', 'martab', 'dlirving', 'menchaca73', 'jjstark2', 'cagarza24', 'jmtruscello', 'anilkumarchoubey1', 'lgcline1', 'soniazielinska', 'sjsadovy', 'somewhereout', 'deancjennings1138', 'klstaffo', 'ssor106', 'ankeith', 'kebarksd', 'jmlee10', 'sjlofy', 'm1smith', 'mpshaddu', 'jcbutle2', 'bspowell', 'lrmaxwel', 'jz', 'trhatch', 'smokedestructer', 'ckang4', 'sualam', 'traharj', 'kpfuller', 'kemawhin', 'carolynedavy', 'carbinns', 'lilj527', 'bhag276', 'paolo.posocco', 'ajnesbit', 'tfpodbes', None, 'erhoglun', 'jnedward', 'plander3', 'jsmangum', 'aravindpattazhy', 'rclearf1', 'bksmith5', 'jscasey', 'jlflfowe']"
10,38,48,20,18,"['khadka2', 'kpark39', 'umerhassan', 'kwon37', 'liuximeng25', 'shivare2', 'kwak27', 'rccarca', 'jacobs25', 'weichunan', 'mli47', 'bony', 'wchin5', 'jblane2', 'gyrovastur', 'lplucinski', 'wchoi18', 'radon89']",29,"['hannes.maehans', 'geskinv', 'cnyffeler', 'volrath85', 'verallqq', 'shichuan1989', 'gvousden', 'yjiang40', 'daixi_y', 'kibria', 'dinger104', 'guido22', 'liudvih', 'wshin21', 'lobert124', 'davidhall', 'cardit2', 'moniri1', 'rmjacobberger', 'mail2na', 'jrsanchez', 'peter3569', 'madchazzler', 'hermtm2', 'ivver', 'tlehmann', 'rooney5', 'leoppp', 'arabind24']",2,"['ykoh7', None]",49,"['hannes.maehans', 'kpark39', 'cnyffeler', 'geskinv', 'kwon37', 'liuximeng25', 'kwak27', 'jacobs25', 'volrath85', 'verallqq', 'radon89', 'ykoh7', 'shichuan1989', 'gvousden', 'yjiang40', 'shivare2', 'daixi_y', 'kibria', 'dinger104', 'wchoi18', 'guido22', 'liudvih', 'wshin21', 'weichunan', 'bony', 'lobert124', 'davidhall', 'khadka2', 'cardit2', 'moniri1', 'rmjacobberger', 'mail2na', None, 'umerhassan', 'jrsanchez', 'peter3569', 'rccarca', 'tlehmann', 'mli47', 'jblane2', 'wchin5', 'ivver', 'hermtm2', 'madchazzler', 'gyrovastur', 'lplucinski', 'rooney5', 'leoppp', 'arabind24']"
10,37,48,10,6,"['liudvih', 'yjiang40', 'shivare2', 'liuximeng25', 'kwak27', 'mail2na']",41,"['hannes.maehans', 'kpark39', 'cnyffeler', 'geskinv', 'kwon37', 'jacobs25', 'volrath85', 'verallqq', 'radon89', 'shichuan1989', 'gvousden', 'daixi_y', 'kibria', 'dinger104', 'wchoi18', 'guido22', 'wshin21', 'weichunan', 'bony', 'lobert124', 'davidhall', 'khadka2', 'cardit2', 'moniri1', 'rmjacobberger', 'umerhassan', 'jrsanchez', 'peter3569', 'rccarca', 'tlehmann', 'mli47', 'jblane2', 'wchin5', 'ivver', 'hermtm2', 'madchazzler', 'gyrovastur', 'lplucinski', 'rooney5', 'leoppp', 'arabind24']",4,"['ykoh7', 'chabakkd', None, 'luyun198993']",51,"['hannes.maehans', 'kpark39', 'luyun198993', 'cnyffeler', 'geskinv', 'kwon37', 'liuximeng25', 'kwak27', 'jacobs25', 'volrath85', 'verallqq', 'radon89', 'ykoh7', 'shichuan1989', 'gvousden', 'yjiang40', 'shivare2', 'daixi_y', 'kibria', 'dinger104', 'wchoi18', 'guido22', 'liudvih', 'wshin21', 'weichunan', 'bony', 'lobert124', 'davidhall', 'khadka2', 'cardit2', 'moniri1', 'rmjacobberger', 'mail2na', 'chabakkd', None, 'umerhassan', 'jrsanchez', 'peter3569', 'rccarca', 'tlehmann', 'mli47', 'jblane2', 'wchin5', 'ivver', 'hermtm2', 'madchazzler', 'gyrovastur', 'lplucinski', 'rooney5', 'leoppp', 'arabind24']"
10,39,48,10,2,"['davidhall', 'gvousden']",45,"['hannes.maehans', 'kpark39', 'cnyffeler', 'geskinv', 'kwon37', 'liuximeng25', 'kwak27', 'jacobs25', 'volrath85', 'verallqq', 'radon89', 'shichuan1989', 'yjiang40', 'shivare2', 'daixi_y', 'kibria', 'dinger104', 'wchoi18', 'guido22', 'liudvih', 'wshin21', 'weichunan', 'bony', 'lobert124', 'khadka2', 'cardit2', 'moniri1', 'rmjacobberger', 'mail2na', 'umerhassan', 'jrsanchez', 'peter3569', 'rccarca', 'tlehmann', 'mli47', 'jblane2', 'wchin5', 'ivver', 'hermtm2', 'madchazzler', 'gyrovastur', 'lplucinski', 'rooney5', 'leoppp', 'arabind24']",8,"['infinitexh', 'sollymay', 'vinodrajendran', 'minsookim1398', 'amakerr', 'matthie', None, 'fazzazy']",55,"['hannes.maehans', 'kpark39', 'cnyffeler', 'geskinv', 'kwon37', 'liuximeng25', 'kwak27', 'jacobs25', 'volrath85', 'verallqq', 'radon89', 'shichuan1989', 'gvousden', 'yjiang40', 'shivare2', 'daixi_y', 'kibria', 'dinger104', 'minsookim1398', 'wchoi18', 'guido22', 'sollymay', 'liudvih', 'wshin21', 'weichunan', 'bony', 'lobert124', 'davidhall', 'khadka2', 'cardit2', 'moniri1', 'rmjacobberger', 'mail2na', None, 'infinitexh', 'umerhassan', 'jrsanchez', 'vinodrajendran', 'fazzazy', 'peter3569', 'amakerr', 'rccarca', 'tlehmann', 'mli47', 'jblane2', 'wchin5', 'ivver', 'hermtm2', 'madchazzler', 'gyrovastur', 'lplucinski', 'rooney5', 'matthie', 'leoppp', 'arabind24']"
11,58,47,68,4,"['shariq_khi', 'hetnets', 'sauliha', 'el49']",42,"['thekidmajunga', 'schiev', 'ibr990', 'matthewkei', 'dianmu', 'yifeiw', 'tlbowers', 'camp0250', 'skandgpt', 'sammerchant', 'zbertram', 'zach.njus', 'mateo101', 'rezalatifi', 'wolfkodi', 'aka210', 'normantbison', 'cfour', 'ajahnke', 'clafollette01', 'starcaosh', 'difengliu', 'guozihao', 'js1993', 'tjkong', 'albertk', 'dwcallen', 'youknowitshorts', 'rdcoleman', 'tian', 'emlaird', 'marshhl', 'rademacherr', 'dmsalz06', 'healthydude', 'bogenmat', 'mj_eet', 'atainter', 'bfraney', 'wileyjp', 'lwmulkey', 'djllamos']",64,"['daniafatima', 'engrjaveriya', 'bintezohra', 'tooba96', 'nsunny_kk', 'shehram786', 'faizansamad', 'muhammadmn', 'shahzornishat', 'waqas078', 'talha296', 'irfan86', 'azher_bashir', 'mughal', 'anumsiddiqui', 'bibihawwa', 'hassanaliel', 'aamnatajwar', 'rida', 'kalimwaris', 'saintkhan', 'masabiqbal22', 'tasu', 'rafimushtaq', 'sanamoin', 'rabiya', 'munazzakhan', 'asma1', 'saadather', 'mamoonaaslam', 'saba', 'kiranzunaira', 'ssdfaltoo', 'wajiha123', 'ee06576', 'sheemakhan', 'dani0092', 'arshia', 'faiqa', 'nasir1983', 'abdullahahsun', 'tahira', 'rabab', 'naziaa', 'ukhneng', 'mwbmughal', 'arsalan20', None, 'kanwalnaeem', 'alia', 'atifrind', 'kanwalzehra', 'cehrhydr', 'syed1988', 'maziaada', 'iiqra', 'samrahjamal', 'mehreen.a.91', 'hiraimtiaz', 'mehak_qureshi', 'saniya123', 'tz80', 'kanwalfatima', 'aqsa2']",110,"['thekidmajunga', 'schiev', 'ibr990', 'bintezohra', 'tooba96', 'shehram786', 'faizansamad', 'muhammadmn', 'yifeiw', 'waqas078', 'talha296', 'azher_bashir', 'tlbowers', 'anumsiddiqui', 'bibihawwa', 'hassanaliel', 'rida', 'saintkhan', 'masabiqbal22', 'tasu', 'rafimushtaq', 'kanwalfatima', 'munazzakhan', 'rezalatifi', 'wolfkodi', 'aka210', 'saadather', 'saba', 'sheemakhan', 'clafollette01', 'starcaosh', 'guozihao', 'js1993', 'tjkong', 'nasir1983', 'youknowitshorts', 'rdcoleman', 'tian', 'naziaa', 'ukhneng', 'mwbmughal', 'kanwalnaeem', 'alia', 'atifrind', 'kanwalzehra', 'healthydude', 'maziaada', 'mehreen.a.91', 'hiraimtiaz', 'mj_eet', 'atainter', 'bfraney', 'cfour', 'djllamos', 'daniafatima', 'engrjaveriya', 'nsunny_kk', 'matthewkei', 'shahzornishat', 'irfan86', 'mughal', 'aamnatajwar', 'camp0250', 'skandgpt', 'kalimwaris', 'sammerchant', 'zbertram', 'zach.njus', 'mateo101', 'sanamoin', 'rabiya', 'el49', 'asma1', 'normantbison', 'mamoonaaslam', 'kiranzunaira', 'ssdfaltoo', 'wajiha123', 'ajahnke', 'ee06576', 'dani0092', 'difengliu', 'arshia', 'faiqa', 'albertk', 'abdullahahsun', 'dwcallen', 'tahira', 'rabab', 'shariq_khi', 'emlaird', 'arsalan20', None, 'marshhl', 'rademacherr', 'dmsalz06', 'cehrhydr', 'bogenmat', 'syed1988', 'iiqra', 'samrahjamal', 'mehak_qureshi', 'saniya123', 'tz80', 'sauliha', 'dianmu', 'wileyjp', 'lwmulkey', 'aqsa2', 'hetnets']"
11,57,47,25,17,"['thekidmajunga', 'skandgpt', 'ibr990', 'zbertram', 'zach.njus', 'guozihao', 'bogenmat', 'tjkong', 'yifeiw', 'wolfkodi', 'albertk', 'normantbison', 'dwcallen', 'bfraney', 'emlaird', 'lwmulkey', 'djllamos']",29,"['schiev', 'matthewkei', 'tlbowers', 'camp0250', 'sammerchant', 'mateo101', 'rezalatifi', 'el49', 'aka210', 'cfour', 'ajahnke', 'clafollette01', 'starcaosh', 'difengliu', 'js1993', 'youknowitshorts', 'rdcoleman', 'tian', 'shariq_khi', 'marshhl', 'rademacherr', 'dmsalz06', 'healthydude', 'mj_eet', 'sauliha', 'atainter', 'dianmu', 'wileyjp', 'hetnets']",8,"['philips1992', 'augisu10', 'jnoronha', 'pfuhing', 'iljib311', 'jessecoffey', 'lsy105', None]",54,"['thekidmajunga', 'schiev', 'ibr990', 'philips1992', 'matthewkei', 'jnoronha', 'yifeiw', 'tlbowers', 'camp0250', 'skandgpt', 'sammerchant', 'zbertram', 'zach.njus', 'mateo101', 'wileyjp', 'rezalatifi', 'pfuhing', 'el49', 'wolfkodi', 'aka210', 'normantbison', 'iljib311', 'lsy105', 'ajahnke', 'clafollette01', 'starcaosh', 'bfraney', 'difengliu', 'guozihao', 'js1993', 'tjkong', 'albertk', 'dwcallen', 'youknowitshorts', 'rdcoleman', 'jessecoffey', 'tian', 'shariq_khi', 'emlaird', None, 'marshhl', 'rademacherr', 'dmsalz06', 'augisu10', 'healthydude', 'bogenmat', 'mj_eet', 'sauliha', 'atainter', 'dianmu', 'cfour', 'lwmulkey', 'djllamos', 'hetnets']"
11,59,47,11,9,"['sammerchant', 'rademacherr', 'dmsalz06', 'healthydude', 'mateo101', 'js1993', 'rdcoleman', 'wileyjp', 'camp0250']",37,"['thekidmajunga', 'schiev', 'ibr990', 'matthewkei', 'dianmu', 'yifeiw', 'tlbowers', 'skandgpt', 'zbertram', 'zach.njus', 'rezalatifi', 'el49', 'wolfkodi', 'aka210', 'normantbison', 'ajahnke', 'clafollette01', 'starcaosh', 'difengliu', 'guozihao', 'tjkong', 'albertk', 'dwcallen', 'youknowitshorts', 'tian', 'shariq_khi', 'emlaird', 'marshhl', 'bogenmat', 'mj_eet', 'sauliha', 'atainter', 'bfraney', 'cfour', 'lwmulkey', 'djllamos', 'hetnets']",2,"['jmarti', None]",48,"['thekidmajunga', 'schiev', 'ibr990', 'matthewkei', 'yifeiw', 'tlbowers', 'camp0250', 'skandgpt', 'sammerchant', 'zbertram', 'zach.njus', 'mateo101', 'wileyjp', 'rezalatifi', 'el49', 'wolfkodi', 'aka210', 'normantbison', 'ajahnke', 'clafollette01', 'starcaosh', 'bfraney', 'difengliu', 'guozihao', 'js1993', 'tjkong', 'albertk', 'dwcallen', 'youknowitshorts', 'rdcoleman', 'tian', 'shariq_khi', 'emlaird', None, 'marshhl', 'rademacherr', 'dmsalz06', 'healthydude', 'bogenmat', 'mj_eet', 'sauliha', 'atainter', 'dianmu', 'cfour', 'lwmulkey', 'djllamos', 'jmarti', 'hetnets']"
12,243,42,58,40,"['sulewski.4', 'michaeltita', 'rabinowitzc', 'djbenzene', 'collin.whitt.9', 'schultz369', 'corysaige', 'generalgumby', 'eduardo.calzadilla.5', 'brese.1', 'zhang.2373', 'jdlok', 'middleton110', 'riker.10', 'adamgibs', 'saturdaynightlefever', 'wangxihilary2010', 'tsahlin', 'mrwheeler1776', 'li1466', 'chowdhury.39', 'psommer1', 'jenkeller10', 'hinzman.3', 'jthoms123', 'megan.malara', 'sush4309', 'monkeymutant90', 'cotcasek', 'burgersvectors4days', 'ritchie.77', 'andyzhang90', 'ecourtad', 'wellschels', 'schick.46', 'dweber324', 'phantombullet', 'rgrote7', 'sean.mills.7524', 'peerless']",1,['muditgupta.imnu'],18,"[None, 'dlizardo', 'mkane', 'jherring', 'jtzhang', 'mdevoe', 'raclark93', 'ldbobbio', 'ugboh_c1', 'apontec117', 'petiepiranha', 'kalinich', 'jkchen', 'jenniferselvidge', 'elomeli', 'jaburgos6', 'mpan1218', 'kchakara']",59,"['dlizardo', 'djbenzene', 'schultz369', 'corysaige', 'generalgumby', 'kchakara', 'eduardo.calzadilla.5', 'brese.1', 'jdlok', 'middleton110', 'ldbobbio', 'adamgibs', 'wangxihilary2010', 'mrwheeler1776', 'tsahlin', 'li1466', 'psommer1', 'hinzman.3', 'sush4309', 'apontec117', 'jenniferselvidge', 'mpan1218', 'cotcasek', 'wellschels', 'schick.46', 'kalinich', 'sean.mills.7524', 'peerless', 'sulewski.4', 'michaeltita', 'mdevoe', 'rabinowitzc', 'muditgupta.imnu', 'collin.whitt.9', 'zhang.2373', 'jtzhang', 'raclark93', 'ugboh_c1', 'riker.10', 'jkchen', 'saturdaynightlefever', 'elomeli', 'jenkeller10', 'chowdhury.39', 'jthoms123', 'megan.malara', 'mkane', 'petiepiranha', 'monkeymutant90', 'jaburgos6', None, 'burgersvectors4days', 'ritchie.77', 'andyzhang90', 'ecourtad', 'jherring', 'dweber324', 'phantombullet', 'rgrote7']"
13,171,38,31,27,"['pgabriel', 'debourcy', 'ken.diedrich', 'gradnishit', 'lnncjaxx', 'lupin000', 'cchapin3', 'timreal', 'srilakshmi', 'chrisnc', 'circuitsgal', 'marcosf', 'jdoane17', 'lizhao1324', 'chintanh', 'marcjank', 'mjanoff', 'hisrael23', 'dlwns87', 'shafeng0820', 'simba85', 'normanku', 'atphilip', 'yuxiang68', 'ramprasa', 'aaronragsdale', 'mpsp4']",10,"['devin8', 'smaes', 'aprilsusanbrown', 'lwy100', 'yanti1409', 'sheridp', 'namikaris', 'kaofrank', 'johnpc3', 'robbarnard74']",4,"['archana256', 'idelw', 'kyeokabe', None]",41,"['pgabriel', 'debourcy', 'lwy100', 'ken.diedrich', 'gradnishit', 'lnncjaxx', 'lupin000', 'cchapin3', 'timreal', 'devin8', 'yanti1409', 'sheridp', 'namikaris', 'robbarnard74', 'smaes', 'srilakshmi', 'chrisnc', 'circuitsgal', 'kaofrank', 'marcosf', 'aprilsusanbrown', 'jdoane17', 'lizhao1324', 'chintanh', 'marcjank', 'mjanoff', 'hisrael23', 'dlwns87', 'shafeng0820', 'simba85', None, 'normanku', 'idelw', 'atphilip', 'yuxiang68', 'archana256', 'kyeokabe', 'ramprasa', 'aaronragsdale', 'mpsp4', 'johnpc3']"
13,177,38,11,1,['smaes'],36,"['pgabriel', 'debourcy', 'lwy100', 'ken.diedrich', 'gradnishit', 'lnncjaxx', 'lupin000', 'cchapin3', 'timreal', 'yanti1409', 'devin8', 'sheridp', 'namikaris', 'srilakshmi', 'robbarnard74', 'chrisnc', 'circuitsgal', 'marcosf', 'kaofrank', 'aprilsusanbrown', 'jdoane17', 'lizhao1324', 'chintanh', 'marcjank', 'mjanoff', 'hisrael23', 'dlwns87', 'shafeng0820', 'simba85', 'normanku', 'atphilip', 'yuxiang68', 'ramprasa', 'aaronragsdale', 'mpsp4', 'johnpc3']",10,"['zenorc', 'ljs1237', 'koka15', 'zmfflrql089', 'shuttde', 'midnightsm', 'dark338', 'sossuris', None, 'shdmfsh']",47,"['pgabriel', 'debourcy', 'lwy100', 'ken.diedrich', 'koka15', 'gradnishit', 'lnncjaxx', 'lupin000', 'cchapin3', 'timreal', 'devin8', 'yanti1409', 'midnightsm', 'sheridp', 'dark338', 'namikaris', 'robbarnard74', 'smaes', 'srilakshmi', 'chrisnc', 'zmfflrql089', 'circuitsgal', 'kaofrank', 'marcosf', 'aprilsusanbrown', 'jdoane17', 'lizhao1324', 'chintanh', 'ljs1237', 'marcjank', 'shuttde', 'mjanoff', 'hisrael23', 'dlwns87', 'shafeng0820', 'simba85', None, 'shdmfsh', 'zenorc', 'normanku', 'atphilip', 'yuxiang68', 'ramprasa', 'aaronragsdale', 'mpsp4', 'sossuris', 'johnpc3']"
13,181,38,8,1,['robbarnard74'],36,"['pgabriel', 'debourcy', 'lwy100', 'ken.diedrich', 'gradnishit', 'lnncjaxx', 'lupin000', 'cchapin3', 'timreal', 'devin8', 'yanti1409', 'sheridp', 'namikaris', 'smaes', 'srilakshmi', 'chrisnc', 'circuitsgal', 'kaofrank', 'marcosf', 'aprilsusanbrown', 'jdoane17', 'lizhao1324', 'chintanh', 'marcjank', 'mjanoff', 'hisrael23', 'dlwns87', 'shafeng0820', 'simba85', 'normanku', 'atphilip', 'yuxiang68', 'ramprasa', 'aaronragsdale', 'mpsp4', 'johnpc3']",7,"['csnapdragon', 'shaho73', 'jacobs893', 'stran2', 'davidk504', None, 'drhodges']",44,"['pgabriel', 'debourcy', 'lwy100', 'ken.diedrich', 'csnapdragon', 'gradnishit', 'lnncjaxx', 'lupin000', 'cchapin3', 'timreal', 'devin8', 'yanti1409', 'sheridp', 'namikaris', 'robbarnard74', 'smaes', 'srilakshmi', 'chrisnc', 'circuitsgal', 'kaofrank', 'marcosf', 'davidk504', 'aprilsusanbrown', 'jdoane17', 'lizhao1324', 'chintanh', 'marcjank', 'mjanoff', 'hisrael23', 'dlwns87', 'shafeng0820', 'stran2', 'simba85', None, 'normanku', 'atphilip', 'shaho73', 'yuxiang68', 'jacobs893', 'ramprasa', 'aaronragsdale', 'mpsp4', 'johnpc3', 'drhodges']"
13,179,38,7,1,['smaes'],36,"['pgabriel', 'debourcy', 'lwy100', 'ken.diedrich', 'gradnishit', 'lnncjaxx', 'lupin000', 'cchapin3', 'timreal', 'devin8', 'yanti1409', 'sheridp', 'namikaris', 'robbarnard74', 'srilakshmi', 'chrisnc', 'circuitsgal', 'kaofrank', 'marcosf', 'aprilsusanbrown', 'jdoane17', 'lizhao1324', 'chintanh', 'marcjank', 'mjanoff', 'hisrael23', 'dlwns87', 'shafeng0820', 'simba85', 'normanku', 'atphilip', 'yuxiang68', 'ramprasa', 'aaronragsdale', 'mpsp4', 'johnpc3']",6,"['zenorc', 'shuttde', 'trix', 'whitekjh0410', 'wkc87', None]",43,"['pgabriel', 'debourcy', 'lwy100', 'ken.diedrich', 'gradnishit', 'lnncjaxx', 'lupin000', 'cchapin3', 'timreal', 'devin8', 'yanti1409', 'sheridp', 'namikaris', 'robbarnard74', 'smaes', 'srilakshmi', 'chrisnc', 'circuitsgal', 'kaofrank', 'marcosf', 'wkc87', 'aprilsusanbrown', 'jdoane17', 'lizhao1324', 'chintanh', 'marcjank', 'shuttde', 'mjanoff', 'hisrael23', 'dlwns87', 'shafeng0820', 'simba85', None, 'zenorc', 'normanku', 'atphilip', 'yuxiang68', 'trix', 'ramprasa', 'aaronragsdale', 'whitekjh0410', 'mpsp4', 'johnpc3']"
13,185,38,7,1,['robbarnard74'],36,"['pgabriel', 'debourcy', 'lwy100', 'ken.diedrich', 'gradnishit', 'lnncjaxx', 'lupin000', 'cchapin3', 'timreal', 'devin8', 'yanti1409', 'sheridp', 'namikaris', 'smaes', 'srilakshmi', 'chrisnc', 'circuitsgal', 'kaofrank', 'marcosf', 'aprilsusanbrown', 'jdoane17', 'lizhao1324', 'chintanh', 'marcjank', 'mjanoff', 'hisrael23', 'dlwns87', 'shafeng0820', 'simba85', 'normanku', 'atphilip', 'yuxiang68', 'ramprasa', 'aaronragsdale', 'mpsp4', 'johnpc3']",6,"['rachelle0328', 'csnapdragon', 'shaho73', 'davidk504', None, 'eric005']",43,"['pgabriel', 'debourcy', 'lwy100', 'ken.diedrich', 'csnapdragon', 'gradnishit', 'lnncjaxx', 'lupin000', 'cchapin3', 'timreal', 'devin8', 'yanti1409', 'sheridp', 'namikaris', 'robbarnard74', 'smaes', 'srilakshmi', 'chrisnc', 'circuitsgal', 'kaofrank', 'marcosf', 'davidk504', 'eric005', 'aprilsusanbrown', 'jdoane17', 'lizhao1324', 'chintanh', 'marcjank', 'mjanoff', 'hisrael23', 'dlwns87', 'shafeng0820', 'simba85', None, 'normanku', 'rachelle0328', 'atphilip', 'shaho73', 'yuxiang68', 'ramprasa', 'aaronragsdale', 'mpsp4', 'johnpc3']"
14,53,36,88,13,"['wkdghddn', 'tlou2', 'mccorm11', 'pseudonym', 'yuecs', 'cmcody11', '8mskevinthegreat', 'jeswear', 'zhang258', 'montio', 'harvey16', 'rcarrera', 'nirvanaryo']",22,"['proheroes', 'philips1992', 'parthjoshi091', 'dcoombs2', 'tan020591', 'meghanaakella', 'yihanli', 'klug2', 'qiyang1', 'urmi2012', 'abolin091', 'zouden', 'hariankit', 'huang20032', 'flores11', 'whyloginwhy', 'limiard2', 'jessecoffey', 'troc2', 'hpatel17', 'phatlobster', 'rileyhanus']",75,"['cburis243', 'dgoldstein', 'bansal6', 'zheng41', 'jiangao1', 'adonislin', 'enj666', 'nanshizi', 'lesha_44', 'etr', 'sultanabdal', 'jpllinas', 'sgrand2', 'baitiko1', 'hyang49', 'lchuang3', 'marvadar', 'lunaholik', 'saranto2', 'kashev', 'musicman116', 'paradox116', 'kolze100', 'honig1', 'dgskwirut', 'bfoo2', 'grace3050', 'bojdell', 'jiangzhouliu1', 'neelabh', 'adalton2', 'xduan7', 'banothu1', 'mkennedy3000', 'ramakri1', 'lauren_vanteal', 'kdillo4', 'stuone19', 'a2140416', 'todi2', 'jonaskurniawan92', 'zero0', 'tzhu13', 'dvncrtr', 'tatuhiro', None, 'lin171', 'klepits2', 'ives3', 'frey929', 'benzhou1', 'rmeyer429', 'jchoi110', 'chan85', 'min16', 'slyjedi13', 'watts4', 'zqazi1', 'pmpark2', 'davis117', 'izta01', 'creativeknits', 'jincros0123', 'mrgzg1', 'chadzy64', 'mscafi2', 'jphogan', 'mynameisniu', 'saiyan86', 'michalprys', 'tschop2', 'buie1', 'mahowal2', 'semiconducthunter', 'armstr13']",110,"['philips1992', 'parthjoshi091', 'bansal6', 'dcoombs2', 'zheng41', 'tan020591', 'adonislin', 'enj666', 'harvey16', 'jpllinas', 'rcarrera', 'sgrand2', 'tlou2', 'klug2', 'baitiko1', 'hyang49', 'qiyang1', 'lchuang3', 'cmcody11', 'urmi2012', 'marvadar', 'jeswear', 'kashev', 'paradox116', 'musicman116', 'zouden', 'kolze100', 'honig1', 'hariankit', 'huang20032', 'neelabh', 'bojdell', 'mccorm11', 'adalton2', 'xduan7', 'banothu1', 'mkennedy3000', 'troc2', 'stuone19', 'a2140416', 'todi2', 'zero0', 'hpatel17', 'lin171', 'klepits2', 'benzhou1', 'jchoi110', 'watts4', 'zqazi1', 'zhang258', 'montio', 'davis117', 'pmpark2', 'jincros0123', 'creativeknits', 'mscafi2', 'saiyan86', 'pseudonym', 'buie1', 'mahowal2', 'semiconducthunter', 'proheroes', 'cburis243', 'dgoldstein', '8mskevinthegreat', 'jiangao1', 'nanshizi', 'lesha_44', 'etr', 'meghanaakella', 'wkdghddn', 'yihanli', 'abolin091', 'lunaholik', 'saranto2', 'nirvanaryo', 'dgskwirut', 'bfoo2', 'grace3050', 'jiangzhouliu1', 'flores11', 'whyloginwhy', 'limiard2', 'ramakri1', 'lauren_vanteal', 'kdillo4', 'jessecoffey', 'tzhu13', 'jonaskurniawan92', 'dvncrtr', 'tatuhiro', 'frey929', None, 'phatlobster', 'rmeyer429', 'ives3', 'chan85', 'min16', 'slyjedi13', 'yuecs', 'izta01', 'mrgzg1', 'jphogan', 'chadzy64', 'rileyhanus', 'mynameisniu', 'michalprys', 'tschop2', 'sultanabdal', 'armstr13']"
14,54,36,39,8,"['flores11', 'whyloginwhy', 'hpatel17', 'limiard2', 'dcoombs2', 'troc2', 'meghanaakella', 'phatlobster']",27,"['proheroes', 'philips1992', 'parthjoshi091', '8mskevinthegreat', 'tan020591', 'harvey16', 'rcarrera', 'wkdghddn', 'yihanli', 'tlou2', 'klug2', 'qiyang1', 'cmcody11', 'abolin091', 'urmi2012', 'jeswear', 'zouden', 'nirvanaryo', 'hariankit', 'huang20032', 'mccorm11', 'jessecoffey', 'yuecs', 'zhang258', 'montio', 'rileyhanus', 'pseudonym']",31,"['jhabegger', 'deruty', 'bansal6', 'aravind6', 'tkim26', 'strasbe1', 'agsmith6', 'sgrand2', 'vwu120', 'mehta32', 'kang976', 'renjurajeev', 'malak577', 'alfonsop', 'ty32', 'biesboe2', 'cawatki2', 'twgreen2', 'sigler4', 'banothu1', 'mkennedy3000', 'uumapath', 'arogov', 'hermesg', 'chembur1', None, 'smtanaka', 'rainbowdash', 'jensen26', 'shaffy', 'anv1']",66,"['proheroes', 'philips1992', 'jhabegger', 'deruty', 'parthjoshi091', 'bansal6', 'dcoombs2', '8mskevinthegreat', 'aravind6', 'tan020591', 'tkim26', 'strasbe1', 'harvey16', 'rcarrera', 'agsmith6', 'sgrand2', 'meghanaakella', 'anv1', 'vwu120', 'mehta32', 'wkdghddn', 'yihanli', 'tlou2', 'klug2', 'kang976', 'qiyang1', 'renjurajeev', 'malak577', 'cmcody11', 'abolin091', 'urmi2012', 'alfonsop', 'jeswear', 'ty32', 'biesboe2', 'cawatki2', 'zouden', 'nirvanaryo', 'hariankit', 'huang20032', 'flores11', 'twgreen2', 'mccorm11', 'whyloginwhy', 'sigler4', 'limiard2', 'banothu1', 'mkennedy3000', 'uumapath', 'jessecoffey', 'troc2', 'arogov', 'hermesg', 'chembur1', 'hpatel17', 'phatlobster', None, 'smtanaka', 'rainbowdash', 'yuecs', 'zhang258', 'montio', 'rileyhanus', 'jensen26', 'shaffy', 'pseudonym']"
14,57,36,25,2,"['philips1992', 'jessecoffey']",33,"['proheroes', 'parthjoshi091', 'dcoombs2', '8mskevinthegreat', 'tan020591', 'harvey16', 'rcarrera', 'meghanaakella', 'wkdghddn', 'yihanli', 'tlou2', 'klug2', 'qiyang1', 'cmcody11', 'abolin091', 'urmi2012', 'jeswear', 'zouden', 'nirvanaryo', 'hariankit', 'huang20032', 'flores11', 'mccorm11', 'whyloginwhy', 'limiard2', 'troc2', 'hpatel17', 'phatlobster', 'yuecs', 'zhang258', 'montio', 'rileyhanus', 'pseudonym']",23,"['thekidmajunga', 'ibr990', 'jnoronha', 'yifeiw', 'skandgpt', 'zbertram', 'zach.njus', 'pfuhing', 'wolfkodi', 'normantbison', 'iljib311', 'lsy105', 'guozihao', 'tjkong', 'albertk', 'dwcallen', 'emlaird', None, 'augisu10', 'bogenmat', 'bfraney', 'lwmulkey', 'djllamos']",58,"['thekidmajunga', 'proheroes', 'philips1992', 'ibr990', 'parthjoshi091', 'jnoronha', 'dcoombs2', '8mskevinthegreat', 'yifeiw', 'tan020591', 'harvey16', 'rcarrera', 'meghanaakella', 'wkdghddn', 'yihanli', 'tlou2', 'klug2', 'skandgpt', 'zbertram', 'qiyang1', 'zach.njus', 'cmcody11', 'abolin091', 'urmi2012', 'jeswear', 'pfuhing', 'wolfkodi', 'normantbison', 'iljib311', 'lsy105', 'zouden', 'nirvanaryo', 'hariankit', 'huang20032', 'flores11', 'mccorm11', 'whyloginwhy', 'guozihao', 'limiard2', 'tjkong', 'albertk', 'dwcallen', 'jessecoffey', 'troc2', 'emlaird', 'hpatel17', 'phatlobster', None, 'augisu10', 'bogenmat', 'yuecs', 'zhang258', 'montio', 'rileyhanus', 'bfraney', 'lwmulkey', 'djllamos', 'pseudonym']"
14,55,36,16,1,['qiyang1'],34,"['proheroes', 'philips1992', 'parthjoshi091', 'dcoombs2', '8mskevinthegreat', 'tan020591', 'harvey16', 'rcarrera', 'meghanaakella', 'wkdghddn', 'yihanli', 'tlou2', 'klug2', 'cmcody11', 'abolin091', 'urmi2012', 'jeswear', 'zouden', 'nirvanaryo', 'hariankit', 'huang20032', 'flores11', 'mccorm11', 'whyloginwhy', 'limiard2', 'jessecoffey', 'troc2', 'hpatel17', 'phatlobster', 'yuecs', 'zhang258', 'montio', 'rileyhanus', 'pseudonym']",15,"['xunchen2', 'kwilli57', None, 'limitless', 'xuzhi92', 'yng5', 'johnklord', 'slee118', 'jphogan', 'hicklem', 'krishn29', 'hai2', 'michalprys', 'pierzch1', 'arsh92']",50,"['proheroes', 'philips1992', 'xuzhi92', 'parthjoshi091', 'dcoombs2', '8mskevinthegreat', 'johnklord', 'slee118', 'tan020591', 'harvey16', 'rcarrera', 'meghanaakella', 'pierzch1', 'wkdghddn', 'yihanli', 'tlou2', 'klug2', 'qiyang1', 'cmcody11', 'abolin091', 'urmi2012', 'jeswear', 'hicklem', 'krishn29', 'zouden', 'nirvanaryo', 'arsh92', 'xunchen2', 'hariankit', 'huang20032', 'flores11', 'mccorm11', 'whyloginwhy', 'limiard2', 'jessecoffey', 'troc2', 'hai2', 'yng5', 'hpatel17', 'phatlobster', None, 'kwilli57', 'limitless', 'yuecs', 'zhang258', 'montio', 'jphogan', 'rileyhanus', 'michalprys', 'pseudonym']"
14,56,36,12,4,"['hariankit', 'tan020591', 'urmi2012', 'parthjoshi091']",31,"['proheroes', 'philips1992', 'dcoombs2', '8mskevinthegreat', 'harvey16', 'rcarrera', 'meghanaakella', 'wkdghddn', 'yihanli', 'tlou2', 'klug2', 'qiyang1', 'cmcody11', 'abolin091', 'jeswear', 'zouden', 'nirvanaryo', 'huang20032', 'flores11', 'mccorm11', 'whyloginwhy', 'limiard2', 'jessecoffey', 'troc2', 'hpatel17', 'phatlobster', 'yuecs', 'zhang258', 'montio', 'rileyhanus', 'pseudonym']",8,"['tsz21', 'nidhi25', 'bhagesha', 'vivek23', 'bhushan1990', None, 'praavi', 'jesalshah']",43,"['proheroes', 'philips1992', 'parthjoshi091', 'dcoombs2', '8mskevinthegreat', 'tan020591', 'bhagesha', 'harvey16', 'bhushan1990', 'rcarrera', 'meghanaakella', 'wkdghddn', 'yihanli', 'tlou2', 'klug2', 'qiyang1', 'cmcody11', 'abolin091', 'urmi2012', 'jeswear', 'nidhi25', 'zouden', 'nirvanaryo', 'hariankit', 'huang20032', 'flores11', 'mccorm11', 'whyloginwhy', 'limiard2', 'jessecoffey', 'troc2', 'vivek23', 'jesalshah', 'hpatel17', 'phatlobster', None, 'yuecs', 'tsz21', 'zhang258', 'montio', 'rileyhanus', 'pseudonym', 'praavi']"
15,118,34,8,1,['casfan'],32,"['okravche', 'amokwao', 'abdul_88', 'ahomman', 'zlatanov', 'hwkennel', 'angel.salazar', 'lawren13', 'farhadlarki', 'slee207', 'd_farouk', 'sangwook', 'zytung88', 'jaya0046', 'gfaure', 'chourasiaanil', 'felestorres', 'wmelton', 'versucher2', 'rkotlyar', 'tnguye23', 'zmarks', 'amitverma', 'shenyl', 'phuffman', 'mahyar511', 'melisamariel', 'pjmadrid', 'grwilke', 'j3holaday', 'kdeshmukh3', 'vignalpa']",7,"[None, 'vahecht', 'emholtz', 'nicoguaro', 'coonse', 'ko23', 'han226']",40,"['okravche', 'amokwao', 'emholtz', 'abdul_88', 'ahomman', 'zlatanov', 'hwkennel', 'angel.salazar', 'lawren13', 'farhadlarki', 'slee207', 'sangwook', 'd_farouk', 'zytung88', 'jaya0046', 'gfaure', 'chourasiaanil', 'coonse', 'felestorres', 'wmelton', 'versucher2', 'rkotlyar', 'han226', 'tnguye23', 'zmarks', 'casfan', 'amitverma', 'vahecht', 'shenyl', 'phuffman', 'nicoguaro', 'mahyar511', None, 'melisamariel', 'pjmadrid', 'grwilke', 'j3holaday', 'kdeshmukh3', 'ko23', 'vignalpa']"
15,119,34,7,4,"['zlatanov', 'wmelton', 'chourasiaanil', 'sangwook']",29,"['okravche', 'amokwao', 'abdul_88', 'ahomman', 'hwkennel', 'angel.salazar', 'lawren13', 'farhadlarki', 'slee207', 'd_farouk', 'zytung88', 'jaya0046', 'gfaure', 'felestorres', 'versucher2', 'rkotlyar', 'tnguye23', 'zmarks', 'casfan', 'amitverma', 'shenyl', 'phuffman', 'mahyar511', 'melisamariel', 'pjmadrid', 'grwilke', 'j3holaday', 'kdeshmukh3', 'vignalpa']",3,"['nonofrio', 'mokomi89', None]",36,"['okravche', 'amokwao', 'abdul_88', 'ahomman', 'zlatanov', 'hwkennel', 'angel.salazar', 'lawren13', 'farhadlarki', 'slee207', 'sangwook', 'd_farouk', 'zytung88', 'jaya0046', 'gfaure', 'chourasiaanil', 'felestorres', 'wmelton', 'mokomi89', 'versucher2', 'rkotlyar', 'tnguye23', 'zmarks', 'casfan', 'amitverma', 'shenyl', 'phuffman', 'mahyar511', None, 'melisamariel', 'pjmadrid', 'grwilke', 'j3holaday', 'nonofrio', 'kdeshmukh3', 'vignalpa']"
15,153,34,7,3,"['rkotlyar', 'hwkennel', 'grwilke']",30,"['okravche', 'amokwao', 'abdul_88', 'ahomman', 'zlatanov', 'angel.salazar', 'lawren13', 'farhadlarki', 'slee207', 'sangwook', 'd_farouk', 'zytung88', 'jaya0046', 'gfaure', 'chourasiaanil', 'felestorres', 'wmelton', 'versucher2', 'tnguye23', 'zmarks', 'casfan', 'amitverma', 'shenyl', 'phuffman', 'mahyar511', 'melisamariel', 'pjmadrid', 'j3holaday', 'kdeshmukh3', 'vignalpa']",4,"['mudanais', 'sdurski', None, 'mugsy']",37,"['okravche', 'amokwao', 'abdul_88', 'ahomman', 'zlatanov', 'hwkennel', 'angel.salazar', 'lawren13', 'farhadlarki', 'slee207', 'sangwook', 'd_farouk', 'mugsy', 'zytung88', 'jaya0046', 'gfaure', 'sdurski', 'chourasiaanil', 'felestorres', 'wmelton', 'versucher2', 'rkotlyar', 'tnguye23', 'zmarks', 'casfan', 'amitverma', 'shenyl', 'phuffman', 'mahyar511', None, 'melisamariel', 'mudanais', 'pjmadrid', 'grwilke', 'j3holaday', 'kdeshmukh3', 'vignalpa']"
15,154,34,7,3,"['wmelton', 'zlatanov', 'sangwook']",30,"['okravche', 'amokwao', 'abdul_88', 'ahomman', 'hwkennel', 'angel.salazar', 'lawren13', 'farhadlarki', 'slee207', 'd_farouk', 'zytung88', 'jaya0046', 'gfaure', 'chourasiaanil', 'felestorres', 'versucher2', 'rkotlyar', 'tnguye23', 'zmarks', 'casfan', 'amitverma', 'shenyl', 'phuffman', 'mahyar511', 'melisamariel', 'pjmadrid', 'grwilke', 'j3holaday', 'kdeshmukh3', 'vignalpa']",4,"['mokomi89', None, 'nlantier', 'nicoguaro']",37,"['okravche', 'amokwao', 'abdul_88', 'ahomman', 'zlatanov', 'hwkennel', 'angel.salazar', 'lawren13', 'farhadlarki', 'slee207', 'sangwook', 'd_farouk', 'zytung88', 'jaya0046', 'gfaure', 'chourasiaanil', 'felestorres', 'wmelton', 'mokomi89', 'versucher2', 'rkotlyar', 'tnguye23', 'zmarks', 'casfan', 'amitverma', 'shenyl', 'phuffman', 'nicoguaro', 'mahyar511', None, 'melisamariel', 'nlantier', 'pjmadrid', 'grwilke', 'j3holaday', 'kdeshmukh3', 'vignalpa']"
15,152,34,6,1,['sangwook'],32,"['okravche', 'amokwao', 'abdul_88', 'ahomman', 'zlatanov', 'hwkennel', 'angel.salazar', 'lawren13', 'farhadlarki', 'slee207', 'd_farouk', 'zytung88', 'jaya0046', 'gfaure', 'chourasiaanil', 'felestorres', 'wmelton', 'versucher2', 'rkotlyar', 'tnguye23', 'zmarks', 'casfan', 'amitverma', 'shenyl', 'phuffman', 'mahyar511', 'melisamariel', 'pjmadrid', 'grwilke', 'j3holaday', 'kdeshmukh3', 'vignalpa']",5,"[None, 'nicoguaro', 'nonofrio', 'anandaroy78', 'nanobabble']",38,"['okravche', 'amokwao', 'abdul_88', 'ahomman', 'zlatanov', 'hwkennel', 'angel.salazar', 'lawren13', 'farhadlarki', 'slee207', 'sangwook', 'd_farouk', 'nanobabble', 'zytung88', 'jaya0046', 'gfaure', 'chourasiaanil', 'felestorres', 'wmelton', 'versucher2', 'rkotlyar', 'tnguye23', 'zmarks', 'casfan', 'amitverma', 'shenyl', 'phuffman', 'nicoguaro', 'mahyar511', None, 'melisamariel', 'pjmadrid', 'grwilke', 'j3holaday', 'nonofrio', 'kdeshmukh3', 'anandaroy78', 'vignalpa']"
16,116,30,26,21,"['zhou118', 'tlambros', 'lohseam', 'jscoleman10', 'miguelgastelum', 'burton13', 'cochraj', 'sunnyzsq', 'opierce', 'bminton', 'mpavlic', 'richarl', 'agatons', 'hamsini', 'kstubbs12', 'memo_juentes', 'ndenardo', 'fox8', 'anderst90', 'madducci', 'jpicone']",8,"['tliberat', 'bvancure', 'hall82', 'zkwok', 'rpromyoo', 'cheinen', 'edgar4llanpwn', 'hojin92']",5,"['davidjohnson', 'willi446', 'jroland', 'ankitrn', None]",34,"['zhou118', 'tlambros', 'rpromyoo', 'ankitrn', 'lohseam', 'jscoleman10', 'miguelgastelum', 'zkwok', 'burton13', 'cochraj', 'sunnyzsq', 'opierce', 'bminton', 'mpavlic', 'richarl', 'jroland', 'cheinen', 'agatons', 'hamsini', 'kstubbs12', None, 'memo_juentes', 'tliberat', 'bvancure', 'davidjohnson', 'ndenardo', 'hall82', 'fox8', 'willi446', 'anderst90', 'edgar4llanpwn', 'hojin92', 'madducci', 'jpicone']"
17,138,28,30,26,"['karimosama', 'mahmoudmaher_2011', 'moh.eladawy', 'safaa_ahmed', 'abdullahbayoumi', 'mahmed', 'islam.helmy', 'mazen_soliman', 'aseddeek', 'eayassin', 'omarelgabry', 'ahmedaziz', 'ayaelsayed111', 'mero86', 'elramlyahmed', 'lobna', 'digital', 'mahmoud2moamen', 'eng.mai', 'elwaraqy89', 'mostafa_abdelreheem', 'alaasalahedin', 'eng_zee', 'serag', 'wael.a.elbreky', 'mahdy']",1,['mariaaaa'],4,"['mskh744', 'mmk2011', None, 'zema_gouchy']",31,"['karimosama', 'mahmoudmaher_2011', 'mariaaaa', 'mskh744', 'moh.eladawy', 'safaa_ahmed', 'abdullahbayoumi', 'mahmed', 'islam.helmy', 'mazen_soliman', 'aseddeek', 'eayassin', 'mmk2011', 'omarelgabry', 'ahmedaziz', 'ayaelsayed111', 'mero86', 'elramlyahmed', 'lobna', None, 'digital', 'mahmoud2moamen', 'eng.mai', 'elwaraqy89', 'zema_gouchy', 'mostafa_abdelreheem', 'alaasalahedin', 'eng_zee', 'serag', 'wael.a.elbreky', 'mahdy']"
17,165,28,28,24,"['karimosama', 'mahmoudmaher_2011', 'moh.eladawy', 'safaa_ahmed', 'abdullahbayoumi', 'mahmed', 'islam.helmy', 'mazen_soliman', 'aseddeek', 'eayassin', 'omarelgabry', 'ahmedaziz', 'ayaelsayed111', 'mero86', 'elramlyahmed', 'lobna', 'mahmoud2moamen', 'eng.mai', 'elwaraqy89', 'mostafa_abdelreheem', 'alaasalahedin', 'eng_zee', 'wael.a.elbreky', 'mahdy']",3,"['serag', 'digital', 'mariaaaa']",4,"['mmk2011', None, 'sarakhtab', 'zema_gouchy']",31,"['karimosama', 'mahmoudmaher_2011', 'mariaaaa', 'moh.eladawy', 'safaa_ahmed', 'abdullahbayoumi', 'mahmed', 'islam.helmy', 'mazen_soliman', 'sarakhtab', 'aseddeek', 'eayassin', 'mmk2011', 'omarelgabry', 'ahmedaziz', 'ayaelsayed111', 'mero86', 'elramlyahmed', 'lobna', None, 'digital', 'mahmoud2moamen', 'eng.mai', 'elwaraqy89', 'zema_gouchy', 'mostafa_abdelreheem', 'alaasalahedin', 'eng_zee', 'serag', 'wael.a.elbreky', 'mahdy']"
17,164,28,7,6,"['islam.helmy', 'mahmoud2moamen', 'mero86', 'eng_zee', 'lobna', 'serag']",21,"['karimosama', 'mahmoudmaher_2011', 'mariaaaa', 'moh.eladawy', 'safaa_ahmed', 'abdullahbayoumi', 'mahmed', 'mazen_soliman', 'aseddeek', 'eayassin', 'omarelgabry', 'ahmedaziz', 'ayaelsayed111', 'elramlyahmed', 'digital', 'eng.mai', 'elwaraqy89', 'mostafa_abdelreheem', 'alaasalahedin', 'wael.a.elbreky', 'mahdy']",1,[None],28,"['omarelgabry', 'karimosama', 'mahmoudmaher_2011', 'mariaaaa', 'ahmedaziz', 'ayaelsayed111', 'moh.eladawy', 'mero86', 'safaa_ahmed', 'elramlyahmed', 'abdullahbayoumi', 'mahmed', 'lobna', None, 'digital', 'islam.helmy', 'mazen_soliman', 'mahmoud2moamen', 'eng.mai', 'elwaraqy89', 'mostafa_abdelreheem', 'aseddeek', 'alaasalahedin', 'eng_zee', 'serag', 'eayassin', 'wael.a.elbreky', 'mahdy']"
18,132,26,44,8,"['jcbob', 'kamikadze', 'gigabeatle', 'xpavel22', 'zoidbee', 'jtomko', 'xvozda01', 'zlami']",17,"['zrzavymartin', 'jerrys', 'd.petrasek', 'hjumanik', 'hamos', 'andrejtt', 'kolzig', 'p6z2d2', 'ienemyi', 'ladadada', 'xmizer00', 'xtrukh00', 'lupo112', 'xkulik02', 'pajito159', 'stanek20', 'maruna']",36,"['xpavla01', 'skutchi', 'dejvid', 'xpalta00', 'xhradi12', 'djelektron89', 'xvicar02', 'stitch', 'kyselevajco', 'microo', 'xcucka00', 'rocker881', 'niokokayuka', 'chra', 'xnovak68', 'xdrbal04', 'ferill', 'tomshon', 'kiwon', 'martin.sulc', 'xmusal01', 'lipa', 'michixxx', 'dartblood', 'kubiczek', 'peca', 'xhorej00', 'vsekaz', None, 'liborplucnar', 'xkiska00', 'xdzuro01', 'trinom', 'dyna', 'xchmel18', 'misoo9005']",61,"['xpavla01', 'skutchi', 'xpalta00', 'xhradi12', 'ladadada', 'djelektron89', 'xvicar02', 'zlami', 'stitch', 'jerrys', 'microo', 'niokokayuka', 'jtomko', 'xnovak68', 'andrejtt', 'kiwon', 'jcbob', 'martin.sulc', 'xmusal01', 'd.petrasek', 'hjumanik', 'lipa', 'michixxx', 'dartblood', 'xpavel22', 'kubiczek', 'peca', 'xhorej00', 'vsekaz', 'xvozda01', 'xmizer00', 'xkulik02', 'pajito159', 'xkiska00', 'ienemyi', 'dyna', 'stanek20', 'misoo9005', 'zrzavymartin', 'kamikadze', 'kolzig', 'dejvid', 'maruna', 'kyselevajco', 'hamos', 'xcucka00', 'rocker881', 'chra', 'xdrbal04', 'lupo112', 'ferill', 'tomshon', 'p6z2d2', None, 'liborplucnar', 'gigabeatle', 'zoidbee', 'xdzuro01', 'xtrukh00', 'xchmel18', 'trinom']"
18,172,26,44,8,"['jcbob', 'kamikadze', 'gigabeatle', 'xpavel22', 'zoidbee', 'jtomko', 'xvozda01', 'zlami']",17,"['zrzavymartin', 'jerrys', 'd.petrasek', 'hjumanik', 'hamos', 'andrejtt', 'kolzig', 'p6z2d2', 'ienemyi', 'ladadada', 'xmizer00', 'xtrukh00', 'lupo112', 'xkulik02', 'pajito159', 'stanek20', 'maruna']",36,"['xpavla01', 'skutchi', 'dejvid', 'xpalta00', 'xhradi12', 'djelektron89', 'xvicar02', 'stitch', 'kyselevajco', 'microo', 'xcucka00', 'rocker881', 'niokokayuka', 'chra', 'xnovak68', 'xdrbal04', 'ferill', 'tomshon', 'kiwon', 'martin.sulc', 'xmusal01', 'lipa', 'michixxx', 'dartblood', 'kubiczek', 'peca', 'xhorej00', 'vsekaz', None, 'liborplucnar', 'xkiska00', 'xdzuro01', 'trinom', 'dyna', 'xchmel18', 'misoo9005']",61,"['xpavla01', 'skutchi', 'xpalta00', 'xhradi12', 'ladadada', 'djelektron89', 'xvicar02', 'zlami', 'stitch', 'jerrys', 'microo', 'niokokayuka', 'jtomko', 'xnovak68', 'andrejtt', 'kiwon', 'jcbob', 'martin.sulc', 'xmusal01', 'd.petrasek', 'hjumanik', 'lipa', 'michixxx', 'dartblood', 'xpavel22', 'kubiczek', 'peca', 'xhorej00', 'vsekaz', 'xvozda01', 'xmizer00', 'xkulik02', 'pajito159', 'xkiska00', 'ienemyi', 'dyna', 'stanek20', 'misoo9005', 'zrzavymartin', 'kamikadze', 'kolzig', 'dejvid', 'maruna', 'kyselevajco', 'hamos', 'xcucka00', 'rocker881', 'chra', 'xdrbal04', 'lupo112', 'ferill', 'tomshon', 'p6z2d2', None, 'liborplucnar', 'gigabeatle', 'zoidbee', 'xdzuro01', 'xtrukh00', 'xchmel18', 'trinom']"
18,207,26,33,18,"['zrzavymartin', 'kamikadze', 'jerrys', 'd.petrasek', 'hamos', 'andrejtt', 'hjumanik', 'kolzig', 'p6z2d2', 'ienemyi', 'ladadada', 'xmizer00', 'xtrukh00', 'lupo112', 'xkulik02', 'pajito159', 'stanek20', 'maruna']",7,"['jcbob', 'gigabeatle', 'xpavel22', 'zoidbee', 'jtomko', 'xvozda01', 'zlami']",15,"['kycera', 'gigabyt', 'aranid', 'marekpinkava', 'jakubonderka', 'premet', 'xrezny00', 'xhusar03', 'xkrist02', 'pepson', 'borisbenko', 'juro006', None, 'ferill', 'xderis00']",40,"['zrzavymartin', 'gigabyt', 'kamikadze', 'jakubonderka', 'kolzig', 'ladadada', 'xkrist02', 'maruna', 'zlami', 'kycera', 'jerrys', 'aranid', 'hamos', 'premet', 'jtomko', 'andrejtt', 'lupo112', 'ferill', 'xderis00', 'jcbob', 'd.petrasek', 'hjumanik', 'xrezny00', 'marekpinkava', 'xpavel22', 'xhusar03', 'pepson', 'xvozda01', 'borisbenko', 'juro006', 'p6z2d2', 'xmizer00', 'xkulik02', 'pajito159', None, 'gigabeatle', 'zoidbee', 'ienemyi', 'xtrukh00', 'stanek20']"
18,41,26,32,16,"['zrzavymartin', 'jerrys', 'maruna', 'd.petrasek', 'hamos', 'andrejtt', 'hjumanik', 'kolzig', 'p6z2d2', 'ienemyi', 'xtrukh00', 'lupo112', 'xkulik02', 'pajito159', 'stanek20', 'zlami']",9,"['jcbob', 'kamikadze', 'gigabeatle', 'xpavel22', 'zoidbee', 'jtomko', 'ladadada', 'xvozda01', 'xmizer00']",16,"['asdfg', 'zarate3040', 'kycera', 'patrik111', 'xmusal01', 'xmarty', 'marekpinkava', 'raninec', 'jakubonderka', 'premet', 'xrezny00', 'xkorch00', 'xpalta00', 'chra', 'vojtechsv03', None]",41,"['asdfg', 'zrzavymartin', 'patrik111', 'kamikadze', 'raninec', 'jakubonderka', 'kolzig', 'xpalta00', 'ladadada', 'maruna', 'zlami', 'kycera', 'jerrys', 'hamos', 'premet', 'jtomko', 'chra', 'andrejtt', 'lupo112', 'jcbob', 'zarate3040', 'xmusal01', 'xmarty', 'd.petrasek', 'hjumanik', 'xrezny00', 'marekpinkava', 'xpavel22', 'xkorch00', 'xvozda01', 'p6z2d2', 'xmizer00', 'xkulik02', 'pajito159', None, 'gigabeatle', 'zoidbee', 'ienemyi', 'vojtechsv03', 'xtrukh00', 'stanek20']"
18,40,26,29,6,"['jcbob', 'gigabeatle', 'xpavel22', 'zoidbee', 'jtomko', 'xvozda01']",19,"['zrzavymartin', 'kamikadze', 'kolzig', 'ladadada', 'zlami', 'maruna', 'jerrys', 'hamos', 'andrejtt', 'lupo112', 'd.petrasek', 'hjumanik', 'p6z2d2', 'xmizer00', 'xkulik02', 'pajito159', 'ienemyi', 'xtrukh00', 'stanek20']",23,"['skutchi', 'dejvid', 'xhradi12', 'kyselevajco', 'stitch', 'xtulej00', 'misoo9005', 'microo', 'xcucka00', 'xdrbal04', 'tomshon', 'kiwon', 'martin.sulc', 'michixxx', 'kubiczek', 'dartblood', 'peca', None, 'xkiska00', 'bradacjosef', 'dyna', 'xchmel18', 'trinom']",48,"['zrzavymartin', 'skutchi', 'kamikadze', 'kolzig', 'dejvid', 'xhradi12', 'ladadada', 'maruna', 'zlami', 'kyselevajco', 'stitch', 'xtulej00', 'jerrys', 'dyna', 'hamos', 'misoo9005', 'microo', 'xcucka00', 'jtomko', 'xdrbal04', 'andrejtt', 'lupo112', 'tomshon', 'kiwon', 'jcbob', 'martin.sulc', 'd.petrasek', 'hjumanik', 'michixxx', 'kubiczek', 'dartblood', 'xpavel22', 'peca', 'xvozda01', 'p6z2d2', 'xmizer00', 'xkulik02', 'pajito159', None, 'gigabeatle', 'xkiska00', 'zoidbee', 'ienemyi', 'trinom', 'bradacjosef', 'xtrukh00', 'xchmel18', 'stanek20']"
18,133,26,22,15,"['zrzavymartin', 'jerrys', 'd.petrasek', 'hjumanik', 'hamos', 'kolzig', 'lupo112', 'p6z2d2', 'ienemyi', 'ladadada', 'xtrukh00', 'andrejtt', 'xkulik02', 'pajito159', 'stanek20']",10,"['jcbob', 'kamikadze', 'gigabeatle', 'xpavel22', 'zoidbee', 'jtomko', 'zlami', 'xvozda01', 'xmizer00', 'maruna']",7,"['patrik111', 'marekpinkava', 'jakubonderka', 'xhusar03', 'pepson', 'karin', None]",32,"['zrzavymartin', 'patrik111', 'kamikadze', 'jakubonderka', 'kolzig', 'ladadada', 'maruna', 'zlami', 'jerrys', 'hamos', 'jtomko', 'andrejtt', 'lupo112', 'karin', 'jcbob', 'd.petrasek', 'hjumanik', 'marekpinkava', 'xpavel22', 'xhusar03', 'pepson', 'xvozda01', 'p6z2d2', 'xmizer00', 'xkulik02', 'pajito159', None, 'gigabeatle', 'zoidbee', 'ienemyi', 'xtrukh00', 'stanek20']"
18,174,26,22,15,"['zrzavymartin', 'jerrys', 'd.petrasek', 'hjumanik', 'hamos', 'kolzig', 'lupo112', 'p6z2d2', 'ienemyi', 'ladadada', 'xtrukh00', 'andrejtt', 'xkulik02', 'pajito159', 'stanek20']",10,"['jcbob', 'kamikadze', 'gigabeatle', 'xpavel22', 'zoidbee', 'jtomko', 'zlami', 'xvozda01', 'xmizer00', 'maruna']",7,"['patrik111', 'marekpinkava', 'jakubonderka', 'xhusar03', 'pepson', 'karin', None]",32,"['zrzavymartin', 'patrik111', 'kamikadze', 'jakubonderka', 'kolzig', 'ladadada', 'maruna', 'zlami', 'jerrys', 'hamos', 'jtomko', 'andrejtt', 'lupo112', 'karin', 'jcbob', 'd.petrasek', 'hjumanik', 'marekpinkava', 'xpavel22', 'xhusar03', 'pepson', 'xvozda01', 'p6z2d2', 'xmizer00', 'xkulik02', 'pajito159', None, 'gigabeatle', 'zoidbee', 'ienemyi', 'xtrukh00', 'stanek20']"
18,211,26,20,7,"['jcbob', 'gigabeatle', 'xpavel22', 'zoidbee', 'jtomko', 'xvozda01', 'zlami']",18,"['zrzavymartin', 'kamikadze', 'jerrys', 'd.petrasek', 'hamos', 'andrejtt', 'hjumanik', 'kolzig', 'p6z2d2', 'ienemyi', 'ladadada', 'xmizer00', 'xtrukh00', 'lupo112', 'xkulik02', 'pajito159', 'stanek20', 'maruna']",13,"['xpavla01', 'kubiczek01', 'martin.sulc', 'lipa', 'xkiska00', 'microo', 'xcucka00', 'chra', 'xdzuro01', 'xnovak68', 'djelektron89', 'bradacjosef', None]",38,"['xpavla01', 'zrzavymartin', 'kamikadze', 'kolzig', 'ladadada', 'djelektron89', 'maruna', 'zlami', 'jerrys', 'hamos', 'microo', 'xcucka00', 'jtomko', 'chra', 'xnovak68', 'andrejtt', 'lupo112', 'jcbob', 'martin.sulc', 'd.petrasek', 'hjumanik', 'lipa', 'xpavel22', 'xvozda01', 'p6z2d2', 'xmizer00', 'xkulik02', 'pajito159', None, 'kubiczek01', 'gigabeatle', 'xkiska00', 'zoidbee', 'ienemyi', 'xdzuro01', 'bradacjosef', 'xtrukh00', 'stanek20']"
18,212,26,20,11,"['zrzavymartin', 'hjumanik', 'kolzig', 'lupo112', 'p6z2d2', 'ienemyi', 'ladadada', 'xmizer00', 'andrejtt', 'pajito159', 'maruna']",14,"['jcbob', 'jerrys', 'kamikadze', 'd.petrasek', 'hamos', 'gigabeatle', 'xpavel22', 'zoidbee', 'jtomko', 'xvozda01', 'xtrukh00', 'xkulik02', 'stanek20', 'zlami']",9,"['kycera', 'xrezny00', 'xhusar03', 'borisbenko', 'aqarel', 'karin', 'hanzal', None, 'fover']",34,"['zrzavymartin', 'kamikadze', 'kolzig', 'ladadada', 'aqarel', 'hanzal', 'maruna', 'zlami', 'kycera', 'jerrys', 'hamos', 'jtomko', 'andrejtt', 'lupo112', 'karin', 'jcbob', 'd.petrasek', 'hjumanik', 'xrezny00', 'xpavel22', 'xhusar03', 'xvozda01', 'borisbenko', 'p6z2d2', 'xmizer00', 'xkulik02', 'pajito159', None, 'fover', 'gigabeatle', 'zoidbee', 'ienemyi', 'xtrukh00', 'stanek20']"
18,206,26,19,7,"['jcbob', 'kamikadze', 'xpavel22', 'zoidbee', 'jtomko', 'xvozda01', 'zlami']",18,"['zrzavymartin', 'jerrys', 'd.petrasek', 'hjumanik', 'hamos', 'andrejtt', 'gigabeatle', 'kolzig', 'p6z2d2', 'ienemyi', 'ladadada', 'xmizer00', 'xtrukh00', 'lupo112', 'xkulik02', 'pajito159', 'stanek20', 'maruna']",12,"['xtulej00', 'skutchi', 'peca', 'rocker881', 'xhradi12', 'xnovak68', 'xdrbal04', 'dyna', None, 'ferill', 'xvicar02', 'kiwon']",37,"['zrzavymartin', 'skutchi', 'kamikadze', 'kolzig', 'xhradi12', 'ladadada', 'xvicar02', 'maruna', 'zlami', 'xtulej00', 'jerrys', 'dyna', 'hamos', 'rocker881', 'jtomko', 'xnovak68', 'xdrbal04', 'andrejtt', 'lupo112', 'ferill', 'kiwon', 'jcbob', 'd.petrasek', 'hjumanik', 'peca', 'xpavel22', 'xvozda01', 'p6z2d2', 'xmizer00', 'xkulik02', 'pajito159', None, 'gigabeatle', 'zoidbee', 'ienemyi', 'xtrukh00', 'stanek20']"
18,134,26,15,2,"['xmizer00', 'maruna']",23,"['zrzavymartin', 'kamikadze', 'kolzig', 'ladadada', 'zlami', 'jerrys', 'hamos', 'jtomko', 'andrejtt', 'lupo112', 'jcbob', 'd.petrasek', 'hjumanik', 'xpavel22', 'xvozda01', 'p6z2d2', 'xkulik02', 'pajito159', 'gigabeatle', 'zoidbee', 'ienemyi', 'xtrukh00', 'stanek20']",13,"['kycera', 'raninec', 'bragina', 'premet', 'xjuraj', 'xkrist02', 'borisbenko', 'juro006', 'shadrin', 'aqarel', 'hanzal', None, 'fover']",38,"['zrzavymartin', 'kamikadze', 'xjuraj', 'raninec', 'kolzig', 'ladadada', 'xkrist02', 'shadrin', 'aqarel', 'hanzal', 'maruna', 'zlami', 'kycera', 'jerrys', 'hamos', 'premet', 'jtomko', 'andrejtt', 'lupo112', 'jcbob', 'd.petrasek', 'hjumanik', 'bragina', 'xpavel22', 'xvozda01', 'borisbenko', 'juro006', 'p6z2d2', 'xmizer00', 'xkulik02', 'pajito159', None, 'fover', 'gigabeatle', 'zoidbee', 'ienemyi', 'xtrukh00', 'stanek20']"
19,2,25,22,20,"['fedorgarin', 'xiao01', 'emikozumbro', 'gillianalexis', 'zsebenius', 'marcatiyeh', 'harbing', 'zamyla', 'gggaam', 'rhellar', 'stevefburke', 'antonioksweet', 'kevinhernandez', 'chanfest22', 'chauhanamol3', 'saxby', 'darthyoda4', 'megan.fazio', 'hndhlovu', 'daniel.thorpe01']",4,"['bewhitejr', 'barnett5', 'cpchu', 'nirvanaa1986']",2,"['greenberg', None]",26,"['fedorgarin', 'xiao01', 'emikozumbro', 'cpchu', 'gillianalexis', 'zsebenius', 'marcatiyeh', 'harbing', 'bewhitejr', 'zamyla', 'gggaam', 'barnett5', 'rhellar', 'stevefburke', 'antonioksweet', 'nirvanaa1986', 'kevinhernandez', 'chanfest22', 'greenberg', None, 'chauhanamol3', 'saxby', 'darthyoda4', 'megan.fazio', 'hndhlovu', 'daniel.thorpe01']"
20,242,25,26,1,['tshiamo333'],23,"['mbrohmann', 'postfrosch', 'kklauke', 'agraefen', 'bal7047', 'ingutscha', 'mimo90', 'peterlustig', 'angelika_m', 'hclwwb', 'jordy', 'nanosciencestudent777', 'sara', 'caviidae', 'csaggau', 'meline.osini', 'lguo', 'vikpa', 'earian', 'dewlos', 'misha89', 'hfroehli', 'nanocj']",25,"['kmatsu', 'jgrossman', 'jschein', 'tundealawode', 'skamtue', 'raclark93', 'ldbobbio', 'vchia', 'dhynb', 'qinzhao', 'efodor', 'apontec117', 'petiepiranha', 'jenniferselvidge', None, 'mpan1218', 'waelalghamdi', 'ctyzhang', 'tshiamo10333', 'ncoronas', 'minhdinh', 'everhart', 'rjpjr', 'eperry4', 'yekhalaf']",49,"['mbrohmann', 'postfrosch', 'kklauke', 'bal7047', 'agraefen', 'kmatsu', 'mimo90', 'jgrossman', 'peterlustig', 'angelika_m', 'jschein', 'tundealawode', 'skamtue', 'raclark93', 'ldbobbio', 'vchia', 'dhynb', 'hclwwb', 'jordy', 'qinzhao', 'nanosciencestudent777', 'efodor', 'sara', 'caviidae', 'apontec117', 'csaggau', 'meline.osini', 'lguo', 'petiepiranha', 'vikpa', 'jenniferselvidge', 'dewlos', 'earian', None, 'waelalghamdi', 'mpan1218', 'ctyzhang', 'tshiamo10333', 'tshiamo333', 'minhdinh', 'ncoronas', 'everhart', 'rjpjr', 'eperry4', 'hfroehli', 'misha89', 'yekhalaf', 'ingutscha', 'nanocj']"
20,238,25,19,17,"['jordy', 'peterlustig', 'mbrohmann', 'postfrosch', 'angelika_m', 'bal7047', 'nanosciencestudent777', 'caviidae', 'sara', 'earian', 'csaggau', 'meline.osini', 'misha89', 'dewlos', 'hfroehli', 'mimo90', 'nanocj']",7,"['tshiamo333', 'kklauke', 'agraefen', 'ingutscha', 'lguo', 'vikpa', 'hclwwb']",2,"[None, 'mprada']",26,"['mbrohmann', 'postfrosch', 'kklauke', 'bal7047', 'agraefen', 'mimo90', 'peterlustig', 'angelika_m', 'hclwwb', 'jordy', 'nanosciencestudent777', 'sara', 'caviidae', 'csaggau', 'meline.osini', 'lguo', 'vikpa', 'dewlos', 'earian', None, 'tshiamo333', 'hfroehli', 'mprada', 'misha89', 'ingutscha', 'nanocj']"
20,240,25,7,1,['tshiamo333'],23,"['mbrohmann', 'postfrosch', 'kklauke', 'agraefen', 'bal7047', 'ingutscha', 'mimo90', 'peterlustig', 'angelika_m', 'hclwwb', 'jordy', 'nanosciencestudent777', 'sara', 'caviidae', 'csaggau', 'meline.osini', 'lguo', 'vikpa', 'earian', 'dewlos', 'misha89', 'hfroehli', 'nanocj']",6,"['qinzhao', 'tundealawode', 'ncoronas', 'tshiamo10333', None, 'waelalghamdi']",30,"['jordy', 'qinzhao', 'mbrohmann', 'postfrosch', 'kklauke', 'bal7047', 'agraefen', 'nanosciencestudent777', 'sara', 'caviidae', 'csaggau', 'meline.osini', 'lguo', 'vikpa', 'ingutscha', 'dewlos', 'earian', None, 'mimo90', 'waelalghamdi', 'tshiamo10333', 'peterlustig', 'angelika_m', 'tshiamo333', 'tundealawode', 'ncoronas', 'hfroehli', 'misha89', 'hclwwb', 'nanocj']"
20,241,25,7,6,"['angelika_m', 'postfrosch', 'nanosciencestudent777', 'bal7047', 'misha89', 'ingutscha']",18,"['jordy', 'peterlustig', 'mbrohmann', 'tshiamo333', 'kklauke', 'hfroehli', 'agraefen', 'sara', 'caviidae', 'earian', 'csaggau', 'meline.osini', 'lguo', 'vikpa', 'dewlos', 'hclwwb', 'mimo90', 'nanocj']",1,[None],25,"['jordy', 'mbrohmann', 'postfrosch', 'kklauke', 'bal7047', 'agraefen', 'nanosciencestudent777', 'sara', 'caviidae', 'csaggau', 'meline.osini', 'lguo', 'vikpa', 'ingutscha', 'dewlos', 'earian', None, 'mimo90', 'peterlustig', 'angelika_m', 'tshiamo333', 'hfroehli', 'misha89', 'hclwwb', 'nanocj']"
21,49,25,54,7,"['jakekriston1', 'venkateshgadela1990', 'asmith150', 'chris8302', 'amyjoemary2013', 'akstempl', 'kdevries']",17,"['mshirazi', 'tporter117', 'javalde88', 'anumwasti', 'blakevermeer', 'twilightmoon', 'singhharesh', 'ejdawley', 'brittsbates', 'blaisten', 'hsueh0', 'ezra', 'eggsandbacon', 'shahidot2', 'david9684', 'mjaworski', 'mtumzuri']",47,"['jaimealanram', 'catterrell', 'flemingkyler', 'jakekriston', 'jasonkam', 'weiasian', 'thealmightycj', 'munir1992', 'bschmelt', 'jasmit30', 'kegans801', 'agsmith6', 'apop2', 'jlabani', 'ferry', 'adsmit25', 'tylerwanderson', 'jestfan08', 'mnokada', 'berserked', 'groxboro', 'egutier4', 'dmarque2', 'gchen32', 'elvnm88061', 'mcchadmc', 'oreotime', 'xtyxty', 'loregram', None, 'cedarj27', 'bdowd', 'rpatchin', 'nnogales', 'aaltenai', 'duh1177', 'jrkrawcz', 'safreita', 'samart19', 'jmlambe2', 'asarwari', 'cjbierwa', 'atpolson', 'lledgerw', 'meugenis', 'tkooiman', 'tazznuva']",71,"['flemingkyler', 'weiasian', 'akstempl', 'brittsbates', 'thealmightycj', 'bschmelt', 'jasmit30', 'kegans801', 'agsmith6', 'apop2', 'chris8302', 'tylerwanderson', 'berserked', 'egutier4', 'jakekriston1', 'elvnm88061', 'twilightmoon', 'oreotime', 'xtyxty', 'loregram', 'bdowd', 'mshirazi', 'rpatchin', 'jrkrawcz', 'cjbierwa', 'shahidot2', 'atpolson', 'jaimealanram', 'catterrell', 'jakekriston', 'jasonkam', 'amyjoemary2013', 'ejdawley', 'munir1992', 'ezra', 'kdevries', 'tporter117', 'asmith150', 'jlabani', 'ferry', 'adsmit25', 'jestfan08', 'mnokada', 'hsueh0', 'eggsandbacon', 'groxboro', 'david9684', 'mtumzuri', 'dmarque2', 'javalde88', 'gchen32', 'mcchadmc', 'mjaworski', None, 'cedarj27', 'anumwasti', 'blakevermeer', 'singhharesh', 'venkateshgadela1990', 'nnogales', 'aaltenai', 'duh1177', 'jmlambe2', 'safreita', 'samart19', 'blaisten', 'asarwari', 'lledgerw', 'meugenis', 'tkooiman', 'tazznuva']"
21,52,25,9,1,['anumwasti'],23,"['amyjoemary2013', 'akstempl', 'ejdawley', 'brittsbates', 'ezra', 'kdevries', 'tporter117', 'asmith150', 'chris8302', 'hsueh0', 'eggsandbacon', 'david9684', 'mtumzuri', 'jakekriston1', 'javalde88', 'twilightmoon', 'mjaworski', 'mshirazi', 'blakevermeer', 'singhharesh', 'venkateshgadela1990', 'blaisten', 'shahidot2']",8,"['iiqra', 'hiraimtiaz', 'abdullahahsun', 'saniya123', 'tahira', 'tz80', 'mughal', None]",32,"['jakekriston1', 'javalde88', 'twilightmoon', 'amyjoemary2013', 'akstempl', 'ejdawley', 'brittsbates', 'abdullahahsun', 'tahira', 'ezra', 'mughal', 'mjaworski', None, 'kdevries', 'mshirazi', 'tporter117', 'anumwasti', 'blakevermeer', 'asmith150', 'singhharesh', 'venkateshgadela1990', 'iiqra', 'chris8302', 'hiraimtiaz', 'blaisten', 'saniya123', 'hsueh0', 'shahidot2', 'eggsandbacon', 'tz80', 'david9684', 'mtumzuri']"
21,51,25,8,1,['brittsbates'],23,"['amyjoemary2013', 'akstempl', 'ejdawley', 'ezra', 'kdevries', 'tporter117', 'asmith150', 'chris8302', 'hsueh0', 'eggsandbacon', 'david9684', 'mtumzuri', 'jakekriston1', 'javalde88', 'twilightmoon', 'mjaworski', 'mshirazi', 'anumwasti', 'blakevermeer', 'singhharesh', 'venkateshgadela1990', 'blaisten', 'shahidot2']",7,"['prayakarao15', 'chris_vorator', 'harkins8491', 'vnp827', 'hasib00', 'denis_wang', None]",31,"['jakekriston1', 'javalde88', 'twilightmoon', 'amyjoemary2013', 'akstempl', 'hasib00', 'denis_wang', 'ejdawley', 'brittsbates', 'ezra', 'mjaworski', None, 'kdevries', 'mshirazi', 'tporter117', 'prayakarao15', 'chris_vorator', 'anumwasti', 'blakevermeer', 'asmith150', 'singhharesh', 'venkateshgadela1990', 'harkins8491', 'chris8302', 'vnp827', 'blaisten', 'hsueh0', 'shahidot2', 'eggsandbacon', 'david9684', 'mtumzuri']"
21,50,25,7,1,['brittsbates'],23,"['amyjoemary2013', 'akstempl', 'ejdawley', 'ezra', 'kdevries', 'tporter117', 'asmith150', 'chris8302', 'hsueh0', 'eggsandbacon', 'david9684', 'mtumzuri', 'jakekriston1', 'javalde88', 'twilightmoon', 'mjaworski', 'mshirazi', 'anumwasti', 'blakevermeer', 'singhharesh', 'venkateshgadela1990', 'blaisten', 'shahidot2']",6,"['prayakarao15', 'chris_vorator', 'cmckinney', 'denis_wang', 'natalia', None]",30,"['jakekriston1', 'javalde88', 'twilightmoon', 'amyjoemary2013', 'akstempl', 'cmckinney', 'denis_wang', 'ejdawley', 'brittsbates', 'ezra', 'natalia', 'mjaworski', None, 'kdevries', 'mshirazi', 'tporter117', 'prayakarao15', 'chris_vorator', 'anumwasti', 'blakevermeer', 'asmith150', 'singhharesh', 'venkateshgadela1990', 'chris8302', 'blaisten', 'hsueh0', 'shahidot2', 'eggsandbacon', 'david9684', 'mtumzuri']"
22,79,24,26,15,"['kumikknd', 'jackmaster09', 'ahnkang2', 'niehaus5', 'nithinreddyc', 'solds72', 'jlee3725', 'ankitor', 'oleksie1', 'gobias', 'kim852', 'dee7291', 'nmisak', 'tuoliu1', 'jataput1']",8,"['hanley7', 'zhang275', 'kilpatr2', 'kamman2', 'husak2', 'choquett', 'hasken1', 'sjkelly2']",11,"['kwilli57', 'sanchet2', None, 'mkjo2', 'enj666', 'cernaus1', 'hermesg', 'myarber4', 'banerje1', 'lin171', 'shseo0315']",34,"['enj666', 'gobias', 'kim852', 'dee7291', 'hanley7', 'jackmaster09', 'ahnkang2', 'nithinreddyc', 'husak2', 'choquett', 'shseo0315', 'sanchet2', 'jlee3725', 'cernaus1', 'oleksie1', 'hermesg', 'hasken1', 'kumikknd', 'sjkelly2', 'nmisak', 'niehaus5', 'tuoliu1', 'jataput1', 'zhang275', 'banerje1', 'lin171', None, 'kwilli57', 'mkjo2', 'kilpatr2', 'kamman2', 'solds72', 'ankitor', 'myarber4']"
22,98,24,20,13,"['kumikknd', 'jackmaster09', 'niehaus5', 'nithinreddyc', 'ankitor', 'jlee3725', 'solds72', 'oleksie1', 'gobias', 'kim852', 'dee7291', 'nmisak', 'jataput1']",10,"['hanley7', 'zhang275', 'ahnkang2', 'kilpatr2', 'kamman2', 'husak2', 'choquett', 'hasken1', 'sjkelly2', 'tuoliu1']",7,"['dch3n', 'kwilli57', 'sanchet2', 'cernaus1', 'choquette', None, 'ragunat1']",30,"['gobias', 'kim852', 'dee7291', 'hanley7', 'dch3n', 'jackmaster09', 'ahnkang2', 'nithinreddyc', 'husak2', 'choquett', 'sanchet2', 'jlee3725', 'cernaus1', 'oleksie1', 'hasken1', 'kumikknd', 'sjkelly2', 'nmisak', 'niehaus5', 'tuoliu1', 'jataput1', 'zhang275', None, 'ragunat1', 'kwilli57', 'kilpatr2', 'kamman2', 'solds72', 'ankitor', 'choquette']"
22,100,24,14,4,"['hanley7', 'hasken1', 'tuoliu1', 'kilpatr2']",19,"['gobias', 'kim852', 'dee7291', 'jackmaster09', 'ahnkang2', 'nithinreddyc', 'husak2', 'choquett', 'jlee3725', 'oleksie1', 'kumikknd', 'sjkelly2', 'niehaus5', 'nmisak', 'jataput1', 'zhang275', 'kamman2', 'solds72', 'ankitor']",10,"['sula10', 'dch3n', 'kwilli57', 'lefkowi1', 'shseo1116', 'agsmith6', 'myarber4', None, 'tazznuva', 'ragunat1']",33,"['ragunat1', None, 'lefkowi1', 'jlee3725', 'agsmith6', 'oleksie1', 'gobias', 'kim852', 'dee7291', 'hasken1', 'kumikknd', 'sjkelly2', 'nmisak', 'niehaus5', 'hanley7', 'tuoliu1', 'jataput1', 'jackmaster09', 'zhang275', 'ahnkang2', 'kilpatr2', 'sula10', 'dch3n', 'kwilli57', 'kamman2', 'nithinreddyc', 'solds72', 'ankitor', 'shseo1116', 'husak2', 'choquett', 'myarber4', 'tazznuva']"
22,80,24,9,3,"['hasken1', 'kamman2', 'kilpatr2']",20,"['gobias', 'kim852', 'dee7291', 'hanley7', 'jackmaster09', 'ahnkang2', 'nithinreddyc', 'husak2', 'choquett', 'jlee3725', 'oleksie1', 'kumikknd', 'sjkelly2', 'niehaus5', 'nmisak', 'tuoliu1', 'jataput1', 'zhang275', 'solds72', 'ankitor']",6,"['kwilli57', 'cernaus1', 'myarber4', 'banerje1', None, 'shseo0315']",29,"[None, 'jlee3725', 'cernaus1', 'oleksie1', 'gobias', 'kim852', 'dee7291', 'hasken1', 'kumikknd', 'sjkelly2', 'nmisak', 'niehaus5', 'hanley7', 'tuoliu1', 'jataput1', 'jackmaster09', 'zhang275', 'ahnkang2', 'kilpatr2', 'kwilli57', 'kamman2', 'nithinreddyc', 'solds72', 'ankitor', 'husak2', 'choquett', 'myarber4', 'banerje1', 'shseo0315']"
22,96,24,7,3,"['jataput1', 'ahnkang2', 'jlee3725']",20,"['gobias', 'kim852', 'dee7291', 'hanley7', 'jackmaster09', 'nithinreddyc', 'husak2', 'choquett', 'oleksie1', 'hasken1', 'kumikknd', 'sjkelly2', 'niehaus5', 'nmisak', 'tuoliu1', 'zhang275', 'kilpatr2', 'kamman2', 'solds72', 'ankitor']",4,"['choquette', 'sanchet2', None, 'eliu0117']",27,"['sanchet2', None, 'jlee3725', 'oleksie1', 'gobias', 'kim852', 'dee7291', 'hasken1', 'kumikknd', 'sjkelly2', 'nmisak', 'niehaus5', 'hanley7', 'tuoliu1', 'jataput1', 'jackmaster09', 'zhang275', 'ahnkang2', 'kilpatr2', 'eliu0117', 'kamman2', 'nithinreddyc', 'solds72', 'ankitor', 'husak2', 'choquett', 'choquette']"
23,106,24,25,16,"['hzhang1991', 'may.jonathan12', 'croros', 'stavanp', 'marberner', 'hknanohub', 'kuanysh.samigollayev', 'chenni1', 'csgardn2', 'suraj.sv', 'becerra1', 'luochen93', 'akshay9415', 'kekeoch2', 'tusharkanti', 'nipat.liampisan']",7,"['keelezibel', 'jkernagis2', 'chong.gu.5', 'abonifa2', 'manlymax', 'pjurik', 'kaizhi.qian']",9,"['peter.kula.9', 'champton123', 'rcarre5', 'mkjo2', 'kdatta2', 'jkim441', 'haukchung', 'lamarakshat', None]",32,"['stavanp', 'marberner', 'keelezibel', 'luochen93', 'pjurik', 'haukchung', 'tusharkanti', 'may.jonathan12', 'peter.kula.9', 'hknanohub', 'kuanysh.samigollayev', 'jkernagis2', 'kdatta2', 'becerra1', 'chong.gu.5', 'abonifa2', 'lamarakshat', 'kaizhi.qian', 'champton123', 'csgardn2', 'kekeoch2', 'nipat.liampisan', None, 'akshay9415', 'croros', 'rcarre5', 'mkjo2', 'chenni1', 'suraj.sv', 'manlymax', 'jkim441', 'hzhang1991']"
23,70,24,19,17,"['hzhang1991', 'may.jonathan12', 'croros', 'stavanp', 'hknanohub', 'kuanysh.samigollayev', 'chenni1', 'suraj.sv', 'csgardn2', 'jkernagis2', 'becerra1', 'chong.gu.5', 'luochen93', 'akshay9415', 'kekeoch2', 'tusharkanti', 'kaizhi.qian']",6,"['marberner', 'keelezibel', 'manlymax', 'abonifa2', 'pjurik', 'nipat.liampisan']",2,"['mkjo2', None]",25,"['stavanp', 'marberner', 'keelezibel', 'luochen93', 'pjurik', 'tusharkanti', 'may.jonathan12', 'hknanohub', 'kuanysh.samigollayev', 'jkernagis2', 'becerra1', 'chong.gu.5', 'abonifa2', 'kaizhi.qian', 'csgardn2', 'kekeoch2', 'nipat.liampisan', None, 'akshay9415', 'croros', 'mkjo2', 'chenni1', 'suraj.sv', 'manlymax', 'hzhang1991']"
23,107,24,9,6,"['marberner', 'keelezibel', 'suraj.sv', 'jkernagis2', 'abonifa2', 'nipat.liampisan']",17,"['hzhang1991', 'may.jonathan12', 'croros', 'stavanp', 'hknanohub', 'kuanysh.samigollayev', 'chenni1', 'csgardn2', 'becerra1', 'chong.gu.5', 'manlymax', 'pjurik', 'luochen93', 'akshay9415', 'kekeoch2', 'tusharkanti', 'kaizhi.qian']",3,"[None, 'ksuhadi', 'kdatta2']",26,"['stavanp', 'marberner', 'keelezibel', 'csgardn2', 'luochen93', 'pjurik', 'kekeoch2', 'tusharkanti', 'nipat.liampisan', None, 'akshay9415', 'may.jonathan12', 'croros', 'hknanohub', 'kuanysh.samigollayev', 'chenni1', 'suraj.sv', 'ksuhadi', 'jkernagis2', 'kdatta2', 'becerra1', 'chong.gu.5', 'abonifa2', 'manlymax', 'hzhang1991', 'kaizhi.qian']"
23,71,24,7,6,"['marberner', 'keelezibel', 'suraj.sv', 'jkernagis2', 'abonifa2', 'nipat.liampisan']",17,"['hzhang1991', 'may.jonathan12', 'croros', 'stavanp', 'hknanohub', 'kuanysh.samigollayev', 'chenni1', 'csgardn2', 'becerra1', 'chong.gu.5', 'manlymax', 'pjurik', 'luochen93', 'akshay9415', 'kekeoch2', 'tusharkanti', 'kaizhi.qian']",1,[None],24,"['stavanp', 'marberner', 'keelezibel', 'csgardn2', 'luochen93', 'pjurik', 'kekeoch2', 'tusharkanti', 'nipat.liampisan', None, 'akshay9415', 'may.jonathan12', 'croros', 'hknanohub', 'kuanysh.samigollayev', 'chenni1', 'suraj.sv', 'jkernagis2', 'becerra1', 'chong.gu.5', 'abonifa2', 'manlymax', 'hzhang1991', 'kaizhi.qian']"
23,108,24,7,3,"['chong.gu.5', 'pjurik', 'chenni1']",20,"['stavanp', 'marberner', 'keelezibel', 'luochen93', 'tusharkanti', 'may.jonathan12', 'hknanohub', 'kuanysh.samigollayev', 'jkernagis2', 'becerra1', 'abonifa2', 'kaizhi.qian', 'csgardn2', 'kekeoch2', 'nipat.liampisan', 'akshay9415', 'croros', 'suraj.sv', 'manlymax', 'hzhang1991']",4,"['rcarre5', None, 'niknaim24', 'wpl911']",27,"['stavanp', 'marberner', 'keelezibel', 'csgardn2', 'luochen93', 'pjurik', 'kekeoch2', 'tusharkanti', 'nipat.liampisan', None, 'akshay9415', 'may.jonathan12', 'croros', 'rcarre5', 'hknanohub', 'kuanysh.samigollayev', 'chenni1', 'suraj.sv', 'jkernagis2', 'niknaim24', 'becerra1', 'chong.gu.5', 'abonifa2', 'manlymax', 'hzhang1991', 'kaizhi.qian', 'wpl911']"
24,28,23,23,21,"['tyyeo1', 'zack560545', 'e14f62user01', 'lxzj', 'mare0001', 'chjrommel', 'jason4614', 'synnmalice', 'jmchan1', 'kuanyeh', 'ivanweide', 'jmlee2', 'andrepang', 'kaikaii_88', 'panlei616', 'sytham1', 'regrip', 'z090251', 'zhchew1', 'ayesandarthwe', 'katsura']",1,['syedbrj'],2,"[None, 'leau0002']",24,"['tyyeo1', 'syedbrj', 'zack560545', 'e14f62user01', 'lxzj', 'mare0001', 'chjrommel', 'leau0002', 'jason4614', 'synnmalice', 'jmchan1', 'kuanyeh', 'ivanweide', 'jmlee2', 'kaikaii_88', 'andrepang', 'panlei616', None, 'sytham1', 'regrip', 'z090251', 'zhchew1', 'ayesandarthwe', 'katsura']"
24,27,23,21,14,"['tyyeo1', 'synnmalice', 'e14f62user01', 'sytham1', 'regrip', 'ivanweide', 'lxzj', 'mare0001', 'zhchew1', 'ayesandarthwe', 'andrepang', 'kaikaii_88', 'panlei616', 'katsura']",8,"['jmchan1', 'syedbrj', 'zack560545', 'kuanyeh', 'z090251', 'jason4614', 'jmlee2', 'chjrommel']",7,"['yqchua1', 'jtang2', 'max040887', 'tkswong', 'choushing', 'emirnury', None]",29,"['tyyeo1', 'syedbrj', 'zack560545', 'e14f62user01', 'lxzj', 'mare0001', 'emirnury', 'chjrommel', 'yqchua1', 'jtang2', 'jason4614', 'max040887', 'synnmalice', 'jmchan1', 'kuanyeh', 'ivanweide', 'jmlee2', 'kaikaii_88', 'andrepang', 'panlei616', None, 'sytham1', 'regrip', 'z090251', 'zhchew1', 'ayesandarthwe', 'tkswong', 'choushing', 'katsura']"
25,112,23,36,22,"['rrhein', 'cklyons', 'wcl212', 'mmaier', 'raasok', 'crfreeze', 'leah9288', 'shgriffiths', 'idajohansen1302', 'marita', 'pmcbride', 'mbutala', 'sheinze', 'kohara27', 'hammyd90', 'bksaif', 'maxwellfisch', 'dbec', 'rneed', 'humbertoforonda', 'latture', 'caitsmcdowell']",0,[],14,"[None, 'aec1986', 'silviach', 'spamduck101', 'levmil', 'acespenlaub', 'v8xi', 'silentscope', 'evanko', 'seanharrington', 'mandibuffon', 'cpynn5281', 'sharklaser', 'armypunk']",36,"['rrhein', 'cklyons', 'wcl212', 'mmaier', 'raasok', 'spamduck101', 'silviach', 'aec1986', 'crfreeze', 'leah9288', 'shgriffiths', 'evanko', 'idajohansen1302', 'armypunk', 'marita', 'acespenlaub', 'v8xi', 'seanharrington', 'pmcbride', 'sharklaser', 'levmil', 'mbutala', 'sheinze', 'kohara27', 'hammyd90', 'mandibuffon', 'cpynn5281', None, 'bksaif', 'maxwellfisch', 'dbec', 'rneed', 'humbertoforonda', 'latture', 'caitsmcdowell', 'silentscope']"
26,95,23,17,8,"['runner88', 'mkhalil', 'siwata', 'french2012', 'niksa', 'igilly', 'kkrawczy', 'jwoodwo']",14,"['goris', 'huang480', 'mcbridm', 'hartigj', 'mfulwid', 'love20', 'hbonnick', 'angela.amador', 'rmallick', 'long102', 'li1114', 'jfraseur', 'zhao284', 'grahamnelliott']",9,"['stanley5', 'talleyp', 'armstrong13', 'zhan1046', 'pbranham', 'tim.heath', 'eboor', None, 'cobb9']",31,"['stanley5', 'mcbridm', 'mfulwid', 'armstrong13', 'angela.amador', 'li1114', 'zhao284', 'cobb9', 'siwata', 'igilly', 'tim.heath', 'kkrawczy', 'eboor', 'grahamnelliott', 'goris', 'mkhalil', 'hbonnick', 'zhan1046', None, 'huang480', 'talleyp', 'runner88', 'hartigj', 'love20', 'french2012', 'niksa', 'rmallick', 'long102', 'pbranham', 'jwoodwo', 'jfraseur']"
27,117,22,17,15,"['adaneshk', 'logvyn', 'chaitanyapalanki', 'uday14kiran11', 'zamanifm', 'chaitanyapalanki1', 'hesam1', 'lukemosier', 'namrathakakumanu', 'swatveld', 'kevinf.indy', 'jared.vanderlinden', 'lwchao1990', 'lohitvoleti', 'sbarton6491']",6,"['fulton.aaron', 'piyopiyo', 'mrjohns', 'dpozzo', 'zerorcher', 'kelparks']",2,"['ab19900707', None]",23,"['chaitanyapalanki1', 'piyopiyo', 'namrathakakumanu', 'ab19900707', 'chaitanyapalanki', 'jared.vanderlinden', 'fulton.aaron', 'lukemosier', 'swatveld', 'lwchao1990', 'lohitvoleti', 'logvyn', 'uday14kiran11', 'hesam1', None, 'zerorcher', 'sbarton6491', 'adaneshk', 'zamanifm', 'mrjohns', 'dpozzo', 'kevinf.indy', 'kelparks']"
28,199,22,23,18,"['svaddi2', 'arwafraiwan', 'wzheng1', 'jtam4', 'averma4', 'yzhuang1', 'maujour1', 'wamarin25', 'navjotkaursidhu', 'rhaque1', 'fbp', 'vishnu489', 'sgutier1', 'leizhujia', 'elodric', 'm_grant', 'malaboy1', 'veligetirohit']",3,"['kmsurrena', 'zhuleijia', 'rohith.a887']",5,"['windswift', 'dklotzkin', 'pravakar', 'smitadandamudi', None]",26,"['zhuleijia', 'wzheng1', 'jtam4', 'windswift', 'sgutier1', 'smitadandamudi', 'arwafraiwan', 'yzhuang1', 'wamarin25', 'rohith.a887', 'pravakar', 'elodric', 'malaboy1', 'maujour1', 'navjotkaursidhu', 'rhaque1', None, 'svaddi2', 'kmsurrena', 'averma4', 'fbp', 'vishnu489', 'leizhujia', 'dklotzkin', 'm_grant', 'veligetirohit']"
28,143,22,21,16,"['svaddi2', 'arwafraiwan', 'zhuleijia', 'wzheng1', 'jtam4', 'averma4', 'yzhuang1', 'rohith.a887', 'maujour1', 'rhaque1', 'vishnu489', 'leizhujia', 'sgutier1', 'elodric', 'm_grant', 'veligetirohit']",5,"['kmsurrena', 'fbp', 'navjotkaursidhu', 'wamarin25', 'malaboy1']",5,"['buyzhuang1', 'zhuleiji', 'pravakar', 'smitadandamudi', None]",26,"['zhuleijia', 'wzheng1', 'jtam4', 'buyzhuang1', 'zhuleiji', 'sgutier1', 'smitadandamudi', 'arwafraiwan', 'yzhuang1', 'wamarin25', 'rohith.a887', 'pravakar', 'elodric', 'malaboy1', 'maujour1', 'navjotkaursidhu', 'rhaque1', None, 'svaddi2', 'kmsurrena', 'averma4', 'fbp', 'vishnu489', 'leizhujia', 'm_grant', 'veligetirohit']"
28,197,22,20,17,"['svaddi2', 'arwafraiwan', 'zhuleijia', 'wzheng1', 'jtam4', 'averma4', 'yzhuang1', 'rohith.a887', 'wamarin25', 'maujour1', 'rhaque1', 'vishnu489', 'leizhujia', 'sgutier1', 'elodric', 'm_grant', 'veligetirohit']",4,"['fbp', 'navjotkaursidhu', 'kmsurrena', 'malaboy1']",3,"[None, 'windswift', 'pravakar']",24,"['zhuleijia', 'wzheng1', 'jtam4', 'windswift', 'sgutier1', 'arwafraiwan', 'yzhuang1', 'wamarin25', 'rohith.a887', 'pravakar', 'elodric', 'malaboy1', 'maujour1', 'navjotkaursidhu', 'rhaque1', None, 'svaddi2', 'kmsurrena', 'averma4', 'fbp', 'vishnu489', 'leizhujia', 'm_grant', 'veligetirohit']"
28,198,22,7,4,"['fbp', 'm_grant', 'jtam4', 'leizhujia']",17,"['svaddi2', 'arwafraiwan', 'zhuleijia', 'kmsurrena', 'wzheng1', 'averma4', 'yzhuang1', 'rohith.a887', 'wamarin25', 'maujour1', 'navjotkaursidhu', 'rhaque1', 'vishnu489', 'sgutier1', 'elodric', 'malaboy1', 'veligetirohit']",3,"[None, 'dklotzkin', 'pravakar']",24,"['zhuleijia', 'wzheng1', 'jtam4', 'maujour1', 'navjotkaursidhu', 'rhaque1', 'sgutier1', None, 'svaddi2', 'pravakar', 'arwafraiwan', 'kmsurrena', 'averma4', 'yzhuang1', 'fbp', 'wamarin25', 'vishnu489', 'leizhujia', 'rohith.a887', 'dklotzkin', 'elodric', 'm_grant', 'malaboy1', 'veligetirohit']"
29,13,22,17,13,"['agussh', 'javi.harry.311', 'diegomsaiz', 'guidoe1', 'chv_matt', 'sebadeli', 'spazos', 'emilioea', 'stgov', 'mirkov87', '01luiyi', 'caloepfe', 'lauraboisselier']",8,"['felipedrazzini', 'lucasebasg', 'pooriaasa', 'tuanlq', 'hamedkamrani', 'mike.holman', 'agula', 'matheus1618']",4,"['tux0topo', 'maxidben23', None, 'benoit.agustin']",25,"['javi.harry.311', 'tux0topo', 'felipedrazzini', 'chv_matt', 'pooriaasa', 'tuanlq', 'agula', 'matheus1618', 'guidoe1', 'mirkov87', 'lauraboisselier', 'maxidben23', 'diegomsaiz', 'lucasebasg', 'spazos', 'hamedkamrani', 'mike.holman', 'stgov', 'caloepfe', None, 'agussh', 'sebadeli', 'benoit.agustin', 'emilioea', '01luiyi']"
30,216,19,126,14,"['buris1', 'poopiepie', 'hganesa2', 'niranjana123', 'huynh8', 'limiard23', 'zerocs', 'asnair2', 'altman1990', 'kwh1210', 'smith143', 'pillari3', 'yzhou19', 'hazypensieve']",4,"['serna2', 'chen381', 'lauschk2', 'hazarik2']",112,"['bansal6', 'won9', 'shuoli1', 'logsdon404', 'slee118', 'zheng41', 'tigerzhua', 'enj666', 'adonislin', 'jpllinas', 'hyang49', 'lchuang3', 'marvadar', 'paradox116', 'kashev', 'musicman116', 'sbuercklin', 'tanshi1', 'oneill26', 'findlay1', 'kolze100', 'deguzma1', 'arsh92', 'yuantingnan', 'bojdell', 'collin27', 'adalton2', 'plange4', 'xduan7', 'ak_tennis77', 'banothu1', 'kyhan2', 'stuone19', 'todi2', 'xia11', 'kapauan1', 'hermesg', 'xiaoshi', 'zero0', 'yng5', 'lin171', 'klepits2', 'dcoombs4', 'jchoi110', 'froxis820', 'schroe35', 'sharklaser1', 'zqazi1', 'pmpark2', 'davis117', 'cococo524', 'jincros0123', 'binyeli2', 'mscafi2', 'saiyan86', 'buie1', 'semiconducthunter', 'dgoldstein', 'cburis243', 'akatsulis', 'loepker1', 'jiangao1', 'tkim26', 'strasbe1', 'zliao5', 'nanshizi', 'lesha_44', 'etr', 'ravi7', 'vwu120', 'freshandclean', 'lunaholik', 'saranto2', 'fishbec1', 'biesboe2', 'yctu', 'dgskwirut', 'xunchen2', 'grace3050', 'jlee455', 'bfoo2', 'dusxks507', 'jiangzhouliu1', 'cui6', 'byerke2', 'ramakri1', 'tzhu13', 'dvncrtr', 'jonaskurniawan92', 'jung17', 'tatuhiro', 'frey929', None, 'chan85', 'rmeyer429', 'siyueli2', 'min16', 'loutiyang1', 'smtanaka', 'jshin17', 'slyjedi13', 'swearen1', 'rainbowdash', 'mrgzg1', 'jensen26', 'chadzy64', 'mynameisniu', 'michalprys', 'tschop2', 'sultanabdal', 'sg41414', 'armstr13']",130,"['shuoli1', 'zheng41', 'tigerzhua', 'hyang49', 'lchuang3', 'marvadar', 'musicman116', 'pillari3', 'tanshi1', 'oneill26', 'findlay1', 'yuantingnan', 'plange4', 'xduan7', 'ak_tennis77', 'stuone19', 'todi2', 'xia11', 'kapauan1', 'hermesg', 'hazypensieve', 'klepits2', 'dcoombs4', 'froxis820', 'schroe35', 'zqazi1', 'pmpark2', 'davis117', 'cococo524', 'jincros0123', 'yzhou19', 'saiyan86', 'buie1', 'jiangao1', 'tkim26', 'strasbe1', 'nanshizi', 'lesha_44', 'etr', 'poopiepie', 'limiard23', 'lunaholik', 'saranto2', 'biesboe2', 'yctu', 'dgskwirut', 'xunchen2', 'grace3050', 'jlee455', 'dusxks507', 'chen381', 'cui6', 'jonaskurniawan92', 'jung17', None, 'jshin17', 'swearen1', 'chadzy64', 'michalprys', 'sultanabdal', 'armstr13', 'buris1', 'bansal6', 'niranjana123', 'won9', 'logsdon404', 'slee118', 'enj666', 'adonislin', 'jpllinas', 'hganesa2', 'paradox116', 'kashev', 'sbuercklin', 'deguzma1', 'arsh92', 'bojdell', 'collin27', 'adalton2', 'banothu1', 'kyhan2', 'xiaoshi', 'zero0', 'yng5', 'lin171', 'jchoi110', 'sharklaser1', 'asnair2', 'smith143', 'binyeli2', 'mscafi2', 'hazarik2', 'semiconducthunter', 'serna2', 'dgoldstein', 'cburis243', 'akatsulis', 'loepker1', 'zliao5', 'ravi7', 'vwu120', 'freshandclean', 'lauschk2', 'kwh1210', 'fishbec1', 'bfoo2', 'jiangzhouliu1', 'byerke2', 'ramakri1', 'altman1990', 'tzhu13', 'dvncrtr', 'tatuhiro', 'frey929', 'chan85', 'rmeyer429', 'siyueli2', 'min16', 'loutiyang1', 'smtanaka', 'slyjedi13', 'rainbowdash', 'huynh8', 'zerocs', 'mrgzg1', 'mynameisniu', 'jensen26', 'tschop2', 'sg41414', 'kolze100']"
30,217,19,39,4,"['lauschk2', 'chen381', 'huynh8', 'smith143']",14,"['buris1', 'serna2', 'poopiepie', 'hganesa2', 'niranjana123', 'limiard23', 'zerocs', 'asnair2', 'altman1990', 'kwh1210', 'pillari3', 'yzhou19', 'hazypensieve', 'hazarik2']",35,"['beltran8', 'jhabegger', 'deruty', 'bansal6', 'loepker1', 'chw2006', 'sgrand2', 'mehta32', 'mrjohns42', 'kang976', 'malak577', 'ty32', 'patel162', 'biesboe2', 'sg41414', 'nhk150709', 'twgreen2', 'neelabh', 'sigler4', 'clu11', 'mkennedy3000', 'clu24', 'hermesg', 'chembur1', 'rmeyer429', None, 'benzhou1', 'dcoombs4', 'vtseng2', 'watts4', 'solanki4', 'shaffy', 'anv1', 'hruska3', 'rohan322']",53,"['buris1', 'serna2', 'beltran8', 'jhabegger', 'deruty', 'bansal6', 'niranjana123', 'loepker1', 'chw2006', 'sgrand2', 'mehta32', 'poopiepie', 'mrjohns42', 'hganesa2', 'kang976', 'malak577', 'limiard23', 'ty32', 'lauschk2', 'kwh1210', 'patel162', 'biesboe2', 'pillari3', 'sg41414', 'nhk150709', 'twgreen2', 'neelabh', 'sigler4', 'chen381', 'clu11', 'hruska3', 'mkennedy3000', 'altman1990', 'clu24', 'hermesg', 'chembur1', 'hazypensieve', 'rmeyer429', None, 'benzhou1', 'dcoombs4', 'vtseng2', 'watts4', 'huynh8', 'solanki4', 'zerocs', 'asnair2', 'smith143', 'yzhou19', 'shaffy', 'anv1', 'hazarik2', 'rohan322']"
31,36,19,244,17,"['nehagreddy', 'kmp511', 'gksam10', 'amikol', 'sammarano17', 'kfranco619', 'matt.giuffre17', 'campric12', 'evejak', 'mcscoles', 'sasquatchcas', 'cmt332', 'kma542', 'aserrano25', 'jacksonweisman', 'saracrane', 'natmaj23']",1,['ani197'],227,"['jdp244', 'apgupta1193', 'miafrasca', 'paigeourada', 'aidanjenkins2012', 'agh498', 'ngparas', 'artichokey', 'ejspeyer', 'hanwal1', 'eseosaosaghae', 'ces598', 'siyuanyu', 'hannahjones', 'all598', 'rag834', 'slichtor', 'catherineiveslouter', 'tinavridhachalam2012', 'pwfranks2012', 'kylaprice27', 'janeko', 'afd43', 'hayleymarie', 'jaf879', 'isaac0812', 'sophielweber', 'yucongzhang2016', 'samuelmadvig', 'nedralucas', 'hillaryt', 'cpaton8', 'scd256', 'lhenningsgaard', 'chelseafriesnu', 'fsh712', 'ideramos', 'nieyumeng', 'tsunami70875', 'mhbondy', 'kristimichels', 'kmr226', 'jenny1024', 'ryandsimpson94', 'smwitkowski', 'blc070', 'wjhager2016', 'emilyr', 'martin.f.majewski', 'erineb750', 'catherinelis', 'flandersman', 'centralfc', 'charliehoffert', 'katherinekelly2016', 'pdtravan', 'nsl239', 'evanarmet2016', 'jyoon93', 'sch607', 'almuimui129', 'sel892', 'jaydenmorrison2016', 'lrs329', 'grosen94', 'sarahnras', 'emg643', 'kamaddio', 'ianpiper', 'lesapt59', 'kirkme', 'luke.mcdermott94', 'tiv941', 'davidwilliams2016', 'ahenschke', 'fuckass', 'roshanabid27', 'lcassens', 'nelsonschang', 'nano1234', 'aewalters', 'amakarova', 'ejh353', 'maddyk5', 'sgellman', 'annakwak', 'rockyfinn', 'derekchiu', 'anribrod', 'kps725', 'becvsc', 'kathleenjenkins2016', 'kylia100', 'ggomez313', 'acheatham', 'jcb102', 'kelseygradwohl', 'daa932', 'easteele', 'dchang416', 'tiernanmurrell', 'nida2014', 'williamgarrison2016', 'njo989', 'tfiorica', 'ajiang', 'samuelsam93', 'hssbo', 'danikajoa', 'angela711819', 'arm878', 'knam123', 'jleguineche', None, 'bethanie2911', 'nal819', 'alaamohamedali', 'juliannekurke', 'mgr544', 'bwieg92', 'alexkoh', 'has437', 'z_henry35', 'muddv1', 'sophiamfalmagne', 'nwolfenzon', 'nbg179', 'art860', 'wcrim2016', 'patzhou2016', 'jmwilson27', 'bassoonist1719', 'm.w.stemple', 'brianxicheng', 'victoriazapchar', 'louisaxu', 'zlv836', 'gdifrancesco', 'aho', 'slal16', 'mjp911', 'leeebowitz', '123chemistry', 'stepcald22', 'wjiang94', 'tjh978', 'pkt904', 'roy238', 'arleenli', 'sottomeyer', 'bslice1', 'chrishoward7', 'juyoungkim94', 'smz509', 'valerie_thomas', 'fortunato12', 'mkelty', 'dorotamb', 'cohend', 'tlswan93', 'jzawadzki11', 'grayhackc17', 'dorlander', 'michaelworthington', 'jprp71', 'kaihugstrees', 'michaeljh', 'ajm012', 'jmnatalie', 'danielfk', 'sk2016', 'jdbruce1', 'deionfoster', 'grahamwinston', 'mmk277', 'een645', 'hma115', 'jdle', 'raudel555', 'akranjc', 'raschneider', 'jay19', 'darmacanqui', 'xsong94', 'lauramilstein', 'lincoli', 'allisoncn', 'jennaisbell31', 'nmartinez2238', 'mrenner7', 'map704', 'cphillips2b5h4q', 'amitrakos', 'ddl139', 'bradherzog', 'shanrahan', 'rafaelhenriquez', 'acadiak', 'jbascom24', 'michaelkoho', 'osglopez', 'jae945', 'aeshay94', 'pauls124', 'ahx003', 'madelinedeysine2016', 'jaerae', 'lukeolney', 'qiankuntan', 'mklennon', 'gracedodillet', 'zkivitz', 'libbyslosburg2016', 'jmf145', 'ashleylim2016', 'dannacooperberg2016', 'emilyyau', 'tomoko', 'shankiwi', 'mjc401', 'svetaslavin', 'seiu', 'aag794', 'car978', 'dmotel', 'chembaby', 'epshanker']",245,"['jdp244', 'ngparas', 'evejak', 'hanwal1', 'eseosaosaghae', 'siyuanyu', 'rag834', 'slichtor', 'catherineiveslouter', 'jaf879', 'yucongzhang2016', 'aserrano25', 'samuelmadvig', 'nedralucas', 'chelseafriesnu', 'nieyumeng', 'fsh712', 'tsunami70875', 'mhbondy', 'kristimichels', 'ryandsimpson94', 'emilyr', 'erineb750', 'flandersman', 'charliehoffert', 'pdtravan', 'nsl239', 'evanarmet2016', 'jyoon93', 'sch607', 'almuimui129', 'sel892', 'lesapt59', 'kirkme', 'amikol', 'davidwilliams2016', 'roshanabid27', 'cmt332', 'nelsonschang', 'saracrane', 'ejh353', 'kylia100', 'acheatham', 'jcb102', 'easteele', 'njo989', 'samuelsam93', 'danikajoa', 'angela711819', 'jacksonweisman', 'knam123', 'jleguineche', 'bethanie2911', 'alaamohamedali', 'nehagreddy', 'juliannekurke', 'mgr544', 'bwieg92', 'muddv1', 'sophiamfalmagne', 'nwolfenzon', 'nbg179', 'patzhou2016', 'bassoonist1719', 'victoriazapchar', 'louisaxu', 'gdifrancesco', 'mjp911', '123chemistry', 'roy238', 'tjh978', 'bslice1', 'chrishoward7', 'fortunato12', 'dorlander', 'michaelworthington', 'jprp71', 'kaihugstrees', 'michaeljh', 'jmnatalie', 'danielfk', 'sk2016', 'grahamwinston', 'mmk277', 'een645', 'jdle', 'raschneider', 'jay19', 'lincoli', 'jennaisbell31', 'nmartinez2238', 'mrenner7', 'map704', 'cphillips2b5h4q', 'shanrahan', 'kfranco619', 'acadiak', 'jbascom24', 'michaelkoho', 'matt.giuffre17', 'jae945', 'ahx003', 'madelinedeysine2016', 'jaerae', 'lukeolney', 'zkivitz', 'jmf145', 'gksam10', 'tomoko', 'mjc401', 'seiu', 'aag794', 'dmotel', 'chembaby', 'epshanker', 'natmaj23', 'apgupta1193', 'miafrasca', 'paigeourada', 'aidanjenkins2012', 'agh498', 'hannahjones', 'artichokey', 'ejspeyer', 'ces598', 'all598', 'tinavridhachalam2012', 'pwfranks2012', 'sammarano17', 'kylaprice27', 'janeko', 'afd43', 'hayleymarie', 'isaac0812', 'sophielweber', 'kma542', 'cpaton8', 'hillaryt', 'scd256', 'lhenningsgaard', 'ideramos', 'kmr226', 'jenny1024', 'smwitkowski', 'blc070', 'wjhager2016', 'martin.f.majewski', 'catherinelis', 'centralfc', 'katherinekelly2016', 'jaydenmorrison2016', 'lrs329', 'grosen94', 'sarahnras', 'emg643', 'ani197', 'kamaddio', 'ianpiper', 'luke.mcdermott94', 'tiv941', 'ahenschke', 'fuckass', 'lcassens', 'nano1234', 'aewalters', 'amakarova', 'maddyk5', 'sgellman', 'annakwak', 'rockyfinn', 'derekchiu', 'anribrod', 'kps725', 'becvsc', 'mcscoles', 'kathleenjenkins2016', 'ggomez313', 'kelseygradwohl', 'daa932', 'dchang416', 'tiernanmurrell', 'nida2014', 'williamgarrison2016', 'tfiorica', 'ajiang', 'sasquatchcas', 'hssbo', 'arm878', None, 'nal819', 'campric12', 'alexkoh', 'has437', 'z_henry35', 'art860', 'wcrim2016', 'jmwilson27', 'm.w.stemple', 'brianxicheng', 'zlv836', 'aho', 'slal16', 'leeebowitz', 'stepcald22', 'wjiang94', 'kmp511', 'pkt904', 'arleenli', 'sottomeyer', 'juyoungkim94', 'smz509', 'valerie_thomas', 'mkelty', 'dorotamb', 'cohend', 'tlswan93', 'jzawadzki11', 'grayhackc17', 'ajm012', 'jdbruce1', 'deionfoster', 'hma115', 'raudel555', 'akranjc', 'darmacanqui', 'xsong94', 'lauramilstein', 'allisoncn', 'amitrakos', 'ddl139', 'bradherzog', 'rafaelhenriquez', 'osglopez', 'aeshay94', 'pauls124', 'qiankuntan', 'mklennon', 'gracedodillet', 'libbyslosburg2016', 'ashleylim2016', 'dannacooperberg2016', 'emilyyau', 'shankiwi', 'svetaslavin', 'car978']"
32,216,18,126,13,"['cburis243', 'jchoi110', 'rainbowdash', 'banothu1', 'slee118', 'paradox116', 'ramakri1', 'musicman116', 'strasbe1', 'dvncrtr', 'etr', 'frey929', 'vwu120']",4,"['kang976', 'neelabh', 'limitless', 'johnklord']",113,"['buris1', 'bansal6', 'niranjana123', 'won9', 'shuoli1', 'logsdon404', 'zheng41', 'tigerzhua', 'enj666', 'adonislin', 'jpllinas', 'hganesa2', 'hyang49', 'lchuang3', 'marvadar', 'kashev', 'sbuercklin', 'pillari3', 'tanshi1', 'oneill26', 'findlay1', 'kolze100', 'deguzma1', 'arsh92', 'yuantingnan', 'bojdell', 'collin27', 'adalton2', 'plange4', 'xduan7', 'ak_tennis77', 'kyhan2', 'stuone19', 'todi2', 'xia11', 'kapauan1', 'hermesg', 'xiaoshi', 'zero0', 'hazypensieve', 'yng5', 'lin171', 'klepits2', 'dcoombs4', 'froxis820', 'schroe35', 'sharklaser1', 'zqazi1', 'pmpark2', 'davis117', 'cococo524', 'jincros0123', 'asnair2', 'smith143', 'binyeli2', 'mscafi2', 'yzhou19', 'saiyan86', 'buie1', 'semiconducthunter', 'dgoldstein', 'akatsulis', 'loepker1', 'jiangao1', 'tkim26', 'zliao5', 'nanshizi', 'lesha_44', 'ravi7', 'poopiepie', 'freshandclean', 'limiard23', 'lunaholik', 'saranto2', 'fishbec1', 'biesboe2', 'kwh1210', 'yctu', 'dgskwirut', 'xunchen2', 'grace3050', 'jlee455', 'bfoo2', 'dusxks507', 'jiangzhouliu1', 'cui6', 'byerke2', 'altman1990', 'tzhu13', 'jonaskurniawan92', 'jung17', 'tatuhiro', None, 'chan85', 'rmeyer429', 'siyueli2', 'min16', 'loutiyang1', 'smtanaka', 'jshin17', 'slyjedi13', 'swearen1', 'huynh8', 'zerocs', 'mrgzg1', 'jensen26', 'chadzy64', 'mynameisniu', 'michalprys', 'tschop2', 'sultanabdal', 'sg41414', 'armstr13']",130,"['shuoli1', 'johnklord', 'zheng41', 'tigerzhua', 'hyang49', 'lchuang3', 'marvadar', 'musicman116', 'pillari3', 'tanshi1', 'oneill26', 'findlay1', 'yuantingnan', 'neelabh', 'plange4', 'xduan7', 'ak_tennis77', 'stuone19', 'todi2', 'xia11', 'kapauan1', 'hermesg', 'hazypensieve', 'klepits2', 'dcoombs4', 'limitless', 'froxis820', 'schroe35', 'zqazi1', 'pmpark2', 'davis117', 'cococo524', 'jincros0123', 'yzhou19', 'saiyan86', 'buie1', 'jiangao1', 'tkim26', 'strasbe1', 'nanshizi', 'etr', 'lesha_44', 'poopiepie', 'limiard23', 'lunaholik', 'saranto2', 'biesboe2', 'yctu', 'dgskwirut', 'xunchen2', 'grace3050', 'jlee455', 'dusxks507', 'cui6', 'jonaskurniawan92', 'jung17', None, 'jshin17', 'swearen1', 'chadzy64', 'michalprys', 'sultanabdal', 'armstr13', 'buris1', 'bansal6', 'niranjana123', 'won9', 'logsdon404', 'slee118', 'enj666', 'adonislin', 'jpllinas', 'hganesa2', 'paradox116', 'kashev', 'sbuercklin', 'deguzma1', 'arsh92', 'bojdell', 'collin27', 'adalton2', 'banothu1', 'kyhan2', 'xiaoshi', 'zero0', 'yng5', 'lin171', 'jchoi110', 'sharklaser1', 'asnair2', 'smith143', 'binyeli2', 'mscafi2', 'semiconducthunter', 'cburis243', 'dgoldstein', 'akatsulis', 'loepker1', 'zliao5', 'ravi7', 'vwu120', 'kang976', 'freshandclean', 'fishbec1', 'kwh1210', 'bfoo2', 'jiangzhouliu1', 'byerke2', 'ramakri1', 'altman1990', 'tzhu13', 'dvncrtr', 'tatuhiro', 'frey929', 'chan85', 'rmeyer429', 'siyueli2', 'min16', 'loutiyang1', 'smtanaka', 'slyjedi13', 'rainbowdash', 'huynh8', 'zerocs', 'mrgzg1', 'mynameisniu', 'jensen26', 'tschop2', 'sg41414', 'kolze100']"
32,53,18,88,10,"['cburis243', 'jchoi110', 'neelabh', 'banothu1', 'paradox116', 'ramakri1', 'musicman116', 'dvncrtr', 'etr', 'frey929']",7,"['kang976', 'limitless', 'rainbowdash', 'slee118', 'johnklord', 'strasbe1', 'vwu120']",78,"['bansal6', 'zheng41', 'adonislin', 'enj666', 'harvey16', 'jpllinas', 'rcarrera', 'sgrand2', 'tlou2', 'baitiko1', 'hyang49', 'lchuang3', 'cmcody11', 'marvadar', 'jeswear', 'kashev', 'kolze100', 'honig1', 'bojdell', 'adalton2', 'mccorm11', 'xduan7', 'mkennedy3000', 'stuone19', 'a2140416', 'todi2', 'zero0', 'lin171', 'klepits2', 'benzhou1', 'watts4', 'zqazi1', 'zhang258', 'davis117', 'pmpark2', 'creativeknits', 'jincros0123', 'montio', 'mscafi2', 'saiyan86', 'buie1', 'mahowal2', 'pseudonym', 'semiconducthunter', 'dgoldstein', '8mskevinthegreat', 'jiangao1', 'nanshizi', 'lesha_44', 'wkdghddn', 'lunaholik', 'saranto2', 'nirvanaryo', 'dgskwirut', 'bfoo2', 'grace3050', 'jiangzhouliu1', 'lauren_vanteal', 'kdillo4', 'tzhu13', 'jonaskurniawan92', 'tatuhiro', None, 'rmeyer429', 'chan85', 'ives3', 'min16', 'slyjedi13', 'yuecs', 'izta01', 'mrgzg1', 'jphogan', 'chadzy64', 'mynameisniu', 'michalprys', 'tschop2', 'sultanabdal', 'armstr13']",95,"['bansal6', 'johnklord', 'slee118', 'zheng41', 'adonislin', 'enj666', 'harvey16', 'jpllinas', 'rcarrera', 'sgrand2', 'tlou2', 'baitiko1', 'hyang49', 'lchuang3', 'cmcody11', 'marvadar', 'jeswear', 'paradox116', 'kashev', 'musicman116', 'kolze100', 'honig1', 'bojdell', 'neelabh', 'adalton2', 'mccorm11', 'xduan7', 'banothu1', 'mkennedy3000', 'stuone19', 'a2140416', 'todi2', 'zero0', 'lin171', 'klepits2', 'benzhou1', 'jchoi110', 'limitless', 'watts4', 'zqazi1', 'zhang258', 'davis117', 'pmpark2', 'creativeknits', 'jincros0123', 'montio', 'mscafi2', 'saiyan86', 'buie1', 'mahowal2', 'pseudonym', 'semiconducthunter', 'cburis243', 'dgoldstein', '8mskevinthegreat', 'jiangao1', 'strasbe1', 'nanshizi', 'etr', 'lesha_44', 'vwu120', 'wkdghddn', 'kang976', 'lunaholik', 'saranto2', 'nirvanaryo', 'dgskwirut', 'bfoo2', 'grace3050', 'jiangzhouliu1', 'ramakri1', 'lauren_vanteal', 'kdillo4', 'tzhu13', 'dvncrtr', 'jonaskurniawan92', 'tatuhiro', 'frey929', None, 'rmeyer429', 'chan85', 'ives3', 'min16', 'slyjedi13', 'rainbowdash', 'yuecs', 'izta01', 'mrgzg1', 'jphogan', 'chadzy64', 'mynameisniu', 'michalprys', 'tschop2', 'sultanabdal', 'armstr13']"
32,54,18,39,5,"['kang976', 'rainbowdash', 'banothu1', 'strasbe1', 'vwu120']",12,"['cburis243', 'jchoi110', 'neelabh', 'limitless', 'johnklord', 'slee118', 'ramakri1', 'paradox116', 'musicman116', 'dvncrtr', 'etr', 'frey929']",34,"['jhabegger', 'deruty', 'bansal6', 'dcoombs2', 'aravind6', 'tkim26', 'agsmith6', 'sgrand2', 'meghanaakella', 'mehta32', 'renjurajeev', 'malak577', 'alfonsop', 'ty32', 'biesboe2', 'cawatki2', 'twgreen2', 'flores11', 'whyloginwhy', 'sigler4', 'limiard2', 'mkennedy3000', 'uumapath', 'troc2', 'arogov', 'hermesg', 'chembur1', 'hpatel17', 'phatlobster', None, 'smtanaka', 'jensen26', 'shaffy', 'anv1']",51,"['cburis243', 'jhabegger', 'deruty', 'bansal6', 'dcoombs2', 'aravind6', 'johnklord', 'slee118', 'tkim26', 'strasbe1', 'etr', 'agsmith6', 'sgrand2', 'meghanaakella', 'vwu120', 'mehta32', 'kang976', 'renjurajeev', 'malak577', 'alfonsop', 'paradox116', 'ty32', 'musicman116', 'biesboe2', 'cawatki2', 'twgreen2', 'neelabh', 'flores11', 'whyloginwhy', 'sigler4', 'limiard2', 'banothu1', 'mkennedy3000', 'uumapath', 'ramakri1', 'troc2', 'dvncrtr', 'arogov', 'hermesg', 'chembur1', 'frey929', 'hpatel17', 'phatlobster', None, 'jchoi110', 'smtanaka', 'limitless', 'rainbowdash', 'jensen26', 'shaffy', 'anv1']"
32,217,18,39,2,"['kang976', 'neelabh']",15,"['cburis243', 'jchoi110', 'limitless', 'rainbowdash', 'banothu1', 'johnklord', 'slee118', 'ramakri1', 'paradox116', 'strasbe1', 'musicman116', 'dvncrtr', 'etr', 'frey929', 'vwu120']",37,"['beltran8', 'jhabegger', 'deruty', 'bansal6', 'loepker1', 'chw2006', 'sgrand2', 'mehta32', 'mrjohns42', 'malak577', 'ty32', 'patel162', 'biesboe2', 'lauschk2', 'sg41414', 'nhk150709', 'twgreen2', 'sigler4', 'clu11', 'chen381', 'mkennedy3000', 'clu24', 'hermesg', 'chembur1', 'rmeyer429', None, 'benzhou1', 'dcoombs4', 'vtseng2', 'watts4', 'solanki4', 'huynh8', 'smith143', 'shaffy', 'anv1', 'hruska3', 'rohan322']",54,"['beltran8', 'cburis243', 'jhabegger', 'deruty', 'bansal6', 'loepker1', 'johnklord', 'slee118', 'strasbe1', 'chw2006', 'etr', 'sgrand2', 'vwu120', 'mehta32', 'mrjohns42', 'kang976', 'malak577', 'paradox116', 'ty32', 'musicman116', 'patel162', 'biesboe2', 'lauschk2', 'sg41414', 'nhk150709', 'twgreen2', 'neelabh', 'sigler4', 'clu11', 'chen381', 'banothu1', 'mkennedy3000', 'ramakri1', 'dvncrtr', 'clu24', 'hermesg', 'chembur1', 'frey929', 'rmeyer429', None, 'benzhou1', 'jchoi110', 'dcoombs4', 'limitless', 'vtseng2', 'watts4', 'rainbowdash', 'solanki4', 'huynh8', 'smith143', 'shaffy', 'anv1', 'hruska3', 'rohan322']"
32,218,18,20,2,"['limitless', 'johnklord']",15,"['cburis243', 'jchoi110', 'neelabh', 'kang976', 'rainbowdash', 'banothu1', 'slee118', 'paradox116', 'ramakri1', 'musicman116', 'strasbe1', 'dvncrtr', 'etr', 'frey929', 'vwu120']",18,"['xunchen2', 'michalprys', None, 'baitiko1', 'xuzhi92', 'rcarre5', 'puent1', 'sivaram2', 'wang439', 'saranto2', 'jphogan', 'cawatki2', 'nanshizi', 'oneill26', 'yng5', 'pierzch1', 'jluzin2', 'semiconducthunter']",35,"['xunchen2', 'cburis243', 'neelabh', 'xuzhi92', 'banothu1', 'johnklord', 'slee118', 'ramakri1', 'wang439', 'strasbe1', 'dvncrtr', 'nanshizi', 'etr', 'yng5', 'frey929', 'pierzch1', 'jluzin2', 'vwu120', None, 'jchoi110', 'kang976', 'limitless', 'baitiko1', 'rcarre5', 'rainbowdash', 'puent1', 'sivaram2', 'paradox116', 'saranto2', 'musicman116', 'jphogan', 'cawatki2', 'oneill26', 'michalprys', 'semiconducthunter']"
32,55,18,16,3,"['slee118', 'limitless', 'johnklord']",14,"['cburis243', 'jchoi110', 'neelabh', 'kang976', 'rainbowdash', 'banothu1', 'paradox116', 'ramakri1', 'musicman116', 'strasbe1', 'dvncrtr', 'etr', 'frey929', 'vwu120']",13,"['xunchen2', 'kwilli57', None, 'xuzhi92', 'qiyang1', 'yng5', 'jphogan', 'hicklem', 'krishn29', 'hai2', 'michalprys', 'pierzch1', 'arsh92']",30,"['xunchen2', 'cburis243', 'neelabh', 'xuzhi92', 'banothu1', 'johnklord', 'slee118', 'ramakri1', 'strasbe1', 'dvncrtr', 'etr', 'hai2', 'yng5', 'frey929', 'pierzch1', None, 'vwu120', 'kwilli57', 'jchoi110', 'kang976', 'limitless', 'qiyang1', 'rainbowdash', 'paradox116', 'jphogan', 'musicman116', 'hicklem', 'krishn29', 'michalprys', 'arsh92']"
33,142,18,15,12,"['wdyarthas', 'ruichen77', 'yjongmin', 'pawlick2', 'rangara1', 'stephenyzc', 'clarissa1907', 'teweichang', 'fajardo1', 'bradsnyder', 'jiwonp224', 'dongkai.cheng.7']",5,"['m0122013', 'oosuagwu', 'sam5849208', 'yangxiu2', 'mbsilva']",3,"['ani3989', None, 'xiongfeng']",20,"['oosuagwu', 'xiongfeng', 'yangxiu2', 'teweichang', 'bradsnyder', 'mbsilva', None, 'dongkai.cheng.7', 'wdyarthas', 'm0122013', 'ruichen77', 'yjongmin', 'pawlick2', 'rangara1', 'sam5849208', 'stephenyzc', 'clarissa1907', 'fajardo1', 'ani3989', 'jiwonp224']"
33,215,18,11,9,"['ruichen77', 'yjongmin', 'rangara1', 'stephenyzc', 'yangxiu2', 'clarissa1907', 'teweichang', 'bradsnyder', 'jiwonp224']",8,"['wdyarthas', 'm0122013', 'oosuagwu', 'pawlick2', 'sam5849208', 'fajardo1', 'mbsilva', 'dongkai.cheng.7']",2,"[None, 'xiongfeng']",19,"['oosuagwu', 'xiongfeng', 'yangxiu2', 'teweichang', 'bradsnyder', 'mbsilva', None, 'dongkai.cheng.7', 'wdyarthas', 'm0122013', 'ruichen77', 'yjongmin', 'pawlick2', 'rangara1', 'sam5849208', 'stephenyzc', 'clarissa1907', 'fajardo1', 'jiwonp224']"
34,169,18,17,15,"['jasonhwang', 'cjxcjx0514', 'trived', 'cheebs', 'juho007mon', 'tfis189', 'fogarty.m.a', 'x.william.wang', 'vincentzuo', 'bruce.wang.9484', 'yorkie1990', 'avistel', 'luhanjie', 'rossleon', 'manuel_nanohub']",2,"['andreamorello', 'just7344']",2,"['thewayofdragon', None]",19,"['jasonhwang', 'just7344', 'cjxcjx0514', 'trived', 'tfis189', 'juho007mon', 'x.william.wang', 'fogarty.m.a', 'cheebs', 'avistel', 'thewayofdragon', None, 'manuel_nanohub', 'vincentzuo', 'andreamorello', 'bruce.wang.9484', 'yorkie1990', 'luhanjie', 'rossleon']"
35,81,17,113,13,"['villanovaprep', 'smtanaka12', 'lee307', 'rohanmehra564', 'sqszsqsz', 'akim77', 'adamwright08', 'ccody2', 'rgoel4', 'xcy378543248', 'chen387', 'midojiho', 'jungwoonhyung']",3,"['deigan2', 'banerje1', 'shseo0315']",100,"['deruty', 'bansal6', 'shuoli1', 'logsdon404', 'tigerzhua', 'enj666', 'adonislin', 'jpllinas', 'hyang49', 'lchuang3', 'marvadar', 'kashev', 'patel162', 'sbuercklin', 'oneill26', 'findlay1', 'kolze100', 'honig1', 'deguzma1', 'arsh92', 'yuantingnan', 'bojdell', 'collin27', 'adalton2', 'plange4', 'sigler4', 'ak_tennis77', 'kyhan2', 'stuone19', 'a2140416', 'xia11', 'hermesg', 'todi2', 'hai2', 'kapauan1', 'xiaoshi', 'zero0', 'lin171', 'klepits2', 'benzhou1', 'froxis820', 'schroe35', 'sharklaser1', 'pmpark2', 'meier3', 'jincros0123', 'binyeli2', 'mscafi2', 'saiyan86', 'simmi', 'buie1', 'mahowal2', 'semiconducthunter', 'dgoldstein', 'akatsulis', 'loepker1', 'jiangao1', 'zliao5', 'lesha_44', 'ravi7', 'lunaholik', 'saranto2', 'fishbec1', 'biesboe2', 'yctu', 'jlee455', 'xunchen2', 'grace3050', 'bfoo2', 'dusxks507', 'jiangzhouliu1', 'cui6', 'byerke2', 'tzhu13', 'jonaskurniawan92', 'jung17', 'tatuhiro', 'chembur1', None, 'chan85', 'siyueli2', 'chern1', 'ives3', 'ragunat1', 'min16', 'loutiyang1', 'mkjo2', 'jshin17', 'swearen1', 'slyjedi13', 'sivaram2', 'izta01', 'mrgzg1', 'jphogan', 'chadzy64', 'mynameisniu', 'tschop2', 'sultanabdal', 'sg41414', 'armstr13']",116,"['deigan2', 'sqszsqsz', 'shuoli1', 'tigerzhua', 'midojiho', 'hyang49', 'lchuang3', 'marvadar', 'patel162', 'oneill26', 'findlay1', 'yuantingnan', 'plange4', 'ak_tennis77', 'stuone19', 'a2140416', 'xia11', 'hermesg', 'todi2', 'hai2', 'kapauan1', 'klepits2', 'benzhou1', 'froxis820', 'schroe35', 'pmpark2', 'jincros0123', 'saiyan86', 'buie1', 'mahowal2', 'jiangao1', 'lesha_44', 'lee307', 'ccody2', 'lunaholik', 'saranto2', 'biesboe2', 'yctu', 'jungwoonhyung', 'jlee455', 'xunchen2', 'grace3050', 'dusxks507', 'cui6', 'adamwright08', 'jonaskurniawan92', 'jung17', None, 'chern1', 'ives3', 'ragunat1', 'jshin17', 'villanovaprep', 'swearen1', 'akim77', 'rohanmehra564', 'izta01', 'chadzy64', 'sultanabdal', 'armstr13', 'deruty', 'bansal6', 'logsdon404', 'enj666', 'adonislin', 'jpllinas', 'kashev', 'sbuercklin', 'honig1', 'deguzma1', 'arsh92', 'bojdell', 'collin27', 'adalton2', 'sigler4', 'kyhan2', 'xiaoshi', 'zero0', 'lin171', 'sharklaser1', 'meier3', 'binyeli2', 'mscafi2', 'simmi', 'semiconducthunter', 'dgoldstein', 'akatsulis', 'smtanaka12', 'loepker1', 'zliao5', 'xcy378543248', 'chen387', 'ravi7', 'fishbec1', 'rgoel4', 'shseo0315', 'bfoo2', 'jiangzhouliu1', 'byerke2', 'tzhu13', 'tatuhiro', 'chembur1', 'banerje1', 'chan85', 'siyueli2', 'min16', 'loutiyang1', 'mkjo2', 'slyjedi13', 'sivaram2', 'mrgzg1', 'jphogan', 'mynameisniu', 'tschop2', 'sg41414', 'kolze100']"
35,82,17,30,1,['smtanaka12'],15,"['villanovaprep', 'midojiho', 'deigan2', 'lee307', 'rohanmehra564', 'sqszsqsz', 'akim77', 'adamwright08', 'ccody2', 'rgoel4', 'xcy378543248', 'chen387', 'banerje1', 'shseo0315', 'jungwoonhyung']",29,"['beltran8', 'jhabegger', 'bansal6', 'chw2006', 'sgrand2', 'mrjohns42', 'malak577', 'ty32', 'patel162', 'biesboe2', 'nhk150709', 'dgskwirut', 'twgreen2', 'clu11', 'mkennedy3000', 'clu24', None, 'benzhou1', 'kwilli57', 'dcoombs4', 'vtseng2', 'watts4', 'zqazi1', 'creativeknits', 'jensen26', 'shaffy', 'anv1', 'hruska3', 'rohan322']",45,"['beltran8', 'jhabegger', 'bansal6', 'deigan2', 'smtanaka12', 'sqszsqsz', 'chw2006', 'xcy378543248', 'chen387', 'sgrand2', 'midojiho', 'mrjohns42', 'lee307', 'malak577', 'ccody2', 'ty32', 'patel162', 'biesboe2', 'rgoel4', 'nhk150709', 'shseo0315', 'jungwoonhyung', 'dgskwirut', 'twgreen2', 'clu11', 'adamwright08', 'mkennedy3000', 'clu24', 'banerje1', None, 'benzhou1', 'kwilli57', 'dcoombs4', 'vtseng2', 'villanovaprep', 'watts4', 'akim77', 'rohanmehra564', 'zqazi1', 'creativeknits', 'jensen26', 'shaffy', 'anv1', 'hruska3', 'rohan322']"
35,79,17,26,2,"['banerje1', 'shseo0315']",14,"['villanovaprep', 'deigan2', 'lee307', 'smtanaka12', 'sqszsqsz', 'rohanmehra564', 'adamwright08', 'akim77', 'ccody2', 'rgoel4', 'xcy378543248', 'chen387', 'midojiho', 'jungwoonhyung']",24,"['enj666', 'gobias', 'kim852', 'dee7291', 'jackmaster09', 'ahnkang2', 'nithinreddyc', 'sanchet2', 'jlee3725', 'cernaus1', 'hermesg', 'oleksie1', 'kumikknd', None, 'niehaus5', 'lin171', 'nmisak', 'tuoliu1', 'jataput1', 'kwilli57', 'mkjo2', 'ankitor', 'solds72', 'myarber4']",40,"['deigan2', 'smtanaka12', 'sqszsqsz', 'enj666', 'xcy378543248', 'chen387', 'gobias', 'kim852', 'dee7291', 'midojiho', 'jackmaster09', 'ahnkang2', 'lee307', 'ccody2', 'nithinreddyc', 'rgoel4', 'shseo0315', 'jungwoonhyung', 'sanchet2', 'adamwright08', 'jlee3725', 'cernaus1', 'oleksie1', 'hermesg', 'kumikknd', 'banerje1', 'nmisak', 'lin171', None, 'niehaus5', 'tuoliu1', 'kwilli57', 'jataput1', 'mkjo2', 'villanovaprep', 'akim77', 'rohanmehra564', 'ankitor', 'solds72', 'myarber4']"
35,80,17,9,2,"['banerje1', 'shseo0315']",14,"['villanovaprep', 'deigan2', 'lee307', 'smtanaka12', 'sqszsqsz', 'rohanmehra564', 'adamwright08', 'akim77', 'ccody2', 'rgoel4', 'xcy378543248', 'chen387', 'midojiho', 'jungwoonhyung']",7,"['kwilli57', 'kilpatr2', 'kamman2', 'cernaus1', 'hasken1', 'myarber4', None]",23,"['deigan2', 'smtanaka12', 'sqszsqsz', 'adamwright08', 'cernaus1', 'xcy378543248', 'chen387', 'hasken1', 'banerje1', None, 'midojiho', 'kwilli57', 'villanovaprep', 'kilpatr2', 'lee307', 'rohanmehra564', 'akim77', 'kamman2', 'ccody2', 'rgoel4', 'myarber4', 'shseo0315', 'jungwoonhyung']"
38,144,15,20,13,"['adelreal', 'jamolinamonsivais', 'svasquez5', 'lauupadilla', 'jcdelao', 'htshearman2013', 'jcknight87', 'vhescobedo', 'cejay', 'dbujanda', 'samartinez14', 'aalvarez13', 'lacruzaltamirano']",1,['darkdvnt'],7,"['svasquez8', 'rmessina', 'lberumen3', 'lauupadilla2', 'nibarra2', None, 'alejandra.fuentes.52056']",21,"['adelreal', 'htshearman2013', 'cejay', 'lauupadilla2', 'jamolinamonsivais', 'jcdelao', 'samartinez14', 'svasquez8', 'svasquez5', 'aalvarez13', None, 'alejandra.fuentes.52056', 'rmessina', 'darkdvnt', 'lauupadilla', 'jcknight87', 'vhescobedo', 'dbujanda', 'lberumen3', 'nibarra2', 'lacruzaltamirano']"
38,130,15,17,13,"['adelreal', 'jamolinamonsivais', 'svasquez5', 'lauupadilla', 'jcdelao', 'htshearman2013', 'jcknight87', 'vhescobedo', 'cejay', 'dbujanda', 'samartinez14', 'aalvarez13', 'lacruzaltamirano']",1,['darkdvnt'],4,"['lberumen3', 'falarios', None, 'nafuentes']",18,"['adelreal', 'nafuentes', 'svasquez5', 'htshearman2013', 'cejay', 'aalvarez13', None, 'jamolinamonsivais', 'falarios', 'darkdvnt', 'lberumen3', 'jcdelao', 'lauupadilla', 'jcknight87', 'vhescobedo', 'dbujanda', 'samartinez14', 'lacruzaltamirano']"
38,141,15,13,11,"['svasquez5', 'darkdvnt', 'jcdelao', 'htshearman2013', 'vhescobedo', 'jcknight87', 'cejay', 'dbujanda', 'samartinez14', 'aalvarez13', 'lacruzaltamirano']",3,"['adelreal', 'lauupadilla', 'jamolinamonsivais']",2,"['lberumen3', None]",16,"['adelreal', 'svasquez5', 'htshearman2013', 'cejay', 'aalvarez13', None, 'jamolinamonsivais', 'darkdvnt', 'lberumen3', 'jcdelao', 'lauupadilla', 'jcknight87', 'vhescobedo', 'dbujanda', 'samartinez14', 'lacruzaltamirano']"
38,131,15,8,4,"['htshearman2013', 'jcknight87', 'vhescobedo', 'jamolinamonsivais']",10,"['adelreal', 'svasquez5', 'darkdvnt', 'lauupadilla', 'jcdelao', 'cejay', 'dbujanda', 'samartinez14', 'aalvarez13', 'lacruzaltamirano']",4,"['lberumen3', 'falarios', None, 'nafuentes']",18,"['adelreal', 'nafuentes', 'svasquez5', 'htshearman2013', 'cejay', 'aalvarez13', None, 'jamolinamonsivais', 'falarios', 'darkdvnt', 'lberumen3', 'jcdelao', 'lauupadilla', 'jcknight87', 'vhescobedo', 'dbujanda', 'samartinez14', 'lacruzaltamirano']"
39,69,15,7,6,"['boins95', 'yism1030', 'ddambread', 'csy8259', 'sungjin.choi.3517', 'flypsj']",8,"['elsys', 'ceilidh1', 'zen84i', 'mrs347', 'tristan.deborde', 'jschen123', 'blkeliehor93', 'kyooho']",1,[None],15,"['elsys', 'ddambread', 'zen84i', 'mrs347', 'blkeliehor93', 'flypsj', 'kyooho', None, 'boins95', 'yism1030', 'ceilidh1', 'csy8259', 'tristan.deborde', 'jschen123', 'sungjin.choi.3517']"
40,103,15,38,14,"['ialtamirano', 'philipnguyen', 'haven_tran', 'ssmercado', 'franklam', 'hlrosdail', 'tdvenrick', 'yjhong', 'doyoungkim', 'jdlachenmyer', 'dsorenson', 'rdkim', 'qvdoan', 'tolwin']",0,[],24,"['clphillips', 'hardeepd', 'jgelpedes', 'ambarreno', 'stalemu', 'justinchen', 'bachun', 'knwilliams', 'lpdelosreyes', 'alfonsop', 'johnsonle', 'mdbeza', 'gjgranato', 'jsoliman21', 'dsmelvin09', 'jtchilds', None, 'johnw', 'mgcarrillo89', 'nbferrer', 'cvtamayo', 'dnplascencia', 'tempneff', 'jerrysunsun']",38,"['clphillips', 'hardeepd', 'jgelpedes', 'ambarreno', 'stalemu', 'justinchen', 'doyoungkim', 'jdlachenmyer', 'bachun', 'knwilliams', 'lpdelosreyes', 'franklam', 'alfonsop', 'johnsonle', 'tdvenrick', 'mdbeza', 'gjgranato', 'jsoliman21', 'philipnguyen', 'haven_tran', 'dsmelvin09', 'hlrosdail', 'jtchilds', None, 'ialtamirano', 'johnw', 'ssmercado', 'mgcarrillo89', 'nbferrer', 'cvtamayo', 'yjhong', 'dnplascencia', 'dsorenson', 'tempneff', 'rdkim', 'qvdoan', 'tolwin', 'jerrysunsun']"
40,91,15,18,13,"['ialtamirano', 'philipnguyen', 'haven_tran', 'franklam', 'hlrosdail', 'tdvenrick', 'yjhong', 'doyoungkim', 'jdlachenmyer', 'dsorenson', 'rdkim', 'qvdoan', 'tolwin']",1,['ssmercado'],5,"['johnw', 'ambarreno', 'alfonsop', 'bachun', None]",19,"['ambarreno', 'doyoungkim', 'jdlachenmyer', 'bachun', 'franklam', 'alfonsop', 'tdvenrick', 'philipnguyen', 'haven_tran', 'hlrosdail', None, 'ialtamirano', 'johnw', 'ssmercado', 'yjhong', 'dsorenson', 'rdkim', 'qvdoan', 'tolwin']"
41,103,15,38,14,"['jsoliman21', 'clphillips', 'hardeepd', 'knwilliams', 'dsmelvin09', 'lpdelosreyes', 'mgcarrillo89', 'nbferrer', 'johnsonle', 'justinchen', 'cvtamayo', 'dnplascencia', 'jtchilds', 'jerrysunsun']",0,[],24,"['jgelpedes', 'ambarreno', 'stalemu', 'doyoungkim', 'jdlachenmyer', 'bachun', 'franklam', 'alfonsop', 'tdvenrick', 'mdbeza', 'gjgranato', 'philipnguyen', 'haven_tran', 'hlrosdail', None, 'ialtamirano', 'johnw', 'ssmercado', 'yjhong', 'dsorenson', 'tempneff', 'rdkim', 'qvdoan', 'tolwin']",38,"['clphillips', 'hardeepd', 'jgelpedes', 'ambarreno', 'stalemu', 'justinchen', 'doyoungkim', 'jdlachenmyer', 'bachun', 'knwilliams', 'lpdelosreyes', 'franklam', 'johnsonle', 'alfonsop', 'tdvenrick', 'mdbeza', 'gjgranato', 'jsoliman21', 'philipnguyen', 'haven_tran', 'dsmelvin09', 'hlrosdail', 'jtchilds', None, 'ialtamirano', 'johnw', 'ssmercado', 'mgcarrillo89', 'nbferrer', 'cvtamayo', 'dnplascencia', 'yjhong', 'dsorenson', 'tempneff', 'rdkim', 'qvdoan', 'tolwin', 'jerrysunsun']"
42,153,15,7,3,"['mudanais', 'sdurski', 'mugsy']",11,"['varlioglu', 'athiruve', 'bamcnally', 'ajith1235', 'philipm', 'weibings', 'shuajmac', 'nursalahuddin', 'sgs29', 'mems711', 'jagdish.ak']",4,"[None, 'rkotlyar', 'hwkennel', 'grwilke']",18,"['varlioglu', 'athiruve', 'ajith1235', 'philipm', 'weibings', 'shuajmac', 'nursalahuddin', 'sgs29', 'hwkennel', 'mems711', 'mugsy', None, 'jagdish.ak', 'mudanais', 'grwilke', 'sdurski', 'bamcnally', 'rkotlyar']"
45,130,14,17,2,"['falarios', 'nafuentes']",11,"['p4prix', 'xxjuras00', 'flashdisk', 'lkbera2013', 'hsbyun', 'dwnam', 'cjean', 'scottieman', 'esrinad', 'mohsen.zaim', 'fogging']",15,"['adelreal', 'jamolinamonsivais', 'svasquez5', 'jcdelao', 'htshearman2013', 'lauupadilla', 'cejay', 'vhescobedo', 'jcknight87', 'dbujanda', 'samartinez14', 'lberumen3', 'aalvarez13', None, 'lacruzaltamirano']",28,"['p4prix', 'xxjuras00', 'adelreal', 'nafuentes', 'svasquez5', 'hsbyun', 'dwnam', 'cjean', 'htshearman2013', 'samartinez14', 'cejay', 'esrinad', 'mohsen.zaim', 'scottieman', 'aalvarez13', None, 'jamolinamonsivais', 'falarios', 'flashdisk', 'lkbera2013', 'jcdelao', 'lauupadilla', 'vhescobedo', 'jcknight87', 'dbujanda', 'lberumen3', 'fogging', 'lacruzaltamirano']"
45,131,14,8,2,"['falarios', 'nafuentes']",11,"['p4prix', 'xxjuras00', 'flashdisk', 'lkbera2013', 'hsbyun', 'dwnam', 'cjean', 'scottieman', 'esrinad', 'mohsen.zaim', 'fogging']",6,"['jamolinamonsivais', 'htshearman2013', 'jcknight87', 'vhescobedo', 'lberumen3', None]",19,"['p4prix', 'xxjuras00', 'nafuentes', 'hsbyun', 'dwnam', 'cjean', 'htshearman2013', 'esrinad', 'mohsen.zaim', 'scottieman', None, 'jamolinamonsivais', 'falarios', 'flashdisk', 'lkbera2013', 'jcknight87', 'vhescobedo', 'lberumen3', 'fogging']"
46,193,13,14,10,"['aleksandarnklv', 'k04e', 'astrit', 'crackmk', 'dragan.trajkovski', 'mihailkarlovski', 'rade_maja', 'patchev989', 'pchurlinov', 'grizzliess']",2,"['lehrymut2', 'martinpetkovic']",4,"[None, 'panovb', 'despina', 'maja.janeska']",16,"['astrit', 'martinpetkovic', 'rade_maja', 'maja.janeska', 'patchev989', None, 'aleksandarnklv', 'panovb', 'k04e', 'despina', 'crackmk', 'lehrymut2', 'mihailkarlovski', 'dragan.trajkovski', 'pchurlinov', 'grizzliess']"
46,182,13,12,11,"['aleksandarnklv', 'k04e', 'astrit', 'crackmk', 'lehrymut2', 'mihailkarlovski', 'dragan.trajkovski', 'rade_maja', 'patchev989', 'pchurlinov', 'grizzliess']",1,['martinpetkovic'],1,[None],13,"['astrit', 'martinpetkovic', 'rade_maja', 'patchev989', None, 'aleksandarnklv', 'k04e', 'crackmk', 'lehrymut2', 'mihailkarlovski', 'dragan.trajkovski', 'pchurlinov', 'grizzliess']"
46,194,13,10,6,"['aleksandarnklv', 'crackmk', 'lehrymut2', 'mihailkarlovski', 'martinpetkovic', 'pchurlinov']",6,"['k04e', 'astrit', 'dragan.trajkovski', 'rade_maja', 'patchev989', 'grizzliess']",4,"[None, 'panovb', 'radeveli', 'maja.janeska']",16,"['astrit', 'martinpetkovic', 'radeveli', 'rade_maja', 'maja.janeska', 'patchev989', None, 'aleksandarnklv', 'panovb', 'k04e', 'crackmk', 'lehrymut2', 'mihailkarlovski', 'dragan.trajkovski', 'pchurlinov', 'grizzliess']"
46,195,13,10,8,"['aleksandarnklv', 'k04e', 'astrit', 'crackmk', 'dragan.trajkovski', 'mihailkarlovski', 'patchev989', 'grizzliess']",4,"['lehrymut2', 'pchurlinov', 'rade_maja', 'martinpetkovic']",2,"['despina', None]",14,"['astrit', 'martinpetkovic', 'rade_maja', 'patchev989', None, 'aleksandarnklv', 'k04e', 'despina', 'crackmk', 'lehrymut2', 'mihailkarlovski', 'dragan.trajkovski', 'pchurlinov', 'grizzliess']"
47,106,12,25,6,"['peter.kula.9', 'champton123', 'kdatta2', 'jkim441', 'haukchung', 'lamarakshat']",5,"['farina1', 'ksuhadi', 'brendan.neunaber', 'niknaim24', 'wpl911']",19,"['stavanp', 'marberner', 'luochen93', 'tusharkanti', 'may.jonathan12', 'hknanohub', 'kuanysh.samigollayev', 'becerra1', 'csgardn2', 'kekeoch2', 'nipat.liampisan', None, 'akshay9415', 'croros', 'rcarre5', 'mkjo2', 'chenni1', 'suraj.sv', 'hzhang1991']",30,"['stavanp', 'marberner', 'haukchung', 'luochen93', 'brendan.neunaber', 'tusharkanti', 'peter.kula.9', 'may.jonathan12', 'hknanohub', 'kuanysh.samigollayev', 'kdatta2', 'becerra1', 'lamarakshat', 'niknaim24', 'champton123', 'csgardn2', 'kekeoch2', 'nipat.liampisan', None, 'akshay9415', 'croros', 'rcarre5', 'ksuhadi', 'farina1', 'mkjo2', 'chenni1', 'suraj.sv', 'jkim441', 'hzhang1991', 'wpl911']"
47,107,12,9,2,"['ksuhadi', 'kdatta2']",9,"['peter.kula.9', 'champton123', 'farina1', 'jkim441', 'haukchung', 'lamarakshat', 'brendan.neunaber', 'niknaim24', 'wpl911']",7,"['marberner', 'keelezibel', 'suraj.sv', 'jkernagis2', 'abonifa2', 'nipat.liampisan', None]",18,"['champton123', 'marberner', 'keelezibel', 'haukchung', 'brendan.neunaber', 'nipat.liampisan', None, 'peter.kula.9', 'ksuhadi', 'farina1', 'suraj.sv', 'jkernagis2', 'kdatta2', 'jkim441', 'abonifa2', 'lamarakshat', 'niknaim24', 'wpl911']"
47,108,12,7,2,"['niknaim24', 'wpl911']",9,"['peter.kula.9', 'champton123', 'farina1', 'ksuhadi', 'kdatta2', 'jkim441', 'haukchung', 'lamarakshat', 'brendan.neunaber']",5,"['rcarre5', 'chenni1', 'chong.gu.5', 'pjurik', None]",16,"['peter.kula.9', 'champton123', 'ksuhadi', 'farina1', 'rcarre5', 'chenni1', 'kdatta2', 'jkim441', 'chong.gu.5', 'haukchung', 'lamarakshat', 'pjurik', 'brendan.neunaber', 'niknaim24', None, 'wpl911']"
48,77,12,9,8,"['franfolino', 'rajupillai', 'pharizna', 'sofiahm', 'lcsinet', 'lenatokareva', 'alvaroarellano', 'mgarciarui1']",3,"['alambrecht', 'alice.liu', 'haspeslagh']",1,[None],12,"['rajupillai', 'haspeslagh', 'lcsinet', 'lenatokareva', 'alvaroarellano', 'alambrecht', None, 'mgarciarui1', 'franfolino', 'alice.liu', 'pharizna', 'sofiahm']"
48,47,12,8,7,"['franfolino', 'rajupillai', 'pharizna', 'sofiahm', 'lenatokareva', 'alvaroarellano', 'mgarciarui1']",4,"['alambrecht', 'alice.liu', 'haspeslagh', 'lcsinet']",1,[None],12,"['rajupillai', 'haspeslagh', 'lcsinet', 'lenatokareva', 'alvaroarellano', 'alambrecht', None, 'mgarciarui1', 'franfolino', 'alice.liu', 'pharizna', 'sofiahm']"
48,48,12,8,5,"['alice.liu', 'haspeslagh', 'lcsinet', 'alambrecht', 'mgarciarui1']",6,"['franfolino', 'rajupillai', 'pharizna', 'sofiahm', 'lenatokareva', 'alvaroarellano']",3,"['jenniferselvidge', None, 'buehler']",14,"['rajupillai', 'buehler', 'haspeslagh', 'lcsinet', 'lenatokareva', 'alvaroarellano', 'alambrecht', 'jenniferselvidge', None, 'mgarciarui1', 'franfolino', 'alice.liu', 'pharizna', 'sofiahm']"
48,78,12,7,5,"['alice.liu', 'haspeslagh', 'lcsinet', 'alambrecht', 'mgarciarui1']",6,"['franfolino', 'rajupillai', 'pharizna', 'sofiahm', 'lenatokareva', 'alvaroarellano']",2,"[None, 'buehler']",13,"['franfolino', 'alice.liu', 'rajupillai', 'buehler', 'pharizna', 'sofiahm', 'haspeslagh', 'lcsinet', 'lenatokareva', 'alvaroarellano', 'alambrecht', None, 'mgarciarui1']"
49,3,12,13,8,"['ffabian', 'rrdanirr', 'yo', 'chiriviry', 'linaw', 'koalaa', 'aurian', 'juankabf']",3,"['manowjnez', 'manuelcoffournic', 'ssob']",5,"['adroher', 'jcaballerodavila', 'mpedrosa', 'laguila', None]",16,"['chiriviry', 'koalaa', 'aurian', 'mpedrosa', 'laguila', None, 'juankabf', 'ffabian', 'rrdanirr', 'yo', 'manuelcoffournic', 'linaw', 'adroher', 'jcaballerodavila', 'ssob', 'manowjnez']"
49,115,12,13,8,"['ffabian', 'rrdanirr', 'yo', 'chiriviry', 'linaw', 'koalaa', 'aurian', 'juankabf']",3,"['manowjnez', 'manuelcoffournic', 'ssob']",5,"['adroher', 'jcaballerodavila', 'fmgomez', None, 'salvini']",16,"['chiriviry', 'koalaa', 'aurian', 'fmgomez', None, 'salvini', 'juankabf', 'ffabian', 'rrdanirr', 'yo', 'manuelcoffournic', 'linaw', 'adroher', 'jcaballerodavila', 'ssob', 'manowjnez']"
49,209,12,12,7,"['ffabian', 'rrdanirr', 'yo', 'chiriviry', 'linaw', 'koalaa', 'aurian']",4,"['manowjnez', 'manuelcoffournic', 'ssob', 'juankabf']",5,"['adroher', 'jcaballerodavila', 'laguila', 'fmgomez', None]",16,"['chiriviry', 'koalaa', 'aurian', 'laguila', 'fmgomez', None, 'juankabf', 'ffabian', 'rrdanirr', 'yo', 'manuelcoffournic', 'linaw', 'adroher', 'jcaballerodavila', 'ssob', 'manowjnez']"
49,114,12,7,4,"['chiriviry', 'rrdanirr', 'yo', 'aurian']",7,"['ffabian', 'manuelcoffournic', 'linaw', 'koalaa', 'ssob', 'manowjnez', 'juankabf']",3,"[None, 'adroher', 'salvini']",14,"['ffabian', 'rrdanirr', 'yo', 'manuelcoffournic', 'chiriviry', 'koalaa', 'linaw', 'aurian', 'adroher', 'ssob', 'manowjnez', None, 'salvini', 'juankabf']"
50,6,11,20,7,"['cristianf.limasr', 'pauladrm', 'camila', 'jospina39', 'jonnathana.vaccar', 'gloriae.lozanoa', 'tatiana.ramirezc']",3,"['huseyintet', 'natop19', 'emredoruk2']",13,"['nataliaortiz', 'mariac.molinas', 'paulapi', 'jessicazea', 'cincaborras', 'jorgem93', 'monataec', 'andream.gonzalezc', 'dianam.olayac', 'danaesva24', 'gperezbautista', 'darwindubay', None]",23,"['cristianf.limasr', 'mariac.molinas', 'paulapi', 'jessicazea', 'jospina39', 'jonnathana.vaccar', 'natop19', 'dianam.olayac', 'gloriae.lozanoa', 'gperezbautista', 'darwindubay', None, 'huseyintet', 'pauladrm', 'nataliaortiz', 'cincaborras', 'camila', 'jorgem93', 'monataec', 'andream.gonzalezc', 'danaesva24', 'emredoruk2', 'tatiana.ramirezc']"
50,9,11,16,8,"['cristianf.limasr', 'pauladrm', 'camila', 'jospina39', 'jonnathana.vaccar', 'natop19', 'gloriae.lozanoa', 'tatiana.ramirezc']",2,"['huseyintet', 'emredoruk2']",8,"['pauladarm', 'jessicazea', 'xxscobyxx', 'mariac.molinas', 'jorgem93', 'dj.2301', 'fabianinf', None]",18,"['cristianf.limasr', 'xxscobyxx', 'jessicazea', 'mariac.molinas', 'jospina39', 'jonnathana.vaccar', 'natop19', 'gloriae.lozanoa', 'fabianinf', None, 'huseyintet', 'pauladarm', 'pauladrm', 'camila', 'jorgem93', 'dj.2301', 'emredoruk2', 'tatiana.ramirezc']"
50,7,11,7,2,"['huseyintet', 'emredoruk2']",8,"['cristianf.limasr', 'pauladrm', 'camila', 'jospina39', 'jonnathana.vaccar', 'natop19', 'gloriae.lozanoa', 'tatiana.ramirezc']",5,"['hawkoc', 'ugur', 'unalgu', None, 'takan']",15,"['huseyintet', 'cristianf.limasr', 'pauladrm', 'jospina39', 'camila', 'jonnathana.vaccar', 'natop19', 'hawkoc', 'gloriae.lozanoa', 'ugur', 'emredoruk2', 'unalgu', None, 'takan', 'tatiana.ramirezc']"
51,42,11,15,8,"['bjoernstroem', 'kthorkelsson', 'changyi', 'hengameh', 'tuqinghesong', 'lzl200102109', 'alex77125', 'hagenvik']",2,"['sufian', 'gpw256']",7,"['burtschell', 'archillise', 'vmishra', 'cooljay81', 'silver97', 'tongq08', None]",17,"['archillise', 'vmishra', 'cooljay81', 'sufian', None, 'bjoernstroem', 'burtschell', 'kthorkelsson', 'changyi', 'gpw256', 'hengameh', 'silver97', 'tuqinghesong', 'lzl200102109', 'tongq08', 'alex77125', 'hagenvik']"
52,208,11,27,8,"['markim', 'agomez30', 'agarza12', 'eramirez24', 'edromomendoza', 'rjibanezalcala', 'crow33', 'etome05']",2,"['ihcarrasco29', 'jchurtado']",19,"['jaherrera8', 'joshua.selfe', 'group20', 'bynunez', 'dawidy', 'mplopez15', 'robertalvarez4', 'marmendariz6', 'jrivera14', 'rnevarez3', 'mfflorescacho', 'drflores2', None, 'abelpas', 'kileyva', 'marredondo3', 'fatapia', 'helugo', 'gamartinez2']",29,"['markim', 'jaherrera8', 'joshua.selfe', 'group20', 'bynunez', 'dawidy', 'agarza12', 'mplopez15', 'agomez30', 'robertalvarez4', 'marmendariz6', 'eramirez24', 'jrivera14', 'rnevarez3', 'mfflorescacho', 'ihcarrasco29', 'rjibanezalcala', 'crow33', 'drflores2', None, 'jchurtado', 'abelpas', 'kileyva', 'marredondo3', 'fatapia', 'helugo', 'edromomendoza', 'gamartinez2', 'etome05']"
52,176,11,25,8,"['agomez30', 'jchurtado', 'agarza12', 'eramirez24', 'edromomendoza', 'ihcarrasco29', 'rjibanezalcala', 'etome05']",2,"['markim', 'crow33']",17,"['jaherrera8', 'dawidy', 'jmench12', 'marmendariz6', 'rmessina', 'rnevar', 'milerma', 'group20', 'fatapia', 'bynunez', 'cgaytan2', 'helugo', 'sgarcia10', 'dblanco5', None, 'drflores2', 'bhgarcia']",27,"['markim', 'jaherrera8', 'milerma', 'group20', 'bynunez', 'sgarcia10', 'dblanco5', 'dawidy', 'jmench12', 'agarza12', 'bhgarcia', 'agomez30', 'marmendariz6', 'eramirez24', 'cgaytan2', 'ihcarrasco29', 'rjibanezalcala', 'crow33', None, 'drflores2', 'jchurtado', 'rmessina', 'rnevar', 'fatapia', 'helugo', 'edromomendoza', 'etome05']"
52,214,11,21,9,"['markim', 'agomez30', 'agarza12', 'eramirez24', 'edromomendoza', 'ihcarrasco29', 'rjibanezalcala', 'crow33', 'etome05']",1,['jchurtado'],12,"['robertalvarez4', 'jaherrera8', 'jmench12', 'mplopez15', 'group20', 'marredondo3', 'jrivera14', 'rnevarez3', 'ndrwhapgood', 'mfflorescacho', 'drflores2', None]",22,"['markim', 'agomez30', 'jaherrera8', 'robertalvarez4', 'eramirez24', 'group20', 'jrivera14', 'rnevarez3', 'ndrwhapgood', 'mfflorescacho', 'ihcarrasco29', 'rjibanezalcala', 'crow33', None, 'drflores2', 'jchurtado', 'jmench12', 'agarza12', 'mplopez15', 'marredondo3', 'edromomendoza', 'etome05']"
52,210,11,6,3,"['agomez30', 'etome05', 'agarza12']",7,"['markim', 'jchurtado', 'eramirez24', 'edromomendoza', 'ihcarrasco29', 'rjibanezalcala', 'crow33']",3,"[None, 'marmendariz6', 'jrivera14']",13,"['markim', 'jchurtado', 'agomez30', 'marmendariz6', None, 'agarza12', 'eramirez24', 'jrivera14', 'edromomendoza', 'ihcarrasco29', 'rjibanezalcala', 'crow33', 'etome05']"
53,6,11,20,7,"['nataliaortiz', 'paulapi', 'cincaborras', 'andream.gonzalezc', 'dianam.olayac', 'danaesva24', 'gperezbautista']",3,"['unalgu', 'hfragai', 'npp378']",13,"['cristianf.limasr', 'pauladrm', 'mariac.molinas', 'jessicazea', 'jospina39', 'jonnathana.vaccar', 'camila', 'jorgem93', 'monataec', 'gloriae.lozanoa', 'darwindubay', None, 'tatiana.ramirezc']",23,"['cristianf.limasr', 'paulapi', 'mariac.molinas', 'jessicazea', 'jospina39', 'jonnathana.vaccar', 'dianam.olayac', 'gloriae.lozanoa', 'gperezbautista', 'darwindubay', 'unalgu', None, 'pauladrm', 'hfragai', 'nataliaortiz', 'cincaborras', 'camila', 'jorgem93', 'monataec', 'andream.gonzalezc', 'danaesva24', 'tatiana.ramirezc', 'npp378']"
53,7,11,7,1,['unalgu'],9,"['hfragai', 'nataliaortiz', 'paulapi', 'cincaborras', 'andream.gonzalezc', 'dianam.olayac', 'danaesva24', 'gperezbautista', 'npp378']",6,"['huseyintet', 'hawkoc', 'ugur', 'emredoruk2', None, 'takan']",16,"['huseyintet', 'hfragai', 'nataliaortiz', 'paulapi', 'cincaborras', 'hawkoc', 'andream.gonzalezc', 'dianam.olayac', 'danaesva24', 'gperezbautista', 'ugur', 'emredoruk2', 'unalgu', None, 'takan', 'npp378']"
55,112,11,36,10,"['aec1986', 'silviach', 'armypunk', 'acespenlaub', 'v8xi', 'silentscope', 'evanko', 'seanharrington', 'cpynn5281', 'levmil']",0,[],26,"['wcl212', 'cklyons', 'rrhein', 'mmaier', 'spamduck101', 'raasok', 'crfreeze', 'leah9288', 'shgriffiths', 'idajohansen1302', 'marita', 'pmcbride', 'sharklaser', 'mbutala', 'sheinze', 'kohara27', 'hammyd90', 'mandibuffon', None, 'maxwellfisch', 'bksaif', 'dbec', 'humbertoforonda', 'rneed', 'latture', 'caitsmcdowell']",36,"['wcl212', 'cklyons', 'rrhein', 'aec1986', 'silviach', 'mmaier', 'spamduck101', 'raasok', 'crfreeze', 'leah9288', 'shgriffiths', 'evanko', 'idajohansen1302', 'armypunk', 'marita', 'acespenlaub', 'v8xi', 'seanharrington', 'pmcbride', 'sharklaser', 'levmil', 'mbutala', 'sheinze', 'kohara27', 'hammyd90', 'mandibuffon', 'cpynn5281', None, 'maxwellfisch', 'bksaif', 'dbec', 'humbertoforonda', 'rneed', 'latture', 'caitsmcdowell', 'silentscope']"
55,30,11,14,10,"['aec1986', 'silviach', 'armypunk', 'acespenlaub', 'v8xi', 'silentscope', 'evanko', 'seanharrington', 'cpynn5281', 'levmil']",0,[],4,"[None, 'spamduck101', 'sharklaser', 'mandibuffon']",14,"['aec1986', 'silviach', 'spamduck101', 'silentscope', 'evanko', 'mandibuffon', 'cpynn5281', None, 'armypunk', 'acespenlaub', 'v8xi', 'seanharrington', 'sharklaser', 'levmil']"
57,49,10,54,7,"['dmarque2', 'jaimealanram', 'jakekriston', 'asarwari', 'munir1992', 'egutier4', 'meugenis']",2,"['jond', 'akstempl10']",47,"['catterrell', 'flemingkyler', 'jasonkam', 'weiasian', 'amyjoemary2013', 'akstempl', 'thealmightycj', 'bschmelt', 'jasmit30', 'kegans801', 'agsmith6', 'kdevries', 'asmith150', 'apop2', 'jlabani', 'ferry', 'chris8302', 'adsmit25', 'tylerwanderson', 'jestfan08', 'mnokada', 'berserked', 'groxboro', 'jakekriston1', 'gchen32', 'elvnm88061', 'mcchadmc', 'oreotime', 'xtyxty', 'loregram', None, 'cedarj27', 'bdowd', 'rpatchin', 'nnogales', 'venkateshgadela1990', 'aaltenai', 'duh1177', 'jrkrawcz', 'safreita', 'samart19', 'jmlambe2', 'cjbierwa', 'atpolson', 'lledgerw', 'tkooiman', 'tazznuva']",56,"['jaimealanram', 'catterrell', 'jakekriston', 'flemingkyler', 'jasonkam', 'weiasian', 'amyjoemary2013', 'akstempl', 'thealmightycj', 'munir1992', 'bschmelt', 'jasmit30', 'kegans801', 'agsmith6', 'kdevries', 'asmith150', 'apop2', 'jlabani', 'ferry', 'chris8302', 'adsmit25', 'tylerwanderson', 'jond', 'jestfan08', 'mnokada', 'berserked', 'groxboro', 'egutier4', 'dmarque2', 'jakekriston1', 'gchen32', 'elvnm88061', 'mcchadmc', 'oreotime', 'xtyxty', 'loregram', None, 'cedarj27', 'bdowd', 'rpatchin', 'nnogales', 'venkateshgadela1990', 'aaltenai', 'duh1177', 'akstempl10', 'jrkrawcz', 'safreita', 'samart19', 'jmlambe2', 'asarwari', 'cjbierwa', 'atpolson', 'lledgerw', 'meugenis', 'tkooiman', 'tazznuva']"
57,111,10,50,9,"['dmarque2', 'jaimealanram', 'jakekriston', 'akstempl10', 'jond', 'asarwari', 'munir1992', 'egutier4', 'meugenis']",0,[],41,"['flemingkyler', 'oshagyro', 'jasonkam', 'weiasian', 'thealmightycj', 'bschmelt', 'kegans801', 'agsmith6', 'sula10', 'apop2', 'jlabani', 'berserk1102', 'adsmit25', 'tylerwanderson', 'mnokada', 'jestfan08', 'berserked', 'groxboro', 'seansowr', 'gchen32', 'elvnm88061', 'e23co14', 'oreotime', 'xtyxty', 'loregram', 'peterphile', None, 'cedarj27', 'bdowd', 'rpatchin', 'nnogales', 'aaltenai', 'duh1177', 'jrkrawcz', 'safreita', 'samart19', 'jmlambe2', 'cjbierwa', 'atpolson', 'lledgerw', 'tazznuva']",50,"['jaimealanram', 'jakekriston', 'flemingkyler', 'oshagyro', 'jasonkam', 'weiasian', 'thealmightycj', 'munir1992', 'bschmelt', 'kegans801', 'agsmith6', 'sula10', 'apop2', 'jlabani', 'berserk1102', 'adsmit25', 'tylerwanderson', 'jond', 'mnokada', 'jestfan08', 'berserked', 'groxboro', 'egutier4', 'seansowr', 'dmarque2', 'gchen32', 'elvnm88061', 'e23co14', 'oreotime', 'xtyxty', 'loregram', 'peterphile', None, 'cedarj27', 'bdowd', 'rpatchin', 'nnogales', 'aaltenai', 'duh1177', 'akstempl10', 'jrkrawcz', 'safreita', 'samart19', 'jmlambe2', 'asarwari', 'cjbierwa', 'atpolson', 'lledgerw', 'meugenis', 'tazznuva']"
57,31,10,48,9,"['dmarque2', 'jaimealanram', 'jakekriston', 'akstempl10', 'jond', 'asarwari', 'munir1992', 'egutier4', 'meugenis']",0,[],39,"['flemingkyler', 'oshagyro', 'jasonkam', 'weiasian', 'thealmightycj', 'bschmelt', 'jasmit30', 'kegans801', 'apop2', 'jlabani', 'ferry', 'adsmit25', 'tylerwanderson', 'mnokada', 'jestfan08', 'berserked', 'groxboro', 'seansowr', 'gchen32', 'elvnm88061', 'oreotime', 'xtyxty', 'loregram', 'peterphile', None, 'cedarj27', 'agentbob007', 'bdowd', 'nnogales', 'aaltenai', 'duh1177', 'jrkrawcz', 'safreita', 'samart19', 'jmlambe2', 'cjbierwa', 'lledgerw', 'tkooiman', 'tazznuva']",48,"['jaimealanram', 'jakekriston', 'flemingkyler', 'oshagyro', 'jasonkam', 'weiasian', 'thealmightycj', 'munir1992', 'bschmelt', 'jasmit30', 'kegans801', 'apop2', 'jlabani', 'ferry', 'adsmit25', 'tylerwanderson', 'jond', 'mnokada', 'jestfan08', 'berserked', 'groxboro', 'egutier4', 'seansowr', 'dmarque2', 'gchen32', 'elvnm88061', 'oreotime', 'xtyxty', 'loregram', 'peterphile', None, 'cedarj27', 'agentbob007', 'bdowd', 'nnogales', 'aaltenai', 'duh1177', 'akstempl10', 'jrkrawcz', 'safreita', 'samart19', 'jmlambe2', 'asarwari', 'cjbierwa', 'lledgerw', 'meugenis', 'tkooiman', 'tazznuva']"
57,128,10,48,9,"['dmarque2', 'jaimealanram', 'jakekriston', 'akstempl10', 'jond', 'asarwari', 'munir1992', 'egutier4', 'meugenis']",0,[],39,"['flemingkyler', 'lskim1', 'asustudent', 'jasonkam', 'weiasian', 'thealmightycj', 'bschmelt', 'jasmit30', 'kegans801', 'agsmith6', 'apop2', 'jlabani', 'ferry', 'adsmit25', 'tylerwanderson', 'mnokada', 'jestfan08', 'berserked', 'groxboro', 'seansowr', 'gchen32', 'elvnm88061', 'mcchadmc', 'oreotime', 'e23co14', 'xtyxty', 'loregram', 'peterphile', None, 'cedarj27', 'bdowd', 'rpatchin', 'aaltenai', 'jrkrawcz', 'safreita', 'samart19', 'jmlambe2', 'atpolson', 'tazznuva']",48,"['jaimealanram', 'jakekriston', 'flemingkyler', 'lskim1', 'asustudent', 'jasonkam', 'weiasian', 'thealmightycj', 'munir1992', 'bschmelt', 'jasmit30', 'kegans801', 'agsmith6', 'apop2', 'jlabani', 'ferry', 'adsmit25', 'tylerwanderson', 'jond', 'mnokada', 'jestfan08', 'berserked', 'groxboro', 'egutier4', 'seansowr', 'dmarque2', 'gchen32', 'elvnm88061', 'mcchadmc', 'oreotime', 'e23co14', 'xtyxty', 'loregram', 'peterphile', None, 'cedarj27', 'bdowd', 'rpatchin', 'aaltenai', 'akstempl10', 'jrkrawcz', 'safreita', 'samart19', 'jmlambe2', 'asarwari', 'atpolson', 'meugenis', 'tazznuva']"
57,192,10,47,8,"['dmarque2', 'jaimealanram', 'akstempl10', 'jond', 'asarwari', 'munir1992', 'egutier4', 'meugenis']",1,['jakekriston'],39,"['flemingkyler', 'oshagyro', 'lskim1', 'jasonkam', 'weiasian', 'amanda_carlson', 'thealmightycj', 'bschmelt', 'kegans801', 'agsmith6', 'apop2', 'jlabani', 'ferry', 'adsmit25', 'tylerwanderson', 'jestfan08', 'mnokada', 'berserked', 'groxboro', 'seansowr', 'gchen32', 'elvnm88061', 'mcchadmc', 'oreotime', 'e23co14', 'xtyxty', 'loregram', 'peterphile', None, 'cedarj27', 'rpatchin', 'aaltenai', 'jrkrawcz', 'safreita', 'samart19', 'jmlambe2', 'cjbierwa', 'atpolson', 'tazznuva']",48,"['jaimealanram', 'jakekriston', 'flemingkyler', 'oshagyro', 'lskim1', 'jasonkam', 'weiasian', 'amanda_carlson', 'thealmightycj', 'munir1992', 'bschmelt', 'kegans801', 'agsmith6', 'apop2', 'jlabani', 'ferry', 'adsmit25', 'tylerwanderson', 'jond', 'jestfan08', 'mnokada', 'berserked', 'groxboro', 'egutier4', 'seansowr', 'dmarque2', 'gchen32', 'elvnm88061', 'mcchadmc', 'oreotime', 'e23co14', 'xtyxty', 'loregram', 'peterphile', None, 'cedarj27', 'rpatchin', 'aaltenai', 'akstempl10', 'jrkrawcz', 'safreita', 'samart19', 'jmlambe2', 'asarwari', 'cjbierwa', 'atpolson', 'meugenis', 'tazznuva']"
57,99,10,45,9,"['dmarque2', 'jaimealanram', 'jakekriston', 'akstempl10', 'jond', 'asarwari', 'munir1992', 'egutier4', 'meugenis']",0,[],36,"['flemingkyler', 'oshagyro', 'lskim1', 'jasonkam', 'weiasian', 'thealmightycj', 'bschmelt', 'jasmit30', 'kegans801', 'sula10', 'apop2', 'jlabani', 'adsmit25', 'tylerwanderson', 'jestfan08', 'mnokada', 'groxboro', 'seansowr', 'gchen32', 'oreotime', 'xtyxty', 'loregram', None, 'cedarj27', 'bdowd', 'rpatchin', 'nnogales', 'aaltenai', 'duh1177', 'jrkrawcz', 'safreita', 'samart19', 'jmlambe2', 'cjbierwa', 'atpolson', 'tazznuva']",45,"['jaimealanram', 'jakekriston', 'flemingkyler', 'oshagyro', 'lskim1', 'jasonkam', 'weiasian', 'thealmightycj', 'munir1992', 'bschmelt', 'jasmit30', 'kegans801', 'sula10', 'apop2', 'jlabani', 'adsmit25', 'tylerwanderson', 'jond', 'jestfan08', 'mnokada', 'groxboro', 'egutier4', 'seansowr', 'dmarque2', 'gchen32', 'oreotime', 'xtyxty', 'loregram', None, 'cedarj27', 'bdowd', 'rpatchin', 'nnogales', 'aaltenai', 'duh1177', 'akstempl10', 'jrkrawcz', 'safreita', 'samart19', 'jmlambe2', 'asarwari', 'cjbierwa', 'atpolson', 'meugenis', 'tazznuva']"
57,72,10,42,8,"['dmarque2', 'jaimealanram', 'jakekriston', 'jond', 'asarwari', 'munir1992', 'egutier4', 'meugenis']",1,['akstempl10'],34,"['flemingkyler', 'jasonkam', 'weiasian', 'thealmightycj', 'bschmelt', 'kegans801', 'agsmith6', 'apop2', 'jlabani', 'adsmit25', 'tylerwanderson', 'jestfan08', 'mnokada', 'berserked', 'seansowr', 'gchen32', 'elvnm88061', 'mcchadmc', 'oreotime', 'xtyxty', 'loregram', 'peterphile', None, 'cedarj27', 'bdowd', 'rpatchin', 'aaltenai', 'duh1177', 'jrkrawcz', 'safreita', 'samart19', 'jmlambe2', 'cjbierwa', 'atpolson']",43,"['jaimealanram', 'jakekriston', 'flemingkyler', 'jasonkam', 'weiasian', 'thealmightycj', 'munir1992', 'bschmelt', 'kegans801', 'agsmith6', 'apop2', 'jlabani', 'adsmit25', 'tylerwanderson', 'jond', 'jestfan08', 'mnokada', 'berserked', 'egutier4', 'seansowr', 'dmarque2', 'gchen32', 'elvnm88061', 'mcchadmc', 'oreotime', 'xtyxty', 'loregram', 'peterphile', None, 'cedarj27', 'bdowd', 'rpatchin', 'aaltenai', 'duh1177', 'akstempl10', 'jrkrawcz', 'safreita', 'samart19', 'jmlambe2', 'asarwari', 'cjbierwa', 'atpolson', 'meugenis']"
57,135,10,42,9,"['dmarque2', 'jaimealanram', 'jakekriston', 'akstempl10', 'jond', 'asarwari', 'munir1992', 'egutier4', 'meugenis']",0,[],33,"['flemingkyler', 'lskim1', 'jasonkam', 'weiasian', 'thealmightycj', 'bschmelt', 'jasmit30', 'kegans801', 'sula10', 'apop2', 'berserk1102', 'jlabani', 'adsmit25', 'tylerwanderson', 'jestfan08', 'mnokada', 'berserked', 'gchen32', 'elvnm88061', 'mcchadmc', 'oreotime', 'loregram', 'peterphile', None, 'cedarj27', 'bdowd', 'rpatchin', 'aaltenai', 'jrkrawcz', 'safreita', 'samart19', 'cjbierwa', 'atpolson']",42,"['jaimealanram', 'jakekriston', 'flemingkyler', 'lskim1', 'jasonkam', 'weiasian', 'thealmightycj', 'munir1992', 'bschmelt', 'jasmit30', 'kegans801', 'sula10', 'apop2', 'berserk1102', 'jlabani', 'adsmit25', 'tylerwanderson', 'jond', 'jestfan08', 'mnokada', 'berserked', 'egutier4', 'dmarque2', 'gchen32', 'elvnm88061', 'mcchadmc', 'oreotime', 'loregram', 'peterphile', None, 'cedarj27', 'bdowd', 'rpatchin', 'aaltenai', 'akstempl10', 'jrkrawcz', 'safreita', 'samart19', 'asarwari', 'cjbierwa', 'atpolson', 'meugenis']"
57,173,10,41,9,"['dmarque2', 'jaimealanram', 'jakekriston', 'akstempl10', 'jond', 'asarwari', 'munir1992', 'egutier4', 'meugenis']",0,[],32,"['flemingkyler', 'lskim1', 'jasonkam', 'weiasian', 'thealmightycj', 'bschmelt', 'jasmit30', 'kegans801', 'apop2', 'berserk1102', 'jlabani', 'adsmit25', 'tylerwanderson', 'jestfan08', 'mnokada', 'berserked', 'gchen32', 'elvnm88061', 'oreotime', 'loregram', 'peterphile', None, 'cedarj27', 'bdowd', 'rpatchin', 'nnogales', 'aaltenai', 'jrkrawcz', 'safreita', 'samart19', 'cjbierwa', 'atpolson']",41,"['jaimealanram', 'jakekriston', 'flemingkyler', 'lskim1', 'jasonkam', 'weiasian', 'thealmightycj', 'munir1992', 'bschmelt', 'jasmit30', 'kegans801', 'apop2', 'berserk1102', 'jlabani', 'adsmit25', 'tylerwanderson', 'jond', 'jestfan08', 'mnokada', 'berserked', 'egutier4', 'dmarque2', 'gchen32', 'elvnm88061', 'oreotime', 'loregram', 'peterphile', None, 'cedarj27', 'bdowd', 'rpatchin', 'nnogales', 'aaltenai', 'akstempl10', 'jrkrawcz', 'safreita', 'samart19', 'asarwari', 'cjbierwa', 'atpolson', 'meugenis']"
57,167,10,31,8,"['dmarque2', 'jaimealanram', 'jakekriston', 'akstempl10', 'jond', 'asarwari', 'munir1992', 'egutier4']",1,['meugenis'],23,"['flemingkyler', 'jasonkam', 'weiasian', 'thealmightycj', 'bschmelt', 'jasmit30', 'kegans801', 'apop2', 'adsmit25', 'groxboro', 'gchen32', 'oreotime', 'loregram', None, 'cedarj27', 'rpatchin', 'nnogales', 'jrkrawcz', 'safreita', 'samart19', 'cjbierwa', 'atpolson', 'lledgerw']",32,"['jaimealanram', 'jakekriston', 'flemingkyler', 'jasonkam', 'weiasian', 'thealmightycj', 'munir1992', 'bschmelt', 'jasmit30', 'kegans801', 'apop2', 'adsmit25', 'jond', 'groxboro', 'egutier4', 'dmarque2', 'gchen32', 'oreotime', 'loregram', None, 'cedarj27', 'rpatchin', 'nnogales', 'akstempl10', 'jrkrawcz', 'safreita', 'samart19', 'asarwari', 'cjbierwa', 'atpolson', 'lledgerw', 'meugenis']"
57,11,10,30,1,['munir1992'],8,"['dmarque2', 'jaimealanram', 'jakekriston', 'akstempl10', 'jond', 'asarwari', 'egutier4', 'meugenis']",29,"['catterrell', 'jasonkam', 'weiasian', 'jasmit30', 'kegans801', 'sula10', 'apop2', 'jlabani', 'ferry', 'adsmit25', 'tylerwanderson', 'jestfan08', 'mnokada', 'berserked', 'groxboro', 'seansowr', 'elvnm88061', 'oreotime', 'loregram', None, 'cedarj27', 'bdowd', 'aaltenai', 'jrkrawcz', 'safreita', 'samart19', 'jmlambe2', 'cjbierwa', 'atpolson']",38,"['jaimealanram', 'catterrell', 'jakekriston', 'jasonkam', 'weiasian', 'munir1992', 'jasmit30', 'kegans801', 'sula10', 'apop2', 'jlabani', 'ferry', 'adsmit25', 'tylerwanderson', 'jond', 'jestfan08', 'mnokada', 'berserked', 'groxboro', 'egutier4', 'seansowr', 'dmarque2', 'elvnm88061', 'oreotime', 'loregram', None, 'cedarj27', 'bdowd', 'aaltenai', 'akstempl10', 'jrkrawcz', 'safreita', 'samart19', 'jmlambe2', 'asarwari', 'cjbierwa', 'atpolson', 'meugenis']"
57,5,10,23,2,"['jond', 'meugenis']",7,"['dmarque2', 'jaimealanram', 'jakekriston', 'akstempl10', 'asarwari', 'munir1992', 'egutier4']",21,"['flemingkyler', 'oshagyro', 'agsmith6', 'apop2', 'jlabani', 'berserk1102', 'tylerwanderson', 'jestfan08', 'berserked', 'mnokada', 'elvnm88061', 'mcchadmc', 'xtyxty', 'peterphile', None, 'bdowd', 'rpatchin', 'nnogales', 'aaltenai', 'duh1177', 'tazznuva']",30,"['jaimealanram', 'jakekriston', 'flemingkyler', 'oshagyro', 'munir1992', 'agsmith6', 'apop2', 'jlabani', 'berserk1102', 'tylerwanderson', 'jond', 'berserked', 'mnokada', 'jestfan08', 'egutier4', 'dmarque2', 'elvnm88061', 'mcchadmc', 'xtyxty', 'peterphile', None, 'bdowd', 'rpatchin', 'nnogales', 'aaltenai', 'duh1177', 'akstempl10', 'asarwari', 'meugenis', 'tazznuva']"
57,219,10,19,7,"['dmarque2', 'jaimealanram', 'akstempl10', 'jond', 'asarwari', 'egutier4', 'meugenis']",2,"['jakekriston', 'munir1992']",12,"['aaltenai', 'gchen32', 'mcchadmc', 'ferry', 'oreotime', 'safreita', 'thealmightycj', 'cjbierwa', 'bschmelt', None, 'cedarj27', 'bdowd']",21,"['dmarque2', 'jaimealanram', 'jakekriston', 'gchen32', 'mcchadmc', 'oreotime', 'thealmightycj', 'munir1992', 'bschmelt', None, 'cedarj27', 'bdowd', 'aaltenai', 'ferry', 'akstempl10', 'safreita', 'jond', 'asarwari', 'cjbierwa', 'egutier4', 'meugenis']"
57,29,10,17,7,"['dmarque2', 'jaimealanram', 'jakekriston', 'akstempl10', 'asarwari', 'munir1992', 'egutier4']",2,"['jond', 'meugenis']",10,"['rpatchin', 'aaltenai', 'gchen32', 'loregram', 'thealmightycj', 'cjbierwa', 'bschmelt', 'jasmit30', None, 'bdowd']",19,"['dmarque2', 'jaimealanram', 'jakekriston', 'gchen32', 'loregram', 'thealmightycj', 'munir1992', 'bschmelt', 'jasmit30', None, 'bdowd', 'rpatchin', 'aaltenai', 'akstempl10', 'jond', 'asarwari', 'cjbierwa', 'egutier4', 'meugenis']"
57,139,10,15,8,"['dmarque2', 'jakekriston', 'akstempl10', 'jond', 'asarwari', 'munir1992', 'egutier4', 'meugenis']",1,['jaimealanram'],7,"['rpatchin', 'thealmightycj', 'bschmelt', 'tazznuva', 'atpolson', None, 'agsmith6']",16,"['dmarque2', 'jaimealanram', 'jakekriston', 'thealmightycj', 'munir1992', 'bschmelt', 'agsmith6', None, 'rpatchin', 'akstempl10', 'jond', 'asarwari', 'egutier4', 'atpolson', 'meugenis', 'tazznuva']"
57,140,10,14,7,"['dmarque2', 'jakekriston', 'akstempl10', 'asarwari', 'munir1992', 'egutier4', 'meugenis']",2,"['jaimealanram', 'jond']",7,"['rpatchin', 'gchen32', 'jlabani', 'thealmightycj', 'agsmith6', None, 'bdowd']",16,"['dmarque2', 'jaimealanram', 'jakekriston', 'gchen32', 'thealmightycj', 'munir1992', 'agsmith6', None, 'bdowd', 'rpatchin', 'jlabani', 'akstempl10', 'jond', 'asarwari', 'egutier4', 'meugenis']"
58,17,10,16,5,"['waseem.shaan', 'johngaea', 'shashank1005', 'kumarmvjee18', 'bhargava.365']",4,"['sarsedacn', 'pephi', 'admin_scitec', 'micro']",11,"['samngzero', None, 'mane30', 'leelasruthi', 'vikeshvemulapalli326', 's9ribeck', 'veeresh.moodi1', 'conny300789', 'jackdi', 'ruebmichael', 's2sabatl']",20,"['samngzero', 'leelasruthi', 'johngaea', 's9ribeck', 'veeresh.moodi1', 'conny300789', 'pephi', 'ruebmichael', 'admin_scitec', 'kumarmvjee18', None, 'bhargava.365', 'waseem.shaan', 'mane30', 'vikeshvemulapalli326', 'sarsedacn', 'jackdi', 'shashank1005', 'micro', 's2sabatl']"
58,18,10,13,6,"['waseem.shaan', 'johngaea', 'shashank1005', 'admin_scitec', 'kumarmvjee18', 'bhargava.365']",3,"['sarsedacn', 'pephi', 'micro']",7,"['samngzero', 's9ribeck', 'conny300789', 'veeresh.moodi1', 'ruebmichael', None, 'khatrimanoj30']",16,"['samngzero', 'johngaea', 's9ribeck', 'veeresh.moodi1', 'conny300789', 'pephi', 'ruebmichael', 'admin_scitec', 'kumarmvjee18', None, 'bhargava.365', 'waseem.shaan', 'sarsedacn', 'shashank1005', 'micro', 'khatrimanoj30']"
58,19,10,10,4,"['sarsedacn', 'pephi', 'admin_scitec', 'micro']",5,"['waseem.shaan', 'johngaea', 'shashank1005', 'kumarmvjee18', 'bhargava.365']",6,"['keshab', 'suchetana', 'veeresh.moodi123', 'ruebmichael', 'aakruti2305', None]",15,"['keshab', 'suchetana', 'johngaea', 'pephi', 'ruebmichael', 'admin_scitec', 'kumarmvjee18', None, 'bhargava.365', 'waseem.shaan', 'sarsedacn', 'shashank1005', 'veeresh.moodi123', 'micro', 'aakruti2305']"
58,20,10,9,4,"['sarsedacn', 'pephi', 'admin_scitec', 'micro']",5,"['waseem.shaan', 'johngaea', 'shashank1005', 'kumarmvjee18', 'bhargava.365']",5,"['azaamaziz', 'sharang4gres', 'ruebmichael', None, 'amalnnraj']",14,"['waseem.shaan', 'kumarmvjee18', 'azaamaziz', 'sarsedacn', 'johngaea', 'sharang4gres', 'pephi', 'shashank1005', 'admin_scitec', 'ruebmichael', 'micro', None, 'amalnnraj', 'bhargava.365']"
62,143,9,21,2,"['zhuleiji', 'buyzhuang1']",6,"['svasquez8', 'onijak', 'lauupadilla2', 'kikefreixo', 'clowlide', 'alejandra.fuentes.52056']",19,"['zhuleijia', 'wzheng1', 'jtam4', 'sgutier1', 'smitadandamudi', 'arwafraiwan', 'yzhuang1', 'pravakar', 'rohith.a887', 'elodric', 'maujour1', 'rhaque1', None, 'svaddi2', 'averma4', 'vishnu489', 'leizhujia', 'm_grant', 'veligetirohit']",27,"['svasquez8', 'onijak', 'zhuleijia', 'wzheng1', 'buyzhuang1', 'jtam4', 'zhuleiji', 'maujour1', 'rhaque1', 'sgutier1', 'lauupadilla2', 'smitadandamudi', None, 'clowlide', 'alejandra.fuentes.52056', 'svaddi2', 'arwafraiwan', 'averma4', 'yzhuang1', 'rohith.a887', 'vishnu489', 'leizhujia', 'pravakar', 'kikefreixo', 'elodric', 'm_grant', 'veligetirohit']"
62,144,9,20,3,"['lauupadilla2', 'svasquez8', 'alejandra.fuentes.52056']",5,"['onijak', 'buyzhuang1', 'zhuleiji', 'kikefreixo', 'clowlide']",17,"['adelreal', 'rmessina', 'jamolinamonsivais', 'svasquez5', 'lberumen3', 'jcdelao', 'htshearman2013', 'lauupadilla', 'cejay', 'vhescobedo', 'jcknight87', 'dbujanda', 'samartinez14', 'nibarra2', 'aalvarez13', None, 'lacruzaltamirano']",25,"['svasquez8', 'adelreal', 'onijak', 'svasquez5', 'buyzhuang1', 'nibarra2', 'htshearman2013', 'zhuleiji', 'cejay', 'lauupadilla2', 'aalvarez13', None, 'clowlide', 'alejandra.fuentes.52056', 'rmessina', 'jamolinamonsivais', 'lberumen3', 'jcdelao', 'lauupadilla', 'vhescobedo', 'jcknight87', 'dbujanda', 'samartinez14', 'kikefreixo', 'lacruzaltamirano']"
62,145,9,10,1,['onijak'],7,"['svasquez8', 'buyzhuang1', 'zhuleiji', 'lauupadilla2', 'kikefreixo', 'clowlide', 'alejandra.fuentes.52056']",9,"['dobson83', 'kaylyn', 'st3pandp33', 'speedemon311', 'karthikchinni', 'aj324', 'aadesida1', None, 'steven.michael.lyle']",17,"['svasquez8', 'dobson83', 'onijak', 'st3pandp33', 'kaylyn', 'speedemon311', 'buyzhuang1', 'karthikchinni', 'zhuleiji', 'aj324', 'lauupadilla2', 'kikefreixo', 'aadesida1', None, 'clowlide', 'alejandra.fuentes.52056', 'steven.michael.lyle']"
65,176,9,25,4,"['dblanco5', 'milerma', 'bhgarcia', 'rnevar']",4,"['mokal_nk', 'julienamand', 'khabat', 'jkg0']",21,"['jaherrera8', 'group20', 'bynunez', 'sgarcia10', 'dawidy', 'jmench12', 'agarza12', 'agomez30', 'marmendariz6', 'eramirez24', 'cgaytan2', 'ihcarrasco29', 'rjibanezalcala', None, 'drflores2', 'jchurtado', 'rmessina', 'fatapia', 'helugo', 'edromomendoza', 'etome05']",29,"['jaherrera8', 'milerma', 'group20', 'jkg0', 'edromomendoza', 'bynunez', 'sgarcia10', 'dblanco5', 'khabat', 'mokal_nk', 'dawidy', 'jmench12', 'agarza12', 'bhgarcia', 'agomez30', 'marmendariz6', 'eramirez24', 'cgaytan2', 'ihcarrasco29', 'rjibanezalcala', None, 'drflores2', 'jchurtado', 'rmessina', 'rnevar', 'fatapia', 'helugo', 'julienamand', 'etome05']"
68,20,8,9,3,"['sharang4gres', 'azaamaziz', 'amalnnraj']",4,"['reddykpk', 'preg', 'itpadel', 'zhou313']",6,"['sarsedacn', 'pephi', 'ruebmichael', 'admin_scitec', 'micro', None]",13,"['azaamaziz', 'sharang4gres', 'itpadel', 'pephi', 'ruebmichael', 'admin_scitec', 'zhou313', None, 'sarsedacn', 'reddykpk', 'preg', 'micro', 'amalnnraj']"
69,175,8,23,6,"['dm.camelo2610', 'dm.sepulveda2246', 'josericardo', 'cdaza933', 'rafaelsosa2013', 'catalinaalbornoz1']",1,['aagui'],17,"['jeremyender', 'pmarenco', 'afe.martinez', 'pc.combariza2656', 'jc.montoya496', 'kstvn', 'juankmilo93', 'am.alarcon346', 'js.martinez777', 'aa.alba367', 'monicatuta', 'troskyh', 'neslycastro', 'jorge.mmoreno', 'julianricom', 'yc.diaz415', None]",24,"['jeremyender', 'pc.combariza2656', 'dm.camelo2610', 'dm.sepulveda2246', 'am.alarcon346', 'troskyh', 'catalinaalbornoz1', 'julianricom', 'yc.diaz415', None, 'pmarenco', 'afe.martinez', 'jc.montoya496', 'kstvn', 'juankmilo93', 'js.martinez777', 'josericardo', 'aa.alba367', 'neslycastro', 'cdaza933', 'rafaelsosa2013', 'jorge.mmoreno', 'monicatuta', 'aagui']"
72,87,7,13,5,"['brh7f7', 'jhc7d', 'jgdfb', 'jbair34', 'vtty6']",1,['ale6d5'],8,"['amyqing', 'kkalac', 'stpt37', 'rkhanal', 'goetschius', 'easadi8', 'omakc2', None]",14,"['amyqing', 'kkalac', 'easadi8', 'jbair34', None, 'vtty6', 'brh7f7', 'stpt37', 'ale6d5', 'rkhanal', 'goetschius', 'jhc7d', 'omakc2', 'jgdfb']"
72,88,7,12,6,"['brh7f7', 'ale6d5', 'jhc7d', 'jgdfb', 'jbair34', 'vtty6']",0,[],6,"['amyqing', 'kkalac', 'stpt37', 'rkhanal', 'omakc2', None]",12,"['amyqing', 'kkalac', 'jbair34', None, 'vtty6', 'brh7f7', 'stpt37', 'ale6d5', 'rkhanal', 'jhc7d', 'omakc2', 'jgdfb']"
76,120,7,11,4,"['priyadarshihinimd', 'yash1182', 'veenashree20sun', '0osgxasfzu']",2,"['nayaz2', 'shreeram9933']",7,"['i4poaffjwv', 'maheshshastri', 'safiranayaz', 'shruthiganesh1988', 'sathish', 'manjunathsudhakar', None]",13,"['i4poaffjwv', 'shreeram9933', 'veenashree20sun', '0osgxasfzu', 'priyadarshihinimd', 'shruthiganesh1988', 'sathish', 'manjunathsudhakar', None, 'maheshshastri', 'safiranayaz', 'nayaz2', 'yash1182']"
76,223,7,6,4,"['priyadarshihinimd', 'yash1182', 'veenashree20sun', '0osgxasfzu']",2,"['nayaz2', 'shreeram9933']",2,"['shruthiganesh1988', None]",8,"['shreeram9933', 'veenashree20sun', '0osgxasfzu', 'priyadarshihinimd', 'nayaz2', 'shruthiganesh1988', None, 'yash1182']"
78,56,7,12,5,"['tsz21', 'nidhi25', 'bhushan1990', 'praavi', 'jesalshah']",1,['akanksha123'],7,"['hariankit', 'parthjoshi091', 'urmi2012', 'tan020591', 'bhagesha', 'vivek23', None]",13,"['hariankit', 'parthjoshi091', 'tan020591', 'bhagesha', 'vivek23', 'jesalshah', 'bhushan1990', None, 'urmi2012', 'tsz21', 'nidhi25', 'praavi', 'akanksha123']"
78,222,7,10,5,"['jesalshah', 'tsz21', 'bhushan1990', 'praavi', 'akanksha123']",1,['nidhi25'],5,"['nandini91', 'bhagesha', 'vivek23', 'vini2891', None]",11,"['bhagesha', 'vivek23', 'jesalshah', 'bhushan1990', 'vini2891', None, 'nandini91', 'tsz21', 'nidhi25', 'praavi', 'akanksha123']"
78,60,7,8,5,"['akanksha123', 'tsz21', 'nidhi25', 'bhushan1990', 'jesalshah']",1,['praavi'],3,"[None, 'pryk80', 'vivek23']",9,"['tsz21', 'bhushan1990', 'pryk80', 'nidhi25', 'vivek23', 'jesalshah', None, 'praavi', 'akanksha123']"
78,221,7,8,5,"['akanksha123', 'tsz21', 'nidhi25', 'bhushan1990', 'jesalshah']",1,['praavi'],3,"[None, 'pryk80', 'vivek23']",9,"['tsz21', 'bhushan1990', 'pryk80', 'nidhi25', 'vivek23', 'jesalshah', None, 'praavi', 'akanksha123']"
79,180,7,15,6,"['koka15', 'shuttde', 'ohmymarine', 'sossuris', 'breezer', 'shdmfsh']",0,[],9,"['zenorc', 'outsider614', 'ljs1237', 'zmfflrql089', 'yeonkeun', 'ketalo4310', 'midnightsm', 'dark338', None]",15,"['outsider614', 'ljs1237', 'koka15', 'shuttde', 'ohmymarine', 'yeonkeun', 'midnightsm', 'dark338', 'breezer', None, 'shdmfsh', 'zenorc', 'zmfflrql089', 'ketalo4310', 'sossuris']"
79,136,7,14,6,"['koka15', 'shuttde', 'ohmymarine', 'sossuris', 'breezer', 'shdmfsh']",0,[],8,"['zenorc', 'ljs1237', 'zmfflrql089', 'scapall', 'youloveg', 'ketalo4310', 'dark338', None]",14,"['ljs1237', 'koka15', 'shuttde', 'ohmymarine', 'scapall', 'youloveg', 'dark338', 'breezer', None, 'shdmfsh', 'zenorc', 'zmfflrql089', 'ketalo4310', 'sossuris']"
79,189,7,13,6,"['koka15', 'shuttde', 'ohmymarine', 'sossuris', 'breezer', 'shdmfsh']",0,[],7,"['ljs1237', 'zmfflrql089', 'youloveg', 'ketalo4310', 'midnightsm', 'dark338', None]",13,"['ljs1237', 'koka15', 'shuttde', 'ohmymarine', 'youloveg', 'midnightsm', 'dark338', 'breezer', None, 'shdmfsh', 'zmfflrql089', 'ketalo4310', 'sossuris']"
79,137,7,12,6,"['koka15', 'shuttde', 'ohmymarine', 'sossuris', 'breezer', 'shdmfsh']",0,[],6,"['ljs1237', 'zmfflrql089', 'scapall', 'ketalo4310', 'dark338', None]",12,"['ljs1237', 'koka15', 'shuttde', 'ohmymarine', 'scapall', 'dark338', 'breezer', None, 'shdmfsh', 'zmfflrql089', 'ketalo4310', 'sossuris']"
79,147,7,11,6,"['koka15', 'shuttde', 'ohmymarine', 'sossuris', 'breezer', 'shdmfsh']",0,[],5,"['ljs1237', 'pschan90', 'ketalo4310', 'dark338', None]",11,"['ljs1237', 'koka15', 'shuttde', 'ohmymarine', 'dark338', 'breezer', None, 'shdmfsh', 'pschan90', 'ketalo4310', 'sossuris']"
79,177,7,11,4,"['koka15', 'sossuris', 'shuttde', 'shdmfsh']",2,"['breezer', 'ohmymarine']",7,"['smaes', 'zenorc', 'ljs1237', 'zmfflrql089', 'midnightsm', 'dark338', None]",13,"['ljs1237', 'koka15', 'shuttde', 'ohmymarine', 'midnightsm', 'dark338', 'breezer', None, 'shdmfsh', 'smaes', 'zenorc', 'zmfflrql089', 'sossuris']"
79,146,7,10,6,"['koka15', 'shuttde', 'ohmymarine', 'sossuris', 'breezer', 'shdmfsh']",0,[],4,"['dark338', 'ljs1237', None, 'ketalo4310']",10,"['ljs1237', 'koka15', 'shuttde', 'ohmymarine', 'dark338', 'breezer', None, 'shdmfsh', 'ketalo4310', 'sossuris']"
79,179,7,7,1,['shuttde'],5,"['koka15', 'ohmymarine', 'sossuris', 'breezer', 'shdmfsh']",6,"['smaes', 'zenorc', 'trix', 'whitekjh0410', 'wkc87', None]",12,"['smaes', 'zenorc', 'koka15', 'shuttde', 'ohmymarine', 'trix', 'whitekjh0410', 'wkc87', 'sossuris', 'breezer', None, 'shdmfsh']"
80,132,7,44,6,"['martin.sulc', 'lipa', 'xkiska00', 'microo', 'xcucka00', 'chra']",0,[],38,"['xpavla01', 'skutchi', 'kamikadze', 'dejvid', 'xpalta00', 'xhradi12', 'djelektron89', 'xvicar02', 'zlami', 'stitch', 'kyselevajco', 'misoo9005', 'rocker881', 'jtomko', 'niokokayuka', 'xnovak68', 'xdrbal04', 'ferill', 'tomshon', 'kiwon', 'jcbob', 'xmusal01', 'michixxx', 'dartblood', 'kubiczek', 'peca', 'xpavel22', 'xhorej00', 'vsekaz', 'xvozda01', None, 'liborplucnar', 'gigabeatle', 'zoidbee', 'xdzuro01', 'dyna', 'xchmel18', 'trinom']",44,"['xpavla01', 'skutchi', 'kamikadze', 'dejvid', 'xpalta00', 'xhradi12', 'djelektron89', 'xvicar02', 'zlami', 'stitch', 'kyselevajco', 'microo', 'xcucka00', 'rocker881', 'jtomko', 'chra', 'niokokayuka', 'xnovak68', 'xdrbal04', 'ferill', 'tomshon', 'kiwon', 'jcbob', 'martin.sulc', 'xmusal01', 'lipa', 'michixxx', 'dartblood', 'kubiczek', 'peca', 'xpavel22', 'xhorej00', 'vsekaz', 'xvozda01', None, 'liborplucnar', 'gigabeatle', 'xkiska00', 'zoidbee', 'xdzuro01', 'trinom', 'dyna', 'xchmel18', 'misoo9005']"
80,172,7,44,6,"['martin.sulc', 'lipa', 'xkiska00', 'microo', 'xcucka00', 'chra']",0,[],38,"['xpavla01', 'skutchi', 'kamikadze', 'dejvid', 'xpalta00', 'xhradi12', 'djelektron89', 'xvicar02', 'zlami', 'stitch', 'kyselevajco', 'misoo9005', 'rocker881', 'jtomko', 'niokokayuka', 'xnovak68', 'xdrbal04', 'ferill', 'tomshon', 'kiwon', 'jcbob', 'xmusal01', 'michixxx', 'dartblood', 'kubiczek', 'peca', 'xpavel22', 'xhorej00', 'vsekaz', 'xvozda01', None, 'liborplucnar', 'gigabeatle', 'zoidbee', 'xdzuro01', 'dyna', 'xchmel18', 'trinom']",44,"['xpavla01', 'skutchi', 'kamikadze', 'dejvid', 'xpalta00', 'xhradi12', 'djelektron89', 'xvicar02', 'zlami', 'stitch', 'kyselevajco', 'microo', 'xcucka00', 'rocker881', 'jtomko', 'chra', 'niokokayuka', 'xnovak68', 'xdrbal04', 'ferill', 'tomshon', 'kiwon', 'jcbob', 'martin.sulc', 'xmusal01', 'lipa', 'michixxx', 'dartblood', 'kubiczek', 'peca', 'xpavel22', 'xhorej00', 'vsekaz', 'xvozda01', None, 'liborplucnar', 'gigabeatle', 'xkiska00', 'zoidbee', 'xdzuro01', 'trinom', 'dyna', 'xchmel18', 'misoo9005']"
80,41,7,32,1,['chra'],5,"['martin.sulc', 'lipa', 'xkiska00', 'microo', 'xcucka00']",31,"['asdfg', 'zrzavymartin', 'patrik111', 'raninec', 'jakubonderka', 'kolzig', 'xpalta00', 'maruna', 'zlami', 'kycera', 'jerrys', 'hamos', 'premet', 'andrejtt', 'lupo112', 'zarate3040', 'xmusal01', 'xmarty', 'd.petrasek', 'hjumanik', 'xrezny00', 'marekpinkava', 'xkorch00', 'p6z2d2', 'xkulik02', 'pajito159', None, 'ienemyi', 'vojtechsv03', 'xtrukh00', 'stanek20']",37,"['asdfg', 'zrzavymartin', 'patrik111', 'raninec', 'jakubonderka', 'kolzig', 'xpalta00', 'maruna', 'zlami', 'kycera', 'jerrys', 'hamos', 'premet', 'microo', 'xcucka00', 'chra', 'andrejtt', 'lupo112', 'zarate3040', 'martin.sulc', 'xmusal01', 'xmarty', 'lipa', 'd.petrasek', 'hjumanik', 'xrezny00', 'marekpinkava', 'xkorch00', 'p6z2d2', 'xkulik02', 'pajito159', None, 'xkiska00', 'ienemyi', 'vojtechsv03', 'xtrukh00', 'stanek20']"
80,40,7,29,4,"['xkiska00', 'martin.sulc', 'microo', 'xcucka00']",2,"['lipa', 'chra']",25,"['jcbob', 'skutchi', 'michixxx', 'kubiczek', 'dartblood', 'peca', 'xpavel22', 'dejvid', 'xhradi12', 'xvozda01', None, 'kyselevajco', 'stitch', 'xtulej00', 'gigabeatle', 'misoo9005', 'zoidbee', 'jtomko', 'xdrbal04', 'trinom', 'bradacjosef', 'dyna', 'xchmel18', 'tomshon', 'kiwon']",31,"['skutchi', 'dejvid', 'xhradi12', 'kyselevajco', 'stitch', 'xtulej00', 'misoo9005', 'microo', 'xcucka00', 'jtomko', 'chra', 'xdrbal04', 'tomshon', 'kiwon', 'jcbob', 'martin.sulc', 'lipa', 'michixxx', 'kubiczek', 'dartblood', 'peca', 'xpavel22', 'xvozda01', None, 'gigabeatle', 'xkiska00', 'zoidbee', 'bradacjosef', 'dyna', 'xchmel18', 'trinom']"
80,211,7,20,6,"['martin.sulc', 'lipa', 'xkiska00', 'microo', 'xcucka00', 'chra']",0,[],14,"['xpavla01', 'jcbob', 'kubiczek01', 'gigabeatle', 'xpavel22', 'zoidbee', 'jtomko', 'xdzuro01', 'xnovak68', 'xvozda01', 'djelektron89', 'bradacjosef', None, 'zlami']",20,"['xpavla01', 'jcbob', 'martin.sulc', 'lipa', 'xpavel22', 'xvozda01', 'djelektron89', None, 'zlami', 'kubiczek01', 'gigabeatle', 'xkiska00', 'microo', 'xcucka00', 'zoidbee', 'jtomko', 'chra', 'xdzuro01', 'xnovak68', 'bradacjosef']"
81,109,7,9,6,"['jmercado90', 'mmoli005', 'jagua004', 'redneck14', 'vsevi001', 'stran020']",0,[],3,"['mmark001', None, 'ggraj001']",9,"['mmark001', 'mmoli005', 'jmercado90', 'jagua004', 'redneck14', 'ggraj001', None, 'vsevi001', 'stran020']"
82,224,7,11,6,"['icar', 'ayujin78', '5nerburi', 'kabolis', 'ericthibodeau', 'oopsy89']",0,[],5,"['tony_fan', 'kbevan', 'vander', None, 'bandarm']",11,"['tony_fan', 'ericthibodeau', 'oopsy89', None, 'icar', 'ayujin78', '5nerburi', 'kbevan', 'vander', 'kabolis', 'bandarm']"
86,243,7,58,4,"['mkane', 'mdevoe', 'raclark93', 'jkchen']",2,"['vchia', 'efodor']",54,"['dlizardo', 'sulewski.4', 'michaeltita', 'rabinowitzc', 'djbenzene', 'collin.whitt.9', 'schultz369', 'corysaige', 'generalgumby', 'kchakara', 'eduardo.calzadilla.5', 'brese.1', 'zhang.2373', 'jdlok', 'middleton110', 'jtzhang', 'ldbobbio', 'ugboh_c1', 'riker.10', 'adamgibs', 'saturdaynightlefever', 'elomeli', 'wangxihilary2010', 'mrwheeler1776', 'tsahlin', 'psommer1', 'li1466', 'chowdhury.39', 'jenkeller10', 'jthoms123', 'hinzman.3', 'megan.malara', 'sush4309', 'apontec117', 'petiepiranha', 'monkeymutant90', 'jenniferselvidge', 'jaburgos6', 'mpan1218', None, 'cotcasek', 'burgersvectors4days', 'ritchie.77', 'andyzhang90', 'ecourtad', 'jherring', 'wellschels', 'schick.46', 'dweber324', 'kalinich', 'phantombullet', 'rgrote7', 'sean.mills.7524', 'peerless']",60,"['dlizardo', 'djbenzene', 'schultz369', 'corysaige', 'generalgumby', 'kchakara', 'eduardo.calzadilla.5', 'brese.1', 'jdlok', 'middleton110', 'ldbobbio', 'adamgibs', 'vchia', 'wangxihilary2010', 'mrwheeler1776', 'tsahlin', 'psommer1', 'li1466', 'hinzman.3', 'sush4309', 'apontec117', 'jenniferselvidge', 'mpan1218', 'cotcasek', 'wellschels', 'schick.46', 'kalinich', 'sean.mills.7524', 'peerless', 'sulewski.4', 'michaeltita', 'mdevoe', 'rabinowitzc', 'collin.whitt.9', 'zhang.2373', 'jtzhang', 'raclark93', 'ugboh_c1', 'riker.10', 'jkchen', 'saturdaynightlefever', 'elomeli', 'jenkeller10', 'chowdhury.39', 'jthoms123', 'megan.malara', 'mkane', 'efodor', 'petiepiranha', 'monkeymutant90', 'jaburgos6', None, 'burgersvectors4days', 'ritchie.77', 'andyzhang90', 'ecourtad', 'jherring', 'dweber324', 'phantombullet', 'rgrote7']"
86,73,7,34,2,"['vchia', 'raclark93']",4,"['jkchen', 'mkane', 'mdevoe', 'efodor']",32,"['allanb91', 'buehler', 'tgiesa', 'kmatsu', 'kchakara', 'tundealawode', 'akn', 'msw1293', 'skamtue', 'jtzhang', 'ldbobbio', 'kdoolit', 'elomeli', 'dhynb', 'mwburr', 'qinzhao', 'petiepiranha', 'jenniferselvidge', 'jaburgos6', 'mpan1218', 'waelalghamdi', 'jtriley', None, 'ctyzhang', 'tshiamo10333', 'ncoronas', 'minhdinh', 'everhart', 'rjpjr', 'jherring', 'eperry4', 'yekhalaf']",38,"['allanb91', 'buehler', 'mdevoe', 'tgiesa', 'kmatsu', 'kchakara', 'tundealawode', 'akn', 'msw1293', 'skamtue', 'raclark93', 'jtzhang', 'ldbobbio', 'kdoolit', 'jkchen', 'vchia', 'elomeli', 'dhynb', 'mwburr', 'qinzhao', 'mkane', 'efodor', 'petiepiranha', 'jenniferselvidge', 'jaburgos6', 'mpan1218', 'waelalghamdi', 'jtriley', None, 'ctyzhang', 'tshiamo10333', 'ncoronas', 'minhdinh', 'everhart', 'rjpjr', 'jherring', 'eperry4', 'yekhalaf']"
86,242,7,26,3,"['vchia', 'raclark93', 'efodor']",3,"['mkane', 'mdevoe', 'jkchen']",23,"['kmatsu', 'jgrossman', 'jschein', 'tundealawode', 'skamtue', 'ldbobbio', 'dhynb', 'qinzhao', 'apontec117', 'petiepiranha', 'jenniferselvidge', None, 'mpan1218', 'waelalghamdi', 'ctyzhang', 'tshiamo10333', 'tshiamo333', 'minhdinh', 'ncoronas', 'everhart', 'rjpjr', 'eperry4', 'yekhalaf']",29,"['mdevoe', 'kmatsu', 'jgrossman', 'jschein', 'tundealawode', 'skamtue', 'raclark93', 'ldbobbio', 'jkchen', 'vchia', 'dhynb', 'qinzhao', 'mkane', 'efodor', 'apontec117', 'petiepiranha', 'jenniferselvidge', None, 'waelalghamdi', 'mpan1218', 'ctyzhang', 'tshiamo10333', 'tshiamo333', 'minhdinh', 'ncoronas', 'everhart', 'rjpjr', 'eperry4', 'yekhalaf']"
86,245,7,25,2,"['vchia', 'raclark93']",4,"['jkchen', 'mkane', 'mdevoe', 'efodor']",23,"['allanb91', 'kmatsu', 'kchakara', 'jgrossman', 'ajaved', 'tundealawode', 'jschein', 'ldbobbio', 'elomeli', 'dhynb', 'qinzhao', 'petiepiranha', 'jenniferselvidge', None, 'mpan1218', 'ctyzhang', 'tshiamo10333', 'ncoronas', 'minhdinh', 'everhart', 'jherring', 'eperry4', 'kalinich']",29,"['allanb91', 'qinzhao', 'mkane', 'mdevoe', 'efodor', 'petiepiranha', 'jenniferselvidge', 'kmatsu', None, 'mpan1218', 'jgrossman', 'kchakara', 'ajaved', 'ctyzhang', 'tundealawode', 'jschein', 'tshiamo10333', 'ncoronas', 'minhdinh', 'everhart', 'jherring', 'eperry4', 'raclark93', 'ldbobbio', 'kalinich', 'jkchen', 'vchia', 'elomeli', 'dhynb']"
86,74,7,24,5,"['mkane', 'mdevoe', 'raclark93', 'efodor', 'jkchen']",1,['vchia'],19,"['dlizardo', 'kmatsu', 'kchakara', 'ajaved', 'clwu', 'msw1293', 'jtzhang', 'skamtue', 'ldbobbio', 'ugboh_c1', 'elomeli', 'apontec117', 'petiepiranha', 'jaburgos6', None, 'mpan1218', 'everhart', 'jherring', 'kalinich']",25,"['dlizardo', 'mkane', 'mdevoe', 'efodor', 'apontec117', 'petiepiranha', 'kmatsu', None, 'jaburgos6', 'mpan1218', 'kchakara', 'ajaved', 'everhart', 'clwu', 'msw1293', 'jtzhang', 'raclark93', 'skamtue', 'jherring', 'ldbobbio', 'ugboh_c1', 'kalinich', 'jkchen', 'vchia', 'elomeli']"
86,230,7,21,2,"['vchia', 'jkchen']",4,"['mkane', 'mdevoe', 'raclark93', 'efodor']",19,"['tundealawode', 'jtzhang', 'skamtue', 'elomeli', 'dhynb', 'qinzhao', 'jenniferselvidge', None, 'jaburgos6', 'waelalghamdi', 'ctyzhang', 'tshiamo10333', 'ncoronas', 'minhdinh', 'everhart', 'rjpjr', 'jherring', 'eperry4', 'kalinich']",25,"['qinzhao', 'mkane', 'mdevoe', 'efodor', 'jenniferselvidge', 'jaburgos6', None, 'waelalghamdi', 'ctyzhang', 'tundealawode', 'tshiamo10333', 'ncoronas', 'minhdinh', 'everhart', 'rjpjr', 'jherring', 'skamtue', 'raclark93', 'jtzhang', 'eperry4', 'kalinich', 'jkchen', 'vchia', 'elomeli', 'dhynb']"
86,231,7,17,4,"['mkane', 'mdevoe', 'raclark93', 'jkchen']",2,"['vchia', 'efodor']",13,"['ajaved', None, 'dlizardo', 'jherring', 'jtzhang', 'ldbobbio', 'apontec117', 'petiepiranha', 'ugboh_c1', 'kalinich', 'jaburgos6', 'mpan1218', 'kchakara']",19,"['dlizardo', 'mkane', 'mdevoe', 'efodor', 'apontec117', 'petiepiranha', 'jaburgos6', None, 'mpan1218', 'kchakara', 'ajaved', 'jherring', 'jtzhang', 'raclark93', 'ldbobbio', 'ugboh_c1', 'kalinich', 'jkchen', 'vchia']"
86,232,7,17,1,['vchia'],5,"['mkane', 'mdevoe', 'raclark93', 'efodor', 'jkchen']",16,"['ctyzhang', 'tundealawode', 'qinzhao', 'tshiamo10333', 'minhdinh', 'jschein', 'ncoronas', 'everhart', 'rjpjr', 'jherring', None, 'kmatsu', 'jenniferselvidge', 'elomeli', 'dhynb', 'waelalghamdi']",22,"['qinzhao', 'mkane', 'mdevoe', 'efodor', 'jenniferselvidge', 'kmatsu', None, 'waelalghamdi', 'tshiamo10333', 'tundealawode', 'ctyzhang', 'minhdinh', 'jschein', 'ncoronas', 'everhart', 'rjpjr', 'jherring', 'raclark93', 'jkchen', 'vchia', 'elomeli', 'dhynb']"
86,244,7,17,4,"['mkane', 'mdevoe', 'raclark93', 'jkchen']",2,"['vchia', 'efodor']",13,"['ajaved', None, 'dlizardo', 'jherring', 'jtzhang', 'ldbobbio', 'apontec117', 'petiepiranha', 'ugboh_c1', 'kalinich', 'kmatsu', 'jaburgos6', 'mpan1218']",19,"['dlizardo', 'mkane', 'mdevoe', 'efodor', 'apontec117', 'petiepiranha', 'kmatsu', 'jaburgos6', None, 'mpan1218', 'ajaved', 'jherring', 'jtzhang', 'raclark93', 'ldbobbio', 'ugboh_c1', 'kalinich', 'jkchen', 'vchia']"
86,43,7,16,5,"['mkane', 'mdevoe', 'raclark93', 'efodor', 'jkchen']",1,['vchia'],11,"[None, 'dlizardo', 'jherring', 'jtzhang', 'skamtue', 'ldbobbio', 'apontec117', 'petiepiranha', 'jenniferselvidge', 'jaburgos6', 'mpan1218']",17,"['dlizardo', 'mkane', 'mdevoe', 'efodor', 'apontec117', 'petiepiranha', 'jenniferselvidge', 'jaburgos6', None, 'mpan1218', 'jherring', 'jtzhang', 'raclark93', 'skamtue', 'ldbobbio', 'jkchen', 'vchia']"
86,229,7,15,5,"['mkane', 'mdevoe', 'raclark93', 'efodor', 'jkchen']",1,['vchia'],10,"['ajaved', 'msw1293', 'ldbobbio', 'ugboh_c1', 'apontec117', 'kalinich', 'kmatsu', None, 'mpan1218', 'kchakara']",16,"['mkane', 'mdevoe', 'efodor', 'apontec117', 'kmatsu', None, 'mpan1218', 'kchakara', 'ajaved', 'msw1293', 'raclark93', 'ldbobbio', 'ugboh_c1', 'kalinich', 'jkchen', 'vchia']"
86,233,7,15,5,"['mkane', 'mdevoe', 'raclark93', 'efodor', 'jkchen']",1,['vchia'],10,"['ajaved', None, 'dlizardo', 'jtzhang', 'skamtue', 'ldbobbio', 'apontec117', 'petiepiranha', 'jaburgos6', 'mpan1218']",16,"['dlizardo', 'mkane', 'mdevoe', 'efodor', 'apontec117', 'petiepiranha', 'jaburgos6', None, 'mpan1218', 'ajaved', 'jtzhang', 'raclark93', 'skamtue', 'ldbobbio', 'jkchen', 'vchia']"
86,246,7,14,4,"['jkchen', 'mkane', 'mdevoe', 'efodor']",2,"['vchia', 'raclark93']",10,"['ajaved', None, 'dlizardo', 'jtzhang', 'ugboh_c1', 'apontec117', 'petiepiranha', 'jenniferselvidge', 'jaburgos6', 'mpan1218']",16,"['dlizardo', 'mkane', 'mdevoe', 'efodor', 'apontec117', 'petiepiranha', 'jenniferselvidge', 'jaburgos6', None, 'mpan1218', 'ajaved', 'jtzhang', 'raclark93', 'ugboh_c1', 'jkchen', 'vchia']"
86,228,7,12,1,['vchia'],5,"['mkane', 'mdevoe', 'raclark93', 'efodor', 'jkchen']",11,"['ctyzhang', 'tundealawode', 'ncoronas', 'minhdinh', 'tshiamo10333', 'clwu', None, 'rjpjr', 'skamtue', 'dhynb', 'jaburgos6']",17,"['mkane', 'mdevoe', 'efodor', 'jaburgos6', None, 'ctyzhang', 'tundealawode', 'ncoronas', 'minhdinh', 'tshiamo10333', 'clwu', 'rjpjr', 'skamtue', 'raclark93', 'jkchen', 'vchia', 'dhynb']"
86,226,7,11,4,"['mkane', 'jkchen', 'raclark93', 'efodor']",2,"['vchia', 'mdevoe']",7,"['ajaved', None, 'dlizardo', 'jtzhang', 'apontec117', 'jaburgos6', 'mpan1218']",13,"['dlizardo', 'mkane', 'mdevoe', 'efodor', 'apontec117', 'jaburgos6', None, 'mpan1218', 'ajaved', 'jtzhang', 'raclark93', 'jkchen', 'vchia']"
86,25,7,8,1,['vchia'],5,"['mkane', 'mdevoe', 'raclark93', 'efodor', 'jkchen']",7,"['qinzhao', 'everhart', 'minhdinh', 'eperry4', 'kalinich', 'elomeli', None]",13,"['qinzhao', 'everhart', 'minhdinh', 'mkane', 'mdevoe', 'raclark93', 'efodor', 'eperry4', 'kalinich', 'jkchen', 'vchia', 'elomeli', None]"
86,225,7,7,1,['vchia'],5,"['mkane', 'mdevoe', 'raclark93', 'efodor', 'jkchen']",6,"['ctyzhang', 'everhart', 'minhdinh', 'kalinich', 'dhynb', None]",12,"['ctyzhang', 'everhart', 'minhdinh', 'mkane', 'mdevoe', 'raclark93', 'efodor', 'kalinich', 'jkchen', 'dhynb', 'vchia', None]"
86,44,7,6,1,['vchia'],5,"['mkane', 'mdevoe', 'raclark93', 'efodor', 'jkchen']",5,"[None, 'everhart', 'minhdinh', 'ncoronas', 'dhynb']",11,"['everhart', 'minhdinh', 'ncoronas', 'mkane', 'mdevoe', 'raclark93', 'efodor', 'jkchen', 'dhynb', 'vchia', None]"
86,45,7,6,1,['vchia'],5,"['mkane', 'mdevoe', 'raclark93', 'efodor', 'jkchen']",5,"[None, 'everhart', 'minhdinh', 'ncoronas', 'dhynb']",11,"['everhart', 'minhdinh', 'ncoronas', 'mkane', 'mdevoe', 'raclark93', 'efodor', 'jkchen', 'dhynb', 'vchia', None]"
86,46,7,6,1,['vchia'],5,"['mkane', 'mdevoe', 'raclark93', 'efodor', 'jkchen']",5,"[None, 'ncoronas', 'rjpjr', 'kmatsu', 'dhynb']",11,"['ncoronas', 'mkane', 'rjpjr', 'mdevoe', 'raclark93', 'efodor', 'jkchen', 'dhynb', 'vchia', 'kmatsu', None]"
89,41,7,32,3,"['asdfg', 'zarate3040', 'vojtechsv03']",3,"['scmarney', 'davidnietosimavilla', 'bhunter47']",29,"['zrzavymartin', 'patrik111', 'raninec', 'jakubonderka', 'kolzig', 'xpalta00', 'maruna', 'zlami', 'kycera', 'jerrys', 'hamos', 'premet', 'chra', 'andrejtt', 'lupo112', 'xmusal01', 'xmarty', 'd.petrasek', 'hjumanik', 'xrezny00', 'marekpinkava', 'xkorch00', 'p6z2d2', 'xkulik02', 'pajito159', None, 'ienemyi', 'xtrukh00', 'stanek20']",35,"['scmarney', 'asdfg', 'zrzavymartin', 'patrik111', 'raninec', 'jakubonderka', 'kolzig', 'xpalta00', 'bhunter47', 'maruna', 'zlami', 'kycera', 'jerrys', 'hamos', 'premet', 'chra', 'andrejtt', 'lupo112', 'zarate3040', 'xmusal01', 'xmarty', 'd.petrasek', 'hjumanik', 'xrezny00', 'marekpinkava', 'xkorch00', 'p6z2d2', 'xkulik02', 'pajito159', None, 'ienemyi', 'vojtechsv03', 'xtrukh00', 'davidnietosimavilla', 'stanek20']"
92,49,7,54,4,"['kegans801', 'jasonkam', 'weiasian', 'jmlambe2']",2,"['e23co14', 'lskim1']",50,"['jaimealanram', 'catterrell', 'flemingkyler', 'jakekriston', 'amyjoemary2013', 'akstempl', 'thealmightycj', 'munir1992', 'bschmelt', 'jasmit30', 'agsmith6', 'kdevries', 'asmith150', 'apop2', 'jlabani', 'ferry', 'chris8302', 'adsmit25', 'tylerwanderson', 'jestfan08', 'mnokada', 'berserked', 'groxboro', 'egutier4', 'dmarque2', 'jakekriston1', 'gchen32', 'elvnm88061', 'mcchadmc', 'oreotime', 'xtyxty', 'loregram', None, 'cedarj27', 'bdowd', 'rpatchin', 'nnogales', 'venkateshgadela1990', 'aaltenai', 'duh1177', 'jrkrawcz', 'safreita', 'samart19', 'asarwari', 'cjbierwa', 'atpolson', 'lledgerw', 'meugenis', 'tkooiman', 'tazznuva']",56,"['jaimealanram', 'catterrell', 'flemingkyler', 'jakekriston', 'lskim1', 'jasonkam', 'weiasian', 'amyjoemary2013', 'akstempl', 'thealmightycj', 'munir1992', 'bschmelt', 'jasmit30', 'kegans801', 'agsmith6', 'kdevries', 'asmith150', 'apop2', 'jlabani', 'ferry', 'chris8302', 'adsmit25', 'tylerwanderson', 'jestfan08', 'mnokada', 'berserked', 'groxboro', 'egutier4', 'dmarque2', 'jakekriston1', 'gchen32', 'elvnm88061', 'e23co14', 'mcchadmc', 'oreotime', 'xtyxty', 'loregram', None, 'cedarj27', 'bdowd', 'rpatchin', 'nnogales', 'venkateshgadela1990', 'aaltenai', 'duh1177', 'jmlambe2', 'jrkrawcz', 'safreita', 'samart19', 'asarwari', 'cjbierwa', 'atpolson', 'lledgerw', 'meugenis', 'tkooiman', 'tazznuva']"
92,111,7,50,5,"['e23co14', 'jasonkam', 'weiasian', 'jmlambe2', 'kegans801']",1,['lskim1'],45,"['jaimealanram', 'flemingkyler', 'jakekriston', 'oshagyro', 'thealmightycj', 'munir1992', 'bschmelt', 'agsmith6', 'sula10', 'apop2', 'jlabani', 'berserk1102', 'adsmit25', 'tylerwanderson', 'jond', 'mnokada', 'jestfan08', 'berserked', 'groxboro', 'egutier4', 'seansowr', 'dmarque2', 'gchen32', 'elvnm88061', 'oreotime', 'xtyxty', 'loregram', 'peterphile', None, 'cedarj27', 'bdowd', 'rpatchin', 'nnogales', 'aaltenai', 'duh1177', 'akstempl10', 'jrkrawcz', 'safreita', 'samart19', 'asarwari', 'cjbierwa', 'atpolson', 'lledgerw', 'meugenis', 'tazznuva']",51,"['jaimealanram', 'flemingkyler', 'jakekriston', 'oshagyro', 'lskim1', 'jasonkam', 'weiasian', 'thealmightycj', 'munir1992', 'bschmelt', 'kegans801', 'agsmith6', 'sula10', 'apop2', 'jlabani', 'berserk1102', 'adsmit25', 'tylerwanderson', 'jond', 'mnokada', 'jestfan08', 'berserked', 'groxboro', 'egutier4', 'seansowr', 'dmarque2', 'gchen32', 'elvnm88061', 'e23co14', 'oreotime', 'xtyxty', 'loregram', 'peterphile', None, 'cedarj27', 'bdowd', 'rpatchin', 'nnogales', 'aaltenai', 'duh1177', 'akstempl10', 'jmlambe2', 'jrkrawcz', 'safreita', 'samart19', 'asarwari', 'cjbierwa', 'atpolson', 'lledgerw', 'meugenis', 'tazznuva']"
92,31,7,48,4,"['kegans801', 'jasonkam', 'weiasian', 'jmlambe2']",2,"['e23co14', 'lskim1']",44,"['jaimealanram', 'flemingkyler', 'jakekriston', 'oshagyro', 'thealmightycj', 'munir1992', 'bschmelt', 'jasmit30', 'apop2', 'jlabani', 'ferry', 'adsmit25', 'tylerwanderson', 'jond', 'mnokada', 'jestfan08', 'berserked', 'groxboro', 'egutier4', 'seansowr', 'dmarque2', 'gchen32', 'elvnm88061', 'oreotime', 'xtyxty', 'loregram', 'peterphile', None, 'cedarj27', 'agentbob007', 'bdowd', 'nnogales', 'aaltenai', 'duh1177', 'akstempl10', 'jrkrawcz', 'safreita', 'samart19', 'asarwari', 'cjbierwa', 'lledgerw', 'meugenis', 'tkooiman', 'tazznuva']",50,"['jaimealanram', 'flemingkyler', 'jakekriston', 'oshagyro', 'lskim1', 'jasonkam', 'weiasian', 'thealmightycj', 'munir1992', 'bschmelt', 'jasmit30', 'kegans801', 'apop2', 'jlabani', 'ferry', 'adsmit25', 'tylerwanderson', 'jond', 'mnokada', 'jestfan08', 'berserked', 'groxboro', 'egutier4', 'seansowr', 'dmarque2', 'gchen32', 'elvnm88061', 'e23co14', 'oreotime', 'xtyxty', 'loregram', 'peterphile', None, 'cedarj27', 'agentbob007', 'bdowd', 'nnogales', 'aaltenai', 'duh1177', 'akstempl10', 'jmlambe2', 'jrkrawcz', 'safreita', 'samart19', 'asarwari', 'cjbierwa', 'lledgerw', 'meugenis', 'tkooiman', 'tazznuva']"
92,128,7,48,6,"['lskim1', 'e23co14', 'jasonkam', 'weiasian', 'jmlambe2', 'kegans801']",0,[],42,"['jaimealanram', 'flemingkyler', 'jakekriston', 'asustudent', 'thealmightycj', 'munir1992', 'bschmelt', 'jasmit30', 'agsmith6', 'apop2', 'jlabani', 'ferry', 'adsmit25', 'tylerwanderson', 'jond', 'mnokada', 'jestfan08', 'berserked', 'groxboro', 'egutier4', 'seansowr', 'dmarque2', 'gchen32', 'elvnm88061', 'mcchadmc', 'oreotime', 'xtyxty', 'loregram', 'peterphile', None, 'cedarj27', 'bdowd', 'rpatchin', 'aaltenai', 'akstempl10', 'jrkrawcz', 'safreita', 'samart19', 'asarwari', 'atpolson', 'meugenis', 'tazznuva']",48,"['jaimealanram', 'flemingkyler', 'jakekriston', 'lskim1', 'asustudent', 'jasonkam', 'weiasian', 'thealmightycj', 'munir1992', 'bschmelt', 'jasmit30', 'kegans801', 'agsmith6', 'apop2', 'jlabani', 'ferry', 'adsmit25', 'tylerwanderson', 'jond', 'mnokada', 'jestfan08', 'berserked', 'groxboro', 'egutier4', 'seansowr', 'dmarque2', 'gchen32', 'elvnm88061', 'e23co14', 'mcchadmc', 'oreotime', 'xtyxty', 'loregram', 'peterphile', None, 'cedarj27', 'bdowd', 'rpatchin', 'aaltenai', 'akstempl10', 'jmlambe2', 'jrkrawcz', 'safreita', 'samart19', 'asarwari', 'atpolson', 'meugenis', 'tazznuva']"
92,192,7,47,6,"['lskim1', 'e23co14', 'jasonkam', 'weiasian', 'jmlambe2', 'kegans801']",0,[],41,"['jaimealanram', 'flemingkyler', 'oshagyro', 'amanda_carlson', 'thealmightycj', 'munir1992', 'bschmelt', 'agsmith6', 'apop2', 'jlabani', 'ferry', 'adsmit25', 'tylerwanderson', 'jestfan08', 'mnokada', 'berserked', 'jond', 'groxboro', 'egutier4', 'seansowr', 'dmarque2', 'gchen32', 'elvnm88061', 'mcchadmc', 'oreotime', 'xtyxty', 'loregram', 'peterphile', None, 'cedarj27', 'rpatchin', 'aaltenai', 'akstempl10', 'jrkrawcz', 'safreita', 'samart19', 'asarwari', 'cjbierwa', 'atpolson', 'meugenis', 'tazznuva']",47,"['jaimealanram', 'flemingkyler', 'oshagyro', 'lskim1', 'jasonkam', 'weiasian', 'amanda_carlson', 'thealmightycj', 'munir1992', 'bschmelt', 'kegans801', 'agsmith6', 'apop2', 'jlabani', 'ferry', 'adsmit25', 'tylerwanderson', 'jestfan08', 'mnokada', 'berserked', 'jond', 'groxboro', 'egutier4', 'seansowr', 'dmarque2', 'gchen32', 'elvnm88061', 'e23co14', 'mcchadmc', 'oreotime', 'xtyxty', 'loregram', 'peterphile', None, 'cedarj27', 'rpatchin', 'aaltenai', 'akstempl10', 'jmlambe2', 'jrkrawcz', 'safreita', 'samart19', 'asarwari', 'cjbierwa', 'atpolson', 'meugenis', 'tazznuva']"
92,99,7,45,5,"['lskim1', 'jasonkam', 'weiasian', 'jmlambe2', 'kegans801']",1,['e23co14'],40,"['jaimealanram', 'flemingkyler', 'jakekriston', 'oshagyro', 'thealmightycj', 'munir1992', 'bschmelt', 'jasmit30', 'sula10', 'apop2', 'jlabani', 'adsmit25', 'tylerwanderson', 'jestfan08', 'mnokada', 'jond', 'groxboro', 'egutier4', 'seansowr', 'dmarque2', 'gchen32', 'oreotime', 'xtyxty', 'loregram', None, 'cedarj27', 'bdowd', 'rpatchin', 'nnogales', 'aaltenai', 'duh1177', 'akstempl10', 'jrkrawcz', 'safreita', 'samart19', 'asarwari', 'cjbierwa', 'atpolson', 'meugenis', 'tazznuva']",46,"['jaimealanram', 'flemingkyler', 'jakekriston', 'oshagyro', 'lskim1', 'jasonkam', 'weiasian', 'thealmightycj', 'munir1992', 'bschmelt', 'jasmit30', 'kegans801', 'sula10', 'apop2', 'jlabani', 'adsmit25', 'tylerwanderson', 'jestfan08', 'mnokada', 'jond', 'groxboro', 'egutier4', 'seansowr', 'dmarque2', 'gchen32', 'e23co14', 'oreotime', 'xtyxty', 'loregram', None, 'cedarj27', 'bdowd', 'rpatchin', 'nnogales', 'aaltenai', 'duh1177', 'akstempl10', 'jmlambe2', 'jrkrawcz', 'safreita', 'samart19', 'asarwari', 'cjbierwa', 'atpolson', 'meugenis', 'tazznuva']"
92,72,7,42,4,"['kegans801', 'jasonkam', 'weiasian', 'jmlambe2']",2,"['e23co14', 'lskim1']",38,"['jaimealanram', 'flemingkyler', 'jakekriston', 'thealmightycj', 'munir1992', 'bschmelt', 'agsmith6', 'apop2', 'jlabani', 'adsmit25', 'tylerwanderson', 'jestfan08', 'mnokada', 'berserked', 'jond', 'egutier4', 'seansowr', 'dmarque2', 'gchen32', 'elvnm88061', 'mcchadmc', 'oreotime', 'xtyxty', 'loregram', 'peterphile', None, 'cedarj27', 'bdowd', 'rpatchin', 'aaltenai', 'duh1177', 'jrkrawcz', 'safreita', 'samart19', 'asarwari', 'cjbierwa', 'atpolson', 'meugenis']",44,"['jaimealanram', 'flemingkyler', 'jakekriston', 'lskim1', 'jasonkam', 'weiasian', 'thealmightycj', 'munir1992', 'bschmelt', 'kegans801', 'agsmith6', 'apop2', 'jlabani', 'adsmit25', 'tylerwanderson', 'jestfan08', 'mnokada', 'berserked', 'jond', 'egutier4', 'seansowr', 'dmarque2', 'gchen32', 'elvnm88061', 'e23co14', 'mcchadmc', 'oreotime', 'xtyxty', 'loregram', 'peterphile', None, 'cedarj27', 'bdowd', 'rpatchin', 'aaltenai', 'duh1177', 'jmlambe2', 'jrkrawcz', 'safreita', 'samart19', 'asarwari', 'cjbierwa', 'atpolson', 'meugenis']"
92,135,7,42,4,"['kegans801', 'jasonkam', 'weiasian', 'lskim1']",2,"['e23co14', 'jmlambe2']",38,"['jaimealanram', 'flemingkyler', 'jakekriston', 'thealmightycj', 'munir1992', 'bschmelt', 'jasmit30', 'sula10', 'apop2', 'berserk1102', 'jlabani', 'adsmit25', 'tylerwanderson', 'jestfan08', 'mnokada', 'berserked', 'jond', 'egutier4', 'dmarque2', 'gchen32', 'elvnm88061', 'mcchadmc', 'oreotime', 'loregram', 'peterphile', None, 'cedarj27', 'bdowd', 'rpatchin', 'aaltenai', 'akstempl10', 'jrkrawcz', 'safreita', 'samart19', 'asarwari', 'cjbierwa', 'atpolson', 'meugenis']",44,"['jaimealanram', 'flemingkyler', 'jakekriston', 'lskim1', 'jasonkam', 'weiasian', 'thealmightycj', 'munir1992', 'bschmelt', 'jasmit30', 'kegans801', 'sula10', 'apop2', 'berserk1102', 'jlabani', 'adsmit25', 'tylerwanderson', 'jestfan08', 'mnokada', 'berserked', 'jond', 'egutier4', 'dmarque2', 'gchen32', 'elvnm88061', 'e23co14', 'mcchadmc', 'oreotime', 'loregram', 'peterphile', None, 'cedarj27', 'bdowd', 'rpatchin', 'aaltenai', 'akstempl10', 'jmlambe2', 'jrkrawcz', 'safreita', 'samart19', 'asarwari', 'cjbierwa', 'atpolson', 'meugenis']"
92,173,7,41,4,"['kegans801', 'jasonkam', 'weiasian', 'lskim1']",2,"['e23co14', 'jmlambe2']",37,"['jaimealanram', 'flemingkyler', 'jakekriston', 'thealmightycj', 'munir1992', 'bschmelt', 'jasmit30', 'apop2', 'berserk1102', 'jlabani', 'adsmit25', 'tylerwanderson', 'jestfan08', 'mnokada', 'berserked', 'jond', 'egutier4', 'dmarque2', 'gchen32', 'elvnm88061', 'oreotime', 'loregram', 'peterphile', None, 'cedarj27', 'bdowd', 'rpatchin', 'nnogales', 'aaltenai', 'akstempl10', 'jrkrawcz', 'safreita', 'samart19', 'asarwari', 'cjbierwa', 'atpolson', 'meugenis']",43,"['jaimealanram', 'flemingkyler', 'jakekriston', 'lskim1', 'jasonkam', 'weiasian', 'thealmightycj', 'munir1992', 'bschmelt', 'jasmit30', 'kegans801', 'apop2', 'berserk1102', 'jlabani', 'adsmit25', 'tylerwanderson', 'jestfan08', 'mnokada', 'berserked', 'jond', 'egutier4', 'dmarque2', 'gchen32', 'elvnm88061', 'e23co14', 'oreotime', 'loregram', 'peterphile', None, 'cedarj27', 'bdowd', 'rpatchin', 'nnogales', 'aaltenai', 'akstempl10', 'jmlambe2', 'jrkrawcz', 'safreita', 'samart19', 'asarwari', 'cjbierwa', 'atpolson', 'meugenis']"
92,12,7,31,5,"['lskim1', 'jasonkam', 'weiasian', 'jmlambe2', 'kegans801']",1,['e23co14'],26,"['flemingkyler', 'elvnm88061', 'mcchadmc', 'oreotime', 'xtyxty', 'loregram', 'peterphile', None, 'cedarj27', 'bdowd', 'aaltenai', 'apop2', 'jlabani', 'duh1177', 'adsmit25', 'jrkrawcz', 'tylerwanderson', 'safreita', 'samart19', 'jestfan08', 'mnokada', 'berserked', 'cjbierwa', 'groxboro', 'atpolson', 'seansowr']",32,"['flemingkyler', 'lskim1', 'jasonkam', 'weiasian', 'kegans801', 'apop2', 'jlabani', 'adsmit25', 'tylerwanderson', 'jestfan08', 'mnokada', 'berserked', 'groxboro', 'seansowr', 'elvnm88061', 'e23co14', 'mcchadmc', 'oreotime', 'xtyxty', 'loregram', 'peterphile', None, 'cedarj27', 'bdowd', 'aaltenai', 'duh1177', 'jmlambe2', 'jrkrawcz', 'safreita', 'samart19', 'cjbierwa', 'atpolson']"
92,167,7,31,3,"['kegans801', 'jasonkam', 'weiasian']",3,"['e23co14', 'jmlambe2', 'lskim1']",28,"['dmarque2', 'jaimealanram', 'flemingkyler', 'jakekriston', 'gchen32', 'oreotime', 'loregram', 'thealmightycj', 'munir1992', 'bschmelt', 'jasmit30', None, 'cedarj27', 'rpatchin', 'nnogales', 'apop2', 'adsmit25', 'akstempl10', 'jrkrawcz', 'safreita', 'samart19', 'jond', 'asarwari', 'cjbierwa', 'groxboro', 'egutier4', 'atpolson', 'lledgerw']",34,"['jaimealanram', 'flemingkyler', 'jakekriston', 'lskim1', 'jasonkam', 'weiasian', 'thealmightycj', 'munir1992', 'bschmelt', 'jasmit30', 'kegans801', 'apop2', 'adsmit25', 'jond', 'groxboro', 'egutier4', 'dmarque2', 'gchen32', 'e23co14', 'oreotime', 'loregram', None, 'cedarj27', 'rpatchin', 'nnogales', 'akstempl10', 'jmlambe2', 'jrkrawcz', 'safreita', 'samart19', 'asarwari', 'cjbierwa', 'atpolson', 'lledgerw']"
92,11,7,30,4,"['kegans801', 'jasonkam', 'weiasian', 'jmlambe2']",2,"['e23co14', 'lskim1']",26,"['catterrell', 'elvnm88061', 'oreotime', 'loregram', 'munir1992', 'jasmit30', None, 'cedarj27', 'bdowd', 'sula10', 'aaltenai', 'apop2', 'jlabani', 'ferry', 'adsmit25', 'jrkrawcz', 'tylerwanderson', 'safreita', 'samart19', 'jestfan08', 'mnokada', 'berserked', 'cjbierwa', 'groxboro', 'atpolson', 'seansowr']",32,"['catterrell', 'lskim1', 'jasonkam', 'weiasian', 'munir1992', 'jasmit30', 'kegans801', 'sula10', 'apop2', 'jlabani', 'ferry', 'adsmit25', 'tylerwanderson', 'jestfan08', 'mnokada', 'berserked', 'groxboro', 'seansowr', 'elvnm88061', 'e23co14', 'oreotime', 'loregram', None, 'cedarj27', 'bdowd', 'aaltenai', 'jmlambe2', 'jrkrawcz', 'safreita', 'samart19', 'cjbierwa', 'atpolson']"
92,10,7,27,4,"['kegans801', 'jasonkam', 'weiasian', 'jmlambe2']",2,"['e23co14', 'lskim1']",23,"['catterrell', 'flemingkyler', 'jasmit30', 'sula10', 'apop2', 'jlabani', 'adsmit25', 'tylerwanderson', 'jestfan08', 'mnokada', 'groxboro', 'seansowr', 'elvnm88061', 'mcchadmc', 'oreotime', 'loregram', None, 'cedarj27', 'bdowd', 'jrkrawcz', 'safreita', 'samart19', 'cjbierwa']",29,"['catterrell', 'flemingkyler', 'lskim1', 'jasonkam', 'weiasian', 'jasmit30', 'kegans801', 'sula10', 'apop2', 'jlabani', 'adsmit25', 'tylerwanderson', 'jestfan08', 'mnokada', 'groxboro', 'seansowr', 'elvnm88061', 'e23co14', 'mcchadmc', 'oreotime', 'loregram', None, 'cedarj27', 'bdowd', 'jmlambe2', 'jrkrawcz', 'safreita', 'samart19', 'cjbierwa']"
92,8,7,25,6,"['lskim1', 'e23co14', 'jasonkam', 'weiasian', 'jmlambe2', 'kegans801']",0,[],19,"['flemingkyler', 'oshagyro', 'amanda_carlson', 'apop2', 'jlabani', 'adsmit25', 'tylerwanderson', 'jestfan08', 'berserked', 'mnokada', 'groxboro', 'elvnm88061', 'mcchadmc', 'xtyxty', 'loregram', None, 'rpatchin', 'cjbierwa', 'atpolson']",25,"['flemingkyler', 'oshagyro', 'lskim1', 'elvnm88061', 'e23co14', 'jasonkam', 'weiasian', 'mcchadmc', 'xtyxty', 'amanda_carlson', 'loregram', 'kegans801', None, 'rpatchin', 'apop2', 'jlabani', 'adsmit25', 'jmlambe2', 'tylerwanderson', 'jestfan08', 'berserked', 'mnokada', 'cjbierwa', 'groxboro', 'atpolson']"
92,170,7,7,1,['jasonkam'],5,"['lskim1', 'e23co14', 'weiasian', 'jmlambe2', 'kegans801']",6,"['flemingkyler', 'nnogales', 'gchen32', 'safreita', 'lledgerw', None]",12,"['flemingkyler', 'nnogales', 'gchen32', 'lskim1', 'e23co14', 'jasonkam', 'weiasian', 'jmlambe2', 'safreita', 'kegans801', 'lledgerw', None]"
93,132,6,44,5,"['stitch', 'michixxx', 'kubiczek', 'trinom', 'tomshon']",0,[],39,"['xpavla01', 'skutchi', 'kamikadze', 'dejvid', 'xpalta00', 'xhradi12', 'djelektron89', 'xvicar02', 'zlami', 'kyselevajco', 'misoo9005', 'microo', 'xcucka00', 'rocker881', 'jtomko', 'chra', 'niokokayuka', 'xnovak68', 'xdrbal04', 'ferill', 'kiwon', 'jcbob', 'martin.sulc', 'xmusal01', 'lipa', 'dartblood', 'peca', 'xpavel22', 'xhorej00', 'vsekaz', 'xvozda01', None, 'liborplucnar', 'gigabeatle', 'xkiska00', 'zoidbee', 'xdzuro01', 'dyna', 'xchmel18']",44,"['xpavla01', 'skutchi', 'kamikadze', 'dejvid', 'xpalta00', 'xhradi12', 'djelektron89', 'xvicar02', 'zlami', 'stitch', 'kyselevajco', 'misoo9005', 'microo', 'xcucka00', 'rocker881', 'jtomko', 'chra', 'niokokayuka', 'xnovak68', 'xdrbal04', 'ferill', 'tomshon', 'kiwon', 'jcbob', 'martin.sulc', 'xmusal01', 'michixxx', 'kubiczek', 'lipa', 'dartblood', 'peca', 'xpavel22', 'xhorej00', 'vsekaz', 'xvozda01', None, 'liborplucnar', 'gigabeatle', 'xkiska00', 'zoidbee', 'xdzuro01', 'dyna', 'xchmel18', 'trinom']"
93,172,6,44,5,"['stitch', 'michixxx', 'kubiczek', 'trinom', 'tomshon']",0,[],39,"['xpavla01', 'skutchi', 'kamikadze', 'dejvid', 'xpalta00', 'xhradi12', 'djelektron89', 'xvicar02', 'zlami', 'kyselevajco', 'misoo9005', 'microo', 'xcucka00', 'rocker881', 'jtomko', 'chra', 'niokokayuka', 'xnovak68', 'xdrbal04', 'ferill', 'kiwon', 'jcbob', 'martin.sulc', 'xmusal01', 'lipa', 'dartblood', 'peca', 'xpavel22', 'xhorej00', 'vsekaz', 'xvozda01', None, 'liborplucnar', 'gigabeatle', 'xkiska00', 'zoidbee', 'xdzuro01', 'dyna', 'xchmel18']",44,"['xpavla01', 'skutchi', 'kamikadze', 'dejvid', 'xpalta00', 'xhradi12', 'djelektron89', 'xvicar02', 'zlami', 'stitch', 'kyselevajco', 'misoo9005', 'microo', 'xcucka00', 'rocker881', 'jtomko', 'chra', 'niokokayuka', 'xnovak68', 'xdrbal04', 'ferill', 'tomshon', 'kiwon', 'jcbob', 'martin.sulc', 'xmusal01', 'michixxx', 'kubiczek', 'lipa', 'dartblood', 'peca', 'xpavel22', 'xhorej00', 'vsekaz', 'xvozda01', None, 'liborplucnar', 'gigabeatle', 'xkiska00', 'zoidbee', 'xdzuro01', 'dyna', 'xchmel18', 'trinom']"
93,40,6,29,5,"['stitch', 'michixxx', 'kubiczek', 'trinom', 'tomshon']",0,[],24,"['jcbob', 'martin.sulc', 'skutchi', 'dartblood', 'peca', 'xpavel22', 'dejvid', 'xhradi12', 'xvozda01', None, 'kyselevajco', 'xtulej00', 'gigabeatle', 'xkiska00', 'misoo9005', 'microo', 'xcucka00', 'zoidbee', 'jtomko', 'xdrbal04', 'bradacjosef', 'dyna', 'xchmel18', 'kiwon']",29,"['skutchi', 'dejvid', 'xhradi12', 'stitch', 'kyselevajco', 'xtulej00', 'misoo9005', 'microo', 'xcucka00', 'jtomko', 'xdrbal04', 'tomshon', 'kiwon', 'jcbob', 'martin.sulc', 'michixxx', 'kubiczek', 'dartblood', 'peca', 'xpavel22', 'xvozda01', None, 'gigabeatle', 'xkiska00', 'zoidbee', 'bradacjosef', 'dyna', 'xchmel18', 'trinom']"
94,132,6,44,4,"['xhradi12', 'peca', 'skutchi', 'kiwon']",1,['jakubonderka'],40,"['xpavla01', 'kamikadze', 'dejvid', 'xpalta00', 'djelektron89', 'xvicar02', 'zlami', 'stitch', 'kyselevajco', 'misoo9005', 'microo', 'xcucka00', 'rocker881', 'jtomko', 'chra', 'niokokayuka', 'xnovak68', 'xdrbal04', 'ferill', 'tomshon', 'jcbob', 'martin.sulc', 'xmusal01', 'lipa', 'michixxx', 'dartblood', 'kubiczek', 'xpavel22', 'xhorej00', 'vsekaz', 'xvozda01', None, 'liborplucnar', 'gigabeatle', 'xkiska00', 'zoidbee', 'xdzuro01', 'dyna', 'xchmel18', 'trinom']",45,"['xpavla01', 'skutchi', 'kamikadze', 'jakubonderka', 'dejvid', 'xpalta00', 'xhradi12', 'djelektron89', 'xvicar02', 'zlami', 'stitch', 'kyselevajco', 'microo', 'xcucka00', 'rocker881', 'jtomko', 'chra', 'niokokayuka', 'xnovak68', 'xdrbal04', 'ferill', 'tomshon', 'kiwon', 'jcbob', 'martin.sulc', 'xmusal01', 'lipa', 'michixxx', 'dartblood', 'kubiczek', 'peca', 'xpavel22', 'xhorej00', 'vsekaz', 'xvozda01', None, 'liborplucnar', 'gigabeatle', 'xkiska00', 'zoidbee', 'xdzuro01', 'trinom', 'dyna', 'xchmel18', 'misoo9005']"
94,172,6,44,4,"['xhradi12', 'peca', 'skutchi', 'kiwon']",1,['jakubonderka'],40,"['xpavla01', 'kamikadze', 'dejvid', 'xpalta00', 'djelektron89', 'xvicar02', 'zlami', 'stitch', 'kyselevajco', 'misoo9005', 'microo', 'xcucka00', 'rocker881', 'jtomko', 'chra', 'niokokayuka', 'xnovak68', 'xdrbal04', 'ferill', 'tomshon', 'jcbob', 'martin.sulc', 'xmusal01', 'lipa', 'michixxx', 'dartblood', 'kubiczek', 'xpavel22', 'xhorej00', 'vsekaz', 'xvozda01', None, 'liborplucnar', 'gigabeatle', 'xkiska00', 'zoidbee', 'xdzuro01', 'dyna', 'xchmel18', 'trinom']",45,"['xpavla01', 'skutchi', 'kamikadze', 'jakubonderka', 'dejvid', 'xpalta00', 'xhradi12', 'djelektron89', 'xvicar02', 'zlami', 'stitch', 'kyselevajco', 'microo', 'xcucka00', 'rocker881', 'jtomko', 'chra', 'niokokayuka', 'xnovak68', 'xdrbal04', 'ferill', 'tomshon', 'kiwon', 'jcbob', 'martin.sulc', 'xmusal01', 'lipa', 'michixxx', 'dartblood', 'kubiczek', 'peca', 'xpavel22', 'xhorej00', 'vsekaz', 'xvozda01', None, 'liborplucnar', 'gigabeatle', 'xkiska00', 'zoidbee', 'xdzuro01', 'trinom', 'dyna', 'xchmel18', 'misoo9005']"
94,207,6,33,1,['jakubonderka'],4,"['xhradi12', 'peca', 'skutchi', 'kiwon']",32,"['zrzavymartin', 'gigabyt', 'kamikadze', 'kolzig', 'ladadada', 'xkrist02', 'maruna', 'kycera', 'aranid', 'jerrys', 'hamos', 'premet', 'andrejtt', 'lupo112', 'ferill', 'xderis00', 'd.petrasek', 'hjumanik', 'xrezny00', 'marekpinkava', 'xhusar03', 'pepson', 'borisbenko', 'juro006', 'xmizer00', 'p6z2d2', 'pajito159', 'xkulik02', None, 'ienemyi', 'xtrukh00', 'stanek20']",37,"['zrzavymartin', 'gigabyt', 'skutchi', 'kamikadze', 'jakubonderka', 'kolzig', 'xhradi12', 'ladadada', 'xkrist02', 'maruna', 'kycera', 'aranid', 'jerrys', 'hamos', 'premet', 'andrejtt', 'lupo112', 'ferill', 'xderis00', 'kiwon', 'd.petrasek', 'hjumanik', 'xrezny00', 'marekpinkava', 'peca', 'xhusar03', 'pepson', 'borisbenko', 'juro006', 'xmizer00', 'p6z2d2', 'pajito159', 'xkulik02', None, 'ienemyi', 'xtrukh00', 'stanek20']"
94,41,6,32,1,['jakubonderka'],4,"['xhradi12', 'peca', 'skutchi', 'kiwon']",31,"['asdfg', 'zrzavymartin', 'patrik111', 'raninec', 'kolzig', 'xpalta00', 'maruna', 'zlami', 'kycera', 'jerrys', 'hamos', 'premet', 'chra', 'andrejtt', 'lupo112', 'zarate3040', 'xmusal01', 'xmarty', 'd.petrasek', 'hjumanik', 'xrezny00', 'marekpinkava', 'xkorch00', 'p6z2d2', 'xkulik02', 'pajito159', None, 'ienemyi', 'vojtechsv03', 'xtrukh00', 'stanek20']",36,"['asdfg', 'zrzavymartin', 'patrik111', 'skutchi', 'jakubonderka', 'raninec', 'kolzig', 'xpalta00', 'xhradi12', 'maruna', 'zlami', 'kycera', 'jerrys', 'hamos', 'premet', 'chra', 'andrejtt', 'lupo112', 'kiwon', 'zarate3040', 'xmusal01', 'xmarty', 'd.petrasek', 'hjumanik', 'xrezny00', 'marekpinkava', 'peca', 'xkorch00', 'p6z2d2', 'xkulik02', 'pajito159', None, 'ienemyi', 'vojtechsv03', 'xtrukh00', 'stanek20']"
94,40,6,29,4,"['xhradi12', 'peca', 'skutchi', 'kiwon']",1,['jakubonderka'],25,"['jcbob', 'martin.sulc', 'michixxx', 'kubiczek', 'dartblood', 'xpavel22', 'dejvid', 'xvozda01', None, 'kyselevajco', 'stitch', 'xtulej00', 'gigabeatle', 'xkiska00', 'misoo9005', 'microo', 'xcucka00', 'zoidbee', 'jtomko', 'xdrbal04', 'trinom', 'bradacjosef', 'dyna', 'xchmel18', 'tomshon']",30,"['skutchi', 'jakubonderka', 'dejvid', 'xhradi12', 'kyselevajco', 'stitch', 'xtulej00', 'misoo9005', 'microo', 'xcucka00', 'jtomko', 'xdrbal04', 'tomshon', 'kiwon', 'jcbob', 'martin.sulc', 'michixxx', 'kubiczek', 'dartblood', 'peca', 'xpavel22', 'xvozda01', None, 'gigabeatle', 'xkiska00', 'zoidbee', 'bradacjosef', 'dyna', 'xchmel18', 'trinom']"
94,133,6,22,1,['jakubonderka'],4,"['xhradi12', 'peca', 'skutchi', 'kiwon']",21,"['zrzavymartin', 'patrik111', 'kolzig', 'ladadada', 'jerrys', 'hamos', 'lupo112', 'andrejtt', 'karin', 'd.petrasek', 'hjumanik', 'marekpinkava', 'xhusar03', 'pepson', 'p6z2d2', 'xkulik02', 'pajito159', None, 'ienemyi', 'xtrukh00', 'stanek20']",26,"['zrzavymartin', 'patrik111', 'skutchi', 'd.petrasek', 'hjumanik', 'jakubonderka', 'marekpinkava', 'peca', 'kolzig', 'lupo112', 'xhusar03', 'xhradi12', 'ladadada', 'pepson', 'p6z2d2', 'xkulik02', 'pajito159', None, 'jerrys', 'hamos', 'ienemyi', 'andrejtt', 'xtrukh00', 'karin', 'stanek20', 'kiwon']"
94,174,6,22,1,['jakubonderka'],4,"['xhradi12', 'peca', 'skutchi', 'kiwon']",21,"['zrzavymartin', 'patrik111', 'kolzig', 'ladadada', 'jerrys', 'hamos', 'lupo112', 'andrejtt', 'karin', 'd.petrasek', 'hjumanik', 'marekpinkava', 'xhusar03', 'pepson', 'p6z2d2', 'xkulik02', 'pajito159', None, 'ienemyi', 'xtrukh00', 'stanek20']",26,"['zrzavymartin', 'patrik111', 'skutchi', 'd.petrasek', 'hjumanik', 'jakubonderka', 'marekpinkava', 'peca', 'kolzig', 'lupo112', 'xhusar03', 'xhradi12', 'ladadada', 'pepson', 'p6z2d2', 'xkulik02', 'pajito159', None, 'jerrys', 'hamos', 'ienemyi', 'andrejtt', 'xtrukh00', 'karin', 'stanek20', 'kiwon']"
94,206,6,19,4,"['xhradi12', 'peca', 'skutchi', 'kiwon']",1,['jakubonderka'],15,"['jcbob', 'xtulej00', 'kamikadze', 'xpavel22', 'rocker881', 'jtomko', 'zoidbee', 'xnovak68', 'xdrbal04', 'xvozda01', 'dyna', None, 'ferill', 'xvicar02', 'zlami']",20,"['jcbob', 'skutchi', 'kamikadze', 'jakubonderka', 'peca', 'xpavel22', 'xhradi12', 'xvozda01', None, 'xvicar02', 'zlami', 'xtulej00', 'rocker881', 'jtomko', 'zoidbee', 'xnovak68', 'xdrbal04', 'dyna', 'ferill', 'kiwon']"
94,213,6,10,3,"['peca', 'skutchi', 'kiwon']",2,"['xhradi12', 'jakubonderka']",7,"['kyselevajco', 'dartblood', 'xhorej00', 'niokokayuka', 'xjuras00', None, 'xvicar02']",12,"['kyselevajco', 'skutchi', 'jakubonderka', 'dartblood', 'peca', 'xhorej00', 'niokokayuka', 'xhradi12', 'xjuras00', None, 'xvicar02', 'kiwon']"
95,23,6,9,1,['tizhong'],4,"['fs3000', 'suyog', 'sachindhariwal16', 'raghuraj']",8,"['smelo', 'infinitexh', 'ajchrist', 'jrudiger', 'sohini', 'minsookim1398', 'amakerr', None]",13,"['smelo', 'infinitexh', 'ajchrist', 'jrudiger', 'sohini', 'minsookim1398', 'raghuraj', 'tizhong', 'suyog', 'amakerr', None, 'sachindhariwal16', 'fs3000']"
98,120,6,11,5,"['i4poaffjwv', 'maheshshastri', 'safiranayaz', 'sathish', 'manjunathsudhakar']",0,[],6,"['veenashree20sun', '0osgxasfzu', 'shruthiganesh1988', 'priyadarshihinimd', None, 'yash1182']",11,"['i4poaffjwv', 'veenashree20sun', '0osgxasfzu', 'shruthiganesh1988', 'sathish', 'priyadarshihinimd', 'manjunathsudhakar', None, 'maheshshastri', 'safiranayaz', 'yash1182']"
99,110,6,13,4,"['facece01', 'kimi2013', 'difeng', 'yifan_2013']",1,['gggfred'],9,"['asif_iqbal', 'tony_fan', 'ueg1990', 'vander', 'nanoe535', 'bouyang', 'burakgurlek', None, 'bandarm']",14,"['asif_iqbal', 'kimi2013', 'tony_fan', 'ueg1990', 'difeng', 'nanoe535', 'bouyang', 'burakgurlek', None, 'gggfred', 'vander', 'yifan_2013', 'facece01', 'bandarm']"
101,9,6,16,2,"['pauladarm', 'fabianinf']",3,"['juand.sanchezo', 'luism.quitianm', 'lucg6035']",14,"['cristianf.limasr', 'pauladrm', 'xxscobyxx', 'jessicazea', 'mariac.molinas', 'jonnathana.vaccar', 'jospina39', 'natop19', 'camila', 'jorgem93', 'dj.2301', 'gloriae.lozanoa', None, 'tatiana.ramirezc']",19,"['juand.sanchezo', 'cristianf.limasr', 'lucg6035', 'xxscobyxx', 'jessicazea', 'mariac.molinas', 'jonnathana.vaccar', 'jospina39', 'natop19', 'gloriae.lozanoa', 'fabianinf', 'luism.quitianm', None, 'pauladarm', 'pauladrm', 'camila', 'jorgem93', 'dj.2301', 'tatiana.ramirezc']"
102,132,6,44,4,"['kyselevajco', 'dartblood', 'xmusal01', 'xhorej00']",1,['patrik111'],40,"['xpavla01', 'skutchi', 'kamikadze', 'dejvid', 'xpalta00', 'xhradi12', 'djelektron89', 'xvicar02', 'zlami', 'stitch', 'misoo9005', 'microo', 'xcucka00', 'rocker881', 'jtomko', 'chra', 'niokokayuka', 'xnovak68', 'xdrbal04', 'ferill', 'tomshon', 'kiwon', 'jcbob', 'martin.sulc', 'lipa', 'michixxx', 'kubiczek', 'peca', 'xpavel22', 'vsekaz', 'xvozda01', None, 'liborplucnar', 'gigabeatle', 'xkiska00', 'zoidbee', 'xdzuro01', 'dyna', 'xchmel18', 'trinom']",45,"['xpavla01', 'patrik111', 'skutchi', 'kamikadze', 'dejvid', 'xpalta00', 'xhradi12', 'djelektron89', 'xvicar02', 'zlami', 'kyselevajco', 'stitch', 'microo', 'xcucka00', 'rocker881', 'jtomko', 'chra', 'niokokayuka', 'xnovak68', 'xdrbal04', 'ferill', 'tomshon', 'kiwon', 'jcbob', 'xmusal01', 'martin.sulc', 'lipa', 'michixxx', 'dartblood', 'kubiczek', 'peca', 'xpavel22', 'xhorej00', 'vsekaz', 'xvozda01', None, 'liborplucnar', 'gigabeatle', 'xkiska00', 'zoidbee', 'xdzuro01', 'trinom', 'dyna', 'xchmel18', 'misoo9005']"
102,172,6,44,4,"['kyselevajco', 'dartblood', 'xmusal01', 'xhorej00']",1,['patrik111'],40,"['xpavla01', 'skutchi', 'kamikadze', 'dejvid', 'xpalta00', 'xhradi12', 'djelektron89', 'xvicar02', 'zlami', 'stitch', 'misoo9005', 'microo', 'xcucka00', 'rocker881', 'jtomko', 'chra', 'niokokayuka', 'xnovak68', 'xdrbal04', 'ferill', 'tomshon', 'kiwon', 'jcbob', 'martin.sulc', 'lipa', 'michixxx', 'kubiczek', 'peca', 'xpavel22', 'vsekaz', 'xvozda01', None, 'liborplucnar', 'gigabeatle', 'xkiska00', 'zoidbee', 'xdzuro01', 'dyna', 'xchmel18', 'trinom']",45,"['xpavla01', 'patrik111', 'skutchi', 'kamikadze', 'dejvid', 'xpalta00', 'xhradi12', 'djelektron89', 'xvicar02', 'zlami', 'kyselevajco', 'stitch', 'microo', 'xcucka00', 'rocker881', 'jtomko', 'chra', 'niokokayuka', 'xnovak68', 'xdrbal04', 'ferill', 'tomshon', 'kiwon', 'jcbob', 'xmusal01', 'martin.sulc', 'lipa', 'michixxx', 'dartblood', 'kubiczek', 'peca', 'xpavel22', 'xhorej00', 'vsekaz', 'xvozda01', None, 'liborplucnar', 'gigabeatle', 'xkiska00', 'zoidbee', 'xdzuro01', 'trinom', 'dyna', 'xchmel18', 'misoo9005']"
102,41,6,32,2,"['patrik111', 'xmusal01']",3,"['kyselevajco', 'dartblood', 'xhorej00']",30,"['asdfg', 'zrzavymartin', 'raninec', 'jakubonderka', 'kolzig', 'xpalta00', 'maruna', 'zlami', 'kycera', 'jerrys', 'hamos', 'premet', 'chra', 'andrejtt', 'lupo112', 'zarate3040', 'xmarty', 'd.petrasek', 'hjumanik', 'xrezny00', 'marekpinkava', 'xkorch00', 'p6z2d2', 'xkulik02', 'pajito159', None, 'ienemyi', 'vojtechsv03', 'xtrukh00', 'stanek20']",35,"['asdfg', 'zrzavymartin', 'patrik111', 'raninec', 'jakubonderka', 'kolzig', 'xpalta00', 'maruna', 'zlami', 'kyselevajco', 'kycera', 'jerrys', 'hamos', 'premet', 'chra', 'andrejtt', 'lupo112', 'zarate3040', 'xmusal01', 'xmarty', 'd.petrasek', 'hjumanik', 'dartblood', 'xrezny00', 'marekpinkava', 'xhorej00', 'xkorch00', 'p6z2d2', 'xkulik02', 'pajito159', None, 'ienemyi', 'vojtechsv03', 'xtrukh00', 'stanek20']"
102,40,6,29,2,"['kyselevajco', 'dartblood']",3,"['patrik111', 'xhorej00', 'xmusal01']",27,"['jcbob', 'martin.sulc', 'skutchi', 'michixxx', 'kubiczek', 'peca', 'xpavel22', 'dejvid', 'xhradi12', 'xvozda01', None, 'stitch', 'xtulej00', 'gigabeatle', 'xkiska00', 'misoo9005', 'microo', 'xcucka00', 'zoidbee', 'jtomko', 'xdrbal04', 'trinom', 'bradacjosef', 'dyna', 'xchmel18', 'tomshon', 'kiwon']",32,"['patrik111', 'skutchi', 'dejvid', 'xhradi12', 'kyselevajco', 'stitch', 'xtulej00', 'misoo9005', 'microo', 'xcucka00', 'jtomko', 'xdrbal04', 'tomshon', 'kiwon', 'jcbob', 'xmusal01', 'martin.sulc', 'michixxx', 'kubiczek', 'dartblood', 'peca', 'xpavel22', 'xhorej00', 'xvozda01', None, 'gigabeatle', 'xkiska00', 'zoidbee', 'bradacjosef', 'dyna', 'xchmel18', 'trinom']"
102,133,6,22,1,['patrik111'],4,"['kyselevajco', 'dartblood', 'xmusal01', 'xhorej00']",21,"['zrzavymartin', 'jakubonderka', 'kolzig', 'ladadada', 'jerrys', 'hamos', 'lupo112', 'andrejtt', 'karin', 'd.petrasek', 'hjumanik', 'marekpinkava', 'xhusar03', 'pepson', 'p6z2d2', 'xkulik02', 'pajito159', None, 'ienemyi', 'xtrukh00', 'stanek20']",26,"['zrzavymartin', 'patrik111', 'xmusal01', 'd.petrasek', 'hjumanik', 'dartblood', 'jakubonderka', 'marekpinkava', 'xhorej00', 'kolzig', 'lupo112', 'xhusar03', 'ladadada', 'pepson', 'p6z2d2', 'xkulik02', 'pajito159', None, 'kyselevajco', 'jerrys', 'hamos', 'ienemyi', 'andrejtt', 'xtrukh00', 'karin', 'stanek20']"
102,174,6,22,1,['patrik111'],4,"['kyselevajco', 'dartblood', 'xmusal01', 'xhorej00']",21,"['zrzavymartin', 'jakubonderka', 'kolzig', 'ladadada', 'jerrys', 'hamos', 'lupo112', 'andrejtt', 'karin', 'd.petrasek', 'hjumanik', 'marekpinkava', 'xhusar03', 'pepson', 'p6z2d2', 'xkulik02', 'pajito159', None, 'ienemyi', 'xtrukh00', 'stanek20']",26,"['zrzavymartin', 'patrik111', 'xmusal01', 'd.petrasek', 'hjumanik', 'dartblood', 'jakubonderka', 'marekpinkava', 'xhorej00', 'kolzig', 'lupo112', 'xhusar03', 'ladadada', 'pepson', 'p6z2d2', 'xkulik02', 'pajito159', None, 'kyselevajco', 'jerrys', 'hamos', 'ienemyi', 'andrejtt', 'xtrukh00', 'karin', 'stanek20']"
102,213,6,10,3,"['kyselevajco', 'dartblood', 'xhorej00']",2,"['patrik111', 'xmusal01']",7,"['skutchi', 'peca', 'niokokayuka', 'xjuras00', None, 'xvicar02', 'kiwon']",12,"['kyselevajco', 'patrik111', 'xmusal01', 'skutchi', 'dartblood', 'peca', 'xhorej00', 'niokokayuka', 'xjuras00', None, 'xvicar02', 'kiwon']"
106,27,6,21,4,"['emirnury', 'choushing', 'yqchua1', 'jtang2']",1,['jimmcginty'],17,"['tyyeo1', 'synnmalice', 'e14f62user01', 'sytham1', 'regrip', 'ivanweide', 'lxzj', 'mare0001', 'max040887', 'kaikaii_88', 'zhchew1', 'ayesandarthwe', 'tkswong', 'andrepang', None, 'panlei616', 'katsura']",22,"['tyyeo1', 'synnmalice', 'e14f62user01', 'ivanweide', 'lxzj', 'mare0001', 'jimmcginty', 'emirnury', None, 'kaikaii_88', 'andrepang', 'panlei616', 'yqchua1', 'sytham1', 'regrip', 'jtang2', 'zhchew1', 'max040887', 'ayesandarthwe', 'tkswong', 'choushing', 'katsura']"
111,152,6,6,1,['nanobabble'],4,"['carneade', 'ecieren', 'samshah123', 'gdiloyan']",5,"[None, 'nicoguaro', 'nonofrio', 'sangwook', 'anandaroy78']",10,"['samshah123', None, 'ecieren', 'gdiloyan', 'nicoguaro', 'nonofrio', 'anandaroy78', 'sangwook', 'carneade', 'nanobabble']"
112,266,6,53,3,"['yuling', 'sumudinie', 'ajagtap2501']",2,"['ghowlett', 'jabuilesv']",50,"['gah', 'kaitken', 'rappture', 'conrad14', 'sourdon', 'asaragih', 'kmargata', 'liu522', 'crvantas', 'zhang936', 'pmeunier', 'saima', 'charlejs', 'schaffter412', 'ewilson000', 'isalehinia', 'atankas', 'yolandaliu1203', 'wang159', 'jperezh', 'davgumo', 'sunadkat', 'sissichen0322', 'mgomezz', 'zavattieri', 'mdoz5mario', 'faltens', 'yuwang', 'dkearney', 'alegomez544', 'bessenba', 'cgaytan2', 'vdiep', 'rwidjaj', 'kevyblock', 'tsheperd', 'ontarugera', None, 'redwing', 'khaume', 'polyfrank000', 'smonsalve', 'kaitlyn.fisher', 'liuxiaohui714', 'tosinadeosun', 'spalit', 'mmc', 'nkissebe', 'xtee', 'apps']",55,"['gah', 'ghowlett', 'kaitken', 'rappture', 'conrad14', 'sourdon', 'asaragih', 'kmargata', 'liu522', 'crvantas', 'zhang936', 'pmeunier', 'saima', 'charlejs', 'schaffter412', 'ewilson000', 'isalehinia', 'atankas', 'yolandaliu1203', 'wang159', 'jperezh', 'davgumo', 'sunadkat', 'sissichen0322', 'mgomezz', 'zavattieri', 'yuling', 'mdoz5mario', 'faltens', 'yuwang', 'dkearney', 'alegomez544', 'bessenba', 'jabuilesv', 'cgaytan2', 'vdiep', 'rwidjaj', 'kevyblock', 'ajagtap2501', 'sumudinie', 'tsheperd', 'ontarugera', None, 'redwing', 'khaume', 'polyfrank000', 'smonsalve', 'kaitlyn.fisher', 'liuxiaohui714', 'tosinadeosun', 'spalit', 'mmc', 'nkissebe', 'xtee', 'apps']"
113,49,6,54,4,"['oreotime', 'cedarj27', 'safreita', 'samart19']",1,['sula10'],50,"['jaimealanram', 'catterrell', 'flemingkyler', 'jakekriston', 'jasonkam', 'weiasian', 'amyjoemary2013', 'akstempl', 'thealmightycj', 'munir1992', 'bschmelt', 'jasmit30', 'kegans801', 'agsmith6', 'kdevries', 'asmith150', 'apop2', 'jlabani', 'ferry', 'chris8302', 'adsmit25', 'tylerwanderson', 'jestfan08', 'mnokada', 'berserked', 'groxboro', 'egutier4', 'dmarque2', 'jakekriston1', 'gchen32', 'elvnm88061', 'mcchadmc', 'xtyxty', 'loregram', None, 'bdowd', 'rpatchin', 'nnogales', 'venkateshgadela1990', 'aaltenai', 'duh1177', 'jrkrawcz', 'jmlambe2', 'asarwari', 'cjbierwa', 'atpolson', 'lledgerw', 'meugenis', 'tkooiman', 'tazznuva']",55,"['jaimealanram', 'catterrell', 'flemingkyler', 'jakekriston', 'jasonkam', 'weiasian', 'amyjoemary2013', 'akstempl', 'thealmightycj', 'munir1992', 'bschmelt', 'jasmit30', 'kegans801', 'agsmith6', 'kdevries', 'sula10', 'asmith150', 'apop2', 'jlabani', 'ferry', 'chris8302', 'adsmit25', 'tylerwanderson', 'jestfan08', 'mnokada', 'berserked', 'groxboro', 'egutier4', 'dmarque2', 'jakekriston1', 'gchen32', 'elvnm88061', 'mcchadmc', 'oreotime', 'xtyxty', 'loregram', None, 'cedarj27', 'bdowd', 'rpatchin', 'nnogales', 'venkateshgadela1990', 'aaltenai', 'duh1177', 'jrkrawcz', 'safreita', 'samart19', 'jmlambe2', 'asarwari', 'cjbierwa', 'atpolson', 'lledgerw', 'meugenis', 'tkooiman', 'tazznuva']"
113,111,6,50,5,"['sula10', 'oreotime', 'safreita', 'samart19', 'cedarj27']",0,[],45,"['jaimealanram', 'flemingkyler', 'jakekriston', 'oshagyro', 'jasonkam', 'weiasian', 'thealmightycj', 'munir1992', 'bschmelt', 'kegans801', 'agsmith6', 'apop2', 'jlabani', 'berserk1102', 'adsmit25', 'tylerwanderson', 'jond', 'mnokada', 'jestfan08', 'berserked', 'groxboro', 'egutier4', 'seansowr', 'dmarque2', 'gchen32', 'elvnm88061', 'e23co14', 'xtyxty', 'loregram', 'peterphile', None, 'bdowd', 'rpatchin', 'nnogales', 'aaltenai', 'duh1177', 'akstempl10', 'jrkrawcz', 'jmlambe2', 'asarwari', 'cjbierwa', 'atpolson', 'lledgerw', 'meugenis', 'tazznuva']",50,"['jaimealanram', 'flemingkyler', 'jakekriston', 'oshagyro', 'jasonkam', 'weiasian', 'thealmightycj', 'munir1992', 'bschmelt', 'kegans801', 'agsmith6', 'sula10', 'apop2', 'jlabani', 'berserk1102', 'adsmit25', 'tylerwanderson', 'jond', 'mnokada', 'jestfan08', 'berserked', 'groxboro', 'egutier4', 'seansowr', 'dmarque2', 'gchen32', 'elvnm88061', 'e23co14', 'oreotime', 'xtyxty', 'loregram', 'peterphile', None, 'cedarj27', 'bdowd', 'rpatchin', 'nnogales', 'aaltenai', 'duh1177', 'akstempl10', 'jrkrawcz', 'safreita', 'samart19', 'jmlambe2', 'asarwari', 'cjbierwa', 'atpolson', 'lledgerw', 'meugenis', 'tazznuva']"
113,31,6,48,4,"['oreotime', 'cedarj27', 'safreita', 'samart19']",1,['sula10'],44,"['jaimealanram', 'flemingkyler', 'jakekriston', 'oshagyro', 'jasonkam', 'weiasian', 'thealmightycj', 'munir1992', 'bschmelt', 'jasmit30', 'kegans801', 'apop2', 'jlabani', 'ferry', 'adsmit25', 'tylerwanderson', 'jond', 'mnokada', 'jestfan08', 'berserked', 'groxboro', 'egutier4', 'seansowr', 'dmarque2', 'gchen32', 'elvnm88061', 'xtyxty', 'loregram', 'peterphile', None, 'agentbob007', 'bdowd', 'nnogales', 'aaltenai', 'duh1177', 'akstempl10', 'jrkrawcz', 'jmlambe2', 'asarwari', 'cjbierwa', 'lledgerw', 'meugenis', 'tkooiman', 'tazznuva']",49,"['jaimealanram', 'flemingkyler', 'jakekriston', 'oshagyro', 'jasonkam', 'weiasian', 'thealmightycj', 'munir1992', 'bschmelt', 'jasmit30', 'kegans801', 'sula10', 'apop2', 'jlabani', 'ferry', 'adsmit25', 'tylerwanderson', 'jond', 'mnokada', 'jestfan08', 'berserked', 'groxboro', 'egutier4', 'seansowr', 'dmarque2', 'gchen32', 'elvnm88061', 'oreotime', 'xtyxty', 'loregram', 'peterphile', None, 'cedarj27', 'agentbob007', 'bdowd', 'nnogales', 'aaltenai', 'duh1177', 'akstempl10', 'jrkrawcz', 'safreita', 'samart19', 'jmlambe2', 'asarwari', 'cjbierwa', 'lledgerw', 'meugenis', 'tkooiman', 'tazznuva']"
113,128,6,48,4,"['oreotime', 'cedarj27', 'safreita', 'samart19']",1,['sula10'],44,"['jaimealanram', 'flemingkyler', 'jakekriston', 'lskim1', 'asustudent', 'jasonkam', 'weiasian', 'thealmightycj', 'munir1992', 'bschmelt', 'jasmit30', 'kegans801', 'agsmith6', 'apop2', 'jlabani', 'ferry', 'adsmit25', 'tylerwanderson', 'jond', 'mnokada', 'jestfan08', 'berserked', 'groxboro', 'egutier4', 'seansowr', 'dmarque2', 'gchen32', 'elvnm88061', 'mcchadmc', 'e23co14', 'xtyxty', 'loregram', 'peterphile', None, 'bdowd', 'rpatchin', 'aaltenai', 'akstempl10', 'jrkrawcz', 'jmlambe2', 'asarwari', 'atpolson', 'meugenis', 'tazznuva']",49,"['jaimealanram', 'flemingkyler', 'jakekriston', 'lskim1', 'asustudent', 'jasonkam', 'weiasian', 'thealmightycj', 'munir1992', 'bschmelt', 'jasmit30', 'kegans801', 'agsmith6', 'sula10', 'apop2', 'jlabani', 'ferry', 'adsmit25', 'tylerwanderson', 'jond', 'mnokada', 'jestfan08', 'berserked', 'groxboro', 'egutier4', 'seansowr', 'dmarque2', 'gchen32', 'elvnm88061', 'mcchadmc', 'oreotime', 'e23co14', 'xtyxty', 'loregram', 'peterphile', None, 'cedarj27', 'bdowd', 'rpatchin', 'aaltenai', 'akstempl10', 'jrkrawcz', 'safreita', 'samart19', 'jmlambe2', 'asarwari', 'atpolson', 'meugenis', 'tazznuva']"
113,192,6,47,4,"['oreotime', 'cedarj27', 'safreita', 'samart19']",1,['sula10'],43,"['jaimealanram', 'flemingkyler', 'oshagyro', 'lskim1', 'jasonkam', 'weiasian', 'amanda_carlson', 'thealmightycj', 'munir1992', 'bschmelt', 'kegans801', 'agsmith6', 'apop2', 'jlabani', 'ferry', 'adsmit25', 'tylerwanderson', 'jestfan08', 'mnokada', 'berserked', 'jond', 'groxboro', 'egutier4', 'seansowr', 'dmarque2', 'gchen32', 'elvnm88061', 'mcchadmc', 'e23co14', 'xtyxty', 'loregram', 'peterphile', None, 'rpatchin', 'aaltenai', 'akstempl10', 'jrkrawcz', 'jmlambe2', 'asarwari', 'cjbierwa', 'atpolson', 'meugenis', 'tazznuva']",48,"['jaimealanram', 'flemingkyler', 'oshagyro', 'lskim1', 'jasonkam', 'weiasian', 'amanda_carlson', 'thealmightycj', 'munir1992', 'bschmelt', 'kegans801', 'agsmith6', 'sula10', 'apop2', 'jlabani', 'ferry', 'adsmit25', 'tylerwanderson', 'jestfan08', 'mnokada', 'berserked', 'jond', 'groxboro', 'egutier4', 'seansowr', 'dmarque2', 'gchen32', 'elvnm88061', 'mcchadmc', 'oreotime', 'e23co14', 'xtyxty', 'loregram', 'peterphile', None, 'cedarj27', 'rpatchin', 'aaltenai', 'akstempl10', 'jrkrawcz', 'safreita', 'samart19', 'jmlambe2', 'asarwari', 'cjbierwa', 'atpolson', 'meugenis', 'tazznuva']"
113,99,6,45,5,"['sula10', 'oreotime', 'safreita', 'samart19', 'cedarj27']",0,[],40,"['jaimealanram', 'flemingkyler', 'jakekriston', 'oshagyro', 'lskim1', 'jasonkam', 'weiasian', 'thealmightycj', 'munir1992', 'bschmelt', 'jasmit30', 'kegans801', 'apop2', 'jlabani', 'adsmit25', 'tylerwanderson', 'jestfan08', 'mnokada', 'jond', 'groxboro', 'egutier4', 'seansowr', 'dmarque2', 'gchen32', 'xtyxty', 'loregram', None, 'bdowd', 'rpatchin', 'nnogales', 'aaltenai', 'duh1177', 'akstempl10', 'jrkrawcz', 'jmlambe2', 'asarwari', 'cjbierwa', 'atpolson', 'meugenis', 'tazznuva']",45,"['jaimealanram', 'flemingkyler', 'jakekriston', 'oshagyro', 'lskim1', 'jasonkam', 'weiasian', 'thealmightycj', 'munir1992', 'bschmelt', 'jasmit30', 'kegans801', 'sula10', 'apop2', 'jlabani', 'adsmit25', 'tylerwanderson', 'jestfan08', 'mnokada', 'jond', 'groxboro', 'egutier4', 'seansowr', 'dmarque2', 'gchen32', 'oreotime', 'xtyxty', 'loregram', None, 'cedarj27', 'bdowd', 'rpatchin', 'nnogales', 'aaltenai', 'duh1177', 'akstempl10', 'jrkrawcz', 'safreita', 'samart19', 'jmlambe2', 'asarwari', 'cjbierwa', 'atpolson', 'meugenis', 'tazznuva']"
113,72,6,42,4,"['oreotime', 'cedarj27', 'safreita', 'samart19']",1,['sula10'],38,"['jaimealanram', 'flemingkyler', 'jakekriston', 'jasonkam', 'weiasian', 'thealmightycj', 'munir1992', 'bschmelt', 'kegans801', 'agsmith6', 'apop2', 'jlabani', 'adsmit25', 'tylerwanderson', 'jestfan08', 'mnokada', 'berserked', 'jond', 'egutier4', 'seansowr', 'dmarque2', 'gchen32', 'elvnm88061', 'mcchadmc', 'xtyxty', 'loregram', 'peterphile', None, 'bdowd', 'rpatchin', 'aaltenai', 'duh1177', 'jrkrawcz', 'jmlambe2', 'asarwari', 'cjbierwa', 'atpolson', 'meugenis']",43,"['jaimealanram', 'flemingkyler', 'jakekriston', 'jasonkam', 'weiasian', 'thealmightycj', 'munir1992', 'bschmelt', 'kegans801', 'agsmith6', 'sula10', 'apop2', 'jlabani', 'adsmit25', 'tylerwanderson', 'jestfan08', 'mnokada', 'berserked', 'jond', 'egutier4', 'seansowr', 'dmarque2', 'gchen32', 'elvnm88061', 'mcchadmc', 'oreotime', 'xtyxty', 'loregram', 'peterphile', None, 'cedarj27', 'bdowd', 'rpatchin', 'aaltenai', 'duh1177', 'jrkrawcz', 'safreita', 'samart19', 'jmlambe2', 'asarwari', 'cjbierwa', 'atpolson', 'meugenis']"
113,135,6,42,5,"['sula10', 'oreotime', 'safreita', 'samart19', 'cedarj27']",0,[],37,"['jaimealanram', 'flemingkyler', 'jakekriston', 'lskim1', 'jasonkam', 'weiasian', 'thealmightycj', 'munir1992', 'bschmelt', 'jasmit30', 'kegans801', 'apop2', 'berserk1102', 'jlabani', 'adsmit25', 'tylerwanderson', 'jestfan08', 'mnokada', 'berserked', 'jond', 'egutier4', 'dmarque2', 'gchen32', 'elvnm88061', 'mcchadmc', 'loregram', 'peterphile', None, 'bdowd', 'rpatchin', 'aaltenai', 'akstempl10', 'jrkrawcz', 'asarwari', 'cjbierwa', 'atpolson', 'meugenis']",42,"['jaimealanram', 'flemingkyler', 'jakekriston', 'lskim1', 'jasonkam', 'weiasian', 'thealmightycj', 'munir1992', 'bschmelt', 'jasmit30', 'kegans801', 'sula10', 'apop2', 'berserk1102', 'jlabani', 'adsmit25', 'tylerwanderson', 'jestfan08', 'mnokada', 'berserked', 'jond', 'egutier4', 'dmarque2', 'gchen32', 'elvnm88061', 'mcchadmc', 'oreotime', 'loregram', 'peterphile', None, 'cedarj27', 'bdowd', 'rpatchin', 'aaltenai', 'akstempl10', 'jrkrawcz', 'safreita', 'samart19', 'asarwari', 'cjbierwa', 'atpolson', 'meugenis']"
113,173,6,41,4,"['oreotime', 'cedarj27', 'safreita', 'samart19']",1,['sula10'],37,"['jaimealanram', 'flemingkyler', 'jakekriston', 'lskim1', 'jasonkam', 'weiasian', 'thealmightycj', 'munir1992', 'bschmelt', 'jasmit30', 'kegans801', 'apop2', 'berserk1102', 'jlabani', 'adsmit25', 'tylerwanderson', 'jestfan08', 'mnokada', 'berserked', 'jond', 'egutier4', 'dmarque2', 'gchen32', 'elvnm88061', 'loregram', 'peterphile', None, 'bdowd', 'rpatchin', 'nnogales', 'aaltenai', 'akstempl10', 'jrkrawcz', 'asarwari', 'cjbierwa', 'atpolson', 'meugenis']",42,"['jaimealanram', 'flemingkyler', 'jakekriston', 'lskim1', 'jasonkam', 'weiasian', 'thealmightycj', 'munir1992', 'bschmelt', 'jasmit30', 'kegans801', 'sula10', 'apop2', 'berserk1102', 'jlabani', 'adsmit25', 'tylerwanderson', 'jestfan08', 'mnokada', 'berserked', 'jond', 'egutier4', 'dmarque2', 'gchen32', 'elvnm88061', 'oreotime', 'loregram', 'peterphile', None, 'cedarj27', 'bdowd', 'rpatchin', 'nnogales', 'aaltenai', 'akstempl10', 'jrkrawcz', 'safreita', 'samart19', 'asarwari', 'cjbierwa', 'atpolson', 'meugenis']"
113,12,6,31,4,"['oreotime', 'cedarj27', 'safreita', 'samart19']",1,['sula10'],27,"['flemingkyler', 'lskim1', 'elvnm88061', 'mcchadmc', 'jasonkam', 'weiasian', 'xtyxty', 'loregram', 'peterphile', 'kegans801', None, 'bdowd', 'aaltenai', 'apop2', 'jlabani', 'duh1177', 'adsmit25', 'jrkrawcz', 'tylerwanderson', 'jmlambe2', 'jestfan08', 'mnokada', 'berserked', 'cjbierwa', 'groxboro', 'atpolson', 'seansowr']",32,"['flemingkyler', 'lskim1', 'jasonkam', 'weiasian', 'kegans801', 'sula10', 'apop2', 'jlabani', 'adsmit25', 'tylerwanderson', 'jestfan08', 'mnokada', 'berserked', 'groxboro', 'seansowr', 'elvnm88061', 'mcchadmc', 'oreotime', 'xtyxty', 'loregram', 'peterphile', None, 'cedarj27', 'bdowd', 'aaltenai', 'duh1177', 'jrkrawcz', 'safreita', 'samart19', 'jmlambe2', 'cjbierwa', 'atpolson']"
113,167,6,31,4,"['oreotime', 'cedarj27', 'safreita', 'samart19']",1,['sula10'],27,"['dmarque2', 'jaimealanram', 'flemingkyler', 'jakekriston', 'gchen32', 'jasonkam', 'weiasian', 'loregram', 'thealmightycj', 'munir1992', 'bschmelt', 'jasmit30', 'kegans801', None, 'rpatchin', 'nnogales', 'apop2', 'adsmit25', 'akstempl10', 'jrkrawcz', 'jond', 'asarwari', 'cjbierwa', 'groxboro', 'egutier4', 'atpolson', 'lledgerw']",32,"['jaimealanram', 'flemingkyler', 'jakekriston', 'jasonkam', 'weiasian', 'thealmightycj', 'munir1992', 'bschmelt', 'jasmit30', 'kegans801', 'sula10', 'apop2', 'adsmit25', 'jond', 'groxboro', 'egutier4', 'dmarque2', 'gchen32', 'oreotime', 'loregram', None, 'cedarj27', 'rpatchin', 'nnogales', 'akstempl10', 'jrkrawcz', 'safreita', 'samart19', 'asarwari', 'cjbierwa', 'atpolson', 'lledgerw']"
113,11,6,30,5,"['sula10', 'oreotime', 'safreita', 'samart19', 'cedarj27']",0,[],25,"['catterrell', 'elvnm88061', 'jasonkam', 'weiasian', 'loregram', 'munir1992', 'jasmit30', 'kegans801', None, 'bdowd', 'aaltenai', 'apop2', 'jlabani', 'ferry', 'adsmit25', 'jrkrawcz', 'tylerwanderson', 'jmlambe2', 'jestfan08', 'mnokada', 'berserked', 'cjbierwa', 'groxboro', 'atpolson', 'seansowr']",30,"['catterrell', 'jasonkam', 'weiasian', 'munir1992', 'jasmit30', 'kegans801', 'sula10', 'apop2', 'jlabani', 'ferry', 'adsmit25', 'tylerwanderson', 'jestfan08', 'mnokada', 'berserked', 'groxboro', 'seansowr', 'elvnm88061', 'oreotime', 'loregram', None, 'cedarj27', 'bdowd', 'aaltenai', 'jrkrawcz', 'safreita', 'samart19', 'jmlambe2', 'cjbierwa', 'atpolson']"
113,10,6,27,5,"['sula10', 'oreotime', 'safreita', 'samart19', 'cedarj27']",0,[],22,"['catterrell', 'flemingkyler', 'elvnm88061', 'mcchadmc', 'jasonkam', 'weiasian', 'loregram', 'jasmit30', 'kegans801', None, 'bdowd', 'apop2', 'jlabani', 'adsmit25', 'jrkrawcz', 'tylerwanderson', 'jmlambe2', 'jestfan08', 'mnokada', 'cjbierwa', 'groxboro', 'seansowr']",27,"['catterrell', 'flemingkyler', 'jasonkam', 'weiasian', 'jasmit30', 'kegans801', 'sula10', 'apop2', 'jlabani', 'adsmit25', 'tylerwanderson', 'jestfan08', 'mnokada', 'groxboro', 'seansowr', 'elvnm88061', 'mcchadmc', 'oreotime', 'loregram', None, 'cedarj27', 'bdowd', 'jrkrawcz', 'safreita', 'samart19', 'jmlambe2', 'cjbierwa']"
113,219,6,19,3,"['oreotime', 'cedarj27', 'safreita']",2,"['sula10', 'samart19']",16,"['dmarque2', 'jaimealanram', 'aaltenai', 'gchen32', 'ferry', 'mcchadmc', 'akstempl10', 'jond', 'thealmightycj', 'asarwari', 'cjbierwa', 'bschmelt', 'egutier4', 'meugenis', None, 'bdowd']",21,"['dmarque2', 'jaimealanram', 'gchen32', 'mcchadmc', 'oreotime', 'thealmightycj', 'bschmelt', None, 'cedarj27', 'bdowd', 'sula10', 'aaltenai', 'ferry', 'akstempl10', 'safreita', 'samart19', 'jond', 'asarwari', 'cjbierwa', 'egutier4', 'meugenis']"
113,100,6,14,1,['sula10'],4,"['oreotime', 'cedarj27', 'safreita', 'samart19']",13,"['dch3n', 'kwilli57', 'hanley7', 'lefkowi1', 'kilpatr2', 'hasken1', 'shseo1116', 'tazznuva', 'agsmith6', 'myarber4', None, 'tuoliu1', 'ragunat1']",18,"['lefkowi1', 'oreotime', 'agsmith6', 'hasken1', None, 'cedarj27', 'tuoliu1', 'ragunat1', 'sula10', 'dch3n', 'kwilli57', 'hanley7', 'kilpatr2', 'safreita', 'samart19', 'shseo1116', 'myarber4', 'tazznuva']"
113,170,6,7,1,['safreita'],4,"['sula10', 'oreotime', 'cedarj27', 'samart19']",6,"['flemingkyler', 'nnogales', 'gchen32', 'jasonkam', 'lledgerw', None]",11,"['sula10', 'flemingkyler', 'nnogales', 'gchen32', 'oreotime', 'jasonkam', 'safreita', 'samart19', 'lledgerw', None, 'cedarj27']"
114,23,6,9,1,['sohini'],4,"['alisee', 'kaninen', 'joyshubhra_eee', 'sharnali810']",8,"['smelo', 'infinitexh', 'ajchrist', 'jrudiger', 'minsookim1398', 'tizhong', 'amakerr', None]",13,"['smelo', 'infinitexh', 'ajchrist', None, 'jrudiger', 'sohini', 'tizhong', 'minsookim1398', 'joyshubhra_eee', 'alisee', 'amakerr', 'kaninen', 'sharnali810']"
