MClusterID,XClusterID,MClusterSize,XClusterSize,OverlapSize,OverlapMembers,MOnlySize,MOnlyMembers,XOnlySize,XOnlyMembers,CombinedSize,CombinedMembers
1,41,153,172,153,"['kferracuti', 'acastaneda', 'rassaf', 'carolynbrooks2017', 'ttruong', 'lkearney14', 'tjh294', 'jklein', 'dheredia', 'atate', 'ryanschusler', 'shippleheuser', 'jiwonlee', 'mykai', 'amelehy', 'seanhughes13', 'vlalo', 'heather.deng', 'ajansen', 'dloizzo', 'harmonyarcilla2017', 'naomi.johnson.924', 'msamman', 'mileskurtz', 'crozolis', 'snissan', 'mmikhelson', 'trs805', 'eflaum', 'mjaharis', 'jkothari', 'iozsan', 'jourdandorrell', 'zlochmueller', 'gregorymulderink2017', 'fkhan1', 'cbroaders12', 'kpostley', 'nay', 'kpowderly', 'kculler', 'sbenton', 'amyzb', 'sbruyere', 'amelia.nickels', 'akatakam', 'sbald', 'akafkes', 'lautarocilenti2017', 'ahosbein', 'jwentz', 'ankitadevareddy', 'arodriguez17', 'jswiatek', 'lep214', 'dkj427', 'marisayou', 'sjelsma', 'ghilfinger', 'emilyanita', 'sojiadimula2017', 'jkroon', 'szj394', 'henryrichey', 'jfrankel13', 'jsusskind', 'aghosh', 'layala', 'jkang1124', 'cdai', 'kamella', 'jilliangeary', 'unaha', 'sheillygirasol2017', 'rbarajas', 'kshedd1', 'glivecchi', 'cwallace', 'yuezeng2017', 'dpark', 'nahkihg', 'jchepyator', 'alexandersilver2017', 'kassandrablanchard2012', 'adai', 'bss204', 'adel.lahlou', 'wmann', 'cjansen', 'mglinski', 'zzaruba', 'samsandin', 'mmason', 'jenny4053', 'swetha.rajavel', 'akaldjian', 'eahn', 'keckhoff', 'dishanataraj', 'ewillmz', 'jheider', 'joebob1235', 'ablazek', 'krnstk95', 'jnicolas', 'jrodriguez', 'tmittelberg', 'lgreen', 'pperkovich', 'nyim', 'priyankasaha2017', 'xetalys', 'sym975', 'nkavanau', 'mwang12', 'jcichon', 'zxt055', 'kanyeezy24', 'mvanderbosch', 'priya.garigipati', 'ccburton4', 'jyang1', 'dmccann', 'nweatherford', 'laurelle.banta', 'cwassink', 'emmamontgomery', 'ctso', 'yoh', 'nbajwa', 'sxlu', 'jcbeard', 'rdai', 'klueptow', 'aramirezcedeno', 'aeckburg', 'andrewtang', 'allegrawilson2017', 'jok', 'danielkinch2017', 'jhoffen', 'jeanettepranin', 'czhu', 'bgawin', 'jordanlee2017', 'adistefano', 'jhua', 'khedderick', 'blemma', 'wankwok2017', 'aff985', 'sarahacs', 'zguritz']",0,[],19,"['sammy', 'tteng', 'dmalysa', 'bobis333', 'tuofei.chen', 'zoda2013', 'kerrymcfadden2017', 'brandnew677', 'ibatlle', 'vliu95', 'mazstalzer', 'kevin.liuxu', 'nickolasbergstrom2017', 'elenidima2017', 'dkim1694', 'paulmhaiki2017', 'slhatch', 'dthomas', 'rhundus7']",172,"['acastaneda', 'lkearney14', 'jklein', 'dheredia', 'ryanschusler', 'shippleheuser', 'seanhughes13', 'tuofei.chen', 'dloizzo', 'naomi.johnson.924', 'zoda2013', 'kerrymcfadden2017', 'trs805', 'mjaharis', 'iozsan', 'zlochmueller', 'elenidima2017', 'kpostley', 'kpowderly', 'sbenton', 'amyzb', 'akafkes', 'lautarocilenti2017', 'sammy', 'arodriguez17', 'lep214', 'dkj427', 'marisayou', 'emilyanita', 'jkroon', 'jsusskind', 'aghosh', 'layala', 'cdai', 'kevin.liuxu', 'kshedd1', 'yuezeng2017', 'dthomas', 'dpark', 'nahkihg', 'kassandrablanchard2012', 'adai', 'bss204', 'adel.lahlou', 'cjansen', 'samsandin', 'mmason', 'jenny4053', 'swetha.rajavel', 'dishanataraj', 'ewillmz', 'jheider', 'joebob1235', 'ablazek', 'krnstk95', 'lgreen', 'nickolasbergstrom2017', 'nyim', 'priyankasaha2017', 'sym975', 'nkavanau', 'mwang12', 'ibatlle', 'rhundus7', 'priya.garigipati', 'jyang1', 'dmalysa', 'ctso', 'yoh', 'sxlu', 'jcbeard', 'klueptow', 'danielkinch2017', 'jhoffen', 'jeanettepranin', 'czhu', 'bgawin', 'paulmhaiki2017', 'aff985', 'zguritz', 'kferracuti', 'rassaf', 'carolynbrooks2017', 'ttruong', 'tjh294', 'atate', 'jiwonlee', 'mykai', 'amelehy', 'bobis333', 'vlalo', 'heather.deng', 'ajansen', 'harmonyarcilla2017', 'msamman', 'mileskurtz', 'crozolis', 'snissan', 'mmikhelson', 'eflaum', 'jkothari', 'jourdandorrell', 'gregorymulderink2017', 'fkhan1', 'cbroaders12', 'nay', 'kculler', 'sbruyere', 'amelia.nickels', 'akatakam', 'sbald', 'ahosbein', 'jwentz', 'ankitadevareddy', 'jswiatek', 'sjelsma', 'ghilfinger', 'sojiadimula2017', 'szj394', 'henryrichey', 'jfrankel13', 'jkang1124', 'kamella', 'jilliangeary', 'unaha', 'sheillygirasol2017', 'rbarajas', 'glivecchi', 'cwallace', 'jchepyator', 'alexandersilver2017', 'wmann', 'mglinski', 'zzaruba', 'tteng', 'akaldjian', 'eahn', 'keckhoff', 'jnicolas', 'jrodriguez', 'tmittelberg', 'pperkovich', 'xetalys', 'jcichon', 'zxt055', 'kanyeezy24', 'mvanderbosch', 'ccburton4', 'dmccann', 'nweatherford', 'laurelle.banta', 'cwassink', 'emmamontgomery', 'nbajwa', 'rdai', 'brandnew677', 'aramirezcedeno', 'vliu95', 'aeckburg', 'andrewtang', 'allegrawilson2017', 'mazstalzer', 'jok', 'jordanlee2017', 'dkim1694', 'adistefano', 'jhua', 'khedderick', 'blemma', 'wankwok2017', 'slhatch', 'sarahacs']"
1,126,153,172,150,"['kferracuti', 'acastaneda', 'rassaf', 'carolynbrooks2017', 'ttruong', 'lkearney14', 'tjh294', 'jklein', 'dheredia', 'atate', 'ryanschusler', 'shippleheuser', 'jiwonlee', 'mykai', 'amelehy', 'seanhughes13', 'vlalo', 'heather.deng', 'ajansen', 'dloizzo', 'harmonyarcilla2017', 'naomi.johnson.924', 'msamman', 'mileskurtz', 'crozolis', 'snissan', 'mmikhelson', 'trs805', 'eflaum', 'mjaharis', 'jkothari', 'iozsan', 'jourdandorrell', 'zlochmueller', 'gregorymulderink2017', 'fkhan1', 'cbroaders12', 'nay', 'kpowderly', 'kculler', 'sbenton', 'amyzb', 'sbruyere', 'amelia.nickels', 'akatakam', 'sbald', 'akafkes', 'lautarocilenti2017', 'ahosbein', 'jwentz', 'ankitadevareddy', 'arodriguez17', 'jswiatek', 'lep214', 'dkj427', 'marisayou', 'sjelsma', 'ghilfinger', 'emilyanita', 'sojiadimula2017', 'jkroon', 'szj394', 'henryrichey', 'jfrankel13', 'jsusskind', 'aghosh', 'layala', 'jkang1124', 'cdai', 'kamella', 'jilliangeary', 'unaha', 'sheillygirasol2017', 'rbarajas', 'kshedd1', 'glivecchi', 'cwallace', 'yuezeng2017', 'dpark', 'nahkihg', 'jchepyator', 'alexandersilver2017', 'kassandrablanchard2012', 'adai', 'adel.lahlou', 'wmann', 'cjansen', 'mglinski', 'zzaruba', 'samsandin', 'jenny4053', 'swetha.rajavel', 'akaldjian', 'eahn', 'keckhoff', 'dishanataraj', 'ewillmz', 'jheider', 'joebob1235', 'ablazek', 'krnstk95', 'jnicolas', 'jrodriguez', 'tmittelberg', 'lgreen', 'pperkovich', 'nyim', 'priyankasaha2017', 'xetalys', 'sym975', 'nkavanau', 'mwang12', 'jcichon', 'zxt055', 'kanyeezy24', 'mvanderbosch', 'priya.garigipati', 'ccburton4', 'jyang1', 'dmccann', 'nweatherford', 'laurelle.banta', 'cwassink', 'emmamontgomery', 'ctso', 'yoh', 'nbajwa', 'sxlu', 'jcbeard', 'rdai', 'klueptow', 'aramirezcedeno', 'aeckburg', 'andrewtang', 'allegrawilson2017', 'jok', 'danielkinch2017', 'jhoffen', 'jeanettepranin', 'czhu', 'bgawin', 'jordanlee2017', 'adistefano', 'jhua', 'khedderick', 'blemma', 'wankwok2017', 'aff985', 'sarahacs', 'zguritz']",3,"['kpostley', 'mmason', 'bss204']",22,"['cpark123', 'calvining', 'tuofei.chen', 'nromane', 'dsj931', 'shadout', 'josephraff2017', 'rachelng412', 'brandnew677', 'ryanmcfarlin2017', 'cornymikey', 'dolevr', 'kzack59525', None, 'cforbes', 'kevin.liuxu', '2013zod', 'stevelillington', 'senaykargaci', 'wan.imilla', 'slhatch', 'nsheth1']",175,"['acastaneda', 'lkearney14', 'jklein', 'dheredia', 'ryanschusler', 'shippleheuser', 'seanhughes13', 'tuofei.chen', 'dloizzo', 'naomi.johnson.924', 'trs805', 'mjaharis', 'iozsan', 'zlochmueller', 'kpostley', 'kpowderly', 'sbenton', 'amyzb', 'cpark123', 'akafkes', 'lautarocilenti2017', 'arodriguez17', 'lep214', 'dkj427', 'marisayou', 'emilyanita', 'jkroon', 'jsusskind', 'aghosh', 'layala', 'cdai', 'kevin.liuxu', 'kshedd1', 'senaykargaci', 'yuezeng2017', 'dpark', 'nahkihg', 'kassandrablanchard2012', 'adai', 'bss204', 'adel.lahlou', 'cjansen', 'samsandin', 'mmason', 'jenny4053', 'swetha.rajavel', 'dishanataraj', 'ewillmz', 'jheider', 'joebob1235', 'ablazek', 'krnstk95', 'dolevr', 'lgreen', 'nyim', 'priyankasaha2017', 'wan.imilla', 'sym975', 'nkavanau', 'mwang12', 'priya.garigipati', 'jyang1', 'ctso', 'yoh', 'sxlu', 'jcbeard', 'nromane', 'shadout', 'rachelng412', 'klueptow', 'danielkinch2017', 'jhoffen', 'jeanettepranin', 'czhu', 'bgawin', 'aff985', 'zguritz', 'kferracuti', 'rassaf', 'carolynbrooks2017', 'ttruong', 'tjh294', 'atate', 'jiwonlee', 'mykai', 'amelehy', 'vlalo', 'heather.deng', 'ajansen', 'harmonyarcilla2017', 'msamman', 'mileskurtz', 'crozolis', 'snissan', 'mmikhelson', 'eflaum', 'jkothari', 'jourdandorrell', 'gregorymulderink2017', 'cforbes', 'fkhan1', 'cbroaders12', 'nay', 'kculler', 'sbruyere', 'amelia.nickels', 'akatakam', 'sbald', 'calvining', 'ahosbein', 'jwentz', 'ankitadevareddy', 'jswiatek', 'sjelsma', 'ghilfinger', 'dsj931', 'sojiadimula2017', 'szj394', 'henryrichey', 'jfrankel13', 'ryanmcfarlin2017', 'jkang1124', 'cornymikey', 'kamella', 'jilliangeary', 'unaha', 'sheillygirasol2017', 'rbarajas', 'stevelillington', 'glivecchi', 'cwallace', 'jchepyator', 'alexandersilver2017', 'wmann', 'mglinski', 'zzaruba', 'akaldjian', 'eahn', 'keckhoff', 'jnicolas', 'jrodriguez', 'tmittelberg', 'pperkovich', '2013zod', 'xetalys', 'jcichon', 'zxt055', 'kanyeezy24', 'mvanderbosch', 'ccburton4', 'dmccann', 'nweatherford', 'laurelle.banta', 'cwassink', 'emmamontgomery', 'nbajwa', 'rdai', 'josephraff2017', 'brandnew677', 'aramirezcedeno', 'aeckburg', 'andrewtang', 'allegrawilson2017', 'jok', 'kzack59525', None, 'jordanlee2017', 'adistefano', 'jhua', 'khedderick', 'blemma', 'wankwok2017', 'slhatch', 'sarahacs', 'nsheth1']"
2,171,140,122,94,"['ppaul2', 'erickuo2', 'e.f.297', 'khunaj', 'kim852', 'twu15', 'fadarichev25', 'jyongc', 'ksullivan1031', 'edgar369', 'husak2', 'gczajk93', 'chmilsk2', 'luka2', 'do0de', 'jwu10', 'hyebyekadal', 'sanghani27', 'lburns4', 'agrabacki', 'kris.smith.33671', 'pierce20', 'ciclark2', 'calculuswhiz', 'jfeldmn2', 'hewapar2', 'kwan7', 'abhijeet.s92', 'grahl2', 'insung0224', 'ben.li.33633', 'manfei.wu', 'chiutim', 'awhsu2', 'zzh915', 'aepolicht', 'anushir2', 'nquarto2', 'blix1337', 'roosterxie', 'yiren3', 'hpowen6', 'aiwade', 'aramin2', 'victorboyu.li', 'rexchen2', 'doris263464790', 'dkt01', 'htycm', 'wie1', 'robel.arega.5', 'azamat.zhunussov', 'sean.barowsky', 'mcyang3', 'sturt1', 'kecheng333', 'jkim449', 'yiumingh', 'hlansing', 'bahearn2', 'xdjzero', 'adzhao2', 'mengcen.li.1', 'rmoser2', 'dbrack29810', 'aerwin12', 'oscarto92', 'clay.chamberlain', 'sanchet2', 'user340', 'dschlai2', 'dsukrith', 'kevinnoh91', 'willxyz', 'wangrenhan', 'lauschk2', 'blackrose', 'tangyuhan123', 'tai8', 'rtarig2', 'meng.huang.3551', 'clee0793', 'lelouch365789', 'chaojiliqilin', 'mdreis2', 'juniorping928', 'salfano', 'ashimiz2', 'defamationmatrix', 'yyang70', 'travis.gham', 'mtf545', 'shingyien085062', 'mlowney']",45,"['reddcube', 'barber9', 'dariusz45', 'rzuravel', 'fong12', 'skimonkey1092', 'singh64', 'daisycao111', 'robertosuarez', 'mgonnella41', 'lyy1218', 'joe', 'yliu160', 'sukhusukhu', 'jer2000', 'rene.lamb.7', 'zachbursich', 'bhateja1', 'hippocoon', 'sim1313', 'iamselewa', 'gromko1', 'vherr2', 'zijian.li.37', 'captcarisma', 'okwon6', 'ytang14', 'pasrich2', 'moose', 'jdille2', 'mholth2', 'ehzheng2', 'cha10', 'seo32', 'chewethy', 'jones.jonathan.david', 'robert59', 'acastillo93', 'afordyc2', 'mstyvejr', 'payal.vazirani', 'nagaban2', 'shinjani7', 'freed2', 'lflemin2']",28,"['sanchit94gupta', 'czhan3', 'alva2', 'houghto2', 'tyler.mey', 'yliu124', 'louipr', 'min16', 'djinkorea', 'livsong1992', 'isaacehoffman', 'dwass', 'tommyrosengrant', 'ghan4', 'joseguadalupeflores', 'xyan11', 'twang33', 'huimingx24', 'stephan.erickson.9', 'jiyuxiao', None, 'mkjo2', 'hongyangbai', 'kim565', 'kcykrishna', 'lpabon2', 'tomic2', 'sophiezhanguiuc']",167,"['reddcube', 'ppaul2', 'czhan3', 'singh64', 'erickuo2', 'e.f.297', 'khunaj', 'robertosuarez', 'yliu160', 'yliu124', 'sukhusukhu', 'kim852', 'twu15', 'rene.lamb.7', 'fadarichev25', 'jyongc', 'bhateja1', 'isaacehoffman', 'dwass', 'ksullivan1031', 'vherr2', 'edgar369', 'ghan4', 'husak2', 'gczajk93', 'chmilsk2', 'xyan11', 'mholth2', 'luka2', 'ehzheng2', 'cha10', 'do0de', 'jwu10', 'hyebyekadal', 'sanghani27', 'mkjo2', 'lburns4', 'robert59', 'agrabacki', 'kris.smith.33671', 'ciclark2', 'pierce20', 'shinjani7', 'lflemin2', 'calculuswhiz', 'jfeldmn2', 'sophiezhanguiuc', 'hewapar2', 'kwan7', 'skimonkey1092', 'abhijeet.s92', 'grahl2', 'alva2', 'lyy1218', 'tyler.mey', 'insung0224', 'ben.li.33633', 'manfei.wu', 'chiutim', 'iamselewa', 'awhsu2', 'tommyrosengrant', 'zzh915', 'aepolicht', 'joseguadalupeflores', 'anushir2', 'nquarto2', 'blix1337', 'roosterxie', 'yiren3', 'hpowen6', 'aiwade', 'aramin2', 'victorboyu.li', 'rexchen2', 'doris263464790', 'dkt01', 'htycm', 'wie1', 'lpabon2', 'payal.vazirani', 'nagaban2', 'freed2', 'azamat.zhunussov', 'robel.arega.5', 'barber9', 'sean.barowsky', 'mcyang3', 'joe', 'sturt1', 'kecheng333', 'jkim449', 'yiumingh', 'jer2000', 'hlansing', 'bahearn2', 'louipr', 'xdjzero', 'adzhao2', 'rmoser2', 'mengcen.li.1', 'gromko1', 'dbrack29810', 'aerwin12', 'ytang14', 'pasrich2', 'oscarto92', 'moose', 'clay.chamberlain', 'sanchet2', 'seo32', 'user340', 'dschlai2', 'kim565', 'dsukrith', 'kevinnoh91', 'willxyz', 'mstyvejr', 'wangrenhan', 'okwon6', 'lauschk2', 'tomic2', 'dariusz45', 'blackrose', 'rzuravel', 'fong12', 'tangyuhan123', 'sanchit94gupta', 'daisycao111', 'tai8', 'mgonnella41', 'houghto2', 'meng.huang.3551', 'rtarig2', 'clee0793', 'lelouch365789', 'min16', 'chaojiliqilin', 'mdreis2', 'hippocoon', 'djinkorea', 'livsong1992', 'sim1313', 'zijian.li.37', 'captcarisma', 'juniorping928', 'salfano', 'ashimiz2', 'jdille2', 'twang33', 'defamationmatrix', 'huimingx24', 'stephan.erickson.9', 'yyang70', 'jiyuxiao', None, 'travis.gham', 'mtf545', 'chewethy', 'shingyien085062', 'jones.jonathan.david', 'hongyangbai', 'acastillo93', 'kcykrishna', 'mlowney', 'afordyc2', 'zachbursich']"
2,60,140,120,78,"['e.f.297', 'khunaj', 'robertosuarez', 'yliu160', 'twu15', 'fadarichev25', 'jyongc', 'ksullivan1031', 'edgar369', 'luka2', 'ehzheng2', 'cha10', 'do0de', 'jwu10', 'hyebyekadal', 'sanghani27', 'kris.smith.33671', 'shinjani7', 'calculuswhiz', 'lflemin2', 'jfeldmn2', 'hewapar2', 'kwan7', 'abhijeet.s92', 'grahl2', 'ben.li.33633', 'chiutim', 'awhsu2', 'aepolicht', 'blix1337', 'roosterxie', 'yiren3', 'aramin2', 'victorboyu.li', 'rexchen2', 'doris263464790', 'dkt01', 'htycm', 'wie1', 'nagaban2', 'azamat.zhunussov', 'robel.arega.5', 'barber9', 'sean.barowsky', 'mcyang3', 'yiumingh', 'jkim449', 'hlansing', 'bahearn2', 'xdjzero', 'mengcen.li.1', 'rmoser2', 'dbrack29810', 'aerwin12', 'pasrich2', 'oscarto92', 'sanchet2', 'seo32', 'user340', 'dschlai2', 'dsukrith', 'kevinnoh91', 'dariusz45', 'rtarig2', 'meng.huang.3551', 'clee0793', 'lelouch365789', 'chaojiliqilin', 'mdreis2', 'salfano', 'ashimiz2', 'jdille2', 'defamationmatrix', 'yyang70', 'travis.gham', 'mtf545', 'shingyien085062', 'mlowney']",61,"['reddcube', 'blackrose', 'rzuravel', 'fong12', 'tangyuhan123', 'ppaul2', 'skimonkey1092', 'singh64', 'erickuo2', 'daisycao111', 'tai8', 'mgonnella41', 'lyy1218', 'joe', 'sturt1', 'kecheng333', 'sukhusukhu', 'jer2000', 'kim852', 'rene.lamb.7', 'wangrenhan', 'zachbursich', 'bhateja1', 'hippocoon', 'insung0224', 'sim1313', 'adzhao2', 'manfei.wu', 'iamselewa', 'gromko1', 'vherr2', 'zzh915', 'zijian.li.37', 'captcarisma', 'husak2', 'gczajk93', 'anushir2', 'nquarto2', 'chmilsk2', 'juniorping928', 'ytang14', 'hpowen6', 'moose', 'mholth2', 'aiwade', 'clay.chamberlain', 'chewethy', 'jones.jonathan.david', 'lburns4', 'robert59', 'agrabacki', 'willxyz', 'acastillo93', 'mstyvejr', 'ciclark2', 'pierce20', 'afordyc2', 'payal.vazirani', 'okwon6', 'lauschk2', 'freed2']",42,"['davidh258', 'yang160', 'akshay9415', 'vtseng2', 'morningzz', 'sainirachit060', 'yliu124', 'stavanp', 'akashkapadia1', 'ocanasherreradavid', 'krkelly', 'muggly23', 'choquett', 'livsong1992', 'isaacehoffman', 'bojjave2', 'mynameisniu', 'nathan1', 'perpetual89', 'jimmyrey6857', 'akim77', 'bryniar2', 'yong.b.lee.73', 'shinjani.na92', 'malkows1', 'tschop2', 'xyan11', 'magerko1', 'huimingx24', 'hbai4', 'khc89', None, 'abrunnr2', 'kdatta2', 'mkjo2', 'darrenchen', 'berto1', 'thomasniu', 'kaizhi.qian', 'weineran', 'ehdwnsdlz', 'tomic2']",181,"['reddcube', 'ppaul2', 'singh64', 'erickuo2', 'e.f.297', 'khunaj', 'robertosuarez', 'yliu160', 'yliu124', 'sukhusukhu', 'kim852', 'twu15', 'rene.lamb.7', 'fadarichev25', 'jyongc', 'bhateja1', 'isaacehoffman', 'ksullivan1031', 'vherr2', 'perpetual89', 'edgar369', 'husak2', 'gczajk93', 'yong.b.lee.73', 'shinjani.na92', 'chmilsk2', 'malkows1', 'tschop2', 'xyan11', 'mholth2', 'luka2', 'ehzheng2', 'cha10', 'hbai4', 'do0de', 'jwu10', 'hyebyekadal', 'sanghani27', 'mkjo2', 'lburns4', 'berto1', 'robert59', 'agrabacki', 'kris.smith.33671', 'ciclark2', 'pierce20', 'shinjani7', 'lflemin2', 'calculuswhiz', 'jfeldmn2', 'hewapar2', 'kwan7', 'skimonkey1092', 'yang160', 'abhijeet.s92', 'grahl2', 'akshay9415', 'vtseng2', 'lyy1218', 'akashkapadia1', 'choquett', 'insung0224', 'ben.li.33633', 'bojjave2', 'manfei.wu', 'chiutim', 'iamselewa', 'awhsu2', 'nathan1', 'zzh915', 'aepolicht', 'akim77', 'anushir2', 'nquarto2', 'blix1337', 'roosterxie', 'yiren3', 'hpowen6', 'aiwade', 'aramin2', 'victorboyu.li', 'rexchen2', 'khc89', 'kdatta2', 'doris263464790', 'dkt01', 'htycm', 'wie1', 'ehdwnsdlz', 'payal.vazirani', 'nagaban2', 'freed2', 'azamat.zhunussov', 'robel.arega.5', 'barber9', 'sean.barowsky', 'davidh258', 'mcyang3', 'joe', 'sturt1', 'kecheng333', 'morningzz', 'jkim449', 'yiumingh', 'sainirachit060', 'jer2000', 'hlansing', 'bahearn2', 'krkelly', 'xdjzero', 'adzhao2', 'rmoser2', 'mengcen.li.1', 'gromko1', 'jimmyrey6857', 'dbrack29810', 'aerwin12', 'ytang14', 'pasrich2', 'oscarto92', 'moose', 'magerko1', 'clay.chamberlain', 'sanchet2', 'seo32', 'user340', 'dschlai2', 'dsukrith', 'kevinnoh91', 'willxyz', 'mstyvejr', 'weineran', 'wangrenhan', 'okwon6', 'lauschk2', 'tomic2', 'dariusz45', 'blackrose', 'rzuravel', 'fong12', 'tangyuhan123', 'daisycao111', 'tai8', 'mgonnella41', 'meng.huang.3551', 'rtarig2', 'clee0793', 'stavanp', 'lelouch365789', 'ocanasherreradavid', 'muggly23', 'chaojiliqilin', 'mdreis2', 'hippocoon', 'livsong1992', 'sim1313', 'mynameisniu', 'bryniar2', 'zijian.li.37', 'captcarisma', 'juniorping928', 'salfano', 'ashimiz2', 'jdille2', 'defamationmatrix', 'huimingx24', 'yyang70', None, 'abrunnr2', 'travis.gham', 'mtf545', 'chewethy', 'shingyien085062', 'darrenchen', 'jones.jonathan.david', 'thomasniu', 'acastillo93', 'mlowney', 'afordyc2', 'kaizhi.qian', 'zachbursich']"
2,35,140,115,101,"['reddcube', 'ppaul2', 'erickuo2', 'singh64', 'khunaj', 'robertosuarez', 'yliu160', 'sukhusukhu', 'rene.lamb.7', 'kim852', 'twu15', 'fadarichev25', 'jyongc', 'ksullivan1031', 'edgar369', 'gczajk93', 'chmilsk2', 'luka2', 'do0de', 'jwu10', 'hyebyekadal', 'sanghani27', 'lburns4', 'robert59', 'agrabacki', 'kris.smith.33671', 'ciclark2', 'shinjani7', 'calculuswhiz', 'lflemin2', 'skimonkey1092', 'abhijeet.s92', 'grahl2', 'insung0224', 'manfei.wu', 'chiutim', 'iamselewa', 'awhsu2', 'zzh915', 'aepolicht', 'anushir2', 'nquarto2', 'yiren3', 'aramin2', 'victorboyu.li', 'rexchen2', 'doris263464790', 'dkt01', 'htycm', 'wie1', 'payal.vazirani', 'nagaban2', 'freed2', 'azamat.zhunussov', 'robel.arega.5', 'sean.barowsky', 'sturt1', 'kecheng333', 'jkim449', 'yiumingh', 'hlansing', 'bahearn2', 'xdjzero', 'adzhao2', 'dbrack29810', 'aerwin12', 'ytang14', 'pasrich2', 'clay.chamberlain', 'sanchet2', 'seo32', 'user340', 'dschlai2', 'dsukrith', 'kevinnoh91', 'willxyz', 'mstyvejr', 'wangrenhan', 'okwon6', 'lauschk2', 'dariusz45', 'rzuravel', 'fong12', 'tai8', 'meng.huang.3551', 'clee0793', 'chaojiliqilin', 'mdreis2', 'zijian.li.37', 'captcarisma', 'juniorping928', 'salfano', 'ashimiz2', 'jdille2', 'defamationmatrix', 'yyang70', 'travis.gham', 'chewethy', 'shingyien085062', 'jones.jonathan.david', 'mlowney']",38,"['jfeldmn2', 'barber9', 'blackrose', 'hewapar2', 'kwan7', 'tangyuhan123', 'e.f.297', 'daisycao111', 'mgonnella41', 'lyy1218', 'rtarig2', 'mcyang3', 'joe', 'lelouch365789', 'jer2000', 'bhateja1', 'hippocoon', 'sim1313', 'ben.li.33633', 'rmoser2', 'mengcen.li.1', 'gromko1', 'vherr2', 'husak2', 'blix1337', 'roosterxie', 'hpowen6', 'oscarto92', 'mholth2', 'aiwade', 'moose', 'ehzheng2', 'cha10', 'mtf545', 'acastillo93', 'afordyc2', 'pierce20', 'zachbursich']",14,"['ghan4', 'kdatta2', 's.goldfinger', 'mozack1', 'bdog44', 'xyan11', 'alva2', 'houghto2', 'rstein92', 'kapadia3', 'simrin.wahal', 'khc89', None, 'tomic2']",153,"['reddcube', 'ppaul2', 'singh64', 'erickuo2', 'e.f.297', 'khunaj', 'robertosuarez', 'simrin.wahal', 'yliu160', 'sukhusukhu', 'kim852', 'twu15', 'rene.lamb.7', 'fadarichev25', 'jyongc', 'bhateja1', 'ksullivan1031', 'vherr2', 'edgar369', 'ghan4', 'husak2', 'gczajk93', 'chmilsk2', 'xyan11', 'mholth2', 'luka2', 'ehzheng2', 'cha10', 'do0de', 'jwu10', 'hyebyekadal', 'sanghani27', 'lburns4', 'robert59', 'agrabacki', 'kris.smith.33671', 'ciclark2', 'pierce20', 'shinjani7', 'lflemin2', 'calculuswhiz', 'jfeldmn2', 'hewapar2', 'kwan7', 'skimonkey1092', 'abhijeet.s92', 'grahl2', 'alva2', 'lyy1218', 'insung0224', 'ben.li.33633', 'manfei.wu', 'chiutim', 'iamselewa', 'awhsu2', 'zzh915', 'aepolicht', 'anushir2', 'nquarto2', 'blix1337', 'roosterxie', 'yiren3', 'hpowen6', 'aiwade', 'aramin2', 'victorboyu.li', 'rexchen2', 'khc89', 'kdatta2', 'doris263464790', 'dkt01', 'htycm', 'wie1', 'payal.vazirani', 'nagaban2', 'freed2', 'azamat.zhunussov', 'robel.arega.5', 'barber9', 's.goldfinger', 'sean.barowsky', 'mcyang3', 'joe', 'sturt1', 'kecheng333', 'jkim449', 'yiumingh', 'jer2000', 'hlansing', 'bahearn2', 'xdjzero', 'adzhao2', 'rmoser2', 'mengcen.li.1', 'gromko1', 'kapadia3', 'mozack1', 'dbrack29810', 'aerwin12', 'ytang14', 'pasrich2', 'oscarto92', 'moose', 'clay.chamberlain', 'sanchet2', 'seo32', 'user340', 'dschlai2', 'dsukrith', 'kevinnoh91', 'willxyz', 'mstyvejr', 'rstein92', 'wangrenhan', 'okwon6', 'lauschk2', 'tomic2', 'dariusz45', 'blackrose', 'rzuravel', 'fong12', 'tangyuhan123', 'daisycao111', 'tai8', 'mgonnella41', 'houghto2', 'meng.huang.3551', 'rtarig2', 'clee0793', 'lelouch365789', 'chaojiliqilin', 'mdreis2', 'hippocoon', 'sim1313', 'zijian.li.37', 'captcarisma', 'juniorping928', 'salfano', 'ashimiz2', 'bdog44', 'jdille2', 'defamationmatrix', 'yyang70', None, 'travis.gham', 'mtf545', 'chewethy', 'shingyien085062', 'jones.jonathan.david', 'acastillo93', 'mlowney', 'afordyc2', 'zachbursich']"
2,102,140,97,85,"['singh64', 'e.f.297', 'robertosuarez', 'sukhusukhu', 'twu15', 'fadarichev25', 'jyongc', 'ksullivan1031', 'edgar369', 'gczajk93', 'cha10', 'do0de', 'jwu10', 'sanghani27', 'lburns4', 'kris.smith.33671', 'ciclark2', 'shinjani7', 'calculuswhiz', 'hewapar2', 'kwan7', 'skimonkey1092', 'abhijeet.s92', 'grahl2', 'ben.li.33633', 'manfei.wu', 'awhsu2', 'zzh915', 'aepolicht', 'anushir2', 'blix1337', 'roosterxie', 'yiren3', 'aiwade', 'aramin2', 'victorboyu.li', 'rexchen2', 'doris263464790', 'dkt01', 'htycm', 'wie1', 'freed2', 'azamat.zhunussov', 'barber9', 'mcyang3', 'sturt1', 'jkim449', 'yiumingh', 'jer2000', 'hlansing', 'xdjzero', 'adzhao2', 'mengcen.li.1', 'rmoser2', 'dbrack29810', 'aerwin12', 'ytang14', 'pasrich2', 'oscarto92', 'sanchet2', 'user340', 'dschlai2', 'dsukrith', 'willxyz', 'mstyvejr', 'blackrose', 'fong12', 'tangyuhan123', 'tai8', 'meng.huang.3551', 'clee0793', 'lelouch365789', 'chaojiliqilin', 'mdreis2', 'zijian.li.37', 'ashimiz2', 'jdille2', 'defamationmatrix', 'yyang70', 'travis.gham', 'mtf545', 'shingyien085062', 'acastillo93', 'mlowney', 'afordyc2']",54,"['reddcube', 'jfeldmn2', 'dariusz45', 'rzuravel', 'ppaul2', 'sean.barowsky', 'erickuo2', 'khunaj', 'daisycao111', 'mgonnella41', 'lyy1218', 'rtarig2', 'joe', 'yliu160', 'kecheng333', 'kim852', 'rene.lamb.7', 'bahearn2', 'wangrenhan', 'zachbursich', 'bhateja1', 'hippocoon', 'insung0224', 'sim1313', 'chiutim', 'iamselewa', 'gromko1', 'vherr2', 'captcarisma', 'husak2', 'nquarto2', 'juniorping928', 'salfano', 'chmilsk2', 'hpowen6', 'moose', 'mholth2', 'luka2', 'ehzheng2', 'clay.chamberlain', 'hyebyekadal', 'seo32', 'chewethy', 'jones.jonathan.david', 'robert59', 'agrabacki', 'kevinnoh91', 'pierce20', 'payal.vazirani', 'nagaban2', 'okwon6', 'lauschk2', 'lflemin2', 'robel.arega.5']",12,"['kdatta2', 'awesome.young.choi', 'kim565', 'livsong1992', 'xyan11', 'flores11', 'bojjave2', 'houghto2', 'hbai4', None, 'yliu124', 'tomic2']",151,"['reddcube', 'ppaul2', 'singh64', 'erickuo2', 'e.f.297', 'khunaj', 'robertosuarez', 'yliu160', 'yliu124', 'sukhusukhu', 'kim852', 'twu15', 'rene.lamb.7', 'fadarichev25', 'jyongc', 'bhateja1', 'ksullivan1031', 'vherr2', 'edgar369', 'husak2', 'gczajk93', 'chmilsk2', 'xyan11', 'mholth2', 'luka2', 'ehzheng2', 'cha10', 'hbai4', 'do0de', 'jwu10', 'hyebyekadal', 'sanghani27', 'lburns4', 'robert59', 'agrabacki', 'kris.smith.33671', 'flores11', 'ciclark2', 'pierce20', 'shinjani7', 'lflemin2', 'calculuswhiz', 'jfeldmn2', 'hewapar2', 'kwan7', 'skimonkey1092', 'abhijeet.s92', 'grahl2', 'lyy1218', 'insung0224', 'ben.li.33633', 'bojjave2', 'manfei.wu', 'chiutim', 'iamselewa', 'awhsu2', 'zzh915', 'aepolicht', 'anushir2', 'nquarto2', 'blix1337', 'roosterxie', 'yiren3', 'hpowen6', 'aiwade', 'aramin2', 'victorboyu.li', 'rexchen2', 'kdatta2', 'doris263464790', 'awesome.young.choi', 'dkt01', 'htycm', 'wie1', 'payal.vazirani', 'nagaban2', 'freed2', 'azamat.zhunussov', 'robel.arega.5', 'barber9', 'sean.barowsky', 'mcyang3', 'joe', 'sturt1', 'kecheng333', 'jkim449', 'yiumingh', 'jer2000', 'hlansing', 'bahearn2', 'xdjzero', 'adzhao2', 'rmoser2', 'mengcen.li.1', 'gromko1', 'dbrack29810', 'aerwin12', 'ytang14', 'pasrich2', 'oscarto92', 'moose', 'clay.chamberlain', 'sanchet2', 'seo32', 'user340', 'dschlai2', 'kim565', 'dsukrith', 'kevinnoh91', 'willxyz', 'mstyvejr', 'wangrenhan', 'okwon6', 'lauschk2', 'tomic2', 'dariusz45', 'blackrose', 'rzuravel', 'fong12', 'tangyuhan123', 'daisycao111', 'tai8', 'mgonnella41', 'houghto2', 'meng.huang.3551', 'rtarig2', 'clee0793', 'lelouch365789', 'chaojiliqilin', 'mdreis2', 'hippocoon', 'livsong1992', 'sim1313', 'zijian.li.37', 'captcarisma', 'juniorping928', 'salfano', 'ashimiz2', 'jdille2', 'defamationmatrix', 'yyang70', None, 'travis.gham', 'mtf545', 'chewethy', 'shingyien085062', 'jones.jonathan.david', 'acastillo93', 'mlowney', 'afordyc2', 'zachbursich']"
2,50,140,74,57,"['hewapar2', 'kwan7', 'ppaul2', 'khunaj', 'abhijeet.s92', 'grahl2', 'meng.huang.3551', 'mcyang3', 'joe', 'sturt1', 'yiumingh', 'lelouch365789', 'jer2000', 'hlansing', 'sukhusukhu', 'fadarichev25', 'bhateja1', 'chaojiliqilin', 'hippocoon', 'mdreis2', 'insung0224', 'mengcen.li.1', 'manfei.wu', 'ksullivan1031', 'gromko1', 'awhsu2', 'edgar369', 'zzh915', 'aepolicht', 'zijian.li.37', 'husak2', 'gczajk93', 'anushir2', 'salfano', 'chmilsk2', 'pasrich2', 'oscarto92', 'jdille2', 'defamationmatrix', 'ehzheng2', 'sanchet2', 'aramin2', 'rexchen2', 'do0de', 'jwu10', 'travis.gham', 'dschlai2', 'shingyien085062', 'dkt01', 'dsukrith', 'htycm', 'willxyz', 'kris.smith.33671', 'ciclark2', 'freed2', 'calculuswhiz', 'azamat.zhunussov']",82,"['reddcube', 'singh64', 'erickuo2', 'e.f.297', 'robertosuarez', 'yliu160', 'kim852', 'twu15', 'rene.lamb.7', 'jyongc', 'vherr2', 'mholth2', 'luka2', 'cha10', 'hyebyekadal', 'sanghani27', 'lburns4', 'robert59', 'agrabacki', 'pierce20', 'shinjani7', 'lflemin2', 'jfeldmn2', 'skimonkey1092', 'lyy1218', 'ben.li.33633', 'chiutim', 'iamselewa', 'nquarto2', 'blix1337', 'roosterxie', 'yiren3', 'hpowen6', 'aiwade', 'victorboyu.li', 'doris263464790', 'wie1', 'payal.vazirani', 'nagaban2', 'robel.arega.5', 'barber9', 'sean.barowsky', 'kecheng333', 'jkim449', 'bahearn2', 'xdjzero', 'adzhao2', 'rmoser2', 'dbrack29810', 'aerwin12', 'ytang14', 'moose', 'clay.chamberlain', 'seo32', 'user340', 'kevinnoh91', 'mstyvejr', 'wangrenhan', 'okwon6', 'lauschk2', 'dariusz45', 'blackrose', 'rzuravel', 'fong12', 'tangyuhan123', 'daisycao111', 'tai8', 'mgonnella41', 'rtarig2', 'clee0793', 'sim1313', 'captcarisma', 'juniorping928', 'ashimiz2', 'yyang70', 'mtf545', 'chewethy', 'jones.jonathan.david', 'acastillo93', 'mlowney', 'afordyc2', 'zachbursich']",17,"['jkillini12', 'alex.t.zhu', 'milian2', 'sanchit94gupta', 'hongyangbai', 'djinkorea', 'xyan11', 'trevor.freberg.7', 'isaacehoffman', 'bojjave2', 'khatib3', 'alva2', 'huimingx24', 'brunngr2', None, 'anusha.nagabandi', 'tomic2']",156,"['reddcube', 'ppaul2', 'singh64', 'erickuo2', 'e.f.297', 'khunaj', 'robertosuarez', 'yliu160', 'sukhusukhu', 'kim852', 'twu15', 'rene.lamb.7', 'fadarichev25', 'jyongc', 'bhateja1', 'isaacehoffman', 'khatib3', 'ksullivan1031', 'vherr2', 'edgar369', 'alex.t.zhu', 'husak2', 'gczajk93', 'chmilsk2', 'xyan11', 'trevor.freberg.7', 'mholth2', 'luka2', 'ehzheng2', 'cha10', 'do0de', 'jwu10', 'hyebyekadal', 'sanghani27', 'lburns4', 'robert59', 'agrabacki', 'kris.smith.33671', 'ciclark2', 'pierce20', 'shinjani7', 'lflemin2', 'calculuswhiz', 'jfeldmn2', 'hewapar2', 'kwan7', 'skimonkey1092', 'abhijeet.s92', 'grahl2', 'alva2', 'lyy1218', 'milian2', 'insung0224', 'ben.li.33633', 'bojjave2', 'manfei.wu', 'chiutim', 'iamselewa', 'awhsu2', 'zzh915', 'aepolicht', 'jkillini12', 'anushir2', 'nquarto2', 'blix1337', 'roosterxie', 'yiren3', 'hpowen6', 'aiwade', 'aramin2', 'victorboyu.li', 'rexchen2', 'anusha.nagabandi', 'doris263464790', 'dkt01', 'htycm', 'wie1', 'payal.vazirani', 'nagaban2', 'freed2', 'azamat.zhunussov', 'robel.arega.5', 'barber9', 'sean.barowsky', 'mcyang3', 'joe', 'sturt1', 'kecheng333', 'jkim449', 'yiumingh', 'jer2000', 'hlansing', 'bahearn2', 'xdjzero', 'adzhao2', 'rmoser2', 'mengcen.li.1', 'brunngr2', 'gromko1', 'dbrack29810', 'aerwin12', 'ytang14', 'pasrich2', 'oscarto92', 'moose', 'clay.chamberlain', 'sanchet2', 'seo32', 'user340', 'dschlai2', 'dsukrith', 'kevinnoh91', 'willxyz', 'mstyvejr', 'wangrenhan', 'okwon6', 'lauschk2', 'tomic2', 'dariusz45', 'blackrose', 'rzuravel', 'fong12', 'tangyuhan123', 'sanchit94gupta', 'daisycao111', 'tai8', 'mgonnella41', 'meng.huang.3551', 'rtarig2', 'clee0793', 'lelouch365789', 'chaojiliqilin', 'mdreis2', 'hippocoon', 'djinkorea', 'sim1313', 'zijian.li.37', 'captcarisma', 'juniorping928', 'salfano', 'ashimiz2', 'jdille2', 'defamationmatrix', 'huimingx24', 'yyang70', None, 'travis.gham', 'mtf545', 'chewethy', 'shingyien085062', 'jones.jonathan.david', 'hongyangbai', 'acastillo93', 'mlowney', 'afordyc2', 'zachbursich']"
2,172,140,57,40,"['blackrose', 'reddcube', 'rzuravel', 'dariusz45', 'tai8', 'daisycao111', 'mgonnella41', 'khunaj', 'lyy1218', 'robertosuarez', 'sturt1', 'kecheng333', 'yliu160', 'lelouch365789', 'rene.lamb.7', 'kim852', 'bhateja1', 'adzhao2', 'gromko1', 'captcarisma', 'nquarto2', 'moose', 'oscarto92', 'jdille2', 'mholth2', 'clay.chamberlain', 'victorboyu.li', 'cha10', 'travis.gham', 'chewethy', 'jones.jonathan.david', 'lburns4', 'acastillo93', 'mlowney', 'kris.smith.33671', 'pierce20', 'ciclark2', 'wangrenhan', 'nagaban2', 'lauschk2']",99,"['ppaul2', 'singh64', 'erickuo2', 'e.f.297', 'sukhusukhu', 'twu15', 'fadarichev25', 'jyongc', 'ksullivan1031', 'vherr2', 'edgar369', 'husak2', 'gczajk93', 'chmilsk2', 'luka2', 'ehzheng2', 'do0de', 'jwu10', 'hyebyekadal', 'sanghani27', 'robert59', 'agrabacki', 'shinjani7', 'calculuswhiz', 'lflemin2', 'jfeldmn2', 'hewapar2', 'kwan7', 'skimonkey1092', 'abhijeet.s92', 'grahl2', 'insung0224', 'ben.li.33633', 'manfei.wu', 'chiutim', 'iamselewa', 'awhsu2', 'zzh915', 'aepolicht', 'anushir2', 'blix1337', 'roosterxie', 'yiren3', 'hpowen6', 'aiwade', 'aramin2', 'rexchen2', 'doris263464790', 'dkt01', 'htycm', 'wie1', 'payal.vazirani', 'freed2', 'robel.arega.5', 'azamat.zhunussov', 'barber9', 'sean.barowsky', 'mcyang3', 'joe', 'jkim449', 'yiumingh', 'jer2000', 'hlansing', 'bahearn2', 'xdjzero', 'rmoser2', 'mengcen.li.1', 'dbrack29810', 'aerwin12', 'ytang14', 'pasrich2', 'sanchet2', 'seo32', 'user340', 'dschlai2', 'dsukrith', 'kevinnoh91', 'willxyz', 'mstyvejr', 'okwon6', 'fong12', 'tangyuhan123', 'meng.huang.3551', 'rtarig2', 'clee0793', 'chaojiliqilin', 'mdreis2', 'hippocoon', 'sim1313', 'zijian.li.37', 'juniorping928', 'salfano', 'ashimiz2', 'defamationmatrix', 'yyang70', 'mtf545', 'shingyien085062', 'afordyc2', 'zachbursich']",17,"['4kevin.nicholas', 'alex.t.zhu', 'jake.mozack', 'shinjani', 'blackrose4804', 'okinawanspud', 'kgrathb2', 'djinkorea', 'livsong1992', 'simmi', 'kaizhi.qian', 'bwjohns2', 'kapadia3', None, 'seth.cazzell', 'xunyu2', 'bdickin2']",156,"['reddcube', 'ppaul2', 'singh64', 'erickuo2', 'e.f.297', 'khunaj', 'robertosuarez', 'yliu160', 'sukhusukhu', 'kim852', 'twu15', 'rene.lamb.7', 'fadarichev25', 'jyongc', 'bhateja1', 'ksullivan1031', 'vherr2', 'edgar369', 'alex.t.zhu', 'husak2', 'gczajk93', 'chmilsk2', 'mholth2', 'luka2', 'ehzheng2', 'cha10', 'do0de', 'jwu10', 'seth.cazzell', 'hyebyekadal', 'xunyu2', 'sanghani27', 'lburns4', 'robert59', 'agrabacki', 'kris.smith.33671', 'ciclark2', 'pierce20', 'shinjani7', 'lflemin2', 'calculuswhiz', 'jfeldmn2', 'hewapar2', 'kwan7', 'skimonkey1092', 'kgrathb2', 'abhijeet.s92', 'grahl2', 'lyy1218', 'insung0224', 'ben.li.33633', 'manfei.wu', 'chiutim', 'iamselewa', 'awhsu2', 'zzh915', 'aepolicht', 'anushir2', 'nquarto2', 'blix1337', 'roosterxie', 'yiren3', 'hpowen6', 'aiwade', 'aramin2', 'victorboyu.li', 'rexchen2', 'doris263464790', 'dkt01', 'htycm', 'wie1', 'simmi', 'payal.vazirani', 'nagaban2', 'freed2', 'azamat.zhunussov', 'robel.arega.5', 'barber9', '4kevin.nicholas', 'sean.barowsky', 'mcyang3', 'joe', 'sturt1', 'kecheng333', 'jkim449', 'yiumingh', 'jer2000', 'hlansing', 'bahearn2', 'blackrose4804', 'xdjzero', 'adzhao2', 'rmoser2', 'mengcen.li.1', 'gromko1', 'kapadia3', 'dbrack29810', 'aerwin12', 'shinjani', 'ytang14', 'pasrich2', 'oscarto92', 'moose', 'clay.chamberlain', 'sanchet2', 'seo32', 'user340', 'dschlai2', 'dsukrith', 'kevinnoh91', 'willxyz', 'mstyvejr', 'wangrenhan', 'okwon6', 'lauschk2', 'dariusz45', 'blackrose', 'rzuravel', 'fong12', 'tangyuhan123', 'daisycao111', 'tai8', 'mgonnella41', 'meng.huang.3551', 'rtarig2', 'clee0793', 'lelouch365789', 'chaojiliqilin', 'mdreis2', 'hippocoon', 'djinkorea', 'livsong1992', 'sim1313', 'bwjohns2', 'bdickin2', 'zijian.li.37', 'captcarisma', 'juniorping928', 'jake.mozack', 'salfano', 'ashimiz2', 'jdille2', 'defamationmatrix', 'yyang70', None, 'travis.gham', 'mtf545', 'okinawanspud', 'chewethy', 'shingyien085062', 'jones.jonathan.david', 'acastillo93', 'mlowney', 'afordyc2', 'kaizhi.qian', 'zachbursich']"
2,52,140,47,27,"['dariusz45', 'reddcube', 'rzuravel', 'erickuo2', 'singh64', 'tai8', 'khunaj', 'mgonnella41', 'lyy1218', 'yliu160', 'kecheng333', 'rene.lamb.7', 'kim852', 'blix1337', 'gczajk93', 'oscarto92', 'clay.chamberlain', 'victorboyu.li', 'rexchen2', 'chewethy', 'jones.jonathan.david', 'lburns4', 'mlowney', 'mstyvejr', 'pierce20', 'okwon6', 'lflemin2']",112,"['ppaul2', 'e.f.297', 'robertosuarez', 'sukhusukhu', 'twu15', 'fadarichev25', 'jyongc', 'bhateja1', 'ksullivan1031', 'vherr2', 'edgar369', 'husak2', 'chmilsk2', 'mholth2', 'luka2', 'ehzheng2', 'cha10', 'do0de', 'jwu10', 'hyebyekadal', 'sanghani27', 'robert59', 'agrabacki', 'kris.smith.33671', 'ciclark2', 'shinjani7', 'calculuswhiz', 'jfeldmn2', 'hewapar2', 'kwan7', 'skimonkey1092', 'abhijeet.s92', 'grahl2', 'insung0224', 'ben.li.33633', 'manfei.wu', 'chiutim', 'iamselewa', 'awhsu2', 'zzh915', 'aepolicht', 'anushir2', 'nquarto2', 'roosterxie', 'yiren3', 'hpowen6', 'aiwade', 'aramin2', 'doris263464790', 'dkt01', 'htycm', 'wie1', 'payal.vazirani', 'nagaban2', 'freed2', 'robel.arega.5', 'azamat.zhunussov', 'barber9', 'sean.barowsky', 'mcyang3', 'joe', 'sturt1', 'jkim449', 'yiumingh', 'jer2000', 'hlansing', 'bahearn2', 'xdjzero', 'adzhao2', 'rmoser2', 'mengcen.li.1', 'gromko1', 'dbrack29810', 'aerwin12', 'ytang14', 'pasrich2', 'moose', 'sanchet2', 'seo32', 'user340', 'dschlai2', 'dsukrith', 'kevinnoh91', 'willxyz', 'wangrenhan', 'lauschk2', 'blackrose', 'fong12', 'tangyuhan123', 'daisycao111', 'meng.huang.3551', 'rtarig2', 'clee0793', 'lelouch365789', 'chaojiliqilin', 'mdreis2', 'hippocoon', 'sim1313', 'zijian.li.37', 'captcarisma', 'juniorping928', 'salfano', 'ashimiz2', 'jdille2', 'defamationmatrix', 'yyang70', 'travis.gham', 'mtf545', 'shingyien085062', 'acastillo93', 'afordyc2', 'zachbursich']",20,"['4kevin.nicholas', 'rwang15', 'vanillayyy', 'kgrathb2', 'wrmitch1', 'zjpahle', 'louipr', 'offender', 'brunngr2', 'amar712', 'tianyi1992', 'aaron12', 'jaspreety86', 'zwidder', None, 'seth.cazzell', 'xunyu2', 'okinawanspud', 'agujja', 'laurny13.lt']",159,"['reddcube', 'rwang15', 'ppaul2', 'singh64', 'erickuo2', 'e.f.297', 'khunaj', 'robertosuarez', 'yliu160', 'sukhusukhu', 'zjpahle', 'kim852', 'twu15', 'rene.lamb.7', 'fadarichev25', 'jyongc', 'bhateja1', 'ksullivan1031', 'vherr2', 'edgar369', 'amar712', 'husak2', 'gczajk93', 'chmilsk2', 'aaron12', 'mholth2', 'luka2', 'ehzheng2', 'cha10', 'do0de', 'jwu10', 'seth.cazzell', 'hyebyekadal', 'xunyu2', 'sanghani27', 'lburns4', 'robert59', 'agrabacki', 'kris.smith.33671', 'ciclark2', 'pierce20', 'shinjani7', 'lflemin2', 'calculuswhiz', 'jfeldmn2', 'hewapar2', 'kwan7', 'skimonkey1092', 'kgrathb2', 'abhijeet.s92', 'grahl2', 'lyy1218', 'insung0224', 'ben.li.33633', 'manfei.wu', 'chiutim', 'iamselewa', 'awhsu2', 'zzh915', 'aepolicht', 'anushir2', 'nquarto2', 'blix1337', 'roosterxie', 'yiren3', 'hpowen6', 'aiwade', 'aramin2', 'victorboyu.li', 'rexchen2', 'doris263464790', 'dkt01', 'htycm', 'wie1', 'payal.vazirani', 'nagaban2', 'freed2', 'azamat.zhunussov', 'robel.arega.5', 'barber9', '4kevin.nicholas', 'sean.barowsky', 'mcyang3', 'joe', 'sturt1', 'kecheng333', 'jkim449', 'yiumingh', 'jer2000', 'hlansing', 'bahearn2', 'louipr', 'xdjzero', 'adzhao2', 'rmoser2', 'mengcen.li.1', 'brunngr2', 'gromko1', 'dbrack29810', 'aerwin12', 'ytang14', 'pasrich2', 'oscarto92', 'moose', 'clay.chamberlain', 'sanchet2', 'zwidder', 'seo32', 'user340', 'dschlai2', 'dsukrith', 'kevinnoh91', 'willxyz', 'mstyvejr', 'wangrenhan', 'laurny13.lt', 'okwon6', 'lauschk2', 'dariusz45', 'blackrose', 'rzuravel', 'fong12', 'tangyuhan123', 'vanillayyy', 'daisycao111', 'tai8', 'mgonnella41', 'meng.huang.3551', 'rtarig2', 'clee0793', 'wrmitch1', 'lelouch365789', 'chaojiliqilin', 'mdreis2', 'hippocoon', 'sim1313', 'offender', 'zijian.li.37', 'captcarisma', 'juniorping928', 'salfano', 'tianyi1992', 'ashimiz2', 'jdille2', 'jaspreety86', 'defamationmatrix', 'yyang70', None, 'travis.gham', 'mtf545', 'okinawanspud', 'chewethy', 'shingyien085062', 'agujja', 'jones.jonathan.david', 'acastillo93', 'mlowney', 'afordyc2', 'zachbursich']"
2,61,140,47,33,"['blackrose', 'erickuo2', 'singh64', 'tai8', 'daisycao111', 'mgonnella41', 'khunaj', 'lyy1218', 'joe', 'sturt1', 'yliu160', 'jer2000', 'rene.lamb.7', 'kim852', 'bhateja1', 'insung0224', 'adzhao2', 'zzh915', 'captcarisma', 'nquarto2', 'moose', 'aiwade', 'mholth2', 'clay.chamberlain', 'victorboyu.li', 'jones.jonathan.david', 'acastillo93', 'pierce20', 'ciclark2', 'wangrenhan', 'okwon6', 'lauschk2', 'robel.arega.5']",106,"['reddcube', 'ppaul2', 'e.f.297', 'robertosuarez', 'sukhusukhu', 'twu15', 'fadarichev25', 'jyongc', 'ksullivan1031', 'vherr2', 'edgar369', 'husak2', 'gczajk93', 'chmilsk2', 'luka2', 'ehzheng2', 'cha10', 'do0de', 'jwu10', 'hyebyekadal', 'sanghani27', 'lburns4', 'robert59', 'agrabacki', 'kris.smith.33671', 'shinjani7', 'calculuswhiz', 'lflemin2', 'jfeldmn2', 'hewapar2', 'kwan7', 'skimonkey1092', 'abhijeet.s92', 'grahl2', 'ben.li.33633', 'manfei.wu', 'chiutim', 'iamselewa', 'awhsu2', 'aepolicht', 'anushir2', 'blix1337', 'roosterxie', 'yiren3', 'hpowen6', 'aramin2', 'rexchen2', 'doris263464790', 'dkt01', 'htycm', 'wie1', 'payal.vazirani', 'nagaban2', 'freed2', 'azamat.zhunussov', 'barber9', 'sean.barowsky', 'mcyang3', 'kecheng333', 'jkim449', 'yiumingh', 'hlansing', 'bahearn2', 'xdjzero', 'rmoser2', 'mengcen.li.1', 'gromko1', 'dbrack29810', 'aerwin12', 'ytang14', 'pasrich2', 'oscarto92', 'sanchet2', 'seo32', 'user340', 'dschlai2', 'dsukrith', 'kevinnoh91', 'willxyz', 'mstyvejr', 'dariusz45', 'rzuravel', 'fong12', 'tangyuhan123', 'meng.huang.3551', 'rtarig2', 'clee0793', 'lelouch365789', 'chaojiliqilin', 'mdreis2', 'hippocoon', 'sim1313', 'zijian.li.37', 'juniorping928', 'salfano', 'ashimiz2', 'jdille2', 'defamationmatrix', 'yyang70', 'travis.gham', 'mtf545', 'chewethy', 'shingyien085062', 'mlowney', 'afordyc2', 'zachbursich']",14,"['4kevin.nicholas', 'akashkapadia1', 'laurny3', 'malkows1', 'muggly23', 'kgrathb2', 'kaizhi.qian', 'stephan.erickson.9', 'offender', 'morningzz', None, 'seth.cazzell', 'xunyu2', 'bryniar2']",153,"['reddcube', 'ppaul2', 'singh64', 'erickuo2', 'e.f.297', 'khunaj', 'robertosuarez', 'yliu160', 'sukhusukhu', 'kim852', 'twu15', 'rene.lamb.7', 'fadarichev25', 'jyongc', 'bhateja1', 'ksullivan1031', 'vherr2', 'edgar369', 'husak2', 'gczajk93', 'malkows1', 'chmilsk2', 'mholth2', 'luka2', 'ehzheng2', 'cha10', 'do0de', 'jwu10', 'seth.cazzell', 'hyebyekadal', 'xunyu2', 'sanghani27', 'lburns4', 'robert59', 'agrabacki', 'kris.smith.33671', 'ciclark2', 'pierce20', 'shinjani7', 'lflemin2', 'calculuswhiz', 'jfeldmn2', 'hewapar2', 'kwan7', 'skimonkey1092', 'kgrathb2', 'abhijeet.s92', 'grahl2', 'lyy1218', 'akashkapadia1', 'insung0224', 'ben.li.33633', 'manfei.wu', 'chiutim', 'iamselewa', 'awhsu2', 'zzh915', 'aepolicht', 'anushir2', 'nquarto2', 'blix1337', 'roosterxie', 'yiren3', 'hpowen6', 'aiwade', 'aramin2', 'victorboyu.li', 'rexchen2', 'doris263464790', 'dkt01', 'htycm', 'wie1', 'payal.vazirani', 'nagaban2', 'freed2', 'azamat.zhunussov', 'robel.arega.5', 'barber9', '4kevin.nicholas', 'sean.barowsky', 'mcyang3', 'joe', 'sturt1', 'kecheng333', 'morningzz', 'jkim449', 'yiumingh', 'jer2000', 'hlansing', 'bahearn2', 'xdjzero', 'adzhao2', 'rmoser2', 'mengcen.li.1', 'gromko1', 'dbrack29810', 'laurny3', 'aerwin12', 'ytang14', 'pasrich2', 'oscarto92', 'moose', 'clay.chamberlain', 'sanchet2', 'seo32', 'user340', 'dschlai2', 'dsukrith', 'kevinnoh91', 'willxyz', 'mstyvejr', 'wangrenhan', 'okwon6', 'lauschk2', 'dariusz45', 'blackrose', 'rzuravel', 'fong12', 'tangyuhan123', 'daisycao111', 'tai8', 'mgonnella41', 'meng.huang.3551', 'rtarig2', 'clee0793', 'lelouch365789', 'muggly23', 'chaojiliqilin', 'mdreis2', 'hippocoon', 'sim1313', 'offender', 'bryniar2', 'zijian.li.37', 'captcarisma', 'juniorping928', 'salfano', 'ashimiz2', 'jdille2', 'defamationmatrix', 'stephan.erickson.9', 'yyang70', None, 'travis.gham', 'mtf545', 'chewethy', 'shingyien085062', 'jones.jonathan.david', 'acastillo93', 'mlowney', 'afordyc2', 'kaizhi.qian', 'zachbursich']"
2,103,140,40,31,"['dariusz45', 'reddcube', 'rzuravel', 'daisycao111', 'khunaj', 'mgonnella41', 'lyy1218', 'yliu160', 'jer2000', 'rene.lamb.7', 'kim852', 'bhateja1', 'gromko1', 'captcarisma', 'husak2', 'blix1337', 'nquarto2', 'salfano', 'chmilsk2', 'moose', 'aiwade', 'mholth2', 'clay.chamberlain', 'chewethy', 'jones.jonathan.david', 'acastillo93', 'pierce20', 'wangrenhan', 'okwon6', 'lauschk2', 'robel.arega.5']",108,"['ppaul2', 'singh64', 'erickuo2', 'e.f.297', 'robertosuarez', 'sukhusukhu', 'twu15', 'fadarichev25', 'jyongc', 'ksullivan1031', 'vherr2', 'edgar369', 'gczajk93', 'luka2', 'ehzheng2', 'cha10', 'do0de', 'jwu10', 'hyebyekadal', 'sanghani27', 'lburns4', 'robert59', 'agrabacki', 'kris.smith.33671', 'ciclark2', 'shinjani7', 'calculuswhiz', 'lflemin2', 'jfeldmn2', 'hewapar2', 'kwan7', 'skimonkey1092', 'abhijeet.s92', 'grahl2', 'insung0224', 'ben.li.33633', 'manfei.wu', 'chiutim', 'iamselewa', 'awhsu2', 'zzh915', 'aepolicht', 'anushir2', 'roosterxie', 'yiren3', 'hpowen6', 'aramin2', 'victorboyu.li', 'rexchen2', 'doris263464790', 'dkt01', 'htycm', 'wie1', 'payal.vazirani', 'nagaban2', 'freed2', 'azamat.zhunussov', 'barber9', 'sean.barowsky', 'mcyang3', 'joe', 'sturt1', 'kecheng333', 'jkim449', 'yiumingh', 'hlansing', 'bahearn2', 'xdjzero', 'adzhao2', 'rmoser2', 'mengcen.li.1', 'dbrack29810', 'aerwin12', 'ytang14', 'pasrich2', 'oscarto92', 'sanchet2', 'seo32', 'user340', 'dschlai2', 'dsukrith', 'kevinnoh91', 'willxyz', 'mstyvejr', 'blackrose', 'fong12', 'tangyuhan123', 'tai8', 'meng.huang.3551', 'rtarig2', 'clee0793', 'lelouch365789', 'chaojiliqilin', 'mdreis2', 'hippocoon', 'sim1313', 'zijian.li.37', 'juniorping928', 'ashimiz2', 'jdille2', 'defamationmatrix', 'yyang70', 'travis.gham', 'mtf545', 'shingyien085062', 'mlowney', 'afordyc2', 'zachbursich']",9,"['nds922', 'sg2', None, 'pwalerow1', 'jjohns36', 'offender', 'brunngr2', 'kapadia3', 'sharma34']",148,"['reddcube', 'nds922', 'ppaul2', 'singh64', 'erickuo2', 'e.f.297', 'khunaj', 'robertosuarez', 'yliu160', 'sukhusukhu', 'kim852', 'twu15', 'rene.lamb.7', 'fadarichev25', 'jyongc', 'bhateja1', 'ksullivan1031', 'vherr2', 'edgar369', 'husak2', 'gczajk93', 'chmilsk2', 'mholth2', 'luka2', 'ehzheng2', 'cha10', 'do0de', 'jwu10', 'hyebyekadal', 'sanghani27', 'lburns4', 'robert59', 'agrabacki', 'kris.smith.33671', 'ciclark2', 'pierce20', 'shinjani7', 'lflemin2', 'calculuswhiz', 'jfeldmn2', 'hewapar2', 'kwan7', 'skimonkey1092', 'abhijeet.s92', 'grahl2', 'lyy1218', 'sg2', 'insung0224', 'ben.li.33633', 'manfei.wu', 'chiutim', 'iamselewa', 'awhsu2', 'zzh915', 'aepolicht', 'anushir2', 'nquarto2', 'blix1337', 'roosterxie', 'yiren3', 'hpowen6', 'aiwade', 'aramin2', 'victorboyu.li', 'rexchen2', 'doris263464790', 'dkt01', 'htycm', 'wie1', 'payal.vazirani', 'nagaban2', 'freed2', 'azamat.zhunussov', 'robel.arega.5', 'barber9', 'sean.barowsky', 'mcyang3', 'joe', 'sturt1', 'kecheng333', 'jkim449', 'yiumingh', 'jer2000', 'hlansing', 'bahearn2', 'xdjzero', 'adzhao2', 'rmoser2', 'mengcen.li.1', 'pwalerow1', 'jjohns36', 'brunngr2', 'gromko1', 'kapadia3', 'dbrack29810', 'aerwin12', 'ytang14', 'pasrich2', 'oscarto92', 'moose', 'clay.chamberlain', 'sanchet2', 'sharma34', 'seo32', 'user340', 'dschlai2', 'dsukrith', 'kevinnoh91', 'willxyz', 'mstyvejr', 'wangrenhan', 'okwon6', 'lauschk2', 'dariusz45', 'blackrose', 'rzuravel', 'fong12', 'tangyuhan123', 'daisycao111', 'tai8', 'mgonnella41', 'meng.huang.3551', 'rtarig2', 'clee0793', 'lelouch365789', 'chaojiliqilin', 'mdreis2', 'hippocoon', 'sim1313', 'offender', 'zijian.li.37', 'captcarisma', 'juniorping928', 'salfano', 'ashimiz2', 'jdille2', 'defamationmatrix', 'yyang70', None, 'travis.gham', 'mtf545', 'chewethy', 'shingyien085062', 'jones.jonathan.david', 'acastillo93', 'mlowney', 'afordyc2', 'zachbursich']"
2,129,140,39,2,"['wangrenhan', 'chiutim']",137,"['reddcube', 'ppaul2', 'singh64', 'erickuo2', 'e.f.297', 'khunaj', 'robertosuarez', 'yliu160', 'sukhusukhu', 'kim852', 'twu15', 'rene.lamb.7', 'fadarichev25', 'jyongc', 'bhateja1', 'ksullivan1031', 'vherr2', 'edgar369', 'husak2', 'gczajk93', 'chmilsk2', 'mholth2', 'luka2', 'ehzheng2', 'cha10', 'do0de', 'jwu10', 'hyebyekadal', 'sanghani27', 'lburns4', 'robert59', 'agrabacki', 'kris.smith.33671', 'ciclark2', 'pierce20', 'shinjani7', 'calculuswhiz', 'lflemin2', 'jfeldmn2', 'hewapar2', 'kwan7', 'skimonkey1092', 'abhijeet.s92', 'grahl2', 'lyy1218', 'insung0224', 'ben.li.33633', 'manfei.wu', 'iamselewa', 'awhsu2', 'zzh915', 'aepolicht', 'anushir2', 'nquarto2', 'blix1337', 'roosterxie', 'yiren3', 'hpowen6', 'aiwade', 'aramin2', 'victorboyu.li', 'rexchen2', 'doris263464790', 'dkt01', 'htycm', 'wie1', 'payal.vazirani', 'nagaban2', 'freed2', 'robel.arega.5', 'azamat.zhunussov', 'barber9', 'sean.barowsky', 'mcyang3', 'joe', 'sturt1', 'kecheng333', 'jkim449', 'yiumingh', 'jer2000', 'hlansing', 'bahearn2', 'xdjzero', 'adzhao2', 'rmoser2', 'mengcen.li.1', 'gromko1', 'dbrack29810', 'aerwin12', 'ytang14', 'pasrich2', 'oscarto92', 'moose', 'clay.chamberlain', 'sanchet2', 'seo32', 'user340', 'dschlai2', 'dsukrith', 'kevinnoh91', 'willxyz', 'mstyvejr', 'okwon6', 'lauschk2', 'dariusz45', 'blackrose', 'rzuravel', 'fong12', 'tangyuhan123', 'daisycao111', 'tai8', 'mgonnella41', 'meng.huang.3551', 'rtarig2', 'clee0793', 'lelouch365789', 'chaojiliqilin', 'mdreis2', 'hippocoon', 'sim1313', 'zijian.li.37', 'captcarisma', 'juniorping928', 'salfano', 'ashimiz2', 'jdille2', 'defamationmatrix', 'yyang70', 'travis.gham', 'mtf545', 'chewethy', 'shingyien085062', 'jones.jonathan.david', 'acastillo93', 'mlowney', 'afordyc2', 'zachbursich']",37,"['biesboe2', 'cadamic2', 'mhkim7', 'tretten1', '1501heo', 'dtrinkle', 'botlige27', 'saranto2', 'jfleisc2', 'dyoon11', 'yesbeautiful', 'elikoehler1994', 'livsong1992', 'ohern2', 'khill1203', '247mse406', 'amlevin3', 'curtis.c.baker', 'atschoe2', 'dhansel2', 'wlarson2', 'lbward2', 'ejkim9393', 'horng2', 'c.lang.1993', 'janna.eaves', None, 'orogers', 'ernat2', 'schiavo1', 'bpgolfguy92', 'xinyi0731', 'psnyder91', 'mlhua', 'eibarker', 'dingodog422', 'sowinsk2']",176,"['reddcube', 'ppaul2', 'singh64', 'erickuo2', 'e.f.297', 'khunaj', 'robertosuarez', 'yliu160', 'sukhusukhu', 'kim852', 'twu15', 'rene.lamb.7', 'fadarichev25', 'dyoon11', 'jyongc', 'bhateja1', 'elikoehler1994', 'khill1203', 'ksullivan1031', 'vherr2', 'edgar369', 'husak2', 'gczajk93', 'chmilsk2', 'mholth2', 'wlarson2', 'luka2', 'ehzheng2', 'lbward2', 'cha10', 'do0de', 'c.lang.1993', 'jwu10', 'janna.eaves', 'hyebyekadal', 'sanghani27', 'lburns4', 'robert59', 'agrabacki', 'kris.smith.33671', 'ciclark2', 'pierce20', 'shinjani7', 'dingodog422', 'lflemin2', 'calculuswhiz', 'jfeldmn2', 'hewapar2', 'kwan7', 'skimonkey1092', 'cadamic2', 'abhijeet.s92', 'grahl2', 'lyy1218', '1501heo', 'dtrinkle', 'insung0224', 'ohern2', 'ben.li.33633', 'manfei.wu', 'chiutim', 'iamselewa', 'awhsu2', 'zzh915', 'aepolicht', 'dhansel2', 'anushir2', 'nquarto2', 'blix1337', 'roosterxie', 'yiren3', 'hpowen6', 'aiwade', 'aramin2', 'victorboyu.li', 'rexchen2', 'orogers', 'schiavo1', 'doris263464790', 'dkt01', 'htycm', 'wie1', 'bpgolfguy92', 'psnyder91', 'payal.vazirani', 'nagaban2', 'eibarker', 'freed2', 'azamat.zhunussov', 'robel.arega.5', 'barber9', 'sowinsk2', 'biesboe2', 'sean.barowsky', 'mhkim7', 'tretten1', 'mcyang3', 'joe', 'sturt1', 'kecheng333', 'botlige27', 'jkim449', 'yiumingh', 'saranto2', 'jer2000', 'hlansing', 'jfleisc2', 'yesbeautiful', 'bahearn2', 'xdjzero', 'adzhao2', 'rmoser2', 'mengcen.li.1', 'gromko1', '247mse406', 'amlevin3', 'dbrack29810', 'curtis.c.baker', 'aerwin12', 'ytang14', 'pasrich2', 'oscarto92', 'moose', 'clay.chamberlain', 'sanchet2', 'seo32', 'user340', 'dschlai2', 'dsukrith', 'kevinnoh91', 'willxyz', 'mstyvejr', 'wangrenhan', 'okwon6', 'lauschk2', 'dariusz45', 'blackrose', 'rzuravel', 'fong12', 'tangyuhan123', 'daisycao111', 'tai8', 'mgonnella41', 'meng.huang.3551', 'rtarig2', 'clee0793', 'lelouch365789', 'chaojiliqilin', 'mdreis2', 'hippocoon', 'livsong1992', 'sim1313', 'zijian.li.37', 'captcarisma', 'atschoe2', 'juniorping928', 'salfano', 'ashimiz2', 'jdille2', 'ejkim9393', 'defamationmatrix', 'horng2', 'yyang70', None, 'travis.gham', 'mtf545', 'chewethy', 'shingyien085062', 'ernat2', 'jones.jonathan.david', 'acastillo93', 'mlowney', 'afordyc2', 'xinyi0731', 'mlhua', 'zachbursich']"
2,36,140,14,12,"['blix1337', 'jyongc', 'bhateja1', 'hippocoon', 'moose', 'mholth2', 'afordyc2', 'pierce20', 'cha10', 'gromko1', 'vherr2', 'lelouch365789']",127,"['reddcube', 'ppaul2', 'singh64', 'erickuo2', 'e.f.297', 'khunaj', 'robertosuarez', 'yliu160', 'sukhusukhu', 'kim852', 'twu15', 'rene.lamb.7', 'fadarichev25', 'ksullivan1031', 'edgar369', 'husak2', 'gczajk93', 'chmilsk2', 'luka2', 'ehzheng2', 'do0de', 'jwu10', 'hyebyekadal', 'sanghani27', 'lburns4', 'robert59', 'agrabacki', 'kris.smith.33671', 'ciclark2', 'shinjani7', 'lflemin2', 'calculuswhiz', 'jfeldmn2', 'hewapar2', 'kwan7', 'skimonkey1092', 'abhijeet.s92', 'grahl2', 'lyy1218', 'insung0224', 'ben.li.33633', 'manfei.wu', 'chiutim', 'iamselewa', 'awhsu2', 'zzh915', 'aepolicht', 'anushir2', 'nquarto2', 'roosterxie', 'yiren3', 'hpowen6', 'aiwade', 'aramin2', 'victorboyu.li', 'rexchen2', 'doris263464790', 'dkt01', 'htycm', 'wie1', 'payal.vazirani', 'nagaban2', 'freed2', 'azamat.zhunussov', 'robel.arega.5', 'barber9', 'sean.barowsky', 'mcyang3', 'joe', 'sturt1', 'kecheng333', 'jkim449', 'yiumingh', 'jer2000', 'hlansing', 'bahearn2', 'xdjzero', 'adzhao2', 'rmoser2', 'mengcen.li.1', 'dbrack29810', 'aerwin12', 'ytang14', 'pasrich2', 'oscarto92', 'clay.chamberlain', 'sanchet2', 'seo32', 'user340', 'dschlai2', 'dsukrith', 'kevinnoh91', 'willxyz', 'mstyvejr', 'wangrenhan', 'okwon6', 'lauschk2', 'dariusz45', 'blackrose', 'rzuravel', 'fong12', 'tangyuhan123', 'daisycao111', 'tai8', 'mgonnella41', 'meng.huang.3551', 'rtarig2', 'clee0793', 'chaojiliqilin', 'mdreis2', 'sim1313', 'zijian.li.37', 'captcarisma', 'juniorping928', 'salfano', 'ashimiz2', 'jdille2', 'defamationmatrix', 'yyang70', 'travis.gham', 'mtf545', 'chewethy', 'shingyien085062', 'jones.jonathan.david', 'acastillo93', 'mlowney', 'zachbursich']",2,"['laurny3', None]",141,"['reddcube', 'ppaul2', 'singh64', 'erickuo2', 'e.f.297', 'khunaj', 'robertosuarez', 'yliu160', 'sukhusukhu', 'kim852', 'twu15', 'rene.lamb.7', 'fadarichev25', 'jyongc', 'bhateja1', 'ksullivan1031', 'vherr2', 'edgar369', 'husak2', 'gczajk93', 'chmilsk2', 'mholth2', 'luka2', 'ehzheng2', 'cha10', 'do0de', 'jwu10', 'hyebyekadal', 'sanghani27', 'lburns4', 'robert59', 'agrabacki', 'kris.smith.33671', 'ciclark2', 'pierce20', 'shinjani7', 'lflemin2', 'calculuswhiz', 'jfeldmn2', 'hewapar2', 'kwan7', 'skimonkey1092', 'abhijeet.s92', 'grahl2', 'lyy1218', 'insung0224', 'ben.li.33633', 'manfei.wu', 'chiutim', 'iamselewa', 'awhsu2', 'zzh915', 'aepolicht', 'anushir2', 'nquarto2', 'blix1337', 'roosterxie', 'yiren3', 'hpowen6', 'aiwade', 'aramin2', 'victorboyu.li', 'rexchen2', 'doris263464790', 'dkt01', 'htycm', 'wie1', 'payal.vazirani', 'nagaban2', 'freed2', 'azamat.zhunussov', 'robel.arega.5', 'barber9', 'sean.barowsky', 'mcyang3', 'joe', 'sturt1', 'kecheng333', 'jkim449', 'yiumingh', 'jer2000', 'hlansing', 'bahearn2', 'xdjzero', 'adzhao2', 'rmoser2', 'mengcen.li.1', 'gromko1', 'dbrack29810', 'laurny3', 'aerwin12', 'ytang14', 'pasrich2', 'oscarto92', 'moose', 'clay.chamberlain', 'sanchet2', 'seo32', 'user340', 'dschlai2', 'dsukrith', 'kevinnoh91', 'willxyz', 'mstyvejr', 'wangrenhan', 'okwon6', 'lauschk2', 'dariusz45', 'blackrose', 'rzuravel', 'fong12', 'tangyuhan123', 'daisycao111', 'tai8', 'mgonnella41', 'meng.huang.3551', 'rtarig2', 'clee0793', 'lelouch365789', 'chaojiliqilin', 'mdreis2', 'hippocoon', 'sim1313', 'zijian.li.37', 'captcarisma', 'juniorping928', 'salfano', 'ashimiz2', 'jdille2', 'defamationmatrix', 'yyang70', None, 'travis.gham', 'mtf545', 'chewethy', 'shingyien085062', 'jones.jonathan.david', 'acastillo93', 'mlowney', 'afordyc2', 'zachbursich']"
2,62,140,14,9,"['husak2', 'juniorping928', 'skimonkey1092', 'robert59', 'agrabacki', 'e.f.297', 'manfei.wu', 'iamselewa', 'zachbursich']",130,"['reddcube', 'ppaul2', 'singh64', 'erickuo2', 'khunaj', 'robertosuarez', 'yliu160', 'sukhusukhu', 'kim852', 'twu15', 'rene.lamb.7', 'fadarichev25', 'jyongc', 'bhateja1', 'ksullivan1031', 'vherr2', 'edgar369', 'gczajk93', 'chmilsk2', 'mholth2', 'luka2', 'ehzheng2', 'cha10', 'do0de', 'jwu10', 'hyebyekadal', 'sanghani27', 'lburns4', 'kris.smith.33671', 'ciclark2', 'pierce20', 'shinjani7', 'lflemin2', 'calculuswhiz', 'jfeldmn2', 'hewapar2', 'kwan7', 'abhijeet.s92', 'grahl2', 'lyy1218', 'insung0224', 'ben.li.33633', 'chiutim', 'awhsu2', 'zzh915', 'aepolicht', 'anushir2', 'nquarto2', 'blix1337', 'roosterxie', 'yiren3', 'hpowen6', 'aiwade', 'aramin2', 'victorboyu.li', 'rexchen2', 'doris263464790', 'dkt01', 'htycm', 'wie1', 'payal.vazirani', 'nagaban2', 'freed2', 'azamat.zhunussov', 'robel.arega.5', 'barber9', 'sean.barowsky', 'mcyang3', 'joe', 'sturt1', 'kecheng333', 'jkim449', 'yiumingh', 'jer2000', 'hlansing', 'bahearn2', 'xdjzero', 'adzhao2', 'rmoser2', 'mengcen.li.1', 'gromko1', 'dbrack29810', 'aerwin12', 'ytang14', 'pasrich2', 'oscarto92', 'moose', 'clay.chamberlain', 'sanchet2', 'seo32', 'user340', 'dschlai2', 'dsukrith', 'kevinnoh91', 'willxyz', 'mstyvejr', 'wangrenhan', 'okwon6', 'lauschk2', 'dariusz45', 'blackrose', 'rzuravel', 'fong12', 'tangyuhan123', 'daisycao111', 'tai8', 'mgonnella41', 'meng.huang.3551', 'rtarig2', 'clee0793', 'lelouch365789', 'chaojiliqilin', 'mdreis2', 'hippocoon', 'sim1313', 'zijian.li.37', 'captcarisma', 'salfano', 'ashimiz2', 'jdille2', 'defamationmatrix', 'yyang70', 'travis.gham', 'mtf545', 'chewethy', 'shingyien085062', 'jones.jonathan.david', 'acastillo93', 'mlowney', 'afordyc2']",5,"['jping2', 'milian2', 'sg2', None, 'tomic2']",144,"['reddcube', 'ppaul2', 'singh64', 'erickuo2', 'e.f.297', 'khunaj', 'robertosuarez', 'yliu160', 'sukhusukhu', 'kim852', 'twu15', 'rene.lamb.7', 'fadarichev25', 'jyongc', 'bhateja1', 'ksullivan1031', 'vherr2', 'edgar369', 'husak2', 'gczajk93', 'chmilsk2', 'mholth2', 'luka2', 'ehzheng2', 'cha10', 'do0de', 'jwu10', 'hyebyekadal', 'sanghani27', 'lburns4', 'robert59', 'agrabacki', 'kris.smith.33671', 'ciclark2', 'pierce20', 'shinjani7', 'lflemin2', 'calculuswhiz', 'jfeldmn2', 'hewapar2', 'kwan7', 'skimonkey1092', 'abhijeet.s92', 'grahl2', 'lyy1218', 'sg2', 'milian2', 'insung0224', 'ben.li.33633', 'manfei.wu', 'chiutim', 'iamselewa', 'awhsu2', 'zzh915', 'aepolicht', 'anushir2', 'nquarto2', 'blix1337', 'roosterxie', 'yiren3', 'hpowen6', 'aiwade', 'aramin2', 'victorboyu.li', 'rexchen2', 'doris263464790', 'dkt01', 'htycm', 'wie1', 'payal.vazirani', 'nagaban2', 'freed2', 'azamat.zhunussov', 'robel.arega.5', 'barber9', 'sean.barowsky', 'mcyang3', 'joe', 'sturt1', 'kecheng333', 'jkim449', 'yiumingh', 'jer2000', 'hlansing', 'jping2', 'bahearn2', 'xdjzero', 'adzhao2', 'rmoser2', 'mengcen.li.1', 'gromko1', 'dbrack29810', 'aerwin12', 'ytang14', 'pasrich2', 'oscarto92', 'moose', 'clay.chamberlain', 'sanchet2', 'seo32', 'user340', 'dschlai2', 'dsukrith', 'kevinnoh91', 'willxyz', 'mstyvejr', 'wangrenhan', 'okwon6', 'lauschk2', 'tomic2', 'dariusz45', 'blackrose', 'rzuravel', 'fong12', 'tangyuhan123', 'daisycao111', 'tai8', 'mgonnella41', 'meng.huang.3551', 'rtarig2', 'clee0793', 'lelouch365789', 'chaojiliqilin', 'mdreis2', 'hippocoon', 'sim1313', 'zijian.li.37', 'captcarisma', 'juniorping928', 'salfano', 'ashimiz2', 'jdille2', 'defamationmatrix', 'yyang70', None, 'travis.gham', 'mtf545', 'chewethy', 'shingyien085062', 'jones.jonathan.david', 'acastillo93', 'mlowney', 'afordyc2', 'zachbursich']"
2,53,140,11,8,"['barber9', 'juniorping928', 'jyongc', 'skimonkey1092', 'ashimiz2', 'robert59', 'kevinnoh91', 'iamselewa']",131,"['reddcube', 'ppaul2', 'singh64', 'erickuo2', 'e.f.297', 'khunaj', 'robertosuarez', 'yliu160', 'sukhusukhu', 'kim852', 'twu15', 'rene.lamb.7', 'fadarichev25', 'bhateja1', 'ksullivan1031', 'vherr2', 'edgar369', 'husak2', 'gczajk93', 'chmilsk2', 'mholth2', 'luka2', 'ehzheng2', 'cha10', 'do0de', 'jwu10', 'hyebyekadal', 'sanghani27', 'lburns4', 'agrabacki', 'kris.smith.33671', 'ciclark2', 'pierce20', 'shinjani7', 'lflemin2', 'calculuswhiz', 'jfeldmn2', 'hewapar2', 'kwan7', 'abhijeet.s92', 'grahl2', 'lyy1218', 'insung0224', 'ben.li.33633', 'manfei.wu', 'chiutim', 'awhsu2', 'zzh915', 'aepolicht', 'anushir2', 'nquarto2', 'blix1337', 'roosterxie', 'yiren3', 'hpowen6', 'aiwade', 'aramin2', 'victorboyu.li', 'rexchen2', 'doris263464790', 'dkt01', 'htycm', 'wie1', 'payal.vazirani', 'nagaban2', 'freed2', 'azamat.zhunussov', 'robel.arega.5', 'sean.barowsky', 'mcyang3', 'joe', 'sturt1', 'kecheng333', 'jkim449', 'yiumingh', 'jer2000', 'hlansing', 'bahearn2', 'xdjzero', 'adzhao2', 'rmoser2', 'mengcen.li.1', 'gromko1', 'dbrack29810', 'aerwin12', 'ytang14', 'pasrich2', 'oscarto92', 'moose', 'clay.chamberlain', 'sanchet2', 'seo32', 'user340', 'dschlai2', 'dsukrith', 'willxyz', 'mstyvejr', 'wangrenhan', 'okwon6', 'lauschk2', 'dariusz45', 'blackrose', 'rzuravel', 'fong12', 'tangyuhan123', 'daisycao111', 'tai8', 'mgonnella41', 'meng.huang.3551', 'rtarig2', 'clee0793', 'lelouch365789', 'chaojiliqilin', 'mdreis2', 'hippocoon', 'sim1313', 'zijian.li.37', 'captcarisma', 'salfano', 'jdille2', 'defamationmatrix', 'yyang70', 'travis.gham', 'mtf545', 'chewethy', 'shingyien085062', 'jones.jonathan.david', 'acastillo93', 'mlowney', 'afordyc2', 'zachbursich']",3,"['ocanasherreradavid', None, 'huangm26']",142,"['reddcube', 'ppaul2', 'singh64', 'erickuo2', 'e.f.297', 'khunaj', 'robertosuarez', 'yliu160', 'sukhusukhu', 'kim852', 'twu15', 'rene.lamb.7', 'fadarichev25', 'jyongc', 'bhateja1', 'ksullivan1031', 'vherr2', 'edgar369', 'husak2', 'gczajk93', 'chmilsk2', 'mholth2', 'luka2', 'ehzheng2', 'cha10', 'do0de', 'jwu10', 'hyebyekadal', 'sanghani27', 'lburns4', 'robert59', 'agrabacki', 'kris.smith.33671', 'ciclark2', 'pierce20', 'shinjani7', 'lflemin2', 'calculuswhiz', 'jfeldmn2', 'hewapar2', 'kwan7', 'skimonkey1092', 'abhijeet.s92', 'grahl2', 'lyy1218', 'insung0224', 'ben.li.33633', 'manfei.wu', 'chiutim', 'iamselewa', 'awhsu2', 'zzh915', 'aepolicht', 'anushir2', 'nquarto2', 'blix1337', 'roosterxie', 'yiren3', 'hpowen6', 'aiwade', 'aramin2', 'victorboyu.li', 'rexchen2', 'doris263464790', 'dkt01', 'htycm', 'wie1', 'huangm26', 'payal.vazirani', 'nagaban2', 'freed2', 'azamat.zhunussov', 'robel.arega.5', 'barber9', 'sean.barowsky', 'mcyang3', 'joe', 'sturt1', 'kecheng333', 'jkim449', 'yiumingh', 'jer2000', 'hlansing', 'bahearn2', 'xdjzero', 'adzhao2', 'rmoser2', 'mengcen.li.1', 'gromko1', 'dbrack29810', 'aerwin12', 'ytang14', 'pasrich2', 'oscarto92', 'moose', 'clay.chamberlain', 'sanchet2', 'seo32', 'user340', 'dschlai2', 'dsukrith', 'kevinnoh91', 'willxyz', 'mstyvejr', 'wangrenhan', 'okwon6', 'lauschk2', 'dariusz45', 'blackrose', 'rzuravel', 'fong12', 'tangyuhan123', 'daisycao111', 'tai8', 'mgonnella41', 'meng.huang.3551', 'rtarig2', 'clee0793', 'lelouch365789', 'ocanasherreradavid', 'chaojiliqilin', 'mdreis2', 'hippocoon', 'sim1313', 'zijian.li.37', 'captcarisma', 'juniorping928', 'salfano', 'ashimiz2', 'jdille2', 'defamationmatrix', 'yyang70', None, 'travis.gham', 'mtf545', 'chewethy', 'shingyien085062', 'jones.jonathan.david', 'acastillo93', 'mlowney', 'afordyc2', 'zachbursich']"
2,174,140,11,6,"['husak2', 'robert59', 'mlowney', 'manfei.wu', 'iamselewa', 'zachbursich']",133,"['reddcube', 'ppaul2', 'singh64', 'erickuo2', 'e.f.297', 'khunaj', 'robertosuarez', 'yliu160', 'sukhusukhu', 'kim852', 'twu15', 'rene.lamb.7', 'fadarichev25', 'jyongc', 'bhateja1', 'ksullivan1031', 'vherr2', 'edgar369', 'gczajk93', 'chmilsk2', 'mholth2', 'luka2', 'ehzheng2', 'cha10', 'do0de', 'jwu10', 'hyebyekadal', 'sanghani27', 'lburns4', 'agrabacki', 'kris.smith.33671', 'ciclark2', 'pierce20', 'shinjani7', 'lflemin2', 'calculuswhiz', 'jfeldmn2', 'hewapar2', 'kwan7', 'skimonkey1092', 'abhijeet.s92', 'grahl2', 'lyy1218', 'insung0224', 'ben.li.33633', 'chiutim', 'awhsu2', 'zzh915', 'aepolicht', 'anushir2', 'nquarto2', 'blix1337', 'roosterxie', 'yiren3', 'hpowen6', 'aiwade', 'aramin2', 'victorboyu.li', 'rexchen2', 'doris263464790', 'dkt01', 'htycm', 'wie1', 'payal.vazirani', 'nagaban2', 'freed2', 'azamat.zhunussov', 'robel.arega.5', 'barber9', 'sean.barowsky', 'mcyang3', 'joe', 'sturt1', 'kecheng333', 'jkim449', 'yiumingh', 'jer2000', 'hlansing', 'bahearn2', 'xdjzero', 'adzhao2', 'rmoser2', 'mengcen.li.1', 'gromko1', 'dbrack29810', 'aerwin12', 'ytang14', 'pasrich2', 'oscarto92', 'moose', 'clay.chamberlain', 'sanchet2', 'seo32', 'user340', 'dschlai2', 'dsukrith', 'kevinnoh91', 'willxyz', 'mstyvejr', 'wangrenhan', 'okwon6', 'lauschk2', 'dariusz45', 'blackrose', 'rzuravel', 'fong12', 'tangyuhan123', 'daisycao111', 'tai8', 'mgonnella41', 'meng.huang.3551', 'rtarig2', 'clee0793', 'lelouch365789', 'chaojiliqilin', 'mdreis2', 'hippocoon', 'sim1313', 'zijian.li.37', 'captcarisma', 'juniorping928', 'salfano', 'ashimiz2', 'jdille2', 'defamationmatrix', 'yyang70', 'travis.gham', 'mtf545', 'chewethy', 'shingyien085062', 'jones.jonathan.david', 'acastillo93', 'afordyc2']",5,"['s.goldfinger', 'kimitri', 'milian2', 'lee117', None]",144,"['reddcube', 'ppaul2', 'singh64', 'erickuo2', 'e.f.297', 'khunaj', 'robertosuarez', 'yliu160', 'sukhusukhu', 'kim852', 'twu15', 'rene.lamb.7', 'fadarichev25', 'jyongc', 'bhateja1', 'ksullivan1031', 'vherr2', 'edgar369', 'husak2', 'gczajk93', 'chmilsk2', 'mholth2', 'luka2', 'ehzheng2', 'lee117', 'cha10', 'do0de', 'jwu10', 'hyebyekadal', 'sanghani27', 'lburns4', 'robert59', 'agrabacki', 'kris.smith.33671', 'ciclark2', 'pierce20', 'shinjani7', 'lflemin2', 'calculuswhiz', 'jfeldmn2', 'hewapar2', 'kwan7', 'skimonkey1092', 'abhijeet.s92', 'grahl2', 'lyy1218', 'milian2', 'insung0224', 'ben.li.33633', 'manfei.wu', 'chiutim', 'iamselewa', 'awhsu2', 'zzh915', 'aepolicht', 'anushir2', 'nquarto2', 'blix1337', 'roosterxie', 'yiren3', 'hpowen6', 'aiwade', 'aramin2', 'victorboyu.li', 'rexchen2', 'doris263464790', 'dkt01', 'htycm', 'wie1', 'payal.vazirani', 'nagaban2', 'freed2', 'azamat.zhunussov', 'robel.arega.5', 'barber9', 's.goldfinger', 'sean.barowsky', 'mcyang3', 'joe', 'sturt1', 'kecheng333', 'jkim449', 'yiumingh', 'jer2000', 'hlansing', 'bahearn2', 'xdjzero', 'adzhao2', 'rmoser2', 'mengcen.li.1', 'gromko1', 'dbrack29810', 'aerwin12', 'ytang14', 'pasrich2', 'oscarto92', 'moose', 'clay.chamberlain', 'sanchet2', 'seo32', 'user340', 'dschlai2', 'dsukrith', 'kevinnoh91', 'willxyz', 'mstyvejr', 'wangrenhan', 'okwon6', 'lauschk2', 'dariusz45', 'blackrose', 'rzuravel', 'fong12', 'tangyuhan123', 'daisycao111', 'tai8', 'mgonnella41', 'meng.huang.3551', 'rtarig2', 'clee0793', 'lelouch365789', 'kimitri', 'chaojiliqilin', 'mdreis2', 'hippocoon', 'sim1313', 'zijian.li.37', 'captcarisma', 'juniorping928', 'salfano', 'ashimiz2', 'jdille2', 'defamationmatrix', 'yyang70', None, 'travis.gham', 'mtf545', 'chewethy', 'shingyien085062', 'jones.jonathan.david', 'acastillo93', 'mlowney', 'afordyc2', 'zachbursich']"
2,173,140,10,6,"['barber9', 'jyongc', 'kevinnoh91', 'ehzheng2', 'clee0793', 'lflemin2']",133,"['reddcube', 'ppaul2', 'singh64', 'erickuo2', 'e.f.297', 'khunaj', 'robertosuarez', 'yliu160', 'sukhusukhu', 'kim852', 'twu15', 'rene.lamb.7', 'fadarichev25', 'bhateja1', 'ksullivan1031', 'vherr2', 'edgar369', 'husak2', 'gczajk93', 'chmilsk2', 'mholth2', 'luka2', 'cha10', 'do0de', 'jwu10', 'hyebyekadal', 'sanghani27', 'lburns4', 'robert59', 'agrabacki', 'kris.smith.33671', 'ciclark2', 'pierce20', 'shinjani7', 'calculuswhiz', 'jfeldmn2', 'hewapar2', 'kwan7', 'skimonkey1092', 'abhijeet.s92', 'grahl2', 'lyy1218', 'insung0224', 'ben.li.33633', 'manfei.wu', 'chiutim', 'iamselewa', 'awhsu2', 'zzh915', 'aepolicht', 'anushir2', 'nquarto2', 'blix1337', 'roosterxie', 'yiren3', 'hpowen6', 'aiwade', 'aramin2', 'victorboyu.li', 'rexchen2', 'doris263464790', 'dkt01', 'htycm', 'wie1', 'payal.vazirani', 'nagaban2', 'freed2', 'azamat.zhunussov', 'robel.arega.5', 'sean.barowsky', 'mcyang3', 'joe', 'sturt1', 'kecheng333', 'jkim449', 'yiumingh', 'jer2000', 'hlansing', 'bahearn2', 'xdjzero', 'adzhao2', 'rmoser2', 'mengcen.li.1', 'gromko1', 'dbrack29810', 'aerwin12', 'ytang14', 'pasrich2', 'oscarto92', 'moose', 'clay.chamberlain', 'sanchet2', 'seo32', 'user340', 'dschlai2', 'dsukrith', 'willxyz', 'mstyvejr', 'wangrenhan', 'okwon6', 'lauschk2', 'dariusz45', 'blackrose', 'rzuravel', 'fong12', 'tangyuhan123', 'daisycao111', 'tai8', 'mgonnella41', 'meng.huang.3551', 'rtarig2', 'lelouch365789', 'chaojiliqilin', 'mdreis2', 'hippocoon', 'sim1313', 'zijian.li.37', 'captcarisma', 'juniorping928', 'salfano', 'ashimiz2', 'jdille2', 'defamationmatrix', 'yyang70', 'travis.gham', 'mtf545', 'chewethy', 'shingyien085062', 'jones.jonathan.david', 'acastillo93', 'mlowney', 'afordyc2', 'zachbursich']",4,"['alfgust', 'awesome.young.choi', None, 'jake.mozack']",143,"['reddcube', 'ppaul2', 'singh64', 'erickuo2', 'e.f.297', 'khunaj', 'robertosuarez', 'yliu160', 'sukhusukhu', 'kim852', 'twu15', 'rene.lamb.7', 'fadarichev25', 'jyongc', 'bhateja1', 'ksullivan1031', 'vherr2', 'edgar369', 'husak2', 'gczajk93', 'chmilsk2', 'mholth2', 'luka2', 'ehzheng2', 'cha10', 'do0de', 'jwu10', 'hyebyekadal', 'sanghani27', 'lburns4', 'robert59', 'agrabacki', 'kris.smith.33671', 'ciclark2', 'pierce20', 'shinjani7', 'lflemin2', 'calculuswhiz', 'jfeldmn2', 'alfgust', 'hewapar2', 'kwan7', 'skimonkey1092', 'abhijeet.s92', 'grahl2', 'lyy1218', 'insung0224', 'ben.li.33633', 'manfei.wu', 'chiutim', 'iamselewa', 'awhsu2', 'zzh915', 'aepolicht', 'anushir2', 'nquarto2', 'blix1337', 'roosterxie', 'yiren3', 'hpowen6', 'aiwade', 'aramin2', 'victorboyu.li', 'rexchen2', 'doris263464790', 'awesome.young.choi', 'dkt01', 'htycm', 'wie1', 'payal.vazirani', 'nagaban2', 'freed2', 'azamat.zhunussov', 'robel.arega.5', 'barber9', 'sean.barowsky', 'mcyang3', 'joe', 'sturt1', 'kecheng333', 'jkim449', 'yiumingh', 'jer2000', 'hlansing', 'bahearn2', 'xdjzero', 'adzhao2', 'rmoser2', 'mengcen.li.1', 'gromko1', 'dbrack29810', 'aerwin12', 'ytang14', 'pasrich2', 'oscarto92', 'moose', 'clay.chamberlain', 'sanchet2', 'seo32', 'user340', 'dschlai2', 'dsukrith', 'kevinnoh91', 'willxyz', 'mstyvejr', 'wangrenhan', 'okwon6', 'lauschk2', 'dariusz45', 'blackrose', 'rzuravel', 'fong12', 'tangyuhan123', 'daisycao111', 'tai8', 'mgonnella41', 'meng.huang.3551', 'rtarig2', 'clee0793', 'lelouch365789', 'chaojiliqilin', 'mdreis2', 'hippocoon', 'sim1313', 'zijian.li.37', 'captcarisma', 'juniorping928', 'jake.mozack', 'salfano', 'ashimiz2', 'jdille2', 'defamationmatrix', 'yyang70', None, 'travis.gham', 'mtf545', 'chewethy', 'shingyien085062', 'jones.jonathan.david', 'acastillo93', 'mlowney', 'afordyc2', 'zachbursich']"
2,176,140,10,8,"['hippocoon', 'luka2', 'mstyvejr', 'payal.vazirani', 'joe', 'vherr2', 'freed2', 'robel.arega.5']",131,"['reddcube', 'ppaul2', 'singh64', 'erickuo2', 'e.f.297', 'khunaj', 'robertosuarez', 'yliu160', 'sukhusukhu', 'kim852', 'twu15', 'rene.lamb.7', 'fadarichev25', 'jyongc', 'bhateja1', 'ksullivan1031', 'edgar369', 'husak2', 'gczajk93', 'chmilsk2', 'mholth2', 'ehzheng2', 'cha10', 'do0de', 'jwu10', 'hyebyekadal', 'sanghani27', 'lburns4', 'robert59', 'agrabacki', 'kris.smith.33671', 'ciclark2', 'pierce20', 'shinjani7', 'lflemin2', 'calculuswhiz', 'jfeldmn2', 'hewapar2', 'kwan7', 'skimonkey1092', 'abhijeet.s92', 'grahl2', 'lyy1218', 'insung0224', 'ben.li.33633', 'manfei.wu', 'chiutim', 'iamselewa', 'awhsu2', 'zzh915', 'aepolicht', 'anushir2', 'nquarto2', 'blix1337', 'roosterxie', 'yiren3', 'hpowen6', 'aiwade', 'aramin2', 'victorboyu.li', 'rexchen2', 'doris263464790', 'dkt01', 'htycm', 'wie1', 'nagaban2', 'azamat.zhunussov', 'barber9', 'sean.barowsky', 'mcyang3', 'sturt1', 'kecheng333', 'jkim449', 'yiumingh', 'jer2000', 'hlansing', 'bahearn2', 'xdjzero', 'adzhao2', 'rmoser2', 'mengcen.li.1', 'gromko1', 'dbrack29810', 'aerwin12', 'ytang14', 'pasrich2', 'oscarto92', 'moose', 'clay.chamberlain', 'sanchet2', 'seo32', 'user340', 'dschlai2', 'dsukrith', 'kevinnoh91', 'willxyz', 'wangrenhan', 'okwon6', 'lauschk2', 'dariusz45', 'blackrose', 'rzuravel', 'fong12', 'tangyuhan123', 'daisycao111', 'tai8', 'mgonnella41', 'meng.huang.3551', 'rtarig2', 'clee0793', 'lelouch365789', 'chaojiliqilin', 'mdreis2', 'sim1313', 'zijian.li.37', 'captcarisma', 'juniorping928', 'salfano', 'ashimiz2', 'jdille2', 'defamationmatrix', 'yyang70', 'travis.gham', 'mtf545', 'chewethy', 'shingyien085062', 'jones.jonathan.david', 'acastillo93', 'mlowney', 'afordyc2', 'zachbursich']",2,"['zwidder', None]",141,"['reddcube', 'ppaul2', 'singh64', 'erickuo2', 'e.f.297', 'khunaj', 'robertosuarez', 'yliu160', 'sukhusukhu', 'kim852', 'twu15', 'rene.lamb.7', 'fadarichev25', 'jyongc', 'bhateja1', 'ksullivan1031', 'vherr2', 'edgar369', 'husak2', 'gczajk93', 'chmilsk2', 'mholth2', 'luka2', 'ehzheng2', 'cha10', 'do0de', 'jwu10', 'hyebyekadal', 'sanghani27', 'lburns4', 'robert59', 'agrabacki', 'kris.smith.33671', 'ciclark2', 'pierce20', 'shinjani7', 'lflemin2', 'calculuswhiz', 'jfeldmn2', 'hewapar2', 'kwan7', 'skimonkey1092', 'abhijeet.s92', 'grahl2', 'lyy1218', 'insung0224', 'ben.li.33633', 'manfei.wu', 'chiutim', 'iamselewa', 'awhsu2', 'zzh915', 'aepolicht', 'anushir2', 'nquarto2', 'blix1337', 'roosterxie', 'yiren3', 'hpowen6', 'aiwade', 'aramin2', 'victorboyu.li', 'rexchen2', 'doris263464790', 'dkt01', 'htycm', 'wie1', 'payal.vazirani', 'nagaban2', 'freed2', 'azamat.zhunussov', 'robel.arega.5', 'barber9', 'sean.barowsky', 'mcyang3', 'joe', 'sturt1', 'kecheng333', 'jkim449', 'yiumingh', 'jer2000', 'hlansing', 'bahearn2', 'xdjzero', 'adzhao2', 'rmoser2', 'mengcen.li.1', 'gromko1', 'dbrack29810', 'aerwin12', 'ytang14', 'pasrich2', 'oscarto92', 'moose', 'clay.chamberlain', 'sanchet2', 'zwidder', 'seo32', 'user340', 'dschlai2', 'dsukrith', 'kevinnoh91', 'willxyz', 'mstyvejr', 'wangrenhan', 'okwon6', 'lauschk2', 'dariusz45', 'blackrose', 'rzuravel', 'fong12', 'tangyuhan123', 'daisycao111', 'tai8', 'mgonnella41', 'meng.huang.3551', 'rtarig2', 'clee0793', 'lelouch365789', 'chaojiliqilin', 'mdreis2', 'hippocoon', 'sim1313', 'zijian.li.37', 'captcarisma', 'juniorping928', 'salfano', 'ashimiz2', 'jdille2', 'defamationmatrix', 'yyang70', None, 'travis.gham', 'mtf545', 'chewethy', 'shingyien085062', 'jones.jonathan.david', 'acastillo93', 'mlowney', 'afordyc2', 'zachbursich']"
2,63,140,9,6,"['hippocoon', 'sim1313', 'luka2', 'joe', 'vherr2', 'freed2']",133,"['reddcube', 'ppaul2', 'singh64', 'erickuo2', 'e.f.297', 'khunaj', 'robertosuarez', 'yliu160', 'sukhusukhu', 'kim852', 'twu15', 'rene.lamb.7', 'fadarichev25', 'jyongc', 'bhateja1', 'ksullivan1031', 'edgar369', 'husak2', 'gczajk93', 'chmilsk2', 'mholth2', 'ehzheng2', 'cha10', 'do0de', 'jwu10', 'hyebyekadal', 'sanghani27', 'lburns4', 'robert59', 'agrabacki', 'kris.smith.33671', 'ciclark2', 'pierce20', 'shinjani7', 'lflemin2', 'calculuswhiz', 'jfeldmn2', 'hewapar2', 'kwan7', 'skimonkey1092', 'abhijeet.s92', 'grahl2', 'lyy1218', 'insung0224', 'ben.li.33633', 'manfei.wu', 'chiutim', 'iamselewa', 'awhsu2', 'zzh915', 'aepolicht', 'anushir2', 'nquarto2', 'blix1337', 'roosterxie', 'yiren3', 'hpowen6', 'aiwade', 'aramin2', 'victorboyu.li', 'rexchen2', 'doris263464790', 'dkt01', 'htycm', 'wie1', 'payal.vazirani', 'nagaban2', 'azamat.zhunussov', 'robel.arega.5', 'barber9', 'sean.barowsky', 'mcyang3', 'sturt1', 'kecheng333', 'jkim449', 'yiumingh', 'jer2000', 'hlansing', 'bahearn2', 'xdjzero', 'adzhao2', 'rmoser2', 'mengcen.li.1', 'gromko1', 'dbrack29810', 'aerwin12', 'ytang14', 'pasrich2', 'oscarto92', 'moose', 'clay.chamberlain', 'sanchet2', 'seo32', 'user340', 'dschlai2', 'dsukrith', 'kevinnoh91', 'willxyz', 'mstyvejr', 'wangrenhan', 'okwon6', 'lauschk2', 'dariusz45', 'blackrose', 'rzuravel', 'fong12', 'tangyuhan123', 'daisycao111', 'tai8', 'mgonnella41', 'meng.huang.3551', 'rtarig2', 'clee0793', 'lelouch365789', 'chaojiliqilin', 'mdreis2', 'zijian.li.37', 'captcarisma', 'juniorping928', 'salfano', 'ashimiz2', 'jdille2', 'defamationmatrix', 'yyang70', 'travis.gham', 'mtf545', 'chewethy', 'shingyien085062', 'jones.jonathan.david', 'acastillo93', 'mlowney', 'afordyc2', 'zachbursich']",3,"['deigan2', 'tan.ozdogan', None]",142,"['reddcube', 'ppaul2', 'singh64', 'erickuo2', 'e.f.297', 'khunaj', 'robertosuarez', 'yliu160', 'sukhusukhu', 'kim852', 'twu15', 'rene.lamb.7', 'fadarichev25', 'jyongc', 'bhateja1', 'tan.ozdogan', 'ksullivan1031', 'vherr2', 'edgar369', 'husak2', 'gczajk93', 'chmilsk2', 'mholth2', 'luka2', 'ehzheng2', 'cha10', 'do0de', 'jwu10', 'hyebyekadal', 'sanghani27', 'lburns4', 'robert59', 'agrabacki', 'kris.smith.33671', 'ciclark2', 'pierce20', 'shinjani7', 'lflemin2', 'calculuswhiz', 'jfeldmn2', 'hewapar2', 'kwan7', 'skimonkey1092', 'abhijeet.s92', 'grahl2', 'lyy1218', 'insung0224', 'ben.li.33633', 'manfei.wu', 'chiutim', 'iamselewa', 'awhsu2', 'zzh915', 'aepolicht', 'anushir2', 'nquarto2', 'blix1337', 'roosterxie', 'yiren3', 'hpowen6', 'aiwade', 'aramin2', 'victorboyu.li', 'rexchen2', 'doris263464790', 'dkt01', 'htycm', 'wie1', 'payal.vazirani', 'nagaban2', 'freed2', 'azamat.zhunussov', 'robel.arega.5', 'barber9', 'sean.barowsky', 'mcyang3', 'joe', 'sturt1', 'kecheng333', 'jkim449', 'yiumingh', 'jer2000', 'hlansing', 'bahearn2', 'xdjzero', 'adzhao2', 'rmoser2', 'mengcen.li.1', 'gromko1', 'dbrack29810', 'aerwin12', 'ytang14', 'pasrich2', 'oscarto92', 'moose', 'clay.chamberlain', 'sanchet2', 'seo32', 'user340', 'dschlai2', 'dsukrith', 'kevinnoh91', 'willxyz', 'mstyvejr', 'wangrenhan', 'okwon6', 'lauschk2', 'dariusz45', 'blackrose', 'rzuravel', 'fong12', 'tangyuhan123', 'daisycao111', 'tai8', 'mgonnella41', 'meng.huang.3551', 'rtarig2', 'clee0793', 'lelouch365789', 'chaojiliqilin', 'mdreis2', 'hippocoon', 'sim1313', 'zijian.li.37', 'deigan2', 'captcarisma', 'juniorping928', 'salfano', 'ashimiz2', 'jdille2', 'defamationmatrix', 'yyang70', None, 'travis.gham', 'mtf545', 'chewethy', 'shingyien085062', 'jones.jonathan.david', 'acastillo93', 'mlowney', 'afordyc2', 'zachbursich']"
2,104,140,9,5,"['juniorping928', 'robert59', 'agrabacki', 'iamselewa', 'zachbursich']",134,"['reddcube', 'ppaul2', 'singh64', 'erickuo2', 'e.f.297', 'khunaj', 'robertosuarez', 'yliu160', 'sukhusukhu', 'kim852', 'twu15', 'rene.lamb.7', 'fadarichev25', 'jyongc', 'bhateja1', 'ksullivan1031', 'vherr2', 'edgar369', 'husak2', 'gczajk93', 'chmilsk2', 'mholth2', 'luka2', 'ehzheng2', 'cha10', 'do0de', 'jwu10', 'hyebyekadal', 'sanghani27', 'lburns4', 'kris.smith.33671', 'ciclark2', 'pierce20', 'shinjani7', 'lflemin2', 'calculuswhiz', 'jfeldmn2', 'hewapar2', 'kwan7', 'skimonkey1092', 'abhijeet.s92', 'grahl2', 'lyy1218', 'insung0224', 'ben.li.33633', 'manfei.wu', 'chiutim', 'awhsu2', 'zzh915', 'aepolicht', 'anushir2', 'nquarto2', 'blix1337', 'roosterxie', 'yiren3', 'hpowen6', 'aiwade', 'aramin2', 'victorboyu.li', 'rexchen2', 'doris263464790', 'dkt01', 'htycm', 'wie1', 'payal.vazirani', 'nagaban2', 'freed2', 'azamat.zhunussov', 'robel.arega.5', 'barber9', 'sean.barowsky', 'mcyang3', 'joe', 'sturt1', 'kecheng333', 'jkim449', 'yiumingh', 'jer2000', 'hlansing', 'bahearn2', 'xdjzero', 'adzhao2', 'rmoser2', 'mengcen.li.1', 'gromko1', 'dbrack29810', 'aerwin12', 'ytang14', 'pasrich2', 'oscarto92', 'moose', 'clay.chamberlain', 'sanchet2', 'seo32', 'user340', 'dschlai2', 'dsukrith', 'kevinnoh91', 'willxyz', 'mstyvejr', 'wangrenhan', 'okwon6', 'lauschk2', 'dariusz45', 'blackrose', 'rzuravel', 'fong12', 'tangyuhan123', 'daisycao111', 'tai8', 'mgonnella41', 'meng.huang.3551', 'rtarig2', 'clee0793', 'lelouch365789', 'chaojiliqilin', 'mdreis2', 'hippocoon', 'sim1313', 'zijian.li.37', 'captcarisma', 'salfano', 'ashimiz2', 'jdille2', 'defamationmatrix', 'yyang70', 'travis.gham', 'mtf545', 'chewethy', 'shingyien085062', 'jones.jonathan.david', 'acastillo93', 'mlowney', 'afordyc2']",4,"['pwalerow1', 'ocanasherreradavid', None, 'milian2']",143,"['reddcube', 'ppaul2', 'singh64', 'erickuo2', 'e.f.297', 'khunaj', 'robertosuarez', 'yliu160', 'sukhusukhu', 'kim852', 'twu15', 'rene.lamb.7', 'fadarichev25', 'jyongc', 'bhateja1', 'ksullivan1031', 'vherr2', 'edgar369', 'husak2', 'gczajk93', 'chmilsk2', 'mholth2', 'luka2', 'ehzheng2', 'cha10', 'do0de', 'jwu10', 'hyebyekadal', 'sanghani27', 'lburns4', 'robert59', 'agrabacki', 'kris.smith.33671', 'ciclark2', 'pierce20', 'shinjani7', 'lflemin2', 'calculuswhiz', 'jfeldmn2', 'hewapar2', 'kwan7', 'skimonkey1092', 'abhijeet.s92', 'grahl2', 'lyy1218', 'milian2', 'insung0224', 'ben.li.33633', 'manfei.wu', 'chiutim', 'iamselewa', 'awhsu2', 'zzh915', 'aepolicht', 'anushir2', 'nquarto2', 'blix1337', 'roosterxie', 'yiren3', 'hpowen6', 'aiwade', 'aramin2', 'victorboyu.li', 'rexchen2', 'doris263464790', 'dkt01', 'htycm', 'wie1', 'payal.vazirani', 'nagaban2', 'freed2', 'azamat.zhunussov', 'robel.arega.5', 'barber9', 'sean.barowsky', 'mcyang3', 'joe', 'sturt1', 'kecheng333', 'jkim449', 'yiumingh', 'jer2000', 'hlansing', 'bahearn2', 'xdjzero', 'adzhao2', 'rmoser2', 'mengcen.li.1', 'pwalerow1', 'gromko1', 'dbrack29810', 'aerwin12', 'ytang14', 'pasrich2', 'oscarto92', 'moose', 'clay.chamberlain', 'sanchet2', 'seo32', 'user340', 'dschlai2', 'dsukrith', 'kevinnoh91', 'willxyz', 'mstyvejr', 'wangrenhan', 'okwon6', 'lauschk2', 'dariusz45', 'blackrose', 'rzuravel', 'fong12', 'tangyuhan123', 'daisycao111', 'tai8', 'mgonnella41', 'meng.huang.3551', 'rtarig2', 'clee0793', 'lelouch365789', 'ocanasherreradavid', 'chaojiliqilin', 'mdreis2', 'hippocoon', 'sim1313', 'zijian.li.37', 'captcarisma', 'juniorping928', 'salfano', 'ashimiz2', 'jdille2', 'defamationmatrix', 'yyang70', None, 'travis.gham', 'mtf545', 'chewethy', 'shingyien085062', 'jones.jonathan.david', 'acastillo93', 'mlowney', 'afordyc2', 'zachbursich']"
2,105,140,8,7,"['hippocoon', 'wie1', 'sim1313', 'luka2', 'payal.vazirani', 'joe', 'freed2']",132,"['reddcube', 'ppaul2', 'singh64', 'erickuo2', 'e.f.297', 'khunaj', 'robertosuarez', 'yliu160', 'sukhusukhu', 'kim852', 'twu15', 'rene.lamb.7', 'fadarichev25', 'jyongc', 'bhateja1', 'ksullivan1031', 'vherr2', 'edgar369', 'husak2', 'gczajk93', 'chmilsk2', 'mholth2', 'ehzheng2', 'cha10', 'do0de', 'jwu10', 'hyebyekadal', 'sanghani27', 'lburns4', 'robert59', 'agrabacki', 'kris.smith.33671', 'ciclark2', 'pierce20', 'shinjani7', 'lflemin2', 'calculuswhiz', 'jfeldmn2', 'hewapar2', 'kwan7', 'skimonkey1092', 'abhijeet.s92', 'grahl2', 'lyy1218', 'insung0224', 'ben.li.33633', 'manfei.wu', 'chiutim', 'iamselewa', 'awhsu2', 'zzh915', 'aepolicht', 'anushir2', 'nquarto2', 'blix1337', 'roosterxie', 'yiren3', 'hpowen6', 'aiwade', 'aramin2', 'victorboyu.li', 'rexchen2', 'doris263464790', 'dkt01', 'htycm', 'nagaban2', 'azamat.zhunussov', 'robel.arega.5', 'barber9', 'sean.barowsky', 'mcyang3', 'sturt1', 'kecheng333', 'jkim449', 'yiumingh', 'jer2000', 'hlansing', 'bahearn2', 'xdjzero', 'adzhao2', 'rmoser2', 'mengcen.li.1', 'gromko1', 'dbrack29810', 'aerwin12', 'ytang14', 'pasrich2', 'oscarto92', 'moose', 'clay.chamberlain', 'sanchet2', 'seo32', 'user340', 'dschlai2', 'dsukrith', 'kevinnoh91', 'willxyz', 'mstyvejr', 'wangrenhan', 'okwon6', 'lauschk2', 'dariusz45', 'blackrose', 'rzuravel', 'fong12', 'tangyuhan123', 'daisycao111', 'tai8', 'mgonnella41', 'meng.huang.3551', 'rtarig2', 'clee0793', 'lelouch365789', 'chaojiliqilin', 'mdreis2', 'zijian.li.37', 'captcarisma', 'juniorping928', 'salfano', 'ashimiz2', 'jdille2', 'defamationmatrix', 'yyang70', 'travis.gham', 'mtf545', 'chewethy', 'shingyien085062', 'jones.jonathan.david', 'acastillo93', 'mlowney', 'afordyc2', 'zachbursich']",1,[None],140,"['reddcube', 'ppaul2', 'singh64', 'erickuo2', 'e.f.297', 'khunaj', 'robertosuarez', 'yliu160', 'sukhusukhu', 'kim852', 'twu15', 'rene.lamb.7', 'fadarichev25', 'jyongc', 'bhateja1', 'ksullivan1031', 'vherr2', 'edgar369', 'husak2', 'gczajk93', 'chmilsk2', 'mholth2', 'luka2', 'ehzheng2', 'cha10', 'do0de', 'jwu10', 'hyebyekadal', 'sanghani27', 'lburns4', 'robert59', 'agrabacki', 'kris.smith.33671', 'ciclark2', 'pierce20', 'shinjani7', 'lflemin2', 'calculuswhiz', 'jfeldmn2', 'hewapar2', 'kwan7', 'skimonkey1092', 'abhijeet.s92', 'grahl2', 'lyy1218', 'insung0224', 'ben.li.33633', 'manfei.wu', 'chiutim', 'iamselewa', 'awhsu2', 'zzh915', 'aepolicht', 'anushir2', 'nquarto2', 'blix1337', 'roosterxie', 'yiren3', 'hpowen6', 'aiwade', 'aramin2', 'victorboyu.li', 'rexchen2', 'doris263464790', 'dkt01', 'htycm', 'wie1', 'payal.vazirani', 'nagaban2', 'freed2', 'azamat.zhunussov', 'robel.arega.5', 'barber9', 'sean.barowsky', 'mcyang3', 'joe', 'sturt1', 'kecheng333', 'jkim449', 'yiumingh', 'jer2000', 'hlansing', 'bahearn2', 'xdjzero', 'adzhao2', 'rmoser2', 'mengcen.li.1', 'gromko1', 'dbrack29810', 'aerwin12', 'ytang14', 'pasrich2', 'oscarto92', 'moose', 'clay.chamberlain', 'sanchet2', 'seo32', 'user340', 'dschlai2', 'dsukrith', 'kevinnoh91', 'willxyz', 'mstyvejr', 'wangrenhan', 'okwon6', 'lauschk2', 'dariusz45', 'blackrose', 'rzuravel', 'fong12', 'tangyuhan123', 'daisycao111', 'tai8', 'mgonnella41', 'meng.huang.3551', 'rtarig2', 'clee0793', 'lelouch365789', 'chaojiliqilin', 'mdreis2', 'hippocoon', 'sim1313', 'zijian.li.37', 'captcarisma', 'juniorping928', 'salfano', 'ashimiz2', 'jdille2', 'defamationmatrix', 'yyang70', None, 'travis.gham', 'mtf545', 'chewethy', 'shingyien085062', 'jones.jonathan.david', 'acastillo93', 'mlowney', 'afordyc2', 'zachbursich']"
2,177,140,8,6,"['doris263464790', 'lelouch365789', 'roosterxie', 'ciclark2', 'yyang70', 'azamat.zhunussov']",133,"['reddcube', 'ppaul2', 'singh64', 'erickuo2', 'e.f.297', 'khunaj', 'robertosuarez', 'yliu160', 'sukhusukhu', 'kim852', 'twu15', 'rene.lamb.7', 'fadarichev25', 'jyongc', 'bhateja1', 'ksullivan1031', 'vherr2', 'edgar369', 'husak2', 'gczajk93', 'chmilsk2', 'mholth2', 'luka2', 'ehzheng2', 'cha10', 'do0de', 'jwu10', 'hyebyekadal', 'sanghani27', 'lburns4', 'robert59', 'agrabacki', 'kris.smith.33671', 'pierce20', 'shinjani7', 'lflemin2', 'calculuswhiz', 'jfeldmn2', 'hewapar2', 'kwan7', 'skimonkey1092', 'abhijeet.s92', 'grahl2', 'lyy1218', 'insung0224', 'ben.li.33633', 'manfei.wu', 'chiutim', 'iamselewa', 'awhsu2', 'zzh915', 'aepolicht', 'anushir2', 'nquarto2', 'blix1337', 'yiren3', 'hpowen6', 'aiwade', 'aramin2', 'victorboyu.li', 'rexchen2', 'dkt01', 'htycm', 'wie1', 'payal.vazirani', 'nagaban2', 'freed2', 'robel.arega.5', 'barber9', 'sean.barowsky', 'mcyang3', 'joe', 'sturt1', 'kecheng333', 'jkim449', 'yiumingh', 'jer2000', 'hlansing', 'bahearn2', 'xdjzero', 'adzhao2', 'rmoser2', 'mengcen.li.1', 'gromko1', 'dbrack29810', 'aerwin12', 'ytang14', 'pasrich2', 'oscarto92', 'moose', 'clay.chamberlain', 'sanchet2', 'seo32', 'user340', 'dschlai2', 'dsukrith', 'kevinnoh91', 'willxyz', 'mstyvejr', 'wangrenhan', 'okwon6', 'lauschk2', 'dariusz45', 'blackrose', 'rzuravel', 'fong12', 'tangyuhan123', 'daisycao111', 'tai8', 'mgonnella41', 'meng.huang.3551', 'rtarig2', 'clee0793', 'chaojiliqilin', 'mdreis2', 'hippocoon', 'sim1313', 'zijian.li.37', 'captcarisma', 'juniorping928', 'salfano', 'ashimiz2', 'jdille2', 'defamationmatrix', 'travis.gham', 'mtf545', 'chewethy', 'shingyien085062', 'jones.jonathan.david', 'acastillo93', 'mlowney', 'afordyc2', 'zachbursich']",2,"['min16', None]",141,"['reddcube', 'ppaul2', 'singh64', 'erickuo2', 'e.f.297', 'khunaj', 'robertosuarez', 'yliu160', 'sukhusukhu', 'kim852', 'twu15', 'rene.lamb.7', 'fadarichev25', 'jyongc', 'bhateja1', 'ksullivan1031', 'vherr2', 'edgar369', 'husak2', 'gczajk93', 'chmilsk2', 'mholth2', 'luka2', 'ehzheng2', 'cha10', 'do0de', 'jwu10', 'hyebyekadal', 'sanghani27', 'lburns4', 'robert59', 'agrabacki', 'kris.smith.33671', 'ciclark2', 'pierce20', 'shinjani7', 'lflemin2', 'calculuswhiz', 'jfeldmn2', 'hewapar2', 'kwan7', 'skimonkey1092', 'abhijeet.s92', 'grahl2', 'lyy1218', 'insung0224', 'ben.li.33633', 'manfei.wu', 'chiutim', 'iamselewa', 'awhsu2', 'zzh915', 'aepolicht', 'anushir2', 'nquarto2', 'blix1337', 'roosterxie', 'yiren3', 'hpowen6', 'aiwade', 'aramin2', 'victorboyu.li', 'rexchen2', 'doris263464790', 'dkt01', 'htycm', 'wie1', 'payal.vazirani', 'nagaban2', 'freed2', 'azamat.zhunussov', 'robel.arega.5', 'barber9', 'sean.barowsky', 'mcyang3', 'joe', 'sturt1', 'kecheng333', 'jkim449', 'yiumingh', 'jer2000', 'hlansing', 'bahearn2', 'xdjzero', 'adzhao2', 'rmoser2', 'mengcen.li.1', 'gromko1', 'dbrack29810', 'aerwin12', 'ytang14', 'pasrich2', 'oscarto92', 'moose', 'clay.chamberlain', 'sanchet2', 'seo32', 'user340', 'dschlai2', 'dsukrith', 'kevinnoh91', 'willxyz', 'mstyvejr', 'wangrenhan', 'okwon6', 'lauschk2', 'dariusz45', 'blackrose', 'rzuravel', 'fong12', 'tangyuhan123', 'daisycao111', 'tai8', 'mgonnella41', 'meng.huang.3551', 'rtarig2', 'clee0793', 'lelouch365789', 'min16', 'chaojiliqilin', 'mdreis2', 'hippocoon', 'sim1313', 'zijian.li.37', 'captcarisma', 'juniorping928', 'salfano', 'ashimiz2', 'jdille2', 'defamationmatrix', 'yyang70', None, 'travis.gham', 'mtf545', 'chewethy', 'shingyien085062', 'jones.jonathan.david', 'acastillo93', 'mlowney', 'afordyc2', 'zachbursich']"
2,51,140,7,5,"['barber9', 'jyongc', 'acastillo93', 'iamselewa', 'robel.arega.5']",134,"['reddcube', 'ppaul2', 'singh64', 'erickuo2', 'e.f.297', 'khunaj', 'robertosuarez', 'yliu160', 'sukhusukhu', 'kim852', 'twu15', 'rene.lamb.7', 'fadarichev25', 'bhateja1', 'ksullivan1031', 'vherr2', 'edgar369', 'husak2', 'gczajk93', 'chmilsk2', 'mholth2', 'luka2', 'ehzheng2', 'cha10', 'do0de', 'jwu10', 'hyebyekadal', 'sanghani27', 'lburns4', 'robert59', 'agrabacki', 'kris.smith.33671', 'ciclark2', 'pierce20', 'shinjani7', 'lflemin2', 'calculuswhiz', 'jfeldmn2', 'hewapar2', 'kwan7', 'skimonkey1092', 'abhijeet.s92', 'grahl2', 'lyy1218', 'insung0224', 'ben.li.33633', 'manfei.wu', 'chiutim', 'awhsu2', 'zzh915', 'aepolicht', 'anushir2', 'nquarto2', 'blix1337', 'roosterxie', 'yiren3', 'hpowen6', 'aiwade', 'aramin2', 'victorboyu.li', 'rexchen2', 'doris263464790', 'dkt01', 'htycm', 'wie1', 'payal.vazirani', 'nagaban2', 'freed2', 'azamat.zhunussov', 'sean.barowsky', 'mcyang3', 'joe', 'sturt1', 'kecheng333', 'jkim449', 'yiumingh', 'jer2000', 'hlansing', 'bahearn2', 'xdjzero', 'adzhao2', 'rmoser2', 'mengcen.li.1', 'gromko1', 'dbrack29810', 'aerwin12', 'ytang14', 'pasrich2', 'oscarto92', 'moose', 'clay.chamberlain', 'sanchet2', 'seo32', 'user340', 'dschlai2', 'dsukrith', 'kevinnoh91', 'willxyz', 'mstyvejr', 'wangrenhan', 'okwon6', 'lauschk2', 'dariusz45', 'blackrose', 'rzuravel', 'fong12', 'tangyuhan123', 'daisycao111', 'tai8', 'mgonnella41', 'meng.huang.3551', 'rtarig2', 'clee0793', 'lelouch365789', 'chaojiliqilin', 'mdreis2', 'hippocoon', 'sim1313', 'zijian.li.37', 'captcarisma', 'juniorping928', 'salfano', 'ashimiz2', 'jdille2', 'defamationmatrix', 'yyang70', 'travis.gham', 'mtf545', 'chewethy', 'shingyien085062', 'jones.jonathan.david', 'mlowney', 'afordyc2', 'zachbursich']",2,"[None, 'dalemus']",141,"['reddcube', 'ppaul2', 'singh64', 'erickuo2', 'e.f.297', 'khunaj', 'robertosuarez', 'yliu160', 'sukhusukhu', 'kim852', 'twu15', 'rene.lamb.7', 'fadarichev25', 'jyongc', 'bhateja1', 'ksullivan1031', 'vherr2', 'edgar369', 'husak2', 'gczajk93', 'chmilsk2', 'mholth2', 'luka2', 'ehzheng2', 'cha10', 'do0de', 'jwu10', 'hyebyekadal', 'sanghani27', 'lburns4', 'robert59', 'agrabacki', 'kris.smith.33671', 'ciclark2', 'pierce20', 'shinjani7', 'lflemin2', 'calculuswhiz', 'jfeldmn2', 'hewapar2', 'kwan7', 'skimonkey1092', 'dalemus', 'abhijeet.s92', 'grahl2', 'lyy1218', 'insung0224', 'ben.li.33633', 'manfei.wu', 'chiutim', 'iamselewa', 'awhsu2', 'zzh915', 'aepolicht', 'anushir2', 'nquarto2', 'blix1337', 'roosterxie', 'yiren3', 'hpowen6', 'aiwade', 'aramin2', 'victorboyu.li', 'rexchen2', 'doris263464790', 'dkt01', 'htycm', 'wie1', 'payal.vazirani', 'nagaban2', 'freed2', 'azamat.zhunussov', 'robel.arega.5', 'barber9', 'sean.barowsky', 'mcyang3', 'joe', 'sturt1', 'kecheng333', 'jkim449', 'yiumingh', 'jer2000', 'hlansing', 'bahearn2', 'xdjzero', 'adzhao2', 'rmoser2', 'mengcen.li.1', 'gromko1', 'dbrack29810', 'aerwin12', 'ytang14', 'pasrich2', 'oscarto92', 'moose', 'clay.chamberlain', 'sanchet2', 'seo32', 'user340', 'dschlai2', 'dsukrith', 'kevinnoh91', 'willxyz', 'mstyvejr', 'wangrenhan', 'okwon6', 'lauschk2', 'dariusz45', 'blackrose', 'rzuravel', 'fong12', 'tangyuhan123', 'daisycao111', 'tai8', 'mgonnella41', 'meng.huang.3551', 'rtarig2', 'clee0793', 'lelouch365789', 'chaojiliqilin', 'mdreis2', 'hippocoon', 'sim1313', 'zijian.li.37', 'captcarisma', 'juniorping928', 'salfano', 'ashimiz2', 'jdille2', 'defamationmatrix', 'yyang70', None, 'travis.gham', 'mtf545', 'chewethy', 'shingyien085062', 'jones.jonathan.david', 'acastillo93', 'mlowney', 'afordyc2', 'zachbursich']"
2,54,140,7,5,"['zijian.li.37', 'anushir2', 'insung0224', 'khunaj', 'aepolicht']",134,"['reddcube', 'ppaul2', 'singh64', 'erickuo2', 'e.f.297', 'robertosuarez', 'yliu160', 'sukhusukhu', 'kim852', 'twu15', 'rene.lamb.7', 'fadarichev25', 'jyongc', 'bhateja1', 'ksullivan1031', 'vherr2', 'edgar369', 'husak2', 'gczajk93', 'chmilsk2', 'mholth2', 'luka2', 'ehzheng2', 'cha10', 'do0de', 'jwu10', 'hyebyekadal', 'sanghani27', 'lburns4', 'robert59', 'agrabacki', 'kris.smith.33671', 'ciclark2', 'pierce20', 'shinjani7', 'lflemin2', 'calculuswhiz', 'jfeldmn2', 'hewapar2', 'kwan7', 'skimonkey1092', 'abhijeet.s92', 'grahl2', 'lyy1218', 'ben.li.33633', 'manfei.wu', 'chiutim', 'iamselewa', 'awhsu2', 'zzh915', 'nquarto2', 'blix1337', 'roosterxie', 'yiren3', 'hpowen6', 'aiwade', 'aramin2', 'victorboyu.li', 'rexchen2', 'doris263464790', 'dkt01', 'htycm', 'wie1', 'payal.vazirani', 'nagaban2', 'freed2', 'azamat.zhunussov', 'robel.arega.5', 'barber9', 'sean.barowsky', 'mcyang3', 'joe', 'sturt1', 'kecheng333', 'jkim449', 'yiumingh', 'jer2000', 'hlansing', 'bahearn2', 'xdjzero', 'adzhao2', 'rmoser2', 'mengcen.li.1', 'gromko1', 'dbrack29810', 'aerwin12', 'ytang14', 'pasrich2', 'oscarto92', 'moose', 'clay.chamberlain', 'sanchet2', 'seo32', 'user340', 'dschlai2', 'dsukrith', 'kevinnoh91', 'willxyz', 'mstyvejr', 'wangrenhan', 'okwon6', 'lauschk2', 'dariusz45', 'blackrose', 'rzuravel', 'fong12', 'tangyuhan123', 'daisycao111', 'tai8', 'mgonnella41', 'meng.huang.3551', 'rtarig2', 'clee0793', 'lelouch365789', 'chaojiliqilin', 'mdreis2', 'hippocoon', 'sim1313', 'captcarisma', 'juniorping928', 'salfano', 'ashimiz2', 'jdille2', 'defamationmatrix', 'yyang70', 'travis.gham', 'mtf545', 'chewethy', 'shingyien085062', 'jones.jonathan.david', 'acastillo93', 'mlowney', 'afordyc2', 'zachbursich']",2,"[None, 'djinkorea']",141,"['reddcube', 'ppaul2', 'singh64', 'erickuo2', 'e.f.297', 'khunaj', 'robertosuarez', 'yliu160', 'sukhusukhu', 'kim852', 'twu15', 'rene.lamb.7', 'fadarichev25', 'jyongc', 'bhateja1', 'ksullivan1031', 'vherr2', 'edgar369', 'husak2', 'gczajk93', 'chmilsk2', 'mholth2', 'luka2', 'ehzheng2', 'cha10', 'do0de', 'jwu10', 'hyebyekadal', 'sanghani27', 'lburns4', 'robert59', 'agrabacki', 'kris.smith.33671', 'ciclark2', 'pierce20', 'shinjani7', 'lflemin2', 'calculuswhiz', 'jfeldmn2', 'hewapar2', 'kwan7', 'skimonkey1092', 'abhijeet.s92', 'grahl2', 'lyy1218', 'insung0224', 'ben.li.33633', 'manfei.wu', 'chiutim', 'iamselewa', 'awhsu2', 'zzh915', 'aepolicht', 'anushir2', 'nquarto2', 'blix1337', 'roosterxie', 'yiren3', 'hpowen6', 'aiwade', 'aramin2', 'victorboyu.li', 'rexchen2', 'doris263464790', 'dkt01', 'htycm', 'wie1', 'payal.vazirani', 'nagaban2', 'freed2', 'azamat.zhunussov', 'robel.arega.5', 'barber9', 'sean.barowsky', 'mcyang3', 'joe', 'sturt1', 'kecheng333', 'jkim449', 'yiumingh', 'jer2000', 'hlansing', 'bahearn2', 'xdjzero', 'adzhao2', 'rmoser2', 'mengcen.li.1', 'gromko1', 'dbrack29810', 'aerwin12', 'ytang14', 'pasrich2', 'oscarto92', 'moose', 'clay.chamberlain', 'sanchet2', 'seo32', 'user340', 'dschlai2', 'dsukrith', 'kevinnoh91', 'willxyz', 'mstyvejr', 'wangrenhan', 'okwon6', 'lauschk2', 'dariusz45', 'blackrose', 'rzuravel', 'fong12', 'tangyuhan123', 'daisycao111', 'tai8', 'mgonnella41', 'meng.huang.3551', 'rtarig2', 'clee0793', 'lelouch365789', 'chaojiliqilin', 'mdreis2', 'hippocoon', 'djinkorea', 'sim1313', 'zijian.li.37', 'captcarisma', 'juniorping928', 'salfano', 'ashimiz2', 'jdille2', 'defamationmatrix', 'yyang70', None, 'travis.gham', 'mtf545', 'chewethy', 'shingyien085062', 'jones.jonathan.david', 'acastillo93', 'mlowney', 'afordyc2', 'zachbursich']"
2,178,140,7,3,"['reddcube', 'yliu160', 'sim1313']",136,"['ppaul2', 'singh64', 'erickuo2', 'e.f.297', 'khunaj', 'robertosuarez', 'sukhusukhu', 'kim852', 'twu15', 'rene.lamb.7', 'fadarichev25', 'jyongc', 'bhateja1', 'ksullivan1031', 'vherr2', 'edgar369', 'husak2', 'gczajk93', 'chmilsk2', 'mholth2', 'luka2', 'ehzheng2', 'cha10', 'do0de', 'jwu10', 'hyebyekadal', 'sanghani27', 'lburns4', 'robert59', 'agrabacki', 'kris.smith.33671', 'ciclark2', 'pierce20', 'shinjani7', 'lflemin2', 'calculuswhiz', 'jfeldmn2', 'hewapar2', 'kwan7', 'skimonkey1092', 'abhijeet.s92', 'grahl2', 'lyy1218', 'insung0224', 'ben.li.33633', 'manfei.wu', 'chiutim', 'iamselewa', 'awhsu2', 'zzh915', 'aepolicht', 'anushir2', 'nquarto2', 'blix1337', 'roosterxie', 'yiren3', 'hpowen6', 'aiwade', 'aramin2', 'victorboyu.li', 'rexchen2', 'doris263464790', 'dkt01', 'htycm', 'wie1', 'payal.vazirani', 'nagaban2', 'freed2', 'azamat.zhunussov', 'robel.arega.5', 'barber9', 'sean.barowsky', 'mcyang3', 'joe', 'sturt1', 'kecheng333', 'jkim449', 'yiumingh', 'jer2000', 'hlansing', 'bahearn2', 'xdjzero', 'adzhao2', 'rmoser2', 'mengcen.li.1', 'gromko1', 'dbrack29810', 'aerwin12', 'ytang14', 'pasrich2', 'oscarto92', 'moose', 'clay.chamberlain', 'sanchet2', 'seo32', 'user340', 'dschlai2', 'dsukrith', 'kevinnoh91', 'willxyz', 'mstyvejr', 'wangrenhan', 'okwon6', 'lauschk2', 'dariusz45', 'blackrose', 'rzuravel', 'fong12', 'tangyuhan123', 'daisycao111', 'tai8', 'mgonnella41', 'meng.huang.3551', 'rtarig2', 'clee0793', 'lelouch365789', 'chaojiliqilin', 'mdreis2', 'hippocoon', 'zijian.li.37', 'captcarisma', 'juniorping928', 'salfano', 'ashimiz2', 'jdille2', 'defamationmatrix', 'yyang70', 'travis.gham', 'mtf545', 'chewethy', 'shingyien085062', 'jones.jonathan.david', 'acastillo93', 'mlowney', 'afordyc2', 'zachbursich']",4,"['jthereliable', None, 'livsong1992', 'sharma34']",143,"['reddcube', 'ppaul2', 'singh64', 'erickuo2', 'e.f.297', 'khunaj', 'robertosuarez', 'yliu160', 'sukhusukhu', 'kim852', 'twu15', 'rene.lamb.7', 'fadarichev25', 'jyongc', 'bhateja1', 'ksullivan1031', 'vherr2', 'edgar369', 'husak2', 'gczajk93', 'chmilsk2', 'jthereliable', 'mholth2', 'luka2', 'ehzheng2', 'cha10', 'do0de', 'jwu10', 'hyebyekadal', 'sanghani27', 'lburns4', 'robert59', 'agrabacki', 'kris.smith.33671', 'ciclark2', 'pierce20', 'shinjani7', 'lflemin2', 'calculuswhiz', 'jfeldmn2', 'hewapar2', 'kwan7', 'skimonkey1092', 'abhijeet.s92', 'grahl2', 'lyy1218', 'insung0224', 'ben.li.33633', 'manfei.wu', 'chiutim', 'iamselewa', 'awhsu2', 'zzh915', 'aepolicht', 'anushir2', 'nquarto2', 'blix1337', 'roosterxie', 'yiren3', 'hpowen6', 'aiwade', 'aramin2', 'victorboyu.li', 'rexchen2', 'doris263464790', 'dkt01', 'htycm', 'wie1', 'payal.vazirani', 'nagaban2', 'freed2', 'azamat.zhunussov', 'robel.arega.5', 'barber9', 'sean.barowsky', 'mcyang3', 'joe', 'sturt1', 'kecheng333', 'jkim449', 'yiumingh', 'jer2000', 'hlansing', 'bahearn2', 'xdjzero', 'adzhao2', 'rmoser2', 'mengcen.li.1', 'gromko1', 'dbrack29810', 'aerwin12', 'ytang14', 'pasrich2', 'oscarto92', 'moose', 'clay.chamberlain', 'sanchet2', 'sharma34', 'seo32', 'user340', 'dschlai2', 'dsukrith', 'kevinnoh91', 'willxyz', 'mstyvejr', 'wangrenhan', 'okwon6', 'lauschk2', 'dariusz45', 'blackrose', 'rzuravel', 'fong12', 'tangyuhan123', 'daisycao111', 'tai8', 'mgonnella41', 'meng.huang.3551', 'rtarig2', 'clee0793', 'lelouch365789', 'chaojiliqilin', 'mdreis2', 'hippocoon', 'livsong1992', 'sim1313', 'zijian.li.37', 'captcarisma', 'juniorping928', 'salfano', 'ashimiz2', 'jdille2', 'defamationmatrix', 'yyang70', None, 'travis.gham', 'mtf545', 'chewethy', 'shingyien085062', 'jones.jonathan.david', 'acastillo93', 'mlowney', 'afordyc2', 'zachbursich']"
3,75,124,94,90,"['feliperojas27', 'rweigel', 'yoon16', 'rsittema', 'prakul', 'narayananpr90', 'hmeixels', 'conner2', 'trohrbach', 'kfish105', 'krockwe', 'oortuzar', 'ddevgun', 'reesewhite', 'mzavesky', 'zjhascoolshoes', 'aparmly', 'mrlander', 'rooshapatel', 'yperez', 'mprober', 'nalluri', 'feliperojasgamboa', 'qidengyu', 'bamshoff', 'leising2011', 'daniel12', 'sbrack01', 'ssaldanh', 'iwhoang', 'herrerap', 'alqadia', 'labstuff', 'jayz93j', 'ktiono', 'garzag92', 'tpoc', 'wise7', 'cbarringer', 'aphuon', 'sam.powel17', 'tylersordelet', 'mthome', 'cunnin10', 'evanpope22', 'pseagrav', 'pluckebaum', 'mdurante', 'erikaaileen', 'kkalwan', 'ivanwu', 'jmoscoso', 'abenagh', 'tchon', 'smrc', 'kgriffith', 'bhattac0', 'jang36', 'mclausen', 'moore262', 'xue23', 'nikitadoshi', 'salas', 'tpaisarn', 'kbutler', 'melanie.andras', 'sungjin712', 'jrevenig423', 'sinclaic', 'curtinb', 'evessell', 'lorhpipa', 'aandriop', 'youngdo.yang', 'aggarwa2', 'maddoxj', 'singh160', 'cwilhoi', 'kdavis', 'nair0', 'mistryt', 'inoorani01', 'bob_haddix', 'jnahley', 'kumar115', 'smithwood17', 'butler16', 'jmickiew', 'chen814', 'chavez5']",33,"['shen85', 'harri202', 'btrimble', 'gpozasgu', 'kmccarthy', 'adhruva', 'marcelomorales51', 'hyzkimi03', 'jsun', 'white187', 'alizanich', 'zhou149', 'mkrawczy', 'eric.worley1', 'ighuneim', 'conner11', 'xykong', 'epena', 'chen753', 'sbarnett', 'shin59', 'zhaoziya', 'hannah.vosmeier', 'cdumer', 'yu93', 'jayaram1', 'zhao128', 'aaubakir', 'goetzk', 'wilker0', 'short9', 'jtaborgad', 'celestiallylvd1']",4,"['poji', 'caitlinr23', None, 'ekosik']",127,"['feliperojas27', 'rweigel', 'ekosik', 'yoon16', 'rsittema', 'btrimble', 'gpozasgu', 'narayananpr90', 'prakul', 'adhruva', 'hmeixels', 'conner2', 'trohrbach', 'zhou149', 'kfish105', 'conner11', 'krockwe', 'oortuzar', 'ddevgun', 'reesewhite', 'chen753', 'zjhascoolshoes', 'mzavesky', 'sbarnett', 'mrlander', 'aparmly', 'rooshapatel', 'yperez', 'mprober', 'feliperojasgamboa', 'nalluri', 'qidengyu', 'bamshoff', 'caitlinr23', 'jtaborgad', 'leising2011', 'daniel12', 'sbrack01', 'ssaldanh', 'iwhoang', 'kmccarthy', 'herrerap', 'jsun', 'alqadia', 'labstuff', 'mkrawczy', 'eric.worley1', 'jayz93j', 'ktiono', 'garzag92', 'tpoc', 'aphuon', 'wise7', 'cbarringer', 'sam.powel17', 'tylersordelet', 'mthome', 'cunnin10', 'zhao128', 'evanpope22', 'pseagrav', 'pluckebaum', 'mdurante', 'erikaaileen', 'shen85', 'kkalwan', 'ivanwu', 'jmoscoso', 'abenagh', 'tchon', 'smrc', 'hyzkimi03', 'kgriffith', 'white187', 'bhattac0', 'ighuneim', 'xykong', 'jang36', 'mclausen', 'moore262', 'xue23', 'nikitadoshi', 'salas', 'zhaoziya', 'hannah.vosmeier', 'cdumer', 'tpaisarn', 'kbutler', 'melanie.andras', 'sungjin712', 'jrevenig423', 'sinclaic', 'goetzk', 'short9', 'curtinb', 'evessell', 'lorhpipa', 'aandriop', 'harri202', 'marcelomorales51', 'youngdo.yang', 'celestiallylvd1', 'aggarwa2', 'maddoxj', 'alizanich', 'singh160', 'cwilhoi', 'kdavis', 'inoorani01', 'nair0', 'mistryt', 'bob_haddix', 'jnahley', 'kumar115', 'shin59', 'poji', None, 'smithwood17', 'yu93', 'jayaram1', 'butler16', 'aaubakir', 'jmickiew', 'wilker0', 'chen814', 'epena', 'chavez5']"
3,77,124,17,15,"['jayaram1', 'rweigel', 'nalluri', 'chen814', 'jrevenig423', 'moore262', 'mzavesky', 'abenagh', 'kmccarthy', 'adhruva', 'short9', 'hannah.vosmeier', 'inoorani01', 'ighuneim', 'trohrbach']",108,"['feliperojas27', 'erikaaileen', 'shen85', 'kkalwan', 'ivanwu', 'yoon16', 'rsittema', 'jmoscoso', 'btrimble', 'gpozasgu', 'narayananpr90', 'prakul', 'tchon', 'hmeixels', 'conner2', 'smrc', 'hyzkimi03', 'kgriffith', 'white187', 'zhou149', 'kfish105', 'bhattac0', 'conner11', 'xykong', 'krockwe', 'oortuzar', 'ddevgun', 'reesewhite', 'chen753', 'jang36', 'mclausen', 'zjhascoolshoes', 'xue23', 'nikitadoshi', 'sbarnett', 'salas', 'mrlander', 'aparmly', 'zhaoziya', 'rooshapatel', 'yperez', 'mprober', 'cdumer', 'tpaisarn', 'kbutler', 'feliperojasgamboa', 'qidengyu', 'melanie.andras', 'sungjin712', 'chavez5', 'sinclaic', 'goetzk', 'bamshoff', 'curtinb', 'evessell', 'jtaborgad', 'leising2011', 'lorhpipa', 'aandriop', 'daniel12', 'sbrack01', 'ssaldanh', 'iwhoang', 'harri202', 'herrerap', 'marcelomorales51', 'youngdo.yang', 'celestiallylvd1', 'aggarwa2', 'jsun', 'alqadia', 'maddoxj', 'alizanich', 'singh160', 'labstuff', 'cwilhoi', 'mkrawczy', 'eric.worley1', 'jayz93j', 'kdavis', 'ktiono', 'nair0', 'mistryt', 'garzag92', 'bob_haddix', 'tpoc', 'jnahley', 'aphuon', 'wise7', 'cbarringer', 'sam.powel17', 'kumar115', 'shin59', 'tylersordelet', 'mthome', 'cunnin10', 'smithwood17', 'yu93', 'zhao128', 'butler16', 'aaubakir', 'jmickiew', 'evanpope22', 'pseagrav', 'wilker0', 'pluckebaum', 'epena', 'mdurante']",2,"[None, 'azielinski']",125,"['feliperojas27', 'rweigel', 'erikaaileen', 'shen85', 'kkalwan', 'ivanwu', 'yoon16', 'rsittema', 'jmoscoso', 'abenagh', 'btrimble', 'gpozasgu', 'narayananpr90', 'prakul', 'tchon', 'adhruva', 'hmeixels', 'conner2', 'trohrbach', 'smrc', 'hyzkimi03', 'kgriffith', 'white187', 'zhou149', 'kfish105', 'bhattac0', 'ighuneim', 'conner11', 'xykong', 'krockwe', 'oortuzar', 'ddevgun', 'reesewhite', 'chen753', 'jang36', 'mclausen', 'moore262', 'zjhascoolshoes', 'mzavesky', 'xue23', 'nikitadoshi', 'sbarnett', 'salas', 'mrlander', 'aparmly', 'zhaoziya', 'rooshapatel', 'yperez', 'hannah.vosmeier', 'mprober', 'cdumer', 'tpaisarn', 'kbutler', 'feliperojasgamboa', 'nalluri', 'qidengyu', 'melanie.andras', 'sungjin712', 'jrevenig423', 'chavez5', 'sinclaic', 'azielinski', 'goetzk', 'bamshoff', 'short9', 'curtinb', 'evessell', 'jtaborgad', 'leising2011', 'lorhpipa', 'aandriop', 'daniel12', 'sbrack01', 'ssaldanh', 'iwhoang', 'harri202', 'kmccarthy', 'herrerap', 'marcelomorales51', 'youngdo.yang', 'celestiallylvd1', 'aggarwa2', 'jsun', 'alqadia', 'maddoxj', 'alizanich', 'singh160', 'labstuff', 'cwilhoi', 'mkrawczy', 'eric.worley1', 'jayz93j', 'kdavis', 'inoorani01', 'ktiono', 'nair0', 'mistryt', 'garzag92', 'bob_haddix', 'tpoc', 'jnahley', 'aphuon', 'wise7', 'cbarringer', 'sam.powel17', 'kumar115', 'shin59', 'tylersordelet', 'mthome', 'cunnin10', None, 'smithwood17', 'yu93', 'jayaram1', 'zhao128', 'butler16', 'aaubakir', 'jmickiew', 'evanpope22', 'pseagrav', 'wilker0', 'pluckebaum', 'chen814', 'epena', 'mdurante']"
3,76,124,11,9,"['bob_haddix', 'shen85', 'evanpope22', 'cwilhoi', 'btrimble', 'narayananpr90', 'goetzk', 'eric.worley1', 'mthome']",114,"['feliperojas27', 'rweigel', 'erikaaileen', 'kkalwan', 'ivanwu', 'yoon16', 'rsittema', 'jmoscoso', 'abenagh', 'gpozasgu', 'prakul', 'tchon', 'adhruva', 'hmeixels', 'conner2', 'trohrbach', 'smrc', 'hyzkimi03', 'kgriffith', 'white187', 'zhou149', 'kfish105', 'bhattac0', 'ighuneim', 'conner11', 'xykong', 'krockwe', 'oortuzar', 'ddevgun', 'reesewhite', 'chen753', 'jang36', 'mclausen', 'moore262', 'zjhascoolshoes', 'mzavesky', 'xue23', 'nikitadoshi', 'sbarnett', 'salas', 'mrlander', 'aparmly', 'zhaoziya', 'rooshapatel', 'yperez', 'hannah.vosmeier', 'mprober', 'cdumer', 'tpaisarn', 'kbutler', 'feliperojasgamboa', 'nalluri', 'qidengyu', 'melanie.andras', 'sungjin712', 'jrevenig423', 'chavez5', 'sinclaic', 'bamshoff', 'short9', 'curtinb', 'evessell', 'jtaborgad', 'leising2011', 'lorhpipa', 'aandriop', 'daniel12', 'sbrack01', 'ssaldanh', 'iwhoang', 'harri202', 'kmccarthy', 'herrerap', 'marcelomorales51', 'youngdo.yang', 'celestiallylvd1', 'aggarwa2', 'jsun', 'alqadia', 'maddoxj', 'alizanich', 'singh160', 'labstuff', 'mkrawczy', 'jayz93j', 'kdavis', 'inoorani01', 'ktiono', 'nair0', 'mistryt', 'garzag92', 'tpoc', 'jnahley', 'aphuon', 'wise7', 'cbarringer', 'sam.powel17', 'kumar115', 'shin59', 'tylersordelet', 'cunnin10', 'smithwood17', 'yu93', 'jayaram1', 'zhao128', 'butler16', 'aaubakir', 'jmickiew', 'pseagrav', 'wilker0', 'pluckebaum', 'chen814', 'epena', 'mdurante']",2,"[None, 'ekosik']",125,"['feliperojas27', 'rweigel', 'erikaaileen', 'shen85', 'ekosik', 'kkalwan', 'ivanwu', 'yoon16', 'rsittema', 'jmoscoso', 'abenagh', 'btrimble', 'gpozasgu', 'narayananpr90', 'prakul', 'tchon', 'adhruva', 'hmeixels', 'conner2', 'trohrbach', 'smrc', 'hyzkimi03', 'kgriffith', 'white187', 'zhou149', 'kfish105', 'bhattac0', 'ighuneim', 'conner11', 'xykong', 'krockwe', 'oortuzar', 'ddevgun', 'reesewhite', 'chen753', 'jang36', 'mclausen', 'moore262', 'zjhascoolshoes', 'mzavesky', 'xue23', 'nikitadoshi', 'sbarnett', 'salas', 'mrlander', 'aparmly', 'zhaoziya', 'rooshapatel', 'yperez', 'hannah.vosmeier', 'mprober', 'cdumer', 'tpaisarn', 'kbutler', 'feliperojasgamboa', 'nalluri', 'qidengyu', 'melanie.andras', 'sungjin712', 'jrevenig423', 'chavez5', 'sinclaic', 'goetzk', 'bamshoff', 'short9', 'curtinb', 'evessell', 'jtaborgad', 'leising2011', 'lorhpipa', 'aandriop', 'daniel12', 'sbrack01', 'ssaldanh', 'iwhoang', 'harri202', 'kmccarthy', 'herrerap', 'marcelomorales51', 'youngdo.yang', 'celestiallylvd1', 'aggarwa2', 'jsun', 'alqadia', 'maddoxj', 'alizanich', 'singh160', 'labstuff', 'cwilhoi', 'mkrawczy', 'eric.worley1', 'jayz93j', 'kdavis', 'inoorani01', 'ktiono', 'nair0', 'mistryt', 'garzag92', 'bob_haddix', 'tpoc', 'jnahley', 'aphuon', 'wise7', 'cbarringer', 'sam.powel17', 'kumar115', 'shin59', 'tylersordelet', 'mthome', 'cunnin10', None, 'smithwood17', 'yu93', 'jayaram1', 'zhao128', 'butler16', 'aaubakir', 'jmickiew', 'evanpope22', 'pseagrav', 'wilker0', 'pluckebaum', 'chen814', 'epena', 'mdurante']"
3,78,124,7,6,"['harri202', 'jmoscoso', 'mkrawczy', 'bamshoff', 'epena', 'chavez5']",117,"['feliperojas27', 'rweigel', 'erikaaileen', 'shen85', 'kkalwan', 'ivanwu', 'yoon16', 'rsittema', 'abenagh', 'btrimble', 'gpozasgu', 'narayananpr90', 'prakul', 'tchon', 'adhruva', 'hmeixels', 'conner2', 'trohrbach', 'smrc', 'hyzkimi03', 'kgriffith', 'white187', 'zhou149', 'kfish105', 'bhattac0', 'ighuneim', 'conner11', 'xykong', 'krockwe', 'oortuzar', 'ddevgun', 'reesewhite', 'chen753', 'jang36', 'mclausen', 'moore262', 'zjhascoolshoes', 'mzavesky', 'xue23', 'nikitadoshi', 'sbarnett', 'salas', 'mrlander', 'aparmly', 'zhaoziya', 'rooshapatel', 'yperez', 'hannah.vosmeier', 'mprober', 'cdumer', 'tpaisarn', 'kbutler', 'feliperojasgamboa', 'nalluri', 'qidengyu', 'melanie.andras', 'sungjin712', 'jrevenig423', 'sinclaic', 'goetzk', 'short9', 'curtinb', 'evessell', 'jtaborgad', 'leising2011', 'lorhpipa', 'aandriop', 'daniel12', 'sbrack01', 'ssaldanh', 'iwhoang', 'kmccarthy', 'herrerap', 'marcelomorales51', 'youngdo.yang', 'celestiallylvd1', 'aggarwa2', 'jsun', 'alqadia', 'maddoxj', 'alizanich', 'singh160', 'labstuff', 'cwilhoi', 'eric.worley1', 'jayz93j', 'kdavis', 'inoorani01', 'ktiono', 'nair0', 'mistryt', 'garzag92', 'bob_haddix', 'tpoc', 'jnahley', 'aphuon', 'wise7', 'cbarringer', 'sam.powel17', 'kumar115', 'shin59', 'tylersordelet', 'mthome', 'cunnin10', 'smithwood17', 'yu93', 'jayaram1', 'zhao128', 'butler16', 'aaubakir', 'jmickiew', 'evanpope22', 'pseagrav', 'wilker0', 'pluckebaum', 'chen814', 'mdurante']",1,[None],124,"['feliperojas27', 'rweigel', 'erikaaileen', 'shen85', 'kkalwan', 'ivanwu', 'yoon16', 'rsittema', 'jmoscoso', 'abenagh', 'btrimble', 'gpozasgu', 'narayananpr90', 'prakul', 'tchon', 'adhruva', 'hmeixels', 'conner2', 'trohrbach', 'smrc', 'hyzkimi03', 'kgriffith', 'white187', 'zhou149', 'kfish105', 'bhattac0', 'ighuneim', 'conner11', 'xykong', 'krockwe', 'oortuzar', 'ddevgun', 'reesewhite', 'chen753', 'jang36', 'mclausen', 'moore262', 'zjhascoolshoes', 'mzavesky', 'xue23', 'nikitadoshi', 'sbarnett', 'salas', 'mrlander', 'aparmly', 'zhaoziya', 'rooshapatel', 'yperez', 'hannah.vosmeier', 'mprober', 'cdumer', 'tpaisarn', 'kbutler', 'feliperojasgamboa', 'nalluri', 'qidengyu', 'melanie.andras', 'sungjin712', 'jrevenig423', 'chavez5', 'sinclaic', 'goetzk', 'bamshoff', 'short9', 'curtinb', 'evessell', 'jtaborgad', 'leising2011', 'lorhpipa', 'aandriop', 'daniel12', 'sbrack01', 'ssaldanh', 'iwhoang', 'harri202', 'kmccarthy', 'herrerap', 'marcelomorales51', 'youngdo.yang', 'celestiallylvd1', 'aggarwa2', 'jsun', 'alqadia', 'maddoxj', 'alizanich', 'singh160', 'labstuff', 'cwilhoi', 'mkrawczy', 'eric.worley1', 'jayz93j', 'kdavis', 'inoorani01', 'ktiono', 'nair0', 'mistryt', 'garzag92', 'bob_haddix', 'tpoc', 'jnahley', 'aphuon', 'wise7', 'cbarringer', 'sam.powel17', 'kumar115', 'shin59', 'tylersordelet', 'mthome', 'cunnin10', None, 'smithwood17', 'yu93', 'jayaram1', 'zhao128', 'butler16', 'aaubakir', 'jmickiew', 'evanpope22', 'pseagrav', 'wilker0', 'pluckebaum', 'chen814', 'epena', 'mdurante']"
4,50,102,74,4,"['jkillini12', 'khatib3', 'anusha.nagabandi', 'trevor.freberg.7']",97,"['rwang15', 'dplaas', 'tmccarro', 'esteban8888', 'yukaiyuan', 'gf.giraldo239', 'sflores2', 'hugosin89', 'andreijose', 'ga.riano949', 'df.carrillo', 'sara.segura.378', 'mirta.dumancic', 'jpdiazq', 'antonioguzmanp', 'dannyc', 'ashwinhari89', 'sebas1946', 'ca.padilla', 'loregram', 'hokka.mikko', 'm.r.mandhana', 'camilom', 'camilo_cacs', 'oi.torres135', 'juanpabloaa21', 'arvinkar', 'jp.gomez220593', 'glwhart', 'lunwei', 'miguelcarro', 'brochalm', 'gpaylaga', 'clavix2', 'ronipozn', 'akhtar.raaz', 'juancamilosh', 'juanes_molano', 'max.cotton.71', 'namitgopal', 'nicolas.morarestrepo', 'atrems07', 'gabrielrojas', 'jf.velandia10', 'eliana2695', 'huangm26', 'jaime1692', 'makoa12', 'juseus', 'z3235646', 'hkustzln', 'crisebas', 'jdcasadiego', 'edmund.harbord', 'angelamco', 'sammael01', 'rafaelalfonsorodriguezc', 'deot95', 'dcjorge10', 'da.pineros156', 'odariza1018', 'cornifus', 'ccbernal1133', 'bishady', 'pc.combariza2656', 'assiram', 'kyroust', 'felipesua', 'hgbowler', 'feezell.engineering', 'stmartin', 'natscarrasco', 'laurny13.lt', 'cm.castrillon2028', 'perri1612', 'jcrincon29', 'manuprasad_07', 'vanillayyy', 'bastidascano', 'ajnabee_asia', 'careyes1787', 'alexei.rodriguez.102', 'emvogel', 'crisiberny', 'fidel.serrano', 'tianyi1992', 'ca.acosta977', 'yessicaafr', 'natalialopezb', 'sangsam', 'agujja', 'jamzecaps', 'jdgarzon10', 'jck136', 'radbalu', 'n.avendano11', 'asikoo']",70,"['hewapar2', 'kwan7', 'sanchit94gupta', 'ppaul2', 'khunaj', 'abhijeet.s92', 'grahl2', 'alva2', 'meng.huang.3551', 'mcyang3', 'joe', 'sturt1', 'yiumingh', 'lelouch365789', 'jer2000', 'hlansing', 'sukhusukhu', 'fadarichev25', 'milian2', 'bhateja1', 'chaojiliqilin', 'hippocoon', 'djinkorea', 'insung0224', 'mdreis2', 'isaacehoffman', 'bojjave2', 'mengcen.li.1', 'manfei.wu', 'ksullivan1031', 'brunngr2', 'gromko1', 'awhsu2', 'edgar369', 'zzh915', 'aepolicht', 'zijian.li.37', 'alex.t.zhu', 'husak2', 'gczajk93', 'anushir2', 'salfano', 'chmilsk2', 'pasrich2', 'oscarto92', 'xyan11', 'jdille2', 'defamationmatrix', 'ehzheng2', 'sanchet2', 'huimingx24', 'aramin2', 'rexchen2', 'do0de', 'jwu10', None, 'travis.gham', 'dschlai2', 'shingyien085062', 'hongyangbai', 'calculuswhiz', 'dkt01', 'dsukrith', 'htycm', 'willxyz', 'kris.smith.33671', 'ciclark2', 'freed2', 'tomic2', 'azamat.zhunussov']",171,"['rwang15', 'dplaas', 'ppaul2', 'tmccarro', 'esteban8888', 'khunaj', 'sukhusukhu', 'yukaiyuan', 'gf.giraldo239', 'sflores2', 'fadarichev25', 'hugosin89', 'bhateja1', 'andreijose', 'isaacehoffman', 'khatib3', 'ksullivan1031', 'ga.riano949', 'edgar369', 'df.carrillo', 'alex.t.zhu', 'husak2', 'sara.segura.378', 'mirta.dumancic', 'jpdiazq', 'antonioguzmanp', 'gczajk93', 'chmilsk2', 'xyan11', 'dannyc', 'trevor.freberg.7', 'sebas1946', 'ca.padilla', 'ashwinhari89', 'ehzheng2', 'do0de', 'jwu10', 'loregram', 'kris.smith.33671', 'ciclark2', 'hokka.mikko', 'm.r.mandhana', 'calculuswhiz', 'hewapar2', 'kwan7', 'camilom', 'abhijeet.s92', 'grahl2', 'alva2', 'camilo_cacs', 'oi.torres135', 'juanpabloaa21', 'arvinkar', 'milian2', 'jp.gomez220593', 'glwhart', 'insung0224', 'lunwei', 'bojjave2', 'miguelcarro', 'brochalm', 'manfei.wu', 'gpaylaga', 'clavix2', 'ronipozn', 'akhtar.raaz', 'awhsu2', 'zzh915', 'aepolicht', 'jkillini12', 'juancamilosh', 'anushir2', 'aramin2', 'rexchen2', 'juanes_molano', 'anusha.nagabandi', 'max.cotton.71', 'namitgopal', 'nicolas.morarestrepo', 'atrems07', 'gabrielrojas', 'dkt01', 'jf.velandia10', 'eliana2695', 'htycm', 'huangm26', 'jaime1692', 'freed2', 'makoa12', 'azamat.zhunussov', 'juseus', 'z3235646', 'hkustzln', 'crisebas', 'mcyang3', 'joe', 'sturt1', 'yiumingh', 'jdcasadiego', 'jer2000', 'edmund.harbord', 'angelamco', 'hlansing', 'sammael01', 'rafaelalfonsorodriguezc', 'deot95', 'dcjorge10', 'da.pineros156', 'mengcen.li.1', 'brunngr2', 'gromko1', 'odariza1018', 'cornifus', 'ccbernal1133', 'bishady', 'pc.combariza2656', 'pasrich2', 'oscarto92', 'sanchet2', 'assiram', 'kyroust', 'felipesua', 'dschlai2', 'hgbowler', 'feezell.engineering', 'stmartin', 'dsukrith', 'natscarrasco', 'willxyz', 'laurny13.lt', 'tomic2', 'cm.castrillon2028', 'perri1612', 'jcrincon29', 'manuprasad_07', 'vanillayyy', 'bastidascano', 'sanchit94gupta', 'ajnabee_asia', 'careyes1787', 'meng.huang.3551', 'alexei.rodriguez.102', 'lelouch365789', 'emvogel', 'chaojiliqilin', 'hippocoon', 'djinkorea', 'mdreis2', 'zijian.li.37', 'crisiberny', 'fidel.serrano', 'tianyi1992', 'salfano', 'jdille2', 'ca.acosta977', 'defamationmatrix', 'huimingx24', 'yessicaafr', 'natalialopezb', None, 'sangsam', 'travis.gham', 'agujja', 'jamzecaps', 'shingyien085062', 'jdgarzon10', 'jck136', 'hongyangbai', 'radbalu', 'n.avendano11', 'asikoo']"
4,49,102,57,9,"['dplaas', 'namitgopal', 'arvinkar', 'manuprasad_07', 'atrems07', 'ashwinhari89', 'ajnabee_asia', 'akhtar.raaz', 'loregram']",92,"['rwang15', 'tmccarro', 'esteban8888', 'yukaiyuan', 'gf.giraldo239', 'sflores2', 'hugosin89', 'andreijose', 'khatib3', 'ga.riano949', 'df.carrillo', 'sara.segura.378', 'mirta.dumancic', 'jpdiazq', 'antonioguzmanp', 'dannyc', 'trevor.freberg.7', 'sebas1946', 'ca.padilla', 'hokka.mikko', 'm.r.mandhana', 'camilom', 'camilo_cacs', 'oi.torres135', 'juanpabloaa21', 'jp.gomez220593', 'glwhart', 'lunwei', 'miguelcarro', 'brochalm', 'gpaylaga', 'clavix2', 'ronipozn', 'jkillini12', 'juancamilosh', 'juanes_molano', 'anusha.nagabandi', 'max.cotton.71', 'nicolas.morarestrepo', 'gabrielrojas', 'jf.velandia10', 'eliana2695', 'huangm26', 'jaime1692', 'makoa12', 'juseus', 'z3235646', 'hkustzln', 'crisebas', 'jdcasadiego', 'edmund.harbord', 'angelamco', 'sammael01', 'rafaelalfonsorodriguezc', 'deot95', 'dcjorge10', 'da.pineros156', 'odariza1018', 'cornifus', 'ccbernal1133', 'bishady', 'pc.combariza2656', 'assiram', 'kyroust', 'felipesua', 'hgbowler', 'feezell.engineering', 'stmartin', 'natscarrasco', 'laurny13.lt', 'cm.castrillon2028', 'perri1612', 'jcrincon29', 'vanillayyy', 'bastidascano', 'careyes1787', 'alexei.rodriguez.102', 'emvogel', 'crisiberny', 'fidel.serrano', 'tianyi1992', 'ca.acosta977', 'yessicaafr', 'natalialopezb', 'sangsam', 'agujja', 'jamzecaps', 'jdgarzon10', 'jck136', 'radbalu', 'n.avendano11', 'asikoo']",48,"['jwlindblom', 'homam2010', 'bonecrusher', 'rbrazones', 'primigenia6190', 'mike1866', 'wrmitch1', 'abhinayaeaswari.aq', 'ckakizaw', 'jdarveaux', 'nickw3000', 'rsetiadj', 'satishbhadgaonkar', 'achakr16', 'gunangel', 'jkung', 'dtheohar', 'aj.gadd', 'sshudano', 'wrbailey', 'efekose', 'jseto1', 'stevenfox905', 'bri2101310', 'ahgardn1', 'bjhale', 'andrewopitz', 'knjain', 'aaron12', 'fuccx2000', 'nrjacob1', 'malsham1', 'jczavala', 'jaspreety86', 'harivasavan', 'mngolka', 'jerrodac', 'hima.bindu.71', 'ppagadua', 'rpcoen', None, 's4uder656', 'jsciacca', 'loda1', 'bkortiz', 'mkanand89', 'gauthamg1991', 'vfweber']",149,"['jwlindblom', 'rwang15', 'dplaas', 'tmccarro', 'esteban8888', 'primigenia6190', 'mike1866', 'nickw3000', 'yukaiyuan', 'gf.giraldo239', 'sflores2', 'hugosin89', 'dtheohar', 'andreijose', 'sshudano', 'jseto1', 'khatib3', 'ga.riano949', 'df.carrillo', 'bjhale', 'sara.segura.378', 'mirta.dumancic', 'jpdiazq', 'antonioguzmanp', 'aaron12', 'dannyc', 'trevor.freberg.7', 'sebas1946', 'ca.padilla', 'ashwinhari89', 'rpcoen', 'loregram', 'mkanand89', 'hokka.mikko', 'm.r.mandhana', 'camilom', 'ckakizaw', 'camilo_cacs', 'rsetiadj', 'oi.torres135', 'gunangel', 'juanpabloaa21', 'arvinkar', 'jkung', 'jp.gomez220593', 'glwhart', 'lunwei', 'efekose', 'stevenfox905', 'miguelcarro', 'brochalm', 'gpaylaga', 'bri2101310', 'clavix2', 'ronipozn', 'akhtar.raaz', 'jkillini12', 'juancamilosh', 'knjain', 'juanes_molano', 'anusha.nagabandi', 'jsciacca', 'max.cotton.71', 'namitgopal', 'nicolas.morarestrepo', 'atrems07', 'gabrielrojas', 'jf.velandia10', 'eliana2695', 'huangm26', 'jaime1692', 'makoa12', 'juseus', 'z3235646', 'homam2010', 'bonecrusher', 'hkustzln', 'crisebas', 'abhinayaeaswari.aq', 'jdcasadiego', 'edmund.harbord', 'angelamco', 'sammael01', 'rafaelalfonsorodriguezc', 'deot95', 'aj.gadd', 'dcjorge10', 'da.pineros156', 'ahgardn1', 'odariza1018', 'cornifus', 'ccbernal1133', 'bishady', 'pc.combariza2656', 'fuccx2000', 'malsham1', 'harivasavan', 'mngolka', 'assiram', 's4uder656', 'kyroust', 'felipesua', 'loda1', 'hgbowler', 'feezell.engineering', 'stmartin', 'gauthamg1991', 'natscarrasco', 'laurny13.lt', 'vfweber', 'cm.castrillon2028', 'perri1612', 'jcrincon29', 'manuprasad_07', 'vanillayyy', 'bastidascano', 'ajnabee_asia', 'careyes1787', 'rbrazones', 'wrmitch1', 'alexei.rodriguez.102', 'jdarveaux', 'satishbhadgaonkar', 'achakr16', 'emvogel', 'wrbailey', 'crisiberny', 'fidel.serrano', 'tianyi1992', 'andrewopitz', 'nrjacob1', 'jczavala', 'jaspreety86', 'ca.acosta977', 'yessicaafr', 'natalialopezb', 'jerrodac', 'hima.bindu.71', 'ppagadua', None, 'sangsam', 'bkortiz', 'agujja', 'jamzecaps', 'jdgarzon10', 'jck136', 'radbalu', 'n.avendano11', 'asikoo']"
4,47,102,55,53,"['cm.castrillon2028', 'juseus', 'perri1612', 'bastidascano', 'jcrincon29', 'camilom', 'esteban8888', 'careyes1787', 'crisebas', 'alexei.rodriguez.102', 'camilo_cacs', 'jdcasadiego', 'gf.giraldo239', 'angelamco', 'oi.torres135', 'sammael01', 'rafaelalfonsorodriguezc', 'juanpabloaa21', 'hugosin89', 'jp.gomez220593', 'deot95', 'andreijose', 'dcjorge10', 'da.pineros156', 'ga.riano949', 'clavix2', 'odariza1018', 'df.carrillo', 'ccbernal1133', 'crisiberny', 'juancamilosh', 'sara.segura.378', 'jpdiazq', 'fidel.serrano', 'antonioguzmanp', 'pc.combariza2656', 'sebas1946', 'ca.acosta977', 'ca.padilla', 'yessicaafr', 'natalialopezb', 'juanes_molano', 'felipesua', 'jck136', 'gabrielrojas', 'jdgarzon10', 'nicolas.morarestrepo', 'jf.velandia10', 'eliana2695', 'natscarrasco', 'n.avendano11', 'jaime1692', 'asikoo']",48,"['rwang15', 'dplaas', 'z3235646', 'vanillayyy', 'manuprasad_07', 'tmccarro', 'ajnabee_asia', 'hkustzln', 'yukaiyuan', 'edmund.harbord', 'sflores2', 'arvinkar', 'emvogel', 'glwhart', 'lunwei', 'miguelcarro', 'khatib3', 'brochalm', 'gpaylaga', 'akhtar.raaz', 'ronipozn', 'cornifus', 'jkillini12', 'bishady', 'mirta.dumancic', 'tianyi1992', 'dannyc', 'trevor.freberg.7', 'ashwinhari89', 'assiram', 'loregram', 'anusha.nagabandi', 'kyroust', 'sangsam', 'max.cotton.71', 'namitgopal', 'hgbowler', 'feezell.engineering', 'agujja', 'jamzecaps', 'atrems07', 'stmartin', 'radbalu', 'huangm26', 'hokka.mikko', 'm.r.mandhana', 'laurny13.lt', 'makoa12']",2,"[None, 'segova8']",103,"['rwang15', 'dplaas', 'tmccarro', 'esteban8888', 'yukaiyuan', 'gf.giraldo239', 'sflores2', 'hugosin89', 'andreijose', 'khatib3', 'ga.riano949', 'df.carrillo', 'sara.segura.378', 'mirta.dumancic', 'jpdiazq', 'antonioguzmanp', 'dannyc', 'trevor.freberg.7', 'sebas1946', 'ca.padilla', 'ashwinhari89', 'loregram', 'hokka.mikko', 'm.r.mandhana', 'segova8', 'camilom', 'camilo_cacs', 'oi.torres135', 'juanpabloaa21', 'arvinkar', 'jp.gomez220593', 'glwhart', 'lunwei', 'miguelcarro', 'brochalm', 'gpaylaga', 'clavix2', 'ronipozn', 'akhtar.raaz', 'jkillini12', 'juancamilosh', 'juanes_molano', 'anusha.nagabandi', 'max.cotton.71', 'namitgopal', 'nicolas.morarestrepo', 'atrems07', 'gabrielrojas', 'jf.velandia10', 'eliana2695', 'huangm26', 'jaime1692', 'makoa12', 'juseus', 'z3235646', 'hkustzln', 'crisebas', 'jdcasadiego', 'edmund.harbord', 'angelamco', 'sammael01', 'rafaelalfonsorodriguezc', 'deot95', 'dcjorge10', 'da.pineros156', 'odariza1018', 'cornifus', 'ccbernal1133', 'bishady', 'pc.combariza2656', 'assiram', 'kyroust', 'felipesua', 'hgbowler', 'feezell.engineering', 'stmartin', 'natscarrasco', 'laurny13.lt', 'cm.castrillon2028', 'perri1612', 'jcrincon29', 'manuprasad_07', 'vanillayyy', 'bastidascano', 'ajnabee_asia', 'careyes1787', 'alexei.rodriguez.102', 'emvogel', 'crisiberny', 'fidel.serrano', 'tianyi1992', 'ca.acosta977', 'yessicaafr', 'natalialopezb', None, 'sangsam', 'agujja', 'jamzecaps', 'jdgarzon10', 'jck136', 'radbalu', 'n.avendano11', 'asikoo']"
4,52,102,47,5,"['rwang15', 'agujja', 'tianyi1992', 'vanillayyy', 'laurny13.lt']",96,"['dplaas', 'tmccarro', 'esteban8888', 'yukaiyuan', 'gf.giraldo239', 'sflores2', 'hugosin89', 'andreijose', 'khatib3', 'ga.riano949', 'df.carrillo', 'sara.segura.378', 'mirta.dumancic', 'jpdiazq', 'antonioguzmanp', 'dannyc', 'trevor.freberg.7', 'sebas1946', 'ca.padilla', 'ashwinhari89', 'loregram', 'hokka.mikko', 'm.r.mandhana', 'camilom', 'camilo_cacs', 'oi.torres135', 'juanpabloaa21', 'arvinkar', 'jp.gomez220593', 'glwhart', 'lunwei', 'miguelcarro', 'brochalm', 'gpaylaga', 'clavix2', 'ronipozn', 'akhtar.raaz', 'jkillini12', 'juancamilosh', 'juanes_molano', 'anusha.nagabandi', 'max.cotton.71', 'namitgopal', 'nicolas.morarestrepo', 'atrems07', 'gabrielrojas', 'jf.velandia10', 'eliana2695', 'huangm26', 'jaime1692', 'makoa12', 'juseus', 'z3235646', 'hkustzln', 'crisebas', 'jdcasadiego', 'edmund.harbord', 'angelamco', 'sammael01', 'rafaelalfonsorodriguezc', 'deot95', 'dcjorge10', 'da.pineros156', 'odariza1018', 'cornifus', 'ccbernal1133', 'bishady', 'pc.combariza2656', 'assiram', 'kyroust', 'felipesua', 'hgbowler', 'feezell.engineering', 'stmartin', 'natscarrasco', 'cm.castrillon2028', 'perri1612', 'jcrincon29', 'manuprasad_07', 'bastidascano', 'ajnabee_asia', 'careyes1787', 'alexei.rodriguez.102', 'emvogel', 'crisiberny', 'fidel.serrano', 'ca.acosta977', 'yessicaafr', 'natalialopezb', 'sangsam', 'jamzecaps', 'jdgarzon10', 'jck136', 'radbalu', 'n.avendano11', 'asikoo']",42,"['dariusz45', 'reddcube', 'rzuravel', '4kevin.nicholas', 'erickuo2', 'kgrathb2', 'singh64', 'tai8', 'khunaj', 'mgonnella41', 'lyy1218', 'wrmitch1', 'yliu160', 'kecheng333', 'zjpahle', 'rene.lamb.7', 'kim852', 'louipr', 'offender', 'brunngr2', 'amar712', 'blix1337', 'gczajk93', 'aaron12', 'oscarto92', 'jaspreety86', 'clay.chamberlain', 'victorboyu.li', 'rexchen2', 'zwidder', None, 'seth.cazzell', 'okinawanspud', 'xunyu2', 'chewethy', 'jones.jonathan.david', 'lburns4', 'mlowney', 'mstyvejr', 'pierce20', 'okwon6', 'lflemin2']",143,"['reddcube', '4kevin.nicholas', 'rwang15', 'dplaas', 'juseus', 'z3235646', 'tmccarro', 'erickuo2', 'singh64', 'esteban8888', 'khunaj', 'hkustzln', 'crisebas', 'kecheng333', 'yliu160', 'jdcasadiego', 'yukaiyuan', 'gf.giraldo239', 'edmund.harbord', 'angelamco', 'sflores2', 'sammael01', 'hugosin89', 'rafaelalfonsorodriguezc', 'zjpahle', 'rene.lamb.7', 'deot95', 'kim852', 'louipr', 'andreijose', 'dcjorge10', 'da.pineros156', 'khatib3', 'brunngr2', 'ga.riano949', 'odariza1018', 'df.carrillo', 'cornifus', 'ccbernal1133', 'bishady', 'amar712', 'sara.segura.378', 'mirta.dumancic', 'jpdiazq', 'antonioguzmanp', 'pc.combariza2656', 'gczajk93', 'aaron12', 'oscarto92', 'dannyc', 'trevor.freberg.7', 'sebas1946', 'ca.padilla', 'ashwinhari89', 'clay.chamberlain', 'assiram', 'zwidder', 'loregram', 'seth.cazzell', 'kyroust', 'felipesua', 'xunyu2', 'hgbowler', 'feezell.engineering', 'stmartin', 'lburns4', 'natscarrasco', 'mstyvejr', 'pierce20', 'hokka.mikko', 'm.r.mandhana', 'laurny13.lt', 'okwon6', 'lflemin2', 'cm.castrillon2028', 'dariusz45', 'rzuravel', 'perri1612', 'jcrincon29', 'manuprasad_07', 'camilom', 'vanillayyy', 'bastidascano', 'kgrathb2', 'tai8', 'ajnabee_asia', 'careyes1787', 'mgonnella41', 'lyy1218', 'wrmitch1', 'alexei.rodriguez.102', 'camilo_cacs', 'oi.torres135', 'juanpabloaa21', 'arvinkar', 'jp.gomez220593', 'glwhart', 'emvogel', 'lunwei', 'miguelcarro', 'brochalm', 'offender', 'gpaylaga', 'clavix2', 'ronipozn', 'akhtar.raaz', 'jkillini12', 'crisiberny', 'juancamilosh', 'blix1337', 'fidel.serrano', 'tianyi1992', 'jaspreety86', 'ca.acosta977', 'yessicaafr', 'victorboyu.li', 'natalialopezb', 'rexchen2', 'juanes_molano', None, 'anusha.nagabandi', 'sangsam', 'okinawanspud', 'max.cotton.71', 'chewethy', 'namitgopal', 'agujja', 'jamzecaps', 'nicolas.morarestrepo', 'atrems07', 'gabrielrojas', 'jdgarzon10', 'jf.velandia10', 'eliana2695', 'jck136', 'jones.jonathan.david', 'mlowney', 'radbalu', 'huangm26', 'n.avendano11', 'jaime1692', 'asikoo', 'makoa12']"
4,169,102,40,17,"['cm.castrillon2028', 'gf.giraldo239', 'juancamilosh', 'bastidascano', 'jck136', 'jp.gomez220593', 'deot95', 'gabrielrojas', 'eliana2695', 'da.pineros156', 'sebas1946', 'ca.padilla', 'n.avendano11', 'juanes_molano', 'camilo_cacs', 'asikoo', 'jaime1692']",84,"['rwang15', 'dplaas', 'tmccarro', 'esteban8888', 'yukaiyuan', 'sflores2', 'hugosin89', 'andreijose', 'khatib3', 'ga.riano949', 'df.carrillo', 'sara.segura.378', 'mirta.dumancic', 'jpdiazq', 'antonioguzmanp', 'dannyc', 'trevor.freberg.7', 'ashwinhari89', 'loregram', 'hokka.mikko', 'm.r.mandhana', 'camilom', 'oi.torres135', 'juanpabloaa21', 'arvinkar', 'glwhart', 'lunwei', 'miguelcarro', 'brochalm', 'gpaylaga', 'clavix2', 'ronipozn', 'akhtar.raaz', 'jkillini12', 'anusha.nagabandi', 'max.cotton.71', 'namitgopal', 'nicolas.morarestrepo', 'atrems07', 'jf.velandia10', 'huangm26', 'makoa12', 'juseus', 'z3235646', 'hkustzln', 'crisebas', 'jdcasadiego', 'edmund.harbord', 'angelamco', 'sammael01', 'rafaelalfonsorodriguezc', 'dcjorge10', 'odariza1018', 'cornifus', 'ccbernal1133', 'bishady', 'pc.combariza2656', 'assiram', 'kyroust', 'felipesua', 'hgbowler', 'feezell.engineering', 'stmartin', 'natscarrasco', 'laurny13.lt', 'perri1612', 'jcrincon29', 'manuprasad_07', 'vanillayyy', 'ajnabee_asia', 'careyes1787', 'alexei.rodriguez.102', 'emvogel', 'crisiberny', 'fidel.serrano', 'tianyi1992', 'ca.acosta977', 'yessicaafr', 'natalialopezb', 'sangsam', 'agujja', 'jamzecaps', 'jdgarzon10', 'radbalu']",23,"['js.martinez777', 'dieguito', 'paulamarenco22', 'catalinaalbornoz1', 'mariaca212', 'rz.carlos10', 'keitarokusanagi', 'c0ndeastar0th', 'na.vera49', 'logan.mejia', 'rs.petrelraba', 'de.fernandez1406', 'felipe_249', 'sa.riveros43', 'luzandrea', None, 'ragnarok_44', 'jeremyender', 'eveneco', 's.solano586', 'farolo11', 'diegocamelo2610', 'zartrek']",124,"['rwang15', 'dplaas', 'juseus', 'z3235646', 'js.martinez777', 'tmccarro', 'esteban8888', 'hkustzln', 'mariaca212', 'crisebas', 'jdcasadiego', 'yukaiyuan', 'gf.giraldo239', 'edmund.harbord', 'angelamco', 'sflores2', 'sammael01', 'hugosin89', 'rafaelalfonsorodriguezc', 'keitarokusanagi', 'deot95', 'andreijose', 'dcjorge10', 'da.pineros156', 'khatib3', 'na.vera49', 'ga.riano949', 'rs.petrelraba', 'odariza1018', 'df.carrillo', 'cornifus', 'ccbernal1133', 'bishady', 'sara.segura.378', 'mirta.dumancic', 'jpdiazq', 'antonioguzmanp', 'pc.combariza2656', 'de.fernandez1406', 'dannyc', 'trevor.freberg.7', 'sebas1946', 'ca.padilla', 'ashwinhari89', 'felipe_249', 'sa.riveros43', 'assiram', 'loregram', 'kyroust', 'felipesua', 'hgbowler', 'feezell.engineering', 'stmartin', 'ragnarok_44', 'eveneco', 'natscarrasco', 'farolo11', 'hokka.mikko', 'm.r.mandhana', 'laurny13.lt', 'diegocamelo2610', 'cm.castrillon2028', 'perri1612', 'jcrincon29', 'manuprasad_07', 'camilom', 'vanillayyy', 'bastidascano', 'dieguito', 'paulamarenco22', 'zartrek', 'ajnabee_asia', 'careyes1787', 'catalinaalbornoz1', 'alexei.rodriguez.102', 'camilo_cacs', 'rz.carlos10', 'oi.torres135', 'c0ndeastar0th', 'juanpabloaa21', 'arvinkar', 'jp.gomez220593', 'glwhart', 'emvogel', 'lunwei', 'miguelcarro', 'brochalm', 'gpaylaga', 'clavix2', 'ronipozn', 'akhtar.raaz', 'logan.mejia', 'jkillini12', 'crisiberny', 'juancamilosh', 'fidel.serrano', 'tianyi1992', 'ca.acosta977', 'luzandrea', 'yessicaafr', 'natalialopezb', 'juanes_molano', None, 'anusha.nagabandi', 'sangsam', 'max.cotton.71', 'namitgopal', 'agujja', 'jamzecaps', 'nicolas.morarestrepo', 'atrems07', 'gabrielrojas', 'jdgarzon10', 'jf.velandia10', 'eliana2695', 'jck136', 'jeremyender', 's.solano586', 'radbalu', 'huangm26', 'n.avendano11', 'jaime1692', 'asikoo', 'makoa12']"
4,53,102,11,1,['huangm26'],100,"['rwang15', 'dplaas', 'juseus', 'z3235646', 'tmccarro', 'esteban8888', 'hkustzln', 'crisebas', 'jdcasadiego', 'yukaiyuan', 'gf.giraldo239', 'edmund.harbord', 'angelamco', 'sflores2', 'sammael01', 'hugosin89', 'rafaelalfonsorodriguezc', 'deot95', 'andreijose', 'dcjorge10', 'da.pineros156', 'khatib3', 'ga.riano949', 'odariza1018', 'df.carrillo', 'cornifus', 'ccbernal1133', 'bishady', 'sara.segura.378', 'mirta.dumancic', 'jpdiazq', 'antonioguzmanp', 'pc.combariza2656', 'dannyc', 'trevor.freberg.7', 'sebas1946', 'ca.padilla', 'ashwinhari89', 'assiram', 'loregram', 'kyroust', 'felipesua', 'hgbowler', 'feezell.engineering', 'stmartin', 'natscarrasco', 'hokka.mikko', 'm.r.mandhana', 'laurny13.lt', 'cm.castrillon2028', 'perri1612', 'jcrincon29', 'manuprasad_07', 'camilom', 'vanillayyy', 'bastidascano', 'ajnabee_asia', 'careyes1787', 'alexei.rodriguez.102', 'camilo_cacs', 'oi.torres135', 'juanpabloaa21', 'arvinkar', 'jp.gomez220593', 'glwhart', 'emvogel', 'lunwei', 'miguelcarro', 'brochalm', 'gpaylaga', 'clavix2', 'ronipozn', 'akhtar.raaz', 'jkillini12', 'crisiberny', 'juancamilosh', 'fidel.serrano', 'tianyi1992', 'ca.acosta977', 'yessicaafr', 'natalialopezb', 'juanes_molano', 'anusha.nagabandi', 'sangsam', 'max.cotton.71', 'namitgopal', 'agujja', 'jamzecaps', 'nicolas.morarestrepo', 'atrems07', 'gabrielrojas', 'jdgarzon10', 'jf.velandia10', 'eliana2695', 'jck136', 'radbalu', 'n.avendano11', 'jaime1692', 'asikoo', 'makoa12']",10,"['barber9', 'ocanasherreradavid', 'juniorping928', 'jyongc', 'skimonkey1092', 'ashimiz2', 'robert59', 'kevinnoh91', 'iamselewa', None]",111,"['barber9', 'rwang15', 'dplaas', 'juseus', 'z3235646', 'tmccarro', 'esteban8888', 'hkustzln', 'crisebas', 'jdcasadiego', 'yukaiyuan', 'gf.giraldo239', 'edmund.harbord', 'angelamco', 'sflores2', 'sammael01', 'hugosin89', 'rafaelalfonsorodriguezc', 'jyongc', 'deot95', 'andreijose', 'dcjorge10', 'da.pineros156', 'khatib3', 'ga.riano949', 'odariza1018', 'df.carrillo', 'cornifus', 'ccbernal1133', 'bishady', 'sara.segura.378', 'mirta.dumancic', 'jpdiazq', 'antonioguzmanp', 'pc.combariza2656', 'dannyc', 'trevor.freberg.7', 'sebas1946', 'ca.padilla', 'ashwinhari89', 'assiram', 'loregram', 'kyroust', 'felipesua', 'hgbowler', 'feezell.engineering', 'stmartin', 'robert59', 'natscarrasco', 'kevinnoh91', 'hokka.mikko', 'm.r.mandhana', 'laurny13.lt', 'cm.castrillon2028', 'perri1612', 'jcrincon29', 'manuprasad_07', 'camilom', 'vanillayyy', 'bastidascano', 'skimonkey1092', 'ajnabee_asia', 'careyes1787', 'alexei.rodriguez.102', 'camilo_cacs', 'oi.torres135', 'ocanasherreradavid', 'juanpabloaa21', 'arvinkar', 'jp.gomez220593', 'glwhart', 'emvogel', 'lunwei', 'miguelcarro', 'brochalm', 'gpaylaga', 'iamselewa', 'clavix2', 'ronipozn', 'akhtar.raaz', 'jkillini12', 'crisiberny', 'juancamilosh', 'juniorping928', 'fidel.serrano', 'tianyi1992', 'ashimiz2', 'ca.acosta977', 'yessicaafr', 'natalialopezb', 'juanes_molano', None, 'anusha.nagabandi', 'sangsam', 'max.cotton.71', 'namitgopal', 'agujja', 'jamzecaps', 'nicolas.morarestrepo', 'atrems07', 'gabrielrojas', 'jdgarzon10', 'jf.velandia10', 'eliana2695', 'jck136', 'radbalu', 'huangm26', 'n.avendano11', 'jaime1692', 'asikoo', 'makoa12']"
4,48,102,7,6,"['juancamilosh', 'ca.padilla', 'juanes_molano', 'camilo_cacs', 'asikoo', 'jaime1692']",95,"['rwang15', 'dplaas', 'juseus', 'z3235646', 'tmccarro', 'esteban8888', 'hkustzln', 'crisebas', 'jdcasadiego', 'yukaiyuan', 'gf.giraldo239', 'edmund.harbord', 'angelamco', 'sflores2', 'sammael01', 'hugosin89', 'rafaelalfonsorodriguezc', 'deot95', 'andreijose', 'dcjorge10', 'da.pineros156', 'khatib3', 'ga.riano949', 'odariza1018', 'df.carrillo', 'cornifus', 'ccbernal1133', 'bishady', 'sara.segura.378', 'mirta.dumancic', 'jpdiazq', 'antonioguzmanp', 'pc.combariza2656', 'dannyc', 'trevor.freberg.7', 'sebas1946', 'ashwinhari89', 'assiram', 'loregram', 'kyroust', 'felipesua', 'hgbowler', 'feezell.engineering', 'stmartin', 'natscarrasco', 'hokka.mikko', 'm.r.mandhana', 'laurny13.lt', 'cm.castrillon2028', 'perri1612', 'jcrincon29', 'manuprasad_07', 'camilom', 'vanillayyy', 'bastidascano', 'ajnabee_asia', 'careyes1787', 'alexei.rodriguez.102', 'oi.torres135', 'juanpabloaa21', 'arvinkar', 'jp.gomez220593', 'glwhart', 'emvogel', 'lunwei', 'miguelcarro', 'brochalm', 'gpaylaga', 'clavix2', 'ronipozn', 'akhtar.raaz', 'jkillini12', 'crisiberny', 'fidel.serrano', 'tianyi1992', 'ca.acosta977', 'yessicaafr', 'natalialopezb', 'anusha.nagabandi', 'sangsam', 'max.cotton.71', 'namitgopal', 'agujja', 'jamzecaps', 'nicolas.morarestrepo', 'atrems07', 'gabrielrojas', 'jdgarzon10', 'jf.velandia10', 'eliana2695', 'jck136', 'radbalu', 'huangm26', 'n.avendano11', 'makoa12']",1,[None],102,"['rwang15', 'dplaas', 'juseus', 'z3235646', 'tmccarro', 'esteban8888', 'hkustzln', 'crisebas', 'jdcasadiego', 'yukaiyuan', 'gf.giraldo239', 'edmund.harbord', 'angelamco', 'sflores2', 'sammael01', 'hugosin89', 'rafaelalfonsorodriguezc', 'deot95', 'andreijose', 'dcjorge10', 'da.pineros156', 'khatib3', 'ga.riano949', 'odariza1018', 'df.carrillo', 'cornifus', 'ccbernal1133', 'bishady', 'sara.segura.378', 'mirta.dumancic', 'jpdiazq', 'antonioguzmanp', 'pc.combariza2656', 'dannyc', 'trevor.freberg.7', 'sebas1946', 'ca.padilla', 'ashwinhari89', 'assiram', 'loregram', 'kyroust', 'felipesua', 'hgbowler', 'feezell.engineering', 'stmartin', 'natscarrasco', 'hokka.mikko', 'm.r.mandhana', 'laurny13.lt', 'cm.castrillon2028', 'perri1612', 'jcrincon29', 'manuprasad_07', 'camilom', 'vanillayyy', 'bastidascano', 'ajnabee_asia', 'careyes1787', 'alexei.rodriguez.102', 'camilo_cacs', 'oi.torres135', 'juanpabloaa21', 'arvinkar', 'jp.gomez220593', 'glwhart', 'emvogel', 'lunwei', 'miguelcarro', 'brochalm', 'gpaylaga', 'clavix2', 'ronipozn', 'akhtar.raaz', 'jkillini12', 'crisiberny', 'juancamilosh', 'fidel.serrano', 'tianyi1992', 'ca.acosta977', 'yessicaafr', 'natalialopezb', 'juanes_molano', None, 'anusha.nagabandi', 'sangsam', 'max.cotton.71', 'namitgopal', 'agujja', 'jamzecaps', 'nicolas.morarestrepo', 'atrems07', 'gabrielrojas', 'jdgarzon10', 'jf.velandia10', 'eliana2695', 'jck136', 'radbalu', 'huangm26', 'n.avendano11', 'jaime1692', 'asikoo', 'makoa12']"
5,200,65,116,19,"['ghowlett', 'rdevendr', 'pseebald', 'dcfox', 'ahaapala', 'ynawal', 'ackermaj', 'yixiangtiankai2008', 'handong', 'li1chen544', 'karthik.bharathwaj', 'pkhajehh', 'kpramod', 'avaidhee', 'nickh', 'breidi', 'vrestrep', 'pshrest', 'hadishagerdi']",45,"['tonmoyroy001', 'zgrey', 'wangxiaoyao123', 'kelley53', 'ajeans', 'yuwang', 'darvian', 'prithvibasak', 'akchetty92', 'menon4', 'meyer72', 'srikanth.a', 'zxhbbmm', 'steffesz', 'spirit.star.zy', 'castil19', 'erwaggoner', 'mdeldar', 'carlosaffrc', 'ankitarai2013', 'dlovelace', 'sgoodma', 'chen1084', 'bmcguig2', 'guthrij', 'kpethe2', 'cschnake', 'goyal21', 'aclouse', 'gtamanam', 'gulati.sidhant', 'omartine', 'neha.n', 'yanhuang.eco', 'chintan', 'kbalakri', 'pmitalsk', 'bhupathikalpana', 'adamvc', 'cedricxie', 'shenzh1206', 'jgilliga', 'bergrv', 'thermalnate1', 'acc']",97,"['kumar164', 'awonderg', 'kim1039', 'xu.donghao0323', 'kparsley', 'parthj', 'schaffter412', 'whitmjt', 'clarksm', 'atofangchi', 'ghosh17', 'bhaley', 'silverstons', 'ejmeier', 'arun2987', 'atofangchi2013', 'cli56', 'mpdolan', 'dekitte', 'kim568', 'dschulz', 'han226', 'mohamed', 'ldelgass', 'chrisazy', 'rchaconp', 'koroshtesf', 'crvantas', 'mmh', 'pulkit', 'vdiep', 'prasadsarang', 'xiangyu1129', 'sunadkat', 'pratiknaik', 'dames', 'spwilson', 'lu267', 'light2', 'varikuti', 'sobh', 'drestrep', 'david.heindel', 'jdbermeol', 'nanohueb', 'chuyuanchen', 'marisol', 'sramadas', 'jmcbrien', 'hctest4', 'ankitshrm11', 'dkearney', 'schcats', 'scurrie', 'tosinadeosun', 'gah', 'lijuncao', 'jin52', 'sganguly', 'swoop', 'd_thiagarajan', 'aronald', 'nkharche', 'hctest5', 'hctest1', 'bishopn', 'turkstra', 'apps', 'silva15', 'kibech', 'redwing', 'hctest3', 'pmeunier', 'luistraverso', 'sobh1', 'ewilson000', 'sissichen0322', 'mgaspers', 'bargharar', 'bermel', 'gekco', 'msalmani', 'jchrzano', 'kevyblock', 'pdak', 'emaynar', 'wang159', 'jhbahk', 'enassakr', 'cshang', 'rodri190', 'kaitlyn.fisher', 'xtee', 'ppradee', None, 'mmc', 'spalit']",161,"['kumar164', 'zgrey', 'wangxiaoyao123', 'pseebald', 'awonderg', 'darvian', 'kim1039', 'xu.donghao0323', 'kparsley', 'parthj', 'schaffter412', 'mdeldar', 'whitmjt', 'clarksm', 'atofangchi', 'ghosh17', 'silverstons', 'bhaley', 'chen1084', 'bmcguig2', 'guthrij', 'cschnake', 'ejmeier', 'yixiangtiankai2008', 'arun2987', 'atofangchi2013', 'pkhajehh', 'kpramod', 'cli56', 'avaidhee', 'mpdolan', 'dekitte', 'kim568', 'dschulz', 'han226', 'mohamed', 'ldelgass', 'chrisazy', 'rchaconp', 'koroshtesf', 'crvantas', 'mmh', 'pulkit', 'vdiep', 'prasadsarang', 'xiangyu1129', 'thermalnate1', 'sunadkat', 'pratiknaik', 'ajeans', 'meyer72', 'dames', 'srikanth.a', 'spwilson', 'steffesz', 'lu267', 'carlosaffrc', 'light2', 'ankitarai2013', 'varikuti', 'sgoodma', 'sobh', 'gtamanam', 'gulati.sidhant', 'drestrep', 'karthik.bharathwaj', 'omartine', 'david.heindel', 'vrestrep', 'jdbermeol', 'nanohueb', 'chuyuanchen', 'marisol', 'bhupathikalpana', 'sramadas', 'jmcbrien', 'hctest4', 'ankitshrm11', 'dkearney', 'schcats', 'ghowlett', 'yuwang', 'scurrie', 'menon4', 'tosinadeosun', 'gah', 'lijuncao', 'jin52', 'zxhbbmm', 'sganguly', 'swoop', 'd_thiagarajan', 'aronald', 'kpethe2', 'nkharche', 'aclouse', 'hctest5', 'hctest1', 'bishopn', 'turkstra', 'neha.n', 'chintan', 'kbalakri', 'apps', 'silva15', 'hadishagerdi', 'kibech', 'redwing', 'hctest3', 'acc', 'pmeunier', 'sobh1', 'luistraverso', 'ewilson000', 'tonmoyroy001', 'sissichen0322', 'mgaspers', 'rdevendr', 'bargharar', 'bermel', 'kelley53', 'dcfox', 'gekco', 'prithvibasak', 'msalmani', 'akchetty92', 'jchrzano', 'kevyblock', 'pdak', 'emaynar', 'wang159', 'spirit.star.zy', 'ahaapala', 'castil19', 'ynawal', 'erwaggoner', 'jhbahk', 'enassakr', 'ackermaj', 'cshang', 'dlovelace', 'rodri190', 'kaitlyn.fisher', 'goyal21', 'xtee', 'handong', 'li1chen544', 'nickh', 'ppradee', 'yanhuang.eco', None, 'breidi', 'pshrest', 'mmc', 'pmitalsk', 'adamvc', 'cedricxie', 'shenzh1206', 'jgilliga', 'bergrv', 'spalit']"
5,199,65,28,1,['acc'],63,"['tonmoyroy001', 'ghowlett', 'zgrey', 'wangxiaoyao123', 'rdevendr', 'pseebald', 'kelley53', 'dcfox', 'ajeans', 'yuwang', 'darvian', 'prithvibasak', 'akchetty92', 'menon4', 'meyer72', 'srikanth.a', 'zxhbbmm', 'steffesz', 'spirit.star.zy', 'ahaapala', 'castil19', 'ynawal', 'erwaggoner', 'mdeldar', 'carlosaffrc', 'ackermaj', 'ankitarai2013', 'dlovelace', 'sgoodma', 'chen1084', 'bmcguig2', 'guthrij', 'kpethe2', 'cschnake', 'yixiangtiankai2008', 'goyal21', 'handong', 'aclouse', 'gtamanam', 'li1chen544', 'gulati.sidhant', 'karthik.bharathwaj', 'pkhajehh', 'kpramod', 'avaidhee', 'omartine', 'nickh', 'neha.n', 'yanhuang.eco', 'chintan', 'kbalakri', 'vrestrep', 'breidi', 'pshrest', 'hadishagerdi', 'pmitalsk', 'bhupathikalpana', 'adamvc', 'cedricxie', 'shenzh1206', 'jgilliga', 'bergrv', 'thermalnate1']",27,"['sissichen0322', 'zooley', 'costawang', 'saima', 'nkissebe', 'mdoz5mario', 'tosinadeosun', 'conrad14', 'jin52', 'bmsutton', 'saaperezru', 'bhaley', 'xtee', 'hctest4', 'hctest1', 'kim568', None, 'apps', 'nanohueb', 'tsheperd', 'crvantas', 'marisol', 'mmh', 'hctest3', 'pmeunier', 'dkearney', 'spalit']",91,"['zgrey', 'ghowlett', 'wangxiaoyao123', 'zooley', 'pseebald', 'yuwang', 'darvian', 'nkissebe', 'menon4', 'mdoz5mario', 'tosinadeosun', 'jin52', 'zxhbbmm', 'mdeldar', 'bhaley', 'chen1084', 'bmcguig2', 'guthrij', 'kpethe2', 'cschnake', 'yixiangtiankai2008', 'aclouse', 'hctest1', 'pkhajehh', 'kpramod', 'avaidhee', 'kim568', 'neha.n', 'chintan', 'kbalakri', 'apps', 'tsheperd', 'crvantas', 'hadishagerdi', 'mmh', 'thermalnate1', 'hctest3', 'acc', 'pmeunier', 'tonmoyroy001', 'sissichen0322', 'rdevendr', 'costawang', 'kelley53', 'saima', 'dcfox', 'ajeans', 'prithvibasak', 'akchetty92', 'meyer72', 'srikanth.a', 'conrad14', 'bmsutton', 'steffesz', 'spirit.star.zy', 'ahaapala', 'castil19', 'ynawal', 'erwaggoner', 'carlosaffrc', 'saaperezru', 'ackermaj', 'ankitarai2013', 'dlovelace', 'sgoodma', 'goyal21', 'xtee', 'handong', 'gtamanam', 'li1chen544', 'gulati.sidhant', 'karthik.bharathwaj', 'omartine', 'nickh', 'yanhuang.eco', None, 'vrestrep', 'breidi', 'pshrest', 'nanohueb', 'marisol', 'pmitalsk', 'bhupathikalpana', 'adamvc', 'cedricxie', 'shenzh1206', 'jgilliga', 'bergrv', 'hctest4', 'dkearney', 'spalit']"
5,201,65,28,11,"['cschnake', 'zgrey', 'kpethe2', 'handong', 'pseebald', 'erwaggoner', 'ynawal', 'ackermaj', 'prithvibasak', 'akchetty92', 'srikanth.a']",53,"['tonmoyroy001', 'ghowlett', 'wangxiaoyao123', 'rdevendr', 'kelley53', 'dcfox', 'ajeans', 'yuwang', 'darvian', 'menon4', 'meyer72', 'zxhbbmm', 'steffesz', 'spirit.star.zy', 'ahaapala', 'castil19', 'mdeldar', 'carlosaffrc', 'ankitarai2013', 'dlovelace', 'sgoodma', 'chen1084', 'bmcguig2', 'guthrij', 'yixiangtiankai2008', 'goyal21', 'aclouse', 'gtamanam', 'li1chen544', 'gulati.sidhant', 'karthik.bharathwaj', 'pkhajehh', 'kpramod', 'avaidhee', 'omartine', 'nickh', 'neha.n', 'yanhuang.eco', 'chintan', 'kbalakri', 'vrestrep', 'breidi', 'pshrest', 'hadishagerdi', 'pmitalsk', 'bhupathikalpana', 'adamvc', 'cedricxie', 'shenzh1206', 'jgilliga', 'bergrv', 'thermalnate1', 'acc']",17,"['silva15', 'kparsley', 'david.heindel', 'mgaspers', 'steend', 'pratiknaik', 'bishopn', 'schaffter412', 'pulkit', 'jhbahk', 'drestrep', 'whitmjt', 'davidc', 'dekitte', 'ppradee', 'dschulz', None]",81,"['zgrey', 'ghowlett', 'wangxiaoyao123', 'pseebald', 'yuwang', 'darvian', 'menon4', 'kparsley', 'zxhbbmm', 'steend', 'schaffter412', 'mdeldar', 'whitmjt', 'chen1084', 'bmcguig2', 'guthrij', 'kpethe2', 'cschnake', 'yixiangtiankai2008', 'aclouse', 'bishopn', 'pkhajehh', 'kpramod', 'avaidhee', 'dekitte', 'neha.n', 'dschulz', 'chintan', 'kbalakri', 'silva15', 'hadishagerdi', 'pulkit', 'thermalnate1', 'acc', 'tonmoyroy001', 'mgaspers', 'rdevendr', 'pratiknaik', 'kelley53', 'dcfox', 'ajeans', 'prithvibasak', 'akchetty92', 'meyer72', 'srikanth.a', 'steffesz', 'spirit.star.zy', 'ahaapala', 'castil19', 'ynawal', 'erwaggoner', 'carlosaffrc', 'jhbahk', 'ackermaj', 'ankitarai2013', 'dlovelace', 'sgoodma', 'goyal21', 'handong', 'gtamanam', 'li1chen544', 'gulati.sidhant', 'karthik.bharathwaj', 'drestrep', 'omartine', 'nickh', 'ppradee', 'yanhuang.eco', None, 'david.heindel', 'vrestrep', 'breidi', 'pshrest', 'pmitalsk', 'bhupathikalpana', 'adamvc', 'cedricxie', 'shenzh1206', 'jgilliga', 'bergrv', 'davidc']"
5,206,65,20,4,"['handong', 'kpethe2', 'ynawal', 'srikanth.a']",60,"['tonmoyroy001', 'ghowlett', 'zgrey', 'wangxiaoyao123', 'rdevendr', 'pseebald', 'kelley53', 'dcfox', 'ajeans', 'yuwang', 'darvian', 'prithvibasak', 'akchetty92', 'menon4', 'meyer72', 'zxhbbmm', 'steffesz', 'spirit.star.zy', 'ahaapala', 'castil19', 'erwaggoner', 'mdeldar', 'carlosaffrc', 'ackermaj', 'ankitarai2013', 'dlovelace', 'sgoodma', 'chen1084', 'bmcguig2', 'guthrij', 'cschnake', 'yixiangtiankai2008', 'goyal21', 'aclouse', 'gtamanam', 'li1chen544', 'gulati.sidhant', 'karthik.bharathwaj', 'pkhajehh', 'kpramod', 'avaidhee', 'omartine', 'nickh', 'neha.n', 'yanhuang.eco', 'chintan', 'kbalakri', 'vrestrep', 'breidi', 'pshrest', 'hadishagerdi', 'pmitalsk', 'bhupathikalpana', 'adamvc', 'cedricxie', 'shenzh1206', 'jgilliga', 'bergrv', 'thermalnate1', 'acc']",16,"['sissichen0322', 'kparsley', 'david.heindel', 'heyu07', 'mgaspers', 'ssaraga', 'bishopn', 'schaffter412', 'jhbahk', 'whitmjt', 'clarksm', 'dekitte', 'dkearney', 'dschulz', None, 'dames']",80,"['zgrey', 'ghowlett', 'wangxiaoyao123', 'pseebald', 'yuwang', 'darvian', 'menon4', 'kparsley', 'zxhbbmm', 'schaffter412', 'mdeldar', 'whitmjt', 'clarksm', 'chen1084', 'bmcguig2', 'guthrij', 'kpethe2', 'cschnake', 'yixiangtiankai2008', 'aclouse', 'bishopn', 'pkhajehh', 'kpramod', 'avaidhee', 'dekitte', 'neha.n', 'dschulz', 'chintan', 'kbalakri', 'heyu07', 'hadishagerdi', 'thermalnate1', 'acc', 'tonmoyroy001', 'sissichen0322', 'mgaspers', 'rdevendr', 'ssaraga', 'kelley53', 'dcfox', 'ajeans', 'prithvibasak', 'akchetty92', 'meyer72', 'dames', 'srikanth.a', 'steffesz', 'spirit.star.zy', 'ahaapala', 'castil19', 'ynawal', 'erwaggoner', 'carlosaffrc', 'jhbahk', 'ackermaj', 'ankitarai2013', 'dlovelace', 'sgoodma', 'goyal21', 'handong', 'gtamanam', 'li1chen544', 'gulati.sidhant', 'karthik.bharathwaj', 'omartine', 'nickh', 'yanhuang.eco', None, 'david.heindel', 'vrestrep', 'breidi', 'pshrest', 'pmitalsk', 'bhupathikalpana', 'adamvc', 'cedricxie', 'shenzh1206', 'jgilliga', 'bergrv', 'dkearney']"
5,203,65,13,7,"['steffesz', 'pmitalsk', 'ahaapala', 'gtamanam', 'dcfox', 'akchetty92', 'kbalakri']",57,"['zgrey', 'ghowlett', 'wangxiaoyao123', 'pseebald', 'yuwang', 'darvian', 'menon4', 'zxhbbmm', 'mdeldar', 'chen1084', 'bmcguig2', 'guthrij', 'kpethe2', 'cschnake', 'yixiangtiankai2008', 'aclouse', 'pkhajehh', 'kpramod', 'avaidhee', 'neha.n', 'chintan', 'hadishagerdi', 'thermalnate1', 'acc', 'tonmoyroy001', 'rdevendr', 'kelley53', 'ajeans', 'prithvibasak', 'meyer72', 'srikanth.a', 'spirit.star.zy', 'castil19', 'ynawal', 'erwaggoner', 'carlosaffrc', 'ackermaj', 'ankitarai2013', 'dlovelace', 'sgoodma', 'goyal21', 'handong', 'li1chen544', 'gulati.sidhant', 'karthik.bharathwaj', 'omartine', 'nickh', 'yanhuang.eco', 'vrestrep', 'breidi', 'pshrest', 'bhupathikalpana', 'adamvc', 'cedricxie', 'shenzh1206', 'jgilliga', 'bergrv']",6,"['xtee', 'mmh', 'schaffter412', 'silverstons', None, 'dames']",70,"['zgrey', 'ghowlett', 'wangxiaoyao123', 'pseebald', 'yuwang', 'darvian', 'menon4', 'zxhbbmm', 'schaffter412', 'mdeldar', 'silverstons', 'chen1084', 'bmcguig2', 'guthrij', 'kpethe2', 'cschnake', 'yixiangtiankai2008', 'aclouse', 'pkhajehh', 'kpramod', 'avaidhee', 'neha.n', 'chintan', 'kbalakri', 'hadishagerdi', 'mmh', 'thermalnate1', 'acc', 'tonmoyroy001', 'rdevendr', 'kelley53', 'dcfox', 'ajeans', 'prithvibasak', 'akchetty92', 'meyer72', 'dames', 'srikanth.a', 'steffesz', 'spirit.star.zy', 'ahaapala', 'castil19', 'ynawal', 'erwaggoner', 'carlosaffrc', 'ackermaj', 'ankitarai2013', 'dlovelace', 'sgoodma', 'goyal21', 'xtee', 'handong', 'gtamanam', 'li1chen544', 'gulati.sidhant', 'karthik.bharathwaj', 'omartine', 'nickh', 'yanhuang.eco', None, 'vrestrep', 'breidi', 'pshrest', 'pmitalsk', 'bhupathikalpana', 'adamvc', 'cedricxie', 'shenzh1206', 'jgilliga', 'bergrv']"
5,202,65,12,6,"['steffesz', 'ahaapala', 'gtamanam', 'karthik.bharathwaj', 'yuwang', 'kbalakri']",58,"['zgrey', 'ghowlett', 'wangxiaoyao123', 'pseebald', 'darvian', 'menon4', 'zxhbbmm', 'mdeldar', 'chen1084', 'bmcguig2', 'guthrij', 'kpethe2', 'cschnake', 'yixiangtiankai2008', 'aclouse', 'pkhajehh', 'kpramod', 'avaidhee', 'neha.n', 'chintan', 'hadishagerdi', 'thermalnate1', 'acc', 'tonmoyroy001', 'rdevendr', 'kelley53', 'dcfox', 'ajeans', 'prithvibasak', 'akchetty92', 'meyer72', 'srikanth.a', 'spirit.star.zy', 'castil19', 'ynawal', 'erwaggoner', 'carlosaffrc', 'ackermaj', 'ankitarai2013', 'dlovelace', 'sgoodma', 'goyal21', 'handong', 'li1chen544', 'gulati.sidhant', 'omartine', 'nickh', 'yanhuang.eco', 'vrestrep', 'breidi', 'pshrest', 'pmitalsk', 'bhupathikalpana', 'adamvc', 'cedricxie', 'shenzh1206', 'jgilliga', 'bergrv']",6,"['mmh', 'schaffter412', 'scurrie', 'wzy8899', None, 'dames']",70,"['zgrey', 'ghowlett', 'wangxiaoyao123', 'pseebald', 'yuwang', 'darvian', 'scurrie', 'menon4', 'zxhbbmm', 'schaffter412', 'mdeldar', 'chen1084', 'bmcguig2', 'guthrij', 'kpethe2', 'cschnake', 'yixiangtiankai2008', 'aclouse', 'pkhajehh', 'kpramod', 'avaidhee', 'neha.n', 'chintan', 'kbalakri', 'hadishagerdi', 'mmh', 'thermalnate1', 'acc', 'tonmoyroy001', 'rdevendr', 'kelley53', 'dcfox', 'ajeans', 'prithvibasak', 'akchetty92', 'meyer72', 'dames', 'srikanth.a', 'steffesz', 'spirit.star.zy', 'ahaapala', 'castil19', 'ynawal', 'erwaggoner', 'carlosaffrc', 'ackermaj', 'ankitarai2013', 'dlovelace', 'sgoodma', 'goyal21', 'handong', 'gtamanam', 'li1chen544', 'gulati.sidhant', 'karthik.bharathwaj', 'omartine', 'nickh', 'wzy8899', 'yanhuang.eco', None, 'vrestrep', 'breidi', 'pshrest', 'pmitalsk', 'bhupathikalpana', 'adamvc', 'cedricxie', 'shenzh1206', 'jgilliga', 'bergrv']"
5,204,65,7,3,"['castil19', 'chintan', 'ankitarai2013']",61,"['zgrey', 'ghowlett', 'wangxiaoyao123', 'pseebald', 'yuwang', 'darvian', 'menon4', 'zxhbbmm', 'mdeldar', 'chen1084', 'bmcguig2', 'guthrij', 'kpethe2', 'cschnake', 'yixiangtiankai2008', 'aclouse', 'pkhajehh', 'kpramod', 'avaidhee', 'neha.n', 'kbalakri', 'hadishagerdi', 'thermalnate1', 'acc', 'tonmoyroy001', 'rdevendr', 'kelley53', 'dcfox', 'ajeans', 'prithvibasak', 'akchetty92', 'meyer72', 'srikanth.a', 'steffesz', 'spirit.star.zy', 'ahaapala', 'ynawal', 'erwaggoner', 'carlosaffrc', 'ackermaj', 'dlovelace', 'sgoodma', 'goyal21', 'handong', 'gtamanam', 'li1chen544', 'gulati.sidhant', 'karthik.bharathwaj', 'omartine', 'nickh', 'yanhuang.eco', 'vrestrep', 'breidi', 'pshrest', 'pmitalsk', 'bhupathikalpana', 'adamvc', 'cedricxie', 'shenzh1206', 'jgilliga', 'bergrv']",4,"['mohamed', 'pratiknaik', None, 'sooraj.soliel']",68,"['zgrey', 'ghowlett', 'wangxiaoyao123', 'pseebald', 'yuwang', 'darvian', 'menon4', 'zxhbbmm', 'mdeldar', 'chen1084', 'bmcguig2', 'guthrij', 'kpethe2', 'cschnake', 'yixiangtiankai2008', 'aclouse', 'pkhajehh', 'kpramod', 'avaidhee', 'neha.n', 'chintan', 'kbalakri', 'mohamed', 'hadishagerdi', 'thermalnate1', 'acc', 'tonmoyroy001', 'rdevendr', 'pratiknaik', 'kelley53', 'dcfox', 'ajeans', 'prithvibasak', 'akchetty92', 'meyer72', 'srikanth.a', 'steffesz', 'spirit.star.zy', 'ahaapala', 'castil19', 'ynawal', 'erwaggoner', 'carlosaffrc', 'sooraj.soliel', 'ackermaj', 'ankitarai2013', 'dlovelace', 'sgoodma', 'goyal21', 'handong', 'gtamanam', 'li1chen544', 'gulati.sidhant', 'karthik.bharathwaj', 'omartine', 'nickh', 'yanhuang.eco', None, 'vrestrep', 'breidi', 'pshrest', 'pmitalsk', 'bhupathikalpana', 'adamvc', 'cedricxie', 'shenzh1206', 'jgilliga', 'bergrv']"
5,205,65,7,1,['prithvibasak'],63,"['zgrey', 'ghowlett', 'wangxiaoyao123', 'pseebald', 'yuwang', 'darvian', 'menon4', 'zxhbbmm', 'mdeldar', 'chen1084', 'bmcguig2', 'guthrij', 'kpethe2', 'cschnake', 'yixiangtiankai2008', 'aclouse', 'pkhajehh', 'kpramod', 'avaidhee', 'neha.n', 'chintan', 'kbalakri', 'hadishagerdi', 'thermalnate1', 'acc', 'tonmoyroy001', 'rdevendr', 'kelley53', 'dcfox', 'ajeans', 'akchetty92', 'meyer72', 'srikanth.a', 'steffesz', 'spirit.star.zy', 'ahaapala', 'castil19', 'ynawal', 'erwaggoner', 'carlosaffrc', 'ackermaj', 'ankitarai2013', 'dlovelace', 'sgoodma', 'goyal21', 'handong', 'gtamanam', 'li1chen544', 'gulati.sidhant', 'karthik.bharathwaj', 'omartine', 'nickh', 'yanhuang.eco', 'vrestrep', 'breidi', 'pshrest', 'pmitalsk', 'bhupathikalpana', 'adamvc', 'cedricxie', 'shenzh1206', 'jgilliga', 'bergrv']",6,"['koroshtesf', 'xtee', 'mmh', 'schaffter412', None, 'dames']",70,"['zgrey', 'ghowlett', 'wangxiaoyao123', 'pseebald', 'yuwang', 'darvian', 'menon4', 'zxhbbmm', 'schaffter412', 'mdeldar', 'chen1084', 'bmcguig2', 'guthrij', 'kpethe2', 'cschnake', 'yixiangtiankai2008', 'aclouse', 'pkhajehh', 'kpramod', 'avaidhee', 'neha.n', 'chintan', 'kbalakri', 'koroshtesf', 'hadishagerdi', 'mmh', 'thermalnate1', 'acc', 'tonmoyroy001', 'rdevendr', 'kelley53', 'dcfox', 'ajeans', 'prithvibasak', 'akchetty92', 'meyer72', 'dames', 'srikanth.a', 'steffesz', 'spirit.star.zy', 'ahaapala', 'castil19', 'ynawal', 'erwaggoner', 'carlosaffrc', 'ackermaj', 'ankitarai2013', 'dlovelace', 'sgoodma', 'goyal21', 'xtee', 'handong', 'gtamanam', 'li1chen544', 'gulati.sidhant', 'karthik.bharathwaj', 'omartine', 'nickh', 'yanhuang.eco', None, 'vrestrep', 'breidi', 'pshrest', 'pmitalsk', 'bhupathikalpana', 'adamvc', 'cedricxie', 'shenzh1206', 'jgilliga', 'bergrv']"
5,208,65,7,1,['ankitarai2013'],63,"['zgrey', 'ghowlett', 'wangxiaoyao123', 'pseebald', 'yuwang', 'darvian', 'menon4', 'zxhbbmm', 'mdeldar', 'chen1084', 'bmcguig2', 'guthrij', 'kpethe2', 'cschnake', 'yixiangtiankai2008', 'aclouse', 'pkhajehh', 'kpramod', 'avaidhee', 'neha.n', 'chintan', 'kbalakri', 'hadishagerdi', 'thermalnate1', 'acc', 'tonmoyroy001', 'rdevendr', 'kelley53', 'dcfox', 'ajeans', 'prithvibasak', 'akchetty92', 'meyer72', 'srikanth.a', 'steffesz', 'spirit.star.zy', 'ahaapala', 'castil19', 'ynawal', 'erwaggoner', 'carlosaffrc', 'ackermaj', 'dlovelace', 'sgoodma', 'goyal21', 'handong', 'gtamanam', 'li1chen544', 'gulati.sidhant', 'karthik.bharathwaj', 'omartine', 'nickh', 'yanhuang.eco', 'vrestrep', 'breidi', 'pshrest', 'pmitalsk', 'bhupathikalpana', 'adamvc', 'cedricxie', 'shenzh1206', 'jgilliga', 'bergrv']",6,"['pratiknaik', 'kibech', 'atofangchi2013', 'sobh1', None, 'sobh']",70,"['zgrey', 'ghowlett', 'wangxiaoyao123', 'pseebald', 'yuwang', 'darvian', 'menon4', 'zxhbbmm', 'mdeldar', 'chen1084', 'bmcguig2', 'guthrij', 'kpethe2', 'cschnake', 'yixiangtiankai2008', 'aclouse', 'atofangchi2013', 'pkhajehh', 'kpramod', 'avaidhee', 'neha.n', 'chintan', 'kbalakri', 'hadishagerdi', 'kibech', 'thermalnate1', 'acc', 'sobh1', 'tonmoyroy001', 'rdevendr', 'pratiknaik', 'kelley53', 'dcfox', 'ajeans', 'prithvibasak', 'akchetty92', 'meyer72', 'srikanth.a', 'steffesz', 'spirit.star.zy', 'ahaapala', 'castil19', 'ynawal', 'erwaggoner', 'carlosaffrc', 'ackermaj', 'ankitarai2013', 'dlovelace', 'sgoodma', 'sobh', 'goyal21', 'handong', 'gtamanam', 'li1chen544', 'gulati.sidhant', 'karthik.bharathwaj', 'omartine', 'nickh', 'yanhuang.eco', None, 'vrestrep', 'breidi', 'pshrest', 'pmitalsk', 'bhupathikalpana', 'adamvc', 'cedricxie', 'shenzh1206', 'jgilliga', 'bergrv']"
5,207,65,6,1,['ankitarai2013'],63,"['zgrey', 'ghowlett', 'wangxiaoyao123', 'pseebald', 'yuwang', 'darvian', 'menon4', 'zxhbbmm', 'mdeldar', 'chen1084', 'bmcguig2', 'guthrij', 'kpethe2', 'cschnake', 'yixiangtiankai2008', 'aclouse', 'pkhajehh', 'kpramod', 'avaidhee', 'neha.n', 'chintan', 'kbalakri', 'hadishagerdi', 'thermalnate1', 'acc', 'tonmoyroy001', 'rdevendr', 'kelley53', 'dcfox', 'ajeans', 'prithvibasak', 'akchetty92', 'meyer72', 'srikanth.a', 'steffesz', 'spirit.star.zy', 'ahaapala', 'castil19', 'ynawal', 'erwaggoner', 'carlosaffrc', 'ackermaj', 'dlovelace', 'sgoodma', 'goyal21', 'handong', 'gtamanam', 'li1chen544', 'gulati.sidhant', 'karthik.bharathwaj', 'omartine', 'nickh', 'yanhuang.eco', 'vrestrep', 'breidi', 'pshrest', 'pmitalsk', 'bhupathikalpana', 'adamvc', 'cedricxie', 'shenzh1206', 'jgilliga', 'bergrv']",5,"['mohamed', 'kibech', 'sooraj.soliel', 'sobh1', None]",69,"['zgrey', 'ghowlett', 'wangxiaoyao123', 'pseebald', 'yuwang', 'darvian', 'menon4', 'zxhbbmm', 'mdeldar', 'chen1084', 'bmcguig2', 'guthrij', 'kpethe2', 'cschnake', 'yixiangtiankai2008', 'aclouse', 'pkhajehh', 'kpramod', 'avaidhee', 'neha.n', 'chintan', 'kbalakri', 'mohamed', 'hadishagerdi', 'kibech', 'thermalnate1', 'acc', 'sobh1', 'tonmoyroy001', 'rdevendr', 'kelley53', 'dcfox', 'ajeans', 'prithvibasak', 'akchetty92', 'meyer72', 'srikanth.a', 'steffesz', 'spirit.star.zy', 'ahaapala', 'castil19', 'ynawal', 'erwaggoner', 'carlosaffrc', 'sooraj.soliel', 'ackermaj', 'ankitarai2013', 'dlovelace', 'sgoodma', 'goyal21', 'handong', 'gtamanam', 'li1chen544', 'gulati.sidhant', 'karthik.bharathwaj', 'omartine', 'nickh', 'yanhuang.eco', None, 'vrestrep', 'breidi', 'pshrest', 'pmitalsk', 'bhupathikalpana', 'adamvc', 'cedricxie', 'shenzh1206', 'jgilliga', 'bergrv']"
6,127,61,62,59,"['max.wong1', 'chris.crooke.9', 'rhall94', 'atgod6', 'phill.marks', 'barnett12', 'itsdandan93', 'beatingharts', 'robertmcghee798', 'shepbur', 'bilalnuman', 'james.taylor67', 's.luxi30', 'stuarth', 'alexozzycake', 'cait.mcmaster1993', 'rosiedn11', 'lp4842', 'will.pete.tom', 'ionammunro', 'matthewharding', 'apolkinghorne94', 'sam1', 'lottiejwright24', 'qm011999', 'diddylovesjames', 'nathanohara', 'stuart.jones', 'kirsten.hawkins.31', '04ssteves', 'lois_clarke', 'jakeaustin56', 'hannah.hicks1994', 'frankzieleniewski', 'jessica.evans.230394', 'abbikate', 'stanbury.emma', 'lucy.cruxton', 'samanthacatherinereardon', 'annabelle404', 'adam.madgett', 'forrow', 'thehank93', 'poppyreese', 'rickyysavill', 'kavita.patel0904', 'benmorris195', 'sophiew590', 'bergkamp45', 'jaynexsouter', 'jorj.hardy', 'hk.1001.babo', 'lou.sycamore', 'benshorland', 'kheywood94', 'wingedkuriboh93', 'sybrantwolf', 'jsearlam', 'ellen.jones1994']",1,['hui'],3,"['dovile.lingaityte', None, 'davidr']",63,"['max.wong1', 'phill.marks', 'barnett12', 'itsdandan93', 'robertmcghee798', 'bilalnuman', 'stuarth', 'alexozzycake', 'cait.mcmaster1993', 'rosiedn11', 'lp4842', 'will.pete.tom', 'ionammunro', 'apolkinghorne94', 'stuart.jones', 'diddylovesjames', 'hannah.hicks1994', 'abbikate', 'stanbury.emma', 'lucy.cruxton', 'samanthacatherinereardon', 'adam.madgett', 'forrow', 'poppyreese', 'hui', 'benmorris195', 'sophiew590', 'bergkamp45', 'jaynexsouter', 'jorj.hardy', 'lou.sycamore', 'benshorland', 'kheywood94', 'wingedkuriboh93', 'jessica.evans.230394', 'jsearlam', 'ellen.jones1994', 'chris.crooke.9', 'rhall94', 'atgod6', 'beatingharts', 'shepbur', 'dovile.lingaityte', 'james.taylor67', 's.luxi30', 'matthewharding', 'sam1', 'lottiejwright24', 'qm011999', 'nathanohara', 'kirsten.hawkins.31', '04ssteves', 'lois_clarke', 'jakeaustin56', 'frankzieleniewski', 'davidr', 'annabelle404', 'thehank93', None, 'rickyysavill', 'kavita.patel0904', 'hk.1001.babo', 'sybrantwolf']"
7,161,60,33,30,"['wnfjdwns1', 'dswk', 'john9292', 'physicsoly', 'dongjin.d.kim', 'zeroez0410', 'jaegoo', 'sensi', 'kaistkrk', 'jangdeath', 'jkwon22', 'sonkh', 'kronicle11', 'gs_cho', 'jhs1728', 'kevinkth', 'ijhgs', 'minkyung1412', 'bdsfh0820', 'volentedeo', 'jjw0514', 'myhope67', 'tyufjvbn', 'ghkoo', 'njg10kr', 'gichan', 'insutine12', 'jcy132', 'qoab0704', 'ventus2551']",29,"['alexluliu', 'papatry', 'katherineann16', 'karunakar1989', 'kodolmon', 'derek.miller', 'seth', 'young.330', 'mohib59', 'tebra', 'ashish335', 'w002nhl', 'kavitha1989', 'clovervnd', 'saagarmpatel', 'sacgaze', 'gongbeng', 'prabmukh', 'juraj', 'williams898', 'weonkuk', 'hannah.r.jones1', 'applearoma', 'last1004in', 'w026kmd', 'vasuki.subbarayaswamy', 'wisebelle93', 'euijoong.shin', 'chutima1234']",3,"['lppqs9', None, 'ksyu']",62,"['alexluliu', 'derek.miller', 'dongjin.d.kim', 'mohib59', 'ashish335', 'clovervnd', 'sonkh', 'jkwon22', 'kronicle11', 'ijhgs', 'tyufjvbn', 'bdsfh0820', 'jjw0514', 'sacgaze', 'gongbeng', 'prabmukh', 'juraj', 'ksyu', 'williams898', 'weonkuk', 'ghkoo', 'njg10kr', 'applearoma', 'last1004in', 'vasuki.subbarayaswamy', 'wisebelle93', 'euijoong.shin', 'gichan', 'chutima1234', 'qoab0704', 'ventus2551', 'wnfjdwns1', 'papatry', 'dswk', 'lppqs9', 'john9292', 'katherineann16', 'karunakar1989', 'kodolmon', 'physicsoly', 'zeroez0410', 'seth', 'young.330', 'tebra', 'w002nhl', 'jaegoo', 'kavitha1989', 'sensi', 'jangdeath', 'kaistkrk', 'kevinkth', 'gs_cho', 'volentedeo', 'jhs1728', 'minkyung1412', 'saagarmpatel', 'myhope67', 'hannah.r.jones1', None, 'w026kmd', 'insutine12', 'jcy132']"
7,160,60,32,30,"['wnfjdwns1', 'dswk', 'john9292', 'kodolmon', 'physicsoly', 'jaegoo', 'clovervnd', 'jangdeath', 'jkwon22', 'sonkh', 'kronicle11', 'gs_cho', 'jhs1728', 'kevinkth', 'ijhgs', 'minkyung1412', 'volentedeo', 'tyufjvbn', 'jjw0514', 'myhope67', 'gongbeng', 'weonkuk', 'ghkoo', 'njg10kr', 'applearoma', 'wisebelle93', 'euijoong.shin', 'gichan', 'jcy132', 'qoab0704']",29,"['alexluliu', 'papatry', 'katherineann16', 'karunakar1989', 'derek.miller', 'dongjin.d.kim', 'zeroez0410', 'seth', 'young.330', 'mohib59', 'tebra', 'ashish335', 'w002nhl', 'kavitha1989', 'sensi', 'kaistkrk', 'bdsfh0820', 'saagarmpatel', 'sacgaze', 'prabmukh', 'juraj', 'williams898', 'hannah.r.jones1', 'last1004in', 'w026kmd', 'vasuki.subbarayaswamy', 'chutima1234', 'insutine12', 'ventus2551']",2,"[None, 'ksyu']",61,"['alexluliu', 'derek.miller', 'dongjin.d.kim', 'mohib59', 'ashish335', 'clovervnd', 'sonkh', 'jkwon22', 'kronicle11', 'ijhgs', 'tyufjvbn', 'bdsfh0820', 'jjw0514', 'sacgaze', 'gongbeng', 'prabmukh', 'juraj', 'ksyu', 'williams898', 'weonkuk', 'ghkoo', 'njg10kr', 'applearoma', 'last1004in', 'vasuki.subbarayaswamy', 'wisebelle93', 'euijoong.shin', 'gichan', 'chutima1234', 'qoab0704', 'ventus2551', 'wnfjdwns1', 'papatry', 'dswk', 'john9292', 'katherineann16', 'karunakar1989', 'kodolmon', 'physicsoly', 'zeroez0410', 'seth', 'young.330', 'tebra', 'w002nhl', 'jaegoo', 'kavitha1989', 'sensi', 'jangdeath', 'kaistkrk', 'kevinkth', 'gs_cho', 'volentedeo', 'jhs1728', 'minkyung1412', 'saagarmpatel', 'myhope67', 'hannah.r.jones1', None, 'w026kmd', 'insutine12', 'jcy132']"
7,157,60,16,13,"['w026kmd', 'juraj', 'w002nhl', 'katherineann16', 'williams898', 'derek.miller', 'karunakar1989', 'kavitha1989', 'saagarmpatel', 'seth', 'hannah.r.jones1', 'ashish335', 'tebra']",46,"['wnfjdwns1', 'alexluliu', 'papatry', 'dswk', 'john9292', 'kodolmon', 'physicsoly', 'dongjin.d.kim', 'zeroez0410', 'young.330', 'mohib59', 'jaegoo', 'sensi', 'clovervnd', 'jangdeath', 'kaistkrk', 'sonkh', 'kevinkth', 'gs_cho', 'volentedeo', 'jhs1728', 'ijhgs', 'minkyung1412', 'bdsfh0820', 'tyufjvbn', 'jjw0514', 'myhope67', 'sacgaze', 'gongbeng', 'prabmukh', 'weonkuk', 'ghkoo', 'jkwon22', 'njg10kr', 'applearoma', 'last1004in', 'vasuki.subbarayaswamy', 'wisebelle93', 'euijoong.shin', 'gichan', 'chutima1234', 'insutine12', 'jcy132', 'qoab0704', 'kronicle11', 'ventus2551']",3,"['binx12512', None, 'hendrix']",62,"['binx12512', 'wnfjdwns1', 'alexluliu', 'papatry', 'dswk', 'john9292', 'katherineann16', 'karunakar1989', 'kodolmon', 'physicsoly', 'derek.miller', 'dongjin.d.kim', 'zeroez0410', 'seth', 'young.330', 'mohib59', 'tebra', 'w002nhl', 'jaegoo', 'ashish335', 'kavitha1989', 'sensi', 'clovervnd', 'hendrix', 'jangdeath', 'kaistkrk', 'sonkh', 'kevinkth', 'gs_cho', 'volentedeo', 'jhs1728', 'ijhgs', 'minkyung1412', 'bdsfh0820', 'tyufjvbn', 'jjw0514', 'saagarmpatel', 'myhope67', 'sacgaze', 'gongbeng', 'prabmukh', 'juraj', 'williams898', 'weonkuk', 'ghkoo', 'jkwon22', 'njg10kr', 'hannah.r.jones1', 'applearoma', None, 'last1004in', 'w026kmd', 'vasuki.subbarayaswamy', 'wisebelle93', 'euijoong.shin', 'gichan', 'chutima1234', 'insutine12', 'jcy132', 'qoab0704', 'kronicle11', 'ventus2551']"
8,60,52,120,1,['hbai4'],50,"['nds922', 'tfrankl2', 'jzvang', 'datianer', 'mrajendiran', 'alucero', 'drhodges', 'mnuguse', 'scb9979', 'digital_razor', 'tyler_minix_1231', 'mkyle2', 'paramaiyappan', 'wlyu9248', 'madhusmita.s.sahu', 'twgdh', 'sandaibrahim99', 'rkasem', 'akazemi2', 'flakic1', 'rhanna', 'andrew65218', 'pjemma', 'adnon2012', 'sg2', 'ikhadrao', 'zockder', 'jjohns36', 'spacee', 'kcrimes3', 'azaky', 'jake.mozack', 'donalda887', 'zbs910819', 'sharma34', 'doronkt1', 'yzhao3', 'apatel32', 'ericnimer', 'awesome.young.choi', 'aminasfour', 'menghang.cai', 'flores11', 'chenjiaxin0330', 'mabdulel', 'sandeep.gaan', 'runinsky', 'dallyson', '3jsimon', 'hwang4']",119,"['e.f.297', 'khunaj', 'robertosuarez', 'yliu160', 'yliu124', 'twu15', 'fadarichev25', 'jyongc', 'isaacehoffman', 'ksullivan1031', 'perpetual89', 'edgar369', 'yong.b.lee.73', 'shinjani.na92', 'malkows1', 'tschop2', 'xyan11', 'luka2', 'ehzheng2', 'cha10', 'do0de', 'jwu10', 'hyebyekadal', 'sanghani27', 'mkjo2', 'berto1', 'kris.smith.33671', 'shinjani7', 'calculuswhiz', 'lflemin2', 'jfeldmn2', 'hewapar2', 'kwan7', 'yang160', 'akshay9415', 'vtseng2', 'grahl2', 'abhijeet.s92', 'akashkapadia1', 'choquett', 'bojjave2', 'ben.li.33633', 'chiutim', 'awhsu2', 'nathan1', 'aepolicht', 'akim77', 'blix1337', 'roosterxie', 'yiren3', 'aramin2', 'victorboyu.li', 'rexchen2', 'khc89', 'kdatta2', 'doris263464790', 'dkt01', 'htycm', 'wie1', 'ehdwnsdlz', 'nagaban2', 'azamat.zhunussov', 'robel.arega.5', 'barber9', 'sean.barowsky', 'davidh258', 'morningzz', 'mcyang3', 'sainirachit060', 'yiumingh', 'jkim449', 'hlansing', 'bahearn2', 'krkelly', 'xdjzero', 'mengcen.li.1', 'rmoser2', 'jimmyrey6857', 'dbrack29810', 'aerwin12', 'pasrich2', 'oscarto92', 'magerko1', 'sanchet2', 'seo32', 'user340', 'dschlai2', 'dsukrith', 'kevinnoh91', 'weineran', 'tomic2', 'dariusz45', 'rtarig2', 'meng.huang.3551', 'clee0793', 'stavanp', 'lelouch365789', 'ocanasherreradavid', 'muggly23', 'chaojiliqilin', 'mdreis2', 'livsong1992', 'mynameisniu', 'bryniar2', 'salfano', 'ashimiz2', 'jdille2', 'defamationmatrix', 'huimingx24', 'yyang70', None, 'abrunnr2', 'travis.gham', 'mtf545', 'darrenchen', 'shingyien085062', 'thomasniu', 'mlowney', 'kaizhi.qian']",170,"['nds922', 'jzvang', 'mrajendiran', 'drhodges', 'paramaiyappan', 'e.f.297', 'khunaj', 'robertosuarez', 'wlyu9248', 'madhusmita.s.sahu', 'twgdh', 'sandaibrahim99', 'yliu160', 'yliu124', 'twu15', 'pjemma', 'fadarichev25', 'jyongc', 'isaacehoffman', 'ksullivan1031', 'perpetual89', 'edgar369', 'yong.b.lee.73', 'shinjani.na92', 'malkows1', 'tschop2', 'xyan11', 'luka2', 'ehzheng2', 'cha10', 'hbai4', 'do0de', 'jwu10', 'hyebyekadal', 'sanghani27', 'ericnimer', 'mkjo2', 'berto1', 'flores11', 'kris.smith.33671', 'sandeep.gaan', 'hwang4', 'shinjani7', 'lflemin2', 'calculuswhiz', 'jfeldmn2', 'hewapar2', 'kwan7', 'alucero', 'mnuguse', 'digital_razor', 'tyler_minix_1231', 'mkyle2', 'yang160', 'akshay9415', 'vtseng2', 'grahl2', 'abhijeet.s92', 'akashkapadia1', 'sg2', 'choquett', 'zockder', 'bojjave2', 'ben.li.33633', 'chiutim', 'awhsu2', 'nathan1', 'aepolicht', 'akim77', 'blix1337', 'roosterxie', 'yiren3', 'aramin2', 'victorboyu.li', 'rexchen2', 'khc89', 'kdatta2', 'doris263464790', 'awesome.young.choi', 'dkt01', 'htycm', 'wie1', 'ehdwnsdlz', 'runinsky', 'nagaban2', 'robel.arega.5', 'azamat.zhunussov', 'barber9', 'tfrankl2', 'datianer', 'sean.barowsky', 'davidh258', 'morningzz', 'mcyang3', 'rkasem', 'sainirachit060', 'yiumingh', 'akazemi2', 'flakic1', 'jkim449', 'hlansing', 'andrew65218', 'bahearn2', 'krkelly', 'xdjzero', 'mengcen.li.1', 'rmoser2', 'jjohns36', 'jimmyrey6857', 'dbrack29810', 'aerwin12', 'azaky', 'pasrich2', 'oscarto92', 'magerko1', 'sanchet2', 'sharma34', 'doronkt1', 'seo32', 'yzhao3', 'user340', 'dschlai2', 'dsukrith', 'chenjiaxin0330', 'kevinnoh91', 'weineran', 'mabdulel', 'dallyson', '3jsimon', 'tomic2', 'dariusz45', 'scb9979', 'rtarig2', 'meng.huang.3551', 'clee0793', 'stavanp', 'lelouch365789', 'rhanna', 'ocanasherreradavid', 'adnon2012', 'muggly23', 'ikhadrao', 'chaojiliqilin', 'mdreis2', 'livsong1992', 'mynameisniu', 'spacee', 'bryniar2', 'kcrimes3', 'jake.mozack', 'salfano', 'ashimiz2', 'jdille2', 'donalda887', 'defamationmatrix', 'huimingx24', 'yyang70', 'zbs910819', None, 'abrunnr2', 'travis.gham', 'mtf545', 'darrenchen', 'apatel32', 'shingyien085062', 'aminasfour', 'menghang.cai', 'thomasniu', 'mlowney', 'kaizhi.qian']"
8,102,52,97,3,"['hbai4', 'awesome.young.choi', 'flores11']",48,"['nds922', 'tfrankl2', 'jzvang', 'datianer', 'mrajendiran', 'alucero', 'drhodges', 'mnuguse', 'scb9979', 'digital_razor', 'tyler_minix_1231', 'mkyle2', 'paramaiyappan', 'wlyu9248', 'madhusmita.s.sahu', 'twgdh', 'sandaibrahim99', 'rkasem', 'akazemi2', 'flakic1', 'rhanna', 'andrew65218', 'pjemma', 'adnon2012', 'sg2', 'ikhadrao', 'zockder', 'jjohns36', 'spacee', 'kcrimes3', 'azaky', 'jake.mozack', 'donalda887', 'zbs910819', 'sharma34', 'doronkt1', 'yzhao3', 'apatel32', 'ericnimer', 'aminasfour', 'menghang.cai', 'chenjiaxin0330', 'mabdulel', 'sandeep.gaan', 'runinsky', 'dallyson', '3jsimon', 'hwang4']",94,"['singh64', 'e.f.297', 'robertosuarez', 'yliu124', 'sukhusukhu', 'twu15', 'fadarichev25', 'jyongc', 'ksullivan1031', 'edgar369', 'gczajk93', 'xyan11', 'cha10', 'do0de', 'jwu10', 'sanghani27', 'lburns4', 'kris.smith.33671', 'ciclark2', 'shinjani7', 'calculuswhiz', 'hewapar2', 'kwan7', 'skimonkey1092', 'abhijeet.s92', 'grahl2', 'bojjave2', 'ben.li.33633', 'manfei.wu', 'awhsu2', 'zzh915', 'aepolicht', 'anushir2', 'blix1337', 'roosterxie', 'yiren3', 'aiwade', 'aramin2', 'victorboyu.li', 'rexchen2', 'kdatta2', 'doris263464790', 'dkt01', 'htycm', 'wie1', 'freed2', 'azamat.zhunussov', 'barber9', 'mcyang3', 'sturt1', 'jkim449', 'yiumingh', 'jer2000', 'hlansing', 'xdjzero', 'adzhao2', 'mengcen.li.1', 'rmoser2', 'dbrack29810', 'aerwin12', 'ytang14', 'pasrich2', 'oscarto92', 'sanchet2', 'user340', 'dschlai2', 'kim565', 'dsukrith', 'willxyz', 'mstyvejr', 'tomic2', 'blackrose', 'fong12', 'tangyuhan123', 'tai8', 'houghto2', 'meng.huang.3551', 'clee0793', 'lelouch365789', 'chaojiliqilin', 'mdreis2', 'livsong1992', 'zijian.li.37', 'ashimiz2', 'jdille2', 'defamationmatrix', 'yyang70', None, 'travis.gham', 'mtf545', 'shingyien085062', 'acastillo93', 'mlowney', 'afordyc2']",145,"['nds922', 'jzvang', 'mrajendiran', 'drhodges', 'singh64', 'paramaiyappan', 'e.f.297', 'robertosuarez', 'wlyu9248', 'madhusmita.s.sahu', 'twgdh', 'sandaibrahim99', 'yliu124', 'sukhusukhu', 'twu15', 'pjemma', 'fadarichev25', 'jyongc', 'ksullivan1031', 'edgar369', 'gczajk93', 'xyan11', 'cha10', 'hbai4', 'do0de', 'jwu10', 'sanghani27', 'ericnimer', 'lburns4', 'flores11', 'kris.smith.33671', 'sandeep.gaan', 'ciclark2', 'hwang4', 'shinjani7', 'calculuswhiz', 'hewapar2', 'kwan7', 'alucero', 'skimonkey1092', 'mnuguse', 'digital_razor', 'tyler_minix_1231', 'mkyle2', 'abhijeet.s92', 'grahl2', 'sg2', 'zockder', 'bojjave2', 'ben.li.33633', 'manfei.wu', 'awhsu2', 'zzh915', 'aepolicht', 'anushir2', 'blix1337', 'roosterxie', 'yiren3', 'aiwade', 'aramin2', 'victorboyu.li', 'rexchen2', 'kdatta2', 'doris263464790', 'awesome.young.choi', 'dkt01', 'htycm', 'wie1', 'runinsky', 'freed2', 'azamat.zhunussov', 'barber9', 'tfrankl2', 'datianer', 'mcyang3', 'rkasem', 'sturt1', 'jkim449', 'akazemi2', 'flakic1', 'yiumingh', 'jer2000', 'hlansing', 'andrew65218', 'xdjzero', 'adzhao2', 'mengcen.li.1', 'rmoser2', 'jjohns36', 'dbrack29810', 'aerwin12', 'azaky', 'ytang14', 'pasrich2', 'oscarto92', 'sanchet2', 'sharma34', 'doronkt1', 'yzhao3', 'user340', 'dschlai2', 'kim565', 'dsukrith', 'chenjiaxin0330', 'willxyz', 'mstyvejr', 'mabdulel', 'dallyson', '3jsimon', 'tomic2', 'blackrose', 'fong12', 'tangyuhan123', 'scb9979', 'tai8', 'houghto2', 'meng.huang.3551', 'clee0793', 'lelouch365789', 'rhanna', 'adnon2012', 'ikhadrao', 'chaojiliqilin', 'mdreis2', 'livsong1992', 'spacee', 'zijian.li.37', 'kcrimes3', 'jake.mozack', 'ashimiz2', 'jdille2', 'donalda887', 'defamationmatrix', 'yyang70', 'zbs910819', None, 'travis.gham', 'mtf545', 'apatel32', 'shingyien085062', 'aminasfour', 'menghang.cai', 'acastillo93', 'mlowney', 'afordyc2']"
8,172,52,57,1,['jake.mozack'],50,"['nds922', 'tfrankl2', 'jzvang', 'datianer', 'mrajendiran', 'alucero', 'drhodges', 'mnuguse', 'scb9979', 'digital_razor', 'tyler_minix_1231', 'mkyle2', 'paramaiyappan', 'wlyu9248', 'madhusmita.s.sahu', 'twgdh', 'sandaibrahim99', 'rkasem', 'akazemi2', 'flakic1', 'rhanna', 'andrew65218', 'pjemma', 'adnon2012', 'sg2', 'ikhadrao', 'zockder', 'jjohns36', 'spacee', 'kcrimes3', 'azaky', 'donalda887', 'hbai4', 'zbs910819', 'sharma34', 'doronkt1', 'yzhao3', 'apatel32', 'ericnimer', 'awesome.young.choi', 'aminasfour', 'menghang.cai', 'flores11', 'chenjiaxin0330', 'mabdulel', 'sandeep.gaan', 'runinsky', 'dallyson', '3jsimon', 'hwang4']",56,"['blackrose', '4kevin.nicholas', 'rzuravel', 'reddcube', 'dariusz45', 'kgrathb2', 'tai8', 'daisycao111', 'mgonnella41', 'khunaj', 'lyy1218', 'robertosuarez', 'sturt1', 'kecheng333', 'yliu160', 'lelouch365789', 'rene.lamb.7', 'kim852', 'blackrose4804', 'bhateja1', 'djinkorea', 'livsong1992', 'adzhao2', 'bwjohns2', 'gromko1', 'kapadia3', 'bdickin2', 'captcarisma', 'alex.t.zhu', 'nquarto2', 'shinjani', 'moose', 'oscarto92', 'jdille2', 'mholth2', 'clay.chamberlain', 'victorboyu.li', 'cha10', None, 'seth.cazzell', 'okinawanspud', 'xunyu2', 'travis.gham', 'chewethy', 'jones.jonathan.david', 'lburns4', 'acastillo93', 'simmi', 'mlowney', 'kaizhi.qian', 'kris.smith.33671', 'pierce20', 'ciclark2', 'wangrenhan', 'nagaban2', 'lauschk2']",107,"['4kevin.nicholas', 'reddcube', 'nds922', 'tfrankl2', 'jzvang', 'datianer', 'mrajendiran', 'drhodges', 'paramaiyappan', 'khunaj', 'robertosuarez', 'wlyu9248', 'madhusmita.s.sahu', 'twgdh', 'sandaibrahim99', 'rkasem', 'sturt1', 'yliu160', 'kecheng333', 'akazemi2', 'flakic1', 'rene.lamb.7', 'kim852', 'andrew65218', 'pjemma', 'blackrose4804', 'bhateja1', 'adzhao2', 'jjohns36', 'gromko1', 'kapadia3', 'alex.t.zhu', 'azaky', 'shinjani', 'moose', 'oscarto92', 'mholth2', 'clay.chamberlain', 'cha10', 'hbai4', 'sharma34', 'seth.cazzell', 'doronkt1', 'xunyu2', 'yzhao3', 'ericnimer', 'lburns4', 'flores11', 'chenjiaxin0330', 'kris.smith.33671', 'mabdulel', 'sandeep.gaan', 'pierce20', 'ciclark2', 'dallyson', 'wangrenhan', '3jsimon', 'hwang4', 'lauschk2', 'blackrose', 'dariusz45', 'rzuravel', 'alucero', 'mnuguse', 'scb9979', 'digital_razor', 'tyler_minix_1231', 'mkyle2', 'kgrathb2', 'tai8', 'daisycao111', 'mgonnella41', 'lyy1218', 'lelouch365789', 'rhanna', 'adnon2012', 'sg2', 'ikhadrao', 'zockder', 'djinkorea', 'livsong1992', 'bwjohns2', 'spacee', 'bdickin2', 'captcarisma', 'kcrimes3', 'nquarto2', 'jake.mozack', 'jdille2', 'donalda887', 'victorboyu.li', 'zbs910819', None, 'okinawanspud', 'travis.gham', 'chewethy', 'apatel32', 'jones.jonathan.david', 'awesome.young.choi', 'aminasfour', 'menghang.cai', 'acastillo93', 'simmi', 'mlowney', 'kaizhi.qian', 'runinsky', 'nagaban2']"
8,103,52,40,4,"['nds922', 'sharma34', 'jjohns36', 'sg2']",47,"['tfrankl2', 'jzvang', 'datianer', 'mrajendiran', 'alucero', 'drhodges', 'mnuguse', 'scb9979', 'digital_razor', 'tyler_minix_1231', 'mkyle2', 'paramaiyappan', 'wlyu9248', 'madhusmita.s.sahu', 'twgdh', 'sandaibrahim99', 'rkasem', 'akazemi2', 'flakic1', 'rhanna', 'andrew65218', 'pjemma', 'adnon2012', 'ikhadrao', 'zockder', 'spacee', 'kcrimes3', 'azaky', 'jake.mozack', 'donalda887', 'hbai4', 'zbs910819', 'doronkt1', 'yzhao3', 'apatel32', 'ericnimer', 'awesome.young.choi', 'aminasfour', 'menghang.cai', 'flores11', 'chenjiaxin0330', 'mabdulel', 'sandeep.gaan', 'runinsky', 'dallyson', '3jsimon', 'hwang4']",36,"['dariusz45', 'reddcube', 'rzuravel', 'daisycao111', 'khunaj', 'mgonnella41', 'lyy1218', 'yliu160', 'jer2000', 'rene.lamb.7', 'kim852', 'bhateja1', 'pwalerow1', 'offender', 'brunngr2', 'gromko1', 'kapadia3', 'captcarisma', 'husak2', 'blix1337', 'nquarto2', 'salfano', 'chmilsk2', 'moose', 'aiwade', 'mholth2', 'clay.chamberlain', None, 'chewethy', 'jones.jonathan.david', 'acastillo93', 'pierce20', 'wangrenhan', 'okwon6', 'lauschk2', 'robel.arega.5']",87,"['reddcube', 'nds922', 'tfrankl2', 'jzvang', 'datianer', 'mrajendiran', 'drhodges', 'paramaiyappan', 'khunaj', 'wlyu9248', 'madhusmita.s.sahu', 'twgdh', 'sandaibrahim99', 'rkasem', 'yliu160', 'akazemi2', 'flakic1', 'jer2000', 'rene.lamb.7', 'kim852', 'andrew65218', 'pjemma', 'bhateja1', 'pwalerow1', 'jjohns36', 'brunngr2', 'gromko1', 'kapadia3', 'azaky', 'husak2', 'chmilsk2', 'moose', 'mholth2', 'clay.chamberlain', 'hbai4', 'sharma34', 'doronkt1', 'yzhao3', 'ericnimer', 'flores11', 'chenjiaxin0330', 'mabdulel', 'sandeep.gaan', 'pierce20', 'dallyson', 'wangrenhan', '3jsimon', 'hwang4', 'okwon6', 'lauschk2', 'dariusz45', 'rzuravel', 'alucero', 'mnuguse', 'scb9979', 'digital_razor', 'tyler_minix_1231', 'mkyle2', 'daisycao111', 'mgonnella41', 'lyy1218', 'rhanna', 'adnon2012', 'sg2', 'ikhadrao', 'zockder', 'offender', 'spacee', 'captcarisma', 'kcrimes3', 'nquarto2', 'jake.mozack', 'blix1337', 'salfano', 'aiwade', 'donalda887', 'zbs910819', None, 'chewethy', 'apatel32', 'jones.jonathan.david', 'awesome.young.choi', 'aminasfour', 'menghang.cai', 'acastillo93', 'runinsky', 'robel.arega.5']"
8,101,52,33,31,"['tfrankl2', 'jzvang', 'drhodges', 'scb9979', 'tyler_minix_1231', 'mkyle2', 'wlyu9248', 'twgdh', 'rkasem', 'akazemi2', 'flakic1', 'rhanna', 'andrew65218', 'pjemma', 'adnon2012', 'ikhadrao', 'zockder', 'kcrimes3', 'azaky', 'donalda887', 'zbs910819', 'yzhao3', 'ericnimer', 'apatel32', 'menghang.cai', 'chenjiaxin0330', 'mabdulel', 'runinsky', 'dallyson', '3jsimon', 'hwang4']",20,"['nds922', 'datianer', 'mrajendiran', 'alucero', 'mnuguse', 'digital_razor', 'paramaiyappan', 'madhusmita.s.sahu', 'sandaibrahim99', 'sg2', 'jjohns36', 'spacee', 'jake.mozack', 'hbai4', 'sharma34', 'doronkt1', 'awesome.young.choi', 'aminasfour', 'flores11', 'sandeep.gaan']",2,"['dwrigh22', None]",53,"['nds922', 'tfrankl2', 'jzvang', 'datianer', 'mrajendiran', 'drhodges', 'paramaiyappan', 'wlyu9248', 'madhusmita.s.sahu', 'twgdh', 'sandaibrahim99', 'rkasem', 'akazemi2', 'flakic1', 'andrew65218', 'pjemma', 'dwrigh22', 'jjohns36', 'azaky', 'hbai4', 'sharma34', 'doronkt1', 'yzhao3', 'ericnimer', 'flores11', 'chenjiaxin0330', 'mabdulel', 'sandeep.gaan', 'dallyson', '3jsimon', 'hwang4', 'alucero', 'mnuguse', 'scb9979', 'digital_razor', 'tyler_minix_1231', 'mkyle2', 'rhanna', 'adnon2012', 'sg2', 'ikhadrao', 'zockder', 'spacee', 'kcrimes3', 'jake.mozack', 'donalda887', 'zbs910819', None, 'apatel32', 'awesome.young.choi', 'aminasfour', 'menghang.cai', 'runinsky']"
8,62,52,14,1,['sg2'],50,"['nds922', 'tfrankl2', 'jzvang', 'datianer', 'mrajendiran', 'alucero', 'drhodges', 'mnuguse', 'scb9979', 'digital_razor', 'tyler_minix_1231', 'mkyle2', 'paramaiyappan', 'wlyu9248', 'madhusmita.s.sahu', 'twgdh', 'sandaibrahim99', 'rkasem', 'akazemi2', 'flakic1', 'rhanna', 'andrew65218', 'pjemma', 'adnon2012', 'ikhadrao', 'zockder', 'jjohns36', 'spacee', 'kcrimes3', 'azaky', 'jake.mozack', 'donalda887', 'hbai4', 'zbs910819', 'sharma34', 'doronkt1', 'yzhao3', 'apatel32', 'ericnimer', 'awesome.young.choi', 'aminasfour', 'menghang.cai', 'flores11', 'chenjiaxin0330', 'mabdulel', 'sandeep.gaan', 'runinsky', 'dallyson', '3jsimon', 'hwang4']",13,"['jping2', 'husak2', 'juniorping928', 'milian2', 'skimonkey1092', 'robert59', 'agrabacki', 'e.f.297', 'manfei.wu', 'iamselewa', 'zachbursich', None, 'tomic2']",64,"['nds922', 'tfrankl2', 'jzvang', 'datianer', 'mrajendiran', 'alucero', 'drhodges', 'mnuguse', 'scb9979', 'digital_razor', 'tyler_minix_1231', 'mkyle2', 'paramaiyappan', 'skimonkey1092', 'e.f.297', 'wlyu9248', 'madhusmita.s.sahu', 'twgdh', 'sandaibrahim99', 'rkasem', 'akazemi2', 'flakic1', 'jping2', 'rhanna', 'andrew65218', 'pjemma', 'adnon2012', 'sg2', 'milian2', 'zachbursich', 'ikhadrao', 'zockder', 'manfei.wu', 'jjohns36', 'iamselewa', 'spacee', 'kcrimes3', 'azaky', 'jake.mozack', 'husak2', 'juniorping928', 'donalda887', 'hbai4', 'zbs910819', 'sharma34', None, 'doronkt1', 'yzhao3', 'apatel32', 'ericnimer', 'awesome.young.choi', 'aminasfour', 'menghang.cai', 'flores11', 'chenjiaxin0330', 'robert59', 'agrabacki', 'mabdulel', 'sandeep.gaan', 'runinsky', 'dallyson', '3jsimon', 'hwang4', 'tomic2']"
8,100,52,14,12,"['tfrankl2', 'rhanna', 'apatel32', 'drhodges', 'mnuguse', 'zockder', '3jsimon', 'mabdulel', 'dallyson', 'sandaibrahim99', 'rkasem', 'zbs910819']",39,"['nds922', 'jzvang', 'datianer', 'mrajendiran', 'alucero', 'scb9979', 'digital_razor', 'tyler_minix_1231', 'mkyle2', 'paramaiyappan', 'wlyu9248', 'madhusmita.s.sahu', 'twgdh', 'akazemi2', 'flakic1', 'andrew65218', 'pjemma', 'adnon2012', 'sg2', 'ikhadrao', 'jjohns36', 'spacee', 'kcrimes3', 'azaky', 'jake.mozack', 'donalda887', 'hbai4', 'sharma34', 'doronkt1', 'yzhao3', 'ericnimer', 'awesome.young.choi', 'aminasfour', 'menghang.cai', 'flores11', 'chenjiaxin0330', 'sandeep.gaan', 'runinsky', 'hwang4']",2,"['dwrigh22', None]",53,"['nds922', 'tfrankl2', 'jzvang', 'datianer', 'mrajendiran', 'alucero', 'drhodges', 'mnuguse', 'scb9979', 'digital_razor', 'tyler_minix_1231', 'mkyle2', 'paramaiyappan', 'wlyu9248', 'madhusmita.s.sahu', 'twgdh', 'sandaibrahim99', 'rkasem', 'akazemi2', 'flakic1', 'rhanna', 'andrew65218', 'pjemma', 'adnon2012', 'sg2', 'ikhadrao', 'dwrigh22', 'zockder', 'jjohns36', 'spacee', 'kcrimes3', 'azaky', 'jake.mozack', 'donalda887', 'hbai4', 'zbs910819', 'sharma34', None, 'doronkt1', 'yzhao3', 'apatel32', 'ericnimer', 'awesome.young.choi', 'aminasfour', 'menghang.cai', 'flores11', 'chenjiaxin0330', 'mabdulel', 'sandeep.gaan', 'runinsky', 'dallyson', '3jsimon', 'hwang4']"
8,173,52,10,2,"['awesome.young.choi', 'jake.mozack']",49,"['nds922', 'tfrankl2', 'jzvang', 'datianer', 'mrajendiran', 'alucero', 'drhodges', 'mnuguse', 'scb9979', 'digital_razor', 'tyler_minix_1231', 'mkyle2', 'paramaiyappan', 'wlyu9248', 'madhusmita.s.sahu', 'twgdh', 'sandaibrahim99', 'rkasem', 'akazemi2', 'flakic1', 'rhanna', 'andrew65218', 'pjemma', 'adnon2012', 'sg2', 'ikhadrao', 'zockder', 'jjohns36', 'spacee', 'kcrimes3', 'azaky', 'donalda887', 'hbai4', 'zbs910819', 'sharma34', 'doronkt1', 'yzhao3', 'apatel32', 'ericnimer', 'aminasfour', 'menghang.cai', 'flores11', 'chenjiaxin0330', 'mabdulel', 'sandeep.gaan', 'runinsky', 'dallyson', '3jsimon', 'hwang4']",8,"['alfgust', 'barber9', 'jyongc', 'kevinnoh91', 'ehzheng2', 'clee0793', None, 'lflemin2']",59,"['alfgust', 'barber9', 'nds922', 'tfrankl2', 'jzvang', 'datianer', 'mrajendiran', 'alucero', 'drhodges', 'mnuguse', 'scb9979', 'digital_razor', 'tyler_minix_1231', 'mkyle2', 'paramaiyappan', 'wlyu9248', 'madhusmita.s.sahu', 'twgdh', 'sandaibrahim99', 'rkasem', 'clee0793', 'akazemi2', 'flakic1', 'rhanna', 'andrew65218', 'pjemma', 'adnon2012', 'sg2', 'jyongc', 'ikhadrao', 'zockder', 'jjohns36', 'spacee', 'kcrimes3', 'azaky', 'jake.mozack', 'donalda887', 'ehzheng2', 'hbai4', 'zbs910819', 'sharma34', None, 'doronkt1', 'yzhao3', 'apatel32', 'ericnimer', 'awesome.young.choi', 'aminasfour', 'menghang.cai', 'flores11', 'chenjiaxin0330', 'kevinnoh91', 'mabdulel', 'sandeep.gaan', 'runinsky', 'dallyson', '3jsimon', 'hwang4', 'lflemin2']"
8,178,52,7,1,['sharma34'],50,"['nds922', 'tfrankl2', 'jzvang', 'datianer', 'mrajendiran', 'alucero', 'drhodges', 'mnuguse', 'scb9979', 'digital_razor', 'tyler_minix_1231', 'mkyle2', 'paramaiyappan', 'wlyu9248', 'madhusmita.s.sahu', 'twgdh', 'sandaibrahim99', 'rkasem', 'akazemi2', 'flakic1', 'rhanna', 'andrew65218', 'pjemma', 'adnon2012', 'sg2', 'ikhadrao', 'zockder', 'jjohns36', 'spacee', 'kcrimes3', 'azaky', 'jake.mozack', 'donalda887', 'hbai4', 'zbs910819', 'doronkt1', 'yzhao3', 'apatel32', 'ericnimer', 'awesome.young.choi', 'aminasfour', 'menghang.cai', 'flores11', 'chenjiaxin0330', 'mabdulel', 'sandeep.gaan', 'runinsky', 'dallyson', '3jsimon', 'hwang4']",6,"['reddcube', 'jthereliable', 'livsong1992', 'sim1313', 'yliu160', None]",57,"['reddcube', 'nds922', 'tfrankl2', 'jzvang', 'datianer', 'mrajendiran', 'alucero', 'drhodges', 'mnuguse', 'scb9979', 'digital_razor', 'tyler_minix_1231', 'mkyle2', 'paramaiyappan', 'wlyu9248', 'madhusmita.s.sahu', 'twgdh', 'sandaibrahim99', 'rkasem', 'yliu160', 'akazemi2', 'flakic1', 'rhanna', 'andrew65218', 'pjemma', 'adnon2012', 'sg2', 'ikhadrao', 'zockder', 'livsong1992', 'sim1313', 'jjohns36', 'spacee', 'kcrimes3', 'azaky', 'jake.mozack', 'jthereliable', 'donalda887', 'hbai4', 'zbs910819', 'sharma34', None, 'doronkt1', 'yzhao3', 'apatel32', 'ericnimer', 'awesome.young.choi', 'aminasfour', 'menghang.cai', 'flores11', 'chenjiaxin0330', 'mabdulel', 'sandeep.gaan', 'runinsky', 'dallyson', '3jsimon', 'hwang4']"
9,151,50,47,42,"['jash.sarvaiya', 'williamsondrew', 'slueder', 'sierra429davis', 'nyukingh', 'alex.dorf.23', 'mbohman', 'randyhsu11', 'gerrigo', 'rpitzer', 'clark185', 'kingscottxvi', 'ajoness', 'fpirok', 'ndininge', 'szukowski', 'alexvogler33', 'mkusmide', 'danny.midkiff.5', 'solir914', 'moosej13', 'amischke', 'mstambro', 'anewcomer11', 'elizabethtomczak', 'huberjack101', 'kphleger', 'the.paul.schmitt', 'tan68', 'kbock36', 'bcparrish', 'jdnauman', 'centrin', 'mriccite', 'rmcdonn', 'jxm', 'mattiaryan3', 'bparris', 'ardunl0p', 'tate2', 'ptatarzyn', 'egeller']",7,"['gsimpson', 'classicdaniel', 'bcpyro02', 'wait', 'rogers36', 'hongda.xie04', 'young87']",5,"['nogbeifu', 'mrbwayne12', 'alighty', 'azielinski', None]",54,"['jash.sarvaiya', 'slueder', 'wait', 'nyukingh', 'alex.dorf.23', 'randyhsu11', 'gerrigo', 'ajoness', 'fpirok', 'ndininge', 'szukowski', 'alexvogler33', 'mkusmide', 'moosej13', 'solir914', 'amischke', 'mstambro', 'elizabethtomczak', 'huberjack101', 'kphleger', 'the.paul.schmitt', 'kbock36', 'bcparrish', 'centrin', 'jxm', 'alighty', 'mattiaryan3', 'bparris', 'ardunl0p', 'azielinski', 'ptatarzyn', 'egeller', 'williamsondrew', 'classicdaniel', 'sierra429davis', 'mbohman', 'hongda.xie04', 'rpitzer', 'clark185', 'young87', 'kingscottxvi', 'danny.midkiff.5', 'anewcomer11', 'mrbwayne12', 'tan68', 'rogers36', None, 'jdnauman', 'gsimpson', 'nogbeifu', 'mriccite', 'rmcdonn', 'bcpyro02', 'tate2']"
9,152,50,28,27,"['jash.sarvaiya', 'slueder', 'sierra429davis', 'nyukingh', 'alex.dorf.23', 'mbohman', 'randyhsu11', 'gerrigo', 'rpitzer', 'clark185', 'ajoness', 'fpirok', 'szukowski', 'solir914', 'amischke', 'mstambro', 'huberjack101', 'elizabethtomczak', 'tan68', 'kbock36', 'jdnauman', 'rmcdonn', 'jxm', 'bcpyro02', 'tate2', 'ptatarzyn', 'egeller']",22,"['williamsondrew', 'classicdaniel', 'wait', 'hongda.xie04', 'young87', 'kingscottxvi', 'ndininge', 'alexvogler33', 'mkusmide', 'danny.midkiff.5', 'moosej13', 'anewcomer11', 'kphleger', 'the.paul.schmitt', 'rogers36', 'bcparrish', 'centrin', 'gsimpson', 'mriccite', 'mattiaryan3', 'bparris', 'ardunl0p']",1,[None],50,"['jash.sarvaiya', 'slueder', 'wait', 'nyukingh', 'alex.dorf.23', 'randyhsu11', 'gerrigo', 'ajoness', 'fpirok', 'ndininge', 'szukowski', 'alexvogler33', 'mkusmide', 'moosej13', 'solir914', 'amischke', 'mstambro', 'elizabethtomczak', 'huberjack101', 'kphleger', 'the.paul.schmitt', 'kbock36', 'bcparrish', 'centrin', 'jxm', 'mattiaryan3', 'bparris', 'ardunl0p', 'ptatarzyn', 'egeller', 'williamsondrew', 'classicdaniel', 'sierra429davis', 'mbohman', 'hongda.xie04', 'rpitzer', 'clark185', 'young87', 'kingscottxvi', 'danny.midkiff.5', 'anewcomer11', 'tan68', 'rogers36', None, 'jdnauman', 'gsimpson', 'mriccite', 'rmcdonn', 'bcpyro02', 'tate2']"
9,154,50,9,8,"['centrin', 'tan68', 'szukowski', 'nyukingh', 'mkusmide', 'gerrigo', 'kingscottxvi', 'jdnauman']",41,"['jash.sarvaiya', 'williamsondrew', 'slueder', 'classicdaniel', 'sierra429davis', 'wait', 'mbohman', 'alex.dorf.23', 'hongda.xie04', 'randyhsu11', 'rpitzer', 'clark185', 'young87', 'ajoness', 'fpirok', 'ndininge', 'alexvogler33', 'danny.midkiff.5', 'solir914', 'moosej13', 'amischke', 'mstambro', 'anewcomer11', 'elizabethtomczak', 'huberjack101', 'kphleger', 'the.paul.schmitt', 'rogers36', 'kbock36', 'bcparrish', 'gsimpson', 'mriccite', 'rmcdonn', 'jxm', 'bcpyro02', 'mattiaryan3', 'bparris', 'ardunl0p', 'tate2', 'ptatarzyn', 'egeller']",1,[None],50,"['jash.sarvaiya', 'williamsondrew', 'slueder', 'classicdaniel', 'sierra429davis', 'wait', 'mbohman', 'alex.dorf.23', 'hongda.xie04', 'nyukingh', 'randyhsu11', 'gerrigo', 'rpitzer', 'clark185', 'young87', 'kingscottxvi', 'ajoness', 'fpirok', 'ndininge', 'szukowski', 'alexvogler33', 'mkusmide', 'danny.midkiff.5', 'solir914', 'moosej13', 'amischke', 'mstambro', 'anewcomer11', 'elizabethtomczak', 'huberjack101', 'kphleger', 'the.paul.schmitt', 'tan68', 'rogers36', 'kbock36', 'bcparrish', None, 'jdnauman', 'centrin', 'gsimpson', 'mriccite', 'rmcdonn', 'jxm', 'bcpyro02', 'mattiaryan3', 'bparris', 'ardunl0p', 'tate2', 'ptatarzyn', 'egeller']"
9,153,50,8,7,"['kphleger', 'wait', 'alexvogler33', 'mattiaryan3', 'ardunl0p', 'danny.midkiff.5', 'anewcomer11']",42,"['jash.sarvaiya', 'williamsondrew', 'slueder', 'classicdaniel', 'sierra429davis', 'mbohman', 'alex.dorf.23', 'hongda.xie04', 'nyukingh', 'randyhsu11', 'gerrigo', 'rpitzer', 'clark185', 'young87', 'kingscottxvi', 'ajoness', 'fpirok', 'ndininge', 'szukowski', 'mkusmide', 'solir914', 'moosej13', 'amischke', 'mstambro', 'elizabethtomczak', 'huberjack101', 'the.paul.schmitt', 'tan68', 'rogers36', 'kbock36', 'bcparrish', 'jdnauman', 'centrin', 'gsimpson', 'mriccite', 'rmcdonn', 'jxm', 'bcpyro02', 'bparris', 'tate2', 'ptatarzyn', 'egeller']",1,[None],50,"['jash.sarvaiya', 'williamsondrew', 'slueder', 'classicdaniel', 'sierra429davis', 'wait', 'mbohman', 'alex.dorf.23', 'hongda.xie04', 'nyukingh', 'randyhsu11', 'gerrigo', 'rpitzer', 'clark185', 'young87', 'kingscottxvi', 'ajoness', 'fpirok', 'ndininge', 'szukowski', 'alexvogler33', 'mkusmide', 'danny.midkiff.5', 'solir914', 'moosej13', 'amischke', 'mstambro', 'anewcomer11', 'elizabethtomczak', 'huberjack101', 'kphleger', 'the.paul.schmitt', 'tan68', 'rogers36', 'kbock36', 'bcparrish', None, 'jdnauman', 'centrin', 'gsimpson', 'mriccite', 'rmcdonn', 'jxm', 'bcpyro02', 'mattiaryan3', 'bparris', 'ardunl0p', 'tate2', 'ptatarzyn', 'egeller']"
10,211,49,43,42,"['bwmorris', 'dswarre2', 'dkang4', 'm1smith', 'rwmattin', 'mlwill13', '4rjglembo', 'ceriers2', 'brennerncsuedu', 'nkvonwin', 'retrometer94', 'pskilgor', 'duponce15', 'sjlofy', 'lilj527', 'sjsadovy', 'jcbutle2', 'katie.nagley', 'aramey1992', 'sbrooke2', 'gpscisco', 'sarober4', 'judy7', 'dfcarney', 'ejjohnst', 'jmpilato', 'traharj', 'jsmangum', 'klstaffo', 'jmtruscello', 'tgpayne1', 'plander3', 'uaead7', 'ferraz.lcc', 'lgcline1', 'kefitzge', 'ckang4', 'ankeith', 'kemawhin', 'erichoglund', 'codyharward', 'trhatch']",6,"['wliwen', 'baheasley', 'z.cansucanbek', 'annyuta1', 'jjstark2', 'eddigrig']",1,[None],49,"['z.cansucanbek', 'dkang4', 'jjstark2', 'm1smith', 'retrometer94', 'nkvonwin', 'pskilgor', 'duponce15', 'annyuta1', 'lilj527', 'jcbutle2', 'aramey1992', 'wliwen', 'judy7', 'dfcarney', 'ejjohnst', 'jmtruscello', 'tgpayne1', 'lgcline1', 'uaead7', 'kefitzge', 'ckang4', 'erichoglund', 'codyharward', 'trhatch', 'bwmorris', 'baheasley', 'dswarre2', 'eddigrig', 'rwmattin', 'mlwill13', '4rjglembo', 'brennerncsuedu', 'ceriers2', 'sjlofy', 'sjsadovy', 'katie.nagley', 'sbrooke2', 'sarober4', 'gpscisco', 'jmpilato', 'traharj', 'jsmangum', None, 'klstaffo', 'plander3', 'ferraz.lcc', 'ankeith', 'kemawhin']"
11,83,46,41,27,"['bkads1163', 'roostahh.roux', 'obrien70', 'havins', 'song223', 'emilysoltys', 'zoey00618', 'lyeh', 'mcdonal8', 'ckwok144', 'jlim76', 'rhein', 'wassgarrett', 'zeng31purdue', 'dollarr', 'mkatamba', 'duvall0', 'port', 'love20', 'mrenche', 'cdymond', 'ben.helfrecht', 'qlewis', 'phallen55', 'liu991', 'jterrel', 'barkerb']",18,"['sdeschai', 'chen1011', 'schonbri', 'ggambino', 'dblomek', 'tictonk', 'iangelalin', 'raphaelkimme', 'abesich_93', 'chen1067', 'clandon01', 'butler34', 'du21', 'neal.makela', 'peng', 'kint', 'wcostaki', 'abcazaz22']",14,"['grawlins', 'rwilmes', 'jschrader', 'gscofiel', 'spschriver1', 'zhanghang1992', 'liquidxskull', 'pelaez204', 'li790', 'jackmlopez', 'yohung777', 'zhangfan', None, 'haojiex']",59,"['bkads1163', 'roostahh.roux', 'havins', 'iangelalin', 'zoey00618', 'emilysoltys', 'clandon01', 'liquidxskull', 'jlim76', 'rhein', 'rwilmes', 'pelaez204', 'jschrader', 'mkatamba', 'duvall0', 'chen1067', 'yohung777', 'love20', 'grawlins', 'mrenche', 'cdymond', 'gscofiel', 'liu991', 'jterrel', 'raphaelkimme', 'peng', 'barkerb', 'haojiex', 'sdeschai', 'chen1011', 'ggambino', 'obrien70', 'song223', 'jackmlopez', 'lyeh', 'du21', 'mcdonal8', 'abcazaz22', 'ckwok144', 'schonbri', 'wassgarrett', 'dblomek', 'tictonk', 'spschriver1', 'abesich_93', 'li790', 'neal.makela', 'zhangfan', 'kint', 'zeng31purdue', 'dollarr', 'port', 'butler34', 'zhanghang1992', None, 'wcostaki', 'ben.helfrecht', 'qlewis', 'phallen55']"
11,82,46,30,25,"['bkads1163', 'sdeschai', 'chen1011', 'ggambino', 'havins', 'iangelalin', 'clandon01', 'du21', 'abcazaz22', 'ckwok144', 'schonbri', 'dblomek', 'tictonk', 'abesich_93', 'kint', 'dollarr', 'mkatamba', 'duvall0', 'chen1067', 'butler34', 'wcostaki', 'cdymond', 'ben.helfrecht', 'qlewis', 'raphaelkimme']",20,"['roostahh.roux', 'obrien70', 'song223', 'zoey00618', 'emilysoltys', 'lyeh', 'mcdonal8', 'jlim76', 'rhein', 'wassgarrett', 'neal.makela', 'zeng31purdue', 'port', 'love20', 'mrenche', 'phallen55', 'liu991', 'jterrel', 'peng', 'barkerb']",5,"['grawlins', 'liquidxskull', 'yohung777', 'eauchter', None]",50,"['bkads1163', 'sdeschai', 'roostahh.roux', 'chen1011', 'ggambino', 'obrien70', 'havins', 'iangelalin', 'song223', 'zoey00618', 'emilysoltys', 'clandon01', 'liquidxskull', 'lyeh', 'du21', 'mcdonal8', 'abcazaz22', 'ckwok144', 'jlim76', 'rhein', 'schonbri', 'wassgarrett', 'dblomek', 'tictonk', 'abesich_93', 'neal.makela', 'kint', 'zeng31purdue', 'dollarr', 'mkatamba', 'duvall0', 'port', 'chen1067', 'yohung777', 'butler34', 'love20', None, 'wcostaki', 'grawlins', 'mrenche', 'cdymond', 'ben.helfrecht', 'qlewis', 'phallen55', 'liu991', 'eauchter', 'jterrel', 'raphaelkimme', 'peng', 'barkerb']"
12,181,45,26,24,"['djzilz', 'james.l.watterson', 'spsanghani', 't3hb0ss', 'hong102', 'lifangda01', 'akalsi1', 'tang96', 'lvqian', 'ewitkosk', 'bziaie', 'superman1993', 'tjenkin', 'mmohdsob', 'jdcompara', 'sharm107', 'yumeng.xie.1992', 'shiltonsalty', 'chung22', 'guiich', 'jonathan.baldwin.1993', 'neala', 'ahunkler', 'wangylhs2']",20,"['max.dapper10', 'mdapper', 'li1208', 'aelistha', 'lvq', 'sverhale', 'king96', 'twidell', 'faiola', 'asilancala', 'sdsayandey421', 'chung78', 'shathorn', 'jdodeja', 'mushipu13', 'tiffanychau', 'pupart15', 'manikvsinghal', 'therubeknightrises', 'marker0427']",2,"['dkatsadu', None]",46,"['djzilz', 'james.l.watterson', 'max.dapper10', 'spsanghani', 't3hb0ss', 'mdapper', 'li1208', 'dkatsadu', 'hong102', 'lifangda01', 'akalsi1', 'tang96', 'lvqian', 'aelistha', 'lvq', 'sverhale', 'king96', 'ewitkosk', 'twidell', 'faiola', 'bziaie', 'asilancala', 'superman1993', 'sdsayandey421', 'tjenkin', 'mmohdsob', 'jdcompara', 'chung78', 'shathorn', 'sharm107', 'yumeng.xie.1992', None, 'jdodeja', 'shiltonsalty', 'mushipu13', 'chung22', 'guiich', 'jonathan.baldwin.1993', 'tiffanychau', 'pupart15', 'manikvsinghal', 'neala', 'ahunkler', 'wangylhs2', 'therubeknightrises', 'marker0427']"
12,182,45,20,17,"['spsanghani', 'mushipu13', 'mmohdsob', 'akalsi1', 'tang96', 'lvqian', 'mdapper', 'tiffanychau', 'pupart15', 'manikvsinghal', 'shathorn', 'ahunkler', 'wangylhs2', 'therubeknightrises', 'sharm107', 'faiola', 'marker0427']",27,"['djzilz', 'james.l.watterson', 'max.dapper10', 't3hb0ss', 'li1208', 'hong102', 'lifangda01', 'aelistha', 'lvq', 'sverhale', 'king96', 'twidell', 'ewitkosk', 'bziaie', 'asilancala', 'superman1993', 'sdsayandey421', 'tjenkin', 'jdcompara', 'chung78', 'yumeng.xie.1992', 'jdodeja', 'shiltonsalty', 'chung22', 'guiich', 'jonathan.baldwin.1993', 'neala']",3,"[None, 'benjamin.hilker', 'anbapat']",47,"['djzilz', 'james.l.watterson', 'max.dapper10', 'spsanghani', 't3hb0ss', 'mdapper', 'li1208', 'hong102', 'lifangda01', 'akalsi1', 'tang96', 'lvqian', 'aelistha', 'lvq', 'sverhale', 'king96', 'ewitkosk', 'twidell', 'faiola', 'bziaie', 'asilancala', 'superman1993', 'sdsayandey421', 'tjenkin', 'mmohdsob', 'jdcompara', 'chung78', 'benjamin.hilker', 'shathorn', 'sharm107', 'yumeng.xie.1992', None, 'jdodeja', 'shiltonsalty', 'mushipu13', 'chung22', 'guiich', 'anbapat', 'jonathan.baldwin.1993', 'tiffanychau', 'pupart15', 'manikvsinghal', 'neala', 'ahunkler', 'wangylhs2', 'therubeknightrises', 'marker0427']"
12,183,45,17,15,"['james.l.watterson', 'lifangda01', 'superman1993', 't3hb0ss', 'mmohdsob', 'akalsi1', 'jdcompara', 'pupart15', 'aelistha', 'manikvsinghal', 'shathorn', 'neala', 'ahunkler', 'sharm107', 'marker0427']",29,"['djzilz', 'max.dapper10', 'spsanghani', 'mdapper', 'li1208', 'hong102', 'tang96', 'lvqian', 'lvq', 'sverhale', 'king96', 'twidell', 'ewitkosk', 'faiola', 'bziaie', 'asilancala', 'sdsayandey421', 'tjenkin', 'chung78', 'yumeng.xie.1992', 'jdodeja', 'shiltonsalty', 'mushipu13', 'chung22', 'guiich', 'jonathan.baldwin.1993', 'tiffanychau', 'wangylhs2', 'therubeknightrises']",2,"['sunxingshu', None]",46,"['djzilz', 'james.l.watterson', 'max.dapper10', 'spsanghani', 't3hb0ss', 'mdapper', 'li1208', 'hong102', 'lifangda01', 'akalsi1', 'tang96', 'lvqian', 'aelistha', 'lvq', 'sverhale', 'king96', 'ewitkosk', 'twidell', 'faiola', 'bziaie', 'asilancala', 'superman1993', 'sdsayandey421', 'tjenkin', 'mmohdsob', 'jdcompara', 'chung78', 'shathorn', 'sharm107', 'yumeng.xie.1992', None, 'jdodeja', 'sunxingshu', 'shiltonsalty', 'mushipu13', 'chung22', 'guiich', 'jonathan.baldwin.1993', 'tiffanychau', 'pupart15', 'manikvsinghal', 'neala', 'ahunkler', 'wangylhs2', 'therubeknightrises', 'marker0427']"
12,185,45,16,14,"['max.dapper10', 'mushipu13', 't3hb0ss', 'spsanghani', 'shiltonsalty', 'akalsi1', 'tiffanychau', 'aelistha', 'manikvsinghal', 'shathorn', 'ahunkler', 'twidell', 'therubeknightrises', 'sharm107']",30,"['djzilz', 'james.l.watterson', 'mdapper', 'li1208', 'hong102', 'lifangda01', 'tang96', 'lvqian', 'lvq', 'sverhale', 'king96', 'ewitkosk', 'faiola', 'bziaie', 'asilancala', 'superman1993', 'sdsayandey421', 'tjenkin', 'mmohdsob', 'jdcompara', 'chung78', 'yumeng.xie.1992', 'jdodeja', 'chung22', 'guiich', 'jonathan.baldwin.1993', 'pupart15', 'neala', 'wangylhs2', 'marker0427']",2,"['conrad14', None]",46,"['djzilz', 'james.l.watterson', 'max.dapper10', 'spsanghani', 't3hb0ss', 'mdapper', 'li1208', 'hong102', 'conrad14', 'lifangda01', 'akalsi1', 'tang96', 'lvqian', 'aelistha', 'lvq', 'sverhale', 'king96', 'ewitkosk', 'twidell', 'faiola', 'bziaie', 'asilancala', 'superman1993', 'sdsayandey421', 'tjenkin', 'mmohdsob', 'jdcompara', 'chung78', 'shathorn', 'sharm107', 'yumeng.xie.1992', None, 'jdodeja', 'shiltonsalty', 'mushipu13', 'chung22', 'guiich', 'jonathan.baldwin.1993', 'tiffanychau', 'pupart15', 'manikvsinghal', 'neala', 'ahunkler', 'wangylhs2', 'therubeknightrises', 'marker0427']"
12,184,45,14,12,"['asilancala', 'djzilz', 'shiltonsalty', 'spsanghani', 'max.dapper10', 'mmohdsob', 'manikvsinghal', 'shathorn', 'ahunkler', 'twidell', 'sharm107', 'marker0427']",32,"['james.l.watterson', 't3hb0ss', 'mdapper', 'li1208', 'hong102', 'lifangda01', 'akalsi1', 'tang96', 'lvqian', 'aelistha', 'lvq', 'sverhale', 'king96', 'ewitkosk', 'faiola', 'bziaie', 'superman1993', 'sdsayandey421', 'tjenkin', 'jdcompara', 'chung78', 'yumeng.xie.1992', 'jdodeja', 'mushipu13', 'chung22', 'guiich', 'jonathan.baldwin.1993', 'tiffanychau', 'pupart15', 'neala', 'wangylhs2', 'therubeknightrises']",2,"['sunxingshu', None]",46,"['djzilz', 'james.l.watterson', 'max.dapper10', 'spsanghani', 't3hb0ss', 'mdapper', 'li1208', 'hong102', 'lifangda01', 'akalsi1', 'tang96', 'lvqian', 'aelistha', 'lvq', 'sverhale', 'king96', 'ewitkosk', 'twidell', 'faiola', 'bziaie', 'asilancala', 'superman1993', 'sdsayandey421', 'tjenkin', 'mmohdsob', 'jdcompara', 'chung78', 'shathorn', 'sharm107', 'yumeng.xie.1992', None, 'jdodeja', 'sunxingshu', 'shiltonsalty', 'mushipu13', 'chung22', 'guiich', 'jonathan.baldwin.1993', 'tiffanychau', 'pupart15', 'manikvsinghal', 'neala', 'ahunkler', 'wangylhs2', 'therubeknightrises', 'marker0427']"
12,186,45,7,3,"['t3hb0ss', 'shathorn', 'spsanghani']",41,"['djzilz', 'james.l.watterson', 'max.dapper10', 'mdapper', 'li1208', 'hong102', 'lifangda01', 'akalsi1', 'tang96', 'lvqian', 'aelistha', 'lvq', 'sverhale', 'king96', 'ewitkosk', 'twidell', 'faiola', 'bziaie', 'asilancala', 'superman1993', 'sdsayandey421', 'tjenkin', 'mmohdsob', 'jdcompara', 'chung78', 'sharm107', 'yumeng.xie.1992', 'jdodeja', 'shiltonsalty', 'mushipu13', 'chung22', 'guiich', 'jonathan.baldwin.1993', 'tiffanychau', 'pupart15', 'manikvsinghal', 'neala', 'ahunkler', 'wangylhs2', 'therubeknightrises', 'marker0427']",4,"['lundstro', 'eschrock', None, 'amduslim']",48,"['djzilz', 'james.l.watterson', 'max.dapper10', 'spsanghani', 't3hb0ss', 'mdapper', 'li1208', 'hong102', 'amduslim', 'lifangda01', 'akalsi1', 'tang96', 'lvqian', 'aelistha', 'lvq', 'sverhale', 'king96', 'ewitkosk', 'twidell', 'faiola', 'bziaie', 'asilancala', 'superman1993', 'sdsayandey421', 'tjenkin', 'mmohdsob', 'jdcompara', 'chung78', 'shathorn', 'sharm107', 'yumeng.xie.1992', None, 'eschrock', 'jdodeja', 'lundstro', 'shiltonsalty', 'mushipu13', 'chung22', 'guiich', 'jonathan.baldwin.1993', 'tiffanychau', 'pupart15', 'manikvsinghal', 'neala', 'ahunkler', 'wangylhs2', 'therubeknightrises', 'marker0427']"
13,64,44,51,43,"['renren00927', 'g1115074', 'nono1012', 'g1015055', 'ogasawarahiroto', 'g1115100ty', 'kenta', 'ayataka.forte41th', 'maraoka', 'g1015089', 'g1115099', 'g0915133', 'g1115102', 'g1115059', 'shun9182', 'maguro007', 'g1115095', 'misosiru13', 'g1115089', 'g1115031', 'g1115065', 'g1115052', 'shin.monmon2', 'dattenao', 'shotaccho', 'g1115011', 'g0815122', 'g1115060', 'kiforte39melt', 'g1115093', 'glico3', 'g1115016', 'tuneyoshi', 'izumi810893', 'hiroki_memory', 'g1115083', 'g1115075', 'akgs09', 'seal.sea.pen', 'gg1115068', 'yazimayuuki', 'g1115100', 'ken1115086']",0,[],8,"['marui', 'g11150902', 'g1115067', 'g0815079', 'akgs0910', 'g115096', 'yosuke325i', None]",51,"['renren00927', 'g1015055', 'ayataka.forte41th', 'kenta', 'maraoka', 'marui', 'g0915133', 'g1115059', 'g0815079', 'maguro007', 'g1115089', 'g1115031', 'g1115052', 'dattenao', 'shotaccho', 'g0815122', 'g1115060', 'glico3', 'g1115016', 'g11150902', 'izumi810893', 'g1115067', 'hiroki_memory', 'akgs0910', 'seal.sea.pen', 'gg1115068', 'g1115100', 'ken1115086', 'g1115074', 'nono1012', 'ogasawarahiroto', 'g1115100ty', 'g1015089', 'g1115099', 'g1115102', 'shun9182', 'g1115095', 'misosiru13', 'g115096', 'g1115065', 'shin.monmon2', 'g1115011', 'yosuke325i', 'kiforte39melt', 'g1115093', None, 'tuneyoshi', 'g1115083', 'g1115075', 'akgs09', 'yazimayuuki']"
13,138,44,43,35,"['renren00927', 'nono1012', 'g1115074', 'ogasawarahiroto', 'ayataka.forte41th', 'kenta', 'maraoka', 'g1015089', 'g1115099', 'g0915133', 'g1115059', 'shun9182', 'g1115095', 'misosiru13', 'g1115089', 'g1115031', 'g1115065', 'g1115052', 'shin.monmon2', 'dattenao', 'shotaccho', 'g0815122', 'g1115011', 'g1115060', 'kiforte39melt', 'g1115093', 'glico3', 'hiroki_memory', 'g1115083', 'g1115075', 'seal.sea.pen', 'gg1115068', 'yazimayuuki', 'g1115100', 'ken1115086']",8,"['tuneyoshi', 'g1115102', 'izumi810893', 'g1015055', 'akgs09', 'maguro007', 'g1115100ty', 'g1115016']",8,"['marui', 'g11150902', 'g1115067', 'g0815079', 'akgs0910', 'g115096', 'yosuke325i', None]",51,"['renren00927', 'g1015055', 'ayataka.forte41th', 'kenta', 'maraoka', 'marui', 'g0915133', 'g1115059', 'g0815079', 'maguro007', 'g1115089', 'g1115031', 'g1115052', 'dattenao', 'shotaccho', 'g0815122', 'g1115060', 'glico3', 'g1115016', 'g11150902', 'izumi810893', 'g1115067', 'hiroki_memory', 'akgs0910', 'seal.sea.pen', 'gg1115068', 'g1115100', 'ken1115086', 'g1115074', 'nono1012', 'ogasawarahiroto', 'g1115100ty', 'g1015089', 'g1115099', 'g1115102', 'shun9182', 'g1115095', 'misosiru13', 'g115096', 'g1115065', 'shin.monmon2', 'g1115011', 'yosuke325i', 'kiforte39melt', 'g1115093', None, 'tuneyoshi', 'g1115083', 'g1115075', 'akgs09', 'yazimayuuki']"
13,71,44,39,36,"['g1115074', 'g1015055', 'ogasawarahiroto', 'kenta', 'maraoka', 'g1015089', 'g1115102', 'g0915133', 'g1115099', 'g1115059', 'shun9182', 'maguro007', 'g1115095', 'misosiru13', 'g1115089', 'g1115031', 'g1115065', 'shin.monmon2', 'g0815122', 'g1115011', 'g1115060', 'kiforte39melt', 'g1115093', 'glico3', 'g1115016', 'tuneyoshi', 'izumi810893', 'hiroki_memory', 'g1115083', 'g1115075', 'akgs09', 'seal.sea.pen', 'gg1115068', 'yazimayuuki', 'g1115100', 'ken1115086']",7,"['renren00927', 'dattenao', 'shotaccho', 'nono1012', 'g1115100ty', 'g1115052', 'ayataka.forte41th']",3,"[None, 'g115096', 'gg1115097']",46,"['renren00927', 'g1015055', 'gg1115097', 'ayataka.forte41th', 'kenta', 'maraoka', 'g0915133', 'g1115059', 'maguro007', 'g1115089', 'g1115031', 'g1115052', 'dattenao', 'shotaccho', 'g0815122', 'g1115060', 'glico3', 'g1115016', 'izumi810893', 'hiroki_memory', 'seal.sea.pen', 'gg1115068', 'g1115100', 'ken1115086', 'g1115074', 'nono1012', 'ogasawarahiroto', 'g1115100ty', 'g1015089', 'g1115099', 'g1115102', 'shun9182', 'g1115095', 'misosiru13', 'g115096', 'g1115065', 'shin.monmon2', 'g1115011', 'kiforte39melt', 'g1115093', None, 'tuneyoshi', 'g1115083', 'g1115075', 'akgs09', 'yazimayuuki']"
13,72,44,28,25,"['renren00927', 'g1115074', 'nono1012', 'g1015055', 'g1115100ty', 'ayataka.forte41th', 'maraoka', 'g1015089', 'g1115099', 'g0915133', 'maguro007', 'g1115095', 'g1115089', 'g1115065', 'g1115052', 'shin.monmon2', 'shotaccho', 'g1115011', 'g1115093', 'glico3', 'g1115016', 'hiroki_memory', 'g1115083', 'g1115075', 'gg1115068']",18,"['tuneyoshi', 'g1115102', 'dattenao', 'izumi810893', 'g1115059', 'g0815122', 'g1115060', 'shun9182', 'akgs09', 'misosiru13', 'g1115031', 'kiforte39melt', 'ogasawarahiroto', 'kenta', 'yazimayuuki', 'seal.sea.pen', 'g1115100', 'ken1115086']",3,"['g1115088', None, 'yosuke325i']",46,"['renren00927', 'g1115088', 'g1115074', 'nono1012', 'g1015055', 'ogasawarahiroto', 'g1115100ty', 'kenta', 'ayataka.forte41th', 'maraoka', 'g1015089', 'g1115099', 'g0915133', 'g1115102', 'g1115059', 'shun9182', 'maguro007', 'g1115095', 'misosiru13', 'g1115089', 'g1115031', 'g1115065', 'g1115052', 'shin.monmon2', 'dattenao', 'shotaccho', 'g1115011', 'g0815122', 'yosuke325i', 'g1115060', 'kiforte39melt', 'g1115093', None, 'glico3', 'g1115016', 'tuneyoshi', 'izumi810893', 'hiroki_memory', 'g1115083', 'g1115075', 'akgs09', 'seal.sea.pen', 'gg1115068', 'yazimayuuki', 'g1115100', 'ken1115086']"
14,200,44,116,30,"['kumar164', 'mgaspers', 'pratiknaik', 'awonderg', 'scurrie', 'jchrzano', 'dames', 'xu.donghao0323', 'kparsley', 'lijuncao', 'parthj', 'emaynar', 'whitmjt', 'varikuti', 'silverstons', 'd_thiagarajan', 'aronald', 'ejmeier', 'rodri190', 'bishopn', 'drestrep', 'atofangchi2013', 'dekitte', 'mpdolan', 'ppradee', 'david.heindel', 'rchaconp', 'pulkit', 'jmcbrien', 'luistraverso']",13,"['mffarmer', 'steend', 'lzertuche', 'hjogani', 'ssaraga', 'sooraj.soliel', 'gsvsrasid', 'andrewcox', 'morgan82', 'davidc', 'jnoren', 'wzy8899', 'mfanone']",86,"['pseebald', 'kim1039', 'schaffter412', 'clarksm', 'atofangchi', 'ghosh17', 'bhaley', 'yixiangtiankai2008', 'arun2987', 'cli56', 'pkhajehh', 'kpramod', 'avaidhee', 'kim568', 'dschulz', 'han226', 'mohamed', 'ldelgass', 'chrisazy', 'koroshtesf', 'crvantas', 'mmh', 'vdiep', 'prasadsarang', 'xiangyu1129', 'sunadkat', 'spwilson', 'lu267', 'light2', 'sobh', 'karthik.bharathwaj', 'vrestrep', 'jdbermeol', 'nanohueb', 'chuyuanchen', 'marisol', 'sramadas', 'hctest4', 'ankitshrm11', 'dkearney', 'schcats', 'ghowlett', 'tosinadeosun', 'gah', 'jin52', 'sganguly', 'swoop', 'nkharche', 'hctest5', 'hctest1', 'turkstra', 'apps', 'silva15', 'hadishagerdi', 'kibech', 'redwing', 'hctest3', 'pmeunier', 'sobh1', 'ewilson000', 'sissichen0322', 'rdevendr', 'bargharar', 'bermel', 'dcfox', 'gekco', 'msalmani', 'kevyblock', 'pdak', 'wang159', 'ahaapala', 'ynawal', 'jhbahk', 'enassakr', 'ackermaj', 'cshang', 'kaitlyn.fisher', 'xtee', 'handong', 'li1chen544', 'nickh', None, 'breidi', 'pshrest', 'mmc', 'spalit']",129,"['kumar164', 'awonderg', 'pseebald', 'kim1039', 'jnoren', 'mfanone', 'xu.donghao0323', 'kparsley', 'parthj', 'steend', 'schaffter412', 'whitmjt', 'clarksm', 'atofangchi', 'ghosh17', 'silverstons', 'bhaley', 'ejmeier', 'yixiangtiankai2008', 'atofangchi2013', 'arun2987', 'pkhajehh', 'kpramod', 'cli56', 'dekitte', 'mpdolan', 'avaidhee', 'kim568', 'dschulz', 'han226', 'mohamed', 'ldelgass', 'chrisazy', 'rchaconp', 'koroshtesf', 'crvantas', 'mmh', 'pulkit', 'vdiep', 'prasadsarang', 'xiangyu1129', 'sunadkat', 'pratiknaik', 'dames', 'mffarmer', 'spwilson', 'lu267', 'sooraj.soliel', 'light2', 'varikuti', 'gsvsrasid', 'sobh', 'drestrep', 'karthik.bharathwaj', 'david.heindel', 'vrestrep', 'jdbermeol', 'nanohueb', 'chuyuanchen', 'marisol', 'sramadas', 'jmcbrien', 'hctest4', 'ankitshrm11', 'dkearney', 'schcats', 'ghowlett', 'scurrie', 'tosinadeosun', 'gah', 'lijuncao', 'jin52', 'sganguly', 'swoop', 'andrewcox', 'd_thiagarajan', 'aronald', 'nkharche', 'bishopn', 'hctest5', 'hctest1', 'turkstra', 'apps', 'silva15', 'lzertuche', 'hadishagerdi', 'hjogani', 'kibech', 'redwing', 'hctest3', 'pmeunier', 'luistraverso', 'sobh1', 'ewilson000', 'sissichen0322', 'mgaspers', 'rdevendr', 'ssaraga', 'bargharar', 'bermel', 'dcfox', 'gekco', 'msalmani', 'jchrzano', 'kevyblock', 'pdak', 'emaynar', 'wang159', 'ahaapala', 'ynawal', 'jhbahk', 'enassakr', 'ackermaj', 'cshang', 'rodri190', 'kaitlyn.fisher', 'xtee', 'handong', 'li1chen544', 'morgan82', 'nickh', 'ppradee', 'wzy8899', None, 'breidi', 'pshrest', 'mmc', 'davidc', 'spalit']"
14,201,44,28,12,"['kparsley', 'mgaspers', 'steend', 'pratiknaik', 'bishopn', 'pulkit', 'drestrep', 'whitmjt', 'davidc', 'dekitte', 'ppradee', 'david.heindel']",31,"['kumar164', 'ssaraga', 'awonderg', 'scurrie', 'jnoren', 'jchrzano', 'mfanone', 'dames', 'xu.donghao0323', 'lijuncao', 'mffarmer', 'parthj', 'emaynar', 'sooraj.soliel', 'andrewcox', 'varikuti', 'silverstons', 'gsvsrasid', 'd_thiagarajan', 'aronald', 'ejmeier', 'rodri190', 'atofangchi2013', 'morgan82', 'mpdolan', 'wzy8899', 'rchaconp', 'lzertuche', 'hjogani', 'jmcbrien', 'luistraverso']",16,"['silva15', 'cschnake', 'zgrey', 'kpethe2', 'handong', 'pseebald', 'erwaggoner', 'schaffter412', 'ynawal', 'jhbahk', 'ackermaj', 'prithvibasak', 'akchetty92', 'dschulz', None, 'srikanth.a']",59,"['kumar164', 'zgrey', 'mgaspers', 'pratiknaik', 'awonderg', 'ssaraga', 'pseebald', 'prithvibasak', 'scurrie', 'jnoren', 'akchetty92', 'jchrzano', 'mfanone', 'xu.donghao0323', 'dames', 'srikanth.a', 'kparsley', 'lijuncao', 'mffarmer', 'parthj', 'emaynar', 'steend', 'erwaggoner', 'schaffter412', 'ynawal', 'sooraj.soliel', 'jhbahk', 'whitmjt', 'andrewcox', 'ackermaj', 'varikuti', 'silverstons', 'd_thiagarajan', 'gsvsrasid', 'aronald', 'ejmeier', 'rodri190', 'cschnake', 'kpethe2', 'handong', 'bishopn', 'drestrep', 'atofangchi2013', 'morgan82', 'dekitte', 'mpdolan', 'ppradee', 'wzy8899', 'david.heindel', 'dschulz', None, 'silva15', 'rchaconp', 'lzertuche', 'hjogani', 'pulkit', 'jmcbrien', 'davidc', 'luistraverso']"
14,206,44,20,8,"['kparsley', 'mgaspers', 'ssaraga', 'bishopn', 'whitmjt', 'dekitte', 'david.heindel', 'dames']",35,"['kumar164', 'pratiknaik', 'awonderg', 'scurrie', 'jnoren', 'jchrzano', 'mfanone', 'xu.donghao0323', 'lijuncao', 'mffarmer', 'parthj', 'emaynar', 'steend', 'sooraj.soliel', 'andrewcox', 'varikuti', 'silverstons', 'gsvsrasid', 'd_thiagarajan', 'aronald', 'ejmeier', 'rodri190', 'drestrep', 'atofangchi2013', 'morgan82', 'mpdolan', 'ppradee', 'wzy8899', 'rchaconp', 'lzertuche', 'hjogani', 'pulkit', 'jmcbrien', 'davidc', 'luistraverso']",12,"['sissichen0322', 'kpethe2', 'handong', 'schaffter412', 'ynawal', 'jhbahk', 'clarksm', 'dkearney', 'dschulz', None, 'heyu07', 'srikanth.a']",55,"['kumar164', 'sissichen0322', 'mgaspers', 'pratiknaik', 'awonderg', 'ssaraga', 'scurrie', 'jnoren', 'jchrzano', 'mfanone', 'xu.donghao0323', 'dames', 'srikanth.a', 'kparsley', 'lijuncao', 'mffarmer', 'parthj', 'emaynar', 'steend', 'schaffter412', 'ynawal', 'sooraj.soliel', 'jhbahk', 'whitmjt', 'andrewcox', 'clarksm', 'varikuti', 'silverstons', 'd_thiagarajan', 'gsvsrasid', 'aronald', 'ejmeier', 'rodri190', 'kpethe2', 'handong', 'bishopn', 'drestrep', 'atofangchi2013', 'morgan82', 'dekitte', 'mpdolan', 'ppradee', 'wzy8899', 'david.heindel', 'dschulz', None, 'heyu07', 'rchaconp', 'lzertuche', 'hjogani', 'pulkit', 'jmcbrien', 'davidc', 'luistraverso', 'dkearney']"
14,203,44,13,2,"['silverstons', 'dames']",41,"['kumar164', 'mgaspers', 'pratiknaik', 'awonderg', 'ssaraga', 'scurrie', 'jnoren', 'jchrzano', 'mfanone', 'xu.donghao0323', 'kparsley', 'lijuncao', 'mffarmer', 'parthj', 'emaynar', 'steend', 'sooraj.soliel', 'whitmjt', 'andrewcox', 'varikuti', 'd_thiagarajan', 'gsvsrasid', 'aronald', 'ejmeier', 'rodri190', 'bishopn', 'drestrep', 'atofangchi2013', 'morgan82', 'dekitte', 'mpdolan', 'ppradee', 'wzy8899', 'david.heindel', 'rchaconp', 'lzertuche', 'hjogani', 'pulkit', 'jmcbrien', 'davidc', 'luistraverso']",11,"['xtee', 'mmh', 'pmitalsk', 'steffesz', 'ahaapala', 'gtamanam', 'schaffter412', 'dcfox', 'akchetty92', None, 'kbalakri']",54,"['kumar164', 'mgaspers', 'pratiknaik', 'awonderg', 'ssaraga', 'dcfox', 'scurrie', 'jnoren', 'akchetty92', 'jchrzano', 'mfanone', 'xu.donghao0323', 'dames', 'kparsley', 'lijuncao', 'mffarmer', 'parthj', 'emaynar', 'steend', 'steffesz', 'ahaapala', 'schaffter412', 'sooraj.soliel', 'whitmjt', 'andrewcox', 'varikuti', 'silverstons', 'd_thiagarajan', 'gsvsrasid', 'aronald', 'ejmeier', 'rodri190', 'xtee', 'bishopn', 'gtamanam', 'drestrep', 'atofangchi2013', 'morgan82', 'dekitte', 'mpdolan', 'ppradee', 'wzy8899', 'david.heindel', None, 'kbalakri', 'rchaconp', 'lzertuche', 'hjogani', 'mmh', 'pmitalsk', 'pulkit', 'jmcbrien', 'davidc', 'luistraverso']"
14,202,44,12,3,"['scurrie', 'wzy8899', 'dames']",40,"['kumar164', 'mgaspers', 'pratiknaik', 'awonderg', 'ssaraga', 'jnoren', 'jchrzano', 'mfanone', 'xu.donghao0323', 'kparsley', 'lijuncao', 'mffarmer', 'parthj', 'emaynar', 'steend', 'sooraj.soliel', 'whitmjt', 'andrewcox', 'varikuti', 'silverstons', 'd_thiagarajan', 'gsvsrasid', 'aronald', 'ejmeier', 'rodri190', 'bishopn', 'drestrep', 'atofangchi2013', 'morgan82', 'dekitte', 'mpdolan', 'ppradee', 'david.heindel', 'rchaconp', 'lzertuche', 'hjogani', 'pulkit', 'jmcbrien', 'davidc', 'luistraverso']",9,"['mmh', 'steffesz', 'ahaapala', 'schaffter412', 'gtamanam', 'karthik.bharathwaj', 'yuwang', None, 'kbalakri']",52,"['kumar164', 'mgaspers', 'pratiknaik', 'awonderg', 'ssaraga', 'yuwang', 'scurrie', 'jnoren', 'jchrzano', 'mfanone', 'xu.donghao0323', 'dames', 'kparsley', 'lijuncao', 'mffarmer', 'parthj', 'emaynar', 'steend', 'steffesz', 'ahaapala', 'schaffter412', 'sooraj.soliel', 'whitmjt', 'andrewcox', 'varikuti', 'silverstons', 'd_thiagarajan', 'gsvsrasid', 'aronald', 'ejmeier', 'rodri190', 'bishopn', 'gtamanam', 'drestrep', 'atofangchi2013', 'karthik.bharathwaj', 'morgan82', 'dekitte', 'mpdolan', 'ppradee', 'wzy8899', 'david.heindel', None, 'kbalakri', 'rchaconp', 'lzertuche', 'hjogani', 'mmh', 'pulkit', 'jmcbrien', 'davidc', 'luistraverso']"
14,204,44,7,2,"['pratiknaik', 'sooraj.soliel']",41,"['kumar164', 'mgaspers', 'awonderg', 'ssaraga', 'scurrie', 'jnoren', 'jchrzano', 'mfanone', 'xu.donghao0323', 'dames', 'kparsley', 'lijuncao', 'mffarmer', 'parthj', 'emaynar', 'steend', 'whitmjt', 'andrewcox', 'varikuti', 'silverstons', 'd_thiagarajan', 'gsvsrasid', 'aronald', 'ejmeier', 'rodri190', 'bishopn', 'drestrep', 'atofangchi2013', 'morgan82', 'dekitte', 'mpdolan', 'ppradee', 'wzy8899', 'david.heindel', 'rchaconp', 'lzertuche', 'hjogani', 'pulkit', 'jmcbrien', 'davidc', 'luistraverso']",5,"['mohamed', 'castil19', 'ankitarai2013', None, 'chintan']",48,"['kumar164', 'mgaspers', 'pratiknaik', 'awonderg', 'ssaraga', 'scurrie', 'jnoren', 'jchrzano', 'mfanone', 'xu.donghao0323', 'dames', 'kparsley', 'lijuncao', 'mffarmer', 'parthj', 'emaynar', 'steend', 'castil19', 'sooraj.soliel', 'whitmjt', 'andrewcox', 'ankitarai2013', 'varikuti', 'silverstons', 'd_thiagarajan', 'gsvsrasid', 'aronald', 'ejmeier', 'rodri190', 'bishopn', 'drestrep', 'atofangchi2013', 'morgan82', 'dekitte', 'mpdolan', 'ppradee', 'wzy8899', 'david.heindel', None, 'chintan', 'mohamed', 'rchaconp', 'lzertuche', 'hjogani', 'pulkit', 'jmcbrien', 'davidc', 'luistraverso']"
14,205,44,7,1,['dames'],42,"['kumar164', 'mgaspers', 'pratiknaik', 'awonderg', 'ssaraga', 'scurrie', 'jnoren', 'jchrzano', 'mfanone', 'xu.donghao0323', 'kparsley', 'lijuncao', 'mffarmer', 'parthj', 'emaynar', 'steend', 'sooraj.soliel', 'whitmjt', 'andrewcox', 'varikuti', 'silverstons', 'd_thiagarajan', 'gsvsrasid', 'aronald', 'ejmeier', 'rodri190', 'bishopn', 'drestrep', 'atofangchi2013', 'morgan82', 'dekitte', 'mpdolan', 'ppradee', 'wzy8899', 'david.heindel', 'rchaconp', 'lzertuche', 'hjogani', 'pulkit', 'jmcbrien', 'davidc', 'luistraverso']",6,"['koroshtesf', 'xtee', 'mmh', 'schaffter412', 'prithvibasak', None]",49,"['kumar164', 'mgaspers', 'pratiknaik', 'awonderg', 'ssaraga', 'prithvibasak', 'scurrie', 'jnoren', 'jchrzano', 'mfanone', 'xu.donghao0323', 'dames', 'kparsley', 'lijuncao', 'mffarmer', 'parthj', 'emaynar', 'steend', 'schaffter412', 'sooraj.soliel', 'whitmjt', 'andrewcox', 'varikuti', 'silverstons', 'd_thiagarajan', 'gsvsrasid', 'aronald', 'ejmeier', 'rodri190', 'xtee', 'bishopn', 'drestrep', 'atofangchi2013', 'morgan82', 'dekitte', 'mpdolan', 'ppradee', 'wzy8899', 'david.heindel', None, 'rchaconp', 'koroshtesf', 'lzertuche', 'hjogani', 'mmh', 'pulkit', 'jmcbrien', 'davidc', 'luistraverso']"
14,208,44,7,2,"['atofangchi2013', 'pratiknaik']",41,"['kumar164', 'mgaspers', 'awonderg', 'ssaraga', 'scurrie', 'jnoren', 'jchrzano', 'mfanone', 'xu.donghao0323', 'dames', 'kparsley', 'lijuncao', 'mffarmer', 'parthj', 'emaynar', 'steend', 'sooraj.soliel', 'whitmjt', 'andrewcox', 'varikuti', 'silverstons', 'd_thiagarajan', 'gsvsrasid', 'aronald', 'ejmeier', 'rodri190', 'bishopn', 'drestrep', 'morgan82', 'dekitte', 'mpdolan', 'ppradee', 'wzy8899', 'david.heindel', 'rchaconp', 'lzertuche', 'hjogani', 'pulkit', 'jmcbrien', 'davidc', 'luistraverso']",5,"['kibech', 'ankitarai2013', 'sobh1', None, 'sobh']",48,"['kumar164', 'mgaspers', 'pratiknaik', 'awonderg', 'ssaraga', 'scurrie', 'jnoren', 'jchrzano', 'mfanone', 'xu.donghao0323', 'dames', 'kparsley', 'lijuncao', 'mffarmer', 'parthj', 'emaynar', 'steend', 'sooraj.soliel', 'whitmjt', 'andrewcox', 'ankitarai2013', 'varikuti', 'silverstons', 'd_thiagarajan', 'gsvsrasid', 'sobh1', 'aronald', 'sobh', 'ejmeier', 'rodri190', 'bishopn', 'drestrep', 'atofangchi2013', 'morgan82', 'dekitte', 'mpdolan', 'ppradee', 'wzy8899', 'david.heindel', None, 'rchaconp', 'lzertuche', 'hjogani', 'pulkit', 'jmcbrien', 'kibech', 'davidc', 'luistraverso']"
14,209,44,7,2,"['atofangchi2013', 'pratiknaik']",41,"['kumar164', 'mgaspers', 'awonderg', 'ssaraga', 'scurrie', 'jnoren', 'jchrzano', 'mfanone', 'xu.donghao0323', 'dames', 'kparsley', 'lijuncao', 'mffarmer', 'parthj', 'emaynar', 'steend', 'sooraj.soliel', 'whitmjt', 'andrewcox', 'varikuti', 'silverstons', 'd_thiagarajan', 'gsvsrasid', 'aronald', 'ejmeier', 'rodri190', 'bishopn', 'drestrep', 'morgan82', 'dekitte', 'mpdolan', 'ppradee', 'wzy8899', 'david.heindel', 'rchaconp', 'lzertuche', 'hjogani', 'pulkit', 'jmcbrien', 'davidc', 'luistraverso']",5,"['kibech', 'cli56', 'atofangchi', None, 'sobh']",48,"['kumar164', 'mgaspers', 'pratiknaik', 'awonderg', 'ssaraga', 'scurrie', 'jnoren', 'jchrzano', 'mfanone', 'xu.donghao0323', 'dames', 'kparsley', 'lijuncao', 'mffarmer', 'parthj', 'emaynar', 'steend', 'sooraj.soliel', 'whitmjt', 'andrewcox', 'atofangchi', 'varikuti', 'silverstons', 'd_thiagarajan', 'gsvsrasid', 'sobh', 'aronald', 'ejmeier', 'rodri190', 'bishopn', 'drestrep', 'atofangchi2013', 'cli56', 'morgan82', 'dekitte', 'mpdolan', 'ppradee', 'wzy8899', 'david.heindel', None, 'rchaconp', 'lzertuche', 'hjogani', 'pulkit', 'jmcbrien', 'kibech', 'davidc', 'luistraverso']"
14,207,44,6,1,['sooraj.soliel'],42,"['kumar164', 'mgaspers', 'pratiknaik', 'awonderg', 'ssaraga', 'scurrie', 'jnoren', 'jchrzano', 'mfanone', 'xu.donghao0323', 'dames', 'kparsley', 'lijuncao', 'mffarmer', 'parthj', 'emaynar', 'steend', 'whitmjt', 'andrewcox', 'varikuti', 'silverstons', 'd_thiagarajan', 'gsvsrasid', 'aronald', 'ejmeier', 'rodri190', 'bishopn', 'drestrep', 'atofangchi2013', 'morgan82', 'dekitte', 'mpdolan', 'ppradee', 'wzy8899', 'david.heindel', 'rchaconp', 'lzertuche', 'hjogani', 'pulkit', 'jmcbrien', 'davidc', 'luistraverso']",5,"['mohamed', 'kibech', 'ankitarai2013', 'sobh1', None]",48,"['kumar164', 'mgaspers', 'pratiknaik', 'awonderg', 'ssaraga', 'scurrie', 'jnoren', 'jchrzano', 'mfanone', 'xu.donghao0323', 'dames', 'kparsley', 'lijuncao', 'mffarmer', 'parthj', 'emaynar', 'steend', 'sooraj.soliel', 'whitmjt', 'andrewcox', 'ankitarai2013', 'varikuti', 'silverstons', 'd_thiagarajan', 'gsvsrasid', 'sobh1', 'aronald', 'ejmeier', 'rodri190', 'bishopn', 'drestrep', 'atofangchi2013', 'morgan82', 'dekitte', 'mpdolan', 'ppradee', 'wzy8899', 'david.heindel', None, 'mohamed', 'rchaconp', 'lzertuche', 'hjogani', 'pulkit', 'jmcbrien', 'kibech', 'davidc', 'luistraverso']"
14,210,44,6,2,"['pratiknaik', 'sooraj.soliel']",41,"['kumar164', 'mgaspers', 'awonderg', 'ssaraga', 'scurrie', 'jnoren', 'jchrzano', 'mfanone', 'xu.donghao0323', 'dames', 'kparsley', 'lijuncao', 'mffarmer', 'parthj', 'emaynar', 'steend', 'whitmjt', 'andrewcox', 'varikuti', 'silverstons', 'd_thiagarajan', 'gsvsrasid', 'aronald', 'ejmeier', 'rodri190', 'bishopn', 'drestrep', 'atofangchi2013', 'morgan82', 'dekitte', 'mpdolan', 'ppradee', 'wzy8899', 'david.heindel', 'rchaconp', 'lzertuche', 'hjogani', 'pulkit', 'jmcbrien', 'davidc', 'luistraverso']",4,"['sobh', None, 'kibech', 'atofangchi']",47,"['kumar164', 'mgaspers', 'pratiknaik', 'awonderg', 'ssaraga', 'scurrie', 'jnoren', 'jchrzano', 'mfanone', 'xu.donghao0323', 'dames', 'kparsley', 'lijuncao', 'mffarmer', 'parthj', 'emaynar', 'steend', 'sooraj.soliel', 'whitmjt', 'andrewcox', 'atofangchi', 'varikuti', 'silverstons', 'd_thiagarajan', 'gsvsrasid', 'sobh', 'aronald', 'ejmeier', 'rodri190', 'bishopn', 'drestrep', 'atofangchi2013', 'morgan82', 'dekitte', 'mpdolan', 'ppradee', 'wzy8899', 'david.heindel', None, 'rchaconp', 'lzertuche', 'hjogani', 'pulkit', 'jmcbrien', 'kibech', 'davidc', 'luistraverso']"
15,195,40,37,35,"['an444', 'bolhassani', 'at383', 'was35', 'jason.kusher', 'triathlete516', 'dpg36', 'jfdevine2', 'jdp75', 'masterm00se', 'stc36', 'rch48', 'yuexieguxiang', 'pkansu', 'mitsos1987', 'ygorur', 'ebuck1129', 'evankahl', 'elliothuston', 'adam.cordi', 'rls326', 'kirknnc', 'mrj5552', 'devon.beckett', 'cgh32', 'wbh28', 'trace', 'choquet1', 'yonaton', 'alexfang', 'wah34', 'jtdrexel', 'pwa26', 'abeacc', 'chengfang426']",4,"['jpg67', 'davetrider', 'hgpfirebird', 'sean.orzolek']",2,"['thespeedofdark', None]",41,"['an444', 'bolhassani', 'at383', 'was35', 'jason.kusher', 'triathlete516', 'dpg36', 'jfdevine2', 'masterm00se', 'jdp75', 'stc36', 'rch48', 'yuexieguxiang', 'pkansu', 'thespeedofdark', 'mitsos1987', 'ygorur', 'ebuck1129', 'jpg67', 'evankahl', 'sean.orzolek', 'elliothuston', 'hgpfirebird', 'adam.cordi', 'rls326', 'kirknnc', 'mrj5552', 'devon.beckett', 'cgh32', 'wbh28', 'trace', 'choquet1', 'yonaton', None, 'alexfang', 'davetrider', 'wah34', 'jtdrexel', 'pwa26', 'abeacc', 'chengfang426']"
15,86,40,31,27,"['bolhassani', 'at383', 'was35', 'jason.kusher', 'triathlete516', 'dpg36', 'jfdevine2', 'jdp75', 'stc36', 'rch48', 'yuexieguxiang', 'pkansu', 'mitsos1987', 'ygorur', 'ebuck1129', 'jpg67', 'elliothuston', 'kirknnc', 'mrj5552', 'devon.beckett', 'trace', 'wbh28', 'choquet1', 'yonaton', 'wah34', 'pwa26', 'abeacc']",12,"['an444', 'davetrider', 'adam.cordi', 'rls326', 'jtdrexel', 'masterm00se', 'chengfang426', 'evankahl', 'sean.orzolek', 'cgh32', 'hgpfirebird', 'alexfang']",4,"[None, 'danquinn113', 'ejr45', 'jpr55']",43,"['an444', 'bolhassani', 'at383', 'was35', 'jason.kusher', 'triathlete516', 'dpg36', 'ejr45', 'jpr55', 'jfdevine2', 'masterm00se', 'jdp75', 'stc36', 'rch48', 'yuexieguxiang', 'pkansu', 'danquinn113', 'mitsos1987', 'ygorur', 'ebuck1129', 'jpg67', 'evankahl', 'sean.orzolek', 'elliothuston', 'hgpfirebird', 'adam.cordi', 'rls326', 'kirknnc', 'mrj5552', 'devon.beckett', 'cgh32', 'wbh28', 'trace', 'choquet1', 'yonaton', None, 'alexfang', 'davetrider', 'wah34', 'jtdrexel', 'pwa26', 'abeacc', 'chengfang426']"
15,87,40,13,11,"['an444', 'davetrider', 'rls326', 'alexfang', 'jpg67', 'masterm00se', 'devon.beckett', 'evankahl', 'cgh32', 'sean.orzolek', 'chengfang426']",28,"['bolhassani', 'at383', 'was35', 'jason.kusher', 'triathlete516', 'dpg36', 'jfdevine2', 'jdp75', 'stc36', 'rch48', 'yuexieguxiang', 'pkansu', 'mitsos1987', 'ygorur', 'ebuck1129', 'elliothuston', 'hgpfirebird', 'adam.cordi', 'kirknnc', 'mrj5552', 'wbh28', 'trace', 'choquet1', 'yonaton', 'wah34', 'pwa26', 'abeacc', 'jtdrexel']",2,"[None, 'mta37']",41,"['an444', 'bolhassani', 'at383', 'was35', 'jason.kusher', 'triathlete516', 'dpg36', 'jfdevine2', 'masterm00se', 'jdp75', 'stc36', 'rch48', 'yuexieguxiang', 'pkansu', 'mitsos1987', 'ygorur', 'ebuck1129', 'jpg67', 'evankahl', 'sean.orzolek', 'elliothuston', 'hgpfirebird', 'adam.cordi', 'rls326', 'kirknnc', 'mrj5552', 'devon.beckett', 'cgh32', 'wbh28', 'trace', 'choquet1', 'yonaton', None, 'alexfang', 'davetrider', 'wah34', 'mta37', 'jtdrexel', 'pwa26', 'abeacc', 'chengfang426']"
15,196,40,8,6,"['an444', 'davetrider', 'rls326', 'jpg67', 'evankahl', 'chengfang426']",33,"['bolhassani', 'at383', 'was35', 'jason.kusher', 'triathlete516', 'dpg36', 'jfdevine2', 'masterm00se', 'jdp75', 'stc36', 'rch48', 'yuexieguxiang', 'pkansu', 'mitsos1987', 'ygorur', 'ebuck1129', 'sean.orzolek', 'elliothuston', 'hgpfirebird', 'adam.cordi', 'kirknnc', 'mrj5552', 'devon.beckett', 'cgh32', 'wbh28', 'trace', 'choquet1', 'yonaton', 'alexfang', 'wah34', 'jtdrexel', 'pwa26', 'abeacc']",2,"['yinongcao', None]",41,"['an444', 'bolhassani', 'at383', 'was35', 'jason.kusher', 'triathlete516', 'dpg36', 'jfdevine2', 'masterm00se', 'jdp75', 'stc36', 'rch48', 'yuexieguxiang', 'pkansu', 'mitsos1987', 'ygorur', 'ebuck1129', 'jpg67', 'evankahl', 'sean.orzolek', 'elliothuston', 'hgpfirebird', 'adam.cordi', 'rls326', 'kirknnc', 'mrj5552', 'devon.beckett', 'cgh32', 'wbh28', 'trace', 'choquet1', 'yonaton', None, 'alexfang', 'davetrider', 'wah34', 'yinongcao', 'jtdrexel', 'pwa26', 'abeacc', 'chengfang426']"
16,68,39,19,8,"['nlarowe', 'pbranham', 'liu942', 'chen1073', 'jgalbari', 'feng59', 'dpluris', 'ziyan']",30,"['zhan1109', 'haiyangzhou41', 'akwik', 'heshamaly1', 'csieffer', 'xsseanf1', 'jingemi', 'drijhwan', 'zhao260', 'fson', 'kolb3', 'kang151', 'xuebing', 'dongq', 'shen140', 'yyz940801', 'eldern', 'agrosing', 'imcdowe', 'luxinyang', 'jchitti', 'schmitl', 'lrichte', 'cao95', 'zhan1182', 'liu837', 'john1044', 'zalhazmi', 'kcoppel', 'songfeixx']",11,"['wang1640', 'wjw1818', 'zhan1096', 'wang1580', 'mbrisots', None, 'kira260095986', 'maxmaloney', 'yaiges', 'patrickmao', 'jiwborad']",49,"['wjw1818', 'zhan1109', 'mbrisots', 'haiyangzhou41', 'akwik', 'heshamaly1', 'ziyan', 'csieffer', 'dpluris', 'xsseanf1', 'jingemi', 'yaiges', 'drijhwan', 'zhao260', 'jiwborad', 'kolb3', 'fson', 'kang151', 'xuebing', 'dongq', 'shen140', 'yyz940801', 'pbranham', 'chen1073', 'feng59', 'eldern', 'kira260095986', 'agrosing', 'maxmaloney', 'imcdowe', 'luxinyang', 'jchitti', 'schmitl', 'zhan1096', 'lrichte', 'cao95', 'wang1580', 'jgalbari', 'zhan1182', None, 'liu837', 'john1044', 'wang1640', 'nlarowe', 'liu942', 'zalhazmi', 'kcoppel', 'patrickmao', 'songfeixx']"
17,35,37,115,3,"['simrin.wahal', 'bdog44', 'rstein92']",33,"['sarazal2013', 'andrewyacoub2000', 'naiera.elnagy', 'mido', 'mohamedmahmoud', 'norhan_tawfik', 'abdurrahman.darwish', 'yousry1234', 'mohamed.taha', 'ashrafelsebaey', 'salsabeel.hanafi', 'mohamednabil7', 'mikehabib2010', 'kiro.magdy.165', 'nesma', 'mmss123456', 'ahmed_master_man', 'hatem.usama', 'kevbomanning', 'hisho', 'viswanathkarthikeya', 'manar_ahmed', 'john_onsy', 'fadyackad', 'eng.daliasultan', 'ashrafmamdouh', 'eng.ahmed.abdelati', 'yaorui0032', 'sa', 'abdelhamid.mohamed.90', 'kjdlf', 'nm5479355', 'luai.tarek']",112,"['reddcube', 'ppaul2', 'erickuo2', 'singh64', 'khunaj', 'robertosuarez', 'yliu160', 'sukhusukhu', 'rene.lamb.7', 'kim852', 'twu15', 'fadarichev25', 'jyongc', 'ksullivan1031', 'edgar369', 'ghan4', 'gczajk93', 'chmilsk2', 'xyan11', 'luka2', 'do0de', 'jwu10', 'hyebyekadal', 'sanghani27', 'lburns4', 'robert59', 'agrabacki', 'kris.smith.33671', 'ciclark2', 'shinjani7', 'calculuswhiz', 'lflemin2', 'skimonkey1092', 'abhijeet.s92', 'grahl2', 'alva2', 'insung0224', 'manfei.wu', 'chiutim', 'iamselewa', 'awhsu2', 'zzh915', 'aepolicht', 'anushir2', 'nquarto2', 'yiren3', 'aramin2', 'victorboyu.li', 'rexchen2', 'khc89', 'kdatta2', 'doris263464790', 'dkt01', 'htycm', 'wie1', 'payal.vazirani', 'nagaban2', 'freed2', 'azamat.zhunussov', 'robel.arega.5', 's.goldfinger', 'sean.barowsky', 'sturt1', 'kecheng333', 'jkim449', 'yiumingh', 'hlansing', 'bahearn2', 'xdjzero', 'adzhao2', 'kapadia3', 'mozack1', 'dbrack29810', 'aerwin12', 'ytang14', 'pasrich2', 'clay.chamberlain', 'sanchet2', 'seo32', 'user340', 'dschlai2', 'dsukrith', 'kevinnoh91', 'willxyz', 'mstyvejr', 'wangrenhan', 'okwon6', 'lauschk2', 'tomic2', 'dariusz45', 'rzuravel', 'fong12', 'tai8', 'houghto2', 'meng.huang.3551', 'clee0793', 'chaojiliqilin', 'mdreis2', 'zijian.li.37', 'captcarisma', 'juniorping928', 'salfano', 'ashimiz2', 'jdille2', 'defamationmatrix', 'yyang70', None, 'travis.gham', 'chewethy', 'shingyien085062', 'jones.jonathan.david', 'mlowney']",148,"['reddcube', 'andrewyacoub2000', 'ppaul2', 'norhan_tawfik', 'erickuo2', 'singh64', 'yousry1234', 'khunaj', 'mohamed.taha', 'robertosuarez', 'simrin.wahal', 'yliu160', 'sukhusukhu', 'rene.lamb.7', 'kim852', 'twu15', 'fadarichev25', 'jyongc', 'mmss123456', 'ahmed_master_man', 'hatem.usama', 'ksullivan1031', 'edgar369', 'viswanathkarthikeya', 'ghan4', 'gczajk93', 'chmilsk2', 'xyan11', 'luka2', 'do0de', 'jwu10', 'hyebyekadal', 'sanghani27', 'abdelhamid.mohamed.90', 'lburns4', 'robert59', 'agrabacki', 'kris.smith.33671', 'kjdlf', 'ciclark2', 'nm5479355', 'luai.tarek', 'shinjani7', 'lflemin2', 'calculuswhiz', 'mohamedmahmoud', 'skimonkey1092', 'abdurrahman.darwish', 'abhijeet.s92', 'grahl2', 'alva2', 'ashrafelsebaey', 'salsabeel.hanafi', 'kiro.magdy.165', 'nesma', 'insung0224', 'manfei.wu', 'chiutim', 'iamselewa', 'awhsu2', 'hisho', 'zzh915', 'aepolicht', 'anushir2', 'nquarto2', 'fadyackad', 'yiren3', 'aramin2', 'victorboyu.li', 'rexchen2', 'khc89', 'yaorui0032', 'kdatta2', 'doris263464790', 'dkt01', 'htycm', 'wie1', 'payal.vazirani', 'nagaban2', 'freed2', 'robel.arega.5', 'azamat.zhunussov', 'mido', 'naiera.elnagy', 's.goldfinger', 'sean.barowsky', 'sturt1', 'kecheng333', 'jkim449', 'yiumingh', 'hlansing', 'bahearn2', 'mikehabib2010', 'xdjzero', 'adzhao2', 'kevbomanning', 'kapadia3', 'mozack1', 'dbrack29810', 'aerwin12', 'ytang14', 'eng.daliasultan', 'pasrich2', 'clay.chamberlain', 'sanchet2', 'seo32', 'user340', 'dschlai2', 'sa', 'dsukrith', 'kevinnoh91', 'willxyz', 'mstyvejr', 'rstein92', 'wangrenhan', 'okwon6', 'lauschk2', 'tomic2', 'sarazal2013', 'dariusz45', 'rzuravel', 'fong12', 'tai8', 'houghto2', 'meng.huang.3551', 'clee0793', 'mohamednabil7', 'chaojiliqilin', 'mdreis2', 'zijian.li.37', 'captcarisma', 'juniorping928', 'salfano', 'manar_ahmed', 'john_onsy', 'ashimiz2', 'bdog44', 'jdille2', 'defamationmatrix', 'ashrafmamdouh', 'yyang70', None, 'eng.ahmed.abdelati', 'travis.gham', 'chewethy', 'shingyien085062', 'jones.jonathan.david', 'mlowney']"
17,32,37,26,25,"['andrewyacoub2000', 'mido', 'mohamedmahmoud', 'norhan_tawfik', 'yousry1234', 'mohamed.taha', 'ashrafelsebaey', 'salsabeel.hanafi', 'mohamednabil7', 'mikehabib2010', 'kiro.magdy.165', 'nesma', 'mmss123456', 'ahmed_master_man', 'hatem.usama', 'hisho', 'fadyackad', 'eng.daliasultan', 'ashrafmamdouh', 'eng.ahmed.abdelati', 'sa', 'abdelhamid.mohamed.90', 'kjdlf', 'nm5479355', 'luai.tarek']",11,"['sarazal2013', 'yaorui0032', 'naiera.elnagy', 'manar_ahmed', 'john_onsy', 'bdog44', 'abdurrahman.darwish', 'rstein92', 'kevbomanning', 'simrin.wahal', 'viswanathkarthikeya']",1,[None],37,"['sarazal2013', 'andrewyacoub2000', 'mido', 'naiera.elnagy', 'mohamedmahmoud', 'norhan_tawfik', 'abdurrahman.darwish', 'yousry1234', 'mohamed.taha', 'ashrafelsebaey', 'simrin.wahal', 'salsabeel.hanafi', 'mohamednabil7', 'mikehabib2010', 'kiro.magdy.165', 'nesma', 'mmss123456', 'ahmed_master_man', 'hatem.usama', 'kevbomanning', 'hisho', 'viswanathkarthikeya', 'manar_ahmed', 'john_onsy', 'fadyackad', 'eng.daliasultan', 'bdog44', 'ashrafmamdouh', None, 'eng.ahmed.abdelati', 'yaorui0032', 'sa', 'abdelhamid.mohamed.90', 'kjdlf', 'nm5479355', 'rstein92', 'luai.tarek']"
18,42,35,34,33,"['harsha007', 'ybrao', 'rajeshloganathan', 'jahnavimohanbabu', 'manu.angel28', 'priyanka.nagaraj', 'cooldk', 'mounikathumati15', 'manasa.neelapu', 'nagaparvathi', 'rajiv', 'a.saichaitanyasai', 'machumounika', 'lakshmi.kmr1', 'konakallaswathitejaswi', 'jaswanthjashu3', 'chandra4747', 'linusaliaskirlu', 'nithyaharipriya', 'ammusrijai', 'divya.durga1994', 'nevethaj5', 'rahul49', 'manishakamal', 'manjunathmj15', 'jayasree', 'punuru.sowmya', 'lokesh4nation', 'meera.santhoshj', 'prasanthi.karlapudi9', 'bendaryl', 'pavan.polepalli', 'monirupa.ananya']",1,['mycologist'],1,[None],35,"['harsha007', 'ybrao', 'rajeshloganathan', 'jahnavimohanbabu', 'manu.angel28', 'priyanka.nagaraj', 'cooldk', 'mounikathumati15', 'manasa.neelapu', 'nagaparvathi', 'rajiv', 'mycologist', 'lakshmi.kmr1', 'machumounika', 'konakallaswathitejaswi', 'a.saichaitanyasai', 'jaswanthjashu3', 'chandra4747', 'linusaliaskirlu', 'nithyaharipriya', 'ammusrijai', 'divya.durga1994', 'nevethaj5', 'rahul49', 'manishakamal', 'manjunathmj15', 'jayasree', None, 'punuru.sowmya', 'lokesh4nation', 'bendaryl', 'meera.santhoshj', 'prasanthi.karlapudi9', 'pavan.polepalli', 'monirupa.ananya']"
19,129,34,39,29,"['biesboe2', 'cadamic2', 'mhkim7', 'tretten1', '1501heo', 'dtrinkle', 'botlige27', 'saranto2', 'jfleisc2', 'yesbeautiful', 'elikoehler1994', 'khill1203', '247mse406', 'amlevin3', 'curtis.c.baker', 'atschoe2', 'dhansel2', 'wlarson2', 'ejkim9393', 'horng2', 'janna.eaves', 'c.lang.1993', 'orogers', 'ernat2', 'schiavo1', 'xinyi0731', 'mlhua', 'eibarker', 'sowinsk2']",4,"['hoda.davoodi', 'lchtnst2', 'bitamendi', 'mbigelo2']",10,"['dyoon11', 'livsong1992', 'ohern2', 'bpgolfguy92', 'lbward2', 'psnyder91', 'chiutim', 'wangrenhan', None, 'dingodog422']",43,"['biesboe2', 'lchtnst2', 'cadamic2', 'mhkim7', 'tretten1', '1501heo', 'hoda.davoodi', 'dtrinkle', 'botlige27', 'saranto2', 'jfleisc2', 'dyoon11', 'yesbeautiful', 'elikoehler1994', 'livsong1992', 'ohern2', 'khill1203', 'chiutim', '247mse406', 'bitamendi', 'amlevin3', 'curtis.c.baker', 'atschoe2', 'dhansel2', 'wlarson2', 'ejkim9393', 'lbward2', 'horng2', 'janna.eaves', 'c.lang.1993', None, 'orogers', 'mbigelo2', 'ernat2', 'schiavo1', 'bpgolfguy92', 'xinyi0731', 'psnyder91', 'mlhua', 'wangrenhan', 'eibarker', 'dingodog422', 'sowinsk2']"
20,141,31,51,5,"['carlos4986', 'miners915tx', 'masuarez2', 'rickyrick', 'jles9']",25,"['celso', 'mpietsch', 'dmandrus', 'martingnauck', 'nishant.patel', 'pepito', 'tschumann', 'azharzaidi', 'dmitriy', 'fedepassero', 'kennethwojo', 'tommaso', 'rain_wan', 'cocolk', 'padanges', 'coolwood', 'cx32167', 'stive882003', 'outis', 'tomos', 'mosfet', 'raja_waseem12', 'zhipengdong2', 'perrinma', 'quantumfield88']",46,"['eaguilera5', 'oeacuna', 'jjsegovia', 'zamarripa', 'jabernal2', 'ragonzalez08', 'jpallen101', 'jrdelgadillo', 'cruzb93', 'srberge', 'recarmonab', 'lluevano4', 'rramonncardona', 'mbarba3', 'zubin.assadian', 'fattycorpsl', 'gilbert2629', 'spinedo', 'dijimenez', 'markchavez', 'jeorozco', 'aich0', 'lrzuniga2', 'kemontano', 'dasmith4', 'dawidy', '25bambi', 'ztjackson', 'stella', 'lvergara06', 'vycastaneda3', 'hcamarena182', 'hugo10acosta', 'jdmartinez7', 'emorquecho', None, 'garcia7701', 'dsuarez2', 'aaguilar10', 'lcsteinmetz', 'iocondelgado', 'discovermolly', 'npmart15', 'jmenchaca', 'ariadnamendoza', 'yyamane']",76,"['carlos4986', 'eaguilera5', 'oeacuna', 'zamarripa', 'ragonzalez08', 'jrdelgadillo', 'martingnauck', 'nishant.patel', 'srberge', 'lluevano4', 'pepito', 'zubin.assadian', 'gilbert2629', 'jles9', 'spinedo', 'dmitriy', 'kennethwojo', 'markchavez', 'jeorozco', 'aich0', 'rain_wan', 'dasmith4', 'cocolk', 'stella', 'hcamarena182', 'jdmartinez7', 'garcia7701', 'mosfet', 'aaguilar10', 'iocondelgado', 'npmart15', 'zhipengdong2', 'perrinma', 'ariadnamendoza', 'quantumfield88', 'celso', 'jjsegovia', 'jabernal2', 'jpallen101', 'dmandrus', 'mpietsch', 'cruzb93', 'recarmonab', 'rramonncardona', 'rickyrick', 'tschumann', 'azharzaidi', 'mbarba3', 'fattycorpsl', 'fedepassero', 'dijimenez', 'tommaso', 'lrzuniga2', 'kemontano', 'dawidy', 'padanges', '25bambi', 'ztjackson', 'coolwood', 'cx32167', 'lvergara06', 'stive882003', 'vycastaneda3', 'hugo10acosta', None, 'outis', 'emorquecho', 'tomos', 'miners915tx', 'masuarez2', 'dsuarez2', 'lcsteinmetz', 'discovermolly', 'raja_waseem12', 'jmenchaca', 'yyamane']"
20,143,31,47,4,"['carlos4986', 'miners915tx', 'rickyrick', 'masuarez2']",26,"['celso', 'mpietsch', 'dmandrus', 'martingnauck', 'nishant.patel', 'pepito', 'tschumann', 'azharzaidi', 'jles9', 'dmitriy', 'fedepassero', 'kennethwojo', 'tommaso', 'rain_wan', 'cocolk', 'padanges', 'coolwood', 'cx32167', 'stive882003', 'outis', 'tomos', 'mosfet', 'raja_waseem12', 'zhipengdong2', 'perrinma', 'quantumfield88']",43,"['eaguilera5', 'jjsegovia', 'zamarripa', 'jabernal2', 'ragonzalez08', 'jpallen101', 'jrdelgadillo', 'cruzb93', 'srberge', 'recarmonab', 'rramonncardona', 'mbarba3', 'zubin.assadian', 'saguerrero3', 'gilbert2629', 'fattycorpsl', 'spinedo', 'dijimenez', 'markchavez', 'jeorozco', 'aich0', 'lrzuniga2', 'kemontano', 'dasmith4', 'dawidy', '25bambi', 'ztjackson', 'stella', 'lvergara06', 'hcamarena182', 'hugo10acosta', 'vycastaneda3', None, 'emorquecho', 'garcia7701', 'dsuarez2', 'aaguilar10', 'lcsteinmetz', 'npmart15', 'jmenchaca', 'ariadnamendoza', 'caesnayra', 'yyamane']",73,"['carlos4986', 'eaguilera5', 'zamarripa', 'ragonzalez08', 'jrdelgadillo', 'martingnauck', 'nishant.patel', 'srberge', 'pepito', 'zubin.assadian', 'gilbert2629', 'jles9', 'spinedo', 'dmitriy', 'kennethwojo', 'markchavez', 'jeorozco', 'aich0', 'rain_wan', 'dasmith4', 'cocolk', 'stella', 'hcamarena182', 'garcia7701', 'mosfet', 'aaguilar10', 'npmart15', 'zhipengdong2', 'perrinma', 'ariadnamendoza', 'caesnayra', 'quantumfield88', 'celso', 'jjsegovia', 'jabernal2', 'jpallen101', 'dmandrus', 'mpietsch', 'cruzb93', 'recarmonab', 'rramonncardona', 'rickyrick', 'tschumann', 'azharzaidi', 'mbarba3', 'fattycorpsl', 'saguerrero3', 'fedepassero', 'dijimenez', 'tommaso', 'lrzuniga2', 'kemontano', 'dawidy', 'padanges', '25bambi', 'ztjackson', 'coolwood', 'cx32167', 'lvergara06', 'stive882003', 'vycastaneda3', 'hugo10acosta', None, 'outis', 'emorquecho', 'tomos', 'miners915tx', 'masuarez2', 'dsuarez2', 'lcsteinmetz', 'raja_waseem12', 'jmenchaca', 'yyamane']"
20,145,31,10,3,"['kennethwojo', 'cocolk', 'tschumann']",27,"['carlos4986', 'celso', 'mpietsch', 'dmandrus', 'martingnauck', 'nishant.patel', 'pepito', 'rickyrick', 'azharzaidi', 'jles9', 'dmitriy', 'fedepassero', 'tommaso', 'rain_wan', 'padanges', 'coolwood', 'cx32167', 'stive882003', 'outis', 'tomos', 'miners915tx', 'masuarez2', 'mosfet', 'raja_waseem12', 'zhipengdong2', 'perrinma', 'quantumfield88']",7,"['lluevano4', 'jabernal2', 'jfyanine', 'saguerrero3', 'jpallen101', 'caesnayra', None]",37,"['carlos4986', 'celso', 'jabernal2', 'jfyanine', 'jpallen101', 'dmandrus', 'mpietsch', 'martingnauck', 'nishant.patel', 'lluevano4', 'pepito', 'rickyrick', 'tschumann', 'azharzaidi', 'saguerrero3', 'jles9', 'dmitriy', 'fedepassero', 'kennethwojo', 'tommaso', 'rain_wan', 'cocolk', 'padanges', 'coolwood', 'cx32167', 'stive882003', None, 'outis', 'tomos', 'miners915tx', 'masuarez2', 'mosfet', 'raja_waseem12', 'zhipengdong2', 'perrinma', 'caesnayra', 'quantumfield88']"
20,146,31,8,7,"['rain_wan', 'mosfet', 'cocolk', 'tschumann', 'zhipengdong2', 'coolwood', 'cx32167']",23,"['carlos4986', 'celso', 'mpietsch', 'dmandrus', 'martingnauck', 'nishant.patel', 'pepito', 'rickyrick', 'azharzaidi', 'jles9', 'dmitriy', 'fedepassero', 'kennethwojo', 'tommaso', 'padanges', 'stive882003', 'outis', 'tomos', 'miners915tx', 'masuarez2', 'raja_waseem12', 'perrinma', 'quantumfield88']",1,[None],31,"['carlos4986', 'celso', 'dmandrus', 'mpietsch', 'martingnauck', 'nishant.patel', 'pepito', 'rickyrick', 'tschumann', 'azharzaidi', 'jles9', 'dmitriy', 'fedepassero', 'kennethwojo', 'tommaso', 'rain_wan', 'cocolk', 'padanges', 'coolwood', 'cx32167', 'stive882003', None, 'outis', 'tomos', 'miners915tx', 'masuarez2', 'mosfet', 'raja_waseem12', 'zhipengdong2', 'perrinma', 'quantumfield88']"
21,3,30,25,3,"['rohitmusalay009', 'priyam.patel', 'davidday47']",26,"['sorkus86', 'mcshin', 'kgbg12', 'klaussrodriguezz', 'lizyuco', 'nareen23791', 'cuantica69', 'vishnuvardhan', 'karthikeya.2009', 'jenifer123', 'wutangdanny', 'monik.mikanmeyer', 'moirangthemrakesh', 'chaitanya.sagar', 'lautagarai', 'pyzang', 'bmw2390', 'erikaviviana', 'zerenali', 'andres940802', 'mely', 'alanquza', 'kathe2593', 'liudvih', 'akshaybalgarkashi', 'prmjuan']",22,"['realmofreals', 'pfirth06', 'pfirth', 'renukavvss', 'nmolleti', 'pintu89', 'mervec', 'rvasudevan91', 'lunajlt', 'vasileska', 'chaitanya.nitta', 'ginni.bhambri', 'mleilaei', 'pkoswatt', 'jinnuaz', 'holmano', 'jbuck2', 'hongbin.yu', 'nikhil.gona2012', None, 'adar1312', 'ishtayer']",51,"['rohitmusalay009', 'sorkus86', 'mcshin', 'realmofreals', 'kgbg12', 'pfirth06', 'klaussrodriguezz', 'pfirth', 'lizyuco', 'renukavvss', 'nmolleti', 'pintu89', 'nareen23791', 'mervec', 'rvasudevan91', 'vasileska', 'lunajlt', 'cuantica69', 'priyam.patel', 'vishnuvardhan', 'karthikeya.2009', 'jenifer123', 'chaitanya.nitta', 'wutangdanny', 'monik.mikanmeyer', 'ginni.bhambri', 'moirangthemrakesh', 'chaitanya.sagar', 'mleilaei', 'lautagarai', 'davidday47', 'pkoswatt', 'jinnuaz', 'pyzang', 'holmano', 'bmw2390', 'jbuck2', 'hongbin.yu', 'nikhil.gona2012', None, 'erikaviviana', 'adar1312', 'zerenali', 'andres940802', 'mely', 'alanquza', 'ishtayer', 'kathe2593', 'liudvih', 'akshaybalgarkashi', 'prmjuan']"
21,7,30,16,15,"['cuantica69', 'sorkus86', 'andres940802', 'mely', 'alanquza', 'kgbg12', 'jenifer123', 'klaussrodriguezz', 'lizyuco', 'wutangdanny', 'monik.mikanmeyer', 'kathe2593', 'erikaviviana', 'lautagarai', 'prmjuan']",14,"['rohitmusalay009', 'priyam.patel', 'zerenali', 'mcshin', 'vishnuvardhan', 'karthikeya.2009', 'pyzang', 'bmw2390', 'moirangthemrakesh', 'nareen23791', 'liudvih', 'chaitanya.sagar', 'akshaybalgarkashi', 'davidday47']",1,[None],30,"['rohitmusalay009', 'sorkus86', 'mcshin', 'kgbg12', 'klaussrodriguezz', 'lizyuco', 'nareen23791', 'cuantica69', 'priyam.patel', 'vishnuvardhan', 'karthikeya.2009', 'jenifer123', 'wutangdanny', 'monik.mikanmeyer', 'moirangthemrakesh', 'chaitanya.sagar', 'lautagarai', 'davidday47', 'pyzang', 'bmw2390', None, 'erikaviviana', 'zerenali', 'andres940802', 'mely', 'alanquza', 'kathe2593', 'liudvih', 'akshaybalgarkashi', 'prmjuan']"
21,10,30,15,2,"['karthikeya.2009', 'davidday47']",27,"['rohitmusalay009', 'sorkus86', 'mcshin', 'kgbg12', 'klaussrodriguezz', 'lizyuco', 'nareen23791', 'cuantica69', 'priyam.patel', 'vishnuvardhan', 'jenifer123', 'wutangdanny', 'monik.mikanmeyer', 'moirangthemrakesh', 'chaitanya.sagar', 'lautagarai', 'pyzang', 'bmw2390', 'erikaviviana', 'zerenali', 'andres940802', 'mely', 'alanquza', 'kathe2593', 'liudvih', 'akshaybalgarkashi', 'prmjuan']",13,"['jwlindblom', 'jkung', 'jinnuaz', 'sshudano', 'wrbailey', 'zahrazebra', 'malsham1', 'jczavala', 'primigenia6190', 'ppagadua', 'jdarveaux', None, 'vfweber']",42,"['jwlindblom', 'rohitmusalay009', 'sorkus86', 'mcshin', 'kgbg12', 'klaussrodriguezz', 'lizyuco', 'nareen23791', 'primigenia6190', 'jdarveaux', 'cuantica69', 'priyam.patel', 'jkung', 'vishnuvardhan', 'karthikeya.2009', 'jenifer123', 'sshudano', 'wutangdanny', 'monik.mikanmeyer', 'wrbailey', 'moirangthemrakesh', 'zahrazebra', 'chaitanya.sagar', 'lautagarai', 'davidday47', 'jinnuaz', 'pyzang', 'malsham1', 'bmw2390', 'jczavala', 'ppagadua', None, 'erikaviviana', 'zerenali', 'andres940802', 'mely', 'alanquza', 'kathe2593', 'liudvih', 'akshaybalgarkashi', 'prmjuan', 'vfweber']"
21,9,30,8,3,"['karthikeya.2009', 'nareen23791', 'davidday47']",26,"['rohitmusalay009', 'sorkus86', 'mcshin', 'kgbg12', 'klaussrodriguezz', 'lizyuco', 'cuantica69', 'priyam.patel', 'vishnuvardhan', 'jenifer123', 'wutangdanny', 'monik.mikanmeyer', 'moirangthemrakesh', 'chaitanya.sagar', 'lautagarai', 'pyzang', 'bmw2390', 'erikaviviana', 'zerenali', 'andres940802', 'mely', 'alanquza', 'kathe2593', 'liudvih', 'akshaybalgarkashi', 'prmjuan']",5,"['rfang4', 'sselvar5', 'chaitanya.nitta', 'sadhanasundar', None]",34,"['rohitmusalay009', 'sorkus86', 'mcshin', 'kgbg12', 'pyzang', 'klaussrodriguezz', 'sselvar5', 'lizyuco', 'bmw2390', 'nareen23791', 'sadhanasundar', None, 'erikaviviana', 'cuantica69', 'priyam.patel', 'zerenali', 'andres940802', 'vishnuvardhan', 'karthikeya.2009', 'jenifer123', 'mely', 'alanquza', 'rfang4', 'wutangdanny', 'monik.mikanmeyer', 'chaitanya.nitta', 'moirangthemrakesh', 'kathe2593', 'liudvih', 'akshaybalgarkashi', 'chaitanya.sagar', 'lautagarai', 'prmjuan', 'davidday47']"
21,4,30,7,1,['vishnuvardhan'],28,"['rohitmusalay009', 'sorkus86', 'mcshin', 'kgbg12', 'klaussrodriguezz', 'lizyuco', 'nareen23791', 'cuantica69', 'priyam.patel', 'karthikeya.2009', 'jenifer123', 'wutangdanny', 'monik.mikanmeyer', 'moirangthemrakesh', 'chaitanya.sagar', 'lautagarai', 'davidday47', 'pyzang', 'bmw2390', 'erikaviviana', 'zerenali', 'andres940802', 'mely', 'alanquza', 'kathe2593', 'liudvih', 'akshaybalgarkashi', 'prmjuan']",6,"['glavinnr', 'tsfisher', 'sridutt3', 'robertatwsu', None, 'jeevithab2009']",35,"['rohitmusalay009', 'sorkus86', 'mcshin', 'kgbg12', 'pyzang', 'klaussrodriguezz', 'lizyuco', 'bmw2390', 'nareen23791', 'sridutt3', 'robertatwsu', None, 'erikaviviana', 'jeevithab2009', 'cuantica69', 'glavinnr', 'priyam.patel', 'zerenali', 'andres940802', 'vishnuvardhan', 'karthikeya.2009', 'jenifer123', 'mely', 'alanquza', 'tsfisher', 'wutangdanny', 'monik.mikanmeyer', 'moirangthemrakesh', 'kathe2593', 'liudvih', 'akshaybalgarkashi', 'chaitanya.sagar', 'lautagarai', 'prmjuan', 'davidday47']"
21,6,30,7,2,"['vishnuvardhan', 'karthikeya.2009']",27,"['rohitmusalay009', 'sorkus86', 'mcshin', 'kgbg12', 'klaussrodriguezz', 'lizyuco', 'nareen23791', 'cuantica69', 'priyam.patel', 'jenifer123', 'wutangdanny', 'monik.mikanmeyer', 'moirangthemrakesh', 'chaitanya.sagar', 'lautagarai', 'davidday47', 'pyzang', 'bmw2390', 'erikaviviana', 'zerenali', 'andres940802', 'mely', 'alanquza', 'kathe2593', 'liudvih', 'akshaybalgarkashi', 'prmjuan']",5,"['glavinnr', 'sridutt3', 'robertatwsu', None, 'jeevithab2009']",34,"['rohitmusalay009', 'sorkus86', 'mcshin', 'kgbg12', 'pyzang', 'klaussrodriguezz', 'lizyuco', 'bmw2390', 'nareen23791', 'sridutt3', 'robertatwsu', None, 'erikaviviana', 'jeevithab2009', 'cuantica69', 'glavinnr', 'priyam.patel', 'zerenali', 'andres940802', 'vishnuvardhan', 'karthikeya.2009', 'jenifer123', 'mely', 'alanquza', 'wutangdanny', 'monik.mikanmeyer', 'moirangthemrakesh', 'kathe2593', 'liudvih', 'akshaybalgarkashi', 'chaitanya.sagar', 'lautagarai', 'prmjuan', 'davidday47']"
22,58,29,22,18,"['knsofor', 'chenni1', 'becerra1', 'emiliojj', 'peter.kula.9', 'haukchung', 'rcarre5', 'tusharkanti', 'kekeoch2', 'croros', 'may.jonathan12', 'suraj.sv', 'hzhang1991', 'lamarakshat', 'marberner', 'wanghaoyu6', 'hknanohub', 'luochen93']",10,"['manlymax', 'niknaim24', 'mfarina25', 'pwon0911', 'keelezibel', 'qizhao1', 'nipat.liampisan', 'abonifa2', 'chong.gu.5', 'csgardn2']",4,"['akshay9415', 'mkjo2', None, 'stavanp']",32,"['niknaim24', 'mfarina25', 'akshay9415', 'croros', 'hzhang1991', 'nipat.liampisan', 'chong.gu.5', 'stavanp', 'emiliojj', 'rcarre5', 'tusharkanti', 'suraj.sv', 'keelezibel', 'qizhao1', 'wanghaoyu6', 'hknanohub', 'luochen93', 'haukchung', 'knsofor', 'becerra1', 'manlymax', 'marberner', None, 'csgardn2', 'lamarakshat', 'chenni1', 'mkjo2', 'peter.kula.9', 'kekeoch2', 'pwon0911', 'may.jonathan12', 'abonifa2']"
22,96,29,21,18,"['knsofor', 'chenni1', 'becerra1', 'emiliojj', 'peter.kula.9', 'haukchung', 'tusharkanti', 'csgardn2', 'kekeoch2', 'pwon0911', 'croros', 'may.jonathan12', 'hzhang1991', 'lamarakshat', 'marberner', 'wanghaoyu6', 'hknanohub', 'luochen93']",10,"['manlymax', 'niknaim24', 'rcarre5', 'mfarina25', 'suraj.sv', 'keelezibel', 'qizhao1', 'nipat.liampisan', 'abonifa2', 'chong.gu.5']",3,"['akshay9415', 'mkjo2', None]",31,"['niknaim24', 'mfarina25', 'akshay9415', 'croros', 'hzhang1991', 'nipat.liampisan', 'chong.gu.5', 'emiliojj', 'rcarre5', 'tusharkanti', 'suraj.sv', 'keelezibel', 'qizhao1', 'wanghaoyu6', 'hknanohub', 'luochen93', 'haukchung', 'knsofor', 'becerra1', 'manlymax', 'marberner', None, 'csgardn2', 'lamarakshat', 'chenni1', 'mkjo2', 'peter.kula.9', 'kekeoch2', 'pwon0911', 'may.jonathan12', 'abonifa2']"
22,97,29,9,7,"['marberner', 'suraj.sv', 'keelezibel', 'nipat.liampisan', 'abonifa2', 'csgardn2', 'luochen93']",21,"['niknaim24', 'mfarina25', 'croros', 'hzhang1991', 'chong.gu.5', 'emiliojj', 'rcarre5', 'tusharkanti', 'qizhao1', 'wanghaoyu6', 'hknanohub', 'haukchung', 'knsofor', 'becerra1', 'manlymax', 'lamarakshat', 'chenni1', 'peter.kula.9', 'kekeoch2', 'pwon0911', 'may.jonathan12']",2,"['pwalerow1', None]",30,"['knsofor', 'becerra1', 'manlymax', 'niknaim24', 'mfarina25', 'croros', 'hzhang1991', 'nipat.liampisan', 'marberner', 'chong.gu.5', None, 'csgardn2', 'lamarakshat', 'chenni1', 'emiliojj', 'luochen93', 'peter.kula.9', 'rcarre5', 'tusharkanti', 'kekeoch2', 'pwalerow1', 'pwon0911', 'may.jonathan12', 'suraj.sv', 'keelezibel', 'qizhao1', 'abonifa2', 'wanghaoyu6', 'hknanohub', 'haukchung']"
22,59,29,8,6,"['marberner', 'suraj.sv', 'keelezibel', 'nipat.liampisan', 'abonifa2', 'csgardn2']",22,"['niknaim24', 'mfarina25', 'croros', 'hzhang1991', 'chong.gu.5', 'emiliojj', 'rcarre5', 'tusharkanti', 'qizhao1', 'wanghaoyu6', 'hknanohub', 'luochen93', 'haukchung', 'knsofor', 'becerra1', 'manlymax', 'lamarakshat', 'chenni1', 'peter.kula.9', 'kekeoch2', 'pwon0911', 'may.jonathan12']",2,"['jkernagis2', None]",30,"['jkernagis2', 'knsofor', 'becerra1', 'manlymax', 'niknaim24', 'mfarina25', 'croros', 'hzhang1991', 'nipat.liampisan', 'marberner', 'chong.gu.5', None, 'csgardn2', 'lamarakshat', 'chenni1', 'emiliojj', 'luochen93', 'peter.kula.9', 'rcarre5', 'tusharkanti', 'kekeoch2', 'pwon0911', 'may.jonathan12', 'suraj.sv', 'keelezibel', 'qizhao1', 'abonifa2', 'wanghaoyu6', 'hknanohub', 'haukchung']"
23,3,28,25,8,"['adar1312', 'renukavvss', 'ginni.bhambri', 'ishtayer', 'nmolleti', 'mervec', 'nikhil.gona2012', 'rvasudevan91']",19,"['shashankgangrade', 'ninad.trifale', 'zhang220', 'praram', 'jeevithab2009', 'jannujaspal007', 'ravi.singh.des.engr', 'salil.mamodiya', 'sankalp.0001', 'kamal1210', 'kaimiao', 'mquann', 'shivisingh711', 'sridutt3', 'robertatwsu', 'tanseerali', 'tulendra.saikia', 'giribal', 'agnishit']",17,"['lunajlt', 'mleilaei', 'rohitmusalay009', 'priyam.patel', 'pkoswatt', 'jinnuaz', 'realmofreals', 'pfirth06', None, 'pfirth', 'chaitanya.nitta', 'holmano', 'jbuck2', 'pintu89', 'hongbin.yu', 'vasileska', 'davidday47']",44,"['rohitmusalay009', 'shashankgangrade', 'ninad.trifale', 'realmofreals', 'pfirth06', 'zhang220', 'pfirth', 'renukavvss', 'nmolleti', 'pintu89', 'praram', 'mervec', 'rvasudevan91', 'vasileska', 'lunajlt', 'jannujaspal007', 'jeevithab2009', 'priyam.patel', 'ravi.singh.des.engr', 'salil.mamodiya', 'sankalp.0001', 'kamal1210', 'chaitanya.nitta', 'ginni.bhambri', 'mquann', 'kaimiao', 'shivisingh711', 'mleilaei', 'davidday47', 'pkoswatt', 'jinnuaz', 'holmano', 'jbuck2', 'sridutt3', 'robertatwsu', 'hongbin.yu', 'nikhil.gona2012', None, 'tanseerali', 'tulendra.saikia', 'adar1312', 'ishtayer', 'giribal', 'agnishit']"
23,4,28,7,3,"['jeevithab2009', 'sridutt3', 'robertatwsu']",24,"['shashankgangrade', 'ninad.trifale', 'zhang220', 'renukavvss', 'nmolleti', 'praram', 'mervec', 'rvasudevan91', 'jannujaspal007', 'ravi.singh.des.engr', 'salil.mamodiya', 'sankalp.0001', 'kamal1210', 'ginni.bhambri', 'mquann', 'kaimiao', 'shivisingh711', 'nikhil.gona2012', 'tanseerali', 'tulendra.saikia', 'adar1312', 'ishtayer', 'giribal', 'agnishit']",4,"['vishnuvardhan', None, 'glavinnr', 'tsfisher']",31,"['shashankgangrade', 'ninad.trifale', 'zhang220', 'renukavvss', 'nmolleti', 'praram', 'sridutt3', 'mervec', 'robertatwsu', 'nikhil.gona2012', 'rvasudevan91', None, 'tanseerali', 'jannujaspal007', 'jeevithab2009', 'tulendra.saikia', 'adar1312', 'glavinnr', 'tsfisher', 'ravi.singh.des.engr', 'salil.mamodiya', 'sankalp.0001', 'kamal1210', 'vishnuvardhan', 'ginni.bhambri', 'mquann', 'kaimiao', 'ishtayer', 'giribal', 'shivisingh711', 'agnishit']"
23,5,28,7,5,"['shashankgangrade', 'ravi.singh.des.engr', 'kamal1210', 'agnishit', 'jannujaspal007']",22,"['ninad.trifale', 'zhang220', 'renukavvss', 'nmolleti', 'praram', 'mervec', 'rvasudevan91', 'jeevithab2009', 'salil.mamodiya', 'sankalp.0001', 'ginni.bhambri', 'mquann', 'kaimiao', 'shivisingh711', 'sridutt3', 'robertatwsu', 'nikhil.gona2012', 'tanseerali', 'tulendra.saikia', 'adar1312', 'ishtayer', 'giribal']",2,"['shubhamchandak94', None]",29,"['shashankgangrade', 'ninad.trifale', 'zhang220', 'renukavvss', 'nmolleti', 'praram', 'sridutt3', 'mervec', 'robertatwsu', 'nikhil.gona2012', 'rvasudevan91', 'shubhamchandak94', None, 'tanseerali', 'jannujaspal007', 'jeevithab2009', 'tulendra.saikia', 'adar1312', 'ravi.singh.des.engr', 'salil.mamodiya', 'sankalp.0001', 'kamal1210', 'ginni.bhambri', 'mquann', 'kaimiao', 'ishtayer', 'giribal', 'shivisingh711', 'agnishit']"
23,6,28,7,3,"['jeevithab2009', 'sridutt3', 'robertatwsu']",24,"['shashankgangrade', 'ninad.trifale', 'zhang220', 'renukavvss', 'nmolleti', 'praram', 'mervec', 'rvasudevan91', 'jannujaspal007', 'ravi.singh.des.engr', 'salil.mamodiya', 'sankalp.0001', 'kamal1210', 'ginni.bhambri', 'mquann', 'kaimiao', 'shivisingh711', 'nikhil.gona2012', 'tanseerali', 'tulendra.saikia', 'adar1312', 'ishtayer', 'giribal', 'agnishit']",4,"['vishnuvardhan', 'karthikeya.2009', None, 'glavinnr']",31,"['shashankgangrade', 'ninad.trifale', 'zhang220', 'renukavvss', 'nmolleti', 'praram', 'sridutt3', 'mervec', 'robertatwsu', 'nikhil.gona2012', 'rvasudevan91', None, 'tanseerali', 'jannujaspal007', 'jeevithab2009', 'tulendra.saikia', 'adar1312', 'glavinnr', 'ravi.singh.des.engr', 'salil.mamodiya', 'sankalp.0001', 'kamal1210', 'vishnuvardhan', 'karthikeya.2009', 'ginni.bhambri', 'mquann', 'kaimiao', 'ishtayer', 'giribal', 'shivisingh711', 'agnishit']"
24,191,27,17,12,"['adaptmike', 'lumburgur', 'onyekachi', 'maliheshabanatgmaildatcom', 'lb13f', 'winterfly', 'levot', 'becrloon', 'kevinryan7926', 'yuwenojv1', 'dwitman1', 'oyidia.elendu']",14,"['jeonghochan', 'dementer', 'quswlsghks12', 'gosunman', 'lskku', 'soheilsolhjoo', 'skdirmsrl1412', 'yson92', 'godustn', 'mgworden', 'jdix', 'rjl09c', 'opo6954', 'sevra37']",5,"['shane5ul', 'becondensate', 'onyesco2012', None, 'slashzerov']",31,"['jeonghochan', 'gosunman', 'skdirmsrl1412', 'shane5ul', 'rjl09c', 'slashzerov', 'onyekachi', 'soheilsolhjoo', 'winterfly', 'becrloon', 'onyesco2012', 'dwitman1', 'opo6954', 'dementer', 'adaptmike', 'lumburgur', 'godustn', 'jdix', 'becondensate', 'oyidia.elendu', None, 'sevra37', 'quswlsghks12', 'maliheshabanatgmaildatcom', 'lskku', 'lb13f', 'mgworden', 'levot', 'yuwenojv1', 'yson92', 'kevinryan7926']"
24,190,27,11,7,"['jeonghochan', 'quswlsghks12', 'skdirmsrl1412', 'godustn', 'yson92', 'opo6954', 'sevra37']",19,"['gosunman', 'rjl09c', 'onyekachi', 'soheilsolhjoo', 'winterfly', 'becrloon', 'dwitman1', 'dementer', 'adaptmike', 'lumburgur', 'jdix', 'oyidia.elendu', 'maliheshabanatgmaildatcom', 'lskku', 'lb13f', 'mgworden', 'levot', 'yuwenojv1', 'kevinryan7926']",4,"[None, 'specialhskim', 'jhyoung73', 'wownaa']",30,"['jeonghochan', 'dementer', 'adaptmike', 'lumburgur', 'gosunman', 'skdirmsrl1412', 'godustn', 'jdix', 'rjl09c', 'oyidia.elendu', None, 'sevra37', 'specialhskim', 'quswlsghks12', 'jhyoung73', 'onyekachi', 'maliheshabanatgmaildatcom', 'lskku', 'soheilsolhjoo', 'lb13f', 'winterfly', 'mgworden', 'levot', 'becrloon', 'yuwenojv1', 'yson92', 'kevinryan7926', 'wownaa', 'dwitman1', 'opo6954']"
24,192,27,8,6,"['dementer', 'quswlsghks12', 'gosunman', 'skdirmsrl1412', 'yson92', 'sevra37']",20,"['jeonghochan', 'rjl09c', 'onyekachi', 'soheilsolhjoo', 'winterfly', 'becrloon', 'dwitman1', 'opo6954', 'adaptmike', 'lumburgur', 'godustn', 'jdix', 'oyidia.elendu', 'maliheshabanatgmaildatcom', 'lskku', 'lb13f', 'mgworden', 'levot', 'yuwenojv1', 'kevinryan7926']",2,"[None, 'ljw3104']",28,"['jeonghochan', 'dementer', 'adaptmike', 'lumburgur', 'gosunman', 'skdirmsrl1412', 'godustn', 'jdix', 'rjl09c', 'oyidia.elendu', None, 'sevra37', 'quswlsghks12', 'onyekachi', 'maliheshabanatgmaildatcom', 'lskku', 'soheilsolhjoo', 'lb13f', 'winterfly', 'mgworden', 'levot', 'becrloon', 'yuwenojv1', 'yson92', 'kevinryan7926', 'dwitman1', 'opo6954', 'ljw3104']"
25,125,26,32,25,"['mdesanker', 'caldwell13', 'bhchoi', 'ckprice', 'weiwei.wang.222', 'les149', 'mdogangun', 'jiyunh', 'erobinson1', 'amcgeachy', 'bcarlson', 'borazine', 'hutsonw', 'mkokish', 'saberg', 'alexlou16', 'cgunthardt', 'bphelan61', 'hchase2', 'elatch820', 'majedfataftahnu', 'staceychin', 'dkf1100', 'dxt910922', 'mvega0813']",0,[],7,"['brandnew677', 'agrover', 'shadout', 'ljansen', 'mazstalzer', 'dolevr', None]",32,"['mdesanker', 'caldwell13', 'bhchoi', 'ckprice', 'weiwei.wang.222', 'agrover', 'les149', 'mdogangun', 'jiyunh', 'erobinson1', 'amcgeachy', 'shadout', 'bcarlson', 'borazine', 'hutsonw', 'mkokish', 'brandnew677', 'saberg', 'alexlou16', 'cgunthardt', 'bphelan61', 'hchase2', 'mazstalzer', 'dolevr', 'elatch820', None, 'majedfataftahnu', 'staceychin', 'dkf1100', 'ljansen', 'dxt910922', 'mvega0813']"
26,111,25,24,23,"['harishrakesh20', 'divyanechiyil', 'rspk16', 'rashmishende998', 'shainapr', 'hodche', 'npnp7777', 'coolanu1985', 'ganesh.vnaik', 'chetana.s.mech', 'prathimitha', 'prajwal.kumar.1656', 'sandeshkumarrai', 'premkumar', 'sequeiraolivia', 'hodphy', 'asa4physics', 'pramila', 'laxmisansitha', 'taranath', 'vinayambika', 'venita13', 'ramananda']",1,['apprajwalkumar'],1,[None],25,"['divyanechiyil', 'harishrakesh20', 'apprajwalkumar', 'rspk16', 'rashmishende998', 'shainapr', 'hodche', 'npnp7777', 'coolanu1985', 'ganesh.vnaik', 'chetana.s.mech', 'prathimitha', 'prajwal.kumar.1656', 'sandeshkumarrai', 'premkumar', 'sequeiraolivia', 'hodphy', 'asa4physics', None, 'pramila', 'laxmisansitha', 'taranath', 'vinayambika', 'venita13', 'ramananda']"
27,107,24,31,20,"['pam2175', 'nickd729', 'my2404', 'alhumam', 'bmwsc', 'ydncg', 'taegjin87', 'lc152', 'kk2939', 'carsythe', 'sl3229', 'isaacwu', 'jc4104', 'seonjaekim88', 'dchenet', 'zp2151', 'bychou', 'ziyang.zhang.7', 'tc2566', 'lmking2002']",3,"['akaho0203', 'jiwonp224', 'cks2121']",11,"['afrankl', 'hedrees', 'fabiocarta83', 'joseanb', None, 'abadahdah', 'yang2008sky', 'amasurkar316', 'twst920804', 'shyuanyang', 'pcyeh2175']",34,"['pam2175', 'hedrees', 'akaho0203', 'nickd729', 'my2404', 'alhumam', 'bmwsc', 'ydncg', 'taegjin87', 'amasurkar316', 'shyuanyang', 'pcyeh2175', 'lc152', 'kk2939', 'carsythe', 'sl3229', 'joseanb', 'jiwonp224', 'isaacwu', 'abadahdah', 'jc4104', 'yang2008sky', 'seonjaekim88', 'dchenet', 'zp2151', 'bychou', 'ziyang.zhang.7', 'twst920804', None, 'afrankl', 'fabiocarta83', 'tc2566', 'cks2121', 'lmking2002']"
27,110,24,30,1,['tc2566'],22,"['pam2175', 'akaho0203', 'nickd729', 'my2404', 'alhumam', 'bmwsc', 'ydncg', 'taegjin87', 'lc152', 'kk2939', 'carsythe', 'sl3229', 'jiwonp224', 'isaacwu', 'jc4104', 'seonjaekim88', 'dchenet', 'zp2151', 'bychou', 'ziyang.zhang.7', 'cks2121', 'lmking2002']",29,"['mikew2014', 'nanni21c', 'bwp2111', 'mkh2145', 'mnn2108', 'luc.davidson1', 'aca2161', 'andresmedina12', 'raquelina', 'edmejia93', 'sl3369', 'johnkym', 'iamwednesdaymusic', 'aznrunner124', 'jg3439', 'mocotransit', 'sv2340', 'hilarykm', 'daniel.rosenthal13', None, 'thejollyflyingman', 'supanath.j', 'lillianchik1993', 'cancer20', 'lekez2005', 'mh3169', 'jpsety', 'rienzigokea', 'tempuser001']",52,"['pam2175', 'mikew2014', 'akaho0203', 'nickd729', 'nanni21c', 'bwp2111', 'my2404', 'alhumam', 'bmwsc', 'ydncg', 'taegjin87', 'lc152', 'kk2939', 'carsythe', 'sl3229', 'mkh2145', 'mnn2108', 'luc.davidson1', 'aca2161', 'jiwonp224', 'andresmedina12', 'isaacwu', 'raquelina', 'jc4104', 'seonjaekim88', 'edmejia93', 'sl3369', 'dchenet', 'johnkym', 'zp2151', 'aznrunner124', 'iamwednesdaymusic', 'bychou', 'jg3439', 'mocotransit', 'sv2340', 'ziyang.zhang.7', 'hilarykm', 'daniel.rosenthal13', None, 'thejollyflyingman', 'supanath.j', 'lillianchik1993', 'cancer20', 'lekez2005', 'tc2566', 'mh3169', 'jpsety', 'rienzigokea', 'cks2121', 'lmking2002', 'tempuser001']"
27,119,24,26,21,"['pam2175', 'nickd729', 'my2404', 'alhumam', 'bmwsc', 'ydncg', 'taegjin87', 'lc152', 'kk2939', 'carsythe', 'sl3229', 'isaacwu', 'jc4104', 'seonjaekim88', 'dchenet', 'zp2151', 'bychou', 'ziyang.zhang.7', 'tc2566', 'cks2121', 'lmking2002']",2,"['akaho0203', 'jiwonp224']",5,"['fabiocarta83', 'joseanb', 'abadahdah', 'twst920804', None]",28,"['pam2175', 'akaho0203', 'nickd729', 'my2404', 'alhumam', 'bmwsc', 'ydncg', 'taegjin87', 'lc152', 'kk2939', 'carsythe', 'sl3229', 'joseanb', 'jiwonp224', 'isaacwu', 'abadahdah', 'jc4104', 'seonjaekim88', 'dchenet', 'zp2151', 'bychou', 'ziyang.zhang.7', 'twst920804', None, 'fabiocarta83', 'tc2566', 'cks2121', 'lmking2002']"
28,66,24,33,21,"['ddkipke', 'bmauld', 'mnmcclau', 'chadkels', 'jpluce', 'carriemt', 'sdwa', 'lawrencelee936', 'bayerl', 'shaunj', 'reisaito', 'dwfries', 'gnmon', 'juleswat', 'sarang.umarji', 'markjvanalstine', 'jeremykochis', 'dmatthews', 'jpatalon0724', 'momich', 'wandrbeck']",2,"['timhuang', 'chuenlai']",12,"['skramad', 'bibo', 'qqravenpp', 'wwk900929', 'bmillerw', 'bryce.knorp', 'rjcraven', 'ramazani', 'amanda.grimm.906', 'kthorn01', None, 'rmbrouw']",35,"['ddkipke', 'bmauld', 'timhuang', 'mnmcclau', 'amanda.grimm.906', 'chadkels', 'skramad', 'jpluce', 'carriemt', 'rjcraven', 'sdwa', 'rmbrouw', 'lawrencelee936', 'bayerl', 'wwk900929', 'bryce.knorp', 'shaunj', 'reisaito', 'chuenlai', 'ramazani', None, 'dwfries', 'gnmon', 'juleswat', 'sarang.umarji', 'bmillerw', 'markjvanalstine', 'jeremykochis', 'dmatthews', 'jpatalon0724', 'momich', 'bibo', 'qqravenpp', 'wandrbeck', 'kthorn01']"
28,133,24,31,19,"['ddkipke', 'bmauld', 'mnmcclau', 'chadkels', 'jpluce', 'carriemt', 'sdwa', 'lawrencelee936', 'bayerl', 'shaunj', 'reisaito', 'dwfries', 'gnmon', 'sarang.umarji', 'jeremykochis', 'dmatthews', 'jpatalon0724', 'momich', 'wandrbeck']",4,"['timhuang', 'markjvanalstine', 'chuenlai', 'juleswat']",12,"['skramad', 'kworth', 'qqravenpp', 'wwk900929', 'jshunnar', 'bryce.knorp', 'brucebieber', 'vincent.lai', 'rjcraven', 'pimillig2', 'kthorn01', None]",35,"['ddkipke', 'jshunnar', 'bmauld', 'timhuang', 'brucebieber', 'mnmcclau', 'chadkels', 'skramad', 'kworth', 'jpluce', 'carriemt', 'rjcraven', 'sdwa', 'lawrencelee936', 'bayerl', 'wwk900929', 'bryce.knorp', 'shaunj', 'reisaito', 'chuenlai', 'vincent.lai', None, 'dwfries', 'gnmon', 'juleswat', 'sarang.umarji', 'markjvanalstine', 'jeremykochis', 'dmatthews', 'jpatalon0724', 'momich', 'pimillig2', 'qqravenpp', 'wandrbeck', 'kthorn01']"
29,169,24,40,19,"['js.martinez777', 'dieguito', 'paulamarenco22', 'catalinaalbornoz1', 'mariaca212', 'keitarokusanagi', 'c0ndeastar0th', 'na.vera49', 'rs.petrelraba', 'de.fernandez1406', 'felipe_249', 'sa.riveros43', 'luzandrea', 'ragnarok_44', 'jeremyender', 'eveneco', 's.solano586', 'farolo11', 'zartrek']",4,"['robertomario', 'josericardo', 'mark.e.barnes', 'raksha1993']",21,"['cm.castrillon2028', 'bastidascano', 'camilo_cacs', 'rz.carlos10', 'gf.giraldo239', 'jp.gomez220593', 'deot95', 'da.pineros156', 'logan.mejia', 'juancamilosh', 'sebas1946', 'ca.padilla', 'juanes_molano', None, 'jaime1692', 'jck136', 'gabrielrojas', 'eliana2695', 'diegocamelo2610', 'n.avendano11', 'asikoo']",44,"['cm.castrillon2028', 'js.martinez777', 'dieguito', 'bastidascano', 'paulamarenco22', 'catalinaalbornoz1', 'mariaca212', 'camilo_cacs', 'rz.carlos10', 'raksha1993', 'keitarokusanagi', 'gf.giraldo239', 'c0ndeastar0th', 'jp.gomez220593', 'deot95', 'robertomario', 'da.pineros156', 'na.vera49', 'rs.petrelraba', 'logan.mejia', 'mark.e.barnes', 'juancamilosh', 'de.fernandez1406', 'josericardo', 'felipe_249', 'sebas1946', 'ca.padilla', 'sa.riveros43', 'luzandrea', 'juanes_molano', None, 'jaime1692', 'jck136', 'gabrielrojas', 'ragnarok_44', 'jeremyender', 'eveneco', 's.solano586', 'eliana2695', 'farolo11', 'n.avendano11', 'diegocamelo2610', 'zartrek', 'asikoo']"
30,126,24,172,10,"['dsj931', 'calvining', 'senaykargaci', 'ryanmcfarlin2017', 'wan.imilla', 'cornymikey', 'nromane', 'nsheth1', 'cforbes', 'rachelng412']",13,"['lonealpha', 'cwhittle', 'gregmkegel', 'psych7928', 'syc23', 'davidr', 'matt.hagreen', 'marjzi5', 'avercik', 'britton.stamper', 'ivaldee', 'jesslitt', 'rainien']",162,"['kferracuti', 'acastaneda', 'rassaf', 'carolynbrooks2017', 'ttruong', 'lkearney14', 'tjh294', 'jklein', 'dheredia', 'ryanschusler', 'atate', 'shippleheuser', 'jiwonlee', 'mykai', 'amelehy', 'seanhughes13', 'tuofei.chen', 'heather.deng', 'vlalo', 'ajansen', 'dloizzo', 'harmonyarcilla2017', 'naomi.johnson.924', 'msamman', 'mileskurtz', 'crozolis', 'snissan', 'mmikhelson', 'trs805', 'eflaum', 'mjaharis', 'jkothari', 'iozsan', 'jourdandorrell', 'zlochmueller', 'gregorymulderink2017', 'fkhan1', 'nay', 'cbroaders12', 'kpowderly', 'kculler', 'sbenton', 'amyzb', 'sbruyere', 'amelia.nickels', 'akatakam', 'sbald', 'cpark123', 'akafkes', 'lautarocilenti2017', 'ankitadevareddy', 'jwentz', 'arodriguez17', 'ahosbein', 'jswiatek', 'lep214', 'dkj427', 'marisayou', 'sjelsma', 'ghilfinger', 'emilyanita', 'sojiadimula2017', 'jkroon', 'szj394', 'henryrichey', 'jfrankel13', 'jsusskind', 'aghosh', 'layala', 'jkang1124', 'cdai', 'kamella', 'jilliangeary', 'kevin.liuxu', 'unaha', 'sheillygirasol2017', 'rbarajas', 'kshedd1', 'stevelillington', 'cwallace', 'yuezeng2017', 'glivecchi', 'dpark', 'nahkihg', 'jchepyator', 'alexandersilver2017', 'kassandrablanchard2012', 'adai', 'adel.lahlou', 'wmann', 'mglinski', 'cjansen', 'zzaruba', 'samsandin', 'jenny4053', 'swetha.rajavel', 'akaldjian', 'eahn', 'keckhoff', 'dishanataraj', 'ewillmz', 'jheider', 'joebob1235', 'ablazek', 'krnstk95', 'jnicolas', 'jrodriguez', 'tmittelberg', 'dolevr', 'pperkovich', 'lgreen', '2013zod', 'nyim', 'priyankasaha2017', 'xetalys', 'nkavanau', 'sym975', 'mwang12', 'jcichon', 'zxt055', 'mvanderbosch', 'kanyeezy24', 'priya.garigipati', 'ccburton4', 'jyang1', 'dmccann', 'nweatherford', 'laurelle.banta', 'cwassink', 'emmamontgomery', 'ctso', 'yoh', 'nbajwa', 'sxlu', 'jcbeard', 'rdai', 'shadout', 'josephraff2017', 'brandnew677', 'aramirezcedeno', 'klueptow', 'aeckburg', 'andrewtang', 'allegrawilson2017', 'jok', 'kzack59525', None, 'danielkinch2017', 'czhu', 'jhoffen', 'jeanettepranin', 'bgawin', 'jordanlee2017', 'jhua', 'adistefano', 'blemma', 'khedderick', 'wankwok2017', 'aff985', 'slhatch', 'sarahacs', 'zguritz']",185,"['kferracuti', 'acastaneda', 'rassaf', 'carolynbrooks2017', 'ttruong', 'lkearney14', 'tjh294', 'jklein', 'dheredia', 'ryanschusler', 'atate', 'shippleheuser', 'jiwonlee', 'lonealpha', 'mykai', 'amelehy', 'seanhughes13', 'tuofei.chen', 'heather.deng', 'vlalo', 'ajansen', 'dloizzo', 'harmonyarcilla2017', 'naomi.johnson.924', 'msamman', 'jesslitt', 'mileskurtz', 'crozolis', 'snissan', 'mmikhelson', 'trs805', 'eflaum', 'mjaharis', 'jkothari', 'iozsan', 'jourdandorrell', 'zlochmueller', 'gregorymulderink2017', 'cforbes', 'fkhan1', 'nay', 'cbroaders12', 'kpowderly', 'kculler', 'sbenton', 'amyzb', 'sbruyere', 'amelia.nickels', 'akatakam', 'sbald', 'cpark123', 'akafkes', 'lautarocilenti2017', 'calvining', 'ankitadevareddy', 'jwentz', 'arodriguez17', 'ahosbein', 'jswiatek', 'lep214', 'dkj427', 'marisayou', 'sjelsma', 'ghilfinger', 'emilyanita', 'dsj931', 'sojiadimula2017', 'jkroon', 'szj394', 'henryrichey', 'jfrankel13', 'jsusskind', 'aghosh', 'ryanmcfarlin2017', 'layala', 'jkang1124', 'cornymikey', 'cdai', 'kamella', 'gregmkegel', 'jilliangeary', 'kevin.liuxu', 'unaha', 'sheillygirasol2017', 'rbarajas', 'kshedd1', 'senaykargaci', 'stevelillington', 'avercik', 'cwallace', 'yuezeng2017', 'glivecchi', 'dpark', 'nahkihg', 'jchepyator', 'alexandersilver2017', 'psych7928', 'kassandrablanchard2012', 'adai', 'matt.hagreen', 'adel.lahlou', 'wmann', 'mglinski', 'cjansen', 'zzaruba', 'samsandin', 'jenny4053', 'swetha.rajavel', 'akaldjian', 'eahn', 'keckhoff', 'dishanataraj', 'ewillmz', 'jheider', 'joebob1235', 'ablazek', 'krnstk95', 'cwhittle', 'jnicolas', 'jrodriguez', 'tmittelberg', 'dolevr', 'pperkovich', 'lgreen', '2013zod', 'syc23', 'nyim', 'wan.imilla', 'priyankasaha2017', 'xetalys', 'nkavanau', 'sym975', 'mwang12', 'jcichon', 'zxt055', 'mvanderbosch', 'kanyeezy24', 'priya.garigipati', 'ccburton4', 'jyang1', 'dmccann', 'nweatherford', 'laurelle.banta', 'cwassink', 'emmamontgomery', 'ctso', 'yoh', 'nbajwa', 'sxlu', 'jcbeard', 'rdai', 'nromane', 'ivaldee', 'shadout', 'rachelng412', 'rainien', 'josephraff2017', 'brandnew677', 'aramirezcedeno', 'klueptow', 'davidr', 'marjzi5', 'aeckburg', 'andrewtang', 'allegrawilson2017', 'britton.stamper', 'jok', 'kzack59525', None, 'danielkinch2017', 'czhu', 'jhoffen', 'jeanettepranin', 'bgawin', 'jordanlee2017', 'jhua', 'adistefano', 'blemma', 'khedderick', 'wankwok2017', 'aff985', 'slhatch', 'sarahacs', 'nsheth1', 'zguritz']"
30,127,24,62,1,['davidr'],22,"['psych7928', 'matt.hagreen', 'calvining', 'lonealpha', 'nromane', 'dsj931', 'ivaldee', 'jesslitt', 'rachelng412', 'cwhittle', 'rainien', 'marjzi5', 'ryanmcfarlin2017', 'cornymikey', 'britton.stamper', 'cforbes', 'gregmkegel', 'syc23', 'senaykargaci', 'wan.imilla', 'avercik', 'nsheth1']",61,"['max.wong1', 'chris.crooke.9', 'rhall94', 'atgod6', 'barnett12', 'phill.marks', 'itsdandan93', 'beatingharts', 'robertmcghee798', 'shepbur', 'dovile.lingaityte', 'bilalnuman', 'james.taylor67', 's.luxi30', 'stuarth', 'alexozzycake', 'cait.mcmaster1993', 'rosiedn11', 'lp4842', 'will.pete.tom', 'matthewharding', 'apolkinghorne94', 'ionammunro', 'sam1', 'lottiejwright24', 'nathanohara', 'qm011999', 'stuart.jones', 'diddylovesjames', 'kirsten.hawkins.31', '04ssteves', 'lois_clarke', 'frankzieleniewski', 'hannah.hicks1994', 'jakeaustin56', 'abbikate', 'stanbury.emma', 'lucy.cruxton', 'samanthacatherinereardon', 'annabelle404', 'forrow', 'adam.madgett', 'wingedkuriboh93', 'thehank93', 'poppyreese', None, 'rickyysavill', 'kavita.patel0904', 'benmorris195', 'sophiew590', 'bergkamp45', 'jaynexsouter', 'jorj.hardy', 'hk.1001.babo', 'lou.sycamore', 'benshorland', 'sybrantwolf', 'jessica.evans.230394', 'kheywood94', 'jsearlam', 'ellen.jones1994']",84,"['max.wong1', 'psych7928', 'barnett12', 'phill.marks', 'itsdandan93', 'matt.hagreen', 'robertmcghee798', 'bilalnuman', 'stuarth', 'alexozzycake', 'cait.mcmaster1993', 'lonealpha', 'rosiedn11', 'lp4842', 'will.pete.tom', 'ionammunro', 'apolkinghorne94', 'stuart.jones', 'diddylovesjames', 'jesslitt', 'cwhittle', 'hannah.hicks1994', 'abbikate', 'stanbury.emma', 'lucy.cruxton', 'samanthacatherinereardon', 'forrow', 'adam.madgett', 'poppyreese', 'cforbes', 'syc23', 'benmorris195', 'sophiew590', 'bergkamp45', 'jaynexsouter', 'jorj.hardy', 'wan.imilla', 'lou.sycamore', 'benshorland', 'kheywood94', 'jessica.evans.230394', 'wingedkuriboh93', 'jsearlam', 'ellen.jones1994', 'chris.crooke.9', 'rhall94', 'atgod6', 'beatingharts', 'calvining', 'shepbur', 'dovile.lingaityte', 'james.taylor67', 's.luxi30', 'matthewharding', 'sam1', 'lottiejwright24', 'nathanohara', 'qm011999', 'nromane', 'dsj931', 'ivaldee', 'kirsten.hawkins.31', '04ssteves', 'rachelng412', 'rainien', 'lois_clarke', 'davidr', 'frankzieleniewski', 'jakeaustin56', 'marjzi5', 'ryanmcfarlin2017', 'annabelle404', 'cornymikey', 'britton.stamper', 'thehank93', None, 'rickyysavill', 'gregmkegel', 'kavita.patel0904', 'senaykargaci', 'hk.1001.babo', 'avercik', 'sybrantwolf', 'nsheth1']"
31,193,24,8,7,"['merna', 'bbliron', 'olegk', 'avshi1982', 'sergey52532', 'doramram', 'shir']",16,"['hokum430', 'reifenberger', 'vnahid54', 'msbentley', 'aykutlud', 'camilo.lineros', 'd1e60', 'lilh0303', 'livan.alonso', 'cbeitia', 'gwabi', 'zeynepbegum', 'adar', 'olgafreidin', 'vera', 'sonmic']",1,[None],24,"['merna', 'hokum430', 'camilo.lineros', 'd1e60', 'avshi1982', 'livan.alonso', 'doramram', 'adar', None, 'vera', 'msbentley', 'vnahid54', 'aykutlud', 'bbliron', 'olegk', 'lilh0303', 'sergey52532', 'cbeitia', 'gwabi', 'zeynepbegum', 'reifenberger', 'olgafreidin', 'shir', 'sonmic']"
32,123,24,16,12,"['mobinek', 'hemayhew4932', 'cffortenberry', 'hyoon01', 'agthomson01', 'gtgeberth', 'nsbenday', 'ashley.fidler2', 'elbarto3', 'mdsuh', 'gpconnor', 'kristen.frano']",11,"['buffa2012', 'hohotuha', 'ppc.fep', 'chernov32', 'bruno.carreel', 'tamal_goswami', 'oelysium', 'motaro_1992', 'm_e_rd', 'pritis4867', 'wmelo91']",4,"['kristinwustholz', 'mattvand9', None, 'dwcheek']",27,"['buffa2012', 'mobinek', 'dwcheek', 'bruno.carreel', 'ashley.fidler2', 'tamal_goswami', 'mdsuh', 'ppc.fep', 'hohotuha', 'mattvand9', 'cffortenberry', 'chernov32', 'gtgeberth', 'agthomson01', 'kristinwustholz', 'motaro_1992', 'gpconnor', 'hyoon01', 'nsbenday', 'oelysium', None, 'hemayhew4932', 'elbarto3', 'm_e_rd', 'pritis4867', 'wmelo91', 'kristen.frano']"
33,60,22,120,16,"['darrenchen', 'yong.b.lee.73', 'krkelly', 'muggly23', 'choquett', 'tschop2', 'thomasniu', 'yang160', 'magerko1', 'vtseng2', 'mynameisniu', 'ehdwnsdlz', 'perpetual89', 'jimmyrey6857', 'akim77', 'bryniar2']",5,"['deigan2', 'williamhn', 'a.kepkep', 'matamor1', 'nshafi3']",104,"['barber9', 'sean.barowsky', 'davidh258', 'e.f.297', 'khunaj', 'robertosuarez', 'morningzz', 'mcyang3', 'sainirachit060', 'yliu160', 'yliu124', 'yiumingh', 'jkim449', 'hlansing', 'twu15', 'bahearn2', 'fadarichev25', 'jyongc', 'isaacehoffman', 'xdjzero', 'mengcen.li.1', 'azamat.zhunussov', 'rmoser2', 'ksullivan1031', 'edgar369', 'dbrack29810', 'aerwin12', 'shinjani.na92', 'malkows1', 'pasrich2', 'xyan11', 'oscarto92', 'luka2', 'ehzheng2', 'sanchet2', 'cha10', 'hbai4', 'do0de', 'jwu10', 'hyebyekadal', 'seo32', 'sanghani27', 'mkjo2', 'user340', 'dschlai2', 'berto1', 'dsukrith', 'kevinnoh91', 'kris.smith.33671', 'weineran', 'shinjani7', 'lflemin2', 'calculuswhiz', 'jfeldmn2', 'tomic2', 'dariusz45', 'hewapar2', 'kwan7', 'akshay9415', 'grahl2', 'abhijeet.s92', 'rtarig2', 'meng.huang.3551', 'clee0793', 'stavanp', 'lelouch365789', 'akashkapadia1', 'ocanasherreradavid', 'chaojiliqilin', 'mdreis2', 'livsong1992', 'bojjave2', 'ben.li.33633', 'chiutim', 'awhsu2', 'nathan1', 'aepolicht', 'blix1337', 'salfano', 'roosterxie', 'yiren3', 'ashimiz2', 'jdille2', 'aramin2', 'defamationmatrix', 'huimingx24', 'victorboyu.li', 'yyang70', 'rexchen2', 'khc89', None, 'abrunnr2', 'travis.gham', 'mtf545', 'kdatta2', 'shingyien085062', 'doris263464790', 'dkt01', 'htycm', 'wie1', 'mlowney', 'kaizhi.qian', 'nagaban2', 'robel.arega.5']",125,"['e.f.297', 'khunaj', 'robertosuarez', 'yliu160', 'yliu124', 'twu15', 'fadarichev25', 'jyongc', 'isaacehoffman', 'ksullivan1031', 'perpetual89', 'edgar369', 'yong.b.lee.73', 'shinjani.na92', 'malkows1', 'tschop2', 'xyan11', 'luka2', 'ehzheng2', 'cha10', 'hbai4', 'do0de', 'jwu10', 'hyebyekadal', 'sanghani27', 'mkjo2', 'berto1', 'kris.smith.33671', 'shinjani7', 'lflemin2', 'calculuswhiz', 'jfeldmn2', 'hewapar2', 'kwan7', 'yang160', 'akshay9415', 'vtseng2', 'grahl2', 'abhijeet.s92', 'akashkapadia1', 'choquett', 'bojjave2', 'ben.li.33633', 'nshafi3', 'chiutim', 'awhsu2', 'nathan1', 'aepolicht', 'akim77', 'blix1337', 'roosterxie', 'yiren3', 'aramin2', 'victorboyu.li', 'rexchen2', 'khc89', 'kdatta2', 'doris263464790', 'dkt01', 'htycm', 'wie1', 'ehdwnsdlz', 'nagaban2', 'robel.arega.5', 'azamat.zhunussov', 'barber9', 'sean.barowsky', 'williamhn', 'davidh258', 'matamor1', 'morningzz', 'mcyang3', 'sainirachit060', 'yiumingh', 'jkim449', 'hlansing', 'bahearn2', 'krkelly', 'xdjzero', 'mengcen.li.1', 'rmoser2', 'jimmyrey6857', 'dbrack29810', 'aerwin12', 'pasrich2', 'oscarto92', 'magerko1', 'sanchet2', 'seo32', 'user340', 'dschlai2', 'dsukrith', 'kevinnoh91', 'weineran', 'tomic2', 'dariusz45', 'rtarig2', 'meng.huang.3551', 'clee0793', 'stavanp', 'lelouch365789', 'ocanasherreradavid', 'muggly23', 'chaojiliqilin', 'mdreis2', 'livsong1992', 'mynameisniu', 'bryniar2', 'deigan2', 'salfano', 'ashimiz2', 'jdille2', 'defamationmatrix', 'huimingx24', 'yyang70', None, 'abrunnr2', 'travis.gham', 'mtf545', 'darrenchen', 'shingyien085062', 'a.kepkep', 'thomasniu', 'mlowney', 'kaizhi.qian']"
33,61,22,47,2,"['muggly23', 'bryniar2']",19,"['williamhn', 'yang160', 'vtseng2', 'matamor1', 'krkelly', 'choquett', 'mynameisniu', 'nshafi3', 'perpetual89', 'jimmyrey6857', 'akim77', 'deigan2', 'yong.b.lee.73', 'tschop2', 'magerko1', 'darrenchen', 'a.kepkep', 'thomasniu', 'ehdwnsdlz']",45,"['blackrose', '4kevin.nicholas', 'erickuo2', 'kgrathb2', 'singh64', 'tai8', 'daisycao111', 'mgonnella41', 'khunaj', 'lyy1218', 'morningzz', 'joe', 'sturt1', 'yliu160', 'jer2000', 'akashkapadia1', 'rene.lamb.7', 'kim852', 'bhateja1', 'insung0224', 'adzhao2', 'offender', 'zzh915', 'laurny3', 'captcarisma', 'nquarto2', 'malkows1', 'moose', 'aiwade', 'mholth2', 'clay.chamberlain', 'stephan.erickson.9', 'victorboyu.li', None, 'seth.cazzell', 'xunyu2', 'jones.jonathan.david', 'acastillo93', 'kaizhi.qian', 'pierce20', 'ciclark2', 'wangrenhan', 'okwon6', 'lauschk2', 'robel.arega.5']",66,"['4kevin.nicholas', 'erickuo2', 'williamhn', 'singh64', 'khunaj', 'matamor1', 'morningzz', 'joe', 'sturt1', 'yliu160', 'jer2000', 'rene.lamb.7', 'kim852', 'krkelly', 'bhateja1', 'adzhao2', 'perpetual89', 'jimmyrey6857', 'laurny3', 'yong.b.lee.73', 'malkows1', 'tschop2', 'moose', 'magerko1', 'mholth2', 'clay.chamberlain', 'seth.cazzell', 'xunyu2', 'pierce20', 'ciclark2', 'wangrenhan', 'okwon6', 'lauschk2', 'blackrose', 'kgrathb2', 'yang160', 'tai8', 'vtseng2', 'daisycao111', 'mgonnella41', 'lyy1218', 'akashkapadia1', 'muggly23', 'choquett', 'insung0224', 'mynameisniu', 'nshafi3', 'offender', 'zzh915', 'akim77', 'bryniar2', 'deigan2', 'captcarisma', 'nquarto2', 'aiwade', 'stephan.erickson.9', 'victorboyu.li', None, 'darrenchen', 'jones.jonathan.david', 'a.kepkep', 'thomasniu', 'acastillo93', 'kaizhi.qian', 'ehdwnsdlz', 'robel.arega.5']"
33,69,22,26,14,"['darrenchen', 'yong.b.lee.73', 'krkelly', 'tschop2', 'thomasniu', 'yang160', 'magerko1', 'vtseng2', 'mynameisniu', 'ehdwnsdlz', 'nshafi3', 'perpetual89', 'jimmyrey6857', 'akim77']",7,"['deigan2', 'muggly23', 'choquett', 'williamhn', 'a.kepkep', 'matamor1', 'bryniar2']",12,"['abrunnr2', 'malkows1', 'lshi14', 'akshay9415', 'fouk2', 'shawkat', 'weineran', 'choquette', 'nathan1', None, 'yuzhong1', 'stavanp']",33,"['williamhn', 'yang160', 'akshay9415', 'vtseng2', 'matamor1', 'choquette', 'stavanp', 'krkelly', 'muggly23', 'choquett', 'mynameisniu', 'shawkat', 'nshafi3', 'perpetual89', 'nathan1', 'jimmyrey6857', 'akim77', 'bryniar2', 'deigan2', 'yong.b.lee.73', 'malkows1', 'tschop2', 'magerko1', 'fouk2', None, 'yuzhong1', 'abrunnr2', 'darrenchen', 'a.kepkep', 'thomasniu', 'lshi14', 'weineran', 'ehdwnsdlz']"
33,63,22,9,1,['deigan2'],20,"['williamhn', 'yang160', 'vtseng2', 'matamor1', 'krkelly', 'muggly23', 'choquett', 'mynameisniu', 'nshafi3', 'perpetual89', 'jimmyrey6857', 'akim77', 'bryniar2', 'yong.b.lee.73', 'tschop2', 'magerko1', 'darrenchen', 'a.kepkep', 'thomasniu', 'ehdwnsdlz']",8,"['hippocoon', 'tan.ozdogan', 'sim1313', 'luka2', 'joe', 'vherr2', None, 'freed2']",29,"['deigan2', 'yong.b.lee.73', 'williamhn', 'tschop2', 'yang160', 'magerko1', 'vtseng2', 'luka2', 'matamor1', 'joe', None, 'darrenchen', 'krkelly', 'muggly23', 'choquett', 'hippocoon', 'a.kepkep', 'tan.ozdogan', 'thomasniu', 'sim1313', 'mynameisniu', 'ehdwnsdlz', 'nshafi3', 'vherr2', 'freed2', 'perpetual89', 'jimmyrey6857', 'akim77', 'bryniar2']"
34,49,22,57,1,['harivasavan'],20,"['gabisola', 'wscavan', 'mibus', 'yyigittop', 'zjpahle', 'carmolanca', 'chinbat.chinba', 'ramupradip', 'cbowen', 'amar712', 'roseospiina', 'b4dan92', 'roozo', 'acyeba', 'stikkelmanj', 'jrr45', 'cgalbraith1989', 'rdrumm', 'mw2608', 'segova8']",56,"['jwlindblom', 'dplaas', 'manuprasad_07', 'homam2010', 'ajnabee_asia', 'rbrazones', 'bonecrusher', 'primigenia6190', 'mike1866', 'wrmitch1', 'abhinayaeaswari.aq', 'ckakizaw', 'jdarveaux', 'nickw3000', 'rsetiadj', 'satishbhadgaonkar', 'achakr16', 'gunangel', 'jkung', 'arvinkar', 'dtheohar', 'aj.gadd', 'sshudano', 'wrbailey', 'efekose', 'jseto1', 'stevenfox905', 'bri2101310', 'ahgardn1', 'akhtar.raaz', 'bjhale', 'andrewopitz', 'knjain', 'aaron12', 'fuccx2000', 'nrjacob1', 'malsham1', 'ashwinhari89', 'jczavala', 'jaspreety86', 'mngolka', 'jerrodac', 'hima.bindu.71', 'ppagadua', 'rpcoen', None, 's4uder656', 'loregram', 'jsciacca', 'loda1', 'bkortiz', 'namitgopal', 'mkanand89', 'atrems07', 'gauthamg1991', 'vfweber']",77,"['jwlindblom', 'dplaas', 'homam2010', 'gabisola', 'bonecrusher', 'primigenia6190', 'mike1866', 'abhinayaeaswari.aq', 'nickw3000', 'yyigittop', 'zjpahle', 'dtheohar', 'aj.gadd', 'sshudano', 'jseto1', 'ahgardn1', 'bjhale', 'cbowen', 'amar712', 'aaron12', 'fuccx2000', 'malsham1', 'ashwinhari89', 'harivasavan', 'mngolka', 'rpcoen', 's4uder656', 'loregram', 'stikkelmanj', 'loda1', 'mkanand89', 'gauthamg1991', 'mw2608', 'segova8', 'vfweber', 'manuprasad_07', 'ajnabee_asia', 'rbrazones', 'wrmitch1', 'ckakizaw', 'wscavan', 'jdarveaux', 'mibus', 'rsetiadj', 'satishbhadgaonkar', 'carmolanca', 'achakr16', 'gunangel', 'jkung', 'arvinkar', 'wrbailey', 'efekose', 'stevenfox905', 'bri2101310', 'akhtar.raaz', 'chinbat.chinba', 'ramupradip', 'andrewopitz', 'knjain', 'roseospiina', 'b4dan92', 'nrjacob1', 'jczavala', 'jaspreety86', 'jerrodac', 'hima.bindu.71', 'ppagadua', 'roozo', None, 'acyeba', 'jsciacca', 'bkortiz', 'namitgopal', 'atrems07', 'jrr45', 'cgalbraith1989', 'rdrumm']"
34,47,22,55,1,['segova8'],20,"['gabisola', 'wscavan', 'mibus', 'yyigittop', 'zjpahle', 'carmolanca', 'chinbat.chinba', 'ramupradip', 'cbowen', 'amar712', 'roseospiina', 'b4dan92', 'harivasavan', 'roozo', 'acyeba', 'stikkelmanj', 'jrr45', 'cgalbraith1989', 'rdrumm', 'mw2608']",54,"['cm.castrillon2028', 'juseus', 'perri1612', 'bastidascano', 'jcrincon29', 'camilom', 'esteban8888', 'careyes1787', 'crisebas', 'alexei.rodriguez.102', 'camilo_cacs', 'jdcasadiego', 'gf.giraldo239', 'angelamco', 'oi.torres135', 'sammael01', 'rafaelalfonsorodriguezc', 'juanpabloaa21', 'hugosin89', 'jp.gomez220593', 'deot95', 'andreijose', 'dcjorge10', 'da.pineros156', 'ga.riano949', 'clavix2', 'odariza1018', 'df.carrillo', 'ccbernal1133', 'crisiberny', 'juancamilosh', 'sara.segura.378', 'jpdiazq', 'fidel.serrano', 'antonioguzmanp', 'pc.combariza2656', 'sebas1946', 'ca.acosta977', 'ca.padilla', 'yessicaafr', 'natalialopezb', 'juanes_molano', None, 'felipesua', 'jck136', 'gabrielrojas', 'jdgarzon10', 'nicolas.morarestrepo', 'jf.velandia10', 'eliana2695', 'natscarrasco', 'n.avendano11', 'jaime1692', 'asikoo']",75,"['juseus', 'esteban8888', 'gabisola', 'crisebas', 'yyigittop', 'zjpahle', 'jdcasadiego', 'gf.giraldo239', 'angelamco', 'sammael01', 'rafaelalfonsorodriguezc', 'hugosin89', 'deot95', 'andreijose', 'dcjorge10', 'da.pineros156', 'ga.riano949', 'odariza1018', 'df.carrillo', 'ccbernal1133', 'cbowen', 'amar712', 'sara.segura.378', 'jpdiazq', 'antonioguzmanp', 'pc.combariza2656', 'sebas1946', 'ca.padilla', 'harivasavan', 'stikkelmanj', 'felipesua', 'natscarrasco', 'mw2608', 'segova8', 'cm.castrillon2028', 'perri1612', 'jcrincon29', 'bastidascano', 'camilom', 'careyes1787', 'wscavan', 'alexei.rodriguez.102', 'mibus', 'camilo_cacs', 'oi.torres135', 'carmolanca', 'juanpabloaa21', 'jp.gomez220593', 'clavix2', 'chinbat.chinba', 'ramupradip', 'crisiberny', 'juancamilosh', 'fidel.serrano', 'roseospiina', 'b4dan92', 'ca.acosta977', 'yessicaafr', 'natalialopezb', 'juanes_molano', 'roozo', None, 'acyeba', 'jck136', 'gabrielrojas', 'jdgarzon10', 'jrr45', 'nicolas.morarestrepo', 'cgalbraith1989', 'jf.velandia10', 'eliana2695', 'n.avendano11', 'rdrumm', 'jaime1692', 'asikoo']"
34,52,22,47,2,"['zjpahle', 'amar712']",19,"['gabisola', 'wscavan', 'mibus', 'yyigittop', 'carmolanca', 'chinbat.chinba', 'ramupradip', 'cbowen', 'roseospiina', 'b4dan92', 'harivasavan', 'roozo', 'acyeba', 'stikkelmanj', 'jrr45', 'cgalbraith1989', 'rdrumm', 'mw2608', 'segova8']",45,"['dariusz45', 'reddcube', 'rwang15', '4kevin.nicholas', 'rzuravel', 'vanillayyy', 'erickuo2', 'kgrathb2', 'singh64', 'tai8', 'khunaj', 'mgonnella41', 'lyy1218', 'wrmitch1', 'yliu160', 'kecheng333', 'rene.lamb.7', 'kim852', 'louipr', 'offender', 'brunngr2', 'blix1337', 'gczajk93', 'tianyi1992', 'aaron12', 'oscarto92', 'jaspreety86', 'clay.chamberlain', 'victorboyu.li', 'rexchen2', 'zwidder', None, 'seth.cazzell', 'okinawanspud', 'xunyu2', 'chewethy', 'agujja', 'jones.jonathan.david', 'lburns4', 'mlowney', 'mstyvejr', 'pierce20', 'laurny13.lt', 'okwon6', 'lflemin2']",66,"['reddcube', '4kevin.nicholas', 'rwang15', 'erickuo2', 'singh64', 'khunaj', 'gabisola', 'kecheng333', 'yliu160', 'yyigittop', 'zjpahle', 'rene.lamb.7', 'kim852', 'louipr', 'brunngr2', 'cbowen', 'amar712', 'gczajk93', 'aaron12', 'oscarto92', 'clay.chamberlain', 'harivasavan', 'zwidder', 'seth.cazzell', 'stikkelmanj', 'xunyu2', 'lburns4', 'mstyvejr', 'pierce20', 'laurny13.lt', 'mw2608', 'okwon6', 'segova8', 'lflemin2', 'dariusz45', 'rzuravel', 'vanillayyy', 'kgrathb2', 'tai8', 'mgonnella41', 'lyy1218', 'wrmitch1', 'wscavan', 'mibus', 'carmolanca', 'offender', 'chinbat.chinba', 'ramupradip', 'blix1337', 'tianyi1992', 'roseospiina', 'b4dan92', 'jaspreety86', 'victorboyu.li', 'rexchen2', 'roozo', None, 'acyeba', 'okinawanspud', 'chewethy', 'agujja', 'jones.jonathan.david', 'jrr45', 'cgalbraith1989', 'mlowney', 'rdrumm']"
35,171,21,122,9,"['joseguadalupeflores', 'czhan3', 'min16', 'twang33', 'kcykrishna', 'lpabon2', 'jiyuxiao', 'tommyrosengrant', 'sophiezhanguiuc']",11,"['alfgust', 'kimitri', 'shinjani', 'blackrose4804', 'lengfeng.liu', 'pallavi52', 'simmi', 'champton123', 'bwjohns2', 'lee117', 'bdickin2']",113,"['ppaul2', 'sean.barowsky', 'erickuo2', 'e.f.297', 'khunaj', 'robel.arega.5', 'mcyang3', 'sturt1', 'kecheng333', 'yliu124', 'jkim449', 'yiumingh', 'hlansing', 'kim852', 'twu15', 'bahearn2', 'fadarichev25', 'louipr', 'jyongc', 'isaacehoffman', 'dwass', 'xdjzero', 'adzhao2', 'mengcen.li.1', 'rmoser2', 'ksullivan1031', 'edgar369', 'dbrack29810', 'aerwin12', 'ghan4', 'husak2', 'gczajk93', 'chmilsk2', 'xyan11', 'oscarto92', 'luka2', 'clay.chamberlain', 'sanchet2', 'do0de', 'jwu10', 'hyebyekadal', 'sanghani27', 'mkjo2', 'user340', 'dschlai2', 'lburns4', 'kim565', 'dsukrith', 'kevinnoh91', 'agrabacki', 'kris.smith.33671', 'willxyz', 'pierce20', 'ciclark2', 'wangrenhan', 'lauschk2', 'calculuswhiz', 'jfeldmn2', 'tomic2', 'blackrose', 'hewapar2', 'kwan7', 'tangyuhan123', 'sanchit94gupta', 'abhijeet.s92', 'grahl2', 'tai8', 'alva2', 'houghto2', 'rtarig2', 'meng.huang.3551', 'tyler.mey', 'clee0793', 'lelouch365789', 'chaojiliqilin', 'mdreis2', 'djinkorea', 'insung0224', 'livsong1992', 'ben.li.33633', 'manfei.wu', 'chiutim', 'awhsu2', 'zzh915', 'aepolicht', 'anushir2', 'nquarto2', 'blix1337', 'juniorping928', 'salfano', 'roosterxie', 'yiren3', 'ashimiz2', 'hpowen6', 'aiwade', 'aramin2', 'defamationmatrix', 'huimingx24', 'victorboyu.li', 'stephan.erickson.9', 'rexchen2', 'yyang70', None, 'travis.gham', 'mtf545', 'shingyien085062', 'doris263464790', 'hongyangbai', 'dkt01', 'htycm', 'wie1', 'mlowney', 'azamat.zhunussov']",133,"['czhan3', 'ppaul2', 'erickuo2', 'e.f.297', 'khunaj', 'yliu124', 'kim852', 'twu15', 'fadarichev25', 'jyongc', 'isaacehoffman', 'dwass', 'ksullivan1031', 'edgar369', 'ghan4', 'husak2', 'gczajk93', 'chmilsk2', 'xyan11', 'luka2', 'lee117', 'do0de', 'jwu10', 'hyebyekadal', 'sanghani27', 'mkjo2', 'lburns4', 'agrabacki', 'kris.smith.33671', 'pierce20', 'ciclark2', 'calculuswhiz', 'sophiezhanguiuc', 'alfgust', 'jfeldmn2', 'hewapar2', 'kwan7', 'abhijeet.s92', 'grahl2', 'alva2', 'tyler.mey', 'insung0224', 'ben.li.33633', 'manfei.wu', 'chiutim', 'awhsu2', 'tommyrosengrant', 'zzh915', 'aepolicht', 'joseguadalupeflores', 'anushir2', 'nquarto2', 'blix1337', 'roosterxie', 'yiren3', 'hpowen6', 'aiwade', 'aramin2', 'victorboyu.li', 'rexchen2', 'doris263464790', 'dkt01', 'htycm', 'wie1', 'simmi', 'lpabon2', 'azamat.zhunussov', 'robel.arega.5', 'sean.barowsky', 'pallavi52', 'mcyang3', 'sturt1', 'kecheng333', 'jkim449', 'yiumingh', 'hlansing', 'bahearn2', 'louipr', 'blackrose4804', 'xdjzero', 'adzhao2', 'mengcen.li.1', 'rmoser2', 'dbrack29810', 'aerwin12', 'shinjani', 'lengfeng.liu', 'oscarto92', 'clay.chamberlain', 'sanchet2', 'user340', 'dschlai2', 'kim565', 'dsukrith', 'kevinnoh91', 'willxyz', 'wangrenhan', 'lauschk2', 'tomic2', 'blackrose', 'tangyuhan123', 'sanchit94gupta', 'tai8', 'champton123', 'houghto2', 'rtarig2', 'meng.huang.3551', 'clee0793', 'lelouch365789', 'kimitri', 'min16', 'chaojiliqilin', 'mdreis2', 'djinkorea', 'livsong1992', 'bwjohns2', 'bdickin2', 'juniorping928', 'salfano', 'ashimiz2', 'twang33', 'defamationmatrix', 'huimingx24', 'stephan.erickson.9', 'yyang70', 'jiyuxiao', None, 'travis.gham', 'mtf545', 'shingyien085062', 'hongyangbai', 'kcykrishna', 'mlowney']"
35,172,21,57,5,"['shinjani', 'blackrose4804', 'simmi', 'bwjohns2', 'bdickin2']",15,"['alfgust', 'joseguadalupeflores', 'kimitri', 'czhan3', 'min16', 'lengfeng.liu', 'pallavi52', 'twang33', 'kcykrishna', 'lpabon2', 'champton123', 'lee117', 'jiyuxiao', 'tommyrosengrant', 'sophiezhanguiuc']",52,"['blackrose', '4kevin.nicholas', 'rzuravel', 'reddcube', 'dariusz45', 'kgrathb2', 'tai8', 'daisycao111', 'mgonnella41', 'khunaj', 'lyy1218', 'robertosuarez', 'sturt1', 'kecheng333', 'yliu160', 'lelouch365789', 'rene.lamb.7', 'kim852', 'bhateja1', 'djinkorea', 'livsong1992', 'adzhao2', 'gromko1', 'kapadia3', 'captcarisma', 'alex.t.zhu', 'nquarto2', 'jake.mozack', 'moose', 'oscarto92', 'jdille2', 'mholth2', 'clay.chamberlain', 'victorboyu.li', 'cha10', None, 'seth.cazzell', 'okinawanspud', 'xunyu2', 'travis.gham', 'chewethy', 'jones.jonathan.david', 'lburns4', 'acastillo93', 'mlowney', 'kaizhi.qian', 'kris.smith.33671', 'pierce20', 'ciclark2', 'wangrenhan', 'nagaban2', 'lauschk2']",72,"['4kevin.nicholas', 'reddcube', 'czhan3', 'pallavi52', 'khunaj', 'robertosuarez', 'sturt1', 'yliu160', 'kecheng333', 'rene.lamb.7', 'kim852', 'blackrose4804', 'bhateja1', 'adzhao2', 'gromko1', 'kapadia3', 'alex.t.zhu', 'shinjani', 'lengfeng.liu', 'moose', 'oscarto92', 'mholth2', 'clay.chamberlain', 'lee117', 'cha10', 'seth.cazzell', 'xunyu2', 'lburns4', 'kris.smith.33671', 'pierce20', 'ciclark2', 'wangrenhan', 'lauschk2', 'sophiezhanguiuc', 'alfgust', 'blackrose', 'rzuravel', 'dariusz45', 'kgrathb2', 'tai8', 'daisycao111', 'champton123', 'mgonnella41', 'lyy1218', 'lelouch365789', 'kimitri', 'min16', 'djinkorea', 'livsong1992', 'bwjohns2', 'tommyrosengrant', 'bdickin2', 'captcarisma', 'joseguadalupeflores', 'nquarto2', 'jake.mozack', 'twang33', 'jdille2', 'victorboyu.li', 'jiyuxiao', None, 'okinawanspud', 'travis.gham', 'chewethy', 'jones.jonathan.david', 'acastillo93', 'kcykrishna', 'simmi', 'lpabon2', 'mlowney', 'kaizhi.qian', 'nagaban2']"
35,174,21,11,2,"['lee117', 'kimitri']",18,"['alfgust', 'joseguadalupeflores', 'shinjani', 'czhan3', 'min16', 'blackrose4804', 'lengfeng.liu', 'pallavi52', 'twang33', 'sophiezhanguiuc', 'kcykrishna', 'simmi', 'lpabon2', 'champton123', 'bwjohns2', 'jiyuxiao', 'tommyrosengrant', 'bdickin2']",9,"['husak2', 's.goldfinger', 'milian2', 'robert59', 'mlowney', 'manfei.wu', 'iamselewa', 'zachbursich', None]",29,"['alfgust', 'joseguadalupeflores', 'husak2', 's.goldfinger', 'shinjani', 'czhan3', 'lengfeng.liu', 'pallavi52', 'twang33', 'sophiezhanguiuc', 'champton123', 'lee117', 'jiyuxiao', None, 'kimitri', 'min16', 'blackrose4804', 'milian2', 'zachbursich', 'robert59', 'kcykrishna', 'simmi', 'lpabon2', 'bwjohns2', 'mlowney', 'manfei.wu', 'iamselewa', 'tommyrosengrant', 'bdickin2']"
35,173,21,10,1,['alfgust'],19,"['czhan3', 'pallavi52', 'champton123', 'kimitri', 'min16', 'blackrose4804', 'bwjohns2', 'tommyrosengrant', 'bdickin2', 'joseguadalupeflores', 'shinjani', 'lengfeng.liu', 'twang33', 'lee117', 'jiyuxiao', 'kcykrishna', 'simmi', 'lpabon2', 'sophiezhanguiuc']",9,"['barber9', 'jake.mozack', 'jyongc', 'awesome.young.choi', 'kevinnoh91', 'ehzheng2', 'clee0793', None, 'lflemin2']",29,"['alfgust', 'barber9', 'joseguadalupeflores', 'jake.mozack', 'shinjani', 'czhan3', 'lengfeng.liu', 'pallavi52', 'twang33', 'sophiezhanguiuc', 'champton123', 'ehzheng2', 'lee117', 'jiyuxiao', 'clee0793', None, 'kimitri', 'min16', 'blackrose4804', 'jyongc', 'awesome.young.choi', 'kevinnoh91', 'kcykrishna', 'simmi', 'lpabon2', 'bwjohns2', 'tommyrosengrant', 'lflemin2', 'bdickin2']"
35,177,21,8,1,['min16'],19,"['alfgust', 'czhan3', 'pallavi52', 'champton123', 'kimitri', 'blackrose4804', 'bwjohns2', 'tommyrosengrant', 'bdickin2', 'joseguadalupeflores', 'shinjani', 'lengfeng.liu', 'twang33', 'lee117', 'jiyuxiao', 'kcykrishna', 'simmi', 'lpabon2', 'sophiezhanguiuc']",7,"['doris263464790', 'lelouch365789', 'roosterxie', 'ciclark2', 'yyang70', None, 'azamat.zhunussov']",27,"['alfgust', 'joseguadalupeflores', 'shinjani', 'czhan3', 'lengfeng.liu', 'pallavi52', 'roosterxie', 'twang33', 'sophiezhanguiuc', 'champton123', 'lee117', 'jiyuxiao', 'yyang70', None, 'lelouch365789', 'kimitri', 'min16', 'blackrose4804', 'doris263464790', 'kcykrishna', 'simmi', 'lpabon2', 'bwjohns2', 'azamat.zhunussov', 'ciclark2', 'tommyrosengrant', 'bdickin2']"
36,67,21,13,3,"['davalenciah', 'chang.yiyang.letusrock', 'younghoon.kim85']",17,"['kylee5042', 'petergburke', 'jihoji9527', 'kt7888', 'rshajila', 'raul19900829', 'jum1008', 'kaitken', 'zhan1476', 'liu1243', 'ilogvyn', 'bwdeng.thu', 'plabita', 'wzhuoxian', 'divyaprajendran23', 'jrholmes', 'ivan.hung.982']",10,"['uapp', 'rafatulfaria', 'ovi_1000', 'yang729', 'mohammed.maalej', 'supriyomj', 'dbjanes', 'meichin', None, 'min.teng.3']",30,"['jihoji9527', 'kt7888', 'uapp', 'meichin', 'ovi_1000', 'rshajila', 'yang729', 'kaitken', 'davalenciah', 'liu1243', 'chang.yiyang.letusrock', 'petergburke', 'ivan.hung.982', 'wzhuoxian', 'divyaprajendran23', None, 'jrholmes', 'min.teng.3', 'kylee5042', 'younghoon.kim85', 'rafatulfaria', 'raul19900829', 'mohammed.maalej', 'zhan1476', 'ilogvyn', 'supriyomj', 'dbjanes', 'bwdeng.thu', 'plabita', 'jum1008']"
37,135,21,29,20,"['afandy89.pro', 'samar.moustafa791', 'romany', 'imbaby0ahmed', 'mohammad.s.harraz', 'mabdalshakour', 'eng_midi.2009', 'rasha.thr', 'sherif_omar', 'maha_beheiry', 'mohmmad_mahusin', 'ramy.ahmed.ali', 'eng.mahmoudayman', 'ecija', 'ahmed.badawy2020', 'mohammed.eladawy', 'ayassin', 'm.mohsen', 'zema_gouchy', 'ahmed.amer']",0,[],9,"['modysather', 'mohamedradwan', 'omar.bakry.eece', 'elwaraqy89', 'mm4', 'ehabbelal', 'eng.mai', None, 'a.hesham']",29,"['afandy89.pro', 'samar.moustafa791', 'omar.bakry.eece', 'romany', 'imbaby0ahmed', 'mohammad.s.harraz', 'mabdalshakour', 'eng_midi.2009', 'ehabbelal', 'rasha.thr', 'sherif_omar', 'maha_beheiry', 'mohmmad_mahusin', 'mm4', 'ramy.ahmed.ali', 'a.hesham', 'eng.mahmoudayman', 'ecija', 'ahmed.badawy2020', 'mohammed.eladawy', 'ayassin', 'eng.mai', None, 'modysather', 'm.mohsen', 'mohamedradwan', 'elwaraqy89', 'zema_gouchy', 'ahmed.amer']"
37,148,21,25,19,"['afandy89.pro', 'samar.moustafa791', 'romany', 'imbaby0ahmed', 'mohammad.s.harraz', 'mabdalshakour', 'eng_midi.2009', 'rasha.thr', 'sherif_omar', 'maha_beheiry', 'mohmmad_mahusin', 'ramy.ahmed.ali', 'eng.mahmoudayman', 'ecija', 'ahmed.badawy2020', 'mohammed.eladawy', 'ayassin', 'm.mohsen', 'zema_gouchy']",1,['ahmed.amer'],6,"['modysather', 'mohamedradwan', 'eng_sarah_youssef', 'mm4', 'ehabbelal', None]",26,"['afandy89.pro', 'samar.moustafa791', 'romany', 'imbaby0ahmed', 'mohammad.s.harraz', 'mabdalshakour', 'eng_midi.2009', 'ehabbelal', 'rasha.thr', 'sherif_omar', 'maha_beheiry', 'mohmmad_mahusin', 'eng_sarah_youssef', 'mm4', 'ramy.ahmed.ali', 'eng.mahmoudayman', 'ecija', 'ahmed.badawy2020', 'mohammed.eladawy', 'ayassin', None, 'modysather', 'm.mohsen', 'mohamedradwan', 'zema_gouchy', 'ahmed.amer']"
39,22,21,20,14,"['kiranbobbala9', 'delovery', 'manandwa', 'daidaista', 'pkgandhi', 'amrit1989', 'apurva.gangan', 'shrikant251990', 'mohammed.samad.7', 'laxmaihgarisantosh', 'rimasalve25', 'cyz2727327', 'rky2003', 'ankitrakesh']",6,"['samad.mohammed.98', 'aysan.abedinpour', 'samanth691', 'ppouchol', 'apurva.vadnere', 'ashik.reddy1']",6,"['sudhirshrestha', 'vbsk2408', 'namratha', 'shahprianka45.ps', 'jbellengr', None]",26,"['kiranbobbala9', 'manandwa', 'delovery', 'samad.mohammed.98', 'aysan.abedinpour', 'amrit1989', 'apurva.gangan', 'shrikant251990', 'mohammed.samad.7', 'jbellengr', 'rky2003', 'ankitrakesh', 'ashik.reddy1', 'ppouchol', 'pkgandhi', 'samanth691', 'rimasalve25', 'shahprianka45.ps', 'daidaista', 'vbsk2408', 'namratha', None, 'apurva.vadnere', 'laxmaihgarisantosh', 'cyz2727327', 'sudhirshrestha']"
39,88,21,19,14,"['kiranbobbala9', 'manandwa', 'delovery', 'daidaista', 'samad.mohammed.98', 'pkgandhi', 'amrit1989', 'apurva.gangan', 'shrikant251990', 'mohammed.samad.7', 'laxmaihgarisantosh', 'cyz2727327', 'rky2003', 'ankitrakesh']",6,"['aysan.abedinpour', 'ppouchol', 'samanth691', 'apurva.vadnere', 'rimasalve25', 'ashik.reddy1']",5,"['nishbhim', 'brpearl', 'vinay.chow', None, 'rpromyoo']",25,"['kiranbobbala9', 'manandwa', 'delovery', 'samad.mohammed.98', 'aysan.abedinpour', 'amrit1989', 'apurva.gangan', 'shrikant251990', 'mohammed.samad.7', 'vinay.chow', 'rky2003', 'ankitrakesh', 'ashik.reddy1', 'ppouchol', 'pkgandhi', 'samanth691', 'rimasalve25', 'daidaista', 'nishbhim', 'brpearl', None, 'rpromyoo', 'apurva.vadnere', 'laxmaihgarisantosh', 'cyz2727327']"
39,89,21,17,8,"['kiranbobbala9', 'manandwa', 'daidaista', 'aysan.abedinpour', 'pkgandhi', 'mohammed.samad.7', 'ankitrakesh', 'ashik.reddy1']",12,"['delovery', 'samad.mohammed.98', 'ppouchol', 'samanth691', 'amrit1989', 'apurva.gangan', 'shrikant251990', 'apurva.vadnere', 'rimasalve25', 'laxmaihgarisantosh', 'rky2003', 'cyz2727327']",9,"['amitech84', 'pdshah', 'nishanth.bhimireddy', 'raveen', None, 'vinay.chow', 'santoshlaxmaihgari', 'divya44', 'rpromyoo']",29,"['kiranbobbala9', 'manandwa', 'delovery', 'daidaista', 'samad.mohammed.98', 'aysan.abedinpour', 'raveen', 'amrit1989', 'apurva.gangan', 'shrikant251990', 'mohammed.samad.7', 'vinay.chow', 'rky2003', 'ankitrakesh', None, 'ashik.reddy1', 'rpromyoo', 'amitech84', 'pdshah', 'ppouchol', 'nishanth.bhimireddy', 'pkgandhi', 'samanth691', 'apurva.vadnere', 'rimasalve25', 'laxmaihgarisantosh', 'cyz2727327', 'santoshlaxmaihgari', 'divya44']"
39,23,21,6,2,"['amrit1989', 'ashik.reddy1']",18,"['kiranbobbala9', 'manandwa', 'delovery', 'daidaista', 'samad.mohammed.98', 'aysan.abedinpour', 'ppouchol', 'pkgandhi', 'samanth691', 'apurva.gangan', 'shrikant251990', 'mohammed.samad.7', 'apurva.vadnere', 'rimasalve25', 'laxmaihgarisantosh', 'cyz2727327', 'rky2003', 'ankitrakesh']",4,"['nandgaonkar.amruta', 'bhargavi4a7', None, 'vinsurya']",24,"['kiranbobbala9', 'nandgaonkar.amruta', 'manandwa', 'delovery', 'daidaista', 'bhargavi4a7', 'samad.mohammed.98', 'aysan.abedinpour', 'amrit1989', 'apurva.gangan', 'shrikant251990', 'mohammed.samad.7', 'rky2003', 'ankitrakesh', None, 'ashik.reddy1', 'vinsurya', 'ppouchol', 'pkgandhi', 'samanth691', 'apurva.vadnere', 'rimasalve25', 'laxmaihgarisantosh', 'cyz2727327']"
40,125,20,32,2,"['agrover', 'ljansen']",17,"['cfuja', 'jmk15151', 'adriannew92', 'mirandacawley', 'ewilson', 'joe.lee.52643', 'qinpanzee', 'kbacke', 'kdewalt', 'jprince', 'tscheide', 'apatel0705', 'ksung115', 'rkuhn', 'dmckinney', 'hbm', 'nathannee2015']",30,"['mdesanker', 'caldwell13', 'bhchoi', 'ckprice', 'weiwei.wang.222', 'les149', 'mdogangun', 'jiyunh', 'erobinson1', 'amcgeachy', 'shadout', 'bcarlson', 'hutsonw', 'borazine', 'mkokish', 'brandnew677', 'saberg', 'alexlou16', 'cgunthardt', 'bphelan61', 'hchase2', 'mazstalzer', 'dolevr', 'elatch820', None, 'majedfataftahnu', 'staceychin', 'dkf1100', 'dxt910922', 'mvega0813']",49,"['mdesanker', 'mirandacawley', 'caldwell13', 'joe.lee.52643', 'kdewalt', 'mvega0813', 'ksung115', 'rkuhn', 'bhchoi', 'ckprice', 'weiwei.wang.222', 'cfuja', 'agrover', 'ewilson', 'les149', 'mdogangun', 'jiyunh', 'erobinson1', 'amcgeachy', 'shadout', 'bcarlson', 'borazine', 'hutsonw', 'mkokish', 'brandnew677', 'jmk15151', 'saberg', 'adriannew92', 'alexlou16', 'qinpanzee', 'cgunthardt', 'bphelan61', 'hchase2', 'apatel0705', 'tscheide', 'kbacke', 'mazstalzer', 'dolevr', 'elatch820', None, 'hbm', 'nathannee2015', 'majedfataftahnu', 'staceychin', 'dkf1100', 'ljansen', 'jprince', 'dxt910922', 'dmckinney']"
40,124,20,23,18,"['cfuja', 'agrover', 'jmk15151', 'adriannew92', 'mirandacawley', 'ewilson', 'joe.lee.52643', 'qinpanzee', 'ljansen', 'kbacke', 'kdewalt', 'jprince', 'apatel0705', 'tscheide', 'rkuhn', 'dmckinney', 'hbm', 'nathannee2015']",1,['ksung115'],5,"['daharpour', 'ysandoval', None, 'jhodges13', 'pdunsford']",24,"['daharpour', 'mirandacawley', 'jhodges13', 'joe.lee.52643', 'kdewalt', 'ksung115', 'rkuhn', 'pdunsford', 'cfuja', 'agrover', 'ewilson', 'jmk15151', 'adriannew92', 'ysandoval', 'qinpanzee', 'apatel0705', 'tscheide', 'kbacke', None, 'hbm', 'nathannee2015', 'ljansen', 'jprince', 'dmckinney']"
40,40,20,22,19,"['mirandacawley', 'joe.lee.52643', 'kdewalt', 'ksung115', 'rkuhn', 'cfuja', 'agrover', 'ewilson', 'jmk15151', 'adriannew92', 'qinpanzee', 'apatel0705', 'tscheide', 'kbacke', 'hbm', 'nathannee2015', 'ljansen', 'jprince', 'dmckinney']",0,[],3,"['ericfmanley', 'tejerina', None]",22,"['mirandacawley', 'joe.lee.52643', 'kdewalt', 'ksung115', 'rkuhn', 'cfuja', 'agrover', 'ewilson', 'jmk15151', 'adriannew92', 'qinpanzee', 'ericfmanley', 'apatel0705', 'tscheide', 'kbacke', None, 'tejerina', 'hbm', 'nathannee2015', 'ljansen', 'jprince', 'dmckinney']"
41,106,20,20,18,"['chinwad28', 'rahul.jain991', 'anukoolrajoriya', 'vijaysinhbonge', 'manish.waghmare.779', 'jayantsakhare5', 'vickymisal143', 'ahirevickky', 'saurabhsurve5991', 'priyankad083', 'hemson143always', 'mayurmalode8', 'vipin.gawai', 'smriti.8437', 'dipakharerama', 'saurabhmuthiyan', 'mayurphase', 'prati.h9091']",1,['jay55882000'],2,"['somanivinod1000', None]",21,"['manish.waghmare.779', 'jayantsakhare5', 'mayurmalode8', 'saurabhmuthiyan', 'prati.h9091', 'anukoolrajoriya', 'vijaysinhbonge', 'vickymisal143', 'vipin.gawai', 'jay55882000', 'mayurphase', 'chinwad28', 'rahul.jain991', 'ahirevickky', 'dipakharerama', 'priyankad083', None, 'somanivinod1000', 'saurabhsurve5991', 'hemson143always', 'smriti.8437']"
43,170,20,35,18,"['mikew2014', 'mkh2145', 'luc.davidson1', 'mnn2108', 'thejollyflyingman', 'supanath.j', 'andresmedina12', 'mocotransit', 'lillianchik1993', 'soccerjer64', 'sv2340', 'mh3169', 'jpsety', 'rienzigokea', 'daniel.rosenthal13', 'mam2443', 'iamwednesdaymusic', 'tempuser001']",1,['jg3439'],17,"['zhenghao', 'aca2161', 'hkm2113', 'alex.gopinathan.1', 'tipsy', None, 'ty2288', 'nanni21c', 'esg2146', 'lekez2005', 'bwp2111', 'jonathanguzman', 'olivier.jin', '3369sl', 'minyonghan3169', 'emfan457', 'aznrunner124']",36,"['mikew2014', 'emfan457', 'soccerjer64', 'nanni21c', 'bwp2111', 'jonathanguzman', 'olivier.jin', 'mam2443', 'zhenghao', 'mkh2145', 'luc.davidson1', 'mnn2108', 'aca2161', 'hkm2113', 'andresmedina12', 'alex.gopinathan.1', 'esg2146', '3369sl', 'iamwednesdaymusic', 'aznrunner124', 'jg3439', 'mocotransit', 'sv2340', 'minyonghan3169', 'daniel.rosenthal13', None, 'thejollyflyingman', 'supanath.j', 'tipsy', 'lillianchik1993', 'ty2288', 'lekez2005', 'mh3169', 'jpsety', 'rienzigokea', 'tempuser001']"
43,142,20,32,19,"['mikew2014', 'soccerjer64', 'mam2443', 'mkh2145', 'luc.davidson1', 'mnn2108', 'andresmedina12', 'iamwednesdaymusic', 'jg3439', 'mocotransit', 'sv2340', 'daniel.rosenthal13', 'thejollyflyingman', 'supanath.j', 'lillianchik1993', 'mh3169', 'jpsety', 'rienzigokea', 'tempuser001']",0,[],13,"['zhenghao', 'aca2161', 'dogking', 'fabiocarta83', 'joseanb', 'alex.gopinathan.1', 'raquelina', 'lekez2005', 'bwp2111', 'hilarykm', 'ab3914', None, 'aznrunner124']",32,"['mikew2014', 'dogking', 'soccerjer64', 'bwp2111', 'mam2443', 'zhenghao', 'mkh2145', 'luc.davidson1', 'mnn2108', 'aca2161', 'andresmedina12', 'joseanb', 'alex.gopinathan.1', 'raquelina', 'ab3914', 'iamwednesdaymusic', 'aznrunner124', 'jg3439', 'mocotransit', 'sv2340', 'hilarykm', 'daniel.rosenthal13', None, 'thejollyflyingman', 'supanath.j', 'fabiocarta83', 'lillianchik1993', 'lekez2005', 'mh3169', 'jpsety', 'rienzigokea', 'tempuser001']"
43,98,20,31,19,"['mikew2014', 'soccerjer64', 'mam2443', 'mkh2145', 'luc.davidson1', 'mnn2108', 'andresmedina12', 'iamwednesdaymusic', 'jg3439', 'mocotransit', 'sv2340', 'daniel.rosenthal13', 'thejollyflyingman', 'supanath.j', 'lillianchik1993', 'mh3169', 'jpsety', 'rienzigokea', 'tempuser001']",0,[],12,"['zhenghao', 'johnkym', 'aca2161', None, 'nanni21c', 'lekez2005', 'bwp2111', 'jamody', 'hilarykm', 'emfan457', 'aznrunner124', 'elenarch2015']",31,"['mikew2014', 'emfan457', 'soccerjer64', 'nanni21c', 'bwp2111', 'mam2443', 'elenarch2015', 'zhenghao', 'mkh2145', 'luc.davidson1', 'mnn2108', 'aca2161', 'andresmedina12', 'johnkym', 'iamwednesdaymusic', 'aznrunner124', 'jg3439', 'mocotransit', 'sv2340', 'jamody', 'hilarykm', 'daniel.rosenthal13', None, 'thejollyflyingman', 'supanath.j', 'lillianchik1993', 'lekez2005', 'mh3169', 'jpsety', 'rienzigokea', 'tempuser001']"
43,110,20,30,17,"['mikew2014', 'mkh2145', 'luc.davidson1', 'mnn2108', 'thejollyflyingman', 'supanath.j', 'andresmedina12', 'mocotransit', 'lillianchik1993', 'tempuser001', 'sv2340', 'mh3169', 'jpsety', 'daniel.rosenthal13', 'rienzigokea', 'iamwednesdaymusic', 'jg3439']",2,"['soccerjer64', 'mam2443']",13,"['aca2161', 'raquelina', None, 'nanni21c', 'cancer20', 'lekez2005', 'bwp2111', 'tc2566', 'edmejia93', 'hilarykm', 'sl3369', 'johnkym', 'aznrunner124']",32,"['mikew2014', 'soccerjer64', 'nanni21c', 'bwp2111', 'mam2443', 'mkh2145', 'luc.davidson1', 'mnn2108', 'aca2161', 'andresmedina12', 'raquelina', 'edmejia93', 'sl3369', 'johnkym', 'iamwednesdaymusic', 'aznrunner124', 'jg3439', 'mocotransit', 'sv2340', 'hilarykm', 'daniel.rosenthal13', None, 'thejollyflyingman', 'supanath.j', 'lillianchik1993', 'cancer20', 'lekez2005', 'tc2566', 'mh3169', 'jpsety', 'rienzigokea', 'tempuser001']"
43,33,20,22,15,"['mkh2145', 'luc.davidson1', 'mnn2108', 'thejollyflyingman', 'supanath.j', 'tempuser001', 'mocotransit', 'lillianchik1993', 'sv2340', 'mh3169', 'jpsety', 'rienzigokea', 'daniel.rosenthal13', 'mam2443', 'jg3439']",4,"['mikew2014', 'soccerjer64', 'iamwednesdaymusic', 'andresmedina12']",7,"['aca2161', 'lekez2005', 'bwp2111', 'hilarykm', 'sl3369', None, 'elenarch2015']",26,"['mikew2014', 'soccerjer64', 'bwp2111', 'mam2443', 'elenarch2015', 'mkh2145', 'luc.davidson1', 'mnn2108', 'aca2161', 'andresmedina12', 'sl3369', 'iamwednesdaymusic', 'jg3439', 'mocotransit', 'sv2340', 'hilarykm', 'daniel.rosenthal13', None, 'thejollyflyingman', 'supanath.j', 'lillianchik1993', 'lekez2005', 'mh3169', 'jpsety', 'rienzigokea', 'tempuser001']"
43,149,20,18,13,"['mnn2108', 'supanath.j', 'andresmedina12', 'mocotransit', 'lillianchik1993', 'soccerjer64', 'sv2340', 'mh3169', 'jpsety', 'rienzigokea', 'daniel.rosenthal13', 'mam2443', 'tempuser001']",6,"['mikew2014', 'mkh2145', 'luc.davidson1', 'thejollyflyingman', 'iamwednesdaymusic', 'jg3439']",5,"['nanni21c', 'lekez2005', 'bwp2111', None, 'elenarch2015']",24,"['mikew2014', 'tempuser001', 'mocotransit', 'soccerjer64', 'nanni21c', 'sv2340', 'bwp2111', 'daniel.rosenthal13', 'mam2443', None, 'elenarch2015', 'mkh2145', 'luc.davidson1', 'mnn2108', 'thejollyflyingman', 'supanath.j', 'andresmedina12', 'lillianchik1993', 'lekez2005', 'mh3169', 'jpsety', 'rienzigokea', 'iamwednesdaymusic', 'jg3439']"
43,175,20,7,3,"['lillianchik1993', 'daniel.rosenthal13', 'luc.davidson1']",16,"['mikew2014', 'mkh2145', 'mnn2108', 'thejollyflyingman', 'supanath.j', 'tempuser001', 'andresmedina12', 'mocotransit', 'soccerjer64', 'sv2340', 'mh3169', 'jpsety', 'rienzigokea', 'mam2443', 'iamwednesdaymusic', 'jg3439']",4,"['bwp2111', 'joseanb', None, 'nanni21c']",23,"['mikew2014', 'tempuser001', 'mocotransit', 'soccerjer64', 'nanni21c', 'sv2340', 'bwp2111', 'daniel.rosenthal13', 'mam2443', None, 'mkh2145', 'luc.davidson1', 'mnn2108', 'thejollyflyingman', 'supanath.j', 'andresmedina12', 'lillianchik1993', 'joseanb', 'mh3169', 'jpsety', 'rienzigokea', 'iamwednesdaymusic', 'jg3439']"
44,141,19,51,18,"['eaguilera5', 'recarmonab', 'zamarripa', 'dsuarez2', 'rramonncardona', 'jabernal2', 'dasmith4', 'aaguilar10', 'ragonzalez08', '25bambi', 'npmart15', 'ztjackson', 'gilbert2629', 'spinedo', 'jmenchaca', 'hcamarena182', 'emorquecho', 'aich0']",0,[],33,"['carlos4986', 'oeacuna', 'jjsegovia', 'jpallen101', 'jrdelgadillo', 'cruzb93', 'srberge', 'lluevano4', 'rickyrick', 'mbarba3', 'zubin.assadian', 'fattycorpsl', 'jles9', 'dijimenez', 'markchavez', 'jeorozco', 'lrzuniga2', 'kemontano', 'dawidy', 'stella', 'lvergara06', 'vycastaneda3', 'hugo10acosta', 'jdmartinez7', None, 'miners915tx', 'garcia7701', 'masuarez2', 'lcsteinmetz', 'iocondelgado', 'discovermolly', 'ariadnamendoza', 'yyamane']",51,"['eaguilera5', 'carlos4986', 'oeacuna', 'zamarripa', 'ragonzalez08', 'jrdelgadillo', 'srberge', 'lluevano4', 'zubin.assadian', 'gilbert2629', 'jles9', 'spinedo', 'markchavez', 'jeorozco', 'aich0', 'dasmith4', 'stella', 'hcamarena182', 'jdmartinez7', 'garcia7701', 'aaguilar10', 'iocondelgado', 'npmart15', 'ariadnamendoza', 'jjsegovia', 'jabernal2', 'jpallen101', 'cruzb93', 'recarmonab', 'rramonncardona', 'rickyrick', 'mbarba3', 'fattycorpsl', 'dijimenez', 'lrzuniga2', 'kemontano', 'dawidy', '25bambi', 'ztjackson', 'lvergara06', 'vycastaneda3', 'hugo10acosta', None, 'emorquecho', 'miners915tx', 'masuarez2', 'dsuarez2', 'lcsteinmetz', 'discovermolly', 'jmenchaca', 'yyamane']"
44,143,19,47,18,"['eaguilera5', 'recarmonab', 'zamarripa', 'dsuarez2', 'rramonncardona', 'jabernal2', 'dasmith4', 'aaguilar10', 'ragonzalez08', '25bambi', 'npmart15', 'ztjackson', 'gilbert2629', 'spinedo', 'jmenchaca', 'hcamarena182', 'emorquecho', 'aich0']",0,[],29,"['carlos4986', 'jjsegovia', 'jpallen101', 'jrdelgadillo', 'cruzb93', 'srberge', 'rickyrick', 'mbarba3', 'zubin.assadian', 'saguerrero3', 'fattycorpsl', 'dijimenez', 'markchavez', 'jeorozco', 'lrzuniga2', 'kemontano', 'dawidy', 'stella', 'lvergara06', 'vycastaneda3', 'hugo10acosta', None, 'miners915tx', 'garcia7701', 'masuarez2', 'lcsteinmetz', 'ariadnamendoza', 'caesnayra', 'yyamane']",47,"['eaguilera5', 'carlos4986', 'zamarripa', 'ragonzalez08', 'jrdelgadillo', 'srberge', 'zubin.assadian', 'gilbert2629', 'spinedo', 'markchavez', 'jeorozco', 'aich0', 'dasmith4', 'stella', 'hcamarena182', 'garcia7701', 'aaguilar10', 'npmart15', 'ariadnamendoza', 'caesnayra', 'jjsegovia', 'jabernal2', 'jpallen101', 'cruzb93', 'recarmonab', 'rramonncardona', 'rickyrick', 'mbarba3', 'fattycorpsl', 'saguerrero3', 'dijimenez', 'lrzuniga2', 'kemontano', 'dawidy', '25bambi', 'ztjackson', 'lvergara06', 'vycastaneda3', 'hugo10acosta', None, 'emorquecho', 'miners915tx', 'masuarez2', 'dsuarez2', 'lcsteinmetz', 'jmenchaca', 'yyamane']"
44,158,19,39,17,"['eaguilera5', 'zamarripa', 'dsuarez2', 'rramonncardona', 'jabernal2', 'dasmith4', 'aaguilar10', 'ragonzalez08', '25bambi', 'npmart15', 'ztjackson', 'gilbert2629', 'spinedo', 'jmenchaca', 'hcamarena182', 'emorquecho', 'aich0']",1,['recarmonab'],22,"['uesanchez92', 'jmench12', 'jpallen101', 'jrdelgadillo', 'cruzb93', 'srberge', 'lluevano4', 'mbarba3', 'fattycorpsl', 'markchavez', 'lrzuniga2', 'dawidy', 'stella', 'lvergara06', 'vycastaneda3', 'hugo10acosta', None, 'garcia7701', 'iocondelgado', 'discovermolly', 'ariadnamendoza', 'yyamane']",40,"['eaguilera5', 'zamarripa', 'uesanchez92', 'jmench12', 'jabernal2', 'ragonzalez08', 'jpallen101', 'jrdelgadillo', 'cruzb93', 'srberge', 'recarmonab', 'lluevano4', 'rramonncardona', 'mbarba3', 'fattycorpsl', 'gilbert2629', 'spinedo', 'markchavez', 'aich0', 'lrzuniga2', 'dasmith4', 'dawidy', '25bambi', 'ztjackson', 'stella', 'lvergara06', 'hcamarena182', 'hugo10acosta', 'vycastaneda3', None, 'emorquecho', 'garcia7701', 'dsuarez2', 'aaguilar10', 'iocondelgado', 'discovermolly', 'npmart15', 'jmenchaca', 'ariadnamendoza', 'yyamane']"
44,165,19,34,18,"['eaguilera5', 'recarmonab', 'zamarripa', 'dsuarez2', 'rramonncardona', 'jabernal2', 'dasmith4', 'aaguilar10', 'ragonzalez08', '25bambi', 'npmart15', 'ztjackson', 'gilbert2629', 'spinedo', 'jmenchaca', 'hcamarena182', 'emorquecho', 'aich0']",0,[],16,"['aaalao', 'vycastaneda3', 'lrzuniga2', 'uesanchez92', 'garcia7701', 'dawidy', 'ariadnamendoza', 'lcsteinmetz', 'iocondelgado', 'cruzb93', 'lvergara06', 'jpallen101', 'jrdelgadillo', None, 'markchavez', 'yyamane']",34,"['eaguilera5', 'zamarripa', 'uesanchez92', 'jabernal2', 'ragonzalez08', 'jpallen101', 'jrdelgadillo', 'cruzb93', 'recarmonab', 'rramonncardona', 'gilbert2629', 'spinedo', 'markchavez', 'aich0', 'lrzuniga2', 'dasmith4', 'dawidy', '25bambi', 'ztjackson', 'lvergara06', 'aaalao', 'hcamarena182', 'vycastaneda3', None, 'emorquecho', 'garcia7701', 'dsuarez2', 'aaguilar10', 'lcsteinmetz', 'iocondelgado', 'npmart15', 'jmenchaca', 'ariadnamendoza', 'yyamane']"
44,39,19,15,2,"['gilbert2629', 'spinedo']",16,"['eaguilera5', 'recarmonab', 'zamarripa', 'dsuarez2', 'rramonncardona', 'jabernal2', 'dasmith4', 'aaguilar10', 'ragonzalez08', '25bambi', 'npmart15', 'ztjackson', 'jmenchaca', 'hcamarena182', 'emorquecho', 'aich0']",13,"['srberge', 'lrzuniga2', 'kemontano', 'jpallen101', 'lcsteinmetz', 'fattycorpsl', 'zubin.assadian', 'neburs240', 'ariadnamendoza', 'jrdelgadillo', None, 'cruzb93', 'yyamane']",31,"['eaguilera5', 'zamarripa', 'lrzuniga2', 'kemontano', 'jabernal2', 'dasmith4', 'yyamane', 'ragonzalez08', '25bambi', 'neburs240', 'ztjackson', 'jpallen101', 'hcamarena182', 'jrdelgadillo', None, 'emorquecho', 'cruzb93', 'srberge', 'recarmonab', 'rramonncardona', 'dsuarez2', 'aaguilar10', 'lcsteinmetz', 'npmart15', 'gilbert2629', 'fattycorpsl', 'zubin.assadian', 'spinedo', 'jmenchaca', 'ariadnamendoza', 'aich0']"
44,180,19,14,2,"['dasmith4', 'aich0']",16,"['eaguilera5', 'recarmonab', 'zamarripa', 'dsuarez2', 'rramonncardona', 'jabernal2', 'aaguilar10', 'ragonzalez08', '25bambi', 'npmart15', 'ztjackson', 'gilbert2629', 'spinedo', 'jmenchaca', 'hcamarena182', 'emorquecho']",12,"['srberge', 'lrzuniga2', 'lluevano4', 'lcsteinmetz', 'fattycorpsl', 'neburs240', 'jpallen101', 'vycastaneda3', None, 'cruzb93', 'jrdelgadillo', 'yyamane']",30,"['eaguilera5', 'zamarripa', 'lrzuniga2', 'jabernal2', 'dasmith4', 'yyamane', 'ragonzalez08', '25bambi', 'neburs240', 'ztjackson', 'jpallen101', 'hcamarena182', 'vycastaneda3', 'jrdelgadillo', None, 'emorquecho', 'cruzb93', 'srberge', 'recarmonab', 'lluevano4', 'rramonncardona', 'dsuarez2', 'aaguilar10', 'lcsteinmetz', 'npmart15', 'gilbert2629', 'fattycorpsl', 'spinedo', 'jmenchaca', 'aich0']"
44,145,19,10,1,['jabernal2'],17,"['eaguilera5', 'recarmonab', 'zamarripa', 'dsuarez2', 'rramonncardona', 'dasmith4', 'aaguilar10', 'ragonzalez08', '25bambi', 'npmart15', 'ztjackson', 'gilbert2629', 'spinedo', 'jmenchaca', 'hcamarena182', 'emorquecho', 'aich0']",9,"['lluevano4', 'cocolk', 'jfyanine', 'tschumann', 'saguerrero3', 'jpallen101', 'kennethwojo', 'caesnayra', None]",27,"['eaguilera5', 'zamarripa', 'jabernal2', 'dasmith4', 'cocolk', 'jfyanine', 'ragonzalez08', '25bambi', 'ztjackson', 'jpallen101', 'hcamarena182', None, 'emorquecho', 'recarmonab', 'lluevano4', 'rramonncardona', 'dsuarez2', 'aaguilar10', 'tschumann', 'npmart15', 'gilbert2629', 'saguerrero3', 'spinedo', 'jmenchaca', 'kennethwojo', 'caesnayra', 'aich0']"
44,163,19,10,4,"['npmart15', 'emorquecho', 'aich0', 'dsuarez2']",14,"['eaguilera5', 'recarmonab', 'zamarripa', 'rramonncardona', 'jabernal2', 'dasmith4', 'aaguilar10', 'ragonzalez08', '25bambi', 'gilbert2629', 'ztjackson', 'spinedo', 'jmenchaca', 'hcamarena182']",6,"['lrzuniga2', 'lluevano4', 'uesanchez92', 'ariadnamendoza', None, 'cruzb93']",24,"['eaguilera5', 'zamarripa', 'lrzuniga2', 'uesanchez92', 'jabernal2', 'dasmith4', 'ragonzalez08', '25bambi', 'ztjackson', 'hcamarena182', None, 'emorquecho', 'cruzb93', 'recarmonab', 'lluevano4', 'rramonncardona', 'dsuarez2', 'aaguilar10', 'npmart15', 'gilbert2629', 'spinedo', 'jmenchaca', 'ariadnamendoza', 'aich0']"
46,213,18,15,12,"['knh28', 'timothyjhlong', 'acs348', 'arc421', 'koleske', 'carinlightner', 'carljose90', 'achginevra', 'mechalion', 'arg276', 'cth34', 'sjp242']",5,"['hongli520', 'cliddell1', 'wfay', 'bschutt90', 'luizferri']",3,"['fw225', 'tyk5', None]",20,"['hongli520', 'cliddell1', 'arc421', 'mechalion', 'fw225', 'arg276', None, 'sjp242', 'knh28', 'timothyjhlong', 'acs348', 'tyk5', 'wfay', 'carinlightner', 'koleske', 'bschutt90', 'carljose90', 'achginevra', 'cth34', 'luizferri']"
46,212,18,14,13,"['knh28', 'timothyjhlong', 'cliddell1', 'acs348', 'wfay', 'arc421', 'koleske', 'carljose90', 'achginevra', 'arg276', 'cth34', 'luizferri', 'sjp242']",4,"['mechalion', 'hongli520', 'carinlightner', 'bschutt90']",1,[None],18,"['hongli520', 'cliddell1', 'arc421', 'mechalion', 'arg276', None, 'sjp242', 'knh28', 'timothyjhlong', 'acs348', 'wfay', 'carinlightner', 'koleske', 'bschutt90', 'carljose90', 'achginevra', 'cth34', 'luizferri']"
46,214,18,8,6,"['knh28', 'acs348', 'mechalion', 'carljose90', 'achginevra', 'cth34']",11,"['timothyjhlong', 'hongli520', 'cliddell1', 'wfay', 'carinlightner', 'arc421', 'koleske', 'bschutt90', 'arg276', 'luizferri', 'sjp242']",2,"['tyk5', None]",19,"['hongli520', 'cliddell1', 'arc421', 'mechalion', 'arg276', None, 'sjp242', 'knh28', 'timothyjhlong', 'acs348', 'tyk5', 'wfay', 'carinlightner', 'koleske', 'bschutt90', 'carljose90', 'achginevra', 'cth34', 'luizferri']"
49,14,17,31,1,['sadhanasundar'],15,"['prateekgt', 'yulei', 'djconnel', 'timmerix', 'rwang32', 'sselvar5', 'chaitanya.nitta', 'wgleiuni', 'yinglei8888', 'tomvanhemert', 'dongji829', 'jerryhe', 'mleilaei', 'wenhaocnanohub', 'srini999']",30,"['bonecrusher', 'rbrazones', 'primigenia6190', 'ashenai', 'wrmitch1', 'ckakizaw', 'jdarveaux', 'rsetiadj', 'amykk0503', 'oshagyro', 'dtheohar', 'sshudano', 'stevenfox905', 'ahgardn1', 'pkoswatt', 'bjhale', 'knjain', 'jinnuaz', 'holmano', 'malsham1', 'ouldsaghir', 'mngolka', 'jerrodac', 'ppagadua', 'ferry', None, 'loda1', 'bkortiz', 'gauthamg1991', 'aelhamik']",46,"['prateekgt', 'sselvar5', 'bonecrusher', 'rbrazones', 'sadhanasundar', 'ashenai', 'dongji829', 'tomvanhemert', 'wrmitch1', 'jerryhe', 'ckakizaw', 'primigenia6190', 'jdarveaux', 'rsetiadj', 'amykk0503', 'oshagyro', 'djconnel', 'dtheohar', 'chaitanya.nitta', 'sshudano', 'stevenfox905', 'ahgardn1', 'mleilaei', 'pkoswatt', 'bjhale', 'knjain', 'jinnuaz', 'timmerix', 'rwang32', 'holmano', 'malsham1', 'ouldsaghir', 'mngolka', 'jerrodac', 'wgleiuni', 'ppagadua', 'ferry', None, 'yinglei8888', 'srini999', 'loda1', 'bkortiz', 'gauthamg1991', 'aelhamik', 'yulei', 'wenhaocnanohub']"
49,168,17,27,14,"['prateekgt', 'yulei', 'timmerix', 'rwang32', 'sselvar5', 'chaitanya.nitta', 'wgleiuni', 'yinglei8888', 'sadhanasundar', 'dongji829', 'jerryhe', 'mleilaei', 'wenhaocnanohub', 'srini999']",2,"['tomvanhemert', 'djconnel']",13,"['yjzyjz', 'mjavidah', 'realmofreals', 'rfang4', None, 'mehdi.saremi', 'jyyzlzyasu19', 'geniuslb12345', 'gokul2008', 'wenwenl2', 'ashenai', 'fywudi', 'vasileska']",29,"['prateekgt', 'realmofreals', 'sselvar5', 'mehdi.saremi', 'geniuslb12345', 'sadhanasundar', 'ashenai', 'dongji829', 'tomvanhemert', 'jerryhe', 'vasileska', 'djconnel', 'chaitanya.nitta', 'wenwenl2', 'mleilaei', 'yjzyjz', 'mjavidah', 'timmerix', 'rwang32', 'jyyzlzyasu19', 'wgleiuni', None, 'yinglei8888', 'srini999', 'rfang4', 'gokul2008', 'fywudi', 'yulei', 'wenhaocnanohub']"
49,3,17,25,2,"['mleilaei', 'chaitanya.nitta']",14,"['prateekgt', 'djconnel', 'timmerix', 'rwang32', 'sselvar5', 'wgleiuni', 'yinglei8888', 'tomvanhemert', 'sadhanasundar', 'dongji829', 'jerryhe', 'yulei', 'wenhaocnanohub', 'srini999']",23,"['rohitmusalay009', 'realmofreals', 'pfirth06', 'pfirth', 'renukavvss', 'nmolleti', 'pintu89', 'mervec', 'rvasudevan91', 'lunajlt', 'vasileska', 'priyam.patel', 'ginni.bhambri', 'pkoswatt', 'davidday47', 'jinnuaz', 'holmano', 'jbuck2', 'hongbin.yu', 'nikhil.gona2012', None, 'adar1312', 'ishtayer']",39,"['prateekgt', 'rohitmusalay009', 'realmofreals', 'pfirth06', 'pfirth', 'sselvar5', 'renukavvss', 'nmolleti', 'pintu89', 'sadhanasundar', 'mervec', 'dongji829', 'tomvanhemert', 'rvasudevan91', 'jerryhe', 'vasileska', 'lunajlt', 'priyam.patel', 'djconnel', 'chaitanya.nitta', 'ginni.bhambri', 'mleilaei', 'davidday47', 'pkoswatt', 'jinnuaz', 'timmerix', 'rwang32', 'holmano', 'jbuck2', 'hongbin.yu', 'wgleiuni', 'nikhil.gona2012', None, 'yinglei8888', 'srini999', 'adar1312', 'ishtayer', 'yulei', 'wenhaocnanohub']"
49,29,17,25,12,"['prateekgt', 'timmerix', 'rwang32', 'sselvar5', 'chaitanya.nitta', 'wgleiuni', 'sadhanasundar', 'dongji829', 'jerryhe', 'mleilaei', 'yinglei8888', 'srini999']",4,"['tomvanhemert', 'djconnel', 'yulei', 'wenhaocnanohub']",13,"['yjzyjz', 'mjavidah', 'josh.hendricks', 'vincent24chen', 'realmofreals', 'rfang4', 'mehdi.saremi', 'geniuslb12345', 'fywudi', 'ashenai', 'zhaoyuhe', 'arvind.joshua', None]",29,"['prateekgt', 'realmofreals', 'sselvar5', 'mehdi.saremi', 'geniuslb12345', 'sadhanasundar', 'ashenai', 'dongji829', 'tomvanhemert', 'arvind.joshua', 'jerryhe', 'vincent24chen', 'djconnel', 'chaitanya.nitta', 'zhaoyuhe', 'mleilaei', 'yjzyjz', 'mjavidah', 'josh.hendricks', 'timmerix', 'rwang32', 'wgleiuni', None, 'yinglei8888', 'srini999', 'rfang4', 'fywudi', 'yulei', 'wenhaocnanohub']"
49,12,17,16,1,['chaitanya.nitta'],15,"['prateekgt', 'yulei', 'djconnel', 'timmerix', 'rwang32', 'sselvar5', 'wgleiuni', 'yinglei8888', 'tomvanhemert', 'sadhanasundar', 'dongji829', 'jerryhe', 'mleilaei', 'wenhaocnanohub', 'srini999']",15,"['loda1', 'bjhale', None, 'sshudano', 'jseto1', 'stevenfox905', 'rbrazones', 'ouldsaghir', 'mngolka', 'primigenia6190', 'ppagadua', 'ckakizaw', 'jdarveaux', 'rsetiadj', 'pkoswatt']",31,"['bjhale', 'prateekgt', 'yulei', 'timmerix', 'rwang32', 'sselvar5', 'rbrazones', 'ouldsaghir', 'sadhanasundar', 'mngolka', 'dongji829', 'tomvanhemert', 'wgleiuni', 'jerryhe', 'rsetiadj', 'yinglei8888', 'primigenia6190', 'srini999', 'loda1', 'ppagadua', 'ckakizaw', 'jdarveaux', None, 'djconnel', 'chaitanya.nitta', 'sshudano', 'jseto1', 'stevenfox905', 'mleilaei', 'wenhaocnanohub', 'pkoswatt']"
49,9,17,8,3,"['sselvar5', 'sadhanasundar', 'chaitanya.nitta']",13,"['prateekgt', 'yulei', 'djconnel', 'timmerix', 'rwang32', 'wgleiuni', 'yinglei8888', 'tomvanhemert', 'dongji829', 'jerryhe', 'mleilaei', 'wenhaocnanohub', 'srini999']",5,"['karthikeya.2009', 'rfang4', 'nareen23791', None, 'davidday47']",21,"['prateekgt', 'yulei', 'timmerix', 'rwang32', 'sselvar5', 'nareen23791', 'sadhanasundar', 'dongji829', 'tomvanhemert', 'wgleiuni', 'jerryhe', None, 'yinglei8888', 'srini999', 'karthikeya.2009', 'djconnel', 'rfang4', 'chaitanya.nitta', 'mleilaei', 'wenhaocnanohub', 'davidday47']"
49,144,17,6,1,['timmerix'],15,"['prateekgt', 'yulei', 'djconnel', 'rwang32', 'sselvar5', 'chaitanya.nitta', 'wgleiuni', 'yinglei8888', 'tomvanhemert', 'sadhanasundar', 'dongji829', 'jerryhe', 'mleilaei', 'wenhaocnanohub', 'srini999']",5,"['vasileska', 'adlatorre', 'jayjay1122', 'alex_2015', None]",21,"['prateekgt', 'yulei', 'timmerix', 'rwang32', 'sselvar5', 'sadhanasundar', 'dongji829', 'tomvanhemert', 'wgleiuni', 'jerryhe', None, 'yinglei8888', 'jayjay1122', 'srini999', 'vasileska', 'djconnel', 'adlatorre', 'chaitanya.nitta', 'alex_2015', 'mleilaei', 'wenhaocnanohub']"
51,65,15,18,14,"['hhupman', 'cwyckoff', 'amitshyam', 'lhamill', 'ltahvilian', 'mdrdavid', 'valady757', 'csoh1733', 'vicchan', 'laagesen', 'dhardy0715', 'calphad', 'psepehrband', 'mmegahed']",0,[],4,"['camonroe', 'mdasta', None, 'hao.zhang']",18,"['cwyckoff', 'ltahvilian', 'mdrdavid', 'vicchan', 'calphad', 'hhupman', 'lhamill', 'valady757', 'csoh1733', 'camonroe', 'dhardy0715', 'mdasta', 'psepehrband', 'amitshyam', 'mmegahed', None, 'hao.zhang', 'laagesen']"
51,128,15,18,14,"['hhupman', 'cwyckoff', 'amitshyam', 'lhamill', 'ltahvilian', 'mdrdavid', 'valady757', 'csoh1733', 'vicchan', 'laagesen', 'dhardy0715', 'calphad', 'psepehrband', 'mmegahed']",0,[],4,"['camonroe', 'mdasta', None, 'hao.zhang']",18,"['cwyckoff', 'ltahvilian', 'mdrdavid', 'vicchan', 'calphad', 'hhupman', 'lhamill', 'valady757', 'csoh1733', 'camonroe', 'dhardy0715', 'mdasta', 'psepehrband', 'amitshyam', 'mmegahed', None, 'hao.zhang', 'laagesen']"
51,194,15,18,14,"['hhupman', 'cwyckoff', 'amitshyam', 'lhamill', 'ltahvilian', 'mdrdavid', 'valady757', 'csoh1733', 'vicchan', 'laagesen', 'dhardy0715', 'calphad', 'psepehrband', 'mmegahed']",0,[],4,"['camonroe', 'mdasta', None, 'hao.zhang']",18,"['cwyckoff', 'ltahvilian', 'mdrdavid', 'vicchan', 'calphad', 'hhupman', 'lhamill', 'valady757', 'csoh1733', 'camonroe', 'dhardy0715', 'mdasta', 'psepehrband', 'amitshyam', 'mmegahed', None, 'hao.zhang', 'laagesen']"
52,41,15,172,14,"['nickolasbergstrom2017', 'bobis333', 'elenidima2017', 'dkim1694', 'ibatlle', 'vliu95', 'sammy', 'paulmhaiki2017', 'dthomas', 'tteng', 'zoda2013', 'rhundus7', 'kerrymcfadden2017', 'dmalysa']",0,[],158,"['kferracuti', 'acastaneda', 'rassaf', 'carolynbrooks2017', 'ttruong', 'lkearney14', 'tjh294', 'jklein', 'dheredia', 'ryanschusler', 'atate', 'shippleheuser', 'jiwonlee', 'mykai', 'amelehy', 'seanhughes13', 'tuofei.chen', 'heather.deng', 'vlalo', 'ajansen', 'dloizzo', 'harmonyarcilla2017', 'naomi.johnson.924', 'msamman', 'mileskurtz', 'crozolis', 'snissan', 'mmikhelson', 'trs805', 'eflaum', 'mjaharis', 'jkothari', 'iozsan', 'jourdandorrell', 'zlochmueller', 'gregorymulderink2017', 'fkhan1', 'nay', 'cbroaders12', 'kpostley', 'kpowderly', 'kculler', 'sbenton', 'amyzb', 'sbruyere', 'amelia.nickels', 'akatakam', 'sbald', 'akafkes', 'lautarocilenti2017', 'ankitadevareddy', 'jwentz', 'arodriguez17', 'ahosbein', 'jswiatek', 'lep214', 'dkj427', 'marisayou', 'sjelsma', 'ghilfinger', 'emilyanita', 'sojiadimula2017', 'jkroon', 'szj394', 'henryrichey', 'jfrankel13', 'jsusskind', 'aghosh', 'layala', 'jkang1124', 'cdai', 'kamella', 'jilliangeary', 'kevin.liuxu', 'unaha', 'sheillygirasol2017', 'rbarajas', 'kshedd1', 'cwallace', 'yuezeng2017', 'glivecchi', 'dpark', 'nahkihg', 'jchepyator', 'alexandersilver2017', 'kassandrablanchard2012', 'adai', 'bss204', 'adel.lahlou', 'wmann', 'mglinski', 'cjansen', 'zzaruba', 'samsandin', 'mmason', 'jenny4053', 'swetha.rajavel', 'akaldjian', 'eahn', 'keckhoff', 'dishanataraj', 'ewillmz', 'jheider', 'joebob1235', 'ablazek', 'krnstk95', 'jnicolas', 'jrodriguez', 'tmittelberg', 'pperkovich', 'lgreen', 'nyim', 'priyankasaha2017', 'xetalys', 'nkavanau', 'sym975', 'mwang12', 'jcichon', 'zxt055', 'mvanderbosch', 'kanyeezy24', 'priya.garigipati', 'ccburton4', 'jyang1', 'dmccann', 'nweatherford', 'laurelle.banta', 'cwassink', 'emmamontgomery', 'ctso', 'yoh', 'nbajwa', 'sxlu', 'jcbeard', 'rdai', 'brandnew677', 'aramirezcedeno', 'klueptow', 'aeckburg', 'andrewtang', 'mazstalzer', 'allegrawilson2017', 'jok', 'danielkinch2017', 'czhu', 'jhoffen', 'jeanettepranin', 'bgawin', 'jordanlee2017', 'jhua', 'adistefano', 'blemma', 'khedderick', 'wankwok2017', 'aff985', 'slhatch', 'sarahacs', 'zguritz']",172,"['kferracuti', 'acastaneda', 'rassaf', 'carolynbrooks2017', 'ttruong', 'lkearney14', 'tjh294', 'jklein', 'dheredia', 'ryanschusler', 'atate', 'shippleheuser', 'jiwonlee', 'mykai', 'amelehy', 'bobis333', 'seanhughes13', 'tuofei.chen', 'heather.deng', 'vlalo', 'ajansen', 'dloizzo', 'harmonyarcilla2017', 'naomi.johnson.924', 'msamman', 'mileskurtz', 'crozolis', 'kerrymcfadden2017', 'zoda2013', 'snissan', 'mmikhelson', 'trs805', 'eflaum', 'mjaharis', 'jkothari', 'iozsan', 'jourdandorrell', 'zlochmueller', 'gregorymulderink2017', 'elenidima2017', 'fkhan1', 'nay', 'cbroaders12', 'kpostley', 'kpowderly', 'kculler', 'sbenton', 'amyzb', 'sbruyere', 'amelia.nickels', 'akatakam', 'sbald', 'akafkes', 'lautarocilenti2017', 'sammy', 'ankitadevareddy', 'jwentz', 'arodriguez17', 'ahosbein', 'jswiatek', 'lep214', 'dkj427', 'marisayou', 'sjelsma', 'ghilfinger', 'emilyanita', 'sojiadimula2017', 'jkroon', 'szj394', 'henryrichey', 'jfrankel13', 'jsusskind', 'aghosh', 'layala', 'jkang1124', 'cdai', 'kamella', 'jilliangeary', 'kevin.liuxu', 'unaha', 'sheillygirasol2017', 'rbarajas', 'kshedd1', 'cwallace', 'yuezeng2017', 'glivecchi', 'dthomas', 'dpark', 'nahkihg', 'jchepyator', 'alexandersilver2017', 'kassandrablanchard2012', 'adai', 'bss204', 'adel.lahlou', 'wmann', 'mglinski', 'cjansen', 'zzaruba', 'tteng', 'samsandin', 'mmason', 'jenny4053', 'swetha.rajavel', 'akaldjian', 'eahn', 'keckhoff', 'dishanataraj', 'ewillmz', 'jheider', 'joebob1235', 'ablazek', 'krnstk95', 'jnicolas', 'jrodriguez', 'tmittelberg', 'nickolasbergstrom2017', 'pperkovich', 'lgreen', 'nyim', 'priyankasaha2017', 'xetalys', 'nkavanau', 'sym975', 'mwang12', 'rhundus7', 'ibatlle', 'jcichon', 'zxt055', 'mvanderbosch', 'kanyeezy24', 'priya.garigipati', 'ccburton4', 'jyang1', 'dmccann', 'nweatherford', 'laurelle.banta', 'cwassink', 'dmalysa', 'emmamontgomery', 'ctso', 'yoh', 'nbajwa', 'sxlu', 'jcbeard', 'rdai', 'brandnew677', 'aramirezcedeno', 'klueptow', 'vliu95', 'aeckburg', 'andrewtang', 'mazstalzer', 'allegrawilson2017', 'jok', 'danielkinch2017', 'czhu', 'jhoffen', 'jeanettepranin', 'bgawin', 'dkim1694', 'jordanlee2017', 'jhua', 'adistefano', 'blemma', 'khedderick', 'paulmhaiki2017', 'wankwok2017', 'aff985', 'slhatch', 'sarahacs', 'zguritz']"
53,43,15,32,10,"['yahang.zhang.10', 'govvijay', 'xinwanqing19', 'hyq1025', 'xlzhao1990', 'wuconnie', 'xiang3509', 'jask92', 'michaelwentaoliu', 'iris.he.037']",4,"['lairde', 'flower.rain.39', 'peter.vancso', 'lewenkopf']",22,"['meetvora91', 'naylorc', 'chitvan', 'ravit.rd10', 'harrylpc', 'besttth9', 'ljluu1991', 'ravitd', 'pallerp', 'manayiiyii', 'yqj17', 'dhruvturakhia17', 'swapil', 'ecpratt', 'xmulucy1991', 'zss', None, 'lingyao', 'hjulian', 'crkagan', 'wzhichun', 'taotingxue']",36,"['meetvora91', 'govvijay', 'naylorc', 'chitvan', 'ravit.rd10', 'harrylpc', 'besttth9', 'ljluu1991', 'lewenkopf', 'ravitd', 'xiang3509', 'pallerp', 'peter.vancso', 'flower.rain.39', 'manayiiyii', 'iris.he.037', 'yqj17', 'hyq1025', 'xlzhao1990', 'dhruvturakhia17', 'swapil', 'ecpratt', 'michaelwentaoliu', 'xmulucy1991', 'zss', 'lingyao', None, 'lairde', 'yahang.zhang.10', 'hjulian', 'crkagan', 'wzhichun', 'taotingxue', 'wuconnie', 'jask92', 'xinwanqing19']"
54,130,15,12,8,"['czerepa1', 'weyant1', 'sankalpkota', 'eric.anders22', 'hnbabaei', 'p.park.j', 'ojha3', 'mashakill']",6,"['wendywang', 'aczerepak', 'bjc', 'yogeshjasra', 'langer', 'hernandezmt']",4,"['yjongmin', 'alf', 'salkan', None]",18,"['yjongmin', 'weyant1', 'eric.anders22', 'salkan', 'hnbabaei', 'p.park.j', 'yogeshjasra', 'langer', None, 'czerepa1', 'mashakill', 'sankalpkota', 'aczerepak', 'bjc', 'alf', 'wendywang', 'ojha3', 'hernandezmt']"
54,131,15,8,4,"['p.park.j', 'weyant1', 'ojha3', 'aczerepak']",10,"['czerepa1', 'mashakill', 'sankalpkota', 'eric.anders22', 'wendywang', 'bjc', 'hnbabaei', 'yogeshjasra', 'langer', 'hernandezmt']",4,"['yjongmin', 'alf', 'salkan', None]",18,"['yjongmin', 'weyant1', 'eric.anders22', 'salkan', 'hnbabaei', 'p.park.j', 'yogeshjasra', 'langer', None, 'czerepa1', 'mashakill', 'sankalpkota', 'aczerepak', 'bjc', 'alf', 'wendywang', 'ojha3', 'hernandezmt']"
54,132,15,7,4,"['p.park.j', 'weyant1', 'ojha3', 'sankalpkota']",10,"['czerepa1', 'mashakill', 'eric.anders22', 'wendywang', 'aczerepak', 'bjc', 'hnbabaei', 'yogeshjasra', 'langer', 'hernandezmt']",3,"['yjongmin', None, 'salkan']",17,"['yjongmin', 'weyant1', 'eric.anders22', 'salkan', 'hnbabaei', 'p.park.j', 'yogeshjasra', 'langer', None, 'czerepa1', 'mashakill', 'sankalpkota', 'aczerepak', 'bjc', 'wendywang', 'ojha3', 'hernandezmt']"
55,29,14,25,3,"['zhaoyuhe', 'josh.hendricks', 'arvind.joshua']",10,"['junaid', 'aazooe', 'bovgyra', 'domenus', 'olegnott', 'mepmast', 'khushbu03', 'mbrinkle', 'linavoloshin', 'wweber']",22,"['prateekgt', 'realmofreals', 'sselvar5', 'mehdi.saremi', 'geniuslb12345', 'sadhanasundar', 'ashenai', 'dongji829', 'jerryhe', 'vincent24chen', 'chaitanya.nitta', 'mleilaei', 'yjzyjz', 'mjavidah', 'timmerix', 'rwang32', 'wgleiuni', None, 'yinglei8888', 'srini999', 'rfang4', 'fywudi']",35,"['prateekgt', 'junaid', 'realmofreals', 'sselvar5', 'mehdi.saremi', 'geniuslb12345', 'mepmast', 'sadhanasundar', 'ashenai', 'dongji829', 'arvind.joshua', 'jerryhe', 'vincent24chen', 'aazooe', 'chaitanya.nitta', 'khushbu03', 'zhaoyuhe', 'mbrinkle', 'mleilaei', 'yjzyjz', 'josh.hendricks', 'mjavidah', 'bovgyra', 'timmerix', 'rwang32', 'wgleiuni', None, 'yinglei8888', 'wweber', 'srini999', 'domenus', 'rfang4', 'olegnott', 'fywudi', 'linavoloshin']"
55,30,14,6,1,['khushbu03'],12,"['josh.hendricks', 'junaid', 'aazooe', 'bovgyra', 'domenus', 'arvind.joshua', 'olegnott', 'mepmast', 'zhaoyuhe', 'mbrinkle', 'linavoloshin', 'wweber']",5,"['ahmed424800', 'sa3d8ahtani', 'shashikanth426', None, 'zoom9119']",18,"['josh.hendricks', 'junaid', 'bovgyra', 'ahmed424800', 'mepmast', 'arvind.joshua', None, 'shashikanth426', 'wweber', 'domenus', 'aazooe', 'olegnott', 'sa3d8ahtani', 'khushbu03', 'zhaoyuhe', 'mbrinkle', 'linavoloshin', 'zoom9119']"
56,13,13,17,11,"['alvisblu', 'adroit', 'james.banh.9', 'am3107', 'jmaclean84', 'stevroid', 'devwaltman', 'nanokevinnguyen', 'aonorecca', 'muaddib121', 'uc.m1980']",1,['ishizaki'],6,"['topinc', 'andrew_bertran', 'raynsic7', 'rovl', None, 'apandey']",18,"['alvisblu', 'adroit', 'topinc', 'am3107', 'andrew_bertran', 'aonorecca', 'rovl', 'uc.m1980', None, 'apandey', 'james.banh.9', 'jmaclean84', 'stevroid', 'devwaltman', 'nanokevinnguyen', 'ishizaki', 'raynsic7', 'muaddib121']"
56,156,13,14,8,"['adroit', 'james.banh.9', 'jmaclean84', 'stevroid', 'devwaltman', 'nanokevinnguyen', 'aonorecca', 'muaddib121']",4,"['alvisblu', 'uc.m1980', 'am3107', 'ishizaki']",6,"['norad0', 'thedmutz24', 'raynsic7', 'rovl', None, 'apandey']",18,"['alvisblu', 'adroit', 'am3107', 'aonorecca', 'rovl', 'uc.m1980', None, 'apandey', 'james.banh.9', 'jmaclean84', 'stevroid', 'devwaltman', 'norad0', 'nanokevinnguyen', 'thedmutz24', 'ishizaki', 'raynsic7', 'muaddib121']"
56,155,13,10,7,"['alvisblu', 'james.banh.9', 'stevroid', 'devwaltman', 'nanokevinnguyen', 'aonorecca', 'ishizaki']",5,"['adroit', 'am3107', 'jmaclean84', 'muaddib121', 'uc.m1980']",3,"['apandey', None, 'thedmutz24']",15,"['alvisblu', 'adroit', 'am3107', 'aonorecca', 'uc.m1980', None, 'apandey', 'james.banh.9', 'jmaclean84', 'stevroid', 'devwaltman', 'nanokevinnguyen', 'thedmutz24', 'ishizaki', 'muaddib121']"
56,26,13,8,5,"['alvisblu', 'james.banh.9', 'jmaclean84', 'stevroid', 'aonorecca']",7,"['adroit', 'am3107', 'devwaltman', 'nanokevinnguyen', 'ishizaki', 'muaddib121', 'uc.m1980']",3,"[None, 'norad0', 'thedmutz24']",15,"['alvisblu', 'adroit', 'am3107', 'aonorecca', 'uc.m1980', None, 'james.banh.9', 'jmaclean84', 'stevroid', 'devwaltman', 'norad0', 'nanokevinnguyen', 'thedmutz24', 'ishizaki', 'muaddib121']"
57,95,13,9,8,"['figueira13', 'abdulazizalrayes', 'hallauer', 'kellymcfarlane', 'nemeth14', 'maldeep', 'jenbond', 'raposa14']",4,"['osterberg', 'ratner', 'burton15', 'cgreeney']",1,[None],13,"['burton15', 'cgreeney', 'osterberg', 'maldeep', 'nemeth14', 'ratner', None, 'jenbond', 'figueira13', 'abdulazizalrayes', 'hallauer', 'kellymcfarlane', 'raposa14']"
57,94,13,7,5,"['figueira13', 'burton15', 'cgreeney', 'osterberg', 'jenbond']",7,"['abdulazizalrayes', 'hallauer', 'kellymcfarlane', 'nemeth14', 'maldeep', 'ratner', 'raposa14']",2,"['chrisdumontscott', None]",14,"['burton15', 'cgreeney', 'osterberg', 'maldeep', 'nemeth14', 'ratner', None, 'jenbond', 'figueira13', 'abdulazizalrayes', 'hallauer', 'kellymcfarlane', 'chrisdumontscott', 'raposa14']"
58,74,12,10,7,"['hustone', 'limillaswu', 'akrockwell', 'koala', 'eswalker', 'feng.he.165', 'jamesgould']",4,"['jts', 'myaghouti', 'lettertohyo', 'sheldonmaxwellxu']",3,"['nn57', None, 'sesulliv']",14,"['jts', 'hustone', 'limillaswu', 'myaghouti', 'koala', 'lettertohyo', 'eswalker', 'jamesgould', None, 'sheldonmaxwellxu', 'akrockwell', 'feng.he.165', 'nn57', 'sesulliv']"
58,73,12,7,5,"['limillaswu', 'koala', 'akrockwell', 'feng.he.165', 'jamesgould']",6,"['jts', 'hustone', 'myaghouti', 'eswalker', 'lettertohyo', 'sheldonmaxwellxu']",2,"[None, 'sesulliv']",13,"['jts', 'hustone', 'limillaswu', 'myaghouti', None, 'akrockwell', 'lettertohyo', 'koala', 'eswalker', 'feng.he.165', 'jamesgould', 'sesulliv', 'sheldonmaxwellxu']"
60,83,11,41,10,"['rwilmes', 'jschrader', 'gscofiel', 'spschriver1', 'pelaez204', 'li790', 'jackmlopez', 'zhanghang1992', 'zhangfan', 'haojiex']",0,[],31,"['bkads1163', 'roostahh.roux', 'obrien70', 'havins', 'song223', 'emilysoltys', 'zoey00618', 'liquidxskull', 'lyeh', 'mcdonal8', 'ckwok144', 'jlim76', 'rhein', 'wassgarrett', 'zeng31purdue', 'dollarr', 'mkatamba', 'duvall0', 'port', 'yohung777', 'love20', None, 'grawlins', 'mrenche', 'cdymond', 'ben.helfrecht', 'qlewis', 'phallen55', 'liu991', 'jterrel', 'barkerb']",41,"['bkads1163', 'roostahh.roux', 'obrien70', 'havins', 'song223', 'emilysoltys', 'zoey00618', 'liquidxskull', 'jackmlopez', 'lyeh', 'mcdonal8', 'barkerb', 'ckwok144', 'jlim76', 'rwilmes', 'rhein', 'wassgarrett', 'spschriver1', 'pelaez204', 'li790', 'zhangfan', 'zeng31purdue', 'jschrader', 'dollarr', 'mkatamba', 'duvall0', 'port', 'yohung777', 'zhanghang1992', 'love20', None, 'grawlins', 'mrenche', 'cdymond', 'gscofiel', 'ben.helfrecht', 'qlewis', 'phallen55', 'liu991', 'jterrel', 'haojiex']"
62,133,11,31,5,"['kworth', 'jshunnar', 'brucebieber', 'vincent.lai', 'pimillig2']",5,"['higgs', 'nicola.fois1987', 'aspangenberger', 'matk86', 'prithivi2014']",26,"['ddkipke', 'bmauld', 'mnmcclau', 'skramad', 'chadkels', 'jpluce', 'carriemt', 'rjcraven', 'sdwa', 'lawrencelee936', 'wwk900929', 'bayerl', 'bryce.knorp', 'shaunj', 'reisaito', None, 'dwfries', 'gnmon', 'sarang.umarji', 'jeremykochis', 'dmatthews', 'jpatalon0724', 'momich', 'qqravenpp', 'wandrbeck', 'kthorn01']",36,"['ddkipke', 'jshunnar', 'bmauld', 'brucebieber', 'mnmcclau', 'matk86', 'skramad', 'chadkels', 'kworth', 'jpluce', 'carriemt', 'rjcraven', 'sdwa', 'lawrencelee936', 'wwk900929', 'bayerl', 'nicola.fois1987', 'bryce.knorp', 'shaunj', 'reisaito', 'vincent.lai', 'prithivi2014', None, 'dwfries', 'higgs', 'gnmon', 'sarang.umarji', 'aspangenberger', 'jeremykochis', 'dmatthews', 'jpatalon0724', 'pimillig2', 'momich', 'qqravenpp', 'wandrbeck', 'kthorn01']"
64,93,10,18,9,"['msmit473', 'serina.wang.50', 'wwalke13', 'ajfowler', 'rivins', 'daphnia84', 'jgleaso7', 'sburns20', 'cbowma26']",0,[],9,"['zlyles', 'flitrmaus', 'tayman', 'jcpoler', 'atobias', 'freestylechemist', 'ajpeders', None, 'cpurvis3']",18,"['msmit473', 'serina.wang.50', 'rivins', 'zlyles', 'tayman', 'flitrmaus', 'atobias', 'freestylechemist', 'cbowma26', None, 'cpurvis3', 'wwalke13', 'ajfowler', 'daphnia84', 'sburns20', 'jcpoler', 'ajpeders', 'jgleaso7']"
64,44,10,14,7,"['msmit473', 'serina.wang.50', 'rivins', 'daphnia84', 'jgleaso7', 'sburns20', 'cbowma26']",2,"['ajfowler', 'wwalke13']",7,"['zlyles', 'flitrmaus', 'jcpoler', 'atobias', 'freestylechemist', 'ajpeders', None]",16,"['msmit473', 'serina.wang.50', 'rivins', 'zlyles', 'flitrmaus', 'atobias', 'freestylechemist', 'cbowma26', None, 'wwalke13', 'ajfowler', 'daphnia84', 'sburns20', 'jcpoler', 'ajpeders', 'jgleaso7']"
64,79,10,14,9,"['msmit473', 'serina.wang.50', 'wwalke13', 'ajfowler', 'rivins', 'daphnia84', 'jgleaso7', 'sburns20', 'cbowma26']",0,[],5,"['zlyles', 'flitrmaus', 'atobias', 'ajpeders', None]",14,"['msmit473', 'serina.wang.50', 'rivins', 'zlyles', 'flitrmaus', 'atobias', 'cbowma26', None, 'wwalke13', 'ajfowler', 'daphnia84', 'sburns20', 'ajpeders', 'jgleaso7']"
64,159,10,14,9,"['msmit473', 'serina.wang.50', 'wwalke13', 'ajfowler', 'rivins', 'daphnia84', 'jgleaso7', 'sburns20', 'cbowma26']",0,[],5,"['zlyles', 'jcpoler', 'atobias', 'ajpeders', None]",14,"['msmit473', 'serina.wang.50', 'rivins', 'zlyles', 'atobias', 'cbowma26', None, 'wwalke13', 'ajfowler', 'daphnia84', 'sburns20', 'jcpoler', 'ajpeders', 'jgleaso7']"
64,45,10,13,8,"['msmit473', 'serina.wang.50', 'wwalke13', 'rivins', 'daphnia84', 'jgleaso7', 'sburns20', 'cbowma26']",1,['ajfowler'],5,"['flitrmaus', 'jcpoler', 'atobias', 'ajpeders', None]",14,"['msmit473', 'serina.wang.50', 'rivins', 'flitrmaus', 'atobias', 'cbowma26', None, 'wwalke13', 'ajfowler', 'daphnia84', 'sburns20', 'jcpoler', 'ajpeders', 'jgleaso7']"
64,46,10,8,4,"['cbowma26', 'msmit473', 'rivins', 'daphnia84']",5,"['serina.wang.50', 'wwalke13', 'ajfowler', 'sburns20', 'jgleaso7']",4,"['jcpoler', 'ajpeders', None, 'zlyles']",13,"['msmit473', 'serina.wang.50', 'wwalke13', 'ajfowler', 'rivins', 'daphnia84', 'zlyles', 'cbowma26', 'sburns20', 'jcpoler', 'ajpeders', 'jgleaso7', None]"
65,107,10,31,3,"['pcyeh2175', 'shyuanyang', 'amasurkar316']",6,"['mecaeletron', 'fsflack', 'sang123', 'jaydhar', 'mltonial', 'garidisk']",28,"['pam2175', 'hedrees', 'nickd729', 'my2404', 'alhumam', 'bmwsc', 'ydncg', 'taegjin87', 'lc152', 'kk2939', 'carsythe', 'sl3229', 'joseanb', 'isaacwu', 'abadahdah', 'jc4104', 'yang2008sky', 'seonjaekim88', 'dchenet', 'zp2151', 'bychou', 'ziyang.zhang.7', 'twst920804', None, 'afrankl', 'fabiocarta83', 'tc2566', 'lmking2002']",37,"['pam2175', 'sang123', 'hedrees', 'nickd729', 'jaydhar', 'my2404', 'alhumam', 'bmwsc', 'ydncg', 'taegjin87', 'amasurkar316', 'shyuanyang', 'pcyeh2175', 'fsflack', 'lc152', 'kk2939', 'carsythe', 'sl3229', 'joseanb', 'isaacwu', 'abadahdah', 'jc4104', 'yang2008sky', 'seonjaekim88', 'dchenet', 'zp2151', 'bychou', 'garidisk', 'ziyang.zhang.7', 'twst920804', None, 'afrankl', 'mecaeletron', 'fabiocarta83', 'mltonial', 'tc2566', 'lmking2002']"
65,108,10,6,2,"['mecaeletron', 'mltonial']",7,"['fsflack', 'sang123', 'jaydhar', 'garidisk', 'amasurkar316', 'shyuanyang', 'pcyeh2175']",4,"[None, 'pugwng', 'molinabom', 'alonsos']",13,"['mecaeletron', 'fsflack', 'sang123', 'pugwng', 'jaydhar', 'molinabom', 'mltonial', 'garidisk', 'alonsos', None, 'amasurkar316', 'shyuanyang', 'pcyeh2175']"
66,1,9,9,8,"['carterr4', 'zufeltk', 'gerbotmd', 'bbaer100', 'purdueme', 'kshare01', 'cohn678', 'gw014425']",0,[],1,[None],9,"['carterr4', 'zufeltk', 'gerbotmd', 'bbaer100', 'purdueme', 'kshare01', 'cohn678', None, 'gw014425']"
67,2,9,9,4,"['takuya.feliciano', 'mohamma9', 'changm13', 'khalid_7598']",4,"['weinan', 'tamara_rud', 'hwc', 'afaria.helder']",5,"['ander719', 'ryanr5', None, 'buckles2', 'yikun']",13,"['weinan', 'hwc', 'changm13', 'ander719', 'takuya.feliciano', 'tamara_rud', 'mohamma9', 'afaria.helder', 'yikun', 'buckles2', None, 'ryanr5', 'khalid_7598']"
68,187,8,9,6,"['computer4', 'nuscienceclub', 'computer5', 'computer3', 'computer1', 'computer2']",1,['saj0205037'],3,"['nuscienceimages', None, 'bethanyjhubbard']",10,"['nuscienceclub', 'nuscienceimages', 'computer1', None, 'computer4', 'bethanyjhubbard', 'computer5', 'saj0205037', 'computer3', 'computer2']"
68,188,8,7,5,"['computer4', 'computer5', 'computer3', 'computer1', 'computer2']",2,"['saj0205037', 'nuscienceclub']",2,"[None, 'bethanyjhubbard']",9,"['computer4', 'nuscienceclub', 'bethanyjhubbard', None, 'computer5', 'saj0205037', 'computer3', 'computer1', 'computer2']"
69,170,8,35,7,"['hkm2113', 'tipsy', 'ty2288', 'esg2146', 'olivier.jin', 'jonathanguzman', '3369sl']",0,[],28,"['mikew2014', 'emfan457', 'soccerjer64', 'nanni21c', 'bwp2111', 'mam2443', 'zhenghao', 'mkh2145', 'mnn2108', 'luc.davidson1', 'aca2161', 'alex.gopinathan.1', 'andresmedina12', 'iamwednesdaymusic', 'aznrunner124', 'mocotransit', 'sv2340', 'minyonghan3169', 'daniel.rosenthal13', None, 'thejollyflyingman', 'supanath.j', 'lillianchik1993', 'lekez2005', 'mh3169', 'jpsety', 'rienzigokea', 'tempuser001']",35,"['mikew2014', 'soccerjer64', 'nanni21c', 'olivier.jin', 'jonathanguzman', 'bwp2111', 'mam2443', 'zhenghao', 'mkh2145', 'mnn2108', 'luc.davidson1', 'aca2161', 'hkm2113', 'alex.gopinathan.1', 'andresmedina12', 'esg2146', '3369sl', 'iamwednesdaymusic', 'aznrunner124', 'mocotransit', 'sv2340', 'minyonghan3169', 'daniel.rosenthal13', None, 'thejollyflyingman', 'supanath.j', 'tipsy', 'ty2288', 'lillianchik1993', 'lekez2005', 'mh3169', 'jpsety', 'rienzigokea', 'emfan457', 'tempuser001']"
70,129,8,39,3,"['dyoon11', 'bpgolfguy92', 'ohern2']",4,"['tziegler12', 'estenghi1983', 'reid', 'askachen369']",36,"['biesboe2', 'cadamic2', 'mhkim7', 'tretten1', '1501heo', 'dtrinkle', 'botlige27', 'saranto2', 'jfleisc2', 'yesbeautiful', 'elikoehler1994', 'livsong1992', 'chiutim', 'khill1203', '247mse406', 'amlevin3', 'curtis.c.baker', 'atschoe2', 'dhansel2', 'wlarson2', 'lbward2', 'ejkim9393', 'horng2', 'c.lang.1993', 'janna.eaves', None, 'orogers', 'ernat2', 'schiavo1', 'xinyi0731', 'psnyder91', 'mlhua', 'wangrenhan', 'eibarker', 'dingodog422', 'sowinsk2']",43,"['biesboe2', 'cadamic2', 'mhkim7', 'tziegler12', 'tretten1', '1501heo', 'dtrinkle', 'botlige27', 'saranto2', 'jfleisc2', 'dyoon11', 'yesbeautiful', 'elikoehler1994', 'ohern2', 'livsong1992', 'chiutim', 'khill1203', '247mse406', 'amlevin3', 'askachen369', 'curtis.c.baker', 'atschoe2', 'estenghi1983', 'dhansel2', 'wlarson2', 'lbward2', 'ejkim9393', 'horng2', 'c.lang.1993', 'janna.eaves', None, 'orogers', 'ernat2', 'schiavo1', 'bpgolfguy92', 'xinyi0731', 'reid', 'psnyder91', 'mlhua', 'wangrenhan', 'eibarker', 'dingodog422', 'sowinsk2']"
71,120,8,8,5,"['jrutkin', 'rtvanharen', 'cubsmaniac', 'cbetancourt12', 'john.pecquex']",2,"['mattpearce21', 'group8']",3,"['kclancey20', 'mattp462', None]",10,"['kclancey20', 'jrutkin', 'rtvanharen', 'cubsmaniac', 'mattpearce21', 'cbetancourt12', None, 'group8', 'john.pecquex', 'mattp462']"
71,121,8,7,6,"['jrutkin', 'cubsmaniac', 'mattpearce21', 'cbetancourt12', 'group8', 'john.pecquex']",1,['rtvanharen'],1,[None],8,"['jrutkin', 'rtvanharen', 'cubsmaniac', 'mattpearce21', 'cbetancourt12', 'group8', 'john.pecquex', None]"
71,122,8,7,5,"['jrutkin', 'cubsmaniac', 'mattpearce21', 'group8', 'john.pecquex']",2,"['rtvanharen', 'cbetancourt12']",2,"['speedbump33', None]",9,"['jrutkin', 'rtvanharen', 'cubsmaniac', 'mattpearce21', 'cbetancourt12', 'group8', 'john.pecquex', 'speedbump33', None]"
72,60,8,120,5,"['akashkapadia1', 'shinjani.na92', 'berto1', 'davidh258', 'sainirachit060']",2,"['jping2', 'tan.ozdogan']",115,"['barber9', 'sean.barowsky', 'e.f.297', 'khunaj', 'robertosuarez', 'morningzz', 'mcyang3', 'yliu160', 'yliu124', 'yiumingh', 'jkim449', 'hlansing', 'twu15', 'bahearn2', 'fadarichev25', 'krkelly', 'jyongc', 'isaacehoffman', 'xdjzero', 'mengcen.li.1', 'azamat.zhunussov', 'rmoser2', 'ksullivan1031', 'perpetual89', 'edgar369', 'jimmyrey6857', 'dbrack29810', 'aerwin12', 'yong.b.lee.73', 'malkows1', 'pasrich2', 'tschop2', 'xyan11', 'oscarto92', 'magerko1', 'luka2', 'ehzheng2', 'sanchet2', 'cha10', 'hbai4', 'do0de', 'jwu10', 'hyebyekadal', 'seo32', 'sanghani27', 'mkjo2', 'user340', 'dschlai2', 'dsukrith', 'kevinnoh91', 'kris.smith.33671', 'weineran', 'shinjani7', 'lflemin2', 'calculuswhiz', 'jfeldmn2', 'tomic2', 'dariusz45', 'hewapar2', 'kwan7', 'yang160', 'akshay9415', 'vtseng2', 'grahl2', 'abhijeet.s92', 'rtarig2', 'meng.huang.3551', 'clee0793', 'stavanp', 'lelouch365789', 'ocanasherreradavid', 'muggly23', 'choquett', 'chaojiliqilin', 'mdreis2', 'livsong1992', 'bojjave2', 'ben.li.33633', 'mynameisniu', 'chiutim', 'awhsu2', 'nathan1', 'aepolicht', 'akim77', 'bryniar2', 'blix1337', 'salfano', 'roosterxie', 'yiren3', 'ashimiz2', 'jdille2', 'aramin2', 'defamationmatrix', 'huimingx24', 'victorboyu.li', 'yyang70', 'rexchen2', 'khc89', None, 'abrunnr2', 'travis.gham', 'mtf545', 'kdatta2', 'darrenchen', 'shingyien085062', 'doris263464790', 'dkt01', 'htycm', 'wie1', 'thomasniu', 'mlowney', 'kaizhi.qian', 'ehdwnsdlz', 'nagaban2', 'robel.arega.5']",122,"['barber9', 'sean.barowsky', 'davidh258', 'e.f.297', 'khunaj', 'robertosuarez', 'morningzz', 'sainirachit060', 'mcyang3', 'yliu160', 'yliu124', 'yiumingh', 'jkim449', 'hlansing', 'jping2', 'twu15', 'bahearn2', 'fadarichev25', 'krkelly', 'jyongc', 'tan.ozdogan', 'isaacehoffman', 'xdjzero', 'mengcen.li.1', 'azamat.zhunussov', 'rmoser2', 'ksullivan1031', 'perpetual89', 'edgar369', 'jimmyrey6857', 'dbrack29810', 'aerwin12', 'yong.b.lee.73', 'shinjani.na92', 'malkows1', 'pasrich2', 'tschop2', 'xyan11', 'oscarto92', 'magerko1', 'luka2', 'ehzheng2', 'sanchet2', 'cha10', 'hbai4', 'do0de', 'jwu10', 'hyebyekadal', 'seo32', 'sanghani27', 'mkjo2', 'user340', 'dschlai2', 'berto1', 'dsukrith', 'kevinnoh91', 'kris.smith.33671', 'weineran', 'shinjani7', 'lflemin2', 'calculuswhiz', 'jfeldmn2', 'tomic2', 'dariusz45', 'hewapar2', 'kwan7', 'yang160', 'akshay9415', 'vtseng2', 'grahl2', 'abhijeet.s92', 'rtarig2', 'meng.huang.3551', 'clee0793', 'stavanp', 'lelouch365789', 'akashkapadia1', 'ocanasherreradavid', 'muggly23', 'choquett', 'chaojiliqilin', 'mdreis2', 'livsong1992', 'bojjave2', 'ben.li.33633', 'mynameisniu', 'chiutim', 'awhsu2', 'nathan1', 'aepolicht', 'akim77', 'bryniar2', 'blix1337', 'salfano', 'roosterxie', 'yiren3', 'ashimiz2', 'jdille2', 'aramin2', 'defamationmatrix', 'huimingx24', 'victorboyu.li', 'yyang70', 'rexchen2', 'khc89', None, 'abrunnr2', 'travis.gham', 'mtf545', 'kdatta2', 'darrenchen', 'shingyien085062', 'doris263464790', 'dkt01', 'htycm', 'wie1', 'thomasniu', 'mlowney', 'kaizhi.qian', 'ehdwnsdlz', 'nagaban2', 'robel.arega.5']"
72,61,8,47,1,['akashkapadia1'],6,"['jping2', 'shinjani.na92', 'tan.ozdogan', 'berto1', 'davidh258', 'sainirachit060']",46,"['blackrose', '4kevin.nicholas', 'erickuo2', 'kgrathb2', 'singh64', 'tai8', 'daisycao111', 'mgonnella41', 'khunaj', 'lyy1218', 'morningzz', 'joe', 'sturt1', 'yliu160', 'jer2000', 'rene.lamb.7', 'kim852', 'bhateja1', 'muggly23', 'insung0224', 'adzhao2', 'offender', 'zzh915', 'bryniar2', 'laurny3', 'captcarisma', 'nquarto2', 'malkows1', 'moose', 'aiwade', 'mholth2', 'clay.chamberlain', 'stephan.erickson.9', 'victorboyu.li', None, 'seth.cazzell', 'xunyu2', 'jones.jonathan.david', 'acastillo93', 'kaizhi.qian', 'pierce20', 'ciclark2', 'wangrenhan', 'okwon6', 'lauschk2', 'robel.arega.5']",53,"['blackrose', '4kevin.nicholas', 'erickuo2', 'kgrathb2', 'davidh258', 'singh64', 'tai8', 'daisycao111', 'mgonnella41', 'khunaj', 'lyy1218', 'morningzz', 'sainirachit060', 'joe', 'sturt1', 'yliu160', 'jer2000', 'akashkapadia1', 'jping2', 'rene.lamb.7', 'kim852', 'bhateja1', 'tan.ozdogan', 'muggly23', 'insung0224', 'adzhao2', 'offender', 'zzh915', 'bryniar2', 'laurny3', 'captcarisma', 'nquarto2', 'shinjani.na92', 'malkows1', 'moose', 'aiwade', 'mholth2', 'clay.chamberlain', 'stephan.erickson.9', 'victorboyu.li', None, 'seth.cazzell', 'xunyu2', 'jones.jonathan.david', 'berto1', 'acastillo93', 'kaizhi.qian', 'pierce20', 'ciclark2', 'wangrenhan', 'okwon6', 'lauschk2', 'robel.arega.5']"
72,62,8,14,1,['jping2'],6,"['akashkapadia1', 'shinjani.na92', 'tan.ozdogan', 'berto1', 'davidh258', 'sainirachit060']",13,"['husak2', 'juniorping928', 'milian2', 'sg2', 'skimonkey1092', 'robert59', 'agrabacki', 'e.f.297', 'manfei.wu', 'iamselewa', 'zachbursich', None, 'tomic2']",20,"['husak2', 'shinjani.na92', 'juniorping928', 'skimonkey1092', 'davidh258', 'e.f.297', 'sainirachit060', None, 'akashkapadia1', 'jping2', 'sg2', 'milian2', 'berto1', 'tan.ozdogan', 'robert59', 'agrabacki', 'manfei.wu', 'iamselewa', 'zachbursich', 'tomic2']"
72,63,8,9,1,['tan.ozdogan'],6,"['akashkapadia1', 'jping2', 'shinjani.na92', 'berto1', 'davidh258', 'sainirachit060']",8,"['deigan2', 'hippocoon', 'sim1313', 'luka2', 'joe', 'vherr2', None, 'freed2']",15,"['deigan2', 'shinjani.na92', 'davidh258', 'luka2', 'sainirachit060', 'joe', None, 'akashkapadia1', 'jping2', 'berto1', 'tan.ozdogan', 'hippocoon', 'sim1313', 'vherr2', 'freed2']"
73,43,8,32,7,"['ljluu1991', 'naylorc', 'wzhichun', 'ravitd', 'ravit.rd10', 'ecpratt', 'manayiiyii']",0,[],25,"['meetvora91', 'govvijay', 'chitvan', 'harrylpc', 'besttth9', 'xiang3509', 'pallerp', 'iris.he.037', 'yqj17', 'hyq1025', 'xlzhao1990', 'dhruvturakhia17', 'swapil', 'michaelwentaoliu', 'xmulucy1991', 'zss', 'lingyao', None, 'yahang.zhang.10', 'hjulian', 'crkagan', 'taotingxue', 'wuconnie', 'jask92', 'xinwanqing19']",32,"['meetvora91', 'govvijay', 'naylorc', 'chitvan', 'ravit.rd10', 'harrylpc', 'besttth9', 'ljluu1991', 'ravitd', 'xiang3509', 'pallerp', 'manayiiyii', 'iris.he.037', 'yqj17', 'hyq1025', 'xlzhao1990', 'dhruvturakhia17', 'ecpratt', 'swapil', 'michaelwentaoliu', 'xmulucy1991', 'zss', 'lingyao', None, 'yahang.zhang.10', 'hjulian', 'crkagan', 'wzhichun', 'taotingxue', 'wuconnie', 'jask92', 'xinwanqing19']"
73,55,8,15,6,"['naylorc', 'wzhichun', 'ravitd', 'ravit.rd10', 'ecpratt', 'manayiiyii']",1,['ljluu1991'],9,"['meetvora91', 'chitvan', 'yqj17', 'dhruvturakhia17', 'pallerp', 'xmulucy1991', 'zss', None, 'lingyao']",16,"['meetvora91', 'naylorc', 'yqj17', 'chitvan', 'dhruvturakhia17', 'ravit.rd10', 'ecpratt', 'xmulucy1991', 'zss', None, 'lingyao', 'ljluu1991', 'wzhichun', 'ravitd', 'pallerp', 'manayiiyii']"
74,3,8,25,4,"['lunajlt', 'pfirth06', 'pintu89', 'pfirth']",3,"['mherrmann', 'mohit.tuteja', 'tanlunfeng']",21,"['rohitmusalay009', 'realmofreals', 'renukavvss', 'nmolleti', 'mervec', 'rvasudevan91', 'vasileska', 'priyam.patel', 'chaitanya.nitta', 'ginni.bhambri', 'mleilaei', 'pkoswatt', 'davidday47', 'jinnuaz', 'holmano', 'jbuck2', 'hongbin.yu', 'nikhil.gona2012', None, 'adar1312', 'ishtayer']",28,"['rohitmusalay009', 'realmofreals', 'pfirth06', 'pfirth', 'renukavvss', 'nmolleti', 'pintu89', 'mervec', 'rvasudevan91', 'lunajlt', 'vasileska', 'priyam.patel', 'mohit.tuteja', 'chaitanya.nitta', 'ginni.bhambri', 'mleilaei', 'davidday47', 'pkoswatt', 'jinnuaz', 'holmano', 'jbuck2', 'mherrmann', 'hongbin.yu', 'nikhil.gona2012', None, 'adar1312', 'tanlunfeng', 'ishtayer']"
76,197,7,7,6,"['eceedrexel', 'noein0122', 'drg56', 'yeutterg', 'amodedude', 'cis26']",0,[],1,[None],7,"['eceedrexel', 'noein0122', 'drg56', 'yeutterg', 'amodedude', None, 'cis26']"
79,171,7,122,3,"['sanchit94gupta', 'hongyangbai', 'louipr']",3,"['zwidder', 'alex.t.zhu', 'okinawanspud']",119,"['ppaul2', 'czhan3', 'sean.barowsky', 'erickuo2', 'e.f.297', 'khunaj', 'robel.arega.5', 'mcyang3', 'sturt1', 'kecheng333', 'yliu124', 'jkim449', 'yiumingh', 'hlansing', 'kim852', 'twu15', 'bahearn2', 'fadarichev25', 'jyongc', 'isaacehoffman', 'dwass', 'xdjzero', 'adzhao2', 'mengcen.li.1', 'rmoser2', 'ksullivan1031', 'edgar369', 'dbrack29810', 'aerwin12', 'ghan4', 'husak2', 'gczajk93', 'chmilsk2', 'xyan11', 'oscarto92', 'luka2', 'clay.chamberlain', 'sanchet2', 'do0de', 'jwu10', 'hyebyekadal', 'sanghani27', 'mkjo2', 'user340', 'dschlai2', 'lburns4', 'kim565', 'dsukrith', 'kevinnoh91', 'agrabacki', 'kris.smith.33671', 'willxyz', 'pierce20', 'ciclark2', 'wangrenhan', 'lauschk2', 'calculuswhiz', 'sophiezhanguiuc', 'jfeldmn2', 'tomic2', 'blackrose', 'hewapar2', 'kwan7', 'tangyuhan123', 'abhijeet.s92', 'grahl2', 'tai8', 'alva2', 'houghto2', 'rtarig2', 'meng.huang.3551', 'tyler.mey', 'clee0793', 'lelouch365789', 'min16', 'chaojiliqilin', 'mdreis2', 'djinkorea', 'insung0224', 'livsong1992', 'ben.li.33633', 'manfei.wu', 'chiutim', 'awhsu2', 'tommyrosengrant', 'zzh915', 'aepolicht', 'joseguadalupeflores', 'anushir2', 'nquarto2', 'blix1337', 'juniorping928', 'salfano', 'roosterxie', 'yiren3', 'ashimiz2', 'hpowen6', 'twang33', 'aiwade', 'aramin2', 'defamationmatrix', 'huimingx24', 'victorboyu.li', 'stephan.erickson.9', 'rexchen2', 'yyang70', 'jiyuxiao', None, 'travis.gham', 'mtf545', 'shingyien085062', 'doris263464790', 'dkt01', 'htycm', 'wie1', 'kcykrishna', 'mlowney', 'lpabon2', 'azamat.zhunussov']",125,"['ppaul2', 'czhan3', 'erickuo2', 'e.f.297', 'khunaj', 'yliu124', 'kim852', 'twu15', 'fadarichev25', 'jyongc', 'isaacehoffman', 'dwass', 'ksullivan1031', 'edgar369', 'alex.t.zhu', 'ghan4', 'husak2', 'gczajk93', 'chmilsk2', 'xyan11', 'luka2', 'do0de', 'jwu10', 'hyebyekadal', 'sanghani27', 'mkjo2', 'lburns4', 'agrabacki', 'kris.smith.33671', 'pierce20', 'ciclark2', 'calculuswhiz', 'sophiezhanguiuc', 'jfeldmn2', 'hewapar2', 'kwan7', 'abhijeet.s92', 'grahl2', 'alva2', 'tyler.mey', 'insung0224', 'ben.li.33633', 'manfei.wu', 'chiutim', 'awhsu2', 'tommyrosengrant', 'zzh915', 'aepolicht', 'joseguadalupeflores', 'anushir2', 'nquarto2', 'blix1337', 'roosterxie', 'yiren3', 'hpowen6', 'aiwade', 'aramin2', 'victorboyu.li', 'rexchen2', 'doris263464790', 'dkt01', 'htycm', 'wie1', 'lpabon2', 'azamat.zhunussov', 'robel.arega.5', 'sean.barowsky', 'mcyang3', 'sturt1', 'kecheng333', 'jkim449', 'yiumingh', 'hlansing', 'bahearn2', 'louipr', 'xdjzero', 'adzhao2', 'mengcen.li.1', 'rmoser2', 'dbrack29810', 'aerwin12', 'oscarto92', 'clay.chamberlain', 'sanchet2', 'zwidder', 'user340', 'dschlai2', 'kim565', 'dsukrith', 'kevinnoh91', 'willxyz', 'wangrenhan', 'lauschk2', 'tomic2', 'blackrose', 'tangyuhan123', 'sanchit94gupta', 'tai8', 'houghto2', 'rtarig2', 'meng.huang.3551', 'clee0793', 'lelouch365789', 'min16', 'chaojiliqilin', 'mdreis2', 'djinkorea', 'livsong1992', 'juniorping928', 'salfano', 'ashimiz2', 'twang33', 'defamationmatrix', 'huimingx24', 'stephan.erickson.9', 'yyang70', 'jiyuxiao', None, 'okinawanspud', 'travis.gham', 'mtf545', 'shingyien085062', 'hongyangbai', 'kcykrishna', 'mlowney']"
79,50,7,74,3,"['hongyangbai', 'alex.t.zhu', 'sanchit94gupta']",3,"['okinawanspud', 'zwidder', 'louipr']",71,"['ppaul2', 'khunaj', 'mcyang3', 'joe', 'sturt1', 'yiumingh', 'sukhusukhu', 'jer2000', 'hlansing', 'fadarichev25', 'bhateja1', 'isaacehoffman', 'mengcen.li.1', 'khatib3', 'ksullivan1031', 'brunngr2', 'gromko1', 'edgar369', 'husak2', 'gczajk93', 'chmilsk2', 'pasrich2', 'oscarto92', 'trevor.freberg.7', 'xyan11', 'ehzheng2', 'sanchet2', 'do0de', 'jwu10', 'dschlai2', 'dsukrith', 'willxyz', 'kris.smith.33671', 'ciclark2', 'tomic2', 'calculuswhiz', 'hewapar2', 'kwan7', 'abhijeet.s92', 'grahl2', 'alva2', 'meng.huang.3551', 'lelouch365789', 'milian2', 'chaojiliqilin', 'hippocoon', 'djinkorea', 'insung0224', 'mdreis2', 'bojjave2', 'manfei.wu', 'awhsu2', 'zzh915', 'aepolicht', 'zijian.li.37', 'jkillini12', 'anushir2', 'salfano', 'jdille2', 'defamationmatrix', 'huimingx24', 'aramin2', 'rexchen2', None, 'anusha.nagabandi', 'travis.gham', 'shingyien085062', 'dkt01', 'htycm', 'freed2', 'azamat.zhunussov']",77,"['ppaul2', 'khunaj', 'mcyang3', 'joe', 'sturt1', 'yiumingh', 'sukhusukhu', 'jer2000', 'hlansing', 'fadarichev25', 'louipr', 'bhateja1', 'isaacehoffman', 'mengcen.li.1', 'khatib3', 'ksullivan1031', 'brunngr2', 'gromko1', 'edgar369', 'alex.t.zhu', 'husak2', 'gczajk93', 'chmilsk2', 'pasrich2', 'oscarto92', 'trevor.freberg.7', 'xyan11', 'ehzheng2', 'sanchet2', 'do0de', 'zwidder', 'jwu10', 'dschlai2', 'dsukrith', 'willxyz', 'kris.smith.33671', 'ciclark2', 'tomic2', 'calculuswhiz', 'hewapar2', 'kwan7', 'sanchit94gupta', 'abhijeet.s92', 'grahl2', 'alva2', 'meng.huang.3551', 'lelouch365789', 'milian2', 'chaojiliqilin', 'hippocoon', 'djinkorea', 'insung0224', 'mdreis2', 'bojjave2', 'manfei.wu', 'awhsu2', 'zzh915', 'aepolicht', 'zijian.li.37', 'jkillini12', 'anushir2', 'salfano', 'jdille2', 'defamationmatrix', 'huimingx24', 'aramin2', 'rexchen2', None, 'anusha.nagabandi', 'okinawanspud', 'travis.gham', 'shingyien085062', 'hongyangbai', 'dkt01', 'htycm', 'freed2', 'azamat.zhunussov']"
79,172,7,57,2,"['alex.t.zhu', 'okinawanspud']",4,"['sanchit94gupta', 'hongyangbai', 'zwidder', 'louipr']",55,"['blackrose', '4kevin.nicholas', 'rzuravel', 'reddcube', 'dariusz45', 'kgrathb2', 'tai8', 'daisycao111', 'mgonnella41', 'khunaj', 'lyy1218', 'robertosuarez', 'sturt1', 'yliu160', 'kecheng333', 'lelouch365789', 'rene.lamb.7', 'kim852', 'blackrose4804', 'bhateja1', 'djinkorea', 'livsong1992', 'adzhao2', 'bwjohns2', 'gromko1', 'kapadia3', 'bdickin2', 'captcarisma', 'nquarto2', 'jake.mozack', 'shinjani', 'moose', 'oscarto92', 'jdille2', 'mholth2', 'clay.chamberlain', 'victorboyu.li', 'cha10', None, 'seth.cazzell', 'xunyu2', 'travis.gham', 'chewethy', 'jones.jonathan.david', 'lburns4', 'acastillo93', 'simmi', 'mlowney', 'kaizhi.qian', 'kris.smith.33671', 'pierce20', 'ciclark2', 'wangrenhan', 'nagaban2', 'lauschk2']",61,"['blackrose', '4kevin.nicholas', 'rzuravel', 'reddcube', 'dariusz45', 'sanchit94gupta', 'kgrathb2', 'tai8', 'daisycao111', 'mgonnella41', 'khunaj', 'lyy1218', 'robertosuarez', 'sturt1', 'yliu160', 'kecheng333', 'lelouch365789', 'rene.lamb.7', 'kim852', 'louipr', 'blackrose4804', 'bhateja1', 'djinkorea', 'livsong1992', 'adzhao2', 'bwjohns2', 'gromko1', 'kapadia3', 'bdickin2', 'captcarisma', 'alex.t.zhu', 'nquarto2', 'jake.mozack', 'shinjani', 'moose', 'oscarto92', 'jdille2', 'mholth2', 'clay.chamberlain', 'victorboyu.li', 'cha10', 'zwidder', None, 'seth.cazzell', 'okinawanspud', 'xunyu2', 'travis.gham', 'chewethy', 'hongyangbai', 'jones.jonathan.david', 'lburns4', 'acastillo93', 'simmi', 'mlowney', 'kaizhi.qian', 'kris.smith.33671', 'pierce20', 'ciclark2', 'wangrenhan', 'nagaban2', 'lauschk2']"
79,52,7,47,3,"['okinawanspud', 'zwidder', 'louipr']",3,"['hongyangbai', 'alex.t.zhu', 'sanchit94gupta']",44,"['dariusz45', 'reddcube', 'rwang15', '4kevin.nicholas', 'rzuravel', 'vanillayyy', 'erickuo2', 'kgrathb2', 'singh64', 'tai8', 'khunaj', 'mgonnella41', 'lyy1218', 'wrmitch1', 'kecheng333', 'yliu160', 'zjpahle', 'rene.lamb.7', 'kim852', 'offender', 'brunngr2', 'amar712', 'blix1337', 'gczajk93', 'tianyi1992', 'aaron12', 'oscarto92', 'jaspreety86', 'clay.chamberlain', 'victorboyu.li', 'rexchen2', None, 'seth.cazzell', 'xunyu2', 'chewethy', 'agujja', 'jones.jonathan.david', 'lburns4', 'mlowney', 'mstyvejr', 'pierce20', 'laurny13.lt', 'okwon6', 'lflemin2']",50,"['dariusz45', 'reddcube', 'rwang15', '4kevin.nicholas', 'rzuravel', 'sanchit94gupta', 'vanillayyy', 'erickuo2', 'kgrathb2', 'singh64', 'tai8', 'khunaj', 'mgonnella41', 'lyy1218', 'wrmitch1', 'kecheng333', 'yliu160', 'zjpahle', 'rene.lamb.7', 'kim852', 'louipr', 'offender', 'brunngr2', 'alex.t.zhu', 'amar712', 'blix1337', 'gczajk93', 'tianyi1992', 'aaron12', 'oscarto92', 'jaspreety86', 'clay.chamberlain', 'victorboyu.li', 'rexchen2', 'zwidder', None, 'seth.cazzell', 'okinawanspud', 'xunyu2', 'chewethy', 'agujja', 'hongyangbai', 'jones.jonathan.david', 'lburns4', 'mlowney', 'mstyvejr', 'pierce20', 'laurny13.lt', 'okwon6', 'lflemin2']"
79,176,7,10,1,['zwidder'],5,"['alex.t.zhu', 'sanchit94gupta', 'louipr', 'hongyangbai', 'okinawanspud']",9,"['hippocoon', 'luka2', 'mstyvejr', 'payal.vazirani', 'joe', 'vherr2', None, 'freed2', 'robel.arega.5']",15,"['alex.t.zhu', 'sanchit94gupta', 'luka2', 'joe', 'zwidder', None, 'okinawanspud', 'louipr', 'hongyangbai', 'hippocoon', 'mstyvejr', 'payal.vazirani', 'vherr2', 'freed2', 'robel.arega.5']"
82,89,7,17,5,"['pdshah', 'nishanth.bhimireddy', 'raveen', 'santoshlaxmaihgari', 'divya44']",1,['fisherdj'],12,"['kiranbobbala9', 'amitech84', 'manandwa', 'daidaista', 'aysan.abedinpour', 'pkgandhi', 'rpromyoo', 'vinay.chow', 'mohammed.samad.7', 'ankitrakesh', None, 'ashik.reddy1']",18,"['kiranbobbala9', 'manandwa', 'daidaista', 'aysan.abedinpour', 'raveen', 'vinay.chow', 'mohammed.samad.7', 'fisherdj', 'ankitrakesh', None, 'ashik.reddy1', 'rpromyoo', 'amitech84', 'pdshah', 'nishanth.bhimireddy', 'pkgandhi', 'santoshlaxmaihgari', 'divya44']"
83,25,7,16,6,"['csnyde23', 'dryz', 'ksmith47', '1loukhya', 'mjalalifar', 'zhhanyuan']",0,[],10,"['naren1125', 'avala.lokesh', 'mmnavidi', 'khite', 'bhargavi123', 'xuehewang', 'sandeep220692', 'ebaran10', None, 'ushakalyani.a']",16,"['csnyde23', '1loukhya', 'ksmith47', 'avala.lokesh', 'mjalalifar', 'bhargavi123', 'sandeep220692', 'ebaran10', None, 'naren1125', 'dryz', 'mmnavidi', 'khite', 'xuehewang', 'zhhanyuan', 'ushakalyani.a']"
83,24,7,13,5,"['csnyde23', 'ksmith47', '1loukhya', 'mjalalifar', 'zhhanyuan']",1,['dryz'],8,"['naren1125', 'zenaneh', 'lekuchipudi', 'bhargavi123', 'xuehewang', 'sandeep220692', None, 'ushakalyani.a']",14,"['csnyde23', '1loukhya', 'ksmith47', 'mjalalifar', 'bhargavi123', 'sandeep220692', None, 'naren1125', 'dryz', 'zenaneh', 'lekuchipudi', 'xuehewang', 'zhhanyuan', 'ushakalyani.a']"
83,118,7,11,6,"['csnyde23', 'dryz', 'ksmith47', '1loukhya', 'mjalalifar', 'zhhanyuan']",0,[],5,"['bhargavi123', 'xuehewang', 'sandeep220692', None, 'ushakalyani.a']",11,"['csnyde23', '1loukhya', 'ksmith47', 'mjalalifar', 'bhargavi123', 'sandeep220692', None, 'dryz', 'xuehewang', 'zhhanyuan', 'ushakalyani.a']"
87,171,6,122,2,"['isaacehoffman', 'huimingx24']",3,"['4kevin.nicholas', 'seth.cazzell', 'xunyu2']",120,"['ppaul2', 'czhan3', 'sean.barowsky', 'erickuo2', 'e.f.297', 'khunaj', 'robel.arega.5', 'mcyang3', 'sturt1', 'kecheng333', 'yliu124', 'jkim449', 'yiumingh', 'hlansing', 'kim852', 'twu15', 'bahearn2', 'fadarichev25', 'louipr', 'jyongc', 'dwass', 'xdjzero', 'adzhao2', 'mengcen.li.1', 'rmoser2', 'ksullivan1031', 'edgar369', 'dbrack29810', 'aerwin12', 'ghan4', 'husak2', 'gczajk93', 'chmilsk2', 'xyan11', 'oscarto92', 'luka2', 'clay.chamberlain', 'sanchet2', 'do0de', 'jwu10', 'hyebyekadal', 'sanghani27', 'mkjo2', 'user340', 'dschlai2', 'lburns4', 'kim565', 'dsukrith', 'kevinnoh91', 'agrabacki', 'kris.smith.33671', 'willxyz', 'pierce20', 'ciclark2', 'wangrenhan', 'lauschk2', 'calculuswhiz', 'sophiezhanguiuc', 'jfeldmn2', 'tomic2', 'blackrose', 'hewapar2', 'kwan7', 'tangyuhan123', 'sanchit94gupta', 'abhijeet.s92', 'grahl2', 'tai8', 'alva2', 'houghto2', 'rtarig2', 'meng.huang.3551', 'tyler.mey', 'clee0793', 'lelouch365789', 'min16', 'chaojiliqilin', 'mdreis2', 'djinkorea', 'insung0224', 'livsong1992', 'ben.li.33633', 'manfei.wu', 'chiutim', 'awhsu2', 'tommyrosengrant', 'zzh915', 'aepolicht', 'joseguadalupeflores', 'anushir2', 'nquarto2', 'blix1337', 'juniorping928', 'salfano', 'roosterxie', 'yiren3', 'ashimiz2', 'hpowen6', 'twang33', 'aiwade', 'aramin2', 'defamationmatrix', 'victorboyu.li', 'stephan.erickson.9', 'rexchen2', 'yyang70', 'jiyuxiao', None, 'travis.gham', 'mtf545', 'shingyien085062', 'doris263464790', 'hongyangbai', 'dkt01', 'htycm', 'wie1', 'kcykrishna', 'mlowney', 'lpabon2', 'azamat.zhunussov']",125,"['4kevin.nicholas', 'ppaul2', 'czhan3', 'sean.barowsky', 'erickuo2', 'e.f.297', 'khunaj', 'robel.arega.5', 'mcyang3', 'sturt1', 'kecheng333', 'yliu124', 'jkim449', 'yiumingh', 'hlansing', 'kim852', 'twu15', 'bahearn2', 'fadarichev25', 'louipr', 'jyongc', 'isaacehoffman', 'dwass', 'xdjzero', 'adzhao2', 'mengcen.li.1', 'rmoser2', 'ksullivan1031', 'edgar369', 'dbrack29810', 'aerwin12', 'ghan4', 'husak2', 'gczajk93', 'chmilsk2', 'xyan11', 'oscarto92', 'luka2', 'clay.chamberlain', 'sanchet2', 'do0de', 'jwu10', 'seth.cazzell', 'xunyu2', 'hyebyekadal', 'sanghani27', 'mkjo2', 'user340', 'dschlai2', 'lburns4', 'kim565', 'dsukrith', 'kevinnoh91', 'agrabacki', 'kris.smith.33671', 'willxyz', 'pierce20', 'ciclark2', 'wangrenhan', 'lauschk2', 'calculuswhiz', 'sophiezhanguiuc', 'jfeldmn2', 'tomic2', 'blackrose', 'hewapar2', 'kwan7', 'tangyuhan123', 'sanchit94gupta', 'abhijeet.s92', 'grahl2', 'tai8', 'alva2', 'houghto2', 'rtarig2', 'meng.huang.3551', 'tyler.mey', 'clee0793', 'lelouch365789', 'min16', 'chaojiliqilin', 'mdreis2', 'djinkorea', 'insung0224', 'livsong1992', 'ben.li.33633', 'manfei.wu', 'chiutim', 'awhsu2', 'tommyrosengrant', 'zzh915', 'aepolicht', 'joseguadalupeflores', 'anushir2', 'nquarto2', 'blix1337', 'juniorping928', 'salfano', 'roosterxie', 'yiren3', 'ashimiz2', 'hpowen6', 'twang33', 'aiwade', 'aramin2', 'huimingx24', 'defamationmatrix', 'victorboyu.li', 'stephan.erickson.9', 'rexchen2', 'yyang70', 'jiyuxiao', None, 'travis.gham', 'mtf545', 'shingyien085062', 'doris263464790', 'hongyangbai', 'dkt01', 'htycm', 'wie1', 'kcykrishna', 'mlowney', 'lpabon2', 'azamat.zhunussov']"
87,60,6,120,2,"['isaacehoffman', 'huimingx24']",3,"['4kevin.nicholas', 'seth.cazzell', 'xunyu2']",118,"['barber9', 'sean.barowsky', 'davidh258', 'e.f.297', 'khunaj', 'robertosuarez', 'morningzz', 'mcyang3', 'sainirachit060', 'yliu160', 'yliu124', 'yiumingh', 'jkim449', 'hlansing', 'twu15', 'bahearn2', 'fadarichev25', 'krkelly', 'jyongc', 'xdjzero', 'mengcen.li.1', 'azamat.zhunussov', 'rmoser2', 'ksullivan1031', 'perpetual89', 'edgar369', 'jimmyrey6857', 'dbrack29810', 'aerwin12', 'yong.b.lee.73', 'shinjani.na92', 'malkows1', 'pasrich2', 'tschop2', 'xyan11', 'oscarto92', 'magerko1', 'luka2', 'ehzheng2', 'sanchet2', 'cha10', 'hbai4', 'do0de', 'jwu10', 'hyebyekadal', 'seo32', 'sanghani27', 'mkjo2', 'user340', 'dschlai2', 'berto1', 'dsukrith', 'kevinnoh91', 'kris.smith.33671', 'weineran', 'shinjani7', 'lflemin2', 'calculuswhiz', 'jfeldmn2', 'tomic2', 'dariusz45', 'hewapar2', 'kwan7', 'yang160', 'akshay9415', 'vtseng2', 'grahl2', 'abhijeet.s92', 'rtarig2', 'meng.huang.3551', 'clee0793', 'stavanp', 'lelouch365789', 'akashkapadia1', 'ocanasherreradavid', 'muggly23', 'choquett', 'chaojiliqilin', 'mdreis2', 'livsong1992', 'bojjave2', 'ben.li.33633', 'mynameisniu', 'chiutim', 'awhsu2', 'nathan1', 'aepolicht', 'akim77', 'bryniar2', 'blix1337', 'salfano', 'roosterxie', 'yiren3', 'ashimiz2', 'jdille2', 'aramin2', 'defamationmatrix', 'victorboyu.li', 'yyang70', 'rexchen2', 'khc89', None, 'abrunnr2', 'travis.gham', 'mtf545', 'kdatta2', 'darrenchen', 'shingyien085062', 'doris263464790', 'dkt01', 'htycm', 'wie1', 'thomasniu', 'mlowney', 'kaizhi.qian', 'ehdwnsdlz', 'nagaban2', 'robel.arega.5']",123,"['4kevin.nicholas', 'barber9', 'sean.barowsky', 'davidh258', 'e.f.297', 'khunaj', 'robertosuarez', 'morningzz', 'mcyang3', 'sainirachit060', 'yliu160', 'yliu124', 'yiumingh', 'jkim449', 'hlansing', 'twu15', 'bahearn2', 'fadarichev25', 'krkelly', 'jyongc', 'isaacehoffman', 'xdjzero', 'mengcen.li.1', 'azamat.zhunussov', 'rmoser2', 'ksullivan1031', 'perpetual89', 'edgar369', 'jimmyrey6857', 'dbrack29810', 'aerwin12', 'yong.b.lee.73', 'shinjani.na92', 'malkows1', 'pasrich2', 'tschop2', 'xyan11', 'oscarto92', 'magerko1', 'luka2', 'ehzheng2', 'sanchet2', 'cha10', 'hbai4', 'do0de', 'jwu10', 'seth.cazzell', 'xunyu2', 'hyebyekadal', 'seo32', 'sanghani27', 'mkjo2', 'user340', 'dschlai2', 'berto1', 'dsukrith', 'kevinnoh91', 'kris.smith.33671', 'weineran', 'shinjani7', 'lflemin2', 'calculuswhiz', 'jfeldmn2', 'tomic2', 'dariusz45', 'hewapar2', 'kwan7', 'yang160', 'akshay9415', 'vtseng2', 'grahl2', 'abhijeet.s92', 'rtarig2', 'meng.huang.3551', 'clee0793', 'stavanp', 'lelouch365789', 'akashkapadia1', 'ocanasherreradavid', 'muggly23', 'choquett', 'chaojiliqilin', 'mdreis2', 'livsong1992', 'bojjave2', 'ben.li.33633', 'mynameisniu', 'chiutim', 'awhsu2', 'nathan1', 'aepolicht', 'akim77', 'bryniar2', 'blix1337', 'salfano', 'roosterxie', 'yiren3', 'ashimiz2', 'jdille2', 'aramin2', 'huimingx24', 'defamationmatrix', 'victorboyu.li', 'yyang70', 'rexchen2', 'khc89', None, 'abrunnr2', 'travis.gham', 'mtf545', 'kdatta2', 'darrenchen', 'shingyien085062', 'doris263464790', 'dkt01', 'htycm', 'wie1', 'thomasniu', 'mlowney', 'kaizhi.qian', 'ehdwnsdlz', 'nagaban2', 'robel.arega.5']"
87,50,6,74,2,"['isaacehoffman', 'huimingx24']",3,"['4kevin.nicholas', 'seth.cazzell', 'xunyu2']",72,"['ppaul2', 'khunaj', 'mcyang3', 'joe', 'sturt1', 'yiumingh', 'sukhusukhu', 'jer2000', 'hlansing', 'fadarichev25', 'bhateja1', 'mengcen.li.1', 'khatib3', 'ksullivan1031', 'brunngr2', 'gromko1', 'edgar369', 'alex.t.zhu', 'husak2', 'gczajk93', 'chmilsk2', 'pasrich2', 'oscarto92', 'trevor.freberg.7', 'xyan11', 'ehzheng2', 'sanchet2', 'do0de', 'jwu10', 'dschlai2', 'dsukrith', 'willxyz', 'kris.smith.33671', 'ciclark2', 'tomic2', 'calculuswhiz', 'hewapar2', 'kwan7', 'sanchit94gupta', 'abhijeet.s92', 'grahl2', 'alva2', 'meng.huang.3551', 'lelouch365789', 'milian2', 'chaojiliqilin', 'hippocoon', 'djinkorea', 'insung0224', 'mdreis2', 'bojjave2', 'manfei.wu', 'awhsu2', 'zzh915', 'aepolicht', 'zijian.li.37', 'jkillini12', 'anushir2', 'salfano', 'jdille2', 'defamationmatrix', 'aramin2', 'rexchen2', None, 'anusha.nagabandi', 'travis.gham', 'shingyien085062', 'hongyangbai', 'dkt01', 'htycm', 'freed2', 'azamat.zhunussov']",77,"['4kevin.nicholas', 'ppaul2', 'khunaj', 'mcyang3', 'joe', 'sturt1', 'yiumingh', 'sukhusukhu', 'jer2000', 'hlansing', 'fadarichev25', 'bhateja1', 'isaacehoffman', 'mengcen.li.1', 'khatib3', 'ksullivan1031', 'brunngr2', 'gromko1', 'edgar369', 'alex.t.zhu', 'husak2', 'gczajk93', 'chmilsk2', 'pasrich2', 'oscarto92', 'trevor.freberg.7', 'xyan11', 'ehzheng2', 'sanchet2', 'do0de', 'jwu10', 'seth.cazzell', 'xunyu2', 'dschlai2', 'dsukrith', 'willxyz', 'kris.smith.33671', 'ciclark2', 'tomic2', 'calculuswhiz', 'hewapar2', 'kwan7', 'sanchit94gupta', 'abhijeet.s92', 'grahl2', 'alva2', 'meng.huang.3551', 'lelouch365789', 'milian2', 'chaojiliqilin', 'hippocoon', 'djinkorea', 'insung0224', 'mdreis2', 'bojjave2', 'manfei.wu', 'awhsu2', 'zzh915', 'aepolicht', 'zijian.li.37', 'jkillini12', 'anushir2', 'salfano', 'jdille2', 'defamationmatrix', 'huimingx24', 'aramin2', 'rexchen2', None, 'anusha.nagabandi', 'travis.gham', 'shingyien085062', 'hongyangbai', 'dkt01', 'htycm', 'freed2', 'azamat.zhunussov']"
87,172,6,57,3,"['4kevin.nicholas', 'seth.cazzell', 'xunyu2']",2,"['isaacehoffman', 'huimingx24']",54,"['blackrose', 'rzuravel', 'reddcube', 'dariusz45', 'kgrathb2', 'tai8', 'daisycao111', 'mgonnella41', 'khunaj', 'lyy1218', 'robertosuarez', 'sturt1', 'yliu160', 'kecheng333', 'lelouch365789', 'rene.lamb.7', 'kim852', 'blackrose4804', 'bhateja1', 'djinkorea', 'livsong1992', 'adzhao2', 'bwjohns2', 'gromko1', 'kapadia3', 'bdickin2', 'captcarisma', 'alex.t.zhu', 'nquarto2', 'jake.mozack', 'shinjani', 'moose', 'oscarto92', 'jdille2', 'mholth2', 'clay.chamberlain', 'victorboyu.li', 'cha10', None, 'okinawanspud', 'travis.gham', 'chewethy', 'jones.jonathan.david', 'lburns4', 'acastillo93', 'simmi', 'mlowney', 'kaizhi.qian', 'kris.smith.33671', 'pierce20', 'ciclark2', 'wangrenhan', 'nagaban2', 'lauschk2']",59,"['4kevin.nicholas', 'blackrose', 'rzuravel', 'reddcube', 'dariusz45', 'kgrathb2', 'tai8', 'daisycao111', 'mgonnella41', 'khunaj', 'lyy1218', 'robertosuarez', 'sturt1', 'yliu160', 'kecheng333', 'lelouch365789', 'rene.lamb.7', 'kim852', 'blackrose4804', 'bhateja1', 'djinkorea', 'livsong1992', 'isaacehoffman', 'adzhao2', 'bwjohns2', 'gromko1', 'kapadia3', 'bdickin2', 'captcarisma', 'alex.t.zhu', 'nquarto2', 'jake.mozack', 'shinjani', 'moose', 'oscarto92', 'jdille2', 'mholth2', 'clay.chamberlain', 'huimingx24', 'victorboyu.li', 'cha10', None, 'seth.cazzell', 'xunyu2', 'okinawanspud', 'travis.gham', 'chewethy', 'jones.jonathan.david', 'lburns4', 'acastillo93', 'simmi', 'mlowney', 'kaizhi.qian', 'kris.smith.33671', 'pierce20', 'ciclark2', 'wangrenhan', 'nagaban2', 'lauschk2']"
87,52,6,47,3,"['4kevin.nicholas', 'seth.cazzell', 'xunyu2']",2,"['isaacehoffman', 'huimingx24']",44,"['dariusz45', 'reddcube', 'rwang15', 'rzuravel', 'vanillayyy', 'erickuo2', 'kgrathb2', 'singh64', 'tai8', 'khunaj', 'mgonnella41', 'lyy1218', 'wrmitch1', 'kecheng333', 'yliu160', 'zjpahle', 'rene.lamb.7', 'kim852', 'louipr', 'offender', 'brunngr2', 'amar712', 'blix1337', 'gczajk93', 'tianyi1992', 'aaron12', 'oscarto92', 'jaspreety86', 'clay.chamberlain', 'victorboyu.li', 'rexchen2', 'zwidder', None, 'okinawanspud', 'chewethy', 'agujja', 'jones.jonathan.david', 'lburns4', 'mlowney', 'mstyvejr', 'pierce20', 'laurny13.lt', 'okwon6', 'lflemin2']",49,"['4kevin.nicholas', 'dariusz45', 'reddcube', 'rwang15', 'rzuravel', 'vanillayyy', 'erickuo2', 'kgrathb2', 'singh64', 'tai8', 'khunaj', 'mgonnella41', 'lyy1218', 'wrmitch1', 'kecheng333', 'yliu160', 'zjpahle', 'rene.lamb.7', 'kim852', 'louipr', 'isaacehoffman', 'offender', 'brunngr2', 'amar712', 'blix1337', 'gczajk93', 'tianyi1992', 'aaron12', 'oscarto92', 'jaspreety86', 'clay.chamberlain', 'huimingx24', 'victorboyu.li', 'rexchen2', 'zwidder', None, 'seth.cazzell', 'xunyu2', 'okinawanspud', 'chewethy', 'agujja', 'jones.jonathan.david', 'lburns4', 'mlowney', 'mstyvejr', 'pierce20', 'laurny13.lt', 'okwon6', 'lflemin2']"
87,61,6,47,3,"['4kevin.nicholas', 'seth.cazzell', 'xunyu2']",2,"['isaacehoffman', 'huimingx24']",44,"['blackrose', 'erickuo2', 'kgrathb2', 'singh64', 'tai8', 'daisycao111', 'mgonnella41', 'khunaj', 'lyy1218', 'morningzz', 'joe', 'sturt1', 'yliu160', 'jer2000', 'akashkapadia1', 'rene.lamb.7', 'kim852', 'bhateja1', 'muggly23', 'insung0224', 'adzhao2', 'offender', 'zzh915', 'bryniar2', 'laurny3', 'captcarisma', 'nquarto2', 'malkows1', 'moose', 'aiwade', 'mholth2', 'clay.chamberlain', 'stephan.erickson.9', 'victorboyu.li', None, 'jones.jonathan.david', 'acastillo93', 'kaizhi.qian', 'pierce20', 'ciclark2', 'wangrenhan', 'okwon6', 'lauschk2', 'robel.arega.5']",49,"['4kevin.nicholas', 'blackrose', 'erickuo2', 'kgrathb2', 'singh64', 'tai8', 'daisycao111', 'mgonnella41', 'khunaj', 'lyy1218', 'morningzz', 'joe', 'sturt1', 'yliu160', 'jer2000', 'akashkapadia1', 'rene.lamb.7', 'kim852', 'bhateja1', 'muggly23', 'insung0224', 'isaacehoffman', 'adzhao2', 'offender', 'zzh915', 'bryniar2', 'laurny3', 'captcarisma', 'nquarto2', 'malkows1', 'moose', 'aiwade', 'mholth2', 'clay.chamberlain', 'huimingx24', 'stephan.erickson.9', 'victorboyu.li', None, 'seth.cazzell', 'xunyu2', 'jones.jonathan.david', 'acastillo93', 'kaizhi.qian', 'pierce20', 'ciclark2', 'wangrenhan', 'okwon6', 'lauschk2', 'robel.arega.5']"
