MClusterID,XClusterID,MClusterSize,XClusterSize,OverlapSize,OverlapMembers,MOnlySize,MOnlyMembers,XOnlySize,XOnlyMembers,CombinedSize,CombinedMembers
1,200,117,96,92,"['abdo.koban', 'sana.ilhussainy', 'maioya_613', 'heshamalking36', 'mernahesham', 'ahmed_ghoniem57', 'lina_eissa', 'mizoomazen', 'nardine1011', 'm1o88', 'ahmedghoniem57', 'ahmed72671996', 'yousssef', 'eng.mahmoudreda96', 'vamosrafa199795', 'hakim2222', 'nora.morsy97', 'ayman_tarek', 'eleia2796', 'omarabdelwhab685', 'aga19', 'areeg', 'shepherd_96', 'o.essam17', 'ra', 'rana.ashraf1001', 'hendatef60', 'abdo96ali', 'yassminsabry', 'm.magdy5042003', 'elhady.body', 'omarhamdy1995', 'abdalrahman_gamal', 'mustafaabaas', 'omarmahmoud333333', 'kareemwaheed', 'marlin', 'body_magdy2007', 'akramestta', 'aya.noby', 'm.samir12345', 'ahmedola88', 'omar_khaled880', 'ahmed.deeb5862', 'a.ramadan2014', 'hagar26hossam', 'ahmed.asaad.elkafrawy', 'zeinab.ali96', 'sliver31115', 'ramymamdouh', 'ahmed.mado1996', 'manar.ashraf373', 'belle1996d', 'yasserm.ali1', 'eslam5khaled16', 'mone.2020', 'omaressam20104', 'muhammad_gamal123', 'randa.riri1996', 'mayarmahmoud', 'catherine.amir20', 'eemysoma', 'ahmedragab', 'saber2011', 'omar.aadel58', 'achrafoly', 'sarah20162015', 'ahmed_elanwar96', 'asallamuhsen', 'e55', 'amrmedhat311', 'sinderila030', 'fatmareda93', 'ahmed1281996', 'myadazaki', 'mirna29', 'michaeluhu', 'tasneemasememam', 'karimahmedalaa', 'dido.anwar', 'moamen3001', 'junction123', 'abodaelgammal2018', 'mahmoudelatrby', 'amany', 'ayaghobashy', 'sarahmahmoud129', 'tote641', 'youssefelmasry1041996', 'fayrouz.yehia98', 'mo7med3id', 'khaledadel25']",25,"['omarwmash3al', 'omarfouad2410', 'anumolsasi69', 'mohamedmeda7', 'huangjun', 'h.b.profijt', 'josephsafwat', 'phaddad', 'amitkumarsingh89', 'iclibera', 'muhammed.abogamea', 'mahmoudzohdy', 'atbir2005', 'mreinkehh', 'joesmerdon', 'bluerose', 'salmakhaled248', 'eng.nourhan188', 'abdoahmed1996', 'safaa_ahmed', 'alydsz5', 'shake90', 'choiseoyoung8', 'sunsage', 'tuanpv']",4,"['ashraf_372', 'yoyo_ashraf22', 'alycool2', 'ahd12']",121,"['abdo.koban', 'sana.ilhussainy', 'maioya_613', 'anumolsasi69', 'mohamedmeda7', 'heshamalking36', 'mernahesham', 'ahmed_ghoniem57', 'h.b.profijt', 'lina_eissa', 'mizoomazen', 'phaddad', 'nardine1011', 'm1o88', 'ahmedghoniem57', 'atbir2005', 'alycool2', 'ahmed72671996', 'yousssef', 'eng.mahmoudreda96', 'vamosrafa199795', 'hakim2222', 'nora.morsy97', 'alydsz5', 'shake90', 'ayman_tarek', 'eleia2796', 'ahd12', 'omarabdelwhab685', 'aga19', 'areeg', 'shepherd_96', 'o.essam17', 'ra', 'huangjun', 'rana.ashraf1001', 'hendatef60', 'josephsafwat', 'amitkumarsingh89', 'abdo96ali', 'yassminsabry', 'ashraf_372', 'm.magdy5042003', 'muhammed.abogamea', 'elhady.body', 'omarhamdy1995', 'abdalrahman_gamal', 'mustafaabaas', 'salmakhaled248', 'omarmahmoud333333', 'kareemwaheed', 'eng.nourhan188', 'marlin', 'yoyo_ashraf22', 'body_magdy2007', 'akramestta', 'aya.noby', 'm.samir12345', 'ahmedola88', 'omarwmash3al', 'ahmed.deeb5862', 'omar_khaled880', 'a.ramadan2014', 'hagar26hossam', 'omarfouad2410', 'ahmed.asaad.elkafrawy', 'zeinab.ali96', 'sliver31115', 'ramymamdouh', 'ahmed.mado1996', 'manar.ashraf373', 'belle1996d', 'yasserm.ali1', 'iclibera', 'eslam5khaled16', 'mone.2020', 'omaressam20104', 'mahmoudzohdy', 'muhammad_gamal123', 'randa.riri1996', 'mreinkehh', 'joesmerdon', 'mayarmahmoud', 'bluerose', 'catherine.amir20', 'eemysoma', 'ahmedragab', 'abdoahmed1996', 'saber2011', 'choiseoyoung8', 'sunsage', 'omar.aadel58', 'achrafoly', 'sarah20162015', 'ahmed_elanwar96', 'asallamuhsen', 'e55', 'amrmedhat311', 'sinderila030', 'fatmareda93', 'ahmed1281996', 'myadazaki', 'mirna29', 'michaeluhu', 'tasneemasememam', 'karimahmedalaa', 'dido.anwar', 'moamen3001', 'junction123', 'abodaelgammal2018', 'safaa_ahmed', 'mahmoudelatrby', 'amany', 'tuanpv', 'ayaghobashy', 'sarahmahmoud129', 'tote641', 'youssefelmasry1041996', 'fayrouz.yehia98', 'mo7med3id', 'khaledadel25']"
1,201,117,13,2,"['alydsz5', 'anumolsasi69']",115,"['ahmedola88', 'omarwmash3al', 'ahmed.deeb5862', 'omar_khaled880', 'abdo.koban', 'a.ramadan2014', 'hagar26hossam', 'sana.ilhussainy', 'omarfouad2410', 'maioya_613', 'ahmed.asaad.elkafrawy', 'mohamedmeda7', 'heshamalking36', 'mernahesham', 'zeinab.ali96', 'ahmed_ghoniem57', 'sliver31115', 'ramymamdouh', 'h.b.profijt', 'ahmed.mado1996', 'lina_eissa', 'mizoomazen', 'manar.ashraf373', 'phaddad', 'nardine1011', 'belle1996d', 'yasserm.ali1', 'iclibera', 'eslam5khaled16', 'mone.2020', 'm1o88', 'omaressam20104', 'ahmedghoniem57', 'mahmoudzohdy', 'atbir2005', 'muhammad_gamal123', 'ahmed72671996', 'randa.riri1996', 'mreinkehh', 'joesmerdon', 'yousssef', 'mayarmahmoud', 'bluerose', 'catherine.amir20', 'eemysoma', 'ahmedragab', 'eng.mahmoudreda96', 'abdoahmed1996', 'saber2011', 'vamosrafa199795', 'hakim2222', 'nora.morsy97', 'shake90', 'ayman_tarek', 'eleia2796', 'choiseoyoung8', 'omarabdelwhab685', 'sunsage', 'omar.aadel58', 'aga19', 'areeg', 'achrafoly', 'sarah20162015', 'ahmed_elanwar96', 'asallamuhsen', 'e55', 'shepherd_96', 'o.essam17', 'ra', 'huangjun', 'amrmedhat311', 'sinderila030', 'rana.ashraf1001', 'fatmareda93', 'hendatef60', 'ahmed1281996', 'josephsafwat', 'amitkumarsingh89', 'myadazaki', 'abdo96ali', 'yassminsabry', 'mirna29', 'michaeluhu', 'tasneemasememam', 'm.magdy5042003', 'muhammed.abogamea', 'karimahmedalaa', 'dido.anwar', 'moamen3001', 'elhady.body', 'omarhamdy1995', 'junction123', 'abdalrahman_gamal', 'abodaelgammal2018', 'mustafaabaas', 'salmakhaled248', 'omarmahmoud333333', 'kareemwaheed', 'eng.nourhan188', 'marlin', 'safaa_ahmed', 'mahmoudelatrby', 'amany', 'body_magdy2007', 'tuanpv', 'ayaghobashy', 'akramestta', 'sarahmahmoud129', 'tote641', 'youssefelmasry1041996', 'fayrouz.yehia98', 'aya.noby', 'm.samir12345', 'mo7med3id', 'khaledadel25']",11,"['amit.banda', 'lokeshk93', 'rashmibhatt27', 'priyamalani30', None, 'kedarshekhar7', 'ghatulnikhil118', 'paragbhandarkar', 'pawarpooja10', 'joshipayal78', 'diwakar.singh121']",128,"['ahmedola88', 'omarwmash3al', 'ahmed.deeb5862', 'omar_khaled880', 'abdo.koban', 'a.ramadan2014', 'hagar26hossam', 'sana.ilhussainy', 'omarfouad2410', 'maioya_613', 'ahmed.asaad.elkafrawy', 'anumolsasi69', 'kedarshekhar7', 'mohamedmeda7', 'heshamalking36', 'mernahesham', 'zeinab.ali96', 'amit.banda', 'ahmed_ghoniem57', 'sliver31115', 'ramymamdouh', 'h.b.profijt', 'ahmed.mado1996', 'lina_eissa', 'mizoomazen', 'rashmibhatt27', 'manar.ashraf373', 'phaddad', 'nardine1011', 'paragbhandarkar', 'belle1996d', 'yasserm.ali1', 'iclibera', 'eslam5khaled16', 'mone.2020', 'm1o88', 'omaressam20104', 'ahmedghoniem57', 'mahmoudzohdy', 'atbir2005', 'muhammad_gamal123', 'ahmed72671996', 'randa.riri1996', 'mreinkehh', 'joesmerdon', 'yousssef', 'mayarmahmoud', 'bluerose', 'catherine.amir20', 'eemysoma', 'ahmedragab', 'eng.mahmoudreda96', 'abdoahmed1996', 'saber2011', 'vamosrafa199795', 'hakim2222', 'nora.morsy97', 'alydsz5', 'shake90', 'ayman_tarek', 'eleia2796', 'choiseoyoung8', 'omarabdelwhab685', 'sunsage', 'omar.aadel58', 'aga19', 'areeg', 'achrafoly', 'sarah20162015', 'ahmed_elanwar96', 'asallamuhsen', 'e55', 'shepherd_96', 'o.essam17', 'ra', 'huangjun', 'amrmedhat311', 'joshipayal78', 'sinderila030', 'ghatulnikhil118', 'rana.ashraf1001', 'fatmareda93', 'hendatef60', 'ahmed1281996', 'josephsafwat', 'amitkumarsingh89', 'myadazaki', 'abdo96ali', 'yassminsabry', 'pawarpooja10', 'mirna29', 'michaeluhu', 'tasneemasememam', 'm.magdy5042003', 'muhammed.abogamea', 'karimahmedalaa', 'dido.anwar', 'moamen3001', 'elhady.body', 'omarhamdy1995', 'junction123', 'lokeshk93', 'abdalrahman_gamal', 'abodaelgammal2018', 'priyamalani30', 'mustafaabaas', 'salmakhaled248', None, 'omarmahmoud333333', 'kareemwaheed', 'eng.nourhan188', 'marlin', 'safaa_ahmed', 'mahmoudelatrby', 'amany', 'body_magdy2007', 'tuanpv', 'ayaghobashy', 'akramestta', 'sarahmahmoud129', 'tote641', 'youssefelmasry1041996', 'fayrouz.yehia98', 'aya.noby', 'm.samir12345', 'mo7med3id', 'diwakar.singh121', 'khaledadel25']"
2,200,101,96,1,['ahd12'],99,"['artoscen', 'souvikmvd', 'jb336049', 'kimia.jahan', 'brenklas', 'addisonmoon', 'abajwa94', 'siyang323', 'martin_frapp', 'pmacbeath', 'dingdingonubc', 'vincent.noguier', 'nandersen', 'most.rasb', 'mg346292', 'wilson.to.18', 'drhodges', 'aidin', 'tsearles15', 'vicki_7714', 'nickwindt1', 'michaeltraaan', 'noojan', 'thatguy123', 'scottlawsonbc', 'evelynlhu', 'jdanyrova', 'minghan.chao', 'dm332306', 'wenjinjie100', 'shawn', 'smarangk', 'wslufu', 'oatesa2', 'felixvanoost', 'acsikos', 'ajaykrish96', 'anowzary', 'lican81', 'davidphillipschwartz', 'abaltazar23', 'kyle.henderson181', 'jonas.ordman', 'sully66', 'vtranner', 'mig6666', 'hhl60492', 'jgmhua', 'vanja.vargek', 'saumyar.1996', 'm19901011', 'kaarel12', 'sushmithar1', 'giovannighione1', 'twong1985', 'ulamog', 'emilnylander', 'glingyan', 'aruskey', 'dthayer21', 'bobob', 'josebustamante', 'marcelroda', 'ardyferg', 'al_resendez', 'ewiggins4011', 'pucho1996', 'danielle.leclaire', 'skfbz3nf', 'diego.benavente.m', 'svora', 'pat.wells.93', 'lokeshzen23', 'breeves', 'alexabulnaga', 'kyle18williams', 'queenrochello', 'jeremychin', 'brian315', 'nikiebc', 'lcarmichaelpowell', 'danaaylward17', 'tophamjohn1', 'billdoorsky', 'essentially0rwhatnot', 'jiamyu8403', 'nd333995', 'cn331612', 'jt333864', 'omorris', 'jay.jb.zhang', 'abelozerov', 'sunpengyu', 'embrasley', 'ryanparker012', 'zekria45', 'tehpatrick', 'jtamasy79', 'reubenpaul34']",95,"['abdo.koban', 'sana.ilhussainy', 'maioya_613', 'heshamalking36', 'mernahesham', 'ahmed_ghoniem57', 'lina_eissa', 'mizoomazen', 'nardine1011', 'm1o88', 'ahmedghoniem57', 'alycool2', 'ahmed72671996', 'yousssef', 'eng.mahmoudreda96', 'vamosrafa199795', 'hakim2222', 'nora.morsy97', 'ayman_tarek', 'eleia2796', 'omarabdelwhab685', 'aga19', 'areeg', 'shepherd_96', 'o.essam17', 'ra', 'rana.ashraf1001', 'hendatef60', 'abdo96ali', 'yassminsabry', 'ashraf_372', 'm.magdy5042003', 'elhady.body', 'omarhamdy1995', 'abdalrahman_gamal', 'mustafaabaas', 'omarmahmoud333333', 'kareemwaheed', 'marlin', 'yoyo_ashraf22', 'body_magdy2007', 'akramestta', 'aya.noby', 'm.samir12345', 'ahmedola88', 'omar_khaled880', 'ahmed.deeb5862', 'a.ramadan2014', 'hagar26hossam', 'ahmed.asaad.elkafrawy', 'zeinab.ali96', 'sliver31115', 'ramymamdouh', 'ahmed.mado1996', 'manar.ashraf373', 'belle1996d', 'yasserm.ali1', 'eslam5khaled16', 'mone.2020', 'omaressam20104', 'muhammad_gamal123', 'randa.riri1996', 'mayarmahmoud', 'catherine.amir20', 'eemysoma', 'ahmedragab', 'saber2011', 'omar.aadel58', 'achrafoly', 'sarah20162015', 'ahmed_elanwar96', 'asallamuhsen', 'e55', 'amrmedhat311', 'sinderila030', 'fatmareda93', 'ahmed1281996', 'myadazaki', 'mirna29', 'michaeluhu', 'tasneemasememam', 'karimahmedalaa', 'dido.anwar', 'moamen3001', 'junction123', 'abodaelgammal2018', 'mahmoudelatrby', 'amany', 'ayaghobashy', 'sarahmahmoud129', 'tote641', 'youssefelmasry1041996', 'fayrouz.yehia98', 'mo7med3id', 'khaledadel25']",195,"['artoscen', 'souvikmvd', 'abdo.koban', 'sana.ilhussainy', 'jb336049', 'kimia.jahan', 'brenklas', 'addisonmoon', 'maioya_613', 'abajwa94', 'siyang323', 'heshamalking36', 'martin_frapp', 'pmacbeath', 'mernahesham', 'dingdingonubc', 'vincent.noguier', 'ahmed_ghoniem57', 'nandersen', 'most.rasb', 'lina_eissa', 'mg346292', 'wilson.to.18', 'mizoomazen', 'drhodges', 'nardine1011', 'aidin', 'tsearles15', 'vicki_7714', 'nickwindt1', 'michaeltraaan', 'm1o88', 'ahmedghoniem57', 'alycool2', 'ahmed72671996', 'noojan', 'yousssef', 'thatguy123', 'scottlawsonbc', 'evelynlhu', 'jdanyrova', 'eng.mahmoudreda96', 'minghan.chao', 'vamosrafa199795', 'hakim2222', 'dm332306', 'wenjinjie100', 'shawn', 'nora.morsy97', 'ayman_tarek', 'eleia2796', 'ahd12', 'omarabdelwhab685', 'aga19', 'areeg', 'smarangk', 'wslufu', 'oatesa2', 'shepherd_96', 'o.essam17', 'ra', 'felixvanoost', 'acsikos', 'rana.ashraf1001', 'ajaykrish96', 'anowzary', 'lican81', 'davidphillipschwartz', 'hendatef60', 'abaltazar23', 'kyle.henderson181', 'jonas.ordman', 'abdo96ali', 'yassminsabry', 'sully66', 'ashraf_372', 'vtranner', 'mig6666', 'm.magdy5042003', 'hhl60492', 'elhady.body', 'jgmhua', 'omarhamdy1995', 'abdalrahman_gamal', 'vanja.vargek', 'mustafaabaas', 'saumyar.1996', 'm19901011', 'kaarel12', 'omarmahmoud333333', 'kareemwaheed', 'marlin', 'sushmithar1', 'giovannighione1', 'yoyo_ashraf22', 'body_magdy2007', 'akramestta', 'aya.noby', 'm.samir12345', 'twong1985', 'ulamog', 'emilnylander', 'ahmedola88', 'glingyan', 'omar_khaled880', 'ahmed.deeb5862', 'a.ramadan2014', 'hagar26hossam', 'aruskey', 'dthayer21', 'bobob', 'josebustamante', 'ahmed.asaad.elkafrawy', 'marcelroda', 'ardyferg', 'zeinab.ali96', 'al_resendez', 'ewiggins4011', 'sliver31115', 'pucho1996', 'danielle.leclaire', 'skfbz3nf', 'ramymamdouh', 'diego.benavente.m', 'svora', 'pat.wells.93', 'ahmed.mado1996', 'manar.ashraf373', 'lokeshzen23', 'belle1996d', 'yasserm.ali1', 'eslam5khaled16', 'mone.2020', 'omaressam20104', 'muhammad_gamal123', 'breeves', 'randa.riri1996', 'alexabulnaga', 'mayarmahmoud', 'catherine.amir20', 'kyle18williams', 'eemysoma', 'ahmedragab', 'queenrochello', 'jeremychin', 'brian315', 'saber2011', 'nikiebc', 'omar.aadel58', 'lcarmichaelpowell', 'danaaylward17', 'tophamjohn1', 'achrafoly', 'sarah20162015', 'ahmed_elanwar96', 'billdoorsky', 'asallamuhsen', 'e55', 'amrmedhat311', 'sinderila030', 'fatmareda93', 'essentially0rwhatnot', 'ahmed1281996', 'jiamyu8403', 'nd333995', 'cn331612', 'jt333864', 'myadazaki', 'omorris', 'jay.jb.zhang', 'mirna29', 'michaeluhu', 'tasneemasememam', 'karimahmedalaa', 'dido.anwar', 'abelozerov', 'moamen3001', 'junction123', 'abodaelgammal2018', 'sunpengyu', 'embrasley', 'ryanparker012', 'zekria45', 'mahmoudelatrby', 'amany', 'tehpatrick', 'jtamasy79', 'reubenpaul34', 'ayaghobashy', 'sarahmahmoud129', 'tote641', 'youssefelmasry1041996', 'fayrouz.yehia98', 'mo7med3id', 'khaledadel25']"
2,208,101,60,48,"['wslufu', 'glingyan', 'tophamjohn1', 'kimia.jahan', 'brenklas', 'aruskey', 'bobob', 'siyang323', 'abajwa94', 'martin_frapp', 'acsikos', 'felixvanoost', 'ardyferg', 'pmacbeath', 'dingdingonubc', 'ewiggins4011', 'davidphillipschwartz', 'danielle.leclaire', 'abaltazar23', 'nandersen', 'kyle.henderson181', 'pat.wells.93', 'wilson.to.18', 'jiamyu8403', 'jonas.ordman', 'vtranner', 'aidin', 'vicki_7714', 'nickwindt1', 'abelozerov', 'michaeltraaan', 'jgmhua', 'noojan', 'alexabulnaga', 'thatguy123', 'scottlawsonbc', 'ulamog', 'jeremychin', 'queenrochello', 'brian315', 'zekria45', 'nikiebc', 'wenjinjie100', 'tehpatrick', 'reubenpaul34', 'lcarmichaelpowell', 'smarangk', 'twong1985']",52,"['oatesa2', 'artoscen', 'souvikmvd', 'jb336049', 'addisonmoon', 'dthayer21', 'josebustamante', 'billdoorsky', 'marcelroda', 'ajaykrish96', 'anowzary', 'vincent.noguier', 'lican81', 'al_resendez', 'pucho1996', 'skfbz3nf', 'essentially0rwhatnot', 'diego.benavente.m', 'svora', 'most.rasb', 'mg346292', 'nd333995', 'drhodges', 'lokeshzen23', 'cn331612', 'jt333864', 'omorris', 'sully66', 'jay.jb.zhang', 'tsearles15', 'mig6666', 'hhl60492', 'breeves', 'vanja.vargek', 'kyle18williams', 'sunpengyu', 'evelynlhu', 'embrasley', 'jdanyrova', 'saumyar.1996', 'ryanparker012', 'm19901011', 'kaarel12', 'minghan.chao', 'sushmithar1', 'giovannighione1', 'dm332306', 'shawn', 'ahd12', 'jtamasy79', 'emilnylander', 'danaaylward17']",12,"['shirleyx2000', 'bardia22', 'elviajero', 'g.nicol93', 'timoooshy', 'mustafacc', 'jarektan', 'wenjunw2145', 'mchose3', 'wgron94', None, 'rdeiaco']",112,"['artoscen', 'souvikmvd', 'jb336049', 'kimia.jahan', 'brenklas', 'addisonmoon', 'abajwa94', 'siyang323', 'martin_frapp', 'pmacbeath', 'dingdingonubc', 'vincent.noguier', 'nandersen', 'most.rasb', 'mg346292', 'wilson.to.18', 'drhodges', 'aidin', 'tsearles15', 'vicki_7714', 'nickwindt1', 'michaeltraaan', 'g.nicol93', 'noojan', 'mchose3', 'thatguy123', 'scottlawsonbc', 'evelynlhu', 'jdanyrova', 'minghan.chao', 'dm332306', 'wenjinjie100', 'shawn', 'ahd12', 'smarangk', 'wslufu', 'oatesa2', 'felixvanoost', 'acsikos', 'ajaykrish96', 'anowzary', 'lican81', 'davidphillipschwartz', 'abaltazar23', 'jarektan', 'kyle.henderson181', 'jonas.ordman', 'sully66', 'vtranner', 'mig6666', 'hhl60492', 'jgmhua', 'vanja.vargek', 'saumyar.1996', None, 'm19901011', 'kaarel12', 'sushmithar1', 'bardia22', 'giovannighione1', 'twong1985', 'ulamog', 'emilnylander', 'glingyan', 'elviajero', 'aruskey', 'dthayer21', 'bobob', 'josebustamante', 'marcelroda', 'wenjunw2145', 'ardyferg', 'shirleyx2000', 'al_resendez', 'ewiggins4011', 'pucho1996', 'danielle.leclaire', 'skfbz3nf', 'diego.benavente.m', 'svora', 'pat.wells.93', 'lokeshzen23', 'breeves', 'alexabulnaga', 'kyle18williams', 'queenrochello', 'jeremychin', 'brian315', 'nikiebc', 'lcarmichaelpowell', 'danaaylward17', 'rdeiaco', 'tophamjohn1', 'billdoorsky', 'essentially0rwhatnot', 'jiamyu8403', 'nd333995', 'cn331612', 'jt333864', 'omorris', 'jay.jb.zhang', 'abelozerov', 'timoooshy', 'sunpengyu', 'embrasley', 'wgron94', 'ryanparker012', 'zekria45', 'tehpatrick', 'mustafacc', 'jtamasy79', 'reubenpaul34']"
2,206,101,18,14,"['essentially0rwhatnot', 'tsearles15', 'dm332306', 'jb336049', 'addisonmoon', 'dthayer21', 'jtamasy79', 'mg346292', 'kyle18williams', 'cn331612', 'jt333864', 'ryanparker012', 'embrasley', 'danaaylward17']",86,"['glingyan', 'artoscen', 'souvikmvd', 'twong1985', 'kimia.jahan', 'brenklas', 'aruskey', 'bobob', 'josebustamante', 'abajwa94', 'siyang323', 'marcelroda', 'martin_frapp', 'ardyferg', 'pmacbeath', 'dingdingonubc', 'vincent.noguier', 'al_resendez', 'ewiggins4011', 'pucho1996', 'danielle.leclaire', 'skfbz3nf', 'diego.benavente.m', 'svora', 'nandersen', 'most.rasb', 'pat.wells.93', 'wilson.to.18', 'drhodges', 'lokeshzen23', 'aidin', 'vicki_7714', 'nickwindt1', 'michaeltraaan', 'breeves', 'noojan', 'alexabulnaga', 'thatguy123', 'scottlawsonbc', 'evelynlhu', 'jdanyrova', 'queenrochello', 'jeremychin', 'brian315', 'minghan.chao', 'nikiebc', 'wenjinjie100', 'shawn', 'ahd12', 'lcarmichaelpowell', 'smarangk', 'wslufu', 'oatesa2', 'tophamjohn1', 'billdoorsky', 'felixvanoost', 'acsikos', 'ajaykrish96', 'anowzary', 'lican81', 'davidphillipschwartz', 'abaltazar23', 'kyle.henderson181', 'jiamyu8403', 'nd333995', 'jonas.ordman', 'omorris', 'sully66', 'jay.jb.zhang', 'vtranner', 'mig6666', 'abelozerov', 'hhl60492', 'jgmhua', 'vanja.vargek', 'sunpengyu', 'ulamog', 'saumyar.1996', 'm19901011', 'kaarel12', 'zekria45', 'sushmithar1', 'giovannighione1', 'tehpatrick', 'reubenpaul34', 'emilnylander']",4,"['adamshick25', 'frankcastle0314', None, 'rsslymn']",104,"['glingyan', 'artoscen', 'souvikmvd', 'jb336049', 'twong1985', 'kimia.jahan', 'brenklas', 'aruskey', 'addisonmoon', 'dthayer21', 'bobob', 'josebustamante', 'abajwa94', 'siyang323', 'marcelroda', 'martin_frapp', 'ardyferg', 'pmacbeath', 'dingdingonubc', 'vincent.noguier', 'al_resendez', 'ewiggins4011', 'pucho1996', 'danielle.leclaire', 'skfbz3nf', 'diego.benavente.m', 'svora', 'nandersen', 'most.rasb', 'pat.wells.93', 'mg346292', 'wilson.to.18', 'frankcastle0314', 'drhodges', 'lokeshzen23', 'aidin', 'tsearles15', 'vicki_7714', 'nickwindt1', 'michaeltraaan', 'breeves', 'noojan', 'alexabulnaga', 'thatguy123', 'scottlawsonbc', 'kyle18williams', 'evelynlhu', 'jdanyrova', 'queenrochello', 'jeremychin', 'brian315', 'minghan.chao', 'nikiebc', 'dm332306', 'wenjinjie100', 'shawn', 'ahd12', 'lcarmichaelpowell', 'smarangk', 'danaaylward17', 'wslufu', 'oatesa2', 'tophamjohn1', 'adamshick25', 'billdoorsky', 'felixvanoost', 'acsikos', 'ajaykrish96', 'anowzary', 'essentially0rwhatnot', 'lican81', 'davidphillipschwartz', 'abaltazar23', 'kyle.henderson181', 'jiamyu8403', 'nd333995', 'jonas.ordman', 'cn331612', 'jt333864', 'omorris', 'sully66', 'jay.jb.zhang', 'vtranner', 'mig6666', 'abelozerov', 'hhl60492', 'jgmhua', 'vanja.vargek', 'sunpengyu', 'ulamog', 'embrasley', 'saumyar.1996', 'ryanparker012', 'm19901011', 'kaarel12', None, 'zekria45', 'sushmithar1', 'giovannighione1', 'tehpatrick', 'rsslymn', 'jtamasy79', 'reubenpaul34', 'emilnylander']"
2,209,101,17,13,"['essentially0rwhatnot', 'dm332306', 'jb336049', 'jtamasy79', 'dthayer21', 'mg346292', 'kyle18williams', 'nd333995', 'cn331612', 'jt333864', 'ryanparker012', 'embrasley', 'danaaylward17']",87,"['glingyan', 'artoscen', 'souvikmvd', 'twong1985', 'kimia.jahan', 'brenklas', 'aruskey', 'addisonmoon', 'bobob', 'josebustamante', 'abajwa94', 'siyang323', 'marcelroda', 'martin_frapp', 'ardyferg', 'pmacbeath', 'dingdingonubc', 'vincent.noguier', 'al_resendez', 'ewiggins4011', 'pucho1996', 'danielle.leclaire', 'skfbz3nf', 'diego.benavente.m', 'svora', 'nandersen', 'most.rasb', 'pat.wells.93', 'wilson.to.18', 'drhodges', 'lokeshzen23', 'aidin', 'tsearles15', 'vicki_7714', 'nickwindt1', 'michaeltraaan', 'breeves', 'noojan', 'alexabulnaga', 'thatguy123', 'scottlawsonbc', 'evelynlhu', 'jdanyrova', 'queenrochello', 'jeremychin', 'brian315', 'minghan.chao', 'nikiebc', 'wenjinjie100', 'shawn', 'ahd12', 'lcarmichaelpowell', 'smarangk', 'wslufu', 'oatesa2', 'tophamjohn1', 'billdoorsky', 'felixvanoost', 'acsikos', 'ajaykrish96', 'anowzary', 'lican81', 'davidphillipschwartz', 'abaltazar23', 'kyle.henderson181', 'jiamyu8403', 'jonas.ordman', 'omorris', 'sully66', 'jay.jb.zhang', 'vtranner', 'mig6666', 'abelozerov', 'hhl60492', 'jgmhua', 'vanja.vargek', 'sunpengyu', 'ulamog', 'saumyar.1996', 'm19901011', 'kaarel12', 'zekria45', 'sushmithar1', 'giovannighione1', 'tehpatrick', 'reubenpaul34', 'emilnylander']",4,"['adamshick25', 'frankcastle0314', None, 'rsslymn']",104,"['glingyan', 'artoscen', 'souvikmvd', 'jb336049', 'twong1985', 'kimia.jahan', 'brenklas', 'aruskey', 'addisonmoon', 'dthayer21', 'bobob', 'josebustamante', 'abajwa94', 'siyang323', 'marcelroda', 'martin_frapp', 'ardyferg', 'pmacbeath', 'dingdingonubc', 'vincent.noguier', 'al_resendez', 'ewiggins4011', 'pucho1996', 'danielle.leclaire', 'skfbz3nf', 'diego.benavente.m', 'svora', 'nandersen', 'most.rasb', 'pat.wells.93', 'mg346292', 'wilson.to.18', 'frankcastle0314', 'drhodges', 'lokeshzen23', 'aidin', 'tsearles15', 'vicki_7714', 'nickwindt1', 'michaeltraaan', 'breeves', 'noojan', 'alexabulnaga', 'thatguy123', 'scottlawsonbc', 'kyle18williams', 'evelynlhu', 'jdanyrova', 'queenrochello', 'jeremychin', 'brian315', 'minghan.chao', 'nikiebc', 'dm332306', 'wenjinjie100', 'shawn', 'ahd12', 'lcarmichaelpowell', 'smarangk', 'danaaylward17', 'wslufu', 'oatesa2', 'tophamjohn1', 'adamshick25', 'billdoorsky', 'felixvanoost', 'acsikos', 'ajaykrish96', 'anowzary', 'essentially0rwhatnot', 'lican81', 'davidphillipschwartz', 'abaltazar23', 'kyle.henderson181', 'jiamyu8403', 'nd333995', 'jonas.ordman', 'cn331612', 'jt333864', 'omorris', 'sully66', 'jay.jb.zhang', 'vtranner', 'mig6666', 'abelozerov', 'hhl60492', 'jgmhua', 'vanja.vargek', 'sunpengyu', 'ulamog', 'embrasley', 'saumyar.1996', 'ryanparker012', 'm19901011', 'kaarel12', None, 'zekria45', 'sushmithar1', 'giovannighione1', 'tehpatrick', 'rsslymn', 'jtamasy79', 'reubenpaul34', 'emilnylander']"
2,207,101,7,3,"['ajaykrish96', 'minghan.chao', 'artoscen']",97,"['glingyan', 'souvikmvd', 'jb336049', 'twong1985', 'kimia.jahan', 'brenklas', 'aruskey', 'addisonmoon', 'dthayer21', 'bobob', 'josebustamante', 'abajwa94', 'siyang323', 'marcelroda', 'martin_frapp', 'ardyferg', 'pmacbeath', 'dingdingonubc', 'vincent.noguier', 'al_resendez', 'ewiggins4011', 'pucho1996', 'danielle.leclaire', 'skfbz3nf', 'diego.benavente.m', 'svora', 'nandersen', 'most.rasb', 'pat.wells.93', 'mg346292', 'wilson.to.18', 'drhodges', 'lokeshzen23', 'aidin', 'tsearles15', 'vicki_7714', 'nickwindt1', 'michaeltraaan', 'breeves', 'noojan', 'alexabulnaga', 'thatguy123', 'scottlawsonbc', 'kyle18williams', 'evelynlhu', 'jdanyrova', 'queenrochello', 'jeremychin', 'brian315', 'nikiebc', 'dm332306', 'wenjinjie100', 'shawn', 'ahd12', 'lcarmichaelpowell', 'smarangk', 'danaaylward17', 'wslufu', 'oatesa2', 'tophamjohn1', 'billdoorsky', 'felixvanoost', 'acsikos', 'anowzary', 'essentially0rwhatnot', 'lican81', 'davidphillipschwartz', 'abaltazar23', 'kyle.henderson181', 'jiamyu8403', 'nd333995', 'jonas.ordman', 'cn331612', 'jt333864', 'omorris', 'sully66', 'jay.jb.zhang', 'vtranner', 'mig6666', 'abelozerov', 'hhl60492', 'jgmhua', 'vanja.vargek', 'sunpengyu', 'ulamog', 'embrasley', 'saumyar.1996', 'ryanparker012', 'm19901011', 'kaarel12', 'zekria45', 'sushmithar1', 'giovannighione1', 'tehpatrick', 'jtamasy79', 'reubenpaul34', 'emilnylander']",4,"['samsmith', 'shooten', None, 'takeshi847']",104,"['glingyan', 'shooten', 'artoscen', 'souvikmvd', 'jb336049', 'twong1985', 'kimia.jahan', 'brenklas', 'aruskey', 'addisonmoon', 'dthayer21', 'bobob', 'josebustamante', 'abajwa94', 'siyang323', 'marcelroda', 'martin_frapp', 'ardyferg', 'pmacbeath', 'dingdingonubc', 'vincent.noguier', 'al_resendez', 'ewiggins4011', 'pucho1996', 'danielle.leclaire', 'skfbz3nf', 'diego.benavente.m', 'svora', 'nandersen', 'most.rasb', 'pat.wells.93', 'mg346292', 'wilson.to.18', 'drhodges', 'lokeshzen23', 'aidin', 'tsearles15', 'vicki_7714', 'nickwindt1', 'michaeltraaan', 'breeves', 'noojan', 'alexabulnaga', 'thatguy123', 'scottlawsonbc', 'kyle18williams', 'evelynlhu', 'samsmith', 'jdanyrova', 'queenrochello', 'jeremychin', 'brian315', 'minghan.chao', 'nikiebc', 'dm332306', 'wenjinjie100', 'shawn', 'ahd12', 'lcarmichaelpowell', 'smarangk', 'danaaylward17', 'wslufu', 'oatesa2', 'tophamjohn1', 'billdoorsky', 'felixvanoost', 'acsikos', 'ajaykrish96', 'anowzary', 'essentially0rwhatnot', 'lican81', 'davidphillipschwartz', 'abaltazar23', 'kyle.henderson181', 'jiamyu8403', 'nd333995', 'jonas.ordman', 'cn331612', 'jt333864', 'omorris', 'sully66', 'jay.jb.zhang', 'vtranner', 'mig6666', 'abelozerov', 'hhl60492', 'jgmhua', 'vanja.vargek', 'sunpengyu', 'ulamog', 'embrasley', 'saumyar.1996', 'ryanparker012', 'm19901011', 'kaarel12', None, 'zekria45', 'sushmithar1', 'takeshi847', 'giovannighione1', 'tehpatrick', 'jtamasy79', 'reubenpaul34', 'emilnylander']"
3,106,98,72,19,"['mingye.gao', 'mehan2', 'jjacksn', 'trgordo2', 'gracepakeltis', 'willwheelera', 'mpunuk', 'fsalman2', 'lafaye2', 'warpins2', 'qinglin2', 'slipperyjack007', 'alvinlvalysa', 'shoppe3', 'gcnelson33', 'slbecke2', '17staru', 'bjanice2', 'mingxu1128']",78,"['egager', 'kavaidya', 'rizzie', 'carlosamor5', 'ajfici', 'karansahni14', 'joellanuer', 'yangpan', 'de_joesky', 'qhe6', 'yzeng13', 'khhsu', 'uchiha.jn', 'gddemin', 'jeeholee', 'bskoog', 'masonab', 'umjihgl', 'paakowwallis', 'durisine', 'hasier', 'cohnr', 'dorali', 'kho2', 'carhuber', 'santonov', 'junjie', 'halmadot', 'ashms', 'cahefr', 'ajdeller', 'brahoffm', 'klugest', 'arecker', 'burekand', 'nanakofibediako95', 'maktariaymen', 'chancy5', 'nschnitz', 'hgugel', 'mantianxue0101', 'decobrea', 'dongzz', 'jwhou', 'alanxu', 'patmccau', 'jaypatel199531', 'gbeke17', 'erowell', 'fleck', 'jcao16', 'cadelm17', 'cgr0614', 'rickfreedom', 'nchiu', 'danjz', 'escobara', 'ymhuang', 'deligatemark', 'colettev', 'shaupt', 'hallekai', 'mofry', 'mashuri', 'lgao7', 'saisiva', 'ezwier', 'avallabh12', 'hhbyles', 'ajwilli', 'dmontone', 'johwater', 'jmccarle324', 'haslamc', 'abhijeet.gangan261997', 'ansappiah', 'pmforhan', 'chenlin7351']",53,"['adbrown3', 'ramansbach', 'kemehan654', 'jonbaebae', 'zachary.zhai.1', 'fkosasi2', 'hsheng3', 'bridgette.lafaye', 'mbmoy2', 'zohair2', 'teng10', 'qiujiezhao1994', 'xlz.287', 'pakelti2', 'emfoley14', 'drew.wise.10', 'ndunlap2', 'mlandi6', 'takekuma', 'jeoneil6', 'samsrajer', 'emilyturner', 'kagebei2', 'zhaber2', 'cnlopes12', 'sdhanak1', 'jkim561', 'perozek2', 'mchu5', 'reisber2', 'dsch33', 'a.schleife', 'buhl2', 'zjcszzl0615', 'vasyltheonly', 'harrisian84', 'ychu18', 'cwojtan', 'shoughton625', None, 'ychen254', 'mmkurth2', 'histoscienology', 'zhoffm', 'hugo17.wang', 'jinpeng.zhuo', 'mchang14', 'jxiong7', 'ecyoung', 'dpfoste2', 'jylin4', 'amber.snil', 'samhalpern58']",150,"['egager', 'kavaidya', 'hsheng3', 'rizzie', 'carlosamor5', 'zohair2', 'teng10', 'ajfici', 'karansahni14', 'drew.wise.10', 'gracepakeltis', 'joellanuer', 'zhaber2', 'yangpan', 'de_joesky', 'jkim561', 'qhe6', 'perozek2', 'mchu5', 'qinglin2', 'reisber2', 'yzeng13', 'khhsu', 'uchiha.jn', 'gddemin', 'jeeholee', 'ychen254', 'mmkurth2', 'bskoog', 'alvinlvalysa', 'masonab', 'hugo17.wang', 'zhoffm', 'slbecke2', 'umjihgl', 'paakowwallis', 'buhl2', 'durisine', 'hasier', 'cohnr', 'jonbaebae', 'dorali', 'mehan2', 'xlz.287', 'kho2', 'carhuber', 'santonov', 'trgordo2', 'emfoley14', 'junjie', 'halmadot', 'jeoneil6', 'samsrajer', 'willwheelera', 'mpunuk', 'cnlopes12', 'ashms', 'zjcszzl0615', 'cahefr', 'ajdeller', 'harrisian84', 'samhalpern58', 'ychu18', None, 'slipperyjack007', 'brahoffm', 'klugest', 'arecker', 'burekand', 'nanakofibediako95', 'shoppe3', 'maktariaymen', 'chancy5', 'nschnitz', '17staru', 'jxiong7', 'bjanice2', 'jylin4', 'hgugel', 'adbrown3', 'kemehan654', 'fkosasi2', 'mantianxue0101', 'decobrea', 'dongzz', 'mbmoy2', 'jwhou', 'qiujiezhao1994', 'alanxu', 'patmccau', 'jaypatel199531', 'gbeke17', 'erowell', 'ndunlap2', 'fleck', 'takekuma', 'jcao16', 'emilyturner', 'cadelm17', 'cgr0614', 'lafaye2', 'rickfreedom', 'sdhanak1', 'nchiu', 'danjz', 'a.schleife', 'escobara', 'cwojtan', 'ymhuang', 'deligatemark', 'histoscienology', 'jinpeng.zhuo', 'gcnelson33', 'colettev', 'ecyoung', 'dpfoste2', 'shaupt', 'hallekai', 'ramansbach', 'mofry', 'mingye.gao', 'mashuri', 'lgao7', 'zachary.zhai.1', 'jjacksn', 'bridgette.lafaye', 'saisiva', 'pakelti2', 'ezwier', 'avallabh12', 'hhbyles', 'mlandi6', 'ajwilli', 'dmontone', 'kagebei2', 'johwater', 'fsalman2', 'warpins2', 'jmccarle324', 'haslamc', 'dsch33', 'abhijeet.gangan261997', 'vasyltheonly', 'ansappiah', 'shoughton625', 'mchang14', 'pmforhan', 'chenlin7351', 'amber.snil', 'mingxu1128']"
3,107,98,55,49,"['mofry', 'cohnr', 'egager', 'dorali', 'kavaidya', 'decobrea', 'rizzie', 'dongzz', 'jwhou', 'ajfici', 'saisiva', 'carhuber', 'patmccau', 'alanxu', 'jaypatel199531', 'ezwier', 'hhbyles', 'erowell', 'fleck', 'ajwilli', 'cadelm17', 'johwater', 'yangpan', 'ashms', 'rickfreedom', 'nchiu', 'pmforhan', 'danjz', 'haslamc', 'khhsu', 'escobara', 'jeeholee', 'cahefr', 'ajdeller', 'brahoffm', 'ymhuang', 'arecker', 'burekand', 'bskoog', 'masonab', 'colettev', 'umjihgl', 'maktariaymen', 'nschnitz', 'chancy5', 'shaupt', 'hallekai', 'durisine', 'hgugel']",48,"['hasier', 'mingye.gao', 'mashuri', 'lgao7', 'mehan2', 'mantianxue0101', 'jjacksn', 'carlosamor5', 'kho2', 'karansahni14', 'santonov', 'trgordo2', 'avallabh12', 'gbeke17', 'gracepakeltis', 'junjie', 'halmadot', 'jcao16', 'dmontone', 'joellanuer', 'willwheelera', 'mpunuk', 'de_joesky', 'cgr0614', 'lafaye2', 'fsalman2', 'warpins2', 'qhe6', 'jmccarle324', 'qinglin2', 'abhijeet.gangan261997', 'yzeng13', 'uchiha.jn', 'gddemin', 'chenlin7351', 'ansappiah', 'slipperyjack007', 'klugest', 'deligatemark', 'alvinlvalysa', 'nanakofibediako95', 'shoppe3', 'gcnelson33', 'slbecke2', 'paakowwallis', '17staru', 'bjanice2', 'mingxu1128']",6,"['dmontiel', 'geraldla', 'rkeinan48', 'yixiangtang', 'jmriel14', None]",103,"['egager', 'kavaidya', 'mantianxue0101', 'decobrea', 'rizzie', 'carlosamor5', 'dongzz', 'jwhou', 'ajfici', 'yixiangtang', 'karansahni14', 'alanxu', 'patmccau', 'jaypatel199531', 'dmontiel', 'gbeke17', 'erowell', 'mingxu1128', 'gracepakeltis', 'fleck', 'jcao16', 'joellanuer', 'cadelm17', 'yangpan', 'de_joesky', 'cgr0614', 'lafaye2', 'rickfreedom', 'qhe6', 'nchiu', 'danjz', 'qinglin2', 'yzeng13', 'khhsu', 'uchiha.jn', 'escobara', 'gddemin', 'jeeholee', 'chenlin7351', 'jmriel14', 'ymhuang', 'deligatemark', 'bskoog', 'alvinlvalysa', 'masonab', 'gcnelson33', 'slbecke2', 'umjihgl', 'colettev', 'geraldla', 'paakowwallis', 'shaupt', 'hallekai', 'durisine', 'hasier', 'mofry', 'cohnr', 'mingye.gao', 'mashuri', 'dorali', 'lgao7', 'mehan2', 'jjacksn', 'kho2', 'saisiva', 'carhuber', 'santonov', 'trgordo2', 'ezwier', 'avallabh12', 'hhbyles', 'junjie', 'halmadot', 'ajwilli', 'dmontone', 'rkeinan48', 'willwheelera', 'mpunuk', 'ashms', 'johwater', 'fsalman2', 'warpins2', 'jmccarle324', 'haslamc', 'abhijeet.gangan261997', 'cahefr', 'ajdeller', 'ansappiah', None, 'slipperyjack007', 'brahoffm', 'klugest', 'arecker', 'burekand', 'nanakofibediako95', 'shoppe3', 'maktariaymen', 'chancy5', 'nschnitz', '17staru', 'pmforhan', 'bjanice2', 'hgugel']"
3,105,98,17,13,"['qhe6', 'hasier', 'jmccarle324', 'mashuri', 'lgao7', 'yzeng13', 'carlosamor5', 'kho2', 'dmontone', 'jcao16', 'karansahni14', 'chenlin7351', 'santonov']",84,"['egager', 'kavaidya', 'mantianxue0101', 'decobrea', 'rizzie', 'dongzz', 'jwhou', 'ajfici', 'alanxu', 'patmccau', 'jaypatel199531', 'gbeke17', 'erowell', 'mingxu1128', 'gracepakeltis', 'fleck', 'joellanuer', 'cadelm17', 'yangpan', 'de_joesky', 'cgr0614', 'lafaye2', 'rickfreedom', 'nchiu', 'danjz', 'qinglin2', 'khhsu', 'uchiha.jn', 'escobara', 'gddemin', 'jeeholee', 'ymhuang', 'deligatemark', 'bskoog', 'alvinlvalysa', 'masonab', 'gcnelson33', 'slbecke2', 'umjihgl', 'colettev', 'paakowwallis', 'shaupt', 'hallekai', 'durisine', 'mofry', 'cohnr', 'mingye.gao', 'dorali', 'mehan2', 'jjacksn', 'saisiva', 'carhuber', 'trgordo2', 'ezwier', 'avallabh12', 'hhbyles', 'junjie', 'halmadot', 'ajwilli', 'willwheelera', 'mpunuk', 'ashms', 'johwater', 'fsalman2', 'warpins2', 'haslamc', 'abhijeet.gangan261997', 'cahefr', 'ajdeller', 'ansappiah', 'slipperyjack007', 'brahoffm', 'klugest', 'arecker', 'burekand', 'nanakofibediako95', 'shoppe3', 'maktariaymen', 'chancy5', 'nschnitz', '17staru', 'pmforhan', 'bjanice2', 'hgugel']",4,"['lli104', 'gkim8', None, 'moralist']",101,"['egager', 'kavaidya', 'mantianxue0101', 'decobrea', 'rizzie', 'carlosamor5', 'dongzz', 'jwhou', 'ajfici', 'karansahni14', 'alanxu', 'patmccau', 'jaypatel199531', 'gbeke17', 'erowell', 'mingxu1128', 'gracepakeltis', 'fleck', 'jcao16', 'joellanuer', 'cadelm17', 'yangpan', 'de_joesky', 'cgr0614', 'lafaye2', 'rickfreedom', 'qhe6', 'nchiu', 'danjz', 'moralist', 'qinglin2', 'yzeng13', 'gkim8', 'khhsu', 'uchiha.jn', 'escobara', 'gddemin', 'jeeholee', 'chenlin7351', 'ymhuang', 'deligatemark', 'bskoog', 'alvinlvalysa', 'masonab', 'gcnelson33', 'slbecke2', 'umjihgl', 'colettev', 'paakowwallis', 'shaupt', 'hallekai', 'durisine', 'hasier', 'mofry', 'cohnr', 'mingye.gao', 'mashuri', 'dorali', 'lgao7', 'mehan2', 'jjacksn', 'kho2', 'lli104', 'saisiva', 'carhuber', 'santonov', 'trgordo2', 'ezwier', 'avallabh12', 'hhbyles', 'junjie', 'halmadot', 'ajwilli', 'dmontone', 'willwheelera', 'mpunuk', 'ashms', 'johwater', 'fsalman2', 'warpins2', 'jmccarle324', 'haslamc', 'abhijeet.gangan261997', 'cahefr', 'ajdeller', 'ansappiah', None, 'slipperyjack007', 'brahoffm', 'klugest', 'arecker', 'burekand', 'nanakofibediako95', 'shoppe3', 'maktariaymen', 'chancy5', 'nschnitz', '17staru', 'pmforhan', 'bjanice2', 'hgugel']"
3,109,98,8,5,"['qhe6', 'mashuri', 'lgao7', 'karansahni14', 'chenlin7351']",92,"['egager', 'kavaidya', 'mantianxue0101', 'decobrea', 'rizzie', 'carlosamor5', 'dongzz', 'jwhou', 'ajfici', 'alanxu', 'patmccau', 'jaypatel199531', 'gbeke17', 'erowell', 'mingxu1128', 'gracepakeltis', 'fleck', 'jcao16', 'joellanuer', 'cadelm17', 'yangpan', 'de_joesky', 'cgr0614', 'lafaye2', 'rickfreedom', 'nchiu', 'danjz', 'qinglin2', 'yzeng13', 'khhsu', 'uchiha.jn', 'escobara', 'gddemin', 'jeeholee', 'ymhuang', 'deligatemark', 'bskoog', 'alvinlvalysa', 'masonab', 'gcnelson33', 'slbecke2', 'umjihgl', 'colettev', 'paakowwallis', 'shaupt', 'hallekai', 'durisine', 'hasier', 'mofry', 'cohnr', 'mingye.gao', 'dorali', 'mehan2', 'jjacksn', 'kho2', 'saisiva', 'carhuber', 'santonov', 'trgordo2', 'ezwier', 'avallabh12', 'hhbyles', 'junjie', 'halmadot', 'ajwilli', 'dmontone', 'willwheelera', 'mpunuk', 'ashms', 'johwater', 'fsalman2', 'warpins2', 'jmccarle324', 'haslamc', 'abhijeet.gangan261997', 'cahefr', 'ajdeller', 'ansappiah', 'slipperyjack007', 'brahoffm', 'klugest', 'arecker', 'burekand', 'nanakofibediako95', 'shoppe3', 'maktariaymen', 'chancy5', 'nschnitz', '17staru', 'pmforhan', 'bjanice2', 'hgugel']",3,"['ksahni', None, 'moralist']",100,"['egager', 'kavaidya', 'mantianxue0101', 'decobrea', 'rizzie', 'carlosamor5', 'dongzz', 'jwhou', 'ajfici', 'karansahni14', 'alanxu', 'patmccau', 'jaypatel199531', 'gbeke17', 'erowell', 'mingxu1128', 'gracepakeltis', 'fleck', 'jcao16', 'joellanuer', 'cadelm17', 'yangpan', 'de_joesky', 'cgr0614', 'lafaye2', 'rickfreedom', 'qhe6', 'nchiu', 'danjz', 'moralist', 'qinglin2', 'yzeng13', 'khhsu', 'uchiha.jn', 'escobara', 'gddemin', 'jeeholee', 'chenlin7351', 'ymhuang', 'deligatemark', 'bskoog', 'alvinlvalysa', 'masonab', 'gcnelson33', 'slbecke2', 'umjihgl', 'colettev', 'paakowwallis', 'shaupt', 'hallekai', 'durisine', 'hasier', 'mofry', 'cohnr', 'mingye.gao', 'mashuri', 'dorali', 'lgao7', 'mehan2', 'jjacksn', 'ksahni', 'kho2', 'saisiva', 'carhuber', 'santonov', 'trgordo2', 'ezwier', 'avallabh12', 'hhbyles', 'junjie', 'halmadot', 'ajwilli', 'dmontone', 'willwheelera', 'mpunuk', 'ashms', 'johwater', 'fsalman2', 'warpins2', 'jmccarle324', 'haslamc', 'abhijeet.gangan261997', 'cahefr', 'ajdeller', 'ansappiah', None, 'slipperyjack007', 'brahoffm', 'klugest', 'arecker', 'burekand', 'nanakofibediako95', 'shoppe3', 'maktariaymen', 'chancy5', 'nschnitz', '17staru', 'pmforhan', 'bjanice2', 'hgugel']"
3,108,98,6,4,"['dmontone', 'chenlin7351', 'jcao16', 'lgao7']",93,"['egager', 'kavaidya', 'mantianxue0101', 'decobrea', 'rizzie', 'carlosamor5', 'dongzz', 'jwhou', 'ajfici', 'karansahni14', 'alanxu', 'patmccau', 'jaypatel199531', 'gbeke17', 'erowell', 'mingxu1128', 'gracepakeltis', 'fleck', 'joellanuer', 'cadelm17', 'yangpan', 'de_joesky', 'cgr0614', 'lafaye2', 'rickfreedom', 'qhe6', 'nchiu', 'danjz', 'qinglin2', 'yzeng13', 'khhsu', 'uchiha.jn', 'escobara', 'gddemin', 'jeeholee', 'ymhuang', 'deligatemark', 'bskoog', 'alvinlvalysa', 'masonab', 'gcnelson33', 'slbecke2', 'umjihgl', 'colettev', 'paakowwallis', 'shaupt', 'hallekai', 'durisine', 'hasier', 'mofry', 'cohnr', 'mingye.gao', 'mashuri', 'dorali', 'mehan2', 'jjacksn', 'kho2', 'saisiva', 'carhuber', 'santonov', 'trgordo2', 'ezwier', 'avallabh12', 'hhbyles', 'junjie', 'halmadot', 'ajwilli', 'willwheelera', 'mpunuk', 'ashms', 'johwater', 'fsalman2', 'warpins2', 'jmccarle324', 'haslamc', 'abhijeet.gangan261997', 'cahefr', 'ajdeller', 'ansappiah', 'slipperyjack007', 'brahoffm', 'klugest', 'arecker', 'burekand', 'nanakofibediako95', 'shoppe3', 'maktariaymen', 'chancy5', 'nschnitz', '17staru', 'pmforhan', 'bjanice2', 'hgugel']",2,"[None, 'moralist']",99,"['egager', 'kavaidya', 'mantianxue0101', 'decobrea', 'rizzie', 'carlosamor5', 'dongzz', 'jwhou', 'ajfici', 'karansahni14', 'alanxu', 'patmccau', 'jaypatel199531', 'gbeke17', 'erowell', 'mingxu1128', 'gracepakeltis', 'fleck', 'jcao16', 'joellanuer', 'cadelm17', 'yangpan', 'de_joesky', 'cgr0614', 'lafaye2', 'rickfreedom', 'qhe6', 'nchiu', 'danjz', 'moralist', 'qinglin2', 'yzeng13', 'khhsu', 'uchiha.jn', 'escobara', 'gddemin', 'jeeholee', 'chenlin7351', 'ymhuang', 'deligatemark', 'bskoog', 'alvinlvalysa', 'masonab', 'gcnelson33', 'slbecke2', 'umjihgl', 'colettev', 'paakowwallis', 'shaupt', 'hallekai', 'durisine', 'hasier', 'mofry', 'cohnr', 'mingye.gao', 'mashuri', 'dorali', 'lgao7', 'mehan2', 'jjacksn', 'kho2', 'saisiva', 'carhuber', 'santonov', 'trgordo2', 'ezwier', 'avallabh12', 'hhbyles', 'junjie', 'halmadot', 'ajwilli', 'dmontone', 'willwheelera', 'mpunuk', 'ashms', 'johwater', 'fsalman2', 'warpins2', 'jmccarle324', 'haslamc', 'abhijeet.gangan261997', 'cahefr', 'ajdeller', 'ansappiah', None, 'slipperyjack007', 'brahoffm', 'klugest', 'arecker', 'burekand', 'nanakofibediako95', 'shoppe3', 'maktariaymen', 'chancy5', 'nschnitz', '17staru', 'pmforhan', 'bjanice2', 'hgugel']"
4,190,86,92,74,"['amogharavi1', 'rzhang80', 'scorchnoxap', 'jacob.dutler', 'jhmead2', 'slohman2', 'yaoyao5', 'jytan2', 'dcschmi2', 'reningr2', 'aladd2', 'acao5', 'sapsfor2', 'nayung36', 'goszkow2', 'jconfor2', 'jshi3120', 'nuanes2', 'jhbaker3', 'mclawso2', 'ychen375', 'yhuan127', 'balung18', 'jsshin3', 'cmander4', 'fiszbei2', 'jzhan142', 'mizhou2', 'akim102', 'arovgno', 'jakrogst', 'aokisang', 'liam', 'cnsteve2', 'pbehera2', 'cdeegan2', 'crickettay13', 'pross4', 'jputhuvelil95', 'jhuang84', 'jkim526', 'hzhan126', 'sbumbles96', 'trskwsk2', 'mckillo2', 'tcalder2', 'dexterballou', 'ellenhuang', 'alanwu3', 'zafar3', 'jlstein3', 'jackylu2', 'dzhang37', 'kuo20', 'yiyue.luo.9', 'meiselm2', 'maggana2', 'etchiso2', 'berglun2', 'mtschro3', 'echoma', 'dfrosen2', 'zlong4', 'cwang112', 'thiruve2', 'wtroth2', 'liyirou', 'mepaul2', 'kjnnngs2', 'toriyam2', 'rwlandi2', 'zzhan134', 'ncadler2', 'hallorn2']",11,"['jpritch711', 'idna.wudtke', 'nde1', 'yuqiuwu2', 'tmolley2', 'egendreau', 'thebrink47', 'andremacedoabreu', 'miguelciria', 'ricknoberts93', 'soccerjoshua711']",18,"['ramansbach', 'drew.wise.10', 'jonbaebae', 'xsun45', 'slee503', 'hugo17.wang', 'xlz.287', 'zohair2', 'jeoneil6', 'bridgette.lafaye', None, 'zjcszzl0615', 'mchang14', 'zhaber2', 'harrisian84', 'vkhanna3', 'ychu18', 'sdhanak1']",103,"['amogharavi1', 'zohair2', 'slohman2', 'yaoyao5', 'dcschmi2', 'drew.wise.10', 'goszkow2', 'egendreau', 'andremacedoabreu', 'jsshin3', 'cmander4', 'zhaber2', 'pbehera2', 'xsun45', 'jkim526', 'hzhan126', 'sbumbles96', 'tcalder2', 'ellenhuang', 'alanwu3', 'jlstein3', 'jackylu2', 'kuo20', 'toriyam2', 'etchiso2', 'mtschro3', 'echoma', 'cwang112', 'hugo17.wang', 'wtroth2', 'mepaul2', 'kjnnngs2', 'zzhan134', 'idna.wudtke', 'jonbaebae', 'yuqiuwu2', 'scorchnoxap', 'xlz.287', 'miguelciria', 'nuanes2', 'jhbaker3', 'jeoneil6', 'mizhou2', 'jakrogst', 'liam', 'cdeegan2', 'pross4', 'tmolley2', 'jhuang84', 'dexterballou', 'zjcszzl0615', 'harrisian84', 'ricknoberts93', 'dzhang37', 'ychu18', None, 'yiyue.luo.9', 'maggana2', 'berglun2', 'zlong4', 'liyirou', 'ncadler2', 'rzhang80', 'jacob.dutler', 'jhmead2', 'aladd2', 'acao5', 'jconfor2', 'thebrink47', 'balung18', 'fiszbei2', 'akim102', 'sdhanak1', 'crickettay13', 'jputhuvelil95', 'trskwsk2', 'mckillo2', 'meiselm2', 'dfrosen2', 'slee503', 'thiruve2', 'rwlandi2', 'ramansbach', 'bridgette.lafaye', 'jytan2', 'reningr2', 'vkhanna3', 'jpritch711', 'sapsfor2', 'nayung36', 'jshi3120', 'mclawso2', 'ychen375', 'jzhan142', 'arovgno', 'aokisang', 'cnsteve2', 'nde1', 'zafar3', 'mchang14', 'yhuan127', 'soccerjoshua711', 'hallorn2']"
4,192,86,15,6,"['nde1', 'thebrink47', 'egendreau', 'andremacedoabreu', 'ricknoberts93', 'soccerjoshua711']",79,"['amogharavi1', 'rzhang80', 'jacob.dutler', 'jhmead2', 'slohman2', 'yaoyao5', 'dcschmi2', 'aladd2', 'acao5', 'goszkow2', 'jconfor2', 'balung18', 'jsshin3', 'cmander4', 'fiszbei2', 'akim102', 'pbehera2', 'crickettay13', 'jputhuvelil95', 'jkim526', 'hzhan126', 'sbumbles96', 'trskwsk2', 'mckillo2', 'tcalder2', 'ellenhuang', 'alanwu3', 'jlstein3', 'jackylu2', 'kuo20', 'meiselm2', 'etchiso2', 'mtschro3', 'echoma', 'dfrosen2', 'cwang112', 'thiruve2', 'wtroth2', 'mepaul2', 'kjnnngs2', 'rwlandi2', 'zzhan134', 'idna.wudtke', 'yuqiuwu2', 'scorchnoxap', 'jytan2', 'reningr2', 'miguelciria', 'jpritch711', 'sapsfor2', 'nayung36', 'jshi3120', 'nuanes2', 'jhbaker3', 'mclawso2', 'ychen375', 'yhuan127', 'jzhan142', 'mizhou2', 'arovgno', 'jakrogst', 'aokisang', 'liam', 'cnsteve2', 'cdeegan2', 'pross4', 'tmolley2', 'jhuang84', 'dexterballou', 'zafar3', 'dzhang37', 'yiyue.luo.9', 'maggana2', 'berglun2', 'zlong4', 'liyirou', 'toriyam2', 'ncadler2', 'hallorn2']",9,"['zanewjcarter', 'dgueli', 'augusto95', 'ecs5', 'jomav8', 'ag7', 'dlipke', 'samjam14', None]",94,"['amogharavi1', 'rzhang80', 'augusto95', 'jacob.dutler', 'jhmead2', 'slohman2', 'yaoyao5', 'dcschmi2', 'aladd2', 'acao5', 'goszkow2', 'jconfor2', 'thebrink47', 'egendreau', 'ecs5', 'andremacedoabreu', 'balung18', 'jsshin3', 'cmander4', 'fiszbei2', 'akim102', 'pbehera2', 'crickettay13', 'jputhuvelil95', 'jkim526', 'hzhan126', 'ag7', 'sbumbles96', 'trskwsk2', 'mckillo2', 'tcalder2', 'ellenhuang', 'alanwu3', 'jlstein3', 'jackylu2', 'kuo20', 'meiselm2', 'etchiso2', 'mtschro3', 'echoma', 'dfrosen2', 'jomav8', 'cwang112', 'thiruve2', 'wtroth2', 'mepaul2', 'kjnnngs2', 'rwlandi2', 'zzhan134', 'idna.wudtke', 'yuqiuwu2', 'scorchnoxap', 'jytan2', 'reningr2', 'samjam14', 'miguelciria', 'jpritch711', 'sapsfor2', 'nayung36', 'jshi3120', 'nuanes2', 'jhbaker3', 'mclawso2', 'ychen375', 'yhuan127', 'dlipke', 'jzhan142', 'mizhou2', 'arovgno', 'jakrogst', 'aokisang', 'liam', 'cnsteve2', 'zanewjcarter', 'cdeegan2', 'nde1', 'soccerjoshua711', 'pross4', 'tmolley2', 'jhuang84', 'dgueli', 'dexterballou', 'zafar3', 'ricknoberts93', 'dzhang37', None, 'yiyue.luo.9', 'maggana2', 'berglun2', 'zlong4', 'liyirou', 'toriyam2', 'ncadler2', 'hallorn2']"
4,191,86,13,4,"['thebrink47', 'egendreau', 'ricknoberts93', 'andremacedoabreu']",81,"['amogharavi1', 'rzhang80', 'jacob.dutler', 'jhmead2', 'slohman2', 'yaoyao5', 'dcschmi2', 'aladd2', 'acao5', 'goszkow2', 'jconfor2', 'balung18', 'jsshin3', 'cmander4', 'fiszbei2', 'akim102', 'pbehera2', 'crickettay13', 'jputhuvelil95', 'jkim526', 'hzhan126', 'sbumbles96', 'trskwsk2', 'mckillo2', 'tcalder2', 'ellenhuang', 'alanwu3', 'jlstein3', 'jackylu2', 'kuo20', 'meiselm2', 'etchiso2', 'mtschro3', 'echoma', 'dfrosen2', 'cwang112', 'thiruve2', 'wtroth2', 'mepaul2', 'kjnnngs2', 'rwlandi2', 'zzhan134', 'idna.wudtke', 'yuqiuwu2', 'scorchnoxap', 'jytan2', 'reningr2', 'miguelciria', 'jpritch711', 'sapsfor2', 'nayung36', 'jshi3120', 'nuanes2', 'jhbaker3', 'mclawso2', 'ychen375', 'yhuan127', 'jzhan142', 'mizhou2', 'arovgno', 'jakrogst', 'aokisang', 'liam', 'cnsteve2', 'cdeegan2', 'nde1', 'soccerjoshua711', 'pross4', 'tmolley2', 'jhuang84', 'dexterballou', 'zafar3', 'dzhang37', 'yiyue.luo.9', 'maggana2', 'berglun2', 'zlong4', 'liyirou', 'toriyam2', 'ncadler2', 'hallorn2']",9,"['zanewjcarter', 'dgueli', 'augusto95', 'ecs5', 'ag7', 'mlaubert', 'dlipke', 'samjam14', None]",94,"['amogharavi1', 'rzhang80', 'augusto95', 'jacob.dutler', 'jhmead2', 'slohman2', 'yaoyao5', 'dcschmi2', 'aladd2', 'acao5', 'goszkow2', 'jconfor2', 'thebrink47', 'egendreau', 'ecs5', 'andremacedoabreu', 'balung18', 'jsshin3', 'cmander4', 'fiszbei2', 'akim102', 'pbehera2', 'crickettay13', 'jputhuvelil95', 'jkim526', 'hzhan126', 'ag7', 'sbumbles96', 'trskwsk2', 'mckillo2', 'tcalder2', 'ellenhuang', 'alanwu3', 'jlstein3', 'jackylu2', 'kuo20', 'meiselm2', 'etchiso2', 'mtschro3', 'echoma', 'dfrosen2', 'cwang112', 'thiruve2', 'wtroth2', 'mepaul2', 'kjnnngs2', 'mlaubert', 'rwlandi2', 'zzhan134', 'idna.wudtke', 'yuqiuwu2', 'scorchnoxap', 'jytan2', 'reningr2', 'samjam14', 'miguelciria', 'jpritch711', 'sapsfor2', 'nayung36', 'jshi3120', 'nuanes2', 'jhbaker3', 'mclawso2', 'ychen375', 'yhuan127', 'dlipke', 'jzhan142', 'mizhou2', 'arovgno', 'jakrogst', 'aokisang', 'liam', 'cnsteve2', 'zanewjcarter', 'cdeegan2', 'nde1', 'soccerjoshua711', 'pross4', 'tmolley2', 'jhuang84', 'dgueli', 'dexterballou', 'zafar3', 'ricknoberts93', 'dzhang37', None, 'yiyue.luo.9', 'maggana2', 'berglun2', 'zlong4', 'liyirou', 'toriyam2', 'ncadler2', 'hallorn2']"
5,208,78,60,10,"['shirleyx2000', 'bardia22', 'elviajero', 'g.nicol93', 'timoooshy', 'jarektan', 'wenjunw2145', 'mchose3', 'wgron94', 'rdeiaco']",67,"['mavelez2', 'matt.brame', 'amy.paulina.7', 'rootty', 'golightlyj', 'mrmuhee', 'weberc2016', 'johnsky2', 'tomasa03', 'travisfcole', 'paolosist', 'raulontiveros.607', 'torres.mac13', 'jilote13', 'lcoronado', 'maddmaxamofo', 'cabdulciise', '3enrique96', 'fernera', 'christian.rivera', 'ambiti88', 'borcharn', 'michael_mikhael00', 'odsalazar', 'frankcastle0314', 'mjalvarezcomas', 'jiaolh', 'diegonahuel', 'roherrera', 'aelafuente', 'tolmanm', 'icorral', 'agrodriguez8', 'samdoeswork', 'youjongbum', 'dardy43', 'oniric6', 'amartinez108', 'nestella16', 'eliasjef762', 'lnsoto', 'hoffmrob', 'calcantara', 'hockeymanpro66', 'jpcoseco', 'cy9160', 'lfv2108', 'cflores25', 'gaabe_4', 'alanmangobear', 'slocumat', 'norrepli', 'raymundo.delarosa1', 'luis_d_hernandez', 'nick371', 'edgargomez1996', 'steese2000', 'amartinez156', 'ejacosta4', 'dgarci1558', 'midimaster21b', 'lesandoval', 'idemama', 'aisolis', 'lasanchez14', 'zachzak', 'omargb9']",50,"['wslufu', 'glingyan', 'tophamjohn1', 'kimia.jahan', 'brenklas', 'aruskey', 'bobob', 'siyang323', 'abajwa94', 'martin_frapp', 'acsikos', 'felixvanoost', 'ardyferg', 'pmacbeath', 'dingdingonubc', 'ewiggins4011', 'davidphillipschwartz', 'danielle.leclaire', 'abaltazar23', 'nandersen', 'kyle.henderson181', 'pat.wells.93', 'wilson.to.18', 'jiamyu8403', 'jonas.ordman', 'vtranner', 'aidin', 'vicki_7714', 'nickwindt1', 'abelozerov', 'michaeltraaan', 'jgmhua', 'noojan', 'alexabulnaga', 'thatguy123', 'scottlawsonbc', 'ulamog', 'jeremychin', 'queenrochello', 'brian315', None, 'zekria45', 'nikiebc', 'wenjinjie100', 'tehpatrick', 'mustafacc', 'reubenpaul34', 'lcarmichaelpowell', 'smarangk', 'twong1985']",127,"['glingyan', 'mavelez2', 'matt.brame', 'amy.paulina.7', 'elviajero', 'mrmuhee', 'kimia.jahan', 'brenklas', 'aruskey', 'johnsky2', 'bobob', 'wenjunw2145', 'siyang323', 'tomasa03', 'travisfcole', 'abajwa94', 'martin_frapp', 'raulontiveros.607', 'torres.mac13', 'ardyferg', 'pmacbeath', 'lcoronado', 'maddmaxamofo', 'cabdulciise', 'shirleyx2000', '3enrique96', 'dingdingonubc', 'ewiggins4011', 'fernera', 'danielle.leclaire', 'ambiti88', 'nandersen', 'pat.wells.93', 'odsalazar', 'wilson.to.18', 'frankcastle0314', 'tolmanm', 'agrodriguez8', 'youjongbum', 'aidin', 'dardy43', 'oniric6', 'g.nicol93', 'vicki_7714', 'nickwindt1', 'michaeltraaan', 'noojan', 'nestella16', 'alexabulnaga', 'mchose3', 'thatguy123', 'calcantara', 'hockeymanpro66', 'scottlawsonbc', 'cy9160', 'jeremychin', 'lfv2108', 'queenrochello', 'cflores25', 'brian315', 'gaabe_4', 'nikiebc', 'alanmangobear', 'slocumat', 'norrepli', 'raymundo.delarosa1', 'luis_d_hernandez', 'wenjinjie100', 'edgargomez1996', 'steese2000', 'dgarci1558', 'lesandoval', 'lcarmichaelpowell', 'idemama', 'aisolis', 'lasanchez14', 'rdeiaco', 'omargb9', 'smarangk', 'wslufu', 'tophamjohn1', 'rootty', 'golightlyj', 'weberc2016', 'paolosist', 'acsikos', 'felixvanoost', 'jilote13', 'davidphillipschwartz', 'christian.rivera', 'abaltazar23', 'jarektan', 'kyle.henderson181', 'borcharn', 'michael_mikhael00', 'jiamyu8403', 'jonas.ordman', 'mjalvarezcomas', 'jiaolh', 'diegonahuel', 'roherrera', 'aelafuente', 'icorral', 'samdoeswork', 'vtranner', 'abelozerov', 'amartinez108', 'timoooshy', 'jgmhua', 'eliasjef762', 'lnsoto', 'hoffmrob', 'jpcoseco', 'ulamog', 'wgron94', None, 'zekria45', 'bardia22', 'nick371', 'amartinez156', 'tehpatrick', 'mustafacc', 'ejacosta4', 'reubenpaul34', 'midimaster21b', 'twong1985', 'zachzak']"
5,210,78,42,36,"['mavelez2', 'matt.brame', 'amy.paulina.7', 'tomasa03', 'raulontiveros.607', 'torres.mac13', 'lcoronado', '3enrique96', 'christian.rivera', 'michael_mikhael00', 'odsalazar', 'mjalvarezcomas', 'roherrera', 'aelafuente', 'icorral', 'agrodriguez8', 'samdoeswork', 'dardy43', 'oniric6', 'amartinez108', 'eliasjef762', 'lnsoto', 'calcantara', 'cflores25', 'gaabe_4', 'alanmangobear', 'raymundo.delarosa1', 'amartinez156', 'luis_d_hernandez', 'edgargomez1996', 'steese2000', 'dgarci1558', 'lesandoval', 'aisolis', 'lasanchez14', 'omargb9']",41,"['rootty', 'elviajero', 'golightlyj', 'mrmuhee', 'weberc2016', 'johnsky2', 'wenjunw2145', 'travisfcole', 'paolosist', 'jilote13', 'maddmaxamofo', 'shirleyx2000', 'cabdulciise', 'fernera', 'jarektan', 'ambiti88', 'borcharn', 'frankcastle0314', 'jiaolh', 'diegonahuel', 'tolmanm', 'youjongbum', 'g.nicol93', 'timoooshy', 'nestella16', 'mchose3', 'hoffmrob', 'hockeymanpro66', 'jpcoseco', 'cy9160', 'wgron94', 'lfv2108', 'bardia22', 'zachzak', 'slocumat', 'norrepli', 'nick371', 'ejacosta4', 'midimaster21b', 'idemama', 'rdeiaco']",6,"['jrperez5', 'aispurohector1', 'cbombach', 'sanchez.ebe', None, 'aholguin13']",83,"['mavelez2', 'matt.brame', 'amy.paulina.7', 'elviajero', 'mrmuhee', 'johnsky2', 'wenjunw2145', 'tomasa03', 'travisfcole', 'raulontiveros.607', 'torres.mac13', 'lcoronado', 'maddmaxamofo', 'cabdulciise', 'shirleyx2000', '3enrique96', 'fernera', 'ambiti88', 'odsalazar', 'frankcastle0314', 'tolmanm', 'agrodriguez8', 'youjongbum', 'dardy43', 'oniric6', 'g.nicol93', 'nestella16', 'mchose3', 'calcantara', 'hockeymanpro66', 'cy9160', 'lfv2108', 'cflores25', 'aholguin13', 'gaabe_4', 'alanmangobear', 'slocumat', 'norrepli', 'raymundo.delarosa1', 'luis_d_hernandez', 'edgargomez1996', 'steese2000', 'dgarci1558', 'lesandoval', 'idemama', 'aisolis', 'lasanchez14', 'rdeiaco', 'omargb9', 'jrperez5', 'rootty', 'golightlyj', 'weberc2016', 'cbombach', 'sanchez.ebe', 'paolosist', 'jilote13', 'christian.rivera', 'jarektan', 'borcharn', 'michael_mikhael00', 'mjalvarezcomas', 'jiaolh', 'diegonahuel', 'roherrera', 'aelafuente', 'icorral', 'samdoeswork', 'amartinez108', 'timoooshy', 'eliasjef762', 'lnsoto', 'hoffmrob', 'jpcoseco', 'wgron94', None, 'bardia22', 'nick371', 'amartinez156', 'ejacosta4', 'aispurohector1', 'midimaster21b', 'zachzak']"
5,212,78,20,19,"['weberc2016', 'johnsky2', 'travisfcole', 'jilote13', 'maddmaxamofo', 'cabdulciise', 'fernera', 'borcharn', 'jiaolh', 'tolmanm', 'nestella16', 'hoffmrob', 'hockeymanpro66', 'cy9160', 'slocumat', 'nick371', 'midimaster21b', 'idemama', 'zachzak']",58,"['mavelez2', 'matt.brame', 'amy.paulina.7', 'elviajero', 'rootty', 'golightlyj', 'mrmuhee', 'wenjunw2145', 'tomasa03', 'paolosist', 'raulontiveros.607', 'torres.mac13', 'lcoronado', 'shirleyx2000', '3enrique96', 'christian.rivera', 'jarektan', 'ambiti88', 'michael_mikhael00', 'odsalazar', 'frankcastle0314', 'mjalvarezcomas', 'roherrera', 'diegonahuel', 'aelafuente', 'icorral', 'agrodriguez8', 'samdoeswork', 'youjongbum', 'dardy43', 'oniric6', 'g.nicol93', 'amartinez108', 'timoooshy', 'eliasjef762', 'mchose3', 'lnsoto', 'calcantara', 'jpcoseco', 'wgron94', 'lfv2108', 'cflores25', 'bardia22', 'gaabe_4', 'alanmangobear', 'norrepli', 'raymundo.delarosa1', 'luis_d_hernandez', 'amartinez156', 'edgargomez1996', 'steese2000', 'ejacosta4', 'dgarci1558', 'lesandoval', 'aisolis', 'lasanchez14', 'rdeiaco', 'omargb9']",1,[None],78,"['mavelez2', 'matt.brame', 'amy.paulina.7', 'elviajero', 'mrmuhee', 'johnsky2', 'wenjunw2145', 'tomasa03', 'travisfcole', 'raulontiveros.607', 'torres.mac13', 'lcoronado', 'maddmaxamofo', 'cabdulciise', 'shirleyx2000', '3enrique96', 'fernera', 'ambiti88', 'odsalazar', 'frankcastle0314', 'tolmanm', 'agrodriguez8', 'youjongbum', 'dardy43', 'oniric6', 'g.nicol93', 'nestella16', 'mchose3', 'calcantara', 'hockeymanpro66', 'cy9160', 'lfv2108', 'cflores25', 'gaabe_4', 'alanmangobear', 'slocumat', 'norrepli', 'raymundo.delarosa1', 'luis_d_hernandez', 'edgargomez1996', 'steese2000', 'dgarci1558', 'lesandoval', 'idemama', 'aisolis', 'lasanchez14', 'rdeiaco', 'omargb9', 'rootty', 'golightlyj', 'weberc2016', 'paolosist', 'jilote13', 'christian.rivera', 'jarektan', 'borcharn', 'michael_mikhael00', 'mjalvarezcomas', 'jiaolh', 'diegonahuel', 'roherrera', 'aelafuente', 'icorral', 'samdoeswork', 'amartinez108', 'timoooshy', 'eliasjef762', 'lnsoto', 'hoffmrob', 'jpcoseco', 'wgron94', None, 'bardia22', 'nick371', 'amartinez156', 'ejacosta4', 'midimaster21b', 'zachzak']"
5,206,78,18,1,['frankcastle0314'],76,"['mavelez2', 'matt.brame', 'amy.paulina.7', 'elviajero', 'mrmuhee', 'johnsky2', 'wenjunw2145', 'tomasa03', 'travisfcole', 'raulontiveros.607', 'torres.mac13', 'lcoronado', 'maddmaxamofo', 'cabdulciise', 'shirleyx2000', '3enrique96', 'fernera', 'ambiti88', 'odsalazar', 'tolmanm', 'agrodriguez8', 'youjongbum', 'dardy43', 'oniric6', 'g.nicol93', 'nestella16', 'mchose3', 'calcantara', 'hockeymanpro66', 'cy9160', 'lfv2108', 'cflores25', 'gaabe_4', 'alanmangobear', 'slocumat', 'norrepli', 'raymundo.delarosa1', 'luis_d_hernandez', 'edgargomez1996', 'steese2000', 'dgarci1558', 'lesandoval', 'idemama', 'aisolis', 'lasanchez14', 'rdeiaco', 'omargb9', 'rootty', 'golightlyj', 'weberc2016', 'paolosist', 'jilote13', 'christian.rivera', 'jarektan', 'borcharn', 'michael_mikhael00', 'mjalvarezcomas', 'jiaolh', 'diegonahuel', 'roherrera', 'aelafuente', 'icorral', 'samdoeswork', 'amartinez108', 'timoooshy', 'eliasjef762', 'lnsoto', 'hoffmrob', 'jpcoseco', 'wgron94', 'bardia22', 'nick371', 'amartinez156', 'ejacosta4', 'midimaster21b', 'zachzak']",17,"['essentially0rwhatnot', 'tsearles15', 'adamshick25', 'jb336049', 'dm332306', 'rsslymn', 'addisonmoon', 'dthayer21', 'jtamasy79', 'mg346292', None, 'kyle18williams', 'cn331612', 'jt333864', 'ryanparker012', 'embrasley', 'danaaylward17']",94,"['mavelez2', 'matt.brame', 'amy.paulina.7', 'elviajero', 'jb336049', 'mrmuhee', 'addisonmoon', 'johnsky2', 'dthayer21', 'wenjunw2145', 'tomasa03', 'travisfcole', 'raulontiveros.607', 'torres.mac13', 'lcoronado', 'maddmaxamofo', 'cabdulciise', 'shirleyx2000', '3enrique96', 'fernera', 'ambiti88', 'mg346292', 'odsalazar', 'frankcastle0314', 'tolmanm', 'agrodriguez8', 'youjongbum', 'tsearles15', 'dardy43', 'oniric6', 'g.nicol93', 'nestella16', 'mchose3', 'calcantara', 'hockeymanpro66', 'kyle18williams', 'cy9160', 'lfv2108', 'cflores25', 'gaabe_4', 'alanmangobear', 'slocumat', 'norrepli', 'raymundo.delarosa1', 'luis_d_hernandez', 'dm332306', 'edgargomez1996', 'steese2000', 'dgarci1558', 'lesandoval', 'idemama', 'aisolis', 'lasanchez14', 'rdeiaco', 'omargb9', 'danaaylward17', 'rootty', 'adamshick25', 'golightlyj', 'weberc2016', 'paolosist', 'jilote13', 'essentially0rwhatnot', 'christian.rivera', 'jarektan', 'borcharn', 'michael_mikhael00', 'cn331612', 'mjalvarezcomas', 'jiaolh', 'diegonahuel', 'roherrera', 'aelafuente', 'jt333864', 'icorral', 'samdoeswork', 'amartinez108', 'timoooshy', 'eliasjef762', 'lnsoto', 'hoffmrob', 'jpcoseco', 'embrasley', 'wgron94', 'ryanparker012', None, 'bardia22', 'nick371', 'amartinez156', 'rsslymn', 'ejacosta4', 'jtamasy79', 'midimaster21b', 'zachzak']"
5,209,78,17,1,['frankcastle0314'],76,"['mavelez2', 'matt.brame', 'amy.paulina.7', 'elviajero', 'mrmuhee', 'johnsky2', 'wenjunw2145', 'tomasa03', 'travisfcole', 'raulontiveros.607', 'torres.mac13', 'lcoronado', 'maddmaxamofo', 'cabdulciise', 'shirleyx2000', '3enrique96', 'fernera', 'ambiti88', 'odsalazar', 'tolmanm', 'agrodriguez8', 'youjongbum', 'dardy43', 'oniric6', 'g.nicol93', 'nestella16', 'mchose3', 'calcantara', 'hockeymanpro66', 'cy9160', 'lfv2108', 'cflores25', 'gaabe_4', 'alanmangobear', 'slocumat', 'norrepli', 'raymundo.delarosa1', 'luis_d_hernandez', 'edgargomez1996', 'steese2000', 'dgarci1558', 'lesandoval', 'idemama', 'aisolis', 'lasanchez14', 'rdeiaco', 'omargb9', 'rootty', 'golightlyj', 'weberc2016', 'paolosist', 'jilote13', 'christian.rivera', 'jarektan', 'borcharn', 'michael_mikhael00', 'mjalvarezcomas', 'jiaolh', 'diegonahuel', 'roherrera', 'aelafuente', 'icorral', 'samdoeswork', 'amartinez108', 'timoooshy', 'eliasjef762', 'lnsoto', 'hoffmrob', 'jpcoseco', 'wgron94', 'bardia22', 'nick371', 'amartinez156', 'ejacosta4', 'midimaster21b', 'zachzak']",16,"['essentially0rwhatnot', 'adamshick25', 'jb336049', 'dm332306', 'rsslymn', 'jtamasy79', 'dthayer21', 'mg346292', None, 'kyle18williams', 'nd333995', 'cn331612', 'jt333864', 'ryanparker012', 'embrasley', 'danaaylward17']",93,"['mavelez2', 'matt.brame', 'amy.paulina.7', 'elviajero', 'jb336049', 'mrmuhee', 'johnsky2', 'dthayer21', 'wenjunw2145', 'tomasa03', 'travisfcole', 'raulontiveros.607', 'torres.mac13', 'lcoronado', 'maddmaxamofo', 'cabdulciise', 'shirleyx2000', '3enrique96', 'fernera', 'ambiti88', 'mg346292', 'odsalazar', 'frankcastle0314', 'tolmanm', 'agrodriguez8', 'youjongbum', 'dardy43', 'oniric6', 'g.nicol93', 'nestella16', 'mchose3', 'calcantara', 'hockeymanpro66', 'kyle18williams', 'cy9160', 'lfv2108', 'cflores25', 'gaabe_4', 'alanmangobear', 'slocumat', 'norrepli', 'raymundo.delarosa1', 'luis_d_hernandez', 'dm332306', 'edgargomez1996', 'steese2000', 'dgarci1558', 'lesandoval', 'idemama', 'aisolis', 'lasanchez14', 'rdeiaco', 'omargb9', 'danaaylward17', 'rootty', 'adamshick25', 'golightlyj', 'weberc2016', 'paolosist', 'jilote13', 'essentially0rwhatnot', 'christian.rivera', 'jarektan', 'borcharn', 'michael_mikhael00', 'nd333995', 'cn331612', 'mjalvarezcomas', 'jiaolh', 'diegonahuel', 'roherrera', 'aelafuente', 'jt333864', 'icorral', 'samdoeswork', 'amartinez108', 'timoooshy', 'eliasjef762', 'lnsoto', 'hoffmrob', 'jpcoseco', 'embrasley', 'wgron94', 'ryanparker012', None, 'bardia22', 'nick371', 'amartinez156', 'rsslymn', 'ejacosta4', 'jtamasy79', 'midimaster21b', 'zachzak']"
6,228,76,55,45,"['quiksilver', 'pavol_mnan', 'jaroslavmikeska', 'xmusil54', 'hagrid054', 'pavolkrsak', 'mlynkovabarca', 'mmum_adam', 'xjakou02', 'mareksikora', 'tatranka01', 'frein', 'pecekl', 'rezruc', 'xbrynd00', 'los_machos', 'kolar.michal', 'diavel', 'bures.fr', 'xalber00', 'xsykor18', 'smurfer', 'benesl.tomas', 'xzagra00', 'jirkajiruska', 'tenji', 'xchutn', 'michal.talaba', 'xnovak0n', 'luk.kupka', 'adelaid', 'lukas.kuruc', 'jendavavra', 'dwayne007', 'xtoman27', 'andor0521', 'janmatej', 'xfilka01', 'xsidor00', 'sejcek', 'tkac.peto92', 'ondrejbastan', 'chytil92', 'xdolni02', 'sslenker']",30,"['xsmise01', 'lesik', 'voda.tomas', 'xkrist16', 'xdolej04', 'martinkobath', 'nuginy', 'dareion.legacy', 'janda.janousek', 'kuba.streit', 'stavji', 'xbolek00', 'tomasmichalek', 'iveta.ustohalova', 'xproko28', 'xbakli01', 'xgerja00', 'alergikus', 'vojtech.vladyka', 'picikato', 'xkudla11', 'xsediv9', 'xtomek08', 'sehny', 'valik', 'tallcomanche', 'konecny.tomas.93', 'xkulha02', 'dixie223.555', 'fikus333']",10,"['xkubin21', 'novak45', 'majoveri', 'xkraus09', 'martinkucirek', 'xtrizn00', 'xplany00', 'papirek92', None, 'pastikar1']",85,"['xsmise01', 'majoveri', 'quiksilver', 'pavol_mnan', 'jaroslavmikeska', 'xmusil54', 'martinkobath', 'hagrid054', 'mmum_adam', 'nuginy', 'dareion.legacy', 'janda.janousek', 'novak45', 'frein', 'xbrynd00', 'xbolek00', 'pecekl', 'kolar.michal', 'iveta.ustohalova', 'xproko28', 'xsykor18', 'xbakli01', 'pastikar1', 'xkubin21', 'xzagra00', 'jirkajiruska', 'alergikus', 'picikato', 'martinkucirek', 'xplany00', 'xsediv9', 'adelaid', 'luk.kupka', 'xtomek08', 'andor0521', 'dwayne007', 'janmatej', 'valik', 'konecny.tomas.93', 'xsidor00', 'xkraus09', 'sslenker', 'chytil92', 'fikus333', 'lesik', 'voda.tomas', 'xkrist16', 'xtrizn00', 'xdolej04', 'pavolkrsak', 'mlynkovabarca', 'xjakou02', 'kuba.streit', 'stavji', 'mareksikora', 'tatranka01', 'rezruc', 'los_machos', 'tomasmichalek', 'diavel', 'bures.fr', 'xalber00', 'smurfer', 'benesl.tomas', 'xgerja00', 'vojtech.vladyka', 'tenji', 'xkudla11', 'xchutn', 'michal.talaba', 'xnovak0n', 'papirek92', None, 'lukas.kuruc', 'jendavavra', 'sehny', 'xtoman27', 'tallcomanche', 'xfilka01', 'xkulha02', 'dixie223.555', 'sejcek', 'tkac.peto92', 'ondrejbastan', 'xdolni02']"
6,25,76,54,45,"['quiksilver', 'lesik', 'pavol_mnan', 'jaroslavmikeska', 'xmusil54', 'hagrid054', 'pavolkrsak', 'mlynkovabarca', 'mmum_adam', 'dareion.legacy', 'mareksikora', 'frein', 'pecekl', 'rezruc', 'xbrynd00', 'los_machos', 'kolar.michal', 'bures.fr', 'xalber00', 'xsykor18', 'smurfer', 'benesl.tomas', 'xgerja00', 'xzagra00', 'jirkajiruska', 'tenji', 'xchutn', 'michal.talaba', 'xnovak0n', 'xsediv9', 'luk.kupka', 'adelaid', 'jendavavra', 'dwayne007', 'xtoman27', 'andor0521', 'janmatej', 'xfilka01', 'valik', 'xsidor00', 'sejcek', 'tkac.peto92', 'chytil92', 'xdolni02', 'sslenker']",30,"['xsmise01', 'voda.tomas', 'xkrist16', 'xdolej04', 'martinkobath', 'xjakou02', 'nuginy', 'janda.janousek', 'kuba.streit', 'stavji', 'tatranka01', 'xbolek00', 'tomasmichalek', 'iveta.ustohalova', 'xproko28', 'diavel', 'xbakli01', 'alergikus', 'vojtech.vladyka', 'picikato', 'xkudla11', 'xtomek08', 'lukas.kuruc', 'sehny', 'tallcomanche', 'xkulha02', 'konecny.tomas.93', 'dixie223.555', 'ondrejbastan', 'fikus333']",9,"['novak45', 'majoveri', 'xmacha55', 'blablablablabbb', 'xrysav20', 'martinkucirek', 'dominik.kotulic', 'xparik01', None]",84,"['xsmise01', 'majoveri', 'quiksilver', 'pavol_mnan', 'jaroslavmikeska', 'xmusil54', 'martinkobath', 'hagrid054', 'mmum_adam', 'nuginy', 'dareion.legacy', 'janda.janousek', 'novak45', 'frein', 'blablablablabbb', 'xbrynd00', 'xbolek00', 'pecekl', 'xrysav20', 'kolar.michal', 'iveta.ustohalova', 'xproko28', 'xsykor18', 'xbakli01', 'xzagra00', 'jirkajiruska', 'alergikus', 'xmacha55', 'picikato', 'martinkucirek', 'xsediv9', 'adelaid', 'luk.kupka', 'xparik01', 'xtomek08', 'andor0521', 'dwayne007', 'janmatej', 'valik', 'konecny.tomas.93', 'xsidor00', 'sslenker', 'chytil92', 'fikus333', 'lesik', 'voda.tomas', 'xkrist16', 'xdolej04', 'pavolkrsak', 'mlynkovabarca', 'xjakou02', 'kuba.streit', 'stavji', 'mareksikora', 'tatranka01', 'rezruc', 'los_machos', 'tomasmichalek', 'diavel', 'bures.fr', 'xalber00', 'smurfer', 'benesl.tomas', 'xgerja00', 'vojtech.vladyka', 'tenji', 'xkudla11', 'xchutn', 'michal.talaba', 'xnovak0n', None, 'lukas.kuruc', 'jendavavra', 'sehny', 'xtoman27', 'tallcomanche', 'xfilka01', 'xkulha02', 'dixie223.555', 'sejcek', 'tkac.peto92', 'ondrejbastan', 'dominik.kotulic', 'xdolni02']"
6,37,76,54,44,"['xsmise01', 'quiksilver', 'pavol_mnan', 'jaroslavmikeska', 'xmusil54', 'hagrid054', 'pavolkrsak', 'mlynkovabarca', 'xjakou02', 'dareion.legacy', 'mareksikora', 'tatranka01', 'frein', 'pecekl', 'rezruc', 'xbrynd00', 'los_machos', 'kolar.michal', 'diavel', 'bures.fr', 'xalber00', 'xsykor18', 'smurfer', 'benesl.tomas', 'xgerja00', 'jirkajiruska', 'tenji', 'xchutn', 'michal.talaba', 'xnovak0n', 'xsediv9', 'luk.kupka', 'adelaid', 'lukas.kuruc', 'jendavavra', 'dwayne007', 'xtoman27', 'janmatej', 'xfilka01', 'xsidor00', 'sejcek', 'ondrejbastan', 'chytil92', 'xdolni02']",31,"['lesik', 'voda.tomas', 'xkrist16', 'xdolej04', 'martinkobath', 'mmum_adam', 'nuginy', 'janda.janousek', 'kuba.streit', 'stavji', 'xbolek00', 'tomasmichalek', 'iveta.ustohalova', 'xproko28', 'xbakli01', 'xzagra00', 'alergikus', 'vojtech.vladyka', 'picikato', 'xkudla11', 'xtomek08', 'sehny', 'andor0521', 'valik', 'tallcomanche', 'konecny.tomas.93', 'xkulha02', 'dixie223.555', 'tkac.peto92', 'sslenker', 'fikus333']",10,"['xkubin21', 'novak45', 'majoveri', 'blablablablabbb', 'martinkucirek', 'xtrizn00', 'xplany00', None, 'xparik01', 'xrasto']",85,"['xsmise01', 'majoveri', 'quiksilver', 'pavol_mnan', 'jaroslavmikeska', 'xmusil54', 'martinkobath', 'hagrid054', 'mmum_adam', 'nuginy', 'dareion.legacy', 'janda.janousek', 'novak45', 'frein', 'blablablablabbb', 'xbrynd00', 'xbolek00', 'pecekl', 'kolar.michal', 'iveta.ustohalova', 'xproko28', 'xsykor18', 'xbakli01', 'xrasto', 'xkubin21', 'xzagra00', 'jirkajiruska', 'alergikus', 'picikato', 'martinkucirek', 'xplany00', 'xsediv9', 'adelaid', 'luk.kupka', 'xparik01', 'xtomek08', 'andor0521', 'dwayne007', 'janmatej', 'valik', 'konecny.tomas.93', 'xsidor00', 'sslenker', 'chytil92', 'fikus333', 'lesik', 'voda.tomas', 'xkrist16', 'xtrizn00', 'xdolej04', 'pavolkrsak', 'mlynkovabarca', 'xjakou02', 'kuba.streit', 'stavji', 'mareksikora', 'tatranka01', 'rezruc', 'los_machos', 'tomasmichalek', 'diavel', 'bures.fr', 'xalber00', 'smurfer', 'benesl.tomas', 'xgerja00', 'vojtech.vladyka', 'tenji', 'xkudla11', 'xchutn', 'michal.talaba', 'xnovak0n', None, 'lukas.kuruc', 'jendavavra', 'sehny', 'xtoman27', 'tallcomanche', 'xfilka01', 'xkulha02', 'dixie223.555', 'sejcek', 'tkac.peto92', 'ondrejbastan', 'xdolni02']"
6,236,76,51,42,"['xsmise01', 'quiksilver', 'pavol_mnan', 'xmusil54', 'pavolkrsak', 'mlynkovabarca', 'xjakou02', 'dareion.legacy', 'mareksikora', 'tatranka01', 'frein', 'pecekl', 'rezruc', 'xbrynd00', 'los_machos', 'kolar.michal', 'diavel', 'bures.fr', 'xsykor18', 'benesl.tomas', 'xgerja00', 'xzagra00', 'jirkajiruska', 'michal.talaba', 'xnovak0n', 'xsediv9', 'luk.kupka', 'adelaid', 'lukas.kuruc', 'dwayne007', 'xtoman27', 'andor0521', 'xkulha02', 'xfilka01', 'janmatej', 'xsidor00', 'sejcek', 'tkac.peto92', 'ondrejbastan', 'chytil92', 'xdolni02', 'sslenker']",33,"['lesik', 'voda.tomas', 'jaroslavmikeska', 'xkrist16', 'xdolej04', 'martinkobath', 'hagrid054', 'mmum_adam', 'nuginy', 'janda.janousek', 'kuba.streit', 'stavji', 'xbolek00', 'tomasmichalek', 'iveta.ustohalova', 'xproko28', 'xalber00', 'xbakli01', 'smurfer', 'alergikus', 'vojtech.vladyka', 'picikato', 'tenji', 'xkudla11', 'xchutn', 'xtomek08', 'jendavavra', 'sehny', 'valik', 'tallcomanche', 'konecny.tomas.93', 'dixie223.555', 'fikus333']",9,"['xkubin21', 'majoveri', 'xkraus09', 'xrysav20', 'xtrizn00', None, 'xparik01', 'xrasto', 'adamek727']",84,"['xsmise01', 'majoveri', 'quiksilver', 'pavol_mnan', 'jaroslavmikeska', 'xmusil54', 'martinkobath', 'hagrid054', 'mmum_adam', 'nuginy', 'dareion.legacy', 'janda.janousek', 'frein', 'xbrynd00', 'xbolek00', 'pecekl', 'xrysav20', 'kolar.michal', 'iveta.ustohalova', 'xproko28', 'xsykor18', 'xbakli01', 'xrasto', 'xkubin21', 'xzagra00', 'jirkajiruska', 'alergikus', 'picikato', 'xsediv9', 'adelaid', 'luk.kupka', 'xparik01', 'xtomek08', 'andor0521', 'dwayne007', 'janmatej', 'valik', 'konecny.tomas.93', 'xsidor00', 'xkraus09', 'sslenker', 'chytil92', 'fikus333', 'lesik', 'voda.tomas', 'xkrist16', 'xtrizn00', 'xdolej04', 'pavolkrsak', 'mlynkovabarca', 'xjakou02', 'kuba.streit', 'stavji', 'mareksikora', 'tatranka01', 'rezruc', 'los_machos', 'tomasmichalek', 'diavel', 'bures.fr', 'xalber00', 'smurfer', 'adamek727', 'benesl.tomas', 'xgerja00', 'vojtech.vladyka', 'tenji', 'xkudla11', 'xchutn', 'michal.talaba', 'xnovak0n', None, 'lukas.kuruc', 'jendavavra', 'sehny', 'xtoman27', 'tallcomanche', 'xfilka01', 'xkulha02', 'dixie223.555', 'sejcek', 'tkac.peto92', 'ondrejbastan', 'xdolni02']"
6,38,76,41,24,"['voda.tomas', 'xkrist16', 'xdolej04', 'martinkobath', 'nuginy', 'janda.janousek', 'kuba.streit', 'stavji', 'xbolek00', 'tomasmichalek', 'iveta.ustohalova', 'xproko28', 'xbakli01', 'alergikus', 'vojtech.vladyka', 'picikato', 'xkudla11', 'xtomek08', 'sehny', 'xkulha02', 'tallcomanche', 'dixie223.555', 'konecny.tomas.93', 'fikus333']",51,"['xsmise01', 'quiksilver', 'pavol_mnan', 'lesik', 'jaroslavmikeska', 'xmusil54', 'hagrid054', 'pavolkrsak', 'mlynkovabarca', 'xjakou02', 'mmum_adam', 'dareion.legacy', 'mareksikora', 'tatranka01', 'frein', 'xbrynd00', 'pecekl', 'rezruc', 'los_machos', 'kolar.michal', 'diavel', 'bures.fr', 'xalber00', 'xsykor18', 'smurfer', 'benesl.tomas', 'xgerja00', 'xzagra00', 'jirkajiruska', 'tenji', 'xchutn', 'michal.talaba', 'xsediv9', 'adelaid', 'luk.kupka', 'xnovak0n', 'lukas.kuruc', 'jendavavra', 'andor0521', 'dwayne007', 'xtoman27', 'janmatej', 'valik', 'xfilka01', 'xsidor00', 'sejcek', 'tkac.peto92', 'ondrejbastan', 'sslenker', 'chytil92', 'xdolni02']",17,"['havca77', 'xvacli00', 'branislav.repy', 'konecny92', 'daliborxxx', 'xzachm00', 'xgalma00', 'xgregr04', 'stano', 'jarmolsky', 'jirkarck', 'xrychl05', 'novacekrichard', 'xtseve00', None, 'xhrusk15', 'kvitkoagave']",92,"['xsmise01', 'quiksilver', 'pavol_mnan', 'jaroslavmikeska', 'xmusil54', 'martinkobath', 'hagrid054', 'mmum_adam', 'nuginy', 'dareion.legacy', 'janda.janousek', 'frein', 'xbrynd00', 'xbolek00', 'pecekl', 'kolar.michal', 'iveta.ustohalova', 'xproko28', 'jirkarck', 'xsykor18', 'xbakli01', 'kvitkoagave', 'xzagra00', 'daliborxxx', 'jirkajiruska', 'alergikus', 'xgalma00', 'picikato', 'xsediv9', 'adelaid', 'luk.kupka', 'xtomek08', 'xzachm00', 'xvacli00', 'andor0521', 'dwayne007', 'janmatej', 'valik', 'konecny.tomas.93', 'xsidor00', 'sslenker', 'chytil92', 'fikus333', 'lesik', 'voda.tomas', 'xkrist16', 'stano', 'jarmolsky', 'xdolej04', 'xrychl05', 'pavolkrsak', 'mlynkovabarca', 'xjakou02', 'havca77', 'kuba.streit', 'stavji', 'mareksikora', 'tatranka01', 'konecny92', 'xgregr04', 'rezruc', 'los_machos', 'tomasmichalek', 'diavel', 'bures.fr', 'xalber00', 'novacekrichard', 'smurfer', 'xhrusk15', 'benesl.tomas', 'xgerja00', 'vojtech.vladyka', 'tenji', 'xkudla11', 'xchutn', 'michal.talaba', 'xnovak0n', None, 'lukas.kuruc', 'jendavavra', 'sehny', 'xtoman27', 'tallcomanche', 'xfilka01', 'xkulha02', 'dixie223.555', 'sejcek', 'tkac.peto92', 'ondrejbastan', 'xdolni02', 'xtseve00', 'branislav.repy']"
6,132,76,41,31,"['quiksilver', 'lesik', 'jaroslavmikeska', 'xmusil54', 'hagrid054', 'pavolkrsak', 'xjakou02', 'dareion.legacy', 'tatranka01', 'pecekl', 'rezruc', 'los_machos', 'kolar.michal', 'bures.fr', 'xalber00', 'xsykor18', 'xgerja00', 'xzagra00', 'jirkajiruska', 'tenji', 'michal.talaba', 'xnovak0n', 'adelaid', 'jendavavra', 'xtoman27', 'janmatej', 'xfilka01', 'tkac.peto92', 'chytil92', 'xdolni02', 'sslenker']",44,"['xsmise01', 'pavol_mnan', 'voda.tomas', 'xkrist16', 'xdolej04', 'martinkobath', 'mlynkovabarca', 'mmum_adam', 'nuginy', 'janda.janousek', 'kuba.streit', 'stavji', 'mareksikora', 'frein', 'xbrynd00', 'xbolek00', 'tomasmichalek', 'iveta.ustohalova', 'xproko28', 'diavel', 'xbakli01', 'smurfer', 'benesl.tomas', 'alergikus', 'vojtech.vladyka', 'picikato', 'xchutn', 'xkudla11', 'xsediv9', 'luk.kupka', 'xtomek08', 'lukas.kuruc', 'sehny', 'andor0521', 'dwayne007', 'valik', 'tallcomanche', 'konecny.tomas.93', 'xsidor00', 'xkulha02', 'dixie223.555', 'sejcek', 'ondrejbastan', 'fikus333']",10,"['xkubin21', 'pousta.ondra', 'majoveri', 'xkraus09', 'dominik.kotulic', 'xtrizn00', 'xplany00', 'david.parik.cz', None, 'adamek727']",85,"['xsmise01', 'majoveri', 'quiksilver', 'pavol_mnan', 'jaroslavmikeska', 'xmusil54', 'martinkobath', 'hagrid054', 'mmum_adam', 'nuginy', 'dareion.legacy', 'janda.janousek', 'frein', 'xbrynd00', 'xbolek00', 'pecekl', 'kolar.michal', 'iveta.ustohalova', 'xproko28', 'xsykor18', 'xbakli01', 'xkubin21', 'xzagra00', 'jirkajiruska', 'alergikus', 'picikato', 'xplany00', 'xsediv9', 'adelaid', 'luk.kupka', 'xtomek08', 'andor0521', 'dwayne007', 'janmatej', 'valik', 'konecny.tomas.93', 'xsidor00', 'xkraus09', 'sslenker', 'chytil92', 'david.parik.cz', 'fikus333', 'lesik', 'voda.tomas', 'xkrist16', 'xtrizn00', 'xdolej04', 'pavolkrsak', 'mlynkovabarca', 'xjakou02', 'kuba.streit', 'stavji', 'mareksikora', 'tatranka01', 'rezruc', 'los_machos', 'tomasmichalek', 'diavel', 'bures.fr', 'xalber00', 'smurfer', 'adamek727', 'benesl.tomas', 'xgerja00', 'vojtech.vladyka', 'tenji', 'xkudla11', 'xchutn', 'michal.talaba', 'xnovak0n', None, 'lukas.kuruc', 'jendavavra', 'sehny', 'pousta.ondra', 'xtoman27', 'tallcomanche', 'xfilka01', 'xkulha02', 'dixie223.555', 'sejcek', 'tkac.peto92', 'ondrejbastan', 'dominik.kotulic', 'xdolni02']"
6,229,76,39,22,"['lesik', 'voda.tomas', 'xkrist16', 'xdolej04', 'martinkobath', 'nuginy', 'janda.janousek', 'kuba.streit', 'stavji', 'xbolek00', 'tomasmichalek', 'xproko28', 'alergikus', 'vojtech.vladyka', 'picikato', 'xkudla11', 'xtomek08', 'sehny', 'valik', 'dixie223.555', 'konecny.tomas.93', 'fikus333']",53,"['xsmise01', 'quiksilver', 'pavol_mnan', 'jaroslavmikeska', 'xmusil54', 'hagrid054', 'pavolkrsak', 'mlynkovabarca', 'xjakou02', 'mmum_adam', 'dareion.legacy', 'mareksikora', 'tatranka01', 'frein', 'xbrynd00', 'pecekl', 'rezruc', 'los_machos', 'kolar.michal', 'iveta.ustohalova', 'diavel', 'bures.fr', 'xalber00', 'xsykor18', 'xbakli01', 'smurfer', 'benesl.tomas', 'xgerja00', 'xzagra00', 'jirkajiruska', 'tenji', 'xchutn', 'michal.talaba', 'xsediv9', 'adelaid', 'luk.kupka', 'xnovak0n', 'lukas.kuruc', 'jendavavra', 'andor0521', 'dwayne007', 'xtoman27', 'janmatej', 'tallcomanche', 'xfilka01', 'xsidor00', 'xkulha02', 'sejcek', 'tkac.peto92', 'ondrejbastan', 'sslenker', 'chytil92', 'xdolni02']",17,"['honzazpasek', 'xvacli00', 'konecny92', 'daliborxxx', 'xgalma00', 'xgregr04', 'stano', 'prokopm1', 'michal.0007', 'jirkarck', 'gooliner', 'xrychl05', 'branislav.repka', 'xtseve00', None, 'xhrusk15', 'xzachm00']",92,"['xsmise01', 'honzazpasek', 'quiksilver', 'pavol_mnan', 'jaroslavmikeska', 'xmusil54', 'prokopm1', 'gooliner', 'martinkobath', 'hagrid054', 'mmum_adam', 'nuginy', 'dareion.legacy', 'janda.janousek', 'frein', 'xbrynd00', 'xbolek00', 'pecekl', 'kolar.michal', 'iveta.ustohalova', 'xproko28', 'jirkarck', 'xsykor18', 'xbakli01', 'xzagra00', 'daliborxxx', 'jirkajiruska', 'alergikus', 'xgalma00', 'picikato', 'xsediv9', 'adelaid', 'luk.kupka', 'xtomek08', 'xzachm00', 'xvacli00', 'andor0521', 'dwayne007', 'janmatej', 'valik', 'konecny.tomas.93', 'xsidor00', 'sslenker', 'chytil92', 'fikus333', 'branislav.repka', 'lesik', 'voda.tomas', 'xkrist16', 'stano', 'xdolej04', 'xrychl05', 'pavolkrsak', 'mlynkovabarca', 'xjakou02', 'kuba.streit', 'stavji', 'mareksikora', 'tatranka01', 'konecny92', 'xgregr04', 'rezruc', 'los_machos', 'tomasmichalek', 'diavel', 'bures.fr', 'xalber00', 'michal.0007', 'smurfer', 'xhrusk15', 'benesl.tomas', 'xgerja00', 'vojtech.vladyka', 'tenji', 'xkudla11', 'xchutn', 'michal.talaba', 'xnovak0n', None, 'lukas.kuruc', 'jendavavra', 'sehny', 'xtoman27', 'tallcomanche', 'xfilka01', 'xkulha02', 'dixie223.555', 'sejcek', 'tkac.peto92', 'ondrejbastan', 'xdolni02', 'xtseve00']"
6,134,76,38,25,"['voda.tomas', 'xkrist16', 'xdolej04', 'martinkobath', 'nuginy', 'janda.janousek', 'kuba.streit', 'stavji', 'xbolek00', 'tomasmichalek', 'iveta.ustohalova', 'xproko28', 'xbakli01', 'alergikus', 'vojtech.vladyka', 'picikato', 'xsediv9', 'xtomek08', 'sehny', 'xkulha02', 'tallcomanche', 'dixie223.555', 'konecny.tomas.93', 'valik', 'fikus333']",50,"['xsmise01', 'quiksilver', 'pavol_mnan', 'lesik', 'jaroslavmikeska', 'xmusil54', 'hagrid054', 'pavolkrsak', 'mlynkovabarca', 'xjakou02', 'mmum_adam', 'dareion.legacy', 'mareksikora', 'tatranka01', 'frein', 'xbrynd00', 'pecekl', 'rezruc', 'los_machos', 'kolar.michal', 'diavel', 'bures.fr', 'xalber00', 'xsykor18', 'smurfer', 'benesl.tomas', 'xgerja00', 'xzagra00', 'jirkajiruska', 'tenji', 'xkudla11', 'xchutn', 'michal.talaba', 'luk.kupka', 'adelaid', 'xnovak0n', 'lukas.kuruc', 'jendavavra', 'andor0521', 'dwayne007', 'xtoman27', 'janmatej', 'xfilka01', 'xsidor00', 'sejcek', 'tkac.peto92', 'ondrejbastan', 'sslenker', 'chytil92', 'xdolni02']",13,"['havca77', 'honzazpasek', 'xgregr04', 'stritesky.radek', 'prokopm1', 'jarmolsky', 'jirkarck', 'gooliner', 'branislav.repka', 'dan322', None, 'xhrusk15', 'xzachm00']",88,"['xsmise01', 'honzazpasek', 'quiksilver', 'pavol_mnan', 'jaroslavmikeska', 'xmusil54', 'prokopm1', 'gooliner', 'martinkobath', 'hagrid054', 'mmum_adam', 'nuginy', 'dareion.legacy', 'janda.janousek', 'frein', 'xbrynd00', 'xbolek00', 'pecekl', 'stritesky.radek', 'kolar.michal', 'iveta.ustohalova', 'xproko28', 'jirkarck', 'xsykor18', 'xbakli01', 'xzagra00', 'jirkajiruska', 'alergikus', 'picikato', 'xsediv9', 'adelaid', 'luk.kupka', 'xtomek08', 'xzachm00', 'andor0521', 'dwayne007', 'janmatej', 'valik', 'konecny.tomas.93', 'xsidor00', 'sslenker', 'chytil92', 'fikus333', 'branislav.repka', 'lesik', 'voda.tomas', 'xkrist16', 'jarmolsky', 'xdolej04', 'pavolkrsak', 'mlynkovabarca', 'xjakou02', 'havca77', 'kuba.streit', 'stavji', 'mareksikora', 'tatranka01', 'xgregr04', 'rezruc', 'los_machos', 'tomasmichalek', 'diavel', 'bures.fr', 'xalber00', 'smurfer', 'xhrusk15', 'benesl.tomas', 'xgerja00', 'vojtech.vladyka', 'tenji', 'xkudla11', 'xchutn', 'michal.talaba', 'xnovak0n', None, 'lukas.kuruc', 'jendavavra', 'sehny', 'xtoman27', 'tallcomanche', 'xfilka01', 'xkulha02', 'dixie223.555', 'sejcek', 'tkac.peto92', 'ondrejbastan', 'xdolni02', 'dan322']"
6,205,76,38,25,"['voda.tomas', 'xkrist16', 'xdolej04', 'martinkobath', 'nuginy', 'janda.janousek', 'kuba.streit', 'stavji', 'xbolek00', 'tomasmichalek', 'iveta.ustohalova', 'xproko28', 'xbakli01', 'alergikus', 'vojtech.vladyka', 'picikato', 'xsediv9', 'xtomek08', 'sehny', 'xkulha02', 'tallcomanche', 'dixie223.555', 'konecny.tomas.93', 'valik', 'fikus333']",50,"['xsmise01', 'quiksilver', 'pavol_mnan', 'lesik', 'jaroslavmikeska', 'xmusil54', 'hagrid054', 'pavolkrsak', 'mlynkovabarca', 'xjakou02', 'mmum_adam', 'dareion.legacy', 'mareksikora', 'tatranka01', 'frein', 'xbrynd00', 'pecekl', 'rezruc', 'los_machos', 'kolar.michal', 'diavel', 'bures.fr', 'xalber00', 'xsykor18', 'smurfer', 'benesl.tomas', 'xgerja00', 'xzagra00', 'jirkajiruska', 'tenji', 'xkudla11', 'xchutn', 'michal.talaba', 'luk.kupka', 'adelaid', 'xnovak0n', 'lukas.kuruc', 'jendavavra', 'andor0521', 'dwayne007', 'xtoman27', 'janmatej', 'xfilka01', 'xsidor00', 'sejcek', 'tkac.peto92', 'ondrejbastan', 'sslenker', 'chytil92', 'xdolni02']",13,"['havca77', 'honzazpasek', 'xgregr04', 'stritesky.radek', 'prokopm1', 'jarmolsky', 'jirkarck', 'gooliner', 'branislav.repka', 'dan322', None, 'xhrusk15', 'xzachm00']",88,"['xsmise01', 'honzazpasek', 'quiksilver', 'pavol_mnan', 'jaroslavmikeska', 'xmusil54', 'prokopm1', 'gooliner', 'martinkobath', 'hagrid054', 'mmum_adam', 'nuginy', 'dareion.legacy', 'janda.janousek', 'frein', 'xbrynd00', 'xbolek00', 'pecekl', 'stritesky.radek', 'kolar.michal', 'iveta.ustohalova', 'xproko28', 'jirkarck', 'xsykor18', 'xbakli01', 'xzagra00', 'jirkajiruska', 'alergikus', 'picikato', 'xsediv9', 'adelaid', 'luk.kupka', 'xtomek08', 'xzachm00', 'andor0521', 'dwayne007', 'janmatej', 'valik', 'konecny.tomas.93', 'xsidor00', 'sslenker', 'chytil92', 'fikus333', 'branislav.repka', 'lesik', 'voda.tomas', 'xkrist16', 'jarmolsky', 'xdolej04', 'pavolkrsak', 'mlynkovabarca', 'xjakou02', 'havca77', 'kuba.streit', 'stavji', 'mareksikora', 'tatranka01', 'xgregr04', 'rezruc', 'los_machos', 'tomasmichalek', 'diavel', 'bures.fr', 'xalber00', 'smurfer', 'xhrusk15', 'benesl.tomas', 'xgerja00', 'vojtech.vladyka', 'tenji', 'xkudla11', 'xchutn', 'michal.talaba', 'xnovak0n', None, 'lukas.kuruc', 'jendavavra', 'sehny', 'xtoman27', 'tallcomanche', 'xfilka01', 'xkulha02', 'dixie223.555', 'sejcek', 'tkac.peto92', 'ondrejbastan', 'xdolni02', 'dan322']"
6,238,76,35,22,"['lesik', 'voda.tomas', 'xkrist16', 'xdolej04', 'martinkobath', 'nuginy', 'janda.janousek', 'kuba.streit', 'stavji', 'xbolek00', 'iveta.ustohalova', 'xproko28', 'xbakli01', 'vojtech.vladyka', 'picikato', 'xkudla11', 'xtomek08', 'sehny', 'valik', 'dixie223.555', 'konecny.tomas.93', 'fikus333']",53,"['xsmise01', 'quiksilver', 'pavol_mnan', 'jaroslavmikeska', 'xmusil54', 'hagrid054', 'pavolkrsak', 'mlynkovabarca', 'xjakou02', 'mmum_adam', 'dareion.legacy', 'mareksikora', 'tatranka01', 'frein', 'xbrynd00', 'pecekl', 'rezruc', 'los_machos', 'kolar.michal', 'tomasmichalek', 'diavel', 'bures.fr', 'xalber00', 'xsykor18', 'smurfer', 'benesl.tomas', 'xgerja00', 'xzagra00', 'jirkajiruska', 'alergikus', 'tenji', 'xchutn', 'michal.talaba', 'xsediv9', 'adelaid', 'luk.kupka', 'xnovak0n', 'lukas.kuruc', 'jendavavra', 'andor0521', 'dwayne007', 'xtoman27', 'janmatej', 'tallcomanche', 'xfilka01', 'xsidor00', 'xkulha02', 'sejcek', 'tkac.peto92', 'ondrejbastan', 'sslenker', 'chytil92', 'xdolni02']",13,"['havca77', 'konecny92', 'daliborxxx', 'xgalma00', 'xgregr04', 'stano', 'michal.0007', 'jarmolsky', 'branislav.repka', 'dan322', None, 'xhrusk15', 'xzachm00']",88,"['xsmise01', 'quiksilver', 'pavol_mnan', 'jaroslavmikeska', 'xmusil54', 'martinkobath', 'hagrid054', 'mmum_adam', 'nuginy', 'dareion.legacy', 'janda.janousek', 'frein', 'xbrynd00', 'xbolek00', 'pecekl', 'kolar.michal', 'iveta.ustohalova', 'xproko28', 'xsykor18', 'xbakli01', 'xzagra00', 'daliborxxx', 'jirkajiruska', 'alergikus', 'xgalma00', 'picikato', 'xsediv9', 'adelaid', 'luk.kupka', 'xtomek08', 'xzachm00', 'andor0521', 'dwayne007', 'janmatej', 'valik', 'konecny.tomas.93', 'xsidor00', 'sslenker', 'chytil92', 'fikus333', 'branislav.repka', 'lesik', 'voda.tomas', 'xkrist16', 'stano', 'jarmolsky', 'xdolej04', 'pavolkrsak', 'mlynkovabarca', 'xjakou02', 'havca77', 'kuba.streit', 'stavji', 'mareksikora', 'tatranka01', 'konecny92', 'xgregr04', 'rezruc', 'los_machos', 'tomasmichalek', 'diavel', 'bures.fr', 'xalber00', 'michal.0007', 'smurfer', 'xhrusk15', 'benesl.tomas', 'xgerja00', 'vojtech.vladyka', 'tenji', 'xkudla11', 'xchutn', 'michal.talaba', 'xnovak0n', None, 'lukas.kuruc', 'jendavavra', 'sehny', 'xtoman27', 'tallcomanche', 'xfilka01', 'xkulha02', 'dixie223.555', 'sejcek', 'tkac.peto92', 'ondrejbastan', 'xdolni02', 'dan322']"
6,26,76,29,20,"['voda.tomas', 'xkrist16', 'xdolej04', 'martinkobath', 'kuba.streit', 'stavji', 'xbolek00', 'tomasmichalek', 'iveta.ustohalova', 'xproko28', 'xbakli01', 'alergikus', 'vojtech.vladyka', 'picikato', 'sehny', 'xkulha02', 'tallcomanche', 'dixie223.555', 'konecny.tomas.93', 'fikus333']",55,"['xsmise01', 'quiksilver', 'pavol_mnan', 'lesik', 'jaroslavmikeska', 'xmusil54', 'hagrid054', 'pavolkrsak', 'mlynkovabarca', 'xjakou02', 'mmum_adam', 'nuginy', 'dareion.legacy', 'janda.janousek', 'mareksikora', 'tatranka01', 'frein', 'xbrynd00', 'pecekl', 'rezruc', 'los_machos', 'kolar.michal', 'diavel', 'bures.fr', 'xalber00', 'xsykor18', 'smurfer', 'benesl.tomas', 'xgerja00', 'xzagra00', 'jirkajiruska', 'tenji', 'xkudla11', 'xchutn', 'michal.talaba', 'xsediv9', 'adelaid', 'luk.kupka', 'xnovak0n', 'xtomek08', 'lukas.kuruc', 'jendavavra', 'andor0521', 'dwayne007', 'xtoman27', 'janmatej', 'valik', 'xfilka01', 'xsidor00', 'sejcek', 'tkac.peto92', 'ondrejbastan', 'sslenker', 'chytil92', 'xdolni02']",9,"['honzazpasek', 'konecny92', 'xgalma00', 'prokopm1', 'xrychl05', 'novacekrichard', 'branislav.repy', None, 'kvitkoagave']",84,"['xsmise01', 'honzazpasek', 'quiksilver', 'pavol_mnan', 'jaroslavmikeska', 'xmusil54', 'prokopm1', 'martinkobath', 'hagrid054', 'mmum_adam', 'nuginy', 'dareion.legacy', 'janda.janousek', 'frein', 'xbrynd00', 'xbolek00', 'pecekl', 'kolar.michal', 'iveta.ustohalova', 'xproko28', 'xsykor18', 'xbakli01', 'kvitkoagave', 'xzagra00', 'jirkajiruska', 'alergikus', 'xgalma00', 'picikato', 'xsediv9', 'adelaid', 'luk.kupka', 'xtomek08', 'andor0521', 'dwayne007', 'janmatej', 'valik', 'konecny.tomas.93', 'xsidor00', 'sslenker', 'chytil92', 'fikus333', 'lesik', 'voda.tomas', 'xkrist16', 'xdolej04', 'xrychl05', 'pavolkrsak', 'mlynkovabarca', 'xjakou02', 'kuba.streit', 'stavji', 'mareksikora', 'tatranka01', 'konecny92', 'rezruc', 'los_machos', 'tomasmichalek', 'diavel', 'bures.fr', 'xalber00', 'novacekrichard', 'smurfer', 'benesl.tomas', 'xgerja00', 'vojtech.vladyka', 'tenji', 'xkudla11', 'xchutn', 'michal.talaba', 'xnovak0n', None, 'lukas.kuruc', 'jendavavra', 'sehny', 'xtoman27', 'tallcomanche', 'xfilka01', 'xkulha02', 'dixie223.555', 'sejcek', 'tkac.peto92', 'ondrejbastan', 'xdolni02', 'branislav.repy']"
6,133,76,17,13,"['andor0521', 'mareksikora', 'frein', 'pavol_mnan', 'xbrynd00', 'diavel', 'sejcek', 'xchutn', 'ondrejbastan', 'mlynkovabarca', 'mmum_adam', 'lukas.kuruc', 'smurfer']",62,"['xsmise01', 'quiksilver', 'jaroslavmikeska', 'xmusil54', 'martinkobath', 'hagrid054', 'nuginy', 'dareion.legacy', 'janda.janousek', 'xbolek00', 'pecekl', 'kolar.michal', 'iveta.ustohalova', 'xproko28', 'xsykor18', 'xbakli01', 'xzagra00', 'jirkajiruska', 'alergikus', 'picikato', 'xsediv9', 'adelaid', 'luk.kupka', 'xtomek08', 'dwayne007', 'janmatej', 'valik', 'konecny.tomas.93', 'xsidor00', 'sslenker', 'chytil92', 'fikus333', 'lesik', 'voda.tomas', 'xkrist16', 'xdolej04', 'pavolkrsak', 'xjakou02', 'kuba.streit', 'stavji', 'tatranka01', 'rezruc', 'los_machos', 'tomasmichalek', 'bures.fr', 'xalber00', 'benesl.tomas', 'xgerja00', 'vojtech.vladyka', 'tenji', 'xkudla11', 'michal.talaba', 'xnovak0n', 'jendavavra', 'sehny', 'xtoman27', 'tallcomanche', 'xfilka01', 'xkulha02', 'dixie223.555', 'tkac.peto92', 'xdolni02']",4,"[None, 'xrysav20', 'pastikar1', 'xmacha55']",79,"['xsmise01', 'quiksilver', 'pavol_mnan', 'jaroslavmikeska', 'xmusil54', 'martinkobath', 'hagrid054', 'mmum_adam', 'nuginy', 'dareion.legacy', 'janda.janousek', 'frein', 'xbrynd00', 'xbolek00', 'pecekl', 'xrysav20', 'kolar.michal', 'iveta.ustohalova', 'xproko28', 'xsykor18', 'xbakli01', 'pastikar1', 'xzagra00', 'jirkajiruska', 'alergikus', 'xmacha55', 'picikato', 'xsediv9', 'adelaid', 'luk.kupka', 'xtomek08', 'andor0521', 'dwayne007', 'janmatej', 'valik', 'konecny.tomas.93', 'xsidor00', 'sslenker', 'chytil92', 'fikus333', 'lesik', 'voda.tomas', 'xkrist16', 'xdolej04', 'pavolkrsak', 'mlynkovabarca', 'xjakou02', 'kuba.streit', 'stavji', 'mareksikora', 'tatranka01', 'rezruc', 'los_machos', 'tomasmichalek', 'diavel', 'bures.fr', 'xalber00', 'smurfer', 'benesl.tomas', 'xgerja00', 'vojtech.vladyka', 'tenji', 'xkudla11', 'xchutn', 'michal.talaba', 'xnovak0n', None, 'lukas.kuruc', 'jendavavra', 'sehny', 'xtoman27', 'tallcomanche', 'xfilka01', 'xkulha02', 'dixie223.555', 'sejcek', 'tkac.peto92', 'ondrejbastan', 'xdolni02']"
6,204,76,17,13,"['andor0521', 'mareksikora', 'frein', 'pavol_mnan', 'xbrynd00', 'diavel', 'sejcek', 'xchutn', 'ondrejbastan', 'mlynkovabarca', 'mmum_adam', 'lukas.kuruc', 'smurfer']",62,"['xsmise01', 'quiksilver', 'jaroslavmikeska', 'xmusil54', 'martinkobath', 'hagrid054', 'nuginy', 'dareion.legacy', 'janda.janousek', 'xbolek00', 'pecekl', 'kolar.michal', 'iveta.ustohalova', 'xproko28', 'xsykor18', 'xbakli01', 'xzagra00', 'jirkajiruska', 'alergikus', 'picikato', 'xsediv9', 'adelaid', 'luk.kupka', 'xtomek08', 'dwayne007', 'janmatej', 'valik', 'konecny.tomas.93', 'xsidor00', 'sslenker', 'chytil92', 'fikus333', 'lesik', 'voda.tomas', 'xkrist16', 'xdolej04', 'pavolkrsak', 'xjakou02', 'kuba.streit', 'stavji', 'tatranka01', 'rezruc', 'los_machos', 'tomasmichalek', 'bures.fr', 'xalber00', 'benesl.tomas', 'xgerja00', 'vojtech.vladyka', 'tenji', 'xkudla11', 'michal.talaba', 'xnovak0n', 'jendavavra', 'sehny', 'xtoman27', 'tallcomanche', 'xfilka01', 'xkulha02', 'dixie223.555', 'tkac.peto92', 'xdolni02']",4,"[None, 'xrysav20', 'pastikar1', 'xmacha55']",79,"['xsmise01', 'quiksilver', 'pavol_mnan', 'jaroslavmikeska', 'xmusil54', 'martinkobath', 'hagrid054', 'mmum_adam', 'nuginy', 'dareion.legacy', 'janda.janousek', 'frein', 'xbrynd00', 'xbolek00', 'pecekl', 'xrysav20', 'kolar.michal', 'iveta.ustohalova', 'xproko28', 'xsykor18', 'xbakli01', 'pastikar1', 'xzagra00', 'jirkajiruska', 'alergikus', 'xmacha55', 'picikato', 'xsediv9', 'adelaid', 'luk.kupka', 'xtomek08', 'andor0521', 'dwayne007', 'janmatej', 'valik', 'konecny.tomas.93', 'xsidor00', 'sslenker', 'chytil92', 'fikus333', 'lesik', 'voda.tomas', 'xkrist16', 'xdolej04', 'pavolkrsak', 'mlynkovabarca', 'xjakou02', 'kuba.streit', 'stavji', 'mareksikora', 'tatranka01', 'rezruc', 'los_machos', 'tomasmichalek', 'diavel', 'bures.fr', 'xalber00', 'smurfer', 'benesl.tomas', 'xgerja00', 'vojtech.vladyka', 'tenji', 'xkudla11', 'xchutn', 'michal.talaba', 'xnovak0n', None, 'lukas.kuruc', 'jendavavra', 'sehny', 'xtoman27', 'tallcomanche', 'xfilka01', 'xkulha02', 'dixie223.555', 'sejcek', 'tkac.peto92', 'ondrejbastan', 'xdolni02']"
6,235,76,6,4,"['tenji', 'mmum_adam', 'smurfer', 'hagrid054']",71,"['xsmise01', 'quiksilver', 'pavol_mnan', 'jaroslavmikeska', 'xmusil54', 'martinkobath', 'nuginy', 'dareion.legacy', 'janda.janousek', 'frein', 'xbrynd00', 'xbolek00', 'pecekl', 'kolar.michal', 'iveta.ustohalova', 'xproko28', 'xsykor18', 'xbakli01', 'xzagra00', 'jirkajiruska', 'alergikus', 'picikato', 'xsediv9', 'adelaid', 'luk.kupka', 'xtomek08', 'andor0521', 'dwayne007', 'janmatej', 'valik', 'konecny.tomas.93', 'xsidor00', 'sslenker', 'chytil92', 'fikus333', 'lesik', 'voda.tomas', 'xkrist16', 'xdolej04', 'pavolkrsak', 'mlynkovabarca', 'xjakou02', 'kuba.streit', 'stavji', 'mareksikora', 'tatranka01', 'rezruc', 'los_machos', 'tomasmichalek', 'diavel', 'bures.fr', 'xalber00', 'benesl.tomas', 'xgerja00', 'vojtech.vladyka', 'xkudla11', 'xchutn', 'michal.talaba', 'xnovak0n', 'lukas.kuruc', 'jendavavra', 'sehny', 'xtoman27', 'tallcomanche', 'xfilka01', 'xkulha02', 'dixie223.555', 'sejcek', 'tkac.peto92', 'ondrejbastan', 'xdolni02']",2,"['novak45', None]",77,"['xsmise01', 'quiksilver', 'pavol_mnan', 'jaroslavmikeska', 'xmusil54', 'martinkobath', 'hagrid054', 'mmum_adam', 'nuginy', 'dareion.legacy', 'janda.janousek', 'novak45', 'frein', 'xbrynd00', 'xbolek00', 'pecekl', 'kolar.michal', 'iveta.ustohalova', 'xproko28', 'xsykor18', 'xbakli01', 'xzagra00', 'jirkajiruska', 'alergikus', 'picikato', 'xsediv9', 'adelaid', 'luk.kupka', 'xtomek08', 'andor0521', 'dwayne007', 'janmatej', 'valik', 'konecny.tomas.93', 'xsidor00', 'sslenker', 'chytil92', 'fikus333', 'lesik', 'voda.tomas', 'xkrist16', 'xdolej04', 'pavolkrsak', 'mlynkovabarca', 'xjakou02', 'kuba.streit', 'stavji', 'mareksikora', 'tatranka01', 'rezruc', 'los_machos', 'tomasmichalek', 'diavel', 'bures.fr', 'xalber00', 'smurfer', 'benesl.tomas', 'xgerja00', 'vojtech.vladyka', 'tenji', 'xkudla11', 'xchutn', 'michal.talaba', 'xnovak0n', None, 'lukas.kuruc', 'jendavavra', 'sehny', 'xtoman27', 'tallcomanche', 'xfilka01', 'xkulha02', 'dixie223.555', 'sejcek', 'tkac.peto92', 'ondrejbastan', 'xdolni02']"
6,237,76,6,4,"['tenji', 'mmum_adam', 'smurfer', 'hagrid054']",71,"['xsmise01', 'quiksilver', 'pavol_mnan', 'jaroslavmikeska', 'xmusil54', 'martinkobath', 'nuginy', 'dareion.legacy', 'janda.janousek', 'frein', 'xbrynd00', 'xbolek00', 'pecekl', 'kolar.michal', 'iveta.ustohalova', 'xproko28', 'xsykor18', 'xbakli01', 'xzagra00', 'jirkajiruska', 'alergikus', 'picikato', 'xsediv9', 'adelaid', 'luk.kupka', 'xtomek08', 'andor0521', 'dwayne007', 'janmatej', 'valik', 'konecny.tomas.93', 'xsidor00', 'sslenker', 'chytil92', 'fikus333', 'lesik', 'voda.tomas', 'xkrist16', 'xdolej04', 'pavolkrsak', 'mlynkovabarca', 'xjakou02', 'kuba.streit', 'stavji', 'mareksikora', 'tatranka01', 'rezruc', 'los_machos', 'tomasmichalek', 'diavel', 'bures.fr', 'xalber00', 'benesl.tomas', 'xgerja00', 'vojtech.vladyka', 'xkudla11', 'xchutn', 'michal.talaba', 'xnovak0n', 'lukas.kuruc', 'jendavavra', 'sehny', 'xtoman27', 'tallcomanche', 'xfilka01', 'xkulha02', 'dixie223.555', 'sejcek', 'tkac.peto92', 'ondrejbastan', 'xdolni02']",2,"['novak45', None]",77,"['xsmise01', 'quiksilver', 'pavol_mnan', 'jaroslavmikeska', 'xmusil54', 'martinkobath', 'hagrid054', 'mmum_adam', 'nuginy', 'dareion.legacy', 'janda.janousek', 'novak45', 'frein', 'xbrynd00', 'xbolek00', 'pecekl', 'kolar.michal', 'iveta.ustohalova', 'xproko28', 'xsykor18', 'xbakli01', 'xzagra00', 'jirkajiruska', 'alergikus', 'picikato', 'xsediv9', 'adelaid', 'luk.kupka', 'xtomek08', 'andor0521', 'dwayne007', 'janmatej', 'valik', 'konecny.tomas.93', 'xsidor00', 'sslenker', 'chytil92', 'fikus333', 'lesik', 'voda.tomas', 'xkrist16', 'xdolej04', 'pavolkrsak', 'mlynkovabarca', 'xjakou02', 'kuba.streit', 'stavji', 'mareksikora', 'tatranka01', 'rezruc', 'los_machos', 'tomasmichalek', 'diavel', 'bures.fr', 'xalber00', 'smurfer', 'benesl.tomas', 'xgerja00', 'vojtech.vladyka', 'tenji', 'xkudla11', 'xchutn', 'michal.talaba', 'xnovak0n', None, 'lukas.kuruc', 'jendavavra', 'sehny', 'xtoman27', 'tallcomanche', 'xfilka01', 'xkulha02', 'dixie223.555', 'sejcek', 'tkac.peto92', 'ondrejbastan', 'xdolni02']"
7,240,67,90,65,"['chinthalapally13', 'muralisaiavinash', 'mannamanoj1', 'kevinharish40', 'nawaz316', 'adi250491', 'mahalepriyaja', 'shreeyash6', 'ritvik03', 'harshavardhanvarmavegesna', 'eedupuganti07', 'razavi_nader', 'shobhavaddineni', 'sanjaymenaria', 'srikanthr9', 'nareshmangali', 'ramisetty12', 'p.rathod', 'manishareddytera', 'meen83', 'pallugullu', 'geethesh', 'parikhchirag29', 'pavan.malay', 'deeppatel092', 'mohithakshay', 'harshpathak', 'trinath90', 'sanketdesai14', 'achala', 'kancharla0113', 'anveshkankanala', 'nikhila_banda', 'muthu35', 'pavan51', 'ravikiran19', 'chandusravanthi', 'narapa', 'teja999', 'vanimerugu', 'manojtalluri.93', 'neeturaj', 'nader.razavi87', 'sha6070sha', 'poyani_mehta', 'perumallakavya', 'manivykuntam', 'patel.akash102', 'pritipatel', 'pritipatel59', 'anusha555', 'bansari21', 'saisatwickyadav', 'santhosh.y', 'kruthiperumalla', 'targetrishi', 'dhruvil', '802769935jj', 'venki09443', 'ramyanaine11', 'haritha93', 'akshaya1512', 'tatikonda', 'pallavivenkatesh', 'pallavi90']",1,['pawar.avinash0007'],25,"['rakeshvandanapu7', 'binayb175', 'rahulenukonda525', 'furquan', 'aartipatel', 'hem.metalia', 'veeru', 'kavyathokala', 'marneni01', 'nishat1801', 'himalidhaduk', 'anoop1992', 'engpeacock', 'tushar033', 'rakeshyadav', 'fardad.falahati', 'poojatrivedi', 'pruthvipatel1992', None, 'kashyap09ec71', 'dharanidar123', 'mekalamanishyadav', 'sathiriv', 'manalipatel', 'nagasai']",91,"['muralisaiavinash', 'rahulenukonda525', 'mahalepriyaja', 'pawar.avinash0007', 'harshavardhanvarmavegesna', 'eedupuganti07', 'srikanthr9', 'nishat1801', 'parikhchirag29', 'mohithakshay', 'harshpathak', 'achala', 'anveshkankanala', 'muthu35', 'ravikiran19', 'narapa', 'tushar033', 'poojatrivedi', 'pruthvipatel1992', 'patel.akash102', 'kashyap09ec71', 'bansari21', 'saisatwickyadav', '802769935jj', 'poyani_mehta', 'chinthalapally13', 'kevinharish40', 'binayb175', 'furquan', 'veeru', 'kavyathokala', 'manishareddytera', 'p.rathod', 'meen83', 'engpeacock', 'trinath90', 'kancharla0113', 'teja999', 'vanimerugu', 'manivykuntam', None, 'pritipatel59', 'dharanidar123', 'sathiriv', 'venki09443', 'ramyanaine11', 'mannamanoj1', 'shreeyash6', 'marneni01', 'razavi_nader', 'sanjaymenaria', 'nareshmangali', 'himalidhaduk', 'pallugullu', 'geethesh', 'pavan.malay', 'sanketdesai14', 'chandusravanthi', 'rakeshyadav', 'manojtalluri.93', 'fardad.falahati', 'neeturaj', 'nader.razavi87', 'perumallakavya', 'pritipatel', 'anusha555', 'santhosh.y', 'akshaya1512', 'rakeshvandanapu7', 'nawaz316', 'adi250491', 'aartipatel', 'hem.metalia', 'ritvik03', 'shobhavaddineni', 'ramisetty12', 'anoop1992', 'deeppatel092', 'nikhila_banda', 'pavan51', 'sha6070sha', 'kruthiperumalla', 'targetrishi', 'mekalamanishyadav', 'dhruvil', 'manalipatel', 'haritha93', 'nagasai', 'tatikonda', 'pallavivenkatesh', 'pallavi90']"
8,1,64,65,63,"['colin.j.ogrady', 'fieldsmb', 'nicholas1robbins', 'mohamadhafiz43', 'beansbp', 'dustin.c.howser', 'ericsohng', 'ariffima123', 'hboyles13', 'timmyg73', 'connor', 'guitarfx', 'taylor.s.larsen', 'copeladi', 'malonemk', 'bmkyster', 'fabianchibuzor', 'htomtom', 'zokrins', 'cabelljn2017', 'quigleka', 'mdridzka', 'villattj', 'izaninn', 'kendyll117', 'jlintoff', 'aisyahareena', 'andrewvoss8', 'ricardoherrerac', 'trenton_is', 'taylor.a.gutierrez', 'reneeneel', 'valentjg', 'gogators4494', 'enochsjd', 'morcotkg', 'scullymt', 'th4ht', 'shiekhsm', 'zulkipas', 'jonathan.d.hinds', 'arthur.t.binstein', 'alecmyszka', 'raafeh', 'flurphurpadur', 'buckleah', 'ahoofnagle', 'tammatrek', 'devsweitz', 'azfarhadee', 'dzhrfaqlh', 'mchlglllnd', 'rudmandj', 'matradmz', 'haroldtmcgraw', 'abghapa', 'maymur8', 'huanz', 'pralhlad.arumugam', 'emribbeck94', 'emily.a.entrekin', 'nikosgotsis', 'jastew1011']",0,[],2,"['gw014425', None]",65,"['colin.j.ogrady', 'mohamadhafiz43', 'guitarfx', 'zokrins', 'izaninn', 'kendyll117', 'jlintoff', 'aisyahareena', 'ricardoherrerac', 'taylor.a.gutierrez', 'reneeneel', 'valentjg', 'th4ht', 'zulkipas', 'azfarhadee', 'rudmandj', 'huanz', 'emily.a.entrekin', 'nikosgotsis', 'fieldsmb', 'dustin.c.howser', 'ericsohng', 'connor', 'fabianchibuzor', 'quigleka', 'villattj', 'gw014425', 'scullymt', 'alecmyszka', 'raafeh', None, 'buckleah', 'dzhrfaqlh', 'mchlglllnd', 'abghapa', 'jastew1011', 'andrewvoss8', 'nicholas1robbins', 'beansbp', 'ariffima123', 'timmyg73', 'malonemk', 'htomtom', 'trenton_is', 'shiekhsm', 'jonathan.d.hinds', 'arthur.t.binstein', 'flurphurpadur', 'maymur8', 'pralhlad.arumugam', 'devsweitz', 'hboyles13', 'taylor.s.larsen', 'copeladi', 'bmkyster', 'cabelljn2017', 'mdridzka', 'gogators4494', 'enochsjd', 'morcotkg', 'ahoofnagle', 'tammatrek', 'matradmz', 'haroldtmcgraw', 'emribbeck94']"
9,74,61,64,32,"['akshaya17', 'mayur.agarwadekar', 'vinita.vachhani', 'sanika.pandharkar', 'ajinkyapadwad', 'kalpeshshukla11', 'kanchan.phadtare', 'kalindi.deshmukh', 'saurabh.bhirud', 'ulka.patil', 'madhav.hingane', 'anisha.das', 'batchbd16b', 'priyanka.kulkarni', 'richard.noronha', 'karan.sonawane', 'abhay.bhanushali', 'prerna.jaisingh', 'rutuja.shinde', 'amdheepikaa', 'ashutosh.singh', 'chetanraj.pant', 'harshada.patankar', 'hitin.mandhani', 'pournima.amondkar', 'dishantm1993', 'nimita20', 'digvijay.singh', 'natasha.gurnani', 'tiinnovationvesit', 'linusassao974', 'priyanka.ghatge']",28,"['abhishek.valanjoo', 'varun.dua', 'shubhangi.waghmare', 'tawadesiddhesh1994', 'prashant.yadav', 'ryabinamasha2014', 'sumeet.kotaria', 'djantonmelnik', 'kratisethi511', 'mackorge', 'meerabai.patil', 'hitin.23.11.1994', 'omkar.prabhu', 'swapnildaddikar05', 'abhishek.singh', 'bobot92', 'azambek', 'nish.270', 'tanayshah007', 'nithya.yadav', 'zahran.mhaskar', 'chinmay.vad', 'nestor.lobo', 'raj.sawant', 'prathmesh.sawant', 'shaikhrehana14', 'jaikishan.yadav', 'pankajsalunkhe23']",32,"['sweta.ghumare', 'bhatia.jitesh', 'akshay.gadhave', 'swapnalimakdey25', 'darshan.bhanushali', 'priyanka.avhad', 'sonia.naik', 'parth.mehta', 'shubham.pounikar', 'te.tronics2012', 'suyash.karle', 'sajjan.jha', 'jayant.parab', 'sayli.shevade', 'abhay.kshirsagar', 'preeti.suryawanshi', 'samira2308', 'pooja.karle', 'arundhathirs1993', 'sona.dhongde', None, 'dishantm01', 'urvashi.chawla', 'mahadikchetna', 'saniya.hans', 'singh.priyaa36', 'akshay.budhrani', 'komal.gaikwad', 'mahesh.magar', 'jeet.bhanushali', 'mp12121234', 'nikita.gurnani']",92,"['akshaya17', 'sweta.ghumare', 'bhatia.jitesh', 'vinita.vachhani', 'akshay.gadhave', 'swapnalimakdey25', 'varun.dua', 'priyanka.avhad', 'tawadesiddhesh1994', 'ryabinamasha2014', 'saurabh.bhirud', 'ulka.patil', 'shubham.pounikar', 'mackorge', 'anisha.das', 'suyash.karle', 'meerabai.patil', 'priyanka.kulkarni', 'richard.noronha', 'omkar.prabhu', 'swapnildaddikar05', 'karan.sonawane', 'sajjan.jha', 'sayli.shevade', 'ashutosh.singh', 'chetanraj.pant', 'samira2308', 'harshada.patankar', 'hitin.mandhani', 'pournima.amondkar', 'arundhathirs1993', 'tanayshah007', 'digvijay.singh', 'zahran.mhaskar', 'natasha.gurnani', 'dishantm01', 'saniya.hans', 'chinmay.vad', 'akshay.budhrani', 'komal.gaikwad', 'prathmesh.sawant', 'jeet.bhanushali', 'mp12121234', 'pankajsalunkhe23', 'priyanka.ghatge', 'mayur.agarwadekar', 'abhishek.valanjoo', 'darshan.bhanushali', 'shubhangi.waghmare', 'sanika.pandharkar', 'ajinkyapadwad', 'prashant.yadav', 'kalpeshshukla11', 'kanchan.phadtare', 'sumeet.kotaria', 'kalindi.deshmukh', 'sonia.naik', 'djantonmelnik', 'madhav.hingane', 'parth.mehta', 'kratisethi511', 'te.tronics2012', 'batchbd16b', 'hitin.23.11.1994', 'prerna.jaisingh', 'abhay.bhanushali', 'jayant.parab', 'rutuja.shinde', 'amdheepikaa', 'abhay.kshirsagar', 'abhishek.singh', 'bobot92', 'preeti.suryawanshi', 'pooja.karle', 'dishantm1993', 'azambek', 'nish.270', 'sona.dhongde', 'nimita20', None, 'nithya.yadav', 'urvashi.chawla', 'tiinnovationvesit', 'mahadikchetna', 'nestor.lobo', 'singh.priyaa36', 'raj.sawant', 'mahesh.magar', 'linusassao974', 'shaikhrehana14', 'jaikishan.yadav', 'nikita.gurnani']"
9,67,61,52,14,"['mayur.agarwadekar', 'saurabh.bhirud', 'amdheepikaa', 'tiinnovationvesit', 'ashutosh.singh', 'anisha.das', 'shubhangi.waghmare', 'sanika.pandharkar', 'shaikhrehana14', 'tawadesiddhesh1994', 'nish.270', 'pankajsalunkhe23', 'nimita20', 'kanchan.phadtare']",46,"['akshaya17', 'vinita.vachhani', 'abhishek.valanjoo', 'varun.dua', 'ajinkyapadwad', 'ryabinamasha2014', 'prashant.yadav', 'kalpeshshukla11', 'sumeet.kotaria', 'kalindi.deshmukh', 'ulka.patil', 'djantonmelnik', 'madhav.hingane', 'kratisethi511', 'mackorge', 'meerabai.patil', 'batchbd16b', 'hitin.23.11.1994', 'priyanka.kulkarni', 'richard.noronha', 'omkar.prabhu', 'swapnildaddikar05', 'prerna.jaisingh', 'karan.sonawane', 'abhay.bhanushali', 'rutuja.shinde', 'abhishek.singh', 'bobot92', 'chetanraj.pant', 'harshada.patankar', 'hitin.mandhani', 'pournima.amondkar', 'dishantm1993', 'tanayshah007', 'azambek', 'digvijay.singh', 'nithya.yadav', 'zahran.mhaskar', 'natasha.gurnani', 'chinmay.vad', 'nestor.lobo', 'raj.sawant', 'linusassao974', 'prathmesh.sawant', 'jaikishan.yadav', 'priyanka.ghatge']",38,"['neeradisalonika', 'kuldeeppatil201093', 'govind9867129531', 'kritikasharma261995', 'zalakdodecha', 'asharma04', 'rupali.patil', 'sharan.raikhangar', 'devang19.shah', 'nipuna.menon35', 'anirudh0000', 'kolijayesh7380', 'patilmonika681', 'phb1994', 'naren.ambwani', 'shrimohite13', 'prathmeshgurunathparab', 'schikodi', 'harshamp26', 'shweta.tawhare', 'dubalprasad04', 'sshelar01', 'reubenalexander2010', 'rupali1891994', 'anammujawar111', 'break.007req', 'ryadav03', 'suraj348', 'deepuvijaya1806', None, 'milu21111994', 'nishanth1101', 'ascharyaskumar', 'shreyasnaravane', 'swapneil.hirulkar', 'muktat20', 'sharvaridalvi301', 'sshinde04']",98,"['neeradisalonika', 'akshaya17', 'vinita.vachhani', 'kritikasharma261995', 'varun.dua', 'tawadesiddhesh1994', 'ryabinamasha2014', 'rupali.patil', 'nipuna.menon35', 'devang19.shah', 'kolijayesh7380', 'anirudh0000', 'patilmonika681', 'saurabh.bhirud', 'ulka.patil', 'phb1994', 'shrimohite13', 'mackorge', 'anisha.das', 'prathmeshgurunathparab', 'harshamp26', 'shweta.tawhare', 'meerabai.patil', 'dubalprasad04', 'priyanka.kulkarni', 'richard.noronha', 'omkar.prabhu', 'swapnildaddikar05', 'karan.sonawane', 'anammujawar111', 'break.007req', 'ashutosh.singh', 'chetanraj.pant', 'ryadav03', 'harshada.patankar', 'hitin.mandhani', 'pournima.amondkar', 'tanayshah007', 'suraj348', 'digvijay.singh', 'zahran.mhaskar', 'natasha.gurnani', 'shreyasnaravane', 'chinmay.vad', 'prathmesh.sawant', 'pankajsalunkhe23', 'sharan.raikhangar', 'priyanka.ghatge', 'mayur.agarwadekar', 'kuldeeppatil201093', 'abhishek.valanjoo', 'govind9867129531', 'shubhangi.waghmare', 'zalakdodecha', 'sanika.pandharkar', 'ajinkyapadwad', 'prashant.yadav', 'asharma04', 'kalpeshshukla11', 'kanchan.phadtare', 'sumeet.kotaria', 'kalindi.deshmukh', 'djantonmelnik', 'madhav.hingane', 'naren.ambwani', 'kratisethi511', 'schikodi', 'batchbd16b', 'hitin.23.11.1994', 'sshelar01', 'prerna.jaisingh', 'abhay.bhanushali', 'reubenalexander2010', 'rupali1891994', 'rutuja.shinde', 'amdheepikaa', 'abhishek.singh', 'bobot92', 'dishantm1993', 'azambek', 'nish.270', 'nimita20', 'deepuvijaya1806', 'nithya.yadav', 'milu21111994', None, 'nishanth1101', 'tiinnovationvesit', 'ascharyaskumar', 'nestor.lobo', 'raj.sawant', 'linusassao974', 'swapneil.hirulkar', 'shaikhrehana14', 'muktat20', 'jaikishan.yadav', 'sharvaridalvi301', 'sshinde04']"
9,71,61,34,24,"['mayur.agarwadekar', 'vinita.vachhani', 'varun.dua', 'ajinkyapadwad', 'prashant.yadav', 'kanchan.phadtare', 'sumeet.kotaria', 'saurabh.bhirud', 'madhav.hingane', 'batchbd16b', 'hitin.23.11.1994', 'karan.sonawane', 'omkar.prabhu', 'rutuja.shinde', 'ashutosh.singh', 'chetanraj.pant', 'nish.270', 'tanayshah007', 'zahran.mhaskar', 'tiinnovationvesit', 'nestor.lobo', 'raj.sawant', 'prathmesh.sawant', 'priyanka.ghatge']",36,"['akshaya17', 'abhishek.valanjoo', 'shubhangi.waghmare', 'sanika.pandharkar', 'tawadesiddhesh1994', 'ryabinamasha2014', 'kalpeshshukla11', 'kalindi.deshmukh', 'ulka.patil', 'djantonmelnik', 'kratisethi511', 'anisha.das', 'mackorge', 'meerabai.patil', 'priyanka.kulkarni', 'richard.noronha', 'swapnildaddikar05', 'abhay.bhanushali', 'prerna.jaisingh', 'amdheepikaa', 'abhishek.singh', 'bobot92', 'harshada.patankar', 'hitin.mandhani', 'pournima.amondkar', 'dishantm1993', 'azambek', 'nimita20', 'digvijay.singh', 'nithya.yadav', 'natasha.gurnani', 'chinmay.vad', 'linusassao974', 'shaikhrehana14', 'jaikishan.yadav', 'pankajsalunkhe23']",10,"['mahadikchetna', 'rahul.patil', 'preeti.wadhwani', 'mns.dinu', None, 'mp12121234', 'rohit.rawat', 'spshanbhag602', 'mohammed.qureshi', 'unmey08']",70,"['akshaya17', 'vinita.vachhani', 'varun.dua', 'tawadesiddhesh1994', 'ryabinamasha2014', 'saurabh.bhirud', 'ulka.patil', 'mackorge', 'anisha.das', 'meerabai.patil', 'priyanka.kulkarni', 'richard.noronha', 'omkar.prabhu', 'swapnildaddikar05', 'karan.sonawane', 'spshanbhag602', 'ashutosh.singh', 'chetanraj.pant', 'harshada.patankar', 'hitin.mandhani', 'pournima.amondkar', 'tanayshah007', 'digvijay.singh', 'zahran.mhaskar', 'natasha.gurnani', 'chinmay.vad', 'mns.dinu', 'prathmesh.sawant', 'mp12121234', 'rohit.rawat', 'pankajsalunkhe23', 'priyanka.ghatge', 'mayur.agarwadekar', 'abhishek.valanjoo', 'rahul.patil', 'shubhangi.waghmare', 'sanika.pandharkar', 'ajinkyapadwad', 'prashant.yadav', 'kalpeshshukla11', 'kanchan.phadtare', 'unmey08', 'sumeet.kotaria', 'kalindi.deshmukh', 'djantonmelnik', 'madhav.hingane', 'kratisethi511', 'preeti.wadhwani', 'batchbd16b', 'hitin.23.11.1994', 'mohammed.qureshi', 'prerna.jaisingh', 'abhay.bhanushali', 'rutuja.shinde', 'amdheepikaa', 'abhishek.singh', 'bobot92', 'dishantm1993', 'azambek', 'nish.270', 'nimita20', None, 'nithya.yadav', 'tiinnovationvesit', 'mahadikchetna', 'nestor.lobo', 'raj.sawant', 'linusassao974', 'shaikhrehana14', 'jaikishan.yadav']"
9,76,61,32,18,"['rutuja.shinde', 'natasha.gurnani', 'dishantm1993', 'abhishek.valanjoo', 'chinmay.vad', 'kratisethi511', 'nestor.lobo', 'shubhangi.waghmare', 'chetanraj.pant', 'raj.sawant', 'hitin.mandhani', 'meerabai.patil', 'harshada.patankar', 'prathmesh.sawant', 'pournima.amondkar', 'karan.sonawane', 'kalpeshshukla11', 'digvijay.singh']",42,"['akshaya17', 'mayur.agarwadekar', 'vinita.vachhani', 'varun.dua', 'sanika.pandharkar', 'tawadesiddhesh1994', 'ajinkyapadwad', 'ryabinamasha2014', 'prashant.yadav', 'kanchan.phadtare', 'sumeet.kotaria', 'kalindi.deshmukh', 'saurabh.bhirud', 'ulka.patil', 'djantonmelnik', 'madhav.hingane', 'mackorge', 'anisha.das', 'batchbd16b', 'hitin.23.11.1994', 'priyanka.kulkarni', 'richard.noronha', 'omkar.prabhu', 'swapnildaddikar05', 'prerna.jaisingh', 'abhay.bhanushali', 'amdheepikaa', 'abhishek.singh', 'ashutosh.singh', 'bobot92', 'tanayshah007', 'azambek', 'nish.270', 'nimita20', 'nithya.yadav', 'zahran.mhaskar', 'tiinnovationvesit', 'linusassao974', 'shaikhrehana14', 'jaikishan.yadav', 'pankajsalunkhe23', 'priyanka.ghatge']",14,"['bhatia.jitesh', 'koltechetan346', 'anish.gupta', 'swapnalimakdey25', 'sukanya93', 'nimish.parkhi', None, 'bhujangmethe', 'harsh.shah', 'jeet.bhanushali', 'sajjan.jha', 'namrata.kolapkar', 'rupali.patil', 'shreyas.pimpalkar']",74,"['akshaya17', 'bhatia.jitesh', 'vinita.vachhani', 'swapnalimakdey25', 'varun.dua', 'tawadesiddhesh1994', 'ryabinamasha2014', 'rupali.patil', 'saurabh.bhirud', 'ulka.patil', 'mackorge', 'anisha.das', 'meerabai.patil', 'priyanka.kulkarni', 'richard.noronha', 'omkar.prabhu', 'swapnildaddikar05', 'karan.sonawane', 'sajjan.jha', 'ashutosh.singh', 'chetanraj.pant', 'harshada.patankar', 'hitin.mandhani', 'pournima.amondkar', 'tanayshah007', 'digvijay.singh', 'zahran.mhaskar', 'natasha.gurnani', 'shreyas.pimpalkar', 'koltechetan346', 'chinmay.vad', 'prathmesh.sawant', 'nimish.parkhi', 'jeet.bhanushali', 'pankajsalunkhe23', 'namrata.kolapkar', 'priyanka.ghatge', 'sukanya93', 'mayur.agarwadekar', 'abhishek.valanjoo', 'shubhangi.waghmare', 'sanika.pandharkar', 'ajinkyapadwad', 'prashant.yadav', 'kalpeshshukla11', 'kanchan.phadtare', 'sumeet.kotaria', 'kalindi.deshmukh', 'djantonmelnik', 'madhav.hingane', 'anish.gupta', 'kratisethi511', 'batchbd16b', 'hitin.23.11.1994', 'prerna.jaisingh', 'abhay.bhanushali', 'rutuja.shinde', 'amdheepikaa', 'abhishek.singh', 'bobot92', 'dishantm1993', 'azambek', 'nish.270', 'nimita20', None, 'nithya.yadav', 'tiinnovationvesit', 'nestor.lobo', 'raj.sawant', 'linusassao974', 'harsh.shah', 'bhujangmethe', 'shaikhrehana14', 'jaikishan.yadav']"
9,70,61,25,15,"['kalindi.deshmukh', 'saurabh.bhirud', 'vinita.vachhani', 'madhav.hingane', 'tiinnovationvesit', 'varun.dua', 'shaikhrehana14', 'ajinkyapadwad', 'prerna.jaisingh', 'omkar.prabhu', 'jaikishan.yadav', 'abhay.bhanushali', 'nimita20', 'kanchan.phadtare', 'nithya.yadav']",45,"['akshaya17', 'mayur.agarwadekar', 'abhishek.valanjoo', 'shubhangi.waghmare', 'sanika.pandharkar', 'tawadesiddhesh1994', 'prashant.yadav', 'ryabinamasha2014', 'kalpeshshukla11', 'sumeet.kotaria', 'ulka.patil', 'djantonmelnik', 'kratisethi511', 'anisha.das', 'mackorge', 'meerabai.patil', 'batchbd16b', 'hitin.23.11.1994', 'priyanka.kulkarni', 'richard.noronha', 'karan.sonawane', 'swapnildaddikar05', 'rutuja.shinde', 'amdheepikaa', 'abhishek.singh', 'ashutosh.singh', 'bobot92', 'chetanraj.pant', 'harshada.patankar', 'hitin.mandhani', 'pournima.amondkar', 'dishantm1993', 'tanayshah007', 'azambek', 'nish.270', 'digvijay.singh', 'zahran.mhaskar', 'natasha.gurnani', 'chinmay.vad', 'nestor.lobo', 'raj.sawant', 'linusassao974', 'prathmesh.sawant', 'pankajsalunkhe23', 'priyanka.ghatge']",10,"['nilesh2551994', 'nikhil.divekar', 'ryadav03', 'mohit.kulkarni', 'muktat20', 'mp12121234', 'rupali.patil', 'sshinde04', 'suraj348', None]",70,"['akshaya17', 'vinita.vachhani', 'varun.dua', 'tawadesiddhesh1994', 'ryabinamasha2014', 'rupali.patil', 'saurabh.bhirud', 'ulka.patil', 'mackorge', 'anisha.das', 'meerabai.patil', 'priyanka.kulkarni', 'richard.noronha', 'omkar.prabhu', 'swapnildaddikar05', 'karan.sonawane', 'ashutosh.singh', 'chetanraj.pant', 'ryadav03', 'harshada.patankar', 'hitin.mandhani', 'mohit.kulkarni', 'pournima.amondkar', 'tanayshah007', 'suraj348', 'digvijay.singh', 'zahran.mhaskar', 'natasha.gurnani', 'chinmay.vad', 'nikhil.divekar', 'prathmesh.sawant', 'mp12121234', 'pankajsalunkhe23', 'priyanka.ghatge', 'mayur.agarwadekar', 'abhishek.valanjoo', 'shubhangi.waghmare', 'sanika.pandharkar', 'ajinkyapadwad', 'prashant.yadav', 'kalpeshshukla11', 'kanchan.phadtare', 'sumeet.kotaria', 'kalindi.deshmukh', 'djantonmelnik', 'madhav.hingane', 'kratisethi511', 'batchbd16b', 'hitin.23.11.1994', 'prerna.jaisingh', 'abhay.bhanushali', 'rutuja.shinde', 'nilesh2551994', 'amdheepikaa', 'abhishek.singh', 'bobot92', 'dishantm1993', 'azambek', 'nish.270', 'nimita20', None, 'nithya.yadav', 'tiinnovationvesit', 'nestor.lobo', 'raj.sawant', 'linusassao974', 'shaikhrehana14', 'muktat20', 'jaikishan.yadav', 'sshinde04']"
9,66,61,16,2,"['nithya.yadav', 'tiinnovationvesit']",58,"['akshaya17', 'mayur.agarwadekar', 'vinita.vachhani', 'abhishek.valanjoo', 'shubhangi.waghmare', 'varun.dua', 'sanika.pandharkar', 'tawadesiddhesh1994', 'ajinkyapadwad', 'ryabinamasha2014', 'prashant.yadav', 'kalpeshshukla11', 'kanchan.phadtare', 'sumeet.kotaria', 'kalindi.deshmukh', 'saurabh.bhirud', 'ulka.patil', 'djantonmelnik', 'madhav.hingane', 'kratisethi511', 'anisha.das', 'mackorge', 'meerabai.patil', 'batchbd16b', 'hitin.23.11.1994', 'priyanka.kulkarni', 'richard.noronha', 'omkar.prabhu', 'swapnildaddikar05', 'prerna.jaisingh', 'karan.sonawane', 'abhay.bhanushali', 'rutuja.shinde', 'amdheepikaa', 'abhishek.singh', 'ashutosh.singh', 'bobot92', 'chetanraj.pant', 'harshada.patankar', 'hitin.mandhani', 'pournima.amondkar', 'dishantm1993', 'tanayshah007', 'azambek', 'nish.270', 'nimita20', 'digvijay.singh', 'zahran.mhaskar', 'natasha.gurnani', 'chinmay.vad', 'nestor.lobo', 'raj.sawant', 'linusassao974', 'prathmesh.sawant', 'shaikhrehana14', 'jaikishan.yadav', 'pankajsalunkhe23', 'priyanka.ghatge']",14,"['projectcrce1516', 'darshanasankhe78', 'adiarv94', 'vanita.ahuja', 'darpan.bagwale', 'jamdadeparag', 'likita94', None, 'nitin.kadian', 'ps22ghule', 'chetana24', 'suraj348', 'sumaiyya.kazi94', 'deepika.muthukumari']",74,"['akshaya17', 'mayur.agarwadekar', 'vinita.vachhani', 'abhishek.valanjoo', 'adiarv94', 'jamdadeparag', 'shubhangi.waghmare', 'varun.dua', 'likita94', 'sanika.pandharkar', 'nitin.kadian', 'tawadesiddhesh1994', 'ajinkyapadwad', 'ryabinamasha2014', 'prashant.yadav', 'ps22ghule', 'kalpeshshukla11', 'kanchan.phadtare', 'sumaiyya.kazi94', 'sumeet.kotaria', 'kalindi.deshmukh', 'saurabh.bhirud', 'ulka.patil', 'djantonmelnik', 'madhav.hingane', 'darshanasankhe78', 'vanita.ahuja', 'kratisethi511', 'anisha.das', 'mackorge', 'meerabai.patil', 'batchbd16b', 'hitin.23.11.1994', 'priyanka.kulkarni', 'richard.noronha', 'omkar.prabhu', 'swapnildaddikar05', 'prerna.jaisingh', 'karan.sonawane', 'abhay.bhanushali', 'chetana24', 'rutuja.shinde', 'amdheepikaa', 'projectcrce1516', 'abhishek.singh', 'ashutosh.singh', 'bobot92', 'chetanraj.pant', 'harshada.patankar', 'hitin.mandhani', 'pournima.amondkar', 'dishantm1993', 'tanayshah007', 'azambek', 'nish.270', 'suraj348', 'nimita20', 'digvijay.singh', 'nithya.yadav', 'zahran.mhaskar', 'natasha.gurnani', None, 'deepika.muthukumari', 'tiinnovationvesit', 'darpan.bagwale', 'chinmay.vad', 'nestor.lobo', 'raj.sawant', 'linusassao974', 'prathmesh.sawant', 'shaikhrehana14', 'jaikishan.yadav', 'pankajsalunkhe23', 'priyanka.ghatge']"
9,69,61,14,3,"['pankajsalunkhe23', 'shaikhrehana14', 'tawadesiddhesh1994']",57,"['akshaya17', 'mayur.agarwadekar', 'vinita.vachhani', 'abhishek.valanjoo', 'shubhangi.waghmare', 'varun.dua', 'sanika.pandharkar', 'ajinkyapadwad', 'ryabinamasha2014', 'prashant.yadav', 'kalpeshshukla11', 'kanchan.phadtare', 'sumeet.kotaria', 'kalindi.deshmukh', 'saurabh.bhirud', 'ulka.patil', 'djantonmelnik', 'madhav.hingane', 'kratisethi511', 'anisha.das', 'mackorge', 'meerabai.patil', 'batchbd16b', 'hitin.23.11.1994', 'priyanka.kulkarni', 'richard.noronha', 'omkar.prabhu', 'swapnildaddikar05', 'prerna.jaisingh', 'karan.sonawane', 'abhay.bhanushali', 'rutuja.shinde', 'amdheepikaa', 'abhishek.singh', 'ashutosh.singh', 'bobot92', 'chetanraj.pant', 'harshada.patankar', 'hitin.mandhani', 'pournima.amondkar', 'dishantm1993', 'tanayshah007', 'azambek', 'nish.270', 'nimita20', 'digvijay.singh', 'nithya.yadav', 'zahran.mhaskar', 'natasha.gurnani', 'tiinnovationvesit', 'chinmay.vad', 'nestor.lobo', 'raj.sawant', 'linusassao974', 'prathmesh.sawant', 'jaikishan.yadav', 'priyanka.ghatge']",11,"['ameysalvi24', 'kushwahasachin90', 'vivek.gavhane1234', 'ryadav03', 'mp12121234', 'devilchester4491', 'nik2191.main', 'chetana24', None, 'patilmonika681', 'break.007req']",71,"['ameysalvi24', 'akshaya17', 'mayur.agarwadekar', 'vinita.vachhani', 'abhishek.valanjoo', 'shubhangi.waghmare', 'varun.dua', 'sanika.pandharkar', 'tawadesiddhesh1994', 'ajinkyapadwad', 'ryabinamasha2014', 'prashant.yadav', 'devilchester4491', 'kalpeshshukla11', 'kanchan.phadtare', 'sumeet.kotaria', 'patilmonika681', 'kalindi.deshmukh', 'saurabh.bhirud', 'ulka.patil', 'djantonmelnik', 'madhav.hingane', 'kratisethi511', 'anisha.das', 'mackorge', 'vivek.gavhane1234', 'meerabai.patil', 'batchbd16b', 'hitin.23.11.1994', 'priyanka.kulkarni', 'nik2191.main', 'richard.noronha', 'omkar.prabhu', 'swapnildaddikar05', 'prerna.jaisingh', 'karan.sonawane', 'abhay.bhanushali', 'chetana24', 'break.007req', 'rutuja.shinde', 'amdheepikaa', 'kushwahasachin90', 'abhishek.singh', 'ashutosh.singh', 'bobot92', 'chetanraj.pant', 'ryadav03', 'harshada.patankar', 'hitin.mandhani', 'pournima.amondkar', 'dishantm1993', 'tanayshah007', 'azambek', 'nish.270', 'nimita20', 'digvijay.singh', 'nithya.yadav', 'zahran.mhaskar', 'natasha.gurnani', None, 'tiinnovationvesit', 'chinmay.vad', 'nestor.lobo', 'raj.sawant', 'linusassao974', 'prathmesh.sawant', 'shaikhrehana14', 'mp12121234', 'jaikishan.yadav', 'pankajsalunkhe23', 'priyanka.ghatge']"
9,68,61,12,9,"['saurabh.bhirud', 'mayur.agarwadekar', 'abhishek.singh', 'tiinnovationvesit', 'ashutosh.singh', 'anisha.das', 'jaikishan.yadav', 'nish.270', 'nimita20']",51,"['akshaya17', 'vinita.vachhani', 'abhishek.valanjoo', 'shubhangi.waghmare', 'varun.dua', 'sanika.pandharkar', 'tawadesiddhesh1994', 'ajinkyapadwad', 'ryabinamasha2014', 'prashant.yadav', 'kalpeshshukla11', 'kanchan.phadtare', 'sumeet.kotaria', 'kalindi.deshmukh', 'ulka.patil', 'djantonmelnik', 'madhav.hingane', 'kratisethi511', 'mackorge', 'meerabai.patil', 'batchbd16b', 'hitin.23.11.1994', 'priyanka.kulkarni', 'richard.noronha', 'omkar.prabhu', 'swapnildaddikar05', 'prerna.jaisingh', 'karan.sonawane', 'abhay.bhanushali', 'rutuja.shinde', 'amdheepikaa', 'bobot92', 'chetanraj.pant', 'harshada.patankar', 'hitin.mandhani', 'pournima.amondkar', 'dishantm1993', 'tanayshah007', 'azambek', 'digvijay.singh', 'nithya.yadav', 'zahran.mhaskar', 'natasha.gurnani', 'chinmay.vad', 'nestor.lobo', 'raj.sawant', 'linusassao974', 'prathmesh.sawant', 'shaikhrehana14', 'pankajsalunkhe23', 'priyanka.ghatge']",3,"[None, 'anujaras', 'payalfuria7']",63,"['akshaya17', 'mayur.agarwadekar', 'vinita.vachhani', 'abhishek.valanjoo', 'shubhangi.waghmare', 'varun.dua', 'sanika.pandharkar', 'tawadesiddhesh1994', 'ajinkyapadwad', 'ryabinamasha2014', 'prashant.yadav', 'kalpeshshukla11', 'kanchan.phadtare', 'sumeet.kotaria', 'kalindi.deshmukh', 'saurabh.bhirud', 'ulka.patil', 'djantonmelnik', 'madhav.hingane', 'kratisethi511', 'anisha.das', 'mackorge', 'meerabai.patil', 'batchbd16b', 'hitin.23.11.1994', 'priyanka.kulkarni', 'richard.noronha', 'omkar.prabhu', 'swapnildaddikar05', 'prerna.jaisingh', 'karan.sonawane', 'abhay.bhanushali', 'rutuja.shinde', 'amdheepikaa', 'abhishek.singh', 'ashutosh.singh', 'bobot92', 'chetanraj.pant', 'payalfuria7', 'harshada.patankar', 'hitin.mandhani', 'anujaras', 'pournima.amondkar', 'dishantm1993', 'tanayshah007', 'azambek', 'nish.270', 'nimita20', 'digvijay.singh', 'nithya.yadav', 'zahran.mhaskar', 'natasha.gurnani', None, 'tiinnovationvesit', 'chinmay.vad', 'nestor.lobo', 'raj.sawant', 'linusassao974', 'prathmesh.sawant', 'shaikhrehana14', 'jaikishan.yadav', 'pankajsalunkhe23', 'priyanka.ghatge']"
9,72,61,12,2,"['swapnildaddikar05', 'abhishek.singh']",58,"['akshaya17', 'mayur.agarwadekar', 'vinita.vachhani', 'abhishek.valanjoo', 'shubhangi.waghmare', 'varun.dua', 'sanika.pandharkar', 'tawadesiddhesh1994', 'ajinkyapadwad', 'ryabinamasha2014', 'prashant.yadav', 'kalpeshshukla11', 'kanchan.phadtare', 'sumeet.kotaria', 'kalindi.deshmukh', 'saurabh.bhirud', 'ulka.patil', 'djantonmelnik', 'madhav.hingane', 'kratisethi511', 'anisha.das', 'mackorge', 'meerabai.patil', 'batchbd16b', 'hitin.23.11.1994', 'priyanka.kulkarni', 'richard.noronha', 'omkar.prabhu', 'prerna.jaisingh', 'karan.sonawane', 'abhay.bhanushali', 'rutuja.shinde', 'amdheepikaa', 'ashutosh.singh', 'bobot92', 'chetanraj.pant', 'harshada.patankar', 'hitin.mandhani', 'pournima.amondkar', 'dishantm1993', 'tanayshah007', 'azambek', 'nish.270', 'nimita20', 'digvijay.singh', 'nithya.yadav', 'zahran.mhaskar', 'natasha.gurnani', 'tiinnovationvesit', 'chinmay.vad', 'nestor.lobo', 'raj.sawant', 'linusassao974', 'prathmesh.sawant', 'shaikhrehana14', 'jaikishan.yadav', 'pankajsalunkhe23', 'priyanka.ghatge']",10,"['betigeri.amruta', 'sreedharan.akhilesh', 'ssatam23dps', 'i.totallyrock222', 'unmey08', 'sabapasha87iz', 'mns.dinu', None, 'spshanbhag602', 'sonawaneseema93']",70,"['akshaya17', 'mayur.agarwadekar', 'vinita.vachhani', 'abhishek.valanjoo', 'shubhangi.waghmare', 'varun.dua', 'sanika.pandharkar', 'tawadesiddhesh1994', 'ajinkyapadwad', 'ryabinamasha2014', 'prashant.yadav', 'kalpeshshukla11', 'kanchan.phadtare', 'sonawaneseema93', 'sumeet.kotaria', 'unmey08', 'kalindi.deshmukh', 'betigeri.amruta', 'saurabh.bhirud', 'ulka.patil', 'djantonmelnik', 'madhav.hingane', 'ssatam23dps', 'i.totallyrock222', 'kratisethi511', 'anisha.das', 'mackorge', 'sabapasha87iz', 'meerabai.patil', 'batchbd16b', 'hitin.23.11.1994', 'priyanka.kulkarni', 'richard.noronha', 'omkar.prabhu', 'swapnildaddikar05', 'prerna.jaisingh', 'karan.sonawane', 'abhay.bhanushali', 'spshanbhag602', 'rutuja.shinde', 'amdheepikaa', 'sreedharan.akhilesh', 'abhishek.singh', 'ashutosh.singh', 'bobot92', 'chetanraj.pant', 'harshada.patankar', 'hitin.mandhani', 'pournima.amondkar', 'dishantm1993', 'tanayshah007', 'azambek', 'nish.270', 'nimita20', 'digvijay.singh', 'nithya.yadav', 'zahran.mhaskar', 'natasha.gurnani', None, 'tiinnovationvesit', 'chinmay.vad', 'nestor.lobo', 'mns.dinu', 'raj.sawant', 'linusassao974', 'prathmesh.sawant', 'shaikhrehana14', 'jaikishan.yadav', 'pankajsalunkhe23', 'priyanka.ghatge']"
9,77,61,12,8,"['akshaya17', 'saurabh.bhirud', 'kratisethi511', 'anisha.das', 'harshada.patankar', 'ajinkyapadwad', 'richard.noronha', 'kanchan.phadtare']",52,"['mayur.agarwadekar', 'vinita.vachhani', 'abhishek.valanjoo', 'shubhangi.waghmare', 'varun.dua', 'sanika.pandharkar', 'tawadesiddhesh1994', 'ryabinamasha2014', 'prashant.yadav', 'kalpeshshukla11', 'sumeet.kotaria', 'kalindi.deshmukh', 'ulka.patil', 'djantonmelnik', 'madhav.hingane', 'mackorge', 'meerabai.patil', 'batchbd16b', 'hitin.23.11.1994', 'priyanka.kulkarni', 'omkar.prabhu', 'swapnildaddikar05', 'prerna.jaisingh', 'karan.sonawane', 'abhay.bhanushali', 'rutuja.shinde', 'amdheepikaa', 'abhishek.singh', 'ashutosh.singh', 'bobot92', 'chetanraj.pant', 'hitin.mandhani', 'pournima.amondkar', 'dishantm1993', 'tanayshah007', 'azambek', 'nish.270', 'nimita20', 'digvijay.singh', 'nithya.yadav', 'zahran.mhaskar', 'natasha.gurnani', 'tiinnovationvesit', 'chinmay.vad', 'nestor.lobo', 'raj.sawant', 'linusassao974', 'prathmesh.sawant', 'shaikhrehana14', 'jaikishan.yadav', 'pankajsalunkhe23', 'priyanka.ghatge']",4,"['swapnalimakdey25', None, 'koltechetan346', 'sukanya93']",64,"['akshaya17', 'mayur.agarwadekar', 'vinita.vachhani', 'abhishek.valanjoo', 'swapnalimakdey25', 'shubhangi.waghmare', 'varun.dua', 'sanika.pandharkar', 'tawadesiddhesh1994', 'ajinkyapadwad', 'ryabinamasha2014', 'prashant.yadav', 'kalpeshshukla11', 'kanchan.phadtare', 'sumeet.kotaria', 'kalindi.deshmukh', 'saurabh.bhirud', 'ulka.patil', 'djantonmelnik', 'madhav.hingane', 'kratisethi511', 'anisha.das', 'mackorge', 'meerabai.patil', 'batchbd16b', 'hitin.23.11.1994', 'priyanka.kulkarni', 'richard.noronha', 'omkar.prabhu', 'swapnildaddikar05', 'prerna.jaisingh', 'karan.sonawane', 'abhay.bhanushali', 'rutuja.shinde', 'amdheepikaa', 'abhishek.singh', 'ashutosh.singh', 'bobot92', 'chetanraj.pant', 'harshada.patankar', 'hitin.mandhani', 'pournima.amondkar', 'dishantm1993', 'tanayshah007', 'azambek', 'nish.270', 'nimita20', 'digvijay.singh', 'nithya.yadav', 'zahran.mhaskar', 'natasha.gurnani', None, 'koltechetan346', 'tiinnovationvesit', 'chinmay.vad', 'nestor.lobo', 'raj.sawant', 'linusassao974', 'prathmesh.sawant', 'shaikhrehana14', 'jaikishan.yadav', 'pankajsalunkhe23', 'priyanka.ghatge', 'sukanya93']"
9,75,61,6,2,"['linusassao974', 'batchbd16b']",58,"['akshaya17', 'mayur.agarwadekar', 'vinita.vachhani', 'abhishek.valanjoo', 'shubhangi.waghmare', 'varun.dua', 'sanika.pandharkar', 'tawadesiddhesh1994', 'ajinkyapadwad', 'ryabinamasha2014', 'prashant.yadav', 'kalpeshshukla11', 'kanchan.phadtare', 'sumeet.kotaria', 'kalindi.deshmukh', 'saurabh.bhirud', 'ulka.patil', 'djantonmelnik', 'madhav.hingane', 'kratisethi511', 'anisha.das', 'mackorge', 'meerabai.patil', 'hitin.23.11.1994', 'priyanka.kulkarni', 'richard.noronha', 'omkar.prabhu', 'swapnildaddikar05', 'prerna.jaisingh', 'karan.sonawane', 'abhay.bhanushali', 'rutuja.shinde', 'amdheepikaa', 'abhishek.singh', 'ashutosh.singh', 'bobot92', 'chetanraj.pant', 'harshada.patankar', 'hitin.mandhani', 'pournima.amondkar', 'dishantm1993', 'tanayshah007', 'azambek', 'nish.270', 'nimita20', 'digvijay.singh', 'nithya.yadav', 'zahran.mhaskar', 'natasha.gurnani', 'tiinnovationvesit', 'chinmay.vad', 'nestor.lobo', 'raj.sawant', 'prathmesh.sawant', 'shaikhrehana14', 'jaikishan.yadav', 'pankajsalunkhe23', 'priyanka.ghatge']",4,"['chetana24', 'rutvijmm', 'rahulstary', None]",64,"['akshaya17', 'mayur.agarwadekar', 'vinita.vachhani', 'abhishek.valanjoo', 'shubhangi.waghmare', 'varun.dua', 'sanika.pandharkar', 'tawadesiddhesh1994', 'ajinkyapadwad', 'ryabinamasha2014', 'prashant.yadav', 'kalpeshshukla11', 'kanchan.phadtare', 'sumeet.kotaria', 'kalindi.deshmukh', 'saurabh.bhirud', 'ulka.patil', 'djantonmelnik', 'madhav.hingane', 'kratisethi511', 'anisha.das', 'mackorge', 'meerabai.patil', 'batchbd16b', 'hitin.23.11.1994', 'priyanka.kulkarni', 'richard.noronha', 'omkar.prabhu', 'swapnildaddikar05', 'prerna.jaisingh', 'karan.sonawane', 'abhay.bhanushali', 'chetana24', 'rutuja.shinde', 'amdheepikaa', 'abhishek.singh', 'ashutosh.singh', 'bobot92', 'rahulstary', 'chetanraj.pant', 'harshada.patankar', 'hitin.mandhani', 'pournima.amondkar', 'dishantm1993', 'tanayshah007', 'azambek', 'nish.270', 'nimita20', 'digvijay.singh', 'nithya.yadav', 'zahran.mhaskar', 'natasha.gurnani', None, 'tiinnovationvesit', 'chinmay.vad', 'nestor.lobo', 'raj.sawant', 'linusassao974', 'prathmesh.sawant', 'rutvijmm', 'shaikhrehana14', 'jaikishan.yadav', 'pankajsalunkhe23', 'priyanka.ghatge']"
10,214,59,42,38,"['f_ogallar', 'thoreau', 'juliadoca', 'indigou', 'claudiaroncero', 'anamelon', 'kliuf', 'jesusprada', 'josem28', 'jotaeneeme', 'angel145', 'mariogalle', 'pakitomantelito', 'antoniorm93', 'ifni2', 'morotto12', 'jmrm94', 'crisgivi', 'jorgerg658', 'javiervelasco', 'juaniandujar', 'joseatarfe', 'peraltafran23', 'guille_carbajosa', 'anareina', 'imsomniakk', 'yan13', 'victorseven', 'jozzema', 'riloac', 'vgervilla', 'belenpuerta81', 'josefpretel', 'sarabermudas', 'nanovoy', 'gcmar', 'rach__94', 'anajg']",20,"['b.oden', 'jdh940130', 'sandrota', 'sid.csy', 'r31415smith', 'taehojung', 'magalu93', 'tanvireee11', 'lissypico', 'eldinhelja', 'joseesdiosdedioses', 'clara2692', 'filssavi', 'laigojoy581', 'danijh2108', 'jauwlfd', 'naruto_miguel94', 'cmhh55', 'sfathipo', 'sergiojsancam']",4,"['aureliojgc', None, 'fmgomez', 'edugc']",62,"['b.oden', 'thoreau', 'indigou', 'jdh940130', 'jesusprada', 'edugc', 'sid.csy', 'r31415smith', 'jotaeneeme', 'magalu93', 'angel145', 'josem28', 'mariogalle', 'tanvireee11', 'ifni2', 'morotto12', 'eldinhelja', 'joseesdiosdedioses', 'clara2692', 'filssavi', 'javiervelasco', 'jorgerg658', 'fmgomez', 'danijh2108', 'naruto_miguel94', 'anareina', 'yan13', 'sfathipo', 'riloac', 'vgervilla', 'sarabermudas', 'nanovoy', 'rach__94', 'anajg', 'f_ogallar', 'juliadoca', 'anamelon', 'claudiaroncero', 'kliuf', 'sandrota', 'taehojung', 'pakitomantelito', 'lissypico', 'antoniorm93', 'jmrm94', 'crisgivi', 'aureliojgc', 'juaniandujar', 'joseatarfe', 'peraltafran23', 'laigojoy581', 'guille_carbajosa', None, 'jauwlfd', 'imsomniakk', 'victorseven', 'cmhh55', 'jozzema', 'sergiojsancam', 'belenpuerta81', 'josefpretel', 'gcmar']"
10,216,59,12,11,"['clara2692', 'anareina', 'jotaeneeme', 'magalu93', 'angel145', 'riloac', 'anamelon', 'antoniorm93', 'peraltafran23', 'sarabermudas', 'gcmar']",47,"['b.oden', 'f_ogallar', 'thoreau', 'juliadoca', 'indigou', 'claudiaroncero', 'jdh940130', 'kliuf', 'sandrota', 'jesusprada', 'sid.csy', 'r31415smith', 'taehojung', 'josem28', 'mariogalle', 'pakitomantelito', 'tanvireee11', 'lissypico', 'ifni2', 'morotto12', 'eldinhelja', 'joseesdiosdedioses', 'jmrm94', 'crisgivi', 'filssavi', 'javiervelasco', 'jorgerg658', 'juaniandujar', 'joseatarfe', 'laigojoy581', 'guille_carbajosa', 'danijh2108', 'jauwlfd', 'naruto_miguel94', 'imsomniakk', 'yan13', 'victorseven', 'cmhh55', 'sfathipo', 'jozzema', 'sergiojsancam', 'vgervilla', 'belenpuerta81', 'josefpretel', 'nanovoy', 'rach__94', 'anajg']",1,[None],59,"['b.oden', 'f_ogallar', 'thoreau', 'juliadoca', 'indigou', 'anamelon', 'claudiaroncero', 'jdh940130', 'kliuf', 'sandrota', 'jesusprada', 'sid.csy', 'r31415smith', 'jotaeneeme', 'taehojung', 'magalu93', 'angel145', 'josem28', 'mariogalle', 'pakitomantelito', 'tanvireee11', 'lissypico', 'antoniorm93', 'ifni2', 'morotto12', 'eldinhelja', 'joseesdiosdedioses', 'jmrm94', 'clara2692', 'crisgivi', 'filssavi', 'javiervelasco', 'jorgerg658', 'juaniandujar', 'joseatarfe', 'peraltafran23', 'laigojoy581', 'guille_carbajosa', 'danijh2108', None, 'jauwlfd', 'naruto_miguel94', 'anareina', 'imsomniakk', 'yan13', 'victorseven', 'cmhh55', 'sfathipo', 'jozzema', 'riloac', 'sergiojsancam', 'vgervilla', 'belenpuerta81', 'josefpretel', 'sarabermudas', 'nanovoy', 'gcmar', 'rach__94', 'anajg']"
10,218,59,11,9,"['naruto_miguel94', 'jotaeneeme', 'mariogalle', 'anamelon', 'sandrota', 'josefpretel', 'danijh2108', 'gcmar', 'joseesdiosdedioses']",49,"['b.oden', 'f_ogallar', 'thoreau', 'juliadoca', 'indigou', 'claudiaroncero', 'jdh940130', 'kliuf', 'jesusprada', 'sid.csy', 'r31415smith', 'taehojung', 'magalu93', 'angel145', 'josem28', 'pakitomantelito', 'tanvireee11', 'lissypico', 'antoniorm93', 'ifni2', 'morotto12', 'eldinhelja', 'jmrm94', 'clara2692', 'crisgivi', 'filssavi', 'javiervelasco', 'jorgerg658', 'juaniandujar', 'joseatarfe', 'peraltafran23', 'laigojoy581', 'guille_carbajosa', 'jauwlfd', 'anareina', 'imsomniakk', 'yan13', 'victorseven', 'cmhh55', 'sfathipo', 'jozzema', 'riloac', 'sergiojsancam', 'vgervilla', 'belenpuerta81', 'sarabermudas', 'nanovoy', 'rach__94', 'anajg']",2,"[None, 'aureliojgc']",60,"['b.oden', 'f_ogallar', 'thoreau', 'juliadoca', 'indigou', 'anamelon', 'claudiaroncero', 'jdh940130', 'kliuf', 'sandrota', 'jesusprada', 'sid.csy', 'r31415smith', 'jotaeneeme', 'taehojung', 'magalu93', 'angel145', 'josem28', 'mariogalle', 'pakitomantelito', 'tanvireee11', 'lissypico', 'antoniorm93', 'ifni2', 'morotto12', 'eldinhelja', 'joseesdiosdedioses', 'jmrm94', 'clara2692', 'crisgivi', 'aureliojgc', 'filssavi', 'javiervelasco', 'jorgerg658', 'juaniandujar', 'joseatarfe', 'peraltafran23', 'laigojoy581', 'guille_carbajosa', 'danijh2108', None, 'jauwlfd', 'naruto_miguel94', 'anareina', 'imsomniakk', 'yan13', 'victorseven', 'cmhh55', 'sfathipo', 'jozzema', 'riloac', 'sergiojsancam', 'vgervilla', 'belenpuerta81', 'josefpretel', 'sarabermudas', 'nanovoy', 'gcmar', 'rach__94', 'anajg']"
10,217,59,7,6,"['jmrm94', 'f_ogallar', 'victorseven', 'javiervelasco', 'sergiojsancam', 'anajg']",52,"['b.oden', 'thoreau', 'juliadoca', 'indigou', 'anamelon', 'claudiaroncero', 'jdh940130', 'kliuf', 'sandrota', 'jesusprada', 'sid.csy', 'r31415smith', 'jotaeneeme', 'taehojung', 'magalu93', 'angel145', 'josem28', 'mariogalle', 'pakitomantelito', 'tanvireee11', 'lissypico', 'antoniorm93', 'ifni2', 'morotto12', 'eldinhelja', 'joseesdiosdedioses', 'clara2692', 'crisgivi', 'filssavi', 'jorgerg658', 'juaniandujar', 'joseatarfe', 'peraltafran23', 'laigojoy581', 'guille_carbajosa', 'danijh2108', 'jauwlfd', 'naruto_miguel94', 'anareina', 'imsomniakk', 'yan13', 'cmhh55', 'sfathipo', 'jozzema', 'riloac', 'vgervilla', 'belenpuerta81', 'josefpretel', 'sarabermudas', 'nanovoy', 'gcmar', 'rach__94']",1,[None],59,"['b.oden', 'f_ogallar', 'thoreau', 'juliadoca', 'indigou', 'anamelon', 'claudiaroncero', 'jdh940130', 'kliuf', 'sandrota', 'jesusprada', 'sid.csy', 'r31415smith', 'jotaeneeme', 'taehojung', 'magalu93', 'angel145', 'josem28', 'mariogalle', 'pakitomantelito', 'tanvireee11', 'lissypico', 'antoniorm93', 'ifni2', 'morotto12', 'eldinhelja', 'joseesdiosdedioses', 'jmrm94', 'clara2692', 'crisgivi', 'filssavi', 'javiervelasco', 'jorgerg658', 'juaniandujar', 'joseatarfe', 'peraltafran23', 'laigojoy581', 'guille_carbajosa', 'danijh2108', None, 'jauwlfd', 'naruto_miguel94', 'anareina', 'imsomniakk', 'yan13', 'victorseven', 'cmhh55', 'sfathipo', 'jozzema', 'riloac', 'sergiojsancam', 'vgervilla', 'belenpuerta81', 'josefpretel', 'sarabermudas', 'nanovoy', 'gcmar', 'rach__94', 'anajg']"
11,306,50,65,47,"['jrmcgarr', 'edhill3', 'ajsquire', 'obartman', 'abmcgin', 'mjdeal', 'wkharri3', 'mmalsaft', 'hahsain', 'sufczynski', 'saba96', 'anhochst', 'ajcoon', 'nrhawes', 'mmkasper', 'talitaoliveira53', 'ajlountz', 'sjfigurs', 'hnparey', 'bxruther', 'tnpardue', 'emharri5', 'tafagan', 'jfendri', 'mgbate', 'yzhang59', 'zgdavis', 'jarussel', 'tbhubble', 'jwfrenc2', 'sanielpatrickk', 'syan4', 'emalhajj', 'atberg', 'djblivin', 'ajmilliron', 'jpadams', 'kdwatso3', 'gchon436', 'amcorbe2', 'emmills', 'gq_xintong', 'csbarcla', 'cthudso3', 'taleona3', 'seklug', 'jaconno2']",2,"['alhaja', 'preenu12345']",18,"['ajrigby', 'tsavey', 'mkmoody', 'zackk12153', 'abharga5', 'npschultz', 'zlholme2', 'jlbrodie', 'alisadeq', 'sidonald15', 'bfgsweeper', 'gredden', 'npschult', 'rwkeefe', 'ajmillir', None, 'rljacks8', 'jakuhne']",67,"['jrmcgarr', 'obartman', 'mjdeal', 'mmalsaft', 'npschult', 'sufczynski', 'ajcoon', 'jlbrodie', 'bfgsweeper', 'bxruther', 'tnpardue', 'emharri5', 'tafagan', 'jakuhne', 'mkmoody', 'abharga5', 'yzhang59', 'zgdavis', 'npschultz', 'jwfrenc2', 'sanielpatrickk', 'syan4', 'gredden', 'ajmilliron', 'ajmillir', 'jpadams', 'kdwatso3', 'gchon436', 'tsavey', 'zackk12153', 'alhaja', 'gq_xintong', 'cthudso3', 'taleona3', 'seklug', 'jaconno2', 'wkharri3', 'sidonald15', 'ajrigby', 'edhill3', 'ajsquire', 'abmcgin', 'zlholme2', 'alisadeq', 'preenu12345', 'hahsain', 'saba96', 'anhochst', 'nrhawes', 'mmkasper', 'talitaoliveira53', 'ajlountz', 'sjfigurs', 'hnparey', 'rljacks8', 'jfendri', 'mgbate', 'jarussel', 'tbhubble', 'emalhajj', 'atberg', 'djblivin', 'rwkeefe', None, 'amcorbe2', 'emmills', 'csbarcla']"
11,307,50,9,8,"['edhill3', 'hnparey', 'csbarcla', 'mgbate', 'syan4', 'seklug', 'jaconno2', 'gchon436']",41,"['jrmcgarr', 'obartman', 'ajsquire', 'abmcgin', 'mjdeal', 'preenu12345', 'mmalsaft', 'hahsain', 'sufczynski', 'saba96', 'anhochst', 'ajcoon', 'nrhawes', 'mmkasper', 'talitaoliveira53', 'ajlountz', 'sjfigurs', 'bxruther', 'tnpardue', 'emharri5', 'tafagan', 'jfendri', 'yzhang59', 'zgdavis', 'jarussel', 'tbhubble', 'jwfrenc2', 'sanielpatrickk', 'emalhajj', 'atberg', 'djblivin', 'ajmilliron', 'jpadams', 'kdwatso3', 'alhaja', 'amcorbe2', 'emmills', 'gq_xintong', 'cthudso3', 'taleona3', 'wkharri3']",1,[None],50,"['jrmcgarr', 'obartman', 'ajsquire', 'edhill3', 'abmcgin', 'mjdeal', 'preenu12345', 'mmalsaft', 'hahsain', 'sufczynski', 'saba96', 'anhochst', 'ajcoon', 'nrhawes', 'mmkasper', 'talitaoliveira53', 'ajlountz', 'sjfigurs', 'hnparey', 'bxruther', 'tnpardue', 'emharri5', 'tafagan', 'jaconno2', 'jfendri', 'mgbate', 'yzhang59', 'zgdavis', 'jarussel', 'tbhubble', 'jwfrenc2', 'sanielpatrickk', 'syan4', 'emalhajj', 'atberg', 'djblivin', 'ajmilliron', 'jpadams', None, 'kdwatso3', 'gchon436', 'alhaja', 'amcorbe2', 'emmills', 'gq_xintong', 'csbarcla', 'cthudso3', 'taleona3', 'seklug', 'wkharri3']"
11,308,50,7,6,"['yzhang59', 'edhill3', 'syan4', 'taleona3', 'seklug', 'mgbate']",43,"['jrmcgarr', 'obartman', 'ajsquire', 'abmcgin', 'mjdeal', 'preenu12345', 'mmalsaft', 'hahsain', 'sufczynski', 'saba96', 'anhochst', 'ajcoon', 'nrhawes', 'mmkasper', 'talitaoliveira53', 'ajlountz', 'sjfigurs', 'hnparey', 'bxruther', 'tnpardue', 'emharri5', 'tafagan', 'jaconno2', 'jfendri', 'zgdavis', 'jarussel', 'tbhubble', 'jwfrenc2', 'sanielpatrickk', 'emalhajj', 'atberg', 'djblivin', 'ajmilliron', 'jpadams', 'kdwatso3', 'gchon436', 'alhaja', 'amcorbe2', 'emmills', 'gq_xintong', 'csbarcla', 'cthudso3', 'wkharri3']",1,[None],50,"['jrmcgarr', 'obartman', 'ajsquire', 'edhill3', 'abmcgin', 'mjdeal', 'preenu12345', 'mmalsaft', 'hahsain', 'sufczynski', 'saba96', 'anhochst', 'ajcoon', 'nrhawes', 'mmkasper', 'talitaoliveira53', 'ajlountz', 'sjfigurs', 'hnparey', 'bxruther', 'tnpardue', 'emharri5', 'tafagan', 'jaconno2', 'jfendri', 'mgbate', 'yzhang59', 'zgdavis', 'jarussel', 'tbhubble', 'jwfrenc2', 'sanielpatrickk', 'syan4', 'emalhajj', 'atberg', 'djblivin', 'ajmilliron', 'jpadams', None, 'kdwatso3', 'gchon436', 'alhaja', 'amcorbe2', 'emmills', 'gq_xintong', 'csbarcla', 'cthudso3', 'taleona3', 'seklug', 'wkharri3']"
12,320,49,44,40,"['an49', 'hweldy', 'mill1023', 'campos26', 'ouyang6', 'kohlerc', 'mgolm', 'nmacke', 'mviers', 'wmorton', 'andorner', 'hobson7', 'khan106', 'kkingdon', 'yang837', 'smit2323', 'burgosn', 'aoffenb', 'mmuschar', 'fbokhari', 'logan8', 'zhan1823', 'imclucke', 'courtneyy', 'carson22', 'cvieira', 'eprussac', 'richtern', 'welch31', 'ngaurav', 'humphre4', 'mudaipurwala', 'mkrafcik', 'ning2', 'mbodziak', 'kadair', 'teeads', 'alichlyt', 'colbertk', 'abeckle']",8,"['figuero3', 'pan112', 'etopi', 'beggs', 'at574', 'andrew27', 'jain139', 'clasky']",4,"['redwing', None, 'brendenh88', 'hu347']",52,"['redwing', 'mgolm', 'hu347', 'wmorton', 'andorner', 'figuero3', 'kkingdon', 'smit2323', 'andrew27', 'burgosn', 'jain139', 'aoffenb', 'mmuschar', 'fbokhari', 'logan8', 'zhan1823', 'imclucke', 'carson22', 'clasky', 'richtern', 'mudaipurwala', 'mkrafcik', 'alichlyt', 'etopi', 'an49', 'hweldy', 'mill1023', 'campos26', 'ouyang6', 'kohlerc', 'beggs', 'nmacke', 'mviers', 'hobson7', 'khan106', 'yang837', 'brendenh88', 'pan112', 'at574', 'courtneyy', 'cvieira', 'eprussac', 'ngaurav', 'welch31', None, 'humphre4', 'ning2', 'mbodziak', 'kadair', 'teeads', 'colbertk', 'abeckle']"
12,321,49,7,6,"['hweldy', 'pan112', 'zhan1823', 'courtneyy', 'colbertk', 'mviers']",42,"['an49', 'mill1023', 'campos26', 'ouyang6', 'kohlerc', 'beggs', 'mgolm', 'nmacke', 'wmorton', 'andorner', 'figuero3', 'hobson7', 'khan106', 'yang837', 'kkingdon', 'smit2323', 'andrew27', 'burgosn', 'jain139', 'aoffenb', 'mmuschar', 'fbokhari', 'logan8', 'at574', 'imclucke', 'carson22', 'cvieira', 'eprussac', 'richtern', 'ngaurav', 'clasky', 'welch31', 'humphre4', 'mudaipurwala', 'mkrafcik', 'ning2', 'mbodziak', 'kadair', 'teeads', 'alichlyt', 'etopi', 'abeckle']",1,[None],49,"['an49', 'hweldy', 'mill1023', 'campos26', 'ouyang6', 'kohlerc', 'beggs', 'mgolm', 'nmacke', 'mviers', 'wmorton', 'andorner', 'figuero3', 'hobson7', 'khan106', 'yang837', 'kkingdon', 'smit2323', 'andrew27', 'burgosn', 'jain139', 'aoffenb', 'mmuschar', 'fbokhari', 'pan112', 'logan8', 'zhan1823', 'at574', 'imclucke', 'courtneyy', 'carson22', 'cvieira', 'eprussac', 'richtern', 'ngaurav', 'clasky', 'welch31', None, 'humphre4', 'mudaipurwala', 'mkrafcik', 'ning2', 'mbodziak', 'kadair', 'teeads', 'alichlyt', 'etopi', 'colbertk', 'abeckle']"
13,183,41,42,35,"['hillary.zillery', 'daniellefagnani', 'rahwlchatterjee', 'jlusk92', 'mpbuteler', 'def82', 'disharay93', 'aravinda1879', 'qasdfgtyuiop', 'cmean17', 'trangttran9', 'johnnoia09', 'alvarogonzalez', 'mayracooper92', 'blairaweaver', 'poranzi', 'djm0017', 'qasdfgtyuiop.1', 'sonypal1988', 'buttathelord', 'sunidhi', 'delaramq', 'plin', 'eslam_griesh', 'jluskin92', 'rncarmean', 'mnolan212', 'michellenolan', 'atpastore09', 'lmjdida', 'kanderton', 'ljirmo', 'ccolina', 'kinglionrahul', 'mhill5552']",5,"['xiaowu759', 'katelyn.n.kavanaugh', 'gorakhpawar11', 'khart48', 'lboaten']",7,"['noranzi', 'mef231', 'figg', 'ttran1', 'farhad.r', 'cafigg09', None]",47,"['hillary.zillery', 'mpbuteler', 'khart48', 'cmean17', 'mef231', 'johnnoia09', 'alvarogonzalez', 'mayracooper92', 'blairaweaver', 'sonypal1988', 'plin', 'jluskin92', 'mnolan212', 'atpastore09', 'lmjdida', 'kanderton', 'ljirmo', 'mhill5552', 'xiaowu759', 'daniellefagnani', 'katelyn.n.kavanaugh', 'figg', 'rahwlchatterjee', 'ttran1', 'jlusk92', 'gorakhpawar11', 'def82', 'disharay93', 'aravinda1879', 'qasdfgtyuiop', 'lboaten', 'noranzi', 'trangttran9', 'poranzi', 'cafigg09', 'djm0017', 'qasdfgtyuiop.1', 'buttathelord', 'farhad.r', 'sunidhi', 'delaramq', 'eslam_griesh', 'rncarmean', None, 'michellenolan', 'ccolina', 'kinglionrahul']"
13,219,41,37,26,"['daniellefagnani', 'rahwlchatterjee', 'jlusk92', 'mpbuteler', 'def82', 'aravinda1879', 'qasdfgtyuiop', 'cmean17', 'johnnoia09', 'blairaweaver', 'poranzi', 'djm0017', 'buttathelord', 'sunidhi', 'delaramq', 'rncarmean', 'jluskin92', 'mnolan212', 'michellenolan', 'atpastore09', 'lmjdida', 'kanderton', 'ljirmo', 'ccolina', 'kinglionrahul', 'mhill5552']",14,"['hillary.zillery', 'xiaowu759', 'katelyn.n.kavanaugh', 'trangttran9', 'alvarogonzalez', 'gorakhpawar11', 'mayracooper92', 'disharay93', 'khart48', 'plin', 'eslam_griesh', 'lboaten', 'qasdfgtyuiop.1', 'sonypal1988']",11,"['heredmond', 'noranzi', 'mef231', 'figg', 'ttran1', 'farhad.r', 'sunidhi001', 'cafigg09', 'liyanaarachchi27', 'gt2199', None]",51,"['hillary.zillery', 'mpbuteler', 'khart48', 'cmean17', 'mef231', 'johnnoia09', 'alvarogonzalez', 'mayracooper92', 'blairaweaver', 'gt2199', 'sonypal1988', 'liyanaarachchi27', 'plin', 'jluskin92', 'mnolan212', 'heredmond', 'atpastore09', 'lmjdida', 'kanderton', 'ljirmo', 'mhill5552', 'xiaowu759', 'daniellefagnani', 'katelyn.n.kavanaugh', 'figg', 'rahwlchatterjee', 'ttran1', 'jlusk92', 'gorakhpawar11', 'def82', 'disharay93', 'aravinda1879', 'qasdfgtyuiop', 'lboaten', 'noranzi', 'trangttran9', 'poranzi', 'cafigg09', 'djm0017', 'qasdfgtyuiop.1', 'buttathelord', 'farhad.r', 'sunidhi', 'delaramq', 'sunidhi001', 'eslam_griesh', 'rncarmean', None, 'michellenolan', 'ccolina', 'kinglionrahul']"
14,187,39,46,37,"['erinev', 'emklaski14', 'andrewehlers1994', 'khonds', 'portep2', 'zhouz4', 'moralj3', 'jahearneray', 'olaf.bergeson', 'lauren.j.oesterle', 'taylor.macewen15', 'cheng5', 'blake.stro', 'songj6', 'duch.jonah', 'yuey3', 'konopz', 'iroq8flyers', 'blancl', 'libbybrundage1', 'piettt', 'vanbea.pikes', 'eveillette', 'michalkabrian', 'tanjiawei100', 'jamielfreitag', 'milles35', 'scottpeters1995', '3davideo', 'trjrfly', 'aronmarkle', 'leibakbak123', 'lotteb', 'icey', 'zach.baierl', 'reny2', 'wholea']",1,['obolonduro'],9,"['tsmith13', 'ramesu', 'howarw2', 'siddharth.s410', 'kinef', 'alanmshaw', 'lphuang', None, 'yanh3']",47,"['howarw2', 'andrewehlers1994', 'zhouz4', 'alanmshaw', 'jahearneray', 'lauren.j.oesterle', 'taylor.macewen15', 'cheng5', 'ramesu', 'songj6', 'konopz', 'yanh3', 'michalkabrian', 'scottpeters1995', 'trjrfly', 'lotteb', 'obolonduro', 'icey', 'erinev', 'siddharth.s410', 'emklaski14', 'khonds', 'portep2', 'moralj3', 'olaf.bergeson', 'tsmith13', 'blake.stro', 'duch.jonah', 'yuey3', 'lphuang', 'iroq8flyers', 'blancl', 'libbybrundage1', 'piettt', 'vanbea.pikes', 'eveillette', 'tanjiawei100', 'jamielfreitag', 'milles35', '3davideo', None, 'aronmarkle', 'leibakbak123', 'kinef', 'zach.baierl', 'reny2', 'wholea']"
14,323,39,46,38,"['erinev', 'emklaski14', 'andrewehlers1994', 'khonds', 'portep2', 'zhouz4', 'moralj3', 'jahearneray', 'olaf.bergeson', 'lauren.j.oesterle', 'taylor.macewen15', 'cheng5', 'blake.stro', 'songj6', 'duch.jonah', 'yuey3', 'konopz', 'iroq8flyers', 'blancl', 'libbybrundage1', 'piettt', 'vanbea.pikes', 'eveillette', 'michalkabrian', 'tanjiawei100', 'jamielfreitag', 'milles35', 'scottpeters1995', '3davideo', 'trjrfly', 'aronmarkle', 'leibakbak123', 'obolonduro', 'lotteb', 'icey', 'zach.baierl', 'reny2', 'wholea']",0,[],8,"['tsmith13', 'ramesu', 'howarw2', 'kinef', 'alanmshaw', 'lphuang', None, 'yanh3']",46,"['howarw2', 'andrewehlers1994', 'zhouz4', 'alanmshaw', 'jahearneray', 'lauren.j.oesterle', 'taylor.macewen15', 'cheng5', 'ramesu', 'songj6', 'konopz', 'yanh3', 'michalkabrian', 'scottpeters1995', 'trjrfly', 'lotteb', 'obolonduro', 'icey', 'erinev', 'emklaski14', 'khonds', 'portep2', 'moralj3', 'olaf.bergeson', 'tsmith13', 'blake.stro', 'duch.jonah', 'yuey3', 'lphuang', 'iroq8flyers', 'blancl', 'libbybrundage1', 'piettt', 'vanbea.pikes', 'eveillette', 'tanjiawei100', 'jamielfreitag', 'milles35', '3davideo', None, 'aronmarkle', 'leibakbak123', 'kinef', 'zach.baierl', 'reny2', 'wholea']"
14,317,39,45,37,"['erinev', 'andrewehlers1994', 'khonds', 'zhouz4', 'portep2', 'moralj3', 'jahearneray', 'olaf.bergeson', 'lauren.j.oesterle', 'taylor.macewen15', 'cheng5', 'blake.stro', 'songj6', 'duch.jonah', 'yuey3', 'konopz', 'iroq8flyers', 'libbybrundage1', 'blancl', 'piettt', 'vanbea.pikes', 'eveillette', 'michalkabrian', 'tanjiawei100', 'jamielfreitag', 'milles35', 'scottpeters1995', '3davideo', 'trjrfly', 'aronmarkle', 'leibakbak123', 'obolonduro', 'lotteb', 'icey', 'zach.baierl', 'reny2', 'wholea']",1,['emklaski14'],8,"['ramesu', 'kinef', 'alanmshaw', 'tevin.sm2', 'lphuang', None, 'yanh3', 'wangz19']",46,"['andrewehlers1994', 'zhouz4', 'alanmshaw', 'jahearneray', 'lauren.j.oesterle', 'taylor.macewen15', 'cheng5', 'ramesu', 'songj6', 'konopz', 'yanh3', 'michalkabrian', 'tevin.sm2', 'scottpeters1995', 'trjrfly', 'lotteb', 'obolonduro', 'icey', 'erinev', 'emklaski14', 'khonds', 'portep2', 'moralj3', 'olaf.bergeson', 'blake.stro', 'duch.jonah', 'yuey3', 'lphuang', 'iroq8flyers', 'blancl', 'libbybrundage1', 'piettt', 'vanbea.pikes', 'eveillette', 'tanjiawei100', 'jamielfreitag', 'milles35', '3davideo', None, 'wangz19', 'aronmarkle', 'leibakbak123', 'kinef', 'zach.baierl', 'reny2', 'wholea']"
14,318,39,33,25,"['erinev', 'emklaski14', 'khonds', 'andrewehlers1994', 'jahearneray', 'moralj3', 'olaf.bergeson', 'taylor.macewen15', 'cheng5', 'blake.stro', 'yuey3', 'konopz', 'iroq8flyers', 'piettt', 'eveillette', 'tanjiawei100', 'jamielfreitag', 'trjrfly', 'lotteb', 'leibakbak123', 'obolonduro', 'aronmarkle', 'zach.baierl', 'reny2', 'wholea']",13,"['vanbea.pikes', 'songj6', 'michalkabrian', 'zhouz4', 'portep2', 'duch.jonah', 'icey', 'milles35', 'scottpeters1995', 'libbybrundage1', '3davideo', 'lauren.j.oesterle', 'blancl']",8,"['tsmith13', 'ramesu', 'howarw2', 'kinef', 'alanmshaw', 'lphuang', None, 'yanh3']",46,"['howarw2', 'erinev', 'emklaski14', 'andrewehlers1994', 'khonds', 'portep2', 'zhouz4', 'alanmshaw', 'moralj3', 'jahearneray', 'olaf.bergeson', 'lauren.j.oesterle', 'taylor.macewen15', 'tsmith13', 'cheng5', 'blake.stro', 'ramesu', 'songj6', 'duch.jonah', 'yuey3', 'konopz', 'lphuang', 'iroq8flyers', 'blancl', 'libbybrundage1', 'piettt', 'yanh3', 'vanbea.pikes', 'eveillette', 'michalkabrian', 'tanjiawei100', 'jamielfreitag', 'milles35', 'scottpeters1995', '3davideo', 'trjrfly', None, 'aronmarkle', 'leibakbak123', 'obolonduro', 'lotteb', 'icey', 'kinef', 'zach.baierl', 'reny2', 'wholea']"
14,188,39,31,27,"['erinev', 'emklaski14', 'andrewehlers1994', 'zhouz4', 'jahearneray', 'moralj3', 'lauren.j.oesterle', 'taylor.macewen15', 'cheng5', 'blake.stro', 'yuey3', 'iroq8flyers', 'libbybrundage1', 'piettt', 'vanbea.pikes', 'eveillette', 'tanjiawei100', 'jamielfreitag', '3davideo', 'trjrfly', 'lotteb', 'leibakbak123', 'obolonduro', 'aronmarkle', 'zach.baierl', 'reny2', 'wholea']",11,"['songj6', 'khonds', 'michalkabrian', 'portep2', 'icey', 'duch.jonah', 'milles35', 'scottpeters1995', 'olaf.bergeson', 'konopz', 'blancl']",4,"['tsmith13', None, 'alanmshaw', 'yanh3']",42,"['erinev', 'emklaski14', 'andrewehlers1994', 'khonds', 'portep2', 'zhouz4', 'alanmshaw', 'moralj3', 'jahearneray', 'olaf.bergeson', 'lauren.j.oesterle', 'taylor.macewen15', 'tsmith13', 'cheng5', 'blake.stro', 'songj6', 'duch.jonah', 'yuey3', 'konopz', 'iroq8flyers', 'blancl', 'libbybrundage1', 'piettt', 'yanh3', 'vanbea.pikes', 'eveillette', 'michalkabrian', 'tanjiawei100', 'jamielfreitag', 'milles35', 'scottpeters1995', '3davideo', 'trjrfly', None, 'aronmarkle', 'leibakbak123', 'obolonduro', 'lotteb', 'icey', 'zach.baierl', 'reny2', 'wholea']"
14,324,39,30,23,"['erinev', 'emklaski14', 'andrewehlers1994', 'jahearneray', 'moralj3', 'olaf.bergeson', 'lauren.j.oesterle', 'cheng5', 'blake.stro', 'yuey3', 'konopz', 'iroq8flyers', 'piettt', 'eveillette', 'tanjiawei100', 'jamielfreitag', 'lotteb', 'leibakbak123', 'obolonduro', 'aronmarkle', 'zach.baierl', 'reny2', 'wholea']",15,"['vanbea.pikes', 'songj6', 'khonds', 'michalkabrian', 'zhouz4', 'portep2', 'duch.jonah', 'icey', 'milles35', 'scottpeters1995', 'libbybrundage1', '3davideo', 'trjrfly', 'taylor.macewen15', 'blancl']",7,"['tsmith13', 'ramesu', 'howarw2', 'kinef', 'alanmshaw', None, 'yanh3']",45,"['howarw2', 'erinev', 'emklaski14', 'andrewehlers1994', 'khonds', 'portep2', 'zhouz4', 'alanmshaw', 'moralj3', 'jahearneray', 'olaf.bergeson', 'lauren.j.oesterle', 'taylor.macewen15', 'tsmith13', 'cheng5', 'blake.stro', 'ramesu', 'songj6', 'duch.jonah', 'yuey3', 'konopz', 'iroq8flyers', 'blancl', 'libbybrundage1', 'piettt', 'yanh3', 'vanbea.pikes', 'eveillette', 'michalkabrian', 'tanjiawei100', 'jamielfreitag', 'milles35', 'scottpeters1995', '3davideo', 'trjrfly', None, 'aronmarkle', 'leibakbak123', 'obolonduro', 'lotteb', 'icey', 'kinef', 'zach.baierl', 'reny2', 'wholea']"
14,189,39,16,12,"['emklaski14', 'khonds', 'michalkabrian', 'zhouz4', 'portep2', 'duch.jonah', 'lauren.j.oesterle', 'milles35', 'jahearneray', 'olaf.bergeson', 'konopz', 'trjrfly']",26,"['erinev', 'andrewehlers1994', 'moralj3', 'taylor.macewen15', 'cheng5', 'blake.stro', 'songj6', 'yuey3', 'iroq8flyers', 'libbybrundage1', 'blancl', 'piettt', 'vanbea.pikes', 'eveillette', 'tanjiawei100', 'jamielfreitag', 'scottpeters1995', '3davideo', 'aronmarkle', 'leibakbak123', 'obolonduro', 'lotteb', 'icey', 'zach.baierl', 'reny2', 'wholea']",4,"[None, 'ramesu', 'howarw2', 'kinef']",42,"['howarw2', 'erinev', 'emklaski14', 'andrewehlers1994', 'khonds', 'portep2', 'zhouz4', 'moralj3', 'jahearneray', 'olaf.bergeson', 'lauren.j.oesterle', 'taylor.macewen15', 'cheng5', 'blake.stro', 'ramesu', 'songj6', 'duch.jonah', 'yuey3', 'konopz', 'iroq8flyers', 'blancl', 'libbybrundage1', 'piettt', 'vanbea.pikes', 'eveillette', 'michalkabrian', 'tanjiawei100', 'jamielfreitag', 'milles35', 'scottpeters1995', '3davideo', 'trjrfly', None, 'aronmarkle', 'leibakbak123', 'obolonduro', 'lotteb', 'icey', 'kinef', 'zach.baierl', 'reny2', 'wholea']"
14,319,39,15,13,"['emklaski14', 'michalkabrian', 'zhouz4', 'tanjiawei100', 'duch.jonah', 'portep2', 'lauren.j.oesterle', 'milles35', 'jahearneray', 'olaf.bergeson', 'konopz', 'trjrfly', 'wholea']",25,"['erinev', 'andrewehlers1994', 'khonds', 'moralj3', 'taylor.macewen15', 'cheng5', 'blake.stro', 'songj6', 'yuey3', 'iroq8flyers', 'libbybrundage1', 'blancl', 'piettt', 'vanbea.pikes', 'eveillette', 'jamielfreitag', 'scottpeters1995', '3davideo', 'aronmarkle', 'leibakbak123', 'obolonduro', 'lotteb', 'icey', 'zach.baierl', 'reny2']",2,"[None, 'kinef']",40,"['erinev', 'emklaski14', 'andrewehlers1994', 'khonds', 'portep2', 'zhouz4', 'moralj3', 'jahearneray', 'olaf.bergeson', 'lauren.j.oesterle', 'taylor.macewen15', 'cheng5', 'blake.stro', 'songj6', 'duch.jonah', 'yuey3', 'konopz', 'iroq8flyers', 'blancl', 'libbybrundage1', 'piettt', 'vanbea.pikes', 'eveillette', 'michalkabrian', 'tanjiawei100', 'jamielfreitag', 'milles35', 'scottpeters1995', '3davideo', 'trjrfly', None, 'aronmarkle', 'leibakbak123', 'obolonduro', 'lotteb', 'icey', 'kinef', 'zach.baierl', 'reny2', 'wholea']"
14,325,39,14,12,"['emklaski14', 'khonds', 'michalkabrian', 'zhouz4', 'portep2', 'duch.jonah', 'milles35', 'jahearneray', 'olaf.bergeson', 'konopz', 'trjrfly', 'libbybrundage1']",26,"['erinev', 'andrewehlers1994', 'moralj3', 'lauren.j.oesterle', 'taylor.macewen15', 'cheng5', 'blake.stro', 'songj6', 'yuey3', 'iroq8flyers', 'blancl', 'piettt', 'vanbea.pikes', 'eveillette', 'tanjiawei100', 'jamielfreitag', 'scottpeters1995', '3davideo', 'aronmarkle', 'leibakbak123', 'obolonduro', 'lotteb', 'icey', 'zach.baierl', 'reny2', 'wholea']",2,"['ramesu', None]",40,"['erinev', 'emklaski14', 'andrewehlers1994', 'khonds', 'portep2', 'zhouz4', 'moralj3', 'jahearneray', 'olaf.bergeson', 'lauren.j.oesterle', 'taylor.macewen15', 'cheng5', 'blake.stro', 'ramesu', 'songj6', 'duch.jonah', 'yuey3', 'konopz', 'iroq8flyers', 'blancl', 'libbybrundage1', 'piettt', 'vanbea.pikes', 'eveillette', 'michalkabrian', 'tanjiawei100', 'jamielfreitag', 'milles35', 'scottpeters1995', '3davideo', 'trjrfly', None, 'aronmarkle', 'leibakbak123', 'obolonduro', 'lotteb', 'icey', 'zach.baierl', 'reny2', 'wholea']"
15,140,35,27,16,"['pherr123', '1234567_890', 'crazy4drag0ns', 'feichenyang1993', 'shaoqing930428', 'fangfeieasy', 'ryananders95', 'tavonwin', 'jinzo.dragoon', 'dev926x', 'joeyandrews9211', 'wadewilson12', 'jessicalin2001', 'stevennoyce', 'kate_price', 'mbattles1307']",18,"['aa3780', 'joshua.smith', 'alvydas', 'haherrera', 'sirhc27', 'mariogp', 'bl2584', 'cy2392', 'jacastillo8', 'bardelinkes', 'msolis', 'ergonzalez', 'damla.dimlioglu', 'hasanphy88', 'gc2662', 'rschmechel', 'gerika623', 'dmc2202']",11,"['amh80', 'flipflyfall', 'ben.li.33633', 'chenqizhao', 'stevenandbritneynoyce', 'lash81', 'naivednmy', 'ham22', 'stevenkatso2', None, 'zhuseashell']",45,"['feichenyang1993', 'ryananders95', 'sirhc27', 'chenqizhao', 'lash81', 'cy2392', 'jacastillo8', 'bardelinkes', 'msolis', 'jessicalin2001', 'damla.dimlioglu', 'hasanphy88', 'kate_price', 'stevenkatso2', 'zhuseashell', 'flipflyfall', 'shaoqing930428', 'haherrera', 'jinzo.dragoon', 'tavonwin', 'mariogp', 'dev926x', 'bl2584', 'ham22', 'aa3780', 'amh80', 'joshua.smith', 'ergonzalez', 'naivednmy', 'joeyandrews9211', 'wadewilson12', 'mbattles1307', None, 'gerika623', 'dmc2202', '1234567_890', 'pherr123', 'alvydas', 'fangfeieasy', 'stevenandbritneynoyce', 'gc2662', 'stevennoyce', 'crazy4drag0ns', 'ben.li.33633', 'rschmechel']"
15,163,35,20,14,"['1234567_890', 'crazy4drag0ns', 'shaoqing930428', 'fangfeieasy', 'ryananders95', 'tavonwin', 'jinzo.dragoon', 'dev926x', 'joeyandrews9211', 'wadewilson12', 'jessicalin2001', 'stevennoyce', 'kate_price', 'mbattles1307']",20,"['feichenyang1993', 'sirhc27', 'cy2392', 'jacastillo8', 'bardelinkes', 'msolis', 'damla.dimlioglu', 'hasanphy88', 'haherrera', 'mariogp', 'bl2584', 'aa3780', 'joshua.smith', 'ergonzalez', 'gerika623', 'dmc2202', 'pherr123', 'alvydas', 'gc2662', 'rschmechel']",6,"['flipflyfall', 'chenqizhao', 'lash81', 'naivednmy', None, 'zhuseashell']",40,"['feichenyang1993', 'ryananders95', 'sirhc27', 'chenqizhao', 'lash81', 'cy2392', 'jacastillo8', 'bardelinkes', 'msolis', 'jessicalin2001', 'damla.dimlioglu', 'hasanphy88', 'kate_price', 'zhuseashell', 'flipflyfall', 'shaoqing930428', 'haherrera', 'jinzo.dragoon', 'tavonwin', 'mariogp', 'dev926x', 'bl2584', 'aa3780', 'joshua.smith', 'ergonzalez', 'naivednmy', 'joeyandrews9211', 'wadewilson12', 'mbattles1307', None, 'gerika623', 'dmc2202', '1234567_890', 'pherr123', 'alvydas', 'fangfeieasy', 'gc2662', 'stevennoyce', 'crazy4drag0ns', 'rschmechel']"
15,141,35,13,6,"['haherrera', 'sirhc27', 'mariogp', 'ergonzalez', 'jacastillo8', 'gerika623']",28,"['feichenyang1993', 'ryananders95', 'cy2392', 'msolis', 'bardelinkes', 'jessicalin2001', 'damla.dimlioglu', 'hasanphy88', 'kate_price', 'shaoqing930428', 'jinzo.dragoon', 'tavonwin', 'dev926x', 'bl2584', 'aa3780', 'joshua.smith', 'joeyandrews9211', 'wadewilson12', 'mbattles1307', 'dmc2202', '1234567_890', 'pherr123', 'alvydas', 'fangfeieasy', 'gc2662', 'stevennoyce', 'crazy4drag0ns', 'rschmechel']",7,"['ali.ajam', 'junaid4433', 'nishat123', 'justinkellogg', 'mukheshkumar.koripalli01', None, 'hhuq']",41,"['feichenyang1993', 'ryananders95', 'sirhc27', 'cy2392', 'jacastillo8', 'bardelinkes', 'msolis', 'jessicalin2001', 'damla.dimlioglu', 'hasanphy88', 'kate_price', 'justinkellogg', 'hhuq', 'ali.ajam', 'shaoqing930428', 'haherrera', 'jinzo.dragoon', 'tavonwin', 'mariogp', 'dev926x', 'bl2584', 'aa3780', 'junaid4433', 'joshua.smith', 'ergonzalez', 'joeyandrews9211', 'wadewilson12', 'mbattles1307', None, 'gerika623', 'dmc2202', '1234567_890', 'pherr123', 'alvydas', 'fangfeieasy', 'nishat123', 'gc2662', 'mukheshkumar.koripalli01', 'stevennoyce', 'crazy4drag0ns', 'rschmechel']"
15,142,35,8,5,"['aa3780', 'bl2584', 'gc2662', 'msolis', 'damla.dimlioglu']",29,"['feichenyang1993', 'ryananders95', 'sirhc27', 'cy2392', 'jacastillo8', 'bardelinkes', 'jessicalin2001', 'hasanphy88', 'kate_price', 'shaoqing930428', 'haherrera', 'jinzo.dragoon', 'tavonwin', 'mariogp', 'dev926x', 'joshua.smith', 'ergonzalez', 'joeyandrews9211', 'wadewilson12', 'mbattles1307', 'gerika623', 'dmc2202', '1234567_890', 'pherr123', 'alvydas', 'fangfeieasy', 'stevennoyce', 'crazy4drag0ns', 'rschmechel']",3,"['talha008', None, 'aa3559']",37,"['feichenyang1993', 'ryananders95', 'sirhc27', 'cy2392', 'jacastillo8', 'bardelinkes', 'msolis', 'jessicalin2001', 'damla.dimlioglu', 'hasanphy88', 'kate_price', 'shaoqing930428', 'haherrera', 'jinzo.dragoon', 'tavonwin', 'mariogp', 'dev926x', 'bl2584', 'talha008', 'aa3780', 'joshua.smith', 'ergonzalez', 'joeyandrews9211', 'wadewilson12', 'aa3559', 'mbattles1307', None, 'gerika623', 'dmc2202', '1234567_890', 'pherr123', 'alvydas', 'fangfeieasy', 'gc2662', 'stevennoyce', 'crazy4drag0ns', 'rschmechel']"
16,190,34,92,13,"['jonbaebae', 'xsun45', 'bridgette.lafaye', 'xlz.287', 'zohair2', 'jeoneil6', 'hugo17.wang', 'mchang14', 'zjcszzl0615', 'zhaber2', 'harrisian84', 'vkhanna3', 'ychu18']",20,"['adbrown3', 'kemehan654', 'hsheng3', 'qiujiezhao1994', 'andi950926', 'emfoley14', 'pakelti2', 'ndunlap2', 'samsrajer', 'kagebei2', 'perozek2', 'vasyltheonly', 'ychen254', 'histoscienology', 'zhoffm', 'jxiong7', 'ecyoung', 'buhl2', 'amber.snil', 'samhalpern58']",79,"['amogharavi1', 'slohman2', 'yaoyao5', 'dcschmi2', 'drew.wise.10', 'goszkow2', 'cmander4', 'jsshin3', 'pbehera2', 'hzhan126', 'jkim526', 'sbumbles96', 'tcalder2', 'ellenhuang', 'alanwu3', 'jlstein3', 'jackylu2', 'kuo20', 'toriyam2', 'etchiso2', 'mtschro3', 'echoma', 'cwang112', 'wtroth2', 'mepaul2', 'kjnnngs2', 'zzhan134', 'scorchnoxap', 'jhbaker3', 'nuanes2', 'mizhou2', 'jakrogst', 'liam', 'cdeegan2', 'pross4', 'jhuang84', 'dexterballou', 'dzhang37', None, 'yiyue.luo.9', 'maggana2', 'berglun2', 'zlong4', 'liyirou', 'ncadler2', 'rzhang80', 'jhmead2', 'jacob.dutler', 'aladd2', 'acao5', 'jconfor2', 'balung18', 'fiszbei2', 'akim102', 'sdhanak1', 'crickettay13', 'jputhuvelil95', 'mckillo2', 'trskwsk2', 'meiselm2', 'dfrosen2', 'slee503', 'thiruve2', 'rwlandi2', 'ramansbach', 'jytan2', 'reningr2', 'sapsfor2', 'nayung36', 'jshi3120', 'mclawso2', 'ychen375', 'jzhan142', 'arovgno', 'aokisang', 'cnsteve2', 'zafar3', 'yhuan127', 'hallorn2']",112,"['adbrown3', 'kemehan654', 'amogharavi1', 'rzhang80', 'hsheng3', 'jhmead2', 'zohair2', 'qiujiezhao1994', 'slohman2', 'yaoyao5', 'jacob.dutler', 'dcschmi2', 'aladd2', 'acao5', 'drew.wise.10', 'goszkow2', 'jconfor2', 'ndunlap2', 'hallorn2', 'balung18', 'cmander4', 'zhaber2', 'jsshin3', 'fiszbei2', 'akim102', 'sdhanak1', 'perozek2', 'pbehera2', 'crickettay13', 'xsun45', 'jputhuvelil95', 'hzhan126', 'jkim526', 'sbumbles96', 'mckillo2', 'trskwsk2', 'tcalder2', 'ellenhuang', 'alanwu3', 'jlstein3', 'jackylu2', 'kuo20', 'meiselm2', 'toriyam2', 'etchiso2', 'ychen254', 'mtschro3', 'echoma', 'dfrosen2', 'histoscienology', 'zhoffm', 'hugo17.wang', 'cwang112', 'slee503', 'thiruve2', 'wtroth2', 'mepaul2', 'ecyoung', 'kjnnngs2', 'rwlandi2', 'zzhan134', 'buhl2', 'ramansbach', 'jonbaebae', 'scorchnoxap', 'xlz.287', 'bridgette.lafaye', 'jytan2', 'andi950926', 'reningr2', 'vkhanna3', 'emfoley14', 'pakelti2', 'sapsfor2', 'nayung36', 'jshi3120', 'jhbaker3', 'nuanes2', 'mclawso2', 'jeoneil6', 'ychen375', 'samsrajer', 'kagebei2', 'jzhan142', 'mizhou2', 'arovgno', 'jakrogst', 'aokisang', 'liam', 'cnsteve2', 'cdeegan2', 'pross4', 'jhuang84', 'dexterballou', 'zjcszzl0615', 'vasyltheonly', 'zafar3', 'harrisian84', 'ychu18', 'dzhang37', None, 'yiyue.luo.9', 'maggana2', 'berglun2', 'zlong4', 'mchang14', 'liyirou', 'jxiong7', 'yhuan127', 'amber.snil', 'ncadler2', 'samhalpern58']"
16,106,34,72,30,"['adbrown3', 'kemehan654', 'jonbaebae', 'hsheng3', 'xlz.287', 'bridgette.lafaye', 'zohair2', 'qiujiezhao1994', 'emfoley14', 'pakelti2', 'ndunlap2', 'jeoneil6', 'samsrajer', 'kagebei2', 'zhaber2', 'perozek2', 'zjcszzl0615', 'vasyltheonly', 'harrisian84', 'ychu18', 'ychen254', 'histoscienology', 'zhoffm', 'hugo17.wang', 'mchang14', 'jxiong7', 'ecyoung', 'buhl2', 'amber.snil', 'samhalpern58']",3,"['xsun45', 'vkhanna3', 'andi950926']",42,"['ramansbach', 'mingye.gao', 'zachary.zhai.1', 'fkosasi2', 'mehan2', 'jjacksn', 'mbmoy2', 'teng10', 'trgordo2', 'drew.wise.10', 'gracepakeltis', 'mlandi6', 'takekuma', 'emilyturner', 'willwheelera', 'mpunuk', 'cnlopes12', 'lafaye2', 'fsalman2', 'sdhanak1', 'warpins2', 'jkim561', 'mchu5', 'qinglin2', 'reisber2', 'dsch33', 'a.schleife', None, 'cwojtan', 'shoughton625', 'slipperyjack007', 'mmkurth2', 'alvinlvalysa', 'shoppe3', 'jinpeng.zhuo', 'gcnelson33', 'slbecke2', '17staru', 'dpfoste2', 'bjanice2', 'jylin4', 'mingxu1128']",75,"['adbrown3', 'kemehan654', 'fkosasi2', 'hsheng3', 'mbmoy2', 'zohair2', 'qiujiezhao1994', 'teng10', 'drew.wise.10', 'ndunlap2', 'gracepakeltis', 'mingxu1128', 'takekuma', 'emilyturner', 'zhaber2', 'lafaye2', 'sdhanak1', 'jkim561', 'perozek2', 'mchu5', 'qinglin2', 'xsun45', 'reisber2', 'a.schleife', 'cwojtan', 'ychen254', 'mmkurth2', 'histoscienology', 'zhoffm', 'hugo17.wang', 'alvinlvalysa', 'jinpeng.zhuo', 'gcnelson33', 'slbecke2', 'ecyoung', 'dpfoste2', 'buhl2', 'ramansbach', 'mingye.gao', 'jonbaebae', 'zachary.zhai.1', 'mehan2', 'jjacksn', 'xlz.287', 'bridgette.lafaye', 'andi950926', 'vkhanna3', 'trgordo2', 'emfoley14', 'pakelti2', 'mlandi6', 'jeoneil6', 'samsrajer', 'willwheelera', 'kagebei2', 'cnlopes12', 'mpunuk', 'fsalman2', 'warpins2', 'dsch33', 'zjcszzl0615', 'vasyltheonly', 'harrisian84', 'ychu18', 'shoughton625', None, 'slipperyjack007', 'shoppe3', 'mchang14', 'jxiong7', '17staru', 'bjanice2', 'jylin4', 'amber.snil', 'samhalpern58']"
16,7,34,55,27,"['adbrown3', 'kemehan654', 'jonbaebae', 'hsheng3', 'xlz.287', 'bridgette.lafaye', 'qiujiezhao1994', 'andi950926', 'emfoley14', 'ndunlap2', 'jeoneil6', 'samsrajer', 'kagebei2', 'zhaber2', 'perozek2', 'vasyltheonly', 'harrisian84', 'ychu18', 'ychen254', 'zhoffm', 'hugo17.wang', 'mchang14', 'jxiong7', 'ecyoung', 'buhl2', 'amber.snil', 'samhalpern58']",6,"['pakelti2', 'xsun45', 'histoscienology', 'zohair2', 'zjcszzl0615', 'vkhanna3']",28,"['snzhang371', 'ramansbach', 'zachary.zhai.1', 'fkosasi2', 'mbmoy2', 'teng10', 'bacchanalianomark', 'chunxu2', 'mlandi6', 'cnlopes12', 'anahitakagti', 'sdhanak1', 'jkim561', 'shenxinrusue', 'wonder112826', 'reisber2', 'dsch33', 'a.schleife', 'lgwarpinski', None, 'cwojtan', 'shoughton625', 'siyi.xu.180', 'hhardin2', 'mmkurth2', 'jinpeng.zhuo', 'dpfoste2', 'jylin4']",61,"['adbrown3', 'kemehan654', 'fkosasi2', 'hsheng3', 'mbmoy2', 'zohair2', 'qiujiezhao1994', 'teng10', 'bacchanalianomark', 'ndunlap2', 'zhaber2', 'sdhanak1', 'jkim561', 'shenxinrusue', 'perozek2', 'wonder112826', 'reisber2', 'xsun45', 'a.schleife', 'lgwarpinski', 'cwojtan', 'hhardin2', 'ychen254', 'mmkurth2', 'histoscienology', 'zhoffm', 'hugo17.wang', 'jinpeng.zhuo', 'ecyoung', 'dpfoste2', 'buhl2', 'snzhang371', 'ramansbach', 'jonbaebae', 'zachary.zhai.1', 'xlz.287', 'bridgette.lafaye', 'andi950926', 'vkhanna3', 'chunxu2', 'emfoley14', 'pakelti2', 'mlandi6', 'jeoneil6', 'samsrajer', 'kagebei2', 'cnlopes12', 'anahitakagti', 'dsch33', 'zjcszzl0615', 'vasyltheonly', 'harrisian84', 'ychu18', 'shoughton625', None, 'siyi.xu.180', 'mchang14', 'jxiong7', 'jylin4', 'amber.snil', 'samhalpern58']"
16,36,34,15,1,['ecyoung'],32,"['adbrown3', 'kemehan654', 'jonbaebae', 'hsheng3', 'xlz.287', 'bridgette.lafaye', 'zohair2', 'qiujiezhao1994', 'andi950926', 'vkhanna3', 'emfoley14', 'pakelti2', 'ndunlap2', 'jeoneil6', 'samsrajer', 'kagebei2', 'zhaber2', 'perozek2', 'xsun45', 'zjcszzl0615', 'vasyltheonly', 'harrisian84', 'ychu18', 'ychen254', 'histoscienology', 'zhoffm', 'hugo17.wang', 'mchang14', 'jxiong7', 'buhl2', 'amber.snil', 'samhalpern58']",14,"['ndecraene', 'operabc6', 'mengwu4', 'jdolins21', 'blew2', 'nethert2', 'salman2', 'cychan3', None, 'hmtaylo2', 'bomcdon2', 'liupufan', 'kurmanba1', 'ychen22']",47,"['adbrown3', 'kemehan654', 'ndecraene', 'jonbaebae', 'hsheng3', 'xlz.287', 'bridgette.lafaye', 'zohair2', 'qiujiezhao1994', 'andi950926', 'vkhanna3', 'ychen22', 'emfoley14', 'pakelti2', 'ndunlap2', 'blew2', 'jeoneil6', 'samsrajer', 'kagebei2', 'zhaber2', 'kurmanba1', 'perozek2', 'mengwu4', 'jdolins21', 'xsun45', 'nethert2', 'salman2', 'zjcszzl0615', 'cychan3', 'vasyltheonly', 'harrisian84', 'ychu18', 'liupufan', None, 'operabc6', 'ychen254', 'histoscienology', 'zhoffm', 'hugo17.wang', 'mchang14', 'jxiong7', 'ecyoung', 'hmtaylo2', 'bomcdon2', 'buhl2', 'amber.snil', 'samhalpern58']"
16,35,34,6,1,['ecyoung'],32,"['adbrown3', 'kemehan654', 'jonbaebae', 'hsheng3', 'xlz.287', 'bridgette.lafaye', 'zohair2', 'qiujiezhao1994', 'andi950926', 'vkhanna3', 'emfoley14', 'pakelti2', 'ndunlap2', 'jeoneil6', 'samsrajer', 'kagebei2', 'zhaber2', 'perozek2', 'xsun45', 'zjcszzl0615', 'vasyltheonly', 'harrisian84', 'ychu18', 'ychen254', 'histoscienology', 'zhoffm', 'hugo17.wang', 'mchang14', 'jxiong7', 'buhl2', 'amber.snil', 'samhalpern58']",5,"['nethert2', 'lyding', None, 'bomcdon2', 'liupufan']",38,"['adbrown3', 'kemehan654', 'jonbaebae', 'hsheng3', 'xlz.287', 'bridgette.lafaye', 'zohair2', 'qiujiezhao1994', 'lyding', 'andi950926', 'vkhanna3', 'emfoley14', 'pakelti2', 'ndunlap2', 'jeoneil6', 'samsrajer', 'kagebei2', 'zhaber2', 'perozek2', 'xsun45', 'nethert2', 'zjcszzl0615', 'vasyltheonly', 'harrisian84', 'ychu18', None, 'liupufan', 'ychen254', 'histoscienology', 'zhoffm', 'hugo17.wang', 'mchang14', 'jxiong7', 'ecyoung', 'bomcdon2', 'buhl2', 'amber.snil', 'samhalpern58']"
17,313,30,41,21,"['jaosnlp11', 'wizardnumber', 'lksh1993', 'echoecho', 'littlepandayan', 'shuangshuang', 'liuhao901008', 'nanbo8', 'wuzecheng2', 'jzf132696254', 'jzf1326962549', 'lksh1992', 'hyang31', 'nanbo1', 'jianzhao', 'echoshuang', 'blroc1992', 'echo1993', 'atu1', 'jzf132696254969', 'jzf13269625496']",8,"['chuck901008', 'rmax04', 'will91', 'weijiake3110', 'goyal.suman312', 'qingcao2', 'rockysu', 'andrea.gnisci']",20,"['elp15sbs', 'q1091551527', 'zulhilmymohamed', 'xuhao1209', 'jasonlp11', 'bxu11', 'ading1', 'sunrish', 'elp15yn', 'wangshuo0514', 'nawal1516', 'hswyxym', 'lhao1', 'demose', None, 'arthurfteelee', 'sxy4869', 'ykn2814', 'wli34', 'cs24451']",49,"['q1091551527', 'jasonlp11', 'jaosnlp11', 'bxu11', 'liuhao901008', 'nanbo8', 'ading1', 'wangshuo0514', 'lksh1992', 'rmax04', 'hyang31', 'jianzhao', 'echoshuang', 'blroc1992', 'arthurfteelee', 'echo1993', 'sxy4869', 'goyal.suman312', 'atu1', 'nanbo1', 'jzf132696254969', 'jzf13269625496', 'andrea.gnisci', 'will91', 'elp15sbs', 'zulhilmymohamed', 'xuhao1209', 'wizardnumber', 'lksh1993', 'chuck901008', 'echoecho', 'littlepandayan', 'shuangshuang', 'wuzecheng2', 'jzf132696254', 'sunrish', 'elp15yn', 'rockysu', 'jzf1326962549', 'nawal1516', 'hswyxym', 'weijiake3110', 'lhao1', 'qingcao2', 'demose', None, 'ykn2814', 'wli34', 'cs24451']"
18,19,29,20,13,"['rfukuda', 'stocknerd', 'zhelin.sun', 'yyg0102', 'uditparekh', 'jyh063', 'eeggooss', 'kevmoses', 'lhossain', 'georgehma', 'pritesh1990', 'nbiekert', 'fahykt']",15,"['zhihuan.wang', 'cbailey93', 'goanfigher', 'kendrick.lemke', 'mohsenmnd', 'avera0513', 'mozhik007', 'ankitshrm11', 'vishextc4u', 'klborowski', 'sahayshubham', 'sdeka', 'cyryl.abidi', 'wistey', 'yingda93']",7,"['chh162', 'yay079', 'raihanbd89', 'bix006', None, 'p1jain', 'brettkercher']",35,"['rfukuda', 'chh162', 'yay079', 'avera0513', 'eeggooss', 'bix006', 'nbiekert', 'cyryl.abidi', 'fahykt', 'zhihuan.wang', 'cbailey93', 'goanfigher', 'mohsenmnd', 'mozhik007', 'georgehma', 'sdeka', 'brettkercher', 'stocknerd', 'kendrick.lemke', 'zhelin.sun', 'ankitshrm11', 'raihanbd89', 'pritesh1990', 'sahayshubham', 'wistey', 'yingda93', None, 'yyg0102', 'uditparekh', 'vishextc4u', 'klborowski', 'kevmoses', 'lhossain', 'jyh063', 'p1jain']"
18,18,29,18,3,"['cbailey93', 'klborowski', 'avera0513']",25,"['rfukuda', 'eeggooss', 'cyryl.abidi', 'nbiekert', 'fahykt', 'zhihuan.wang', 'goanfigher', 'mohsenmnd', 'mozhik007', 'georgehma', 'sdeka', 'stocknerd', 'kendrick.lemke', 'zhelin.sun', 'ankitshrm11', 'pritesh1990', 'sahayshubham', 'wistey', 'yingda93', 'yyg0102', 'uditparekh', 'vishextc4u', 'kevmoses', 'lhossain', 'jyh063']",15,"['skit13', 'mendozaj', 'brikman23', 'eoberlaender', 'znw2', 'ndiez', 'ndirocco', 'khalidalzayed', 'amissiego', 'anvera0513', 'jpanikulam', None, 'teddyj', 'linglin', 'sanchez.franklin.27']",43,"['rfukuda', 'mendozaj', 'brikman23', 'avera0513', 'eeggooss', 'khalidalzayed', 'amissiego', 'nbiekert', 'cyryl.abidi', 'fahykt', 'zhihuan.wang', 'cbailey93', 'goanfigher', 'mohsenmnd', 'mozhik007', 'georgehma', 'sdeka', 'stocknerd', 'kendrick.lemke', 'zhelin.sun', 'eoberlaender', 'ankitshrm11', 'anvera0513', 'pritesh1990', 'sahayshubham', 'wistey', 'yingda93', None, 'ndiez', 'linglin', 'skit13', 'yyg0102', 'znw2', 'uditparekh', 'ndirocco', 'vishextc4u', 'klborowski', 'kevmoses', 'lhossain', 'jpanikulam', 'jyh063', 'teddyj', 'sanchez.franklin.27']"
18,17,29,16,1,['ankitshrm11'],27,"['rfukuda', 'avera0513', 'eeggooss', 'cyryl.abidi', 'nbiekert', 'fahykt', 'zhihuan.wang', 'cbailey93', 'goanfigher', 'mohsenmnd', 'mozhik007', 'georgehma', 'sdeka', 'stocknerd', 'kendrick.lemke', 'zhelin.sun', 'pritesh1990', 'sahayshubham', 'wistey', 'yingda93', 'yyg0102', 'uditparekh', 'vishextc4u', 'klborowski', 'kevmoses', 'lhossain', 'jyh063']",15,"['cquinker', 'ksingha', 'rajagopv', 'skubicjj', 'dweinstein0', 'ewilson000', 'xue76', 'aankit', 'sun174', 'sandy8111112004', 'johnathanw584', 'chuanyean', 'amingcha', None, 'etopel']",43,"['rfukuda', 'rajagopv', 'skubicjj', 'sun174', 'avera0513', 'eeggooss', 'chuanyean', 'nbiekert', 'cyryl.abidi', 'fahykt', 'zhihuan.wang', 'cbailey93', 'cquinker', 'goanfigher', 'ksingha', 'mohsenmnd', 'sandy8111112004', 'mozhik007', 'johnathanw584', 'georgehma', 'sdeka', 'stocknerd', 'kendrick.lemke', 'zhelin.sun', 'aankit', 'ankitshrm11', 'pritesh1990', 'amingcha', 'sahayshubham', 'wistey', 'yingda93', None, 'dweinstein0', 'ewilson000', 'xue76', 'yyg0102', 'uditparekh', 'vishextc4u', 'klborowski', 'kevmoses', 'lhossain', 'jyh063', 'etopel']"
20,104,27,21,19,"['krjustl', 'cyschang', 'zhuweidi', 'renanlribeiro', 'was2220', 'tmurrey', 'abelliveau', 'hyhbrigitte', 'kclarevalentine', 'ashelyug', 'hyhbrigitte209', 'ckoshnick', 'ponds007', 'licaichn', 'etconley', 'camason85', 'khoke', 'kaichung', 'zhangph92']",7,"['wilsmith', 'viktor.v.poltavets', 'gkim8', 'lli104', 'marcelt', 'oncu', 'karnano']",2,"['sg630', None]",28,"['krjustl', 'cyschang', 'zhuweidi', 'lli104', 'marcelt', 'renanlribeiro', 'karnano', 'was2220', 'tmurrey', 'abelliveau', 'hyhbrigitte', 'wilsmith', 'kclarevalentine', 'ashelyug', 'hyhbrigitte209', 'sg630', 'ckoshnick', 'gkim8', 'oncu', 'ponds007', None, 'licaichn', 'camason85', 'etconley', 'khoke', 'kaichung', 'viktor.v.poltavets', 'zhangph92']"
20,105,27,17,2,"['lli104', 'gkim8']",24,"['krjustl', 'cyschang', 'zhuweidi', 'marcelt', 'renanlribeiro', 'karnano', 'was2220', 'tmurrey', 'abelliveau', 'hyhbrigitte', 'wilsmith', 'kclarevalentine', 'ashelyug', 'hyhbrigitte209', 'ckoshnick', 'ponds007', 'oncu', 'licaichn', 'camason85', 'etconley', 'khoke', 'kaichung', 'viktor.v.poltavets', 'zhangph92']",15,"['qhe6', 'hasier', 'jmccarle324', 'mashuri', 'moralist', 'lgao7', 'yzeng13', 'carlosamor5', 'kho2', 'dmontone', 'jcao16', None, 'karansahni14', 'chenlin7351', 'santonov']",41,"['krjustl', 'hasier', 'cyschang', 'mashuri', 'lgao7', 'zhuweidi', 'carlosamor5', 'lli104', 'kho2', 'marcelt', 'renanlribeiro', 'karnano', 'karansahni14', 'santonov', 'was2220', 'tmurrey', 'abelliveau', 'dmontone', 'jcao16', 'hyhbrigitte', 'qhe6', 'jmccarle324', 'wilsmith', 'kclarevalentine', 'moralist', 'ashelyug', 'hyhbrigitte209', 'yzeng13', 'ckoshnick', 'gkim8', 'oncu', 'ponds007', None, 'licaichn', 'camason85', 'etconley', 'khoke', 'kaichung', 'viktor.v.poltavets', 'zhangph92', 'chenlin7351']"
21,156,26,31,24,"['jakshay357', 'amishkeniya333', 'rathod.anuj13', 'anuragsurve94', 'mac.16feb', 'punnu', 'bsonparote', 'sumitshukla871994', 'anuragsngh517', 'sanket.shinde', 'vivekkalambate002', 'aakashpandit366', 'sayli.220894', 'aniketkumbhar20', 'mhatre.saurabh8', 'raghavandra1403', 'patel.maitray31', 'sanjajt', 'pandeyshivam816', 'rakshitkamath', 'luxcozibaniyan', 'foramvashi18', 'manasikarle22', 'variajatin86']",1,['teslacheng'],7,"['siddheshkawle1994', 'akshaymg29', 'ajaykumbhar63', 'sy16778', 'yjain3105', None, 'gsudevan.gs']",32,"['jakshay357', 'siddheshkawle1994', 'amishkeniya333', 'rathod.anuj13', 'anuragsurve94', 'teslacheng', 'mac.16feb', 'punnu', 'bsonparote', 'sumitshukla871994', 'anuragsngh517', 'yjain3105', 'gsudevan.gs', 'sanket.shinde', 'akshaymg29', 'sy16778', 'vivekkalambate002', 'aakashpandit366', 'sayli.220894', 'aniketkumbhar20', 'mhatre.saurabh8', 'raghavandra1403', 'patel.maitray31', 'sanjajt', 'pandeyshivam816', 'rakshitkamath', None, 'luxcozibaniyan', 'foramvashi18', 'manasikarle22', 'ajaykumbhar63', 'variajatin86']"
23,55,24,19,18,"['andresnino95', 'vivians.otalorag93', 'anderr.santos', 'dianap.roblesa', 'danielaroserob123', 'jonathanotalor', 'mariap.marinezn', 'mariap.castrog', 'jose_salinas2210', 'erikalanturir', 'danielram1234', 'marcoska669', 'monicaa.segurad', 'andreac.solanos', 'fabiana.bustosm', 'kalinalopezblanco', 'juanc.escobarj', 'alis']",5,"['findraghu', 'abriggs', 'sharmin12infs', 'mefrench17', 'hussainknowledge']",1,[None],24,"['andresnino95', 'danielaroserob123', 'findraghu', 'jonathanotalor', 'mefrench17', 'hussainknowledge', 'jose_salinas2210', 'erikalanturir', 'marcoska669', 'fabiana.bustosm', 'abriggs', 'danielram1234', 'kalinalopezblanco', 'alis', None, 'vivians.otalorag93', 'anderr.santos', 'mariap.marinezn', 'mariap.castrog', 'monicaa.segurad', 'sharmin12infs', 'andreac.solanos', 'dianap.roblesa', 'juanc.escobarj']"
24,240,24,90,3,"['aartipatel', 'dharanidar123', 'kavyathokala']",20,"['blessingmeshach', 'robinhood15031503', 'rohitom', 'marcofratus', 'daiki.k.1211.graupel', 'xavicoel', 'kcondinho', 'theodorakarin', 'cleomaloos', 'saurav.puri', 'matheus1618', 'krodger', 'kunda93', 'motobiker91', 'dmitc32', 'bjornchristensen', '01joeeoj10', 'bellmanz', 'monibanwar', 'nucbrick']",87,"['muralisaiavinash', 'rahulenukonda525', 'mahalepriyaja', 'harshavardhanvarmavegesna', 'eedupuganti07', 'srikanthr9', 'nishat1801', 'parikhchirag29', 'mohithakshay', 'harshpathak', 'achala', 'anveshkankanala', 'muthu35', 'ravikiran19', 'narapa', 'tushar033', 'poojatrivedi', 'pruthvipatel1992', 'kashyap09ec71', 'patel.akash102', 'bansari21', 'saisatwickyadav', '802769935jj', 'poyani_mehta', 'chinthalapally13', 'kevinharish40', 'binayb175', 'furquan', 'veeru', 'manishareddytera', 'p.rathod', 'meen83', 'engpeacock', 'trinath90', 'kancharla0113', 'teja999', 'vanimerugu', 'manivykuntam', None, 'pritipatel59', 'sathiriv', 'venki09443', 'ramyanaine11', 'mannamanoj1', 'shreeyash6', 'marneni01', 'razavi_nader', 'sanjaymenaria', 'nareshmangali', 'himalidhaduk', 'pallugullu', 'geethesh', 'pavan.malay', 'sanketdesai14', 'chandusravanthi', 'rakeshyadav', 'fardad.falahati', 'manojtalluri.93', 'neeturaj', 'nader.razavi87', 'perumallakavya', 'pritipatel', 'anusha555', 'santhosh.y', 'akshaya1512', 'rakeshvandanapu7', 'nawaz316', 'adi250491', 'hem.metalia', 'ritvik03', 'shobhavaddineni', 'ramisetty12', 'anoop1992', 'deeppatel092', 'nikhila_banda', 'pavan51', 'sha6070sha', 'kruthiperumalla', 'targetrishi', 'mekalamanishyadav', 'dhruvil', 'manalipatel', 'haritha93', 'nagasai', 'tatikonda', 'pallavivenkatesh', 'pallavi90']",110,"['blessingmeshach', 'muralisaiavinash', 'robinhood15031503', 'mannamanoj1', 'rahulenukonda525', 'mahalepriyaja', 'shreeyash6', 'kcondinho', 'harshavardhanvarmavegesna', 'eedupuganti07', 'marneni01', 'razavi_nader', 'sanjaymenaria', 'srikanthr9', 'nareshmangali', 'nishat1801', 'saurav.puri', 'himalidhaduk', 'pallugullu', 'geethesh', 'parikhchirag29', 'krodger', 'pavan.malay', 'mohithakshay', 'harshpathak', 'sanketdesai14', 'achala', 'anveshkankanala', 'muthu35', 'ravikiran19', 'bjornchristensen', 'narapa', 'tushar033', 'chandusravanthi', 'rakeshyadav', 'fardad.falahati', 'poojatrivedi', 'manojtalluri.93', 'neeturaj', 'nader.razavi87', 'perumallakavya', 'pruthvipatel1992', 'bellmanz', 'kashyap09ec71', 'patel.akash102', 'pritipatel', 'anusha555', 'bansari21', 'saisatwickyadav', 'santhosh.y', 'monibanwar', '802769935jj', 'nucbrick', 'akshaya1512', 'poyani_mehta', 'chinthalapally13', 'rakeshvandanapu7', 'rohitom', 'kevinharish40', 'marcofratus', 'binayb175', 'daiki.k.1211.graupel', 'aartipatel', 'xavicoel', 'furquan', 'nawaz316', 'adi250491', 'hem.metalia', 'kavyathokala', 'veeru', 'ritvik03', 'theodorakarin', 'shobhavaddineni', 'cleomaloos', 'manishareddytera', 'p.rathod', 'ramisetty12', 'meen83', 'anoop1992', 'engpeacock', 'matheus1618', 'deeppatel092', 'trinath90', 'kancharla0113', 'nikhila_banda', 'kunda93', 'motobiker91', 'dmitc32', 'pavan51', 'teja999', 'vanimerugu', 'sha6070sha', '01joeeoj10', 'manivykuntam', None, 'pritipatel59', 'kruthiperumalla', 'dharanidar123', 'targetrishi', 'mekalamanishyadav', 'dhruvil', 'sathiriv', 'venki09443', 'manalipatel', 'ramyanaine11', 'haritha93', 'nagasai', 'tatikonda', 'pallavivenkatesh', 'pallavi90']"
24,6,24,17,10,"['theodorakarin', 'cleomaloos', 'robinhood15031503', 'bjornchristensen', 'saurav.puri', 'marcofratus', 'daiki.k.1211.graupel', 'monibanwar', 'matheus1618', 'bellmanz']",13,"['blessingmeshach', 'kunda93', 'motobiker91', 'dmitc32', 'dharanidar123', 'rohitom', 'xavicoel', 'aartipatel', '01joeeoj10', 'krodger', 'nucbrick', 'kavyathokala', 'kcondinho']",7,"['hrykaens', 'nehr1991', 'pramod.kilu', 'makku82', None, 'sam.sum41', 'tianheran']",30,"['blessingmeshach', 'pramod.kilu', 'robinhood15031503', 'rohitom', 'marcofratus', 'daiki.k.1211.graupel', 'aartipatel', 'xavicoel', 'kavyathokala', 'hrykaens', 'kcondinho', 'makku82', 'theodorakarin', 'cleomaloos', 'nehr1991', 'saurav.puri', 'matheus1618', 'krodger', 'kunda93', 'motobiker91', 'dmitc32', 'bjornchristensen', '01joeeoj10', 'bellmanz', None, 'tianheran', 'dharanidar123', 'monibanwar', 'nucbrick', 'sam.sum41']"
25,311,24,27,20,"['mara.vlcak', 'pone.fede', 'ciabeca.who', 'chiaracatgiu', 'pol93', 'luca.binci', 'marcocolang', 'giuliozorzi', 'phanthom003', 'pierre.edinger', 'andregemx', 'segantini_matteo', 'bobmaurice', 'daphnee.bosch', 'mar.comm.93', 'edo.cuni', 'nelloliguori94', 'michelepezzarossa', 'sammycerida', 'federico.panicco']",3,"['amnonrot', 'engineer_comingsoon', 'eran.mishuk']",7,"['marcello.palumbo21', 'alessandro.pilotto', 'sellierh', 'soumya_y', 'lutz.christophe', 'phelmaxime', None]",30,"['marcello.palumbo21', 'alessandro.pilotto', 'mara.vlcak', 'amnonrot', 'pone.fede', 'ciabeca.who', 'chiaracatgiu', 'engineer_comingsoon', 'pol93', 'luca.binci', 'eran.mishuk', 'marcocolang', 'giuliozorzi', 'phanthom003', 'pierre.edinger', 'lutz.christophe', 'andregemx', 'phelmaxime', None, 'segantini_matteo', 'bobmaurice', 'daphnee.bosch', 'mar.comm.93', 'edo.cuni', 'sellierh', 'soumya_y', 'nelloliguori94', 'michelepezzarossa', 'sammycerida', 'federico.panicco']"
25,310,24,26,15,"['chiaracatgiu', 'marcocolang', 'giuliozorzi', 'segantini_matteo', 'bobmaurice', 'daphnee.bosch', 'edo.cuni', 'federico.panicco', 'mara.vlcak', 'andregemx', 'michelepezzarossa', 'pol93', 'luca.binci', 'pone.fede', 'ciabeca.who']",8,"['phanthom003', 'mar.comm.93', 'pierre.edinger', 'nelloliguori94', 'amnonrot', 'engineer_comingsoon', 'sammycerida', 'eran.mishuk']",11,"['sammy.cerida', 'martinabodini', 'sellierhermann', 'marcello.palumbo21', 'tilman.edinger', 'alessandro.pilotto', 'sellierh', 'ismail.abouelseoud', 'silviadorazio3', 'axelardisson', None]",34,"['sellierhermann', 'marcello.palumbo21', 'tilman.edinger', 'alessandro.pilotto', 'mara.vlcak', 'amnonrot', 'pone.fede', 'ciabeca.who', 'chiaracatgiu', 'engineer_comingsoon', 'silviadorazio3', 'pol93', 'luca.binci', 'axelardisson', 'eran.mishuk', 'marcocolang', 'giuliozorzi', 'phanthom003', 'pierre.edinger', 'andregemx', None, 'martinabodini', 'segantini_matteo', 'bobmaurice', 'daphnee.bosch', 'mar.comm.93', 'edo.cuni', 'sellierh', 'nelloliguori94', 'ismail.abouelseoud', 'michelepezzarossa', 'sammycerida', 'federico.panicco', 'sammy.cerida']"
26,252,24,81,12,"['sudhanshuapte1995', 'vidhi123', 'abhimodi4321', 'akashrana861', 'ronakraj93', 'kiran.hemale', 'prathu93', 'shivkumar020994', 'sagar.mujpara99', 'mithlesh.kxsp', 'omkar.bane13', 'meraj025']",11,"['mrinalini20.shah', 'siddhib', 'dhrv23shah', 'mmodi296', 'pushkarvaity', 'daschmi2', 'cs7', 'prateeksharma0627', 'karthikskmenon', 'manali', 'cspahn']",69,"['ameysalvi24', 'adiarv94', 'swapnalimakdey25', 'mayurgaikwad1293', 'shantanukel', 'jamdadeparag', 'kit.km72', 'likita94', 'kalyani.aye93', 'ashwin', 'vapande3006', 'rbiradar', 'greatabhi.jathar', 'neel.shinde.14', 'smackthatjohn', 'ps22ghule', 'ibrahimarif950', 'girish.rancho', 'sumaiyya.kazi94', 'shakti81', 'mohnish.murli', 'sachdev1995', 'darshanasankhe78', 'himanshugajare.2016', 'shaikhkarnekar', 'vivek.gavhane1234', 'ruhi20salvi', 'devendragpt8', 'niki.mohod', 'nikhilkachare46', 'bbirud', 'ashishtonge94', 'praju.geet', 'chetana24', 'mona94', 'nairpooja1234', 'manishakolekar1994', 'mtinu', 'ravindrakhorwal28', 'myra10me01', 'vijayvishal9751', 'kumarrohan64', 'abhisheknavlu', 'ved.tawari', 'komplepriya95', 'priyankasingh754', 'viraj.pereira', 'zak1010', 'suraj348', None, 'tikareshubham9', 'raghu.shirodkar', 'gauri123', 'vijayaher0211', 'koltechetan346', 'pendkeomkar', 'nibha29', 'darpan.bagwale', 'geofjoy', 'anjaliashlin', 'swithin.ds', 'prashantkhedkar.sakec', 'jagrutinagaonkar', 'akshay.d21', 'shvmsingh93', 'jitenbahua', 'dipeshghag4u', 'juvika1994', 'sukanya93']",92,"['ameysalvi24', 'swapnalimakdey25', 'shantanukel', 'jamdadeparag', 'kit.km72', 'kalyani.aye93', 'likita94', 'rbiradar', 'greatabhi.jathar', 'ps22ghule', 'sumaiyya.kazi94', 'sudhanshuapte1995', 'sachdev1995', 'shaikhkarnekar', 'vivek.gavhane1234', 'prathu93', 'devendragpt8', 'nikhilkachare46', 'ashishtonge94', 'praju.geet', 'chetana24', 'nairpooja1234', 'cspahn', 'manishakolekar1994', 'myra10me01', 'kumarrohan64', 'siddhib', 'suraj348', 'manali', 'tikareshubham9', 'vijayaher0211', 'koltechetan346', 'vidhi123', 'abhimodi4321', 'darpan.bagwale', 'geofjoy', 'anjaliashlin', 'swithin.ds', 'pushkarvaity', 'sagar.mujpara99', 'mithlesh.kxsp', 'prateeksharma0627', 'dipeshghag4u', 'cs7', 'sukanya93', 'ibrahimarif950', 'mrinalini20.shah', 'adiarv94', 'mayurgaikwad1293', 'ashwin', 'vapande3006', 'daschmi2', 'neel.shinde.14', 'smackthatjohn', 'girish.rancho', 'meraj025', 'mohnish.murli', 'darshanasankhe78', 'himanshugajare.2016', 'ruhi20salvi', 'kiran.hemale', 'niki.mohod', 'bbirud', 'mona94', 'mtinu', 'ravindrakhorwal28', 'vijayvishal9751', 'abhisheknavlu', 'ved.tawari', 'komplepriya95', 'mmodi296', 'shivkumar020994', 'priyankasingh754', 'viraj.pereira', 'zak1010', 'karthikskmenon', None, 'gauri123', 'raghu.shirodkar', 'nibha29', 'pendkeomkar', 'akashrana861', 'dhrv23shah', 'prashantkhedkar.sakec', 'shvmsingh93', 'ronakraj93', 'jagrutinagaonkar', 'akshay.d21', 'jitenbahua', 'juvika1994', 'omkar.bane13', 'shakti81']"
26,254,24,15,7,"['mrinalini20.shah', 'akashrana861', 'abhimodi4321', 'dhrv23shah', 'mmodi296', 'prateeksharma0627', 'cs7']",16,"['vidhi123', 'siddhib', 'ronakraj93', 'pushkarvaity', 'kiran.hemale', 'prathu93', 'daschmi2', 'shivkumar020994', 'sagar.mujpara99', 'mithlesh.kxsp', 'karthikskmenon', 'meraj025', 'omkar.bane13', 'manali', 'sudhanshuapte1995', 'cspahn']",8,"['myra10me01', 'ssatam23dps', 'kishoresaldanha', 'manaanshi.23', 'anam', 'ps22ghule', None, 'lavanyaramnath']",31,"['mrinalini20.shah', 'daschmi2', 'ps22ghule', 'meraj025', 'sudhanshuapte1995', 'lavanyaramnath', 'ssatam23dps', 'kiran.hemale', 'prathu93', 'cspahn', 'myra10me01', 'siddhib', 'mmodi296', 'shivkumar020994', 'manaanshi.23', 'anam', 'karthikskmenon', None, 'manali', 'vidhi123', 'abhimodi4321', 'dhrv23shah', 'akashrana861', 'kishoresaldanha', 'ronakraj93', 'pushkarvaity', 'sagar.mujpara99', 'mithlesh.kxsp', 'prateeksharma0627', 'omkar.bane13', 'cs7']"
26,253,24,7,2,"['manali', 'pushkarvaity']",21,"['mrinalini20.shah', 'daschmi2', 'meraj025', 'sudhanshuapte1995', 'kiran.hemale', 'prathu93', 'cspahn', 'siddhib', 'mmodi296', 'shivkumar020994', 'karthikskmenon', 'vidhi123', 'abhimodi4321', 'dhrv23shah', 'akashrana861', 'ronakraj93', 'sagar.mujpara99', 'mithlesh.kxsp', 'prateeksharma0627', 'omkar.bane13', 'cs7']",5,"['sachdev1995', 'greatabhi.jathar', 'bbirud', None, 'mkshirke94']",28,"['mrinalini20.shah', 'siddhib', 'bbirud', 'mmodi296', 'daschmi2', 'shivkumar020994', 'greatabhi.jathar', 'karthikskmenon', None, 'manali', 'meraj025', 'sudhanshuapte1995', 'sachdev1995', 'vidhi123', 'abhimodi4321', 'dhrv23shah', 'akashrana861', 'ronakraj93', 'pushkarvaity', 'kiran.hemale', 'prathu93', 'mkshirke94', 'sagar.mujpara99', 'mithlesh.kxsp', 'prateeksharma0627', 'omkar.bane13', 'cs7', 'cspahn']"
27,94,23,25,21,"['in.young.jo', 'tfis112', 'layhercakes', 'cassidee.kido', 'mcfolgueras', 'agn9', 'chuang93', 'eeyi.oon', 'spencerbruno', 'stanley.yuan25', 'golfomania', 'akyker20', 'loose_hotshot', 'kalgul1234', 'cdawge93', 'rfbeier', 'brunaliborio7', 'qazwsx', 'aulomorini', 'parkjeehye95', 'ahakaldor']",1,['mohamed_fadil23'],4,"['lash81', 'amh80', None, 'chenqizhao']",26,"['in.young.jo', 'tfis112', 'layhercakes', 'cassidee.kido', 'chenqizhao', 'lash81', 'mcfolgueras', 'agn9', 'chuang93', 'mohamed_fadil23', 'eeyi.oon', 'spencerbruno', 'stanley.yuan25', 'golfomania', 'akyker20', 'amh80', 'loose_hotshot', 'kalgul1234', 'cdawge93', 'rfbeier', None, 'brunaliborio7', 'qazwsx', 'aulomorini', 'parkjeehye95', 'ahakaldor']"
28,309,23,9,7,"['cwf9', 's.sharbati', 'lishuopitt', 'raz26', 'blessyou0901', 'yus51', 'abg30']",15,"['enricrull', 'waz10', 'gyli9753', 'pengzqbaal', 'unibok', 'suryaharsha92', 'hc65462000', 'farhadzarif', 'yu.efremov', 'htsosie', 'asmaamousa61', 'xuxcn', 'colvinjovana', 'olga46', 'jre31']",2,"[None, 'mow10']",24,"['enricrull', 'waz10', 'pengzqbaal', 'cwf9', 'lishuopitt', 'raz26', 'hc65462000', 'farhadzarif', 'abg30', 'htsosie', 'colvinjovana', 'xuxcn', 'olga46', None, 'gyli9753', 'unibok', 's.sharbati', 'suryaharsha92', 'mow10', 'yu.efremov', 'blessyou0901', 'yus51', 'asmaamousa61', 'jre31']"
29,162,22,33,21,"['amitmishrasep22', 'ksyuvrajbirajdar', 'deeppilane7070', 'surajbhoite1', 'mrunal.mhatre12', 'christo.thomas1234', 'sutarrohan29', 'akshatasavekar', 'omkartelange4', 'tgpatil22791', 'aishwaryapatil2311', 'manjubapatil', 'saritapilane.sp', 'prasadbagrao22', 'sayalimhatre7195', 'nikhil.kadam672', 'sterin.thomas6', 'suyogbhosale786', 'bhogale.darshana01', 'vap1293', 'harshmhatre975']",0,[],12,"['aishhhh', 'lokhanderaj55', 'anirudh2442', 'kartikchakole4595', 'maneshraddha1006', 'mugdhapv8', 'smsayali79', 'amitsunildhamne', 'chabhadiariddhi', 'sahilkabdule.org', None, 'deepb20']",33,"['amitmishrasep22', 'ksyuvrajbirajdar', 'deeppilane7070', 'smsayali79', 'sahilkabdule.org', 'surajbhoite1', 'mrunal.mhatre12', 'christo.thomas1234', 'mugdhapv8', 'sutarrohan29', 'amitsunildhamne', 'chabhadiariddhi', 'akshatasavekar', 'aishhhh', 'omkartelange4', 'deepb20', 'tgpatil22791', 'maneshraddha1006', 'aishwaryapatil2311', 'manjubapatil', 'saritapilane.sp', 'prasadbagrao22', None, 'lokhanderaj55', 'anirudh2442', 'sayalimhatre7195', 'nikhil.kadam672', 'kartikchakole4595', 'sterin.thomas6', 'suyogbhosale786', 'bhogale.darshana01', 'vap1293', 'harshmhatre975']"
30,266,22,44,21,"['ambicavenkatesh2009', 'peterteres67', 'gharat789', 'ranjanjadhav1234', 'khansaif94', 'amit.madgi', 'chisimeybijimchigmomin', 'thoravekalpesh', 'rgole02', 'vshrivastav', 'svinina', 'nikhiljadhav.jadhav40', 'thysontharun', 'karna1995.kj', 'jatindhakad420', 'priyanka.chavan.s.pc', 'thefreeliar18', 'sapnabhandary31', 'ashwinnumbrat94', 'akash.bolke83', 'swapnil.dalvi811']",0,[],23,"['neeradisalonika', 'kuldeeppatil201093', 'kritikasharma261995', 'mayurgaikwad1293', 'zalakdodecha', 'smackthatjohn', 'girish.rancho', 'sumaiyya.kazi94', 'anirudh0000', 'prathmeshgurunathparab', 'rupali1891994', 'zak1010', None, 'vijayaher0211', 'nishanth1101', 'darpan.bagwale', 'ascharyaskumar', 'anjaliashlin', 'swithin.ds', 'swapneil.hirulkar', 'dipeshghag4u', 'sharvaridalvi301', 'ibrahimarif950']",44,"['neeradisalonika', 'kritikasharma261995', 'peterteres67', 'gharat789', 'sumaiyya.kazi94', 'anirudh0000', 'ranjanjadhav1234', 'khansaif94', 'prathmeshgurunathparab', 'chisimeybijimchigmomin', 'thoravekalpesh', 'rgole02', 'vshrivastav', 'nikhiljadhav.jadhav40', 'thysontharun', 'jatindhakad420', 'vijayaher0211', 'darpan.bagwale', 'anjaliashlin', 'swithin.ds', 'sapnabhandary31', 'ashwinnumbrat94', 'dipeshghag4u', 'akash.bolke83', 'ibrahimarif950', 'kuldeeppatil201093', 'mayurgaikwad1293', 'ambicavenkatesh2009', 'zalakdodecha', 'smackthatjohn', 'girish.rancho', 'amit.madgi', 'rupali1891994', 'svinina', 'karna1995.kj', 'zak1010', None, 'priyanka.chavan.s.pc', 'nishanth1101', 'ascharyaskumar', 'thefreeliar18', 'swapneil.hirulkar', 'sharvaridalvi301', 'swapnil.dalvi811']"
31,343,22,12,1,['cole.wunderlich'],20,"['nhuls', 'ghowlett', 'thiennguyen', 'kelseywells', 'wu622', 'pmeirell', 'sbaddela', 'blackfire962', 'swilliams13', 'pantho012', 'eliechty', 'gshivkum', 'avarelas', 'rohit.o.goel', 'williamhenken', 'atrikana', 'hzhou321', 'mfigura', 'rwakelan', 'shengonly']",11,"['nanohueb', 'pmeunier', 'hctest3', 'enassakr', 'hctest4', 'xu716', None, 'mart1304', 'eigengus', 'dkearney', 'mshisheh']",32,"['mshisheh', 'avarelas', 'nhuls', 'rohit.o.goel', 'eigengus', 'enassakr', 'ghowlett', 'williamhenken', 'rwakelan', 'thiennguyen', 'kelseywells', 'wu622', None, 'pmeirell', 'cole.wunderlich', 'atrikana', 'nanohueb', 'hzhou321', 'pmeunier', 'hctest3', 'sbaddela', 'mfigura', 'hctest4', 'xu716', 'mart1304', 'pantho012', 'blackfire962', 'swilliams13', 'dkearney', 'eliechty', 'shengonly', 'gshivkum']"
31,340,22,9,1,['cole.wunderlich'],20,"['nhuls', 'ghowlett', 'thiennguyen', 'kelseywells', 'wu622', 'pmeirell', 'sbaddela', 'blackfire962', 'swilliams13', 'pantho012', 'eliechty', 'gshivkum', 'avarelas', 'rohit.o.goel', 'williamhenken', 'atrikana', 'hzhou321', 'mfigura', 'rwakelan', 'shengonly']",8,"['sreeve', 'nanohueb', 'pmeunier', 'hctest3', 'enassakr', 'hctest4', None, 'dkearney']",29,"['avarelas', 'nhuls', 'rohit.o.goel', 'enassakr', 'ghowlett', 'williamhenken', 'rwakelan', 'thiennguyen', 'kelseywells', 'wu622', None, 'pmeirell', 'cole.wunderlich', 'atrikana', 'nanohueb', 'hzhou321', 'sreeve', 'pmeunier', 'hctest3', 'sbaddela', 'mfigura', 'hctest4', 'dkearney', 'pantho012', 'blackfire962', 'swilliams13', 'eliechty', 'shengonly', 'gshivkum']"
31,341,22,6,4,"['swilliams13', 'mfigura', 'williamhenken', 'kelseywells']",17,"['cole.wunderlich', 'atrikana', 'avarelas', 'hzhou321', 'nhuls', 'rohit.o.goel', 'pantho012', 'sbaddela', 'ghowlett', 'thiennguyen', 'blackfire962', 'rwakelan', 'eliechty', 'shengonly', 'wu622', 'gshivkum', 'pmeirell']",2,"[None, 'kiettipong1']",23,"['avarelas', 'nhuls', 'rohit.o.goel', 'ghowlett', 'williamhenken', 'rwakelan', 'thiennguyen', 'kelseywells', 'wu622', None, 'kiettipong1', 'pmeirell', 'cole.wunderlich', 'atrikana', 'hzhou321', 'sbaddela', 'mfigura', 'pantho012', 'blackfire962', 'swilliams13', 'eliechty', 'shengonly', 'gshivkum']"
31,342,22,6,4,"['swilliams13', 'williamhenken', 'mfigura', 'kelseywells']",17,"['cole.wunderlich', 'atrikana', 'avarelas', 'hzhou321', 'nhuls', 'rohit.o.goel', 'pantho012', 'sbaddela', 'ghowlett', 'thiennguyen', 'blackfire962', 'rwakelan', 'eliechty', 'shengonly', 'wu622', 'gshivkum', 'pmeirell']",2,"['robin198', None]",23,"['avarelas', 'nhuls', 'rohit.o.goel', 'ghowlett', 'williamhenken', 'rwakelan', 'thiennguyen', 'kelseywells', 'wu622', 'robin198', None, 'pmeirell', 'cole.wunderlich', 'atrikana', 'hzhou321', 'sbaddela', 'mfigura', 'pantho012', 'blackfire962', 'swilliams13', 'eliechty', 'shengonly', 'gshivkum']"
32,52,22,27,19,"['jm.iguaran10', 'torito_9696', 'lawra_93', 'nandito061097.mfsa', 'sgrf05', 'victordaniel11', 'jj.garcia10', 'carlosaenz.26', 'alejo_cendales96', 'simonjaramilloc', 'luiscaro', 'nico98rocha', 'jeberdugo10', 'piperojas0618', 'potterdavid9', 'dapabon10', 'jorge_iguaran97', 'ce.luna10', 'fabianarchila980410']",2,"['stmedar.didier', 'na.rodrigues10']",8,"['camon93', 'sebasmxq', 'crisdavbed08', 'phelep22', 'menesesleonardo', 'felipe.forerome', None, 's.arevalo26']",29,"['jm.iguaran10', 'torito_9696', 'lawra_93', 'nandito061097.mfsa', 'sgrf05', 'victordaniel11', 'jj.garcia10', 'carlosaenz.26', 'alejo_cendales96', 'simonjaramilloc', 'luiscaro', 'nico98rocha', 'jeberdugo10', 'piperojas0618', 'potterdavid9', 'na.rodrigues10', 'camon93', 'sebasmxq', 'menesesleonardo', 'felipe.forerome', None, 's.arevalo26', 'dapabon10', 'jorge_iguaran97', 'stmedar.didier', 'crisdavbed08', 'ce.luna10', 'phelep22', 'fabianarchila980410']"
33,67,21,52,20,"['neeradisalonika', 'kuldeeppatil201093', 'govind9867129531', 'kritikasharma261995', 'zalakdodecha', 'anirudh0000', 'patilmonika681', 'prathmeshgurunathparab', 'shweta.tawhare', 'sshelar01', 'reubenalexander2010', 'rupali1891994', 'anammujawar111', 'ryadav03', 'nishanth1101', 'ascharyaskumar', 'swapneil.hirulkar', 'muktat20', 'sharvaridalvi301', 'sshinde04']",0,[],32,"['mayur.agarwadekar', 'shubhangi.waghmare', 'sanika.pandharkar', 'tawadesiddhesh1994', 'asharma04', 'rupali.patil', 'devang19.shah', 'nipuna.menon35', 'kanchan.phadtare', 'kolijayesh7380', 'saurabh.bhirud', 'phb1994', 'naren.ambwani', 'shrimohite13', 'anisha.das', 'schikodi', 'harshamp26', 'dubalprasad04', 'break.007req', 'amdheepikaa', 'ashutosh.singh', 'nish.270', 'suraj348', 'deepuvijaya1806', 'nimita20', 'milu21111994', None, 'tiinnovationvesit', 'shreyasnaravane', 'shaikhrehana14', 'pankajsalunkhe23', 'sharan.raikhangar']",52,"['neeradisalonika', 'kritikasharma261995', 'tawadesiddhesh1994', 'rupali.patil', 'nipuna.menon35', 'devang19.shah', 'anirudh0000', 'patilmonika681', 'kolijayesh7380', 'saurabh.bhirud', 'phb1994', 'shrimohite13', 'anisha.das', 'prathmeshgurunathparab', 'harshamp26', 'shweta.tawhare', 'dubalprasad04', 'anammujawar111', 'break.007req', 'ashutosh.singh', 'ryadav03', 'suraj348', 'shreyasnaravane', 'pankajsalunkhe23', 'sharan.raikhangar', 'mayur.agarwadekar', 'kuldeeppatil201093', 'govind9867129531', 'shubhangi.waghmare', 'zalakdodecha', 'sanika.pandharkar', 'asharma04', 'kanchan.phadtare', 'naren.ambwani', 'schikodi', 'sshelar01', 'reubenalexander2010', 'rupali1891994', 'amdheepikaa', 'nish.270', 'deepuvijaya1806', 'nimita20', 'milu21111994', None, 'nishanth1101', 'tiinnovationvesit', 'ascharyaskumar', 'swapneil.hirulkar', 'shaikhrehana14', 'muktat20', 'sharvaridalvi301', 'sshinde04']"
33,266,21,44,11,"['neeradisalonika', 'nishanth1101', 'kuldeeppatil201093', 'kritikasharma261995', 'ascharyaskumar', 'prathmeshgurunathparab', 'zalakdodecha', 'swapneil.hirulkar', 'sharvaridalvi301', 'rupali1891994', 'anirudh0000']",9,"['anammujawar111', 'govind9867129531', 'ryadav03', 'shweta.tawhare', 'sshelar01', 'muktat20', 'reubenalexander2010', 'sshinde04', 'patilmonika681']",33,"['mayurgaikwad1293', 'ambicavenkatesh2009', 'peterteres67', 'gharat789', 'smackthatjohn', 'girish.rancho', 'sumaiyya.kazi94', 'ranjanjadhav1234', 'khansaif94', 'amit.madgi', 'chisimeybijimchigmomin', 'thoravekalpesh', 'rgole02', 'vshrivastav', 'svinina', 'nikhiljadhav.jadhav40', 'thysontharun', 'karna1995.kj', 'zak1010', 'jatindhakad420', None, 'vijayaher0211', 'priyanka.chavan.s.pc', 'darpan.bagwale', 'anjaliashlin', 'swithin.ds', 'thefreeliar18', 'sapnabhandary31', 'ashwinnumbrat94', 'dipeshghag4u', 'akash.bolke83', 'swapnil.dalvi811', 'ibrahimarif950']",53,"['neeradisalonika', 'kritikasharma261995', 'peterteres67', 'gharat789', 'sumaiyya.kazi94', 'anirudh0000', 'patilmonika681', 'ranjanjadhav1234', 'khansaif94', 'prathmeshgurunathparab', 'shweta.tawhare', 'chisimeybijimchigmomin', 'thoravekalpesh', 'rgole02', 'anammujawar111', 'vshrivastav', 'nikhiljadhav.jadhav40', 'thysontharun', 'swapnil.dalvi811', 'ryadav03', 'jatindhakad420', 'vijayaher0211', 'darpan.bagwale', 'anjaliashlin', 'swithin.ds', 'sapnabhandary31', 'ashwinnumbrat94', 'dipeshghag4u', 'akash.bolke83', 'ibrahimarif950', 'kuldeeppatil201093', 'govind9867129531', 'mayurgaikwad1293', 'ambicavenkatesh2009', 'zalakdodecha', 'smackthatjohn', 'girish.rancho', 'amit.madgi', 'sshelar01', 'reubenalexander2010', 'rupali1891994', 'svinina', 'karna1995.kj', 'zak1010', None, 'priyanka.chavan.s.pc', 'nishanth1101', 'ascharyaskumar', 'thefreeliar18', 'swapneil.hirulkar', 'muktat20', 'sharvaridalvi301', 'sshinde04']"
33,70,21,25,3,"['sshinde04', 'muktat20', 'ryadav03']",17,"['neeradisalonika', 'anammujawar111', 'nishanth1101', 'kuldeeppatil201093', 'govind9867129531', 'kritikasharma261995', 'reubenalexander2010', 'ascharyaskumar', 'prathmeshgurunathparab', 'zalakdodecha', 'shweta.tawhare', 'swapneil.hirulkar', 'sshelar01', 'sharvaridalvi301', 'rupali1891994', 'anirudh0000', 'patilmonika681']",22,"['vinita.vachhani', 'varun.dua', 'ajinkyapadwad', 'rupali.patil', 'kanchan.phadtare', 'kalindi.deshmukh', 'saurabh.bhirud', 'madhav.hingane', 'omkar.prabhu', 'prerna.jaisingh', 'abhay.bhanushali', 'nilesh2551994', 'mohit.kulkarni', 'suraj348', 'nimita20', None, 'nithya.yadav', 'tiinnovationvesit', 'nikhil.divekar', 'shaikhrehana14', 'mp12121234', 'jaikishan.yadav']",42,"['neeradisalonika', 'kuldeeppatil201093', 'govind9867129531', 'vinita.vachhani', 'kritikasharma261995', 'varun.dua', 'zalakdodecha', 'ajinkyapadwad', 'rupali.patil', 'kanchan.phadtare', 'anirudh0000', 'patilmonika681', 'kalindi.deshmukh', 'saurabh.bhirud', 'madhav.hingane', 'prathmeshgurunathparab', 'shweta.tawhare', 'sshelar01', 'omkar.prabhu', 'reubenalexander2010', 'rupali1891994', 'abhay.bhanushali', 'prerna.jaisingh', 'anammujawar111', 'nilesh2551994', 'ryadav03', 'mohit.kulkarni', 'suraj348', 'nimita20', None, 'nithya.yadav', 'nishanth1101', 'tiinnovationvesit', 'ascharyaskumar', 'nikhil.divekar', 'swapneil.hirulkar', 'shaikhrehana14', 'muktat20', 'jaikishan.yadav', 'mp12121234', 'sharvaridalvi301', 'sshinde04']"
33,69,21,14,2,"['ryadav03', 'patilmonika681']",18,"['neeradisalonika', 'nishanth1101', 'kuldeeppatil201093', 'govind9867129531', 'kritikasharma261995', 'reubenalexander2010', 'ascharyaskumar', 'prathmeshgurunathparab', 'zalakdodecha', 'shweta.tawhare', 'swapneil.hirulkar', 'sshelar01', 'muktat20', 'sharvaridalvi301', 'rupali1891994', 'sshinde04', 'anirudh0000', 'anammujawar111']",12,"['ameysalvi24', 'pankajsalunkhe23', 'kushwahasachin90', 'vivek.gavhane1234', 'shaikhrehana14', 'tawadesiddhesh1994', 'nik2191.main', 'devilchester4491', 'mp12121234', 'chetana24', None, 'break.007req']",32,"['neeradisalonika', 'ameysalvi24', 'pankajsalunkhe23', 'kuldeeppatil201093', 'govind9867129531', 'kushwahasachin90', 'kritikasharma261995', 'zalakdodecha', 'ryadav03', 'tawadesiddhesh1994', 'devilchester4491', None, 'anirudh0000', 'patilmonika681', 'nishanth1101', 'chetana24', 'reubenalexander2010', 'ascharyaskumar', 'vivek.gavhane1234', 'prathmeshgurunathparab', 'shweta.tawhare', 'swapneil.hirulkar', 'shaikhrehana14', 'sshelar01', 'muktat20', 'nik2191.main', 'mp12121234', 'sharvaridalvi301', 'rupali1891994', 'sshinde04', 'anammujawar111', 'break.007req']"
33,265,21,14,11,"['neeradisalonika', 'nishanth1101', 'kuldeeppatil201093', 'kritikasharma261995', 'ryadav03', 'shweta.tawhare', 'sshelar01', 'muktat20', 'rupali1891994', 'sshinde04', 'anammujawar111']",9,"['govind9867129531', 'ascharyaskumar', 'prathmeshgurunathparab', 'zalakdodecha', 'swapneil.hirulkar', 'sharvaridalvi301', 'reubenalexander2010', 'anirudh0000', 'patilmonika681']",3,"['suraj348', None, 'break.007req']",23,"['neeradisalonika', 'kuldeeppatil201093', 'govind9867129531', 'kritikasharma261995', 'zalakdodecha', 'ryadav03', 'suraj348', None, 'anirudh0000', 'patilmonika681', 'nishanth1101', 'reubenalexander2010', 'ascharyaskumar', 'prathmeshgurunathparab', 'shweta.tawhare', 'swapneil.hirulkar', 'sshelar01', 'muktat20', 'sharvaridalvi301', 'rupali1891994', 'sshinde04', 'anammujawar111', 'break.007req']"
33,268,21,8,3,"['reubenalexander2010', 'govind9867129531', 'patilmonika681']",17,"['neeradisalonika', 'nishanth1101', 'kuldeeppatil201093', 'kritikasharma261995', 'ascharyaskumar', 'prathmeshgurunathparab', 'zalakdodecha', 'ryadav03', 'shweta.tawhare', 'swapneil.hirulkar', 'sshelar01', 'muktat20', 'sharvaridalvi301', 'rupali1891994', 'sshinde04', 'anirudh0000', 'anammujawar111']",5,"['sahusoumya.2010', 'arsh.raina', 'aismon2010', 'rbiradar', None]",25,"['neeradisalonika', 'sahusoumya.2010', 'kuldeeppatil201093', 'govind9867129531', 'kritikasharma261995', 'zalakdodecha', 'ryadav03', 'aismon2010', 'rbiradar', None, 'anirudh0000', 'patilmonika681', 'nishanth1101', 'arsh.raina', 'reubenalexander2010', 'ascharyaskumar', 'prathmeshgurunathparab', 'shweta.tawhare', 'swapneil.hirulkar', 'sshelar01', 'muktat20', 'sharvaridalvi301', 'rupali1891994', 'sshinde04', 'anammujawar111']"
33,267,21,7,3,"['sshinde04', 'muktat20', 'ryadav03']",17,"['neeradisalonika', 'anammujawar111', 'nishanth1101', 'kuldeeppatil201093', 'govind9867129531', 'kritikasharma261995', 'reubenalexander2010', 'ascharyaskumar', 'prathmeshgurunathparab', 'zalakdodecha', 'shweta.tawhare', 'swapneil.hirulkar', 'sshelar01', 'sharvaridalvi301', 'rupali1891994', 'anirudh0000', 'patilmonika681']",4,"['suraj348', None, 'milu21111994', 'parabmahadev34']",24,"['neeradisalonika', 'kuldeeppatil201093', 'govind9867129531', 'kritikasharma261995', 'zalakdodecha', 'ryadav03', 'suraj348', None, 'anirudh0000', 'patilmonika681', 'milu21111994', 'parabmahadev34', 'nishanth1101', 'reubenalexander2010', 'ascharyaskumar', 'prathmeshgurunathparab', 'shweta.tawhare', 'swapneil.hirulkar', 'sshelar01', 'muktat20', 'sharvaridalvi301', 'rupali1891994', 'sshinde04', 'anammujawar111']"
34,101,20,22,16,"['elderr', 'johndigiovanni7', 'dshattuck', 'neoceph', 'biplabsr', 'elisabudyn', 'diego.lopez.barreiro', 'ssignetti', 'cchen313', 'esxsol', 'shima.shahab', 'jbeem', 'akkacz', 'marse1', 'ana.pasalic', 'rajdeepsharma2006']",3,"['ethan33', 'djlewis', 'tanya_lewis']",6,"['lkienker20', 'cpkowall', 's.danti', 'seid1983', None, 'akoller']",25,"['elderr', 'johndigiovanni7', 'dshattuck', 's.danti', 'seid1983', 'djlewis', 'tanya_lewis', 'biplabsr', 'cchen313', 'ana.pasalic', 'rajdeepsharma2006', 'cpkowall', 'akoller', 'ethan33', 'esxsol', 'jbeem', 'marse1', None, 'lkienker20', 'neoceph', 'elisabudyn', 'shima.shahab', 'akkacz', 'diego.lopez.barreiro', 'ssignetti']"
34,233,20,19,15,"['elderr', 'johndigiovanni7', 'dshattuck', 'neoceph', 'biplabsr', 'elisabudyn', 'ssignetti', 'cchen313', 'esxsol', 'shima.shahab', 'jbeem', 'akkacz', 'marse1', 'ana.pasalic', 'rajdeepsharma2006']",4,"['ethan33', 'djlewis', 'tanya_lewis', 'diego.lopez.barreiro']",4,"['lkienker20', 'seid1983', None, 's.danti']",23,"['elderr', 'johndigiovanni7', 'dshattuck', 's.danti', 'seid1983', 'djlewis', 'tanya_lewis', 'biplabsr', 'cchen313', 'ana.pasalic', 'rajdeepsharma2006', 'ethan33', 'esxsol', 'jbeem', 'marse1', None, 'lkienker20', 'neoceph', 'elisabudyn', 'shima.shahab', 'akkacz', 'diego.lopez.barreiro', 'ssignetti']"
34,249,20,19,15,"['elderr', 'johndigiovanni7', 'dshattuck', 'neoceph', 'biplabsr', 'elisabudyn', 'ssignetti', 'cchen313', 'esxsol', 'shima.shahab', 'jbeem', 'akkacz', 'marse1', 'ana.pasalic', 'rajdeepsharma2006']",4,"['ethan33', 'djlewis', 'tanya_lewis', 'diego.lopez.barreiro']",4,"['lkienker20', 'seid1983', None, 's.danti']",23,"['elderr', 'johndigiovanni7', 'dshattuck', 's.danti', 'seid1983', 'djlewis', 'tanya_lewis', 'biplabsr', 'cchen313', 'ana.pasalic', 'rajdeepsharma2006', 'ethan33', 'esxsol', 'jbeem', 'marse1', None, 'lkienker20', 'neoceph', 'elisabudyn', 'shima.shahab', 'akkacz', 'diego.lopez.barreiro', 'ssignetti']"
34,100,20,6,3,"['tanya_lewis', 'diego.lopez.barreiro', 'ethan33']",16,"['elderr', 'johndigiovanni7', 'dshattuck', 'neoceph', 'biplabsr', 'elisabudyn', 'ssignetti', 'cchen313', 'esxsol', 'djlewis', 'jbeem', 'shima.shahab', 'akkacz', 'marse1', 'ana.pasalic', 'rajdeepsharma2006']",3,"['buehler', 'amoridi', None]",22,"['elderr', 'johndigiovanni7', 'dshattuck', 'ethan33', 'esxsol', 'djlewis', 'tanya_lewis', 'jbeem', 'marse1', None, 'neoceph', 'biplabsr', 'elisabudyn', 'ssignetti', 'cchen313', 'amoridi', 'shima.shahab', 'akkacz', 'buehler', 'diego.lopez.barreiro', 'ana.pasalic', 'rajdeepsharma2006']"
34,234,20,6,3,"['tanya_lewis', 'diego.lopez.barreiro', 'ethan33']",16,"['elderr', 'johndigiovanni7', 'dshattuck', 'neoceph', 'biplabsr', 'elisabudyn', 'ssignetti', 'cchen313', 'esxsol', 'djlewis', 'jbeem', 'shima.shahab', 'akkacz', 'marse1', 'ana.pasalic', 'rajdeepsharma2006']",3,"['buehler', 'amoridi', None]",22,"['elderr', 'johndigiovanni7', 'dshattuck', 'ethan33', 'esxsol', 'djlewis', 'tanya_lewis', 'jbeem', 'marse1', None, 'neoceph', 'biplabsr', 'elisabudyn', 'ssignetti', 'cchen313', 'amoridi', 'shima.shahab', 'akkacz', 'buehler', 'diego.lopez.barreiro', 'ana.pasalic', 'rajdeepsharma2006']"
34,250,20,6,3,"['tanya_lewis', 'diego.lopez.barreiro', 'ethan33']",16,"['elderr', 'johndigiovanni7', 'dshattuck', 'neoceph', 'biplabsr', 'elisabudyn', 'ssignetti', 'cchen313', 'esxsol', 'djlewis', 'jbeem', 'shima.shahab', 'akkacz', 'marse1', 'ana.pasalic', 'rajdeepsharma2006']",3,"['buehler', 'amoridi', None]",22,"['elderr', 'johndigiovanni7', 'dshattuck', 'ethan33', 'esxsol', 'djlewis', 'tanya_lewis', 'jbeem', 'marse1', None, 'neoceph', 'biplabsr', 'elisabudyn', 'ssignetti', 'cchen313', 'amoridi', 'shima.shahab', 'akkacz', 'buehler', 'diego.lopez.barreiro', 'ana.pasalic', 'rajdeepsharma2006']"
35,313,20,41,13,"['arthurfteelee', 'elp15sbs', 'zulhilmymohamed', 'xuhao1209', 'lhao1', 'wli34', 'sunrish', 'elp15yn', 'jasonlp11', 'wangshuo0514', 'ykn2814', 'demose', 'bxu11']",6,"['munirajr1994', 'arthur.fvieira', 'brajeshbeec', 'lemaitre77', 'megarajtm', 'premlal']",28,"['q1091551527', 'jaosnlp11', 'wizardnumber', 'lksh1993', 'echoecho', 'littlepandayan', 'shuangshuang', 'liuhao901008', 'nanbo8', 'wuzecheng2', 'ading1', 'jzf132696254', 'nawal1516', 'jzf1326962549', 'lksh1992', 'hyang31', 'hswyxym', 'jianzhao', 'echoshuang', 'blroc1992', None, 'atu1', 'echo1993', 'sxy4869', 'cs24451', 'nanbo1', 'jzf132696254969', 'jzf13269625496']",47,"['elp15sbs', 'q1091551527', 'zulhilmymohamed', 'xuhao1209', 'lemaitre77', 'jasonlp11', 'jaosnlp11', 'wizardnumber', 'bxu11', 'lksh1993', 'echoecho', 'arthur.fvieira', 'littlepandayan', 'shuangshuang', 'brajeshbeec', 'liuhao901008', 'nanbo8', 'wuzecheng2', 'ading1', 'sunrish', 'elp15yn', 'jzf132696254', 'wangshuo0514', 'nawal1516', 'jzf1326962549', 'lksh1992', 'hyang31', 'hswyxym', 'lhao1', 'jianzhao', 'echoshuang', 'blroc1992', 'demose', None, 'arthurfteelee', 'megarajtm', 'premlal', 'echo1993', 'atu1', 'munirajr1994', 'sxy4869', 'wli34', 'ykn2814', 'cs24451', 'nanbo1', 'jzf132696254969', 'jzf13269625496']"
35,312,20,17,12,"['arthurfteelee', 'elp15sbs', 'zulhilmymohamed', 'ykn2814', 'xuhao1209', 'wli34', 'sunrish', 'elp15yn', 'jasonlp11', 'demose', 'bxu11', 'premlal']",7,"['munirajr1994', 'arthur.fvieira', 'brajeshbeec', 'lhao1', 'lemaitre77', 'wangshuo0514', 'megarajtm']",5,"['hswyxym', 'sxy4869', 'ading1', 'nawal1516', None]",24,"['elp15sbs', 'hswyxym', 'zulhilmymohamed', 'xuhao1209', 'lemaitre77', 'lhao1', 'jasonlp11', 'demose', None, 'bxu11', 'arthurfteelee', 'megarajtm', 'premlal', 'munirajr1994', 'arthur.fvieira', 'brajeshbeec', 'sxy4869', 'ading1', 'wli34', 'ykn2814', 'sunrish', 'elp15yn', 'wangshuo0514', 'nawal1516']"
36,31,20,11,9,"['pondzero1995', 'suwimon.32', 'suwimonzeza2538', 'paphawarin_k', 'kittirat_k', 'lalisa_b', 'salikapas', 'coolypink', 'jennyzaa76']",10,"['mattalin', 'piyaporn_n', 'miracle_jungza', 'kornkla', 'frestmeat', 'zhenpo', 'prim_smile', 'supergt1', 'pop33254', 'ployapi']",2,"['porpia', None]",21,"['pondzero1995', 'suwimonzeza2538', 'mattalin', 'paphawarin_k', 'miracle_jungza', 'prim_smile', 'lalisa_b', 'salikapas', 'coolypink', None, 'suwimon.32', 'porpia', 'piyaporn_n', 'kornkla', 'frestmeat', 'zhenpo', 'kittirat_k', 'supergt1', 'pop33254', 'ployapi', 'jennyzaa76']"
36,32,20,11,9,"['mattalin', 'paphawarin_k', 'kornkla', 'kittirat_k', 'prim_smile', 'supergt1', 'pop33254', 'lalisa_b', 'ployapi']",10,"['pondzero1995', 'suwimon.32', 'suwimonzeza2538', 'piyaporn_n', 'miracle_jungza', 'frestmeat', 'zhenpo', 'salikapas', 'coolypink', 'jennyzaa76']",2,"['than_c', None]",21,"['pondzero1995', 'suwimonzeza2538', 'mattalin', 'paphawarin_k', 'miracle_jungza', 'prim_smile', 'lalisa_b', 'salikapas', 'coolypink', None, 'suwimon.32', 'piyaporn_n', 'kornkla', 'frestmeat', 'zhenpo', 'kittirat_k', 'than_c', 'supergt1', 'pop33254', 'ployapi', 'jennyzaa76']"
36,34,20,8,2,"['miracle_jungza', 'supergt1']",17,"['pondzero1995', 'suwimon.32', 'suwimonzeza2538', 'mattalin', 'paphawarin_k', 'piyaporn_n', 'kornkla', 'frestmeat', 'zhenpo', 'kittirat_k', 'prim_smile', 'lalisa_b', 'pop33254', 'salikapas', 'coolypink', 'ployapi', 'jennyzaa76']",6,"['rangsima.mt', 'rangsima_j', 'phanarin777', 'cool_night', 'natanawat_y', None]",25,"['pondzero1995', 'suwimonzeza2538', 'rangsima.mt', 'mattalin', 'paphawarin_k', 'rangsima_j', 'miracle_jungza', 'natanawat_y', 'phanarin777', 'prim_smile', 'lalisa_b', 'salikapas', 'coolypink', None, 'suwimon.32', 'piyaporn_n', 'kornkla', 'frestmeat', 'zhenpo', 'cool_night', 'kittirat_k', 'supergt1', 'pop33254', 'ployapi', 'jennyzaa76']"
36,33,20,7,5,"['frestmeat', 'kittirat_k', 'prim_smile', 'supergt1', 'pop33254']",14,"['pondzero1995', 'suwimon.32', 'suwimonzeza2538', 'mattalin', 'paphawarin_k', 'piyaporn_n', 'miracle_jungza', 'kornkla', 'zhenpo', 'lalisa_b', 'salikapas', 'coolypink', 'ployapi', 'jennyzaa76']",2,"['than_c', None]",21,"['pondzero1995', 'suwimonzeza2538', 'mattalin', 'paphawarin_k', 'miracle_jungza', 'prim_smile', 'lalisa_b', 'salikapas', 'coolypink', None, 'suwimon.32', 'piyaporn_n', 'kornkla', 'frestmeat', 'zhenpo', 'kittirat_k', 'than_c', 'supergt1', 'pop33254', 'ployapi', 'jennyzaa76']"
38,36,19,15,12,"['ndecraene', 'operabc6', 'mengwu4', 'jdolins21', 'blew2', 'nethert2', 'salman2', 'cychan3', 'hmtaylo2', 'bomcdon2', 'kurmanba1', 'ychen22']",6,"['agentj', 'kashifnabi', 'cdh1183', 'lyding', 'mbfacebm', 'seniorrobotoverlord']",3,"[None, 'liupufan', 'ecyoung']",21,"['ndecraene', 'mengwu4', 'hmtaylo2', 'jdolins21', 'kashifnabi', 'nethert2', 'lyding', 'salman2', 'cychan3', 'liupufan', None, 'ychen22', 'operabc6', 'agentj', 'cdh1183', 'blew2', 'mbfacebm', 'seniorrobotoverlord', 'ecyoung', 'bomcdon2', 'kurmanba1']"
38,35,19,6,3,"['nethert2', 'lyding', 'bomcdon2']",15,"['ndecraene', 'operabc6', 'mengwu4', 'jdolins21', 'hmtaylo2', 'agentj', 'kashifnabi', 'cdh1183', 'blew2', 'salman2', 'cychan3', 'mbfacebm', 'seniorrobotoverlord', 'kurmanba1', 'ychen22']",3,"['liupufan', None, 'ecyoung']",21,"['ndecraene', 'mengwu4', 'hmtaylo2', 'jdolins21', 'kashifnabi', 'nethert2', 'lyding', 'salman2', 'cychan3', None, 'liupufan', 'ychen22', 'operabc6', 'agentj', 'cdh1183', 'blew2', 'mbfacebm', 'seniorrobotoverlord', 'ecyoung', 'bomcdon2', 'kurmanba1']"
39,121,19,22,12,"['ksingha', 'tang96', 'cquinker', 'vsuresh', 'xue76', 'garg58', 'sandy8111112004', 'sun174', 'debnath', 'saha11', 'amingcha', 'allredj']",6,"['xtee', 'shen59', 'shah263', 'rworede', 'myannell', 'chuanyean']",10,"['rcerdas', 'rajagopv', 'skubicjj', 'ewilson000', 'aankit', 'johnathanw584', 'roy1', None, 'etopel', 'fsevergnini']",28,"['tang96', 'xtee', 'rajagopv', 'skubicjj', 'sun174', 'roy1', 'saha11', 'chuanyean', 'ksingha', 'cquinker', 'rcerdas', 'sandy8111112004', 'debnath', 'johnathanw584', 'aankit', 'amingcha', 'allredj', None, 'fsevergnini', 'vsuresh', 'shah263', 'shen59', 'ewilson000', 'xue76', 'garg58', 'rworede', 'myannell', 'etopel']"
39,17,19,16,7,"['cquinker', 'ksingha', 'xue76', 'sandy8111112004', 'sun174', 'chuanyean', 'amingcha']",11,"['tang96', 'xtee', 'shen59', 'vsuresh', 'shah263', 'garg58', 'debnath', 'rworede', 'saha11', 'myannell', 'allredj']",9,"['rajagopv', 'skubicjj', 'dweinstein0', 'ewilson000', 'aankit', 'ankitshrm11', 'johnathanw584', None, 'etopel']",27,"['tang96', 'xtee', 'rajagopv', 'skubicjj', 'aankit', 'sun174', 'ankitshrm11', 'saha11', 'chuanyean', 'amingcha', 'allredj', None, 'ksingha', 'cquinker', 'vsuresh', 'shah263', 'shen59', 'dweinstein0', 'ewilson000', 'xue76', 'garg58', 'sandy8111112004', 'debnath', 'johnathanw584', 'rworede', 'myannell', 'etopel']"
39,3,19,11,6,"['shah263', 'shen59', 'xue76', 'saha11', 'amingcha', 'allredj']",12,"['ksingha', 'tang96', 'xtee', 'vsuresh', 'cquinker', 'garg58', 'sandy8111112004', 'sun174', 'debnath', 'rworede', 'myannell', 'chuanyean']",5,"['dweinstein0', 'ewilson000', None, 'etopel', 'fsevergnini']",23,"['tang96', 'xtee', 'sun174', 'saha11', 'chuanyean', 'amingcha', 'allredj', None, 'fsevergnini', 'ksingha', 'cquinker', 'vsuresh', 'shah263', 'shen59', 'dweinstein0', 'ewilson000', 'xue76', 'garg58', 'sandy8111112004', 'debnath', 'rworede', 'myannell', 'etopel']"
39,45,19,11,5,"['xue76', 'garg58', 'sun174', 'saha11', 'allredj']",13,"['ksingha', 'tang96', 'xtee', 'vsuresh', 'cquinker', 'shah263', 'shen59', 'sandy8111112004', 'debnath', 'rworede', 'myannell', 'chuanyean', 'amingcha']",6,"['dweinstein0', 'ewilson000', 'johnathanw584', None, 'etopel', 'fsevergnini']",24,"['tang96', 'xtee', 'sun174', 'saha11', 'chuanyean', 'amingcha', 'allredj', None, 'fsevergnini', 'ksingha', 'cquinker', 'vsuresh', 'shah263', 'shen59', 'dweinstein0', 'ewilson000', 'xue76', 'garg58', 'sandy8111112004', 'debnath', 'johnathanw584', 'rworede', 'myannell', 'etopel']"
39,4,19,7,6,"['ksingha', 'vsuresh', 'xtee', 'garg58', 'myannell', 'allredj']",12,"['cquinker', 'tang96', 'shah263', 'shen59', 'xue76', 'sandy8111112004', 'sun174', 'debnath', 'rworede', 'saha11', 'chuanyean', 'amingcha']",1,[None],19,"['tang96', 'xtee', 'sun174', 'saha11', 'chuanyean', 'amingcha', 'allredj', None, 'ksingha', 'cquinker', 'vsuresh', 'shah263', 'shen59', 'xue76', 'garg58', 'sandy8111112004', 'debnath', 'rworede', 'myannell']"
40,126,18,10,9,"['aniruddhvishnu', 'speddint', 'anivajjh', 'arvaidya', 'yasaswid', 'nimmyloving', 'dwyman', 'mchua', 'nihanth1209']",8,"['akrosseben', 'zhou6510', 'kim2033', 'xphuah', 'daleas', 'psdeshpa', 'rpromyoo', 'mohkil']",1,[None],18,"['speddint', 'daleas', 'yasaswid', 'rpromyoo', 'mohkil', 'nihanth1209', None, 'akrosseben', 'zhou6510', 'kim2033', 'aniruddhvishnu', 'xphuah', 'anivajjh', 'arvaidya', 'psdeshpa', 'nimmyloving', 'dwyman', 'mchua']"
41,46,18,7,2,"['holee3', 'monee.kieran']",15,"['lundstro', 'trentwarmate', 'vburli1', 'femond1', 'szreynolds', 'sehmusozden', 'rgm093020', 'poojavora1994', 'dannight', 'azad_jn', 'zosonr', 'pvkh', 'jeettrivedi', 'themonk95', 'bhavinkarthik']",5,"['sangeetarout1988', 'j.a.flowers', 'samikoutsares', None, 'cansuon']",22,"['lundstro', 'sangeetarout1988', 'vburli1', 'rgm093020', 'dannight', 'pvkh', 'j.a.flowers', 'samikoutsares', 'jeettrivedi', 'themonk95', None, 'trentwarmate', 'poojavora1994', 'holee3', 'femond1', 'szreynolds', 'sehmusozden', 'azad_jn', 'zosonr', 'monee.kieran', 'cansuon', 'bhavinkarthik']"
42,5,16,22,14,"['ggtulga0744', 'baasantsereng', 'sanchirelbegdorj', 'dulguun', 'dorj_tsek', 'ganzo_0306', 'baasanceren', 'ch.byambaochir', 'baasantseren11', 'mugiimogino', 'tgtuugii40', 'ssodoo13', 'bil_marbel', 'misheeldorj']",1,['mtulga_mn'],8,"['dalanbayar', 'by.gerelmaa', 'judotuugii', 'slize9995', 'ggtulga4464', 'tsooj_0117', 'gunsnroses.0219', None]",23,"['dalanbayar', 'dulguun', 'dorj_tsek', 'baasanceren', 'ch.byambaochir', 'baasantseren11', 'tsooj_0117', 'ssodoo13', 'bil_marbel', 'slize9995', 'judotuugii', 'mugiimogino', 'gunsnroses.0219', 'ggtulga0744', 'sanchirelbegdorj', 'mtulga_mn', 'ganzo_0306', 'ggtulga4464', None, 'misheeldorj', 'baasantsereng', 'by.gerelmaa', 'tgtuugii40']"
42,53,16,17,13,"['ggtulga0744', 'baasantsereng', 'sanchirelbegdorj', 'dulguun', 'dorj_tsek', 'ganzo_0306', 'baasanceren', 'ch.byambaochir', 'baasantseren11', 'mugiimogino', 'tgtuugii40', 'ssodoo13', 'misheeldorj']",2,"['mtulga_mn', 'bil_marbel']",4,"['tsooj_0117', 'dalanbayar', None, 'by.gerelmaa']",19,"['dalanbayar', 'dulguun', 'dorj_tsek', 'baasanceren', 'ch.byambaochir', 'baasantseren11', 'tsooj_0117', 'ssodoo13', 'bil_marbel', 'mugiimogino', 'ggtulga0744', 'sanchirelbegdorj', 'mtulga_mn', 'ganzo_0306', None, 'misheeldorj', 'baasantsereng', 'by.gerelmaa', 'tgtuugii40']"
43,293,16,30,13,"['aholt15', 'donaldkellis', 'williamburdge', 'tonyhobza', 'beatrizjustusferez', 'jenniferwatkins1', 'erikjensen1984', 'majeed', 'cwalker', 'swilliamson', 'seanokelley', 'izaakw', 'andrescorrea']",2,"['mntianen', 'nafif92']",17,"['lanlibsu', 'johnpaulstroud', 'carterwarren12', 'rhunt', 'festivarian', 'teamreidy', 'lucasnukayahead', 'alineelquist', 'stevejohns', 'jennidomski', 'aaronbartz', 'soccor.ghuy', 'megbern', 'jordanvandegrift', 'lnukayaheady', 'daniellenichols', None]",32,"['johnpaulstroud', 'tonyhobza', 'beatrizjustusferez', 'jenniferwatkins1', 'megbern', 'seanokelley', 'aholt15', 'lanlibsu', 'carterwarren12', 'alineelquist', 'stevejohns', 'jennidomski', 'aaronbartz', 'swilliamson', 'lnukayaheady', 'daniellenichols', 'mntianen', 'williamburdge', 'rhunt', 'cwalker', 'jordanvandegrift', None, 'donaldkellis', 'festivarian', 'teamreidy', 'lucasnukayahead', 'soccor.ghuy', 'erikjensen1984', 'majeed', 'izaakw', 'andrescorrea', 'nafif92']"
44,173,16,21,4,"['gserrano', 'ezdude', 'rjbunk', 'ddvalles']",11,"['smithjared1994', 'spschriver', 'sawa', 'nspear17', 'vganapa', 'czy121301', 'horner1', 'campb122', 'hallowj', 'kaiser17', 'gscofiel']",17,"['bmsuen', 'iheartnano', 'haoxian', 'jbrizzy', 'awestle', 'sg630', 'moeberly', 'alexm', 'jftraynor', 'eabeeman', 'mehan', 'shanehwa', 'dangeunk', 'vbung', 'skinnern94', None, 'amalsubh']",32,"['haoxian', 'awestle', 'vganapa', 'rjbunk', 'jftraynor', 'hallowj', 'kaiser17', 'skinnern94', 'gserrano', 'sawa', 'czy121301', 'horner1', 'moeberly', 'alexm', 'eabeeman', 'shanehwa', 'ezdude', 'bmsuen', 'iheartnano', 'smithjared1994', 'nspear17', 'sg630', 'mehan', 'dangeunk', 'ddvalles', 'gscofiel', None, 'amalsubh', 'spschriver', 'jbrizzy', 'campb122', 'vbung']"
44,176,16,13,10,"['smithjared1994', 'spschriver', 'sawa', 'nspear17', 'czy121301', 'horner1', 'campb122', 'hallowj', 'kaiser17', 'gscofiel']",5,"['gserrano', 'vganapa', 'rjbunk', 'ezdude', 'ddvalles']",3,"['wood67', None, 'davidjohnson']",18,"['smithjared1994', 'nspear17', 'vganapa', 'rjbunk', 'hallowj', 'kaiser17', 'ddvalles', 'gscofiel', None, 'gserrano', 'wood67', 'sawa', 'spschriver', 'czy121301', 'horner1', 'campb122', 'ezdude', 'davidjohnson']"
44,174,16,7,1,['ddvalles'],14,"['gserrano', 'smithjared1994', 'spschriver', 'sawa', 'nspear17', 'vganapa', 'czy121301', 'horner1', 'rjbunk', 'campb122', 'hallowj', 'kaiser17', 'ezdude', 'gscofiel']",6,"['bmsuen', 'haoxian', 'awestle', 'jftraynor', 'skinnern94', None]",21,"['bmsuen', 'smithjared1994', 'haoxian', 'nspear17', 'awestle', 'vganapa', 'rjbunk', 'jftraynor', 'hallowj', 'kaiser17', 'ddvalles', 'gscofiel', 'skinnern94', None, 'gserrano', 'sawa', 'spschriver', 'czy121301', 'horner1', 'campb122', 'ezdude']"
44,175,16,7,5,"['smithjared1994', 'nspear17', 'hallowj', 'kaiser17', 'gscofiel']",10,"['gserrano', 'sawa', 'spschriver', 'vganapa', 'czy121301', 'horner1', 'rjbunk', 'campb122', 'ezdude', 'ddvalles']",2,"['kim383', None]",17,"['kim383', 'smithjared1994', 'nspear17', 'vganapa', 'rjbunk', 'hallowj', 'kaiser17', 'ddvalles', 'gscofiel', None, 'gserrano', 'sawa', 'spschriver', 'czy121301', 'horner1', 'campb122', 'ezdude']"
45,183,16,42,1,['ttran1'],14,"['heredmond', 'skirmizi', 'lcliu', 'cprakash', 'aparnas', 'wx229', 'ktoprak', 'w.kyu.kim', 'zhuoxr', 'czhao37', 'voklejas', 'ravidiitk', 'xingfei', 'schlick']",41,"['hillary.zillery', 'figg', 'daniellefagnani', 'rahwlchatterjee', 'jlusk92', 'mpbuteler', 'def82', 'disharay93', 'aravinda1879', 'qasdfgtyuiop', 'cmean17', 'noranzi', 'mef231', 'trangttran9', 'johnnoia09', 'alvarogonzalez', 'mayracooper92', 'blairaweaver', 'cafigg09', 'poranzi', 'djm0017', 'qasdfgtyuiop.1', 'sonypal1988', 'buttathelord', 'farhad.r', 'sunidhi', 'delaramq', 'plin', 'eslam_griesh', 'jluskin92', 'rncarmean', None, 'mnolan212', 'michellenolan', 'atpastore09', 'lmjdida', 'kanderton', 'ljirmo', 'ccolina', 'kinglionrahul', 'mhill5552']",56,"['hillary.zillery', 'figg', 'daniellefagnani', 'ttran1', 'rahwlchatterjee', 'jlusk92', 'wx229', 'mpbuteler', 'def82', 'ktoprak', 'disharay93', 'aravinda1879', 'lcliu', 'qasdfgtyuiop', 'cmean17', 'noranzi', 'mef231', 'skirmizi', 'trangttran9', 'johnnoia09', 'alvarogonzalez', 'cprakash', 'mayracooper92', 'blairaweaver', 'w.kyu.kim', 'cafigg09', 'poranzi', 'voklejas', 'djm0017', 'qasdfgtyuiop.1', 'sonypal1988', 'buttathelord', 'farhad.r', 'sunidhi', 'delaramq', 'aparnas', 'kinglionrahul', 'czhao37', 'plin', 'eslam_griesh', 'jluskin92', 'rncarmean', None, 'mnolan212', 'heredmond', 'michellenolan', 'atpastore09', 'zhuoxr', 'lmjdida', 'kanderton', 'ravidiitk', 'xingfei', 'ljirmo', 'ccolina', 'schlick', 'mhill5552']"
45,219,16,37,2,"['heredmond', 'ttran1']",13,"['skirmizi', 'lcliu', 'cprakash', 'wx229', 'aparnas', 'ktoprak', 'w.kyu.kim', 'zhuoxr', 'czhao37', 'voklejas', 'ravidiitk', 'xingfei', 'schlick']",35,"['figg', 'daniellefagnani', 'rahwlchatterjee', 'jlusk92', 'mpbuteler', 'def82', 'aravinda1879', 'qasdfgtyuiop', 'cmean17', 'noranzi', 'mef231', 'johnnoia09', 'blairaweaver', 'cafigg09', 'poranzi', 'djm0017', 'gt2199', 'buttathelord', 'farhad.r', 'sunidhi', 'delaramq', 'liyanaarachchi27', 'jluskin92', 'rncarmean', None, 'mnolan212', 'michellenolan', 'atpastore09', 'lmjdida', 'kanderton', 'ljirmo', 'sunidhi001', 'kinglionrahul', 'mhill5552', 'ccolina']",50,"['figg', 'daniellefagnani', 'ttran1', 'rahwlchatterjee', 'jlusk92', 'wx229', 'mpbuteler', 'def82', 'ktoprak', 'aravinda1879', 'lcliu', 'qasdfgtyuiop', 'cmean17', 'noranzi', 'mef231', 'skirmizi', 'johnnoia09', 'cprakash', 'blairaweaver', 'w.kyu.kim', 'cafigg09', 'poranzi', 'voklejas', 'djm0017', 'gt2199', 'buttathelord', 'farhad.r', 'sunidhi', 'delaramq', 'aparnas', 'kinglionrahul', 'liyanaarachchi27', 'czhao37', 'jluskin92', 'rncarmean', None, 'mnolan212', 'heredmond', 'michellenolan', 'atpastore09', 'zhuoxr', 'lmjdida', 'kanderton', 'ravidiitk', 'xingfei', 'ljirmo', 'sunidhi001', 'schlick', 'mhill5552', 'ccolina']"
46,2,16,12,10,"['handrade88', 'sofieberg1', 'henning.kaland', 'pchan', 'backjoonho', 'haller.jeff', 'mhlabrecque', 'majadroyli', 'kahadi', 'arifcangungor']",5,"['buckles2', 'jbtonyyau', 'sashado', 'tanmoyssd', 'wangsheng.pku']",2,"['mats.est', None]",17,"['handrade88', 'buckles2', 'sashado', 'mhlabrecque', 'majadroyli', 'kahadi', 'wangsheng.pku', None, 'arifcangungor', 'jbtonyyau', 'mats.est', 'sofieberg1', 'henning.kaland', 'pchan', 'backjoonho', 'tanmoyssd', 'haller.jeff']"
47,232,16,20,15,"['jxh488', 'sxb5654', 'tkc5157', 'monicaroy892', 'szh200', 'rbh5070', 'lxz1', 'mohamad.makarem', 'lkp5147', 'hxh5226', 'cfm5250', 'jhl182', 'xvz5249', 'amb6037', 'mxk5602']",0,[],5,"['kxz142', 'sbs5576', None, 'mav206', 'axv939']",20,"['kxz142', 'jxh488', 'lxz1', 'hxh5226', 'cfm5250', 'axv939', 'jhl182', 'sxb5654', 'mxk5602', 'tkc5157', 'szh200', 'sbs5576', 'mohamad.makarem', 'lkp5147', 'mav206', None, 'monicaroy892', 'rbh5070', 'amb6037', 'xvz5249']"
48,252,16,81,14,"['vijayaher0211', 'shakti81', 'abhisheknavlu', 'mayurgaikwad1293', 'smackthatjohn', 'anjaliashlin', 'swithin.ds', 'jagrutinagaonkar', 'greatabhi.jathar', 'jitenbahua', 'dipeshghag4u', 'zak1010', 'girish.rancho', 'ibrahimarif950']",1,['darshanrajgor.2016'],67,"['ameysalvi24', 'swapnalimakdey25', 'shantanukel', 'jamdadeparag', 'kit.km72', 'kalyani.aye93', 'likita94', 'rbiradar', 'ps22ghule', 'sumaiyya.kazi94', 'sudhanshuapte1995', 'sachdev1995', 'shaikhkarnekar', 'vivek.gavhane1234', 'prathu93', 'devendragpt8', 'nikhilkachare46', 'ashishtonge94', 'praju.geet', 'chetana24', 'nairpooja1234', 'manishakolekar1994', 'myra10me01', 'kumarrohan64', 'suraj348', 'tikareshubham9', 'koltechetan346', 'vidhi123', 'abhimodi4321', 'darpan.bagwale', 'geofjoy', 'sagar.mujpara99', 'mithlesh.kxsp', 'sukanya93', 'adiarv94', 'ashwin', 'vapande3006', 'neel.shinde.14', 'meraj025', 'mohnish.murli', 'darshanasankhe78', 'himanshugajare.2016', 'ruhi20salvi', 'kiran.hemale', 'niki.mohod', 'bbirud', 'mona94', 'mtinu', 'ravindrakhorwal28', 'vijayvishal9751', 'ved.tawari', 'komplepriya95', 'shivkumar020994', 'priyankasingh754', 'viraj.pereira', None, 'gauri123', 'raghu.shirodkar', 'nibha29', 'pendkeomkar', 'akashrana861', 'prashantkhedkar.sakec', 'shvmsingh93', 'akshay.d21', 'ronakraj93', 'juvika1994', 'omkar.bane13']",82,"['ameysalvi24', 'swapnalimakdey25', 'shantanukel', 'jamdadeparag', 'kit.km72', 'kalyani.aye93', 'likita94', 'rbiradar', 'greatabhi.jathar', 'ps22ghule', 'sumaiyya.kazi94', 'sudhanshuapte1995', 'sachdev1995', 'shaikhkarnekar', 'vivek.gavhane1234', 'prathu93', 'devendragpt8', 'nikhilkachare46', 'ashishtonge94', 'praju.geet', 'chetana24', 'nairpooja1234', 'manishakolekar1994', 'myra10me01', 'kumarrohan64', 'darshanrajgor.2016', 'suraj348', 'tikareshubham9', 'vijayaher0211', 'koltechetan346', 'vidhi123', 'abhimodi4321', 'darpan.bagwale', 'anjaliashlin', 'swithin.ds', 'geofjoy', 'sagar.mujpara99', 'mithlesh.kxsp', 'dipeshghag4u', 'ibrahimarif950', 'sukanya93', 'adiarv94', 'mayurgaikwad1293', 'ashwin', 'vapande3006', 'neel.shinde.14', 'smackthatjohn', 'girish.rancho', 'meraj025', 'mohnish.murli', 'darshanasankhe78', 'himanshugajare.2016', 'ruhi20salvi', 'kiran.hemale', 'niki.mohod', 'bbirud', 'mona94', 'mtinu', 'ravindrakhorwal28', 'vijayvishal9751', 'abhisheknavlu', 'ved.tawari', 'komplepriya95', 'shivkumar020994', 'priyankasingh754', 'viraj.pereira', 'zak1010', None, 'gauri123', 'raghu.shirodkar', 'nibha29', 'pendkeomkar', 'akashrana861', 'prashantkhedkar.sakec', 'shvmsingh93', 'jagrutinagaonkar', 'akshay.d21', 'ronakraj93', 'jitenbahua', 'juvika1994', 'omkar.bane13', 'shakti81']"
48,266,16,44,9,"['vijayaher0211', 'mayurgaikwad1293', 'anjaliashlin', 'swithin.ds', 'smackthatjohn', 'dipeshghag4u', 'zak1010', 'girish.rancho', 'ibrahimarif950']",6,"['abhisheknavlu', 'jagrutinagaonkar', 'greatabhi.jathar', 'darshanrajgor.2016', 'jitenbahua', 'shakti81']",35,"['neeradisalonika', 'kuldeeppatil201093', 'kritikasharma261995', 'ambicavenkatesh2009', 'zalakdodecha', 'peterteres67', 'gharat789', 'sumaiyya.kazi94', 'anirudh0000', 'ranjanjadhav1234', 'khansaif94', 'prathmeshgurunathparab', 'amit.madgi', 'chisimeybijimchigmomin', 'thoravekalpesh', 'rgole02', 'rupali1891994', 'vshrivastav', 'svinina', 'nikhiljadhav.jadhav40', 'thysontharun', 'karna1995.kj', 'jatindhakad420', None, 'priyanka.chavan.s.pc', 'nishanth1101', 'darpan.bagwale', 'ascharyaskumar', 'thefreeliar18', 'swapneil.hirulkar', 'sapnabhandary31', 'ashwinnumbrat94', 'sharvaridalvi301', 'akash.bolke83', 'swapnil.dalvi811']",50,"['neeradisalonika', 'kuldeeppatil201093', 'kritikasharma261995', 'mayurgaikwad1293', 'ambicavenkatesh2009', 'zalakdodecha', 'greatabhi.jathar', 'peterteres67', 'gharat789', 'smackthatjohn', 'ashwinnumbrat94', 'girish.rancho', 'shakti81', 'sumaiyya.kazi94', 'anirudh0000', 'ranjanjadhav1234', 'khansaif94', 'prathmeshgurunathparab', 'amit.madgi', 'chisimeybijimchigmomin', 'thoravekalpesh', 'rgole02', 'rupali1891994', 'vshrivastav', 'svinina', 'abhisheknavlu', 'nikhiljadhav.jadhav40', 'thysontharun', 'karna1995.kj', 'darshanrajgor.2016', 'zak1010', 'jatindhakad420', None, 'vijayaher0211', 'priyanka.chavan.s.pc', 'nishanth1101', 'darpan.bagwale', 'ascharyaskumar', 'anjaliashlin', 'swithin.ds', 'jagrutinagaonkar', 'thefreeliar18', 'swapneil.hirulkar', 'sapnabhandary31', 'jitenbahua', 'dipeshghag4u', 'sharvaridalvi301', 'akash.bolke83', 'swapnil.dalvi811', 'ibrahimarif950']"
48,264,16,19,4,"['abhisheknavlu', 'greatabhi.jathar', 'jagrutinagaonkar', 'jitenbahua']",11,"['vijayaher0211', 'shakti81', 'mayurgaikwad1293', 'anjaliashlin', 'swithin.ds', 'darshanrajgor.2016', 'smackthatjohn', 'dipeshghag4u', 'zak1010', 'girish.rancho', 'ibrahimarif950']",15,"['mohnish.murli', 'ravindrakhorwal28', 'sachdev1995', 'mtinu', 'nibha29', 'komplepriya95', 'geofjoy', 'prashantkhedkar.sakec', 'vapande3006', 'devendragpt8', 'niki.mohod', 'mona94', 'praju.geet', None, 'nairpooja1234']",30,"['mayurgaikwad1293', 'vapande3006', 'greatabhi.jathar', 'smackthatjohn', 'girish.rancho', 'shakti81', 'mohnish.murli', 'sachdev1995', 'devendragpt8', 'niki.mohod', 'mona94', 'praju.geet', 'nairpooja1234', 'mtinu', 'ravindrakhorwal28', 'abhisheknavlu', 'komplepriya95', 'darshanrajgor.2016', 'zak1010', None, 'vijayaher0211', 'nibha29', 'anjaliashlin', 'swithin.ds', 'geofjoy', 'jagrutinagaonkar', 'prashantkhedkar.sakec', 'jitenbahua', 'dipeshghag4u', 'ibrahimarif950']"
48,251,16,13,1,['darshanrajgor.2016'],14,"['vijayaher0211', 'shakti81', 'abhisheknavlu', 'mayurgaikwad1293', 'smackthatjohn', 'anjaliashlin', 'swithin.ds', 'jagrutinagaonkar', 'greatabhi.jathar', 'jitenbahua', 'dipeshghag4u', 'zak1010', 'girish.rancho', 'ibrahimarif950']",12,"['morehiten', 'asaishwaryashetty2', 'nibha29', 'vijayvishal9751', 'komplepriya95', 'shvmsingh93', 'prashantkhedkar.sakec', 'ria120694', 'niki.mohod', 'gautam4994', None, 'sukanya93']",27,"['asaishwaryashetty2', 'vijayvishal9751', 'abhisheknavlu', 'mayurgaikwad1293', 'komplepriya95', 'greatabhi.jathar', 'darshanrajgor.2016', 'smackthatjohn', 'zak1010', 'gautam4994', 'girish.rancho', 'shakti81', None, 'ria120694', 'vijayaher0211', 'morehiten', 'nibha29', 'anjaliashlin', 'swithin.ds', 'shvmsingh93', 'jagrutinagaonkar', 'prashantkhedkar.sakec', 'sukanya93', 'niki.mohod', 'jitenbahua', 'dipeshghag4u', 'ibrahimarif950']"
48,263,16,13,2,"['darshanrajgor.2016', 'jagrutinagaonkar']",13,"['vijayaher0211', 'shakti81', 'abhisheknavlu', 'mayurgaikwad1293', 'smackthatjohn', 'anjaliashlin', 'swithin.ds', 'greatabhi.jathar', 'jitenbahua', 'dipeshghag4u', 'zak1010', 'girish.rancho', 'ibrahimarif950']",11,"['asaishwaryashetty2', 'nibha29', 'vijayvishal9751', 'komplepriya95', 'shvmsingh93', 'prashantkhedkar.sakec', 'ria120694', 'niki.mohod', 'gautam4994', None, 'sukanya93']",26,"['asaishwaryashetty2', 'vijayvishal9751', 'abhisheknavlu', 'mayurgaikwad1293', 'komplepriya95', 'greatabhi.jathar', 'darshanrajgor.2016', 'smackthatjohn', 'zak1010', 'gautam4994', 'girish.rancho', 'shakti81', None, 'ria120694', 'vijayaher0211', 'nibha29', 'anjaliashlin', 'swithin.ds', 'shvmsingh93', 'jagrutinagaonkar', 'prashantkhedkar.sakec', 'sukanya93', 'niki.mohod', 'jitenbahua', 'dipeshghag4u', 'ibrahimarif950']"
48,253,16,7,1,['greatabhi.jathar'],14,"['vijayaher0211', 'shakti81', 'abhisheknavlu', 'mayurgaikwad1293', 'smackthatjohn', 'anjaliashlin', 'swithin.ds', 'jagrutinagaonkar', 'darshanrajgor.2016', 'jitenbahua', 'dipeshghag4u', 'zak1010', 'girish.rancho', 'ibrahimarif950']",6,"['sachdev1995', 'pushkarvaity', 'bbirud', None, 'manali', 'mkshirke94']",21,"['abhisheknavlu', 'mayurgaikwad1293', 'bbirud', 'greatabhi.jathar', 'darshanrajgor.2016', 'smackthatjohn', 'zak1010', 'girish.rancho', 'shakti81', None, 'manali', 'vijayaher0211', 'sachdev1995', 'anjaliashlin', 'swithin.ds', 'jagrutinagaonkar', 'pushkarvaity', 'mkshirke94', 'jitenbahua', 'dipeshghag4u', 'ibrahimarif950']"
49,225,16,20,14,"['yanggao', 'jonmetz1', 'ayasuna1', 'zli106', 'oasif1', 'kcheng8', 'mcalama1', 'prateekshadas', 'dfisher5', 'tljungb1', 'jkeegan3', 'soconno7', 'bjin2', 'xwen4']",1,['alevitt2'],6,"['goginenisnehaja', 'jpatel22', 'smarandigo', 'makotokawabata', None, 'sgogine1']",21,"['tljungb1', 'makotokawabata', 'mcalama1', 'zli106', 'ayasuna1', 'dfisher5', 'bjin2', 'yanggao', 'jonmetz1', 'smarandigo', 'prateekshadas', 'jkeegan3', None, 'goginenisnehaja', 'jpatel22', 'oasif1', 'alevitt2', 'soconno7', 'sgogine1', 'kcheng8', 'xwen4']"
49,155,16,19,14,"['yanggao', 'jonmetz1', 'ayasuna1', 'zli106', 'oasif1', 'kcheng8', 'mcalama1', 'prateekshadas', 'alevitt2', 'tljungb1', 'jkeegan3', 'dfisher5', 'soconno7', 'bjin2']",1,['xwen4'],5,"['goginenisnehaja', 'jpatel22', 'yoyoyohe', 'makotokawabata', None]",20,"['yoyoyohe', 'tljungb1', 'makotokawabata', 'mcalama1', 'zli106', 'ayasuna1', 'dfisher5', 'bjin2', 'yanggao', 'jonmetz1', 'prateekshadas', 'jkeegan3', None, 'goginenisnehaja', 'jpatel22', 'oasif1', 'alevitt2', 'soconno7', 'kcheng8', 'xwen4']"
49,226,16,19,13,"['yanggao', 'jonmetz1', 'ayasuna1', 'oasif1', 'mcalama1', 'prateekshadas', 'alevitt2', 'tljungb1', 'jkeegan3', 'dfisher5', 'soconno7', 'bjin2', 'xwen4']",2,"['zli106', 'kcheng8']",6,"['goginenisnehaja', 'jpatel22', 'yoyoyohe', 'pegahmfar', 'makotokawabata', None]",21,"['yoyoyohe', 'tljungb1', 'makotokawabata', 'mcalama1', 'zli106', 'ayasuna1', 'dfisher5', 'bjin2', 'yanggao', 'jonmetz1', 'pegahmfar', 'prateekshadas', 'jkeegan3', None, 'goginenisnehaja', 'jpatel22', 'oasif1', 'alevitt2', 'soconno7', 'kcheng8', 'xwen4']"
49,222,16,17,13,"['yanggao', 'jonmetz1', 'ayasuna1', 'oasif1', 'kcheng8', 'mcalama1', 'prateekshadas', 'alevitt2', 'tljungb1', 'jkeegan3', 'soconno7', 'bjin2', 'xwen4']",2,"['zli106', 'dfisher5']",4,"['makotokawabata', None, 'yoyoyohe', 'jpatel22']",19,"['yoyoyohe', 'tljungb1', 'makotokawabata', 'mcalama1', 'zli106', 'ayasuna1', 'dfisher5', 'bjin2', 'yanggao', 'jonmetz1', 'prateekshadas', 'jkeegan3', None, 'jpatel22', 'oasif1', 'alevitt2', 'soconno7', 'kcheng8', 'xwen4']"
49,153,16,15,11,"['yanggao', 'zli106', 'ayasuna1', 'kcheng8', 'mcalama1', 'prateekshadas', 'dfisher5', 'jkeegan3', 'soconno7', 'bjin2', 'xwen4']",4,"['oasif1', 'jonmetz1', 'alevitt2', 'tljungb1']",4,"['tdhakal', 'smarandigo', None, 'makotokawabata']",19,"['yanggao', 'tdhakal', 'jonmetz1', 'kcheng8', 'smarandigo', 'prateekshadas', 'tljungb1', 'jkeegan3', 'makotokawabata', None, 'mcalama1', 'zli106', 'ayasuna1', 'oasif1', 'alevitt2', 'dfisher5', 'soconno7', 'bjin2', 'xwen4']"
49,221,16,10,7,"['zli106', 'kcheng8', 'prateekshadas', 'dfisher5', 'jkeegan3', 'bjin2', 'xwen4']",8,"['yanggao', 'jonmetz1', 'ayasuna1', 'oasif1', 'alevitt2', 'tljungb1', 'soconno7', 'mcalama1']",3,"['tdhakal', 'makotokawabata', None]",18,"['yanggao', 'tdhakal', 'jonmetz1', 'kcheng8', 'prateekshadas', 'tljungb1', 'jkeegan3', 'makotokawabata', None, 'mcalama1', 'zli106', 'ayasuna1', 'oasif1', 'alevitt2', 'dfisher5', 'soconno7', 'bjin2', 'xwen4']"
50,241,15,24,10,"['ew1238', 'vs1638', 'chloemw', 'rm4293', 'atb386', 'ad3572', 'yw2106', 'sp4012', 'munjal', 'nap412']",4,"['jeconstantino', 'yasheryuan', 'liziliang1857', 'a246792001']",14,"['iamash', 'aashik', 'munaf.qazi', 'bl1854', 'smf552', 'niketheace', 'acj311', 'nsl278', 'golivikyath', 'iamsatwikpatnaik', 'ruturajpujari', 'sbk411', None, 'asmharbi']",28,"['ew1238', 'iamash', 'vs1638', 'chloemw', 'rm4293', 'atb386', 'bl1854', 'niketheace', 'smf552', 'ad3572', 'yw2106', 'munjal', 'liziliang1857', 'munaf.qazi', 'acj311', 'iamsatwikpatnaik', 'nap412', 'aashik', 'sp4012', 'ruturajpujari', 'sbk411', 'jeconstantino', None, 'nsl278', 'golivikyath', 'a246792001', 'yasheryuan', 'asmharbi']"
51,18,14,18,13,"['skit13', 'mendozaj', 'znw2', 'eoberlaender', 'ndiez', 'ndirocco', 'khalidalzayed', 'amissiego', 'anvera0513', 'jpanikulam', 'teddyj', 'linglin', 'sanchez.franklin.27']",0,[],5,"['cbailey93', 'brikman23', 'avera0513', 'klborowski', None]",18,"['mendozaj', 'brikman23', 'eoberlaender', 'avera0513', 'khalidalzayed', 'amissiego', 'anvera0513', None, 'ndiez', 'linglin', 'cbailey93', 'skit13', 'znw2', 'ndirocco', 'klborowski', 'jpanikulam', 'teddyj', 'sanchez.franklin.27']"
51,220,14,15,13,"['skit13', 'mendozaj', 'znw2', 'eoberlaender', 'ndiez', 'ndirocco', 'khalidalzayed', 'amissiego', 'anvera0513', 'jpanikulam', 'teddyj', 'linglin', 'sanchez.franklin.27']",0,[],2,"['brikman23', None]",15,"['mendozaj', 'brikman23', 'eoberlaender', 'khalidalzayed', 'amissiego', 'anvera0513', None, 'ndiez', 'linglin', 'skit13', 'znw2', 'ndirocco', 'jpanikulam', 'teddyj', 'sanchez.franklin.27']"
51,136,14,12,11,"['mendozaj', 'znw2', 'eoberlaender', 'ndiez', 'ndirocco', 'amissiego', 'anvera0513', 'jpanikulam', 'teddyj', 'linglin', 'sanchez.franklin.27']",2,"['skit13', 'khalidalzayed']",1,[None],14,"['mendozaj', 'eoberlaender', 'khalidalzayed', 'amissiego', 'anvera0513', None, 'ndiez', 'linglin', 'skit13', 'znw2', 'ndirocco', 'jpanikulam', 'teddyj', 'sanchez.franklin.27']"
52,181,14,13,12,"['agentxyz7', 'edofflemyer', 'pyfromem1', 'rcarrai', 'sfiorett', 'umwsarek', 'cmarche', 'meredithsnyder12', 'uvasep005', 'mtovar', 'wharris2', 'melissapampel']",1,['alinaarnattnestor'],1,[None],14,"['agentxyz7', 'pyfromem1', 'umwsarek', 'mtovar', None, 'edofflemyer', 'rcarrai', 'sfiorett', 'alinaarnattnestor', 'cmarche', 'meredithsnyder12', 'uvasep005', 'wharris2', 'melissapampel']"
53,74,14,64,13,"['sweta.ghumare', 'sonia.naik', 'akshay.gadhave', 'darshan.bhanushali', 'saniya.hans', 'singh.priyaa36', 'mahesh.magar', 'komal.gaikwad', 'priyanka.avhad', 'pooja.karle', 'sona.dhongde', 'jayant.parab', 'nikita.gurnani']",0,[],51,"['bhatia.jitesh', 'akshaya17', 'vinita.vachhani', 'swapnalimakdey25', 'saurabh.bhirud', 'ulka.patil', 'shubham.pounikar', 'anisha.das', 'suyash.karle', 'priyanka.kulkarni', 'richard.noronha', 'sajjan.jha', 'karan.sonawane', 'sayli.shevade', 'ashutosh.singh', 'chetanraj.pant', 'samira2308', 'harshada.patankar', 'hitin.mandhani', 'pournima.amondkar', 'arundhathirs1993', 'digvijay.singh', 'dishantm01', 'natasha.gurnani', 'akshay.budhrani', 'jeet.bhanushali', 'mp12121234', 'priyanka.ghatge', 'mayur.agarwadekar', 'sanika.pandharkar', 'ajinkyapadwad', 'kalpeshshukla11', 'kanchan.phadtare', 'kalindi.deshmukh', 'parth.mehta', 'madhav.hingane', 'te.tronics2012', 'batchbd16b', 'prerna.jaisingh', 'abhay.bhanushali', 'rutuja.shinde', 'amdheepikaa', 'abhay.kshirsagar', 'preeti.suryawanshi', 'dishantm1993', 'nimita20', None, 'urvashi.chawla', 'tiinnovationvesit', 'mahadikchetna', 'linusassao974']",64,"['sweta.ghumare', 'bhatia.jitesh', 'akshaya17', 'vinita.vachhani', 'akshay.gadhave', 'swapnalimakdey25', 'priyanka.avhad', 'saurabh.bhirud', 'ulka.patil', 'shubham.pounikar', 'anisha.das', 'suyash.karle', 'priyanka.kulkarni', 'richard.noronha', 'sajjan.jha', 'karan.sonawane', 'sayli.shevade', 'ashutosh.singh', 'chetanraj.pant', 'samira2308', 'harshada.patankar', 'hitin.mandhani', 'pournima.amondkar', 'arundhathirs1993', 'digvijay.singh', 'dishantm01', 'natasha.gurnani', 'saniya.hans', 'akshay.budhrani', 'komal.gaikwad', 'jeet.bhanushali', 'mp12121234', 'priyanka.ghatge', 'mayur.agarwadekar', 'darshan.bhanushali', 'sanika.pandharkar', 'ajinkyapadwad', 'kalpeshshukla11', 'kanchan.phadtare', 'kalindi.deshmukh', 'sonia.naik', 'parth.mehta', 'madhav.hingane', 'te.tronics2012', 'batchbd16b', 'jayant.parab', 'prerna.jaisingh', 'abhay.bhanushali', 'rutuja.shinde', 'amdheepikaa', 'abhay.kshirsagar', 'preeti.suryawanshi', 'pooja.karle', 'sona.dhongde', 'dishantm1993', 'nimita20', None, 'urvashi.chawla', 'tiinnovationvesit', 'mahadikchetna', 'singh.priyaa36', 'mahesh.magar', 'linusassao974', 'nikita.gurnani']"
54,284,14,13,1,['johnlohrer'],12,"['ian.a.carr', 'zhangjianhyper', 'abaumer', 'kevinb23', 'zhengqm', 'magnetometerfeedback', 'alexis.guillermo.ortega.acurero', 'ahn', 'zhengqm92', 'nbatista', 'jeetdesai5591', 'saniyaleblanc']",12,"['jhbahk', 'prabhakar.radhika3', 'ankit2492', 'zhangyuuc', 'wqx1331', 'madhavsn', 'yashmehta23', 'cuddalkv', 'ashwinvenky', None, 'prabhara', 'alabaolumide1']",25,"['ian.a.carr', 'jhbahk', 'ankit2492', 'zhangyuuc', 'alabaolumide1', 'abaumer', 'zhengqm', 'wqx1331', 'madhavsn', 'yashmehta23', 'magnetometerfeedback', 'alexis.guillermo.ortega.acurero', 'cuddalkv', 'ahn', 'ashwinvenky', None, 'jeetdesai5591', 'prabhakar.radhika3', 'johnlohrer', 'zhangjianhyper', 'kevinb23', 'zhengqm92', 'nbatista', 'prabhara', 'saniyaleblanc']"
54,285,14,12,9,"['ian.a.carr', 'abaumer', 'kevinb23', 'zhengqm', 'ahn', 'zhengqm92', 'nbatista', 'jeetdesai5591', 'saniyaleblanc']",4,"['johnlohrer', 'zhangjianhyper', 'magnetometerfeedback', 'alexis.guillermo.ortega.acurero']",3,"['uchiha1990', None, 'michael_orrill']",16,"['ian.a.carr', 'abaumer', 'zhengqm', 'michael_orrill', 'magnetometerfeedback', 'alexis.guillermo.ortega.acurero', 'ahn', None, 'jeetdesai5591', 'johnlohrer', 'zhangjianhyper', 'kevinb23', 'uchiha1990', 'zhengqm92', 'nbatista', 'saniyaleblanc']"
54,286,14,8,6,"['ian.a.carr', 'zhangjianhyper', 'zhengqm', 'ahn', 'zhengqm92', 'nbatista']",7,"['johnlohrer', 'abaumer', 'kevinb23', 'magnetometerfeedback', 'alexis.guillermo.ortega.acurero', 'jeetdesai5591', 'saniyaleblanc']",2,"['mjcarter83', None]",15,"['ian.a.carr', 'abaumer', 'zhengqm', 'magnetometerfeedback', 'alexis.guillermo.ortega.acurero', 'ahn', None, 'jeetdesai5591', 'mjcarter83', 'johnlohrer', 'zhangjianhyper', 'kevinb23', 'zhengqm92', 'nbatista', 'saniyaleblanc']"
55,215,14,9,8,"['gohny0115', 'zxcekrud', 'rarami55', 'kdj406', 'dnlwd09', 'sks911017', 'dangshiggy', 'jkorad2843']",5,"['wassupyo412', 'sanyika923', 'salehzadeho', 'blablabla', 'marinamedhat']",1,[None],14,"['wassupyo412', 'gohny0115', 'salehzadeho', 'dnlwd09', 'sks911017', 'blablabla', None, 'jkorad2843', 'zxcekrud', 'rarami55', 'kdj406', 'sanyika923', 'dangshiggy', 'marinamedhat']"
56,48,14,9,6,"['alain_gonu', 'mezarojasenrique', 'gaga', 'alex58tj', 'pedro.gc18', 'ericklerm']",7,"['dinosawrhat', 'jgarst', 'toro_25_3_96', 'yorkin88', 'logy5000', 'payam.amin', 'ivan.gm116']",3,"['sblasterg', None, 'sebasvicaru']",16,"['jgarst', 'payam.amin', 'alain_gonu', 'alex58tj', 'gaga', 'sblasterg', 'ivan.gm116', 'pedro.gc18', 'sebasvicaru', None, 'ericklerm', 'dinosawrhat', 'toro_25_3_96', 'yorkin88', 'logy5000', 'mezarojasenrique']"
57,110,14,17,2,"['warpoin', 'dingjun.sjtu']",11,"['chinglh', 'andresreynoso', 'larab', 'chhchl', 'federicohcova', 'ghadiyali.mohd', 'sxiexie', 'sadounahmed', 'reza.sarhaddi', 'phamleminhthong', 'abat']",15,"['mohd.malik1992', 'ajs322', 'mdasta', 'dbelsito', 'zev.of.naxos', 'ck921125', 'gann.reddy', 'wband', 'valexandrov', 'akononov', 'aerielm5061', None, 'mingdeqin2', 'afchadwi', 'emeryjdk']",28,"['chinglh', 'andresreynoso', 'chhchl', 'mdasta', 'zev.of.naxos', 'ck921125', 'federicohcova', 'sxiexie', 'reza.sarhaddi', 'aerielm5061', 'abat', None, 'wband', 'dingjun.sjtu', 'larab', 'mohd.malik1992', 'ajs322', 'warpoin', 'dbelsito', 'gann.reddy', 'ghadiyali.mohd', 'valexandrov', 'akononov', 'sadounahmed', 'phamleminhthong', 'mingdeqin2', 'afchadwi', 'emeryjdk']"
58,57,14,7,4,"['eyan', 'pkempler', 'hanchueh', 'theslayerxxx']",9,"['pranjal23doval', 'padhika', 'mickealat', 'sharjis1994', 'liveuday7', 'sen120nikhil', 'ncnweb_tftest', 'maal4856', 'fanzhen']",3,"[None, 'ahsank', 'dekamayro']",16,"['ahsank', 'padhika', 'hanchueh', 'eyan', 'ncnweb_tftest', 'maal4856', None, 'fanzhen', 'dekamayro', 'pranjal23doval', 'theslayerxxx', 'mickealat', 'pkempler', 'sharjis1994', 'liveuday7', 'sen120nikhil']"
59,131,13,13,7,"['vivshar10', 'rdbabu75', 'pc.nithin82', 'evinay.tel', 'ashbits.jsr', 'namratasp3', 'ashchu_24']",5,"['scarbolo.paolo', 'sandytezu', 'meeramathew133', 'balaji404', 'msciullo2010']",6,"['ajaybharadwaj05', 'israni_kamal', 'arjunnambiarkn', None, 'gyanan2007', 'abhishek.tg04']",18,"['ajaybharadwaj05', 'israni_kamal', 'rdbabu75', 'evinay.tel', 'ashbits.jsr', 'meeramathew133', 'namratasp3', 'balaji404', 'gyanan2007', None, 'vivshar10', 'pc.nithin82', 'scarbolo.paolo', 'arjunnambiarkn', 'sandytezu', 'abhishek.tg04', 'msciullo2010', 'ashchu_24']"
60,7,13,55,9,"['snzhang371', 'shenxinrusue', 'siyi.xu.180', 'chunxu2', 'hhardin2', 'wonder112826', 'bacchanalianomark', 'lgwarpinski', 'anahitakagti']",3,"['dmpaolillo', 'jaelee6', 'captainap0220']",46,"['adbrown3', 'kemehan654', 'ramansbach', 'jonbaebae', 'zachary.zhai.1', 'fkosasi2', 'hsheng3', 'bridgette.lafaye', 'xlz.287', 'mbmoy2', 'teng10', 'qiujiezhao1994', 'andi950926', 'emfoley14', 'ndunlap2', 'mlandi6', 'jeoneil6', 'samsrajer', 'kagebei2', 'cnlopes12', 'zhaber2', 'sdhanak1', 'jkim561', 'perozek2', 'reisber2', 'dsch33', 'a.schleife', 'buhl2', 'vasyltheonly', 'harrisian84', 'ychu18', 'cwojtan', 'shoughton625', None, 'ychen254', 'mmkurth2', 'zhoffm', 'jinpeng.zhuo', 'hugo17.wang', 'mchang14', 'jxiong7', 'ecyoung', 'dpfoste2', 'jylin4', 'amber.snil', 'samhalpern58']",58,"['adbrown3', 'kemehan654', 'fkosasi2', 'hsheng3', 'mbmoy2', 'teng10', 'bacchanalianomark', 'qiujiezhao1994', 'dmpaolillo', 'ndunlap2', 'zhaber2', 'sdhanak1', 'jkim561', 'shenxinrusue', 'perozek2', 'wonder112826', 'reisber2', 'a.schleife', 'lgwarpinski', 'cwojtan', 'captainap0220', 'hhardin2', 'ychen254', 'mmkurth2', 'zhoffm', 'jinpeng.zhuo', 'hugo17.wang', 'ecyoung', 'dpfoste2', 'buhl2', 'snzhang371', 'ramansbach', 'jonbaebae', 'zachary.zhai.1', 'bridgette.lafaye', 'xlz.287', 'andi950926', 'chunxu2', 'emfoley14', 'mlandi6', 'jeoneil6', 'samsrajer', 'kagebei2', 'cnlopes12', 'jaelee6', 'anahitakagti', 'dsch33', 'vasyltheonly', 'harrisian84', 'ychu18', 'shoughton625', None, 'siyi.xu.180', 'mchang14', 'jxiong7', 'jylin4', 'amber.snil', 'samhalpern58']"
61,138,13,10,8,"['ankurjordanryan', 'rjcroman', 'insong', 'brountree', 'fshaw001', 'helenwoo1103', 'alupe001', 'jknec002']",4,"['singh.aniruddh92', 'antural', 'sloui005', 'msuja001']",2,"['jlee326', None]",14,"['ankurjordanryan', 'rjcroman', 'antural', 'msuja001', 'helenwoo1103', 'alupe001', 'fshaw001', None, 'singh.aniruddh92', 'jlee326', 'sloui005', 'insong', 'brountree', 'jknec002']"
62,128,13,37,11,"['jphc64', 'andrez.tc', 'azambrano13', 'jassonmolina', 'henryr9708', 'paula.osorio2222', 'andfe', 'toromateoc', 'nan123214', 'anfepe12', 'sergiocamilo97']",1,['juanbaquero'],26,"['manuel_prom', 'fernel94', 'juanfdo96', 'miguelangeldaza', 'n2ea', 'ha.tapia10', 'cpotdevin', 'juancho_9321', 'mangomela', 'camon93', 'sebasmxq', 'fabiant970', 'jl.mayorga236', 'menesesleonardo', 'felipe.forerome', 'jeissoncz', None, 's.arevalo26', 'davidan_pino', 'juanma.lovera', 'anonimomath', 'williamrodriguezcruz1819', 'crisdavbed08', 'jdvg0805', 'sergioalvarez12', 'alexmurcia96']",38,"['manuel_prom', 'fernel94', 'azambrano13', 'miguelangeldaza', 'n2ea', 'ha.tapia10', 'paula.osorio2222', 'juanfdo96', 'anfepe12', 'cpotdevin', 'juancho_9321', 'sergiocamilo97', 'mangomela', 'camon93', 'jphc64', 'sebasmxq', 'fabiant970', 'juanbaquero', 'jl.mayorga236', 'andfe', 'toromateoc', 'menesesleonardo', 'felipe.forerome', 'jeissoncz', None, 's.arevalo26', 'davidan_pino', 'juanma.lovera', 'andrez.tc', 'anonimomath', 'jassonmolina', 'henryr9708', 'crisdavbed08', 'williamrodriguezcruz1819', 'jdvg0805', 'sergioalvarez12', 'alexmurcia96', 'nan123214']"
62,243,13,32,11,"['jphc64', 'andrez.tc', 'azambrano13', 'jassonmolina', 'henryr9708', 'paula.osorio2222', 'andfe', 'toromateoc', 'nan123214', 'anfepe12', 'sergiocamilo97']",1,['juanbaquero'],21,"['fernel94', 'juanfdo96', 'miguelangeldaza', 'n2ea', 'ha.tapia10', 'cpotdevin', 'juancho_9321', 'mangomela', 'camon93', 'sebasmxq', 'fabiant970', 'jl.mayorga236', 'menesesleonardo', 'jeissoncz', None, 's.arevalo26', 'davidan_pino', 'juanma.lovera', 'williamrodriguezcruz1819', 'jdvg0805', 'sergioalvarez12']",33,"['fernel94', 'azambrano13', 'miguelangeldaza', 'n2ea', 'ha.tapia10', 'paula.osorio2222', 'juanfdo96', 'anfepe12', 'cpotdevin', 'juancho_9321', 'sergiocamilo97', 'mangomela', 'camon93', 'jphc64', 'sebasmxq', 'fabiant970', 'juanbaquero', 'jl.mayorga236', 'andfe', 'toromateoc', 'menesesleonardo', 'jeissoncz', None, 's.arevalo26', 'davidan_pino', 'juanma.lovera', 'andrez.tc', 'jassonmolina', 'henryr9708', 'williamrodriguezcruz1819', 'jdvg0805', 'sergioalvarez12', 'nan123214']"
62,242,13,25,12,"['jphc64', 'andrez.tc', 'juanbaquero', 'azambrano13', 'jassonmolina', 'henryr9708', 'paula.osorio2222', 'andfe', 'toromateoc', 'nan123214', 'anfepe12', 'sergiocamilo97']",0,[],13,"['sereta27', 'la.avendano10', 'juanma.lovera', 'fabiant970', 'anonimomath', 'juanfdo96', 'miguelangeldaza', 'n2ea', 'ha.tapia10', 'alexmurcia96', 'phelep22', 'jeissoncz', None]",25,"['azambrano13', 'miguelangeldaza', 'n2ea', 'ha.tapia10', 'paula.osorio2222', 'juanfdo96', 'anfepe12', 'sereta27', 'sergiocamilo97', 'jphc64', 'fabiant970', 'juanbaquero', 'andfe', 'toromateoc', 'jeissoncz', None, 'la.avendano10', 'juanma.lovera', 'andrez.tc', 'anonimomath', 'jassonmolina', 'henryr9708', 'alexmurcia96', 'phelep22', 'nan123214']"
62,22,13,15,9,"['jphc64', 'andrez.tc', 'juanbaquero', 'azambrano13', 'jassonmolina', 'paula.osorio2222', 'andfe', 'toromateoc', 'nan123214']",3,"['anfepe12', 'sergiocamilo97', 'henryr9708']",6,"['fernel94', 'phelep22', 'rz.carlos10', 'menesesleonardo', None, 'madb']",18,"['fernel94', 'jphc64', 'azambrano13', 'juanbaquero', 'paula.osorio2222', 'andfe', 'toromateoc', 'menesesleonardo', 'anfepe12', None, 'madb', 'andrez.tc', 'jassonmolina', 'henryr9708', 'phelep22', 'rz.carlos10', 'nan123214', 'sergiocamilo97']"
62,244,13,10,3,"['toromateoc', 'nan123214', 'azambrano13']",9,"['jphc64', 'andrez.tc', 'juanbaquero', 'jassonmolina', 'henryr9708', 'paula.osorio2222', 'andfe', 'anfepe12', 'sergiocamilo97']",7,"['la.avendano10', 'juanma.lovera', 'anonimomath', 'crisdavbed08', 'phelep22', None, 'mangomela']",19,"['jphc64', 'azambrano13', 'juanbaquero', 'paula.osorio2222', 'andfe', 'toromateoc', 'anfepe12', None, 'la.avendano10', 'juanma.lovera', 'andrez.tc', 'anonimomath', 'jassonmolina', 'henryr9708', 'crisdavbed08', 'phelep22', 'nan123214', 'sergiocamilo97', 'mangomela']"
62,129,13,6,3,"['toromateoc', 'nan123214', 'azambrano13']",9,"['jphc64', 'andrez.tc', 'juanbaquero', 'jassonmolina', 'henryr9708', 'paula.osorio2222', 'andfe', 'anfepe12', 'sergiocamilo97']",3,"['anonimomath', None, 'mangomela']",15,"['jphc64', 'andrez.tc', 'anonimomath', 'azambrano13', 'juanbaquero', 'jassonmolina', 'henryr9708', 'paula.osorio2222', None, 'andfe', 'toromateoc', 'nan123214', 'anfepe12', 'sergiocamilo97', 'mangomela']"
65,184,12,13,11,"['davecrole', 'guptaa5', 'kingofegypt123', 'golem1', 'catherinelee16', 'billmerr', 'lamontp105', 'soccerking907', 'ruffa1', 'mallacd1', 'deckerg1']",0,[],2,"['joebaker1980', None]",13,"['guptaa5', 'joebaker1980', 'catherinelee16', 'lamontp105', 'soccerking907', None, 'davecrole', 'kingofegypt123', 'golem1', 'billmerr', 'ruffa1', 'mallacd1', 'deckerg1']"
66,74,12,64,10,"['dishantm01', 'urvashi.chawla', 'parth.mehta', 'shubham.pounikar', 'preeti.suryawanshi', 'akshay.budhrani', 'suyash.karle', 'samira2308', 'arundhathirs1993', 'sayli.shevade']",1,['rahulstary'],54,"['sweta.ghumare', 'bhatia.jitesh', 'akshaya17', 'vinita.vachhani', 'akshay.gadhave', 'swapnalimakdey25', 'priyanka.avhad', 'saurabh.bhirud', 'ulka.patil', 'anisha.das', 'priyanka.kulkarni', 'richard.noronha', 'sajjan.jha', 'karan.sonawane', 'ashutosh.singh', 'chetanraj.pant', 'harshada.patankar', 'hitin.mandhani', 'pournima.amondkar', 'digvijay.singh', 'natasha.gurnani', 'saniya.hans', 'komal.gaikwad', 'jeet.bhanushali', 'mp12121234', 'priyanka.ghatge', 'mayur.agarwadekar', 'darshan.bhanushali', 'sanika.pandharkar', 'ajinkyapadwad', 'kalpeshshukla11', 'kanchan.phadtare', 'kalindi.deshmukh', 'sonia.naik', 'madhav.hingane', 'te.tronics2012', 'batchbd16b', 'jayant.parab', 'prerna.jaisingh', 'abhay.bhanushali', 'rutuja.shinde', 'amdheepikaa', 'abhay.kshirsagar', 'pooja.karle', 'sona.dhongde', 'dishantm1993', 'nimita20', None, 'tiinnovationvesit', 'mahadikchetna', 'singh.priyaa36', 'mahesh.magar', 'linusassao974', 'nikita.gurnani']",65,"['sweta.ghumare', 'bhatia.jitesh', 'akshaya17', 'vinita.vachhani', 'akshay.gadhave', 'swapnalimakdey25', 'priyanka.avhad', 'saurabh.bhirud', 'ulka.patil', 'shubham.pounikar', 'anisha.das', 'suyash.karle', 'priyanka.kulkarni', 'richard.noronha', 'sajjan.jha', 'karan.sonawane', 'sayli.shevade', 'ashutosh.singh', 'chetanraj.pant', 'samira2308', 'harshada.patankar', 'hitin.mandhani', 'pournima.amondkar', 'arundhathirs1993', 'digvijay.singh', 'dishantm01', 'natasha.gurnani', 'saniya.hans', 'akshay.budhrani', 'komal.gaikwad', 'jeet.bhanushali', 'mp12121234', 'priyanka.ghatge', 'mayur.agarwadekar', 'darshan.bhanushali', 'sanika.pandharkar', 'ajinkyapadwad', 'kalpeshshukla11', 'kanchan.phadtare', 'kalindi.deshmukh', 'sonia.naik', 'parth.mehta', 'madhav.hingane', 'te.tronics2012', 'batchbd16b', 'jayant.parab', 'prerna.jaisingh', 'abhay.bhanushali', 'rutuja.shinde', 'amdheepikaa', 'abhay.kshirsagar', 'rahulstary', 'preeti.suryawanshi', 'pooja.karle', 'sona.dhongde', 'dishantm1993', 'nimita20', None, 'urvashi.chawla', 'tiinnovationvesit', 'mahadikchetna', 'singh.priyaa36', 'mahesh.magar', 'linusassao974', 'nikita.gurnani']"
66,75,12,6,1,['rahulstary'],10,"['dishantm01', 'urvashi.chawla', 'parth.mehta', 'shubham.pounikar', 'preeti.suryawanshi', 'akshay.budhrani', 'suyash.karle', 'samira2308', 'arundhathirs1993', 'sayli.shevade']",5,"['linusassao974', 'rutvijmm', 'batchbd16b', 'chetana24', None]",16,"['dishantm01', 'urvashi.chawla', 'parth.mehta', 'shubham.pounikar', 'rahulstary', 'preeti.suryawanshi', 'akshay.budhrani', 'suyash.karle', 'samira2308', 'linusassao974', 'rutvijmm', 'batchbd16b', 'arundhathirs1993', 'chetana24', None, 'sayli.shevade']"
67,14,12,7,1,['tulika91'],10,"['abhinavgaur', 'jimmychi1007', 'bayoumi', 'adityamedury1980', 'exmichael3419', 'henry4883', 'ln030705prs', 'joydeep.loveuall', 'x85854679', 'jedediah036']",6,"['xchen215', 'guibinsong', 'bonecrusher', 'kiehlgroup', 'am7155', None]",17,"['xchen215', 'guibinsong', 'bonecrusher', 'abhinavgaur', 'jimmychi1007', 'bayoumi', 'adityamedury1980', 'tulika91', 'exmichael3419', 'henry4883', 'ln030705prs', 'joydeep.loveuall', 'kiehlgroup', 'am7155', None, 'x85854679', 'jedediah036']"
68,9,12,12,10,"['emma_seiciu', 'lucky_seiciu_07', 'davidpg94', 'eddu12', 'irenestor93', 'mariorua', 'johnnybananas33', 'martin_axt', 'natipili', 'mariauro']",1,['gruponm'],2,"[None, 'germancosanof']",13,"['emma_seiciu', 'lucky_seiciu_07', 'davidpg94', 'eddu12', 'irenestor93', 'gruponm', 'mariorua', 'martin_axt', None, 'mariauro', 'germancosanof', 'johnnybananas33', 'natipili']"
68,58,12,12,8,"['lucky_seiciu_07', 'davidpg94', 'eddu12', 'irenestor93', 'gruponm', 'johnnybananas33', 'natipili', 'mariauro']",3,"['martin_axt', 'mariorua', 'emma_seiciu']",4,"[None, 'microynano', 'cjmtcharlie', 'germancosanof']",15,"['emma_seiciu', 'lucky_seiciu_07', 'davidpg94', 'eddu12', 'irenestor93', 'gruponm', 'mariorua', 'martin_axt', None, 'mariauro', 'germancosanof', 'johnnybananas33', 'cjmtcharlie', 'microynano', 'natipili']"
68,59,12,12,10,"['emma_seiciu', 'lucky_seiciu_07', 'davidpg94', 'eddu12', 'irenestor93', 'gruponm', 'johnnybananas33', 'martin_axt', 'natipili', 'mariauro']",1,['mariorua'],2,"[None, 'germancosanof']",13,"['emma_seiciu', 'lucky_seiciu_07', 'davidpg94', 'eddu12', 'irenestor93', 'gruponm', 'mariorua', 'martin_axt', None, 'mariauro', 'germancosanof', 'johnnybananas33', 'natipili']"
68,182,12,12,10,"['emma_seiciu', 'lucky_seiciu_07', 'davidpg94', 'eddu12', 'irenestor93', 'gruponm', 'johnnybananas33', 'martin_axt', 'natipili', 'mariauro']",1,['mariorua'],2,"[None, 'germancosanof']",13,"['emma_seiciu', 'lucky_seiciu_07', 'davidpg94', 'eddu12', 'irenestor93', 'gruponm', 'mariorua', 'martin_axt', None, 'mariauro', 'germancosanof', 'johnnybananas33', 'natipili']"
68,39,12,11,10,"['emma_seiciu', 'lucky_seiciu_07', 'davidpg94', 'eddu12', 'irenestor93', 'mariorua', 'johnnybananas33', 'martin_axt', 'natipili', 'mariauro']",1,['gruponm'],1,[None],12,"['emma_seiciu', 'lucky_seiciu_07', 'davidpg94', 'eddu12', 'irenestor93', 'gruponm', 'mariorua', 'martin_axt', None, 'mariauro', 'johnnybananas33', 'natipili']"
68,60,12,11,10,"['emma_seiciu', 'lucky_seiciu_07', 'davidpg94', 'eddu12', 'irenestor93', 'mariorua', 'johnnybananas33', 'martin_axt', 'natipili', 'mariauro']",1,['gruponm'],1,[None],12,"['emma_seiciu', 'lucky_seiciu_07', 'davidpg94', 'eddu12', 'irenestor93', 'gruponm', 'mariorua', 'martin_axt', None, 'mariauro', 'johnnybananas33', 'natipili']"
68,8,12,9,7,"['davidpg94', 'eddu12', 'irenestor93', 'gruponm', 'johnnybananas33', 'martin_axt', 'mariauro']",4,"['mariorua', 'lucky_seiciu_07', 'natipili', 'emma_seiciu']",2,"[None, 'germancosanof']",13,"['emma_seiciu', 'lucky_seiciu_07', 'davidpg94', 'eddu12', 'irenestor93', 'gruponm', 'mariorua', 'martin_axt', None, 'mariauro', 'germancosanof', 'johnnybananas33', 'natipili']"
69,67,12,52,9,"['nipuna.menon35', 'shreyasnaravane', 'schikodi', 'harshamp26', 'dubalprasad04', 'asharma04', 'devang19.shah', 'deepuvijaya1806', 'kolijayesh7380']",2,"['anujaras', 'payalfuria7']",43,"['neeradisalonika', 'pankajsalunkhe23', 'mayur.agarwadekar', 'kuldeeppatil201093', 'govind9867129531', 'kritikasharma261995', 'shubhangi.waghmare', 'zalakdodecha', 'sanika.pandharkar', 'tawadesiddhesh1994', 'rupali.patil', 'kanchan.phadtare', 'anirudh0000', 'patilmonika681', 'saurabh.bhirud', 'phb1994', 'naren.ambwani', 'shrimohite13', 'anisha.das', 'prathmeshgurunathparab', 'shweta.tawhare', 'sshelar01', 'reubenalexander2010', 'rupali1891994', 'anammujawar111', 'break.007req', 'amdheepikaa', 'ashutosh.singh', 'ryadav03', 'nish.270', 'suraj348', 'nimita20', 'milu21111994', None, 'nishanth1101', 'tiinnovationvesit', 'ascharyaskumar', 'swapneil.hirulkar', 'shaikhrehana14', 'muktat20', 'sshinde04', 'sharvaridalvi301', 'sharan.raikhangar']",54,"['neeradisalonika', 'mayur.agarwadekar', 'kuldeeppatil201093', 'govind9867129531', 'kritikasharma261995', 'shubhangi.waghmare', 'zalakdodecha', 'sanika.pandharkar', 'tawadesiddhesh1994', 'asharma04', 'rupali.patil', 'sharan.raikhangar', 'devang19.shah', 'nipuna.menon35', 'kolijayesh7380', 'kanchan.phadtare', 'anirudh0000', 'patilmonika681', 'saurabh.bhirud', 'phb1994', 'naren.ambwani', 'shrimohite13', 'anisha.das', 'schikodi', 'prathmeshgurunathparab', 'harshamp26', 'shweta.tawhare', 'dubalprasad04', 'sshelar01', 'sharvaridalvi301', 'reubenalexander2010', 'rupali1891994', 'anammujawar111', 'break.007req', 'amdheepikaa', 'ashutosh.singh', 'payalfuria7', 'ryadav03', 'anujaras', 'nish.270', 'suraj348', 'deepuvijaya1806', 'nimita20', 'milu21111994', None, 'nishanth1101', 'tiinnovationvesit', 'shreyasnaravane', 'ascharyaskumar', 'swapneil.hirulkar', 'shaikhrehana14', 'muktat20', 'pankajsalunkhe23', 'sshinde04']"
69,68,12,12,2,"['anujaras', 'payalfuria7']",9,"['nipuna.menon35', 'shreyasnaravane', 'schikodi', 'harshamp26', 'dubalprasad04', 'asharma04', 'devang19.shah', 'deepuvijaya1806', 'kolijayesh7380']",10,"['saurabh.bhirud', 'mayur.agarwadekar', 'abhishek.singh', 'tiinnovationvesit', 'ashutosh.singh', 'anisha.das', None, 'jaikishan.yadav', 'nish.270', 'nimita20']",21,"['mayur.agarwadekar', 'abhishek.singh', 'ashutosh.singh', 'payalfuria7', 'anujaras', 'asharma04', 'nish.270', 'devang19.shah', 'nipuna.menon35', 'deepuvijaya1806', 'kolijayesh7380', 'nimita20', None, 'saurabh.bhirud', 'tiinnovationvesit', 'shreyasnaravane', 'anisha.das', 'schikodi', 'harshamp26', 'dubalprasad04', 'jaikishan.yadav']"
70,90,12,12,1,['cyshedd'],10,"['zeta_gundam', 'lin0804', 'exezelot', 'vcfest', 'lee547', 'kamaleshchaudhari', 'lee181', 'yuraklisko', 'lee0513', 'camargo.bme']",11,"['fanahabte', 'nzahbihi', 'kylekaba', 'jzamora', 'sghosh1974', 'jmmaynard13', 'bserna', 'bieitodlf', 'jcuevas8', 'joannavale93', None]",22,"['zeta_gundam', 'nzahbihi', 'jzamora', 'vcfest', 'jmmaynard13', 'lee547', 'bieitodlf', 'yuraklisko', None, 'camargo.bme', 'fanahabte', 'kylekaba', 'lin0804', 'jcuevas8', 'exezelot', 'cyshedd', 'sghosh1974', 'bserna', 'kamaleshchaudhari', 'lee181', 'joannavale93', 'lee0513']"
71,57,12,7,2,"['ahsank', 'dekamayro']",9,"['klherrell', 'ncnweb_outreach1', 'deathsos', 'geontaejang', 'kzibbon', 'leozhurun', 'cbishop', 'aishwaryam', 'cooperj']",5,"['theslayerxxx', 'pkempler', 'hanchueh', 'eyan', None]",16,"['klherrell', 'ncnweb_outreach1', 'ahsank', 'theslayerxxx', 'pkempler', 'deathsos', 'hanchueh', 'geontaejang', 'eyan', 'kzibbon', 'cooperj', 'leozhurun', None, 'cbishop', 'aishwaryam', 'dekamayro']"
72,123,12,15,9,"['cmerola', 'rkwende', 'xueling', 'nupadhyay', 'abhishekkuma', 'pramesh', 'asaranat', 'cjfoss', 'jagujiobi']",2,"['kwu', 'lnguyenhoang']",6,"['yujiatang', 'aksamija', 'cam.foss', 'dgmakris', 'vdusetty', None]",17,"['cmerola', 'nupadhyay', 'abhishekkuma', 'asaranat', 'cam.foss', 'kwu', 'jagujiobi', 'dgmakris', 'vdusetty', None, 'rkwende', 'xueling', 'yujiatang', 'lnguyenhoang', 'pramesh', 'aksamija', 'cjfoss']"
72,213,12,13,9,"['cmerola', 'rkwende', 'xueling', 'nupadhyay', 'abhishekkuma', 'pramesh', 'asaranat', 'cjfoss', 'jagujiobi']",2,"['kwu', 'lnguyenhoang']",4,"['dgmakris', 'vdusetty', 'aksamija', None]",15,"['cmerola', 'nupadhyay', 'abhishekkuma', 'asaranat', 'kwu', 'jagujiobi', 'dgmakris', 'vdusetty', None, 'rkwende', 'xueling', 'lnguyenhoang', 'pramesh', 'aksamija', 'cjfoss']"
72,24,12,12,8,"['cmerola', 'xueling', 'nupadhyay', 'abhishekkuma', 'pramesh', 'asaranat', 'cjfoss', 'jagujiobi']",3,"['rkwende', 'kwu', 'lnguyenhoang']",4,"['vdusetty', 'john13ben', 'navnidhi.01', None]",15,"['cmerola', 'nupadhyay', 'abhishekkuma', 'asaranat', 'kwu', 'jagujiobi', 'vdusetty', None, 'rkwende', 'xueling', 'john13ben', 'lnguyenhoang', 'pramesh', 'cjfoss', 'navnidhi.01']"
72,51,12,12,8,"['cmerola', 'rkwende', 'xueling', 'abhishekkuma', 'pramesh', 'asaranat', 'cjfoss', 'jagujiobi']",3,"['nupadhyay', 'kwu', 'lnguyenhoang']",4,"['vdusetty', 'yujiatang', None, 'cam.foss']",15,"['cmerola', 'nupadhyay', 'abhishekkuma', 'asaranat', 'cam.foss', 'kwu', 'jagujiobi', 'vdusetty', None, 'rkwende', 'xueling', 'yujiatang', 'lnguyenhoang', 'pramesh', 'cjfoss']"
72,137,12,9,7,"['cmerola', 'xueling', 'nupadhyay', 'abhishekkuma', 'asaranat', 'pramesh', 'jagujiobi']",4,"['rkwende', 'cjfoss', 'kwu', 'lnguyenhoang']",2,"['john13ben', None]",13,"['cmerola', 'nupadhyay', 'abhishekkuma', 'asaranat', 'kwu', 'jagujiobi', None, 'rkwende', 'xueling', 'john13ben', 'lnguyenhoang', 'pramesh', 'cjfoss']"
72,49,12,7,4,"['cmerola', 'xueling', 'pramesh', 'asaranat']",7,"['rkwende', 'lnguyenhoang', 'nupadhyay', 'abhishekkuma', 'cjfoss', 'kwu', 'jagujiobi']",3,"[None, 'aksamija', 'cam.foss']",14,"['cmerola', 'rkwende', 'xueling', 'lnguyenhoang', 'nupadhyay', 'abhishekkuma', 'pramesh', 'asaranat', 'aksamija', 'cam.foss', 'cjfoss', 'kwu', 'jagujiobi', None]"
73,90,12,12,8,"['fanahabte', 'nzahbihi', 'kylekaba', 'jmmaynard13', 'bserna', 'bieitodlf', 'jcuevas8', 'joannavale93']",3,"['mattwilson5678', 'vasanth1011', 'willdelmas']",4,"['sghosh1974', 'jzamora', None, 'cyshedd']",15,"['nzahbihi', 'jzamora', 'jmmaynard13', 'vasanth1011', 'bieitodlf', None, 'fanahabte', 'kylekaba', 'mattwilson5678', 'sghosh1974', 'cyshedd', 'bserna', 'willdelmas', 'jcuevas8', 'joannavale93']"
73,93,12,10,9,"['fanahabte', 'nzahbihi', 'kylekaba', 'mattwilson5678', 'bserna', 'willdelmas', 'bieitodlf', 'jcuevas8', 'joannavale93']",2,"['jmmaynard13', 'vasanth1011']",1,[None],12,"['nzahbihi', 'jmmaynard13', 'vasanth1011', 'bieitodlf', None, 'fanahabte', 'kylekaba', 'mattwilson5678', 'bserna', 'willdelmas', 'jcuevas8', 'joannavale93']"
74,173,11,21,10,"['iheartnano', 'jbrizzy', 'moeberly', 'alexm', 'mehan', 'eabeeman', 'shanehwa', 'dangeunk', 'vbung', 'amalsubh']",0,[],11,"['gserrano', 'bmsuen', 'haoxian', 'awestle', 'sg630', 'rjbunk', 'jftraynor', 'ezdude', 'ddvalles', 'skinnern94', None]",21,"['bmsuen', 'iheartnano', 'haoxian', 'awestle', 'sg630', 'rjbunk', 'mehan', 'jftraynor', 'dangeunk', 'ddvalles', 'skinnern94', None, 'amalsubh', 'gserrano', 'jbrizzy', 'moeberly', 'alexm', 'eabeeman', 'shanehwa', 'ezdude', 'vbung']"
75,290,11,26,10,"['captainchemistry', 'treygrimes', 'zid07', 'gavin0531', 'bn0627', 'shfiqul2997', 'ap2009', 'kentlouis', 'nev1953', 'zachleuty']",0,[],16,"['shafiqul.eee.buet', 'krishnaharsh123', 'dybn7758', 'am921', 'kppalpa6', 'sakidja', 'smitra', 'legendarypolynomials', 'samiul001', 'delower', 'mehedi_123', 'hines057', 'mamun.113.cr', None, 'jhollis67', 'lim0722']",26,"['kppalpa6', 'zid07', 'treygrimes', 'sakidja', 'bn0627', 'delower', 'ap2009', 'mamun.113.cr', 'nev1953', 'zachleuty', 'lim0722', 'krishnaharsh123', 'legendarypolynomials', 'kentlouis', 'dybn7758', 'captainchemistry', 'shfiqul2997', None, 'jhollis67', 'am921', 'smitra', 'samiul001', 'gavin0531', 'mehedi_123', 'hines057', 'shafiqul.eee.buet']"
75,298,11,17,9,"['captainchemistry', 'zid07', 'gavin0531', 'bn0627', 'shfiqul2997', 'ap2009', 'kentlouis', 'nev1953', 'zachleuty']",1,['treygrimes'],8,"['am921', 'samiul001', 'sakidja', 'legendarypolynomials', 'hines057', 'mamun.113.cr', None, 'jhollis67']",18,"['captainchemistry', 'zid07', 'treygrimes', 'sakidja', 'bn0627', 'shfiqul2997', 'ap2009', 'mamun.113.cr', None, 'nev1953', 'jhollis67', 'zachleuty', 'am921', 'samiul001', 'legendarypolynomials', 'gavin0531', 'kentlouis', 'hines057']"
75,302,11,8,2,"['bn0627', 'nev1953']",8,"['captainchemistry', 'treygrimes', 'zid07', 'gavin0531', 'shfiqul2997', 'ap2009', 'kentlouis', 'zachleuty']",6,"['sakidja', 'legendarypolynomials', 'hines057', 'mamun.113.cr', None, 'shafiqul.eee.buet']",16,"['shafiqul.eee.buet', 'captainchemistry', 'zid07', 'treygrimes', 'sakidja', 'gavin0531', 'bn0627', 'legendarypolynomials', 'shfiqul2997', 'hines057', 'ap2009', 'mamun.113.cr', None, 'kentlouis', 'nev1953', 'zachleuty']"
76,230,11,8,6,"['jesrr1', 'josemserrano', 'javierjffisica', 'franciscolopez', 'gpaz', 'juankabf']",4,"['mfinko2', 'y8210212000', 'xreedx24', 'wbuchanansb']",2,"[None, 'fmgomez']",12,"['xreedx24', 'wbuchanansb', 'jesrr1', 'gpaz', 'mfinko2', 'y8210212000', 'josemserrano', 'fmgomez', 'juankabf', None, 'franciscolopez', 'javierjffisica']"
76,231,11,8,6,"['jesrr1', 'josemserrano', 'javierjffisica', 'franciscolopez', 'gpaz', 'juankabf']",4,"['mfinko2', 'y8210212000', 'xreedx24', 'wbuchanansb']",2,"[None, 'fmgomez']",12,"['xreedx24', 'wbuchanansb', 'jesrr1', 'gpaz', 'mfinko2', 'y8210212000', 'josemserrano', 'fmgomez', 'juankabf', None, 'franciscolopez', 'javierjffisica']"
77,179,10,9,8,"['jlaszako', 'melissam8827', 'mwalters', 'abby.brooks2012', 'dummdog', 'bharris3', 'pchemlab', 'itolu94']",1,['mgk.cmb'],1,[None],10,"['jlaszako', 'melissam8827', 'mwalters', 'mgk.cmb', 'abby.brooks2012', 'dummdog', 'bharris3', 'pchemlab', None, 'itolu94']"
78,186,10,16,9,"['intruva', 'wuchihchiang0517', 'sung5318', 'ms0465807', 'kongxx1023', 'jyunren1230', 'b0958532978', 'oqlzpb', 'markf12764']",0,[],7,"['rossiwu007', 'sadfgh', 'boyd5566', None, 'simulation', 'tiguantsidsg', 'hiippo']",16,"['wuchihchiang0517', 'sung5318', 'simulation', 'kongxx1023', 'jyunren1230', 'tiguantsidsg', 'oqlzpb', 'markf12764', None, 'boyd5566', 'rossiwu007', 'sadfgh', 'intruva', 'ms0465807', 'b0958532978', 'hiippo']"
78,172,10,15,9,"['intruva', 'wuchihchiang0517', 'sung5318', 'ms0465807', 'kongxx1023', 'jyunren1230', 'b0958532978', 'oqlzpb', 'markf12764']",0,[],6,"['rossiwu007', 'sadfgh', None, 'simulation', 'tiguantsidsg', 'boyd5566']",15,"['wuchihchiang0517', 'sung5318', 'simulation', 'kongxx1023', 'jyunren1230', 'tiguantsidsg', 'oqlzpb', 'markf12764', 'boyd5566', None, 'rossiwu007', 'sadfgh', 'intruva', 'ms0465807', 'b0958532978']"
79,56,10,12,9,"['vishal.gupta25', 'chrisaint69', 'deepakrafi1994', 'ppadhi40', 'sumedhkandarkar', 'thengodkar.sanjna', 'oni4deals', 'rohanloke222222', 'rockersharp']",0,[],3,"['padhipriyanka88', 'mttwra421', None]",12,"['vishal.gupta25', 'deepakrafi1994', 'chrisaint69', 'sumedhkandarkar', 'rohanloke222222', None, 'ppadhi40', 'padhipriyanka88', 'thengodkar.sanjna', 'oni4deals', 'mttwra421', 'rockersharp']"
79,270,10,12,9,"['vishal.gupta25', 'chrisaint69', 'deepakrafi1994', 'ppadhi40', 'sumedhkandarkar', 'thengodkar.sanjna', 'oni4deals', 'rohanloke222222', 'rockersharp']",0,[],3,"['padhipriyanka88', 'mttwra421', None]",12,"['vishal.gupta25', 'deepakrafi1994', 'chrisaint69', 'sumedhkandarkar', 'rohanloke222222', None, 'ppadhi40', 'padhipriyanka88', 'thengodkar.sanjna', 'oni4deals', 'mttwra421', 'rockersharp']"
79,224,10,11,9,"['vishal.gupta25', 'chrisaint69', 'deepakrafi1994', 'ppadhi40', 'sumedhkandarkar', 'thengodkar.sanjna', 'oni4deals', 'rohanloke222222', 'rockersharp']",0,[],2,"['mttwra421', None]",11,"['vishal.gupta25', 'deepakrafi1994', 'chrisaint69', 'sumedhkandarkar', 'rohanloke222222', None, 'ppadhi40', 'thengodkar.sanjna', 'oni4deals', 'mttwra421', 'rockersharp']"
80,128,10,37,9,"['juanma.lovera', 'fabiant970', 'anonimomath', 'juanfdo96', 'miguelangeldaza', 'ha.tapia10', 'n2ea', 'jdvg0805', 'jeissoncz']",0,[],28,"['manuel_prom', 'fernel94', 'azambrano13', 'paula.osorio2222', 'anfepe12', 'cpotdevin', 'juancho_9321', 'sergiocamilo97', 'mangomela', 'camon93', 'sebasmxq', 'jphc64', 'jl.mayorga236', 'andfe', 'menesesleonardo', 'felipe.forerome', 'toromateoc', None, 's.arevalo26', 'davidan_pino', 'andrez.tc', 'jassonmolina', 'henryr9708', 'crisdavbed08', 'williamrodriguezcruz1819', 'sergioalvarez12', 'alexmurcia96', 'nan123214']",37,"['manuel_prom', 'fernel94', 'juanfdo96', 'miguelangeldaza', 'ha.tapia10', 'n2ea', 'azambrano13', 'paula.osorio2222', 'anfepe12', 'cpotdevin', 'juancho_9321', 'sergiocamilo97', 'mangomela', 'camon93', 'sebasmxq', 'jphc64', 'fabiant970', 'jl.mayorga236', 'andfe', 'menesesleonardo', 'felipe.forerome', 'toromateoc', 'jeissoncz', None, 's.arevalo26', 'davidan_pino', 'juanma.lovera', 'anonimomath', 'andrez.tc', 'jassonmolina', 'henryr9708', 'crisdavbed08', 'williamrodriguezcruz1819', 'jdvg0805', 'sergioalvarez12', 'alexmurcia96', 'nan123214']"
80,243,10,32,8,"['juanma.lovera', 'fabiant970', 'juanfdo96', 'miguelangeldaza', 'ha.tapia10', 'n2ea', 'jdvg0805', 'jeissoncz']",1,['anonimomath'],24,"['fernel94', 'azambrano13', 'paula.osorio2222', 'anfepe12', 'cpotdevin', 'juancho_9321', 'sergiocamilo97', 'mangomela', 'camon93', 'sebasmxq', 'jphc64', 'jl.mayorga236', 'andfe', 'menesesleonardo', 'toromateoc', None, 's.arevalo26', 'davidan_pino', 'andrez.tc', 'jassonmolina', 'henryr9708', 'williamrodriguezcruz1819', 'sergioalvarez12', 'nan123214']",33,"['fernel94', 'juanfdo96', 'miguelangeldaza', 'ha.tapia10', 'n2ea', 'azambrano13', 'paula.osorio2222', 'anfepe12', 'cpotdevin', 'juancho_9321', 'sergiocamilo97', 'mangomela', 'camon93', 'sebasmxq', 'jphc64', 'fabiant970', 'jl.mayorga236', 'andfe', 'menesesleonardo', 'toromateoc', 'jeissoncz', None, 's.arevalo26', 'davidan_pino', 'juanma.lovera', 'anonimomath', 'andrez.tc', 'jassonmolina', 'henryr9708', 'williamrodriguezcruz1819', 'jdvg0805', 'sergioalvarez12', 'nan123214']"
80,242,10,25,8,"['juanma.lovera', 'fabiant970', 'anonimomath', 'juanfdo96', 'miguelangeldaza', 'ha.tapia10', 'n2ea', 'jeissoncz']",1,['jdvg0805'],17,"['sereta27', 'jphc64', 'la.avendano10', 'phelep22', 'andrez.tc', 'azambrano13', 'juanbaquero', 'jassonmolina', 'henryr9708', 'paula.osorio2222', None, 'andfe', 'alexmurcia96', 'toromateoc', 'nan123214', 'anfepe12', 'sergiocamilo97']",26,"['juanfdo96', 'miguelangeldaza', 'ha.tapia10', 'n2ea', 'azambrano13', 'paula.osorio2222', 'anfepe12', 'sereta27', 'sergiocamilo97', 'jphc64', 'fabiant970', 'juanbaquero', 'andfe', 'toromateoc', 'jeissoncz', None, 'la.avendano10', 'juanma.lovera', 'anonimomath', 'andrez.tc', 'jassonmolina', 'henryr9708', 'jdvg0805', 'alexmurcia96', 'phelep22', 'nan123214']"
80,244,10,10,2,"['anonimomath', 'juanma.lovera']",7,"['fabiant970', 'juanfdo96', 'miguelangeldaza', 'ha.tapia10', 'n2ea', 'jdvg0805', 'jeissoncz']",8,"['la.avendano10', 'azambrano13', 'crisdavbed08', 'phelep22', 'toromateoc', 'nan123214', None, 'mangomela']",17,"['fabiant970', 'juanfdo96', 'miguelangeldaza', 'ha.tapia10', 'n2ea', 'azambrano13', 'toromateoc', 'jeissoncz', None, 'la.avendano10', 'juanma.lovera', 'anonimomath', 'crisdavbed08', 'jdvg0805', 'phelep22', 'nan123214', 'mangomela']"
80,129,10,6,1,['anonimomath'],8,"['juanma.lovera', 'fabiant970', 'juanfdo96', 'miguelangeldaza', 'ha.tapia10', 'n2ea', 'jdvg0805', 'jeissoncz']",5,"['azambrano13', 'toromateoc', 'nan123214', None, 'mangomela']",14,"['juanma.lovera', 'fabiant970', 'anonimomath', 'juanfdo96', 'miguelangeldaza', 'ha.tapia10', 'n2ea', 'azambrano13', 'jdvg0805', 'toromateoc', 'nan123214', 'jeissoncz', None, 'mangomela']"
82,310,10,26,7,"['martinabodini', 'sellierhermann', 'tilman.edinger', 'ismail.abouelseoud', 'silviadorazio3', 'axelardisson', 'sammy.cerida']",2,"['coachman', 'sidney684']",19,"['marcello.palumbo21', 'alessandro.pilotto', 'mara.vlcak', 'pone.fede', 'ciabeca.who', 'chiaracatgiu', 'pol93', 'luca.binci', 'marcocolang', 'giuliozorzi', 'andregemx', None, 'segantini_matteo', 'bobmaurice', 'daphnee.bosch', 'sellierh', 'edo.cuni', 'michelepezzarossa', 'federico.panicco']",28,"['sellierhermann', 'marcello.palumbo21', 'tilman.edinger', 'alessandro.pilotto', 'mara.vlcak', 'pone.fede', 'ciabeca.who', 'chiaracatgiu', 'sidney684', 'silviadorazio3', 'axelardisson', 'luca.binci', 'pol93', 'marcocolang', 'giuliozorzi', 'coachman', 'andregemx', None, 'martinabodini', 'segantini_matteo', 'bobmaurice', 'daphnee.bosch', 'sellierh', 'edo.cuni', 'ismail.abouelseoud', 'michelepezzarossa', 'federico.panicco', 'sammy.cerida']"
83,22,10,15,2,"['rz.carlos10', 'madb']",7,"['swaroopamaloth19', 'sankeshi.supraja', 'begarishashidhar', 'krrish2025', 'swapnalikitha', 'ychandrashekar22', 'vivekvictorious02']",13,"['fernel94', 'jphc64', 'andrez.tc', 'juanbaquero', 'azambrano13', 'jassonmolina', 'paula.osorio2222', 'andfe', 'phelep22', 'menesesleonardo', 'nan123214', 'toromateoc', None]",22,"['swaroopamaloth19', 'fernel94', 'sankeshi.supraja', 'jphc64', 'nan123214', 'azambrano13', 'juanbaquero', 'paula.osorio2222', 'krrish2025', 'swapnalikitha', 'andfe', 'menesesleonardo', 'toromateoc', 'vivekvictorious02', 'madb', None, 'andrez.tc', 'jassonmolina', 'begarishashidhar', 'phelep22', 'rz.carlos10', 'ychandrashekar22']"
83,23,10,12,7,"['swaroopamaloth19', 'sankeshi.supraja', 'begarishashidhar', 'krrish2025', 'swapnalikitha', 'ychandrashekar22', 'vivekvictorious02']",2,"['rz.carlos10', 'madb']",5,"['krrish2028', 'vijendhar335', 'venkee.ramesh', None, 'suchan.naresh']",14,"['swaroopamaloth19', 'sankeshi.supraja', 'krrish2028', 'krrish2025', 'swapnalikitha', 'vivekvictorious02', 'madb', None, 'suchan.naresh', 'begarishashidhar', 'vijendhar335', 'venkee.ramesh', 'rz.carlos10', 'ychandrashekar22']"
84,96,10,9,7,"['isabelle', 'apaine', 'est', 'hthaman', 'rabajaj', 'dfavela', 'asalloum']",2,"['bcam', 'ramaez']",2,"[None, 'unwin']",11,"['isabelle', 'apaine', 'unwin', 'ramaez', 'est', 'hthaman', 'bcam', 'rabajaj', 'dfavela', 'asalloum', None]"
84,44,10,8,6,"['isabelle', 'apaine', 'est', 'hthaman', 'rabajaj', 'dfavela']",3,"['asalloum', 'bcam', 'ramaez']",2,"[None, 'ravi.andrew.bajaj']",11,"['isabelle', 'apaine', 'ramaez', 'est', 'hthaman', 'bcam', 'rabajaj', 'ravi.andrew.bajaj', 'dfavela', 'asalloum', None]"
84,95,10,8,4,"['isabelle', 'apaine', 'rabajaj', 'dfavela']",5,"['ramaez', 'est', 'bcam', 'hthaman', 'asalloum']",4,"['sourakov', None, 'davebra', 'ethai']",13,"['isabelle', 'apaine', 'davebra', 'ramaez', 'est', 'sourakov', 'hthaman', 'bcam', 'rabajaj', 'ethai', 'dfavela', 'asalloum', None]"
85,306,10,65,9,"['ajrigby', 'abharga5', 'zlholme2', 'jlbrodie', 'alisadeq', 'gredden', 'npschult', 'rljacks8', 'jakuhne']",0,[],56,"['jrmcgarr', 'obartman', 'mjdeal', 'mmalsaft', 'sufczynski', 'ajcoon', 'bfgsweeper', 'bxruther', 'tnpardue', 'emharri5', 'tafagan', 'mkmoody', 'zgdavis', 'npschultz', 'yzhang59', 'jwfrenc2', 'sanielpatrickk', 'syan4', 'ajmilliron', 'ajmillir', 'jpadams', 'kdwatso3', 'gchon436', 'tsavey', 'zackk12153', 'gq_xintong', 'cthudso3', 'taleona3', 'seklug', 'jaconno2', 'wkharri3', 'sidonald15', 'edhill3', 'ajsquire', 'abmcgin', 'hahsain', 'saba96', 'anhochst', 'nrhawes', 'mmkasper', 'hnparey', 'ajlountz', 'sjfigurs', 'talitaoliveira53', 'jfendri', 'mgbate', 'jarussel', 'tbhubble', 'atberg', 'emalhajj', 'rwkeefe', 'djblivin', None, 'amcorbe2', 'emmills', 'csbarcla']",65,"['jrmcgarr', 'obartman', 'mjdeal', 'mmalsaft', 'npschult', 'sufczynski', 'ajcoon', 'jlbrodie', 'bfgsweeper', 'bxruther', 'tnpardue', 'emharri5', 'tafagan', 'jakuhne', 'mkmoody', 'abharga5', 'zgdavis', 'npschultz', 'yzhang59', 'jwfrenc2', 'sanielpatrickk', 'syan4', 'gredden', 'ajmilliron', 'ajmillir', 'jpadams', 'kdwatso3', 'gchon436', 'tsavey', 'zackk12153', 'gq_xintong', 'cthudso3', 'taleona3', 'seklug', 'jaconno2', 'wkharri3', 'sidonald15', 'ajrigby', 'edhill3', 'ajsquire', 'zlholme2', 'abmcgin', 'alisadeq', 'hahsain', 'saba96', 'anhochst', 'nrhawes', 'mmkasper', 'hnparey', 'ajlountz', 'sjfigurs', 'talitaoliveira53', 'rljacks8', 'jfendri', 'mgbate', 'jarussel', 'tbhubble', 'atberg', 'emalhajj', 'rwkeefe', 'djblivin', None, 'amcorbe2', 'emmills', 'csbarcla']"
86,11,10,10,8,"['sdurbin', 'snehal_1511', 'ymt5052', 'nandan2805', 'jvd2512', 'gjd4238', 'zhangxingzheqq', 'vhp3953']",1,['saafa13'],2,"['charpeterson', None]",11,"['jvd2512', None, 'charpeterson', 'sdurbin', 'snehal_1511', 'ymt5052', 'nandan2805', 'saafa13', 'gjd4238', 'zhangxingzheqq', 'vhp3953']"
86,10,10,8,5,"['snehal_1511', 'ymt5052', 'nandan2805', 'gjd4238', 'vhp3953']",4,"['jvd2512', 'saafa13', 'sdurbin', 'zhangxingzheqq']",3,"['borkowman6000', 'charpeterson', None]",12,"['charpeterson', 'sdurbin', 'snehal_1511', 'ymt5052', 'nandan2805', 'jvd2512', 'saafa13', None, 'gjd4238', 'borkowman6000', 'zhangxingzheqq', 'vhp3953']"
87,280,10,34,9,"['vijay.chawla', 'parth15', '7prashantjagtap', 'abha08', 'akshay9594', 'shindeabhishek97', 'kmpar1994', 'krunal.v', 'jankip19894']",0,[],25,"['sanket.d', 'more.amruta25a', 'manojgfn92', 'pritish.das', 'pomkar55', 'kapsesainath', 'pratham.chavan37', 'nitin.mishra', 'ankita.bhoir', 'anut730', 'shelkesagar29', 'aishwaryamehta95', 'amolsb', 'neharane2665', 'abhishek.bs', 'vnadar', 'madhuravalvaikar1208', 'siddhant', 'sanjay.s', 'vsagvekar', None, 'heenal0708', 'kambe302', 'chinmaya.k', 'maradiyadhaval92']",34,"['sanket.d', '7prashantjagtap', 'more.amruta25a', 'pritish.das', 'pomkar55', 'manojgfn92', 'kapsesainath', 'pratham.chavan37', 'kmpar1994', 'nitin.mishra', 'ankita.bhoir', 'anut730', 'shelkesagar29', 'aishwaryamehta95', 'amolsb', 'neharane2665', 'abha08', 'abhishek.bs', 'vnadar', 'madhuravalvaikar1208', 'krunal.v', 'vijay.chawla', 'parth15', 'siddhant', 'sanjay.s', 'vsagvekar', None, 'jankip19894', 'heenal0708', 'kambe302', 'chinmaya.k', 'maradiyadhaval92', 'akshay9594', 'shindeabhishek97']"
87,269,10,26,9,"['vijay.chawla', 'parth15', '7prashantjagtap', 'abha08', 'akshay9594', 'shindeabhishek97', 'kmpar1994', 'krunal.v', 'jankip19894']",0,[],17,"['amolsb', 'neharane2665', 'chinmaya.k', 'sanket.d', 'maradiyadhaval92', 'more.amruta25a', 'pritish.das', 'abhishek.bs', 'vnadar', 'kapsesainath', 'siddhant', 'sanjay.s', 'pratham.chavan37', 'nitin.mishra', 'vsagvekar', 'ankita.bhoir', None]",26,"['sanket.d', '7prashantjagtap', 'more.amruta25a', 'pritish.das', 'kapsesainath', 'pratham.chavan37', 'kmpar1994', 'nitin.mishra', 'ankita.bhoir', 'amolsb', 'neharane2665', 'abha08', 'abhishek.bs', 'vnadar', 'krunal.v', 'vijay.chawla', 'parth15', 'siddhant', 'sanjay.s', 'vsagvekar', None, 'jankip19894', 'chinmaya.k', 'maradiyadhaval92', 'akshay9594', 'shindeabhishek97']"
87,281,10,7,1,['kmpar1994'],8,"['vijay.chawla', 'parth15', '7prashantjagtap', 'abha08', 'akshay9594', 'shindeabhishek97', 'krunal.v', 'jankip19894']",6,"['kingofskills.sagar', 'abhishekparab13', 'more.amruta25a', 'prateiknanaware07', 'amitsunildhamne', None]",15,"['vijay.chawla', 'parth15', 'kingofskills.sagar', 'abhishekparab13', '7prashantjagtap', 'abha08', 'amitsunildhamne', 'more.amruta25a', 'akshay9594', 'shindeabhishek97', 'prateiknanaware07', 'kmpar1994', None, 'krunal.v', 'jankip19894']"
88,110,9,17,8,"['ajs322', 'dbelsito', 'ck921125', 'akononov', 'aerielm5061', 'mingdeqin2', 'mohd.malik1992', 'emeryjdk']",0,[],9,"['dingjun.sjtu', 'warpoin', 'mdasta', 'zev.of.naxos', 'gann.reddy', 'valexandrov', None, 'afchadwi', 'wband']",17,"['mdasta', 'zev.of.naxos', 'ck921125', 'aerielm5061', 'afchadwi', None, 'wband', 'dingjun.sjtu', 'ajs322', 'warpoin', 'dbelsito', 'gann.reddy', 'valexandrov', 'akononov', 'mingdeqin2', 'mohd.malik1992', 'emeryjdk']"
88,322,9,15,8,"['ajs322', 'dbelsito', 'ck921125', 'akononov', 'aerielm5061', 'mingdeqin2', 'mohd.malik1992', 'emeryjdk']",0,[],7,"['afchadwi', 'gann.reddy', None, 'valexandrov', 'jguyer', 'waryoba', 'wband']",15,"['waryoba', 'ck921125', 'aerielm5061', 'jguyer', None, 'afchadwi', 'wband', 'ajs322', 'dbelsito', 'gann.reddy', 'valexandrov', 'akononov', 'mingdeqin2', 'mohd.malik1992', 'emeryjdk']"
88,193,9,14,8,"['ajs322', 'dbelsito', 'ck921125', 'akononov', 'aerielm5061', 'mingdeqin2', 'mohd.malik1992', 'emeryjdk']",0,[],6,"['afchadwi', 'gann.reddy', 'valexandrov', None, 'waryoba', 'wband']",14,"['waryoba', 'ck921125', 'aerielm5061', 'afchadwi', None, 'wband', 'ajs322', 'dbelsito', 'gann.reddy', 'valexandrov', 'akononov', 'mingdeqin2', 'mohd.malik1992', 'emeryjdk']"
88,111,9,10,5,"['akononov', 'aerielm5061', 'mingdeqin2', 'mohd.malik1992', 'emeryjdk']",3,"['dbelsito', 'ck921125', 'ajs322']",5,"['afchadwi', 'gann.reddy', None, 'waryoba', 'wband']",13,"['ajs322', 'waryoba', 'dbelsito', 'wband', 'ck921125', 'gann.reddy', None, 'akononov', 'aerielm5061', 'afchadwi', 'mingdeqin2', 'mohd.malik1992', 'emeryjdk']"
89,98,9,12,8,"['wjg234', 'slm156', 'nano1234', 'adithyashankar2017', 'arungopalan2020', 'spencer.j.gellman', 'kendra618', 'wenting']",0,[],4,"['dwc200', None, 'mlm442', 'pvk382']",12,"['slm156', 'nano1234', 'arungopalan2020', 'wenting', None, 'wjg234', 'mlm442', 'pvk382', 'adithyashankar2017', 'spencer.j.gellman', 'kendra618', 'dwc200']"
90,297,9,9,7,"['grandpa_miller67', 'crdeloof', 'raman1590', 'jblumline1994', 'ssrandha', 'mlbelche', 'e.jankulovski']",1,['celin.lozano86'],2,"[None, 'schalljd']",10,"['celin.lozano86', 'grandpa_miller67', 'crdeloof', 'raman1590', 'jblumline1994', 'ssrandha', 'schalljd', 'mlbelche', 'e.jankulovski', None]"
92,290,9,26,6,"['krishnaharsh123', 'dybn7758', 'smitra', 'mehedi_123', 'jhollis67', 'lim0722']",2,"['jol', 'ganeshkrahane']",20,"['kppalpa6', 'sakidja', 'treygrimes', 'zid07', 'bn0627', 'delower', 'ap2009', 'mamun.113.cr', 'nev1953', 'zachleuty', 'legendarypolynomials', 'kentlouis', 'captainchemistry', 'shfiqul2997', None, 'am921', 'samiul001', 'gavin0531', 'hines057', 'shafiqul.eee.buet']",28,"['kppalpa6', 'treygrimes', 'sakidja', 'zid07', 'bn0627', 'delower', 'ap2009', 'mamun.113.cr', 'nev1953', 'lim0722', 'zachleuty', 'krishnaharsh123', 'legendarypolynomials', 'kentlouis', 'dybn7758', 'captainchemistry', 'shfiqul2997', None, 'jhollis67', 'ganeshkrahane', 'am921', 'smitra', 'samiul001', 'gavin0531', 'jol', 'mehedi_123', 'hines057', 'shafiqul.eee.buet']"
92,298,9,17,1,['jhollis67'],7,"['lim0722', 'krishnaharsh123', 'dybn7758', 'smitra', 'jol', 'mehedi_123', 'ganeshkrahane']",16,"['am921', 'shfiqul2997', 'captainchemistry', 'samiul001', 'sakidja', 'zid07', 'legendarypolynomials', 'bn0627', 'gavin0531', 'kentlouis', 'hines057', 'ap2009', 'mamun.113.cr', None, 'nev1953', 'zachleuty']",24,"['dybn7758', 'captainchemistry', 'sakidja', 'zid07', 'bn0627', 'shfiqul2997', 'ap2009', 'mamun.113.cr', None, 'jhollis67', 'nev1953', 'ganeshkrahane', 'lim0722', 'zachleuty', 'krishnaharsh123', 'am921', 'smitra', 'samiul001', 'legendarypolynomials', 'gavin0531', 'jol', 'mehedi_123', 'kentlouis', 'hines057']"
93,192,9,15,7,"['zanewjcarter', 'dgueli', 'augusto95', 'ecs5', 'jomav8', 'ag7', 'samjam14']",1,['mlaubert'],8,"['nde1', 'thebrink47', 'egendreau', 'andremacedoabreu', 'dlipke', 'ricknoberts93', None, 'soccerjoshua711']",16,"['zanewjcarter', 'nde1', 'dgueli', 'augusto95', 'ag7', 'samjam14', 'ricknoberts93', None, 'thebrink47', 'ecs5', 'jomav8', 'egendreau', 'andremacedoabreu', 'dlipke', 'mlaubert', 'soccerjoshua711']"
93,191,9,13,7,"['zanewjcarter', 'dgueli', 'augusto95', 'ecs5', 'ag7', 'mlaubert', 'samjam14']",1,['jomav8'],6,"['thebrink47', 'egendreau', 'andremacedoabreu', 'dlipke', 'ricknoberts93', None]",14,"['zanewjcarter', 'dgueli', 'augusto95', 'ag7', 'samjam14', 'ricknoberts93', None, 'thebrink47', 'ecs5', 'jomav8', 'egendreau', 'andremacedoabreu', 'dlipke', 'mlaubert']"
94,41,8,6,3,"['ihorpetrov22', 'stryker.95', 'sapotyuk1995']",4,"['gajularm', 'tanyanikityuk11', 'arutyunyan.artemm', 'm_khaleqi_68']",3,"[None, 'nicnat94', 'artem0709']",10,"['nicnat94', 'tanyanikityuk11', 'arutyunyan.artemm', None, 'artem0709', 'gajularm', 'ihorpetrov22', 'm_khaleqi_68', 'stryker.95', 'sapotyuk1995']"
95,27,8,15,5,"['christophergreen609', 'maheshreddyerri', 'aumer313', 'mahfuzakhatun', 'robertivans']",2,"['cjstanger1', 'haitianxu']",10,"['ajallen1289', 'karishmae105', 'itskaju', 'kcantley', 'kanjanimody', None, 'claraqqqq', 'rubel05eee', 'rharper100', 'mahfuza']",17,"['christophergreen609', 'karishmae105', 'maheshreddyerri', 'itskaju', 'kcantley', 'aumer313', 'cjstanger1', 'robertivans', None, 'haitianxu', 'ajallen1289', 'kanjanimody', 'mahfuzakhatun', 'claraqqqq', 'rubel05eee', 'rharper100', 'mahfuza']"
95,152,8,11,6,"['christophergreen609', 'maheshreddyerri', 'aumer313', 'cjstanger1', 'mahfuzakhatun', 'robertivans']",1,['haitianxu'],5,"['ajallen1289', 'karishmae105', 'kcantley', 'claraqqqq', None]",12,"['christophergreen609', 'karishmae105', 'maheshreddyerri', 'kcantley', 'aumer313', 'cjstanger1', 'robertivans', None, 'haitianxu', 'ajallen1289', 'mahfuzakhatun', 'claraqqqq']"
95,135,8,8,4,"['christophergreen609', 'mahfuzakhatun', 'aumer313', 'robertivans']",3,"['haitianxu', 'cjstanger1', 'maheshreddyerri']",4,"['ajallen1289', None, 'karishmae105', 'kanjanimody']",11,"['christophergreen609', 'ajallen1289', 'karishmae105', 'maheshreddyerri', 'aumer313', 'cjstanger1', 'kanjanimody', 'mahfuzakhatun', 'robertivans', None, 'haitianxu']"
95,149,8,7,6,"['christophergreen609', 'maheshreddyerri', 'aumer313', 'mahfuzakhatun', 'robertivans', 'haitianxu']",1,['cjstanger1'],1,[None],8,"['christophergreen609', 'maheshreddyerri', 'aumer313', 'cjstanger1', 'mahfuzakhatun', 'robertivans', None, 'haitianxu']"
96,156,8,31,6,"['siddheshkawle1994', 'akshaymg29', 'ajaykumbhar63', 'sy16778', 'yjain3105', 'gsudevan.gs']",1,['anmolkansara'],25,"['jakshay357', 'amishkeniya333', 'rathod.anuj13', 'anuragsurve94', 'mac.16feb', 'punnu', 'bsonparote', 'sumitshukla871994', 'anuragsngh517', 'sanket.shinde', 'vivekkalambate002', 'aakashpandit366', 'sayli.220894', 'aniketkumbhar20', 'raghavandra1403', 'mhatre.saurabh8', 'patel.maitray31', 'sanjajt', 'pandeyshivam816', 'rakshitkamath', None, 'luxcozibaniyan', 'foramvashi18', 'manasikarle22', 'variajatin86']",32,"['jakshay357', 'siddheshkawle1994', 'amishkeniya333', 'rathod.anuj13', 'anuragsurve94', 'mac.16feb', 'punnu', 'bsonparote', 'yjain3105', 'sumitshukla871994', 'anuragsngh517', 'gsudevan.gs', 'sanket.shinde', 'anmolkansara', 'akshaymg29', 'sy16778', 'vivekkalambate002', 'aakashpandit366', 'sayli.220894', 'aniketkumbhar20', 'raghavandra1403', 'mhatre.saurabh8', 'patel.maitray31', 'sanjajt', 'pandeyshivam816', 'rakshitkamath', None, 'luxcozibaniyan', 'foramvashi18', 'manasikarle22', 'ajaykumbhar63', 'variajatin86']"
96,166,8,8,6,"['siddheshkawle1994', 'akshaymg29', 'ajaykumbhar63', 'sy16778', 'yjain3105', 'gsudevan.gs']",1,['anmolkansara'],2,"['te.tronics2012', None]",9,"['siddheshkawle1994', 'anmolkansara', 'akshaymg29', 'te.tronics2012', 'sy16778', 'yjain3105', 'gsudevan.gs', None, 'ajaykumbhar63']"
97,99,8,6,5,"['dylanab83', 'wmbah', 'ksmith', 'marrrrcio', 'ambresoub']",2,"['jpacheco', 'pauljh']",1,[None],8,"['jpacheco', 'dylanab83', 'pauljh', 'wmbah', 'ksmith', None, 'marrrrcio', 'ambresoub']"
98,113,8,10,4,"['bgcrock', 'sharifsadaf', 'tomhoekman16', 'tkps333']",3,"['michaelkleinman', 'wenboz', 'raphael.prentki']",6,"['goobie', 'wangh1692', 'wdickerson', 'miracle92', 'szkopek', None]",13,"['michaelkleinman', 'wenboz', 'raphael.prentki', 'bgcrock', None, 'goobie', 'sharifsadaf', 'tomhoekman16', 'wangh1692', 'tkps333', 'wdickerson', 'miracle92', 'szkopek']"
98,122,8,9,5,"['michaelkleinman', 'sharifsadaf', 'tomhoekman16', 'tkps333', 'bgcrock']",2,"['wenboz', 'raphael.prentki']",4,"['goobie', None, 'wdickerson', 'nachiketk92']",11,"['michaelkleinman', 'wenboz', 'nachiketk92', 'raphael.prentki', 'bgcrock', None, 'goobie', 'sharifsadaf', 'tomhoekman16', 'tkps333', 'wdickerson']"
99,252,8,81,5,"['ameysalvi24', 'darshanasankhe78', 'kumarrohan64', 'vivek.gavhane1234', 'nikhilkachare46']",2,"['kishoresaldanha', 'mkshirke94']",76,"['swapnalimakdey25', 'shantanukel', 'jamdadeparag', 'kit.km72', 'kalyani.aye93', 'likita94', 'rbiradar', 'greatabhi.jathar', 'ps22ghule', 'sumaiyya.kazi94', 'sudhanshuapte1995', 'sachdev1995', 'shaikhkarnekar', 'prathu93', 'devendragpt8', 'ashishtonge94', 'praju.geet', 'chetana24', 'nairpooja1234', 'manishakolekar1994', 'myra10me01', 'suraj348', 'tikareshubham9', 'vijayaher0211', 'koltechetan346', 'vidhi123', 'abhimodi4321', 'darpan.bagwale', 'geofjoy', 'anjaliashlin', 'swithin.ds', 'sagar.mujpara99', 'mithlesh.kxsp', 'dipeshghag4u', 'sukanya93', 'ibrahimarif950', 'adiarv94', 'mayurgaikwad1293', 'ashwin', 'vapande3006', 'neel.shinde.14', 'smackthatjohn', 'girish.rancho', 'meraj025', 'mohnish.murli', 'himanshugajare.2016', 'ruhi20salvi', 'kiran.hemale', 'niki.mohod', 'bbirud', 'mona94', 'mtinu', 'ravindrakhorwal28', 'vijayvishal9751', 'abhisheknavlu', 'ved.tawari', 'komplepriya95', 'shivkumar020994', 'priyankasingh754', 'viraj.pereira', 'zak1010', None, 'gauri123', 'raghu.shirodkar', 'nibha29', 'pendkeomkar', 'akashrana861', 'prashantkhedkar.sakec', 'shvmsingh93', 'jagrutinagaonkar', 'akshay.d21', 'ronakraj93', 'jitenbahua', 'juvika1994', 'omkar.bane13', 'shakti81']",83,"['ameysalvi24', 'swapnalimakdey25', 'shantanukel', 'jamdadeparag', 'kit.km72', 'kalyani.aye93', 'likita94', 'rbiradar', 'greatabhi.jathar', 'ps22ghule', 'sumaiyya.kazi94', 'sudhanshuapte1995', 'sachdev1995', 'shaikhkarnekar', 'vivek.gavhane1234', 'prathu93', 'devendragpt8', 'nikhilkachare46', 'ashishtonge94', 'praju.geet', 'chetana24', 'nairpooja1234', 'manishakolekar1994', 'myra10me01', 'kumarrohan64', 'suraj348', 'tikareshubham9', 'vijayaher0211', 'koltechetan346', 'vidhi123', 'kishoresaldanha', 'abhimodi4321', 'geofjoy', 'anjaliashlin', 'swithin.ds', 'darpan.bagwale', 'sagar.mujpara99', 'mithlesh.kxsp', 'dipeshghag4u', 'sukanya93', 'ibrahimarif950', 'adiarv94', 'mayurgaikwad1293', 'ashwin', 'vapande3006', 'neel.shinde.14', 'smackthatjohn', 'girish.rancho', 'meraj025', 'mohnish.murli', 'darshanasankhe78', 'himanshugajare.2016', 'ruhi20salvi', 'kiran.hemale', 'niki.mohod', 'bbirud', 'mona94', 'mtinu', 'mkshirke94', 'ravindrakhorwal28', 'vijayvishal9751', 'abhisheknavlu', 'ved.tawari', 'komplepriya95', 'shivkumar020994', 'priyankasingh754', 'viraj.pereira', 'zak1010', None, 'gauri123', 'raghu.shirodkar', 'nibha29', 'pendkeomkar', 'akashrana861', 'prashantkhedkar.sakec', 'shvmsingh93', 'jagrutinagaonkar', 'akshay.d21', 'ronakraj93', 'jitenbahua', 'juvika1994', 'omkar.bane13', 'shakti81']"
99,63,8,22,1,['kumarrohan64'],6,"['ameysalvi24', 'darshanasankhe78', 'kishoresaldanha', 'vivek.gavhane1234', 'nikhilkachare46', 'mkshirke94']",21,"['swapnalimakdey25', 'shantanukel', 'kit.km72', 'ashwin', 'sachdev1995', 'himanshugajare.2016', 'devendragpt8', 'niki.mohod', 'mona94', 'praju.geet', 'chetana24', 'nairpooja1234', 'mtinu', 'ravindrakhorwal28', 'vijayvishal9751', 'komplepriya95', 'gauri123', None, 'nibha29', 'sameera.syed', 'sukanya93']",28,"['ameysalvi24', 'ravindrakhorwal28', 'vijayvishal9751', 'kumarrohan64', 'swapnalimakdey25', 'shantanukel', 'nairpooja1234', 'kit.km72', 'komplepriya95', 'ashwin', None, 'gauri123', 'sachdev1995', 'nibha29', 'darshanasankhe78', 'kishoresaldanha', 'himanshugajare.2016', 'sameera.syed', 'vivek.gavhane1234', 'sukanya93', 'devendragpt8', 'niki.mohod', 'nikhilkachare46', 'praju.geet', 'mona94', 'chetana24', 'mtinu', 'mkshirke94']"
99,64,8,22,2,"['nikhilkachare46', 'darshanasankhe78']",5,"['ameysalvi24', 'kumarrohan64', 'kishoresaldanha', 'vivek.gavhane1234', 'mkshirke94']",20,"['adiarv94', 'swapnalimakdey25', 'jamdadeparag', 'kalyani.aye93', 'likita94', 'ps22ghule', 'sumaiyya.kazi94', 'sachdev1995', 'devendragpt8', 'mona94', 'chetana24', 'praju.geet', 'alimariya05', 'nairpooja1234', 'suraj348', None, 'pendkeomkar', 'darpan.bagwale', 'geofjoy', 'juvika1994']",27,"['ameysalvi24', 'adiarv94', 'kumarrohan64', 'swapnalimakdey25', 'jamdadeparag', 'likita94', 'kalyani.aye93', 'ps22ghule', 'suraj348', 'sumaiyya.kazi94', None, 'sachdev1995', 'pendkeomkar', 'darshanasankhe78', 'chetana24', 'kishoresaldanha', 'darpan.bagwale', 'geofjoy', 'vivek.gavhane1234', 'devendragpt8', 'nikhilkachare46', 'mona94', 'praju.geet', 'juvika1994', 'alimariya05', 'nairpooja1234', 'mkshirke94']"
99,66,8,16,1,['darshanasankhe78'],6,"['ameysalvi24', 'kumarrohan64', 'kishoresaldanha', 'vivek.gavhane1234', 'nikhilkachare46', 'mkshirke94']",15,"['projectcrce1516', 'adiarv94', 'tiinnovationvesit', 'vanita.ahuja', 'darpan.bagwale', 'jamdadeparag', 'likita94', None, 'nitin.kadian', 'ps22ghule', 'chetana24', 'suraj348', 'sumaiyya.kazi94', 'nithya.yadav', 'deepika.muthukumari']",22,"['ameysalvi24', 'projectcrce1516', 'adiarv94', 'kumarrohan64', 'jamdadeparag', 'likita94', 'nitin.kadian', 'ps22ghule', 'suraj348', 'sumaiyya.kazi94', None, 'nithya.yadav', 'deepika.muthukumari', 'darshanasankhe78', 'tiinnovationvesit', 'kishoresaldanha', 'vanita.ahuja', 'darpan.bagwale', 'vivek.gavhane1234', 'nikhilkachare46', 'chetana24', 'mkshirke94']"
99,254,8,15,1,['kishoresaldanha'],6,"['ameysalvi24', 'darshanasankhe78', 'kumarrohan64', 'vivek.gavhane1234', 'nikhilkachare46', 'mkshirke94']",14,"['mrinalini20.shah', 'myra10me01', 'ssatam23dps', 'akashrana861', 'abhimodi4321', 'dhrv23shah', 'mmodi296', 'manaanshi.23', 'anam', 'prateeksharma0627', 'ps22ghule', None, 'cs7', 'lavanyaramnath']",21,"['ameysalvi24', 'mrinalini20.shah', 'myra10me01', 'kumarrohan64', 'mmodi296', 'manaanshi.23', 'anam', 'ps22ghule', None, 'lavanyaramnath', 'ssatam23dps', 'darshanasankhe78', 'akashrana861', 'kishoresaldanha', 'abhimodi4321', 'dhrv23shah', 'vivek.gavhane1234', 'nikhilkachare46', 'prateeksharma0627', 'cs7', 'mkshirke94']"
99,69,8,14,2,"['ameysalvi24', 'vivek.gavhane1234']",5,"['darshanasankhe78', 'kumarrohan64', 'kishoresaldanha', 'nikhilkachare46', 'mkshirke94']",12,"['pankajsalunkhe23', 'kushwahasachin90', 'ryadav03', 'shaikhrehana14', 'tawadesiddhesh1994', 'nik2191.main', 'devilchester4491', 'mp12121234', 'chetana24', None, 'patilmonika681', 'break.007req']",19,"['ameysalvi24', 'pankajsalunkhe23', 'kushwahasachin90', 'kumarrohan64', 'ryadav03', 'tawadesiddhesh1994', 'devilchester4491', None, 'patilmonika681', 'darshanasankhe78', 'kishoresaldanha', 'vivek.gavhane1234', 'shaikhrehana14', 'mp12121234', 'nikhilkachare46', 'nik2191.main', 'break.007req', 'chetana24', 'mkshirke94']"
99,65,8,7,1,['mkshirke94'],6,"['ameysalvi24', 'darshanasankhe78', 'kumarrohan64', 'kishoresaldanha', 'vivek.gavhane1234', 'nikhilkachare46']",6,"['adiarv94', 'ps22ghule', 'viraj.pereira', 'juvika1994', None, 'manishakolekar1994']",13,"['ameysalvi24', 'darshanasankhe78', 'kumarrohan64', 'kishoresaldanha', 'adiarv94', 'vivek.gavhane1234', 'ps22ghule', 'manishakolekar1994', 'nikhilkachare46', 'viraj.pereira', 'juvika1994', None, 'mkshirke94']"
99,253,8,7,1,['mkshirke94'],6,"['ameysalvi24', 'darshanasankhe78', 'kumarrohan64', 'kishoresaldanha', 'vivek.gavhane1234', 'nikhilkachare46']",6,"['sachdev1995', 'pushkarvaity', 'greatabhi.jathar', 'bbirud', None, 'manali']",13,"['ameysalvi24', 'sachdev1995', 'darshanasankhe78', 'kumarrohan64', 'kishoresaldanha', 'vivek.gavhane1234', 'pushkarvaity', 'greatabhi.jathar', 'nikhilkachare46', 'bbirud', None, 'manali', 'mkshirke94']"
101,283,8,29,7,"['tanmayayre94', 'aniketvidyalankar', 'deepti.bhosale189', 'saurabh.medhekar18', 'kondeakshay94', 'shubham.mohite7', 'rathodavinash09']",0,[],22,"['avdhut.bhogale94', 'mathureshruti', 'kintali.sasirekha', 'borse84kiran', 'phadsujata59', 'jadhavmansi999', 'vrjs.29', 'kagare202', 'shashwatssanghavi', 'chaudharilatika02', 'surajmore009', 'tanmaypatil18', 'sayaliw212', 'vedarthsave80', 'pranali.kokate9', 'akajadhav1', 'aksha0103', None, 'nikinsaw', 'swapnilshingte504', 'shamika', 'akshaykharat563']",29,"['avdhut.bhogale94', 'mathureshruti', 'kintali.sasirekha', 'borse84kiran', 'phadsujata59', 'jadhavmansi999', 'vrjs.29', 'rathodavinash09', 'kagare202', 'shashwatssanghavi', 'chaudharilatika02', 'surajmore009', 'aniketvidyalankar', 'deepti.bhosale189', 'kondeakshay94', 'tanmaypatil18', 'shubham.mohite7', 'sayaliw212', 'vedarthsave80', 'saurabh.medhekar18', 'pranali.kokate9', 'akajadhav1', 'aksha0103', None, 'nikinsaw', 'swapnilshingte504', 'tanmayayre94', 'shamika', 'akshaykharat563']"
101,199,8,26,7,"['tanmayayre94', 'aniketvidyalankar', 'deepti.bhosale189', 'saurabh.medhekar18', 'kondeakshay94', 'shubham.mohite7', 'rathodavinash09']",0,[],19,"['mathureshruti', 'kintali.sasirekha', 'borse84kiran', 'vaibhavijadhav22', 'loka.likes.living.life', 'vrjs.29', 'shrushtiand', 'jadhavmansi999', 'saurabharyan1995', 'kagare202', 'surajmore009', 'tanmaypatil18', 'sayaliw212', 'pranali.kokate9', 'akajadhav1', 'aksha0103', None, 'nikinsaw', 'akshaykharat563']",26,"['mathureshruti', 'kintali.sasirekha', 'vaibhavijadhav22', 'borse84kiran', 'loka.likes.living.life', 'vrjs.29', 'shrushtiand', 'jadhavmansi999', 'saurabharyan1995', 'rathodavinash09', 'kagare202', 'surajmore009', 'aniketvidyalankar', 'deepti.bhosale189', 'kondeakshay94', 'tanmaypatil18', 'shubham.mohite7', 'sayaliw212', 'saurabh.medhekar18', 'pranali.kokate9', 'akajadhav1', 'aksha0103', None, 'nikinsaw', 'tanmayayre94', 'akshaykharat563']"
102,24,8,12,1,['navnidhi.01'],6,"['aeroshrk', 'bryant.tannerg', 'pontiuspilate93', 'btallred42', 'simonfrfr', 'jordane']",11,"['cmerola', 'xueling', 'john13ben', 'nupadhyay', 'abhishekkuma', 'asaranat', 'pramesh', 'cjfoss', 'jagujiobi', 'vdusetty', None]",18,"['cmerola', 'aeroshrk', 'nupadhyay', 'abhishekkuma', 'asaranat', 'jagujiobi', 'vdusetty', None, 'xueling', 'john13ben', 'bryant.tannerg', 'pontiuspilate93', 'btallred42', 'simonfrfr', 'pramesh', 'jordane', 'cjfoss', 'navnidhi.01']"
103,240,8,90,5,"['marneni01', 'himalidhaduk', 'nishat1801', 'furquan', 'manalipatel']",2,"['alajel66', 'drparvez']",85,"['muralisaiavinash', 'mannamanoj1', 'rahulenukonda525', 'mahalepriyaja', 'shreeyash6', 'harshavardhanvarmavegesna', 'eedupuganti07', 'razavi_nader', 'sanjaymenaria', 'srikanthr9', 'nareshmangali', 'pallugullu', 'geethesh', 'parikhchirag29', 'pavan.malay', 'mohithakshay', 'harshpathak', 'sanketdesai14', 'achala', 'anveshkankanala', 'muthu35', 'ravikiran19', 'narapa', 'tushar033', 'chandusravanthi', 'rakeshyadav', 'fardad.falahati', 'poojatrivedi', 'manojtalluri.93', 'neeturaj', 'nader.razavi87', 'perumallakavya', 'pruthvipatel1992', 'kashyap09ec71', 'patel.akash102', 'pritipatel', 'anusha555', 'bansari21', 'saisatwickyadav', 'santhosh.y', '802769935jj', 'akshaya1512', 'poyani_mehta', 'chinthalapally13', 'rakeshvandanapu7', 'kevinharish40', 'binayb175', 'nawaz316', 'adi250491', 'aartipatel', 'hem.metalia', 'veeru', 'kavyathokala', 'ritvik03', 'shobhavaddineni', 'manishareddytera', 'p.rathod', 'ramisetty12', 'meen83', 'anoop1992', 'engpeacock', 'deeppatel092', 'trinath90', 'kancharla0113', 'nikhila_banda', 'pavan51', 'teja999', 'vanimerugu', 'sha6070sha', 'manivykuntam', None, 'pritipatel59', 'kruthiperumalla', 'dharanidar123', 'targetrishi', 'mekalamanishyadav', 'dhruvil', 'sathiriv', 'venki09443', 'ramyanaine11', 'haritha93', 'nagasai', 'tatikonda', 'pallavivenkatesh', 'pallavi90']",92,"['muralisaiavinash', 'mannamanoj1', 'rahulenukonda525', 'mahalepriyaja', 'shreeyash6', 'harshavardhanvarmavegesna', 'eedupuganti07', 'marneni01', 'razavi_nader', 'sanjaymenaria', 'srikanthr9', 'nareshmangali', 'nishat1801', 'himalidhaduk', 'pallugullu', 'geethesh', 'parikhchirag29', 'pavan.malay', 'mohithakshay', 'harshpathak', 'sanketdesai14', 'achala', 'anveshkankanala', 'muthu35', 'ravikiran19', 'narapa', 'tushar033', 'chandusravanthi', 'rakeshyadav', 'fardad.falahati', 'poojatrivedi', 'manojtalluri.93', 'neeturaj', 'nader.razavi87', 'perumallakavya', 'pruthvipatel1992', 'kashyap09ec71', 'patel.akash102', 'pritipatel', 'anusha555', 'alajel66', 'bansari21', 'saisatwickyadav', 'santhosh.y', '802769935jj', 'akshaya1512', 'poyani_mehta', 'chinthalapally13', 'rakeshvandanapu7', 'kevinharish40', 'binayb175', 'furquan', 'nawaz316', 'adi250491', 'aartipatel', 'hem.metalia', 'veeru', 'drparvez', 'kavyathokala', 'ritvik03', 'shobhavaddineni', 'manishareddytera', 'p.rathod', 'ramisetty12', 'meen83', 'anoop1992', 'engpeacock', 'deeppatel092', 'trinath90', 'kancharla0113', 'nikhila_banda', 'pavan51', 'teja999', 'vanimerugu', 'sha6070sha', 'manivykuntam', None, 'pritipatel59', 'kruthiperumalla', 'dharanidar123', 'targetrishi', 'mekalamanishyadav', 'dhruvil', 'sathiriv', 'manalipatel', 'venki09443', 'ramyanaine11', 'haritha93', 'nagasai', 'tatikonda', 'pallavivenkatesh', 'pallavi90']"
103,40,8,6,3,"['himalidhaduk', 'nishat1801', 'manalipatel']",4,"['drparvez', 'alajel66', 'marneni01', 'furquan']",3,"['veeru', None, 'rahulenukonda525']",10,"['alajel66', 'marneni01', 'nishat1801', 'himalidhaduk', 'furquan', 'rahulenukonda525', None, 'manalipatel', 'veeru', 'drparvez']"
104,125,7,8,6,"['j_whitaker', 'crtilli', 'jalshaba', 'bcui', 'zyc0504fly', 'ndcarver']",0,[],2,"[None, 'schalljd']",8,"['j_whitaker', 'crtilli', 'jalshaba', 'bcui', 'zyc0504fly', 'schalljd', 'ndcarver', None]"
104,305,7,8,6,"['j_whitaker', 'crtilli', 'jalshaba', 'bcui', 'zyc0504fly', 'ndcarver']",0,[],2,"[None, 'schalljd']",8,"['j_whitaker', 'crtilli', 'jalshaba', 'bcui', 'zyc0504fly', 'schalljd', 'ndcarver', None]"
105,228,7,55,1,['papirek92'],5,"['namikakumari1989', 'morozovsergey22', 'tyler.rajotte087', 'sahinm', 'berkdi']",54,"['majoveri', 'quiksilver', 'pavol_mnan', 'jaroslavmikeska', 'xmusil54', 'xtrizn00', 'hagrid054', 'pavolkrsak', 'mlynkovabarca', 'xjakou02', 'mmum_adam', 'novak45', 'mareksikora', 'tatranka01', 'frein', 'pecekl', 'rezruc', 'xbrynd00', 'los_machos', 'kolar.michal', 'diavel', 'bures.fr', 'xalber00', 'xsykor18', 'smurfer', 'pastikar1', 'benesl.tomas', 'xkubin21', 'xzagra00', 'jirkajiruska', 'martinkucirek', 'tenji', 'xchutn', 'xplany00', 'michal.talaba', 'xnovak0n', 'luk.kupka', 'adelaid', None, 'lukas.kuruc', 'jendavavra', 'dwayne007', 'xtoman27', 'andor0521', 'janmatej', 'xfilka01', 'xkraus09', 'xsidor00', 'sejcek', 'tkac.peto92', 'ondrejbastan', 'chytil92', 'xdolni02', 'sslenker']",60,"['majoveri', 'quiksilver', 'pavol_mnan', 'jaroslavmikeska', 'xmusil54', 'tyler.rajotte087', 'xtrizn00', 'hagrid054', 'pavolkrsak', 'mlynkovabarca', 'xjakou02', 'mmum_adam', 'novak45', 'mareksikora', 'tatranka01', 'frein', 'namikakumari1989', 'pecekl', 'morozovsergey22', 'rezruc', 'xbrynd00', 'los_machos', 'kolar.michal', 'diavel', 'bures.fr', 'xalber00', 'xsykor18', 'smurfer', 'pastikar1', 'benesl.tomas', 'xkubin21', 'xzagra00', 'jirkajiruska', 'martinkucirek', 'tenji', 'xchutn', 'xplany00', 'michal.talaba', 'xnovak0n', 'luk.kupka', 'papirek92', 'adelaid', None, 'lukas.kuruc', 'jendavavra', 'dwayne007', 'xtoman27', 'andor0521', 'janmatej', 'xfilka01', 'xkraus09', 'xsidor00', 'sejcek', 'tkac.peto92', 'ondrejbastan', 'sahinm', 'chytil92', 'xdolni02', 'sslenker', 'berkdi']"
107,86,7,12,6,"['amanda.haes', 'alan.wang', 'cnmelton', 'g.h.sheetah', 'kalliewillets', 'hayleyosman']",0,[],6,"['osobh', 'jeremysmith244', 'nhooshmand15', 'sobh', None, 'louql']",12,"['osobh', 'jeremysmith244', 'cnmelton', 'g.h.sheetah', 'kalliewillets', 'sobh', 'hayleyosman', None, 'amanda.haes', 'alan.wang', 'nhooshmand15', 'louql']"
116,256,6,13,5,"['aakash3194', 'mvedant29', 'sunny11893', 'aayushjain27894', 'karthik.oct94']",0,[],8,"['jashshah171', 'nimishgujarathi', 'shreyanshsoni05', 'rutvijmm', 'sneha.jadhav', 'skasad707', None, 'udaychhatre']",13,"['jashshah171', 'nimishgujarathi', 'skasad707', 'karthik.oct94', None, 'aakash3194', 'shreyanshsoni05', 'mvedant29', 'rutvijmm', 'sneha.jadhav', 'sunny11893', 'aayushjain27894', 'udaychhatre']"
119,274,6,18,2,"['rushabkarani', 'mugsjoshi14']",3,"['hemantsonar93', 'komalkolekar95', 'vanitashingwa1995']",16,"['mathureshruti', 'mukeshsharma31994', 'ssaurabh.bhosale', 'vaibhavijadhav22', 'vrjs.29', 'shetty1995pranoy', 'shrushtiand', 'pranali.kokate9', 'jadhavmansi999', 'akajadhav1', 'saurabharyan1995', 'aditya18jadhav', 'mayuresh20', None, 'shruti.ganjoo97', 'tanmaypatil18']",21,"['rushabkarani', 'mathureshruti', 'mukeshsharma31994', 'komalkolekar95', 'vaibhavijadhav22', 'hemantsonar93', 'vrjs.29', 'shetty1995pranoy', 'shrushtiand', 'pranali.kokate9', 'jadhavmansi999', 'akajadhav1', 'saurabharyan1995', 'ssaurabh.bhosale', None, 'mugsjoshi14', 'vanitashingwa1995', 'aditya18jadhav', 'tanmaypatil18', 'mayuresh20', 'shruti.ganjoo97']"
119,260,6,13,2,"['mugsjoshi14', 'vanitashingwa1995']",3,"['hemantsonar93', 'rushabkarani', 'komalkolekar95']",11,"['mukeshsharma31994', 'ssaurabh.bhosale', 'vaibhavijadhav22', 'loka.likes.living.life', 'shrushtiand', 'pranali.kokate9', 'mayuresh20', 'tanmaypatil18', 'saurabharyan1995', 'kagare202', None]",16,"['rushabkarani', 'mukeshsharma31994', 'komalkolekar95', 'vaibhavijadhav22', 'hemantsonar93', 'loka.likes.living.life', 'shrushtiand', 'pranali.kokate9', 'saurabharyan1995', 'kagare202', 'ssaurabh.bhosale', None, 'mugsjoshi14', 'vanitashingwa1995', 'tanmaypatil18', 'mayuresh20']"
119,258,6,11,5,"['rushabkarani', 'mugsjoshi14', 'komalkolekar95', 'hemantsonar93', 'vanitashingwa1995']",0,[],6,"['durgadole42', 'roshninilam', 'jaiswald826', 'akshaykharat563', None, 'shashwatssanghavi']",11,"['rushabkarani', 'komalkolekar95', 'roshninilam', 'jaiswald826', 'hemantsonar93', 'shashwatssanghavi', None, 'mugsjoshi14', 'durgadole42', 'akshaykharat563', 'vanitashingwa1995']"
119,259,6,6,1,['komalkolekar95'],4,"['hemantsonar93', 'rushabkarani', 'mugsjoshi14', 'vanitashingwa1995']",5,"['abhishekvelhal94', 'sajsunny6329', 'sonawanesushant1', 'dipanjalivishwekar', None]",10,"['rushabkarani', 'abhishekvelhal94', 'mugsjoshi14', 'komalkolekar95', 'sajsunny6329', 'hemantsonar93', 'sonawanesushant1', 'vanitashingwa1995', 'dipanjalivishwekar', None]"
119,272,6,6,3,"['rushabkarani', 'mugsjoshi14', 'vanitashingwa1995']",2,"['hemantsonar93', 'komalkolekar95']",3,"['ssaurabh.bhosale', 'mukeshsharma31994', None]",8,"['rushabkarani', 'mugsjoshi14', 'komalkolekar95', 'mukeshsharma31994', 'hemantsonar93', 'vanitashingwa1995', 'ssaurabh.bhosale', None]"
120,74,6,64,1,['mp12121234'],4,"['unmey08', 'rutvijmm', 'mns.dinu', 'ssatam23dps']",63,"['sweta.ghumare', 'bhatia.jitesh', 'akshaya17', 'vinita.vachhani', 'akshay.gadhave', 'swapnalimakdey25', 'priyanka.avhad', 'saurabh.bhirud', 'ulka.patil', 'shubham.pounikar', 'anisha.das', 'suyash.karle', 'priyanka.kulkarni', 'richard.noronha', 'sajjan.jha', 'karan.sonawane', 'sayli.shevade', 'ashutosh.singh', 'chetanraj.pant', 'samira2308', 'harshada.patankar', 'hitin.mandhani', 'pournima.amondkar', 'arundhathirs1993', 'digvijay.singh', 'dishantm01', 'natasha.gurnani', 'saniya.hans', 'akshay.budhrani', 'komal.gaikwad', 'jeet.bhanushali', 'priyanka.ghatge', 'mayur.agarwadekar', 'darshan.bhanushali', 'sanika.pandharkar', 'ajinkyapadwad', 'kalpeshshukla11', 'kanchan.phadtare', 'kalindi.deshmukh', 'sonia.naik', 'parth.mehta', 'madhav.hingane', 'te.tronics2012', 'batchbd16b', 'jayant.parab', 'prerna.jaisingh', 'abhay.bhanushali', 'rutuja.shinde', 'amdheepikaa', 'abhay.kshirsagar', 'preeti.suryawanshi', 'pooja.karle', 'sona.dhongde', 'dishantm1993', 'nimita20', None, 'urvashi.chawla', 'tiinnovationvesit', 'mahadikchetna', 'singh.priyaa36', 'mahesh.magar', 'linusassao974', 'nikita.gurnani']",68,"['sweta.ghumare', 'bhatia.jitesh', 'akshaya17', 'vinita.vachhani', 'akshay.gadhave', 'swapnalimakdey25', 'priyanka.avhad', 'saurabh.bhirud', 'ulka.patil', 'shubham.pounikar', 'anisha.das', 'suyash.karle', 'priyanka.kulkarni', 'richard.noronha', 'sajjan.jha', 'karan.sonawane', 'sayli.shevade', 'ashutosh.singh', 'chetanraj.pant', 'samira2308', 'harshada.patankar', 'hitin.mandhani', 'pournima.amondkar', 'arundhathirs1993', 'digvijay.singh', 'dishantm01', 'natasha.gurnani', 'saniya.hans', 'mns.dinu', 'akshay.budhrani', 'komal.gaikwad', 'jeet.bhanushali', 'mp12121234', 'priyanka.ghatge', 'mayur.agarwadekar', 'darshan.bhanushali', 'sanika.pandharkar', 'ajinkyapadwad', 'kalpeshshukla11', 'unmey08', 'kanchan.phadtare', 'kalindi.deshmukh', 'sonia.naik', 'ssatam23dps', 'parth.mehta', 'madhav.hingane', 'te.tronics2012', 'batchbd16b', 'jayant.parab', 'prerna.jaisingh', 'abhay.bhanushali', 'rutuja.shinde', 'amdheepikaa', 'abhay.kshirsagar', 'preeti.suryawanshi', 'pooja.karle', 'sona.dhongde', 'dishantm1993', 'nimita20', None, 'urvashi.chawla', 'tiinnovationvesit', 'mahadikchetna', 'singh.priyaa36', 'mahesh.magar', 'linusassao974', 'rutvijmm', 'nikita.gurnani']"
120,71,6,34,3,"['unmey08', 'mp12121234', 'mns.dinu']",2,"['rutvijmm', 'ssatam23dps']",31,"['mayur.agarwadekar', 'vinita.vachhani', 'rahul.patil', 'varun.dua', 'ajinkyapadwad', 'prashant.yadav', 'kanchan.phadtare', 'sumeet.kotaria', 'saurabh.bhirud', 'madhav.hingane', 'preeti.wadhwani', 'batchbd16b', 'hitin.23.11.1994', 'spshanbhag602', 'mohammed.qureshi', 'omkar.prabhu', 'karan.sonawane', 'rutuja.shinde', 'ashutosh.singh', 'chetanraj.pant', 'nish.270', 'tanayshah007', None, 'zahran.mhaskar', 'tiinnovationvesit', 'mahadikchetna', 'nestor.lobo', 'raj.sawant', 'prathmesh.sawant', 'rohit.rawat', 'priyanka.ghatge']",36,"['mayur.agarwadekar', 'vinita.vachhani', 'rahul.patil', 'varun.dua', 'ajinkyapadwad', 'prashant.yadav', 'unmey08', 'kanchan.phadtare', 'sumeet.kotaria', 'saurabh.bhirud', 'ssatam23dps', 'madhav.hingane', 'preeti.wadhwani', 'batchbd16b', 'hitin.23.11.1994', 'spshanbhag602', 'mohammed.qureshi', 'omkar.prabhu', 'karan.sonawane', 'rutuja.shinde', 'ashutosh.singh', 'chetanraj.pant', 'nish.270', 'tanayshah007', None, 'zahran.mhaskar', 'tiinnovationvesit', 'mahadikchetna', 'nestor.lobo', 'mns.dinu', 'raj.sawant', 'prathmesh.sawant', 'rutvijmm', 'mp12121234', 'rohit.rawat', 'priyanka.ghatge']"
120,70,6,25,1,['mp12121234'],4,"['unmey08', 'rutvijmm', 'mns.dinu', 'ssatam23dps']",24,"['nilesh2551994', 'vinita.vachhani', 'varun.dua', 'ryadav03', 'mohit.kulkarni', 'ajinkyapadwad', 'rupali.patil', 'suraj348', 'kanchan.phadtare', 'nimita20', None, 'nithya.yadav', 'kalindi.deshmukh', 'saurabh.bhirud', 'madhav.hingane', 'tiinnovationvesit', 'nikhil.divekar', 'shaikhrehana14', 'muktat20', 'jaikishan.yadav', 'prerna.jaisingh', 'omkar.prabhu', 'abhay.bhanushali', 'sshinde04']",29,"['nilesh2551994', 'vinita.vachhani', 'varun.dua', 'ryadav03', 'mohit.kulkarni', 'ajinkyapadwad', 'rupali.patil', 'suraj348', 'unmey08', 'kanchan.phadtare', 'nimita20', None, 'nithya.yadav', 'kalindi.deshmukh', 'saurabh.bhirud', 'ssatam23dps', 'madhav.hingane', 'tiinnovationvesit', 'nikhil.divekar', 'mns.dinu', 'rutvijmm', 'mp12121234', 'shaikhrehana14', 'muktat20', 'prerna.jaisingh', 'omkar.prabhu', 'jaikishan.yadav', 'abhay.bhanushali', 'sshinde04']"
120,254,6,15,1,['ssatam23dps'],4,"['unmey08', 'rutvijmm', 'mp12121234', 'mns.dinu']",14,"['mrinalini20.shah', 'myra10me01', 'akashrana861', 'abhimodi4321', 'kishoresaldanha', 'dhrv23shah', 'mmodi296', 'manaanshi.23', 'anam', 'prateeksharma0627', 'ps22ghule', None, 'cs7', 'lavanyaramnath']",19,"['mrinalini20.shah', 'myra10me01', 'mmodi296', 'manaanshi.23', 'anam', 'ps22ghule', 'unmey08', None, 'lavanyaramnath', 'ssatam23dps', 'akashrana861', 'abhimodi4321', 'kishoresaldanha', 'dhrv23shah', 'mns.dinu', 'rutvijmm', 'mp12121234', 'prateeksharma0627', 'cs7']"
120,69,6,14,1,['mp12121234'],4,"['unmey08', 'rutvijmm', 'mns.dinu', 'ssatam23dps']",13,"['ameysalvi24', 'pankajsalunkhe23', 'kushwahasachin90', 'vivek.gavhane1234', 'ryadav03', 'shaikhrehana14', 'tawadesiddhesh1994', 'nik2191.main', 'devilchester4491', 'chetana24', None, 'patilmonika681', 'break.007req']",18,"['ameysalvi24', 'pankajsalunkhe23', 'kushwahasachin90', 'ryadav03', 'tawadesiddhesh1994', 'devilchester4491', 'unmey08', None, 'patilmonika681', 'ssatam23dps', 'vivek.gavhane1234', 'mns.dinu', 'rutvijmm', 'mp12121234', 'shaikhrehana14', 'nik2191.main', 'chetana24', 'break.007req']"
120,256,6,13,1,['rutvijmm'],4,"['mp12121234', 'unmey08', 'mns.dinu', 'ssatam23dps']",12,"['jashshah171', 'aakash3194', 'nimishgujarathi', 'shreyanshsoni05', 'mvedant29', 'sneha.jadhav', None, 'skasad707', 'sunny11893', 'aayushjain27894', 'karthik.oct94', 'udaychhatre']",17,"['jashshah171', 'nimishgujarathi', 'skasad707', 'unmey08', 'karthik.oct94', None, 'aakash3194', 'ssatam23dps', 'shreyanshsoni05', 'mns.dinu', 'mvedant29', 'rutvijmm', 'sneha.jadhav', 'mp12121234', 'sunny11893', 'aayushjain27894', 'udaychhatre']"
120,72,6,12,3,"['unmey08', 'mns.dinu', 'ssatam23dps']",2,"['rutvijmm', 'mp12121234']",9,"['betigeri.amruta', 'sreedharan.akhilesh', 'abhishek.singh', 'i.totallyrock222', 'sabapasha87iz', None, 'spshanbhag602', 'swapnildaddikar05', 'sonawaneseema93']",14,"['sreedharan.akhilesh', 'abhishek.singh', 'unmey08', 'sonawaneseema93', None, 'betigeri.amruta', 'ssatam23dps', 'i.totallyrock222', 'sabapasha87iz', 'mns.dinu', 'rutvijmm', 'mp12121234', 'spshanbhag602', 'swapnildaddikar05']"
120,75,6,6,1,['rutvijmm'],4,"['mp12121234', 'unmey08', 'mns.dinu', 'ssatam23dps']",5,"['rahulstary', 'linusassao974', 'batchbd16b', 'chetana24', None]",10,"['ssatam23dps', 'rahulstary', 'mns.dinu', 'linusassao974', 'rutvijmm', 'batchbd16b', 'mp12121234', None, 'chetana24', 'unmey08']"
120,255,6,6,1,['mp12121234'],4,"['unmey08', 'rutvijmm', 'mns.dinu', 'ssatam23dps']",5,"['syadav05', 'parabmahadev34', None, 'milu21111994', 'break.007req']",10,"['ssatam23dps', 'syadav05', 'mns.dinu', 'rutvijmm', None, 'mp12121234', 'break.007req', 'unmey08', 'milu21111994', 'parabmahadev34']"
121,71,6,34,4,"['rohit.rawat', 'rahul.patil', 'preeti.wadhwani', 'mohammed.qureshi']",1,['sreedharan.akhilesh'],30,"['mayur.agarwadekar', 'vinita.vachhani', 'varun.dua', 'ajinkyapadwad', 'prashant.yadav', 'kanchan.phadtare', 'unmey08', 'sumeet.kotaria', 'saurabh.bhirud', 'madhav.hingane', 'batchbd16b', 'hitin.23.11.1994', 'spshanbhag602', 'omkar.prabhu', 'karan.sonawane', 'rutuja.shinde', 'ashutosh.singh', 'chetanraj.pant', 'nish.270', 'tanayshah007', None, 'zahran.mhaskar', 'tiinnovationvesit', 'mahadikchetna', 'nestor.lobo', 'mns.dinu', 'raj.sawant', 'prathmesh.sawant', 'mp12121234', 'priyanka.ghatge']",35,"['mayur.agarwadekar', 'vinita.vachhani', 'rahul.patil', 'varun.dua', 'ajinkyapadwad', 'prashant.yadav', 'kanchan.phadtare', 'unmey08', 'sumeet.kotaria', 'saurabh.bhirud', 'madhav.hingane', 'preeti.wadhwani', 'batchbd16b', 'hitin.23.11.1994', 'spshanbhag602', 'mohammed.qureshi', 'omkar.prabhu', 'karan.sonawane', 'rutuja.shinde', 'sreedharan.akhilesh', 'ashutosh.singh', 'chetanraj.pant', 'nish.270', 'tanayshah007', None, 'zahran.mhaskar', 'tiinnovationvesit', 'mahadikchetna', 'nestor.lobo', 'mns.dinu', 'raj.sawant', 'prathmesh.sawant', 'mp12121234', 'rohit.rawat', 'priyanka.ghatge']"
121,72,6,12,1,['sreedharan.akhilesh'],4,"['rohit.rawat', 'rahul.patil', 'preeti.wadhwani', 'mohammed.qureshi']",11,"['betigeri.amruta', 'ssatam23dps', 'abhishek.singh', 'i.totallyrock222', 'unmey08', 'sabapasha87iz', 'mns.dinu', None, 'spshanbhag602', 'swapnildaddikar05', 'sonawaneseema93']",16,"['sreedharan.akhilesh', 'abhishek.singh', 'rahul.patil', 'sonawaneseema93', None, 'unmey08', 'betigeri.amruta', 'ssatam23dps', 'i.totallyrock222', 'preeti.wadhwani', 'sabapasha87iz', 'mns.dinu', 'spshanbhag602', 'rohit.rawat', 'swapnildaddikar05', 'mohammed.qureshi']"
122,210,6,42,4,"['aholguin13', 'cbombach', 'sanchez.ebe', 'aispurohector1']",1,['deciphersoul'],38,"['mavelez2', 'jrperez5', 'matt.brame', 'amy.paulina.7', 'tomasa03', 'raulontiveros.607', 'torres.mac13', 'lcoronado', '3enrique96', 'christian.rivera', 'michael_mikhael00', 'odsalazar', 'mjalvarezcomas', 'roherrera', 'aelafuente', 'icorral', 'agrodriguez8', 'samdoeswork', 'dardy43', 'oniric6', 'amartinez108', 'eliasjef762', 'lnsoto', 'calcantara', None, 'cflores25', 'gaabe_4', 'alanmangobear', 'raymundo.delarosa1', 'amartinez156', 'luis_d_hernandez', 'edgargomez1996', 'steese2000', 'dgarci1558', 'lesandoval', 'aisolis', 'lasanchez14', 'omargb9']",43,"['mavelez2', 'jrperez5', 'deciphersoul', 'matt.brame', 'amy.paulina.7', 'cbombach', 'sanchez.ebe', 'tomasa03', 'raulontiveros.607', 'torres.mac13', 'lcoronado', '3enrique96', 'christian.rivera', 'michael_mikhael00', 'odsalazar', 'mjalvarezcomas', 'roherrera', 'aelafuente', 'icorral', 'agrodriguez8', 'samdoeswork', 'dardy43', 'oniric6', 'amartinez108', 'eliasjef762', 'lnsoto', 'calcantara', None, 'aholguin13', 'cflores25', 'gaabe_4', 'alanmangobear', 'raymundo.delarosa1', 'amartinez156', 'luis_d_hernandez', 'edgargomez1996', 'steese2000', 'aispurohector1', 'dgarci1558', 'lesandoval', 'aisolis', 'lasanchez14', 'omargb9']"
123,78,6,7,5,"['mrbenjijunior6', 'nanofast.lit', 'missboubouk9', 'mqsu', 'jenniferjlien']",0,[],2,"['jlien', None]",7,"['mrbenjijunior6', 'nanofast.lit', 'jlien', 'missboubouk9', 'mqsu', None, 'jenniferjlien']"
123,79,6,7,5,"['mrbenjijunior6', 'nanofast.lit', 'missboubouk9', 'mqsu', 'jenniferjlien']",0,[],2,"['jlien88', None]",7,"['mrbenjijunior6', 'nanofast.lit', 'jlien88', 'missboubouk9', 'mqsu', None, 'jenniferjlien']"
123,80,6,7,5,"['mrbenjijunior6', 'nanofast.lit', 'missboubouk9', 'mqsu', 'jenniferjlien']",0,[],2,"['jlien', None]",7,"['mrbenjijunior6', 'nanofast.lit', 'jlien', 'missboubouk9', 'mqsu', None, 'jenniferjlien']"
123,81,6,7,5,"['mrbenjijunior6', 'nanofast.lit', 'missboubouk9', 'mqsu', 'jenniferjlien']",0,[],2,"[None, 'kapeck2']",7,"['mrbenjijunior6', 'nanofast.lit', 'kapeck2', 'missboubouk9', 'mqsu', None, 'jenniferjlien']"
124,258,6,11,2,"['durgadole42', 'roshninilam']",3,"['abhishekvelhal94', 'sajsunny6329', 'sonawanesushant1']",9,"['rushabkarani', 'mugsjoshi14', 'komalkolekar95', 'jaiswald826', 'akshaykharat563', 'hemantsonar93', None, 'vanitashingwa1995', 'shashwatssanghavi']",14,"['rushabkarani', 'komalkolekar95', 'roshninilam', 'jaiswald826', 'hemantsonar93', 'sonawanesushant1', 'shashwatssanghavi', None, 'abhishekvelhal94', 'mugsjoshi14', 'sajsunny6329', 'durgadole42', 'akshaykharat563', 'vanitashingwa1995']"
124,259,6,6,3,"['abhishekvelhal94', 'sajsunny6329', 'sonawanesushant1']",2,"['durgadole42', 'roshninilam']",3,"[None, 'komalkolekar95', 'dipanjalivishwekar']",8,"['abhishekvelhal94', 'sajsunny6329', 'komalkolekar95', 'durgadole42', 'roshninilam', 'sonawanesushant1', 'dipanjalivishwekar', None]"
128,293,6,30,5,"['festivarian', 'rhunt', 'stevejohns', 'soccor.ghuy', 'daniellenichols']",0,[],25,"['johnpaulstroud', 'williamburdge', 'tonyhobza', 'beatrizjustusferez', 'jenniferwatkins1', 'andrescorrea', 'megbern', 'cwalker', 'seanokelley', 'jordanvandegrift', None, 'aholt15', 'lanlibsu', 'donaldkellis', 'carterwarren12', 'teamreidy', 'lucasnukayahead', 'alineelquist', 'jennidomski', 'aaronbartz', 'erikjensen1984', 'majeed', 'swilliamson', 'izaakw', 'lnukayaheady']",30,"['johnpaulstroud', 'tonyhobza', 'beatrizjustusferez', 'jenniferwatkins1', 'megbern', 'seanokelley', 'aholt15', 'lanlibsu', 'carterwarren12', 'alineelquist', 'stevejohns', 'jennidomski', 'aaronbartz', 'swilliamson', 'lnukayaheady', 'daniellenichols', 'williamburdge', 'rhunt', 'cwalker', 'jordanvandegrift', None, 'donaldkellis', 'festivarian', 'teamreidy', 'lucasnukayahead', 'soccor.ghuy', 'erikjensen1984', 'majeed', 'izaakw', 'andrescorrea']"
128,117,6,16,5,"['festivarian', 'rhunt', 'stevejohns', 'soccor.ghuy', 'daniellenichols']",0,[],11,"['lanlibsu', 'johnpaulstroud', 'teamreidy', 'carterwarren12', 'lucasnukayahead', 'alineelquist', 'jennidomski', 'aaronbartz', 'megbern', 'jordanvandegrift', None]",16,"['johnpaulstroud', 'rhunt', 'megbern', 'jordanvandegrift', None, 'lanlibsu', 'festivarian', 'carterwarren12', 'teamreidy', 'lucasnukayahead', 'alineelquist', 'stevejohns', 'soccor.ghuy', 'jennidomski', 'aaronbartz', 'daniellenichols']"
128,118,6,16,5,"['festivarian', 'rhunt', 'stevejohns', 'soccor.ghuy', 'daniellenichols']",0,[],11,"['lanlibsu', 'johnpaulstroud', 'teamreidy', 'carterwarren12', 'lucasnukayahead', 'alineelquist', 'jennidomski', 'aaronbartz', 'jordanvandegrift', 'lnukayaheady', None]",16,"['johnpaulstroud', 'rhunt', 'jordanvandegrift', None, 'lanlibsu', 'festivarian', 'carterwarren12', 'teamreidy', 'lucasnukayahead', 'alineelquist', 'stevejohns', 'soccor.ghuy', 'jennidomski', 'aaronbartz', 'lnukayaheady', 'daniellenichols']"
128,291,6,16,5,"['festivarian', 'rhunt', 'stevejohns', 'soccor.ghuy', 'daniellenichols']",0,[],11,"['lanlibsu', 'johnpaulstroud', 'teamreidy', 'carterwarren12', 'lucasnukayahead', 'alineelquist', 'jennidomski', 'aaronbartz', 'megbern', 'jordanvandegrift', None]",16,"['johnpaulstroud', 'rhunt', 'megbern', 'jordanvandegrift', None, 'lanlibsu', 'festivarian', 'carterwarren12', 'teamreidy', 'lucasnukayahead', 'alineelquist', 'stevejohns', 'soccor.ghuy', 'jennidomski', 'aaronbartz', 'daniellenichols']"
128,120,6,15,5,"['festivarian', 'rhunt', 'stevejohns', 'soccor.ghuy', 'daniellenichols']",0,[],10,"['lanlibsu', 'carterwarren12', 'teamreidy', 'alineelquist', 'jennidomski', 'aaronbartz', 'megbern', 'jordanvandegrift', 'lnukayaheady', None]",15,"['rhunt', 'megbern', 'jordanvandegrift', None, 'lanlibsu', 'festivarian', 'teamreidy', 'carterwarren12', 'alineelquist', 'stevejohns', 'soccor.ghuy', 'jennidomski', 'aaronbartz', 'lnukayaheady', 'daniellenichols']"
128,316,6,15,5,"['festivarian', 'rhunt', 'stevejohns', 'soccor.ghuy', 'daniellenichols']",0,[],10,"['lanlibsu', 'carterwarren12', 'teamreidy', 'alineelquist', 'jennidomski', 'aaronbartz', 'megbern', 'jordanvandegrift', 'lnukayaheady', None]",15,"['rhunt', 'megbern', 'jordanvandegrift', None, 'lanlibsu', 'festivarian', 'teamreidy', 'carterwarren12', 'alineelquist', 'stevejohns', 'soccor.ghuy', 'jennidomski', 'aaronbartz', 'lnukayaheady', 'daniellenichols']"
128,295,6,11,4,"['daniellenichols', 'stevejohns', 'soccor.ghuy', 'rhunt']",1,['festivarian'],7,"['carterwarren12', 'lucasnukayahead', 'alineelquist', 'jennidomski', 'aaronbartz', 'megbern', None]",12,"['rhunt', 'megbern', None, 'festivarian', 'carterwarren12', 'lucasnukayahead', 'alineelquist', 'stevejohns', 'soccor.ghuy', 'jennidomski', 'aaronbartz', 'daniellenichols']"
128,119,6,10,5,"['festivarian', 'rhunt', 'stevejohns', 'soccor.ghuy', 'daniellenichols']",0,[],5,"['johnpaulstroud', 'lucasnukayahead', 'alineelquist', 'jennidomski', None]",10,"['johnpaulstroud', 'festivarian', 'rhunt', 'lucasnukayahead', 'alineelquist', 'stevejohns', 'soccor.ghuy', 'jennidomski', 'daniellenichols', None]"
128,292,6,10,4,"['soccor.ghuy', 'daniellenichols', 'stevejohns', 'festivarian']",1,['rhunt'],6,"['johnpaulstroud', 'lucasnukayahead', 'alineelquist', 'jennidomski', 'jordanvandegrift', None]",11,"['johnpaulstroud', 'festivarian', 'rhunt', 'lucasnukayahead', 'alineelquist', 'stevejohns', 'soccor.ghuy', 'jennidomski', 'jordanvandegrift', 'daniellenichols', None]"
128,326,6,9,1,['festivarian'],4,"['daniellenichols', 'stevejohns', 'soccor.ghuy', 'rhunt']",8,"['lanlibsu', 'teamreidy', 'carterwarren12', 'jennidomski', 'megbern', 'jordanvandegrift', 'lnukayaheady', None]",13,"['lanlibsu', 'festivarian', 'rhunt', 'carterwarren12', 'teamreidy', 'stevejohns', 'soccor.ghuy', 'jennidomski', 'megbern', 'jordanvandegrift', 'lnukayaheady', 'daniellenichols', None]"
128,327,6,9,5,"['festivarian', 'rhunt', 'stevejohns', 'soccor.ghuy', 'daniellenichols']",0,[],4,"['alineelquist', None, 'aaronbartz', 'lnukayaheady']",9,"['festivarian', 'rhunt', 'alineelquist', 'stevejohns', 'soccor.ghuy', 'aaronbartz', 'lnukayaheady', 'daniellenichols', None]"
129,66,6,16,4,"['vanita.ahuja', 'nitin.kadian', 'projectcrce1516', 'deepika.muthukumari']",1,['p.kanisha'],12,"['darshanasankhe78', 'adiarv94', 'darpan.bagwale', 'tiinnovationvesit', 'jamdadeparag', 'likita94', None, 'ps22ghule', 'chetana24', 'suraj348', 'sumaiyya.kazi94', 'nithya.yadav']",17,"['projectcrce1516', 'adiarv94', 'jamdadeparag', 'likita94', 'nitin.kadian', 'ps22ghule', 'suraj348', 'sumaiyya.kazi94', None, 'nithya.yadav', 'deepika.muthukumari', 'darshanasankhe78', 'tiinnovationvesit', 'vanita.ahuja', 'darpan.bagwale', 'chetana24', 'p.kanisha']"
131,289,6,8,5,"['xiao_2051', 'xiao_2048', 'xiao_2052', 'xiao_2050', 'xiao_2049']",0,[],3,"['hzhengxi', None, 'duthuang']",8,"['xiao_2051', 'xiao_2048', 'xiao_2052', 'xiao_2050', 'xiao_2049', 'duthuang', 'hzhengxi', None]"
132,336,6,8,2,"['fede22', 'ryokbys']",3,"['polina.aleks', 'etienne.cassini', 'sgrangie']",6,"['shankha1990', 'shzhang', 'alitehranchi1', 'xiaoyu_dai90', 'moukhtari', None]",11,"['fede22', 'shankha1990', 'ryokbys', 'sgrangie', 'shzhang', 'alitehranchi1', 'etienne.cassini', 'xiaoyu_dai90', 'polina.aleks', 'moukhtari', None]"
134,177,6,7,5,"['hannahmelia', 'barnickc2016', 'pajengrg727', 'nejhnsn2', 'bbnelsonchee']",0,[],2,"[None, 'faltens']",7,"['hannahmelia', 'barnickc2016', 'faltens', 'pajengrg727', 'nejhnsn2', 'bbnelsonchee', None]"
135,306,6,65,3,"['ajmillir', 'zackk12153', 'npschultz']",2,"['brilluoinarea16', 'johnw.roberts2709']",62,"['jrmcgarr', 'obartman', 'mjdeal', 'mmalsaft', 'npschult', 'sufczynski', 'ajcoon', 'jlbrodie', 'bfgsweeper', 'bxruther', 'tnpardue', 'emharri5', 'tafagan', 'jakuhne', 'mkmoody', 'abharga5', 'zgdavis', 'yzhang59', 'jwfrenc2', 'sanielpatrickk', 'syan4', 'gredden', 'ajmilliron', 'jpadams', 'kdwatso3', 'gchon436', 'tsavey', 'gq_xintong', 'cthudso3', 'taleona3', 'seklug', 'jaconno2', 'wkharri3', 'sidonald15', 'ajrigby', 'edhill3', 'ajsquire', 'zlholme2', 'abmcgin', 'alisadeq', 'hahsain', 'saba96', 'anhochst', 'nrhawes', 'mmkasper', 'hnparey', 'ajlountz', 'sjfigurs', 'talitaoliveira53', 'rljacks8', 'jfendri', 'mgbate', 'jarussel', 'tbhubble', 'atberg', 'emalhajj', 'rwkeefe', 'djblivin', None, 'amcorbe2', 'emmills', 'csbarcla']",67,"['jrmcgarr', 'obartman', 'mjdeal', 'mmalsaft', 'npschult', 'sufczynski', 'ajcoon', 'jlbrodie', 'bfgsweeper', 'bxruther', 'tnpardue', 'emharri5', 'tafagan', 'jakuhne', 'mkmoody', 'abharga5', 'npschultz', 'zgdavis', 'yzhang59', 'jwfrenc2', 'sanielpatrickk', 'syan4', 'gredden', 'ajmilliron', 'ajmillir', 'jpadams', 'kdwatso3', 'gchon436', 'tsavey', 'zackk12153', 'gq_xintong', 'cthudso3', 'taleona3', 'seklug', 'jaconno2', 'wkharri3', 'sidonald15', 'ajrigby', 'edhill3', 'ajsquire', 'zlholme2', 'abmcgin', 'alisadeq', 'hahsain', 'johnw.roberts2709', 'saba96', 'anhochst', 'nrhawes', 'mmkasper', 'hnparey', 'ajlountz', 'sjfigurs', 'talitaoliveira53', 'rljacks8', 'jfendri', 'mgbate', 'jarussel', 'tbhubble', 'atberg', 'emalhajj', 'rwkeefe', 'djblivin', None, 'amcorbe2', 'emmills', 'csbarcla', 'brilluoinarea16']"
136,61,6,13,5,"['pranali_23', 'shaikh.atiya.13ee5013', 'pranavpowar', 'praval203', 'me.trupti12']",0,[],8,"['swapnalimakdey25', 'pragyapandey08', 'geofjoy', 'sushmakodagali', 'gyrajput', 'amrshinde025', None, 'ashishmakdey']",13,"['swapnalimakdey25', 'gyrajput', 'shaikh.atiya.13ee5013', 'praval203', None, 'pranali_23', 'pragyapandey08', 'geofjoy', 'sushmakodagali', 'amrshinde025', 'pranavpowar', 'ashishmakdey', 'me.trupti12']"
137,121,6,22,2,"['skubicjj', 'aankit']",3,"['duhd1993', 'agoyanka', 'kmckinz']",20,"['tang96', 'rajagopv', 'sun174', 'roy1', 'saha11', 'cquinker', 'ksingha', 'rcerdas', 'sandy8111112004', 'johnathanw584', 'debnath', 'amingcha', 'allredj', None, 'fsevergnini', 'vsuresh', 'ewilson000', 'xue76', 'garg58', 'etopel']",25,"['tang96', 'agoyanka', 'skubicjj', 'rajagopv', 'kmckinz', 'aankit', 'sun174', 'roy1', 'saha11', 'amingcha', 'allredj', None, 'fsevergnini', 'cquinker', 'ksingha', 'rcerdas', 'vsuresh', 'ewilson000', 'xue76', 'garg58', 'sandy8111112004', 'johnathanw584', 'debnath', 'duhd1993', 'etopel']"
137,17,6,16,2,"['skubicjj', 'aankit']",3,"['duhd1993', 'agoyanka', 'kmckinz']",14,"['cquinker', 'ksingha', 'rajagopv', 'dweinstein0', 'ewilson000', 'xue76', 'sandy8111112004', 'sun174', 'ankitshrm11', 'johnathanw584', 'chuanyean', 'amingcha', None, 'etopel']",19,"['agoyanka', 'skubicjj', 'rajagopv', 'kmckinz', 'aankit', 'sun174', 'ankitshrm11', 'chuanyean', 'amingcha', None, 'cquinker', 'ksingha', 'dweinstein0', 'ewilson000', 'xue76', 'sandy8111112004', 'johnathanw584', 'duhd1993', 'etopel']"
138,160,6,6,5,"['siu852490590', 'jenishasims', 'maaraken', 'siu853513556', 'bsam2015']",0,[],1,[None],6,"['siu852490590', 'jenishasims', 'maaraken', 'siu853513556', None, 'bsam2015']"
139,252,6,81,1,['bbirud'],4,"['gyrajput', 'gautam4994', 'asaishwaryashetty2', 'ria120694']",80,"['ameysalvi24', 'swapnalimakdey25', 'shantanukel', 'jamdadeparag', 'kit.km72', 'kalyani.aye93', 'likita94', 'rbiradar', 'greatabhi.jathar', 'ps22ghule', 'sumaiyya.kazi94', 'sudhanshuapte1995', 'sachdev1995', 'shaikhkarnekar', 'vivek.gavhane1234', 'prathu93', 'devendragpt8', 'nikhilkachare46', 'ashishtonge94', 'praju.geet', 'chetana24', 'nairpooja1234', 'manishakolekar1994', 'myra10me01', 'kumarrohan64', 'suraj348', 'tikareshubham9', 'vijayaher0211', 'koltechetan346', 'vidhi123', 'abhimodi4321', 'darpan.bagwale', 'geofjoy', 'anjaliashlin', 'swithin.ds', 'sagar.mujpara99', 'mithlesh.kxsp', 'dipeshghag4u', 'sukanya93', 'ibrahimarif950', 'adiarv94', 'mayurgaikwad1293', 'ashwin', 'vapande3006', 'neel.shinde.14', 'smackthatjohn', 'girish.rancho', 'meraj025', 'mohnish.murli', 'darshanasankhe78', 'himanshugajare.2016', 'ruhi20salvi', 'kiran.hemale', 'niki.mohod', 'mona94', 'mtinu', 'ravindrakhorwal28', 'vijayvishal9751', 'abhisheknavlu', 'ved.tawari', 'komplepriya95', 'shivkumar020994', 'priyankasingh754', 'viraj.pereira', 'zak1010', None, 'gauri123', 'raghu.shirodkar', 'nibha29', 'pendkeomkar', 'akashrana861', 'prashantkhedkar.sakec', 'shvmsingh93', 'jagrutinagaonkar', 'akshay.d21', 'ronakraj93', 'jitenbahua', 'juvika1994', 'omkar.bane13', 'shakti81']",85,"['ameysalvi24', 'swapnalimakdey25', 'gyrajput', 'shantanukel', 'jamdadeparag', 'kit.km72', 'kalyani.aye93', 'likita94', 'rbiradar', 'greatabhi.jathar', 'ps22ghule', 'sumaiyya.kazi94', 'sudhanshuapte1995', 'sachdev1995', 'shaikhkarnekar', 'vivek.gavhane1234', 'prathu93', 'devendragpt8', 'nikhilkachare46', 'ashishtonge94', 'praju.geet', 'chetana24', 'nairpooja1234', 'manishakolekar1994', 'myra10me01', 'kumarrohan64', 'suraj348', 'tikareshubham9', 'vijayaher0211', 'koltechetan346', 'vidhi123', 'abhimodi4321', 'darpan.bagwale', 'geofjoy', 'anjaliashlin', 'swithin.ds', 'sagar.mujpara99', 'mithlesh.kxsp', 'dipeshghag4u', 'sukanya93', 'ibrahimarif950', 'asaishwaryashetty2', 'adiarv94', 'mayurgaikwad1293', 'ashwin', 'vapande3006', 'neel.shinde.14', 'smackthatjohn', 'girish.rancho', 'meraj025', 'ria120694', 'mohnish.murli', 'darshanasankhe78', 'himanshugajare.2016', 'ruhi20salvi', 'kiran.hemale', 'niki.mohod', 'bbirud', 'mona94', 'mtinu', 'ravindrakhorwal28', 'vijayvishal9751', 'abhisheknavlu', 'ved.tawari', 'komplepriya95', 'shivkumar020994', 'priyankasingh754', 'viraj.pereira', 'zak1010', 'gautam4994', None, 'gauri123', 'raghu.shirodkar', 'nibha29', 'pendkeomkar', 'akashrana861', 'prashantkhedkar.sakec', 'shvmsingh93', 'jagrutinagaonkar', 'akshay.d21', 'ronakraj93', 'jitenbahua', 'juvika1994', 'omkar.bane13', 'shakti81']"
139,61,6,13,1,['gyrajput'],4,"['ria120694', 'gautam4994', 'asaishwaryashetty2', 'bbirud']",12,"['pranali_23', 'swapnalimakdey25', 'pragyapandey08', 'sushmakodagali', 'geofjoy', 'shaikh.atiya.13ee5013', 'amrshinde025', None, 'pranavpowar', 'praval203', 'ashishmakdey', 'me.trupti12']",17,"['asaishwaryashetty2', 'swapnalimakdey25', 'gyrajput', 'shaikh.atiya.13ee5013', 'gautam4994', 'praval203', None, 'ria120694', 'pranali_23', 'pragyapandey08', 'geofjoy', 'sushmakodagali', 'amrshinde025', 'pranavpowar', 'bbirud', 'ashishmakdey', 'me.trupti12']"
139,251,6,13,3,"['gautam4994', 'asaishwaryashetty2', 'ria120694']",2,"['gyrajput', 'bbirud']",10,"['morehiten', 'nibha29', 'vijayvishal9751', 'komplepriya95', 'shvmsingh93', 'prashantkhedkar.sakec', 'darshanrajgor.2016', 'niki.mohod', None, 'sukanya93']",15,"['asaishwaryashetty2', 'vijayvishal9751', 'gyrajput', 'komplepriya95', 'darshanrajgor.2016', 'gautam4994', None, 'ria120694', 'morehiten', 'nibha29', 'shvmsingh93', 'prashantkhedkar.sakec', 'niki.mohod', 'bbirud', 'sukanya93']"
139,263,6,13,3,"['gautam4994', 'asaishwaryashetty2', 'ria120694']",2,"['gyrajput', 'bbirud']",10,"['nibha29', 'vijayvishal9751', 'komplepriya95', 'shvmsingh93', 'prashantkhedkar.sakec', 'jagrutinagaonkar', 'darshanrajgor.2016', 'niki.mohod', None, 'sukanya93']",15,"['asaishwaryashetty2', 'vijayvishal9751', 'gyrajput', 'komplepriya95', 'darshanrajgor.2016', 'gautam4994', None, 'ria120694', 'nibha29', 'shvmsingh93', 'prashantkhedkar.sakec', 'jagrutinagaonkar', 'niki.mohod', 'bbirud', 'sukanya93']"
139,62,6,10,3,"['gautam4994', 'asaishwaryashetty2', 'ria120694']",2,"['gyrajput', 'bbirud']",7,"['nibha29', 'komplepriya95', 'prashantkhedkar.sakec', 'shvmsingh93', 'niki.mohod', None, 'sukanya93']",12,"['asaishwaryashetty2', 'nibha29', 'gyrajput', 'komplepriya95', 'prashantkhedkar.sakec', 'shvmsingh93', 'sukanya93', 'niki.mohod', 'bbirud', 'gautam4994', None, 'ria120694']"
139,253,6,7,1,['bbirud'],4,"['gyrajput', 'gautam4994', 'asaishwaryashetty2', 'ria120694']",6,"['sachdev1995', 'pushkarvaity', 'greatabhi.jathar', None, 'manali', 'mkshirke94']",11,"['sachdev1995', 'asaishwaryashetty2', 'gyrajput', 'pushkarvaity', 'mkshirke94', 'greatabhi.jathar', 'bbirud', 'gautam4994', None, 'manali', 'ria120694']"
