MClusterID,XClusterID,MClusterSize,XClusterSize,OverlapSize,OverlapMembers,MOnlySize,MOnlyMembers,XOnlySize,XOnlyMembers,CombinedSize,CombinedMembers
1,179,157,36,30,"['anwesh13127', 'robin13151', 'diljyot13132', 'nehadalal1994', 'robin14155', 'shivam13158', 'mokshada16096', 'saurav14160', 'farheen13133', 'simranjeet13162', 'yogesh13171', 'arashdeep15007', 'apurba13128', 'shellyg11', 'swati16116', 'chintan7', 'shreyan_16112', 'seemaly16111', 'bandnakumari', 'guntaas69', 'pragyan16102', 'apurba59', 'arjun16087', 'saptak16110', 'sadiq16107', 'sajal16108', 'masroor13137', 'asthaashigupta', 'abhish', 'puneet16104']",127,"['hosama92', 'pavelkor', 'skjanibabu786', 'kelbert', 'azizian', 'arsalan_alam', 'eddie.yao1', 'fareq_aleq', 'rosshidi.hezrimi.taharim', 'chaewonkim', 'dongjin225', 'zy421214917', 'peggyjiang369', 'mitchberger106', 'aarondfranklin', 'magickid09', 'fitz.jack', 'genizo', 'charliedm', 'sujay.garlanka', 'kmv10', 'saloabraham', 'kepler', 'memelord123', 'soccerpain', 'kcantley', 'balkhelly2017', 'bogestvod', 'nastypet656', 'james.partridge', 'elaine_9372', 'jpsant2006', 'strigunova.nastya', 'tyleryam', 'kvv4', 'aleksandrzapaev', 'nabilahmsy94', '15kochk', 'd.c.yborde', 'eriis1024', 'amartamistri2997', 'gchenfc', 'aghajavad', 'kit.hui.796', 'jollyreal', 'firehawk785', 'ihussain899', 'kannankt', 'leesj0828', 'kenkoch4', 'rladbswjd218', 'sl91', 'hassan_khan007', 'elainewang', 'lixin1405', 'ektlak1', 'harshilgarg51', 'emcox66', 'fmancillas', 'andrea.cupertino', 'gianply90', 'davidebisio', 'zaheedkamaal459', 'elin6243', 'zhuangyuan160005', 'emcox', 'williamxiong11', 'shreyasingh', 'nikolai_sm1996', 'riley.nisbet', 'saiyedrasol', 'sasaspider84', 'mhjin91', 'shuhuang92', 'roxas0014', 'rushdi86', 'ginapi', 'dhruvkpatel', 'darintsev', 'ws_pang1993', 'artur.balanuta', 'naijiao_zhang', 'andonghuang1991', '0.yao.yuan', 'molekula2033', 'baldeosharansharma', 'bingran92', 'samsmith', 'ehdquddnjs', 'nhs0410', 'epharis', 'sudheer_ucla', 'jasterlg1', 'student123', 'jxt_wang', 'nana_aida92', 'ameuser', 'kianying428', 'lancetty', 'stefani1703', 'ryanpond21', 'ezatyrazali', 'balkhelly2015', 'i522094810', 'cyrilraj', 'qq1135341294', 'partia', 'hanl', 'owensmith530', 'chocko12367', 'sharidya24', 'ljs9402', 'hj19940726', 'sudheer1994', 'rberg77', 'dbswjd218', 'ssosa4651', 'pranavambhore', 'faith', 'srrt1zy', 'anyakasyanova', 'ouhun0301', 'lancer', 'alexbelikovi4', 'dh7423', 'yandongluo', 'namarathe']",6,"['amogh14134', 'shubham13159', 'snehs', 'siddhant13160', 'akhiljames', None]",163,"['hosama92', 'pavelkor', 'robin13151', 'nehadalal1994', 'skjanibabu786', 'kelbert', 'azizian', 'arsalan_alam', 'eddie.yao1', 'arashdeep15007', 'fareq_aleq', 'rosshidi.hezrimi.taharim', 'chaewonkim', 'snehs', 'dongjin225', 'zy421214917', 'pragyan16102', 'peggyjiang369', 'mitchberger106', 'aarondfranklin', 'amogh14134', 'magickid09', 'fitz.jack', 'genizo', 'charliedm', 'akhiljames', 'sujay.garlanka', 'kmv10', 'saloabraham', 'kepler', 'diljyot13132', 'memelord123', 'soccerpain', 'mokshada16096', 'saurav14160', 'kcantley', 'balkhelly2017', 'bogestvod', 'nastypet656', 'james.partridge', 'elaine_9372', 'yogesh13171', 'apurba13128', 'jpsant2006', 'chintan7', 'strigunova.nastya', 'tyleryam', 'kvv4', 'aleksandrzapaev', 'nabilahmsy94', 'shreyan_16112', '15kochk', 'd.c.yborde', 'eriis1024', 'amartamistri2997', 'apurba59', 'gchenfc', 'aghajavad', 'kit.hui.796', 'jollyreal', 'saptak16110', 'firehawk785', 'ihussain899', 'kannankt', 'leesj0828', 'sadiq16107', 'masroor13137', 'kenkoch4', 'rladbswjd218', 'sl91', 'hassan_khan007', 'robin14155', 'elainewang', 'lixin1405', 'ektlak1', 'harshilgarg51', 'emcox66', 'fmancillas', 'andrea.cupertino', 'shellyg11', 'gianply90', 'swati16116', 'davidebisio', 'zaheedkamaal459', 'elin6243', 'zhuangyuan160005', 'emcox', 'williamxiong11', 'seemaly16111', 'shreyasingh', 'nikolai_sm1996', 'riley.nisbet', 'saiyedrasol', 'sasaspider84', 'mhjin91', 'guntaas69', 'siddhant13160', 'shuhuang92', 'roxas0014', 'rushdi86', 'ginapi', 'arjun16087', 'dhruvkpatel', 'darintsev', 'ws_pang1993', 'sajal16108', 'asthaashigupta', 'artur.balanuta', 'naijiao_zhang', 'andonghuang1991', '0.yao.yuan', 'molekula2033', 'baldeosharansharma', 'bingran92', 'samsmith', 'ehdquddnjs', 'anwesh13127', 'shubham13159', 'nhs0410', 'epharis', 'shivam13158', 'sudheer_ucla', 'farheen13133', 'simranjeet13162', 'jasterlg1', 'student123', 'jxt_wang', 'nana_aida92', 'ameuser', 'kianying428', 'lancetty', 'stefani1703', 'ryanpond21', 'ezatyrazali', 'bandnakumari', 'balkhelly2015', 'i522094810', 'cyrilraj', 'qq1135341294', 'partia', 'hanl', 'owensmith530', 'chocko12367', 'sharidya24', 'ljs9402', 'hj19940726', 'sudheer1994', 'rberg77', 'dbswjd218', None, 'ssosa4651', 'pranavambhore', 'faith', 'abhish', 'srrt1zy', 'anyakasyanova', 'ouhun0301', 'lancer', 'alexbelikovi4', 'dh7423', 'puneet16104', 'yandongluo', 'namarathe']"
1,171,157,34,32,"['epharis', 'memelord123', 'harshilgarg51', 'emcox66', 'eddie.yao1', 'jxt_wang', 'ameuser', 'stefani1703', 'kvv4', 'tyleryam', 'elin6243', 'ryanpond21', 'emcox', '15kochk', 'riley.nisbet', 'eriis1024', 'roxas0014', 'gchenfc', 'mitchberger106', 'aarondfranklin', 'owensmith530', 'dhruvkpatel', 'firehawk785', 'rberg77', 'kenkoch4', 'fitz.jack', 'naijiao_zhang', 'faith', '0.yao.yuan', 'sujay.garlanka', 'kmv10', 'saloabraham']",125,"['hosama92', 'pavelkor', 'robin13151', 'nehadalal1994', 'skjanibabu786', 'kelbert', 'azizian', 'arsalan_alam', 'arashdeep15007', 'fareq_aleq', 'rosshidi.hezrimi.taharim', 'chaewonkim', 'dongjin225', 'zy421214917', 'pragyan16102', 'peggyjiang369', 'magickid09', 'genizo', 'charliedm', 'kepler', 'diljyot13132', 'soccerpain', 'mokshada16096', 'saurav14160', 'kcantley', 'balkhelly2017', 'bogestvod', 'nastypet656', 'james.partridge', 'elaine_9372', 'yogesh13171', 'apurba13128', 'jpsant2006', 'chintan7', 'strigunova.nastya', 'aleksandrzapaev', 'nabilahmsy94', 'shreyan_16112', 'd.c.yborde', 'amartamistri2997', 'apurba59', 'aghajavad', 'kit.hui.796', 'jollyreal', 'saptak16110', 'ihussain899', 'kannankt', 'leesj0828', 'sadiq16107', 'masroor13137', 'rladbswjd218', 'sl91', 'hassan_khan007', 'robin14155', 'elainewang', 'lixin1405', 'ektlak1', 'fmancillas', 'andrea.cupertino', 'shellyg11', 'gianply90', 'swati16116', 'davidebisio', 'zaheedkamaal459', 'zhuangyuan160005', 'williamxiong11', 'seemaly16111', 'shreyasingh', 'nikolai_sm1996', 'saiyedrasol', 'sasaspider84', 'mhjin91', 'guntaas69', 'shuhuang92', 'rushdi86', 'ginapi', 'arjun16087', 'darintsev', 'ws_pang1993', 'sajal16108', 'asthaashigupta', 'artur.balanuta', 'andonghuang1991', 'molekula2033', 'baldeosharansharma', 'bingran92', 'samsmith', 'ehdquddnjs', 'anwesh13127', 'nhs0410', 'shivam13158', 'sudheer_ucla', 'farheen13133', 'simranjeet13162', 'jasterlg1', 'student123', 'nana_aida92', 'kianying428', 'lancetty', 'ezatyrazali', 'bandnakumari', 'balkhelly2015', 'i522094810', 'cyrilraj', 'qq1135341294', 'partia', 'hanl', 'chocko12367', 'sharidya24', 'ljs9402', 'hj19940726', 'sudheer1994', 'dbswjd218', 'ssosa4651', 'pranavambhore', 'abhish', 'srrt1zy', 'anyakasyanova', 'ouhun0301', 'lancer', 'alexbelikovi4', 'dh7423', 'puneet16104', 'yandongluo', 'namarathe']",2,"['zetaroid', None]",159,"['hosama92', 'pavelkor', 'robin13151', 'nehadalal1994', 'skjanibabu786', 'kelbert', 'azizian', 'arsalan_alam', 'eddie.yao1', 'arashdeep15007', 'fareq_aleq', 'rosshidi.hezrimi.taharim', 'chaewonkim', 'dongjin225', 'zy421214917', 'pragyan16102', 'peggyjiang369', 'mitchberger106', 'aarondfranklin', 'magickid09', 'fitz.jack', 'genizo', 'charliedm', 'sujay.garlanka', 'kmv10', 'saloabraham', 'kepler', 'diljyot13132', 'memelord123', 'soccerpain', 'mokshada16096', 'saurav14160', 'kcantley', 'balkhelly2017', 'bogestvod', 'nastypet656', 'james.partridge', 'elaine_9372', 'yogesh13171', 'apurba13128', 'jpsant2006', 'chintan7', 'strigunova.nastya', 'tyleryam', 'kvv4', 'aleksandrzapaev', 'nabilahmsy94', 'shreyan_16112', '15kochk', 'd.c.yborde', 'eriis1024', 'zetaroid', 'amartamistri2997', 'apurba59', 'gchenfc', 'aghajavad', 'kit.hui.796', 'jollyreal', 'saptak16110', 'firehawk785', 'ihussain899', 'kannankt', 'leesj0828', 'sadiq16107', 'masroor13137', 'kenkoch4', 'rladbswjd218', 'sl91', 'hassan_khan007', 'robin14155', 'elainewang', 'lixin1405', 'ektlak1', 'harshilgarg51', 'emcox66', 'fmancillas', 'andrea.cupertino', 'shellyg11', 'gianply90', 'swati16116', 'davidebisio', 'zaheedkamaal459', 'elin6243', 'zhuangyuan160005', 'emcox', 'williamxiong11', 'seemaly16111', 'shreyasingh', 'nikolai_sm1996', 'riley.nisbet', 'saiyedrasol', 'sasaspider84', 'mhjin91', 'guntaas69', 'shuhuang92', 'roxas0014', 'rushdi86', 'ginapi', 'arjun16087', 'dhruvkpatel', 'darintsev', 'ws_pang1993', 'sajal16108', 'asthaashigupta', 'artur.balanuta', 'naijiao_zhang', 'andonghuang1991', '0.yao.yuan', 'molekula2033', 'baldeosharansharma', 'bingran92', 'samsmith', 'ehdquddnjs', 'anwesh13127', 'nhs0410', 'epharis', 'shivam13158', 'sudheer_ucla', 'farheen13133', 'simranjeet13162', 'jasterlg1', 'student123', 'jxt_wang', 'nana_aida92', 'ameuser', 'kianying428', 'lancetty', 'stefani1703', 'ryanpond21', 'ezatyrazali', 'bandnakumari', 'balkhelly2015', 'i522094810', 'cyrilraj', 'qq1135341294', 'partia', 'hanl', 'owensmith530', 'chocko12367', 'sharidya24', 'ljs9402', 'hj19940726', 'sudheer1994', 'rberg77', 'dbswjd218', None, 'ssosa4651', 'pranavambhore', 'faith', 'abhish', 'srrt1zy', 'anyakasyanova', 'ouhun0301', 'lancer', 'alexbelikovi4', 'dh7423', 'puneet16104', 'yandongluo', 'namarathe']"
1,170,157,22,17,"['fmancillas', 'pranavambhore', 'azizian', 'lancetty', 'peggyjiang369', 'shuhuang92', 'partia', 'jpsant2006', 'qq1135341294', 'aghajavad', 'yandongluo', 'sudheer_ucla', 'hanl', 'kit.hui.796', 'kannankt', 'sudheer1994', 'namarathe']",140,"['hosama92', 'pavelkor', 'robin13151', 'nehadalal1994', 'skjanibabu786', 'kelbert', 'arsalan_alam', 'eddie.yao1', 'arashdeep15007', 'fareq_aleq', 'rosshidi.hezrimi.taharim', 'chaewonkim', 'dongjin225', 'zy421214917', 'pragyan16102', 'mitchberger106', 'aarondfranklin', 'magickid09', 'fitz.jack', 'genizo', 'charliedm', 'sujay.garlanka', 'kmv10', 'saloabraham', 'kepler', 'diljyot13132', 'memelord123', 'soccerpain', 'mokshada16096', 'saurav14160', 'kcantley', 'balkhelly2017', 'bogestvod', 'nastypet656', 'james.partridge', 'elaine_9372', 'yogesh13171', 'apurba13128', 'chintan7', 'strigunova.nastya', 'tyleryam', 'kvv4', 'aleksandrzapaev', 'nabilahmsy94', 'shreyan_16112', '15kochk', 'd.c.yborde', 'eriis1024', 'amartamistri2997', 'apurba59', 'gchenfc', 'jollyreal', 'saptak16110', 'firehawk785', 'ihussain899', 'leesj0828', 'sadiq16107', 'masroor13137', 'kenkoch4', 'rladbswjd218', 'sl91', 'hassan_khan007', 'robin14155', 'elainewang', 'lixin1405', 'ektlak1', 'harshilgarg51', 'emcox66', 'andrea.cupertino', 'shellyg11', 'gianply90', 'swati16116', 'davidebisio', 'zaheedkamaal459', 'elin6243', 'zhuangyuan160005', 'emcox', 'williamxiong11', 'seemaly16111', 'shreyasingh', 'nikolai_sm1996', 'riley.nisbet', 'saiyedrasol', 'sasaspider84', 'mhjin91', 'guntaas69', 'roxas0014', 'rushdi86', 'ginapi', 'arjun16087', 'dhruvkpatel', 'darintsev', 'ws_pang1993', 'sajal16108', 'asthaashigupta', 'artur.balanuta', 'naijiao_zhang', 'andonghuang1991', '0.yao.yuan', 'molekula2033', 'baldeosharansharma', 'bingran92', 'samsmith', 'ehdquddnjs', 'anwesh13127', 'nhs0410', 'epharis', 'shivam13158', 'farheen13133', 'simranjeet13162', 'jasterlg1', 'student123', 'jxt_wang', 'nana_aida92', 'ameuser', 'kianying428', 'stefani1703', 'ryanpond21', 'ezatyrazali', 'bandnakumari', 'balkhelly2015', 'i522094810', 'cyrilraj', 'owensmith530', 'chocko12367', 'sharidya24', 'ljs9402', 'hj19940726', 'rberg77', 'dbswjd218', 'ssosa4651', 'faith', 'abhish', 'srrt1zy', 'anyakasyanova', 'ouhun0301', 'lancer', 'alexbelikovi4', 'dh7423', 'puneet16104']",5,"['moyi', 'zse0148', 'jwoli2003', 'johnsonliu0406', None]",162,"['hosama92', 'pavelkor', 'robin13151', 'nehadalal1994', 'skjanibabu786', 'kelbert', 'azizian', 'arsalan_alam', 'eddie.yao1', 'arashdeep15007', 'fareq_aleq', 'rosshidi.hezrimi.taharim', 'chaewonkim', 'moyi', 'dongjin225', 'zy421214917', 'pragyan16102', 'peggyjiang369', 'mitchberger106', 'aarondfranklin', 'magickid09', 'fitz.jack', 'genizo', 'charliedm', 'sujay.garlanka', 'kmv10', 'saloabraham', 'kepler', 'diljyot13132', 'memelord123', 'soccerpain', 'mokshada16096', 'saurav14160', 'kcantley', 'balkhelly2017', 'bogestvod', 'nastypet656', 'james.partridge', 'elaine_9372', 'yogesh13171', 'apurba13128', 'jpsant2006', 'chintan7', 'strigunova.nastya', 'tyleryam', 'kvv4', 'aleksandrzapaev', 'nabilahmsy94', 'shreyan_16112', '15kochk', 'd.c.yborde', 'eriis1024', 'amartamistri2997', 'apurba59', 'gchenfc', 'aghajavad', 'kit.hui.796', 'jollyreal', 'saptak16110', 'firehawk785', 'ihussain899', 'kannankt', 'leesj0828', 'sadiq16107', 'masroor13137', 'kenkoch4', 'jwoli2003', 'rladbswjd218', 'sl91', 'hassan_khan007', 'robin14155', 'elainewang', 'lixin1405', 'ektlak1', 'harshilgarg51', 'emcox66', 'fmancillas', 'andrea.cupertino', 'shellyg11', 'gianply90', 'swati16116', 'davidebisio', 'zaheedkamaal459', 'elin6243', 'zhuangyuan160005', 'emcox', 'williamxiong11', 'seemaly16111', 'shreyasingh', 'nikolai_sm1996', 'riley.nisbet', 'saiyedrasol', 'sasaspider84', 'mhjin91', 'guntaas69', 'shuhuang92', 'roxas0014', 'rushdi86', 'johnsonliu0406', 'ginapi', 'arjun16087', 'dhruvkpatel', 'darintsev', 'ws_pang1993', 'sajal16108', 'zse0148', 'asthaashigupta', 'artur.balanuta', 'naijiao_zhang', 'andonghuang1991', '0.yao.yuan', 'molekula2033', 'baldeosharansharma', 'bingran92', 'samsmith', 'ehdquddnjs', 'anwesh13127', 'nhs0410', 'epharis', 'shivam13158', 'sudheer_ucla', 'farheen13133', 'simranjeet13162', 'jasterlg1', 'student123', 'jxt_wang', 'nana_aida92', 'ameuser', 'kianying428', 'lancetty', 'stefani1703', 'ryanpond21', 'ezatyrazali', 'bandnakumari', 'balkhelly2015', 'i522094810', 'cyrilraj', 'qq1135341294', 'partia', 'hanl', 'owensmith530', 'chocko12367', 'sharidya24', 'ljs9402', 'hj19940726', 'sudheer1994', 'rberg77', 'dbswjd218', None, 'ssosa4651', 'pranavambhore', 'faith', 'abhish', 'srrt1zy', 'anyakasyanova', 'ouhun0301', 'lancer', 'alexbelikovi4', 'dh7423', 'puneet16104', 'yandongluo', 'namarathe']"
1,177,157,18,15,"['ehdquddnjs', 'dbswjd218', 'hosama92', 'dongjin225', 'mhjin91', 'nhs0410', 'rladbswjd218', 'ouhun0301', 'soccerpain', 'ektlak1', 'chocko12367', 'ljs9402', 'leesj0828', 'hj19940726', 'chaewonkim']",142,"['pavelkor', 'robin13151', 'nehadalal1994', 'skjanibabu786', 'kelbert', 'azizian', 'arsalan_alam', 'eddie.yao1', 'arashdeep15007', 'fareq_aleq', 'rosshidi.hezrimi.taharim', 'zy421214917', 'pragyan16102', 'peggyjiang369', 'mitchberger106', 'aarondfranklin', 'magickid09', 'fitz.jack', 'genizo', 'charliedm', 'sujay.garlanka', 'kmv10', 'saloabraham', 'kepler', 'diljyot13132', 'memelord123', 'mokshada16096', 'saurav14160', 'kcantley', 'balkhelly2017', 'bogestvod', 'nastypet656', 'james.partridge', 'elaine_9372', 'yogesh13171', 'apurba13128', 'jpsant2006', 'chintan7', 'strigunova.nastya', 'tyleryam', 'kvv4', 'aleksandrzapaev', 'nabilahmsy94', 'shreyan_16112', '15kochk', 'd.c.yborde', 'eriis1024', 'amartamistri2997', 'apurba59', 'gchenfc', 'aghajavad', 'kit.hui.796', 'jollyreal', 'saptak16110', 'firehawk785', 'ihussain899', 'kannankt', 'sadiq16107', 'masroor13137', 'kenkoch4', 'sl91', 'hassan_khan007', 'robin14155', 'elainewang', 'lixin1405', 'harshilgarg51', 'emcox66', 'fmancillas', 'andrea.cupertino', 'shellyg11', 'gianply90', 'swati16116', 'davidebisio', 'zaheedkamaal459', 'elin6243', 'zhuangyuan160005', 'emcox', 'williamxiong11', 'seemaly16111', 'shreyasingh', 'nikolai_sm1996', 'riley.nisbet', 'saiyedrasol', 'sasaspider84', 'guntaas69', 'shuhuang92', 'roxas0014', 'rushdi86', 'ginapi', 'arjun16087', 'dhruvkpatel', 'darintsev', 'ws_pang1993', 'sajal16108', 'asthaashigupta', 'artur.balanuta', 'naijiao_zhang', 'andonghuang1991', '0.yao.yuan', 'molekula2033', 'baldeosharansharma', 'bingran92', 'samsmith', 'anwesh13127', 'epharis', 'shivam13158', 'sudheer_ucla', 'farheen13133', 'simranjeet13162', 'jasterlg1', 'student123', 'jxt_wang', 'nana_aida92', 'ameuser', 'kianying428', 'lancetty', 'stefani1703', 'ryanpond21', 'ezatyrazali', 'bandnakumari', 'balkhelly2015', 'i522094810', 'cyrilraj', 'qq1135341294', 'partia', 'hanl', 'owensmith530', 'sharidya24', 'sudheer1994', 'rberg77', 'ssosa4651', 'pranavambhore', 'faith', 'abhish', 'srrt1zy', 'anyakasyanova', 'lancer', 'alexbelikovi4', 'dh7423', 'puneet16104', 'yandongluo', 'namarathe']",3,"['sookim.kr', None, 't01020079623']",160,"['hosama92', 'pavelkor', 'robin13151', 'nehadalal1994', 'skjanibabu786', 'kelbert', 'azizian', 'arsalan_alam', 'eddie.yao1', 'arashdeep15007', 't01020079623', 'fareq_aleq', 'rosshidi.hezrimi.taharim', 'chaewonkim', 'dongjin225', 'zy421214917', 'pragyan16102', 'peggyjiang369', 'mitchberger106', 'aarondfranklin', 'magickid09', 'fitz.jack', 'genizo', 'charliedm', 'sujay.garlanka', 'kmv10', 'saloabraham', 'kepler', 'diljyot13132', 'sookim.kr', 'memelord123', 'soccerpain', 'mokshada16096', 'saurav14160', 'kcantley', 'balkhelly2017', 'bogestvod', 'nastypet656', 'james.partridge', 'elaine_9372', 'yogesh13171', 'apurba13128', 'jpsant2006', 'chintan7', 'strigunova.nastya', 'tyleryam', 'kvv4', 'aleksandrzapaev', 'nabilahmsy94', 'shreyan_16112', '15kochk', 'd.c.yborde', 'eriis1024', 'amartamistri2997', 'apurba59', 'gchenfc', 'aghajavad', 'kit.hui.796', 'jollyreal', 'saptak16110', 'firehawk785', 'ihussain899', 'kannankt', 'leesj0828', 'sadiq16107', 'masroor13137', 'kenkoch4', 'rladbswjd218', 'sl91', 'hassan_khan007', 'robin14155', 'elainewang', 'lixin1405', 'ektlak1', 'harshilgarg51', 'emcox66', 'fmancillas', 'andrea.cupertino', 'shellyg11', 'gianply90', 'swati16116', 'davidebisio', 'zaheedkamaal459', 'elin6243', 'zhuangyuan160005', 'emcox', 'williamxiong11', 'seemaly16111', 'shreyasingh', 'nikolai_sm1996', 'riley.nisbet', 'saiyedrasol', 'sasaspider84', 'mhjin91', 'guntaas69', 'shuhuang92', 'roxas0014', 'rushdi86', 'ginapi', 'arjun16087', 'dhruvkpatel', 'darintsev', 'ws_pang1993', 'sajal16108', 'asthaashigupta', 'artur.balanuta', 'naijiao_zhang', 'andonghuang1991', '0.yao.yuan', 'molekula2033', 'baldeosharansharma', 'bingran92', 'samsmith', 'ehdquddnjs', 'anwesh13127', 'nhs0410', 'epharis', 'shivam13158', 'sudheer_ucla', 'farheen13133', 'simranjeet13162', 'jasterlg1', 'student123', 'jxt_wang', 'nana_aida92', 'ameuser', 'kianying428', 'lancetty', 'stefani1703', 'ryanpond21', 'ezatyrazali', 'bandnakumari', 'balkhelly2015', 'i522094810', 'cyrilraj', 'qq1135341294', 'partia', 'hanl', 'owensmith530', 'chocko12367', 'sharidya24', 'ljs9402', 'hj19940726', 'sudheer1994', 'rberg77', 'dbswjd218', None, 'ssosa4651', 'pranavambhore', 'faith', 'abhish', 'srrt1zy', 'anyakasyanova', 'ouhun0301', 'lancer', 'alexbelikovi4', 'dh7423', 'puneet16104', 'yandongluo', 'namarathe']"
1,178,157,16,14,"['nana_aida92', 'd.c.yborde', 'balkhelly2015', 'sl91', 'i522094810', 'saiyedrasol', 'zy421214917', 'hassan_khan007', 'student123', 'balkhelly2017', 'fareq_aleq', 'rosshidi.hezrimi.taharim', 'rushdi86', 'bingran92']",143,"['hosama92', 'pavelkor', 'robin13151', 'nehadalal1994', 'skjanibabu786', 'kelbert', 'azizian', 'arsalan_alam', 'eddie.yao1', 'arashdeep15007', 'chaewonkim', 'dongjin225', 'pragyan16102', 'peggyjiang369', 'mitchberger106', 'aarondfranklin', 'magickid09', 'fitz.jack', 'genizo', 'charliedm', 'sujay.garlanka', 'kmv10', 'saloabraham', 'kepler', 'diljyot13132', 'memelord123', 'soccerpain', 'mokshada16096', 'saurav14160', 'kcantley', 'bogestvod', 'nastypet656', 'james.partridge', 'elaine_9372', 'yogesh13171', 'apurba13128', 'jpsant2006', 'chintan7', 'strigunova.nastya', 'tyleryam', 'kvv4', 'aleksandrzapaev', 'nabilahmsy94', 'shreyan_16112', '15kochk', 'eriis1024', 'amartamistri2997', 'apurba59', 'gchenfc', 'aghajavad', 'kit.hui.796', 'jollyreal', 'saptak16110', 'firehawk785', 'ihussain899', 'kannankt', 'leesj0828', 'sadiq16107', 'masroor13137', 'kenkoch4', 'rladbswjd218', 'robin14155', 'elainewang', 'lixin1405', 'ektlak1', 'harshilgarg51', 'emcox66', 'fmancillas', 'andrea.cupertino', 'shellyg11', 'gianply90', 'swati16116', 'davidebisio', 'zaheedkamaal459', 'elin6243', 'zhuangyuan160005', 'emcox', 'williamxiong11', 'seemaly16111', 'shreyasingh', 'nikolai_sm1996', 'riley.nisbet', 'sasaspider84', 'mhjin91', 'guntaas69', 'shuhuang92', 'roxas0014', 'ginapi', 'arjun16087', 'dhruvkpatel', 'darintsev', 'ws_pang1993', 'sajal16108', 'asthaashigupta', 'artur.balanuta', 'naijiao_zhang', 'andonghuang1991', '0.yao.yuan', 'molekula2033', 'baldeosharansharma', 'samsmith', 'ehdquddnjs', 'anwesh13127', 'nhs0410', 'epharis', 'shivam13158', 'sudheer_ucla', 'farheen13133', 'simranjeet13162', 'jasterlg1', 'jxt_wang', 'ameuser', 'kianying428', 'lancetty', 'stefani1703', 'ryanpond21', 'ezatyrazali', 'bandnakumari', 'cyrilraj', 'qq1135341294', 'partia', 'hanl', 'owensmith530', 'chocko12367', 'sharidya24', 'ljs9402', 'hj19940726', 'sudheer1994', 'rberg77', 'dbswjd218', 'ssosa4651', 'pranavambhore', 'faith', 'abhish', 'srrt1zy', 'anyakasyanova', 'ouhun0301', 'lancer', 'alexbelikovi4', 'dh7423', 'puneet16104', 'yandongluo', 'namarathe']",2,"[None, 'moralmoral']",159,"['hosama92', 'pavelkor', 'robin13151', 'nehadalal1994', 'skjanibabu786', 'kelbert', 'azizian', 'arsalan_alam', 'eddie.yao1', 'arashdeep15007', 'fareq_aleq', 'rosshidi.hezrimi.taharim', 'chaewonkim', 'dongjin225', 'zy421214917', 'pragyan16102', 'peggyjiang369', 'mitchberger106', 'aarondfranklin', 'magickid09', 'fitz.jack', 'genizo', 'charliedm', 'moralmoral', 'sujay.garlanka', 'kmv10', 'saloabraham', 'kepler', 'diljyot13132', 'memelord123', 'soccerpain', 'mokshada16096', 'saurav14160', 'kcantley', 'balkhelly2017', 'bogestvod', 'nastypet656', 'james.partridge', 'elaine_9372', 'yogesh13171', 'apurba13128', 'jpsant2006', 'chintan7', 'strigunova.nastya', 'tyleryam', 'kvv4', 'aleksandrzapaev', 'nabilahmsy94', 'shreyan_16112', '15kochk', 'd.c.yborde', 'eriis1024', 'amartamistri2997', 'apurba59', 'gchenfc', 'aghajavad', 'kit.hui.796', 'jollyreal', 'saptak16110', 'firehawk785', 'ihussain899', 'kannankt', 'leesj0828', 'sadiq16107', 'masroor13137', 'kenkoch4', 'rladbswjd218', 'sl91', 'hassan_khan007', 'robin14155', 'elainewang', 'lixin1405', 'ektlak1', 'harshilgarg51', 'emcox66', 'fmancillas', 'andrea.cupertino', 'shellyg11', 'gianply90', 'swati16116', 'davidebisio', 'zaheedkamaal459', 'elin6243', 'zhuangyuan160005', 'emcox', 'williamxiong11', 'seemaly16111', 'shreyasingh', 'nikolai_sm1996', 'riley.nisbet', 'saiyedrasol', 'sasaspider84', 'mhjin91', 'guntaas69', 'shuhuang92', 'roxas0014', 'rushdi86', 'ginapi', 'arjun16087', 'dhruvkpatel', 'darintsev', 'ws_pang1993', 'sajal16108', 'asthaashigupta', 'artur.balanuta', 'naijiao_zhang', 'andonghuang1991', '0.yao.yuan', 'molekula2033', 'baldeosharansharma', 'bingran92', 'samsmith', 'ehdquddnjs', 'anwesh13127', 'nhs0410', 'epharis', 'shivam13158', 'sudheer_ucla', 'farheen13133', 'simranjeet13162', 'jasterlg1', 'student123', 'jxt_wang', 'nana_aida92', 'ameuser', 'kianying428', 'lancetty', 'stefani1703', 'ryanpond21', 'ezatyrazali', 'bandnakumari', 'balkhelly2015', 'i522094810', 'cyrilraj', 'qq1135341294', 'partia', 'hanl', 'owensmith530', 'chocko12367', 'sharidya24', 'ljs9402', 'hj19940726', 'sudheer1994', 'rberg77', 'dbswjd218', None, 'ssosa4651', 'pranavambhore', 'faith', 'abhish', 'srrt1zy', 'anyakasyanova', 'ouhun0301', 'lancer', 'alexbelikovi4', 'dh7423', 'puneet16104', 'yandongluo', 'namarathe']"
1,182,157,16,14,"['nikolai_sm1996', 'pavelkor', 'genizo', 'anyakasyanova', 'lancer', 'jasterlg1', 'strigunova.nastya', 'alexbelikovi4', 'molekula2033', 'aleksandrzapaev', 'darintsev', 'nastypet656', 'bogestvod', 'kepler']",143,"['hosama92', 'robin13151', 'nehadalal1994', 'skjanibabu786', 'kelbert', 'azizian', 'arsalan_alam', 'eddie.yao1', 'arashdeep15007', 'fareq_aleq', 'rosshidi.hezrimi.taharim', 'chaewonkim', 'dongjin225', 'zy421214917', 'pragyan16102', 'peggyjiang369', 'mitchberger106', 'aarondfranklin', 'magickid09', 'fitz.jack', 'charliedm', 'sujay.garlanka', 'kmv10', 'saloabraham', 'diljyot13132', 'memelord123', 'soccerpain', 'mokshada16096', 'saurav14160', 'kcantley', 'balkhelly2017', 'james.partridge', 'elaine_9372', 'yogesh13171', 'apurba13128', 'jpsant2006', 'chintan7', 'tyleryam', 'kvv4', 'nabilahmsy94', 'shreyan_16112', '15kochk', 'd.c.yborde', 'eriis1024', 'amartamistri2997', 'apurba59', 'gchenfc', 'aghajavad', 'kit.hui.796', 'jollyreal', 'saptak16110', 'firehawk785', 'ihussain899', 'kannankt', 'leesj0828', 'sadiq16107', 'masroor13137', 'kenkoch4', 'rladbswjd218', 'sl91', 'hassan_khan007', 'robin14155', 'elainewang', 'lixin1405', 'ektlak1', 'harshilgarg51', 'emcox66', 'fmancillas', 'andrea.cupertino', 'shellyg11', 'gianply90', 'swati16116', 'davidebisio', 'zaheedkamaal459', 'elin6243', 'zhuangyuan160005', 'emcox', 'williamxiong11', 'seemaly16111', 'shreyasingh', 'riley.nisbet', 'saiyedrasol', 'sasaspider84', 'mhjin91', 'guntaas69', 'shuhuang92', 'roxas0014', 'rushdi86', 'ginapi', 'arjun16087', 'dhruvkpatel', 'ws_pang1993', 'sajal16108', 'asthaashigupta', 'artur.balanuta', 'naijiao_zhang', 'andonghuang1991', '0.yao.yuan', 'baldeosharansharma', 'bingran92', 'samsmith', 'ehdquddnjs', 'anwesh13127', 'nhs0410', 'epharis', 'shivam13158', 'sudheer_ucla', 'farheen13133', 'simranjeet13162', 'student123', 'jxt_wang', 'nana_aida92', 'ameuser', 'kianying428', 'lancetty', 'stefani1703', 'ryanpond21', 'ezatyrazali', 'bandnakumari', 'balkhelly2015', 'i522094810', 'cyrilraj', 'qq1135341294', 'partia', 'hanl', 'owensmith530', 'chocko12367', 'sharidya24', 'ljs9402', 'hj19940726', 'sudheer1994', 'rberg77', 'dbswjd218', 'ssosa4651', 'pranavambhore', 'faith', 'abhish', 'srrt1zy', 'ouhun0301', 'dh7423', 'puneet16104', 'yandongluo', 'namarathe']",2,"['fmpk_john', None]",159,"['hosama92', 'pavelkor', 'robin13151', 'nehadalal1994', 'skjanibabu786', 'kelbert', 'azizian', 'arsalan_alam', 'eddie.yao1', 'arashdeep15007', 'fareq_aleq', 'rosshidi.hezrimi.taharim', 'chaewonkim', 'dongjin225', 'zy421214917', 'pragyan16102', 'peggyjiang369', 'mitchberger106', 'aarondfranklin', 'magickid09', 'fitz.jack', 'genizo', 'charliedm', 'sujay.garlanka', 'kmv10', 'saloabraham', 'kepler', 'diljyot13132', 'memelord123', 'soccerpain', 'mokshada16096', 'saurav14160', 'fmpk_john', 'kcantley', 'balkhelly2017', 'bogestvod', 'nastypet656', 'james.partridge', 'elaine_9372', 'yogesh13171', 'apurba13128', 'jpsant2006', 'chintan7', 'strigunova.nastya', 'tyleryam', 'kvv4', 'aleksandrzapaev', 'nabilahmsy94', 'shreyan_16112', '15kochk', 'd.c.yborde', 'eriis1024', 'amartamistri2997', 'apurba59', 'gchenfc', 'aghajavad', 'kit.hui.796', 'jollyreal', 'saptak16110', 'firehawk785', 'ihussain899', 'kannankt', 'leesj0828', 'sadiq16107', 'masroor13137', 'kenkoch4', 'rladbswjd218', 'sl91', 'hassan_khan007', 'robin14155', 'elainewang', 'lixin1405', 'ektlak1', 'harshilgarg51', 'emcox66', 'fmancillas', 'andrea.cupertino', 'shellyg11', 'gianply90', 'swati16116', 'davidebisio', 'zaheedkamaal459', 'elin6243', 'zhuangyuan160005', 'emcox', 'williamxiong11', 'seemaly16111', 'shreyasingh', 'nikolai_sm1996', 'riley.nisbet', 'saiyedrasol', 'sasaspider84', 'mhjin91', 'guntaas69', 'shuhuang92', 'roxas0014', 'rushdi86', 'ginapi', 'arjun16087', 'dhruvkpatel', 'darintsev', 'ws_pang1993', 'sajal16108', 'asthaashigupta', 'artur.balanuta', 'naijiao_zhang', 'andonghuang1991', '0.yao.yuan', 'molekula2033', 'baldeosharansharma', 'bingran92', 'samsmith', 'ehdquddnjs', 'anwesh13127', 'nhs0410', 'epharis', 'shivam13158', 'sudheer_ucla', 'farheen13133', 'simranjeet13162', 'jasterlg1', 'student123', 'jxt_wang', 'nana_aida92', 'ameuser', 'kianying428', 'lancetty', 'stefani1703', 'ryanpond21', 'ezatyrazali', 'bandnakumari', 'balkhelly2015', 'i522094810', 'cyrilraj', 'qq1135341294', 'partia', 'hanl', 'owensmith530', 'chocko12367', 'sharidya24', 'ljs9402', 'hj19940726', 'sudheer1994', 'rberg77', 'dbswjd218', None, 'ssosa4651', 'pranavambhore', 'faith', 'abhish', 'srrt1zy', 'anyakasyanova', 'ouhun0301', 'lancer', 'alexbelikovi4', 'dh7423', 'puneet16104', 'yandongluo', 'namarathe']"
1,172,157,13,11,"['elaine_9372', 'student123', 'ws_pang1993', 'hassan_khan007', 'kianying428', 'rushdi86', 'ginapi', 'jollyreal', 'nabilahmsy94', 'sharidya24', 'ezatyrazali']",146,"['hosama92', 'pavelkor', 'robin13151', 'nehadalal1994', 'skjanibabu786', 'kelbert', 'azizian', 'arsalan_alam', 'eddie.yao1', 'arashdeep15007', 'fareq_aleq', 'rosshidi.hezrimi.taharim', 'chaewonkim', 'dongjin225', 'zy421214917', 'pragyan16102', 'peggyjiang369', 'mitchberger106', 'aarondfranklin', 'magickid09', 'fitz.jack', 'genizo', 'charliedm', 'sujay.garlanka', 'kmv10', 'saloabraham', 'kepler', 'diljyot13132', 'memelord123', 'soccerpain', 'mokshada16096', 'saurav14160', 'kcantley', 'balkhelly2017', 'bogestvod', 'nastypet656', 'james.partridge', 'yogesh13171', 'apurba13128', 'jpsant2006', 'chintan7', 'strigunova.nastya', 'tyleryam', 'kvv4', 'aleksandrzapaev', 'shreyan_16112', '15kochk', 'd.c.yborde', 'eriis1024', 'amartamistri2997', 'apurba59', 'gchenfc', 'aghajavad', 'kit.hui.796', 'saptak16110', 'firehawk785', 'ihussain899', 'kannankt', 'leesj0828', 'sadiq16107', 'masroor13137', 'kenkoch4', 'rladbswjd218', 'sl91', 'robin14155', 'elainewang', 'lixin1405', 'ektlak1', 'harshilgarg51', 'emcox66', 'fmancillas', 'andrea.cupertino', 'shellyg11', 'gianply90', 'swati16116', 'davidebisio', 'zaheedkamaal459', 'elin6243', 'zhuangyuan160005', 'emcox', 'williamxiong11', 'seemaly16111', 'shreyasingh', 'nikolai_sm1996', 'riley.nisbet', 'saiyedrasol', 'sasaspider84', 'mhjin91', 'guntaas69', 'shuhuang92', 'roxas0014', 'arjun16087', 'dhruvkpatel', 'darintsev', 'sajal16108', 'asthaashigupta', 'artur.balanuta', 'naijiao_zhang', 'andonghuang1991', '0.yao.yuan', 'molekula2033', 'baldeosharansharma', 'bingran92', 'samsmith', 'ehdquddnjs', 'anwesh13127', 'nhs0410', 'epharis', 'shivam13158', 'sudheer_ucla', 'farheen13133', 'simranjeet13162', 'jasterlg1', 'jxt_wang', 'nana_aida92', 'ameuser', 'lancetty', 'stefani1703', 'ryanpond21', 'bandnakumari', 'balkhelly2015', 'i522094810', 'cyrilraj', 'qq1135341294', 'partia', 'hanl', 'owensmith530', 'chocko12367', 'ljs9402', 'hj19940726', 'sudheer1994', 'rberg77', 'dbswjd218', 'ssosa4651', 'pranavambhore', 'faith', 'abhish', 'srrt1zy', 'anyakasyanova', 'ouhun0301', 'lancer', 'alexbelikovi4', 'dh7423', 'puneet16104', 'yandongluo', 'namarathe']",2,"[None, 'steve_sam93']",159,"['hosama92', 'pavelkor', 'robin13151', 'nehadalal1994', 'skjanibabu786', 'kelbert', 'azizian', 'arsalan_alam', 'eddie.yao1', 'arashdeep15007', 'fareq_aleq', 'rosshidi.hezrimi.taharim', 'chaewonkim', 'dongjin225', 'zy421214917', 'pragyan16102', 'peggyjiang369', 'mitchberger106', 'aarondfranklin', 'magickid09', 'fitz.jack', 'genizo', 'charliedm', 'sujay.garlanka', 'kmv10', 'saloabraham', 'kepler', 'diljyot13132', 'memelord123', 'soccerpain', 'mokshada16096', 'saurav14160', 'kcantley', 'balkhelly2017', 'bogestvod', 'nastypet656', 'james.partridge', 'elaine_9372', 'yogesh13171', 'apurba13128', 'jpsant2006', 'chintan7', 'strigunova.nastya', 'tyleryam', 'kvv4', 'aleksandrzapaev', 'nabilahmsy94', 'shreyan_16112', '15kochk', 'd.c.yborde', 'eriis1024', 'amartamistri2997', 'apurba59', 'gchenfc', 'aghajavad', 'kit.hui.796', 'jollyreal', 'saptak16110', 'firehawk785', 'ihussain899', 'kannankt', 'leesj0828', 'sadiq16107', 'masroor13137', 'kenkoch4', 'rladbswjd218', 'sl91', 'hassan_khan007', 'robin14155', 'elainewang', 'lixin1405', 'ektlak1', 'harshilgarg51', 'emcox66', 'fmancillas', 'andrea.cupertino', 'shellyg11', 'gianply90', 'swati16116', 'davidebisio', 'zaheedkamaal459', 'elin6243', 'zhuangyuan160005', 'emcox', 'williamxiong11', 'seemaly16111', 'shreyasingh', 'nikolai_sm1996', 'riley.nisbet', 'saiyedrasol', 'sasaspider84', 'mhjin91', 'guntaas69', 'shuhuang92', 'roxas0014', 'rushdi86', 'ginapi', 'arjun16087', 'dhruvkpatel', 'darintsev', 'ws_pang1993', 'sajal16108', 'asthaashigupta', 'artur.balanuta', 'naijiao_zhang', 'andonghuang1991', '0.yao.yuan', 'molekula2033', 'baldeosharansharma', 'bingran92', 'samsmith', 'ehdquddnjs', 'anwesh13127', 'nhs0410', 'epharis', 'shivam13158', 'sudheer_ucla', 'farheen13133', 'simranjeet13162', 'jasterlg1', 'student123', 'jxt_wang', 'nana_aida92', 'ameuser', 'kianying428', 'lancetty', 'stefani1703', 'ryanpond21', 'ezatyrazali', 'bandnakumari', 'balkhelly2015', 'i522094810', 'cyrilraj', 'qq1135341294', 'partia', 'hanl', 'owensmith530', 'chocko12367', 'sharidya24', 'ljs9402', 'hj19940726', 'sudheer1994', 'rberg77', 'dbswjd218', None, 'ssosa4651', 'pranavambhore', 'faith', 'abhish', 'srrt1zy', 'anyakasyanova', 'ouhun0301', 'lancer', 'steve_sam93', 'alexbelikovi4', 'dh7423', 'puneet16104', 'yandongluo', 'namarathe']"
1,180,157,13,11,"['d.c.yborde', 'sl91', 'i522094810', 'saiyedrasol', 'hassan_khan007', 'elainewang', 'fareq_aleq', 'rosshidi.hezrimi.taharim', 'rushdi86', 'zhuangyuan160005', 'balkhelly2017']",146,"['hosama92', 'pavelkor', 'robin13151', 'nehadalal1994', 'skjanibabu786', 'kelbert', 'azizian', 'arsalan_alam', 'eddie.yao1', 'arashdeep15007', 'chaewonkim', 'dongjin225', 'zy421214917', 'pragyan16102', 'peggyjiang369', 'mitchberger106', 'aarondfranklin', 'magickid09', 'fitz.jack', 'genizo', 'charliedm', 'sujay.garlanka', 'kmv10', 'saloabraham', 'kepler', 'diljyot13132', 'memelord123', 'soccerpain', 'mokshada16096', 'saurav14160', 'kcantley', 'bogestvod', 'nastypet656', 'james.partridge', 'elaine_9372', 'yogesh13171', 'apurba13128', 'jpsant2006', 'chintan7', 'strigunova.nastya', 'tyleryam', 'kvv4', 'aleksandrzapaev', 'nabilahmsy94', 'shreyan_16112', '15kochk', 'eriis1024', 'amartamistri2997', 'apurba59', 'gchenfc', 'aghajavad', 'kit.hui.796', 'jollyreal', 'saptak16110', 'firehawk785', 'ihussain899', 'kannankt', 'leesj0828', 'sadiq16107', 'masroor13137', 'kenkoch4', 'rladbswjd218', 'robin14155', 'lixin1405', 'ektlak1', 'harshilgarg51', 'emcox66', 'fmancillas', 'andrea.cupertino', 'shellyg11', 'gianply90', 'swati16116', 'davidebisio', 'zaheedkamaal459', 'elin6243', 'emcox', 'williamxiong11', 'seemaly16111', 'shreyasingh', 'nikolai_sm1996', 'riley.nisbet', 'sasaspider84', 'mhjin91', 'guntaas69', 'shuhuang92', 'roxas0014', 'ginapi', 'arjun16087', 'dhruvkpatel', 'darintsev', 'ws_pang1993', 'sajal16108', 'asthaashigupta', 'artur.balanuta', 'naijiao_zhang', 'andonghuang1991', '0.yao.yuan', 'molekula2033', 'baldeosharansharma', 'bingran92', 'samsmith', 'ehdquddnjs', 'anwesh13127', 'nhs0410', 'epharis', 'shivam13158', 'sudheer_ucla', 'farheen13133', 'simranjeet13162', 'jasterlg1', 'student123', 'jxt_wang', 'nana_aida92', 'ameuser', 'kianying428', 'lancetty', 'stefani1703', 'ryanpond21', 'ezatyrazali', 'bandnakumari', 'balkhelly2015', 'cyrilraj', 'qq1135341294', 'partia', 'hanl', 'owensmith530', 'chocko12367', 'sharidya24', 'ljs9402', 'hj19940726', 'sudheer1994', 'rberg77', 'dbswjd218', 'ssosa4651', 'pranavambhore', 'faith', 'abhish', 'srrt1zy', 'anyakasyanova', 'ouhun0301', 'lancer', 'alexbelikovi4', 'dh7423', 'puneet16104', 'yandongluo', 'namarathe']",2,"[None, 'moralmoral']",159,"['hosama92', 'pavelkor', 'robin13151', 'nehadalal1994', 'skjanibabu786', 'kelbert', 'azizian', 'arsalan_alam', 'eddie.yao1', 'arashdeep15007', 'fareq_aleq', 'rosshidi.hezrimi.taharim', 'chaewonkim', 'dongjin225', 'zy421214917', 'pragyan16102', 'peggyjiang369', 'mitchberger106', 'aarondfranklin', 'magickid09', 'fitz.jack', 'genizo', 'charliedm', 'moralmoral', 'sujay.garlanka', 'kmv10', 'saloabraham', 'kepler', 'diljyot13132', 'memelord123', 'soccerpain', 'mokshada16096', 'saurav14160', 'kcantley', 'balkhelly2017', 'bogestvod', 'nastypet656', 'james.partridge', 'elaine_9372', 'yogesh13171', 'apurba13128', 'jpsant2006', 'chintan7', 'strigunova.nastya', 'tyleryam', 'kvv4', 'aleksandrzapaev', 'nabilahmsy94', 'shreyan_16112', '15kochk', 'd.c.yborde', 'eriis1024', 'amartamistri2997', 'apurba59', 'gchenfc', 'aghajavad', 'kit.hui.796', 'jollyreal', 'saptak16110', 'firehawk785', 'ihussain899', 'kannankt', 'leesj0828', 'sadiq16107', 'masroor13137', 'kenkoch4', 'rladbswjd218', 'sl91', 'hassan_khan007', 'robin14155', 'elainewang', 'lixin1405', 'ektlak1', 'harshilgarg51', 'emcox66', 'fmancillas', 'andrea.cupertino', 'shellyg11', 'gianply90', 'swati16116', 'davidebisio', 'zaheedkamaal459', 'elin6243', 'zhuangyuan160005', 'emcox', 'williamxiong11', 'seemaly16111', 'shreyasingh', 'nikolai_sm1996', 'riley.nisbet', 'saiyedrasol', 'sasaspider84', 'mhjin91', 'guntaas69', 'shuhuang92', 'roxas0014', 'rushdi86', 'ginapi', 'arjun16087', 'dhruvkpatel', 'darintsev', 'ws_pang1993', 'sajal16108', 'asthaashigupta', 'artur.balanuta', 'naijiao_zhang', 'andonghuang1991', '0.yao.yuan', 'molekula2033', 'baldeosharansharma', 'bingran92', 'samsmith', 'ehdquddnjs', 'anwesh13127', 'nhs0410', 'epharis', 'shivam13158', 'sudheer_ucla', 'farheen13133', 'simranjeet13162', 'jasterlg1', 'student123', 'jxt_wang', 'nana_aida92', 'ameuser', 'kianying428', 'lancetty', 'stefani1703', 'ryanpond21', 'ezatyrazali', 'bandnakumari', 'balkhelly2015', 'i522094810', 'cyrilraj', 'qq1135341294', 'partia', 'hanl', 'owensmith530', 'chocko12367', 'sharidya24', 'ljs9402', 'hj19940726', 'sudheer1994', 'rberg77', 'dbswjd218', None, 'ssosa4651', 'pranavambhore', 'faith', 'abhish', 'srrt1zy', 'anyakasyanova', 'ouhun0301', 'lancer', 'alexbelikovi4', 'dh7423', 'puneet16104', 'yandongluo', 'namarathe']"
1,185,157,13,12,"['nikolai_sm1996', 'pavelkor', 'genizo', 'anyakasyanova', 'lancer', 'strigunova.nastya', 'alexbelikovi4', 'aleksandrzapaev', 'darintsev', 'nastypet656', 'jasterlg1', 'kepler']",145,"['hosama92', 'robin13151', 'nehadalal1994', 'skjanibabu786', 'kelbert', 'azizian', 'arsalan_alam', 'eddie.yao1', 'arashdeep15007', 'fareq_aleq', 'rosshidi.hezrimi.taharim', 'chaewonkim', 'dongjin225', 'zy421214917', 'pragyan16102', 'peggyjiang369', 'mitchberger106', 'aarondfranklin', 'magickid09', 'fitz.jack', 'charliedm', 'sujay.garlanka', 'kmv10', 'saloabraham', 'diljyot13132', 'memelord123', 'soccerpain', 'mokshada16096', 'saurav14160', 'kcantley', 'balkhelly2017', 'bogestvod', 'james.partridge', 'elaine_9372', 'yogesh13171', 'apurba13128', 'jpsant2006', 'chintan7', 'tyleryam', 'kvv4', 'nabilahmsy94', 'shreyan_16112', '15kochk', 'd.c.yborde', 'eriis1024', 'amartamistri2997', 'apurba59', 'gchenfc', 'aghajavad', 'kit.hui.796', 'jollyreal', 'saptak16110', 'firehawk785', 'ihussain899', 'kannankt', 'leesj0828', 'sadiq16107', 'masroor13137', 'kenkoch4', 'rladbswjd218', 'sl91', 'hassan_khan007', 'robin14155', 'elainewang', 'lixin1405', 'ektlak1', 'harshilgarg51', 'emcox66', 'fmancillas', 'andrea.cupertino', 'shellyg11', 'gianply90', 'swati16116', 'davidebisio', 'zaheedkamaal459', 'elin6243', 'zhuangyuan160005', 'emcox', 'williamxiong11', 'seemaly16111', 'shreyasingh', 'riley.nisbet', 'saiyedrasol', 'sasaspider84', 'mhjin91', 'guntaas69', 'shuhuang92', 'roxas0014', 'rushdi86', 'ginapi', 'arjun16087', 'dhruvkpatel', 'ws_pang1993', 'sajal16108', 'asthaashigupta', 'artur.balanuta', 'naijiao_zhang', 'andonghuang1991', '0.yao.yuan', 'molekula2033', 'baldeosharansharma', 'bingran92', 'samsmith', 'ehdquddnjs', 'anwesh13127', 'nhs0410', 'epharis', 'shivam13158', 'sudheer_ucla', 'farheen13133', 'simranjeet13162', 'student123', 'jxt_wang', 'nana_aida92', 'ameuser', 'kianying428', 'lancetty', 'stefani1703', 'ryanpond21', 'ezatyrazali', 'bandnakumari', 'balkhelly2015', 'i522094810', 'cyrilraj', 'qq1135341294', 'partia', 'hanl', 'owensmith530', 'chocko12367', 'sharidya24', 'ljs9402', 'hj19940726', 'sudheer1994', 'rberg77', 'dbswjd218', 'ssosa4651', 'pranavambhore', 'faith', 'abhish', 'srrt1zy', 'ouhun0301', 'dh7423', 'puneet16104', 'yandongluo', 'namarathe']",1,[None],158,"['hosama92', 'pavelkor', 'robin13151', 'nehadalal1994', 'skjanibabu786', 'kelbert', 'azizian', 'arsalan_alam', 'eddie.yao1', 'arashdeep15007', 'fareq_aleq', 'rosshidi.hezrimi.taharim', 'chaewonkim', 'dongjin225', 'zy421214917', 'pragyan16102', 'peggyjiang369', 'mitchberger106', 'aarondfranklin', 'magickid09', 'fitz.jack', 'genizo', 'charliedm', 'sujay.garlanka', 'kmv10', 'saloabraham', 'kepler', 'diljyot13132', 'memelord123', 'soccerpain', 'mokshada16096', 'saurav14160', 'kcantley', 'balkhelly2017', 'bogestvod', 'nastypet656', 'james.partridge', 'elaine_9372', 'yogesh13171', 'apurba13128', 'jpsant2006', 'chintan7', 'strigunova.nastya', 'tyleryam', 'kvv4', 'aleksandrzapaev', 'nabilahmsy94', 'shreyan_16112', '15kochk', 'd.c.yborde', 'eriis1024', 'amartamistri2997', 'apurba59', 'gchenfc', 'aghajavad', 'kit.hui.796', 'jollyreal', 'saptak16110', 'firehawk785', 'ihussain899', 'kannankt', 'leesj0828', 'sadiq16107', 'masroor13137', 'kenkoch4', 'rladbswjd218', 'sl91', 'hassan_khan007', 'robin14155', 'elainewang', 'lixin1405', 'ektlak1', 'harshilgarg51', 'emcox66', 'fmancillas', 'andrea.cupertino', 'shellyg11', 'gianply90', 'swati16116', 'davidebisio', 'zaheedkamaal459', 'elin6243', 'zhuangyuan160005', 'emcox', 'williamxiong11', 'seemaly16111', 'shreyasingh', 'nikolai_sm1996', 'riley.nisbet', 'saiyedrasol', 'sasaspider84', 'mhjin91', 'guntaas69', 'shuhuang92', 'roxas0014', 'rushdi86', 'ginapi', 'arjun16087', 'dhruvkpatel', 'darintsev', 'ws_pang1993', 'sajal16108', 'asthaashigupta', 'artur.balanuta', 'naijiao_zhang', 'andonghuang1991', '0.yao.yuan', 'molekula2033', 'baldeosharansharma', 'bingran92', 'samsmith', 'ehdquddnjs', 'anwesh13127', 'nhs0410', 'epharis', 'shivam13158', 'sudheer_ucla', 'farheen13133', 'simranjeet13162', 'jasterlg1', 'student123', 'jxt_wang', 'nana_aida92', 'ameuser', 'kianying428', 'lancetty', 'stefani1703', 'ryanpond21', 'ezatyrazali', 'bandnakumari', 'balkhelly2015', 'i522094810', 'cyrilraj', 'qq1135341294', 'partia', 'hanl', 'owensmith530', 'chocko12367', 'sharidya24', 'ljs9402', 'hj19940726', 'sudheer1994', 'rberg77', 'dbswjd218', None, 'ssosa4651', 'pranavambhore', 'faith', 'abhish', 'srrt1zy', 'anyakasyanova', 'ouhun0301', 'lancer', 'alexbelikovi4', 'dh7423', 'puneet16104', 'yandongluo', 'namarathe']"
1,173,157,11,9,"['ehdquddnjs', 'mhjin91', 'ouhun0301', 'soccerpain', 'ektlak1', 'dh7423', 'leesj0828', 'hj19940726', 'chaewonkim']",148,"['hosama92', 'pavelkor', 'robin13151', 'nehadalal1994', 'skjanibabu786', 'kelbert', 'azizian', 'arsalan_alam', 'eddie.yao1', 'arashdeep15007', 'fareq_aleq', 'rosshidi.hezrimi.taharim', 'dongjin225', 'zy421214917', 'pragyan16102', 'peggyjiang369', 'mitchberger106', 'aarondfranklin', 'magickid09', 'fitz.jack', 'genizo', 'charliedm', 'sujay.garlanka', 'kmv10', 'saloabraham', 'kepler', 'diljyot13132', 'memelord123', 'mokshada16096', 'saurav14160', 'kcantley', 'balkhelly2017', 'bogestvod', 'nastypet656', 'james.partridge', 'elaine_9372', 'yogesh13171', 'apurba13128', 'jpsant2006', 'chintan7', 'strigunova.nastya', 'tyleryam', 'kvv4', 'aleksandrzapaev', 'nabilahmsy94', 'shreyan_16112', '15kochk', 'd.c.yborde', 'eriis1024', 'amartamistri2997', 'apurba59', 'gchenfc', 'aghajavad', 'kit.hui.796', 'jollyreal', 'saptak16110', 'firehawk785', 'ihussain899', 'kannankt', 'sadiq16107', 'masroor13137', 'kenkoch4', 'rladbswjd218', 'sl91', 'hassan_khan007', 'robin14155', 'elainewang', 'lixin1405', 'harshilgarg51', 'emcox66', 'fmancillas', 'andrea.cupertino', 'shellyg11', 'gianply90', 'swati16116', 'davidebisio', 'zaheedkamaal459', 'elin6243', 'zhuangyuan160005', 'emcox', 'williamxiong11', 'seemaly16111', 'shreyasingh', 'nikolai_sm1996', 'riley.nisbet', 'saiyedrasol', 'sasaspider84', 'guntaas69', 'shuhuang92', 'roxas0014', 'rushdi86', 'ginapi', 'arjun16087', 'dhruvkpatel', 'darintsev', 'ws_pang1993', 'sajal16108', 'asthaashigupta', 'artur.balanuta', 'naijiao_zhang', 'andonghuang1991', '0.yao.yuan', 'molekula2033', 'baldeosharansharma', 'bingran92', 'samsmith', 'anwesh13127', 'nhs0410', 'epharis', 'shivam13158', 'sudheer_ucla', 'farheen13133', 'simranjeet13162', 'jasterlg1', 'student123', 'jxt_wang', 'nana_aida92', 'ameuser', 'kianying428', 'lancetty', 'stefani1703', 'ryanpond21', 'ezatyrazali', 'bandnakumari', 'balkhelly2015', 'i522094810', 'cyrilraj', 'qq1135341294', 'partia', 'hanl', 'owensmith530', 'chocko12367', 'sharidya24', 'ljs9402', 'sudheer1994', 'rberg77', 'dbswjd218', 'ssosa4651', 'pranavambhore', 'faith', 'abhish', 'srrt1zy', 'anyakasyanova', 'lancer', 'alexbelikovi4', 'puneet16104', 'yandongluo', 'namarathe']",2,"['sookim.kr', None]",159,"['hosama92', 'pavelkor', 'robin13151', 'nehadalal1994', 'skjanibabu786', 'kelbert', 'azizian', 'arsalan_alam', 'eddie.yao1', 'arashdeep15007', 'fareq_aleq', 'rosshidi.hezrimi.taharim', 'chaewonkim', 'dongjin225', 'zy421214917', 'pragyan16102', 'peggyjiang369', 'mitchberger106', 'aarondfranklin', 'magickid09', 'fitz.jack', 'genizo', 'charliedm', 'sujay.garlanka', 'kmv10', 'saloabraham', 'kepler', 'diljyot13132', 'sookim.kr', 'memelord123', 'soccerpain', 'mokshada16096', 'saurav14160', 'kcantley', 'balkhelly2017', 'bogestvod', 'nastypet656', 'james.partridge', 'elaine_9372', 'yogesh13171', 'apurba13128', 'jpsant2006', 'chintan7', 'strigunova.nastya', 'tyleryam', 'kvv4', 'aleksandrzapaev', 'nabilahmsy94', 'shreyan_16112', '15kochk', 'd.c.yborde', 'eriis1024', 'amartamistri2997', 'apurba59', 'gchenfc', 'aghajavad', 'kit.hui.796', 'jollyreal', 'saptak16110', 'firehawk785', 'ihussain899', 'kannankt', 'leesj0828', 'sadiq16107', 'masroor13137', 'kenkoch4', 'rladbswjd218', 'sl91', 'hassan_khan007', 'robin14155', 'elainewang', 'lixin1405', 'ektlak1', 'harshilgarg51', 'emcox66', 'fmancillas', 'andrea.cupertino', 'shellyg11', 'gianply90', 'swati16116', 'davidebisio', 'zaheedkamaal459', 'elin6243', 'zhuangyuan160005', 'emcox', 'williamxiong11', 'seemaly16111', 'shreyasingh', 'nikolai_sm1996', 'riley.nisbet', 'saiyedrasol', 'sasaspider84', 'mhjin91', 'guntaas69', 'shuhuang92', 'roxas0014', 'rushdi86', 'ginapi', 'arjun16087', 'dhruvkpatel', 'darintsev', 'ws_pang1993', 'sajal16108', 'asthaashigupta', 'artur.balanuta', 'naijiao_zhang', 'andonghuang1991', '0.yao.yuan', 'molekula2033', 'baldeosharansharma', 'bingran92', 'samsmith', 'ehdquddnjs', 'anwesh13127', 'nhs0410', 'epharis', 'shivam13158', 'sudheer_ucla', 'farheen13133', 'simranjeet13162', 'jasterlg1', 'student123', 'jxt_wang', 'nana_aida92', 'ameuser', 'kianying428', 'lancetty', 'stefani1703', 'ryanpond21', 'ezatyrazali', 'bandnakumari', 'balkhelly2015', 'i522094810', 'cyrilraj', 'qq1135341294', 'partia', 'hanl', 'owensmith530', 'chocko12367', 'sharidya24', 'ljs9402', 'hj19940726', 'sudheer1994', 'rberg77', 'dbswjd218', None, 'ssosa4651', 'pranavambhore', 'faith', 'abhish', 'srrt1zy', 'anyakasyanova', 'ouhun0301', 'lancer', 'alexbelikovi4', 'dh7423', 'puneet16104', 'yandongluo', 'namarathe']"
1,192,157,9,7,"['eriis1024', 'ameuser', 'naijiao_zhang', 'roxas0014', '0.yao.yuan', 'owensmith530', 'sujay.garlanka']",150,"['hosama92', 'pavelkor', 'robin13151', 'nehadalal1994', 'skjanibabu786', 'kelbert', 'azizian', 'arsalan_alam', 'eddie.yao1', 'arashdeep15007', 'fareq_aleq', 'rosshidi.hezrimi.taharim', 'chaewonkim', 'dongjin225', 'zy421214917', 'pragyan16102', 'peggyjiang369', 'mitchberger106', 'aarondfranklin', 'magickid09', 'fitz.jack', 'genizo', 'charliedm', 'kmv10', 'saloabraham', 'kepler', 'diljyot13132', 'memelord123', 'soccerpain', 'mokshada16096', 'saurav14160', 'kcantley', 'balkhelly2017', 'bogestvod', 'nastypet656', 'james.partridge', 'elaine_9372', 'yogesh13171', 'apurba13128', 'jpsant2006', 'chintan7', 'strigunova.nastya', 'tyleryam', 'kvv4', 'aleksandrzapaev', 'nabilahmsy94', 'shreyan_16112', '15kochk', 'd.c.yborde', 'amartamistri2997', 'apurba59', 'gchenfc', 'aghajavad', 'kit.hui.796', 'jollyreal', 'saptak16110', 'firehawk785', 'ihussain899', 'kannankt', 'leesj0828', 'sadiq16107', 'masroor13137', 'kenkoch4', 'rladbswjd218', 'sl91', 'hassan_khan007', 'robin14155', 'elainewang', 'lixin1405', 'ektlak1', 'harshilgarg51', 'emcox66', 'fmancillas', 'andrea.cupertino', 'shellyg11', 'gianply90', 'swati16116', 'davidebisio', 'zaheedkamaal459', 'elin6243', 'zhuangyuan160005', 'emcox', 'williamxiong11', 'seemaly16111', 'shreyasingh', 'nikolai_sm1996', 'riley.nisbet', 'saiyedrasol', 'sasaspider84', 'mhjin91', 'guntaas69', 'shuhuang92', 'rushdi86', 'ginapi', 'arjun16087', 'dhruvkpatel', 'darintsev', 'ws_pang1993', 'sajal16108', 'asthaashigupta', 'artur.balanuta', 'andonghuang1991', 'molekula2033', 'baldeosharansharma', 'bingran92', 'samsmith', 'ehdquddnjs', 'anwesh13127', 'nhs0410', 'epharis', 'shivam13158', 'sudheer_ucla', 'farheen13133', 'simranjeet13162', 'jasterlg1', 'student123', 'jxt_wang', 'nana_aida92', 'kianying428', 'lancetty', 'stefani1703', 'ryanpond21', 'ezatyrazali', 'bandnakumari', 'balkhelly2015', 'i522094810', 'cyrilraj', 'qq1135341294', 'partia', 'hanl', 'chocko12367', 'sharidya24', 'ljs9402', 'hj19940726', 'sudheer1994', 'rberg77', 'dbswjd218', 'ssosa4651', 'pranavambhore', 'faith', 'abhish', 'srrt1zy', 'anyakasyanova', 'ouhun0301', 'lancer', 'alexbelikovi4', 'dh7423', 'puneet16104', 'yandongluo', 'namarathe']",2,"['zetaroid', None]",159,"['hosama92', 'pavelkor', 'robin13151', 'nehadalal1994', 'skjanibabu786', 'kelbert', 'azizian', 'arsalan_alam', 'eddie.yao1', 'arashdeep15007', 'fareq_aleq', 'rosshidi.hezrimi.taharim', 'chaewonkim', 'dongjin225', 'zy421214917', 'pragyan16102', 'peggyjiang369', 'mitchberger106', 'aarondfranklin', 'magickid09', 'fitz.jack', 'genizo', 'charliedm', 'sujay.garlanka', 'kmv10', 'saloabraham', 'kepler', 'diljyot13132', 'memelord123', 'soccerpain', 'mokshada16096', 'saurav14160', 'kcantley', 'balkhelly2017', 'bogestvod', 'nastypet656', 'james.partridge', 'elaine_9372', 'yogesh13171', 'apurba13128', 'jpsant2006', 'chintan7', 'strigunova.nastya', 'tyleryam', 'kvv4', 'aleksandrzapaev', 'nabilahmsy94', 'shreyan_16112', '15kochk', 'd.c.yborde', 'eriis1024', 'zetaroid', 'amartamistri2997', 'apurba59', 'gchenfc', 'aghajavad', 'kit.hui.796', 'jollyreal', 'saptak16110', 'firehawk785', 'ihussain899', 'kannankt', 'leesj0828', 'sadiq16107', 'masroor13137', 'kenkoch4', 'rladbswjd218', 'sl91', 'hassan_khan007', 'robin14155', 'elainewang', 'lixin1405', 'ektlak1', 'harshilgarg51', 'emcox66', 'fmancillas', 'andrea.cupertino', 'shellyg11', 'gianply90', 'swati16116', 'davidebisio', 'zaheedkamaal459', 'elin6243', 'zhuangyuan160005', 'emcox', 'williamxiong11', 'seemaly16111', 'shreyasingh', 'nikolai_sm1996', 'riley.nisbet', 'saiyedrasol', 'sasaspider84', 'mhjin91', 'guntaas69', 'shuhuang92', 'roxas0014', 'rushdi86', 'ginapi', 'arjun16087', 'dhruvkpatel', 'darintsev', 'ws_pang1993', 'sajal16108', 'asthaashigupta', 'artur.balanuta', 'naijiao_zhang', 'andonghuang1991', '0.yao.yuan', 'molekula2033', 'baldeosharansharma', 'bingran92', 'samsmith', 'ehdquddnjs', 'anwesh13127', 'nhs0410', 'epharis', 'shivam13158', 'sudheer_ucla', 'farheen13133', 'simranjeet13162', 'jasterlg1', 'student123', 'jxt_wang', 'nana_aida92', 'ameuser', 'kianying428', 'lancetty', 'stefani1703', 'ryanpond21', 'ezatyrazali', 'bandnakumari', 'balkhelly2015', 'i522094810', 'cyrilraj', 'qq1135341294', 'partia', 'hanl', 'owensmith530', 'chocko12367', 'sharidya24', 'ljs9402', 'hj19940726', 'sudheer1994', 'rberg77', 'dbswjd218', None, 'ssosa4651', 'pranavambhore', 'faith', 'abhish', 'srrt1zy', 'anyakasyanova', 'ouhun0301', 'lancer', 'alexbelikovi4', 'dh7423', 'puneet16104', 'yandongluo', 'namarathe']"
1,169,157,8,3,"['yandongluo', 'hanl', 'namarathe']",154,"['hosama92', 'pavelkor', 'robin13151', 'nehadalal1994', 'skjanibabu786', 'kelbert', 'azizian', 'arsalan_alam', 'eddie.yao1', 'arashdeep15007', 'fareq_aleq', 'rosshidi.hezrimi.taharim', 'chaewonkim', 'dongjin225', 'zy421214917', 'pragyan16102', 'peggyjiang369', 'mitchberger106', 'aarondfranklin', 'magickid09', 'fitz.jack', 'genizo', 'charliedm', 'sujay.garlanka', 'kmv10', 'saloabraham', 'kepler', 'diljyot13132', 'memelord123', 'soccerpain', 'mokshada16096', 'saurav14160', 'kcantley', 'balkhelly2017', 'bogestvod', 'nastypet656', 'james.partridge', 'elaine_9372', 'yogesh13171', 'apurba13128', 'jpsant2006', 'chintan7', 'strigunova.nastya', 'tyleryam', 'kvv4', 'aleksandrzapaev', 'nabilahmsy94', 'shreyan_16112', '15kochk', 'd.c.yborde', 'eriis1024', 'amartamistri2997', 'apurba59', 'gchenfc', 'aghajavad', 'kit.hui.796', 'jollyreal', 'saptak16110', 'firehawk785', 'ihussain899', 'kannankt', 'leesj0828', 'sadiq16107', 'masroor13137', 'kenkoch4', 'rladbswjd218', 'sl91', 'hassan_khan007', 'robin14155', 'elainewang', 'lixin1405', 'ektlak1', 'harshilgarg51', 'emcox66', 'fmancillas', 'andrea.cupertino', 'shellyg11', 'gianply90', 'swati16116', 'davidebisio', 'zaheedkamaal459', 'elin6243', 'zhuangyuan160005', 'emcox', 'williamxiong11', 'seemaly16111', 'shreyasingh', 'nikolai_sm1996', 'riley.nisbet', 'saiyedrasol', 'sasaspider84', 'mhjin91', 'guntaas69', 'shuhuang92', 'roxas0014', 'rushdi86', 'ginapi', 'arjun16087', 'dhruvkpatel', 'darintsev', 'ws_pang1993', 'sajal16108', 'asthaashigupta', 'artur.balanuta', 'naijiao_zhang', 'andonghuang1991', '0.yao.yuan', 'molekula2033', 'baldeosharansharma', 'bingran92', 'samsmith', 'ehdquddnjs', 'anwesh13127', 'nhs0410', 'epharis', 'shivam13158', 'sudheer_ucla', 'farheen13133', 'simranjeet13162', 'jasterlg1', 'student123', 'jxt_wang', 'nana_aida92', 'ameuser', 'kianying428', 'lancetty', 'stefani1703', 'ryanpond21', 'ezatyrazali', 'bandnakumari', 'balkhelly2015', 'i522094810', 'cyrilraj', 'qq1135341294', 'partia', 'owensmith530', 'chocko12367', 'sharidya24', 'ljs9402', 'hj19940726', 'sudheer1994', 'rberg77', 'dbswjd218', 'ssosa4651', 'pranavambhore', 'faith', 'abhish', 'srrt1zy', 'anyakasyanova', 'ouhun0301', 'lancer', 'alexbelikovi4', 'dh7423', 'puneet16104']",5,"['moyi', 'funway', None, 'zztt93', 'goutham93']",162,"['hosama92', 'pavelkor', 'robin13151', 'nehadalal1994', 'skjanibabu786', 'kelbert', 'azizian', 'arsalan_alam', 'eddie.yao1', 'arashdeep15007', 'fareq_aleq', 'rosshidi.hezrimi.taharim', 'goutham93', 'chaewonkim', 'moyi', 'dongjin225', 'zy421214917', 'pragyan16102', 'peggyjiang369', 'mitchberger106', 'aarondfranklin', 'magickid09', 'fitz.jack', 'genizo', 'charliedm', 'sujay.garlanka', 'kmv10', 'zztt93', 'saloabraham', 'kepler', 'diljyot13132', 'memelord123', 'soccerpain', 'mokshada16096', 'saurav14160', 'kcantley', 'balkhelly2017', 'bogestvod', 'nastypet656', 'james.partridge', 'elaine_9372', 'yogesh13171', 'apurba13128', 'jpsant2006', 'chintan7', 'strigunova.nastya', 'tyleryam', 'kvv4', 'aleksandrzapaev', 'nabilahmsy94', 'shreyan_16112', '15kochk', 'd.c.yborde', 'eriis1024', 'amartamistri2997', 'apurba59', 'gchenfc', 'aghajavad', 'kit.hui.796', 'jollyreal', 'saptak16110', 'firehawk785', 'ihussain899', 'kannankt', 'leesj0828', 'sadiq16107', 'masroor13137', 'kenkoch4', 'rladbswjd218', 'sl91', 'hassan_khan007', 'robin14155', 'elainewang', 'lixin1405', 'ektlak1', 'harshilgarg51', 'emcox66', 'fmancillas', 'andrea.cupertino', 'shellyg11', 'gianply90', 'swati16116', 'davidebisio', 'zaheedkamaal459', 'elin6243', 'zhuangyuan160005', 'emcox', 'williamxiong11', 'seemaly16111', 'shreyasingh', 'nikolai_sm1996', 'riley.nisbet', 'saiyedrasol', 'sasaspider84', 'mhjin91', 'guntaas69', 'shuhuang92', 'roxas0014', 'rushdi86', 'ginapi', 'arjun16087', 'dhruvkpatel', 'darintsev', 'ws_pang1993', 'sajal16108', 'asthaashigupta', 'artur.balanuta', 'naijiao_zhang', 'andonghuang1991', '0.yao.yuan', 'molekula2033', 'baldeosharansharma', 'bingran92', 'samsmith', 'ehdquddnjs', 'anwesh13127', 'nhs0410', 'epharis', 'shivam13158', 'sudheer_ucla', 'farheen13133', 'simranjeet13162', 'jasterlg1', 'student123', 'jxt_wang', 'nana_aida92', 'ameuser', 'kianying428', 'lancetty', 'stefani1703', 'ryanpond21', 'ezatyrazali', 'bandnakumari', 'balkhelly2015', 'i522094810', 'cyrilraj', 'qq1135341294', 'partia', 'hanl', 'owensmith530', 'chocko12367', 'sharidya24', 'ljs9402', 'hj19940726', 'sudheer1994', 'rberg77', 'dbswjd218', None, 'ssosa4651', 'pranavambhore', 'funway', 'faith', 'abhish', 'srrt1zy', 'anyakasyanova', 'ouhun0301', 'lancer', 'alexbelikovi4', 'dh7423', 'puneet16104', 'yandongluo', 'namarathe']"
1,193,157,8,6,"['dbswjd218', 'dongjin225', 'nhs0410', 'rladbswjd218', 'chocko12367', 'ljs9402']",151,"['hosama92', 'pavelkor', 'robin13151', 'nehadalal1994', 'skjanibabu786', 'kelbert', 'azizian', 'arsalan_alam', 'eddie.yao1', 'arashdeep15007', 'fareq_aleq', 'rosshidi.hezrimi.taharim', 'chaewonkim', 'zy421214917', 'pragyan16102', 'peggyjiang369', 'mitchberger106', 'aarondfranklin', 'magickid09', 'fitz.jack', 'genizo', 'charliedm', 'sujay.garlanka', 'kmv10', 'saloabraham', 'kepler', 'diljyot13132', 'memelord123', 'soccerpain', 'mokshada16096', 'saurav14160', 'kcantley', 'balkhelly2017', 'bogestvod', 'nastypet656', 'james.partridge', 'elaine_9372', 'yogesh13171', 'apurba13128', 'jpsant2006', 'chintan7', 'strigunova.nastya', 'tyleryam', 'kvv4', 'aleksandrzapaev', 'nabilahmsy94', 'shreyan_16112', '15kochk', 'd.c.yborde', 'eriis1024', 'amartamistri2997', 'apurba59', 'gchenfc', 'aghajavad', 'kit.hui.796', 'jollyreal', 'saptak16110', 'firehawk785', 'ihussain899', 'kannankt', 'leesj0828', 'sadiq16107', 'masroor13137', 'kenkoch4', 'sl91', 'hassan_khan007', 'robin14155', 'elainewang', 'lixin1405', 'ektlak1', 'harshilgarg51', 'emcox66', 'fmancillas', 'andrea.cupertino', 'shellyg11', 'gianply90', 'swati16116', 'davidebisio', 'zaheedkamaal459', 'elin6243', 'zhuangyuan160005', 'emcox', 'williamxiong11', 'seemaly16111', 'shreyasingh', 'nikolai_sm1996', 'riley.nisbet', 'saiyedrasol', 'sasaspider84', 'mhjin91', 'guntaas69', 'shuhuang92', 'roxas0014', 'rushdi86', 'ginapi', 'arjun16087', 'dhruvkpatel', 'darintsev', 'ws_pang1993', 'sajal16108', 'asthaashigupta', 'artur.balanuta', 'naijiao_zhang', 'andonghuang1991', '0.yao.yuan', 'molekula2033', 'baldeosharansharma', 'bingran92', 'samsmith', 'ehdquddnjs', 'anwesh13127', 'epharis', 'shivam13158', 'sudheer_ucla', 'farheen13133', 'simranjeet13162', 'jasterlg1', 'student123', 'jxt_wang', 'nana_aida92', 'ameuser', 'kianying428', 'lancetty', 'stefani1703', 'ryanpond21', 'ezatyrazali', 'bandnakumari', 'balkhelly2015', 'i522094810', 'cyrilraj', 'qq1135341294', 'partia', 'hanl', 'owensmith530', 'sharidya24', 'hj19940726', 'sudheer1994', 'rberg77', 'ssosa4651', 'pranavambhore', 'faith', 'abhish', 'srrt1zy', 'anyakasyanova', 'ouhun0301', 'lancer', 'alexbelikovi4', 'dh7423', 'puneet16104', 'yandongluo', 'namarathe']",2,"[None, 't01020079623']",159,"['hosama92', 'pavelkor', 'robin13151', 'nehadalal1994', 'skjanibabu786', 'kelbert', 'azizian', 'arsalan_alam', 'eddie.yao1', 'arashdeep15007', 't01020079623', 'fareq_aleq', 'rosshidi.hezrimi.taharim', 'chaewonkim', 'dongjin225', 'zy421214917', 'pragyan16102', 'peggyjiang369', 'mitchberger106', 'aarondfranklin', 'magickid09', 'fitz.jack', 'genizo', 'charliedm', 'sujay.garlanka', 'kmv10', 'saloabraham', 'kepler', 'diljyot13132', 'memelord123', 'soccerpain', 'mokshada16096', 'saurav14160', 'kcantley', 'balkhelly2017', 'bogestvod', 'nastypet656', 'james.partridge', 'elaine_9372', 'yogesh13171', 'apurba13128', 'jpsant2006', 'chintan7', 'strigunova.nastya', 'tyleryam', 'kvv4', 'aleksandrzapaev', 'nabilahmsy94', 'shreyan_16112', '15kochk', 'd.c.yborde', 'eriis1024', 'amartamistri2997', 'apurba59', 'gchenfc', 'aghajavad', 'kit.hui.796', 'jollyreal', 'saptak16110', 'firehawk785', 'ihussain899', 'kannankt', 'leesj0828', 'sadiq16107', 'masroor13137', 'kenkoch4', 'rladbswjd218', 'sl91', 'hassan_khan007', 'robin14155', 'elainewang', 'lixin1405', 'ektlak1', 'harshilgarg51', 'emcox66', 'fmancillas', 'andrea.cupertino', 'shellyg11', 'gianply90', 'swati16116', 'davidebisio', 'zaheedkamaal459', 'elin6243', 'zhuangyuan160005', 'emcox', 'williamxiong11', 'seemaly16111', 'shreyasingh', 'nikolai_sm1996', 'riley.nisbet', 'saiyedrasol', 'sasaspider84', 'mhjin91', 'guntaas69', 'shuhuang92', 'roxas0014', 'rushdi86', 'ginapi', 'arjun16087', 'dhruvkpatel', 'darintsev', 'ws_pang1993', 'sajal16108', 'asthaashigupta', 'artur.balanuta', 'naijiao_zhang', 'andonghuang1991', '0.yao.yuan', 'molekula2033', 'baldeosharansharma', 'bingran92', 'samsmith', 'ehdquddnjs', 'anwesh13127', 'nhs0410', 'epharis', 'shivam13158', 'sudheer_ucla', 'farheen13133', 'simranjeet13162', 'jasterlg1', 'student123', 'jxt_wang', 'nana_aida92', 'ameuser', 'kianying428', 'lancetty', 'stefani1703', 'ryanpond21', 'ezatyrazali', 'bandnakumari', 'balkhelly2015', 'i522094810', 'cyrilraj', 'qq1135341294', 'partia', 'hanl', 'owensmith530', 'chocko12367', 'sharidya24', 'ljs9402', 'hj19940726', 'sudheer1994', 'rberg77', 'dbswjd218', None, 'ssosa4651', 'pranavambhore', 'faith', 'abhish', 'srrt1zy', 'anyakasyanova', 'ouhun0301', 'lancer', 'alexbelikovi4', 'dh7423', 'puneet16104', 'yandongluo', 'namarathe']"
1,181,157,7,5,"['pavelkor', 'anyakasyanova', 'molekula2033', 'darintsev', 'kepler']",152,"['hosama92', 'robin13151', 'nehadalal1994', 'skjanibabu786', 'kelbert', 'azizian', 'arsalan_alam', 'eddie.yao1', 'arashdeep15007', 'fareq_aleq', 'rosshidi.hezrimi.taharim', 'chaewonkim', 'dongjin225', 'zy421214917', 'pragyan16102', 'peggyjiang369', 'mitchberger106', 'aarondfranklin', 'magickid09', 'fitz.jack', 'genizo', 'charliedm', 'sujay.garlanka', 'kmv10', 'saloabraham', 'diljyot13132', 'memelord123', 'soccerpain', 'mokshada16096', 'saurav14160', 'kcantley', 'balkhelly2017', 'bogestvod', 'nastypet656', 'james.partridge', 'elaine_9372', 'yogesh13171', 'apurba13128', 'jpsant2006', 'chintan7', 'strigunova.nastya', 'tyleryam', 'kvv4', 'aleksandrzapaev', 'nabilahmsy94', 'shreyan_16112', '15kochk', 'd.c.yborde', 'eriis1024', 'amartamistri2997', 'apurba59', 'gchenfc', 'aghajavad', 'kit.hui.796', 'jollyreal', 'saptak16110', 'firehawk785', 'ihussain899', 'kannankt', 'leesj0828', 'sadiq16107', 'masroor13137', 'kenkoch4', 'rladbswjd218', 'sl91', 'hassan_khan007', 'robin14155', 'elainewang', 'lixin1405', 'ektlak1', 'harshilgarg51', 'emcox66', 'fmancillas', 'andrea.cupertino', 'shellyg11', 'gianply90', 'swati16116', 'davidebisio', 'zaheedkamaal459', 'elin6243', 'zhuangyuan160005', 'emcox', 'williamxiong11', 'seemaly16111', 'shreyasingh', 'nikolai_sm1996', 'riley.nisbet', 'saiyedrasol', 'sasaspider84', 'mhjin91', 'guntaas69', 'shuhuang92', 'roxas0014', 'rushdi86', 'ginapi', 'arjun16087', 'dhruvkpatel', 'ws_pang1993', 'sajal16108', 'asthaashigupta', 'artur.balanuta', 'naijiao_zhang', 'andonghuang1991', '0.yao.yuan', 'baldeosharansharma', 'bingran92', 'samsmith', 'ehdquddnjs', 'anwesh13127', 'nhs0410', 'epharis', 'shivam13158', 'sudheer_ucla', 'farheen13133', 'simranjeet13162', 'jasterlg1', 'student123', 'jxt_wang', 'nana_aida92', 'ameuser', 'kianying428', 'lancetty', 'stefani1703', 'ryanpond21', 'ezatyrazali', 'bandnakumari', 'balkhelly2015', 'i522094810', 'cyrilraj', 'qq1135341294', 'partia', 'hanl', 'owensmith530', 'chocko12367', 'sharidya24', 'ljs9402', 'hj19940726', 'sudheer1994', 'rberg77', 'dbswjd218', 'ssosa4651', 'pranavambhore', 'faith', 'abhish', 'srrt1zy', 'ouhun0301', 'lancer', 'alexbelikovi4', 'dh7423', 'puneet16104', 'yandongluo', 'namarathe']",2,"['fmpk_john', None]",159,"['hosama92', 'pavelkor', 'robin13151', 'nehadalal1994', 'skjanibabu786', 'kelbert', 'azizian', 'arsalan_alam', 'eddie.yao1', 'arashdeep15007', 'fareq_aleq', 'rosshidi.hezrimi.taharim', 'chaewonkim', 'dongjin225', 'zy421214917', 'pragyan16102', 'peggyjiang369', 'mitchberger106', 'aarondfranklin', 'magickid09', 'fitz.jack', 'genizo', 'charliedm', 'sujay.garlanka', 'kmv10', 'saloabraham', 'kepler', 'diljyot13132', 'memelord123', 'soccerpain', 'mokshada16096', 'saurav14160', 'fmpk_john', 'kcantley', 'balkhelly2017', 'bogestvod', 'nastypet656', 'james.partridge', 'elaine_9372', 'yogesh13171', 'apurba13128', 'jpsant2006', 'chintan7', 'strigunova.nastya', 'tyleryam', 'kvv4', 'aleksandrzapaev', 'nabilahmsy94', 'shreyan_16112', '15kochk', 'd.c.yborde', 'eriis1024', 'amartamistri2997', 'apurba59', 'gchenfc', 'aghajavad', 'kit.hui.796', 'jollyreal', 'saptak16110', 'firehawk785', 'ihussain899', 'kannankt', 'leesj0828', 'sadiq16107', 'masroor13137', 'kenkoch4', 'rladbswjd218', 'sl91', 'hassan_khan007', 'robin14155', 'elainewang', 'lixin1405', 'ektlak1', 'harshilgarg51', 'emcox66', 'fmancillas', 'andrea.cupertino', 'shellyg11', 'gianply90', 'swati16116', 'davidebisio', 'zaheedkamaal459', 'elin6243', 'zhuangyuan160005', 'emcox', 'williamxiong11', 'seemaly16111', 'shreyasingh', 'nikolai_sm1996', 'riley.nisbet', 'saiyedrasol', 'sasaspider84', 'mhjin91', 'guntaas69', 'shuhuang92', 'roxas0014', 'rushdi86', 'ginapi', 'arjun16087', 'dhruvkpatel', 'darintsev', 'ws_pang1993', 'sajal16108', 'asthaashigupta', 'artur.balanuta', 'naijiao_zhang', 'andonghuang1991', '0.yao.yuan', 'molekula2033', 'baldeosharansharma', 'bingran92', 'samsmith', 'ehdquddnjs', 'anwesh13127', 'nhs0410', 'epharis', 'shivam13158', 'sudheer_ucla', 'farheen13133', 'simranjeet13162', 'jasterlg1', 'student123', 'jxt_wang', 'nana_aida92', 'ameuser', 'kianying428', 'lancetty', 'stefani1703', 'ryanpond21', 'ezatyrazali', 'bandnakumari', 'balkhelly2015', 'i522094810', 'cyrilraj', 'qq1135341294', 'partia', 'hanl', 'owensmith530', 'chocko12367', 'sharidya24', 'ljs9402', 'hj19940726', 'sudheer1994', 'rberg77', 'dbswjd218', None, 'ssosa4651', 'pranavambhore', 'faith', 'abhish', 'srrt1zy', 'anyakasyanova', 'ouhun0301', 'lancer', 'alexbelikovi4', 'dh7423', 'puneet16104', 'yandongluo', 'namarathe']"
2,103,123,80,69,"['yzhong22', 'jjmaher2', 'tsong', 'sbumbles96', 'kzkz0124', 'eswu2', 'ghe6', 'ltsmith2', 'sloneil21994', 'sdhanak1', 'jjacksn', 'zizheng', 'smpatel8', 'bionicleyuji', 'echoma', 'jacob.dutler', 'zwu27', 'jeroach2', 'qcrawfo2', 'cmander4', 'jhmead2', 'krupins2', 'brianwzx11', 'slohman2', 'tongtongshen16', 'maggana2', 'aladd2', 'alanwu3', 'yuqiuwu2', 'hzhao44', 'amogharavi1', 'prhogan2', 'mclawso2', 'kryan36', 'hmajith2', 'toriyam2', 'trskwsk2', 'monjim', 'statar2', 'ablee2', 'tracit2', 'thiruve2', 'jhbaker3', 'dzhang37', 'hummerwjl', 'jedrals2', 'goszkow2', 'cjbeck2', 'pross4', 'kjnnngs2', 'crickettay13', 'mockjustin', 'dfrosen2', 'yqin13', 'fiszbei2', 'bmcnich2', 'krithikp', 'rzhang80', 'nkim74', 'arovgno', 'hanxiao4', 'aln', 'caelinmuir111', 'mstanfo2', 'dcschmi2', 'eli9', 'reningr2', 'zafar3', 'vkhanna3']",53,"['kraniakm', 'dshann', 'zacklew', 'ehsi', 'happyme', 'kioupakis', 'alyciaan', 'lerandc', 'awaples', 'ahaack', 'aadiwi', 'yikim2008', 'nehabid', 'davidef23', 'aadhityana', 'jtrich', 'jbrenke', 'ctutien', 'wchen94', 'peterandreasson', 'vanesw', 'jsslowik', 'daglis', 'samuelyi', 'hartreefock123', 'jedforst', 'samharsh', 'cjhumphr', 'kpgreenm', 'vagarkar', 'andydlee', 'everlm7586', 'dmancelli', 'apodnar', 'humleah', 'taylar1', 'charmoo', 'asiis', 'coopjgc97', 'slee503', 'gqwetha', 'tanvig', 'karpov.petr', 'rushilbakhshi', 'saifulbr', 'asiamata', 'ragehhussein123', 'scapor', 'omardahbali', 'haqi', 'jimmohan', 'gqwethancube', 'djgallag']",11,"['shen276', 'akononov', 'dgao5', 'wtroth2', 'yifanyao', 'cfmuir2', 'akim102', 'zlong4', 'namiki2', 'zzhan134', None]",133,"['dshann', 'ehsi', 'sdhanak1', 'echoma', 'alyciaan', 'awaples', 'zwu27', 'aadhityana', 'jtrich', 'akononov', 'alanwu3', 'yuqiuwu2', 'wchen94', 'hartreefock123', 'monjim', 'trskwsk2', 'tracit2', 'hummerwjl', 'taylar1', 'charmoo', 'pross4', 'zzhan134', 'dfrosen2', 'yqin13', 'krithikp', 'ragehhussein123', 'mstanfo2', 'caelinmuir111', 'omardahbali', 'eli9', 'namiki2', 'zafar3', 'kraniakm', 'sbumbles96', 'ltsmith2', 'zizheng', 'kioupakis', 'lerandc', 'ahaack', 'yikim2008', 'davidef23', 'krupins2', 'slohman2', 'jbrenke', 'vanesw', 'prhogan2', 'daglis', 'mclawso2', 'samuelyi', 'jedforst', 'samharsh', 'statar2', 'everlm7586', 'jhbaker3', 'wtroth2', 'humleah', 'kjnnngs2', 'gqwetha', 'rushilbakhshi', 'fiszbei2', 'cfmuir2', 'arovgno', 'hanxiao4', 'scapor', 'jimmohan', 'dgao5', 'jjmaher2', 'tsong', 'kzkz0124', 'eswu2', 'sloneil21994', 'jjacksn', 'happyme', 'smpatel8', 'nehabid', 'tongtongshen16', 'brianwzx11', 'maggana2', 'hzhao44', 'ctutien', 'hmajith2', 'ablee2', 'vagarkar', 'andydlee', 'thiruve2', 'cjbeck2', 'asiis', 'coopjgc97', 'akim102', 'tanvig', 'rzhang80', 'zlong4', 'aln', 'dzhang37', 'gqwethancube', 'yzhong22', 'zacklew', 'ghe6', 'jacob.dutler', 'jeroach2', 'aadiwi', 'qcrawfo2', 'cmander4', 'jhmead2', 'aladd2', 'amogharavi1', 'peterandreasson', 'kryan36', 'jsslowik', 'cjhumphr', 'toriyam2', 'kpgreenm', 'shen276', 'dmancelli', 'jedrals2', 'goszkow2', 'apodnar', 'slee503', 'crickettay13', 'vkhanna3', None, 'mockjustin', 'karpov.petr', 'bmcnich2', 'asiamata', 'saifulbr', 'yifanyao', 'nkim74', 'dcschmi2', 'haqi', 'reningr2', 'bionicleyuji', 'djgallag']"
2,21,123,61,55,"['yzhong22', 'jjmaher2', 'tsong', 'kzkz0124', 'sbumbles96', 'ghe6', 'ltsmith2', 'sloneil21994', 'smpatel8', 'echoma', 'zafar3', 'jacob.dutler', 'zwu27', 'jeroach2', 'qcrawfo2', 'jhmead2', 'brianwzx11', 'maggana2', 'aladd2', 'alanwu3', 'amogharavi1', 'yuqiuwu2', 'hzhao44', 'wchen94', 'prhogan2', 'kryan36', 'mclawso2', 'hmajith2', 'trskwsk2', 'statar2', 'ablee2', 'thiruve2', 'tracit2', 'jhbaker3', 'jedrals2', 'goszkow2', 'cjbeck2', 'pross4', 'kjnnngs2', 'crickettay13', 'dfrosen2', 'yqin13', 'fiszbei2', 'bmcnich2', 'rzhang80', 'krithikp', 'nkim74', 'arovgno', 'aln', 'dcschmi2', 'caelinmuir111', 'eli9', 'reningr2', 'bionicleyuji', 'cmander4']",67,"['kraniakm', 'dshann', 'eswu2', 'zacklew', 'djgallag', 'ehsi', 'sdhanak1', 'jjacksn', 'zizheng', 'happyme', 'kioupakis', 'alyciaan', 'lerandc', 'awaples', 'ahaack', 'aadiwi', 'yikim2008', 'nehabid', 'davidef23', 'krupins2', 'aadhityana', 'jtrich', 'tongtongshen16', 'slohman2', 'jbrenke', 'ctutien', 'peterandreasson', 'vanesw', 'jsslowik', 'daglis', 'samuelyi', 'hartreefock123', 'jedforst', 'samharsh', 'monjim', 'cjhumphr', 'toriyam2', 'vagarkar', 'andydlee', 'everlm7586', 'kpgreenm', 'dmancelli', 'hummerwjl', 'apodnar', 'humleah', 'taylar1', 'charmoo', 'asiis', 'coopjgc97', 'slee503', 'gqwetha', 'mockjustin', 'tanvig', 'karpov.petr', 'rushilbakhshi', 'saifulbr', 'asiamata', 'ragehhussein123', 'hanxiao4', 'mstanfo2', 'scapor', 'omardahbali', 'haqi', 'dzhang37', 'jimmohan', 'gqwethancube', 'vkhanna3']",6,"['akononov', 'yifanyao', 'namiki2', 'zzhan134', None, 'ajfrank3']",128,"['dshann', 'ehsi', 'sdhanak1', 'echoma', 'alyciaan', 'awaples', 'zwu27', 'aadhityana', 'jtrich', 'akononov', 'alanwu3', 'yuqiuwu2', 'wchen94', 'hartreefock123', 'monjim', 'trskwsk2', 'tracit2', 'hummerwjl', 'taylar1', 'charmoo', 'pross4', 'zzhan134', 'dfrosen2', 'yqin13', 'krithikp', 'ragehhussein123', 'mstanfo2', 'caelinmuir111', 'omardahbali', 'eli9', 'namiki2', 'zafar3', 'kraniakm', 'sbumbles96', 'ltsmith2', 'zizheng', 'kioupakis', 'lerandc', 'ahaack', 'yikim2008', 'davidef23', 'krupins2', 'slohman2', 'jbrenke', 'vanesw', 'prhogan2', 'daglis', 'mclawso2', 'samuelyi', 'jedforst', 'samharsh', 'statar2', 'everlm7586', 'jhbaker3', 'humleah', 'kjnnngs2', 'gqwetha', 'rushilbakhshi', 'fiszbei2', 'arovgno', 'hanxiao4', 'scapor', 'jimmohan', 'ajfrank3', 'jjmaher2', 'tsong', 'kzkz0124', 'eswu2', 'sloneil21994', 'jjacksn', 'happyme', 'smpatel8', 'nehabid', 'tongtongshen16', 'brianwzx11', 'maggana2', 'hzhao44', 'ctutien', 'hmajith2', 'ablee2', 'vagarkar', 'andydlee', 'thiruve2', 'cjbeck2', 'asiis', 'coopjgc97', 'tanvig', 'rzhang80', 'aln', 'dzhang37', 'gqwethancube', 'yzhong22', 'zacklew', 'ghe6', 'jacob.dutler', 'jeroach2', 'aadiwi', 'qcrawfo2', 'cmander4', 'jhmead2', 'aladd2', 'amogharavi1', 'peterandreasson', 'kryan36', 'jsslowik', 'cjhumphr', 'toriyam2', 'kpgreenm', 'dmancelli', 'jedrals2', 'goszkow2', 'apodnar', 'slee503', 'crickettay13', 'vkhanna3', None, 'mockjustin', 'karpov.petr', 'bmcnich2', 'asiamata', 'saifulbr', 'yifanyao', 'nkim74', 'dcschmi2', 'haqi', 'reningr2', 'bionicleyuji', 'djgallag']"
2,104,123,41,40,"['kraniakm', 'dshann', 'zacklew', 'ehsi', 'happyme', 'kioupakis', 'alyciaan', 'lerandc', 'awaples', 'ahaack', 'aadiwi', 'nehabid', 'davidef23', 'jtrich', 'jbrenke', 'peterandreasson', 'jsslowik', 'daglis', 'cjhumphr', 'jedforst', 'samharsh', 'kpgreenm', 'andydlee', 'apodnar', 'humleah', 'asiis', 'charmoo', 'coopjgc97', 'taylar1', 'gqwetha', 'tanvig', 'rushilbakhshi', 'saifulbr', 'asiamata', 'haqi', 'omardahbali', 'scapor', 'jimmohan', 'gqwethancube', 'djgallag']",82,"['sdhanak1', 'echoma', 'zwu27', 'aadhityana', 'alanwu3', 'yuqiuwu2', 'wchen94', 'hartreefock123', 'trskwsk2', 'monjim', 'tracit2', 'hummerwjl', 'pross4', 'dfrosen2', 'yqin13', 'krithikp', 'ragehhussein123', 'mstanfo2', 'caelinmuir111', 'eli9', 'zafar3', 'sbumbles96', 'ltsmith2', 'zizheng', 'yikim2008', 'krupins2', 'slohman2', 'vanesw', 'prhogan2', 'mclawso2', 'samuelyi', 'statar2', 'everlm7586', 'jhbaker3', 'kjnnngs2', 'fiszbei2', 'arovgno', 'hanxiao4', 'jjmaher2', 'tsong', 'kzkz0124', 'eswu2', 'sloneil21994', 'jjacksn', 'smpatel8', 'tongtongshen16', 'brianwzx11', 'maggana2', 'hzhao44', 'ctutien', 'hmajith2', 'ablee2', 'vagarkar', 'thiruve2', 'cjbeck2', 'rzhang80', 'aln', 'dzhang37', 'yzhong22', 'ghe6', 'jacob.dutler', 'jeroach2', 'qcrawfo2', 'cmander4', 'jhmead2', 'aladd2', 'amogharavi1', 'kryan36', 'toriyam2', 'dmancelli', 'jedrals2', 'goszkow2', 'slee503', 'crickettay13', 'mockjustin', 'karpov.petr', 'bmcnich2', 'nkim74', 'dcschmi2', 'reningr2', 'bionicleyuji', 'vkhanna3']",1,[None],123,"['dshann', 'ehsi', 'sdhanak1', 'echoma', 'alyciaan', 'awaples', 'zwu27', 'aadhityana', 'jtrich', 'alanwu3', 'yuqiuwu2', 'wchen94', 'hartreefock123', 'monjim', 'trskwsk2', 'tracit2', 'hummerwjl', 'taylar1', 'charmoo', 'pross4', 'dfrosen2', 'yqin13', 'krithikp', 'ragehhussein123', 'mstanfo2', 'caelinmuir111', 'omardahbali', 'eli9', 'zafar3', 'kraniakm', 'sbumbles96', 'ltsmith2', 'zizheng', 'kioupakis', 'lerandc', 'ahaack', 'yikim2008', 'davidef23', 'krupins2', 'slohman2', 'jbrenke', 'vanesw', 'prhogan2', 'daglis', 'mclawso2', 'samuelyi', 'jedforst', 'samharsh', 'statar2', 'everlm7586', 'jhbaker3', 'humleah', 'kjnnngs2', 'gqwetha', 'rushilbakhshi', 'fiszbei2', 'arovgno', 'hanxiao4', 'scapor', 'jimmohan', 'jjmaher2', 'tsong', 'kzkz0124', 'eswu2', 'sloneil21994', 'jjacksn', 'happyme', 'smpatel8', 'nehabid', 'tongtongshen16', 'brianwzx11', 'maggana2', 'hzhao44', 'ctutien', 'hmajith2', 'ablee2', 'vagarkar', 'andydlee', 'thiruve2', 'cjbeck2', 'asiis', 'coopjgc97', 'tanvig', 'rzhang80', 'aln', 'dzhang37', 'gqwethancube', 'yzhong22', 'zacklew', 'ghe6', 'jacob.dutler', 'jeroach2', 'aadiwi', 'qcrawfo2', 'cmander4', 'jhmead2', 'aladd2', 'amogharavi1', 'peterandreasson', 'kryan36', 'jsslowik', 'cjhumphr', 'toriyam2', 'kpgreenm', 'dmancelli', 'jedrals2', 'goszkow2', 'apodnar', 'slee503', 'crickettay13', 'vkhanna3', None, 'mockjustin', 'karpov.petr', 'bmcnich2', 'asiamata', 'saifulbr', 'nkim74', 'dcschmi2', 'haqi', 'reningr2', 'bionicleyuji', 'djgallag']"
2,225,123,16,11,"['yqin13', 'krupins2', 'jjmaher2', 'tsong', 'bmcnich2', 'ghe6', 'cjbeck2', 'hzhao44', 'amogharavi1', 'caelinmuir111', 'ablee2']",111,"['dshann', 'kzkz0124', 'eswu2', 'ehsi', 'sloneil21994', 'sdhanak1', 'jjacksn', 'happyme', 'smpatel8', 'echoma', 'alyciaan', 'awaples', 'zwu27', 'nehabid', 'aadhityana', 'jtrich', 'tongtongshen16', 'brianwzx11', 'maggana2', 'alanwu3', 'yuqiuwu2', 'ctutien', 'wchen94', 'hartreefock123', 'hmajith2', 'monjim', 'trskwsk2', 'vagarkar', 'tracit2', 'andydlee', 'thiruve2', 'hummerwjl', 'taylar1', 'charmoo', 'pross4', 'asiis', 'coopjgc97', 'tanvig', 'dfrosen2', 'krithikp', 'rzhang80', 'ragehhussein123', 'aln', 'mstanfo2', 'omardahbali', 'eli9', 'dzhang37', 'zafar3', 'gqwethancube', 'yzhong22', 'kraniakm', 'sbumbles96', 'zacklew', 'ltsmith2', 'djgallag', 'zizheng', 'kioupakis', 'lerandc', 'jacob.dutler', 'ahaack', 'jeroach2', 'yikim2008', 'aadiwi', 'qcrawfo2', 'davidef23', 'jhmead2', 'slohman2', 'jbrenke', 'aladd2', 'peterandreasson', 'vanesw', 'prhogan2', 'daglis', 'mclawso2', 'samuelyi', 'jedforst', 'samharsh', 'kryan36', 'statar2', 'jsslowik', 'cjhumphr', 'toriyam2', 'everlm7586', 'jhbaker3', 'kpgreenm', 'dmancelli', 'jedrals2', 'goszkow2', 'apodnar', 'humleah', 'kjnnngs2', 'slee503', 'crickettay13', 'gqwetha', 'vkhanna3', 'mockjustin', 'karpov.petr', 'rushilbakhshi', 'fiszbei2', 'asiamata', 'saifulbr', 'nkim74', 'arovgno', 'hanxiao4', 'dcschmi2', 'scapor', 'haqi', 'reningr2', 'jimmohan', 'bionicleyuji', 'cmander4']",5,"['dgao5', 'akononov', 'cfmuir2', 'namiki2', None]",127,"['dgao5', 'jjmaher2', 'tsong', 'dshann', 'kzkz0124', 'eswu2', 'ehsi', 'sloneil21994', 'sdhanak1', 'jjacksn', 'happyme', 'smpatel8', 'echoma', 'alyciaan', 'awaples', 'zwu27', 'nehabid', 'aadhityana', 'jtrich', 'tongtongshen16', 'brianwzx11', 'akononov', 'maggana2', 'alanwu3', 'yuqiuwu2', 'hzhao44', 'ctutien', 'wchen94', 'hartreefock123', 'hmajith2', 'monjim', 'trskwsk2', 'ablee2', 'vagarkar', 'tracit2', 'andydlee', 'thiruve2', 'hummerwjl', 'cjbeck2', 'taylar1', 'charmoo', 'pross4', 'asiis', 'coopjgc97', 'tanvig', 'dfrosen2', 'yqin13', 'krithikp', 'rzhang80', 'ragehhussein123', 'aln', 'mstanfo2', 'caelinmuir111', 'omardahbali', 'eli9', 'dzhang37', 'namiki2', 'zafar3', 'gqwethancube', 'yzhong22', 'kraniakm', 'sbumbles96', 'zacklew', 'ghe6', 'ltsmith2', 'djgallag', 'zizheng', 'kioupakis', 'lerandc', 'jacob.dutler', 'ahaack', 'jeroach2', 'yikim2008', 'aadiwi', 'qcrawfo2', 'davidef23', 'krupins2', 'jhmead2', 'slohman2', 'jbrenke', 'aladd2', 'amogharavi1', 'peterandreasson', 'vanesw', 'prhogan2', 'daglis', 'mclawso2', 'samuelyi', 'jedforst', 'samharsh', 'kryan36', 'statar2', 'jsslowik', 'cjhumphr', 'toriyam2', 'everlm7586', 'jhbaker3', 'kpgreenm', 'dmancelli', 'jedrals2', 'goszkow2', 'apodnar', 'humleah', 'kjnnngs2', 'slee503', 'crickettay13', 'gqwetha', 'vkhanna3', None, 'mockjustin', 'karpov.petr', 'rushilbakhshi', 'fiszbei2', 'bmcnich2', 'asiamata', 'saifulbr', 'cfmuir2', 'nkim74', 'arovgno', 'hanxiao4', 'dcschmi2', 'scapor', 'haqi', 'reningr2', 'jimmohan', 'bionicleyuji', 'cmander4']"
2,105,123,8,1,['vanesw'],121,"['jjmaher2', 'tsong', 'dshann', 'kzkz0124', 'eswu2', 'ehsi', 'sloneil21994', 'sdhanak1', 'jjacksn', 'happyme', 'smpatel8', 'echoma', 'alyciaan', 'awaples', 'zwu27', 'nehabid', 'aadhityana', 'jtrich', 'tongtongshen16', 'brianwzx11', 'maggana2', 'alanwu3', 'yuqiuwu2', 'hzhao44', 'ctutien', 'wchen94', 'hartreefock123', 'hmajith2', 'monjim', 'trskwsk2', 'ablee2', 'vagarkar', 'tracit2', 'andydlee', 'thiruve2', 'hummerwjl', 'cjbeck2', 'taylar1', 'charmoo', 'pross4', 'asiis', 'coopjgc97', 'tanvig', 'dfrosen2', 'yqin13', 'krithikp', 'rzhang80', 'ragehhussein123', 'aln', 'mstanfo2', 'caelinmuir111', 'omardahbali', 'eli9', 'dzhang37', 'zafar3', 'gqwethancube', 'yzhong22', 'kraniakm', 'sbumbles96', 'zacklew', 'ghe6', 'ltsmith2', 'djgallag', 'zizheng', 'kioupakis', 'lerandc', 'jacob.dutler', 'ahaack', 'jeroach2', 'yikim2008', 'aadiwi', 'qcrawfo2', 'davidef23', 'krupins2', 'jhmead2', 'slohman2', 'jbrenke', 'aladd2', 'amogharavi1', 'peterandreasson', 'prhogan2', 'daglis', 'mclawso2', 'samuelyi', 'jedforst', 'samharsh', 'kryan36', 'statar2', 'jsslowik', 'cjhumphr', 'toriyam2', 'everlm7586', 'jhbaker3', 'kpgreenm', 'dmancelli', 'jedrals2', 'goszkow2', 'apodnar', 'humleah', 'kjnnngs2', 'slee503', 'crickettay13', 'gqwetha', 'vkhanna3', 'mockjustin', 'karpov.petr', 'rushilbakhshi', 'fiszbei2', 'bmcnich2', 'asiamata', 'saifulbr', 'nkim74', 'arovgno', 'hanxiao4', 'dcschmi2', 'scapor', 'haqi', 'reningr2', 'jimmohan', 'bionicleyuji', 'cmander4']",7,"['nimalec', 'zev.of.naxos', 'tgokey', 'jesi', 'alexhallpass', 'nadelstein', None]",129,"['nimalec', 'jjmaher2', 'tsong', 'dshann', 'kzkz0124', 'eswu2', 'ehsi', 'sloneil21994', 'sdhanak1', 'jjacksn', 'happyme', 'smpatel8', 'echoma', 'alyciaan', 'awaples', 'zwu27', 'nehabid', 'aadhityana', 'jtrich', 'tongtongshen16', 'brianwzx11', 'maggana2', 'alanwu3', 'yuqiuwu2', 'hzhao44', 'ctutien', 'wchen94', 'nadelstein', 'hartreefock123', 'hmajith2', 'monjim', 'trskwsk2', 'ablee2', 'vagarkar', 'tracit2', 'andydlee', 'thiruve2', 'hummerwjl', 'jesi', 'cjbeck2', 'taylar1', 'charmoo', 'pross4', 'asiis', 'coopjgc97', 'tanvig', 'dfrosen2', 'yqin13', 'krithikp', 'rzhang80', 'ragehhussein123', 'alexhallpass', 'aln', 'mstanfo2', 'caelinmuir111', 'omardahbali', 'eli9', 'dzhang37', 'zafar3', 'gqwethancube', 'yzhong22', 'kraniakm', 'sbumbles96', 'zacklew', 'ghe6', 'ltsmith2', 'djgallag', 'zizheng', 'kioupakis', 'lerandc', 'jacob.dutler', 'ahaack', 'jeroach2', 'yikim2008', 'aadiwi', 'qcrawfo2', 'davidef23', 'krupins2', 'jhmead2', 'slohman2', 'jbrenke', 'aladd2', 'amogharavi1', 'peterandreasson', 'vanesw', 'prhogan2', 'daglis', 'mclawso2', 'samuelyi', 'jedforst', 'samharsh', 'kryan36', 'statar2', 'jsslowik', 'cjhumphr', 'toriyam2', 'everlm7586', 'jhbaker3', 'kpgreenm', 'dmancelli', 'jedrals2', 'goszkow2', 'apodnar', 'zev.of.naxos', 'humleah', 'kjnnngs2', 'slee503', 'crickettay13', 'gqwetha', 'vkhanna3', None, 'mockjustin', 'karpov.petr', 'rushilbakhshi', 'fiszbei2', 'bmcnich2', 'asiamata', 'saifulbr', 'tgokey', 'nkim74', 'arovgno', 'hanxiao4', 'dcschmi2', 'scapor', 'haqi', 'reningr2', 'jimmohan', 'bionicleyuji', 'cmander4']"
2,102,123,6,1,['vanesw'],121,"['jjmaher2', 'tsong', 'dshann', 'kzkz0124', 'eswu2', 'ehsi', 'sloneil21994', 'sdhanak1', 'jjacksn', 'happyme', 'smpatel8', 'echoma', 'alyciaan', 'awaples', 'zwu27', 'nehabid', 'aadhityana', 'jtrich', 'tongtongshen16', 'brianwzx11', 'maggana2', 'alanwu3', 'yuqiuwu2', 'hzhao44', 'ctutien', 'wchen94', 'hartreefock123', 'hmajith2', 'monjim', 'trskwsk2', 'ablee2', 'vagarkar', 'tracit2', 'andydlee', 'thiruve2', 'hummerwjl', 'cjbeck2', 'taylar1', 'charmoo', 'pross4', 'asiis', 'coopjgc97', 'tanvig', 'dfrosen2', 'yqin13', 'krithikp', 'rzhang80', 'ragehhussein123', 'aln', 'mstanfo2', 'caelinmuir111', 'omardahbali', 'eli9', 'dzhang37', 'zafar3', 'gqwethancube', 'yzhong22', 'kraniakm', 'sbumbles96', 'zacklew', 'ghe6', 'ltsmith2', 'djgallag', 'zizheng', 'kioupakis', 'lerandc', 'jacob.dutler', 'ahaack', 'jeroach2', 'yikim2008', 'aadiwi', 'qcrawfo2', 'davidef23', 'krupins2', 'jhmead2', 'slohman2', 'jbrenke', 'aladd2', 'amogharavi1', 'peterandreasson', 'prhogan2', 'daglis', 'mclawso2', 'samuelyi', 'jedforst', 'samharsh', 'kryan36', 'statar2', 'jsslowik', 'cjhumphr', 'toriyam2', 'everlm7586', 'jhbaker3', 'kpgreenm', 'dmancelli', 'jedrals2', 'goszkow2', 'apodnar', 'humleah', 'kjnnngs2', 'slee503', 'crickettay13', 'gqwetha', 'vkhanna3', 'mockjustin', 'karpov.petr', 'rushilbakhshi', 'fiszbei2', 'bmcnich2', 'asiamata', 'saifulbr', 'nkim74', 'arovgno', 'hanxiao4', 'dcschmi2', 'scapor', 'haqi', 'reningr2', 'jimmohan', 'bionicleyuji', 'cmander4']",5,"['kylejray', 'jesi', 'alexhallpass', 'grieder', None]",127,"['jjmaher2', 'tsong', 'dshann', 'kzkz0124', 'eswu2', 'ehsi', 'sloneil21994', 'grieder', 'sdhanak1', 'jjacksn', 'happyme', 'smpatel8', 'echoma', 'alyciaan', 'awaples', 'zwu27', 'nehabid', 'aadhityana', 'jtrich', 'tongtongshen16', 'brianwzx11', 'maggana2', 'alanwu3', 'yuqiuwu2', 'hzhao44', 'ctutien', 'wchen94', 'hartreefock123', 'hmajith2', 'monjim', 'trskwsk2', 'ablee2', 'vagarkar', 'tracit2', 'andydlee', 'thiruve2', 'hummerwjl', 'jesi', 'cjbeck2', 'taylar1', 'charmoo', 'pross4', 'asiis', 'coopjgc97', 'tanvig', 'dfrosen2', 'yqin13', 'kylejray', 'krithikp', 'rzhang80', 'ragehhussein123', 'alexhallpass', 'aln', 'mstanfo2', 'caelinmuir111', 'omardahbali', 'eli9', 'dzhang37', 'zafar3', 'gqwethancube', 'yzhong22', 'kraniakm', 'sbumbles96', 'zacklew', 'ghe6', 'ltsmith2', 'djgallag', 'zizheng', 'kioupakis', 'lerandc', 'jacob.dutler', 'ahaack', 'jeroach2', 'yikim2008', 'aadiwi', 'qcrawfo2', 'davidef23', 'krupins2', 'jhmead2', 'slohman2', 'jbrenke', 'aladd2', 'amogharavi1', 'peterandreasson', 'vanesw', 'prhogan2', 'daglis', 'mclawso2', 'samuelyi', 'jedforst', 'samharsh', 'kryan36', 'statar2', 'jsslowik', 'cjhumphr', 'toriyam2', 'everlm7586', 'jhbaker3', 'kpgreenm', 'dmancelli', 'jedrals2', 'goszkow2', 'apodnar', 'humleah', 'kjnnngs2', 'slee503', 'crickettay13', 'gqwetha', 'vkhanna3', None, 'mockjustin', 'karpov.petr', 'rushilbakhshi', 'fiszbei2', 'bmcnich2', 'asiamata', 'saifulbr', 'nkim74', 'arovgno', 'hanxiao4', 'dcschmi2', 'scapor', 'haqi', 'reningr2', 'jimmohan', 'bionicleyuji', 'cmander4']"
3,251,123,46,43,"['vasus', 'kebshiu', 'simonren', 'lewis.cooper2392', 'aleen.vdmeer', 'abenezerabayneh', 'guokyle19920714', 'ar923', 'berdao.09', 'jeffliou64', '673097290uj', 'shahzoorsafdar', 'wyk218', 'georgejoshua94', 'nikhil.prakash1995', 'svejgaard', 'crab.apples00', 'daniel.li9479', 'susanhe', 'speverel', 'ah.simpson', 'dingqing', 'hrenkers', 'carlieolfert', 'vietlinh', 'mattsmail', 'jacklas', 'jabciph', 'alextegjeu93', 'jeevansamra', 'yszou1994', 'briannguyen992', 'raymondzhou227', 'jarh238', 'pawan315', 'francoisolivier15', 'rowanskye', 'alchammatg', 'kto', 'hejunxian', 'atoews01', 'kaanertan1907', 'qazihamid94']",79,"['as340014', 'tommy.garcia01', 'raaleman', 'axsalomon', 'jesus_aguirre2000', 'mimipacheco2', 'crowleymichaelw', 'kakaxitu', 'jblopez2', 'johnnyjazzhandz', 'luisdmngz09', 'jaas', 'racheldown11', 'diegoc', 'alvin.scli', 'arobles15', 'kevin4fet', 'captainarch', 'rd343996', 'brj24', 'tbroski', 'cvaldiviezo', 'ankitamk', 'covarrubiasjaz05', 'alisheikh487', 'diaza808', 'knitwearbear', 'dmarcaurele18', 'iesalais', 'gm1088', 'mhamza06', 'inkbrush23', 'anastasia.soeriyadi', 'vpalreddy36', 'lrtessler', 'pikachc', 'flaviusvasile.pop', 'fredboeuf', 'photonic973', 'vatanks', 'lfgarcia43', 'rkstory', 'music20011', 'bkennedy7979', 'edroz_3', 'mclinden_t', 'lfvaldespino1', 'nr343892', 'maviolante', 'zanaskam', 'stefanolarentis', 'isamary27', 'daniel.renovasosa', 'tinevradaniel', 'jtjohnson', 'alam1', 'moyischavez', 'jonr296', 'bianca2713', 'paul84uk', 'pjr93', 'albert00rf', 'eddavil2', 'zl338740', 'dphilly38', 'nanoshakhawat', 'guitar_vic_95', 'ajtelles', 'mnichols', 'richardc87', 'branoc1', 'carloslopezcueto1', 'hannahrahim', 'mcalascione31', 'jmun22', 'pwang75', 'shahramroj', 'cooperdreyfus', 'pablo.melendez519']",3,"['rubinder', 'cmarti', None]",125,"['as340014', 'tommy.garcia01', 'ar923', 'raaleman', 'axsalomon', 'jesus_aguirre2000', 'mimipacheco2', 'wyk218', 'crowleymichaelw', 'jblopez2', 'kakaxitu', 'johnnyjazzhandz', 'georgejoshua94', 'luisdmngz09', 'susanhe', 'speverel', 'jaas', 'racheldown11', 'carlieolfert', 'diegoc', 'alvin.scli', 'arobles15', 'kevin4fet', 'captainarch', 'rd343996', 'brj24', 'jarh238', 'francoisolivier15', 'kto', 'kaanertan1907', 'qazihamid94', 'tbroski', 'cvaldiviezo', 'ankitamk', 'covarrubiasjaz05', 'alisheikh487', 'aleen.vdmeer', 'abenezerabayneh', 'diaza808', 'jeffliou64', 'knitwearbear', 'shahzoorsafdar', 'dmarcaurele18', 'iesalais', 'crab.apples00', 'daniel.li9479', 'gm1088', 'mhamza06', 'inkbrush23', 'anastasia.soeriyadi', 'vpalreddy36', 'lrtessler', 'vietlinh', 'pikachc', 'mattsmail', 'jacklas', 'jabciph', 'flaviusvasile.pop', 'fredboeuf', 'photonic973', 'briannguyen992', 'raymondzhou227', 'pawan315', 'alchammatg', 'hejunxian', 'vatanks', 'atoews01', 'lfgarcia43', 'rkstory', 'music20011', 'bkennedy7979', 'edroz_3', 'mclinden_t', 'lfvaldespino1', 'nr343892', 'maviolante', '673097290uj', 'zanaskam', 'stefanolarentis', 'isamary27', 'daniel.renovasosa', 'tinevradaniel', 'jtjohnson', 'alextegjeu93', 'rubinder', 'alam1', 'moyischavez', 'jonr296', 'cmarti', 'bianca2713', 'paul84uk', 'pjr93', 'albert00rf', 'eddavil2', 'vasus', 'kebshiu', 'zl338740', 'simonren', 'dphilly38', 'lewis.cooper2392', 'nanoshakhawat', 'guitar_vic_95', 'guokyle19920714', 'berdao.09', 'ajtelles', 'mnichols', 'svejgaard', 'nikhil.prakash1995', 'richardc87', 'branoc1', 'carloslopezcueto1', 'ah.simpson', 'dingqing', 'hrenkers', 'hannahrahim', 'mcalascione31', 'jeevansamra', 'yszou1994', 'jmun22', None, 'pwang75', 'shahramroj', 'rowanskye', 'cooperdreyfus', 'pablo.melendez519']"
3,254,123,40,1,['mhamza06'],121,"['as340014', 'tommy.garcia01', 'raaleman', 'ar923', 'axsalomon', 'jesus_aguirre2000', 'mimipacheco2', 'wyk218', 'crowleymichaelw', 'jblopez2', 'kakaxitu', 'johnnyjazzhandz', 'georgejoshua94', 'luisdmngz09', 'speverel', 'susanhe', 'jaas', 'racheldown11', 'carlieolfert', 'diegoc', 'alvin.scli', 'arobles15', 'kevin4fet', 'captainarch', 'rd343996', 'brj24', 'jarh238', 'francoisolivier15', 'kto', 'kaanertan1907', 'qazihamid94', 'tbroski', 'cvaldiviezo', 'ankitamk', 'covarrubiasjaz05', 'alisheikh487', 'aleen.vdmeer', 'abenezerabayneh', 'diaza808', 'jeffliou64', 'knitwearbear', 'shahzoorsafdar', 'dmarcaurele18', 'iesalais', 'crab.apples00', 'daniel.li9479', 'gm1088', 'inkbrush23', 'anastasia.soeriyadi', 'vpalreddy36', 'lrtessler', 'vietlinh', 'pikachc', 'mattsmail', 'jacklas', 'jabciph', 'flaviusvasile.pop', 'fredboeuf', 'photonic973', 'briannguyen992', 'raymondzhou227', 'pawan315', 'alchammatg', 'hejunxian', 'vatanks', 'atoews01', 'lfgarcia43', 'rkstory', 'music20011', 'bkennedy7979', 'edroz_3', 'mclinden_t', 'lfvaldespino1', 'nr343892', 'maviolante', '673097290uj', 'zanaskam', 'stefanolarentis', 'isamary27', 'daniel.renovasosa', 'tinevradaniel', 'jtjohnson', 'alextegjeu93', 'alam1', 'moyischavez', 'jonr296', 'bianca2713', 'paul84uk', 'pjr93', 'albert00rf', 'eddavil2', 'vasus', 'kebshiu', 'zl338740', 'simonren', 'dphilly38', 'lewis.cooper2392', 'nanoshakhawat', 'guitar_vic_95', 'guokyle19920714', 'berdao.09', 'ajtelles', 'mnichols', 'svejgaard', 'nikhil.prakash1995', 'richardc87', 'branoc1', 'carloslopezcueto1', 'ah.simpson', 'dingqing', 'hrenkers', 'hannahrahim', 'mcalascione31', 'jeevansamra', 'yszou1994', 'jmun22', 'pwang75', 'shahramroj', 'rowanskye', 'cooperdreyfus', 'pablo.melendez519']",39,"['ameemuddin19995', 'bismasherwanis', 'ramsha008', 'yasaal.nasir786', 'fatinnaz008', 'anamzahid05', 'hamza3127', 'basimahsan55', 'zainn12', 'uroojnaveed32', 'abdulsamad.official', 'sundusriaz946', 'farahhaque22', 'm.kashif2806', 'm.wajahatqureshi', 'alirazzaque', 'asadusmani974', 'hamzakhan8871', 'barkatullahmughal', 'sherry.siddiqui47', 'muneebhassan.hassan55', 'alisha123sal', 'alihdr20', 'jehangir91', 'waseembaig10', 'shahrukhalamkhan21', 'huzaifasalim12', None, 'aqsafaarah', 'aqsashamim', 'yusra.sajid69', 'maryam.baig108', 'shahryar.ned', 'manzoor.hyder', 'engr.abdulhannan7', 'photography.saaz', 'talhaejaz21', 'aamir.anwar', 'a.wadood06']",161,"['as340014', 'ramsha008', 'tommy.garcia01', 'zainn12', 'ar923', 'raaleman', 'axsalomon', 'jesus_aguirre2000', 'mimipacheco2', 'wyk218', 'crowleymichaelw', 'jblopez2', 'kakaxitu', 'johnnyjazzhandz', 'georgejoshua94', 'luisdmngz09', 'susanhe', 'speverel', 'jaas', 'racheldown11', 'carlieolfert', 'diegoc', 'alvin.scli', 'arobles15', 'huzaifasalim12', 'kevin4fet', 'captainarch', 'rd343996', 'brj24', 'jarh238', 'francoisolivier15', 'kto', 'kaanertan1907', 'qazihamid94', 'tbroski', 'cvaldiviezo', 'ankitamk', 'covarrubiasjaz05', 'alisheikh487', 'uroojnaveed32', 'aleen.vdmeer', 'abenezerabayneh', 'diaza808', 'jeffliou64', 'knitwearbear', 'shahzoorsafdar', 'dmarcaurele18', 'iesalais', 'alirazzaque', 'crab.apples00', 'daniel.li9479', 'gm1088', 'mhamza06', 'inkbrush23', 'anastasia.soeriyadi', 'vpalreddy36', 'lrtessler', 'vietlinh', 'pikachc', 'mattsmail', 'jacklas', 'jabciph', 'alihdr20', 'flaviusvasile.pop', 'jehangir91', 'waseembaig10', 'fredboeuf', 'photonic973', 'briannguyen992', 'raymondzhou227', 'pawan315', 'alchammatg', 'shahryar.ned', 'hejunxian', 'manzoor.hyder', 'vatanks', 'atoews01', 'engr.abdulhannan7', 'lfgarcia43', 'talhaejaz21', 'rkstory', 'a.wadood06', 'music20011', 'bkennedy7979', 'edroz_3', 'anamzahid05', 'mclinden_t', 'hamza3127', 'lfvaldespino1', 'nr343892', 'abdulsamad.official', 'm.kashif2806', 'maviolante', '673097290uj', 'm.wajahatqureshi', 'zanaskam', 'stefanolarentis', 'isamary27', 'daniel.renovasosa', 'tinevradaniel', 'sherry.siddiqui47', 'muneebhassan.hassan55', 'jtjohnson', 'alisha123sal', 'alextegjeu93', 'alam1', 'moyischavez', 'jonr296', 'bianca2713', 'paul84uk', 'yusra.sajid69', 'pjr93', 'albert00rf', 'eddavil2', 'aamir.anwar', 'bismasherwanis', 'ameemuddin19995', 'vasus', 'kebshiu', 'zl338740', 'simonren', 'yasaal.nasir786', 'dphilly38', 'lewis.cooper2392', 'fatinnaz008', 'nanoshakhawat', 'guitar_vic_95', 'basimahsan55', 'guokyle19920714', 'sundusriaz946', 'berdao.09', 'farahhaque22', 'ajtelles', 'mnichols', 'svejgaard', 'nikhil.prakash1995', 'asadusmani974', 'richardc87', 'branoc1', 'hamzakhan8871', 'carloslopezcueto1', 'barkatullahmughal', 'ah.simpson', 'dingqing', 'hrenkers', 'hannahrahim', 'mcalascione31', 'jeevansamra', 'shahrukhalamkhan21', 'yszou1994', 'jmun22', None, 'pwang75', 'aqsafaarah', 'shahramroj', 'aqsashamim', 'rowanskye', 'cooperdreyfus', 'maryam.baig108', 'pablo.melendez519', 'photography.saaz']"
3,250,123,34,26,"['covarrubiasjaz05', 'tommy.garcia01', 'guitar_vic_95', 'lfvaldespino1', 'raaleman', 'diaza808', 'maviolante', 'mimipacheco2', 'axsalomon', 'jesus_aguirre2000', 'knitwearbear', 'jblopez2', 'ajtelles', 'isamary27', 'inkbrush23', 'carloslopezcueto1', 'luisdmngz09', 'tinevradaniel', 'jtjohnson', 'arobles15', 'captainarch', 'moyischavez', 'vatanks', 'lfgarcia43', 'eddavil2', 'cvaldiviezo']",96,"['as340014', 'ar923', 'wyk218', 'crowleymichaelw', 'kakaxitu', 'johnnyjazzhandz', 'georgejoshua94', 'speverel', 'susanhe', 'jaas', 'racheldown11', 'carlieolfert', 'diegoc', 'alvin.scli', 'kevin4fet', 'rd343996', 'brj24', 'jarh238', 'francoisolivier15', 'kto', 'kaanertan1907', 'qazihamid94', 'tbroski', 'ankitamk', 'alisheikh487', 'aleen.vdmeer', 'abenezerabayneh', 'jeffliou64', 'shahzoorsafdar', 'dmarcaurele18', 'iesalais', 'crab.apples00', 'daniel.li9479', 'gm1088', 'mhamza06', 'anastasia.soeriyadi', 'vpalreddy36', 'lrtessler', 'vietlinh', 'pikachc', 'mattsmail', 'jacklas', 'jabciph', 'flaviusvasile.pop', 'fredboeuf', 'photonic973', 'briannguyen992', 'raymondzhou227', 'pawan315', 'alchammatg', 'hejunxian', 'atoews01', 'rkstory', 'music20011', 'bkennedy7979', 'edroz_3', 'mclinden_t', 'nr343892', '673097290uj', 'zanaskam', 'stefanolarentis', 'daniel.renovasosa', 'alextegjeu93', 'alam1', 'jonr296', 'bianca2713', 'paul84uk', 'pjr93', 'albert00rf', 'vasus', 'kebshiu', 'zl338740', 'simonren', 'dphilly38', 'lewis.cooper2392', 'nanoshakhawat', 'guokyle19920714', 'berdao.09', 'mnichols', 'svejgaard', 'nikhil.prakash1995', 'richardc87', 'branoc1', 'ah.simpson', 'dingqing', 'hrenkers', 'hannahrahim', 'mcalascione31', 'jeevansamra', 'yszou1994', 'jmun22', 'pwang75', 'shahramroj', 'rowanskye', 'cooperdreyfus', 'pablo.melendez519']",8,"['rook2ace', 'cevalenzuela3', 'lnoah95', 'sacardenas3', 'chenriquez', 'aaguirre28', 'kassandra.rodriguez2014', None]",130,"['as340014', 'tommy.garcia01', 'ar923', 'raaleman', 'axsalomon', 'jesus_aguirre2000', 'mimipacheco2', 'wyk218', 'crowleymichaelw', 'jblopez2', 'kakaxitu', 'johnnyjazzhandz', 'georgejoshua94', 'luisdmngz09', 'susanhe', 'speverel', 'jaas', 'racheldown11', 'carlieolfert', 'diegoc', 'alvin.scli', 'arobles15', 'kevin4fet', 'captainarch', 'rd343996', 'brj24', 'jarh238', 'francoisolivier15', 'kto', 'lnoah95', 'kaanertan1907', 'qazihamid94', 'tbroski', 'cvaldiviezo', 'ankitamk', 'covarrubiasjaz05', 'alisheikh487', 'aleen.vdmeer', 'abenezerabayneh', 'diaza808', 'jeffliou64', 'knitwearbear', 'shahzoorsafdar', 'dmarcaurele18', 'iesalais', 'crab.apples00', 'daniel.li9479', 'gm1088', 'mhamza06', 'inkbrush23', 'sacardenas3', 'anastasia.soeriyadi', 'vpalreddy36', 'lrtessler', 'rook2ace', 'vietlinh', 'pikachc', 'mattsmail', 'jacklas', 'jabciph', 'flaviusvasile.pop', 'fredboeuf', 'photonic973', 'briannguyen992', 'raymondzhou227', 'pawan315', 'alchammatg', 'hejunxian', 'vatanks', 'atoews01', 'lfgarcia43', 'aaguirre28', 'rkstory', 'music20011', 'bkennedy7979', 'edroz_3', 'mclinden_t', 'lfvaldespino1', 'nr343892', 'maviolante', '673097290uj', 'zanaskam', 'stefanolarentis', 'isamary27', 'daniel.renovasosa', 'tinevradaniel', 'jtjohnson', 'alextegjeu93', 'alam1', 'moyischavez', 'jonr296', 'bianca2713', 'paul84uk', 'pjr93', 'albert00rf', 'eddavil2', 'chenriquez', 'vasus', 'kebshiu', 'zl338740', 'simonren', 'dphilly38', 'lewis.cooper2392', 'nanoshakhawat', 'guitar_vic_95', 'guokyle19920714', 'berdao.09', 'cevalenzuela3', 'ajtelles', 'mnichols', 'svejgaard', 'nikhil.prakash1995', 'richardc87', 'branoc1', 'carloslopezcueto1', 'kassandra.rodriguez2014', 'ah.simpson', 'dingqing', 'hrenkers', 'hannahrahim', 'mcalascione31', 'jeevansamra', 'yszou1994', 'jmun22', None, 'pwang75', 'shahramroj', 'rowanskye', 'cooperdreyfus', 'pablo.melendez519']"
3,256,123,34,2,"['alisheikh487', 'hannahrahim']",120,"['as340014', 'tommy.garcia01', 'raaleman', 'ar923', 'axsalomon', 'jesus_aguirre2000', 'mimipacheco2', 'wyk218', 'crowleymichaelw', 'jblopez2', 'kakaxitu', 'johnnyjazzhandz', 'georgejoshua94', 'luisdmngz09', 'speverel', 'susanhe', 'jaas', 'racheldown11', 'carlieolfert', 'diegoc', 'alvin.scli', 'arobles15', 'kevin4fet', 'captainarch', 'rd343996', 'brj24', 'jarh238', 'francoisolivier15', 'kto', 'kaanertan1907', 'qazihamid94', 'tbroski', 'cvaldiviezo', 'ankitamk', 'covarrubiasjaz05', 'aleen.vdmeer', 'abenezerabayneh', 'diaza808', 'jeffliou64', 'knitwearbear', 'shahzoorsafdar', 'dmarcaurele18', 'iesalais', 'crab.apples00', 'daniel.li9479', 'gm1088', 'mhamza06', 'inkbrush23', 'anastasia.soeriyadi', 'vpalreddy36', 'lrtessler', 'vietlinh', 'pikachc', 'mattsmail', 'jacklas', 'jabciph', 'flaviusvasile.pop', 'fredboeuf', 'photonic973', 'briannguyen992', 'raymondzhou227', 'pawan315', 'alchammatg', 'hejunxian', 'vatanks', 'atoews01', 'lfgarcia43', 'rkstory', 'music20011', 'bkennedy7979', 'edroz_3', 'mclinden_t', 'lfvaldespino1', 'nr343892', 'maviolante', '673097290uj', 'zanaskam', 'stefanolarentis', 'isamary27', 'daniel.renovasosa', 'tinevradaniel', 'jtjohnson', 'alextegjeu93', 'alam1', 'moyischavez', 'jonr296', 'bianca2713', 'paul84uk', 'pjr93', 'albert00rf', 'eddavil2', 'vasus', 'kebshiu', 'zl338740', 'simonren', 'dphilly38', 'lewis.cooper2392', 'nanoshakhawat', 'guitar_vic_95', 'guokyle19920714', 'berdao.09', 'ajtelles', 'mnichols', 'svejgaard', 'nikhil.prakash1995', 'richardc87', 'branoc1', 'carloslopezcueto1', 'ah.simpson', 'dingqing', 'hrenkers', 'mcalascione31', 'jeevansamra', 'yszou1994', 'jmun22', 'pwang75', 'shahramroj', 'rowanskye', 'cooperdreyfus', 'pablo.melendez519']",32,"['bismasherwanis', 'bilalshoukat78601', 'yasaal.nasir786', 'anamzahid05', 'uroojnaveed32', 'sundusriaz946', 'abdulsamad.official', 'm.wajahatqureshi', 'mhamzakhan009', 'alirazzaque', 'hamzakhan8871', 'maryammunib676', 'm.adeen232', 'sherry.siddiqui47', 'muneebhassan.hassan55', 'syed80913', 'irfanalishaikh405', 'talhaahmad123', 'areeha6', 'mubashrah', 'shahrukhalamkhan21', 'huzaifasalim12', None, 'aroosaazam25', 'aqsafaarah', 'sabrinajawad95', 'aqsashamim', 'yusra.sajid69', 'engr.abdulhannan7', 'affankhan9191', 'talhaejaz21', 'a.wadood06']",154,"['as340014', 'tommy.garcia01', 'ar923', 'raaleman', 'axsalomon', 'jesus_aguirre2000', 'mimipacheco2', 'wyk218', 'crowleymichaelw', 'jblopez2', 'kakaxitu', 'johnnyjazzhandz', 'georgejoshua94', 'luisdmngz09', 'susanhe', 'speverel', 'jaas', 'racheldown11', 'carlieolfert', 'syed80913', 'diegoc', 'alvin.scli', 'arobles15', 'huzaifasalim12', 'kevin4fet', 'captainarch', 'rd343996', 'sabrinajawad95', 'brj24', 'jarh238', 'francoisolivier15', 'kto', 'kaanertan1907', 'qazihamid94', 'tbroski', 'cvaldiviezo', 'ankitamk', 'covarrubiasjaz05', 'bilalshoukat78601', 'alisheikh487', 'uroojnaveed32', 'aleen.vdmeer', 'abenezerabayneh', 'diaza808', 'jeffliou64', 'knitwearbear', 'shahzoorsafdar', 'dmarcaurele18', 'iesalais', 'alirazzaque', 'crab.apples00', 'daniel.li9479', 'gm1088', 'mhamza06', 'inkbrush23', 'maryammunib676', 'm.adeen232', 'anastasia.soeriyadi', 'vpalreddy36', 'lrtessler', 'irfanalishaikh405', 'vietlinh', 'pikachc', 'mattsmail', 'jacklas', 'jabciph', 'flaviusvasile.pop', 'fredboeuf', 'photonic973', 'briannguyen992', 'aroosaazam25', 'raymondzhou227', 'pawan315', 'alchammatg', 'hejunxian', 'vatanks', 'atoews01', 'engr.abdulhannan7', 'lfgarcia43', 'talhaejaz21', 'rkstory', 'a.wadood06', 'music20011', 'bkennedy7979', 'edroz_3', 'anamzahid05', 'mclinden_t', 'lfvaldespino1', 'nr343892', 'abdulsamad.official', 'maviolante', '673097290uj', 'm.wajahatqureshi', 'mhamzakhan009', 'zanaskam', 'stefanolarentis', 'isamary27', 'daniel.renovasosa', 'tinevradaniel', 'sherry.siddiqui47', 'muneebhassan.hassan55', 'jtjohnson', 'talhaahmad123', 'areeha6', 'alextegjeu93', 'mubashrah', 'alam1', 'moyischavez', 'jonr296', 'bianca2713', 'paul84uk', 'yusra.sajid69', 'pjr93', 'albert00rf', 'eddavil2', 'bismasherwanis', 'vasus', 'kebshiu', 'zl338740', 'simonren', 'yasaal.nasir786', 'dphilly38', 'lewis.cooper2392', 'nanoshakhawat', 'guitar_vic_95', 'guokyle19920714', 'sundusriaz946', 'berdao.09', 'ajtelles', 'mnichols', 'svejgaard', 'nikhil.prakash1995', 'richardc87', 'branoc1', 'hamzakhan8871', 'carloslopezcueto1', 'ah.simpson', 'dingqing', 'hrenkers', 'hannahrahim', 'mcalascione31', 'jeevansamra', 'shahrukhalamkhan21', 'yszou1994', 'jmun22', None, 'pwang75', 'aqsafaarah', 'shahramroj', 'aqsashamim', 'rowanskye', 'cooperdreyfus', 'pablo.melendez519', 'affankhan9191']"
3,249,123,22,19,"['as340014', 'zl338740', 'bkennedy7979', 'edroz_3', 'dphilly38', 'mclinden_t', 'nr343892', 'crowleymichaelw', 'dmarcaurele18', 'johnnyjazzhandz', 'mnichols', 'vpalreddy36', 'racheldown11', 'mcalascione31', 'jmun22', 'rd343996', 'jonr296', 'cooperdreyfus', 'tbroski']",103,"['music20011', 'tommy.garcia01', 'lfvaldespino1', 'ar923', 'raaleman', 'axsalomon', 'jesus_aguirre2000', 'mimipacheco2', 'wyk218', 'jblopez2', 'kakaxitu', 'maviolante', '673097290uj', 'georgejoshua94', 'zanaskam', 'stefanolarentis', 'isamary27', 'luisdmngz09', 'daniel.renovasosa', 'susanhe', 'speverel', 'jaas', 'tinevradaniel', 'carlieolfert', 'jtjohnson', 'diegoc', 'alvin.scli', 'arobles15', 'alextegjeu93', 'kevin4fet', 'captainarch', 'alam1', 'brj24', 'moyischavez', 'jarh238', 'francoisolivier15', 'bianca2713', 'paul84uk', 'kto', 'pjr93', 'albert00rf', 'kaanertan1907', 'qazihamid94', 'cvaldiviezo', 'eddavil2', 'ankitamk', 'covarrubiasjaz05', 'vasus', 'kebshiu', 'simonren', 'lewis.cooper2392', 'nanoshakhawat', 'alisheikh487', 'guitar_vic_95', 'aleen.vdmeer', 'abenezerabayneh', 'guokyle19920714', 'diaza808', 'berdao.09', 'jeffliou64', 'knitwearbear', 'shahzoorsafdar', 'iesalais', 'ajtelles', 'crab.apples00', 'svejgaard', 'nikhil.prakash1995', 'daniel.li9479', 'richardc87', 'gm1088', 'branoc1', 'mhamza06', 'inkbrush23', 'carloslopezcueto1', 'anastasia.soeriyadi', 'lrtessler', 'ah.simpson', 'dingqing', 'hrenkers', 'vietlinh', 'pikachc', 'mattsmail', 'jacklas', 'jabciph', 'hannahrahim', 'flaviusvasile.pop', 'jeevansamra', 'yszou1994', 'fredboeuf', 'photonic973', 'briannguyen992', 'pwang75', 'shahramroj', 'raymondzhou227', 'pawan315', 'rowanskye', 'alchammatg', 'pablo.melendez519', 'hejunxian', 'vatanks', 'atoews01', 'lfgarcia43', 'rkstory']",3,"[None, 'adamshick25', 'jsincer0']",125,"['as340014', 'music20011', 'adamshick25', 'bkennedy7979', 'edroz_3', 'mclinden_t', 'tommy.garcia01', 'lfvaldespino1', 'ar923', 'raaleman', 'nr343892', 'axsalomon', 'jesus_aguirre2000', 'mimipacheco2', 'wyk218', 'crowleymichaelw', 'jblopez2', 'kakaxitu', 'maviolante', '673097290uj', 'johnnyjazzhandz', 'georgejoshua94', 'zanaskam', 'stefanolarentis', 'isamary27', 'luisdmngz09', 'daniel.renovasosa', 'susanhe', 'speverel', 'jaas', 'tinevradaniel', 'racheldown11', 'carlieolfert', 'jtjohnson', 'diegoc', 'alvin.scli', 'arobles15', 'alextegjeu93', 'kevin4fet', 'captainarch', 'rd343996', 'alam1', 'brj24', 'moyischavez', 'jarh238', 'jonr296', 'francoisolivier15', 'bianca2713', 'paul84uk', 'kto', 'pjr93', 'albert00rf', 'kaanertan1907', 'qazihamid94', 'tbroski', 'cvaldiviezo', 'eddavil2', 'ankitamk', 'covarrubiasjaz05', 'vasus', 'kebshiu', 'zl338740', 'simonren', 'dphilly38', 'lewis.cooper2392', 'nanoshakhawat', 'alisheikh487', 'guitar_vic_95', 'aleen.vdmeer', 'abenezerabayneh', 'guokyle19920714', 'jsincer0', 'diaza808', 'berdao.09', 'jeffliou64', 'knitwearbear', 'shahzoorsafdar', 'dmarcaurele18', 'iesalais', 'ajtelles', 'mnichols', 'crab.apples00', 'svejgaard', 'nikhil.prakash1995', 'daniel.li9479', 'richardc87', 'gm1088', 'branoc1', 'mhamza06', 'inkbrush23', 'carloslopezcueto1', 'anastasia.soeriyadi', 'vpalreddy36', 'lrtessler', 'ah.simpson', 'dingqing', 'hrenkers', 'vietlinh', 'pikachc', 'mattsmail', 'jacklas', 'jabciph', 'hannahrahim', 'mcalascione31', 'flaviusvasile.pop', 'jeevansamra', 'yszou1994', 'fredboeuf', 'jmun22', 'photonic973', 'briannguyen992', None, 'pwang75', 'shahramroj', 'raymondzhou227', 'pawan315', 'rowanskye', 'cooperdreyfus', 'alchammatg', 'pablo.melendez519', 'hejunxian', 'vatanks', 'atoews01', 'lfgarcia43', 'rkstory']"
3,112,123,20,1,['alisheikh487'],121,"['as340014', 'music20011', 'bkennedy7979', 'edroz_3', 'mclinden_t', 'tommy.garcia01', 'lfvaldespino1', 'ar923', 'raaleman', 'nr343892', 'axsalomon', 'jesus_aguirre2000', 'mimipacheco2', 'wyk218', 'crowleymichaelw', 'jblopez2', 'kakaxitu', 'maviolante', '673097290uj', 'johnnyjazzhandz', 'georgejoshua94', 'zanaskam', 'stefanolarentis', 'isamary27', 'luisdmngz09', 'daniel.renovasosa', 'susanhe', 'speverel', 'jaas', 'tinevradaniel', 'racheldown11', 'carlieolfert', 'jtjohnson', 'diegoc', 'alvin.scli', 'arobles15', 'alextegjeu93', 'kevin4fet', 'captainarch', 'rd343996', 'alam1', 'brj24', 'moyischavez', 'jarh238', 'jonr296', 'francoisolivier15', 'bianca2713', 'paul84uk', 'kto', 'pjr93', 'albert00rf', 'kaanertan1907', 'qazihamid94', 'tbroski', 'cvaldiviezo', 'eddavil2', 'ankitamk', 'covarrubiasjaz05', 'vasus', 'kebshiu', 'zl338740', 'simonren', 'dphilly38', 'lewis.cooper2392', 'nanoshakhawat', 'guitar_vic_95', 'aleen.vdmeer', 'abenezerabayneh', 'guokyle19920714', 'diaza808', 'berdao.09', 'jeffliou64', 'knitwearbear', 'shahzoorsafdar', 'dmarcaurele18', 'iesalais', 'ajtelles', 'mnichols', 'crab.apples00', 'svejgaard', 'nikhil.prakash1995', 'daniel.li9479', 'richardc87', 'gm1088', 'branoc1', 'mhamza06', 'inkbrush23', 'carloslopezcueto1', 'anastasia.soeriyadi', 'vpalreddy36', 'lrtessler', 'ah.simpson', 'dingqing', 'hrenkers', 'vietlinh', 'pikachc', 'mattsmail', 'jacklas', 'jabciph', 'hannahrahim', 'mcalascione31', 'flaviusvasile.pop', 'jeevansamra', 'yszou1994', 'fredboeuf', 'jmun22', 'photonic973', 'briannguyen992', 'pwang75', 'shahramroj', 'raymondzhou227', 'pawan315', 'rowanskye', 'cooperdreyfus', 'alchammatg', 'pablo.melendez519', 'hejunxian', 'vatanks', 'atoews01', 'lfgarcia43', 'rkstory']",19,"['ramsha008', 'yasaal.nasir786', 'anamzahid05', 'm.wajahatqureshi', 'alirazzaque', 'hamzakhan8871', 'm.adeen232', 'asad.k695', 'barkatullahmughal', 'jehangir91', 'waseembaig10', None, 'aroosaazam25', 'aqsafaarah', 'shahryar.ned', 'photography.saaz', 'affankhan9191', 'talhaejaz21', 'bismasherwanis']",141,"['as340014', 'music20011', 'ramsha008', 'bkennedy7979', 'edroz_3', 'anamzahid05', 'mclinden_t', 'tommy.garcia01', 'lfvaldespino1', 'ar923', 'raaleman', 'nr343892', 'axsalomon', 'jesus_aguirre2000', 'mimipacheco2', 'wyk218', 'crowleymichaelw', 'jblopez2', 'kakaxitu', 'maviolante', '673097290uj', 'johnnyjazzhandz', 'georgejoshua94', 'zanaskam', 'm.wajahatqureshi', 'stefanolarentis', 'isamary27', 'luisdmngz09', 'daniel.renovasosa', 'susanhe', 'speverel', 'jaas', 'asad.k695', 'tinevradaniel', 'racheldown11', 'carlieolfert', 'jtjohnson', 'diegoc', 'alvin.scli', 'arobles15', 'alextegjeu93', 'kevin4fet', 'captainarch', 'rd343996', 'alam1', 'brj24', 'moyischavez', 'jarh238', 'jonr296', 'francoisolivier15', 'bianca2713', 'paul84uk', 'kto', 'pjr93', 'albert00rf', 'kaanertan1907', 'qazihamid94', 'tbroski', 'cvaldiviezo', 'eddavil2', 'bismasherwanis', 'ankitamk', 'covarrubiasjaz05', 'vasus', 'kebshiu', 'zl338740', 'simonren', 'yasaal.nasir786', 'dphilly38', 'lewis.cooper2392', 'nanoshakhawat', 'alisheikh487', 'guitar_vic_95', 'aleen.vdmeer', 'abenezerabayneh', 'guokyle19920714', 'diaza808', 'berdao.09', 'jeffliou64', 'knitwearbear', 'shahzoorsafdar', 'dmarcaurele18', 'iesalais', 'ajtelles', 'mnichols', 'crab.apples00', 'svejgaard', 'nikhil.prakash1995', 'daniel.li9479', 'alirazzaque', 'richardc87', 'gm1088', 'branoc1', 'mhamza06', 'inkbrush23', 'carloslopezcueto1', 'hamzakhan8871', 'm.adeen232', 'anastasia.soeriyadi', 'barkatullahmughal', 'vpalreddy36', 'lrtessler', 'ah.simpson', 'dingqing', 'hrenkers', 'vietlinh', 'pikachc', 'mattsmail', 'jacklas', 'jabciph', 'hannahrahim', 'mcalascione31', 'flaviusvasile.pop', 'jeevansamra', 'jehangir91', 'yszou1994', 'waseembaig10', 'fredboeuf', 'jmun22', 'photonic973', 'briannguyen992', None, 'aroosaazam25', 'pwang75', 'aqsafaarah', 'shahramroj', 'raymondzhou227', 'pawan315', 'rowanskye', 'cooperdreyfus', 'alchammatg', 'pablo.melendez519', 'shahryar.ned', 'hejunxian', 'vatanks', 'atoews01', 'photography.saaz', 'affankhan9191', 'talhaejaz21', 'lfgarcia43', 'rkstory']"
3,252,123,20,2,"['alisheikh487', 'hannahrahim']",120,"['as340014', 'music20011', 'bkennedy7979', 'edroz_3', 'mclinden_t', 'tommy.garcia01', 'lfvaldespino1', 'ar923', 'raaleman', 'nr343892', 'axsalomon', 'jesus_aguirre2000', 'mimipacheco2', 'wyk218', 'crowleymichaelw', 'jblopez2', 'kakaxitu', 'maviolante', '673097290uj', 'johnnyjazzhandz', 'georgejoshua94', 'zanaskam', 'stefanolarentis', 'isamary27', 'luisdmngz09', 'daniel.renovasosa', 'susanhe', 'speverel', 'jaas', 'tinevradaniel', 'racheldown11', 'carlieolfert', 'jtjohnson', 'diegoc', 'alvin.scli', 'arobles15', 'alextegjeu93', 'kevin4fet', 'captainarch', 'rd343996', 'alam1', 'brj24', 'moyischavez', 'jarh238', 'jonr296', 'francoisolivier15', 'bianca2713', 'paul84uk', 'kto', 'pjr93', 'albert00rf', 'kaanertan1907', 'qazihamid94', 'tbroski', 'cvaldiviezo', 'eddavil2', 'ankitamk', 'covarrubiasjaz05', 'vasus', 'kebshiu', 'zl338740', 'simonren', 'dphilly38', 'lewis.cooper2392', 'nanoshakhawat', 'guitar_vic_95', 'aleen.vdmeer', 'abenezerabayneh', 'guokyle19920714', 'diaza808', 'berdao.09', 'jeffliou64', 'knitwearbear', 'shahzoorsafdar', 'dmarcaurele18', 'iesalais', 'ajtelles', 'mnichols', 'crab.apples00', 'svejgaard', 'nikhil.prakash1995', 'daniel.li9479', 'richardc87', 'gm1088', 'branoc1', 'mhamza06', 'inkbrush23', 'carloslopezcueto1', 'anastasia.soeriyadi', 'vpalreddy36', 'lrtessler', 'ah.simpson', 'dingqing', 'hrenkers', 'vietlinh', 'pikachc', 'mattsmail', 'jacklas', 'jabciph', 'mcalascione31', 'flaviusvasile.pop', 'jeevansamra', 'yszou1994', 'fredboeuf', 'jmun22', 'photonic973', 'briannguyen992', 'pwang75', 'shahramroj', 'raymondzhou227', 'pawan315', 'rowanskye', 'cooperdreyfus', 'alchammatg', 'pablo.melendez519', 'hejunxian', 'vatanks', 'atoews01', 'lfgarcia43', 'rkstory']",18,"['sherry.siddiqui47', 'shumailaahmed2014', 'siddiquihumza1996', 'anamzahid05', None, 'areeha6', 'maryam.baig108', 'asadusmani974', 'maheenmazharkhan', 'hamza3127', 'waseembaig10', 'basimahsan55', 'shahryar.ned', 'hadiah18', 'maryammunib676', 'photography.saaz', 'sundusriaz946', 'aroosaazam25']",140,"['as340014', 'music20011', 'bkennedy7979', 'edroz_3', 'anamzahid05', 'mclinden_t', 'tommy.garcia01', 'hamza3127', 'lfvaldespino1', 'ar923', 'raaleman', 'nr343892', 'axsalomon', 'jesus_aguirre2000', 'mimipacheco2', 'wyk218', 'crowleymichaelw', 'jblopez2', 'kakaxitu', 'maviolante', '673097290uj', 'johnnyjazzhandz', 'georgejoshua94', 'zanaskam', 'stefanolarentis', 'isamary27', 'luisdmngz09', 'daniel.renovasosa', 'susanhe', 'speverel', 'jaas', 'tinevradaniel', 'sherry.siddiqui47', 'racheldown11', 'carlieolfert', 'jtjohnson', 'diegoc', 'alvin.scli', 'arobles15', 'alextegjeu93', 'areeha6', 'kevin4fet', 'captainarch', 'rd343996', 'alam1', 'brj24', 'moyischavez', 'jarh238', 'jonr296', 'francoisolivier15', 'bianca2713', 'paul84uk', 'siddiquihumza1996', 'kto', 'pjr93', 'albert00rf', 'kaanertan1907', 'qazihamid94', 'tbroski', 'cvaldiviezo', 'eddavil2', 'ankitamk', 'covarrubiasjaz05', 'vasus', 'kebshiu', 'zl338740', 'simonren', 'dphilly38', 'lewis.cooper2392', 'maheenmazharkhan', 'nanoshakhawat', 'alisheikh487', 'guitar_vic_95', 'basimahsan55', 'aleen.vdmeer', 'abenezerabayneh', 'guokyle19920714', 'diaza808', 'berdao.09', 'jeffliou64', 'sundusriaz946', 'knitwearbear', 'shahzoorsafdar', 'shumailaahmed2014', 'dmarcaurele18', 'iesalais', 'ajtelles', 'mnichols', 'crab.apples00', 'svejgaard', 'nikhil.prakash1995', 'daniel.li9479', 'asadusmani974', 'richardc87', 'gm1088', 'branoc1', 'mhamza06', 'inkbrush23', 'carloslopezcueto1', 'hadiah18', 'maryammunib676', 'anastasia.soeriyadi', 'vpalreddy36', 'lrtessler', 'ah.simpson', 'dingqing', 'hrenkers', 'vietlinh', 'pikachc', 'mattsmail', 'jacklas', 'jabciph', 'hannahrahim', 'mcalascione31', 'flaviusvasile.pop', 'jeevansamra', 'waseembaig10', 'yszou1994', 'fredboeuf', 'jmun22', 'photonic973', 'briannguyen992', None, 'aroosaazam25', 'pwang75', 'shahramroj', 'raymondzhou227', 'pawan315', 'rowanskye', 'cooperdreyfus', 'maryam.baig108', 'alchammatg', 'pablo.melendez519', 'shahryar.ned', 'hejunxian', 'vatanks', 'atoews01', 'photography.saaz', 'lfgarcia43', 'rkstory']"
4,187,99,85,80,"['ans3860', 'sohee6679', 'kkooaall123', 'dongyk11', 'xorjf0217', '92march18th', 'cysms91', 'rmawksel0123', 'lolililioe', 'ktw4620', 'jwjw94', 'sht1801', 'dbsdud0910', 'bokki2242', 'sww406', 'wlsgus06140', 'kgw1141', 'heeya2609', 'jiyop12', 'dudals923', 'chowonhee92', 'gksxodl11', 'yh8657', 'choi940923', 'yeawon0112', '9122soo', 'sbw0516', 'dbqls8868', 'wlsgns3', 'gkxmjsdo', 'wjstkdwls1231', 'kakao', 'dbqls147', 'tnsckd404', 'wwttt667', 'kkwkkw0301', 'fbgywjd12', 'soizers77', 'hello91jsh', 'cwp2126', 'stickwitu922', '301retonad', 'kyoungmin563', 'kevinwannabe', 'dh63499', 'p0132969', 'jiwoong500', 'gurtns01', 'yeti1647', 'tkdboy1113', 'yuiopasdf', 'surin8630', 'kkgh0701', 'cjw14393', 'hwangdohyeon9', 'skawnstlr00', 'rhcjrehd33', 'xotlr33357', 'wjstkdwls12', 'david.minseok', 'rich6778', 'rlagpqls000', 'qusekdnlt', 'kih3596', 'je910fox14', 'rjadmsdir', 'gkrwns1901', 'exoxo11224334', 'kimj910223', 'jeongeun1353', 'qordmscks', '301retona', 'soovin91', 'jooseong94', 'hanbit1005', 'hyunjean004', 'iwbtpcdy', 'woolim0531', 'yusang', 'phi0628']",18,"['ivan.porin', 'lachmason', 'filip_culjak', 'gogo8', 'maheshsrini93', 'ivanblaskovic', 'anamarija.pejic', 'vave10', 'rockafella.shine', 'kovach34', 'dd46748', 'shivakarsh', 'parksejoon7344', 'jelenko', 'tm47125', 'dsusak', 'katjaivic', 'guillermobox']",5,"['skzl34', 'mvert157', 'ehdfuf_1203', None, 'djnpark123']",103,"['ans3860', 'sohee6679', 'kkooaall123', 'dongyk11', 'ehdfuf_1203', 'xorjf0217', '92march18th', 'cysms91', 'rmawksel0123', 'lolililioe', 'ktw4620', 'jwjw94', 'sht1801', 'dbsdud0910', 'bokki2242', 'ivanblaskovic', 'sww406', 'gogo8', 'wlsgus06140', 'anamarija.pejic', 'kgw1141', 'kovach34', 'heeya2609', 'jiyop12', 'dudals923', 'chowonhee92', 'yh8657', 'gksxodl11', 'choi940923', 'jelenko', 'yeawon0112', '9122soo', 'vave10', 'sbw0516', 'dbqls8868', 'wlsgns3', 'gkxmjsdo', 'wjstkdwls1231', 'kakao', 'parksejoon7344', 'djnpark123', 'tnsckd404', 'dsusak', 'wwttt667', 'dbqls147', 'kkwkkw0301', 'fbgywjd12', 'soizers77', 'hello91jsh', 'cwp2126', 'stickwitu922', 'dd46748', '301retonad', 'kyoungmin563', 'kevinwannabe', 'guillermobox', 'skzl34', 'dh63499', 'mvert157', 'shivakarsh', 'p0132969', 'jiwoong500', 'gurtns01', 'yeti1647', 'tkdboy1113', 'yuiopasdf', 'surin8630', 'kkgh0701', 'maheshsrini93', 'cjw14393', 'hwangdohyeon9', 'skawnstlr00', 'rockafella.shine', 'tm47125', 'rhcjrehd33', 'xotlr33357', 'wjstkdwls12', 'david.minseok', 'rich6778', 'rlagpqls000', 'qusekdnlt', 'kih3596', 'je910fox14', 'rjadmsdir', 'katjaivic', 'gkrwns1901', 'filip_culjak', 'exoxo11224334', 'kimj910223', 'jeongeun1353', 'qordmscks', '301retona', 'soovin91', 'jooseong94', 'hanbit1005', None, 'hyunjean004', 'ivan.porin', 'iwbtpcdy', 'woolim0531', 'yusang', 'phi0628', 'lachmason']"
4,194,99,72,70,"['qusekdnlt', 'dh63499', 'ans3860', 'sohee6679', 'kih3596', 'gksxodl11', 'yh8657', 'dongyk11', 'kkooaall123', 'choi940923', 'je910fox14', 'rjadmsdir', 'xorjf0217', '92march18th', 'cysms91', 'gkrwns1901', 'jiwoong500', 'rmawksel0123', 'lolililioe', 'exoxo11224334', 'gurtns01', 'kimj910223', 'yeti1647', '9122soo', 'tkdboy1113', 'yuiopasdf', 'ktw4620', 'surin8630', 'jiyop12', 'sbw0516', 'jwjw94', 'wlsgns3', 'sht1801', 'kkgh0701', 'gkxmjsdo', 'qordmscks', 'dbsdud0910', 'bokki2242', '301retona', 'cjw14393', 'soovin91', 'jooseong94', 'hwangdohyeon9', 'skawnstlr00', 'wjstkdwls1231', 'kakao', 'dbqls147', 'tnsckd404', 'wwttt667', 'hyunjean004', 'rhcjrehd33', 'kkwkkw0301', 'xotlr33357', 'iwbtpcdy', 'sww406', 'woolim0531', 'soizers77', 'hello91jsh', 'yusang', 'david.minseok', 'wlsgus06140', 'kgw1141', 'cwp2126', 'stickwitu922', 'rich6778', 'kyoungmin563', 'heeya2609', 'kevinwannabe', 'rlagpqls000', 'dudals923']",28,"['chowonhee92', 'shivakarsh', 'jelenko', 'p0132969', 'katjaivic', 'yeawon0112', 'filip_culjak', 'vave10', 'jeongeun1353', 'dbqls8868', 'maheshsrini93', 'ivanblaskovic', 'rockafella.shine', 'parksejoon7344', 'dsusak', 'hanbit1005', 'tm47125', 'ivan.porin', 'lachmason', 'fbgywjd12', 'gogo8', 'wjstkdwls12', 'phi0628', 'anamarija.pejic', 'kovach34', 'dd46748', '301retonad', 'guillermobox']",2,"['hyunjin004', None]",100,"['ans3860', 'sohee6679', 'kkooaall123', 'dongyk11', 'xorjf0217', '92march18th', 'cysms91', 'rmawksel0123', 'lolililioe', 'ktw4620', 'jwjw94', 'sht1801', 'dbsdud0910', 'bokki2242', 'ivanblaskovic', 'sww406', 'gogo8', 'wlsgus06140', 'anamarija.pejic', 'kgw1141', 'kovach34', 'heeya2609', 'jiyop12', 'dudals923', 'chowonhee92', 'hyunjin004', 'yh8657', 'gksxodl11', 'choi940923', 'jelenko', 'yeawon0112', '9122soo', 'vave10', 'sbw0516', 'dbqls8868', 'wlsgns3', 'gkxmjsdo', 'wjstkdwls1231', 'kakao', 'parksejoon7344', 'tnsckd404', 'dsusak', 'wwttt667', 'dbqls147', 'kkwkkw0301', 'fbgywjd12', 'soizers77', 'hello91jsh', 'cwp2126', 'stickwitu922', 'dd46748', '301retonad', 'kyoungmin563', 'kevinwannabe', 'guillermobox', 'dh63499', 'shivakarsh', 'p0132969', 'jiwoong500', 'gurtns01', 'yeti1647', 'tkdboy1113', 'yuiopasdf', 'surin8630', 'kkgh0701', 'maheshsrini93', 'cjw14393', 'hwangdohyeon9', 'skawnstlr00', 'rockafella.shine', 'tm47125', 'rhcjrehd33', 'xotlr33357', 'wjstkdwls12', 'david.minseok', 'rich6778', 'rlagpqls000', 'qusekdnlt', 'kih3596', 'je910fox14', 'rjadmsdir', 'katjaivic', 'gkrwns1901', 'filip_culjak', 'exoxo11224334', 'kimj910223', 'jeongeun1353', 'qordmscks', '301retona', 'soovin91', 'jooseong94', 'hanbit1005', None, 'hyunjean004', 'ivan.porin', 'iwbtpcdy', 'woolim0531', 'yusang', 'phi0628', 'lachmason']"
4,188,99,11,9,"['ivan.porin', 'filip_culjak', 'gogo8', 'ivanblaskovic', 'anamarija.pejic', 'kovach34', 'dd46748', 'katjaivic', 'tm47125']",89,"['dh63499', 'ans3860', 'sohee6679', 'shivakarsh', 'kkooaall123', 'dongyk11', 'p0132969', 'xorjf0217', '92march18th', 'cysms91', 'jiwoong500', 'rmawksel0123', 'lolililioe', 'gurtns01', 'yeti1647', 'tkdboy1113', 'yuiopasdf', 'ktw4620', 'surin8630', 'jwjw94', 'sht1801', 'kkgh0701', 'dbsdud0910', 'bokki2242', 'maheshsrini93', 'cjw14393', 'hwangdohyeon9', 'skawnstlr00', 'rockafella.shine', 'rhcjrehd33', 'xotlr33357', 'sww406', 'wjstkdwls12', 'wlsgus06140', 'david.minseok', 'kgw1141', 'rich6778', 'heeya2609', 'jiyop12', 'rlagpqls000', 'dudals923', 'qusekdnlt', 'chowonhee92', 'kih3596', 'yh8657', 'gksxodl11', 'choi940923', 'jelenko', 'je910fox14', 'rjadmsdir', 'yeawon0112', 'gkrwns1901', 'exoxo11224334', 'kimj910223', '9122soo', 'vave10', 'jeongeun1353', 'sbw0516', 'dbqls8868', '301retonad', 'wlsgns3', 'gkxmjsdo', 'qordmscks', '301retona', 'soovin91', 'jooseong94', 'wjstkdwls1231', 'kakao', 'parksejoon7344', 'tnsckd404', 'dsusak', 'wwttt667', 'dbqls147', 'hanbit1005', 'kkwkkw0301', 'hyunjean004', 'lachmason', 'iwbtpcdy', 'fbgywjd12', 'woolim0531', 'soizers77', 'hello91jsh', 'yusang', 'phi0628', 'cwp2126', 'stickwitu922', 'kyoungmin563', 'kevinwannabe', 'guillermobox']",2,"['marijana.krivic', None]",100,"['dh63499', 'ans3860', 'sohee6679', 'shivakarsh', 'kkooaall123', 'dongyk11', 'p0132969', 'xorjf0217', '92march18th', 'cysms91', 'jiwoong500', 'rmawksel0123', 'lolililioe', 'gurtns01', 'yeti1647', 'tkdboy1113', 'yuiopasdf', 'ktw4620', 'surin8630', 'jwjw94', 'sht1801', 'kkgh0701', 'dbsdud0910', 'bokki2242', 'maheshsrini93', 'cjw14393', 'ivanblaskovic', 'hwangdohyeon9', 'skawnstlr00', 'rockafella.shine', 'tm47125', 'rhcjrehd33', 'xotlr33357', 'sww406', 'gogo8', 'wjstkdwls12', 'wlsgus06140', 'david.minseok', 'anamarija.pejic', 'kgw1141', 'kovach34', 'rich6778', 'heeya2609', 'jiyop12', 'rlagpqls000', 'dudals923', 'qusekdnlt', 'chowonhee92', 'kih3596', 'yh8657', 'gksxodl11', 'choi940923', 'jelenko', 'je910fox14', 'rjadmsdir', 'katjaivic', 'yeawon0112', 'gkrwns1901', 'filip_culjak', 'exoxo11224334', 'kimj910223', '9122soo', 'vave10', 'jeongeun1353', 'sbw0516', 'dbqls8868', '301retonad', 'wlsgns3', 'gkxmjsdo', 'qordmscks', '301retona', 'soovin91', 'jooseong94', 'wjstkdwls1231', 'kakao', 'parksejoon7344', 'tnsckd404', 'dsusak', 'wwttt667', 'dbqls147', 'hanbit1005', 'kkwkkw0301', 'hyunjean004', 'ivan.porin', 'lachmason', None, 'iwbtpcdy', 'fbgywjd12', 'woolim0531', 'soizers77', 'hello91jsh', 'yusang', 'phi0628', 'cwp2126', 'stickwitu922', 'dd46748', 'marijana.krivic', 'kyoungmin563', 'kevinwannabe', 'guillermobox']"
5,103,86,80,1,['cfmuir2'],84,"['dyang48', 'jg.allen3', 'wolan2', 'killack2', 'jablowi2', 'jd0384nano', 'jingyiw3', 'cbott2', 'jsharma3', 'twu53', 'janavic2', 'eehoneg2', 'hregner2', 'rll2', 'syer2', 'emwisni2', 'sharpee2', 'aarmste2', 'rhyu2', 'amprath2', 'wwang114', 'bdguo2', 'cplant2', 'camille7', 'rrmiriy2', 'clin101', 'yusenye2', 'lobryan2', 'jlee742', 'zzhan151', 'ahrtmnn2', 'ychen388', 'bpbaile2', 'mevtimo2', 'kperoze2', 'ekisly2', 'treppa2', 'talee3', 'harlangrossman3', 'gdabare34', 'skomar4', 'rekbot2', 'khazanv2', 'clwhite5', 'nkrshnn2', 'adonofr2', 'wtso2', 'nim4', 'nlbenso2', 'rfbruck2', 'juliaeb2', 'conanlh2', 'jrlund3', 'murobar2', 'mgambin2', 'hyang89', 'atan14', 'firpo2', 'kkim142', 'dszhu2', 'xxia10', 'ymoon11', 'yyun6', 'nahmoda2', 'sashah10', 'saegner2', 'goodali2', 'neves2', 'jhardi9', 'schen173', 'rpavone2', 'zchen208', 'tson3', 'nopunun', 'enjucho2', 'joseam2', 'masiewi2', 'kgolk2', 'mjee3', 'elho2', 'dvaz2', 'xshan6', 'qchen39', 'michalzynek']",79,"['sdhanak1', 'echoma', 'zwu27', 'akononov', 'alanwu3', 'yuqiuwu2', 'trskwsk2', 'monjim', 'tracit2', 'hummerwjl', 'pross4', 'zzhan134', 'dfrosen2', 'yqin13', 'krithikp', 'caelinmuir111', 'mstanfo2', 'eli9', 'namiki2', 'zafar3', 'sbumbles96', 'ltsmith2', 'zizheng', 'krupins2', 'slohman2', 'prhogan2', 'mclawso2', 'statar2', 'jhbaker3', 'wtroth2', 'kjnnngs2', 'fiszbei2', 'arovgno', 'hanxiao4', 'dgao5', 'jjmaher2', 'tsong', 'kzkz0124', 'eswu2', 'sloneil21994', 'jjacksn', 'smpatel8', 'brianwzx11', 'tongtongshen16', 'maggana2', 'hzhao44', 'hmajith2', 'ablee2', 'thiruve2', 'cjbeck2', 'akim102', 'rzhang80', 'zlong4', 'aln', 'dzhang37', 'yzhong22', 'ghe6', 'jacob.dutler', 'jeroach2', 'qcrawfo2', 'cmander4', 'jhmead2', 'aladd2', 'amogharavi1', 'kryan36', 'toriyam2', 'shen276', 'jedrals2', 'goszkow2', 'crickettay13', None, 'mockjustin', 'bmcnich2', 'yifanyao', 'nkim74', 'dcschmi2', 'reningr2', 'bionicleyuji', 'vkhanna3']",164,"['dyang48', 'jg.allen3', 'wolan2', 'sdhanak1', 'echoma', 'zwu27', 'killack2', 'jablowi2', 'akononov', 'jd0384nano', 'jingyiw3', 'cbott2', 'alanwu3', 'yuqiuwu2', 'monjim', 'trskwsk2', 'jsharma3', 'tracit2', 'hummerwjl', 'twu53', 'pross4', 'janavic2', 'zzhan134', 'dfrosen2', 'yqin13', 'eehoneg2', 'hregner2', 'rll2', 'syer2', 'krithikp', 'emwisni2', 'sharpee2', 'aarmste2', 'rhyu2', 'caelinmuir111', 'mstanfo2', 'eli9', 'namiki2', 'zafar3', 'sbumbles96', 'amprath2', 'ltsmith2', 'wwang114', 'zizheng', 'bdguo2', 'cplant2', 'krupins2', 'camille7', 'rrmiriy2', 'slohman2', 'yusenye2', 'prhogan2', 'mclawso2', 'statar2', 'lobryan2', 'jhbaker3', 'wtroth2', 'jlee742', 'zzhan151', 'ahrtmnn2', 'kjnnngs2', 'ychen388', 'bpbaile2', 'mevtimo2', 'kperoze2', 'fiszbei2', 'ekisly2', 'treppa2', 'cfmuir2', 'arovgno', 'hanxiao4', 'talee3', 'harlangrossman3', 'dgao5', 'jjmaher2', 'gdabare34', 'tsong', 'kzkz0124', 'eswu2', 'skomar4', 'rekbot2', 'sloneil21994', 'jjacksn', 'smpatel8', 'khazanv2', 'clwhite5', 'nkrshnn2', 'brianwzx11', 'tongtongshen16', 'adonofr2', 'maggana2', 'hzhao44', 'wtso2', 'hmajith2', 'ablee2', 'thiruve2', 'nim4', 'nlbenso2', 'rfbruck2', 'cjbeck2', 'juliaeb2', 'conanlh2', 'akim102', 'jrlund3', 'murobar2', 'mgambin2', 'hyang89', 'rzhang80', 'zlong4', 'aln', 'dzhang37', 'atan14', 'firpo2', 'yzhong22', 'kkim142', 'dszhu2', 'ghe6', 'xxia10', 'ymoon11', 'jacob.dutler', 'jeroach2', 'qcrawfo2', 'cmander4', 'yyun6', 'jhmead2', 'nahmoda2', 'sashah10', 'aladd2', 'amogharavi1', 'saegner2', 'goodali2', 'neves2', 'kryan36', 'toriyam2', 'jhardi9', 'shen276', 'schen173', 'jedrals2', 'goszkow2', 'rpavone2', 'zchen208', 'tson3', 'nopunun', 'enjucho2', 'joseam2', 'crickettay13', 'vkhanna3', 'dvaz2', None, 'mockjustin', 'masiewi2', 'bmcnich2', 'kgolk2', 'yifanyao', 'nkim74', 'dcschmi2', 'mjee3', 'elho2', 'clin101', 'reningr2', 'xshan6', 'bionicleyuji', 'qchen39', 'michalzynek']"
5,224,86,76,72,"['dyang48', 'dszhu2', 'kkim142', 'wolan2', 'amprath2', 'rekbot2', 'wwang114', 'khazanv2', 'clwhite5', 'xxia10', 'bdguo2', 'nkrshnn2', 'cplant2', 'killack2', 'ymoon11', 'jablowi2', 'yyun6', 'nahmoda2', 'rrmiriy2', 'camille7', 'sashah10', 'adonofr2', 'jingyiw3', 'cbott2', 'saegner2', 'yusenye2', 'wtso2', 'goodali2', 'neves2', 'jhardi9', 'lobryan2', 'schen173', 'nim4', 'rpavone2', 'nlbenso2', 'jlee742', 'rfbruck2', 'twu53', 'zchen208', 'juliaeb2', 'conanlh2', 'ahrtmnn2', 'janavic2', 'tson3', 'jrlund3', 'nopunun', 'enjucho2', 'joseam2', 'bpbaile2', 'mevtimo2', 'mgambin2', 'murobar2', 'masiewi2', 'kperoze2', 'rll2', 'hyang89', 'syer2', 'emwisni2', 'sharpee2', 'aarmste2', 'rhyu2', 'kgolk2', 'treppa2', 'ekisly2', 'talee3', 'mjee3', 'elho2', 'dvaz2', 'xshan6', 'atan14', 'qchen39', 'firpo2']",13,"['jsharma3', 'eehoneg2', 'gdabare34', 'hregner2', 'jd0384nano', 'jg.allen3', 'skomar4', 'cfmuir2', 'zzhan151', 'clin101', 'ychen388', 'harlangrossman3', 'michalzynek']",4,"['jmdimnd2', 'schoole2', None, 'bcperki2']",89,"['dyang48', 'jg.allen3', 'wolan2', 'killack2', 'jablowi2', 'jd0384nano', 'jingyiw3', 'cbott2', 'jsharma3', 'twu53', 'janavic2', 'eehoneg2', 'hregner2', 'rll2', 'syer2', 'emwisni2', 'sharpee2', 'aarmste2', 'rhyu2', 'amprath2', 'wwang114', 'bdguo2', 'cplant2', 'camille7', 'rrmiriy2', 'yusenye2', 'lobryan2', 'jlee742', 'zzhan151', 'ahrtmnn2', 'ychen388', 'bpbaile2', 'mevtimo2', 'kperoze2', 'ekisly2', 'treppa2', 'cfmuir2', 'talee3', 'jmdimnd2', 'harlangrossman3', 'gdabare34', 'skomar4', 'rekbot2', 'khazanv2', 'clwhite5', 'nkrshnn2', 'adonofr2', 'wtso2', 'nim4', 'nlbenso2', 'rfbruck2', 'juliaeb2', 'conanlh2', 'jrlund3', 'murobar2', 'mgambin2', 'hyang89', 'atan14', 'firpo2', 'kkim142', 'dszhu2', 'xxia10', 'ymoon11', 'yyun6', 'nahmoda2', 'sashah10', 'saegner2', 'bcperki2', 'goodali2', 'neves2', 'schoole2', 'jhardi9', 'schen173', 'rpavone2', 'zchen208', 'tson3', 'nopunun', 'enjucho2', 'joseam2', None, 'dvaz2', 'masiewi2', 'kgolk2', 'mjee3', 'elho2', 'clin101', 'xshan6', 'qchen39', 'michalzynek']"
5,225,86,16,1,['cfmuir2'],84,"['dyang48', 'gdabare34', 'jg.allen3', 'skomar4', 'wolan2', 'rekbot2', 'khazanv2', 'clwhite5', 'nkrshnn2', 'killack2', 'jablowi2', 'jd0384nano', 'jingyiw3', 'adonofr2', 'cbott2', 'wtso2', 'jsharma3', 'nim4', 'nlbenso2', 'rfbruck2', 'twu53', 'juliaeb2', 'conanlh2', 'janavic2', 'jrlund3', 'murobar2', 'mgambin2', 'eehoneg2', 'hregner2', 'rll2', 'syer2', 'hyang89', 'emwisni2', 'sharpee2', 'aarmste2', 'rhyu2', 'atan14', 'firpo2', 'kkim142', 'dszhu2', 'amprath2', 'wwang114', 'xxia10', 'ymoon11', 'bdguo2', 'cplant2', 'yyun6', 'camille7', 'rrmiriy2', 'nahmoda2', 'sashah10', 'clin101', 'saegner2', 'yusenye2', 'goodali2', 'neves2', 'jhardi9', 'lobryan2', 'schen173', 'rpavone2', 'jlee742', 'zzhan151', 'zchen208', 'ahrtmnn2', 'tson3', 'nopunun', 'enjucho2', 'joseam2', 'ychen388', 'bpbaile2', 'mevtimo2', 'masiewi2', 'kperoze2', 'ekisly2', 'treppa2', 'kgolk2', 'talee3', 'mjee3', 'elho2', 'dvaz2', 'xshan6', 'harlangrossman3', 'qchen39', 'michalzynek']",15,"['yqin13', 'krupins2', 'akononov', 'dgao5', 'jjmaher2', 'tsong', 'bmcnich2', 'ghe6', 'cjbeck2', 'hzhao44', 'amogharavi1', 'caelinmuir111', 'namiki2', None, 'ablee2']",100,"['dyang48', 'dgao5', 'gdabare34', 'jjmaher2', 'jg.allen3', 'tsong', 'skomar4', 'wolan2', 'rekbot2', 'khazanv2', 'clwhite5', 'nkrshnn2', 'killack2', 'jablowi2', 'akononov', 'jd0384nano', 'jingyiw3', 'adonofr2', 'cbott2', 'hzhao44', 'wtso2', 'ablee2', 'jsharma3', 'nim4', 'nlbenso2', 'rfbruck2', 'twu53', 'cjbeck2', 'juliaeb2', 'conanlh2', 'janavic2', 'jrlund3', 'yqin13', 'murobar2', 'mgambin2', 'eehoneg2', 'hregner2', 'rll2', 'syer2', 'hyang89', 'emwisni2', 'sharpee2', 'aarmste2', 'rhyu2', 'caelinmuir111', 'namiki2', 'atan14', 'firpo2', 'kkim142', 'dszhu2', 'ghe6', 'amprath2', 'wwang114', 'xxia10', 'ymoon11', 'bdguo2', 'cplant2', 'yyun6', 'krupins2', 'camille7', 'rrmiriy2', 'nahmoda2', 'sashah10', 'clin101', 'amogharavi1', 'saegner2', 'yusenye2', 'goodali2', 'neves2', 'jhardi9', 'lobryan2', 'schen173', 'rpavone2', 'jlee742', 'zzhan151', 'zchen208', 'ahrtmnn2', 'tson3', 'nopunun', 'enjucho2', 'joseam2', 'ychen388', None, 'bpbaile2', 'mevtimo2', 'masiewi2', 'kperoze2', 'bmcnich2', 'ekisly2', 'treppa2', 'cfmuir2', 'kgolk2', 'talee3', 'mjee3', 'elho2', 'dvaz2', 'xshan6', 'harlangrossman3', 'qchen39', 'michalzynek']"
5,226,86,10,2,"['gdabare34', 'harlangrossman3']",83,"['dyang48', 'jg.allen3', 'skomar4', 'wolan2', 'rekbot2', 'khazanv2', 'clwhite5', 'nkrshnn2', 'killack2', 'jablowi2', 'jd0384nano', 'jingyiw3', 'adonofr2', 'cbott2', 'wtso2', 'jsharma3', 'nim4', 'nlbenso2', 'rfbruck2', 'twu53', 'juliaeb2', 'conanlh2', 'janavic2', 'jrlund3', 'murobar2', 'mgambin2', 'eehoneg2', 'hregner2', 'rll2', 'syer2', 'hyang89', 'emwisni2', 'sharpee2', 'aarmste2', 'rhyu2', 'atan14', 'firpo2', 'kkim142', 'dszhu2', 'amprath2', 'wwang114', 'xxia10', 'ymoon11', 'bdguo2', 'cplant2', 'yyun6', 'camille7', 'rrmiriy2', 'nahmoda2', 'sashah10', 'clin101', 'saegner2', 'yusenye2', 'goodali2', 'neves2', 'jhardi9', 'lobryan2', 'schen173', 'rpavone2', 'jlee742', 'zzhan151', 'zchen208', 'ahrtmnn2', 'tson3', 'nopunun', 'enjucho2', 'joseam2', 'ychen388', 'bpbaile2', 'mevtimo2', 'masiewi2', 'kperoze2', 'ekisly2', 'treppa2', 'cfmuir2', 'kgolk2', 'talee3', 'mjee3', 'elho2', 'dvaz2', 'xshan6', 'qchen39', 'michalzynek']",8,"['kingb8', 'fiona13147', 'honeye', 'weisc2', 'duncaa2', 'peterhjones14', None, 'skzollinger']",93,"['dyang48', 'gdabare34', 'jg.allen3', 'skomar4', 'wolan2', 'rekbot2', 'khazanv2', 'clwhite5', 'nkrshnn2', 'killack2', 'jablowi2', 'jd0384nano', 'jingyiw3', 'adonofr2', 'honeye', 'cbott2', 'wtso2', 'jsharma3', 'nim4', 'nlbenso2', 'rfbruck2', 'twu53', 'fiona13147', 'juliaeb2', 'conanlh2', 'janavic2', 'jrlund3', 'skzollinger', 'kingb8', 'murobar2', 'mgambin2', 'eehoneg2', 'hregner2', 'rll2', 'syer2', 'hyang89', 'emwisni2', 'sharpee2', 'aarmste2', 'rhyu2', 'weisc2', 'peterhjones14', 'atan14', 'firpo2', 'kkim142', 'dszhu2', 'amprath2', 'wwang114', 'xxia10', 'ymoon11', 'bdguo2', 'cplant2', 'yyun6', 'camille7', 'rrmiriy2', 'nahmoda2', 'sashah10', 'clin101', 'saegner2', 'duncaa2', 'yusenye2', 'goodali2', 'neves2', 'jhardi9', 'lobryan2', 'schen173', 'rpavone2', 'jlee742', 'zzhan151', 'zchen208', 'ahrtmnn2', 'tson3', 'nopunun', 'enjucho2', 'joseam2', 'ychen388', None, 'bpbaile2', 'mevtimo2', 'masiewi2', 'kperoze2', 'ekisly2', 'treppa2', 'cfmuir2', 'kgolk2', 'talee3', 'mjee3', 'elho2', 'dvaz2', 'xshan6', 'harlangrossman3', 'qchen39', 'michalzynek']"
6,260,83,55,5,"['macopeland', 'beewart', 'jlee397', 'titanking117', 'jljohn54']",77,"['u0952378', 'armin123', 'colvinma_25', 'u0667414', 'syed80913', 'zurawski.k', 'u0938053', 'ahmededris', 'u1019294', 'alonsod', 'u0896135', 'mikemmcmeans', 'hunter1196', 'u1101223', 'm.catala96', 'kuehsterww', 'npoppleton', 'barita', 'rabeeyabilal95', 'u0599532', 'pearsoal', 'nanobeam', 'sacardenas3', 'rook2ace', 'sadafbaig1695', 'irfanalishaikh405', 'collin.halamka', 'saenze', 'husungkim', 'gammaburst', 'ldemianiuk', 'u0980077', 'rszedlak', 'engr.abdulhannan7', 'seleskom', 'jiaolh', 'travisfcole', 'pryslakc', 'eisenbr', 'djsong93', 'gilberbr', 'andrewd248', 'rpuck6', 'u0847503', 'jannarazali', 'u0931394', 'jtro8161', 'mprost', 'manamalhashil', 'rubinder', 'heckler.6', 'cmarti', 'u0894213', 'phuc.h.nguyenn', 'keotantritor', 'u0855232', 'chenriquez', 'michaelriveragonza', 'cedric.figueiredo', 'aryanhashir', 'briscoej', 'kirbywood', 'rjnmsd', 'cevalenzuela3', 'u0674190', 'mcclurjo', 'lawsonbe', 'kassidee01', 'u0244873', 'tenita313', 'u1098586', 'rolfveen', 'u0861765', 'shahrukhalamkhan21', 'rabeesley', 'u1010700', 'evelynlhu']",50,"['eddielemus61', 'bwfennel', 'vkoka', 'shusein', 'lsun47', 'bonecrusher', 'agrula', 'chenjiachao1105', 'btostberg', 'ctsmit17', 'flyingdutchman254', 'jkeomany', 'edmendo2', 'itvogt', 'ijuarez2', 'damoren7', 'cdconner', 'kawickha', 'cnmarrs', 'jgsilva95', 'bshehab', 'jjkinney', 'dchesak', 'ndgardne', 'wyusuf', 'jgivler', 'hbasurto', 'tkadyrov', 'sgerrish', 'alexhaws7', 'srmills1', 'aaboytes', 'cdburnet', 'alay', 'janels22', 'amanda.k.smith', 'adjohn16', 'salaar90', None, 'tjmurph6', 'makkara', 'divyanshukhare', 'racunabr', 'oyanine', 'smatherl', 'nmarafie', 'nlcarbal', 'aaamer', 'dineshsilva003', 'whowald']",132,"['eddielemus61', 'lsun47', 'chenjiachao1105', 'u0952378', 'jiaolh', 'travisfcole', 'ctsmit17', 'flyingdutchman254', 'armin123', 'pryslakc', 'eisenbr', 'djsong93', 'gilberbr', 'itvogt', 'damoren7', 'jgsilva95', 'colvinma_25', 'andrewd248', 'rpuck6', 'u0847503', 'dchesak', 'ndgardne', 'jannarazali', 'wyusuf', 'u0667414', 'jljohn54', 'tkadyrov', 'u0931394', 'syed80913', 'zurawski.k', 'u0938053', 'ahmededris', 'alexhaws7', 'jlee397', 'u1019294', 'jtro8161', 'mprost', 'manamalhashil', 'rubinder', 'aaboytes', 'cdburnet', 'alay', 'heckler.6', 'janels22', 'alonsod', 'u0896135', 'mikemmcmeans', 'salaar90', 'hunter1196', 'u1101223', 'cmarti', 'u0894213', 'makkara', 'divyanshukhare', 'oyanine', 'smatherl', 'beewart', 'm.catala96', 'phuc.h.nguyenn', 'nmarafie', 'nlcarbal', 'dineshsilva003', 'kuehsterww', 'keotantritor', 'chenriquez', 'u0855232', 'npoppleton', 'bwfennel', 'michaelriveragonza', 'vkoka', 'shusein', 'bonecrusher', 'cedric.figueiredo', 'agrula', 'aryanhashir', 'briscoej', 'kirbywood', 'btostberg', 'barita', 'titanking117', 'jkeomany', 'edmendo2', 'rabeeyabilal95', 'rjnmsd', 'ijuarez2', 'cdconner', 'kawickha', 'cnmarrs', 'u0599532', 'bshehab', 'jjkinney', 'pearsoal', 'cevalenzuela3', 'u0674190', 'mcclurjo', 'lawsonbe', 'kassidee01', 'nanobeam', 'jgivler', 'sacardenas3', 'u0244873', 'hbasurto', 'tenita313', 'u1098586', 'rook2ace', 'sadafbaig1695', 'rolfveen', 'irfanalishaikh405', 'sgerrish', 'collin.halamka', 'saenze', 'u0861765', 'srmills1', 'husungkim', 'shahrukhalamkhan21', 'gammaburst', 'ldemianiuk', 'amanda.k.smith', 'adjohn16', None, 'rabeesley', 'tjmurph6', 'macopeland', 'racunabr', 'u1010700', 'aaamer', 'u0980077', 'rszedlak', 'engr.abdulhannan7', 'whowald', 'evelynlhu', 'seleskom']"
6,251,83,46,2,"['rubinder', 'cmarti']",80,"['u0952378', 'armin123', 'colvinma_25', 'u0667414', 'jljohn54', 'syed80913', 'zurawski.k', 'u0938053', 'ahmededris', 'jlee397', 'u1019294', 'alonsod', 'u0896135', 'mikemmcmeans', 'hunter1196', 'u1101223', 'beewart', 'm.catala96', 'kuehsterww', 'npoppleton', 'barita', 'rabeeyabilal95', 'u0599532', 'pearsoal', 'nanobeam', 'sacardenas3', 'rook2ace', 'sadafbaig1695', 'irfanalishaikh405', 'collin.halamka', 'saenze', 'husungkim', 'gammaburst', 'ldemianiuk', 'u0980077', 'rszedlak', 'engr.abdulhannan7', 'seleskom', 'jiaolh', 'travisfcole', 'pryslakc', 'eisenbr', 'djsong93', 'gilberbr', 'andrewd248', 'rpuck6', 'u0847503', 'jannarazali', 'u0931394', 'jtro8161', 'mprost', 'manamalhashil', 'heckler.6', 'u0894213', 'phuc.h.nguyenn', 'keotantritor', 'u0855232', 'chenriquez', 'michaelriveragonza', 'cedric.figueiredo', 'aryanhashir', 'briscoej', 'kirbywood', 'titanking117', 'rjnmsd', 'cevalenzuela3', 'u0674190', 'mcclurjo', 'lawsonbe', 'kassidee01', 'u0244873', 'tenita313', 'u1098586', 'rolfveen', 'u0861765', 'shahrukhalamkhan21', 'rabeesley', 'macopeland', 'u1010700', 'evelynlhu']",44,"['vasus', 'kebshiu', 'simonren', 'lewis.cooper2392', 'aleen.vdmeer', 'abenezerabayneh', 'guokyle19920714', 'ar923', 'berdao.09', 'jeffliou64', '673097290uj', 'shahzoorsafdar', 'wyk218', 'georgejoshua94', 'nikhil.prakash1995', 'svejgaard', 'crab.apples00', 'daniel.li9479', 'susanhe', 'speverel', 'ah.simpson', 'dingqing', 'hrenkers', 'carlieolfert', 'vietlinh', 'mattsmail', 'jacklas', 'jabciph', 'alextegjeu93', 'jeevansamra', 'yszou1994', 'briannguyen992', None, 'raymondzhou227', 'jarh238', 'pawan315', 'francoisolivier15', 'rowanskye', 'alchammatg', 'kto', 'hejunxian', 'atoews01', 'kaanertan1907', 'qazihamid94']",126,"['u0952378', 'jiaolh', 'travisfcole', 'armin123', 'pryslakc', 'eisenbr', 'djsong93', 'gilberbr', 'ar923', '673097290uj', 'wyk218', 'colvinma_25', 'andrewd248', 'rpuck6', 'u0847503', 'georgejoshua94', 'jannarazali', 'u0667414', 'jljohn54', 'susanhe', 'speverel', 'u0931394', 'syed80913', 'carlieolfert', 'zurawski.k', 'u0938053', 'ahmededris', 'alextegjeu93', 'jlee397', 'u1019294', 'jtro8161', 'mprost', 'manamalhashil', 'rubinder', 'heckler.6', 'alonsod', 'u0896135', 'mikemmcmeans', 'hunter1196', 'u1101223', 'cmarti', 'u0894213', 'jarh238', 'francoisolivier15', 'beewart', 'm.catala96', 'phuc.h.nguyenn', 'kto', 'kuehsterww', 'keotantritor', 'kaanertan1907', 'chenriquez', 'u0855232', 'npoppleton', 'qazihamid94', 'vasus', 'michaelriveragonza', 'kebshiu', 'simonren', 'lewis.cooper2392', 'cedric.figueiredo', 'aryanhashir', 'briscoej', 'kirbywood', 'barita', 'titanking117', 'aleen.vdmeer', 'abenezerabayneh', 'rabeeyabilal95', 'rjnmsd', 'guokyle19920714', 'berdao.09', 'jeffliou64', 'shahzoorsafdar', 'u0599532', 'pearsoal', 'cevalenzuela3', 'nikhil.prakash1995', 'u0674190', 'mcclurjo', 'svejgaard', 'lawsonbe', 'kassidee01', 'nanobeam', 'crab.apples00', 'daniel.li9479', 'sacardenas3', 'u0244873', 'tenita313', 'u1098586', 'ah.simpson', 'dingqing', 'rook2ace', 'sadafbaig1695', 'rolfveen', 'irfanalishaikh405', 'hrenkers', 'vietlinh', 'collin.halamka', 'saenze', 'u0861765', 'mattsmail', 'jacklas', 'husungkim', 'jabciph', 'shahrukhalamkhan21', 'gammaburst', 'ldemianiuk', 'jeevansamra', 'yszou1994', 'briannguyen992', None, 'rabeesley', 'macopeland', 'raymondzhou227', 'pawan315', 'u1010700', 'rowanskye', 'alchammatg', 'u0980077', 'rszedlak', 'hejunxian', 'engr.abdulhannan7', 'atoews01', 'evelynlhu', 'seleskom']"
6,254,83,40,2,"['shahrukhalamkhan21', 'engr.abdulhannan7']",80,"['u0952378', 'armin123', 'colvinma_25', 'u0667414', 'jljohn54', 'syed80913', 'zurawski.k', 'u0938053', 'ahmededris', 'jlee397', 'u1019294', 'alonsod', 'u0896135', 'mikemmcmeans', 'hunter1196', 'u1101223', 'beewart', 'm.catala96', 'kuehsterww', 'npoppleton', 'barita', 'rabeeyabilal95', 'u0599532', 'pearsoal', 'nanobeam', 'sacardenas3', 'rook2ace', 'sadafbaig1695', 'irfanalishaikh405', 'collin.halamka', 'saenze', 'husungkim', 'gammaburst', 'ldemianiuk', 'u0980077', 'rszedlak', 'seleskom', 'jiaolh', 'travisfcole', 'pryslakc', 'eisenbr', 'djsong93', 'gilberbr', 'andrewd248', 'rpuck6', 'u0847503', 'jannarazali', 'u0931394', 'jtro8161', 'mprost', 'manamalhashil', 'rubinder', 'heckler.6', 'cmarti', 'u0894213', 'phuc.h.nguyenn', 'keotantritor', 'u0855232', 'chenriquez', 'michaelriveragonza', 'cedric.figueiredo', 'aryanhashir', 'briscoej', 'kirbywood', 'titanking117', 'rjnmsd', 'cevalenzuela3', 'u0674190', 'mcclurjo', 'lawsonbe', 'kassidee01', 'u0244873', 'tenita313', 'u1098586', 'rolfveen', 'u0861765', 'rabeesley', 'macopeland', 'u1010700', 'evelynlhu']",38,"['ameemuddin19995', 'bismasherwanis', 'ramsha008', 'yasaal.nasir786', 'fatinnaz008', 'anamzahid05', 'hamza3127', 'basimahsan55', 'zainn12', 'uroojnaveed32', 'abdulsamad.official', 'sundusriaz946', 'farahhaque22', 'm.kashif2806', 'm.wajahatqureshi', 'alirazzaque', 'asadusmani974', 'hamzakhan8871', 'mhamza06', 'barkatullahmughal', 'sherry.siddiqui47', 'muneebhassan.hassan55', 'alisha123sal', 'alihdr20', 'jehangir91', 'waseembaig10', 'huzaifasalim12', None, 'aqsafaarah', 'aqsashamim', 'yusra.sajid69', 'maryam.baig108', 'shahryar.ned', 'manzoor.hyder', 'photography.saaz', 'talhaejaz21', 'aamir.anwar', 'a.wadood06']",120,"['ramsha008', 'anamzahid05', 'u0952378', 'jiaolh', 'travisfcole', 'hamza3127', 'zainn12', 'armin123', 'pryslakc', 'eisenbr', 'djsong93', 'gilberbr', 'abdulsamad.official', 'm.kashif2806', 'colvinma_25', 'andrewd248', 'rpuck6', 'm.wajahatqureshi', 'u0847503', 'jannarazali', 'u0667414', 'jljohn54', 'u0931394', 'sherry.siddiqui47', 'syed80913', 'muneebhassan.hassan55', 'zurawski.k', 'u0938053', 'alisha123sal', 'ahmededris', 'jlee397', 'u1019294', 'jtro8161', 'mprost', 'manamalhashil', 'rubinder', 'heckler.6', 'huzaifasalim12', 'alonsod', 'u0896135', 'mikemmcmeans', 'hunter1196', 'u1101223', 'cmarti', 'u0894213', 'yusra.sajid69', 'beewart', 'm.catala96', 'phuc.h.nguyenn', 'kuehsterww', 'keotantritor', 'chenriquez', 'u0855232', 'npoppleton', 'aamir.anwar', 'bismasherwanis', 'ameemuddin19995', 'michaelriveragonza', 'yasaal.nasir786', 'fatinnaz008', 'cedric.figueiredo', 'aryanhashir', 'briscoej', 'kirbywood', 'basimahsan55', 'barita', 'uroojnaveed32', 'titanking117', 'rabeeyabilal95', 'rjnmsd', 'sundusriaz946', 'farahhaque22', 'u0599532', 'pearsoal', 'cevalenzuela3', 'alirazzaque', 'u0674190', 'mcclurjo', 'asadusmani974', 'lawsonbe', 'kassidee01', 'nanobeam', 'hamzakhan8871', 'mhamza06', 'sacardenas3', 'u0244873', 'barkatullahmughal', 'tenita313', 'u1098586', 'rook2ace', 'sadafbaig1695', 'rolfveen', 'irfanalishaikh405', 'collin.halamka', 'saenze', 'u0861765', 'husungkim', 'alihdr20', 'shahrukhalamkhan21', 'gammaburst', 'ldemianiuk', 'jehangir91', 'waseembaig10', None, 'rabeesley', 'aqsafaarah', 'macopeland', 'aqsashamim', 'u1010700', 'maryam.baig108', 'shahryar.ned', 'u0980077', 'rszedlak', 'manzoor.hyder', 'engr.abdulhannan7', 'photography.saaz', 'evelynlhu', 'talhaejaz21', 'seleskom', 'a.wadood06']"
6,250,83,34,4,"['chenriquez', 'rook2ace', 'cevalenzuela3', 'sacardenas3']",78,"['u0952378', 'armin123', 'colvinma_25', 'u0667414', 'jljohn54', 'syed80913', 'zurawski.k', 'u0938053', 'ahmededris', 'jlee397', 'u1019294', 'alonsod', 'u0896135', 'mikemmcmeans', 'hunter1196', 'u1101223', 'beewart', 'm.catala96', 'kuehsterww', 'npoppleton', 'barita', 'rabeeyabilal95', 'u0599532', 'pearsoal', 'nanobeam', 'sadafbaig1695', 'irfanalishaikh405', 'collin.halamka', 'saenze', 'husungkim', 'gammaburst', 'ldemianiuk', 'u0980077', 'rszedlak', 'engr.abdulhannan7', 'seleskom', 'jiaolh', 'travisfcole', 'pryslakc', 'eisenbr', 'djsong93', 'gilberbr', 'andrewd248', 'rpuck6', 'u0847503', 'jannarazali', 'u0931394', 'jtro8161', 'mprost', 'manamalhashil', 'rubinder', 'heckler.6', 'cmarti', 'u0894213', 'phuc.h.nguyenn', 'keotantritor', 'u0855232', 'michaelriveragonza', 'cedric.figueiredo', 'aryanhashir', 'briscoej', 'kirbywood', 'titanking117', 'rjnmsd', 'u0674190', 'mcclurjo', 'lawsonbe', 'kassidee01', 'u0244873', 'tenita313', 'u1098586', 'rolfveen', 'u0861765', 'shahrukhalamkhan21', 'rabeesley', 'macopeland', 'u1010700', 'evelynlhu']",30,"['covarrubiasjaz05', 'tommy.garcia01', 'guitar_vic_95', 'lfvaldespino1', 'raaleman', 'diaza808', 'maviolante', 'mimipacheco2', 'axsalomon', 'jesus_aguirre2000', 'knitwearbear', 'jblopez2', 'cvaldiviezo', 'ajtelles', 'isamary27', 'inkbrush23', 'carloslopezcueto1', 'luisdmngz09', 'kassandra.rodriguez2014', 'tinevradaniel', 'jtjohnson', 'arobles15', None, 'captainarch', 'moyischavez', 'lnoah95', 'vatanks', 'lfgarcia43', 'eddavil2', 'aaguirre28']",112,"['u0952378', 'jiaolh', 'travisfcole', 'tommy.garcia01', 'armin123', 'pryslakc', 'eisenbr', 'djsong93', 'gilberbr', 'lfvaldespino1', 'raaleman', 'maviolante', 'mimipacheco2', 'axsalomon', 'colvinma_25', 'andrewd248', 'jesus_aguirre2000', 'jblopez2', 'rpuck6', 'u0847503', 'jannarazali', 'isamary27', 'u0667414', 'jljohn54', 'luisdmngz09', 'tinevradaniel', 'u0931394', 'syed80913', 'zurawski.k', 'u0938053', 'jtjohnson', 'ahmededris', 'arobles15', 'jlee397', 'u1019294', 'jtro8161', 'mprost', 'manamalhashil', 'rubinder', 'heckler.6', 'alonsod', 'u0896135', 'mikemmcmeans', 'hunter1196', 'captainarch', 'u1101223', 'cmarti', 'u0894213', 'moyischavez', 'beewart', 'm.catala96', 'phuc.h.nguyenn', 'lnoah95', 'kuehsterww', 'keotantritor', 'chenriquez', 'u0855232', 'npoppleton', 'eddavil2', 'cvaldiviezo', 'covarrubiasjaz05', 'michaelriveragonza', 'cedric.figueiredo', 'aryanhashir', 'briscoej', 'kirbywood', 'guitar_vic_95', 'barita', 'titanking117', 'rabeeyabilal95', 'rjnmsd', 'diaza808', 'knitwearbear', 'u0599532', 'pearsoal', 'cevalenzuela3', 'ajtelles', 'u0674190', 'mcclurjo', 'lawsonbe', 'kassidee01', 'nanobeam', 'inkbrush23', 'sacardenas3', 'u0244873', 'carloslopezcueto1', 'kassandra.rodriguez2014', 'tenita313', 'u1098586', 'rook2ace', 'sadafbaig1695', 'rolfveen', 'irfanalishaikh405', 'collin.halamka', 'saenze', 'u0861765', 'husungkim', 'shahrukhalamkhan21', 'gammaburst', 'ldemianiuk', None, 'rabeesley', 'macopeland', 'u1010700', 'u0980077', 'rszedlak', 'engr.abdulhannan7', 'vatanks', 'evelynlhu', 'lfgarcia43', 'aaguirre28', 'seleskom']"
6,256,83,34,4,"['shahrukhalamkhan21', 'engr.abdulhannan7', 'syed80913', 'irfanalishaikh405']",78,"['u0952378', 'armin123', 'colvinma_25', 'u0667414', 'jljohn54', 'zurawski.k', 'u0938053', 'ahmededris', 'jlee397', 'u1019294', 'alonsod', 'u0896135', 'mikemmcmeans', 'hunter1196', 'u1101223', 'beewart', 'm.catala96', 'kuehsterww', 'npoppleton', 'barita', 'rabeeyabilal95', 'u0599532', 'pearsoal', 'nanobeam', 'sacardenas3', 'rook2ace', 'sadafbaig1695', 'collin.halamka', 'saenze', 'husungkim', 'gammaburst', 'ldemianiuk', 'u0980077', 'rszedlak', 'seleskom', 'jiaolh', 'travisfcole', 'pryslakc', 'eisenbr', 'djsong93', 'gilberbr', 'andrewd248', 'rpuck6', 'u0847503', 'jannarazali', 'u0931394', 'jtro8161', 'mprost', 'manamalhashil', 'rubinder', 'heckler.6', 'cmarti', 'u0894213', 'phuc.h.nguyenn', 'keotantritor', 'u0855232', 'chenriquez', 'michaelriveragonza', 'cedric.figueiredo', 'aryanhashir', 'briscoej', 'kirbywood', 'titanking117', 'rjnmsd', 'cevalenzuela3', 'u0674190', 'mcclurjo', 'lawsonbe', 'kassidee01', 'u0244873', 'tenita313', 'u1098586', 'rolfveen', 'u0861765', 'rabeesley', 'macopeland', 'u1010700', 'evelynlhu']",30,"['bismasherwanis', 'bilalshoukat78601', 'yasaal.nasir786', 'anamzahid05', 'alisheikh487', 'uroojnaveed32', 'sundusriaz946', 'abdulsamad.official', 'm.wajahatqureshi', 'mhamzakhan009', 'alirazzaque', 'hamzakhan8871', 'maryammunib676', 'm.adeen232', 'sherry.siddiqui47', 'muneebhassan.hassan55', 'hannahrahim', 'talhaahmad123', 'areeha6', 'mubashrah', 'huzaifasalim12', None, 'aroosaazam25', 'aqsafaarah', 'sabrinajawad95', 'aqsashamim', 'yusra.sajid69', 'affankhan9191', 'talhaejaz21', 'a.wadood06']",112,"['anamzahid05', 'u0952378', 'jiaolh', 'travisfcole', 'armin123', 'pryslakc', 'eisenbr', 'djsong93', 'gilberbr', 'abdulsamad.official', 'colvinma_25', 'andrewd248', 'rpuck6', 'm.wajahatqureshi', 'u0847503', 'mhamzakhan009', 'jannarazali', 'u0667414', 'jljohn54', 'u0931394', 'sherry.siddiqui47', 'affankhan9191', 'syed80913', 'muneebhassan.hassan55', 'zurawski.k', 'u0938053', 'ahmededris', 'talhaahmad123', 'areeha6', 'mubashrah', 'jlee397', 'u1019294', 'jtro8161', 'mprost', 'manamalhashil', 'rubinder', 'heckler.6', 'huzaifasalim12', 'alonsod', 'u0896135', 'mikemmcmeans', 'hunter1196', 'u1101223', 'cmarti', 'u0894213', 'sabrinajawad95', 'yusra.sajid69', 'beewart', 'm.catala96', 'phuc.h.nguyenn', 'kuehsterww', 'keotantritor', 'chenriquez', 'u0855232', 'npoppleton', 'bismasherwanis', 'michaelriveragonza', 'bilalshoukat78601', 'yasaal.nasir786', 'cedric.figueiredo', 'aryanhashir', 'briscoej', 'kirbywood', 'alisheikh487', 'barita', 'uroojnaveed32', 'titanking117', 'rabeeyabilal95', 'rjnmsd', 'sundusriaz946', 'u0599532', 'pearsoal', 'cevalenzuela3', 'alirazzaque', 'u0674190', 'mcclurjo', 'lawsonbe', 'kassidee01', 'nanobeam', 'hamzakhan8871', 'maryammunib676', 'sacardenas3', 'u0244873', 'm.adeen232', 'tenita313', 'u1098586', 'rook2ace', 'sadafbaig1695', 'rolfveen', 'irfanalishaikh405', 'collin.halamka', 'saenze', 'u0861765', 'hannahrahim', 'husungkim', 'shahrukhalamkhan21', 'gammaburst', 'ldemianiuk', None, 'rabeesley', 'aroosaazam25', 'aqsafaarah', 'macopeland', 'aqsashamim', 'u1010700', 'u0980077', 'rszedlak', 'engr.abdulhannan7', 'evelynlhu', 'talhaejaz21', 'seleskom', 'a.wadood06']"
6,262,83,27,19,"['u0952378', 'kirbywood', 'barita', 'u0599532', 'rpuck6', 'u0847503', 'jannarazali', 'u0674190', 'kassidee01', 'u0244873', 'u1098586', 'u0938053', 'u0896135', 'hunter1196', 'u1101223', 'u0894213', 'u1010700', 'phuc.h.nguyenn', 'u0980077']",63,"['michaelriveragonza', 'cedric.figueiredo', 'jiaolh', 'aryanhashir', 'briscoej', 'travisfcole', 'titanking117', 'armin123', 'pryslakc', 'rabeeyabilal95', 'eisenbr', 'djsong93', 'gilberbr', 'rjnmsd', 'seleskom', 'colvinma_25', 'andrewd248', 'pearsoal', 'cevalenzuela3', 'mcclurjo', 'lawsonbe', 'u0667414', 'nanobeam', 'jljohn54', 'sacardenas3', 'u0855232', 'tenita313', 'rook2ace', 'sadafbaig1695', 'u0931394', 'syed80913', 'irfanalishaikh405', 'zurawski.k', 'rolfveen', 'collin.halamka', 'ahmededris', 'saenze', 'u0861765', 'jlee397', 'u1019294', 'husungkim', 'gammaburst', 'ldemianiuk', 'jtro8161', 'mprost', 'manamalhashil', 'rubinder', 'heckler.6', 'shahrukhalamkhan21', 'alonsod', 'mikemmcmeans', 'rabeesley', 'cmarti', 'macopeland', 'evelynlhu', 'beewart', 'm.catala96', 'rszedlak', 'engr.abdulhannan7', 'kuehsterww', 'keotantritor', 'chenriquez', 'npoppleton']",8,"['u0670122', 'u0873742', 'u0897715', 'u0899082', 'u0866264', 'u0193924', None, 'u0678393']",90,"['u0952378', 'jiaolh', 'travisfcole', 'armin123', 'pryslakc', 'eisenbr', 'djsong93', 'gilberbr', 'colvinma_25', 'andrewd248', 'rpuck6', 'u0847503', 'jannarazali', 'u0667414', 'jljohn54', 'u0931394', 'syed80913', 'zurawski.k', 'u0938053', 'ahmededris', 'jlee397', 'u1019294', 'jtro8161', 'mprost', 'manamalhashil', 'rubinder', 'heckler.6', 'alonsod', 'u0896135', 'mikemmcmeans', 'u0678393', 'hunter1196', 'u1101223', 'cmarti', 'u0894213', 'beewart', 'm.catala96', 'phuc.h.nguyenn', 'u0899082', 'kuehsterww', 'keotantritor', 'chenriquez', 'u0855232', 'npoppleton', 'michaelriveragonza', 'u0897715', 'cedric.figueiredo', 'aryanhashir', 'briscoej', 'kirbywood', 'barita', 'titanking117', 'rabeeyabilal95', 'rjnmsd', 'u0599532', 'pearsoal', 'cevalenzuela3', 'u0674190', 'mcclurjo', 'lawsonbe', 'kassidee01', 'nanobeam', 'sacardenas3', 'u0244873', 'tenita313', 'u1098586', 'rook2ace', 'sadafbaig1695', 'u0670122', 'rolfveen', 'irfanalishaikh405', 'u0873742', 'collin.halamka', 'saenze', 'u0861765', 'husungkim', 'shahrukhalamkhan21', 'gammaburst', 'ldemianiuk', 'u0866264', None, 'rabeesley', 'macopeland', 'u1010700', 'u0980077', 'rszedlak', 'engr.abdulhannan7', 'evelynlhu', 'u0193924', 'seleskom']"
6,255,83,18,9,"['u0931394', 'u0894213', 'u0938053', 'u1010700', 'u1019294', 'u0674190', 'u0667414', 'nanobeam', 'u1098586']",73,"['u0952378', 'jiaolh', 'travisfcole', 'armin123', 'pryslakc', 'eisenbr', 'djsong93', 'gilberbr', 'colvinma_25', 'andrewd248', 'rpuck6', 'u0847503', 'jannarazali', 'jljohn54', 'syed80913', 'zurawski.k', 'ahmededris', 'jlee397', 'jtro8161', 'mprost', 'manamalhashil', 'rubinder', 'heckler.6', 'alonsod', 'u0896135', 'mikemmcmeans', 'hunter1196', 'u1101223', 'cmarti', 'beewart', 'm.catala96', 'phuc.h.nguyenn', 'kuehsterww', 'keotantritor', 'chenriquez', 'u0855232', 'npoppleton', 'michaelriveragonza', 'cedric.figueiredo', 'aryanhashir', 'briscoej', 'kirbywood', 'barita', 'titanking117', 'rabeeyabilal95', 'rjnmsd', 'u0599532', 'pearsoal', 'cevalenzuela3', 'mcclurjo', 'lawsonbe', 'kassidee01', 'sacardenas3', 'u0244873', 'tenita313', 'rook2ace', 'sadafbaig1695', 'rolfveen', 'irfanalishaikh405', 'collin.halamka', 'saenze', 'u0861765', 'husungkim', 'shahrukhalamkhan21', 'gammaburst', 'ldemianiuk', 'rabeesley', 'macopeland', 'u0980077', 'rszedlak', 'engr.abdulhannan7', 'evelynlhu', 'seleskom']",9,"['u0670122', 'u0897715', 'u0873742', 'sourangsubandyapadhyay', 'u0899082', 'u0866264', 'u0193924', None, 'u0678393']",91,"['u0952378', 'jiaolh', 'travisfcole', 'armin123', 'pryslakc', 'eisenbr', 'djsong93', 'gilberbr', 'colvinma_25', 'andrewd248', 'rpuck6', 'u0847503', 'jannarazali', 'u0667414', 'jljohn54', 'u0931394', 'syed80913', 'zurawski.k', 'u0938053', 'ahmededris', 'jlee397', 'u1019294', 'jtro8161', 'mprost', 'manamalhashil', 'rubinder', 'heckler.6', 'alonsod', 'u0896135', 'mikemmcmeans', 'u0678393', 'hunter1196', 'u1101223', 'cmarti', 'u0894213', 'beewart', 'm.catala96', 'phuc.h.nguyenn', 'u0899082', 'kuehsterww', 'keotantritor', 'chenriquez', 'u0855232', 'npoppleton', 'michaelriveragonza', 'u0897715', 'sourangsubandyapadhyay', 'cedric.figueiredo', 'aryanhashir', 'briscoej', 'kirbywood', 'barita', 'titanking117', 'rabeeyabilal95', 'rjnmsd', 'u0599532', 'pearsoal', 'cevalenzuela3', 'u0674190', 'mcclurjo', 'lawsonbe', 'kassidee01', 'nanobeam', 'sacardenas3', 'u0244873', 'tenita313', 'u1098586', 'rook2ace', 'sadafbaig1695', 'u0670122', 'rolfveen', 'irfanalishaikh405', 'u0873742', 'collin.halamka', 'saenze', 'u0861765', 'husungkim', 'shahrukhalamkhan21', 'gammaburst', 'ldemianiuk', 'u0866264', None, 'rabeesley', 'macopeland', 'u1010700', 'u0980077', 'rszedlak', 'engr.abdulhannan7', 'evelynlhu', 'u0193924', 'seleskom']"
6,258,83,16,14,"['michaelriveragonza', 'colvinma_25', 'andrewd248', 'zurawski.k', 'pearsoal', 'collin.halamka', 'saenze', 'jiaolh', 'briscoej', 'jtro8161', 'djsong93', 'pryslakc', 'eisenbr', 'seleskom']",68,"['u0952378', 'travisfcole', 'armin123', 'gilberbr', 'rpuck6', 'u0847503', 'jannarazali', 'u0667414', 'jljohn54', 'u0931394', 'syed80913', 'u0938053', 'ahmededris', 'jlee397', 'u1019294', 'mprost', 'manamalhashil', 'rubinder', 'heckler.6', 'alonsod', 'u0896135', 'mikemmcmeans', 'hunter1196', 'u1101223', 'cmarti', 'u0894213', 'beewart', 'm.catala96', 'phuc.h.nguyenn', 'kuehsterww', 'keotantritor', 'chenriquez', 'u0855232', 'npoppleton', 'cedric.figueiredo', 'aryanhashir', 'kirbywood', 'barita', 'titanking117', 'rabeeyabilal95', 'rjnmsd', 'u0599532', 'cevalenzuela3', 'u0674190', 'mcclurjo', 'lawsonbe', 'kassidee01', 'nanobeam', 'sacardenas3', 'u0244873', 'tenita313', 'u1098586', 'rook2ace', 'sadafbaig1695', 'rolfveen', 'irfanalishaikh405', 'u0861765', 'husungkim', 'shahrukhalamkhan21', 'gammaburst', 'ldemianiuk', 'rabeesley', 'macopeland', 'u1010700', 'u0980077', 'rszedlak', 'engr.abdulhannan7', 'evelynlhu']",2,"['ljbleam', None]",84,"['u0952378', 'jiaolh', 'travisfcole', 'armin123', 'pryslakc', 'eisenbr', 'djsong93', 'gilberbr', 'colvinma_25', 'andrewd248', 'rpuck6', 'u0847503', 'jannarazali', 'u0667414', 'jljohn54', 'u0931394', 'syed80913', 'zurawski.k', 'u0938053', 'ahmededris', 'jlee397', 'u1019294', 'jtro8161', 'mprost', 'manamalhashil', 'rubinder', 'heckler.6', 'alonsod', 'u0896135', 'mikemmcmeans', 'hunter1196', 'u1101223', 'cmarti', 'u0894213', 'beewart', 'm.catala96', 'phuc.h.nguyenn', 'kuehsterww', 'keotantritor', 'chenriquez', 'u0855232', 'npoppleton', 'michaelriveragonza', 'cedric.figueiredo', 'aryanhashir', 'briscoej', 'kirbywood', 'barita', 'titanking117', 'rabeeyabilal95', 'rjnmsd', 'u0599532', 'pearsoal', 'cevalenzuela3', 'u0674190', 'mcclurjo', 'lawsonbe', 'kassidee01', 'nanobeam', 'sacardenas3', 'u0244873', 'tenita313', 'u1098586', 'rook2ace', 'sadafbaig1695', 'rolfveen', 'irfanalishaikh405', 'ljbleam', 'collin.halamka', 'saenze', 'u0861765', 'husungkim', 'shahrukhalamkhan21', 'gammaburst', 'ldemianiuk', None, 'rabeesley', 'macopeland', 'u1010700', 'u0980077', 'rszedlak', 'engr.abdulhannan7', 'evelynlhu', 'seleskom']"
6,259,83,15,13,"['michaelriveragonza', 'colvinma_25', 'andrewd248', 'pearsoal', 'saenze', 'briscoej', 'jtro8161', 'mcclurjo', 'travisfcole', 'lawsonbe', 'djsong93', 'pryslakc', 'eisenbr']",69,"['u0952378', 'jiaolh', 'armin123', 'gilberbr', 'rpuck6', 'u0847503', 'jannarazali', 'u0667414', 'jljohn54', 'u0931394', 'syed80913', 'zurawski.k', 'u0938053', 'ahmededris', 'jlee397', 'u1019294', 'mprost', 'manamalhashil', 'rubinder', 'heckler.6', 'alonsod', 'u0896135', 'mikemmcmeans', 'hunter1196', 'u1101223', 'cmarti', 'u0894213', 'beewart', 'm.catala96', 'phuc.h.nguyenn', 'kuehsterww', 'keotantritor', 'chenriquez', 'u0855232', 'npoppleton', 'cedric.figueiredo', 'aryanhashir', 'kirbywood', 'barita', 'titanking117', 'rabeeyabilal95', 'rjnmsd', 'u0599532', 'cevalenzuela3', 'u0674190', 'kassidee01', 'nanobeam', 'sacardenas3', 'u0244873', 'tenita313', 'u1098586', 'rook2ace', 'sadafbaig1695', 'rolfveen', 'irfanalishaikh405', 'collin.halamka', 'u0861765', 'husungkim', 'shahrukhalamkhan21', 'gammaburst', 'ldemianiuk', 'rabeesley', 'macopeland', 'u1010700', 'u0980077', 'rszedlak', 'engr.abdulhannan7', 'evelynlhu', 'seleskom']",2,"['ljbleam', None]",84,"['u0952378', 'jiaolh', 'travisfcole', 'armin123', 'pryslakc', 'eisenbr', 'djsong93', 'gilberbr', 'colvinma_25', 'andrewd248', 'rpuck6', 'u0847503', 'jannarazali', 'u0667414', 'jljohn54', 'u0931394', 'syed80913', 'zurawski.k', 'u0938053', 'ahmededris', 'jlee397', 'u1019294', 'jtro8161', 'mprost', 'manamalhashil', 'rubinder', 'heckler.6', 'alonsod', 'u0896135', 'mikemmcmeans', 'hunter1196', 'u1101223', 'cmarti', 'u0894213', 'beewart', 'm.catala96', 'phuc.h.nguyenn', 'kuehsterww', 'keotantritor', 'chenriquez', 'u0855232', 'npoppleton', 'michaelriveragonza', 'cedric.figueiredo', 'aryanhashir', 'briscoej', 'kirbywood', 'barita', 'titanking117', 'rabeeyabilal95', 'rjnmsd', 'u0599532', 'pearsoal', 'cevalenzuela3', 'u0674190', 'mcclurjo', 'lawsonbe', 'kassidee01', 'nanobeam', 'sacardenas3', 'u0244873', 'tenita313', 'u1098586', 'rook2ace', 'sadafbaig1695', 'rolfveen', 'irfanalishaikh405', 'ljbleam', 'collin.halamka', 'saenze', 'u0861765', 'husungkim', 'shahrukhalamkhan21', 'gammaburst', 'ldemianiuk', None, 'rabeesley', 'macopeland', 'u1010700', 'u0980077', 'rszedlak', 'engr.abdulhannan7', 'evelynlhu', 'seleskom']"
6,257,83,6,3,"['rabeeyabilal95', 'sadafbaig1695', 'engr.abdulhannan7']",79,"['u0952378', 'jiaolh', 'travisfcole', 'armin123', 'pryslakc', 'eisenbr', 'djsong93', 'gilberbr', 'colvinma_25', 'andrewd248', 'rpuck6', 'u0847503', 'jannarazali', 'u0667414', 'jljohn54', 'u0931394', 'syed80913', 'zurawski.k', 'u0938053', 'ahmededris', 'jlee397', 'u1019294', 'jtro8161', 'mprost', 'manamalhashil', 'rubinder', 'heckler.6', 'alonsod', 'u0896135', 'mikemmcmeans', 'hunter1196', 'u1101223', 'cmarti', 'u0894213', 'beewart', 'm.catala96', 'phuc.h.nguyenn', 'kuehsterww', 'keotantritor', 'chenriquez', 'u0855232', 'npoppleton', 'michaelriveragonza', 'cedric.figueiredo', 'aryanhashir', 'briscoej', 'kirbywood', 'barita', 'titanking117', 'rjnmsd', 'u0599532', 'pearsoal', 'cevalenzuela3', 'u0674190', 'mcclurjo', 'lawsonbe', 'kassidee01', 'nanobeam', 'sacardenas3', 'u0244873', 'tenita313', 'u1098586', 'rook2ace', 'rolfveen', 'irfanalishaikh405', 'collin.halamka', 'saenze', 'u0861765', 'husungkim', 'shahrukhalamkhan21', 'gammaburst', 'ldemianiuk', 'rabeesley', 'macopeland', 'u1010700', 'u0980077', 'rszedlak', 'evelynlhu', 'seleskom']",3,"['hamza3127', None, 'muneebhassan.hassan55']",85,"['u0952378', 'jiaolh', 'travisfcole', 'hamza3127', 'armin123', 'pryslakc', 'eisenbr', 'djsong93', 'gilberbr', 'colvinma_25', 'andrewd248', 'rpuck6', 'u0847503', 'jannarazali', 'u0667414', 'jljohn54', 'u0931394', 'syed80913', 'muneebhassan.hassan55', 'zurawski.k', 'u0938053', 'ahmededris', 'jlee397', 'u1019294', 'jtro8161', 'mprost', 'manamalhashil', 'rubinder', 'heckler.6', 'alonsod', 'u0896135', 'mikemmcmeans', 'hunter1196', 'u1101223', 'cmarti', 'u0894213', 'beewart', 'm.catala96', 'phuc.h.nguyenn', 'kuehsterww', 'keotantritor', 'chenriquez', 'u0855232', 'npoppleton', 'michaelriveragonza', 'cedric.figueiredo', 'aryanhashir', 'briscoej', 'kirbywood', 'barita', 'titanking117', 'rabeeyabilal95', 'rjnmsd', 'u0599532', 'pearsoal', 'cevalenzuela3', 'u0674190', 'mcclurjo', 'lawsonbe', 'kassidee01', 'nanobeam', 'sacardenas3', 'u0244873', 'tenita313', 'u1098586', 'rook2ace', 'sadafbaig1695', 'rolfveen', 'irfanalishaikh405', 'collin.halamka', 'saenze', 'u0861765', 'husungkim', 'shahrukhalamkhan21', 'gammaburst', 'ldemianiuk', None, 'rabeesley', 'macopeland', 'u1010700', 'u0980077', 'rszedlak', 'engr.abdulhannan7', 'evelynlhu', 'seleskom']"
7,3,74,77,71,"['metket', 'birenba', 'bosticjt', 'baconms', 'shafiefn', 'lemastsc', 'bakaspa1', 'branslm1', 'scullymt', 'curnintb', 'matosja', 'dougmanogue', 'soxwh', 'noonanej', 'pjfite29', 'mmbatt23', 'galiotn', 'syafiqar', 'ramaprs', 'nestorl', 'balistrs', 'sammonroe95', 'shravan.rajasekaran', 'angd', 'mohamami', 'paganowp', 'adbielawski', 'hennesre', 'kamaliahisham', 'aimanchess36', 'hornbek', 'bestgoalie', 'rosleema', 'garciact', 'mccrarbr', 'speere', 'nur.s.mahamud', 'streebm1', 'tacca.josh', 'philldj1', 'ghilardj', 'fletchprouty', 'forseegw', 'ritterts', 'stanwyjl', 'fleminma', 'kallors', 'schaej2', 'kamalhisyam96', 'paikofbc', 'jiangtl', 'chickbc', 'jeremy.m.saslaw', 'bachtife', 'sohnd', 'bramsey18', 'eiman.a.rozman', 'douglas.manogue', 'hanafimf', 'sanderjl', 'rohanmrao', 'danial.l.ain', 'janikocc', 'byrdam', 'sewei94', 'fleckjj', 'plevkaas', 'scherems', 'muhamaas', 'abdulln', 'brueremw']",2,"['ninaalexandra50', 'harry88']",6,"['bglo234', 'valentjg', 'gw014425', 'yangzhaovandy', 'jordaa2', None]",79,"['metket', 'birenba', 'baconms', 'shafiefn', 'curnintb', 'soxwh', 'noonanej', 'pjfite29', 'mmbatt23', 'galiotn', 'balistrs', 'angd', 'paganowp', 'adbielawski', 'aimanchess36', 'bestgoalie', 'rosleema', 'garciact', 'nur.s.mahamud', 'streebm1', 'tacca.josh', 'ghilardj', 'fletchprouty', 'gw014425', 'ritterts', 'stanwyjl', 'fleminma', 'kallors', 'schaej2', 'kamalhisyam96', 'paikofbc', 'jiangtl', 'harry88', 'chickbc', 'bramsey18', 'sanderjl', 'rohanmrao', 'danial.l.ain', 'janikocc', 'muhamaas', 'abdulln', 'brueremw', 'valentjg', 'bosticjt', 'lemastsc', 'bakaspa1', 'scullymt', 'branslm1', 'matosja', 'dougmanogue', 'syafiqar', 'ramaprs', 'nestorl', 'sammonroe95', 'shravan.rajasekaran', 'mohamami', 'hennesre', 'kamaliahisham', 'hornbek', 'ninaalexandra50', 'mccrarbr', 'speere', 'philldj1', 'forseegw', 'yangzhaovandy', 'jordaa2', 'jeremy.m.saslaw', 'bachtife', None, 'sohnd', 'bglo234', 'eiman.a.rozman', 'douglas.manogue', 'hanafimf', 'byrdam', 'sewei94', 'fleckjj', 'plevkaas', 'scherems']"
8,47,66,46,37,"['misisnik', 'horalud', 'xsimon18', 'xmelic20', 'xadame38', 'peto.frnka', 'xrozsy08', 'xdejda00', 'matin.bubco', 'pracharv', 'xgarda03', 'xvanek35', 'jakubcabal', 'xbrych07', 'xpavel28', 'xvanci00', 'galanova.zuza', 'snapyy', 'xsedla0j', 'xgrego16', 'xvanek32', 'stohl.kubo', 'recrutty', 'simcikpatrick', 'matus.lipa', 'becova.lucka', 'popela.vojtech', 'skunda.patrik', 'mina37', 'petrkvasnicka269', 'xobsil02', 'ludekpalenik', 'xpospi81', 'xbajgl01', 'macakmartin', 'xmusil56', 'jerryxlol']",28,"['xchyti10', 'ferodovcik', 'xhlava41', 'market333', 'xstabl01', 'emporio', 'tomicakara', 'pepan186', 'artanis5', 'dasha_lady', 'yourigh', 'petrkrizjim', 'xsikul12', 'xhampl09', 'xschal00', 'xsimak04', 'jan.seginak', 'jakubvoscek', 'xholik11', 'simonikjan', 'lukas_hruby', 'kareln', 'tailor808', 'dstarh107', 'xflekp01', 'xpnovot23', 'stanislav.lojek', 'xfolty14']",9,"['pavel102', 'macasoidni', 'pospat', 'xmorav29', 'martin.agniles', 'stepanpolreich04', 'leni.skara', None, 'e.t.']",74,"['misisnik', 'horalud', 'xchyti10', 'xsimon18', 'xhlava41', 'market333', 'xstabl01', 'emporio', 'pavel102', 'xrozsy08', 'xdejda00', 'pepan186', 'matin.bubco', 'xgarda03', 'yourigh', 'xsikul12', 'jakubcabal', 'xgrego16', 'xhampl09', 'xvanek32', 'martin.agniles', 'simcikpatrick', 'xsimak04', 'matus.lipa', 'jan.seginak', 'becova.lucka', 'skunda.patrik', 'xholik11', 'simonikjan', 'mina37', 'petrkvasnicka269', 'tailor808', 'xbajgl01', 'macakmartin', 'xpnovot23', 'stanislav.lojek', 'jerryxlol', 'xfolty14', 'xmelic20', 'pospat', 'xmorav29', 'ferodovcik', 'xadame38', 'stepanpolreich04', 'leni.skara', 'peto.frnka', 'e.t.', 'tomicakara', 'artanis5', 'pracharv', 'dasha_lady', 'petrkrizjim', 'xvanek35', 'xbrych07', 'xpavel28', 'xvanci00', 'galanova.zuza', 'snapyy', 'xsedla0j', 'stohl.kubo', 'xschal00', 'recrutty', 'popela.vojtech', None, 'jakubvoscek', 'lukas_hruby', 'macasoidni', 'ludekpalenik', 'kareln', 'xobsil02', 'xpospi81', 'dstarh107', 'xflekp01', 'xmusil56']"
8,155,66,46,32,"['misisnik', 'horalud', 'xsimon18', 'xmelic20', 'xadame38', 'peto.frnka', 'xrozsy08', 'xdejda00', 'matin.bubco', 'pracharv', 'xsikul12', 'xvanek35', 'jakubcabal', 'xpavel28', 'xvanci00', 'xgrego16', 'xvanek32', 'stohl.kubo', 'recrutty', 'matus.lipa', 'becova.lucka', 'popela.vojtech', 'skunda.patrik', 'mina37', 'petrkvasnicka269', 'xobsil02', 'ludekpalenik', 'xpospi81', 'xbajgl01', 'macakmartin', 'xmusil56', 'jerryxlol']",33,"['xchyti10', 'ferodovcik', 'xhlava41', 'market333', 'xstabl01', 'emporio', 'tomicakara', 'pepan186', 'artanis5', 'dasha_lady', 'xgarda03', 'yourigh', 'petrkrizjim', 'xbrych07', 'galanova.zuza', 'snapyy', 'xsedla0j', 'xhampl09', 'xschal00', 'simcikpatrick', 'xsimak04', 'jan.seginak', 'jakubvoscek', 'xholik11', 'simonikjan', 'lukas_hruby', 'kareln', 'tailor808', 'dstarh107', 'xflekp01', 'xpnovot23', 'stanislav.lojek', 'xfolty14']",14,"['jurco', 'pavel102', 'bcdmitriybaev', 'pospat', 'dareion.legacy', 'jvalka', 'xmarti66', 'buribrno', 'xsmola06', 'leni.skara', 'stepan.polreich', 'd011', 'tom.horacek', None]",79,"['misisnik', 'horalud', 'xchyti10', 'xsimon18', 'dareion.legacy', 'xsmola06', 'xhlava41', 'stepan.polreich', 'market333', 'tom.horacek', 'xstabl01', 'emporio', 'pavel102', 'xrozsy08', 'xdejda00', 'pepan186', 'matin.bubco', 'jvalka', 'xgarda03', 'yourigh', 'xsikul12', 'jakubcabal', 'xgrego16', 'xhampl09', 'xvanek32', 'simcikpatrick', 'xsimak04', 'matus.lipa', 'jan.seginak', 'becova.lucka', 'skunda.patrik', 'xholik11', 'simonikjan', 'bcdmitriybaev', 'mina37', 'petrkvasnicka269', 'tailor808', 'xbajgl01', 'macakmartin', 'xpnovot23', 'stanislav.lojek', 'jerryxlol', 'xfolty14', 'xmelic20', 'pospat', 'ferodovcik', 'xadame38', 'xmarti66', 'leni.skara', 'peto.frnka', 'tomicakara', 'artanis5', 'pracharv', 'dasha_lady', 'petrkrizjim', 'd011', 'xvanek35', 'xbrych07', 'jurco', 'xpavel28', 'xvanci00', 'galanova.zuza', 'snapyy', 'xsedla0j', 'stohl.kubo', 'xschal00', 'recrutty', 'popela.vojtech', None, 'jakubvoscek', 'lukas_hruby', 'ludekpalenik', 'kareln', 'xobsil02', 'xpospi81', 'dstarh107', 'xflekp01', 'buribrno', 'xmusil56']"
8,283,66,45,35,"['misisnik', 'horalud', 'xsimon18', 'xmelic20', 'xadame38', 'peto.frnka', 'xrozsy08', 'matin.bubco', 'pracharv', 'xgarda03', 'xsikul12', 'xvanek35', 'jakubcabal', 'xbrych07', 'xpavel28', 'xvanci00', 'galanova.zuza', 'snapyy', 'xsedla0j', 'xgrego16', 'xvanek32', 'stohl.kubo', 'recrutty', 'simcikpatrick', 'becova.lucka', 'popela.vojtech', 'skunda.patrik', 'mina37', 'petrkvasnicka269', 'xobsil02', 'xpospi81', 'xbajgl01', 'macakmartin', 'xmusil56', 'jerryxlol']",30,"['xchyti10', 'ferodovcik', 'xhlava41', 'market333', 'xstabl01', 'emporio', 'xdejda00', 'tomicakara', 'pepan186', 'artanis5', 'dasha_lady', 'yourigh', 'petrkrizjim', 'xhampl09', 'xschal00', 'xsimak04', 'matus.lipa', 'jan.seginak', 'jakubvoscek', 'xholik11', 'simonikjan', 'lukas_hruby', 'ludekpalenik', 'kareln', 'tailor808', 'dstarh107', 'xflekp01', 'xpnovot23', 'stanislav.lojek', 'xfolty14']",10,"['dareion.legacy', 'martin.selinga', 'buribrno', 'xsmola06', 'leni.skara', 'stepan.polreich', 'd011', 'tom.horacek', None, 'e.t.']",75,"['misisnik', 'horalud', 'xchyti10', 'xsimon18', 'dareion.legacy', 'xsmola06', 'xhlava41', 'stepan.polreich', 'market333', 'tom.horacek', 'xstabl01', 'emporio', 'xrozsy08', 'xdejda00', 'pepan186', 'matin.bubco', 'xgarda03', 'yourigh', 'xsikul12', 'jakubcabal', 'xgrego16', 'xhampl09', 'xvanek32', 'simcikpatrick', 'xsimak04', 'matus.lipa', 'jan.seginak', 'becova.lucka', 'skunda.patrik', 'xholik11', 'simonikjan', 'mina37', 'petrkvasnicka269', 'tailor808', 'xbajgl01', 'macakmartin', 'xpnovot23', 'stanislav.lojek', 'jerryxlol', 'xfolty14', 'xmelic20', 'ferodovcik', 'martin.selinga', 'xadame38', 'leni.skara', 'peto.frnka', 'e.t.', 'tomicakara', 'artanis5', 'pracharv', 'dasha_lady', 'petrkrizjim', 'd011', 'xvanek35', 'xbrych07', 'xpavel28', 'xvanci00', 'galanova.zuza', 'snapyy', 'xsedla0j', 'stohl.kubo', 'xschal00', 'recrutty', 'popela.vojtech', None, 'jakubvoscek', 'lukas_hruby', 'ludekpalenik', 'kareln', 'xobsil02', 'xpospi81', 'dstarh107', 'xflekp01', 'buribrno', 'xmusil56']"
8,54,66,41,35,"['misisnik', 'horalud', 'xsimon18', 'xmelic20', 'xadame38', 'peto.frnka', 'xrozsy08', 'matin.bubco', 'xgarda03', 'xsikul12', 'xvanek35', 'jakubcabal', 'xbrych07', 'xvanci00', 'galanova.zuza', 'snapyy', 'xsedla0j', 'xgrego16', 'xvanek32', 'stohl.kubo', 'recrutty', 'simcikpatrick', 'matus.lipa', 'becova.lucka', 'popela.vojtech', 'skunda.patrik', 'mina37', 'petrkvasnicka269', 'xobsil02', 'ludekpalenik', 'xpospi81', 'xbajgl01', 'macakmartin', 'xmusil56', 'jerryxlol']",30,"['xchyti10', 'ferodovcik', 'xhlava41', 'market333', 'xstabl01', 'emporio', 'xdejda00', 'tomicakara', 'pepan186', 'artanis5', 'pracharv', 'dasha_lady', 'yourigh', 'petrkrizjim', 'xpavel28', 'xhampl09', 'xschal00', 'xsimak04', 'jan.seginak', 'jakubvoscek', 'xholik11', 'simonikjan', 'lukas_hruby', 'kareln', 'tailor808', 'dstarh107', 'xflekp01', 'xpnovot23', 'stanislav.lojek', 'xfolty14']",6,"['narcisius', 'jvalka', 'martin.agniles', 'leni.skara', None, 'e.t.']",71,"['misisnik', 'horalud', 'xchyti10', 'xsimon18', 'xhlava41', 'market333', 'xstabl01', 'emporio', 'xrozsy08', 'xdejda00', 'pepan186', 'matin.bubco', 'jvalka', 'xgarda03', 'yourigh', 'xsikul12', 'jakubcabal', 'xgrego16', 'xhampl09', 'xvanek32', 'martin.agniles', 'simcikpatrick', 'xsimak04', 'matus.lipa', 'jan.seginak', 'becova.lucka', 'skunda.patrik', 'xholik11', 'simonikjan', 'mina37', 'petrkvasnicka269', 'tailor808', 'xbajgl01', 'macakmartin', 'xpnovot23', 'stanislav.lojek', 'jerryxlol', 'xfolty14', 'xmelic20', 'ferodovcik', 'xadame38', 'leni.skara', 'peto.frnka', 'e.t.', 'tomicakara', 'artanis5', 'pracharv', 'dasha_lady', 'petrkrizjim', 'xvanek35', 'xbrych07', 'xpavel28', 'narcisius', 'xvanci00', 'galanova.zuza', 'snapyy', 'xsedla0j', 'stohl.kubo', 'xschal00', 'recrutty', 'popela.vojtech', None, 'jakubvoscek', 'lukas_hruby', 'ludekpalenik', 'kareln', 'xobsil02', 'xpospi81', 'dstarh107', 'xflekp01', 'xmusil56']"
8,290,66,39,30,"['horalud', 'xsimon18', 'xadame38', 'xrozsy08', 'xdejda00', 'xgarda03', 'xsikul12', 'xvanek35', 'xbrych07', 'xpavel28', 'xvanci00', 'galanova.zuza', 'snapyy', 'xsedla0j', 'stohl.kubo', 'xvanek32', 'recrutty', 'simcikpatrick', 'matus.lipa', 'becova.lucka', 'popela.vojtech', 'skunda.patrik', 'petrkvasnicka269', 'ludekpalenik', 'xobsil02', 'xpospi81', 'xbajgl01', 'macakmartin', 'xmusil56', 'jerryxlol']",35,"['misisnik', 'xchyti10', 'xmelic20', 'ferodovcik', 'xhlava41', 'peto.frnka', 'market333', 'xstabl01', 'emporio', 'tomicakara', 'pepan186', 'matin.bubco', 'artanis5', 'pracharv', 'dasha_lady', 'yourigh', 'petrkrizjim', 'jakubcabal', 'xgrego16', 'xhampl09', 'xschal00', 'xsimak04', 'jan.seginak', 'jakubvoscek', 'xholik11', 'simonikjan', 'lukas_hruby', 'mina37', 'kareln', 'tailor808', 'dstarh107', 'xflekp01', 'xpnovot23', 'stanislav.lojek', 'xfolty14']",9,"['pospat', 'xmorav29', 'jvalka', 'xsmola06', 'leni.skara', 'stepan.polreich', 'xxmarti66', None, 'e.t.']",74,"['misisnik', 'horalud', 'xchyti10', 'xsimon18', 'xsmola06', 'xhlava41', 'stepan.polreich', 'market333', 'xstabl01', 'emporio', 'xrozsy08', 'xdejda00', 'pepan186', 'matin.bubco', 'jvalka', 'xgarda03', 'yourigh', 'xsikul12', 'xxmarti66', 'jakubcabal', 'xgrego16', 'xhampl09', 'xvanek32', 'simcikpatrick', 'xsimak04', 'matus.lipa', 'jan.seginak', 'becova.lucka', 'skunda.patrik', 'xholik11', 'simonikjan', 'mina37', 'petrkvasnicka269', 'tailor808', 'xbajgl01', 'macakmartin', 'xpnovot23', 'stanislav.lojek', 'jerryxlol', 'xfolty14', 'xmelic20', 'pospat', 'xmorav29', 'ferodovcik', 'xadame38', 'leni.skara', 'peto.frnka', 'e.t.', 'tomicakara', 'artanis5', 'pracharv', 'dasha_lady', 'petrkrizjim', 'xvanek35', 'xbrych07', 'xpavel28', 'xvanci00', 'galanova.zuza', 'snapyy', 'xsedla0j', 'stohl.kubo', 'xschal00', 'recrutty', 'popela.vojtech', None, 'jakubvoscek', 'lukas_hruby', 'ludekpalenik', 'kareln', 'xobsil02', 'xpospi81', 'dstarh107', 'xflekp01', 'xmusil56']"
8,291,66,33,24,"['xchyti10', 'ferodovcik', 'xhlava41', 'market333', 'xstabl01', 'emporio', 'tomicakara', 'pepan186', 'artanis5', 'dasha_lady', 'yourigh', 'petrkrizjim', 'xhampl09', 'xschal00', 'xsimak04', 'jan.seginak', 'jakubvoscek', 'lukas_hruby', 'kareln', 'dstarh107', 'xflekp01', 'xpnovot23', 'stanislav.lojek', 'xfolty14']",41,"['misisnik', 'horalud', 'xsimon18', 'xmelic20', 'xadame38', 'peto.frnka', 'xrozsy08', 'xdejda00', 'matin.bubco', 'pracharv', 'xgarda03', 'xsikul12', 'xvanek35', 'xbrych07', 'jakubcabal', 'xpavel28', 'xvanci00', 'galanova.zuza', 'snapyy', 'xsedla0j', 'xgrego16', 'xvanek32', 'stohl.kubo', 'recrutty', 'simcikpatrick', 'matus.lipa', 'becova.lucka', 'popela.vojtech', 'skunda.patrik', 'xholik11', 'simonikjan', 'mina37', 'petrkvasnicka269', 'ludekpalenik', 'tailor808', 'xobsil02', 'xpospi81', 'xbajgl01', 'macakmartin', 'xmusil56', 'jerryxlol']",9,"['xkudla14', 'kano.net', 'cvesperst', 'vojta', 'xvokra01', 'xbrous01', 'xpospi98', None, 'petr391']",74,"['misisnik', 'horalud', 'xchyti10', 'xsimon18', 'xhlava41', 'market333', 'xstabl01', 'petr391', 'emporio', 'xrozsy08', 'xdejda00', 'pepan186', 'matin.bubco', 'xgarda03', 'yourigh', 'xsikul12', 'jakubcabal', 'cvesperst', 'xbrous01', 'xgrego16', 'xhampl09', 'xvanek32', 'simcikpatrick', 'xsimak04', 'matus.lipa', 'jan.seginak', 'becova.lucka', 'skunda.patrik', 'xholik11', 'simonikjan', 'mina37', 'petrkvasnicka269', 'tailor808', 'xvokra01', 'xbajgl01', 'macakmartin', 'xpnovot23', 'stanislav.lojek', 'jerryxlol', 'xfolty14', 'xkudla14', 'xmelic20', 'ferodovcik', 'xadame38', 'peto.frnka', 'tomicakara', 'vojta', 'artanis5', 'pracharv', 'dasha_lady', 'xpospi98', 'petrkrizjim', 'xvanek35', 'xbrych07', 'xpavel28', 'kano.net', 'xvanci00', 'galanova.zuza', 'snapyy', 'xsedla0j', 'stohl.kubo', 'xschal00', 'recrutty', 'popela.vojtech', None, 'jakubvoscek', 'lukas_hruby', 'ludekpalenik', 'kareln', 'xobsil02', 'xpospi81', 'dstarh107', 'xflekp01', 'xmusil56']"
8,284,66,32,25,"['xchyti10', 'ferodovcik', 'xhlava41', 'market333', 'xstabl01', 'emporio', 'tomicakara', 'pepan186', 'artanis5', 'dasha_lady', 'yourigh', 'petrkrizjim', 'xsimak04', 'jan.seginak', 'jakubvoscek', 'xholik11', 'simonikjan', 'lukas_hruby', 'kareln', 'dstarh107', 'tailor808', 'xflekp01', 'xpnovot23', 'stanislav.lojek', 'xfolty14']",40,"['misisnik', 'horalud', 'xsimon18', 'xmelic20', 'xadame38', 'peto.frnka', 'xrozsy08', 'xdejda00', 'matin.bubco', 'pracharv', 'xgarda03', 'xsikul12', 'xvanek35', 'xbrych07', 'jakubcabal', 'xpavel28', 'xvanci00', 'galanova.zuza', 'snapyy', 'xsedla0j', 'xgrego16', 'xhampl09', 'xvanek32', 'stohl.kubo', 'xschal00', 'recrutty', 'simcikpatrick', 'matus.lipa', 'becova.lucka', 'popela.vojtech', 'skunda.patrik', 'mina37', 'petrkvasnicka269', 'ludekpalenik', 'xobsil02', 'xpospi81', 'xbajgl01', 'macakmartin', 'xmusil56', 'jerryxlol']",7,"['bimbo_cz', 'cvesperst', 'cs333', 'dareion.legacy', 'domous', 'xsedli02', None]",72,"['misisnik', 'horalud', 'xchyti10', 'xsimon18', 'dareion.legacy', 'xhlava41', 'market333', 'xstabl01', 'emporio', 'xrozsy08', 'xdejda00', 'pepan186', 'matin.bubco', 'xgarda03', 'yourigh', 'xsikul12', 'jakubcabal', 'cvesperst', 'cs333', 'domous', 'xgrego16', 'xhampl09', 'xvanek32', 'simcikpatrick', 'xsimak04', 'matus.lipa', 'jan.seginak', 'becova.lucka', 'skunda.patrik', 'xholik11', 'simonikjan', 'bimbo_cz', 'mina37', 'petrkvasnicka269', 'tailor808', 'xbajgl01', 'macakmartin', 'xpnovot23', 'stanislav.lojek', 'jerryxlol', 'xfolty14', 'xmelic20', 'ferodovcik', 'xadame38', 'peto.frnka', 'tomicakara', 'artanis5', 'pracharv', 'dasha_lady', 'xsedli02', 'petrkrizjim', 'xvanek35', 'xbrych07', 'xpavel28', 'xvanci00', 'galanova.zuza', 'snapyy', 'xsedla0j', 'stohl.kubo', 'xschal00', 'recrutty', 'popela.vojtech', None, 'jakubvoscek', 'lukas_hruby', 'ludekpalenik', 'kareln', 'xobsil02', 'xpospi81', 'dstarh107', 'xflekp01', 'xmusil56']"
8,156,66,31,25,"['xchyti10', 'ferodovcik', 'xhlava41', 'market333', 'xstabl01', 'emporio', 'tomicakara', 'pepan186', 'artanis5', 'dasha_lady', 'yourigh', 'petrkrizjim', 'xhampl09', 'xschal00', 'xsimak04', 'jan.seginak', 'jakubvoscek', 'xholik11', 'simonikjan', 'lukas_hruby', 'kareln', 'tailor808', 'xflekp01', 'xpnovot23', 'stanislav.lojek']",40,"['misisnik', 'horalud', 'xsimon18', 'xmelic20', 'xadame38', 'peto.frnka', 'xrozsy08', 'xdejda00', 'matin.bubco', 'pracharv', 'xgarda03', 'xsikul12', 'xvanek35', 'xbrych07', 'jakubcabal', 'xpavel28', 'xvanci00', 'galanova.zuza', 'snapyy', 'xsedla0j', 'xgrego16', 'xvanek32', 'stohl.kubo', 'recrutty', 'simcikpatrick', 'matus.lipa', 'becova.lucka', 'popela.vojtech', 'skunda.patrik', 'mina37', 'petrkvasnicka269', 'ludekpalenik', 'xobsil02', 'xpospi81', 'dstarh107', 'xbajgl01', 'macakmartin', 'xmusil56', 'jerryxlol', 'xfolty14']",6,"['xkaple00', 'bimbo_cz', 'cvesperst', 'domous', 'xsedli02', None]",71,"['misisnik', 'xkaple00', 'horalud', 'xchyti10', 'xsimon18', 'xhlava41', 'market333', 'xstabl01', 'emporio', 'xrozsy08', 'xdejda00', 'pepan186', 'matin.bubco', 'xgarda03', 'yourigh', 'xsikul12', 'jakubcabal', 'cvesperst', 'domous', 'xgrego16', 'xhampl09', 'xvanek32', 'simcikpatrick', 'xsimak04', 'matus.lipa', 'jan.seginak', 'becova.lucka', 'skunda.patrik', 'xholik11', 'simonikjan', 'bimbo_cz', 'mina37', 'petrkvasnicka269', 'tailor808', 'xbajgl01', 'macakmartin', 'xpnovot23', 'stanislav.lojek', 'jerryxlol', 'xfolty14', 'xmelic20', 'ferodovcik', 'xadame38', 'peto.frnka', 'tomicakara', 'artanis5', 'pracharv', 'dasha_lady', 'xsedli02', 'petrkrizjim', 'xvanek35', 'xbrych07', 'xpavel28', 'xvanci00', 'galanova.zuza', 'snapyy', 'xsedla0j', 'stohl.kubo', 'xschal00', 'recrutty', 'popela.vojtech', None, 'jakubvoscek', 'lukas_hruby', 'ludekpalenik', 'kareln', 'xobsil02', 'xpospi81', 'dstarh107', 'xflekp01', 'xmusil56']"
8,56,66,29,22,"['xchyti10', 'ferodovcik', 'market333', 'xstabl01', 'emporio', 'tomicakara', 'artanis5', 'dasha_lady', 'petrkrizjim', 'xhampl09', 'xschal00', 'xsimak04', 'jan.seginak', 'jakubvoscek', 'xholik11', 'simonikjan', 'lukas_hruby', 'kareln', 'dstarh107', 'xflekp01', 'xpnovot23', 'xfolty14']",43,"['misisnik', 'horalud', 'xsimon18', 'xmelic20', 'xadame38', 'xhlava41', 'peto.frnka', 'xrozsy08', 'xdejda00', 'pepan186', 'matin.bubco', 'pracharv', 'xgarda03', 'yourigh', 'xsikul12', 'xvanek35', 'xbrych07', 'jakubcabal', 'xpavel28', 'xvanci00', 'galanova.zuza', 'snapyy', 'xsedla0j', 'xgrego16', 'xvanek32', 'stohl.kubo', 'recrutty', 'simcikpatrick', 'matus.lipa', 'becova.lucka', 'popela.vojtech', 'skunda.patrik', 'mina37', 'petrkvasnicka269', 'ludekpalenik', 'tailor808', 'xobsil02', 'xpospi81', 'xbajgl01', 'macakmartin', 'xmusil56', 'stanislav.lojek', 'jerryxlol']",7,"['cvesperstanda', 'bimbo_cz', 'xzimme02', 'domous', 'buribrno123', 'xxmarti66', None]",72,"['misisnik', 'horalud', 'xchyti10', 'xsimon18', 'xhlava41', 'market333', 'xstabl01', 'emporio', 'cvesperstanda', 'xrozsy08', 'xdejda00', 'pepan186', 'matin.bubco', 'xgarda03', 'yourigh', 'xsikul12', 'xxmarti66', 'jakubcabal', 'xzimme02', 'domous', 'xgrego16', 'xhampl09', 'xvanek32', 'simcikpatrick', 'xsimak04', 'matus.lipa', 'jan.seginak', 'becova.lucka', 'skunda.patrik', 'xholik11', 'simonikjan', 'bimbo_cz', 'mina37', 'petrkvasnicka269', 'tailor808', 'xbajgl01', 'macakmartin', 'xpnovot23', 'stanislav.lojek', 'jerryxlol', 'xfolty14', 'xmelic20', 'ferodovcik', 'xadame38', 'peto.frnka', 'tomicakara', 'artanis5', 'pracharv', 'dasha_lady', 'petrkrizjim', 'xvanek35', 'xbrych07', 'xpavel28', 'xvanci00', 'galanova.zuza', 'snapyy', 'xsedla0j', 'stohl.kubo', 'xschal00', 'recrutty', 'popela.vojtech', None, 'jakubvoscek', 'lukas_hruby', 'ludekpalenik', 'kareln', 'xobsil02', 'xpospi81', 'dstarh107', 'xflekp01', 'buribrno123', 'xmusil56']"
8,48,66,26,21,"['xchyti10', 'ferodovcik', 'xhlava41', 'market333', 'xstabl01', 'emporio', 'artanis5', 'petrkrizjim', 'xhampl09', 'xschal00', 'xsimak04', 'jakubvoscek', 'xholik11', 'simonikjan', 'lukas_hruby', 'kareln', 'dstarh107', 'tailor808', 'xflekp01', 'xpnovot23', 'xfolty14']",44,"['misisnik', 'horalud', 'xsimon18', 'xmelic20', 'xadame38', 'peto.frnka', 'xrozsy08', 'xdejda00', 'tomicakara', 'pepan186', 'matin.bubco', 'pracharv', 'dasha_lady', 'xgarda03', 'yourigh', 'xsikul12', 'xvanek35', 'xbrych07', 'jakubcabal', 'xpavel28', 'xvanci00', 'galanova.zuza', 'snapyy', 'xsedla0j', 'xgrego16', 'xvanek32', 'stohl.kubo', 'recrutty', 'simcikpatrick', 'matus.lipa', 'jan.seginak', 'becova.lucka', 'popela.vojtech', 'skunda.patrik', 'mina37', 'petrkvasnicka269', 'ludekpalenik', 'xobsil02', 'xpospi81', 'xbajgl01', 'macakmartin', 'xmusil56', 'stanislav.lojek', 'jerryxlol']",5,"['xkaple00', 'cvesperstanda', 'buribrno123', 'xsedli02', None]",70,"['misisnik', 'xkaple00', 'horalud', 'xchyti10', 'xsimon18', 'xhlava41', 'market333', 'xstabl01', 'emporio', 'cvesperstanda', 'xrozsy08', 'xdejda00', 'pepan186', 'matin.bubco', 'xgarda03', 'yourigh', 'xsikul12', 'jakubcabal', 'xgrego16', 'xhampl09', 'xvanek32', 'simcikpatrick', 'xsimak04', 'matus.lipa', 'jan.seginak', 'becova.lucka', 'skunda.patrik', 'xholik11', 'simonikjan', 'mina37', 'petrkvasnicka269', 'tailor808', 'xbajgl01', 'macakmartin', 'xpnovot23', 'stanislav.lojek', 'jerryxlol', 'xfolty14', 'xmelic20', 'ferodovcik', 'xadame38', 'peto.frnka', 'tomicakara', 'artanis5', 'pracharv', 'dasha_lady', 'xsedli02', 'petrkrizjim', 'xvanek35', 'xbrych07', 'xpavel28', 'xvanci00', 'galanova.zuza', 'snapyy', 'xsedla0j', 'stohl.kubo', 'xschal00', 'recrutty', 'popela.vojtech', None, 'jakubvoscek', 'lukas_hruby', 'ludekpalenik', 'kareln', 'xobsil02', 'xpospi81', 'dstarh107', 'xflekp01', 'buribrno123', 'xmusil56']"
8,292,66,6,3,"['xholik11', 'simonikjan', 'tailor808']",62,"['misisnik', 'horalud', 'xchyti10', 'xsimon18', 'xhlava41', 'market333', 'xstabl01', 'emporio', 'xrozsy08', 'xdejda00', 'pepan186', 'matin.bubco', 'xgarda03', 'yourigh', 'xsikul12', 'jakubcabal', 'xgrego16', 'xhampl09', 'xvanek32', 'simcikpatrick', 'xsimak04', 'matus.lipa', 'jan.seginak', 'becova.lucka', 'skunda.patrik', 'mina37', 'petrkvasnicka269', 'xbajgl01', 'macakmartin', 'xpnovot23', 'stanislav.lojek', 'jerryxlol', 'xfolty14', 'xmelic20', 'ferodovcik', 'xadame38', 'peto.frnka', 'tomicakara', 'artanis5', 'pracharv', 'dasha_lady', 'petrkrizjim', 'xvanek35', 'xbrych07', 'xpavel28', 'xvanci00', 'galanova.zuza', 'snapyy', 'xsedla0j', 'stohl.kubo', 'xschal00', 'recrutty', 'popela.vojtech', 'jakubvoscek', 'lukas_hruby', 'ludekpalenik', 'kareln', 'xobsil02', 'xpospi81', 'dstarh107', 'xflekp01', 'xmusil56']",3,"['xkaple00', None, 'bimbo_cz']",68,"['misisnik', 'xkaple00', 'horalud', 'xchyti10', 'xsimon18', 'xhlava41', 'market333', 'xstabl01', 'emporio', 'xrozsy08', 'xdejda00', 'pepan186', 'matin.bubco', 'xgarda03', 'yourigh', 'xsikul12', 'jakubcabal', 'xgrego16', 'xhampl09', 'xvanek32', 'simcikpatrick', 'xsimak04', 'matus.lipa', 'jan.seginak', 'becova.lucka', 'skunda.patrik', 'xholik11', 'simonikjan', 'bimbo_cz', 'mina37', 'petrkvasnicka269', 'tailor808', 'xbajgl01', 'macakmartin', 'xpnovot23', 'stanislav.lojek', 'jerryxlol', 'xfolty14', 'xmelic20', 'ferodovcik', 'xadame38', 'peto.frnka', 'tomicakara', 'artanis5', 'pracharv', 'dasha_lady', 'petrkrizjim', 'xvanek35', 'xbrych07', 'xpavel28', 'xvanci00', 'galanova.zuza', 'snapyy', 'xsedla0j', 'stohl.kubo', 'xschal00', 'recrutty', 'popela.vojtech', None, 'jakubvoscek', 'lukas_hruby', 'ludekpalenik', 'kareln', 'xobsil02', 'xpospi81', 'dstarh107', 'xflekp01', 'xmusil56']"
9,349,63,85,50,"['raoashish96', 'nehalibagwe', 'tdholpuria', 'selvi09.1995', 'sweta151945', 'princeporje98', 'sanjitashetti', 'yogeshwar21121995', 'rukhsrd', 'vijita150995', 'varma096', 'patel.afi', 'gayathrisundareesan', 'arunnambiar66', 'anevrekar', 'jankita269', 'dzshady', 'kumarvivek017', 'gatsagar1993', 'ashwinimisal34', 'sumitshelar68', 'ameyag007', 'smajumdar', 'pshukla01', 'adarshsugathan71', 'tanmay.telang', 'shivam_cr7', 'bagdekunal98', 'tejuliman74', 'qwertynishit', 'gharess89', 'rayvaghela1', 'ameyrawool95', 'sumit.madgi96', 'rnair15', 'yerunkarsuraj007', 'abauti608', 'peshinakash', 'jeevannilankar', 'rjoshi02', 'vjseedan', 'surajrk60.68', 'abinaya67006', 'tsanket79', 'anusept2011', 'patilroshan1128', 'tejask2610', 'sebastian007', 'shreyasawant95', 'krishnapriyanair123']",12,"['vishankkhatri95', 'mills131995', 'krishna96', 'gauravrajeshmehta', 'cpatil152', 'qureshisalman69', 'apekshap439', 'sonalipawar589', 'praju.avhad', 'nehah95', 'ravina.chavan42', 'chaudharipayal50']",35,"['ntambe', 'lino2296', 'sarika', 'gupta.ravi1996', 'karankyp', 'smenon05', 'khedikaryash8', 'sayujya.nair', 'pranitgirkar', 'kannankarthik123456', 'atoraskar12', 'g3jithinn', 'nikj816', 'pkalanadhabhatta', 'suraj6111994', 'verma.amitkumar95', 'pdeshpande', 'pranithsuvarna1', 'sawant.vaishnavi25', 'krnraina11', 'darshanadaund27', 'karan.marketkar', 'shaminakunnel', 'abhiramibp95', 'aanugraha', 'maithili010', 'chandramani.yadav43', 'nehaaltawade1', 'walavalkarmayur79', 'deepikachaman3', 'vishal.chavda', 'harshitbangera', 'akash.parate14', 'desaivighnesh95', 'srane']",97,"['sarika', 'khedikaryash8', 'pranitgirkar', 'atoraskar12', 'g3jithinn', 'nikj816', 'rukhsrd', 'vijita150995', 'pkalanadhabhatta', 'patel.afi', 'arunnambiar66', 'praju.avhad', 'nehah95', 'pdeshpande', 'sumitshelar68', 'darshanadaund27', 'ameyag007', 'smajumdar', 'krishna96', 'adarshsugathan71', 'tanmay.telang', 'shivam_cr7', 'bagdekunal98', 'tejuliman74', 'qwertynishit', 'sumit.madgi96', 'rnair15', 'yerunkarsuraj007', 'peshinakash', 'rjoshi02', 'surajrk60.68', 'abinaya67006', 'harshitbangera', 'akash.parate14', 'srane', 'shreyasawant95', 'ntambe', 'lino2296', 'selvi09.1995', 'princeporje98', 'suraj6111994', 'anevrekar', 'jankita269', 'pranithsuvarna1', 'gharess89', 'apekshap439', 'ameyrawool95', 'chandramani.yadav43', 'jeevannilankar', 'vjseedan', 'anusept2011', 'patilroshan1128', 'ravina.chavan42', 'raoashish96', 'vishankkhatri95', 'mills131995', 'tdholpuria', 'nehalibagwe', 'gupta.ravi1996', 'smenon05', 'sayujya.nair', 'sanjitashetti', 'yogeshwar21121995', 'varma096', 'cpatil152', 'qureshisalman69', 'sawant.vaishnavi25', 'kumarvivek017', 'krnraina11', 'gauravrajeshmehta', 'abhiramibp95', 'rayvaghela1', 'aanugraha', 'maithili010', 'tsanket79', 'tejask2610', 'sebastian007', 'karankyp', 'sweta151945', 'kannankarthik123456', 'gayathrisundareesan', 'sonalipawar589', 'verma.amitkumar95', 'dzshady', 'gatsagar1993', 'ashwinimisal34', 'karan.marketkar', 'pshukla01', 'shaminakunnel', 'nehaaltawade1', 'walavalkarmayur79', 'deepikachaman3', 'abauti608', 'vishal.chavda', 'desaivighnesh95', 'chaudharipayal50', 'krishnapriyanair123']"
9,347,63,34,9,"['gauravrajeshmehta', 'cpatil152', 'qureshisalman69', 'sonalipawar589', 'praju.avhad', 'nehah95', 'ravina.chavan42', 'sebastian007', 'chaudharipayal50']",53,"['raoashish96', 'vishankkhatri95', 'mills131995', 'tdholpuria', 'nehalibagwe', 'selvi09.1995', 'sweta151945', 'princeporje98', 'sanjitashetti', 'yogeshwar21121995', 'rukhsrd', 'vijita150995', 'varma096', 'patel.afi', 'gayathrisundareesan', 'arunnambiar66', 'anevrekar', 'jankita269', 'dzshady', 'kumarvivek017', 'gatsagar1993', 'ashwinimisal34', 'sumitshelar68', 'ameyag007', 'smajumdar', 'krishna96', 'pshukla01', 'tanmay.telang', 'shivam_cr7', 'bagdekunal98', 'tejuliman74', 'qwertynishit', 'adarshsugathan71', 'gharess89', 'apekshap439', 'rayvaghela1', 'ameyrawool95', 'sumit.madgi96', 'rnair15', 'yerunkarsuraj007', 'abauti608', 'peshinakash', 'jeevannilankar', 'rjoshi02', 'vjseedan', 'surajrk60.68', 'abinaya67006', 'tsanket79', 'anusept2011', 'patilroshan1128', 'tejask2610', 'shreyasawant95', 'krishnapriyanair123']",25,"['saylishirodkar58', 'vinit95vasudevan', 'aashaysathe', 'shailt1221', 'umeshkaurav17', 'bonhomie11', 'ajthamke40', 'viveky803', 'komalbapna.kb', 'nikhildubey02051996', 'vishakha1805', 'ahire.monali07', 'dikshabafna1995', 'aniketsurve160', 'manishashetye1295', 'sumedh_patil', 'rajashree.pimputkar', 'pravin45', 'oindri.c', None, 'abhishekm2861996', 'pbrahmapurkar', 'saurabhmangeshkar', 'kondekar23', 'shakyanandk']",87,"['raoashish96', 'vishankkhatri95', 'saylishirodkar58', 'mills131995', 'tdholpuria', 'nehalibagwe', 'vinit95vasudevan', 'sanjitashetti', 'kondekar23', 'yogeshwar21121995', 'rukhsrd', 'vijita150995', 'varma096', 'patel.afi', 'cpatil152', 'qureshisalman69', 'arunnambiar66', 'bonhomie11', 'praju.avhad', 'nehah95', 'viveky803', 'kumarvivek017', 'nikhildubey02051996', 'sumitshelar68', 'ameyag007', 'smajumdar', 'krishna96', 'gauravrajeshmehta', 'tanmay.telang', 'shivam_cr7', 'bagdekunal98', 'tejuliman74', 'qwertynishit', 'adarshsugathan71', 'vishakha1805', 'aniketsurve160', 'manishashetye1295', 'sumedh_patil', 'rayvaghela1', 'sumit.madgi96', 'rnair15', 'yerunkarsuraj007', 'pravin45', 'peshinakash', 'rjoshi02', 'oindri.c', 'surajrk60.68', 'abinaya67006', 'tsanket79', 'tejask2610', 'sebastian007', 'shreyasawant95', 'saurabhmangeshkar', 'shakyanandk', 'selvi09.1995', 'sweta151945', 'princeporje98', 'aashaysathe', 'shailt1221', 'umeshkaurav17', 'gayathrisundareesan', 'anevrekar', 'sonalipawar589', 'jankita269', 'ajthamke40', 'komalbapna.kb', 'dzshady', 'gatsagar1993', 'ashwinimisal34', 'pshukla01', 'ahire.monali07', 'dikshabafna1995', 'gharess89', 'apekshap439', 'rajashree.pimputkar', 'ameyrawool95', 'abauti608', None, 'jeevannilankar', 'vjseedan', 'abhishekm2861996', 'pbrahmapurkar', 'anusept2011', 'patilroshan1128', 'ravina.chavan42', 'chaudharipayal50', 'krishnapriyanair123']"
9,346,63,12,6,"['vishankkhatri95', 'mills131995', 'krishna96', 'tanmay.telang', 'apekshap439', 'rayvaghela1']",56,"['raoashish96', 'tdholpuria', 'nehalibagwe', 'selvi09.1995', 'sweta151945', 'princeporje98', 'sanjitashetti', 'yogeshwar21121995', 'rukhsrd', 'vijita150995', 'varma096', 'patel.afi', 'cpatil152', 'qureshisalman69', 'gayathrisundareesan', 'arunnambiar66', 'anevrekar', 'sonalipawar589', 'praju.avhad', 'nehah95', 'jankita269', 'dzshady', 'kumarvivek017', 'gatsagar1993', 'ashwinimisal34', 'sumitshelar68', 'ameyag007', 'smajumdar', 'gauravrajeshmehta', 'pshukla01', 'shivam_cr7', 'bagdekunal98', 'tejuliman74', 'qwertynishit', 'gharess89', 'adarshsugathan71', 'ameyrawool95', 'sumit.madgi96', 'rnair15', 'yerunkarsuraj007', 'abauti608', 'peshinakash', 'jeevannilankar', 'rjoshi02', 'vjseedan', 'surajrk60.68', 'abinaya67006', 'tsanket79', 'anusept2011', 'patilroshan1128', 'tejask2610', 'shreyasawant95', 'ravina.chavan42', 'sebastian007', 'chaudharipayal50', 'krishnapriyanair123']",6,"['vishal.chavda', 'kailash.p', 'karan.gondalia', 'chiman.patel', 'burhanuddinjam', None]",68,"['raoashish96', 'vishankkhatri95', 'mills131995', 'tdholpuria', 'nehalibagwe', 'selvi09.1995', 'sweta151945', 'princeporje98', 'sanjitashetti', 'yogeshwar21121995', 'rukhsrd', 'vijita150995', 'varma096', 'patel.afi', 'cpatil152', 'qureshisalman69', 'gayathrisundareesan', 'arunnambiar66', 'kailash.p', 'anevrekar', 'karan.gondalia', 'sonalipawar589', 'praju.avhad', 'nehah95', 'jankita269', 'burhanuddinjam', 'dzshady', 'kumarvivek017', 'gatsagar1993', 'ashwinimisal34', 'sumitshelar68', 'ameyag007', 'smajumdar', 'krishna96', 'gauravrajeshmehta', 'pshukla01', 'shivam_cr7', 'bagdekunal98', 'tejuliman74', 'qwertynishit', 'tanmay.telang', 'gharess89', 'adarshsugathan71', 'apekshap439', 'rayvaghela1', 'ameyrawool95', 'sumit.madgi96', 'rnair15', 'yerunkarsuraj007', 'abauti608', 'peshinakash', 'jeevannilankar', 'rjoshi02', 'vjseedan', None, 'surajrk60.68', 'abinaya67006', 'vishal.chavda', 'tsanket79', 'anusept2011', 'patilroshan1128', 'tejask2610', 'shreyasawant95', 'chiman.patel', 'ravina.chavan42', 'sebastian007', 'chaudharipayal50', 'krishnapriyanair123']"
10,309,52,56,51,"['rubenhugu', 'orestisv95', 'jelem23', 'agarciabalsa', 'alvaroirimia', 'ptorres', 'hec21', 'panigarcia95', 'juangm95', 'ingles.miunicavirtud.y.aficion', 'isaacspidey', 'avogadro', 'alexcuquimon26', 'stocky71', 'davidbricio', 'jberrocal', 'jotaeneeme', 'tabanto', 'lourdesurda', 'jalito92', 'rach__94', 'miguemg1995', 'luishue', 'juaniandujar', 'adrianlentijo', 'franarcog', 'patricia.arias.vivancos', 'maykelbasket94', 'jmrm941', 'blancabf7', 'zoraida', 'adriansgsg', 'f32vagaa', 'javierfloresmartin1992', 'josecalderon95', 'sambarroso', 'eduxyv', 'pakitomantelito', 'ginton23', 'olaolea', 'franrapri21', 'cepebe13', 'angelomilone94', 'alexrl93', 'manologr', 'xacomelide', 'marialo', 'pralcalde', 'blizzartt', 'pablotorres', 'gonzalogbb']",0,[],5,"['fmgomez', 'juliadoca', 'cv', None, 'matthew']",56,"['orestisv95', 'panigarcia95', 'juangm95', 'avogadro', 'stocky71', 'jotaeneeme', 'tabanto', 'lourdesurda', 'jalito92', 'miguemg1995', 'patricia.arias.vivancos', 'maykelbasket94', 'jmrm941', 'f32vagaa', 'josecalderon95', 'eduxyv', 'ginton23', 'franrapri21', 'alexrl93', 'cepebe13', 'manologr', 'marialo', 'pablotorres', 'gonzalogbb', 'rubenhugu', 'jelem23', 'agarciabalsa', 'alvaroirimia', 'cv', 'ptorres', 'hec21', 'alexcuquimon26', 'ingles.miunicavirtud.y.aficion', 'isaacspidey', 'davidbricio', 'jberrocal', 'juliadoca', 'matthew', 'rach__94', 'fmgomez', 'luishue', 'juaniandujar', 'adrianlentijo', 'franarcog', 'blancabf7', 'zoraida', None, 'adriansgsg', 'javierfloresmartin1992', 'sambarroso', 'pakitomantelito', 'olaolea', 'angelomilone94', 'xacomelide', 'pralcalde', 'blizzartt']"
10,264,52,54,51,"['rubenhugu', 'orestisv95', 'jelem23', 'agarciabalsa', 'alvaroirimia', 'ptorres', 'hec21', 'panigarcia95', 'juangm95', 'ingles.miunicavirtud.y.aficion', 'isaacspidey', 'avogadro', 'alexcuquimon26', 'stocky71', 'davidbricio', 'jberrocal', 'jotaeneeme', 'tabanto', 'lourdesurda', 'jalito92', 'rach__94', 'miguemg1995', 'luishue', 'juaniandujar', 'adrianlentijo', 'franarcog', 'patricia.arias.vivancos', 'maykelbasket94', 'jmrm941', 'blancabf7', 'zoraida', 'adriansgsg', 'f32vagaa', 'javierfloresmartin1992', 'josecalderon95', 'sambarroso', 'eduxyv', 'pakitomantelito', 'ginton23', 'olaolea', 'franrapri21', 'cepebe13', 'angelomilone94', 'alexrl93', 'manologr', 'xacomelide', 'marialo', 'pralcalde', 'blizzartt', 'pablotorres', 'gonzalogbb']",0,[],3,"['fmgomez', None, 'cv']",54,"['orestisv95', 'panigarcia95', 'juangm95', 'avogadro', 'stocky71', 'jotaeneeme', 'tabanto', 'lourdesurda', 'jalito92', 'miguemg1995', 'patricia.arias.vivancos', 'maykelbasket94', 'jmrm941', 'f32vagaa', 'josecalderon95', 'eduxyv', 'ginton23', 'franrapri21', 'alexrl93', 'cepebe13', 'manologr', 'marialo', 'pablotorres', 'gonzalogbb', 'rubenhugu', 'jelem23', 'agarciabalsa', 'alvaroirimia', 'cv', 'ptorres', 'hec21', 'alexcuquimon26', 'ingles.miunicavirtud.y.aficion', 'isaacspidey', 'davidbricio', 'jberrocal', 'rach__94', 'fmgomez', 'luishue', 'juaniandujar', 'adrianlentijo', 'franarcog', 'blancabf7', 'zoraida', None, 'adriansgsg', 'javierfloresmartin1992', 'sambarroso', 'pakitomantelito', 'olaolea', 'angelomilone94', 'xacomelide', 'pralcalde', 'blizzartt']"
10,310,52,33,30,"['rubenhugu', 'orestisv95', 'agarciabalsa', 'hec21', 'panigarcia95', 'juangm95', 'isaacspidey', 'stocky71', 'davidbricio', 'jberrocal', 'tabanto', 'jalito92', 'rach__94', 'miguemg1995', 'luishue', 'franarcog', 'patricia.arias.vivancos', 'zoraida', 'adriansgsg', 'f32vagaa', 'josecalderon95', 'sambarroso', 'olaolea', 'franrapri21', 'alexrl93', 'manologr', 'xacomelide', 'marialo', 'pralcalde', 'gonzalogbb']",21,"['jelem23', 'alvaroirimia', 'ptorres', 'alexcuquimon26', 'ingles.miunicavirtud.y.aficion', 'avogadro', 'jotaeneeme', 'lourdesurda', 'juaniandujar', 'adrianlentijo', 'maykelbasket94', 'jmrm941', 'blancabf7', 'javierfloresmartin1992', 'eduxyv', 'pakitomantelito', 'ginton23', 'cepebe13', 'angelomilone94', 'blizzartt', 'pablotorres']",3,"['fmgomez', None, 'matthew']",54,"['orestisv95', 'panigarcia95', 'juangm95', 'avogadro', 'stocky71', 'jotaeneeme', 'tabanto', 'lourdesurda', 'jalito92', 'miguemg1995', 'patricia.arias.vivancos', 'maykelbasket94', 'jmrm941', 'f32vagaa', 'josecalderon95', 'eduxyv', 'ginton23', 'franrapri21', 'alexrl93', 'cepebe13', 'manologr', 'marialo', 'pablotorres', 'gonzalogbb', 'rubenhugu', 'jelem23', 'agarciabalsa', 'alvaroirimia', 'ptorres', 'hec21', 'alexcuquimon26', 'ingles.miunicavirtud.y.aficion', 'isaacspidey', 'davidbricio', 'jberrocal', 'matthew', 'rach__94', 'fmgomez', 'luishue', 'juaniandujar', 'adrianlentijo', 'franarcog', 'blancabf7', 'zoraida', None, 'adriansgsg', 'javierfloresmartin1992', 'sambarroso', 'pakitomantelito', 'olaolea', 'angelomilone94', 'xacomelide', 'pralcalde', 'blizzartt']"
10,311,52,18,16,"['jelem23', 'javierfloresmartin1992', 'josecalderon95', 'sambarroso', 'agarciabalsa', 'jotaeneeme', 'pakitomantelito', 'luishue', 'juaniandujar', 'adrianlentijo', 'franarcog', 'lourdesurda', 'cepebe13', 'angelomilone94', 'avogadro', 'blizzartt']",35,"['rubenhugu', 'orestisv95', 'alvaroirimia', 'ptorres', 'hec21', 'panigarcia95', 'juangm95', 'ingles.miunicavirtud.y.aficion', 'isaacspidey', 'alexcuquimon26', 'stocky71', 'davidbricio', 'jberrocal', 'tabanto', 'jalito92', 'rach__94', 'miguemg1995', 'patricia.arias.vivancos', 'maykelbasket94', 'jmrm941', 'blancabf7', 'zoraida', 'adriansgsg', 'f32vagaa', 'eduxyv', 'ginton23', 'olaolea', 'franrapri21', 'alexrl93', 'manologr', 'xacomelide', 'marialo', 'pralcalde', 'pablotorres', 'gonzalogbb']",2,"['juliadoca', None]",53,"['rubenhugu', 'orestisv95', 'jelem23', 'agarciabalsa', 'alvaroirimia', 'ptorres', 'hec21', 'panigarcia95', 'juangm95', 'ingles.miunicavirtud.y.aficion', 'isaacspidey', 'avogadro', 'alexcuquimon26', 'stocky71', 'davidbricio', 'jberrocal', 'jotaeneeme', 'juliadoca', 'tabanto', 'lourdesurda', 'jalito92', 'rach__94', 'miguemg1995', 'luishue', 'juaniandujar', 'adrianlentijo', 'franarcog', 'patricia.arias.vivancos', 'maykelbasket94', 'jmrm941', 'blancabf7', 'zoraida', None, 'adriansgsg', 'f32vagaa', 'javierfloresmartin1992', 'josecalderon95', 'sambarroso', 'eduxyv', 'pakitomantelito', 'ginton23', 'olaolea', 'franrapri21', 'cepebe13', 'angelomilone94', 'alexrl93', 'manologr', 'xacomelide', 'marialo', 'pralcalde', 'blizzartt', 'pablotorres', 'gonzalogbb']"
11,86,47,44,43,"['aerovane', 'rlziegl2', 'amblaze2', 'gjsu2', 'nuethon2', 'mdeshmu2', 'apdeshp2', 'litwill2', 'ynam11', 'jbianco2', 'oscarbi2', 'faliba2', 'dejourn2', 'xingyu2', 'smith93', 'mcoll2204', 'masiyi9406', 'sid.murali2', 'satpath2', 'fghjkl1324', 'lachwsk2', 'flhuang2', 'chinnap2', 'klschul2', 'yyan10', 'jmin18', 'nantaoli', 'bwu27', 'wttnkll2', 'dpradha2', 'congnyu2', 'dkumar6', 'meschro2', 'yiyue.luo.9', 'gullman99', 'hzshahi2', 'vijayku2', 'danzige2', 'schiang5', 'isaac.calvillor', 'hhuang66', 'moondrinker123', 'wasz2']",3,"['toombs2', 'wilnsky2', 'woodbrn2']",1,[None],47,"['gjsu2', 'nuethon2', 'mdeshmu2', 'ynam11', 'dejourn2', 'smith93', 'mcoll2204', 'sid.murali2', 'satpath2', 'chinnap2', 'lachwsk2', 'fghjkl1324', 'flhuang2', 'klschul2', 'yyan10', 'jmin18', 'bwu27', 'wttnkll2', 'wilnsky2', 'congnyu2', 'dkumar6', 'hzshahi2', 'schiang5', 'isaac.calvillor', 'hhuang66', 'wasz2', 'aerovane', 'rlziegl2', 'amblaze2', 'apdeshp2', 'litwill2', 'oscarbi2', 'jbianco2', 'faliba2', 'xingyu2', 'masiyi9406', 'toombs2', 'woodbrn2', 'nantaoli', 'dpradha2', None, 'meschro2', 'yiyue.luo.9', 'gullman99', 'vijayku2', 'danzige2', 'moondrinker123']"
12,139,47,54,42,"['tohen12', 'michael_vis', 'erez.ancho1', 'nirzi33', 'arbela8', 'odedyosef', '122guy122', 'maorbenshimon', 'danielgori11', 'katyagulitski', 'matann', 'amir.koifman', 'lieloren', 'kong', 'mhalevy89', 'unix.matias', 'ilan', 'mamounbatheesh', 'avibenoni', 'gevrosenthal', 'yarin', 'oren12333', 'liron123', 'lior0086', 'duga4duga', 'samuel1991', 'dinorxd123', 'kfir', 'roymoran1', 'nadia14297', 'mor26', 'nloogs', 'haim.avraham23', 'tomerbrick', 'cohenor96', 'nadavkugman', 'misha2412', 'aviramh25', 'wow979', 'netanell', 'dimaa17', 'maorishakov25397']",4,"['nofaratia', 'maorinho30', 'zeevsklyar', 'goldner90']",12,"['ofeknitzan1', 'kiper', 'smimipar', 'galshitrit', 'shlomimakro', 'eyms121', 'tomerpal', 'michal.balberg', 'elads', 'amitsason1', None, 'yeshiwasu']",58,"['tohen12', 'michael_vis', 'erez.ancho1', 'arbela8', 'odedyosef', '122guy122', 'tomerpal', 'danielgori11', 'zeevsklyar', 'eyms121', 'mhalevy89', 'unix.matias', 'gevrosenthal', 'maorinho30', 'oren12333', 'lior0086', 'smimipar', 'galshitrit', 'dinorxd123', 'kfir', 'roymoran1', 'mor26', 'elads', 'amitsason1', 'yeshiwasu', 'nloogs', 'haim.avraham23', 'cohenor96', 'nadavkugman', 'misha2412', 'netanell', 'maorishakov25397', 'nirzi33', 'shlomimakro', 'michal.balberg', 'maorbenshimon', 'katyagulitski', 'matann', 'nofaratia', 'amir.koifman', 'lieloren', 'kong', 'ilan', 'mamounbatheesh', 'avibenoni', 'yarin', 'liron123', 'duga4duga', 'samuel1991', 'goldner90', 'kiper', 'nadia14297', None, 'ofeknitzan1', 'tomerbrick', 'aviramh25', 'wow979', 'dimaa17']"
13,243,47,11,10,"['mnyre', 'chakra21', 'woneill', 'das24', 'li2607', 'gupta365', 'dbranco', 'afhoon', 'sheth7', 'dukesa']",36,"['aguilarf', 'afariss', 'bihlman', 'guerrer2', 'long260', 'weaver83', 'rspoonir', 'slaurila', 'jasonglassbrook', 'jasonbullemer12', 'ragyei', 'jtramagl', 'amudek', 'watkin36', 'liu1748', 'szusack', 'bryanjd382', 'ckinsel', 'pbaldwi', 'snyderbc', 'rrai', 'aporro', 'cgkartzo', 'page50', 'arawlins', 'rspoonire', 'janyasi', 'joshi29', 'jfeldste', 'edwar209', 'vaditya', 'cmcafee', 'nmajumda', 'raymond1', 'mukher21', 'howar199']",1,[None],47,"['aguilarf', 'afariss', 'bihlman', 'guerrer2', 'long260', 'woneill', 'weaver83', 'rspoonir', 'slaurila', 'jasonglassbrook', 'jasonbullemer12', 'ragyei', 'jtramagl', 'amudek', 'watkin36', 'liu1748', 'szusack', 'bryanjd382', 'ckinsel', 'das24', 'dbranco', 'pbaldwi', 'mnyre', 'snyderbc', 'rrai', 'chakra21', 'aporro', 'cgkartzo', 'page50', 'howar199', 'arawlins', 'sheth7', 'rspoonire', 'janyasi', None, 'gupta365', 'li2607', 'jfeldste', 'edwar209', 'vaditya', 'cmcafee', 'nmajumda', 'afhoon', 'raymond1', 'mukher21', 'dukesa', 'joshi29']"
14,25,47,31,29,"['midoelashmawy32', 'ayausama1997', 'rofidaosama', 'mohammednasser', 'sohaanas25', 'jala', 'gannatmagdy0', 'y4a7s96', 'jo565giovanni', 'marinaboules9', 'olamansour21', 'nadermoussa1', 'minaadel2017', 'mfathy97', 'omarkhaledgadallah', 'hebaismail', 'ahmadessam1997', 'ahmed_yahia', 'mostafa12345', 'alaahasan1995', 'zyad_2012', 'masterrub', 'th2citysave', 'nancy2', 'ahmed.k.shaker', 'hanatouni97', 'bel5525', 'emara2756300', 'omarkhaled1997']",17,"['rosemela', 'qkeyes', 'rpeterson', 'lopeandia', 'myagmarhishig123', 'fjy1989', 'paqito9999', 'bassim_hisham', 'vps5', 'anita.dunsmore', 'carlosdiaz620', 'clenyk', 'shagai0510', 'ahmedbakla94', 'ahmedelkayal', 'celetldci', 'cearppitkins']",2,"[None, 'mhelmahlawy']",48,"['rosemela', 'bassim_hisham', 'midoelashmawy32', 'shagai0510', 'rofidaosama', 'sohaanas25', 'jala', 'gannatmagdy0', 'y4a7s96', 'fjy1989', 'jo565giovanni', 'olamansour21', 'vps5', 'nadermoussa1', 'ahmedbakla94', 'omarkhaledgadallah', 'mfathy97', 'qkeyes', 'clenyk', 'ahmedelkayal', 'ahmadessam1997', 'cearppitkins', 'ahmed_yahia', 'mostafa12345', 'masterrub', 'nancy2', 'emara2756300', 'bel5525', 'paqito9999', 'mohammednasser', 'marinaboules9', 'anita.dunsmore', 'celetldci', 'minaadel2017', 'mhelmahlawy', 'hebaismail', 'carlosdiaz620', None, 'alaahasan1995', 'zyad_2012', 'rpeterson', 'th2citysave', 'lopeandia', 'myagmarhishig123', 'ahmed.k.shaker', 'hanatouni97', 'ayausama1997', 'omarkhaled1997']"
14,30,47,9,7,"['qkeyes', 'rpeterson', 'rosemela', 'anita.dunsmore', 'clenyk', 'carlosdiaz620', 'cearppitkins']",39,"['paqito9999', 'bassim_hisham', 'midoelashmawy32', 'shagai0510', 'ayausama1997', 'rofidaosama', 'sohaanas25', 'mohammednasser', 'jala', 'gannatmagdy0', 'y4a7s96', 'fjy1989', 'jo565giovanni', 'marinaboules9', 'olamansour21', 'vps5', 'nadermoussa1', 'ahmedbakla94', 'celetldci', 'minaadel2017', 'omarkhaledgadallah', 'mfathy97', 'hebaismail', 'ahmedelkayal', 'ahmadessam1997', 'ahmed_yahia', 'mostafa12345', 'alaahasan1995', 'zyad_2012', 'th2citysave', 'masterrub', 'myagmarhishig123', 'lopeandia', 'nancy2', 'ahmed.k.shaker', 'hanatouni97', 'bel5525', 'emara2756300', 'omarkhaled1997']",2,"[None, 'drpetro']",48,"['rosemela', 'paqito9999', 'bassim_hisham', 'midoelashmawy32', 'shagai0510', 'ayausama1997', 'rofidaosama', 'sohaanas25', 'mohammednasser', 'jala', 'gannatmagdy0', 'y4a7s96', 'fjy1989', 'jo565giovanni', 'drpetro', 'marinaboules9', 'olamansour21', 'vps5', 'nadermoussa1', 'anita.dunsmore', 'ahmedbakla94', 'celetldci', 'minaadel2017', 'omarkhaledgadallah', 'mfathy97', 'qkeyes', 'hebaismail', 'clenyk', 'ahmedelkayal', 'carlosdiaz620', 'ahmadessam1997', 'cearppitkins', 'ahmed_yahia', 'mostafa12345', 'alaahasan1995', None, 'zyad_2012', 'rpeterson', 'th2citysave', 'masterrub', 'myagmarhishig123', 'lopeandia', 'nancy2', 'ahmed.k.shaker', 'hanatouni97', 'bel5525', 'emara2756300', 'omarkhaled1997']"
14,26,47,8,2,"['myagmarhishig123', 'shagai0510']",44,"['rosemela', 'paqito9999', 'bassim_hisham', 'midoelashmawy32', 'ayausama1997', 'rofidaosama', 'sohaanas25', 'mohammednasser', 'jala', 'gannatmagdy0', 'y4a7s96', 'fjy1989', 'jo565giovanni', 'marinaboules9', 'olamansour21', 'vps5', 'nadermoussa1', 'anita.dunsmore', 'ahmedbakla94', 'celetldci', 'minaadel2017', 'omarkhaledgadallah', 'mfathy97', 'qkeyes', 'hebaismail', 'clenyk', 'ahmedelkayal', 'carlosdiaz620', 'ahmadessam1997', 'cearppitkins', 'ahmed_yahia', 'mostafa12345', 'alaahasan1995', 'zyad_2012', 'rpeterson', 'th2citysave', 'masterrub', 'lopeandia', 'nancy2', 'ahmed.k.shaker', 'hanatouni97', 'bel5525', 'emara2756300', 'omarkhaled1997']",6,"['aaaaa', 'dorjhand', 'cchingis99', None, 'enhjin.ilmg', 'e.mt12d006']",52,"['rosemela', 'paqito9999', 'bassim_hisham', 'midoelashmawy32', 'shagai0510', 'ayausama1997', 'cchingis99', 'rofidaosama', 'sohaanas25', 'mohammednasser', 'jala', 'gannatmagdy0', 'y4a7s96', 'fjy1989', 'jo565giovanni', 'marinaboules9', 'olamansour21', 'vps5', 'nadermoussa1', 'anita.dunsmore', 'dorjhand', 'ahmedbakla94', 'celetldci', 'minaadel2017', 'omarkhaledgadallah', 'mfathy97', 'enhjin.ilmg', 'qkeyes', 'hebaismail', 'clenyk', 'ahmedelkayal', 'carlosdiaz620', 'ahmadessam1997', 'cearppitkins', 'ahmed_yahia', 'mostafa12345', 'alaahasan1995', None, 'zyad_2012', 'rpeterson', 'th2citysave', 'masterrub', 'myagmarhishig123', 'lopeandia', 'nancy2', 'aaaaa', 'ahmed.k.shaker', 'hanatouni97', 'bel5525', 'emara2756300', 'omarkhaled1997', 'e.mt12d006']"
14,27,47,7,2,"['myagmarhishig123', 'shagai0510']",44,"['rosemela', 'paqito9999', 'bassim_hisham', 'midoelashmawy32', 'ayausama1997', 'rofidaosama', 'sohaanas25', 'mohammednasser', 'jala', 'gannatmagdy0', 'y4a7s96', 'fjy1989', 'jo565giovanni', 'marinaboules9', 'olamansour21', 'vps5', 'nadermoussa1', 'anita.dunsmore', 'ahmedbakla94', 'celetldci', 'minaadel2017', 'omarkhaledgadallah', 'mfathy97', 'qkeyes', 'hebaismail', 'clenyk', 'ahmedelkayal', 'carlosdiaz620', 'ahmadessam1997', 'cearppitkins', 'ahmed_yahia', 'mostafa12345', 'alaahasan1995', 'zyad_2012', 'rpeterson', 'th2citysave', 'masterrub', 'lopeandia', 'nancy2', 'ahmed.k.shaker', 'hanatouni97', 'bel5525', 'emara2756300', 'omarkhaled1997']",5,"['aaaaa', 'dorjhand', 'by.gerelmaa', None, 'e.mt12d006']",51,"['rosemela', 'paqito9999', 'bassim_hisham', 'midoelashmawy32', 'by.gerelmaa', 'shagai0510', 'ayausama1997', 'rofidaosama', 'sohaanas25', 'mohammednasser', 'jala', 'gannatmagdy0', 'y4a7s96', 'fjy1989', 'jo565giovanni', 'marinaboules9', 'olamansour21', 'vps5', 'nadermoussa1', 'anita.dunsmore', 'dorjhand', 'ahmedbakla94', 'celetldci', 'minaadel2017', 'omarkhaledgadallah', 'mfathy97', 'qkeyes', 'hebaismail', 'clenyk', 'ahmedelkayal', 'carlosdiaz620', 'ahmadessam1997', 'cearppitkins', 'ahmed_yahia', 'mostafa12345', 'alaahasan1995', None, 'zyad_2012', 'rpeterson', 'th2citysave', 'masterrub', 'myagmarhishig123', 'lopeandia', 'nancy2', 'aaaaa', 'ahmed.k.shaker', 'hanatouni97', 'bel5525', 'emara2756300', 'omarkhaled1997', 'e.mt12d006']"
15,260,46,55,43,"['eddielemus61', 'vkoka', 'lsun47', 'chenjiachao1105', 'agrula', 'btostberg', 'ctsmit17', 'jkeomany', 'edmendo2', 'itvogt', 'ijuarez2', 'damoren7', 'kawickha', 'cnmarrs', 'jjkinney', 'bshehab', 'dchesak', 'ndgardne', 'wyusuf', 'jgivler', 'hbasurto', 'tkadyrov', 'sgerrish', 'alexhaws7', 'srmills1', 'aaboytes', 'cdburnet', 'alay', 'janels22', 'adjohn16', 'amanda.k.smith', 'salaar90', 'tjmurph6', 'divyanshukhare', 'makkara', 'racunabr', 'oyanine', 'smatherl', 'nmarafie', 'nlcarbal', 'aaamer', 'dineshsilva003', 'whowald']",2,"['austinluo', 'egramlin']",12,"['bwfennel', 'jgsilva95', 'macopeland', 'shusein', 'bonecrusher', None, 'beewart', 'jlee397', 'flyingdutchman254', 'titanking117', 'jljohn54', 'cdconner']",57,"['eddielemus61', 'lsun47', 'chenjiachao1105', 'ctsmit17', 'flyingdutchman254', 'itvogt', 'damoren7', 'jgsilva95', 'dchesak', 'ndgardne', 'wyusuf', 'jljohn54', 'tkadyrov', 'egramlin', 'alexhaws7', 'jlee397', 'aaboytes', 'cdburnet', 'alay', 'janels22', 'salaar90', 'divyanshukhare', 'makkara', 'oyanine', 'smatherl', 'nmarafie', 'nlcarbal', 'beewart', 'dineshsilva003', 'bwfennel', 'vkoka', 'shusein', 'bonecrusher', 'agrula', 'btostberg', 'titanking117', 'jkeomany', 'edmendo2', 'ijuarez2', 'cdconner', 'kawickha', 'cnmarrs', 'jjkinney', 'bshehab', 'jgivler', 'austinluo', 'hbasurto', 'sgerrish', 'srmills1', 'adjohn16', 'amanda.k.smith', None, 'tjmurph6', 'macopeland', 'racunabr', 'aaamer', 'whowald']"
15,51,46,51,39,"['eddielemus61', 'lsun47', 'chenjiachao1105', 'agrula', 'btostberg', 'ctsmit17', 'jkeomany', 'itvogt', 'damoren7', 'ijuarez2', 'kawickha', 'cnmarrs', 'jjkinney', 'bshehab', 'ndgardne', 'wyusuf', 'jgivler', 'austinluo', 'hbasurto', 'tkadyrov', 'sgerrish', 'egramlin', 'alexhaws7', 'srmills1', 'aaboytes', 'janels22', 'adjohn16', 'salaar90', 'tjmurph6', 'divyanshukhare', 'makkara', 'racunabr', 'oyanine', 'smatherl', 'nmarafie', 'nlcarbal', 'aaamer', 'dineshsilva003', 'whowald']",6,"['vkoka', 'dchesak', 'cdburnet', 'alay', 'amanda.k.smith', 'edmendo2']",12,"['songwarm', 'beltranelliot', 'bonecrusher', None, 'jgsilva1', 'xypherade', 'jmroger8', 'jchen258', 'martin1994', 'mecopela', 'jfherna', 'cdconner']",57,"['eddielemus61', 'songwarm', 'lsun47', 'chenjiachao1105', 'ctsmit17', 'itvogt', 'damoren7', 'dchesak', 'ndgardne', 'wyusuf', 'xypherade', 'tkadyrov', 'egramlin', 'alexhaws7', 'aaboytes', 'cdburnet', 'alay', 'janels22', 'salaar90', 'divyanshukhare', 'makkara', 'oyanine', 'beltranelliot', 'smatherl', 'nmarafie', 'nlcarbal', 'jgsilva1', 'dineshsilva003', 'vkoka', 'bonecrusher', 'agrula', 'btostberg', 'jmroger8', 'jchen258', 'martin1994', 'jkeomany', 'mecopela', 'edmendo2', 'ijuarez2', 'jfherna', 'cdconner', 'kawickha', 'cnmarrs', 'jjkinney', 'bshehab', 'jgivler', 'austinluo', 'hbasurto', 'sgerrish', 'srmills1', 'adjohn16', 'amanda.k.smith', None, 'tjmurph6', 'racunabr', 'aaamer', 'whowald']"
15,140,46,24,22,"['agrula', 'chenjiachao1105', 'itvogt', 'damoren7', 'ijuarez2', 'cnmarrs', 'jjkinney', 'wyusuf', 'austinluo', 'hbasurto', 'tkadyrov', 'alexhaws7', 'salaar90', 'tjmurph6', 'makkara', 'divyanshukhare', 'racunabr', 'oyanine', 'smatherl', 'nmarafie', 'aaamer', 'dineshsilva003']",23,"['eddielemus61', 'vkoka', 'lsun47', 'btostberg', 'ctsmit17', 'jkeomany', 'edmendo2', 'kawickha', 'bshehab', 'dchesak', 'ndgardne', 'jgivler', 'sgerrish', 'egramlin', 'srmills1', 'aaboytes', 'cdburnet', 'alay', 'janels22', 'adjohn16', 'amanda.k.smith', 'nlcarbal', 'whowald']",2,"['jgsilva1', None]",47,"['eddielemus61', 'vkoka', 'lsun47', 'chenjiachao1105', 'agrula', 'btostberg', 'ctsmit17', 'jkeomany', 'edmendo2', 'itvogt', 'ijuarez2', 'damoren7', 'kawickha', 'cnmarrs', 'jjkinney', 'bshehab', 'dchesak', 'ndgardne', 'wyusuf', 'jgivler', 'austinluo', 'hbasurto', 'tkadyrov', 'sgerrish', 'egramlin', 'alexhaws7', 'srmills1', 'aaboytes', 'cdburnet', 'alay', 'janels22', 'adjohn16', 'amanda.k.smith', 'salaar90', None, 'tjmurph6', 'divyanshukhare', 'makkara', 'racunabr', 'oyanine', 'smatherl', 'nmarafie', 'nlcarbal', 'aaamer', 'jgsilva1', 'dineshsilva003', 'whowald']"
15,138,46,22,16,"['eddielemus61', 'kawickha', 'bshehab', 'egramlin', 'lsun47', 'sgerrish', 'ndgardne', 'srmills1', 'btostberg', 'ctsmit17', 'jgivler', 'aaboytes', 'janels22', 'amanda.k.smith', 'adjohn16', 'whowald']",29,"['vkoka', 'chenjiachao1105', 'agrula', 'jkeomany', 'edmendo2', 'itvogt', 'ijuarez2', 'damoren7', 'cnmarrs', 'jjkinney', 'dchesak', 'wyusuf', 'austinluo', 'hbasurto', 'tkadyrov', 'alexhaws7', 'cdburnet', 'alay', 'salaar90', 'tjmurph6', 'divyanshukhare', 'makkara', 'racunabr', 'oyanine', 'smatherl', 'nmarafie', 'nlcarbal', 'aaamer', 'dineshsilva003']",6,"['beltranelliot', 'xypherade', 'jmroger8', 'martin1994', 'mecopela', None]",51,"['eddielemus61', 'vkoka', 'lsun47', 'chenjiachao1105', 'agrula', 'btostberg', 'ctsmit17', 'jmroger8', 'martin1994', 'jkeomany', 'mecopela', 'edmendo2', 'itvogt', 'ijuarez2', 'damoren7', 'kawickha', 'cnmarrs', 'jjkinney', 'bshehab', 'dchesak', 'ndgardne', 'wyusuf', 'xypherade', 'jgivler', 'austinluo', 'hbasurto', 'tkadyrov', 'sgerrish', 'egramlin', 'alexhaws7', 'srmills1', 'aaboytes', 'cdburnet', 'alay', 'janels22', 'adjohn16', 'amanda.k.smith', 'salaar90', None, 'tjmurph6', 'divyanshukhare', 'makkara', 'racunabr', 'oyanine', 'beltranelliot', 'smatherl', 'nmarafie', 'nlcarbal', 'aaamer', 'dineshsilva003', 'whowald']"
15,50,46,16,10,"['vkoka', 'bshehab', 'sgerrish', 'egramlin', 'ndgardne', 'nlcarbal', 'cdburnet', 'janels22', 'amanda.k.smith', 'jkeomany']",35,"['eddielemus61', 'lsun47', 'chenjiachao1105', 'agrula', 'btostberg', 'ctsmit17', 'edmendo2', 'itvogt', 'ijuarez2', 'damoren7', 'kawickha', 'cnmarrs', 'jjkinney', 'dchesak', 'wyusuf', 'jgivler', 'austinluo', 'hbasurto', 'tkadyrov', 'alexhaws7', 'srmills1', 'aaboytes', 'alay', 'adjohn16', 'salaar90', 'tjmurph6', 'divyanshukhare', 'makkara', 'racunabr', 'oyanine', 'smatherl', 'nmarafie', 'aaamer', 'dineshsilva003', 'whowald']",6,"['nandrew3', 'imitchel', 'shusein', 'sebhusein', 'xypherade', None]",51,"['eddielemus61', 'nandrew3', 'vkoka', 'shusein', 'lsun47', 'chenjiachao1105', 'agrula', 'sebhusein', 'btostberg', 'ctsmit17', 'jkeomany', 'edmendo2', 'itvogt', 'ijuarez2', 'damoren7', 'kawickha', 'cnmarrs', 'jjkinney', 'bshehab', 'dchesak', 'ndgardne', 'wyusuf', 'xypherade', 'jgivler', 'austinluo', 'hbasurto', 'tkadyrov', 'sgerrish', 'egramlin', 'alexhaws7', 'srmills1', 'aaboytes', 'cdburnet', 'alay', 'janels22', 'adjohn16', 'amanda.k.smith', 'salaar90', None, 'tjmurph6', 'divyanshukhare', 'makkara', 'imitchel', 'racunabr', 'oyanine', 'smatherl', 'nmarafie', 'nlcarbal', 'aaamer', 'dineshsilva003', 'whowald']"
16,297,46,42,1,['febatgeorge77'],44,"['jliu85', 'xunhaowang', 'jren7', 'lxhwbd1234', 'a0981090072', 'yliu179', 'raggy', 'paclifton', 'wentao7', 'samkam', 'zlu19', 'williamtian93', 'wttuestc', 'huimaimeng', 'leya', 'shishupal.hemanshu', 'samkam12', 'samkam1', 'xwang126', 'kris7', 'gerdahuang18', 'shahraj91', 'jhsu1', 'nagarjuna473', 'lucastwo', 'lucaswang', 'sky513154', 'wcf778', 'j.shital84', 'usoppo', 'ytian18', 'zxi1', 'grace8699', 'samkam1994', 'lovingfield930516', 'ashz8888', 'j4944982', 'dramesam', 'danielliujunyu', 'atulnishad', 'naghmehtorabi62', 'wangruntao', 'fuku555', 'erry.2k']",41,"['gulshankumar', 'chaitra08', 'obardb2', 'saeed_imaani', 'priya.5', '893400291ab', 'helloved22', 'abhishek.londhe11', 'heli', 'jonilsoni', 'rrr6149', 'gulwelling', 'shbhnkr333', 'xntumy', 'amolmane', 'dineshneelakandan', 'vandit93', 'naseer.mna', 'hchhina1', 'keescueta', 'soumendu805692217', 'johnchou', 'greeshmar91', 'krishnajay120', 'adirocks.tumsare', 'sindhoor', 'venkateshyb123', 'k_parikh11', 'divya1537', 'rupinder', 'dangthongdat', 'siddique.eee', None, 'akshay2393', 'krupal', 'raxit65535', 'dhvanish17', 'payalb5', 'vishruti1894', 'piyush.holay', 'kvepa']",86,"['jliu85', 'gulshankumar', 'raggy', 'obardb2', 'saeed_imaani', 'wentao7', 'zlu19', 'heli', 'rrr6149', 'williamtian93', 'gulwelling', 'leya', 'shishupal.hemanshu', 'samkam1', 'amolmane', 'dineshneelakandan', 'jhsu1', 'hchhina1', 'keescueta', 'soumendu805692217', 'nagarjuna473', 'johnchou', 'lucastwo', 'lucaswang', 'greeshmar91', 'wcf778', 'adirocks.tumsare', 'sindhoor', 'j.shital84', 'ytian18', 'zxi1', 'siddique.eee', 'grace8699', 'lovingfield930516', 'akshay2393', 'krupal', 'raxit65535', 'dramesam', 'atulnishad', 'naghmehtorabi62', 'fuku555', 'xwang126', 'xunhaowang', 'chaitra08', 'jren7', 'lxhwbd1234', 'a0981090072', 'yliu179', 'paclifton', 'priya.5', '893400291ab', 'helloved22', 'samkam', 'abhishek.londhe11', 'jonilsoni', 'wttuestc', 'huimaimeng', 'shbhnkr333', 'samkam12', 'xntumy', 'febatgeorge77', 'kris7', 'gerdahuang18', 'vandit93', 'naseer.mna', 'shahraj91', 'sky513154', 'krishnajay120', 'usoppo', 'venkateshyb123', 'k_parikh11', 'divya1537', 'rupinder', 'dangthongdat', None, 'samkam1994', 'kvepa', 'ashz8888', 'j4944982', 'dhvanish17', 'danielliujunyu', 'payalb5', 'vishruti1894', 'wangruntao', 'piyush.holay', 'erry.2k']"
16,374,46,33,32,"['jliu85', 'xunhaowang', 'jren7', 'a0981090072', 'lxhwbd1234', 'yliu179', 'wentao7', 'samkam', 'zlu19', 'williamtian93', 'wttuestc', 'leya', 'samkam12', 'samkam1', 'kris7', 'gerdahuang18', 'jhsu1', 'lucastwo', 'sky513154', 'lucaswang', 'wcf778', 'ytian18', 'usoppo', 'zxi1', 'samkam1994', 'grace8699', 'lovingfield930516', 'ashz8888', 'j4944982', 'danielliujunyu', 'wangruntao', 'xwang126']",13,"['nagarjuna473', 'dramesam', 'huimaimeng', 'raggy', 'shishupal.hemanshu', 'paclifton', 'atulnishad', 'febatgeorge77', 'naghmehtorabi62', 'j.shital84', 'fuku555', 'shahraj91', 'erry.2k']",1,[None],46,"['jliu85', 'raggy', 'wentao7', 'zlu19', 'williamtian93', 'leya', 'shishupal.hemanshu', 'samkam1', 'jhsu1', 'nagarjuna473', 'lucastwo', 'lucaswang', 'wcf778', 'j.shital84', 'ytian18', 'zxi1', 'grace8699', 'lovingfield930516', 'dramesam', 'atulnishad', 'naghmehtorabi62', 'fuku555', 'xwang126', 'xunhaowang', 'jren7', 'lxhwbd1234', 'a0981090072', 'yliu179', 'paclifton', 'samkam', 'wttuestc', 'huimaimeng', 'samkam12', 'febatgeorge77', 'kris7', 'gerdahuang18', 'shahraj91', 'sky513154', 'usoppo', None, 'samkam1994', 'ashz8888', 'j4944982', 'danielliujunyu', 'wangruntao', 'erry.2k']"
16,373,46,15,14,"['jliu85', 'xunhaowang', 'williamtian93', 'lxhwbd1234', 'leya', 'lucaswang', 'wcf778', 'samkam1994', 'usoppo', 'wangruntao', 'wentao7', 'zxi1', 'jhsu1', 'grace8699']",31,"['jren7', 'a0981090072', 'yliu179', 'raggy', 'paclifton', 'samkam', 'zlu19', 'wttuestc', 'huimaimeng', 'shishupal.hemanshu', 'samkam12', 'samkam1', 'febatgeorge77', 'xwang126', 'kris7', 'gerdahuang18', 'shahraj91', 'nagarjuna473', 'lucastwo', 'sky513154', 'j.shital84', 'ytian18', 'lovingfield930516', 'ashz8888', 'j4944982', 'dramesam', 'danielliujunyu', 'atulnishad', 'naghmehtorabi62', 'fuku555', 'erry.2k']",1,[None],46,"['jliu85', 'xunhaowang', 'jren7', 'lxhwbd1234', 'a0981090072', 'yliu179', 'raggy', 'paclifton', 'wentao7', 'samkam', 'zlu19', 'williamtian93', 'wttuestc', 'huimaimeng', 'leya', 'shishupal.hemanshu', 'samkam12', 'samkam1', 'febatgeorge77', 'kris7', 'gerdahuang18', 'shahraj91', 'jhsu1', 'nagarjuna473', 'lucastwo', 'lucaswang', 'sky513154', 'wcf778', 'j.shital84', 'usoppo', 'ytian18', 'erry.2k', 'zxi1', None, 'grace8699', 'samkam1994', 'lovingfield930516', 'ashz8888', 'j4944982', 'dramesam', 'danielliujunyu', 'atulnishad', 'naghmehtorabi62', 'wangruntao', 'fuku555', 'xwang126']"
17,106,44,48,31,"['hdebose', 'kcrew08', 'abusker', 'wang2621', 'lkoczwar10', 'lsotelom', 'rnederho', 'cpavlick', 'acorda', 'mgolm', 'aravin13', 'akrawec', 'clary0', 'brettrasmus', 'jokkema', 'mcconneb', 'cooleys', 'cmeisel', 'smit2256', 'lschroer24', 'kirby8', 'apupillo', 'alejandro22', 'ghinkle', 'tay0', 'shermang', 'mkikend', 'mkrane', 'crguinn', 'mbinkle', 'hrowlan']",12,"['kdecocke', 'ding145', 'chaua', 'andorner', 'lise_lpz', 'selazab', 'emeiner', 'ahoe', 'kklaff', 'jscharre', 'jeinterz', 'hvaught']",17,"['aantonuc', 'ramos39', 'zadeel', 'fodowd', 'hasan10', 'gfukumot', 'harribas', 'tstegall', 'wtritsch', 'farrel18', 'bbattas', 'jbaietto', 'sclevel', 'parkermc', 'bstegma', 'carson22', None]",60,"['hdebose', 'kdecocke', 'aantonuc', 'kcrew08', 'wang2621', 'lkoczwar10', 'harribas', 'tstegall', 'cpavlick', 'akrawec', 'clary0', 'brettrasmus', 'hasan10', 'farrel18', 'mcconneb', 'bbattas', 'cmeisel', 'cooleys', 'carson22', 'ding145', 'smit2256', 'jbaietto', 'jeinterz', 'chaua', 'tay0', 'fodowd', 'shermang', 'mbinkle', 'hrowlan', 'abusker', 'lise_lpz', 'lsotelom', 'kklaff', 'rnederho', 'gfukumot', 'parkermc', 'acorda', 'mgolm', 'aravin13', 'emeiner', 'ahoe', 'jscharre', 'jokkema', 'andorner', 'ramos39', 'selazab', 'lschroer24', 'wtritsch', 'kirby8', 'apupillo', 'alejandro22', 'ghinkle', None, 'zadeel', 'mkikend', 'mkrane', 'crguinn', 'sclevel', 'bstegma', 'hvaught']"
17,213,44,40,27,"['kcrew08', 'abusker', 'wang2621', 'kklaff', 'rnederho', 'acorda', 'mgolm', 'aravin13', 'akrawec', 'clary0', 'brettrasmus', 'jokkema', 'mcconneb', 'cooleys', 'cmeisel', 'andorner', 'smit2256', 'lschroer24', 'kirby8', 'apupillo', 'ghinkle', 'jeinterz', 'mkikend', 'shermang', 'mkrane', 'mbinkle', 'hrowlan']",16,"['hdebose', 'kdecocke', 'ding145', 'chaua', 'lise_lpz', 'tay0', 'selazab', 'lkoczwar10', 'emeiner', 'lsotelom', 'ahoe', 'jscharre', 'alejandro22', 'crguinn', 'cpavlick', 'hvaught']",13,"['aantonuc', 'kebemis', 'aerosys', 'gfukumot', 'hasan10', 'tstegall', 'wtritsch', 'azadoks', 'gentry9', 'parkermc', None, 'campb122', 'long182']",56,"['hdebose', 'kdecocke', 'aantonuc', 'kcrew08', 'kebemis', 'wang2621', 'lkoczwar10', 'aerosys', 'tstegall', 'gentry9', 'cpavlick', 'akrawec', 'clary0', 'brettrasmus', 'hasan10', 'mcconneb', 'cmeisel', 'cooleys', 'ding145', 'smit2256', 'jeinterz', 'campb122', 'chaua', 'tay0', 'shermang', 'mbinkle', 'hrowlan', 'abusker', 'lise_lpz', 'lsotelom', 'kklaff', 'rnederho', 'gfukumot', 'parkermc', 'acorda', 'mgolm', 'long182', 'aravin13', 'emeiner', 'ahoe', 'jscharre', 'jokkema', 'azadoks', 'andorner', 'selazab', 'lschroer24', 'wtritsch', 'kirby8', 'apupillo', 'alejandro22', 'ghinkle', None, 'mkikend', 'mkrane', 'crguinn', 'hvaught']"
17,211,44,36,23,"['kcrew08', 'abusker', 'wang2621', 'acorda', 'mgolm', 'aravin13', 'brettrasmus', 'jokkema', 'mcconneb', 'cooleys', 'cmeisel', 'andorner', 'hvaught', 'kirby8', 'apupillo', 'ghinkle', 'jeinterz', 'mkikend', 'shermang', 'mkrane', 'crguinn', 'mbinkle', 'hrowlan']",20,"['hdebose', 'kdecocke', 'lise_lpz', 'lkoczwar10', 'lsotelom', 'kklaff', 'rnederho', 'cpavlick', 'akrawec', 'emeiner', 'clary0', 'ahoe', 'jscharre', 'ding145', 'smit2256', 'selazab', 'lschroer24', 'alejandro22', 'chaua', 'tay0']",13,"['kebemis', 'aerosys', 'wtritsch', 'tstegall', 'azadoks', 'gentry9', 'bbattas', 'strachan', 'parkermc', 'carson22', None, 'campb122', 'long182']",56,"['hdebose', 'kdecocke', 'kcrew08', 'kebemis', 'wang2621', 'lkoczwar10', 'aerosys', 'tstegall', 'gentry9', 'cpavlick', 'akrawec', 'clary0', 'brettrasmus', 'mcconneb', 'bbattas', 'cmeisel', 'cooleys', 'carson22', 'ding145', 'smit2256', 'jeinterz', 'campb122', 'chaua', 'tay0', 'shermang', 'mbinkle', 'hrowlan', 'abusker', 'lise_lpz', 'lsotelom', 'kklaff', 'rnederho', 'parkermc', 'acorda', 'mgolm', 'long182', 'aravin13', 'emeiner', 'ahoe', 'jscharre', 'jokkema', 'azadoks', 'andorner', 'selazab', 'lschroer24', 'wtritsch', 'kirby8', 'apupillo', 'alejandro22', 'ghinkle', 'strachan', None, 'mkikend', 'mkrane', 'crguinn', 'hvaught']"
17,229,44,32,23,"['kcrew08', 'abusker', 'wang2621', 'kklaff', 'acorda', 'mgolm', 'aravin13', 'clary0', 'brettrasmus', 'jokkema', 'mcconneb', 'cooleys', 'cmeisel', 'andorner', 'smit2256', 'kirby8', 'apupillo', 'ghinkle', 'jeinterz', 'shermang', 'mkikend', 'mkrane', 'hrowlan']",20,"['hdebose', 'kdecocke', 'lise_lpz', 'lkoczwar10', 'lsotelom', 'rnederho', 'cpavlick', 'akrawec', 'emeiner', 'ahoe', 'jscharre', 'ding145', 'selazab', 'lschroer24', 'alejandro22', 'chaua', 'tay0', 'crguinn', 'mbinkle', 'hvaught']",9,"['hweldy', 'kkm11102000', 'wtritsch', 'tstegall', 'azadoks', 'gentry9', 'parkermc', None, 'campb122']",52,"['hdebose', 'kdecocke', 'kcrew08', 'abusker', 'lise_lpz', 'wang2621', 'lkoczwar10', 'lsotelom', 'kklaff', 'rnederho', 'tstegall', 'gentry9', 'parkermc', 'cpavlick', 'acorda', 'mgolm', 'kkm11102000', 'aravin13', 'akrawec', 'emeiner', 'clary0', 'ahoe', 'jscharre', 'jokkema', 'azadoks', 'mcconneb', 'cmeisel', 'cooleys', 'ding145', 'andorner', 'smit2256', 'selazab', 'hvaught', 'lschroer24', 'wtritsch', 'kirby8', 'apupillo', 'alejandro22', 'ghinkle', 'jeinterz', 'hrowlan', None, 'campb122', 'hweldy', 'chaua', 'tay0', 'shermang', 'mkikend', 'mkrane', 'crguinn', 'mbinkle', 'brettrasmus']"
17,134,44,27,16,"['mgolm', 'kcrew08', 'abusker', 'tay0', 'selazab', 'lkoczwar10', 'wang2621', 'clary0', 'mkikend', 'shermang', 'jscharre', 'jokkema', 'mcconneb', 'cooleys', 'jeinterz', 'hvaught']",27,"['hdebose', 'kdecocke', 'lise_lpz', 'lsotelom', 'kklaff', 'rnederho', 'cpavlick', 'acorda', 'aravin13', 'akrawec', 'emeiner', 'brettrasmus', 'ahoe', 'cmeisel', 'ding145', 'andorner', 'smit2256', 'lschroer24', 'kirby8', 'apupillo', 'alejandro22', 'ghinkle', 'chaua', 'mkrane', 'crguinn', 'mbinkle', 'hrowlan']",11,"['mmh', 'bhaley', 'sreeve', 'zadeel', 'wang159', 'azadoks', 'bbattas', 'strachan', 'bstegma', 'carson22', None]",54,"['hdebose', 'kdecocke', 'kcrew08', 'abusker', 'lise_lpz', 'wang2621', 'lkoczwar10', 'lsotelom', 'kklaff', 'rnederho', 'cpavlick', 'acorda', 'mgolm', 'aravin13', 'akrawec', 'emeiner', 'clary0', 'bhaley', 'ahoe', 'jscharre', 'jokkema', 'azadoks', 'mcconneb', 'bbattas', 'cmeisel', 'cooleys', 'carson22', 'ding145', 'andorner', 'mmh', 'smit2256', 'selazab', 'sreeve', 'hvaught', 'lschroer24', 'kirby8', 'apupillo', 'alejandro22', 'ghinkle', 'wang159', 'strachan', 'jeinterz', 'hrowlan', None, 'chaua', 'tay0', 'zadeel', 'shermang', 'mkikend', 'mkrane', 'crguinn', 'mbinkle', 'bstegma', 'brettrasmus']"
18,371,42,50,39,"['njbaugh', 'mefergio', 'kmgoldbe', 'mfreardo', 'mjgoodri', 'akprys', 'haileyk950519', 'bduyle', 'skmarkh2', 'ccbowden', 'ajhenso2', 'faisa1k', 'jmvelasq', 'scledbet', 'skstewa3', 'bsdonald', 'awchu', 'lmfrison', 'aswalla2', 'earodrig', 'kcloete', 'tdrzzle', 'rrgoh', 'apbergma', 'zrdavis2', 'trophytime96', 'vrkumar', 'elliebscott', 'iandowding', 'plplasko', 'wdbrown2', 'kmmanche', 'tkcruick', 'kjkronk', 'amrozell', 'kgdunsto', 'ctrocker', 'ablesane', 'jlhamm']",2,"['jmchinchilla', 'jlapin']",11,"['emharri5', 'jpmauthe', 'lnta2', 'talebbatis', 'kzemery', 'tbatis', 'apgremau', 'crburne4', 'aecarbon', None, 'lmgardne']",52,"['njbaugh', 'emharri5', 'mfreardo', 'mjgoodri', 'akprys', 'haileyk950519', 'jlapin', 'skmarkh2', 'jmvelasq', 'scledbet', 'bsdonald', 'awchu', 'aswalla2', 'lmgardne', 'kcloete', 'tdrzzle', 'zrdavis2', 'trophytime96', 'iandowding', 'tbatis', 'ctrocker', 'ablesane', 'aecarbon', 'jpmauthe', 'kmgoldbe', 'mefergio', 'lnta2', 'kzemery', 'bduyle', 'faisa1k', 'ccbowden', 'ajhenso2', 'skstewa3', 'lmfrison', 'earodrig', 'jmchinchilla', 'rrgoh', 'apbergma', 'talebbatis', 'elliebscott', 'vrkumar', None, 'plplasko', 'wdbrown2', 'kmmanche', 'tkcruick', 'kjkronk', 'apgremau', 'amrozell', 'kgdunsto', 'crburne4', 'jlhamm']"
18,372,42,12,11,"['iandowding', 'kcloete', 'mefergio', 'rrgoh', 'kjkronk', 'skstewa3', 'kmmanche', 'akprys', 'trophytime96', 'haileyk950519', 'bduyle']",30,"['njbaugh', 'kmgoldbe', 'mfreardo', 'mjgoodri', 'jlapin', 'skmarkh2', 'ccbowden', 'ajhenso2', 'faisa1k', 'jmvelasq', 'scledbet', 'bsdonald', 'awchu', 'lmfrison', 'aswalla2', 'earodrig', 'jmchinchilla', 'tdrzzle', 'apbergma', 'zrdavis2', 'elliebscott', 'vrkumar', 'plplasko', 'wdbrown2', 'tkcruick', 'amrozell', 'kgdunsto', 'ctrocker', 'ablesane', 'jlhamm']",1,[None],42,"['njbaugh', 'kmgoldbe', 'mefergio', 'mfreardo', 'mjgoodri', 'akprys', 'haileyk950519', 'jlapin', 'bduyle', 'skmarkh2', 'ccbowden', 'ajhenso2', 'faisa1k', 'jmvelasq', 'scledbet', 'skstewa3', 'bsdonald', 'awchu', 'lmfrison', 'aswalla2', 'earodrig', 'jmchinchilla', 'kcloete', 'tdrzzle', 'rrgoh', 'apbergma', 'zrdavis2', 'trophytime96', 'vrkumar', 'elliebscott', None, 'iandowding', 'plplasko', 'wdbrown2', 'kmmanche', 'tkcruick', 'kjkronk', 'amrozell', 'kgdunsto', 'ctrocker', 'ablesane', 'jlhamm']"
18,370,42,10,6,"['kmgoldbe', 'scledbet', 'mjgoodri', 'zrdavis2', 'aswalla2', 'jlapin']",35,"['njbaugh', 'mefergio', 'mfreardo', 'akprys', 'haileyk950519', 'bduyle', 'skmarkh2', 'ccbowden', 'ajhenso2', 'faisa1k', 'jmvelasq', 'skstewa3', 'bsdonald', 'awchu', 'lmfrison', 'earodrig', 'jmchinchilla', 'kcloete', 'tdrzzle', 'rrgoh', 'apbergma', 'trophytime96', 'vrkumar', 'elliebscott', 'iandowding', 'plplasko', 'wdbrown2', 'kmmanche', 'tkcruick', 'kjkronk', 'amrozell', 'kgdunsto', 'ctrocker', 'ablesane', 'jlhamm']",4,"['kebygate', None, 'apgremau', 'cbrevels']",45,"['njbaugh', 'kmgoldbe', 'mefergio', 'mfreardo', 'mjgoodri', 'akprys', 'haileyk950519', 'jlapin', 'bduyle', 'skmarkh2', 'ccbowden', 'ajhenso2', 'faisa1k', 'jmvelasq', 'cbrevels', 'scledbet', 'skstewa3', 'bsdonald', 'awchu', 'lmfrison', 'aswalla2', 'earodrig', 'jmchinchilla', 'kcloete', 'tdrzzle', 'rrgoh', 'apbergma', 'zrdavis2', 'trophytime96', 'vrkumar', 'elliebscott', None, 'iandowding', 'kebygate', 'plplasko', 'wdbrown2', 'kmmanche', 'tkcruick', 'kjkronk', 'apgremau', 'amrozell', 'kgdunsto', 'ctrocker', 'ablesane', 'jlhamm']"
19,349,36,85,32,"['ntambe', 'lino2296', 'karankyp', 'gupta.ravi1996', 'smenon05', 'sayujya.nair', 'pranitgirkar', 'kannankarthik123456', 'atoraskar12', 'g3jithinn', 'nikj816', 'pkalanadhabhatta', 'suraj6111994', 'verma.amitkumar95', 'sawant.vaishnavi25', 'pranithsuvarna1', 'pdeshpande', 'krnraina11', 'darshanadaund27', 'karan.marketkar', 'shaminakunnel', 'abhiramibp95', 'nehaaltawade1', 'aanugraha', 'chandramani.yadav43', 'maithili010', 'walavalkarmayur79', 'deepikachaman3', 'harshitbangera', 'akash.parate14', 'desaivighnesh95', 'srane']",3,"['sidd.surve', 'rishikeshshirke7', 'anshujha95']",53,"['raoashish96', 'nehalibagwe', 'tdholpuria', 'sarika', 'selvi09.1995', 'khedikaryash8', 'sweta151945', 'princeporje98', 'sanjitashetti', 'yogeshwar21121995', 'rukhsrd', 'vijita150995', 'patel.afi', 'varma096', 'gayathrisundareesan', 'arunnambiar66', 'anevrekar', 'jankita269', 'kumarvivek017', 'dzshady', 'gatsagar1993', 'ashwinimisal34', 'sumitshelar68', 'ameyag007', 'smajumdar', 'adarshsugathan71', 'pshukla01', 'tanmay.telang', 'shivam_cr7', 'tejuliman74', 'bagdekunal98', 'qwertynishit', 'gharess89', 'rayvaghela1', 'ameyrawool95', 'sumit.madgi96', 'rnair15', 'yerunkarsuraj007', 'abauti608', 'peshinakash', 'rjoshi02', 'jeevannilankar', 'vjseedan', 'surajrk60.68', 'abinaya67006', 'vishal.chavda', 'tsanket79', 'anusept2011', 'patilroshan1128', 'tejask2610', 'sebastian007', 'shreyasawant95', 'krishnapriyanair123']",88,"['raoashish96', 'nehalibagwe', 'tdholpuria', 'sarika', 'gupta.ravi1996', 'smenon05', 'khedikaryash8', 'sayujya.nair', 'pranitgirkar', 'sanjitashetti', 'atoraskar12', 'yogeshwar21121995', 'g3jithinn', 'nikj816', 'rukhsrd', 'vijita150995', 'rishikeshshirke7', 'pkalanadhabhatta', 'patel.afi', 'varma096', 'arunnambiar66', 'sawant.vaishnavi25', 'pdeshpande', 'kumarvivek017', 'krnraina11', 'darshanadaund27', 'sumitshelar68', 'ameyag007', 'smajumdar', 'adarshsugathan71', 'tanmay.telang', 'shivam_cr7', 'tejuliman74', 'bagdekunal98', 'anshujha95', 'qwertynishit', 'abhiramibp95', 'aanugraha', 'maithili010', 'rayvaghela1', 'sumit.madgi96', 'rnair15', 'yerunkarsuraj007', 'peshinakash', 'rjoshi02', 'surajrk60.68', 'abinaya67006', 'harshitbangera', 'tsanket79', 'akash.parate14', 'srane', 'tejask2610', 'sebastian007', 'shreyasawant95', 'ntambe', 'karankyp', 'sidd.surve', 'lino2296', 'selvi09.1995', 'sweta151945', 'princeporje98', 'kannankarthik123456', 'gayathrisundareesan', 'suraj6111994', 'anevrekar', 'jankita269', 'verma.amitkumar95', 'pranithsuvarna1', 'dzshady', 'gatsagar1993', 'ashwinimisal34', 'karan.marketkar', 'pshukla01', 'shaminakunnel', 'gharess89', 'nehaaltawade1', 'ameyrawool95', 'chandramani.yadav43', 'walavalkarmayur79', 'deepikachaman3', 'abauti608', 'jeevannilankar', 'vjseedan', 'vishal.chavda', 'anusept2011', 'desaivighnesh95', 'patilroshan1128', 'krishnapriyanair123']"
19,72,36,59,33,"['ntambe', 'lino2296', 'karankyp', 'gupta.ravi1996', 'smenon05', 'sayujya.nair', 'pranitgirkar', 'kannankarthik123456', 'atoraskar12', 'g3jithinn', 'nikj816', 'pkalanadhabhatta', 'suraj6111994', 'verma.amitkumar95', 'sawant.vaishnavi25', 'pranithsuvarna1', 'pdeshpande', 'krnraina11', 'darshanadaund27', 'karan.marketkar', 'shaminakunnel', 'anshujha95', 'abhiramibp95', 'nehaaltawade1', 'aanugraha', 'chandramani.yadav43', 'maithili010', 'walavalkarmayur79', 'deepikachaman3', 'harshitbangera', 'akash.parate14', 'desaivighnesh95', 'srane']",2,"['sidd.surve', 'rishikeshshirke7']",26,"['aniketshelar79', 'sharma.ayushi8c', 'ishmeetsingh', 'rajeevuwarrier', 'rbiradar', 'rushivsm1994', 'rautt59', 'aqudas29', 'sselvi', 'navneetmishra021', 'rkesharwani01', 'snehalyadav711', 'sboseroychoudhury', 'sbodke', 'ajay.raghuwanshi', 'yrahul1122', 'nair19shruti', 'surabhiholla93', 'ankith89', 'averma03', None, '2205vrushalipatil', 'shibashaikh1810', 'preethi.pankajakshan', 'gujaran738', 'ndarji']",61,"['sharma.ayushi8c', 'ishmeetsingh', 'gupta.ravi1996', 'rajeevuwarrier', 'smenon05', 'sayujya.nair', 'pranitgirkar', 'rbiradar', 'rautt59', 'atoraskar12', 'g3jithinn', 'nikj816', 'rishikeshshirke7', 'pkalanadhabhatta', 'navneetmishra021', 'sboseroychoudhury', 'sbodke', 'ajay.raghuwanshi', 'sawant.vaishnavi25', 'pdeshpande', 'krnraina11', 'darshanadaund27', 'anshujha95', 'abhiramibp95', 'ankith89', 'aanugraha', 'maithili010', 'averma03', 'harshitbangera', 'akash.parate14', 'srane', 'shibashaikh1810', 'preethi.pankajakshan', 'gujaran738', 'aniketshelar79', 'ntambe', 'karankyp', 'sidd.surve', 'lino2296', 'kannankarthik123456', 'rushivsm1994', 'aqudas29', 'sselvi', 'rkesharwani01', 'suraj6111994', 'snehalyadav711', 'verma.amitkumar95', 'pranithsuvarna1', 'yrahul1122', 'nair19shruti', 'karan.marketkar', 'shaminakunnel', 'surabhiholla93', 'nehaaltawade1', 'chandramani.yadav43', 'walavalkarmayur79', 'deepikachaman3', None, '2205vrushalipatil', 'desaivighnesh95', 'ndarji']"
20,297,36,42,33,"['chaitra08', 'obardb2', 'saeed_imaani', 'priya.5', '893400291ab', 'helloved22', 'abhishek.londhe11', 'heli', 'jonilsoni', 'rrr6149', 'gulwelling', 'shbhnkr333', 'xntumy', 'amolmane', 'vandit93', 'naseer.mna', 'hchhina1', 'keescueta', 'soumendu805692217', 'greeshmar91', 'krishnajay120', 'adirocks.tumsare', 'sindhoor', 'venkateshyb123', 'rupinder', 'dangthongdat', 'siddique.eee', 'akshay2393', 'raxit65535', 'payalb5', 'vishruti1894', 'piyush.holay', 'kvepa']",2,"['raks1329', 'chath428']",9,"['gulshankumar', 'krupal', 'johnchou', 'dhvanish17', 'febatgeorge77', 'k_parikh11', 'divya1537', 'dineshneelakandan', None]",44,"['gulshankumar', 'obardb2', 'saeed_imaani', 'heli', 'rrr6149', 'gulwelling', 'amolmane', 'dineshneelakandan', 'hchhina1', 'keescueta', 'soumendu805692217', 'johnchou', 'greeshmar91', 'adirocks.tumsare', 'sindhoor', 'siddique.eee', 'akshay2393', 'krupal', 'raxit65535', 'chath428', 'chaitra08', 'raks1329', 'priya.5', '893400291ab', 'helloved22', 'abhishek.londhe11', 'jonilsoni', 'shbhnkr333', 'xntumy', 'febatgeorge77', 'vandit93', 'naseer.mna', 'krishnajay120', 'venkateshyb123', 'k_parikh11', 'divya1537', 'rupinder', 'dangthongdat', None, 'dhvanish17', 'payalb5', 'vishruti1894', 'piyush.holay', 'kvepa']"
21,207,36,37,35,"['lltrinh', 'qy0405', 'tlryder', 'jrdesilva', 'mr.calvin100', 'vjsciuto', 'cdkohne', 'kantprop', 'skilli', 'rgvargas', 'adlt96', 'zlwhittles', 'krasmuss25', 'ksilva', 'bofang20', 'kjo8889', 'vuthtyra', 'qhnqi', 'lpark0416', 'chrispatino', 'gazambrano', 'sssiddiq14', 'alexm', 'cta0128', 'nmencias', 'mlfyhrie', 'ycvvtxwd', 'btanyong', 'sccohen', 'mmsafar', 'quynhha', 'erickang1995', 'ngh4gl3r', 'myang96', 'thschult']",0,[],2,"['carangel', None]",37,"['lltrinh', 'qy0405', 'tlryder', 'jrdesilva', 'mr.calvin100', 'vjsciuto', 'cdkohne', 'carangel', 'kantprop', 'skilli', 'rgvargas', 'adlt96', 'zlwhittles', 'krasmuss25', 'ksilva', 'kjo8889', 'bofang20', 'vuthtyra', 'qhnqi', 'lpark0416', 'chrispatino', 'gazambrano', 'sssiddiq14', 'alexm', 'cta0128', 'nmencias', 'mlfyhrie', 'ycvvtxwd', 'btanyong', None, 'sccohen', 'mmsafar', 'quynhha', 'erickang1995', 'ngh4gl3r', 'myang96', 'thschult']"
22,52,35,17,12,"['chen1682', 'sbjankin', 'lquaas', 'benl199537', 'sunyxuan09', 'dhazeley', 'li1708', 'jwill123', 'zhao371', 'yellowmamba6', 'ckinnama', 'wagne125']",22,"['zhengcao9172', 'vgtmao', 'kmosk219', 'ihorstma', 'benjaminhu1995', 'ashishdabral92', 'taburton', 'sboppana', 'qkpeahay', 'giordank', 'xie170', 'mrafid', 'chung170', 'liang142', 'nkoglin', 'patil18', 'joe0896', 'bethrprice03', 'reyes46', 't8kru75', 'omalleyn', 'jbcolema']",5,"['oksansha', 'guo289', 'donottalktowall', 'mm030lxin', None]",39,"['chen1682', 'sbjankin', 'oksansha', 'donottalktowall', 'zhengcao9172', 'jwill123', 'vgtmao', 'kmosk219', 'yellowmamba6', 'ihorstma', 'benjaminhu1995', 'ashishdabral92', 'wagne125', 'dhazeley', 'taburton', 'sboppana', 'qkpeahay', 'giordank', 'li1708', 'zhao371', 'xie170', 'lquaas', 'mrafid', 'guo289', 'chung170', 'liang142', 'nkoglin', 'patil18', None, 'bethrprice03', 'joe0896', 'benl199537', 'reyes46', 'sunyxuan09', 't8kru75', 'mm030lxin', 'omalleyn', 'jbcolema', 'ckinnama']"
23,377,35,40,34,"['crisabelrae', 'grossh3', 'mcrand29', 'dbhhit', 'azumpetta', 'alexander.mikelis', 'gdabare', 'zhangs17', 'ameliahp', 'willowjiaqihuang', 'imlacj', 'markmcg', 'pengyuqing68', 'linkathy', 'leungh2', 'acupophys2', 'walton17', 'sam.mannion11', 'honeye', 'duncaa2', 'wangy48', 'smunisteri1', 'florence.liufangchen', 'bfazio1', 'fiona13147', 'skzollinger', 'kingb8', 'ronin', 'ltootsov', 'weisc2', 'lphuang', 'blakel2', 'crowlb', 'litaoz']",0,[],6,"['jmale27', 'kliotta95', 'gregmccutcheon495', 'peterhjones14', 'smithc13', None]",40,"['crisabelrae', 'grossh3', 'mcrand29', 'dbhhit', 'azumpetta', 'alexander.mikelis', 'gdabare', 'zhangs17', 'ameliahp', 'willowjiaqihuang', 'imlacj', 'markmcg', 'pengyuqing68', 'linkathy', 'leungh2', 'acupophys2', 'walton17', 'kliotta95', 'sam.mannion11', 'honeye', 'duncaa2', 'smithc13', 'wangy48', 'smunisteri1', 'florence.liufangchen', 'bfazio1', 'fiona13147', 'gregmccutcheon495', None, 'skzollinger', 'kingb8', 'ronin', 'jmale27', 'ltootsov', 'weisc2', 'peterhjones14', 'lphuang', 'blakel2', 'crowlb', 'litaoz']"
23,381,35,39,34,"['crisabelrae', 'grossh3', 'mcrand29', 'dbhhit', 'azumpetta', 'alexander.mikelis', 'gdabare', 'zhangs17', 'ameliahp', 'willowjiaqihuang', 'imlacj', 'markmcg', 'pengyuqing68', 'linkathy', 'leungh2', 'acupophys2', 'walton17', 'sam.mannion11', 'honeye', 'duncaa2', 'wangy48', 'smunisteri1', 'florence.liufangchen', 'bfazio1', 'fiona13147', 'skzollinger', 'kingb8', 'ronin', 'ltootsov', 'weisc2', 'lphuang', 'blakel2', 'crowlb', 'litaoz']",0,[],5,"['jmale27', 'kliotta95', 'peterhjones14', 'smithc13', None]",39,"['crisabelrae', 'grossh3', 'mcrand29', 'dbhhit', 'azumpetta', 'alexander.mikelis', 'gdabare', 'zhangs17', 'ameliahp', 'willowjiaqihuang', 'imlacj', 'markmcg', 'pengyuqing68', 'linkathy', 'leungh2', 'acupophys2', 'walton17', 'kliotta95', 'sam.mannion11', 'honeye', 'duncaa2', 'smithc13', 'wangy48', 'smunisteri1', 'florence.liufangchen', 'bfazio1', 'fiona13147', None, 'skzollinger', 'kingb8', 'ronin', 'jmale27', 'ltootsov', 'weisc2', 'peterhjones14', 'lphuang', 'blakel2', 'crowlb', 'litaoz']"
23,220,35,33,29,"['crisabelrae', 'zhangs17', 'mcrand29', 'alexander.mikelis', 'azumpetta', 'ameliahp', 'gdabare', 'grossh3', 'willowjiaqihuang', 'imlacj', 'markmcg', 'pengyuqing68', 'linkathy', 'leungh2', 'acupophys2', 'sam.mannion11', 'honeye', 'duncaa2', 'wangy48', 'smunisteri1', 'bfazio1', 'fiona13147', 'kingb8', 'ltootsov', 'weisc2', 'lphuang', 'blakel2', 'crowlb', 'litaoz']",5,"['ronin', 'florence.liufangchen', 'dbhhit', 'walton17', 'skzollinger']",4,"['kliotta95', 'jmale27', None, 'peterhjones14']",38,"['crisabelrae', 'grossh3', 'mcrand29', 'dbhhit', 'azumpetta', 'alexander.mikelis', 'gdabare', 'zhangs17', 'ameliahp', 'willowjiaqihuang', 'imlacj', 'markmcg', 'pengyuqing68', 'linkathy', 'leungh2', 'acupophys2', 'walton17', 'kliotta95', 'sam.mannion11', 'honeye', 'duncaa2', 'wangy48', 'smunisteri1', 'florence.liufangchen', 'bfazio1', 'fiona13147', None, 'skzollinger', 'kingb8', 'ronin', 'jmale27', 'ltootsov', 'weisc2', 'peterhjones14', 'lphuang', 'blakel2', 'crowlb', 'litaoz']"
23,378,35,29,27,"['crisabelrae', 'zhangs17', 'mcrand29', 'alexander.mikelis', 'azumpetta', 'ameliahp', 'gdabare', 'willowjiaqihuang', 'imlacj', 'pengyuqing68', 'leungh2', 'acupophys2', 'walton17', 'sam.mannion11', 'honeye', 'duncaa2', 'wangy48', 'smunisteri1', 'florence.liufangchen', 'bfazio1', 'fiona13147', 'skzollinger', 'kingb8', 'ronin', 'blakel2', 'crowlb', 'litaoz']",7,"['grossh3', 'linkathy', 'dbhhit', 'ltootsov', 'weisc2', 'lphuang', 'markmcg']",2,"[None, 'smithc13']",36,"['crisabelrae', 'grossh3', 'mcrand29', 'dbhhit', 'azumpetta', 'alexander.mikelis', 'gdabare', 'zhangs17', 'ameliahp', 'willowjiaqihuang', 'imlacj', 'markmcg', 'pengyuqing68', 'linkathy', 'leungh2', 'acupophys2', 'walton17', 'sam.mannion11', 'honeye', 'duncaa2', 'smithc13', 'wangy48', 'smunisteri1', 'florence.liufangchen', 'bfazio1', 'fiona13147', None, 'skzollinger', 'kingb8', 'ronin', 'ltootsov', 'weisc2', 'lphuang', 'blakel2', 'crowlb', 'litaoz']"
23,221,35,28,26,"['crisabelrae', 'zhangs17', 'mcrand29', 'alexander.mikelis', 'azumpetta', 'ameliahp', 'willowjiaqihuang', 'imlacj', 'markmcg', 'pengyuqing68', 'linkathy', 'leungh2', 'acupophys2', 'sam.mannion11', 'honeye', 'duncaa2', 'wangy48', 'smunisteri1', 'florence.liufangchen', 'fiona13147', 'skzollinger', 'kingb8', 'ronin', 'weisc2', 'blakel2', 'litaoz']",8,"['grossh3', 'gdabare', 'dbhhit', 'bfazio1', 'walton17', 'ltootsov', 'lphuang', 'crowlb']",2,"[None, 'peterhjones14']",36,"['crisabelrae', 'grossh3', 'mcrand29', 'dbhhit', 'azumpetta', 'alexander.mikelis', 'gdabare', 'zhangs17', 'ameliahp', 'willowjiaqihuang', 'imlacj', 'markmcg', 'pengyuqing68', 'linkathy', 'leungh2', 'acupophys2', 'walton17', 'sam.mannion11', 'honeye', 'duncaa2', 'wangy48', 'smunisteri1', 'florence.liufangchen', 'bfazio1', 'fiona13147', None, 'skzollinger', 'kingb8', 'ronin', 'ltootsov', 'weisc2', 'peterhjones14', 'lphuang', 'blakel2', 'crowlb', 'litaoz']"
23,226,35,10,6,"['kingb8', 'fiona13147', 'honeye', 'weisc2', 'duncaa2', 'skzollinger']",28,"['crisabelrae', 'grossh3', 'mcrand29', 'dbhhit', 'azumpetta', 'alexander.mikelis', 'gdabare', 'zhangs17', 'ameliahp', 'willowjiaqihuang', 'imlacj', 'markmcg', 'pengyuqing68', 'linkathy', 'leungh2', 'acupophys2', 'walton17', 'sam.mannion11', 'wangy48', 'smunisteri1', 'florence.liufangchen', 'bfazio1', 'ronin', 'ltootsov', 'lphuang', 'blakel2', 'crowlb', 'litaoz']",4,"[None, 'gdabare34', 'harlangrossman3', 'peterhjones14']",38,"['crisabelrae', 'grossh3', 'mcrand29', 'dbhhit', 'azumpetta', 'alexander.mikelis', 'gdabare', 'zhangs17', 'ameliahp', 'gdabare34', 'willowjiaqihuang', 'imlacj', 'markmcg', 'pengyuqing68', 'linkathy', 'leungh2', 'acupophys2', 'walton17', 'sam.mannion11', 'honeye', 'duncaa2', 'wangy48', 'smunisteri1', 'florence.liufangchen', 'bfazio1', 'fiona13147', None, 'skzollinger', 'kingb8', 'ronin', 'ltootsov', 'weisc2', 'peterhjones14', 'lphuang', 'blakel2', 'crowlb', 'litaoz', 'harlangrossman3']"
23,222,35,7,5,"['linkathy', 'bfazio1', 'ltootsov', 'litaoz', 'smunisteri1']",29,"['crisabelrae', 'grossh3', 'mcrand29', 'dbhhit', 'azumpetta', 'alexander.mikelis', 'gdabare', 'zhangs17', 'ameliahp', 'willowjiaqihuang', 'imlacj', 'markmcg', 'pengyuqing68', 'leungh2', 'acupophys2', 'walton17', 'sam.mannion11', 'honeye', 'duncaa2', 'wangy48', 'florence.liufangchen', 'fiona13147', 'skzollinger', 'kingb8', 'ronin', 'weisc2', 'lphuang', 'blakel2', 'crowlb']",2,"['jmale27', None]",36,"['crisabelrae', 'grossh3', 'mcrand29', 'dbhhit', 'azumpetta', 'alexander.mikelis', 'gdabare', 'zhangs17', 'ameliahp', 'willowjiaqihuang', 'imlacj', 'markmcg', 'pengyuqing68', 'linkathy', 'leungh2', 'acupophys2', 'walton17', 'sam.mannion11', 'honeye', 'duncaa2', 'wangy48', 'smunisteri1', 'florence.liufangchen', 'bfazio1', 'fiona13147', None, 'skzollinger', 'kingb8', 'ronin', 'jmale27', 'ltootsov', 'weisc2', 'lphuang', 'blakel2', 'crowlb', 'litaoz']"
24,263,31,18,13,"['asav1940', 'tugcesen', 'busrauzan26', 'bekirisgor', 'melih361.mk', 'tyrael', 'hidircanyagiz', 'cfinger', 'asav96', 'asd', 'bigticket21', 'ogzhanylmaz', 'mertbatu12']",17,"['dahee0303', 'bms', 'burcuakts', 'ezzatamer', 'cbayeh1', 'n1eden', 'bailefunk', 'monicaaziz', 'alexmartinson', 'matthijs1994', 'james.g.downs', 'ghostinajar', 'hoss', 'larui529', 'tayyildiz', 'nikhila2017', 'hqasem']",5,"['fdirisaglik', 'kerimsari', 'yusufff.yilmazzz', None, 'serdartemeltasi']",35,"['asav1940', 'kerimsari', 'cfinger', 'asav96', 'hoss', 'serdartemeltasi', 'ezzatamer', 'cbayeh1', 'alexmartinson', 'matthijs1994', 'hidircanyagiz', 'ghostinajar', 'ogzhanylmaz', 'nikhila2017', 'hqasem', 'bms', 'fdirisaglik', 'busrauzan26', 'n1eden', 'tyrael', 'yusufff.yilmazzz', 'asd', None, 'bailefunk', 'monicaaziz', 'dahee0303', 'mertbatu12', 'burcuakts', 'tugcesen', 'bekirisgor', 'melih361.mk', 'james.g.downs', 'larui529', 'bigticket21', 'tayyildiz']"
25,150,29,33,27,"['dafenico', 'oliver015', 'ga.sanchez10', 'luiscaro', 'felipenopa', 'estaperrasijode', 'jfcabrera', 'davand', 'ng.vera10', 'sumama', 'piperojas0618', 'indaburu', 'leonelfrnafo', 'sergio23', 'susan8th', 'jecvmm', 'adelaida.zuluaga', 'nicolasgr', 'anpp1996', 'juangordisierra', 'sebas', 'kamilongis1', 'jdgh1997', 'cd.garrido', 'samuelgarcia1115', 'basica1', 'csanabriavanegas233']",1,['jorge_iguaran97'],6,"['fabianarchila980410', 'anamaria.goru.14', 'crisdavbed08', 'anfepe0112', 'angieayobi', None]",34,"['fabianarchila980410', 'anamaria.goru.14', 'crisdavbed08', 'dafenico', 'oliver015', 'ga.sanchez10', 'luiscaro', 'felipenopa', 'estaperrasijode', 'jfcabrera', 'angieayobi', 'davand', 'ng.vera10', 'sumama', 'anfepe0112', 'piperojas0618', 'indaburu', 'leonelfrnafo', 'sergio23', 'susan8th', 'jecvmm', 'adelaida.zuluaga', 'nicolasgr', 'anpp1996', 'juangordisierra', 'sebas', 'jorge_iguaran97', None, 'kamilongis1', 'jdgh1997', 'cd.garrido', 'samuelgarcia1115', 'basica1', 'csanabriavanegas233']"
25,314,29,32,26,"['dafenico', 'oliver015', 'ga.sanchez10', 'luiscaro', 'felipenopa', 'estaperrasijode', 'jfcabrera', 'davand', 'ng.vera10', 'sumama', 'piperojas0618', 'indaburu', 'leonelfrnafo', 'sergio23', 'susan8th', 'adelaida.zuluaga', 'nicolasgr', 'anpp1996', 'juangordisierra', 'sebas', 'kamilongis1', 'jdgh1997', 'cd.garrido', 'samuelgarcia1115', 'basica1', 'csanabriavanegas233']",2,"['jorge_iguaran97', 'jecvmm']",6,"['anamaria.goru.14', 'jdvg0805', 'anfepe0112', 'henryr9708', 'csanabriavanegas', None]",34,"['anamaria.goru.14', 'dafenico', 'oliver015', 'ga.sanchez10', 'luiscaro', 'felipenopa', 'estaperrasijode', 'henryr9708', 'jfcabrera', 'davand', 'jdvg0805', 'ng.vera10', 'sumama', 'anfepe0112', 'piperojas0618', 'indaburu', 'leonelfrnafo', 'sergio23', 'susan8th', 'jecvmm', 'adelaida.zuluaga', 'nicolasgr', 'anpp1996', 'juangordisierra', 'sebas', 'csanabriavanegas', 'jorge_iguaran97', None, 'kamilongis1', 'jdgh1997', 'cd.garrido', 'samuelgarcia1115', 'basica1', 'csanabriavanegas233']"
25,313,29,13,7,"['jecvmm', 'dafenico', 'sumama', 'felipenopa', 'jfcabrera', 'indaburu', 'jorge_iguaran97']",21,"['oliver015', 'ga.sanchez10', 'luiscaro', 'estaperrasijode', 'davand', 'ng.vera10', 'piperojas0618', 'leonelfrnafo', 'sergio23', 'susan8th', 'adelaida.zuluaga', 'nicolasgr', 'anpp1996', 'juangordisierra', 'sebas', 'jdgh1997', 'kamilongis1', 'cd.garrido', 'samuelgarcia1115', 'basica1', 'csanabriavanegas233']",6,"['jdvg0805', 'andresf', 'anfepe0112', None, 'pepe', 'santiramirez31']",34,"['dafenico', 'oliver015', 'ga.sanchez10', 'luiscaro', 'felipenopa', 'pepe', 'estaperrasijode', 'jfcabrera', 'davand', 'jdvg0805', 'ng.vera10', 'sumama', 'anfepe0112', 'piperojas0618', 'indaburu', 'leonelfrnafo', 'sergio23', 'susan8th', 'jecvmm', 'adelaida.zuluaga', 'nicolasgr', 'anpp1996', 'juangordisierra', 'sebas', 'jorge_iguaran97', None, 'kamilongis1', 'jdgh1997', 'santiramirez31', 'cd.garrido', 'andresf', 'samuelgarcia1115', 'basica1', 'csanabriavanegas233']"
25,152,29,8,5,"['adelaida.zuluaga', 'sumama', 'jorge_iguaran97', 'davand', 'csanabriavanegas233']",23,"['dafenico', 'oliver015', 'ga.sanchez10', 'luiscaro', 'felipenopa', 'estaperrasijode', 'jfcabrera', 'ng.vera10', 'piperojas0618', 'indaburu', 'leonelfrnafo', 'sergio23', 'susan8th', 'jecvmm', 'nicolasgr', 'anpp1996', 'juangordisierra', 'sebas', 'kamilongis1', 'jdgh1997', 'cd.garrido', 'samuelgarcia1115', 'basica1']",3,"[None, 'crisdavbed08', 'jdvg0805']",31,"['sergio23', 'crisdavbed08', 'susan8th', 'dafenico', 'jecvmm', 'adelaida.zuluaga', 'oliver015', 'nicolasgr', 'ga.sanchez10', 'anpp1996', 'luiscaro', 'juangordisierra', 'felipenopa', 'sebas', 'estaperrasijode', 'jfcabrera', 'jorge_iguaran97', 'davand', 'kamilongis1', 'jdgh1997', None, 'cd.garrido', 'jdvg0805', 'ng.vera10', 'sumama', 'piperojas0618', 'basica1', 'samuelgarcia1115', 'indaburu', 'leonelfrnafo', 'csanabriavanegas233']"
25,149,29,7,3,"['felipenopa', 'jorge_iguaran97', 'jecvmm']",25,"['dafenico', 'oliver015', 'ga.sanchez10', 'luiscaro', 'estaperrasijode', 'jfcabrera', 'davand', 'ng.vera10', 'sumama', 'piperojas0618', 'indaburu', 'leonelfrnafo', 'sergio23', 'susan8th', 'adelaida.zuluaga', 'nicolasgr', 'anpp1996', 'juangordisierra', 'sebas', 'kamilongis1', 'jdgh1997', 'cd.garrido', 'samuelgarcia1115', 'basica1', 'csanabriavanegas233']",4,"[None, 'jdvg0805', 'pepe', 'santiramirez31']",32,"['sergio23', 'susan8th', 'dafenico', 'jecvmm', 'adelaida.zuluaga', 'oliver015', 'nicolasgr', 'ga.sanchez10', 'anpp1996', 'luiscaro', 'juangordisierra', 'felipenopa', 'sebas', 'pepe', 'estaperrasijode', 'jfcabrera', 'jorge_iguaran97', 'davand', 'kamilongis1', 'jdgh1997', None, 'cd.garrido', 'santiramirez31', 'jdvg0805', 'ng.vera10', 'sumama', 'piperojas0618', 'basica1', 'samuelgarcia1115', 'indaburu', 'leonelfrnafo', 'csanabriavanegas233']"
25,151,29,6,4,"['csanabriavanegas233', 'oliver015', 'kamilongis1', 'adelaida.zuluaga']",24,"['sergio23', 'susan8th', 'dafenico', 'jecvmm', 'nicolasgr', 'ga.sanchez10', 'anpp1996', 'luiscaro', 'juangordisierra', 'felipenopa', 'sebas', 'estaperrasijode', 'jfcabrera', 'jorge_iguaran97', 'davand', 'jdgh1997', 'cd.garrido', 'ng.vera10', 'sumama', 'piperojas0618', 'basica1', 'samuelgarcia1115', 'indaburu', 'leonelfrnafo']",2,"[None, 'jdvg0805']",30,"['sergio23', 'susan8th', 'dafenico', 'jecvmm', 'adelaida.zuluaga', 'oliver015', 'nicolasgr', 'ga.sanchez10', 'anpp1996', 'luiscaro', 'juangordisierra', 'felipenopa', 'sebas', 'estaperrasijode', 'jfcabrera', 'jorge_iguaran97', 'davand', 'kamilongis1', 'jdgh1997', None, 'cd.garrido', 'jdvg0805', 'ng.vera10', 'sumama', 'piperojas0618', 'basica1', 'samuelgarcia1115', 'indaburu', 'leonelfrnafo', 'csanabriavanegas233']"
26,36,26,29,25,"['marshall.chiulli', 'nmiller95', 'speedy109', 'jmbohorques', 'mingmingrr', 'wespiard', 'kbarta', 'arielrr', 'robertcorso97', 'rcobb7', 'saavedradavid92', 'phrich', 'ajcarew', 'mfalgons94', 'gcamp703', 'aperera208', 'dshamir', 'coreyrn8', 'bfieldson', 'jwfoster', 'barryhu', 'rsiddique94', 'vare23540', 'kjfitzgerald', 'madisonbreese']",0,[],4,"['davidlau', 'brainpower64', None, 'ccast1115']",29,"['marshall.chiulli', 'nmiller95', 'speedy109', 'jmbohorques', 'mingmingrr', 'wespiard', 'kbarta', 'arielrr', 'robertcorso97', 'rcobb7', 'saavedradavid92', 'phrich', 'brainpower64', 'ajcarew', 'mfalgons94', 'gcamp703', 'ccast1115', 'aperera208', 'dshamir', 'coreyrn8', 'bfieldson', 'jwfoster', None, 'davidlau', 'barryhu', 'rsiddique94', 'vare23540', 'kjfitzgerald', 'madisonbreese']"
26,159,26,29,24,"['marshall.chiulli', 'nmiller95', 'speedy109', 'jmbohorques', 'mingmingrr', 'wespiard', 'kbarta', 'arielrr', 'robertcorso97', 'rcobb7', 'saavedradavid92', 'phrich', 'ajcarew', 'mfalgons94', 'gcamp703', 'aperera208', 'dshamir', 'coreyrn8', 'bfieldson', 'barryhu', 'rsiddique94', 'vare23540', 'kjfitzgerald', 'madisonbreese']",1,['jwfoster'],5,"['carlosniko', 'antural', 'jessab', None, 'ruixue']",30,"['marshall.chiulli', 'nmiller95', 'antural', 'speedy109', 'jmbohorques', 'mingmingrr', 'wespiard', 'carlosniko', 'kbarta', 'arielrr', 'robertcorso97', 'rcobb7', 'saavedradavid92', 'phrich', 'ajcarew', 'mfalgons94', 'gcamp703', 'aperera208', 'dshamir', 'coreyrn8', 'bfieldson', 'jwfoster', None, 'barryhu', 'rsiddique94', 'vare23540', 'kjfitzgerald', 'jessab', 'madisonbreese', 'ruixue']"
26,266,26,27,23,"['marshall.chiulli', 'nmiller95', 'speedy109', 'jmbohorques', 'mingmingrr', 'wespiard', 'kbarta', 'arielrr', 'robertcorso97', 'rcobb7', 'saavedradavid92', 'phrich', 'mfalgons94', 'gcamp703', 'aperera208', 'dshamir', 'coreyrn8', 'bfieldson', 'jwfoster', 'barryhu', 'rsiddique94', 'kjfitzgerald', 'madisonbreese']",2,"['vare23540', 'ajcarew']",4,"['davidlau', 'brainpower64', None, 'ccast1115']",29,"['marshall.chiulli', 'nmiller95', 'speedy109', 'jmbohorques', 'mingmingrr', 'wespiard', 'kbarta', 'arielrr', 'robertcorso97', 'rcobb7', 'saavedradavid92', 'phrich', 'brainpower64', 'ajcarew', 'mfalgons94', 'gcamp703', 'ccast1115', 'aperera208', 'dshamir', 'coreyrn8', 'bfieldson', 'jwfoster', None, 'davidlau', 'barryhu', 'rsiddique94', 'vare23540', 'kjfitzgerald', 'madisonbreese']"
26,160,26,15,13,"['barryhu', 'aperera208', 'dshamir', 'coreyrn8', 'nmiller95', 'speedy109', 'arielrr', 'robertcorso97', 'rcobb7', 'vare23540', 'madisonbreese', 'ajcarew', 'mfalgons94']",12,"['kjfitzgerald', 'gcamp703', 'marshall.chiulli', 'phrich', 'kbarta', 'rsiddique94', 'bfieldson', 'saavedradavid92', 'jmbohorques', 'mingmingrr', 'jwfoster', 'wespiard']",2,"[None, 'ruixue']",27,"['marshall.chiulli', 'nmiller95', 'speedy109', 'jmbohorques', 'mingmingrr', 'wespiard', 'kbarta', 'arielrr', 'robertcorso97', 'rcobb7', 'saavedradavid92', 'phrich', 'ajcarew', 'mfalgons94', 'gcamp703', 'aperera208', 'dshamir', 'coreyrn8', 'bfieldson', 'jwfoster', None, 'barryhu', 'rsiddique94', 'vare23540', 'kjfitzgerald', 'madisonbreese', 'ruixue']"
26,38,26,10,9,"['gcamp703', 'coreyrn8', 'speedy109', 'arielrr', 'robertcorso97', 'ajcarew', 'vare23540', 'saavedradavid92', 'wespiard']",16,"['barryhu', 'madisonbreese', 'marshall.chiulli', 'nmiller95', 'aperera208', 'dshamir', 'phrich', 'kbarta', 'rcobb7', 'rsiddique94', 'bfieldson', 'kjfitzgerald', 'jmbohorques', 'mingmingrr', 'jwfoster', 'mfalgons94']",1,[None],26,"['kjfitzgerald', 'gcamp703', 'marshall.chiulli', 'nmiller95', 'aperera208', 'dshamir', 'coreyrn8', 'speedy109', 'bfieldson', 'jmbohorques', 'mingmingrr', 'jwfoster', 'wespiard', None, 'barryhu', 'kbarta', 'arielrr', 'robertcorso97', 'rcobb7', 'rsiddique94', 'vare23540', 'saavedradavid92', 'phrich', 'madisonbreese', 'ajcarew', 'mfalgons94']"
27,118,26,29,23,"['siminguo', 'ayang99', 'jraiford', 'jnishida', 'runyun93', 'jamesmlmiller', 'chingyinglu89', 'ddyrda159753', 'mgonnet', 'gm2455755155', 'qinglinyang', 'rongfengyuan', 'dcorral', 'martakrason', 'theuser7', 'halpert', 'thowarth', 'mcconohy', 'munjaewan', 'jvalery', 'pbherman', 'micha.bennaim', 'lyk']",2,"['mojiacheng', 'mvilim']",6,"['romoko', 'liuwenyi0828', 'ddewitt9', 'lbalhorn', None, 'bnhuang94']",31,"['romoko', 'siminguo', 'ayang99', 'jraiford', 'jnishida', 'runyun93', 'jamesmlmiller', 'ddyrda159753', 'mgonnet', 'ddewitt9', 'gm2455755155', 'qinglinyang', 'rongfengyuan', 'dcorral', 'mojiacheng', 'lyk', 'martakrason', 'theuser7', 'halpert', 'thowarth', 'mvilim', None, 'liuwenyi0828', 'mcconohy', 'munjaewan', 'jvalery', 'pbherman', 'micha.bennaim', 'chingyinglu89', 'lbalhorn', 'bnhuang94']"
27,247,26,28,22,"['siminguo', 'ayang99', 'jraiford', 'jnishida', 'jamesmlmiller', 'chingyinglu89', 'ddyrda159753', 'mgonnet', 'gm2455755155', 'qinglinyang', 'rongfengyuan', 'dcorral', 'martakrason', 'theuser7', 'halpert', 'thowarth', 'mcconohy', 'munjaewan', 'jvalery', 'pbherman', 'micha.bennaim', 'lyk']",3,"['mojiacheng', 'mvilim', 'runyun93']",6,"['romoko', 'davidpalm7', 'liuwenyi0828', 'ddewitt9', None, 'bnhuang94']",31,"['davidpalm7', 'romoko', 'siminguo', 'ayang99', 'jraiford', 'jnishida', 'runyun93', 'jamesmlmiller', 'ddyrda159753', 'mgonnet', 'ddewitt9', 'gm2455755155', 'qinglinyang', 'rongfengyuan', 'dcorral', 'mojiacheng', 'lyk', 'martakrason', 'theuser7', 'halpert', 'thowarth', 'mvilim', None, 'liuwenyi0828', 'mcconohy', 'munjaewan', 'jvalery', 'pbherman', 'micha.bennaim', 'chingyinglu89', 'bnhuang94']"
28,163,25,20,17,"['jzy7883972', 'jdask8er', 'jdutt002', 'tnguyen', 'aguirremoy', 'fira13', 'dinethg', 'ckuo006', 'amach005', 'jwood020', 'kwen002', 'hanwang1020', 'mliu027', 'aarri002', 'yifanzhang47', 'vkuma003', 'mfull006']",7,"['tokyo2000', 'a.edelagarza09', 'marco.asa', 'mykornet06', 'johnny96124', 'zhangze1193', 'a.mitrikas']",3,"['cnhan002', None, 'rbetr001']",27,"['tnguyen', 'aarri002', 'johnny96124', 'zhangze1193', 'mfull006', 'jzy7883972', 'jdutt002', 'amach005', 'a.edelagarza09', 'kwen002', None, 'a.mitrikas', 'tokyo2000', 'marco.asa', 'jdask8er', 'aguirremoy', 'fira13', 'dinethg', 'ckuo006', 'jwood020', 'mykornet06', 'hanwang1020', 'mliu027', 'cnhan002', 'rbetr001', 'yifanzhang47', 'vkuma003']"
28,162,25,7,3,"['jzy7883972', 'fira13', 'mfull006']",21,"['tnguyen', 'aarri002', 'johnny96124', 'zhangze1193', 'jdutt002', 'amach005', 'a.edelagarza09', 'kwen002', 'a.mitrikas', 'tokyo2000', 'marco.asa', 'jdask8er', 'aguirremoy', 'dinethg', 'ckuo006', 'jwood020', 'mykornet06', 'hanwang1020', 'mliu027', 'yifanzhang47', 'vkuma003']",4,"['awali002', None, 'wshi001', 'benjileong']",28,"['a.edelagarza09', 'tnguyen', 'wshi001', 'kwen002', 'aarri002', 'johnny96124', 'zhangze1193', 'mfull006', 'a.mitrikas', 'benjileong', 'jzy7883972', 'tokyo2000', 'marco.asa', 'awali002', 'jdask8er', None, 'jdutt002', 'aguirremoy', 'fira13', 'dinethg', 'ckuo006', 'amach005', 'jwood020', 'mykornet06', 'hanwang1020', 'mliu027', 'yifanzhang47', 'vkuma003']"
29,329,23,79,21,"['mudrasjuee', 'tanvipanchal111', 'rohinipatil404', 'priyagajakosh1', 'mfelsita', 'hbg2112', 'vipul24', 'prajaktasirame', 'biswassubhamfeb28', 'rucha1795', 'yashapeejay', 'bhakti961', 'parmitbanga1995', 'manasi.shinde008', 'oma1811', 'vijaybhargude2', 'aishwaryamardhekar.24595', 'vaibhav.gangan7', 'sayalipatil4545', 'prathameshptkr4', 'a.j.yadav2395']",1,['srivats11'],58,"['tejaskanagal95', 'saylishirodkar58', 'nilam.udeg30', 'ajinkyakanse18', 'rakeshmaity', 'dalvisayli', 'ramaprde2296', 'vinit95vasudevan', 'aashaysathe', 'ssy506804', 'sid.rane95', 'sardesai.kirti18', 'umeshkaurav17', 'brian200495', 'snehakudtarkar315', 'namratakulkarni77', 'bonhomie11', 'jatin.dhande1008', 'lakumveer', 'rushabh.fegade', 'omkarn049', 'viveky803', 'vinodgadge95', 'ankit.dhawale008', 'nikhildubey02051996', 'siddhesh401', 'komalbapna.kb', 'sailee.mohite', 'ameypatil29', 'vishakha1805', 'ahire.monali07', 'aniketsurve160', 'dikshabafna1995', 'manishashetye1295', 'manalihedaoo4', 'sumedh_patil', 'suyogk.1995', 'srikalaprabhu', 'deven199570', 'rawletanmayee46', 'rajashree.pimputkar', 'pravin45', 'akshayughade14', 'spranav3004', 'cooldudeakshu', None, 'abhishekm2861996', 'pbrahmapurkar', 'varunkurup2', 'sarika_bukkawar', 'ankitaangarkhe20', 'saurabhmangeshkar', 'phantomakhil', 'pranilraut17', 'prasadkale95', 'rohitbaliyan53', 'susmitaahirrao', 'kondekar23']",80,"['saylishirodkar58', 'mudrasjuee', 'nilam.udeg30', 'rohinipatil404', 'priyagajakosh1', 'ajinkyakanse18', 'dalvisayli', 'rakeshmaity', 'vinit95vasudevan', 'ssy506804', 'sid.rane95', 'brian200495', 'bonhomie11', 'jatin.dhande1008', 'vipul24', 'rushabh.fegade', 'omkarn049', 'viveky803', 'vinodgadge95', 'nikhildubey02051996', 'siddhesh401', 'rucha1795', 'ameypatil29', 'vishakha1805', 'bhakti961', 'manasi.shinde008', 'aniketsurve160', 'oma1811', 'manishashetye1295', 'manalihedaoo4', 'sumedh_patil', 'suyogk.1995', 'deven199570', 'pravin45', 'akshayughade14', 'spranav3004', 'cooldudeakshu', 'varunkurup2', 'ankitaangarkhe20', 'vaibhav.gangan7', 'pranilraut17', 'sayalipatil4545', 'prathameshptkr4', 'prasadkale95', 'a.j.yadav2395', 'saurabhmangeshkar', 'tejaskanagal95', 'tanvipanchal111', 'ramaprde2296', 'mfelsita', 'aashaysathe', 'sardesai.kirti18', 'umeshkaurav17', 'snehakudtarkar315', 'namratakulkarni77', 'hbg2112', 'lakumveer', 'komalbapna.kb', 'prajaktasirame', 'biswassubhamfeb28', 'ankit.dhawale008', 'yashapeejay', 'sailee.mohite', 'ahire.monali07', 'parmitbanga1995', 'dikshabafna1995', 'rajashree.pimputkar', 'srikalaprabhu', 'rawletanmayee46', 'vijaybhargude2', 'aishwaryamardhekar.24595', None, 'abhishekm2861996', 'pbrahmapurkar', 'sarika_bukkawar', 'srivats11', 'phantomakhil', 'rohitbaliyan53', 'susmitaahirrao', 'kondekar23']"
29,330,23,33,1,['srivats11'],21,"['mudrasjuee', 'tanvipanchal111', 'rohinipatil404', 'priyagajakosh1', 'mfelsita', 'hbg2112', 'vipul24', 'prajaktasirame', 'biswassubhamfeb28', 'rucha1795', 'yashapeejay', 'bhakti961', 'parmitbanga1995', 'manasi.shinde008', 'oma1811', 'vijaybhargude2', 'aishwaryamardhekar.24595', 'vaibhav.gangan7', 'sayalipatil4545', 'prathameshptkr4', 'a.j.yadav2395']",32,"['ayushilalka2', 'akshuraorane24', 'ajinkyakanse18', 'pradnya500', 'rakeshmaity', 'shahsam22', 'kinjal.sangale01', 'prashantkhedkar.sakec', 'vishmandavkar', 'aeroparth', 'suyashrane710', 'nikitabhapkar11', 'sohilsavla44', 'pcs7493', 'alokshah1234', 'anirudhamranade', 'lalitrajp001', 'kjamdar1.kj', 'priyankasingh754', 'meetnayak90', 'app32323', 'ketanpatil32', 'pria.singh94', None, 'mayureshmanoharsane', 'harshadarokade2017', 'varshakunhanandan', 'varunkurup2', 'preranaprasad28', 'yogitavmahajan', 'jyo.surve22', 'sdparkar47']",54,"['ayushilalka2', 'mudrasjuee', 'akshuraorane24', 'tanvipanchal111', 'rohinipatil404', 'priyagajakosh1', 'ajinkyakanse18', 'pradnya500', 'rakeshmaity', 'mfelsita', 'shahsam22', 'prashantkhedkar.sakec', 'kinjal.sangale01', 'vishmandavkar', 'aeroparth', 'suyashrane710', 'nikitabhapkar11', 'sohilsavla44', 'hbg2112', 'pcs7493', 'alokshah1234', 'anirudhamranade', 'vipul24', 'lalitrajp001', 'prajaktasirame', 'biswassubhamfeb28', 'rucha1795', 'yashapeejay', 'bhakti961', 'kjamdar1.kj', 'parmitbanga1995', 'manasi.shinde008', 'oma1811', 'priyankasingh754', 'meetnayak90', 'app32323', 'ketanpatil32', 'vijaybhargude2', 'aishwaryamardhekar.24595', 'pria.singh94', None, 'mayureshmanoharsane', 'harshadarokade2017', 'varshakunhanandan', 'varunkurup2', 'vaibhav.gangan7', 'preranaprasad28', 'srivats11', 'yogitavmahajan', 'sayalipatil4545', 'prathameshptkr4', 'a.j.yadav2395', 'jyo.surve22', 'sdparkar47']"
30,92,21,11,10,"['yjiang11', 'zxu03', 'miwang', 'notilltom', 'jarnol02', 'mlambe02', 'nsacasa', 'idelpr01', 'tamar.e.weiss', 'sobrya']",10,"['dlopezb', 'davebra', 'amd1220', 'eric.keen', 'mmt425.together', 'asif1', 'mark.hockel', 'afeit', 'ces23', 'ejlim']",1,[None],21,"['miwang', 'davebra', 'notilltom', 'eric.keen', 'amd1220', 'mmt425.together', 'jarnol02', 'mlambe02', 'yjiang11', 'ces23', None, 'ejlim', 'dlopezb', 'zxu03', 'asif1', 'mark.hockel', 'afeit', 'nsacasa', 'idelpr01', 'tamar.e.weiss', 'sobrya']"
30,93,21,6,5,"['davebra', 'mmt425.together', 'asif1', 'mark.hockel', 'ces23']",15,"['dlopezb', 'yjiang11', 'zxu03', 'miwang', 'notilltom', 'eric.keen', 'amd1220', 'jarnol02', 'mlambe02', 'ejlim', 'afeit', 'nsacasa', 'idelpr01', 'tamar.e.weiss', 'sobrya']",1,[None],21,"['miwang', 'davebra', 'notilltom', 'eric.keen', 'amd1220', 'mmt425.together', 'jarnol02', 'mlambe02', 'yjiang11', 'ces23', None, 'ejlim', 'dlopezb', 'zxu03', 'asif1', 'mark.hockel', 'afeit', 'nsacasa', 'idelpr01', 'tamar.e.weiss', 'sobrya']"
31,63,21,11,2,"['thereal.hannan', 'smusaddiq99']",18,"['iavarone', 'holly.wootten', 'akkisubhu061', 'surajkumarkeshari', 'cmathewjoseph', 'pritesh1990', 'hovden', 'rameshp', 'gsurojit1', 'klariceorama', 'jinal003', 'bassamnn', 'spbremner74', 'tschisle', 'tomasbar94', 'wmk1011', 'smeetdoshi95', 'bparth.94']",9,"['1234burhan', 'asif5292', 'krishna.jhuma17', 'suhailmohammed39', 'rahulan1493', 'niketan.mishra1995', 'sdg06', None, 'sameera.syed']",29,"['thereal.hannan', '1234burhan', 'krishna.jhuma17', 'surajkumarkeshari', 'smusaddiq99', 'rameshp', 'klariceorama', 'bassamnn', 'jinal003', 'niketan.mishra1995', 'tschisle', 'iavarone', 'tomasbar94', None, 'smeetdoshi95', 'bparth.94', 'holly.wootten', 'asif5292', 'akkisubhu061', 'suhailmohammed39', 'cmathewjoseph', 'pritesh1990', 'hovden', 'gsurojit1', 'spbremner74', 'rahulan1493', 'wmk1011', 'sdg06', 'sameera.syed']"
31,65,21,6,3,"['thereal.hannan', 'jinal003', 'smusaddiq99']",17,"['iavarone', 'holly.wootten', 'akkisubhu061', 'surajkumarkeshari', 'cmathewjoseph', 'pritesh1990', 'hovden', 'rameshp', 'gsurojit1', 'klariceorama', 'bassamnn', 'spbremner74', 'tschisle', 'tomasbar94', 'wmk1011', 'smeetdoshi95', 'bparth.94']",3,"['niketan.mishra1995', None, 'krishna.jhuma17']",23,"['thereal.hannan', 'krishna.jhuma17', 'surajkumarkeshari', 'smusaddiq99', 'rameshp', 'klariceorama', 'bassamnn', 'jinal003', 'niketan.mishra1995', 'tschisle', 'iavarone', 'tomasbar94', None, 'smeetdoshi95', 'bparth.94', 'holly.wootten', 'akkisubhu061', 'cmathewjoseph', 'pritesh1990', 'hovden', 'gsurojit1', 'spbremner74', 'wmk1011']"
32,108,21,17,14,"['astergiou', 'kryst.andr', 'yunfuou', 'muslumkpln', 'mat3rials', 'teniakoklioti', 'm.adamska00', 'kashif_kj', 'dimperiv', 'zhane', 'karolina.siedliska', 'sarka.ha', 'adi12kol', 'sulfamidici45']",6,"['avinashkmry', 'nmech', 'khongorzul_unique', 'jrdcasa', 'wangqian0316', 'ajc5']",3,"['fararelevanta', 'remediakis', None]",23,"['astergiou', 'kryst.andr', 'yunfuou', 'khongorzul_unique', 'nmech', 'fararelevanta', 'remediakis', 'kashif_kj', 'dimperiv', 'karolina.siedliska', 'sarka.ha', 'ajc5', None, 'avinashkmry', 'muslumkpln', 'mat3rials', 'jrdcasa', 'teniakoklioti', 'm.adamska00', 'zhane', 'adi12kol', 'wangqian0316', 'sulfamidici45']"
33,107,21,25,19,"['sanketkadam.sk', 'amir2552', 'umantsev', 'jmccarle3240', 'jrr1239', 'younalta', 'ywwoo', 'jpluce', 'wband', 'deepumaj', 'alexsar', 'hcy', 'baderalabbad11', 'senolpiskin5', 'yyx5048', 'zx.9323', 'liujialin.buct', 'dina.abouelella1', 'mse227']",1,['alirezaetesami'],6,"['mikeshi', 'erikhans', 'youngjkm', 'mdasta', 'gann.reddy', None]",26,"['sanketkadam.sk', 'amir2552', 'umantsev', 'jmccarle3240', 'jrr1239', 'younalta', 'ywwoo', 'jpluce', 'mdasta', 'gann.reddy', 'wband', 'deepumaj', 'alexsar', 'hcy', 'youngjkm', 'baderalabbad11', 'senolpiskin5', 'yyx5048', 'zx.9323', None, 'liujialin.buct', 'alirezaetesami', 'erikhans', 'dina.abouelella1', 'mikeshi', 'mse227']"
33,227,21,24,19,"['sanketkadam.sk', 'amir2552', 'umantsev', 'jmccarle3240', 'jrr1239', 'younalta', 'ywwoo', 'jpluce', 'wband', 'deepumaj', 'alexsar', 'hcy', 'baderalabbad11', 'senolpiskin5', 'yyx5048', 'zx.9323', 'liujialin.buct', 'dina.abouelella1', 'mse227']",1,['alirezaetesami'],5,"['mikeshi', 'erikhans', 'youngjkm', 'gann.reddy', None]",25,"['sanketkadam.sk', 'amir2552', 'umantsev', 'jmccarle3240', 'jrr1239', 'younalta', 'ywwoo', 'jpluce', 'gann.reddy', 'wband', 'deepumaj', 'alexsar', 'hcy', 'youngjkm', 'baderalabbad11', 'senolpiskin5', 'yyx5048', 'zx.9323', None, 'liujialin.buct', 'alirezaetesami', 'erikhans', 'dina.abouelella1', 'mikeshi', 'mse227']"
33,380,21,23,19,"['sanketkadam.sk', 'amir2552', 'umantsev', 'jmccarle3240', 'jrr1239', 'younalta', 'ywwoo', 'jpluce', 'wband', 'deepumaj', 'alexsar', 'hcy', 'baderalabbad11', 'senolpiskin5', 'yyx5048', 'zx.9323', 'liujialin.buct', 'dina.abouelella1', 'mse227']",1,['alirezaetesami'],4,"['gann.reddy', None, 'youngjkm', 'erikhans']",24,"['sanketkadam.sk', 'amir2552', 'umantsev', 'jmccarle3240', 'jrr1239', 'younalta', 'ywwoo', 'jpluce', 'gann.reddy', 'wband', 'deepumaj', 'alexsar', 'hcy', 'youngjkm', 'baderalabbad11', 'senolpiskin5', 'yyx5048', 'zx.9323', None, 'liujialin.buct', 'alirezaetesami', 'erikhans', 'dina.abouelella1', 'mse227']"
33,141,21,18,14,"['liujialin.buct', 'yyx5048', 'ywwoo', 'jpluce', 'sanketkadam.sk', 'dina.abouelella1', 'amir2552', 'senolpiskin5', 'wband', 'jmccarle3240', 'younalta', 'zx.9323', 'mse227', 'deepumaj']",6,"['alexsar', 'hcy', 'alirezaetesami', 'baderalabbad11', 'umantsev', 'jrr1239']",4,"[None, 'youngjkm', 'erikhans', 'mdasta']",24,"['sanketkadam.sk', 'amir2552', 'umantsev', 'jmccarle3240', 'jrr1239', 'younalta', 'ywwoo', 'jpluce', 'mdasta', 'wband', 'deepumaj', 'alexsar', 'hcy', 'youngjkm', 'baderalabbad11', 'senolpiskin5', 'yyx5048', 'zx.9323', None, 'liujialin.buct', 'alirezaetesami', 'erikhans', 'dina.abouelella1', 'mse227']"
34,72,20,59,19,"['aniketshelar79', 'sharma.ayushi8c', 'rautt59', 'rushivsm1994', 'aqudas29', 'sselvi', 'navneetmishra021', 'snehalyadav711', 'sboseroychoudhury', 'sbodke', 'yrahul1122', 'nair19shruti', 'ankith89', 'averma03', '2205vrushalipatil', 'shibashaikh1810', 'preethi.pankajakshan', 'gujaran738', 'ndarji']",0,[],40,"['ntambe', 'karankyp', 'ishmeetsingh', 'gupta.ravi1996', 'lino2296', 'rajeevuwarrier', 'smenon05', 'sayujya.nair', 'pranitgirkar', 'rbiradar', 'kannankarthik123456', 'atoraskar12', 'g3jithinn', 'nikj816', 'pkalanadhabhatta', 'rkesharwani01', 'suraj6111994', 'ajay.raghuwanshi', 'verma.amitkumar95', 'pdeshpande', 'pranithsuvarna1', 'sawant.vaishnavi25', 'krnraina11', 'darshanadaund27', 'karan.marketkar', 'shaminakunnel', 'anshujha95', 'surabhiholla93', 'abhiramibp95', 'maithili010', 'nehaaltawade1', 'chandramani.yadav43', 'aanugraha', 'walavalkarmayur79', 'deepikachaman3', None, 'harshitbangera', 'akash.parate14', 'desaivighnesh95', 'srane']",59,"['sharma.ayushi8c', 'ishmeetsingh', 'gupta.ravi1996', 'rajeevuwarrier', 'smenon05', 'sayujya.nair', 'pranitgirkar', 'rbiradar', 'rautt59', 'atoraskar12', 'g3jithinn', 'nikj816', 'pkalanadhabhatta', 'navneetmishra021', 'sboseroychoudhury', 'sbodke', 'ajay.raghuwanshi', 'pdeshpande', 'sawant.vaishnavi25', 'krnraina11', 'darshanadaund27', 'anshujha95', 'abhiramibp95', 'ankith89', 'averma03', 'maithili010', 'aanugraha', 'harshitbangera', 'akash.parate14', 'srane', 'shibashaikh1810', 'preethi.pankajakshan', 'gujaran738', 'aniketshelar79', 'ntambe', 'lino2296', 'karankyp', 'kannankarthik123456', 'rushivsm1994', 'aqudas29', 'sselvi', 'rkesharwani01', 'suraj6111994', 'snehalyadav711', 'verma.amitkumar95', 'pranithsuvarna1', 'yrahul1122', 'nair19shruti', 'karan.marketkar', 'shaminakunnel', 'surabhiholla93', 'nehaaltawade1', 'chandramani.yadav43', 'walavalkarmayur79', 'deepikachaman3', None, '2205vrushalipatil', 'desaivighnesh95', 'ndarji']"
35,329,20,79,17,"['tejaskanagal95', 'brian200495', 'nilam.udeg30', 'snehakudtarkar315', 'ankitaangarkhe20', 'phantomakhil', 'suyogk.1995', 'prasadkale95', 'srikalaprabhu', 'ssy506804', 'rushabh.fegade', 'deven199570', 'susmitaahirrao', 'vinodgadge95', 'ankit.dhawale008', 'spranav3004', 'cooldudeakshu']",2,"['dattaram.gawade781', 'palswati0309']",62,"['saylishirodkar58', 'mudrasjuee', 'tanvipanchal111', 'priyagajakosh1', 'ajinkyakanse18', 'rohinipatil404', 'dalvisayli', 'rakeshmaity', 'ramaprde2296', 'mfelsita', 'vinit95vasudevan', 'aashaysathe', 'sid.rane95', 'sardesai.kirti18', 'umeshkaurav17', 'namratakulkarni77', 'bonhomie11', 'jatin.dhande1008', 'hbg2112', 'lakumveer', 'vipul24', 'omkarn049', 'viveky803', 'komalbapna.kb', 'prajaktasirame', 'nikhildubey02051996', 'siddhesh401', 'rucha1795', 'biswassubhamfeb28', 'yashapeejay', 'sailee.mohite', 'ameypatil29', 'vishakha1805', 'bhakti961', 'ahire.monali07', 'parmitbanga1995', 'aniketsurve160', 'manasi.shinde008', 'oma1811', 'manishashetye1295', 'manalihedaoo4', 'dikshabafna1995', 'sumedh_patil', 'rajashree.pimputkar', 'rawletanmayee46', 'vijaybhargude2', 'aishwaryamardhekar.24595', 'pravin45', 'akshayughade14', None, 'abhishekm2861996', 'pbrahmapurkar', 'varunkurup2', 'sarika_bukkawar', 'vaibhav.gangan7', 'saurabhmangeshkar', 'pranilraut17', 'sayalipatil4545', 'prathameshptkr4', 'rohitbaliyan53', 'a.j.yadav2395', 'kondekar23']",81,"['saylishirodkar58', 'mudrasjuee', 'nilam.udeg30', 'priyagajakosh1', 'ajinkyakanse18', 'dattaram.gawade781', 'dalvisayli', 'rohinipatil404', 'rakeshmaity', 'vinit95vasudevan', 'ssy506804', 'sid.rane95', 'brian200495', 'bonhomie11', 'jatin.dhande1008', 'rushabh.fegade', 'omkarn049', 'vipul24', 'viveky803', 'vinodgadge95', 'nikhildubey02051996', 'siddhesh401', 'rucha1795', 'ameypatil29', 'vishakha1805', 'bhakti961', 'aniketsurve160', 'manasi.shinde008', 'oma1811', 'manishashetye1295', 'manalihedaoo4', 'suyogk.1995', 'sumedh_patil', 'deven199570', 'pravin45', 'akshayughade14', 'cooldudeakshu', 'spranav3004', 'varunkurup2', 'ankitaangarkhe20', 'vaibhav.gangan7', 'pranilraut17', 'prasadkale95', 'sayalipatil4545', 'prathameshptkr4', 'a.j.yadav2395', 'saurabhmangeshkar', 'tejaskanagal95', 'tanvipanchal111', 'ramaprde2296', 'mfelsita', 'aashaysathe', 'sardesai.kirti18', 'umeshkaurav17', 'snehakudtarkar315', 'namratakulkarni77', 'hbg2112', 'lakumveer', 'komalbapna.kb', 'ankit.dhawale008', 'prajaktasirame', 'biswassubhamfeb28', 'yashapeejay', 'sailee.mohite', 'ahire.monali07', 'parmitbanga1995', 'dikshabafna1995', 'rajashree.pimputkar', 'srikalaprabhu', 'rawletanmayee46', 'vijaybhargude2', 'aishwaryamardhekar.24595', None, 'abhishekm2861996', 'pbrahmapurkar', 'sarika_bukkawar', 'phantomakhil', 'rohitbaliyan53', 'susmitaahirrao', 'palswati0309', 'kondekar23']"
35,235,20,38,9,"['tejaskanagal95', 'nilam.udeg30', 'ankitaangarkhe20', 'phantomakhil', 'prasadkale95', 'deven199570', 'susmitaahirrao', 'palswati0309', 'cooldudeakshu']",10,"['brian200495', 'snehakudtarkar315', 'dattaram.gawade781', 'suyogk.1995', 'srikalaprabhu', 'ssy506804', 'rushabh.fegade', 'vinodgadge95', 'ankit.dhawale008', 'spranav3004']",29,"['saylishirodkar58', 'rakeshmaity', 'dalvisayli', 'abhishekpatkar1796', 'vinit95vasudevan', 'aashaysathe', 'chaudharisuyash7', 'shahyash027', 'sardesai.kirti18', 'bonhomie11', 'rehansonarkar784', 'chiragc9494', 'lakumveer', 'viveky803', 'ameypatil29', 'kadamk008', 'ahire.monali07', 'abarge31', 'manalihedaoo4', 'sumedh_patil', 'rajashree.pimputkar', 'pravin45', 'oindri.c', None, 'aniketkulaye618', 'siddhiambre111', 'rohitbaliyan53', 'saurabhmangeshkar', 'shakyanandk']",48,"['tejaskanagal95', 'saylishirodkar58', 'nilam.udeg30', 'dattaram.gawade781', 'rakeshmaity', 'dalvisayli', 'abhishekpatkar1796', 'vinit95vasudevan', 'aashaysathe', 'ssy506804', 'chaudharisuyash7', 'shahyash027', 'sardesai.kirti18', 'brian200495', 'snehakudtarkar315', 'bonhomie11', 'rehansonarkar784', 'chiragc9494', 'lakumveer', 'rushabh.fegade', 'viveky803', 'vinodgadge95', 'ankit.dhawale008', 'ameypatil29', 'kadamk008', 'ahire.monali07', 'abarge31', 'manalihedaoo4', 'suyogk.1995', 'sumedh_patil', 'srikalaprabhu', 'deven199570', 'rajashree.pimputkar', 'pravin45', 'oindri.c', 'cooldudeakshu', 'spranav3004', None, 'aniketkulaye618', 'siddhiambre111', 'ankitaangarkhe20', 'phantomakhil', 'prasadkale95', 'rohitbaliyan53', 'susmitaahirrao', 'palswati0309', 'saurabhmangeshkar', 'shakyanandk']"
35,236,20,26,11,"['brian200495', 'snehakudtarkar315', 'dattaram.gawade781', 'suyogk.1995', 'srikalaprabhu', 'ssy506804', 'rushabh.fegade', 'palswati0309', 'vinodgadge95', 'ankit.dhawale008', 'spranav3004']",8,"['tejaskanagal95', 'nilam.udeg30', 'ankitaangarkhe20', 'phantomakhil', 'prasadkale95', 'deven199570', 'susmitaahirrao', 'cooldudeakshu']",15,"['ritesh.parulekar231194', 'shail.thadeshwar', 'snehawaghe21', 'rehansonarkar784', 'aniketsurve160', 'manishashetye1295', 'advenraju', 'nikhildubey02051996', 'rajashree.pimputkar', 'mihirwadekar100', 'chandraman.patil', 'shrutika210', 'shahyash027', 'komalbapna.kb', None]",34,"['tejaskanagal95', 'ritesh.parulekar231194', 'nilam.udeg30', 'snehawaghe21', 'dattaram.gawade781', 'ssy506804', 'shahyash027', 'brian200495', 'snehakudtarkar315', 'rehansonarkar784', 'advenraju', 'rushabh.fegade', 'mihirwadekar100', 'chandraman.patil', 'vinodgadge95', 'ankit.dhawale008', 'komalbapna.kb', 'nikhildubey02051996', 'aniketsurve160', 'manishashetye1295', 'suyogk.1995', 'rajashree.pimputkar', 'srikalaprabhu', 'deven199570', None, 'cooldudeakshu', 'spranav3004', 'shail.thadeshwar', 'ankitaangarkhe20', 'phantomakhil', 'prasadkale95', 'susmitaahirrao', 'shrutika210', 'palswati0309']"
35,332,20,19,5,"['brian200495', 'dattaram.gawade781', 'palswati0309', 'vinodgadge95', 'ankit.dhawale008']",14,"['tejaskanagal95', 'snehakudtarkar315', 'nilam.udeg30', 'ankitaangarkhe20', 'phantomakhil', 'suyogk.1995', 'prasadkale95', 'srikalaprabhu', 'ssy506804', 'rushabh.fegade', 'deven199570', 'susmitaahirrao', 'spranav3004', 'cooldudeakshu']",14,"['ritesh.parulekar231194', 'ambeskaradvait', 'rakeshmaity', 'oindri.c', 'abhishekpatkar1796', 'dandekarmd73', 'advenraju', 'sumedh_patil', 'rajashree.pimputkar', 'pravin45', 'chandraman.patil', 'shahyash027', 'komalbapna.kb', None]",33,"['tejaskanagal95', 'ritesh.parulekar231194', 'nilam.udeg30', 'dattaram.gawade781', 'rakeshmaity', 'abhishekpatkar1796', 'ssy506804', 'shahyash027', 'ambeskaradvait', 'brian200495', 'snehakudtarkar315', 'advenraju', 'rushabh.fegade', 'chandraman.patil', 'vinodgadge95', 'ankit.dhawale008', 'komalbapna.kb', 'suyogk.1995', 'sumedh_patil', 'srikalaprabhu', 'deven199570', 'rajashree.pimputkar', 'pravin45', 'oindri.c', 'cooldudeakshu', 'spranav3004', None, 'ankitaangarkhe20', 'phantomakhil', 'dandekarmd73', 'prasadkale95', 'susmitaahirrao', 'palswati0309']"
35,333,20,6,2,"['vinodgadge95', 'palswati0309']",17,"['tejaskanagal95', 'brian200495', 'nilam.udeg30', 'snehakudtarkar315', 'ankitaangarkhe20', 'dattaram.gawade781', 'phantomakhil', 'suyogk.1995', 'prasadkale95', 'srikalaprabhu', 'ssy506804', 'rushabh.fegade', 'deven199570', 'susmitaahirrao', 'ankit.dhawale008', 'spranav3004', 'cooldudeakshu']",4,"['shahyash027', 'rakeshmaity', None, 'chandraman.patil']",23,"['tejaskanagal95', 'nilam.udeg30', 'dattaram.gawade781', 'rakeshmaity', 'suyogk.1995', 'srikalaprabhu', 'ssy506804', 'deven199570', 'shahyash027', None, 'cooldudeakshu', 'spranav3004', 'brian200495', 'snehakudtarkar315', 'ankitaangarkhe20', 'phantomakhil', 'prasadkale95', 'rushabh.fegade', 'susmitaahirrao', 'palswati0309', 'chandraman.patil', 'vinodgadge95', 'ankit.dhawale008']"
36,329,20,79,14,"['saylishirodkar58', 'namratakulkarni77', 'ahire.monali07', 'rakeshmaity', 'dalvisayli', 'aniketsurve160', 'manishashetye1295', 'lakumveer', 'vinit95vasudevan', 'pravin45', 'viveky803', 'komalbapna.kb', 'nikhildubey02051996', 'saurabhmangeshkar']",5,"['ritesh.parulekar231194', 'shahyash027', 'tanayshinde21', 'oindri.c', 'shakyanandk']",65,"['tejaskanagal95', 'mudrasjuee', 'nilam.udeg30', 'tanvipanchal111', 'priyagajakosh1', 'ajinkyakanse18', 'rohinipatil404', 'ramaprde2296', 'mfelsita', 'aashaysathe', 'ssy506804', 'sid.rane95', 'sardesai.kirti18', 'umeshkaurav17', 'brian200495', 'snehakudtarkar315', 'bonhomie11', 'jatin.dhande1008', 'hbg2112', 'rushabh.fegade', 'omkarn049', 'vipul24', 'vinodgadge95', 'prajaktasirame', 'ankit.dhawale008', 'siddhesh401', 'rucha1795', 'biswassubhamfeb28', 'yashapeejay', 'sailee.mohite', 'ameypatil29', 'vishakha1805', 'bhakti961', 'parmitbanga1995', 'manasi.shinde008', 'dikshabafna1995', 'oma1811', 'manalihedaoo4', 'sumedh_patil', 'suyogk.1995', 'srikalaprabhu', 'deven199570', 'rawletanmayee46', 'rajashree.pimputkar', 'vijaybhargude2', 'aishwaryamardhekar.24595', 'akshayughade14', 'spranav3004', 'cooldudeakshu', None, 'abhishekm2861996', 'pbrahmapurkar', 'varunkurup2', 'sarika_bukkawar', 'ankitaangarkhe20', 'vaibhav.gangan7', 'phantomakhil', 'pranilraut17', 'sayalipatil4545', 'prathameshptkr4', 'prasadkale95', 'rohitbaliyan53', 'susmitaahirrao', 'a.j.yadav2395', 'kondekar23']",84,"['ritesh.parulekar231194', 'saylishirodkar58', 'mudrasjuee', 'nilam.udeg30', 'priyagajakosh1', 'ajinkyakanse18', 'rakeshmaity', 'dalvisayli', 'rohinipatil404', 'vinit95vasudevan', 'ssy506804', 'sid.rane95', 'shahyash027', 'brian200495', 'bonhomie11', 'jatin.dhande1008', 'rushabh.fegade', 'omkarn049', 'viveky803', 'vipul24', 'vinodgadge95', 'nikhildubey02051996', 'siddhesh401', 'rucha1795', 'ameypatil29', 'vishakha1805', 'bhakti961', 'aniketsurve160', 'manasi.shinde008', 'manishashetye1295', 'oma1811', 'manalihedaoo4', 'sumedh_patil', 'suyogk.1995', 'deven199570', 'pravin45', 'oindri.c', 'akshayughade14', 'spranav3004', 'cooldudeakshu', 'varunkurup2', 'ankitaangarkhe20', 'vaibhav.gangan7', 'pranilraut17', 'sayalipatil4545', 'prathameshptkr4', 'prasadkale95', 'a.j.yadav2395', 'saurabhmangeshkar', 'shakyanandk', 'tejaskanagal95', 'tanvipanchal111', 'ramaprde2296', 'mfelsita', 'aashaysathe', 'sardesai.kirti18', 'umeshkaurav17', 'snehakudtarkar315', 'namratakulkarni77', 'hbg2112', 'lakumveer', 'komalbapna.kb', 'prajaktasirame', 'ankit.dhawale008', 'biswassubhamfeb28', 'yashapeejay', 'sailee.mohite', 'ahire.monali07', 'parmitbanga1995', 'dikshabafna1995', 'rajashree.pimputkar', 'srikalaprabhu', 'rawletanmayee46', 'vijaybhargude2', 'aishwaryamardhekar.24595', None, 'abhishekm2861996', 'pbrahmapurkar', 'sarika_bukkawar', 'phantomakhil', 'rohitbaliyan53', 'susmitaahirrao', 'tanayshinde21', 'kondekar23']"
36,235,20,38,12,"['saylishirodkar58', 'ahire.monali07', 'rakeshmaity', 'dalvisayli', 'oindri.c', 'lakumveer', 'vinit95vasudevan', 'viveky803', 'shahyash027', 'pravin45', 'saurabhmangeshkar', 'shakyanandk']",7,"['ritesh.parulekar231194', 'namratakulkarni77', 'aniketsurve160', 'manishashetye1295', 'komalbapna.kb', 'tanayshinde21', 'nikhildubey02051996']",26,"['tejaskanagal95', 'nilam.udeg30', 'abhishekpatkar1796', 'aashaysathe', 'chaudharisuyash7', 'sardesai.kirti18', 'bonhomie11', 'rehansonarkar784', 'chiragc9494', 'ameypatil29', 'kadamk008', 'abarge31', 'manalihedaoo4', 'sumedh_patil', 'rajashree.pimputkar', 'deven199570', None, 'cooldudeakshu', 'aniketkulaye618', 'siddhiambre111', 'ankitaangarkhe20', 'phantomakhil', 'prasadkale95', 'rohitbaliyan53', 'susmitaahirrao', 'palswati0309']",45,"['ritesh.parulekar231194', 'saylishirodkar58', 'tejaskanagal95', 'nilam.udeg30', 'rakeshmaity', 'dalvisayli', 'abhishekpatkar1796', 'vinit95vasudevan', 'aashaysathe', 'chaudharisuyash7', 'shahyash027', 'sardesai.kirti18', 'namratakulkarni77', 'bonhomie11', 'rehansonarkar784', 'chiragc9494', 'lakumveer', 'viveky803', 'komalbapna.kb', 'nikhildubey02051996', 'ameypatil29', 'kadamk008', 'ahire.monali07', 'abarge31', 'aniketsurve160', 'manishashetye1295', 'manalihedaoo4', 'sumedh_patil', 'rajashree.pimputkar', 'deven199570', 'pravin45', 'oindri.c', 'cooldudeakshu', None, 'aniketkulaye618', 'siddhiambre111', 'ankitaangarkhe20', 'phantomakhil', 'prasadkale95', 'rohitbaliyan53', 'susmitaahirrao', 'palswati0309', 'tanayshinde21', 'saurabhmangeshkar', 'shakyanandk']"
36,347,20,34,12,"['saylishirodkar58', 'ahire.monali07', 'oindri.c', 'aniketsurve160', 'manishashetye1295', 'vinit95vasudevan', 'pravin45', 'viveky803', 'komalbapna.kb', 'nikhildubey02051996', 'saurabhmangeshkar', 'shakyanandk']",7,"['ritesh.parulekar231194', 'namratakulkarni77', 'rakeshmaity', 'dalvisayli', 'lakumveer', 'shahyash027', 'tanayshinde21']",22,"['aashaysathe', 'shailt1221', 'umeshkaurav17', 'cpatil152', 'qureshisalman69', 'bonhomie11', 'sonalipawar589', 'praju.avhad', 'ajthamke40', 'nehah95', 'vishakha1805', 'gauravrajeshmehta', 'dikshabafna1995', 'sumedh_patil', 'rajashree.pimputkar', None, 'abhishekm2861996', 'pbrahmapurkar', 'chaudharipayal50', 'ravina.chavan42', 'sebastian007', 'kondekar23']",41,"['ritesh.parulekar231194', 'saylishirodkar58', 'rakeshmaity', 'dalvisayli', 'vinit95vasudevan', 'aashaysathe', 'kondekar23', 'shahyash027', 'shailt1221', 'umeshkaurav17', 'namratakulkarni77', 'cpatil152', 'qureshisalman69', 'bonhomie11', 'lakumveer', 'sonalipawar589', 'praju.avhad', 'ajthamke40', 'nehah95', 'viveky803', 'komalbapna.kb', 'nikhildubey02051996', 'vishakha1805', 'ahire.monali07', 'gauravrajeshmehta', 'aniketsurve160', 'dikshabafna1995', 'manishashetye1295', 'sumedh_patil', 'rajashree.pimputkar', 'pravin45', 'oindri.c', None, 'abhishekm2861996', 'pbrahmapurkar', 'chaudharipayal50', 'ravina.chavan42', 'sebastian007', 'tanayshinde21', 'saurabhmangeshkar', 'shakyanandk']"
36,330,20,33,1,['rakeshmaity'],18,"['ritesh.parulekar231194', 'saylishirodkar58', 'namratakulkarni77', 'ahire.monali07', 'oindri.c', 'dalvisayli', 'aniketsurve160', 'manishashetye1295', 'lakumveer', 'vinit95vasudevan', 'nikhildubey02051996', 'pravin45', 'viveky803', 'shahyash027', 'tanayshinde21', 'komalbapna.kb', 'saurabhmangeshkar', 'shakyanandk']",32,"['ayushilalka2', 'akshuraorane24', 'ajinkyakanse18', 'pradnya500', 'shahsam22', 'kinjal.sangale01', 'prashantkhedkar.sakec', 'vishmandavkar', 'aeroparth', 'suyashrane710', 'nikitabhapkar11', 'sohilsavla44', 'pcs7493', 'alokshah1234', 'anirudhamranade', 'lalitrajp001', 'kjamdar1.kj', 'priyankasingh754', 'meetnayak90', 'app32323', 'ketanpatil32', 'pria.singh94', None, 'mayureshmanoharsane', 'harshadarokade2017', 'varshakunhanandan', 'varunkurup2', 'preranaprasad28', 'srivats11', 'yogitavmahajan', 'jyo.surve22', 'sdparkar47']",51,"['ritesh.parulekar231194', 'saylishirodkar58', 'ayushilalka2', 'akshuraorane24', 'ajinkyakanse18', 'pradnya500', 'rakeshmaity', 'dalvisayli', 'vinit95vasudevan', 'jyo.surve22', 'shahyash027', 'shahsam22', 'prashantkhedkar.sakec', 'kinjal.sangale01', 'namratakulkarni77', 'vishmandavkar', 'aeroparth', 'suyashrane710', 'nikitabhapkar11', 'sohilsavla44', 'pcs7493', 'lakumveer', 'alokshah1234', 'anirudhamranade', 'viveky803', 'komalbapna.kb', 'lalitrajp001', 'nikhildubey02051996', 'ahire.monali07', 'kjamdar1.kj', 'aniketsurve160', 'manishashetye1295', 'priyankasingh754', 'meetnayak90', 'app32323', 'ketanpatil32', 'pravin45', 'oindri.c', 'pria.singh94', None, 'mayureshmanoharsane', 'sdparkar47', 'harshadarokade2017', 'varshakunhanandan', 'varunkurup2', 'preranaprasad28', 'srivats11', 'yogitavmahajan', 'tanayshinde21', 'saurabhmangeshkar', 'shakyanandk']"
36,236,20,26,6,"['ritesh.parulekar231194', 'aniketsurve160', 'manishashetye1295', 'nikhildubey02051996', 'shahyash027', 'komalbapna.kb']",13,"['saylishirodkar58', 'namratakulkarni77', 'ahire.monali07', 'rakeshmaity', 'dalvisayli', 'oindri.c', 'lakumveer', 'vinit95vasudevan', 'viveky803', 'tanayshinde21', 'pravin45', 'saurabhmangeshkar', 'shakyanandk']",20,"['snehawaghe21', 'dattaram.gawade781', 'ssy506804', 'brian200495', 'snehakudtarkar315', 'rehansonarkar784', 'advenraju', 'mihirwadekar100', 'rushabh.fegade', 'chandraman.patil', 'vinodgadge95', 'ankit.dhawale008', 'suyogk.1995', 'rajashree.pimputkar', 'srikalaprabhu', None, 'spranav3004', 'shail.thadeshwar', 'shrutika210', 'palswati0309']",39,"['ritesh.parulekar231194', 'saylishirodkar58', 'snehawaghe21', 'rakeshmaity', 'dalvisayli', 'dattaram.gawade781', 'vinit95vasudevan', 'ssy506804', 'shahyash027', 'brian200495', 'snehakudtarkar315', 'namratakulkarni77', 'rehansonarkar784', 'lakumveer', 'advenraju', 'mihirwadekar100', 'rushabh.fegade', 'viveky803', 'chandraman.patil', 'komalbapna.kb', 'vinodgadge95', 'nikhildubey02051996', 'ankit.dhawale008', 'ahire.monali07', 'aniketsurve160', 'manishashetye1295', 'suyogk.1995', 'rajashree.pimputkar', 'srikalaprabhu', 'pravin45', 'oindri.c', None, 'spranav3004', 'shail.thadeshwar', 'shrutika210', 'palswati0309', 'tanayshinde21', 'saurabhmangeshkar', 'shakyanandk']"
36,332,20,19,6,"['ritesh.parulekar231194', 'rakeshmaity', 'oindri.c', 'pravin45', 'shahyash027', 'komalbapna.kb']",13,"['saylishirodkar58', 'namratakulkarni77', 'ahire.monali07', 'dalvisayli', 'aniketsurve160', 'manishashetye1295', 'lakumveer', 'vinit95vasudevan', 'viveky803', 'tanayshinde21', 'nikhildubey02051996', 'saurabhmangeshkar', 'shakyanandk']",13,"['ambeskaradvait', 'brian200495', 'dattaram.gawade781', 'abhishekpatkar1796', 'dandekarmd73', 'advenraju', 'sumedh_patil', 'rajashree.pimputkar', 'chandraman.patil', 'palswati0309', 'vinodgadge95', 'ankit.dhawale008', None]",32,"['ritesh.parulekar231194', 'saylishirodkar58', 'rakeshmaity', 'dalvisayli', 'dattaram.gawade781', 'abhishekpatkar1796', 'vinit95vasudevan', 'shahyash027', 'ambeskaradvait', 'brian200495', 'namratakulkarni77', 'lakumveer', 'advenraju', 'chandraman.patil', 'viveky803', 'komalbapna.kb', 'vinodgadge95', 'nikhildubey02051996', 'ankit.dhawale008', 'ahire.monali07', 'aniketsurve160', 'manishashetye1295', 'sumedh_patil', 'rajashree.pimputkar', 'pravin45', 'oindri.c', None, 'dandekarmd73', 'palswati0309', 'tanayshinde21', 'saurabhmangeshkar', 'shakyanandk']"
36,333,20,6,2,"['shahyash027', 'rakeshmaity']",17,"['ritesh.parulekar231194', 'saylishirodkar58', 'namratakulkarni77', 'ahire.monali07', 'oindri.c', 'dalvisayli', 'aniketsurve160', 'manishashetye1295', 'lakumveer', 'vinit95vasudevan', 'pravin45', 'viveky803', 'komalbapna.kb', 'tanayshinde21', 'nikhildubey02051996', 'saurabhmangeshkar', 'shakyanandk']",4,"['vinodgadge95', None, 'chandraman.patil', 'palswati0309']",23,"['ritesh.parulekar231194', 'saylishirodkar58', 'palswati0309', 'ahire.monali07', 'rakeshmaity', 'dalvisayli', 'aniketsurve160', 'manishashetye1295', 'vinit95vasudevan', 'vinodgadge95', 'shahyash027', 'pravin45', 'oindri.c', None, 'namratakulkarni77', 'lakumveer', 'chandraman.patil', 'viveky803', 'komalbapna.kb', 'tanayshinde21', 'nikhildubey02051996', 'saurabhmangeshkar', 'shakyanandk']"
37,61,20,13,4,"['nanomac', 'rahulan1493', 'ts283848', 'vivek.j']",15,"['bassman', 'tug07259', 'smrtalec', 'sagestubbs', 'gobinda13', 'john.davis', 'numxltrial9', 'yli133', 'hasnaaborja2016', 'bjohns1533', 'samparks', 'rljacks4', 'borsa', 'chen1650', 'jliu158']",9,"['hoze413', 'sumitahinave96', 'vrahul0273', 'niketan.mishra1995', 'sudeshdeulkar95', 'saeedkasmani123', 'sdg06', None, 'sameera.syed']",28,"['tug07259', 'nanomac', 'gobinda13', 'niketan.mishra1995', 'samparks', 'sudeshdeulkar95', 'borsa', 'chen1650', 'jliu158', 'saeedkasmani123', 'vivek.j', None, 'hoze413', 'bassman', 'sumitahinave96', 'smrtalec', 'sagestubbs', 'ts283848', 'numxltrial9', 'hasnaaborja2016', 'yli133', 'rahulan1493', 'bjohns1533', 'vrahul0273', 'rljacks4', 'john.davis', 'sdg06', 'sameera.syed']"
37,63,20,11,1,['rahulan1493'],18,"['bassman', 'tug07259', 'nanomac', 'sagestubbs', 'gobinda13', 'smrtalec', 'ts283848', 'numxltrial9', 'yli133', 'hasnaaborja2016', 'john.davis', 'bjohns1533', 'samparks', 'rljacks4', 'borsa', 'chen1650', 'jliu158', 'vivek.j']",10,"['thereal.hannan', '1234burhan', 'asif5292', 'krishna.jhuma17', 'suhailmohammed39', 'smusaddiq99', 'niketan.mishra1995', 'sdg06', None, 'sameera.syed']",29,"['thereal.hannan', '1234burhan', 'krishna.jhuma17', 'tug07259', 'nanomac', 'gobinda13', 'smusaddiq99', 'niketan.mishra1995', 'samparks', 'borsa', 'chen1650', 'jliu158', 'vivek.j', None, 'bassman', 'asif5292', 'smrtalec', 'sagestubbs', 'ts283848', 'suhailmohammed39', 'numxltrial9', 'hasnaaborja2016', 'yli133', 'rahulan1493', 'bjohns1533', 'rljacks4', 'john.davis', 'sdg06', 'sameera.syed']"
38,300,19,26,17,"['yx1330', 'jc7198', 'niketheace', 'hw1456', 'zhuchenglong123', 'nr1529', 'ey651', 'hz1436', 'mn2238', 'arunparth', 'uns204', 'pnd218', 'tct276', 'dhrn182', 'chs397', 'ws1283', 'gz573']",1,['ericdiniz'],9,"['amanmahato', 'apf312', 'jws_nano', 'shaloo', 'qz736', 'akshysr15', 'ag4806', None, 'srivastava15akshay']",27,"['niketheace', 'apf312', 'hw1456', 'jws_nano', 'qz736', 'yx1330', 'ws1283', 'ericdiniz', 'ey651', 'hz1436', 'shaloo', 'mn2238', 'arunparth', 'akshysr15', 'gz573', 'nr1529', 'chs397', 'amanmahato', 'jc7198', 'zhuchenglong123', 'pnd218', 'tct276', 'dhrn182', None, 'uns204', 'ag4806', 'srivastava15akshay']"
39,49,19,19,13,"['bomberboy1795', 'lvaglien', 'razrushitel', 'imitchel', 'cfmarott', 'cgvargas1', 'cfreynol', 'lmmoren3', 'ajwarre3', 'ntappend', 'tbchambe', 'jmalapit', 'ttmccart']",5,"['zbarney', 'amurker', 'malcolmregan', 'lkrober2', 'bhallows23']",6,"['kacox4', 'wmcheung', 'mgoryll', 'mblackm1', 'qxia11', None]",24,"['bomberboy1795', 'kacox4', 'razrushitel', 'amurker', 'zbarney', 'cfmarott', 'wmcheung', 'cgvargas1', 'mgoryll', 'cfreynol', 'lmmoren3', 'jmalapit', 'ttmccart', None, 'lvaglien', 'imitchel', 'mblackm1', 'malcolmregan', 'qxia11', 'ajwarre3', 'lkrober2', 'ntappend', 'tbchambe', 'bhallows23']"
39,50,19,16,1,['imitchel'],17,"['bomberboy1795', 'lvaglien', 'razrushitel', 'zbarney', 'amurker', 'cfmarott', 'cgvargas1', 'jmalapit', 'cfreynol', 'lmmoren3', 'malcolmregan', 'ajwarre3', 'lkrober2', 'ntappend', 'tbchambe', 'bhallows23', 'ttmccart']",15,"['nandrew3', 'vkoka', 'shusein', 'bshehab', 'egramlin', 'sgerrish', 'ndgardne', 'sebhusein', 'nlcarbal', 'xypherade', 'cdburnet', 'janels22', 'amanda.k.smith', 'jkeomany', None]",33,"['bomberboy1795', 'nandrew3', 'razrushitel', 'vkoka', 'amurker', 'zbarney', 'cfmarott', 'shusein', 'egramlin', 'cgvargas1', 'sgerrish', 'sebhusein', 'cfreynol', 'lmmoren3', 'cdburnet', 'janels22', 'amanda.k.smith', 'jkeomany', 'jmalapit', 'ttmccart', None, 'lvaglien', 'imitchel', 'bshehab', 'ndgardne', 'nlcarbal', 'xypherade', 'malcolmregan', 'ajwarre3', 'lkrober2', 'ntappend', 'tbchambe', 'bhallows23']"
40,128,19,11,9,"['yu.oulin', 'hyangmcgill', 'melisaygar', 'andyminh', 'qiaojinghao', 'yannis.issiakhem', 'samiul1952', 'mohamadnizar.kezzo', 'kac777']",9,"['timyoshi', 'nlacroix', 'foudje', 'bilal_the_best_92', 'oupengfei1989', 'habibbuetbd', 'venkey406', 'mdavidso', 'gregory.brookes']",2,"[None, 'dgrudin']",20,"['yu.oulin', 'hyangmcgill', 'melisaygar', 'andyminh', 'foudje', 'dgrudin', 'samiul1952', 'venkey406', 'mdavidso', 'kac777', None, 'timyoshi', 'nlacroix', 'qiaojinghao', 'bilal_the_best_92', 'oupengfei1989', 'habibbuetbd', 'mohamadnizar.kezzo', 'yannis.issiakhem', 'gregory.brookes']"
40,127,19,7,5,"['yu.oulin', 'foudje', 'samiul1952', 'oupengfei1989', 'gregory.brookes']",13,"['hyangmcgill', 'melisaygar', 'andyminh', 'qiaojinghao', 'nlacroix', 'bilal_the_best_92', 'kac777', 'habibbuetbd', 'venkey406', 'mdavidso', 'mohamadnizar.kezzo', 'yannis.issiakhem', 'timyoshi']",2,"[None, 'dgrudin']",20,"['yu.oulin', 'hyangmcgill', 'melisaygar', 'andyminh', 'foudje', 'dgrudin', 'samiul1952', 'venkey406', 'mdavidso', 'kac777', None, 'timyoshi', 'nlacroix', 'qiaojinghao', 'bilal_the_best_92', 'oupengfei1989', 'habibbuetbd', 'mohamadnizar.kezzo', 'yannis.issiakhem', 'gregory.brookes']"
41,228,18,18,17,"['em.king15', 'mtippet', 'sanjanababu03', 'anisa.choksi', 'aarushicha1692', 'ksuarez2017', 'sofia250', 'c.streb322', 'kayko2002', 'elizabeth.griffin', 'mitchekh2020', 'aliu00', 'kndrtnk2', 'lovepink1919', 'camrynmoore24', 'neveen', 'lindsaystapleton']",0,[],1,[None],18,"['em.king15', 'ksuarez2017', 'kayko2002', 'mitchekh2020', 'lovepink1919', None, 'neveen', 'mtippet', 'sanjanababu03', 'anisa.choksi', 'aarushicha1692', 'sofia250', 'c.streb322', 'elizabeth.griffin', 'aliu00', 'kndrtnk2', 'camrynmoore24', 'lindsaystapleton']"
42,191,18,24,15,"['adri_asen', 'r.acebron', 'jorgegavilema', 'df.ramirez', 'golubinskiy', 'seilavegav', 'm.sierraz', 'javierlight', 'sergiotixi.27', 'davidllapa', 'jamesheredia', 'oscarvime', 'avillaloboscervantes', 'dianamendezl', 'tao_liu']",2,"['t01020079623', 'steve_sam93']",9,"['malarcon', 'amoexa', 'yousra_hasnaoui', 'mfrr3', 'radubloch', 'pablo.buestan', 'javier.casatorres', 'ocriado91', None]",26,"['jorgegavilema', 'df.ramirez', 'seilavegav', 'davidllapa', 'adri_asen', 't01020079623', 'yousra_hasnaoui', 'javierlight', 'avillaloboscervantes', 'tao_liu', 'r.acebron', 'malarcon', 'amoexa', 'm.sierraz', 'sergiotixi.27', 'oscarvime', 'radubloch', 'ocriado91', None, 'jamesheredia', 'golubinskiy', 'mfrr3', 'pablo.buestan', 'steve_sam93', 'javier.casatorres', 'dianamendezl']"
42,129,18,23,13,"['adri_asen', 'r.acebron', 'golubinskiy', 'df.ramirez', 'seilavegav', 'm.sierraz', 'javierlight', 'sergiotixi.27', 'davidllapa', 'oscarvime', 'avillaloboscervantes', 'dianamendezl', 'jamesheredia']",4,"['steve_sam93', 't01020079623', 'tao_liu', 'jorgegavilema']",10,"['malarcon', 'ocriado91', 'amoexa', 'yousra_hasnaoui', 'pablo.buestan', 'javier.casatorres', 'liutao', 'jpedros100', 'radubloch', None]",27,"['jorgegavilema', 'df.ramirez', 'seilavegav', 'davidllapa', 'adri_asen', 't01020079623', 'yousra_hasnaoui', 'javierlight', 'avillaloboscervantes', 'tao_liu', 'r.acebron', 'malarcon', 'amoexa', 'm.sierraz', 'sergiotixi.27', 'oscarvime', 'ocriado91', 'radubloch', None, 'jamesheredia', 'golubinskiy', 'pablo.buestan', 'steve_sam93', 'javier.casatorres', 'dianamendezl', 'jpedros100', 'liutao']"
42,176,18,23,15,"['adri_asen', 'r.acebron', 'jorgegavilema', 'df.ramirez', 'golubinskiy', 'seilavegav', 'm.sierraz', 'javierlight', 'sergiotixi.27', 'davidllapa', 'jamesheredia', 'oscarvime', 'avillaloboscervantes', 'dianamendezl', 'tao_liu']",2,"['t01020079623', 'steve_sam93']",8,"['malarcon', 'amoexa', 'yousra_hasnaoui', 'radubloch', 'pablo.buestan', 'javier.casatorres', 'ocriado91', None]",25,"['jorgegavilema', 'df.ramirez', 'seilavegav', 'davidllapa', 'adri_asen', 't01020079623', 'yousra_hasnaoui', 'javierlight', 'avillaloboscervantes', 'tao_liu', 'r.acebron', 'malarcon', 'amoexa', 'm.sierraz', 'sergiotixi.27', 'oscarvime', 'radubloch', 'ocriado91', None, 'jamesheredia', 'golubinskiy', 'pablo.buestan', 'steve_sam93', 'javier.casatorres', 'dianamendezl']"
42,175,18,21,15,"['adri_asen', 'r.acebron', 'jorgegavilema', 'df.ramirez', 'golubinskiy', 'seilavegav', 'm.sierraz', 'javierlight', 'sergiotixi.27', 'davidllapa', 'jamesheredia', 'oscarvime', 'avillaloboscervantes', 'dianamendezl', 'tao_liu']",2,"['t01020079623', 'steve_sam93']",6,"['malarcon', 'mfrr3', 'pablo.buestan', 'javier.casatorres', 'radubloch', None]",23,"['jorgegavilema', 'df.ramirez', 'seilavegav', 'davidllapa', 'adri_asen', 't01020079623', 'javierlight', 'avillaloboscervantes', 'tao_liu', 'r.acebron', 'malarcon', 'm.sierraz', 'sergiotixi.27', 'oscarvime', 'radubloch', None, 'jamesheredia', 'golubinskiy', 'mfrr3', 'pablo.buestan', 'steve_sam93', 'javier.casatorres', 'dianamendezl']"
42,190,18,21,12,"['adri_asen', 'r.acebron', 'golubinskiy', 'jorgegavilema', 'df.ramirez', 'seilavegav', 'm.sierraz', 'sergiotixi.27', 'oscarvime', 'davidllapa', 'dianamendezl', 'jamesheredia']",5,"['t01020079623', 'javierlight', 'steve_sam93', 'avillaloboscervantes', 'tao_liu']",9,"['malarcon', 'ocriado91', 'amoexa', 'yousra_hasnaoui', 'mfrr3', 'pablo.buestan', 'javier.casatorres', 'radubloch', None]",26,"['jorgegavilema', 'df.ramirez', 'seilavegav', 'davidllapa', 'adri_asen', 't01020079623', 'yousra_hasnaoui', 'javierlight', 'avillaloboscervantes', 'tao_liu', 'r.acebron', 'malarcon', 'amoexa', 'm.sierraz', 'sergiotixi.27', 'oscarvime', 'ocriado91', 'radubloch', None, 'jamesheredia', 'golubinskiy', 'mfrr3', 'pablo.buestan', 'steve_sam93', 'javier.casatorres', 'dianamendezl']"
42,177,18,18,1,['t01020079623'],16,"['adri_asen', 'r.acebron', 'jorgegavilema', 'df.ramirez', 'golubinskiy', 'seilavegav', 'm.sierraz', 'javierlight', 'sergiotixi.27', 'davidllapa', 'jamesheredia', 'oscarvime', 'steve_sam93', 'avillaloboscervantes', 'dianamendezl', 'tao_liu']",17,"['ehdquddnjs', 'dbswjd218', 'hosama92', 'dongjin225', 'sookim.kr', 'mhjin91', 'nhs0410', 'rladbswjd218', 'ouhun0301', None, 'soccerpain', 'ektlak1', 'chocko12367', 'ljs9402', 'leesj0828', 'hj19940726', 'chaewonkim']",34,"['ehdquddnjs', 'r.acebron', 'hosama92', 'dongjin225', 'jorgegavilema', 'df.ramirez', 'seilavegav', 'sookim.kr', 'mhjin91', 'nhs0410', 'm.sierraz', 'sergiotixi.27', 'soccerpain', 'ektlak1', 'oscarvime', 'davidllapa', 'chocko12367', 'ljs9402', None, 'jamesheredia', 'leesj0828', 'hj19940726', 'dbswjd218', 'adri_asen', 't01020079623', 'golubinskiy', 'rladbswjd218', 'ouhun0301', 'javierlight', 'steve_sam93', 'avillaloboscervantes', 'dianamendezl', 'tao_liu', 'chaewonkim']"
42,130,18,15,7,"['r.acebron', 'golubinskiy', 'jorgegavilema', 'sergiotixi.27', 'davidllapa', 'dianamendezl', 'jamesheredia']",10,"['adri_asen', 't01020079623', 'df.ramirez', 'seilavegav', 'm.sierraz', 'javierlight', 'oscarvime', 'steve_sam93', 'avillaloboscervantes', 'tao_liu']",8,"['malarcon', 'ocriado91', 'amoexa', 'yousra_hasnaoui', 'pablo.buestan', 'javier.casatorres', 'liutao', None]",25,"['r.acebron', 'jorgegavilema', 'df.ramirez', 'malarcon', 'seilavegav', 'amoexa', 'm.sierraz', 'sergiotixi.27', 'oscarvime', 'davidllapa', 'ocriado91', None, 'jamesheredia', 'adri_asen', 't01020079623', 'golubinskiy', 'yousra_hasnaoui', 'javierlight', 'pablo.buestan', 'steve_sam93', 'avillaloboscervantes', 'dianamendezl', 'javier.casatorres', 'liutao', 'tao_liu']"
42,172,18,13,1,['steve_sam93'],16,"['adri_asen', 'r.acebron', 't01020079623', 'jorgegavilema', 'df.ramirez', 'golubinskiy', 'seilavegav', 'm.sierraz', 'javierlight', 'sergiotixi.27', 'davidllapa', 'jamesheredia', 'oscarvime', 'avillaloboscervantes', 'dianamendezl', 'tao_liu']",12,"['elaine_9372', 'student123', 'ws_pang1993', 'hassan_khan007', 'kianying428', 'sharidya24', 'rushdi86', 'ginapi', 'jollyreal', 'nabilahmsy94', None, 'ezatyrazali']",29,"['r.acebron', 'jorgegavilema', 'df.ramirez', 'seilavegav', 'hassan_khan007', 'm.sierraz', 'sergiotixi.27', 'rushdi86', 'oscarvime', 'ginapi', 'davidllapa', 'jollyreal', None, 'sharidya24', 'jamesheredia', 'ws_pang1993', 'elaine_9372', 'adri_asen', 'student123', 't01020079623', 'golubinskiy', 'kianying428', 'javierlight', 'steve_sam93', 'avillaloboscervantes', 'dianamendezl', 'nabilahmsy94', 'tao_liu', 'ezatyrazali']"
42,193,18,8,1,['t01020079623'],16,"['adri_asen', 'r.acebron', 'jorgegavilema', 'df.ramirez', 'golubinskiy', 'seilavegav', 'm.sierraz', 'javierlight', 'sergiotixi.27', 'davidllapa', 'jamesheredia', 'oscarvime', 'steve_sam93', 'avillaloboscervantes', 'dianamendezl', 'tao_liu']",7,"['dbswjd218', 'dongjin225', 'nhs0410', None, 'rladbswjd218', 'chocko12367', 'ljs9402']",24,"['r.acebron', 'dongjin225', 'jorgegavilema', 'df.ramirez', 'seilavegav', 'nhs0410', 'm.sierraz', 'sergiotixi.27', 'oscarvime', 'davidllapa', 'chocko12367', 'ljs9402', None, 'jamesheredia', 'dbswjd218', 'adri_asen', 't01020079623', 'golubinskiy', 'rladbswjd218', 'javierlight', 'steve_sam93', 'avillaloboscervantes', 'dianamendezl', 'tao_liu']"
43,279,17,19,16,"['jpajak', 'paheli1995', 'cccohen', 'felicyang', 'anddinh', 's2sherma', 'mvonduhn22', 'msfaye17', 'stoenjes', 'sharethespoils', 'yujianpeng4229', 'jep037', 'jweare', 'akleinsc', 'glenjunor', 'egbcastro']",0,[],3,"['wasut.pornpatcharapong', None, 'avenkatr']",19,"['paheli1995', 'cccohen', 'anddinh', 's2sherma', 'mvonduhn22', 'msfaye17', 'stoenjes', 'yujianpeng4229', 'akleinsc', None, 'jpajak', 'felicyang', 'sharethespoils', 'wasut.pornpatcharapong', 'jep037', 'jweare', 'avenkatr', 'glenjunor', 'egbcastro']"
43,280,17,19,16,"['jpajak', 'paheli1995', 'cccohen', 'felicyang', 'anddinh', 's2sherma', 'mvonduhn22', 'msfaye17', 'stoenjes', 'sharethespoils', 'yujianpeng4229', 'jep037', 'jweare', 'akleinsc', 'glenjunor', 'egbcastro']",0,[],3,"['aishwaryavenkatramani', None, 'avenkatr']",19,"['paheli1995', 'cccohen', 'anddinh', 's2sherma', 'mvonduhn22', 'msfaye17', 'stoenjes', 'yujianpeng4229', 'akleinsc', None, 'jpajak', 'felicyang', 'sharethespoils', 'aishwaryavenkatramani', 'jep037', 'jweare', 'avenkatr', 'glenjunor', 'egbcastro']"
43,278,17,17,13,"['jpajak', 'paheli1995', 'felicyang', 'mvonduhn22', 's2sherma', 'msfaye17', 'stoenjes', 'sharethespoils', 'yujianpeng4229', 'jep037', 'jweare', 'glenjunor', 'egbcastro']",3,"['cccohen', 'anddinh', 'akleinsc']",4,"['wasut.pornpatcharapong', None, 'xavierh', 'avenkatr']",20,"['paheli1995', 'cccohen', 'anddinh', 's2sherma', 'mvonduhn22', 'msfaye17', 'stoenjes', 'yujianpeng4229', 'xavierh', 'akleinsc', None, 'jpajak', 'felicyang', 'sharethespoils', 'wasut.pornpatcharapong', 'jep037', 'jweare', 'avenkatr', 'glenjunor', 'egbcastro']"
44,124,17,39,14,"['naseerhakeem8', 'engineer94', 'shriya17', 'muhammadsami', 'imaad', 'ayeshakhan.2907', 'sakinazaidi', 'wajeehaiqbal5', 'ayeshaarshad', 'rimal.ozair16', 'anas20304', 'javeriaali', 'azkahaq', 'umerkhan95']",2,"['irtizahaider672', 'm.usman']",25,"['ayesharashid', 'misbah', 'maheenmazharkhan', 'usama.ned079', 'munamfarooqui2244', 'tzihra14', 'ssd2017', 'mishaim', 'aqsanaz444657', 'aymenbatool98', 'ramshaiqbal3', 'shshrukhsyed', 'aarifahhaque02', 'asadmobin', 'nidayousuf25', 'farooque73', 'iffatiqbal', 'muhammad.owais.javed', None, 'hamzaaleem1', 'jamalamasil2612', 'naihapervez', 'alizeshan', 'namrahkhan', 'mavarakamal']",41,"['ayesharashid', 'misbah', 'maheenmazharkhan', 'usama.ned079', 'munamfarooqui2244', 'umerkhan95', 'tzihra14', 'engineer94', 'ssd2017', 'irtizahaider672', 'muhammadsami', 'mishaim', 'aqsanaz444657', 'rimal.ozair16', 'javeriaali', 'azkahaq', 'aymenbatool98', 'naseerhakeem8', 'ramshaiqbal3', 'shriya17', 'shshrukhsyed', 'aarifahhaque02', 'asadmobin', 'nidayousuf25', 'sakinazaidi', 'farooque73', 'wajeehaiqbal5', 'ayeshaarshad', 'iffatiqbal', 'muhammad.owais.javed', None, 'hamzaaleem1', 'imaad', 'ayeshakhan.2907', 'jamalamasil2612', 'anas20304', 'naihapervez', 'alizeshan', 'namrahkhan', 'mavarakamal', 'm.usman']"
44,113,17,31,15,"['naseerhakeem8', 'engineer94', 'shriya17', 'irtizahaider672', 'muhammadsami', 'imaad', 'ayeshakhan.2907', 'sakinazaidi', 'wajeehaiqbal5', 'ayeshaarshad', 'rimal.ozair16', 'anas20304', 'javeriaali', 'azkahaq', 'umerkhan95']",1,['m.usman'],16,"['fenowasim', 'shahram95', 'saqibalisidd', 'ahmed_raza96', 'jahangir1994', 'hamzaaleem1', 'qamber', 'asadmobin', 'misbah', 'maheenmazharkhan', 'farooque73', 'batoolzehra', 'muhammad.owais.javed', 'aymenbatool98', None, 'iassd']",32,"['fenowasim', 'shahram95', 'misbah', 'maheenmazharkhan', 'umerkhan95', 'iassd', 'engineer94', 'saqibalisidd', 'irtizahaider672', 'ahmed_raza96', 'muhammadsami', 'qamber', 'rimal.ozair16', 'javeriaali', 'azkahaq', 'aymenbatool98', 'naseerhakeem8', 'shriya17', 'asadmobin', 'sakinazaidi', 'farooque73', 'wajeehaiqbal5', 'ayeshaarshad', 'muhammad.owais.javed', None, 'jahangir1994', 'hamzaaleem1', 'imaad', 'ayeshakhan.2907', 'batoolzehra', 'anas20304', 'm.usman']"
44,308,17,6,1,['sakinazaidi'],15,"['naseerhakeem8', 'engineer94', 'shriya17', 'irtizahaider672', 'muhammadsami', 'imaad', 'ayeshakhan.2907', 'wajeehaiqbal5', 'ayeshaarshad', 'rimal.ozair16', 'anas20304', 'javeriaali', 'azkahaq', 'umerkhan95', 'm.usman']",5,"['aarifahhaque02', 'hassam', 'usama.ned079', 'alizeshan', None]",21,"['naseerhakeem8', 'shriya17', 'aarifahhaque02', 'sakinazaidi', 'wajeehaiqbal5', 'ayeshaarshad', 'hassam', 'usama.ned079', 'umerkhan95', None, 'engineer94', 'irtizahaider672', 'muhammadsami', 'imaad', 'ayeshakhan.2907', 'rimal.ozair16', 'anas20304', 'javeriaali', 'alizeshan', 'azkahaq', 'm.usman']"
45,265,17,11,10,"['strohlara', 'feyer', 'rendl_sarah', 'branle13', 'michaeltraxler', 'ainhoabustinza7', 'lucisem13', 'sigrid_wolf94', 'erossegg', 'hoga94']",6,"['victor.r.vasquez', 'rtkiitm', 'mpannuzz', 'alazeez34', 'l.barinov', 'heng']",1,[None],17,"['strohlara', 'victor.r.vasquez', 'rtkiitm', 'mpannuzz', 'ainhoabustinza7', 'l.barinov', 'heng', 'erossegg', None, 'hoga94', 'feyer', 'rendl_sarah', 'branle13', 'alazeez34', 'michaeltraxler', 'lucisem13', 'sigrid_wolf94']"
46,282,17,18,14,"['freemanmontrey', 'mamadouece', 'prathi.kruthi2008', 'm.faruk', 'pinehsh728', 'normanjwayne', 'shahabuddinphy', 'dk00523', 'msestudent', 'amtps123', 'amustapha', 'cansuon', 'makhes', 'faultless38']",2,"['engamroawad', 'nusrat_mary']",4,"['natalia', 'mrjohnpatrickharris', 'kevin.tanyi', None]",20,"['prathi.kruthi2008', 'mrjohnpatrickharris', 'normanjwayne', 'engamroawad', 'msestudent', 'amustapha', None, 'makhes', 'faultless38', 'freemanmontrey', 'mamadouece', 'm.faruk', 'natalia', 'kevin.tanyi', 'nusrat_mary', 'pinehsh728', 'shahabuddinphy', 'dk00523', 'amtps123', 'cansuon']"
48,80,16,19,7,"['komal31p', 'shrinathnair', 'jayjadav08', 'razorrajeev', 'jagrutinagaonkar', 'omprakashjha24', 'rashmi9400']",8,"['jaidevdalvi', 'yashmgupte', 'aakashgangolli3112', 'mehtajinal3101', 'nileshkartik95', 'dhruv.gajaria95', 'obalgi3095', 'shreya.mahajan']",12,"['sumitk0444', 'suthar.kalpesh57', 'pankajvyas967', 'omkardalvi409', 'prachi.more', 'nimishavaradkar369', 'amit_j', 'dhruvmerchant07', 'pyami95', 'vishalchelimela11', 'jay.parsana', None]",27,"['sumitk0444', 'omkardalvi409', 'prachi.more', 'aakashgangolli3112', 'pyami95', 'dhruv.gajaria95', 'obalgi3095', 'jaidevdalvi', 'jayjadav08', 'pankajvyas967', 'razorrajeev', 'amit_j', 'omprakashjha24', 'komal31p', 'shrinathnair', 'jagrutinagaonkar', 'nileshkartik95', 'nimishavaradkar369', 'dhruvmerchant07', 'vishalchelimela11', None, 'shreya.mahajan', 'rashmi9400', 'suthar.kalpesh57', 'yashmgupte', 'mehtajinal3101', 'jay.parsana']"
48,81,16,18,7,"['jaidevdalvi', 'komal31p', 'mehtajinal3101', 'nileshkartik95', 'dhruv.gajaria95', 'obalgi3095', 'shreya.mahajan']",8,"['yashmgupte', 'shrinathnair', 'jayjadav08', 'aakashgangolli3112', 'jagrutinagaonkar', 'razorrajeev', 'omprakashjha24', 'rashmi9400']",11,"['shailesh.deshmukh', 'neha.achyut', 'purva.desai', None, 'nikhita.bhole', 'doshishrut1995', 'avnish.bhatt', 'gauri.sahoo', 'lata.chavan', 'priyankapandya19', 'rupali.patil']",26,"['neha.achyut', 'purva.desai', 'aakashgangolli3112', 'nikhita.bhole', 'gauri.sahoo', 'dhruv.gajaria95', 'obalgi3095', 'lata.chavan', 'rupali.patil', 'jaidevdalvi', 'jayjadav08', 'razorrajeev', 'omprakashjha24', 'komal31p', 'shrinathnair', 'doshishrut1995', 'jagrutinagaonkar', 'avnish.bhatt', 'nileshkartik95', None, 'shreya.mahajan', 'rashmi9400', 'yashmgupte', 'shailesh.deshmukh', 'mehtajinal3101', 'priyankapandya19']"
48,78,16,12,2,"['aakashgangolli3112', 'jagrutinagaonkar']",13,"['jaidevdalvi', 'komal31p', 'yashmgupte', 'shrinathnair', 'jayjadav08', 'razorrajeev', 'mehtajinal3101', 'nileshkartik95', 'omprakashjha24', 'dhruv.gajaria95', 'obalgi3095', 'shreya.mahajan', 'rashmi9400']",10,"['pearlie1995', 'rukhsar1996', 'shethyatri', 'neha.achyut', 'dileepcnair', 'sagar.eidnani', 'vishalchelimela11', 'minal.patil', 'latuchavan', None]",25,"['komal31p', 'rukhsar1996', 'shrinathnair', 'neha.achyut', 'aakashgangolli3112', 'jagrutinagaonkar', 'nileshkartik95', 'vishalchelimela11', 'dhruv.gajaria95', 'obalgi3095', None, 'shreya.mahajan', 'rashmi9400', 'jaidevdalvi', 'pearlie1995', 'shethyatri', 'yashmgupte', 'jayjadav08', 'razorrajeev', 'dileepcnair', 'mehtajinal3101', 'sagar.eidnani', 'omprakashjha24', 'minal.patil', 'latuchavan']"
48,334,16,11,6,"['jaidevdalvi', 'komal31p', 'shrinathnair', 'mehtajinal3101', 'obalgi3095', 'rashmi9400']",9,"['yashmgupte', 'jayjadav08', 'razorrajeev', 'jagrutinagaonkar', 'aakashgangolli3112', 'nileshkartik95', 'omprakashjha24', 'dhruv.gajaria95', 'shreya.mahajan']",5,"['parthiv.parikh', 'gopuice', 'vorajay25', None, 'rohant']",20,"['komal31p', 'parthiv.parikh', 'shrinathnair', 'gopuice', 'aakashgangolli3112', 'jagrutinagaonkar', 'nileshkartik95', 'vorajay25', 'dhruv.gajaria95', 'obalgi3095', None, 'shreya.mahajan', 'rashmi9400', 'jaidevdalvi', 'yashmgupte', 'jayjadav08', 'razorrajeev', 'mehtajinal3101', 'omprakashjha24', 'rohant']"
48,82,16,7,1,['jayjadav08'],14,"['jaidevdalvi', 'komal31p', 'yashmgupte', 'shrinathnair', 'aakashgangolli3112', 'jagrutinagaonkar', 'razorrajeev', 'mehtajinal3101', 'nileshkartik95', 'omprakashjha24', 'dhruv.gajaria95', 'obalgi3095', 'shreya.mahajan', 'rashmi9400']",6,"['ritesh.shukla', 'prachi.more', 'jay.parsana', 'amit_j', 'gauri.sahoo', None]",21,"['komal31p', 'shrinathnair', 'ritesh.shukla', 'prachi.more', 'aakashgangolli3112', 'jagrutinagaonkar', 'nileshkartik95', 'gauri.sahoo', 'dhruv.gajaria95', 'obalgi3095', None, 'shreya.mahajan', 'rashmi9400', 'jaidevdalvi', 'yashmgupte', 'jayjadav08', 'razorrajeev', 'mehtajinal3101', 'jay.parsana', 'amit_j', 'omprakashjha24']"
48,335,16,7,2,"['dhruv.gajaria95', 'nileshkartik95']",13,"['jaidevdalvi', 'komal31p', 'yashmgupte', 'shrinathnair', 'jayjadav08', 'aakashgangolli3112', 'jagrutinagaonkar', 'razorrajeev', 'mehtajinal3101', 'omprakashjha24', 'obalgi3095', 'shreya.mahajan', 'rashmi9400']",5,"['monishk1001', 'anuragshyam1026', 'akanksha0196', 'aditya.apte3', None]",20,"['komal31p', 'shrinathnair', 'anuragshyam1026', 'aakashgangolli3112', 'jagrutinagaonkar', 'nileshkartik95', 'dhruv.gajaria95', 'obalgi3095', 'akanksha0196', None, 'shreya.mahajan', 'rashmi9400', 'jaidevdalvi', 'yashmgupte', 'monishk1001', 'jayjadav08', 'razorrajeev', 'mehtajinal3101', 'omprakashjha24', 'aditya.apte3']"
48,338,16,6,4,"['omprakashjha24', 'aakashgangolli3112', 'jagrutinagaonkar', 'razorrajeev']",11,"['jaidevdalvi', 'komal31p', 'yashmgupte', 'shrinathnair', 'jayjadav08', 'mehtajinal3101', 'nileshkartik95', 'dhruv.gajaria95', 'obalgi3095', 'shreya.mahajan', 'rashmi9400']",2,"[None, 'vishalchelimela11']",17,"['komal31p', 'shrinathnair', 'aakashgangolli3112', 'jagrutinagaonkar', 'nileshkartik95', 'vishalchelimela11', 'dhruv.gajaria95', 'obalgi3095', None, 'shreya.mahajan', 'rashmi9400', 'jaidevdalvi', 'yashmgupte', 'jayjadav08', 'razorrajeev', 'mehtajinal3101', 'omprakashjha24']"
49,329,15,79,9,"['sailee.mohite', 'umeshkaurav17', 'abhishekm2861996', 'vishakha1805', 'dikshabafna1995', 'kondekar23', 'rawletanmayee46', 'omkarn049', 'akshayughade14']",5,"['preranaprasad28', 'kjamdar1.kj', 'meetnayak90', 'alokshah1234', 'app32323']",70,"['saylishirodkar58', 'mudrasjuee', 'nilam.udeg30', 'priyagajakosh1', 'ajinkyakanse18', 'rohinipatil404', 'dalvisayli', 'rakeshmaity', 'vinit95vasudevan', 'ssy506804', 'sid.rane95', 'brian200495', 'bonhomie11', 'jatin.dhande1008', 'rushabh.fegade', 'vipul24', 'viveky803', 'vinodgadge95', 'nikhildubey02051996', 'siddhesh401', 'rucha1795', 'ameypatil29', 'bhakti961', 'aniketsurve160', 'manasi.shinde008', 'oma1811', 'manishashetye1295', 'manalihedaoo4', 'sumedh_patil', 'suyogk.1995', 'deven199570', 'pravin45', 'spranav3004', 'cooldudeakshu', 'varunkurup2', 'ankitaangarkhe20', 'vaibhav.gangan7', 'pranilraut17', 'sayalipatil4545', 'prathameshptkr4', 'prasadkale95', 'a.j.yadav2395', 'saurabhmangeshkar', 'tejaskanagal95', 'tanvipanchal111', 'ramaprde2296', 'mfelsita', 'aashaysathe', 'sardesai.kirti18', 'snehakudtarkar315', 'namratakulkarni77', 'hbg2112', 'lakumveer', 'komalbapna.kb', 'prajaktasirame', 'ankit.dhawale008', 'biswassubhamfeb28', 'yashapeejay', 'ahire.monali07', 'parmitbanga1995', 'rajashree.pimputkar', 'srikalaprabhu', 'vijaybhargude2', 'aishwaryamardhekar.24595', None, 'pbrahmapurkar', 'sarika_bukkawar', 'phantomakhil', 'rohitbaliyan53', 'susmitaahirrao']",84,"['saylishirodkar58', 'mudrasjuee', 'nilam.udeg30', 'priyagajakosh1', 'ajinkyakanse18', 'rohinipatil404', 'dalvisayli', 'rakeshmaity', 'vinit95vasudevan', 'ssy506804', 'sid.rane95', 'brian200495', 'bonhomie11', 'jatin.dhande1008', 'rushabh.fegade', 'omkarn049', 'vipul24', 'viveky803', 'vinodgadge95', 'nikhildubey02051996', 'siddhesh401', 'rucha1795', 'ameypatil29', 'vishakha1805', 'bhakti961', 'kjamdar1.kj', 'aniketsurve160', 'manasi.shinde008', 'meetnayak90', 'oma1811', 'manishashetye1295', 'manalihedaoo4', 'sumedh_patil', 'suyogk.1995', 'app32323', 'deven199570', 'pravin45', 'akshayughade14', 'spranav3004', 'cooldudeakshu', 'varunkurup2', 'ankitaangarkhe20', 'preranaprasad28', 'vaibhav.gangan7', 'pranilraut17', 'sayalipatil4545', 'prathameshptkr4', 'prasadkale95', 'a.j.yadav2395', 'saurabhmangeshkar', 'tejaskanagal95', 'tanvipanchal111', 'ramaprde2296', 'mfelsita', 'aashaysathe', 'sardesai.kirti18', 'umeshkaurav17', 'snehakudtarkar315', 'namratakulkarni77', 'hbg2112', 'lakumveer', 'alokshah1234', 'komalbapna.kb', 'prajaktasirame', 'ankit.dhawale008', 'biswassubhamfeb28', 'sailee.mohite', 'yashapeejay', 'ahire.monali07', 'parmitbanga1995', 'dikshabafna1995', 'rajashree.pimputkar', 'srikalaprabhu', 'rawletanmayee46', 'vijaybhargude2', 'aishwaryamardhekar.24595', None, 'abhishekm2861996', 'pbrahmapurkar', 'sarika_bukkawar', 'phantomakhil', 'rohitbaliyan53', 'susmitaahirrao', 'kondekar23']"
49,347,15,34,5,"['abhishekm2861996', 'umeshkaurav17', 'vishakha1805', 'dikshabafna1995', 'kondekar23']",9,"['sailee.mohite', 'kjamdar1.kj', 'preranaprasad28', 'meetnayak90', 'alokshah1234', 'app32323', 'rawletanmayee46', 'omkarn049', 'akshayughade14']",29,"['saylishirodkar58', 'vinit95vasudevan', 'aashaysathe', 'shailt1221', 'cpatil152', 'qureshisalman69', 'bonhomie11', 'sonalipawar589', 'praju.avhad', 'ajthamke40', 'nehah95', 'viveky803', 'komalbapna.kb', 'nikhildubey02051996', 'ahire.monali07', 'gauravrajeshmehta', 'aniketsurve160', 'manishashetye1295', 'sumedh_patil', 'rajashree.pimputkar', 'pravin45', 'oindri.c', None, 'pbrahmapurkar', 'saurabhmangeshkar', 'ravina.chavan42', 'sebastian007', 'chaudharipayal50', 'shakyanandk']",43,"['saylishirodkar58', 'vinit95vasudevan', 'aashaysathe', 'shailt1221', 'umeshkaurav17', 'cpatil152', 'qureshisalman69', 'bonhomie11', 'alokshah1234', 'sonalipawar589', 'praju.avhad', 'ajthamke40', 'omkarn049', 'nehah95', 'viveky803', 'komalbapna.kb', 'nikhildubey02051996', 'sailee.mohite', 'vishakha1805', 'ahire.monali07', 'gauravrajeshmehta', 'kjamdar1.kj', 'dikshabafna1995', 'aniketsurve160', 'meetnayak90', 'manishashetye1295', 'sumedh_patil', 'rajashree.pimputkar', 'app32323', 'rawletanmayee46', 'pravin45', 'akshayughade14', 'oindri.c', None, 'abhishekm2861996', 'pbrahmapurkar', 'preranaprasad28', 'saurabhmangeshkar', 'chaudharipayal50', 'ravina.chavan42', 'sebastian007', 'kondekar23', 'shakyanandk']"
49,330,15,33,5,"['preranaprasad28', 'kjamdar1.kj', 'meetnayak90', 'alokshah1234', 'app32323']",9,"['sailee.mohite', 'umeshkaurav17', 'abhishekm2861996', 'vishakha1805', 'dikshabafna1995', 'kondekar23', 'rawletanmayee46', 'omkarn049', 'akshayughade14']",28,"['ayushilalka2', 'akshuraorane24', 'ajinkyakanse18', 'pradnya500', 'rakeshmaity', 'shahsam22', 'kinjal.sangale01', 'prashantkhedkar.sakec', 'vishmandavkar', 'aeroparth', 'suyashrane710', 'nikitabhapkar11', 'sohilsavla44', 'pcs7493', 'anirudhamranade', 'lalitrajp001', 'priyankasingh754', 'ketanpatil32', 'pria.singh94', None, 'mayureshmanoharsane', 'harshadarokade2017', 'varshakunhanandan', 'varunkurup2', 'srivats11', 'yogitavmahajan', 'jyo.surve22', 'sdparkar47']",42,"['ayushilalka2', 'akshuraorane24', 'ajinkyakanse18', 'pradnya500', 'rakeshmaity', 'shahsam22', 'prashantkhedkar.sakec', 'kinjal.sangale01', 'umeshkaurav17', 'vishmandavkar', 'aeroparth', 'suyashrane710', 'nikitabhapkar11', 'sohilsavla44', 'pcs7493', 'alokshah1234', 'anirudhamranade', 'omkarn049', 'lalitrajp001', 'sailee.mohite', 'vishakha1805', 'kjamdar1.kj', 'dikshabafna1995', 'meetnayak90', 'priyankasingh754', 'app32323', 'rawletanmayee46', 'ketanpatil32', 'pria.singh94', 'akshayughade14', None, 'mayureshmanoharsane', 'sdparkar47', 'abhishekm2861996', 'harshadarokade2017', 'varshakunhanandan', 'varunkurup2', 'preranaprasad28', 'srivats11', 'yogitavmahajan', 'jyo.surve22', 'kondekar23']"
49,344,15,27,5,"['preranaprasad28', 'kjamdar1.kj', 'meetnayak90', 'alokshah1234', 'app32323']",9,"['sailee.mohite', 'umeshkaurav17', 'abhishekm2861996', 'vishakha1805', 'dikshabafna1995', 'kondekar23', 'rawletanmayee46', 'omkarn049', 'akshayughade14']",22,"['ayushilalka2', 'akshuraorane24', 'pradnya500', 'shahsam22', 'prashantkhedkar.sakec', 'vishmandavkar', 'aeroparth', 'suyashrane710', 'nikitabhapkar11', 'sohilsavla44', 'pcs7493', 'anirudhamranade', 'lalitrajp001', 'priyankasingh754', 'ketanpatil32', 'pria.singh94', None, 'mayureshmanoharsane', 'harshadarokade2017', 'varshakunhanandan', 'yogitavmahajan', 'jyo.surve22']",36,"['ayushilalka2', 'akshuraorane24', 'pradnya500', 'shahsam22', 'prashantkhedkar.sakec', 'umeshkaurav17', 'vishmandavkar', 'aeroparth', 'suyashrane710', 'nikitabhapkar11', 'sohilsavla44', 'pcs7493', 'alokshah1234', 'anirudhamranade', 'omkarn049', 'lalitrajp001', 'sailee.mohite', 'vishakha1805', 'kjamdar1.kj', 'dikshabafna1995', 'meetnayak90', 'priyankasingh754', 'app32323', 'rawletanmayee46', 'ketanpatil32', 'pria.singh94', 'akshayughade14', None, 'mayureshmanoharsane', 'abhishekm2861996', 'harshadarokade2017', 'varshakunhanandan', 'preranaprasad28', 'yogitavmahajan', 'jyo.surve22', 'kondekar23']"
49,345,15,9,2,"['akshayughade14', 'rawletanmayee46']",12,"['sailee.mohite', 'umeshkaurav17', 'abhishekm2861996', 'vishakha1805', 'preranaprasad28', 'kjamdar1.kj', 'dikshabafna1995', 'meetnayak90', 'alokshah1234', 'app32323', 'omkarn049', 'kondekar23']",7,"['abarge31', 'rehansonarkar784', 'abhishek.thavare', 'aashaysathe', 'madhurapatkar99', 'minalsawant143', None]",21,"['sailee.mohite', 'vishakha1805', 'abarge31', 'kjamdar1.kj', 'dikshabafna1995', 'meetnayak90', 'aashaysathe', 'app32323', 'rawletanmayee46', 'minalsawant143', 'akshayughade14', None, 'abhishekm2861996', 'umeshkaurav17', 'preranaprasad28', 'rehansonarkar784', 'abhishek.thavare', 'alokshah1234', 'madhurapatkar99', 'omkarn049', 'kondekar23']"
50,276,15,17,14,"['ejciii', 'gauravhans101', 'bhavana12', 'cmathew6', 'anusheel91', 'lakshman18', 'abbyliu89', 'cdiamon4', 'tahernia1980', 'sachinsharma', 'fazadia1', 'nambiakila', 'sameerkalia13', 'tdhakal']",0,[],3,"[None, 'meysam2067', 'ageurko1']",17,"['gauravhans101', 'cmathew6', 'anusheel91', 'tahernia1980', 'nambiakila', 'sameerkalia13', 'lakshman18', None, 'tdhakal', 'ejciii', 'meysam2067', 'bhavana12', 'abbyliu89', 'cdiamon4', 'sachinsharma', 'fazadia1', 'ageurko1']"
50,183,15,14,11,"['ejciii', 'gauravhans101', 'bhavana12', 'anusheel91', 'abbyliu89', 'cdiamon4', 'tahernia1980', 'sachinsharma', 'fazadia1', 'nambiakila', 'sameerkalia13']",3,"['lakshman18', 'cmathew6', 'tdhakal']",3,"[None, 'meysam2067', 'ageurko1']",17,"['gauravhans101', 'cmathew6', 'anusheel91', 'tahernia1980', 'nambiakila', 'sameerkalia13', 'lakshman18', None, 'tdhakal', 'ejciii', 'meysam2067', 'bhavana12', 'abbyliu89', 'cdiamon4', 'sachinsharma', 'fazadia1', 'ageurko1']"
50,268,15,14,12,"['ejciii', 'gauravhans101', 'bhavana12', 'anusheel91', 'abbyliu89', 'cdiamon4', 'tahernia1980', 'sachinsharma', 'fazadia1', 'nambiakila', 'lakshman18', 'sameerkalia13']",2,"['cmathew6', 'tdhakal']",2,"[None, 'ageurko1']",16,"['gauravhans101', 'cmathew6', 'anusheel91', 'tahernia1980', 'nambiakila', 'sameerkalia13', 'lakshman18', None, 'tdhakal', 'ejciii', 'bhavana12', 'abbyliu89', 'cdiamon4', 'sachinsharma', 'fazadia1', 'ageurko1']"
51,330,15,33,13,"['varshakunhanandan', 'ayushilalka2', 'akshuraorane24', 'vishmandavkar', 'aeroparth', 'pradnya500', 'yogitavmahajan', 'nikitabhapkar11', 'sohilsavla44', 'pcs7493', 'anirudhamranade', 'jyo.surve22', 'mayureshmanoharsane']",1,['tushar.tushar144'],20,"['ajinkyakanse18', 'rakeshmaity', 'shahsam22', 'prashantkhedkar.sakec', 'kinjal.sangale01', 'suyashrane710', 'alokshah1234', 'lalitrajp001', 'kjamdar1.kj', 'priyankasingh754', 'meetnayak90', 'app32323', 'ketanpatil32', 'pria.singh94', None, 'harshadarokade2017', 'varunkurup2', 'preranaprasad28', 'srivats11', 'sdparkar47']",34,"['ayushilalka2', 'akshuraorane24', 'ajinkyakanse18', 'pradnya500', 'rakeshmaity', 'shahsam22', 'prashantkhedkar.sakec', 'kinjal.sangale01', 'vishmandavkar', 'aeroparth', 'suyashrane710', 'nikitabhapkar11', 'sohilsavla44', 'pcs7493', 'alokshah1234', 'anirudhamranade', 'lalitrajp001', 'kjamdar1.kj', 'priyankasingh754', 'meetnayak90', 'app32323', 'ketanpatil32', 'tushar.tushar144', 'pria.singh94', None, 'mayureshmanoharsane', 'varshakunhanandan', 'harshadarokade2017', 'varunkurup2', 'preranaprasad28', 'yogitavmahajan', 'srivats11', 'jyo.surve22', 'sdparkar47']"
51,344,15,27,13,"['varshakunhanandan', 'ayushilalka2', 'akshuraorane24', 'vishmandavkar', 'aeroparth', 'pradnya500', 'yogitavmahajan', 'nikitabhapkar11', 'sohilsavla44', 'pcs7493', 'anirudhamranade', 'jyo.surve22', 'mayureshmanoharsane']",1,['tushar.tushar144'],14,"['harshadarokade2017', 'pria.singh94', 'suyashrane710', 'kjamdar1.kj', 'preranaprasad28', None, 'priyankasingh754', 'meetnayak90', 'alokshah1234', 'app32323', 'ketanpatil32', 'lalitrajp001', 'shahsam22', 'prashantkhedkar.sakec']",28,"['ayushilalka2', 'akshuraorane24', 'pradnya500', 'shahsam22', 'prashantkhedkar.sakec', 'vishmandavkar', 'aeroparth', 'suyashrane710', 'nikitabhapkar11', 'sohilsavla44', 'pcs7493', 'alokshah1234', 'anirudhamranade', 'lalitrajp001', 'kjamdar1.kj', 'priyankasingh754', 'meetnayak90', 'app32323', 'ketanpatil32', 'tushar.tushar144', 'pria.singh94', None, 'mayureshmanoharsane', 'varshakunhanandan', 'harshadarokade2017', 'preranaprasad28', 'yogitavmahajan', 'jyo.surve22']"
51,352,15,16,11,"['varshakunhanandan', 'vishmandavkar', 'aeroparth', 'pradnya500', 'yogitavmahajan', 'nikitabhapkar11', 'sohilsavla44', 'pcs7493', 'anirudhamranade', 'jyo.surve22', 'mayureshmanoharsane']",3,"['ayushilalka2', 'akshuraorane24', 'tushar.tushar144']",5,"[None, 'priyankasingh754', 'ketanpatil32', 'shahsam22', 'sdparkar47']",19,"['ayushilalka2', 'akshuraorane24', 'pradnya500', 'priyankasingh754', 'ketanpatil32', 'tushar.tushar144', 'shahsam22', None, 'mayureshmanoharsane', 'varshakunhanandan', 'vishmandavkar', 'aeroparth', 'yogitavmahajan', 'nikitabhapkar11', 'sohilsavla44', 'pcs7493', 'anirudhamranade', 'jyo.surve22', 'sdparkar47']"
51,331,15,9,1,['ayushilalka2'],13,"['varshakunhanandan', 'akshuraorane24', 'vishmandavkar', 'aeroparth', 'pradnya500', 'yogitavmahajan', 'nikitabhapkar11', 'sohilsavla44', 'pcs7493', 'anirudhamranade', 'tushar.tushar144', 'jyo.surve22', 'mayureshmanoharsane']",8,"[None, 'priyankasingh754', 'yadav.ajay7000', 'sivarampg', 'shivani.malandkar30', 'ketanpatil32', 'shahsam22', 'kinjal.sangale01']",22,"['ayushilalka2', 'akshuraorane24', 'pradnya500', 'priyankasingh754', 'ketanpatil32', 'tushar.tushar144', 'shahsam22', 'kinjal.sangale01', None, 'mayureshmanoharsane', 'varshakunhanandan', 'vishmandavkar', 'aeroparth', 'yogitavmahajan', 'nikitabhapkar11', 'sohilsavla44', 'pcs7493', 'yadav.ajay7000', 'anirudhamranade', 'sivarampg', 'shivani.malandkar30', 'jyo.surve22']"
53,363,14,34,1,['aliao2017'],12,"['hrryan', 'perrettron', 'rachellee2go', 'chandrax21', 'zhenwangphy', 'jrbalows', 'uditbaliga', 'mjmaywoo', 'sewerth', 'aelight', 'schalljd2', 'about84waffles']",33,"['yanokh', 'georgewarren', 'majeed', 'jenniferwatkins1', 'yaizarodriguezortego', 'arminmirahcic', 'jfreilich', 'alejandromontoya', 'ziyadbinsulaiman', 'embersikorski', 'coreyefaw', 'evansmith246', 'strcroft', 'seanokelley', 'bmw92', 'clairexiong', 'jihangaid', 'andreassavva', 'lanlibsu', 'codylynde', 'riccardotorsi', 'erikjensen1984', 'belle6854', None, 'nate.stephon', 'samuelpedersen', 'nickcarter', 'andrescorrea', 'twinters', 'mitchellleibowitz', 'cwalker', 'jakehuang', 'addielupercio']",46,"['yanokh', 'georgewarren', 'majeed', 'uditbaliga', 'jenniferwatkins1', 'yaizarodriguezortego', 'arminmirahcic', 'jfreilich', 'alejandromontoya', 'ziyadbinsulaiman', 'hrryan', 'embersikorski', 'perrettron', 'coreyefaw', 'evansmith246', 'strcroft', 'mjmaywoo', 'seanokelley', 'bmw92', 'about84waffles', 'clairexiong', 'aliao2017', 'jihangaid', 'andreassavva', 'jrbalows', 'sewerth', 'lanlibsu', 'schalljd2', 'codylynde', 'riccardotorsi', 'erikjensen1984', 'belle6854', None, 'nate.stephon', 'samuelpedersen', 'nickcarter', 'andrescorrea', 'rachellee2go', 'chandrax21', 'zhenwangphy', 'twinters', 'mitchellleibowitz', 'cwalker', 'aelight', 'jakehuang', 'addielupercio']"
53,364,14,9,8,"['hrryan', 'rachellee2go', 'jrbalows', 'mjmaywoo', 'sewerth', 'aelight', 'schalljd2', 'about84waffles']",5,"['aliao2017', 'perrettron', 'uditbaliga', 'chandrax21', 'zhenwangphy']",1,[None],14,"['aliao2017', 'uditbaliga', 'jrbalows', 'sewerth', 'schalljd2', None, 'hrryan', 'perrettron', 'rachellee2go', 'chandrax21', 'zhenwangphy', 'mjmaywoo', 'aelight', 'about84waffles']"
54,328,14,10,9,"['ericwongg', 'davidhwu', 'andrew92', 'ragarcia', 'dieppak', 'jilliand', 'joshbs', 'noodoosoup', 'masic']",4,"['mehendalerucha', 'flolo', 'schin19', 'magallon']",1,[None],14,"['flolo', 'andrew92', 'ragarcia', 'dieppak', 'mehendalerucha', 'jilliand', 'joshbs', 'schin19', 'magallon', None, 'ericwongg', 'davidhwu', 'noodoosoup', 'masic']"
54,327,14,6,4,"['mehendalerucha', 'flolo', 'schin19', 'magallon']",9,"['ericwongg', 'davidhwu', 'andrew92', 'ragarcia', 'dieppak', 'jilliand', 'joshbs', 'noodoosoup', 'masic']",2,"['gs4phone', None]",15,"['flolo', 'andrew92', 'ragarcia', 'dieppak', 'mehendalerucha', 'jilliand', 'joshbs', 'schin19', 'magallon', None, 'ericwongg', 'gs4phone', 'davidhwu', 'noodoosoup', 'masic']"
55,143,14,14,13,"['punsharm', 'salluri', 'rpromyoo', 'shitizvij15', 'kwoyoung', 'mihirjoshi.nmims', 'nputhiya', 'mboaks91', 'rishchow', 'ghossein', 'shawn.dgama', 'mukishk', 'brownde']",0,[],1,[None],14,"['mihirjoshi.nmims', 'rishchow', 'shawn.dgama', None, 'brownde', 'salluri', 'shitizvij15', 'punsharm', 'rpromyoo', 'kwoyoung', 'nputhiya', 'mboaks91', 'ghossein', 'mukishk']"
56,196,14,11,10,"['zilon', 'gorban.aleksandr', 'userwmi', 'denny.brown0', 'notbresthelm', 'mari.niki.1994', 'kritekk', 'alexludochka', 'apbeh3', 'juliet123qweads']",3,"['stasya.jey', 'psycho66626', 'norton672']",1,[None],14,"['zilon', 'mari.niki.1994', 'kritekk', 'norton672', 'alexludochka', None, 'juliet123qweads', 'gorban.aleksandr', 'stasya.jey', 'psycho66626', 'notbresthelm', 'userwmi', 'denny.brown0', 'apbeh3']"
57,363,14,34,13,"['andrescorrea', 'alejandromontoya', 'ziyadbinsulaiman', 'twinters', 'mitchellleibowitz', 'strcroft', 'riccardotorsi', 'arminmirahcic', 'codylynde', 'erikjensen1984', 'jakehuang', 'belle6854', 'addielupercio']",0,[],21,"['yanokh', 'georgewarren', 'majeed', 'jenniferwatkins1', 'yaizarodriguezortego', 'jfreilich', 'embersikorski', 'coreyefaw', 'evansmith246', 'seanokelley', 'bmw92', 'clairexiong', 'aliao2017', 'jihangaid', 'andreassavva', 'lanlibsu', None, 'nate.stephon', 'samuelpedersen', 'nickcarter', 'cwalker']",34,"['yanokh', 'georgewarren', 'majeed', 'jenniferwatkins1', 'yaizarodriguezortego', 'arminmirahcic', 'jfreilich', 'alejandromontoya', 'ziyadbinsulaiman', 'embersikorski', 'coreyefaw', 'evansmith246', 'strcroft', 'seanokelley', 'bmw92', 'clairexiong', 'aliao2017', 'jihangaid', 'andreassavva', 'lanlibsu', 'codylynde', 'riccardotorsi', 'erikjensen1984', 'belle6854', None, 'nate.stephon', 'samuelpedersen', 'nickcarter', 'andrescorrea', 'twinters', 'mitchellleibowitz', 'cwalker', 'jakehuang', 'addielupercio']"
57,361,14,29,12,"['andrescorrea', 'alejandromontoya', 'ziyadbinsulaiman', 'twinters', 'mitchellleibowitz', 'strcroft', 'riccardotorsi', 'arminmirahcic', 'codylynde', 'erikjensen1984', 'belle6854', 'addielupercio']",1,['jakehuang'],17,"['teamreidy', 'taylorhowell', 'nickcarter', 'jfreilich', 'williamcrow', 'georgewarren', 'natefarris', 'majeed', 'janetcallahan', 'arvincunningham', 'seanokelley', 'yaizarodriguezortego', 'lanlibsu', 'cwalker', 'bmw92', None, 'lynnkarriem1']",30,"['georgewarren', 'majeed', 'yaizarodriguezortego', 'arminmirahcic', 'jfreilich', 'alejandromontoya', 'ziyadbinsulaiman', 'strcroft', 'arvincunningham', 'seanokelley', 'bmw92', 'taylorhowell', 'williamcrow', 'janetcallahan', 'lanlibsu', 'codylynde', 'riccardotorsi', 'erikjensen1984', 'belle6854', None, 'teamreidy', 'nickcarter', 'andrescorrea', 'natefarris', 'twinters', 'mitchellleibowitz', 'cwalker', 'lynnkarriem1', 'jakehuang', 'addielupercio']"
57,376,14,20,13,"['andrescorrea', 'alejandromontoya', 'ziyadbinsulaiman', 'twinters', 'mitchellleibowitz', 'strcroft', 'riccardotorsi', 'arminmirahcic', 'codylynde', 'erikjensen1984', 'jakehuang', 'belle6854', 'addielupercio']",0,[],7,"['jfreilich', 'williamcrow', 'georgewarren', 'seanokelley', 'yaizarodriguezortego', 'lanlibsu', None]",20,"['georgewarren', 'yaizarodriguezortego', 'arminmirahcic', 'jfreilich', 'alejandromontoya', 'ziyadbinsulaiman', 'strcroft', 'seanokelley', 'williamcrow', 'lanlibsu', 'codylynde', 'riccardotorsi', 'erikjensen1984', 'belle6854', None, 'andrescorrea', 'twinters', 'mitchellleibowitz', 'jakehuang', 'addielupercio']"
57,362,14,19,11,"['alejandromontoya', 'ziyadbinsulaiman', 'twinters', 'mitchellleibowitz', 'strcroft', 'riccardotorsi', 'arminmirahcic', 'codylynde', 'erikjensen1984', 'belle6854', 'addielupercio']",2,"['jakehuang', 'andrescorrea']",8,"['jfreilich', 'williamcrow', 'natefarris', 'yaizarodriguezortego', 'lanlibsu', 'bmw92', None, 'lynnkarriem1']",21,"['yaizarodriguezortego', 'arminmirahcic', 'jfreilich', 'alejandromontoya', 'ziyadbinsulaiman', 'strcroft', 'bmw92', 'williamcrow', 'lanlibsu', 'codylynde', 'riccardotorsi', 'erikjensen1984', 'belle6854', None, 'andrescorrea', 'natefarris', 'twinters', 'mitchellleibowitz', 'lynnkarriem1', 'jakehuang', 'addielupercio']"
57,367,14,16,9,"['andrescorrea', 'alejandromontoya', 'twinters', 'mitchellleibowitz', 'strcroft', 'riccardotorsi', 'arminmirahcic', 'codylynde', 'addielupercio']",4,"['ziyadbinsulaiman', 'erikjensen1984', 'jakehuang', 'belle6854']",7,"['nickcarter', 'strcroft2', 'jfreilich', 'kody3133', 'seanokelley', 'yaizarodriguezortego', None]",20,"['strcroft2', 'kody3133', 'yaizarodriguezortego', 'arminmirahcic', 'codylynde', 'riccardotorsi', 'erikjensen1984', 'belle6854', None, 'nickcarter', 'andrescorrea', 'jfreilich', 'alejandromontoya', 'ziyadbinsulaiman', 'twinters', 'mitchellleibowitz', 'strcroft', 'seanokelley', 'jakehuang', 'addielupercio']"
57,369,14,11,6,"['andrescorrea', 'alejandromontoya', 'strcroft', 'arminmirahcic', 'riccardotorsi', 'addielupercio']",7,"['ziyadbinsulaiman', 'twinters', 'mitchellleibowitz', 'codylynde', 'erikjensen1984', 'jakehuang', 'belle6854']",5,"['williamcrow', 'seanokelley', 'yaizarodriguezortego', None, 'majeedala']",18,"['williamcrow', 'yaizarodriguezortego', 'arminmirahcic', 'codylynde', 'riccardotorsi', 'erikjensen1984', 'belle6854', 'majeedala', None, 'andrescorrea', 'alejandromontoya', 'ziyadbinsulaiman', 'twinters', 'mitchellleibowitz', 'strcroft', 'seanokelley', 'jakehuang', 'addielupercio']"
57,366,14,9,4,"['ziyadbinsulaiman', 'erikjensen1984', 'jakehuang', 'strcroft']",9,"['andrescorrea', 'alejandromontoya', 'twinters', 'mitchellleibowitz', 'riccardotorsi', 'arminmirahcic', 'codylynde', 'belle6854', 'addielupercio']",5,"['jfreilich', 'georgewarren', 'majeed', 'bmw92', None]",18,"['georgewarren', 'majeed', 'arminmirahcic', 'codylynde', 'riccardotorsi', 'erikjensen1984', 'belle6854', None, 'andrescorrea', 'jfreilich', 'alejandromontoya', 'ziyadbinsulaiman', 'twinters', 'mitchellleibowitz', 'strcroft', 'bmw92', 'jakehuang', 'addielupercio']"
57,368,14,9,5,"['andrescorrea', 'strcroft', 'arminmirahcic', 'codylynde', 'addielupercio']",8,"['alejandromontoya', 'ziyadbinsulaiman', 'twinters', 'mitchellleibowitz', 'riccardotorsi', 'erikjensen1984', 'jakehuang', 'belle6854']",4,"[None, 'seanokelley', 'jfreilich', 'majeedala']",17,"['arminmirahcic', 'codylynde', 'riccardotorsi', 'erikjensen1984', 'belle6854', None, 'majeedala', 'andrescorrea', 'jfreilich', 'alejandromontoya', 'ziyadbinsulaiman', 'twinters', 'mitchellleibowitz', 'strcroft', 'seanokelley', 'jakehuang', 'addielupercio']"
59,67,13,25,11,"['aliciamorenoglez', 'cristinarguez', 'carmencve', 'bosco.godino', 'mirdre', 'jsalasg2', 'mcabreran610', 'martiwi95', 'giuort', 'madogena14', 'antonio.alferez94']",1,['almudena'],14,"['gonzalo12at', 'albsalleo1', 'fjcaleroc', 'lauritaare94', 'miriam37', 'jesfuelop', 'angelserranoalarcon', 'albacd', 'anacelia7794', 'pabrodfer2', 'bellon_94_', 'gines', None, 'alas27']",26,"['bosco.godino', 'madogena14', 'pabrodfer2', 'alas27', 'gonzalo12at', 'carmencve', 'fjcaleroc', 'jsalasg2', 'jesfuelop', 'almudena', 'albsalleo1', 'cristinarguez', 'mcabreran610', 'albacd', 'anacelia7794', 'giuort', 'antonio.alferez94', 'bellon_94_', 'gines', None, 'aliciamorenoglez', 'mirdre', 'lauritaare94', 'miriam37', 'martiwi95', 'angelserranoalarcon']"
59,319,13,25,12,"['almudena', 'aliciamorenoglez', 'cristinarguez', 'carmencve', 'bosco.godino', 'mirdre', 'jsalasg2', 'mcabreran610', 'martiwi95', 'giuort', 'madogena14', 'antonio.alferez94']",0,[],13,"['gonzalo12at', 'quiquedom', 'fjcaleroc', None, 'jesfuelop', 'albacd', 'dulce', 'beacano1993', 'angel07as07', 'mariagarciasalud28', 'gines', 'moec', 'alas27']",25,"['quiquedom', 'bosco.godino', 'madogena14', 'angel07as07', 'mariagarciasalud28', 'alas27', 'gonzalo12at', 'carmencve', 'fjcaleroc', 'jsalasg2', 'jesfuelop', 'dulce', 'beacano1993', 'moec', 'almudena', 'cristinarguez', 'mcabreran610', 'albacd', 'giuort', 'antonio.alferez94', 'gines', None, 'aliciamorenoglez', 'mirdre', 'martiwi95']"
59,343,13,22,12,"['almudena', 'aliciamorenoglez', 'cristinarguez', 'carmencve', 'bosco.godino', 'mirdre', 'jsalasg2', 'mcabreran610', 'martiwi95', 'giuort', 'madogena14', 'antonio.alferez94']",0,[],10,"['quiquedom', 'fjcaleroc', 'bwer23', 'jesfuelop', 'dulce', 'angel07as07', 'mariagarciasalud28', 'gines', None, 'alas27']",22,"['quiquedom', 'bosco.godino', 'madogena14', 'angel07as07', 'mariagarciasalud28', 'alas27', 'carmencve', 'fjcaleroc', 'jsalasg2', 'jesfuelop', 'dulce', 'almudena', 'cristinarguez', 'mcabreran610', 'giuort', 'antonio.alferez94', 'gines', None, 'aliciamorenoglez', 'mirdre', 'martiwi95', 'bwer23']"
59,242,13,21,12,"['almudena', 'aliciamorenoglez', 'cristinarguez', 'carmencve', 'bosco.godino', 'mirdre', 'jsalasg2', 'mcabreran610', 'martiwi95', 'giuort', 'madogena14', 'antonio.alferez94']",0,[],9,"['quiquedom', 'fjcaleroc', 'bwer23', 'dulce', 'angel07as07', 'mariagarciasalud28', 'gines', None, 'alas27']",21,"['quiquedom', 'bosco.godino', 'madogena14', 'angel07as07', 'mariagarciasalud28', 'alas27', 'carmencve', 'fjcaleroc', 'jsalasg2', 'dulce', 'almudena', 'cristinarguez', 'mcabreran610', 'giuort', 'antonio.alferez94', 'gines', None, 'aliciamorenoglez', 'mirdre', 'martiwi95', 'bwer23']"
59,342,13,19,12,"['almudena', 'aliciamorenoglez', 'cristinarguez', 'carmencve', 'bosco.godino', 'mirdre', 'jsalasg2', 'mcabreran610', 'martiwi95', 'giuort', 'madogena14', 'antonio.alferez94']",0,[],7,"[None, 'alibargal', 'miriam37', 'angel07as07', 'mariagarciasalud28', 'gines', 'moec']",19,"['almudena', 'cristinarguez', 'bosco.godino', 'mcabreran610', 'alibargal', 'giuort', 'madogena14', 'angel07as07', 'antonio.alferez94', 'mariagarciasalud28', 'gines', None, 'aliciamorenoglez', 'carmencve', 'mirdre', 'jsalasg2', 'miriam37', 'martiwi95', 'moec']"
59,55,13,17,11,"['almudena', 'aliciamorenoglez', 'cristinarguez', 'carmencve', 'bosco.godino', 'mirdre', 'jsalasg2', 'martiwi95', 'giuort', 'madogena14', 'antonio.alferez94']",1,['mcabreran610'],6,"[None, 'miriam37', 'alibargal', 'mariagarciasalud28', 'gines', 'moec']",18,"['almudena', 'cristinarguez', 'bosco.godino', 'mcabreran610', 'alibargal', 'giuort', 'madogena14', 'antonio.alferez94', 'mariagarciasalud28', 'gines', None, 'aliciamorenoglez', 'carmencve', 'mirdre', 'jsalasg2', 'miriam37', 'martiwi95', 'moec']"
59,318,13,17,8,"['aliciamorenoglez', 'carmencve', 'mirdre', 'jsalasg2', 'mcabreran610', 'martiwi95', 'giuort', 'madogena14']",4,"['almudena', 'cristinarguez', 'bosco.godino', 'antonio.alferez94']",9,"['quiquedom', 'fjcaleroc', 'bwer23', 'jesfuelop', 'dulce', 'mariagarciasalud28', 'gines', None, 'alas27']",21,"['almudena', 'cristinarguez', 'quiquedom', 'bosco.godino', 'mcabreran610', 'giuort', 'madogena14', 'antonio.alferez94', 'mariagarciasalud28', 'gines', None, 'alas27', 'aliciamorenoglez', 'carmencve', 'fjcaleroc', 'mirdre', 'jsalasg2', 'martiwi95', 'bwer23', 'jesfuelop', 'dulce']"
59,11,13,16,6,"['almudena', 'cristinarguez', 'bosco.godino', 'mirdre', 'jsalasg2', 'mcabreran610']",6,"['aliciamorenoglez', 'carmencve', 'martiwi95', 'giuort', 'madogena14', 'antonio.alferez94']",10,"['crigorbal', 'fjcaleroc', 'lauritaare94', None, 'alibargal', 'angelserranoalarcon', 'albacd', 'anacelia7794', 'gines', 'moec']",22,"['almudena', 'crigorbal', 'cristinarguez', 'bosco.godino', 'mcabreran610', 'alibargal', 'albacd', 'anacelia7794', 'giuort', 'madogena14', 'antonio.alferez94', 'gines', None, 'aliciamorenoglez', 'carmencve', 'fjcaleroc', 'mirdre', 'jsalasg2', 'lauritaare94', 'martiwi95', 'angelserranoalarcon', 'moec']"
59,217,13,15,6,"['almudena', 'cristinarguez', 'bosco.godino', 'mirdre', 'jsalasg2', 'mcabreran610']",6,"['aliciamorenoglez', 'carmencve', 'martiwi95', 'giuort', 'madogena14', 'antonio.alferez94']",9,"['fjcaleroc', 'lauritaare94', None, 'alibargal', 'angelserranoalarcon', 'albacd', 'anacelia7794', 'gines', 'moec']",21,"['almudena', 'cristinarguez', 'bosco.godino', 'mcabreran610', 'alibargal', 'albacd', 'anacelia7794', 'giuort', 'madogena14', 'antonio.alferez94', 'gines', None, 'aliciamorenoglez', 'carmencve', 'fjcaleroc', 'mirdre', 'jsalasg2', 'lauritaare94', 'martiwi95', 'angelserranoalarcon', 'moec']"
59,10,13,11,6,"['aliciamorenoglez', 'carmencve', 'martiwi95', 'giuort', 'madogena14', 'antonio.alferez94']",6,"['almudena', 'cristinarguez', 'bosco.godino', 'mirdre', 'jsalasg2', 'mcabreran610']",5,"['albsalleo1', 'pabdugde', 'jesfuelop', None, 'alas27']",17,"['almudena', 'albsalleo1', 'cristinarguez', 'bosco.godino', 'pabdugde', 'mcabreran610', 'giuort', 'madogena14', 'antonio.alferez94', None, 'alas27', 'aliciamorenoglez', 'carmencve', 'mirdre', 'jsalasg2', 'martiwi95', 'jesfuelop']"
59,68,13,11,6,"['aliciamorenoglez', 'carmencve', 'martiwi95', 'giuort', 'madogena14', 'antonio.alferez94']",6,"['almudena', 'cristinarguez', 'bosco.godino', 'mirdre', 'jsalasg2', 'mcabreran610']",5,"['albsalleo1', 'pabdugde', 'jesfuelop', None, 'alas27']",17,"['almudena', 'albsalleo1', 'cristinarguez', 'bosco.godino', 'pabdugde', 'mcabreran610', 'giuort', 'madogena14', 'antonio.alferez94', None, 'alas27', 'aliciamorenoglez', 'carmencve', 'mirdre', 'jsalasg2', 'martiwi95', 'jesfuelop']"
59,216,13,11,6,"['aliciamorenoglez', 'carmencve', 'martiwi95', 'giuort', 'madogena14', 'antonio.alferez94']",6,"['almudena', 'cristinarguez', 'bosco.godino', 'mirdre', 'jsalasg2', 'mcabreran610']",5,"['albsalleo1', 'pabdugde', 'jesfuelop', None, 'alas27']",17,"['almudena', 'albsalleo1', 'cristinarguez', 'bosco.godino', 'pabdugde', 'mcabreran610', 'giuort', 'madogena14', 'antonio.alferez94', None, 'alas27', 'aliciamorenoglez', 'carmencve', 'mirdre', 'jsalasg2', 'martiwi95', 'jesfuelop']"
59,17,13,9,5,"['aliciamorenoglez', 'jsalasg2', 'mcabreran610', 'martiwi95', 'madogena14']",7,"['almudena', 'cristinarguez', 'carmencve', 'bosco.godino', 'mirdre', 'giuort', 'antonio.alferez94']",4,"[None, 'gines', 'moec', 'angel07as07']",16,"['almudena', 'cristinarguez', 'bosco.godino', 'mcabreran610', 'giuort', 'madogena14', 'angel07as07', 'antonio.alferez94', 'gines', None, 'aliciamorenoglez', 'carmencve', 'mirdre', 'jsalasg2', 'martiwi95', 'moec']"
60,224,13,76,2,"['jmdimnd2', 'bcperki2']",10,"['zcesarino', 'hua2001', 'djs18', 'xlz.287', 'kab16', 'akoyani27', 'hayleykatzz', 'mrc7', 'dlipke', 'rohitdhanani141']",74,"['dyang48', 'wolan2', 'rekbot2', 'khazanv2', 'clwhite5', 'nkrshnn2', 'killack2', 'jablowi2', 'adonofr2', 'jingyiw3', 'cbott2', 'wtso2', 'nim4', 'nlbenso2', 'rfbruck2', 'twu53', 'juliaeb2', 'conanlh2', 'janavic2', 'jrlund3', 'mgambin2', 'murobar2', 'rll2', 'hyang89', 'syer2', 'emwisni2', 'sharpee2', 'aarmste2', 'rhyu2', 'atan14', 'firpo2', 'kkim142', 'dszhu2', 'amprath2', 'wwang114', 'xxia10', 'ymoon11', 'bdguo2', 'cplant2', 'yyun6', 'nahmoda2', 'rrmiriy2', 'camille7', 'sashah10', 'saegner2', 'yusenye2', 'goodali2', 'schoole2', 'neves2', 'jhardi9', 'lobryan2', 'schen173', 'rpavone2', 'jlee742', 'zchen208', 'ahrtmnn2', 'tson3', 'nopunun', 'enjucho2', 'joseam2', None, 'bpbaile2', 'mevtimo2', 'masiewi2', 'kperoze2', 'kgolk2', 'treppa2', 'ekisly2', 'talee3', 'mjee3', 'elho2', 'dvaz2', 'xshan6', 'qchen39']",86,"['dyang48', 'wolan2', 'rekbot2', 'khazanv2', 'clwhite5', 'nkrshnn2', 'killack2', 'jablowi2', 'adonofr2', 'jingyiw3', 'mrc7', 'cbott2', 'wtso2', 'nim4', 'djs18', 'nlbenso2', 'rfbruck2', 'twu53', 'juliaeb2', 'conanlh2', 'dlipke', 'janavic2', 'jrlund3', 'mgambin2', 'murobar2', 'rll2', 'kab16', 'hyang89', 'syer2', 'emwisni2', 'sharpee2', 'aarmste2', 'rhyu2', 'atan14', 'firpo2', 'kkim142', 'dszhu2', 'akoyani27', 'amprath2', 'wwang114', 'xxia10', 'ymoon11', 'bdguo2', 'rohitdhanani141', 'cplant2', 'yyun6', 'hua2001', 'nahmoda2', 'rrmiriy2', 'camille7', 'sashah10', 'bcperki2', 'saegner2', 'yusenye2', 'goodali2', 'schoole2', 'neves2', 'jhardi9', 'lobryan2', 'zcesarino', 'schen173', 'rpavone2', 'jlee742', 'zchen208', 'ahrtmnn2', 'tson3', 'nopunun', 'enjucho2', 'joseam2', None, 'dvaz2', 'bpbaile2', 'mevtimo2', 'masiewi2', 'kperoze2', 'xlz.287', 'kgolk2', 'treppa2', 'ekisly2', 'hayleykatzz', 'talee3', 'mjee3', 'elho2', 'jmdimnd2', 'xshan6', 'qchen39']"
60,223,13,7,6,"['zcesarino', 'djs18', 'kab16', 'mrc7', 'hayleykatzz', 'dlipke']",6,"['hua2001', 'xlz.287', 'akoyani27', 'bcperki2', 'rohitdhanani141', 'jmdimnd2']",1,[None],13,"['zcesarino', 'djs18', 'akoyani27', 'dlipke', 'rohitdhanani141', None, 'hua2001', 'xlz.287', 'kab16', 'hayleykatzz', 'mrc7', 'bcperki2', 'jmdimnd2']"
61,379,13,11,9,"['memoona250', 'sariaazam', 'ahmadwali', 'amnakhawaja', 'uzairfaroq34', 'fizzah', 'syedahajra95', 'wardazarin', 'iqramirza']",3,"['sritapaswi2007', 'ywang90', 'kyazawa0905']",2,"[None, 'ibahmad3']",14,"['memoona250', 'amnakhawaja', 'uzairfaroq34', 'fizzah', 'syedahajra95', 'wardazarin', None, 'ibahmad3', 'sariaazam', 'ahmadwali', 'sritapaswi2007', 'ywang90', 'kyazawa0905', 'iqramirza']"
62,87,13,10,7,"['apa041', 'marc.bourgeois77', 'rrm6349', 'lin78', 'junguan2021', 'michael.o.mcanally', 'ctc809']",5,"['alberto.curcella', 'will.mendilinsp', 'wzywustl', 'jode5877', 'rn11']",3,"['xinyuanyou2015', None, 'cheaps10']",15,"['marc.bourgeois77', 'lin78', 'junguan2021', 'will.mendilinsp', 'michael.o.mcanally', 'cheaps10', 'ctc809', None, 'apa041', 'alberto.curcella', 'xinyuanyou2015', 'rrm6349', 'wzywustl', 'jode5877', 'rn11']"
64,334,12,11,3,"['parthiv.parikh', 'rohant', 'vorajay25']",8,"['virajkadam12', 'monishk1001', 'anuragshyam1026', 'jainmanish6695', 'guptasuraj908', 'a5hut05h', 'akanksha0196', 'aditya.apte3']",8,"['jaidevdalvi', 'komal31p', 'shrinathnair', 'gopuice', 'mehtajinal3101', 'obalgi3095', None, 'rashmi9400']",19,"['parthiv.parikh', 'komal31p', 'anuragshyam1026', 'shrinathnair', 'gopuice', 'vorajay25', 'akanksha0196', 'obalgi3095', None, 'rashmi9400', 'jaidevdalvi', 'virajkadam12', 'monishk1001', 'guptasuraj908', 'jainmanish6695', 'mehtajinal3101', 'a5hut05h', 'aditya.apte3', 'rohant']"
64,336,12,8,6,"['virajkadam12', 'jainmanish6695', 'guptasuraj908', 'anuragshyam1026', 'a5hut05h', 'akanksha0196']",5,"['parthiv.parikh', 'monishk1001', 'vorajay25', 'aditya.apte3', 'rohant']",2,"['jigarfaria1995', None]",13,"['parthiv.parikh', 'anuragshyam1026', 'vorajay25', 'akanksha0196', None, 'virajkadam12', 'jigarfaria1995', 'monishk1001', 'guptasuraj908', 'jainmanish6695', 'a5hut05h', 'aditya.apte3', 'rohant']"
64,335,12,7,4,"['akanksha0196', 'aditya.apte3', 'monishk1001', 'anuragshyam1026']",7,"['parthiv.parikh', 'virajkadam12', 'jainmanish6695', 'guptasuraj908', 'a5hut05h', 'vorajay25', 'rohant']",3,"['dhruv.gajaria95', 'nileshkartik95', None]",14,"['parthiv.parikh', 'virajkadam12', 'monishk1001', 'guptasuraj908', 'anuragshyam1026', 'jainmanish6695', 'dhruv.gajaria95', 'nileshkartik95', 'a5hut05h', 'vorajay25', 'akanksha0196', 'aditya.apte3', None, 'rohant']"
65,351,12,18,1,['shethyatri'],10,"['gausawant007', 'jaiindians', 'vinayramnath001', 'amruteshpatil', 'sawant.mithun5', 'satya_mishra', 'ankitagharat93', 'pripatil285', 'saurabh.chowkidar', 'nikhil4241307']",17,"['sonalishah1510', 'ashutoshravaljan01', 'ishitameshram09', 'ajinkyakanse18', 'abhiaksh', 'ashwinikolekar94', 'trivedinishant925', 'ashish2012', 'beyonce711', 'rmanchekar04', 'yugandharawale25', 'saylisukale1995', 'yogita9218', 'cenamtangshu', 'vapande3006', None, 'sameerpawar007']",28,"['ishitameshram09', 'gausawant007', 'ajinkyakanse18', 'abhiaksh', 'ashwinikolekar94', 'trivedinishant925', 'jaiindians', 'beyonce711', 'amruteshpatil', 'sawant.mithun5', 'satya_mishra', 'saylisukale1995', 'pripatil285', 'saurabh.chowkidar', 'yogita9218', 'cenamtangshu', None, 'ashish2012', 'sonalishah1510', 'shethyatri', 'ashutoshravaljan01', 'vinayramnath001', 'rmanchekar04', 'yugandharawale25', 'ankitagharat93', 'vapande3006', 'nikhil4241307', 'sameerpawar007']"
65,78,12,12,1,['shethyatri'],10,"['gausawant007', 'jaiindians', 'vinayramnath001', 'amruteshpatil', 'sawant.mithun5', 'satya_mishra', 'ankitagharat93', 'pripatil285', 'saurabh.chowkidar', 'nikhil4241307']",11,"['pearlie1995', 'rukhsar1996', 'neha.achyut', 'aakashgangolli3112', 'jagrutinagaonkar', 'dileepcnair', 'sagar.eidnani', 'vishalchelimela11', 'minal.patil', 'latuchavan', None]",22,"['rukhsar1996', 'gausawant007', 'neha.achyut', 'jaiindians', 'aakashgangolli3112', 'jagrutinagaonkar', 'amruteshpatil', 'sawant.mithun5', 'satya_mishra', 'vishalchelimela11', 'pripatil285', 'saurabh.chowkidar', None, 'pearlie1995', 'shethyatri', 'vinayramnath001', 'dileepcnair', 'sagar.eidnani', 'ankitagharat93', 'minal.patil', 'latuchavan', 'nikhil4241307']"
65,77,12,11,10,"['gausawant007', 'jaiindians', 'vinayramnath001', 'amruteshpatil', 'sawant.mithun5', 'satya_mishra', 'ankitagharat93', 'pripatil285', 'saurabh.chowkidar', 'nikhil4241307']",1,['shethyatri'],1,[None],12,"['gausawant007', 'jaiindians', 'amruteshpatil', 'sawant.mithun5', 'satya_mishra', 'pripatil285', 'saurabh.chowkidar', None, 'shethyatri', 'vinayramnath001', 'ankitagharat93', 'nikhil4241307']"
65,350,12,11,10,"['gausawant007', 'jaiindians', 'vinayramnath001', 'amruteshpatil', 'sawant.mithun5', 'satya_mishra', 'ankitagharat93', 'pripatil285', 'saurabh.chowkidar', 'nikhil4241307']",1,['shethyatri'],1,[None],12,"['gausawant007', 'jaiindians', 'amruteshpatil', 'sawant.mithun5', 'satya_mishra', 'pripatil285', 'saurabh.chowkidar', None, 'shethyatri', 'vinayramnath001', 'ankitagharat93', 'nikhil4241307']"
66,116,12,11,9,"['rubiom', 'changg', 'bmahaja', 'yang1243', 'ofulani', 'peter178', 'alexa157', 'deyh', 'agondima']",2,"['zvanderm', 'zhan2748']",2,"['drokke', None]",13,"['yang1243', 'ofulani', 'zhan2748', 'peter178', 'bmahaja', None, 'agondima', 'rubiom', 'zvanderm', 'changg', 'alexa157', 'deyh', 'drokke']"
66,37,12,10,8,"['zvanderm', 'changg', 'yang1243', 'ofulani', 'peter178', 'alexa157', 'deyh', 'agondima']",3,"['rubiom', 'bmahaja', 'zhan2748']",2,"['drokke', None]",13,"['yang1243', 'ofulani', 'zhan2748', 'peter178', 'bmahaja', None, 'agondima', 'rubiom', 'zvanderm', 'changg', 'alexa157', 'deyh', 'drokke']"
68,33,12,12,8,"['sandrowieser', 'sered92', 'abuali_t', 'schoea17', 'danielhj90', 'hendle_c', 'tomaskamencek', 'ladens12']",3,"['eva_gasser', 'ctschernay', 'ankitadora14']",4,"['mipe', None, 'kzojer', 'feackl']",15,"['sandrowieser', 'schoea17', 'hendle_c', 'ctschernay', 'mipe', 'ankitadora14', None, 'kzojer', 'sered92', 'abuali_t', 'danielhj90', 'eva_gasser', 'tomaskamencek', 'feackl', 'ladens12']"
68,34,12,12,10,"['sandrowieser', 'sered92', 'abuali_t', 'schoea17', 'danielhj90', 'eva_gasser', 'hendle_c', 'tomaskamencek', 'ladens12', 'ctschernay']",1,['ankitadora14'],2,"['mipe', None]",13,"['sandrowieser', 'schoea17', 'hendle_c', 'ctschernay', 'mipe', 'ankitadora14', None, 'sered92', 'abuali_t', 'danielhj90', 'eva_gasser', 'tomaskamencek', 'ladens12']"
68,35,12,9,6,"['sandrowieser', 'schoea17', 'eva_gasser', 'hendle_c', 'ladens12', 'ctschernay']",5,"['sered92', 'abuali_t', 'danielhj90', 'tomaskamencek', 'ankitadora14']",3,"['mipe', None, 'feackl']",14,"['sandrowieser', 'schoea17', 'hendle_c', 'ctschernay', 'mipe', 'ankitadora14', None, 'sered92', 'abuali_t', 'danielhj90', 'eva_gasser', 'tomaskamencek', 'feackl', 'ladens12']"
68,232,12,9,5,"['abuali_t', 'schoea17', 'eva_gasser', 'tomaskamencek', 'ctschernay']",6,"['sandrowieser', 'sered92', 'danielhj90', 'hendle_c', 'ladens12', 'ankitadora14']",4,"['mipe', None, 'kzojer', 'feackl']",15,"['sandrowieser', 'schoea17', 'hendle_c', 'ctschernay', 'mipe', 'ankitadora14', None, 'kzojer', 'sered92', 'abuali_t', 'danielhj90', 'eva_gasser', 'tomaskamencek', 'feackl', 'ladens12']"
69,20,12,8,3,"['ramos.miguel', 'ccorrado888', 'miltonpersson']",8,"['namiyasuoka', 'nnci_comp', 'lhagvamb', 'divebuoy', 'alhemsi', 'delger123', 'nass2017', 'juugii88']",5,"['darsin', 'jonahvanassche', 'vikingr', None, 'joaopin4']",16,"['vikingr', 'nnci_comp', 'miltonpersson', 'ramos.miguel', 'nass2017', 'juugii88', None, 'darsin', 'jonahvanassche', 'namiyasuoka', 'ccorrado888', 'lhagvamb', 'divebuoy', 'alhemsi', 'delger123', 'joaopin4']"
69,18,12,7,3,"['miltonpersson', 'ccorrado888', 'ramos.miguel']",8,"['namiyasuoka', 'nnci_comp', 'lhagvamb', 'divebuoy', 'alhemsi', 'delger123', 'nass2017', 'juugii88']",4,"['alexanders89', 'darsin', None, 'jonahvanassche']",15,"['alexanders89', 'darsin', 'jonahvanassche', 'namiyasuoka', None, 'miltonpersson', 'nnci_comp', 'ccorrado888', 'lhagvamb', 'ramos.miguel', 'divebuoy', 'alhemsi', 'delger123', 'nass2017', 'juugii88']"
69,22,12,7,3,"['delger123', 'juugii88', 'lhagvamb']",8,"['namiyasuoka', 'miltonpersson', 'ccorrado888', 'nnci_comp', 'ramos.miguel', 'divebuoy', 'alhemsi', 'nass2017']",4,"['aaaaa', None, 'dorjhand', 'e.mt12d006']",15,"['namiyasuoka', 'aaaaa', 'miltonpersson', None, 'nnci_comp', 'ccorrado888', 'lhagvamb', 'dorjhand', 'ramos.miguel', 'divebuoy', 'alhemsi', 'delger123', 'nass2017', 'juugii88', 'e.mt12d006']"
70,157,11,7,6,"['mandars8237', 'sanjajt', 'pereira06mervin', 'ashash774623', 'jatinwaghela075', 'sunnythakkar1122']",4,"['iliya_kaz', 'yago', 'shlyakhov2008.lelala', 'vzarinov']",1,[None],11,"['mandars8237', 'sanjajt', 'pereira06mervin', 'vzarinov', 'iliya_kaz', 'ashash774623', 'jatinwaghela075', 'sunnythakkar1122', 'shlyakhov2008.lelala', 'yago', None]"
71,199,11,33,1,['tejas.m.dalvi24'],9,"['chaitanyakhane999', 'kiranjadhav050994', 'snehachaskar601', 'suyogmhatre00', 'swatimane176', 'akash.mali3477', 'sanket.patil0102', 'ameymalotkar1', 'tgpatil22791']",32,"['ujeshpatel92', 'pawanfakatkar1991', 'harshit0610', 'anand_5', 'praveensingh1103131', 'jayjadhavrocks', 'karandeamits', 'khimania65.ak', 'priyankashelar39', 'joijodegauri7', 'jay13', 'saumil7995', 'preranasarode1995', 'jadhavnitin523', 'sunilpore95', 'jaski27', 'himanshuphatak98', 'yadavpriyanka446', 'varadmeradost', 'natasha.choudhary1912', None, 'varad.choudhari2109', 'johnboss645', 'pcb.panda', 'korderavindra01', 'pagarnikita13', 'tejashree.gore', 'kanchan.sawant17', 'nivipetkar', 'abannore', 'patrickp', 'jogichetan96']",42,"['ujeshpatel92', 'pawanfakatkar1991', 'suyogmhatre00', 'harshit0610', 'anand_5', 'patrickp', 'praveensingh1103131', 'jayjadhavrocks', 'karandeamits', 'kiranjadhav050994', 'khimania65.ak', 'snehachaskar601', 'tejas.m.dalvi24', 'tgpatil22791', 'priyankashelar39', 'joijodegauri7', 'jay13', 'saumil7995', 'preranasarode1995', 'jadhavnitin523', 'sunilpore95', 'jaski27', 'himanshuphatak98', 'swatimane176', 'akash.mali3477', 'yadavpriyanka446', 'varadmeradost', 'ameymalotkar1', 'natasha.choudhary1912', None, 'varad.choudhari2109', 'johnboss645', 'pcb.panda', 'chaitanyakhane999', 'korderavindra01', 'pagarnikita13', 'tejashree.gore', 'kanchan.sawant17', 'nivipetkar', 'abannore', 'sanket.patil0102', 'jogichetan96']"
71,198,11,11,10,"['chaitanyakhane999', 'kiranjadhav050994', 'snehachaskar601', 'tejas.m.dalvi24', 'suyogmhatre00', 'swatimane176', 'akash.mali3477', 'sanket.patil0102', 'ameymalotkar1', 'tgpatil22791']",0,[],1,[None],11,"['suyogmhatre00', 'swatimane176', 'akash.mali3477', 'ameymalotkar1', None, 'chaitanyakhane999', 'kiranjadhav050994', 'snehachaskar601', 'tejas.m.dalvi24', 'sanket.patil0102', 'tgpatil22791']"
73,361,10,29,3,"['taylorhowell', 'lynnkarriem1', 'natefarris']",6,"['my4610', 'tvh82', 'arefinmustafaanik', 'dhof2668', 'snehan', 'jfmaguire']",26,"['georgewarren', 'majeed', 'yaizarodriguezortego', 'arminmirahcic', 'jfreilich', 'alejandromontoya', 'ziyadbinsulaiman', 'strcroft', 'arvincunningham', 'seanokelley', 'bmw92', 'williamcrow', 'janetcallahan', 'lanlibsu', 'riccardotorsi', 'codylynde', 'erikjensen1984', None, 'belle6854', 'teamreidy', 'nickcarter', 'andrescorrea', 'twinters', 'mitchellleibowitz', 'cwalker', 'addielupercio']",35,"['my4610', 'georgewarren', 'majeed', 'snehan', 'yaizarodriguezortego', 'arminmirahcic', 'jfreilich', 'tvh82', 'alejandromontoya', 'ziyadbinsulaiman', 'arefinmustafaanik', 'strcroft', 'arvincunningham', 'seanokelley', 'jfmaguire', 'bmw92', 'taylorhowell', 'williamcrow', 'janetcallahan', 'dhof2668', 'lanlibsu', 'codylynde', 'riccardotorsi', 'erikjensen1984', None, 'belle6854', 'teamreidy', 'nickcarter', 'andrescorrea', 'natefarris', 'twinters', 'mitchellleibowitz', 'cwalker', 'lynnkarriem1', 'addielupercio']"
73,362,10,19,2,"['natefarris', 'lynnkarriem1']",7,"['taylorhowell', 'my4610', 'tvh82', 'arefinmustafaanik', 'dhof2668', 'snehan', 'jfmaguire']",17,"['jfreilich', 'alejandromontoya', 'williamcrow', 'ziyadbinsulaiman', 'codylynde', 'twinters', 'strcroft', 'mitchellleibowitz', 'yaizarodriguezortego', 'lanlibsu', 'arminmirahcic', 'riccardotorsi', 'bmw92', 'erikjensen1984', None, 'belle6854', 'addielupercio']",26,"['taylorhowell', 'my4610', 'williamcrow', 'dhof2668', 'snehan', 'yaizarodriguezortego', 'lanlibsu', 'arminmirahcic', 'riccardotorsi', 'codylynde', 'erikjensen1984', 'belle6854', None, 'jfreilich', 'tvh82', 'alejandromontoya', 'bmw92', 'natefarris', 'ziyadbinsulaiman', 'arefinmustafaanik', 'twinters', 'strcroft', 'mitchellleibowitz', 'jfmaguire', 'lynnkarriem1', 'addielupercio']"
74,46,10,16,9,"['siontani', 'yezhuo', 'rmidya', 'mdacheng', 'ashampur', 'sramadasappa', 'kkunte', 'srpietry', 'sasapu']",0,[],7,"['jamalone', 'aksamija', 'mhosseini', 'amajee', 'siangshengtu', None, 'cbelur']",16,"['yezhuo', 'siontani', 'aksamija', 'ashampur', 'sramadasappa', 'srpietry', 'sasapu', 'amajee', None, 'cbelur', 'mhosseini', 'rmidya', 'jamalone', 'mdacheng', 'kkunte', 'siangshengtu']"
74,137,10,15,8,"['siontani', 'yezhuo', 'rmidya', 'mdacheng', 'sramadasappa', 'kkunte', 'srpietry', 'sasapu']",1,['ashampur'],7,"['pvasireddy', 'jamalone', 'wheberling', 'aksamija', 'siangshengtu', None, 'cbelur']",16,"['pvasireddy', 'yezhuo', 'siontani', 'aksamija', 'ashampur', 'sramadasappa', 'srpietry', 'sasapu', None, 'cbelur', 'rmidya', 'jamalone', 'wheberling', 'mdacheng', 'kkunte', 'siangshengtu']"
74,261,10,14,9,"['siontani', 'yezhuo', 'rmidya', 'mdacheng', 'ashampur', 'sramadasappa', 'kkunte', 'srpietry', 'sasapu']",0,[],5,"['jamalone', 'mhosseini', 'siangshengtu', None, 'cbelur']",14,"['yezhuo', 'siontani', 'ashampur', 'sramadasappa', 'srpietry', 'sasapu', None, 'mhosseini', 'cbelur', 'rmidya', 'jamalone', 'mdacheng', 'kkunte', 'siangshengtu']"
74,64,10,13,7,"['siontani', 'rmidya', 'mdacheng', 'sramadasappa', 'kkunte', 'srpietry', 'sasapu']",2,"['ashampur', 'yezhuo']",6,"['jamalone', 'wheberling', 'aksamija', 'siangshengtu', None, 'cbelur']",15,"['yezhuo', 'siontani', 'aksamija', 'ashampur', 'sramadasappa', 'srpietry', 'sasapu', None, 'cbelur', 'rmidya', 'jamalone', 'wheberling', 'mdacheng', 'kkunte', 'siangshengtu']"
74,153,10,13,8,"['siontani', 'yezhuo', 'rmidya', 'mdacheng', 'sramadasappa', 'kkunte', 'srpietry', 'sasapu']",1,['ashampur'],5,"['jamalone', 'mhosseini', 'siangshengtu', None, 'cbelur']",14,"['yezhuo', 'siontani', 'ashampur', 'sramadasappa', 'srpietry', 'sasapu', None, 'mhosseini', 'cbelur', 'rmidya', 'jamalone', 'mdacheng', 'kkunte', 'siangshengtu']"
74,161,10,12,8,"['siontani', 'yezhuo', 'rmidya', 'mdacheng', 'sramadasappa', 'kkunte', 'srpietry', 'sasapu']",1,['ashampur'],4,"['siangshengtu', None, 'jamalone', 'cbelur']",13,"['yezhuo', 'siontani', 'ashampur', 'sramadasappa', 'srpietry', 'sasapu', None, 'cbelur', 'rmidya', 'jamalone', 'mdacheng', 'kkunte', 'siangshengtu']"
77,100,9,11,8,"['garrettlegallais', 'erlogan', 'stefan.juckes', 'drewbriley', 'jonpaulsun', 'maassenj1', 'smarch', 'sfarrell']",0,[],3,"[None, 'zhenglituo', 'onlyryanperry']",11,"['maassenj1', 'onlyryanperry', 'smarch', 'jonpaulsun', 'zhenglituo', None, 'garrettlegallais', 'erlogan', 'stefan.juckes', 'drewbriley', 'sfarrell']"
77,115,9,7,5,"['erlogan', 'drewbriley', 'jonpaulsun', 'smarch', 'sfarrell']",3,"['maassenj1', 'garrettlegallais', 'stefan.juckes']",2,"[None, 'onlyryanperry']",10,"['garrettlegallais', 'sfarrell', 'erlogan', 'stefan.juckes', 'drewbriley', None, 'maassenj1', 'onlyryanperry', 'smarch', 'jonpaulsun']"
78,363,9,34,8,"['jihangaid', 'andreassavva', 'embersikorski', 'coreyefaw', 'evansmith246', 'clairexiong', 'nate.stephon', 'samuelpedersen']",0,[],26,"['yanokh', 'georgewarren', 'majeed', 'jenniferwatkins1', 'yaizarodriguezortego', 'arminmirahcic', 'jfreilich', 'alejandromontoya', 'ziyadbinsulaiman', 'strcroft', 'seanokelley', 'bmw92', 'aliao2017', 'lanlibsu', 'riccardotorsi', 'codylynde', 'erikjensen1984', None, 'belle6854', 'nickcarter', 'andrescorrea', 'twinters', 'mitchellleibowitz', 'cwalker', 'jakehuang', 'addielupercio']",34,"['yanokh', 'georgewarren', 'majeed', 'jenniferwatkins1', 'yaizarodriguezortego', 'arminmirahcic', 'jfreilich', 'alejandromontoya', 'ziyadbinsulaiman', 'embersikorski', 'evansmith246', 'coreyefaw', 'strcroft', 'seanokelley', 'bmw92', 'clairexiong', 'aliao2017', 'jihangaid', 'andreassavva', 'lanlibsu', 'codylynde', 'riccardotorsi', 'erikjensen1984', 'belle6854', None, 'nate.stephon', 'samuelpedersen', 'nickcarter', 'andrescorrea', 'twinters', 'mitchellleibowitz', 'cwalker', 'jakehuang', 'addielupercio']"
78,131,9,12,8,"['jihangaid', 'andreassavva', 'embersikorski', 'coreyefaw', 'evansmith246', 'clairexiong', 'nate.stephon', 'samuelpedersen']",0,[],4,"[None, 'lanlibsu', 'yanokh', 'jenniferwatkins1']",12,"['jihangaid', 'andreassavva', 'yanokh', 'jenniferwatkins1', 'lanlibsu', None, 'nate.stephon', 'samuelpedersen', 'embersikorski', 'evansmith246', 'coreyefaw', 'clairexiong']"
79,158,9,8,7,"['nicolasparnacci', 'lucagessi90', 'lorenza.bertarelli', 'eliafavarelli', 'enricotesti', 'davidecalisti', 'gioelemagnani']",1,['alessio.baldazzi'],1,[None],9,"['nicolasparnacci', 'lucagessi90', 'lorenza.bertarelli', 'alessio.baldazzi', 'eliafavarelli', 'enricotesti', 'davidecalisti', None, 'gioelemagnani']"
79,174,9,8,7,"['nicolasparnacci', 'lucagessi90', 'lorenza.bertarelli', 'eliafavarelli', 'enricotesti', 'davidecalisti', 'gioelemagnani']",1,['alessio.baldazzi'],1,[None],9,"['nicolasparnacci', 'lucagessi90', 'lorenza.bertarelli', 'alessio.baldazzi', 'eliafavarelli', 'enricotesti', 'davidecalisti', None, 'gioelemagnani']"
80,106,9,48,3,"['harribas', 'tstegall', 'hasan10']",5,"['kkm11102000', 'kebemis', 'king316', 'gentry9', 'campb122']",45,"['hdebose', 'aantonuc', 'kcrew08', 'abusker', 'lkoczwar10', 'wang2621', 'lsotelom', 'gfukumot', 'rnederho', 'parkermc', 'cpavlick', 'acorda', 'mgolm', 'aravin13', 'akrawec', 'clary0', 'jokkema', 'farrel18', 'mcconneb', 'bbattas', 'cooleys', 'cmeisel', 'carson22', 'ramos39', 'smit2256', 'wtritsch', 'lschroer24', 'kirby8', 'alejandro22', 'ghinkle', 'apupillo', 'jbaietto', 'hrowlan', None, 'tay0', 'zadeel', 'fodowd', 'mkikend', 'shermang', 'mkrane', 'crguinn', 'sclevel', 'mbinkle', 'bstegma', 'brettrasmus']",53,"['hdebose', 'aantonuc', 'kcrew08', 'abusker', 'kebemis', 'lkoczwar10', 'wang2621', 'lsotelom', 'gfukumot', 'harribas', 'tstegall', 'rnederho', 'gentry9', 'parkermc', 'cpavlick', 'acorda', 'mgolm', 'kkm11102000', 'aravin13', 'akrawec', 'clary0', 'brettrasmus', 'hasan10', 'jokkema', 'farrel18', 'mcconneb', 'bbattas', 'cooleys', 'cmeisel', 'carson22', 'ramos39', 'smit2256', 'king316', 'wtritsch', 'lschroer24', 'kirby8', 'alejandro22', 'ghinkle', 'apupillo', 'jbaietto', None, 'campb122', 'tay0', 'zadeel', 'fodowd', 'mkikend', 'shermang', 'mkrane', 'crguinn', 'sclevel', 'mbinkle', 'bstegma', 'hrowlan']"
80,213,9,40,5,"['kebemis', 'hasan10', 'tstegall', 'gentry9', 'campb122']",3,"['harribas', 'kkm11102000', 'king316']",35,"['aantonuc', 'kcrew08', 'abusker', 'wang2621', 'aerosys', 'gfukumot', 'rnederho', 'kklaff', 'parkermc', 'acorda', 'mgolm', 'long182', 'aravin13', 'akrawec', 'clary0', 'jokkema', 'azadoks', 'mcconneb', 'cooleys', 'cmeisel', 'andorner', 'smit2256', 'wtritsch', 'lschroer24', 'kirby8', 'apupillo', 'ghinkle', 'jeinterz', 'hrowlan', None, 'mkikend', 'shermang', 'mkrane', 'mbinkle', 'brettrasmus']",43,"['aantonuc', 'kcrew08', 'abusker', 'kebemis', 'wang2621', 'aerosys', 'gfukumot', 'harribas', 'tstegall', 'rnederho', 'kklaff', 'gentry9', 'parkermc', 'acorda', 'mgolm', 'long182', 'kkm11102000', 'aravin13', 'akrawec', 'clary0', 'brettrasmus', 'hasan10', 'jokkema', 'azadoks', 'mcconneb', 'cooleys', 'cmeisel', 'andorner', 'smit2256', 'king316', 'wtritsch', 'lschroer24', 'kirby8', 'apupillo', 'ghinkle', 'jeinterz', None, 'campb122', 'mkikend', 'shermang', 'mkrane', 'mbinkle', 'hrowlan']"
80,211,9,36,4,"['tstegall', 'campb122', 'gentry9', 'kebemis']",4,"['harribas', 'kkm11102000', 'king316', 'hasan10']",32,"['kcrew08', 'abusker', 'wang2621', 'aerosys', 'parkermc', 'acorda', 'mgolm', 'long182', 'aravin13', 'brettrasmus', 'jokkema', 'azadoks', 'mcconneb', 'bbattas', 'cooleys', 'cmeisel', 'carson22', 'andorner', 'wtritsch', 'kirby8', 'apupillo', 'ghinkle', 'strachan', 'jeinterz', 'hrowlan', None, 'mkikend', 'shermang', 'mkrane', 'crguinn', 'mbinkle', 'hvaught']",40,"['kcrew08', 'abusker', 'kebemis', 'wang2621', 'aerosys', 'harribas', 'tstegall', 'gentry9', 'parkermc', 'acorda', 'mgolm', 'long182', 'kkm11102000', 'aravin13', 'hasan10', 'jokkema', 'azadoks', 'mcconneb', 'bbattas', 'cooleys', 'cmeisel', 'carson22', 'andorner', 'king316', 'hvaught', 'wtritsch', 'kirby8', 'apupillo', 'ghinkle', 'strachan', 'jeinterz', 'hrowlan', None, 'campb122', 'mkikend', 'shermang', 'mkrane', 'crguinn', 'mbinkle', 'brettrasmus']"
80,229,9,32,4,"['tstegall', 'kkm11102000', 'campb122', 'gentry9']",4,"['harribas', 'king316', 'kebemis', 'hasan10']",28,"['kcrew08', 'abusker', 'wang2621', 'kklaff', 'parkermc', 'acorda', 'mgolm', 'aravin13', 'clary0', 'brettrasmus', 'jokkema', 'azadoks', 'mcconneb', 'cooleys', 'cmeisel', 'andorner', 'smit2256', 'wtritsch', 'kirby8', 'apupillo', 'ghinkle', 'jeinterz', None, 'hweldy', 'shermang', 'mkikend', 'mkrane', 'hrowlan']",36,"['kcrew08', 'abusker', 'kebemis', 'wang2621', 'kklaff', 'harribas', 'tstegall', 'gentry9', 'parkermc', 'acorda', 'mgolm', 'kkm11102000', 'aravin13', 'clary0', 'brettrasmus', 'hasan10', 'jokkema', 'azadoks', 'mcconneb', 'cooleys', 'cmeisel', 'andorner', 'smit2256', 'king316', 'wtritsch', 'kirby8', 'apupillo', 'ghinkle', 'jeinterz', None, 'campb122', 'hweldy', 'shermang', 'mkikend', 'mkrane', 'hrowlan']"
81,142,9,10,8,"['zornti', 'kevinsimondsen', 'jimbo1', 'jimbo2', 'laurenjohnson13', 'winner365', 'tgelsthorpe1', 'dickinel']",0,[],2,"['sslone2', None]",10,"['zornti', 'kevinsimondsen', 'jimbo1', 'jimbo2', 'laurenjohnson13', 'winner365', 'tgelsthorpe1', 'dickinel', 'sslone2', None]"
82,1,9,9,8,"['singhabhi2495', 'nikhilkhedekar2012', 'akshay.prabhu4', 'milouni', 'karankantharia', 'chaitanyagangadhar32', 'purnima612', 'nairajitha2012']",0,[],1,[None],9,"['singhabhi2495', 'nikhilkhedekar2012', 'akshay.prabhu4', 'milouni', 'karankantharia', 'chaitanyagangadhar32', 'purnima612', 'nairajitha2012', None]"
82,209,9,9,8,"['singhabhi2495', 'nikhilkhedekar2012', 'akshay.prabhu4', 'milouni', 'karankantharia', 'chaitanyagangadhar32', 'purnima612', 'nairajitha2012']",0,[],1,[None],9,"['singhabhi2495', 'nikhilkhedekar2012', 'akshay.prabhu4', 'milouni', 'karankantharia', 'chaitanyagangadhar32', 'purnima612', 'nairajitha2012', None]"
84,148,9,10,8,"['syang0827', 'tysonlanigan123', 'raullaasner', 'jd347abc', 'hexing', 'gwessler', 'yihaozhou1990', 'teymurbetul']",0,[],2,"['dhananjaydhruva', None]",10,"['syang0827', 'tysonlanigan123', 'raullaasner', 'jd347abc', 'hexing', 'gwessler', 'yihaozhou1990', 'dhananjaydhruva', None, 'teymurbetul']"
86,80,9,19,3,"['dhruvmerchant07', 'pyami95', 'omkardalvi409']",5,"['chetana24', 'lekhrajtiwari99', 'doshishrut1995', 'priyankapandya19', 'kharadeavi7816']",16,"['sumitk0444', 'komal31p', 'suthar.kalpesh57', 'shrinathnair', 'pankajvyas967', 'jayjadav08', 'prachi.more', 'razorrajeev', 'jagrutinagaonkar', 'nimishavaradkar369', 'amit_j', 'vishalchelimela11', 'jay.parsana', 'omprakashjha24', None, 'rashmi9400']",24,"['sumitk0444', 'komal31p', 'chetana24', 'shrinathnair', 'omkardalvi409', 'prachi.more', 'doshishrut1995', 'jagrutinagaonkar', 'dhruvmerchant07', 'nimishavaradkar369', 'vishalchelimela11', 'pyami95', None, 'rashmi9400', 'kharadeavi7816', 'suthar.kalpesh57', 'lekhrajtiwari99', 'jayjadav08', 'pankajvyas967', 'razorrajeev', 'jay.parsana', 'amit_j', 'omprakashjha24', 'priyankapandya19']"
86,81,9,18,2,"['doshishrut1995', 'priyankapandya19']",6,"['chetana24', 'lekhrajtiwari99', 'omkardalvi409', 'dhruvmerchant07', 'pyami95', 'kharadeavi7816']",16,"['jaidevdalvi', 'komal31p', 'neha.achyut', 'shailesh.deshmukh', 'purva.desai', None, 'nikhita.bhole', 'avnish.bhatt', 'mehtajinal3101', 'nileshkartik95', 'gauri.sahoo', 'dhruv.gajaria95', 'obalgi3095', 'lata.chavan', 'shreya.mahajan', 'rupali.patil']",24,"['komal31p', 'chetana24', 'neha.achyut', 'omkardalvi409', 'purva.desai', 'doshishrut1995', 'nikhita.bhole', 'avnish.bhatt', 'dhruvmerchant07', 'nileshkartik95', 'pyami95', 'gauri.sahoo', 'dhruv.gajaria95', 'obalgi3095', 'lata.chavan', None, 'shreya.mahajan', 'kharadeavi7816', 'jaidevdalvi', 'rupali.patil', 'lekhrajtiwari99', 'shailesh.deshmukh', 'mehtajinal3101', 'priyankapandya19']"
87,339,9,28,8,"['ishitameshram09', 'kalpeshgk4', 'ashish2012', 'yugandharawale25', 'saylisukale1995', 'sortekiran', 'yogita9218', 'pkekan2']",0,[],20,"['ajinkyakanse18', 'ashwinikolekar94', 'vikaskale402', 'rahulpoojari62', 'sonalishah1510', 'drsharma886', 'sivarampg', 'chinmayeehanumante', 'bhatadenitish', 'aadkute', 'abhiaksh', 'trivedinishant925', 'ankitmalap', 'shubham.aher316', 'ketanpatil32', None, 'rmanchekar04', 'poojarao75', 'vapande3006', 'sameerpawar007']",28,"['ajinkyakanse18', 'ashwinikolekar94', 'vikaskale402', 'saylisukale1995', 'sortekiran', 'rahulpoojari62', 'sonalishah1510', 'drsharma886', 'sameerpawar007', 'kalpeshgk4', 'sivarampg', 'chinmayeehanumante', 'bhatadenitish', 'aadkute', 'ishitameshram09', 'abhiaksh', 'trivedinishant925', 'ankitmalap', 'shubham.aher316', 'ketanpatil32', 'yogita9218', None, 'ashish2012', 'rmanchekar04', 'yugandharawale25', 'poojarao75', 'vapande3006', 'pkekan2']"
87,357,9,19,7,"['ishitameshram09', 'kalpeshgk4', 'ashish2012', 'yugandharawale25', 'sortekiran', 'yogita9218', 'pkekan2']",1,['saylisukale1995'],12,"['wadekarprathamesh786', 'drsharma886', 'abhiaksh', 'beyonce711', 'vikaskale402', 'jainhp95', 'shubham.aher316', 'vapande3006', 'tpbp135', 'amruta.kolekar24', None, 'sameerpawar007']",20,"['ishitameshram09', 'wadekarprathamesh786', 'abhiaksh', 'beyonce711', 'vikaskale402', 'jainhp95', 'saylisukale1995', 'sortekiran', 'tpbp135', 'shubham.aher316', 'yogita9218', None, 'ashish2012', 'drsharma886', 'sameerpawar007', 'kalpeshgk4', 'yugandharawale25', 'vapande3006', 'amruta.kolekar24', 'pkekan2']"
87,351,9,18,5,"['ishitameshram09', 'yugandharawale25', 'saylisukale1995', 'yogita9218', 'ashish2012']",3,"['kalpeshgk4', 'sortekiran', 'pkekan2']",13,"['sonalishah1510', 'shethyatri', 'ashutoshravaljan01', 'ajinkyakanse18', 'abhiaksh', 'ashwinikolekar94', 'trivedinishant925', 'beyonce711', 'rmanchekar04', 'cenamtangshu', 'vapande3006', None, 'sameerpawar007']",21,"['ishitameshram09', 'ajinkyakanse18', 'abhiaksh', 'ashwinikolekar94', 'trivedinishant925', 'beyonce711', 'saylisukale1995', 'sortekiran', 'yogita9218', 'cenamtangshu', None, 'ashish2012', 'sonalishah1510', 'shethyatri', 'ashutoshravaljan01', 'sameerpawar007', 'kalpeshgk4', 'rmanchekar04', 'yugandharawale25', 'vapande3006', 'pkekan2']"
87,359,9,18,5,"['ishitameshram09', 'yugandharawale25', 'saylisukale1995', 'sortekiran', 'yogita9218']",3,"['kalpeshgk4', 'ashish2012', 'pkekan2']",13,"['swapking4444', 'drsharma886', 'namita', 'alwindsilva3', 'abhiaksh', 'ashwinikolekar94', 'changumangu18', 'surajkedar123', 'shubham.aher316', 'koltevinod1', 'shubhamsaiyan', None, 'sameerpawar007']",21,"['ishitameshram09', 'namita', 'alwindsilva3', 'abhiaksh', 'ashwinikolekar94', 'changumangu18', 'surajkedar123', 'shubham.aher316', 'saylisukale1995', 'sortekiran', 'yogita9218', None, 'ashish2012', 'swapking4444', 'drsharma886', 'sameerpawar007', 'kalpeshgk4', 'yugandharawale25', 'koltevinod1', 'shubhamsaiyan', 'pkekan2']"
87,240,9,6,1,['pkekan2'],7,"['ishitameshram09', 'kalpeshgk4', 'yugandharawale25', 'saylisukale1995', 'sortekiran', 'yogita9218', 'ashish2012']",5,"['drsharma886', 'ajayc828', 'rahulpoojari62', None, 'wadekar.prathamesh786']",13,"['ishitameshram09', 'drsharma886', 'kalpeshgk4', 'yugandharawale25', 'ajayc828', 'saylisukale1995', 'sortekiran', 'rahulpoojari62', 'pkekan2', 'yogita9218', None, 'ashish2012', 'wadekar.prathamesh786']"
87,241,9,6,4,"['yugandharawale25', 'saylisukale1995', 'ashish2012', 'yogita9218']",4,"['ishitameshram09', 'kalpeshgk4', 'sortekiran', 'pkekan2']",2,"['amruta.kolekar24', None]",10,"['ishitameshram09', 'kalpeshgk4', 'yugandharawale25', 'saylisukale1995', 'sortekiran', 'pkekan2', 'yogita9218', 'amruta.kolekar24', None, 'ashish2012']"
87,340,9,6,2,"['yugandharawale25', 'ishitameshram09']",6,"['kalpeshgk4', 'ashish2012', 'saylisukale1995', 'sortekiran', 'yogita9218', 'pkekan2']",4,"['ajinkyakanse18', None, 'sivarampg', 'poojarao75']",12,"['ishitameshram09', 'ajinkyakanse18', 'kalpeshgk4', 'yugandharawale25', 'saylisukale1995', 'sortekiran', 'sivarampg', 'pkekan2', 'yogita9218', 'poojarao75', None, 'ashish2012']"
88,270,8,11,6,"['anchitaa125', 'ritudangupta', 'aanchaljain.ucoe', 'ritujariya', 'sadlab', 'nandini30']",1,['harsh.vyas45'],5,"['wasi.uddin7', 'ckbharti', 'bababannoji', 'bhavna_goel', None]",12,"['anchitaa125', 'harsh.vyas45', 'wasi.uddin7', 'ritudangupta', None, 'ritujariya', 'ckbharti', 'bababannoji', 'aanchaljain.ucoe', 'bhavna_goel', 'sadlab', 'nandini30']"
89,291,8,33,6,"['xkudla14', 'kano.net', 'vojta', 'xvokra01', 'xbrous01', 'xpospi98']",1,['atanukumars'],27,"['xchyti10', 'ferodovcik', 'xhlava41', 'market333', 'xstabl01', 'petr391', 'emporio', 'tomicakara', 'pepan186', 'artanis5', 'dasha_lady', 'petrkrizjim', 'yourigh', 'cvesperst', 'xhampl09', 'xschal00', 'xsimak04', 'jan.seginak', None, 'jakubvoscek', 'lukas_hruby', 'kareln', 'dstarh107', 'xflekp01', 'xpnovot23', 'stanislav.lojek', 'xfolty14']",34,"['xkudla14', 'xchyti10', 'ferodovcik', 'xhlava41', 'market333', 'xstabl01', 'petr391', 'emporio', 'tomicakara', 'vojta', 'pepan186', 'atanukumars', 'artanis5', 'dasha_lady', 'xpospi98', 'petrkrizjim', 'yourigh', 'kano.net', 'cvesperst', 'xbrous01', 'xhampl09', 'xschal00', 'xsimak04', 'jan.seginak', None, 'jakubvoscek', 'lukas_hruby', 'kareln', 'dstarh107', 'xvokra01', 'xflekp01', 'xpnovot23', 'stanislav.lojek', 'xfolty14']"
90,2,8,9,7,"['karandikaraseem', 'vijit13bhosle', 'sum2151993', 'manojjha0786', 'prekshasinghvi1995', 'dhruvidgr8', 'rashmiiyengar178']",0,[],2,"['monghimanshu', None]",9,"['monghimanshu', 'prekshasinghvi1995', 'dhruvidgr8', None, 'karandikaraseem', 'vijit13bhosle', 'sum2151993', 'manojjha0786', 'rashmiiyengar178']"
90,337,8,9,7,"['karandikaraseem', 'vijit13bhosle', 'sum2151993', 'manojjha0786', 'prekshasinghvi1995', 'dhruvidgr8', 'rashmiiyengar178']",0,[],2,"['monghimanshu', None]",9,"['monghimanshu', 'prekshasinghvi1995', 'dhruvidgr8', None, 'karandikaraseem', 'vijit13bhosle', 'sum2151993', 'manojjha0786', 'rashmiiyengar178']"
90,210,8,8,7,"['karandikaraseem', 'vijit13bhosle', 'sum2151993', 'manojjha0786', 'prekshasinghvi1995', 'dhruvidgr8', 'rashmiiyengar178']",0,[],1,[None],8,"['karandikaraseem', None, 'vijit13bhosle', 'sum2151993', 'manojjha0786', 'prekshasinghvi1995', 'dhruvidgr8', 'rashmiiyengar178']"
91,74,8,12,1,['krishna.munshi'],6,"['afrin123', 'swati.rohra', 'ankita.rahate', 'amrsha.srivastava', 'minal.patil', 'patel.mitesh']",11,"['nithin.nair', 'sandeep.yadav', 'pawan.gehaney', 'abhay.kshirsagar', 'prachi.more', 'lakshmi.nair', 'vishaakn', 'swapnali.kank', None, 'rajneesh.mishra', 'rupali.patil']",18,"['nithin.nair', 'sandeep.yadav', 'prachi.more', 'lakshmi.nair', 'vishaakn', 'krishna.munshi', None, 'rupali.patil', 'pawan.gehaney', 'abhay.kshirsagar', 'afrin123', 'swati.rohra', 'ankita.rahate', 'swapnali.kank', 'amrsha.srivastava', 'minal.patil', 'patel.mitesh', 'rajneesh.mishra']"
91,78,8,12,1,['minal.patil'],6,"['afrin123', 'swati.rohra', 'ankita.rahate', 'amrsha.srivastava', 'krishna.munshi', 'patel.mitesh']",11,"['pearlie1995', 'rukhsar1996', 'shethyatri', 'neha.achyut', 'aakashgangolli3112', 'jagrutinagaonkar', 'dileepcnair', 'sagar.eidnani', 'vishalchelimela11', 'latuchavan', None]",18,"['rukhsar1996', 'neha.achyut', 'aakashgangolli3112', 'jagrutinagaonkar', 'vishalchelimela11', 'krishna.munshi', None, 'pearlie1995', 'shethyatri', 'afrin123', 'swati.rohra', 'dileepcnair', 'sagar.eidnani', 'ankita.rahate', 'amrsha.srivastava', 'minal.patil', 'latuchavan', 'patel.mitesh']"
91,75,8,9,4,"['minal.patil', 'ankita.rahate', 'patel.mitesh', 'swati.rohra']",3,"['afrin123', 'amrsha.srivastava', 'krishna.munshi']",5,"['abhishek_chaudhari', 'prachi.more', 'sheetal.prajapati', None, 'rajneesh.mishra']",12,"['prachi.more', 'sheetal.prajapati', 'krishna.munshi', None, 'abhishek_chaudhari', 'afrin123', 'swati.rohra', 'ankita.rahate', 'amrsha.srivastava', 'minal.patil', 'patel.mitesh', 'rajneesh.mishra']"
91,76,8,8,4,"['ankita.rahate', 'patel.mitesh', 'amrsha.srivastava', 'swati.rohra']",3,"['minal.patil', 'afrin123', 'krishna.munshi']",4,"['suraj.taigade', 'apurvaraj.singh', None, 'rupali.patil']",11,"['suraj.taigade', 'afrin123', 'swati.rohra', 'ankita.rahate', 'apurvaraj.singh', 'amrsha.srivastava', 'krishna.munshi', 'minal.patil', None, 'patel.mitesh', 'rupali.patil']"
92,269,8,21,7,"['rohitg2810', 'wahmodeajay95', 'humptyrahulgupta', 'vivek.sawant112', 'gopinathghatol91', 'bhoirkun', 'dev.wajekar1394']",0,[],14,"['amey_06', 'dshaikh30', 'pratik08.r', 'poonam31', 'patilsswapnil44.sp', 'dipashreeatwankar', 'keertib96', 'shaikhsarwarali786', 'jitendra', 'akshay.bhosale951', 'ansari.shumaila123', None, 'baljeetsaini2495', 'bprarthu22']",21,"['amey_06', 'poonam31', 'vivek.sawant112', 'gopinathghatol91', 'akshay.bhosale951', 'bhoirkun', None, 'baljeetsaini2495', 'pratik08.r', 'rohitg2810', 'wahmodeajay95', 'humptyrahulgupta', 'patilsswapnil44.sp', 'dipashreeatwankar', 'keertib96', 'shaikhsarwarali786', 'jitendra', 'ansari.shumaila123', 'dev.wajekar1394', 'dshaikh30', 'bprarthu22']"
93,24,8,11,7,"['gonsos', 'andreaaguado', 'luisamz95', 'avastreon', 'maricarmennarvaez', 'romero', 'carmenalcaraz']",0,[],4,"['gemaurbanos', 'sssssss', None, 'mauricio.azzarello']",11,"['mauricio.azzarello', 'gonsos', 'luisamz95', 'avastreon', 'sssssss', 'gemaurbanos', 'carmenalcaraz', None, 'andreaaguado', 'maricarmennarvaez', 'romero']"
93,69,8,11,7,"['gonsos', 'andreaaguado', 'luisamz95', 'avastreon', 'maricarmennarvaez', 'romero', 'carmenalcaraz']",0,[],4,"['gemaurbanos', 'sssssss', None, 'mauricio.azzarello']",11,"['mauricio.azzarello', 'gonsos', 'luisamz95', 'avastreon', 'sssssss', 'gemaurbanos', 'carmenalcaraz', None, 'andreaaguado', 'maricarmennarvaez', 'romero']"
93,218,8,11,7,"['gonsos', 'andreaaguado', 'luisamz95', 'avastreon', 'maricarmennarvaez', 'romero', 'carmenalcaraz']",0,[],4,"['gemaurbanos', 'sssssss', None, 'mauricio.azzarello']",11,"['mauricio.azzarello', 'gonsos', 'luisamz95', 'avastreon', 'sssssss', 'gemaurbanos', 'carmenalcaraz', None, 'andreaaguado', 'maricarmennarvaez', 'romero']"
93,58,8,10,7,"['gonsos', 'andreaaguado', 'luisamz95', 'avastreon', 'maricarmennarvaez', 'romero', 'carmenalcaraz']",0,[],3,"['gemaurbanos', None, 'mauricio.azzarello']",10,"['mauricio.azzarello', 'gonsos', 'luisamz95', 'avastreon', 'gemaurbanos', 'carmenalcaraz', None, 'andreaaguado', 'maricarmennarvaez', 'romero']"
93,70,8,10,7,"['gonsos', 'andreaaguado', 'luisamz95', 'avastreon', 'maricarmennarvaez', 'romero', 'carmenalcaraz']",0,[],3,"['gemaurbanos', None, 'mauricio.azzarello']",10,"['mauricio.azzarello', 'gonsos', 'luisamz95', 'avastreon', 'gemaurbanos', 'carmenalcaraz', None, 'andreaaguado', 'maricarmennarvaez', 'romero']"
94,120,8,47,4,"['aimantajwani', 'musab324', 'stylishteen', 'bilal.qureshi47']",3,"['bakhtawarjawed', 'lbr5660', 'raheel.alam.ansari']",43,"['ramsha008', 'ourooshabutt', 'mohammadhashirbinkhalid', 'hamza3127', 'atekabaqai', 'basimahsan55', 'maheenmazharkhan', 'uroojnaveed32', 'kiranhasankhan', 'm.kashif2806', 'silentloverzya', 'hasanmehmood19', 'sidrakanwal', 'hamzakhan8871', 'barkatullahmughal', 'usamaashraf1995', 'sherry.siddiqui47', 'muneebhassan.hassan55', 'waqhz', 'hinazahid1116', 'talhaahmad123', 'areeha6', 'alihdr20', 'waseembaig10', 'aamir.anwar', 'najamhaniya', 'ah.talal', None, 'aroosaazam25', 'aqsafaarah', 'waqasjaved', 'nimrakhan_nimz', 'bilal.ahm007', 'maryam.baig108', 'rasaasadkhan', 'shahryar.ned', 'afiaahmed.neduet', 'manzoor.hyder', 'photography.saaz', 'syedhasnain255', 'miqbal.2017', 'munwarali123', '95kamaal']",50,"['ramsha008', 'stylishteen', 'ourooshabutt', 'mohammadhashirbinkhalid', 'hamza3127', 'atekabaqai', 'basimahsan55', 'maheenmazharkhan', 'uroojnaveed32', 'kiranhasankhan', 'm.kashif2806', 'lbr5660', 'silentloverzya', 'hasanmehmood19', 'bakhtawarjawed', 'munwarali123', 'sidrakanwal', 'hamzakhan8871', 'barkatullahmughal', 'usamaashraf1995', 'sherry.siddiqui47', 'muneebhassan.hassan55', 'waqhz', 'hinazahid1116', 'aimantajwani', 'musab324', 'talhaahmad123', 'areeha6', 'alihdr20', 'waseembaig10', 'najamhaniya', 'ah.talal', None, 'aroosaazam25', 'aqsafaarah', 'waqasjaved', 'nimrakhan_nimz', 'bilal.qureshi47', 'bilal.ahm007', 'maryam.baig108', 'rasaasadkhan', 'shahryar.ned', 'raheel.alam.ansari', 'afiaahmed.neduet', 'manzoor.hyder', 'photography.saaz', 'syedhasnain255', 'miqbal.2017', 'aamir.anwar', '95kamaal']"
94,121,8,15,3,"['bakhtawarjawed', 'lbr5660', 'raheel.alam.ansari']",4,"['aimantajwani', 'musab324', 'stylishteen', 'bilal.qureshi47']",12,"['waqasjaved', 'hinazahid1116', 'mmeng07', 'another.taha', 'atekabaqai', 'sidrakanwal', 'najamhaniya', 'asadnaveed06', 'ah.talal', 'munwarali123', None, 'kiranhasankhan']",19,"['stylishteen', 'hinazahid1116', 'aimantajwani', 'musab324', 'mmeng07', 'another.taha', 'atekabaqai', 'najamhaniya', 'ah.talal', None, 'kiranhasankhan', 'waqasjaved', 'lbr5660', 'bilal.qureshi47', 'raheel.alam.ansari', 'bakhtawarjawed', 'sidrakanwal', 'asadnaveed06', 'munwarali123']"
94,303,8,15,3,"['bakhtawarjawed', 'lbr5660', 'raheel.alam.ansari']",4,"['aimantajwani', 'musab324', 'stylishteen', 'bilal.qureshi47']",12,"['aymenak100', 'aqsashamim', 'waqasjaved', 'alisha123sal', 'shahryar.ned', 'atekabaqai', 'asadusmani974', 'basimahsan55', 'sidrakanwal', 'maryammunib676', 'munwarali123', None]",19,"['stylishteen', 'alisha123sal', 'aimantajwani', 'musab324', 'atekabaqai', 'basimahsan55', None, 'aymenak100', 'aqsashamim', 'waqasjaved', 'lbr5660', 'bilal.qureshi47', 'shahryar.ned', 'raheel.alam.ansari', 'asadusmani974', 'bakhtawarjawed', 'sidrakanwal', 'maryammunib676', 'munwarali123']"
94,122,8,14,2,"['aimantajwani', 'bilal.qureshi47']",5,"['stylishteen', 'lbr5660', 'musab324', 'raheel.alam.ansari', 'bakhtawarjawed']",12,"['alirazzaque', 'rasaasadkhan', 'shahryar.ned', 'atekabaqai', 'usamaashraf1995', 'basimahsan55', 'najamhaniya', 'syedhasnain255', 'munwarali123', None, 'asadnaveed06', '95kamaal']",19,"['stylishteen', 'aimantajwani', 'musab324', 'atekabaqai', 'basimahsan55', 'najamhaniya', None, 'lbr5660', 'bilal.qureshi47', 'alirazzaque', 'rasaasadkhan', 'shahryar.ned', 'raheel.alam.ansari', 'usamaashraf1995', 'bakhtawarjawed', 'syedhasnain255', 'munwarali123', 'asadnaveed06', '95kamaal']"
94,304,8,14,6,"['stylishteen', 'bilal.qureshi47', 'aimantajwani', 'musab324', 'raheel.alam.ansari', 'bakhtawarjawed']",1,['lbr5660'],8,"['aymenak100', 'g26.fyp', 'farabaftab2', 'rasaasadkhan', 'asadusmani974', 'atekabaqai', None, 'kiranhasankhan']",15,"['stylishteen', 'g26.fyp', 'aimantajwani', 'musab324', 'atekabaqai', None, 'kiranhasankhan', 'aymenak100', 'lbr5660', 'bilal.qureshi47', 'farabaftab2', 'rasaasadkhan', 'asadusmani974', 'raheel.alam.ansari', 'bakhtawarjawed']"
94,305,8,8,2,"['stylishteen', 'raheel.alam.ansari']",5,"['bilal.qureshi47', 'lbr5660', 'aimantajwani', 'musab324', 'bakhtawarjawed']",6,"['aymenak100', 'mhamzakhan009', 'sidrakanwal', 'affankhan9191', None, 'kiranhasankhan']",13,"['aymenak100', 'stylishteen', 'lbr5660', 'bilal.qureshi47', 'mhamzakhan009', 'aimantajwani', 'musab324', 'raheel.alam.ansari', 'bakhtawarjawed', 'sidrakanwal', 'affankhan9191', None, 'kiranhasankhan']"
95,145,8,8,4,"['hgrewal', 'heyiamparth', 'jaypatel8110', 'jayfullerton8110']",3,"['tanbaoaiyuer', 'ashwinik09', 'breonna12']",4,"['802964544_abdul', 'yubai.2003', None, 'zengmuhan']",11,"['heyiamparth', '802964544_abdul', 'zengmuhan', 'hgrewal', 'jayfullerton8110', 'tanbaoaiyuer', 'yubai.2003', 'ashwinik09', 'breonna12', 'jaypatel8110', None]"
96,159,8,29,1,['jessab'],6,"['ubhaskar', 'starmoonsundragonfire', 'mbooker33', 'bishu', 'belz.7', 'subhali.teddy']",28,"['marshall.chiulli', 'nmiller95', 'antural', 'speedy109', 'jmbohorques', 'mingmingrr', 'wespiard', 'carlosniko', 'kbarta', 'arielrr', 'robertcorso97', 'rcobb7', 'saavedradavid92', 'phrich', 'ajcarew', 'mfalgons94', 'gcamp703', 'aperera208', 'dshamir', 'coreyrn8', 'bfieldson', None, 'barryhu', 'rsiddique94', 'vare23540', 'kjfitzgerald', 'madisonbreese', 'ruixue']",35,"['mbooker33', 'marshall.chiulli', 'nmiller95', 'antural', 'speedy109', 'jmbohorques', 'mingmingrr', 'wespiard', 'ubhaskar', 'carlosniko', 'bishu', 'kbarta', 'arielrr', 'robertcorso97', 'rcobb7', 'saavedradavid92', 'phrich', 'ajcarew', 'mfalgons94', 'starmoonsundragonfire', 'belz.7', 'gcamp703', 'aperera208', 'dshamir', 'coreyrn8', 'bfieldson', None, 'barryhu', 'subhali.teddy', 'rsiddique94', 'vare23540', 'kjfitzgerald', 'jessab', 'madisonbreese', 'ruixue']"
97,45,8,9,6,"['javiernavarro.lazos', 'pablovenegas777', 'davidmfloresf', 'hcanarte95', 'ivanzamora27', 'jesus117']",1,['hskindell42'],3,"['gustavoorna2', None, 'pancho.fg23']",10,"['pancho.fg23', 'pablovenegas777', 'davidmfloresf', 'hcanarte95', 'gustavoorna2', None, 'javiernavarro.lazos', 'hskindell42', 'ivanzamora27', 'jesus117']"
98,16,8,13,5,"['bongwhan12', 'qpqp072472', 'sunn210', '1022jinhee', 'kjt93']",2,"['rmsdn7057', 'miiinji']",8,"['skzl34', 'krleesd92', 'dwm0530.mj', 'ehdfuf_1203', 'guheak92', 'gwoo7057', None, 'bongwhan123']",15,"['skzl34', 'qpqp072472', 'krleesd92', 'rmsdn7057', 'dwm0530.mj', 'ehdfuf_1203', 'bongwhan123', 'gwoo7057', None, 'bongwhan12', 'sunn210', '1022jinhee', 'miiinji', 'guheak92', 'kjt93']"
98,12,8,12,4,"['kjt93', 'sunn210', '1022jinhee', 'qpqp072472']",3,"['bongwhan12', 'rmsdn7057', 'miiinji']",8,"['skzl34', 'ehdfuf_1203', 'mvert157', 'dwm0530.mj', 'injahgi', 'mrcsm200', None, 'bongwhan123']",15,"['skzl34', 'qpqp072472', 'mvert157', 'rmsdn7057', 'dwm0530.mj', 'injahgi', 'ehdfuf_1203', 'bongwhan123', None, 'bongwhan12', 'sunn210', '1022jinhee', 'miiinji', 'mrcsm200', 'kjt93']"
98,23,8,10,7,"['bongwhan12', 'qpqp072472', 'sunn210', '1022jinhee', 'rmsdn7057', 'miiinji', 'kjt93']",0,[],3,"['skzl34', None, 'krleesd92']",10,"['skzl34', 'qpqp072472', 'krleesd92', 'rmsdn7057', None, 'bongwhan12', 'sunn210', '1022jinhee', 'miiinji', 'kjt93']"
98,19,8,8,7,"['bongwhan12', 'qpqp072472', 'sunn210', '1022jinhee', 'rmsdn7057', 'miiinji', 'kjt93']",0,[],1,[None],8,"['bongwhan12', 'qpqp072472', 'sunn210', '1022jinhee', 'rmsdn7057', 'miiinji', None, 'kjt93']"
98,29,8,8,7,"['bongwhan12', 'qpqp072472', 'sunn210', '1022jinhee', 'rmsdn7057', 'miiinji', 'kjt93']",0,[],1,[None],8,"['bongwhan12', 'qpqp072472', 'sunn210', '1022jinhee', 'rmsdn7057', 'miiinji', None, 'kjt93']"
98,28,8,7,6,"['bongwhan12', 'qpqp072472', '1022jinhee', 'rmsdn7057', 'miiinji', 'kjt93']",1,['sunn210'],1,[None],8,"['bongwhan12', 'qpqp072472', 'sunn210', '1022jinhee', 'rmsdn7057', 'miiinji', None, 'kjt93']"
99,7,8,12,2,"['baagii_homie', 'rentsen5555']",5,"['gprodan', 'bphiggins', 'tserendejida', 'cosmi1989', 'grekastelios']",10,"['erhme', 'yusuu1', None, 'suhboldb', 'galaaf18', 'solidarity_sika', 'cchingis99', 'dashpeljee37', 'enhjin.ilmg', 'dash.dashdemberel']",17,"['erhme', 'bphiggins', 'yusuu1', 'baagii_homie', 'galaaf18', 'tserendejida', 'suhboldb', 'cosmi1989', 'solidarity_sika', 'cchingis99', None, 'enhjin.ilmg', 'gprodan', 'rentsen5555', 'grekastelios', 'dashpeljee37', 'dash.dashdemberel']"
100,168,8,15,3,"['mohamed.maher1', 'islammaher4', 'momohamada_2010']",4,"['jorge.pinto.clix', 'abhijeet.rama', 'naikabhijeet.a', 'funway']",12,"['hkolaly', 'mahmoudsherif2010', 'moh_badr', 'ahmed9891', 'devices', 'm.kamel.m.h', 'ahhamed93', 'ahmedyasser', 'mohamed.maher', None, 'mohamede', 'hassan93']",19,"['momohamada_2010', 'hkolaly', 'moh_badr', 'm.kamel.m.h', 'islammaher4', None, 'hassan93', 'jorge.pinto.clix', 'funway', 'naikabhijeet.a', 'mahmoudsherif2010', 'ahmed9891', 'mohamed.maher1', 'devices', 'ahhamed93', 'abhijeet.rama', 'mohamed.maher', 'ahmedyasser', 'mohamede']"
100,169,8,8,1,['funway'],6,"['jorge.pinto.clix', 'momohamada_2010', 'naikabhijeet.a', 'mohamed.maher1', 'islammaher4', 'abhijeet.rama']",7,"['moyi', 'hanl', 'zztt93', None, 'yandongluo', 'goutham93', 'namarathe']",14,"['jorge.pinto.clix', 'moyi', 'momohamada_2010', 'funway', 'naikabhijeet.a', 'mohamed.maher1', 'hanl', 'islammaher4', 'abhijeet.rama', 'zztt93', None, 'yandongluo', 'goutham93', 'namarathe']"
103,215,7,8,5,"['pan112', 'ngaurav', 'yong1', 'qpatke', 'miramont']",1,['qzmdtc1993'],3,"[None, 'kohlerc', 'maissa']",9,"['pan112', 'kohlerc', 'qzmdtc1993', 'ngaurav', None, 'maissa', 'yong1', 'qpatke', 'miramont']"
104,202,7,7,6,"['aureliojgc', 'yan13', 'pepemanolol', 'luisperezmas', 'kliuf', 'erikski']",0,[],1,[None],7,"['erikski', 'aureliojgc', 'yan13', None, 'luisperezmas', 'kliuf', 'pepemanolol']"
104,281,7,7,6,"['aureliojgc', 'yan13', 'pepemanolol', 'luisperezmas', 'kliuf', 'erikski']",0,[],1,[None],7,"['erikski', 'aureliojgc', 'yan13', None, 'luisperezmas', 'kliuf', 'pepemanolol']"
104,285,7,7,6,"['aureliojgc', 'yan13', 'pepemanolol', 'luisperezmas', 'kliuf', 'erikski']",0,[],1,[None],7,"['erikski', 'aureliojgc', 'yan13', None, 'luisperezmas', 'kliuf', 'pepemanolol']"
105,272,7,8,5,"['mayank95', 'y900026', 'reubenharuray', 'puneetgupta896', 'simant.sk6']",1,['pinkinegi922'],3,"[None, 'dileepgupta85', 'ashish.maan0']",9,"['mayank95', 'ashish.maan0', 'y900026', 'reubenharuray', 'puneetgupta896', 'simant.sk6', 'dileepgupta85', None, 'pinkinegi922']"
107,120,7,47,6,"['nimrakhan_nimz', 'ourooshabutt', 'bilal.ahm007', 'afiaahmed.neduet', 'hasanmehmood19', 'mohammadhashirbinkhalid']",0,[],41,"['ramsha008', 'stylishteen', 'hamza3127', 'atekabaqai', 'basimahsan55', 'maheenmazharkhan', 'uroojnaveed32', 'kiranhasankhan', 'm.kashif2806', 'silentloverzya', 'sidrakanwal', 'hamzakhan8871', 'barkatullahmughal', 'usamaashraf1995', 'sherry.siddiqui47', 'muneebhassan.hassan55', 'waqhz', 'hinazahid1116', 'talhaahmad123', 'musab324', 'areeha6', 'alihdr20', 'aimantajwani', 'waseembaig10', 'aamir.anwar', 'najamhaniya', 'ah.talal', None, 'aroosaazam25', 'aqsafaarah', 'waqasjaved', 'bilal.qureshi47', 'maryam.baig108', 'rasaasadkhan', 'shahryar.ned', 'manzoor.hyder', 'photography.saaz', 'syedhasnain255', 'miqbal.2017', 'munwarali123', '95kamaal']",47,"['ramsha008', 'stylishteen', 'ourooshabutt', 'mohammadhashirbinkhalid', 'hamza3127', 'atekabaqai', 'basimahsan55', 'maheenmazharkhan', 'uroojnaveed32', 'kiranhasankhan', 'm.kashif2806', 'silentloverzya', 'hasanmehmood19', 'munwarali123', 'sidrakanwal', 'hamzakhan8871', 'barkatullahmughal', 'usamaashraf1995', 'sherry.siddiqui47', 'muneebhassan.hassan55', 'waqhz', 'hinazahid1116', 'talhaahmad123', 'musab324', 'areeha6', 'alihdr20', 'aimantajwani', 'waseembaig10', 'najamhaniya', 'ah.talal', None, 'aroosaazam25', 'aqsafaarah', 'waqasjaved', 'nimrakhan_nimz', 'bilal.qureshi47', 'bilal.ahm007', 'maryam.baig108', 'rasaasadkhan', 'afiaahmed.neduet', 'shahryar.ned', 'manzoor.hyder', 'photography.saaz', 'syedhasnain255', 'miqbal.2017', 'aamir.anwar', '95kamaal']"
110,247,7,28,1,['davidpalm7'],5,"['siu850000376', 'siu851019847', 'ryanburns', 'jisulee', 'unbrokenstring']",27,"['rongfengyuan', 'dcorral', 'romoko', 'siminguo', 'ayang99', 'martakrason', 'lyk', 'theuser7', 'jraiford', 'halpert', 'thowarth', None, 'jnishida', 'liuwenyi0828', 'mcconohy', 'munjaewan', 'jvalery', 'jamesmlmiller', 'pbherman', 'ddyrda159753', 'micha.bennaim', 'mgonnet', 'ddewitt9', 'chingyinglu89', 'gm2455755155', 'qinglinyang', 'bnhuang94']",33,"['siu850000376', 'davidpalm7', 'romoko', 'siminguo', 'ayang99', 'jraiford', 'jnishida', 'unbrokenstring', 'jamesmlmiller', 'siu851019847', 'chingyinglu89', 'ddyrda159753', 'mgonnet', 'ddewitt9', 'gm2455755155', 'qinglinyang', 'rongfengyuan', 'dcorral', 'lyk', 'martakrason', 'theuser7', 'halpert', 'thowarth', None, 'liuwenyi0828', 'jisulee', 'mcconohy', 'munjaewan', 'jvalery', 'pbherman', 'micha.bennaim', 'ryanburns', 'bnhuang94']"
113,170,7,22,1,['moyi'],5,"['valentinameli123', 'mehulhariya268', 'frafer92f', 'fkaus', 'zztt93']",21,"['azizian', 'sudheer_ucla', 'fmancillas', 'lancetty', 'jpsant2006', 'peggyjiang369', 'shuhuang92', 'partia', 'qq1135341294', 'aghajavad', 'johnsonliu0406', 'hanl', 'kit.hui.796', None, 'kannankt', 'sudheer1994', 'zse0148', 'pranavambhore', 'jwoli2003', 'yandongluo', 'namarathe']",27,"['moyi', 'valentinameli123', 'mehulhariya268', 'azizian', 'peggyjiang369', 'shuhuang92', 'partia', 'qq1135341294', 'aghajavad', 'johnsonliu0406', 'sudheer_ucla', 'hanl', 'kit.hui.796', None, 'kannankt', 'sudheer1994', 'zse0148', 'fmancillas', 'pranavambhore', 'jwoli2003', 'frafer92f', 'fkaus', 'lancetty', 'jpsant2006', 'zztt93', 'yandongluo', 'namarathe']"
113,169,7,8,2,"['moyi', 'zztt93']",4,"['frafer92f', 'valentinameli123', 'mehulhariya268', 'fkaus']",6,"['funway', None, 'hanl', 'goutham93', 'yandongluo', 'namarathe']",12,"['moyi', 'valentinameli123', 'mehulhariya268', 'funway', 'frafer92f', 'fkaus', 'hanl', 'zztt93', None, 'yandongluo', 'goutham93', 'namarathe']"
114,139,7,54,1,['yeshiwasu'],5,"['beltranelliot', 'jmroger8', 'martin1994', 'mecopela', 'dr.grigori']",53,"['tohen12', 'michael_vis', 'erez.ancho1', 'nirzi33', 'shlomimakro', 'odedyosef', 'arbela8', '122guy122', 'tomerpal', 'michal.balberg', 'maorbenshimon', 'danielgori11', 'katyagulitski', 'matann', 'amir.koifman', 'kong', 'lieloren', 'eyms121', 'ilan', 'mhalevy89', 'unix.matias', 'mamounbatheesh', 'avibenoni', 'gevrosenthal', 'yarin', 'oren12333', 'liron123', 'lior0086', 'duga4duga', 'samuel1991', 'smimipar', 'kiper', 'galshitrit', 'dinorxd123', 'kfir', 'roymoran1', 'nadia14297', 'elads', 'amitsason1', 'mor26', None, 'nloogs', 'ofeknitzan1', 'haim.avraham23', 'tomerbrick', 'cohenor96', 'nadavkugman', 'misha2412', 'aviramh25', 'wow979', 'netanell', 'dimaa17', 'maorishakov25397']",59,"['tohen12', 'michael_vis', 'erez.ancho1', 'nirzi33', 'shlomimakro', 'odedyosef', 'arbela8', '122guy122', 'tomerpal', 'jmroger8', 'michal.balberg', 'martin1994', 'maorbenshimon', 'danielgori11', 'mecopela', 'katyagulitski', 'matann', 'dimaa17', 'amir.koifman', 'kong', 'lieloren', 'eyms121', 'ilan', 'mhalevy89', 'unix.matias', 'mamounbatheesh', 'avibenoni', 'gevrosenthal', 'yarin', 'dr.grigori', 'oren12333', 'liron123', 'lior0086', 'duga4duga', 'samuel1991', 'smimipar', 'kiper', 'galshitrit', 'dinorxd123', 'kfir', 'roymoran1', 'nadia14297', 'elads', 'amitsason1', None, 'yeshiwasu', 'nloogs', 'ofeknitzan1', 'haim.avraham23', 'beltranelliot', 'tomerbrick', 'cohenor96', 'nadavkugman', 'misha2412', 'aviramh25', 'wow979', 'netanell', 'mor26', 'maorishakov25397']"
114,51,7,51,4,"['beltranelliot', 'martin1994', 'jmroger8', 'mecopela']",2,"['yeshiwasu', 'dr.grigori']",47,"['eddielemus61', 'songwarm', 'lsun47', 'bonecrusher', 'agrula', 'chenjiachao1105', 'btostberg', 'ctsmit17', 'jchen258', 'jkeomany', 'itvogt', 'damoren7', 'ijuarez2', 'jfherna', 'cdconner', 'kawickha', 'cnmarrs', 'bshehab', 'jjkinney', 'ndgardne', 'wyusuf', 'xypherade', 'jgivler', 'austinluo', 'hbasurto', 'tkadyrov', 'sgerrish', 'egramlin', 'alexhaws7', 'srmills1', 'aaboytes', 'janels22', 'adjohn16', 'salaar90', None, 'tjmurph6', 'makkara', 'divyanshukhare', 'racunabr', 'oyanine', 'jgsilva1', 'nmarafie', 'nlcarbal', 'aaamer', 'smatherl', 'dineshsilva003', 'whowald']",53,"['eddielemus61', 'songwarm', 'lsun47', 'bonecrusher', 'agrula', 'chenjiachao1105', 'btostberg', 'jmroger8', 'ctsmit17', 'jchen258', 'martin1994', 'mecopela', 'jkeomany', 'itvogt', 'damoren7', 'ijuarez2', 'jfherna', 'cdconner', 'kawickha', 'cnmarrs', 'bshehab', 'jjkinney', 'ndgardne', 'wyusuf', 'xypherade', 'jgivler', 'dr.grigori', 'austinluo', 'hbasurto', 'tkadyrov', 'sgerrish', 'egramlin', 'alexhaws7', 'srmills1', 'aaboytes', 'janels22', 'adjohn16', 'salaar90', 'yeshiwasu', None, 'tjmurph6', 'makkara', 'divyanshukhare', 'racunabr', 'oyanine', 'beltranelliot', 'jgsilva1', 'nmarafie', 'nlcarbal', 'aaamer', 'smatherl', 'dineshsilva003', 'whowald']"
114,138,7,22,4,"['beltranelliot', 'martin1994', 'jmroger8', 'mecopela']",2,"['yeshiwasu', 'dr.grigori']",18,"['eddielemus61', 'kawickha', 'bshehab', 'egramlin', 'lsun47', 'sgerrish', 'ndgardne', 'srmills1', 'btostberg', 'xypherade', 'ctsmit17', 'jgivler', 'aaboytes', 'janels22', 'amanda.k.smith', 'adjohn16', 'whowald', None]",24,"['eddielemus61', 'egramlin', 'lsun47', 'sgerrish', 'srmills1', 'btostberg', 'jmroger8', 'ctsmit17', 'aaboytes', 'martin1994', 'janels22', 'mecopela', 'amanda.k.smith', 'adjohn16', None, 'yeshiwasu', 'kawickha', 'bshehab', 'beltranelliot', 'ndgardne', 'xypherade', 'jgivler', 'whowald', 'dr.grigori']"
115,298,7,7,4,"['mohamadasar.93', 'sahar.alrabeiy', 'mahmoudmohamed19900', 'nourhan.hazem']",2,"['m.a.elsayed', 'woncheol.lee.14']",3,"['salma.sedky92', 'alaa_asem91', None]",9,"['mahmoudmohamed19900', 'm.a.elsayed', None, 'salma.sedky92', 'alaa_asem91', 'nourhan.hazem', 'mohamadasar.93', 'sahar.alrabeiy', 'woncheol.lee.14']"
116,90,7,7,5,"['murray_a', 'roya_naderi', 'micdebwor', 'royanaderi12690', 'micdebwor2']",1,['davidcere'],2,"['aoloye', None]",8,"['murray_a', 'roya_naderi', 'micdebwor', 'davidcere', 'aoloye', 'royanaderi12690', None, 'micdebwor2']"
118,81,7,18,4,"['purva.desai', 'rupali.patil', 'neha.achyut', 'gauri.sahoo']",2,"['akshaybhor062', 'sanika.dongre']",14,"['jaidevdalvi', 'komal31p', 'shreya.mahajan', 'shailesh.deshmukh', None, 'nikhita.bhole', 'doshishrut1995', 'avnish.bhatt', 'mehtajinal3101', 'nileshkartik95', 'dhruv.gajaria95', 'obalgi3095', 'lata.chavan', 'priyankapandya19']",20,"['komal31p', 'sanika.dongre', 'neha.achyut', 'purva.desai', 'nikhita.bhole', 'doshishrut1995', 'avnish.bhatt', 'nileshkartik95', 'gauri.sahoo', 'dhruv.gajaria95', 'obalgi3095', 'lata.chavan', None, 'rupali.patil', 'shreya.mahajan', 'jaidevdalvi', 'shailesh.deshmukh', 'mehtajinal3101', 'akshaybhor062', 'priyankapandya19']"
118,74,7,12,1,['rupali.patil'],5,"['neha.achyut', 'sanika.dongre', 'purva.desai', 'akshaybhor062', 'gauri.sahoo']",11,"['nithin.nair', 'sandeep.yadav', 'pawan.gehaney', 'abhay.kshirsagar', 'prachi.more', 'lakshmi.nair', 'vishaakn', 'swapnali.kank', 'krishna.munshi', None, 'rajneesh.mishra']",17,"['nithin.nair', 'sandeep.yadav', 'sanika.dongre', 'neha.achyut', 'prachi.more', 'purva.desai', 'lakshmi.nair', 'vishaakn', 'gauri.sahoo', 'krishna.munshi', None, 'rupali.patil', 'pawan.gehaney', 'abhay.kshirsagar', 'akshaybhor062', 'swapnali.kank', 'rajneesh.mishra']"
118,78,7,12,1,['neha.achyut'],5,"['sanika.dongre', 'purva.desai', 'akshaybhor062', 'gauri.sahoo', 'rupali.patil']",11,"['pearlie1995', 'rukhsar1996', 'shethyatri', 'aakashgangolli3112', 'jagrutinagaonkar', 'dileepcnair', 'sagar.eidnani', 'vishalchelimela11', 'minal.patil', 'latuchavan', None]",17,"['rukhsar1996', 'sanika.dongre', 'neha.achyut', 'purva.desai', 'aakashgangolli3112', 'jagrutinagaonkar', 'vishalchelimela11', 'gauri.sahoo', None, 'rupali.patil', 'pearlie1995', 'shethyatri', 'dileepcnair', 'sagar.eidnani', 'akshaybhor062', 'minal.patil', 'latuchavan']"
118,83,7,9,3,"['neha.achyut', 'sanika.dongre', 'gauri.sahoo']",3,"['purva.desai', 'akshaybhor062', 'rupali.patil']",6,"['ritesh.shukla', 'prerana.chafekar', 'shriya.sharma', 'pooja.ayare', 'nikhita.bhole', None]",12,"['sanika.dongre', 'neha.achyut', 'ritesh.shukla', 'purva.desai', 'shriya.sharma', 'pooja.ayare', 'prerana.chafekar', 'nikhita.bhole', 'akshaybhor062', 'gauri.sahoo', None, 'rupali.patil']"
118,84,7,9,2,"['purva.desai', 'sanika.dongre']",4,"['akshaybhor062', 'rupali.patil', 'neha.achyut', 'gauri.sahoo']",7,"['apoorva160396', 'prachi.more', 'nikhita.bhole', 'divya.upalekar', 'umang.bilaney', 'mukul.kulkarni', None]",13,"['sanika.dongre', 'neha.achyut', 'apoorva160396', 'purva.desai', 'prachi.more', 'nikhita.bhole', 'divya.upalekar', 'umang.bilaney', 'akshaybhor062', 'gauri.sahoo', 'mukul.kulkarni', None, 'rupali.patil']"
118,76,7,8,1,['rupali.patil'],5,"['neha.achyut', 'sanika.dongre', 'purva.desai', 'akshaybhor062', 'gauri.sahoo']",7,"['suraj.taigade', 'swati.rohra', 'ankita.rahate', 'apurvaraj.singh', 'amrsha.srivastava', None, 'patel.mitesh']",13,"['sanika.dongre', 'neha.achyut', 'purva.desai', 'suraj.taigade', 'swati.rohra', 'akshaybhor062', 'ankita.rahate', 'apurvaraj.singh', 'amrsha.srivastava', 'gauri.sahoo', None, 'patel.mitesh', 'rupali.patil']"
118,82,7,7,1,['gauri.sahoo'],5,"['neha.achyut', 'sanika.dongre', 'purva.desai', 'akshaybhor062', 'rupali.patil']",6,"['jayjadav08', 'ritesh.shukla', 'prachi.more', 'jay.parsana', 'amit_j', None]",12,"['sanika.dongre', 'neha.achyut', 'ritesh.shukla', 'purva.desai', 'jayjadav08', 'prachi.more', 'akshaybhor062', 'jay.parsana', 'amit_j', 'gauri.sahoo', None, 'rupali.patil']"
118,85,7,7,2,"['purva.desai', 'sanika.dongre']",4,"['akshaybhor062', 'rupali.patil', 'neha.achyut', 'gauri.sahoo']",5,"['jay.anjankar', 'lakshmi.nair', 'sagar.eidnani', 'swapnali.kank', None]",11,"['jay.anjankar', 'sanika.dongre', 'neha.achyut', 'purva.desai', 'lakshmi.nair', 'sagar.eidnani', 'akshaybhor062', 'swapnali.kank', 'gauri.sahoo', None, 'rupali.patil']"
119,189,6,6,5,"['mhatre.saurabh8', 'luxcozibaniyan', 'pratik.lots', 'rupeshirkar11', 'utkarshmhatre123']",0,[],1,[None],6,"['mhatre.saurabh8', 'luxcozibaniyan', 'pratik.lots', 'rupeshirkar11', 'utkarshmhatre123', None]"
121,300,6,26,1,['ag4806'],4,"['picture3017', 'g0tanks', 'q124067029', 'dylan236875']",25,"['amanmahato', 'niketheace', 'apf312', 'hw1456', 'jc7198', 'zhuchenglong123', 'jws_nano', 'qz736', 'pnd218', 'tct276', 'yx1330', 'dhrn182', 'ws1283', None, 'nr1529', 'ey651', 'hz1436', 'shaloo', 'mn2238', 'akshysr15', 'arunparth', 'uns204', 'gz573', 'chs397', 'srivastava15akshay']",30,"['amanmahato', 'picture3017', 'niketheace', 'apf312', 'hw1456', 'jc7198', 'zhuchenglong123', 'jws_nano', 'qz736', 'g0tanks', 'pnd218', 'tct276', 'yx1330', 'dhrn182', 'ws1283', 'dylan236875', None, 'q124067029', 'nr1529', 'ey651', 'hz1436', 'shaloo', 'mn2238', 'akshysr15', 'arunparth', 'uns204', 'ag4806', 'chs397', 'gz573', 'srivastava15akshay']"
122,371,6,50,1,['apgremau'],4,"['kebygate', 'resiles', 'pierrig', 'cbrevels']",49,"['njbaugh', 'emharri5', 'jpmauthe', 'kmgoldbe', 'mefergio', 'lnta2', 'mfreardo', 'mjgoodri', 'kzemery', 'akprys', 'haileyk950519', 'bduyle', 'skmarkh2', 'faisa1k', 'ajhenso2', 'ccbowden', 'jmvelasq', 'scledbet', 'skstewa3', 'bsdonald', 'awchu', 'lmfrison', 'aswalla2', 'earodrig', 'lmgardne', 'kcloete', 'tdrzzle', 'rrgoh', 'apbergma', 'talebbatis', 'zrdavis2', 'elliebscott', 'vrkumar', 'trophytime96', None, 'iandowding', 'plplasko', 'wdbrown2', 'kmmanche', 'kjkronk', 'tkcruick', 'tbatis', 'amrozell', 'crburne4', 'ablesane', 'kgdunsto', 'ctrocker', 'jlhamm', 'aecarbon']",54,"['njbaugh', 'emharri5', 'jpmauthe', 'kmgoldbe', 'mefergio', 'lnta2', 'mfreardo', 'mjgoodri', 'kzemery', 'akprys', 'haileyk950519', 'bduyle', 'skmarkh2', 'faisa1k', 'ajhenso2', 'ccbowden', 'cbrevels', 'jmvelasq', 'scledbet', 'skstewa3', 'bsdonald', 'awchu', 'lmfrison', 'aswalla2', 'earodrig', 'lmgardne', 'kcloete', 'tdrzzle', 'rrgoh', 'apbergma', 'talebbatis', 'zrdavis2', 'elliebscott', 'vrkumar', 'pierrig', 'trophytime96', None, 'iandowding', 'kebygate', 'plplasko', 'wdbrown2', 'kmmanche', 'kjkronk', 'tkcruick', 'tbatis', 'apgremau', 'amrozell', 'crburne4', 'ablesane', 'kgdunsto', 'ctrocker', 'resiles', 'jlhamm', 'aecarbon']"
122,370,6,10,3,"['kebygate', 'apgremau', 'cbrevels']",2,"['resiles', 'pierrig']",7,"['kmgoldbe', 'scledbet', 'mjgoodri', 'zrdavis2', 'aswalla2', 'jlapin', None]",12,"['kebygate', 'cbrevels', 'kmgoldbe', 'jlapin', 'scledbet', 'mjgoodri', 'apgremau', 'zrdavis2', 'pierrig', 'aswalla2', 'resiles', None]"
123,367,6,16,1,['strcroft2'],4,"['fedotov.alehandro', 'aeldpm1616', 'ng13', 'gw0232']",15,"['nickcarter', 'andrescorrea', 'kody3133', 'jfreilich', 'alejandromontoya', 'codylynde', 'twinters', 'mitchellleibowitz', 'strcroft', 'seanokelley', 'yaizarodriguezortego', 'arminmirahcic', 'riccardotorsi', None, 'addielupercio']",20,"['strcroft2', 'kody3133', 'ng13', 'addielupercio', 'yaizarodriguezortego', 'arminmirahcic', 'riccardotorsi', 'codylynde', None, 'nickcarter', 'andrescorrea', 'jfreilich', 'alejandromontoya', 'twinters', 'gw0232', 'mitchellleibowitz', 'strcroft', 'aeldpm1616', 'seanokelley', 'fedotov.alehandro']"
125,91,6,11,5,"['fv10142', 'rparke06', 'lucabonatti93', 'nicolasgarois', 'pgilbert3']",0,[],6,"['zmarti01', 'ldjumas', 'cysun', 'leichihou', None, 'rob10campbell']",11,"['fv10142', 'rparke06', 'zmarti01', 'ldjumas', 'cysun', 'lucabonatti93', 'pgilbert3', None, 'nicolasgarois', 'leichihou', 'rob10campbell']"
125,286,6,11,5,"['fv10142', 'rparke06', 'lucabonatti93', 'nicolasgarois', 'pgilbert3']",0,[],6,"['zmarti01', 'ldjumas', 'cysun', 'leichihou', None, 'rob10campbell']",11,"['fv10142', 'rparke06', 'zmarti01', 'ldjumas', 'cysun', 'lucabonatti93', 'pgilbert3', None, 'nicolasgarois', 'leichihou', 'rob10campbell']"
125,326,6,11,5,"['fv10142', 'rparke06', 'lucabonatti93', 'nicolasgarois', 'pgilbert3']",0,[],6,"['zmarti01', 'ldjumas', 'cysun', 'leichihou', None, 'rob10campbell']",11,"['fv10142', 'rparke06', 'zmarti01', 'ldjumas', 'cysun', 'lucabonatti93', 'pgilbert3', None, 'nicolasgarois', 'leichihou', 'rob10campbell']"
126,357,6,19,3,"['wadekarprathamesh786', 'jainhp95', 'tpbp135']",2,"['bgupta437', 'ankur.rana091']",16,"['ishitameshram09', 'drsharma886', 'abhiaksh', 'sameerpawar007', 'kalpeshgk4', 'ashish2012', 'beyonce711', 'vikaskale402', 'shubham.aher316', 'sortekiran', 'yugandharawale25', 'vapande3006', 'yogita9218', 'amruta.kolekar24', None, 'pkekan2']",21,"['wadekarprathamesh786', 'ishitameshram09', 'abhiaksh', 'beyonce711', 'vikaskale402', 'jainhp95', 'sortekiran', 'shubham.aher316', 'tpbp135', 'yogita9218', None, 'ashish2012', 'drsharma886', 'ankur.rana091', 'sameerpawar007', 'kalpeshgk4', 'bgupta437', 'yugandharawale25', 'vapande3006', 'amruta.kolekar24', 'pkekan2']"
126,358,6,6,2,"['bgupta437', 'ankur.rana091']",3,"['wadekarprathamesh786', 'jainhp95', 'tpbp135']",4,"['aishwarya.baburajan95', None, 'saitha82', 'neeta.gargote09']",9,"['wadekarprathamesh786', 'aishwarya.baburajan95', 'ankur.rana091', 'saitha82', 'bgupta437', 'jainhp95', 'neeta.gargote09', 'tpbp135', None]"
131,67,6,25,1,['bellon_94_'],4,"['orestis', 'wheureka', 'linchuck', 'arunjaiswar29']",24,"['albsalleo1', 'cristinarguez', 'bosco.godino', 'mcabreran610', 'albacd', 'anacelia7794', 'giuort', 'madogena14', 'pabrodfer2', 'antonio.alferez94', 'gines', None, 'alas27', 'aliciamorenoglez', 'gonzalo12at', 'carmencve', 'fjcaleroc', 'jsalasg2', 'mirdre', 'lauritaare94', 'miriam37', 'martiwi95', 'jesfuelop', 'angelserranoalarcon']",29,"['albsalleo1', 'cristinarguez', 'bosco.godino', 'mcabreran610', 'linchuck', 'orestis', 'arunjaiswar29', 'albacd', 'anacelia7794', 'giuort', 'madogena14', 'pabrodfer2', 'bellon_94_', 'antonio.alferez94', 'gines', None, 'alas27', 'aliciamorenoglez', 'gonzalo12at', 'carmencve', 'fjcaleroc', 'jsalasg2', 'mirdre', 'lauritaare94', 'miriam37', 'martiwi95', 'jesfuelop', 'angelserranoalarcon', 'wheureka']"
132,40,6,9,1,['shrey202'],4,"['vdusetty', 'xhlimit', 'roma.kulish.7', 'ali_prince991']",8,"['xyrsukumar', 'ayush1611', 'esathiyacnr', 'sushma06', 'goban.great94', None, 'kyathamharikrishna', 'sandeep619']",13,"['xyrsukumar', 'roma.kulish.7', 'ayush1611', 'sandeep619', 'esathiyacnr', 'sushma06', 'ali_prince991', 'shrey202', 'xhlimit', 'goban.great94', None, 'kyathamharikrishna', 'vdusetty']"
134,297,6,42,3,"['dhvanish17', 'krupal', 'k_parikh11']",2,"['shreyasb_07', 'priyanka1rawat']",39,"['gulshankumar', 'chaitra08', 'obardb2', 'saeed_imaani', 'priya.5', '893400291ab', 'helloved22', 'abhishek.londhe11', 'heli', 'jonilsoni', 'rrr6149', 'gulwelling', 'shbhnkr333', 'xntumy', 'febatgeorge77', 'amolmane', 'dineshneelakandan', 'vandit93', 'naseer.mna', 'hchhina1', 'keescueta', 'soumendu805692217', 'johnchou', 'greeshmar91', 'krishnajay120', 'adirocks.tumsare', 'sindhoor', 'venkateshyb123', 'divya1537', 'rupinder', 'dangthongdat', 'siddique.eee', None, 'akshay2393', 'raxit65535', 'payalb5', 'vishruti1894', 'piyush.holay', 'kvepa']",44,"['gulshankumar', 'chaitra08', 'priyanka1rawat', 'obardb2', 'saeed_imaani', 'priya.5', '893400291ab', 'helloved22', 'abhishek.londhe11', 'heli', 'shreyasb_07', 'jonilsoni', 'rrr6149', 'gulwelling', 'shbhnkr333', 'xntumy', 'febatgeorge77', 'amolmane', 'dineshneelakandan', 'vandit93', 'naseer.mna', 'hchhina1', 'keescueta', 'soumendu805692217', 'johnchou', 'greeshmar91', 'krishnajay120', 'adirocks.tumsare', 'sindhoor', 'venkateshyb123', 'k_parikh11', 'divya1537', 'rupinder', 'dangthongdat', 'siddique.eee', None, 'akshay2393', 'krupal', 'raxit65535', 'dhvanish17', 'payalb5', 'vishruti1894', 'piyush.holay', 'kvepa']"
137,371,6,50,5,"['jpmauthe', 'talebbatis', 'kzemery', 'tbatis', 'aecarbon']",0,[],45,"['njbaugh', 'emharri5', 'kmgoldbe', 'mefergio', 'lnta2', 'mfreardo', 'mjgoodri', 'akprys', 'haileyk950519', 'bduyle', 'skmarkh2', 'faisa1k', 'ajhenso2', 'ccbowden', 'jmvelasq', 'scledbet', 'skstewa3', 'bsdonald', 'awchu', 'lmfrison', 'aswalla2', 'earodrig', 'lmgardne', 'kcloete', 'tdrzzle', 'rrgoh', 'apbergma', 'zrdavis2', 'elliebscott', 'vrkumar', 'trophytime96', None, 'iandowding', 'plplasko', 'wdbrown2', 'kmmanche', 'kjkronk', 'tkcruick', 'apgremau', 'amrozell', 'crburne4', 'ablesane', 'kgdunsto', 'ctrocker', 'jlhamm']",50,"['njbaugh', 'emharri5', 'jpmauthe', 'kmgoldbe', 'mefergio', 'lnta2', 'mfreardo', 'mjgoodri', 'kzemery', 'akprys', 'haileyk950519', 'bduyle', 'skmarkh2', 'faisa1k', 'ajhenso2', 'ccbowden', 'jmvelasq', 'scledbet', 'skstewa3', 'bsdonald', 'awchu', 'lmfrison', 'aswalla2', 'earodrig', 'lmgardne', 'kcloete', 'tdrzzle', 'rrgoh', 'apbergma', 'talebbatis', 'zrdavis2', 'elliebscott', 'vrkumar', 'trophytime96', None, 'iandowding', 'plplasko', 'wdbrown2', 'kmmanche', 'kjkronk', 'tkcruick', 'tbatis', 'apgremau', 'amrozell', 'crburne4', 'ablesane', 'kgdunsto', 'ctrocker', 'jlhamm', 'aecarbon']"
140,155,6,46,4,"['tom.horacek', 'buribrno', 'xsmola06', 'stepan.polreich']",1,['cvesperst'],42,"['misisnik', 'horalud', 'xsimon18', 'xmelic20', 'pospat', 'dareion.legacy', 'xadame38', 'xmarti66', 'leni.skara', 'peto.frnka', 'pavel102', 'xrozsy08', 'xdejda00', 'matin.bubco', 'pracharv', 'jvalka', 'xsikul12', 'd011', 'xvanek35', 'jakubcabal', 'jurco', 'xpavel28', 'xvanci00', 'xgrego16', 'xvanek32', 'stohl.kubo', 'recrutty', 'matus.lipa', 'becova.lucka', 'popela.vojtech', None, 'skunda.patrik', 'bcdmitriybaev', 'mina37', 'petrkvasnicka269', 'xobsil02', 'ludekpalenik', 'xpospi81', 'xbajgl01', 'macakmartin', 'xmusil56', 'jerryxlol']",47,"['misisnik', 'horalud', 'xsimon18', 'xmelic20', 'pospat', 'dareion.legacy', 'xadame38', 'xmarti66', 'xsmola06', 'leni.skara', 'stepan.polreich', 'peto.frnka', 'tom.horacek', 'pavel102', 'xrozsy08', 'xdejda00', 'matin.bubco', 'pracharv', 'jvalka', 'xsikul12', 'd011', 'xvanek35', 'jakubcabal', 'jurco', 'xpavel28', 'xvanci00', 'cvesperst', 'xgrego16', 'xvanek32', 'stohl.kubo', 'recrutty', 'matus.lipa', 'becova.lucka', 'popela.vojtech', None, 'skunda.patrik', 'bcdmitriybaev', 'mina37', 'petrkvasnicka269', 'xobsil02', 'ludekpalenik', 'xpospi81', 'xbajgl01', 'buribrno', 'macakmartin', 'xmusil56', 'jerryxlol']"
140,283,6,45,4,"['tom.horacek', 'buribrno', 'xsmola06', 'stepan.polreich']",1,['cvesperst'],41,"['misisnik', 'horalud', 'xsimon18', 'xmelic20', 'dareion.legacy', 'martin.selinga', 'xadame38', 'leni.skara', 'peto.frnka', 'e.t.', 'xrozsy08', 'matin.bubco', 'pracharv', 'xgarda03', 'xsikul12', 'd011', 'xvanek35', 'xbrych07', 'jakubcabal', 'xpavel28', 'xvanci00', 'galanova.zuza', 'snapyy', 'xsedla0j', 'xgrego16', 'xvanek32', 'stohl.kubo', 'recrutty', 'simcikpatrick', 'becova.lucka', 'popela.vojtech', None, 'skunda.patrik', 'mina37', 'petrkvasnicka269', 'xobsil02', 'xpospi81', 'xbajgl01', 'macakmartin', 'xmusil56', 'jerryxlol']",46,"['misisnik', 'horalud', 'xsimon18', 'xmelic20', 'dareion.legacy', 'martin.selinga', 'xadame38', 'xsmola06', 'leni.skara', 'stepan.polreich', 'peto.frnka', 'tom.horacek', 'e.t.', 'xrozsy08', 'matin.bubco', 'pracharv', 'xgarda03', 'xsikul12', 'd011', 'xvanek35', 'xbrych07', 'jakubcabal', 'xpavel28', 'xvanci00', 'cvesperst', 'galanova.zuza', 'snapyy', 'xsedla0j', 'xgrego16', 'xvanek32', 'stohl.kubo', 'recrutty', 'simcikpatrick', 'becova.lucka', 'popela.vojtech', None, 'skunda.patrik', 'mina37', 'petrkvasnicka269', 'xobsil02', 'xpospi81', 'xbajgl01', 'buribrno', 'macakmartin', 'xmusil56', 'jerryxlol']"
140,290,6,39,2,"['xsmola06', 'stepan.polreich']",3,"['tom.horacek', 'buribrno', 'cvesperst']",37,"['horalud', 'xsimon18', 'pospat', 'xmorav29', 'xadame38', 'leni.skara', 'e.t.', 'xrozsy08', 'xdejda00', 'jvalka', 'xgarda03', 'xsikul12', 'xxmarti66', 'xvanek35', 'xbrych07', 'xpavel28', 'xvanci00', 'galanova.zuza', 'snapyy', 'xsedla0j', 'stohl.kubo', 'xvanek32', 'recrutty', 'simcikpatrick', 'matus.lipa', 'becova.lucka', 'popela.vojtech', None, 'skunda.patrik', 'petrkvasnicka269', 'ludekpalenik', 'xobsil02', 'xpospi81', 'xbajgl01', 'macakmartin', 'xmusil56', 'jerryxlol']",42,"['horalud', 'xsimon18', 'pospat', 'xmorav29', 'xadame38', 'xsmola06', 'leni.skara', 'stepan.polreich', 'tom.horacek', 'e.t.', 'xrozsy08', 'xdejda00', 'jvalka', 'xgarda03', 'xsikul12', 'xxmarti66', 'xvanek35', 'xbrych07', 'xpavel28', 'xvanci00', 'cvesperst', 'galanova.zuza', 'snapyy', 'xsedla0j', 'stohl.kubo', 'xvanek32', 'recrutty', 'simcikpatrick', 'matus.lipa', 'becova.lucka', 'popela.vojtech', None, 'skunda.patrik', 'petrkvasnicka269', 'ludekpalenik', 'xobsil02', 'xpospi81', 'xbajgl01', 'buribrno', 'macakmartin', 'xmusil56', 'jerryxlol']"
140,291,6,33,1,['cvesperst'],4,"['tom.horacek', 'buribrno', 'xsmola06', 'stepan.polreich']",32,"['xkudla14', 'xchyti10', 'ferodovcik', 'xhlava41', 'market333', 'xstabl01', 'petr391', 'emporio', 'tomicakara', 'pepan186', 'vojta', 'artanis5', 'dasha_lady', 'xpospi98', 'petrkrizjim', 'yourigh', 'kano.net', 'xbrous01', 'xhampl09', 'xschal00', 'xsimak04', 'jan.seginak', None, 'jakubvoscek', 'lukas_hruby', 'kareln', 'dstarh107', 'xvokra01', 'xflekp01', 'xpnovot23', 'stanislav.lojek', 'xfolty14']",37,"['xkudla14', 'xchyti10', 'ferodovcik', 'xsmola06', 'xhlava41', 'stepan.polreich', 'market333', 'tom.horacek', 'xstabl01', 'petr391', 'emporio', 'tomicakara', 'pepan186', 'vojta', 'artanis5', 'dasha_lady', 'xpospi98', 'petrkrizjim', 'yourigh', 'kano.net', 'cvesperst', 'xbrous01', 'xhampl09', 'xschal00', 'xsimak04', 'jan.seginak', None, 'jakubvoscek', 'lukas_hruby', 'kareln', 'dstarh107', 'xvokra01', 'xflekp01', 'buribrno', 'xpnovot23', 'stanislav.lojek', 'xfolty14']"
140,284,6,32,1,['cvesperst'],4,"['tom.horacek', 'buribrno', 'xsmola06', 'stepan.polreich']",31,"['xchyti10', 'dareion.legacy', 'ferodovcik', 'xhlava41', 'market333', 'xstabl01', 'emporio', 'tomicakara', 'pepan186', 'artanis5', 'dasha_lady', 'xsedli02', 'yourigh', 'petrkrizjim', 'cs333', 'domous', 'xsimak04', 'jan.seginak', None, 'jakubvoscek', 'xholik11', 'simonikjan', 'lukas_hruby', 'bimbo_cz', 'kareln', 'dstarh107', 'tailor808', 'xflekp01', 'xpnovot23', 'stanislav.lojek', 'xfolty14']",36,"['xchyti10', 'dareion.legacy', 'ferodovcik', 'xsmola06', 'xhlava41', 'stepan.polreich', 'market333', 'tom.horacek', 'xstabl01', 'emporio', 'tomicakara', 'pepan186', 'artanis5', 'dasha_lady', 'xsedli02', 'yourigh', 'petrkrizjim', 'cvesperst', 'cs333', 'domous', 'xsimak04', 'jan.seginak', None, 'jakubvoscek', 'xholik11', 'simonikjan', 'lukas_hruby', 'bimbo_cz', 'kareln', 'dstarh107', 'tailor808', 'xflekp01', 'buribrno', 'xpnovot23', 'stanislav.lojek', 'xfolty14']"
140,156,6,31,1,['cvesperst'],4,"['tom.horacek', 'buribrno', 'xsmola06', 'stepan.polreich']",30,"['xkaple00', 'xchyti10', 'ferodovcik', 'domous', 'xhampl09', 'xschal00', 'xsimak04', 'xhlava41', 'jan.seginak', 'market333', None, 'jakubvoscek', 'xstabl01', 'stanislav.lojek', 'emporio', 'xholik11', 'tomicakara', 'simonikjan', 'lukas_hruby', 'bimbo_cz', 'kareln', 'pepan186', 'tailor808', 'artanis5', 'dasha_lady', 'xflekp01', 'xsedli02', 'yourigh', 'petrkrizjim', 'xpnovot23']",35,"['xkaple00', 'xchyti10', 'ferodovcik', 'xsmola06', 'xhlava41', 'stepan.polreich', 'market333', 'tom.horacek', 'xstabl01', 'emporio', 'tomicakara', 'pepan186', 'artanis5', 'dasha_lady', 'xsedli02', 'yourigh', 'petrkrizjim', 'cvesperst', 'domous', 'xhampl09', 'xschal00', 'xsimak04', 'jan.seginak', None, 'jakubvoscek', 'xholik11', 'simonikjan', 'lukas_hruby', 'bimbo_cz', 'kareln', 'tailor808', 'xflekp01', 'buribrno', 'xpnovot23', 'stanislav.lojek']"
141,205,6,6,5,"['pimperlajz', 'mopaak', 'ivamatkovic93', 'canjugaa09', 'rope.planb']",0,[],1,[None],6,"['pimperlajz', 'mopaak', 'ivamatkovic93', None, 'canjugaa09', 'rope.planb']"
141,375,6,6,5,"['pimperlajz', 'mopaak', 'ivamatkovic93', 'canjugaa09', 'rope.planb']",0,[],1,[None],6,"['pimperlajz', 'mopaak', 'ivamatkovic93', None, 'canjugaa09', 'rope.planb']"
142,113,6,31,4,"['batoolzehra', 'qamber', 'saqibalisidd', 'iassd']",1,['shujjat'],27,"['naseerhakeem8', 'fenowasim', 'shahram95', 'shriya17', 'asadmobin', 'misbah', 'maheenmazharkhan', 'sakinazaidi', 'farooque73', 'wajeehaiqbal5', 'ayeshaarshad', 'muhammad.owais.javed', 'umerkhan95', None, 'engineer94', 'ahmed_raza96', 'irtizahaider672', 'jahangir1994', 'muhammadsami', 'hamzaaleem1', 'ayeshakhan.2907', 'imaad', 'rimal.ozair16', 'anas20304', 'javeriaali', 'azkahaq', 'aymenbatool98']",32,"['fenowasim', 'shahram95', 'misbah', 'maheenmazharkhan', 'umerkhan95', 'iassd', 'engineer94', 'saqibalisidd', 'ahmed_raza96', 'irtizahaider672', 'muhammadsami', 'qamber', 'rimal.ozair16', 'javeriaali', 'azkahaq', 'aymenbatool98', 'shujjat', 'naseerhakeem8', 'shriya17', 'asadmobin', 'sakinazaidi', 'farooque73', 'wajeehaiqbal5', 'ayeshaarshad', 'muhammad.owais.javed', None, 'jahangir1994', 'hamzaaleem1', 'ayeshakhan.2907', 'imaad', 'batoolzehra', 'anas20304']"
143,249,6,22,1,['jsincer0'],4,"['gotleyb', 'mariamshaukat206', 'cucholuzcando93', 'baohongchen']",21,"['as340014', 'zl338740', 'bkennedy7979', 'adamshick25', 'edroz_3', 'dphilly38', 'mclinden_t', 'nr343892', 'crowleymichaelw', 'dmarcaurele18', 'johnnyjazzhandz', 'mnichols', 'vpalreddy36', 'racheldown11', 'mcalascione31', 'jmun22', None, 'rd343996', 'jonr296', 'cooperdreyfus', 'tbroski']",26,"['gotleyb', 'as340014', 'zl338740', 'bkennedy7979', 'adamshick25', 'racheldown11', 'edroz_3', 'dphilly38', 'mcalascione31', 'mclinden_t', 'jmun22', 'nr343892', 'jsincer0', 'vpalreddy36', None, 'cucholuzcando93', 'rd343996', 'crowleymichaelw', 'jonr296', 'dmarcaurele18', 'johnnyjazzhandz', 'cooperdreyfus', 'mnichols', 'tbroski', 'mariamshaukat206', 'baohongchen']"
147,66,6,7,1,['vishwa16'],4,"['shaship947', 'francesco.granato', 'elklll', 'stefancelmareas']",6,"['lwgpriya', 'hinalns1995', 'poojarao75', 'shalinisubramanian1995', None, 'ashwinipoojary1996']",11,"['lwgpriya', 'shaship947', 'ashwinipoojary1996', 'hinalns1995', 'elklll', 'poojarao75', 'stefancelmareas', 'francesco.granato', 'shalinisubramanian1995', None, 'vishwa16']"
149,165,6,14,4,"['anwaaralotibi', 'almza7y', 'fahadshtail', 'sarah.yt']",1,['fscipione'],10,"['eng2018', 'fmhfmh34', 'ashkananim', 'ghasaq', None, 'sugarmints', 'hossamengineer20178', 'mftouni', 'salsaleh3', 'fyzclub']",15,"['eng2018', 'fmhfmh34', 'fscipione', 'fahadshtail', 'hossamengineer20178', 'almza7y', 'mftouni', None, 'fyzclub', 'sarah.yt', 'ashkananim', 'ghasaq', 'anwaaralotibi', 'sugarmints', 'salsaleh3']"
