MClusterID,XClusterID,MClusterSize,XClusterSize,OverlapSize,OverlapMembers,MOnlySize,MOnlyMembers,XOnlySize,XOnlyMembers,CombinedSize,CombinedMembers
1,274,272,70,62,"['yunus.isikdemir97', 'oznurclskn2', 'havvafatmaozbay', 'nsener45', 'ahhmetbulut', 'yunusbaskan1994', 'denizans', 'ensarerol26', 'muvafikmelikkaya', 'berk.oztaskin.99', 'engfersoy', 'slnknc35', 'mblr96', 'carboy7847', 'gokce.gocerrr', 'mertcan.bayindir', 'aktasozgurozan', 'emreelma757', 'gkckirtasiye', 'melike.1kayali', 'recepkaratoprak19', 'yasinzgen', 'bahcecieray', 'omerrguzel', 'furkan.turkay1', 'afurkanbudak42', 'ygtbstg', 'seymaaguleer', 'abdullahkucukel', 'berkayyaris', 'melis98bianca', 'alihakan1979', 'hazalakyel', 'serhatyildirim4078', 'dd.kok', 'mucoakar98', 'necipfazildogruyol', 'fatihvsever', 'gzmnce', 'mhckrhale96', 'kaya.emrah.26', 'cagriguney', 'efeozalp', 'karabostan37', 'berkayerarslan', 'gulluhanrmk', 'ozanplt0697', 'afkali.120', 'serkanbzkrt35', 'sefakahriman77', 'bkucuksagir', 'azadbilge', 'gulsakadioglu', 'tarikyillmaz8', 'ealperen98', 'ahmetkayapinar', 'brkyelaldi', 'mustafaeee', 'mseyfullahcelik', 'sencerkaracasu', 'batuhanuslu', 'ozgurozdemir798']",210,"['john_schmidt', 'ns', 'pwmichalak', 'ckendig', 'wlsgh9838', 'kartiknairvariar6', 'chiragmeena19', 'sgu20161510', 'anishadok', 'nikhil10rai', 'wolnypokoj', 'rishabhsureka123', 'alperen2626', 'prashilpatil99', 'jaafaralsarray', 'fcoskuner68', 'durgeshahire15', 'ee17btech11032', 'onsozbuse541', 'akj01130', 'bloodknight26', 'maggiebasta', 'ahmedsameh25951', 'aforanurag99', 'dm932051', 'mileswang97', 'nishitasinha', 'ebx', 'serenayoussef', 'abdumhrous', 'g.hernandez.sosa', 'dheemahi', 'zhur', 'acj', 'whtyd35', 'vrdmn7721', '46harunakgul', 'janeelpatel', 'zhongpengsun', 'dhilanr', 'muktai2001', 'patururajesh91306', 'kbhamon', 'rajjatsoni801', 'stkymk64', 'whtyd03', 'chinmaybharti00', 'felixdollinger', 'shreshtha.jbp2000', 'esha.kulawe', 'acrawford', 'asmaa_abdelmegeed.', 'samyakshah21', 'awale.vinit', 'asif_iqbal', 'furkanefeyuceer', 'ssbagade1704', 'archishman.saha', 'skscjsdl', 'duendo', 'sigdanumvid', 'nwkiller', 'emrebuyukkose', 'stefano.capra1988', 'guvennazlican85', 'nestor1999', 'shaunaknatarajan', 'kevinyoon', 'miakry', 'esraaosman12345', 'vinaykmandia2000', 'serkantg', 'resula', 'abhi9385', 'ashutoshranjan253', 'danielledavis', 'kruthagnyamyana', 'omgiaquinto', 'iiiisen2653', 'sabriagus26', 'adungey2', 'emineist46', 'abhilaksh93', 'erencanarslan70', 'anil.gun85', 'berktu', 'lisuhh22', 'mheim', 'alexfw', 'ditisanghai', 'alym11731996', 'myrakis', 'mattykleis', 'jungyuya', 'vaibhav8nawal', 'anushreesuhalka19', 'enizcelik2', 'tongzhou904', 'berkcankucukkasap', 'nicoletrenchard', 'kennethkmd', 'kimsoyoung', 'yavuz5319', 'ritwikkhandelwal09', 'simgesismann', 'amolgirishshah', 'aarjona', 'iremkaratas', 'darrelly', 'parthm1611', 'agmariona', 'anilkiziltas', 'mahmutcanki', 'ssha6687', 'zbo72899', 'tuafbogey', 'kinker', 'ruchir.2000', 'secret0711', 'anirban1988', 'elifcelebi98', 'jcho1895', 'cihan', 'jaisawant309', 'amydb', 'jainsamar398', 'plabs', 'dd642482536', 'lisa.w7h', 'mkkm95', 'reetmehta', 'raymondzhou227', 'ksb541', 'dprabhanshu23', 'gadhiayash', 'jnana2k', 'prashants31', 'mustfaasimsek.26', 'hrnatcn', 'parkhyo864', 'pshashi', 'devank', 'meltemsbreezes', 'afz', 'mrefaat', 'emreaydn2002', 'rohitrajwansi7', 'hiteshk_24', 'evren_aydin6', 'ayushdahale6277', 'yalun', 'adilkhan', 'mertyamanoglu', 'hklimach', 'o.erdogan541994', 'yhloveall1', 'brknshn', 'camille', 'aortwig2', 'abk15062000', 'aileenpando', 'lewisaskeeble', 'rezaeemehdi64', 'ricardomilos69', 'mevradilanerten', 'sakhrald', 'chen.chen.cc2483', 'creutzfeldtundjakob', 'gkumar946.gk', 'uttam', 'pranav_706', 'adbhut', 'errouadd', 'efecanberkayyasar', 'danielmoraru', 'mad.4101', 'daberaoviraj123', 'guilherme.faveri', 'anuranandas', 'stefanolarentis', 'prachi.p', 'ujjwalkalra1969', 'phycsxu', 'bhavika', 'hituldesai03', 'jzwang8', 'huaminli', 'svhsai2000', 'anthony012798', 'hrishikesh', 'araheem', 'piyush36', 'xerato', 'kadiraytac', 'adityaharakare1', 'antonaci.p', 'dchang818', 'cerencoskunn', 'raptor.l841', 'skyguy987', 'ruchir.iitb', 'johyunjung', 'yqwuly', 'daleksec', 'ojsul', 'canersokat', 'pangraci', 'riyaaanchal', 'mohdghs', 'kiragr1999']",8,"['onursezer13', 'furkan0636', 'esranurcengiz43', 'fdirisaglik', 'hobeto1000', 'tevfikdingecoglu', None, 'hga']",280,"['ns', 'pwmichalak', 'ckendig', 'wlsgh9838', 'kartiknairvariar6', 'sgu20161510', 'recepkaratoprak19', 'jaafaralsarray', 'fcoskuner68', 'durgeshahire15', 'onsozbuse541', 'akj01130', 'bloodknight26', 'seymaaguleer', 'alihakan1979', 'mileswang97', 'nishitasinha', 'serenayoussef', 'g.hernandez.sosa', 'dheemahi', 'zhur', 'dhilanr', 'kbhamon', 'rajjatsoni801', 'stkymk64', 'sefakahriman77', 'chinmaybharti00', 'bkucuksagir', 'gulsakadioglu', 'shreshtha.jbp2000', 'esha.kulawe', 'asmaa_abdelmegeed.', 'asif_iqbal', 'furkanefeyuceer', 'ssbagade1704', 'skscjsdl', 'duendo', 'oznurclskn2', 'nsener45', 'emrebuyukkose', 'stefano.capra1988', 'shaunaknatarajan', 'esraaosman12345', 'vinaykmandia2000', 'carboy7847', 'serkantg', 'emreelma757', 'resula', 'yasinzgen', 'furkan.turkay1', 'iiiisen2653', 'sabriagus26', 'adungey2', 'abhilaksh93', 'melis98bianca', 'erencanarslan70', 'anil.gun85', 'lisuhh22', 'mheim', 'mucoakar98', 'mattykleis', 'vaibhav8nawal', 'anushreesuhalka19', 'efeozalp', 'enizcelik2', 'ritwikkhandelwal09', 'ozanplt0697', 'aarjona', 'iremkaratas', 'ealperen98', 'anilkiziltas', 'brkyelaldi', 'zbo72899', 'kinker', 'ruchir.2000', 'secret0711', 'anirban1988', 'elifcelebi98', 'cihan', 'jaisawant309', 'yunusbaskan1994', 'jainsamar398', 'slnknc35', 'tevfikdingecoglu', 'mertcan.bayindir', 'lisa.w7h', 'mkkm95', 'raymondzhou227', 'mustfaasimsek.26', 'parkhyo864', 'omerrguzel', 'pshashi', 'berkayyaris', 'emreaydn2002', 'serhatyildirim4078', 'rohitrajwansi7', 'necipfazildogruyol', 'evren_aydin6', 'kaya.emrah.26', 'adilkhan', 'serkanbzkrt35', 'furkan0636', 'azadbilge', 'hklimach', 'o.erdogan541994', 'tarikyillmaz8', 'yhloveall1', 'brknshn', 'camille', 'aortwig2', 'aileenpando', 'lewisaskeeble', 'rezaeemehdi64', 'ricardomilos69', 'chen.chen.cc2483', 'muvafikmelikkaya', 'gkumar946.gk', 'uttam', 'pranav_706', 'engfersoy', 'errouadd', 'mblr96', 'danielmoraru', 'mad.4101', 'daberaoviraj123', 'gkckirtasiye', 'anuranandas', 'stefanolarentis', 'prachi.p', 'phycsxu', 'hituldesai03', 'huaminli', 'ygtbstg', 'svhsai2000', 'hazalakyel', 'kadiraytac', 'hobeto1000', 'karabostan37', 'cerencoskunn', 'raptor.l841', 'yqwuly', 'ojsul', 'pangraci', 'riyaaanchal', 'ozgurozdemir798', 'john_schmidt', 'onursezer13', 'chiragmeena19', 'ahhmetbulut', 'anishadok', 'nikhil10rai', 'wolnypokoj', 'rishabhsureka123', 'aktasozgurozan', 'alperen2626', 'prashilpatil99', 'melike.1kayali', 'ee17btech11032', 'maggiebasta', 'afurkanbudak42', 'ahmedsameh25951', 'aforanurag99', 'dm932051', 'ebx', 'abdumhrous', 'acj', 'whtyd35', 'vrdmn7721', '46harunakgul', 'mhckrhale96', 'janeelpatel', 'zhongpengsun', 'muktai2001', 'patururajesh91306', 'gulluhanrmk', 'whtyd03', 'felixdollinger', 'mseyfullahcelik', 'acrawford', 'samyakshah21', 'awale.vinit', 'archishman.saha', 'yunus.isikdemir97', 'sigdanumvid', 'nwkiller', 'guvennazlican85', 'nestor1999', 'kevinyoon', 'fdirisaglik', 'miakry', 'abhi9385', 'ashutoshranjan253', 'danielledavis', 'kruthagnyamyana', 'omgiaquinto', 'emineist46', 'berktu', 'alexfw', 'ditisanghai', 'alym11731996', 'myrakis', 'dd.kok', 'jungyuya', 'tongzhou904', 'berkcankucukkasap', 'nicoletrenchard', 'kennethkmd', 'kimsoyoung', None, 'yavuz5319', 'simgesismann', 'amolgirishshah', 'darrelly', 'parthm1611', 'agmariona', 'mahmutcanki', 'ahmetkayapinar', 'ssha6687', 'tuafbogey', 'sencerkaracasu', 'jcho1895', 'havvafatmaozbay', 'amydb', 'denizans', 'ensarerol26', 'plabs', 'berk.oztaskin.99', 'dd642482536', 'reetmehta', 'ksb541', 'dprabhanshu23', 'gadhiayash', 'jnana2k', 'prashants31', 'hrnatcn', 'devank', 'meltemsbreezes', 'afz', 'abdullahkucukel', 'mrefaat', 'fatihvsever', 'gzmnce', 'hiteshk_24', 'ayushdahale6277', 'cagriguney', 'yalun', 'mertyamanoglu', 'abk15062000', 'mevradilanerten', 'sakhrald', 'creutzfeldtundjakob', 'adbhut', 'efecanberkayyasar', 'gokce.gocerrr', 'guilherme.faveri', 'ujjwalkalra1969', 'bahcecieray', 'bhavika', 'jzwang8', 'anthony012798', 'hrishikesh', 'araheem', 'hga', 'piyush36', 'xerato', 'adityaharakare1', 'antonaci.p', 'esranurcengiz43', 'dchang818', 'berkayerarslan', 'skyguy987', 'ruchir.iitb', 'afkali.120', 'johyunjung', 'daleksec', 'canersokat', 'mohdghs', 'mustafaeee', 'batuhanuslu', 'kiragr1999']"
1,285,272,68,57,"['archishman.saha', 'chiragmeena19', 'kartiknairvariar6', 'uttam', 'nikhil10rai', 'jainsamar398', 'gkumar946.gk', 'adbhut', 'pranav_706', 'shaunaknatarajan', 'vinaykmandia2000', 'rishabhsureka123', 'daberaoviraj123', 'prashilpatil99', 'abhi9385', 'reetmehta', 'anuranandas', 'durgeshahire15', 'ksb541', 'prashants31', 'gadhiayash', 'ashutoshranjan253', 'ujjwalkalra1969', 'kruthagnyamyana', 'bhavika', 'devank', 'abhilaksh93', 'svhsai2000', 'aforanurag99', 'hrishikesh', 'dm932051', 'ditisanghai', 'piyush36', 'rohitrajwansi7', 'adityaharakare1', 'vaibhav8nawal', 'vrdmn7721', 'hiteshk_24', 'ayushdahale6277', 'anushreesuhalka19', 'janeelpatel', 'adilkhan', 'muktai2001', 'patururajesh91306', 'ritwikkhandelwal09', 'amolgirishshah', 'rajjatsoni801', 'parthm1611', 'shreshtha.jbp2000', 'riyaaanchal', 'esha.kulawe', 'kinker', 'ruchir.2000', 'abk15062000', 'samyakshah21', 'awale.vinit', 'kiragr1999']",215,"['john_schmidt', 'ns', 'pwmichalak', 'ckendig', 'wlsgh9838', 'ahhmetbulut', 'sgu20161510', 'anishadok', 'wolnypokoj', 'aktasozgurozan', 'alperen2626', 'melike.1kayali', 'recepkaratoprak19', 'jaafaralsarray', 'fcoskuner68', 'ee17btech11032', 'onsozbuse541', 'akj01130', 'bloodknight26', 'maggiebasta', 'afurkanbudak42', 'seymaaguleer', 'ahmedsameh25951', 'alihakan1979', 'mileswang97', 'nishitasinha', 'ebx', 'serenayoussef', 'abdumhrous', 'g.hernandez.sosa', 'dheemahi', 'zhur', 'acj', 'whtyd35', '46harunakgul', 'mhckrhale96', 'zhongpengsun', 'dhilanr', 'gulluhanrmk', 'kbhamon', 'stkymk64', 'sefakahriman77', 'chinmaybharti00', 'whtyd03', 'bkucuksagir', 'felixdollinger', 'gulsakadioglu', 'mseyfullahcelik', 'acrawford', 'asmaa_abdelmegeed.', 'asif_iqbal', 'furkanefeyuceer', 'ssbagade1704', 'skscjsdl', 'duendo', 'yunus.isikdemir97', 'oznurclskn2', 'nsener45', 'emrebuyukkose', 'stefano.capra1988', 'guvennazlican85', 'nestor1999', 'nwkiller', 'sigdanumvid', 'kevinyoon', 'miakry', 'esraaosman12345', 'carboy7847', 'serkantg', 'emreelma757', 'resula', 'yasinzgen', 'danielledavis', 'omgiaquinto', 'furkan.turkay1', 'iiiisen2653', 'sabriagus26', 'adungey2', 'emineist46', 'melis98bianca', 'erencanarslan70', 'anil.gun85', 'berktu', 'lisuhh22', 'mheim', 'alexfw', 'alym11731996', 'myrakis', 'dd.kok', 'mucoakar98', 'mattykleis', 'jungyuya', 'efeozalp', 'enizcelik2', 'tongzhou904', 'berkcankucukkasap', 'nicoletrenchard', 'kennethkmd', 'kimsoyoung', 'yavuz5319', 'ozanplt0697', 'simgesismann', 'aarjona', 'iremkaratas', 'darrelly', 'ealperen98', 'anilkiziltas', 'agmariona', 'brkyelaldi', 'mahmutcanki', 'ahmetkayapinar', 'ssha6687', 'zbo72899', 'tuafbogey', 'sencerkaracasu', 'secret0711', 'anirban1988', 'elifcelebi98', 'jcho1895', 'cihan', 'jaisawant309', 'havvafatmaozbay', 'amydb', 'yunusbaskan1994', 'denizans', 'ensarerol26', 'plabs', 'berk.oztaskin.99', 'slnknc35', 'mertcan.bayindir', 'dd642482536', 'lisa.w7h', 'mkkm95', 'raymondzhou227', 'dprabhanshu23', 'jnana2k', 'mustfaasimsek.26', 'hrnatcn', 'parkhyo864', 'omerrguzel', 'pshashi', 'meltemsbreezes', 'afz', 'abdullahkucukel', 'berkayyaris', 'mrefaat', 'emreaydn2002', 'serhatyildirim4078', 'necipfazildogruyol', 'fatihvsever', 'gzmnce', 'evren_aydin6', 'kaya.emrah.26', 'cagriguney', 'yalun', 'serkanbzkrt35', 'mertyamanoglu', 'azadbilge', 'hklimach', 'o.erdogan541994', 'tarikyillmaz8', 'yhloveall1', 'brknshn', 'camille', 'aortwig2', 'aileenpando', 'lewisaskeeble', 'rezaeemehdi64', 'ricardomilos69', 'mevradilanerten', 'sakhrald', 'chen.chen.cc2483', 'creutzfeldtundjakob', 'muvafikmelikkaya', 'engfersoy', 'errouadd', 'mblr96', 'danielmoraru', 'mad.4101', 'efecanberkayyasar', 'gokce.gocerrr', 'guilherme.faveri', 'gkckirtasiye', 'stefanolarentis', 'prachi.p', 'phycsxu', 'bahcecieray', 'hituldesai03', 'jzwang8', 'huaminli', 'ygtbstg', 'anthony012798', 'hazalakyel', 'araheem', 'xerato', 'kadiraytac', 'antonaci.p', 'dchang818', 'karabostan37', 'cerencoskunn', 'berkayerarslan', 'raptor.l841', 'skyguy987', 'ruchir.iitb', 'afkali.120', 'johyunjung', 'yqwuly', 'daleksec', 'ojsul', 'canersokat', 'pangraci', 'mohdghs', 'mustafaeee', 'batuhanuslu', 'ozgurozdemir798']",11,"['poco20102018', 'rishabh7755', 'pranavpage33', 'harleen.shrivs', '20anand.abhi', 'shaunzac', 'supreeth9', 'immanuelwilliams', 'priyankabagade96', None, 'advaitkumar3107']",283,"['ns', 'pwmichalak', 'ckendig', 'wlsgh9838', 'kartiknairvariar6', 'pranavpage33', 'sgu20161510', 'recepkaratoprak19', 'jaafaralsarray', 'fcoskuner68', 'durgeshahire15', 'onsozbuse541', 'akj01130', 'bloodknight26', 'seymaaguleer', 'alihakan1979', 'mileswang97', 'nishitasinha', 'serenayoussef', 'g.hernandez.sosa', 'dheemahi', 'zhur', 'dhilanr', 'kbhamon', 'rajjatsoni801', 'stkymk64', 'sefakahriman77', 'chinmaybharti00', 'bkucuksagir', 'gulsakadioglu', 'shreshtha.jbp2000', 'esha.kulawe', 'asmaa_abdelmegeed.', 'asif_iqbal', 'furkanefeyuceer', 'ssbagade1704', 'skscjsdl', 'duendo', 'oznurclskn2', 'nsener45', 'emrebuyukkose', 'stefano.capra1988', 'shaunaknatarajan', 'esraaosman12345', 'vinaykmandia2000', 'carboy7847', 'serkantg', 'emreelma757', 'resula', 'yasinzgen', 'furkan.turkay1', 'iiiisen2653', 'sabriagus26', 'adungey2', 'abhilaksh93', 'melis98bianca', 'erencanarslan70', 'anil.gun85', 'lisuhh22', 'mheim', 'advaitkumar3107', 'mucoakar98', 'mattykleis', 'vaibhav8nawal', 'anushreesuhalka19', 'efeozalp', 'enizcelik2', 'ritwikkhandelwal09', 'ozanplt0697', 'aarjona', 'iremkaratas', 'ealperen98', 'anilkiziltas', 'brkyelaldi', 'zbo72899', 'kinker', 'ruchir.2000', 'secret0711', 'anirban1988', 'immanuelwilliams', 'elifcelebi98', 'cihan', 'jaisawant309', 'yunusbaskan1994', 'jainsamar398', 'slnknc35', 'mertcan.bayindir', 'lisa.w7h', 'mkkm95', 'raymondzhou227', 'mustfaasimsek.26', 'parkhyo864', 'omerrguzel', 'pshashi', 'berkayyaris', 'emreaydn2002', 'serhatyildirim4078', 'rohitrajwansi7', 'necipfazildogruyol', 'evren_aydin6', 'kaya.emrah.26', 'adilkhan', 'serkanbzkrt35', 'azadbilge', 'hklimach', 'o.erdogan541994', 'tarikyillmaz8', 'yhloveall1', 'brknshn', 'camille', 'aortwig2', 'aileenpando', 'lewisaskeeble', 'rezaeemehdi64', 'ricardomilos69', 'chen.chen.cc2483', 'muvafikmelikkaya', 'gkumar946.gk', 'uttam', 'pranav_706', 'supreeth9', 'engfersoy', 'errouadd', 'mblr96', 'danielmoraru', 'mad.4101', 'daberaoviraj123', 'gkckirtasiye', 'anuranandas', 'stefanolarentis', 'prachi.p', 'phycsxu', 'hituldesai03', 'huaminli', 'ygtbstg', 'svhsai2000', 'hazalakyel', 'kadiraytac', 'karabostan37', 'cerencoskunn', 'raptor.l841', 'yqwuly', 'ojsul', 'pangraci', 'riyaaanchal', 'ozgurozdemir798', 'john_schmidt', 'chiragmeena19', 'ahhmetbulut', 'anishadok', 'nikhil10rai', 'wolnypokoj', 'rishabhsureka123', 'aktasozgurozan', 'alperen2626', 'prashilpatil99', 'melike.1kayali', 'rishabh7755', 'ee17btech11032', 'maggiebasta', 'afurkanbudak42', 'ahmedsameh25951', 'aforanurag99', 'dm932051', 'ebx', 'abdumhrous', 'acj', 'whtyd35', 'vrdmn7721', '46harunakgul', 'mhckrhale96', 'janeelpatel', 'zhongpengsun', 'muktai2001', 'patururajesh91306', 'gulluhanrmk', 'whtyd03', 'felixdollinger', 'harleen.shrivs', 'mseyfullahcelik', 'acrawford', 'samyakshah21', 'awale.vinit', 'archishman.saha', 'yunus.isikdemir97', 'sigdanumvid', 'nwkiller', 'guvennazlican85', 'nestor1999', 'kevinyoon', 'miakry', 'abhi9385', 'ashutoshranjan253', 'danielledavis', 'kruthagnyamyana', 'omgiaquinto', 'emineist46', 'priyankabagade96', 'berktu', 'alexfw', 'ditisanghai', 'alym11731996', 'myrakis', 'dd.kok', 'jungyuya', '20anand.abhi', 'tongzhou904', 'berkcankucukkasap', 'nicoletrenchard', 'kennethkmd', 'kimsoyoung', None, 'yavuz5319', 'simgesismann', 'amolgirishshah', 'darrelly', 'parthm1611', 'agmariona', 'mahmutcanki', 'ahmetkayapinar', 'ssha6687', 'tuafbogey', 'sencerkaracasu', 'jcho1895', 'poco20102018', 'havvafatmaozbay', 'amydb', 'denizans', 'ensarerol26', 'plabs', 'berk.oztaskin.99', 'dd642482536', 'reetmehta', 'ksb541', 'dprabhanshu23', 'gadhiayash', 'jnana2k', 'prashants31', 'hrnatcn', 'devank', 'meltemsbreezes', 'afz', 'abdullahkucukel', 'mrefaat', 'fatihvsever', 'gzmnce', 'hiteshk_24', 'ayushdahale6277', 'cagriguney', 'yalun', 'mertyamanoglu', 'abk15062000', 'mevradilanerten', 'sakhrald', 'creutzfeldtundjakob', 'shaunzac', 'adbhut', 'efecanberkayyasar', 'gokce.gocerrr', 'guilherme.faveri', 'ujjwalkalra1969', 'bahcecieray', 'bhavika', 'jzwang8', 'anthony012798', 'hrishikesh', 'araheem', 'piyush36', 'xerato', 'adityaharakare1', 'antonaci.p', 'dchang818', 'berkayerarslan', 'skyguy987', 'ruchir.iitb', 'afkali.120', 'johyunjung', 'daleksec', 'canersokat', 'mohdghs', 'mustafaeee', 'batuhanuslu', 'kiragr1999']"
1,273,272,52,1,['mattykleis'],271,"['ns', 'pwmichalak', 'ckendig', 'wlsgh9838', 'kartiknairvariar6', 'sgu20161510', 'recepkaratoprak19', 'jaafaralsarray', 'fcoskuner68', 'durgeshahire15', 'onsozbuse541', 'akj01130', 'bloodknight26', 'seymaaguleer', 'alihakan1979', 'mileswang97', 'nishitasinha', 'serenayoussef', 'g.hernandez.sosa', 'dheemahi', 'zhur', 'dhilanr', 'kbhamon', 'rajjatsoni801', 'stkymk64', 'sefakahriman77', 'chinmaybharti00', 'bkucuksagir', 'gulsakadioglu', 'shreshtha.jbp2000', 'esha.kulawe', 'asmaa_abdelmegeed.', 'asif_iqbal', 'furkanefeyuceer', 'ssbagade1704', 'skscjsdl', 'duendo', 'oznurclskn2', 'nsener45', 'emrebuyukkose', 'stefano.capra1988', 'shaunaknatarajan', 'esraaosman12345', 'vinaykmandia2000', 'carboy7847', 'serkantg', 'emreelma757', 'resula', 'yasinzgen', 'furkan.turkay1', 'iiiisen2653', 'sabriagus26', 'adungey2', 'abhilaksh93', 'melis98bianca', 'erencanarslan70', 'anil.gun85', 'lisuhh22', 'mheim', 'mucoakar98', 'vaibhav8nawal', 'anushreesuhalka19', 'efeozalp', 'enizcelik2', 'ritwikkhandelwal09', 'ozanplt0697', 'aarjona', 'iremkaratas', 'ealperen98', 'anilkiziltas', 'brkyelaldi', 'zbo72899', 'kinker', 'ruchir.2000', 'secret0711', 'anirban1988', 'elifcelebi98', 'cihan', 'jaisawant309', 'yunusbaskan1994', 'jainsamar398', 'slnknc35', 'mertcan.bayindir', 'lisa.w7h', 'mkkm95', 'raymondzhou227', 'mustfaasimsek.26', 'parkhyo864', 'omerrguzel', 'pshashi', 'berkayyaris', 'emreaydn2002', 'serhatyildirim4078', 'rohitrajwansi7', 'necipfazildogruyol', 'evren_aydin6', 'kaya.emrah.26', 'adilkhan', 'serkanbzkrt35', 'azadbilge', 'hklimach', 'o.erdogan541994', 'tarikyillmaz8', 'yhloveall1', 'brknshn', 'camille', 'aortwig2', 'aileenpando', 'lewisaskeeble', 'rezaeemehdi64', 'ricardomilos69', 'chen.chen.cc2483', 'muvafikmelikkaya', 'gkumar946.gk', 'uttam', 'pranav_706', 'engfersoy', 'errouadd', 'mblr96', 'danielmoraru', 'mad.4101', 'daberaoviraj123', 'gkckirtasiye', 'anuranandas', 'stefanolarentis', 'prachi.p', 'phycsxu', 'hituldesai03', 'huaminli', 'ygtbstg', 'svhsai2000', 'hazalakyel', 'kadiraytac', 'karabostan37', 'cerencoskunn', 'raptor.l841', 'yqwuly', 'ojsul', 'pangraci', 'riyaaanchal', 'ozgurozdemir798', 'john_schmidt', 'chiragmeena19', 'ahhmetbulut', 'anishadok', 'nikhil10rai', 'wolnypokoj', 'rishabhsureka123', 'aktasozgurozan', 'alperen2626', 'prashilpatil99', 'melike.1kayali', 'ee17btech11032', 'maggiebasta', 'afurkanbudak42', 'ahmedsameh25951', 'aforanurag99', 'dm932051', 'ebx', 'abdumhrous', 'acj', 'whtyd35', 'vrdmn7721', '46harunakgul', 'mhckrhale96', 'janeelpatel', 'zhongpengsun', 'muktai2001', 'patururajesh91306', 'gulluhanrmk', 'whtyd03', 'felixdollinger', 'mseyfullahcelik', 'acrawford', 'samyakshah21', 'awale.vinit', 'archishman.saha', 'yunus.isikdemir97', 'sigdanumvid', 'nwkiller', 'guvennazlican85', 'nestor1999', 'kevinyoon', 'miakry', 'abhi9385', 'ashutoshranjan253', 'danielledavis', 'kruthagnyamyana', 'omgiaquinto', 'emineist46', 'berktu', 'alexfw', 'ditisanghai', 'alym11731996', 'myrakis', 'dd.kok', 'jungyuya', 'tongzhou904', 'berkcankucukkasap', 'nicoletrenchard', 'kennethkmd', 'kimsoyoung', 'yavuz5319', 'simgesismann', 'amolgirishshah', 'darrelly', 'parthm1611', 'agmariona', 'mahmutcanki', 'ahmetkayapinar', 'ssha6687', 'tuafbogey', 'sencerkaracasu', 'jcho1895', 'havvafatmaozbay', 'amydb', 'denizans', 'ensarerol26', 'plabs', 'berk.oztaskin.99', 'dd642482536', 'reetmehta', 'ksb541', 'dprabhanshu23', 'gadhiayash', 'jnana2k', 'prashants31', 'hrnatcn', 'devank', 'meltemsbreezes', 'afz', 'abdullahkucukel', 'mrefaat', 'fatihvsever', 'gzmnce', 'hiteshk_24', 'ayushdahale6277', 'cagriguney', 'yalun', 'mertyamanoglu', 'abk15062000', 'mevradilanerten', 'sakhrald', 'creutzfeldtundjakob', 'adbhut', 'efecanberkayyasar', 'gokce.gocerrr', 'guilherme.faveri', 'ujjwalkalra1969', 'bahcecieray', 'bhavika', 'jzwang8', 'anthony012798', 'hrishikesh', 'araheem', 'piyush36', 'xerato', 'adityaharakare1', 'antonaci.p', 'dchang818', 'berkayerarslan', 'skyguy987', 'ruchir.iitb', 'afkali.120', 'johyunjung', 'daleksec', 'canersokat', 'mohdghs', 'mustafaeee', 'batuhanuslu', 'kiragr1999']",51,"['s4rahlim', 'universefish', 'manmitsingh1999', 'brianbosem', 'lae26', 'ingoldxc1090', 'rkraks5', 'jellal914', 'jmedway614', 'refflouis612', 'martincala', 'angiechristinelei', 'kurisil00', 'emppalms', 'didi.isme10', 'czz', 'danielaibocanegra', 'mbelissary1', 'hanstrjg', 'liathannah', 'sambentlin', 'rinehart.maya', 'tavianjin', 'lakshb429', 'roadrunner07.patrick', 'kunal.upadya', 'advsteelers', 'chrisc8w', 'rishikagundi', 'zhen.yang.1812', 'coreysimmerer', 'atherien7', 'dl232', 'spica3586', 'ebakretsbew', 'dianelin98', None, 'iyengar.nish', 'ajd66', 'milankshah135', 'hglr24', 'amartzz', 'dtribull', 'jgupta07', 'aguebor', 'vipeng99', 'wright.eddy82', 'scrater', 'samuelli.pk', 'cassie314', 'chris4307']",323,"['ns', 'pwmichalak', 'ckendig', 'wlsgh9838', 'kartiknairvariar6', 'sgu20161510', 'recepkaratoprak19', 'jaafaralsarray', 'fcoskuner68', 'durgeshahire15', 'onsozbuse541', 'akj01130', 'bloodknight26', 'sambentlin', 'seymaaguleer', 'alihakan1979', 'mileswang97', 'nishitasinha', 'coreysimmerer', 'serenayoussef', 'g.hernandez.sosa', 'dheemahi', 'zhur', 'dhilanr', 'kbhamon', 'rajjatsoni801', 'stkymk64', 'sefakahriman77', 'chinmaybharti00', 'bkucuksagir', 'gulsakadioglu', 'shreshtha.jbp2000', 'esha.kulawe', 'asmaa_abdelmegeed.', 'asif_iqbal', 'furkanefeyuceer', 'ssbagade1704', 'skscjsdl', 'duendo', 'oznurclskn2', 'nsener45', 'emrebuyukkose', 'stefano.capra1988', 'shaunaknatarajan', 'esraaosman12345', 'vinaykmandia2000', 'carboy7847', 'serkantg', 'emreelma757', 'resula', 'yasinzgen', 'furkan.turkay1', 'iiiisen2653', 'sabriagus26', 'adungey2', 'mbelissary1', 'abhilaksh93', 'hanstrjg', 'melis98bianca', 'erencanarslan70', 'anil.gun85', 'lisuhh22', 'mheim', 'advsteelers', 'mucoakar98', 'mattykleis', 'vaibhav8nawal', 'anushreesuhalka19', 'efeozalp', 'enizcelik2', 'ritwikkhandelwal09', 'ozanplt0697', 'aarjona', 'iremkaratas', 'ealperen98', 'anilkiziltas', 'brkyelaldi', 'zbo72899', 'kinker', 'ruchir.2000', 'secret0711', 'anirban1988', 'chris4307', 's4rahlim', 'elifcelebi98', 'cihan', 'jaisawant309', 'yunusbaskan1994', 'jainsamar398', 'slnknc35', 'mertcan.bayindir', 'martincala', 'lisa.w7h', 'mkkm95', 'raymondzhou227', 'mustfaasimsek.26', 'parkhyo864', 'omerrguzel', 'pshashi', 'berkayyaris', 'lakshb429', 'roadrunner07.patrick', 'emreaydn2002', 'serhatyildirim4078', 'rohitrajwansi7', 'atherien7', 'necipfazildogruyol', 'evren_aydin6', 'kaya.emrah.26', 'adilkhan', 'serkanbzkrt35', 'azadbilge', 'hklimach', 'o.erdogan541994', 'tarikyillmaz8', 'yhloveall1', 'brknshn', 'camille', 'aortwig2', 'samuelli.pk', 'cassie314', 'aileenpando', 'lewisaskeeble', 'rezaeemehdi64', 'ricardomilos69', 'chen.chen.cc2483', 'manmitsingh1999', 'muvafikmelikkaya', 'gkumar946.gk', 'uttam', 'pranav_706', 'jellal914', 'engfersoy', 'errouadd', 'mblr96', 'danielmoraru', 'mad.4101', 'daberaoviraj123', 'refflouis612', 'gkckirtasiye', 'emppalms', 'czz', 'anuranandas', 'stefanolarentis', 'prachi.p', 'phycsxu', 'hituldesai03', 'huaminli', 'ygtbstg', 'svhsai2000', 'hazalakyel', 'kadiraytac', 'karabostan37', 'cerencoskunn', 'raptor.l841', 'yqwuly', 'ojsul', 'vipeng99', 'pangraci', 'riyaaanchal', 'brianbosem', 'ozgurozdemir798', 'john_schmidt', 'chiragmeena19', 'ahhmetbulut', 'anishadok', 'nikhil10rai', 'rkraks5', 'wolnypokoj', 'rishabhsureka123', 'aktasozgurozan', 'alperen2626', 'prashilpatil99', 'melike.1kayali', 'didi.isme10', 'ee17btech11032', 'liathannah', 'maggiebasta', 'afurkanbudak42', 'ahmedsameh25951', 'aforanurag99', 'dm932051', 'ebx', 'abdumhrous', 'dl232', 'acj', 'whtyd35', 'vrdmn7721', '46harunakgul', 'mhckrhale96', 'janeelpatel', 'zhongpengsun', 'muktai2001', 'patururajesh91306', 'gulluhanrmk', 'whtyd03', 'felixdollinger', 'wright.eddy82', 'mseyfullahcelik', 'acrawford', 'samyakshah21', 'awale.vinit', 'archishman.saha', 'yunus.isikdemir97', 'sigdanumvid', 'nwkiller', 'guvennazlican85', 'universefish', 'nestor1999', 'kevinyoon', 'miakry', 'abhi9385', 'ashutoshranjan253', 'danielledavis', 'danielaibocanegra', 'kruthagnyamyana', 'omgiaquinto', 'emineist46', 'berktu', 'kunal.upadya', 'zhen.yang.1812', 'alexfw', 'ditisanghai', 'alym11731996', 'myrakis', 'dd.kok', 'jungyuya', 'spica3586', 'tongzhou904', 'berkcankucukkasap', 'nicoletrenchard', 'kennethkmd', 'kimsoyoung', 'dianelin98', None, 'yavuz5319', 'simgesismann', 'amolgirishshah', 'darrelly', 'hglr24', 'amartzz', 'parthm1611', 'jgupta07', 'agmariona', 'mahmutcanki', 'aguebor', 'ahmetkayapinar', 'ssha6687', 'tuafbogey', 'scrater', 'sencerkaracasu', 'jcho1895', 'havvafatmaozbay', 'amydb', 'lae26', 'denizans', 'ensarerol26', 'plabs', 'ingoldxc1090', 'berk.oztaskin.99', 'dd642482536', 'reetmehta', 'ksb541', 'dprabhanshu23', 'gadhiayash', 'jnana2k', 'prashants31', 'hrnatcn', 'devank', 'meltemsbreezes', 'afz', 'abdullahkucukel', 'mrefaat', 'chrisc8w', 'fatihvsever', 'gzmnce', 'hiteshk_24', 'ayushdahale6277', 'ebakretsbew', 'cagriguney', 'yalun', 'iyengar.nish', 'mertyamanoglu', 'ajd66', 'milankshah135', 'abk15062000', 'mevradilanerten', 'sakhrald', 'creutzfeldtundjakob', 'adbhut', 'jmedway614', 'efecanberkayyasar', 'gokce.gocerrr', 'guilherme.faveri', 'kurisil00', 'angiechristinelei', 'ujjwalkalra1969', 'bahcecieray', 'bhavika', 'jzwang8', 'rinehart.maya', 'anthony012798', 'tavianjin', 'hrishikesh', 'rishikagundi', 'araheem', 'piyush36', 'xerato', 'adityaharakare1', 'antonaci.p', 'dchang818', 'berkayerarslan', 'skyguy987', 'ruchir.iitb', 'afkali.120', 'johyunjung', 'dtribull', 'daleksec', 'canersokat', 'mohdghs', 'mustafaeee', 'batuhanuslu', 'kiragr1999']"
1,276,272,46,40,"['furkanefeyuceer', 'ricardomilos69', 'ns', 'duendo', 'havvafatmaozbay', 'guvennazlican85', 'emrebuyukkose', 'cihan', 'engfersoy', 'wolnypokoj', 'miakry', 'alperen2626', 'resula', 'mustfaasimsek.26', 'onsozbuse541', 'sabriagus26', 'bloodknight26', 'emineist46', 'meltemsbreezes', 'erencanarslan70', 'berktu', 'alihakan1979', 'ebx', 'serhatyildirim4078', 'alym11731996', 'dd.kok', 'evren_aydin6', 'cagriguney', 'enizcelik2', 'berkcankucukkasap', 'cerencoskunn', 'yavuz5319', 'simgesismann', 'iremkaratas', 'mahmutcanki', 'o.erdogan541994', 'daleksec', 'brknshn', 'tuafbogey', 'mseyfullahcelik']",232,"['pwmichalak', 'ckendig', 'wlsgh9838', 'kartiknairvariar6', 'sgu20161510', 'recepkaratoprak19', 'jaafaralsarray', 'fcoskuner68', 'durgeshahire15', 'akj01130', 'seymaaguleer', 'mileswang97', 'nishitasinha', 'serenayoussef', 'g.hernandez.sosa', 'dheemahi', 'zhur', 'dhilanr', 'kbhamon', 'rajjatsoni801', 'stkymk64', 'sefakahriman77', 'chinmaybharti00', 'bkucuksagir', 'gulsakadioglu', 'shreshtha.jbp2000', 'esha.kulawe', 'asmaa_abdelmegeed.', 'asif_iqbal', 'ssbagade1704', 'skscjsdl', 'oznurclskn2', 'nsener45', 'stefano.capra1988', 'shaunaknatarajan', 'esraaosman12345', 'vinaykmandia2000', 'carboy7847', 'serkantg', 'emreelma757', 'yasinzgen', 'furkan.turkay1', 'iiiisen2653', 'adungey2', 'abhilaksh93', 'melis98bianca', 'anil.gun85', 'lisuhh22', 'mheim', 'mucoakar98', 'mattykleis', 'vaibhav8nawal', 'anushreesuhalka19', 'efeozalp', 'ritwikkhandelwal09', 'ozanplt0697', 'aarjona', 'ealperen98', 'anilkiziltas', 'brkyelaldi', 'zbo72899', 'kinker', 'ruchir.2000', 'secret0711', 'anirban1988', 'elifcelebi98', 'jaisawant309', 'yunusbaskan1994', 'jainsamar398', 'slnknc35', 'mertcan.bayindir', 'lisa.w7h', 'mkkm95', 'raymondzhou227', 'parkhyo864', 'omerrguzel', 'pshashi', 'berkayyaris', 'emreaydn2002', 'rohitrajwansi7', 'necipfazildogruyol', 'kaya.emrah.26', 'adilkhan', 'serkanbzkrt35', 'azadbilge', 'hklimach', 'tarikyillmaz8', 'yhloveall1', 'camille', 'aortwig2', 'aileenpando', 'lewisaskeeble', 'rezaeemehdi64', 'chen.chen.cc2483', 'muvafikmelikkaya', 'gkumar946.gk', 'uttam', 'pranav_706', 'errouadd', 'mblr96', 'danielmoraru', 'mad.4101', 'daberaoviraj123', 'gkckirtasiye', 'anuranandas', 'stefanolarentis', 'prachi.p', 'phycsxu', 'hituldesai03', 'huaminli', 'ygtbstg', 'svhsai2000', 'hazalakyel', 'kadiraytac', 'karabostan37', 'raptor.l841', 'yqwuly', 'ojsul', 'pangraci', 'riyaaanchal', 'ozgurozdemir798', 'john_schmidt', 'chiragmeena19', 'ahhmetbulut', 'anishadok', 'nikhil10rai', 'rishabhsureka123', 'aktasozgurozan', 'prashilpatil99', 'melike.1kayali', 'ee17btech11032', 'maggiebasta', 'afurkanbudak42', 'ahmedsameh25951', 'aforanurag99', 'dm932051', 'abdumhrous', 'acj', 'whtyd35', 'vrdmn7721', '46harunakgul', 'mhckrhale96', 'janeelpatel', 'zhongpengsun', 'muktai2001', 'patururajesh91306', 'gulluhanrmk', 'whtyd03', 'felixdollinger', 'acrawford', 'samyakshah21', 'awale.vinit', 'archishman.saha', 'yunus.isikdemir97', 'sigdanumvid', 'nwkiller', 'nestor1999', 'kevinyoon', 'abhi9385', 'ashutoshranjan253', 'danielledavis', 'kruthagnyamyana', 'omgiaquinto', 'alexfw', 'ditisanghai', 'myrakis', 'jungyuya', 'tongzhou904', 'nicoletrenchard', 'kennethkmd', 'kimsoyoung', 'amolgirishshah', 'darrelly', 'parthm1611', 'agmariona', 'ahmetkayapinar', 'ssha6687', 'sencerkaracasu', 'jcho1895', 'amydb', 'denizans', 'ensarerol26', 'plabs', 'berk.oztaskin.99', 'dd642482536', 'reetmehta', 'ksb541', 'dprabhanshu23', 'gadhiayash', 'jnana2k', 'prashants31', 'hrnatcn', 'devank', 'afz', 'abdullahkucukel', 'mrefaat', 'fatihvsever', 'gzmnce', 'hiteshk_24', 'ayushdahale6277', 'yalun', 'mertyamanoglu', 'abk15062000', 'mevradilanerten', 'sakhrald', 'creutzfeldtundjakob', 'adbhut', 'efecanberkayyasar', 'gokce.gocerrr', 'guilherme.faveri', 'ujjwalkalra1969', 'bahcecieray', 'bhavika', 'jzwang8', 'anthony012798', 'hrishikesh', 'araheem', 'piyush36', 'xerato', 'adityaharakare1', 'antonaci.p', 'dchang818', 'berkayerarslan', 'skyguy987', 'ruchir.iitb', 'afkali.120', 'johyunjung', 'canersokat', 'mohdghs', 'mustafaeee', 'batuhanuslu', 'kiragr1999']",6,"['esranurcengiz43', 'kelkulanzero', 'ibrahimanilsimsek3', 'tevfikdingecoglu', None, 'hga']",278,"['ns', 'pwmichalak', 'ckendig', 'wlsgh9838', 'kartiknairvariar6', 'sgu20161510', 'recepkaratoprak19', 'jaafaralsarray', 'fcoskuner68', 'durgeshahire15', 'onsozbuse541', 'akj01130', 'bloodknight26', 'seymaaguleer', 'alihakan1979', 'mileswang97', 'nishitasinha', 'serenayoussef', 'g.hernandez.sosa', 'dheemahi', 'zhur', 'dhilanr', 'kbhamon', 'rajjatsoni801', 'stkymk64', 'sefakahriman77', 'chinmaybharti00', 'bkucuksagir', 'gulsakadioglu', 'shreshtha.jbp2000', 'esha.kulawe', 'asmaa_abdelmegeed.', 'asif_iqbal', 'furkanefeyuceer', 'ssbagade1704', 'skscjsdl', 'duendo', 'oznurclskn2', 'nsener45', 'emrebuyukkose', 'stefano.capra1988', 'shaunaknatarajan', 'esraaosman12345', 'vinaykmandia2000', 'carboy7847', 'serkantg', 'emreelma757', 'resula', 'yasinzgen', 'furkan.turkay1', 'iiiisen2653', 'sabriagus26', 'adungey2', 'abhilaksh93', 'melis98bianca', 'erencanarslan70', 'anil.gun85', 'lisuhh22', 'mheim', 'mucoakar98', 'mattykleis', 'vaibhav8nawal', 'anushreesuhalka19', 'efeozalp', 'enizcelik2', 'ritwikkhandelwal09', 'ozanplt0697', 'aarjona', 'iremkaratas', 'ealperen98', 'anilkiziltas', 'brkyelaldi', 'zbo72899', 'kinker', 'ruchir.2000', 'secret0711', 'anirban1988', 'elifcelebi98', 'cihan', 'jaisawant309', 'yunusbaskan1994', 'jainsamar398', 'slnknc35', 'tevfikdingecoglu', 'mertcan.bayindir', 'lisa.w7h', 'mkkm95', 'raymondzhou227', 'mustfaasimsek.26', 'parkhyo864', 'omerrguzel', 'pshashi', 'berkayyaris', 'emreaydn2002', 'serhatyildirim4078', 'rohitrajwansi7', 'necipfazildogruyol', 'evren_aydin6', 'kaya.emrah.26', 'adilkhan', 'serkanbzkrt35', 'azadbilge', 'hklimach', 'o.erdogan541994', 'tarikyillmaz8', 'yhloveall1', 'brknshn', 'camille', 'aortwig2', 'aileenpando', 'lewisaskeeble', 'rezaeemehdi64', 'ricardomilos69', 'chen.chen.cc2483', 'muvafikmelikkaya', 'gkumar946.gk', 'uttam', 'pranav_706', 'engfersoy', 'errouadd', 'mblr96', 'danielmoraru', 'mad.4101', 'daberaoviraj123', 'gkckirtasiye', 'anuranandas', 'stefanolarentis', 'prachi.p', 'phycsxu', 'hituldesai03', 'huaminli', 'ygtbstg', 'svhsai2000', 'hazalakyel', 'kadiraytac', 'karabostan37', 'cerencoskunn', 'raptor.l841', 'yqwuly', 'ojsul', 'pangraci', 'riyaaanchal', 'ibrahimanilsimsek3', 'ozgurozdemir798', 'john_schmidt', 'chiragmeena19', 'ahhmetbulut', 'anishadok', 'nikhil10rai', 'wolnypokoj', 'rishabhsureka123', 'aktasozgurozan', 'alperen2626', 'prashilpatil99', 'melike.1kayali', 'ee17btech11032', 'maggiebasta', 'afurkanbudak42', 'ahmedsameh25951', 'aforanurag99', 'dm932051', 'ebx', 'abdumhrous', 'acj', 'whtyd35', 'vrdmn7721', '46harunakgul', 'mhckrhale96', 'janeelpatel', 'zhongpengsun', 'muktai2001', 'patururajesh91306', 'gulluhanrmk', 'whtyd03', 'felixdollinger', 'mseyfullahcelik', 'acrawford', 'samyakshah21', 'awale.vinit', 'archishman.saha', 'yunus.isikdemir97', 'sigdanumvid', 'nwkiller', 'guvennazlican85', 'nestor1999', 'kevinyoon', 'miakry', 'abhi9385', 'ashutoshranjan253', 'danielledavis', 'kruthagnyamyana', 'omgiaquinto', 'emineist46', 'berktu', 'alexfw', 'ditisanghai', 'alym11731996', 'myrakis', 'dd.kok', 'jungyuya', 'tongzhou904', 'berkcankucukkasap', 'nicoletrenchard', 'kennethkmd', 'kimsoyoung', None, 'yavuz5319', 'simgesismann', 'amolgirishshah', 'darrelly', 'parthm1611', 'agmariona', 'mahmutcanki', 'ahmetkayapinar', 'ssha6687', 'tuafbogey', 'sencerkaracasu', 'jcho1895', 'havvafatmaozbay', 'amydb', 'denizans', 'ensarerol26', 'plabs', 'berk.oztaskin.99', 'dd642482536', 'reetmehta', 'ksb541', 'dprabhanshu23', 'gadhiayash', 'jnana2k', 'prashants31', 'hrnatcn', 'devank', 'meltemsbreezes', 'afz', 'abdullahkucukel', 'mrefaat', 'fatihvsever', 'gzmnce', 'hiteshk_24', 'ayushdahale6277', 'cagriguney', 'yalun', 'mertyamanoglu', 'abk15062000', 'mevradilanerten', 'sakhrald', 'creutzfeldtundjakob', 'adbhut', 'efecanberkayyasar', 'gokce.gocerrr', 'guilherme.faveri', 'ujjwalkalra1969', 'bahcecieray', 'bhavika', 'jzwang8', 'anthony012798', 'kelkulanzero', 'hrishikesh', 'araheem', 'hga', 'piyush36', 'xerato', 'adityaharakare1', 'antonaci.p', 'esranurcengiz43', 'dchang818', 'berkayerarslan', 'skyguy987', 'ruchir.iitb', 'afkali.120', 'johyunjung', 'daleksec', 'canersokat', 'mohdghs', 'mustafaeee', 'batuhanuslu', 'kiragr1999']"
1,284,272,33,31,"['rezaeemehdi64', 'john_schmidt', 'jcho1895', 'pwmichalak', 'ckendig', 'nestor1999', 'amydb', 'anishadok', 'kevinyoon', 'plabs', 'errouadd', 'dd642482536', 'lisa.w7h', 'omgiaquinto', 'maggiebasta', 'anthony012798', 'lisuhh22', 'araheem', 'alexfw', 'mileswang97', 'nishitasinha', 'zhur', 'dchang818', 'nicoletrenchard', 'kennethkmd', 'zhongpengsun', 'dhilanr', 'aarjona', 'darrelly', 'acrawford', 'aileenpando']",241,"['ns', 'wlsgh9838', 'kartiknairvariar6', 'sgu20161510', 'recepkaratoprak19', 'jaafaralsarray', 'fcoskuner68', 'durgeshahire15', 'onsozbuse541', 'akj01130', 'bloodknight26', 'seymaaguleer', 'alihakan1979', 'serenayoussef', 'g.hernandez.sosa', 'dheemahi', 'kbhamon', 'rajjatsoni801', 'stkymk64', 'sefakahriman77', 'chinmaybharti00', 'bkucuksagir', 'gulsakadioglu', 'shreshtha.jbp2000', 'esha.kulawe', 'asmaa_abdelmegeed.', 'asif_iqbal', 'furkanefeyuceer', 'ssbagade1704', 'skscjsdl', 'duendo', 'oznurclskn2', 'nsener45', 'emrebuyukkose', 'stefano.capra1988', 'shaunaknatarajan', 'esraaosman12345', 'vinaykmandia2000', 'carboy7847', 'serkantg', 'emreelma757', 'resula', 'yasinzgen', 'furkan.turkay1', 'iiiisen2653', 'sabriagus26', 'adungey2', 'abhilaksh93', 'melis98bianca', 'erencanarslan70', 'anil.gun85', 'mheim', 'mucoakar98', 'mattykleis', 'vaibhav8nawal', 'anushreesuhalka19', 'efeozalp', 'enizcelik2', 'ritwikkhandelwal09', 'ozanplt0697', 'iremkaratas', 'ealperen98', 'anilkiziltas', 'brkyelaldi', 'zbo72899', 'kinker', 'ruchir.2000', 'secret0711', 'anirban1988', 'elifcelebi98', 'cihan', 'jaisawant309', 'yunusbaskan1994', 'jainsamar398', 'slnknc35', 'mertcan.bayindir', 'mkkm95', 'raymondzhou227', 'mustfaasimsek.26', 'parkhyo864', 'omerrguzel', 'pshashi', 'berkayyaris', 'emreaydn2002', 'serhatyildirim4078', 'rohitrajwansi7', 'necipfazildogruyol', 'evren_aydin6', 'kaya.emrah.26', 'adilkhan', 'serkanbzkrt35', 'azadbilge', 'hklimach', 'o.erdogan541994', 'tarikyillmaz8', 'yhloveall1', 'brknshn', 'camille', 'aortwig2', 'lewisaskeeble', 'ricardomilos69', 'chen.chen.cc2483', 'muvafikmelikkaya', 'gkumar946.gk', 'uttam', 'pranav_706', 'engfersoy', 'mblr96', 'danielmoraru', 'mad.4101', 'daberaoviraj123', 'gkckirtasiye', 'anuranandas', 'stefanolarentis', 'prachi.p', 'phycsxu', 'hituldesai03', 'huaminli', 'ygtbstg', 'svhsai2000', 'hazalakyel', 'kadiraytac', 'karabostan37', 'cerencoskunn', 'raptor.l841', 'yqwuly', 'ojsul', 'pangraci', 'riyaaanchal', 'ozgurozdemir798', 'chiragmeena19', 'ahhmetbulut', 'nikhil10rai', 'wolnypokoj', 'rishabhsureka123', 'aktasozgurozan', 'alperen2626', 'prashilpatil99', 'melike.1kayali', 'ee17btech11032', 'afurkanbudak42', 'ahmedsameh25951', 'aforanurag99', 'dm932051', 'ebx', 'abdumhrous', 'acj', 'whtyd35', 'vrdmn7721', '46harunakgul', 'mhckrhale96', 'janeelpatel', 'muktai2001', 'patururajesh91306', 'gulluhanrmk', 'whtyd03', 'felixdollinger', 'mseyfullahcelik', 'samyakshah21', 'awale.vinit', 'archishman.saha', 'yunus.isikdemir97', 'sigdanumvid', 'nwkiller', 'guvennazlican85', 'miakry', 'abhi9385', 'ashutoshranjan253', 'danielledavis', 'kruthagnyamyana', 'emineist46', 'berktu', 'ditisanghai', 'alym11731996', 'myrakis', 'dd.kok', 'jungyuya', 'tongzhou904', 'berkcankucukkasap', 'kimsoyoung', 'yavuz5319', 'simgesismann', 'amolgirishshah', 'parthm1611', 'agmariona', 'mahmutcanki', 'ahmetkayapinar', 'ssha6687', 'tuafbogey', 'sencerkaracasu', 'havvafatmaozbay', 'denizans', 'ensarerol26', 'berk.oztaskin.99', 'reetmehta', 'ksb541', 'dprabhanshu23', 'gadhiayash', 'jnana2k', 'prashants31', 'hrnatcn', 'devank', 'meltemsbreezes', 'afz', 'abdullahkucukel', 'mrefaat', 'fatihvsever', 'gzmnce', 'hiteshk_24', 'ayushdahale6277', 'cagriguney', 'yalun', 'mertyamanoglu', 'abk15062000', 'mevradilanerten', 'sakhrald', 'creutzfeldtundjakob', 'adbhut', 'efecanberkayyasar', 'gokce.gocerrr', 'guilherme.faveri', 'ujjwalkalra1969', 'bahcecieray', 'bhavika', 'jzwang8', 'hrishikesh', 'piyush36', 'xerato', 'adityaharakare1', 'antonaci.p', 'berkayerarslan', 'skyguy987', 'ruchir.iitb', 'afkali.120', 'johyunjung', 'daleksec', 'canersokat', 'mohdghs', 'mustafaeee', 'batuhanuslu', 'kiragr1999']",2,"[None, 'evelynlhu']",274,"['ns', 'pwmichalak', 'ckendig', 'wlsgh9838', 'kartiknairvariar6', 'sgu20161510', 'recepkaratoprak19', 'jaafaralsarray', 'fcoskuner68', 'durgeshahire15', 'onsozbuse541', 'akj01130', 'bloodknight26', 'seymaaguleer', 'alihakan1979', 'mileswang97', 'nishitasinha', 'serenayoussef', 'g.hernandez.sosa', 'dheemahi', 'zhur', 'dhilanr', 'kbhamon', 'rajjatsoni801', 'stkymk64', 'sefakahriman77', 'chinmaybharti00', 'bkucuksagir', 'gulsakadioglu', 'shreshtha.jbp2000', 'esha.kulawe', 'asmaa_abdelmegeed.', 'asif_iqbal', 'furkanefeyuceer', 'ssbagade1704', 'skscjsdl', 'duendo', 'oznurclskn2', 'nsener45', 'emrebuyukkose', 'stefano.capra1988', 'evelynlhu', 'shaunaknatarajan', 'esraaosman12345', 'vinaykmandia2000', 'carboy7847', 'serkantg', 'emreelma757', 'resula', 'yasinzgen', 'furkan.turkay1', 'iiiisen2653', 'sabriagus26', 'adungey2', 'abhilaksh93', 'melis98bianca', 'erencanarslan70', 'anil.gun85', 'lisuhh22', 'mheim', 'mucoakar98', 'mattykleis', 'vaibhav8nawal', 'anushreesuhalka19', 'efeozalp', 'enizcelik2', 'ritwikkhandelwal09', 'ozanplt0697', 'aarjona', 'iremkaratas', 'ealperen98', 'anilkiziltas', 'brkyelaldi', 'zbo72899', 'kinker', 'ruchir.2000', 'secret0711', 'anirban1988', 'elifcelebi98', 'cihan', 'jaisawant309', 'yunusbaskan1994', 'jainsamar398', 'slnknc35', 'mertcan.bayindir', 'lisa.w7h', 'mkkm95', 'raymondzhou227', 'mustfaasimsek.26', 'parkhyo864', 'omerrguzel', 'pshashi', 'berkayyaris', 'emreaydn2002', 'serhatyildirim4078', 'rohitrajwansi7', 'necipfazildogruyol', 'evren_aydin6', 'kaya.emrah.26', 'adilkhan', 'serkanbzkrt35', 'azadbilge', 'hklimach', 'o.erdogan541994', 'tarikyillmaz8', 'yhloveall1', 'brknshn', 'camille', 'aortwig2', 'aileenpando', 'lewisaskeeble', 'rezaeemehdi64', 'ricardomilos69', 'chen.chen.cc2483', 'muvafikmelikkaya', 'gkumar946.gk', 'uttam', 'pranav_706', 'engfersoy', 'errouadd', 'mblr96', 'danielmoraru', 'mad.4101', 'daberaoviraj123', 'gkckirtasiye', 'anuranandas', 'stefanolarentis', 'prachi.p', 'phycsxu', 'hituldesai03', 'huaminli', 'ygtbstg', 'svhsai2000', 'hazalakyel', 'kadiraytac', 'karabostan37', 'cerencoskunn', 'raptor.l841', 'yqwuly', 'ojsul', 'pangraci', 'riyaaanchal', 'ozgurozdemir798', 'john_schmidt', 'chiragmeena19', 'ahhmetbulut', 'anishadok', 'nikhil10rai', 'wolnypokoj', 'rishabhsureka123', 'aktasozgurozan', 'alperen2626', 'prashilpatil99', 'melike.1kayali', 'ee17btech11032', 'maggiebasta', 'afurkanbudak42', 'ahmedsameh25951', 'aforanurag99', 'dm932051', 'ebx', 'abdumhrous', 'acj', 'whtyd35', 'vrdmn7721', '46harunakgul', 'mhckrhale96', 'janeelpatel', 'zhongpengsun', 'muktai2001', 'patururajesh91306', 'gulluhanrmk', 'whtyd03', 'felixdollinger', 'mseyfullahcelik', 'acrawford', 'samyakshah21', 'awale.vinit', 'archishman.saha', 'yunus.isikdemir97', 'sigdanumvid', 'nwkiller', 'guvennazlican85', 'nestor1999', 'kevinyoon', 'miakry', 'abhi9385', 'ashutoshranjan253', 'danielledavis', 'kruthagnyamyana', 'omgiaquinto', 'emineist46', 'berktu', 'alexfw', 'ditisanghai', 'alym11731996', 'myrakis', 'dd.kok', 'jungyuya', 'tongzhou904', 'berkcankucukkasap', 'nicoletrenchard', 'kennethkmd', 'kimsoyoung', None, 'yavuz5319', 'simgesismann', 'amolgirishshah', 'darrelly', 'parthm1611', 'agmariona', 'mahmutcanki', 'ahmetkayapinar', 'ssha6687', 'tuafbogey', 'sencerkaracasu', 'jcho1895', 'havvafatmaozbay', 'amydb', 'denizans', 'ensarerol26', 'plabs', 'berk.oztaskin.99', 'dd642482536', 'reetmehta', 'ksb541', 'dprabhanshu23', 'gadhiayash', 'jnana2k', 'prashants31', 'hrnatcn', 'devank', 'meltemsbreezes', 'afz', 'abdullahkucukel', 'mrefaat', 'fatihvsever', 'gzmnce', 'hiteshk_24', 'ayushdahale6277', 'cagriguney', 'yalun', 'mertyamanoglu', 'abk15062000', 'mevradilanerten', 'sakhrald', 'creutzfeldtundjakob', 'adbhut', 'efecanberkayyasar', 'gokce.gocerrr', 'guilherme.faveri', 'ujjwalkalra1969', 'bahcecieray', 'bhavika', 'jzwang8', 'anthony012798', 'hrishikesh', 'araheem', 'piyush36', 'xerato', 'adityaharakare1', 'antonaci.p', 'dchang818', 'berkayerarslan', 'skyguy987', 'ruchir.iitb', 'afkali.120', 'johyunjung', 'daleksec', 'canersokat', 'mohdghs', 'mustafaeee', 'batuhanuslu', 'kiragr1999']"
1,255,272,26,18,"['prashilpatil99', 'archishman.saha', 'rohitrajwansi7', 'durgeshahire15', 'ksb541', 'jaisawant309', 'prashants31', 'chinmaybharti00', 'uttam', 'gkumar946.gk', 'vrdmn7721', 'pranav_706', 'ayushdahale6277', 'abhilaksh93', 'esha.kulawe', 'abk15062000', 'muktai2001', 'patururajesh91306']",254,"['ns', 'pwmichalak', 'ckendig', 'wlsgh9838', 'kartiknairvariar6', 'sgu20161510', 'recepkaratoprak19', 'jaafaralsarray', 'fcoskuner68', 'onsozbuse541', 'akj01130', 'bloodknight26', 'seymaaguleer', 'alihakan1979', 'mileswang97', 'nishitasinha', 'serenayoussef', 'g.hernandez.sosa', 'dheemahi', 'zhur', 'dhilanr', 'kbhamon', 'rajjatsoni801', 'stkymk64', 'sefakahriman77', 'bkucuksagir', 'gulsakadioglu', 'shreshtha.jbp2000', 'asmaa_abdelmegeed.', 'asif_iqbal', 'furkanefeyuceer', 'ssbagade1704', 'skscjsdl', 'duendo', 'oznurclskn2', 'nsener45', 'emrebuyukkose', 'stefano.capra1988', 'shaunaknatarajan', 'esraaosman12345', 'vinaykmandia2000', 'carboy7847', 'serkantg', 'emreelma757', 'resula', 'yasinzgen', 'furkan.turkay1', 'iiiisen2653', 'sabriagus26', 'adungey2', 'melis98bianca', 'erencanarslan70', 'anil.gun85', 'lisuhh22', 'mheim', 'mucoakar98', 'mattykleis', 'vaibhav8nawal', 'anushreesuhalka19', 'efeozalp', 'enizcelik2', 'ritwikkhandelwal09', 'ozanplt0697', 'aarjona', 'iremkaratas', 'ealperen98', 'anilkiziltas', 'brkyelaldi', 'zbo72899', 'kinker', 'ruchir.2000', 'secret0711', 'anirban1988', 'elifcelebi98', 'cihan', 'yunusbaskan1994', 'jainsamar398', 'slnknc35', 'mertcan.bayindir', 'lisa.w7h', 'mkkm95', 'raymondzhou227', 'mustfaasimsek.26', 'parkhyo864', 'omerrguzel', 'pshashi', 'berkayyaris', 'emreaydn2002', 'serhatyildirim4078', 'necipfazildogruyol', 'evren_aydin6', 'kaya.emrah.26', 'adilkhan', 'serkanbzkrt35', 'azadbilge', 'hklimach', 'o.erdogan541994', 'tarikyillmaz8', 'yhloveall1', 'brknshn', 'camille', 'aortwig2', 'aileenpando', 'lewisaskeeble', 'rezaeemehdi64', 'ricardomilos69', 'chen.chen.cc2483', 'muvafikmelikkaya', 'engfersoy', 'errouadd', 'mblr96', 'danielmoraru', 'mad.4101', 'daberaoviraj123', 'gkckirtasiye', 'anuranandas', 'stefanolarentis', 'prachi.p', 'phycsxu', 'hituldesai03', 'huaminli', 'ygtbstg', 'svhsai2000', 'hazalakyel', 'kadiraytac', 'karabostan37', 'cerencoskunn', 'raptor.l841', 'yqwuly', 'ojsul', 'pangraci', 'riyaaanchal', 'ozgurozdemir798', 'john_schmidt', 'chiragmeena19', 'ahhmetbulut', 'anishadok', 'nikhil10rai', 'wolnypokoj', 'rishabhsureka123', 'aktasozgurozan', 'alperen2626', 'melike.1kayali', 'ee17btech11032', 'maggiebasta', 'afurkanbudak42', 'ahmedsameh25951', 'aforanurag99', 'dm932051', 'ebx', 'abdumhrous', 'acj', 'whtyd35', '46harunakgul', 'mhckrhale96', 'janeelpatel', 'zhongpengsun', 'gulluhanrmk', 'whtyd03', 'felixdollinger', 'mseyfullahcelik', 'acrawford', 'samyakshah21', 'awale.vinit', 'yunus.isikdemir97', 'sigdanumvid', 'nwkiller', 'guvennazlican85', 'nestor1999', 'kevinyoon', 'miakry', 'abhi9385', 'ashutoshranjan253', 'danielledavis', 'kruthagnyamyana', 'omgiaquinto', 'emineist46', 'berktu', 'alexfw', 'ditisanghai', 'alym11731996', 'myrakis', 'dd.kok', 'jungyuya', 'tongzhou904', 'berkcankucukkasap', 'nicoletrenchard', 'kennethkmd', 'kimsoyoung', 'yavuz5319', 'simgesismann', 'amolgirishshah', 'darrelly', 'parthm1611', 'agmariona', 'mahmutcanki', 'ahmetkayapinar', 'ssha6687', 'tuafbogey', 'sencerkaracasu', 'jcho1895', 'havvafatmaozbay', 'amydb', 'denizans', 'ensarerol26', 'plabs', 'berk.oztaskin.99', 'dd642482536', 'reetmehta', 'dprabhanshu23', 'gadhiayash', 'jnana2k', 'hrnatcn', 'devank', 'meltemsbreezes', 'afz', 'abdullahkucukel', 'mrefaat', 'fatihvsever', 'gzmnce', 'hiteshk_24', 'cagriguney', 'yalun', 'mertyamanoglu', 'mevradilanerten', 'sakhrald', 'creutzfeldtundjakob', 'adbhut', 'efecanberkayyasar', 'gokce.gocerrr', 'guilherme.faveri', 'ujjwalkalra1969', 'bahcecieray', 'bhavika', 'jzwang8', 'anthony012798', 'hrishikesh', 'araheem', 'piyush36', 'xerato', 'adityaharakare1', 'antonaci.p', 'dchang818', 'berkayerarslan', 'skyguy987', 'ruchir.iitb', 'afkali.120', 'johyunjung', 'daleksec', 'canersokat', 'mohdghs', 'mustafaeee', 'batuhanuslu', 'kiragr1999']",8,"['kanabarmillen', 'harleen.shrivs', '20anand.abhi', 'shaunzac', 'supreeth9', 'priyankabagade96', None, 'immanuelwilliams']",280,"['ns', 'pwmichalak', 'ckendig', 'wlsgh9838', 'kartiknairvariar6', 'sgu20161510', 'recepkaratoprak19', 'jaafaralsarray', 'fcoskuner68', 'durgeshahire15', 'onsozbuse541', 'akj01130', 'bloodknight26', 'seymaaguleer', 'alihakan1979', 'mileswang97', 'nishitasinha', 'serenayoussef', 'g.hernandez.sosa', 'dheemahi', 'zhur', 'dhilanr', 'kbhamon', 'rajjatsoni801', 'stkymk64', 'sefakahriman77', 'chinmaybharti00', 'bkucuksagir', 'gulsakadioglu', 'shreshtha.jbp2000', 'esha.kulawe', 'asmaa_abdelmegeed.', 'asif_iqbal', 'furkanefeyuceer', 'ssbagade1704', 'skscjsdl', 'duendo', 'oznurclskn2', 'nsener45', 'emrebuyukkose', 'stefano.capra1988', 'shaunaknatarajan', 'esraaosman12345', 'vinaykmandia2000', 'carboy7847', 'serkantg', 'emreelma757', 'resula', 'yasinzgen', 'furkan.turkay1', 'iiiisen2653', 'sabriagus26', 'adungey2', 'abhilaksh93', 'melis98bianca', 'erencanarslan70', 'anil.gun85', 'lisuhh22', 'mheim', 'mucoakar98', 'mattykleis', 'vaibhav8nawal', 'anushreesuhalka19', 'efeozalp', 'enizcelik2', 'ritwikkhandelwal09', 'ozanplt0697', 'aarjona', 'iremkaratas', 'ealperen98', 'anilkiziltas', 'brkyelaldi', 'zbo72899', 'kinker', 'ruchir.2000', 'secret0711', 'anirban1988', 'immanuelwilliams', 'elifcelebi98', 'cihan', 'jaisawant309', 'yunusbaskan1994', 'jainsamar398', 'slnknc35', 'mertcan.bayindir', 'lisa.w7h', 'mkkm95', 'raymondzhou227', 'mustfaasimsek.26', 'parkhyo864', 'omerrguzel', 'pshashi', 'berkayyaris', 'emreaydn2002', 'serhatyildirim4078', 'rohitrajwansi7', 'necipfazildogruyol', 'evren_aydin6', 'kaya.emrah.26', 'adilkhan', 'serkanbzkrt35', 'azadbilge', 'hklimach', 'o.erdogan541994', 'tarikyillmaz8', 'yhloveall1', 'brknshn', 'camille', 'aortwig2', 'aileenpando', 'lewisaskeeble', 'rezaeemehdi64', 'ricardomilos69', 'chen.chen.cc2483', 'muvafikmelikkaya', 'gkumar946.gk', 'uttam', 'pranav_706', 'supreeth9', 'engfersoy', 'errouadd', 'mblr96', 'danielmoraru', 'mad.4101', 'daberaoviraj123', 'gkckirtasiye', 'anuranandas', 'stefanolarentis', 'prachi.p', 'phycsxu', 'hituldesai03', 'huaminli', 'ygtbstg', 'svhsai2000', 'hazalakyel', 'kadiraytac', 'karabostan37', 'cerencoskunn', 'raptor.l841', 'yqwuly', 'ojsul', 'pangraci', 'riyaaanchal', 'ozgurozdemir798', 'john_schmidt', 'chiragmeena19', 'ahhmetbulut', 'anishadok', 'nikhil10rai', 'wolnypokoj', 'rishabhsureka123', 'aktasozgurozan', 'alperen2626', 'prashilpatil99', 'melike.1kayali', 'ee17btech11032', 'maggiebasta', 'afurkanbudak42', 'ahmedsameh25951', 'aforanurag99', 'dm932051', 'ebx', 'kanabarmillen', 'abdumhrous', 'acj', 'whtyd35', 'vrdmn7721', '46harunakgul', 'mhckrhale96', 'janeelpatel', 'zhongpengsun', 'muktai2001', 'patururajesh91306', 'gulluhanrmk', 'whtyd03', 'felixdollinger', 'harleen.shrivs', 'mseyfullahcelik', 'acrawford', 'samyakshah21', 'awale.vinit', 'archishman.saha', 'yunus.isikdemir97', 'sigdanumvid', 'nwkiller', 'guvennazlican85', 'nestor1999', 'kevinyoon', 'miakry', 'abhi9385', 'ashutoshranjan253', 'danielledavis', 'kruthagnyamyana', 'omgiaquinto', 'emineist46', 'priyankabagade96', 'berktu', 'alexfw', 'ditisanghai', 'alym11731996', 'myrakis', 'dd.kok', 'jungyuya', '20anand.abhi', 'tongzhou904', 'berkcankucukkasap', 'nicoletrenchard', 'kennethkmd', 'kimsoyoung', None, 'yavuz5319', 'simgesismann', 'amolgirishshah', 'darrelly', 'parthm1611', 'agmariona', 'mahmutcanki', 'ahmetkayapinar', 'ssha6687', 'tuafbogey', 'sencerkaracasu', 'jcho1895', 'havvafatmaozbay', 'amydb', 'denizans', 'ensarerol26', 'plabs', 'berk.oztaskin.99', 'dd642482536', 'reetmehta', 'ksb541', 'dprabhanshu23', 'gadhiayash', 'jnana2k', 'prashants31', 'hrnatcn', 'devank', 'meltemsbreezes', 'afz', 'abdullahkucukel', 'mrefaat', 'fatihvsever', 'gzmnce', 'hiteshk_24', 'ayushdahale6277', 'cagriguney', 'yalun', 'mertyamanoglu', 'abk15062000', 'mevradilanerten', 'sakhrald', 'creutzfeldtundjakob', 'shaunzac', 'adbhut', 'efecanberkayyasar', 'gokce.gocerrr', 'guilherme.faveri', 'ujjwalkalra1969', 'bahcecieray', 'bhavika', 'jzwang8', 'anthony012798', 'hrishikesh', 'araheem', 'piyush36', 'xerato', 'adityaharakare1', 'antonaci.p', 'dchang818', 'berkayerarslan', 'skyguy987', 'ruchir.iitb', 'afkali.120', 'johyunjung', 'daleksec', 'canersokat', 'mohdghs', 'mustafaeee', 'batuhanuslu', 'kiragr1999']"
1,290,272,23,3,"['esraaosman12345', 'abdumhrous', 'ahmedsameh25951']",269,"['ns', 'pwmichalak', 'ckendig', 'wlsgh9838', 'kartiknairvariar6', 'sgu20161510', 'recepkaratoprak19', 'jaafaralsarray', 'fcoskuner68', 'durgeshahire15', 'onsozbuse541', 'akj01130', 'bloodknight26', 'seymaaguleer', 'alihakan1979', 'mileswang97', 'nishitasinha', 'serenayoussef', 'g.hernandez.sosa', 'dheemahi', 'zhur', 'dhilanr', 'kbhamon', 'rajjatsoni801', 'stkymk64', 'sefakahriman77', 'chinmaybharti00', 'bkucuksagir', 'gulsakadioglu', 'shreshtha.jbp2000', 'esha.kulawe', 'asmaa_abdelmegeed.', 'asif_iqbal', 'furkanefeyuceer', 'ssbagade1704', 'skscjsdl', 'duendo', 'oznurclskn2', 'nsener45', 'emrebuyukkose', 'stefano.capra1988', 'shaunaknatarajan', 'vinaykmandia2000', 'carboy7847', 'serkantg', 'emreelma757', 'resula', 'yasinzgen', 'furkan.turkay1', 'iiiisen2653', 'sabriagus26', 'adungey2', 'abhilaksh93', 'melis98bianca', 'erencanarslan70', 'anil.gun85', 'lisuhh22', 'mheim', 'mucoakar98', 'mattykleis', 'vaibhav8nawal', 'anushreesuhalka19', 'efeozalp', 'enizcelik2', 'ritwikkhandelwal09', 'ozanplt0697', 'aarjona', 'iremkaratas', 'ealperen98', 'anilkiziltas', 'brkyelaldi', 'zbo72899', 'kinker', 'ruchir.2000', 'secret0711', 'anirban1988', 'elifcelebi98', 'cihan', 'jaisawant309', 'yunusbaskan1994', 'jainsamar398', 'slnknc35', 'mertcan.bayindir', 'lisa.w7h', 'mkkm95', 'raymondzhou227', 'mustfaasimsek.26', 'parkhyo864', 'omerrguzel', 'pshashi', 'berkayyaris', 'emreaydn2002', 'serhatyildirim4078', 'rohitrajwansi7', 'necipfazildogruyol', 'evren_aydin6', 'kaya.emrah.26', 'adilkhan', 'serkanbzkrt35', 'azadbilge', 'hklimach', 'o.erdogan541994', 'tarikyillmaz8', 'yhloveall1', 'brknshn', 'camille', 'aortwig2', 'aileenpando', 'lewisaskeeble', 'rezaeemehdi64', 'ricardomilos69', 'chen.chen.cc2483', 'muvafikmelikkaya', 'gkumar946.gk', 'uttam', 'pranav_706', 'engfersoy', 'errouadd', 'mblr96', 'danielmoraru', 'mad.4101', 'daberaoviraj123', 'gkckirtasiye', 'anuranandas', 'stefanolarentis', 'prachi.p', 'phycsxu', 'hituldesai03', 'huaminli', 'ygtbstg', 'svhsai2000', 'hazalakyel', 'kadiraytac', 'karabostan37', 'cerencoskunn', 'raptor.l841', 'yqwuly', 'ojsul', 'pangraci', 'riyaaanchal', 'ozgurozdemir798', 'john_schmidt', 'chiragmeena19', 'ahhmetbulut', 'anishadok', 'nikhil10rai', 'wolnypokoj', 'rishabhsureka123', 'aktasozgurozan', 'alperen2626', 'prashilpatil99', 'melike.1kayali', 'ee17btech11032', 'maggiebasta', 'afurkanbudak42', 'aforanurag99', 'dm932051', 'ebx', 'acj', 'whtyd35', 'vrdmn7721', '46harunakgul', 'mhckrhale96', 'janeelpatel', 'zhongpengsun', 'muktai2001', 'patururajesh91306', 'gulluhanrmk', 'whtyd03', 'felixdollinger', 'mseyfullahcelik', 'acrawford', 'samyakshah21', 'awale.vinit', 'archishman.saha', 'yunus.isikdemir97', 'sigdanumvid', 'nwkiller', 'guvennazlican85', 'nestor1999', 'kevinyoon', 'miakry', 'abhi9385', 'ashutoshranjan253', 'danielledavis', 'kruthagnyamyana', 'omgiaquinto', 'emineist46', 'berktu', 'alexfw', 'ditisanghai', 'alym11731996', 'myrakis', 'dd.kok', 'jungyuya', 'tongzhou904', 'berkcankucukkasap', 'nicoletrenchard', 'kennethkmd', 'kimsoyoung', 'yavuz5319', 'simgesismann', 'amolgirishshah', 'darrelly', 'parthm1611', 'agmariona', 'mahmutcanki', 'ahmetkayapinar', 'ssha6687', 'tuafbogey', 'sencerkaracasu', 'jcho1895', 'havvafatmaozbay', 'amydb', 'denizans', 'ensarerol26', 'plabs', 'berk.oztaskin.99', 'dd642482536', 'reetmehta', 'ksb541', 'dprabhanshu23', 'gadhiayash', 'jnana2k', 'prashants31', 'hrnatcn', 'devank', 'meltemsbreezes', 'afz', 'abdullahkucukel', 'mrefaat', 'fatihvsever', 'gzmnce', 'hiteshk_24', 'ayushdahale6277', 'cagriguney', 'yalun', 'mertyamanoglu', 'abk15062000', 'mevradilanerten', 'sakhrald', 'creutzfeldtundjakob', 'adbhut', 'efecanberkayyasar', 'gokce.gocerrr', 'guilherme.faveri', 'ujjwalkalra1969', 'bahcecieray', 'bhavika', 'jzwang8', 'anthony012798', 'hrishikesh', 'araheem', 'piyush36', 'xerato', 'adityaharakare1', 'antonaci.p', 'dchang818', 'berkayerarslan', 'skyguy987', 'ruchir.iitb', 'afkali.120', 'johyunjung', 'daleksec', 'canersokat', 'mohdghs', 'mustafaeee', 'batuhanuslu', 'kiragr1999']",20,"['emanmabrouk077', 'reem.hablas', 'abdallakhaled20', 'lana.tak18', 'ahmedbebo', 'mohamed.elsayed999974', 'lanamhdtak', 'lamiaaahmed97', 'esraakhalid505', 'sondossalah66', 'khaledrims', 'essraaahmed34', 'ranahosny34', 'maria_ahmos', None, 'ahmedsallaahh', 'yarayasser959', 'n1.asaker', 'mostafa.ahmed.elewa', 'sarayasser']",292,"['ns', 'pwmichalak', 'ckendig', 'wlsgh9838', 'kartiknairvariar6', 'sgu20161510', 'abdallakhaled20', 'recepkaratoprak19', 'jaafaralsarray', 'fcoskuner68', 'durgeshahire15', 'onsozbuse541', 'akj01130', 'bloodknight26', 'seymaaguleer', 'alihakan1979', 'mileswang97', 'nishitasinha', 'serenayoussef', 'g.hernandez.sosa', 'dheemahi', 'zhur', 'dhilanr', 'kbhamon', 'rajjatsoni801', 'stkymk64', 'sefakahriman77', 'chinmaybharti00', 'bkucuksagir', 'gulsakadioglu', 'shreshtha.jbp2000', 'mostafa.ahmed.elewa', 'esha.kulawe', 'asmaa_abdelmegeed.', 'asif_iqbal', 'furkanefeyuceer', 'ssbagade1704', 'skscjsdl', 'duendo', 'oznurclskn2', 'nsener45', 'emrebuyukkose', 'stefano.capra1988', 'shaunaknatarajan', 'esraaosman12345', 'vinaykmandia2000', 'carboy7847', 'serkantg', 'lana.tak18', 'emreelma757', 'resula', 'yasinzgen', 'furkan.turkay1', 'iiiisen2653', 'sabriagus26', 'adungey2', 'abhilaksh93', 'melis98bianca', 'erencanarslan70', 'anil.gun85', 'lisuhh22', 'mheim', 'mucoakar98', 'sondossalah66', 'mattykleis', 'vaibhav8nawal', 'anushreesuhalka19', 'efeozalp', 'enizcelik2', 'ritwikkhandelwal09', 'ozanplt0697', 'aarjona', 'iremkaratas', 'ealperen98', 'anilkiziltas', 'brkyelaldi', 'zbo72899', 'kinker', 'ruchir.2000', 'secret0711', 'anirban1988', 'elifcelebi98', 'cihan', 'jaisawant309', 'yunusbaskan1994', 'jainsamar398', 'reem.hablas', 'slnknc35', 'mertcan.bayindir', 'lisa.w7h', 'mkkm95', 'raymondzhou227', 'mustfaasimsek.26', 'parkhyo864', 'omerrguzel', 'pshashi', 'berkayyaris', 'emreaydn2002', 'lamiaaahmed97', 'serhatyildirim4078', 'rohitrajwansi7', 'necipfazildogruyol', 'evren_aydin6', 'kaya.emrah.26', 'adilkhan', 'maria_ahmos', 'serkanbzkrt35', 'azadbilge', 'hklimach', 'o.erdogan541994', 'tarikyillmaz8', 'yhloveall1', 'brknshn', 'camille', 'aortwig2', 'aileenpando', 'lewisaskeeble', 'rezaeemehdi64', 'ricardomilos69', 'chen.chen.cc2483', 'muvafikmelikkaya', 'gkumar946.gk', 'uttam', 'pranav_706', 'engfersoy', 'errouadd', 'mblr96', 'danielmoraru', 'mad.4101', 'daberaoviraj123', 'gkckirtasiye', 'anuranandas', 'stefanolarentis', 'prachi.p', 'phycsxu', 'hituldesai03', 'huaminli', 'ygtbstg', 'svhsai2000', 'hazalakyel', 'kadiraytac', 'karabostan37', 'cerencoskunn', 'raptor.l841', 'yqwuly', 'ojsul', 'pangraci', 'riyaaanchal', 'ozgurozdemir798', 'john_schmidt', 'chiragmeena19', 'ahhmetbulut', 'anishadok', 'nikhil10rai', 'wolnypokoj', 'rishabhsureka123', 'aktasozgurozan', 'alperen2626', 'prashilpatil99', 'melike.1kayali', 'ee17btech11032', 'lanamhdtak', 'maggiebasta', 'afurkanbudak42', 'ahmedsameh25951', 'aforanurag99', 'dm932051', 'ebx', 'abdumhrous', 'acj', 'whtyd35', 'vrdmn7721', '46harunakgul', 'mhckrhale96', 'ranahosny34', 'janeelpatel', 'zhongpengsun', 'muktai2001', 'patururajesh91306', 'gulluhanrmk', 'whtyd03', 'felixdollinger', 'mseyfullahcelik', 'acrawford', 'samyakshah21', 'awale.vinit', 'archishman.saha', 'yunus.isikdemir97', 'sigdanumvid', 'nwkiller', 'guvennazlican85', 'nestor1999', 'kevinyoon', 'miakry', 'abhi9385', 'ashutoshranjan253', 'mohamed.elsayed999974', 'danielledavis', 'kruthagnyamyana', 'omgiaquinto', 'emineist46', 'berktu', 'alexfw', 'ditisanghai', 'alym11731996', 'myrakis', 'esraakhalid505', 'dd.kok', 'jungyuya', 'essraaahmed34', 'tongzhou904', 'berkcankucukkasap', 'nicoletrenchard', 'kennethkmd', 'kimsoyoung', None, 'yavuz5319', 'simgesismann', 'amolgirishshah', 'darrelly', 'parthm1611', 'agmariona', 'mahmutcanki', 'ahmedsallaahh', 'ahmetkayapinar', 'ssha6687', 'tuafbogey', 'sencerkaracasu', 'jcho1895', 'havvafatmaozbay', 'amydb', 'denizans', 'ensarerol26', 'plabs', 'berk.oztaskin.99', 'dd642482536', 'reetmehta', 'ksb541', 'dprabhanshu23', 'gadhiayash', 'jnana2k', 'prashants31', 'hrnatcn', 'devank', 'meltemsbreezes', 'afz', 'abdullahkucukel', 'mrefaat', 'fatihvsever', 'gzmnce', 'khaledrims', 'hiteshk_24', 'ayushdahale6277', 'cagriguney', 'yalun', 'mertyamanoglu', 'yarayasser959', 'abk15062000', 'sarayasser', 'mevradilanerten', 'sakhrald', 'creutzfeldtundjakob', 'emanmabrouk077', 'adbhut', 'efecanberkayyasar', 'gokce.gocerrr', 'guilherme.faveri', 'ahmedbebo', 'ujjwalkalra1969', 'bahcecieray', 'bhavika', 'jzwang8', 'anthony012798', 'hrishikesh', 'araheem', 'piyush36', 'xerato', 'adityaharakare1', 'antonaci.p', 'dchang818', 'berkayerarslan', 'skyguy987', 'ruchir.iitb', 'afkali.120', 'johyunjung', 'daleksec', 'canersokat', 'n1.asaker', 'mohdghs', 'mustafaeee', 'batuhanuslu', 'kiragr1999']"
1,258,272,22,1,['abdumhrous'],271,"['ns', 'pwmichalak', 'ckendig', 'wlsgh9838', 'kartiknairvariar6', 'sgu20161510', 'recepkaratoprak19', 'jaafaralsarray', 'fcoskuner68', 'durgeshahire15', 'onsozbuse541', 'akj01130', 'bloodknight26', 'seymaaguleer', 'alihakan1979', 'mileswang97', 'nishitasinha', 'serenayoussef', 'g.hernandez.sosa', 'dheemahi', 'zhur', 'dhilanr', 'kbhamon', 'rajjatsoni801', 'stkymk64', 'sefakahriman77', 'chinmaybharti00', 'bkucuksagir', 'gulsakadioglu', 'shreshtha.jbp2000', 'esha.kulawe', 'asmaa_abdelmegeed.', 'asif_iqbal', 'furkanefeyuceer', 'ssbagade1704', 'skscjsdl', 'duendo', 'oznurclskn2', 'nsener45', 'emrebuyukkose', 'stefano.capra1988', 'shaunaknatarajan', 'esraaosman12345', 'vinaykmandia2000', 'carboy7847', 'serkantg', 'emreelma757', 'resula', 'yasinzgen', 'furkan.turkay1', 'iiiisen2653', 'sabriagus26', 'adungey2', 'abhilaksh93', 'melis98bianca', 'erencanarslan70', 'anil.gun85', 'lisuhh22', 'mheim', 'mucoakar98', 'mattykleis', 'vaibhav8nawal', 'anushreesuhalka19', 'efeozalp', 'enizcelik2', 'ritwikkhandelwal09', 'ozanplt0697', 'aarjona', 'iremkaratas', 'ealperen98', 'anilkiziltas', 'brkyelaldi', 'zbo72899', 'kinker', 'ruchir.2000', 'secret0711', 'anirban1988', 'elifcelebi98', 'cihan', 'jaisawant309', 'yunusbaskan1994', 'jainsamar398', 'slnknc35', 'mertcan.bayindir', 'lisa.w7h', 'mkkm95', 'raymondzhou227', 'mustfaasimsek.26', 'parkhyo864', 'omerrguzel', 'pshashi', 'berkayyaris', 'emreaydn2002', 'serhatyildirim4078', 'rohitrajwansi7', 'necipfazildogruyol', 'evren_aydin6', 'kaya.emrah.26', 'adilkhan', 'serkanbzkrt35', 'azadbilge', 'hklimach', 'o.erdogan541994', 'tarikyillmaz8', 'yhloveall1', 'brknshn', 'camille', 'aortwig2', 'aileenpando', 'lewisaskeeble', 'rezaeemehdi64', 'ricardomilos69', 'chen.chen.cc2483', 'muvafikmelikkaya', 'gkumar946.gk', 'uttam', 'pranav_706', 'engfersoy', 'errouadd', 'mblr96', 'danielmoraru', 'mad.4101', 'daberaoviraj123', 'gkckirtasiye', 'anuranandas', 'stefanolarentis', 'prachi.p', 'phycsxu', 'hituldesai03', 'huaminli', 'ygtbstg', 'svhsai2000', 'hazalakyel', 'kadiraytac', 'karabostan37', 'cerencoskunn', 'raptor.l841', 'yqwuly', 'ojsul', 'pangraci', 'riyaaanchal', 'ozgurozdemir798', 'john_schmidt', 'chiragmeena19', 'ahhmetbulut', 'anishadok', 'nikhil10rai', 'wolnypokoj', 'rishabhsureka123', 'aktasozgurozan', 'alperen2626', 'prashilpatil99', 'melike.1kayali', 'ee17btech11032', 'maggiebasta', 'afurkanbudak42', 'ahmedsameh25951', 'aforanurag99', 'dm932051', 'ebx', 'acj', 'whtyd35', 'vrdmn7721', '46harunakgul', 'mhckrhale96', 'janeelpatel', 'zhongpengsun', 'muktai2001', 'patururajesh91306', 'gulluhanrmk', 'whtyd03', 'felixdollinger', 'mseyfullahcelik', 'acrawford', 'samyakshah21', 'awale.vinit', 'archishman.saha', 'yunus.isikdemir97', 'sigdanumvid', 'nwkiller', 'guvennazlican85', 'nestor1999', 'kevinyoon', 'miakry', 'abhi9385', 'ashutoshranjan253', 'danielledavis', 'kruthagnyamyana', 'omgiaquinto', 'emineist46', 'berktu', 'alexfw', 'ditisanghai', 'alym11731996', 'myrakis', 'dd.kok', 'jungyuya', 'tongzhou904', 'berkcankucukkasap', 'nicoletrenchard', 'kennethkmd', 'kimsoyoung', 'yavuz5319', 'simgesismann', 'amolgirishshah', 'darrelly', 'parthm1611', 'agmariona', 'mahmutcanki', 'ahmetkayapinar', 'ssha6687', 'tuafbogey', 'sencerkaracasu', 'jcho1895', 'havvafatmaozbay', 'amydb', 'denizans', 'ensarerol26', 'plabs', 'berk.oztaskin.99', 'dd642482536', 'reetmehta', 'ksb541', 'dprabhanshu23', 'gadhiayash', 'jnana2k', 'prashants31', 'hrnatcn', 'devank', 'meltemsbreezes', 'afz', 'abdullahkucukel', 'mrefaat', 'fatihvsever', 'gzmnce', 'hiteshk_24', 'ayushdahale6277', 'cagriguney', 'yalun', 'mertyamanoglu', 'abk15062000', 'mevradilanerten', 'sakhrald', 'creutzfeldtundjakob', 'adbhut', 'efecanberkayyasar', 'gokce.gocerrr', 'guilherme.faveri', 'ujjwalkalra1969', 'bahcecieray', 'bhavika', 'jzwang8', 'anthony012798', 'hrishikesh', 'araheem', 'piyush36', 'xerato', 'adityaharakare1', 'antonaci.p', 'dchang818', 'berkayerarslan', 'skyguy987', 'ruchir.iitb', 'afkali.120', 'johyunjung', 'daleksec', 'canersokat', 'mohdghs', 'mustafaeee', 'batuhanuslu', 'kiragr1999']",21,"['rania_saleh', 'tahahsyn123', 'reem.hablas', 'tokahassan313', 'salsabil.said', 'midoelshazly198', 'bedomostafa1', 'akhaled.nasr98', 'ahmedmetwaly', 'shoroukhossin', 'ahmedaek66', 'eladhamgalal', 'mousa', 'maria_ahmos', None, 'qmniashawky45', 'omar1781998', 'mostafa.ahmed.elewa', 'sarayasser', 'raghdathrwat98', 'doniamohamed']",293,"['ns', 'pwmichalak', 'ckendig', 'wlsgh9838', 'kartiknairvariar6', 'sgu20161510', 'tahahsyn123', 'recepkaratoprak19', 'jaafaralsarray', 'fcoskuner68', 'durgeshahire15', 'onsozbuse541', 'akj01130', 'bloodknight26', 'seymaaguleer', 'alihakan1979', 'mileswang97', 'nishitasinha', 'serenayoussef', 'g.hernandez.sosa', 'dheemahi', 'zhur', 'dhilanr', 'kbhamon', 'rajjatsoni801', 'qmniashawky45', 'stkymk64', 'sefakahriman77', 'chinmaybharti00', 'bkucuksagir', 'gulsakadioglu', 'shreshtha.jbp2000', 'mostafa.ahmed.elewa', 'esha.kulawe', 'asmaa_abdelmegeed.', 'raghdathrwat98', 'asif_iqbal', 'furkanefeyuceer', 'ssbagade1704', 'skscjsdl', 'duendo', 'oznurclskn2', 'nsener45', 'emrebuyukkose', 'stefano.capra1988', 'shaunaknatarajan', 'esraaosman12345', 'vinaykmandia2000', 'carboy7847', 'serkantg', 'emreelma757', 'resula', 'yasinzgen', 'furkan.turkay1', 'iiiisen2653', 'sabriagus26', 'adungey2', 'abhilaksh93', 'melis98bianca', 'erencanarslan70', 'anil.gun85', 'lisuhh22', 'mheim', 'mucoakar98', 'mattykleis', 'vaibhav8nawal', 'eladhamgalal', 'anushreesuhalka19', 'efeozalp', 'enizcelik2', 'ritwikkhandelwal09', 'ozanplt0697', 'aarjona', 'iremkaratas', 'ealperen98', 'anilkiziltas', 'brkyelaldi', 'zbo72899', 'kinker', 'ruchir.2000', 'ahmedaek66', 'secret0711', 'anirban1988', 'elifcelebi98', 'cihan', 'jaisawant309', 'yunusbaskan1994', 'jainsamar398', 'reem.hablas', 'slnknc35', 'mertcan.bayindir', 'lisa.w7h', 'mkkm95', 'raymondzhou227', 'mustfaasimsek.26', 'parkhyo864', 'omerrguzel', 'pshashi', 'midoelshazly198', 'berkayyaris', 'emreaydn2002', 'serhatyildirim4078', 'rohitrajwansi7', 'necipfazildogruyol', 'shoroukhossin', 'evren_aydin6', 'kaya.emrah.26', 'mousa', 'adilkhan', 'maria_ahmos', 'serkanbzkrt35', 'azadbilge', 'hklimach', 'o.erdogan541994', 'tarikyillmaz8', 'yhloveall1', 'brknshn', 'camille', 'aortwig2', 'aileenpando', 'lewisaskeeble', 'rezaeemehdi64', 'ricardomilos69', 'chen.chen.cc2483', 'rania_saleh', 'muvafikmelikkaya', 'gkumar946.gk', 'uttam', 'pranav_706', 'engfersoy', 'errouadd', 'mblr96', 'danielmoraru', 'mad.4101', 'daberaoviraj123', 'salsabil.said', 'gkckirtasiye', 'anuranandas', 'stefanolarentis', 'prachi.p', 'phycsxu', 'hituldesai03', 'huaminli', 'ygtbstg', 'svhsai2000', 'hazalakyel', 'kadiraytac', 'karabostan37', 'cerencoskunn', 'raptor.l841', 'yqwuly', 'ojsul', 'pangraci', 'riyaaanchal', 'ozgurozdemir798', 'john_schmidt', 'chiragmeena19', 'ahhmetbulut', 'anishadok', 'nikhil10rai', 'wolnypokoj', 'tokahassan313', 'rishabhsureka123', 'aktasozgurozan', 'alperen2626', 'prashilpatil99', 'melike.1kayali', 'ee17btech11032', 'maggiebasta', 'afurkanbudak42', 'ahmedsameh25951', 'aforanurag99', 'dm932051', 'ebx', 'abdumhrous', 'acj', 'whtyd35', 'vrdmn7721', '46harunakgul', 'mhckrhale96', 'janeelpatel', 'zhongpengsun', 'muktai2001', 'patururajesh91306', 'gulluhanrmk', 'whtyd03', 'felixdollinger', 'mseyfullahcelik', 'acrawford', 'samyakshah21', 'awale.vinit', 'doniamohamed', 'archishman.saha', 'yunus.isikdemir97', 'sigdanumvid', 'nwkiller', 'guvennazlican85', 'nestor1999', 'kevinyoon', 'miakry', 'abhi9385', 'ashutoshranjan253', 'danielledavis', 'kruthagnyamyana', 'omgiaquinto', 'emineist46', 'bedomostafa1', 'berktu', 'alexfw', 'ditisanghai', 'alym11731996', 'myrakis', 'dd.kok', 'jungyuya', 'tongzhou904', 'berkcankucukkasap', 'nicoletrenchard', 'kennethkmd', 'kimsoyoung', None, 'yavuz5319', 'simgesismann', 'amolgirishshah', 'darrelly', 'parthm1611', 'agmariona', 'mahmutcanki', 'ahmetkayapinar', 'ssha6687', 'tuafbogey', 'sencerkaracasu', 'jcho1895', 'havvafatmaozbay', 'amydb', 'denizans', 'ensarerol26', 'plabs', 'berk.oztaskin.99', 'dd642482536', 'reetmehta', 'ksb541', 'dprabhanshu23', 'gadhiayash', 'jnana2k', 'prashants31', 'hrnatcn', 'devank', 'meltemsbreezes', 'afz', 'abdullahkucukel', 'mrefaat', 'akhaled.nasr98', 'fatihvsever', 'gzmnce', 'hiteshk_24', 'ayushdahale6277', 'cagriguney', 'yalun', 'mertyamanoglu', 'omar1781998', 'abk15062000', 'sarayasser', 'mevradilanerten', 'sakhrald', 'creutzfeldtundjakob', 'adbhut', 'efecanberkayyasar', 'gokce.gocerrr', 'guilherme.faveri', 'ujjwalkalra1969', 'bahcecieray', 'bhavika', 'jzwang8', 'anthony012798', 'hrishikesh', 'araheem', 'ahmedmetwaly', 'piyush36', 'xerato', 'adityaharakare1', 'antonaci.p', 'dchang818', 'berkayerarslan', 'skyguy987', 'ruchir.iitb', 'afkali.120', 'johyunjung', 'daleksec', 'canersokat', 'mohdghs', 'mustafaeee', 'batuhanuslu', 'kiragr1999']"
1,286,272,22,16,"['sakhrald', 'durgeshahire15', 'ksb541', 'jaisawant309', 'chinmaybharti00', 'amydb', 'uttam', 'vrdmn7721', 'canersokat', 'pranav_706', 'ayushdahale6277', 'abhilaksh93', 'huaminli', 'esha.kulawe', 'zbo72899', 'muktai2001']",256,"['ns', 'pwmichalak', 'ckendig', 'wlsgh9838', 'kartiknairvariar6', 'sgu20161510', 'recepkaratoprak19', 'jaafaralsarray', 'fcoskuner68', 'onsozbuse541', 'akj01130', 'bloodknight26', 'seymaaguleer', 'alihakan1979', 'mileswang97', 'nishitasinha', 'serenayoussef', 'g.hernandez.sosa', 'dheemahi', 'zhur', 'dhilanr', 'kbhamon', 'rajjatsoni801', 'stkymk64', 'sefakahriman77', 'bkucuksagir', 'gulsakadioglu', 'shreshtha.jbp2000', 'asmaa_abdelmegeed.', 'asif_iqbal', 'furkanefeyuceer', 'ssbagade1704', 'skscjsdl', 'duendo', 'oznurclskn2', 'nsener45', 'emrebuyukkose', 'stefano.capra1988', 'shaunaknatarajan', 'esraaosman12345', 'vinaykmandia2000', 'carboy7847', 'serkantg', 'emreelma757', 'resula', 'yasinzgen', 'furkan.turkay1', 'iiiisen2653', 'sabriagus26', 'adungey2', 'melis98bianca', 'erencanarslan70', 'anil.gun85', 'lisuhh22', 'mheim', 'mucoakar98', 'mattykleis', 'vaibhav8nawal', 'anushreesuhalka19', 'efeozalp', 'enizcelik2', 'ritwikkhandelwal09', 'ozanplt0697', 'aarjona', 'iremkaratas', 'ealperen98', 'anilkiziltas', 'brkyelaldi', 'kinker', 'ruchir.2000', 'secret0711', 'anirban1988', 'elifcelebi98', 'cihan', 'yunusbaskan1994', 'jainsamar398', 'slnknc35', 'mertcan.bayindir', 'lisa.w7h', 'mkkm95', 'raymondzhou227', 'mustfaasimsek.26', 'parkhyo864', 'omerrguzel', 'pshashi', 'berkayyaris', 'emreaydn2002', 'serhatyildirim4078', 'rohitrajwansi7', 'necipfazildogruyol', 'evren_aydin6', 'kaya.emrah.26', 'adilkhan', 'serkanbzkrt35', 'azadbilge', 'hklimach', 'o.erdogan541994', 'tarikyillmaz8', 'yhloveall1', 'brknshn', 'camille', 'aortwig2', 'aileenpando', 'lewisaskeeble', 'rezaeemehdi64', 'ricardomilos69', 'chen.chen.cc2483', 'muvafikmelikkaya', 'gkumar946.gk', 'engfersoy', 'errouadd', 'mblr96', 'danielmoraru', 'mad.4101', 'daberaoviraj123', 'gkckirtasiye', 'anuranandas', 'stefanolarentis', 'prachi.p', 'phycsxu', 'hituldesai03', 'ygtbstg', 'svhsai2000', 'hazalakyel', 'kadiraytac', 'karabostan37', 'cerencoskunn', 'raptor.l841', 'yqwuly', 'ojsul', 'pangraci', 'riyaaanchal', 'ozgurozdemir798', 'john_schmidt', 'chiragmeena19', 'ahhmetbulut', 'anishadok', 'nikhil10rai', 'wolnypokoj', 'rishabhsureka123', 'aktasozgurozan', 'alperen2626', 'prashilpatil99', 'melike.1kayali', 'ee17btech11032', 'maggiebasta', 'afurkanbudak42', 'ahmedsameh25951', 'aforanurag99', 'dm932051', 'ebx', 'abdumhrous', 'acj', 'whtyd35', '46harunakgul', 'mhckrhale96', 'janeelpatel', 'zhongpengsun', 'patururajesh91306', 'gulluhanrmk', 'whtyd03', 'felixdollinger', 'mseyfullahcelik', 'acrawford', 'samyakshah21', 'awale.vinit', 'archishman.saha', 'yunus.isikdemir97', 'sigdanumvid', 'nwkiller', 'guvennazlican85', 'nestor1999', 'kevinyoon', 'miakry', 'abhi9385', 'ashutoshranjan253', 'danielledavis', 'kruthagnyamyana', 'omgiaquinto', 'emineist46', 'berktu', 'alexfw', 'ditisanghai', 'alym11731996', 'myrakis', 'dd.kok', 'jungyuya', 'tongzhou904', 'berkcankucukkasap', 'nicoletrenchard', 'kennethkmd', 'kimsoyoung', 'yavuz5319', 'simgesismann', 'amolgirishshah', 'darrelly', 'parthm1611', 'agmariona', 'mahmutcanki', 'ahmetkayapinar', 'ssha6687', 'tuafbogey', 'sencerkaracasu', 'jcho1895', 'havvafatmaozbay', 'denizans', 'ensarerol26', 'plabs', 'berk.oztaskin.99', 'dd642482536', 'reetmehta', 'dprabhanshu23', 'gadhiayash', 'jnana2k', 'prashants31', 'hrnatcn', 'devank', 'meltemsbreezes', 'afz', 'abdullahkucukel', 'mrefaat', 'fatihvsever', 'gzmnce', 'hiteshk_24', 'cagriguney', 'yalun', 'mertyamanoglu', 'abk15062000', 'mevradilanerten', 'creutzfeldtundjakob', 'adbhut', 'efecanberkayyasar', 'gokce.gocerrr', 'guilherme.faveri', 'ujjwalkalra1969', 'bahcecieray', 'bhavika', 'jzwang8', 'anthony012798', 'hrishikesh', 'araheem', 'piyush36', 'xerato', 'adityaharakare1', 'antonaci.p', 'dchang818', 'berkayerarslan', 'skyguy987', 'ruchir.iitb', 'afkali.120', 'johyunjung', 'daleksec', 'mohdghs', 'mustafaeee', 'batuhanuslu', 'kiragr1999']",6,"['kanabarmillen', 'panser', 'harleen.shrivs', 'shaunzac', 'priyankabagade96', None]",278,"['ns', 'pwmichalak', 'ckendig', 'wlsgh9838', 'kartiknairvariar6', 'sgu20161510', 'recepkaratoprak19', 'jaafaralsarray', 'fcoskuner68', 'durgeshahire15', 'onsozbuse541', 'akj01130', 'bloodknight26', 'seymaaguleer', 'alihakan1979', 'mileswang97', 'nishitasinha', 'serenayoussef', 'g.hernandez.sosa', 'dheemahi', 'zhur', 'dhilanr', 'kbhamon', 'rajjatsoni801', 'stkymk64', 'sefakahriman77', 'chinmaybharti00', 'bkucuksagir', 'gulsakadioglu', 'shreshtha.jbp2000', 'esha.kulawe', 'asmaa_abdelmegeed.', 'asif_iqbal', 'furkanefeyuceer', 'ssbagade1704', 'skscjsdl', 'duendo', 'oznurclskn2', 'nsener45', 'emrebuyukkose', 'stefano.capra1988', 'shaunaknatarajan', 'esraaosman12345', 'vinaykmandia2000', 'carboy7847', 'serkantg', 'emreelma757', 'resula', 'yasinzgen', 'furkan.turkay1', 'iiiisen2653', 'sabriagus26', 'adungey2', 'abhilaksh93', 'melis98bianca', 'erencanarslan70', 'anil.gun85', 'lisuhh22', 'mheim', 'mucoakar98', 'mattykleis', 'vaibhav8nawal', 'anushreesuhalka19', 'efeozalp', 'enizcelik2', 'ritwikkhandelwal09', 'ozanplt0697', 'aarjona', 'iremkaratas', 'ealperen98', 'anilkiziltas', 'brkyelaldi', 'zbo72899', 'kinker', 'ruchir.2000', 'secret0711', 'anirban1988', 'elifcelebi98', 'cihan', 'jaisawant309', 'yunusbaskan1994', 'jainsamar398', 'slnknc35', 'mertcan.bayindir', 'lisa.w7h', 'mkkm95', 'raymondzhou227', 'mustfaasimsek.26', 'parkhyo864', 'omerrguzel', 'pshashi', 'berkayyaris', 'emreaydn2002', 'serhatyildirim4078', 'rohitrajwansi7', 'necipfazildogruyol', 'evren_aydin6', 'kaya.emrah.26', 'adilkhan', 'serkanbzkrt35', 'azadbilge', 'hklimach', 'o.erdogan541994', 'tarikyillmaz8', 'yhloveall1', 'brknshn', 'camille', 'aortwig2', 'aileenpando', 'lewisaskeeble', 'rezaeemehdi64', 'ricardomilos69', 'chen.chen.cc2483', 'muvafikmelikkaya', 'gkumar946.gk', 'uttam', 'pranav_706', 'engfersoy', 'errouadd', 'mblr96', 'danielmoraru', 'mad.4101', 'daberaoviraj123', 'gkckirtasiye', 'anuranandas', 'stefanolarentis', 'prachi.p', 'phycsxu', 'hituldesai03', 'huaminli', 'ygtbstg', 'svhsai2000', 'hazalakyel', 'kadiraytac', 'karabostan37', 'cerencoskunn', 'raptor.l841', 'yqwuly', 'ojsul', 'pangraci', 'riyaaanchal', 'ozgurozdemir798', 'john_schmidt', 'chiragmeena19', 'ahhmetbulut', 'anishadok', 'nikhil10rai', 'wolnypokoj', 'rishabhsureka123', 'aktasozgurozan', 'alperen2626', 'prashilpatil99', 'melike.1kayali', 'ee17btech11032', 'maggiebasta', 'afurkanbudak42', 'ahmedsameh25951', 'aforanurag99', 'dm932051', 'ebx', 'kanabarmillen', 'abdumhrous', 'acj', 'whtyd35', 'vrdmn7721', '46harunakgul', 'mhckrhale96', 'janeelpatel', 'zhongpengsun', 'muktai2001', 'patururajesh91306', 'gulluhanrmk', 'whtyd03', 'felixdollinger', 'harleen.shrivs', 'mseyfullahcelik', 'acrawford', 'samyakshah21', 'awale.vinit', 'archishman.saha', 'yunus.isikdemir97', 'sigdanumvid', 'nwkiller', 'guvennazlican85', 'nestor1999', 'kevinyoon', 'miakry', 'abhi9385', 'ashutoshranjan253', 'danielledavis', 'kruthagnyamyana', 'omgiaquinto', 'emineist46', 'priyankabagade96', 'berktu', 'alexfw', 'ditisanghai', 'alym11731996', 'myrakis', 'dd.kok', 'panser', 'jungyuya', 'tongzhou904', 'berkcankucukkasap', 'nicoletrenchard', 'kennethkmd', 'kimsoyoung', None, 'yavuz5319', 'simgesismann', 'amolgirishshah', 'darrelly', 'parthm1611', 'agmariona', 'mahmutcanki', 'ahmetkayapinar', 'ssha6687', 'tuafbogey', 'sencerkaracasu', 'jcho1895', 'havvafatmaozbay', 'amydb', 'denizans', 'ensarerol26', 'plabs', 'berk.oztaskin.99', 'dd642482536', 'reetmehta', 'ksb541', 'dprabhanshu23', 'gadhiayash', 'jnana2k', 'prashants31', 'hrnatcn', 'devank', 'meltemsbreezes', 'afz', 'abdullahkucukel', 'mrefaat', 'fatihvsever', 'gzmnce', 'hiteshk_24', 'ayushdahale6277', 'cagriguney', 'yalun', 'mertyamanoglu', 'abk15062000', 'mevradilanerten', 'sakhrald', 'creutzfeldtundjakob', 'shaunzac', 'adbhut', 'efecanberkayyasar', 'gokce.gocerrr', 'guilherme.faveri', 'ujjwalkalra1969', 'bahcecieray', 'bhavika', 'jzwang8', 'anthony012798', 'hrishikesh', 'araheem', 'piyush36', 'xerato', 'adityaharakare1', 'antonaci.p', 'dchang818', 'berkayerarslan', 'skyguy987', 'ruchir.iitb', 'afkali.120', 'johyunjung', 'daleksec', 'canersokat', 'mohdghs', 'mustafaeee', 'batuhanuslu', 'kiragr1999']"
1,271,272,20,13,"['ssbagade1704', 'archishman.saha', 'kbhamon', 'uttam', 'bhavika', 'jainsamar398', 'adbhut', 'hituldesai03', 'vrdmn7721', 'kinker', 'samyakshah21', 'ruchir.iitb', 'kiragr1999']",259,"['ns', 'pwmichalak', 'ckendig', 'wlsgh9838', 'kartiknairvariar6', 'sgu20161510', 'recepkaratoprak19', 'jaafaralsarray', 'fcoskuner68', 'durgeshahire15', 'onsozbuse541', 'akj01130', 'bloodknight26', 'seymaaguleer', 'alihakan1979', 'mileswang97', 'nishitasinha', 'serenayoussef', 'g.hernandez.sosa', 'dheemahi', 'zhur', 'dhilanr', 'rajjatsoni801', 'stkymk64', 'sefakahriman77', 'chinmaybharti00', 'bkucuksagir', 'gulsakadioglu', 'shreshtha.jbp2000', 'esha.kulawe', 'asmaa_abdelmegeed.', 'asif_iqbal', 'furkanefeyuceer', 'skscjsdl', 'duendo', 'oznurclskn2', 'nsener45', 'emrebuyukkose', 'stefano.capra1988', 'shaunaknatarajan', 'esraaosman12345', 'vinaykmandia2000', 'carboy7847', 'serkantg', 'emreelma757', 'resula', 'yasinzgen', 'furkan.turkay1', 'iiiisen2653', 'sabriagus26', 'adungey2', 'abhilaksh93', 'melis98bianca', 'erencanarslan70', 'anil.gun85', 'lisuhh22', 'mheim', 'mucoakar98', 'mattykleis', 'vaibhav8nawal', 'anushreesuhalka19', 'efeozalp', 'enizcelik2', 'ritwikkhandelwal09', 'ozanplt0697', 'aarjona', 'iremkaratas', 'ealperen98', 'anilkiziltas', 'brkyelaldi', 'zbo72899', 'ruchir.2000', 'secret0711', 'anirban1988', 'elifcelebi98', 'cihan', 'jaisawant309', 'yunusbaskan1994', 'slnknc35', 'mertcan.bayindir', 'lisa.w7h', 'mkkm95', 'raymondzhou227', 'mustfaasimsek.26', 'parkhyo864', 'omerrguzel', 'pshashi', 'berkayyaris', 'emreaydn2002', 'serhatyildirim4078', 'rohitrajwansi7', 'necipfazildogruyol', 'evren_aydin6', 'kaya.emrah.26', 'adilkhan', 'serkanbzkrt35', 'azadbilge', 'hklimach', 'o.erdogan541994', 'tarikyillmaz8', 'yhloveall1', 'brknshn', 'camille', 'aortwig2', 'aileenpando', 'lewisaskeeble', 'rezaeemehdi64', 'ricardomilos69', 'chen.chen.cc2483', 'muvafikmelikkaya', 'gkumar946.gk', 'pranav_706', 'engfersoy', 'errouadd', 'mblr96', 'danielmoraru', 'mad.4101', 'daberaoviraj123', 'gkckirtasiye', 'anuranandas', 'stefanolarentis', 'prachi.p', 'phycsxu', 'huaminli', 'ygtbstg', 'svhsai2000', 'hazalakyel', 'kadiraytac', 'karabostan37', 'cerencoskunn', 'raptor.l841', 'yqwuly', 'ojsul', 'pangraci', 'riyaaanchal', 'ozgurozdemir798', 'john_schmidt', 'chiragmeena19', 'ahhmetbulut', 'anishadok', 'nikhil10rai', 'wolnypokoj', 'rishabhsureka123', 'aktasozgurozan', 'alperen2626', 'prashilpatil99', 'melike.1kayali', 'ee17btech11032', 'maggiebasta', 'afurkanbudak42', 'ahmedsameh25951', 'aforanurag99', 'dm932051', 'ebx', 'abdumhrous', 'acj', 'whtyd35', '46harunakgul', 'mhckrhale96', 'janeelpatel', 'zhongpengsun', 'muktai2001', 'patururajesh91306', 'gulluhanrmk', 'whtyd03', 'felixdollinger', 'mseyfullahcelik', 'acrawford', 'awale.vinit', 'yunus.isikdemir97', 'sigdanumvid', 'nwkiller', 'guvennazlican85', 'nestor1999', 'kevinyoon', 'miakry', 'abhi9385', 'ashutoshranjan253', 'danielledavis', 'kruthagnyamyana', 'omgiaquinto', 'emineist46', 'berktu', 'alexfw', 'ditisanghai', 'alym11731996', 'myrakis', 'dd.kok', 'jungyuya', 'tongzhou904', 'berkcankucukkasap', 'nicoletrenchard', 'kennethkmd', 'kimsoyoung', 'yavuz5319', 'simgesismann', 'amolgirishshah', 'darrelly', 'parthm1611', 'agmariona', 'mahmutcanki', 'ahmetkayapinar', 'ssha6687', 'tuafbogey', 'sencerkaracasu', 'jcho1895', 'havvafatmaozbay', 'amydb', 'denizans', 'ensarerol26', 'plabs', 'berk.oztaskin.99', 'dd642482536', 'reetmehta', 'ksb541', 'dprabhanshu23', 'gadhiayash', 'jnana2k', 'prashants31', 'hrnatcn', 'devank', 'meltemsbreezes', 'afz', 'abdullahkucukel', 'mrefaat', 'fatihvsever', 'gzmnce', 'hiteshk_24', 'ayushdahale6277', 'cagriguney', 'yalun', 'mertyamanoglu', 'abk15062000', 'mevradilanerten', 'sakhrald', 'creutzfeldtundjakob', 'efecanberkayyasar', 'gokce.gocerrr', 'guilherme.faveri', 'ujjwalkalra1969', 'bahcecieray', 'jzwang8', 'anthony012798', 'hrishikesh', 'araheem', 'piyush36', 'xerato', 'adityaharakare1', 'antonaci.p', 'dchang818', 'berkayerarslan', 'skyguy987', 'afkali.120', 'johyunjung', 'daleksec', 'canersokat', 'mohdghs', 'mustafaeee', 'batuhanuslu']",7,"['kanabarmillen', 'didi.isme10', 'harleen.shrivs', '20anand.abhi', 'shaunzac', 'priyankabagade96', None]",279,"['ns', 'pwmichalak', 'ckendig', 'wlsgh9838', 'kartiknairvariar6', 'sgu20161510', 'recepkaratoprak19', 'jaafaralsarray', 'fcoskuner68', 'durgeshahire15', 'onsozbuse541', 'akj01130', 'bloodknight26', 'seymaaguleer', 'alihakan1979', 'mileswang97', 'nishitasinha', 'serenayoussef', 'g.hernandez.sosa', 'dheemahi', 'zhur', 'dhilanr', 'kbhamon', 'rajjatsoni801', 'stkymk64', 'sefakahriman77', 'chinmaybharti00', 'bkucuksagir', 'gulsakadioglu', 'shreshtha.jbp2000', 'esha.kulawe', 'asmaa_abdelmegeed.', 'asif_iqbal', 'furkanefeyuceer', 'ssbagade1704', 'skscjsdl', 'duendo', 'oznurclskn2', 'nsener45', 'emrebuyukkose', 'stefano.capra1988', 'shaunaknatarajan', 'esraaosman12345', 'vinaykmandia2000', 'carboy7847', 'serkantg', 'emreelma757', 'resula', 'yasinzgen', 'furkan.turkay1', 'iiiisen2653', 'sabriagus26', 'adungey2', 'abhilaksh93', 'melis98bianca', 'erencanarslan70', 'anil.gun85', 'lisuhh22', 'mheim', 'mucoakar98', 'mattykleis', 'vaibhav8nawal', 'anushreesuhalka19', 'efeozalp', 'enizcelik2', 'ritwikkhandelwal09', 'ozanplt0697', 'aarjona', 'iremkaratas', 'ealperen98', 'anilkiziltas', 'brkyelaldi', 'zbo72899', 'kinker', 'ruchir.2000', 'secret0711', 'anirban1988', 'elifcelebi98', 'cihan', 'jaisawant309', 'yunusbaskan1994', 'jainsamar398', 'slnknc35', 'mertcan.bayindir', 'lisa.w7h', 'mkkm95', 'raymondzhou227', 'mustfaasimsek.26', 'parkhyo864', 'omerrguzel', 'pshashi', 'berkayyaris', 'emreaydn2002', 'serhatyildirim4078', 'rohitrajwansi7', 'necipfazildogruyol', 'evren_aydin6', 'kaya.emrah.26', 'adilkhan', 'serkanbzkrt35', 'azadbilge', 'hklimach', 'o.erdogan541994', 'tarikyillmaz8', 'yhloveall1', 'brknshn', 'camille', 'aortwig2', 'aileenpando', 'lewisaskeeble', 'rezaeemehdi64', 'ricardomilos69', 'chen.chen.cc2483', 'muvafikmelikkaya', 'gkumar946.gk', 'uttam', 'pranav_706', 'engfersoy', 'errouadd', 'mblr96', 'danielmoraru', 'mad.4101', 'daberaoviraj123', 'gkckirtasiye', 'anuranandas', 'stefanolarentis', 'prachi.p', 'phycsxu', 'hituldesai03', 'huaminli', 'ygtbstg', 'svhsai2000', 'hazalakyel', 'kadiraytac', 'karabostan37', 'cerencoskunn', 'raptor.l841', 'yqwuly', 'ojsul', 'pangraci', 'riyaaanchal', 'ozgurozdemir798', 'john_schmidt', 'chiragmeena19', 'ahhmetbulut', 'anishadok', 'nikhil10rai', 'wolnypokoj', 'rishabhsureka123', 'aktasozgurozan', 'alperen2626', 'prashilpatil99', 'melike.1kayali', 'didi.isme10', 'ee17btech11032', 'maggiebasta', 'afurkanbudak42', 'ahmedsameh25951', 'aforanurag99', 'dm932051', 'ebx', 'kanabarmillen', 'abdumhrous', 'acj', 'whtyd35', 'vrdmn7721', '46harunakgul', 'mhckrhale96', 'janeelpatel', 'zhongpengsun', 'muktai2001', 'patururajesh91306', 'gulluhanrmk', 'whtyd03', 'felixdollinger', 'harleen.shrivs', 'mseyfullahcelik', 'acrawford', 'samyakshah21', 'awale.vinit', 'archishman.saha', 'yunus.isikdemir97', 'sigdanumvid', 'nwkiller', 'guvennazlican85', 'nestor1999', 'kevinyoon', 'miakry', 'abhi9385', 'ashutoshranjan253', 'danielledavis', 'kruthagnyamyana', 'omgiaquinto', 'emineist46', 'priyankabagade96', 'berktu', 'alexfw', 'ditisanghai', 'alym11731996', 'myrakis', 'dd.kok', 'jungyuya', '20anand.abhi', 'tongzhou904', 'berkcankucukkasap', 'nicoletrenchard', 'kennethkmd', 'kimsoyoung', None, 'yavuz5319', 'simgesismann', 'amolgirishshah', 'darrelly', 'parthm1611', 'agmariona', 'mahmutcanki', 'ahmetkayapinar', 'ssha6687', 'tuafbogey', 'sencerkaracasu', 'jcho1895', 'havvafatmaozbay', 'amydb', 'denizans', 'ensarerol26', 'plabs', 'berk.oztaskin.99', 'dd642482536', 'reetmehta', 'ksb541', 'dprabhanshu23', 'gadhiayash', 'jnana2k', 'prashants31', 'hrnatcn', 'devank', 'meltemsbreezes', 'afz', 'abdullahkucukel', 'mrefaat', 'fatihvsever', 'gzmnce', 'hiteshk_24', 'ayushdahale6277', 'cagriguney', 'yalun', 'mertyamanoglu', 'abk15062000', 'mevradilanerten', 'sakhrald', 'creutzfeldtundjakob', 'shaunzac', 'adbhut', 'efecanberkayyasar', 'gokce.gocerrr', 'guilherme.faveri', 'ujjwalkalra1969', 'bahcecieray', 'bhavika', 'jzwang8', 'anthony012798', 'hrishikesh', 'araheem', 'piyush36', 'xerato', 'adityaharakare1', 'antonaci.p', 'dchang818', 'berkayerarslan', 'skyguy987', 'ruchir.iitb', 'afkali.120', 'johyunjung', 'daleksec', 'canersokat', 'mohdghs', 'mustafaeee', 'batuhanuslu', 'kiragr1999']"
1,278,272,18,9,"['myrakis', 'jaisawant309', 'yqwuly', 'ahmetkayapinar', 'bloodknight26', 'berktu', 'aforanurag99', 'anil.gun85', 'guilherme.faveri']",263,"['ns', 'pwmichalak', 'ckendig', 'wlsgh9838', 'kartiknairvariar6', 'sgu20161510', 'recepkaratoprak19', 'jaafaralsarray', 'fcoskuner68', 'durgeshahire15', 'onsozbuse541', 'akj01130', 'seymaaguleer', 'alihakan1979', 'mileswang97', 'nishitasinha', 'serenayoussef', 'g.hernandez.sosa', 'dheemahi', 'zhur', 'dhilanr', 'kbhamon', 'rajjatsoni801', 'stkymk64', 'sefakahriman77', 'chinmaybharti00', 'bkucuksagir', 'gulsakadioglu', 'shreshtha.jbp2000', 'esha.kulawe', 'asmaa_abdelmegeed.', 'asif_iqbal', 'furkanefeyuceer', 'ssbagade1704', 'skscjsdl', 'duendo', 'oznurclskn2', 'nsener45', 'emrebuyukkose', 'stefano.capra1988', 'shaunaknatarajan', 'esraaosman12345', 'vinaykmandia2000', 'carboy7847', 'serkantg', 'emreelma757', 'resula', 'yasinzgen', 'furkan.turkay1', 'iiiisen2653', 'sabriagus26', 'adungey2', 'abhilaksh93', 'melis98bianca', 'erencanarslan70', 'lisuhh22', 'mheim', 'mucoakar98', 'mattykleis', 'vaibhav8nawal', 'anushreesuhalka19', 'efeozalp', 'enizcelik2', 'ritwikkhandelwal09', 'ozanplt0697', 'aarjona', 'iremkaratas', 'ealperen98', 'anilkiziltas', 'brkyelaldi', 'zbo72899', 'kinker', 'ruchir.2000', 'secret0711', 'anirban1988', 'elifcelebi98', 'cihan', 'yunusbaskan1994', 'jainsamar398', 'slnknc35', 'mertcan.bayindir', 'lisa.w7h', 'mkkm95', 'raymondzhou227', 'mustfaasimsek.26', 'parkhyo864', 'omerrguzel', 'pshashi', 'berkayyaris', 'emreaydn2002', 'serhatyildirim4078', 'rohitrajwansi7', 'necipfazildogruyol', 'evren_aydin6', 'kaya.emrah.26', 'adilkhan', 'serkanbzkrt35', 'azadbilge', 'hklimach', 'o.erdogan541994', 'tarikyillmaz8', 'yhloveall1', 'brknshn', 'camille', 'aortwig2', 'aileenpando', 'lewisaskeeble', 'rezaeemehdi64', 'ricardomilos69', 'chen.chen.cc2483', 'muvafikmelikkaya', 'gkumar946.gk', 'uttam', 'pranav_706', 'engfersoy', 'errouadd', 'mblr96', 'danielmoraru', 'mad.4101', 'daberaoviraj123', 'gkckirtasiye', 'anuranandas', 'stefanolarentis', 'prachi.p', 'phycsxu', 'hituldesai03', 'huaminli', 'ygtbstg', 'svhsai2000', 'hazalakyel', 'kadiraytac', 'karabostan37', 'cerencoskunn', 'raptor.l841', 'ojsul', 'pangraci', 'riyaaanchal', 'ozgurozdemir798', 'john_schmidt', 'chiragmeena19', 'ahhmetbulut', 'anishadok', 'nikhil10rai', 'wolnypokoj', 'rishabhsureka123', 'aktasozgurozan', 'alperen2626', 'prashilpatil99', 'melike.1kayali', 'ee17btech11032', 'maggiebasta', 'afurkanbudak42', 'ahmedsameh25951', 'dm932051', 'ebx', 'abdumhrous', 'acj', 'whtyd35', 'vrdmn7721', '46harunakgul', 'mhckrhale96', 'janeelpatel', 'zhongpengsun', 'muktai2001', 'patururajesh91306', 'gulluhanrmk', 'whtyd03', 'felixdollinger', 'mseyfullahcelik', 'acrawford', 'samyakshah21', 'awale.vinit', 'archishman.saha', 'yunus.isikdemir97', 'sigdanumvid', 'nwkiller', 'guvennazlican85', 'nestor1999', 'kevinyoon', 'miakry', 'abhi9385', 'ashutoshranjan253', 'danielledavis', 'kruthagnyamyana', 'omgiaquinto', 'emineist46', 'alexfw', 'ditisanghai', 'alym11731996', 'dd.kok', 'jungyuya', 'tongzhou904', 'berkcankucukkasap', 'nicoletrenchard', 'kennethkmd', 'kimsoyoung', 'yavuz5319', 'simgesismann', 'amolgirishshah', 'darrelly', 'parthm1611', 'agmariona', 'mahmutcanki', 'ssha6687', 'tuafbogey', 'sencerkaracasu', 'jcho1895', 'havvafatmaozbay', 'amydb', 'denizans', 'ensarerol26', 'plabs', 'berk.oztaskin.99', 'dd642482536', 'reetmehta', 'ksb541', 'dprabhanshu23', 'gadhiayash', 'jnana2k', 'prashants31', 'hrnatcn', 'devank', 'meltemsbreezes', 'afz', 'abdullahkucukel', 'mrefaat', 'fatihvsever', 'gzmnce', 'hiteshk_24', 'ayushdahale6277', 'cagriguney', 'yalun', 'mertyamanoglu', 'abk15062000', 'mevradilanerten', 'sakhrald', 'creutzfeldtundjakob', 'adbhut', 'efecanberkayyasar', 'gokce.gocerrr', 'ujjwalkalra1969', 'bahcecieray', 'bhavika', 'jzwang8', 'anthony012798', 'hrishikesh', 'araheem', 'piyush36', 'xerato', 'adityaharakare1', 'antonaci.p', 'dchang818', 'berkayerarslan', 'skyguy987', 'ruchir.iitb', 'afkali.120', 'johyunjung', 'daleksec', 'canersokat', 'mohdghs', 'mustafaeee', 'batuhanuslu', 'kiragr1999']",9,"['mingxialian', 'xiaohongshan', 'furkan0636', 'panser', 'shaunzac', 'hannekehoogerheide', 'thapa1s', None, 'immanuelwilliams']",281,"['ns', 'pwmichalak', 'ckendig', 'wlsgh9838', 'kartiknairvariar6', 'sgu20161510', 'recepkaratoprak19', 'jaafaralsarray', 'fcoskuner68', 'durgeshahire15', 'mingxialian', 'onsozbuse541', 'akj01130', 'bloodknight26', 'seymaaguleer', 'alihakan1979', 'mileswang97', 'nishitasinha', 'serenayoussef', 'g.hernandez.sosa', 'dheemahi', 'zhur', 'dhilanr', 'kbhamon', 'rajjatsoni801', 'stkymk64', 'sefakahriman77', 'chinmaybharti00', 'bkucuksagir', 'gulsakadioglu', 'shreshtha.jbp2000', 'esha.kulawe', 'asmaa_abdelmegeed.', 'asif_iqbal', 'furkanefeyuceer', 'ssbagade1704', 'skscjsdl', 'duendo', 'oznurclskn2', 'nsener45', 'emrebuyukkose', 'stefano.capra1988', 'shaunaknatarajan', 'esraaosman12345', 'vinaykmandia2000', 'carboy7847', 'serkantg', 'emreelma757', 'resula', 'yasinzgen', 'furkan.turkay1', 'iiiisen2653', 'sabriagus26', 'adungey2', 'abhilaksh93', 'melis98bianca', 'erencanarslan70', 'anil.gun85', 'lisuhh22', 'mheim', 'mucoakar98', 'mattykleis', 'vaibhav8nawal', 'anushreesuhalka19', 'efeozalp', 'enizcelik2', 'ritwikkhandelwal09', 'ozanplt0697', 'aarjona', 'iremkaratas', 'ealperen98', 'anilkiziltas', 'brkyelaldi', 'zbo72899', 'kinker', 'ruchir.2000', 'secret0711', 'anirban1988', 'immanuelwilliams', 'elifcelebi98', 'cihan', 'jaisawant309', 'yunusbaskan1994', 'jainsamar398', 'slnknc35', 'mertcan.bayindir', 'lisa.w7h', 'mkkm95', 'raymondzhou227', 'mustfaasimsek.26', 'parkhyo864', 'omerrguzel', 'pshashi', 'berkayyaris', 'emreaydn2002', 'serhatyildirim4078', 'rohitrajwansi7', 'necipfazildogruyol', 'evren_aydin6', 'kaya.emrah.26', 'adilkhan', 'serkanbzkrt35', 'furkan0636', 'azadbilge', 'hklimach', 'o.erdogan541994', 'tarikyillmaz8', 'yhloveall1', 'brknshn', 'camille', 'aortwig2', 'aileenpando', 'lewisaskeeble', 'rezaeemehdi64', 'ricardomilos69', 'chen.chen.cc2483', 'muvafikmelikkaya', 'gkumar946.gk', 'uttam', 'pranav_706', 'engfersoy', 'errouadd', 'mblr96', 'danielmoraru', 'mad.4101', 'daberaoviraj123', 'gkckirtasiye', 'anuranandas', 'stefanolarentis', 'prachi.p', 'phycsxu', 'hituldesai03', 'huaminli', 'ygtbstg', 'svhsai2000', 'hazalakyel', 'kadiraytac', 'karabostan37', 'cerencoskunn', 'raptor.l841', 'yqwuly', 'ojsul', 'pangraci', 'riyaaanchal', 'ozgurozdemir798', 'john_schmidt', 'chiragmeena19', 'ahhmetbulut', 'anishadok', 'nikhil10rai', 'wolnypokoj', 'rishabhsureka123', 'aktasozgurozan', 'alperen2626', 'prashilpatil99', 'melike.1kayali', 'ee17btech11032', 'maggiebasta', 'afurkanbudak42', 'ahmedsameh25951', 'aforanurag99', 'dm932051', 'ebx', 'abdumhrous', 'acj', 'whtyd35', 'vrdmn7721', '46harunakgul', 'mhckrhale96', 'janeelpatel', 'zhongpengsun', 'thapa1s', 'muktai2001', 'patururajesh91306', 'gulluhanrmk', 'whtyd03', 'felixdollinger', 'mseyfullahcelik', 'acrawford', 'samyakshah21', 'awale.vinit', 'archishman.saha', 'yunus.isikdemir97', 'sigdanumvid', 'nwkiller', 'xiaohongshan', 'guvennazlican85', 'nestor1999', 'kevinyoon', 'hannekehoogerheide', 'miakry', 'abhi9385', 'ashutoshranjan253', 'danielledavis', 'kruthagnyamyana', 'omgiaquinto', 'emineist46', 'berktu', 'alexfw', 'ditisanghai', 'alym11731996', 'myrakis', 'dd.kok', 'panser', 'jungyuya', 'tongzhou904', 'berkcankucukkasap', 'nicoletrenchard', 'kennethkmd', 'kimsoyoung', None, 'yavuz5319', 'simgesismann', 'amolgirishshah', 'darrelly', 'parthm1611', 'agmariona', 'mahmutcanki', 'ahmetkayapinar', 'ssha6687', 'tuafbogey', 'sencerkaracasu', 'jcho1895', 'havvafatmaozbay', 'amydb', 'denizans', 'ensarerol26', 'plabs', 'berk.oztaskin.99', 'dd642482536', 'reetmehta', 'ksb541', 'dprabhanshu23', 'gadhiayash', 'jnana2k', 'prashants31', 'hrnatcn', 'devank', 'meltemsbreezes', 'afz', 'abdullahkucukel', 'mrefaat', 'fatihvsever', 'gzmnce', 'hiteshk_24', 'ayushdahale6277', 'cagriguney', 'yalun', 'mertyamanoglu', 'abk15062000', 'mevradilanerten', 'sakhrald', 'creutzfeldtundjakob', 'shaunzac', 'adbhut', 'efecanberkayyasar', 'gokce.gocerrr', 'guilherme.faveri', 'ujjwalkalra1969', 'bahcecieray', 'bhavika', 'jzwang8', 'anthony012798', 'hrishikesh', 'araheem', 'piyush36', 'xerato', 'adityaharakare1', 'antonaci.p', 'dchang818', 'berkayerarslan', 'skyguy987', 'ruchir.iitb', 'afkali.120', 'johyunjung', 'daleksec', 'canersokat', 'mohdghs', 'mustafaeee', 'batuhanuslu', 'kiragr1999']"
1,252,272,16,12,"['recepkaratoprak19', 'dd.kok', 'yunus.isikdemir97', 'fatihvsever', 'azadbilge', 'ahmetkayapinar', 'omerrguzel', 'bahcecieray', 'berkayerarslan', 'berk.oztaskin.99', 'anil.gun85', 'mertcan.bayindir']",260,"['ns', 'pwmichalak', 'ckendig', 'wlsgh9838', 'kartiknairvariar6', 'sgu20161510', 'jaafaralsarray', 'fcoskuner68', 'durgeshahire15', 'onsozbuse541', 'akj01130', 'bloodknight26', 'seymaaguleer', 'alihakan1979', 'mileswang97', 'nishitasinha', 'serenayoussef', 'g.hernandez.sosa', 'dheemahi', 'zhur', 'dhilanr', 'kbhamon', 'rajjatsoni801', 'stkymk64', 'sefakahriman77', 'chinmaybharti00', 'bkucuksagir', 'gulsakadioglu', 'shreshtha.jbp2000', 'esha.kulawe', 'asmaa_abdelmegeed.', 'asif_iqbal', 'furkanefeyuceer', 'ssbagade1704', 'skscjsdl', 'duendo', 'oznurclskn2', 'nsener45', 'emrebuyukkose', 'stefano.capra1988', 'shaunaknatarajan', 'esraaosman12345', 'vinaykmandia2000', 'carboy7847', 'serkantg', 'emreelma757', 'resula', 'yasinzgen', 'furkan.turkay1', 'iiiisen2653', 'sabriagus26', 'adungey2', 'abhilaksh93', 'melis98bianca', 'erencanarslan70', 'lisuhh22', 'mheim', 'mucoakar98', 'mattykleis', 'vaibhav8nawal', 'anushreesuhalka19', 'efeozalp', 'enizcelik2', 'ritwikkhandelwal09', 'ozanplt0697', 'aarjona', 'iremkaratas', 'ealperen98', 'anilkiziltas', 'brkyelaldi', 'zbo72899', 'kinker', 'ruchir.2000', 'secret0711', 'anirban1988', 'elifcelebi98', 'cihan', 'jaisawant309', 'yunusbaskan1994', 'jainsamar398', 'slnknc35', 'lisa.w7h', 'mkkm95', 'raymondzhou227', 'mustfaasimsek.26', 'parkhyo864', 'pshashi', 'berkayyaris', 'emreaydn2002', 'serhatyildirim4078', 'rohitrajwansi7', 'necipfazildogruyol', 'evren_aydin6', 'kaya.emrah.26', 'adilkhan', 'serkanbzkrt35', 'hklimach', 'o.erdogan541994', 'tarikyillmaz8', 'yhloveall1', 'brknshn', 'camille', 'aortwig2', 'aileenpando', 'lewisaskeeble', 'rezaeemehdi64', 'ricardomilos69', 'chen.chen.cc2483', 'muvafikmelikkaya', 'gkumar946.gk', 'uttam', 'pranav_706', 'engfersoy', 'errouadd', 'mblr96', 'danielmoraru', 'mad.4101', 'daberaoviraj123', 'gkckirtasiye', 'anuranandas', 'stefanolarentis', 'prachi.p', 'phycsxu', 'hituldesai03', 'huaminli', 'ygtbstg', 'svhsai2000', 'hazalakyel', 'kadiraytac', 'karabostan37', 'cerencoskunn', 'raptor.l841', 'yqwuly', 'ojsul', 'pangraci', 'riyaaanchal', 'ozgurozdemir798', 'john_schmidt', 'chiragmeena19', 'ahhmetbulut', 'anishadok', 'nikhil10rai', 'wolnypokoj', 'rishabhsureka123', 'aktasozgurozan', 'alperen2626', 'prashilpatil99', 'melike.1kayali', 'ee17btech11032', 'maggiebasta', 'afurkanbudak42', 'ahmedsameh25951', 'aforanurag99', 'dm932051', 'ebx', 'abdumhrous', 'acj', 'whtyd35', 'vrdmn7721', '46harunakgul', 'mhckrhale96', 'janeelpatel', 'zhongpengsun', 'muktai2001', 'patururajesh91306', 'gulluhanrmk', 'whtyd03', 'felixdollinger', 'mseyfullahcelik', 'acrawford', 'samyakshah21', 'awale.vinit', 'archishman.saha', 'sigdanumvid', 'nwkiller', 'guvennazlican85', 'nestor1999', 'kevinyoon', 'miakry', 'abhi9385', 'ashutoshranjan253', 'danielledavis', 'kruthagnyamyana', 'omgiaquinto', 'emineist46', 'berktu', 'alexfw', 'ditisanghai', 'alym11731996', 'myrakis', 'jungyuya', 'tongzhou904', 'berkcankucukkasap', 'nicoletrenchard', 'kennethkmd', 'kimsoyoung', 'yavuz5319', 'simgesismann', 'amolgirishshah', 'darrelly', 'parthm1611', 'agmariona', 'mahmutcanki', 'ssha6687', 'tuafbogey', 'sencerkaracasu', 'jcho1895', 'havvafatmaozbay', 'amydb', 'denizans', 'ensarerol26', 'plabs', 'dd642482536', 'reetmehta', 'ksb541', 'dprabhanshu23', 'gadhiayash', 'jnana2k', 'prashants31', 'hrnatcn', 'devank', 'meltemsbreezes', 'afz', 'abdullahkucukel', 'mrefaat', 'gzmnce', 'hiteshk_24', 'ayushdahale6277', 'cagriguney', 'yalun', 'mertyamanoglu', 'abk15062000', 'mevradilanerten', 'sakhrald', 'creutzfeldtundjakob', 'adbhut', 'efecanberkayyasar', 'gokce.gocerrr', 'guilherme.faveri', 'ujjwalkalra1969', 'bhavika', 'jzwang8', 'anthony012798', 'hrishikesh', 'araheem', 'piyush36', 'xerato', 'adityaharakare1', 'antonaci.p', 'dchang818', 'skyguy987', 'ruchir.iitb', 'afkali.120', 'johyunjung', 'daleksec', 'canersokat', 'mohdghs', 'mustafaeee', 'batuhanuslu', 'kiragr1999']",4,"['tevfikdingecoglu', None, 'hobeto1000', 'furkan0636']",276,"['ns', 'pwmichalak', 'ckendig', 'wlsgh9838', 'kartiknairvariar6', 'sgu20161510', 'recepkaratoprak19', 'jaafaralsarray', 'fcoskuner68', 'durgeshahire15', 'onsozbuse541', 'akj01130', 'bloodknight26', 'seymaaguleer', 'alihakan1979', 'mileswang97', 'nishitasinha', 'serenayoussef', 'g.hernandez.sosa', 'dheemahi', 'zhur', 'dhilanr', 'kbhamon', 'rajjatsoni801', 'stkymk64', 'sefakahriman77', 'chinmaybharti00', 'bkucuksagir', 'gulsakadioglu', 'shreshtha.jbp2000', 'esha.kulawe', 'asmaa_abdelmegeed.', 'asif_iqbal', 'furkanefeyuceer', 'ssbagade1704', 'skscjsdl', 'duendo', 'oznurclskn2', 'nsener45', 'emrebuyukkose', 'stefano.capra1988', 'shaunaknatarajan', 'esraaosman12345', 'vinaykmandia2000', 'carboy7847', 'serkantg', 'emreelma757', 'resula', 'yasinzgen', 'furkan.turkay1', 'iiiisen2653', 'sabriagus26', 'adungey2', 'abhilaksh93', 'melis98bianca', 'erencanarslan70', 'anil.gun85', 'lisuhh22', 'mheim', 'mucoakar98', 'mattykleis', 'vaibhav8nawal', 'anushreesuhalka19', 'efeozalp', 'enizcelik2', 'ritwikkhandelwal09', 'ozanplt0697', 'aarjona', 'iremkaratas', 'ealperen98', 'anilkiziltas', 'brkyelaldi', 'zbo72899', 'kinker', 'ruchir.2000', 'secret0711', 'anirban1988', 'elifcelebi98', 'cihan', 'jaisawant309', 'yunusbaskan1994', 'jainsamar398', 'slnknc35', 'tevfikdingecoglu', 'mertcan.bayindir', 'lisa.w7h', 'mkkm95', 'raymondzhou227', 'mustfaasimsek.26', 'parkhyo864', 'omerrguzel', 'pshashi', 'berkayyaris', 'emreaydn2002', 'serhatyildirim4078', 'rohitrajwansi7', 'necipfazildogruyol', 'evren_aydin6', 'kaya.emrah.26', 'adilkhan', 'serkanbzkrt35', 'furkan0636', 'azadbilge', 'hklimach', 'o.erdogan541994', 'tarikyillmaz8', 'yhloveall1', 'brknshn', 'camille', 'aortwig2', 'aileenpando', 'lewisaskeeble', 'rezaeemehdi64', 'ricardomilos69', 'chen.chen.cc2483', 'muvafikmelikkaya', 'gkumar946.gk', 'uttam', 'pranav_706', 'engfersoy', 'errouadd', 'mblr96', 'danielmoraru', 'mad.4101', 'daberaoviraj123', 'gkckirtasiye', 'anuranandas', 'stefanolarentis', 'prachi.p', 'phycsxu', 'hituldesai03', 'huaminli', 'ygtbstg', 'svhsai2000', 'hazalakyel', 'kadiraytac', 'hobeto1000', 'karabostan37', 'cerencoskunn', 'raptor.l841', 'yqwuly', 'ojsul', 'pangraci', 'riyaaanchal', 'ozgurozdemir798', 'john_schmidt', 'chiragmeena19', 'ahhmetbulut', 'anishadok', 'nikhil10rai', 'wolnypokoj', 'rishabhsureka123', 'aktasozgurozan', 'alperen2626', 'prashilpatil99', 'melike.1kayali', 'ee17btech11032', 'maggiebasta', 'afurkanbudak42', 'ahmedsameh25951', 'aforanurag99', 'dm932051', 'ebx', 'abdumhrous', 'acj', 'whtyd35', 'vrdmn7721', '46harunakgul', 'mhckrhale96', 'janeelpatel', 'zhongpengsun', 'muktai2001', 'patururajesh91306', 'gulluhanrmk', 'whtyd03', 'felixdollinger', 'mseyfullahcelik', 'acrawford', 'samyakshah21', 'awale.vinit', 'archishman.saha', 'yunus.isikdemir97', 'sigdanumvid', 'nwkiller', 'guvennazlican85', 'nestor1999', 'kevinyoon', 'miakry', 'abhi9385', 'ashutoshranjan253', 'danielledavis', 'kruthagnyamyana', 'omgiaquinto', 'emineist46', 'berktu', 'alexfw', 'ditisanghai', 'alym11731996', 'myrakis', 'dd.kok', 'jungyuya', 'tongzhou904', 'berkcankucukkasap', 'nicoletrenchard', 'kennethkmd', 'kimsoyoung', None, 'yavuz5319', 'simgesismann', 'amolgirishshah', 'darrelly', 'parthm1611', 'agmariona', 'mahmutcanki', 'ahmetkayapinar', 'ssha6687', 'tuafbogey', 'sencerkaracasu', 'jcho1895', 'havvafatmaozbay', 'amydb', 'denizans', 'ensarerol26', 'plabs', 'berk.oztaskin.99', 'dd642482536', 'reetmehta', 'ksb541', 'dprabhanshu23', 'gadhiayash', 'jnana2k', 'prashants31', 'hrnatcn', 'devank', 'meltemsbreezes', 'afz', 'abdullahkucukel', 'mrefaat', 'fatihvsever', 'gzmnce', 'hiteshk_24', 'ayushdahale6277', 'cagriguney', 'yalun', 'mertyamanoglu', 'abk15062000', 'mevradilanerten', 'sakhrald', 'creutzfeldtundjakob', 'adbhut', 'efecanberkayyasar', 'gokce.gocerrr', 'guilherme.faveri', 'ujjwalkalra1969', 'bahcecieray', 'bhavika', 'jzwang8', 'anthony012798', 'hrishikesh', 'araheem', 'piyush36', 'xerato', 'adityaharakare1', 'antonaci.p', 'dchang818', 'berkayerarslan', 'skyguy987', 'ruchir.iitb', 'afkali.120', 'johyunjung', 'daleksec', 'canersokat', 'mohdghs', 'mustafaeee', 'batuhanuslu', 'kiragr1999']"
1,277,272,15,12,"['elifcelebi98', 'mertyamanoglu', 'kadiraytac', 'stkymk64', 'fcoskuner68', 'havvafatmaozbay', 'hrnatcn', 'anilkiziltas', '46harunakgul', 'tuafbogey', 'carboy7847', 'serkantg']",260,"['ns', 'pwmichalak', 'ckendig', 'wlsgh9838', 'kartiknairvariar6', 'sgu20161510', 'recepkaratoprak19', 'jaafaralsarray', 'durgeshahire15', 'onsozbuse541', 'akj01130', 'bloodknight26', 'seymaaguleer', 'alihakan1979', 'mileswang97', 'nishitasinha', 'serenayoussef', 'g.hernandez.sosa', 'dheemahi', 'zhur', 'dhilanr', 'kbhamon', 'rajjatsoni801', 'sefakahriman77', 'chinmaybharti00', 'bkucuksagir', 'gulsakadioglu', 'shreshtha.jbp2000', 'esha.kulawe', 'asmaa_abdelmegeed.', 'asif_iqbal', 'furkanefeyuceer', 'ssbagade1704', 'skscjsdl', 'duendo', 'oznurclskn2', 'nsener45', 'emrebuyukkose', 'stefano.capra1988', 'shaunaknatarajan', 'esraaosman12345', 'vinaykmandia2000', 'emreelma757', 'resula', 'yasinzgen', 'furkan.turkay1', 'iiiisen2653', 'sabriagus26', 'adungey2', 'abhilaksh93', 'melis98bianca', 'erencanarslan70', 'anil.gun85', 'lisuhh22', 'mheim', 'mucoakar98', 'mattykleis', 'vaibhav8nawal', 'anushreesuhalka19', 'efeozalp', 'enizcelik2', 'ritwikkhandelwal09', 'ozanplt0697', 'aarjona', 'iremkaratas', 'ealperen98', 'brkyelaldi', 'zbo72899', 'kinker', 'ruchir.2000', 'secret0711', 'anirban1988', 'cihan', 'jaisawant309', 'yunusbaskan1994', 'jainsamar398', 'slnknc35', 'mertcan.bayindir', 'lisa.w7h', 'mkkm95', 'raymondzhou227', 'mustfaasimsek.26', 'parkhyo864', 'omerrguzel', 'pshashi', 'berkayyaris', 'emreaydn2002', 'serhatyildirim4078', 'rohitrajwansi7', 'necipfazildogruyol', 'evren_aydin6', 'kaya.emrah.26', 'adilkhan', 'serkanbzkrt35', 'azadbilge', 'hklimach', 'o.erdogan541994', 'tarikyillmaz8', 'yhloveall1', 'brknshn', 'camille', 'aortwig2', 'aileenpando', 'lewisaskeeble', 'rezaeemehdi64', 'ricardomilos69', 'chen.chen.cc2483', 'muvafikmelikkaya', 'gkumar946.gk', 'uttam', 'pranav_706', 'engfersoy', 'errouadd', 'mblr96', 'danielmoraru', 'mad.4101', 'daberaoviraj123', 'gkckirtasiye', 'anuranandas', 'stefanolarentis', 'prachi.p', 'phycsxu', 'hituldesai03', 'huaminli', 'ygtbstg', 'svhsai2000', 'hazalakyel', 'karabostan37', 'cerencoskunn', 'raptor.l841', 'yqwuly', 'ojsul', 'pangraci', 'riyaaanchal', 'ozgurozdemir798', 'john_schmidt', 'chiragmeena19', 'ahhmetbulut', 'anishadok', 'nikhil10rai', 'wolnypokoj', 'rishabhsureka123', 'aktasozgurozan', 'alperen2626', 'prashilpatil99', 'melike.1kayali', 'ee17btech11032', 'maggiebasta', 'afurkanbudak42', 'ahmedsameh25951', 'aforanurag99', 'dm932051', 'ebx', 'abdumhrous', 'acj', 'whtyd35', 'vrdmn7721', 'mhckrhale96', 'janeelpatel', 'zhongpengsun', 'muktai2001', 'patururajesh91306', 'gulluhanrmk', 'whtyd03', 'felixdollinger', 'mseyfullahcelik', 'acrawford', 'samyakshah21', 'awale.vinit', 'archishman.saha', 'yunus.isikdemir97', 'sigdanumvid', 'nwkiller', 'guvennazlican85', 'nestor1999', 'kevinyoon', 'miakry', 'abhi9385', 'ashutoshranjan253', 'danielledavis', 'kruthagnyamyana', 'omgiaquinto', 'emineist46', 'berktu', 'alexfw', 'ditisanghai', 'alym11731996', 'myrakis', 'dd.kok', 'jungyuya', 'tongzhou904', 'berkcankucukkasap', 'nicoletrenchard', 'kennethkmd', 'kimsoyoung', 'yavuz5319', 'simgesismann', 'amolgirishshah', 'darrelly', 'parthm1611', 'agmariona', 'mahmutcanki', 'ahmetkayapinar', 'ssha6687', 'sencerkaracasu', 'jcho1895', 'amydb', 'denizans', 'ensarerol26', 'plabs', 'berk.oztaskin.99', 'dd642482536', 'reetmehta', 'ksb541', 'dprabhanshu23', 'gadhiayash', 'jnana2k', 'prashants31', 'devank', 'meltemsbreezes', 'afz', 'abdullahkucukel', 'mrefaat', 'fatihvsever', 'gzmnce', 'hiteshk_24', 'ayushdahale6277', 'cagriguney', 'yalun', 'abk15062000', 'mevradilanerten', 'sakhrald', 'creutzfeldtundjakob', 'adbhut', 'efecanberkayyasar', 'gokce.gocerrr', 'guilherme.faveri', 'ujjwalkalra1969', 'bahcecieray', 'bhavika', 'jzwang8', 'anthony012798', 'hrishikesh', 'araheem', 'piyush36', 'xerato', 'adityaharakare1', 'antonaci.p', 'dchang818', 'berkayerarslan', 'skyguy987', 'ruchir.iitb', 'afkali.120', 'johyunjung', 'daleksec', 'canersokat', 'mohdghs', 'mustafaeee', 'batuhanuslu', 'kiragr1999']",3,"['esranurcengiz43', None, 'ibrahimanilsimsek3']",275,"['ns', 'pwmichalak', 'ckendig', 'wlsgh9838', 'kartiknairvariar6', 'sgu20161510', 'recepkaratoprak19', 'jaafaralsarray', 'fcoskuner68', 'durgeshahire15', 'onsozbuse541', 'akj01130', 'bloodknight26', 'seymaaguleer', 'alihakan1979', 'mileswang97', 'nishitasinha', 'serenayoussef', 'g.hernandez.sosa', 'dheemahi', 'zhur', 'dhilanr', 'kbhamon', 'rajjatsoni801', 'stkymk64', 'sefakahriman77', 'chinmaybharti00', 'bkucuksagir', 'gulsakadioglu', 'shreshtha.jbp2000', 'esha.kulawe', 'asmaa_abdelmegeed.', 'asif_iqbal', 'furkanefeyuceer', 'ssbagade1704', 'skscjsdl', 'duendo', 'oznurclskn2', 'nsener45', 'emrebuyukkose', 'stefano.capra1988', 'shaunaknatarajan', 'esraaosman12345', 'vinaykmandia2000', 'carboy7847', 'serkantg', 'emreelma757', 'resula', 'yasinzgen', 'furkan.turkay1', 'iiiisen2653', 'sabriagus26', 'adungey2', 'abhilaksh93', 'melis98bianca', 'erencanarslan70', 'anil.gun85', 'lisuhh22', 'mheim', 'mucoakar98', 'mattykleis', 'vaibhav8nawal', 'anushreesuhalka19', 'efeozalp', 'enizcelik2', 'ritwikkhandelwal09', 'ozanplt0697', 'aarjona', 'iremkaratas', 'ealperen98', 'anilkiziltas', 'brkyelaldi', 'zbo72899', 'kinker', 'ruchir.2000', 'secret0711', 'anirban1988', 'elifcelebi98', 'cihan', 'jaisawant309', 'yunusbaskan1994', 'jainsamar398', 'slnknc35', 'mertcan.bayindir', 'lisa.w7h', 'mkkm95', 'raymondzhou227', 'mustfaasimsek.26', 'parkhyo864', 'omerrguzel', 'pshashi', 'berkayyaris', 'emreaydn2002', 'serhatyildirim4078', 'rohitrajwansi7', 'necipfazildogruyol', 'evren_aydin6', 'kaya.emrah.26', 'adilkhan', 'serkanbzkrt35', 'azadbilge', 'hklimach', 'o.erdogan541994', 'tarikyillmaz8', 'yhloveall1', 'brknshn', 'camille', 'aortwig2', 'aileenpando', 'lewisaskeeble', 'rezaeemehdi64', 'ricardomilos69', 'chen.chen.cc2483', 'muvafikmelikkaya', 'gkumar946.gk', 'uttam', 'pranav_706', 'engfersoy', 'errouadd', 'mblr96', 'danielmoraru', 'mad.4101', 'daberaoviraj123', 'gkckirtasiye', 'anuranandas', 'stefanolarentis', 'prachi.p', 'phycsxu', 'hituldesai03', 'huaminli', 'ygtbstg', 'svhsai2000', 'hazalakyel', 'kadiraytac', 'karabostan37', 'cerencoskunn', 'raptor.l841', 'yqwuly', 'ojsul', 'pangraci', 'riyaaanchal', 'ibrahimanilsimsek3', 'ozgurozdemir798', 'john_schmidt', 'chiragmeena19', 'ahhmetbulut', 'anishadok', 'nikhil10rai', 'wolnypokoj', 'rishabhsureka123', 'aktasozgurozan', 'alperen2626', 'prashilpatil99', 'melike.1kayali', 'ee17btech11032', 'maggiebasta', 'afurkanbudak42', 'ahmedsameh25951', 'aforanurag99', 'dm932051', 'ebx', 'abdumhrous', 'acj', 'whtyd35', 'vrdmn7721', '46harunakgul', 'mhckrhale96', 'janeelpatel', 'zhongpengsun', 'muktai2001', 'patururajesh91306', 'gulluhanrmk', 'whtyd03', 'felixdollinger', 'mseyfullahcelik', 'acrawford', 'samyakshah21', 'awale.vinit', 'archishman.saha', 'yunus.isikdemir97', 'sigdanumvid', 'nwkiller', 'guvennazlican85', 'nestor1999', 'kevinyoon', 'miakry', 'abhi9385', 'ashutoshranjan253', 'danielledavis', 'kruthagnyamyana', 'omgiaquinto', 'emineist46', 'berktu', 'alexfw', 'ditisanghai', 'alym11731996', 'myrakis', 'dd.kok', 'jungyuya', 'tongzhou904', 'berkcankucukkasap', 'nicoletrenchard', 'kennethkmd', 'kimsoyoung', None, 'yavuz5319', 'simgesismann', 'amolgirishshah', 'darrelly', 'parthm1611', 'agmariona', 'mahmutcanki', 'ahmetkayapinar', 'ssha6687', 'tuafbogey', 'sencerkaracasu', 'jcho1895', 'havvafatmaozbay', 'amydb', 'denizans', 'ensarerol26', 'plabs', 'berk.oztaskin.99', 'dd642482536', 'reetmehta', 'ksb541', 'dprabhanshu23', 'gadhiayash', 'jnana2k', 'prashants31', 'hrnatcn', 'devank', 'meltemsbreezes', 'afz', 'abdullahkucukel', 'mrefaat', 'fatihvsever', 'gzmnce', 'hiteshk_24', 'ayushdahale6277', 'cagriguney', 'yalun', 'mertyamanoglu', 'abk15062000', 'mevradilanerten', 'sakhrald', 'creutzfeldtundjakob', 'adbhut', 'efecanberkayyasar', 'gokce.gocerrr', 'guilherme.faveri', 'ujjwalkalra1969', 'bahcecieray', 'bhavika', 'jzwang8', 'anthony012798', 'hrishikesh', 'araheem', 'piyush36', 'xerato', 'adityaharakare1', 'antonaci.p', 'esranurcengiz43', 'dchang818', 'berkayerarslan', 'skyguy987', 'ruchir.iitb', 'afkali.120', 'johyunjung', 'daleksec', 'canersokat', 'mohdghs', 'mustafaeee', 'batuhanuslu', 'kiragr1999']"
1,283,272,15,13,"['mkkm95', 'skscjsdl', 'johyunjung', 'whtyd03', 'wlsgh9838', 'whtyd35', 'jnana2k', 'jungyuya', 'akj01130', 'parkhyo864', 'yhloveall1', 'kimsoyoung', 'mad.4101']",259,"['ns', 'pwmichalak', 'ckendig', 'kartiknairvariar6', 'sgu20161510', 'recepkaratoprak19', 'jaafaralsarray', 'fcoskuner68', 'durgeshahire15', 'onsozbuse541', 'bloodknight26', 'seymaaguleer', 'alihakan1979', 'mileswang97', 'nishitasinha', 'serenayoussef', 'g.hernandez.sosa', 'dheemahi', 'zhur', 'dhilanr', 'kbhamon', 'rajjatsoni801', 'stkymk64', 'sefakahriman77', 'chinmaybharti00', 'bkucuksagir', 'gulsakadioglu', 'shreshtha.jbp2000', 'esha.kulawe', 'asmaa_abdelmegeed.', 'asif_iqbal', 'furkanefeyuceer', 'ssbagade1704', 'duendo', 'oznurclskn2', 'nsener45', 'emrebuyukkose', 'stefano.capra1988', 'shaunaknatarajan', 'esraaosman12345', 'vinaykmandia2000', 'carboy7847', 'serkantg', 'emreelma757', 'resula', 'yasinzgen', 'furkan.turkay1', 'iiiisen2653', 'sabriagus26', 'adungey2', 'abhilaksh93', 'melis98bianca', 'erencanarslan70', 'anil.gun85', 'lisuhh22', 'mheim', 'mucoakar98', 'mattykleis', 'vaibhav8nawal', 'anushreesuhalka19', 'efeozalp', 'enizcelik2', 'ritwikkhandelwal09', 'ozanplt0697', 'aarjona', 'iremkaratas', 'ealperen98', 'anilkiziltas', 'brkyelaldi', 'zbo72899', 'kinker', 'ruchir.2000', 'secret0711', 'anirban1988', 'elifcelebi98', 'cihan', 'jaisawant309', 'yunusbaskan1994', 'jainsamar398', 'slnknc35', 'mertcan.bayindir', 'lisa.w7h', 'raymondzhou227', 'mustfaasimsek.26', 'omerrguzel', 'pshashi', 'berkayyaris', 'emreaydn2002', 'serhatyildirim4078', 'rohitrajwansi7', 'necipfazildogruyol', 'evren_aydin6', 'kaya.emrah.26', 'adilkhan', 'serkanbzkrt35', 'azadbilge', 'hklimach', 'o.erdogan541994', 'tarikyillmaz8', 'brknshn', 'camille', 'aortwig2', 'aileenpando', 'lewisaskeeble', 'rezaeemehdi64', 'ricardomilos69', 'chen.chen.cc2483', 'muvafikmelikkaya', 'gkumar946.gk', 'uttam', 'pranav_706', 'engfersoy', 'errouadd', 'mblr96', 'danielmoraru', 'daberaoviraj123', 'gkckirtasiye', 'anuranandas', 'stefanolarentis', 'prachi.p', 'phycsxu', 'hituldesai03', 'huaminli', 'ygtbstg', 'svhsai2000', 'hazalakyel', 'kadiraytac', 'karabostan37', 'cerencoskunn', 'raptor.l841', 'yqwuly', 'ojsul', 'pangraci', 'riyaaanchal', 'ozgurozdemir798', 'john_schmidt', 'chiragmeena19', 'ahhmetbulut', 'anishadok', 'nikhil10rai', 'wolnypokoj', 'rishabhsureka123', 'aktasozgurozan', 'alperen2626', 'prashilpatil99', 'melike.1kayali', 'ee17btech11032', 'maggiebasta', 'afurkanbudak42', 'ahmedsameh25951', 'aforanurag99', 'dm932051', 'ebx', 'abdumhrous', 'acj', 'vrdmn7721', '46harunakgul', 'mhckrhale96', 'janeelpatel', 'zhongpengsun', 'muktai2001', 'patururajesh91306', 'gulluhanrmk', 'felixdollinger', 'mseyfullahcelik', 'acrawford', 'samyakshah21', 'awale.vinit', 'archishman.saha', 'yunus.isikdemir97', 'sigdanumvid', 'nwkiller', 'guvennazlican85', 'nestor1999', 'kevinyoon', 'miakry', 'abhi9385', 'ashutoshranjan253', 'danielledavis', 'kruthagnyamyana', 'omgiaquinto', 'emineist46', 'berktu', 'alexfw', 'ditisanghai', 'alym11731996', 'myrakis', 'dd.kok', 'tongzhou904', 'berkcankucukkasap', 'nicoletrenchard', 'kennethkmd', 'yavuz5319', 'simgesismann', 'amolgirishshah', 'darrelly', 'parthm1611', 'agmariona', 'mahmutcanki', 'ahmetkayapinar', 'ssha6687', 'tuafbogey', 'sencerkaracasu', 'jcho1895', 'havvafatmaozbay', 'amydb', 'denizans', 'ensarerol26', 'plabs', 'berk.oztaskin.99', 'dd642482536', 'reetmehta', 'ksb541', 'dprabhanshu23', 'gadhiayash', 'prashants31', 'hrnatcn', 'devank', 'meltemsbreezes', 'afz', 'abdullahkucukel', 'mrefaat', 'fatihvsever', 'gzmnce', 'hiteshk_24', 'ayushdahale6277', 'cagriguney', 'yalun', 'mertyamanoglu', 'abk15062000', 'mevradilanerten', 'sakhrald', 'creutzfeldtundjakob', 'adbhut', 'efecanberkayyasar', 'gokce.gocerrr', 'guilherme.faveri', 'ujjwalkalra1969', 'bahcecieray', 'bhavika', 'jzwang8', 'anthony012798', 'hrishikesh', 'araheem', 'piyush36', 'xerato', 'adityaharakare1', 'antonaci.p', 'dchang818', 'berkayerarslan', 'skyguy987', 'ruchir.iitb', 'afkali.120', 'daleksec', 'canersokat', 'mohdghs', 'mustafaeee', 'batuhanuslu', 'kiragr1999']",2,"['fkal0930', None]",274,"['ns', 'pwmichalak', 'ckendig', 'wlsgh9838', 'kartiknairvariar6', 'sgu20161510', 'recepkaratoprak19', 'jaafaralsarray', 'fcoskuner68', 'durgeshahire15', 'onsozbuse541', 'akj01130', 'bloodknight26', 'seymaaguleer', 'alihakan1979', 'mileswang97', 'nishitasinha', 'serenayoussef', 'g.hernandez.sosa', 'dheemahi', 'zhur', 'dhilanr', 'kbhamon', 'rajjatsoni801', 'stkymk64', 'sefakahriman77', 'chinmaybharti00', 'bkucuksagir', 'gulsakadioglu', 'shreshtha.jbp2000', 'esha.kulawe', 'asmaa_abdelmegeed.', 'asif_iqbal', 'furkanefeyuceer', 'ssbagade1704', 'skscjsdl', 'duendo', 'oznurclskn2', 'nsener45', 'emrebuyukkose', 'stefano.capra1988', 'shaunaknatarajan', 'esraaosman12345', 'vinaykmandia2000', 'carboy7847', 'serkantg', 'emreelma757', 'resula', 'yasinzgen', 'furkan.turkay1', 'iiiisen2653', 'sabriagus26', 'adungey2', 'abhilaksh93', 'melis98bianca', 'erencanarslan70', 'anil.gun85', 'lisuhh22', 'mheim', 'mucoakar98', 'mattykleis', 'vaibhav8nawal', 'anushreesuhalka19', 'efeozalp', 'enizcelik2', 'ritwikkhandelwal09', 'ozanplt0697', 'aarjona', 'iremkaratas', 'ealperen98', 'anilkiziltas', 'brkyelaldi', 'zbo72899', 'kinker', 'ruchir.2000', 'secret0711', 'anirban1988', 'elifcelebi98', 'cihan', 'jaisawant309', 'yunusbaskan1994', 'jainsamar398', 'slnknc35', 'mertcan.bayindir', 'lisa.w7h', 'mkkm95', 'raymondzhou227', 'mustfaasimsek.26', 'parkhyo864', 'omerrguzel', 'pshashi', 'berkayyaris', 'emreaydn2002', 'serhatyildirim4078', 'rohitrajwansi7', 'necipfazildogruyol', 'evren_aydin6', 'kaya.emrah.26', 'adilkhan', 'serkanbzkrt35', 'azadbilge', 'hklimach', 'o.erdogan541994', 'tarikyillmaz8', 'yhloveall1', 'brknshn', 'camille', 'aortwig2', 'aileenpando', 'lewisaskeeble', 'rezaeemehdi64', 'ricardomilos69', 'chen.chen.cc2483', 'muvafikmelikkaya', 'gkumar946.gk', 'uttam', 'pranav_706', 'engfersoy', 'errouadd', 'mblr96', 'danielmoraru', 'mad.4101', 'daberaoviraj123', 'gkckirtasiye', 'anuranandas', 'stefanolarentis', 'prachi.p', 'phycsxu', 'hituldesai03', 'huaminli', 'ygtbstg', 'svhsai2000', 'hazalakyel', 'kadiraytac', 'karabostan37', 'cerencoskunn', 'raptor.l841', 'yqwuly', 'ojsul', 'pangraci', 'riyaaanchal', 'ozgurozdemir798', 'john_schmidt', 'chiragmeena19', 'ahhmetbulut', 'anishadok', 'nikhil10rai', 'wolnypokoj', 'rishabhsureka123', 'aktasozgurozan', 'alperen2626', 'prashilpatil99', 'melike.1kayali', 'ee17btech11032', 'maggiebasta', 'afurkanbudak42', 'ahmedsameh25951', 'aforanurag99', 'dm932051', 'ebx', 'abdumhrous', 'fkal0930', 'acj', 'whtyd35', 'vrdmn7721', '46harunakgul', 'mhckrhale96', 'janeelpatel', 'zhongpengsun', 'muktai2001', 'patururajesh91306', 'gulluhanrmk', 'whtyd03', 'felixdollinger', 'mseyfullahcelik', 'acrawford', 'samyakshah21', 'awale.vinit', 'archishman.saha', 'yunus.isikdemir97', 'sigdanumvid', 'nwkiller', 'guvennazlican85', 'nestor1999', 'kevinyoon', 'miakry', 'abhi9385', 'ashutoshranjan253', 'danielledavis', 'kruthagnyamyana', 'omgiaquinto', 'emineist46', 'berktu', 'alexfw', 'ditisanghai', 'alym11731996', 'myrakis', 'dd.kok', 'jungyuya', 'tongzhou904', 'berkcankucukkasap', 'nicoletrenchard', 'kennethkmd', 'kimsoyoung', None, 'yavuz5319', 'simgesismann', 'amolgirishshah', 'darrelly', 'parthm1611', 'agmariona', 'mahmutcanki', 'ahmetkayapinar', 'ssha6687', 'tuafbogey', 'sencerkaracasu', 'jcho1895', 'havvafatmaozbay', 'amydb', 'denizans', 'ensarerol26', 'plabs', 'berk.oztaskin.99', 'dd642482536', 'reetmehta', 'ksb541', 'dprabhanshu23', 'gadhiayash', 'jnana2k', 'prashants31', 'hrnatcn', 'devank', 'meltemsbreezes', 'afz', 'abdullahkucukel', 'mrefaat', 'fatihvsever', 'gzmnce', 'hiteshk_24', 'ayushdahale6277', 'cagriguney', 'yalun', 'mertyamanoglu', 'abk15062000', 'mevradilanerten', 'sakhrald', 'creutzfeldtundjakob', 'adbhut', 'efecanberkayyasar', 'gokce.gocerrr', 'guilherme.faveri', 'ujjwalkalra1969', 'bahcecieray', 'bhavika', 'jzwang8', 'anthony012798', 'hrishikesh', 'araheem', 'piyush36', 'xerato', 'adityaharakare1', 'antonaci.p', 'dchang818', 'berkayerarslan', 'skyguy987', 'ruchir.iitb', 'afkali.120', 'johyunjung', 'daleksec', 'canersokat', 'mohdghs', 'mustafaeee', 'batuhanuslu', 'kiragr1999']"
1,280,272,14,10,"['amolgirishshah', 'archishman.saha', 'abhi9385', 'anuranandas', 'aforanurag99', 'shaunaknatarajan', 'hituldesai03', 'jainsamar398', 'janeelpatel', 'ritwikkhandelwal09']",262,"['ns', 'pwmichalak', 'ckendig', 'wlsgh9838', 'kartiknairvariar6', 'sgu20161510', 'recepkaratoprak19', 'jaafaralsarray', 'fcoskuner68', 'durgeshahire15', 'onsozbuse541', 'akj01130', 'bloodknight26', 'seymaaguleer', 'alihakan1979', 'mileswang97', 'nishitasinha', 'serenayoussef', 'g.hernandez.sosa', 'dheemahi', 'zhur', 'dhilanr', 'kbhamon', 'rajjatsoni801', 'stkymk64', 'sefakahriman77', 'chinmaybharti00', 'bkucuksagir', 'gulsakadioglu', 'shreshtha.jbp2000', 'esha.kulawe', 'asmaa_abdelmegeed.', 'asif_iqbal', 'furkanefeyuceer', 'ssbagade1704', 'skscjsdl', 'duendo', 'oznurclskn2', 'nsener45', 'emrebuyukkose', 'stefano.capra1988', 'esraaosman12345', 'vinaykmandia2000', 'carboy7847', 'serkantg', 'emreelma757', 'resula', 'yasinzgen', 'furkan.turkay1', 'iiiisen2653', 'sabriagus26', 'adungey2', 'abhilaksh93', 'melis98bianca', 'erencanarslan70', 'anil.gun85', 'lisuhh22', 'mheim', 'mucoakar98', 'mattykleis', 'vaibhav8nawal', 'anushreesuhalka19', 'efeozalp', 'enizcelik2', 'ozanplt0697', 'aarjona', 'iremkaratas', 'ealperen98', 'anilkiziltas', 'brkyelaldi', 'zbo72899', 'kinker', 'ruchir.2000', 'secret0711', 'anirban1988', 'elifcelebi98', 'cihan', 'jaisawant309', 'yunusbaskan1994', 'slnknc35', 'mertcan.bayindir', 'lisa.w7h', 'mkkm95', 'raymondzhou227', 'mustfaasimsek.26', 'parkhyo864', 'omerrguzel', 'pshashi', 'berkayyaris', 'emreaydn2002', 'serhatyildirim4078', 'rohitrajwansi7', 'necipfazildogruyol', 'evren_aydin6', 'kaya.emrah.26', 'adilkhan', 'serkanbzkrt35', 'azadbilge', 'hklimach', 'o.erdogan541994', 'tarikyillmaz8', 'yhloveall1', 'brknshn', 'camille', 'aortwig2', 'aileenpando', 'lewisaskeeble', 'rezaeemehdi64', 'ricardomilos69', 'chen.chen.cc2483', 'muvafikmelikkaya', 'gkumar946.gk', 'uttam', 'pranav_706', 'engfersoy', 'errouadd', 'mblr96', 'danielmoraru', 'mad.4101', 'daberaoviraj123', 'gkckirtasiye', 'stefanolarentis', 'prachi.p', 'phycsxu', 'huaminli', 'ygtbstg', 'svhsai2000', 'hazalakyel', 'kadiraytac', 'karabostan37', 'cerencoskunn', 'raptor.l841', 'yqwuly', 'ojsul', 'pangraci', 'riyaaanchal', 'ozgurozdemir798', 'john_schmidt', 'chiragmeena19', 'ahhmetbulut', 'anishadok', 'nikhil10rai', 'wolnypokoj', 'rishabhsureka123', 'aktasozgurozan', 'alperen2626', 'prashilpatil99', 'melike.1kayali', 'ee17btech11032', 'maggiebasta', 'afurkanbudak42', 'ahmedsameh25951', 'dm932051', 'ebx', 'abdumhrous', 'acj', 'whtyd35', 'vrdmn7721', '46harunakgul', 'mhckrhale96', 'zhongpengsun', 'muktai2001', 'patururajesh91306', 'gulluhanrmk', 'whtyd03', 'felixdollinger', 'mseyfullahcelik', 'acrawford', 'samyakshah21', 'awale.vinit', 'yunus.isikdemir97', 'sigdanumvid', 'nwkiller', 'guvennazlican85', 'nestor1999', 'kevinyoon', 'miakry', 'ashutoshranjan253', 'danielledavis', 'kruthagnyamyana', 'omgiaquinto', 'emineist46', 'berktu', 'alexfw', 'ditisanghai', 'alym11731996', 'myrakis', 'dd.kok', 'jungyuya', 'tongzhou904', 'berkcankucukkasap', 'nicoletrenchard', 'kennethkmd', 'kimsoyoung', 'yavuz5319', 'simgesismann', 'darrelly', 'parthm1611', 'agmariona', 'mahmutcanki', 'ahmetkayapinar', 'ssha6687', 'tuafbogey', 'sencerkaracasu', 'jcho1895', 'havvafatmaozbay', 'amydb', 'denizans', 'ensarerol26', 'plabs', 'berk.oztaskin.99', 'dd642482536', 'reetmehta', 'ksb541', 'dprabhanshu23', 'gadhiayash', 'jnana2k', 'prashants31', 'hrnatcn', 'devank', 'meltemsbreezes', 'afz', 'abdullahkucukel', 'mrefaat', 'fatihvsever', 'gzmnce', 'hiteshk_24', 'ayushdahale6277', 'cagriguney', 'yalun', 'mertyamanoglu', 'abk15062000', 'mevradilanerten', 'sakhrald', 'creutzfeldtundjakob', 'adbhut', 'efecanberkayyasar', 'gokce.gocerrr', 'guilherme.faveri', 'ujjwalkalra1969', 'bahcecieray', 'bhavika', 'jzwang8', 'anthony012798', 'hrishikesh', 'araheem', 'piyush36', 'xerato', 'adityaharakare1', 'antonaci.p', 'dchang818', 'berkayerarslan', 'skyguy987', 'ruchir.iitb', 'afkali.120', 'johyunjung', 'daleksec', 'canersokat', 'mohdghs', 'mustafaeee', 'batuhanuslu', 'kiragr1999']",4,"['immanuelwilliams', None, 'harleen.shrivs', 'advaitkumar3107']",276,"['ns', 'pwmichalak', 'ckendig', 'wlsgh9838', 'kartiknairvariar6', 'sgu20161510', 'recepkaratoprak19', 'jaafaralsarray', 'fcoskuner68', 'durgeshahire15', 'onsozbuse541', 'akj01130', 'bloodknight26', 'seymaaguleer', 'alihakan1979', 'mileswang97', 'nishitasinha', 'serenayoussef', 'g.hernandez.sosa', 'dheemahi', 'zhur', 'dhilanr', 'kbhamon', 'rajjatsoni801', 'stkymk64', 'sefakahriman77', 'chinmaybharti00', 'bkucuksagir', 'gulsakadioglu', 'shreshtha.jbp2000', 'esha.kulawe', 'asmaa_abdelmegeed.', 'asif_iqbal', 'furkanefeyuceer', 'ssbagade1704', 'skscjsdl', 'duendo', 'oznurclskn2', 'nsener45', 'emrebuyukkose', 'stefano.capra1988', 'shaunaknatarajan', 'esraaosman12345', 'vinaykmandia2000', 'carboy7847', 'serkantg', 'emreelma757', 'resula', 'yasinzgen', 'furkan.turkay1', 'iiiisen2653', 'sabriagus26', 'adungey2', 'abhilaksh93', 'melis98bianca', 'erencanarslan70', 'anil.gun85', 'lisuhh22', 'mheim', 'advaitkumar3107', 'mucoakar98', 'mattykleis', 'vaibhav8nawal', 'anushreesuhalka19', 'efeozalp', 'enizcelik2', 'ritwikkhandelwal09', 'ozanplt0697', 'aarjona', 'iremkaratas', 'ealperen98', 'anilkiziltas', 'brkyelaldi', 'zbo72899', 'kinker', 'ruchir.2000', 'secret0711', 'anirban1988', 'immanuelwilliams', 'elifcelebi98', 'cihan', 'jaisawant309', 'yunusbaskan1994', 'jainsamar398', 'slnknc35', 'mertcan.bayindir', 'lisa.w7h', 'mkkm95', 'raymondzhou227', 'mustfaasimsek.26', 'parkhyo864', 'omerrguzel', 'pshashi', 'berkayyaris', 'emreaydn2002', 'serhatyildirim4078', 'rohitrajwansi7', 'necipfazildogruyol', 'evren_aydin6', 'kaya.emrah.26', 'adilkhan', 'serkanbzkrt35', 'azadbilge', 'hklimach', 'o.erdogan541994', 'tarikyillmaz8', 'yhloveall1', 'brknshn', 'camille', 'aortwig2', 'aileenpando', 'lewisaskeeble', 'rezaeemehdi64', 'ricardomilos69', 'chen.chen.cc2483', 'muvafikmelikkaya', 'gkumar946.gk', 'uttam', 'pranav_706', 'engfersoy', 'errouadd', 'mblr96', 'danielmoraru', 'mad.4101', 'daberaoviraj123', 'gkckirtasiye', 'anuranandas', 'stefanolarentis', 'prachi.p', 'phycsxu', 'hituldesai03', 'huaminli', 'ygtbstg', 'svhsai2000', 'hazalakyel', 'kadiraytac', 'karabostan37', 'cerencoskunn', 'raptor.l841', 'yqwuly', 'ojsul', 'pangraci', 'riyaaanchal', 'ozgurozdemir798', 'john_schmidt', 'chiragmeena19', 'ahhmetbulut', 'anishadok', 'nikhil10rai', 'wolnypokoj', 'rishabhsureka123', 'aktasozgurozan', 'alperen2626', 'prashilpatil99', 'melike.1kayali', 'ee17btech11032', 'maggiebasta', 'afurkanbudak42', 'ahmedsameh25951', 'aforanurag99', 'dm932051', 'ebx', 'abdumhrous', 'acj', 'whtyd35', 'vrdmn7721', '46harunakgul', 'mhckrhale96', 'janeelpatel', 'zhongpengsun', 'muktai2001', 'patururajesh91306', 'gulluhanrmk', 'whtyd03', 'felixdollinger', 'harleen.shrivs', 'mseyfullahcelik', 'acrawford', 'samyakshah21', 'awale.vinit', 'archishman.saha', 'yunus.isikdemir97', 'sigdanumvid', 'nwkiller', 'guvennazlican85', 'nestor1999', 'kevinyoon', 'miakry', 'abhi9385', 'ashutoshranjan253', 'danielledavis', 'kruthagnyamyana', 'omgiaquinto', 'emineist46', 'berktu', 'alexfw', 'ditisanghai', 'alym11731996', 'myrakis', 'dd.kok', 'jungyuya', 'tongzhou904', 'berkcankucukkasap', 'nicoletrenchard', 'kennethkmd', 'kimsoyoung', None, 'yavuz5319', 'simgesismann', 'amolgirishshah', 'darrelly', 'parthm1611', 'agmariona', 'mahmutcanki', 'ahmetkayapinar', 'ssha6687', 'tuafbogey', 'sencerkaracasu', 'jcho1895', 'havvafatmaozbay', 'amydb', 'denizans', 'ensarerol26', 'plabs', 'berk.oztaskin.99', 'dd642482536', 'reetmehta', 'ksb541', 'dprabhanshu23', 'gadhiayash', 'jnana2k', 'prashants31', 'hrnatcn', 'devank', 'meltemsbreezes', 'afz', 'abdullahkucukel', 'mrefaat', 'fatihvsever', 'gzmnce', 'hiteshk_24', 'ayushdahale6277', 'cagriguney', 'yalun', 'mertyamanoglu', 'abk15062000', 'mevradilanerten', 'sakhrald', 'creutzfeldtundjakob', 'adbhut', 'efecanberkayyasar', 'gokce.gocerrr', 'guilherme.faveri', 'ujjwalkalra1969', 'bahcecieray', 'bhavika', 'jzwang8', 'anthony012798', 'hrishikesh', 'araheem', 'piyush36', 'xerato', 'adityaharakare1', 'antonaci.p', 'dchang818', 'berkayerarslan', 'skyguy987', 'ruchir.iitb', 'afkali.120', 'johyunjung', 'daleksec', 'canersokat', 'mohdghs', 'mustafaeee', 'batuhanuslu', 'kiragr1999']"
1,253,272,9,7,"['myrakis', 'dd.kok', 'onsozbuse541', 'bloodknight26', 'tuafbogey', 'cerencoskunn', 'berktu']",265,"['ns', 'pwmichalak', 'ckendig', 'wlsgh9838', 'kartiknairvariar6', 'sgu20161510', 'recepkaratoprak19', 'jaafaralsarray', 'fcoskuner68', 'durgeshahire15', 'akj01130', 'seymaaguleer', 'alihakan1979', 'mileswang97', 'nishitasinha', 'serenayoussef', 'g.hernandez.sosa', 'dheemahi', 'zhur', 'dhilanr', 'kbhamon', 'rajjatsoni801', 'stkymk64', 'sefakahriman77', 'chinmaybharti00', 'bkucuksagir', 'gulsakadioglu', 'shreshtha.jbp2000', 'esha.kulawe', 'asmaa_abdelmegeed.', 'asif_iqbal', 'furkanefeyuceer', 'ssbagade1704', 'skscjsdl', 'duendo', 'oznurclskn2', 'nsener45', 'emrebuyukkose', 'stefano.capra1988', 'shaunaknatarajan', 'esraaosman12345', 'vinaykmandia2000', 'carboy7847', 'serkantg', 'emreelma757', 'resula', 'yasinzgen', 'furkan.turkay1', 'iiiisen2653', 'sabriagus26', 'adungey2', 'abhilaksh93', 'melis98bianca', 'erencanarslan70', 'anil.gun85', 'lisuhh22', 'mheim', 'mucoakar98', 'mattykleis', 'vaibhav8nawal', 'anushreesuhalka19', 'efeozalp', 'enizcelik2', 'ritwikkhandelwal09', 'ozanplt0697', 'aarjona', 'iremkaratas', 'ealperen98', 'anilkiziltas', 'brkyelaldi', 'zbo72899', 'kinker', 'ruchir.2000', 'secret0711', 'anirban1988', 'elifcelebi98', 'cihan', 'jaisawant309', 'yunusbaskan1994', 'jainsamar398', 'slnknc35', 'mertcan.bayindir', 'lisa.w7h', 'mkkm95', 'raymondzhou227', 'mustfaasimsek.26', 'parkhyo864', 'omerrguzel', 'pshashi', 'berkayyaris', 'emreaydn2002', 'serhatyildirim4078', 'rohitrajwansi7', 'necipfazildogruyol', 'evren_aydin6', 'kaya.emrah.26', 'adilkhan', 'serkanbzkrt35', 'azadbilge', 'hklimach', 'o.erdogan541994', 'tarikyillmaz8', 'yhloveall1', 'brknshn', 'camille', 'aortwig2', 'aileenpando', 'lewisaskeeble', 'rezaeemehdi64', 'ricardomilos69', 'chen.chen.cc2483', 'muvafikmelikkaya', 'gkumar946.gk', 'uttam', 'pranav_706', 'engfersoy', 'errouadd', 'mblr96', 'danielmoraru', 'mad.4101', 'daberaoviraj123', 'gkckirtasiye', 'anuranandas', 'stefanolarentis', 'prachi.p', 'phycsxu', 'hituldesai03', 'huaminli', 'ygtbstg', 'svhsai2000', 'hazalakyel', 'kadiraytac', 'karabostan37', 'raptor.l841', 'yqwuly', 'ojsul', 'pangraci', 'riyaaanchal', 'ozgurozdemir798', 'john_schmidt', 'chiragmeena19', 'ahhmetbulut', 'anishadok', 'nikhil10rai', 'wolnypokoj', 'rishabhsureka123', 'aktasozgurozan', 'alperen2626', 'prashilpatil99', 'melike.1kayali', 'ee17btech11032', 'maggiebasta', 'afurkanbudak42', 'ahmedsameh25951', 'aforanurag99', 'dm932051', 'ebx', 'abdumhrous', 'acj', 'whtyd35', 'vrdmn7721', '46harunakgul', 'mhckrhale96', 'janeelpatel', 'zhongpengsun', 'muktai2001', 'patururajesh91306', 'gulluhanrmk', 'whtyd03', 'felixdollinger', 'mseyfullahcelik', 'acrawford', 'samyakshah21', 'awale.vinit', 'archishman.saha', 'yunus.isikdemir97', 'sigdanumvid', 'nwkiller', 'guvennazlican85', 'nestor1999', 'kevinyoon', 'miakry', 'abhi9385', 'ashutoshranjan253', 'danielledavis', 'kruthagnyamyana', 'omgiaquinto', 'emineist46', 'alexfw', 'ditisanghai', 'alym11731996', 'jungyuya', 'tongzhou904', 'berkcankucukkasap', 'nicoletrenchard', 'kennethkmd', 'kimsoyoung', 'yavuz5319', 'simgesismann', 'amolgirishshah', 'darrelly', 'parthm1611', 'agmariona', 'mahmutcanki', 'ahmetkayapinar', 'ssha6687', 'sencerkaracasu', 'jcho1895', 'havvafatmaozbay', 'amydb', 'denizans', 'ensarerol26', 'plabs', 'berk.oztaskin.99', 'dd642482536', 'reetmehta', 'ksb541', 'dprabhanshu23', 'gadhiayash', 'jnana2k', 'prashants31', 'hrnatcn', 'devank', 'meltemsbreezes', 'afz', 'abdullahkucukel', 'mrefaat', 'fatihvsever', 'gzmnce', 'hiteshk_24', 'ayushdahale6277', 'cagriguney', 'yalun', 'mertyamanoglu', 'abk15062000', 'mevradilanerten', 'sakhrald', 'creutzfeldtundjakob', 'adbhut', 'efecanberkayyasar', 'gokce.gocerrr', 'guilherme.faveri', 'ujjwalkalra1969', 'bahcecieray', 'bhavika', 'jzwang8', 'anthony012798', 'hrishikesh', 'araheem', 'piyush36', 'xerato', 'adityaharakare1', 'antonaci.p', 'dchang818', 'berkayerarslan', 'skyguy987', 'ruchir.iitb', 'afkali.120', 'johyunjung', 'daleksec', 'canersokat', 'mohdghs', 'mustafaeee', 'batuhanuslu', 'kiragr1999']",2,"['tevfikdingecoglu', None]",274,"['ns', 'pwmichalak', 'ckendig', 'wlsgh9838', 'kartiknairvariar6', 'sgu20161510', 'recepkaratoprak19', 'jaafaralsarray', 'fcoskuner68', 'durgeshahire15', 'onsozbuse541', 'akj01130', 'bloodknight26', 'seymaaguleer', 'alihakan1979', 'mileswang97', 'nishitasinha', 'serenayoussef', 'g.hernandez.sosa', 'dheemahi', 'zhur', 'dhilanr', 'kbhamon', 'rajjatsoni801', 'stkymk64', 'sefakahriman77', 'chinmaybharti00', 'bkucuksagir', 'gulsakadioglu', 'shreshtha.jbp2000', 'esha.kulawe', 'asmaa_abdelmegeed.', 'asif_iqbal', 'furkanefeyuceer', 'ssbagade1704', 'skscjsdl', 'duendo', 'oznurclskn2', 'nsener45', 'emrebuyukkose', 'stefano.capra1988', 'shaunaknatarajan', 'esraaosman12345', 'vinaykmandia2000', 'carboy7847', 'serkantg', 'emreelma757', 'resula', 'yasinzgen', 'furkan.turkay1', 'iiiisen2653', 'sabriagus26', 'adungey2', 'abhilaksh93', 'melis98bianca', 'erencanarslan70', 'anil.gun85', 'lisuhh22', 'mheim', 'mucoakar98', 'mattykleis', 'vaibhav8nawal', 'anushreesuhalka19', 'efeozalp', 'enizcelik2', 'ritwikkhandelwal09', 'ozanplt0697', 'aarjona', 'iremkaratas', 'ealperen98', 'anilkiziltas', 'brkyelaldi', 'zbo72899', 'kinker', 'ruchir.2000', 'secret0711', 'anirban1988', 'elifcelebi98', 'cihan', 'jaisawant309', 'yunusbaskan1994', 'jainsamar398', 'slnknc35', 'tevfikdingecoglu', 'mertcan.bayindir', 'lisa.w7h', 'mkkm95', 'raymondzhou227', 'mustfaasimsek.26', 'parkhyo864', 'omerrguzel', 'pshashi', 'berkayyaris', 'emreaydn2002', 'serhatyildirim4078', 'rohitrajwansi7', 'necipfazildogruyol', 'evren_aydin6', 'kaya.emrah.26', 'adilkhan', 'serkanbzkrt35', 'azadbilge', 'hklimach', 'o.erdogan541994', 'tarikyillmaz8', 'yhloveall1', 'brknshn', 'camille', 'aortwig2', 'aileenpando', 'lewisaskeeble', 'rezaeemehdi64', 'ricardomilos69', 'chen.chen.cc2483', 'muvafikmelikkaya', 'gkumar946.gk', 'uttam', 'pranav_706', 'engfersoy', 'errouadd', 'mblr96', 'danielmoraru', 'mad.4101', 'daberaoviraj123', 'gkckirtasiye', 'anuranandas', 'stefanolarentis', 'prachi.p', 'phycsxu', 'hituldesai03', 'huaminli', 'ygtbstg', 'svhsai2000', 'hazalakyel', 'kadiraytac', 'karabostan37', 'cerencoskunn', 'raptor.l841', 'yqwuly', 'ojsul', 'pangraci', 'riyaaanchal', 'ozgurozdemir798', 'john_schmidt', 'chiragmeena19', 'ahhmetbulut', 'anishadok', 'nikhil10rai', 'wolnypokoj', 'rishabhsureka123', 'aktasozgurozan', 'alperen2626', 'prashilpatil99', 'melike.1kayali', 'ee17btech11032', 'maggiebasta', 'afurkanbudak42', 'ahmedsameh25951', 'aforanurag99', 'dm932051', 'ebx', 'abdumhrous', 'acj', 'whtyd35', 'vrdmn7721', '46harunakgul', 'mhckrhale96', 'janeelpatel', 'zhongpengsun', 'muktai2001', 'patururajesh91306', 'gulluhanrmk', 'whtyd03', 'felixdollinger', 'mseyfullahcelik', 'acrawford', 'samyakshah21', 'awale.vinit', 'archishman.saha', 'yunus.isikdemir97', 'sigdanumvid', 'nwkiller', 'guvennazlican85', 'nestor1999', 'kevinyoon', 'miakry', 'abhi9385', 'ashutoshranjan253', 'danielledavis', 'kruthagnyamyana', 'omgiaquinto', 'emineist46', 'berktu', 'alexfw', 'ditisanghai', 'alym11731996', 'myrakis', 'dd.kok', 'jungyuya', 'tongzhou904', 'berkcankucukkasap', 'nicoletrenchard', 'kennethkmd', 'kimsoyoung', None, 'yavuz5319', 'simgesismann', 'amolgirishshah', 'darrelly', 'parthm1611', 'agmariona', 'mahmutcanki', 'ahmetkayapinar', 'ssha6687', 'tuafbogey', 'sencerkaracasu', 'jcho1895', 'havvafatmaozbay', 'amydb', 'denizans', 'ensarerol26', 'plabs', 'berk.oztaskin.99', 'dd642482536', 'reetmehta', 'ksb541', 'dprabhanshu23', 'gadhiayash', 'jnana2k', 'prashants31', 'hrnatcn', 'devank', 'meltemsbreezes', 'afz', 'abdullahkucukel', 'mrefaat', 'fatihvsever', 'gzmnce', 'hiteshk_24', 'ayushdahale6277', 'cagriguney', 'yalun', 'mertyamanoglu', 'abk15062000', 'mevradilanerten', 'sakhrald', 'creutzfeldtundjakob', 'adbhut', 'efecanberkayyasar', 'gokce.gocerrr', 'guilherme.faveri', 'ujjwalkalra1969', 'bahcecieray', 'bhavika', 'jzwang8', 'anthony012798', 'hrishikesh', 'araheem', 'piyush36', 'xerato', 'adityaharakare1', 'antonaci.p', 'dchang818', 'berkayerarslan', 'skyguy987', 'ruchir.iitb', 'afkali.120', 'johyunjung', 'daleksec', 'canersokat', 'mohdghs', 'mustafaeee', 'batuhanuslu', 'kiragr1999']"
1,279,272,8,6,"['amolgirishshah', 'piyush36', 'uttam', 'vrdmn7721', 'rishabhsureka123', 'ruchir.iitb']",266,"['ns', 'pwmichalak', 'ckendig', 'wlsgh9838', 'kartiknairvariar6', 'sgu20161510', 'recepkaratoprak19', 'jaafaralsarray', 'fcoskuner68', 'durgeshahire15', 'onsozbuse541', 'akj01130', 'bloodknight26', 'seymaaguleer', 'alihakan1979', 'mileswang97', 'nishitasinha', 'serenayoussef', 'g.hernandez.sosa', 'dheemahi', 'zhur', 'dhilanr', 'kbhamon', 'rajjatsoni801', 'stkymk64', 'sefakahriman77', 'chinmaybharti00', 'bkucuksagir', 'gulsakadioglu', 'shreshtha.jbp2000', 'esha.kulawe', 'asmaa_abdelmegeed.', 'asif_iqbal', 'furkanefeyuceer', 'ssbagade1704', 'skscjsdl', 'duendo', 'oznurclskn2', 'nsener45', 'emrebuyukkose', 'stefano.capra1988', 'shaunaknatarajan', 'esraaosman12345', 'vinaykmandia2000', 'carboy7847', 'serkantg', 'emreelma757', 'resula', 'yasinzgen', 'furkan.turkay1', 'iiiisen2653', 'sabriagus26', 'adungey2', 'abhilaksh93', 'melis98bianca', 'erencanarslan70', 'anil.gun85', 'lisuhh22', 'mheim', 'mucoakar98', 'mattykleis', 'vaibhav8nawal', 'anushreesuhalka19', 'efeozalp', 'enizcelik2', 'ritwikkhandelwal09', 'ozanplt0697', 'aarjona', 'iremkaratas', 'ealperen98', 'anilkiziltas', 'brkyelaldi', 'zbo72899', 'kinker', 'ruchir.2000', 'secret0711', 'anirban1988', 'elifcelebi98', 'cihan', 'jaisawant309', 'yunusbaskan1994', 'jainsamar398', 'slnknc35', 'mertcan.bayindir', 'lisa.w7h', 'mkkm95', 'raymondzhou227', 'mustfaasimsek.26', 'parkhyo864', 'omerrguzel', 'pshashi', 'berkayyaris', 'emreaydn2002', 'serhatyildirim4078', 'rohitrajwansi7', 'necipfazildogruyol', 'evren_aydin6', 'kaya.emrah.26', 'adilkhan', 'serkanbzkrt35', 'azadbilge', 'hklimach', 'o.erdogan541994', 'tarikyillmaz8', 'yhloveall1', 'brknshn', 'camille', 'aortwig2', 'aileenpando', 'lewisaskeeble', 'rezaeemehdi64', 'ricardomilos69', 'chen.chen.cc2483', 'muvafikmelikkaya', 'gkumar946.gk', 'pranav_706', 'engfersoy', 'errouadd', 'mblr96', 'danielmoraru', 'mad.4101', 'daberaoviraj123', 'gkckirtasiye', 'anuranandas', 'stefanolarentis', 'prachi.p', 'phycsxu', 'hituldesai03', 'huaminli', 'ygtbstg', 'svhsai2000', 'hazalakyel', 'kadiraytac', 'karabostan37', 'cerencoskunn', 'raptor.l841', 'yqwuly', 'ojsul', 'pangraci', 'riyaaanchal', 'ozgurozdemir798', 'john_schmidt', 'chiragmeena19', 'ahhmetbulut', 'anishadok', 'nikhil10rai', 'wolnypokoj', 'aktasozgurozan', 'alperen2626', 'prashilpatil99', 'melike.1kayali', 'ee17btech11032', 'maggiebasta', 'afurkanbudak42', 'ahmedsameh25951', 'aforanurag99', 'dm932051', 'ebx', 'abdumhrous', 'acj', 'whtyd35', '46harunakgul', 'mhckrhale96', 'janeelpatel', 'zhongpengsun', 'muktai2001', 'patururajesh91306', 'gulluhanrmk', 'whtyd03', 'felixdollinger', 'mseyfullahcelik', 'acrawford', 'samyakshah21', 'awale.vinit', 'archishman.saha', 'yunus.isikdemir97', 'sigdanumvid', 'nwkiller', 'guvennazlican85', 'nestor1999', 'kevinyoon', 'miakry', 'abhi9385', 'ashutoshranjan253', 'danielledavis', 'kruthagnyamyana', 'omgiaquinto', 'emineist46', 'berktu', 'alexfw', 'ditisanghai', 'alym11731996', 'myrakis', 'dd.kok', 'jungyuya', 'tongzhou904', 'berkcankucukkasap', 'nicoletrenchard', 'kennethkmd', 'kimsoyoung', 'yavuz5319', 'simgesismann', 'darrelly', 'parthm1611', 'agmariona', 'mahmutcanki', 'ahmetkayapinar', 'ssha6687', 'tuafbogey', 'sencerkaracasu', 'jcho1895', 'havvafatmaozbay', 'amydb', 'denizans', 'ensarerol26', 'plabs', 'berk.oztaskin.99', 'dd642482536', 'reetmehta', 'ksb541', 'dprabhanshu23', 'gadhiayash', 'jnana2k', 'prashants31', 'hrnatcn', 'devank', 'meltemsbreezes', 'afz', 'abdullahkucukel', 'mrefaat', 'fatihvsever', 'gzmnce', 'hiteshk_24', 'ayushdahale6277', 'cagriguney', 'yalun', 'mertyamanoglu', 'abk15062000', 'mevradilanerten', 'sakhrald', 'creutzfeldtundjakob', 'adbhut', 'efecanberkayyasar', 'gokce.gocerrr', 'guilherme.faveri', 'ujjwalkalra1969', 'bahcecieray', 'bhavika', 'jzwang8', 'anthony012798', 'hrishikesh', 'araheem', 'xerato', 'adityaharakare1', 'antonaci.p', 'dchang818', 'berkayerarslan', 'skyguy987', 'afkali.120', 'johyunjung', 'daleksec', 'canersokat', 'mohdghs', 'mustafaeee', 'batuhanuslu', 'kiragr1999']",2,"[None, 'harleen.shrivs']",274,"['ns', 'pwmichalak', 'ckendig', 'wlsgh9838', 'kartiknairvariar6', 'sgu20161510', 'recepkaratoprak19', 'jaafaralsarray', 'fcoskuner68', 'durgeshahire15', 'onsozbuse541', 'akj01130', 'bloodknight26', 'seymaaguleer', 'alihakan1979', 'mileswang97', 'nishitasinha', 'serenayoussef', 'g.hernandez.sosa', 'dheemahi', 'zhur', 'dhilanr', 'kbhamon', 'rajjatsoni801', 'stkymk64', 'sefakahriman77', 'chinmaybharti00', 'bkucuksagir', 'gulsakadioglu', 'shreshtha.jbp2000', 'esha.kulawe', 'asmaa_abdelmegeed.', 'asif_iqbal', 'furkanefeyuceer', 'ssbagade1704', 'skscjsdl', 'duendo', 'oznurclskn2', 'nsener45', 'emrebuyukkose', 'stefano.capra1988', 'shaunaknatarajan', 'esraaosman12345', 'vinaykmandia2000', 'carboy7847', 'serkantg', 'emreelma757', 'resula', 'yasinzgen', 'furkan.turkay1', 'iiiisen2653', 'sabriagus26', 'adungey2', 'abhilaksh93', 'melis98bianca', 'erencanarslan70', 'anil.gun85', 'lisuhh22', 'mheim', 'mucoakar98', 'mattykleis', 'vaibhav8nawal', 'anushreesuhalka19', 'efeozalp', 'enizcelik2', 'ritwikkhandelwal09', 'ozanplt0697', 'aarjona', 'iremkaratas', 'ealperen98', 'anilkiziltas', 'brkyelaldi', 'zbo72899', 'kinker', 'ruchir.2000', 'secret0711', 'anirban1988', 'elifcelebi98', 'cihan', 'jaisawant309', 'yunusbaskan1994', 'jainsamar398', 'slnknc35', 'mertcan.bayindir', 'lisa.w7h', 'mkkm95', 'raymondzhou227', 'mustfaasimsek.26', 'parkhyo864', 'omerrguzel', 'pshashi', 'berkayyaris', 'emreaydn2002', 'serhatyildirim4078', 'rohitrajwansi7', 'necipfazildogruyol', 'evren_aydin6', 'kaya.emrah.26', 'adilkhan', 'serkanbzkrt35', 'azadbilge', 'hklimach', 'o.erdogan541994', 'tarikyillmaz8', 'yhloveall1', 'brknshn', 'camille', 'aortwig2', 'aileenpando', 'lewisaskeeble', 'rezaeemehdi64', 'ricardomilos69', 'chen.chen.cc2483', 'muvafikmelikkaya', 'gkumar946.gk', 'uttam', 'pranav_706', 'engfersoy', 'errouadd', 'mblr96', 'danielmoraru', 'mad.4101', 'daberaoviraj123', 'gkckirtasiye', 'anuranandas', 'stefanolarentis', 'prachi.p', 'phycsxu', 'hituldesai03', 'huaminli', 'ygtbstg', 'svhsai2000', 'hazalakyel', 'kadiraytac', 'karabostan37', 'cerencoskunn', 'raptor.l841', 'yqwuly', 'ojsul', 'pangraci', 'riyaaanchal', 'ozgurozdemir798', 'john_schmidt', 'chiragmeena19', 'ahhmetbulut', 'anishadok', 'nikhil10rai', 'wolnypokoj', 'rishabhsureka123', 'aktasozgurozan', 'alperen2626', 'prashilpatil99', 'melike.1kayali', 'ee17btech11032', 'maggiebasta', 'afurkanbudak42', 'ahmedsameh25951', 'aforanurag99', 'dm932051', 'ebx', 'abdumhrous', 'acj', 'whtyd35', 'vrdmn7721', '46harunakgul', 'mhckrhale96', 'janeelpatel', 'zhongpengsun', 'muktai2001', 'patururajesh91306', 'gulluhanrmk', 'whtyd03', 'felixdollinger', 'harleen.shrivs', 'mseyfullahcelik', 'acrawford', 'samyakshah21', 'awale.vinit', 'archishman.saha', 'yunus.isikdemir97', 'sigdanumvid', 'nwkiller', 'guvennazlican85', 'nestor1999', 'kevinyoon', 'miakry', 'abhi9385', 'ashutoshranjan253', 'danielledavis', 'kruthagnyamyana', 'omgiaquinto', 'emineist46', 'berktu', 'alexfw', 'ditisanghai', 'alym11731996', 'myrakis', 'dd.kok', 'jungyuya', 'tongzhou904', 'berkcankucukkasap', 'nicoletrenchard', 'kennethkmd', 'kimsoyoung', None, 'yavuz5319', 'simgesismann', 'amolgirishshah', 'darrelly', 'parthm1611', 'agmariona', 'mahmutcanki', 'ahmetkayapinar', 'ssha6687', 'tuafbogey', 'sencerkaracasu', 'jcho1895', 'havvafatmaozbay', 'amydb', 'denizans', 'ensarerol26', 'plabs', 'berk.oztaskin.99', 'dd642482536', 'reetmehta', 'ksb541', 'dprabhanshu23', 'gadhiayash', 'jnana2k', 'prashants31', 'hrnatcn', 'devank', 'meltemsbreezes', 'afz', 'abdullahkucukel', 'mrefaat', 'fatihvsever', 'gzmnce', 'hiteshk_24', 'ayushdahale6277', 'cagriguney', 'yalun', 'mertyamanoglu', 'abk15062000', 'mevradilanerten', 'sakhrald', 'creutzfeldtundjakob', 'adbhut', 'efecanberkayyasar', 'gokce.gocerrr', 'guilherme.faveri', 'ujjwalkalra1969', 'bahcecieray', 'bhavika', 'jzwang8', 'anthony012798', 'hrishikesh', 'araheem', 'piyush36', 'xerato', 'adityaharakare1', 'antonaci.p', 'dchang818', 'berkayerarslan', 'skyguy987', 'ruchir.iitb', 'afkali.120', 'johyunjung', 'daleksec', 'canersokat', 'mohdghs', 'mustafaeee', 'batuhanuslu', 'kiragr1999']"
1,282,272,8,5,"['afkali.120', 'melike.1kayali', 'mertyamanoglu', 'berk.oztaskin.99', 'berkayerarslan']",267,"['ns', 'pwmichalak', 'ckendig', 'wlsgh9838', 'kartiknairvariar6', 'sgu20161510', 'recepkaratoprak19', 'jaafaralsarray', 'fcoskuner68', 'durgeshahire15', 'onsozbuse541', 'akj01130', 'bloodknight26', 'seymaaguleer', 'alihakan1979', 'mileswang97', 'nishitasinha', 'serenayoussef', 'g.hernandez.sosa', 'dheemahi', 'zhur', 'dhilanr', 'kbhamon', 'rajjatsoni801', 'stkymk64', 'sefakahriman77', 'chinmaybharti00', 'bkucuksagir', 'gulsakadioglu', 'shreshtha.jbp2000', 'esha.kulawe', 'asmaa_abdelmegeed.', 'asif_iqbal', 'furkanefeyuceer', 'ssbagade1704', 'skscjsdl', 'duendo', 'oznurclskn2', 'nsener45', 'emrebuyukkose', 'stefano.capra1988', 'shaunaknatarajan', 'esraaosman12345', 'vinaykmandia2000', 'carboy7847', 'serkantg', 'emreelma757', 'resula', 'yasinzgen', 'furkan.turkay1', 'iiiisen2653', 'sabriagus26', 'adungey2', 'abhilaksh93', 'melis98bianca', 'erencanarslan70', 'anil.gun85', 'lisuhh22', 'mheim', 'mucoakar98', 'mattykleis', 'vaibhav8nawal', 'anushreesuhalka19', 'efeozalp', 'enizcelik2', 'ritwikkhandelwal09', 'ozanplt0697', 'aarjona', 'iremkaratas', 'ealperen98', 'anilkiziltas', 'brkyelaldi', 'zbo72899', 'kinker', 'ruchir.2000', 'secret0711', 'anirban1988', 'elifcelebi98', 'cihan', 'jaisawant309', 'yunusbaskan1994', 'jainsamar398', 'slnknc35', 'mertcan.bayindir', 'lisa.w7h', 'mkkm95', 'raymondzhou227', 'mustfaasimsek.26', 'parkhyo864', 'omerrguzel', 'pshashi', 'berkayyaris', 'emreaydn2002', 'serhatyildirim4078', 'rohitrajwansi7', 'necipfazildogruyol', 'evren_aydin6', 'kaya.emrah.26', 'adilkhan', 'serkanbzkrt35', 'azadbilge', 'hklimach', 'o.erdogan541994', 'tarikyillmaz8', 'yhloveall1', 'brknshn', 'camille', 'aortwig2', 'aileenpando', 'lewisaskeeble', 'rezaeemehdi64', 'ricardomilos69', 'chen.chen.cc2483', 'muvafikmelikkaya', 'gkumar946.gk', 'uttam', 'pranav_706', 'engfersoy', 'errouadd', 'mblr96', 'danielmoraru', 'mad.4101', 'daberaoviraj123', 'gkckirtasiye', 'anuranandas', 'stefanolarentis', 'prachi.p', 'phycsxu', 'hituldesai03', 'huaminli', 'ygtbstg', 'svhsai2000', 'hazalakyel', 'kadiraytac', 'karabostan37', 'cerencoskunn', 'raptor.l841', 'yqwuly', 'ojsul', 'pangraci', 'riyaaanchal', 'ozgurozdemir798', 'john_schmidt', 'chiragmeena19', 'ahhmetbulut', 'anishadok', 'nikhil10rai', 'wolnypokoj', 'rishabhsureka123', 'aktasozgurozan', 'alperen2626', 'prashilpatil99', 'ee17btech11032', 'maggiebasta', 'afurkanbudak42', 'ahmedsameh25951', 'aforanurag99', 'dm932051', 'ebx', 'abdumhrous', 'acj', 'whtyd35', 'vrdmn7721', '46harunakgul', 'mhckrhale96', 'janeelpatel', 'zhongpengsun', 'muktai2001', 'patururajesh91306', 'gulluhanrmk', 'whtyd03', 'felixdollinger', 'mseyfullahcelik', 'acrawford', 'samyakshah21', 'awale.vinit', 'archishman.saha', 'yunus.isikdemir97', 'sigdanumvid', 'nwkiller', 'guvennazlican85', 'nestor1999', 'kevinyoon', 'miakry', 'abhi9385', 'ashutoshranjan253', 'danielledavis', 'kruthagnyamyana', 'omgiaquinto', 'emineist46', 'berktu', 'alexfw', 'ditisanghai', 'alym11731996', 'myrakis', 'dd.kok', 'jungyuya', 'tongzhou904', 'berkcankucukkasap', 'nicoletrenchard', 'kennethkmd', 'kimsoyoung', 'yavuz5319', 'simgesismann', 'amolgirishshah', 'darrelly', 'parthm1611', 'agmariona', 'mahmutcanki', 'ahmetkayapinar', 'ssha6687', 'tuafbogey', 'sencerkaracasu', 'jcho1895', 'havvafatmaozbay', 'amydb', 'denizans', 'ensarerol26', 'plabs', 'dd642482536', 'reetmehta', 'ksb541', 'dprabhanshu23', 'gadhiayash', 'jnana2k', 'prashants31', 'hrnatcn', 'devank', 'meltemsbreezes', 'afz', 'abdullahkucukel', 'mrefaat', 'fatihvsever', 'gzmnce', 'hiteshk_24', 'ayushdahale6277', 'cagriguney', 'yalun', 'abk15062000', 'mevradilanerten', 'sakhrald', 'creutzfeldtundjakob', 'adbhut', 'efecanberkayyasar', 'gokce.gocerrr', 'guilherme.faveri', 'ujjwalkalra1969', 'bahcecieray', 'bhavika', 'jzwang8', 'anthony012798', 'hrishikesh', 'araheem', 'piyush36', 'xerato', 'adityaharakare1', 'antonaci.p', 'dchang818', 'skyguy987', 'ruchir.iitb', 'johyunjung', 'daleksec', 'canersokat', 'mohdghs', 'mustafaeee', 'batuhanuslu', 'kiragr1999']",3,"['mblr9609', None, 'emrullahzubeyr']",275,"['ns', 'pwmichalak', 'ckendig', 'wlsgh9838', 'kartiknairvariar6', 'sgu20161510', 'recepkaratoprak19', 'jaafaralsarray', 'fcoskuner68', 'durgeshahire15', 'onsozbuse541', 'akj01130', 'bloodknight26', 'seymaaguleer', 'alihakan1979', 'mileswang97', 'nishitasinha', 'serenayoussef', 'g.hernandez.sosa', 'dheemahi', 'zhur', 'dhilanr', 'kbhamon', 'rajjatsoni801', 'stkymk64', 'sefakahriman77', 'chinmaybharti00', 'bkucuksagir', 'gulsakadioglu', 'shreshtha.jbp2000', 'esha.kulawe', 'asmaa_abdelmegeed.', 'asif_iqbal', 'furkanefeyuceer', 'ssbagade1704', 'skscjsdl', 'duendo', 'oznurclskn2', 'nsener45', 'emrebuyukkose', 'stefano.capra1988', 'emrullahzubeyr', 'shaunaknatarajan', 'mblr9609', 'esraaosman12345', 'vinaykmandia2000', 'carboy7847', 'serkantg', 'emreelma757', 'resula', 'yasinzgen', 'furkan.turkay1', 'iiiisen2653', 'sabriagus26', 'adungey2', 'abhilaksh93', 'melis98bianca', 'erencanarslan70', 'anil.gun85', 'lisuhh22', 'mheim', 'mucoakar98', 'mattykleis', 'vaibhav8nawal', 'anushreesuhalka19', 'efeozalp', 'enizcelik2', 'ritwikkhandelwal09', 'ozanplt0697', 'aarjona', 'iremkaratas', 'ealperen98', 'anilkiziltas', 'brkyelaldi', 'zbo72899', 'kinker', 'ruchir.2000', 'secret0711', 'anirban1988', 'elifcelebi98', 'cihan', 'jaisawant309', 'yunusbaskan1994', 'jainsamar398', 'slnknc35', 'mertcan.bayindir', 'lisa.w7h', 'mkkm95', 'raymondzhou227', 'mustfaasimsek.26', 'parkhyo864', 'omerrguzel', 'pshashi', 'berkayyaris', 'emreaydn2002', 'serhatyildirim4078', 'rohitrajwansi7', 'necipfazildogruyol', 'evren_aydin6', 'kaya.emrah.26', 'adilkhan', 'serkanbzkrt35', 'azadbilge', 'hklimach', 'o.erdogan541994', 'tarikyillmaz8', 'yhloveall1', 'brknshn', 'camille', 'aortwig2', 'aileenpando', 'lewisaskeeble', 'rezaeemehdi64', 'ricardomilos69', 'chen.chen.cc2483', 'muvafikmelikkaya', 'gkumar946.gk', 'uttam', 'pranav_706', 'engfersoy', 'errouadd', 'mblr96', 'danielmoraru', 'mad.4101', 'daberaoviraj123', 'gkckirtasiye', 'anuranandas', 'stefanolarentis', 'prachi.p', 'phycsxu', 'hituldesai03', 'huaminli', 'ygtbstg', 'svhsai2000', 'hazalakyel', 'kadiraytac', 'karabostan37', 'cerencoskunn', 'raptor.l841', 'yqwuly', 'ojsul', 'pangraci', 'riyaaanchal', 'ozgurozdemir798', 'john_schmidt', 'chiragmeena19', 'ahhmetbulut', 'anishadok', 'nikhil10rai', 'wolnypokoj', 'rishabhsureka123', 'aktasozgurozan', 'alperen2626', 'prashilpatil99', 'melike.1kayali', 'ee17btech11032', 'maggiebasta', 'afurkanbudak42', 'ahmedsameh25951', 'aforanurag99', 'dm932051', 'ebx', 'abdumhrous', 'acj', 'whtyd35', 'vrdmn7721', '46harunakgul', 'mhckrhale96', 'janeelpatel', 'zhongpengsun', 'muktai2001', 'patururajesh91306', 'gulluhanrmk', 'whtyd03', 'felixdollinger', 'mseyfullahcelik', 'acrawford', 'samyakshah21', 'awale.vinit', 'archishman.saha', 'yunus.isikdemir97', 'sigdanumvid', 'nwkiller', 'guvennazlican85', 'nestor1999', 'kevinyoon', 'miakry', 'abhi9385', 'ashutoshranjan253', 'danielledavis', 'kruthagnyamyana', 'omgiaquinto', 'emineist46', 'berktu', 'alexfw', 'ditisanghai', 'alym11731996', 'myrakis', 'dd.kok', 'jungyuya', 'tongzhou904', 'berkcankucukkasap', 'nicoletrenchard', 'kennethkmd', 'kimsoyoung', None, 'yavuz5319', 'simgesismann', 'amolgirishshah', 'darrelly', 'parthm1611', 'agmariona', 'mahmutcanki', 'ahmetkayapinar', 'ssha6687', 'tuafbogey', 'sencerkaracasu', 'jcho1895', 'havvafatmaozbay', 'amydb', 'denizans', 'ensarerol26', 'plabs', 'berk.oztaskin.99', 'dd642482536', 'reetmehta', 'ksb541', 'dprabhanshu23', 'gadhiayash', 'jnana2k', 'prashants31', 'hrnatcn', 'devank', 'meltemsbreezes', 'afz', 'abdullahkucukel', 'mrefaat', 'fatihvsever', 'gzmnce', 'hiteshk_24', 'ayushdahale6277', 'cagriguney', 'yalun', 'mertyamanoglu', 'abk15062000', 'mevradilanerten', 'sakhrald', 'creutzfeldtundjakob', 'adbhut', 'efecanberkayyasar', 'gokce.gocerrr', 'guilherme.faveri', 'ujjwalkalra1969', 'bahcecieray', 'bhavika', 'jzwang8', 'anthony012798', 'hrishikesh', 'araheem', 'piyush36', 'xerato', 'adityaharakare1', 'antonaci.p', 'dchang818', 'berkayerarslan', 'skyguy987', 'ruchir.iitb', 'afkali.120', 'johyunjung', 'daleksec', 'canersokat', 'mohdghs', 'mustafaeee', 'batuhanuslu', 'kiragr1999']"
1,251,272,7,1,['ssbagade1704'],271,"['ns', 'pwmichalak', 'ckendig', 'wlsgh9838', 'kartiknairvariar6', 'sgu20161510', 'recepkaratoprak19', 'jaafaralsarray', 'fcoskuner68', 'durgeshahire15', 'onsozbuse541', 'akj01130', 'bloodknight26', 'seymaaguleer', 'alihakan1979', 'mileswang97', 'nishitasinha', 'serenayoussef', 'g.hernandez.sosa', 'dheemahi', 'zhur', 'dhilanr', 'kbhamon', 'rajjatsoni801', 'stkymk64', 'sefakahriman77', 'chinmaybharti00', 'bkucuksagir', 'gulsakadioglu', 'shreshtha.jbp2000', 'esha.kulawe', 'asmaa_abdelmegeed.', 'asif_iqbal', 'furkanefeyuceer', 'skscjsdl', 'duendo', 'oznurclskn2', 'nsener45', 'emrebuyukkose', 'stefano.capra1988', 'shaunaknatarajan', 'esraaosman12345', 'vinaykmandia2000', 'carboy7847', 'serkantg', 'emreelma757', 'resula', 'yasinzgen', 'furkan.turkay1', 'iiiisen2653', 'sabriagus26', 'adungey2', 'abhilaksh93', 'melis98bianca', 'erencanarslan70', 'anil.gun85', 'lisuhh22', 'mheim', 'mucoakar98', 'mattykleis', 'vaibhav8nawal', 'anushreesuhalka19', 'efeozalp', 'enizcelik2', 'ritwikkhandelwal09', 'ozanplt0697', 'aarjona', 'iremkaratas', 'ealperen98', 'anilkiziltas', 'brkyelaldi', 'zbo72899', 'kinker', 'ruchir.2000', 'secret0711', 'anirban1988', 'elifcelebi98', 'cihan', 'jaisawant309', 'yunusbaskan1994', 'jainsamar398', 'slnknc35', 'mertcan.bayindir', 'lisa.w7h', 'mkkm95', 'raymondzhou227', 'mustfaasimsek.26', 'parkhyo864', 'omerrguzel', 'pshashi', 'berkayyaris', 'emreaydn2002', 'serhatyildirim4078', 'rohitrajwansi7', 'necipfazildogruyol', 'evren_aydin6', 'kaya.emrah.26', 'adilkhan', 'serkanbzkrt35', 'azadbilge', 'hklimach', 'o.erdogan541994', 'tarikyillmaz8', 'yhloveall1', 'brknshn', 'camille', 'aortwig2', 'aileenpando', 'lewisaskeeble', 'rezaeemehdi64', 'ricardomilos69', 'chen.chen.cc2483', 'muvafikmelikkaya', 'gkumar946.gk', 'uttam', 'pranav_706', 'engfersoy', 'errouadd', 'mblr96', 'danielmoraru', 'mad.4101', 'daberaoviraj123', 'gkckirtasiye', 'anuranandas', 'stefanolarentis', 'prachi.p', 'phycsxu', 'hituldesai03', 'huaminli', 'ygtbstg', 'svhsai2000', 'hazalakyel', 'kadiraytac', 'karabostan37', 'cerencoskunn', 'raptor.l841', 'yqwuly', 'ojsul', 'pangraci', 'riyaaanchal', 'ozgurozdemir798', 'john_schmidt', 'chiragmeena19', 'ahhmetbulut', 'anishadok', 'nikhil10rai', 'wolnypokoj', 'rishabhsureka123', 'aktasozgurozan', 'alperen2626', 'prashilpatil99', 'melike.1kayali', 'ee17btech11032', 'maggiebasta', 'afurkanbudak42', 'ahmedsameh25951', 'aforanurag99', 'dm932051', 'ebx', 'abdumhrous', 'acj', 'whtyd35', 'vrdmn7721', '46harunakgul', 'mhckrhale96', 'janeelpatel', 'zhongpengsun', 'muktai2001', 'patururajesh91306', 'gulluhanrmk', 'whtyd03', 'felixdollinger', 'mseyfullahcelik', 'acrawford', 'samyakshah21', 'awale.vinit', 'archishman.saha', 'yunus.isikdemir97', 'sigdanumvid', 'nwkiller', 'guvennazlican85', 'nestor1999', 'kevinyoon', 'miakry', 'abhi9385', 'ashutoshranjan253', 'danielledavis', 'kruthagnyamyana', 'omgiaquinto', 'emineist46', 'berktu', 'alexfw', 'ditisanghai', 'alym11731996', 'myrakis', 'dd.kok', 'jungyuya', 'tongzhou904', 'berkcankucukkasap', 'nicoletrenchard', 'kennethkmd', 'kimsoyoung', 'yavuz5319', 'simgesismann', 'amolgirishshah', 'darrelly', 'parthm1611', 'agmariona', 'mahmutcanki', 'ahmetkayapinar', 'ssha6687', 'tuafbogey', 'sencerkaracasu', 'jcho1895', 'havvafatmaozbay', 'amydb', 'denizans', 'ensarerol26', 'plabs', 'berk.oztaskin.99', 'dd642482536', 'reetmehta', 'ksb541', 'dprabhanshu23', 'gadhiayash', 'jnana2k', 'prashants31', 'hrnatcn', 'devank', 'meltemsbreezes', 'afz', 'abdullahkucukel', 'mrefaat', 'fatihvsever', 'gzmnce', 'hiteshk_24', 'ayushdahale6277', 'cagriguney', 'yalun', 'mertyamanoglu', 'abk15062000', 'mevradilanerten', 'sakhrald', 'creutzfeldtundjakob', 'adbhut', 'efecanberkayyasar', 'gokce.gocerrr', 'guilherme.faveri', 'ujjwalkalra1969', 'bahcecieray', 'bhavika', 'jzwang8', 'anthony012798', 'hrishikesh', 'araheem', 'piyush36', 'xerato', 'adityaharakare1', 'antonaci.p', 'dchang818', 'berkayerarslan', 'skyguy987', 'ruchir.iitb', 'afkali.120', 'johyunjung', 'daleksec', 'canersokat', 'mohdghs', 'mustafaeee', 'batuhanuslu', 'kiragr1999']",6,"['kanabarmillen', 'harleen.shrivs', '20anand.abhi', 'shaunzac', 'priyankabagade96', None]",278,"['ns', 'pwmichalak', 'ckendig', 'wlsgh9838', 'kartiknairvariar6', 'sgu20161510', 'recepkaratoprak19', 'jaafaralsarray', 'fcoskuner68', 'durgeshahire15', 'onsozbuse541', 'akj01130', 'bloodknight26', 'seymaaguleer', 'alihakan1979', 'mileswang97', 'nishitasinha', 'serenayoussef', 'g.hernandez.sosa', 'dheemahi', 'zhur', 'dhilanr', 'kbhamon', 'rajjatsoni801', 'stkymk64', 'sefakahriman77', 'chinmaybharti00', 'bkucuksagir', 'gulsakadioglu', 'shreshtha.jbp2000', 'esha.kulawe', 'asmaa_abdelmegeed.', 'asif_iqbal', 'furkanefeyuceer', 'ssbagade1704', 'skscjsdl', 'duendo', 'oznurclskn2', 'nsener45', 'emrebuyukkose', 'stefano.capra1988', 'shaunaknatarajan', 'esraaosman12345', 'vinaykmandia2000', 'carboy7847', 'serkantg', 'emreelma757', 'resula', 'yasinzgen', 'furkan.turkay1', 'iiiisen2653', 'sabriagus26', 'adungey2', 'abhilaksh93', 'melis98bianca', 'erencanarslan70', 'anil.gun85', 'lisuhh22', 'mheim', 'mucoakar98', 'mattykleis', 'vaibhav8nawal', 'anushreesuhalka19', 'efeozalp', 'enizcelik2', 'ritwikkhandelwal09', 'ozanplt0697', 'aarjona', 'iremkaratas', 'ealperen98', 'anilkiziltas', 'brkyelaldi', 'zbo72899', 'kinker', 'ruchir.2000', 'secret0711', 'anirban1988', 'elifcelebi98', 'cihan', 'jaisawant309', 'yunusbaskan1994', 'jainsamar398', 'slnknc35', 'mertcan.bayindir', 'lisa.w7h', 'mkkm95', 'raymondzhou227', 'mustfaasimsek.26', 'parkhyo864', 'omerrguzel', 'pshashi', 'berkayyaris', 'emreaydn2002', 'serhatyildirim4078', 'rohitrajwansi7', 'necipfazildogruyol', 'evren_aydin6', 'kaya.emrah.26', 'adilkhan', 'serkanbzkrt35', 'azadbilge', 'hklimach', 'o.erdogan541994', 'tarikyillmaz8', 'yhloveall1', 'brknshn', 'camille', 'aortwig2', 'aileenpando', 'lewisaskeeble', 'rezaeemehdi64', 'ricardomilos69', 'chen.chen.cc2483', 'muvafikmelikkaya', 'gkumar946.gk', 'uttam', 'pranav_706', 'engfersoy', 'errouadd', 'mblr96', 'danielmoraru', 'mad.4101', 'daberaoviraj123', 'gkckirtasiye', 'anuranandas', 'stefanolarentis', 'prachi.p', 'phycsxu', 'hituldesai03', 'huaminli', 'ygtbstg', 'svhsai2000', 'hazalakyel', 'kadiraytac', 'karabostan37', 'cerencoskunn', 'raptor.l841', 'yqwuly', 'ojsul', 'pangraci', 'riyaaanchal', 'ozgurozdemir798', 'john_schmidt', 'chiragmeena19', 'ahhmetbulut', 'anishadok', 'nikhil10rai', 'wolnypokoj', 'rishabhsureka123', 'aktasozgurozan', 'alperen2626', 'prashilpatil99', 'melike.1kayali', 'ee17btech11032', 'maggiebasta', 'afurkanbudak42', 'ahmedsameh25951', 'aforanurag99', 'dm932051', 'ebx', 'kanabarmillen', 'abdumhrous', 'acj', 'whtyd35', 'vrdmn7721', '46harunakgul', 'mhckrhale96', 'janeelpatel', 'zhongpengsun', 'muktai2001', 'patururajesh91306', 'gulluhanrmk', 'whtyd03', 'felixdollinger', 'harleen.shrivs', 'mseyfullahcelik', 'acrawford', 'samyakshah21', 'awale.vinit', 'archishman.saha', 'yunus.isikdemir97', 'sigdanumvid', 'nwkiller', 'guvennazlican85', 'nestor1999', 'kevinyoon', 'miakry', 'abhi9385', 'ashutoshranjan253', 'danielledavis', 'kruthagnyamyana', 'omgiaquinto', 'emineist46', 'priyankabagade96', 'berktu', 'alexfw', 'ditisanghai', 'alym11731996', 'myrakis', 'dd.kok', 'jungyuya', '20anand.abhi', 'tongzhou904', 'berkcankucukkasap', 'nicoletrenchard', 'kennethkmd', 'kimsoyoung', None, 'yavuz5319', 'simgesismann', 'amolgirishshah', 'darrelly', 'parthm1611', 'agmariona', 'mahmutcanki', 'ahmetkayapinar', 'ssha6687', 'tuafbogey', 'sencerkaracasu', 'jcho1895', 'havvafatmaozbay', 'amydb', 'denizans', 'ensarerol26', 'plabs', 'berk.oztaskin.99', 'dd642482536', 'reetmehta', 'ksb541', 'dprabhanshu23', 'gadhiayash', 'jnana2k', 'prashants31', 'hrnatcn', 'devank', 'meltemsbreezes', 'afz', 'abdullahkucukel', 'mrefaat', 'fatihvsever', 'gzmnce', 'hiteshk_24', 'ayushdahale6277', 'cagriguney', 'yalun', 'mertyamanoglu', 'abk15062000', 'mevradilanerten', 'sakhrald', 'creutzfeldtundjakob', 'shaunzac', 'adbhut', 'efecanberkayyasar', 'gokce.gocerrr', 'guilherme.faveri', 'ujjwalkalra1969', 'bahcecieray', 'bhavika', 'jzwang8', 'anthony012798', 'hrishikesh', 'araheem', 'piyush36', 'xerato', 'adityaharakare1', 'antonaci.p', 'dchang818', 'berkayerarslan', 'skyguy987', 'ruchir.iitb', 'afkali.120', 'johyunjung', 'daleksec', 'canersokat', 'mohdghs', 'mustafaeee', 'batuhanuslu', 'kiragr1999']"
1,254,272,7,6,"['ckendig', 'amydb', 'errouadd', 'aileenpando', 'dd642482536', 'araheem']",266,"['ns', 'pwmichalak', 'wlsgh9838', 'kartiknairvariar6', 'sgu20161510', 'recepkaratoprak19', 'jaafaralsarray', 'fcoskuner68', 'durgeshahire15', 'onsozbuse541', 'akj01130', 'bloodknight26', 'seymaaguleer', 'alihakan1979', 'mileswang97', 'nishitasinha', 'serenayoussef', 'g.hernandez.sosa', 'dheemahi', 'zhur', 'dhilanr', 'kbhamon', 'rajjatsoni801', 'stkymk64', 'sefakahriman77', 'chinmaybharti00', 'bkucuksagir', 'gulsakadioglu', 'shreshtha.jbp2000', 'esha.kulawe', 'asmaa_abdelmegeed.', 'asif_iqbal', 'furkanefeyuceer', 'ssbagade1704', 'skscjsdl', 'duendo', 'oznurclskn2', 'nsener45', 'emrebuyukkose', 'stefano.capra1988', 'shaunaknatarajan', 'esraaosman12345', 'vinaykmandia2000', 'carboy7847', 'serkantg', 'emreelma757', 'resula', 'yasinzgen', 'furkan.turkay1', 'iiiisen2653', 'sabriagus26', 'adungey2', 'abhilaksh93', 'melis98bianca', 'erencanarslan70', 'anil.gun85', 'lisuhh22', 'mheim', 'mucoakar98', 'mattykleis', 'vaibhav8nawal', 'anushreesuhalka19', 'efeozalp', 'enizcelik2', 'ritwikkhandelwal09', 'ozanplt0697', 'aarjona', 'iremkaratas', 'ealperen98', 'anilkiziltas', 'brkyelaldi', 'zbo72899', 'kinker', 'ruchir.2000', 'secret0711', 'anirban1988', 'elifcelebi98', 'cihan', 'jaisawant309', 'yunusbaskan1994', 'jainsamar398', 'slnknc35', 'mertcan.bayindir', 'lisa.w7h', 'mkkm95', 'raymondzhou227', 'mustfaasimsek.26', 'parkhyo864', 'omerrguzel', 'pshashi', 'berkayyaris', 'emreaydn2002', 'serhatyildirim4078', 'rohitrajwansi7', 'necipfazildogruyol', 'evren_aydin6', 'kaya.emrah.26', 'adilkhan', 'serkanbzkrt35', 'azadbilge', 'hklimach', 'o.erdogan541994', 'tarikyillmaz8', 'yhloveall1', 'brknshn', 'camille', 'aortwig2', 'lewisaskeeble', 'rezaeemehdi64', 'ricardomilos69', 'chen.chen.cc2483', 'muvafikmelikkaya', 'gkumar946.gk', 'uttam', 'pranav_706', 'engfersoy', 'mblr96', 'danielmoraru', 'mad.4101', 'daberaoviraj123', 'gkckirtasiye', 'anuranandas', 'stefanolarentis', 'prachi.p', 'phycsxu', 'hituldesai03', 'huaminli', 'ygtbstg', 'svhsai2000', 'hazalakyel', 'kadiraytac', 'karabostan37', 'cerencoskunn', 'raptor.l841', 'yqwuly', 'ojsul', 'pangraci', 'riyaaanchal', 'ozgurozdemir798', 'john_schmidt', 'chiragmeena19', 'ahhmetbulut', 'anishadok', 'nikhil10rai', 'wolnypokoj', 'rishabhsureka123', 'aktasozgurozan', 'alperen2626', 'prashilpatil99', 'melike.1kayali', 'ee17btech11032', 'maggiebasta', 'afurkanbudak42', 'ahmedsameh25951', 'aforanurag99', 'dm932051', 'ebx', 'abdumhrous', 'acj', 'whtyd35', 'vrdmn7721', '46harunakgul', 'mhckrhale96', 'janeelpatel', 'zhongpengsun', 'muktai2001', 'patururajesh91306', 'gulluhanrmk', 'whtyd03', 'felixdollinger', 'mseyfullahcelik', 'acrawford', 'samyakshah21', 'awale.vinit', 'archishman.saha', 'yunus.isikdemir97', 'sigdanumvid', 'nwkiller', 'guvennazlican85', 'nestor1999', 'kevinyoon', 'miakry', 'abhi9385', 'ashutoshranjan253', 'danielledavis', 'kruthagnyamyana', 'omgiaquinto', 'emineist46', 'berktu', 'alexfw', 'ditisanghai', 'alym11731996', 'myrakis', 'dd.kok', 'jungyuya', 'tongzhou904', 'berkcankucukkasap', 'nicoletrenchard', 'kennethkmd', 'kimsoyoung', 'yavuz5319', 'simgesismann', 'amolgirishshah', 'darrelly', 'parthm1611', 'agmariona', 'mahmutcanki', 'ahmetkayapinar', 'ssha6687', 'tuafbogey', 'sencerkaracasu', 'jcho1895', 'havvafatmaozbay', 'denizans', 'ensarerol26', 'plabs', 'berk.oztaskin.99', 'reetmehta', 'ksb541', 'dprabhanshu23', 'gadhiayash', 'jnana2k', 'prashants31', 'hrnatcn', 'devank', 'meltemsbreezes', 'afz', 'abdullahkucukel', 'mrefaat', 'fatihvsever', 'gzmnce', 'hiteshk_24', 'ayushdahale6277', 'cagriguney', 'yalun', 'mertyamanoglu', 'abk15062000', 'mevradilanerten', 'sakhrald', 'creutzfeldtundjakob', 'adbhut', 'efecanberkayyasar', 'gokce.gocerrr', 'guilherme.faveri', 'ujjwalkalra1969', 'bahcecieray', 'bhavika', 'jzwang8', 'anthony012798', 'hrishikesh', 'piyush36', 'xerato', 'adityaharakare1', 'antonaci.p', 'dchang818', 'berkayerarslan', 'skyguy987', 'ruchir.iitb', 'afkali.120', 'johyunjung', 'daleksec', 'canersokat', 'mohdghs', 'mustafaeee', 'batuhanuslu', 'kiragr1999']",1,[None],273,"['ns', 'pwmichalak', 'ckendig', 'wlsgh9838', 'kartiknairvariar6', 'sgu20161510', 'recepkaratoprak19', 'jaafaralsarray', 'fcoskuner68', 'durgeshahire15', 'onsozbuse541', 'akj01130', 'bloodknight26', 'seymaaguleer', 'alihakan1979', 'mileswang97', 'nishitasinha', 'serenayoussef', 'g.hernandez.sosa', 'dheemahi', 'zhur', 'dhilanr', 'kbhamon', 'rajjatsoni801', 'stkymk64', 'sefakahriman77', 'chinmaybharti00', 'bkucuksagir', 'gulsakadioglu', 'shreshtha.jbp2000', 'esha.kulawe', 'asmaa_abdelmegeed.', 'asif_iqbal', 'furkanefeyuceer', 'ssbagade1704', 'skscjsdl', 'duendo', 'oznurclskn2', 'nsener45', 'emrebuyukkose', 'stefano.capra1988', 'shaunaknatarajan', 'esraaosman12345', 'vinaykmandia2000', 'carboy7847', 'serkantg', 'emreelma757', 'resula', 'yasinzgen', 'furkan.turkay1', 'iiiisen2653', 'sabriagus26', 'adungey2', 'abhilaksh93', 'melis98bianca', 'erencanarslan70', 'anil.gun85', 'lisuhh22', 'mheim', 'mucoakar98', 'mattykleis', 'vaibhav8nawal', 'anushreesuhalka19', 'efeozalp', 'enizcelik2', 'ritwikkhandelwal09', 'ozanplt0697', 'aarjona', 'iremkaratas', 'ealperen98', 'anilkiziltas', 'brkyelaldi', 'zbo72899', 'kinker', 'ruchir.2000', 'secret0711', 'anirban1988', 'elifcelebi98', 'cihan', 'jaisawant309', 'yunusbaskan1994', 'jainsamar398', 'slnknc35', 'mertcan.bayindir', 'lisa.w7h', 'mkkm95', 'raymondzhou227', 'mustfaasimsek.26', 'parkhyo864', 'omerrguzel', 'pshashi', 'berkayyaris', 'emreaydn2002', 'serhatyildirim4078', 'rohitrajwansi7', 'necipfazildogruyol', 'evren_aydin6', 'kaya.emrah.26', 'adilkhan', 'serkanbzkrt35', 'azadbilge', 'hklimach', 'o.erdogan541994', 'tarikyillmaz8', 'yhloveall1', 'brknshn', 'camille', 'aortwig2', 'aileenpando', 'lewisaskeeble', 'rezaeemehdi64', 'ricardomilos69', 'chen.chen.cc2483', 'muvafikmelikkaya', 'gkumar946.gk', 'uttam', 'pranav_706', 'engfersoy', 'errouadd', 'mblr96', 'danielmoraru', 'mad.4101', 'daberaoviraj123', 'gkckirtasiye', 'anuranandas', 'stefanolarentis', 'prachi.p', 'phycsxu', 'hituldesai03', 'huaminli', 'ygtbstg', 'svhsai2000', 'hazalakyel', 'kadiraytac', 'karabostan37', 'cerencoskunn', 'raptor.l841', 'yqwuly', 'ojsul', 'pangraci', 'riyaaanchal', 'ozgurozdemir798', 'john_schmidt', 'chiragmeena19', 'ahhmetbulut', 'anishadok', 'nikhil10rai', 'wolnypokoj', 'rishabhsureka123', 'aktasozgurozan', 'alperen2626', 'prashilpatil99', 'melike.1kayali', 'ee17btech11032', 'maggiebasta', 'afurkanbudak42', 'ahmedsameh25951', 'aforanurag99', 'dm932051', 'ebx', 'abdumhrous', 'acj', 'whtyd35', 'vrdmn7721', '46harunakgul', 'mhckrhale96', 'janeelpatel', 'zhongpengsun', 'muktai2001', 'patururajesh91306', 'gulluhanrmk', 'whtyd03', 'felixdollinger', 'mseyfullahcelik', 'acrawford', 'samyakshah21', 'awale.vinit', 'archishman.saha', 'yunus.isikdemir97', 'sigdanumvid', 'nwkiller', 'guvennazlican85', 'nestor1999', 'kevinyoon', 'miakry', 'abhi9385', 'ashutoshranjan253', 'danielledavis', 'kruthagnyamyana', 'omgiaquinto', 'emineist46', 'berktu', 'alexfw', 'ditisanghai', 'alym11731996', 'myrakis', 'dd.kok', 'jungyuya', 'tongzhou904', 'berkcankucukkasap', 'nicoletrenchard', 'kennethkmd', 'kimsoyoung', None, 'yavuz5319', 'simgesismann', 'amolgirishshah', 'darrelly', 'parthm1611', 'agmariona', 'mahmutcanki', 'ahmetkayapinar', 'ssha6687', 'tuafbogey', 'sencerkaracasu', 'jcho1895', 'havvafatmaozbay', 'amydb', 'denizans', 'ensarerol26', 'plabs', 'berk.oztaskin.99', 'dd642482536', 'reetmehta', 'ksb541', 'dprabhanshu23', 'gadhiayash', 'jnana2k', 'prashants31', 'hrnatcn', 'devank', 'meltemsbreezes', 'afz', 'abdullahkucukel', 'mrefaat', 'fatihvsever', 'gzmnce', 'hiteshk_24', 'ayushdahale6277', 'cagriguney', 'yalun', 'mertyamanoglu', 'abk15062000', 'mevradilanerten', 'sakhrald', 'creutzfeldtundjakob', 'adbhut', 'efecanberkayyasar', 'gokce.gocerrr', 'guilherme.faveri', 'ujjwalkalra1969', 'bahcecieray', 'bhavika', 'jzwang8', 'anthony012798', 'hrishikesh', 'araheem', 'piyush36', 'xerato', 'adityaharakare1', 'antonaci.p', 'dchang818', 'berkayerarslan', 'skyguy987', 'ruchir.iitb', 'afkali.120', 'johyunjung', 'daleksec', 'canersokat', 'mohdghs', 'mustafaeee', 'batuhanuslu', 'kiragr1999']"
1,281,272,7,6,"['wlsgh9838', 'whtyd35', 'jnana2k', 'akj01130', 'yhloveall1', 'kimsoyoung']",266,"['ns', 'pwmichalak', 'ckendig', 'kartiknairvariar6', 'sgu20161510', 'recepkaratoprak19', 'jaafaralsarray', 'fcoskuner68', 'durgeshahire15', 'onsozbuse541', 'bloodknight26', 'seymaaguleer', 'alihakan1979', 'mileswang97', 'nishitasinha', 'serenayoussef', 'g.hernandez.sosa', 'dheemahi', 'zhur', 'dhilanr', 'kbhamon', 'rajjatsoni801', 'stkymk64', 'sefakahriman77', 'chinmaybharti00', 'bkucuksagir', 'gulsakadioglu', 'shreshtha.jbp2000', 'esha.kulawe', 'asmaa_abdelmegeed.', 'asif_iqbal', 'furkanefeyuceer', 'ssbagade1704', 'skscjsdl', 'duendo', 'oznurclskn2', 'nsener45', 'emrebuyukkose', 'stefano.capra1988', 'shaunaknatarajan', 'esraaosman12345', 'vinaykmandia2000', 'carboy7847', 'serkantg', 'emreelma757', 'resula', 'yasinzgen', 'furkan.turkay1', 'iiiisen2653', 'sabriagus26', 'adungey2', 'abhilaksh93', 'melis98bianca', 'erencanarslan70', 'anil.gun85', 'lisuhh22', 'mheim', 'mucoakar98', 'mattykleis', 'vaibhav8nawal', 'anushreesuhalka19', 'efeozalp', 'enizcelik2', 'ritwikkhandelwal09', 'ozanplt0697', 'aarjona', 'iremkaratas', 'ealperen98', 'anilkiziltas', 'brkyelaldi', 'zbo72899', 'kinker', 'ruchir.2000', 'secret0711', 'anirban1988', 'elifcelebi98', 'cihan', 'jaisawant309', 'yunusbaskan1994', 'jainsamar398', 'slnknc35', 'mertcan.bayindir', 'lisa.w7h', 'mkkm95', 'raymondzhou227', 'mustfaasimsek.26', 'parkhyo864', 'omerrguzel', 'pshashi', 'berkayyaris', 'emreaydn2002', 'serhatyildirim4078', 'rohitrajwansi7', 'necipfazildogruyol', 'evren_aydin6', 'kaya.emrah.26', 'adilkhan', 'serkanbzkrt35', 'azadbilge', 'hklimach', 'o.erdogan541994', 'tarikyillmaz8', 'brknshn', 'camille', 'aortwig2', 'aileenpando', 'lewisaskeeble', 'rezaeemehdi64', 'ricardomilos69', 'chen.chen.cc2483', 'muvafikmelikkaya', 'gkumar946.gk', 'uttam', 'pranav_706', 'engfersoy', 'errouadd', 'mblr96', 'danielmoraru', 'mad.4101', 'daberaoviraj123', 'gkckirtasiye', 'anuranandas', 'stefanolarentis', 'prachi.p', 'phycsxu', 'hituldesai03', 'huaminli', 'ygtbstg', 'svhsai2000', 'hazalakyel', 'kadiraytac', 'karabostan37', 'cerencoskunn', 'raptor.l841', 'yqwuly', 'ojsul', 'pangraci', 'riyaaanchal', 'ozgurozdemir798', 'john_schmidt', 'chiragmeena19', 'ahhmetbulut', 'anishadok', 'nikhil10rai', 'wolnypokoj', 'rishabhsureka123', 'aktasozgurozan', 'alperen2626', 'prashilpatil99', 'melike.1kayali', 'ee17btech11032', 'maggiebasta', 'afurkanbudak42', 'ahmedsameh25951', 'aforanurag99', 'dm932051', 'ebx', 'abdumhrous', 'acj', 'vrdmn7721', '46harunakgul', 'mhckrhale96', 'janeelpatel', 'zhongpengsun', 'muktai2001', 'patururajesh91306', 'gulluhanrmk', 'whtyd03', 'felixdollinger', 'mseyfullahcelik', 'acrawford', 'samyakshah21', 'awale.vinit', 'archishman.saha', 'yunus.isikdemir97', 'sigdanumvid', 'nwkiller', 'guvennazlican85', 'nestor1999', 'kevinyoon', 'miakry', 'abhi9385', 'ashutoshranjan253', 'danielledavis', 'kruthagnyamyana', 'omgiaquinto', 'emineist46', 'berktu', 'alexfw', 'ditisanghai', 'alym11731996', 'myrakis', 'dd.kok', 'jungyuya', 'tongzhou904', 'berkcankucukkasap', 'nicoletrenchard', 'kennethkmd', 'yavuz5319', 'simgesismann', 'amolgirishshah', 'darrelly', 'parthm1611', 'agmariona', 'mahmutcanki', 'ahmetkayapinar', 'ssha6687', 'tuafbogey', 'sencerkaracasu', 'jcho1895', 'havvafatmaozbay', 'amydb', 'denizans', 'ensarerol26', 'plabs', 'berk.oztaskin.99', 'dd642482536', 'reetmehta', 'ksb541', 'dprabhanshu23', 'gadhiayash', 'prashants31', 'hrnatcn', 'devank', 'meltemsbreezes', 'afz', 'abdullahkucukel', 'mrefaat', 'fatihvsever', 'gzmnce', 'hiteshk_24', 'ayushdahale6277', 'cagriguney', 'yalun', 'mertyamanoglu', 'abk15062000', 'mevradilanerten', 'sakhrald', 'creutzfeldtundjakob', 'adbhut', 'efecanberkayyasar', 'gokce.gocerrr', 'guilherme.faveri', 'ujjwalkalra1969', 'bahcecieray', 'bhavika', 'jzwang8', 'anthony012798', 'hrishikesh', 'araheem', 'piyush36', 'xerato', 'adityaharakare1', 'antonaci.p', 'dchang818', 'berkayerarslan', 'skyguy987', 'ruchir.iitb', 'afkali.120', 'johyunjung', 'daleksec', 'canersokat', 'mohdghs', 'mustafaeee', 'batuhanuslu', 'kiragr1999']",1,[None],273,"['ns', 'pwmichalak', 'ckendig', 'wlsgh9838', 'kartiknairvariar6', 'sgu20161510', 'recepkaratoprak19', 'jaafaralsarray', 'fcoskuner68', 'durgeshahire15', 'onsozbuse541', 'akj01130', 'bloodknight26', 'seymaaguleer', 'alihakan1979', 'mileswang97', 'nishitasinha', 'serenayoussef', 'g.hernandez.sosa', 'dheemahi', 'zhur', 'dhilanr', 'kbhamon', 'rajjatsoni801', 'stkymk64', 'sefakahriman77', 'chinmaybharti00', 'bkucuksagir', 'gulsakadioglu', 'shreshtha.jbp2000', 'esha.kulawe', 'asmaa_abdelmegeed.', 'asif_iqbal', 'furkanefeyuceer', 'ssbagade1704', 'skscjsdl', 'duendo', 'oznurclskn2', 'nsener45', 'emrebuyukkose', 'stefano.capra1988', 'shaunaknatarajan', 'esraaosman12345', 'vinaykmandia2000', 'carboy7847', 'serkantg', 'emreelma757', 'resula', 'yasinzgen', 'furkan.turkay1', 'iiiisen2653', 'sabriagus26', 'adungey2', 'abhilaksh93', 'melis98bianca', 'erencanarslan70', 'anil.gun85', 'lisuhh22', 'mheim', 'mucoakar98', 'mattykleis', 'vaibhav8nawal', 'anushreesuhalka19', 'efeozalp', 'enizcelik2', 'ritwikkhandelwal09', 'ozanplt0697', 'aarjona', 'iremkaratas', 'ealperen98', 'anilkiziltas', 'brkyelaldi', 'zbo72899', 'kinker', 'ruchir.2000', 'secret0711', 'anirban1988', 'elifcelebi98', 'cihan', 'jaisawant309', 'yunusbaskan1994', 'jainsamar398', 'slnknc35', 'mertcan.bayindir', 'lisa.w7h', 'mkkm95', 'raymondzhou227', 'mustfaasimsek.26', 'parkhyo864', 'omerrguzel', 'pshashi', 'berkayyaris', 'emreaydn2002', 'serhatyildirim4078', 'rohitrajwansi7', 'necipfazildogruyol', 'evren_aydin6', 'kaya.emrah.26', 'adilkhan', 'serkanbzkrt35', 'azadbilge', 'hklimach', 'o.erdogan541994', 'tarikyillmaz8', 'yhloveall1', 'brknshn', 'camille', 'aortwig2', 'aileenpando', 'lewisaskeeble', 'rezaeemehdi64', 'ricardomilos69', 'chen.chen.cc2483', 'muvafikmelikkaya', 'gkumar946.gk', 'uttam', 'pranav_706', 'engfersoy', 'errouadd', 'mblr96', 'danielmoraru', 'mad.4101', 'daberaoviraj123', 'gkckirtasiye', 'anuranandas', 'stefanolarentis', 'prachi.p', 'phycsxu', 'hituldesai03', 'huaminli', 'ygtbstg', 'svhsai2000', 'hazalakyel', 'kadiraytac', 'karabostan37', 'cerencoskunn', 'raptor.l841', 'yqwuly', 'ojsul', 'pangraci', 'riyaaanchal', 'ozgurozdemir798', 'john_schmidt', 'chiragmeena19', 'ahhmetbulut', 'anishadok', 'nikhil10rai', 'wolnypokoj', 'rishabhsureka123', 'aktasozgurozan', 'alperen2626', 'prashilpatil99', 'melike.1kayali', 'ee17btech11032', 'maggiebasta', 'afurkanbudak42', 'ahmedsameh25951', 'aforanurag99', 'dm932051', 'ebx', 'abdumhrous', 'acj', 'whtyd35', 'vrdmn7721', '46harunakgul', 'mhckrhale96', 'janeelpatel', 'zhongpengsun', 'muktai2001', 'patururajesh91306', 'gulluhanrmk', 'whtyd03', 'felixdollinger', 'mseyfullahcelik', 'acrawford', 'samyakshah21', 'awale.vinit', 'archishman.saha', 'yunus.isikdemir97', 'sigdanumvid', 'nwkiller', 'guvennazlican85', 'nestor1999', 'kevinyoon', 'miakry', 'abhi9385', 'ashutoshranjan253', 'danielledavis', 'kruthagnyamyana', 'omgiaquinto', 'emineist46', 'berktu', 'alexfw', 'ditisanghai', 'alym11731996', 'myrakis', 'dd.kok', 'jungyuya', 'tongzhou904', 'berkcankucukkasap', 'nicoletrenchard', 'kennethkmd', 'kimsoyoung', None, 'yavuz5319', 'simgesismann', 'amolgirishshah', 'darrelly', 'parthm1611', 'agmariona', 'mahmutcanki', 'ahmetkayapinar', 'ssha6687', 'tuafbogey', 'sencerkaracasu', 'jcho1895', 'havvafatmaozbay', 'amydb', 'denizans', 'ensarerol26', 'plabs', 'berk.oztaskin.99', 'dd642482536', 'reetmehta', 'ksb541', 'dprabhanshu23', 'gadhiayash', 'jnana2k', 'prashants31', 'hrnatcn', 'devank', 'meltemsbreezes', 'afz', 'abdullahkucukel', 'mrefaat', 'fatihvsever', 'gzmnce', 'hiteshk_24', 'ayushdahale6277', 'cagriguney', 'yalun', 'mertyamanoglu', 'abk15062000', 'mevradilanerten', 'sakhrald', 'creutzfeldtundjakob', 'adbhut', 'efecanberkayyasar', 'gokce.gocerrr', 'guilherme.faveri', 'ujjwalkalra1969', 'bahcecieray', 'bhavika', 'jzwang8', 'anthony012798', 'hrishikesh', 'araheem', 'piyush36', 'xerato', 'adityaharakare1', 'antonaci.p', 'dchang818', 'berkayerarslan', 'skyguy987', 'ruchir.iitb', 'afkali.120', 'johyunjung', 'daleksec', 'canersokat', 'mohdghs', 'mustafaeee', 'batuhanuslu', 'kiragr1999']"
1,270,272,6,4,"['parthm1611', 'ashutoshranjan253', 'vaibhav8nawal', 'anuranandas']",268,"['ns', 'pwmichalak', 'ckendig', 'wlsgh9838', 'kartiknairvariar6', 'sgu20161510', 'recepkaratoprak19', 'jaafaralsarray', 'fcoskuner68', 'durgeshahire15', 'onsozbuse541', 'akj01130', 'bloodknight26', 'seymaaguleer', 'alihakan1979', 'mileswang97', 'nishitasinha', 'serenayoussef', 'g.hernandez.sosa', 'dheemahi', 'zhur', 'dhilanr', 'kbhamon', 'rajjatsoni801', 'stkymk64', 'sefakahriman77', 'chinmaybharti00', 'bkucuksagir', 'gulsakadioglu', 'shreshtha.jbp2000', 'esha.kulawe', 'asmaa_abdelmegeed.', 'asif_iqbal', 'furkanefeyuceer', 'ssbagade1704', 'skscjsdl', 'duendo', 'oznurclskn2', 'nsener45', 'emrebuyukkose', 'stefano.capra1988', 'shaunaknatarajan', 'esraaosman12345', 'vinaykmandia2000', 'carboy7847', 'serkantg', 'emreelma757', 'resula', 'yasinzgen', 'furkan.turkay1', 'iiiisen2653', 'sabriagus26', 'adungey2', 'abhilaksh93', 'melis98bianca', 'erencanarslan70', 'anil.gun85', 'lisuhh22', 'mheim', 'mucoakar98', 'mattykleis', 'anushreesuhalka19', 'efeozalp', 'enizcelik2', 'ritwikkhandelwal09', 'ozanplt0697', 'aarjona', 'iremkaratas', 'ealperen98', 'anilkiziltas', 'brkyelaldi', 'zbo72899', 'kinker', 'ruchir.2000', 'secret0711', 'anirban1988', 'elifcelebi98', 'cihan', 'jaisawant309', 'yunusbaskan1994', 'jainsamar398', 'slnknc35', 'mertcan.bayindir', 'lisa.w7h', 'mkkm95', 'raymondzhou227', 'mustfaasimsek.26', 'parkhyo864', 'omerrguzel', 'pshashi', 'berkayyaris', 'emreaydn2002', 'serhatyildirim4078', 'rohitrajwansi7', 'necipfazildogruyol', 'evren_aydin6', 'kaya.emrah.26', 'adilkhan', 'serkanbzkrt35', 'azadbilge', 'hklimach', 'o.erdogan541994', 'tarikyillmaz8', 'yhloveall1', 'brknshn', 'camille', 'aortwig2', 'aileenpando', 'lewisaskeeble', 'rezaeemehdi64', 'ricardomilos69', 'chen.chen.cc2483', 'muvafikmelikkaya', 'gkumar946.gk', 'uttam', 'pranav_706', 'engfersoy', 'errouadd', 'mblr96', 'danielmoraru', 'mad.4101', 'daberaoviraj123', 'gkckirtasiye', 'stefanolarentis', 'prachi.p', 'phycsxu', 'hituldesai03', 'huaminli', 'ygtbstg', 'svhsai2000', 'hazalakyel', 'kadiraytac', 'karabostan37', 'cerencoskunn', 'raptor.l841', 'yqwuly', 'ojsul', 'pangraci', 'riyaaanchal', 'ozgurozdemir798', 'john_schmidt', 'chiragmeena19', 'ahhmetbulut', 'anishadok', 'nikhil10rai', 'wolnypokoj', 'rishabhsureka123', 'aktasozgurozan', 'alperen2626', 'prashilpatil99', 'melike.1kayali', 'ee17btech11032', 'maggiebasta', 'afurkanbudak42', 'ahmedsameh25951', 'aforanurag99', 'dm932051', 'ebx', 'abdumhrous', 'acj', 'whtyd35', 'vrdmn7721', '46harunakgul', 'mhckrhale96', 'janeelpatel', 'zhongpengsun', 'muktai2001', 'patururajesh91306', 'gulluhanrmk', 'whtyd03', 'felixdollinger', 'mseyfullahcelik', 'acrawford', 'samyakshah21', 'awale.vinit', 'archishman.saha', 'yunus.isikdemir97', 'sigdanumvid', 'nwkiller', 'guvennazlican85', 'nestor1999', 'kevinyoon', 'miakry', 'abhi9385', 'danielledavis', 'kruthagnyamyana', 'omgiaquinto', 'emineist46', 'berktu', 'alexfw', 'ditisanghai', 'alym11731996', 'myrakis', 'dd.kok', 'jungyuya', 'tongzhou904', 'berkcankucukkasap', 'nicoletrenchard', 'kennethkmd', 'kimsoyoung', 'yavuz5319', 'simgesismann', 'amolgirishshah', 'darrelly', 'agmariona', 'mahmutcanki', 'ahmetkayapinar', 'ssha6687', 'tuafbogey', 'sencerkaracasu', 'jcho1895', 'havvafatmaozbay', 'amydb', 'denizans', 'ensarerol26', 'plabs', 'berk.oztaskin.99', 'dd642482536', 'reetmehta', 'ksb541', 'dprabhanshu23', 'gadhiayash', 'jnana2k', 'prashants31', 'hrnatcn', 'devank', 'meltemsbreezes', 'afz', 'abdullahkucukel', 'mrefaat', 'fatihvsever', 'gzmnce', 'hiteshk_24', 'ayushdahale6277', 'cagriguney', 'yalun', 'mertyamanoglu', 'abk15062000', 'mevradilanerten', 'sakhrald', 'creutzfeldtundjakob', 'adbhut', 'efecanberkayyasar', 'gokce.gocerrr', 'guilherme.faveri', 'ujjwalkalra1969', 'bahcecieray', 'bhavika', 'jzwang8', 'anthony012798', 'hrishikesh', 'araheem', 'piyush36', 'xerato', 'adityaharakare1', 'antonaci.p', 'dchang818', 'berkayerarslan', 'skyguy987', 'ruchir.iitb', 'afkali.120', 'johyunjung', 'daleksec', 'canersokat', 'mohdghs', 'mustafaeee', 'batuhanuslu', 'kiragr1999']",2,"['samaddertarun', None]",274,"['ns', 'pwmichalak', 'ckendig', 'wlsgh9838', 'kartiknairvariar6', 'sgu20161510', 'recepkaratoprak19', 'jaafaralsarray', 'fcoskuner68', 'durgeshahire15', 'onsozbuse541', 'akj01130', 'bloodknight26', 'seymaaguleer', 'alihakan1979', 'mileswang97', 'nishitasinha', 'serenayoussef', 'g.hernandez.sosa', 'dheemahi', 'zhur', 'dhilanr', 'kbhamon', 'rajjatsoni801', 'stkymk64', 'sefakahriman77', 'chinmaybharti00', 'bkucuksagir', 'gulsakadioglu', 'shreshtha.jbp2000', 'esha.kulawe', 'asmaa_abdelmegeed.', 'asif_iqbal', 'furkanefeyuceer', 'ssbagade1704', 'skscjsdl', 'duendo', 'oznurclskn2', 'nsener45', 'emrebuyukkose', 'stefano.capra1988', 'shaunaknatarajan', 'esraaosman12345', 'vinaykmandia2000', 'carboy7847', 'serkantg', 'emreelma757', 'resula', 'yasinzgen', 'furkan.turkay1', 'iiiisen2653', 'sabriagus26', 'adungey2', 'abhilaksh93', 'melis98bianca', 'erencanarslan70', 'anil.gun85', 'lisuhh22', 'mheim', 'mucoakar98', 'mattykleis', 'vaibhav8nawal', 'anushreesuhalka19', 'efeozalp', 'enizcelik2', 'ritwikkhandelwal09', 'ozanplt0697', 'samaddertarun', 'aarjona', 'iremkaratas', 'ealperen98', 'anilkiziltas', 'brkyelaldi', 'zbo72899', 'kinker', 'ruchir.2000', 'secret0711', 'anirban1988', 'elifcelebi98', 'cihan', 'jaisawant309', 'yunusbaskan1994', 'jainsamar398', 'slnknc35', 'mertcan.bayindir', 'lisa.w7h', 'mkkm95', 'raymondzhou227', 'mustfaasimsek.26', 'parkhyo864', 'omerrguzel', 'pshashi', 'berkayyaris', 'emreaydn2002', 'serhatyildirim4078', 'rohitrajwansi7', 'necipfazildogruyol', 'evren_aydin6', 'kaya.emrah.26', 'adilkhan', 'serkanbzkrt35', 'azadbilge', 'hklimach', 'o.erdogan541994', 'tarikyillmaz8', 'yhloveall1', 'brknshn', 'camille', 'aortwig2', 'aileenpando', 'lewisaskeeble', 'rezaeemehdi64', 'ricardomilos69', 'chen.chen.cc2483', 'muvafikmelikkaya', 'gkumar946.gk', 'uttam', 'pranav_706', 'engfersoy', 'errouadd', 'mblr96', 'danielmoraru', 'mad.4101', 'daberaoviraj123', 'gkckirtasiye', 'anuranandas', 'stefanolarentis', 'prachi.p', 'phycsxu', 'hituldesai03', 'huaminli', 'ygtbstg', 'svhsai2000', 'hazalakyel', 'kadiraytac', 'karabostan37', 'cerencoskunn', 'raptor.l841', 'yqwuly', 'ojsul', 'pangraci', 'riyaaanchal', 'ozgurozdemir798', 'john_schmidt', 'chiragmeena19', 'ahhmetbulut', 'anishadok', 'nikhil10rai', 'wolnypokoj', 'rishabhsureka123', 'aktasozgurozan', 'alperen2626', 'prashilpatil99', 'melike.1kayali', 'ee17btech11032', 'maggiebasta', 'afurkanbudak42', 'ahmedsameh25951', 'aforanurag99', 'dm932051', 'ebx', 'abdumhrous', 'acj', 'whtyd35', 'vrdmn7721', '46harunakgul', 'mhckrhale96', 'janeelpatel', 'zhongpengsun', 'muktai2001', 'patururajesh91306', 'gulluhanrmk', 'whtyd03', 'felixdollinger', 'mseyfullahcelik', 'acrawford', 'samyakshah21', 'awale.vinit', 'archishman.saha', 'yunus.isikdemir97', 'sigdanumvid', 'nwkiller', 'guvennazlican85', 'nestor1999', 'kevinyoon', 'miakry', 'abhi9385', 'ashutoshranjan253', 'danielledavis', 'kruthagnyamyana', 'omgiaquinto', 'emineist46', 'berktu', 'alexfw', 'ditisanghai', 'alym11731996', 'myrakis', 'dd.kok', 'jungyuya', 'tongzhou904', 'berkcankucukkasap', 'nicoletrenchard', 'kennethkmd', 'kimsoyoung', None, 'yavuz5319', 'simgesismann', 'amolgirishshah', 'darrelly', 'parthm1611', 'agmariona', 'mahmutcanki', 'ahmetkayapinar', 'ssha6687', 'tuafbogey', 'sencerkaracasu', 'jcho1895', 'havvafatmaozbay', 'amydb', 'denizans', 'ensarerol26', 'plabs', 'berk.oztaskin.99', 'dd642482536', 'reetmehta', 'ksb541', 'dprabhanshu23', 'gadhiayash', 'jnana2k', 'prashants31', 'hrnatcn', 'devank', 'meltemsbreezes', 'afz', 'abdullahkucukel', 'mrefaat', 'fatihvsever', 'gzmnce', 'hiteshk_24', 'ayushdahale6277', 'cagriguney', 'yalun', 'mertyamanoglu', 'abk15062000', 'mevradilanerten', 'sakhrald', 'creutzfeldtundjakob', 'adbhut', 'efecanberkayyasar', 'gokce.gocerrr', 'guilherme.faveri', 'ujjwalkalra1969', 'bahcecieray', 'bhavika', 'jzwang8', 'anthony012798', 'hrishikesh', 'araheem', 'piyush36', 'xerato', 'adityaharakare1', 'antonaci.p', 'dchang818', 'berkayerarslan', 'skyguy987', 'ruchir.iitb', 'afkali.120', 'johyunjung', 'daleksec', 'canersokat', 'mohdghs', 'mustafaeee', 'batuhanuslu', 'kiragr1999']"
2,202,158,78,71,"['knies0', 'chung134', 'anton2', 'bowen22', 'slach', 'davethesword', 'thornt21', 'shayle1998', 'ameya.ghai', 'mcnamar7', 'ande1142', 'vasque16', 'kalina', 'atkins18', 'mayziejames', 'pattiya_p', 'hannahdoyle', 'stewa207', 'luo311', 'schro118', 'evanzijianhe', 'farentz', 'thornin', 'jmenezes', 'fsaez3098', 'ward187', 'post10', 'krishn75', 'randrews2016', 'mmulter', 'nnadiakamarudin', 'culp8', 'jzuckerm', 'sidneyg214', 'pmurugan', 'wnation', 'giotto032310', 'athoman', 'rswan', 'smit2788', 'dchanda', 'roisinkenny123', 'wning', 'azalar', 'zach.alton99', 'charliedkane', 'arkitectus', 'unrefrigeratedbutter', 'cole141', 'tskrove', 'iansteen97', 'atruver', 'clacny', 'ben.a.brodt', 'zhao938', 'jackvanbenthuysen', 'shi318', 'schafee', 'logan36', 'nuhlarik', 'tillmaj', 'noahccardell', 'patel534', 'mpottsch', 'ncowin', 'nguye380', 'jstickne', 'yoon64', 'lee2096', 'avillige', 'msika']",86,"['liu1631', 'ducksinboats', 'popcorn1431', 'bill.andress', 'jfarnen', 'wang3686', 'xia107', 'rjday2', 'bafflerbach', 'echauhan', 'ithakor', 'jtonges', 'brille', 'lee2243', 'nfschadler', 'alam9', 'bworrell', 'ngrieger', 'kidpaul94', 'aagosti', 'jcasell', 'starkekr.ks', 'hu509', 'smit2890', 'howar169', 'mgehrlei', 'pattiya2002', 'nschadle', 'mahm', 'glynngallaway', 'reyno105', 'jtappan', 'amishra32', 'claymon', 'jihansalsabila', 'lgreenle12', 'ackerma5', 'syturpin77', 'jmutter', 'gehlhsy', 'raineryuan22', 'lake14', 'alanter', 'taylorsparks', 'midas408', 'lstallt', 'dkorani', 'kswiatk', 'mondrae', 'chopraritik', 'ekjersga', 'otley', 'hardisura', 'topliff.lucas', 'sundara6', 'ununez', 'deverr', 'kruege18', 'jake.zuckerman99', 'coverc', 'smit2805', 'seshada', 'mai11', 'mann78', 'conishi', 'ddmorgan', 'bjendrus', 'shanks5', 'bell112', 'brenna13', 'fmuehlem', 'gohm', 'ds2373', 'victoria.miller', 'krathod', 'grover7', 'cmcgugan85', 'candai1996', 'navarraj', 'aross24', 'king472', 'patrickweihmann97', 'zhan2846', 'mmvandenheuv', 'spara1618', 'jeast9867']",7,"['appelp', 'aajachim', 'konerua', 'jvergado', 'choyc', None, 'qpitter']",164,"['liu1631', 'anton2', 'slach', 'davethesword', 'ameya.ghai', 'mcnamar7', 'konerua', 'choyc', 'ducksinboats', 'luo311', 'farentz', 'popcorn1431', 'ward187', 'bill.andress', 'wnation', 'jfarnen', 'athoman', 'rswan', 'wang3686', 'dchanda', 'xia107', 'rjday2', 'cole141', 'qpitter', 'iansteen97', 'bafflerbach', 'ben.a.brodt', 'schafee', 'echauhan', 'ithakor', 'nuhlarik', 'jtonges', 'jstickne', 'lee2096', 'msika', 'knies0', 'brille', 'thornt21', 'lee2243', 'kalina', 'atkins18', 'nfschadler', 'alam9', 'bworrell', 'ngrieger', 'kidpaul94', 'aagosti', 'jcasell', 'randrews2016', 'starkekr.ks', 'post10', 'krishn75', 'hu509', 'sidneyg214', 'smit2890', 'howar169', 'mgehrlei', 'pattiya2002', 'nschadle', 'aajachim', 'smit2788', 'roisinkenny123', 'azalar', 'zach.alton99', 'mahm', None, 'clacny', 'glynngallaway', 'reyno105', 'jtappan', 'amishra32', 'jackvanbenthuysen', 'shi318', 'claymon', 'jihansalsabila', 'lgreenle12', 'ackerma5', 'ncowin', 'gehlhsy', 'jmutter', 'syturpin77', 'raineryuan22', 'lake14', 'appelp', 'alanter', 'taylorsparks', 'shayle1998', 'ande1142', 'midas408', 'lstallt', 'stewa207', 'dkorani', 'thornin', 'jmenezes', 'fsaez3098', 'kswiatk', 'mmulter', 'nnadiakamarudin', 'mondrae', 'chopraritik', 'ekjersga', 'otley', 'giotto032310', 'hardisura', 'topliff.lucas', 'sundara6', 'ununez', 'wning', 'deverr', 'kruege18', 'jake.zuckerman99', 'charliedkane', 'coverc', 'smit2805', 'seshada', 'mai11', 'tskrove', 'mann78', 'zhao938', 'conishi', 'ddmorgan', 'bjendrus', 'patel534', 'shanks5', 'bell112', 'noahccardell', 'mpottsch', 'yoon64', 'brenna13', 'fmuehlem', 'chung134', 'bowen22', 'gohm', 'vasque16', 'ds2373', 'mayziejames', 'victoria.miller', 'krathod', 'pattiya_p', 'hannahdoyle', 'schro118', 'jvergado', 'grover7', 'evanzijianhe', 'culp8', 'cmcgugan85', 'jzuckerm', 'candai1996', 'pmurugan', 'navarraj', 'aross24', 'king472', 'patrickweihmann97', 'zhan2846', 'mmvandenheuv', 'spara1618', 'arkitectus', 'unrefrigeratedbutter', 'atruver', 'logan36', 'jeast9867', 'tillmaj', 'nguye380', 'avillige']"
2,200,158,25,22,"['brenna13', 'fmuehlem', 'ducksinboats', 'farentz', 'jcasell', 'aagosti', 'culp8', 'cmcgugan85', 'hu509', 'candai1996', 'wnation', 'pattiya2002', 'sundara6', 'ununez', 'xia107', 'tskrove', 'glynngallaway', 'reyno105', 'zhao938', 'jeast9867', 'bjendrus', 'gehlhsy']",135,"['liu1631', 'anton2', 'slach', 'davethesword', 'ameya.ghai', 'mcnamar7', 'luo311', 'popcorn1431', 'ward187', 'bill.andress', 'jfarnen', 'athoman', 'rswan', 'wang3686', 'dchanda', 'rjday2', 'cole141', 'iansteen97', 'bafflerbach', 'ben.a.brodt', 'schafee', 'echauhan', 'ithakor', 'nuhlarik', 'jtonges', 'jstickne', 'lee2096', 'msika', 'knies0', 'brille', 'thornt21', 'lee2243', 'kalina', 'atkins18', 'nfschadler', 'alam9', 'bworrell', 'ngrieger', 'kidpaul94', 'randrews2016', 'starkekr.ks', 'post10', 'krishn75', 'sidneyg214', 'smit2890', 'howar169', 'mgehrlei', 'nschadle', 'smit2788', 'roisinkenny123', 'azalar', 'zach.alton99', 'mahm', 'clacny', 'jtappan', 'amishra32', 'jackvanbenthuysen', 'shi318', 'claymon', 'jihansalsabila', 'lgreenle12', 'ackerma5', 'ncowin', 'jmutter', 'syturpin77', 'raineryuan22', 'lake14', 'alanter', 'taylorsparks', 'shayle1998', 'ande1142', 'midas408', 'lstallt', 'stewa207', 'dkorani', 'thornin', 'jmenezes', 'fsaez3098', 'kswiatk', 'mmulter', 'nnadiakamarudin', 'mondrae', 'chopraritik', 'ekjersga', 'otley', 'giotto032310', 'hardisura', 'topliff.lucas', 'wning', 'deverr', 'kruege18', 'jake.zuckerman99', 'charliedkane', 'coverc', 'smit2805', 'seshada', 'mai11', 'mann78', 'conishi', 'ddmorgan', 'patel534', 'shanks5', 'bell112', 'noahccardell', 'mpottsch', 'yoon64', 'chung134', 'bowen22', 'gohm', 'vasque16', 'ds2373', 'mayziejames', 'victoria.miller', 'krathod', 'pattiya_p', 'hannahdoyle', 'schro118', 'grover7', 'evanzijianhe', 'jzuckerm', 'pmurugan', 'navarraj', 'aross24', 'king472', 'patrickweihmann97', 'zhan2846', 'mmvandenheuv', 'spara1618', 'arkitectus', 'unrefrigeratedbutter', 'atruver', 'logan36', 'tillmaj', 'nguye380', 'avillige']",3,"['dmoebius', None, 'dbouche']",160,"['liu1631', 'anton2', 'slach', 'davethesword', 'ameya.ghai', 'mcnamar7', 'ducksinboats', 'luo311', 'farentz', 'popcorn1431', 'ward187', 'bill.andress', 'wnation', 'jfarnen', 'athoman', 'rswan', 'wang3686', 'dchanda', 'xia107', 'rjday2', 'cole141', 'iansteen97', 'bafflerbach', 'ben.a.brodt', 'schafee', 'echauhan', 'ithakor', 'nuhlarik', 'jtonges', 'jstickne', 'lee2096', 'msika', 'knies0', 'brille', 'thornt21', 'lee2243', 'kalina', 'atkins18', 'nfschadler', 'alam9', 'bworrell', 'ngrieger', 'kidpaul94', 'aagosti', 'jcasell', 'randrews2016', 'starkekr.ks', 'post10', 'krishn75', 'hu509', 'sidneyg214', 'smit2890', 'howar169', 'mgehrlei', 'pattiya2002', 'nschadle', 'smit2788', 'roisinkenny123', 'azalar', 'zach.alton99', 'mahm', None, 'clacny', 'glynngallaway', 'reyno105', 'jtappan', 'amishra32', 'jackvanbenthuysen', 'shi318', 'claymon', 'dbouche', 'jihansalsabila', 'lgreenle12', 'ackerma5', 'ncowin', 'gehlhsy', 'jmutter', 'syturpin77', 'raineryuan22', 'lake14', 'alanter', 'taylorsparks', 'shayle1998', 'ande1142', 'midas408', 'lstallt', 'stewa207', 'dkorani', 'thornin', 'jmenezes', 'fsaez3098', 'kswiatk', 'mmulter', 'nnadiakamarudin', 'mondrae', 'chopraritik', 'ekjersga', 'otley', 'giotto032310', 'hardisura', 'topliff.lucas', 'sundara6', 'ununez', 'wning', 'deverr', 'kruege18', 'jake.zuckerman99', 'charliedkane', 'coverc', 'smit2805', 'seshada', 'mai11', 'tskrove', 'dmoebius', 'mann78', 'zhao938', 'conishi', 'ddmorgan', 'bjendrus', 'patel534', 'shanks5', 'bell112', 'noahccardell', 'mpottsch', 'yoon64', 'brenna13', 'fmuehlem', 'chung134', 'bowen22', 'gohm', 'vasque16', 'ds2373', 'mayziejames', 'victoria.miller', 'krathod', 'pattiya_p', 'hannahdoyle', 'schro118', 'grover7', 'evanzijianhe', 'culp8', 'cmcgugan85', 'jzuckerm', 'candai1996', 'pmurugan', 'navarraj', 'aross24', 'king472', 'patrickweihmann97', 'zhan2846', 'mmvandenheuv', 'spara1618', 'arkitectus', 'unrefrigeratedbutter', 'atruver', 'logan36', 'jeast9867', 'tillmaj', 'nguye380', 'avillige']"
2,201,158,12,10,"['raineryuan22', 'amishra32', 'bafflerbach', 'echauhan', 'gohm', 'mmvandenheuv', 'ddmorgan', 'aross24', 'rjday2', 'alam9']",147,"['liu1631', 'anton2', 'slach', 'davethesword', 'ameya.ghai', 'mcnamar7', 'ducksinboats', 'luo311', 'farentz', 'popcorn1431', 'ward187', 'bill.andress', 'wnation', 'jfarnen', 'athoman', 'rswan', 'wang3686', 'dchanda', 'xia107', 'cole141', 'iansteen97', 'ben.a.brodt', 'schafee', 'ithakor', 'nuhlarik', 'jtonges', 'jstickne', 'lee2096', 'msika', 'knies0', 'brille', 'thornt21', 'lee2243', 'kalina', 'atkins18', 'nfschadler', 'bworrell', 'ngrieger', 'kidpaul94', 'aagosti', 'jcasell', 'randrews2016', 'starkekr.ks', 'post10', 'krishn75', 'hu509', 'sidneyg214', 'smit2890', 'howar169', 'mgehrlei', 'pattiya2002', 'nschadle', 'smit2788', 'roisinkenny123', 'azalar', 'zach.alton99', 'mahm', 'clacny', 'glynngallaway', 'reyno105', 'jtappan', 'jackvanbenthuysen', 'shi318', 'claymon', 'jihansalsabila', 'lgreenle12', 'ackerma5', 'ncowin', 'gehlhsy', 'jmutter', 'syturpin77', 'lake14', 'alanter', 'taylorsparks', 'shayle1998', 'ande1142', 'midas408', 'lstallt', 'stewa207', 'dkorani', 'thornin', 'jmenezes', 'fsaez3098', 'kswiatk', 'mmulter', 'nnadiakamarudin', 'mondrae', 'chopraritik', 'ekjersga', 'otley', 'giotto032310', 'hardisura', 'topliff.lucas', 'sundara6', 'ununez', 'wning', 'deverr', 'kruege18', 'jake.zuckerman99', 'charliedkane', 'coverc', 'smit2805', 'seshada', 'mai11', 'tskrove', 'mann78', 'zhao938', 'conishi', 'bjendrus', 'patel534', 'shanks5', 'bell112', 'noahccardell', 'mpottsch', 'yoon64', 'brenna13', 'fmuehlem', 'chung134', 'bowen22', 'vasque16', 'ds2373', 'mayziejames', 'victoria.miller', 'krathod', 'pattiya_p', 'hannahdoyle', 'schro118', 'grover7', 'evanzijianhe', 'culp8', 'cmcgugan85', 'jzuckerm', 'candai1996', 'pmurugan', 'navarraj', 'king472', 'patrickweihmann97', 'zhan2846', 'spara1618', 'arkitectus', 'unrefrigeratedbutter', 'atruver', 'logan36', 'jeast9867', 'tillmaj', 'nguye380', 'avillige']",2,"[None, 'balaji7']",159,"['liu1631', 'anton2', 'slach', 'davethesword', 'ameya.ghai', 'mcnamar7', 'ducksinboats', 'luo311', 'farentz', 'popcorn1431', 'ward187', 'bill.andress', 'wnation', 'jfarnen', 'athoman', 'rswan', 'wang3686', 'dchanda', 'xia107', 'rjday2', 'cole141', 'iansteen97', 'bafflerbach', 'ben.a.brodt', 'schafee', 'echauhan', 'ithakor', 'nuhlarik', 'jtonges', 'jstickne', 'lee2096', 'msika', 'knies0', 'brille', 'thornt21', 'lee2243', 'kalina', 'atkins18', 'nfschadler', 'alam9', 'bworrell', 'ngrieger', 'kidpaul94', 'aagosti', 'jcasell', 'randrews2016', 'starkekr.ks', 'post10', 'krishn75', 'hu509', 'sidneyg214', 'smit2890', 'howar169', 'mgehrlei', 'pattiya2002', 'nschadle', 'smit2788', 'roisinkenny123', 'azalar', 'zach.alton99', 'mahm', None, 'clacny', 'glynngallaway', 'reyno105', 'jtappan', 'amishra32', 'jackvanbenthuysen', 'shi318', 'claymon', 'jihansalsabila', 'lgreenle12', 'ackerma5', 'ncowin', 'gehlhsy', 'jmutter', 'syturpin77', 'raineryuan22', 'lake14', 'alanter', 'taylorsparks', 'shayle1998', 'ande1142', 'midas408', 'lstallt', 'stewa207', 'dkorani', 'thornin', 'jmenezes', 'fsaez3098', 'kswiatk', 'mmulter', 'nnadiakamarudin', 'mondrae', 'chopraritik', 'ekjersga', 'otley', 'giotto032310', 'hardisura', 'topliff.lucas', 'sundara6', 'ununez', 'wning', 'deverr', 'kruege18', 'jake.zuckerman99', 'charliedkane', 'coverc', 'smit2805', 'seshada', 'mai11', 'tskrove', 'mann78', 'zhao938', 'conishi', 'ddmorgan', 'bjendrus', 'patel534', 'shanks5', 'bell112', 'noahccardell', 'mpottsch', 'yoon64', 'brenna13', 'fmuehlem', 'chung134', 'bowen22', 'gohm', 'vasque16', 'ds2373', 'mayziejames', 'victoria.miller', 'krathod', 'pattiya_p', 'hannahdoyle', 'schro118', 'balaji7', 'grover7', 'evanzijianhe', 'culp8', 'cmcgugan85', 'jzuckerm', 'candai1996', 'pmurugan', 'navarraj', 'aross24', 'king472', 'patrickweihmann97', 'zhan2846', 'mmvandenheuv', 'spara1618', 'arkitectus', 'unrefrigeratedbutter', 'atruver', 'logan36', 'jeast9867', 'tillmaj', 'nguye380', 'avillige']"
3,115,146,67,66,"['c1hutchi', 'lukea9', 'mgarriso', 'pabbasi', 'y2zong', 'katesab', 'h3lei', 'cyxiao', 'todacp', 'mlsolis', 'daheredi', 'carlsjr3', 'fdmonge', 'kskelil', 'llindgre', 'jyrose', 'averylin3', 'salm77', 'zhairape', 'a1carden', 'c9adams', 'ncasper', 'dvl006', 'htaige', 'tdorobek', 'nlangley', 'pms003', 'dmelko', 'yxcindyyang', 'rtounesi', '42aku', 'aethencam99', 'mbalingit', 'scalzada1230', 'snfkrantk', 'ssardo', 'a5do', 'dober', 'garychen9613', 'hyhui', 'ccv002', 'myliu', 'chudgins', 'jsw009', 'mabullis', 'graghave', 'wcwei', 'nkrishnan', 'yoc013', 'mdw012', 'sabrinagcalzada', 'chh182', 'hok001', 'nlensky', 'mam016', 'cdungca', 'cbagon', 'etroike', 'c4huynh', 'lkwe', 'evangieson', 'emantoni', 'slwai', 'ejfarrel', 'simasv187', 'jatreibe']",79,"['rahulmathsengg', 'ward.michael0356', 'rxiao', 'miwalyffe', 'rohansoni', 'knhgchen', 'wparke14', 'pgardo2', 'drutstro', 'joel86', 'aheimbro', 'santuic', 'z471553149', 'sschwerzler', 'acohen3', 'zj780500', 'sepiakhbarifar', 'talebi.phy', 'ylzhu96', 'asolomo6', 'hannah_007', 'ryanhahaha', 'ichoi1', 'haqi', 'jwainwri', 'xwang163', 'berkan', 'qiangzhang', 'yfzhu95', 'olh20', 'hskipper', 'cjbmi', 'drokke', 'navid1987', 'csahin', 'williamjiang95', 'alikorkmaz.fizik', 'kaybyrd', 'bellehe', 'sbell41', 'demos', 'saliniphy', 'cenxiaoquan', 'cjorgen2', 'ksisco', 'nzr', 'tousif', 'zyroc1990', 'abdoali', 'mathanrk', 'atheori10', 'abdulazizali1977', 'mojuez', 'djebourtssm', 'omar.gamal49', 'sfeck', 'ekenismail11', 'agodfre3', 'jrshearin', 'wsu007', 'owentsai', 'obed.acevedo', 'wang2444', 'hyan910', 'semih.engun', 'sumeer', 'machao', 'ferdous2', 'nmech', 'lnuckols', 'abdullahhasan.buet', 'hp2111981', 'abhishek.mukherjee742', 'richard2333', 'dasales', 'leugrady', 'akamodamilola', 'jtmarasc', 'mhasan19']",1,[None],146,"['rahulmathsengg', 'ward.michael0356', 'lukea9', 'rxiao', 'miwalyffe', 'cyxiao', 'rohansoni', 'knhgchen', 'wparke14', 'jyrose', 'pgardo2', 'zhairape', 'drutstro', 'dvl006', 'htaige', 'joel86', 'aheimbro', 'pms003', 'dmelko', 'santuic', 'z471553149', 'sschwerzler', 'rtounesi', 'acohen3', 'zj780500', 'sepiakhbarifar', 'a5do', 'garychen9613', 'dober', 'hyhui', 'talebi.phy', 'ylzhu96', 'myliu', 'graghave', 'wcwei', 'asolomo6', 'yoc013', 'sabrinagcalzada', 'hannah_007', 'ryanhahaha', 'slwai', 'ichoi1', 'haqi', 'xwang163', 'jwainwri', 'berkan', 'qiangzhang', 'yfzhu95', 'olh20', 'hskipper', 'cjbmi', 'drokke', 'katesab', 'pabbasi', 'mlsolis', 'kskelil', 'fdmonge', 'navid1987', 'llindgre', 'csahin', 'carlsjr3', 'williamjiang95', 'alikorkmaz.fizik', 'tdorobek', 'kaybyrd', 'bellehe', 'sbell41', '42aku', 'demos', 'saliniphy', 'cenxiaoquan', 'ccv002', 'chudgins', 'cjorgen2', 'ksisco', None, 'chh182', 'nzr', 'cdungca', 'tousif', 'jatreibe', 'zyroc1990', 'abdoali', 'mgarriso', 'mathanrk', 'y2zong', 'h3lei', 'atheori10', 'averylin3', 'salm77', 'abdulazizali1977', 'mojuez', 'djebourtssm', 'ncasper', 'omar.gamal49', 'sfeck', 'yxcindyyang', 'ekenismail11', 'aethencam99', 'mbalingit', 'agodfre3', 'snfkrantk', 'ssardo', 'jsw009', 'mabullis', 'jrshearin', 'hok001', 'nlensky', 'wsu007', 'cbagon', 'owentsai', 'c4huynh', 'lkwe', 'emantoni', 'simasv187', 'ejfarrel', 'obed.acevedo', 'wang2444', 'c1hutchi', 'todacp', 'daheredi', 'a1carden', 'c9adams', 'hyan910', 'nlangley', 'semih.engun', 'sumeer', 'machao', 'ferdous2', 'nmech', 'scalzada1230', 'lnuckols', 'abdullahhasan.buet', 'hp2111981', 'abhishek.mukherjee742', 'richard2333', 'nkrishnan', 'mdw012', 'dasales', 'leugrady', 'mam016', 'etroike', 'evangieson', 'akamodamilola', 'jtmarasc', 'mhasan19']"
3,111,146,25,22,"['zyroc1990', 'rxiao', 'wparke14', 'drutstro', 'aheimbro', 'mhasan19', 'sfeck', 'z471553149', 'sumeer', 'sschwerzler', 'sbell41', 'lnuckols', 'agodfre3', 'abdullahhasan.buet', 'cjorgen2', 'asolomo6', 'ksisco', 'jrshearin', 'wsu007', 'akamodamilola', 'ichoi1', 'xwang163']",123,"['rahulmathsengg', 'ward.michael0356', 'lukea9', 'miwalyffe', 'cyxiao', 'rohansoni', 'knhgchen', 'jyrose', 'pgardo2', 'zhairape', 'dvl006', 'htaige', 'joel86', 'pms003', 'dmelko', 'santuic', 'rtounesi', 'acohen3', 'zj780500', 'sepiakhbarifar', 'a5do', 'garychen9613', 'dober', 'hyhui', 'talebi.phy', 'ylzhu96', 'myliu', 'graghave', 'wcwei', 'yoc013', 'sabrinagcalzada', 'hannah_007', 'ryanhahaha', 'slwai', 'haqi', 'jwainwri', 'berkan', 'qiangzhang', 'yfzhu95', 'olh20', 'hskipper', 'cjbmi', 'drokke', 'katesab', 'pabbasi', 'mlsolis', 'kskelil', 'fdmonge', 'navid1987', 'llindgre', 'csahin', 'carlsjr3', 'williamjiang95', 'alikorkmaz.fizik', 'tdorobek', 'kaybyrd', 'bellehe', '42aku', 'demos', 'saliniphy', 'cenxiaoquan', 'ccv002', 'chudgins', 'chh182', 'nzr', 'cdungca', 'tousif', 'jatreibe', 'abdoali', 'mgarriso', 'mathanrk', 'y2zong', 'h3lei', 'atheori10', 'averylin3', 'salm77', 'abdulazizali1977', 'mojuez', 'djebourtssm', 'ncasper', 'omar.gamal49', 'yxcindyyang', 'ekenismail11', 'aethencam99', 'mbalingit', 'snfkrantk', 'ssardo', 'jsw009', 'mabullis', 'hok001', 'nlensky', 'cbagon', 'owentsai', 'c4huynh', 'lkwe', 'emantoni', 'simasv187', 'ejfarrel', 'obed.acevedo', 'wang2444', 'c1hutchi', 'todacp', 'daheredi', 'a1carden', 'c9adams', 'hyan910', 'nlangley', 'semih.engun', 'machao', 'ferdous2', 'nmech', 'scalzada1230', 'hp2111981', 'abhishek.mukherjee742', 'richard2333', 'nkrishnan', 'mdw012', 'dasales', 'leugrady', 'mam016', 'etroike', 'evangieson', 'jtmarasc']",3,"['yiyang', None, 'cnguye21']",148,"['rahulmathsengg', 'ward.michael0356', 'lukea9', 'rxiao', 'miwalyffe', 'cyxiao', 'rohansoni', 'knhgchen', 'wparke14', 'jyrose', 'pgardo2', 'zhairape', 'drutstro', 'dvl006', 'htaige', 'joel86', 'aheimbro', 'pms003', 'dmelko', 'santuic', 'z471553149', 'sschwerzler', 'rtounesi', 'acohen3', 'zj780500', 'sepiakhbarifar', 'a5do', 'garychen9613', 'dober', 'hyhui', 'talebi.phy', 'ylzhu96', 'myliu', 'graghave', 'wcwei', 'asolomo6', 'yoc013', 'sabrinagcalzada', 'hannah_007', 'ryanhahaha', 'slwai', 'ichoi1', 'haqi', 'xwang163', 'jwainwri', 'berkan', 'qiangzhang', 'yfzhu95', 'olh20', 'hskipper', 'cjbmi', 'drokke', 'katesab', 'pabbasi', 'mlsolis', 'kskelil', 'fdmonge', 'navid1987', 'llindgre', 'csahin', 'carlsjr3', 'williamjiang95', 'alikorkmaz.fizik', 'tdorobek', 'kaybyrd', 'bellehe', 'sbell41', '42aku', 'yiyang', 'demos', 'saliniphy', 'cenxiaoquan', 'ccv002', 'chudgins', 'cjorgen2', 'ksisco', None, 'chh182', 'nzr', 'cdungca', 'tousif', 'jatreibe', 'zyroc1990', 'abdoali', 'mgarriso', 'mathanrk', 'y2zong', 'h3lei', 'atheori10', 'averylin3', 'salm77', 'abdulazizali1977', 'mojuez', 'djebourtssm', 'ncasper', 'omar.gamal49', 'sfeck', 'yxcindyyang', 'ekenismail11', 'aethencam99', 'mbalingit', 'cnguye21', 'agodfre3', 'snfkrantk', 'ssardo', 'jsw009', 'mabullis', 'jrshearin', 'hok001', 'nlensky', 'wsu007', 'cbagon', 'owentsai', 'c4huynh', 'lkwe', 'emantoni', 'simasv187', 'ejfarrel', 'obed.acevedo', 'wang2444', 'c1hutchi', 'todacp', 'daheredi', 'a1carden', 'c9adams', 'hyan910', 'nlangley', 'semih.engun', 'sumeer', 'machao', 'ferdous2', 'nmech', 'scalzada1230', 'lnuckols', 'abdullahhasan.buet', 'hp2111981', 'abhishek.mukherjee742', 'richard2333', 'nkrishnan', 'mdw012', 'dasales', 'leugrady', 'mam016', 'etroike', 'evangieson', 'akamodamilola', 'jtmarasc', 'mhasan19']"
3,112,146,24,17,"['yfzhu95', 'dasales', 'olh20', 'hskipper', 'mathanrk', 'nzr', 'hyan910', 'rohansoni', 'atheori10', 'ylzhu96', 'ryanhahaha', 'jtmarasc', 'jwainwri', 'machao', 'bellehe', 'williamjiang95', 'acohen3']",128,"['rahulmathsengg', 'ward.michael0356', 'lukea9', 'rxiao', 'miwalyffe', 'cyxiao', 'knhgchen', 'wparke14', 'jyrose', 'pgardo2', 'zhairape', 'drutstro', 'dvl006', 'htaige', 'joel86', 'aheimbro', 'pms003', 'dmelko', 'santuic', 'z471553149', 'sschwerzler', 'rtounesi', 'zj780500', 'sepiakhbarifar', 'a5do', 'garychen9613', 'dober', 'hyhui', 'talebi.phy', 'myliu', 'graghave', 'wcwei', 'asolomo6', 'yoc013', 'sabrinagcalzada', 'hannah_007', 'slwai', 'ichoi1', 'haqi', 'xwang163', 'berkan', 'qiangzhang', 'cjbmi', 'drokke', 'katesab', 'pabbasi', 'mlsolis', 'kskelil', 'fdmonge', 'navid1987', 'llindgre', 'csahin', 'carlsjr3', 'alikorkmaz.fizik', 'tdorobek', 'kaybyrd', 'sbell41', '42aku', 'demos', 'saliniphy', 'cenxiaoquan', 'ccv002', 'chudgins', 'cjorgen2', 'ksisco', 'chh182', 'cdungca', 'tousif', 'jatreibe', 'zyroc1990', 'abdoali', 'mgarriso', 'y2zong', 'h3lei', 'averylin3', 'salm77', 'abdulazizali1977', 'mojuez', 'djebourtssm', 'ncasper', 'omar.gamal49', 'sfeck', 'yxcindyyang', 'ekenismail11', 'aethencam99', 'mbalingit', 'agodfre3', 'snfkrantk', 'ssardo', 'jsw009', 'mabullis', 'jrshearin', 'hok001', 'nlensky', 'wsu007', 'cbagon', 'owentsai', 'c4huynh', 'lkwe', 'emantoni', 'simasv187', 'ejfarrel', 'obed.acevedo', 'wang2444', 'c1hutchi', 'todacp', 'daheredi', 'a1carden', 'c9adams', 'nlangley', 'semih.engun', 'sumeer', 'ferdous2', 'nmech', 'scalzada1230', 'lnuckols', 'abdullahhasan.buet', 'hp2111981', 'abhishek.mukherjee742', 'richard2333', 'nkrishnan', 'mdw012', 'leugrady', 'mam016', 'etroike', 'evangieson', 'akamodamilola', 'mhasan19']",7,"['jettarackleff', 'jlucas', 'sahars', 'yutong1996', 'blawson4', None, 'jingsk']",152,"['rahulmathsengg', 'ward.michael0356', 'lukea9', 'rxiao', 'miwalyffe', 'cyxiao', 'rohansoni', 'knhgchen', 'wparke14', 'jyrose', 'pgardo2', 'zhairape', 'drutstro', 'dvl006', 'htaige', 'joel86', 'aheimbro', 'pms003', 'dmelko', 'santuic', 'z471553149', 'sschwerzler', 'rtounesi', 'acohen3', 'zj780500', 'jettarackleff', 'sepiakhbarifar', 'a5do', 'jlucas', 'garychen9613', 'dober', 'hyhui', 'talebi.phy', 'ylzhu96', 'myliu', 'yutong1996', 'graghave', 'wcwei', 'asolomo6', 'yoc013', 'sabrinagcalzada', 'hannah_007', 'ryanhahaha', 'slwai', 'ichoi1', 'haqi', 'xwang163', 'jwainwri', 'berkan', 'qiangzhang', 'yfzhu95', 'olh20', 'hskipper', 'cjbmi', 'drokke', 'katesab', 'pabbasi', 'mlsolis', 'kskelil', 'fdmonge', 'navid1987', 'llindgre', 'csahin', 'carlsjr3', 'williamjiang95', 'alikorkmaz.fizik', 'tdorobek', 'kaybyrd', 'bellehe', 'sbell41', '42aku', 'demos', 'saliniphy', 'cenxiaoquan', 'ccv002', 'chudgins', 'cjorgen2', 'ksisco', None, 'chh182', 'nzr', 'cdungca', 'tousif', 'blawson4', 'jatreibe', 'zyroc1990', 'abdoali', 'mgarriso', 'mathanrk', 'y2zong', 'sahars', 'h3lei', 'atheori10', 'averylin3', 'salm77', 'abdulazizali1977', 'mojuez', 'djebourtssm', 'ncasper', 'omar.gamal49', 'sfeck', 'yxcindyyang', 'ekenismail11', 'aethencam99', 'mbalingit', 'agodfre3', 'snfkrantk', 'ssardo', 'jsw009', 'mabullis', 'jrshearin', 'hok001', 'nlensky', 'wsu007', 'cbagon', 'owentsai', 'c4huynh', 'lkwe', 'emantoni', 'simasv187', 'ejfarrel', 'obed.acevedo', 'wang2444', 'c1hutchi', 'todacp', 'daheredi', 'a1carden', 'c9adams', 'hyan910', 'nlangley', 'semih.engun', 'sumeer', 'machao', 'ferdous2', 'nmech', 'scalzada1230', 'lnuckols', 'jingsk', 'abdullahhasan.buet', 'hp2111981', 'abhishek.mukherjee742', 'richard2333', 'nkrishnan', 'mdw012', 'dasales', 'leugrady', 'mam016', 'etroike', 'evangieson', 'akamodamilola', 'jtmarasc', 'mhasan19']"
3,41,146,21,16,"['yfzhu95', 'dasales', 'olh20', 'hskipper', 'mathanrk', 'nzr', 'hyan910', 'atheori10', 'ylzhu96', 'ryanhahaha', 'jtmarasc', 'jwainwri', 'machao', 'bellehe', 'williamjiang95', 'acohen3']",129,"['rahulmathsengg', 'ward.michael0356', 'lukea9', 'rxiao', 'miwalyffe', 'cyxiao', 'rohansoni', 'knhgchen', 'wparke14', 'jyrose', 'pgardo2', 'zhairape', 'drutstro', 'dvl006', 'htaige', 'joel86', 'aheimbro', 'pms003', 'dmelko', 'santuic', 'z471553149', 'sschwerzler', 'rtounesi', 'zj780500', 'sepiakhbarifar', 'a5do', 'garychen9613', 'dober', 'hyhui', 'talebi.phy', 'myliu', 'graghave', 'wcwei', 'asolomo6', 'yoc013', 'sabrinagcalzada', 'hannah_007', 'slwai', 'ichoi1', 'haqi', 'xwang163', 'berkan', 'qiangzhang', 'cjbmi', 'drokke', 'katesab', 'pabbasi', 'mlsolis', 'kskelil', 'fdmonge', 'navid1987', 'llindgre', 'csahin', 'carlsjr3', 'alikorkmaz.fizik', 'tdorobek', 'kaybyrd', 'sbell41', '42aku', 'demos', 'saliniphy', 'cenxiaoquan', 'ccv002', 'chudgins', 'cjorgen2', 'ksisco', 'chh182', 'cdungca', 'tousif', 'jatreibe', 'zyroc1990', 'abdoali', 'mgarriso', 'y2zong', 'h3lei', 'averylin3', 'salm77', 'abdulazizali1977', 'mojuez', 'djebourtssm', 'ncasper', 'omar.gamal49', 'sfeck', 'yxcindyyang', 'ekenismail11', 'aethencam99', 'mbalingit', 'agodfre3', 'snfkrantk', 'ssardo', 'jsw009', 'mabullis', 'jrshearin', 'hok001', 'nlensky', 'wsu007', 'cbagon', 'owentsai', 'c4huynh', 'lkwe', 'emantoni', 'simasv187', 'ejfarrel', 'obed.acevedo', 'wang2444', 'c1hutchi', 'todacp', 'daheredi', 'a1carden', 'c9adams', 'nlangley', 'semih.engun', 'sumeer', 'ferdous2', 'nmech', 'scalzada1230', 'lnuckols', 'abdullahhasan.buet', 'hp2111981', 'abhishek.mukherjee742', 'richard2333', 'nkrishnan', 'mdw012', 'leugrady', 'mam016', 'etroike', 'evangieson', 'akamodamilola', 'mhasan19']",5,"['jettarackleff', 'yutong1996', 'blawson4', None, 'jingsk']",150,"['rahulmathsengg', 'ward.michael0356', 'lukea9', 'rxiao', 'miwalyffe', 'cyxiao', 'rohansoni', 'knhgchen', 'wparke14', 'jyrose', 'pgardo2', 'zhairape', 'drutstro', 'dvl006', 'htaige', 'joel86', 'aheimbro', 'pms003', 'dmelko', 'santuic', 'z471553149', 'sschwerzler', 'rtounesi', 'acohen3', 'zj780500', 'jettarackleff', 'sepiakhbarifar', 'a5do', 'garychen9613', 'dober', 'hyhui', 'talebi.phy', 'ylzhu96', 'myliu', 'yutong1996', 'graghave', 'wcwei', 'asolomo6', 'yoc013', 'sabrinagcalzada', 'hannah_007', 'ryanhahaha', 'slwai', 'ichoi1', 'haqi', 'xwang163', 'jwainwri', 'berkan', 'qiangzhang', 'yfzhu95', 'olh20', 'hskipper', 'cjbmi', 'drokke', 'katesab', 'pabbasi', 'mlsolis', 'kskelil', 'fdmonge', 'navid1987', 'llindgre', 'csahin', 'carlsjr3', 'williamjiang95', 'alikorkmaz.fizik', 'tdorobek', 'kaybyrd', 'bellehe', 'sbell41', '42aku', 'demos', 'saliniphy', 'cenxiaoquan', 'ccv002', 'chudgins', 'cjorgen2', 'ksisco', None, 'chh182', 'nzr', 'cdungca', 'tousif', 'blawson4', 'jatreibe', 'zyroc1990', 'abdoali', 'mgarriso', 'mathanrk', 'y2zong', 'h3lei', 'atheori10', 'averylin3', 'salm77', 'abdulazizali1977', 'mojuez', 'djebourtssm', 'ncasper', 'omar.gamal49', 'sfeck', 'yxcindyyang', 'ekenismail11', 'aethencam99', 'mbalingit', 'agodfre3', 'snfkrantk', 'ssardo', 'jsw009', 'mabullis', 'jrshearin', 'hok001', 'nlensky', 'wsu007', 'cbagon', 'owentsai', 'c4huynh', 'lkwe', 'emantoni', 'simasv187', 'ejfarrel', 'obed.acevedo', 'wang2444', 'c1hutchi', 'todacp', 'daheredi', 'a1carden', 'c9adams', 'hyan910', 'nlangley', 'semih.engun', 'sumeer', 'machao', 'ferdous2', 'nmech', 'scalzada1230', 'lnuckols', 'jingsk', 'abdullahhasan.buet', 'hp2111981', 'abhishek.mukherjee742', 'richard2333', 'nkrishnan', 'mdw012', 'dasales', 'leugrady', 'mam016', 'etroike', 'evangieson', 'akamodamilola', 'jtmarasc', 'mhasan19']"
3,113,146,14,5,"['cjbmi', 'knhgchen', 'kaybyrd', 'mojuez', 'haqi']",140,"['rahulmathsengg', 'ward.michael0356', 'lukea9', 'rxiao', 'miwalyffe', 'cyxiao', 'rohansoni', 'wparke14', 'jyrose', 'pgardo2', 'zhairape', 'drutstro', 'dvl006', 'htaige', 'joel86', 'aheimbro', 'pms003', 'dmelko', 'santuic', 'z471553149', 'sschwerzler', 'rtounesi', 'acohen3', 'zj780500', 'sepiakhbarifar', 'a5do', 'garychen9613', 'dober', 'hyhui', 'talebi.phy', 'ylzhu96', 'myliu', 'graghave', 'wcwei', 'asolomo6', 'yoc013', 'sabrinagcalzada', 'hannah_007', 'ryanhahaha', 'slwai', 'ichoi1', 'xwang163', 'jwainwri', 'berkan', 'qiangzhang', 'yfzhu95', 'olh20', 'hskipper', 'drokke', 'katesab', 'pabbasi', 'mlsolis', 'kskelil', 'fdmonge', 'navid1987', 'llindgre', 'csahin', 'carlsjr3', 'williamjiang95', 'alikorkmaz.fizik', 'tdorobek', 'bellehe', 'sbell41', '42aku', 'demos', 'saliniphy', 'cenxiaoquan', 'ccv002', 'chudgins', 'cjorgen2', 'ksisco', 'chh182', 'nzr', 'cdungca', 'tousif', 'jatreibe', 'zyroc1990', 'abdoali', 'mgarriso', 'mathanrk', 'y2zong', 'h3lei', 'atheori10', 'averylin3', 'salm77', 'abdulazizali1977', 'djebourtssm', 'ncasper', 'omar.gamal49', 'sfeck', 'yxcindyyang', 'ekenismail11', 'aethencam99', 'mbalingit', 'agodfre3', 'snfkrantk', 'ssardo', 'jsw009', 'mabullis', 'jrshearin', 'hok001', 'nlensky', 'wsu007', 'cbagon', 'owentsai', 'c4huynh', 'lkwe', 'emantoni', 'simasv187', 'ejfarrel', 'obed.acevedo', 'wang2444', 'c1hutchi', 'todacp', 'daheredi', 'a1carden', 'c9adams', 'hyan910', 'nlangley', 'semih.engun', 'sumeer', 'machao', 'ferdous2', 'nmech', 'scalzada1230', 'lnuckols', 'abdullahhasan.buet', 'hp2111981', 'abhishek.mukherjee742', 'richard2333', 'nkrishnan', 'mdw012', 'dasales', 'leugrady', 'mam016', 'etroike', 'evangieson', 'akamodamilola', 'jtmarasc', 'mhasan19']",9,"['bqperry', 'kthorn01', 'nboland', 'malhark', 'jonsun2019', 'jojoco', 'rishavc', 'mphilbri', None]",154,"['rahulmathsengg', 'ward.michael0356', 'lukea9', 'rxiao', 'miwalyffe', 'cyxiao', 'rohansoni', 'knhgchen', 'wparke14', 'jyrose', 'pgardo2', 'zhairape', 'drutstro', 'dvl006', 'htaige', 'joel86', 'aheimbro', 'pms003', 'dmelko', 'santuic', 'z471553149', 'sschwerzler', 'rtounesi', 'acohen3', 'zj780500', 'sepiakhbarifar', 'a5do', 'garychen9613', 'dober', 'hyhui', 'talebi.phy', 'ylzhu96', 'myliu', 'graghave', 'wcwei', 'asolomo6', 'yoc013', 'sabrinagcalzada', 'hannah_007', 'nboland', 'ryanhahaha', 'slwai', 'ichoi1', 'haqi', 'xwang163', 'jwainwri', 'berkan', 'qiangzhang', 'yfzhu95', 'olh20', 'hskipper', 'cjbmi', 'drokke', 'katesab', 'pabbasi', 'mlsolis', 'kskelil', 'fdmonge', 'navid1987', 'llindgre', 'csahin', 'carlsjr3', 'williamjiang95', 'alikorkmaz.fizik', 'tdorobek', 'kaybyrd', 'rishavc', 'bellehe', 'sbell41', '42aku', 'demos', 'saliniphy', 'cenxiaoquan', 'ccv002', 'chudgins', 'cjorgen2', 'ksisco', None, 'chh182', 'nzr', 'cdungca', 'tousif', 'jatreibe', 'zyroc1990', 'abdoali', 'mgarriso', 'mathanrk', 'y2zong', 'h3lei', 'atheori10', 'averylin3', 'salm77', 'abdulazizali1977', 'mojuez', 'djebourtssm', 'ncasper', 'omar.gamal49', 'sfeck', 'yxcindyyang', 'ekenismail11', 'aethencam99', 'mbalingit', 'agodfre3', 'snfkrantk', 'ssardo', 'jonsun2019', 'jsw009', 'mabullis', 'jrshearin', 'bqperry', 'hok001', 'nlensky', 'wsu007', 'cbagon', 'kthorn01', 'owentsai', 'c4huynh', 'malhark', 'lkwe', 'emantoni', 'simasv187', 'ejfarrel', 'obed.acevedo', 'wang2444', 'c1hutchi', 'todacp', 'daheredi', 'mphilbri', 'a1carden', 'c9adams', 'hyan910', 'nlangley', 'semih.engun', 'jojoco', 'sumeer', 'machao', 'ferdous2', 'nmech', 'scalzada1230', 'lnuckols', 'abdullahhasan.buet', 'hp2111981', 'abhishek.mukherjee742', 'richard2333', 'nkrishnan', 'mdw012', 'dasales', 'leugrady', 'mam016', 'etroike', 'evangieson', 'akamodamilola', 'jtmarasc', 'mhasan19']"
3,114,146,13,2,"['haqi', 'cjbmi']",143,"['rahulmathsengg', 'ward.michael0356', 'lukea9', 'rxiao', 'miwalyffe', 'cyxiao', 'rohansoni', 'knhgchen', 'wparke14', 'jyrose', 'pgardo2', 'zhairape', 'drutstro', 'dvl006', 'htaige', 'joel86', 'aheimbro', 'pms003', 'dmelko', 'santuic', 'z471553149', 'sschwerzler', 'rtounesi', 'acohen3', 'zj780500', 'sepiakhbarifar', 'a5do', 'garychen9613', 'dober', 'hyhui', 'talebi.phy', 'ylzhu96', 'myliu', 'graghave', 'wcwei', 'asolomo6', 'yoc013', 'sabrinagcalzada', 'hannah_007', 'ryanhahaha', 'slwai', 'ichoi1', 'xwang163', 'jwainwri', 'berkan', 'qiangzhang', 'yfzhu95', 'olh20', 'hskipper', 'drokke', 'katesab', 'pabbasi', 'mlsolis', 'kskelil', 'fdmonge', 'navid1987', 'llindgre', 'csahin', 'carlsjr3', 'williamjiang95', 'alikorkmaz.fizik', 'tdorobek', 'kaybyrd', 'bellehe', 'sbell41', '42aku', 'demos', 'saliniphy', 'cenxiaoquan', 'ccv002', 'chudgins', 'cjorgen2', 'ksisco', 'chh182', 'nzr', 'cdungca', 'tousif', 'jatreibe', 'zyroc1990', 'abdoali', 'mgarriso', 'mathanrk', 'y2zong', 'h3lei', 'atheori10', 'averylin3', 'salm77', 'abdulazizali1977', 'mojuez', 'djebourtssm', 'ncasper', 'omar.gamal49', 'sfeck', 'yxcindyyang', 'ekenismail11', 'aethencam99', 'mbalingit', 'agodfre3', 'snfkrantk', 'ssardo', 'jsw009', 'mabullis', 'jrshearin', 'hok001', 'nlensky', 'wsu007', 'cbagon', 'owentsai', 'c4huynh', 'lkwe', 'emantoni', 'simasv187', 'ejfarrel', 'obed.acevedo', 'wang2444', 'c1hutchi', 'todacp', 'daheredi', 'a1carden', 'c9adams', 'hyan910', 'nlangley', 'semih.engun', 'sumeer', 'machao', 'ferdous2', 'nmech', 'scalzada1230', 'lnuckols', 'abdullahhasan.buet', 'hp2111981', 'abhishek.mukherjee742', 'richard2333', 'nkrishnan', 'mdw012', 'dasales', 'leugrady', 'mam016', 'etroike', 'evangieson', 'akamodamilola', 'jtmarasc', 'mhasan19']",11,"['bqperry', 'maulbeck', 'nboland', 'malhark', 'jonsun2019', 'jojoco', 'leovall', 'rishavc', 'mphilbri', 'lerandc', None]",156,"['rahulmathsengg', 'ward.michael0356', 'lukea9', 'rxiao', 'miwalyffe', 'cyxiao', 'rohansoni', 'knhgchen', 'wparke14', 'jyrose', 'pgardo2', 'zhairape', 'drutstro', 'dvl006', 'htaige', 'joel86', 'aheimbro', 'pms003', 'dmelko', 'santuic', 'z471553149', 'sschwerzler', 'rtounesi', 'acohen3', 'zj780500', 'sepiakhbarifar', 'a5do', 'garychen9613', 'dober', 'hyhui', 'talebi.phy', 'ylzhu96', 'myliu', 'leovall', 'graghave', 'wcwei', 'asolomo6', 'yoc013', 'sabrinagcalzada', 'hannah_007', 'nboland', 'ryanhahaha', 'slwai', 'ichoi1', 'haqi', 'xwang163', 'jwainwri', 'berkan', 'qiangzhang', 'yfzhu95', 'olh20', 'hskipper', 'cjbmi', 'drokke', 'katesab', 'pabbasi', 'mlsolis', 'kskelil', 'fdmonge', 'navid1987', 'llindgre', 'csahin', 'carlsjr3', 'williamjiang95', 'alikorkmaz.fizik', 'tdorobek', 'kaybyrd', 'rishavc', 'bellehe', 'sbell41', '42aku', 'demos', 'saliniphy', 'cenxiaoquan', 'ccv002', 'chudgins', 'cjorgen2', 'ksisco', None, 'chh182', 'nzr', 'cdungca', 'tousif', 'jatreibe', 'zyroc1990', 'abdoali', 'mgarriso', 'mathanrk', 'y2zong', 'h3lei', 'atheori10', 'averylin3', 'salm77', 'abdulazizali1977', 'mojuez', 'djebourtssm', 'ncasper', 'omar.gamal49', 'sfeck', 'yxcindyyang', 'ekenismail11', 'aethencam99', 'mbalingit', 'agodfre3', 'snfkrantk', 'ssardo', 'jonsun2019', 'jsw009', 'mabullis', 'jrshearin', 'bqperry', 'hok001', 'nlensky', 'wsu007', 'cbagon', 'owentsai', 'c4huynh', 'malhark', 'lkwe', 'emantoni', 'simasv187', 'ejfarrel', 'obed.acevedo', 'wang2444', 'c1hutchi', 'maulbeck', 'todacp', 'daheredi', 'mphilbri', 'a1carden', 'c9adams', 'hyan910', 'nlangley', 'semih.engun', 'jojoco', 'sumeer', 'machao', 'ferdous2', 'nmech', 'scalzada1230', 'lnuckols', 'abdullahhasan.buet', 'lerandc', 'hp2111981', 'abhishek.mukherjee742', 'richard2333', 'nkrishnan', 'mdw012', 'dasales', 'leugrady', 'mam016', 'etroike', 'evangieson', 'akamodamilola', 'jtmarasc', 'mhasan19']"
3,118,146,13,5,"['alikorkmaz.fizik', 'miwalyffe', 'omar.gamal49', 'ekenismail11', 'berkan']",140,"['rahulmathsengg', 'ward.michael0356', 'lukea9', 'rxiao', 'cyxiao', 'rohansoni', 'knhgchen', 'wparke14', 'jyrose', 'pgardo2', 'zhairape', 'drutstro', 'dvl006', 'htaige', 'joel86', 'aheimbro', 'pms003', 'dmelko', 'santuic', 'z471553149', 'sschwerzler', 'rtounesi', 'acohen3', 'zj780500', 'sepiakhbarifar', 'a5do', 'garychen9613', 'dober', 'hyhui', 'talebi.phy', 'ylzhu96', 'myliu', 'graghave', 'wcwei', 'asolomo6', 'yoc013', 'sabrinagcalzada', 'hannah_007', 'ryanhahaha', 'slwai', 'ichoi1', 'haqi', 'xwang163', 'jwainwri', 'qiangzhang', 'yfzhu95', 'olh20', 'hskipper', 'cjbmi', 'drokke', 'katesab', 'pabbasi', 'mlsolis', 'kskelil', 'fdmonge', 'navid1987', 'llindgre', 'csahin', 'carlsjr3', 'williamjiang95', 'tdorobek', 'kaybyrd', 'bellehe', 'sbell41', '42aku', 'demos', 'saliniphy', 'cenxiaoquan', 'ccv002', 'chudgins', 'cjorgen2', 'ksisco', 'chh182', 'nzr', 'cdungca', 'tousif', 'jatreibe', 'zyroc1990', 'abdoali', 'mgarriso', 'mathanrk', 'y2zong', 'h3lei', 'atheori10', 'averylin3', 'salm77', 'abdulazizali1977', 'mojuez', 'djebourtssm', 'ncasper', 'sfeck', 'yxcindyyang', 'aethencam99', 'mbalingit', 'agodfre3', 'snfkrantk', 'ssardo', 'jsw009', 'mabullis', 'jrshearin', 'hok001', 'nlensky', 'wsu007', 'cbagon', 'owentsai', 'c4huynh', 'lkwe', 'emantoni', 'simasv187', 'ejfarrel', 'obed.acevedo', 'wang2444', 'c1hutchi', 'todacp', 'daheredi', 'a1carden', 'c9adams', 'hyan910', 'nlangley', 'semih.engun', 'sumeer', 'machao', 'ferdous2', 'nmech', 'scalzada1230', 'lnuckols', 'abdullahhasan.buet', 'hp2111981', 'abhishek.mukherjee742', 'richard2333', 'nkrishnan', 'mdw012', 'dasales', 'leugrady', 'mam016', 'etroike', 'evangieson', 'akamodamilola', 'jtmarasc', 'mhasan19']",8,"['emrenbi12', 'ridhiwan', 'dbyildiz', 'nijat', 'gizem.ozcan093', 'handetoffoli', 'selemenizam', None]",153,"['rahulmathsengg', 'ward.michael0356', 'lukea9', 'rxiao', 'miwalyffe', 'cyxiao', 'rohansoni', 'knhgchen', 'wparke14', 'jyrose', 'pgardo2', 'zhairape', 'drutstro', 'dvl006', 'htaige', 'ridhiwan', 'joel86', 'aheimbro', 'pms003', 'dmelko', 'santuic', 'z471553149', 'sschwerzler', 'rtounesi', 'acohen3', 'zj780500', 'sepiakhbarifar', 'a5do', 'garychen9613', 'dober', 'hyhui', 'talebi.phy', 'ylzhu96', 'myliu', 'graghave', 'wcwei', 'asolomo6', 'yoc013', 'sabrinagcalzada', 'hannah_007', 'ryanhahaha', 'slwai', 'ichoi1', 'haqi', 'xwang163', 'jwainwri', 'berkan', 'qiangzhang', 'yfzhu95', 'olh20', 'hskipper', 'cjbmi', 'drokke', 'katesab', 'pabbasi', 'mlsolis', 'kskelil', 'fdmonge', 'navid1987', 'llindgre', 'csahin', 'carlsjr3', 'williamjiang95', 'handetoffoli', 'selemenizam', 'emrenbi12', 'alikorkmaz.fizik', 'tdorobek', 'kaybyrd', 'bellehe', 'sbell41', '42aku', 'demos', 'saliniphy', 'cenxiaoquan', 'ccv002', 'chudgins', 'cjorgen2', 'ksisco', None, 'chh182', 'nzr', 'cdungca', 'tousif', 'jatreibe', 'zyroc1990', 'abdoali', 'mgarriso', 'mathanrk', 'y2zong', 'h3lei', 'atheori10', 'averylin3', 'salm77', 'abdulazizali1977', 'mojuez', 'djebourtssm', 'ncasper', 'omar.gamal49', 'sfeck', 'yxcindyyang', 'ekenismail11', 'aethencam99', 'mbalingit', 'agodfre3', 'snfkrantk', 'ssardo', 'jsw009', 'mabullis', 'jrshearin', 'hok001', 'nlensky', 'wsu007', 'cbagon', 'owentsai', 'c4huynh', 'lkwe', 'emantoni', 'simasv187', 'ejfarrel', 'obed.acevedo', 'wang2444', 'c1hutchi', 'todacp', 'daheredi', 'a1carden', 'c9adams', 'hyan910', 'nlangley', 'semih.engun', 'gizem.ozcan093', 'sumeer', 'machao', 'ferdous2', 'nmech', 'scalzada1230', 'lnuckols', 'abdullahhasan.buet', 'dbyildiz', 'nijat', 'hp2111981', 'abhishek.mukherjee742', 'richard2333', 'nkrishnan', 'mdw012', 'dasales', 'leugrady', 'mam016', 'etroike', 'evangieson', 'akamodamilola', 'jtmarasc', 'mhasan19']"
3,242,146,8,2,"['mojuez', 'cjbmi']",143,"['rahulmathsengg', 'ward.michael0356', 'lukea9', 'rxiao', 'miwalyffe', 'cyxiao', 'rohansoni', 'knhgchen', 'wparke14', 'jyrose', 'pgardo2', 'zhairape', 'drutstro', 'dvl006', 'htaige', 'joel86', 'aheimbro', 'pms003', 'dmelko', 'santuic', 'z471553149', 'sschwerzler', 'rtounesi', 'acohen3', 'zj780500', 'sepiakhbarifar', 'a5do', 'garychen9613', 'dober', 'hyhui', 'talebi.phy', 'ylzhu96', 'myliu', 'graghave', 'wcwei', 'asolomo6', 'yoc013', 'sabrinagcalzada', 'hannah_007', 'ryanhahaha', 'slwai', 'ichoi1', 'haqi', 'xwang163', 'jwainwri', 'berkan', 'qiangzhang', 'yfzhu95', 'olh20', 'hskipper', 'drokke', 'katesab', 'pabbasi', 'mlsolis', 'kskelil', 'fdmonge', 'navid1987', 'llindgre', 'csahin', 'carlsjr3', 'williamjiang95', 'alikorkmaz.fizik', 'tdorobek', 'kaybyrd', 'bellehe', 'sbell41', '42aku', 'demos', 'saliniphy', 'cenxiaoquan', 'ccv002', 'chudgins', 'cjorgen2', 'ksisco', 'chh182', 'nzr', 'cdungca', 'tousif', 'jatreibe', 'zyroc1990', 'abdoali', 'mgarriso', 'mathanrk', 'y2zong', 'h3lei', 'atheori10', 'averylin3', 'salm77', 'abdulazizali1977', 'djebourtssm', 'ncasper', 'omar.gamal49', 'sfeck', 'yxcindyyang', 'ekenismail11', 'aethencam99', 'mbalingit', 'agodfre3', 'snfkrantk', 'ssardo', 'jsw009', 'mabullis', 'jrshearin', 'hok001', 'nlensky', 'wsu007', 'cbagon', 'owentsai', 'c4huynh', 'lkwe', 'emantoni', 'simasv187', 'ejfarrel', 'obed.acevedo', 'wang2444', 'c1hutchi', 'todacp', 'daheredi', 'a1carden', 'c9adams', 'hyan910', 'nlangley', 'semih.engun', 'sumeer', 'machao', 'ferdous2', 'nmech', 'scalzada1230', 'lnuckols', 'abdullahhasan.buet', 'hp2111981', 'abhishek.mukherjee742', 'richard2333', 'nkrishnan', 'mdw012', 'dasales', 'leugrady', 'mam016', 'etroike', 'evangieson', 'akamodamilola', 'jtmarasc', 'mhasan19']",6,"['bqperry', 'nboland', 'jonsun2019', 'jojoco', 'mphilbri', None]",151,"['rahulmathsengg', 'ward.michael0356', 'lukea9', 'rxiao', 'miwalyffe', 'cyxiao', 'rohansoni', 'knhgchen', 'wparke14', 'jyrose', 'pgardo2', 'zhairape', 'drutstro', 'dvl006', 'htaige', 'joel86', 'aheimbro', 'pms003', 'dmelko', 'santuic', 'z471553149', 'sschwerzler', 'rtounesi', 'acohen3', 'zj780500', 'sepiakhbarifar', 'a5do', 'garychen9613', 'dober', 'hyhui', 'talebi.phy', 'ylzhu96', 'myliu', 'graghave', 'wcwei', 'asolomo6', 'yoc013', 'sabrinagcalzada', 'hannah_007', 'nboland', 'ryanhahaha', 'slwai', 'ichoi1', 'haqi', 'xwang163', 'jwainwri', 'berkan', 'qiangzhang', 'yfzhu95', 'olh20', 'hskipper', 'cjbmi', 'drokke', 'katesab', 'pabbasi', 'mlsolis', 'kskelil', 'fdmonge', 'navid1987', 'llindgre', 'csahin', 'carlsjr3', 'williamjiang95', 'alikorkmaz.fizik', 'tdorobek', 'kaybyrd', 'bellehe', 'sbell41', '42aku', 'demos', 'saliniphy', 'cenxiaoquan', 'ccv002', 'chudgins', 'cjorgen2', 'ksisco', None, 'chh182', 'nzr', 'cdungca', 'tousif', 'jatreibe', 'zyroc1990', 'abdoali', 'mgarriso', 'mathanrk', 'y2zong', 'h3lei', 'atheori10', 'averylin3', 'salm77', 'abdulazizali1977', 'mojuez', 'djebourtssm', 'ncasper', 'omar.gamal49', 'sfeck', 'yxcindyyang', 'ekenismail11', 'aethencam99', 'mbalingit', 'agodfre3', 'snfkrantk', 'ssardo', 'jonsun2019', 'jsw009', 'mabullis', 'jrshearin', 'bqperry', 'hok001', 'nlensky', 'wsu007', 'cbagon', 'owentsai', 'c4huynh', 'lkwe', 'emantoni', 'simasv187', 'ejfarrel', 'obed.acevedo', 'wang2444', 'c1hutchi', 'todacp', 'daheredi', 'mphilbri', 'a1carden', 'c9adams', 'hyan910', 'nlangley', 'semih.engun', 'jojoco', 'sumeer', 'machao', 'ferdous2', 'nmech', 'scalzada1230', 'lnuckols', 'abdullahhasan.buet', 'hp2111981', 'abhishek.mukherjee742', 'richard2333', 'nkrishnan', 'mdw012', 'dasales', 'leugrady', 'mam016', 'etroike', 'evangieson', 'akamodamilola', 'jtmarasc', 'mhasan19']"
3,116,146,7,4,"['miwalyffe', 'ekenismail11', 'omar.gamal49', 'alikorkmaz.fizik']",141,"['rahulmathsengg', 'ward.michael0356', 'lukea9', 'rxiao', 'cyxiao', 'rohansoni', 'knhgchen', 'wparke14', 'jyrose', 'pgardo2', 'zhairape', 'drutstro', 'dvl006', 'htaige', 'joel86', 'aheimbro', 'pms003', 'dmelko', 'santuic', 'z471553149', 'sschwerzler', 'rtounesi', 'acohen3', 'zj780500', 'sepiakhbarifar', 'a5do', 'garychen9613', 'dober', 'hyhui', 'talebi.phy', 'ylzhu96', 'myliu', 'graghave', 'wcwei', 'asolomo6', 'yoc013', 'sabrinagcalzada', 'hannah_007', 'ryanhahaha', 'slwai', 'ichoi1', 'haqi', 'xwang163', 'jwainwri', 'berkan', 'qiangzhang', 'yfzhu95', 'olh20', 'hskipper', 'cjbmi', 'drokke', 'katesab', 'pabbasi', 'mlsolis', 'kskelil', 'fdmonge', 'navid1987', 'llindgre', 'csahin', 'carlsjr3', 'williamjiang95', 'tdorobek', 'kaybyrd', 'bellehe', 'sbell41', '42aku', 'demos', 'saliniphy', 'cenxiaoquan', 'ccv002', 'chudgins', 'cjorgen2', 'ksisco', 'chh182', 'nzr', 'cdungca', 'tousif', 'jatreibe', 'zyroc1990', 'abdoali', 'mgarriso', 'mathanrk', 'y2zong', 'h3lei', 'atheori10', 'averylin3', 'salm77', 'abdulazizali1977', 'mojuez', 'djebourtssm', 'ncasper', 'sfeck', 'yxcindyyang', 'aethencam99', 'mbalingit', 'agodfre3', 'snfkrantk', 'ssardo', 'jsw009', 'mabullis', 'jrshearin', 'hok001', 'nlensky', 'wsu007', 'cbagon', 'owentsai', 'c4huynh', 'lkwe', 'emantoni', 'simasv187', 'ejfarrel', 'obed.acevedo', 'wang2444', 'c1hutchi', 'todacp', 'daheredi', 'a1carden', 'c9adams', 'hyan910', 'nlangley', 'semih.engun', 'sumeer', 'machao', 'ferdous2', 'nmech', 'scalzada1230', 'lnuckols', 'abdullahhasan.buet', 'hp2111981', 'abhishek.mukherjee742', 'richard2333', 'nkrishnan', 'mdw012', 'dasales', 'leugrady', 'mam016', 'etroike', 'evangieson', 'akamodamilola', 'jtmarasc', 'mhasan19']",3,"['handetoffoli', 'selemenizam', None]",148,"['rahulmathsengg', 'ward.michael0356', 'lukea9', 'rxiao', 'miwalyffe', 'cyxiao', 'rohansoni', 'knhgchen', 'wparke14', 'jyrose', 'pgardo2', 'zhairape', 'drutstro', 'dvl006', 'htaige', 'joel86', 'aheimbro', 'pms003', 'dmelko', 'santuic', 'z471553149', 'sschwerzler', 'rtounesi', 'acohen3', 'zj780500', 'sepiakhbarifar', 'a5do', 'garychen9613', 'dober', 'hyhui', 'talebi.phy', 'ylzhu96', 'myliu', 'graghave', 'wcwei', 'asolomo6', 'yoc013', 'sabrinagcalzada', 'hannah_007', 'ryanhahaha', 'slwai', 'ichoi1', 'haqi', 'xwang163', 'jwainwri', 'berkan', 'qiangzhang', 'yfzhu95', 'olh20', 'hskipper', 'cjbmi', 'drokke', 'katesab', 'pabbasi', 'mlsolis', 'kskelil', 'fdmonge', 'navid1987', 'llindgre', 'csahin', 'carlsjr3', 'williamjiang95', 'handetoffoli', 'selemenizam', 'alikorkmaz.fizik', 'tdorobek', 'kaybyrd', 'bellehe', 'sbell41', '42aku', 'demos', 'saliniphy', 'cenxiaoquan', 'ccv002', 'chudgins', 'cjorgen2', 'ksisco', None, 'chh182', 'nzr', 'cdungca', 'tousif', 'jatreibe', 'zyroc1990', 'abdoali', 'mgarriso', 'mathanrk', 'y2zong', 'h3lei', 'atheori10', 'averylin3', 'salm77', 'abdulazizali1977', 'mojuez', 'djebourtssm', 'ncasper', 'omar.gamal49', 'sfeck', 'yxcindyyang', 'ekenismail11', 'aethencam99', 'mbalingit', 'agodfre3', 'snfkrantk', 'ssardo', 'jsw009', 'mabullis', 'jrshearin', 'hok001', 'nlensky', 'wsu007', 'cbagon', 'owentsai', 'c4huynh', 'lkwe', 'emantoni', 'simasv187', 'ejfarrel', 'obed.acevedo', 'wang2444', 'c1hutchi', 'todacp', 'daheredi', 'a1carden', 'c9adams', 'hyan910', 'nlangley', 'semih.engun', 'sumeer', 'machao', 'ferdous2', 'nmech', 'scalzada1230', 'lnuckols', 'abdullahhasan.buet', 'hp2111981', 'abhishek.mukherjee742', 'richard2333', 'nkrishnan', 'mdw012', 'dasales', 'leugrady', 'mam016', 'etroike', 'evangieson', 'akamodamilola', 'jtmarasc', 'mhasan19']"
4,81,125,63,53,"['balla101', 'hinke037', 'mcnul049', 'chant072', 'warmu017', 'sethmayer9', 'toeni016', 'rubio037', 'rough009', 'beggs024', 'vuxxx291', 'paule076', 'mukon004', 'wu000427', 'bomba023', 'thaiduoiuoi', 'mcdon898', 'ofori029', 'wulff047', 'tophe003', 'linvi017', 'hollx047', 'terre101', 'timmo074', 'westr140', 'mollx058', 'moham987', 'hirad004', 'coelh025', 'benni057', 'joh13596', 'hargi030', 'nicol190', 'liux4408', 'bunze002', 'billm038', 'segne010', 'jorge526', 'tarpe006', 'chan1488', 'homan030', 'mill7190', 'sun00248', 'wolse007', 'zeien010', 'merci046', 'guiga004', 'almas025', 'arman018', 'hoytx117', 'bichx002', 'beltm006', 'poh00001']",71,"['robo2', 'sebastianbeto2015', 'raulemg', 'ca.espitiaa0516', 'amtellez', 'mosi6887', 'poojak18394', 'viveksikarwar031', 'ivandavidperez4', 'agoldb5', 'jacharje', 'brewe070', 'edgarivan82', 'chen5296', 'eric8he', 'tapishmeshram331', 'anujkr_scholar19', 'tomasrubiano', 'jvandenbroecke', 'ghutchis', 'laladgg', 'lauraldana18', 'bclenzen', 'iwelland', 'adam.muin.nasr', 'abh1shek', 'gholveprasad.pg', 'stephanielorena2000', 'aiskelb', 'rpretzer', 'austere', 'g_27182818', 'ashmisaikia2', 'aualzahrani', 'santmc98', 'tushartripathi', 'camdenj', 'im.sarmiento', 'ma7nq', 'naveenganesh04', 'omkar.phadke.op', 'jennyreece120', 'spadino', 'rickytorres05', 'kendalhiatt', 'felgoja99', 'kosoglazayamadonna', 'anandmodi169', 'hl13', 'rodhervan', 'mintyfreshness', 'akshay123147', 'sattam11', 'jairoaam', 'u1182990', 'mahdi.safari.iust', 'la.avendano10', 'ayushranjan445', 'xiantao.li', 'viveksikarwar0014', 'csjoshi3', 'raveesh', 'nishantsaurabh706', 'xilinzhousimit', 'ja.perezb', 'mjjenq', 'davidsalcedo2000', 'jvilla69', 'pratishagangwar', 'mr.mantri', 'jfcampuzanoz']",10,"['sswisher', 'bable016', 'ferna408', 'tran0660', 'nanobrass', 'cruzl002', 'khanx326', None, 'choix787', 'bui00011']",134,"['robo2', 'mcnul049', 'chant072', 'poojak18394', 'sethmayer9', 'beggs024', 'chen5296', 'wu000427', 'anujkr_scholar19', 'wulff047', 'abh1shek', 'rpretzer', 'timmo074', 'westr140', 'moham987', 'ma7nq', 'naveenganesh04', 'hargi030', 'billm038', 'segne010', 'anandmodi169', 'tarpe006', 'homan030', 'sun00248', 'zeien010', 'guiga004', 'hoytx117', 'arman018', 'xilinzhousimit', 'ja.perezb', 'mjjenq', 'beltm006', 'jvilla69', 'mr.mantri', 'jfcampuzanoz', 'bui00011', 'hinke037', 'raulemg', 'viveksikarwar031', 'rubio037', 'agoldb5', 'tomasrubiano', 'thaiduoiuoi', 'laladgg', 'iwelland', 'adam.muin.nasr', 'tophe003', 'austere', 'g_27182818', 'aualzahrani', 'im.sarmiento', 'sswisher', 'joh13596', 'bable016', 'jorge526', 'khanx326', 'hl13', 'mintyfreshness', 'sattam11', 'jairoaam', 'mahdi.safari.iust', None, 'la.avendano10', 'merci046', 'almas025', 'csjoshi3', 'nishantsaurabh706', 'pratishagangwar', 'sebastianbeto2015', 'ca.espitiaa0516', 'warmu017', 'mosi6887', 'ivandavidperez4', 'brewe070', 'vuxxx291', 'paule076', 'tapishmeshram331', 'ghutchis', 'bomba023', 'mcdon898', 'gholveprasad.pg', 'stephanielorena2000', 'aiskelb', 'choix787', 'hollx047', 'mollx058', 'camdenj', 'benni057', 'liux4408', 'bunze002', 'rickytorres05', 'kendalhiatt', 'rodhervan', 'chan1488', 'u1182990', 'wolse007', 'ayushranjan445', 'xiantao.li', 'viveksikarwar0014', 'ashmisaikia2', 'balla101', 'amtellez', 'ferna408', 'nanobrass', 'rough009', 'jacharje', 'toeni016', 'edgarivan82', 'mukon004', 'eric8he', 'jvandenbroecke', 'lauraldana18', 'bclenzen', 'ofori029', 'linvi017', 'terre101', 'santmc98', 'tushartripathi', 'hirad004', 'coelh025', 'nicol190', 'omkar.phadke.op', 'jennyreece120', 'tran0660', 'spadino', 'felgoja99', 'kosoglazayamadonna', 'akshay123147', 'mill7190', 'cruzl002', 'raveesh', 'bichx002', 'davidsalcedo2000', 'poh00001']"
4,74,125,31,12,"['naveenganesh04', 'ayushranjan445', 'gholveprasad.pg', 'poojak18394', 'raveesh', 'nishantsaurabh706', 'anandmodi169', 'akshay123147', 'tapishmeshram331', 'tushartripathi', 'mr.mantri', 'ashmisaikia2']",112,"['robo2', 'mcnul049', 'chant072', 'sethmayer9', 'beggs024', 'chen5296', 'wu000427', 'anujkr_scholar19', 'wulff047', 'abh1shek', 'rpretzer', 'timmo074', 'westr140', 'moham987', 'ma7nq', 'hargi030', 'billm038', 'segne010', 'tarpe006', 'homan030', 'sun00248', 'zeien010', 'guiga004', 'hoytx117', 'arman018', 'xilinzhousimit', 'ja.perezb', 'mjjenq', 'jvilla69', 'beltm006', 'jfcampuzanoz', 'hinke037', 'raulemg', 'viveksikarwar031', 'rubio037', 'agoldb5', 'tomasrubiano', 'thaiduoiuoi', 'laladgg', 'iwelland', 'adam.muin.nasr', 'tophe003', 'austere', 'g_27182818', 'aualzahrani', 'im.sarmiento', 'joh13596', 'jorge526', 'hl13', 'mintyfreshness', 'sattam11', 'jairoaam', 'mahdi.safari.iust', 'la.avendano10', 'merci046', 'almas025', 'csjoshi3', 'pratishagangwar', 'sebastianbeto2015', 'ca.espitiaa0516', 'warmu017', 'mosi6887', 'ivandavidperez4', 'brewe070', 'vuxxx291', 'paule076', 'ghutchis', 'bomba023', 'mcdon898', 'stephanielorena2000', 'aiskelb', 'hollx047', 'mollx058', 'camdenj', 'benni057', 'liux4408', 'bunze002', 'rickytorres05', 'kendalhiatt', 'rodhervan', 'chan1488', 'u1182990', 'wolse007', 'xiantao.li', 'viveksikarwar0014', 'balla101', 'amtellez', 'rough009', 'jacharje', 'toeni016', 'edgarivan82', 'mukon004', 'eric8he', 'jvandenbroecke', 'lauraldana18', 'bclenzen', 'ofori029', 'linvi017', 'terre101', 'santmc98', 'hirad004', 'coelh025', 'nicol190', 'omkar.phadke.op', 'jennyreece120', 'spadino', 'felgoja99', 'kosoglazayamadonna', 'mill7190', 'bichx002', 'davidsalcedo2000', 'poh00001']",19,"['devensu', 'indronil94', 'ashwinrgondane', 'aakadam', 'heston', 'achalapa', 'bazila123', 'saurabh8r', 'anilkg123', 'kiran14427', 'bhargavrbk1', 'othorat040', None, 'vinod003', 'surya57', 'abhik0911', 'jayjadhav', 'prabhanshu28', 'jigyat']",143,"['robo2', 'mcnul049', 'chant072', 'poojak18394', 'sethmayer9', 'beggs024', 'chen5296', 'wu000427', 'anujkr_scholar19', 'heston', 'wulff047', 'abh1shek', 'rpretzer', 'timmo074', 'kiran14427', 'westr140', 'moham987', 'ma7nq', 'naveenganesh04', 'hargi030', 'billm038', 'segne010', 'anandmodi169', 'tarpe006', 'homan030', 'sun00248', 'surya57', 'abhik0911', 'zeien010', 'guiga004', 'hoytx117', 'arman018', 'xilinzhousimit', 'ja.perezb', 'jayjadhav', 'mjjenq', 'prabhanshu28', 'beltm006', 'jvilla69', 'mr.mantri', 'jfcampuzanoz', 'hinke037', 'raulemg', 'indronil94', 'viveksikarwar031', 'rubio037', 'agoldb5', 'tomasrubiano', 'thaiduoiuoi', 'laladgg', 'iwelland', 'adam.muin.nasr', 'achalapa', 'tophe003', 'bazila123', 'austere', 'g_27182818', 'aualzahrani', 'im.sarmiento', 'joh13596', 'bhargavrbk1', 'jorge526', 'hl13', 'mintyfreshness', 'sattam11', 'jairoaam', 'mahdi.safari.iust', None, 'la.avendano10', 'merci046', 'almas025', 'csjoshi3', 'nishantsaurabh706', 'pratishagangwar', 'sebastianbeto2015', 'ca.espitiaa0516', 'warmu017', 'mosi6887', 'ivandavidperez4', 'brewe070', 'vuxxx291', 'paule076', 'ashwinrgondane', 'tapishmeshram331', 'ghutchis', 'bomba023', 'mcdon898', 'gholveprasad.pg', 'stephanielorena2000', 'aiskelb', 'hollx047', 'anilkg123', 'mollx058', 'camdenj', 'benni057', 'liux4408', 'bunze002', 'rickytorres05', 'kendalhiatt', 'othorat040', 'rodhervan', 'chan1488', 'u1182990', 'wolse007', 'ayushranjan445', 'xiantao.li', 'viveksikarwar0014', 'ashmisaikia2', 'jigyat', 'balla101', 'amtellez', 'devensu', 'rough009', 'jacharje', 'toeni016', 'edgarivan82', 'mukon004', 'eric8he', 'aakadam', 'jvandenbroecke', 'lauraldana18', 'bclenzen', 'ofori029', 'linvi017', 'saurabh8r', 'terre101', 'santmc98', 'tushartripathi', 'hirad004', 'coelh025', 'nicol190', 'omkar.phadke.op', 'jennyreece120', 'spadino', 'felgoja99', 'kosoglazayamadonna', 'akshay123147', 'mill7190', 'vinod003', 'raveesh', 'bichx002', 'davidsalcedo2000', 'poh00001']"
4,76,125,22,16,"['ca.espitiaa0516', 'sebastianbeto2015', 'amtellez', 'laladgg', 'lauraldana18', 'im.sarmiento', 'la.avendano10', 'ivandavidperez4', 'rodhervan', 'edgarivan82', 'g_27182818', 'ja.perezb', 'jairoaam', 'davidsalcedo2000', 'tomasrubiano', 'jfcampuzanoz']",108,"['robo2', 'mcnul049', 'chant072', 'warmu017', 'poojak18394', 'sethmayer9', 'beggs024', 'mosi6887', 'brewe070', 'poh00001', 'vuxxx291', 'paule076', 'chen5296', 'wu000427', 'anujkr_scholar19', 'tapishmeshram331', 'ghutchis', 'bomba023', 'mcdon898', 'wulff047', 'abh1shek', 'gholveprasad.pg', 'stephanielorena2000', 'aiskelb', 'rpretzer', 'hollx047', 'timmo074', 'westr140', 'mollx058', 'moham987', 'camdenj', 'ma7nq', 'naveenganesh04', 'benni057', 'hargi030', 'liux4408', 'bunze002', 'billm038', 'segne010', 'rickytorres05', 'kendalhiatt', 'anandmodi169', 'tarpe006', 'chan1488', 'homan030', 'u1182990', 'sun00248', 'wolse007', 'ayushranjan445', 'xiantao.li', 'viveksikarwar0014', 'zeien010', 'guiga004', 'hoytx117', 'arman018', 'xilinzhousimit', 'mjjenq', 'beltm006', 'jvilla69', 'mr.mantri', 'ashmisaikia2', 'balla101', 'hinke037', 'raulemg', 'viveksikarwar031', 'rubio037', 'agoldb5', 'rough009', 'jacharje', 'toeni016', 'mukon004', 'eric8he', 'jvandenbroecke', 'thaiduoiuoi', 'bclenzen', 'iwelland', 'ofori029', 'adam.muin.nasr', 'tophe003', 'linvi017', 'austere', 'aualzahrani', 'terre101', 'santmc98', 'tushartripathi', 'hirad004', 'coelh025', 'joh13596', 'nicol190', 'omkar.phadke.op', 'jennyreece120', 'spadino', 'jorge526', 'felgoja99', 'hl13', 'kosoglazayamadonna', 'mintyfreshness', 'akshay123147', 'sattam11', 'mill7190', 'mahdi.safari.iust', 'merci046', 'almas025', 'csjoshi3', 'raveesh', 'nishantsaurabh706', 'bichx002', 'pratishagangwar']",6,"['nicolasnieto08', 'izuletaelles', 'vargaspanesso', 'davidpalacio99', None, 'npava55']",130,"['robo2', 'mcnul049', 'sebastianbeto2015', 'ca.espitiaa0516', 'chant072', 'warmu017', 'poojak18394', 'sethmayer9', 'beggs024', 'mosi6887', 'ivandavidperez4', 'brewe070', 'poh00001', 'vuxxx291', 'paule076', 'chen5296', 'wu000427', 'anujkr_scholar19', 'tapishmeshram331', 'ghutchis', 'bomba023', 'mcdon898', 'wulff047', 'abh1shek', 'gholveprasad.pg', 'stephanielorena2000', 'aiskelb', 'rpretzer', 'hollx047', 'timmo074', 'westr140', 'mollx058', 'moham987', 'camdenj', 'ma7nq', 'naveenganesh04', 'benni057', 'hargi030', 'liux4408', 'nicolasnieto08', 'bunze002', 'billm038', 'segne010', 'rickytorres05', 'kendalhiatt', 'anandmodi169', 'tarpe006', 'rodhervan', 'chan1488', 'homan030', 'u1182990', 'sun00248', 'wolse007', 'ayushranjan445', 'xiantao.li', 'viveksikarwar0014', 'zeien010', 'guiga004', 'hoytx117', 'arman018', 'xilinzhousimit', 'ja.perezb', 'mjjenq', 'beltm006', 'jvilla69', 'mr.mantri', 'jfcampuzanoz', 'ashmisaikia2', 'balla101', 'hinke037', 'raulemg', 'amtellez', 'izuletaelles', 'viveksikarwar031', 'rubio037', 'agoldb5', 'rough009', 'jacharje', 'toeni016', 'edgarivan82', 'mukon004', 'eric8he', 'davidpalacio99', 'tomasrubiano', 'jvandenbroecke', 'thaiduoiuoi', 'laladgg', 'lauraldana18', 'bclenzen', 'iwelland', 'ofori029', 'adam.muin.nasr', 'tophe003', 'linvi017', 'austere', 'g_27182818', 'aualzahrani', 'terre101', 'santmc98', 'tushartripathi', 'npava55', 'hirad004', 'coelh025', 'im.sarmiento', 'joh13596', 'nicol190', 'omkar.phadke.op', 'jennyreece120', 'spadino', 'jorge526', 'felgoja99', 'hl13', 'kosoglazayamadonna', 'mintyfreshness', 'akshay123147', 'sattam11', 'jairoaam', 'mill7190', 'mahdi.safari.iust', None, 'la.avendano10', 'vargaspanesso', 'merci046', 'almas025', 'csjoshi3', 'raveesh', 'nishantsaurabh706', 'bichx002', 'davidsalcedo2000', 'pratishagangwar']"
4,79,125,19,15,"['ayushranjan445', 'viveksikarwar0014', 'omkar.phadke.op', 'tushartripathi', 'gholveprasad.pg', 'poojak18394', 'viveksikarwar031', 'raveesh', 'nishantsaurabh706', 'anandmodi169', 'akshay123147', 'tapishmeshram331', 'anujkr_scholar19', 'mr.mantri', 'ashmisaikia2']",109,"['robo2', 'mcnul049', 'sebastianbeto2015', 'ca.espitiaa0516', 'chant072', 'warmu017', 'sethmayer9', 'beggs024', 'mosi6887', 'ivandavidperez4', 'brewe070', 'poh00001', 'vuxxx291', 'paule076', 'chen5296', 'wu000427', 'ghutchis', 'bomba023', 'mcdon898', 'wulff047', 'abh1shek', 'stephanielorena2000', 'aiskelb', 'rpretzer', 'hollx047', 'timmo074', 'westr140', 'mollx058', 'moham987', 'camdenj', 'ma7nq', 'naveenganesh04', 'benni057', 'hargi030', 'liux4408', 'bunze002', 'billm038', 'segne010', 'rickytorres05', 'kendalhiatt', 'tarpe006', 'rodhervan', 'chan1488', 'homan030', 'u1182990', 'sun00248', 'wolse007', 'xiantao.li', 'zeien010', 'guiga004', 'hoytx117', 'arman018', 'xilinzhousimit', 'ja.perezb', 'mjjenq', 'beltm006', 'jvilla69', 'jfcampuzanoz', 'balla101', 'hinke037', 'raulemg', 'amtellez', 'rubio037', 'agoldb5', 'rough009', 'jacharje', 'toeni016', 'edgarivan82', 'mukon004', 'eric8he', 'tomasrubiano', 'jvandenbroecke', 'thaiduoiuoi', 'laladgg', 'lauraldana18', 'bclenzen', 'iwelland', 'ofori029', 'adam.muin.nasr', 'tophe003', 'linvi017', 'austere', 'g_27182818', 'aualzahrani', 'terre101', 'santmc98', 'hirad004', 'coelh025', 'im.sarmiento', 'joh13596', 'nicol190', 'jennyreece120', 'spadino', 'jorge526', 'felgoja99', 'hl13', 'kosoglazayamadonna', 'mintyfreshness', 'sattam11', 'jairoaam', 'mill7190', 'mahdi.safari.iust', 'la.avendano10', 'merci046', 'almas025', 'csjoshi3', 'bichx002', 'davidsalcedo2000', 'pratishagangwar']",4,"['abhishekumar5793', 'kancharlavishnu53', 'vivekanandd448', None]",128,"['robo2', 'mcnul049', 'sebastianbeto2015', 'ca.espitiaa0516', 'chant072', 'warmu017', 'poojak18394', 'sethmayer9', 'beggs024', 'mosi6887', 'ivandavidperez4', 'brewe070', 'poh00001', 'vuxxx291', 'paule076', 'chen5296', 'wu000427', 'anujkr_scholar19', 'tapishmeshram331', 'ghutchis', 'bomba023', 'mcdon898', 'wulff047', 'abh1shek', 'gholveprasad.pg', 'stephanielorena2000', 'aiskelb', 'rpretzer', 'hollx047', 'timmo074', 'kancharlavishnu53', 'westr140', 'mollx058', 'moham987', 'camdenj', 'ma7nq', 'naveenganesh04', 'benni057', 'hargi030', 'liux4408', 'bunze002', 'billm038', 'segne010', 'rickytorres05', 'kendalhiatt', 'anandmodi169', 'tarpe006', 'rodhervan', 'chan1488', 'homan030', 'u1182990', 'sun00248', 'wolse007', 'ayushranjan445', 'xiantao.li', 'viveksikarwar0014', 'zeien010', 'guiga004', 'hoytx117', 'arman018', 'xilinzhousimit', 'ja.perezb', 'mjjenq', 'beltm006', 'jvilla69', 'mr.mantri', 'jfcampuzanoz', 'ashmisaikia2', 'balla101', 'hinke037', 'raulemg', 'amtellez', 'viveksikarwar031', 'rubio037', 'agoldb5', 'rough009', 'jacharje', 'toeni016', 'edgarivan82', 'mukon004', 'eric8he', 'abhishekumar5793', 'vivekanandd448', 'tomasrubiano', 'jvandenbroecke', 'thaiduoiuoi', 'laladgg', 'lauraldana18', 'bclenzen', 'iwelland', 'ofori029', 'adam.muin.nasr', 'tophe003', 'linvi017', 'austere', 'g_27182818', 'aualzahrani', 'terre101', 'santmc98', 'tushartripathi', 'hirad004', 'coelh025', 'im.sarmiento', 'joh13596', 'nicol190', 'omkar.phadke.op', 'jennyreece120', 'spadino', 'jorge526', 'felgoja99', 'hl13', 'kosoglazayamadonna', 'mintyfreshness', 'akshay123147', 'sattam11', 'jairoaam', 'mill7190', 'mahdi.safari.iust', None, 'la.avendano10', 'merci046', 'almas025', 'csjoshi3', 'raveesh', 'nishantsaurabh706', 'bichx002', 'davidsalcedo2000', 'pratishagangwar']"
4,84,125,16,9,"['laladgg', 'im.sarmiento', 'sebastianbeto2015', 'amtellez', 'aiskelb', 'felgoja99', 'ja.perezb', 'jairoaam', 'santmc98']",115,"['robo2', 'mcnul049', 'ca.espitiaa0516', 'chant072', 'warmu017', 'poojak18394', 'sethmayer9', 'beggs024', 'mosi6887', 'ivandavidperez4', 'brewe070', 'poh00001', 'vuxxx291', 'paule076', 'chen5296', 'wu000427', 'anujkr_scholar19', 'tapishmeshram331', 'ghutchis', 'bomba023', 'mcdon898', 'wulff047', 'abh1shek', 'gholveprasad.pg', 'stephanielorena2000', 'rpretzer', 'hollx047', 'timmo074', 'westr140', 'mollx058', 'moham987', 'camdenj', 'ma7nq', 'naveenganesh04', 'benni057', 'hargi030', 'liux4408', 'bunze002', 'billm038', 'segne010', 'rickytorres05', 'kendalhiatt', 'anandmodi169', 'tarpe006', 'rodhervan', 'chan1488', 'homan030', 'u1182990', 'sun00248', 'wolse007', 'ayushranjan445', 'xiantao.li', 'viveksikarwar0014', 'zeien010', 'guiga004', 'hoytx117', 'arman018', 'xilinzhousimit', 'mjjenq', 'beltm006', 'jvilla69', 'mr.mantri', 'jfcampuzanoz', 'ashmisaikia2', 'balla101', 'hinke037', 'raulemg', 'viveksikarwar031', 'rubio037', 'agoldb5', 'rough009', 'jacharje', 'toeni016', 'edgarivan82', 'mukon004', 'eric8he', 'tomasrubiano', 'jvandenbroecke', 'thaiduoiuoi', 'lauraldana18', 'bclenzen', 'iwelland', 'ofori029', 'adam.muin.nasr', 'tophe003', 'linvi017', 'austere', 'g_27182818', 'aualzahrani', 'terre101', 'tushartripathi', 'hirad004', 'coelh025', 'joh13596', 'nicol190', 'omkar.phadke.op', 'jennyreece120', 'spadino', 'jorge526', 'hl13', 'kosoglazayamadonna', 'mintyfreshness', 'akshay123147', 'sattam11', 'mill7190', 'mahdi.safari.iust', 'la.avendano10', 'merci046', 'almas025', 'csjoshi3', 'raveesh', 'nishantsaurabh706', 'bichx002', 'davidsalcedo2000', 'pratishagangwar']",7,"['izuletaelles', 'mariomedinapuntocom', 'juanfecazuluaga', 'davidpalacio99', 'jcgutierrezg', None, 'npava55']",131,"['robo2', 'mcnul049', 'sebastianbeto2015', 'ca.espitiaa0516', 'chant072', 'warmu017', 'poojak18394', 'sethmayer9', 'beggs024', 'mosi6887', 'ivandavidperez4', 'brewe070', 'poh00001', 'vuxxx291', 'paule076', 'chen5296', 'jcgutierrezg', 'wu000427', 'anujkr_scholar19', 'tapishmeshram331', 'ghutchis', 'bomba023', 'mcdon898', 'wulff047', 'abh1shek', 'gholveprasad.pg', 'stephanielorena2000', 'aiskelb', 'rpretzer', 'hollx047', 'timmo074', 'westr140', 'mollx058', 'moham987', 'camdenj', 'ma7nq', 'naveenganesh04', 'benni057', 'hargi030', 'liux4408', 'bunze002', 'billm038', 'segne010', 'rickytorres05', 'kendalhiatt', 'anandmodi169', 'tarpe006', 'rodhervan', 'chan1488', 'homan030', 'u1182990', 'sun00248', 'wolse007', 'ayushranjan445', 'xiantao.li', 'viveksikarwar0014', 'zeien010', 'guiga004', 'hoytx117', 'arman018', 'xilinzhousimit', 'ja.perezb', 'mjjenq', 'beltm006', 'jvilla69', 'mr.mantri', 'jfcampuzanoz', 'ashmisaikia2', 'balla101', 'hinke037', 'raulemg', 'amtellez', 'izuletaelles', 'mariomedinapuntocom', 'viveksikarwar031', 'rubio037', 'agoldb5', 'rough009', 'jacharje', 'toeni016', 'edgarivan82', 'mukon004', 'eric8he', 'davidpalacio99', 'tomasrubiano', 'jvandenbroecke', 'thaiduoiuoi', 'laladgg', 'lauraldana18', 'bclenzen', 'iwelland', 'ofori029', 'adam.muin.nasr', 'tophe003', 'linvi017', 'austere', 'g_27182818', 'aualzahrani', 'terre101', 'santmc98', 'tushartripathi', 'npava55', 'hirad004', 'coelh025', 'im.sarmiento', 'joh13596', 'nicol190', 'omkar.phadke.op', 'jennyreece120', 'spadino', 'juanfecazuluaga', 'jorge526', 'felgoja99', 'hl13', 'kosoglazayamadonna', 'mintyfreshness', 'akshay123147', 'sattam11', 'jairoaam', 'mill7190', 'mahdi.safari.iust', None, 'la.avendano10', 'merci046', 'almas025', 'csjoshi3', 'raveesh', 'nishantsaurabh706', 'bichx002', 'davidsalcedo2000', 'pratishagangwar']"
4,77,125,12,3,"['jacharje', 'bclenzen', 'iwelland']",121,"['robo2', 'mcnul049', 'sebastianbeto2015', 'ca.espitiaa0516', 'chant072', 'warmu017', 'poojak18394', 'sethmayer9', 'beggs024', 'mosi6887', 'ivandavidperez4', 'brewe070', 'poh00001', 'vuxxx291', 'paule076', 'chen5296', 'wu000427', 'anujkr_scholar19', 'tapishmeshram331', 'ghutchis', 'bomba023', 'mcdon898', 'wulff047', 'abh1shek', 'gholveprasad.pg', 'stephanielorena2000', 'aiskelb', 'rpretzer', 'hollx047', 'timmo074', 'westr140', 'mollx058', 'moham987', 'camdenj', 'ma7nq', 'naveenganesh04', 'benni057', 'hargi030', 'liux4408', 'bunze002', 'billm038', 'segne010', 'rickytorres05', 'kendalhiatt', 'anandmodi169', 'tarpe006', 'rodhervan', 'chan1488', 'homan030', 'u1182990', 'sun00248', 'wolse007', 'ayushranjan445', 'xiantao.li', 'viveksikarwar0014', 'zeien010', 'guiga004', 'hoytx117', 'arman018', 'xilinzhousimit', 'ja.perezb', 'mjjenq', 'beltm006', 'jvilla69', 'mr.mantri', 'jfcampuzanoz', 'ashmisaikia2', 'balla101', 'hinke037', 'raulemg', 'amtellez', 'viveksikarwar031', 'rubio037', 'agoldb5', 'rough009', 'toeni016', 'edgarivan82', 'mukon004', 'eric8he', 'tomasrubiano', 'jvandenbroecke', 'thaiduoiuoi', 'laladgg', 'lauraldana18', 'ofori029', 'adam.muin.nasr', 'tophe003', 'linvi017', 'austere', 'g_27182818', 'aualzahrani', 'terre101', 'santmc98', 'tushartripathi', 'hirad004', 'coelh025', 'im.sarmiento', 'joh13596', 'nicol190', 'omkar.phadke.op', 'jennyreece120', 'spadino', 'jorge526', 'felgoja99', 'hl13', 'kosoglazayamadonna', 'mintyfreshness', 'akshay123147', 'sattam11', 'jairoaam', 'mill7190', 'mahdi.safari.iust', 'la.avendano10', 'merci046', 'almas025', 'csjoshi3', 'raveesh', 'nishantsaurabh706', 'bichx002', 'davidsalcedo2000', 'pratishagangwar']",9,"[None, 'ttmccart', 'yattarde', 'ibaranow', 'amurale3', 'pbaikadi96', 'a9b1c3', 'bonecrusher', 'blenzen']",133,"['robo2', 'mcnul049', 'sebastianbeto2015', 'ca.espitiaa0516', 'chant072', 'warmu017', 'poojak18394', 'sethmayer9', 'beggs024', 'mosi6887', 'ivandavidperez4', 'brewe070', 'poh00001', 'vuxxx291', 'paule076', 'chen5296', 'a9b1c3', 'wu000427', 'anujkr_scholar19', 'tapishmeshram331', 'ghutchis', 'bomba023', 'mcdon898', 'wulff047', 'abh1shek', 'gholveprasad.pg', 'stephanielorena2000', 'aiskelb', 'rpretzer', 'hollx047', 'timmo074', 'westr140', 'mollx058', 'moham987', 'camdenj', 'ma7nq', 'naveenganesh04', 'benni057', 'hargi030', 'liux4408', 'bunze002', 'billm038', 'yattarde', 'segne010', 'rickytorres05', 'kendalhiatt', 'anandmodi169', 'tarpe006', 'rodhervan', 'chan1488', 'homan030', 'u1182990', 'sun00248', 'wolse007', 'ayushranjan445', 'xiantao.li', 'viveksikarwar0014', 'zeien010', 'guiga004', 'hoytx117', 'arman018', 'amurale3', 'xilinzhousimit', 'ja.perezb', 'mjjenq', 'beltm006', 'jvilla69', 'mr.mantri', 'jfcampuzanoz', 'ashmisaikia2', 'balla101', 'hinke037', 'raulemg', 'amtellez', 'bonecrusher', 'viveksikarwar031', 'rubio037', 'agoldb5', 'rough009', 'jacharje', 'toeni016', 'edgarivan82', 'mukon004', 'eric8he', 'pbaikadi96', 'tomasrubiano', 'jvandenbroecke', 'thaiduoiuoi', 'laladgg', 'lauraldana18', 'bclenzen', 'ttmccart', 'iwelland', 'ofori029', 'adam.muin.nasr', 'tophe003', 'linvi017', 'austere', 'g_27182818', 'aualzahrani', 'terre101', 'santmc98', 'tushartripathi', 'hirad004', 'coelh025', 'im.sarmiento', 'joh13596', 'nicol190', 'omkar.phadke.op', 'jennyreece120', 'spadino', 'jorge526', 'felgoja99', 'hl13', 'kosoglazayamadonna', 'ibaranow', 'mintyfreshness', 'akshay123147', 'sattam11', 'jairoaam', 'mill7190', 'mahdi.safari.iust', None, 'la.avendano10', 'merci046', 'almas025', 'csjoshi3', 'raveesh', 'nishantsaurabh706', 'bichx002', 'davidsalcedo2000', 'pratishagangwar', 'blenzen']"
4,82,125,7,1,['sattam11'],123,"['robo2', 'mcnul049', 'sebastianbeto2015', 'ca.espitiaa0516', 'chant072', 'warmu017', 'poojak18394', 'sethmayer9', 'beggs024', 'mosi6887', 'ivandavidperez4', 'brewe070', 'poh00001', 'vuxxx291', 'paule076', 'chen5296', 'wu000427', 'anujkr_scholar19', 'tapishmeshram331', 'ghutchis', 'bomba023', 'mcdon898', 'wulff047', 'abh1shek', 'gholveprasad.pg', 'stephanielorena2000', 'aiskelb', 'rpretzer', 'hollx047', 'timmo074', 'westr140', 'mollx058', 'moham987', 'camdenj', 'ma7nq', 'naveenganesh04', 'benni057', 'hargi030', 'liux4408', 'bunze002', 'billm038', 'segne010', 'rickytorres05', 'kendalhiatt', 'anandmodi169', 'tarpe006', 'rodhervan', 'chan1488', 'homan030', 'u1182990', 'sun00248', 'wolse007', 'ayushranjan445', 'xiantao.li', 'viveksikarwar0014', 'zeien010', 'guiga004', 'hoytx117', 'arman018', 'xilinzhousimit', 'ja.perezb', 'mjjenq', 'beltm006', 'jvilla69', 'mr.mantri', 'jfcampuzanoz', 'ashmisaikia2', 'balla101', 'hinke037', 'raulemg', 'amtellez', 'viveksikarwar031', 'rubio037', 'agoldb5', 'rough009', 'jacharje', 'toeni016', 'edgarivan82', 'mukon004', 'eric8he', 'tomasrubiano', 'jvandenbroecke', 'thaiduoiuoi', 'laladgg', 'lauraldana18', 'bclenzen', 'iwelland', 'ofori029', 'adam.muin.nasr', 'tophe003', 'linvi017', 'austere', 'g_27182818', 'aualzahrani', 'terre101', 'santmc98', 'tushartripathi', 'hirad004', 'coelh025', 'im.sarmiento', 'joh13596', 'nicol190', 'omkar.phadke.op', 'jennyreece120', 'spadino', 'jorge526', 'felgoja99', 'hl13', 'kosoglazayamadonna', 'mintyfreshness', 'akshay123147', 'jairoaam', 'mill7190', 'mahdi.safari.iust', 'la.avendano10', 'merci046', 'almas025', 'csjoshi3', 'raveesh', 'nishantsaurabh706', 'bichx002', 'davidsalcedo2000', 'pratishagangwar']",6,"['siu850007827', 'pombi', 'kingokue', 'shahrulsohan', None, 'rashikshadman']",130,"['robo2', 'mcnul049', 'sebastianbeto2015', 'ca.espitiaa0516', 'chant072', 'warmu017', 'poojak18394', 'sethmayer9', 'beggs024', 'mosi6887', 'ivandavidperez4', 'brewe070', 'poh00001', 'vuxxx291', 'paule076', 'chen5296', 'wu000427', 'anujkr_scholar19', 'tapishmeshram331', 'ghutchis', 'bomba023', 'pombi', 'mcdon898', 'wulff047', 'abh1shek', 'gholveprasad.pg', 'stephanielorena2000', 'aiskelb', 'rpretzer', 'hollx047', 'timmo074', 'westr140', 'mollx058', 'moham987', 'camdenj', 'ma7nq', 'naveenganesh04', 'benni057', 'hargi030', 'liux4408', 'bunze002', 'billm038', 'segne010', 'rickytorres05', 'kendalhiatt', 'anandmodi169', 'tarpe006', 'rodhervan', 'chan1488', 'homan030', 'u1182990', 'sun00248', 'wolse007', 'ayushranjan445', 'xiantao.li', 'viveksikarwar0014', 'zeien010', 'guiga004', 'hoytx117', 'arman018', 'xilinzhousimit', 'ja.perezb', 'mjjenq', 'beltm006', 'jvilla69', 'mr.mantri', 'jfcampuzanoz', 'ashmisaikia2', 'balla101', 'hinke037', 'raulemg', 'amtellez', 'siu850007827', 'viveksikarwar031', 'rubio037', 'agoldb5', 'rough009', 'jacharje', 'toeni016', 'edgarivan82', 'mukon004', 'eric8he', 'tomasrubiano', 'jvandenbroecke', 'thaiduoiuoi', 'laladgg', 'lauraldana18', 'bclenzen', 'iwelland', 'ofori029', 'adam.muin.nasr', 'tophe003', 'linvi017', 'austere', 'g_27182818', 'aualzahrani', 'terre101', 'santmc98', 'tushartripathi', 'hirad004', 'coelh025', 'im.sarmiento', 'joh13596', 'nicol190', 'omkar.phadke.op', 'jennyreece120', 'spadino', 'kingokue', 'jorge526', 'felgoja99', 'hl13', 'kosoglazayamadonna', 'mintyfreshness', 'akshay123147', 'sattam11', 'jairoaam', 'mill7190', 'mahdi.safari.iust', 'shahrulsohan', None, 'rashikshadman', 'la.avendano10', 'merci046', 'almas025', 'csjoshi3', 'raveesh', 'nishantsaurabh706', 'bichx002', 'davidsalcedo2000', 'pratishagangwar']"
4,83,125,7,1,['csjoshi3'],123,"['robo2', 'mcnul049', 'sebastianbeto2015', 'ca.espitiaa0516', 'chant072', 'warmu017', 'poojak18394', 'sethmayer9', 'beggs024', 'mosi6887', 'ivandavidperez4', 'brewe070', 'poh00001', 'vuxxx291', 'paule076', 'chen5296', 'wu000427', 'anujkr_scholar19', 'tapishmeshram331', 'ghutchis', 'bomba023', 'mcdon898', 'wulff047', 'abh1shek', 'gholveprasad.pg', 'stephanielorena2000', 'aiskelb', 'rpretzer', 'hollx047', 'timmo074', 'westr140', 'mollx058', 'moham987', 'camdenj', 'ma7nq', 'naveenganesh04', 'benni057', 'hargi030', 'liux4408', 'bunze002', 'billm038', 'segne010', 'rickytorres05', 'kendalhiatt', 'anandmodi169', 'tarpe006', 'rodhervan', 'chan1488', 'homan030', 'u1182990', 'sun00248', 'wolse007', 'ayushranjan445', 'xiantao.li', 'viveksikarwar0014', 'zeien010', 'guiga004', 'hoytx117', 'arman018', 'xilinzhousimit', 'ja.perezb', 'mjjenq', 'beltm006', 'jvilla69', 'mr.mantri', 'jfcampuzanoz', 'ashmisaikia2', 'balla101', 'hinke037', 'raulemg', 'amtellez', 'viveksikarwar031', 'rubio037', 'agoldb5', 'rough009', 'jacharje', 'toeni016', 'edgarivan82', 'mukon004', 'eric8he', 'tomasrubiano', 'jvandenbroecke', 'thaiduoiuoi', 'laladgg', 'lauraldana18', 'bclenzen', 'iwelland', 'ofori029', 'adam.muin.nasr', 'tophe003', 'linvi017', 'austere', 'g_27182818', 'aualzahrani', 'terre101', 'santmc98', 'tushartripathi', 'hirad004', 'coelh025', 'im.sarmiento', 'joh13596', 'nicol190', 'omkar.phadke.op', 'jennyreece120', 'spadino', 'jorge526', 'felgoja99', 'hl13', 'kosoglazayamadonna', 'mintyfreshness', 'akshay123147', 'sattam11', 'jairoaam', 'mill7190', 'mahdi.safari.iust', 'la.avendano10', 'merci046', 'almas025', 'raveesh', 'nishantsaurabh706', 'bichx002', 'davidsalcedo2000', 'pratishagangwar']",6,"['mvempati', 'kdougl11', 'pbaikadi96', 'nrosenb1', None, 'abdul529']",130,"['robo2', 'mcnul049', 'sebastianbeto2015', 'ca.espitiaa0516', 'chant072', 'warmu017', 'poojak18394', 'sethmayer9', 'beggs024', 'mosi6887', 'ivandavidperez4', 'brewe070', 'poh00001', 'vuxxx291', 'paule076', 'chen5296', 'wu000427', 'anujkr_scholar19', 'tapishmeshram331', 'ghutchis', 'bomba023', 'mcdon898', 'wulff047', 'abh1shek', 'gholveprasad.pg', 'stephanielorena2000', 'aiskelb', 'rpretzer', 'hollx047', 'timmo074', 'westr140', 'mollx058', 'moham987', 'camdenj', 'ma7nq', 'naveenganesh04', 'benni057', 'hargi030', 'liux4408', 'bunze002', 'billm038', 'segne010', 'rickytorres05', 'kendalhiatt', 'anandmodi169', 'tarpe006', 'rodhervan', 'chan1488', 'homan030', 'u1182990', 'sun00248', 'wolse007', 'ayushranjan445', 'xiantao.li', 'viveksikarwar0014', 'zeien010', 'guiga004', 'hoytx117', 'arman018', 'xilinzhousimit', 'ja.perezb', 'mjjenq', 'beltm006', 'jvilla69', 'mr.mantri', 'jfcampuzanoz', 'ashmisaikia2', 'balla101', 'hinke037', 'raulemg', 'amtellez', 'viveksikarwar031', 'rubio037', 'agoldb5', 'rough009', 'jacharje', 'toeni016', 'edgarivan82', 'mukon004', 'eric8he', 'pbaikadi96', 'tomasrubiano', 'jvandenbroecke', 'thaiduoiuoi', 'laladgg', 'lauraldana18', 'bclenzen', 'iwelland', 'ofori029', 'adam.muin.nasr', 'tophe003', 'linvi017', 'austere', 'g_27182818', 'aualzahrani', 'terre101', 'santmc98', 'tushartripathi', 'hirad004', 'coelh025', 'im.sarmiento', 'joh13596', 'nicol190', 'omkar.phadke.op', 'jennyreece120', 'spadino', 'jorge526', 'felgoja99', 'hl13', 'kosoglazayamadonna', 'kdougl11', 'mintyfreshness', 'akshay123147', 'sattam11', 'jairoaam', 'mill7190', 'mahdi.safari.iust', 'nrosenb1', None, 'abdul529', 'la.avendano10', 'merci046', 'almas025', 'mvempati', 'csjoshi3', 'raveesh', 'nishantsaurabh706', 'bichx002', 'davidsalcedo2000', 'pratishagangwar']"
5,15,122,95,66,"['sgu120180364', 'sgu20141398', 'sgu20181566', 'sgu20131436', 'hoya981018', 'sgu20181553', 'sgu20151482', 'sgu20181573', 'sgu20151411', 'sgu20161523', 'sgu20161477', 'sgu20131462', 'sgu20181564', 'sgu20151229', 'seungseung', 'parkinsu', 'sgu20161522', 'sgu20181495', 'sgu20171593', 'sgu20161466', 'sgu20161540', 'sung145', 'sgu20181524', 'dndjun123', 'sgu20161511', 'sgu20161448', 'pij33278', 'sgu20151443', 'sgu20141444', 'sgu20161485', 'junshik5', 'sgu20161526', 'sgu20151416', 'lilbugs96', 'sgu20171495', 'sgu20161519', 'sgu20151418', 'sgu20171515', 'jihunpower', 'sgu20141490', 'sgu20131449', 'sgu20181536', 'sgu20141424', 'sgu20181501', 'sgu20151496', 'sgu20161497', 'sgu20181520', 'sgu20161507', 'smallboy9', 'jin78919', 'sgu20181561', 'sgu20171573', 'yosep', 'sgu20161525', 'sgu20141830', 'sgu20151463', 'sgu20141407', 'sgu20151434', 'sgu20181485', 'sgu20199029', 'sgu20181569', 'sgu20141341', 'sgu20151251', 'sgu20161493', 'sgu20181545', 'sgu20161481']",55,"['jgaurav237', 'lighteous16', 'amadoxis', 'rania_saleh', 'tahahsyn123', 'wldnjs9910', 'ahmedmubarak474', 'sgranz', 'mo_refaat', 'mostafateka1409', 'amerabaher09', 'youssefnasser', 'iprashanthvns', 'roqaya', 'midoelshazly198', 'mohammedosama.777777', 'akhaled.nasr98', 'ahmedmetwaly', 'madbouly66', 'reemhamed96', 'amanymohamed646', 'omniyasamir20', 'ahmed930as', 'michaelcapo', 'shoroukhossin', 'eladhamgalal', 'cameron.armand', 'khaledgamal960', 'necobellator270', 'marwanahmad988', 'mousa', 'salmagamal8880', 'corradini_allison', 'ibrahimaffan1998', 'ma01288889640', 'hasnaincusat', 'maxmark00111', 'abdulrahmangalal', 'sherifmagdy111', 'omartamer.ot14', 'mrmrbiko', 'karimd3', 'shaltout', 'rashedirami52', 'merlin_djoumessi', 'abdelrahmann', 'yasminkhaled66', 'sgu20181521', 'mmayar361', 'baselyasser54', 'mahmoudbadry604', 'midfielder', 'raghdathrwat98', 'doniamohamed', 'needumbrella']",29,"['sgu20161512', 'sgu20171498', 'sgu20151432', 'sgu20171538', 'sgu20151429', 'sgu20151512', 'sgu20151413', 'sgu20151410', 'sgu20161517', 'sgu20161494', 'sgu20161547', 'sgu20181540', 'sgu20181329', 'woduq6298', 'sgu20161528', 'sgu20151448', 'sgu20151445', None, 'sgu20141440', 'sgu20161505', 'sgu20161449', 'sgu20141475', 'sgu20151461', 'sgu20141400', 'sgu20161468', 'sgu20181496', 'tlsroqkf2', 'sgu20181572', 'sgu20141466']",150,"['lighteous16', 'sgu20171538', 'sgu20181553', 'tahahsyn123', 'wldnjs9910', 'sgu20161477', 'sgu20131462', 'sgu20151229', 'sgu20181495', 'sgu20181572', 'roqaya', 'sgu20181524', 'sgu20141444', 'sgu20181540', 'junshik5', 'lilbugs96', 'ahmed930as', 'sgu20151448', 'sgu20171515', 'khaledgamal960', 'salmagamal8880', 'sgu20151496', 'maxmark00111', 'omartamer.ot14', 'sgu20161525', 'sgu20161449', 'yasminkhaled66', 'baselyasser54', 'sgu20151251', 'sgu20161448', 'tlsroqkf2', 'raghdathrwat98', 'doniamohamed', 'sgu20161512', 'sgu120180364', 'hoya981018', 'ahmedmubarak474', 'mo_refaat', 'seungseung', 'youssefnasser', 'sgu20151512', 'sgu20161466', 'sgu20161540', 'dndjun123', 'sgu20161511', 'sgu20161485', 'sgu20161526', 'sgu20151418', 'eladhamgalal', 'sgu20181520', 'ibrahimaffan1998', 'ma01288889640', None, 'sgu20161505', 'sgu20161507', 'jin78919', 'mrmrbiko', 'karimd3', 'rashedirami52', 'merlin_djoumessi', 'abdelrahmann', 'sgu20199029', 'sgu20181521', 'needumbrella', 'sgu20161481', 'sgu20171498', 'sgu20141398', 'sgu20151432', 'sgu20181566', 'sgu20151482', 'amadoxis', 'sgu20181573', 'sgranz', 'sgu20181564', 'amerabaher09', 'sgu20171593', 'sung145', 'sgu20161517', 'midoelshazly198', 'sgu20151443', 'akhaled.nasr98', 'sgu20181329', 'madbouly66', 'sgu20151416', 'sgu20171495', 'omniyasamir20', 'shoroukhossin', 'sgu20161519', 'marwanahmad988', 'mousa', 'sgu20141424', 'sgu20141440', 'smallboy9', 'yosep', 'shaltout', 'sgu20141475', 'sgu20141407', 'mmayar361', 'sgu20181485', 'sgu20141400', 'sgu20181569', 'sgu20181496', 'sgu20141490', 'midfielder', 'sgu20181545', 'necobellator270', 'sgu20141466', 'sgu20131436', 'jgaurav237', 'sgu20161523', 'rania_saleh', 'sgu20151411', 'mostafateka1409', 'parkinsu', 'sgu20161522', 'sgu20151429', 'iprashanthvns', 'sgu20151413', 'sgu20151410', 'sgu20161494', 'pij33278', 'mohammedosama.777777', 'sgu20161547', 'ahmedmetwaly', 'reemhamed96', 'amanymohamed646', 'jihunpower', 'woduq6298', 'michaelcapo', 'sgu20161528', 'cameron.armand', 'sgu20131449', 'sgu20151445', 'sgu20161497', 'sgu20181536', 'sgu20181501', 'corradini_allison', 'hasnaincusat', 'abdulrahmangalal', 'sgu20181561', 'sherifmagdy111', 'sgu20171573', 'sgu20141830', 'sgu20151463', 'sgu20151461', 'sgu20151434', 'sgu20141341', 'sgu20161468', 'sgu20161493', 'mahmoudbadry604']"
5,18,122,59,41,"['lighteous16', 'amadoxis', 'rania_saleh', 'tahahsyn123', 'ahmedmubarak474', 'mostafateka1409', 'mo_refaat', 'amerabaher09', 'youssefnasser', 'roqaya', 'midoelshazly198', 'mohammedosama.777777', 'ahmedmetwaly', 'akhaled.nasr98', 'reemhamed96', 'madbouly66', 'amanymohamed646', 'omniyasamir20', 'ahmed930as', 'shoroukhossin', 'eladhamgalal', 'khaledgamal960', 'necobellator270', 'marwanahmad988', 'mousa', 'salmagamal8880', 'ma01288889640', 'ibrahimaffan1998', 'sherifmagdy111', 'abdulrahmangalal', 'omartamer.ot14', 'karimd3', 'shaltout', 'rashedirami52', 'mmayar361', 'mahmoudbadry604', 'yasminkhaled66', 'abdelrahmann', 'raghdathrwat98', 'doniamohamed', 'needumbrella']",80,"['sgu20181553', 'wldnjs9910', 'sgu20161477', 'sgu20131462', 'sgu20151229', 'sgu20181495', 'sgu20181524', 'sgu20141444', 'junshik5', 'lilbugs96', 'sgu20171515', 'sgu20151496', 'maxmark00111', 'sgu20161525', 'baselyasser54', 'sgu20161448', 'sgu20151251', 'sgu120180364', 'hoya981018', 'seungseung', 'sgu20161466', 'sgu20161540', 'dndjun123', 'sgu20161511', 'sgu20161485', 'sgu20161526', 'sgu20151418', 'sgu20181520', 'sgu20161507', 'jin78919', 'mrmrbiko', 'merlin_djoumessi', 'sgu20199029', 'sgu20181521', 'sgu20161481', 'sgu20141398', 'sgu20181566', 'sgu20151482', 'sgu20181573', 'sgranz', 'sgu20181564', 'sgu20171593', 'sung145', 'sgu20151443', 'sgu20151416', 'sgu20171495', 'sgu20161519', 'sgu20141424', 'smallboy9', 'yosep', 'sgu20141407', 'sgu20181485', 'sgu20181569', 'sgu20141490', 'midfielder', 'sgu20181545', 'sgu20131436', 'jgaurav237', 'sgu20161523', 'sgu20151411', 'parkinsu', 'sgu20161522', 'iprashanthvns', 'pij33278', 'jihunpower', 'michaelcapo', 'cameron.armand', 'sgu20131449', 'sgu20161497', 'sgu20181536', 'sgu20181501', 'corradini_allison', 'hasnaincusat', 'sgu20181561', 'sgu20171573', 'sgu20141830', 'sgu20151463', 'sgu20151434', 'sgu20141341', 'sgu20161493']",18,"['ahmedmohsen9623', 'qmniashawky45', None, 'rehabibrahim355', 'omartamer.ot13', 'mmummu30', 'omar1781998', 'essraaahmed34', 'reem.hablas', 'yarayasser959', 'n1.asaker', 'mostafa.ahmed.elewa', 'tokahassan313', 'bedomostafa1', 'ahmedaek66', 'maria_ahmos', 'salsabil.said', 'ahmedbebo']",139,"['ahmedmohsen9623', 'lighteous16', 'sgu20181553', 'mmummu30', 'tahahsyn123', 'wldnjs9910', 'sgu20161477', 'sgu20131462', 'tokahassan313', 'sgu20151229', 'sgu20181495', 'roqaya', 'sgu20181524', 'sgu20141444', 'junshik5', 'lilbugs96', 'ahmed930as', 'sgu20171515', 'khaledgamal960', 'salmagamal8880', 'sgu20151496', 'maxmark00111', 'qmniashawky45', 'omartamer.ot14', 'sgu20161525', 'mostafa.ahmed.elewa', 'yasminkhaled66', 'baselyasser54', 'sgu20151251', 'sgu20161448', 'raghdathrwat98', 'doniamohamed', 'sgu120180364', 'hoya981018', 'ahmedmubarak474', 'mo_refaat', 'seungseung', 'youssefnasser', 'sgu20161466', 'sgu20161540', 'dndjun123', 'sgu20161511', 'bedomostafa1', 'sgu20161485', 'sgu20161526', 'sgu20151418', 'eladhamgalal', 'essraaahmed34', 'sgu20181520', 'ibrahimaffan1998', 'ma01288889640', None, 'sgu20161507', 'jin78919', 'mrmrbiko', 'karimd3', 'rehabibrahim355', 'rashedirami52', 'merlin_djoumessi', 'abdelrahmann', 'sgu20199029', 'sgu20181521', 'ahmedaek66', 'needumbrella', 'sgu20161481', 'sgu20141398', 'sgu20181566', 'sgu20151482', 'amadoxis', 'sgu20181573', 'reem.hablas', 'sgranz', 'sgu20181564', 'amerabaher09', 'sgu20171593', 'sung145', 'midoelshazly198', 'sgu20151443', 'akhaled.nasr98', 'madbouly66', 'sgu20151416', 'sgu20171495', 'omniyasamir20', 'shoroukhossin', 'sgu20161519', 'marwanahmad988', 'mousa', 'sgu20141424', 'maria_ahmos', 'smallboy9', 'yosep', 'shaltout', 'omar1781998', 'sgu20141407', 'mmayar361', 'sgu20181485', 'yarayasser959', 'sgu20181569', 'sgu20141490', 'midfielder', 'sgu20181545', 'necobellator270', 'sgu20131436', 'jgaurav237', 'sgu20161523', 'rania_saleh', 'sgu20151411', 'mostafateka1409', 'parkinsu', 'sgu20161522', 'salsabil.said', 'ahmedbebo', 'iprashanthvns', 'pij33278', 'mohammedosama.777777', 'ahmedmetwaly', 'reemhamed96', 'amanymohamed646', 'jihunpower', 'michaelcapo', 'cameron.armand', 'sgu20131449', 'sgu20161497', 'sgu20181536', 'sgu20181501', 'corradini_allison', 'omartamer.ot13', 'hasnaincusat', 'abdulrahmangalal', 'sgu20181561', 'sherifmagdy111', 'sgu20171573', 'sgu20141830', 'sgu20151463', 'sgu20151434', 'n1.asaker', 'sgu20141341', 'sgu20161493', 'mahmoudbadry604']"
5,256,122,22,10,"['sgu20171593', 'sgu20151496', 'sgu20161466', 'sgu20151482', 'dndjun123', 'sgu20181485', 'sgu20181569', 'sgu20161497', 'sgu20181564', 'sgu20181520']",111,"['sgu20141398', 'sgu20181566', 'lighteous16', 'sgu20181553', 'amadoxis', 'tahahsyn123', 'sgu20181573', 'wldnjs9910', 'sgu20161477', 'sgranz', 'sgu20131462', 'sgu20151229', 'amerabaher09', 'sgu20181495', 'roqaya', 'sung145', 'sgu20181524', 'midoelshazly198', 'sgu20151443', 'sgu20141444', 'akhaled.nasr98', 'madbouly66', 'junshik5', 'sgu20151416', 'sgu20171495', 'lilbugs96', 'ahmed930as', 'omniyasamir20', 'shoroukhossin', 'sgu20171515', 'sgu20161519', 'khaledgamal960', 'marwanahmad988', 'mousa', 'salmagamal8880', 'sgu20141424', 'maxmark00111', 'smallboy9', 'omartamer.ot14', 'yosep', 'sgu20161525', 'shaltout', 'sgu20141407', 'mmayar361', 'yasminkhaled66', 'baselyasser54', 'sgu20151251', 'sgu20161448', 'sgu20141490', 'midfielder', 'raghdathrwat98', 'doniamohamed', 'sgu20181545', 'necobellator270', 'sgu120180364', 'sgu20131436', 'jgaurav237', 'hoya981018', 'sgu20161523', 'rania_saleh', 'sgu20151411', 'ahmedmubarak474', 'mostafateka1409', 'mo_refaat', 'seungseung', 'parkinsu', 'sgu20161522', 'youssefnasser', 'iprashanthvns', 'sgu20161540', 'sgu20161511', 'pij33278', 'mohammedosama.777777', 'sgu20161485', 'ahmedmetwaly', 'reemhamed96', 'sgu20161526', 'amanymohamed646', 'jihunpower', 'michaelcapo', 'sgu20151418', 'eladhamgalal', 'cameron.armand', 'sgu20131449', 'sgu20181536', 'sgu20181501', 'corradini_allison', 'ibrahimaffan1998', 'ma01288889640', 'hasnaincusat', 'abdulrahmangalal', 'sgu20161507', 'sgu20181561', 'jin78919', 'mrmrbiko', 'karimd3', 'sherifmagdy111', 'sgu20171573', 'sgu20141830', 'rashedirami52', 'needumbrella', 'sgu20151463', 'sgu20151434', 'merlin_djoumessi', 'abdelrahmann', 'sgu20199029', 'sgu20181521', 'sgu20141341', 'sgu20161493', 'mahmoudbadry604', 'sgu20161481']",12,"['sgu20181540', 'sgu20181329', 'sgu20171498', 'sgu20141440', 'sgu20161528', 'woduq6298', 'sgu20151432', 'sgu20151445', 'tlsroqkf2', 'sgu20181572', None, 'sgu20161505']",133,"['sgu20171498', 'sgu20141398', 'sgu20151432', 'sgu20181566', 'lighteous16', 'sgu20181553', 'sgu20151482', 'amadoxis', 'tahahsyn123', 'sgu20181573', 'wldnjs9910', 'sgu20161477', 'sgranz', 'sgu20131462', 'sgu20181564', 'sgu20151229', 'amerabaher09', 'sgu20181495', 'sgu20171593', 'sgu20181572', 'roqaya', 'sung145', None, 'sgu20181524', 'midoelshazly198', 'sgu20151443', 'sgu20141444', 'akhaled.nasr98', 'sgu20181540', 'sgu20181329', 'madbouly66', 'junshik5', 'sgu20151416', 'sgu20171495', 'lilbugs96', 'ahmed930as', 'omniyasamir20', 'shoroukhossin', 'sgu20171515', 'sgu20161519', 'khaledgamal960', 'marwanahmad988', 'mousa', 'salmagamal8880', 'sgu20151496', 'sgu20141424', 'sgu20141440', 'maxmark00111', 'smallboy9', 'omartamer.ot14', 'yosep', 'sgu20161525', 'shaltout', 'sgu20141407', 'mmayar361', 'sgu20181485', 'yasminkhaled66', 'sgu20181569', 'baselyasser54', 'sgu20151251', 'sgu20161448', 'sgu20141490', 'midfielder', 'tlsroqkf2', 'raghdathrwat98', 'doniamohamed', 'sgu20181545', 'necobellator270', 'sgu120180364', 'sgu20131436', 'jgaurav237', 'hoya981018', 'sgu20161523', 'rania_saleh', 'sgu20151411', 'ahmedmubarak474', 'mostafateka1409', 'mo_refaat', 'seungseung', 'parkinsu', 'sgu20161522', 'youssefnasser', 'iprashanthvns', 'sgu20161466', 'sgu20161540', 'dndjun123', 'sgu20161511', 'pij33278', 'mohammedosama.777777', 'sgu20161485', 'ahmedmetwaly', 'reemhamed96', 'sgu20161526', 'amanymohamed646', 'jihunpower', 'michaelcapo', 'sgu20161528', 'woduq6298', 'sgu20151418', 'eladhamgalal', 'cameron.armand', 'sgu20131449', 'sgu20151445', 'sgu20161497', 'sgu20181536', 'sgu20181501', 'corradini_allison', 'sgu20181520', 'ibrahimaffan1998', 'ma01288889640', 'hasnaincusat', 'abdulrahmangalal', 'sgu20161507', 'sgu20181561', 'jin78919', 'mrmrbiko', 'karimd3', 'sherifmagdy111', 'sgu20171573', 'sgu20141830', 'rashedirami52', 'needumbrella', 'sgu20151463', 'sgu20151434', 'merlin_djoumessi', 'abdelrahmann', 'sgu20199029', 'sgu20181521', 'sgu20141341', 'sgu20161505', 'sgu20161493', 'mahmoudbadry604', 'sgu20161481']"
5,258,122,22,10,"['shoroukhossin', 'eladhamgalal', 'rania_saleh', 'tahahsyn123', 'akhaled.nasr98', 'midoelshazly198', 'mousa', 'raghdathrwat98', 'doniamohamed', 'ahmedmetwaly']",111,"['sgu20141398', 'sgu20181566', 'lighteous16', 'sgu20181553', 'sgu20151482', 'amadoxis', 'sgu20181573', 'wldnjs9910', 'sgu20161477', 'sgranz', 'sgu20131462', 'sgu20181564', 'sgu20151229', 'amerabaher09', 'sgu20181495', 'sgu20171593', 'roqaya', 'sung145', 'sgu20181524', 'sgu20151443', 'sgu20141444', 'madbouly66', 'junshik5', 'sgu20151416', 'sgu20171495', 'lilbugs96', 'ahmed930as', 'omniyasamir20', 'sgu20171515', 'sgu20161519', 'khaledgamal960', 'marwanahmad988', 'salmagamal8880', 'sgu20151496', 'sgu20141424', 'maxmark00111', 'smallboy9', 'omartamer.ot14', 'yosep', 'sgu20161525', 'shaltout', 'sgu20141407', 'mmayar361', 'sgu20181485', 'yasminkhaled66', 'sgu20181569', 'baselyasser54', 'sgu20151251', 'sgu20161448', 'sgu20141490', 'midfielder', 'sgu20181545', 'necobellator270', 'sgu120180364', 'sgu20131436', 'jgaurav237', 'hoya981018', 'sgu20161523', 'sgu20151411', 'ahmedmubarak474', 'mostafateka1409', 'mo_refaat', 'seungseung', 'parkinsu', 'sgu20161522', 'youssefnasser', 'iprashanthvns', 'sgu20161466', 'sgu20161540', 'dndjun123', 'sgu20161511', 'pij33278', 'mohammedosama.777777', 'sgu20161485', 'reemhamed96', 'sgu20161526', 'amanymohamed646', 'jihunpower', 'michaelcapo', 'sgu20151418', 'cameron.armand', 'sgu20131449', 'sgu20161497', 'sgu20181536', 'sgu20181501', 'corradini_allison', 'sgu20181520', 'ibrahimaffan1998', 'ma01288889640', 'hasnaincusat', 'abdulrahmangalal', 'sgu20161507', 'sgu20181561', 'jin78919', 'mrmrbiko', 'karimd3', 'sherifmagdy111', 'sgu20171573', 'sgu20141830', 'rashedirami52', 'needumbrella', 'sgu20151463', 'sgu20151434', 'merlin_djoumessi', 'abdelrahmann', 'sgu20199029', 'sgu20181521', 'sgu20141341', 'sgu20161493', 'mahmoudbadry604', 'sgu20161481']",12,"['qmniashawky45', 'abdumhrous', 'omar1781998', 'reem.hablas', 'mostafa.ahmed.elewa', 'tokahassan313', 'bedomostafa1', 'sarayasser', 'ahmedaek66', None, 'salsabil.said', 'maria_ahmos']",133,"['sgu20141398', 'sgu20181566', 'lighteous16', 'sgu20181553', 'sgu20151482', 'amadoxis', 'tahahsyn123', 'sgu20181573', 'wldnjs9910', 'reem.hablas', 'sgu20161477', 'sgranz', 'sgu20131462', 'tokahassan313', 'sgu20181564', 'sgu20151229', 'amerabaher09', 'sgu20181495', 'sgu20171593', 'roqaya', 'sung145', None, 'sgu20181524', 'midoelshazly198', 'sgu20151443', 'sgu20141444', 'akhaled.nasr98', 'madbouly66', 'junshik5', 'sgu20151416', 'sgu20171495', 'lilbugs96', 'ahmed930as', 'omniyasamir20', 'shoroukhossin', 'sgu20171515', 'sgu20161519', 'khaledgamal960', 'abdumhrous', 'ahmedaek66', 'marwanahmad988', 'mousa', 'salmagamal8880', 'sgu20151496', 'sgu20141424', 'maria_ahmos', 'maxmark00111', 'smallboy9', 'omartamer.ot14', 'qmniashawky45', 'yosep', 'sgu20161525', 'shaltout', 'omar1781998', 'sgu20141407', 'mmayar361', 'sgu20181485', 'yasminkhaled66', 'sgu20181569', 'mostafa.ahmed.elewa', 'baselyasser54', 'sgu20151251', 'sgu20161448', 'sgu20141490', 'midfielder', 'sarayasser', 'raghdathrwat98', 'doniamohamed', 'sgu20181545', 'necobellator270', 'sgu120180364', 'sgu20131436', 'jgaurav237', 'hoya981018', 'sgu20161523', 'rania_saleh', 'sgu20151411', 'ahmedmubarak474', 'mostafateka1409', 'mo_refaat', 'seungseung', 'parkinsu', 'sgu20161522', 'salsabil.said', 'youssefnasser', 'iprashanthvns', 'sgu20161466', 'sgu20161540', 'dndjun123', 'sgu20161511', 'pij33278', 'bedomostafa1', 'mohammedosama.777777', 'sgu20161485', 'ahmedmetwaly', 'reemhamed96', 'sgu20161526', 'amanymohamed646', 'jihunpower', 'michaelcapo', 'sgu20151418', 'eladhamgalal', 'cameron.armand', 'sgu20131449', 'sgu20161497', 'sgu20181536', 'sgu20181501', 'corradini_allison', 'sgu20181520', 'ibrahimaffan1998', 'ma01288889640', 'hasnaincusat', 'abdulrahmangalal', 'sgu20161507', 'sgu20181561', 'jin78919', 'mrmrbiko', 'karimd3', 'sherifmagdy111', 'sgu20171573', 'sgu20141830', 'rashedirami52', 'needumbrella', 'sgu20151463', 'sgu20151434', 'merlin_djoumessi', 'abdelrahmann', 'sgu20199029', 'sgu20181521', 'sgu20141341', 'sgu20161493', 'mahmoudbadry604', 'sgu20161481']"
5,12,122,18,2,"['corradini_allison', 'michaelcapo']",119,"['sgu20141398', 'sgu20181566', 'lighteous16', 'sgu20181553', 'sgu20151482', 'amadoxis', 'tahahsyn123', 'sgu20181573', 'wldnjs9910', 'sgu20161477', 'sgranz', 'sgu20131462', 'sgu20181564', 'sgu20151229', 'amerabaher09', 'sgu20181495', 'sgu20171593', 'roqaya', 'sung145', 'sgu20181524', 'midoelshazly198', 'sgu20151443', 'sgu20141444', 'akhaled.nasr98', 'madbouly66', 'junshik5', 'sgu20151416', 'sgu20171495', 'lilbugs96', 'ahmed930as', 'omniyasamir20', 'shoroukhossin', 'sgu20171515', 'sgu20161519', 'khaledgamal960', 'marwanahmad988', 'mousa', 'salmagamal8880', 'sgu20151496', 'sgu20141424', 'maxmark00111', 'smallboy9', 'omartamer.ot14', 'yosep', 'sgu20161525', 'shaltout', 'sgu20141407', 'mmayar361', 'sgu20181485', 'yasminkhaled66', 'sgu20181569', 'baselyasser54', 'sgu20151251', 'sgu20161448', 'sgu20141490', 'midfielder', 'raghdathrwat98', 'doniamohamed', 'sgu20181545', 'necobellator270', 'sgu120180364', 'sgu20131436', 'jgaurav237', 'hoya981018', 'sgu20161523', 'rania_saleh', 'sgu20151411', 'ahmedmubarak474', 'mostafateka1409', 'mo_refaat', 'seungseung', 'parkinsu', 'sgu20161522', 'youssefnasser', 'iprashanthvns', 'sgu20161466', 'sgu20161540', 'dndjun123', 'sgu20161511', 'pij33278', 'mohammedosama.777777', 'sgu20161485', 'ahmedmetwaly', 'reemhamed96', 'sgu20161526', 'amanymohamed646', 'jihunpower', 'sgu20151418', 'eladhamgalal', 'cameron.armand', 'sgu20131449', 'sgu20161497', 'sgu20181536', 'sgu20181501', 'sgu20181520', 'ibrahimaffan1998', 'ma01288889640', 'hasnaincusat', 'abdulrahmangalal', 'sgu20161507', 'sgu20181561', 'jin78919', 'mrmrbiko', 'karimd3', 'sherifmagdy111', 'sgu20171573', 'sgu20141830', 'rashedirami52', 'needumbrella', 'sgu20151463', 'sgu20151434', 'merlin_djoumessi', 'abdelrahmann', 'sgu20199029', 'sgu20181521', 'sgu20141341', 'sgu20161493', 'mahmoudbadry604', 'sgu20161481']",16,"['daniele.goldoni', 'praetor', 'alex.aglietta', 'caprarilorenzo', 'albertomalferrari', 'tunahanyilmaz', 'giovanni.braglia97', 'matteo97', 'angie1995', 'cuoghimarco', 'mato96', 'daniele.sonaglia', 'lucaselmi', 'pyro', None, 'allematt96']",137,"['sgu20141398', 'sgu20181566', 'lighteous16', 'sgu20181553', 'sgu20151482', 'amadoxis', 'tahahsyn123', 'sgu20181573', 'wldnjs9910', 'sgu20161477', 'sgranz', 'sgu20131462', 'sgu20181564', 'sgu20151229', 'amerabaher09', 'sgu20181495', 'sgu20171593', 'roqaya', 'albertomalferrari', 'sung145', None, 'sgu20181524', 'mato96', 'midoelshazly198', 'sgu20151443', 'sgu20141444', 'akhaled.nasr98', 'madbouly66', 'junshik5', 'sgu20151416', 'sgu20171495', 'lilbugs96', 'ahmed930as', 'omniyasamir20', 'shoroukhossin', 'sgu20171515', 'sgu20161519', 'khaledgamal960', 'marwanahmad988', 'angie1995', 'cuoghimarco', 'mousa', 'salmagamal8880', 'sgu20151496', 'sgu20141424', 'maxmark00111', 'smallboy9', 'omartamer.ot14', 'yosep', 'sgu20161525', 'shaltout', 'sgu20141407', 'mmayar361', 'sgu20181485', 'yasminkhaled66', 'sgu20181569', 'baselyasser54', 'sgu20151251', 'sgu20161448', 'sgu20141490', 'midfielder', 'raghdathrwat98', 'doniamohamed', 'sgu20181545', 'necobellator270', 'alex.aglietta', 'sgu120180364', 'sgu20131436', 'jgaurav237', 'hoya981018', 'tunahanyilmaz', 'sgu20161523', 'rania_saleh', 'sgu20151411', 'ahmedmubarak474', 'mostafateka1409', 'mo_refaat', 'seungseung', 'parkinsu', 'sgu20161522', 'pyro', 'youssefnasser', 'iprashanthvns', 'sgu20161466', 'caprarilorenzo', 'sgu20161540', 'giovanni.braglia97', 'dndjun123', 'sgu20161511', 'pij33278', 'lucaselmi', 'daniele.sonaglia', 'mohammedosama.777777', 'sgu20161485', 'ahmedmetwaly', 'daniele.goldoni', 'reemhamed96', 'sgu20161526', 'amanymohamed646', 'jihunpower', 'michaelcapo', 'sgu20151418', 'eladhamgalal', 'cameron.armand', 'sgu20131449', 'matteo97', 'sgu20161497', 'sgu20181536', 'sgu20181501', 'corradini_allison', 'praetor', 'sgu20181520', 'ibrahimaffan1998', 'ma01288889640', 'hasnaincusat', 'abdulrahmangalal', 'sgu20161507', 'sgu20181561', 'jin78919', 'mrmrbiko', 'karimd3', 'sherifmagdy111', 'sgu20171573', 'sgu20141830', 'allematt96', 'rashedirami52', 'needumbrella', 'sgu20151463', 'sgu20151434', 'merlin_djoumessi', 'abdelrahmann', 'sgu20199029', 'sgu20181521', 'sgu20141341', 'sgu20161493', 'mahmoudbadry604', 'sgu20161481']"
5,16,122,14,2,"['corradini_allison', 'michaelcapo']",119,"['sgu20141398', 'sgu20181566', 'lighteous16', 'sgu20181553', 'sgu20151482', 'amadoxis', 'tahahsyn123', 'sgu20181573', 'wldnjs9910', 'sgu20161477', 'sgranz', 'sgu20131462', 'sgu20181564', 'sgu20151229', 'amerabaher09', 'sgu20181495', 'sgu20171593', 'roqaya', 'sung145', 'sgu20181524', 'midoelshazly198', 'sgu20151443', 'sgu20141444', 'akhaled.nasr98', 'madbouly66', 'junshik5', 'sgu20151416', 'sgu20171495', 'lilbugs96', 'ahmed930as', 'omniyasamir20', 'shoroukhossin', 'sgu20171515', 'sgu20161519', 'khaledgamal960', 'marwanahmad988', 'mousa', 'salmagamal8880', 'sgu20151496', 'sgu20141424', 'maxmark00111', 'smallboy9', 'omartamer.ot14', 'yosep', 'sgu20161525', 'shaltout', 'sgu20141407', 'mmayar361', 'sgu20181485', 'yasminkhaled66', 'sgu20181569', 'baselyasser54', 'sgu20151251', 'sgu20161448', 'sgu20141490', 'midfielder', 'raghdathrwat98', 'doniamohamed', 'sgu20181545', 'necobellator270', 'sgu120180364', 'sgu20131436', 'jgaurav237', 'hoya981018', 'sgu20161523', 'rania_saleh', 'sgu20151411', 'ahmedmubarak474', 'mostafateka1409', 'mo_refaat', 'seungseung', 'parkinsu', 'sgu20161522', 'youssefnasser', 'iprashanthvns', 'sgu20161466', 'sgu20161540', 'dndjun123', 'sgu20161511', 'pij33278', 'mohammedosama.777777', 'sgu20161485', 'ahmedmetwaly', 'reemhamed96', 'sgu20161526', 'amanymohamed646', 'jihunpower', 'sgu20151418', 'eladhamgalal', 'cameron.armand', 'sgu20131449', 'sgu20161497', 'sgu20181536', 'sgu20181501', 'sgu20181520', 'ibrahimaffan1998', 'ma01288889640', 'hasnaincusat', 'abdulrahmangalal', 'sgu20161507', 'sgu20181561', 'jin78919', 'mrmrbiko', 'karimd3', 'sherifmagdy111', 'sgu20171573', 'sgu20141830', 'rashedirami52', 'needumbrella', 'sgu20151463', 'sgu20151434', 'merlin_djoumessi', 'abdelrahmann', 'sgu20199029', 'sgu20181521', 'sgu20141341', 'sgu20161493', 'mahmoudbadry604', 'sgu20161481']",12,"['praetor', 'alex.aglietta', 'caprarilorenzo', 'davidjame1', 'giovanni.braglia97', 'lucaselmi', 'mato96', 'gammaaaa1996', 'bergamini.francesco95', 'daniele.sonaglia', 'pyro', None]",133,"['sgu20141398', 'sgu20181566', 'lighteous16', 'sgu20181553', 'sgu20151482', 'amadoxis', 'tahahsyn123', 'sgu20181573', 'wldnjs9910', 'sgu20161477', 'sgranz', 'sgu20131462', 'sgu20181564', 'sgu20151229', 'amerabaher09', 'sgu20181495', 'sgu20171593', 'roqaya', 'sung145', None, 'sgu20181524', 'mato96', 'midoelshazly198', 'bergamini.francesco95', 'sgu20151443', 'sgu20141444', 'akhaled.nasr98', 'madbouly66', 'junshik5', 'sgu20151416', 'sgu20171495', 'lilbugs96', 'ahmed930as', 'omniyasamir20', 'shoroukhossin', 'sgu20171515', 'sgu20161519', 'khaledgamal960', 'marwanahmad988', 'mousa', 'salmagamal8880', 'sgu20151496', 'sgu20141424', 'maxmark00111', 'smallboy9', 'omartamer.ot14', 'yosep', 'sgu20161525', 'shaltout', 'sgu20141407', 'mmayar361', 'sgu20181485', 'yasminkhaled66', 'sgu20181569', 'baselyasser54', 'sgu20151251', 'sgu20161448', 'sgu20141490', 'midfielder', 'raghdathrwat98', 'doniamohamed', 'sgu20181545', 'necobellator270', 'alex.aglietta', 'sgu120180364', 'sgu20131436', 'jgaurav237', 'hoya981018', 'sgu20161523', 'rania_saleh', 'sgu20151411', 'ahmedmubarak474', 'mostafateka1409', 'mo_refaat', 'gammaaaa1996', 'seungseung', 'parkinsu', 'sgu20161522', 'pyro', 'youssefnasser', 'iprashanthvns', 'sgu20161466', 'caprarilorenzo', 'davidjame1', 'sgu20161540', 'giovanni.braglia97', 'dndjun123', 'sgu20161511', 'pij33278', 'daniele.sonaglia', 'lucaselmi', 'mohammedosama.777777', 'sgu20161485', 'ahmedmetwaly', 'reemhamed96', 'sgu20161526', 'amanymohamed646', 'jihunpower', 'michaelcapo', 'sgu20151418', 'eladhamgalal', 'cameron.armand', 'sgu20131449', 'sgu20161497', 'sgu20181536', 'sgu20181501', 'corradini_allison', 'praetor', 'sgu20181520', 'ibrahimaffan1998', 'ma01288889640', 'hasnaincusat', 'abdulrahmangalal', 'sgu20161507', 'sgu20181561', 'jin78919', 'mrmrbiko', 'karimd3', 'sherifmagdy111', 'sgu20171573', 'sgu20141830', 'rashedirami52', 'needumbrella', 'sgu20151463', 'sgu20151434', 'merlin_djoumessi', 'abdelrahmann', 'sgu20199029', 'sgu20181521', 'sgu20141341', 'sgu20161493', 'mahmoudbadry604', 'sgu20161481']"
5,257,122,7,5,"['eladhamgalal', 'rania_saleh', 'midoelshazly198', 'mo_refaat', 'ahmedmetwaly']",116,"['sgu20141398', 'sgu20181566', 'lighteous16', 'sgu20181553', 'sgu20151482', 'amadoxis', 'tahahsyn123', 'sgu20181573', 'wldnjs9910', 'sgu20161477', 'sgranz', 'sgu20131462', 'sgu20181564', 'sgu20151229', 'amerabaher09', 'sgu20181495', 'sgu20171593', 'roqaya', 'sung145', 'sgu20181524', 'sgu20151443', 'sgu20141444', 'akhaled.nasr98', 'madbouly66', 'junshik5', 'sgu20151416', 'sgu20171495', 'lilbugs96', 'ahmed930as', 'omniyasamir20', 'shoroukhossin', 'sgu20171515', 'sgu20161519', 'khaledgamal960', 'marwanahmad988', 'mousa', 'salmagamal8880', 'sgu20151496', 'sgu20141424', 'maxmark00111', 'smallboy9', 'omartamer.ot14', 'yosep', 'sgu20161525', 'shaltout', 'sgu20141407', 'mmayar361', 'sgu20181485', 'yasminkhaled66', 'sgu20181569', 'baselyasser54', 'sgu20151251', 'sgu20161448', 'sgu20141490', 'midfielder', 'raghdathrwat98', 'doniamohamed', 'sgu20181545', 'necobellator270', 'sgu120180364', 'sgu20131436', 'jgaurav237', 'hoya981018', 'sgu20161523', 'sgu20151411', 'ahmedmubarak474', 'mostafateka1409', 'seungseung', 'parkinsu', 'sgu20161522', 'youssefnasser', 'iprashanthvns', 'sgu20161466', 'sgu20161540', 'dndjun123', 'sgu20161511', 'pij33278', 'mohammedosama.777777', 'sgu20161485', 'reemhamed96', 'sgu20161526', 'amanymohamed646', 'jihunpower', 'michaelcapo', 'sgu20151418', 'cameron.armand', 'sgu20131449', 'sgu20161497', 'sgu20181536', 'sgu20181501', 'corradini_allison', 'sgu20181520', 'ibrahimaffan1998', 'ma01288889640', 'hasnaincusat', 'abdulrahmangalal', 'sgu20161507', 'sgu20181561', 'jin78919', 'mrmrbiko', 'karimd3', 'sherifmagdy111', 'sgu20171573', 'sgu20141830', 'rashedirami52', 'needumbrella', 'sgu20151463', 'sgu20151434', 'merlin_djoumessi', 'abdelrahmann', 'sgu20199029', 'sgu20181521', 'sgu20141341', 'sgu20161493', 'mahmoudbadry604', 'sgu20161481']",2,"['ahmedaek66', None]",123,"['sgu20141398', 'sgu20181566', 'lighteous16', 'sgu20181553', 'sgu20151482', 'amadoxis', 'tahahsyn123', 'sgu20181573', 'wldnjs9910', 'sgu20161477', 'sgranz', 'sgu20131462', 'sgu20181564', 'sgu20151229', 'amerabaher09', 'sgu20181495', 'sgu20171593', 'roqaya', 'sung145', None, 'sgu20181524', 'midoelshazly198', 'sgu20151443', 'sgu20141444', 'akhaled.nasr98', 'madbouly66', 'junshik5', 'sgu20151416', 'sgu20171495', 'lilbugs96', 'ahmed930as', 'omniyasamir20', 'shoroukhossin', 'sgu20171515', 'sgu20161519', 'khaledgamal960', 'ahmedaek66', 'marwanahmad988', 'mousa', 'salmagamal8880', 'sgu20151496', 'sgu20141424', 'maxmark00111', 'smallboy9', 'omartamer.ot14', 'yosep', 'sgu20161525', 'shaltout', 'sgu20141407', 'mmayar361', 'sgu20181485', 'yasminkhaled66', 'sgu20181569', 'baselyasser54', 'sgu20151251', 'sgu20161448', 'sgu20141490', 'midfielder', 'raghdathrwat98', 'doniamohamed', 'sgu20181545', 'necobellator270', 'sgu120180364', 'sgu20131436', 'jgaurav237', 'hoya981018', 'sgu20161523', 'rania_saleh', 'sgu20151411', 'ahmedmubarak474', 'mostafateka1409', 'mo_refaat', 'seungseung', 'parkinsu', 'sgu20161522', 'youssefnasser', 'iprashanthvns', 'sgu20161466', 'sgu20161540', 'dndjun123', 'sgu20161511', 'pij33278', 'mohammedosama.777777', 'sgu20161485', 'ahmedmetwaly', 'reemhamed96', 'sgu20161526', 'amanymohamed646', 'jihunpower', 'michaelcapo', 'sgu20151418', 'eladhamgalal', 'cameron.armand', 'sgu20131449', 'sgu20161497', 'sgu20181536', 'sgu20181501', 'corradini_allison', 'sgu20181520', 'ibrahimaffan1998', 'ma01288889640', 'hasnaincusat', 'abdulrahmangalal', 'sgu20161507', 'sgu20181561', 'jin78919', 'mrmrbiko', 'karimd3', 'sherifmagdy111', 'sgu20171573', 'sgu20141830', 'rashedirami52', 'needumbrella', 'sgu20151463', 'sgu20151434', 'merlin_djoumessi', 'abdelrahmann', 'sgu20199029', 'sgu20181521', 'sgu20141341', 'sgu20161493', 'mahmoudbadry604', 'sgu20161481']"
5,14,122,6,1,['cameron.armand'],120,"['sgu20141398', 'sgu20181566', 'lighteous16', 'sgu20181553', 'sgu20151482', 'amadoxis', 'tahahsyn123', 'sgu20181573', 'wldnjs9910', 'sgu20161477', 'sgranz', 'sgu20131462', 'sgu20181564', 'sgu20151229', 'amerabaher09', 'sgu20181495', 'sgu20171593', 'roqaya', 'sung145', 'sgu20181524', 'midoelshazly198', 'sgu20151443', 'sgu20141444', 'akhaled.nasr98', 'madbouly66', 'junshik5', 'sgu20151416', 'sgu20171495', 'lilbugs96', 'ahmed930as', 'omniyasamir20', 'shoroukhossin', 'sgu20171515', 'sgu20161519', 'khaledgamal960', 'marwanahmad988', 'mousa', 'salmagamal8880', 'sgu20151496', 'sgu20141424', 'maxmark00111', 'smallboy9', 'omartamer.ot14', 'yosep', 'sgu20161525', 'shaltout', 'sgu20141407', 'mmayar361', 'sgu20181485', 'yasminkhaled66', 'sgu20181569', 'baselyasser54', 'sgu20151251', 'sgu20161448', 'sgu20141490', 'midfielder', 'raghdathrwat98', 'doniamohamed', 'sgu20181545', 'necobellator270', 'sgu120180364', 'sgu20131436', 'jgaurav237', 'hoya981018', 'sgu20161523', 'rania_saleh', 'sgu20151411', 'ahmedmubarak474', 'mostafateka1409', 'mo_refaat', 'seungseung', 'parkinsu', 'sgu20161522', 'youssefnasser', 'iprashanthvns', 'sgu20161466', 'sgu20161540', 'dndjun123', 'sgu20161511', 'pij33278', 'mohammedosama.777777', 'sgu20161485', 'ahmedmetwaly', 'reemhamed96', 'sgu20161526', 'amanymohamed646', 'jihunpower', 'michaelcapo', 'sgu20151418', 'eladhamgalal', 'sgu20131449', 'sgu20161497', 'sgu20181536', 'sgu20181501', 'corradini_allison', 'sgu20181520', 'ibrahimaffan1998', 'ma01288889640', 'hasnaincusat', 'abdulrahmangalal', 'sgu20161507', 'sgu20181561', 'jin78919', 'mrmrbiko', 'karimd3', 'sherifmagdy111', 'sgu20171573', 'sgu20141830', 'rashedirami52', 'needumbrella', 'sgu20151463', 'sgu20151434', 'merlin_djoumessi', 'abdelrahmann', 'sgu20199029', 'sgu20181521', 'sgu20141341', 'sgu20161493', 'mahmoudbadry604', 'sgu20161481']",5,"['carlosg', None, 'jwest12197', 'matthewa81013', 'lobwedge']",126,"['sgu20141398', 'sgu20181566', 'lighteous16', 'sgu20181553', 'sgu20151482', 'amadoxis', 'tahahsyn123', 'sgu20181573', 'wldnjs9910', 'sgu20161477', 'sgranz', 'sgu20131462', 'sgu20181564', 'sgu20151229', 'amerabaher09', 'sgu20181495', 'sgu20171593', 'roqaya', 'sung145', None, 'sgu20181524', 'midoelshazly198', 'sgu20151443', 'sgu20141444', 'akhaled.nasr98', 'madbouly66', 'junshik5', 'sgu20151416', 'sgu20171495', 'lilbugs96', 'ahmed930as', 'omniyasamir20', 'shoroukhossin', 'sgu20171515', 'sgu20161519', 'khaledgamal960', 'matthewa81013', 'marwanahmad988', 'mousa', 'salmagamal8880', 'sgu20151496', 'sgu20141424', 'maxmark00111', 'smallboy9', 'omartamer.ot14', 'yosep', 'sgu20161525', 'jwest12197', 'shaltout', 'sgu20141407', 'mmayar361', 'sgu20181485', 'yasminkhaled66', 'sgu20181569', 'baselyasser54', 'sgu20151251', 'sgu20161448', 'sgu20141490', 'midfielder', 'raghdathrwat98', 'doniamohamed', 'sgu20181545', 'necobellator270', 'lobwedge', 'carlosg', 'sgu120180364', 'sgu20131436', 'jgaurav237', 'hoya981018', 'sgu20161523', 'rania_saleh', 'sgu20151411', 'ahmedmubarak474', 'mostafateka1409', 'mo_refaat', 'seungseung', 'parkinsu', 'sgu20161522', 'youssefnasser', 'iprashanthvns', 'sgu20161466', 'sgu20161540', 'dndjun123', 'sgu20161511', 'pij33278', 'mohammedosama.777777', 'sgu20161485', 'ahmedmetwaly', 'reemhamed96', 'sgu20161526', 'amanymohamed646', 'jihunpower', 'michaelcapo', 'sgu20151418', 'eladhamgalal', 'cameron.armand', 'sgu20131449', 'sgu20161497', 'sgu20181536', 'sgu20181501', 'corradini_allison', 'sgu20181520', 'ibrahimaffan1998', 'ma01288889640', 'hasnaincusat', 'abdulrahmangalal', 'sgu20161507', 'sgu20181561', 'jin78919', 'mrmrbiko', 'karimd3', 'sherifmagdy111', 'sgu20171573', 'sgu20141830', 'rashedirami52', 'needumbrella', 'sgu20151463', 'sgu20151434', 'merlin_djoumessi', 'abdelrahmann', 'sgu20199029', 'sgu20181521', 'sgu20141341', 'sgu20161493', 'mahmoudbadry604', 'sgu20161481']"
5,289,122,6,2,"['sgu20181524', 'jihunpower']",119,"['sgu20141398', 'sgu20181566', 'lighteous16', 'sgu20181553', 'sgu20151482', 'amadoxis', 'tahahsyn123', 'sgu20181573', 'wldnjs9910', 'sgu20161477', 'sgranz', 'sgu20131462', 'sgu20181564', 'sgu20151229', 'amerabaher09', 'sgu20181495', 'sgu20171593', 'roqaya', 'sung145', 'midoelshazly198', 'sgu20151443', 'sgu20141444', 'akhaled.nasr98', 'madbouly66', 'junshik5', 'sgu20151416', 'sgu20171495', 'lilbugs96', 'ahmed930as', 'omniyasamir20', 'shoroukhossin', 'sgu20171515', 'sgu20161519', 'khaledgamal960', 'marwanahmad988', 'mousa', 'salmagamal8880', 'sgu20151496', 'sgu20141424', 'maxmark00111', 'smallboy9', 'omartamer.ot14', 'yosep', 'sgu20161525', 'shaltout', 'sgu20141407', 'mmayar361', 'sgu20181485', 'yasminkhaled66', 'sgu20181569', 'baselyasser54', 'sgu20151251', 'sgu20161448', 'sgu20141490', 'midfielder', 'raghdathrwat98', 'doniamohamed', 'sgu20181545', 'necobellator270', 'sgu120180364', 'sgu20131436', 'jgaurav237', 'hoya981018', 'sgu20161523', 'rania_saleh', 'sgu20151411', 'ahmedmubarak474', 'mostafateka1409', 'mo_refaat', 'seungseung', 'parkinsu', 'sgu20161522', 'youssefnasser', 'iprashanthvns', 'sgu20161466', 'sgu20161540', 'dndjun123', 'sgu20161511', 'pij33278', 'mohammedosama.777777', 'sgu20161485', 'ahmedmetwaly', 'reemhamed96', 'sgu20161526', 'amanymohamed646', 'michaelcapo', 'sgu20151418', 'eladhamgalal', 'cameron.armand', 'sgu20131449', 'sgu20161497', 'sgu20181536', 'sgu20181501', 'corradini_allison', 'sgu20181520', 'ibrahimaffan1998', 'ma01288889640', 'hasnaincusat', 'abdulrahmangalal', 'sgu20161507', 'sgu20181561', 'jin78919', 'mrmrbiko', 'karimd3', 'sherifmagdy111', 'sgu20171573', 'sgu20141830', 'rashedirami52', 'needumbrella', 'sgu20151463', 'sgu20151434', 'merlin_djoumessi', 'abdelrahmann', 'sgu20199029', 'sgu20181521', 'sgu20141341', 'sgu20161493', 'mahmoudbadry604', 'sgu20161481']",4,"['sgu20181540', 'sgu20171498', None, 'sgu20151512']",125,"['sgu20171498', 'sgu20141398', 'sgu20181566', 'lighteous16', 'sgu20181553', 'sgu20151482', 'amadoxis', 'tahahsyn123', 'sgu20181573', 'wldnjs9910', 'sgu20161477', 'sgranz', 'sgu20131462', 'sgu20181564', 'sgu20151229', 'amerabaher09', 'sgu20181495', 'sgu20171593', 'roqaya', 'sung145', None, 'sgu20181524', 'midoelshazly198', 'sgu20151443', 'sgu20141444', 'akhaled.nasr98', 'sgu20181540', 'madbouly66', 'junshik5', 'sgu20151416', 'sgu20171495', 'lilbugs96', 'ahmed930as', 'omniyasamir20', 'shoroukhossin', 'sgu20171515', 'sgu20161519', 'khaledgamal960', 'marwanahmad988', 'mousa', 'salmagamal8880', 'sgu20151496', 'sgu20141424', 'maxmark00111', 'smallboy9', 'omartamer.ot14', 'yosep', 'sgu20161525', 'shaltout', 'sgu20141407', 'mmayar361', 'sgu20181485', 'yasminkhaled66', 'sgu20181569', 'baselyasser54', 'sgu20151251', 'sgu20161448', 'sgu20141490', 'midfielder', 'raghdathrwat98', 'doniamohamed', 'sgu20181545', 'necobellator270', 'sgu120180364', 'sgu20131436', 'jgaurav237', 'hoya981018', 'sgu20161523', 'rania_saleh', 'sgu20151411', 'ahmedmubarak474', 'mostafateka1409', 'mo_refaat', 'seungseung', 'parkinsu', 'sgu20161522', 'youssefnasser', 'iprashanthvns', 'sgu20161466', 'sgu20151512', 'sgu20161540', 'dndjun123', 'sgu20161511', 'pij33278', 'mohammedosama.777777', 'sgu20161485', 'ahmedmetwaly', 'reemhamed96', 'sgu20161526', 'amanymohamed646', 'jihunpower', 'michaelcapo', 'sgu20151418', 'eladhamgalal', 'cameron.armand', 'sgu20131449', 'sgu20161497', 'sgu20181536', 'sgu20181501', 'corradini_allison', 'sgu20181520', 'ibrahimaffan1998', 'ma01288889640', 'hasnaincusat', 'abdulrahmangalal', 'sgu20161507', 'sgu20181561', 'jin78919', 'mrmrbiko', 'karimd3', 'sherifmagdy111', 'sgu20171573', 'sgu20141830', 'rashedirami52', 'needumbrella', 'sgu20151463', 'sgu20151434', 'merlin_djoumessi', 'abdelrahmann', 'sgu20199029', 'sgu20181521', 'sgu20141341', 'sgu20161493', 'mahmoudbadry604', 'sgu20161481']"
6,85,76,64,47,"['ashlyn', 'jgupta21', 'saraahmadi', 'tcarey', 'idreeshira', 'patrickdonahue', 'zhirui123', 'isha.sharma', 'yiwenqian', 'jiahuiwang', 'michaelyang12ss', 'jyhayas', 'raymondsun', 'kamalapillai', 'fch720', 'liubenyuanyi', 'tsn179', 'h.iravanian', 'nicklamiller', 'gsuematsu', 'smunckon', 'demiibrahim', 'jnguyen3141', 'arjit.misra', 'eliottpark', 'vishaalgupta', 'acarrillo92705', 'gksthf8251', 'denniszhang', 'lanyx', 'donnarahgoshay', 'yezichao920410', 'zhaoy20', 'shikhaaar', 'ericw34', 'nweng', 'fangjhen_su', 'rajagopaldivya6', 'mitchwongg255', 'adingilian', 'rachelrex1', 'nanukopaku', 'sguidobo', 'sonyaw98', 'laurenbuie', 'omargatica17', 'jwberg']",28,"['khanmishi475', 'mr.jiarui.wang', 'zafar135792468', 'joshua87121', 'yz583', 'bhushan1706', 'jbilde3', 'michaelkraft1512', 'minjinluo', 'dgehrk2', 'dalentone', 'asharma14', 'mbp19941373', 'raphael.prentki', 'sprice29', 'arianadouli1377', 'aliu22', 'zaftighippo', 'abadizaman', 'degwl', 'sharmachandan.iitd', 'jb27281', 'raahul2k', 'ilopez31', 'vinivilelams', 'farahm', 'prakyathi95', 'jmck11']",17,"['mcdiamond21', 'abdulmb', 'kathyhl', None, 'louleosdust', 'reefaldayafleh7', 'atreyk', 'jcfisher', 'crystalgong', 'eyyg123', 'nikhilzgupta', 'radhikab', 'saman_salike', 'schu2', 'benjaminlloyd', 'lengning_wei', 'aydin_golabi']",92,"['mcdiamond21', 'abdulmb', 'ashlyn', 'kathyhl', 'saraahmadi', 'crystalgong', 'patrickdonahue', 'radhikab', 'isha.sharma', 'yz583', 'michaelyang12ss', 'kamalapillai', 'raymondsun', 'liubenyuanyi', 'jcfisher', 'tsn179', 'h.iravanian', 'jbilde3', 'gsuematsu', 'smunckon', 'asharma14', 'schu2', 'demiibrahim', 'lengning_wei', 'arjit.misra', 'vishaalgupta', 'eliottpark', 'sprice29', 'arianadouli1377', 'lanyx', 'degwl', 'sharmachandan.iitd', 'jb27281', 'raahul2k', 'donnarahgoshay', 'benjaminlloyd', 'shikhaaar', 'ilopez31', 'nweng', 'rajagopaldivya6', 'mitchwongg255', 'rachelrex1', 'nanukopaku', 'sonyaw98', 'farahm', 'jwberg', 'omargatica17', 'prakyathi95', 'aydin_golabi', 'jgupta21', 'atreyk', 'khanmishi475', 'tcarey', 'idreeshira', 'mr.jiarui.wang', 'zafar135792468', 'zhirui123', 'saman_salike', 'joshua87121', 'yiwenqian', 'jiahuiwang', 'jyhayas', 'fch720', 'bhushan1706', 'nicklamiller', 'michaelkraft1512', 'minjinluo', 'dgehrk2', 'dalentone', 'mbp19941373', 'jnguyen3141', 'raphael.prentki', 'acarrillo92705', 'aliu22', 'gksthf8251', 'denniszhang', 'zaftighippo', 'abadizaman', 'eyyg123', 'yezichao920410', 'zhaoy20', 'ericw34', None, 'louleosdust', 'fangjhen_su', 'reefaldayafleh7', 'vinivilelams', 'adingilian', 'nikhilzgupta', 'sguidobo', 'laurenbuie', 'jmck11']"
7,15,61,95,3,"['sgu20151448', 'sgu20171538', 'sgu20151512']",57,"['sgu20171559', 'sgu20151464', 'jsmayer', 'sgu20151427', 'sgu20161501_1', 'ruchibagwe', 'megansmith', 'sgu20161543', 'mariamabul', 'leejh8466', 'ninx2.818', 'sgu20151425', 'sgu20141415', 'damonbottoms', 'okeokomo', 'sgu20151451', 'sang2019', 'sgu20151511', 'h.hararwala', 'sgu20141274', 'sgu20171586', 'sinjh0918', 'razorfx', 'sgu20151475', 'sgu20171491', 'sgu20151455', 'sgu20171509', 'sgu20151949', 'salemvin25', 'ryanvillan562', 'sgu20141399', 'sgu20161283', 'sgu20151456', 'chaechae39', 'sgu20151468', 'sgu20171526', 'sgu20141491', 'tareq_4ever', 'sgu20141458', 'ssgu20151449', 'ssgu20151479', 'sgu20151449', 'sgu20131374', 'sgu20171529', 'dlaudwls06', 'eun.dong.hun77', 'vaidyajaykumar', 'pimentaernest', 'sgu20151490', 'octavio3788101', 'sgu20171493', 'topnotch95', 'sgu20141451', 'sgu20151433', 'sgu20161539', 'sgu20141461', 'vinaykumarreddy1221']",92,"['sgu20181553', 'sgu20161477', 'sgu20131462', 'sgu20151229', 'sgu20181495', 'sgu20181572', 'sgu20181524', 'sgu20141444', 'sgu20181540', 'junshik5', 'lilbugs96', 'sgu20171515', 'sgu20151496', 'sgu20161449', 'sgu20161525', 'tlsroqkf2', 'sgu20161448', 'sgu20151251', 'sgu20161512', 'sgu120180364', 'hoya981018', 'seungseung', 'sgu20161466', 'sgu20161540', 'dndjun123', 'sgu20161511', 'sgu20161485', 'sgu20161526', 'sgu20151418', 'sgu20181520', None, 'sgu20161505', 'sgu20161507', 'jin78919', 'sgu20199029', 'sgu20161481', 'sgu20171498', 'sgu20141398', 'sgu20151432', 'sgu20181566', 'sgu20151482', 'sgu20181573', 'sgu20181564', 'sgu20171593', 'sung145', 'sgu20161517', 'sgu20151443', 'sgu20181329', 'sgu20151416', 'sgu20171495', 'sgu20161519', 'sgu20141424', 'sgu20141440', 'smallboy9', 'yosep', 'sgu20141475', 'sgu20141407', 'sgu20181485', 'sgu20141400', 'sgu20181569', 'sgu20181496', 'sgu20141490', 'sgu20141466', 'sgu20181545', 'sgu20131436', 'sgu20151411', 'sgu20161523', 'parkinsu', 'sgu20161522', 'sgu20151429', 'sgu20151413', 'sgu20151410', 'sgu20161494', 'pij33278', 'sgu20161547', 'jihunpower', 'woduq6298', 'sgu20161528', 'sgu20131449', 'sgu20151445', 'sgu20181536', 'sgu20181501', 'sgu20161497', 'sgu20181561', 'sgu20171573', 'sgu20141830', 'sgu20151463', 'sgu20151461', 'sgu20151434', 'sgu20161468', 'sgu20141341', 'sgu20161493']",152,"['sgu20151464', 'sgu20171538', 'sgu20181553', 'jsmayer', 'sgu20161477', 'sgu20131462', 'sgu20151229', 'sgu20181495', 'sgu20181572', 'sgu20181524', 'sgu20141444', 'sgu20171491', 'salemvin25', 'sgu20181540', 'junshik5', 'lilbugs96', 'sgu20151448', 'sgu20171515', 'sgu20161283', 'sgu20151456', 'sgu20151496', 'sgu20171529', 'sgu20161449', 'pimentaernest', 'sgu20161525', 'sgu20171493', 'topnotch95', 'sgu20161448', 'sgu20151251', 'sgu20151433', 'tlsroqkf2', 'sgu20161512', 'sgu120180364', 'hoya981018', 'sgu20161543', 'seungseung', 'sgu20151512', 'sgu20161466', 'sgu20161540', 'dndjun123', 'sgu20161511', 'razorfx', 'sgu20171509', 'sgu20161485', 'sgu20161526', 'sgu20141399', 'sgu20151418', 'chaechae39', 'sgu20141458', 'sgu20181520', 'ssgu20151449', None, 'sgu20161505', 'sgu20161507', 'jin78919', 'sgu20151490', 'sgu20199029', 'sgu20161539', 'sgu20161481', 'sgu20171498', 'sgu20141398', 'sgu20151432', 'sgu20181566', 'sgu20151482', 'sgu20181573', 'sgu20151427', 'sgu20161501_1', 'ruchibagwe', 'sgu20181564', 'leejh8466', 'sgu20171593', 'sgu20151425', 'okeokomo', 'sang2019', 'sgu20171586', 'sung145', 'sgu20161517', 'sgu20151443', 'sgu20151455', 'ryanvillan562', 'sgu20151949', 'sgu20181329', 'sgu20151416', 'sgu20171495', 'sgu20161519', 'sgu20141424', 'sgu20171526', 'ssgu20151479', 'sgu20141440', 'smallboy9', 'sgu20131374', 'eun.dong.hun77', 'yosep', 'sgu20141475', 'sgu20141407', 'sgu20181485', 'sgu20141451', 'sgu20141400', 'sgu20181569', 'sgu20181496', 'sgu20141490', 'sgu20141461', 'vinaykumarreddy1221', 'sgu20181545', 'sgu20141466', 'sgu20171559', 'sgu20131436', 'sgu20151411', 'sgu20161523', 'megansmith', 'parkinsu', 'mariamabul', 'sgu20161522', 'ninx2.818', 'damonbottoms', 'sgu20141415', 'sgu20151429', 'sgu20151451', 'sgu20151413', 'sgu20141274', 'sgu20151511', 'h.hararwala', 'sgu20151410', 'sgu20161494', 'sinjh0918', 'pij33278', 'sgu20151475', 'sgu20161547', 'jihunpower', 'woduq6298', 'sgu20161528', 'sgu20131449', 'sgu20151445', 'sgu20181536', 'sgu20151468', 'sgu20181501', 'sgu20141491', 'tareq_4ever', 'sgu20161497', 'sgu20181561', 'sgu20151449', 'dlaudwls06', 'sgu20171573', 'vaidyajaykumar', 'sgu20141830', 'octavio3788101', 'sgu20151463', 'sgu20151461', 'sgu20151434', 'sgu20161468', 'sgu20141341', 'sgu20161493']"
7,188,61,55,44,"['sgu20171559', 'sgu20151464', 'sgu20171538', 'sgu20151427', 'sgu20161501_1', 'sgu20161543', 'leejh8466', 'ninx2.818', 'sgu20151425', 'sgu20141415', 'sgu20151451', 'sang2019', 'sgu20141274', 'sgu20151511', 'sgu20171586', 'sinjh0918', 'sgu20171509', 'sgu20151475', 'sgu20151455', 'sgu20171491', 'sgu20151949', 'sgu20151448', 'sgu20141399', 'sgu20161283', 'sgu20151456', 'chaechae39', 'sgu20151468', 'sgu20171526', 'sgu20141491', 'ssgu20151479', 'sgu20141458', 'ssgu20151449', 'sgu20151449', 'sgu20131374', 'sgu20171529', 'eun.dong.hun77', 'dlaudwls06', 'sgu20151490', 'sgu20171493', 'topnotch95', 'sgu20141451', 'sgu20151433', 'sgu20161539', 'sgu20141461']",16,"['damonbottoms', 'sgu20151512', 'okeokomo', 'vaidyajaykumar', 'pimentaernest', 'h.hararwala', 'octavio3788101', 'vinaykumarreddy1221', 'jsmayer', 'razorfx', 'ruchibagwe', 'megansmith', 'tareq_4ever', 'mariamabul', 'salemvin25', 'ryanvillan562']",11,"['jungyoungjae7100', 'sgu20151413', 'sgu20151410', 'sgu20141475', 'sgu20161542', 'sgu20161517', 'sgu20161494', 'sgu20141400', 'hkm77795', None, 'sgu20141440']",71,"['sgu20151464', 'sgu20171538', 'jsmayer', 'sgu20151427', 'sgu20161501_1', 'ruchibagwe', 'leejh8466', 'sgu20151425', 'okeokomo', 'sang2019', 'sgu20171586', 'sgu20161517', 'sgu20171491', 'sgu20151455', 'salemvin25', 'sgu20151949', 'ryanvillan562', 'sgu20151448', 'sgu20161283', 'sgu20151456', 'sgu20171526', 'ssgu20151479', 'sgu20141440', 'sgu20131374', 'sgu20171529', 'eun.dong.hun77', 'pimentaernest', 'sgu20141475', 'sgu20171493', 'topnotch95', 'sgu20141451', 'sgu20141400', 'sgu20151433', 'sgu20141461', 'vinaykumarreddy1221', 'sgu20171559', 'megansmith', 'sgu20161543', 'mariamabul', 'ninx2.818', 'damonbottoms', 'sgu20141415', 'sgu20151512', 'sgu20151451', 'sgu20151413', 'sgu20141274', 'sgu20151511', 'h.hararwala', 'sgu20151410', 'sgu20161542', 'sgu20161494', 'sinjh0918', 'razorfx', 'sgu20151475', 'sgu20171509', 'sgu20141399', 'jungyoungjae7100', 'chaechae39', 'sgu20151468', 'sgu20141491', 'tareq_4ever', 'sgu20141458', 'ssgu20151449', None, 'sgu20151449', 'dlaudwls06', 'vaidyajaykumar', 'sgu20151490', 'octavio3788101', 'hkm77795', 'sgu20161539']"
7,189,61,18,4,"['pimentaernest', 'ryanvillan562', 'octavio3788101', 'ruchibagwe']",56,"['sgu20171559', 'sgu20151464', 'sgu20171538', 'jsmayer', 'sgu20151427', 'sgu20161501_1', 'megansmith', 'sgu20161543', 'mariamabul', 'leejh8466', 'ninx2.818', 'sgu20151425', 'sgu20141415', 'sgu20151512', 'okeokomo', 'damonbottoms', 'sgu20151451', 'sang2019', 'sgu20151511', 'h.hararwala', 'sgu20141274', 'sgu20171586', 'sinjh0918', 'razorfx', 'sgu20151475', 'sgu20171491', 'sgu20151455', 'sgu20171509', 'sgu20151949', 'salemvin25', 'sgu20141399', 'sgu20151448', 'sgu20161283', 'sgu20151456', 'chaechae39', 'sgu20151468', 'sgu20171526', 'sgu20141491', 'tareq_4ever', 'sgu20141458', 'ssgu20151449', 'ssgu20151479', 'sgu20151449', 'sgu20131374', 'sgu20171529', 'dlaudwls06', 'eun.dong.hun77', 'vaidyajaykumar', 'sgu20151490', 'sgu20171493', 'topnotch95', 'sgu20141451', 'sgu20151433', 'sgu20161539', 'sgu20141461', 'vinaykumarreddy1221']",14,"[None, 'shimakaheh', 'dhara041992', 'devajnparikh1995', '888163482_ds', 'ankit6257', 'mehtavarshil', 'allencampos', 'taijuandoe', 'nasimghadyani', 'jmjuliano', 'jahnavikachhia', 'ericliu', 'ushah']",74,"['sgu20151464', 'sgu20171538', 'jsmayer', 'sgu20151427', 'sgu20161501_1', 'ruchibagwe', 'leejh8466', 'sgu20151425', 'okeokomo', 'sang2019', 'sgu20171586', 'sgu20171491', 'sgu20151455', 'salemvin25', 'sgu20151949', 'ryanvillan562', 'sgu20151448', 'sgu20161283', 'sgu20151456', 'nasimghadyani', 'sgu20171526', 'ssgu20151479', 'sgu20131374', 'sgu20171529', 'eun.dong.hun77', 'pimentaernest', 'sgu20171493', 'topnotch95', 'mehtavarshil', 'sgu20141451', 'jmjuliano', 'sgu20151433', 'sgu20141461', 'vinaykumarreddy1221', 'ushah', 'sgu20171559', 'shimakaheh', 'devajnparikh1995', 'jahnavikachhia', 'megansmith', 'sgu20161543', 'mariamabul', 'ankit6257', 'ninx2.818', 'damonbottoms', 'sgu20141415', 'sgu20151512', 'sgu20151451', 'dhara041992', 'sgu20141274', 'sgu20151511', 'h.hararwala', '888163482_ds', 'sinjh0918', 'razorfx', 'taijuandoe', 'sgu20151475', 'sgu20171509', 'ericliu', 'sgu20141399', 'chaechae39', 'sgu20151468', 'sgu20141491', 'tareq_4ever', 'sgu20141458', 'ssgu20151449', 'allencampos', None, 'sgu20151449', 'dlaudwls06', 'vaidyajaykumar', 'sgu20151490', 'octavio3788101', 'sgu20161539']"
7,198,61,16,4,"['pimentaernest', 'ryanvillan562', 'octavio3788101', 'ruchibagwe']",56,"['sgu20171559', 'sgu20151464', 'sgu20171538', 'jsmayer', 'sgu20151427', 'sgu20161501_1', 'megansmith', 'sgu20161543', 'mariamabul', 'leejh8466', 'ninx2.818', 'sgu20151425', 'sgu20141415', 'sgu20151512', 'okeokomo', 'damonbottoms', 'sgu20151451', 'sang2019', 'sgu20151511', 'h.hararwala', 'sgu20141274', 'sgu20171586', 'sinjh0918', 'razorfx', 'sgu20151475', 'sgu20171491', 'sgu20151455', 'sgu20171509', 'sgu20151949', 'salemvin25', 'sgu20141399', 'sgu20151448', 'sgu20161283', 'sgu20151456', 'chaechae39', 'sgu20151468', 'sgu20171526', 'sgu20141491', 'tareq_4ever', 'sgu20141458', 'ssgu20151449', 'ssgu20151479', 'sgu20151449', 'sgu20131374', 'sgu20171529', 'dlaudwls06', 'eun.dong.hun77', 'vaidyajaykumar', 'sgu20151490', 'sgu20171493', 'topnotch95', 'sgu20141451', 'sgu20151433', 'sgu20161539', 'sgu20141461', 'vinaykumarreddy1221']",12,"[None, 'shimakaheh', 'dhara041992', '888163482_ds', 'ankit6257', 'mehtavarshil', 'taijuandoe', 'nasimghadyani', 'jmjuliano', 'jahnavikachhia', 'ericliu', 'ushah']",72,"['sgu20171559', 'sgu20151464', 'shimakaheh', 'sgu20171538', 'jsmayer', 'sgu20151427', 'jahnavikachhia', 'sgu20161501_1', 'ruchibagwe', 'megansmith', 'sgu20161543', 'leejh8466', 'mariamabul', 'ankit6257', 'ninx2.818', 'sgu20151425', 'sgu20141415', 'sgu20151512', 'okeokomo', 'damonbottoms', 'sgu20151451', 'dhara041992', 'sang2019', 'sgu20151511', 'h.hararwala', 'sgu20141274', 'sgu20171586', '888163482_ds', 'sinjh0918', 'razorfx', 'taijuandoe', 'ushah', 'sgu20151475', 'sgu20171491', 'sgu20151455', 'sgu20171509', 'sgu20151949', 'salemvin25', 'ryanvillan562', 'ericliu', 'sgu20141399', 'sgu20151448', 'sgu20161283', 'sgu20151456', 'chaechae39', 'sgu20151468', 'sgu20171526', 'sgu20141491', 'tareq_4ever', 'sgu20141458', 'ssgu20151449', 'ssgu20151479', 'nasimghadyani', None, 'sgu20151449', 'sgu20131374', 'sgu20171529', 'dlaudwls06', 'eun.dong.hun77', 'vaidyajaykumar', 'pimentaernest', 'sgu20151490', 'octavio3788101', 'sgu20171493', 'topnotch95', 'mehtavarshil', 'sgu20141451', 'jmjuliano', 'sgu20151433', 'sgu20161539', 'sgu20141461', 'vinaykumarreddy1221']"
7,169,61,10,1,['pimentaernest'],59,"['sgu20171559', 'sgu20151464', 'sgu20171538', 'jsmayer', 'sgu20151427', 'sgu20161501_1', 'ruchibagwe', 'megansmith', 'sgu20161543', 'leejh8466', 'mariamabul', 'ninx2.818', 'sgu20151425', 'sgu20141415', 'sgu20151512', 'okeokomo', 'damonbottoms', 'sgu20151451', 'sang2019', 'sgu20151511', 'h.hararwala', 'sgu20141274', 'sgu20171586', 'sinjh0918', 'razorfx', 'sgu20151475', 'sgu20171491', 'sgu20151455', 'sgu20171509', 'sgu20151949', 'salemvin25', 'ryanvillan562', 'sgu20141399', 'sgu20151448', 'sgu20161283', 'sgu20151456', 'chaechae39', 'sgu20151468', 'sgu20171526', 'sgu20141491', 'tareq_4ever', 'sgu20141458', 'ssgu20151449', 'ssgu20151479', 'sgu20151449', 'sgu20131374', 'sgu20171529', 'dlaudwls06', 'eun.dong.hun77', 'vaidyajaykumar', 'sgu20151490', 'octavio3788101', 'sgu20171493', 'topnotch95', 'sgu20141451', 'sgu20151433', 'sgu20161539', 'sgu20141461', 'vinaykumarreddy1221']",9,"[None, 'shimakaheh', 'dhara041992', 'mehtavarshil', 'taijuandoe', 'nasimghadyani', 'jmjuliano', 'ericliu', 'allencampos']",69,"['sgu20171559', 'sgu20151464', 'shimakaheh', 'sgu20171538', 'jsmayer', 'sgu20151427', 'sgu20161501_1', 'ruchibagwe', 'megansmith', 'sgu20161543', 'leejh8466', 'mariamabul', 'ninx2.818', 'sgu20151425', 'sgu20141415', 'sgu20151512', 'okeokomo', 'damonbottoms', 'sgu20151451', 'dhara041992', 'sang2019', 'sgu20151511', 'h.hararwala', 'sgu20141274', 'sgu20171586', 'sinjh0918', 'razorfx', 'taijuandoe', 'sgu20151475', 'sgu20171491', 'sgu20151455', 'sgu20171509', 'sgu20151949', 'salemvin25', 'ryanvillan562', 'ericliu', 'sgu20141399', 'sgu20151448', 'sgu20161283', 'sgu20151456', 'chaechae39', 'sgu20151468', 'sgu20171526', 'sgu20141491', 'tareq_4ever', 'sgu20141458', 'ssgu20151449', 'ssgu20151479', 'allencampos', 'nasimghadyani', None, 'sgu20151449', 'sgu20131374', 'sgu20171529', 'dlaudwls06', 'eun.dong.hun77', 'vaidyajaykumar', 'pimentaernest', 'sgu20151490', 'octavio3788101', 'sgu20171493', 'topnotch95', 'mehtavarshil', 'sgu20141451', 'jmjuliano', 'sgu20151433', 'sgu20161539', 'sgu20141461', 'vinaykumarreddy1221']"
7,17,61,7,1,['ryanvillan562'],59,"['sgu20171559', 'sgu20151464', 'sgu20171538', 'jsmayer', 'sgu20151427', 'sgu20161501_1', 'ruchibagwe', 'megansmith', 'sgu20161543', 'leejh8466', 'mariamabul', 'ninx2.818', 'sgu20151425', 'sgu20141415', 'sgu20151512', 'okeokomo', 'damonbottoms', 'sgu20151451', 'sang2019', 'sgu20151511', 'h.hararwala', 'sgu20141274', 'sgu20171586', 'sinjh0918', 'razorfx', 'sgu20151475', 'sgu20171491', 'sgu20151455', 'sgu20171509', 'sgu20151949', 'salemvin25', 'sgu20141399', 'sgu20151448', 'sgu20161283', 'sgu20151456', 'chaechae39', 'sgu20151468', 'sgu20171526', 'sgu20141491', 'tareq_4ever', 'sgu20141458', 'ssgu20151449', 'ssgu20151479', 'sgu20151449', 'sgu20131374', 'sgu20171529', 'dlaudwls06', 'eun.dong.hun77', 'vaidyajaykumar', 'pimentaernest', 'sgu20151490', 'octavio3788101', 'sgu20171493', 'topnotch95', 'sgu20141451', 'sgu20151433', 'sgu20161539', 'sgu20141461', 'vinaykumarreddy1221']",6,"['dhara041992', 'devajnparikh1995', '888163482_ds', 'nasimghadyani', 'jahnavikachhia', None]",66,"['sgu20171559', 'sgu20151464', 'sgu20171538', 'devajnparikh1995', 'jsmayer', 'sgu20151427', 'jahnavikachhia', 'sgu20161501_1', 'ruchibagwe', 'megansmith', 'sgu20161543', 'leejh8466', 'mariamabul', 'ninx2.818', 'sgu20151425', 'sgu20141415', 'sgu20151512', 'okeokomo', 'damonbottoms', 'sgu20151451', 'dhara041992', 'sang2019', 'sgu20151511', 'h.hararwala', 'sgu20141274', 'sgu20171586', '888163482_ds', 'sinjh0918', 'razorfx', 'sgu20151475', 'sgu20171491', 'sgu20151455', 'sgu20171509', 'sgu20151949', 'salemvin25', 'ryanvillan562', 'sgu20141399', 'sgu20151448', 'sgu20161283', 'sgu20151456', 'chaechae39', 'sgu20151468', 'sgu20171526', 'sgu20141491', 'tareq_4ever', 'sgu20141458', 'ssgu20151449', 'ssgu20151479', 'nasimghadyani', None, 'sgu20151449', 'sgu20131374', 'sgu20171529', 'dlaudwls06', 'eun.dong.hun77', 'vaidyajaykumar', 'pimentaernest', 'sgu20151490', 'octavio3788101', 'sgu20171493', 'topnotch95', 'sgu20141451', 'sgu20151433', 'sgu20161539', 'sgu20141461', 'vinaykumarreddy1221']"
7,190,61,7,1,['damonbottoms'],59,"['sgu20171559', 'sgu20151464', 'sgu20171538', 'jsmayer', 'sgu20151427', 'sgu20161501_1', 'ruchibagwe', 'megansmith', 'sgu20161543', 'leejh8466', 'mariamabul', 'ninx2.818', 'sgu20151425', 'sgu20141415', 'sgu20151512', 'okeokomo', 'sgu20151451', 'sang2019', 'sgu20151511', 'h.hararwala', 'sgu20141274', 'sgu20171586', 'sinjh0918', 'razorfx', 'sgu20151475', 'sgu20171491', 'sgu20151455', 'sgu20171509', 'sgu20151949', 'salemvin25', 'ryanvillan562', 'sgu20141399', 'sgu20151448', 'sgu20161283', 'sgu20151456', 'chaechae39', 'sgu20151468', 'sgu20171526', 'sgu20141491', 'tareq_4ever', 'sgu20141458', 'ssgu20151449', 'ssgu20151479', 'sgu20151449', 'sgu20131374', 'sgu20171529', 'dlaudwls06', 'eun.dong.hun77', 'vaidyajaykumar', 'pimentaernest', 'sgu20151490', 'octavio3788101', 'sgu20171493', 'topnotch95', 'sgu20141451', 'sgu20151433', 'sgu20161539', 'sgu20141461', 'vinaykumarreddy1221']",6,"['brwe224', 'lworm', 'crh234', 'zztman117', None, 'jthastings']",66,"['sgu20171559', 'sgu20151464', 'brwe224', 'lworm', 'crh234', 'sgu20171538', 'zztman117', 'jsmayer', 'sgu20151427', 'sgu20161501_1', 'ruchibagwe', 'megansmith', 'sgu20161543', 'leejh8466', 'mariamabul', 'ninx2.818', 'sgu20151425', 'sgu20141415', 'sgu20151512', 'okeokomo', 'damonbottoms', 'sgu20151451', 'sang2019', 'sgu20151511', 'h.hararwala', 'sgu20141274', 'sgu20171586', 'sinjh0918', 'razorfx', 'sgu20151475', 'sgu20171491', 'sgu20151455', 'sgu20171509', 'sgu20151949', 'salemvin25', 'ryanvillan562', 'sgu20141399', 'sgu20151448', 'sgu20161283', 'sgu20151456', 'chaechae39', 'sgu20151468', 'sgu20171526', 'sgu20141491', 'tareq_4ever', 'sgu20141458', 'ssgu20151449', 'ssgu20151479', None, 'jthastings', 'sgu20151449', 'sgu20131374', 'sgu20171529', 'dlaudwls06', 'eun.dong.hun77', 'vaidyajaykumar', 'pimentaernest', 'sgu20151490', 'octavio3788101', 'sgu20171493', 'topnotch95', 'sgu20141451', 'sgu20151433', 'sgu20161539', 'sgu20141461', 'vinaykumarreddy1221']"
7,289,61,6,1,['sgu20151512'],59,"['sgu20171559', 'sgu20151464', 'sgu20171538', 'jsmayer', 'sgu20151427', 'sgu20161501_1', 'ruchibagwe', 'megansmith', 'sgu20161543', 'leejh8466', 'mariamabul', 'ninx2.818', 'sgu20151425', 'sgu20141415', 'okeokomo', 'damonbottoms', 'sgu20151451', 'sang2019', 'sgu20151511', 'h.hararwala', 'sgu20141274', 'sgu20171586', 'sinjh0918', 'razorfx', 'sgu20151475', 'sgu20171491', 'sgu20151455', 'sgu20171509', 'sgu20151949', 'salemvin25', 'ryanvillan562', 'sgu20141399', 'sgu20151448', 'sgu20161283', 'sgu20151456', 'chaechae39', 'sgu20151468', 'sgu20171526', 'sgu20141491', 'tareq_4ever', 'sgu20141458', 'ssgu20151449', 'ssgu20151479', 'sgu20151449', 'sgu20131374', 'sgu20171529', 'dlaudwls06', 'eun.dong.hun77', 'vaidyajaykumar', 'pimentaernest', 'sgu20151490', 'octavio3788101', 'sgu20171493', 'topnotch95', 'sgu20141451', 'sgu20151433', 'sgu20161539', 'sgu20141461', 'vinaykumarreddy1221']",5,"['sgu20181540', 'sgu20171498', 'jihunpower', 'sgu20181524', None]",65,"['sgu20171559', 'sgu20151464', 'sgu20171498', 'sgu20171538', 'jsmayer', 'sgu20151427', 'sgu20161501_1', 'ruchibagwe', 'megansmith', 'sgu20161543', 'leejh8466', 'mariamabul', 'ninx2.818', 'sgu20151425', 'sgu20141415', 'sgu20151512', 'okeokomo', 'damonbottoms', 'sgu20151451', 'sang2019', 'sgu20151511', 'h.hararwala', 'sgu20141274', 'sgu20171586', 'sgu20181524', 'sinjh0918', 'razorfx', 'sgu20151475', 'sgu20171491', 'sgu20151455', 'sgu20171509', 'sgu20151949', 'salemvin25', 'ryanvillan562', 'sgu20181540', 'jihunpower', 'sgu20141399', 'sgu20151448', 'sgu20161283', 'sgu20151456', 'chaechae39', 'sgu20151468', 'sgu20171526', 'sgu20141491', 'tareq_4ever', 'sgu20141458', 'ssgu20151449', 'ssgu20151479', None, 'sgu20151449', 'sgu20131374', 'sgu20171529', 'dlaudwls06', 'eun.dong.hun77', 'vaidyajaykumar', 'pimentaernest', 'sgu20151490', 'octavio3788101', 'sgu20171493', 'topnotch95', 'sgu20141451', 'sgu20151433', 'sgu20161539', 'sgu20141461', 'vinaykumarreddy1221']"
8,240,58,66,53,"['palcal2', 'wsuk2', 'domanus2', 'tz11', 'qiuhuic2', 'blakerc2', 'shuming2', 'hjr2', 'cbo3', 'jjwilde2', 'yizhuow2', 'petercp2', 'ryanwm2', 'jgruber3', 'danayun2', 'joseam2', 'staceyn2', 'edimare2', 'pittges2', 'wolan2', 'tss3', 'bsusol2', 'iflueck2', 'anunez38', 'ssutyak2', 'tsehgal2', 'xzhan147', 'hf4', 'cmoauro2', 'kwlan2', 'kevinjl3', 'conanw2', 'alberto4', 'lsienko2', 'junzed2', 'jinsup2', 'nkerska2', 'pwalke9', 'shirani', 'jtkach2', 'rhalton2', 'anirula2', 'rvplank2', 'txyang2', 'heh2', 'mw21', 'nkansah2', 'btung3', 'jungeun5', 'naisong2', 'akozych2', 'hashim2', 'joshuas8']",4,"['arhode2', 'bharath3', 'jiaxinchennu', 'chatchai.meena']",13,"['vkm2', 'kfurbee2', 'billykeaty', 'avw2', 'shwetab2', 'gcangi2', 'graceml2', 'jkubota2', 'omarma2', 'qq912967061', 'sflai2', None, 'zhixin2']",70,"['palcal2', 'vkm2', 'tz11', 'gcangi2', 'graceml2', 'jjwilde2', 'shuming2', 'hjr2', 'yizhuow2', 'petercp2', 'sflai2', 'zhixin2', 'billykeaty', 'avw2', 'joseam2', 'staceyn2', 'edimare2', 'pittges2', 'wolan2', 'tss3', 'anunez38', 'tsehgal2', 'hf4', 'chatchai.meena', 'conanw2', 'alberto4', 'shwetab2', 'lsienko2', 'junzed2', 'jinsup2', 'nkerska2', 'shirani', 'rhalton2', 'anirula2', 'txyang2', 'jkubota2', 'nkansah2', 'jungeun5', 'joshuas8', 'domanus2', 'wsuk2', 'kfurbee2', 'qiuhuic2', 'omarma2', 'blakerc2', 'cbo3', 'ryanwm2', 'jgruber3', 'danayun2', 'jiaxinchennu', 'bsusol2', 'iflueck2', 'arhode2', 'ssutyak2', 'xzhan147', 'kwlan2', 'cmoauro2', 'kevinjl3', 'qq912967061', 'pwalke9', 'jtkach2', None, 'rvplank2', 'heh2', 'mw21', 'btung3', 'bharath3', 'naisong2', 'akozych2', 'hashim2']"
8,243,58,60,52,"['palcal2', 'wsuk2', 'domanus2', 'tz11', 'qiuhuic2', 'blakerc2', 'shuming2', 'hjr2', 'cbo3', 'jjwilde2', 'yizhuow2', 'petercp2', 'ryanwm2', 'jgruber3', 'danayun2', 'joseam2', 'staceyn2', 'edimare2', 'pittges2', 'wolan2', 'tss3', 'bsusol2', 'iflueck2', 'anunez38', 'ssutyak2', 'tsehgal2', 'xzhan147', 'kwlan2', 'cmoauro2', 'kevinjl3', 'conanw2', 'alberto4', 'lsienko2', 'junzed2', 'jinsup2', 'nkerska2', 'pwalke9', 'shirani', 'jtkach2', 'rhalton2', 'anirula2', 'rvplank2', 'txyang2', 'heh2', 'mw21', 'nkansah2', 'btung3', 'jungeun5', 'naisong2', 'akozych2', 'hashim2', 'joshuas8']",5,"['chatchai.meena', 'bharath3', 'jiaxinchennu', 'arhode2', 'hf4']",8,"['kfurbee2', 'fpkelly2', 'vtagare2', 'mlandi6', 'wkeaty2', 'srptrsn2', 'antonhn2', None]",65,"['palcal2', 'tz11', 'jjwilde2', 'shuming2', 'hjr2', 'wkeaty2', 'yizhuow2', 'petercp2', 'joseam2', 'staceyn2', 'edimare2', 'pittges2', 'wolan2', 'tss3', 'anunez38', 'tsehgal2', 'hf4', 'chatchai.meena', 'conanw2', 'alberto4', 'lsienko2', 'vtagare2', 'mlandi6', 'junzed2', 'jinsup2', 'nkerska2', 'shirani', 'rhalton2', 'anirula2', 'txyang2', 'nkansah2', 'jungeun5', 'srptrsn2', 'joshuas8', 'domanus2', 'wsuk2', 'kfurbee2', 'qiuhuic2', 'blakerc2', 'cbo3', 'ryanwm2', 'jgruber3', 'danayun2', 'fpkelly2', 'jiaxinchennu', 'bsusol2', 'iflueck2', 'arhode2', 'ssutyak2', 'xzhan147', 'kwlan2', 'cmoauro2', 'kevinjl3', 'pwalke9', 'jtkach2', None, 'rvplank2', 'heh2', 'mw21', 'btung3', 'bharath3', 'naisong2', 'akozych2', 'antonhn2', 'hashim2']"
8,241,58,28,1,['bharath3'],56,"['palcal2', 'wsuk2', 'domanus2', 'tz11', 'qiuhuic2', 'blakerc2', 'shuming2', 'hjr2', 'cbo3', 'jjwilde2', 'yizhuow2', 'petercp2', 'ryanwm2', 'jgruber3', 'danayun2', 'joseam2', 'staceyn2', 'edimare2', 'pittges2', 'wolan2', 'jiaxinchennu', 'tss3', 'bsusol2', 'iflueck2', 'arhode2', 'anunez38', 'tsehgal2', 'xzhan147', 'hf4', 'cmoauro2', 'chatchai.meena', 'kwlan2', 'conanw2', 'alberto4', 'kevinjl3', 'lsienko2', 'junzed2', 'jinsup2', 'nkerska2', 'pwalke9', 'shirani', 'jtkach2', 'ssutyak2', 'rhalton2', 'anirula2', 'rvplank2', 'txyang2', 'heh2', 'mw21', 'nkansah2', 'btung3', 'jungeun5', 'naisong2', 'akozych2', 'hashim2', 'joshuas8']",27,"['meba', 'graceml2', 'clin101', 'klause2', 'spangnt2', 'qyurek2', 'dylanb2', 'myl3', 'sarahrp2', 'shim35', 'kychui2', 'kbb2', 'jiwu2', 'scc3', 'yhu55', 'nsshah9', 'juliaeb2', 'aneeshj2', 'amyrm20', 'dnarie2', 'jingyiw3', None, 'yukii2', 'cromnes2', 'coderko3', 'villari2', 'isaxton2']",84,"['palcal2', 'tz11', 'graceml2', 'clin101', 'jjwilde2', 'shuming2', 'hjr2', 'spangnt2', 'yizhuow2', 'petercp2', 'joseam2', 'staceyn2', 'edimare2', 'shim35', 'pittges2', 'wolan2', 'kychui2', 'kbb2', 'tss3', 'anunez38', 'tsehgal2', 'hf4', 'nsshah9', 'chatchai.meena', 'juliaeb2', 'conanw2', 'alberto4', 'aneeshj2', 'lsienko2', 'junzed2', 'dnarie2', 'jinsup2', 'nkerska2', 'shirani', 'rhalton2', 'anirula2', 'yukii2', 'cromnes2', 'coderko3', 'txyang2', 'nkansah2', 'isaxton2', 'jungeun5', 'joshuas8', 'domanus2', 'wsuk2', 'meba', 'qiuhuic2', 'klause2', 'blakerc2', 'cbo3', 'ryanwm2', 'qyurek2', 'dylanb2', 'jgruber3', 'danayun2', 'myl3', 'sarahrp2', 'jiaxinchennu', 'bsusol2', 'iflueck2', 'arhode2', 'ssutyak2', 'xzhan147', 'kwlan2', 'jiwu2', 'cmoauro2', 'yhu55', 'kevinjl3', 'scc3', 'amyrm20', 'jingyiw3', 'pwalke9', 'jtkach2', None, 'rvplank2', 'heh2', 'mw21', 'villari2', 'btung3', 'bharath3', 'naisong2', 'akozych2', 'hashim2']"
9,179,57,57,52,"['shareefah', 'akarar', 'alsandanfanna', 'fatemah_zadah', 'monaalm28307', 'maxrooky', 'aldalmanitahani', '965aumer', 'shaikhah30121', 'zuhourbahzad', 'bilelneji', 'danah36__', 'sarahash139', 'doaaraed97', 'amerah.alowaisheer', 'sarahalomani', 'zahrasa97', 'althuwaini', 'shurouq', 'hananbahar77', 'lamyaalmahfoudh', 'zainabsa', 'hanannn', 'meshari', 'fatemahalazmi25', 'groupf3', 'nano97', 'zeinab97', 'ghezlan', 'dalal_alasfour', 'salhah', 'fatmanabeel', 'mjalmulla', 'hayaalfailakawinn', 'shahadalmuqaihet', 'bashayer', 'deemahalhussaini', 'hajamal45', 'salahalbloushi', 'eilafalomar', 'hananbhar', 'bedouralsuheel', 'abstraxt', 'moh_grp', 'jassimalfadhli.3535', 'aesha', 'hassan_414', 'nourabt4', 'dhkm', 'mariamalsalem', 'yfalzaabi', 'fbhajji']",4,"['shalk97', 'fatmabahrouh', 'sgu20161542', 'f20170426']",5,"['boomboom3abod', 'abdullah.s.karar', 'aumx97', 'bilel.neji', None]",61,"['akarar', 'bilel.neji', 'aldalmanitahani', '965aumer', 'zuhourbahzad', 'bilelneji', 'doaaraed97', 'amerah.alowaisheer', 'shalk97', 'zahrasa97', 'shurouq', 'boomboom3abod', 'ghezlan', 'dalal_alasfour', 'abdullah.s.karar', 'fatmanabeel', 'mjalmulla', 'shahadalmuqaihet', 'hajamal45', 'eilafalomar', 'abstraxt', 'moh_grp', 'aumx97', 'jassimalfadhli.3535', 'aesha', 'nourabt4', 'fatmabahrouh', 'dhkm', 'mariamalsalem', 'shareefah', 'alsandanfanna', 'monaalm28307', 'fatemah_zadah', 'maxrooky', 'shaikhah30121', 'sarahash139', 'danah36__', 'sarahalomani', 'f20170426', 'althuwaini', 'sgu20161542', 'hananbahar77', 'lamyaalmahfoudh', 'zainabsa', 'hanannn', 'meshari', 'fatemahalazmi25', 'groupf3', 'nano97', 'zeinab97', 'salhah', 'hayaalfailakawinn', 'bashayer', 'deemahalhussaini', None, 'salahalbloushi', 'hananbhar', 'bedouralsuheel', 'hassan_414', 'yfalzaabi', 'fbhajji']"
9,188,57,55,1,['sgu20161542'],55,"['shareefah', 'akarar', 'alsandanfanna', 'fatemah_zadah', 'monaalm28307', 'maxrooky', 'aldalmanitahani', '965aumer', 'shaikhah30121', 'zuhourbahzad', 'bilelneji', 'danah36__', 'sarahash139', 'doaaraed97', 'amerah.alowaisheer', 'sarahalomani', 'shalk97', 'f20170426', 'althuwaini', 'zahrasa97', 'shurouq', 'hananbahar77', 'lamyaalmahfoudh', 'zainabsa', 'hanannn', 'meshari', 'fatemahalazmi25', 'groupf3', 'nano97', 'zeinab97', 'ghezlan', 'dalal_alasfour', 'salhah', 'fatmanabeel', 'mjalmulla', 'hayaalfailakawinn', 'shahadalmuqaihet', 'bashayer', 'deemahalhussaini', 'hajamal45', 'salahalbloushi', 'eilafalomar', 'hananbhar', 'bedouralsuheel', 'abstraxt', 'moh_grp', 'jassimalfadhli.3535', 'aesha', 'hassan_414', 'nourabt4', 'fatmabahrouh', 'dhkm', 'mariamalsalem', 'yfalzaabi', 'fbhajji']",54,"['sgu20171559', 'sgu20151464', 'sgu20171538', 'sgu20151427', 'sgu20161501_1', 'sgu20161543', 'leejh8466', 'ninx2.818', 'sgu20151425', 'sgu20141415', 'sgu20151451', 'sgu20151413', 'sang2019', 'sgu20151410', 'sgu20141274', 'sgu20151511', 'sgu20171586', 'sgu20161517', 'sinjh0918', 'sgu20161494', 'sgu20171509', 'sgu20151475', 'sgu20151455', 'sgu20171491', 'sgu20151949', 'sgu20151448', 'jungyoungjae7100', 'sgu20141399', 'sgu20161283', 'sgu20151456', 'chaechae39', 'sgu20151468', 'sgu20171526', 'sgu20141491', 'ssgu20151479', 'sgu20141458', 'ssgu20151449', None, 'sgu20141440', 'sgu20151449', 'sgu20131374', 'sgu20171529', 'eun.dong.hun77', 'dlaudwls06', 'sgu20141475', 'sgu20151490', 'sgu20171493', 'topnotch95', 'sgu20141451', 'sgu20141400', 'hkm77795', 'sgu20151433', 'sgu20161539', 'sgu20141461']",110,"['sgu20151464', 'akarar', 'sgu20171538', 'sgu20151427', 'aldalmanitahani', '965aumer', 'sgu20161501_1', 'zuhourbahzad', 'bilelneji', 'leejh8466', 'doaaraed97', 'sgu20151425', 'amerah.alowaisheer', 'shalk97', 'sang2019', 'sgu20171586', 'zahrasa97', 'shurouq', 'sgu20161517', 'sgu20171491', 'sgu20151455', 'sgu20151949', 'ghezlan', 'dalal_alasfour', 'sgu20151448', 'fatmanabeel', 'mjalmulla', 'shahadalmuqaihet', 'sgu20161283', 'sgu20151456', 'sgu20171526', 'ssgu20151479', 'hajamal45', 'sgu20141440', 'eilafalomar', 'sgu20131374', 'sgu20171529', 'abstraxt', 'moh_grp', 'eun.dong.hun77', 'sgu20141475', 'jassimalfadhli.3535', 'aesha', 'sgu20171493', 'topnotch95', 'nourabt4', 'sgu20141451', 'fatmabahrouh', 'dhkm', 'sgu20141400', 'mariamalsalem', 'sgu20151433', 'sgu20141461', 'sgu20171559', 'shareefah', 'alsandanfanna', 'monaalm28307', 'fatemah_zadah', 'maxrooky', 'shaikhah30121', 'sgu20161543', 'sarahash139', 'danah36__', 'ninx2.818', 'sgu20141415', 'sarahalomani', 'sgu20151451', 'sgu20151413', 'sgu20141274', 'sgu20151410', 'sgu20151511', 'f20170426', 'althuwaini', 'sgu20161542', 'sgu20161494', 'sinjh0918', 'hananbahar77', 'lamyaalmahfoudh', 'zainabsa', 'hanannn', 'meshari', 'sgu20171509', 'sgu20151475', 'fatemahalazmi25', 'groupf3', 'nano97', 'zeinab97', 'sgu20141399', 'salhah', 'jungyoungjae7100', 'hayaalfailakawinn', 'chaechae39', 'sgu20151468', 'sgu20141491', 'sgu20141458', 'bashayer', 'deemahalhussaini', 'ssgu20151449', None, 'salahalbloushi', 'hananbhar', 'sgu20151449', 'bedouralsuheel', 'dlaudwls06', 'sgu20151490', 'hassan_414', 'hkm77795', 'sgu20161539', 'yfalzaabi', 'fbhajji']"
10,329,57,39,38,"['nannaphat_kwsr', 'avexenozz', 'bamboo0211', 'thanatnan51258', 'youinnnn', 'pam34361', 'numphasusa', 'bas.nkp', 'nokyoong.sutasinee', 'bankjkr2017', 'nathakrit.kas', 'sirinya', 'fern.sirirat2543', 'trongson.noon', 'sirinatyotsarawat', 'walailak', 'worathon', 'sutasinee_ra', 'thanaporn55nook', 'sirikamol.po', 'ellejira', 'wilawan_pp', 'teerapat42', 'sangsatipon123', 'niwat45140', 'khunkwans', 'joule', 'khemnipa_pitimon', 'pavinanat', 'carmenguy2543', 'lactakub42', 'mlz', 'chalermporn.ch', 'duangruethai.ya', 'nattiya1999', 'phattana.ct', 'sirinood.ma', 'thanakrit_watt']",18,"['chanokpontammasut', 'hasna', 'thanatnan', 'ymadhu454', 'jariya15', 'chanya', 'montaya.kl', 'fahsai1456', 'kanathip453', 'anhnguyen7777', 'upalkantipattanayak', 'chutika011', 'juthathip', 'theerapong', 'wornsakorn', 'thomasb', 'das86', 'wanida1']",1,[None],57,"['jariya15', 'youinnnn', 'pam34361', 'bas.nkp', 'montaya.kl', 'sutasinee_ra', 'ellejira', 'khunkwans', 'joule', 'carmenguy2543', 'mlz', 'chalermporn.ch', 'chanya', 'duangruethai.ya', 'nattiya1999', 'upalkantipattanayak', 'wornsakorn', 'phattana.ct', 'das86', 'avexenozz', 'nannaphat_kwsr', 'bamboo0211', 'hasna', 'thanatnan', 'thanatnan51258', 'anhnguyen7777', 'numphasusa', 'nokyoong.sutasinee', 'bankjkr2017', 'nathakrit.kas', 'sirinya', 'fern.sirirat2543', 'trongson.noon', 'sirinatyotsarawat', 'wanida1', 'worathon', 'walailak', 'thanaporn55nook', 'sirikamol.po', 'wilawan_pp', 'chanokpontammasut', 'teerapat42', 'sangsatipon123', 'niwat45140', 'fahsai1456', 'juthathip', 'theerapong', 'khemnipa_pitimon', 'pavinanat', None, 'lactakub42', 'ymadhu454', 'kanathip453', 'chutika011', 'thomasb', 'sirinood.ma', 'thanakrit_watt']"
10,327,57,20,19,"['nannaphat_kwsr', 'avexenozz', 'numphasusa', 'montaya.kl', 'sirinatyotsarawat', 'walailak', 'worathon', 'thanaporn55nook', 'chanokpontammasut', 'niwat45140', 'khunkwans', 'theerapong', 'juthathip', 'joule', 'khemnipa_pitimon', 'lactakub42', 'chutika011', 'phattana.ct', 'thanakrit_watt']",37,"['thanatnan', 'thanatnan51258', 'bamboo0211', 'jariya15', 'hasna', 'youinnnn', 'pam34361', 'anhnguyen7777', 'bas.nkp', 'nokyoong.sutasinee', 'bankjkr2017', 'nathakrit.kas', 'sirinya', 'fern.sirirat2543', 'trongson.noon', 'sutasinee_ra', 'sirikamol.po', 'ellejira', 'wilawan_pp', 'teerapat42', 'sangsatipon123', 'fahsai1456', 'pavinanat', 'carmenguy2543', 'mlz', 'chalermporn.ch', 'ymadhu454', 'chanya', 'duangruethai.ya', 'kanathip453', 'nattiya1999', 'upalkantipattanayak', 'wornsakorn', 'thomasb', 'sirinood.ma', 'das86', 'wanida1']",1,[None],57,"['avexenozz', 'nannaphat_kwsr', 'bamboo0211', 'hasna', 'thanatnan', 'jariya15', 'thanatnan51258', 'youinnnn', 'pam34361', 'anhnguyen7777', 'numphasusa', 'thanakrit_watt', 'bas.nkp', 'nokyoong.sutasinee', 'bankjkr2017', 'nathakrit.kas', 'sirinya', 'montaya.kl', 'fern.sirirat2543', 'trongson.noon', 'sirinatyotsarawat', 'worathon', 'walailak', 'sutasinee_ra', 'thanaporn55nook', 'sirikamol.po', 'ellejira', 'wilawan_pp', 'chanokpontammasut', 'teerapat42', 'sangsatipon123', 'niwat45140', 'fahsai1456', 'khunkwans', 'juthathip', 'theerapong', 'joule', 'khemnipa_pitimon', 'pavinanat', None, 'carmenguy2543', 'lactakub42', 'mlz', 'chalermporn.ch', 'ymadhu454', 'chanya', 'duangruethai.ya', 'kanathip453', 'nattiya1999', 'upalkantipattanayak', 'chutika011', 'wornsakorn', 'thomasb', 'phattana.ct', 'sirinood.ma', 'das86', 'wanida1']"
10,330,57,14,13,"['ellejira', 'mlz', 'chalermporn.ch', 'chanya', 'sirinya', 'kanathip453', 'nattiya1999', 'fahsai1456', 'numphasusa', 'juthathip', 'wornsakorn', 'joule', 'carmenguy2543']",43,"['avexenozz', 'nannaphat_kwsr', 'bamboo0211', 'hasna', 'thanatnan', 'jariya15', 'thanatnan51258', 'youinnnn', 'pam34361', 'anhnguyen7777', 'bas.nkp', 'nokyoong.sutasinee', 'bankjkr2017', 'nathakrit.kas', 'montaya.kl', 'fern.sirirat2543', 'trongson.noon', 'sirinatyotsarawat', 'wanida1', 'worathon', 'walailak', 'sutasinee_ra', 'thanaporn55nook', 'sirikamol.po', 'wilawan_pp', 'chanokpontammasut', 'teerapat42', 'sangsatipon123', 'niwat45140', 'khunkwans', 'theerapong', 'khemnipa_pitimon', 'pavinanat', 'lactakub42', 'ymadhu454', 'duangruethai.ya', 'upalkantipattanayak', 'chutika011', 'thomasb', 'phattana.ct', 'sirinood.ma', 'das86', 'thanakrit_watt']",1,[None],57,"['avexenozz', 'nannaphat_kwsr', 'bamboo0211', 'hasna', 'thanatnan', 'jariya15', 'thanatnan51258', 'youinnnn', 'pam34361', 'anhnguyen7777', 'numphasusa', 'thanakrit_watt', 'bas.nkp', 'nokyoong.sutasinee', 'bankjkr2017', 'nathakrit.kas', 'sirinya', 'montaya.kl', 'fern.sirirat2543', 'trongson.noon', 'sirinatyotsarawat', 'worathon', 'walailak', 'sutasinee_ra', 'thanaporn55nook', 'sirikamol.po', 'ellejira', 'wilawan_pp', 'chanokpontammasut', 'teerapat42', 'sangsatipon123', 'niwat45140', 'fahsai1456', 'khunkwans', 'juthathip', 'theerapong', 'joule', 'khemnipa_pitimon', 'pavinanat', None, 'carmenguy2543', 'lactakub42', 'mlz', 'chalermporn.ch', 'ymadhu454', 'chanya', 'duangruethai.ya', 'kanathip453', 'nattiya1999', 'upalkantipattanayak', 'chutika011', 'wornsakorn', 'thomasb', 'phattana.ct', 'sirinood.ma', 'das86', 'wanida1']"
10,331,57,10,9,"['jariya15', 'kanathip453', 'niwat45140', 'numphasusa', 'sirinatyotsarawat', 'thanakrit_watt', 'joule', 'carmenguy2543', 'wanida1']",47,"['avexenozz', 'nannaphat_kwsr', 'bamboo0211', 'hasna', 'thanatnan', 'thanatnan51258', 'youinnnn', 'pam34361', 'anhnguyen7777', 'bas.nkp', 'nokyoong.sutasinee', 'bankjkr2017', 'nathakrit.kas', 'sirinya', 'montaya.kl', 'fern.sirirat2543', 'trongson.noon', 'worathon', 'walailak', 'sutasinee_ra', 'thanaporn55nook', 'sirikamol.po', 'ellejira', 'wilawan_pp', 'chanokpontammasut', 'teerapat42', 'sangsatipon123', 'fahsai1456', 'khunkwans', 'juthathip', 'theerapong', 'khemnipa_pitimon', 'pavinanat', 'lactakub42', 'mlz', 'chalermporn.ch', 'ymadhu454', 'chanya', 'duangruethai.ya', 'nattiya1999', 'upalkantipattanayak', 'chutika011', 'wornsakorn', 'thomasb', 'phattana.ct', 'sirinood.ma', 'das86']",1,[None],57,"['avexenozz', 'nannaphat_kwsr', 'bamboo0211', 'hasna', 'thanatnan', 'jariya15', 'thanatnan51258', 'youinnnn', 'pam34361', 'anhnguyen7777', 'numphasusa', 'thanakrit_watt', 'bas.nkp', 'nokyoong.sutasinee', 'bankjkr2017', 'nathakrit.kas', 'sirinya', 'montaya.kl', 'fern.sirirat2543', 'trongson.noon', 'sirinatyotsarawat', 'worathon', 'walailak', 'sutasinee_ra', 'thanaporn55nook', 'sirikamol.po', 'ellejira', 'wilawan_pp', 'chanokpontammasut', 'teerapat42', 'sangsatipon123', 'niwat45140', 'fahsai1456', 'khunkwans', 'juthathip', 'theerapong', 'joule', 'khemnipa_pitimon', 'pavinanat', None, 'carmenguy2543', 'lactakub42', 'mlz', 'chalermporn.ch', 'ymadhu454', 'chanya', 'duangruethai.ya', 'kanathip453', 'nattiya1999', 'upalkantipattanayak', 'chutika011', 'wornsakorn', 'thomasb', 'phattana.ct', 'sirinood.ma', 'das86', 'wanida1']"
10,328,57,9,8,"['nathakrit.kas', 'chalermporn.ch', 'jariya15', 'kanathip453', 'fahsai1456', 'wornsakorn', 'pavinanat', 'wanida1']",48,"['avexenozz', 'nannaphat_kwsr', 'bamboo0211', 'hasna', 'thanatnan', 'thanatnan51258', 'youinnnn', 'pam34361', 'anhnguyen7777', 'numphasusa', 'thanakrit_watt', 'bas.nkp', 'nokyoong.sutasinee', 'bankjkr2017', 'sirinya', 'montaya.kl', 'fern.sirirat2543', 'trongson.noon', 'sirinatyotsarawat', 'worathon', 'walailak', 'sutasinee_ra', 'thanaporn55nook', 'sirikamol.po', 'ellejira', 'wilawan_pp', 'chanokpontammasut', 'teerapat42', 'sangsatipon123', 'niwat45140', 'khunkwans', 'juthathip', 'theerapong', 'joule', 'khemnipa_pitimon', 'carmenguy2543', 'lactakub42', 'mlz', 'ymadhu454', 'chanya', 'duangruethai.ya', 'nattiya1999', 'upalkantipattanayak', 'chutika011', 'thomasb', 'phattana.ct', 'sirinood.ma', 'das86']",1,[None],57,"['avexenozz', 'nannaphat_kwsr', 'bamboo0211', 'hasna', 'thanatnan', 'jariya15', 'thanatnan51258', 'youinnnn', 'pam34361', 'anhnguyen7777', 'numphasusa', 'thanakrit_watt', 'bas.nkp', 'nokyoong.sutasinee', 'bankjkr2017', 'nathakrit.kas', 'sirinya', 'montaya.kl', 'fern.sirirat2543', 'trongson.noon', 'sirinatyotsarawat', 'worathon', 'walailak', 'sutasinee_ra', 'thanaporn55nook', 'sirikamol.po', 'ellejira', 'wilawan_pp', 'chanokpontammasut', 'teerapat42', 'sangsatipon123', 'niwat45140', 'fahsai1456', 'khunkwans', 'juthathip', 'theerapong', 'joule', 'khemnipa_pitimon', 'pavinanat', None, 'carmenguy2543', 'lactakub42', 'mlz', 'chalermporn.ch', 'ymadhu454', 'chanya', 'duangruethai.ya', 'kanathip453', 'nattiya1999', 'upalkantipattanayak', 'chutika011', 'wornsakorn', 'thomasb', 'phattana.ct', 'sirinood.ma', 'das86', 'wanida1']"
11,175,51,55,50,"['s4rahlim', 'universefish', 'manmitsingh1999', 'brianbosem', 'lae26', 'rkraks5', 'ingoldxc1090', 'jellal914', 'jmedway614', 'spluxx', 'refflouis612', 'martincala', 'angiechristinelei', 'kurisil00', 'didi.isme10', 'czz', 'danielaibocanegra', 'mbelissary1', 'hanstrjg', 'liathannah', 'sambentlin', 'rinehart.maya', 'lakshb429', 'roadrunner07.patrick', 'zhen.yang.1812', 'advsteelers', 'chrisc8w', 'kunal.upadya', 'rishikagundi', 'coreysimmerer', 'atherien7', 'dl232', 'spica3586', 'ebakretsbew', 'iyengar.nish', 'low10high10', 'phialphaduke', 'ajd66', 'milankshah135', 'hglr24', 'amartzz', 'dtribull', 'jgupta07', 'aguebor', 'vipeng99', 'wright.eddy82', 'scrater', 'samuelli.pk', 'cassie314', 'chris4307']",0,[],5,"['emppalms', 'tavianjin', 'atm54', 'dianelin98', None]",55,"['s4rahlim', 'lae26', 'rkraks5', 'ingoldxc1090', 'spluxx', 'martincala', 'didi.isme10', 'liathannah', 'sambentlin', 'lakshb429', 'roadrunner07.patrick', 'chrisc8w', 'coreysimmerer', 'atherien7', 'dl232', 'atm54', 'ebakretsbew', 'iyengar.nish', 'low10high10', 'ajd66', 'milankshah135', 'wright.eddy82', 'samuelli.pk', 'cassie314', 'universefish', 'manmitsingh1999', 'jellal914', 'jmedway614', 'refflouis612', 'kurisil00', 'angiechristinelei', 'emppalms', 'czz', 'danielaibocanegra', 'mbelissary1', 'hanstrjg', 'rinehart.maya', 'tavianjin', 'zhen.yang.1812', 'advsteelers', 'kunal.upadya', 'rishikagundi', 'spica3586', 'dianelin98', None, 'phialphaduke', 'hglr24', 'amartzz', 'dtribull', 'jgupta07', 'aguebor', 'vipeng99', 'scrater', 'brianbosem', 'chris4307']"
11,273,51,52,47,"['s4rahlim', 'universefish', 'manmitsingh1999', 'brianbosem', 'lae26', 'rkraks5', 'ingoldxc1090', 'jellal914', 'jmedway614', 'refflouis612', 'martincala', 'angiechristinelei', 'kurisil00', 'didi.isme10', 'czz', 'danielaibocanegra', 'mbelissary1', 'hanstrjg', 'liathannah', 'sambentlin', 'rinehart.maya', 'lakshb429', 'roadrunner07.patrick', 'zhen.yang.1812', 'advsteelers', 'chrisc8w', 'kunal.upadya', 'rishikagundi', 'coreysimmerer', 'atherien7', 'dl232', 'spica3586', 'ebakretsbew', 'iyengar.nish', 'ajd66', 'milankshah135', 'hglr24', 'amartzz', 'dtribull', 'jgupta07', 'aguebor', 'vipeng99', 'wright.eddy82', 'scrater', 'samuelli.pk', 'cassie314', 'chris4307']",3,"['phialphaduke', 'spluxx', 'low10high10']",5,"['emppalms', 'mattykleis', 'tavianjin', 'dianelin98', None]",55,"['s4rahlim', 'lae26', 'rkraks5', 'ingoldxc1090', 'spluxx', 'martincala', 'didi.isme10', 'liathannah', 'sambentlin', 'lakshb429', 'roadrunner07.patrick', 'chrisc8w', 'coreysimmerer', 'atherien7', 'dl232', 'ebakretsbew', 'iyengar.nish', 'low10high10', 'ajd66', 'milankshah135', 'wright.eddy82', 'samuelli.pk', 'cassie314', 'universefish', 'manmitsingh1999', 'jellal914', 'jmedway614', 'refflouis612', 'kurisil00', 'angiechristinelei', 'emppalms', 'czz', 'danielaibocanegra', 'mbelissary1', 'hanstrjg', 'rinehart.maya', 'tavianjin', 'zhen.yang.1812', 'advsteelers', 'kunal.upadya', 'rishikagundi', 'mattykleis', 'spica3586', 'dianelin98', None, 'phialphaduke', 'hglr24', 'amartzz', 'dtribull', 'jgupta07', 'aguebor', 'vipeng99', 'scrater', 'brianbosem', 'chris4307']"
11,211,51,48,47,"['s4rahlim', 'universefish', 'manmitsingh1999', 'lae26', 'ingoldxc1090', 'rkraks5', 'jellal914', 'jmedway614', 'spluxx', 'refflouis612', 'martincala', 'angiechristinelei', 'kurisil00', 'didi.isme10', 'czz', 'danielaibocanegra', 'mbelissary1', 'hanstrjg', 'liathannah', 'sambentlin', 'rinehart.maya', 'lakshb429', 'roadrunner07.patrick', 'kunal.upadya', 'advsteelers', 'chrisc8w', 'rishikagundi', 'zhen.yang.1812', 'coreysimmerer', 'atherien7', 'dl232', 'spica3586', 'ebakretsbew', 'iyengar.nish', 'low10high10', 'phialphaduke', 'ajd66', 'milankshah135', 'amartzz', 'dtribull', 'jgupta07', 'aguebor', 'vipeng99', 'wright.eddy82', 'scrater', 'samuelli.pk', 'brianbosem']",3,"['cassie314', 'chris4307', 'hglr24']",1,[None],51,"['s4rahlim', 'lae26', 'rkraks5', 'ingoldxc1090', 'spluxx', 'martincala', 'didi.isme10', 'liathannah', 'sambentlin', 'lakshb429', 'roadrunner07.patrick', 'chrisc8w', 'coreysimmerer', 'atherien7', 'dl232', 'ebakretsbew', 'iyengar.nish', 'low10high10', 'ajd66', 'milankshah135', 'wright.eddy82', 'samuelli.pk', 'cassie314', 'universefish', 'manmitsingh1999', 'jellal914', 'jmedway614', 'refflouis612', 'kurisil00', 'angiechristinelei', 'czz', 'danielaibocanegra', 'mbelissary1', 'hanstrjg', 'rinehart.maya', 'zhen.yang.1812', 'advsteelers', 'kunal.upadya', 'rishikagundi', 'spica3586', None, 'phialphaduke', 'hglr24', 'amartzz', 'dtribull', 'jgupta07', 'aguebor', 'vipeng99', 'scrater', 'brianbosem', 'chris4307']"
11,219,51,47,45,"['s4rahlim', 'cassie314', 'universefish', 'manmitsingh1999', 'lae26', 'ingoldxc1090', 'rkraks5', 'jellal914', 'jmedway614', 'spluxx', 'martincala', 'angiechristinelei', 'kurisil00', 'didi.isme10', 'czz', 'mbelissary1', 'liathannah', 'sambentlin', 'rinehart.maya', 'lakshb429', 'roadrunner07.patrick', 'kunal.upadya', 'chrisc8w', 'rishikagundi', 'advsteelers', 'coreysimmerer', 'atherien7', 'spica3586', 'ebakretsbew', 'iyengar.nish', 'low10high10', 'phialphaduke', 'ajd66', 'milankshah135', 'hglr24', 'amartzz', 'jgupta07', 'dtribull', 'aguebor', 'vipeng99', 'wright.eddy82', 'scrater', 'samuelli.pk', 'brianbosem', 'chris4307']",5,"['dl232', 'danielaibocanegra', 'hanstrjg', 'refflouis612', 'zhen.yang.1812']",2,"['emppalms', None]",52,"['s4rahlim', 'lae26', 'rkraks5', 'ingoldxc1090', 'spluxx', 'martincala', 'didi.isme10', 'liathannah', 'sambentlin', 'lakshb429', 'roadrunner07.patrick', 'chrisc8w', 'coreysimmerer', 'atherien7', 'dl232', 'ebakretsbew', 'iyengar.nish', 'low10high10', 'ajd66', 'milankshah135', 'wright.eddy82', 'samuelli.pk', 'cassie314', 'universefish', 'manmitsingh1999', 'jellal914', 'jmedway614', 'refflouis612', 'kurisil00', 'angiechristinelei', 'emppalms', 'czz', 'danielaibocanegra', 'mbelissary1', 'hanstrjg', 'rinehart.maya', 'zhen.yang.1812', 'advsteelers', 'kunal.upadya', 'rishikagundi', 'spica3586', None, 'phialphaduke', 'hglr24', 'amartzz', 'dtribull', 'jgupta07', 'aguebor', 'vipeng99', 'scrater', 'brianbosem', 'chris4307']"
11,271,51,20,1,['didi.isme10'],49,"['s4rahlim', 'universefish', 'manmitsingh1999', 'brianbosem', 'lae26', 'rkraks5', 'ingoldxc1090', 'jellal914', 'jmedway614', 'spluxx', 'refflouis612', 'martincala', 'angiechristinelei', 'kurisil00', 'czz', 'danielaibocanegra', 'mbelissary1', 'hanstrjg', 'liathannah', 'sambentlin', 'rinehart.maya', 'lakshb429', 'roadrunner07.patrick', 'zhen.yang.1812', 'advsteelers', 'chrisc8w', 'kunal.upadya', 'rishikagundi', 'coreysimmerer', 'atherien7', 'dl232', 'spica3586', 'ebakretsbew', 'iyengar.nish', 'low10high10', 'phialphaduke', 'ajd66', 'milankshah135', 'hglr24', 'amartzz', 'dtribull', 'jgupta07', 'aguebor', 'vipeng99', 'wright.eddy82', 'scrater', 'samuelli.pk', 'cassie314', 'chris4307']",19,"['ssbagade1704', 'archishman.saha', 'uttam', 'shaunzac', 'adbhut', 'jainsamar398', 'bhavika', 'hituldesai03', 'priyankabagade96', 'kanabarmillen', '20anand.abhi', 'vrdmn7721', None, 'ruchir.iitb', 'kbhamon', 'harleen.shrivs', 'kinker', 'samyakshah21', 'kiragr1999']",69,"['s4rahlim', 'ssbagade1704', 'archishman.saha', 'cassie314', 'universefish', 'manmitsingh1999', 'lae26', 'rkraks5', 'ingoldxc1090', 'jellal914', 'uttam', 'shaunzac', 'adbhut', 'jmedway614', 'spluxx', 'jainsamar398', 'refflouis612', 'martincala', 'kurisil00', 'angiechristinelei', 'didi.isme10', 'czz', 'danielaibocanegra', 'mbelissary1', 'hanstrjg', 'liathannah', 'sambentlin', 'rinehart.maya', 'bhavika', 'hituldesai03', 'priyankabagade96', 'lakshb429', 'roadrunner07.patrick', 'zhen.yang.1812', 'advsteelers', 'chrisc8w', 'kunal.upadya', 'rishikagundi', 'coreysimmerer', 'kanabarmillen', 'atherien7', 'dl232', '20anand.abhi', 'vrdmn7721', 'spica3586', 'ebakretsbew', None, 'iyengar.nish', 'ruchir.iitb', 'low10high10', 'kbhamon', 'phialphaduke', 'ajd66', 'milankshah135', 'hglr24', 'amartzz', 'dtribull', 'jgupta07', 'aguebor', 'harleen.shrivs', 'vipeng99', 'wright.eddy82', 'scrater', 'samuelli.pk', 'kinker', 'brianbosem', 'samyakshah21', 'chris4307', 'kiragr1999']"
13,321,38,44,34,"['ajencerradom', 'haschroots', 'rghijar', 'teck60osc', 'rsalgado19', 'snajera7', 'durzua07', 'achavez107', 'bjasmin2007', 'ejacosta4', 'oquezada911', 'osacosta', 'aalopez18', 'jesusmarquezdt', 'cyberrod11', 'zlopezgallegos', 'katya.mpapadakis', 'alberto.or2', 'kmpapadakis', 'ajtelles', 'jeal8a', 'ii1.h2e.j', 'edgar1080', 'christinagonzalez0794', 'chicodelarosa', 'meyo', 'wokcry13', 'aceniceros7', 'hope7197', 'taylor.wells2015', 'roberto.ponce3525', 'raaleman', 'levaleriofrias', 'famouskraze01']",3,"['eliot9700', 'kevinmoreira435', 'diego.or13']",10,"['miguelon312', 'drhodges', 'levicueto', 'mmedina340', 'juanenri14', 'rmunoz', 'perezmelissa7.10', 'niahyoder', None, 'velazquez.steven']",47,"['mmedina340', 'rghijar', 'bjasmin2007', 'kevinmoreira435', 'velazquez.steven', 'jesusmarquezdt', 'zlopezgallegos', 'niahyoder', 'alberto.or2', 'ajtelles', 'jeal8a', 'christinagonzalez0794', 'chicodelarosa', 'perezmelissa7.10', 'meyo', 'miguelon312', 'levaleriofrias', 'famouskraze01', 'diego.or13', 'ajencerradom', 'levicueto', 'haschroots', 'snajera7', 'teck60osc', 'rsalgado19', 'juanenri14', 'durzua07', 'achavez107', 'ejacosta4', 'oquezada911', 'osacosta', 'aalopez18', 'cyberrod11', 'katya.mpapadakis', 'rmunoz', 'kmpapadakis', 'ii1.h2e.j', 'edgar1080', 'wokcry13', None, 'aceniceros7', 'hope7197', 'drhodges', 'eliot9700', 'taylor.wells2015', 'roberto.ponce3525', 'raaleman']"
14,240,37,66,9,"['vkm2', 'billykeaty', 'avw2', 'gcangi2', 'graceml2', 'omarma2', 'qq912967061', 'sflai2', 'zhixin2']",27,"['meba', 'clin101', 'klause2', 'spangnt2', 'qyurek2', 'dylanb2', 'sili5', 'myl3', 'sarahrp2', 'shim35', 'kychui2', 'neurom4', 'kbb2', 'jiwu2', 'anapauladeoliveirac1994', 'scc3', 'nsshah9', 'yhu55', 'juliaeb2', 'amyrm20', 'dnarie2', 'jingyiw3', 'yukii2', 'coderko3', 'cromnes2', 'villari2', 'isaxton2']",57,"['palcal2', 'kfurbee2', 'wsuk2', 'domanus2', 'tz11', 'qiuhuic2', 'jjwilde2', 'shuming2', 'hjr2', 'blakerc2', 'cbo3', 'yizhuow2', 'petercp2', 'ryanwm2', 'jgruber3', 'danayun2', 'joseam2', 'staceyn2', 'edimare2', 'pittges2', 'wolan2', 'tss3', 'anunez38', 'bsusol2', 'iflueck2', 'ssutyak2', 'tsehgal2', 'hf4', 'kwlan2', 'xzhan147', 'cmoauro2', 'kevinjl3', 'conanw2', 'shwetab2', 'alberto4', 'lsienko2', 'junzed2', 'jinsup2', 'nkerska2', 'shirani', 'pwalke9', 'jtkach2', None, 'rhalton2', 'anirula2', 'rvplank2', 'txyang2', 'jkubota2', 'heh2', 'mw21', 'nkansah2', 'btung3', 'jungeun5', 'naisong2', 'akozych2', 'hashim2', 'joshuas8']",93,"['palcal2', 'vkm2', 'gcangi2', 'graceml2', 'clin101', 'tz11', 'jjwilde2', 'spangnt2', 'shuming2', 'hjr2', 'yizhuow2', 'petercp2', 'sflai2', 'zhixin2', 'billykeaty', 'avw2', 'joseam2', 'staceyn2', 'shim35', 'edimare2', 'pittges2', 'kychui2', 'wolan2', 'kbb2', 'tss3', 'anunez38', 'anapauladeoliveirac1994', 'tsehgal2', 'nsshah9', 'hf4', 'juliaeb2', 'conanw2', 'shwetab2', 'alberto4', 'lsienko2', 'junzed2', 'dnarie2', 'jinsup2', 'nkerska2', 'shirani', 'rhalton2', 'yukii2', 'coderko3', 'cromnes2', 'anirula2', 'txyang2', 'jkubota2', 'isaxton2', 'nkansah2', 'jungeun5', 'joshuas8', 'meba', 'domanus2', 'kfurbee2', 'wsuk2', 'qiuhuic2', 'omarma2', 'klause2', 'blakerc2', 'cbo3', 'ryanwm2', 'qyurek2', 'dylanb2', 'sili5', 'jgruber3', 'danayun2', 'myl3', 'sarahrp2', 'neurom4', 'jiwu2', 'bsusol2', 'iflueck2', 'ssutyak2', 'scc3', 'yhu55', 'kwlan2', 'xzhan147', 'cmoauro2', 'kevinjl3', 'amyrm20', 'qq912967061', 'jingyiw3', 'pwalke9', 'jtkach2', None, 'rvplank2', 'heh2', 'villari2', 'mw21', 'btung3', 'naisong2', 'akozych2', 'hashim2']"
14,241,37,28,25,"['meba', 'graceml2', 'clin101', 'klause2', 'spangnt2', 'qyurek2', 'dylanb2', 'myl3', 'sarahrp2', 'shim35', 'kychui2', 'kbb2', 'jiwu2', 'scc3', 'yhu55', 'nsshah9', 'juliaeb2', 'amyrm20', 'dnarie2', 'jingyiw3', 'yukii2', 'cromnes2', 'coderko3', 'villari2', 'isaxton2']",11,"['anapauladeoliveirac1994', 'vkm2', 'billykeaty', 'avw2', 'gcangi2', 'omarma2', 'neurom4', 'qq912967061', 'sflai2', 'sili5', 'zhixin2']",3,"['bharath3', None, 'aneeshj2']",39,"['meba', 'vkm2', 'gcangi2', 'graceml2', 'clin101', 'omarma2', 'klause2', 'spangnt2', 'qyurek2', 'dylanb2', 'sflai2', 'sili5', 'zhixin2', 'billykeaty', 'avw2', 'myl3', 'sarahrp2', 'shim35', 'kychui2', 'neurom4', 'kbb2', 'jiwu2', 'scc3', 'yhu55', 'nsshah9', 'anapauladeoliveirac1994', 'juliaeb2', 'aneeshj2', 'amyrm20', 'dnarie2', 'qq912967061', 'jingyiw3', None, 'yukii2', 'coderko3', 'cromnes2', 'villari2', 'isaxton2', 'bharath3']"
15,237,36,39,34,"['maddylarke', 'adamshepp', 'navpreetd810', 'shemsar', 'suzanacristea675', 'hnnhalmu', 'thanosz99', 'alexandra.ballestero', 'sebastianrylatt', 'laurenkjarvis', 'hugogoulden', 'powellowainneil', 'matthewbaker', 'misty07abc', 'alexbrown2', 'boothsa98', 'threeemcee', 'dgvega', 'nikolas', 'xl006011', 'sophiafrancis99', 'chemclasslab2', 'megr2.11', 'lhousley123', 'laurieneasham1', 'haleemahsadiahk', 'euancarroll', 'tomgoodman', 'angrysaz', 'jm99', 'suzanacristea01', 'will1499', 'hugo.goulden', 'hxllywilson']",1,['johnnyhsv29'],5,"['qa017983', 'lauren.mcnevin', 'joshwilkinson0', None, 'mattscott2468']",40,"['maddylarke', 'adamshepp', 'navpreetd810', 'joshwilkinson0', 'shemsar', 'suzanacristea675', 'hnnhalmu', 'thanosz99', 'qa017983', 'mattscott2468', 'alexandra.ballestero', 'sebastianrylatt', 'laurenkjarvis', 'hugogoulden', 'powellowainneil', 'matthewbaker', 'misty07abc', 'alexbrown2', 'boothsa98', 'threeemcee', 'dgvega', 'nikolas', 'xl006011', 'sophiafrancis99', 'chemclasslab2', 'megr2.11', 'lhousley123', 'laurieneasham1', 'haleemahsadiahk', 'euancarroll', 'tomgoodman', None, 'angrysaz', 'johnnyhsv29', 'jm99', 'lauren.mcnevin', 'suzanacristea01', 'will1499', 'hugo.goulden', 'hxllywilson']"
16,223,32,46,28,"['hdeboer00', 'washin55', 'dborzaba', 'doyle87', 'cwork', 'nbalog', 'katz21', 'mhenault', 'imran3', 'jarvis8', 'gcarnal', 'selizond', 'gulley2', 'smacphe', 'nnoraziz', 'wang3775', 'herron12', 'wyusra', 'barlow11', 'dmoebius', 'roj', 'mcclais', 'rshreine', 'sulli256', 'dmadigan', 'nanceb', 'ho141', 'alexa178']",3,"['smit3417', 'huff46', 'giannink']",18,"['stewa263', 'fowlerh', 'aajachim', 'mccar107', 'basu24', 'lfeltner', 'benoit1', 'hgrennan', 'huan1239', 'amcardl', 'screegan', 'gore9', 'rojames0402', 'clark614', 'gbehrje', None, 'mlinsin', 'titus9']",49,"['hdeboer00', 'washin55', 'hgrennan', 'dborzaba', 'doyle87', 'screegan', 'cwork', 'rojames0402', 'nbalog', 'titus9', 'imran3', 'lfeltner', 'gore9', 'clark614', 'gulley2', 'smacphe', 'huan1239', 'amcardl', 'nnoraziz', 'gbehrje', 'wang3775', 'barlow11', 'dmoebius', 'mccar107', 'benoit1', 'ho141', 'alexa178', 'mlinsin', 'katz21', 'huff46', 'mhenault', 'fowlerh', 'jarvis8', 'gcarnal', 'selizond', 'stewa263', 'smit3417', 'aajachim', 'herron12', None, 'wyusra', 'giannink', 'roj', 'mcclais', 'rshreine', 'basu24', 'sulli256', 'dmadigan', 'nanceb']"
16,200,32,25,1,['dmoebius'],30,"['hdeboer00', 'washin55', 'dborzaba', 'doyle87', 'cwork', 'nbalog', 'katz21', 'huff46', 'mhenault', 'imran3', 'jarvis8', 'gcarnal', 'selizond', 'gulley2', 'smit3417', 'smacphe', 'nnoraziz', 'wang3775', 'herron12', 'wyusra', 'barlow11', 'giannink', 'roj', 'mcclais', 'rshreine', 'sulli256', 'dmadigan', 'nanceb', 'ho141', 'alexa178']",24,"['brenna13', 'fmuehlem', 'ducksinboats', 'farentz', 'jcasell', 'aagosti', 'culp8', 'cmcgugan85', 'hu509', 'candai1996', 'wnation', 'pattiya2002', 'sundara6', 'ununez', 'xia107', None, 'tskrove', 'glynngallaway', 'reyno105', 'zhao938', 'jeast9867', 'dbouche', 'bjendrus', 'gehlhsy']",55,"['hdeboer00', 'brenna13', 'washin55', 'fmuehlem', 'dborzaba', 'doyle87', 'cwork', 'gehlhsy', 'nbalog', 'katz21', 'ducksinboats', 'huff46', 'mhenault', 'farentz', 'jcasell', 'aagosti', 'imran3', 'jarvis8', 'culp8', 'cmcgugan85', 'gcarnal', 'hu509', 'selizond', 'candai1996', 'wnation', 'gulley2', 'pattiya2002', 'sundara6', 'smit3417', 'ununez', 'smacphe', 'nnoraziz', 'xia107', 'wang3775', 'herron12', None, 'wyusra', 'tskrove', 'barlow11', 'dmoebius', 'giannink', 'glynngallaway', 'reyno105', 'roj', 'mcclais', 'rshreine', 'zhao938', 'jeast9867', 'sulli256', 'dbouche', 'bjendrus', 'dmadigan', 'nanceb', 'ho141', 'alexa178']"
16,225,32,10,1,['selizond'],30,"['hdeboer00', 'washin55', 'dborzaba', 'doyle87', 'cwork', 'nbalog', 'katz21', 'huff46', 'mhenault', 'imran3', 'jarvis8', 'gcarnal', 'gulley2', 'smit3417', 'smacphe', 'nnoraziz', 'wang3775', 'herron12', 'wyusra', 'barlow11', 'dmoebius', 'giannink', 'roj', 'mcclais', 'rshreine', 'sulli256', 'dmadigan', 'nanceb', 'ho141', 'alexa178']",9,"[None, 'aajachim', 'xu1099', 'hgrennan', 'srrohit7', 'sawantk', 'amoranka', 'mazumder', 'zhifanke']",40,"['hdeboer00', 'washin55', 'hgrennan', 'dborzaba', 'doyle87', 'sawantk', 'cwork', 'amoranka', 'nbalog', 'katz21', 'huff46', 'zhifanke', 'mhenault', 'xu1099', 'imran3', 'jarvis8', 'gcarnal', 'selizond', 'gulley2', 'smit3417', 'aajachim', 'smacphe', 'nnoraziz', 'wang3775', 'herron12', None, 'wyusra', 'barlow11', 'dmoebius', 'giannink', 'roj', 'mcclais', 'rshreine', 'sulli256', 'srrohit7', 'dmadigan', 'nanceb', 'ho141', 'mazumder', 'alexa178']"
16,294,32,10,7,"['hdeboer00', 'roj', 'smacphe', 'nnoraziz', 'gcarnal', 'ho141', 'herron12']",24,"['washin55', 'dborzaba', 'doyle87', 'cwork', 'nbalog', 'katz21', 'huff46', 'mhenault', 'imran3', 'jarvis8', 'selizond', 'gulley2', 'smit3417', 'wang3775', 'wyusra', 'barlow11', 'dmoebius', 'giannink', 'mcclais', 'rshreine', 'sulli256', 'dmadigan', 'nanceb', 'alexa178']",3,"[None, 'mthoenen', 'lalzatev']",34,"['hdeboer00', 'washin55', 'dborzaba', 'doyle87', 'cwork', 'nbalog', 'katz21', 'mthoenen', 'huff46', 'mhenault', 'imran3', 'jarvis8', 'gcarnal', 'selizond', 'gulley2', 'smit3417', 'smacphe', 'nnoraziz', 'wang3775', 'herron12', None, 'wyusra', 'barlow11', 'dmoebius', 'giannink', 'roj', 'mcclais', 'rshreine', 'lalzatev', 'sulli256', 'dmadigan', 'nanceb', 'ho141', 'alexa178']"
17,160,31,30,21,"['samuel_cabrera', 'jschaadt', 'djlindsay04', 'd3lilley', 'zishen', 'srstevenson', 'm_mccarter', 'alondrab___', 'marina.fox', 'nsubramanian', 'jy_wang', 'coldeng315', 'olefin3', 'jerry961211', 'tale1201', 'vicmse', 'ozgurrustem', 'gbordia', 'ruinan_zhou', 'jonathan_leban', 'mpowellpalm']",9,"['jairo.fernt28', 'sundararaman.c', 'seyryu1', 'zherenwang', 'nijat', 'homesteadjoe', 'sezam', 'dalialparedes', 'schith2']",9,"['lplalonde', 'nikhilzgupta', 'annchia', 'markma_berkeley', 'nanorchen', 'zhao_jingtong', None, 'divyachalise', 'cmcc19']",39,"['samuel_cabrera', 'seyryu1', 'jschaadt', 'djlindsay04', 'homesteadjoe', 'markma_berkeley', 'dalialparedes', 'd3lilley', 'schith2', 'zishen', 'srstevenson', 'm_mccarter', 'zherenwang', 'alondrab___', 'zhao_jingtong', 'marina.fox', 'annchia', 'nsubramanian', 'nanorchen', 'lplalonde', 'divyachalise', 'jairo.fernt28', 'sundararaman.c', 'jy_wang', 'coldeng315', 'nijat', 'olefin3', 'tale1201', 'jerry961211', None, 'cmcc19', 'vicmse', 'ozgurrustem', 'nikhilzgupta', 'sezam', 'gbordia', 'ruinan_zhou', 'jonathan_leban', 'mpowellpalm']"
17,120,31,23,15,"['ozgurrustem', 'samuel_cabrera', 'srstevenson', 'zherenwang', 'alondrab___', 'djlindsay04', 'marina.fox', 'homesteadjoe', 'nsubramanian', 'jerry961211', 'gbordia', 'd3lilley', 'ruinan_zhou', 'zishen', 'jonathan_leban']",15,"['vicmse', 'jairo.fernt28', 'm_mccarter', 'sundararaman.c', 'seyryu1', 'jy_wang', 'coldeng315', 'jschaadt', 'nijat', 'olefin3', 'tale1201', 'sezam', 'dalialparedes', 'schith2', 'mpowellpalm']",8,"['dmrdjenovich', 'chenxin', 'sampan', 'nikhilzgupta', 'annchia', 'pbehera2', None, 'divyachalise']",38,"['samuel_cabrera', 'seyryu1', 'chenxin', 'jschaadt', 'djlindsay04', 'homesteadjoe', 'dalialparedes', 'd3lilley', 'schith2', 'zishen', 'srstevenson', 'm_mccarter', 'zherenwang', 'alondrab___', 'sampan', 'marina.fox', 'annchia', 'nsubramanian', 'divyachalise', 'dmrdjenovich', 'jairo.fernt28', 'sundararaman.c', 'jy_wang', 'coldeng315', 'nijat', 'olefin3', 'tale1201', 'jerry961211', 'pbehera2', None, 'vicmse', 'ozgurrustem', 'nikhilzgupta', 'sezam', 'gbordia', 'ruinan_zhou', 'jonathan_leban', 'mpowellpalm']"
17,123,31,19,15,"['vicmse', 'ozgurrustem', 'samuel_cabrera', 'srstevenson', 'm_mccarter', 'jy_wang', 'coldeng315', 'zherenwang', 'alondrab___', 'djlindsay04', 'homesteadjoe', 'nsubramanian', 'olefin3', 'jerry961211', 'tale1201']",15,"['jairo.fernt28', 'sundararaman.c', 'seyryu1', 'nijat', 'jschaadt', 'marina.fox', 'ruinan_zhou', 'sezam', 'gbordia', 'dalialparedes', 'd3lilley', 'schith2', 'zishen', 'jonathan_leban', 'mpowellpalm']",4,"['nanorchen', None, 'divyachalise', 'nikhilzgupta']",34,"['samuel_cabrera', 'seyryu1', 'jschaadt', 'djlindsay04', 'homesteadjoe', 'dalialparedes', 'd3lilley', 'schith2', 'zishen', 'srstevenson', 'm_mccarter', 'zherenwang', 'alondrab___', 'marina.fox', 'nsubramanian', 'nanorchen', 'divyachalise', 'jairo.fernt28', 'sundararaman.c', 'jy_wang', 'coldeng315', 'nijat', 'olefin3', 'tale1201', 'jerry961211', None, 'vicmse', 'ozgurrustem', 'nikhilzgupta', 'sezam', 'gbordia', 'ruinan_zhou', 'jonathan_leban', 'mpowellpalm']"
17,118,31,13,1,['nijat'],29,"['samuel_cabrera', 'seyryu1', 'jschaadt', 'djlindsay04', 'homesteadjoe', 'dalialparedes', 'd3lilley', 'schith2', 'zishen', 'srstevenson', 'm_mccarter', 'zherenwang', 'alondrab___', 'marina.fox', 'nsubramanian', 'jairo.fernt28', 'sundararaman.c', 'jy_wang', 'coldeng315', 'olefin3', 'tale1201', 'jerry961211', 'vicmse', 'ozgurrustem', 'sezam', 'gbordia', 'ruinan_zhou', 'jonathan_leban', 'mpowellpalm']",12,"['emrenbi12', 'alikorkmaz.fizik', 'ridhiwan', 'miwalyffe', 'omar.gamal49', 'dbyildiz', 'gizem.ozcan093', 'handetoffoli', 'ekenismail11', 'selemenizam', None, 'berkan']",42,"['samuel_cabrera', 'seyryu1', 'miwalyffe', 'jschaadt', 'djlindsay04', 'homesteadjoe', 'dalialparedes', 'd3lilley', 'handetoffoli', 'schith2', 'zishen', 'selemenizam', 'emrenbi12', 'srstevenson', 'm_mccarter', 'alikorkmaz.fizik', 'ridhiwan', 'omar.gamal49', 'zherenwang', 'alondrab___', 'marina.fox', 'nsubramanian', 'gizem.ozcan093', 'ekenismail11', 'jairo.fernt28', 'sundararaman.c', 'jy_wang', 'coldeng315', 'nijat', 'dbyildiz', 'olefin3', 'tale1201', 'jerry961211', None, 'vicmse', 'ozgurrustem', 'sezam', 'gbordia', 'ruinan_zhou', 'jonathan_leban', 'mpowellpalm', 'berkan']"
17,159,31,10,4,"['ruinan_zhou', 'ozgurrustem', 'jerry961211', 'zishen']",26,"['samuel_cabrera', 'seyryu1', 'jschaadt', 'djlindsay04', 'homesteadjoe', 'dalialparedes', 'd3lilley', 'schith2', 'srstevenson', 'm_mccarter', 'zherenwang', 'alondrab___', 'marina.fox', 'nsubramanian', 'jairo.fernt28', 'sundararaman.c', 'jy_wang', 'coldeng315', 'nijat', 'olefin3', 'tale1201', 'vicmse', 'sezam', 'gbordia', 'jonathan_leban', 'mpowellpalm']",6,"['lplalonde', 'dmrdjenovich', 'aiarabelo', 'pbehera2', None, 'cmcc19']",36,"['samuel_cabrera', 'seyryu1', 'jschaadt', 'djlindsay04', 'homesteadjoe', 'dalialparedes', 'd3lilley', 'schith2', 'zishen', 'srstevenson', 'm_mccarter', 'zherenwang', 'alondrab___', 'marina.fox', 'nsubramanian', 'lplalonde', 'dmrdjenovich', 'jairo.fernt28', 'sundararaman.c', 'aiarabelo', 'jy_wang', 'coldeng315', 'nijat', 'olefin3', 'tale1201', 'jerry961211', 'pbehera2', None, 'cmcc19', 'vicmse', 'ozgurrustem', 'sezam', 'gbordia', 'ruinan_zhou', 'jonathan_leban', 'mpowellpalm']"
17,124,31,7,2,"['schith2', 'sundararaman.c']",28,"['samuel_cabrera', 'seyryu1', 'jschaadt', 'djlindsay04', 'homesteadjoe', 'dalialparedes', 'd3lilley', 'zishen', 'srstevenson', 'm_mccarter', 'zherenwang', 'alondrab___', 'marina.fox', 'nsubramanian', 'jairo.fernt28', 'jy_wang', 'coldeng315', 'nijat', 'olefin3', 'tale1201', 'jerry961211', 'vicmse', 'ozgurrustem', 'sezam', 'gbordia', 'ruinan_zhou', 'jonathan_leban', 'mpowellpalm']",5,"['smerma2', 'ritesh.jaggu', 'amoham55', 'ramji37', None]",35,"['samuel_cabrera', 'jairo.fernt28', 'sundararaman.c', 'seyryu1', 'jy_wang', 'coldeng315', 'jschaadt', 'nijat', 'djlindsay04', 'amoham55', 'homesteadjoe', 'olefin3', 'tale1201', 'jerry961211', 'dalialparedes', 'd3lilley', 'schith2', 'zishen', None, 'vicmse', 'ozgurrustem', 'srstevenson', 'm_mccarter', 'smerma2', 'zherenwang', 'alondrab___', 'ritesh.jaggu', 'marina.fox', 'nsubramanian', 'sezam', 'gbordia', 'ramji37', 'ruinan_zhou', 'jonathan_leban', 'mpowellpalm']"
18,109,30,17,11,"['harmon55', 'jrohman', 'nafandi', 'carr71', 'dwething', 'jsiwajek', 'smit3180', 'ababiukm', 'wheland', 'sheng18', 'rplotner']",18,"['cnotting', 'vwallema', 'mbrezina16', 'kang360', 'clark485', 'aguyre', 'jeong76', 'xng', 'weiss58', 'peck11', 'giesler', 'nmcphero', 'teo0', 'jprukop', 'kelly238', 'ray76', 'bkeunek', 'carte247']",6,"['benoit1', 'mgeckler', 'seey', 'wan52', None, 'pkabra']",35,"['cnotting', 'nafandi', 'wan52', 'aguyre', 'jprukop', 'wheland', 'bkeunek', 'vwallema', 'jeong76', 'weiss58', 'peck11', 'kelly238', 'carte247', 'harmon55', 'carr71', 'xng', 'giesler', 'nmcphero', 'ray76', None, 'sheng18', 'pkabra', 'jrohman', 'mbrezina16', 'kang360', 'clark485', 'benoit1', 'dwething', 'mgeckler', 'seey', 'teo0', 'jsiwajek', 'smit3180', 'ababiukm', 'rplotner']"
18,144,30,12,8,"['harmon55', 'jrohman', 'nafandi', 'carr71', 'dwething', 'rplotner', 'jsiwajek', 'sheng18']",21,"['cnotting', 'aguyre', 'jprukop', 'wheland', 'bkeunek', 'vwallema', 'jeong76', 'weiss58', 'peck11', 'kelly238', 'carte247', 'xng', 'giesler', 'nmcphero', 'ray76', 'mbrezina16', 'kang360', 'clark485', 'teo0', 'smit3180', 'ababiukm']",4,"['mgeckler', 'wan52', 'seey', None]",33,"['cnotting', 'nafandi', 'wan52', 'aguyre', 'jprukop', 'wheland', 'bkeunek', 'vwallema', 'jeong76', 'weiss58', 'peck11', 'kelly238', 'carte247', 'harmon55', 'carr71', 'xng', 'giesler', 'nmcphero', 'ray76', None, 'sheng18', 'jrohman', 'mbrezina16', 'kang360', 'clark485', 'dwething', 'mgeckler', 'seey', 'teo0', 'jsiwajek', 'smit3180', 'ababiukm', 'rplotner']"
19,135,28,20,10,"['dlswp4914', 'pog1996', 'dlrlgh001', 'sjzang1', 'kwangwoon', 'ehd1028', 'eqeq1126', 'junmin8950', 'wjsguddns568', 'madong13']",17,"['teja.subrahmanya', 'dsilva8', 'priyapetluru', 'jacobembley', 'aeg6', 'cz2014', 'ethanhao', 'zazazaz', 'nickpronin', 'mengkeliu', 'sylee9700', 'dongzuoming', 'serin', 'ashgarcia', 'wyyoon', 'etutuc', 'thomasleonard']",10,"['tkrkek123', 'lotusf72', 'alsdud9971', 'wwoong97', 'qksth8wh', 'choihg960212', 'sujin1997117', 'kky05712000', 'jaewoong', None]",37,"['tkrkek123', 'sjzang1', 'dlrlgh001', 'lotusf72', 'jacobembley', 'ethanhao', 'nickpronin', 'dongzuoming', 'wjsguddns568', 'alsdud9971', 'jaewoong', 'madong13', 'pog1996', 'dsilva8', 'priyapetluru', 'aeg6', 'wwoong97', 'zazazaz', 'serin', 'choihg960212', 'dlswp4914', 'kwangwoon', 'ehd1028', 'mengkeliu', 'sylee9700', 'sujin1997117', 'kky05712000', 'junmin8950', None, 'thomasleonard', 'teja.subrahmanya', 'cz2014', 'eqeq1126', 'qksth8wh', 'ashgarcia', 'wyyoon', 'etutuc']"
19,136,28,18,15,"['teja.subrahmanya', 'dsilva8', 'priyapetluru', 'jacobembley', 'aeg6', 'cz2014', 'ethanhao', 'mengkeliu', 'nickpronin', 'zazazaz', 'dongzuoming', 'ashgarcia', 'etutuc', 'wyyoon', 'thomasleonard']",12,"['dlswp4914', 'pog1996', 'sjzang1', 'dlrlgh001', 'kwangwoon', 'ehd1028', 'eqeq1126', 'junmin8950', 'sylee9700', 'serin', 'wjsguddns568', 'madong13']",3,"['ylukekim', None, 'coreywhite']",30,"['sjzang1', 'dlrlgh001', 'jacobembley', 'ethanhao', 'nickpronin', 'dongzuoming', 'wjsguddns568', 'madong13', 'pog1996', 'dsilva8', 'priyapetluru', 'aeg6', 'zazazaz', 'serin', 'dlswp4914', 'kwangwoon', 'ehd1028', 'mengkeliu', 'sylee9700', 'junmin8950', None, 'thomasleonard', 'teja.subrahmanya', 'ylukekim', 'cz2014', 'eqeq1126', 'coreywhite', 'ashgarcia', 'wyyoon', 'etutuc']"
19,133,28,9,5,"['pog1996', 'eqeq1126', 'sylee9700', 'wjsguddns568', 'junmin8950']",22,"['sjzang1', 'dlrlgh001', 'jacobembley', 'ethanhao', 'nickpronin', 'dongzuoming', 'madong13', 'dsilva8', 'priyapetluru', 'aeg6', 'zazazaz', 'serin', 'dlswp4914', 'kwangwoon', 'ehd1028', 'mengkeliu', 'thomasleonard', 'teja.subrahmanya', 'cz2014', 'ashgarcia', 'wyyoon', 'etutuc']",4,"['dltjdwls27', 'wwoong97', 'tkrkek123', None]",31,"['dlswp4914', 'tkrkek123', 'sjzang1', 'dlrlgh001', 'kwangwoon', 'jacobembley', 'ehd1028', 'ethanhao', 'mengkeliu', 'nickpronin', 'sylee9700', 'dongzuoming', 'wjsguddns568', 'madong13', 'junmin8950', None, 'thomasleonard', 'pog1996', 'dsilva8', 'priyapetluru', 'teja.subrahmanya', 'aeg6', 'cz2014', 'wwoong97', 'zazazaz', 'eqeq1126', 'dltjdwls27', 'serin', 'ashgarcia', 'wyyoon', 'etutuc']"
19,132,28,8,4,"['pog1996', 'serin', 'eqeq1126', 'wjsguddns568']",23,"['sjzang1', 'dlrlgh001', 'jacobembley', 'ethanhao', 'nickpronin', 'dongzuoming', 'madong13', 'dsilva8', 'priyapetluru', 'aeg6', 'zazazaz', 'dlswp4914', 'kwangwoon', 'ehd1028', 'mengkeliu', 'sylee9700', 'junmin8950', 'thomasleonard', 'teja.subrahmanya', 'cz2014', 'ashgarcia', 'wyyoon', 'etutuc']",4,"['hlune910', 'enmile0', 'wwoong97', None]",31,"['hlune910', 'dlswp4914', 'sjzang1', 'dlrlgh001', 'kwangwoon', 'jacobembley', 'ehd1028', 'ethanhao', 'mengkeliu', 'nickpronin', 'sylee9700', 'dongzuoming', 'wjsguddns568', 'madong13', 'junmin8950', None, 'thomasleonard', 'pog1996', 'dsilva8', 'priyapetluru', 'teja.subrahmanya', 'aeg6', 'cz2014', 'enmile0', 'zazazaz', 'eqeq1126', 'wwoong97', 'serin', 'ashgarcia', 'wyyoon', 'etutuc']"
20,305,27,41,15,"['neel.dp', 'ajay1459', 'keyuri', 'gayatri99', 'akshat.dave', 'v3daxt', 'natasha12', 'raj.rupapara', 'dhruvish.s', 'sarvesh.jamdaade', 'sanketbarkale09', 'yashraj.t', 'a.kansara', 'aniket.desai', 'neel05']",11,"['prachi.kavade', 'nishid.chawda', 'ekta.dhuri', 'janam.zaveri', 'manjusha.ghuge', 'shrusti.phadtare', 'aparna_m', 'nidisha.m', 'rohan.bhalekar', 'shruti.palekar', 'harshal.mj']",26,"['rutvik.as', 'aakash.chothani', 'jatin.thakkar', 'sanika09', 'a.kumbhani', 'jay.vaghela', 'ashawami.m', 'himanshu.kale', 'saurabh.ys', 'harsh.dhokiya', 'amogh.joshi', 'talathi', 'meet.jt', 'dharmang.s', 'karans279', 'meet.zaveri', 'sharad.yadav', 'stallion007', None, 'hemant.sahu', 'hjj', 'dksh2699', 'neeraj.t', 'aditi.morade', 'janhavi.a', 'kiran.thale']",52,"['neel.dp', 'nishid.chawda', 'ekta.dhuri', 'natasha12', 'sarvesh.jamdaade', 'nidisha.m', 'jay.vaghela', 'ashawami.m', 'v3daxt', 'himanshu.kale', 'raj.rupapara', 'janam.zaveri', 'shrusti.phadtare', 'saurabh.ys', 'sanketbarkale09', 'harsh.dhokiya', 'amogh.joshi', 'meet.jt', 'dharmang.s', 'meet.zaveri', 'neel05', 'hemant.sahu', 'dksh2699', 'dhruvish.s', 'aditi.morade', 'janhavi.a', 'aniket.desai', 'rutvik.as', 'aakash.chothani', 'akshat.dave', 'jatin.thakkar', 'manjusha.ghuge', 'sanika09', 'a.kumbhani', 'keyuri', 'yashraj.t', 'aparna_m', 'gayatri99', 'talathi', 'karans279', 'sharad.yadav', 'stallion007', None, 'harshal.mj', 'prachi.kavade', 'hjj', 'neeraj.t', 'a.kansara', 'rohan.bhalekar', 'ajay1459', 'shruti.palekar', 'kiran.thale']"
20,306,27,32,17,"['keyuri', 'gayatri99', 'nishid.chawda', 'akshat.dave', 'v3daxt', 'ekta.dhuri', 'prachi.kavade', 'janam.zaveri', 'dhruvish.s', 'manjusha.ghuge', 'shrusti.phadtare', 'aparna_m', 'nidisha.m', 'rohan.bhalekar', 'neel05', 'shruti.palekar', 'harshal.mj']",9,"['neel.dp', 'natasha12', 'raj.rupapara', 'sarvesh.jamdaade', 'sanketbarkale09', 'yashraj.t', 'a.kansara', 'aniket.desai', 'ajay1459']",15,"['chinmaymungi', 'amogh.joshi', 'dhruv.ns', 'devyani.vani', 'dksh2699', 'laxit.kamdar', 'paresh.mundale', 'surve.rs', 'prachi.gawas', 'darsh.dholakia', 'manthan.gajra', 'harsh.dhokiya', 'vrushali.lamjane', 'stallion007', None]",41,"['neel.dp', 'nishid.chawda', 'akshat.dave', 'ekta.dhuri', 'devyani.vani', 'natasha12', 'manjusha.ghuge', 'sarvesh.jamdaade', 'nidisha.m', 'keyuri', 'v3daxt', 'raj.rupapara', 'janam.zaveri', 'paresh.mundale', 'prachi.gawas', 'darsh.dholakia', 'shrusti.phadtare', 'sanketbarkale09', 'yashraj.t', 'aparna_m', 'harsh.dhokiya', 'gayatri99', 'amogh.joshi', 'manthan.gajra', 'stallion007', None, 'neel05', 'harshal.mj', 'chinmaymungi', 'prachi.kavade', 'dhruv.ns', 'dksh2699', 'laxit.kamdar', 'surve.rs', 'dhruvish.s', 'vrushali.lamjane', 'a.kansara', 'rohan.bhalekar', 'aniket.desai', 'ajay1459', 'shruti.palekar']"
20,298,27,21,15,"['keyuri', 'gayatri99', 'akshat.dave', 'raj.rupapara', 'janam.zaveri', 'nidisha.m', 'dhruvish.s', 'manjusha.ghuge', 'shrusti.phadtare', 'yashraj.t', 'a.kansara', 'aniket.desai', 'neel05', 'shruti.palekar', 'harshal.mj']",11,"['neel.dp', 'prachi.kavade', 'nishid.chawda', 'v3daxt', 'ekta.dhuri', 'natasha12', 'sarvesh.jamdaade', 'sanketbarkale09', 'aparna_m', 'rohan.bhalekar', 'ajay1459']",6,"['amogh.joshi', 'hjj', 'darsh.dholakia', 'harsh.dhokiya', 'stallion007', None]",32,"['neel.dp', 'nishid.chawda', 'akshat.dave', 'ekta.dhuri', 'natasha12', 'manjusha.ghuge', 'sarvesh.jamdaade', 'nidisha.m', 'keyuri', 'v3daxt', 'raj.rupapara', 'janam.zaveri', 'darsh.dholakia', 'shrusti.phadtare', 'sanketbarkale09', 'yashraj.t', 'aparna_m', 'harsh.dhokiya', 'gayatri99', 'amogh.joshi', 'stallion007', None, 'neel05', 'harshal.mj', 'prachi.kavade', 'hjj', 'dhruvish.s', 'a.kansara', 'rohan.bhalekar', 'aniket.desai', 'ajay1459', 'shruti.palekar']"
20,299,27,18,8,"['prachi.kavade', 'nishid.chawda', 'ekta.dhuri', 'manjusha.ghuge', 'shrusti.phadtare', 'aparna_m', 'rohan.bhalekar', 'shruti.palekar']",18,"['neel.dp', 'ajay1459', 'keyuri', 'gayatri99', 'akshat.dave', 'v3daxt', 'natasha12', 'raj.rupapara', 'janam.zaveri', 'a.kansara', 'dhruvish.s', 'sarvesh.jamdaade', 'sanketbarkale09', 'yashraj.t', 'nidisha.m', 'aniket.desai', 'neel05', 'harshal.mj']",10,"['aakash.chothani', 'devyani.vani', 'afreen.hk', 'dhruvit.shah', 'neeraj.t', 'prachi.gawas', 'viraj.ghogale', 'darshan.somani', 'samiksha.thite', None]",36,"['neel.dp', 'aakash.chothani', 'nishid.chawda', 'akshat.dave', 'ekta.dhuri', 'devyani.vani', 'natasha12', 'manjusha.ghuge', 'sarvesh.jamdaade', 'nidisha.m', 'keyuri', 'v3daxt', 'raj.rupapara', 'janam.zaveri', 'prachi.gawas', 'shrusti.phadtare', 'sanketbarkale09', 'samiksha.thite', 'yashraj.t', 'aparna_m', 'gayatri99', 'afreen.hk', 'dhruvit.shah', 'viraj.ghogale', None, 'neel05', 'harshal.mj', 'prachi.kavade', 'neeraj.t', 'dhruvish.s', 'darshan.somani', 'a.kansara', 'rohan.bhalekar', 'aniket.desai', 'ajay1459', 'shruti.palekar']"
20,307,27,13,5,"['prachi.kavade', 'nishid.chawda', 'ekta.dhuri', 'aparna_m', 'rohan.bhalekar']",21,"['neel.dp', 'akshat.dave', 'natasha12', 'manjusha.ghuge', 'sarvesh.jamdaade', 'nidisha.m', 'keyuri', 'v3daxt', 'raj.rupapara', 'janam.zaveri', 'shrusti.phadtare', 'sanketbarkale09', 'yashraj.t', 'gayatri99', 'neel05', 'harshal.mj', 'dhruvish.s', 'a.kansara', 'aniket.desai', 'ajay1459', 'shruti.palekar']",8,"['ashawami.m', 'himanshu.kale', 'devyani.vani', 'surve.rs', 'prachi.gawas', 'janhavi.a', 'vrushali.lamjane', None]",34,"['neel.dp', 'nishid.chawda', 'akshat.dave', 'ekta.dhuri', 'devyani.vani', 'natasha12', 'manjusha.ghuge', 'sarvesh.jamdaade', 'nidisha.m', 'ashawami.m', 'keyuri', 'v3daxt', 'himanshu.kale', 'raj.rupapara', 'janam.zaveri', 'prachi.gawas', 'shrusti.phadtare', 'sanketbarkale09', 'yashraj.t', 'aparna_m', 'gayatri99', None, 'neel05', 'harshal.mj', 'prachi.kavade', 'surve.rs', 'dhruvish.s', 'janhavi.a', 'vrushali.lamjane', 'a.kansara', 'rohan.bhalekar', 'aniket.desai', 'ajay1459', 'shruti.palekar']"
20,297,27,11,9,"['neel.dp', 'keyuri', 'gayatri99', 'v3daxt', 'akshat.dave', 'natasha12', 'sarvesh.jamdaade', 'sanketbarkale09', 'ajay1459']",17,"['prachi.kavade', 'nishid.chawda', 'ekta.dhuri', 'raj.rupapara', 'janam.zaveri', 'a.kansara', 'dhruvish.s', 'manjusha.ghuge', 'shrusti.phadtare', 'yashraj.t', 'aparna_m', 'nidisha.m', 'rohan.bhalekar', 'aniket.desai', 'neel05', 'shruti.palekar', 'harshal.mj']",2,"[None, 'harsh.dhokiya']",28,"['neel.dp', 'gayatri99', 'nishid.chawda', 'akshat.dave', 'ekta.dhuri', 'natasha12', 'manjusha.ghuge', 'sarvesh.jamdaade', None, 'neel05', 'harshal.mj', 'keyuri', 'prachi.kavade', 'v3daxt', 'harsh.dhokiya', 'raj.rupapara', 'janam.zaveri', 'a.kansara', 'dhruvish.s', 'shrusti.phadtare', 'sanketbarkale09', 'yashraj.t', 'aparna_m', 'nidisha.m', 'rohan.bhalekar', 'aniket.desai', 'ajay1459', 'shruti.palekar']"
20,304,27,8,4,"['ajay1459', 'natasha12', 'sarvesh.jamdaade', 'sanketbarkale09']",22,"['neel.dp', 'nishid.chawda', 'akshat.dave', 'ekta.dhuri', 'manjusha.ghuge', 'nidisha.m', 'keyuri', 'v3daxt', 'raj.rupapara', 'janam.zaveri', 'shrusti.phadtare', 'yashraj.t', 'aparna_m', 'gayatri99', 'neel05', 'harshal.mj', 'prachi.kavade', 'dhruvish.s', 'a.kansara', 'rohan.bhalekar', 'aniket.desai', 'shruti.palekar']",4,"['mihir12', None, 'amogh.joshi', 'kiran.thale']",30,"['neel.dp', 'gayatri99', 'nishid.chawda', 'akshat.dave', 'amogh.joshi', 'ekta.dhuri', 'natasha12', 'mihir12', 'manjusha.ghuge', 'sarvesh.jamdaade', None, 'neel05', 'harshal.mj', 'keyuri', 'prachi.kavade', 'v3daxt', 'raj.rupapara', 'janam.zaveri', 'a.kansara', 'dhruvish.s', 'shrusti.phadtare', 'sanketbarkale09', 'yashraj.t', 'aparna_m', 'nidisha.m', 'rohan.bhalekar', 'aniket.desai', 'ajay1459', 'shruti.palekar', 'kiran.thale']"
21,221,26,26,23,"['sohaila2', 'alr2', 'solcani2', 'ahmaher2', 'jscruz2', 'mlcarr2', 'jdlambe2', 'sergay2', 'amerges2', 'amoral42', 'ceg2', 'sonym2', 'jlaird2', 'rap4', 'mprogal2', 'amir.ostadi3', 'mls5', 'akb3', 'sathvik2', 'dspoole2', 'smmoran2', 'nummy2', 'bttnhsn2']",2,"['nikitat2', 'viwilso2']",3,"['amirostadipersonal', None, 'shwetab2']",28,"['sohaila2', 'alr2', 'solcani2', 'ahmaher2', 'amirostadipersonal', 'jscruz2', 'mlcarr2', 'jdlambe2', 'sergay2', 'amerges2', 'amoral42', 'ceg2', 'sonym2', 'jlaird2', 'shwetab2', 'rap4', 'viwilso2', 'mprogal2', None, 'amir.ostadi3', 'mls5', 'akb3', 'sathvik2', 'dspoole2', 'smmoran2', 'nikitat2', 'nummy2', 'bttnhsn2']"
21,140,26,24,21,"['sohaila2', 'alr2', 'solcani2', 'ahmaher2', 'jscruz2', 'mlcarr2', 'jdlambe2', 'sergay2', 'amerges2', 'amoral42', 'ceg2', 'sonym2', 'jlaird2', 'rap4', 'mprogal2', 'amir.ostadi3', 'mls5', 'akb3', 'sathvik2', 'nummy2', 'bttnhsn2']",4,"['nikitat2', 'dspoole2', 'smmoran2', 'viwilso2']",3,"['amirostadipersonal', None, 'shwetab2']",28,"['sohaila2', 'alr2', 'solcani2', 'ahmaher2', 'amirostadipersonal', 'jscruz2', 'mlcarr2', 'jdlambe2', 'sergay2', 'amerges2', 'amoral42', 'ceg2', 'sonym2', 'jlaird2', 'shwetab2', 'rap4', 'viwilso2', 'mprogal2', None, 'amir.ostadi3', 'mls5', 'akb3', 'sathvik2', 'dspoole2', 'smmoran2', 'nikitat2', 'nummy2', 'bttnhsn2']"
21,222,26,22,21,"['sohaila2', 'alr2', 'solcani2', 'jscruz2', 'mlcarr2', 'jdlambe2', 'amerges2', 'amoral42', 'ceg2', 'sonym2', 'jlaird2', 'viwilso2', 'mprogal2', 'amir.ostadi3', 'akb3', 'sathvik2', 'dspoole2', 'nikitat2', 'smmoran2', 'nummy2', 'bttnhsn2']",4,"['ahmaher2', 'mls5', 'sergay2', 'rap4']",1,[None],26,"['sohaila2', 'alr2', 'solcani2', 'ahmaher2', 'jscruz2', 'mlcarr2', 'jdlambe2', 'sergay2', 'amerges2', 'amoral42', 'ceg2', 'sonym2', 'jlaird2', 'rap4', 'viwilso2', 'mprogal2', None, 'amir.ostadi3', 'mls5', 'akb3', 'sathvik2', 'dspoole2', 'smmoran2', 'nikitat2', 'nummy2', 'bttnhsn2']"
21,141,26,20,19,"['sohaila2', 'solcani2', 'jscruz2', 'mlcarr2', 'jdlambe2', 'amerges2', 'amoral42', 'ceg2', 'sonym2', 'jlaird2', 'viwilso2', 'mprogal2', 'akb3', 'sathvik2', 'dspoole2', 'nikitat2', 'smmoran2', 'nummy2', 'bttnhsn2']",6,"['amir.ostadi3', 'sergay2', 'mls5', 'rap4', 'alr2', 'ahmaher2']",1,[None],26,"['sohaila2', 'alr2', 'solcani2', 'ahmaher2', 'jscruz2', 'mlcarr2', 'jdlambe2', 'sergay2', 'amerges2', 'amoral42', 'ceg2', 'sonym2', 'jlaird2', 'rap4', 'viwilso2', 'mprogal2', None, 'amir.ostadi3', 'mls5', 'akb3', 'sathvik2', 'dspoole2', 'smmoran2', 'nikitat2', 'nummy2', 'bttnhsn2']"
22,160,26,30,5,"['annchia', 'nanorchen', 'markma_berkeley', 'zhao_jingtong', 'cmcc19']",20,"['lingzhic', 'tianyiz6', 'incipir', 'okan.tag', 'matthewlm124', 'jzhu9', 'byuzzy', 'ruisil', 'muhammetkorkmaz', 'tomas_ft', 'jli11', 'hansenp', 'sagariyer', 'vazza1996', 'lamm1', 'haolongl1', 'dmrdjenovich', 'yuconggu', 'pbehera2', 'zengr2']",25,"['samuel_cabrera', 'jschaadt', 'djlindsay04', 'd3lilley', 'zishen', 'srstevenson', 'm_mccarter', 'alondrab___', 'marina.fox', 'nsubramanian', 'lplalonde', 'jy_wang', 'coldeng315', 'olefin3', 'jerry961211', 'tale1201', None, 'vicmse', 'ozgurrustem', 'jonathan_leban', 'nikhilzgupta', 'gbordia', 'ruinan_zhou', 'divyachalise', 'mpowellpalm']",50,"['lingzhic', 'samuel_cabrera', 'tianyiz6', 'incipir', 'okan.tag', 'jschaadt', 'djlindsay04', 'matthewlm124', 'jzhu9', 'markma_berkeley', 'byuzzy', 'd3lilley', 'zishen', 'ruisil', 'muhammetkorkmaz', 'srstevenson', 'm_mccarter', 'tomas_ft', 'jli11', 'hansenp', 'alondrab___', 'marina.fox', 'sagariyer', 'vazza1996', 'annchia', 'lamm1', 'nsubramanian', 'haolongl1', 'nanorchen', 'lplalonde', 'dmrdjenovich', 'yuconggu', 'jy_wang', 'coldeng315', 'olefin3', 'jerry961211', 'tale1201', 'pbehera2', 'ruinan_zhou', None, 'zengr2', 'cmcc19', 'vicmse', 'ozgurrustem', 'jonathan_leban', 'nikhilzgupta', 'gbordia', 'zhao_jingtong', 'divyachalise', 'mpowellpalm']"
22,120,26,23,3,"['annchia', 'dmrdjenovich', 'pbehera2']",22,"['lingzhic', 'tianyiz6', 'incipir', 'okan.tag', 'matthewlm124', 'jzhu9', 'markma_berkeley', 'byuzzy', 'ruisil', 'muhammetkorkmaz', 'tomas_ft', 'jli11', 'hansenp', 'sagariyer', 'vazza1996', 'lamm1', 'haolongl1', 'nanorchen', 'yuconggu', 'zengr2', 'cmcc19', 'zhao_jingtong']",20,"['samuel_cabrera', 'chenxin', 'djlindsay04', 'homesteadjoe', 'd3lilley', 'zishen', 'srstevenson', 'zherenwang', 'sampan', 'alondrab___', 'marina.fox', 'nsubramanian', 'divyachalise', 'jerry961211', None, 'ozgurrustem', 'nikhilzgupta', 'gbordia', 'ruinan_zhou', 'jonathan_leban']",45,"['lingzhic', 'samuel_cabrera', 'tianyiz6', 'incipir', 'chenxin', 'okan.tag', 'djlindsay04', 'matthewlm124', 'jzhu9', 'homesteadjoe', 'markma_berkeley', 'byuzzy', 'd3lilley', 'zishen', 'ruisil', 'muhammetkorkmaz', 'srstevenson', 'tomas_ft', 'jli11', 'hansenp', 'zherenwang', 'sampan', 'sagariyer', 'vazza1996', 'annchia', 'alondrab___', 'lamm1', 'marina.fox', 'nsubramanian', 'haolongl1', 'nanorchen', 'divyachalise', 'dmrdjenovich', 'yuconggu', 'jerry961211', 'pbehera2', 'ruinan_zhou', None, 'zengr2', 'cmcc19', 'ozgurrustem', 'nikhilzgupta', 'gbordia', 'zhao_jingtong', 'jonathan_leban']"
22,123,26,19,1,['nanorchen'],24,"['lingzhic', 'tianyiz6', 'incipir', 'okan.tag', 'matthewlm124', 'jzhu9', 'markma_berkeley', 'byuzzy', 'ruisil', 'muhammetkorkmaz', 'tomas_ft', 'jli11', 'hansenp', 'sagariyer', 'vazza1996', 'annchia', 'lamm1', 'haolongl1', 'dmrdjenovich', 'yuconggu', 'pbehera2', 'zengr2', 'cmcc19', 'zhao_jingtong']",18,"['vicmse', 'ozgurrustem', 'samuel_cabrera', 'srstevenson', 'm_mccarter', 'jy_wang', 'coldeng315', 'zherenwang', 'alondrab___', 'djlindsay04', 'nikhilzgupta', 'homesteadjoe', 'nsubramanian', 'olefin3', 'jerry961211', 'tale1201', None, 'divyachalise']",43,"['lingzhic', 'samuel_cabrera', 'tianyiz6', 'incipir', 'okan.tag', 'djlindsay04', 'matthewlm124', 'jzhu9', 'homesteadjoe', 'markma_berkeley', 'byuzzy', 'ruisil', 'muhammetkorkmaz', 'srstevenson', 'm_mccarter', 'tomas_ft', 'jli11', 'hansenp', 'zherenwang', 'alondrab___', 'sagariyer', 'vazza1996', 'annchia', 'lamm1', 'nsubramanian', 'haolongl1', 'nanorchen', 'dmrdjenovich', 'yuconggu', 'jy_wang', 'coldeng315', 'olefin3', 'jerry961211', 'tale1201', 'pbehera2', None, 'zengr2', 'cmcc19', 'vicmse', 'ozgurrustem', 'nikhilzgupta', 'zhao_jingtong', 'divyachalise']"
22,158,26,13,12,"['ruisil', 'lingzhic', 'tianyiz6', 'jli11', 'hansenp', 'matthewlm124', 'vazza1996', 'sagariyer', 'jzhu9', 'lamm1', 'haolongl1', 'zengr2']",13,"['muhammetkorkmaz', 'dmrdjenovich', 'yuconggu', 'incipir', 'tomas_ft', 'okan.tag', 'zhao_jingtong', 'annchia', 'markma_berkeley', 'byuzzy', 'pbehera2', 'nanorchen', 'cmcc19']",1,[None],26,"['lingzhic', 'tianyiz6', 'incipir', 'okan.tag', 'matthewlm124', 'jzhu9', 'markma_berkeley', 'byuzzy', 'ruisil', 'muhammetkorkmaz', 'tomas_ft', 'jli11', 'hansenp', 'sagariyer', 'vazza1996', 'annchia', 'lamm1', 'haolongl1', 'nanorchen', 'dmrdjenovich', 'yuconggu', 'pbehera2', None, 'zengr2', 'cmcc19', 'zhao_jingtong']"
22,157,26,12,11,"['ruisil', 'lingzhic', 'tianyiz6', 'jli11', 'hansenp', 'vazza1996', 'matthewlm124', 'sagariyer', 'jzhu9', 'haolongl1', 'zengr2']",14,"['muhammetkorkmaz', 'dmrdjenovich', 'yuconggu', 'incipir', 'tomas_ft', 'okan.tag', 'zhao_jingtong', 'annchia', 'lamm1', 'markma_berkeley', 'byuzzy', 'pbehera2', 'nanorchen', 'cmcc19']",1,[None],26,"['lingzhic', 'dmrdjenovich', 'tianyiz6', 'yuconggu', 'incipir', 'okan.tag', 'matthewlm124', 'jzhu9', 'markma_berkeley', 'byuzzy', 'pbehera2', None, 'zengr2', 'cmcc19', 'ruisil', 'muhammetkorkmaz', 'tomas_ft', 'jli11', 'hansenp', 'zhao_jingtong', 'sagariyer', 'vazza1996', 'annchia', 'lamm1', 'haolongl1', 'nanorchen']"
22,159,26,10,3,"['pbehera2', 'dmrdjenovich', 'cmcc19']",22,"['lingzhic', 'tianyiz6', 'incipir', 'okan.tag', 'matthewlm124', 'jzhu9', 'markma_berkeley', 'byuzzy', 'ruisil', 'muhammetkorkmaz', 'tomas_ft', 'jli11', 'hansenp', 'sagariyer', 'vazza1996', 'annchia', 'lamm1', 'haolongl1', 'nanorchen', 'yuconggu', 'zengr2', 'zhao_jingtong']",7,"['lplalonde', 'ozgurrustem', None, 'aiarabelo', 'jerry961211', 'ruinan_zhou', 'zishen']",32,"['lplalonde', 'lingzhic', 'dmrdjenovich', 'tianyiz6', 'yuconggu', 'aiarabelo', 'incipir', 'okan.tag', 'matthewlm124', 'jzhu9', 'jerry961211', 'markma_berkeley', 'byuzzy', 'pbehera2', 'ruinan_zhou', 'zishen', 'zengr2', None, 'cmcc19', 'ruisil', 'muhammetkorkmaz', 'ozgurrustem', 'tomas_ft', 'jli11', 'hansenp', 'zhao_jingtong', 'sagariyer', 'vazza1996', 'annchia', 'lamm1', 'haolongl1', 'nanorchen']"
24,33,26,13,10,"['sangeetamjoshi', 'newton.ns34', 'vaibhavkharat10', 'kunalkokate10', 'ajinkyagawhale98', 'tanmay.jagtap1928', 'jadhavkoustubh26', 'cenasai3', 'neerajlk6', 'shivaninaik']",15,"['rushabh.rathore', 'avinashwaghmare1013', 'sneha.paralikar', 'akashsawant364', 'shivamvermaid', 'prajwal.bhandari', 'chris.roske', 'knsrisaravana', 'lmelend1', 'paola.perez.harmony', 'egarcia91', 'kunj.c', 'imarquez2', 'chenriquez', 'a.dhanewar']",3,"['adarsh1999', None, 'amolborase67']",28,"['sangeetamjoshi', 'newton.ns34', 'vaibhavkharat10', 'prajwal.bhandari', 'paola.perez.harmony', 'tanmay.jagtap1928', 'jadhavkoustubh26', 'chenriquez', 'shivaninaik', 'neerajlk6', 'amolborase67', 'kunalkokate10', 'rushabh.rathore', 'avinashwaghmare1013', 'akashsawant364', 'chris.roske', 'lmelend1', 'ajinkyagawhale98', 'kunj.c', 'cenasai3', None, 'sneha.paralikar', 'shivamvermaid', 'knsrisaravana', 'egarcia91', 'imarquez2', 'adarsh1999', 'a.dhanewar']"
24,36,26,12,9,"['vaibhavkharat10', 'newton.ns34', 'akashsawant364', 'kunalkokate10', 'ajinkyagawhale98', 'tanmay.jagtap1928', 'jadhavkoustubh26', 'neerajlk6', 'shivaninaik']",16,"['rushabh.rathore', 'avinashwaghmare1013', 'sangeetamjoshi', 'sneha.paralikar', 'shivamvermaid', 'prajwal.bhandari', 'chris.roske', 'knsrisaravana', 'lmelend1', 'paola.perez.harmony', 'egarcia91', 'kunj.c', 'imarquez2', 'cenasai3', 'chenriquez', 'a.dhanewar']",3,"['adarsh1999', None, 'amolborase67']",28,"['rushabh.rathore', 'avinashwaghmare1013', 'sangeetamjoshi', 'newton.ns34', 'vaibhavkharat10', 'prajwal.bhandari', 'akashsawant364', 'chris.roske', 'lmelend1', 'paola.perez.harmony', 'ajinkyagawhale98', 'tanmay.jagtap1928', 'jadhavkoustubh26', 'kunj.c', 'cenasai3', 'chenriquez', 'shivaninaik', 'neerajlk6', None, 'amolborase67', 'sneha.paralikar', 'shivamvermaid', 'kunalkokate10', 'knsrisaravana', 'egarcia91', 'imarquez2', 'adarsh1999', 'a.dhanewar']"
24,32,26,7,3,"['kunj.c', 'a.dhanewar', 'prajwal.bhandari']",22,"['vaibhavkharat10', 'sangeetamjoshi', 'newton.ns34', 'paola.perez.harmony', 'tanmay.jagtap1928', 'jadhavkoustubh26', 'neerajlk6', 'chenriquez', 'shivaninaik', 'kunalkokate10', 'rushabh.rathore', 'avinashwaghmare1013', 'akashsawant364', 'chris.roske', 'lmelend1', 'ajinkyagawhale98', 'cenasai3', 'sneha.paralikar', 'shivamvermaid', 'knsrisaravana', 'egarcia91', 'imarquez2']",4,"['austin.rodrigues', None, 'abhishek21', 'sumeet.chavan']",29,"['rushabh.rathore', 'austin.rodrigues', 'avinashwaghmare1013', 'sangeetamjoshi', 'newton.ns34', 'vaibhavkharat10', 'prajwal.bhandari', 'akashsawant364', 'chris.roske', 'lmelend1', 'paola.perez.harmony', 'ajinkyagawhale98', 'tanmay.jagtap1928', 'jadhavkoustubh26', 'kunj.c', 'cenasai3', 'chenriquez', 'shivaninaik', 'neerajlk6', None, 'sumeet.chavan', 'sneha.paralikar', 'shivamvermaid', 'kunalkokate10', 'abhishek21', 'knsrisaravana', 'egarcia91', 'imarquez2', 'a.dhanewar']"
24,35,26,7,5,"['lmelend1', 'paola.perez.harmony', 'egarcia91', 'imarquez2', 'chenriquez']",20,"['vaibhavkharat10', 'sangeetamjoshi', 'newton.ns34', 'prajwal.bhandari', 'tanmay.jagtap1928', 'jadhavkoustubh26', 'neerajlk6', 'shivaninaik', 'kunalkokate10', 'rushabh.rathore', 'avinashwaghmare1013', 'akashsawant364', 'chris.roske', 'ajinkyagawhale98', 'kunj.c', 'cenasai3', 'sneha.paralikar', 'shivamvermaid', 'knsrisaravana', 'a.dhanewar']",2,"['karlaa2296', None]",27,"['rushabh.rathore', 'avinashwaghmare1013', 'sangeetamjoshi', 'newton.ns34', 'vaibhavkharat10', 'prajwal.bhandari', 'akashsawant364', 'chris.roske', 'lmelend1', 'paola.perez.harmony', 'karlaa2296', 'ajinkyagawhale98', 'tanmay.jagtap1928', 'jadhavkoustubh26', 'kunj.c', 'cenasai3', 'chenriquez', 'shivaninaik', 'neerajlk6', None, 'sneha.paralikar', 'shivamvermaid', 'kunalkokate10', 'knsrisaravana', 'egarcia91', 'imarquez2', 'a.dhanewar']"
24,34,26,6,4,"['rushabh.rathore', 'sneha.paralikar', 'avinashwaghmare1013', 'kunalkokate10']",21,"['vaibhavkharat10', 'sangeetamjoshi', 'newton.ns34', 'prajwal.bhandari', 'paola.perez.harmony', 'tanmay.jagtap1928', 'jadhavkoustubh26', 'neerajlk6', 'chenriquez', 'shivaninaik', 'akashsawant364', 'chris.roske', 'lmelend1', 'ajinkyagawhale98', 'kunj.c', 'cenasai3', 'shivamvermaid', 'knsrisaravana', 'egarcia91', 'imarquez2', 'a.dhanewar']",2,"['aayushi.rajgor', None]",27,"['rushabh.rathore', 'aayushi.rajgor', 'avinashwaghmare1013', 'sangeetamjoshi', 'newton.ns34', 'vaibhavkharat10', 'prajwal.bhandari', 'akashsawant364', 'chris.roske', 'lmelend1', 'paola.perez.harmony', 'ajinkyagawhale98', 'tanmay.jagtap1928', 'jadhavkoustubh26', 'kunj.c', 'cenasai3', 'chenriquez', 'shivaninaik', 'neerajlk6', None, 'sneha.paralikar', 'shivamvermaid', 'kunalkokate10', 'knsrisaravana', 'egarcia91', 'imarquez2', 'a.dhanewar']"
25,235,23,27,22,"['yg017998', 'alleanza', 'haruto', 'yueyue426426', 'yb018128', 'kx018024', 'changzhouyang', 'ss017962', 'zzx1001', 'cjchuan252', 'xlliu', 'aroht', 'ao018053', 'infernitym7', '15105231236zyf', 'wangzeshen063', 'kv017996', 'ks018058', 'wg017982', 'xinhengyu', 'xinzhouwang5', 'lazyuki']",0,[],5,"['hiszh0817', 'sq018017', 'wwrr31', None, 'qa017983']",27,"['yg017998', 'alleanza', 'haruto', 'yueyue426426', 'yb018128', 'kx018024', 'changzhouyang', 'ss017962', 'qa017983', 'zzx1001', 'cjchuan252', 'hiszh0817', 'sq018017', 'xlliu', 'wwrr31', 'aroht', 'ao018053', 'infernitym7', '15105231236zyf', None, 'wangzeshen063', 'kv017996', 'ks018058', 'wg017982', 'xinhengyu', 'xinzhouwang5', 'lazyuki']"
26,148,23,20,18,"['cristianmufc', 'luisa', 'santiago44628', 'kevin_solarte', 'tatianab123', 'estebanlopez80', 'pipe7950', 'luisasuaza', 'svargasgallo', 'anamariamarin', 'santiloaiza58', 'manuelacardonacevedo', 'valentinacastano653', 'acardonagonzalez2105', 'carolinalopezgaviria80', 'daniela_osorio_2001', 'yeferson', 'juan367']",4,"['cbgmilatom', 'cbrayer', 'jcw', 'totogaga90']",2,"[None, 'caduartec']",24,"['anamariamarin', 'santiloaiza58', 'yeferson', 'juan367', 'luisa', 'kevin_solarte', 'tatianab123', 'caduartec', 'totogaga90', 'cbgmilatom', 'cbrayer', 'jcw', 'pipe7950', 'santiago44628', 'estebanlopez80', 'cristianmufc', 'svargasgallo', 'valentinacastano653', 'acardonagonzalez2105', 'daniela_osorio_2001', None, 'luisasuaza', 'manuelacardonacevedo', 'carolinalopezgaviria80']"
26,147,23,11,3,"['cbgmilatom', 'cbrayer', 'totogaga90']",19,"['anamariamarin', 'santiloaiza58', 'yeferson', 'juan367', 'luisa', 'kevin_solarte', 'tatianab123', 'jcw', 'pipe7950', 'santiago44628', 'estebanlopez80', 'cristianmufc', 'svargasgallo', 'valentinacastano653', 'acardonagonzalez2105', 'daniela_osorio_2001', 'luisasuaza', 'manuelacardonacevedo', 'carolinalopezgaviria80']",8,"['mathilde.mougeot', 'vrivoire', 'motte', 'jmaillet', 'bouffandeau', 'etsn2019jg', 'lucasp', None]",30,"['jcw', 'pipe7950', 'santiago44628', 'estebanlopez80', 'cristianmufc', 'svargasgallo', 'anamariamarin', 'jmaillet', 'motte', 'etsn2019jg', 'santiloaiza58', 'valentinacastano653', 'acardonagonzalez2105', 'daniela_osorio_2001', 'lucasp', 'yeferson', 'juan367', None, 'luisa', 'luisasuaza', 'kevin_solarte', 'tatianab123', 'mathilde.mougeot', 'vrivoire', 'manuelacardonacevedo', 'bouffandeau', 'totogaga90', 'cbgmilatom', 'cbrayer', 'carolinalopezgaviria80']"
27,383,23,26,22,"['parker943', 'mattlabranche14', 'tbello1', 'eedeangelis', 'harmok2', 'jmiklinski', 'boydd4', 'arcadf', 'abell87437', 'ptrcrdd', 'albrer', 'sunanqian1998', 'jeffarith', 'cmharsh', 'sdalakos9', 'srepaci', 'juy1994', 'chunyinyang', 'allison.martn', 'haidong', 'dtmpleva17', 'mayore']",0,[],4,"['mppotter', None, 'flyingpiesinheaven', 'josueruiz0910']",26,"['parker943', 'mattlabranche14', 'tbello1', 'mppotter', 'eedeangelis', 'harmok2', 'jmiklinski', 'boydd4', 'arcadf', 'abell87437', 'ptrcrdd', 'albrer', 'sunanqian1998', 'jeffarith', 'cmharsh', 'sdalakos9', 'srepaci', 'juy1994', None, 'chunyinyang', 'flyingpiesinheaven', 'allison.martn', 'haidong', 'josueruiz0910', 'dtmpleva17', 'mayore']"
27,386,23,25,22,"['parker943', 'mattlabranche14', 'tbello1', 'eedeangelis', 'harmok2', 'jmiklinski', 'boydd4', 'arcadf', 'abell87437', 'ptrcrdd', 'albrer', 'sunanqian1998', 'jeffarith', 'cmharsh', 'sdalakos9', 'srepaci', 'juy1994', 'chunyinyang', 'allison.martn', 'haidong', 'dtmpleva17', 'mayore']",0,[],3,"['mppotter', None, 'flyingpiesinheaven']",25,"['parker943', 'mattlabranche14', 'tbello1', 'mppotter', 'eedeangelis', 'harmok2', 'jmiklinski', 'boydd4', 'arcadf', 'abell87437', 'ptrcrdd', 'albrer', 'sunanqian1998', 'jeffarith', 'cmharsh', 'sdalakos9', 'srepaci', 'juy1994', None, 'chunyinyang', 'flyingpiesinheaven', 'allison.martn', 'haidong', 'dtmpleva17', 'mayore']"
27,387,23,19,16,"['albrer', 'mattlabranche14', 'parker943', 'allison.martn', 'jmiklinski', 'sunanqian1998', 'jeffarith', 'cmharsh', 'tbello1', 'eedeangelis', 'harmok2', 'arcadf', 'abell87437', 'ptrcrdd', 'juy1994', 'mayore']",6,"['haidong', 'boydd4', 'dtmpleva17', 'sdalakos9', 'srepaci', 'chunyinyang']",3,"['mppotter', None, 'danteboyd5']",25,"['parker943', 'mattlabranche14', 'tbello1', 'mppotter', 'eedeangelis', 'harmok2', 'danteboyd5', 'jmiklinski', 'boydd4', 'arcadf', 'abell87437', 'ptrcrdd', 'albrer', 'sunanqian1998', 'jeffarith', 'cmharsh', 'sdalakos9', 'srepaci', 'juy1994', None, 'chunyinyang', 'allison.martn', 'haidong', 'dtmpleva17', 'mayore']"
27,385,23,18,16,"['albrer', 'allison.martn', 'jmiklinski', 'sunanqian1998', 'jeffarith', 'cmharsh', 'tbello1', 'dtmpleva17', 'harmok2', 'eedeangelis', 'arcadf', 'abell87437', 'srepaci', 'ptrcrdd', 'juy1994', 'mayore']",6,"['parker943', 'mattlabranche14', 'haidong', 'boydd4', 'sdalakos9', 'chunyinyang']",2,"['mppotter', None]",24,"['parker943', 'mattlabranche14', 'tbello1', 'mppotter', 'eedeangelis', 'harmok2', 'jmiklinski', 'boydd4', 'arcadf', 'abell87437', 'ptrcrdd', 'albrer', 'sunanqian1998', 'jeffarith', 'cmharsh', 'sdalakos9', 'srepaci', 'juy1994', None, 'chunyinyang', 'allison.martn', 'haidong', 'dtmpleva17', 'mayore']"
27,384,23,7,5,"['mattlabranche14', 'sunanqian1998', 'jeffarith', 'eedeangelis', 'sdalakos9']",17,"['albrer', 'parker943', 'allison.martn', 'jmiklinski', 'haidong', 'cmharsh', 'boydd4', 'tbello1', 'dtmpleva17', 'harmok2', 'arcadf', 'abell87437', 'srepaci', 'ptrcrdd', 'juy1994', 'chunyinyang', 'mayore']",2,"['mppotter', None]",24,"['albrer', 'parker943', 'mattlabranche14', 'sunanqian1998', 'jeffarith', 'cmharsh', 'tbello1', 'mppotter', 'eedeangelis', 'harmok2', 'sdalakos9', 'srepaci', 'juy1994', None, 'chunyinyang', 'allison.martn', 'jmiklinski', 'haidong', 'boydd4', 'dtmpleva17', 'arcadf', 'abell87437', 'ptrcrdd', 'mayore']"
28,180,23,28,22,"['ahmad_almuzaiel', 'hamadabdulrahim', 'arwaa', 'alarbash_fatma', 'saraaqq8', 'gharamald', 'aliah', 'metatronics2012', 'zainabaum', 'shaikha.nk', 'fatima1997.04.12', 'wahab25525', 'alaaaladwani', 'mohamma', 'hajarralsaied', 'nada.almarri', 'jyalhajri', 'zainabalshareef67', 'eman97x', 'wassanaloun', 'shahadamer', 'zss999998']",0,[],6,"['rawandashti', 'abdullah.s.karar', 'aumx97', 'bilel.neji', 'balahbabi', None]",28,"['ahmad_almuzaiel', 'hamadabdulrahim', 'arwaa', 'alarbash_fatma', 'bilel.neji', 'saraaqq8', 'gharamald', 'aliah', 'metatronics2012', 'zainabaum', 'balahbabi', 'shaikha.nk', 'abdullah.s.karar', 'fatima1997.04.12', 'wahab25525', 'alaaaladwani', 'mohamma', None, 'rawandashti', 'hajarralsaied', 'nada.almarri', 'jyalhajri', 'zainabalshareef67', 'aumx97', 'eman97x', 'wassanaloun', 'shahadamer', 'zss999998']"
29,38,22,27,19,"['arespaillat', 'lsilver646', 'atd216', 'lucasibell227', 'hkirkland', 'npadgett', 'danieljohnson535', 'colleenweller', 'clambert97', 'zpzane', 'antural', 'vjonathan5037', 'jarvesu16', 'seanved', 'brianlien', 'josepmarti197', 'agoya', 'a02051998', 'sboyette9']",2,"['tvic10', 'cynicalschlump']",8,"['trevorcv10', 'stephenbfl', 'jbernstei', 'erikjuul1', 'jbernstein721', 'np725', None, 'nicholasfata']",29,"['arespaillat', 'trevorcv10', 'lsilver646', 'atd216', 'lucasibell227', 'hkirkland', 'nicholasfata', 'npadgett', 'cynicalschlump', 'stephenbfl', 'danieljohnson535', 'colleenweller', 'clambert97', 'zpzane', 'np725', 'antural', 'jbernstein721', 'vjonathan5037', 'jarvesu16', 'seanved', 'brianlien', 'josepmarti197', None, 'agoya', 'a02051998', 'sboyette9', 'tvic10', 'jbernstei', 'erikjuul1']"
29,177,22,25,19,"['arespaillat', 'lsilver646', 'atd216', 'lucasibell227', 'hkirkland', 'npadgett', 'danieljohnson535', 'colleenweller', 'clambert97', 'zpzane', 'vjonathan5037', 'jarvesu16', 'seanved', 'brianlien', 'josepmarti197', 'agoya', 'a02051998', 'sboyette9', 'tvic10']",2,"['antural', 'cynicalschlump']",6,"['thefata', 'nickolas.pais725', 'erikjuul1', 'stephenbfl1', None, 'jbernstein721']",27,"['arespaillat', 'thefata', 'lsilver646', 'atd216', 'lucasibell227', 'hkirkland', 'npadgett', 'cynicalschlump', 'danieljohnson535', 'colleenweller', 'clambert97', 'zpzane', 'antural', 'jbernstein721', 'vjonathan5037', 'jarvesu16', 'seanved', 'brianlien', 'josepmarti197', None, 'agoya', 'a02051998', 'sboyette9', 'nickolas.pais725', 'tvic10', 'erikjuul1', 'stephenbfl1']"
29,300,22,24,18,"['jarvesu16', 'agoya', 'seanved', 'arespaillat', 'npadgett', 'a02051998', 'brianlien', 'sboyette9', 'lsilver646', 'atd216', 'danieljohnson535', 'tvic10', 'clambert97', 'lucasibell227', 'zpzane', 'hkirkland', 'josepmarti197', 'vjonathan5037']",3,"['colleenweller', 'antural', 'cynicalschlump']",6,"['thefata', 'ejuul', 'jbernstei', 'stephenbfl1', 'nech', None]",27,"['arespaillat', 'thefata', 'lsilver646', 'atd216', 'lucasibell227', 'hkirkland', 'npadgett', 'cynicalschlump', 'danieljohnson535', 'colleenweller', 'clambert97', 'zpzane', 'antural', 'vjonathan5037', 'jarvesu16', 'seanved', 'brianlien', 'josepmarti197', None, 'agoya', 'a02051998', 'sboyette9', 'ejuul', 'tvic10', 'jbernstei', 'stephenbfl1', 'nech']"
29,178,22,13,10,"['jarvesu16', 'agoya', 'seanved', 'sboyette9', 'npadgett', 'brianlien', 'cynicalschlump', 'lsilver646', 'lucasibell227', 'josepmarti197']",11,"['arespaillat', 'a02051998', 'atd216', 'danieljohnson535', 'tvic10', 'colleenweller', 'clambert97', 'zpzane', 'hkirkland', 'antural', 'vjonathan5037']",3,"[None, 'stephenbfl1', 'jbernstein721']",24,"['jarvesu16', 'seanved', 'arespaillat', 'brianlien', 'lsilver646', 'atd216', 'lucasibell227', 'hkirkland', 'josepmarti197', None, 'agoya', 'npadgett', 'a02051998', 'sboyette9', 'cynicalschlump', 'danieljohnson535', 'tvic10', 'colleenweller', 'stephenbfl1', 'clambert97', 'zpzane', 'antural', 'jbernstein721', 'vjonathan5037']"
30,246,20,19,18,"['yubri', 'brebake', 'amm18', 'renjewel', 'azneher', 'mnsaxena', 'mjrandal', 'ethnguye', 'devhkell', 'ahmorrow', 'fostemii', 'hunter7140', 'cohawes', 'mfmitsch', 'emchow', 'cdesroc', 'evogelsa', 'gragleas']",1,['gemeadow'],1,[None],20,"['brebake', 'ethnguye', 'cohawes', 'emchow', 'renjewel', 'mnsaxena', 'ahmorrow', 'evogelsa', 'gragleas', 'amm18', 'gemeadow', 'mjrandal', 'fostemii', None, 'yubri', 'azneher', 'devhkell', 'hunter7140', 'mfmitsch', 'cdesroc']"
31,295,20,19,17,"['tajapandu', 'jwokim', 'sujoy17', 'ecedeniz', 'jlord', 'ruchiravn25', 'bustamnt', 'jgwood', 'ittano', 'cshelden', 'ilcosta', 'plyu', 'cmbrayfi', 'msrivast', 'bjamadagni', 'ef', 'xc131']",2,"['sjeppson', 'kondrat1']",2,"[None, 'sg630']",21,"['ilcosta', 'plyu', 'msrivast', 'jlord', 'cshelden', 'cmbrayfi', 'sg630', 'jwokim', 'bjamadagni', 'xc131', 'kondrat1', 'tajapandu', 'sujoy17', 'ecedeniz', 'jgwood', 'ittano', None, 'sjeppson', 'ruchiravn25', 'bustamnt', 'ef']"
32,150,20,120,19,"['porte107', 'sahilshah16', 'rodri454', 'wstolz', 'myers283', 'jstalba', 'wang2700', 'hanariddle', 'haoyangliu', 'han609', 'davi1004', 'sweis', 'kruege14', 'rnaon', 'abuganza', 'lcozzi', 'hutchi21', 'hnowak', 'dai109']",0,[],101,"['gentry9', 'mcclurez', 'chang', 'shem935', 'steele61', 'pandinghao1', 'dast', 'mfarnell', 'kristiaan2017', 'hallberg.brad', 'thuqsy1995', 'nathanknodel', 'yadav35', 'ychenr', 'hou111', 'mciver', 'jverduzc', 'dfarache', 'chentuanyu', 'hvr', 'jinchizhang6', 'buchanaw', 'paulmather', 'pate1205', 'mmelcer', 'dtibbo', 'mukher25', 'meng116', 'gu84', 'lpl', 'roth70', 'tshivam4', 'wang159', 'tgroom', 'abhivictor2', 'raka', 'stevensun129', 'zhan3719', 'ewestph', 'gmathews', 'hschroad', 'charles1638', 'nballint', 'srrohit7', 'zhiyangwen', 'psonalka', 'cao95', 'srayasam', 'mazumder', 'kennelt', 'ding172', 'mmh', 'mohamedn', 'desai61', 'radhakv', 'zhifan', 'hdalton', 'peter496', 'kevindurex', 'sawantk', 'deshmukv', 'brow1417', 'sdhamank', 'mgrande', 'zhifanke', 'alafzi', 'taeksanglee', 'chengbo', 'adandeka', 'khandel4', 'xils2009', 'alotaibi', 'jbarsima', 'ngasteyer', 'shah484', 'belmontj', 'lfacchin', 'cwhitter', 'jroar21', 'yang1673', 'oerturk', 'webb96', 'zhan3729', 'shi448', 'zhao1019', 'proycho', 'jo30', 'kuhlenh', 'jianwen97', 'mishra94', 'pkolis', 'jaggarw', 'rose68', 'kulkar72', 'tsimon', 'bmodel', 'johnobamedo', 'zhengweichen', 'fakimov', 'kim2957', 'galileonardo']",120,"['porte107', 'mcclurez', 'sahilshah16', 'chang', 'shem935', 'dast', 'hallberg.brad', 'nathanknodel', 'yadav35', 'ychenr', 'hanariddle', 'hou111', 'jverduzc', 'chentuanyu', 'hvr', 'paulmather', 'mmelcer', 'mukher25', 'meng116', 'davi1004', 'gu84', 'sweis', 'lpl', 'wang159', 'tgroom', 'abhivictor2', 'stevensun129', 'zhan3719', 'gmathews', 'charles1638', 'hutchi21', 'srrohit7', 'psonalka', 'cao95', 'mazumder', 'dai109', 'rodri454', 'myers283', 'zhifan', 'peter496', 'kevindurex', 'jstalba', 'deshmukv', 'brow1417', 'zhifanke', 'alafzi', 'taeksanglee', 'adandeka', 'khandel4', 'han609', 'alotaibi', 'shah484', 'lfacchin', 'yang1673', 'oerturk', 'zhan3729', 'zhao1019', 'proycho', 'jo30', 'kuhlenh', 'jianwen97', 'mishra94', 'pkolis', 'jaggarw', 'rose68', 'bmodel', 'zhengweichen', 'fakimov', 'kim2957', 'galileonardo', 'gentry9', 'steele61', 'pandinghao1', 'mfarnell', 'kristiaan2017', 'thuqsy1995', 'mciver', 'dfarache', 'jinchizhang6', 'buchanaw', 'pate1205', 'dtibbo', 'kruege14', 'roth70', 'tshivam4', 'raka', 'ewestph', 'lcozzi', 'hschroad', 'nballint', 'zhiyangwen', 'srayasam', 'kennelt', 'ding172', 'mmh', 'mohamedn', 'desai61', 'radhakv', 'wstolz', 'hdalton', 'sawantk', 'sdhamank', 'wang2700', 'mgrande', 'chengbo', 'haoyangliu', 'xils2009', 'jbarsima', 'ngasteyer', 'belmontj', 'cwhitter', 'jroar21', 'webb96', 'shi448', 'rnaon', 'abuganza', 'kulkar72', 'hnowak', 'tsimon', 'johnobamedo']"
33,74,20,31,11,"['vinod003', 'surya57', 'devensu', 'abhik0911', 'indronil94', 'bhargavrbk1', 'othorat040', 'saurabh8r', 'jayjadhav', 'anilkg123', 'prabhanshu28']",8,"['gared007', 'gangadhar687', 'liuguangjian', 'sarkararchi654', 'ruining2', 'antoniojoao.tapia', 'kenhan328', 'tedvanderfeen']",20,"['poojak18394', 'ashwinrgondane', 'tapishmeshram331', 'aakadam', 'heston', 'achalapa', 'gholveprasad.pg', 'bazila123', 'ashmisaikia2', 'kiran14427', 'tushartripathi', 'naveenganesh04', 'anandmodi169', 'akshay123147', None, 'ayushranjan445', 'raveesh', 'nishantsaurabh706', 'mr.mantri', 'jigyat']",39,"['gared007', 'devensu', 'indronil94', 'gangadhar687', 'poojak18394', 'ruining2', 'ashwinrgondane', 'tedvanderfeen', 'tapishmeshram331', 'aakadam', 'heston', 'achalapa', 'gholveprasad.pg', 'sarkararchi654', 'bazila123', 'saurabh8r', 'ashmisaikia2', 'kenhan328', 'anilkg123', 'kiran14427', 'antoniojoao.tapia', 'tushartripathi', 'naveenganesh04', 'bhargavrbk1', 'liuguangjian', 'othorat040', 'anandmodi169', 'akshay123147', None, 'vinod003', 'surya57', 'ayushranjan445', 'abhik0911', 'raveesh', 'nishantsaurabh706', 'jayjadhav', 'prabhanshu28', 'mr.mantri', 'jigyat']"
34,343,20,31,19,"['fenixarn7', 'kevinbernalru', 'eloyabmfcv', 'da.castiblanco10', 'djah_21', 'juliana.jaimes.27', 'yafarsolano', 'sv.rojas', 'crespourzola1', 'vilmistirado', 'jpnaranjo20', 'dhcomas', 'goldubra', 'alvaro22martelo', 'danrako', 'andreszero', 'n.abril', 'sn.vargas', 'davidhola']",0,[],12,"['ivanfelipe', 'tescheda1401', 'nicolasnieto08', 'mariomedinapuntocom', 'ivanfsalgado', 'vargaspanesso', 'juanfecazuluaga', 'manitomcpapas', 'felipediscovered', 'juandavrp', 'luisafuentes19', None]",31,"['fenixarn7', 'kevinbernalru', 'eloyabmfcv', 'mariomedinapuntocom', 'vargaspanesso', 'ivanfsalgado', 'da.castiblanco10', 'manitomcpapas', 'djah_21', 'juliana.jaimes.27', 'felipediscovered', 'yafarsolano', 'sv.rojas', 'crespourzola1', 'vilmistirado', 'jpnaranjo20', 'dhcomas', 'ivanfelipe', 'nicolasnieto08', 'goldubra', 'alvaro22martelo', 'juanfecazuluaga', 'danrako', 'andreszero', 'juandavrp', 'luisafuentes19', None, 'tescheda1401', 'n.abril', 'sn.vargas', 'davidhola']"
34,166,20,28,19,"['fenixarn7', 'kevinbernalru', 'eloyabmfcv', 'da.castiblanco10', 'djah_21', 'juliana.jaimes.27', 'yafarsolano', 'sv.rojas', 'crespourzola1', 'vilmistirado', 'jpnaranjo20', 'dhcomas', 'goldubra', 'alvaro22martelo', 'danrako', 'andreszero', 'n.abril', 'sn.vargas', 'davidhola']",0,[],9,"['tescheda1401', 'nicolasnieto08', 'mariomedinapuntocom', 'ivanfsalgado', 'vargaspanesso', 'danydet15', 'felipediscovered', 'salomon.ulloque', None]",28,"['fenixarn7', 'kevinbernalru', 'eloyabmfcv', 'mariomedinapuntocom', 'vargaspanesso', 'ivanfsalgado', 'da.castiblanco10', 'djah_21', 'juliana.jaimes.27', 'felipediscovered', 'yafarsolano', 'sv.rojas', 'crespourzola1', 'vilmistirado', 'jpnaranjo20', 'dhcomas', 'nicolasnieto08', 'goldubra', 'alvaro22martelo', 'danrako', 'andreszero', 'salomon.ulloque', None, 'tescheda1401', 'n.abril', 'sn.vargas', 'davidhola', 'danydet15']"
35,390,20,10,9,"['ns835', 'jjk353', 'mmm457', 'zwrouse', 'hp393', 'shanexu', 'mrk262', 'cliddell1', 'xz557']",10,"['thao', 'liuc', 'javier.liv827', 'tt539', 'lingchongyi', 'wangbincnsh', 'gunnar', 'derekmcesau9', 'michael.david.higham', 'yu.yan1134']",1,[None],20,"['ns835', 'thao', 'liuc', 'tt539', 'lingchongyi', 'mrk262', 'zwrouse', None, 'yu.yan1134', 'jjk353', 'mmm457', 'javier.liv827', 'wangbincnsh', 'hp393', 'gunnar', 'derekmcesau9', 'shanexu', 'cliddell1', 'xz557', 'michael.david.higham']"
36,74,20,31,1,['kiran14427'],18,"['david_smith6', 'averyhale95', 'xiaoqingwang', 'nkechi_eny', 'jkontchou', 'zz4693', 'ryean23', 'avieee', 'cwest', 'jarrodglenn', 'dawe101', 'ewill8180', 'yifan98', 'smithy', 'azadeeedu50', 'enrique98', 'ashtree321', 'raja_agarwal100']",30,"['devensu', 'indronil94', 'poojak18394', 'ashwinrgondane', 'tapishmeshram331', 'aakadam', 'heston', 'achalapa', 'gholveprasad.pg', 'bazila123', 'saurabh8r', 'ashmisaikia2', 'anilkg123', 'tushartripathi', 'naveenganesh04', 'bhargavrbk1', 'othorat040', 'anandmodi169', 'akshay123147', None, 'vinod003', 'ayushranjan445', 'surya57', 'abhik0911', 'raveesh', 'nishantsaurabh706', 'jayjadhav', 'prabhanshu28', 'mr.mantri', 'jigyat']",49,"['xiaoqingwang', 'devensu', 'indronil94', 'poojak18394', 'ashwinrgondane', 'tapishmeshram331', 'aakadam', 'jkontchou', 'heston', 'avieee', 'jigyat', 'achalapa', 'gholveprasad.pg', 'azadeeedu50', 'bazila123', 'saurabh8r', 'ashmisaikia2', 'anilkg123', 'kiran14427', 'tushartripathi', 'naveenganesh04', 'zz4693', 'ryean23', 'cwest', 'bhargavrbk1', 'ewill8180', 'yifan98', 'othorat040', 'anandmodi169', 'akshay123147', 'enrique98', None, 'ashtree321', 'david_smith6', 'averyhale95', 'nkechi_eny', 'vinod003', 'ayushranjan445', 'surya57', 'abhik0911', 'jarrodglenn', 'dawe101', 'raveesh', 'smithy', 'nishantsaurabh706', 'jayjadhav', 'prabhanshu28', 'mr.mantri', 'raja_agarwal100']"
36,2,20,17,13,"['averyhale95', 'nkechi_eny', 'jkontchou', 'ryean23', 'zz4693', 'cwest', 'jarrodglenn', 'dawe101', 'yifan98', 'ewill8180', 'enrique98', 'ashtree321', 'david_smith6']",6,"['xiaoqingwang', 'avieee', 'smithy', 'azadeeedu50', 'kiran14427', 'raja_agarwal100']",4,"[None, 'lobwedge', 'cdregan17', 'arizaman']",23,"['xiaoqingwang', 'zz4693', 'ryean23', 'cwest', 'ewill8180', 'yifan98', 'cdregan17', 'enrique98', None, 'ashtree321', 'david_smith6', 'averyhale95', 'nkechi_eny', 'jkontchou', 'avieee', 'jarrodglenn', 'dawe101', 'smithy', 'azadeeedu50', 'arizaman', 'kiran14427', 'lobwedge', 'raja_agarwal100']"
37,197,20,31,18,"['eeshwar', 'samuelabhinav', 'harikiranreddy', 'arshine.18bev7025', 'shashaank.ramesh', 'kshitij.nair', 'tammarishitha', 'justinabraham1999', 'sasidhar.18bec7112', 'bharat.18bce7052', 'saitejapilutla', 'sunilkumarsivva789', 'madavarapurithika', 'panduranga.18bev7005', 'meghana_meda', 'pujitha.pinninti', 'maheshmannava16', 'praveen.18bce7262_']",1,['itsfunkadelic22'],13,"['sreelekha.c', 'karthikakarumudi18', 'manjari.bisht', 'devividhyaa', 'vanitha2308', 'adarsha186', 'd.panda.2016', 'siddhartha.18bce7112', 'aditya.18bes7019', 'snigdhavajhala', 'kapugantirakesh123', None, 'saiteja1']",32,"['eeshwar', 'karthikakarumudi18', 'tammarishitha', 'sasidhar.18bec7112', 'd.panda.2016', 'sreelekha.c', 'kshitij.nair', 'manjari.bisht', 'justinabraham1999', 'madavarapurithika', 'itsfunkadelic22', 'samuelabhinav', 'devividhyaa', 'bharat.18bce7052', 'saitejapilutla', 'aditya.18bes7019', 'panduranga.18bev7005', 'meghana_meda', 'pujitha.pinninti', None, 'praveen.18bce7262_', 'harikiranreddy', 'arshine.18bev7025', 'shashaank.ramesh', 'vanitha2308', 'adarsha186', 'siddhartha.18bce7112', 'sunilkumarsivva789', 'snigdhavajhala', 'kapugantirakesh123', 'maheshmannava16', 'saiteja1']"
37,168,20,8,2,"['tammarishitha', 'maheshmannava16']",17,"['eeshwar', 'samuelabhinav', 'harikiranreddy', 'arshine.18bev7025', 'shashaank.ramesh', 'kshitij.nair', 'justinabraham1999', 'sasidhar.18bec7112', 'bharat.18bce7052', 'saitejapilutla', 'sunilkumarsivva789', 'madavarapurithika', 'panduranga.18bev7005', 'meghana_meda', 'pujitha.pinninti', 'itsfunkadelic22', 'praveen.18bce7262_']",6,"['karthikakarumudi18', 'vanitha2308', 'adarsha186', 'siddhartha.18bce7112', 'kapugantirakesh123', None]",25,"['eeshwar', 'samuelabhinav', 'karthikakarumudi18', 'tammarishitha', 'sasidhar.18bec7112', 'bharat.18bce7052', 'saitejapilutla', 'panduranga.18bev7005', 'meghana_meda', 'pujitha.pinninti', None, 'praveen.18bce7262_', 'harikiranreddy', 'arshine.18bev7025', 'shashaank.ramesh', 'kshitij.nair', 'vanitha2308', 'justinabraham1999', 'adarsha186', 'siddhartha.18bce7112', 'sunilkumarsivva789', 'madavarapurithika', 'kapugantirakesh123', 'itsfunkadelic22', 'maheshmannava16']"
38,10,20,35,2,"['pavanreddyponnala123', 'medhoorumouni123']",17,"['kylaa', 'nanohub.brad', 'jrickett', 'kaihm', 'caprarilorenzo', 'lmilligan', 'sscholten', 'mjohn1', 'npriscilla', 'yingcui', 'slangoulant', 'mato96', 'kubra1234880', 'brussell1', 'basrihsn', 'kpatsis', 'allematt96']",33,"['nitheesh', 'vvasu8818', 'sweetysandhya6110', 'deva', 'vsumalireddy', 'krishnakumar60649', 'soharikareddysura2000', 'pavankumarnaiduramisetty143', 'sreelekhareddy1999', 'vishnuch4332', 'ujwalaammineni', 'rlohithkumar', 'ramya143', 'jagadeeswar0716', 'vasanthamtharun945', 'saiganeshreddy', 'vsunilkumar1010', 'tharun.varmad0406', 'gowthamvenkatachalam', 'varshitharamu118', 'charancherry22.j', 'kkrchalla04', 'ponnalapavanreddy', 'sivareddytirupati', 'ujwalaammineni2000', 'shaikabbas290', None, 'sathvika', 'maneeshreddy39', 'ponnerinitheesh1234', 'srujanpoluka630', 'dasamandamashok', 'anandreddymahan254']",52,"['nitheesh', 'sscholten', 'mjohn1', 'vvasu8818', 'sweetysandhya6110', 'krishnakumar60649', 'vsumalireddy', 'deva', 'soharikareddysura2000', 'pavankumarnaiduramisetty143', 'kylaa', 'nanohub.brad', 'sreelekhareddy1999', 'vishnuch4332', 'caprarilorenzo', 'ujwalaammineni', 'medhoorumouni123', 'yingcui', 'rlohithkumar', 'ramya143', 'jagadeeswar0716', 'vasanthamtharun945', 'saiganeshreddy', 'mato96', 'kubra1234880', 'vsunilkumar1010', 'gowthamvenkatachalam', 'tharun.varmad0406', 'varshitharamu118', 'charancherry22.j', 'kkrchalla04', 'ponnalapavanreddy', 'slangoulant', 'sivareddytirupati', 'ujwalaammineni2000', 'brussell1', 'basrihsn', 'kpatsis', 'shaikabbas290', 'pavanreddyponnala123', None, 'allematt96', 'jrickett', 'kaihm', 'lmilligan', 'npriscilla', 'sathvika', 'maneeshreddy39', 'ponnerinitheesh1234', 'srujanpoluka630', 'dasamandamashok', 'anandreddymahan254']"
38,9,20,29,1,['medhoorumouni123'],18,"['kylaa', 'nanohub.brad', 'jrickett', 'kaihm', 'caprarilorenzo', 'lmilligan', 'sscholten', 'mjohn1', 'npriscilla', 'yingcui', 'slangoulant', 'mato96', 'kubra1234880', 'brussell1', 'basrihsn', 'kpatsis', 'pavanreddyponnala123', 'allematt96']",28,"['gallapavankalyan9603', 'vvasu8818', 'sweetysandhya6110', 'krishnakumar60649', 'vsumalireddy', 'deva', 'ujwalaammineni', 'jagadeeswar0716', 'ramya143', 'saiganeshreddy', 'vsunilkumar1010', 'gowthamvenkatachalam', 'tharun.varmad0406', 'varshitharamu118', 'charancherry22.j', 'kkrchalla04', 'ponnalapavanreddy', 'ujwalaammineni2000', 'shaikabbas290', None, 'niranjan18', 'sathvika', 'maneeshreddy39', 'ponnerinitheesh1234', 'kondapalliramesh111', 'srujanpoluka630', 'anandreddymahan254', 'ramananidhrabangi20']",47,"['gallapavankalyan9603', 'sscholten', 'mjohn1', 'vvasu8818', 'sweetysandhya6110', 'deva', 'vsumalireddy', 'krishnakumar60649', 'kylaa', 'nanohub.brad', 'caprarilorenzo', 'ujwalaammineni', 'medhoorumouni123', 'yingcui', 'jagadeeswar0716', 'ramya143', 'saiganeshreddy', 'mato96', 'kubra1234880', 'vsunilkumar1010', 'tharun.varmad0406', 'gowthamvenkatachalam', 'varshitharamu118', 'charancherry22.j', 'kkrchalla04', 'ponnalapavanreddy', 'slangoulant', 'ujwalaammineni2000', 'brussell1', 'basrihsn', 'kpatsis', 'shaikabbas290', 'pavanreddyponnala123', None, 'allematt96', 'niranjan18', 'jrickett', 'kaihm', 'lmilligan', 'npriscilla', 'sathvika', 'maneeshreddy39', 'ponnerinitheesh1234', 'kondapalliramesh111', 'srujanpoluka630', 'anandreddymahan254', 'ramananidhrabangi20']"
38,12,20,18,3,"['mato96', 'caprarilorenzo', 'allematt96']",16,"['kylaa', 'nanohub.brad', 'jrickett', 'kaihm', 'lmilligan', 'npriscilla', 'sscholten', 'mjohn1', 'medhoorumouni123', 'yingcui', 'slangoulant', 'kubra1234880', 'brussell1', 'basrihsn', 'kpatsis', 'pavanreddyponnala123']",15,"['daniele.goldoni', 'praetor', 'alex.aglietta', 'michaelcapo', 'albertomalferrari', 'tunahanyilmaz', 'giovanni.braglia97', 'matteo97', 'angie1995', 'cuoghimarco', 'daniele.sonaglia', 'corradini_allison', 'lucaselmi', 'pyro', None]",34,"['daniele.goldoni', 'alex.aglietta', 'michaelcapo', 'sscholten', 'mjohn1', 'tunahanyilmaz', 'slangoulant', 'matteo97', 'angie1995', 'cuoghimarco', 'brussell1', 'basrihsn', 'kpatsis', 'daniele.sonaglia', 'pavanreddyponnala123', 'corradini_allison', 'praetor', 'allematt96', 'pyro', None, 'kylaa', 'nanohub.brad', 'jrickett', 'kaihm', 'caprarilorenzo', 'lmilligan', 'npriscilla', 'albertomalferrari', 'medhoorumouni123', 'yingcui', 'giovanni.braglia97', 'mato96', 'kubra1234880', 'lucaselmi']"
38,7,20,15,9,"['kylaa', 'jrickett', 'kaihm', 'npriscilla', 'lmilligan', 'sscholten', 'slangoulant', 'brussell1', 'kpatsis']",10,"['nanohub.brad', 'caprarilorenzo', 'mjohn1', 'medhoorumouni123', 'yingcui', 'mato96', 'kubra1234880', 'basrihsn', 'pavanreddyponnala123', 'allematt96']",6,"[None, 'higginse', 'msrikumar', 'jarrahharrison8', 'dmarcantonio', 'ylee9']",25,"['sscholten', 'mjohn1', 'slangoulant', 'msrikumar', 'higginse', 'jarrahharrison8', 'brussell1', 'basrihsn', 'kpatsis', 'pavanreddyponnala123', None, 'allematt96', 'kylaa', 'nanohub.brad', 'jrickett', 'kaihm', 'caprarilorenzo', 'lmilligan', 'npriscilla', 'medhoorumouni123', 'yingcui', 'mato96', 'kubra1234880', 'dmarcantonio', 'ylee9']"
38,16,20,14,2,"['mato96', 'caprarilorenzo']",17,"['kylaa', 'nanohub.brad', 'jrickett', 'kaihm', 'lmilligan', 'npriscilla', 'sscholten', 'mjohn1', 'medhoorumouni123', 'yingcui', 'slangoulant', 'kubra1234880', 'brussell1', 'basrihsn', 'kpatsis', 'pavanreddyponnala123', 'allematt96']",12,"['praetor', 'alex.aglietta', 'davidjame1', 'michaelcapo', 'giovanni.braglia97', 'lucaselmi', 'gammaaaa1996', 'bergamini.francesco95', 'corradini_allison', 'daniele.sonaglia', 'pyro', None]",31,"['alex.aglietta', 'michaelcapo', 'sscholten', 'mjohn1', 'slangoulant', 'gammaaaa1996', 'brussell1', 'basrihsn', 'kpatsis', 'corradini_allison', 'pavanreddyponnala123', 'praetor', 'pyro', 'allematt96', None, 'kylaa', 'nanohub.brad', 'jrickett', 'kaihm', 'caprarilorenzo', 'lmilligan', 'npriscilla', 'davidjame1', 'medhoorumouni123', 'yingcui', 'giovanni.braglia97', 'lucaselmi', 'mato96', 'kubra1234880', 'bergamini.francesco95', 'daniele.sonaglia']"
38,8,20,10,1,['yingcui'],18,"['kylaa', 'nanohub.brad', 'jrickett', 'kaihm', 'caprarilorenzo', 'lmilligan', 'sscholten', 'mjohn1', 'npriscilla', 'medhoorumouni123', 'slangoulant', 'mato96', 'kubra1234880', 'brussell1', 'basrihsn', 'kpatsis', 'pavanreddyponnala123', 'allematt96']",9,"['mdemele', 'li000432', 'mabuseada', 'hemadesai', 'afternoonelena', 'vchendrawan99', 'vasudevan1197', None, 'srivallabha16']",28,"['sscholten', 'mjohn1', 'hemadesai', 'afternoonelena', 'slangoulant', 'brussell1', 'basrihsn', 'kpatsis', 'pavanreddyponnala123', None, 'allematt96', 'srivallabha16', 'kylaa', 'nanohub.brad', 'jrickett', 'kaihm', 'caprarilorenzo', 'lmilligan', 'npriscilla', 'mdemele', 'li000432', 'mabuseada', 'medhoorumouni123', 'yingcui', 'mato96', 'vchendrawan99', 'kubra1234880', 'vasudevan1197']"
38,11,20,8,5,"['kaihm', 'lmilligan', 'mjohn1', 'slangoulant', 'brussell1']",14,"['kylaa', 'nanohub.brad', 'jrickett', 'npriscilla', 'caprarilorenzo', 'sscholten', 'medhoorumouni123', 'yingcui', 'mato96', 'kubra1234880', 'basrihsn', 'kpatsis', 'pavanreddyponnala123', 'allematt96']",3,"['nrhodes', None, 'dmarcantonio']",22,"['sscholten', 'mjohn1', 'nrhodes', 'slangoulant', 'brussell1', 'basrihsn', 'kpatsis', 'pavanreddyponnala123', None, 'allematt96', 'kylaa', 'nanohub.brad', 'jrickett', 'kaihm', 'caprarilorenzo', 'lmilligan', 'npriscilla', 'medhoorumouni123', 'yingcui', 'mato96', 'kubra1234880', 'dmarcantonio']"
39,285,20,68,1,['poco20102018'],18,"['ishunko', 'esraakhalid505', 'tsaha', 'lamiaaahmed97', 'rochan88', 'sondossalah66', 'ahmedmonty.am60', 'lanamhdtak', 'ahmedsallaahh', 'h_elmenier', 'ranahosny34', 'mohamed_hesham101', 'dodgood10', 'yt1121', 'mohitta1', 'abdallakhaled20', 'lana.tak18', 'hatem.rashwany']",67,"['archishman.saha', 'chiragmeena19', 'kartiknairvariar6', 'pranavpage33', 'uttam', 'nikhil10rai', 'jainsamar398', 'gkumar946.gk', 'shaunzac', 'supreeth9', 'adbhut', 'pranav_706', 'shaunaknatarajan', 'vinaykmandia2000', 'rishabhsureka123', 'daberaoviraj123', 'prashilpatil99', 'abhi9385', 'reetmehta', 'anuranandas', 'durgeshahire15', 'ksb541', 'rishabh7755', 'gadhiayash', 'prashants31', 'ashutoshranjan253', 'ujjwalkalra1969', 'kruthagnyamyana', 'bhavika', 'devank', 'abhilaksh93', 'svhsai2000', 'priyankabagade96', 'aforanurag99', 'hrishikesh', 'advaitkumar3107', 'dm932051', 'ditisanghai', 'piyush36', 'rohitrajwansi7', 'adityaharakare1', 'vaibhav8nawal', '20anand.abhi', 'vrdmn7721', 'hiteshk_24', 'ayushdahale6277', 'anushreesuhalka19', 'janeelpatel', 'adilkhan', None, 'muktai2001', 'patururajesh91306', 'ritwikkhandelwal09', 'amolgirishshah', 'rajjatsoni801', 'parthm1611', 'harleen.shrivs', 'shreshtha.jbp2000', 'riyaaanchal', 'esha.kulawe', 'kinker', 'ruchir.2000', 'abk15062000', 'samyakshah21', 'awale.vinit', 'immanuelwilliams', 'kiragr1999']",86,"['ishunko', 'poco20102018', 'chiragmeena19', 'kartiknairvariar6', 'pranavpage33', 'nikhil10rai', 'jainsamar398', 'abdallakhaled20', 'rishabhsureka123', 'prashilpatil99', 'tsaha', 'reetmehta', 'durgeshahire15', 'ksb541', 'rishabh7755', 'gadhiayash', 'prashants31', 'lanamhdtak', 'devank', 'yt1121', 'aforanurag99', 'lamiaaahmed97', 'dm932051', 'rohitrajwansi7', 'ranahosny34', 'vrdmn7721', 'hiteshk_24', 'ayushdahale6277', 'janeelpatel', 'adilkhan', 'muktai2001', 'patururajesh91306', 'rajjatsoni801', 'harleen.shrivs', 'shreshtha.jbp2000', 'esha.kulawe', 'abk15062000', 'samyakshah21', 'awale.vinit', 'archishman.saha', 'rochan88', 'uttam', 'gkumar946.gk', 'shaunzac', 'supreeth9', 'adbhut', 'pranav_706', 'shaunaknatarajan', 'mohitta1', 'lana.tak18', 'vinaykmandia2000', 'daberaoviraj123', 'hatem.rashwany', 'abhi9385', 'anuranandas', 'ashutoshranjan253', 'ujjwalkalra1969', 'kruthagnyamyana', 'bhavika', 'mohamed_hesham101', 'dodgood10', 'abhilaksh93', 'svhsai2000', 'priyankabagade96', 'hrishikesh', 'advaitkumar3107', 'ditisanghai', 'esraakhalid505', 'piyush36', 'sondossalah66', 'adityaharakare1', 'vaibhav8nawal', '20anand.abhi', 'anushreesuhalka19', None, 'ahmedmonty.am60', 'ritwikkhandelwal09', 'amolgirishshah', 'parthm1611', 'ahmedsallaahh', 'h_elmenier', 'riyaaanchal', 'kinker', 'ruchir.2000', 'immanuelwilliams', 'kiragr1999']"
39,290,20,23,8,"['esraakhalid505', 'sondossalah66', 'lanamhdtak', 'ahmedsallaahh', 'ranahosny34', 'abdallakhaled20', 'lana.tak18', 'lamiaaahmed97']",11,"['ishunko', 'tsaha', 'poco20102018', 'rochan88', 'ahmedmonty.am60', 'h_elmenier', 'mohamed_hesham101', 'dodgood10', 'yt1121', 'mohitta1', 'hatem.rashwany']",15,"['abdumhrous', 'mohamed.elsayed999974', 'emanmabrouk077', 'khaledrims', 'essraaahmed34', 'reem.hablas', 'yarayasser959', 'n1.asaker', 'mostafa.ahmed.elewa', 'ahmedsameh25951', 'esraaosman12345', 'sarayasser', None, 'maria_ahmos', 'ahmedbebo']",34,"['ishunko', 'poco20102018', 'rochan88', 'emanmabrouk077', 'reem.hablas', 'abdallakhaled20', 'mohitta1', 'esraaosman12345', 'lana.tak18', 'hatem.rashwany', 'ahmedbebo', 'tsaha', 'mohamed.elsayed999974', 'lanamhdtak', 'mohamed_hesham101', 'dodgood10', 'yt1121', 'ahmedsameh25951', 'lamiaaahmed97', 'esraakhalid505', 'sondossalah66', 'abdumhrous', 'khaledrims', 'essraaahmed34', 'ranahosny34', None, 'maria_ahmos', 'ahmedmonty.am60', 'ahmedsallaahh', 'h_elmenier', 'yarayasser959', 'n1.asaker', 'mostafa.ahmed.elewa', 'sarayasser']"
40,382,19,19,16,"['tefyaleman11', 'alonsole0314', 'shenuk1395', 'manuagui421', 'jimenazelaya96', 'maceleste.monge', 'rujoso98', 'ecordero142', 'xdanielxd44', 'jamego8497', 'eroreq', 'marieloct10', 'sergiovq22', 'ricardomonbre', 'tavocarvajal', 'laudonniere']",2,"['jst22', 'rjaiswa']",3,"['antonygarita', None, 'clauchv']",21,"['alonsole0314', 'shenuk1395', 'jimenazelaya96', 'maceleste.monge', 'jst22', 'jamego8497', 'eroreq', 'marieloct10', 'rjaiswa', 'clauchv', 'ricardomonbre', None, 'laudonniere', 'tefyaleman11', 'antonygarita', 'manuagui421', 'rujoso98', 'ecordero142', 'xdanielxd44', 'sergiovq22', 'tavocarvajal']"
41,130,19,23,15,"['ccsong2', 'skang75', 'ajl8', 'pdh2', 'bowenj2', 'sizhef2', 'srodri28', 'wynterc2', 'liuleyang07', 'dhl2', 'mehul2', 'anperry2', 'arpanc2', 'kvk1706', 'annam4']",3,"['elise2', 'jonah_messinger', 'neelmp2']",8,"['choquette', 'vtagare2', 'lakomy2', 'aws2', 'neelpro321', 'cseol2', 'ydeng29', None]",26,"['ccsong2', 'ajl8', 'jonah_messinger', 'dhl2', 'mehul2', 'anperry2', 'arpanc2', 'srodri28', 'liuleyang07', 'aws2', 'neelpro321', 'kvk1706', 'lakomy2', 'skang75', 'pdh2', 'elise2', 'vtagare2', 'cseol2', 'ydeng29', 'annam4', None, 'bowenj2', 'sizhef2', 'wynterc2', 'neelmp2', 'choquette']"
41,105,19,19,17,"['ccsong2', 'skang75', 'ajl8', 'elise2', 'pdh2', 'bowenj2', 'sizhef2', 'srodri28', 'wynterc2', 'dhl2', 'liuleyang07', 'mehul2', 'anperry2', 'arpanc2', 'kvk1706', 'neelmp2', 'annam4']",1,['jonah_messinger'],2,"['aws2', None]",20,"['ccsong2', 'skang75', 'ajl8', 'jonah_messinger', 'pdh2', 'elise2', 'dhl2', 'mehul2', 'anperry2', 'arpanc2', 'annam4', None, 'bowenj2', 'sizhef2', 'srodri28', 'wynterc2', 'liuleyang07', 'aws2', 'kvk1706', 'neelmp2']"
42,239,19,9,8,"['ewsguest480', 'ewsguest481', 'ewsguest487', 'leveill2', 'ewsguest486', 'ewsguest488', 'ewsguest472', 'ewsguest484']",10,"['feapman', 'itsvishnuganesh', 'ahao', 'satyou1990', 'ncolbert', 'royadarabi', 'superman92maka', 'abdalle', 'superman92mak', 'jakekeip']",1,[None],19,"['feapman', 'ewsguest480', 'ewsguest487', 'ewsguest481', 'ahao', 'itsvishnuganesh', 'leveill2', 'royadarabi', 'abdalle', 'superman92mak', 'jakekeip', None, 'satyou1990', 'ewsguest486', 'ncolbert', 'superman92maka', 'ewsguest488', 'ewsguest472', 'ewsguest484']"
43,302,18,9,8,"['thune014', 'sheld106', 'welsc060', 'chaxx162', 'maasx205', 'rich1359', 'jennybai', 'gree2197']",9,"['wemma', 'robi0803', 'austin.usselman', 'charr032', 'hadde023', 'jia00023', 'random28wu', 'lidiya16', 'mart4079']",1,[None],18,"['thune014', 'wemma', 'chaxx162', 'robi0803', 'maasx205', 'rich1359', 'charr032', 'hadde023', 'jia00023', 'random28wu', 'jennybai', 'gree2197', 'mart4079', None, 'sheld106', 'welsc060', 'austin.usselman', 'lidiya16']"
44,60,17,30,12,"['pradnyasuryawanshi0607', 'yogeshdange1004', 'yashchandak', 'rachanamane7447603186', 'sujeetp5555', 'ajayavatare304', 'jineshchouhan7057', 'snehlatapatil1072000', 'shwetashthe', 'abhishekchavan111297', 'harshal.kamble98', 'dhananjayraj']",4,"['mukulkamble1765', 'powar.prajakta111', 'prasadtodakar', 'sudhanshupkamble1999']",18,"['punamdubal47707', 'omyachougale00', 'mr.ghost8124', 'nikitamore932', 'sharadmane9185', 'nikitabhise38', 'shrirangsatbhai', 'aparajitakadam28', 'aishwaryapawar.nanotech', 'vaibhavpatil4521', 'kswarup23598', 'gauravnalkar08', 'unvora216', 'suchitrapatil0720', 'manusha', None, 'shrutisalunkhe170', 'omikarvekar']",34,"['punamdubal47707', 'omyachougale00', 'sharadmane9185', 'rachanamane7447603186', 'aparajitakadam28', 'aishwaryapawar.nanotech', 'gauravnalkar08', 'prasadtodakar', 'suchitrapatil0720', 'nikitamore932', 'dhananjayraj', 'omikarvekar', 'mr.ghost8124', 'sujeetp5555', 'vaibhavpatil4521', 'snehlatapatil1072000', 'manusha', 'yogeshdange1004', 'nikitabhise38', 'powar.prajakta111', 'sudhanshupkamble1999', 'shwetashthe', 'abhishekchavan111297', 'unvora216', 'harshal.kamble98', 'shrirangsatbhai', None, 'pradnyasuryawanshi0607', 'yashchandak', 'mukulkamble1765', 'kswarup23598', 'ajayavatare304', 'jineshchouhan7057', 'shrutisalunkhe170']"
44,94,17,30,13,"['pradnyasuryawanshi0607', 'yogeshdange1004', 'yashchandak', 'rachanamane7447603186', 'sujeetp5555', 'powar.prajakta111', 'ajayavatare304', 'jineshchouhan7057', 'snehlatapatil1072000', 'shwetashthe', 'abhishekchavan111297', 'harshal.kamble98', 'dhananjayraj']",3,"['mukulkamble1765', 'prasadtodakar', 'sudhanshupkamble1999']",17,"['punamdubal47707', 'mr.ghost8124', 'nikitamore932', 'sharadmane9185', 'nikitabhise38', 'shrirangsatbhai', 'aparajitakadam28', 'aishwaryapawar.nanotech', 'vaibhavpatil4521', 'kswarup23598', 'gauravnalkar08', 'unvora216', 'suchitrapatil0720', 'manusha', None, 'shrutisalunkhe170', 'omikarvekar']",33,"['punamdubal47707', 'sharadmane9185', 'rachanamane7447603186', 'aparajitakadam28', 'aishwaryapawar.nanotech', 'gauravnalkar08', 'prasadtodakar', 'suchitrapatil0720', 'nikitamore932', 'dhananjayraj', 'omikarvekar', 'mr.ghost8124', 'sujeetp5555', 'vaibhavpatil4521', 'snehlatapatil1072000', 'manusha', 'yogeshdange1004', 'nikitabhise38', 'powar.prajakta111', 'sudhanshupkamble1999', 'shwetashthe', 'abhishekchavan111297', 'unvora216', 'harshal.kamble98', 'shrirangsatbhai', None, 'pradnyasuryawanshi0607', 'yashchandak', 'mukulkamble1765', 'kswarup23598', 'ajayavatare304', 'jineshchouhan7057', 'shrutisalunkhe170']"
44,61,17,9,5,"['mukulkamble1765', 'powar.prajakta111', 'sudhanshupkamble1999', 'snehlatapatil1072000', 'prasadtodakar']",11,"['pradnyasuryawanshi0607', 'yogeshdange1004', 'yashchandak', 'rachanamane7447603186', 'sujeetp5555', 'ajayavatare304', 'jineshchouhan7057', 'shwetashthe', 'abhishekchavan111297', 'harshal.kamble98', 'dhananjayraj']",4,"['punamdubal47707', 'suraj0707shelake', None, 'shrutisalunkhe170']",20,"['punamdubal47707', 'yogeshdange1004', 'rachanamane7447603186', 'powar.prajakta111', 'sudhanshupkamble1999', 'prasadtodakar', 'shwetashthe', 'abhishekchavan111297', 'harshal.kamble98', None, 'dhananjayraj', 'suraj0707shelake', 'pradnyasuryawanshi0607', 'yashchandak', 'sujeetp5555', 'mukulkamble1765', 'ajayavatare304', 'jineshchouhan7057', 'snehlatapatil1072000', 'shrutisalunkhe170']"
46,357,16,14,12,"['naulin', 'sorin.remy.1978', 'clerouin', 'pascalrouzier91', 'rchauvin', 'meltz.bertrand', 'virin_teddy', 'guillaume.peillex', 'fdeheeger', 'perlat', 'user892003', 'pg79615']",3,"['johanneslosert08', 'yzhang951', 'william.weens']",2,"[None, 'charraud']",17,"['charraud', 'william.weens', 'pascalrouzier91', 'rchauvin', 'guillaume.peillex', 'perlat', 'johanneslosert08', None, 'user892003', 'pg79615', 'naulin', 'sorin.remy.1978', 'clerouin', 'virin_teddy', 'yzhang951', 'meltz.bertrand', 'fdeheeger']"
47,163,16,19,13,"['jzk774', 'idd4874', 'btk6663', 'pro4154', 'pem4975', 'leb7445', 'jss4469', 'syw0742', 'nap7768', 'anandkiranshah', 'ptb4809', 'asi0893', 'jch3782']",2,"['sarahcynthia07', 'abhbuna']",6,"['yla2233', 'mkb9827', 'twa826', 'nathankoocher2015', 'rco2443', None]",21,"['mkb9827', 'twa826', 'jch3782', 'jzk774', 'btk6663', 'pem4975', 'leb7445', 'ptb4809', 'sarahcynthia07', 'rco2443', 'yla2233', 'syw0742', 'nathankoocher2015', 'asi0893', None, 'idd4874', 'pro4154', 'jss4469', 'nap7768', 'anandkiranshah', 'abhbuna']"
47,224,16,15,10,"['idd4874', 'btk6663', 'pem4975', 'leb7445', 'jss4469', 'anandkiranshah', 'nap7768', 'ptb4809', 'asi0893', 'jch3782']",5,"['jzk774', 'pro4154', 'syw0742', 'sarahcynthia07', 'abhbuna']",5,"['pmp4243', 'yla2233', 'mkb9827', 'jmrondinelli', None]",20,"['mkb9827', 'yla2233', 'syw0742', 'asi0893', 'jmrondinelli', None, 'jch3782', 'pmp4243', 'jzk774', 'idd4874', 'btk6663', 'pro4154', 'pem4975', 'leb7445', 'jss4469', 'nap7768', 'anandkiranshah', 'ptb4809', 'sarahcynthia07', 'abhbuna']"
49,372,16,22,2,"['kwabena9978', 'moudip123']",13,"['ka0tic', 'monishajoymj17', 'joshuadanield005', 'theutmaker1', 'msakib2019', 'mozhdeh.banafsheh', 'oriol.vendrell', 'azamani', 'aarellano52398', 'nabin1', 'arabi52', 'oscarnava', 'mohmmadfaizan53']",20,"['sabilakader08', 'ade234', 'yuxuan', 'tauhid93', 'abu007', 'joy_roy', 'muztobarabbani', 'malditoguero', 'sajal.eee.pau', 'alinbabu', 'nadib', 'shahidulasif', None, 'timalsinabikash', 'magness', 'sakidja', 'rkhadka', 'sinjan1994', 'ash400', 'sudhanano']",35,"['sabilakader08', 'ade234', 'yuxuan', 'mozhdeh.banafsheh', 'tauhid93', 'msakib2019', 'abu007', 'joy_roy', 'monishajoymj17', 'muztobarabbani', 'malditoguero', 'aarellano52398', 'nabin1', 'mohmmadfaizan53', 'ka0tic', 'joshuadanield005', 'theutmaker1', 'sajal.eee.pau', 'kwabena9978', 'alinbabu', 'arabi52', 'moudip123', 'oscarnava', 'shahidulasif', 'nadib', None, 'timalsinabikash', 'magness', 'sakidja', 'oriol.vendrell', 'azamani', 'rkhadka', 'sinjan1994', 'ash400', 'sudhanano']"
49,376,16,18,2,"['kwabena9978', 'moudip123']",13,"['ka0tic', 'monishajoymj17', 'joshuadanield005', 'theutmaker1', 'msakib2019', 'mozhdeh.banafsheh', 'oriol.vendrell', 'azamani', 'aarellano52398', 'nabin1', 'arabi52', 'oscarnava', 'mohmmadfaizan53']",16,"['sabilakader08', 'shahidulasif', 'timalsinabikash', 'ade234', 'muztobarabbani', 'magness', 'malditoguero', 'sajal.eee.pau', 'sakidja', 'alinbabu', 'rkhadka', 'tauhid93', 'ash400', 'sudhanano', None, 'abu007']",31,"['sabilakader08', 'ade234', 'mozhdeh.banafsheh', 'tauhid93', 'msakib2019', 'abu007', 'monishajoymj17', 'muztobarabbani', 'malditoguero', 'aarellano52398', 'nabin1', 'mohmmadfaizan53', 'ka0tic', 'joshuadanield005', 'theutmaker1', 'sajal.eee.pau', 'kwabena9978', 'alinbabu', 'arabi52', 'moudip123', 'oscarnava', 'shahidulasif', None, 'timalsinabikash', 'magness', 'sakidja', 'oriol.vendrell', 'azamani', 'rkhadka', 'ash400', 'sudhanano']"
49,379,16,15,1,['monishajoymj17'],14,"['ka0tic', 'joshuadanield005', 'theutmaker1', 'msakib2019', 'mozhdeh.banafsheh', 'oscarnava', 'kwabena9978', 'oriol.vendrell', 'azamani', 'aarellano52398', 'nabin1', 'arabi52', 'moudip123', 'mohmmadfaizan53']",14,"['vikashchauhan56.vc.vc', 'prajeish123', 'andrewskutty04', 'bewynbj7', 'bincythanjan', 'jenitajeni412', 'khajauddinali', 'kirubaroshlin98', 'marya', 'samuvelraj513', 'arunkumar81098', None, 'srivishal2110', 'pratimasiva98']",29,"['ka0tic', 'vikashchauhan56.vc.vc', 'joshuadanield005', 'theutmaker1', 'andrewskutty04', 'prajeish123', 'mozhdeh.banafsheh', 'bincythanjan', 'khajauddinali', 'kwabena9978', 'arabi52', 'moudip123', 'oscarnava', 'msakib2019', 'arunkumar81098', None, 'pratimasiva98', 'monishajoymj17', 'samuvelraj513', 'bewynbj7', 'jenitajeni412', 'oriol.vendrell', 'azamani', 'kirubaroshlin98', 'aarellano52398', 'marya', 'nabin1', 'mohmmadfaizan53', 'srivishal2110']"
49,370,16,14,7,"['ka0tic', 'theutmaker1', 'mozhdeh.banafsheh', 'azamani', 'aarellano52398', 'arabi52', 'msakib2019']",8,"['monishajoymj17', 'joshuadanield005', 'oscarnava', 'kwabena9978', 'oriol.vendrell', 'nabin1', 'moudip123', 'mohmmadfaizan53']",7,"['dstrubbe', 'vmartinetto', 'bharding2', 'man.wheeler', 'rijankarkee', 'abrahamzurita1952', None]",22,"['dstrubbe', 'ka0tic', 'vmartinetto', 'joshuadanield005', 'theutmaker1', 'mozhdeh.banafsheh', 'man.wheeler', 'kwabena9978', 'rijankarkee', 'arabi52', 'moudip123', 'oscarnava', 'msakib2019', None, 'monishajoymj17', 'bharding2', 'oriol.vendrell', 'azamani', 'aarellano52398', 'nabin1', 'abrahamzurita1952', 'mohmmadfaizan53']"
49,371,16,14,7,"['ka0tic', 'mozhdeh.banafsheh', 'azamani', 'aarellano52398', 'nabin1', 'arabi52', 'msakib2019']",8,"['monishajoymj17', 'joshuadanield005', 'theutmaker1', 'oscarnava', 'kwabena9978', 'oriol.vendrell', 'moudip123', 'mohmmadfaizan53']",7,"['dstrubbe', 'vmartinetto', 'bharding2', 'man.wheeler', 'rijankarkee', 'abrahamzurita1952', None]",22,"['dstrubbe', 'ka0tic', 'vmartinetto', 'joshuadanield005', 'theutmaker1', 'mozhdeh.banafsheh', 'man.wheeler', 'kwabena9978', 'rijankarkee', 'arabi52', 'moudip123', 'oscarnava', 'msakib2019', None, 'monishajoymj17', 'bharding2', 'oriol.vendrell', 'azamani', 'aarellano52398', 'nabin1', 'abrahamzurita1952', 'mohmmadfaizan53']"
49,373,16,13,6,"['ka0tic', 'azamani', 'aarellano52398', 'nabin1', 'arabi52', 'msakib2019']",9,"['monishajoymj17', 'joshuadanield005', 'theutmaker1', 'mozhdeh.banafsheh', 'oscarnava', 'kwabena9978', 'oriol.vendrell', 'moudip123', 'mohmmadfaizan53']",7,"['kyle.shaw.1698', 'dstrubbe', 'bharding2', 'man.wheeler', 'rijankarkee', 'abrahamzurita1952', None]",22,"['dstrubbe', 'ka0tic', 'joshuadanield005', 'theutmaker1', 'mozhdeh.banafsheh', 'man.wheeler', 'kwabena9978', 'rijankarkee', 'arabi52', 'moudip123', 'oscarnava', 'msakib2019', None, 'kyle.shaw.1698', 'monishajoymj17', 'bharding2', 'oriol.vendrell', 'azamani', 'aarellano52398', 'nabin1', 'abrahamzurita1952', 'mohmmadfaizan53']"
49,375,16,11,2,"['nabin1', 'arabi52']",13,"['ka0tic', 'monishajoymj17', 'joshuadanield005', 'theutmaker1', 'msakib2019', 'mozhdeh.banafsheh', 'oscarnava', 'kwabena9978', 'oriol.vendrell', 'azamani', 'aarellano52398', 'moudip123', 'mohmmadfaizan53']",9,"['kyle.shaw.1698', 'carolinelove19905c', 'vmartinetto', 'dstrubbe', 'bharding2', 'man.wheeler', 'rijankarkee', 'abrahamzurita1952', None]",24,"['dstrubbe', 'ka0tic', 'vmartinetto', 'joshuadanield005', 'theutmaker1', 'mozhdeh.banafsheh', 'man.wheeler', 'kwabena9978', 'rijankarkee', 'arabi52', 'moudip123', 'oscarnava', 'msakib2019', None, 'kyle.shaw.1698', 'carolinelove19905c', 'monishajoymj17', 'bharding2', 'oriol.vendrell', 'azamani', 'aarellano52398', 'nabin1', 'abrahamzurita1952', 'mohmmadfaizan53']"
49,381,16,9,3,"['nabin1', 'azamani', 'arabi52']",12,"['ka0tic', 'monishajoymj17', 'joshuadanield005', 'theutmaker1', 'msakib2019', 'mozhdeh.banafsheh', 'oscarnava', 'kwabena9978', 'oriol.vendrell', 'aarellano52398', 'moudip123', 'mohmmadfaizan53']",6,"['dstrubbe', 'vmartinetto', 'bharding2', 'man.wheeler', 'msakib5', None]",21,"['dstrubbe', 'ka0tic', 'vmartinetto', 'joshuadanield005', 'theutmaker1', 'mozhdeh.banafsheh', 'man.wheeler', 'kwabena9978', 'arabi52', 'moudip123', 'oscarnava', 'msakib2019', None, 'monishajoymj17', 'bharding2', 'oriol.vendrell', 'azamani', 'msakib5', 'aarellano52398', 'nabin1', 'mohmmadfaizan53']"
50,28,16,15,10,"['nwilli43', 'jianwen421', 'astiff', 'sunbowen', 'adrsto', 'qianqihong', 'genesishig7273', 'koknatga', 'faris.albarghouthi', 'daijingyuan805']",5,"['tienvo1', 'farisyugi', 'moarabi', 'alex.mangus1996', 'genesishig72']",5,"['nevzatsevim97', 'nightshadequeen', 'atm54', None, 'sankethedduri']",20,"['nevzatsevim97', 'nwilli43', 'farisyugi', 'astiff', 'moarabi', 'atm54', 'sunbowen', 'alex.mangus1996', 'qianqihong', 'genesishig7273', None, 'daijingyuan805', 'tienvo1', 'jianwen421', 'genesishig72', 'koknatga', 'nightshadequeen', 'faris.albarghouthi', 'sankethedduri', 'adrsto']"
50,26,16,12,10,"['jianwen421', 'astiff', 'farisyugi', 'moarabi', 'sunbowen', 'alex.mangus1996', 'genesishig72', 'qianqihong', 'adrsto', 'daijingyuan805']",5,"['nwilli43', 'tienvo1', 'genesishig7273', 'koknatga', 'faris.albarghouthi']",2,"[None, 'sankethedduri']",17,"['nwilli43', 'farisyugi', 'astiff', 'moarabi', 'sunbowen', 'alex.mangus1996', 'qianqihong', 'genesishig7273', None, 'daijingyuan805', 'tienvo1', 'jianwen421', 'genesishig72', 'koknatga', 'faris.albarghouthi', 'sankethedduri', 'adrsto']"
50,29,16,7,1,['tienvo1'],14,"['nwilli43', 'farisyugi', 'astiff', 'jianwen421', 'moarabi', 'sunbowen', 'alex.mangus1996', 'genesishig72', 'qianqihong', 'daijingyuan805', 'genesishig7273', 'koknatga', 'faris.albarghouthi', 'adrsto']",6,"['jarmatag', 'xzhan445', 'mgoryll', 'zirshovon', 'mfelixca', None]",21,"['nwilli43', 'xzhan445', 'farisyugi', 'astiff', 'moarabi', 'sunbowen', 'alex.mangus1996', 'qianqihong', 'genesishig7273', 'mgoryll', None, 'daijingyuan805', 'jarmatag', 'tienvo1', 'jianwen421', 'genesishig72', 'koknatga', 'zirshovon', 'faris.albarghouthi', 'mfelixca', 'adrsto']"
50,27,16,6,5,"['jianwen421', 'astiff', 'sunbowen', 'qianqihong', 'koknatga']",10,"['nwilli43', 'tienvo1', 'farisyugi', 'moarabi', 'alex.mangus1996', 'genesishig72', 'daijingyuan805', 'genesishig7273', 'faris.albarghouthi', 'adrsto']",1,[None],16,"['nwilli43', 'farisyugi', 'astiff', 'moarabi', 'sunbowen', 'alex.mangus1996', 'qianqihong', 'genesishig7273', None, 'daijingyuan805', 'tienvo1', 'jianwen421', 'genesishig72', 'koknatga', 'faris.albarghouthi', 'adrsto']"
51,91,16,22,9,"['isra_chevelle20', 'chrismarti', 'a01634047', 'reginaodgers', 'a00369116', 'marcosruiz1', 'rickytorres.05', 'a00570168', '15.jrendon.2b']",6,"['ttmccart', 'mahdi_gh', 'wmushtaq', 'prasadsarang', 'ljiang38', 'hnasered']",13,"['alegucu', 'patosefue09', 'cesarnovoa97', 'a01731431', 'jjad1998', 'adrianlopeza98', 'carlosgochoa98', 'juanpablogomez', 'a01229564', 'a01114173', 'xierralex', None, 'jesus98garcia']",28,"['chrismarti', 'mahdi_gh', 'patosefue09', 'reginaodgers', 'adrianlopeza98', 'carlosgochoa98', 'a01114173', 'rickytorres.05', '15.jrendon.2b', 'ttmccart', 'isra_chevelle20', 'a01634047', 'jjad1998', 'marcosruiz1', 'jesus98garcia', 'alegucu', 'wmushtaq', 'cesarnovoa97', 'a00369116', 'ljiang38', 'juanpablogomez', 'xierralex', 'a00570168', 'hnasered', None, 'a01229564', 'a01731431', 'prasadsarang']"
51,90,16,14,5,"['isra_chevelle20', 'a01634047', 'reginaodgers', 'a00369116', 'marcosruiz1']",10,"['ttmccart', 'mahdi_gh', 'chrismarti', 'wmushtaq', 'prasadsarang', 'ljiang38', 'hnasered', 'rickytorres.05', 'a00570168', '15.jrendon.2b']",9,"['cesarnovoa97', 'a01731431', 'jjad1998', 'carlosgochoa98', 'jesus98garcia', 'a01114173', 'xierralex', None, 'a01229564']",24,"['chrismarti', 'mahdi_gh', 'wmushtaq', 'reginaodgers', 'cesarnovoa97', 'a00369116', 'ljiang38', 'carlosgochoa98', 'a01114173', 'rickytorres.05', 'xierralex', 'a00570168', '15.jrendon.2b', 'hnasered', 'a01229564', None, 'ttmccart', 'isra_chevelle20', 'a01634047', 'a01731431', 'jjad1998', 'prasadsarang', 'marcosruiz1', 'jesus98garcia']"
51,80,16,13,11,"['isra_chevelle20', 'chrismarti', 'mahdi_gh', 'wmushtaq', 'a01634047', 'reginaodgers', 'a00369116', 'prasadsarang', 'marcosruiz1', 'hnasered', '15.jrendon.2b']",4,"['ljiang38', 'a00570168', 'ttmccart', 'rickytorres.05']",2,"[None, 'a01114173']",17,"['chrismarti', 'mahdi_gh', 'wmushtaq', 'reginaodgers', 'a00369116', 'ljiang38', 'a01114173', 'rickytorres.05', 'a00570168', '15.jrendon.2b', 'hnasered', None, 'ttmccart', 'isra_chevelle20', 'a01634047', 'prasadsarang', 'marcosruiz1']"
51,89,16,13,4,"['ljiang38', 'ttmccart', 'hnasered', 'wmushtaq']",11,"['isra_chevelle20', 'mahdi_gh', 'chrismarti', 'a01634047', 'reginaodgers', 'a00369116', 'prasadsarang', 'marcosruiz1', 'rickytorres.05', 'a00570168', '15.jrendon.2b']",9,"[None, 'eliacim', 'ibaranow', 'mvempati', 'a9b1c3', 'nrosenb1', 'cyang130', 'prabaha31', 'blenzen']",24,"['chrismarti', 'mahdi_gh', 'wmushtaq', 'eliacim', 'reginaodgers', 'ibaranow', 'a00369116', 'ljiang38', 'a9b1c3', 'rickytorres.05', 'nrosenb1', 'a00570168', '15.jrendon.2b', 'hnasered', None, 'ttmccart', 'isra_chevelle20', 'a01634047', 'mvempati', 'prasadsarang', 'marcosruiz1', 'cyang130', 'prabaha31', 'blenzen']"
51,77,16,12,1,['ttmccart'],14,"['isra_chevelle20', 'mahdi_gh', 'chrismarti', 'wmushtaq', 'a01634047', 'reginaodgers', 'a00369116', 'ljiang38', 'prasadsarang', 'marcosruiz1', 'rickytorres.05', 'hnasered', 'a00570168', '15.jrendon.2b']",11,"[None, 'bclenzen', 'iwelland', 'yattarde', 'ibaranow', 'jacharje', 'amurale3', 'pbaikadi96', 'a9b1c3', 'bonecrusher', 'blenzen']",26,"['chrismarti', 'mahdi_gh', 'wmushtaq', 'reginaodgers', 'yattarde', 'ibaranow', 'a00369116', 'ljiang38', 'jacharje', 'pbaikadi96', 'a9b1c3', 'rickytorres.05', 'a00570168', '15.jrendon.2b', 'hnasered', None, 'ttmccart', 'isra_chevelle20', 'bclenzen', 'iwelland', 'a01634047', 'prasadsarang', 'amurale3', 'marcosruiz1', 'bonecrusher', 'blenzen']"
51,78,16,7,4,"['ljiang38', 'hnasered', 'mahdi_gh', 'prasadsarang']",11,"['isra_chevelle20', 'ttmccart', 'chrismarti', 'wmushtaq', 'a01634047', 'reginaodgers', 'a00369116', 'marcosruiz1', 'rickytorres.05', 'a00570168', '15.jrendon.2b']",3,"['nrosenb1', None, 'tenkiaubc']",18,"['chrismarti', 'mahdi_gh', 'wmushtaq', 'reginaodgers', 'tenkiaubc', 'a00369116', 'ljiang38', 'rickytorres.05', 'nrosenb1', 'a00570168', '15.jrendon.2b', 'hnasered', None, 'ttmccart', 'isra_chevelle20', 'a01634047', 'prasadsarang', 'marcosruiz1']"
52,265,16,19,9,"['tommypw2', 'sebbrudz', 'tmayes95', 'ece345', 'siu853448944', 'ibrahim12', 'yewu', 'dripthegreat98', 'magicman61299']",6,"['rjsgml0608', 'yhuang404', 'xgtr', 'moneer89', 'asc8095', 'luca3891']",10,"['sakibmohammad', 'siu853508785', 'bagofootball75', 'abohassira', 'mousaeid96', 'bjjames12.jc', 'shahrulsohan', None, 'rashikshadman', 'kbadahman10']",25,"['tommypw2', 'rjsgml0608', 'xgtr', 'moneer89', 'abohassira', 'kbadahman10', 'sebbrudz', 'ibrahim12', 'bjjames12.jc', 'asc8095', 'sakibmohammad', 'siu853448944', 'shahrulsohan', 'luca3891', 'yewu', None, 'rashikshadman', 'yhuang404', 'siu853508785', 'bagofootball75', 'tmayes95', 'mousaeid96', 'ece345', 'dripthegreat98', 'magicman61299']"
54,129,15,9,8,"['feihuang', 'yuffie', 'sapalmieri', 'dym466403053', 'aravindh.siddhu', 'kwiggenh', 'jn1203st', 'georgecupertino']",6,"['solveigasta', 'mlopez1595', 'gsearchent', 'loganir', 'mchen21', 'austee']",1,[None],15,"['feihuang', 'solveigasta', 'sapalmieri', 'dym466403053', 'kwiggenh', 'loganir', 'mchen21', None, 'georgecupertino', 'yuffie', 'mlopez1595', 'gsearchent', 'aravindh.siddhu', 'jn1203st', 'austee']"
54,264,15,9,7,"['yuffie', 'sapalmieri', 'aravindh.siddhu', 'dym466403053', 'kwiggenh', 'jn1203st', 'georgecupertino']",7,"['feihuang', 'solveigasta', 'mlopez1595', 'gsearchent', 'loganir', 'mchen21', 'austee']",2,"['zhangz64', None]",16,"['feihuang', 'solveigasta', 'sapalmieri', 'dym466403053', 'kwiggenh', 'loganir', 'mchen21', None, 'georgecupertino', 'yuffie', 'mlopez1595', 'gsearchent', 'aravindh.siddhu', 'zhangz64', 'jn1203st', 'austee']"
54,263,15,8,7,"['feihuang', 'yuffie', 'sapalmieri', 'dym466403053', 'kwiggenh', 'jn1203st', 'georgecupertino']",7,"['solveigasta', 'mlopez1595', 'gsearchent', 'aravindh.siddhu', 'loganir', 'mchen21', 'austee']",1,[None],15,"['feihuang', 'solveigasta', 'sapalmieri', 'dym466403053', 'kwiggenh', 'loganir', 'mchen21', None, 'georgecupertino', 'yuffie', 'mlopez1595', 'gsearchent', 'aravindh.siddhu', 'jn1203st', 'austee']"
55,40,15,13,12,"['sowmiyar', 'sharinmaria', 'navaneethrajendran98', 'rishab.kaw2019', 'mohammedarif.h2019', 'diptibidwai12340', 'kannanarun014', 'hariprakash29695', 'anjana.r2019', 'tarunisreem', 'lokeshzen23', 'praveensivakumar93']",2,"['mclm', 'abheek.bardhan']",1,[None],15,"['sowmiyar', 'rishab.kaw2019', 'abheek.bardhan', 'diptibidwai12340', 'kannanarun014', 'hariprakash29695', 'anjana.r2019', None, 'tarunisreem', 'praveensivakumar93', 'sharinmaria', 'navaneethrajendran98', 'mohammedarif.h2019', 'lokeshzen23', 'mclm']"
56,167,15,13,11,"['sadjadik', 'cmckinnon0304', 'chadleririarte123', 'chingk20', 'lee.jessie361', 'hansenk20', 'kylejoconnell', 'most_lee_me', 'taylorfukumoto', 'rileys808', 'nfdsnfius2343']",3,"['osterberg', 'rebekah276', 'ashyne20']",2,"[None, 'bean20']",16,"['cmckinnon0304', 'ashyne20', 'kylejoconnell', 'most_lee_me', None, 'sadjadik', 'osterberg', 'chadleririarte123', 'chingk20', 'lee.jessie361', 'hansenk20', 'bean20', 'taylorfukumoto', 'rebekah276', 'rileys808', 'nfdsnfius2343']"
57,262,14,72,12,"['sufzpq', 'zahidashahab20', 'zaheramusvi65', 'shaherbanofatima', 'sheebaishtiaque.102', 'muhammadzahid2198', 'zartab001', 'zainabnazeer456', 'farahperveen72', 'azf912', 'fareha.saleem', 'areeba_khan']",1,['nazsobia999'],60,"['hamna.ndm97akbar', 'farzanashuja', 'remshaaa5', 'moonasayal', 'ibeeey.a', 'hareem.ahsan98', 'ifrahfatimi1397', 'bilalshakeel626', 'ateefasiddiqui', 'shaheershaikh79', 'nadiasiddeque8139', 'bismaraoluqman', 'mariamamin123', 'minhalrizvi98', 'mariumahmad24', 'amnaiqbal400', 'rubarasheed5678', 'rameennisar1997', 'kausarsaleem65', 'sabaq165', 'bushradayo', 'aminahfatimah98', 'kashasan15', 'amnaimran361', 'hadiqanaqvi144_20', 'samiyajabbar', 'halamasood27', 'ummulwara321', 'ilsa.khalid', 'moizraza10', 'hamnakhan', 'aqsaqasim10', 'ashna', 'shehzu94', 'muhammadahmer36', 'hassanta.asgharmughal', 'saleem_008', 'el16009', 'syed.haziq40', 'ayeshajml4', 'hakeemorangzeb710', 'pankajjagani2', 'iqra.javed1591997', 'talatbng945', 'aneeqarafique20', 'tahirafatima1998', 'saqib123', 'marwam.asghar', 'hamza.aslam3904', 'mustafaarif12330', None, 'afifaaziz7', 'saqibkamal', 'muhammadwasiqpervez', 'shehzad_ahmed10', 'rahimakauser', 'hareemmustafa', 'waleedkhalid924', 'mamonarao01', 'misha.arif']",73,"['sufzpq', 'zahidashahab20', 'zaheramusvi65', 'hamna.ndm97akbar', 'farzanashuja', 'remshaaa5', 'moonasayal', 'ibeeey.a', 'hareem.ahsan98', 'ifrahfatimi1397', 'bilalshakeel626', 'ateefasiddiqui', 'shaheershaikh79', 'nadiasiddeque8139', 'bismaraoluqman', 'fareha.saleem', 'mariamamin123', 'minhalrizvi98', 'mariumahmad24', 'zainabnazeer456', 'amnaiqbal400', 'rubarasheed5678', 'rameennisar1997', 'kausarsaleem65', 'sabaq165', 'muhammadzahid2198', 'zartab001', 'farahperveen72', 'nazsobia999', 'bushradayo', 'aminahfatimah98', 'kashasan15', 'amnaimran361', 'hadiqanaqvi144_20', 'samiyajabbar', 'halamasood27', 'ummulwara321', 'ilsa.khalid', 'moizraza10', 'hamnakhan', 'aqsaqasim10', 'ashna', 'shehzu94', 'muhammadahmer36', 'hassanta.asgharmughal', 'saleem_008', 'el16009', 'syed.haziq40', 'ayeshajml4', 'hakeemorangzeb710', 'pankajjagani2', 'iqra.javed1591997', 'sheebaishtiaque.102', 'talatbng945', 'aneeqarafique20', 'tahirafatima1998', 'saqib123', 'marwam.asghar', 'azf912', 'hamza.aslam3904', 'mustafaarif12330', None, 'afifaaziz7', 'shaherbanofatima', 'saqibkamal', 'muhammadwasiqpervez', 'shehzad_ahmed10', 'rahimakauser', 'hareemmustafa', 'waleedkhalid924', 'mamonarao01', 'areeba_khan', 'misha.arif']"
57,260,14,44,12,"['sufzpq', 'zahidashahab20', 'zaheramusvi65', 'shaherbanofatima', 'sheebaishtiaque.102', 'muhammadzahid2198', 'zartab001', 'zainabnazeer456', 'farahperveen72', 'azf912', 'fareha.saleem', 'areeba_khan']",1,['nazsobia999'],32,"['bushradayo', 'aminahfatimah98', 'kashasan15', 'amnaimran361', 'moonasayal', 'samiyajabbar', 'hareem.ahsan98', 'sanayaseen1997', 'raorabsha78', 'ateefasiddiqui', 'ilsa.khalid', 'hks122082', 'ashna', 'micheltrevor30', 'hassanta.asgharmughal', 'nadiasiddeque8139', 'saleem_008', 'el16009', 'bismaraoluqman', 'mariamamin123', 'ayeshajml4', 'mariumahmad24', 'iqra.javed1591997', 'amnaiqbal400', 'rubarasheed5678', 'marwam.asghar', None, 'kausarsaleem65', 'afifaaziz7', 'saqibkamal', 'hareemmustafa', 'rahimakauser']",45,"['bushradayo', 'aminahfatimah98', 'kashasan15', 'sufzpq', 'zahidashahab20', 'zaheramusvi65', 'amnaimran361', 'moonasayal', 'samiyajabbar', 'hareem.ahsan98', 'sanayaseen1997', 'raorabsha78', 'ateefasiddiqui', 'ilsa.khalid', 'hks122082', 'ashna', 'micheltrevor30', 'hassanta.asgharmughal', 'nadiasiddeque8139', 'saleem_008', 'el16009', 'bismaraoluqman', 'fareha.saleem', 'ayeshajml4', 'mariamamin123', 'mariumahmad24', 'iqra.javed1591997', 'sheebaishtiaque.102', 'zainabnazeer456', 'amnaiqbal400', 'rubarasheed5678', 'marwam.asghar', 'azf912', None, 'kausarsaleem65', 'afifaaziz7', 'shaherbanofatima', 'muhammadzahid2198', 'zartab001', 'saqibkamal', 'hareemmustafa', 'farahperveen72', 'nazsobia999', 'rahimakauser', 'areeba_khan']"
57,261,14,32,5,"['sufzpq', 'shaherbanofatima', 'muhammadzahid2198', 'zainabnazeer456', 'areeba_khan']",8,"['zahidashahab20', 'zaheramusvi65', 'sheebaishtiaque.102', 'zartab001', 'farahperveen72', 'nazsobia999', 'azf912', 'fareha.saleem']",27,"['bushradayo', 'aminahfatimah98', 'aliirtaza98', 'm.naufil1', 'hnihallani75', 'faizanalibugti', 'hareem.ahsan98', 'sanayaseen1997', 'halamasood27', 'ilsa.khalid', 'hks122082', 'aqsaqasim10', 'hariskshah', 'm.dawson', 'saleem_008', 'bismaraoluqman', 'minhalrizvi98', 'khurramahmed1997', 'bhaifaiz77', 'mustafaarif12330', None, 'kausarsaleem65', 'shayanhassan52', 'saqibkamal', 'shehzad_ahmed10', 'waleedkhalid924', 'mamonarao01']",40,"['bushradayo', 'aminahfatimah98', 'sufzpq', 'zahidashahab20', 'zaheramusvi65', 'aliirtaza98', 'm.naufil1', 'hnihallani75', 'faizanalibugti', 'hareem.ahsan98', 'sanayaseen1997', 'halamasood27', 'ilsa.khalid', 'hks122082', 'aqsaqasim10', 'hariskshah', 'm.dawson', 'saleem_008', 'bismaraoluqman', 'fareha.saleem', 'minhalrizvi98', 'khurramahmed1997', 'sheebaishtiaque.102', 'zainabnazeer456', 'bhaifaiz77', 'azf912', 'mustafaarif12330', None, 'kausarsaleem65', 'shaherbanofatima', 'muhammadzahid2198', 'zartab001', 'shayanhassan52', 'saqibkamal', 'shehzad_ahmed10', 'farahperveen72', 'nazsobia999', 'waleedkhalid924', 'mamonarao01', 'areeba_khan']"
57,234,14,29,12,"['sufzpq', 'zahidashahab20', 'zaheramusvi65', 'shaherbanofatima', 'sheebaishtiaque.102', 'muhammadzahid2198', 'zartab001', 'zainabnazeer456', 'farahperveen72', 'azf912', 'fareha.saleem', 'areeba_khan']",1,['nazsobia999'],17,"['bushradayo', 'iqra.javed1591997', 'ashna', 'afifaaziz7', 'aneeqarafique20', 'amnaimran361', 'nadiasiddeque8139', 'saqibkamal', 'amnaiqbal400', 'rubarasheed5678', 'el16009', 'bismaraoluqman', 'hareem.ahsan98', 'ifrahfatimi1397', 'ayeshajml4', None, 'ateefasiddiqui']",30,"['bushradayo', 'sufzpq', 'zahidashahab20', 'zaheramusvi65', 'amnaimran361', 'hareem.ahsan98', 'ifrahfatimi1397', 'ashna', 'nadiasiddeque8139', 'el16009', 'bismaraoluqman', 'fareha.saleem', 'ayeshajml4', 'iqra.javed1591997', 'sheebaishtiaque.102', 'aneeqarafique20', 'zainabnazeer456', 'amnaiqbal400', 'rubarasheed5678', 'azf912', None, 'afifaaziz7', 'shaherbanofatima', 'muhammadzahid2198', 'zartab001', 'saqibkamal', 'farahperveen72', 'nazsobia999', 'ateefasiddiqui', 'areeba_khan']"
59,161,13,10,8,"['pratheep', 'changxiangyi4', 'aneeline', 'jasonzorozhu', 'sala499', 'varun14795', 'moyun', 'isafmobius1']",4,"['xiaoke', 'yechangsheng29', 'z5199244', 'wenzhican']",2,"[None, 'jnh55']",14,"['yechangsheng29', 'aneeline', 'jasonzorozhu', 'wenzhican', 'varun14795', 'isafmobius1', None, 'jnh55', 'pratheep', 'changxiangyi4', 'z5199244', 'sala499', 'moyun', 'xiaoke']"
59,366,13,10,9,"['pratheep', 'changxiangyi4', 'yechangsheng29', 'aneeline', 'jasonzorozhu', 'sala499', 'varun14795', 'moyun', 'isafmobius1']",3,"['xiaoke', 'z5199244', 'wenzhican']",1,[None],13,"['yechangsheng29', 'aneeline', 'jasonzorozhu', 'wenzhican', 'varun14795', 'isafmobius1', None, 'pratheep', 'changxiangyi4', 'z5199244', 'sala499', 'moyun', 'xiaoke']"
59,365,13,9,5,"['pratheep', 'aneeline', 'sala499', 'varun14795', 'isafmobius1']",7,"['changxiangyi4', 'yechangsheng29', 'z5199244', 'jasonzorozhu', 'wenzhican', 'moyun', 'xiaoke']",4,"['mojtabam', 'waj1h', 'jnh55', None]",16,"['yechangsheng29', 'aneeline', 'jasonzorozhu', 'wenzhican', 'varun14795', 'isafmobius1', 'waj1h', None, 'jnh55', 'pratheep', 'changxiangyi4', 'z5199244', 'sala499', 'mojtabam', 'moyun', 'xiaoke']"
60,53,12,14,11,"['aocerin005', 'jm.herrerasa', 'inigobilbao12', 'olatzahedo', 'pablobr', 'mike.zw7', 'alangj4', 'irune', 'amayarg16', 'pizarro080394', 'enekoleku']",0,[],3,"['alex.di4z64', None, 'isalaverria']",14,"['aocerin005', 'jm.herrerasa', 'pablobr', 'mike.zw7', 'isalaverria', 'alangj4', 'amayarg16', 'pizarro080394', 'enekoleku', None, 'inigobilbao12', 'olatzahedo', 'alex.di4z64', 'irune']"
60,155,12,14,11,"['aocerin005', 'jm.herrerasa', 'inigobilbao12', 'olatzahedo', 'pablobr', 'mike.zw7', 'alangj4', 'irune', 'amayarg16', 'pizarro080394', 'enekoleku']",0,[],3,"['alex.di4z64', None, 'isalaverria']",14,"['aocerin005', 'jm.herrerasa', 'pablobr', 'mike.zw7', 'isalaverria', 'alangj4', 'amayarg16', 'pizarro080394', 'enekoleku', None, 'inigobilbao12', 'olatzahedo', 'alex.di4z64', 'irune']"
60,153,12,8,5,"['aocerin005', 'pablobr', 'mike.zw7', 'amayarg16', 'pizarro080394']",6,"['jm.herrerasa', 'inigobilbao12', 'olatzahedo', 'alangj4', 'irune', 'enekoleku']",3,"['alex.di4z64', None, 'isalaverria']",14,"['aocerin005', 'jm.herrerasa', 'pablobr', 'mike.zw7', 'isalaverria', 'alangj4', 'amayarg16', 'pizarro080394', 'enekoleku', None, 'inigobilbao12', 'olatzahedo', 'alex.di4z64', 'irune']"
60,154,12,7,6,"['jm.herrerasa', 'inigobilbao12', 'olatzahedo', 'alangj4', 'irune', 'enekoleku']",5,"['aocerin005', 'pablobr', 'mike.zw7', 'amayarg16', 'pizarro080394']",1,[None],12,"['aocerin005', None, 'jm.herrerasa', 'inigobilbao12', 'olatzahedo', 'pablobr', 'mike.zw7', 'alangj4', 'irune', 'amayarg16', 'pizarro080394', 'enekoleku']"
61,379,12,15,11,"['vikashchauhan56.vc.vc', 'khajauddinali', 'andrewskutty04', 'bewynbj7', 'bincythanjan', 'jenitajeni412', 'prajeish123', 'marya', 'arunkumar81098', 'srivishal2110', 'pratimasiva98']",0,[],4,"['samuvelraj513', None, 'kirubaroshlin98', 'monishajoymj17']",15,"['vikashchauhan56.vc.vc', 'khajauddinali', 'bincythanjan', 'andrewskutty04', 'prajeish123', None, 'pratimasiva98', 'monishajoymj17', 'samuvelraj513', 'bewynbj7', 'jenitajeni412', 'kirubaroshlin98', 'marya', 'arunkumar81098', 'srivishal2110']"
61,362,12,14,10,"['vikashchauhan56.vc.vc', 'bincythanjan', 'andrewskutty04', 'bewynbj7', 'prajeish123', 'jenitajeni412', 'marya', 'arunkumar81098', 'srivishal2110', 'pratimasiva98']",1,['khajauddinali'],4,"['neharay125', 'gouthaminallamuthu', None, 'davisprince2632']",15,"['neharay125', 'vikashchauhan56.vc.vc', 'khajauddinali', 'bincythanjan', 'andrewskutty04', 'prajeish123', 'davisprince2632', 'gouthaminallamuthu', None, 'pratimasiva98', 'bewynbj7', 'jenitajeni412', 'marya', 'arunkumar81098', 'srivishal2110']"
61,363,12,12,9,"['vikashchauhan56.vc.vc', 'khajauddinali', 'andrewskutty04', 'bewynbj7', 'bincythanjan', 'jenitajeni412', 'marya', 'arunkumar81098', 'pratimasiva98']",2,"['srivishal2110', 'prajeish123']",3,"['neharay125', None, 'davisprince2632']",14,"['neharay125', 'vikashchauhan56.vc.vc', 'khajauddinali', 'bincythanjan', 'andrewskutty04', 'prajeish123', 'davisprince2632', None, 'pratimasiva98', 'bewynbj7', 'jenitajeni412', 'marya', 'arunkumar81098', 'srivishal2110']"
61,364,12,10,7,"['vikashchauhan56.vc.vc', 'bincythanjan', 'andrewskutty04', 'bewynbj7', 'jenitajeni412', 'arunkumar81098', 'pratimasiva98']",4,"['srivishal2110', 'marya', 'khajauddinali', 'prajeish123']",3,"['neharay125', None, 'davisprince2632']",14,"['neharay125', 'vikashchauhan56.vc.vc', 'khajauddinali', 'bincythanjan', 'andrewskutty04', 'prajeish123', 'davisprince2632', None, 'pratimasiva98', 'bewynbj7', 'jenitajeni412', 'marya', 'arunkumar81098', 'srivishal2110']"
62,57,12,16,11,"['jmoreno16', 'stobi', 'kcatania', 'hcatania', 'cserwatka', 'asnider2', 'dfernande', 'tolson', 'rcalisin', 'kdoherty', 'cwilburn15']",0,[],5,"['malyass', 'aalhadhra', 'bbalint', 'hjiang', None]",16,"['stobi', 'malyass', 'kcatania', 'cserwatka', 'dfernande', 'bbalint', 'hjiang', None, 'cwilburn15', 'jmoreno16', 'hcatania', 'aalhadhra', 'asnider2', 'tolson', 'rcalisin', 'kdoherty']"
62,236,12,14,11,"['jmoreno16', 'stobi', 'kcatania', 'hcatania', 'cserwatka', 'asnider2', 'dfernande', 'tolson', 'rcalisin', 'kdoherty', 'cwilburn15']",0,[],3,"['bbalint', 'malyass', None]",14,"['stobi', 'malyass', 'kcatania', 'cserwatka', 'dfernande', 'bbalint', None, 'cwilburn15', 'jmoreno16', 'hcatania', 'asnider2', 'tolson', 'rcalisin', 'kdoherty']"
62,63,12,12,8,"['jmoreno16', 'kcatania', 'cserwatka', 'dfernande', 'asnider2', 'tolson', 'rcalisin', 'cwilburn15']",3,"['stobi', 'kdoherty', 'hcatania']",4,"['aalhadhra', 'bbalint', None, 'hjiang']",15,"['stobi', 'kcatania', 'cserwatka', 'dfernande', 'bbalint', 'hjiang', None, 'cwilburn15', 'jmoreno16', 'hcatania', 'aalhadhra', 'asnider2', 'tolson', 'rcalisin', 'kdoherty']"
62,58,12,11,7,"['jmoreno16', 'stobi', 'kcatania', 'hcatania', 'asnider2', 'rcalisin', 'kdoherty']",4,"['tolson', 'dfernande', 'cwilburn15', 'cserwatka']",4,"['aalhadhra', 'bbalint', None, 'hjiang']",15,"['stobi', 'kcatania', 'cserwatka', 'dfernande', 'bbalint', 'hjiang', None, 'cwilburn15', 'jmoreno16', 'hcatania', 'aalhadhra', 'asnider2', 'tolson', 'rcalisin', 'kdoherty']"
62,64,12,10,9,"['jmoreno16', 'stobi', 'hcatania', 'cserwatka', 'dfernande', 'asnider2', 'tolson', 'rcalisin', 'kdoherty']",2,"['kcatania', 'cwilburn15']",1,[None],12,"['stobi', 'kcatania', 'cserwatka', 'dfernande', None, 'cwilburn15', 'jmoreno16', 'hcatania', 'asnider2', 'tolson', 'rcalisin', 'kdoherty']"
62,59,12,8,4,"['tolson', 'dfernande', 'cwilburn15', 'cserwatka']",7,"['jmoreno16', 'stobi', 'kcatania', 'hcatania', 'asnider2', 'rcalisin', 'kdoherty']",4,"['aalhadhra', 'malyass', None, 'hjiang']",15,"['stobi', 'malyass', 'kcatania', 'cserwatka', 'dfernande', 'hjiang', None, 'cwilburn15', 'jmoreno16', 'hcatania', 'aalhadhra', 'asnider2', 'tolson', 'rcalisin', 'kdoherty']"
63,310,12,92,4,"['patel357', 'foste183', 'mai18', 'brow1537']",7,"['johnjaqui16', 'chen2974', 'scott260', 'dylone1539', 'sseok', 'seunghwan.jo', 'fieldl0313']",88,"['shem935', 'steele61', 'chang', 'atre', 'wang2211', 'stnoah1', 'thuqsy1995', 'nathanknodel', 'yadav35', 'ychenr', 'hou111', 'mciver', 'swrowe78', 'luisapeterson', 'ekpodzro', 'hvr', 'chentuanyu', 'jinchizhang6', 'pate1205', 'mmelcer', 'dtibbo', 'meng116', 'gu84', 'rohanpatni', 'roth70', 'xu1376', 'tgroom', 'raka', 'smanasiy', 'stevensun129', 'liao70', 'zhan3719', 'ewestph', 'gmathews', 'charles1638', 'jmescher', 'zhiyangwen', 'psonalka', 'cao95', 'mukher32', 'srayasam', 'kennelt', 'ding172', 'yolandalee', 'zchang', 'russel60', 'vkwarten', 'radhakv', 'hdalton', 'zezzaki', 'kevindurex', 'han602', 'deshmukv', 'yyogi', 'gmontoy', 'michaeldziekan', 'brow1417', 'sdhamank', 'mgrande', 'kdille', 'alafzi', 'chengbo', 'joshi110', 'marisol', 'khandel4', 'xils2009', 'ngasteyer', 'belmontj', 'lfacchin', 'cwhitter', 'jroar21', 'yang1673', 'webb96', 'zhan3729', 'shi448', 'zhao1019', None, 'proycho', 'jo30', 'sbucherl', 'jianwen97', 'rose68', 'kulkar72', 'liuchengjie666', 'zhengweichen', 'fakimov', 'zhan3720', 'galileonardo']",99,"['shem935', 'steele61', 'chang', 'atre', 'scott260', 'dylone1539', 'wang2211', 'stnoah1', 'fakimov', 'thuqsy1995', 'nathanknodel', 'yadav35', 'ychenr', 'johnjaqui16', 'brow1537', 'hou111', 'mciver', 'swrowe78', 'luisapeterson', 'ekpodzro', 'mai18', 'hvr', 'chentuanyu', 'jinchizhang6', 'pate1205', 'mmelcer', 'dtibbo', 'meng116', 'gu84', 'rohanpatni', 'sseok', 'roth70', 'xu1376', 'tgroom', 'raka', 'smanasiy', 'stevensun129', 'liao70', 'zhan3719', 'ewestph', 'gmathews', 'charles1638', 'jmescher', 'zhiyangwen', 'psonalka', 'seunghwan.jo', 'cao95', 'mukher32', 'srayasam', 'kennelt', 'ding172', 'yolandalee', 'zchang', 'russel60', 'vkwarten', 'radhakv', 'hdalton', 'zezzaki', 'kevindurex', 'han602', 'deshmukv', 'yyogi', 'gmontoy', 'michaeldziekan', 'brow1417', 'sdhamank', 'mgrande', 'kdille', 'patel357', 'alafzi', 'foste183', 'chen2974', 'chengbo', 'joshi110', 'marisol', 'khandel4', 'xils2009', 'ngasteyer', 'belmontj', 'lfacchin', 'cwhitter', 'jroar21', 'yang1673', 'webb96', 'zhan3729', 'shi448', 'zhao1019', None, 'proycho', 'jo30', 'sbucherl', 'jianwen97', 'rose68', 'kulkar72', 'liuchengjie666', 'zhengweichen', 'fieldl0313', 'zhan3720', 'galileonardo']"
64,305,12,41,11,"['ashawami.m', 'hemant.sahu', 'himanshu.kale', 'talathi', 'jatin.thakkar', 'aditi.morade', 'saurabh.ys', 'sanika09', 'karans279', 'a.kumbhani', 'jay.vaghela']",0,[],30,"['rutvik.as', 'neel.dp', 'aakash.chothani', 'akshat.dave', 'natasha12', 'sarvesh.jamdaade', 'keyuri', 'v3daxt', 'raj.rupapara', 'sanketbarkale09', 'yashraj.t', 'harsh.dhokiya', 'gayatri99', 'amogh.joshi', 'meet.jt', 'dharmang.s', 'meet.zaveri', 'sharad.yadav', 'stallion007', None, 'neel05', 'hjj', 'dksh2699', 'neeraj.t', 'dhruvish.s', 'janhavi.a', 'a.kansara', 'aniket.desai', 'ajay1459', 'kiran.thale']",41,"['rutvik.as', 'neel.dp', 'aakash.chothani', 'akshat.dave', 'jatin.thakkar', 'natasha12', 'sarvesh.jamdaade', 'sanika09', 'a.kumbhani', 'jay.vaghela', 'ashawami.m', 'keyuri', 'v3daxt', 'himanshu.kale', 'raj.rupapara', 'saurabh.ys', 'sanketbarkale09', 'harsh.dhokiya', 'yashraj.t', 'gayatri99', 'amogh.joshi', 'talathi', 'meet.jt', 'dharmang.s', 'karans279', 'meet.zaveri', 'sharad.yadav', 'stallion007', None, 'neel05', 'hemant.sahu', 'hjj', 'dksh2699', 'neeraj.t', 'aditi.morade', 'dhruvish.s', 'janhavi.a', 'a.kansara', 'aniket.desai', 'ajay1459', 'kiran.thale']"
64,307,12,13,2,"['ashawami.m', 'himanshu.kale']",9,"['hemant.sahu', 'talathi', 'jatin.thakkar', 'aditi.morade', 'saurabh.ys', 'sanika09', 'karans279', 'a.kumbhani', 'jay.vaghela']",11,"['prachi.kavade', 'nishid.chawda', 'ekta.dhuri', 'devyani.vani', 'surve.rs', 'prachi.gawas', 'aparna_m', 'janhavi.a', 'vrushali.lamjane', 'rohan.bhalekar', None]",22,"['nishid.chawda', 'talathi', 'ekta.dhuri', 'jatin.thakkar', 'devyani.vani', 'aparna_m', 'sanika09', 'karans279', 'a.kumbhani', None, 'jay.vaghela', 'ashawami.m', 'hemant.sahu', 'prachi.kavade', 'himanshu.kale', 'surve.rs', 'prachi.gawas', 'aditi.morade', 'saurabh.ys', 'janhavi.a', 'vrushali.lamjane', 'rohan.bhalekar']"
65,65,12,27,3,"['mattpley', 'ahmad.lakhani79', 'adrianusmatthew97']",8,"['fernandopena961226', 'tkrkek123', 'oneuber', 'gychang', 'coreywhite', 'enikozsoldos1', 'alsdud9971', 'tej3msharma']",24,"['urmom', 'wasdcam', 'mr2johns', 'jbornath', 'nnjeorje', 'albiechan97', 'ne471', 'fezzahaider', 'jacob.y.n', 'jeffreydeon', 'aalofi', 'steveliu', 'whitbeck.alex1', 'haritosh21', 'kylenano', 'smbannon', 'rupnowconnor', 'pjvannoo', None, 'iemawesum', 'khedges', 'daidkk', 'junaidas97', 'jamest.oswald']",35,"['tkrkek123', 'wasdcam', 'urmom', 'mr2johns', 'adrianusmatthew97', 'jbornath', 'mattpley', 'alsdud9971', 'nnjeorje', 'albiechan97', 'ne471', 'fezzahaider', 'jacob.y.n', 'enikozsoldos1', 'jeffreydeon', 'aalofi', 'steveliu', 'whitbeck.alex1', 'haritosh21', 'oneuber', 'kylenano', 'smbannon', 'rupnowconnor', 'pjvannoo', None, 'iemawesum', 'ahmad.lakhani79', 'fernandopena961226', 'khedges', 'coreywhite', 'gychang', 'daidkk', 'junaidas97', 'jamest.oswald', 'tej3msharma']"
65,135,12,20,2,"['alsdud9971', 'tkrkek123']",9,"['ahmad.lakhani79', 'fernandopena961226', 'oneuber', 'coreywhite', 'adrianusmatthew97', 'gychang', 'enikozsoldos1', 'mattpley', 'tej3msharma']",18,"['dlswp4914', 'pog1996', 'dlrlgh001', 'sjzang1', 'lotusf72', 'kwangwoon', 'ehd1028', 'wwoong97', 'eqeq1126', 'junmin8950', 'qksth8wh', 'choihg960212', 'sujin1997117', 'wjsguddns568', 'kky05712000', 'jaewoong', 'madong13', None]",29,"['dlswp4914', 'tkrkek123', 'dlrlgh001', 'sjzang1', 'lotusf72', 'oneuber', 'kwangwoon', 'ehd1028', 'adrianusmatthew97', 'sujin1997117', 'wjsguddns568', 'mattpley', 'alsdud9971', 'jaewoong', 'madong13', 'kky05712000', 'junmin8950', None, 'ahmad.lakhani79', 'fernandopena961226', 'pog1996', 'wwoong97', 'coreywhite', 'gychang', 'eqeq1126', 'qksth8wh', 'choihg960212', 'enikozsoldos1', 'tej3msharma']"
65,136,12,18,1,['coreywhite'],10,"['ahmad.lakhani79', 'tkrkek123', 'fernandopena961226', 'oneuber', 'gychang', 'adrianusmatthew97', 'enikozsoldos1', 'mattpley', 'alsdud9971', 'tej3msharma']",17,"['teja.subrahmanya', 'dsilva8', 'priyapetluru', 'jacobembley', 'ylukekim', 'aeg6', 'cz2014', 'ethanhao', 'mengkeliu', 'nickpronin', 'zazazaz', 'dongzuoming', 'ashgarcia', 'etutuc', 'wyyoon', None, 'thomasleonard']",28,"['tkrkek123', 'oneuber', 'jacobembley', 'ethanhao', 'mengkeliu', 'adrianusmatthew97', 'nickpronin', 'dongzuoming', 'mattpley', 'alsdud9971', None, 'thomasleonard', 'ahmad.lakhani79', 'fernandopena961226', 'teja.subrahmanya', 'dsilva8', 'priyapetluru', 'ylukekim', 'aeg6', 'cz2014', 'coreywhite', 'gychang', 'zazazaz', 'ashgarcia', 'enikozsoldos1', 'etutuc', 'wyyoon', 'tej3msharma']"
65,133,12,9,1,['tkrkek123'],10,"['ahmad.lakhani79', 'fernandopena961226', 'oneuber', 'coreywhite', 'adrianusmatthew97', 'gychang', 'enikozsoldos1', 'mattpley', 'alsdud9971', 'tej3msharma']",8,"['pog1996', 'wwoong97', 'eqeq1126', 'dltjdwls27', 'sylee9700', 'wjsguddns568', 'junmin8950', None]",19,"['tkrkek123', 'oneuber', 'adrianusmatthew97', 'sylee9700', 'wjsguddns568', 'mattpley', 'alsdud9971', 'junmin8950', None, 'ahmad.lakhani79', 'fernandopena961226', 'pog1996', 'wwoong97', 'coreywhite', 'gychang', 'eqeq1126', 'dltjdwls27', 'enikozsoldos1', 'tej3msharma']"
65,134,12,7,4,"['oneuber', 'fernandopena961226', 'gychang', 'adrianusmatthew97']",7,"['ahmad.lakhani79', 'tkrkek123', 'coreywhite', 'enikozsoldos1', 'mattpley', 'alsdud9971', 'tej3msharma']",3,"[None, 'hliunanoeng', 'ejmonte']",14,"['ahmad.lakhani79', 'fernandopena961226', 'tkrkek123', 'oneuber', 'coreywhite', 'adrianusmatthew97', 'gychang', 'hliunanoeng', 'ejmonte', 'enikozsoldos1', 'mattpley', 'alsdud9971', 'tej3msharma', None]"
65,66,12,6,1,['tej3msharma'],10,"['ahmad.lakhani79', 'tkrkek123', 'fernandopena961226', 'oneuber', 'coreywhite', 'adrianusmatthew97', 'gychang', 'enikozsoldos1', 'mattpley', 'alsdud9971']",5,"['mchaffiedaniel', 'ppearson', 'namanish27', 'jaredsisler', None]",16,"['mchaffiedaniel', 'ahmad.lakhani79', 'fernandopena961226', 'tkrkek123', 'oneuber', 'namanish27', 'coreywhite', 'adrianusmatthew97', 'gychang', 'ppearson', 'jaredsisler', 'enikozsoldos1', 'mattpley', 'alsdud9971', 'tej3msharma', None]"
66,38,12,27,4,"['np725', 'stephenbfl', 'nicholasfata', 'trevorcv10']",7,"['jturnley', 'yu966', 'zoetan', 'deshpa16', 'ravi.fermi', 'choi580', 'gavinqsy']",23,"['arespaillat', 'lsilver646', 'atd216', 'lucasibell227', 'hkirkland', 'npadgett', 'danieljohnson535', 'colleenweller', 'clambert97', 'zpzane', 'antural', 'jbernstein721', 'vjonathan5037', 'jarvesu16', 'seanved', 'brianlien', 'josepmarti197', None, 'agoya', 'sboyette9', 'a02051998', 'jbernstei', 'erikjuul1']",34,"['arespaillat', 'trevorcv10', 'lsilver646', 'atd216', 'lucasibell227', 'ravi.fermi', 'hkirkland', 'choi580', 'nicholasfata', 'npadgett', 'stephenbfl', 'yu966', 'zoetan', 'danieljohnson535', 'deshpa16', 'colleenweller', 'clambert97', 'zpzane', 'np725', 'antural', 'gavinqsy', 'jbernstein721', 'vjonathan5037', 'jarvesu16', 'seanved', 'jturnley', 'brianlien', 'josepmarti197', None, 'agoya', 'sboyette9', 'a02051998', 'jbernstei', 'erikjuul1']"
66,39,12,9,2,"['zoetan', 'jturnley']",9,"['trevorcv10', 'stephenbfl', 'yu966', 'deshpa16', 'gavinqsy', 'ravi.fermi', 'np725', 'choi580', 'nicholasfata']",7,"['gopalak0', 'kweidem', 'sshikha', None, 'dravikum', 'jie.roger.zhu', 'dashp']",18,"['trevorcv10', 'jturnley', 'gopalak0', 'kweidem', 'sshikha', 'ravi.fermi', 'choi580', 'nicholasfata', None, 'dravikum', 'stephenbfl', 'yu966', 'zoetan', 'deshpa16', 'np725', 'gavinqsy', 'jie.roger.zhu', 'dashp']"
67,202,12,78,2,"['qpitter', 'jvergado']",9,"['kerre', 'girouxm', 'dleoni', 'tthieles', 'kjaltman', 'snobbe', 'graha167', 'caldwe29', 'shaw108']",76,"['appelp', 'anton2', 'slach', 'davethesword', 'shayle1998', 'ande1142', 'konerua', 'ameya.ghai', 'mcnamar7', 'choyc', 'stewa207', 'luo311', 'farentz', 'thornin', 'jmenezes', 'fsaez3098', 'ward187', 'mmulter', 'nnadiakamarudin', 'wnation', 'giotto032310', 'athoman', 'rswan', 'dchanda', 'wning', 'charliedkane', 'cole141', 'iansteen97', 'tskrove', 'ben.a.brodt', 'zhao938', 'schafee', 'nuhlarik', 'noahccardell', 'patel534', 'mpottsch', 'jstickne', 'yoon64', 'lee2096', 'msika', 'knies0', 'chung134', 'bowen22', 'thornt21', 'vasque16', 'mayziejames', 'kalina', 'atkins18', 'pattiya_p', 'hannahdoyle', 'schro118', 'evanzijianhe', 'post10', 'krishn75', 'randrews2016', 'culp8', 'jzuckerm', 'sidneyg214', 'pmurugan', 'aajachim', 'smit2788', 'roisinkenny123', 'azalar', 'zach.alton99', 'arkitectus', 'unrefrigeratedbutter', None, 'atruver', 'clacny', 'jackvanbenthuysen', 'shi318', 'logan36', 'tillmaj', 'nguye380', 'ncowin', 'avillige']",87,"['appelp', 'anton2', 'slach', 'davethesword', 'shayle1998', 'ande1142', 'konerua', 'ameya.ghai', 'mcnamar7', 'choyc', 'stewa207', 'luo311', 'farentz', 'thornin', 'jmenezes', 'fsaez3098', 'ward187', 'mmulter', 'graha167', 'nnadiakamarudin', 'wnation', 'giotto032310', 'athoman', 'rswan', 'dchanda', 'wning', 'charliedkane', 'cole141', 'qpitter', 'iansteen97', 'tskrove', 'kerre', 'ben.a.brodt', 'zhao938', 'schafee', 'nuhlarik', 'noahccardell', 'patel534', 'mpottsch', 'jstickne', 'yoon64', 'lee2096', 'msika', 'knies0', 'chung134', 'dleoni', 'bowen22', 'tthieles', 'kjaltman', 'snobbe', 'thornt21', 'vasque16', 'mayziejames', 'caldwe29', 'kalina', 'atkins18', 'pattiya_p', 'hannahdoyle', 'schro118', 'jvergado', 'evanzijianhe', 'post10', 'krishn75', 'randrews2016', 'culp8', 'jzuckerm', 'sidneyg214', 'pmurugan', 'shaw108', 'aajachim', 'smit2788', 'roisinkenny123', 'azalar', 'zach.alton99', 'arkitectus', 'unrefrigeratedbutter', None, 'atruver', 'clacny', 'girouxm', 'jackvanbenthuysen', 'shi318', 'logan36', 'tillmaj', 'nguye380', 'ncowin', 'avillige']"
67,143,12,19,7,"['girouxm', 'tthieles', 'graha167', 'snobbe', 'caldwe29', 'qpitter', 'jvergado']",4,"['dleoni', 'kerre', 'shaw108', 'kjaltman']",12,"[None, 'aajachim', 'park710', 'rao75', 'lpl', 'mgeckler', 'gore9', 'rojames0402', 'bmckenz', 'choyc', 'lam71', 'psteckle']",23,"['aajachim', 'dleoni', 'park710', 'tthieles', 'rao75', 'lpl', 'kjaltman', 'snobbe', 'rojames0402', 'bmckenz', 'caldwe29', 'choyc', None, 'jvergado', 'qpitter', 'kerre', 'girouxm', 'graha167', 'mgeckler', 'gore9', 'lam71', 'shaw108', 'psteckle']"
67,317,12,18,8,"['girouxm', 'tthieles', 'graha167', 'kjaltman', 'snobbe', 'caldwe29', 'qpitter', 'jvergado']",3,"['dleoni', 'kerre', 'shaw108']",10,"[None, 'lpl', 'mgeckler', 'gore9', 'konerua', 'rojames0402', 'bmckenz', 'choyc', 'lam71', 'psteckle']",21,"['dleoni', 'tthieles', 'lpl', 'kjaltman', 'snobbe', 'konerua', 'rojames0402', 'bmckenz', 'caldwe29', 'choyc', None, 'jvergado', 'qpitter', 'kerre', 'girouxm', 'graha167', 'mgeckler', 'gore9', 'lam71', 'shaw108', 'psteckle']"
67,145,12,11,5,"['girouxm', 'tthieles', 'snobbe', 'jvergado', 'qpitter']",6,"['kerre', 'dleoni', 'graha167', 'kjaltman', 'caldwe29', 'shaw108']",6,"['aajachim', 'park710', 'gore9', 'bmckenz', 'choyc', None]",17,"['aajachim', 'dleoni', 'park710', 'tthieles', 'kjaltman', 'snobbe', 'bmckenz', 'caldwe29', 'choyc', None, 'jvergado', 'qpitter', 'kerre', 'girouxm', 'graha167', 'gore9', 'shaw108']"
67,319,12,8,3,"['tthieles', 'graha167', 'caldwe29']",8,"['kerre', 'girouxm', 'dleoni', 'kjaltman', 'snobbe', 'qpitter', 'shaw108', 'jvergado']",5,"['lpl', 'konerua', 'bmckenz', 'choyc', None]",16,"['dleoni', 'tthieles', 'lpl', 'kjaltman', 'snobbe', 'konerua', 'bmckenz', 'caldwe29', 'choyc', None, 'jvergado', 'qpitter', 'kerre', 'girouxm', 'graha167', 'shaw108']"
67,318,12,6,1,['tthieles'],10,"['kerre', 'girouxm', 'dleoni', 'kjaltman', 'snobbe', 'graha167', 'caldwe29', 'qpitter', 'shaw108', 'jvergado']",5,"['lpl', 'mgeckler', 'rojames0402', 'choyc', None]",16,"['kerre', 'girouxm', 'dleoni', 'tthieles', 'lpl', 'kjaltman', 'snobbe', 'graha167', 'mgeckler', 'jvergado', 'rojames0402', 'choyc', 'caldwe29', 'shaw108', None, 'qpitter']"
68,337,11,12,10,"['abdallahzc', 'basantt', 'ahmedabdo', 'mostafarady', 'abdofelfel12', 'ashaaff', 'bayoumi', 'reemmostafa123', 'mohamed_seleem', 'passant']",0,[],2,"['akram_refaei57', None]",12,"['abdallahzc', 'ahmedabdo', 'reemmostafa123', 'mohamed_seleem', None, 'passant', 'basantt', 'mostafarady', 'abdofelfel12', 'ashaaff', 'bayoumi', 'akram_refaei57']"
69,4,11,8,7,"['bipinyadav413', 'yashada24parab', 'makarandprakashpatil', 'rupikabhandare17', 'minoutinarvekar', 'pradnyakilledar.411998', 'anirudhmrao9']",3,"['bittoodas0704', 'walshj2', 'vromano29']",1,[None],11,"['bipinyadav413', 'yashada24parab', 'bittoodas0704', 'makarandprakashpatil', 'minoutinarvekar', 'walshj2', 'vromano29', 'pradnyakilledar.411998', 'anirudhmrao9', 'rupikabhandare17', None]"
69,5,11,7,1,['walshj2'],9,"['bipinyadav413', 'bittoodas0704', 'yashada24parab', 'makarandprakashpatil', 'minoutinarvekar', 'rupikabhandare17', 'vromano29', 'pradnyakilledar.411998', 'anirudhmrao9']",6,"['robinsonjt2', 'kuleffd', 'demtn', 'millerkd3', None, 'samprity']",16,"['bipinyadav413', 'yashada24parab', 'bittoodas0704', 'robinsonjt2', 'kuleffd', 'makarandprakashpatil', 'minoutinarvekar', 'walshj2', 'vromano29', 'pradnyakilledar.411998', 'anirudhmrao9', 'rupikabhandare17', 'demtn', 'millerkd3', None, 'samprity']"
70,232,11,11,9,"['chen456', 'cdberg', 'wstatz', 'shawrodg', 'zach.sandor94', 'perrmart', 'jarestan', 'jopoirie', 'dasmish']",1,['jfrodric'],2,"[None, 'pkraj']",12,"['pkraj', 'jfrodric', 'perrmart', None, 'dasmish', 'chen456', 'cdberg', 'wstatz', 'shawrodg', 'zach.sandor94', 'jarestan', 'jopoirie']"
71,127,11,17,9,"['isiruiz93', 'peredroke9', 'duesod', 'elenaalvarezcastro', 'alexhiguera95', 'jmago', 'antoniocasm', 'deli', 'edufc14']",1,['gunjansunillodha'],8,"['ovidiu.ionut.stepan', 'mamg0796', 'albalopezespejo', 'srdguezb', 'juan.aparici.ji', None, 'fpdn', 'amedinarull']",18,"['peredroke9', 'gunjansunillodha', 'jmago', 'juan.aparici.ji', 'antoniocasm', 'deli', 'srdguezb', None, 'fpdn', 'amedinarull', 'isiruiz93', 'duesod', 'ovidiu.ionut.stepan', 'mamg0796', 'alexhiguera95', 'elenaalvarezcastro', 'albalopezespejo', 'edufc14']"
71,128,11,9,8,"['isiruiz93', 'peredroke9', 'duesod', 'alexhiguera95', 'elenaalvarezcastro', 'jmago', 'antoniocasm', 'edufc14']",2,"['deli', 'gunjansunillodha']",1,[None],11,"['peredroke9', 'gunjansunillodha', 'jmago', 'antoniocasm', 'deli', None, 'isiruiz93', 'duesod', 'alexhiguera95', 'elenaalvarezcastro', 'edufc14']"
72,177,11,25,1,['nickolas.pais725'],9,"['tangzhd97', 'dtomasz', 'dusty5683', 'benetcheverry', 'kcantley', 'ahmedtaher', 'tarikk', 'kshamalakshmiran', 'fgamiz']",24,"['thefata', 'arespaillat', 'lsilver646', 'atd216', 'lucasibell227', 'hkirkland', 'npadgett', 'danieljohnson535', 'colleenweller', 'clambert97', 'zpzane', 'jbernstein721', 'vjonathan5037', 'jarvesu16', 'seanved', 'brianlien', 'josepmarti197', None, 'agoya', 'a02051998', 'sboyette9', 'tvic10', 'erikjuul1', 'stephenbfl1']",34,"['arespaillat', 'thefata', 'lsilver646', 'atd216', 'lucasibell227', 'tarikk', 'hkirkland', 'tangzhd97', 'npadgett', 'dusty5683', 'benetcheverry', 'danieljohnson535', 'colleenweller', 'clambert97', 'zpzane', 'fgamiz', 'jbernstein721', 'vjonathan5037', 'jarvesu16', 'seanved', 'brianlien', 'ahmedtaher', 'kshamalakshmiran', 'dtomasz', 'josepmarti197', None, 'agoya', 'a02051998', 'sboyette9', 'kcantley', 'nickolas.pais725', 'tvic10', 'erikjuul1', 'stephenbfl1']"
72,174,11,8,5,"['benetcheverry', 'kcantley', 'ahmedtaher', 'tarikk', 'kshamalakshmiran']",5,"['tangzhd97', 'dusty5683', 'nickolas.pais725', 'dtomasz', 'fgamiz']",3,"['mdkamrulhassanma', 'kkumaarpradeep', None]",13,"['tangzhd97', None, 'kkumaarpradeep', 'dusty5683', 'benetcheverry', 'kcantley', 'nickolas.pais725', 'kshamalakshmiran', 'ahmedtaher', 'mdkamrulhassanma', 'tarikk', 'dtomasz', 'fgamiz']"
73,65,10,27,8,"['albiechan97', 'haritosh21', 'fezzahaider', 'smbannon', 'daidkk', 'jeffreydeon', 'aalofi', 'nnjeorje']",1,['cindero0110'],19,"['urmom', 'wasdcam', 'mr2johns', 'adrianusmatthew97', 'jbornath', 'mattpley', 'ne471', 'jacob.y.n', 'steveliu', 'whitbeck.alex1', 'kylenano', 'rupnowconnor', 'pjvannoo', None, 'iemawesum', 'ahmad.lakhani79', 'khedges', 'junaidas97', 'jamest.oswald']",28,"['wasdcam', 'urmom', 'mr2johns', 'adrianusmatthew97', 'jbornath', 'mattpley', 'nnjeorje', 'albiechan97', 'ne471', 'fezzahaider', 'jamest.oswald', 'jacob.y.n', 'jeffreydeon', 'aalofi', 'steveliu', 'whitbeck.alex1', 'haritosh21', 'smbannon', 'kylenano', 'rupnowconnor', 'pjvannoo', None, 'iemawesum', 'ahmad.lakhani79', 'khedges', 'daidkk', 'junaidas97', 'cindero0110']"
73,142,10,8,7,"['albiechan97', 'haritosh21', 'fezzahaider', 'smbannon', 'daidkk', 'jeffreydeon', 'aalofi']",2,"['cindero0110', 'nnjeorje']",1,[None],10,"['albiechan97', None, 'haritosh21', 'fezzahaider', 'jeffreydeon', 'smbannon', 'daidkk', 'cindero0110', 'aalofi', 'nnjeorje']"
74,72,10,45,1,['shayanali'],8,"['shuang93', 'gravediggaz', 'eeeamin', 'mhammerschmidt', 'nahidaspirant', 'cristine.kores', 'krishna.jhuma17', 'mazzoner']",44,"['daanyaal', 'farahkareem5', 'sharyar0014', 'm.naufil1', 'aliirtaza98', 'afnan.mazhar', 'remshaaa5', 'ibeeey.a', 'hnihallani75', 'moizhameed999', 'faizanalibugti', 'shabee066', 'bilalshakeel626', 'halamasood27', 'thebest7862', 'danish.dkkhalid', 'taqdeesm3', 'hariskshah', 'shehzu94', 'shaheershaikh79', 'm.dawson', 'saleem_008', 'farhanthespy', 'asad.h5659', 'minhalrizvi98', 'hakeemorangzeb710', 'pankajjagani2', 'talatbng945', 'bhaifaiz77', 'ibrahimahmedmughal', 'hamza.aslam3904', 'rameennisar1997', 'mustafaarif12330', None, 'hamzaq44', 'sabaq165', 'syedzainrock8', 'shayanhassan52', 'habhutto2015', 'shehzad_ahmed10', 'muhammadwasiqpervez', 'hassananwer1010', 'mamonarao01', '2roshankhan6']",53,"['shuang93', 'gravediggaz', 'daanyaal', 'farahkareem5', 'sharyar0014', 'm.naufil1', 'aliirtaza98', 'afnan.mazhar', 'remshaaa5', 'ibeeey.a', 'hnihallani75', 'moizhameed999', 'faizanalibugti', 'shabee066', 'bilalshakeel626', 'halamasood27', 'thebest7862', 'danish.dkkhalid', 'mhammerschmidt', 'taqdeesm3', 'hariskshah', 'shehzu94', 'shaheershaikh79', 'm.dawson', 'saleem_008', 'farhanthespy', 'asad.h5659', 'minhalrizvi98', 'hakeemorangzeb710', 'pankajjagani2', 'talatbng945', 'nahidaspirant', 'bhaifaiz77', 'krishna.jhuma17', 'ibrahimahmedmughal', 'hamza.aslam3904', 'rameennisar1997', 'mustafaarif12330', None, 'hamzaq44', 'eeeamin', 'sabaq165', 'syedzainrock8', 'shayanhassan52', 'habhutto2015', 'cristine.kores', 'shehzad_ahmed10', 'shayanali', 'muhammadwasiqpervez', 'hassananwer1010', 'mazzoner', 'mamonarao01', '2roshankhan6']"
75,18,10,59,8,"['qmniashawky45', 'omar1781998', 'mostafa.ahmed.elewa', 'reem.hablas', 'bedomostafa1', 'ahmedaek66', 'maria_ahmos', 'salsabil.said']",1,['allasaeed'],51,"['ahmedmohsen9623', 'lighteous16', 'amadoxis', 'mmummu30', 'tahahsyn123', 'rania_saleh', 'ahmedmubarak474', 'tokahassan313', 'mo_refaat', 'mostafateka1409', 'amerabaher09', 'ahmedbebo', 'youssefnasser', 'roqaya', 'midoelshazly198', 'mohammedosama.777777', 'akhaled.nasr98', 'ahmedmetwaly', 'reemhamed96', 'madbouly66', 'amanymohamed646', 'omniyasamir20', 'ahmed930as', 'doniamohamed', 'shoroukhossin', 'eladhamgalal', 'khaledgamal960', 'essraaahmed34', 'marwanahmad988', 'mousa', 'omartamer.ot13', 'salmagamal8880', 'ma01288889640', 'ibrahimaffan1998', 'sherifmagdy111', 'abdulrahmangalal', 'omartamer.ot14', None, 'karimd3', 'rehabibrahim355', 'shaltout', 'rashedirami52', 'yarayasser959', 'n1.asaker', 'mmayar361', 'mahmoudbadry604', 'yasminkhaled66', 'abdelrahmann', 'raghdathrwat98', 'necobellator270', 'needumbrella']",60,"['ahmedmohsen9623', 'lighteous16', 'amadoxis', 'mmummu30', 'tahahsyn123', 'reem.hablas', 'tokahassan313', 'amerabaher09', 'roqaya', 'midoelshazly198', 'akhaled.nasr98', 'madbouly66', 'omniyasamir20', 'ahmed930as', 'shoroukhossin', 'khaledgamal960', 'allasaeed', 'marwanahmad988', 'mousa', 'salmagamal8880', 'maria_ahmos', 'qmniashawky45', 'omartamer.ot14', 'shaltout', 'omar1781998', 'mostafa.ahmed.elewa', 'yarayasser959', 'mmayar361', 'yasminkhaled66', 'raghdathrwat98', 'doniamohamed', 'necobellator270', 'rania_saleh', 'ahmedmubarak474', 'mostafateka1409', 'mo_refaat', 'salsabil.said', 'ahmedbebo', 'youssefnasser', 'bedomostafa1', 'mohammedosama.777777', 'ahmedmetwaly', 'reemhamed96', 'amanymohamed646', 'eladhamgalal', 'essraaahmed34', 'omartamer.ot13', 'ma01288889640', 'ibrahimaffan1998', None, 'sherifmagdy111', 'abdulrahmangalal', 'karimd3', 'rehabibrahim355', 'rashedirami52', 'n1.asaker', 'abdelrahmann', 'ahmedaek66', 'mahmoudbadry604', 'needumbrella']"
75,290,10,23,3,"['mostafa.ahmed.elewa', 'maria_ahmos', 'reem.hablas']",6,"['qmniashawky45', 'omar1781998', 'allasaeed', 'bedomostafa1', 'ahmedaek66', 'salsabil.said']",20,"['emanmabrouk077', 'abdallakhaled20', 'esraaosman12345', 'lana.tak18', 'ahmedbebo', 'mohamed.elsayed999974', 'lanamhdtak', 'ahmedsameh25951', 'lamiaaahmed97', 'esraakhalid505', 'sondossalah66', 'abdumhrous', 'khaledrims', 'essraaahmed34', 'ranahosny34', None, 'ahmedsallaahh', 'yarayasser959', 'n1.asaker', 'sarayasser']",29,"['emanmabrouk077', 'reem.hablas', 'abdallakhaled20', 'esraaosman12345', 'lana.tak18', 'salsabil.said', 'ahmedbebo', 'mohamed.elsayed999974', 'lanamhdtak', 'ahmedsameh25951', 'bedomostafa1', 'sarayasser', 'lamiaaahmed97', 'esraakhalid505', 'sondossalah66', 'abdumhrous', 'khaledrims', 'essraaahmed34', 'ranahosny34', 'allasaeed', 'maria_ahmos', None, 'qmniashawky45', 'omar1781998', 'ahmedsallaahh', 'mostafa.ahmed.elewa', 'yarayasser959', 'n1.asaker', 'ahmedaek66']"
75,258,10,22,8,"['qmniashawky45', 'omar1781998', 'mostafa.ahmed.elewa', 'reem.hablas', 'bedomostafa1', 'ahmedaek66', 'maria_ahmos', 'salsabil.said']",1,['allasaeed'],14,"['abdumhrous', 'shoroukhossin', 'eladhamgalal', 'rania_saleh', 'tahahsyn123', 'raghdathrwat98', 'akhaled.nasr98', 'midoelshazly198', 'tokahassan313', 'sarayasser', None, 'doniamohamed', 'mousa', 'ahmedmetwaly']",23,"['abdumhrous', 'shoroukhossin', 'eladhamgalal', 'rania_saleh', 'tahahsyn123', 'allasaeed', 'reem.hablas', 'tokahassan313', 'mousa', 'maria_ahmos', 'salsabil.said', None, 'qmniashawky45', 'omar1781998', 'mostafa.ahmed.elewa', 'akhaled.nasr98', 'midoelshazly198', 'bedomostafa1', 'ahmedaek66', 'raghdathrwat98', 'doniamohamed', 'sarayasser', 'ahmedmetwaly']"
75,288,10,8,1,['bedomostafa1'],8,"['qmniashawky45', 'omar1781998', 'allasaeed', 'mostafa.ahmed.elewa', 'reem.hablas', 'ahmedaek66', 'maria_ahmos', 'salsabil.said']",7,"[None, 'abdrmo', 'man.wheeler', 'lorenzomelotti', 'luzadanaque', 'tlsroqkf2', 'yasmine_adib']",16,"['qmniashawky45', None, 'abdrmo', 'yasmine_adib', 'omar1781998', 'lorenzomelotti', 'man.wheeler', 'allasaeed', 'mostafa.ahmed.elewa', 'reem.hablas', 'luzadanaque', 'tlsroqkf2', 'bedomostafa1', 'ahmedaek66', 'maria_ahmos', 'salsabil.said']"
75,257,10,7,1,['ahmedaek66'],8,"['qmniashawky45', 'omar1781998', 'allasaeed', 'mostafa.ahmed.elewa', 'reem.hablas', 'bedomostafa1', 'maria_ahmos', 'salsabil.said']",6,"['eladhamgalal', 'rania_saleh', 'midoelshazly198', 'mo_refaat', None, 'ahmedmetwaly']",15,"['qmniashawky45', None, 'eladhamgalal', 'omar1781998', 'rania_saleh', 'mo_refaat', 'allasaeed', 'mostafa.ahmed.elewa', 'reem.hablas', 'midoelshazly198', 'bedomostafa1', 'ahmedaek66', 'maria_ahmos', 'salsabil.said', 'ahmedmetwaly']"
75,291,10,6,5,"['qmniashawky45', 'allasaeed', 'mostafa.ahmed.elewa', 'reem.hablas', 'salsabil.said']",4,"['bedomostafa1', 'ahmedaek66', 'maria_ahmos', 'omar1781998']",1,[None],10,"['qmniashawky45', None, 'omar1781998', 'allasaeed', 'mostafa.ahmed.elewa', 'reem.hablas', 'bedomostafa1', 'ahmedaek66', 'maria_ahmos', 'salsabil.said']"
76,171,10,10,9,"['biswajit025', 'cdb0033', 'kelsey_brown', 'g10bahua', 'sd0043', 'wd0014', 'mb0194', 'kirtandixit1016', 'umeshwarnath']",0,[],1,[None],10,"['cdb0033', 'kelsey_brown', 'g10bahua', 'sd0043', 'wd0014', 'mb0194', None, 'biswajit025', 'kirtandixit1016', 'umeshwarnath']"
76,210,10,9,8,"['cdb0033', 'kelsey_brown', 'g10bahua', 'sd0043', 'wd0014', 'mb0194', 'kirtandixit1016', 'umeshwarnath']",1,['biswajit025'],1,[None],10,"['biswajit025', 'cdb0033', 'kelsey_brown', 'g10bahua', 'sd0043', 'wd0014', 'mb0194', 'kirtandixit1016', None, 'umeshwarnath']"
77,21,10,7,5,"['anuarovaa01', 'bekbolatovaz', 'julia.esikova7', 'ananyevasveta91', 'bredj999']",4,"['the.manhattan.project', 'sapkotabibash', 'aah66', 'l.oxtoby']",2,"['lolinekomimi', None]",11,"['anuarovaa01', 'bekbolatovaz', 'l.oxtoby', 'lolinekomimi', 'sapkotabibash', 'julia.esikova7', 'ananyevasveta91', 'the.manhattan.project', 'aah66', None, 'bredj999']"
78,285,10,68,1,['immanuelwilliams'],8,"['carlosg', 'fkal0930', 'matthewa81013', 'patrijordy', 's740114', 'gabrielgrime', 'rosa1874', 'pyro']",67,"['poco20102018', 'chiragmeena19', 'kartiknairvariar6', 'pranavpage33', 'nikhil10rai', 'jainsamar398', 'rishabhsureka123', 'prashilpatil99', 'reetmehta', 'durgeshahire15', 'ksb541', 'rishabh7755', 'gadhiayash', 'prashants31', 'devank', 'aforanurag99', 'dm932051', 'rohitrajwansi7', 'vrdmn7721', 'hiteshk_24', 'ayushdahale6277', 'janeelpatel', 'adilkhan', 'muktai2001', 'patururajesh91306', 'rajjatsoni801', 'harleen.shrivs', 'shreshtha.jbp2000', 'esha.kulawe', 'abk15062000', 'samyakshah21', 'awale.vinit', 'archishman.saha', 'uttam', 'gkumar946.gk', 'shaunzac', 'supreeth9', 'adbhut', 'pranav_706', 'shaunaknatarajan', 'vinaykmandia2000', 'daberaoviraj123', 'abhi9385', 'anuranandas', 'ashutoshranjan253', 'ujjwalkalra1969', 'kruthagnyamyana', 'bhavika', 'abhilaksh93', 'svhsai2000', 'priyankabagade96', 'hrishikesh', 'advaitkumar3107', 'ditisanghai', 'piyush36', 'adityaharakare1', 'vaibhav8nawal', '20anand.abhi', 'anushreesuhalka19', None, 'ritwikkhandelwal09', 'amolgirishshah', 'parthm1611', 'riyaaanchal', 'kinker', 'ruchir.2000', 'kiragr1999']",76,"['poco20102018', 'chiragmeena19', 'kartiknairvariar6', 'pranavpage33', 'nikhil10rai', 'jainsamar398', 'rishabhsureka123', 'prashilpatil99', 'reetmehta', 'durgeshahire15', 'ksb541', 'rishabh7755', 'gadhiayash', 'prashants31', 'gabrielgrime', 'devank', 'aforanurag99', 'dm932051', 'rohitrajwansi7', 'fkal0930', 'matthewa81013', 'vrdmn7721', 'hiteshk_24', 'ayushdahale6277', 'rosa1874', 'janeelpatel', 'adilkhan', 'muktai2001', 'patururajesh91306', 'rajjatsoni801', 'harleen.shrivs', 'shreshtha.jbp2000', 'esha.kulawe', 'abk15062000', 'samyakshah21', 'awale.vinit', 'carlosg', 'archishman.saha', 's740114', 'uttam', 'gkumar946.gk', 'shaunzac', 'supreeth9', 'adbhut', 'pranav_706', 'shaunaknatarajan', 'vinaykmandia2000', 'pyro', 'daberaoviraj123', 'abhi9385', 'anuranandas', 'ashutoshranjan253', 'patrijordy', 'ujjwalkalra1969', 'kruthagnyamyana', 'bhavika', 'abhilaksh93', 'svhsai2000', 'priyankabagade96', 'hrishikesh', 'advaitkumar3107', 'ditisanghai', 'piyush36', 'adityaharakare1', 'vaibhav8nawal', '20anand.abhi', 'anushreesuhalka19', None, 'ritwikkhandelwal09', 'amolgirishshah', 'parthm1611', 'riyaaanchal', 'kinker', 'ruchir.2000', 'immanuelwilliams', 'kiragr1999']"
78,255,10,26,1,['immanuelwilliams'],8,"['carlosg', 'fkal0930', 'matthewa81013', 'patrijordy', 's740114', 'gabrielgrime', 'rosa1874', 'pyro']",25,"['archishman.saha', 'jaisawant309', 'uttam', 'gkumar946.gk', 'shaunzac', 'supreeth9', 'pranav_706', 'prashilpatil99', 'durgeshahire15', 'ksb541', 'prashants31', 'abhilaksh93', 'priyankabagade96', 'kanabarmillen', 'rohitrajwansi7', '20anand.abhi', 'vrdmn7721', 'ayushdahale6277', None, 'muktai2001', 'patururajesh91306', 'chinmaybharti00', 'harleen.shrivs', 'esha.kulawe', 'abk15062000']",34,"['carlosg', 'archishman.saha', 'jaisawant309', 's740114', 'gkumar946.gk', 'uttam', 'shaunzac', 'supreeth9', 'pranav_706', 'pyro', 'prashilpatil99', 'durgeshahire15', 'ksb541', 'prashants31', 'patrijordy', 'gabrielgrime', 'abhilaksh93', 'priyankabagade96', 'kanabarmillen', 'rohitrajwansi7', 'fkal0930', 'matthewa81013', '20anand.abhi', 'vrdmn7721', 'ayushdahale6277', 'rosa1874', None, 'muktai2001', 'patururajesh91306', 'chinmaybharti00', 'harleen.shrivs', 'esha.kulawe', 'abk15062000', 'immanuelwilliams']"
78,12,10,18,1,['pyro'],8,"['carlosg', 'fkal0930', 'matthewa81013', 'patrijordy', 's740114', 'gabrielgrime', 'rosa1874', 'immanuelwilliams']",17,"['daniele.goldoni', 'praetor', 'alex.aglietta', 'caprarilorenzo', 'michaelcapo', 'albertomalferrari', 'tunahanyilmaz', 'giovanni.braglia97', 'matteo97', 'angie1995', 'cuoghimarco', 'mato96', 'daniele.sonaglia', 'corradini_allison', 'lucaselmi', None, 'allematt96']",26,"['carlosg', 'daniele.goldoni', 'alex.aglietta', 'michaelcapo', 'fkal0930', 'tunahanyilmaz', 'matthewa81013', 's740114', 'matteo97', 'angie1995', 'cuoghimarco', 'rosa1874', 'daniele.sonaglia', 'corradini_allison', 'praetor', 'pyro', None, 'allematt96', 'caprarilorenzo', 'albertomalferrari', 'patrijordy', 'giovanni.braglia97', 'gabrielgrime', 'mato96', 'lucaselmi', 'immanuelwilliams']"
78,278,10,18,1,['immanuelwilliams'],8,"['carlosg', 'fkal0930', 'matthewa81013', 'patrijordy', 's740114', 'gabrielgrime', 'rosa1874', 'pyro']",17,"['myrakis', 'mingxialian', 'xiaohongshan', 'panser', 'furkan0636', 'jaisawant309', 'yqwuly', 'ahmetkayapinar', 'shaunzac', 'bloodknight26', 'berktu', 'hannekehoogerheide', 'aforanurag99', 'anil.gun85', 'thapa1s', None, 'guilherme.faveri']",26,"['carlosg', 'myrakis', 'xiaohongshan', 'panser', 'fkal0930', 'jaisawant309', 'matthewa81013', 's740114', 'shaunzac', 'berktu', 'hannekehoogerheide', 'rosa1874', 'thapa1s', 'pyro', None, 'guilherme.faveri', 'mingxialian', 'furkan0636', 'yqwuly', 'patrijordy', 'ahmetkayapinar', 'bloodknight26', 'gabrielgrime', 'aforanurag99', 'anil.gun85', 'immanuelwilliams']"
78,283,10,15,1,['fkal0930'],8,"['carlosg', 'matthewa81013', 'patrijordy', 's740114', 'gabrielgrime', 'rosa1874', 'pyro', 'immanuelwilliams']",14,"['mkkm95', 'skscjsdl', 'johyunjung', None, 'whtyd03', 'wlsgh9838', 'whtyd35', 'jnana2k', 'jungyuya', 'akj01130', 'parkhyo864', 'yhloveall1', 'kimsoyoung', 'mad.4101']",23,"['carlosg', 'skscjsdl', 'fkal0930', 'wlsgh9838', 'whtyd35', 'matthewa81013', 's740114', 'jungyuya', 'rosa1874', 'kimsoyoung', 'pyro', 'mad.4101', None, 'mkkm95', 'johyunjung', 'whtyd03', 'jnana2k', 'patrijordy', 'akj01130', 'parkhyo864', 'yhloveall1', 'gabrielgrime', 'immanuelwilliams']"
78,16,10,14,1,['pyro'],8,"['carlosg', 'fkal0930', 'matthewa81013', 'patrijordy', 's740114', 'gabrielgrime', 'rosa1874', 'immanuelwilliams']",13,"['praetor', 'alex.aglietta', 'caprarilorenzo', 'davidjame1', 'michaelcapo', 'giovanni.braglia97', 'lucaselmi', 'mato96', 'gammaaaa1996', 'bergamini.francesco95', 'corradini_allison', 'daniele.sonaglia', None]",22,"['carlosg', 'alex.aglietta', 'michaelcapo', 'fkal0930', 'matthewa81013', 's740114', 'gammaaaa1996', 'rosa1874', 'corradini_allison', 'praetor', 'pyro', None, 'caprarilorenzo', 'davidjame1', 'patrijordy', 'giovanni.braglia97', 'lucaselmi', 'gabrielgrime', 'mato96', 'bergamini.francesco95', 'daniele.sonaglia', 'immanuelwilliams']"
78,280,10,14,1,['immanuelwilliams'],8,"['carlosg', 'fkal0930', 'matthewa81013', 'patrijordy', 's740114', 'gabrielgrime', 'rosa1874', 'pyro']",13,"['amolgirishshah', 'archishman.saha', 'abhi9385', 'anuranandas', 'aforanurag99', 'harleen.shrivs', 'shaunaknatarajan', 'hituldesai03', 'jainsamar398', 'janeelpatel', None, 'advaitkumar3107', 'ritwikkhandelwal09']",22,"['carlosg', 'archishman.saha', 'fkal0930', 'matthewa81013', 's740114', 'shaunaknatarajan', 'jainsamar398', 'rosa1874', 'janeelpatel', 'pyro', 'advaitkumar3107', None, 'ritwikkhandelwal09', 'amolgirishshah', 'abhi9385', 'anuranandas', 'patrijordy', 'harleen.shrivs', 'hituldesai03', 'gabrielgrime', 'aforanurag99', 'immanuelwilliams']"
78,13,10,8,3,"['gabrielgrime', 'patrijordy', 'rosa1874']",6,"['carlosg', 'fkal0930', 'matthewa81013', 's740114', 'pyro', 'immanuelwilliams']",5,"[None, 'arthuralbertonlenzi', 'deividfariadesouza', 'kessiagmacedo', 'sarah.helem.tsc']",14,"['carlosg', 'fkal0930', 'arthuralbertonlenzi', 'matthewa81013', 'patrijordy', 's740114', 'deividfariadesouza', 'sarah.helem.tsc', 'gabrielgrime', 'kessiagmacedo', 'rosa1874', 'pyro', None, 'immanuelwilliams']"
78,14,10,6,2,"['carlosg', 'matthewa81013']",7,"['fkal0930', 's740114', 'patrijordy', 'gabrielgrime', 'rosa1874', 'pyro', 'immanuelwilliams']",4,"['lobwedge', 'jwest12197', 'cameron.armand', None]",13,"['carlosg', 'fkal0930', 'lobwedge', 'jwest12197', 'matthewa81013', 'patrijordy', 's740114', 'cameron.armand', 'gabrielgrime', 'rosa1874', 'pyro', None, 'immanuelwilliams']"
79,197,9,31,2,"['snigdhavajhala', 'manjari.bisht']",6,"['jsamawi123', 'noelesqueda313', 'manjuss11', 'nanohub98', 'agnessanjana', 'pmi2017002']",29,"['eeshwar', 'karthikakarumudi18', 'tammarishitha', 'sasidhar.18bec7112', 'd.panda.2016', 'sreelekha.c', 'kshitij.nair', 'justinabraham1999', 'madavarapurithika', 'samuelabhinav', 'devividhyaa', 'bharat.18bce7052', 'saitejapilutla', 'aditya.18bes7019', 'panduranga.18bev7005', 'meghana_meda', 'pujitha.pinninti', None, 'praveen.18bce7262_', 'harikiranreddy', 'arshine.18bev7025', 'shashaank.ramesh', 'vanitha2308', 'adarsha186', 'siddhartha.18bce7112', 'sunilkumarsivva789', 'kapugantirakesh123', 'maheshmannava16', 'saiteja1']",37,"['jsamawi123', 'eeshwar', 'karthikakarumudi18', 'tammarishitha', 'noelesqueda313', 'sasidhar.18bec7112', 'd.panda.2016', 'nanohub98', 'sreelekha.c', 'manjari.bisht', 'kshitij.nair', 'justinabraham1999', 'manjuss11', 'madavarapurithika', 'agnessanjana', 'samuelabhinav', 'devividhyaa', 'bharat.18bce7052', 'saitejapilutla', 'aditya.18bes7019', 'panduranga.18bev7005', 'meghana_meda', 'maheshmannava16', 'pujitha.pinninti', None, 'praveen.18bce7262_', 'harikiranreddy', 'arshine.18bev7025', 'shashaank.ramesh', 'vanitha2308', 'adarsha186', 'siddhartha.18bce7112', 'sunilkumarsivva789', 'snigdhavajhala', 'kapugantirakesh123', 'pmi2017002', 'saiteja1']"
80,122,9,8,7,"['julianilamo', 'samks', 'mariacamila03', 'linacobo0311', 'cristiancruz1', 'agranobles7319', 'ricastro272']",1,['janmejaya'],1,[None],9,"['julianilamo', 'samks', 'janmejaya', 'mariacamila03', 'linacobo0311', 'agranobles7319', 'cristiancruz1', None, 'ricastro272']"
81,65,9,27,5,"['steveliu', 'ne471', 'rupnowconnor', 'jamest.oswald', 'iemawesum']",3,"['juliochacon', 'jayanthrt', 'namanish27']",22,"['urmom', 'wasdcam', 'mr2johns', 'adrianusmatthew97', 'jbornath', 'mattpley', 'nnjeorje', 'albiechan97', 'fezzahaider', 'jacob.y.n', 'jeffreydeon', 'aalofi', 'whitbeck.alex1', 'haritosh21', 'kylenano', 'smbannon', 'pjvannoo', None, 'ahmad.lakhani79', 'khedges', 'daidkk', 'junaidas97']",30,"['wasdcam', 'urmom', 'mr2johns', 'jayanthrt', 'adrianusmatthew97', 'jbornath', 'mattpley', 'nnjeorje', 'albiechan97', 'ne471', 'fezzahaider', 'namanish27', 'jacob.y.n', 'jeffreydeon', 'aalofi', 'steveliu', 'whitbeck.alex1', 'haritosh21', 'kylenano', 'smbannon', 'rupnowconnor', 'pjvannoo', None, 'iemawesum', 'juliochacon', 'ahmad.lakhani79', 'khedges', 'daidkk', 'junaidas97', 'jamest.oswald']"
81,66,9,6,1,['namanish27'],7,"['juliochacon', 'steveliu', 'ne471', 'jayanthrt', 'rupnowconnor', 'jamest.oswald', 'iemawesum']",5,"['mchaffiedaniel', 'tej3msharma', 'ppearson', 'jaredsisler', None]",13,"['mchaffiedaniel', 'juliochacon', 'steveliu', 'ne471', 'jayanthrt', 'namanish27', 'ppearson', 'jaredsisler', 'rupnowconnor', 'jamest.oswald', 'tej3msharma', None, 'iemawesum']"
84,237,9,39,3,"['joshwilkinson0', 'lauren.mcnevin', 'mattscott2468']",5,"['c19j15', 'alexander.dren36', 'goodhero208', 'simone.caputo', 'serikoz12345']",36,"['maddylarke', 'adamshepp', 'navpreetd810', 'shemsar', 'suzanacristea675', 'hnnhalmu', 'thanosz99', 'qa017983', 'alexandra.ballestero', 'sebastianrylatt', 'laurenkjarvis', 'hugogoulden', 'powellowainneil', 'matthewbaker', 'misty07abc', 'alexbrown2', 'boothsa98', 'threeemcee', 'nikolas', 'dgvega', 'xl006011', 'sophiafrancis99', 'chemclasslab2', 'megr2.11', 'lhousley123', 'euancarroll', 'haleemahsadiahk', 'laurieneasham1', 'tomgoodman', None, 'angrysaz', 'jm99', 'suzanacristea01', 'will1499', 'hugo.goulden', 'hxllywilson']",44,"['c19j15', 'maddylarke', 'adamshepp', 'navpreetd810', 'joshwilkinson0', 'shemsar', 'suzanacristea675', 'hnnhalmu', 'thanosz99', 'mattscott2468', 'qa017983', 'alexandra.ballestero', 'sebastianrylatt', 'laurenkjarvis', 'hugogoulden', 'powellowainneil', 'matthewbaker', 'misty07abc', 'alexbrown2', 'boothsa98', 'threeemcee', 'nikolas', 'dgvega', 'xl006011', 'sophiafrancis99', 'chemclasslab2', 'goodhero208', 'megr2.11', 'lhousley123', 'euancarroll', 'haleemahsadiahk', 'laurieneasham1', 'simone.caputo', 'tomgoodman', None, 'serikoz12345', 'angrysaz', 'jm99', 'lauren.mcnevin', 'alexander.dren36', 'suzanacristea01', 'will1499', 'hugo.goulden', 'hxllywilson']"
84,229,9,9,3,"['alexander.dren36', 'serikoz12345', 'goodhero208']",5,"['c19j15', 'lauren.mcnevin', 'joshwilkinson0', 'simone.caputo', 'mattscott2468']",6,"['matveykylak', 'senjkaa97', 'so1omon', '1621150lexa', None, 'savelishaban11']",14,"['savelishaban11', 'c19j15', 'matveykylak', 'lauren.mcnevin', 'senjkaa97', 'alexander.dren36', 'so1omon', '1621150lexa', 'goodhero208', 'joshwilkinson0', 'simone.caputo', None, 'serikoz12345', 'mattscott2468']"
84,238,9,8,2,"['alexander.dren36', 'serikoz12345']",6,"['c19j15', 'lauren.mcnevin', 'goodhero208', 'joshwilkinson0', 'simone.caputo', 'mattscott2468']",6,"['matveykylak', 'senjkaa97', 'so1omon', '1621150lexa', None, 'savelishaban11']",14,"['savelishaban11', 'c19j15', 'matveykylak', 'lauren.mcnevin', 'senjkaa97', 'alexander.dren36', 'so1omon', '1621150lexa', 'goodhero208', 'joshwilkinson0', 'simone.caputo', None, 'serikoz12345', 'mattscott2468']"
87,65,8,27,6,"['khedges', 'urmom', 'mr2johns', 'kylenano', 'jacob.y.n', 'pjvannoo']",1,['joelpenn96'],21,"['wasdcam', 'adrianusmatthew97', 'jbornath', 'mattpley', 'nnjeorje', 'albiechan97', 'ne471', 'fezzahaider', 'jeffreydeon', 'aalofi', 'steveliu', 'whitbeck.alex1', 'haritosh21', 'smbannon', 'rupnowconnor', None, 'iemawesum', 'ahmad.lakhani79', 'daidkk', 'junaidas97', 'jamest.oswald']",28,"['joelpenn96', 'urmom', 'wasdcam', 'mr2johns', 'adrianusmatthew97', 'jbornath', 'mattpley', 'nnjeorje', 'albiechan97', 'ne471', 'fezzahaider', 'jacob.y.n', 'jeffreydeon', 'aalofi', 'steveliu', 'whitbeck.alex1', 'haritosh21', 'kylenano', 'smbannon', 'rupnowconnor', 'pjvannoo', None, 'iemawesum', 'ahmad.lakhani79', 'khedges', 'daidkk', 'junaidas97', 'jamest.oswald']"
87,335,8,12,6,"['joelpenn96', 'urmom', 'khedges', 'mr2johns', 'jacob.y.n', 'pjvannoo']",1,['kylenano'],6,"['whitbeck.alex1', 'jbornath', 'geoffreysiow', 'lwiersma', 'junaidas97', None]",13,"['joelpenn96', 'urmom', 'whitbeck.alex1', 'mr2johns', 'geoffreysiow', 'kylenano', 'jbornath', 'pjvannoo', None, 'khedges', 'jacob.y.n', 'lwiersma', 'junaidas97']"
87,334,8,6,4,"['kylenano', 'joelpenn96', 'jacob.y.n', 'khedges']",3,"['mr2johns', 'pjvannoo', 'urmom']",2,"['junaidas97', None]",9,"['joelpenn96', 'urmom', 'khedges', 'mr2johns', 'kylenano', 'jacob.y.n', 'junaidas97', 'pjvannoo', None]"
89,43,8,16,5,"['harinadh3108', 'ponnasasikumar379', 'alaikvenumadhav', 'mounishroyal6868', 'phaniramaraju7']",2,"['tejeshnaik2000', 'saiviswa9595']",11,"['hareesh.audireddy', 'lokeshnaidu097098', 'msnreddy7093', 'reddyvenkateswara02', 'harinadhreddy', 'sreenadh', 'abburisrihari8', 'udaykiranaliveli8', 'rajareddyinduri', None, 'dineshdaringbolt1234']",18,"['hareesh.audireddy', 'lokeshnaidu097098', 'msnreddy7093', 'tejeshnaik2000', 'harinadhreddy', 'alaikvenumadhav', 'mounishroyal6868', 'abburisrihari8', 'udaykiranaliveli8', None, 'dineshdaringbolt1234', 'phaniramaraju7', 'harinadh3108', 'ponnasasikumar379', 'reddyvenkateswara02', 'sreenadh', 'saiviswa9595', 'rajareddyinduri']"
89,349,8,14,4,"['alaikvenumadhav', 'mounishroyal6868', 'harinadh3108', 'saiviswa9595']",3,"['tejeshnaik2000', 'phaniramaraju7', 'ponnasasikumar379']",10,"['maheshmahi68709', 'dmvmani46', 'msnreddy7093', 'reddyvenkateswara02', 'karthikreddy1807', 'charantejagunji', 'udaykiranaliveli8', 'sasikumart73', None, 'dineshdaringbolt1234']",17,"['msnreddy7093', 'tejeshnaik2000', 'karthikreddy1807', 'alaikvenumadhav', 'mounishroyal6868', 'udaykiranaliveli8', None, 'dineshdaringbolt1234', 'phaniramaraju7', 'maheshmahi68709', 'harinadh3108', 'ponnasasikumar379', 'reddyvenkateswara02', 'dmvmani46', 'charantejagunji', 'saiviswa9595', 'sasikumart73']"
89,45,8,13,4,"['alaikvenumadhav', 'phaniramaraju7', 'ponnasasikumar379', 'saiviswa9595']",3,"['tejeshnaik2000', 'mounishroyal6868', 'harinadh3108']",9,"['hareesh.audireddy', 'lokeshnaidu097098', 'harinadhreddy', 'sreenadh', 'karthikreddy1807', 'abburisrihari8', 'charantejagunji', 'sasikumart73', None]",16,"['hareesh.audireddy', 'lokeshnaidu097098', 'tejeshnaik2000', 'harinadhreddy', 'karthikreddy1807', 'alaikvenumadhav', 'mounishroyal6868', 'abburisrihari8', None, 'phaniramaraju7', 'harinadh3108', 'ponnasasikumar379', 'sreenadh', 'charantejagunji', 'saiviswa9595', 'sasikumart73']"
89,206,8,13,5,"['harinadh3108', 'ponnasasikumar379', 'alaikvenumadhav', 'mounishroyal6868', 'saiviswa9595']",2,"['tejeshnaik2000', 'phaniramaraju7']",8,"['msnreddy7093', 'reddyvenkateswara02', 'karthikreddy1807', 'saikiran9546', 'udaykiranaliveli8', 'sasikumart73', None, 'rajareddyinduri']",15,"['msnreddy7093', 'tejeshnaik2000', 'karthikreddy1807', 'alaikvenumadhav', 'mounishroyal6868', 'saikiran9546', 'udaykiranaliveli8', None, 'phaniramaraju7', 'rajareddyinduri', 'harinadh3108', 'ponnasasikumar379', 'reddyvenkateswara02', 'saiviswa9595', 'sasikumart73']"
89,320,8,11,2,"['alaikvenumadhav', 'saiviswa9595']",5,"['harinadh3108', 'ponnasasikumar379', 'tejeshnaik2000', 'mounishroyal6868', 'phaniramaraju7']",9,"['maheshmahi68709', 'dmvmani46', 'msnreddy7093', 'reddyvenkateswara02', 'charantejagunji', 'udaykiranaliveli8', 'rajareddyinduri', None, 'dineshdaringbolt1234']",16,"['msnreddy7093', 'tejeshnaik2000', 'alaikvenumadhav', 'mounishroyal6868', 'udaykiranaliveli8', None, 'dineshdaringbolt1234', 'phaniramaraju7', 'maheshmahi68709', 'harinadh3108', 'ponnasasikumar379', 'dmvmani46', 'reddyvenkateswara02', 'charantejagunji', 'saiviswa9595', 'rajareddyinduri']"
89,42,8,7,1,['phaniramaraju7'],6,"['harinadh3108', 'ponnasasikumar379', 'tejeshnaik2000', 'alaikvenumadhav', 'mounishroyal6868', 'saiviswa9595']",6,"['hareesh.audireddy', 'lokeshnaidu097098', 'harinadhreddy', 'sugansugumar55', 'sreenadh', None]",13,"['hareesh.audireddy', 'lokeshnaidu097098', 'harinadh3108', 'ponnasasikumar379', 'tejeshnaik2000', 'harinadhreddy', 'sreenadh', 'sugansugumar55', 'alaikvenumadhav', 'mounishroyal6868', 'saiviswa9595', None, 'phaniramaraju7']"
89,46,8,7,3,"['harinadh3108', 'phaniramaraju7', 'saiviswa9595']",4,"['tejeshnaik2000', 'alaikvenumadhav', 'mounishroyal6868', 'ponnasasikumar379']",4,"['manugondamanoj.11', None, 'lokeshnaidu097098', 'sreenadh']",11,"['lokeshnaidu097098', 'harinadh3108', 'ponnasasikumar379', 'tejeshnaik2000', 'sreenadh', 'alaikvenumadhav', 'mounishroyal6868', 'manugondamanoj.11', 'saiviswa9595', None, 'phaniramaraju7']"
89,207,8,6,2,"['phaniramaraju7', 'saiviswa9595']",5,"['harinadh3108', 'ponnasasikumar379', 'tejeshnaik2000', 'alaikvenumadhav', 'mounishroyal6868']",4,"['manugondamanoj.11', None, 'lokeshnaidu097098', 'sreenadh']",11,"['lokeshnaidu097098', 'harinadh3108', 'ponnasasikumar379', 'tejeshnaik2000', 'sreenadh', 'alaikvenumadhav', 'mounishroyal6868', 'manugondamanoj.11', 'saiviswa9595', None, 'phaniramaraju7']"
90,220,8,7,5,"['istiaquemahmud', 'smmehedi2014', 'dynastyfnb.adm', 'morsalinfardun', 'marine614']",2,"['kkkumarap', 'amitkumarsingh89']",2,"[None, 'darknoman']",9,"['istiaquemahmud', 'darknoman', 'kkkumarap', 'smmehedi2014', 'dynastyfnb.adm', 'morsalinfardun', 'amitkumarsingh89', None, 'marine614']"
91,54,8,8,7,"['gorka_toledo', 'cotrina12', 'josugarcia93', 'tubedrivenmachine', 'vog', 'ander', 'rubaseuskadi']",0,[],1,[None],8,"['gorka_toledo', None, 'cotrina12', 'josugarcia93', 'tubedrivenmachine', 'vog', 'ander', 'rubaseuskadi']"
91,156,8,8,7,"['gorka_toledo', 'cotrina12', 'josugarcia93', 'tubedrivenmachine', 'vog', 'ander', 'rubaseuskadi']",0,[],1,[None],8,"['gorka_toledo', None, 'cotrina12', 'josugarcia93', 'tubedrivenmachine', 'vog', 'ander', 'rubaseuskadi']"
92,127,8,17,6,"['ovidiu.ionut.stepan', 'mamg0796', 'albalopezespejo', 'juan.aparici.ji', 'fpdn', 'amedinarull']",1,['sopansarkar'],11,"['isiruiz93', 'peredroke9', 'duesod', 'elenaalvarezcastro', 'alexhiguera95', 'jmago', 'srdguezb', 'antoniocasm', 'deli', None, 'edufc14']",18,"['peredroke9', 'juan.aparici.ji', 'jmago', 'antoniocasm', 'deli', 'srdguezb', None, 'fpdn', 'amedinarull', 'isiruiz93', 'duesod', 'sopansarkar', 'ovidiu.ionut.stepan', 'mamg0796', 'elenaalvarezcastro', 'alexhiguera95', 'albalopezespejo', 'edufc14']"
93,66,8,6,3,"['mchaffiedaniel', 'jaredsisler', 'ppearson']",4,"['gbengaoshaks', 'varisettykalyanroyal', 'khalil.sayedakhmad', 'nathanzeeb']",3,"['tej3msharma', 'namanish27', None]",10,"['mchaffiedaniel', 'gbengaoshaks', 'khalil.sayedakhmad', 'tej3msharma', 'ppearson', 'varisettykalyanroyal', 'namanish27', 'nathanzeeb', 'jaredsisler', None]"
95,52,8,26,6,"['hmillman', 'yansijie5jimmy', 'tdryer', 'liviangels97', 'gkim50', 'zchen194']",1,['jctorre7'],20,"['jcpowel8', 'httran15', 'mgarber', 'vishaliitn', 'pgonza20', 'mgoryll', 'agardeck', 'jennifernavarrete49', 'sawadall', 'zirshovon', 'kthomass', 'mfelixca', 'dbsmit12', None, 'jarmatag', 'wilford938', 'kwang118', 'zhizhouh', 'jzilberm', 'aarabit']",27,"['jcpowel8', 'httran15', 'mgarber', 'vishaliitn', 'pgonza20', 'mgoryll', 'agardeck', 'jennifernavarrete49', 'sawadall', 'gkim50', 'jctorre7', 'zirshovon', 'kthomass', 'mfelixca', 'yansijie5jimmy', 'dbsmit12', 'zchen194', None, 'jarmatag', 'hmillman', 'wilford938', 'tdryer', 'kwang118', 'zhizhouh', 'liviangels97', 'jzilberm', 'aarabit']"
95,247,8,14,2,"['hmillman', 'liviangels97']",5,"['yansijie5jimmy', 'tdryer', 'gkim50', 'zchen194', 'jctorre7']",12,"[None, 'vasileska', 'ziyiwang', 'jornela1', 'vishaliitn', 'mnandy', 'ktank1', 'kompraka', 'cjsmit48', 'hchen170', 'mtseng2', 'abdul529']",19,"['yansijie5jimmy', 'vishaliitn', 'mnandy', 'ktank1', 'kompraka', 'zchen194', None, 'abdul529', 'hmillman', 'tdryer', 'vasileska', 'ziyiwang', 'jornela1', 'liviangels97', 'gkim50', 'jctorre7', 'cjsmit48', 'hchen170', 'mtseng2']"
95,55,8,10,2,"['zchen194', 'gkim50']",5,"['hmillman', 'yansijie5jimmy', 'tdryer', 'liviangels97', 'jctorre7']",8,"['wilford938', 'httran15', 'dbsmit12', 'vkumar21', 'zhizhouh', 'krkjerst', 'jzilberm', None]",15,"['yansijie5jimmy', 'httran15', 'dbsmit12', 'zchen194', None, 'wilford938', 'hmillman', 'tdryer', 'vkumar21', 'zhizhouh', 'liviangels97', 'krkjerst', 'gkim50', 'jctorre7', 'jzilberm']"
95,249,8,9,3,"['liviangels97', 'yansijie5jimmy', 'tdryer']",4,"['hmillman', 'zchen194', 'jctorre7', 'gkim50']",6,"[None, 'agardeck', 'vkumar21', 'vishaliitn', 'cjsmit48', 'aarabit']",13,"['yansijie5jimmy', 'vishaliitn', 'zchen194', None, 'hmillman', 'tdryer', 'agardeck', 'vkumar21', 'liviangels97', 'gkim50', 'jctorre7', 'cjsmit48', 'aarabit']"
97,102,7,11,6,"['kweeni', 'anaskh92', 'prczhangqian', 'salim.thomas', 'wxq933', 'kevingima']",0,[],5,"['mahmud.sefannaser', 'mohawk.damian', 'kvandonselaar89', 'prravi12', None]",11,"['mahmud.sefannaser', 'wxq933', None, 'kweeni', 'prczhangqian', 'anaskh92', 'salim.thomas', 'mohawk.damian', 'kvandonselaar89', 'prravi12', 'kevingima']"
97,71,7,9,6,"['kweeni', 'anaskh92', 'prczhangqian', 'salim.thomas', 'wxq933', 'kevingima']",0,[],3,"['mahmud.sefannaser', 'kvandonselaar89', None]",9,"['kweeni', 'prczhangqian', 'anaskh92', 'salim.thomas', 'mahmud.sefannaser', 'wxq933', 'kvandonselaar89', None, 'kevingima']"
98,75,7,8,5,"['fabricepiazza', 'sduvall', 'neelgiri', 'rauchettl', 'tiku']",1,['chen658'],3,"[None, 'alegucu', 't_shamsi']",9,"['alegucu', 'fabricepiazza', 't_shamsi', 'sduvall', 'neelgiri', 'chen658', 'rauchettl', None, 'tiku']"
99,52,7,26,4,"['wilford938', 'pgonza20', 'sawadall', 'httran15']",2,"['tblundo', 'loftybeef']",22,"['jcpowel8', 'mgarber', 'vishaliitn', 'mgoryll', 'agardeck', 'jennifernavarrete49', 'gkim50', 'zirshovon', 'kthomass', 'mfelixca', 'yansijie5jimmy', 'dbsmit12', 'zchen194', None, 'jarmatag', 'hmillman', 'tdryer', 'kwang118', 'zhizhouh', 'liviangels97', 'jzilberm', 'aarabit']",28,"['jcpowel8', 'httran15', 'mgarber', 'vishaliitn', 'pgonza20', 'tblundo', 'mgoryll', 'agardeck', 'jennifernavarrete49', 'sawadall', 'gkim50', 'zirshovon', 'kthomass', 'mfelixca', 'yansijie5jimmy', 'dbsmit12', 'loftybeef', 'zchen194', None, 'wilford938', 'jarmatag', 'hmillman', 'tdryer', 'kwang118', 'zhizhouh', 'liviangels97', 'jzilberm', 'aarabit']"
99,55,7,10,2,"['wilford938', 'httran15']",4,"['tblundo', 'pgonza20', 'sawadall', 'loftybeef']",8,"['dbsmit12', 'vkumar21', 'zhizhouh', 'krkjerst', 'gkim50', 'zchen194', 'jzilberm', None]",14,"['httran15', 'dbsmit12', 'pgonza20', 'loftybeef', 'zchen194', 'tblundo', None, 'wilford938', 'vkumar21', 'zhizhouh', 'sawadall', 'krkjerst', 'gkim50', 'jzilberm']"
100,121,7,8,6,"['alekseiangell', 'chathanat.simran', 'lauren726101', 'nat', 'heemalparimoo', 'gjanewang']",0,[],2,"['henhaocang', None]",8,"[None, 'alekseiangell', 'chathanat.simran', 'lauren726101', 'nat', 'henhaocang', 'heemalparimoo', 'gjanewang']"
100,119,7,7,6,"['alekseiangell', 'chathanat.simran', 'lauren726101', 'nat', 'heemalparimoo', 'gjanewang']",0,[],1,[None],7,"[None, 'alekseiangell', 'chathanat.simran', 'lauren726101', 'nat', 'heemalparimoo', 'gjanewang']"
101,5,7,7,4,"['samprity', 'robinsonjt2', 'kuleffd', 'millerkd3']",2,"['sojibma', 'ballar']",3,"['demtn', None, 'walshj2']",9,"['ballar', 'robinsonjt2', 'kuleffd', 'sojibma', 'walshj2', 'demtn', 'millerkd3', None, 'samprity']"
102,262,7,72,3,"['mamonarao01', 'mustafaarif12330', 'muhammadwasiqpervez']",3,"['aliirtaza98', 'm.dawson', 'bhaifaiz77']",69,"['sufzpq', 'zahidashahab20', 'zaheramusvi65', 'hamna.ndm97akbar', 'farzanashuja', 'remshaaa5', 'moonasayal', 'ibeeey.a', 'hareem.ahsan98', 'ifrahfatimi1397', 'bilalshakeel626', 'ateefasiddiqui', 'shaheershaikh79', 'nadiasiddeque8139', 'bismaraoluqman', 'mariamamin123', 'minhalrizvi98', 'fareha.saleem', 'mariumahmad24', 'zainabnazeer456', 'amnaiqbal400', 'rubarasheed5678', 'rameennisar1997', 'kausarsaleem65', 'sabaq165', 'muhammadzahid2198', 'zartab001', 'farahperveen72', 'bushradayo', 'aminahfatimah98', 'kashasan15', 'amnaimran361', 'hadiqanaqvi144_20', 'samiyajabbar', 'halamasood27', 'ummulwara321', 'ilsa.khalid', 'moizraza10', 'hamnakhan', 'aqsaqasim10', 'ashna', 'shehzu94', 'muhammadahmer36', 'hassanta.asgharmughal', 'saleem_008', 'el16009', 'syed.haziq40', 'ayeshajml4', 'hakeemorangzeb710', 'pankajjagani2', 'iqra.javed1591997', 'talatbng945', 'aneeqarafique20', 'sheebaishtiaque.102', 'tahirafatima1998', 'saqib123', 'marwam.asghar', 'azf912', 'hamza.aslam3904', None, 'afifaaziz7', 'shaherbanofatima', 'saqibkamal', 'shehzad_ahmed10', 'rahimakauser', 'hareemmustafa', 'waleedkhalid924', 'areeba_khan', 'misha.arif']",75,"['sufzpq', 'aliirtaza98', 'zahidashahab20', 'zaheramusvi65', 'hamna.ndm97akbar', 'farzanashuja', 'remshaaa5', 'moonasayal', 'ibeeey.a', 'hareem.ahsan98', 'ifrahfatimi1397', 'bilalshakeel626', 'ateefasiddiqui', 'm.dawson', 'shaheershaikh79', 'nadiasiddeque8139', 'bismaraoluqman', 'mariamamin123', 'minhalrizvi98', 'fareha.saleem', 'mariumahmad24', 'bhaifaiz77', 'zainabnazeer456', 'amnaiqbal400', 'rubarasheed5678', 'rameennisar1997', 'kausarsaleem65', 'sabaq165', 'muhammadzahid2198', 'zartab001', 'farahperveen72', 'bushradayo', 'aminahfatimah98', 'kashasan15', 'amnaimran361', 'hadiqanaqvi144_20', 'samiyajabbar', 'halamasood27', 'ummulwara321', 'ilsa.khalid', 'moizraza10', 'hamnakhan', 'aqsaqasim10', 'ashna', 'shehzu94', 'muhammadahmer36', 'hassanta.asgharmughal', 'saleem_008', 'el16009', 'syed.haziq40', 'ayeshajml4', 'hakeemorangzeb710', 'pankajjagani2', 'iqra.javed1591997', 'talatbng945', 'aneeqarafique20', 'sheebaishtiaque.102', 'tahirafatima1998', 'saqib123', 'marwam.asghar', 'azf912', 'hamza.aslam3904', 'mustafaarif12330', None, 'afifaaziz7', 'shaherbanofatima', 'saqibkamal', 'muhammadwasiqpervez', 'shehzad_ahmed10', 'rahimakauser', 'hareemmustafa', 'waleedkhalid924', 'mamonarao01', 'areeba_khan', 'misha.arif']"
102,339,7,51,6,"['aliirtaza98', 'm.dawson', 'bhaifaiz77', 'muhammadwasiqpervez', 'mustafaarif12330', 'mamonarao01']",0,[],45,"['saqlainsiddiqui40', 'farahkareem5', 'daanyaal', 's.m.bahazad', 'afnan.mazhar', 'remshaaa5', 'ibeeey.a', 'hnihallani75', 'moizhameed999', 'hareem.ahsan98', 'faizanalibugti', 'shabee066', 'bilalshakeel626', 'halamasood27', 'danish.dkkhalid', 'ilsa.khalid', 'hks122082', 'moizraza10', 'hariskshah', 'shaheershaikh79', 'muhammadahmer36', 'syed.haziq40', 'saleem_008', 'osamahkhan212', 'farhanthespy', 'minhalrizvi98', 'khurramahmed1997', 'hakeemorangzeb710', 'pankajjagani2', 'talatbng945', 'saqib123', 'owaisbukhari257', 'hamza.aslam3904', 'rameennisar1997', None, 'hamzaq44', 'sabaq165', 'syedzainrock8', 'shayanhassan52', 'habhutto2015', 'saqibkamal', 'shehzad_ahmed10', 'waleedkhalid924', 'rahimakauser', '2roshankhan6']",51,"['saqlainsiddiqui40', 'farahkareem5', 'daanyaal', 'aliirtaza98', 's.m.bahazad', 'afnan.mazhar', 'remshaaa5', 'ibeeey.a', 'hnihallani75', 'moizhameed999', 'hareem.ahsan98', 'faizanalibugti', 'shabee066', 'bilalshakeel626', 'halamasood27', 'danish.dkkhalid', 'ilsa.khalid', 'hks122082', 'moizraza10', 'hariskshah', 'm.dawson', 'shaheershaikh79', 'muhammadahmer36', 'syed.haziq40', 'saleem_008', 'osamahkhan212', 'farhanthespy', 'minhalrizvi98', 'khurramahmed1997', 'hakeemorangzeb710', 'pankajjagani2', 'talatbng945', 'saqib123', 'bhaifaiz77', 'owaisbukhari257', 'hamza.aslam3904', 'mustafaarif12330', 'rameennisar1997', None, 'hamzaq44', 'sabaq165', 'syedzainrock8', 'shayanhassan52', 'habhutto2015', 'saqibkamal', 'muhammadwasiqpervez', 'shehzad_ahmed10', 'rahimakauser', 'waleedkhalid924', 'mamonarao01', '2roshankhan6']"
102,72,7,45,6,"['aliirtaza98', 'm.dawson', 'bhaifaiz77', 'muhammadwasiqpervez', 'mustafaarif12330', 'mamonarao01']",0,[],39,"['daanyaal', 'farahkareem5', 'sharyar0014', 'm.naufil1', 'afnan.mazhar', 'remshaaa5', 'ibeeey.a', 'hnihallani75', 'moizhameed999', 'faizanalibugti', 'shabee066', 'bilalshakeel626', 'halamasood27', 'thebest7862', 'danish.dkkhalid', 'taqdeesm3', 'hariskshah', 'shehzu94', 'shaheershaikh79', 'saleem_008', 'farhanthespy', 'asad.h5659', 'minhalrizvi98', 'hakeemorangzeb710', 'pankajjagani2', 'talatbng945', 'ibrahimahmedmughal', 'hamza.aslam3904', 'rameennisar1997', None, 'hamzaq44', 'sabaq165', 'syedzainrock8', 'shayanhassan52', 'habhutto2015', 'shehzad_ahmed10', 'shayanali', 'hassananwer1010', '2roshankhan6']",45,"['daanyaal', 'farahkareem5', 'sharyar0014', 'aliirtaza98', 'm.naufil1', 'afnan.mazhar', 'remshaaa5', 'ibeeey.a', 'hnihallani75', 'moizhameed999', 'faizanalibugti', 'shabee066', 'bilalshakeel626', 'halamasood27', 'thebest7862', 'danish.dkkhalid', 'taqdeesm3', 'hariskshah', 'shehzu94', 'm.dawson', 'shaheershaikh79', 'saleem_008', 'farhanthespy', 'asad.h5659', 'minhalrizvi98', 'hakeemorangzeb710', 'pankajjagani2', 'talatbng945', 'bhaifaiz77', 'ibrahimahmedmughal', 'hamza.aslam3904', 'mustafaarif12330', 'rameennisar1997', None, 'hamzaq44', 'sabaq165', 'syedzainrock8', 'shayanhassan52', 'habhutto2015', 'shehzad_ahmed10', 'muhammadwasiqpervez', 'shayanali', 'hassananwer1010', 'mamonarao01', '2roshankhan6']"
102,125,7,44,6,"['aliirtaza98', 'm.dawson', 'bhaifaiz77', 'muhammadwasiqpervez', 'mustafaarif12330', 'mamonarao01']",0,[],38,"['daanyaal', 'farahkareem5', 'sharyar0014', 'm.naufil1', 's.m.bahazad', 'afnan.mazhar', 'remshaaa5', 'ibeeey.a', 'faizanalibugti', 'shabee066', 'bilalshakeel626', 'halamasood27', 'thebest7862', 'danish.dkkhalid', 'moizraza10', 'hks122082', 'taqdeesm3', 'muhammadahmer36', 'syed.haziq40', 'saleem_008', 'farhanthespy', 'asad.h5659', 'khurramahmed1997', 'hakeemorangzeb710', 'pankajjagani2', 'tahirafatima1998', 'saqib123', 'ibrahimahmedmughal', 'hamza.aslam3904', 'rameennisar1997', None, 'hamzaq44', 'sabaq165', 'syedzainrock8', 'habhutto2015', 'shehzad_ahmed10', 'hassananwer1010', 'waleedkhalid924']",44,"['daanyaal', 'farahkareem5', 'sharyar0014', 'aliirtaza98', 'm.naufil1', 's.m.bahazad', 'afnan.mazhar', 'remshaaa5', 'ibeeey.a', 'faizanalibugti', 'shabee066', 'bilalshakeel626', 'halamasood27', 'thebest7862', 'danish.dkkhalid', 'moizraza10', 'hks122082', 'taqdeesm3', 'm.dawson', 'muhammadahmer36', 'syed.haziq40', 'saleem_008', 'farhanthespy', 'asad.h5659', 'khurramahmed1997', 'hakeemorangzeb710', 'pankajjagani2', 'tahirafatima1998', 'saqib123', 'bhaifaiz77', 'ibrahimahmedmughal', 'hamza.aslam3904', 'mustafaarif12330', 'rameennisar1997', None, 'hamzaq44', 'sabaq165', 'syedzainrock8', 'habhutto2015', 'shehzad_ahmed10', 'muhammadwasiqpervez', 'hassananwer1010', 'waleedkhalid924', 'mamonarao01']"
102,104,7,36,1,['mustafaarif12330'],5,"['aliirtaza98', 'm.dawson', 'bhaifaiz77', 'muhammadwasiqpervez', 'mamonarao01']",35,"['hamna.ndm97akbar', 'amnaimran361', 'farzanashuja', 'afnan.mazhar', 'remshaaa5', 'ibeeey.a', 'hadiqanaqvi144_20', 'moizhameed999', 'ifrahfatimi1397', 'shabee066', 'bilalshakeel626', 'halamasood27', 'ummulwara321', 'ilsa.khalid', 'moizraza10', 'aqsaqasim10', 'hariskshah', 'shaheershaikh79', 'muhammadahmer36', 'syed.haziq40', 'hakeemorangzeb710', 'pankajjagani2', 'mariumahmad24', 'tahirafatima1998', 'saqib123', 'owaisbukhari257', 'hamza.aslam3904', 'rameennisar1997', None, 'afifaaziz7', 'syedzainrock8', 'shayanhassan52', 'shehzad_ahmed10', 'rahimakauser', 'misha.arif']",41,"['aliirtaza98', 'hamna.ndm97akbar', 'amnaimran361', 'farzanashuja', 'afnan.mazhar', 'remshaaa5', 'ibeeey.a', 'hadiqanaqvi144_20', 'moizhameed999', 'ifrahfatimi1397', 'shabee066', 'bilalshakeel626', 'halamasood27', 'ummulwara321', 'ilsa.khalid', 'moizraza10', 'aqsaqasim10', 'hariskshah', 'm.dawson', 'shaheershaikh79', 'muhammadahmer36', 'syed.haziq40', 'hakeemorangzeb710', 'pankajjagani2', 'mariumahmad24', 'tahirafatima1998', 'saqib123', 'bhaifaiz77', 'owaisbukhari257', 'hamza.aslam3904', 'mustafaarif12330', 'rameennisar1997', None, 'afifaaziz7', 'syedzainrock8', 'shayanhassan52', 'shehzad_ahmed10', 'muhammadwasiqpervez', 'rahimakauser', 'mamonarao01', 'misha.arif']"
102,261,7,32,5,"['aliirtaza98', 'm.dawson', 'mustafaarif12330', 'bhaifaiz77', 'mamonarao01']",1,['muhammadwasiqpervez'],27,"['bushradayo', 'aminahfatimah98', 'sufzpq', 'm.naufil1', 'hnihallani75', 'faizanalibugti', 'hareem.ahsan98', 'sanayaseen1997', 'halamasood27', 'ilsa.khalid', 'hks122082', 'aqsaqasim10', 'hariskshah', 'saleem_008', 'bismaraoluqman', 'minhalrizvi98', 'khurramahmed1997', 'zainabnazeer456', None, 'kausarsaleem65', 'shaherbanofatima', 'shayanhassan52', 'muhammadzahid2198', 'saqibkamal', 'shehzad_ahmed10', 'waleedkhalid924', 'areeba_khan']",33,"['bushradayo', 'aminahfatimah98', 'sufzpq', 'aliirtaza98', 'm.naufil1', 'hnihallani75', 'faizanalibugti', 'hareem.ahsan98', 'sanayaseen1997', 'halamasood27', 'ilsa.khalid', 'hks122082', 'aqsaqasim10', 'hariskshah', 'm.dawson', 'saleem_008', 'bismaraoluqman', 'minhalrizvi98', 'khurramahmed1997', 'bhaifaiz77', 'zainabnazeer456', 'mustafaarif12330', None, 'kausarsaleem65', 'shaherbanofatima', 'shayanhassan52', 'muhammadzahid2198', 'saqibkamal', 'muhammadwasiqpervez', 'shehzad_ahmed10', 'waleedkhalid924', 'mamonarao01', 'areeba_khan']"
104,309,7,7,6,"['abhipaswan24', 'sujit234', 'surajksharma7', 'sctsid98', 'moreaniket15', 'sonalchhapriya23']",0,[],1,[None],7,"[None, 'abhipaswan24', 'sujit234', 'surajksharma7', 'sctsid98', 'moreaniket15', 'sonalchhapriya23']"
105,262,7,72,5,"['ummulwara321', 'hamna.ndm97akbar', 'farzanashuja', 'hadiqanaqvi144_20', 'misha.arif']",1,['wafiaismail'],67,"['sufzpq', 'zahidashahab20', 'zaheramusvi65', 'remshaaa5', 'moonasayal', 'ibeeey.a', 'hareem.ahsan98', 'ifrahfatimi1397', 'bilalshakeel626', 'ateefasiddiqui', 'shaheershaikh79', 'nadiasiddeque8139', 'bismaraoluqman', 'mariamamin123', 'minhalrizvi98', 'fareha.saleem', 'mariumahmad24', 'zainabnazeer456', 'amnaiqbal400', 'rubarasheed5678', 'rameennisar1997', 'kausarsaleem65', 'sabaq165', 'muhammadzahid2198', 'zartab001', 'farahperveen72', 'bushradayo', 'aminahfatimah98', 'kashasan15', 'amnaimran361', 'samiyajabbar', 'halamasood27', 'ilsa.khalid', 'moizraza10', 'hamnakhan', 'aqsaqasim10', 'ashna', 'shehzu94', 'muhammadahmer36', 'hassanta.asgharmughal', 'saleem_008', 'el16009', 'syed.haziq40', 'ayeshajml4', 'hakeemorangzeb710', 'pankajjagani2', 'iqra.javed1591997', 'talatbng945', 'aneeqarafique20', 'sheebaishtiaque.102', 'tahirafatima1998', 'saqib123', 'marwam.asghar', 'azf912', 'hamza.aslam3904', 'mustafaarif12330', None, 'afifaaziz7', 'shaherbanofatima', 'saqibkamal', 'muhammadwasiqpervez', 'shehzad_ahmed10', 'rahimakauser', 'hareemmustafa', 'waleedkhalid924', 'mamonarao01', 'areeba_khan']",73,"['sufzpq', 'zahidashahab20', 'zaheramusvi65', 'hamna.ndm97akbar', 'farzanashuja', 'remshaaa5', 'moonasayal', 'ibeeey.a', 'hareem.ahsan98', 'ifrahfatimi1397', 'bilalshakeel626', 'ateefasiddiqui', 'shaheershaikh79', 'nadiasiddeque8139', 'bismaraoluqman', 'mariamamin123', 'minhalrizvi98', 'fareha.saleem', 'mariumahmad24', 'zainabnazeer456', 'amnaiqbal400', 'rubarasheed5678', 'rameennisar1997', 'kausarsaleem65', 'wafiaismail', 'sabaq165', 'muhammadzahid2198', 'zartab001', 'farahperveen72', 'bushradayo', 'aminahfatimah98', 'kashasan15', 'amnaimran361', 'hadiqanaqvi144_20', 'samiyajabbar', 'halamasood27', 'ummulwara321', 'ilsa.khalid', 'moizraza10', 'hamnakhan', 'aqsaqasim10', 'ashna', 'shehzu94', 'muhammadahmer36', 'hassanta.asgharmughal', 'saleem_008', 'el16009', 'syed.haziq40', 'ayeshajml4', 'hakeemorangzeb710', 'pankajjagani2', 'iqra.javed1591997', 'talatbng945', 'aneeqarafique20', 'sheebaishtiaque.102', 'tahirafatima1998', 'saqib123', 'marwam.asghar', 'azf912', 'hamza.aslam3904', 'mustafaarif12330', None, 'afifaaziz7', 'shaherbanofatima', 'saqibkamal', 'muhammadwasiqpervez', 'shehzad_ahmed10', 'rahimakauser', 'hareemmustafa', 'waleedkhalid924', 'mamonarao01', 'areeba_khan', 'misha.arif']"
105,104,7,36,5,"['ummulwara321', 'hamna.ndm97akbar', 'farzanashuja', 'hadiqanaqvi144_20', 'misha.arif']",1,['wafiaismail'],31,"['amnaimran361', 'afnan.mazhar', 'remshaaa5', 'ibeeey.a', 'moizhameed999', 'ifrahfatimi1397', 'shabee066', 'bilalshakeel626', 'halamasood27', 'ilsa.khalid', 'moizraza10', 'aqsaqasim10', 'hariskshah', 'shaheershaikh79', 'muhammadahmer36', 'syed.haziq40', 'hakeemorangzeb710', 'pankajjagani2', 'mariumahmad24', 'tahirafatima1998', 'saqib123', 'owaisbukhari257', 'hamza.aslam3904', 'rameennisar1997', 'mustafaarif12330', None, 'afifaaziz7', 'syedzainrock8', 'shayanhassan52', 'shehzad_ahmed10', 'rahimakauser']",37,"['hamna.ndm97akbar', 'farzanashuja', 'hadiqanaqvi144_20', 'amnaimran361', 'afnan.mazhar', 'remshaaa5', 'ibeeey.a', 'moizhameed999', 'ifrahfatimi1397', 'shabee066', 'bilalshakeel626', 'halamasood27', 'ummulwara321', 'ilsa.khalid', 'moizraza10', 'aqsaqasim10', 'hariskshah', 'shaheershaikh79', 'muhammadahmer36', 'syed.haziq40', 'hakeemorangzeb710', 'pankajjagani2', 'mariumahmad24', 'tahirafatima1998', 'saqib123', 'owaisbukhari257', 'hamza.aslam3904', 'rameennisar1997', 'mustafaarif12330', None, 'wafiaismail', 'afifaaziz7', 'syedzainrock8', 'shayanhassan52', 'shehzad_ahmed10', 'rahimakauser', 'misha.arif']"
106,147,7,11,6,"['mathilde.mougeot', 'vrivoire', 'motte', 'bouffandeau', 'etsn2019jg', 'lucasp']",0,[],5,"['jmaillet', 'totogaga90', 'cbgmilatom', 'cbrayer', None]",11,"['totogaga90', 'motte', 'jmaillet', 'lucasp', None, 'mathilde.mougeot', 'vrivoire', 'bouffandeau', 'etsn2019jg', 'cbgmilatom', 'cbrayer']"
106,356,7,7,6,"['mathilde.mougeot', 'vrivoire', 'motte', 'bouffandeau', 'etsn2019jg', 'lucasp']",0,[],1,[None],7,"['mathilde.mougeot', 'vrivoire', 'motte', 'bouffandeau', 'etsn2019jg', 'lucasp', None]"
108,247,7,14,4,"['mnandy', 'ziyiwang', 'kompraka', 'ktank1']",2,"['wmarsha2', 'tuongtieutu']",10,"['hmillman', None, 'vasileska', 'jornela1', 'vishaliitn', 'liviangels97', 'cjsmit48', 'hchen170', 'mtseng2', 'abdul529']",16,"['tuongtieutu', 'vishaliitn', 'wmarsha2', 'ktank1', 'mnandy', 'kompraka', None, 'abdul529', 'hmillman', 'ziyiwang', 'vasileska', 'jornela1', 'liviangels97', 'cjsmit48', 'hchen170', 'mtseng2']"
111,60,7,30,5,"['mr.ghost8124', 'sharadmane9185', 'nikitabhise38', 'kswarup23598', 'nikitamore932']",1,['suraj0707shelake'],25,"['punamdubal47707', 'omyachougale00', 'yogeshdange1004', 'rachanamane7447603186', 'aparajitakadam28', 'aishwaryapawar.nanotech', 'gauravnalkar08', 'shwetashthe', 'abhishekchavan111297', 'suchitrapatil0720', 'unvora216', 'harshal.kamble98', 'shrirangsatbhai', None, 'dhananjayraj', 'omikarvekar', 'pradnyasuryawanshi0607', 'yashchandak', 'sujeetp5555', 'vaibhavpatil4521', 'jineshchouhan7057', 'ajayavatare304', 'snehlatapatil1072000', 'manusha', 'shrutisalunkhe170']",31,"['punamdubal47707', 'omyachougale00', 'sharadmane9185', 'rachanamane7447603186', 'aparajitakadam28', 'aishwaryapawar.nanotech', 'gauravnalkar08', 'nikitamore932', 'suchitrapatil0720', 'dhananjayraj', 'omikarvekar', 'suraj0707shelake', 'mr.ghost8124', 'sujeetp5555', 'vaibhavpatil4521', 'snehlatapatil1072000', 'manusha', 'yogeshdange1004', 'nikitabhise38', 'shwetashthe', 'abhishekchavan111297', 'unvora216', 'harshal.kamble98', 'shrirangsatbhai', None, 'pradnyasuryawanshi0607', 'yashchandak', 'kswarup23598', 'jineshchouhan7057', 'ajayavatare304', 'shrutisalunkhe170']"
111,94,7,30,5,"['mr.ghost8124', 'sharadmane9185', 'nikitabhise38', 'kswarup23598', 'nikitamore932']",1,['suraj0707shelake'],25,"['punamdubal47707', 'yogeshdange1004', 'rachanamane7447603186', 'aparajitakadam28', 'aishwaryapawar.nanotech', 'powar.prajakta111', 'gauravnalkar08', 'shwetashthe', 'abhishekchavan111297', 'suchitrapatil0720', 'unvora216', 'harshal.kamble98', 'shrirangsatbhai', None, 'dhananjayraj', 'omikarvekar', 'pradnyasuryawanshi0607', 'yashchandak', 'sujeetp5555', 'vaibhavpatil4521', 'jineshchouhan7057', 'ajayavatare304', 'snehlatapatil1072000', 'manusha', 'shrutisalunkhe170']",31,"['punamdubal47707', 'sharadmane9185', 'rachanamane7447603186', 'aparajitakadam28', 'aishwaryapawar.nanotech', 'gauravnalkar08', 'nikitamore932', 'suchitrapatil0720', 'dhananjayraj', 'omikarvekar', 'suraj0707shelake', 'mr.ghost8124', 'sujeetp5555', 'vaibhavpatil4521', 'snehlatapatil1072000', 'manusha', 'yogeshdange1004', 'nikitabhise38', 'powar.prajakta111', 'shwetashthe', 'abhishekchavan111297', 'unvora216', 'harshal.kamble98', 'shrirangsatbhai', None, 'pradnyasuryawanshi0607', 'yashchandak', 'kswarup23598', 'jineshchouhan7057', 'ajayavatare304', 'shrutisalunkhe170']"
111,61,7,9,1,['suraj0707shelake'],5,"['mr.ghost8124', 'sharadmane9185', 'nikitabhise38', 'kswarup23598', 'nikitamore932']",8,"['punamdubal47707', 'mukulkamble1765', 'powar.prajakta111', 'sudhanshupkamble1999', 'snehlatapatil1072000', 'prasadtodakar', None, 'shrutisalunkhe170']",14,"['punamdubal47707', 'suraj0707shelake', 'mr.ghost8124', 'sharadmane9185', 'nikitabhise38', 'mukulkamble1765', 'powar.prajakta111', 'kswarup23598', 'sudhanshupkamble1999', 'snehlatapatil1072000', 'prasadtodakar', 'nikitamore932', None, 'shrutisalunkhe170']"
111,68,7,9,4,"['nikitabhise38', 'suraj0707shelake', 'kswarup23598', 'sharadmane9185']",2,"['mr.ghost8124', 'nikitamore932']",5,"['raavan', 'snehalavate3', None, 'rpm7722', 'omikarvekar']",11,"['suraj0707shelake', 'mr.ghost8124', 'sharadmane9185', 'nikitabhise38', 'kswarup23598', 'nikitamore932', 'snehalavate3', 'raavan', None, 'rpm7722', 'omikarvekar']"
111,69,7,8,1,['nikitamore932'],5,"['suraj0707shelake', 'mr.ghost8124', 'sharadmane9185', 'nikitabhise38', 'kswarup23598']",7,"['jineshchouhan9145', 'rpm7722', 'gauravnalkar08', None, 'shrutisalunkhe170', 'omikarvekar', 'ujmatamboli97']",13,"['suraj0707shelake', 'mr.ghost8124', 'jineshchouhan9145', 'sharadmane9185', 'nikitabhise38', 'rpm7722', 'kswarup23598', 'gauravnalkar08', 'nikitamore932', None, 'shrutisalunkhe170', 'omikarvekar', 'ujmatamboli97']"
111,95,7,6,2,"['nikitabhise38', 'suraj0707shelake']",4,"['mr.ghost8124', 'kswarup23598', 'nikitamore932', 'sharadmane9185']",4,"['snehalavate3', None, 'rpm7722', 'raavan']",10,"['suraj0707shelake', 'mr.ghost8124', 'sharadmane9185', 'nikitabhise38', 'kswarup23598', 'nikitamore932', 'snehalavate3', 'raavan', None, 'rpm7722']"
112,15,7,95,4,"['sgu20181540', 'sgu20151445', 'woduq6298', 'tlsroqkf2']",2,"['supreeth9', 'luzadanaque']",91,"['sgu20171498', 'sgu20141398', 'sgu20151432', 'sgu20181566', 'sgu20171538', 'sgu20181553', 'sgu20151482', 'sgu20181573', 'sgu20161477', 'sgu20131462', 'sgu20181564', 'sgu20151229', 'sgu20181495', 'sgu20171593', 'sgu20181572', 'sung145', 'sgu20181524', 'sgu20161517', 'sgu20151443', 'sgu20141444', 'sgu20181329', 'junshik5', 'sgu20151416', 'sgu20171495', 'lilbugs96', 'sgu20151448', 'sgu20161519', 'sgu20171515', 'sgu20141424', 'sgu20151496', 'sgu20141440', 'smallboy9', 'yosep', 'sgu20161449', 'sgu20161525', 'sgu20141475', 'sgu20141407', 'sgu20181485', 'sgu20141400', 'sgu20181569', 'sgu20181496', 'sgu20161448', 'sgu20151251', 'sgu20141490', 'sgu20181545', 'sgu20141466', 'sgu20161512', 'sgu120180364', 'sgu20131436', 'hoya981018', 'sgu20151411', 'sgu20161523', 'seungseung', 'parkinsu', 'sgu20161522', 'sgu20151429', 'sgu20151512', 'sgu20161466', 'sgu20151413', 'sgu20161540', 'sgu20151410', 'dndjun123', 'sgu20161511', 'sgu20161494', 'pij33278', 'sgu20161547', 'sgu20161485', 'sgu20161526', 'jihunpower', 'sgu20161528', 'sgu20151418', 'sgu20131449', 'sgu20181536', 'sgu20181501', 'sgu20161497', 'sgu20181520', None, 'sgu20161505', 'sgu20161507', 'sgu20181561', 'jin78919', 'sgu20171573', 'sgu20141830', 'sgu20151463', 'sgu20151461', 'sgu20151434', 'sgu20199029', 'sgu20161468', 'sgu20141341', 'sgu20161493', 'sgu20161481']",97,"['sgu20171498', 'sgu20141398', 'sgu20151432', 'sgu20181566', 'sgu20171538', 'sgu20181553', 'sgu20151482', 'sgu20181573', 'sgu20161477', 'sgu20131462', 'sgu20181564', 'sgu20151229', 'sgu20181495', 'sgu20171593', 'sgu20181572', 'sung145', 'sgu20181524', 'sgu20161517', 'luzadanaque', 'sgu20151443', 'sgu20141444', 'sgu20181540', 'sgu20181329', 'junshik5', 'sgu20151416', 'sgu20171495', 'lilbugs96', 'sgu20151448', 'sgu20161519', 'sgu20171515', 'sgu20141424', 'sgu20151496', 'sgu20141440', 'smallboy9', 'yosep', 'sgu20161449', 'sgu20161525', 'sgu20141475', 'sgu20141407', 'sgu20181485', 'sgu20141400', 'sgu20181569', 'sgu20181496', 'tlsroqkf2', 'sgu20161448', 'sgu20151251', 'sgu20141490', 'sgu20181545', 'sgu20141466', 'sgu20161512', 'sgu120180364', 'sgu20131436', 'hoya981018', 'sgu20151411', 'sgu20161523', 'supreeth9', 'seungseung', 'parkinsu', 'sgu20161522', 'sgu20151429', 'sgu20151512', 'sgu20161466', 'sgu20151413', 'sgu20161540', 'sgu20151410', 'dndjun123', 'sgu20161511', 'sgu20161494', 'pij33278', 'sgu20161547', 'sgu20161485', 'sgu20161526', 'woduq6298', 'jihunpower', 'sgu20161528', 'sgu20151418', 'sgu20131449', 'sgu20151445', 'sgu20181536', 'sgu20181501', 'sgu20161497', 'sgu20181520', None, 'sgu20161505', 'sgu20161507', 'sgu20181561', 'jin78919', 'sgu20171573', 'sgu20141830', 'sgu20151463', 'sgu20151461', 'sgu20151434', 'sgu20199029', 'sgu20161468', 'sgu20141341', 'sgu20161493', 'sgu20161481']"
112,285,7,68,1,['supreeth9'],5,"['sgu20181540', 'woduq6298', 'sgu20151445', 'luzadanaque', 'tlsroqkf2']",67,"['poco20102018', 'chiragmeena19', 'kartiknairvariar6', 'pranavpage33', 'nikhil10rai', 'jainsamar398', 'rishabhsureka123', 'prashilpatil99', 'reetmehta', 'durgeshahire15', 'ksb541', 'rishabh7755', 'gadhiayash', 'prashants31', 'devank', 'aforanurag99', 'dm932051', 'rohitrajwansi7', 'vrdmn7721', 'hiteshk_24', 'ayushdahale6277', 'janeelpatel', 'adilkhan', 'muktai2001', 'patururajesh91306', 'rajjatsoni801', 'harleen.shrivs', 'shreshtha.jbp2000', 'esha.kulawe', 'abk15062000', 'samyakshah21', 'awale.vinit', 'archishman.saha', 'uttam', 'gkumar946.gk', 'shaunzac', 'adbhut', 'pranav_706', 'shaunaknatarajan', 'vinaykmandia2000', 'daberaoviraj123', 'abhi9385', 'anuranandas', 'ashutoshranjan253', 'ujjwalkalra1969', 'kruthagnyamyana', 'bhavika', 'abhilaksh93', 'svhsai2000', 'priyankabagade96', 'hrishikesh', 'advaitkumar3107', 'ditisanghai', 'piyush36', 'adityaharakare1', 'vaibhav8nawal', '20anand.abhi', 'anushreesuhalka19', None, 'ritwikkhandelwal09', 'amolgirishshah', 'parthm1611', 'riyaaanchal', 'kinker', 'ruchir.2000', 'immanuelwilliams', 'kiragr1999']",73,"['poco20102018', 'chiragmeena19', 'kartiknairvariar6', 'pranavpage33', 'nikhil10rai', 'jainsamar398', 'rishabhsureka123', 'prashilpatil99', 'reetmehta', 'durgeshahire15', 'ksb541', 'rishabh7755', 'gadhiayash', 'prashants31', 'devank', 'luzadanaque', 'aforanurag99', 'sgu20181540', 'dm932051', 'rohitrajwansi7', 'vrdmn7721', 'hiteshk_24', 'ayushdahale6277', 'janeelpatel', 'adilkhan', 'muktai2001', 'patururajesh91306', 'rajjatsoni801', 'harleen.shrivs', 'shreshtha.jbp2000', 'esha.kulawe', 'tlsroqkf2', 'abk15062000', 'samyakshah21', 'awale.vinit', 'archishman.saha', 'uttam', 'gkumar946.gk', 'supreeth9', 'shaunzac', 'adbhut', 'pranav_706', 'shaunaknatarajan', 'vinaykmandia2000', 'daberaoviraj123', 'abhi9385', 'anuranandas', 'ashutoshranjan253', 'ujjwalkalra1969', 'kruthagnyamyana', 'bhavika', 'abhilaksh93', 'svhsai2000', 'priyankabagade96', 'hrishikesh', 'advaitkumar3107', 'ditisanghai', 'piyush36', 'woduq6298', 'adityaharakare1', 'vaibhav8nawal', '20anand.abhi', 'anushreesuhalka19', 'sgu20151445', None, 'ritwikkhandelwal09', 'amolgirishshah', 'parthm1611', 'riyaaanchal', 'kinker', 'ruchir.2000', 'immanuelwilliams', 'kiragr1999']"
112,255,7,26,1,['supreeth9'],5,"['sgu20181540', 'woduq6298', 'sgu20151445', 'luzadanaque', 'tlsroqkf2']",25,"['archishman.saha', 'jaisawant309', 'uttam', 'gkumar946.gk', 'shaunzac', 'pranav_706', 'prashilpatil99', 'durgeshahire15', 'ksb541', 'prashants31', 'abhilaksh93', 'priyankabagade96', 'kanabarmillen', 'rohitrajwansi7', '20anand.abhi', 'vrdmn7721', 'ayushdahale6277', None, 'muktai2001', 'patururajesh91306', 'chinmaybharti00', 'harleen.shrivs', 'esha.kulawe', 'abk15062000', 'immanuelwilliams']",31,"['archishman.saha', 'jaisawant309', 'gkumar946.gk', 'uttam', 'supreeth9', 'shaunzac', 'pranav_706', 'prashilpatil99', 'durgeshahire15', 'ksb541', 'prashants31', 'abhilaksh93', 'luzadanaque', 'priyankabagade96', 'sgu20181540', 'kanabarmillen', 'woduq6298', 'rohitrajwansi7', '20anand.abhi', 'vrdmn7721', 'ayushdahale6277', 'sgu20151445', None, 'muktai2001', 'patururajesh91306', 'chinmaybharti00', 'harleen.shrivs', 'esha.kulawe', 'tlsroqkf2', 'abk15062000', 'immanuelwilliams']"
112,256,7,22,4,"['sgu20181540', 'sgu20151445', 'woduq6298', 'tlsroqkf2']",2,"['supreeth9', 'luzadanaque']",18,"['sgu20171593', 'sgu20181329', 'sgu20171498', 'sgu20151496', 'sgu20141440', 'sgu20161528', 'sgu20151432', 'sgu20161466', 'sgu20151482', 'dndjun123', 'sgu20181485', 'sgu20181569', 'sgu20161497', 'sgu20181564', 'sgu20181572', 'sgu20181520', None, 'sgu20161505']",24,"['sgu20181540', 'sgu20181329', 'sgu20171498', 'woduq6298', 'sgu20161528', 'sgu20151432', 'sgu20151482', 'supreeth9', 'sgu20151445', 'sgu20161497', 'sgu20181564', 'sgu20151496', 'sgu20181520', None, 'sgu20161505', 'sgu20141440', 'sgu20171593', 'sgu20161466', 'dndjun123', 'sgu20181485', 'sgu20181569', 'luzadanaque', 'tlsroqkf2', 'sgu20181572']"
112,288,7,8,2,"['luzadanaque', 'tlsroqkf2']",4,"['sgu20181540', 'supreeth9', 'sgu20151445', 'woduq6298']",6,"[None, 'abdrmo', 'man.wheeler', 'lorenzomelotti', 'bedomostafa1', 'yasmine_adib']",12,"['sgu20181540', None, 'woduq6298', 'abdrmo', 'lorenzomelotti', 'man.wheeler', 'supreeth9', 'sgu20151445', 'luzadanaque', 'tlsroqkf2', 'bedomostafa1', 'yasmine_adib']"
112,289,7,6,1,['sgu20181540'],5,"['woduq6298', 'supreeth9', 'sgu20151445', 'luzadanaque', 'tlsroqkf2']",5,"['sgu20171498', 'jihunpower', 'sgu20151512', 'sgu20181524', None]",11,"['sgu20181540', 'sgu20171498', 'woduq6298', 'jihunpower', 'sgu20151512', 'sgu20181524', 'supreeth9', 'sgu20151445', 'luzadanaque', 'tlsroqkf2', None]"
114,183,7,7,5,"['shawonkhan337', 'tonmoy123', 'smjahid', 'nayeem627', 'fmfahad148']",1,['an2758'],2,"[None, 'eliasahmed197']",8,"['shawonkhan337', 'an2758', 'tonmoy123', 'eliasahmed197', 'smjahid', 'nayeem627', 'fmfahad148', None]"
115,52,7,26,3,"['mgarber', 'jennifernavarrete49', 'kwang118']",3,"['qshamsab', 'kfmelton', 'halifalibkr']",23,"['jcpowel8', 'httran15', 'vishaliitn', 'pgonza20', 'mgoryll', 'agardeck', 'sawadall', 'gkim50', 'zirshovon', 'kthomass', 'mfelixca', 'yansijie5jimmy', 'dbsmit12', 'zchen194', None, 'jarmatag', 'wilford938', 'hmillman', 'tdryer', 'zhizhouh', 'liviangels97', 'jzilberm', 'aarabit']",29,"['jcpowel8', 'httran15', 'mgarber', 'vishaliitn', 'pgonza20', 'halifalibkr', 'mgoryll', 'kfmelton', 'agardeck', 'jennifernavarrete49', 'sawadall', 'gkim50', 'zirshovon', 'kthomass', 'mfelixca', 'yansijie5jimmy', 'dbsmit12', 'zchen194', None, 'jarmatag', 'wilford938', 'hmillman', 'tdryer', 'kwang118', 'zhizhouh', 'liviangels97', 'jzilberm', 'qshamsab', 'aarabit']"
116,362,7,14,2,"['neharay125', 'davisprince2632']",4,"['waj1h', 'guilhermeazevedofis', 'joaovictorlemes3', 'defne.circi']",12,"['vikashchauhan56.vc.vc', 'bincythanjan', 'prajeish123', 'bewynbj7', 'andrewskutty04', 'jenitajeni412', 'marya', 'arunkumar81098', 'gouthaminallamuthu', None, 'srivishal2110', 'pratimasiva98']",18,"['neharay125', 'vikashchauhan56.vc.vc', 'prajeish123', 'andrewskutty04', 'bincythanjan', 'guilhermeazevedofis', 'davisprince2632', 'gouthaminallamuthu', 'waj1h', None, 'pratimasiva98', 'bewynbj7', 'jenitajeni412', 'marya', 'arunkumar81098', 'srivishal2110', 'joaovictorlemes3', 'defne.circi']"
116,363,7,12,2,"['neharay125', 'davisprince2632']",4,"['waj1h', 'guilhermeazevedofis', 'joaovictorlemes3', 'defne.circi']",10,"['vikashchauhan56.vc.vc', 'khajauddinali', 'bincythanjan', 'bewynbj7', 'andrewskutty04', 'jenitajeni412', 'marya', 'arunkumar81098', None, 'pratimasiva98']",16,"['neharay125', 'vikashchauhan56.vc.vc', 'bincythanjan', 'andrewskutty04', 'khajauddinali', 'guilhermeazevedofis', 'davisprince2632', 'waj1h', None, 'pratimasiva98', 'bewynbj7', 'jenitajeni412', 'marya', 'arunkumar81098', 'joaovictorlemes3', 'defne.circi']"
116,364,7,10,2,"['neharay125', 'davisprince2632']",4,"['waj1h', 'guilhermeazevedofis', 'joaovictorlemes3', 'defne.circi']",8,"['vikashchauhan56.vc.vc', 'bincythanjan', 'andrewskutty04', 'bewynbj7', 'jenitajeni412', 'arunkumar81098', None, 'pratimasiva98']",14,"['neharay125', 'vikashchauhan56.vc.vc', 'bincythanjan', 'andrewskutty04', 'guilhermeazevedofis', 'davisprince2632', 'waj1h', None, 'pratimasiva98', 'bewynbj7', 'jenitajeni412', 'arunkumar81098', 'joaovictorlemes3', 'defne.circi']"
116,365,7,9,1,['waj1h'],5,"['neharay125', 'guilhermeazevedofis', 'davisprince2632', 'joaovictorlemes3', 'defne.circi']",8,"['pratheep', 'aneeline', 'sala499', 'mojtabam', 'varun14795', 'isafmobius1', None, 'jnh55']",14,"['neharay125', None, 'pratheep', 'guilhermeazevedofis', 'aneeline', 'sala499', 'mojtabam', 'varun14795', 'davisprince2632', 'isafmobius1', 'waj1h', 'jnh55', 'joaovictorlemes3', 'defne.circi']"
116,361,7,7,2,"['guilhermeazevedofis', 'joaovictorlemes3']",4,"['neharay125', 'waj1h', 'davisprince2632', 'defne.circi']",5,"['gabrielmontoro', 'fabricio_henrique2018', 'dionizio', 'romulosleite19', None]",11,"['neharay125', None, 'gabrielmontoro', 'guilhermeazevedofis', 'fabricio_henrique2018', 'dionizio', 'davisprince2632', 'romulosleite19', 'waj1h', 'joaovictorlemes3', 'defne.circi']"
117,282,7,8,2,"['mblr9609', 'emrullahzubeyr']",4,"['jontiw', 'damiancompean', 'dachou1', 'konstantinbsv']",6,"['afkali.120', 'melike.1kayali', 'mertyamanoglu', 'berk.oztaskin.99', 'berkayerarslan', None]",12,"['afkali.120', 'jontiw', 'damiancompean', 'melike.1kayali', 'mertyamanoglu', 'konstantinbsv', 'emrullahzubeyr', 'dachou1', 'mblr9609', 'berk.oztaskin.99', 'berkayerarslan', None]"
118,184,7,10,6,"['smk2247', 'm.moeller', 'ehp2121', 'kr2743', 'aej2149', 'vk2440']",0,[],4,"['cl3760', 'sg3624', None, 'nr2721']",10,"['smk2247', 'm.moeller', 'nr2721', 'aej2149', 'cl3760', None, 'sg3624', 'ehp2121', 'kr2743', 'vk2440']"
118,209,7,9,6,"['smk2247', 'm.moeller', 'ehp2121', 'kr2743', 'aej2149', 'vk2440']",0,[],3,"['cl3760', 'sg3624', None]",9,"['smk2247', 'sg3624', 'm.moeller', 'ehp2121', 'kr2743', 'aej2149', 'cl3760', None, 'vk2440']"
120,344,7,10,5,"['zhangism123', 'niudantong.88', 'xiao.botong', 'yangning8109', 'xukailinseu']",1,['muneebaqureshi003'],5,"['zjinjian', 'fzwake', 'yiran.xue', None, 'deviesvi']",11,"['muneebaqureshi003', 'zjinjian', 'niudantong.88', None, 'zhangism123', 'fzwake', 'yiran.xue', 'xiao.botong', 'yangning8109', 'xukailinseu', 'deviesvi']"
123,18,6,59,4,"['ahmedbebo', 'n1.asaker', 'yarayasser959', 'essraaahmed34']",1,['mohamedmonem607'],55,"['ahmedmohsen9623', 'lighteous16', 'amadoxis', 'mmummu30', 'tahahsyn123', 'rania_saleh', 'reem.hablas', 'ahmedmubarak474', 'tokahassan313', 'mo_refaat', 'mostafateka1409', 'amerabaher09', 'salsabil.said', 'youssefnasser', 'roqaya', 'midoelshazly198', 'bedomostafa1', 'mohammedosama.777777', 'akhaled.nasr98', 'ahmedmetwaly', 'reemhamed96', 'madbouly66', 'amanymohamed646', 'omniyasamir20', 'ahmed930as', 'doniamohamed', 'shoroukhossin', 'eladhamgalal', 'khaledgamal960', 'marwanahmad988', 'mousa', 'omartamer.ot13', 'salmagamal8880', 'ma01288889640', 'maria_ahmos', 'ibrahimaffan1998', 'sherifmagdy111', 'abdulrahmangalal', 'qmniashawky45', 'omartamer.ot14', None, 'karimd3', 'rehabibrahim355', 'shaltout', 'omar1781998', 'rashedirami52', 'mmayar361', 'mahmoudbadry604', 'yasminkhaled66', 'abdelrahmann', 'mostafa.ahmed.elewa', 'ahmedaek66', 'raghdathrwat98', 'necobellator270', 'needumbrella']",60,"['ahmedmohsen9623', 'lighteous16', 'amadoxis', 'mmummu30', 'tahahsyn123', 'reem.hablas', 'tokahassan313', 'amerabaher09', 'roqaya', 'midoelshazly198', 'mohamedmonem607', 'akhaled.nasr98', 'madbouly66', 'omniyasamir20', 'ahmed930as', 'shoroukhossin', 'khaledgamal960', 'marwanahmad988', 'mousa', 'salmagamal8880', 'maria_ahmos', 'qmniashawky45', 'omartamer.ot14', 'shaltout', 'omar1781998', 'yarayasser959', 'mmayar361', 'yasminkhaled66', 'mostafa.ahmed.elewa', 'raghdathrwat98', 'doniamohamed', 'necobellator270', 'rania_saleh', 'ahmedmubarak474', 'mostafateka1409', 'mo_refaat', 'salsabil.said', 'ahmedbebo', 'youssefnasser', 'bedomostafa1', 'mohammedosama.777777', 'ahmedmetwaly', 'reemhamed96', 'amanymohamed646', 'eladhamgalal', 'essraaahmed34', 'omartamer.ot13', 'ma01288889640', 'ibrahimaffan1998', None, 'sherifmagdy111', 'abdulrahmangalal', 'karimd3', 'rehabibrahim355', 'rashedirami52', 'n1.asaker', 'abdelrahmann', 'ahmedaek66', 'mahmoudbadry604', 'needumbrella']"
123,290,6,23,4,"['ahmedbebo', 'n1.asaker', 'yarayasser959', 'essraaahmed34']",1,['mohamedmonem607'],19,"['emanmabrouk077', 'reem.hablas', 'abdallakhaled20', 'esraaosman12345', 'lana.tak18', 'mohamed.elsayed999974', 'lanamhdtak', 'ahmedsameh25951', 'lamiaaahmed97', 'esraakhalid505', 'sondossalah66', 'abdumhrous', 'khaledrims', 'ranahosny34', None, 'maria_ahmos', 'ahmedsallaahh', 'mostafa.ahmed.elewa', 'sarayasser']",24,"['esraakhalid505', 'sondossalah66', 'abdumhrous', 'emanmabrouk077', 'khaledrims', 'essraaahmed34', 'ranahosny34', 'reem.hablas', 'abdallakhaled20', 'esraaosman12345', 'lana.tak18', None, 'maria_ahmos', 'ahmedbebo', 'mohamed.elsayed999974', 'lanamhdtak', 'ahmedsallaahh', 'n1.asaker', 'yarayasser959', 'mostafa.ahmed.elewa', 'ahmedsameh25951', 'sarayasser', 'mohamedmonem607', 'lamiaaahmed97']"
125,30,6,8,3,"['prajwalita', 'athilakshmi27', 'pallavimohokar']",2,"['robin_nigga', 'trip297']",5,"['vishwakarma', None, 'swapnalimakdey25', 'pankajgharge', 'elnino']",10,"['vishwakarma', None, 'prajwalita', 'trip297', 'swapnalimakdey25', 'pallavimohokar', 'robin_nigga', 'pankajgharge', 'athilakshmi27', 'elnino']"
130,343,6,31,5,"['tescheda1401', 'nicolasnieto08', 'mariomedinapuntocom', 'vargaspanesso', 'felipediscovered']",0,[],26,"['crespourzola1', 'vilmistirado', 'dhcomas', 'ivanfelipe', 'jpnaranjo20', 'fenixarn7', 'eloyabmfcv', 'kevinbernalru', 'goldubra', 'ivanfsalgado', 'alvaro22martelo', 'da.castiblanco10', 'juanfecazuluaga', 'manitomcpapas', 'djah_21', 'danrako', 'juandavrp', 'andreszero', 'luisafuentes19', None, 'juliana.jaimes.27', 'sn.vargas', 'n.abril', 'davidhola', 'yafarsolano', 'sv.rojas']",31,"['fenixarn7', 'eloyabmfcv', 'kevinbernalru', 'mariomedinapuntocom', 'vargaspanesso', 'ivanfsalgado', 'da.castiblanco10', 'manitomcpapas', 'djah_21', 'juliana.jaimes.27', 'felipediscovered', 'yafarsolano', 'sv.rojas', 'crespourzola1', 'vilmistirado', 'dhcomas', 'ivanfelipe', 'jpnaranjo20', 'nicolasnieto08', 'goldubra', 'alvaro22martelo', 'juanfecazuluaga', 'danrako', 'juandavrp', 'andreszero', 'luisafuentes19', None, 'tescheda1401', 'sn.vargas', 'n.abril', 'davidhola']"
130,166,6,28,5,"['tescheda1401', 'nicolasnieto08', 'mariomedinapuntocom', 'vargaspanesso', 'felipediscovered']",0,[],23,"['crespourzola1', 'vilmistirado', 'dhcomas', 'jpnaranjo20', 'fenixarn7', 'eloyabmfcv', 'kevinbernalru', 'goldubra', 'ivanfsalgado', 'alvaro22martelo', 'da.castiblanco10', 'djah_21', 'danrako', 'andreszero', 'salomon.ulloque', None, 'juliana.jaimes.27', 'sn.vargas', 'n.abril', 'davidhola', 'danydet15', 'yafarsolano', 'sv.rojas']",28,"['fenixarn7', 'eloyabmfcv', 'kevinbernalru', 'mariomedinapuntocom', 'vargaspanesso', 'ivanfsalgado', 'da.castiblanco10', 'djah_21', 'juliana.jaimes.27', 'felipediscovered', 'yafarsolano', 'sv.rojas', 'crespourzola1', 'vilmistirado', 'dhcomas', 'jpnaranjo20', 'nicolasnieto08', 'goldubra', 'alvaro22martelo', 'danrako', 'andreszero', 'salomon.ulloque', None, 'tescheda1401', 'sn.vargas', 'n.abril', 'davidhola', 'danydet15']"
130,76,6,22,2,"['vargaspanesso', 'nicolasnieto08']",3,"['mariomedinapuntocom', 'tescheda1401', 'felipediscovered']",20,"['ca.espitiaa0516', 'sebastianbeto2015', 'amtellez', 'izuletaelles', 'ivandavidperez4', 'edgarivan82', 'davidpalacio99', 'tomasrubiano', 'laladgg', 'lauraldana18', 'g_27182818', 'npava55', 'im.sarmiento', 'rodhervan', 'jairoaam', None, 'la.avendano10', 'ja.perezb', 'davidsalcedo2000', 'jfcampuzanoz']",25,"['ca.espitiaa0516', 'sebastianbeto2015', 'amtellez', 'im.sarmiento', 'nicolasnieto08', 'izuletaelles', 'mariomedinapuntocom', 'vargaspanesso', 'ivandavidperez4', 'rodhervan', 'edgarivan82', 'davidpalacio99', 'jairoaam', None, 'tomasrubiano', 'laladgg', 'lauraldana18', 'tescheda1401', 'la.avendano10', 'felipediscovered', 'g_27182818', 'ja.perezb', 'davidsalcedo2000', 'npava55', 'jfcampuzanoz']"
130,84,6,16,1,['mariomedinapuntocom'],4,"['tescheda1401', 'vargaspanesso', 'felipediscovered', 'nicolasnieto08']",15,"['laladgg', 'im.sarmiento', 'sebastianbeto2015', 'amtellez', None, 'izuletaelles', 'jcgutierrezg', 'juanfecazuluaga', 'aiskelb', 'felgoja99', 'davidpalacio99', 'ja.perezb', 'jairoaam', 'santmc98', 'npava55']",20,"['im.sarmiento', 'sebastianbeto2015', 'amtellez', 'nicolasnieto08', 'izuletaelles', 'mariomedinapuntocom', 'vargaspanesso', 'juanfecazuluaga', 'felgoja99', 'davidpalacio99', 'jcgutierrezg', 'jairoaam', None, 'laladgg', 'tescheda1401', 'aiskelb', 'felipediscovered', 'ja.perezb', 'santmc98', 'npava55']"
131,92,6,7,5,"['chunshengyan', 'abhivarma', 'tbarzanian', 'roseli', 'renuka_shahane']",0,[],2,"['hanxiaozhang42', None]",7,"['hanxiaozhang42', 'chunshengyan', 'abhivarma', 'tbarzanian', 'roseli', 'renuka_shahane', None]"
131,86,6,6,4,"['chunshengyan', 'renuka_shahane', 'abhivarma', 'roseli']",1,['tbarzanian'],2,"['hanxiaozhang42', None]",7,"['hanxiaozhang42', 'chunshengyan', 'abhivarma', 'tbarzanian', 'roseli', 'renuka_shahane', None]"
132,218,6,12,3,"['aengm', 'nadja1', 'razziteak']",2,"['lathifalathi91', 'pavan559kumarreddy']",9,"['eduardomoreira', 'moniqueparanhos', 'elahehag', 'mjdva', 'rikardberger', 'mikko.kjellberg', 'gunta72', None, 'hilisa']",14,"['razziteak', 'moniqueparanhos', 'mjdva', 'nadja1', None, 'hilisa', 'eduardomoreira', 'elahehag', 'rikardberger', 'aengm', 'mikko.kjellberg', 'pavan559kumarreddy', 'gunta72', 'lathifalathi91']"
133,262,6,72,5,"['kashasan15', 'hassanta.asgharmughal', 'hareemmustafa', 'mariamamin123', 'kausarsaleem65']",0,[],67,"['sufzpq', 'zahidashahab20', 'zaheramusvi65', 'hamna.ndm97akbar', 'farzanashuja', 'remshaaa5', 'moonasayal', 'ibeeey.a', 'hareem.ahsan98', 'ifrahfatimi1397', 'bilalshakeel626', 'ateefasiddiqui', 'shaheershaikh79', 'nadiasiddeque8139', 'bismaraoluqman', 'minhalrizvi98', 'fareha.saleem', 'mariumahmad24', 'zainabnazeer456', 'amnaiqbal400', 'rubarasheed5678', 'rameennisar1997', 'sabaq165', 'muhammadzahid2198', 'zartab001', 'farahperveen72', 'bushradayo', 'aminahfatimah98', 'amnaimran361', 'hadiqanaqvi144_20', 'samiyajabbar', 'halamasood27', 'ummulwara321', 'ilsa.khalid', 'moizraza10', 'hamnakhan', 'aqsaqasim10', 'ashna', 'shehzu94', 'muhammadahmer36', 'saleem_008', 'el16009', 'syed.haziq40', 'ayeshajml4', 'hakeemorangzeb710', 'pankajjagani2', 'iqra.javed1591997', 'talatbng945', 'aneeqarafique20', 'sheebaishtiaque.102', 'tahirafatima1998', 'saqib123', 'marwam.asghar', 'azf912', 'hamza.aslam3904', 'mustafaarif12330', None, 'afifaaziz7', 'shaherbanofatima', 'saqibkamal', 'muhammadwasiqpervez', 'shehzad_ahmed10', 'rahimakauser', 'waleedkhalid924', 'mamonarao01', 'areeba_khan', 'misha.arif']",72,"['sufzpq', 'zahidashahab20', 'zaheramusvi65', 'hamna.ndm97akbar', 'farzanashuja', 'remshaaa5', 'moonasayal', 'ibeeey.a', 'hareem.ahsan98', 'ifrahfatimi1397', 'bilalshakeel626', 'ateefasiddiqui', 'shaheershaikh79', 'nadiasiddeque8139', 'bismaraoluqman', 'mariamamin123', 'minhalrizvi98', 'fareha.saleem', 'mariumahmad24', 'zainabnazeer456', 'amnaiqbal400', 'rubarasheed5678', 'rameennisar1997', 'kausarsaleem65', 'sabaq165', 'muhammadzahid2198', 'zartab001', 'farahperveen72', 'bushradayo', 'aminahfatimah98', 'kashasan15', 'amnaimran361', 'hadiqanaqvi144_20', 'samiyajabbar', 'halamasood27', 'ummulwara321', 'ilsa.khalid', 'moizraza10', 'hamnakhan', 'aqsaqasim10', 'ashna', 'shehzu94', 'muhammadahmer36', 'hassanta.asgharmughal', 'saleem_008', 'el16009', 'syed.haziq40', 'ayeshajml4', 'hakeemorangzeb710', 'pankajjagani2', 'iqra.javed1591997', 'talatbng945', 'aneeqarafique20', 'sheebaishtiaque.102', 'tahirafatima1998', 'saqib123', 'marwam.asghar', 'azf912', 'hamza.aslam3904', 'mustafaarif12330', None, 'afifaaziz7', 'shaherbanofatima', 'saqibkamal', 'muhammadwasiqpervez', 'shehzad_ahmed10', 'rahimakauser', 'hareemmustafa', 'waleedkhalid924', 'mamonarao01', 'areeba_khan', 'misha.arif']"
133,260,6,44,5,"['kashasan15', 'hassanta.asgharmughal', 'hareemmustafa', 'mariamamin123', 'kausarsaleem65']",0,[],39,"['bushradayo', 'aminahfatimah98', 'sufzpq', 'zahidashahab20', 'zaheramusvi65', 'amnaimran361', 'moonasayal', 'samiyajabbar', 'hareem.ahsan98', 'sanayaseen1997', 'raorabsha78', 'ilsa.khalid', 'hks122082', 'ashna', 'micheltrevor30', 'nadiasiddeque8139', 'saleem_008', 'el16009', 'bismaraoluqman', 'fareha.saleem', 'ayeshajml4', 'mariumahmad24', 'iqra.javed1591997', 'sheebaishtiaque.102', 'zainabnazeer456', 'amnaiqbal400', 'rubarasheed5678', 'marwam.asghar', 'azf912', None, 'afifaaziz7', 'shaherbanofatima', 'muhammadzahid2198', 'zartab001', 'saqibkamal', 'rahimakauser', 'farahperveen72', 'ateefasiddiqui', 'areeba_khan']",44,"['bushradayo', 'aminahfatimah98', 'kashasan15', 'sufzpq', 'zahidashahab20', 'zaheramusvi65', 'amnaimran361', 'moonasayal', 'samiyajabbar', 'hareem.ahsan98', 'sanayaseen1997', 'raorabsha78', 'ateefasiddiqui', 'ilsa.khalid', 'hks122082', 'ashna', 'micheltrevor30', 'hassanta.asgharmughal', 'nadiasiddeque8139', 'saleem_008', 'el16009', 'bismaraoluqman', 'mariamamin123', 'fareha.saleem', 'ayeshajml4', 'mariumahmad24', 'iqra.javed1591997', 'sheebaishtiaque.102', 'zainabnazeer456', 'amnaiqbal400', 'rubarasheed5678', 'marwam.asghar', 'azf912', None, 'kausarsaleem65', 'afifaaziz7', 'shaherbanofatima', 'muhammadzahid2198', 'zartab001', 'saqibkamal', 'hareemmustafa', 'farahperveen72', 'rahimakauser', 'areeba_khan']"
133,261,6,32,1,['kausarsaleem65'],4,"['hareemmustafa', 'hassanta.asgharmughal', 'kashasan15', 'mariamamin123']",31,"['bushradayo', 'aminahfatimah98', 'sufzpq', 'aliirtaza98', 'm.naufil1', 'hnihallani75', 'faizanalibugti', 'hareem.ahsan98', 'sanayaseen1997', 'halamasood27', 'ilsa.khalid', 'hks122082', 'aqsaqasim10', 'hariskshah', 'm.dawson', 'saleem_008', 'bismaraoluqman', 'minhalrizvi98', 'khurramahmed1997', 'zainabnazeer456', 'bhaifaiz77', 'mustafaarif12330', None, 'shaherbanofatima', 'shayanhassan52', 'muhammadzahid2198', 'saqibkamal', 'shehzad_ahmed10', 'waleedkhalid924', 'mamonarao01', 'areeba_khan']",36,"['bushradayo', 'aminahfatimah98', 'kashasan15', 'sufzpq', 'aliirtaza98', 'm.naufil1', 'hnihallani75', 'faizanalibugti', 'hareem.ahsan98', 'sanayaseen1997', 'halamasood27', 'ilsa.khalid', 'hks122082', 'aqsaqasim10', 'hariskshah', 'm.dawson', 'hassanta.asgharmughal', 'saleem_008', 'bismaraoluqman', 'mariamamin123', 'minhalrizvi98', 'khurramahmed1997', 'zainabnazeer456', 'bhaifaiz77', 'mustafaarif12330', None, 'kausarsaleem65', 'shaherbanofatima', 'shayanhassan52', 'muhammadzahid2198', 'saqibkamal', 'shehzad_ahmed10', 'hareemmustafa', 'waleedkhalid924', 'mamonarao01', 'areeba_khan']"
135,91,6,22,5,"['a01731431', 'jjad1998', 'a01229564', 'xierralex', 'jesus98garcia']",0,[],17,"[None, 'isra_chevelle20', 'alegucu', 'patosefue09', 'chrismarti', 'a01634047', 'reginaodgers', 'cesarnovoa97', 'adrianlopeza98', 'carlosgochoa98', 'a00369116', 'juanpablogomez', 'a01114173', 'rickytorres.05', 'marcosruiz1', 'a00570168', '15.jrendon.2b']",22,"['alegucu', 'chrismarti', 'patosefue09', 'reginaodgers', 'cesarnovoa97', 'adrianlopeza98', 'carlosgochoa98', 'a00369116', 'juanpablogomez', 'a01114173', 'xierralex', 'rickytorres.05', 'a00570168', '15.jrendon.2b', 'a01229564', None, 'isra_chevelle20', 'a01634047', 'a01731431', 'jjad1998', 'marcosruiz1', 'jesus98garcia']"
135,90,6,14,5,"['a01731431', 'jjad1998', 'a01229564', 'xierralex', 'jesus98garcia']",0,[],9,"['isra_chevelle20', 'a01634047', 'reginaodgers', 'cesarnovoa97', 'carlosgochoa98', 'a00369116', 'marcosruiz1', 'a01114173', None]",14,"['reginaodgers', 'cesarnovoa97', 'carlosgochoa98', 'a00369116', 'a01114173', 'xierralex', None, 'a01229564', 'isra_chevelle20', 'a01634047', 'a01731431', 'jjad1998', 'marcosruiz1', 'jesus98garcia']"
136,131,6,23,5,"['g1715095', 'og', 'qqqqqqqqqq', 'g1715015', 'kazu171']",0,[],18,"['maru1012', 'g1715102', None, 'okuyama64', 'g1715061', 'hiroyuki114514', 'g1715030', 'leica', 'gantzumr1229', 'g1715001', 'tcu1715049', 'g1715103', 'mazuuchi', 'ywyw', 'inout', 'onigiri222', 'g1715016', 'g1715069']",23,"['maru1012', 'g1715102', 'hiroyuki114514', 'g1715030', 'gantzumr1229', 'tcu1715049', 'g1715095', 'ywyw', 'og', 'qqqqqqqqqq', None, 'g1715015', 'kazu171', 'g1715069', 'okuyama64', 'g1715061', 'leica', 'g1715001', 'g1715103', 'mazuuchi', 'onigiri222', 'inout', 'g1715016']"
136,1,6,20,5,"['g1715095', 'og', 'qqqqqqqqqq', 'g1715015', 'kazu171']",0,[],15,"['maru1012', 'g1715102', 'okuyama64', 'g1715061', 'hiroyuki114514', 'g1715030', 'leica', 'tcu1715049', 'g1715103', 'onigiri222', 'ywyw', 'inout', 'g1715034', None, 'g1715069']",20,"['maru1012', 'g1715102', 'hiroyuki114514', 'g1715030', 'tcu1715049', 'g1715095', 'ywyw', 'og', 'qqqqqqqqqq', 'g1715034', 'g1715015', 'kazu171', 'g1715069', None, 'okuyama64', 'g1715061', 'leica', 'g1715103', 'onigiri222', 'inout']"
136,199,6,19,5,"['g1715095', 'og', 'qqqqqqqqqq', 'g1715015', 'kazu171']",0,[],14,"['okuyama64', 'g1715061', 'hiroyuki114514', 'g1715030', 'leica', 'gantzumr1229', 'g1715001', 'tcu1715049', 'g1715103', 'mazuuchi', 'ywyw', 'inout', None, 'g1715069']",19,"['hiroyuki114514', 'g1715030', 'gantzumr1229', 'tcu1715049', 'g1715095', 'ywyw', 'og', 'qqqqqqqqqq', None, 'g1715015', 'kazu171', 'g1715069', 'okuyama64', 'g1715061', 'leica', 'g1715001', 'g1715103', 'mazuuchi', 'inout']"
136,106,6,17,2,"['qqqqqqqqqq', 'kazu171']",3,"['g1715095', 'og', 'g1715015']",15,"['okuyama64', 'g1715061', 'hiroyuki114514', 'g1715030', 'leica', 'gantzumr1229', 'g1715001', 'tcu1715049', 'g1715103', 'onigiri222', 'ywyw', 'mazuuchi', 'inout', None, 'g1715069']",20,"['hiroyuki114514', 'g1715030', 'gantzumr1229', 'tcu1715049', 'g1715095', 'ywyw', 'og', 'qqqqqqqqqq', None, 'g1715015', 'kazu171', 'g1715069', 'okuyama64', 'g1715061', 'leica', 'g1715001', 'g1715103', 'onigiri222', 'mazuuchi', 'inout']"
136,250,6,14,5,"['g1715095', 'og', 'qqqqqqqqqq', 'g1715015', 'kazu171']",0,[],9,"['okuyama64', 'hiroyuki114514', 'leica', 'gantzumr1229', 'tcu1715049', 'g1715103', 'ywyw', None, 'g1715069']",14,"['hiroyuki114514', 'gantzumr1229', 'tcu1715049', 'g1715095', 'ywyw', 'og', 'qqqqqqqqqq', None, 'g1715015', 'kazu171', 'g1715069', 'okuyama64', 'leica', 'g1715103']"
136,296,6,13,5,"['g1715095', 'og', 'qqqqqqqqqq', 'g1715015', 'kazu171']",0,[],8,"['maru1012', 'g1715102', 'okuyama64', 'g1715061', 'leica', 'g1715103', None, 'g1715069']",13,"['maru1012', 'g1715102', 'g1715095', 'og', 'qqqqqqqqqq', None, 'g1715015', 'kazu171', 'g1715069', 'okuyama64', 'g1715061', 'leica', 'g1715103']"
136,303,6,13,5,"['g1715095', 'og', 'qqqqqqqqqq', 'g1715015', 'kazu171']",0,[],8,"['g1715061', 'g1715030', 'leica', 'onigiri222', 'ywyw', 'inout', 'g1715034', None]",13,"['g1715030', 'g1715095', 'ywyw', 'og', 'qqqqqqqqqq', 'g1715034', 'g1715015', 'kazu171', None, 'g1715061', 'leica', 'onigiri222', 'inout']"
139,372,6,22,5,"['timalsinabikash', 'sakidja', 'alinbabu', 'tauhid93', 'abu007']",0,[],17,"['sabilakader08', 'joy_roy', 'ade234', 'muztobarabbani', 'magness', 'yuxuan', 'malditoguero', 'ash400', 'sajal.eee.pau', 'kwabena9978', 'sudhanano', 'nadib', 'rkhadka', 'sinjan1994', 'shahidulasif', 'moudip123', None]",22,"['sabilakader08', 'ade234', 'yuxuan', 'sajal.eee.pau', 'kwabena9978', 'alinbabu', 'tauhid93', 'shahidulasif', 'nadib', 'moudip123', 'abu007', None, 'joy_roy', 'timalsinabikash', 'muztobarabbani', 'magness', 'malditoguero', 'sakidja', 'rkhadka', 'sinjan1994', 'ash400', 'sudhanano']"
139,367,6,21,5,"['timalsinabikash', 'sakidja', 'alinbabu', 'tauhid93', 'abu007']",0,[],16,"['sabilakader08', 'joy_roy', 'ade234', 'muztobarabbani', 'magness', 'yuxuan', 'malditoguero', 'ash400', 'sajal.eee.pau', 'kwabena442', 'nadib', 'rkhadka', 'sinjan1994', 'shahidulasif', 'sudhanano', None]",21,"['sabilakader08', 'ade234', 'yuxuan', 'sajal.eee.pau', 'kwabena442', 'alinbabu', 'tauhid93', 'shahidulasif', 'nadib', None, 'abu007', 'joy_roy', 'timalsinabikash', 'muztobarabbani', 'magness', 'malditoguero', 'sakidja', 'rkhadka', 'sinjan1994', 'ash400', 'sudhanano']"
139,368,6,20,5,"['timalsinabikash', 'sakidja', 'alinbabu', 'tauhid93', 'abu007']",0,[],15,"['sabilakader08', 'joy_roy', 'ade234', 'muztobarabbani', 'magness', 'yuxuan', 'malditoguero', 'ash400', 'sajal.eee.pau', 'kwabena442', 'nadib', 'rkhadka', 'sinjan1994', 'shahidulasif', None]",20,"['sabilakader08', 'ade234', 'yuxuan', 'sajal.eee.pau', 'kwabena442', 'alinbabu', 'tauhid93', 'shahidulasif', 'nadib', None, 'abu007', 'joy_roy', 'timalsinabikash', 'muztobarabbani', 'magness', 'malditoguero', 'sakidja', 'rkhadka', 'sinjan1994', 'ash400']"
139,369,6,18,4,"['sakidja', 'timalsinabikash', 'alinbabu', 'abu007']",1,['tauhid93'],14,"['sabilakader08', 'joy_roy', 'ade234', 'magness', 'ash400', 'yuxuan', 'malditoguero', 'kwabena442', 'nadib', 'rkhadka', 'sinjan1994', 'shahidulasif', 'sudhanano', None]",19,"['sabilakader08', 'ade234', 'yuxuan', 'kwabena442', 'alinbabu', 'tauhid93', 'shahidulasif', 'nadib', None, 'abu007', 'joy_roy', 'timalsinabikash', 'magness', 'malditoguero', 'sakidja', 'rkhadka', 'sinjan1994', 'ash400', 'sudhanano']"
139,376,6,18,5,"['timalsinabikash', 'sakidja', 'alinbabu', 'tauhid93', 'abu007']",0,[],13,"['sabilakader08', 'shahidulasif', 'ade234', 'muztobarabbani', 'magness', 'malditoguero', 'sajal.eee.pau', 'moudip123', 'kwabena9978', 'rkhadka', 'ash400', 'sudhanano', None]",18,"['sabilakader08', 'ade234', 'sajal.eee.pau', 'kwabena9978', 'alinbabu', 'tauhid93', 'shahidulasif', 'moudip123', None, 'abu007', 'timalsinabikash', 'magness', 'muztobarabbani', 'malditoguero', 'sakidja', 'rkhadka', 'ash400', 'sudhanano']"
139,110,6,17,5,"['timalsinabikash', 'sakidja', 'alinbabu', 'tauhid93', 'abu007']",0,[],12,"['joy_roy', 'ade234', 'magness', 'yuxuan', 'malditoguero', 'kwabena442', 'nadib', 'rkhadka', 'sinjan1994', 'shahidulasif', 'sudhanano', None]",17,"['ade234', 'yuxuan', 'kwabena442', 'alinbabu', 'tauhid93', 'shahidulasif', 'nadib', None, 'abu007', 'joy_roy', 'timalsinabikash', 'magness', 'malditoguero', 'sakidja', 'rkhadka', 'sinjan1994', 'sudhanano']"
139,117,6,9,5,"['timalsinabikash', 'sakidja', 'alinbabu', 'tauhid93', 'abu007']",0,[],4,"[None, 'sajal.eee.pau', 'ade234', 'magness']",9,"['timalsinabikash', 'ade234', 'magness', 'sajal.eee.pau', 'sakidja', 'alinbabu', 'tauhid93', None, 'abu007']"
140,150,6,120,3,"['rose68', 'hou111', 'lfacchin']",2,"['ajshuck', 'jiexu']",117,"['porte107', 'gentry9', 'mcclurez', 'sahilshah16', 'chang', 'shem935', 'steele61', 'pandinghao1', 'dast', 'mfarnell', 'kristiaan2017', 'hallberg.brad', 'thuqsy1995', 'nathanknodel', 'yadav35', 'ychenr', 'hanariddle', 'mciver', 'jverduzc', 'dfarache', 'chentuanyu', 'hvr', 'jinchizhang6', 'buchanaw', 'paulmather', 'pate1205', 'mmelcer', 'dtibbo', 'mukher25', 'meng116', 'davi1004', 'gu84', 'sweis', 'lpl', 'kruege14', 'roth70', 'tshivam4', 'wang159', 'tgroom', 'abhivictor2', 'raka', 'stevensun129', 'zhan3719', 'ewestph', 'lcozzi', 'gmathews', 'hschroad', 'charles1638', 'nballint', 'hutchi21', 'srrohit7', 'zhiyangwen', 'psonalka', 'cao95', 'srayasam', 'mazumder', 'kennelt', 'dai109', 'ding172', 'mmh', 'mohamedn', 'rodri454', 'desai61', 'radhakv', 'myers283', 'wstolz', 'zhifan', 'hdalton', 'peter496', 'kevindurex', 'sawantk', 'deshmukv', 'jstalba', 'brow1417', 'sdhamank', 'mgrande', 'wang2700', 'zhifanke', 'alafzi', 'taeksanglee', 'chengbo', 'adandeka', 'haoyangliu', 'khandel4', 'han609', 'xils2009', 'alotaibi', 'jbarsima', 'ngasteyer', 'shah484', 'belmontj', 'cwhitter', 'jroar21', 'yang1673', 'oerturk', 'webb96', 'zhan3729', 'shi448', 'rnaon', 'zhao1019', 'abuganza', 'proycho', 'jo30', 'kuhlenh', 'jianwen97', 'mishra94', 'pkolis', 'jaggarw', 'kulkar72', 'hnowak', 'tsimon', 'bmodel', 'johnobamedo', 'zhengweichen', 'fakimov', 'kim2957', 'galileonardo']",122,"['porte107', 'gentry9', 'mcclurez', 'sahilshah16', 'chang', 'shem935', 'steele61', 'pandinghao1', 'dast', 'mfarnell', 'kristiaan2017', 'hallberg.brad', 'thuqsy1995', 'nathanknodel', 'yadav35', 'ychenr', 'hanariddle', 'hou111', 'mciver', 'jverduzc', 'dfarache', 'chentuanyu', 'hvr', 'jinchizhang6', 'buchanaw', 'paulmather', 'pate1205', 'mmelcer', 'dtibbo', 'mukher25', 'meng116', 'davi1004', 'gu84', 'sweis', 'lpl', 'kruege14', 'roth70', 'tshivam4', 'wang159', 'tgroom', 'abhivictor2', 'raka', 'stevensun129', 'zhan3719', 'ewestph', 'lcozzi', 'gmathews', 'hschroad', 'charles1638', 'nballint', 'hutchi21', 'srrohit7', 'zhiyangwen', 'psonalka', 'cao95', 'srayasam', 'mazumder', 'kennelt', 'dai109', 'ding172', 'ajshuck', 'mmh', 'mohamedn', 'rodri454', 'desai61', 'radhakv', 'myers283', 'wstolz', 'zhifan', 'hdalton', 'peter496', 'kevindurex', 'sawantk', 'deshmukv', 'jstalba', 'brow1417', 'sdhamank', 'mgrande', 'wang2700', 'zhifanke', 'jiexu', 'alafzi', 'taeksanglee', 'chengbo', 'adandeka', 'haoyangliu', 'khandel4', 'han609', 'xils2009', 'alotaibi', 'jbarsima', 'ngasteyer', 'shah484', 'belmontj', 'lfacchin', 'cwhitter', 'jroar21', 'yang1673', 'oerturk', 'webb96', 'zhan3729', 'shi448', 'rnaon', 'zhao1019', 'abuganza', 'proycho', 'jo30', 'kuhlenh', 'jianwen97', 'mishra94', 'pkolis', 'jaggarw', 'rose68', 'kulkar72', 'hnowak', 'tsimon', 'bmodel', 'johnobamedo', 'zhengweichen', 'fakimov', 'kim2957', 'galileonardo']"
140,310,6,92,3,"['rose68', 'hou111', 'lfacchin']",2,"['ajshuck', 'jiexu']",89,"['shem935', 'steele61', 'chang', 'atre', 'wang2211', 'stnoah1', 'thuqsy1995', 'nathanknodel', 'yadav35', 'ychenr', 'brow1537', 'mciver', 'swrowe78', 'luisapeterson', 'ekpodzro', 'hvr', 'chentuanyu', 'mai18', 'jinchizhang6', 'pate1205', 'mmelcer', 'dtibbo', 'meng116', 'gu84', 'rohanpatni', 'roth70', 'xu1376', 'tgroom', 'raka', 'smanasiy', 'stevensun129', 'liao70', 'zhan3719', 'ewestph', 'gmathews', 'charles1638', 'jmescher', 'zhiyangwen', 'psonalka', 'cao95', 'mukher32', 'srayasam', 'kennelt', 'ding172', 'yolandalee', 'zchang', 'russel60', 'vkwarten', 'radhakv', 'hdalton', 'zezzaki', 'kevindurex', 'han602', 'deshmukv', 'yyogi', 'gmontoy', 'michaeldziekan', 'brow1417', 'sdhamank', 'mgrande', 'kdille', 'patel357', 'alafzi', 'foste183', 'chengbo', 'joshi110', 'marisol', 'khandel4', 'xils2009', 'ngasteyer', 'belmontj', 'cwhitter', 'jroar21', 'yang1673', 'webb96', 'zhan3729', 'shi448', 'zhao1019', None, 'proycho', 'jo30', 'sbucherl', 'jianwen97', 'kulkar72', 'liuchengjie666', 'zhengweichen', 'fakimov', 'zhan3720', 'galileonardo']",94,"['shem935', 'steele61', 'chang', 'atre', 'wang2211', 'stnoah1', 'thuqsy1995', 'nathanknodel', 'yadav35', 'ychenr', 'brow1537', 'hou111', 'mciver', 'swrowe78', 'luisapeterson', 'ekpodzro', 'hvr', 'chentuanyu', 'mai18', 'jinchizhang6', 'pate1205', 'mmelcer', 'dtibbo', 'meng116', 'gu84', 'rohanpatni', 'roth70', 'xu1376', 'tgroom', 'raka', 'smanasiy', 'stevensun129', 'liao70', 'zhan3719', 'ewestph', 'gmathews', 'charles1638', 'jmescher', 'zhiyangwen', 'psonalka', 'cao95', 'mukher32', 'srayasam', 'kennelt', 'ding172', 'yolandalee', 'ajshuck', 'zchang', 'russel60', 'vkwarten', 'radhakv', 'hdalton', 'zezzaki', 'kevindurex', 'han602', 'deshmukv', 'yyogi', 'gmontoy', 'michaeldziekan', 'brow1417', 'sdhamank', 'mgrande', 'kdille', 'jiexu', 'patel357', 'alafzi', 'foste183', 'chengbo', 'joshi110', 'marisol', 'khandel4', 'xils2009', 'ngasteyer', 'belmontj', 'lfacchin', 'cwhitter', 'jroar21', 'yang1673', 'webb96', 'zhan3729', 'shi448', 'zhao1019', None, 'proycho', 'jo30', 'sbucherl', 'jianwen97', 'rose68', 'kulkar72', 'liuchengjie666', 'zhengweichen', 'fakimov', 'zhan3720', 'galileonardo']"
149,323,6,7,5,"['sbitega', 'pitts4d', 'chukwunalu', 'wesley.e.slaughter', 'ddstanton2021']",0,[],2,"['paulschmitt8', None]",7,"['sbitega', 'pitts4d', 'chukwunalu', 'paulschmitt8', 'wesley.e.slaughter', 'ddstanton2021', None]"
150,60,6,30,5,"['gauravnalkar08', 'unvora216', 'shrirangsatbhai', 'shrutisalunkhe170', 'omikarvekar']",0,[],25,"['punamdubal47707', 'omyachougale00', 'yogeshdange1004', 'sharadmane9185', 'rachanamane7447603186', 'nikitabhise38', 'aparajitakadam28', 'aishwaryapawar.nanotech', 'shwetashthe', 'abhishekchavan111297', 'suchitrapatil0720', 'nikitamore932', 'harshal.kamble98', None, 'dhananjayraj', 'mr.ghost8124', 'pradnyasuryawanshi0607', 'yashchandak', 'sujeetp5555', 'kswarup23598', 'vaibhavpatil4521', 'jineshchouhan7057', 'ajayavatare304', 'snehlatapatil1072000', 'manusha']",30,"['punamdubal47707', 'omyachougale00', 'sharadmane9185', 'rachanamane7447603186', 'aparajitakadam28', 'aishwaryapawar.nanotech', 'gauravnalkar08', 'suchitrapatil0720', 'nikitamore932', 'dhananjayraj', 'omikarvekar', 'mr.ghost8124', 'sujeetp5555', 'vaibhavpatil4521', 'snehlatapatil1072000', 'manusha', 'yogeshdange1004', 'nikitabhise38', 'unvora216', 'shwetashthe', 'shrirangsatbhai', 'abhishekchavan111297', 'harshal.kamble98', None, 'pradnyasuryawanshi0607', 'yashchandak', 'kswarup23598', 'jineshchouhan7057', 'ajayavatare304', 'shrutisalunkhe170']"
150,94,6,30,5,"['gauravnalkar08', 'unvora216', 'shrirangsatbhai', 'shrutisalunkhe170', 'omikarvekar']",0,[],25,"['punamdubal47707', 'yogeshdange1004', 'sharadmane9185', 'rachanamane7447603186', 'nikitabhise38', 'aparajitakadam28', 'aishwaryapawar.nanotech', 'powar.prajakta111', 'shwetashthe', 'abhishekchavan111297', 'suchitrapatil0720', 'nikitamore932', 'harshal.kamble98', None, 'dhananjayraj', 'mr.ghost8124', 'pradnyasuryawanshi0607', 'yashchandak', 'sujeetp5555', 'kswarup23598', 'vaibhavpatil4521', 'jineshchouhan7057', 'ajayavatare304', 'snehlatapatil1072000', 'manusha']",30,"['punamdubal47707', 'sharadmane9185', 'rachanamane7447603186', 'aparajitakadam28', 'aishwaryapawar.nanotech', 'gauravnalkar08', 'suchitrapatil0720', 'nikitamore932', 'dhananjayraj', 'omikarvekar', 'mr.ghost8124', 'sujeetp5555', 'vaibhavpatil4521', 'snehlatapatil1072000', 'manusha', 'yogeshdange1004', 'nikitabhise38', 'powar.prajakta111', 'unvora216', 'shwetashthe', 'shrirangsatbhai', 'abhishekchavan111297', 'harshal.kamble98', None, 'pradnyasuryawanshi0607', 'yashchandak', 'kswarup23598', 'jineshchouhan7057', 'ajayavatare304', 'shrutisalunkhe170']"
150,61,6,9,1,['shrutisalunkhe170'],4,"['gauravnalkar08', 'unvora216', 'omikarvekar', 'shrirangsatbhai']",8,"['punamdubal47707', 'suraj0707shelake', 'mukulkamble1765', 'powar.prajakta111', 'sudhanshupkamble1999', 'snehlatapatil1072000', 'prasadtodakar', None]",13,"['punamdubal47707', 'suraj0707shelake', 'mukulkamble1765', 'powar.prajakta111', 'sudhanshupkamble1999', 'gauravnalkar08', 'snehlatapatil1072000', 'prasadtodakar', 'unvora216', 'shrirangsatbhai', None, 'shrutisalunkhe170', 'omikarvekar']"
150,68,6,9,1,['omikarvekar'],4,"['shrutisalunkhe170', 'gauravnalkar08', 'unvora216', 'shrirangsatbhai']",8,"['suraj0707shelake', 'sharadmane9185', 'nikitabhise38', 'kswarup23598', 'raavan', 'snehalavate3', None, 'rpm7722']",13,"['suraj0707shelake', 'sharadmane9185', 'nikitabhise38', 'rpm7722', 'kswarup23598', 'gauravnalkar08', 'unvora216', 'shrirangsatbhai', 'snehalavate3', 'raavan', None, 'shrutisalunkhe170', 'omikarvekar']"
150,69,6,8,3,"['gauravnalkar08', 'shrutisalunkhe170', 'omikarvekar']",2,"['unvora216', 'shrirangsatbhai']",5,"['jineshchouhan9145', 'nikitamore932', None, 'rpm7722', 'ujmatamboli97']",10,"['nikitamore932', 'jineshchouhan9145', 'rpm7722', 'gauravnalkar08', 'unvora216', 'shrirangsatbhai', None, 'shrutisalunkhe170', 'omikarvekar', 'ujmatamboli97']"
151,185,6,12,3,"['scortanustefania', 'vbubuioc', 'ionitaandrei0609']",2,"['gregs2011', 'marwanchehade1997']",9,"['silviugae', 'crististancu96', 'albugabriel11', 'danx', 'bricicaruv', 'vasilache.claudiu.georgian', 'c.escuioana', 'cristina.leach', None]",14,"['crististancu96', 'albugabriel11', 'ionitaandrei0609', 'bricicaruv', 'c.escuioana', 'cristina.leach', None, 'silviugae', 'scortanustefania', 'danx', 'gregs2011', 'marwanchehade1997', 'vasilache.claudiu.georgian', 'vbubuioc']"
152,52,6,26,4,"['jzilberm', 'zhizhouh', 'aarabit', 'agardeck']",1,['wtculp1'],22,"['yansijie5jimmy', 'jcpowel8', 'httran15', 'mgarber', 'dbsmit12', 'vishaliitn', 'pgonza20', 'zchen194', 'mgoryll', None, 'jarmatag', 'wilford938', 'hmillman', 'tdryer', 'kwang118', 'jennifernavarrete49', 'sawadall', 'gkim50', 'liviangels97', 'zirshovon', 'kthomass', 'mfelixca']",27,"['yansijie5jimmy', 'jcpowel8', 'httran15', 'mgarber', 'dbsmit12', 'vishaliitn', 'pgonza20', 'zchen194', 'mgoryll', None, 'jarmatag', 'wilford938', 'kthomass', 'hmillman', 'tdryer', 'agardeck', 'kwang118', 'zhizhouh', 'jennifernavarrete49', 'sawadall', 'gkim50', 'liviangels97', 'zirshovon', 'wtculp1', 'jzilberm', 'mfelixca', 'aarabit']"
152,55,6,10,2,"['jzilberm', 'zhizhouh']",3,"['wtculp1', 'aarabit', 'agardeck']",8,"['wilford938', 'httran15', 'dbsmit12', 'vkumar21', 'krkjerst', 'gkim50', 'zchen194', None]",13,"['wilford938', None, 'agardeck', 'httran15', 'dbsmit12', 'vkumar21', 'zhizhouh', 'krkjerst', 'gkim50', 'zchen194', 'wtculp1', 'jzilberm', 'aarabit']"
152,249,6,9,2,"['aarabit', 'agardeck']",3,"['wtculp1', 'jzilberm', 'zhizhouh']",7,"['yansijie5jimmy', 'tdryer', 'vkumar21', 'vishaliitn', 'liviangels97', 'cjsmit48', None]",12,"['yansijie5jimmy', None, 'tdryer', 'agardeck', 'vkumar21', 'vishaliitn', 'zhizhouh', 'liviangels97', 'cjsmit48', 'wtculp1', 'jzilberm', 'aarabit']"
152,56,6,7,3,"['zhizhouh', 'aarabit', 'agardeck']",2,"['wtculp1', 'jzilberm']",4,"['wlfraker', 'jcpowel8', None, 'cjsmit48']",9,"['jcpowel8', None, 'agardeck', 'zhizhouh', 'cjsmit48', 'wtculp1', 'jzilberm', 'aarabit', 'wlfraker']"
155,150,6,120,3,"['bmodel', 'mukher25', 'abhivictor2']",2,"['gjhanwar', 'sachadervi']",117,"['porte107', 'gentry9', 'mcclurez', 'sahilshah16', 'chang', 'shem935', 'steele61', 'pandinghao1', 'dast', 'mfarnell', 'kristiaan2017', 'hallberg.brad', 'thuqsy1995', 'nathanknodel', 'yadav35', 'ychenr', 'hanariddle', 'hou111', 'mciver', 'jverduzc', 'dfarache', 'chentuanyu', 'hvr', 'jinchizhang6', 'buchanaw', 'paulmather', 'pate1205', 'mmelcer', 'dtibbo', 'meng116', 'davi1004', 'gu84', 'sweis', 'lpl', 'kruege14', 'roth70', 'tshivam4', 'wang159', 'tgroom', 'raka', 'stevensun129', 'zhan3719', 'ewestph', 'lcozzi', 'gmathews', 'hschroad', 'charles1638', 'nballint', 'hutchi21', 'srrohit7', 'zhiyangwen', 'psonalka', 'cao95', 'srayasam', 'mazumder', 'kennelt', 'dai109', 'ding172', 'mmh', 'mohamedn', 'rodri454', 'desai61', 'radhakv', 'myers283', 'wstolz', 'zhifan', 'hdalton', 'peter496', 'kevindurex', 'sawantk', 'deshmukv', 'jstalba', 'brow1417', 'sdhamank', 'mgrande', 'wang2700', 'zhifanke', 'alafzi', 'taeksanglee', 'chengbo', 'adandeka', 'haoyangliu', 'khandel4', 'han609', 'xils2009', 'alotaibi', 'jbarsima', 'ngasteyer', 'shah484', 'belmontj', 'lfacchin', 'cwhitter', 'jroar21', 'yang1673', 'oerturk', 'webb96', 'zhan3729', 'shi448', 'rnaon', 'zhao1019', 'abuganza', 'proycho', 'jo30', 'kuhlenh', 'jianwen97', 'mishra94', 'pkolis', 'jaggarw', 'rose68', 'kulkar72', 'hnowak', 'tsimon', 'johnobamedo', 'zhengweichen', 'fakimov', 'kim2957', 'galileonardo']",122,"['porte107', 'gentry9', 'mcclurez', 'sahilshah16', 'chang', 'shem935', 'steele61', 'pandinghao1', 'dast', 'mfarnell', 'kristiaan2017', 'hallberg.brad', 'thuqsy1995', 'nathanknodel', 'yadav35', 'ychenr', 'hanariddle', 'hou111', 'mciver', 'jverduzc', 'dfarache', 'chentuanyu', 'hvr', 'jinchizhang6', 'buchanaw', 'paulmather', 'pate1205', 'mmelcer', 'dtibbo', 'mukher25', 'meng116', 'davi1004', 'gu84', 'sweis', 'lpl', 'kruege14', 'roth70', 'tshivam4', 'wang159', 'tgroom', 'abhivictor2', 'raka', 'stevensun129', 'zhan3719', 'ewestph', 'lcozzi', 'gmathews', 'hschroad', 'charles1638', 'nballint', 'hutchi21', 'srrohit7', 'zhiyangwen', 'psonalka', 'cao95', 'srayasam', 'mazumder', 'kennelt', 'dai109', 'ding172', 'mmh', 'mohamedn', 'rodri454', 'desai61', 'radhakv', 'myers283', 'wstolz', 'zhifan', 'hdalton', 'peter496', 'kevindurex', 'sawantk', 'deshmukv', 'jstalba', 'brow1417', 'sdhamank', 'mgrande', 'wang2700', 'zhifanke', 'alafzi', 'taeksanglee', 'sachadervi', 'chengbo', 'adandeka', 'haoyangliu', 'khandel4', 'han609', 'xils2009', 'alotaibi', 'jbarsima', 'ngasteyer', 'gjhanwar', 'shah484', 'belmontj', 'lfacchin', 'cwhitter', 'jroar21', 'yang1673', 'oerturk', 'webb96', 'zhan3729', 'shi448', 'rnaon', 'zhao1019', 'abuganza', 'proycho', 'jo30', 'kuhlenh', 'jianwen97', 'mishra94', 'pkolis', 'jaggarw', 'rose68', 'kulkar72', 'hnowak', 'tsimon', 'bmodel', 'johnobamedo', 'zhengweichen', 'fakimov', 'kim2957', 'galileonardo']"
156,52,6,26,3,"['jarmatag', 'mfelixca', 'zirshovon']",2,"['23dpande', 'sankethedduri']",23,"['yansijie5jimmy', 'jcpowel8', 'httran15', 'mgarber', 'dbsmit12', 'vishaliitn', 'pgonza20', 'zchen194', 'mgoryll', None, 'wilford938', 'hmillman', 'tdryer', 'agardeck', 'kwang118', 'jennifernavarrete49', 'sawadall', 'zhizhouh', 'gkim50', 'liviangels97', 'kthomass', 'jzilberm', 'aarabit']",28,"['yansijie5jimmy', 'jcpowel8', 'httran15', 'mgarber', 'dbsmit12', 'vishaliitn', 'pgonza20', 'zchen194', '23dpande', 'mgoryll', None, 'jarmatag', 'wilford938', 'hmillman', 'tdryer', 'agardeck', 'kwang118', 'jennifernavarrete49', 'sawadall', 'zhizhouh', 'gkim50', 'liviangels97', 'zirshovon', 'kthomass', 'jzilberm', 'mfelixca', 'aarabit', 'sankethedduri']"
156,28,6,15,1,['sankethedduri'],4,"['jarmatag', '23dpande', 'mfelixca', 'zirshovon']",14,"['nevzatsevim97', 'nwilli43', 'jianwen421', 'astiff', 'atm54', 'sunbowen', 'adrsto', 'qianqihong', 'genesishig7273', 'koknatga', 'nightshadequeen', 'faris.albarghouthi', None, 'daijingyuan805']",19,"['nevzatsevim97', 'nwilli43', 'astiff', 'atm54', 'sunbowen', 'qianqihong', 'genesishig7273', '23dpande', None, 'daijingyuan805', 'jarmatag', 'jianwen421', 'nightshadequeen', 'koknatga', 'zirshovon', 'faris.albarghouthi', 'mfelixca', 'sankethedduri', 'adrsto']"
156,26,6,12,1,['sankethedduri'],4,"['jarmatag', '23dpande', 'mfelixca', 'zirshovon']",11,"['jianwen421', 'astiff', 'farisyugi', 'moarabi', 'sunbowen', 'alex.mangus1996', 'genesishig72', 'qianqihong', 'adrsto', None, 'daijingyuan805']",16,"['farisyugi', 'astiff', 'moarabi', 'sunbowen', 'alex.mangus1996', 'qianqihong', '23dpande', None, 'daijingyuan805', 'jarmatag', 'jianwen421', 'genesishig72', 'zirshovon', 'mfelixca', 'sankethedduri', 'adrsto']"
156,51,6,9,2,"['23dpande', 'sankethedduri']",3,"['jarmatag', 'mfelixca', 'zirshovon']",7,"['nevzatsevim97', 'aakhilsingh', 'vsomayaji97', 'mizhgun4000', 'ashwinmahendra98', 'nightshadequeen', None]",12,"['jarmatag', 'nevzatsevim97', 'aakhilsingh', 'vsomayaji97', 'mizhgun4000', 'nightshadequeen', 'ashwinmahendra98', 'zirshovon', '23dpande', 'mfelixca', None, 'sankethedduri']"
156,29,6,7,3,"['jarmatag', 'mfelixca', 'zirshovon']",2,"['23dpande', 'sankethedduri']",4,"['mgoryll', None, 'xzhan445', 'tienvo1']",9,"['jarmatag', 'xzhan445', 'tienvo1', 'mgoryll', 'zirshovon', '23dpande', 'mfelixca', None, 'sankethedduri']"
158,372,6,22,4,"['yuxuan', 'joy_roy', 'sudhanano', 'sinjan1994']",1,['kwabena442'],18,"['sabilakader08', 'timalsinabikash', 'ade234', 'muztobarabbani', 'magness', 'malditoguero', 'ash400', 'sajal.eee.pau', 'sakidja', 'kwabena9978', 'alinbabu', 'nadib', 'rkhadka', 'tauhid93', 'shahidulasif', 'moudip123', None, 'abu007']",23,"['sabilakader08', 'ade234', 'yuxuan', 'sajal.eee.pau', 'kwabena442', 'kwabena9978', 'alinbabu', 'tauhid93', 'shahidulasif', 'nadib', 'moudip123', 'abu007', None, 'joy_roy', 'timalsinabikash', 'muztobarabbani', 'magness', 'malditoguero', 'sakidja', 'rkhadka', 'sinjan1994', 'ash400', 'sudhanano']"
158,367,6,21,5,"['joy_roy', 'yuxuan', 'kwabena442', 'sinjan1994', 'sudhanano']",0,[],16,"['sabilakader08', 'timalsinabikash', 'ade234', 'muztobarabbani', 'magness', 'malditoguero', 'ash400', 'sajal.eee.pau', 'sakidja', 'alinbabu', 'nadib', 'rkhadka', 'tauhid93', 'shahidulasif', None, 'abu007']",21,"['sabilakader08', 'ade234', 'yuxuan', 'sajal.eee.pau', 'kwabena442', 'alinbabu', 'tauhid93', 'shahidulasif', 'nadib', None, 'abu007', 'joy_roy', 'timalsinabikash', 'muztobarabbani', 'magness', 'malditoguero', 'sakidja', 'rkhadka', 'sinjan1994', 'ash400', 'sudhanano']"
158,368,6,20,4,"['yuxuan', 'joy_roy', 'kwabena442', 'sinjan1994']",1,['sudhanano'],16,"['sabilakader08', 'timalsinabikash', 'ade234', 'muztobarabbani', 'magness', 'malditoguero', 'ash400', 'sajal.eee.pau', 'sakidja', 'alinbabu', 'nadib', 'rkhadka', 'tauhid93', 'shahidulasif', None, 'abu007']",21,"['sabilakader08', 'ade234', 'yuxuan', 'sajal.eee.pau', 'kwabena442', 'alinbabu', 'tauhid93', 'shahidulasif', 'nadib', None, 'abu007', 'joy_roy', 'timalsinabikash', 'muztobarabbani', 'magness', 'malditoguero', 'sakidja', 'rkhadka', 'sinjan1994', 'ash400', 'sudhanano']"
158,369,6,18,5,"['joy_roy', 'yuxuan', 'kwabena442', 'sinjan1994', 'sudhanano']",0,[],13,"['sabilakader08', 'timalsinabikash', 'ade234', 'magness', 'ash400', 'malditoguero', 'sakidja', 'alinbabu', 'rkhadka', 'nadib', 'shahidulasif', None, 'abu007']",18,"['sabilakader08', 'ade234', 'yuxuan', 'kwabena442', 'alinbabu', 'shahidulasif', 'nadib', None, 'abu007', 'joy_roy', 'timalsinabikash', 'magness', 'malditoguero', 'sakidja', 'rkhadka', 'sinjan1994', 'ash400', 'sudhanano']"
158,376,6,18,1,['sudhanano'],4,"['yuxuan', 'joy_roy', 'kwabena442', 'sinjan1994']",17,"['sabilakader08', 'shahidulasif', 'timalsinabikash', 'ade234', 'muztobarabbani', 'magness', 'malditoguero', 'sajal.eee.pau', 'sakidja', 'kwabena9978', 'alinbabu', 'rkhadka', 'tauhid93', 'ash400', 'moudip123', None, 'abu007']",22,"['sabilakader08', 'ade234', 'yuxuan', 'sajal.eee.pau', 'kwabena442', 'kwabena9978', 'alinbabu', 'tauhid93', 'shahidulasif', 'moudip123', None, 'abu007', 'joy_roy', 'timalsinabikash', 'magness', 'muztobarabbani', 'malditoguero', 'sakidja', 'rkhadka', 'sinjan1994', 'ash400', 'sudhanano']"
158,110,6,17,5,"['joy_roy', 'yuxuan', 'kwabena442', 'sinjan1994', 'sudhanano']",0,[],12,"['timalsinabikash', 'ade234', 'magness', 'malditoguero', 'sakidja', 'alinbabu', 'rkhadka', 'nadib', 'tauhid93', 'shahidulasif', None, 'abu007']",17,"['ade234', 'yuxuan', 'kwabena442', 'alinbabu', 'tauhid93', 'shahidulasif', 'nadib', None, 'abu007', 'joy_roy', 'timalsinabikash', 'magness', 'malditoguero', 'sakidja', 'rkhadka', 'sinjan1994', 'sudhanano']"
