MClusterID,XClusterID,MClusterSize,XClusterSize,OverlapSize,OverlapMembers,MOnlySize,MOnlyMembers,XOnlySize,XOnlyMembers,CombinedSize,CombinedMembers
1,387,281,271,24,"['pablosande98', 'manuel10suarez10', 'marniesan', 'exareivaj', 'mmartinezsanchez', 'juansans98', 'xoanmayo', 'aloptor', 'myez', 'foojorge', 'lidiadom', 'miguel_fernandez', 'xoangon', 'iagomillanentenza', 'fofi94', 'caetano.eirea', 'martinzapatamartinez', 'samuelfl', 'jdanivc', 'clara.landesa', 'isaac.dominguez4444', 'qumo4329', 'juanjoseo', 'uxiavelca']",257,"['anderson.bi', 'laurenp', 'rakki.datta', 'ottoridemar', 'wangjianed_1992', 'antonionito1993', 'carterkirkendoll', 'yzarni89', 'ryu.j', 'chenre', 'ralfli', 'miri23', 'dariogarred', 'anamconrado', 'lianyi96', 'carlosbesadaromero', 'lluissanuy', 'antoinelegare', 'sergiogrcsnchz', 'e.fisicahamza', 'policon', 'thunaung', 'zewei', 'a997154508', 'junwen', 'christsun', 'elena.j.g', 'xxy0501', 'andreasorroche', 'andrea.mendez', 'danielfdezcalo', 'pablosempredepor97', 'akamsali', 'victortorressuch', 'cristinacostas', 'alecorti.pardo', 'xhan009', 'aliraza2013ee360', 'emixose', 'choikj', 'xxxxiaofan', 'gonzalogbb', 'david.garrido', 'fabiolajsanlop', 'aidan.rooney17', 'mihai.pislaru.fisica', 'stgermain.b', 'juancarlosroutrera', 'costasdiego97', 'claudia.puga', 'fran.mosquera.pena', 'pablojosecalvo', 'dulguun_021', 'michaelcameronmcdonald', 'hdelatorre3524', 'paula.mourino', 'tonybocadillosgrandes', 'liuman961021', 'jerome.alag', 'e0427406', 'fernando_ibarra', 'shikhararvind', 'alejandromo1610', 'p.suarez97', 'jinfengleong', 'isaferjim', 'shizhan.flood', 'mariamfontan', 'cxiuqi1', 'guyu', 'niravsurajlal', 'wtq77', 'mihaipx', 'abdulhaiyum.f', 'alsyaari', 'watashi.legion', 'davidga568', 'xiaolei', 'savardbastien', 'jgm2096', 'alexsanchezcast', 'isaac.carrillo', 'pablocrespo11', 'jaimedmj', 'brunolopez', 'julioug1', 'kennyxsy', 'pmvd95', 'melonlzheng', 'pedrobeko98', 'haominl1997', 'dang.e', 'h_elmenier', 'henglund', 'prra6646', 'sebastianvromero', 'elviracastillo', 'pedrogea08', 'sohamsawant912', 'elmanguito', 'iagopardo97', 'lluisgonzaga96', 'roberto.nava', 'bgutierrez', 'limengyuanli66', 'noxis986', 'yuxian123', 'zhaoyu960207', 'sstty7', 'shihhaotsai', 'aledes', 'rysw5590', 'guojunxiong25', 'zakizhou', 'enriquevaliente17', 'mari.paucom', 'pablo.garcia.bas', 'yingxue58', 'j.guedegar', 'jameslin', 'danidm', 'comeseetake', 'isafdez', 'justinegiroux', 'alicia.mosq', 'brendaorea15', 'edgarmtz', 'chema', 'guoxg46', 'tergel1999', 'jesslyn', 'sangkyu.sun', 'miguellopezcardenas98', '2015soham.sawant', 'maurobn98', 'floren_ff', 'danidrivas98', 'rayoaki7', 'nuriatellado', 'anar4331', 'agarviespi', 'cytuslll1997', 'leoncc', 'plmolina4', 'rubenortega', 'sergiocalo.barranha', 'clarahernandez05f', 'feijoomartina', 'bingshengliu', 'uutty2010', 'mordor', 'zhs002', 'dyoh5119', 'e.ivanlopgar1997', 'andrei.luneow01031999', 'jiaqi.guoguo', 'nivedaksubramanian', 'chenyue', 'albertoccz', 'angelaturnes', 'iagomoscer', 'esteban.figueroa', 'chenxiwang', 'manucro10', 'gkkk6', '9.genest.gabriel', 'qwe', 'luisbarrios', 'dalder', 'al16do06', 'gonzavt15', 'blasern', 'ero15953', 'martin32', '836054323_wj', 'ergobe3', 'miaocx714', 'salamghgh20', 'elmu6301', 'veronica.castro', 'gbatzorig268', 'pablolopezexposito', 'valeriamg', 'savas', 'albertoangulo', 'alex_varela_17', 'thackettt', 'pablomd', 'hit.kamble', 'austinz', 'chenxi', 'antonio98y', 'arturocastro94', 'ionemanuelmoralesrosales', 'dja19951995', 'marinabm', 'clarachapela10', 'ejg98', 'ee5502', 'amirbadshah224', 'alyabra', 'albacosta', 'gmedina', 'dariogarciaredecillas', 'melissa5', 'francisxavgr', 'hamza32amar', 'essheh', 'wmy', 'alyabra.vargas', 'e.jojusalo', 'chrispvnofficial', 'chwi7664', 'xiaode', 'hewutanyuan', 'campamarin', 'paula.bolboreta', 'juanariza', 'miguelpinocarmona', 'japrz', 'fabiola.santos', 'martin.gutierrez', 'songy', 'bellmanz', 'lucamonduzzi96', 'soddy1996', 'ivan1', 'sylim1', 'elisa.vicenteei', 'mgupta15', 'cmoadne', 'anselmoantorcha', 'zhang.jiayu', 'juanjotromp', 'simoncarloscartamil', 'alyabra.alejandro', 'wanghb', 'hariprasanna', 'adec', 'berzasnon', 'joannesy', 'ch2922', 'wang.yaoz', 'praveens013', 'bulganb28', 'ludoba2912', 'e.lucasnavarrog', 'sotmas', 'nuriamj', 'lauragdevesa', 'kong2020', 'joeanszxc', 'facundobonfiglio', 'albertortepin', 'luisgfloreslarrea', 'zihang', 'jbalderasfernandez']",247,"['koakhyunji', 'jenniferperez1', 'cicalesej', 'bha00001', 'anamichelena', 'alskdjfh6161', 'chohyundong12', 'b.isenberg', 'kepco2020a', 'wjdekgus77', 'tristram', 'beper53', 'boody456366', 'xfiles', 'daniel.robin22', 'anais3', 'nerwin', 'adrianhochgesang', 'ardisch123', 'itskatomall', 'suyoneee', 'kyserch', 'roychoudhuryaditya2019', 'adp5383', 'rricardo0324', 'aanupam3', 'sgu20151463', 'n3b3x', 'supernhtr', 'ryuhoin2002', 'mtanzi', 'sallysong683', 'philg', 'cjs476', 'dmeyer1998', 'mis5660', 'anstjd1542', 'mertyamanoglu', 'cbnuleejinwoo', 'sooooooy314', 'gekco', 'u1121281', 'emilioar', 'anstpdlffj3', 'naitix', 'sumintnals', 'gonserr', 'navya.k.shastri', 'bsusol2', 'georgeckchen', 'rhrna007', 'hellbomber101', 'ohh99o9', 'chdu6864', 'nakkulab', 'hjshook', 'student1000', 'antoramp', 'siyuezheng', 'ekdms0894', 'jmy0002', 'foghel96', 'raymondzhou227', 'matthewdailey', 'dangover94', 'immmin6677', 'sschneider874', 'parkface94', 'kunge0054', 'ana.rmteo', 'josedamiangarcianoya', 'ye02', 'chzh1341', 'danielm78', 'tmdorsey', 'ylanbdr', 'u1285150', 'titanking231', 'thomas.poulin', 'matthewleemle2', 'ludovick', 'bbatuhanbilecen', 'juho4523', 'dale7283', 'palzmq', 'andrea.oldham97', 'jasperdeconinck', 'gipes', 'idargu90', 'xogus102929', 'nes1011', 'nargene', 'emt2', 'logankraus', 'bobbimatheson', 'giung0227', 'sherwmit', 'eserafimbortolazzo', 'jonathan.balent', 'rachel.blaydes', 'ghtlstnf7', 'u0360918', 'franktib2', 'vetterd', 'ziyue2', 'finnclements', None, 'bw02203', 'dbister', 'dorxlqmdkdlel', 'cjsxodnd12', 'dbeciri45', 'eunice98k', 'byeolguri', 'coopjord', 'tjtks4730', 'johnlanghout', 'sukjunyeo', 'u1201859', 'sabintandukar', 'lhc33820933', 'hancheyn', 'rohdej', 'ghobashy445', 'eogn1004', 'jhryu1994', 'reyda', 'taylordavis678', 'toast', 'kesu1234', 'dish1498', 'graceml2', 'qkslqksl951', 'yjn3492', 'u0543041', 'cmoauro2', 'kirollos.morcos.km', 'mocha7411', 'jiaolh', 'jn12su27', 'yassminsabry', 'cbo3', 'zlapvmf', 'estalin', 'glevita2', 'jesusgiraldez', 'martinperezmaneiro', 'danielcondetorres', 'antonio25', 'dhkswk96', 'khfrum', 'msubullies1', 'marshallfrye', 'declanb', 'm0650104.ee06g', 'rbb0001', 'hyerim100600', 'bassel0elgharbawy0', 'zrm0001', 'aia00001', 'ignaciomilani', 'petercp2', 'pichoncillo1', 'mitchell.shields99', 'guillermocam', 'b.benson', 'spazos', '123whdxor', 'vandelei', 'soddi1621', 'mauro_sg', 'socrat', 'qncowlf10', 'e.pmcrespo', 'mikesnure', 'wodnjssnsk12', 'rachelgjohnson', 'abal2474', 'lsj4677', 'hs960531', 'yougyeongo', 'shabnashreej', 'doog9601', 'hayejord', 'giacomo.bego', 'kendalhiatt', 'qwerty0637', 'corozco', 'yoojeong9925', 'tpollei', 'yoonek6719', 'lwang82', 'ezsamsuntung', 'axelbelgarde', 'mcdonald.josh', 'jrichman99', 'gcxmoffice1994', 'jeandavid', 'francike', 'andreagcoto', 'thddpwls257', 'jaephago', 'tnqls3409', 'jboniuk98', 'marcospascualin', 'dnlek12', 'zaubin42', 'alberto4', 'mattmattmerrill', 'rygr8576', 'jakubpepas', 'genius_p', 'nshamsi', 'chvk4161', 'blake.ballou08', 'htj1104', 'dariushkim', 'aht47', 'therahuul', 'mehdibandali', 'pablocl', 'junzed2', 'ganaaa12a', 'tonni1912', 'jedelkind0117', 'latourem', 'jlkirk', 'macks', 'sportmonkey584', 'alw0039', 'rsp79', 'josig2011', 'ophelie10', 'k66773659', 'qottkf6194', 'iflueck2', 'piri940511', '5dustkd', 'dldnals2020', 'lukebidulka', 'pedro.julian', 'carlosvigo1997', 'leesk4869', 'smdesrochers', 'hyerim1006000', 'giacomo.munari.1', 'ybso1566']",528,"['anderson.bi', 'jenniferperez1', 'cicalesej', 'bha00001', 'wangjianed_1992', 'anamichelena', 'chohyundong12', 'manuel10suarez10', 'b.isenberg', 'tristram', 'ryu.j', 'chenre', 'ralfli', 'miri23', 'dariogarred', 'beper53', 'xfiles', 'daniel.robin22', 'juansans98', 'anais3', 'adrianhochgesang', 'lianyi96', 'lluissanuy', 'antoinelegare', 'suyoneee', 'e.fisicahamza', 'thunaung', 'roychoudhuryaditya2019', 'lidiadom', 'aanupam3', 'christsun', 'miguel_fernandez', 'elena.j.g', 'xxy0501', 'andreasorroche', 'andrea.mendez', 'supernhtr', 'ryuhoin2002', 'danielfdezcalo', 'pablosempredepor97', 'akamsali', 'mtanzi', 'alecorti.pardo', 'xhan009', 'cjs476', 'xxxxiaofan', 'gonzalogbb', 'mertyamanoglu', 'cbnuleejinwoo', 'aidan.rooney17', 'mihai.pislaru.fisica', 'stgermain.b', 'sooooooy314', 'gekco', 'claudia.puga', 'fran.mosquera.pena', 'pablojosecalvo', 'michaelcameronmcdonald', 'hdelatorre3524', 'gonserr', 'tonybocadillosgrandes', 'bsusol2', 'e0427406', 'fernando_ibarra', 'georgeckchen', 'shikhararvind', 'hellbomber101', 'ohh99o9', 'uxiavelca', 'jinfengleong', 'nakkulab', 'student1000', 'antoramp', 'siyuezheng', 'shizhan.flood', 'immmin6677', 'matthewdailey', 'guyu', 'sschneider874', 'niravsurajlal', 'pablosande98', 'wtq77', 'parkface94', 'kunge0054', 'ye02', 'chzh1341', 'marniesan', 'watashi.legion', 'danielm78', 'xiaolei', 'savardbastien', 'alexsanchezcast', 'matthewleemle2', 'bbatuhanbilecen', 'pablocrespo11', 'brunolopez', 'julioug1', 'andrea.oldham97', 'pmvd95', 'melonlzheng', 'pedrobeko98', 'idargu90', 'xogus102929', 'nes1011', 'xoangon', 'henglund', 'sebastianvromero', 'samuelfl', 'elviracastillo', 'sohamsawant912', 'elmanguito', 'eserafimbortolazzo', 'iagopardo97', 'roberto.nava', 'rachel.blaydes', 'ghtlstnf7', 'bgutierrez', 'vetterd', 'noxis986', None, 'bw02203', 'shihhaotsai', 'aledes', 'coopjord', 'rysw5590', 'tjtks4730', 'enriquevaliente17', 'lhc33820933', 'pablo.garcia.bas', 'hancheyn', 'rohdej', 'j.guedegar', 'jameslin', 'comeseetake', 'isafdez', 'alicia.mosq', 'jhryu1994', 'mmartinezsanchez', 'reyda', 'edgarmtz', 'chema', 'guoxg46', 'tergel1999', 'toast', 'kesu1234', 'dish1498', 'graceml2', 'qkslqksl951', '2015soham.sawant', 'u0543041', 'danidrivas98', 'rayoaki7', 'nuriatellado', 'anar4331', 'mocha7411', 'jiaolh', 'jn12su27', 'yassminsabry', 'estalin', 'glevita2', 'jesusgiraldez', 'caetano.eirea', 'bingshengliu', 'uutty2010', 'zhs002', 'dyoh5119', 'e.ivanlopgar1997', 'dhkswk96', 'khfrum', 'msubullies1', 'jiaqi.guoguo', 'nivedaksubramanian', 'albertoccz', 'angelaturnes', 'iagomoscer', 'esteban.figueroa', 'chenxiwang', 'manucro10', 'm0650104.ee06g', 'rbb0001', 'bassel0elgharbawy0', 'aia00001', 'ignaciomilani', 'petercp2', 'mitchell.shields99', 'luisbarrios', '123whdxor', 'soddi1621', 'mauro_sg', 'socrat', 'qncowlf10', 'martin32', 'mikesnure', 'abal2474', 'lsj4677', 'hs960531', 'salamghgh20', 'yougyeongo', 'gbatzorig268', 'hayejord', 'valeriamg', 'savas', 'giacomo.bego', 'alex_varela_17', 'qwerty0637', 'thackettt', 'corozco', 'tpollei', 'pablomd', 'yoonek6719', 'hit.kamble', 'austinz', 'chenxi', 'arturocastro94', 'axelbelgarde', 'jeandavid', 'andreagcoto', 'amirbadshah224', 'marcospascualin', 'dnlek12', 'gmedina', 'dariogarciaredecillas', 'melissa5', 'francisxavgr', 'zaubin42', 'martinzapatamartinez', 'chwi7664', 'rygr8576', 'paula.bolboreta', 'juanariza', 'miguelpinocarmona', 'japrz', 'fabiola.santos', 'jakubpepas', 'genius_p', 'nshamsi', 'lucamonduzzi96', 'chvk4161', 'ivan1', 'dariushkim', 'isaac.dominguez4444', 'therahuul', 'elisa.vicenteei', 'mgupta15', 'junzed2', 'cmoadne', 'anselmoantorcha', 'ganaaa12a', 'latourem', 'simoncarloscartamil', 'rsp79', 'josig2011', 'wanghb', 'berzasnon', 'joannesy', 'qottkf6194', 'praveens013', 'iflueck2', 'e.lucasnavarrog', 'dldnals2020', 'nuriamj', 'pedro.julian', 'kong2020', 'leesk4869', 'facundobonfiglio', 'dmeyer1998', 'hyerim1006000', 'jbalderasfernandez', 'laurenp', 'rakki.datta', 'koakhyunji', 'alskdjfh6161', 'ottoridemar', 'kepco2020a', 'antonionito1993', 'carterkirkendoll', 'wjdekgus77', 'yzarni89', 'boody456366', 'anamconrado', 'nerwin', 'ardisch123', 'carlosbesadaromero', 'sergiogrcsnchz', 'xoanmayo', 'policon', 'itskatomall', 'zewei', 'a997154508', 'kyserch', 'adp5383', 'foojorge', 'rricardo0324', 'junwen', 'sgu20151463', 'n3b3x', 'fofi94', 'victortorressuch', 'cristinacostas', 'sallysong683', 'philg', 'jdanivc', 'aliraza2013ee360', 'emixose', 'choikj', 'david.garrido', 'mis5660', 'anstjd1542', 'fabiolajsanlop', 'u1121281', 'juancarlosroutrera', 'emilioar', 'costasdiego97', 'anstpdlffj3', 'naitix', 'dulguun_021', 'paula.mourino', 'sumintnals', 'navya.k.shastri', 'liuman961021', 'jerome.alag', 'rhrna007', 'alejandromo1610', 'p.suarez97', 'chdu6864', 'hjshook', 'ekdms0894', 'jmy0002', 'isaferjim', 'foghel96', 'mariamfontan', 'raymondzhou227', 'cxiuqi1', 'dangover94', 'mihaipx', 'abdulhaiyum.f', 'alsyaari', 'ana.rmteo', 'josedamiangarcianoya', 'tmdorsey', 'u1285150', 'ylanbdr', 'davidga568', 'titanking231', 'thomas.poulin', 'jgm2096', 'ludovick', 'isaac.carrillo', 'juho4523', 'aloptor', 'jaimedmj', 'dale7283', 'palzmq', 'jasperdeconinck', 'kennyxsy', 'gipes', 'haominl1997', 'dang.e', 'h_elmenier', 'nargene', 'emt2', 'prra6646', 'logankraus', 'bobbimatheson', 'giung0227', 'pedrogea08', 'sherwmit', 'lluisgonzaga96', 'jonathan.balent', 'u0360918', 'franktib2', 'ziyue2', 'finnclements', 'limengyuanli66', 'yuxian123', 'zhaoyu960207', 'sstty7', 'dbister', 'dorxlqmdkdlel', 'cjsxodnd12', 'dbeciri45', 'eunice98k', 'byeolguri', 'johnlanghout', 'guojunxiong25', 'zakizhou', 'sukjunyeo', 'u1201859', 'mari.paucom', 'sabintandukar', 'yingxue58', 'ghobashy445', 'eogn1004', 'danidm', 'justinegiroux', 'exareivaj', 'brendaorea15', 'taylordavis678', 'jesslyn', 'sangkyu.sun', 'miguellopezcardenas98', 'maurobn98', 'yjn3492', 'myez', 'cmoauro2', 'floren_ff', 'kirollos.morcos.km', 'cbo3', 'agarviespi', 'zlapvmf', 'cytuslll1997', 'leoncc', 'plmolina4', 'rubenortega', 'sergiocalo.barranha', 'martinperezmaneiro', 'clarahernandez05f', 'feijoomartina', 'danielcondetorres', 'mordor', 'antonio25', 'andrei.luneow01031999', 'marshallfrye', 'declanb', 'chenyue', 'hyerim100600', 'zrm0001', 'gkkk6', 'juanjoseo', '9.genest.gabriel', 'qwe', 'pichoncillo1', 'guillermocam', 'b.benson', 'spazos', 'dalder', 'vandelei', 'al16do06', 'gonzavt15', 'blasern', 'ero15953', '836054323_wj', 'e.pmcrespo', 'wodnjssnsk12', 'ergobe3', 'rachelgjohnson', 'miaocx714', 'shabnashreej', 'elmu6301', 'veronica.castro', 'doog9601', 'pablolopezexposito', 'kendalhiatt', 'albertoangulo', 'yoojeong9925', 'lwang82', 'antonio98y', 'ionemanuelmoralesrosales', 'dja19951995', 'marinabm', 'ezsamsuntung', 'mcdonald.josh', 'jrichman99', 'gcxmoffice1994', 'francike', 'clarachapela10', 'ejg98', 'thddpwls257', 'jaephago', 'ee5502', 'alyabra', 'tnqls3409', 'jboniuk98', 'albacosta', 'hamza32amar', 'essheh', 'iagomillanentenza', 'wmy', 'alyabra.vargas', 'e.jojusalo', 'chrispvnofficial', 'xiaode', 'hewutanyuan', 'alberto4', 'mattmattmerrill', 'campamarin', 'blake.ballou08', 'htj1104', 'martin.gutierrez', 'songy', 'bellmanz', 'aht47', 'soddy1996', 'mehdibandali', 'clara.landesa', 'pablocl', 'sylim1', 'qumo4329', 'tonni1912', 'jedelkind0117', 'zhang.jiayu', 'smdesrochers', 'jlkirk', 'macks', 'juanjotromp', 'sportmonkey584', 'alw0039', 'alyabra.alejandro', 'hariprasanna', 'adec', 'ch2922', 'ophelie10', 'wang.yaoz', 'k66773659', 'bulganb28', 'piri940511', '5dustkd', 'ludoba2912', 'sotmas', 'lukebidulka', 'lauragdevesa', 'joeanszxc', 'carlosvigo1997', 'albertortepin', 'giacomo.munari.1', 'ybso1566', 'luisgfloreslarrea', 'zihang']"
1,14,281,53,52,"['wtq77', 'alsyaari', 'jameslin', 'wangjianed_1992', 'comeseetake', 'yzarni89', 'xiaolei', 'ralfli', 'guoxg46', 'jesslyn', 'austinz', '2015soham.sawant', 'policon', 'thunaung', 'kennyxsy', 'ee5502', 'christsun', 'zihang', 'cytuslll1997', 'francisxavgr', 'wmy', 'hewutanyuan', 'xiaode', 'xhan009', 'uutty2010', 'songy', 'sohamsawant912', 'sylim1', 'jiaqi.guoguo', 'chenyue', 'cmoadne', 'liuman961021', 'jerome.alag', 'limengyuanli66', 'wanghb', 'yuxian123', 'e0427406', 'joannesy', 'gkkk6', 'zhaoyu960207', 'shihhaotsai', 'ch2922', 'qwe', 'jinfengleong', 'praveens013', 'joeanszxc', 'zakizhou', '836054323_wj', 'kong2020', 'cxiuqi1', 'guyu', 'miaocx714']",229,"['anderson.bi', 'manuel10suarez10', 'ryu.j', 'chenre', 'miri23', 'dariogarred', 'juansans98', 'lianyi96', 'lluissanuy', 'antoinelegare', 'e.fisicahamza', 'lidiadom', 'miguel_fernandez', 'elena.j.g', 'xxy0501', 'andreasorroche', 'andrea.mendez', 'danielfdezcalo', 'pablosempredepor97', 'akamsali', 'alecorti.pardo', 'xxxxiaofan', 'gonzalogbb', 'aidan.rooney17', 'mihai.pislaru.fisica', 'stgermain.b', 'claudia.puga', 'fran.mosquera.pena', 'pablojosecalvo', 'michaelcameronmcdonald', 'hdelatorre3524', 'tonybocadillosgrandes', 'fernando_ibarra', 'shikhararvind', 'uxiavelca', 'shizhan.flood', 'niravsurajlal', 'pablosande98', 'marniesan', 'watashi.legion', 'savardbastien', 'alexsanchezcast', 'pablocrespo11', 'brunolopez', 'julioug1', 'pmvd95', 'melonlzheng', 'pedrobeko98', 'xoangon', 'henglund', 'sebastianvromero', 'samuelfl', 'elviracastillo', 'elmanguito', 'iagopardo97', 'roberto.nava', 'bgutierrez', 'noxis986', 'aledes', 'rysw5590', 'enriquevaliente17', 'pablo.garcia.bas', 'j.guedegar', 'isafdez', 'alicia.mosq', 'mmartinezsanchez', 'edgarmtz', 'chema', 'tergel1999', 'danidrivas98', 'rayoaki7', 'nuriatellado', 'anar4331', 'caetano.eirea', 'bingshengliu', 'zhs002', 'dyoh5119', 'e.ivanlopgar1997', 'nivedaksubramanian', 'albertoccz', 'angelaturnes', 'iagomoscer', 'esteban.figueroa', 'chenxiwang', 'manucro10', 'luisbarrios', 'martin32', 'salamghgh20', 'gbatzorig268', 'valeriamg', 'savas', 'alex_varela_17', 'thackettt', 'pablomd', 'hit.kamble', 'chenxi', 'arturocastro94', 'amirbadshah224', 'gmedina', 'dariogarciaredecillas', 'melissa5', 'martinzapatamartinez', 'chwi7664', 'paula.bolboreta', 'juanariza', 'miguelpinocarmona', 'japrz', 'fabiola.santos', 'lucamonduzzi96', 'ivan1', 'isaac.dominguez4444', 'elisa.vicenteei', 'mgupta15', 'anselmoantorcha', 'simoncarloscartamil', 'berzasnon', 'e.lucasnavarrog', 'nuriamj', 'facundobonfiglio', 'jbalderasfernandez', 'laurenp', 'rakki.datta', 'ottoridemar', 'antonionito1993', 'carterkirkendoll', 'anamconrado', 'carlosbesadaromero', 'sergiogrcsnchz', 'xoanmayo', 'zewei', 'a997154508', 'foojorge', 'junwen', 'fofi94', 'victortorressuch', 'cristinacostas', 'jdanivc', 'aliraza2013ee360', 'emixose', 'choikj', 'david.garrido', 'fabiolajsanlop', 'juancarlosroutrera', 'costasdiego97', 'dulguun_021', 'paula.mourino', 'alejandromo1610', 'p.suarez97', 'isaferjim', 'mariamfontan', 'mihaipx', 'abdulhaiyum.f', 'davidga568', 'jgm2096', 'isaac.carrillo', 'aloptor', 'jaimedmj', 'haominl1997', 'dang.e', 'h_elmenier', 'prra6646', 'pedrogea08', 'lluisgonzaga96', 'sstty7', 'guojunxiong25', 'mari.paucom', 'yingxue58', 'danidm', 'justinegiroux', 'exareivaj', 'brendaorea15', 'sangkyu.sun', 'miguellopezcardenas98', 'maurobn98', 'myez', 'floren_ff', 'agarviespi', 'leoncc', 'plmolina4', 'rubenortega', 'sergiocalo.barranha', 'clarahernandez05f', 'feijoomartina', 'mordor', 'andrei.luneow01031999', 'juanjoseo', '9.genest.gabriel', 'dalder', 'al16do06', 'gonzavt15', 'blasern', 'ero15953', 'ergobe3', 'elmu6301', 'veronica.castro', 'pablolopezexposito', 'albertoangulo', 'antonio98y', 'ionemanuelmoralesrosales', 'dja19951995', 'marinabm', 'clarachapela10', 'ejg98', 'alyabra', 'albacosta', 'hamza32amar', 'essheh', 'iagomillanentenza', 'alyabra.vargas', 'e.jojusalo', 'chrispvnofficial', 'campamarin', 'martin.gutierrez', 'bellmanz', 'soddy1996', 'clara.landesa', 'qumo4329', 'zhang.jiayu', 'juanjotromp', 'alyabra.alejandro', 'hariprasanna', 'adec', 'wang.yaoz', 'bulganb28', 'ludoba2912', 'sotmas', 'lauragdevesa', 'albertortepin', 'luisgfloreslarrea']",1,[None],282,"['anderson.bi', 'wangjianed_1992', 'manuel10suarez10', 'ryu.j', 'chenre', 'ralfli', 'miri23', 'dariogarred', 'juansans98', 'lianyi96', 'lluissanuy', 'antoinelegare', 'e.fisicahamza', 'thunaung', 'lidiadom', 'christsun', 'miguel_fernandez', 'elena.j.g', 'xxy0501', 'andreasorroche', 'andrea.mendez', 'danielfdezcalo', 'pablosempredepor97', 'akamsali', 'alecorti.pardo', 'xhan009', 'xxxxiaofan', 'gonzalogbb', 'aidan.rooney17', 'mihai.pislaru.fisica', 'stgermain.b', 'claudia.puga', 'fran.mosquera.pena', 'pablojosecalvo', 'michaelcameronmcdonald', 'hdelatorre3524', 'tonybocadillosgrandes', 'e0427406', 'fernando_ibarra', 'shikhararvind', 'uxiavelca', 'jinfengleong', 'shizhan.flood', 'guyu', 'niravsurajlal', 'pablosande98', 'wtq77', 'marniesan', 'watashi.legion', 'xiaolei', 'savardbastien', 'alexsanchezcast', 'pablocrespo11', 'brunolopez', 'julioug1', 'pmvd95', 'melonlzheng', 'pedrobeko98', 'xoangon', 'henglund', 'sebastianvromero', 'samuelfl', 'elviracastillo', 'sohamsawant912', 'elmanguito', 'iagopardo97', 'roberto.nava', 'bgutierrez', 'noxis986', None, 'shihhaotsai', 'aledes', 'rysw5590', 'enriquevaliente17', 'pablo.garcia.bas', 'j.guedegar', 'jameslin', 'comeseetake', 'isafdez', 'alicia.mosq', 'mmartinezsanchez', 'edgarmtz', 'chema', 'guoxg46', 'tergel1999', '2015soham.sawant', 'danidrivas98', 'rayoaki7', 'nuriatellado', 'anar4331', 'caetano.eirea', 'bingshengliu', 'uutty2010', 'zhs002', 'dyoh5119', 'e.ivanlopgar1997', 'jiaqi.guoguo', 'nivedaksubramanian', 'albertoccz', 'angelaturnes', 'iagomoscer', 'esteban.figueroa', 'chenxiwang', 'manucro10', 'luisbarrios', 'martin32', 'salamghgh20', 'gbatzorig268', 'valeriamg', 'savas', 'alex_varela_17', 'thackettt', 'pablomd', 'hit.kamble', 'austinz', 'chenxi', 'arturocastro94', 'amirbadshah224', 'gmedina', 'dariogarciaredecillas', 'melissa5', 'francisxavgr', 'martinzapatamartinez', 'chwi7664', 'paula.bolboreta', 'juanariza', 'miguelpinocarmona', 'japrz', 'fabiola.santos', 'lucamonduzzi96', 'ivan1', 'isaac.dominguez4444', 'elisa.vicenteei', 'mgupta15', 'cmoadne', 'anselmoantorcha', 'simoncarloscartamil', 'wanghb', 'berzasnon', 'joannesy', 'praveens013', 'e.lucasnavarrog', 'nuriamj', 'kong2020', 'facundobonfiglio', 'jbalderasfernandez', 'laurenp', 'rakki.datta', 'ottoridemar', 'antonionito1993', 'carterkirkendoll', 'yzarni89', 'anamconrado', 'carlosbesadaromero', 'sergiogrcsnchz', 'xoanmayo', 'policon', 'zewei', 'a997154508', 'foojorge', 'junwen', 'fofi94', 'victortorressuch', 'cristinacostas', 'jdanivc', 'aliraza2013ee360', 'emixose', 'choikj', 'david.garrido', 'fabiolajsanlop', 'juancarlosroutrera', 'costasdiego97', 'dulguun_021', 'paula.mourino', 'liuman961021', 'jerome.alag', 'alejandromo1610', 'p.suarez97', 'isaferjim', 'mariamfontan', 'cxiuqi1', 'mihaipx', 'abdulhaiyum.f', 'alsyaari', 'davidga568', 'jgm2096', 'isaac.carrillo', 'aloptor', 'jaimedmj', 'kennyxsy', 'haominl1997', 'dang.e', 'h_elmenier', 'prra6646', 'pedrogea08', 'lluisgonzaga96', 'limengyuanli66', 'yuxian123', 'zhaoyu960207', 'sstty7', 'guojunxiong25', 'zakizhou', 'mari.paucom', 'yingxue58', 'danidm', 'justinegiroux', 'exareivaj', 'brendaorea15', 'jesslyn', 'sangkyu.sun', 'miguellopezcardenas98', 'maurobn98', 'myez', 'floren_ff', 'agarviespi', 'cytuslll1997', 'leoncc', 'plmolina4', 'rubenortega', 'sergiocalo.barranha', 'clarahernandez05f', 'feijoomartina', 'mordor', 'andrei.luneow01031999', 'chenyue', 'gkkk6', 'juanjoseo', '9.genest.gabriel', 'qwe', 'dalder', 'al16do06', 'gonzavt15', 'blasern', 'ero15953', '836054323_wj', 'ergobe3', 'miaocx714', 'elmu6301', 'veronica.castro', 'pablolopezexposito', 'albertoangulo', 'antonio98y', 'ionemanuelmoralesrosales', 'dja19951995', 'marinabm', 'clarachapela10', 'ejg98', 'ee5502', 'alyabra', 'albacosta', 'hamza32amar', 'essheh', 'iagomillanentenza', 'wmy', 'alyabra.vargas', 'e.jojusalo', 'chrispvnofficial', 'xiaode', 'hewutanyuan', 'campamarin', 'martin.gutierrez', 'songy', 'bellmanz', 'soddy1996', 'clara.landesa', 'sylim1', 'qumo4329', 'zhang.jiayu', 'juanjotromp', 'alyabra.alejandro', 'hariprasanna', 'adec', 'ch2922', 'wang.yaoz', 'bulganb28', 'ludoba2912', 'sotmas', 'lauragdevesa', 'joeanszxc', 'albertortepin', 'luisgfloreslarrea', 'zihang']"
1,13,281,44,35,"['danidm', 'valeriamg', 'jgm2096', 'pablomd', 'chema', 'alexsanchezcast', 'antonio98y', 'ionemanuelmoralesrosales', 'sergiogrcsnchz', 'aloptor', 'pablocrespo11', 'e.fisicahamza', 'pmvd95', 'andreasorroche', 'plmolina4', 'e.jojusalo', 'victortorressuch', 'campamarin', 'clarahernandez05f', 'japrz', 'juancarlosroutrera', 'e.ivanlopgar1997', 'lluisgonzaga96', 'elisa.vicenteei', 'albertoccz', 'manucro10', 'adec', 'alejandromo1610', 'luisbarrios', 'aledes', 'mariamfontan', 'enriquevaliente17', 'ergobe3', 'pablo.garcia.bas', 'jbalderasfernandez']",246,"['anderson.bi', 'wangjianed_1992', 'manuel10suarez10', 'ryu.j', 'chenre', 'ralfli', 'miri23', 'dariogarred', 'juansans98', 'lianyi96', 'lluissanuy', 'antoinelegare', 'thunaung', 'lidiadom', 'christsun', 'miguel_fernandez', 'elena.j.g', 'xxy0501', 'andrea.mendez', 'danielfdezcalo', 'pablosempredepor97', 'akamsali', 'alecorti.pardo', 'xhan009', 'xxxxiaofan', 'gonzalogbb', 'aidan.rooney17', 'mihai.pislaru.fisica', 'stgermain.b', 'claudia.puga', 'fran.mosquera.pena', 'pablojosecalvo', 'michaelcameronmcdonald', 'hdelatorre3524', 'tonybocadillosgrandes', 'e0427406', 'fernando_ibarra', 'shikhararvind', 'uxiavelca', 'jinfengleong', 'shizhan.flood', 'guyu', 'niravsurajlal', 'pablosande98', 'wtq77', 'marniesan', 'watashi.legion', 'xiaolei', 'savardbastien', 'brunolopez', 'julioug1', 'melonlzheng', 'pedrobeko98', 'xoangon', 'henglund', 'sebastianvromero', 'samuelfl', 'elviracastillo', 'sohamsawant912', 'elmanguito', 'iagopardo97', 'roberto.nava', 'bgutierrez', 'noxis986', 'shihhaotsai', 'rysw5590', 'j.guedegar', 'jameslin', 'comeseetake', 'isafdez', 'alicia.mosq', 'mmartinezsanchez', 'edgarmtz', 'guoxg46', 'tergel1999', '2015soham.sawant', 'danidrivas98', 'rayoaki7', 'nuriatellado', 'anar4331', 'caetano.eirea', 'bingshengliu', 'uutty2010', 'zhs002', 'dyoh5119', 'jiaqi.guoguo', 'nivedaksubramanian', 'angelaturnes', 'iagomoscer', 'esteban.figueroa', 'chenxiwang', 'martin32', 'salamghgh20', 'gbatzorig268', 'savas', 'alex_varela_17', 'thackettt', 'hit.kamble', 'austinz', 'chenxi', 'arturocastro94', 'amirbadshah224', 'gmedina', 'dariogarciaredecillas', 'melissa5', 'francisxavgr', 'martinzapatamartinez', 'chwi7664', 'paula.bolboreta', 'juanariza', 'miguelpinocarmona', 'fabiola.santos', 'lucamonduzzi96', 'ivan1', 'isaac.dominguez4444', 'mgupta15', 'cmoadne', 'anselmoantorcha', 'simoncarloscartamil', 'wanghb', 'berzasnon', 'joannesy', 'praveens013', 'e.lucasnavarrog', 'nuriamj', 'kong2020', 'facundobonfiglio', 'laurenp', 'rakki.datta', 'ottoridemar', 'antonionito1993', 'carterkirkendoll', 'yzarni89', 'anamconrado', 'carlosbesadaromero', 'xoanmayo', 'policon', 'zewei', 'a997154508', 'foojorge', 'junwen', 'fofi94', 'cristinacostas', 'jdanivc', 'aliraza2013ee360', 'emixose', 'choikj', 'david.garrido', 'fabiolajsanlop', 'costasdiego97', 'dulguun_021', 'paula.mourino', 'liuman961021', 'jerome.alag', 'p.suarez97', 'isaferjim', 'cxiuqi1', 'mihaipx', 'abdulhaiyum.f', 'alsyaari', 'davidga568', 'isaac.carrillo', 'jaimedmj', 'kennyxsy', 'haominl1997', 'dang.e', 'h_elmenier', 'prra6646', 'pedrogea08', 'limengyuanli66', 'yuxian123', 'zhaoyu960207', 'sstty7', 'guojunxiong25', 'zakizhou', 'mari.paucom', 'yingxue58', 'justinegiroux', 'exareivaj', 'brendaorea15', 'jesslyn', 'sangkyu.sun', 'miguellopezcardenas98', 'maurobn98', 'myez', 'floren_ff', 'agarviespi', 'cytuslll1997', 'leoncc', 'rubenortega', 'sergiocalo.barranha', 'feijoomartina', 'mordor', 'andrei.luneow01031999', 'chenyue', 'gkkk6', 'juanjoseo', '9.genest.gabriel', 'qwe', 'dalder', 'al16do06', 'gonzavt15', 'blasern', 'ero15953', '836054323_wj', 'miaocx714', 'elmu6301', 'veronica.castro', 'pablolopezexposito', 'albertoangulo', 'dja19951995', 'marinabm', 'clarachapela10', 'ejg98', 'ee5502', 'alyabra', 'albacosta', 'hamza32amar', 'essheh', 'iagomillanentenza', 'wmy', 'alyabra.vargas', 'chrispvnofficial', 'xiaode', 'hewutanyuan', 'martin.gutierrez', 'songy', 'bellmanz', 'soddy1996', 'clara.landesa', 'sylim1', 'qumo4329', 'zhang.jiayu', 'juanjotromp', 'alyabra.alejandro', 'hariprasanna', 'ch2922', 'wang.yaoz', 'bulganb28', 'ludoba2912', 'sotmas', 'lauragdevesa', 'joeanszxc', 'albertortepin', 'luisgfloreslarrea', 'zihang']",9,"['pichoncillo1', 'dfreire', 'miguelpino', 'marioherreroglez34', 'miguelrm', 'e.sdavidm', 'luciavilchezz', 'acabellocano', None]",290,"['anderson.bi', 'wangjianed_1992', 'manuel10suarez10', 'ryu.j', 'chenre', 'ralfli', 'miri23', 'dariogarred', 'juansans98', 'lianyi96', 'lluissanuy', 'antoinelegare', 'e.fisicahamza', 'thunaung', 'lidiadom', 'christsun', 'miguel_fernandez', 'elena.j.g', 'xxy0501', 'andreasorroche', 'andrea.mendez', 'danielfdezcalo', 'pablosempredepor97', 'akamsali', 'acabellocano', 'alecorti.pardo', 'xhan009', 'xxxxiaofan', 'gonzalogbb', 'aidan.rooney17', 'mihai.pislaru.fisica', 'stgermain.b', 'marioherreroglez34', 'claudia.puga', 'fran.mosquera.pena', 'pablojosecalvo', 'michaelcameronmcdonald', 'hdelatorre3524', 'tonybocadillosgrandes', 'e0427406', 'fernando_ibarra', 'shikhararvind', 'uxiavelca', 'jinfengleong', 'shizhan.flood', 'guyu', 'niravsurajlal', 'pablosande98', 'wtq77', 'marniesan', 'watashi.legion', 'xiaolei', 'savardbastien', 'alexsanchezcast', 'pablocrespo11', 'brunolopez', 'julioug1', 'pmvd95', 'melonlzheng', 'pedrobeko98', 'xoangon', 'henglund', 'sebastianvromero', 'samuelfl', 'elviracastillo', 'sohamsawant912', 'elmanguito', 'iagopardo97', 'roberto.nava', 'bgutierrez', 'noxis986', None, 'shihhaotsai', 'aledes', 'rysw5590', 'enriquevaliente17', 'pablo.garcia.bas', 'j.guedegar', 'jameslin', 'comeseetake', 'isafdez', 'alicia.mosq', 'mmartinezsanchez', 'edgarmtz', 'chema', 'guoxg46', 'tergel1999', '2015soham.sawant', 'danidrivas98', 'rayoaki7', 'nuriatellado', 'anar4331', 'caetano.eirea', 'bingshengliu', 'uutty2010', 'zhs002', 'dyoh5119', 'e.ivanlopgar1997', 'jiaqi.guoguo', 'nivedaksubramanian', 'albertoccz', 'angelaturnes', 'iagomoscer', 'esteban.figueroa', 'chenxiwang', 'manucro10', 'luisbarrios', 'martin32', 'e.sdavidm', 'salamghgh20', 'gbatzorig268', 'valeriamg', 'savas', 'alex_varela_17', 'thackettt', 'miguelrm', 'pablomd', 'hit.kamble', 'austinz', 'chenxi', 'arturocastro94', 'amirbadshah224', 'gmedina', 'dariogarciaredecillas', 'melissa5', 'francisxavgr', 'martinzapatamartinez', 'chwi7664', 'paula.bolboreta', 'juanariza', 'miguelpinocarmona', 'japrz', 'fabiola.santos', 'lucamonduzzi96', 'dfreire', 'ivan1', 'isaac.dominguez4444', 'elisa.vicenteei', 'mgupta15', 'cmoadne', 'anselmoantorcha', 'simoncarloscartamil', 'wanghb', 'berzasnon', 'joannesy', 'praveens013', 'e.lucasnavarrog', 'nuriamj', 'kong2020', 'facundobonfiglio', 'jbalderasfernandez', 'laurenp', 'rakki.datta', 'ottoridemar', 'antonionito1993', 'carterkirkendoll', 'yzarni89', 'anamconrado', 'carlosbesadaromero', 'sergiogrcsnchz', 'xoanmayo', 'policon', 'zewei', 'a997154508', 'foojorge', 'junwen', 'fofi94', 'victortorressuch', 'cristinacostas', 'jdanivc', 'aliraza2013ee360', 'emixose', 'choikj', 'david.garrido', 'fabiolajsanlop', 'juancarlosroutrera', 'costasdiego97', 'dulguun_021', 'paula.mourino', 'liuman961021', 'jerome.alag', 'alejandromo1610', 'p.suarez97', 'isaferjim', 'mariamfontan', 'cxiuqi1', 'mihaipx', 'abdulhaiyum.f', 'alsyaari', 'davidga568', 'jgm2096', 'isaac.carrillo', 'aloptor', 'jaimedmj', 'kennyxsy', 'haominl1997', 'dang.e', 'h_elmenier', 'prra6646', 'pedrogea08', 'lluisgonzaga96', 'limengyuanli66', 'yuxian123', 'zhaoyu960207', 'sstty7', 'guojunxiong25', 'zakizhou', 'mari.paucom', 'yingxue58', 'danidm', 'justinegiroux', 'exareivaj', 'brendaorea15', 'jesslyn', 'sangkyu.sun', 'miguellopezcardenas98', 'maurobn98', 'myez', 'floren_ff', 'agarviespi', 'cytuslll1997', 'leoncc', 'plmolina4', 'rubenortega', 'sergiocalo.barranha', 'clarahernandez05f', 'feijoomartina', 'mordor', 'andrei.luneow01031999', 'chenyue', 'gkkk6', 'juanjoseo', '9.genest.gabriel', 'qwe', 'pichoncillo1', 'dalder', 'al16do06', 'gonzavt15', 'blasern', 'ero15953', '836054323_wj', 'ergobe3', 'miaocx714', 'elmu6301', 'veronica.castro', 'pablolopezexposito', 'albertoangulo', 'luciavilchezz', 'antonio98y', 'ionemanuelmoralesrosales', 'dja19951995', 'marinabm', 'clarachapela10', 'ejg98', 'ee5502', 'alyabra', 'miguelpino', 'albacosta', 'hamza32amar', 'essheh', 'iagomillanentenza', 'wmy', 'alyabra.vargas', 'e.jojusalo', 'chrispvnofficial', 'xiaode', 'hewutanyuan', 'campamarin', 'martin.gutierrez', 'songy', 'bellmanz', 'soddy1996', 'clara.landesa', 'sylim1', 'qumo4329', 'zhang.jiayu', 'juanjotromp', 'alyabra.alejandro', 'hariprasanna', 'adec', 'ch2922', 'wang.yaoz', 'bulganb28', 'ludoba2912', 'sotmas', 'lauragdevesa', 'joeanszxc', 'albertortepin', 'luisgfloreslarrea', 'zihang']"
1,25,281,40,30,"['pablolopezexposito', 'danidm', 'albertoangulo', 'jgm2096', 'antonio98y', 'marinabm', 'sergiogrcsnchz', 'aloptor', 'pmvd95', 'hamza32amar', 'plmolina4', 'rubenortega', 'e.jojusalo', 'campamarin', 'japrz', 'gonzalogbb', 'juancarlosroutrera', 'e.ivanlopgar1997', 'elisa.vicenteei', 'anselmoantorcha', 'albertoccz', 'manucro10', 'adec', 'e.lucasnavarrog', 'gonzavt15', 'mariamfontan', 'ergobe3', 'albertortepin', 'pablo.garcia.bas', 'jbalderasfernandez']",251,"['anderson.bi', 'wangjianed_1992', 'manuel10suarez10', 'ryu.j', 'chenre', 'ralfli', 'miri23', 'dariogarred', 'juansans98', 'lianyi96', 'lluissanuy', 'antoinelegare', 'e.fisicahamza', 'thunaung', 'lidiadom', 'christsun', 'miguel_fernandez', 'elena.j.g', 'xxy0501', 'andreasorroche', 'andrea.mendez', 'danielfdezcalo', 'pablosempredepor97', 'akamsali', 'alecorti.pardo', 'xhan009', 'xxxxiaofan', 'aidan.rooney17', 'mihai.pislaru.fisica', 'stgermain.b', 'claudia.puga', 'fran.mosquera.pena', 'pablojosecalvo', 'michaelcameronmcdonald', 'hdelatorre3524', 'tonybocadillosgrandes', 'e0427406', 'fernando_ibarra', 'shikhararvind', 'uxiavelca', 'jinfengleong', 'shizhan.flood', 'guyu', 'niravsurajlal', 'pablosande98', 'wtq77', 'marniesan', 'watashi.legion', 'xiaolei', 'savardbastien', 'alexsanchezcast', 'pablocrespo11', 'brunolopez', 'julioug1', 'melonlzheng', 'pedrobeko98', 'xoangon', 'henglund', 'sebastianvromero', 'samuelfl', 'elviracastillo', 'sohamsawant912', 'elmanguito', 'iagopardo97', 'roberto.nava', 'bgutierrez', 'noxis986', 'shihhaotsai', 'aledes', 'rysw5590', 'enriquevaliente17', 'j.guedegar', 'jameslin', 'comeseetake', 'isafdez', 'alicia.mosq', 'mmartinezsanchez', 'edgarmtz', 'chema', 'guoxg46', 'tergel1999', '2015soham.sawant', 'danidrivas98', 'rayoaki7', 'nuriatellado', 'anar4331', 'caetano.eirea', 'bingshengliu', 'uutty2010', 'zhs002', 'dyoh5119', 'jiaqi.guoguo', 'nivedaksubramanian', 'angelaturnes', 'iagomoscer', 'esteban.figueroa', 'chenxiwang', 'luisbarrios', 'martin32', 'salamghgh20', 'gbatzorig268', 'valeriamg', 'savas', 'alex_varela_17', 'thackettt', 'pablomd', 'hit.kamble', 'austinz', 'chenxi', 'arturocastro94', 'amirbadshah224', 'gmedina', 'dariogarciaredecillas', 'melissa5', 'francisxavgr', 'martinzapatamartinez', 'chwi7664', 'paula.bolboreta', 'juanariza', 'miguelpinocarmona', 'fabiola.santos', 'lucamonduzzi96', 'ivan1', 'isaac.dominguez4444', 'mgupta15', 'cmoadne', 'simoncarloscartamil', 'wanghb', 'berzasnon', 'joannesy', 'praveens013', 'nuriamj', 'kong2020', 'facundobonfiglio', 'laurenp', 'rakki.datta', 'ottoridemar', 'antonionito1993', 'carterkirkendoll', 'yzarni89', 'anamconrado', 'carlosbesadaromero', 'xoanmayo', 'policon', 'zewei', 'a997154508', 'foojorge', 'junwen', 'fofi94', 'victortorressuch', 'cristinacostas', 'jdanivc', 'aliraza2013ee360', 'emixose', 'choikj', 'david.garrido', 'fabiolajsanlop', 'costasdiego97', 'dulguun_021', 'paula.mourino', 'liuman961021', 'jerome.alag', 'alejandromo1610', 'p.suarez97', 'isaferjim', 'cxiuqi1', 'mihaipx', 'abdulhaiyum.f', 'alsyaari', 'davidga568', 'isaac.carrillo', 'jaimedmj', 'kennyxsy', 'haominl1997', 'dang.e', 'h_elmenier', 'prra6646', 'pedrogea08', 'lluisgonzaga96', 'limengyuanli66', 'yuxian123', 'zhaoyu960207', 'sstty7', 'guojunxiong25', 'zakizhou', 'mari.paucom', 'yingxue58', 'justinegiroux', 'exareivaj', 'brendaorea15', 'jesslyn', 'sangkyu.sun', 'miguellopezcardenas98', 'maurobn98', 'myez', 'floren_ff', 'agarviespi', 'cytuslll1997', 'leoncc', 'sergiocalo.barranha', 'clarahernandez05f', 'feijoomartina', 'mordor', 'andrei.luneow01031999', 'chenyue', 'gkkk6', 'juanjoseo', '9.genest.gabriel', 'qwe', 'dalder', 'al16do06', 'blasern', 'ero15953', '836054323_wj', 'miaocx714', 'elmu6301', 'veronica.castro', 'ionemanuelmoralesrosales', 'dja19951995', 'clarachapela10', 'ejg98', 'ee5502', 'alyabra', 'albacosta', 'essheh', 'iagomillanentenza', 'wmy', 'alyabra.vargas', 'chrispvnofficial', 'xiaode', 'hewutanyuan', 'martin.gutierrez', 'songy', 'bellmanz', 'soddy1996', 'clara.landesa', 'sylim1', 'qumo4329', 'zhang.jiayu', 'juanjotromp', 'alyabra.alejandro', 'hariprasanna', 'ch2922', 'wang.yaoz', 'bulganb28', 'ludoba2912', 'sotmas', 'lauragdevesa', 'joeanszxc', 'luisgfloreslarrea', 'zihang']",10,"['pichoncillo1', 'dfreire', 'labchara.mona', 'marioherreroglez34', 'miguelrm', 'e.pmcrespo', 'e.sdavidm', 'luciavilchezz', 'guilleortigosa', None]",291,"['anderson.bi', 'wangjianed_1992', 'manuel10suarez10', 'ryu.j', 'chenre', 'ralfli', 'miri23', 'dariogarred', 'juansans98', 'lianyi96', 'lluissanuy', 'antoinelegare', 'e.fisicahamza', 'thunaung', 'lidiadom', 'christsun', 'miguel_fernandez', 'elena.j.g', 'xxy0501', 'andreasorroche', 'andrea.mendez', 'danielfdezcalo', 'pablosempredepor97', 'akamsali', 'alecorti.pardo', 'xhan009', 'xxxxiaofan', 'gonzalogbb', 'aidan.rooney17', 'mihai.pislaru.fisica', 'stgermain.b', 'marioherreroglez34', 'claudia.puga', 'fran.mosquera.pena', 'pablojosecalvo', 'michaelcameronmcdonald', 'hdelatorre3524', 'tonybocadillosgrandes', 'e0427406', 'fernando_ibarra', 'shikhararvind', 'uxiavelca', 'jinfengleong', 'shizhan.flood', 'guyu', 'niravsurajlal', 'pablosande98', 'wtq77', 'marniesan', 'watashi.legion', 'xiaolei', 'savardbastien', 'alexsanchezcast', 'pablocrespo11', 'brunolopez', 'julioug1', 'pmvd95', 'melonlzheng', 'pedrobeko98', 'xoangon', 'henglund', 'sebastianvromero', 'samuelfl', 'elviracastillo', 'sohamsawant912', 'elmanguito', 'iagopardo97', 'roberto.nava', 'bgutierrez', 'noxis986', None, 'shihhaotsai', 'aledes', 'rysw5590', 'enriquevaliente17', 'pablo.garcia.bas', 'j.guedegar', 'jameslin', 'comeseetake', 'isafdez', 'alicia.mosq', 'mmartinezsanchez', 'edgarmtz', 'chema', 'guoxg46', 'tergel1999', '2015soham.sawant', 'danidrivas98', 'rayoaki7', 'nuriatellado', 'anar4331', 'caetano.eirea', 'bingshengliu', 'uutty2010', 'zhs002', 'dyoh5119', 'e.ivanlopgar1997', 'jiaqi.guoguo', 'nivedaksubramanian', 'albertoccz', 'angelaturnes', 'iagomoscer', 'esteban.figueroa', 'chenxiwang', 'manucro10', 'luisbarrios', 'martin32', 'e.sdavidm', 'guilleortigosa', 'salamghgh20', 'gbatzorig268', 'valeriamg', 'savas', 'alex_varela_17', 'thackettt', 'miguelrm', 'pablomd', 'hit.kamble', 'austinz', 'chenxi', 'arturocastro94', 'amirbadshah224', 'gmedina', 'dariogarciaredecillas', 'melissa5', 'francisxavgr', 'martinzapatamartinez', 'chwi7664', 'paula.bolboreta', 'juanariza', 'miguelpinocarmona', 'japrz', 'fabiola.santos', 'lucamonduzzi96', 'dfreire', 'ivan1', 'isaac.dominguez4444', 'elisa.vicenteei', 'mgupta15', 'cmoadne', 'anselmoantorcha', 'simoncarloscartamil', 'wanghb', 'berzasnon', 'joannesy', 'praveens013', 'e.lucasnavarrog', 'nuriamj', 'kong2020', 'facundobonfiglio', 'jbalderasfernandez', 'laurenp', 'rakki.datta', 'ottoridemar', 'antonionito1993', 'carterkirkendoll', 'yzarni89', 'anamconrado', 'carlosbesadaromero', 'sergiogrcsnchz', 'xoanmayo', 'policon', 'zewei', 'a997154508', 'foojorge', 'junwen', 'fofi94', 'victortorressuch', 'cristinacostas', 'jdanivc', 'aliraza2013ee360', 'emixose', 'choikj', 'david.garrido', 'fabiolajsanlop', 'juancarlosroutrera', 'costasdiego97', 'dulguun_021', 'paula.mourino', 'liuman961021', 'jerome.alag', 'alejandromo1610', 'p.suarez97', 'isaferjim', 'mariamfontan', 'cxiuqi1', 'mihaipx', 'abdulhaiyum.f', 'alsyaari', 'davidga568', 'jgm2096', 'isaac.carrillo', 'aloptor', 'jaimedmj', 'kennyxsy', 'haominl1997', 'dang.e', 'h_elmenier', 'prra6646', 'pedrogea08', 'lluisgonzaga96', 'limengyuanli66', 'yuxian123', 'zhaoyu960207', 'sstty7', 'guojunxiong25', 'zakizhou', 'mari.paucom', 'yingxue58', 'danidm', 'justinegiroux', 'exareivaj', 'brendaorea15', 'jesslyn', 'sangkyu.sun', 'miguellopezcardenas98', 'maurobn98', 'myez', 'floren_ff', 'agarviespi', 'labchara.mona', 'cytuslll1997', 'leoncc', 'plmolina4', 'rubenortega', 'sergiocalo.barranha', 'clarahernandez05f', 'feijoomartina', 'mordor', 'andrei.luneow01031999', 'chenyue', 'gkkk6', 'juanjoseo', '9.genest.gabriel', 'qwe', 'pichoncillo1', 'dalder', 'al16do06', 'gonzavt15', 'blasern', 'ero15953', '836054323_wj', 'e.pmcrespo', 'ergobe3', 'miaocx714', 'elmu6301', 'veronica.castro', 'pablolopezexposito', 'albertoangulo', 'luciavilchezz', 'antonio98y', 'ionemanuelmoralesrosales', 'dja19951995', 'marinabm', 'clarachapela10', 'ejg98', 'ee5502', 'alyabra', 'albacosta', 'hamza32amar', 'essheh', 'iagomillanentenza', 'wmy', 'alyabra.vargas', 'e.jojusalo', 'chrispvnofficial', 'xiaode', 'hewutanyuan', 'campamarin', 'martin.gutierrez', 'songy', 'bellmanz', 'soddy1996', 'clara.landesa', 'sylim1', 'qumo4329', 'zhang.jiayu', 'juanjotromp', 'alyabra.alejandro', 'hariprasanna', 'adec', 'ch2922', 'wang.yaoz', 'bulganb28', 'ludoba2912', 'sotmas', 'lauragdevesa', 'joeanszxc', 'albertortepin', 'luisgfloreslarrea', 'zihang']"
1,22,281,36,30,"['pablosande98', 'marniesan', 'alicia.mosq', 'exareivaj', 'alex_varela_17', 'mmartinezsanchez', 'arturocastro94', 'xoanmayo', 'myez', 'clarachapela10', 'danidrivas98', 'pedrobeko98', 'nuriatellado', 'miguel_fernandez', 'albacosta', 'fofi94', 'martinzapatamartinez', 'samuelfl', 'jdanivc', 'emixose', 'costasdiego97', 'paula.mourino', 'angelaturnes', 'iagomoscer', 'simoncarloscartamil', 'tonybocadillosgrandes', 'p.suarez97', 'juanjoseo', 'ludoba2912', 'facundobonfiglio']",251,"['anderson.bi', 'wangjianed_1992', 'manuel10suarez10', 'ryu.j', 'chenre', 'ralfli', 'miri23', 'dariogarred', 'juansans98', 'lianyi96', 'lluissanuy', 'antoinelegare', 'e.fisicahamza', 'thunaung', 'lidiadom', 'christsun', 'elena.j.g', 'xxy0501', 'andreasorroche', 'andrea.mendez', 'danielfdezcalo', 'pablosempredepor97', 'akamsali', 'alecorti.pardo', 'xhan009', 'xxxxiaofan', 'gonzalogbb', 'aidan.rooney17', 'mihai.pislaru.fisica', 'stgermain.b', 'claudia.puga', 'fran.mosquera.pena', 'pablojosecalvo', 'michaelcameronmcdonald', 'hdelatorre3524', 'e0427406', 'fernando_ibarra', 'shikhararvind', 'uxiavelca', 'jinfengleong', 'shizhan.flood', 'guyu', 'niravsurajlal', 'wtq77', 'watashi.legion', 'xiaolei', 'savardbastien', 'alexsanchezcast', 'pablocrespo11', 'brunolopez', 'julioug1', 'pmvd95', 'melonlzheng', 'xoangon', 'henglund', 'sebastianvromero', 'elviracastillo', 'sohamsawant912', 'elmanguito', 'iagopardo97', 'roberto.nava', 'bgutierrez', 'noxis986', 'shihhaotsai', 'aledes', 'rysw5590', 'enriquevaliente17', 'pablo.garcia.bas', 'j.guedegar', 'jameslin', 'comeseetake', 'isafdez', 'edgarmtz', 'chema', 'guoxg46', 'tergel1999', '2015soham.sawant', 'rayoaki7', 'anar4331', 'caetano.eirea', 'bingshengliu', 'uutty2010', 'zhs002', 'dyoh5119', 'e.ivanlopgar1997', 'jiaqi.guoguo', 'nivedaksubramanian', 'albertoccz', 'esteban.figueroa', 'chenxiwang', 'manucro10', 'luisbarrios', 'martin32', 'salamghgh20', 'gbatzorig268', 'valeriamg', 'savas', 'thackettt', 'pablomd', 'hit.kamble', 'austinz', 'chenxi', 'amirbadshah224', 'gmedina', 'dariogarciaredecillas', 'melissa5', 'francisxavgr', 'chwi7664', 'paula.bolboreta', 'juanariza', 'miguelpinocarmona', 'japrz', 'fabiola.santos', 'lucamonduzzi96', 'ivan1', 'isaac.dominguez4444', 'elisa.vicenteei', 'mgupta15', 'cmoadne', 'anselmoantorcha', 'wanghb', 'berzasnon', 'joannesy', 'praveens013', 'e.lucasnavarrog', 'nuriamj', 'kong2020', 'jbalderasfernandez', 'laurenp', 'rakki.datta', 'ottoridemar', 'antonionito1993', 'carterkirkendoll', 'yzarni89', 'anamconrado', 'carlosbesadaromero', 'sergiogrcsnchz', 'policon', 'zewei', 'a997154508', 'foojorge', 'junwen', 'victortorressuch', 'cristinacostas', 'aliraza2013ee360', 'choikj', 'david.garrido', 'fabiolajsanlop', 'juancarlosroutrera', 'dulguun_021', 'liuman961021', 'jerome.alag', 'alejandromo1610', 'isaferjim', 'mariamfontan', 'cxiuqi1', 'mihaipx', 'abdulhaiyum.f', 'alsyaari', 'davidga568', 'jgm2096', 'isaac.carrillo', 'aloptor', 'jaimedmj', 'kennyxsy', 'haominl1997', 'dang.e', 'h_elmenier', 'prra6646', 'pedrogea08', 'lluisgonzaga96', 'limengyuanli66', 'yuxian123', 'zhaoyu960207', 'sstty7', 'guojunxiong25', 'zakizhou', 'mari.paucom', 'yingxue58', 'danidm', 'justinegiroux', 'brendaorea15', 'jesslyn', 'sangkyu.sun', 'miguellopezcardenas98', 'maurobn98', 'floren_ff', 'agarviespi', 'cytuslll1997', 'leoncc', 'plmolina4', 'rubenortega', 'sergiocalo.barranha', 'clarahernandez05f', 'feijoomartina', 'mordor', 'andrei.luneow01031999', 'chenyue', 'gkkk6', '9.genest.gabriel', 'qwe', 'dalder', 'al16do06', 'gonzavt15', 'blasern', 'ero15953', '836054323_wj', 'ergobe3', 'miaocx714', 'elmu6301', 'veronica.castro', 'pablolopezexposito', 'albertoangulo', 'antonio98y', 'ionemanuelmoralesrosales', 'dja19951995', 'marinabm', 'ejg98', 'ee5502', 'alyabra', 'hamza32amar', 'essheh', 'iagomillanentenza', 'wmy', 'alyabra.vargas', 'e.jojusalo', 'chrispvnofficial', 'xiaode', 'hewutanyuan', 'campamarin', 'martin.gutierrez', 'songy', 'bellmanz', 'soddy1996', 'clara.landesa', 'sylim1', 'qumo4329', 'zhang.jiayu', 'juanjotromp', 'alyabra.alejandro', 'hariprasanna', 'adec', 'ch2922', 'wang.yaoz', 'bulganb28', 'sotmas', 'lauragdevesa', 'joeanszxc', 'albertortepin', 'luisgfloreslarrea', 'zihang']",6,"['xoel98', 'josedamiangarcianoya', 'maxistral', 'daviland97', None, 'martinperezmaneiro']",287,"['anderson.bi', 'wangjianed_1992', 'manuel10suarez10', 'ryu.j', 'chenre', 'ralfli', 'miri23', 'dariogarred', 'juansans98', 'lianyi96', 'lluissanuy', 'antoinelegare', 'e.fisicahamza', 'thunaung', 'lidiadom', 'christsun', 'miguel_fernandez', 'elena.j.g', 'xxy0501', 'andreasorroche', 'andrea.mendez', 'danielfdezcalo', 'pablosempredepor97', 'akamsali', 'alecorti.pardo', 'xhan009', 'xxxxiaofan', 'gonzalogbb', 'aidan.rooney17', 'mihai.pislaru.fisica', 'stgermain.b', 'claudia.puga', 'fran.mosquera.pena', 'pablojosecalvo', 'michaelcameronmcdonald', 'hdelatorre3524', 'tonybocadillosgrandes', 'e0427406', 'fernando_ibarra', 'shikhararvind', 'uxiavelca', 'jinfengleong', 'shizhan.flood', 'guyu', 'niravsurajlal', 'pablosande98', 'wtq77', 'marniesan', 'watashi.legion', 'xiaolei', 'savardbastien', 'alexsanchezcast', 'pablocrespo11', 'brunolopez', 'julioug1', 'pmvd95', 'melonlzheng', 'pedrobeko98', 'xoangon', 'henglund', 'sebastianvromero', 'samuelfl', 'elviracastillo', 'sohamsawant912', 'elmanguito', 'iagopardo97', 'roberto.nava', 'bgutierrez', 'noxis986', None, 'shihhaotsai', 'aledes', 'rysw5590', 'enriquevaliente17', 'pablo.garcia.bas', 'j.guedegar', 'jameslin', 'comeseetake', 'isafdez', 'alicia.mosq', 'mmartinezsanchez', 'edgarmtz', 'chema', 'guoxg46', 'tergel1999', '2015soham.sawant', 'danidrivas98', 'rayoaki7', 'nuriatellado', 'anar4331', 'caetano.eirea', 'bingshengliu', 'uutty2010', 'zhs002', 'dyoh5119', 'e.ivanlopgar1997', 'jiaqi.guoguo', 'nivedaksubramanian', 'albertoccz', 'angelaturnes', 'iagomoscer', 'esteban.figueroa', 'chenxiwang', 'manucro10', 'luisbarrios', 'martin32', 'salamghgh20', 'gbatzorig268', 'valeriamg', 'savas', 'alex_varela_17', 'thackettt', 'pablomd', 'hit.kamble', 'austinz', 'chenxi', 'arturocastro94', 'amirbadshah224', 'gmedina', 'dariogarciaredecillas', 'melissa5', 'francisxavgr', 'martinzapatamartinez', 'chwi7664', 'paula.bolboreta', 'juanariza', 'miguelpinocarmona', 'japrz', 'fabiola.santos', 'lucamonduzzi96', 'ivan1', 'isaac.dominguez4444', 'elisa.vicenteei', 'mgupta15', 'cmoadne', 'anselmoantorcha', 'simoncarloscartamil', 'wanghb', 'berzasnon', 'joannesy', 'praveens013', 'e.lucasnavarrog', 'nuriamj', 'kong2020', 'facundobonfiglio', 'jbalderasfernandez', 'laurenp', 'rakki.datta', 'ottoridemar', 'antonionito1993', 'carterkirkendoll', 'yzarni89', 'anamconrado', 'carlosbesadaromero', 'sergiogrcsnchz', 'xoanmayo', 'policon', 'zewei', 'a997154508', 'foojorge', 'junwen', 'fofi94', 'victortorressuch', 'cristinacostas', 'jdanivc', 'aliraza2013ee360', 'emixose', 'choikj', 'david.garrido', 'fabiolajsanlop', 'juancarlosroutrera', 'costasdiego97', 'dulguun_021', 'paula.mourino', 'liuman961021', 'jerome.alag', 'alejandromo1610', 'p.suarez97', 'isaferjim', 'mariamfontan', 'cxiuqi1', 'mihaipx', 'abdulhaiyum.f', 'alsyaari', 'josedamiangarcianoya', 'davidga568', 'jgm2096', 'isaac.carrillo', 'aloptor', 'jaimedmj', 'kennyxsy', 'haominl1997', 'dang.e', 'h_elmenier', 'prra6646', 'pedrogea08', 'lluisgonzaga96', 'limengyuanli66', 'yuxian123', 'zhaoyu960207', 'sstty7', 'guojunxiong25', 'zakizhou', 'mari.paucom', 'yingxue58', 'danidm', 'justinegiroux', 'exareivaj', 'brendaorea15', 'jesslyn', 'sangkyu.sun', 'miguellopezcardenas98', 'maurobn98', 'myez', 'floren_ff', 'agarviespi', 'cytuslll1997', 'leoncc', 'plmolina4', 'rubenortega', 'sergiocalo.barranha', 'martinperezmaneiro', 'clarahernandez05f', 'feijoomartina', 'mordor', 'andrei.luneow01031999', 'chenyue', 'gkkk6', 'juanjoseo', '9.genest.gabriel', 'qwe', 'dalder', 'al16do06', 'gonzavt15', 'blasern', 'ero15953', '836054323_wj', 'ergobe3', 'miaocx714', 'elmu6301', 'veronica.castro', 'pablolopezexposito', 'albertoangulo', 'antonio98y', 'ionemanuelmoralesrosales', 'dja19951995', 'marinabm', 'clarachapela10', 'ejg98', 'xoel98', 'maxistral', 'ee5502', 'alyabra', 'albacosta', 'hamza32amar', 'essheh', 'iagomillanentenza', 'wmy', 'alyabra.vargas', 'e.jojusalo', 'chrispvnofficial', 'xiaode', 'hewutanyuan', 'campamarin', 'martin.gutierrez', 'songy', 'bellmanz', 'soddy1996', 'clara.landesa', 'sylim1', 'qumo4329', 'daviland97', 'zhang.jiayu', 'juanjotromp', 'alyabra.alejandro', 'hariprasanna', 'adec', 'ch2922', 'wang.yaoz', 'bulganb28', 'ludoba2912', 'sotmas', 'lauragdevesa', 'joeanszxc', 'albertortepin', 'luisgfloreslarrea', 'zihang']"
1,19,281,30,26,"['marniesan', 'manuel10suarez10', 'alicia.mosq', 'alex_varela_17', 'mmartinezsanchez', 'carlosbesadaromero', 'myez', 'clarachapela10', 'miguel_fernandez', 'xoangon', 'fofi94', 'samuelfl', 'feijoomartina', 'jdanivc', 'emixose', 'mordor', 'costasdiego97', 'iagopardo97', 'fran.mosquera.pena', 'paula.mourino', 'angelaturnes', 'iagomoscer', 'tonybocadillosgrandes', 'p.suarez97', 'juanjoseo', 'martin32']",255,"['anderson.bi', 'wangjianed_1992', 'ryu.j', 'chenre', 'ralfli', 'miri23', 'dariogarred', 'juansans98', 'lianyi96', 'lluissanuy', 'antoinelegare', 'e.fisicahamza', 'thunaung', 'lidiadom', 'christsun', 'elena.j.g', 'xxy0501', 'andreasorroche', 'andrea.mendez', 'danielfdezcalo', 'pablosempredepor97', 'akamsali', 'alecorti.pardo', 'xhan009', 'xxxxiaofan', 'gonzalogbb', 'aidan.rooney17', 'mihai.pislaru.fisica', 'stgermain.b', 'claudia.puga', 'pablojosecalvo', 'michaelcameronmcdonald', 'hdelatorre3524', 'e0427406', 'fernando_ibarra', 'shikhararvind', 'uxiavelca', 'jinfengleong', 'shizhan.flood', 'guyu', 'niravsurajlal', 'pablosande98', 'wtq77', 'watashi.legion', 'xiaolei', 'savardbastien', 'alexsanchezcast', 'pablocrespo11', 'brunolopez', 'julioug1', 'pmvd95', 'melonlzheng', 'pedrobeko98', 'henglund', 'sebastianvromero', 'elviracastillo', 'sohamsawant912', 'elmanguito', 'roberto.nava', 'bgutierrez', 'noxis986', 'shihhaotsai', 'aledes', 'rysw5590', 'enriquevaliente17', 'pablo.garcia.bas', 'j.guedegar', 'jameslin', 'comeseetake', 'isafdez', 'edgarmtz', 'chema', 'guoxg46', 'tergel1999', '2015soham.sawant', 'danidrivas98', 'rayoaki7', 'nuriatellado', 'anar4331', 'caetano.eirea', 'bingshengliu', 'uutty2010', 'zhs002', 'dyoh5119', 'e.ivanlopgar1997', 'jiaqi.guoguo', 'nivedaksubramanian', 'albertoccz', 'esteban.figueroa', 'chenxiwang', 'manucro10', 'luisbarrios', 'salamghgh20', 'gbatzorig268', 'valeriamg', 'savas', 'thackettt', 'pablomd', 'hit.kamble', 'austinz', 'chenxi', 'arturocastro94', 'amirbadshah224', 'gmedina', 'dariogarciaredecillas', 'melissa5', 'francisxavgr', 'martinzapatamartinez', 'chwi7664', 'paula.bolboreta', 'juanariza', 'miguelpinocarmona', 'japrz', 'fabiola.santos', 'lucamonduzzi96', 'ivan1', 'isaac.dominguez4444', 'elisa.vicenteei', 'mgupta15', 'cmoadne', 'anselmoantorcha', 'simoncarloscartamil', 'wanghb', 'berzasnon', 'joannesy', 'praveens013', 'e.lucasnavarrog', 'nuriamj', 'kong2020', 'facundobonfiglio', 'jbalderasfernandez', 'laurenp', 'rakki.datta', 'ottoridemar', 'antonionito1993', 'carterkirkendoll', 'yzarni89', 'anamconrado', 'sergiogrcsnchz', 'xoanmayo', 'policon', 'zewei', 'a997154508', 'foojorge', 'junwen', 'victortorressuch', 'cristinacostas', 'aliraza2013ee360', 'choikj', 'david.garrido', 'fabiolajsanlop', 'juancarlosroutrera', 'dulguun_021', 'liuman961021', 'jerome.alag', 'alejandromo1610', 'isaferjim', 'mariamfontan', 'cxiuqi1', 'mihaipx', 'abdulhaiyum.f', 'alsyaari', 'davidga568', 'jgm2096', 'isaac.carrillo', 'aloptor', 'jaimedmj', 'kennyxsy', 'haominl1997', 'dang.e', 'h_elmenier', 'prra6646', 'pedrogea08', 'lluisgonzaga96', 'limengyuanli66', 'yuxian123', 'zhaoyu960207', 'sstty7', 'guojunxiong25', 'zakizhou', 'mari.paucom', 'yingxue58', 'danidm', 'justinegiroux', 'exareivaj', 'brendaorea15', 'jesslyn', 'sangkyu.sun', 'miguellopezcardenas98', 'maurobn98', 'floren_ff', 'agarviespi', 'cytuslll1997', 'leoncc', 'plmolina4', 'rubenortega', 'sergiocalo.barranha', 'clarahernandez05f', 'andrei.luneow01031999', 'chenyue', 'gkkk6', '9.genest.gabriel', 'qwe', 'dalder', 'al16do06', 'gonzavt15', 'blasern', 'ero15953', '836054323_wj', 'ergobe3', 'miaocx714', 'elmu6301', 'veronica.castro', 'pablolopezexposito', 'albertoangulo', 'antonio98y', 'ionemanuelmoralesrosales', 'dja19951995', 'marinabm', 'ejg98', 'ee5502', 'alyabra', 'albacosta', 'hamza32amar', 'essheh', 'iagomillanentenza', 'wmy', 'alyabra.vargas', 'e.jojusalo', 'chrispvnofficial', 'xiaode', 'hewutanyuan', 'campamarin', 'martin.gutierrez', 'songy', 'bellmanz', 'soddy1996', 'clara.landesa', 'sylim1', 'qumo4329', 'zhang.jiayu', 'juanjotromp', 'alyabra.alejandro', 'hariprasanna', 'adec', 'ch2922', 'wang.yaoz', 'bulganb28', 'ludoba2912', 'sotmas', 'lauragdevesa', 'joeanszxc', 'albertortepin', 'luisgfloreslarrea', 'zihang']",4,"['maxistral', 'pedrotouris', None, 'josedamiangarcianoya']",285,"['anderson.bi', 'wangjianed_1992', 'manuel10suarez10', 'ryu.j', 'chenre', 'ralfli', 'miri23', 'dariogarred', 'juansans98', 'lianyi96', 'lluissanuy', 'antoinelegare', 'e.fisicahamza', 'thunaung', 'lidiadom', 'christsun', 'miguel_fernandez', 'elena.j.g', 'xxy0501', 'andreasorroche', 'andrea.mendez', 'danielfdezcalo', 'pablosempredepor97', 'akamsali', 'alecorti.pardo', 'xhan009', 'xxxxiaofan', 'gonzalogbb', 'aidan.rooney17', 'mihai.pislaru.fisica', 'stgermain.b', 'claudia.puga', 'fran.mosquera.pena', 'pablojosecalvo', 'michaelcameronmcdonald', 'hdelatorre3524', 'tonybocadillosgrandes', 'e0427406', 'fernando_ibarra', 'shikhararvind', 'uxiavelca', 'jinfengleong', 'shizhan.flood', 'guyu', 'niravsurajlal', 'pablosande98', 'wtq77', 'marniesan', 'watashi.legion', 'xiaolei', 'savardbastien', 'alexsanchezcast', 'pablocrespo11', 'brunolopez', 'julioug1', 'pmvd95', 'melonlzheng', 'pedrobeko98', 'xoangon', 'henglund', 'sebastianvromero', 'samuelfl', 'elviracastillo', 'sohamsawant912', 'elmanguito', 'iagopardo97', 'roberto.nava', 'bgutierrez', 'noxis986', None, 'shihhaotsai', 'aledes', 'rysw5590', 'enriquevaliente17', 'pablo.garcia.bas', 'j.guedegar', 'jameslin', 'comeseetake', 'isafdez', 'alicia.mosq', 'mmartinezsanchez', 'edgarmtz', 'chema', 'guoxg46', 'tergel1999', '2015soham.sawant', 'danidrivas98', 'rayoaki7', 'nuriatellado', 'anar4331', 'caetano.eirea', 'bingshengliu', 'uutty2010', 'zhs002', 'dyoh5119', 'e.ivanlopgar1997', 'jiaqi.guoguo', 'nivedaksubramanian', 'albertoccz', 'angelaturnes', 'iagomoscer', 'esteban.figueroa', 'chenxiwang', 'manucro10', 'luisbarrios', 'martin32', 'salamghgh20', 'gbatzorig268', 'valeriamg', 'savas', 'alex_varela_17', 'thackettt', 'pablomd', 'hit.kamble', 'austinz', 'chenxi', 'arturocastro94', 'amirbadshah224', 'gmedina', 'dariogarciaredecillas', 'melissa5', 'francisxavgr', 'pedrotouris', 'martinzapatamartinez', 'chwi7664', 'paula.bolboreta', 'juanariza', 'miguelpinocarmona', 'japrz', 'fabiola.santos', 'lucamonduzzi96', 'ivan1', 'isaac.dominguez4444', 'elisa.vicenteei', 'mgupta15', 'cmoadne', 'anselmoantorcha', 'simoncarloscartamil', 'wanghb', 'berzasnon', 'joannesy', 'praveens013', 'e.lucasnavarrog', 'nuriamj', 'kong2020', 'facundobonfiglio', 'jbalderasfernandez', 'laurenp', 'rakki.datta', 'ottoridemar', 'antonionito1993', 'carterkirkendoll', 'yzarni89', 'anamconrado', 'carlosbesadaromero', 'sergiogrcsnchz', 'xoanmayo', 'policon', 'zewei', 'a997154508', 'foojorge', 'junwen', 'fofi94', 'victortorressuch', 'cristinacostas', 'jdanivc', 'aliraza2013ee360', 'emixose', 'choikj', 'david.garrido', 'fabiolajsanlop', 'juancarlosroutrera', 'costasdiego97', 'dulguun_021', 'paula.mourino', 'liuman961021', 'jerome.alag', 'alejandromo1610', 'p.suarez97', 'isaferjim', 'mariamfontan', 'cxiuqi1', 'mihaipx', 'abdulhaiyum.f', 'alsyaari', 'josedamiangarcianoya', 'davidga568', 'jgm2096', 'isaac.carrillo', 'aloptor', 'jaimedmj', 'kennyxsy', 'haominl1997', 'dang.e', 'h_elmenier', 'prra6646', 'pedrogea08', 'lluisgonzaga96', 'limengyuanli66', 'yuxian123', 'zhaoyu960207', 'sstty7', 'guojunxiong25', 'zakizhou', 'mari.paucom', 'yingxue58', 'danidm', 'justinegiroux', 'exareivaj', 'brendaorea15', 'jesslyn', 'sangkyu.sun', 'miguellopezcardenas98', 'maurobn98', 'myez', 'floren_ff', 'agarviespi', 'cytuslll1997', 'leoncc', 'plmolina4', 'rubenortega', 'sergiocalo.barranha', 'clarahernandez05f', 'feijoomartina', 'mordor', 'andrei.luneow01031999', 'chenyue', 'gkkk6', 'juanjoseo', '9.genest.gabriel', 'qwe', 'dalder', 'al16do06', 'gonzavt15', 'blasern', 'ero15953', '836054323_wj', 'ergobe3', 'miaocx714', 'elmu6301', 'veronica.castro', 'pablolopezexposito', 'albertoangulo', 'antonio98y', 'ionemanuelmoralesrosales', 'dja19951995', 'marinabm', 'clarachapela10', 'ejg98', 'maxistral', 'ee5502', 'alyabra', 'albacosta', 'hamza32amar', 'essheh', 'iagomillanentenza', 'wmy', 'alyabra.vargas', 'e.jojusalo', 'chrispvnofficial', 'xiaode', 'hewutanyuan', 'campamarin', 'martin.gutierrez', 'songy', 'bellmanz', 'soddy1996', 'clara.landesa', 'sylim1', 'qumo4329', 'zhang.jiayu', 'juanjotromp', 'alyabra.alejandro', 'hariprasanna', 'adec', 'ch2922', 'wang.yaoz', 'bulganb28', 'ludoba2912', 'sotmas', 'lauragdevesa', 'joeanszxc', 'albertortepin', 'luisgfloreslarrea', 'zihang']"
1,37,281,29,24,"['pablosande98', 'alicia.mosq', 'mmartinezsanchez', 'arturocastro94', 'myez', 'clarachapela10', 'danidrivas98', 'pedrobeko98', 'nuriatellado', 'albacosta', 'fofi94', 'martinzapatamartinez', 'cristinacostas', 'emixose', 'iagopardo97', 'fran.mosquera.pena', 'angelaturnes', 'simoncarloscartamil', 'iagomoscer', 'tonybocadillosgrandes', 'p.suarez97', 'ludoba2912', 'nuriamj', 'facundobonfiglio']",257,"['anderson.bi', 'wangjianed_1992', 'manuel10suarez10', 'ryu.j', 'chenre', 'ralfli', 'miri23', 'dariogarred', 'juansans98', 'lianyi96', 'lluissanuy', 'antoinelegare', 'e.fisicahamza', 'thunaung', 'lidiadom', 'christsun', 'miguel_fernandez', 'elena.j.g', 'xxy0501', 'andreasorroche', 'andrea.mendez', 'danielfdezcalo', 'pablosempredepor97', 'akamsali', 'alecorti.pardo', 'xhan009', 'xxxxiaofan', 'gonzalogbb', 'aidan.rooney17', 'mihai.pislaru.fisica', 'stgermain.b', 'claudia.puga', 'pablojosecalvo', 'michaelcameronmcdonald', 'hdelatorre3524', 'e0427406', 'fernando_ibarra', 'shikhararvind', 'uxiavelca', 'jinfengleong', 'shizhan.flood', 'guyu', 'niravsurajlal', 'wtq77', 'marniesan', 'watashi.legion', 'xiaolei', 'savardbastien', 'alexsanchezcast', 'pablocrespo11', 'brunolopez', 'julioug1', 'pmvd95', 'melonlzheng', 'xoangon', 'henglund', 'sebastianvromero', 'samuelfl', 'elviracastillo', 'sohamsawant912', 'elmanguito', 'roberto.nava', 'bgutierrez', 'noxis986', 'shihhaotsai', 'aledes', 'rysw5590', 'enriquevaliente17', 'pablo.garcia.bas', 'j.guedegar', 'jameslin', 'comeseetake', 'isafdez', 'edgarmtz', 'chema', 'guoxg46', 'tergel1999', '2015soham.sawant', 'rayoaki7', 'anar4331', 'caetano.eirea', 'bingshengliu', 'uutty2010', 'zhs002', 'dyoh5119', 'e.ivanlopgar1997', 'jiaqi.guoguo', 'nivedaksubramanian', 'albertoccz', 'esteban.figueroa', 'chenxiwang', 'manucro10', 'luisbarrios', 'martin32', 'salamghgh20', 'gbatzorig268', 'valeriamg', 'savas', 'alex_varela_17', 'thackettt', 'pablomd', 'hit.kamble', 'austinz', 'chenxi', 'amirbadshah224', 'gmedina', 'dariogarciaredecillas', 'melissa5', 'francisxavgr', 'chwi7664', 'paula.bolboreta', 'juanariza', 'miguelpinocarmona', 'japrz', 'fabiola.santos', 'lucamonduzzi96', 'ivan1', 'isaac.dominguez4444', 'elisa.vicenteei', 'mgupta15', 'cmoadne', 'anselmoantorcha', 'wanghb', 'berzasnon', 'joannesy', 'praveens013', 'e.lucasnavarrog', 'kong2020', 'jbalderasfernandez', 'laurenp', 'rakki.datta', 'ottoridemar', 'antonionito1993', 'carterkirkendoll', 'yzarni89', 'anamconrado', 'carlosbesadaromero', 'sergiogrcsnchz', 'xoanmayo', 'policon', 'zewei', 'a997154508', 'foojorge', 'junwen', 'victortorressuch', 'jdanivc', 'aliraza2013ee360', 'choikj', 'david.garrido', 'fabiolajsanlop', 'juancarlosroutrera', 'costasdiego97', 'dulguun_021', 'paula.mourino', 'liuman961021', 'jerome.alag', 'alejandromo1610', 'isaferjim', 'mariamfontan', 'cxiuqi1', 'mihaipx', 'abdulhaiyum.f', 'alsyaari', 'davidga568', 'jgm2096', 'isaac.carrillo', 'aloptor', 'jaimedmj', 'kennyxsy', 'haominl1997', 'dang.e', 'h_elmenier', 'prra6646', 'pedrogea08', 'lluisgonzaga96', 'limengyuanli66', 'yuxian123', 'zhaoyu960207', 'sstty7', 'guojunxiong25', 'zakizhou', 'mari.paucom', 'yingxue58', 'danidm', 'justinegiroux', 'exareivaj', 'brendaorea15', 'jesslyn', 'sangkyu.sun', 'miguellopezcardenas98', 'maurobn98', 'floren_ff', 'agarviespi', 'cytuslll1997', 'leoncc', 'plmolina4', 'rubenortega', 'sergiocalo.barranha', 'clarahernandez05f', 'feijoomartina', 'mordor', 'andrei.luneow01031999', 'chenyue', 'gkkk6', 'juanjoseo', '9.genest.gabriel', 'qwe', 'dalder', 'al16do06', 'gonzavt15', 'blasern', 'ero15953', '836054323_wj', 'ergobe3', 'miaocx714', 'elmu6301', 'veronica.castro', 'pablolopezexposito', 'albertoangulo', 'antonio98y', 'ionemanuelmoralesrosales', 'dja19951995', 'marinabm', 'ejg98', 'ee5502', 'alyabra', 'hamza32amar', 'essheh', 'iagomillanentenza', 'wmy', 'alyabra.vargas', 'e.jojusalo', 'chrispvnofficial', 'xiaode', 'hewutanyuan', 'campamarin', 'martin.gutierrez', 'songy', 'bellmanz', 'soddy1996', 'clara.landesa', 'sylim1', 'qumo4329', 'zhang.jiayu', 'juanjotromp', 'alyabra.alejandro', 'hariprasanna', 'adec', 'ch2922', 'wang.yaoz', 'bulganb28', 'sotmas', 'lauragdevesa', 'joeanszxc', 'albertortepin', 'luisgfloreslarrea', 'zihang']",5,"['xoel98', 'josedamiangarcianoya', 'maxistral', 'daviland97', None]",286,"['anderson.bi', 'wangjianed_1992', 'manuel10suarez10', 'ryu.j', 'chenre', 'ralfli', 'miri23', 'dariogarred', 'juansans98', 'lianyi96', 'lluissanuy', 'antoinelegare', 'e.fisicahamza', 'thunaung', 'lidiadom', 'christsun', 'miguel_fernandez', 'elena.j.g', 'xxy0501', 'andreasorroche', 'andrea.mendez', 'danielfdezcalo', 'pablosempredepor97', 'akamsali', 'alecorti.pardo', 'xhan009', 'xxxxiaofan', 'gonzalogbb', 'aidan.rooney17', 'mihai.pislaru.fisica', 'stgermain.b', 'claudia.puga', 'fran.mosquera.pena', 'pablojosecalvo', 'michaelcameronmcdonald', 'hdelatorre3524', 'tonybocadillosgrandes', 'e0427406', 'fernando_ibarra', 'shikhararvind', 'uxiavelca', 'jinfengleong', 'shizhan.flood', 'guyu', 'niravsurajlal', 'pablosande98', 'wtq77', 'marniesan', 'watashi.legion', 'xiaolei', 'savardbastien', 'alexsanchezcast', 'pablocrespo11', 'brunolopez', 'julioug1', 'pmvd95', 'melonlzheng', 'pedrobeko98', 'xoangon', 'henglund', 'sebastianvromero', 'samuelfl', 'elviracastillo', 'sohamsawant912', 'elmanguito', 'iagopardo97', 'roberto.nava', 'bgutierrez', 'noxis986', None, 'shihhaotsai', 'aledes', 'rysw5590', 'enriquevaliente17', 'pablo.garcia.bas', 'j.guedegar', 'jameslin', 'comeseetake', 'isafdez', 'alicia.mosq', 'mmartinezsanchez', 'edgarmtz', 'chema', 'guoxg46', 'tergel1999', '2015soham.sawant', 'danidrivas98', 'rayoaki7', 'nuriatellado', 'anar4331', 'caetano.eirea', 'bingshengliu', 'uutty2010', 'zhs002', 'dyoh5119', 'e.ivanlopgar1997', 'jiaqi.guoguo', 'nivedaksubramanian', 'albertoccz', 'angelaturnes', 'iagomoscer', 'esteban.figueroa', 'chenxiwang', 'manucro10', 'luisbarrios', 'martin32', 'salamghgh20', 'gbatzorig268', 'valeriamg', 'savas', 'alex_varela_17', 'thackettt', 'pablomd', 'hit.kamble', 'austinz', 'chenxi', 'arturocastro94', 'amirbadshah224', 'gmedina', 'dariogarciaredecillas', 'melissa5', 'francisxavgr', 'martinzapatamartinez', 'chwi7664', 'paula.bolboreta', 'juanariza', 'miguelpinocarmona', 'japrz', 'fabiola.santos', 'lucamonduzzi96', 'ivan1', 'isaac.dominguez4444', 'elisa.vicenteei', 'mgupta15', 'cmoadne', 'anselmoantorcha', 'simoncarloscartamil', 'wanghb', 'berzasnon', 'joannesy', 'praveens013', 'e.lucasnavarrog', 'nuriamj', 'kong2020', 'facundobonfiglio', 'jbalderasfernandez', 'laurenp', 'rakki.datta', 'ottoridemar', 'antonionito1993', 'carterkirkendoll', 'yzarni89', 'anamconrado', 'carlosbesadaromero', 'sergiogrcsnchz', 'xoanmayo', 'policon', 'zewei', 'a997154508', 'foojorge', 'junwen', 'fofi94', 'victortorressuch', 'cristinacostas', 'jdanivc', 'aliraza2013ee360', 'emixose', 'choikj', 'david.garrido', 'fabiolajsanlop', 'juancarlosroutrera', 'costasdiego97', 'dulguun_021', 'paula.mourino', 'liuman961021', 'jerome.alag', 'alejandromo1610', 'p.suarez97', 'isaferjim', 'mariamfontan', 'cxiuqi1', 'mihaipx', 'abdulhaiyum.f', 'alsyaari', 'josedamiangarcianoya', 'davidga568', 'jgm2096', 'isaac.carrillo', 'aloptor', 'jaimedmj', 'kennyxsy', 'haominl1997', 'dang.e', 'h_elmenier', 'prra6646', 'pedrogea08', 'lluisgonzaga96', 'limengyuanli66', 'yuxian123', 'zhaoyu960207', 'sstty7', 'guojunxiong25', 'zakizhou', 'mari.paucom', 'yingxue58', 'danidm', 'justinegiroux', 'exareivaj', 'brendaorea15', 'jesslyn', 'sangkyu.sun', 'miguellopezcardenas98', 'maurobn98', 'myez', 'floren_ff', 'agarviespi', 'cytuslll1997', 'leoncc', 'plmolina4', 'rubenortega', 'sergiocalo.barranha', 'clarahernandez05f', 'feijoomartina', 'mordor', 'andrei.luneow01031999', 'chenyue', 'gkkk6', 'juanjoseo', '9.genest.gabriel', 'qwe', 'dalder', 'al16do06', 'gonzavt15', 'blasern', 'ero15953', '836054323_wj', 'ergobe3', 'miaocx714', 'elmu6301', 'veronica.castro', 'pablolopezexposito', 'albertoangulo', 'antonio98y', 'ionemanuelmoralesrosales', 'dja19951995', 'marinabm', 'clarachapela10', 'ejg98', 'xoel98', 'maxistral', 'ee5502', 'alyabra', 'albacosta', 'hamza32amar', 'essheh', 'iagomillanentenza', 'wmy', 'alyabra.vargas', 'e.jojusalo', 'chrispvnofficial', 'xiaode', 'hewutanyuan', 'campamarin', 'martin.gutierrez', 'songy', 'bellmanz', 'soddy1996', 'clara.landesa', 'sylim1', 'qumo4329', 'daviland97', 'zhang.jiayu', 'juanjotromp', 'alyabra.alejandro', 'hariprasanna', 'adec', 'ch2922', 'wang.yaoz', 'bulganb28', 'ludoba2912', 'sotmas', 'lauragdevesa', 'joeanszxc', 'albertortepin', 'luisgfloreslarrea', 'zihang']"
1,9,281,27,5,"['gbatzorig268', 'bulganb28', 'watashi.legion', 'dulguun_021', 'tergel1999']",276,"['anderson.bi', 'wangjianed_1992', 'manuel10suarez10', 'ryu.j', 'chenre', 'ralfli', 'miri23', 'dariogarred', 'juansans98', 'lianyi96', 'lluissanuy', 'antoinelegare', 'e.fisicahamza', 'thunaung', 'lidiadom', 'christsun', 'miguel_fernandez', 'elena.j.g', 'xxy0501', 'andreasorroche', 'andrea.mendez', 'danielfdezcalo', 'pablosempredepor97', 'akamsali', 'alecorti.pardo', 'xhan009', 'xxxxiaofan', 'gonzalogbb', 'aidan.rooney17', 'mihai.pislaru.fisica', 'stgermain.b', 'claudia.puga', 'fran.mosquera.pena', 'pablojosecalvo', 'michaelcameronmcdonald', 'hdelatorre3524', 'tonybocadillosgrandes', 'e0427406', 'fernando_ibarra', 'shikhararvind', 'uxiavelca', 'jinfengleong', 'shizhan.flood', 'guyu', 'niravsurajlal', 'pablosande98', 'wtq77', 'marniesan', 'xiaolei', 'savardbastien', 'alexsanchezcast', 'pablocrespo11', 'brunolopez', 'julioug1', 'pmvd95', 'melonlzheng', 'pedrobeko98', 'xoangon', 'henglund', 'sebastianvromero', 'samuelfl', 'elviracastillo', 'sohamsawant912', 'elmanguito', 'iagopardo97', 'roberto.nava', 'bgutierrez', 'noxis986', 'shihhaotsai', 'aledes', 'rysw5590', 'enriquevaliente17', 'pablo.garcia.bas', 'j.guedegar', 'jameslin', 'comeseetake', 'isafdez', 'alicia.mosq', 'mmartinezsanchez', 'edgarmtz', 'chema', 'guoxg46', '2015soham.sawant', 'danidrivas98', 'rayoaki7', 'nuriatellado', 'anar4331', 'caetano.eirea', 'bingshengliu', 'uutty2010', 'zhs002', 'dyoh5119', 'e.ivanlopgar1997', 'jiaqi.guoguo', 'nivedaksubramanian', 'albertoccz', 'angelaturnes', 'iagomoscer', 'esteban.figueroa', 'chenxiwang', 'manucro10', 'luisbarrios', 'martin32', 'salamghgh20', 'valeriamg', 'savas', 'alex_varela_17', 'thackettt', 'pablomd', 'hit.kamble', 'austinz', 'chenxi', 'arturocastro94', 'amirbadshah224', 'gmedina', 'dariogarciaredecillas', 'melissa5', 'francisxavgr', 'martinzapatamartinez', 'chwi7664', 'paula.bolboreta', 'juanariza', 'miguelpinocarmona', 'japrz', 'fabiola.santos', 'lucamonduzzi96', 'ivan1', 'isaac.dominguez4444', 'elisa.vicenteei', 'mgupta15', 'cmoadne', 'anselmoantorcha', 'simoncarloscartamil', 'wanghb', 'berzasnon', 'joannesy', 'praveens013', 'e.lucasnavarrog', 'nuriamj', 'kong2020', 'facundobonfiglio', 'jbalderasfernandez', 'laurenp', 'rakki.datta', 'ottoridemar', 'antonionito1993', 'carterkirkendoll', 'yzarni89', 'anamconrado', 'carlosbesadaromero', 'sergiogrcsnchz', 'xoanmayo', 'policon', 'zewei', 'a997154508', 'foojorge', 'junwen', 'fofi94', 'victortorressuch', 'cristinacostas', 'jdanivc', 'aliraza2013ee360', 'emixose', 'choikj', 'david.garrido', 'fabiolajsanlop', 'juancarlosroutrera', 'costasdiego97', 'paula.mourino', 'liuman961021', 'jerome.alag', 'alejandromo1610', 'p.suarez97', 'isaferjim', 'mariamfontan', 'cxiuqi1', 'mihaipx', 'abdulhaiyum.f', 'alsyaari', 'davidga568', 'jgm2096', 'isaac.carrillo', 'aloptor', 'jaimedmj', 'kennyxsy', 'haominl1997', 'dang.e', 'h_elmenier', 'prra6646', 'pedrogea08', 'lluisgonzaga96', 'limengyuanli66', 'yuxian123', 'zhaoyu960207', 'sstty7', 'guojunxiong25', 'zakizhou', 'mari.paucom', 'yingxue58', 'danidm', 'justinegiroux', 'exareivaj', 'brendaorea15', 'jesslyn', 'sangkyu.sun', 'miguellopezcardenas98', 'maurobn98', 'myez', 'floren_ff', 'agarviespi', 'cytuslll1997', 'leoncc', 'plmolina4', 'rubenortega', 'sergiocalo.barranha', 'clarahernandez05f', 'feijoomartina', 'mordor', 'andrei.luneow01031999', 'chenyue', 'gkkk6', 'juanjoseo', '9.genest.gabriel', 'qwe', 'dalder', 'al16do06', 'gonzavt15', 'blasern', 'ero15953', '836054323_wj', 'ergobe3', 'miaocx714', 'elmu6301', 'veronica.castro', 'pablolopezexposito', 'albertoangulo', 'antonio98y', 'ionemanuelmoralesrosales', 'dja19951995', 'marinabm', 'clarachapela10', 'ejg98', 'ee5502', 'alyabra', 'albacosta', 'hamza32amar', 'essheh', 'iagomillanentenza', 'wmy', 'alyabra.vargas', 'e.jojusalo', 'chrispvnofficial', 'xiaode', 'hewutanyuan', 'campamarin', 'martin.gutierrez', 'songy', 'bellmanz', 'soddy1996', 'clara.landesa', 'sylim1', 'qumo4329', 'zhang.jiayu', 'juanjotromp', 'alyabra.alejandro', 'hariprasanna', 'adec', 'ch2922', 'wang.yaoz', 'ludoba2912', 'sotmas', 'lauragdevesa', 'joeanszxc', 'albertortepin', 'luisgfloreslarrea', 'zihang']",22,"['bayanjargal123456789', 'mdalantai95', 'slize9995', 'boogii', 'muujig1', 'ganerdene8999', 'enkhamgalanbaatar', 'tsendee', 'bat.munkherdene22', 'bathuygbattsetseg3', 'khangaridgan12', 'ganaaa12a', 'ssvldbayr0423', 'hibaagii1994', None, 'tsogooanurad', 'ochirhuyag', 'atilyacez', 'dulguun.davaadorj.dd', 'naruka700', 'bayanjargal.sub', 'onoroo.bayrbat']",303,"['anderson.bi', 'mdalantai95', 'wangjianed_1992', 'manuel10suarez10', 'ryu.j', 'chenre', 'ralfli', 'miri23', 'dariogarred', 'boogii', 'juansans98', 'lianyi96', 'lluissanuy', 'antoinelegare', 'e.fisicahamza', 'thunaung', 'lidiadom', 'christsun', 'miguel_fernandez', 'elena.j.g', 'xxy0501', 'andreasorroche', 'andrea.mendez', 'danielfdezcalo', 'pablosempredepor97', 'akamsali', 'alecorti.pardo', 'xhan009', 'xxxxiaofan', 'gonzalogbb', 'aidan.rooney17', 'mihai.pislaru.fisica', 'stgermain.b', 'claudia.puga', 'fran.mosquera.pena', 'ssvldbayr0423', 'pablojosecalvo', 'michaelcameronmcdonald', 'hdelatorre3524', 'tonybocadillosgrandes', 'e0427406', 'fernando_ibarra', 'shikhararvind', 'atilyacez', 'uxiavelca', 'jinfengleong', 'shizhan.flood', 'guyu', 'niravsurajlal', 'pablosande98', 'wtq77', 'marniesan', 'watashi.legion', 'slize9995', 'xiaolei', 'savardbastien', 'alexsanchezcast', 'pablocrespo11', 'brunolopez', 'julioug1', 'pmvd95', 'melonlzheng', 'pedrobeko98', 'xoangon', 'henglund', 'bat.munkherdene22', 'sebastianvromero', 'samuelfl', 'elviracastillo', 'sohamsawant912', 'elmanguito', 'iagopardo97', 'roberto.nava', 'bgutierrez', 'noxis986', None, 'ochirhuyag', 'shihhaotsai', 'aledes', 'rysw5590', 'enriquevaliente17', 'pablo.garcia.bas', 'j.guedegar', 'jameslin', 'comeseetake', 'isafdez', 'alicia.mosq', 'mmartinezsanchez', 'edgarmtz', 'chema', 'guoxg46', 'tergel1999', '2015soham.sawant', 'danidrivas98', 'rayoaki7', 'nuriatellado', 'anar4331', 'caetano.eirea', 'bingshengliu', 'uutty2010', 'zhs002', 'dyoh5119', 'e.ivanlopgar1997', 'jiaqi.guoguo', 'nivedaksubramanian', 'albertoccz', 'angelaturnes', 'iagomoscer', 'esteban.figueroa', 'chenxiwang', 'manucro10', 'luisbarrios', 'martin32', 'salamghgh20', 'gbatzorig268', 'valeriamg', 'savas', 'alex_varela_17', 'thackettt', 'pablomd', 'hit.kamble', 'austinz', 'chenxi', 'arturocastro94', 'amirbadshah224', 'gmedina', 'dariogarciaredecillas', 'melissa5', 'francisxavgr', 'martinzapatamartinez', 'chwi7664', 'paula.bolboreta', 'juanariza', 'miguelpinocarmona', 'japrz', 'fabiola.santos', 'lucamonduzzi96', 'ivan1', 'isaac.dominguez4444', 'elisa.vicenteei', 'mgupta15', 'ganaaa12a', 'cmoadne', 'anselmoantorcha', 'simoncarloscartamil', 'wanghb', 'berzasnon', 'joannesy', 'praveens013', 'e.lucasnavarrog', 'nuriamj', 'kong2020', 'facundobonfiglio', 'jbalderasfernandez', 'laurenp', 'rakki.datta', 'ottoridemar', 'antonionito1993', 'carterkirkendoll', 'yzarni89', 'anamconrado', 'carlosbesadaromero', 'sergiogrcsnchz', 'xoanmayo', 'policon', 'zewei', 'a997154508', 'foojorge', 'junwen', 'enkhamgalanbaatar', 'fofi94', 'bathuygbattsetseg3', 'victortorressuch', 'cristinacostas', 'jdanivc', 'aliraza2013ee360', 'emixose', 'choikj', 'david.garrido', 'fabiolajsanlop', 'juancarlosroutrera', 'costasdiego97', 'dulguun_021', 'paula.mourino', 'liuman961021', 'jerome.alag', 'alejandromo1610', 'p.suarez97', 'dulguun.davaadorj.dd', 'isaferjim', 'mariamfontan', 'cxiuqi1', 'mihaipx', 'abdulhaiyum.f', 'alsyaari', 'davidga568', 'jgm2096', 'isaac.carrillo', 'aloptor', 'jaimedmj', 'kennyxsy', 'haominl1997', 'dang.e', 'h_elmenier', 'prra6646', 'pedrogea08', 'khangaridgan12', 'lluisgonzaga96', 'limengyuanli66', 'yuxian123', 'zhaoyu960207', 'sstty7', 'guojunxiong25', 'zakizhou', 'mari.paucom', 'yingxue58', 'danidm', 'justinegiroux', 'exareivaj', 'brendaorea15', 'muujig1', 'jesslyn', 'ganerdene8999', 'sangkyu.sun', 'miguellopezcardenas98', 'maurobn98', 'myez', 'floren_ff', 'agarviespi', 'tsendee', 'cytuslll1997', 'leoncc', 'plmolina4', 'rubenortega', 'sergiocalo.barranha', 'clarahernandez05f', 'feijoomartina', 'mordor', 'andrei.luneow01031999', 'chenyue', 'gkkk6', 'tsogooanurad', 'juanjoseo', '9.genest.gabriel', 'qwe', 'dalder', 'al16do06', 'gonzavt15', 'blasern', 'ero15953', '836054323_wj', 'ergobe3', 'miaocx714', 'elmu6301', 'veronica.castro', 'bayanjargal123456789', 'pablolopezexposito', 'albertoangulo', 'antonio98y', 'ionemanuelmoralesrosales', 'dja19951995', 'marinabm', 'clarachapela10', 'ejg98', 'ee5502', 'alyabra', 'albacosta', 'hamza32amar', 'essheh', 'iagomillanentenza', 'wmy', 'alyabra.vargas', 'e.jojusalo', 'chrispvnofficial', 'xiaode', 'hewutanyuan', 'campamarin', 'martin.gutierrez', 'songy', 'bellmanz', 'soddy1996', 'clara.landesa', 'sylim1', 'qumo4329', 'zhang.jiayu', 'juanjotromp', 'alyabra.alejandro', 'hariprasanna', 'adec', 'hibaagii1994', 'ch2922', 'wang.yaoz', 'bulganb28', 'ludoba2912', 'naruka700', 'bayanjargal.sub', 'sotmas', 'lauragdevesa', 'joeanszxc', 'onoroo.bayrbat', 'albertortepin', 'luisgfloreslarrea', 'zihang']"
1,34,281,27,24,"['manuel10suarez10', 'alicia.mosq', 'mmartinezsanchez', 'carlosbesadaromero', 'myez', 'miguel_fernandez', 'xoangon', 'sergiocalo.barranha', 'fofi94', 'samuelfl', 'feijoomartina', 'jdanivc', 'emixose', 'costasdiego97', 'iagopardo97', 'fran.mosquera.pena', 'angelaturnes', 'iagomoscer', 'simoncarloscartamil', 'tonybocadillosgrandes', 'p.suarez97', 'nuriamj', 'martin32', 'facundobonfiglio']",257,"['anderson.bi', 'wangjianed_1992', 'ryu.j', 'chenre', 'ralfli', 'miri23', 'dariogarred', 'juansans98', 'lianyi96', 'lluissanuy', 'antoinelegare', 'e.fisicahamza', 'thunaung', 'lidiadom', 'christsun', 'elena.j.g', 'xxy0501', 'andreasorroche', 'andrea.mendez', 'danielfdezcalo', 'pablosempredepor97', 'akamsali', 'alecorti.pardo', 'xhan009', 'xxxxiaofan', 'gonzalogbb', 'aidan.rooney17', 'mihai.pislaru.fisica', 'stgermain.b', 'claudia.puga', 'pablojosecalvo', 'michaelcameronmcdonald', 'hdelatorre3524', 'e0427406', 'fernando_ibarra', 'shikhararvind', 'uxiavelca', 'jinfengleong', 'shizhan.flood', 'guyu', 'niravsurajlal', 'pablosande98', 'wtq77', 'marniesan', 'watashi.legion', 'xiaolei', 'savardbastien', 'alexsanchezcast', 'pablocrespo11', 'brunolopez', 'julioug1', 'pmvd95', 'melonlzheng', 'pedrobeko98', 'henglund', 'sebastianvromero', 'elviracastillo', 'sohamsawant912', 'elmanguito', 'roberto.nava', 'bgutierrez', 'noxis986', 'shihhaotsai', 'aledes', 'rysw5590', 'enriquevaliente17', 'pablo.garcia.bas', 'j.guedegar', 'jameslin', 'comeseetake', 'isafdez', 'edgarmtz', 'chema', 'guoxg46', 'tergel1999', '2015soham.sawant', 'danidrivas98', 'rayoaki7', 'nuriatellado', 'anar4331', 'caetano.eirea', 'bingshengliu', 'uutty2010', 'zhs002', 'dyoh5119', 'e.ivanlopgar1997', 'jiaqi.guoguo', 'nivedaksubramanian', 'albertoccz', 'esteban.figueroa', 'chenxiwang', 'manucro10', 'luisbarrios', 'salamghgh20', 'gbatzorig268', 'valeriamg', 'savas', 'alex_varela_17', 'thackettt', 'pablomd', 'hit.kamble', 'austinz', 'chenxi', 'arturocastro94', 'amirbadshah224', 'gmedina', 'dariogarciaredecillas', 'melissa5', 'francisxavgr', 'martinzapatamartinez', 'chwi7664', 'paula.bolboreta', 'juanariza', 'miguelpinocarmona', 'japrz', 'fabiola.santos', 'lucamonduzzi96', 'ivan1', 'isaac.dominguez4444', 'elisa.vicenteei', 'mgupta15', 'cmoadne', 'anselmoantorcha', 'wanghb', 'berzasnon', 'joannesy', 'praveens013', 'e.lucasnavarrog', 'kong2020', 'jbalderasfernandez', 'laurenp', 'rakki.datta', 'ottoridemar', 'antonionito1993', 'carterkirkendoll', 'yzarni89', 'anamconrado', 'sergiogrcsnchz', 'xoanmayo', 'policon', 'zewei', 'a997154508', 'foojorge', 'junwen', 'victortorressuch', 'cristinacostas', 'aliraza2013ee360', 'choikj', 'david.garrido', 'fabiolajsanlop', 'juancarlosroutrera', 'dulguun_021', 'paula.mourino', 'liuman961021', 'jerome.alag', 'alejandromo1610', 'isaferjim', 'mariamfontan', 'cxiuqi1', 'mihaipx', 'abdulhaiyum.f', 'alsyaari', 'davidga568', 'jgm2096', 'isaac.carrillo', 'aloptor', 'jaimedmj', 'kennyxsy', 'haominl1997', 'dang.e', 'h_elmenier', 'prra6646', 'pedrogea08', 'lluisgonzaga96', 'limengyuanli66', 'yuxian123', 'zhaoyu960207', 'sstty7', 'guojunxiong25', 'zakizhou', 'mari.paucom', 'yingxue58', 'danidm', 'justinegiroux', 'exareivaj', 'brendaorea15', 'jesslyn', 'sangkyu.sun', 'miguellopezcardenas98', 'maurobn98', 'floren_ff', 'agarviespi', 'cytuslll1997', 'leoncc', 'plmolina4', 'rubenortega', 'clarahernandez05f', 'mordor', 'andrei.luneow01031999', 'chenyue', 'gkkk6', 'juanjoseo', '9.genest.gabriel', 'qwe', 'dalder', 'al16do06', 'gonzavt15', 'blasern', 'ero15953', '836054323_wj', 'ergobe3', 'miaocx714', 'elmu6301', 'veronica.castro', 'pablolopezexposito', 'albertoangulo', 'antonio98y', 'ionemanuelmoralesrosales', 'dja19951995', 'marinabm', 'clarachapela10', 'ejg98', 'ee5502', 'alyabra', 'albacosta', 'hamza32amar', 'essheh', 'iagomillanentenza', 'wmy', 'alyabra.vargas', 'e.jojusalo', 'chrispvnofficial', 'xiaode', 'hewutanyuan', 'campamarin', 'martin.gutierrez', 'songy', 'bellmanz', 'soddy1996', 'clara.landesa', 'sylim1', 'qumo4329', 'zhang.jiayu', 'juanjotromp', 'alyabra.alejandro', 'hariprasanna', 'adec', 'ch2922', 'wang.yaoz', 'bulganb28', 'ludoba2912', 'sotmas', 'lauragdevesa', 'joeanszxc', 'albertortepin', 'luisgfloreslarrea', 'zihang']",3,"['maxistral', None, 'mauro_sg']",284,"['anderson.bi', 'wangjianed_1992', 'manuel10suarez10', 'ryu.j', 'chenre', 'ralfli', 'miri23', 'dariogarred', 'juansans98', 'lianyi96', 'lluissanuy', 'antoinelegare', 'e.fisicahamza', 'thunaung', 'lidiadom', 'christsun', 'miguel_fernandez', 'elena.j.g', 'xxy0501', 'andreasorroche', 'andrea.mendez', 'danielfdezcalo', 'pablosempredepor97', 'akamsali', 'alecorti.pardo', 'xhan009', 'xxxxiaofan', 'gonzalogbb', 'aidan.rooney17', 'mihai.pislaru.fisica', 'stgermain.b', 'claudia.puga', 'fran.mosquera.pena', 'pablojosecalvo', 'michaelcameronmcdonald', 'hdelatorre3524', 'tonybocadillosgrandes', 'e0427406', 'fernando_ibarra', 'shikhararvind', 'uxiavelca', 'jinfengleong', 'shizhan.flood', 'guyu', 'niravsurajlal', 'pablosande98', 'wtq77', 'marniesan', 'watashi.legion', 'xiaolei', 'savardbastien', 'alexsanchezcast', 'pablocrespo11', 'brunolopez', 'julioug1', 'pmvd95', 'melonlzheng', 'pedrobeko98', 'xoangon', 'henglund', 'sebastianvromero', 'samuelfl', 'elviracastillo', 'sohamsawant912', 'elmanguito', 'iagopardo97', 'roberto.nava', 'bgutierrez', 'noxis986', None, 'shihhaotsai', 'aledes', 'rysw5590', 'enriquevaliente17', 'pablo.garcia.bas', 'j.guedegar', 'jameslin', 'comeseetake', 'isafdez', 'alicia.mosq', 'mmartinezsanchez', 'edgarmtz', 'chema', 'guoxg46', 'tergel1999', '2015soham.sawant', 'danidrivas98', 'rayoaki7', 'nuriatellado', 'anar4331', 'caetano.eirea', 'bingshengliu', 'uutty2010', 'zhs002', 'dyoh5119', 'e.ivanlopgar1997', 'jiaqi.guoguo', 'nivedaksubramanian', 'albertoccz', 'angelaturnes', 'iagomoscer', 'esteban.figueroa', 'chenxiwang', 'manucro10', 'luisbarrios', 'mauro_sg', 'martin32', 'salamghgh20', 'gbatzorig268', 'valeriamg', 'savas', 'alex_varela_17', 'thackettt', 'pablomd', 'hit.kamble', 'austinz', 'chenxi', 'arturocastro94', 'amirbadshah224', 'gmedina', 'dariogarciaredecillas', 'melissa5', 'francisxavgr', 'martinzapatamartinez', 'chwi7664', 'paula.bolboreta', 'juanariza', 'miguelpinocarmona', 'japrz', 'fabiola.santos', 'lucamonduzzi96', 'ivan1', 'isaac.dominguez4444', 'elisa.vicenteei', 'mgupta15', 'cmoadne', 'anselmoantorcha', 'simoncarloscartamil', 'wanghb', 'berzasnon', 'joannesy', 'praveens013', 'e.lucasnavarrog', 'nuriamj', 'kong2020', 'facundobonfiglio', 'jbalderasfernandez', 'laurenp', 'rakki.datta', 'ottoridemar', 'antonionito1993', 'carterkirkendoll', 'yzarni89', 'anamconrado', 'carlosbesadaromero', 'sergiogrcsnchz', 'xoanmayo', 'policon', 'zewei', 'a997154508', 'foojorge', 'junwen', 'fofi94', 'victortorressuch', 'cristinacostas', 'jdanivc', 'aliraza2013ee360', 'emixose', 'choikj', 'david.garrido', 'fabiolajsanlop', 'juancarlosroutrera', 'costasdiego97', 'dulguun_021', 'paula.mourino', 'liuman961021', 'jerome.alag', 'alejandromo1610', 'p.suarez97', 'isaferjim', 'mariamfontan', 'cxiuqi1', 'mihaipx', 'abdulhaiyum.f', 'alsyaari', 'davidga568', 'jgm2096', 'isaac.carrillo', 'aloptor', 'jaimedmj', 'kennyxsy', 'haominl1997', 'dang.e', 'h_elmenier', 'prra6646', 'pedrogea08', 'lluisgonzaga96', 'limengyuanli66', 'yuxian123', 'zhaoyu960207', 'sstty7', 'guojunxiong25', 'zakizhou', 'mari.paucom', 'yingxue58', 'danidm', 'justinegiroux', 'exareivaj', 'brendaorea15', 'jesslyn', 'sangkyu.sun', 'miguellopezcardenas98', 'maurobn98', 'myez', 'floren_ff', 'agarviespi', 'cytuslll1997', 'leoncc', 'plmolina4', 'rubenortega', 'sergiocalo.barranha', 'clarahernandez05f', 'feijoomartina', 'mordor', 'andrei.luneow01031999', 'chenyue', 'gkkk6', 'juanjoseo', '9.genest.gabriel', 'qwe', 'dalder', 'al16do06', 'gonzavt15', 'blasern', 'ero15953', '836054323_wj', 'ergobe3', 'miaocx714', 'elmu6301', 'veronica.castro', 'pablolopezexposito', 'albertoangulo', 'antonio98y', 'ionemanuelmoralesrosales', 'dja19951995', 'marinabm', 'clarachapela10', 'ejg98', 'maxistral', 'ee5502', 'alyabra', 'albacosta', 'hamza32amar', 'essheh', 'iagomillanentenza', 'wmy', 'alyabra.vargas', 'e.jojusalo', 'chrispvnofficial', 'xiaode', 'hewutanyuan', 'campamarin', 'martin.gutierrez', 'songy', 'bellmanz', 'soddy1996', 'clara.landesa', 'sylim1', 'qumo4329', 'zhang.jiayu', 'juanjotromp', 'alyabra.alejandro', 'hariprasanna', 'adec', 'ch2922', 'wang.yaoz', 'bulganb28', 'ludoba2912', 'sotmas', 'lauragdevesa', 'joeanszxc', 'albertortepin', 'luisgfloreslarrea', 'zihang']"
1,11,281,26,4,"['sstty7', 'sangkyu.sun', 'choikj', 'dja19951995']",277,"['anderson.bi', 'wangjianed_1992', 'manuel10suarez10', 'ryu.j', 'chenre', 'ralfli', 'miri23', 'dariogarred', 'juansans98', 'lianyi96', 'lluissanuy', 'antoinelegare', 'e.fisicahamza', 'thunaung', 'lidiadom', 'christsun', 'miguel_fernandez', 'elena.j.g', 'xxy0501', 'andreasorroche', 'andrea.mendez', 'danielfdezcalo', 'pablosempredepor97', 'akamsali', 'alecorti.pardo', 'xhan009', 'xxxxiaofan', 'gonzalogbb', 'aidan.rooney17', 'mihai.pislaru.fisica', 'stgermain.b', 'claudia.puga', 'fran.mosquera.pena', 'pablojosecalvo', 'michaelcameronmcdonald', 'hdelatorre3524', 'tonybocadillosgrandes', 'e0427406', 'fernando_ibarra', 'shikhararvind', 'uxiavelca', 'jinfengleong', 'shizhan.flood', 'guyu', 'niravsurajlal', 'pablosande98', 'wtq77', 'marniesan', 'watashi.legion', 'xiaolei', 'savardbastien', 'alexsanchezcast', 'pablocrespo11', 'brunolopez', 'julioug1', 'pmvd95', 'melonlzheng', 'pedrobeko98', 'xoangon', 'henglund', 'sebastianvromero', 'samuelfl', 'elviracastillo', 'sohamsawant912', 'elmanguito', 'iagopardo97', 'roberto.nava', 'bgutierrez', 'noxis986', 'shihhaotsai', 'aledes', 'rysw5590', 'enriquevaliente17', 'pablo.garcia.bas', 'j.guedegar', 'jameslin', 'comeseetake', 'isafdez', 'alicia.mosq', 'mmartinezsanchez', 'edgarmtz', 'chema', 'guoxg46', 'tergel1999', '2015soham.sawant', 'danidrivas98', 'rayoaki7', 'nuriatellado', 'anar4331', 'caetano.eirea', 'bingshengliu', 'uutty2010', 'zhs002', 'dyoh5119', 'e.ivanlopgar1997', 'jiaqi.guoguo', 'nivedaksubramanian', 'albertoccz', 'angelaturnes', 'iagomoscer', 'esteban.figueroa', 'chenxiwang', 'manucro10', 'luisbarrios', 'martin32', 'salamghgh20', 'gbatzorig268', 'valeriamg', 'savas', 'alex_varela_17', 'thackettt', 'pablomd', 'hit.kamble', 'austinz', 'chenxi', 'arturocastro94', 'amirbadshah224', 'gmedina', 'dariogarciaredecillas', 'melissa5', 'francisxavgr', 'martinzapatamartinez', 'chwi7664', 'paula.bolboreta', 'juanariza', 'miguelpinocarmona', 'japrz', 'fabiola.santos', 'lucamonduzzi96', 'ivan1', 'isaac.dominguez4444', 'elisa.vicenteei', 'mgupta15', 'cmoadne', 'anselmoantorcha', 'simoncarloscartamil', 'wanghb', 'berzasnon', 'joannesy', 'praveens013', 'e.lucasnavarrog', 'nuriamj', 'kong2020', 'facundobonfiglio', 'jbalderasfernandez', 'laurenp', 'rakki.datta', 'ottoridemar', 'antonionito1993', 'carterkirkendoll', 'yzarni89', 'anamconrado', 'carlosbesadaromero', 'sergiogrcsnchz', 'xoanmayo', 'policon', 'zewei', 'a997154508', 'foojorge', 'junwen', 'fofi94', 'victortorressuch', 'cristinacostas', 'jdanivc', 'aliraza2013ee360', 'emixose', 'david.garrido', 'fabiolajsanlop', 'juancarlosroutrera', 'costasdiego97', 'dulguun_021', 'paula.mourino', 'liuman961021', 'jerome.alag', 'alejandromo1610', 'p.suarez97', 'isaferjim', 'mariamfontan', 'cxiuqi1', 'mihaipx', 'abdulhaiyum.f', 'alsyaari', 'davidga568', 'jgm2096', 'isaac.carrillo', 'aloptor', 'jaimedmj', 'kennyxsy', 'haominl1997', 'dang.e', 'h_elmenier', 'prra6646', 'pedrogea08', 'lluisgonzaga96', 'limengyuanli66', 'yuxian123', 'zhaoyu960207', 'guojunxiong25', 'zakizhou', 'mari.paucom', 'yingxue58', 'danidm', 'justinegiroux', 'exareivaj', 'brendaorea15', 'jesslyn', 'miguellopezcardenas98', 'maurobn98', 'myez', 'floren_ff', 'agarviespi', 'cytuslll1997', 'leoncc', 'plmolina4', 'rubenortega', 'sergiocalo.barranha', 'clarahernandez05f', 'feijoomartina', 'mordor', 'andrei.luneow01031999', 'chenyue', 'gkkk6', 'juanjoseo', '9.genest.gabriel', 'qwe', 'dalder', 'al16do06', 'gonzavt15', 'blasern', 'ero15953', '836054323_wj', 'ergobe3', 'miaocx714', 'elmu6301', 'veronica.castro', 'pablolopezexposito', 'albertoangulo', 'antonio98y', 'ionemanuelmoralesrosales', 'marinabm', 'clarachapela10', 'ejg98', 'ee5502', 'alyabra', 'albacosta', 'hamza32amar', 'essheh', 'iagomillanentenza', 'wmy', 'alyabra.vargas', 'e.jojusalo', 'chrispvnofficial', 'xiaode', 'hewutanyuan', 'campamarin', 'martin.gutierrez', 'songy', 'bellmanz', 'soddy1996', 'clara.landesa', 'sylim1', 'qumo4329', 'zhang.jiayu', 'juanjotromp', 'alyabra.alejandro', 'hariprasanna', 'adec', 'ch2922', 'wang.yaoz', 'bulganb28', 'ludoba2912', 'sotmas', 'lauragdevesa', 'joeanszxc', 'albertortepin', 'luisgfloreslarrea', 'zihang']",22,"['siggy36', 'dntnwls0501', 'codns318', 'minho9534', 'yujincho', 'yummchae', 'jiwon7341', 'kimys4u', 'jaephago', 'kangtoltol', 'yjh4866', 'sgu20151416', 'kimyoungkyen', 'dbsgnl4', 'eb32862', 'anstpdlffj3', 'sjhoon96', 'qjjh1217', None, 'dorxlqmdkdlel', 'ottersquad', 'dangover94']",303,"['anderson.bi', 'wangjianed_1992', 'siggy36', 'manuel10suarez10', 'codns318', 'minho9534', 'ryu.j', 'chenre', 'ralfli', 'miri23', 'dariogarred', 'juansans98', 'lianyi96', 'lluissanuy', 'antoinelegare', 'e.fisicahamza', 'thunaung', 'lidiadom', 'christsun', 'miguel_fernandez', 'elena.j.g', 'xxy0501', 'andreasorroche', 'andrea.mendez', 'danielfdezcalo', 'pablosempredepor97', 'akamsali', 'alecorti.pardo', 'xhan009', 'xxxxiaofan', 'gonzalogbb', 'aidan.rooney17', 'mihai.pislaru.fisica', 'stgermain.b', 'claudia.puga', 'fran.mosquera.pena', 'sjhoon96', 'pablojosecalvo', 'michaelcameronmcdonald', 'hdelatorre3524', 'tonybocadillosgrandes', 'e0427406', 'fernando_ibarra', 'shikhararvind', 'uxiavelca', 'jinfengleong', 'shizhan.flood', 'guyu', 'niravsurajlal', 'pablosande98', 'wtq77', 'marniesan', 'watashi.legion', 'xiaolei', 'savardbastien', 'alexsanchezcast', 'pablocrespo11', 'brunolopez', 'julioug1', 'pmvd95', 'melonlzheng', 'pedrobeko98', 'xoangon', 'henglund', 'sebastianvromero', 'samuelfl', 'elviracastillo', 'sohamsawant912', 'elmanguito', 'iagopardo97', 'roberto.nava', 'bgutierrez', 'noxis986', None, 'shihhaotsai', 'aledes', 'rysw5590', 'enriquevaliente17', 'pablo.garcia.bas', 'j.guedegar', 'jameslin', 'comeseetake', 'dntnwls0501', 'isafdez', 'alicia.mosq', 'mmartinezsanchez', 'yujincho', 'edgarmtz', 'chema', 'guoxg46', 'tergel1999', '2015soham.sawant', 'danidrivas98', 'rayoaki7', 'nuriatellado', 'anar4331', 'caetano.eirea', 'bingshengliu', 'uutty2010', 'zhs002', 'dyoh5119', 'e.ivanlopgar1997', 'jiaqi.guoguo', 'nivedaksubramanian', 'albertoccz', 'angelaturnes', 'iagomoscer', 'esteban.figueroa', 'chenxiwang', 'manucro10', 'luisbarrios', 'martin32', 'salamghgh20', 'gbatzorig268', 'valeriamg', 'savas', 'alex_varela_17', 'thackettt', 'pablomd', 'hit.kamble', 'austinz', 'yummchae', 'chenxi', 'arturocastro94', 'amirbadshah224', 'yjh4866', 'gmedina', 'dariogarciaredecillas', 'melissa5', 'francisxavgr', 'martinzapatamartinez', 'chwi7664', 'paula.bolboreta', 'juanariza', 'miguelpinocarmona', 'japrz', 'fabiola.santos', 'lucamonduzzi96', 'ivan1', 'isaac.dominguez4444', 'elisa.vicenteei', 'mgupta15', 'cmoadne', 'anselmoantorcha', 'simoncarloscartamil', 'qjjh1217', 'wanghb', 'berzasnon', 'joannesy', 'praveens013', 'e.lucasnavarrog', 'nuriamj', 'kong2020', 'facundobonfiglio', 'jbalderasfernandez', 'laurenp', 'rakki.datta', 'ottoridemar', 'antonionito1993', 'carterkirkendoll', 'yzarni89', 'anamconrado', 'carlosbesadaromero', 'sergiogrcsnchz', 'xoanmayo', 'policon', 'zewei', 'a997154508', 'foojorge', 'junwen', 'dbsgnl4', 'fofi94', 'victortorressuch', 'cristinacostas', 'jdanivc', 'aliraza2013ee360', 'emixose', 'choikj', 'david.garrido', 'fabiolajsanlop', 'juancarlosroutrera', 'anstpdlffj3', 'costasdiego97', 'dulguun_021', 'paula.mourino', 'liuman961021', 'jerome.alag', 'alejandromo1610', 'p.suarez97', 'isaferjim', 'mariamfontan', 'cxiuqi1', 'dangover94', 'mihaipx', 'abdulhaiyum.f', 'alsyaari', 'davidga568', 'jgm2096', 'isaac.carrillo', 'aloptor', 'jaimedmj', 'kangtoltol', 'kennyxsy', 'kimyoungkyen', 'haominl1997', 'dang.e', 'h_elmenier', 'prra6646', 'pedrogea08', 'lluisgonzaga96', 'limengyuanli66', 'yuxian123', 'zhaoyu960207', 'sstty7', 'dorxlqmdkdlel', 'guojunxiong25', 'zakizhou', 'mari.paucom', 'yingxue58', 'danidm', 'justinegiroux', 'exareivaj', 'brendaorea15', 'jesslyn', 'sangkyu.sun', 'miguellopezcardenas98', 'maurobn98', 'myez', 'jiwon7341', 'floren_ff', 'kimys4u', 'agarviespi', 'cytuslll1997', 'leoncc', 'plmolina4', 'rubenortega', 'sergiocalo.barranha', 'eb32862', 'clarahernandez05f', 'feijoomartina', 'mordor', 'andrei.luneow01031999', 'chenyue', 'gkkk6', 'juanjoseo', '9.genest.gabriel', 'qwe', 'dalder', 'al16do06', 'gonzavt15', 'blasern', 'ero15953', '836054323_wj', 'ergobe3', 'miaocx714', 'elmu6301', 'veronica.castro', 'pablolopezexposito', 'albertoangulo', 'antonio98y', 'ionemanuelmoralesrosales', 'dja19951995', 'marinabm', 'clarachapela10', 'ejg98', 'jaephago', 'ee5502', 'alyabra', 'sgu20151416', 'albacosta', 'hamza32amar', 'essheh', 'iagomillanentenza', 'wmy', 'alyabra.vargas', 'e.jojusalo', 'chrispvnofficial', 'xiaode', 'hewutanyuan', 'campamarin', 'martin.gutierrez', 'songy', 'bellmanz', 'soddy1996', 'clara.landesa', 'sylim1', 'qumo4329', 'zhang.jiayu', 'juanjotromp', 'alyabra.alejandro', 'hariprasanna', 'adec', 'ch2922', 'wang.yaoz', 'bulganb28', 'ludoba2912', 'sotmas', 'ottersquad', 'lauragdevesa', 'joeanszxc', 'albertortepin', 'luisgfloreslarrea', 'zihang']"
1,358,281,21,16,"['carlosbesadaromero', 'myez', 'pablosande98', 'feijoomartina', 'jdanivc', 'p.suarez97', 'marniesan', 'costasdiego97', 'exareivaj', 'miguel_fernandez', 'mmartinezsanchez', 'xoangon', 'angelaturnes', 'fofi94', 'martinzapatamartinez', 'samuelfl']",265,"['anderson.bi', 'wangjianed_1992', 'manuel10suarez10', 'ryu.j', 'chenre', 'ralfli', 'miri23', 'dariogarred', 'juansans98', 'lianyi96', 'lluissanuy', 'antoinelegare', 'e.fisicahamza', 'thunaung', 'lidiadom', 'christsun', 'elena.j.g', 'xxy0501', 'andreasorroche', 'andrea.mendez', 'danielfdezcalo', 'pablosempredepor97', 'akamsali', 'alecorti.pardo', 'xhan009', 'xxxxiaofan', 'gonzalogbb', 'aidan.rooney17', 'mihai.pislaru.fisica', 'stgermain.b', 'claudia.puga', 'fran.mosquera.pena', 'pablojosecalvo', 'michaelcameronmcdonald', 'hdelatorre3524', 'tonybocadillosgrandes', 'e0427406', 'fernando_ibarra', 'shikhararvind', 'uxiavelca', 'jinfengleong', 'shizhan.flood', 'guyu', 'niravsurajlal', 'wtq77', 'watashi.legion', 'xiaolei', 'savardbastien', 'alexsanchezcast', 'pablocrespo11', 'brunolopez', 'julioug1', 'pmvd95', 'melonlzheng', 'pedrobeko98', 'henglund', 'sebastianvromero', 'elviracastillo', 'sohamsawant912', 'elmanguito', 'iagopardo97', 'roberto.nava', 'bgutierrez', 'noxis986', 'shihhaotsai', 'aledes', 'rysw5590', 'enriquevaliente17', 'pablo.garcia.bas', 'j.guedegar', 'jameslin', 'comeseetake', 'isafdez', 'alicia.mosq', 'edgarmtz', 'chema', 'guoxg46', 'tergel1999', '2015soham.sawant', 'danidrivas98', 'rayoaki7', 'nuriatellado', 'anar4331', 'caetano.eirea', 'bingshengliu', 'uutty2010', 'zhs002', 'dyoh5119', 'e.ivanlopgar1997', 'jiaqi.guoguo', 'nivedaksubramanian', 'albertoccz', 'iagomoscer', 'esteban.figueroa', 'chenxiwang', 'manucro10', 'luisbarrios', 'martin32', 'salamghgh20', 'gbatzorig268', 'valeriamg', 'savas', 'alex_varela_17', 'thackettt', 'pablomd', 'hit.kamble', 'austinz', 'chenxi', 'arturocastro94', 'amirbadshah224', 'gmedina', 'dariogarciaredecillas', 'melissa5', 'francisxavgr', 'chwi7664', 'paula.bolboreta', 'juanariza', 'miguelpinocarmona', 'japrz', 'fabiola.santos', 'lucamonduzzi96', 'ivan1', 'isaac.dominguez4444', 'elisa.vicenteei', 'mgupta15', 'cmoadne', 'anselmoantorcha', 'simoncarloscartamil', 'wanghb', 'berzasnon', 'joannesy', 'praveens013', 'e.lucasnavarrog', 'nuriamj', 'kong2020', 'facundobonfiglio', 'jbalderasfernandez', 'laurenp', 'rakki.datta', 'ottoridemar', 'antonionito1993', 'carterkirkendoll', 'yzarni89', 'anamconrado', 'sergiogrcsnchz', 'xoanmayo', 'policon', 'zewei', 'a997154508', 'foojorge', 'junwen', 'victortorressuch', 'cristinacostas', 'aliraza2013ee360', 'emixose', 'choikj', 'david.garrido', 'fabiolajsanlop', 'juancarlosroutrera', 'dulguun_021', 'paula.mourino', 'liuman961021', 'jerome.alag', 'alejandromo1610', 'isaferjim', 'mariamfontan', 'cxiuqi1', 'mihaipx', 'abdulhaiyum.f', 'alsyaari', 'davidga568', 'jgm2096', 'isaac.carrillo', 'aloptor', 'jaimedmj', 'kennyxsy', 'haominl1997', 'dang.e', 'h_elmenier', 'prra6646', 'pedrogea08', 'lluisgonzaga96', 'limengyuanli66', 'yuxian123', 'zhaoyu960207', 'sstty7', 'guojunxiong25', 'zakizhou', 'mari.paucom', 'yingxue58', 'danidm', 'justinegiroux', 'brendaorea15', 'jesslyn', 'sangkyu.sun', 'miguellopezcardenas98', 'maurobn98', 'floren_ff', 'agarviespi', 'cytuslll1997', 'leoncc', 'plmolina4', 'rubenortega', 'sergiocalo.barranha', 'clarahernandez05f', 'mordor', 'andrei.luneow01031999', 'chenyue', 'gkkk6', 'juanjoseo', '9.genest.gabriel', 'qwe', 'dalder', 'al16do06', 'gonzavt15', 'blasern', 'ero15953', '836054323_wj', 'ergobe3', 'miaocx714', 'elmu6301', 'veronica.castro', 'pablolopezexposito', 'albertoangulo', 'antonio98y', 'ionemanuelmoralesrosales', 'dja19951995', 'marinabm', 'clarachapela10', 'ejg98', 'ee5502', 'alyabra', 'albacosta', 'hamza32amar', 'essheh', 'iagomillanentenza', 'wmy', 'alyabra.vargas', 'e.jojusalo', 'chrispvnofficial', 'xiaode', 'hewutanyuan', 'campamarin', 'martin.gutierrez', 'songy', 'bellmanz', 'soddy1996', 'clara.landesa', 'sylim1', 'qumo4329', 'zhang.jiayu', 'juanjotromp', 'alyabra.alejandro', 'hariprasanna', 'adec', 'ch2922', 'wang.yaoz', 'bulganb28', 'ludoba2912', 'sotmas', 'lauragdevesa', 'joeanszxc', 'albertortepin', 'luisgfloreslarrea', 'zihang']",5,"['ana.rmteo', 'xoel98', 'maxistral', 'pedrotouris', None]",286,"['anderson.bi', 'wangjianed_1992', 'manuel10suarez10', 'ryu.j', 'chenre', 'ralfli', 'miri23', 'dariogarred', 'juansans98', 'lianyi96', 'lluissanuy', 'antoinelegare', 'e.fisicahamza', 'thunaung', 'lidiadom', 'christsun', 'miguel_fernandez', 'elena.j.g', 'xxy0501', 'andreasorroche', 'andrea.mendez', 'danielfdezcalo', 'pablosempredepor97', 'akamsali', 'alecorti.pardo', 'xhan009', 'xxxxiaofan', 'gonzalogbb', 'aidan.rooney17', 'mihai.pislaru.fisica', 'stgermain.b', 'claudia.puga', 'fran.mosquera.pena', 'pablojosecalvo', 'michaelcameronmcdonald', 'hdelatorre3524', 'tonybocadillosgrandes', 'e0427406', 'fernando_ibarra', 'shikhararvind', 'uxiavelca', 'jinfengleong', 'shizhan.flood', 'guyu', 'niravsurajlal', 'pablosande98', 'wtq77', 'marniesan', 'watashi.legion', 'xiaolei', 'savardbastien', 'alexsanchezcast', 'pablocrespo11', 'brunolopez', 'julioug1', 'pmvd95', 'melonlzheng', 'pedrobeko98', 'xoangon', 'henglund', 'sebastianvromero', 'samuelfl', 'elviracastillo', 'sohamsawant912', 'elmanguito', 'iagopardo97', 'roberto.nava', 'bgutierrez', 'noxis986', None, 'shihhaotsai', 'aledes', 'rysw5590', 'enriquevaliente17', 'pablo.garcia.bas', 'j.guedegar', 'jameslin', 'comeseetake', 'isafdez', 'alicia.mosq', 'mmartinezsanchez', 'edgarmtz', 'chema', 'guoxg46', 'tergel1999', '2015soham.sawant', 'danidrivas98', 'rayoaki7', 'nuriatellado', 'anar4331', 'caetano.eirea', 'bingshengliu', 'uutty2010', 'zhs002', 'dyoh5119', 'e.ivanlopgar1997', 'jiaqi.guoguo', 'nivedaksubramanian', 'albertoccz', 'angelaturnes', 'iagomoscer', 'esteban.figueroa', 'chenxiwang', 'manucro10', 'luisbarrios', 'martin32', 'salamghgh20', 'gbatzorig268', 'valeriamg', 'savas', 'alex_varela_17', 'thackettt', 'pablomd', 'hit.kamble', 'austinz', 'chenxi', 'arturocastro94', 'amirbadshah224', 'gmedina', 'dariogarciaredecillas', 'melissa5', 'francisxavgr', 'pedrotouris', 'martinzapatamartinez', 'chwi7664', 'paula.bolboreta', 'juanariza', 'miguelpinocarmona', 'japrz', 'fabiola.santos', 'lucamonduzzi96', 'ivan1', 'isaac.dominguez4444', 'elisa.vicenteei', 'mgupta15', 'cmoadne', 'anselmoantorcha', 'simoncarloscartamil', 'wanghb', 'berzasnon', 'joannesy', 'praveens013', 'e.lucasnavarrog', 'nuriamj', 'kong2020', 'facundobonfiglio', 'jbalderasfernandez', 'laurenp', 'rakki.datta', 'ottoridemar', 'antonionito1993', 'carterkirkendoll', 'yzarni89', 'anamconrado', 'carlosbesadaromero', 'sergiogrcsnchz', 'xoanmayo', 'policon', 'zewei', 'a997154508', 'foojorge', 'junwen', 'fofi94', 'victortorressuch', 'cristinacostas', 'jdanivc', 'aliraza2013ee360', 'emixose', 'choikj', 'david.garrido', 'fabiolajsanlop', 'juancarlosroutrera', 'costasdiego97', 'dulguun_021', 'paula.mourino', 'liuman961021', 'jerome.alag', 'alejandromo1610', 'p.suarez97', 'isaferjim', 'mariamfontan', 'cxiuqi1', 'mihaipx', 'abdulhaiyum.f', 'alsyaari', 'ana.rmteo', 'davidga568', 'jgm2096', 'isaac.carrillo', 'aloptor', 'jaimedmj', 'kennyxsy', 'haominl1997', 'dang.e', 'h_elmenier', 'prra6646', 'pedrogea08', 'lluisgonzaga96', 'limengyuanli66', 'yuxian123', 'zhaoyu960207', 'sstty7', 'guojunxiong25', 'zakizhou', 'mari.paucom', 'yingxue58', 'danidm', 'justinegiroux', 'exareivaj', 'brendaorea15', 'jesslyn', 'sangkyu.sun', 'miguellopezcardenas98', 'maurobn98', 'myez', 'floren_ff', 'agarviespi', 'cytuslll1997', 'leoncc', 'plmolina4', 'rubenortega', 'sergiocalo.barranha', 'clarahernandez05f', 'feijoomartina', 'mordor', 'andrei.luneow01031999', 'chenyue', 'gkkk6', 'juanjoseo', '9.genest.gabriel', 'qwe', 'dalder', 'al16do06', 'gonzavt15', 'blasern', 'ero15953', '836054323_wj', 'ergobe3', 'miaocx714', 'elmu6301', 'veronica.castro', 'pablolopezexposito', 'albertoangulo', 'antonio98y', 'ionemanuelmoralesrosales', 'dja19951995', 'marinabm', 'clarachapela10', 'ejg98', 'xoel98', 'maxistral', 'ee5502', 'alyabra', 'albacosta', 'hamza32amar', 'essheh', 'iagomillanentenza', 'wmy', 'alyabra.vargas', 'e.jojusalo', 'chrispvnofficial', 'xiaode', 'hewutanyuan', 'campamarin', 'martin.gutierrez', 'songy', 'bellmanz', 'soddy1996', 'clara.landesa', 'sylim1', 'qumo4329', 'zhang.jiayu', 'juanjotromp', 'alyabra.alejandro', 'hariprasanna', 'adec', 'ch2922', 'wang.yaoz', 'bulganb28', 'ludoba2912', 'sotmas', 'lauragdevesa', 'joeanszxc', 'albertortepin', 'luisgfloreslarrea', 'zihang']"
1,48,281,20,4,"['e.lucasnavarrog', 'elmanguito', 'enriquevaliente17', 'anamconrado']",277,"['anderson.bi', 'wangjianed_1992', 'manuel10suarez10', 'ryu.j', 'chenre', 'ralfli', 'miri23', 'dariogarred', 'juansans98', 'lianyi96', 'lluissanuy', 'antoinelegare', 'e.fisicahamza', 'thunaung', 'lidiadom', 'christsun', 'miguel_fernandez', 'elena.j.g', 'xxy0501', 'andreasorroche', 'andrea.mendez', 'danielfdezcalo', 'pablosempredepor97', 'akamsali', 'alecorti.pardo', 'xhan009', 'xxxxiaofan', 'gonzalogbb', 'aidan.rooney17', 'mihai.pislaru.fisica', 'stgermain.b', 'claudia.puga', 'fran.mosquera.pena', 'pablojosecalvo', 'michaelcameronmcdonald', 'hdelatorre3524', 'tonybocadillosgrandes', 'e0427406', 'fernando_ibarra', 'shikhararvind', 'uxiavelca', 'jinfengleong', 'shizhan.flood', 'guyu', 'niravsurajlal', 'pablosande98', 'wtq77', 'marniesan', 'watashi.legion', 'xiaolei', 'savardbastien', 'alexsanchezcast', 'pablocrespo11', 'brunolopez', 'julioug1', 'pmvd95', 'melonlzheng', 'pedrobeko98', 'xoangon', 'henglund', 'sebastianvromero', 'samuelfl', 'elviracastillo', 'sohamsawant912', 'iagopardo97', 'roberto.nava', 'bgutierrez', 'noxis986', 'shihhaotsai', 'aledes', 'rysw5590', 'pablo.garcia.bas', 'j.guedegar', 'jameslin', 'comeseetake', 'isafdez', 'alicia.mosq', 'mmartinezsanchez', 'edgarmtz', 'chema', 'guoxg46', 'tergel1999', '2015soham.sawant', 'danidrivas98', 'rayoaki7', 'nuriatellado', 'anar4331', 'caetano.eirea', 'bingshengliu', 'uutty2010', 'zhs002', 'dyoh5119', 'e.ivanlopgar1997', 'jiaqi.guoguo', 'nivedaksubramanian', 'albertoccz', 'angelaturnes', 'iagomoscer', 'esteban.figueroa', 'chenxiwang', 'manucro10', 'luisbarrios', 'martin32', 'salamghgh20', 'gbatzorig268', 'valeriamg', 'savas', 'alex_varela_17', 'thackettt', 'pablomd', 'hit.kamble', 'austinz', 'chenxi', 'arturocastro94', 'amirbadshah224', 'gmedina', 'dariogarciaredecillas', 'melissa5', 'francisxavgr', 'martinzapatamartinez', 'chwi7664', 'paula.bolboreta', 'juanariza', 'miguelpinocarmona', 'japrz', 'fabiola.santos', 'lucamonduzzi96', 'ivan1', 'isaac.dominguez4444', 'elisa.vicenteei', 'mgupta15', 'cmoadne', 'anselmoantorcha', 'simoncarloscartamil', 'wanghb', 'berzasnon', 'joannesy', 'praveens013', 'nuriamj', 'kong2020', 'facundobonfiglio', 'jbalderasfernandez', 'laurenp', 'rakki.datta', 'ottoridemar', 'antonionito1993', 'carterkirkendoll', 'yzarni89', 'carlosbesadaromero', 'sergiogrcsnchz', 'xoanmayo', 'policon', 'zewei', 'a997154508', 'foojorge', 'junwen', 'fofi94', 'victortorressuch', 'cristinacostas', 'jdanivc', 'aliraza2013ee360', 'emixose', 'choikj', 'david.garrido', 'fabiolajsanlop', 'juancarlosroutrera', 'costasdiego97', 'dulguun_021', 'paula.mourino', 'liuman961021', 'jerome.alag', 'alejandromo1610', 'p.suarez97', 'isaferjim', 'mariamfontan', 'cxiuqi1', 'mihaipx', 'abdulhaiyum.f', 'alsyaari', 'davidga568', 'jgm2096', 'isaac.carrillo', 'aloptor', 'jaimedmj', 'kennyxsy', 'haominl1997', 'dang.e', 'h_elmenier', 'prra6646', 'pedrogea08', 'lluisgonzaga96', 'limengyuanli66', 'yuxian123', 'zhaoyu960207', 'sstty7', 'guojunxiong25', 'zakizhou', 'mari.paucom', 'yingxue58', 'danidm', 'justinegiroux', 'exareivaj', 'brendaorea15', 'jesslyn', 'sangkyu.sun', 'miguellopezcardenas98', 'maurobn98', 'myez', 'floren_ff', 'agarviespi', 'cytuslll1997', 'leoncc', 'plmolina4', 'rubenortega', 'sergiocalo.barranha', 'clarahernandez05f', 'feijoomartina', 'mordor', 'andrei.luneow01031999', 'chenyue', 'gkkk6', 'juanjoseo', '9.genest.gabriel', 'qwe', 'dalder', 'al16do06', 'gonzavt15', 'blasern', 'ero15953', '836054323_wj', 'ergobe3', 'miaocx714', 'elmu6301', 'veronica.castro', 'pablolopezexposito', 'albertoangulo', 'antonio98y', 'ionemanuelmoralesrosales', 'dja19951995', 'marinabm', 'clarachapela10', 'ejg98', 'ee5502', 'alyabra', 'albacosta', 'hamza32amar', 'essheh', 'iagomillanentenza', 'wmy', 'alyabra.vargas', 'e.jojusalo', 'chrispvnofficial', 'xiaode', 'hewutanyuan', 'campamarin', 'martin.gutierrez', 'songy', 'bellmanz', 'soddy1996', 'clara.landesa', 'sylim1', 'qumo4329', 'zhang.jiayu', 'juanjotromp', 'alyabra.alejandro', 'hariprasanna', 'adec', 'ch2922', 'wang.yaoz', 'bulganb28', 'ludoba2912', 'sotmas', 'lauragdevesa', 'joeanszxc', 'albertortepin', 'luisgfloreslarrea', 'zihang']",16,"['agarviespigares', 'carmenapa605', 'lauragarciauma', 'dbzrp10', 'romanruizmarta', 'romero', 'daniolivasek10', 'miguelpino', 'labchara.mona', 'pablocollantesruiz', 'albabecerra.ab', 'rebecamg31', 'jesusdur98', 'susanacm', None, 'pepillobs']",297,"['anderson.bi', 'wangjianed_1992', 'manuel10suarez10', 'ryu.j', 'chenre', 'ralfli', 'miri23', 'dariogarred', 'juansans98', 'lianyi96', 'lluissanuy', 'antoinelegare', 'e.fisicahamza', 'thunaung', 'lidiadom', 'christsun', 'miguel_fernandez', 'elena.j.g', 'xxy0501', 'andreasorroche', 'andrea.mendez', 'danielfdezcalo', 'pablosempredepor97', 'akamsali', 'alecorti.pardo', 'xhan009', 'xxxxiaofan', 'gonzalogbb', 'aidan.rooney17', 'mihai.pislaru.fisica', 'stgermain.b', 'claudia.puga', 'fran.mosquera.pena', 'pablojosecalvo', 'michaelcameronmcdonald', 'hdelatorre3524', 'tonybocadillosgrandes', 'e0427406', 'fernando_ibarra', 'shikhararvind', 'uxiavelca', 'jinfengleong', 'shizhan.flood', 'guyu', 'carmenapa605', 'niravsurajlal', 'pablosande98', 'wtq77', 'marniesan', 'watashi.legion', 'xiaolei', 'savardbastien', 'alexsanchezcast', 'lauragarciauma', 'pablocrespo11', 'brunolopez', 'julioug1', 'pmvd95', 'melonlzheng', 'pedrobeko98', 'xoangon', 'henglund', 'sebastianvromero', 'samuelfl', 'elviracastillo', 'sohamsawant912', 'elmanguito', 'iagopardo97', 'roberto.nava', 'bgutierrez', 'noxis986', None, 'shihhaotsai', 'aledes', 'rysw5590', 'enriquevaliente17', 'pablo.garcia.bas', 'j.guedegar', 'jameslin', 'comeseetake', 'isafdez', 'alicia.mosq', 'mmartinezsanchez', 'edgarmtz', 'chema', 'guoxg46', 'tergel1999', '2015soham.sawant', 'danidrivas98', 'rayoaki7', 'nuriatellado', 'anar4331', 'caetano.eirea', 'susanacm', 'bingshengliu', 'uutty2010', 'zhs002', 'dyoh5119', 'e.ivanlopgar1997', 'jiaqi.guoguo', 'nivedaksubramanian', 'albertoccz', 'angelaturnes', 'iagomoscer', 'esteban.figueroa', 'chenxiwang', 'manucro10', 'luisbarrios', 'pablocollantesruiz', 'martin32', 'salamghgh20', 'gbatzorig268', 'valeriamg', 'savas', 'alex_varela_17', 'thackettt', 'pablomd', 'hit.kamble', 'austinz', 'chenxi', 'arturocastro94', 'amirbadshah224', 'gmedina', 'dariogarciaredecillas', 'melissa5', 'francisxavgr', 'martinzapatamartinez', 'chwi7664', 'paula.bolboreta', 'juanariza', 'miguelpinocarmona', 'japrz', 'fabiola.santos', 'lucamonduzzi96', 'ivan1', 'isaac.dominguez4444', 'elisa.vicenteei', 'mgupta15', 'cmoadne', 'anselmoantorcha', 'simoncarloscartamil', 'wanghb', 'berzasnon', 'joannesy', 'praveens013', 'e.lucasnavarrog', 'nuriamj', 'kong2020', 'facundobonfiglio', 'jbalderasfernandez', 'laurenp', 'rakki.datta', 'romanruizmarta', 'romero', 'ottoridemar', 'antonionito1993', 'carterkirkendoll', 'yzarni89', 'anamconrado', 'jesusdur98', 'carlosbesadaromero', 'sergiogrcsnchz', 'xoanmayo', 'policon', 'zewei', 'a997154508', 'foojorge', 'junwen', 'fofi94', 'victortorressuch', 'cristinacostas', 'jdanivc', 'aliraza2013ee360', 'emixose', 'choikj', 'david.garrido', 'fabiolajsanlop', 'juancarlosroutrera', 'costasdiego97', 'dulguun_021', 'paula.mourino', 'liuman961021', 'jerome.alag', 'alejandromo1610', 'p.suarez97', 'isaferjim', 'mariamfontan', 'cxiuqi1', 'mihaipx', 'abdulhaiyum.f', 'alsyaari', 'davidga568', 'jgm2096', 'isaac.carrillo', 'pepillobs', 'aloptor', 'jaimedmj', 'kennyxsy', 'haominl1997', 'dang.e', 'h_elmenier', 'prra6646', 'pedrogea08', 'daniolivasek10', 'lluisgonzaga96', 'limengyuanli66', 'yuxian123', 'zhaoyu960207', 'sstty7', 'guojunxiong25', 'zakizhou', 'mari.paucom', 'yingxue58', 'dbzrp10', 'danidm', 'justinegiroux', 'exareivaj', 'brendaorea15', 'jesslyn', 'sangkyu.sun', 'miguellopezcardenas98', 'maurobn98', 'myez', 'floren_ff', 'agarviespi', 'labchara.mona', 'cytuslll1997', 'leoncc', 'plmolina4', 'rubenortega', 'sergiocalo.barranha', 'clarahernandez05f', 'feijoomartina', 'mordor', 'andrei.luneow01031999', 'chenyue', 'gkkk6', 'juanjoseo', '9.genest.gabriel', 'qwe', 'dalder', 'al16do06', 'gonzavt15', 'blasern', 'ero15953', '836054323_wj', 'ergobe3', 'miaocx714', 'elmu6301', 'veronica.castro', 'agarviespigares', 'pablolopezexposito', 'albertoangulo', 'antonio98y', 'ionemanuelmoralesrosales', 'dja19951995', 'marinabm', 'clarachapela10', 'ejg98', 'ee5502', 'alyabra', 'miguelpino', 'albacosta', 'hamza32amar', 'essheh', 'iagomillanentenza', 'wmy', 'alyabra.vargas', 'e.jojusalo', 'chrispvnofficial', 'xiaode', 'hewutanyuan', 'campamarin', 'martin.gutierrez', 'songy', 'bellmanz', 'soddy1996', 'clara.landesa', 'sylim1', 'qumo4329', 'zhang.jiayu', 'juanjotromp', 'rebecamg31', 'albabecerra.ab', 'alyabra.alejandro', 'hariprasanna', 'adec', 'ch2922', 'wang.yaoz', 'bulganb28', 'ludoba2912', 'sotmas', 'lauragdevesa', 'joeanszxc', 'albertortepin', 'luisgfloreslarrea', 'zihang']"
1,21,281,18,11,"['feijoomartina', 'juanjoseo', 'uxiavelca', 'foojorge', 'ivan1', 'isaac.dominguez4444', 'iagomillanentenza', 'juansans98', 'caetano.eirea', 'noxis986', 'sebastianvromero']",270,"['anderson.bi', 'wangjianed_1992', 'manuel10suarez10', 'ryu.j', 'chenre', 'ralfli', 'miri23', 'dariogarred', 'lianyi96', 'lluissanuy', 'antoinelegare', 'e.fisicahamza', 'thunaung', 'lidiadom', 'christsun', 'miguel_fernandez', 'elena.j.g', 'xxy0501', 'andreasorroche', 'andrea.mendez', 'danielfdezcalo', 'pablosempredepor97', 'akamsali', 'alecorti.pardo', 'xhan009', 'xxxxiaofan', 'gonzalogbb', 'aidan.rooney17', 'mihai.pislaru.fisica', 'stgermain.b', 'claudia.puga', 'fran.mosquera.pena', 'pablojosecalvo', 'michaelcameronmcdonald', 'hdelatorre3524', 'tonybocadillosgrandes', 'e0427406', 'fernando_ibarra', 'shikhararvind', 'jinfengleong', 'shizhan.flood', 'guyu', 'niravsurajlal', 'pablosande98', 'wtq77', 'marniesan', 'watashi.legion', 'xiaolei', 'savardbastien', 'alexsanchezcast', 'pablocrespo11', 'brunolopez', 'julioug1', 'pmvd95', 'melonlzheng', 'pedrobeko98', 'xoangon', 'henglund', 'samuelfl', 'elviracastillo', 'sohamsawant912', 'elmanguito', 'iagopardo97', 'roberto.nava', 'bgutierrez', 'shihhaotsai', 'aledes', 'rysw5590', 'enriquevaliente17', 'pablo.garcia.bas', 'j.guedegar', 'jameslin', 'comeseetake', 'isafdez', 'alicia.mosq', 'mmartinezsanchez', 'edgarmtz', 'chema', 'guoxg46', 'tergel1999', '2015soham.sawant', 'danidrivas98', 'rayoaki7', 'nuriatellado', 'anar4331', 'bingshengliu', 'uutty2010', 'zhs002', 'dyoh5119', 'e.ivanlopgar1997', 'jiaqi.guoguo', 'nivedaksubramanian', 'albertoccz', 'angelaturnes', 'iagomoscer', 'esteban.figueroa', 'chenxiwang', 'manucro10', 'luisbarrios', 'martin32', 'salamghgh20', 'gbatzorig268', 'valeriamg', 'savas', 'alex_varela_17', 'thackettt', 'pablomd', 'hit.kamble', 'austinz', 'chenxi', 'arturocastro94', 'amirbadshah224', 'gmedina', 'dariogarciaredecillas', 'melissa5', 'francisxavgr', 'martinzapatamartinez', 'chwi7664', 'paula.bolboreta', 'juanariza', 'miguelpinocarmona', 'japrz', 'fabiola.santos', 'lucamonduzzi96', 'elisa.vicenteei', 'mgupta15', 'cmoadne', 'anselmoantorcha', 'simoncarloscartamil', 'wanghb', 'berzasnon', 'joannesy', 'praveens013', 'e.lucasnavarrog', 'nuriamj', 'kong2020', 'facundobonfiglio', 'jbalderasfernandez', 'laurenp', 'rakki.datta', 'ottoridemar', 'antonionito1993', 'carterkirkendoll', 'yzarni89', 'anamconrado', 'carlosbesadaromero', 'sergiogrcsnchz', 'xoanmayo', 'policon', 'zewei', 'a997154508', 'junwen', 'fofi94', 'victortorressuch', 'cristinacostas', 'jdanivc', 'aliraza2013ee360', 'emixose', 'choikj', 'david.garrido', 'fabiolajsanlop', 'juancarlosroutrera', 'costasdiego97', 'dulguun_021', 'paula.mourino', 'liuman961021', 'jerome.alag', 'alejandromo1610', 'p.suarez97', 'isaferjim', 'mariamfontan', 'cxiuqi1', 'mihaipx', 'abdulhaiyum.f', 'alsyaari', 'davidga568', 'jgm2096', 'isaac.carrillo', 'aloptor', 'jaimedmj', 'kennyxsy', 'haominl1997', 'dang.e', 'h_elmenier', 'prra6646', 'pedrogea08', 'lluisgonzaga96', 'limengyuanli66', 'yuxian123', 'zhaoyu960207', 'sstty7', 'guojunxiong25', 'zakizhou', 'mari.paucom', 'yingxue58', 'danidm', 'justinegiroux', 'exareivaj', 'brendaorea15', 'jesslyn', 'sangkyu.sun', 'miguellopezcardenas98', 'maurobn98', 'myez', 'floren_ff', 'agarviespi', 'cytuslll1997', 'leoncc', 'plmolina4', 'rubenortega', 'sergiocalo.barranha', 'clarahernandez05f', 'mordor', 'andrei.luneow01031999', 'chenyue', 'gkkk6', '9.genest.gabriel', 'qwe', 'dalder', 'al16do06', 'gonzavt15', 'blasern', 'ero15953', '836054323_wj', 'ergobe3', 'miaocx714', 'elmu6301', 'veronica.castro', 'pablolopezexposito', 'albertoangulo', 'antonio98y', 'ionemanuelmoralesrosales', 'dja19951995', 'marinabm', 'clarachapela10', 'ejg98', 'ee5502', 'alyabra', 'albacosta', 'hamza32amar', 'essheh', 'wmy', 'alyabra.vargas', 'e.jojusalo', 'chrispvnofficial', 'xiaode', 'hewutanyuan', 'campamarin', 'martin.gutierrez', 'songy', 'bellmanz', 'soddy1996', 'clara.landesa', 'sylim1', 'qumo4329', 'zhang.jiayu', 'juanjotromp', 'alyabra.alejandro', 'hariprasanna', 'adec', 'ch2922', 'wang.yaoz', 'bulganb28', 'ludoba2912', 'sotmas', 'lauragdevesa', 'joeanszxc', 'albertortepin', 'luisgfloreslarrea', 'zihang']",7,"['danielcondetorres', 'andreagcoto', 'albertosanchezberti', 'jesusgiraldez', 'xie2', None, 'fsuarez']",288,"['anderson.bi', 'wangjianed_1992', 'manuel10suarez10', 'ryu.j', 'chenre', 'ralfli', 'miri23', 'dariogarred', 'juansans98', 'lianyi96', 'lluissanuy', 'antoinelegare', 'e.fisicahamza', 'thunaung', 'lidiadom', 'christsun', 'miguel_fernandez', 'elena.j.g', 'xxy0501', 'andreasorroche', 'andrea.mendez', 'danielfdezcalo', 'pablosempredepor97', 'akamsali', 'alecorti.pardo', 'xhan009', 'xxxxiaofan', 'gonzalogbb', 'aidan.rooney17', 'mihai.pislaru.fisica', 'stgermain.b', 'claudia.puga', 'fran.mosquera.pena', 'pablojosecalvo', 'michaelcameronmcdonald', 'hdelatorre3524', 'tonybocadillosgrandes', 'e0427406', 'fernando_ibarra', 'shikhararvind', 'fsuarez', 'uxiavelca', 'jinfengleong', 'shizhan.flood', 'guyu', 'niravsurajlal', 'pablosande98', 'wtq77', 'marniesan', 'watashi.legion', 'xiaolei', 'savardbastien', 'alexsanchezcast', 'albertosanchezberti', 'pablocrespo11', 'brunolopez', 'julioug1', 'pmvd95', 'melonlzheng', 'pedrobeko98', 'xoangon', 'henglund', 'sebastianvromero', 'samuelfl', 'elviracastillo', 'sohamsawant912', 'elmanguito', 'iagopardo97', 'roberto.nava', 'bgutierrez', 'noxis986', None, 'shihhaotsai', 'aledes', 'rysw5590', 'enriquevaliente17', 'pablo.garcia.bas', 'j.guedegar', 'jameslin', 'comeseetake', 'isafdez', 'alicia.mosq', 'mmartinezsanchez', 'edgarmtz', 'chema', 'guoxg46', 'tergel1999', '2015soham.sawant', 'danidrivas98', 'rayoaki7', 'nuriatellado', 'anar4331', 'jesusgiraldez', 'caetano.eirea', 'bingshengliu', 'uutty2010', 'zhs002', 'dyoh5119', 'e.ivanlopgar1997', 'jiaqi.guoguo', 'nivedaksubramanian', 'albertoccz', 'angelaturnes', 'iagomoscer', 'esteban.figueroa', 'chenxiwang', 'manucro10', 'luisbarrios', 'martin32', 'salamghgh20', 'gbatzorig268', 'valeriamg', 'savas', 'alex_varela_17', 'thackettt', 'pablomd', 'hit.kamble', 'austinz', 'chenxi', 'arturocastro94', 'andreagcoto', 'amirbadshah224', 'gmedina', 'dariogarciaredecillas', 'melissa5', 'francisxavgr', 'martinzapatamartinez', 'chwi7664', 'paula.bolboreta', 'juanariza', 'miguelpinocarmona', 'japrz', 'fabiola.santos', 'lucamonduzzi96', 'ivan1', 'isaac.dominguez4444', 'elisa.vicenteei', 'mgupta15', 'cmoadne', 'anselmoantorcha', 'simoncarloscartamil', 'wanghb', 'berzasnon', 'joannesy', 'praveens013', 'e.lucasnavarrog', 'nuriamj', 'kong2020', 'facundobonfiglio', 'jbalderasfernandez', 'laurenp', 'rakki.datta', 'ottoridemar', 'antonionito1993', 'carterkirkendoll', 'yzarni89', 'anamconrado', 'carlosbesadaromero', 'sergiogrcsnchz', 'xoanmayo', 'policon', 'zewei', 'a997154508', 'foojorge', 'junwen', 'fofi94', 'victortorressuch', 'cristinacostas', 'jdanivc', 'aliraza2013ee360', 'emixose', 'choikj', 'david.garrido', 'fabiolajsanlop', 'juancarlosroutrera', 'costasdiego97', 'dulguun_021', 'paula.mourino', 'liuman961021', 'jerome.alag', 'alejandromo1610', 'p.suarez97', 'isaferjim', 'mariamfontan', 'cxiuqi1', 'mihaipx', 'abdulhaiyum.f', 'alsyaari', 'davidga568', 'jgm2096', 'isaac.carrillo', 'xie2', 'aloptor', 'jaimedmj', 'kennyxsy', 'haominl1997', 'dang.e', 'h_elmenier', 'prra6646', 'pedrogea08', 'lluisgonzaga96', 'limengyuanli66', 'yuxian123', 'zhaoyu960207', 'sstty7', 'guojunxiong25', 'zakizhou', 'mari.paucom', 'yingxue58', 'danidm', 'justinegiroux', 'exareivaj', 'brendaorea15', 'jesslyn', 'sangkyu.sun', 'miguellopezcardenas98', 'maurobn98', 'myez', 'floren_ff', 'agarviespi', 'cytuslll1997', 'leoncc', 'plmolina4', 'rubenortega', 'sergiocalo.barranha', 'clarahernandez05f', 'feijoomartina', 'danielcondetorres', 'mordor', 'andrei.luneow01031999', 'chenyue', 'gkkk6', 'juanjoseo', '9.genest.gabriel', 'qwe', 'dalder', 'al16do06', 'gonzavt15', 'blasern', 'ero15953', '836054323_wj', 'ergobe3', 'miaocx714', 'elmu6301', 'veronica.castro', 'pablolopezexposito', 'albertoangulo', 'antonio98y', 'ionemanuelmoralesrosales', 'dja19951995', 'marinabm', 'clarachapela10', 'ejg98', 'ee5502', 'alyabra', 'albacosta', 'hamza32amar', 'essheh', 'iagomillanentenza', 'wmy', 'alyabra.vargas', 'e.jojusalo', 'chrispvnofficial', 'xiaode', 'hewutanyuan', 'campamarin', 'martin.gutierrez', 'songy', 'bellmanz', 'soddy1996', 'clara.landesa', 'sylim1', 'qumo4329', 'zhang.jiayu', 'juanjotromp', 'alyabra.alejandro', 'hariprasanna', 'adec', 'ch2922', 'wang.yaoz', 'bulganb28', 'ludoba2912', 'sotmas', 'lauragdevesa', 'joeanszxc', 'albertortepin', 'luisgfloreslarrea', 'zihang']"
1,123,281,18,2,"['watashi.legion', 'bulganb28']",279,"['anderson.bi', 'wangjianed_1992', 'manuel10suarez10', 'ryu.j', 'chenre', 'ralfli', 'miri23', 'dariogarred', 'juansans98', 'lianyi96', 'lluissanuy', 'antoinelegare', 'e.fisicahamza', 'thunaung', 'lidiadom', 'christsun', 'miguel_fernandez', 'elena.j.g', 'xxy0501', 'andreasorroche', 'andrea.mendez', 'danielfdezcalo', 'pablosempredepor97', 'akamsali', 'alecorti.pardo', 'xhan009', 'xxxxiaofan', 'gonzalogbb', 'aidan.rooney17', 'mihai.pislaru.fisica', 'stgermain.b', 'claudia.puga', 'fran.mosquera.pena', 'pablojosecalvo', 'michaelcameronmcdonald', 'hdelatorre3524', 'tonybocadillosgrandes', 'e0427406', 'fernando_ibarra', 'shikhararvind', 'uxiavelca', 'jinfengleong', 'shizhan.flood', 'guyu', 'niravsurajlal', 'pablosande98', 'wtq77', 'marniesan', 'xiaolei', 'savardbastien', 'alexsanchezcast', 'pablocrespo11', 'brunolopez', 'julioug1', 'pmvd95', 'melonlzheng', 'pedrobeko98', 'xoangon', 'henglund', 'sebastianvromero', 'samuelfl', 'elviracastillo', 'sohamsawant912', 'elmanguito', 'iagopardo97', 'roberto.nava', 'bgutierrez', 'noxis986', 'shihhaotsai', 'aledes', 'rysw5590', 'enriquevaliente17', 'pablo.garcia.bas', 'j.guedegar', 'jameslin', 'comeseetake', 'isafdez', 'alicia.mosq', 'mmartinezsanchez', 'edgarmtz', 'chema', 'guoxg46', 'tergel1999', '2015soham.sawant', 'danidrivas98', 'rayoaki7', 'nuriatellado', 'anar4331', 'caetano.eirea', 'bingshengliu', 'uutty2010', 'zhs002', 'dyoh5119', 'e.ivanlopgar1997', 'jiaqi.guoguo', 'nivedaksubramanian', 'albertoccz', 'angelaturnes', 'iagomoscer', 'esteban.figueroa', 'chenxiwang', 'manucro10', 'luisbarrios', 'martin32', 'salamghgh20', 'gbatzorig268', 'valeriamg', 'savas', 'alex_varela_17', 'thackettt', 'pablomd', 'hit.kamble', 'austinz', 'chenxi', 'arturocastro94', 'amirbadshah224', 'gmedina', 'dariogarciaredecillas', 'melissa5', 'francisxavgr', 'martinzapatamartinez', 'chwi7664', 'paula.bolboreta', 'juanariza', 'miguelpinocarmona', 'japrz', 'fabiola.santos', 'lucamonduzzi96', 'ivan1', 'isaac.dominguez4444', 'elisa.vicenteei', 'mgupta15', 'cmoadne', 'anselmoantorcha', 'simoncarloscartamil', 'wanghb', 'berzasnon', 'joannesy', 'praveens013', 'e.lucasnavarrog', 'nuriamj', 'kong2020', 'facundobonfiglio', 'jbalderasfernandez', 'laurenp', 'rakki.datta', 'ottoridemar', 'antonionito1993', 'carterkirkendoll', 'yzarni89', 'anamconrado', 'carlosbesadaromero', 'sergiogrcsnchz', 'xoanmayo', 'policon', 'zewei', 'a997154508', 'foojorge', 'junwen', 'fofi94', 'victortorressuch', 'cristinacostas', 'jdanivc', 'aliraza2013ee360', 'emixose', 'choikj', 'david.garrido', 'fabiolajsanlop', 'juancarlosroutrera', 'costasdiego97', 'dulguun_021', 'paula.mourino', 'liuman961021', 'jerome.alag', 'alejandromo1610', 'p.suarez97', 'isaferjim', 'mariamfontan', 'cxiuqi1', 'mihaipx', 'abdulhaiyum.f', 'alsyaari', 'davidga568', 'jgm2096', 'isaac.carrillo', 'aloptor', 'jaimedmj', 'kennyxsy', 'haominl1997', 'dang.e', 'h_elmenier', 'prra6646', 'pedrogea08', 'lluisgonzaga96', 'limengyuanli66', 'yuxian123', 'zhaoyu960207', 'sstty7', 'guojunxiong25', 'zakizhou', 'mari.paucom', 'yingxue58', 'danidm', 'justinegiroux', 'exareivaj', 'brendaorea15', 'jesslyn', 'sangkyu.sun', 'miguellopezcardenas98', 'maurobn98', 'myez', 'floren_ff', 'agarviespi', 'cytuslll1997', 'leoncc', 'plmolina4', 'rubenortega', 'sergiocalo.barranha', 'clarahernandez05f', 'feijoomartina', 'mordor', 'andrei.luneow01031999', 'chenyue', 'gkkk6', 'juanjoseo', '9.genest.gabriel', 'qwe', 'dalder', 'al16do06', 'gonzavt15', 'blasern', 'ero15953', '836054323_wj', 'ergobe3', 'miaocx714', 'elmu6301', 'veronica.castro', 'pablolopezexposito', 'albertoangulo', 'antonio98y', 'ionemanuelmoralesrosales', 'dja19951995', 'marinabm', 'clarachapela10', 'ejg98', 'ee5502', 'alyabra', 'albacosta', 'hamza32amar', 'essheh', 'iagomillanentenza', 'wmy', 'alyabra.vargas', 'e.jojusalo', 'chrispvnofficial', 'xiaode', 'hewutanyuan', 'campamarin', 'martin.gutierrez', 'songy', 'bellmanz', 'soddy1996', 'clara.landesa', 'sylim1', 'qumo4329', 'zhang.jiayu', 'juanjotromp', 'alyabra.alejandro', 'hariprasanna', 'adec', 'ch2922', 'wang.yaoz', 'ludoba2912', 'sotmas', 'lauragdevesa', 'joeanszxc', 'albertortepin', 'luisgfloreslarrea', 'zihang']",16,"['tsogooanurad', 'ochirhuyag', 'atilyacez', 'bayanjargal123456789', 'mdalantai95', 'dulguun.davaadorj.dd', 'khangaridgan12', 'naruka700', 'bayanjargal.sub', 'enkhamgalanbaatar', 'ganaaa12a', 'tsendee', 'boogii', 'muujig1', 'bat.munkherdene22', None]",297,"['anderson.bi', 'mdalantai95', 'wangjianed_1992', 'manuel10suarez10', 'ryu.j', 'chenre', 'ralfli', 'miri23', 'dariogarred', 'boogii', 'juansans98', 'lianyi96', 'lluissanuy', 'antoinelegare', 'e.fisicahamza', 'thunaung', 'lidiadom', 'christsun', 'miguel_fernandez', 'elena.j.g', 'xxy0501', 'andreasorroche', 'andrea.mendez', 'danielfdezcalo', 'pablosempredepor97', 'akamsali', 'alecorti.pardo', 'xhan009', 'xxxxiaofan', 'gonzalogbb', 'aidan.rooney17', 'mihai.pislaru.fisica', 'stgermain.b', 'claudia.puga', 'fran.mosquera.pena', 'pablojosecalvo', 'michaelcameronmcdonald', 'hdelatorre3524', 'tonybocadillosgrandes', 'e0427406', 'fernando_ibarra', 'shikhararvind', 'atilyacez', 'uxiavelca', 'jinfengleong', 'shizhan.flood', 'guyu', 'niravsurajlal', 'pablosande98', 'wtq77', 'marniesan', 'watashi.legion', 'xiaolei', 'savardbastien', 'alexsanchezcast', 'pablocrespo11', 'brunolopez', 'julioug1', 'pmvd95', 'melonlzheng', 'pedrobeko98', 'xoangon', 'henglund', 'bat.munkherdene22', 'sebastianvromero', 'samuelfl', 'elviracastillo', 'sohamsawant912', 'elmanguito', 'iagopardo97', 'roberto.nava', 'bgutierrez', 'noxis986', None, 'ochirhuyag', 'shihhaotsai', 'aledes', 'rysw5590', 'enriquevaliente17', 'pablo.garcia.bas', 'j.guedegar', 'jameslin', 'comeseetake', 'isafdez', 'alicia.mosq', 'mmartinezsanchez', 'edgarmtz', 'chema', 'guoxg46', 'tergel1999', '2015soham.sawant', 'danidrivas98', 'rayoaki7', 'nuriatellado', 'anar4331', 'caetano.eirea', 'bingshengliu', 'uutty2010', 'zhs002', 'dyoh5119', 'e.ivanlopgar1997', 'jiaqi.guoguo', 'nivedaksubramanian', 'albertoccz', 'angelaturnes', 'iagomoscer', 'esteban.figueroa', 'chenxiwang', 'manucro10', 'luisbarrios', 'martin32', 'salamghgh20', 'gbatzorig268', 'valeriamg', 'savas', 'alex_varela_17', 'thackettt', 'pablomd', 'hit.kamble', 'austinz', 'chenxi', 'arturocastro94', 'amirbadshah224', 'gmedina', 'dariogarciaredecillas', 'melissa5', 'francisxavgr', 'martinzapatamartinez', 'chwi7664', 'paula.bolboreta', 'juanariza', 'miguelpinocarmona', 'japrz', 'fabiola.santos', 'lucamonduzzi96', 'ivan1', 'isaac.dominguez4444', 'elisa.vicenteei', 'mgupta15', 'ganaaa12a', 'cmoadne', 'anselmoantorcha', 'simoncarloscartamil', 'wanghb', 'berzasnon', 'joannesy', 'praveens013', 'e.lucasnavarrog', 'nuriamj', 'kong2020', 'facundobonfiglio', 'jbalderasfernandez', 'laurenp', 'rakki.datta', 'ottoridemar', 'antonionito1993', 'carterkirkendoll', 'yzarni89', 'anamconrado', 'carlosbesadaromero', 'sergiogrcsnchz', 'xoanmayo', 'policon', 'zewei', 'a997154508', 'foojorge', 'junwen', 'enkhamgalanbaatar', 'fofi94', 'victortorressuch', 'cristinacostas', 'jdanivc', 'aliraza2013ee360', 'emixose', 'choikj', 'david.garrido', 'fabiolajsanlop', 'juancarlosroutrera', 'costasdiego97', 'dulguun_021', 'paula.mourino', 'liuman961021', 'jerome.alag', 'alejandromo1610', 'p.suarez97', 'dulguun.davaadorj.dd', 'isaferjim', 'mariamfontan', 'cxiuqi1', 'mihaipx', 'abdulhaiyum.f', 'alsyaari', 'davidga568', 'jgm2096', 'isaac.carrillo', 'aloptor', 'jaimedmj', 'kennyxsy', 'haominl1997', 'dang.e', 'h_elmenier', 'prra6646', 'pedrogea08', 'khangaridgan12', 'lluisgonzaga96', 'limengyuanli66', 'yuxian123', 'zhaoyu960207', 'sstty7', 'guojunxiong25', 'zakizhou', 'mari.paucom', 'yingxue58', 'danidm', 'justinegiroux', 'exareivaj', 'brendaorea15', 'muujig1', 'jesslyn', 'sangkyu.sun', 'miguellopezcardenas98', 'maurobn98', 'myez', 'floren_ff', 'agarviespi', 'tsendee', 'cytuslll1997', 'leoncc', 'plmolina4', 'rubenortega', 'sergiocalo.barranha', 'clarahernandez05f', 'feijoomartina', 'mordor', 'andrei.luneow01031999', 'chenyue', 'gkkk6', 'tsogooanurad', 'juanjoseo', '9.genest.gabriel', 'qwe', 'dalder', 'al16do06', 'gonzavt15', 'blasern', 'ero15953', '836054323_wj', 'ergobe3', 'miaocx714', 'elmu6301', 'veronica.castro', 'bayanjargal123456789', 'pablolopezexposito', 'albertoangulo', 'antonio98y', 'ionemanuelmoralesrosales', 'dja19951995', 'marinabm', 'clarachapela10', 'ejg98', 'ee5502', 'alyabra', 'albacosta', 'hamza32amar', 'essheh', 'iagomillanentenza', 'wmy', 'alyabra.vargas', 'e.jojusalo', 'chrispvnofficial', 'xiaode', 'hewutanyuan', 'campamarin', 'martin.gutierrez', 'songy', 'bellmanz', 'soddy1996', 'clara.landesa', 'sylim1', 'qumo4329', 'zhang.jiayu', 'juanjotromp', 'alyabra.alejandro', 'hariprasanna', 'adec', 'ch2922', 'wang.yaoz', 'bulganb28', 'ludoba2912', 'naruka700', 'bayanjargal.sub', 'sotmas', 'lauragdevesa', 'joeanszxc', 'albertortepin', 'luisgfloreslarrea', 'zihang']"
1,352,281,17,12,"['sergiogrcsnchz', 'e.fisicahamza', 'juancarlosroutrera', 'pmvd95', 'e.ivanlopgar1997', 'elisa.vicenteei', 'mariamfontan', 'andreasorroche', 'albertoccz', 'alexsanchezcast', 'ergobe3', 'pablo.garcia.bas']",269,"['anderson.bi', 'wangjianed_1992', 'manuel10suarez10', 'ryu.j', 'chenre', 'ralfli', 'miri23', 'dariogarred', 'juansans98', 'lianyi96', 'lluissanuy', 'antoinelegare', 'thunaung', 'lidiadom', 'christsun', 'miguel_fernandez', 'elena.j.g', 'xxy0501', 'andrea.mendez', 'danielfdezcalo', 'pablosempredepor97', 'akamsali', 'alecorti.pardo', 'xhan009', 'xxxxiaofan', 'gonzalogbb', 'aidan.rooney17', 'mihai.pislaru.fisica', 'stgermain.b', 'claudia.puga', 'fran.mosquera.pena', 'pablojosecalvo', 'michaelcameronmcdonald', 'hdelatorre3524', 'tonybocadillosgrandes', 'e0427406', 'fernando_ibarra', 'shikhararvind', 'uxiavelca', 'jinfengleong', 'shizhan.flood', 'guyu', 'niravsurajlal', 'pablosande98', 'wtq77', 'marniesan', 'watashi.legion', 'xiaolei', 'savardbastien', 'pablocrespo11', 'brunolopez', 'julioug1', 'melonlzheng', 'pedrobeko98', 'xoangon', 'henglund', 'sebastianvromero', 'samuelfl', 'elviracastillo', 'sohamsawant912', 'elmanguito', 'iagopardo97', 'roberto.nava', 'bgutierrez', 'noxis986', 'shihhaotsai', 'aledes', 'rysw5590', 'enriquevaliente17', 'j.guedegar', 'jameslin', 'comeseetake', 'isafdez', 'alicia.mosq', 'mmartinezsanchez', 'edgarmtz', 'chema', 'guoxg46', 'tergel1999', '2015soham.sawant', 'danidrivas98', 'rayoaki7', 'nuriatellado', 'anar4331', 'caetano.eirea', 'bingshengliu', 'uutty2010', 'zhs002', 'dyoh5119', 'jiaqi.guoguo', 'nivedaksubramanian', 'angelaturnes', 'iagomoscer', 'esteban.figueroa', 'chenxiwang', 'manucro10', 'luisbarrios', 'martin32', 'salamghgh20', 'gbatzorig268', 'valeriamg', 'savas', 'alex_varela_17', 'thackettt', 'pablomd', 'hit.kamble', 'austinz', 'chenxi', 'arturocastro94', 'amirbadshah224', 'gmedina', 'dariogarciaredecillas', 'melissa5', 'francisxavgr', 'martinzapatamartinez', 'chwi7664', 'paula.bolboreta', 'juanariza', 'miguelpinocarmona', 'japrz', 'fabiola.santos', 'lucamonduzzi96', 'ivan1', 'isaac.dominguez4444', 'mgupta15', 'cmoadne', 'anselmoantorcha', 'simoncarloscartamil', 'wanghb', 'berzasnon', 'joannesy', 'praveens013', 'e.lucasnavarrog', 'nuriamj', 'kong2020', 'facundobonfiglio', 'jbalderasfernandez', 'laurenp', 'rakki.datta', 'ottoridemar', 'antonionito1993', 'carterkirkendoll', 'yzarni89', 'anamconrado', 'carlosbesadaromero', 'xoanmayo', 'policon', 'zewei', 'a997154508', 'foojorge', 'junwen', 'fofi94', 'victortorressuch', 'cristinacostas', 'jdanivc', 'aliraza2013ee360', 'emixose', 'choikj', 'david.garrido', 'fabiolajsanlop', 'costasdiego97', 'dulguun_021', 'paula.mourino', 'liuman961021', 'jerome.alag', 'alejandromo1610', 'p.suarez97', 'isaferjim', 'cxiuqi1', 'mihaipx', 'abdulhaiyum.f', 'alsyaari', 'davidga568', 'jgm2096', 'isaac.carrillo', 'aloptor', 'jaimedmj', 'kennyxsy', 'haominl1997', 'dang.e', 'h_elmenier', 'prra6646', 'pedrogea08', 'lluisgonzaga96', 'limengyuanli66', 'yuxian123', 'zhaoyu960207', 'sstty7', 'guojunxiong25', 'zakizhou', 'mari.paucom', 'yingxue58', 'danidm', 'justinegiroux', 'exareivaj', 'brendaorea15', 'jesslyn', 'sangkyu.sun', 'miguellopezcardenas98', 'maurobn98', 'myez', 'floren_ff', 'agarviespi', 'cytuslll1997', 'leoncc', 'plmolina4', 'rubenortega', 'sergiocalo.barranha', 'clarahernandez05f', 'feijoomartina', 'mordor', 'andrei.luneow01031999', 'chenyue', 'gkkk6', 'juanjoseo', '9.genest.gabriel', 'qwe', 'dalder', 'al16do06', 'gonzavt15', 'blasern', 'ero15953', '836054323_wj', 'miaocx714', 'elmu6301', 'veronica.castro', 'pablolopezexposito', 'albertoangulo', 'antonio98y', 'ionemanuelmoralesrosales', 'dja19951995', 'marinabm', 'clarachapela10', 'ejg98', 'ee5502', 'alyabra', 'albacosta', 'hamza32amar', 'essheh', 'iagomillanentenza', 'wmy', 'alyabra.vargas', 'e.jojusalo', 'chrispvnofficial', 'xiaode', 'hewutanyuan', 'campamarin', 'martin.gutierrez', 'songy', 'bellmanz', 'soddy1996', 'clara.landesa', 'sylim1', 'qumo4329', 'zhang.jiayu', 'juanjotromp', 'alyabra.alejandro', 'hariprasanna', 'adec', 'ch2922', 'wang.yaoz', 'bulganb28', 'ludoba2912', 'sotmas', 'lauragdevesa', 'joeanszxc', 'albertortepin', 'luisgfloreslarrea', 'zihang']",5,"['pichoncillo1', 'marioherreroglez34', 'miguelrm', 'luciavilchezz', None]",286,"['anderson.bi', 'wangjianed_1992', 'manuel10suarez10', 'ryu.j', 'chenre', 'ralfli', 'miri23', 'dariogarred', 'juansans98', 'lianyi96', 'lluissanuy', 'antoinelegare', 'e.fisicahamza', 'thunaung', 'lidiadom', 'christsun', 'miguel_fernandez', 'elena.j.g', 'xxy0501', 'andreasorroche', 'andrea.mendez', 'danielfdezcalo', 'pablosempredepor97', 'akamsali', 'alecorti.pardo', 'xhan009', 'xxxxiaofan', 'gonzalogbb', 'aidan.rooney17', 'mihai.pislaru.fisica', 'stgermain.b', 'marioherreroglez34', 'claudia.puga', 'fran.mosquera.pena', 'pablojosecalvo', 'michaelcameronmcdonald', 'hdelatorre3524', 'tonybocadillosgrandes', 'e0427406', 'fernando_ibarra', 'shikhararvind', 'uxiavelca', 'jinfengleong', 'shizhan.flood', 'guyu', 'niravsurajlal', 'pablosande98', 'wtq77', 'marniesan', 'watashi.legion', 'xiaolei', 'savardbastien', 'alexsanchezcast', 'pablocrespo11', 'brunolopez', 'julioug1', 'pmvd95', 'melonlzheng', 'pedrobeko98', 'xoangon', 'henglund', 'sebastianvromero', 'samuelfl', 'elviracastillo', 'sohamsawant912', 'elmanguito', 'iagopardo97', 'roberto.nava', 'bgutierrez', 'noxis986', None, 'shihhaotsai', 'aledes', 'rysw5590', 'enriquevaliente17', 'pablo.garcia.bas', 'j.guedegar', 'jameslin', 'comeseetake', 'isafdez', 'alicia.mosq', 'mmartinezsanchez', 'edgarmtz', 'chema', 'guoxg46', 'tergel1999', '2015soham.sawant', 'danidrivas98', 'rayoaki7', 'nuriatellado', 'anar4331', 'caetano.eirea', 'bingshengliu', 'uutty2010', 'zhs002', 'dyoh5119', 'e.ivanlopgar1997', 'jiaqi.guoguo', 'nivedaksubramanian', 'albertoccz', 'angelaturnes', 'iagomoscer', 'esteban.figueroa', 'chenxiwang', 'manucro10', 'luisbarrios', 'martin32', 'salamghgh20', 'gbatzorig268', 'valeriamg', 'savas', 'alex_varela_17', 'thackettt', 'miguelrm', 'pablomd', 'hit.kamble', 'austinz', 'chenxi', 'arturocastro94', 'amirbadshah224', 'gmedina', 'dariogarciaredecillas', 'melissa5', 'francisxavgr', 'martinzapatamartinez', 'chwi7664', 'paula.bolboreta', 'juanariza', 'miguelpinocarmona', 'japrz', 'fabiola.santos', 'lucamonduzzi96', 'ivan1', 'isaac.dominguez4444', 'elisa.vicenteei', 'mgupta15', 'cmoadne', 'anselmoantorcha', 'simoncarloscartamil', 'wanghb', 'berzasnon', 'joannesy', 'praveens013', 'e.lucasnavarrog', 'nuriamj', 'kong2020', 'facundobonfiglio', 'jbalderasfernandez', 'laurenp', 'rakki.datta', 'ottoridemar', 'antonionito1993', 'carterkirkendoll', 'yzarni89', 'anamconrado', 'carlosbesadaromero', 'sergiogrcsnchz', 'xoanmayo', 'policon', 'zewei', 'a997154508', 'foojorge', 'junwen', 'fofi94', 'victortorressuch', 'cristinacostas', 'jdanivc', 'aliraza2013ee360', 'emixose', 'choikj', 'david.garrido', 'fabiolajsanlop', 'juancarlosroutrera', 'costasdiego97', 'dulguun_021', 'paula.mourino', 'liuman961021', 'jerome.alag', 'alejandromo1610', 'p.suarez97', 'isaferjim', 'mariamfontan', 'cxiuqi1', 'mihaipx', 'abdulhaiyum.f', 'alsyaari', 'davidga568', 'jgm2096', 'isaac.carrillo', 'aloptor', 'jaimedmj', 'kennyxsy', 'haominl1997', 'dang.e', 'h_elmenier', 'prra6646', 'pedrogea08', 'lluisgonzaga96', 'limengyuanli66', 'yuxian123', 'zhaoyu960207', 'sstty7', 'guojunxiong25', 'zakizhou', 'mari.paucom', 'yingxue58', 'danidm', 'justinegiroux', 'exareivaj', 'brendaorea15', 'jesslyn', 'sangkyu.sun', 'miguellopezcardenas98', 'maurobn98', 'myez', 'floren_ff', 'agarviespi', 'cytuslll1997', 'leoncc', 'plmolina4', 'rubenortega', 'sergiocalo.barranha', 'clarahernandez05f', 'feijoomartina', 'mordor', 'andrei.luneow01031999', 'chenyue', 'gkkk6', 'juanjoseo', '9.genest.gabriel', 'qwe', 'pichoncillo1', 'dalder', 'al16do06', 'gonzavt15', 'blasern', 'ero15953', '836054323_wj', 'ergobe3', 'miaocx714', 'elmu6301', 'veronica.castro', 'pablolopezexposito', 'albertoangulo', 'luciavilchezz', 'antonio98y', 'ionemanuelmoralesrosales', 'dja19951995', 'marinabm', 'clarachapela10', 'ejg98', 'ee5502', 'alyabra', 'albacosta', 'hamza32amar', 'essheh', 'iagomillanentenza', 'wmy', 'alyabra.vargas', 'e.jojusalo', 'chrispvnofficial', 'xiaode', 'hewutanyuan', 'campamarin', 'martin.gutierrez', 'songy', 'bellmanz', 'soddy1996', 'clara.landesa', 'sylim1', 'qumo4329', 'zhang.jiayu', 'juanjotromp', 'alyabra.alejandro', 'hariprasanna', 'adec', 'ch2922', 'wang.yaoz', 'bulganb28', 'ludoba2912', 'sotmas', 'lauragdevesa', 'joeanszxc', 'albertortepin', 'luisgfloreslarrea', 'zihang']"
1,38,281,16,13,"['xoanmayo', 'juanjoseo', 'emixose', 'j.guedegar', 'danielfdezcalo', 'antonionito1993', 'pmvd95', 'davidga568', 'clara.landesa', 'alex_varela_17', 'isaferjim', 'xoangon', 'pablosempredepor97']",268,"['anderson.bi', 'wangjianed_1992', 'manuel10suarez10', 'ryu.j', 'chenre', 'ralfli', 'miri23', 'dariogarred', 'juansans98', 'lianyi96', 'lluissanuy', 'antoinelegare', 'e.fisicahamza', 'thunaung', 'lidiadom', 'christsun', 'miguel_fernandez', 'elena.j.g', 'xxy0501', 'andreasorroche', 'andrea.mendez', 'akamsali', 'alecorti.pardo', 'xhan009', 'xxxxiaofan', 'gonzalogbb', 'aidan.rooney17', 'mihai.pislaru.fisica', 'stgermain.b', 'claudia.puga', 'fran.mosquera.pena', 'pablojosecalvo', 'michaelcameronmcdonald', 'hdelatorre3524', 'tonybocadillosgrandes', 'e0427406', 'fernando_ibarra', 'shikhararvind', 'uxiavelca', 'jinfengleong', 'shizhan.flood', 'guyu', 'niravsurajlal', 'pablosande98', 'wtq77', 'marniesan', 'watashi.legion', 'xiaolei', 'savardbastien', 'alexsanchezcast', 'pablocrespo11', 'brunolopez', 'julioug1', 'melonlzheng', 'pedrobeko98', 'henglund', 'sebastianvromero', 'samuelfl', 'elviracastillo', 'sohamsawant912', 'elmanguito', 'iagopardo97', 'roberto.nava', 'bgutierrez', 'noxis986', 'shihhaotsai', 'aledes', 'rysw5590', 'enriquevaliente17', 'pablo.garcia.bas', 'jameslin', 'comeseetake', 'isafdez', 'alicia.mosq', 'mmartinezsanchez', 'edgarmtz', 'chema', 'guoxg46', 'tergel1999', '2015soham.sawant', 'danidrivas98', 'rayoaki7', 'nuriatellado', 'anar4331', 'caetano.eirea', 'bingshengliu', 'uutty2010', 'zhs002', 'dyoh5119', 'e.ivanlopgar1997', 'jiaqi.guoguo', 'nivedaksubramanian', 'albertoccz', 'angelaturnes', 'iagomoscer', 'esteban.figueroa', 'chenxiwang', 'manucro10', 'luisbarrios', 'martin32', 'salamghgh20', 'gbatzorig268', 'valeriamg', 'savas', 'thackettt', 'pablomd', 'hit.kamble', 'austinz', 'chenxi', 'arturocastro94', 'amirbadshah224', 'gmedina', 'dariogarciaredecillas', 'melissa5', 'francisxavgr', 'martinzapatamartinez', 'chwi7664', 'paula.bolboreta', 'juanariza', 'miguelpinocarmona', 'japrz', 'fabiola.santos', 'lucamonduzzi96', 'ivan1', 'isaac.dominguez4444', 'elisa.vicenteei', 'mgupta15', 'cmoadne', 'anselmoantorcha', 'simoncarloscartamil', 'wanghb', 'berzasnon', 'joannesy', 'praveens013', 'e.lucasnavarrog', 'nuriamj', 'kong2020', 'facundobonfiglio', 'jbalderasfernandez', 'laurenp', 'rakki.datta', 'ottoridemar', 'carterkirkendoll', 'yzarni89', 'anamconrado', 'carlosbesadaromero', 'sergiogrcsnchz', 'policon', 'zewei', 'a997154508', 'foojorge', 'junwen', 'fofi94', 'victortorressuch', 'cristinacostas', 'jdanivc', 'aliraza2013ee360', 'choikj', 'david.garrido', 'fabiolajsanlop', 'juancarlosroutrera', 'costasdiego97', 'dulguun_021', 'paula.mourino', 'liuman961021', 'jerome.alag', 'alejandromo1610', 'p.suarez97', 'mariamfontan', 'cxiuqi1', 'mihaipx', 'abdulhaiyum.f', 'alsyaari', 'jgm2096', 'isaac.carrillo', 'aloptor', 'jaimedmj', 'kennyxsy', 'haominl1997', 'dang.e', 'h_elmenier', 'prra6646', 'pedrogea08', 'lluisgonzaga96', 'limengyuanli66', 'yuxian123', 'zhaoyu960207', 'sstty7', 'guojunxiong25', 'zakizhou', 'mari.paucom', 'yingxue58', 'danidm', 'justinegiroux', 'exareivaj', 'brendaorea15', 'jesslyn', 'sangkyu.sun', 'miguellopezcardenas98', 'maurobn98', 'myez', 'floren_ff', 'agarviespi', 'cytuslll1997', 'leoncc', 'plmolina4', 'rubenortega', 'sergiocalo.barranha', 'clarahernandez05f', 'feijoomartina', 'mordor', 'andrei.luneow01031999', 'chenyue', 'gkkk6', '9.genest.gabriel', 'qwe', 'dalder', 'al16do06', 'gonzavt15', 'blasern', 'ero15953', '836054323_wj', 'ergobe3', 'miaocx714', 'elmu6301', 'veronica.castro', 'pablolopezexposito', 'albertoangulo', 'antonio98y', 'ionemanuelmoralesrosales', 'dja19951995', 'marinabm', 'clarachapela10', 'ejg98', 'ee5502', 'alyabra', 'albacosta', 'hamza32amar', 'essheh', 'iagomillanentenza', 'wmy', 'alyabra.vargas', 'e.jojusalo', 'chrispvnofficial', 'xiaode', 'hewutanyuan', 'campamarin', 'martin.gutierrez', 'songy', 'bellmanz', 'soddy1996', 'sylim1', 'qumo4329', 'zhang.jiayu', 'juanjotromp', 'alyabra.alejandro', 'hariprasanna', 'adec', 'ch2922', 'wang.yaoz', 'bulganb28', 'ludoba2912', 'sotmas', 'lauragdevesa', 'joeanszxc', 'albertortepin', 'luisgfloreslarrea', 'zihang']",3,"[None, 'dique', 'antonio25']",284,"['anderson.bi', 'wangjianed_1992', 'manuel10suarez10', 'ryu.j', 'chenre', 'ralfli', 'miri23', 'dariogarred', 'juansans98', 'lianyi96', 'lluissanuy', 'antoinelegare', 'e.fisicahamza', 'thunaung', 'lidiadom', 'christsun', 'miguel_fernandez', 'elena.j.g', 'xxy0501', 'andreasorroche', 'andrea.mendez', 'danielfdezcalo', 'pablosempredepor97', 'akamsali', 'alecorti.pardo', 'xhan009', 'xxxxiaofan', 'gonzalogbb', 'aidan.rooney17', 'mihai.pislaru.fisica', 'stgermain.b', 'claudia.puga', 'fran.mosquera.pena', 'pablojosecalvo', 'michaelcameronmcdonald', 'hdelatorre3524', 'tonybocadillosgrandes', 'e0427406', 'fernando_ibarra', 'shikhararvind', 'uxiavelca', 'jinfengleong', 'shizhan.flood', 'guyu', 'niravsurajlal', 'pablosande98', 'wtq77', 'marniesan', 'watashi.legion', 'xiaolei', 'savardbastien', 'alexsanchezcast', 'pablocrespo11', 'brunolopez', 'julioug1', 'pmvd95', 'melonlzheng', 'pedrobeko98', 'xoangon', 'henglund', 'sebastianvromero', 'samuelfl', 'elviracastillo', 'sohamsawant912', 'elmanguito', 'iagopardo97', 'roberto.nava', 'bgutierrez', 'noxis986', None, 'shihhaotsai', 'aledes', 'rysw5590', 'enriquevaliente17', 'pablo.garcia.bas', 'j.guedegar', 'jameslin', 'comeseetake', 'isafdez', 'alicia.mosq', 'mmartinezsanchez', 'edgarmtz', 'chema', 'guoxg46', 'tergel1999', '2015soham.sawant', 'danidrivas98', 'rayoaki7', 'nuriatellado', 'anar4331', 'caetano.eirea', 'bingshengliu', 'uutty2010', 'zhs002', 'dyoh5119', 'e.ivanlopgar1997', 'jiaqi.guoguo', 'nivedaksubramanian', 'albertoccz', 'angelaturnes', 'iagomoscer', 'esteban.figueroa', 'chenxiwang', 'manucro10', 'luisbarrios', 'martin32', 'salamghgh20', 'gbatzorig268', 'valeriamg', 'savas', 'alex_varela_17', 'thackettt', 'pablomd', 'hit.kamble', 'austinz', 'chenxi', 'arturocastro94', 'amirbadshah224', 'gmedina', 'dariogarciaredecillas', 'melissa5', 'francisxavgr', 'martinzapatamartinez', 'chwi7664', 'paula.bolboreta', 'juanariza', 'miguelpinocarmona', 'japrz', 'fabiola.santos', 'lucamonduzzi96', 'ivan1', 'isaac.dominguez4444', 'elisa.vicenteei', 'mgupta15', 'cmoadne', 'anselmoantorcha', 'simoncarloscartamil', 'wanghb', 'berzasnon', 'joannesy', 'praveens013', 'e.lucasnavarrog', 'nuriamj', 'kong2020', 'facundobonfiglio', 'jbalderasfernandez', 'laurenp', 'rakki.datta', 'ottoridemar', 'antonionito1993', 'carterkirkendoll', 'yzarni89', 'anamconrado', 'carlosbesadaromero', 'sergiogrcsnchz', 'xoanmayo', 'policon', 'zewei', 'a997154508', 'foojorge', 'junwen', 'fofi94', 'victortorressuch', 'cristinacostas', 'jdanivc', 'aliraza2013ee360', 'emixose', 'choikj', 'david.garrido', 'fabiolajsanlop', 'juancarlosroutrera', 'costasdiego97', 'dulguun_021', 'paula.mourino', 'liuman961021', 'jerome.alag', 'alejandromo1610', 'p.suarez97', 'isaferjim', 'mariamfontan', 'cxiuqi1', 'mihaipx', 'abdulhaiyum.f', 'alsyaari', 'davidga568', 'jgm2096', 'isaac.carrillo', 'aloptor', 'jaimedmj', 'kennyxsy', 'haominl1997', 'dang.e', 'h_elmenier', 'prra6646', 'pedrogea08', 'lluisgonzaga96', 'limengyuanli66', 'yuxian123', 'zhaoyu960207', 'sstty7', 'guojunxiong25', 'zakizhou', 'mari.paucom', 'yingxue58', 'danidm', 'justinegiroux', 'exareivaj', 'brendaorea15', 'dique', 'jesslyn', 'sangkyu.sun', 'miguellopezcardenas98', 'maurobn98', 'myez', 'floren_ff', 'agarviespi', 'cytuslll1997', 'leoncc', 'plmolina4', 'rubenortega', 'sergiocalo.barranha', 'clarahernandez05f', 'feijoomartina', 'mordor', 'antonio25', 'andrei.luneow01031999', 'chenyue', 'gkkk6', 'juanjoseo', '9.genest.gabriel', 'qwe', 'dalder', 'al16do06', 'gonzavt15', 'blasern', 'ero15953', '836054323_wj', 'ergobe3', 'miaocx714', 'elmu6301', 'veronica.castro', 'pablolopezexposito', 'albertoangulo', 'antonio98y', 'ionemanuelmoralesrosales', 'dja19951995', 'marinabm', 'clarachapela10', 'ejg98', 'ee5502', 'alyabra', 'albacosta', 'hamza32amar', 'essheh', 'iagomillanentenza', 'wmy', 'alyabra.vargas', 'e.jojusalo', 'chrispvnofficial', 'xiaode', 'hewutanyuan', 'campamarin', 'martin.gutierrez', 'songy', 'bellmanz', 'soddy1996', 'clara.landesa', 'sylim1', 'qumo4329', 'zhang.jiayu', 'juanjotromp', 'alyabra.alejandro', 'hariprasanna', 'adec', 'ch2922', 'wang.yaoz', 'bulganb28', 'ludoba2912', 'sotmas', 'lauragdevesa', 'joeanszxc', 'albertortepin', 'luisgfloreslarrea', 'zihang']"
1,17,281,15,13,"['martin.gutierrez', 'fabiola.santos', 'alyabra', 'luisgfloreslarrea', 'brendaorea15', 'roberto.nava', 'claudia.puga', 'edgarmtz', 'mari.paucom', 'esteban.figueroa', 'isaac.carrillo', 'fernando_ibarra', 'veronica.castro']",268,"['anderson.bi', 'wangjianed_1992', 'manuel10suarez10', 'ryu.j', 'chenre', 'ralfli', 'miri23', 'dariogarred', 'juansans98', 'lianyi96', 'lluissanuy', 'antoinelegare', 'e.fisicahamza', 'thunaung', 'lidiadom', 'christsun', 'miguel_fernandez', 'elena.j.g', 'xxy0501', 'andreasorroche', 'andrea.mendez', 'danielfdezcalo', 'pablosempredepor97', 'akamsali', 'alecorti.pardo', 'xhan009', 'xxxxiaofan', 'gonzalogbb', 'aidan.rooney17', 'mihai.pislaru.fisica', 'stgermain.b', 'fran.mosquera.pena', 'pablojosecalvo', 'michaelcameronmcdonald', 'hdelatorre3524', 'tonybocadillosgrandes', 'e0427406', 'shikhararvind', 'uxiavelca', 'jinfengleong', 'shizhan.flood', 'guyu', 'niravsurajlal', 'pablosande98', 'wtq77', 'marniesan', 'watashi.legion', 'xiaolei', 'savardbastien', 'alexsanchezcast', 'pablocrespo11', 'brunolopez', 'julioug1', 'pmvd95', 'melonlzheng', 'pedrobeko98', 'xoangon', 'henglund', 'sebastianvromero', 'samuelfl', 'elviracastillo', 'sohamsawant912', 'elmanguito', 'iagopardo97', 'bgutierrez', 'noxis986', 'shihhaotsai', 'aledes', 'rysw5590', 'enriquevaliente17', 'pablo.garcia.bas', 'j.guedegar', 'jameslin', 'comeseetake', 'isafdez', 'alicia.mosq', 'mmartinezsanchez', 'chema', 'guoxg46', 'tergel1999', '2015soham.sawant', 'danidrivas98', 'rayoaki7', 'nuriatellado', 'anar4331', 'caetano.eirea', 'bingshengliu', 'uutty2010', 'zhs002', 'dyoh5119', 'e.ivanlopgar1997', 'jiaqi.guoguo', 'nivedaksubramanian', 'albertoccz', 'angelaturnes', 'iagomoscer', 'chenxiwang', 'manucro10', 'luisbarrios', 'martin32', 'salamghgh20', 'gbatzorig268', 'valeriamg', 'savas', 'alex_varela_17', 'thackettt', 'pablomd', 'hit.kamble', 'austinz', 'chenxi', 'arturocastro94', 'amirbadshah224', 'gmedina', 'dariogarciaredecillas', 'melissa5', 'francisxavgr', 'martinzapatamartinez', 'chwi7664', 'paula.bolboreta', 'juanariza', 'miguelpinocarmona', 'japrz', 'lucamonduzzi96', 'ivan1', 'isaac.dominguez4444', 'elisa.vicenteei', 'mgupta15', 'cmoadne', 'anselmoantorcha', 'simoncarloscartamil', 'wanghb', 'berzasnon', 'joannesy', 'praveens013', 'e.lucasnavarrog', 'nuriamj', 'kong2020', 'facundobonfiglio', 'jbalderasfernandez', 'laurenp', 'rakki.datta', 'ottoridemar', 'antonionito1993', 'carterkirkendoll', 'yzarni89', 'anamconrado', 'carlosbesadaromero', 'sergiogrcsnchz', 'xoanmayo', 'policon', 'zewei', 'a997154508', 'foojorge', 'junwen', 'fofi94', 'victortorressuch', 'cristinacostas', 'jdanivc', 'aliraza2013ee360', 'emixose', 'choikj', 'david.garrido', 'fabiolajsanlop', 'juancarlosroutrera', 'costasdiego97', 'dulguun_021', 'paula.mourino', 'liuman961021', 'jerome.alag', 'alejandromo1610', 'p.suarez97', 'isaferjim', 'mariamfontan', 'cxiuqi1', 'mihaipx', 'abdulhaiyum.f', 'alsyaari', 'davidga568', 'jgm2096', 'aloptor', 'jaimedmj', 'kennyxsy', 'haominl1997', 'dang.e', 'h_elmenier', 'prra6646', 'pedrogea08', 'lluisgonzaga96', 'limengyuanli66', 'yuxian123', 'zhaoyu960207', 'sstty7', 'guojunxiong25', 'zakizhou', 'yingxue58', 'danidm', 'justinegiroux', 'exareivaj', 'jesslyn', 'sangkyu.sun', 'miguellopezcardenas98', 'maurobn98', 'myez', 'floren_ff', 'agarviespi', 'cytuslll1997', 'leoncc', 'plmolina4', 'rubenortega', 'sergiocalo.barranha', 'clarahernandez05f', 'feijoomartina', 'mordor', 'andrei.luneow01031999', 'chenyue', 'gkkk6', 'juanjoseo', '9.genest.gabriel', 'qwe', 'dalder', 'al16do06', 'gonzavt15', 'blasern', 'ero15953', '836054323_wj', 'ergobe3', 'miaocx714', 'elmu6301', 'pablolopezexposito', 'albertoangulo', 'antonio98y', 'ionemanuelmoralesrosales', 'dja19951995', 'marinabm', 'clarachapela10', 'ejg98', 'ee5502', 'albacosta', 'hamza32amar', 'essheh', 'iagomillanentenza', 'wmy', 'alyabra.vargas', 'e.jojusalo', 'chrispvnofficial', 'xiaode', 'hewutanyuan', 'campamarin', 'songy', 'bellmanz', 'soddy1996', 'clara.landesa', 'sylim1', 'qumo4329', 'zhang.jiayu', 'juanjotromp', 'alyabra.alejandro', 'hariprasanna', 'adec', 'ch2922', 'wang.yaoz', 'bulganb28', 'ludoba2912', 'sotmas', 'lauragdevesa', 'joeanszxc', 'albertortepin', 'zihang']",2,"['andreallanas', None]",283,"['anderson.bi', 'wangjianed_1992', 'manuel10suarez10', 'ryu.j', 'chenre', 'ralfli', 'miri23', 'dariogarred', 'juansans98', 'lianyi96', 'lluissanuy', 'antoinelegare', 'e.fisicahamza', 'thunaung', 'lidiadom', 'christsun', 'miguel_fernandez', 'elena.j.g', 'xxy0501', 'andreasorroche', 'andrea.mendez', 'danielfdezcalo', 'pablosempredepor97', 'akamsali', 'alecorti.pardo', 'xhan009', 'xxxxiaofan', 'gonzalogbb', 'aidan.rooney17', 'mihai.pislaru.fisica', 'stgermain.b', 'claudia.puga', 'fran.mosquera.pena', 'pablojosecalvo', 'michaelcameronmcdonald', 'hdelatorre3524', 'tonybocadillosgrandes', 'e0427406', 'fernando_ibarra', 'shikhararvind', 'uxiavelca', 'jinfengleong', 'shizhan.flood', 'guyu', 'niravsurajlal', 'pablosande98', 'wtq77', 'marniesan', 'watashi.legion', 'xiaolei', 'savardbastien', 'alexsanchezcast', 'pablocrespo11', 'brunolopez', 'julioug1', 'pmvd95', 'melonlzheng', 'pedrobeko98', 'xoangon', 'henglund', 'sebastianvromero', 'samuelfl', 'elviracastillo', 'sohamsawant912', 'elmanguito', 'iagopardo97', 'roberto.nava', 'bgutierrez', 'noxis986', None, 'shihhaotsai', 'aledes', 'rysw5590', 'enriquevaliente17', 'pablo.garcia.bas', 'j.guedegar', 'jameslin', 'comeseetake', 'isafdez', 'alicia.mosq', 'mmartinezsanchez', 'edgarmtz', 'chema', 'guoxg46', 'tergel1999', '2015soham.sawant', 'danidrivas98', 'rayoaki7', 'nuriatellado', 'anar4331', 'caetano.eirea', 'bingshengliu', 'uutty2010', 'zhs002', 'dyoh5119', 'e.ivanlopgar1997', 'jiaqi.guoguo', 'nivedaksubramanian', 'albertoccz', 'angelaturnes', 'iagomoscer', 'esteban.figueroa', 'chenxiwang', 'manucro10', 'luisbarrios', 'martin32', 'salamghgh20', 'gbatzorig268', 'valeriamg', 'savas', 'alex_varela_17', 'thackettt', 'pablomd', 'hit.kamble', 'austinz', 'chenxi', 'arturocastro94', 'amirbadshah224', 'gmedina', 'dariogarciaredecillas', 'melissa5', 'francisxavgr', 'martinzapatamartinez', 'chwi7664', 'paula.bolboreta', 'juanariza', 'miguelpinocarmona', 'japrz', 'fabiola.santos', 'lucamonduzzi96', 'ivan1', 'isaac.dominguez4444', 'elisa.vicenteei', 'mgupta15', 'cmoadne', 'anselmoantorcha', 'simoncarloscartamil', 'wanghb', 'berzasnon', 'joannesy', 'praveens013', 'e.lucasnavarrog', 'nuriamj', 'kong2020', 'facundobonfiglio', 'jbalderasfernandez', 'laurenp', 'rakki.datta', 'ottoridemar', 'antonionito1993', 'carterkirkendoll', 'yzarni89', 'anamconrado', 'carlosbesadaromero', 'sergiogrcsnchz', 'xoanmayo', 'policon', 'zewei', 'a997154508', 'foojorge', 'junwen', 'fofi94', 'victortorressuch', 'cristinacostas', 'jdanivc', 'aliraza2013ee360', 'emixose', 'choikj', 'david.garrido', 'fabiolajsanlop', 'juancarlosroutrera', 'costasdiego97', 'dulguun_021', 'paula.mourino', 'liuman961021', 'jerome.alag', 'alejandromo1610', 'p.suarez97', 'isaferjim', 'mariamfontan', 'cxiuqi1', 'mihaipx', 'abdulhaiyum.f', 'alsyaari', 'davidga568', 'jgm2096', 'isaac.carrillo', 'andreallanas', 'aloptor', 'jaimedmj', 'kennyxsy', 'haominl1997', 'dang.e', 'h_elmenier', 'prra6646', 'pedrogea08', 'lluisgonzaga96', 'limengyuanli66', 'yuxian123', 'zhaoyu960207', 'sstty7', 'guojunxiong25', 'zakizhou', 'mari.paucom', 'yingxue58', 'danidm', 'justinegiroux', 'exareivaj', 'brendaorea15', 'jesslyn', 'sangkyu.sun', 'miguellopezcardenas98', 'maurobn98', 'myez', 'floren_ff', 'agarviespi', 'cytuslll1997', 'leoncc', 'plmolina4', 'rubenortega', 'sergiocalo.barranha', 'clarahernandez05f', 'feijoomartina', 'mordor', 'andrei.luneow01031999', 'chenyue', 'gkkk6', 'juanjoseo', '9.genest.gabriel', 'qwe', 'dalder', 'al16do06', 'gonzavt15', 'blasern', 'ero15953', '836054323_wj', 'ergobe3', 'miaocx714', 'elmu6301', 'veronica.castro', 'pablolopezexposito', 'albertoangulo', 'antonio98y', 'ionemanuelmoralesrosales', 'dja19951995', 'marinabm', 'clarachapela10', 'ejg98', 'ee5502', 'alyabra', 'albacosta', 'hamza32amar', 'essheh', 'iagomillanentenza', 'wmy', 'alyabra.vargas', 'e.jojusalo', 'chrispvnofficial', 'xiaode', 'hewutanyuan', 'campamarin', 'martin.gutierrez', 'songy', 'bellmanz', 'soddy1996', 'clara.landesa', 'sylim1', 'qumo4329', 'zhang.jiayu', 'juanjotromp', 'alyabra.alejandro', 'hariprasanna', 'adec', 'ch2922', 'wang.yaoz', 'bulganb28', 'ludoba2912', 'sotmas', 'lauragdevesa', 'joeanszxc', 'albertortepin', 'luisgfloreslarrea', 'zihang']"
1,18,281,15,7,"['dyoh5119', 'anar4331', 'rysw5590', 'qumo4329', 'prra6646', 'chwi7664', 'elmu6301']",274,"['anderson.bi', 'wangjianed_1992', 'manuel10suarez10', 'ryu.j', 'chenre', 'ralfli', 'miri23', 'dariogarred', 'juansans98', 'lianyi96', 'lluissanuy', 'antoinelegare', 'e.fisicahamza', 'thunaung', 'lidiadom', 'christsun', 'miguel_fernandez', 'elena.j.g', 'xxy0501', 'andreasorroche', 'andrea.mendez', 'danielfdezcalo', 'pablosempredepor97', 'akamsali', 'alecorti.pardo', 'xhan009', 'xxxxiaofan', 'gonzalogbb', 'aidan.rooney17', 'mihai.pislaru.fisica', 'stgermain.b', 'claudia.puga', 'fran.mosquera.pena', 'pablojosecalvo', 'michaelcameronmcdonald', 'hdelatorre3524', 'tonybocadillosgrandes', 'e0427406', 'fernando_ibarra', 'shikhararvind', 'uxiavelca', 'jinfengleong', 'shizhan.flood', 'guyu', 'niravsurajlal', 'pablosande98', 'wtq77', 'marniesan', 'watashi.legion', 'xiaolei', 'savardbastien', 'alexsanchezcast', 'pablocrespo11', 'brunolopez', 'julioug1', 'pmvd95', 'melonlzheng', 'pedrobeko98', 'xoangon', 'henglund', 'sebastianvromero', 'samuelfl', 'elviracastillo', 'sohamsawant912', 'elmanguito', 'iagopardo97', 'roberto.nava', 'bgutierrez', 'noxis986', 'shihhaotsai', 'aledes', 'enriquevaliente17', 'pablo.garcia.bas', 'j.guedegar', 'jameslin', 'comeseetake', 'isafdez', 'alicia.mosq', 'mmartinezsanchez', 'edgarmtz', 'chema', 'guoxg46', 'tergel1999', '2015soham.sawant', 'danidrivas98', 'rayoaki7', 'nuriatellado', 'caetano.eirea', 'bingshengliu', 'uutty2010', 'zhs002', 'e.ivanlopgar1997', 'jiaqi.guoguo', 'nivedaksubramanian', 'albertoccz', 'angelaturnes', 'iagomoscer', 'esteban.figueroa', 'chenxiwang', 'manucro10', 'luisbarrios', 'martin32', 'salamghgh20', 'gbatzorig268', 'valeriamg', 'savas', 'alex_varela_17', 'thackettt', 'pablomd', 'hit.kamble', 'austinz', 'chenxi', 'arturocastro94', 'amirbadshah224', 'gmedina', 'dariogarciaredecillas', 'melissa5', 'francisxavgr', 'martinzapatamartinez', 'paula.bolboreta', 'juanariza', 'miguelpinocarmona', 'japrz', 'fabiola.santos', 'lucamonduzzi96', 'ivan1', 'isaac.dominguez4444', 'elisa.vicenteei', 'mgupta15', 'cmoadne', 'anselmoantorcha', 'simoncarloscartamil', 'wanghb', 'berzasnon', 'joannesy', 'praveens013', 'e.lucasnavarrog', 'nuriamj', 'kong2020', 'facundobonfiglio', 'jbalderasfernandez', 'laurenp', 'rakki.datta', 'ottoridemar', 'antonionito1993', 'carterkirkendoll', 'yzarni89', 'anamconrado', 'carlosbesadaromero', 'sergiogrcsnchz', 'xoanmayo', 'policon', 'zewei', 'a997154508', 'foojorge', 'junwen', 'fofi94', 'victortorressuch', 'cristinacostas', 'jdanivc', 'aliraza2013ee360', 'emixose', 'choikj', 'david.garrido', 'fabiolajsanlop', 'juancarlosroutrera', 'costasdiego97', 'dulguun_021', 'paula.mourino', 'liuman961021', 'jerome.alag', 'alejandromo1610', 'p.suarez97', 'isaferjim', 'mariamfontan', 'cxiuqi1', 'mihaipx', 'abdulhaiyum.f', 'alsyaari', 'davidga568', 'jgm2096', 'isaac.carrillo', 'aloptor', 'jaimedmj', 'kennyxsy', 'haominl1997', 'dang.e', 'h_elmenier', 'pedrogea08', 'lluisgonzaga96', 'limengyuanli66', 'yuxian123', 'zhaoyu960207', 'sstty7', 'guojunxiong25', 'zakizhou', 'mari.paucom', 'yingxue58', 'danidm', 'justinegiroux', 'exareivaj', 'brendaorea15', 'jesslyn', 'sangkyu.sun', 'miguellopezcardenas98', 'maurobn98', 'myez', 'floren_ff', 'agarviespi', 'cytuslll1997', 'leoncc', 'plmolina4', 'rubenortega', 'sergiocalo.barranha', 'clarahernandez05f', 'feijoomartina', 'mordor', 'andrei.luneow01031999', 'chenyue', 'gkkk6', 'juanjoseo', '9.genest.gabriel', 'qwe', 'dalder', 'al16do06', 'gonzavt15', 'blasern', 'ero15953', '836054323_wj', 'ergobe3', 'miaocx714', 'veronica.castro', 'pablolopezexposito', 'albertoangulo', 'antonio98y', 'ionemanuelmoralesrosales', 'dja19951995', 'marinabm', 'clarachapela10', 'ejg98', 'ee5502', 'alyabra', 'albacosta', 'hamza32amar', 'essheh', 'iagomillanentenza', 'wmy', 'alyabra.vargas', 'e.jojusalo', 'chrispvnofficial', 'xiaode', 'hewutanyuan', 'campamarin', 'martin.gutierrez', 'songy', 'bellmanz', 'soddy1996', 'clara.landesa', 'sylim1', 'zhang.jiayu', 'juanjotromp', 'alyabra.alejandro', 'hariprasanna', 'adec', 'ch2922', 'wang.yaoz', 'bulganb28', 'ludoba2912', 'sotmas', 'lauragdevesa', 'joeanszxc', 'albertortepin', 'luisgfloreslarrea', 'zihang']",8,"['dale7283', 'kesu1234', 'chzh1341', 'chdu6864', 'n3b3x', 'dish1498', 'abal2474', None]",289,"['anderson.bi', 'wangjianed_1992', 'manuel10suarez10', 'ryu.j', 'chenre', 'ralfli', 'miri23', 'dariogarred', 'juansans98', 'lianyi96', 'lluissanuy', 'antoinelegare', 'e.fisicahamza', 'thunaung', 'lidiadom', 'christsun', 'miguel_fernandez', 'elena.j.g', 'xxy0501', 'andreasorroche', 'andrea.mendez', 'danielfdezcalo', 'pablosempredepor97', 'akamsali', 'alecorti.pardo', 'xhan009', 'xxxxiaofan', 'gonzalogbb', 'aidan.rooney17', 'mihai.pislaru.fisica', 'stgermain.b', 'claudia.puga', 'fran.mosquera.pena', 'pablojosecalvo', 'michaelcameronmcdonald', 'hdelatorre3524', 'tonybocadillosgrandes', 'e0427406', 'fernando_ibarra', 'shikhararvind', 'uxiavelca', 'jinfengleong', 'shizhan.flood', 'guyu', 'niravsurajlal', 'pablosande98', 'wtq77', 'chzh1341', 'marniesan', 'watashi.legion', 'xiaolei', 'savardbastien', 'alexsanchezcast', 'pablocrespo11', 'brunolopez', 'julioug1', 'pmvd95', 'melonlzheng', 'pedrobeko98', 'xoangon', 'henglund', 'sebastianvromero', 'samuelfl', 'elviracastillo', 'sohamsawant912', 'elmanguito', 'iagopardo97', 'roberto.nava', 'bgutierrez', 'noxis986', None, 'shihhaotsai', 'aledes', 'rysw5590', 'enriquevaliente17', 'pablo.garcia.bas', 'j.guedegar', 'jameslin', 'comeseetake', 'isafdez', 'alicia.mosq', 'mmartinezsanchez', 'edgarmtz', 'chema', 'guoxg46', 'tergel1999', 'dish1498', 'kesu1234', '2015soham.sawant', 'danidrivas98', 'rayoaki7', 'nuriatellado', 'anar4331', 'caetano.eirea', 'bingshengliu', 'uutty2010', 'zhs002', 'dyoh5119', 'e.ivanlopgar1997', 'jiaqi.guoguo', 'nivedaksubramanian', 'albertoccz', 'angelaturnes', 'iagomoscer', 'esteban.figueroa', 'chenxiwang', 'manucro10', 'luisbarrios', 'martin32', 'abal2474', 'salamghgh20', 'gbatzorig268', 'valeriamg', 'savas', 'alex_varela_17', 'thackettt', 'pablomd', 'hit.kamble', 'austinz', 'chenxi', 'arturocastro94', 'amirbadshah224', 'gmedina', 'dariogarciaredecillas', 'melissa5', 'francisxavgr', 'martinzapatamartinez', 'chwi7664', 'paula.bolboreta', 'juanariza', 'miguelpinocarmona', 'japrz', 'fabiola.santos', 'lucamonduzzi96', 'ivan1', 'isaac.dominguez4444', 'elisa.vicenteei', 'mgupta15', 'cmoadne', 'anselmoantorcha', 'simoncarloscartamil', 'wanghb', 'berzasnon', 'joannesy', 'praveens013', 'e.lucasnavarrog', 'nuriamj', 'kong2020', 'facundobonfiglio', 'jbalderasfernandez', 'laurenp', 'rakki.datta', 'ottoridemar', 'antonionito1993', 'carterkirkendoll', 'yzarni89', 'anamconrado', 'carlosbesadaromero', 'sergiogrcsnchz', 'xoanmayo', 'policon', 'zewei', 'a997154508', 'foojorge', 'junwen', 'n3b3x', 'fofi94', 'victortorressuch', 'cristinacostas', 'jdanivc', 'aliraza2013ee360', 'emixose', 'choikj', 'david.garrido', 'fabiolajsanlop', 'juancarlosroutrera', 'costasdiego97', 'dulguun_021', 'paula.mourino', 'liuman961021', 'jerome.alag', 'alejandromo1610', 'p.suarez97', 'chdu6864', 'isaferjim', 'mariamfontan', 'cxiuqi1', 'mihaipx', 'abdulhaiyum.f', 'alsyaari', 'davidga568', 'jgm2096', 'isaac.carrillo', 'aloptor', 'jaimedmj', 'dale7283', 'kennyxsy', 'haominl1997', 'dang.e', 'h_elmenier', 'prra6646', 'pedrogea08', 'lluisgonzaga96', 'limengyuanli66', 'yuxian123', 'zhaoyu960207', 'sstty7', 'guojunxiong25', 'zakizhou', 'mari.paucom', 'yingxue58', 'danidm', 'justinegiroux', 'exareivaj', 'brendaorea15', 'jesslyn', 'sangkyu.sun', 'miguellopezcardenas98', 'maurobn98', 'myez', 'floren_ff', 'agarviespi', 'cytuslll1997', 'leoncc', 'plmolina4', 'rubenortega', 'sergiocalo.barranha', 'clarahernandez05f', 'feijoomartina', 'mordor', 'andrei.luneow01031999', 'chenyue', 'gkkk6', 'juanjoseo', '9.genest.gabriel', 'qwe', 'dalder', 'al16do06', 'gonzavt15', 'blasern', 'ero15953', '836054323_wj', 'ergobe3', 'miaocx714', 'elmu6301', 'veronica.castro', 'pablolopezexposito', 'albertoangulo', 'antonio98y', 'ionemanuelmoralesrosales', 'dja19951995', 'marinabm', 'clarachapela10', 'ejg98', 'ee5502', 'alyabra', 'albacosta', 'hamza32amar', 'essheh', 'iagomillanentenza', 'wmy', 'alyabra.vargas', 'e.jojusalo', 'chrispvnofficial', 'xiaode', 'hewutanyuan', 'campamarin', 'martin.gutierrez', 'songy', 'bellmanz', 'soddy1996', 'clara.landesa', 'sylim1', 'qumo4329', 'zhang.jiayu', 'juanjotromp', 'alyabra.alejandro', 'hariprasanna', 'adec', 'ch2922', 'wang.yaoz', 'bulganb28', 'ludoba2912', 'sotmas', 'lauragdevesa', 'joeanszxc', 'albertortepin', 'luisgfloreslarrea', 'zihang']"
1,28,281,15,5,"['9.genest.gabriel', 'justinegiroux', 'savardbastien', 'melissa5', 'essheh']",276,"['anderson.bi', 'wangjianed_1992', 'manuel10suarez10', 'ryu.j', 'chenre', 'ralfli', 'miri23', 'dariogarred', 'juansans98', 'lianyi96', 'lluissanuy', 'antoinelegare', 'e.fisicahamza', 'thunaung', 'lidiadom', 'christsun', 'miguel_fernandez', 'elena.j.g', 'xxy0501', 'andreasorroche', 'andrea.mendez', 'danielfdezcalo', 'pablosempredepor97', 'akamsali', 'alecorti.pardo', 'xhan009', 'xxxxiaofan', 'gonzalogbb', 'aidan.rooney17', 'mihai.pislaru.fisica', 'stgermain.b', 'claudia.puga', 'fran.mosquera.pena', 'pablojosecalvo', 'michaelcameronmcdonald', 'hdelatorre3524', 'tonybocadillosgrandes', 'e0427406', 'fernando_ibarra', 'shikhararvind', 'uxiavelca', 'jinfengleong', 'shizhan.flood', 'guyu', 'niravsurajlal', 'pablosande98', 'wtq77', 'marniesan', 'watashi.legion', 'xiaolei', 'alexsanchezcast', 'pablocrespo11', 'brunolopez', 'julioug1', 'pmvd95', 'melonlzheng', 'pedrobeko98', 'xoangon', 'henglund', 'sebastianvromero', 'samuelfl', 'elviracastillo', 'sohamsawant912', 'elmanguito', 'iagopardo97', 'roberto.nava', 'bgutierrez', 'noxis986', 'shihhaotsai', 'aledes', 'rysw5590', 'enriquevaliente17', 'pablo.garcia.bas', 'j.guedegar', 'jameslin', 'comeseetake', 'isafdez', 'alicia.mosq', 'mmartinezsanchez', 'edgarmtz', 'chema', 'guoxg46', 'tergel1999', '2015soham.sawant', 'danidrivas98', 'rayoaki7', 'nuriatellado', 'anar4331', 'caetano.eirea', 'bingshengliu', 'uutty2010', 'zhs002', 'dyoh5119', 'e.ivanlopgar1997', 'jiaqi.guoguo', 'nivedaksubramanian', 'albertoccz', 'angelaturnes', 'iagomoscer', 'esteban.figueroa', 'chenxiwang', 'manucro10', 'luisbarrios', 'martin32', 'salamghgh20', 'gbatzorig268', 'valeriamg', 'savas', 'alex_varela_17', 'thackettt', 'pablomd', 'hit.kamble', 'austinz', 'chenxi', 'arturocastro94', 'amirbadshah224', 'gmedina', 'dariogarciaredecillas', 'francisxavgr', 'martinzapatamartinez', 'chwi7664', 'paula.bolboreta', 'juanariza', 'miguelpinocarmona', 'japrz', 'fabiola.santos', 'lucamonduzzi96', 'ivan1', 'isaac.dominguez4444', 'elisa.vicenteei', 'mgupta15', 'cmoadne', 'anselmoantorcha', 'simoncarloscartamil', 'wanghb', 'berzasnon', 'joannesy', 'praveens013', 'e.lucasnavarrog', 'nuriamj', 'kong2020', 'facundobonfiglio', 'jbalderasfernandez', 'laurenp', 'rakki.datta', 'ottoridemar', 'antonionito1993', 'carterkirkendoll', 'yzarni89', 'anamconrado', 'carlosbesadaromero', 'sergiogrcsnchz', 'xoanmayo', 'policon', 'zewei', 'a997154508', 'foojorge', 'junwen', 'fofi94', 'victortorressuch', 'cristinacostas', 'jdanivc', 'aliraza2013ee360', 'emixose', 'choikj', 'david.garrido', 'fabiolajsanlop', 'juancarlosroutrera', 'costasdiego97', 'dulguun_021', 'paula.mourino', 'liuman961021', 'jerome.alag', 'alejandromo1610', 'p.suarez97', 'isaferjim', 'mariamfontan', 'cxiuqi1', 'mihaipx', 'abdulhaiyum.f', 'alsyaari', 'davidga568', 'jgm2096', 'isaac.carrillo', 'aloptor', 'jaimedmj', 'kennyxsy', 'haominl1997', 'dang.e', 'h_elmenier', 'prra6646', 'pedrogea08', 'lluisgonzaga96', 'limengyuanli66', 'yuxian123', 'zhaoyu960207', 'sstty7', 'guojunxiong25', 'zakizhou', 'mari.paucom', 'yingxue58', 'danidm', 'exareivaj', 'brendaorea15', 'jesslyn', 'sangkyu.sun', 'miguellopezcardenas98', 'maurobn98', 'myez', 'floren_ff', 'agarviespi', 'cytuslll1997', 'leoncc', 'plmolina4', 'rubenortega', 'sergiocalo.barranha', 'clarahernandez05f', 'feijoomartina', 'mordor', 'andrei.luneow01031999', 'chenyue', 'gkkk6', 'juanjoseo', 'qwe', 'dalder', 'al16do06', 'gonzavt15', 'blasern', 'ero15953', '836054323_wj', 'ergobe3', 'miaocx714', 'elmu6301', 'veronica.castro', 'pablolopezexposito', 'albertoangulo', 'antonio98y', 'ionemanuelmoralesrosales', 'dja19951995', 'marinabm', 'clarachapela10', 'ejg98', 'ee5502', 'alyabra', 'albacosta', 'hamza32amar', 'iagomillanentenza', 'wmy', 'alyabra.vargas', 'e.jojusalo', 'chrispvnofficial', 'xiaode', 'hewutanyuan', 'campamarin', 'martin.gutierrez', 'songy', 'bellmanz', 'soddy1996', 'clara.landesa', 'sylim1', 'qumo4329', 'zhang.jiayu', 'juanjotromp', 'alyabra.alejandro', 'hariprasanna', 'adec', 'ch2922', 'wang.yaoz', 'bulganb28', 'ludoba2912', 'sotmas', 'lauragdevesa', 'joeanszxc', 'albertortepin', 'luisgfloreslarrea', 'zihang']",10,"['ophelie10', 'latour.alexandre1', 'jeandavid', 'jtpaquet', 'antoine1.r', 'thomas.poulin', 'jean00491', 'franktib2', 'remi.caron90', None]",291,"['anderson.bi', 'wangjianed_1992', 'manuel10suarez10', 'ryu.j', 'chenre', 'ralfli', 'miri23', 'dariogarred', 'juansans98', 'lianyi96', 'lluissanuy', 'antoinelegare', 'e.fisicahamza', 'thunaung', 'lidiadom', 'christsun', 'miguel_fernandez', 'elena.j.g', 'xxy0501', 'andreasorroche', 'andrea.mendez', 'danielfdezcalo', 'pablosempredepor97', 'akamsali', 'alecorti.pardo', 'xhan009', 'xxxxiaofan', 'gonzalogbb', 'aidan.rooney17', 'mihai.pislaru.fisica', 'stgermain.b', 'claudia.puga', 'fran.mosquera.pena', 'pablojosecalvo', 'michaelcameronmcdonald', 'hdelatorre3524', 'tonybocadillosgrandes', 'e0427406', 'fernando_ibarra', 'shikhararvind', 'uxiavelca', 'jinfengleong', 'shizhan.flood', 'guyu', 'niravsurajlal', 'pablosande98', 'wtq77', 'marniesan', 'watashi.legion', 'xiaolei', 'savardbastien', 'alexsanchezcast', 'pablocrespo11', 'brunolopez', 'julioug1', 'pmvd95', 'melonlzheng', 'pedrobeko98', 'xoangon', 'henglund', 'sebastianvromero', 'samuelfl', 'elviracastillo', 'sohamsawant912', 'elmanguito', 'iagopardo97', 'roberto.nava', 'bgutierrez', 'noxis986', None, 'shihhaotsai', 'aledes', 'rysw5590', 'enriquevaliente17', 'pablo.garcia.bas', 'j.guedegar', 'jameslin', 'comeseetake', 'isafdez', 'alicia.mosq', 'mmartinezsanchez', 'edgarmtz', 'chema', 'guoxg46', 'tergel1999', '2015soham.sawant', 'danidrivas98', 'rayoaki7', 'nuriatellado', 'anar4331', 'caetano.eirea', 'bingshengliu', 'uutty2010', 'zhs002', 'dyoh5119', 'e.ivanlopgar1997', 'jiaqi.guoguo', 'nivedaksubramanian', 'albertoccz', 'angelaturnes', 'iagomoscer', 'esteban.figueroa', 'chenxiwang', 'manucro10', 'luisbarrios', 'martin32', 'salamghgh20', 'gbatzorig268', 'valeriamg', 'savas', 'alex_varela_17', 'thackettt', 'pablomd', 'hit.kamble', 'austinz', 'chenxi', 'arturocastro94', 'jeandavid', 'amirbadshah224', 'gmedina', 'dariogarciaredecillas', 'melissa5', 'francisxavgr', 'martinzapatamartinez', 'chwi7664', 'paula.bolboreta', 'juanariza', 'miguelpinocarmona', 'japrz', 'fabiola.santos', 'lucamonduzzi96', 'ivan1', 'isaac.dominguez4444', 'elisa.vicenteei', 'mgupta15', 'cmoadne', 'anselmoantorcha', 'simoncarloscartamil', 'wanghb', 'berzasnon', 'joannesy', 'praveens013', 'e.lucasnavarrog', 'nuriamj', 'kong2020', 'facundobonfiglio', 'jbalderasfernandez', 'laurenp', 'rakki.datta', 'ottoridemar', 'antonionito1993', 'carterkirkendoll', 'yzarni89', 'anamconrado', 'carlosbesadaromero', 'sergiogrcsnchz', 'xoanmayo', 'policon', 'zewei', 'a997154508', 'foojorge', 'junwen', 'fofi94', 'victortorressuch', 'cristinacostas', 'jdanivc', 'aliraza2013ee360', 'emixose', 'choikj', 'david.garrido', 'fabiolajsanlop', 'juancarlosroutrera', 'costasdiego97', 'dulguun_021', 'paula.mourino', 'liuman961021', 'jerome.alag', 'alejandromo1610', 'p.suarez97', 'isaferjim', 'mariamfontan', 'cxiuqi1', 'mihaipx', 'abdulhaiyum.f', 'alsyaari', 'jtpaquet', 'davidga568', 'thomas.poulin', 'jgm2096', 'isaac.carrillo', 'aloptor', 'jaimedmj', 'kennyxsy', 'haominl1997', 'dang.e', 'h_elmenier', 'prra6646', 'pedrogea08', 'lluisgonzaga96', 'antoine1.r', 'franktib2', 'limengyuanli66', 'yuxian123', 'zhaoyu960207', 'sstty7', 'guojunxiong25', 'jean00491', 'zakizhou', 'mari.paucom', 'yingxue58', 'danidm', 'justinegiroux', 'exareivaj', 'brendaorea15', 'jesslyn', 'sangkyu.sun', 'miguellopezcardenas98', 'maurobn98', 'myez', 'floren_ff', 'agarviespi', 'cytuslll1997', 'leoncc', 'plmolina4', 'rubenortega', 'sergiocalo.barranha', 'clarahernandez05f', 'feijoomartina', 'mordor', 'andrei.luneow01031999', 'chenyue', 'remi.caron90', 'gkkk6', 'juanjoseo', '9.genest.gabriel', 'qwe', 'dalder', 'al16do06', 'gonzavt15', 'blasern', 'ero15953', '836054323_wj', 'ergobe3', 'miaocx714', 'elmu6301', 'veronica.castro', 'pablolopezexposito', 'albertoangulo', 'antonio98y', 'ionemanuelmoralesrosales', 'dja19951995', 'marinabm', 'latour.alexandre1', 'clarachapela10', 'ejg98', 'ee5502', 'alyabra', 'albacosta', 'hamza32amar', 'essheh', 'iagomillanentenza', 'wmy', 'alyabra.vargas', 'e.jojusalo', 'chrispvnofficial', 'xiaode', 'hewutanyuan', 'campamarin', 'martin.gutierrez', 'songy', 'bellmanz', 'soddy1996', 'clara.landesa', 'sylim1', 'qumo4329', 'zhang.jiayu', 'juanjotromp', 'alyabra.alejandro', 'hariprasanna', 'adec', 'ch2922', 'ophelie10', 'wang.yaoz', 'bulganb28', 'ludoba2912', 'sotmas', 'lauragdevesa', 'joeanszxc', 'albertortepin', 'luisgfloreslarrea', 'zihang']"
1,31,281,15,10,"['miguelpinocarmona', 'zewei', 'elmanguito', 'isafdez', 'e.lucasnavarrog', 'aledes', 'andreasorroche', 'enriquevaliente17', 'anamconrado', 'juanjotromp']",271,"['anderson.bi', 'wangjianed_1992', 'manuel10suarez10', 'ryu.j', 'chenre', 'ralfli', 'miri23', 'dariogarred', 'juansans98', 'lianyi96', 'lluissanuy', 'antoinelegare', 'e.fisicahamza', 'thunaung', 'lidiadom', 'christsun', 'miguel_fernandez', 'elena.j.g', 'xxy0501', 'andrea.mendez', 'danielfdezcalo', 'pablosempredepor97', 'akamsali', 'alecorti.pardo', 'xhan009', 'xxxxiaofan', 'gonzalogbb', 'aidan.rooney17', 'mihai.pislaru.fisica', 'stgermain.b', 'claudia.puga', 'fran.mosquera.pena', 'pablojosecalvo', 'michaelcameronmcdonald', 'hdelatorre3524', 'tonybocadillosgrandes', 'e0427406', 'fernando_ibarra', 'shikhararvind', 'uxiavelca', 'jinfengleong', 'shizhan.flood', 'guyu', 'niravsurajlal', 'pablosande98', 'wtq77', 'marniesan', 'watashi.legion', 'xiaolei', 'savardbastien', 'alexsanchezcast', 'pablocrespo11', 'brunolopez', 'julioug1', 'pmvd95', 'melonlzheng', 'pedrobeko98', 'xoangon', 'henglund', 'sebastianvromero', 'samuelfl', 'elviracastillo', 'sohamsawant912', 'iagopardo97', 'roberto.nava', 'bgutierrez', 'noxis986', 'shihhaotsai', 'rysw5590', 'pablo.garcia.bas', 'j.guedegar', 'jameslin', 'comeseetake', 'alicia.mosq', 'mmartinezsanchez', 'edgarmtz', 'chema', 'guoxg46', 'tergel1999', '2015soham.sawant', 'danidrivas98', 'rayoaki7', 'nuriatellado', 'anar4331', 'caetano.eirea', 'bingshengliu', 'uutty2010', 'zhs002', 'dyoh5119', 'e.ivanlopgar1997', 'jiaqi.guoguo', 'nivedaksubramanian', 'albertoccz', 'angelaturnes', 'iagomoscer', 'esteban.figueroa', 'chenxiwang', 'manucro10', 'luisbarrios', 'martin32', 'salamghgh20', 'gbatzorig268', 'valeriamg', 'savas', 'alex_varela_17', 'thackettt', 'pablomd', 'hit.kamble', 'austinz', 'chenxi', 'arturocastro94', 'amirbadshah224', 'gmedina', 'dariogarciaredecillas', 'melissa5', 'francisxavgr', 'martinzapatamartinez', 'chwi7664', 'paula.bolboreta', 'juanariza', 'japrz', 'fabiola.santos', 'lucamonduzzi96', 'ivan1', 'isaac.dominguez4444', 'elisa.vicenteei', 'mgupta15', 'cmoadne', 'anselmoantorcha', 'simoncarloscartamil', 'wanghb', 'berzasnon', 'joannesy', 'praveens013', 'nuriamj', 'kong2020', 'facundobonfiglio', 'jbalderasfernandez', 'laurenp', 'rakki.datta', 'ottoridemar', 'antonionito1993', 'carterkirkendoll', 'yzarni89', 'carlosbesadaromero', 'sergiogrcsnchz', 'xoanmayo', 'policon', 'a997154508', 'foojorge', 'junwen', 'fofi94', 'victortorressuch', 'cristinacostas', 'jdanivc', 'aliraza2013ee360', 'emixose', 'choikj', 'david.garrido', 'fabiolajsanlop', 'juancarlosroutrera', 'costasdiego97', 'dulguun_021', 'paula.mourino', 'liuman961021', 'jerome.alag', 'alejandromo1610', 'p.suarez97', 'isaferjim', 'mariamfontan', 'cxiuqi1', 'mihaipx', 'abdulhaiyum.f', 'alsyaari', 'davidga568', 'jgm2096', 'isaac.carrillo', 'aloptor', 'jaimedmj', 'kennyxsy', 'haominl1997', 'dang.e', 'h_elmenier', 'prra6646', 'pedrogea08', 'lluisgonzaga96', 'limengyuanli66', 'yuxian123', 'zhaoyu960207', 'sstty7', 'guojunxiong25', 'zakizhou', 'mari.paucom', 'yingxue58', 'danidm', 'justinegiroux', 'exareivaj', 'brendaorea15', 'jesslyn', 'sangkyu.sun', 'miguellopezcardenas98', 'maurobn98', 'myez', 'floren_ff', 'agarviespi', 'cytuslll1997', 'leoncc', 'plmolina4', 'rubenortega', 'sergiocalo.barranha', 'clarahernandez05f', 'feijoomartina', 'mordor', 'andrei.luneow01031999', 'chenyue', 'gkkk6', 'juanjoseo', '9.genest.gabriel', 'qwe', 'dalder', 'al16do06', 'gonzavt15', 'blasern', 'ero15953', '836054323_wj', 'ergobe3', 'miaocx714', 'elmu6301', 'veronica.castro', 'pablolopezexposito', 'albertoangulo', 'antonio98y', 'ionemanuelmoralesrosales', 'dja19951995', 'marinabm', 'clarachapela10', 'ejg98', 'ee5502', 'alyabra', 'albacosta', 'hamza32amar', 'essheh', 'iagomillanentenza', 'wmy', 'alyabra.vargas', 'e.jojusalo', 'chrispvnofficial', 'xiaode', 'hewutanyuan', 'campamarin', 'martin.gutierrez', 'songy', 'bellmanz', 'soddy1996', 'clara.landesa', 'sylim1', 'qumo4329', 'zhang.jiayu', 'alyabra.alejandro', 'hariprasanna', 'adec', 'ch2922', 'wang.yaoz', 'bulganb28', 'ludoba2912', 'sotmas', 'lauragdevesa', 'joeanszxc', 'albertortepin', 'luisgfloreslarrea', 'zihang']",5,"['agarviespigares', 'pablocl', 'carlosvigo1997', None, 'ssalvia']",286,"['anderson.bi', 'wangjianed_1992', 'manuel10suarez10', 'ryu.j', 'chenre', 'ralfli', 'miri23', 'dariogarred', 'juansans98', 'lianyi96', 'lluissanuy', 'antoinelegare', 'e.fisicahamza', 'thunaung', 'lidiadom', 'christsun', 'miguel_fernandez', 'elena.j.g', 'xxy0501', 'andreasorroche', 'andrea.mendez', 'danielfdezcalo', 'pablosempredepor97', 'akamsali', 'alecorti.pardo', 'xhan009', 'xxxxiaofan', 'gonzalogbb', 'aidan.rooney17', 'mihai.pislaru.fisica', 'stgermain.b', 'claudia.puga', 'fran.mosquera.pena', 'pablojosecalvo', 'michaelcameronmcdonald', 'hdelatorre3524', 'tonybocadillosgrandes', 'e0427406', 'fernando_ibarra', 'shikhararvind', 'uxiavelca', 'jinfengleong', 'shizhan.flood', 'guyu', 'niravsurajlal', 'pablosande98', 'wtq77', 'marniesan', 'watashi.legion', 'xiaolei', 'savardbastien', 'alexsanchezcast', 'pablocrespo11', 'brunolopez', 'julioug1', 'pmvd95', 'melonlzheng', 'pedrobeko98', 'xoangon', 'henglund', 'sebastianvromero', 'samuelfl', 'elviracastillo', 'sohamsawant912', 'elmanguito', 'iagopardo97', 'roberto.nava', 'bgutierrez', 'noxis986', None, 'shihhaotsai', 'aledes', 'rysw5590', 'enriquevaliente17', 'pablo.garcia.bas', 'ssalvia', 'j.guedegar', 'jameslin', 'comeseetake', 'isafdez', 'alicia.mosq', 'mmartinezsanchez', 'edgarmtz', 'chema', 'guoxg46', 'tergel1999', '2015soham.sawant', 'danidrivas98', 'rayoaki7', 'nuriatellado', 'anar4331', 'caetano.eirea', 'bingshengliu', 'uutty2010', 'zhs002', 'dyoh5119', 'e.ivanlopgar1997', 'jiaqi.guoguo', 'nivedaksubramanian', 'albertoccz', 'angelaturnes', 'iagomoscer', 'esteban.figueroa', 'chenxiwang', 'manucro10', 'luisbarrios', 'martin32', 'salamghgh20', 'gbatzorig268', 'valeriamg', 'savas', 'alex_varela_17', 'thackettt', 'pablomd', 'hit.kamble', 'austinz', 'chenxi', 'arturocastro94', 'amirbadshah224', 'gmedina', 'dariogarciaredecillas', 'melissa5', 'francisxavgr', 'martinzapatamartinez', 'chwi7664', 'paula.bolboreta', 'juanariza', 'miguelpinocarmona', 'japrz', 'fabiola.santos', 'lucamonduzzi96', 'ivan1', 'isaac.dominguez4444', 'elisa.vicenteei', 'mgupta15', 'cmoadne', 'anselmoantorcha', 'simoncarloscartamil', 'wanghb', 'berzasnon', 'joannesy', 'praveens013', 'e.lucasnavarrog', 'nuriamj', 'kong2020', 'facundobonfiglio', 'jbalderasfernandez', 'laurenp', 'rakki.datta', 'ottoridemar', 'antonionito1993', 'carterkirkendoll', 'yzarni89', 'anamconrado', 'carlosbesadaromero', 'sergiogrcsnchz', 'xoanmayo', 'policon', 'zewei', 'a997154508', 'foojorge', 'junwen', 'fofi94', 'victortorressuch', 'cristinacostas', 'jdanivc', 'aliraza2013ee360', 'emixose', 'choikj', 'david.garrido', 'fabiolajsanlop', 'juancarlosroutrera', 'costasdiego97', 'dulguun_021', 'paula.mourino', 'liuman961021', 'jerome.alag', 'alejandromo1610', 'p.suarez97', 'isaferjim', 'mariamfontan', 'cxiuqi1', 'mihaipx', 'abdulhaiyum.f', 'alsyaari', 'davidga568', 'jgm2096', 'isaac.carrillo', 'aloptor', 'jaimedmj', 'kennyxsy', 'haominl1997', 'dang.e', 'h_elmenier', 'prra6646', 'pedrogea08', 'lluisgonzaga96', 'limengyuanli66', 'yuxian123', 'zhaoyu960207', 'sstty7', 'guojunxiong25', 'zakizhou', 'mari.paucom', 'yingxue58', 'danidm', 'justinegiroux', 'exareivaj', 'brendaorea15', 'jesslyn', 'sangkyu.sun', 'miguellopezcardenas98', 'maurobn98', 'myez', 'floren_ff', 'agarviespi', 'cytuslll1997', 'leoncc', 'plmolina4', 'rubenortega', 'sergiocalo.barranha', 'clarahernandez05f', 'feijoomartina', 'mordor', 'andrei.luneow01031999', 'chenyue', 'gkkk6', 'juanjoseo', '9.genest.gabriel', 'qwe', 'dalder', 'al16do06', 'gonzavt15', 'blasern', 'ero15953', '836054323_wj', 'ergobe3', 'miaocx714', 'elmu6301', 'veronica.castro', 'agarviespigares', 'pablolopezexposito', 'albertoangulo', 'antonio98y', 'ionemanuelmoralesrosales', 'dja19951995', 'marinabm', 'clarachapela10', 'ejg98', 'ee5502', 'alyabra', 'albacosta', 'hamza32amar', 'essheh', 'iagomillanentenza', 'wmy', 'alyabra.vargas', 'e.jojusalo', 'chrispvnofficial', 'xiaode', 'hewutanyuan', 'campamarin', 'martin.gutierrez', 'songy', 'bellmanz', 'soddy1996', 'clara.landesa', 'pablocl', 'sylim1', 'qumo4329', 'zhang.jiayu', 'juanjotromp', 'alyabra.alejandro', 'hariprasanna', 'adec', 'ch2922', 'wang.yaoz', 'bulganb28', 'ludoba2912', 'sotmas', 'lauragdevesa', 'joeanszxc', 'carlosvigo1997', 'albertortepin', 'luisgfloreslarrea', 'zihang']"
1,356,281,15,1,['sstty7'],280,"['anderson.bi', 'wangjianed_1992', 'manuel10suarez10', 'ryu.j', 'chenre', 'ralfli', 'miri23', 'dariogarred', 'juansans98', 'lianyi96', 'lluissanuy', 'antoinelegare', 'e.fisicahamza', 'thunaung', 'lidiadom', 'christsun', 'miguel_fernandez', 'elena.j.g', 'xxy0501', 'andreasorroche', 'andrea.mendez', 'danielfdezcalo', 'pablosempredepor97', 'akamsali', 'alecorti.pardo', 'xhan009', 'xxxxiaofan', 'gonzalogbb', 'aidan.rooney17', 'mihai.pislaru.fisica', 'stgermain.b', 'claudia.puga', 'fran.mosquera.pena', 'pablojosecalvo', 'michaelcameronmcdonald', 'hdelatorre3524', 'tonybocadillosgrandes', 'e0427406', 'fernando_ibarra', 'shikhararvind', 'uxiavelca', 'jinfengleong', 'shizhan.flood', 'guyu', 'niravsurajlal', 'pablosande98', 'wtq77', 'marniesan', 'watashi.legion', 'xiaolei', 'savardbastien', 'alexsanchezcast', 'pablocrespo11', 'brunolopez', 'julioug1', 'pmvd95', 'melonlzheng', 'pedrobeko98', 'xoangon', 'henglund', 'sebastianvromero', 'samuelfl', 'elviracastillo', 'sohamsawant912', 'elmanguito', 'iagopardo97', 'roberto.nava', 'bgutierrez', 'noxis986', 'shihhaotsai', 'aledes', 'rysw5590', 'enriquevaliente17', 'pablo.garcia.bas', 'j.guedegar', 'jameslin', 'comeseetake', 'isafdez', 'alicia.mosq', 'mmartinezsanchez', 'edgarmtz', 'chema', 'guoxg46', 'tergel1999', '2015soham.sawant', 'danidrivas98', 'rayoaki7', 'nuriatellado', 'anar4331', 'caetano.eirea', 'bingshengliu', 'uutty2010', 'zhs002', 'dyoh5119', 'e.ivanlopgar1997', 'jiaqi.guoguo', 'nivedaksubramanian', 'albertoccz', 'angelaturnes', 'iagomoscer', 'esteban.figueroa', 'chenxiwang', 'manucro10', 'luisbarrios', 'martin32', 'salamghgh20', 'gbatzorig268', 'valeriamg', 'savas', 'alex_varela_17', 'thackettt', 'pablomd', 'hit.kamble', 'austinz', 'chenxi', 'arturocastro94', 'amirbadshah224', 'gmedina', 'dariogarciaredecillas', 'melissa5', 'francisxavgr', 'martinzapatamartinez', 'chwi7664', 'paula.bolboreta', 'juanariza', 'miguelpinocarmona', 'japrz', 'fabiola.santos', 'lucamonduzzi96', 'ivan1', 'isaac.dominguez4444', 'elisa.vicenteei', 'mgupta15', 'cmoadne', 'anselmoantorcha', 'simoncarloscartamil', 'wanghb', 'berzasnon', 'joannesy', 'praveens013', 'e.lucasnavarrog', 'nuriamj', 'kong2020', 'facundobonfiglio', 'jbalderasfernandez', 'laurenp', 'rakki.datta', 'ottoridemar', 'antonionito1993', 'carterkirkendoll', 'yzarni89', 'anamconrado', 'carlosbesadaromero', 'sergiogrcsnchz', 'xoanmayo', 'policon', 'zewei', 'a997154508', 'foojorge', 'junwen', 'fofi94', 'victortorressuch', 'cristinacostas', 'jdanivc', 'aliraza2013ee360', 'emixose', 'choikj', 'david.garrido', 'fabiolajsanlop', 'juancarlosroutrera', 'costasdiego97', 'dulguun_021', 'paula.mourino', 'liuman961021', 'jerome.alag', 'alejandromo1610', 'p.suarez97', 'isaferjim', 'mariamfontan', 'cxiuqi1', 'mihaipx', 'abdulhaiyum.f', 'alsyaari', 'davidga568', 'jgm2096', 'isaac.carrillo', 'aloptor', 'jaimedmj', 'kennyxsy', 'haominl1997', 'dang.e', 'h_elmenier', 'prra6646', 'pedrogea08', 'lluisgonzaga96', 'limengyuanli66', 'yuxian123', 'zhaoyu960207', 'guojunxiong25', 'zakizhou', 'mari.paucom', 'yingxue58', 'danidm', 'justinegiroux', 'exareivaj', 'brendaorea15', 'jesslyn', 'sangkyu.sun', 'miguellopezcardenas98', 'maurobn98', 'myez', 'floren_ff', 'agarviespi', 'cytuslll1997', 'leoncc', 'plmolina4', 'rubenortega', 'sergiocalo.barranha', 'clarahernandez05f', 'feijoomartina', 'mordor', 'andrei.luneow01031999', 'chenyue', 'gkkk6', 'juanjoseo', '9.genest.gabriel', 'qwe', 'dalder', 'al16do06', 'gonzavt15', 'blasern', 'ero15953', '836054323_wj', 'ergobe3', 'miaocx714', 'elmu6301', 'veronica.castro', 'pablolopezexposito', 'albertoangulo', 'antonio98y', 'ionemanuelmoralesrosales', 'dja19951995', 'marinabm', 'clarachapela10', 'ejg98', 'ee5502', 'alyabra', 'albacosta', 'hamza32amar', 'essheh', 'iagomillanentenza', 'wmy', 'alyabra.vargas', 'e.jojusalo', 'chrispvnofficial', 'xiaode', 'hewutanyuan', 'campamarin', 'martin.gutierrez', 'songy', 'bellmanz', 'soddy1996', 'clara.landesa', 'sylim1', 'qumo4329', 'zhang.jiayu', 'juanjotromp', 'alyabra.alejandro', 'hariprasanna', 'adec', 'ch2922', 'wang.yaoz', 'bulganb28', 'ludoba2912', 'sotmas', 'lauragdevesa', 'joeanszxc', 'albertortepin', 'luisgfloreslarrea', 'zihang']",14,"['dorxlqmdkdlel', 'kimys4u', 'kangtoltol', 'siggy36', 'jaephago', 'kimyoungkyen', 'anstpdlffj3', 'minho9534', 'sjhoon96', 'yujincho', 'dangover94', 'qjjh1217', 'eb32862', None]",295,"['anderson.bi', 'wangjianed_1992', 'siggy36', 'manuel10suarez10', 'minho9534', 'ryu.j', 'chenre', 'ralfli', 'miri23', 'dariogarred', 'juansans98', 'lianyi96', 'lluissanuy', 'antoinelegare', 'e.fisicahamza', 'thunaung', 'lidiadom', 'christsun', 'miguel_fernandez', 'elena.j.g', 'xxy0501', 'andreasorroche', 'andrea.mendez', 'danielfdezcalo', 'pablosempredepor97', 'akamsali', 'alecorti.pardo', 'xhan009', 'xxxxiaofan', 'gonzalogbb', 'aidan.rooney17', 'mihai.pislaru.fisica', 'stgermain.b', 'claudia.puga', 'fran.mosquera.pena', 'sjhoon96', 'pablojosecalvo', 'michaelcameronmcdonald', 'hdelatorre3524', 'tonybocadillosgrandes', 'e0427406', 'fernando_ibarra', 'shikhararvind', 'uxiavelca', 'jinfengleong', 'shizhan.flood', 'guyu', 'niravsurajlal', 'pablosande98', 'wtq77', 'marniesan', 'watashi.legion', 'xiaolei', 'savardbastien', 'alexsanchezcast', 'pablocrespo11', 'brunolopez', 'julioug1', 'pmvd95', 'melonlzheng', 'pedrobeko98', 'xoangon', 'henglund', 'sebastianvromero', 'samuelfl', 'elviracastillo', 'sohamsawant912', 'elmanguito', 'iagopardo97', 'roberto.nava', 'bgutierrez', 'noxis986', None, 'shihhaotsai', 'aledes', 'rysw5590', 'enriquevaliente17', 'pablo.garcia.bas', 'j.guedegar', 'jameslin', 'comeseetake', 'isafdez', 'alicia.mosq', 'mmartinezsanchez', 'yujincho', 'edgarmtz', 'chema', 'guoxg46', 'tergel1999', '2015soham.sawant', 'danidrivas98', 'rayoaki7', 'nuriatellado', 'anar4331', 'caetano.eirea', 'bingshengliu', 'uutty2010', 'zhs002', 'dyoh5119', 'e.ivanlopgar1997', 'jiaqi.guoguo', 'nivedaksubramanian', 'albertoccz', 'angelaturnes', 'iagomoscer', 'esteban.figueroa', 'chenxiwang', 'manucro10', 'luisbarrios', 'martin32', 'salamghgh20', 'gbatzorig268', 'valeriamg', 'savas', 'alex_varela_17', 'thackettt', 'pablomd', 'hit.kamble', 'austinz', 'chenxi', 'arturocastro94', 'amirbadshah224', 'gmedina', 'dariogarciaredecillas', 'melissa5', 'francisxavgr', 'martinzapatamartinez', 'chwi7664', 'paula.bolboreta', 'juanariza', 'miguelpinocarmona', 'japrz', 'fabiola.santos', 'lucamonduzzi96', 'ivan1', 'isaac.dominguez4444', 'elisa.vicenteei', 'mgupta15', 'cmoadne', 'anselmoantorcha', 'simoncarloscartamil', 'qjjh1217', 'wanghb', 'berzasnon', 'joannesy', 'praveens013', 'e.lucasnavarrog', 'nuriamj', 'kong2020', 'facundobonfiglio', 'jbalderasfernandez', 'laurenp', 'rakki.datta', 'ottoridemar', 'antonionito1993', 'carterkirkendoll', 'yzarni89', 'anamconrado', 'carlosbesadaromero', 'sergiogrcsnchz', 'xoanmayo', 'policon', 'zewei', 'a997154508', 'foojorge', 'junwen', 'fofi94', 'victortorressuch', 'cristinacostas', 'jdanivc', 'aliraza2013ee360', 'emixose', 'choikj', 'david.garrido', 'fabiolajsanlop', 'juancarlosroutrera', 'anstpdlffj3', 'costasdiego97', 'dulguun_021', 'paula.mourino', 'liuman961021', 'jerome.alag', 'alejandromo1610', 'p.suarez97', 'isaferjim', 'mariamfontan', 'cxiuqi1', 'dangover94', 'mihaipx', 'abdulhaiyum.f', 'alsyaari', 'davidga568', 'jgm2096', 'isaac.carrillo', 'aloptor', 'jaimedmj', 'kangtoltol', 'kennyxsy', 'kimyoungkyen', 'haominl1997', 'dang.e', 'h_elmenier', 'prra6646', 'pedrogea08', 'lluisgonzaga96', 'limengyuanli66', 'yuxian123', 'zhaoyu960207', 'sstty7', 'dorxlqmdkdlel', 'guojunxiong25', 'zakizhou', 'mari.paucom', 'yingxue58', 'danidm', 'justinegiroux', 'exareivaj', 'brendaorea15', 'jesslyn', 'sangkyu.sun', 'miguellopezcardenas98', 'maurobn98', 'myez', 'floren_ff', 'kimys4u', 'agarviespi', 'cytuslll1997', 'leoncc', 'plmolina4', 'rubenortega', 'sergiocalo.barranha', 'eb32862', 'clarahernandez05f', 'feijoomartina', 'mordor', 'andrei.luneow01031999', 'chenyue', 'gkkk6', 'juanjoseo', '9.genest.gabriel', 'qwe', 'dalder', 'al16do06', 'gonzavt15', 'blasern', 'ero15953', '836054323_wj', 'ergobe3', 'miaocx714', 'elmu6301', 'veronica.castro', 'pablolopezexposito', 'albertoangulo', 'antonio98y', 'ionemanuelmoralesrosales', 'dja19951995', 'marinabm', 'clarachapela10', 'ejg98', 'jaephago', 'ee5502', 'alyabra', 'albacosta', 'hamza32amar', 'essheh', 'iagomillanentenza', 'wmy', 'alyabra.vargas', 'e.jojusalo', 'chrispvnofficial', 'xiaode', 'hewutanyuan', 'campamarin', 'martin.gutierrez', 'songy', 'bellmanz', 'soddy1996', 'clara.landesa', 'sylim1', 'qumo4329', 'zhang.jiayu', 'juanjotromp', 'alyabra.alejandro', 'hariprasanna', 'adec', 'ch2922', 'wang.yaoz', 'bulganb28', 'ludoba2912', 'sotmas', 'lauragdevesa', 'joeanszxc', 'albertortepin', 'luisgfloreslarrea', 'zihang']"
1,23,281,14,9,"['xoanmayo', 'j.guedegar', 'antonionito1993', 'davidga568', 'clara.landesa', 'lauragdevesa', 'pablojosecalvo', 'iagomoscer', 'danielfdezcalo']",272,"['anderson.bi', 'wangjianed_1992', 'manuel10suarez10', 'ryu.j', 'chenre', 'ralfli', 'miri23', 'dariogarred', 'juansans98', 'lianyi96', 'lluissanuy', 'antoinelegare', 'e.fisicahamza', 'thunaung', 'lidiadom', 'christsun', 'miguel_fernandez', 'elena.j.g', 'xxy0501', 'andreasorroche', 'andrea.mendez', 'pablosempredepor97', 'akamsali', 'alecorti.pardo', 'xhan009', 'xxxxiaofan', 'gonzalogbb', 'aidan.rooney17', 'mihai.pislaru.fisica', 'stgermain.b', 'claudia.puga', 'fran.mosquera.pena', 'michaelcameronmcdonald', 'hdelatorre3524', 'tonybocadillosgrandes', 'e0427406', 'fernando_ibarra', 'shikhararvind', 'uxiavelca', 'jinfengleong', 'shizhan.flood', 'guyu', 'niravsurajlal', 'pablosande98', 'wtq77', 'marniesan', 'watashi.legion', 'xiaolei', 'savardbastien', 'alexsanchezcast', 'pablocrespo11', 'brunolopez', 'julioug1', 'pmvd95', 'melonlzheng', 'pedrobeko98', 'xoangon', 'henglund', 'sebastianvromero', 'samuelfl', 'elviracastillo', 'sohamsawant912', 'elmanguito', 'iagopardo97', 'roberto.nava', 'bgutierrez', 'noxis986', 'shihhaotsai', 'aledes', 'rysw5590', 'enriquevaliente17', 'pablo.garcia.bas', 'jameslin', 'comeseetake', 'isafdez', 'alicia.mosq', 'mmartinezsanchez', 'edgarmtz', 'chema', 'guoxg46', 'tergel1999', '2015soham.sawant', 'danidrivas98', 'rayoaki7', 'nuriatellado', 'anar4331', 'caetano.eirea', 'bingshengliu', 'uutty2010', 'zhs002', 'dyoh5119', 'e.ivanlopgar1997', 'jiaqi.guoguo', 'nivedaksubramanian', 'albertoccz', 'angelaturnes', 'esteban.figueroa', 'chenxiwang', 'manucro10', 'luisbarrios', 'martin32', 'salamghgh20', 'gbatzorig268', 'valeriamg', 'savas', 'alex_varela_17', 'thackettt', 'pablomd', 'hit.kamble', 'austinz', 'chenxi', 'arturocastro94', 'amirbadshah224', 'gmedina', 'dariogarciaredecillas', 'melissa5', 'francisxavgr', 'martinzapatamartinez', 'chwi7664', 'paula.bolboreta', 'juanariza', 'miguelpinocarmona', 'japrz', 'fabiola.santos', 'lucamonduzzi96', 'ivan1', 'isaac.dominguez4444', 'elisa.vicenteei', 'mgupta15', 'cmoadne', 'anselmoantorcha', 'simoncarloscartamil', 'wanghb', 'berzasnon', 'joannesy', 'praveens013', 'e.lucasnavarrog', 'nuriamj', 'kong2020', 'facundobonfiglio', 'jbalderasfernandez', 'laurenp', 'rakki.datta', 'ottoridemar', 'carterkirkendoll', 'yzarni89', 'anamconrado', 'carlosbesadaromero', 'sergiogrcsnchz', 'policon', 'zewei', 'a997154508', 'foojorge', 'junwen', 'fofi94', 'victortorressuch', 'cristinacostas', 'jdanivc', 'aliraza2013ee360', 'emixose', 'choikj', 'david.garrido', 'fabiolajsanlop', 'juancarlosroutrera', 'costasdiego97', 'dulguun_021', 'paula.mourino', 'liuman961021', 'jerome.alag', 'alejandromo1610', 'p.suarez97', 'isaferjim', 'mariamfontan', 'cxiuqi1', 'mihaipx', 'abdulhaiyum.f', 'alsyaari', 'jgm2096', 'isaac.carrillo', 'aloptor', 'jaimedmj', 'kennyxsy', 'haominl1997', 'dang.e', 'h_elmenier', 'prra6646', 'pedrogea08', 'lluisgonzaga96', 'limengyuanli66', 'yuxian123', 'zhaoyu960207', 'sstty7', 'guojunxiong25', 'zakizhou', 'mari.paucom', 'yingxue58', 'danidm', 'justinegiroux', 'exareivaj', 'brendaorea15', 'jesslyn', 'sangkyu.sun', 'miguellopezcardenas98', 'maurobn98', 'myez', 'floren_ff', 'agarviespi', 'cytuslll1997', 'leoncc', 'plmolina4', 'rubenortega', 'sergiocalo.barranha', 'clarahernandez05f', 'feijoomartina', 'mordor', 'andrei.luneow01031999', 'chenyue', 'gkkk6', 'juanjoseo', '9.genest.gabriel', 'qwe', 'dalder', 'al16do06', 'gonzavt15', 'blasern', 'ero15953', '836054323_wj', 'ergobe3', 'miaocx714', 'elmu6301', 'veronica.castro', 'pablolopezexposito', 'albertoangulo', 'antonio98y', 'ionemanuelmoralesrosales', 'dja19951995', 'marinabm', 'clarachapela10', 'ejg98', 'ee5502', 'alyabra', 'albacosta', 'hamza32amar', 'essheh', 'iagomillanentenza', 'wmy', 'alyabra.vargas', 'e.jojusalo', 'chrispvnofficial', 'xiaode', 'hewutanyuan', 'campamarin', 'martin.gutierrez', 'songy', 'bellmanz', 'soddy1996', 'sylim1', 'qumo4329', 'zhang.jiayu', 'juanjotromp', 'alyabra.alejandro', 'hariprasanna', 'adec', 'ch2922', 'wang.yaoz', 'bulganb28', 'ludoba2912', 'sotmas', 'joeanszxc', 'albertortepin', 'luisgfloreslarrea', 'zihang']",5,"['daviland97', 'pedrotouris', 'dique', None, 'fsuarez']",286,"['anderson.bi', 'wangjianed_1992', 'manuel10suarez10', 'ryu.j', 'chenre', 'ralfli', 'miri23', 'dariogarred', 'juansans98', 'lianyi96', 'lluissanuy', 'antoinelegare', 'e.fisicahamza', 'thunaung', 'lidiadom', 'christsun', 'miguel_fernandez', 'elena.j.g', 'xxy0501', 'andreasorroche', 'andrea.mendez', 'danielfdezcalo', 'pablosempredepor97', 'akamsali', 'alecorti.pardo', 'xhan009', 'xxxxiaofan', 'gonzalogbb', 'aidan.rooney17', 'mihai.pislaru.fisica', 'stgermain.b', 'claudia.puga', 'fran.mosquera.pena', 'pablojosecalvo', 'michaelcameronmcdonald', 'hdelatorre3524', 'tonybocadillosgrandes', 'e0427406', 'fernando_ibarra', 'shikhararvind', 'fsuarez', 'uxiavelca', 'jinfengleong', 'shizhan.flood', 'guyu', 'niravsurajlal', 'pablosande98', 'wtq77', 'marniesan', 'watashi.legion', 'xiaolei', 'savardbastien', 'alexsanchezcast', 'pablocrespo11', 'brunolopez', 'julioug1', 'pmvd95', 'melonlzheng', 'pedrobeko98', 'xoangon', 'henglund', 'sebastianvromero', 'samuelfl', 'elviracastillo', 'sohamsawant912', 'elmanguito', 'iagopardo97', 'roberto.nava', 'bgutierrez', 'noxis986', None, 'shihhaotsai', 'aledes', 'rysw5590', 'enriquevaliente17', 'pablo.garcia.bas', 'j.guedegar', 'jameslin', 'comeseetake', 'isafdez', 'alicia.mosq', 'mmartinezsanchez', 'edgarmtz', 'chema', 'guoxg46', 'tergel1999', '2015soham.sawant', 'danidrivas98', 'rayoaki7', 'nuriatellado', 'anar4331', 'caetano.eirea', 'bingshengliu', 'uutty2010', 'zhs002', 'dyoh5119', 'e.ivanlopgar1997', 'jiaqi.guoguo', 'nivedaksubramanian', 'albertoccz', 'angelaturnes', 'iagomoscer', 'esteban.figueroa', 'chenxiwang', 'manucro10', 'luisbarrios', 'martin32', 'salamghgh20', 'gbatzorig268', 'valeriamg', 'savas', 'alex_varela_17', 'thackettt', 'pablomd', 'hit.kamble', 'austinz', 'chenxi', 'arturocastro94', 'amirbadshah224', 'gmedina', 'dariogarciaredecillas', 'melissa5', 'francisxavgr', 'pedrotouris', 'martinzapatamartinez', 'chwi7664', 'paula.bolboreta', 'juanariza', 'miguelpinocarmona', 'japrz', 'fabiola.santos', 'lucamonduzzi96', 'ivan1', 'isaac.dominguez4444', 'elisa.vicenteei', 'mgupta15', 'cmoadne', 'anselmoantorcha', 'simoncarloscartamil', 'wanghb', 'berzasnon', 'joannesy', 'praveens013', 'e.lucasnavarrog', 'nuriamj', 'kong2020', 'facundobonfiglio', 'jbalderasfernandez', 'laurenp', 'rakki.datta', 'ottoridemar', 'antonionito1993', 'carterkirkendoll', 'yzarni89', 'anamconrado', 'carlosbesadaromero', 'sergiogrcsnchz', 'xoanmayo', 'policon', 'zewei', 'a997154508', 'foojorge', 'junwen', 'fofi94', 'victortorressuch', 'cristinacostas', 'jdanivc', 'aliraza2013ee360', 'emixose', 'choikj', 'david.garrido', 'fabiolajsanlop', 'juancarlosroutrera', 'costasdiego97', 'dulguun_021', 'paula.mourino', 'liuman961021', 'jerome.alag', 'alejandromo1610', 'p.suarez97', 'isaferjim', 'mariamfontan', 'cxiuqi1', 'mihaipx', 'abdulhaiyum.f', 'alsyaari', 'davidga568', 'jgm2096', 'isaac.carrillo', 'aloptor', 'jaimedmj', 'kennyxsy', 'haominl1997', 'dang.e', 'h_elmenier', 'prra6646', 'pedrogea08', 'lluisgonzaga96', 'limengyuanli66', 'yuxian123', 'zhaoyu960207', 'sstty7', 'guojunxiong25', 'zakizhou', 'mari.paucom', 'yingxue58', 'danidm', 'justinegiroux', 'exareivaj', 'brendaorea15', 'dique', 'jesslyn', 'sangkyu.sun', 'miguellopezcardenas98', 'maurobn98', 'myez', 'floren_ff', 'agarviespi', 'cytuslll1997', 'leoncc', 'plmolina4', 'rubenortega', 'sergiocalo.barranha', 'clarahernandez05f', 'feijoomartina', 'mordor', 'andrei.luneow01031999', 'chenyue', 'gkkk6', 'juanjoseo', '9.genest.gabriel', 'qwe', 'dalder', 'al16do06', 'gonzavt15', 'blasern', 'ero15953', '836054323_wj', 'ergobe3', 'miaocx714', 'elmu6301', 'veronica.castro', 'pablolopezexposito', 'albertoangulo', 'antonio98y', 'ionemanuelmoralesrosales', 'dja19951995', 'marinabm', 'clarachapela10', 'ejg98', 'ee5502', 'alyabra', 'albacosta', 'hamza32amar', 'essheh', 'iagomillanentenza', 'wmy', 'alyabra.vargas', 'e.jojusalo', 'chrispvnofficial', 'xiaode', 'hewutanyuan', 'campamarin', 'martin.gutierrez', 'songy', 'bellmanz', 'soddy1996', 'clara.landesa', 'sylim1', 'qumo4329', 'daviland97', 'zhang.jiayu', 'juanjotromp', 'alyabra.alejandro', 'hariprasanna', 'adec', 'ch2922', 'wang.yaoz', 'bulganb28', 'ludoba2912', 'sotmas', 'lauragdevesa', 'joeanszxc', 'albertortepin', 'luisgfloreslarrea', 'zihang']"
1,24,281,14,13,"['niravsurajlal', 'brunolopez', 'xxxxiaofan', 'ottoridemar', 'junwen', 'sotmas', 'haominl1997', 'thackettt', 'nivedaksubramanian', 'henglund', 'chenxiwang', 'hariprasanna', 'shikhararvind']",268,"['anderson.bi', 'wangjianed_1992', 'manuel10suarez10', 'ryu.j', 'chenre', 'ralfli', 'miri23', 'dariogarred', 'juansans98', 'lianyi96', 'lluissanuy', 'antoinelegare', 'e.fisicahamza', 'thunaung', 'lidiadom', 'christsun', 'miguel_fernandez', 'elena.j.g', 'xxy0501', 'andreasorroche', 'andrea.mendez', 'danielfdezcalo', 'pablosempredepor97', 'akamsali', 'alecorti.pardo', 'xhan009', 'gonzalogbb', 'aidan.rooney17', 'mihai.pislaru.fisica', 'stgermain.b', 'claudia.puga', 'fran.mosquera.pena', 'pablojosecalvo', 'michaelcameronmcdonald', 'hdelatorre3524', 'tonybocadillosgrandes', 'e0427406', 'fernando_ibarra', 'uxiavelca', 'jinfengleong', 'shizhan.flood', 'guyu', 'pablosande98', 'wtq77', 'marniesan', 'watashi.legion', 'xiaolei', 'savardbastien', 'alexsanchezcast', 'pablocrespo11', 'julioug1', 'pmvd95', 'melonlzheng', 'pedrobeko98', 'xoangon', 'sebastianvromero', 'samuelfl', 'elviracastillo', 'sohamsawant912', 'elmanguito', 'iagopardo97', 'roberto.nava', 'bgutierrez', 'noxis986', 'shihhaotsai', 'aledes', 'rysw5590', 'enriquevaliente17', 'pablo.garcia.bas', 'j.guedegar', 'jameslin', 'comeseetake', 'isafdez', 'alicia.mosq', 'mmartinezsanchez', 'edgarmtz', 'chema', 'guoxg46', 'tergel1999', '2015soham.sawant', 'danidrivas98', 'rayoaki7', 'nuriatellado', 'anar4331', 'caetano.eirea', 'bingshengliu', 'uutty2010', 'zhs002', 'dyoh5119', 'e.ivanlopgar1997', 'jiaqi.guoguo', 'albertoccz', 'angelaturnes', 'iagomoscer', 'esteban.figueroa', 'manucro10', 'luisbarrios', 'martin32', 'salamghgh20', 'gbatzorig268', 'valeriamg', 'savas', 'alex_varela_17', 'pablomd', 'hit.kamble', 'austinz', 'chenxi', 'arturocastro94', 'amirbadshah224', 'gmedina', 'dariogarciaredecillas', 'melissa5', 'francisxavgr', 'martinzapatamartinez', 'chwi7664', 'paula.bolboreta', 'juanariza', 'miguelpinocarmona', 'japrz', 'fabiola.santos', 'lucamonduzzi96', 'ivan1', 'isaac.dominguez4444', 'elisa.vicenteei', 'mgupta15', 'cmoadne', 'anselmoantorcha', 'simoncarloscartamil', 'wanghb', 'berzasnon', 'joannesy', 'praveens013', 'e.lucasnavarrog', 'nuriamj', 'kong2020', 'facundobonfiglio', 'jbalderasfernandez', 'laurenp', 'rakki.datta', 'antonionito1993', 'carterkirkendoll', 'yzarni89', 'anamconrado', 'carlosbesadaromero', 'sergiogrcsnchz', 'xoanmayo', 'policon', 'zewei', 'a997154508', 'foojorge', 'fofi94', 'victortorressuch', 'cristinacostas', 'jdanivc', 'aliraza2013ee360', 'emixose', 'choikj', 'david.garrido', 'fabiolajsanlop', 'juancarlosroutrera', 'costasdiego97', 'dulguun_021', 'paula.mourino', 'liuman961021', 'jerome.alag', 'alejandromo1610', 'p.suarez97', 'isaferjim', 'mariamfontan', 'cxiuqi1', 'mihaipx', 'abdulhaiyum.f', 'alsyaari', 'davidga568', 'jgm2096', 'isaac.carrillo', 'aloptor', 'jaimedmj', 'kennyxsy', 'dang.e', 'h_elmenier', 'prra6646', 'pedrogea08', 'lluisgonzaga96', 'limengyuanli66', 'yuxian123', 'zhaoyu960207', 'sstty7', 'guojunxiong25', 'zakizhou', 'mari.paucom', 'yingxue58', 'danidm', 'justinegiroux', 'exareivaj', 'brendaorea15', 'jesslyn', 'sangkyu.sun', 'miguellopezcardenas98', 'maurobn98', 'myez', 'floren_ff', 'agarviespi', 'cytuslll1997', 'leoncc', 'plmolina4', 'rubenortega', 'sergiocalo.barranha', 'clarahernandez05f', 'feijoomartina', 'mordor', 'andrei.luneow01031999', 'chenyue', 'gkkk6', 'juanjoseo', '9.genest.gabriel', 'qwe', 'dalder', 'al16do06', 'gonzavt15', 'blasern', 'ero15953', '836054323_wj', 'ergobe3', 'miaocx714', 'elmu6301', 'veronica.castro', 'pablolopezexposito', 'albertoangulo', 'antonio98y', 'ionemanuelmoralesrosales', 'dja19951995', 'marinabm', 'clarachapela10', 'ejg98', 'ee5502', 'alyabra', 'albacosta', 'hamza32amar', 'essheh', 'iagomillanentenza', 'wmy', 'alyabra.vargas', 'e.jojusalo', 'chrispvnofficial', 'xiaode', 'hewutanyuan', 'campamarin', 'martin.gutierrez', 'songy', 'bellmanz', 'soddy1996', 'clara.landesa', 'sylim1', 'qumo4329', 'zhang.jiayu', 'juanjotromp', 'alyabra.alejandro', 'adec', 'ch2922', 'wang.yaoz', 'bulganb28', 'ludoba2912', 'lauragdevesa', 'joeanszxc', 'albertortepin', 'luisgfloreslarrea', 'zihang']",1,[None],282,"['anderson.bi', 'wangjianed_1992', 'manuel10suarez10', 'ryu.j', 'chenre', 'ralfli', 'miri23', 'dariogarred', 'juansans98', 'lianyi96', 'lluissanuy', 'antoinelegare', 'e.fisicahamza', 'thunaung', 'lidiadom', 'christsun', 'miguel_fernandez', 'elena.j.g', 'xxy0501', 'andreasorroche', 'andrea.mendez', 'danielfdezcalo', 'pablosempredepor97', 'akamsali', 'alecorti.pardo', 'xhan009', 'xxxxiaofan', 'gonzalogbb', 'aidan.rooney17', 'mihai.pislaru.fisica', 'stgermain.b', 'claudia.puga', 'fran.mosquera.pena', 'pablojosecalvo', 'michaelcameronmcdonald', 'hdelatorre3524', 'tonybocadillosgrandes', 'e0427406', 'fernando_ibarra', 'shikhararvind', 'uxiavelca', 'jinfengleong', 'shizhan.flood', 'guyu', 'niravsurajlal', 'pablosande98', 'wtq77', 'marniesan', 'watashi.legion', 'xiaolei', 'savardbastien', 'alexsanchezcast', 'pablocrespo11', 'brunolopez', 'julioug1', 'pmvd95', 'melonlzheng', 'pedrobeko98', 'xoangon', 'henglund', 'sebastianvromero', 'samuelfl', 'elviracastillo', 'sohamsawant912', 'elmanguito', 'iagopardo97', 'roberto.nava', 'bgutierrez', 'noxis986', None, 'shihhaotsai', 'aledes', 'rysw5590', 'enriquevaliente17', 'pablo.garcia.bas', 'j.guedegar', 'jameslin', 'comeseetake', 'isafdez', 'alicia.mosq', 'mmartinezsanchez', 'edgarmtz', 'chema', 'guoxg46', 'tergel1999', '2015soham.sawant', 'danidrivas98', 'rayoaki7', 'nuriatellado', 'anar4331', 'caetano.eirea', 'bingshengliu', 'uutty2010', 'zhs002', 'dyoh5119', 'e.ivanlopgar1997', 'jiaqi.guoguo', 'nivedaksubramanian', 'albertoccz', 'angelaturnes', 'iagomoscer', 'esteban.figueroa', 'chenxiwang', 'manucro10', 'luisbarrios', 'martin32', 'salamghgh20', 'gbatzorig268', 'valeriamg', 'savas', 'alex_varela_17', 'thackettt', 'pablomd', 'hit.kamble', 'austinz', 'chenxi', 'arturocastro94', 'amirbadshah224', 'gmedina', 'dariogarciaredecillas', 'melissa5', 'francisxavgr', 'martinzapatamartinez', 'chwi7664', 'paula.bolboreta', 'juanariza', 'miguelpinocarmona', 'japrz', 'fabiola.santos', 'lucamonduzzi96', 'ivan1', 'isaac.dominguez4444', 'elisa.vicenteei', 'mgupta15', 'cmoadne', 'anselmoantorcha', 'simoncarloscartamil', 'wanghb', 'berzasnon', 'joannesy', 'praveens013', 'e.lucasnavarrog', 'nuriamj', 'kong2020', 'facundobonfiglio', 'jbalderasfernandez', 'laurenp', 'rakki.datta', 'ottoridemar', 'antonionito1993', 'carterkirkendoll', 'yzarni89', 'anamconrado', 'carlosbesadaromero', 'sergiogrcsnchz', 'xoanmayo', 'policon', 'zewei', 'a997154508', 'foojorge', 'junwen', 'fofi94', 'victortorressuch', 'cristinacostas', 'jdanivc', 'aliraza2013ee360', 'emixose', 'choikj', 'david.garrido', 'fabiolajsanlop', 'juancarlosroutrera', 'costasdiego97', 'dulguun_021', 'paula.mourino', 'liuman961021', 'jerome.alag', 'alejandromo1610', 'p.suarez97', 'isaferjim', 'mariamfontan', 'cxiuqi1', 'mihaipx', 'abdulhaiyum.f', 'alsyaari', 'davidga568', 'jgm2096', 'isaac.carrillo', 'aloptor', 'jaimedmj', 'kennyxsy', 'haominl1997', 'dang.e', 'h_elmenier', 'prra6646', 'pedrogea08', 'lluisgonzaga96', 'limengyuanli66', 'yuxian123', 'zhaoyu960207', 'sstty7', 'guojunxiong25', 'zakizhou', 'mari.paucom', 'yingxue58', 'danidm', 'justinegiroux', 'exareivaj', 'brendaorea15', 'jesslyn', 'sangkyu.sun', 'miguellopezcardenas98', 'maurobn98', 'myez', 'floren_ff', 'agarviespi', 'cytuslll1997', 'leoncc', 'plmolina4', 'rubenortega', 'sergiocalo.barranha', 'clarahernandez05f', 'feijoomartina', 'mordor', 'andrei.luneow01031999', 'chenyue', 'gkkk6', 'juanjoseo', '9.genest.gabriel', 'qwe', 'dalder', 'al16do06', 'gonzavt15', 'blasern', 'ero15953', '836054323_wj', 'ergobe3', 'miaocx714', 'elmu6301', 'veronica.castro', 'pablolopezexposito', 'albertoangulo', 'antonio98y', 'ionemanuelmoralesrosales', 'dja19951995', 'marinabm', 'clarachapela10', 'ejg98', 'ee5502', 'alyabra', 'albacosta', 'hamza32amar', 'essheh', 'iagomillanentenza', 'wmy', 'alyabra.vargas', 'e.jojusalo', 'chrispvnofficial', 'xiaode', 'hewutanyuan', 'campamarin', 'martin.gutierrez', 'songy', 'bellmanz', 'soddy1996', 'clara.landesa', 'sylim1', 'qumo4329', 'zhang.jiayu', 'juanjotromp', 'alyabra.alejandro', 'hariprasanna', 'adec', 'ch2922', 'wang.yaoz', 'bulganb28', 'ludoba2912', 'sotmas', 'lauragdevesa', 'joeanszxc', 'albertortepin', 'luisgfloreslarrea', 'zihang']"
1,39,281,14,12,"['berzasnon', 'paula.bolboreta', 'juanjoseo', 'uxiavelca', 'foojorge', 'ivan1', 'isaac.dominguez4444', 'iagomillanentenza', 'juansans98', 'caetano.eirea', 'noxis986', 'sebastianvromero']",269,"['anderson.bi', 'wangjianed_1992', 'manuel10suarez10', 'ryu.j', 'chenre', 'ralfli', 'miri23', 'dariogarred', 'lianyi96', 'lluissanuy', 'antoinelegare', 'e.fisicahamza', 'thunaung', 'lidiadom', 'christsun', 'miguel_fernandez', 'elena.j.g', 'xxy0501', 'andreasorroche', 'andrea.mendez', 'danielfdezcalo', 'pablosempredepor97', 'akamsali', 'alecorti.pardo', 'xhan009', 'xxxxiaofan', 'gonzalogbb', 'aidan.rooney17', 'mihai.pislaru.fisica', 'stgermain.b', 'claudia.puga', 'fran.mosquera.pena', 'pablojosecalvo', 'michaelcameronmcdonald', 'hdelatorre3524', 'tonybocadillosgrandes', 'e0427406', 'fernando_ibarra', 'shikhararvind', 'jinfengleong', 'shizhan.flood', 'guyu', 'niravsurajlal', 'pablosande98', 'wtq77', 'marniesan', 'watashi.legion', 'xiaolei', 'savardbastien', 'alexsanchezcast', 'pablocrespo11', 'brunolopez', 'julioug1', 'pmvd95', 'melonlzheng', 'pedrobeko98', 'xoangon', 'henglund', 'samuelfl', 'elviracastillo', 'sohamsawant912', 'elmanguito', 'iagopardo97', 'roberto.nava', 'bgutierrez', 'shihhaotsai', 'aledes', 'rysw5590', 'enriquevaliente17', 'pablo.garcia.bas', 'j.guedegar', 'jameslin', 'comeseetake', 'isafdez', 'alicia.mosq', 'mmartinezsanchez', 'edgarmtz', 'chema', 'guoxg46', 'tergel1999', '2015soham.sawant', 'danidrivas98', 'rayoaki7', 'nuriatellado', 'anar4331', 'bingshengliu', 'uutty2010', 'zhs002', 'dyoh5119', 'e.ivanlopgar1997', 'jiaqi.guoguo', 'nivedaksubramanian', 'albertoccz', 'angelaturnes', 'iagomoscer', 'esteban.figueroa', 'chenxiwang', 'manucro10', 'luisbarrios', 'martin32', 'salamghgh20', 'gbatzorig268', 'valeriamg', 'savas', 'alex_varela_17', 'thackettt', 'pablomd', 'hit.kamble', 'austinz', 'chenxi', 'arturocastro94', 'amirbadshah224', 'gmedina', 'dariogarciaredecillas', 'melissa5', 'francisxavgr', 'martinzapatamartinez', 'chwi7664', 'juanariza', 'miguelpinocarmona', 'japrz', 'fabiola.santos', 'lucamonduzzi96', 'elisa.vicenteei', 'mgupta15', 'cmoadne', 'anselmoantorcha', 'simoncarloscartamil', 'wanghb', 'joannesy', 'praveens013', 'e.lucasnavarrog', 'nuriamj', 'kong2020', 'facundobonfiglio', 'jbalderasfernandez', 'laurenp', 'rakki.datta', 'ottoridemar', 'antonionito1993', 'carterkirkendoll', 'yzarni89', 'anamconrado', 'carlosbesadaromero', 'sergiogrcsnchz', 'xoanmayo', 'policon', 'zewei', 'a997154508', 'junwen', 'fofi94', 'victortorressuch', 'cristinacostas', 'jdanivc', 'aliraza2013ee360', 'emixose', 'choikj', 'david.garrido', 'fabiolajsanlop', 'juancarlosroutrera', 'costasdiego97', 'dulguun_021', 'paula.mourino', 'liuman961021', 'jerome.alag', 'alejandromo1610', 'p.suarez97', 'isaferjim', 'mariamfontan', 'cxiuqi1', 'mihaipx', 'abdulhaiyum.f', 'alsyaari', 'davidga568', 'jgm2096', 'isaac.carrillo', 'aloptor', 'jaimedmj', 'kennyxsy', 'haominl1997', 'dang.e', 'h_elmenier', 'prra6646', 'pedrogea08', 'lluisgonzaga96', 'limengyuanli66', 'yuxian123', 'zhaoyu960207', 'sstty7', 'guojunxiong25', 'zakizhou', 'mari.paucom', 'yingxue58', 'danidm', 'justinegiroux', 'exareivaj', 'brendaorea15', 'jesslyn', 'sangkyu.sun', 'miguellopezcardenas98', 'maurobn98', 'myez', 'floren_ff', 'agarviespi', 'cytuslll1997', 'leoncc', 'plmolina4', 'rubenortega', 'sergiocalo.barranha', 'clarahernandez05f', 'feijoomartina', 'mordor', 'andrei.luneow01031999', 'chenyue', 'gkkk6', '9.genest.gabriel', 'qwe', 'dalder', 'al16do06', 'gonzavt15', 'blasern', 'ero15953', '836054323_wj', 'ergobe3', 'miaocx714', 'elmu6301', 'veronica.castro', 'pablolopezexposito', 'albertoangulo', 'antonio98y', 'ionemanuelmoralesrosales', 'dja19951995', 'marinabm', 'clarachapela10', 'ejg98', 'ee5502', 'alyabra', 'albacosta', 'hamza32amar', 'essheh', 'wmy', 'alyabra.vargas', 'e.jojusalo', 'chrispvnofficial', 'xiaode', 'hewutanyuan', 'campamarin', 'martin.gutierrez', 'songy', 'bellmanz', 'soddy1996', 'clara.landesa', 'sylim1', 'qumo4329', 'zhang.jiayu', 'juanjotromp', 'alyabra.alejandro', 'hariprasanna', 'adec', 'ch2922', 'wang.yaoz', 'bulganb28', 'ludoba2912', 'sotmas', 'lauragdevesa', 'joeanszxc', 'albertortepin', 'luisgfloreslarrea', 'zihang']",2,"['jesusgiraldez', None]",283,"['anderson.bi', 'wangjianed_1992', 'manuel10suarez10', 'ryu.j', 'chenre', 'ralfli', 'miri23', 'dariogarred', 'juansans98', 'lianyi96', 'lluissanuy', 'antoinelegare', 'e.fisicahamza', 'thunaung', 'lidiadom', 'christsun', 'miguel_fernandez', 'elena.j.g', 'xxy0501', 'andreasorroche', 'andrea.mendez', 'danielfdezcalo', 'pablosempredepor97', 'akamsali', 'alecorti.pardo', 'xhan009', 'xxxxiaofan', 'gonzalogbb', 'aidan.rooney17', 'mihai.pislaru.fisica', 'stgermain.b', 'claudia.puga', 'fran.mosquera.pena', 'pablojosecalvo', 'michaelcameronmcdonald', 'hdelatorre3524', 'tonybocadillosgrandes', 'e0427406', 'fernando_ibarra', 'shikhararvind', 'uxiavelca', 'jinfengleong', 'shizhan.flood', 'guyu', 'niravsurajlal', 'pablosande98', 'wtq77', 'marniesan', 'watashi.legion', 'xiaolei', 'savardbastien', 'alexsanchezcast', 'pablocrespo11', 'brunolopez', 'julioug1', 'pmvd95', 'melonlzheng', 'pedrobeko98', 'xoangon', 'henglund', 'sebastianvromero', 'samuelfl', 'elviracastillo', 'sohamsawant912', 'elmanguito', 'iagopardo97', 'roberto.nava', 'bgutierrez', 'noxis986', None, 'shihhaotsai', 'aledes', 'rysw5590', 'enriquevaliente17', 'pablo.garcia.bas', 'j.guedegar', 'jameslin', 'comeseetake', 'isafdez', 'alicia.mosq', 'mmartinezsanchez', 'edgarmtz', 'chema', 'guoxg46', 'tergel1999', '2015soham.sawant', 'danidrivas98', 'rayoaki7', 'nuriatellado', 'anar4331', 'jesusgiraldez', 'caetano.eirea', 'bingshengliu', 'uutty2010', 'zhs002', 'dyoh5119', 'e.ivanlopgar1997', 'jiaqi.guoguo', 'nivedaksubramanian', 'albertoccz', 'angelaturnes', 'iagomoscer', 'esteban.figueroa', 'chenxiwang', 'manucro10', 'luisbarrios', 'martin32', 'salamghgh20', 'gbatzorig268', 'valeriamg', 'savas', 'alex_varela_17', 'thackettt', 'pablomd', 'hit.kamble', 'austinz', 'chenxi', 'arturocastro94', 'amirbadshah224', 'gmedina', 'dariogarciaredecillas', 'melissa5', 'francisxavgr', 'martinzapatamartinez', 'chwi7664', 'paula.bolboreta', 'juanariza', 'miguelpinocarmona', 'japrz', 'fabiola.santos', 'lucamonduzzi96', 'ivan1', 'isaac.dominguez4444', 'elisa.vicenteei', 'mgupta15', 'cmoadne', 'anselmoantorcha', 'simoncarloscartamil', 'wanghb', 'berzasnon', 'joannesy', 'praveens013', 'e.lucasnavarrog', 'nuriamj', 'kong2020', 'facundobonfiglio', 'jbalderasfernandez', 'laurenp', 'rakki.datta', 'ottoridemar', 'antonionito1993', 'carterkirkendoll', 'yzarni89', 'anamconrado', 'carlosbesadaromero', 'sergiogrcsnchz', 'xoanmayo', 'policon', 'zewei', 'a997154508', 'foojorge', 'junwen', 'fofi94', 'victortorressuch', 'cristinacostas', 'jdanivc', 'aliraza2013ee360', 'emixose', 'choikj', 'david.garrido', 'fabiolajsanlop', 'juancarlosroutrera', 'costasdiego97', 'dulguun_021', 'paula.mourino', 'liuman961021', 'jerome.alag', 'alejandromo1610', 'p.suarez97', 'isaferjim', 'mariamfontan', 'cxiuqi1', 'mihaipx', 'abdulhaiyum.f', 'alsyaari', 'davidga568', 'jgm2096', 'isaac.carrillo', 'aloptor', 'jaimedmj', 'kennyxsy', 'haominl1997', 'dang.e', 'h_elmenier', 'prra6646', 'pedrogea08', 'lluisgonzaga96', 'limengyuanli66', 'yuxian123', 'zhaoyu960207', 'sstty7', 'guojunxiong25', 'zakizhou', 'mari.paucom', 'yingxue58', 'danidm', 'justinegiroux', 'exareivaj', 'brendaorea15', 'jesslyn', 'sangkyu.sun', 'miguellopezcardenas98', 'maurobn98', 'myez', 'floren_ff', 'agarviespi', 'cytuslll1997', 'leoncc', 'plmolina4', 'rubenortega', 'sergiocalo.barranha', 'clarahernandez05f', 'feijoomartina', 'mordor', 'andrei.luneow01031999', 'chenyue', 'gkkk6', 'juanjoseo', '9.genest.gabriel', 'qwe', 'dalder', 'al16do06', 'gonzavt15', 'blasern', 'ero15953', '836054323_wj', 'ergobe3', 'miaocx714', 'elmu6301', 'veronica.castro', 'pablolopezexposito', 'albertoangulo', 'antonio98y', 'ionemanuelmoralesrosales', 'dja19951995', 'marinabm', 'clarachapela10', 'ejg98', 'ee5502', 'alyabra', 'albacosta', 'hamza32amar', 'essheh', 'iagomillanentenza', 'wmy', 'alyabra.vargas', 'e.jojusalo', 'chrispvnofficial', 'xiaode', 'hewutanyuan', 'campamarin', 'martin.gutierrez', 'songy', 'bellmanz', 'soddy1996', 'clara.landesa', 'sylim1', 'qumo4329', 'zhang.jiayu', 'juanjotromp', 'alyabra.alejandro', 'hariprasanna', 'adec', 'ch2922', 'wang.yaoz', 'bulganb28', 'ludoba2912', 'sotmas', 'lauragdevesa', 'joeanszxc', 'albertortepin', 'luisgfloreslarrea', 'zihang']"
1,357,281,14,7,"['juanjoseo', 'uxiavelca', 'foojorge', 'isaac.dominguez4444', 'iagomillanentenza', 'juansans98', 'noxis986']",274,"['anderson.bi', 'wangjianed_1992', 'manuel10suarez10', 'ryu.j', 'chenre', 'ralfli', 'miri23', 'dariogarred', 'lianyi96', 'lluissanuy', 'antoinelegare', 'e.fisicahamza', 'thunaung', 'lidiadom', 'christsun', 'miguel_fernandez', 'elena.j.g', 'xxy0501', 'andreasorroche', 'andrea.mendez', 'danielfdezcalo', 'pablosempredepor97', 'akamsali', 'alecorti.pardo', 'xhan009', 'xxxxiaofan', 'gonzalogbb', 'aidan.rooney17', 'mihai.pislaru.fisica', 'stgermain.b', 'claudia.puga', 'fran.mosquera.pena', 'pablojosecalvo', 'michaelcameronmcdonald', 'hdelatorre3524', 'tonybocadillosgrandes', 'e0427406', 'fernando_ibarra', 'shikhararvind', 'jinfengleong', 'shizhan.flood', 'guyu', 'niravsurajlal', 'pablosande98', 'wtq77', 'marniesan', 'watashi.legion', 'xiaolei', 'savardbastien', 'alexsanchezcast', 'pablocrespo11', 'brunolopez', 'julioug1', 'pmvd95', 'melonlzheng', 'pedrobeko98', 'xoangon', 'henglund', 'sebastianvromero', 'samuelfl', 'elviracastillo', 'sohamsawant912', 'elmanguito', 'iagopardo97', 'roberto.nava', 'bgutierrez', 'shihhaotsai', 'aledes', 'rysw5590', 'enriquevaliente17', 'pablo.garcia.bas', 'j.guedegar', 'jameslin', 'comeseetake', 'isafdez', 'alicia.mosq', 'mmartinezsanchez', 'edgarmtz', 'chema', 'guoxg46', 'tergel1999', '2015soham.sawant', 'danidrivas98', 'rayoaki7', 'nuriatellado', 'anar4331', 'caetano.eirea', 'bingshengliu', 'uutty2010', 'zhs002', 'dyoh5119', 'e.ivanlopgar1997', 'jiaqi.guoguo', 'nivedaksubramanian', 'albertoccz', 'angelaturnes', 'iagomoscer', 'esteban.figueroa', 'chenxiwang', 'manucro10', 'luisbarrios', 'martin32', 'salamghgh20', 'gbatzorig268', 'valeriamg', 'savas', 'alex_varela_17', 'thackettt', 'pablomd', 'hit.kamble', 'austinz', 'chenxi', 'arturocastro94', 'amirbadshah224', 'gmedina', 'dariogarciaredecillas', 'melissa5', 'francisxavgr', 'martinzapatamartinez', 'chwi7664', 'paula.bolboreta', 'juanariza', 'miguelpinocarmona', 'japrz', 'fabiola.santos', 'lucamonduzzi96', 'ivan1', 'elisa.vicenteei', 'mgupta15', 'cmoadne', 'anselmoantorcha', 'simoncarloscartamil', 'wanghb', 'berzasnon', 'joannesy', 'praveens013', 'e.lucasnavarrog', 'nuriamj', 'kong2020', 'facundobonfiglio', 'jbalderasfernandez', 'laurenp', 'rakki.datta', 'ottoridemar', 'antonionito1993', 'carterkirkendoll', 'yzarni89', 'anamconrado', 'carlosbesadaromero', 'sergiogrcsnchz', 'xoanmayo', 'policon', 'zewei', 'a997154508', 'junwen', 'fofi94', 'victortorressuch', 'cristinacostas', 'jdanivc', 'aliraza2013ee360', 'emixose', 'choikj', 'david.garrido', 'fabiolajsanlop', 'juancarlosroutrera', 'costasdiego97', 'dulguun_021', 'paula.mourino', 'liuman961021', 'jerome.alag', 'alejandromo1610', 'p.suarez97', 'isaferjim', 'mariamfontan', 'cxiuqi1', 'mihaipx', 'abdulhaiyum.f', 'alsyaari', 'davidga568', 'jgm2096', 'isaac.carrillo', 'aloptor', 'jaimedmj', 'kennyxsy', 'haominl1997', 'dang.e', 'h_elmenier', 'prra6646', 'pedrogea08', 'lluisgonzaga96', 'limengyuanli66', 'yuxian123', 'zhaoyu960207', 'sstty7', 'guojunxiong25', 'zakizhou', 'mari.paucom', 'yingxue58', 'danidm', 'justinegiroux', 'exareivaj', 'brendaorea15', 'jesslyn', 'sangkyu.sun', 'miguellopezcardenas98', 'maurobn98', 'myez', 'floren_ff', 'agarviespi', 'cytuslll1997', 'leoncc', 'plmolina4', 'rubenortega', 'sergiocalo.barranha', 'clarahernandez05f', 'feijoomartina', 'mordor', 'andrei.luneow01031999', 'chenyue', 'gkkk6', '9.genest.gabriel', 'qwe', 'dalder', 'al16do06', 'gonzavt15', 'blasern', 'ero15953', '836054323_wj', 'ergobe3', 'miaocx714', 'elmu6301', 'veronica.castro', 'pablolopezexposito', 'albertoangulo', 'antonio98y', 'ionemanuelmoralesrosales', 'dja19951995', 'marinabm', 'clarachapela10', 'ejg98', 'ee5502', 'alyabra', 'albacosta', 'hamza32amar', 'essheh', 'wmy', 'alyabra.vargas', 'e.jojusalo', 'chrispvnofficial', 'xiaode', 'hewutanyuan', 'campamarin', 'martin.gutierrez', 'songy', 'bellmanz', 'soddy1996', 'clara.landesa', 'sylim1', 'qumo4329', 'zhang.jiayu', 'juanjotromp', 'alyabra.alejandro', 'hariprasanna', 'adec', 'ch2922', 'wang.yaoz', 'bulganb28', 'ludoba2912', 'sotmas', 'lauragdevesa', 'joeanszxc', 'albertortepin', 'luisgfloreslarrea', 'zihang']",7,"['danielcondetorres', 'andreagcoto', 'albertosanchezberti', 'jesusgiraldez', 'xie2', None, 'fsuarez']",288,"['anderson.bi', 'wangjianed_1992', 'manuel10suarez10', 'ryu.j', 'chenre', 'ralfli', 'miri23', 'dariogarred', 'juansans98', 'lianyi96', 'lluissanuy', 'antoinelegare', 'e.fisicahamza', 'thunaung', 'lidiadom', 'christsun', 'miguel_fernandez', 'elena.j.g', 'xxy0501', 'andreasorroche', 'andrea.mendez', 'danielfdezcalo', 'pablosempredepor97', 'akamsali', 'alecorti.pardo', 'xhan009', 'xxxxiaofan', 'gonzalogbb', 'aidan.rooney17', 'mihai.pislaru.fisica', 'stgermain.b', 'claudia.puga', 'fran.mosquera.pena', 'pablojosecalvo', 'michaelcameronmcdonald', 'hdelatorre3524', 'tonybocadillosgrandes', 'e0427406', 'fernando_ibarra', 'shikhararvind', 'fsuarez', 'uxiavelca', 'jinfengleong', 'shizhan.flood', 'guyu', 'niravsurajlal', 'pablosande98', 'wtq77', 'marniesan', 'watashi.legion', 'xiaolei', 'savardbastien', 'alexsanchezcast', 'albertosanchezberti', 'pablocrespo11', 'brunolopez', 'julioug1', 'pmvd95', 'melonlzheng', 'pedrobeko98', 'xoangon', 'henglund', 'sebastianvromero', 'samuelfl', 'elviracastillo', 'sohamsawant912', 'elmanguito', 'iagopardo97', 'roberto.nava', 'bgutierrez', 'noxis986', None, 'shihhaotsai', 'aledes', 'rysw5590', 'enriquevaliente17', 'pablo.garcia.bas', 'j.guedegar', 'jameslin', 'comeseetake', 'isafdez', 'alicia.mosq', 'mmartinezsanchez', 'edgarmtz', 'chema', 'guoxg46', 'tergel1999', '2015soham.sawant', 'danidrivas98', 'rayoaki7', 'nuriatellado', 'anar4331', 'jesusgiraldez', 'caetano.eirea', 'bingshengliu', 'uutty2010', 'zhs002', 'dyoh5119', 'e.ivanlopgar1997', 'jiaqi.guoguo', 'nivedaksubramanian', 'albertoccz', 'angelaturnes', 'iagomoscer', 'esteban.figueroa', 'chenxiwang', 'manucro10', 'luisbarrios', 'martin32', 'salamghgh20', 'gbatzorig268', 'valeriamg', 'savas', 'alex_varela_17', 'thackettt', 'pablomd', 'hit.kamble', 'austinz', 'chenxi', 'arturocastro94', 'andreagcoto', 'amirbadshah224', 'gmedina', 'dariogarciaredecillas', 'melissa5', 'francisxavgr', 'martinzapatamartinez', 'chwi7664', 'paula.bolboreta', 'juanariza', 'miguelpinocarmona', 'japrz', 'fabiola.santos', 'lucamonduzzi96', 'ivan1', 'isaac.dominguez4444', 'elisa.vicenteei', 'mgupta15', 'cmoadne', 'anselmoantorcha', 'simoncarloscartamil', 'wanghb', 'berzasnon', 'joannesy', 'praveens013', 'e.lucasnavarrog', 'nuriamj', 'kong2020', 'facundobonfiglio', 'jbalderasfernandez', 'laurenp', 'rakki.datta', 'ottoridemar', 'antonionito1993', 'carterkirkendoll', 'yzarni89', 'anamconrado', 'carlosbesadaromero', 'sergiogrcsnchz', 'xoanmayo', 'policon', 'zewei', 'a997154508', 'foojorge', 'junwen', 'fofi94', 'victortorressuch', 'cristinacostas', 'jdanivc', 'aliraza2013ee360', 'emixose', 'choikj', 'david.garrido', 'fabiolajsanlop', 'juancarlosroutrera', 'costasdiego97', 'dulguun_021', 'paula.mourino', 'liuman961021', 'jerome.alag', 'alejandromo1610', 'p.suarez97', 'isaferjim', 'mariamfontan', 'cxiuqi1', 'mihaipx', 'abdulhaiyum.f', 'alsyaari', 'davidga568', 'jgm2096', 'isaac.carrillo', 'xie2', 'aloptor', 'jaimedmj', 'kennyxsy', 'haominl1997', 'dang.e', 'h_elmenier', 'prra6646', 'pedrogea08', 'lluisgonzaga96', 'limengyuanli66', 'yuxian123', 'zhaoyu960207', 'sstty7', 'guojunxiong25', 'zakizhou', 'mari.paucom', 'yingxue58', 'danidm', 'justinegiroux', 'exareivaj', 'brendaorea15', 'jesslyn', 'sangkyu.sun', 'miguellopezcardenas98', 'maurobn98', 'myez', 'floren_ff', 'agarviespi', 'cytuslll1997', 'leoncc', 'plmolina4', 'rubenortega', 'sergiocalo.barranha', 'clarahernandez05f', 'feijoomartina', 'danielcondetorres', 'mordor', 'andrei.luneow01031999', 'chenyue', 'gkkk6', 'juanjoseo', '9.genest.gabriel', 'qwe', 'dalder', 'al16do06', 'gonzavt15', 'blasern', 'ero15953', '836054323_wj', 'ergobe3', 'miaocx714', 'elmu6301', 'veronica.castro', 'pablolopezexposito', 'albertoangulo', 'antonio98y', 'ionemanuelmoralesrosales', 'dja19951995', 'marinabm', 'clarachapela10', 'ejg98', 'ee5502', 'alyabra', 'albacosta', 'hamza32amar', 'essheh', 'iagomillanentenza', 'wmy', 'alyabra.vargas', 'e.jojusalo', 'chrispvnofficial', 'xiaode', 'hewutanyuan', 'campamarin', 'martin.gutierrez', 'songy', 'bellmanz', 'soddy1996', 'clara.landesa', 'sylim1', 'qumo4329', 'zhang.jiayu', 'juanjotromp', 'alyabra.alejandro', 'hariprasanna', 'adec', 'ch2922', 'wang.yaoz', 'bulganb28', 'ludoba2912', 'sotmas', 'lauragdevesa', 'joeanszxc', 'albertortepin', 'luisgfloreslarrea', 'zihang']"
1,20,281,12,11,"['niravsurajlal', 'brunolopez', 'xxxxiaofan', 'ottoridemar', 'junwen', 'sotmas', 'haominl1997', 'thackettt', 'xxy0501', 'chenxiwang', 'hariprasanna']",270,"['anderson.bi', 'wangjianed_1992', 'manuel10suarez10', 'ryu.j', 'chenre', 'ralfli', 'miri23', 'dariogarred', 'juansans98', 'lianyi96', 'lluissanuy', 'antoinelegare', 'e.fisicahamza', 'thunaung', 'lidiadom', 'christsun', 'miguel_fernandez', 'elena.j.g', 'andreasorroche', 'andrea.mendez', 'danielfdezcalo', 'pablosempredepor97', 'akamsali', 'alecorti.pardo', 'xhan009', 'gonzalogbb', 'aidan.rooney17', 'mihai.pislaru.fisica', 'stgermain.b', 'claudia.puga', 'fran.mosquera.pena', 'pablojosecalvo', 'michaelcameronmcdonald', 'hdelatorre3524', 'tonybocadillosgrandes', 'e0427406', 'fernando_ibarra', 'shikhararvind', 'uxiavelca', 'jinfengleong', 'shizhan.flood', 'guyu', 'pablosande98', 'wtq77', 'marniesan', 'watashi.legion', 'xiaolei', 'savardbastien', 'alexsanchezcast', 'pablocrespo11', 'julioug1', 'pmvd95', 'melonlzheng', 'pedrobeko98', 'xoangon', 'henglund', 'sebastianvromero', 'samuelfl', 'elviracastillo', 'sohamsawant912', 'elmanguito', 'iagopardo97', 'roberto.nava', 'bgutierrez', 'noxis986', 'shihhaotsai', 'aledes', 'rysw5590', 'enriquevaliente17', 'pablo.garcia.bas', 'j.guedegar', 'jameslin', 'comeseetake', 'isafdez', 'alicia.mosq', 'mmartinezsanchez', 'edgarmtz', 'chema', 'guoxg46', 'tergel1999', '2015soham.sawant', 'danidrivas98', 'rayoaki7', 'nuriatellado', 'anar4331', 'caetano.eirea', 'bingshengliu', 'uutty2010', 'zhs002', 'dyoh5119', 'e.ivanlopgar1997', 'jiaqi.guoguo', 'nivedaksubramanian', 'albertoccz', 'angelaturnes', 'iagomoscer', 'esteban.figueroa', 'manucro10', 'luisbarrios', 'martin32', 'salamghgh20', 'gbatzorig268', 'valeriamg', 'savas', 'alex_varela_17', 'pablomd', 'hit.kamble', 'austinz', 'chenxi', 'arturocastro94', 'amirbadshah224', 'gmedina', 'dariogarciaredecillas', 'melissa5', 'francisxavgr', 'martinzapatamartinez', 'chwi7664', 'paula.bolboreta', 'juanariza', 'miguelpinocarmona', 'japrz', 'fabiola.santos', 'lucamonduzzi96', 'ivan1', 'isaac.dominguez4444', 'elisa.vicenteei', 'mgupta15', 'cmoadne', 'anselmoantorcha', 'simoncarloscartamil', 'wanghb', 'berzasnon', 'joannesy', 'praveens013', 'e.lucasnavarrog', 'nuriamj', 'kong2020', 'facundobonfiglio', 'jbalderasfernandez', 'laurenp', 'rakki.datta', 'antonionito1993', 'carterkirkendoll', 'yzarni89', 'anamconrado', 'carlosbesadaromero', 'sergiogrcsnchz', 'xoanmayo', 'policon', 'zewei', 'a997154508', 'foojorge', 'fofi94', 'victortorressuch', 'cristinacostas', 'jdanivc', 'aliraza2013ee360', 'emixose', 'choikj', 'david.garrido', 'fabiolajsanlop', 'juancarlosroutrera', 'costasdiego97', 'dulguun_021', 'paula.mourino', 'liuman961021', 'jerome.alag', 'alejandromo1610', 'p.suarez97', 'isaferjim', 'mariamfontan', 'cxiuqi1', 'mihaipx', 'abdulhaiyum.f', 'alsyaari', 'davidga568', 'jgm2096', 'isaac.carrillo', 'aloptor', 'jaimedmj', 'kennyxsy', 'dang.e', 'h_elmenier', 'prra6646', 'pedrogea08', 'lluisgonzaga96', 'limengyuanli66', 'yuxian123', 'zhaoyu960207', 'sstty7', 'guojunxiong25', 'zakizhou', 'mari.paucom', 'yingxue58', 'danidm', 'justinegiroux', 'exareivaj', 'brendaorea15', 'jesslyn', 'sangkyu.sun', 'miguellopezcardenas98', 'maurobn98', 'myez', 'floren_ff', 'agarviespi', 'cytuslll1997', 'leoncc', 'plmolina4', 'rubenortega', 'sergiocalo.barranha', 'clarahernandez05f', 'feijoomartina', 'mordor', 'andrei.luneow01031999', 'chenyue', 'gkkk6', 'juanjoseo', '9.genest.gabriel', 'qwe', 'dalder', 'al16do06', 'gonzavt15', 'blasern', 'ero15953', '836054323_wj', 'ergobe3', 'miaocx714', 'elmu6301', 'veronica.castro', 'pablolopezexposito', 'albertoangulo', 'antonio98y', 'ionemanuelmoralesrosales', 'dja19951995', 'marinabm', 'clarachapela10', 'ejg98', 'ee5502', 'alyabra', 'albacosta', 'hamza32amar', 'essheh', 'iagomillanentenza', 'wmy', 'alyabra.vargas', 'e.jojusalo', 'chrispvnofficial', 'xiaode', 'hewutanyuan', 'campamarin', 'martin.gutierrez', 'songy', 'bellmanz', 'soddy1996', 'clara.landesa', 'sylim1', 'qumo4329', 'zhang.jiayu', 'juanjotromp', 'alyabra.alejandro', 'adec', 'ch2922', 'wang.yaoz', 'bulganb28', 'ludoba2912', 'lauragdevesa', 'joeanszxc', 'albertortepin', 'luisgfloreslarrea', 'zihang']",1,[None],282,"['anderson.bi', 'wangjianed_1992', 'manuel10suarez10', 'ryu.j', 'chenre', 'ralfli', 'miri23', 'dariogarred', 'juansans98', 'lianyi96', 'lluissanuy', 'antoinelegare', 'e.fisicahamza', 'thunaung', 'lidiadom', 'christsun', 'miguel_fernandez', 'elena.j.g', 'xxy0501', 'andreasorroche', 'andrea.mendez', 'danielfdezcalo', 'pablosempredepor97', 'akamsali', 'alecorti.pardo', 'xhan009', 'xxxxiaofan', 'gonzalogbb', 'aidan.rooney17', 'mihai.pislaru.fisica', 'stgermain.b', 'claudia.puga', 'fran.mosquera.pena', 'pablojosecalvo', 'michaelcameronmcdonald', 'hdelatorre3524', 'tonybocadillosgrandes', 'e0427406', 'fernando_ibarra', 'shikhararvind', 'uxiavelca', 'jinfengleong', 'shizhan.flood', 'guyu', 'niravsurajlal', 'pablosande98', 'wtq77', 'marniesan', 'watashi.legion', 'xiaolei', 'savardbastien', 'alexsanchezcast', 'pablocrespo11', 'brunolopez', 'julioug1', 'pmvd95', 'melonlzheng', 'pedrobeko98', 'xoangon', 'henglund', 'sebastianvromero', 'samuelfl', 'elviracastillo', 'sohamsawant912', 'elmanguito', 'iagopardo97', 'roberto.nava', 'bgutierrez', 'noxis986', None, 'shihhaotsai', 'aledes', 'rysw5590', 'enriquevaliente17', 'pablo.garcia.bas', 'j.guedegar', 'jameslin', 'comeseetake', 'isafdez', 'alicia.mosq', 'mmartinezsanchez', 'edgarmtz', 'chema', 'guoxg46', 'tergel1999', '2015soham.sawant', 'danidrivas98', 'rayoaki7', 'nuriatellado', 'anar4331', 'caetano.eirea', 'bingshengliu', 'uutty2010', 'zhs002', 'dyoh5119', 'e.ivanlopgar1997', 'jiaqi.guoguo', 'nivedaksubramanian', 'albertoccz', 'angelaturnes', 'iagomoscer', 'esteban.figueroa', 'chenxiwang', 'manucro10', 'luisbarrios', 'martin32', 'salamghgh20', 'gbatzorig268', 'valeriamg', 'savas', 'alex_varela_17', 'thackettt', 'pablomd', 'hit.kamble', 'austinz', 'chenxi', 'arturocastro94', 'amirbadshah224', 'gmedina', 'dariogarciaredecillas', 'melissa5', 'francisxavgr', 'martinzapatamartinez', 'chwi7664', 'paula.bolboreta', 'juanariza', 'miguelpinocarmona', 'japrz', 'fabiola.santos', 'lucamonduzzi96', 'ivan1', 'isaac.dominguez4444', 'elisa.vicenteei', 'mgupta15', 'cmoadne', 'anselmoantorcha', 'simoncarloscartamil', 'wanghb', 'berzasnon', 'joannesy', 'praveens013', 'e.lucasnavarrog', 'nuriamj', 'kong2020', 'facundobonfiglio', 'jbalderasfernandez', 'laurenp', 'rakki.datta', 'ottoridemar', 'antonionito1993', 'carterkirkendoll', 'yzarni89', 'anamconrado', 'carlosbesadaromero', 'sergiogrcsnchz', 'xoanmayo', 'policon', 'zewei', 'a997154508', 'foojorge', 'junwen', 'fofi94', 'victortorressuch', 'cristinacostas', 'jdanivc', 'aliraza2013ee360', 'emixose', 'choikj', 'david.garrido', 'fabiolajsanlop', 'juancarlosroutrera', 'costasdiego97', 'dulguun_021', 'paula.mourino', 'liuman961021', 'jerome.alag', 'alejandromo1610', 'p.suarez97', 'isaferjim', 'mariamfontan', 'cxiuqi1', 'mihaipx', 'abdulhaiyum.f', 'alsyaari', 'davidga568', 'jgm2096', 'isaac.carrillo', 'aloptor', 'jaimedmj', 'kennyxsy', 'haominl1997', 'dang.e', 'h_elmenier', 'prra6646', 'pedrogea08', 'lluisgonzaga96', 'limengyuanli66', 'yuxian123', 'zhaoyu960207', 'sstty7', 'guojunxiong25', 'zakizhou', 'mari.paucom', 'yingxue58', 'danidm', 'justinegiroux', 'exareivaj', 'brendaorea15', 'jesslyn', 'sangkyu.sun', 'miguellopezcardenas98', 'maurobn98', 'myez', 'floren_ff', 'agarviespi', 'cytuslll1997', 'leoncc', 'plmolina4', 'rubenortega', 'sergiocalo.barranha', 'clarahernandez05f', 'feijoomartina', 'mordor', 'andrei.luneow01031999', 'chenyue', 'gkkk6', 'juanjoseo', '9.genest.gabriel', 'qwe', 'dalder', 'al16do06', 'gonzavt15', 'blasern', 'ero15953', '836054323_wj', 'ergobe3', 'miaocx714', 'elmu6301', 'veronica.castro', 'pablolopezexposito', 'albertoangulo', 'antonio98y', 'ionemanuelmoralesrosales', 'dja19951995', 'marinabm', 'clarachapela10', 'ejg98', 'ee5502', 'alyabra', 'albacosta', 'hamza32amar', 'essheh', 'iagomillanentenza', 'wmy', 'alyabra.vargas', 'e.jojusalo', 'chrispvnofficial', 'xiaode', 'hewutanyuan', 'campamarin', 'martin.gutierrez', 'songy', 'bellmanz', 'soddy1996', 'clara.landesa', 'sylim1', 'qumo4329', 'zhang.jiayu', 'juanjotromp', 'alyabra.alejandro', 'hariprasanna', 'adec', 'ch2922', 'wang.yaoz', 'bulganb28', 'ludoba2912', 'sotmas', 'lauragdevesa', 'joeanszxc', 'albertortepin', 'luisgfloreslarrea', 'zihang']"
1,26,281,12,10,"['bingshengliu', 'laurenp', 'wang.yaoz', 'dang.e', 'ryu.j', 'chenre', 'shizhan.flood', 'zhang.jiayu', 'leoncc', 'yingxue58']",271,"['anderson.bi', 'wangjianed_1992', 'manuel10suarez10', 'ralfli', 'miri23', 'dariogarred', 'juansans98', 'lianyi96', 'lluissanuy', 'antoinelegare', 'e.fisicahamza', 'thunaung', 'lidiadom', 'christsun', 'miguel_fernandez', 'elena.j.g', 'xxy0501', 'andreasorroche', 'andrea.mendez', 'danielfdezcalo', 'pablosempredepor97', 'akamsali', 'alecorti.pardo', 'xhan009', 'xxxxiaofan', 'gonzalogbb', 'aidan.rooney17', 'mihai.pislaru.fisica', 'stgermain.b', 'claudia.puga', 'fran.mosquera.pena', 'pablojosecalvo', 'michaelcameronmcdonald', 'hdelatorre3524', 'tonybocadillosgrandes', 'e0427406', 'fernando_ibarra', 'shikhararvind', 'uxiavelca', 'jinfengleong', 'guyu', 'niravsurajlal', 'pablosande98', 'wtq77', 'marniesan', 'watashi.legion', 'xiaolei', 'savardbastien', 'alexsanchezcast', 'pablocrespo11', 'brunolopez', 'julioug1', 'pmvd95', 'melonlzheng', 'pedrobeko98', 'xoangon', 'henglund', 'sebastianvromero', 'samuelfl', 'elviracastillo', 'sohamsawant912', 'elmanguito', 'iagopardo97', 'roberto.nava', 'bgutierrez', 'noxis986', 'shihhaotsai', 'aledes', 'rysw5590', 'enriquevaliente17', 'pablo.garcia.bas', 'j.guedegar', 'jameslin', 'comeseetake', 'isafdez', 'alicia.mosq', 'mmartinezsanchez', 'edgarmtz', 'chema', 'guoxg46', 'tergel1999', '2015soham.sawant', 'danidrivas98', 'rayoaki7', 'nuriatellado', 'anar4331', 'caetano.eirea', 'uutty2010', 'zhs002', 'dyoh5119', 'e.ivanlopgar1997', 'jiaqi.guoguo', 'nivedaksubramanian', 'albertoccz', 'angelaturnes', 'iagomoscer', 'esteban.figueroa', 'chenxiwang', 'manucro10', 'luisbarrios', 'martin32', 'salamghgh20', 'gbatzorig268', 'valeriamg', 'savas', 'alex_varela_17', 'thackettt', 'pablomd', 'hit.kamble', 'austinz', 'chenxi', 'arturocastro94', 'amirbadshah224', 'gmedina', 'dariogarciaredecillas', 'melissa5', 'francisxavgr', 'martinzapatamartinez', 'chwi7664', 'paula.bolboreta', 'juanariza', 'miguelpinocarmona', 'japrz', 'fabiola.santos', 'lucamonduzzi96', 'ivan1', 'isaac.dominguez4444', 'elisa.vicenteei', 'mgupta15', 'cmoadne', 'anselmoantorcha', 'simoncarloscartamil', 'wanghb', 'berzasnon', 'joannesy', 'praveens013', 'e.lucasnavarrog', 'nuriamj', 'kong2020', 'facundobonfiglio', 'jbalderasfernandez', 'rakki.datta', 'ottoridemar', 'antonionito1993', 'carterkirkendoll', 'yzarni89', 'anamconrado', 'carlosbesadaromero', 'sergiogrcsnchz', 'xoanmayo', 'policon', 'zewei', 'a997154508', 'foojorge', 'junwen', 'fofi94', 'victortorressuch', 'cristinacostas', 'jdanivc', 'aliraza2013ee360', 'emixose', 'choikj', 'david.garrido', 'fabiolajsanlop', 'juancarlosroutrera', 'costasdiego97', 'dulguun_021', 'paula.mourino', 'liuman961021', 'jerome.alag', 'alejandromo1610', 'p.suarez97', 'isaferjim', 'mariamfontan', 'cxiuqi1', 'mihaipx', 'abdulhaiyum.f', 'alsyaari', 'davidga568', 'jgm2096', 'isaac.carrillo', 'aloptor', 'jaimedmj', 'kennyxsy', 'haominl1997', 'h_elmenier', 'prra6646', 'pedrogea08', 'lluisgonzaga96', 'limengyuanli66', 'yuxian123', 'zhaoyu960207', 'sstty7', 'guojunxiong25', 'zakizhou', 'mari.paucom', 'danidm', 'justinegiroux', 'exareivaj', 'brendaorea15', 'jesslyn', 'sangkyu.sun', 'miguellopezcardenas98', 'maurobn98', 'myez', 'floren_ff', 'agarviespi', 'cytuslll1997', 'plmolina4', 'rubenortega', 'sergiocalo.barranha', 'clarahernandez05f', 'feijoomartina', 'mordor', 'andrei.luneow01031999', 'chenyue', 'gkkk6', 'juanjoseo', '9.genest.gabriel', 'qwe', 'dalder', 'al16do06', 'gonzavt15', 'blasern', 'ero15953', '836054323_wj', 'ergobe3', 'miaocx714', 'elmu6301', 'veronica.castro', 'pablolopezexposito', 'albertoangulo', 'antonio98y', 'ionemanuelmoralesrosales', 'dja19951995', 'marinabm', 'clarachapela10', 'ejg98', 'ee5502', 'alyabra', 'albacosta', 'hamza32amar', 'essheh', 'iagomillanentenza', 'wmy', 'alyabra.vargas', 'e.jojusalo', 'chrispvnofficial', 'xiaode', 'hewutanyuan', 'campamarin', 'martin.gutierrez', 'songy', 'bellmanz', 'soddy1996', 'clara.landesa', 'sylim1', 'qumo4329', 'juanjotromp', 'alyabra.alejandro', 'hariprasanna', 'adec', 'ch2922', 'bulganb28', 'ludoba2912', 'sotmas', 'lauragdevesa', 'joeanszxc', 'albertortepin', 'luisgfloreslarrea', 'zihang']",2,"[None, 'yu.c']",283,"['anderson.bi', 'wangjianed_1992', 'manuel10suarez10', 'ryu.j', 'chenre', 'ralfli', 'miri23', 'dariogarred', 'juansans98', 'lianyi96', 'lluissanuy', 'antoinelegare', 'e.fisicahamza', 'thunaung', 'lidiadom', 'christsun', 'miguel_fernandez', 'elena.j.g', 'xxy0501', 'andreasorroche', 'andrea.mendez', 'danielfdezcalo', 'pablosempredepor97', 'akamsali', 'alecorti.pardo', 'xhan009', 'xxxxiaofan', 'gonzalogbb', 'aidan.rooney17', 'mihai.pislaru.fisica', 'stgermain.b', 'claudia.puga', 'fran.mosquera.pena', 'pablojosecalvo', 'michaelcameronmcdonald', 'hdelatorre3524', 'tonybocadillosgrandes', 'e0427406', 'fernando_ibarra', 'shikhararvind', 'uxiavelca', 'jinfengleong', 'shizhan.flood', 'guyu', 'niravsurajlal', 'pablosande98', 'wtq77', 'marniesan', 'watashi.legion', 'xiaolei', 'savardbastien', 'alexsanchezcast', 'pablocrespo11', 'brunolopez', 'julioug1', 'pmvd95', 'melonlzheng', 'pedrobeko98', 'xoangon', 'henglund', 'sebastianvromero', 'samuelfl', 'elviracastillo', 'sohamsawant912', 'elmanguito', 'iagopardo97', 'roberto.nava', 'bgutierrez', 'noxis986', None, 'shihhaotsai', 'aledes', 'rysw5590', 'enriquevaliente17', 'pablo.garcia.bas', 'j.guedegar', 'jameslin', 'comeseetake', 'isafdez', 'alicia.mosq', 'mmartinezsanchez', 'edgarmtz', 'chema', 'guoxg46', 'tergel1999', '2015soham.sawant', 'danidrivas98', 'rayoaki7', 'nuriatellado', 'anar4331', 'caetano.eirea', 'bingshengliu', 'uutty2010', 'zhs002', 'dyoh5119', 'e.ivanlopgar1997', 'jiaqi.guoguo', 'nivedaksubramanian', 'albertoccz', 'angelaturnes', 'iagomoscer', 'esteban.figueroa', 'chenxiwang', 'manucro10', 'luisbarrios', 'martin32', 'salamghgh20', 'gbatzorig268', 'valeriamg', 'savas', 'alex_varela_17', 'thackettt', 'pablomd', 'hit.kamble', 'austinz', 'chenxi', 'arturocastro94', 'amirbadshah224', 'gmedina', 'dariogarciaredecillas', 'melissa5', 'francisxavgr', 'martinzapatamartinez', 'chwi7664', 'paula.bolboreta', 'juanariza', 'miguelpinocarmona', 'japrz', 'fabiola.santos', 'lucamonduzzi96', 'ivan1', 'isaac.dominguez4444', 'elisa.vicenteei', 'mgupta15', 'cmoadne', 'anselmoantorcha', 'simoncarloscartamil', 'wanghb', 'berzasnon', 'joannesy', 'praveens013', 'e.lucasnavarrog', 'nuriamj', 'kong2020', 'facundobonfiglio', 'jbalderasfernandez', 'laurenp', 'rakki.datta', 'ottoridemar', 'antonionito1993', 'carterkirkendoll', 'yzarni89', 'anamconrado', 'carlosbesadaromero', 'sergiogrcsnchz', 'xoanmayo', 'policon', 'zewei', 'a997154508', 'foojorge', 'junwen', 'fofi94', 'victortorressuch', 'cristinacostas', 'jdanivc', 'aliraza2013ee360', 'emixose', 'choikj', 'david.garrido', 'fabiolajsanlop', 'juancarlosroutrera', 'costasdiego97', 'dulguun_021', 'paula.mourino', 'liuman961021', 'jerome.alag', 'alejandromo1610', 'p.suarez97', 'isaferjim', 'mariamfontan', 'cxiuqi1', 'mihaipx', 'abdulhaiyum.f', 'alsyaari', 'davidga568', 'jgm2096', 'isaac.carrillo', 'aloptor', 'jaimedmj', 'kennyxsy', 'haominl1997', 'dang.e', 'h_elmenier', 'prra6646', 'pedrogea08', 'lluisgonzaga96', 'limengyuanli66', 'yuxian123', 'zhaoyu960207', 'sstty7', 'guojunxiong25', 'zakizhou', 'mari.paucom', 'yingxue58', 'danidm', 'justinegiroux', 'exareivaj', 'brendaorea15', 'jesslyn', 'sangkyu.sun', 'miguellopezcardenas98', 'maurobn98', 'myez', 'floren_ff', 'agarviespi', 'cytuslll1997', 'leoncc', 'plmolina4', 'rubenortega', 'sergiocalo.barranha', 'clarahernandez05f', 'feijoomartina', 'mordor', 'andrei.luneow01031999', 'chenyue', 'gkkk6', 'juanjoseo', '9.genest.gabriel', 'qwe', 'dalder', 'al16do06', 'gonzavt15', 'blasern', 'ero15953', '836054323_wj', 'ergobe3', 'miaocx714', 'elmu6301', 'veronica.castro', 'pablolopezexposito', 'albertoangulo', 'antonio98y', 'ionemanuelmoralesrosales', 'dja19951995', 'marinabm', 'clarachapela10', 'ejg98', 'ee5502', 'alyabra', 'albacosta', 'hamza32amar', 'essheh', 'iagomillanentenza', 'wmy', 'alyabra.vargas', 'e.jojusalo', 'chrispvnofficial', 'xiaode', 'hewutanyuan', 'campamarin', 'martin.gutierrez', 'songy', 'bellmanz', 'soddy1996', 'clara.landesa', 'sylim1', 'qumo4329', 'zhang.jiayu', 'yu.c', 'juanjotromp', 'alyabra.alejandro', 'hariprasanna', 'adec', 'ch2922', 'wang.yaoz', 'bulganb28', 'ludoba2912', 'sotmas', 'lauragdevesa', 'joeanszxc', 'albertortepin', 'luisgfloreslarrea', 'zihang']"
1,393,281,12,6,"['myez', 'p.suarez97', 'miguel_fernandez', 'nuriamj', 'xoangon', 'angelaturnes']",275,"['anderson.bi', 'wangjianed_1992', 'manuel10suarez10', 'ryu.j', 'chenre', 'ralfli', 'miri23', 'dariogarred', 'juansans98', 'lianyi96', 'lluissanuy', 'antoinelegare', 'e.fisicahamza', 'thunaung', 'lidiadom', 'christsun', 'elena.j.g', 'xxy0501', 'andreasorroche', 'andrea.mendez', 'danielfdezcalo', 'pablosempredepor97', 'akamsali', 'alecorti.pardo', 'xhan009', 'xxxxiaofan', 'gonzalogbb', 'aidan.rooney17', 'mihai.pislaru.fisica', 'stgermain.b', 'claudia.puga', 'fran.mosquera.pena', 'pablojosecalvo', 'michaelcameronmcdonald', 'hdelatorre3524', 'tonybocadillosgrandes', 'e0427406', 'fernando_ibarra', 'shikhararvind', 'uxiavelca', 'jinfengleong', 'shizhan.flood', 'guyu', 'niravsurajlal', 'pablosande98', 'wtq77', 'marniesan', 'watashi.legion', 'xiaolei', 'savardbastien', 'alexsanchezcast', 'pablocrespo11', 'brunolopez', 'julioug1', 'pmvd95', 'melonlzheng', 'pedrobeko98', 'henglund', 'sebastianvromero', 'samuelfl', 'elviracastillo', 'sohamsawant912', 'elmanguito', 'iagopardo97', 'roberto.nava', 'bgutierrez', 'noxis986', 'shihhaotsai', 'aledes', 'rysw5590', 'enriquevaliente17', 'pablo.garcia.bas', 'j.guedegar', 'jameslin', 'comeseetake', 'isafdez', 'alicia.mosq', 'mmartinezsanchez', 'edgarmtz', 'chema', 'guoxg46', 'tergel1999', '2015soham.sawant', 'danidrivas98', 'rayoaki7', 'nuriatellado', 'anar4331', 'caetano.eirea', 'bingshengliu', 'uutty2010', 'zhs002', 'dyoh5119', 'e.ivanlopgar1997', 'jiaqi.guoguo', 'nivedaksubramanian', 'albertoccz', 'iagomoscer', 'esteban.figueroa', 'chenxiwang', 'manucro10', 'luisbarrios', 'martin32', 'salamghgh20', 'gbatzorig268', 'valeriamg', 'savas', 'alex_varela_17', 'thackettt', 'pablomd', 'hit.kamble', 'austinz', 'chenxi', 'arturocastro94', 'amirbadshah224', 'gmedina', 'dariogarciaredecillas', 'melissa5', 'francisxavgr', 'martinzapatamartinez', 'chwi7664', 'paula.bolboreta', 'juanariza', 'miguelpinocarmona', 'japrz', 'fabiola.santos', 'lucamonduzzi96', 'ivan1', 'isaac.dominguez4444', 'elisa.vicenteei', 'mgupta15', 'cmoadne', 'anselmoantorcha', 'simoncarloscartamil', 'wanghb', 'berzasnon', 'joannesy', 'praveens013', 'e.lucasnavarrog', 'kong2020', 'facundobonfiglio', 'jbalderasfernandez', 'laurenp', 'rakki.datta', 'ottoridemar', 'antonionito1993', 'carterkirkendoll', 'yzarni89', 'anamconrado', 'carlosbesadaromero', 'sergiogrcsnchz', 'xoanmayo', 'policon', 'zewei', 'a997154508', 'foojorge', 'junwen', 'fofi94', 'victortorressuch', 'cristinacostas', 'jdanivc', 'aliraza2013ee360', 'emixose', 'choikj', 'david.garrido', 'fabiolajsanlop', 'juancarlosroutrera', 'costasdiego97', 'dulguun_021', 'paula.mourino', 'liuman961021', 'jerome.alag', 'alejandromo1610', 'isaferjim', 'mariamfontan', 'cxiuqi1', 'mihaipx', 'abdulhaiyum.f', 'alsyaari', 'davidga568', 'jgm2096', 'isaac.carrillo', 'aloptor', 'jaimedmj', 'kennyxsy', 'haominl1997', 'dang.e', 'h_elmenier', 'prra6646', 'pedrogea08', 'lluisgonzaga96', 'limengyuanli66', 'yuxian123', 'zhaoyu960207', 'sstty7', 'guojunxiong25', 'zakizhou', 'mari.paucom', 'yingxue58', 'danidm', 'justinegiroux', 'exareivaj', 'brendaorea15', 'jesslyn', 'sangkyu.sun', 'miguellopezcardenas98', 'maurobn98', 'floren_ff', 'agarviespi', 'cytuslll1997', 'leoncc', 'plmolina4', 'rubenortega', 'sergiocalo.barranha', 'clarahernandez05f', 'feijoomartina', 'mordor', 'andrei.luneow01031999', 'chenyue', 'gkkk6', 'juanjoseo', '9.genest.gabriel', 'qwe', 'dalder', 'al16do06', 'gonzavt15', 'blasern', 'ero15953', '836054323_wj', 'ergobe3', 'miaocx714', 'elmu6301', 'veronica.castro', 'pablolopezexposito', 'albertoangulo', 'antonio98y', 'ionemanuelmoralesrosales', 'dja19951995', 'marinabm', 'clarachapela10', 'ejg98', 'ee5502', 'alyabra', 'albacosta', 'hamza32amar', 'essheh', 'iagomillanentenza', 'wmy', 'alyabra.vargas', 'e.jojusalo', 'chrispvnofficial', 'xiaode', 'hewutanyuan', 'campamarin', 'martin.gutierrez', 'songy', 'bellmanz', 'soddy1996', 'clara.landesa', 'sylim1', 'qumo4329', 'zhang.jiayu', 'juanjotromp', 'alyabra.alejandro', 'hariprasanna', 'adec', 'ch2922', 'wang.yaoz', 'bulganb28', 'ludoba2912', 'sotmas', 'lauragdevesa', 'joeanszxc', 'albertortepin', 'luisgfloreslarrea', 'zihang']",6,"['ana.rmteo', 'josedamiangarcianoya', 'mauro_sg', 'pedrotouris', 'pedrogz', None]",287,"['anderson.bi', 'wangjianed_1992', 'manuel10suarez10', 'ryu.j', 'chenre', 'ralfli', 'miri23', 'dariogarred', 'juansans98', 'lianyi96', 'lluissanuy', 'antoinelegare', 'e.fisicahamza', 'thunaung', 'lidiadom', 'christsun', 'miguel_fernandez', 'elena.j.g', 'xxy0501', 'andreasorroche', 'andrea.mendez', 'danielfdezcalo', 'pablosempredepor97', 'akamsali', 'alecorti.pardo', 'xhan009', 'xxxxiaofan', 'gonzalogbb', 'aidan.rooney17', 'mihai.pislaru.fisica', 'stgermain.b', 'claudia.puga', 'fran.mosquera.pena', 'pablojosecalvo', 'michaelcameronmcdonald', 'hdelatorre3524', 'tonybocadillosgrandes', 'e0427406', 'fernando_ibarra', 'shikhararvind', 'uxiavelca', 'jinfengleong', 'shizhan.flood', 'guyu', 'niravsurajlal', 'pablosande98', 'wtq77', 'marniesan', 'watashi.legion', 'xiaolei', 'savardbastien', 'alexsanchezcast', 'pablocrespo11', 'brunolopez', 'julioug1', 'pmvd95', 'melonlzheng', 'pedrobeko98', 'xoangon', 'henglund', 'sebastianvromero', 'samuelfl', 'elviracastillo', 'sohamsawant912', 'elmanguito', 'iagopardo97', 'roberto.nava', 'bgutierrez', 'noxis986', None, 'shihhaotsai', 'aledes', 'rysw5590', 'enriquevaliente17', 'pablo.garcia.bas', 'j.guedegar', 'jameslin', 'comeseetake', 'isafdez', 'alicia.mosq', 'mmartinezsanchez', 'edgarmtz', 'chema', 'guoxg46', 'tergel1999', '2015soham.sawant', 'danidrivas98', 'rayoaki7', 'nuriatellado', 'anar4331', 'caetano.eirea', 'bingshengliu', 'uutty2010', 'zhs002', 'dyoh5119', 'e.ivanlopgar1997', 'jiaqi.guoguo', 'nivedaksubramanian', 'albertoccz', 'angelaturnes', 'iagomoscer', 'esteban.figueroa', 'chenxiwang', 'manucro10', 'luisbarrios', 'mauro_sg', 'martin32', 'salamghgh20', 'gbatzorig268', 'valeriamg', 'savas', 'alex_varela_17', 'thackettt', 'pablomd', 'hit.kamble', 'austinz', 'chenxi', 'arturocastro94', 'amirbadshah224', 'gmedina', 'dariogarciaredecillas', 'melissa5', 'francisxavgr', 'pedrotouris', 'martinzapatamartinez', 'chwi7664', 'paula.bolboreta', 'juanariza', 'miguelpinocarmona', 'japrz', 'fabiola.santos', 'lucamonduzzi96', 'ivan1', 'isaac.dominguez4444', 'elisa.vicenteei', 'mgupta15', 'cmoadne', 'anselmoantorcha', 'simoncarloscartamil', 'wanghb', 'berzasnon', 'joannesy', 'praveens013', 'e.lucasnavarrog', 'nuriamj', 'kong2020', 'facundobonfiglio', 'jbalderasfernandez', 'laurenp', 'rakki.datta', 'ottoridemar', 'antonionito1993', 'carterkirkendoll', 'yzarni89', 'anamconrado', 'carlosbesadaromero', 'sergiogrcsnchz', 'xoanmayo', 'policon', 'zewei', 'a997154508', 'foojorge', 'junwen', 'fofi94', 'victortorressuch', 'cristinacostas', 'jdanivc', 'aliraza2013ee360', 'emixose', 'choikj', 'david.garrido', 'fabiolajsanlop', 'juancarlosroutrera', 'costasdiego97', 'dulguun_021', 'paula.mourino', 'liuman961021', 'jerome.alag', 'alejandromo1610', 'p.suarez97', 'isaferjim', 'mariamfontan', 'cxiuqi1', 'mihaipx', 'abdulhaiyum.f', 'alsyaari', 'ana.rmteo', 'josedamiangarcianoya', 'davidga568', 'jgm2096', 'isaac.carrillo', 'aloptor', 'jaimedmj', 'kennyxsy', 'haominl1997', 'dang.e', 'h_elmenier', 'prra6646', 'pedrogea08', 'lluisgonzaga96', 'limengyuanli66', 'yuxian123', 'zhaoyu960207', 'sstty7', 'guojunxiong25', 'zakizhou', 'mari.paucom', 'yingxue58', 'danidm', 'justinegiroux', 'exareivaj', 'brendaorea15', 'jesslyn', 'sangkyu.sun', 'miguellopezcardenas98', 'maurobn98', 'myez', 'floren_ff', 'agarviespi', 'cytuslll1997', 'leoncc', 'plmolina4', 'rubenortega', 'sergiocalo.barranha', 'clarahernandez05f', 'feijoomartina', 'mordor', 'andrei.luneow01031999', 'chenyue', 'gkkk6', 'juanjoseo', '9.genest.gabriel', 'qwe', 'dalder', 'al16do06', 'gonzavt15', 'blasern', 'ero15953', '836054323_wj', 'ergobe3', 'miaocx714', 'elmu6301', 'veronica.castro', 'pablolopezexposito', 'albertoangulo', 'antonio98y', 'ionemanuelmoralesrosales', 'dja19951995', 'marinabm', 'clarachapela10', 'ejg98', 'ee5502', 'alyabra', 'albacosta', 'hamza32amar', 'essheh', 'iagomillanentenza', 'wmy', 'alyabra.vargas', 'e.jojusalo', 'chrispvnofficial', 'xiaode', 'hewutanyuan', 'pedrogz', 'campamarin', 'martin.gutierrez', 'songy', 'bellmanz', 'soddy1996', 'clara.landesa', 'sylim1', 'qumo4329', 'zhang.jiayu', 'juanjotromp', 'alyabra.alejandro', 'hariprasanna', 'adec', 'ch2922', 'wang.yaoz', 'bulganb28', 'ludoba2912', 'sotmas', 'lauragdevesa', 'joeanszxc', 'albertortepin', 'luisgfloreslarrea', 'zihang']"
1,355,281,11,3,"['elmu6301', 'chwi7664', 'qumo4329']",278,"['anderson.bi', 'wangjianed_1992', 'manuel10suarez10', 'ryu.j', 'chenre', 'ralfli', 'miri23', 'dariogarred', 'juansans98', 'lianyi96', 'lluissanuy', 'antoinelegare', 'e.fisicahamza', 'thunaung', 'lidiadom', 'christsun', 'miguel_fernandez', 'elena.j.g', 'xxy0501', 'andreasorroche', 'andrea.mendez', 'danielfdezcalo', 'pablosempredepor97', 'akamsali', 'alecorti.pardo', 'xhan009', 'xxxxiaofan', 'gonzalogbb', 'aidan.rooney17', 'mihai.pislaru.fisica', 'stgermain.b', 'claudia.puga', 'fran.mosquera.pena', 'pablojosecalvo', 'michaelcameronmcdonald', 'hdelatorre3524', 'tonybocadillosgrandes', 'e0427406', 'fernando_ibarra', 'shikhararvind', 'uxiavelca', 'jinfengleong', 'shizhan.flood', 'guyu', 'niravsurajlal', 'pablosande98', 'wtq77', 'marniesan', 'watashi.legion', 'xiaolei', 'savardbastien', 'alexsanchezcast', 'pablocrespo11', 'brunolopez', 'julioug1', 'pmvd95', 'melonlzheng', 'pedrobeko98', 'xoangon', 'henglund', 'sebastianvromero', 'samuelfl', 'elviracastillo', 'sohamsawant912', 'elmanguito', 'iagopardo97', 'roberto.nava', 'bgutierrez', 'noxis986', 'shihhaotsai', 'aledes', 'rysw5590', 'enriquevaliente17', 'pablo.garcia.bas', 'j.guedegar', 'jameslin', 'comeseetake', 'isafdez', 'alicia.mosq', 'mmartinezsanchez', 'edgarmtz', 'chema', 'guoxg46', 'tergel1999', '2015soham.sawant', 'danidrivas98', 'rayoaki7', 'nuriatellado', 'anar4331', 'caetano.eirea', 'bingshengliu', 'uutty2010', 'zhs002', 'dyoh5119', 'e.ivanlopgar1997', 'jiaqi.guoguo', 'nivedaksubramanian', 'albertoccz', 'angelaturnes', 'iagomoscer', 'esteban.figueroa', 'chenxiwang', 'manucro10', 'luisbarrios', 'martin32', 'salamghgh20', 'gbatzorig268', 'valeriamg', 'savas', 'alex_varela_17', 'thackettt', 'pablomd', 'hit.kamble', 'austinz', 'chenxi', 'arturocastro94', 'amirbadshah224', 'gmedina', 'dariogarciaredecillas', 'melissa5', 'francisxavgr', 'martinzapatamartinez', 'paula.bolboreta', 'juanariza', 'miguelpinocarmona', 'japrz', 'fabiola.santos', 'lucamonduzzi96', 'ivan1', 'isaac.dominguez4444', 'elisa.vicenteei', 'mgupta15', 'cmoadne', 'anselmoantorcha', 'simoncarloscartamil', 'wanghb', 'berzasnon', 'joannesy', 'praveens013', 'e.lucasnavarrog', 'nuriamj', 'kong2020', 'facundobonfiglio', 'jbalderasfernandez', 'laurenp', 'rakki.datta', 'ottoridemar', 'antonionito1993', 'carterkirkendoll', 'yzarni89', 'anamconrado', 'carlosbesadaromero', 'sergiogrcsnchz', 'xoanmayo', 'policon', 'zewei', 'a997154508', 'foojorge', 'junwen', 'fofi94', 'victortorressuch', 'cristinacostas', 'jdanivc', 'aliraza2013ee360', 'emixose', 'choikj', 'david.garrido', 'fabiolajsanlop', 'juancarlosroutrera', 'costasdiego97', 'dulguun_021', 'paula.mourino', 'liuman961021', 'jerome.alag', 'alejandromo1610', 'p.suarez97', 'isaferjim', 'mariamfontan', 'cxiuqi1', 'mihaipx', 'abdulhaiyum.f', 'alsyaari', 'davidga568', 'jgm2096', 'isaac.carrillo', 'aloptor', 'jaimedmj', 'kennyxsy', 'haominl1997', 'dang.e', 'h_elmenier', 'prra6646', 'pedrogea08', 'lluisgonzaga96', 'limengyuanli66', 'yuxian123', 'zhaoyu960207', 'sstty7', 'guojunxiong25', 'zakizhou', 'mari.paucom', 'yingxue58', 'danidm', 'justinegiroux', 'exareivaj', 'brendaorea15', 'jesslyn', 'sangkyu.sun', 'miguellopezcardenas98', 'maurobn98', 'myez', 'floren_ff', 'agarviespi', 'cytuslll1997', 'leoncc', 'plmolina4', 'rubenortega', 'sergiocalo.barranha', 'clarahernandez05f', 'feijoomartina', 'mordor', 'andrei.luneow01031999', 'chenyue', 'gkkk6', 'juanjoseo', '9.genest.gabriel', 'qwe', 'dalder', 'al16do06', 'gonzavt15', 'blasern', 'ero15953', '836054323_wj', 'ergobe3', 'miaocx714', 'veronica.castro', 'pablolopezexposito', 'albertoangulo', 'antonio98y', 'ionemanuelmoralesrosales', 'dja19951995', 'marinabm', 'clarachapela10', 'ejg98', 'ee5502', 'alyabra', 'albacosta', 'hamza32amar', 'essheh', 'iagomillanentenza', 'wmy', 'alyabra.vargas', 'e.jojusalo', 'chrispvnofficial', 'xiaode', 'hewutanyuan', 'campamarin', 'martin.gutierrez', 'songy', 'bellmanz', 'soddy1996', 'clara.landesa', 'sylim1', 'zhang.jiayu', 'juanjotromp', 'alyabra.alejandro', 'hariprasanna', 'adec', 'ch2922', 'wang.yaoz', 'bulganb28', 'ludoba2912', 'sotmas', 'lauragdevesa', 'joeanszxc', 'albertortepin', 'luisgfloreslarrea', 'zihang']",8,"['dale7283', 'kesu1234', 'chzh1341', 'chdu6864', 'n3b3x', 'dish1498', 'abal2474', None]",289,"['anderson.bi', 'wangjianed_1992', 'manuel10suarez10', 'ryu.j', 'chenre', 'ralfli', 'miri23', 'dariogarred', 'juansans98', 'lianyi96', 'lluissanuy', 'antoinelegare', 'e.fisicahamza', 'thunaung', 'lidiadom', 'christsun', 'miguel_fernandez', 'elena.j.g', 'xxy0501', 'andreasorroche', 'andrea.mendez', 'danielfdezcalo', 'pablosempredepor97', 'akamsali', 'alecorti.pardo', 'xhan009', 'xxxxiaofan', 'gonzalogbb', 'aidan.rooney17', 'mihai.pislaru.fisica', 'stgermain.b', 'claudia.puga', 'fran.mosquera.pena', 'pablojosecalvo', 'michaelcameronmcdonald', 'hdelatorre3524', 'tonybocadillosgrandes', 'e0427406', 'fernando_ibarra', 'shikhararvind', 'uxiavelca', 'jinfengleong', 'shizhan.flood', 'guyu', 'niravsurajlal', 'pablosande98', 'wtq77', 'chzh1341', 'marniesan', 'watashi.legion', 'xiaolei', 'savardbastien', 'alexsanchezcast', 'pablocrespo11', 'brunolopez', 'julioug1', 'pmvd95', 'melonlzheng', 'pedrobeko98', 'xoangon', 'henglund', 'sebastianvromero', 'samuelfl', 'elviracastillo', 'sohamsawant912', 'elmanguito', 'iagopardo97', 'roberto.nava', 'bgutierrez', 'noxis986', None, 'shihhaotsai', 'aledes', 'rysw5590', 'enriquevaliente17', 'pablo.garcia.bas', 'j.guedegar', 'jameslin', 'comeseetake', 'isafdez', 'alicia.mosq', 'mmartinezsanchez', 'edgarmtz', 'chema', 'guoxg46', 'tergel1999', 'dish1498', 'kesu1234', '2015soham.sawant', 'danidrivas98', 'rayoaki7', 'nuriatellado', 'anar4331', 'caetano.eirea', 'bingshengliu', 'uutty2010', 'zhs002', 'dyoh5119', 'e.ivanlopgar1997', 'jiaqi.guoguo', 'nivedaksubramanian', 'albertoccz', 'angelaturnes', 'iagomoscer', 'esteban.figueroa', 'chenxiwang', 'manucro10', 'luisbarrios', 'martin32', 'abal2474', 'salamghgh20', 'gbatzorig268', 'valeriamg', 'savas', 'alex_varela_17', 'thackettt', 'pablomd', 'hit.kamble', 'austinz', 'chenxi', 'arturocastro94', 'amirbadshah224', 'gmedina', 'dariogarciaredecillas', 'melissa5', 'francisxavgr', 'martinzapatamartinez', 'chwi7664', 'paula.bolboreta', 'juanariza', 'miguelpinocarmona', 'japrz', 'fabiola.santos', 'lucamonduzzi96', 'ivan1', 'isaac.dominguez4444', 'elisa.vicenteei', 'mgupta15', 'cmoadne', 'anselmoantorcha', 'simoncarloscartamil', 'wanghb', 'berzasnon', 'joannesy', 'praveens013', 'e.lucasnavarrog', 'nuriamj', 'kong2020', 'facundobonfiglio', 'jbalderasfernandez', 'laurenp', 'rakki.datta', 'ottoridemar', 'antonionito1993', 'carterkirkendoll', 'yzarni89', 'anamconrado', 'carlosbesadaromero', 'sergiogrcsnchz', 'xoanmayo', 'policon', 'zewei', 'a997154508', 'foojorge', 'junwen', 'n3b3x', 'fofi94', 'victortorressuch', 'cristinacostas', 'jdanivc', 'aliraza2013ee360', 'emixose', 'choikj', 'david.garrido', 'fabiolajsanlop', 'juancarlosroutrera', 'costasdiego97', 'dulguun_021', 'paula.mourino', 'liuman961021', 'jerome.alag', 'alejandromo1610', 'p.suarez97', 'chdu6864', 'isaferjim', 'mariamfontan', 'cxiuqi1', 'mihaipx', 'abdulhaiyum.f', 'alsyaari', 'davidga568', 'jgm2096', 'isaac.carrillo', 'aloptor', 'jaimedmj', 'dale7283', 'kennyxsy', 'haominl1997', 'dang.e', 'h_elmenier', 'prra6646', 'pedrogea08', 'lluisgonzaga96', 'limengyuanli66', 'yuxian123', 'zhaoyu960207', 'sstty7', 'guojunxiong25', 'zakizhou', 'mari.paucom', 'yingxue58', 'danidm', 'justinegiroux', 'exareivaj', 'brendaorea15', 'jesslyn', 'sangkyu.sun', 'miguellopezcardenas98', 'maurobn98', 'myez', 'floren_ff', 'agarviespi', 'cytuslll1997', 'leoncc', 'plmolina4', 'rubenortega', 'sergiocalo.barranha', 'clarahernandez05f', 'feijoomartina', 'mordor', 'andrei.luneow01031999', 'chenyue', 'gkkk6', 'juanjoseo', '9.genest.gabriel', 'qwe', 'dalder', 'al16do06', 'gonzavt15', 'blasern', 'ero15953', '836054323_wj', 'ergobe3', 'miaocx714', 'elmu6301', 'veronica.castro', 'pablolopezexposito', 'albertoangulo', 'antonio98y', 'ionemanuelmoralesrosales', 'dja19951995', 'marinabm', 'clarachapela10', 'ejg98', 'ee5502', 'alyabra', 'albacosta', 'hamza32amar', 'essheh', 'iagomillanentenza', 'wmy', 'alyabra.vargas', 'e.jojusalo', 'chrispvnofficial', 'xiaode', 'hewutanyuan', 'campamarin', 'martin.gutierrez', 'songy', 'bellmanz', 'soddy1996', 'clara.landesa', 'sylim1', 'qumo4329', 'zhang.jiayu', 'juanjotromp', 'alyabra.alejandro', 'hariprasanna', 'adec', 'ch2922', 'wang.yaoz', 'bulganb28', 'ludoba2912', 'sotmas', 'lauragdevesa', 'joeanszxc', 'albertortepin', 'luisgfloreslarrea', 'zihang']"
1,29,281,10,2,"['gbatzorig268', 'watashi.legion']",279,"['anderson.bi', 'wangjianed_1992', 'manuel10suarez10', 'ryu.j', 'chenre', 'ralfli', 'miri23', 'dariogarred', 'juansans98', 'lianyi96', 'lluissanuy', 'antoinelegare', 'e.fisicahamza', 'thunaung', 'lidiadom', 'christsun', 'miguel_fernandez', 'elena.j.g', 'xxy0501', 'andreasorroche', 'andrea.mendez', 'danielfdezcalo', 'pablosempredepor97', 'akamsali', 'alecorti.pardo', 'xhan009', 'xxxxiaofan', 'gonzalogbb', 'aidan.rooney17', 'mihai.pislaru.fisica', 'stgermain.b', 'claudia.puga', 'fran.mosquera.pena', 'pablojosecalvo', 'michaelcameronmcdonald', 'hdelatorre3524', 'tonybocadillosgrandes', 'e0427406', 'fernando_ibarra', 'shikhararvind', 'uxiavelca', 'jinfengleong', 'shizhan.flood', 'guyu', 'niravsurajlal', 'pablosande98', 'wtq77', 'marniesan', 'xiaolei', 'savardbastien', 'alexsanchezcast', 'pablocrespo11', 'brunolopez', 'julioug1', 'pmvd95', 'melonlzheng', 'pedrobeko98', 'xoangon', 'henglund', 'sebastianvromero', 'samuelfl', 'elviracastillo', 'sohamsawant912', 'elmanguito', 'iagopardo97', 'roberto.nava', 'bgutierrez', 'noxis986', 'shihhaotsai', 'aledes', 'rysw5590', 'enriquevaliente17', 'pablo.garcia.bas', 'j.guedegar', 'jameslin', 'comeseetake', 'isafdez', 'alicia.mosq', 'mmartinezsanchez', 'edgarmtz', 'chema', 'guoxg46', 'tergel1999', '2015soham.sawant', 'danidrivas98', 'rayoaki7', 'nuriatellado', 'anar4331', 'caetano.eirea', 'bingshengliu', 'uutty2010', 'zhs002', 'dyoh5119', 'e.ivanlopgar1997', 'jiaqi.guoguo', 'nivedaksubramanian', 'albertoccz', 'angelaturnes', 'iagomoscer', 'esteban.figueroa', 'chenxiwang', 'manucro10', 'luisbarrios', 'martin32', 'salamghgh20', 'valeriamg', 'savas', 'alex_varela_17', 'thackettt', 'pablomd', 'hit.kamble', 'austinz', 'chenxi', 'arturocastro94', 'amirbadshah224', 'gmedina', 'dariogarciaredecillas', 'melissa5', 'francisxavgr', 'martinzapatamartinez', 'chwi7664', 'paula.bolboreta', 'juanariza', 'miguelpinocarmona', 'japrz', 'fabiola.santos', 'lucamonduzzi96', 'ivan1', 'isaac.dominguez4444', 'elisa.vicenteei', 'mgupta15', 'cmoadne', 'anselmoantorcha', 'simoncarloscartamil', 'wanghb', 'berzasnon', 'joannesy', 'praveens013', 'e.lucasnavarrog', 'nuriamj', 'kong2020', 'facundobonfiglio', 'jbalderasfernandez', 'laurenp', 'rakki.datta', 'ottoridemar', 'antonionito1993', 'carterkirkendoll', 'yzarni89', 'anamconrado', 'carlosbesadaromero', 'sergiogrcsnchz', 'xoanmayo', 'policon', 'zewei', 'a997154508', 'foojorge', 'junwen', 'fofi94', 'victortorressuch', 'cristinacostas', 'jdanivc', 'aliraza2013ee360', 'emixose', 'choikj', 'david.garrido', 'fabiolajsanlop', 'juancarlosroutrera', 'costasdiego97', 'dulguun_021', 'paula.mourino', 'liuman961021', 'jerome.alag', 'alejandromo1610', 'p.suarez97', 'isaferjim', 'mariamfontan', 'cxiuqi1', 'mihaipx', 'abdulhaiyum.f', 'alsyaari', 'davidga568', 'jgm2096', 'isaac.carrillo', 'aloptor', 'jaimedmj', 'kennyxsy', 'haominl1997', 'dang.e', 'h_elmenier', 'prra6646', 'pedrogea08', 'lluisgonzaga96', 'limengyuanli66', 'yuxian123', 'zhaoyu960207', 'sstty7', 'guojunxiong25', 'zakizhou', 'mari.paucom', 'yingxue58', 'danidm', 'justinegiroux', 'exareivaj', 'brendaorea15', 'jesslyn', 'sangkyu.sun', 'miguellopezcardenas98', 'maurobn98', 'myez', 'floren_ff', 'agarviespi', 'cytuslll1997', 'leoncc', 'plmolina4', 'rubenortega', 'sergiocalo.barranha', 'clarahernandez05f', 'feijoomartina', 'mordor', 'andrei.luneow01031999', 'chenyue', 'gkkk6', 'juanjoseo', '9.genest.gabriel', 'qwe', 'dalder', 'al16do06', 'gonzavt15', 'blasern', 'ero15953', '836054323_wj', 'ergobe3', 'miaocx714', 'elmu6301', 'veronica.castro', 'pablolopezexposito', 'albertoangulo', 'antonio98y', 'ionemanuelmoralesrosales', 'dja19951995', 'marinabm', 'clarachapela10', 'ejg98', 'ee5502', 'alyabra', 'albacosta', 'hamza32amar', 'essheh', 'iagomillanentenza', 'wmy', 'alyabra.vargas', 'e.jojusalo', 'chrispvnofficial', 'xiaode', 'hewutanyuan', 'campamarin', 'martin.gutierrez', 'songy', 'bellmanz', 'soddy1996', 'clara.landesa', 'sylim1', 'qumo4329', 'zhang.jiayu', 'juanjotromp', 'alyabra.alejandro', 'hariprasanna', 'adec', 'ch2922', 'wang.yaoz', 'bulganb28', 'ludoba2912', 'sotmas', 'lauragdevesa', 'joeanszxc', 'albertortepin', 'luisgfloreslarrea', 'zihang']",8,"['tsogooanurad', 'ochirhuyag', 'atilyacez', 'b.purevkhuu', 'max1028d', 'bat.munkherdene22', 'delegbayanmunkh9', None]",289,"['anderson.bi', 'wangjianed_1992', 'manuel10suarez10', 'ryu.j', 'chenre', 'ralfli', 'miri23', 'dariogarred', 'juansans98', 'lianyi96', 'lluissanuy', 'antoinelegare', 'e.fisicahamza', 'thunaung', 'lidiadom', 'christsun', 'miguel_fernandez', 'elena.j.g', 'xxy0501', 'andreasorroche', 'andrea.mendez', 'danielfdezcalo', 'pablosempredepor97', 'akamsali', 'alecorti.pardo', 'xhan009', 'xxxxiaofan', 'gonzalogbb', 'aidan.rooney17', 'mihai.pislaru.fisica', 'stgermain.b', 'claudia.puga', 'fran.mosquera.pena', 'pablojosecalvo', 'michaelcameronmcdonald', 'hdelatorre3524', 'tonybocadillosgrandes', 'e0427406', 'fernando_ibarra', 'shikhararvind', 'atilyacez', 'uxiavelca', 'jinfengleong', 'shizhan.flood', 'guyu', 'niravsurajlal', 'pablosande98', 'wtq77', 'marniesan', 'watashi.legion', 'xiaolei', 'savardbastien', 'alexsanchezcast', 'pablocrespo11', 'brunolopez', 'julioug1', 'pmvd95', 'melonlzheng', 'pedrobeko98', 'xoangon', 'henglund', 'bat.munkherdene22', 'sebastianvromero', 'samuelfl', 'elviracastillo', 'sohamsawant912', 'elmanguito', 'iagopardo97', 'roberto.nava', 'bgutierrez', 'noxis986', None, 'ochirhuyag', 'shihhaotsai', 'aledes', 'rysw5590', 'enriquevaliente17', 'pablo.garcia.bas', 'j.guedegar', 'jameslin', 'comeseetake', 'isafdez', 'alicia.mosq', 'mmartinezsanchez', 'edgarmtz', 'chema', 'guoxg46', 'tergel1999', '2015soham.sawant', 'danidrivas98', 'rayoaki7', 'nuriatellado', 'anar4331', 'caetano.eirea', 'bingshengliu', 'uutty2010', 'zhs002', 'max1028d', 'dyoh5119', 'e.ivanlopgar1997', 'jiaqi.guoguo', 'nivedaksubramanian', 'albertoccz', 'angelaturnes', 'iagomoscer', 'esteban.figueroa', 'chenxiwang', 'manucro10', 'luisbarrios', 'martin32', 'salamghgh20', 'gbatzorig268', 'valeriamg', 'savas', 'alex_varela_17', 'thackettt', 'pablomd', 'hit.kamble', 'austinz', 'chenxi', 'arturocastro94', 'amirbadshah224', 'gmedina', 'dariogarciaredecillas', 'melissa5', 'francisxavgr', 'martinzapatamartinez', 'chwi7664', 'paula.bolboreta', 'juanariza', 'miguelpinocarmona', 'japrz', 'fabiola.santos', 'lucamonduzzi96', 'ivan1', 'isaac.dominguez4444', 'elisa.vicenteei', 'mgupta15', 'cmoadne', 'anselmoantorcha', 'simoncarloscartamil', 'wanghb', 'berzasnon', 'joannesy', 'praveens013', 'e.lucasnavarrog', 'nuriamj', 'kong2020', 'facundobonfiglio', 'jbalderasfernandez', 'laurenp', 'rakki.datta', 'ottoridemar', 'antonionito1993', 'carterkirkendoll', 'yzarni89', 'anamconrado', 'carlosbesadaromero', 'sergiogrcsnchz', 'xoanmayo', 'policon', 'zewei', 'a997154508', 'foojorge', 'junwen', 'fofi94', 'victortorressuch', 'cristinacostas', 'jdanivc', 'aliraza2013ee360', 'emixose', 'choikj', 'david.garrido', 'fabiolajsanlop', 'juancarlosroutrera', 'costasdiego97', 'dulguun_021', 'paula.mourino', 'liuman961021', 'jerome.alag', 'alejandromo1610', 'p.suarez97', 'isaferjim', 'mariamfontan', 'cxiuqi1', 'mihaipx', 'abdulhaiyum.f', 'alsyaari', 'davidga568', 'jgm2096', 'isaac.carrillo', 'aloptor', 'jaimedmj', 'kennyxsy', 'haominl1997', 'dang.e', 'h_elmenier', 'prra6646', 'pedrogea08', 'lluisgonzaga96', 'limengyuanli66', 'yuxian123', 'zhaoyu960207', 'sstty7', 'guojunxiong25', 'zakizhou', 'mari.paucom', 'yingxue58', 'danidm', 'justinegiroux', 'exareivaj', 'brendaorea15', 'jesslyn', 'sangkyu.sun', 'miguellopezcardenas98', 'maurobn98', 'myez', 'floren_ff', 'agarviespi', 'cytuslll1997', 'leoncc', 'plmolina4', 'rubenortega', 'sergiocalo.barranha', 'clarahernandez05f', 'feijoomartina', 'mordor', 'andrei.luneow01031999', 'chenyue', 'gkkk6', 'tsogooanurad', 'juanjoseo', '9.genest.gabriel', 'qwe', 'dalder', 'al16do06', 'gonzavt15', 'blasern', 'ero15953', '836054323_wj', 'ergobe3', 'delegbayanmunkh9', 'miaocx714', 'elmu6301', 'veronica.castro', 'pablolopezexposito', 'albertoangulo', 'antonio98y', 'ionemanuelmoralesrosales', 'dja19951995', 'marinabm', 'clarachapela10', 'ejg98', 'ee5502', 'alyabra', 'albacosta', 'hamza32amar', 'essheh', 'iagomillanentenza', 'wmy', 'alyabra.vargas', 'e.jojusalo', 'chrispvnofficial', 'xiaode', 'hewutanyuan', 'campamarin', 'martin.gutierrez', 'songy', 'bellmanz', 'soddy1996', 'clara.landesa', 'sylim1', 'qumo4329', 'zhang.jiayu', 'juanjotromp', 'alyabra.alejandro', 'hariprasanna', 'adec', 'ch2922', 'wang.yaoz', 'bulganb28', 'b.purevkhuu', 'ludoba2912', 'sotmas', 'lauragdevesa', 'joeanszxc', 'albertortepin', 'luisgfloreslarrea', 'zihang']"
1,47,281,10,2,"['gbatzorig268', 'watashi.legion']",279,"['anderson.bi', 'wangjianed_1992', 'manuel10suarez10', 'ryu.j', 'chenre', 'ralfli', 'miri23', 'dariogarred', 'juansans98', 'lianyi96', 'lluissanuy', 'antoinelegare', 'e.fisicahamza', 'thunaung', 'lidiadom', 'christsun', 'miguel_fernandez', 'elena.j.g', 'xxy0501', 'andreasorroche', 'andrea.mendez', 'danielfdezcalo', 'pablosempredepor97', 'akamsali', 'alecorti.pardo', 'xhan009', 'xxxxiaofan', 'gonzalogbb', 'aidan.rooney17', 'mihai.pislaru.fisica', 'stgermain.b', 'claudia.puga', 'fran.mosquera.pena', 'pablojosecalvo', 'michaelcameronmcdonald', 'hdelatorre3524', 'tonybocadillosgrandes', 'e0427406', 'fernando_ibarra', 'shikhararvind', 'uxiavelca', 'jinfengleong', 'shizhan.flood', 'guyu', 'niravsurajlal', 'pablosande98', 'wtq77', 'marniesan', 'xiaolei', 'savardbastien', 'alexsanchezcast', 'pablocrespo11', 'brunolopez', 'julioug1', 'pmvd95', 'melonlzheng', 'pedrobeko98', 'xoangon', 'henglund', 'sebastianvromero', 'samuelfl', 'elviracastillo', 'sohamsawant912', 'elmanguito', 'iagopardo97', 'roberto.nava', 'bgutierrez', 'noxis986', 'shihhaotsai', 'aledes', 'rysw5590', 'enriquevaliente17', 'pablo.garcia.bas', 'j.guedegar', 'jameslin', 'comeseetake', 'isafdez', 'alicia.mosq', 'mmartinezsanchez', 'edgarmtz', 'chema', 'guoxg46', 'tergel1999', '2015soham.sawant', 'danidrivas98', 'rayoaki7', 'nuriatellado', 'anar4331', 'caetano.eirea', 'bingshengliu', 'uutty2010', 'zhs002', 'dyoh5119', 'e.ivanlopgar1997', 'jiaqi.guoguo', 'nivedaksubramanian', 'albertoccz', 'angelaturnes', 'iagomoscer', 'esteban.figueroa', 'chenxiwang', 'manucro10', 'luisbarrios', 'martin32', 'salamghgh20', 'valeriamg', 'savas', 'alex_varela_17', 'thackettt', 'pablomd', 'hit.kamble', 'austinz', 'chenxi', 'arturocastro94', 'amirbadshah224', 'gmedina', 'dariogarciaredecillas', 'melissa5', 'francisxavgr', 'martinzapatamartinez', 'chwi7664', 'paula.bolboreta', 'juanariza', 'miguelpinocarmona', 'japrz', 'fabiola.santos', 'lucamonduzzi96', 'ivan1', 'isaac.dominguez4444', 'elisa.vicenteei', 'mgupta15', 'cmoadne', 'anselmoantorcha', 'simoncarloscartamil', 'wanghb', 'berzasnon', 'joannesy', 'praveens013', 'e.lucasnavarrog', 'nuriamj', 'kong2020', 'facundobonfiglio', 'jbalderasfernandez', 'laurenp', 'rakki.datta', 'ottoridemar', 'antonionito1993', 'carterkirkendoll', 'yzarni89', 'anamconrado', 'carlosbesadaromero', 'sergiogrcsnchz', 'xoanmayo', 'policon', 'zewei', 'a997154508', 'foojorge', 'junwen', 'fofi94', 'victortorressuch', 'cristinacostas', 'jdanivc', 'aliraza2013ee360', 'emixose', 'choikj', 'david.garrido', 'fabiolajsanlop', 'juancarlosroutrera', 'costasdiego97', 'dulguun_021', 'paula.mourino', 'liuman961021', 'jerome.alag', 'alejandromo1610', 'p.suarez97', 'isaferjim', 'mariamfontan', 'cxiuqi1', 'mihaipx', 'abdulhaiyum.f', 'alsyaari', 'davidga568', 'jgm2096', 'isaac.carrillo', 'aloptor', 'jaimedmj', 'kennyxsy', 'haominl1997', 'dang.e', 'h_elmenier', 'prra6646', 'pedrogea08', 'lluisgonzaga96', 'limengyuanli66', 'yuxian123', 'zhaoyu960207', 'sstty7', 'guojunxiong25', 'zakizhou', 'mari.paucom', 'yingxue58', 'danidm', 'justinegiroux', 'exareivaj', 'brendaorea15', 'jesslyn', 'sangkyu.sun', 'miguellopezcardenas98', 'maurobn98', 'myez', 'floren_ff', 'agarviespi', 'cytuslll1997', 'leoncc', 'plmolina4', 'rubenortega', 'sergiocalo.barranha', 'clarahernandez05f', 'feijoomartina', 'mordor', 'andrei.luneow01031999', 'chenyue', 'gkkk6', 'juanjoseo', '9.genest.gabriel', 'qwe', 'dalder', 'al16do06', 'gonzavt15', 'blasern', 'ero15953', '836054323_wj', 'ergobe3', 'miaocx714', 'elmu6301', 'veronica.castro', 'pablolopezexposito', 'albertoangulo', 'antonio98y', 'ionemanuelmoralesrosales', 'dja19951995', 'marinabm', 'clarachapela10', 'ejg98', 'ee5502', 'alyabra', 'albacosta', 'hamza32amar', 'essheh', 'iagomillanentenza', 'wmy', 'alyabra.vargas', 'e.jojusalo', 'chrispvnofficial', 'xiaode', 'hewutanyuan', 'campamarin', 'martin.gutierrez', 'songy', 'bellmanz', 'soddy1996', 'clara.landesa', 'sylim1', 'qumo4329', 'zhang.jiayu', 'juanjotromp', 'alyabra.alejandro', 'hariprasanna', 'adec', 'ch2922', 'wang.yaoz', 'bulganb28', 'ludoba2912', 'sotmas', 'lauragdevesa', 'joeanszxc', 'albertortepin', 'luisgfloreslarrea', 'zihang']",8,"['atilyacez', 'dulguun.davaadorj.dd', 'iderss12', 'slize9995', 'enkhamgalanbaatar', 'bymbaa6789', 'bat.munkherdene22', None]",289,"['anderson.bi', 'wangjianed_1992', 'manuel10suarez10', 'ryu.j', 'chenre', 'ralfli', 'miri23', 'dariogarred', 'juansans98', 'lianyi96', 'lluissanuy', 'antoinelegare', 'e.fisicahamza', 'thunaung', 'lidiadom', 'christsun', 'miguel_fernandez', 'elena.j.g', 'xxy0501', 'andreasorroche', 'andrea.mendez', 'danielfdezcalo', 'pablosempredepor97', 'akamsali', 'alecorti.pardo', 'xhan009', 'xxxxiaofan', 'gonzalogbb', 'aidan.rooney17', 'mihai.pislaru.fisica', 'stgermain.b', 'claudia.puga', 'fran.mosquera.pena', 'bymbaa6789', 'pablojosecalvo', 'michaelcameronmcdonald', 'hdelatorre3524', 'tonybocadillosgrandes', 'e0427406', 'fernando_ibarra', 'shikhararvind', 'atilyacez', 'uxiavelca', 'jinfengleong', 'shizhan.flood', 'guyu', 'niravsurajlal', 'pablosande98', 'wtq77', 'marniesan', 'watashi.legion', 'slize9995', 'xiaolei', 'savardbastien', 'alexsanchezcast', 'pablocrespo11', 'brunolopez', 'julioug1', 'pmvd95', 'melonlzheng', 'pedrobeko98', 'xoangon', 'henglund', 'bat.munkherdene22', 'sebastianvromero', 'samuelfl', 'elviracastillo', 'sohamsawant912', 'elmanguito', 'iagopardo97', 'roberto.nava', 'bgutierrez', 'noxis986', None, 'shihhaotsai', 'aledes', 'rysw5590', 'enriquevaliente17', 'pablo.garcia.bas', 'j.guedegar', 'jameslin', 'comeseetake', 'isafdez', 'alicia.mosq', 'mmartinezsanchez', 'edgarmtz', 'chema', 'guoxg46', 'tergel1999', '2015soham.sawant', 'danidrivas98', 'rayoaki7', 'nuriatellado', 'anar4331', 'caetano.eirea', 'bingshengliu', 'uutty2010', 'zhs002', 'dyoh5119', 'e.ivanlopgar1997', 'jiaqi.guoguo', 'nivedaksubramanian', 'albertoccz', 'angelaturnes', 'iagomoscer', 'esteban.figueroa', 'chenxiwang', 'manucro10', 'luisbarrios', 'martin32', 'salamghgh20', 'gbatzorig268', 'valeriamg', 'savas', 'alex_varela_17', 'thackettt', 'pablomd', 'hit.kamble', 'austinz', 'chenxi', 'arturocastro94', 'amirbadshah224', 'gmedina', 'dariogarciaredecillas', 'melissa5', 'francisxavgr', 'martinzapatamartinez', 'chwi7664', 'paula.bolboreta', 'juanariza', 'miguelpinocarmona', 'japrz', 'fabiola.santos', 'lucamonduzzi96', 'ivan1', 'isaac.dominguez4444', 'elisa.vicenteei', 'mgupta15', 'cmoadne', 'anselmoantorcha', 'simoncarloscartamil', 'wanghb', 'berzasnon', 'joannesy', 'praveens013', 'e.lucasnavarrog', 'nuriamj', 'kong2020', 'facundobonfiglio', 'jbalderasfernandez', 'laurenp', 'rakki.datta', 'ottoridemar', 'antonionito1993', 'carterkirkendoll', 'yzarni89', 'anamconrado', 'carlosbesadaromero', 'sergiogrcsnchz', 'xoanmayo', 'policon', 'zewei', 'a997154508', 'foojorge', 'junwen', 'enkhamgalanbaatar', 'fofi94', 'victortorressuch', 'cristinacostas', 'jdanivc', 'aliraza2013ee360', 'emixose', 'choikj', 'david.garrido', 'fabiolajsanlop', 'juancarlosroutrera', 'costasdiego97', 'dulguun_021', 'paula.mourino', 'liuman961021', 'jerome.alag', 'alejandromo1610', 'p.suarez97', 'dulguun.davaadorj.dd', 'isaferjim', 'mariamfontan', 'cxiuqi1', 'mihaipx', 'abdulhaiyum.f', 'alsyaari', 'davidga568', 'jgm2096', 'isaac.carrillo', 'aloptor', 'jaimedmj', 'kennyxsy', 'haominl1997', 'dang.e', 'h_elmenier', 'prra6646', 'pedrogea08', 'lluisgonzaga96', 'limengyuanli66', 'yuxian123', 'zhaoyu960207', 'sstty7', 'guojunxiong25', 'zakizhou', 'mari.paucom', 'yingxue58', 'danidm', 'justinegiroux', 'exareivaj', 'brendaorea15', 'jesslyn', 'sangkyu.sun', 'miguellopezcardenas98', 'maurobn98', 'myez', 'floren_ff', 'agarviespi', 'cytuslll1997', 'leoncc', 'plmolina4', 'rubenortega', 'sergiocalo.barranha', 'clarahernandez05f', 'feijoomartina', 'mordor', 'andrei.luneow01031999', 'chenyue', 'gkkk6', 'juanjoseo', '9.genest.gabriel', 'qwe', 'dalder', 'al16do06', 'gonzavt15', 'blasern', 'ero15953', '836054323_wj', 'ergobe3', 'miaocx714', 'elmu6301', 'veronica.castro', 'pablolopezexposito', 'albertoangulo', 'antonio98y', 'ionemanuelmoralesrosales', 'dja19951995', 'marinabm', 'clarachapela10', 'ejg98', 'ee5502', 'alyabra', 'albacosta', 'hamza32amar', 'essheh', 'iagomillanentenza', 'wmy', 'alyabra.vargas', 'e.jojusalo', 'chrispvnofficial', 'xiaode', 'hewutanyuan', 'campamarin', 'martin.gutierrez', 'songy', 'bellmanz', 'iderss12', 'soddy1996', 'clara.landesa', 'sylim1', 'qumo4329', 'zhang.jiayu', 'juanjotromp', 'alyabra.alejandro', 'hariprasanna', 'adec', 'ch2922', 'wang.yaoz', 'bulganb28', 'ludoba2912', 'sotmas', 'lauragdevesa', 'joeanszxc', 'albertortepin', 'luisgfloreslarrea', 'zihang']"
1,27,281,9,7,"['isaac.carrillo', 'ero15953', 'bgutierrez', 'edgarmtz', 'alyabra.vargas', 'alyabra.alejandro', 'veronica.castro']",274,"['anderson.bi', 'wangjianed_1992', 'manuel10suarez10', 'ryu.j', 'chenre', 'ralfli', 'miri23', 'dariogarred', 'juansans98', 'lianyi96', 'lluissanuy', 'antoinelegare', 'e.fisicahamza', 'thunaung', 'lidiadom', 'christsun', 'miguel_fernandez', 'elena.j.g', 'xxy0501', 'andreasorroche', 'andrea.mendez', 'danielfdezcalo', 'pablosempredepor97', 'akamsali', 'alecorti.pardo', 'xhan009', 'xxxxiaofan', 'gonzalogbb', 'aidan.rooney17', 'mihai.pislaru.fisica', 'stgermain.b', 'claudia.puga', 'fran.mosquera.pena', 'pablojosecalvo', 'michaelcameronmcdonald', 'hdelatorre3524', 'tonybocadillosgrandes', 'e0427406', 'fernando_ibarra', 'shikhararvind', 'uxiavelca', 'jinfengleong', 'shizhan.flood', 'guyu', 'niravsurajlal', 'pablosande98', 'wtq77', 'marniesan', 'watashi.legion', 'xiaolei', 'savardbastien', 'alexsanchezcast', 'pablocrespo11', 'brunolopez', 'julioug1', 'pmvd95', 'melonlzheng', 'pedrobeko98', 'xoangon', 'henglund', 'sebastianvromero', 'samuelfl', 'elviracastillo', 'sohamsawant912', 'elmanguito', 'iagopardo97', 'roberto.nava', 'noxis986', 'shihhaotsai', 'aledes', 'rysw5590', 'enriquevaliente17', 'pablo.garcia.bas', 'j.guedegar', 'jameslin', 'comeseetake', 'isafdez', 'alicia.mosq', 'mmartinezsanchez', 'chema', 'guoxg46', 'tergel1999', '2015soham.sawant', 'danidrivas98', 'rayoaki7', 'nuriatellado', 'anar4331', 'caetano.eirea', 'bingshengliu', 'uutty2010', 'zhs002', 'dyoh5119', 'e.ivanlopgar1997', 'jiaqi.guoguo', 'nivedaksubramanian', 'albertoccz', 'angelaturnes', 'iagomoscer', 'esteban.figueroa', 'chenxiwang', 'manucro10', 'luisbarrios', 'martin32', 'salamghgh20', 'gbatzorig268', 'valeriamg', 'savas', 'alex_varela_17', 'thackettt', 'pablomd', 'hit.kamble', 'austinz', 'chenxi', 'arturocastro94', 'amirbadshah224', 'gmedina', 'dariogarciaredecillas', 'melissa5', 'francisxavgr', 'martinzapatamartinez', 'chwi7664', 'paula.bolboreta', 'juanariza', 'miguelpinocarmona', 'japrz', 'fabiola.santos', 'lucamonduzzi96', 'ivan1', 'isaac.dominguez4444', 'elisa.vicenteei', 'mgupta15', 'cmoadne', 'anselmoantorcha', 'simoncarloscartamil', 'wanghb', 'berzasnon', 'joannesy', 'praveens013', 'e.lucasnavarrog', 'nuriamj', 'kong2020', 'facundobonfiglio', 'jbalderasfernandez', 'laurenp', 'rakki.datta', 'ottoridemar', 'antonionito1993', 'carterkirkendoll', 'yzarni89', 'anamconrado', 'carlosbesadaromero', 'sergiogrcsnchz', 'xoanmayo', 'policon', 'zewei', 'a997154508', 'foojorge', 'junwen', 'fofi94', 'victortorressuch', 'cristinacostas', 'jdanivc', 'aliraza2013ee360', 'emixose', 'choikj', 'david.garrido', 'fabiolajsanlop', 'juancarlosroutrera', 'costasdiego97', 'dulguun_021', 'paula.mourino', 'liuman961021', 'jerome.alag', 'alejandromo1610', 'p.suarez97', 'isaferjim', 'mariamfontan', 'cxiuqi1', 'mihaipx', 'abdulhaiyum.f', 'alsyaari', 'davidga568', 'jgm2096', 'aloptor', 'jaimedmj', 'kennyxsy', 'haominl1997', 'dang.e', 'h_elmenier', 'prra6646', 'pedrogea08', 'lluisgonzaga96', 'limengyuanli66', 'yuxian123', 'zhaoyu960207', 'sstty7', 'guojunxiong25', 'zakizhou', 'mari.paucom', 'yingxue58', 'danidm', 'justinegiroux', 'exareivaj', 'brendaorea15', 'jesslyn', 'sangkyu.sun', 'miguellopezcardenas98', 'maurobn98', 'myez', 'floren_ff', 'agarviespi', 'cytuslll1997', 'leoncc', 'plmolina4', 'rubenortega', 'sergiocalo.barranha', 'clarahernandez05f', 'feijoomartina', 'mordor', 'andrei.luneow01031999', 'chenyue', 'gkkk6', 'juanjoseo', '9.genest.gabriel', 'qwe', 'dalder', 'al16do06', 'gonzavt15', 'blasern', '836054323_wj', 'ergobe3', 'miaocx714', 'elmu6301', 'pablolopezexposito', 'albertoangulo', 'antonio98y', 'ionemanuelmoralesrosales', 'dja19951995', 'marinabm', 'clarachapela10', 'ejg98', 'ee5502', 'alyabra', 'albacosta', 'hamza32amar', 'essheh', 'iagomillanentenza', 'wmy', 'e.jojusalo', 'chrispvnofficial', 'xiaode', 'hewutanyuan', 'campamarin', 'martin.gutierrez', 'songy', 'bellmanz', 'soddy1996', 'clara.landesa', 'sylim1', 'qumo4329', 'zhang.jiayu', 'juanjotromp', 'hariprasanna', 'adec', 'ch2922', 'wang.yaoz', 'bulganb28', 'ludoba2912', 'sotmas', 'lauragdevesa', 'joeanszxc', 'albertortepin', 'luisgfloreslarrea', 'zihang']",2,"['andreallanas', None]",283,"['anderson.bi', 'wangjianed_1992', 'manuel10suarez10', 'ryu.j', 'chenre', 'ralfli', 'miri23', 'dariogarred', 'juansans98', 'lianyi96', 'lluissanuy', 'antoinelegare', 'e.fisicahamza', 'thunaung', 'lidiadom', 'christsun', 'miguel_fernandez', 'elena.j.g', 'xxy0501', 'andreasorroche', 'andrea.mendez', 'danielfdezcalo', 'pablosempredepor97', 'akamsali', 'alecorti.pardo', 'xhan009', 'xxxxiaofan', 'gonzalogbb', 'aidan.rooney17', 'mihai.pislaru.fisica', 'stgermain.b', 'claudia.puga', 'fran.mosquera.pena', 'pablojosecalvo', 'michaelcameronmcdonald', 'hdelatorre3524', 'tonybocadillosgrandes', 'e0427406', 'fernando_ibarra', 'shikhararvind', 'uxiavelca', 'jinfengleong', 'shizhan.flood', 'guyu', 'niravsurajlal', 'pablosande98', 'wtq77', 'marniesan', 'watashi.legion', 'xiaolei', 'savardbastien', 'alexsanchezcast', 'pablocrespo11', 'brunolopez', 'julioug1', 'pmvd95', 'melonlzheng', 'pedrobeko98', 'xoangon', 'henglund', 'sebastianvromero', 'samuelfl', 'elviracastillo', 'sohamsawant912', 'elmanguito', 'iagopardo97', 'roberto.nava', 'bgutierrez', 'noxis986', None, 'shihhaotsai', 'aledes', 'rysw5590', 'enriquevaliente17', 'pablo.garcia.bas', 'j.guedegar', 'jameslin', 'comeseetake', 'isafdez', 'alicia.mosq', 'mmartinezsanchez', 'edgarmtz', 'chema', 'guoxg46', 'tergel1999', '2015soham.sawant', 'danidrivas98', 'rayoaki7', 'nuriatellado', 'anar4331', 'caetano.eirea', 'bingshengliu', 'uutty2010', 'zhs002', 'dyoh5119', 'e.ivanlopgar1997', 'jiaqi.guoguo', 'nivedaksubramanian', 'albertoccz', 'angelaturnes', 'iagomoscer', 'esteban.figueroa', 'chenxiwang', 'manucro10', 'luisbarrios', 'martin32', 'salamghgh20', 'gbatzorig268', 'valeriamg', 'savas', 'alex_varela_17', 'thackettt', 'pablomd', 'hit.kamble', 'austinz', 'chenxi', 'arturocastro94', 'amirbadshah224', 'gmedina', 'dariogarciaredecillas', 'melissa5', 'francisxavgr', 'martinzapatamartinez', 'chwi7664', 'paula.bolboreta', 'juanariza', 'miguelpinocarmona', 'japrz', 'fabiola.santos', 'lucamonduzzi96', 'ivan1', 'isaac.dominguez4444', 'elisa.vicenteei', 'mgupta15', 'cmoadne', 'anselmoantorcha', 'simoncarloscartamil', 'wanghb', 'berzasnon', 'joannesy', 'praveens013', 'e.lucasnavarrog', 'nuriamj', 'kong2020', 'facundobonfiglio', 'jbalderasfernandez', 'laurenp', 'rakki.datta', 'ottoridemar', 'antonionito1993', 'carterkirkendoll', 'yzarni89', 'anamconrado', 'carlosbesadaromero', 'sergiogrcsnchz', 'xoanmayo', 'policon', 'zewei', 'a997154508', 'foojorge', 'junwen', 'fofi94', 'victortorressuch', 'cristinacostas', 'jdanivc', 'aliraza2013ee360', 'emixose', 'choikj', 'david.garrido', 'fabiolajsanlop', 'juancarlosroutrera', 'costasdiego97', 'dulguun_021', 'paula.mourino', 'liuman961021', 'jerome.alag', 'alejandromo1610', 'p.suarez97', 'isaferjim', 'mariamfontan', 'cxiuqi1', 'mihaipx', 'abdulhaiyum.f', 'alsyaari', 'davidga568', 'jgm2096', 'isaac.carrillo', 'andreallanas', 'aloptor', 'jaimedmj', 'kennyxsy', 'haominl1997', 'dang.e', 'h_elmenier', 'prra6646', 'pedrogea08', 'lluisgonzaga96', 'limengyuanli66', 'yuxian123', 'zhaoyu960207', 'sstty7', 'guojunxiong25', 'zakizhou', 'mari.paucom', 'yingxue58', 'danidm', 'justinegiroux', 'exareivaj', 'brendaorea15', 'jesslyn', 'sangkyu.sun', 'miguellopezcardenas98', 'maurobn98', 'myez', 'floren_ff', 'agarviespi', 'cytuslll1997', 'leoncc', 'plmolina4', 'rubenortega', 'sergiocalo.barranha', 'clarahernandez05f', 'feijoomartina', 'mordor', 'andrei.luneow01031999', 'chenyue', 'gkkk6', 'juanjoseo', '9.genest.gabriel', 'qwe', 'dalder', 'al16do06', 'gonzavt15', 'blasern', 'ero15953', '836054323_wj', 'ergobe3', 'miaocx714', 'elmu6301', 'veronica.castro', 'pablolopezexposito', 'albertoangulo', 'antonio98y', 'ionemanuelmoralesrosales', 'dja19951995', 'marinabm', 'clarachapela10', 'ejg98', 'ee5502', 'alyabra', 'albacosta', 'hamza32amar', 'essheh', 'iagomillanentenza', 'wmy', 'alyabra.vargas', 'e.jojusalo', 'chrispvnofficial', 'xiaode', 'hewutanyuan', 'campamarin', 'martin.gutierrez', 'songy', 'bellmanz', 'soddy1996', 'clara.landesa', 'sylim1', 'qumo4329', 'zhang.jiayu', 'juanjotromp', 'alyabra.alejandro', 'hariprasanna', 'adec', 'ch2922', 'wang.yaoz', 'bulganb28', 'ludoba2912', 'sotmas', 'lauragdevesa', 'joeanszxc', 'albertortepin', 'luisgfloreslarrea', 'zihang']"
1,33,281,9,2,"['gbatzorig268', 'watashi.legion']",279,"['anderson.bi', 'wangjianed_1992', 'manuel10suarez10', 'ryu.j', 'chenre', 'ralfli', 'miri23', 'dariogarred', 'juansans98', 'lianyi96', 'lluissanuy', 'antoinelegare', 'e.fisicahamza', 'thunaung', 'lidiadom', 'christsun', 'miguel_fernandez', 'elena.j.g', 'xxy0501', 'andreasorroche', 'andrea.mendez', 'danielfdezcalo', 'pablosempredepor97', 'akamsali', 'alecorti.pardo', 'xhan009', 'xxxxiaofan', 'gonzalogbb', 'aidan.rooney17', 'mihai.pislaru.fisica', 'stgermain.b', 'claudia.puga', 'fran.mosquera.pena', 'pablojosecalvo', 'michaelcameronmcdonald', 'hdelatorre3524', 'tonybocadillosgrandes', 'e0427406', 'fernando_ibarra', 'shikhararvind', 'uxiavelca', 'jinfengleong', 'shizhan.flood', 'guyu', 'niravsurajlal', 'pablosande98', 'wtq77', 'marniesan', 'xiaolei', 'savardbastien', 'alexsanchezcast', 'pablocrespo11', 'brunolopez', 'julioug1', 'pmvd95', 'melonlzheng', 'pedrobeko98', 'xoangon', 'henglund', 'sebastianvromero', 'samuelfl', 'elviracastillo', 'sohamsawant912', 'elmanguito', 'iagopardo97', 'roberto.nava', 'bgutierrez', 'noxis986', 'shihhaotsai', 'aledes', 'rysw5590', 'enriquevaliente17', 'pablo.garcia.bas', 'j.guedegar', 'jameslin', 'comeseetake', 'isafdez', 'alicia.mosq', 'mmartinezsanchez', 'edgarmtz', 'chema', 'guoxg46', 'tergel1999', '2015soham.sawant', 'danidrivas98', 'rayoaki7', 'nuriatellado', 'anar4331', 'caetano.eirea', 'bingshengliu', 'uutty2010', 'zhs002', 'dyoh5119', 'e.ivanlopgar1997', 'jiaqi.guoguo', 'nivedaksubramanian', 'albertoccz', 'angelaturnes', 'iagomoscer', 'esteban.figueroa', 'chenxiwang', 'manucro10', 'luisbarrios', 'martin32', 'salamghgh20', 'valeriamg', 'savas', 'alex_varela_17', 'thackettt', 'pablomd', 'hit.kamble', 'austinz', 'chenxi', 'arturocastro94', 'amirbadshah224', 'gmedina', 'dariogarciaredecillas', 'melissa5', 'francisxavgr', 'martinzapatamartinez', 'chwi7664', 'paula.bolboreta', 'juanariza', 'miguelpinocarmona', 'japrz', 'fabiola.santos', 'lucamonduzzi96', 'ivan1', 'isaac.dominguez4444', 'elisa.vicenteei', 'mgupta15', 'cmoadne', 'anselmoantorcha', 'simoncarloscartamil', 'wanghb', 'berzasnon', 'joannesy', 'praveens013', 'e.lucasnavarrog', 'nuriamj', 'kong2020', 'facundobonfiglio', 'jbalderasfernandez', 'laurenp', 'rakki.datta', 'ottoridemar', 'antonionito1993', 'carterkirkendoll', 'yzarni89', 'anamconrado', 'carlosbesadaromero', 'sergiogrcsnchz', 'xoanmayo', 'policon', 'zewei', 'a997154508', 'foojorge', 'junwen', 'fofi94', 'victortorressuch', 'cristinacostas', 'jdanivc', 'aliraza2013ee360', 'emixose', 'choikj', 'david.garrido', 'fabiolajsanlop', 'juancarlosroutrera', 'costasdiego97', 'dulguun_021', 'paula.mourino', 'liuman961021', 'jerome.alag', 'alejandromo1610', 'p.suarez97', 'isaferjim', 'mariamfontan', 'cxiuqi1', 'mihaipx', 'abdulhaiyum.f', 'alsyaari', 'davidga568', 'jgm2096', 'isaac.carrillo', 'aloptor', 'jaimedmj', 'kennyxsy', 'haominl1997', 'dang.e', 'h_elmenier', 'prra6646', 'pedrogea08', 'lluisgonzaga96', 'limengyuanli66', 'yuxian123', 'zhaoyu960207', 'sstty7', 'guojunxiong25', 'zakizhou', 'mari.paucom', 'yingxue58', 'danidm', 'justinegiroux', 'exareivaj', 'brendaorea15', 'jesslyn', 'sangkyu.sun', 'miguellopezcardenas98', 'maurobn98', 'myez', 'floren_ff', 'agarviespi', 'cytuslll1997', 'leoncc', 'plmolina4', 'rubenortega', 'sergiocalo.barranha', 'clarahernandez05f', 'feijoomartina', 'mordor', 'andrei.luneow01031999', 'chenyue', 'gkkk6', 'juanjoseo', '9.genest.gabriel', 'qwe', 'dalder', 'al16do06', 'gonzavt15', 'blasern', 'ero15953', '836054323_wj', 'ergobe3', 'miaocx714', 'elmu6301', 'veronica.castro', 'pablolopezexposito', 'albertoangulo', 'antonio98y', 'ionemanuelmoralesrosales', 'dja19951995', 'marinabm', 'clarachapela10', 'ejg98', 'ee5502', 'alyabra', 'albacosta', 'hamza32amar', 'essheh', 'iagomillanentenza', 'wmy', 'alyabra.vargas', 'e.jojusalo', 'chrispvnofficial', 'xiaode', 'hewutanyuan', 'campamarin', 'martin.gutierrez', 'songy', 'bellmanz', 'soddy1996', 'clara.landesa', 'sylim1', 'qumo4329', 'zhang.jiayu', 'juanjotromp', 'alyabra.alejandro', 'hariprasanna', 'adec', 'ch2922', 'wang.yaoz', 'bulganb28', 'ludoba2912', 'sotmas', 'lauragdevesa', 'joeanszxc', 'albertortepin', 'luisgfloreslarrea', 'zihang']",7,"['tsogooanurad', 'ochirhuyag', 'atilyacez', 'munkhbileg247', 'b.purevkhuu', 'delegbayanmunkh9', None]",288,"['anderson.bi', 'wangjianed_1992', 'manuel10suarez10', 'ryu.j', 'chenre', 'ralfli', 'miri23', 'dariogarred', 'juansans98', 'lianyi96', 'lluissanuy', 'antoinelegare', 'e.fisicahamza', 'thunaung', 'lidiadom', 'christsun', 'miguel_fernandez', 'elena.j.g', 'xxy0501', 'andreasorroche', 'andrea.mendez', 'danielfdezcalo', 'pablosempredepor97', 'akamsali', 'alecorti.pardo', 'xhan009', 'xxxxiaofan', 'gonzalogbb', 'aidan.rooney17', 'mihai.pislaru.fisica', 'stgermain.b', 'claudia.puga', 'fran.mosquera.pena', 'pablojosecalvo', 'michaelcameronmcdonald', 'hdelatorre3524', 'tonybocadillosgrandes', 'e0427406', 'fernando_ibarra', 'shikhararvind', 'atilyacez', 'uxiavelca', 'jinfengleong', 'shizhan.flood', 'guyu', 'niravsurajlal', 'pablosande98', 'wtq77', 'marniesan', 'watashi.legion', 'xiaolei', 'savardbastien', 'alexsanchezcast', 'pablocrespo11', 'brunolopez', 'julioug1', 'pmvd95', 'melonlzheng', 'pedrobeko98', 'xoangon', 'henglund', 'sebastianvromero', 'samuelfl', 'elviracastillo', 'sohamsawant912', 'elmanguito', 'iagopardo97', 'roberto.nava', 'bgutierrez', 'noxis986', None, 'ochirhuyag', 'shihhaotsai', 'aledes', 'rysw5590', 'enriquevaliente17', 'pablo.garcia.bas', 'j.guedegar', 'jameslin', 'comeseetake', 'isafdez', 'alicia.mosq', 'mmartinezsanchez', 'edgarmtz', 'chema', 'guoxg46', 'tergel1999', '2015soham.sawant', 'danidrivas98', 'rayoaki7', 'nuriatellado', 'anar4331', 'caetano.eirea', 'bingshengliu', 'uutty2010', 'munkhbileg247', 'zhs002', 'dyoh5119', 'e.ivanlopgar1997', 'jiaqi.guoguo', 'nivedaksubramanian', 'albertoccz', 'angelaturnes', 'iagomoscer', 'esteban.figueroa', 'chenxiwang', 'manucro10', 'luisbarrios', 'martin32', 'salamghgh20', 'gbatzorig268', 'valeriamg', 'savas', 'alex_varela_17', 'thackettt', 'pablomd', 'hit.kamble', 'austinz', 'chenxi', 'arturocastro94', 'amirbadshah224', 'gmedina', 'dariogarciaredecillas', 'melissa5', 'francisxavgr', 'martinzapatamartinez', 'chwi7664', 'paula.bolboreta', 'juanariza', 'miguelpinocarmona', 'japrz', 'fabiola.santos', 'lucamonduzzi96', 'ivan1', 'isaac.dominguez4444', 'elisa.vicenteei', 'mgupta15', 'cmoadne', 'anselmoantorcha', 'simoncarloscartamil', 'wanghb', 'berzasnon', 'joannesy', 'praveens013', 'e.lucasnavarrog', 'nuriamj', 'kong2020', 'facundobonfiglio', 'jbalderasfernandez', 'laurenp', 'rakki.datta', 'ottoridemar', 'antonionito1993', 'carterkirkendoll', 'yzarni89', 'anamconrado', 'carlosbesadaromero', 'sergiogrcsnchz', 'xoanmayo', 'policon', 'zewei', 'a997154508', 'foojorge', 'junwen', 'fofi94', 'victortorressuch', 'cristinacostas', 'jdanivc', 'aliraza2013ee360', 'emixose', 'choikj', 'david.garrido', 'fabiolajsanlop', 'juancarlosroutrera', 'costasdiego97', 'dulguun_021', 'paula.mourino', 'liuman961021', 'jerome.alag', 'alejandromo1610', 'p.suarez97', 'isaferjim', 'mariamfontan', 'cxiuqi1', 'mihaipx', 'abdulhaiyum.f', 'alsyaari', 'davidga568', 'jgm2096', 'isaac.carrillo', 'aloptor', 'jaimedmj', 'kennyxsy', 'haominl1997', 'dang.e', 'h_elmenier', 'prra6646', 'pedrogea08', 'lluisgonzaga96', 'limengyuanli66', 'yuxian123', 'zhaoyu960207', 'sstty7', 'guojunxiong25', 'zakizhou', 'mari.paucom', 'yingxue58', 'danidm', 'justinegiroux', 'exareivaj', 'brendaorea15', 'jesslyn', 'sangkyu.sun', 'miguellopezcardenas98', 'maurobn98', 'myez', 'floren_ff', 'agarviespi', 'cytuslll1997', 'leoncc', 'plmolina4', 'rubenortega', 'sergiocalo.barranha', 'clarahernandez05f', 'feijoomartina', 'mordor', 'andrei.luneow01031999', 'chenyue', 'gkkk6', 'tsogooanurad', 'juanjoseo', '9.genest.gabriel', 'qwe', 'dalder', 'al16do06', 'gonzavt15', 'blasern', 'ero15953', '836054323_wj', 'ergobe3', 'delegbayanmunkh9', 'miaocx714', 'elmu6301', 'veronica.castro', 'pablolopezexposito', 'albertoangulo', 'antonio98y', 'ionemanuelmoralesrosales', 'dja19951995', 'marinabm', 'clarachapela10', 'ejg98', 'ee5502', 'alyabra', 'albacosta', 'hamza32amar', 'essheh', 'iagomillanentenza', 'wmy', 'alyabra.vargas', 'e.jojusalo', 'chrispvnofficial', 'xiaode', 'hewutanyuan', 'campamarin', 'martin.gutierrez', 'songy', 'bellmanz', 'soddy1996', 'clara.landesa', 'sylim1', 'qumo4329', 'zhang.jiayu', 'juanjotromp', 'alyabra.alejandro', 'hariprasanna', 'adec', 'ch2922', 'wang.yaoz', 'bulganb28', 'b.purevkhuu', 'ludoba2912', 'sotmas', 'lauragdevesa', 'joeanszxc', 'albertortepin', 'luisgfloreslarrea', 'zihang']"
1,40,281,9,5,"['ejg98', 'julioug1', 'pmvd95', 'dariogarred', 'miguellopezcardenas98']",276,"['anderson.bi', 'wangjianed_1992', 'manuel10suarez10', 'ryu.j', 'chenre', 'ralfli', 'miri23', 'juansans98', 'lianyi96', 'lluissanuy', 'antoinelegare', 'e.fisicahamza', 'thunaung', 'lidiadom', 'christsun', 'miguel_fernandez', 'elena.j.g', 'xxy0501', 'andreasorroche', 'andrea.mendez', 'danielfdezcalo', 'pablosempredepor97', 'akamsali', 'alecorti.pardo', 'xhan009', 'xxxxiaofan', 'gonzalogbb', 'aidan.rooney17', 'mihai.pislaru.fisica', 'stgermain.b', 'claudia.puga', 'fran.mosquera.pena', 'pablojosecalvo', 'michaelcameronmcdonald', 'hdelatorre3524', 'tonybocadillosgrandes', 'e0427406', 'fernando_ibarra', 'shikhararvind', 'uxiavelca', 'jinfengleong', 'shizhan.flood', 'guyu', 'niravsurajlal', 'pablosande98', 'wtq77', 'marniesan', 'watashi.legion', 'xiaolei', 'savardbastien', 'alexsanchezcast', 'pablocrespo11', 'brunolopez', 'melonlzheng', 'pedrobeko98', 'xoangon', 'henglund', 'sebastianvromero', 'samuelfl', 'elviracastillo', 'sohamsawant912', 'elmanguito', 'iagopardo97', 'roberto.nava', 'bgutierrez', 'noxis986', 'shihhaotsai', 'aledes', 'rysw5590', 'enriquevaliente17', 'pablo.garcia.bas', 'j.guedegar', 'jameslin', 'comeseetake', 'isafdez', 'alicia.mosq', 'mmartinezsanchez', 'edgarmtz', 'chema', 'guoxg46', 'tergel1999', '2015soham.sawant', 'danidrivas98', 'rayoaki7', 'nuriatellado', 'anar4331', 'caetano.eirea', 'bingshengliu', 'uutty2010', 'zhs002', 'dyoh5119', 'e.ivanlopgar1997', 'jiaqi.guoguo', 'nivedaksubramanian', 'albertoccz', 'angelaturnes', 'iagomoscer', 'esteban.figueroa', 'chenxiwang', 'manucro10', 'luisbarrios', 'martin32', 'salamghgh20', 'gbatzorig268', 'valeriamg', 'savas', 'alex_varela_17', 'thackettt', 'pablomd', 'hit.kamble', 'austinz', 'chenxi', 'arturocastro94', 'amirbadshah224', 'gmedina', 'dariogarciaredecillas', 'melissa5', 'francisxavgr', 'martinzapatamartinez', 'chwi7664', 'paula.bolboreta', 'juanariza', 'miguelpinocarmona', 'japrz', 'fabiola.santos', 'lucamonduzzi96', 'ivan1', 'isaac.dominguez4444', 'elisa.vicenteei', 'mgupta15', 'cmoadne', 'anselmoantorcha', 'simoncarloscartamil', 'wanghb', 'berzasnon', 'joannesy', 'praveens013', 'e.lucasnavarrog', 'nuriamj', 'kong2020', 'facundobonfiglio', 'jbalderasfernandez', 'laurenp', 'rakki.datta', 'ottoridemar', 'antonionito1993', 'carterkirkendoll', 'yzarni89', 'anamconrado', 'carlosbesadaromero', 'sergiogrcsnchz', 'xoanmayo', 'policon', 'zewei', 'a997154508', 'foojorge', 'junwen', 'fofi94', 'victortorressuch', 'cristinacostas', 'jdanivc', 'aliraza2013ee360', 'emixose', 'choikj', 'david.garrido', 'fabiolajsanlop', 'juancarlosroutrera', 'costasdiego97', 'dulguun_021', 'paula.mourino', 'liuman961021', 'jerome.alag', 'alejandromo1610', 'p.suarez97', 'isaferjim', 'mariamfontan', 'cxiuqi1', 'mihaipx', 'abdulhaiyum.f', 'alsyaari', 'davidga568', 'jgm2096', 'isaac.carrillo', 'aloptor', 'jaimedmj', 'kennyxsy', 'haominl1997', 'dang.e', 'h_elmenier', 'prra6646', 'pedrogea08', 'lluisgonzaga96', 'limengyuanli66', 'yuxian123', 'zhaoyu960207', 'sstty7', 'guojunxiong25', 'zakizhou', 'mari.paucom', 'yingxue58', 'danidm', 'justinegiroux', 'exareivaj', 'brendaorea15', 'jesslyn', 'sangkyu.sun', 'maurobn98', 'myez', 'floren_ff', 'agarviespi', 'cytuslll1997', 'leoncc', 'plmolina4', 'rubenortega', 'sergiocalo.barranha', 'clarahernandez05f', 'feijoomartina', 'mordor', 'andrei.luneow01031999', 'chenyue', 'gkkk6', 'juanjoseo', '9.genest.gabriel', 'qwe', 'dalder', 'al16do06', 'gonzavt15', 'blasern', 'ero15953', '836054323_wj', 'ergobe3', 'miaocx714', 'elmu6301', 'veronica.castro', 'pablolopezexposito', 'albertoangulo', 'antonio98y', 'ionemanuelmoralesrosales', 'dja19951995', 'marinabm', 'clarachapela10', 'ee5502', 'alyabra', 'albacosta', 'hamza32amar', 'essheh', 'iagomillanentenza', 'wmy', 'alyabra.vargas', 'e.jojusalo', 'chrispvnofficial', 'xiaode', 'hewutanyuan', 'campamarin', 'martin.gutierrez', 'songy', 'bellmanz', 'soddy1996', 'clara.landesa', 'sylim1', 'qumo4329', 'zhang.jiayu', 'juanjotromp', 'alyabra.alejandro', 'hariprasanna', 'adec', 'ch2922', 'wang.yaoz', 'bulganb28', 'ludoba2912', 'sotmas', 'lauragdevesa', 'joeanszxc', 'albertortepin', 'luisgfloreslarrea', 'zihang']",4,"['darkrising', 'emilioar', 'elena_lopez', None]",285,"['anderson.bi', 'wangjianed_1992', 'manuel10suarez10', 'ryu.j', 'chenre', 'ralfli', 'miri23', 'dariogarred', 'juansans98', 'lianyi96', 'lluissanuy', 'antoinelegare', 'e.fisicahamza', 'thunaung', 'lidiadom', 'christsun', 'miguel_fernandez', 'elena.j.g', 'xxy0501', 'andreasorroche', 'andrea.mendez', 'danielfdezcalo', 'pablosempredepor97', 'akamsali', 'alecorti.pardo', 'xhan009', 'xxxxiaofan', 'gonzalogbb', 'aidan.rooney17', 'mihai.pislaru.fisica', 'stgermain.b', 'claudia.puga', 'fran.mosquera.pena', 'pablojosecalvo', 'michaelcameronmcdonald', 'hdelatorre3524', 'tonybocadillosgrandes', 'e0427406', 'fernando_ibarra', 'shikhararvind', 'uxiavelca', 'jinfengleong', 'shizhan.flood', 'guyu', 'niravsurajlal', 'pablosande98', 'wtq77', 'marniesan', 'watashi.legion', 'xiaolei', 'savardbastien', 'alexsanchezcast', 'pablocrespo11', 'brunolopez', 'julioug1', 'pmvd95', 'melonlzheng', 'pedrobeko98', 'xoangon', 'henglund', 'sebastianvromero', 'samuelfl', 'elviracastillo', 'sohamsawant912', 'elmanguito', 'iagopardo97', 'roberto.nava', 'bgutierrez', 'noxis986', None, 'shihhaotsai', 'aledes', 'rysw5590', 'enriquevaliente17', 'pablo.garcia.bas', 'j.guedegar', 'jameslin', 'comeseetake', 'isafdez', 'alicia.mosq', 'mmartinezsanchez', 'edgarmtz', 'chema', 'guoxg46', 'tergel1999', '2015soham.sawant', 'danidrivas98', 'rayoaki7', 'nuriatellado', 'anar4331', 'caetano.eirea', 'bingshengliu', 'uutty2010', 'zhs002', 'dyoh5119', 'e.ivanlopgar1997', 'jiaqi.guoguo', 'nivedaksubramanian', 'albertoccz', 'angelaturnes', 'iagomoscer', 'esteban.figueroa', 'chenxiwang', 'manucro10', 'luisbarrios', 'martin32', 'salamghgh20', 'gbatzorig268', 'valeriamg', 'savas', 'alex_varela_17', 'thackettt', 'pablomd', 'hit.kamble', 'austinz', 'chenxi', 'arturocastro94', 'amirbadshah224', 'gmedina', 'dariogarciaredecillas', 'melissa5', 'francisxavgr', 'martinzapatamartinez', 'chwi7664', 'paula.bolboreta', 'juanariza', 'miguelpinocarmona', 'japrz', 'fabiola.santos', 'lucamonduzzi96', 'ivan1', 'isaac.dominguez4444', 'elisa.vicenteei', 'mgupta15', 'darkrising', 'cmoadne', 'anselmoantorcha', 'simoncarloscartamil', 'wanghb', 'berzasnon', 'joannesy', 'praveens013', 'e.lucasnavarrog', 'nuriamj', 'kong2020', 'facundobonfiglio', 'jbalderasfernandez', 'laurenp', 'rakki.datta', 'ottoridemar', 'antonionito1993', 'carterkirkendoll', 'yzarni89', 'anamconrado', 'carlosbesadaromero', 'sergiogrcsnchz', 'xoanmayo', 'policon', 'zewei', 'a997154508', 'foojorge', 'junwen', 'fofi94', 'victortorressuch', 'cristinacostas', 'jdanivc', 'aliraza2013ee360', 'emixose', 'choikj', 'david.garrido', 'fabiolajsanlop', 'juancarlosroutrera', 'emilioar', 'costasdiego97', 'dulguun_021', 'paula.mourino', 'liuman961021', 'jerome.alag', 'alejandromo1610', 'p.suarez97', 'isaferjim', 'mariamfontan', 'cxiuqi1', 'mihaipx', 'abdulhaiyum.f', 'alsyaari', 'davidga568', 'jgm2096', 'isaac.carrillo', 'aloptor', 'jaimedmj', 'elena_lopez', 'kennyxsy', 'haominl1997', 'dang.e', 'h_elmenier', 'prra6646', 'pedrogea08', 'lluisgonzaga96', 'limengyuanli66', 'yuxian123', 'zhaoyu960207', 'sstty7', 'guojunxiong25', 'zakizhou', 'mari.paucom', 'yingxue58', 'danidm', 'justinegiroux', 'exareivaj', 'brendaorea15', 'jesslyn', 'sangkyu.sun', 'miguellopezcardenas98', 'maurobn98', 'myez', 'floren_ff', 'agarviespi', 'cytuslll1997', 'leoncc', 'plmolina4', 'rubenortega', 'sergiocalo.barranha', 'clarahernandez05f', 'feijoomartina', 'mordor', 'andrei.luneow01031999', 'chenyue', 'gkkk6', 'juanjoseo', '9.genest.gabriel', 'qwe', 'dalder', 'al16do06', 'gonzavt15', 'blasern', 'ero15953', '836054323_wj', 'ergobe3', 'miaocx714', 'elmu6301', 'veronica.castro', 'pablolopezexposito', 'albertoangulo', 'antonio98y', 'ionemanuelmoralesrosales', 'dja19951995', 'marinabm', 'clarachapela10', 'ejg98', 'ee5502', 'alyabra', 'albacosta', 'hamza32amar', 'essheh', 'iagomillanentenza', 'wmy', 'alyabra.vargas', 'e.jojusalo', 'chrispvnofficial', 'xiaode', 'hewutanyuan', 'campamarin', 'martin.gutierrez', 'songy', 'bellmanz', 'soddy1996', 'clara.landesa', 'sylim1', 'qumo4329', 'zhang.jiayu', 'juanjotromp', 'alyabra.alejandro', 'hariprasanna', 'adec', 'ch2922', 'wang.yaoz', 'bulganb28', 'ludoba2912', 'sotmas', 'lauragdevesa', 'joeanszxc', 'albertortepin', 'luisgfloreslarrea', 'zihang']"
1,45,281,9,5,"['ejg98', 'julioug1', 'dariogarred', 'plmolina4', 'alexsanchezcast']",276,"['anderson.bi', 'wangjianed_1992', 'manuel10suarez10', 'ryu.j', 'chenre', 'ralfli', 'miri23', 'juansans98', 'lianyi96', 'lluissanuy', 'antoinelegare', 'e.fisicahamza', 'thunaung', 'lidiadom', 'christsun', 'miguel_fernandez', 'elena.j.g', 'xxy0501', 'andreasorroche', 'andrea.mendez', 'danielfdezcalo', 'pablosempredepor97', 'akamsali', 'alecorti.pardo', 'xhan009', 'xxxxiaofan', 'gonzalogbb', 'aidan.rooney17', 'mihai.pislaru.fisica', 'stgermain.b', 'claudia.puga', 'fran.mosquera.pena', 'pablojosecalvo', 'michaelcameronmcdonald', 'hdelatorre3524', 'tonybocadillosgrandes', 'e0427406', 'fernando_ibarra', 'shikhararvind', 'uxiavelca', 'jinfengleong', 'shizhan.flood', 'guyu', 'niravsurajlal', 'pablosande98', 'wtq77', 'marniesan', 'watashi.legion', 'xiaolei', 'savardbastien', 'pablocrespo11', 'brunolopez', 'pmvd95', 'melonlzheng', 'pedrobeko98', 'xoangon', 'henglund', 'sebastianvromero', 'samuelfl', 'elviracastillo', 'sohamsawant912', 'elmanguito', 'iagopardo97', 'roberto.nava', 'bgutierrez', 'noxis986', 'shihhaotsai', 'aledes', 'rysw5590', 'enriquevaliente17', 'pablo.garcia.bas', 'j.guedegar', 'jameslin', 'comeseetake', 'isafdez', 'alicia.mosq', 'mmartinezsanchez', 'edgarmtz', 'chema', 'guoxg46', 'tergel1999', '2015soham.sawant', 'danidrivas98', 'rayoaki7', 'nuriatellado', 'anar4331', 'caetano.eirea', 'bingshengliu', 'uutty2010', 'zhs002', 'dyoh5119', 'e.ivanlopgar1997', 'jiaqi.guoguo', 'nivedaksubramanian', 'albertoccz', 'angelaturnes', 'iagomoscer', 'esteban.figueroa', 'chenxiwang', 'manucro10', 'luisbarrios', 'martin32', 'salamghgh20', 'gbatzorig268', 'valeriamg', 'savas', 'alex_varela_17', 'thackettt', 'pablomd', 'hit.kamble', 'austinz', 'chenxi', 'arturocastro94', 'amirbadshah224', 'gmedina', 'dariogarciaredecillas', 'melissa5', 'francisxavgr', 'martinzapatamartinez', 'chwi7664', 'paula.bolboreta', 'juanariza', 'miguelpinocarmona', 'japrz', 'fabiola.santos', 'lucamonduzzi96', 'ivan1', 'isaac.dominguez4444', 'elisa.vicenteei', 'mgupta15', 'cmoadne', 'anselmoantorcha', 'simoncarloscartamil', 'wanghb', 'berzasnon', 'joannesy', 'praveens013', 'e.lucasnavarrog', 'nuriamj', 'kong2020', 'facundobonfiglio', 'jbalderasfernandez', 'laurenp', 'rakki.datta', 'ottoridemar', 'antonionito1993', 'carterkirkendoll', 'yzarni89', 'anamconrado', 'carlosbesadaromero', 'sergiogrcsnchz', 'xoanmayo', 'policon', 'zewei', 'a997154508', 'foojorge', 'junwen', 'fofi94', 'victortorressuch', 'cristinacostas', 'jdanivc', 'aliraza2013ee360', 'emixose', 'choikj', 'david.garrido', 'fabiolajsanlop', 'juancarlosroutrera', 'costasdiego97', 'dulguun_021', 'paula.mourino', 'liuman961021', 'jerome.alag', 'alejandromo1610', 'p.suarez97', 'isaferjim', 'mariamfontan', 'cxiuqi1', 'mihaipx', 'abdulhaiyum.f', 'alsyaari', 'davidga568', 'jgm2096', 'isaac.carrillo', 'aloptor', 'jaimedmj', 'kennyxsy', 'haominl1997', 'dang.e', 'h_elmenier', 'prra6646', 'pedrogea08', 'lluisgonzaga96', 'limengyuanli66', 'yuxian123', 'zhaoyu960207', 'sstty7', 'guojunxiong25', 'zakizhou', 'mari.paucom', 'yingxue58', 'danidm', 'justinegiroux', 'exareivaj', 'brendaorea15', 'jesslyn', 'sangkyu.sun', 'miguellopezcardenas98', 'maurobn98', 'myez', 'floren_ff', 'agarviespi', 'cytuslll1997', 'leoncc', 'rubenortega', 'sergiocalo.barranha', 'clarahernandez05f', 'feijoomartina', 'mordor', 'andrei.luneow01031999', 'chenyue', 'gkkk6', 'juanjoseo', '9.genest.gabriel', 'qwe', 'dalder', 'al16do06', 'gonzavt15', 'blasern', 'ero15953', '836054323_wj', 'ergobe3', 'miaocx714', 'elmu6301', 'veronica.castro', 'pablolopezexposito', 'albertoangulo', 'antonio98y', 'ionemanuelmoralesrosales', 'dja19951995', 'marinabm', 'clarachapela10', 'ee5502', 'alyabra', 'albacosta', 'hamza32amar', 'essheh', 'iagomillanentenza', 'wmy', 'alyabra.vargas', 'e.jojusalo', 'chrispvnofficial', 'xiaode', 'hewutanyuan', 'campamarin', 'martin.gutierrez', 'songy', 'bellmanz', 'soddy1996', 'clara.landesa', 'sylim1', 'qumo4329', 'zhang.jiayu', 'juanjotromp', 'alyabra.alejandro', 'hariprasanna', 'adec', 'ch2922', 'wang.yaoz', 'bulganb28', 'ludoba2912', 'sotmas', 'lauragdevesa', 'joeanszxc', 'albertortepin', 'luisgfloreslarrea', 'zihang']",4,"['darkrising', 'emilioar', 'elena_lopez', None]",285,"['anderson.bi', 'wangjianed_1992', 'manuel10suarez10', 'ryu.j', 'chenre', 'ralfli', 'miri23', 'dariogarred', 'juansans98', 'lianyi96', 'lluissanuy', 'antoinelegare', 'e.fisicahamza', 'thunaung', 'lidiadom', 'christsun', 'miguel_fernandez', 'elena.j.g', 'xxy0501', 'andreasorroche', 'andrea.mendez', 'danielfdezcalo', 'pablosempredepor97', 'akamsali', 'alecorti.pardo', 'xhan009', 'xxxxiaofan', 'gonzalogbb', 'aidan.rooney17', 'mihai.pislaru.fisica', 'stgermain.b', 'claudia.puga', 'fran.mosquera.pena', 'pablojosecalvo', 'michaelcameronmcdonald', 'hdelatorre3524', 'tonybocadillosgrandes', 'e0427406', 'fernando_ibarra', 'shikhararvind', 'uxiavelca', 'jinfengleong', 'shizhan.flood', 'guyu', 'niravsurajlal', 'pablosande98', 'wtq77', 'marniesan', 'watashi.legion', 'xiaolei', 'savardbastien', 'alexsanchezcast', 'pablocrespo11', 'brunolopez', 'julioug1', 'pmvd95', 'melonlzheng', 'pedrobeko98', 'xoangon', 'henglund', 'sebastianvromero', 'samuelfl', 'elviracastillo', 'sohamsawant912', 'elmanguito', 'iagopardo97', 'roberto.nava', 'bgutierrez', 'noxis986', None, 'shihhaotsai', 'aledes', 'rysw5590', 'enriquevaliente17', 'pablo.garcia.bas', 'j.guedegar', 'jameslin', 'comeseetake', 'isafdez', 'alicia.mosq', 'mmartinezsanchez', 'edgarmtz', 'chema', 'guoxg46', 'tergel1999', '2015soham.sawant', 'danidrivas98', 'rayoaki7', 'nuriatellado', 'anar4331', 'caetano.eirea', 'bingshengliu', 'uutty2010', 'zhs002', 'dyoh5119', 'e.ivanlopgar1997', 'jiaqi.guoguo', 'nivedaksubramanian', 'albertoccz', 'angelaturnes', 'iagomoscer', 'esteban.figueroa', 'chenxiwang', 'manucro10', 'luisbarrios', 'martin32', 'salamghgh20', 'gbatzorig268', 'valeriamg', 'savas', 'alex_varela_17', 'thackettt', 'pablomd', 'hit.kamble', 'austinz', 'chenxi', 'arturocastro94', 'amirbadshah224', 'gmedina', 'dariogarciaredecillas', 'melissa5', 'francisxavgr', 'martinzapatamartinez', 'chwi7664', 'paula.bolboreta', 'juanariza', 'miguelpinocarmona', 'japrz', 'fabiola.santos', 'lucamonduzzi96', 'ivan1', 'isaac.dominguez4444', 'elisa.vicenteei', 'mgupta15', 'darkrising', 'cmoadne', 'anselmoantorcha', 'simoncarloscartamil', 'wanghb', 'berzasnon', 'joannesy', 'praveens013', 'e.lucasnavarrog', 'nuriamj', 'kong2020', 'facundobonfiglio', 'jbalderasfernandez', 'laurenp', 'rakki.datta', 'ottoridemar', 'antonionito1993', 'carterkirkendoll', 'yzarni89', 'anamconrado', 'carlosbesadaromero', 'sergiogrcsnchz', 'xoanmayo', 'policon', 'zewei', 'a997154508', 'foojorge', 'junwen', 'fofi94', 'victortorressuch', 'cristinacostas', 'jdanivc', 'aliraza2013ee360', 'emixose', 'choikj', 'david.garrido', 'fabiolajsanlop', 'juancarlosroutrera', 'emilioar', 'costasdiego97', 'dulguun_021', 'paula.mourino', 'liuman961021', 'jerome.alag', 'alejandromo1610', 'p.suarez97', 'isaferjim', 'mariamfontan', 'cxiuqi1', 'mihaipx', 'abdulhaiyum.f', 'alsyaari', 'davidga568', 'jgm2096', 'isaac.carrillo', 'aloptor', 'jaimedmj', 'elena_lopez', 'kennyxsy', 'haominl1997', 'dang.e', 'h_elmenier', 'prra6646', 'pedrogea08', 'lluisgonzaga96', 'limengyuanli66', 'yuxian123', 'zhaoyu960207', 'sstty7', 'guojunxiong25', 'zakizhou', 'mari.paucom', 'yingxue58', 'danidm', 'justinegiroux', 'exareivaj', 'brendaorea15', 'jesslyn', 'sangkyu.sun', 'miguellopezcardenas98', 'maurobn98', 'myez', 'floren_ff', 'agarviespi', 'cytuslll1997', 'leoncc', 'plmolina4', 'rubenortega', 'sergiocalo.barranha', 'clarahernandez05f', 'feijoomartina', 'mordor', 'andrei.luneow01031999', 'chenyue', 'gkkk6', 'juanjoseo', '9.genest.gabriel', 'qwe', 'dalder', 'al16do06', 'gonzavt15', 'blasern', 'ero15953', '836054323_wj', 'ergobe3', 'miaocx714', 'elmu6301', 'veronica.castro', 'pablolopezexposito', 'albertoangulo', 'antonio98y', 'ionemanuelmoralesrosales', 'dja19951995', 'marinabm', 'clarachapela10', 'ejg98', 'ee5502', 'alyabra', 'albacosta', 'hamza32amar', 'essheh', 'iagomillanentenza', 'wmy', 'alyabra.vargas', 'e.jojusalo', 'chrispvnofficial', 'xiaode', 'hewutanyuan', 'campamarin', 'martin.gutierrez', 'songy', 'bellmanz', 'soddy1996', 'clara.landesa', 'sylim1', 'qumo4329', 'zhang.jiayu', 'juanjotromp', 'alyabra.alejandro', 'hariprasanna', 'adec', 'ch2922', 'wang.yaoz', 'bulganb28', 'ludoba2912', 'sotmas', 'lauragdevesa', 'joeanszxc', 'albertortepin', 'luisgfloreslarrea', 'zihang']"
1,359,281,9,5,"['xoanmayo', 'pablosande98', 'danidrivas98', 'martinzapatamartinez', 'arturocastro94']",276,"['anderson.bi', 'wangjianed_1992', 'manuel10suarez10', 'ryu.j', 'chenre', 'ralfli', 'miri23', 'dariogarred', 'juansans98', 'lianyi96', 'lluissanuy', 'antoinelegare', 'e.fisicahamza', 'thunaung', 'lidiadom', 'christsun', 'miguel_fernandez', 'elena.j.g', 'xxy0501', 'andreasorroche', 'andrea.mendez', 'danielfdezcalo', 'pablosempredepor97', 'akamsali', 'alecorti.pardo', 'xhan009', 'xxxxiaofan', 'gonzalogbb', 'aidan.rooney17', 'mihai.pislaru.fisica', 'stgermain.b', 'claudia.puga', 'fran.mosquera.pena', 'pablojosecalvo', 'michaelcameronmcdonald', 'hdelatorre3524', 'tonybocadillosgrandes', 'e0427406', 'fernando_ibarra', 'shikhararvind', 'uxiavelca', 'jinfengleong', 'shizhan.flood', 'guyu', 'niravsurajlal', 'wtq77', 'marniesan', 'watashi.legion', 'xiaolei', 'savardbastien', 'alexsanchezcast', 'pablocrespo11', 'brunolopez', 'julioug1', 'pmvd95', 'melonlzheng', 'pedrobeko98', 'xoangon', 'henglund', 'sebastianvromero', 'samuelfl', 'elviracastillo', 'sohamsawant912', 'elmanguito', 'iagopardo97', 'roberto.nava', 'bgutierrez', 'noxis986', 'shihhaotsai', 'aledes', 'rysw5590', 'enriquevaliente17', 'pablo.garcia.bas', 'j.guedegar', 'jameslin', 'comeseetake', 'isafdez', 'alicia.mosq', 'mmartinezsanchez', 'edgarmtz', 'chema', 'guoxg46', 'tergel1999', '2015soham.sawant', 'rayoaki7', 'nuriatellado', 'anar4331', 'caetano.eirea', 'bingshengliu', 'uutty2010', 'zhs002', 'dyoh5119', 'e.ivanlopgar1997', 'jiaqi.guoguo', 'nivedaksubramanian', 'albertoccz', 'angelaturnes', 'iagomoscer', 'esteban.figueroa', 'chenxiwang', 'manucro10', 'luisbarrios', 'martin32', 'salamghgh20', 'gbatzorig268', 'valeriamg', 'savas', 'alex_varela_17', 'thackettt', 'pablomd', 'hit.kamble', 'austinz', 'chenxi', 'amirbadshah224', 'gmedina', 'dariogarciaredecillas', 'melissa5', 'francisxavgr', 'chwi7664', 'paula.bolboreta', 'juanariza', 'miguelpinocarmona', 'japrz', 'fabiola.santos', 'lucamonduzzi96', 'ivan1', 'isaac.dominguez4444', 'elisa.vicenteei', 'mgupta15', 'cmoadne', 'anselmoantorcha', 'simoncarloscartamil', 'wanghb', 'berzasnon', 'joannesy', 'praveens013', 'e.lucasnavarrog', 'nuriamj', 'kong2020', 'facundobonfiglio', 'jbalderasfernandez', 'laurenp', 'rakki.datta', 'ottoridemar', 'antonionito1993', 'carterkirkendoll', 'yzarni89', 'anamconrado', 'carlosbesadaromero', 'sergiogrcsnchz', 'policon', 'zewei', 'a997154508', 'foojorge', 'junwen', 'fofi94', 'victortorressuch', 'cristinacostas', 'jdanivc', 'aliraza2013ee360', 'emixose', 'choikj', 'david.garrido', 'fabiolajsanlop', 'juancarlosroutrera', 'costasdiego97', 'dulguun_021', 'paula.mourino', 'liuman961021', 'jerome.alag', 'alejandromo1610', 'p.suarez97', 'isaferjim', 'mariamfontan', 'cxiuqi1', 'mihaipx', 'abdulhaiyum.f', 'alsyaari', 'davidga568', 'jgm2096', 'isaac.carrillo', 'aloptor', 'jaimedmj', 'kennyxsy', 'haominl1997', 'dang.e', 'h_elmenier', 'prra6646', 'pedrogea08', 'lluisgonzaga96', 'limengyuanli66', 'yuxian123', 'zhaoyu960207', 'sstty7', 'guojunxiong25', 'zakizhou', 'mari.paucom', 'yingxue58', 'danidm', 'justinegiroux', 'exareivaj', 'brendaorea15', 'jesslyn', 'sangkyu.sun', 'miguellopezcardenas98', 'maurobn98', 'myez', 'floren_ff', 'agarviespi', 'cytuslll1997', 'leoncc', 'plmolina4', 'rubenortega', 'sergiocalo.barranha', 'clarahernandez05f', 'feijoomartina', 'mordor', 'andrei.luneow01031999', 'chenyue', 'gkkk6', 'juanjoseo', '9.genest.gabriel', 'qwe', 'dalder', 'al16do06', 'gonzavt15', 'blasern', 'ero15953', '836054323_wj', 'ergobe3', 'miaocx714', 'elmu6301', 'veronica.castro', 'pablolopezexposito', 'albertoangulo', 'antonio98y', 'ionemanuelmoralesrosales', 'dja19951995', 'marinabm', 'clarachapela10', 'ejg98', 'ee5502', 'alyabra', 'albacosta', 'hamza32amar', 'essheh', 'iagomillanentenza', 'wmy', 'alyabra.vargas', 'e.jojusalo', 'chrispvnofficial', 'xiaode', 'hewutanyuan', 'campamarin', 'martin.gutierrez', 'songy', 'bellmanz', 'soddy1996', 'clara.landesa', 'sylim1', 'qumo4329', 'zhang.jiayu', 'juanjotromp', 'alyabra.alejandro', 'hariprasanna', 'adec', 'ch2922', 'wang.yaoz', 'bulganb28', 'ludoba2912', 'sotmas', 'lauragdevesa', 'joeanszxc', 'albertortepin', 'luisgfloreslarrea', 'zihang']",4,"['martinperezmaneiro', 'daviland97', None, 'xoel98']",285,"['anderson.bi', 'wangjianed_1992', 'manuel10suarez10', 'ryu.j', 'chenre', 'ralfli', 'miri23', 'dariogarred', 'juansans98', 'lianyi96', 'lluissanuy', 'antoinelegare', 'e.fisicahamza', 'thunaung', 'lidiadom', 'christsun', 'miguel_fernandez', 'elena.j.g', 'xxy0501', 'andreasorroche', 'andrea.mendez', 'danielfdezcalo', 'pablosempredepor97', 'akamsali', 'alecorti.pardo', 'xhan009', 'xxxxiaofan', 'gonzalogbb', 'aidan.rooney17', 'mihai.pislaru.fisica', 'stgermain.b', 'claudia.puga', 'fran.mosquera.pena', 'pablojosecalvo', 'michaelcameronmcdonald', 'hdelatorre3524', 'tonybocadillosgrandes', 'e0427406', 'fernando_ibarra', 'shikhararvind', 'uxiavelca', 'jinfengleong', 'shizhan.flood', 'guyu', 'niravsurajlal', 'pablosande98', 'wtq77', 'marniesan', 'watashi.legion', 'xiaolei', 'savardbastien', 'alexsanchezcast', 'pablocrespo11', 'brunolopez', 'julioug1', 'pmvd95', 'melonlzheng', 'pedrobeko98', 'xoangon', 'henglund', 'sebastianvromero', 'samuelfl', 'elviracastillo', 'sohamsawant912', 'elmanguito', 'iagopardo97', 'roberto.nava', 'bgutierrez', 'noxis986', None, 'shihhaotsai', 'aledes', 'rysw5590', 'enriquevaliente17', 'pablo.garcia.bas', 'j.guedegar', 'jameslin', 'comeseetake', 'isafdez', 'alicia.mosq', 'mmartinezsanchez', 'edgarmtz', 'chema', 'guoxg46', 'tergel1999', '2015soham.sawant', 'danidrivas98', 'rayoaki7', 'nuriatellado', 'anar4331', 'caetano.eirea', 'bingshengliu', 'uutty2010', 'zhs002', 'dyoh5119', 'e.ivanlopgar1997', 'jiaqi.guoguo', 'nivedaksubramanian', 'albertoccz', 'angelaturnes', 'iagomoscer', 'esteban.figueroa', 'chenxiwang', 'manucro10', 'luisbarrios', 'martin32', 'salamghgh20', 'gbatzorig268', 'valeriamg', 'savas', 'alex_varela_17', 'thackettt', 'pablomd', 'hit.kamble', 'austinz', 'chenxi', 'arturocastro94', 'amirbadshah224', 'gmedina', 'dariogarciaredecillas', 'melissa5', 'francisxavgr', 'martinzapatamartinez', 'chwi7664', 'paula.bolboreta', 'juanariza', 'miguelpinocarmona', 'japrz', 'fabiola.santos', 'lucamonduzzi96', 'ivan1', 'isaac.dominguez4444', 'elisa.vicenteei', 'mgupta15', 'cmoadne', 'anselmoantorcha', 'simoncarloscartamil', 'wanghb', 'berzasnon', 'joannesy', 'praveens013', 'e.lucasnavarrog', 'nuriamj', 'kong2020', 'facundobonfiglio', 'jbalderasfernandez', 'laurenp', 'rakki.datta', 'ottoridemar', 'antonionito1993', 'carterkirkendoll', 'yzarni89', 'anamconrado', 'carlosbesadaromero', 'sergiogrcsnchz', 'xoanmayo', 'policon', 'zewei', 'a997154508', 'foojorge', 'junwen', 'fofi94', 'victortorressuch', 'cristinacostas', 'jdanivc', 'aliraza2013ee360', 'emixose', 'choikj', 'david.garrido', 'fabiolajsanlop', 'juancarlosroutrera', 'costasdiego97', 'dulguun_021', 'paula.mourino', 'liuman961021', 'jerome.alag', 'alejandromo1610', 'p.suarez97', 'isaferjim', 'mariamfontan', 'cxiuqi1', 'mihaipx', 'abdulhaiyum.f', 'alsyaari', 'davidga568', 'jgm2096', 'isaac.carrillo', 'aloptor', 'jaimedmj', 'kennyxsy', 'haominl1997', 'dang.e', 'h_elmenier', 'prra6646', 'pedrogea08', 'lluisgonzaga96', 'limengyuanli66', 'yuxian123', 'zhaoyu960207', 'sstty7', 'guojunxiong25', 'zakizhou', 'mari.paucom', 'yingxue58', 'danidm', 'justinegiroux', 'exareivaj', 'brendaorea15', 'jesslyn', 'sangkyu.sun', 'miguellopezcardenas98', 'maurobn98', 'myez', 'floren_ff', 'agarviespi', 'cytuslll1997', 'leoncc', 'plmolina4', 'rubenortega', 'sergiocalo.barranha', 'martinperezmaneiro', 'clarahernandez05f', 'feijoomartina', 'mordor', 'andrei.luneow01031999', 'chenyue', 'gkkk6', 'juanjoseo', '9.genest.gabriel', 'qwe', 'dalder', 'al16do06', 'gonzavt15', 'blasern', 'ero15953', '836054323_wj', 'ergobe3', 'miaocx714', 'elmu6301', 'veronica.castro', 'pablolopezexposito', 'albertoangulo', 'antonio98y', 'ionemanuelmoralesrosales', 'dja19951995', 'marinabm', 'clarachapela10', 'ejg98', 'xoel98', 'ee5502', 'alyabra', 'albacosta', 'hamza32amar', 'essheh', 'iagomillanentenza', 'wmy', 'alyabra.vargas', 'e.jojusalo', 'chrispvnofficial', 'xiaode', 'hewutanyuan', 'campamarin', 'martin.gutierrez', 'songy', 'bellmanz', 'soddy1996', 'clara.landesa', 'sylim1', 'qumo4329', 'daviland97', 'zhang.jiayu', 'juanjotromp', 'alyabra.alejandro', 'hariprasanna', 'adec', 'ch2922', 'wang.yaoz', 'bulganb28', 'ludoba2912', 'sotmas', 'lauragdevesa', 'joeanszxc', 'albertortepin', 'luisgfloreslarrea', 'zihang']"
1,390,281,9,6,"['nuriamj', 'xoangon', 'iagomillanentenza', 'angelaturnes', 'juansans98', 'sebastianvromero']",275,"['anderson.bi', 'wangjianed_1992', 'manuel10suarez10', 'ryu.j', 'chenre', 'ralfli', 'miri23', 'dariogarred', 'lianyi96', 'lluissanuy', 'antoinelegare', 'e.fisicahamza', 'thunaung', 'lidiadom', 'christsun', 'miguel_fernandez', 'elena.j.g', 'xxy0501', 'andreasorroche', 'andrea.mendez', 'danielfdezcalo', 'pablosempredepor97', 'akamsali', 'alecorti.pardo', 'xhan009', 'xxxxiaofan', 'gonzalogbb', 'aidan.rooney17', 'mihai.pislaru.fisica', 'stgermain.b', 'claudia.puga', 'fran.mosquera.pena', 'pablojosecalvo', 'michaelcameronmcdonald', 'hdelatorre3524', 'tonybocadillosgrandes', 'e0427406', 'fernando_ibarra', 'shikhararvind', 'uxiavelca', 'jinfengleong', 'shizhan.flood', 'guyu', 'niravsurajlal', 'pablosande98', 'wtq77', 'marniesan', 'watashi.legion', 'xiaolei', 'savardbastien', 'alexsanchezcast', 'pablocrespo11', 'brunolopez', 'julioug1', 'pmvd95', 'melonlzheng', 'pedrobeko98', 'henglund', 'samuelfl', 'elviracastillo', 'sohamsawant912', 'elmanguito', 'iagopardo97', 'roberto.nava', 'bgutierrez', 'noxis986', 'shihhaotsai', 'aledes', 'rysw5590', 'enriquevaliente17', 'pablo.garcia.bas', 'j.guedegar', 'jameslin', 'comeseetake', 'isafdez', 'alicia.mosq', 'mmartinezsanchez', 'edgarmtz', 'chema', 'guoxg46', 'tergel1999', '2015soham.sawant', 'danidrivas98', 'rayoaki7', 'nuriatellado', 'anar4331', 'caetano.eirea', 'bingshengliu', 'uutty2010', 'zhs002', 'dyoh5119', 'e.ivanlopgar1997', 'jiaqi.guoguo', 'nivedaksubramanian', 'albertoccz', 'iagomoscer', 'esteban.figueroa', 'chenxiwang', 'manucro10', 'luisbarrios', 'martin32', 'salamghgh20', 'gbatzorig268', 'valeriamg', 'savas', 'alex_varela_17', 'thackettt', 'pablomd', 'hit.kamble', 'austinz', 'chenxi', 'arturocastro94', 'amirbadshah224', 'gmedina', 'dariogarciaredecillas', 'melissa5', 'francisxavgr', 'martinzapatamartinez', 'chwi7664', 'paula.bolboreta', 'juanariza', 'miguelpinocarmona', 'japrz', 'fabiola.santos', 'lucamonduzzi96', 'ivan1', 'isaac.dominguez4444', 'elisa.vicenteei', 'mgupta15', 'cmoadne', 'anselmoantorcha', 'simoncarloscartamil', 'wanghb', 'berzasnon', 'joannesy', 'praveens013', 'e.lucasnavarrog', 'kong2020', 'facundobonfiglio', 'jbalderasfernandez', 'laurenp', 'rakki.datta', 'ottoridemar', 'antonionito1993', 'carterkirkendoll', 'yzarni89', 'anamconrado', 'carlosbesadaromero', 'sergiogrcsnchz', 'xoanmayo', 'policon', 'zewei', 'a997154508', 'foojorge', 'junwen', 'fofi94', 'victortorressuch', 'cristinacostas', 'jdanivc', 'aliraza2013ee360', 'emixose', 'choikj', 'david.garrido', 'fabiolajsanlop', 'juancarlosroutrera', 'costasdiego97', 'dulguun_021', 'paula.mourino', 'liuman961021', 'jerome.alag', 'alejandromo1610', 'p.suarez97', 'isaferjim', 'mariamfontan', 'cxiuqi1', 'mihaipx', 'abdulhaiyum.f', 'alsyaari', 'davidga568', 'jgm2096', 'isaac.carrillo', 'aloptor', 'jaimedmj', 'kennyxsy', 'haominl1997', 'dang.e', 'h_elmenier', 'prra6646', 'pedrogea08', 'lluisgonzaga96', 'limengyuanli66', 'yuxian123', 'zhaoyu960207', 'sstty7', 'guojunxiong25', 'zakizhou', 'mari.paucom', 'yingxue58', 'danidm', 'justinegiroux', 'exareivaj', 'brendaorea15', 'jesslyn', 'sangkyu.sun', 'miguellopezcardenas98', 'maurobn98', 'myez', 'floren_ff', 'agarviespi', 'cytuslll1997', 'leoncc', 'plmolina4', 'rubenortega', 'sergiocalo.barranha', 'clarahernandez05f', 'feijoomartina', 'mordor', 'andrei.luneow01031999', 'chenyue', 'gkkk6', 'juanjoseo', '9.genest.gabriel', 'qwe', 'dalder', 'al16do06', 'gonzavt15', 'blasern', 'ero15953', '836054323_wj', 'ergobe3', 'miaocx714', 'elmu6301', 'veronica.castro', 'pablolopezexposito', 'albertoangulo', 'antonio98y', 'ionemanuelmoralesrosales', 'dja19951995', 'marinabm', 'clarachapela10', 'ejg98', 'ee5502', 'alyabra', 'albacosta', 'hamza32amar', 'essheh', 'wmy', 'alyabra.vargas', 'e.jojusalo', 'chrispvnofficial', 'xiaode', 'hewutanyuan', 'campamarin', 'martin.gutierrez', 'songy', 'bellmanz', 'soddy1996', 'clara.landesa', 'sylim1', 'qumo4329', 'zhang.jiayu', 'juanjotromp', 'alyabra.alejandro', 'hariprasanna', 'adec', 'ch2922', 'wang.yaoz', 'bulganb28', 'ludoba2912', 'sotmas', 'lauragdevesa', 'joeanszxc', 'albertortepin', 'luisgfloreslarrea', 'zihang']",3,"['danielcondetorres', None, 'mauro_sg']",284,"['anderson.bi', 'wangjianed_1992', 'manuel10suarez10', 'ryu.j', 'chenre', 'ralfli', 'miri23', 'dariogarred', 'juansans98', 'lianyi96', 'lluissanuy', 'antoinelegare', 'e.fisicahamza', 'thunaung', 'lidiadom', 'christsun', 'miguel_fernandez', 'elena.j.g', 'xxy0501', 'andreasorroche', 'andrea.mendez', 'danielfdezcalo', 'pablosempredepor97', 'akamsali', 'alecorti.pardo', 'xhan009', 'xxxxiaofan', 'gonzalogbb', 'aidan.rooney17', 'mihai.pislaru.fisica', 'stgermain.b', 'claudia.puga', 'fran.mosquera.pena', 'pablojosecalvo', 'michaelcameronmcdonald', 'hdelatorre3524', 'tonybocadillosgrandes', 'e0427406', 'fernando_ibarra', 'shikhararvind', 'uxiavelca', 'jinfengleong', 'shizhan.flood', 'guyu', 'niravsurajlal', 'pablosande98', 'wtq77', 'marniesan', 'watashi.legion', 'xiaolei', 'savardbastien', 'alexsanchezcast', 'pablocrespo11', 'brunolopez', 'julioug1', 'pmvd95', 'melonlzheng', 'pedrobeko98', 'xoangon', 'henglund', 'sebastianvromero', 'samuelfl', 'elviracastillo', 'sohamsawant912', 'elmanguito', 'iagopardo97', 'roberto.nava', 'bgutierrez', 'noxis986', None, 'shihhaotsai', 'aledes', 'rysw5590', 'enriquevaliente17', 'pablo.garcia.bas', 'j.guedegar', 'jameslin', 'comeseetake', 'isafdez', 'alicia.mosq', 'mmartinezsanchez', 'edgarmtz', 'chema', 'guoxg46', 'tergel1999', '2015soham.sawant', 'danidrivas98', 'rayoaki7', 'nuriatellado', 'anar4331', 'caetano.eirea', 'bingshengliu', 'uutty2010', 'zhs002', 'dyoh5119', 'e.ivanlopgar1997', 'jiaqi.guoguo', 'nivedaksubramanian', 'albertoccz', 'angelaturnes', 'iagomoscer', 'esteban.figueroa', 'chenxiwang', 'manucro10', 'luisbarrios', 'mauro_sg', 'martin32', 'salamghgh20', 'gbatzorig268', 'valeriamg', 'savas', 'alex_varela_17', 'thackettt', 'pablomd', 'hit.kamble', 'austinz', 'chenxi', 'arturocastro94', 'amirbadshah224', 'gmedina', 'dariogarciaredecillas', 'melissa5', 'francisxavgr', 'martinzapatamartinez', 'chwi7664', 'paula.bolboreta', 'juanariza', 'miguelpinocarmona', 'japrz', 'fabiola.santos', 'lucamonduzzi96', 'ivan1', 'isaac.dominguez4444', 'elisa.vicenteei', 'mgupta15', 'cmoadne', 'anselmoantorcha', 'simoncarloscartamil', 'wanghb', 'berzasnon', 'joannesy', 'praveens013', 'e.lucasnavarrog', 'nuriamj', 'kong2020', 'facundobonfiglio', 'jbalderasfernandez', 'laurenp', 'rakki.datta', 'ottoridemar', 'antonionito1993', 'carterkirkendoll', 'yzarni89', 'anamconrado', 'carlosbesadaromero', 'sergiogrcsnchz', 'xoanmayo', 'policon', 'zewei', 'a997154508', 'foojorge', 'junwen', 'fofi94', 'victortorressuch', 'cristinacostas', 'jdanivc', 'aliraza2013ee360', 'emixose', 'choikj', 'david.garrido', 'fabiolajsanlop', 'juancarlosroutrera', 'costasdiego97', 'dulguun_021', 'paula.mourino', 'liuman961021', 'jerome.alag', 'alejandromo1610', 'p.suarez97', 'isaferjim', 'mariamfontan', 'cxiuqi1', 'mihaipx', 'abdulhaiyum.f', 'alsyaari', 'davidga568', 'jgm2096', 'isaac.carrillo', 'aloptor', 'jaimedmj', 'kennyxsy', 'haominl1997', 'dang.e', 'h_elmenier', 'prra6646', 'pedrogea08', 'lluisgonzaga96', 'limengyuanli66', 'yuxian123', 'zhaoyu960207', 'sstty7', 'guojunxiong25', 'zakizhou', 'mari.paucom', 'yingxue58', 'danidm', 'justinegiroux', 'exareivaj', 'brendaorea15', 'jesslyn', 'sangkyu.sun', 'miguellopezcardenas98', 'maurobn98', 'myez', 'floren_ff', 'agarviespi', 'cytuslll1997', 'leoncc', 'plmolina4', 'rubenortega', 'sergiocalo.barranha', 'clarahernandez05f', 'feijoomartina', 'danielcondetorres', 'mordor', 'andrei.luneow01031999', 'chenyue', 'gkkk6', 'juanjoseo', '9.genest.gabriel', 'qwe', 'dalder', 'al16do06', 'gonzavt15', 'blasern', 'ero15953', '836054323_wj', 'ergobe3', 'miaocx714', 'elmu6301', 'veronica.castro', 'pablolopezexposito', 'albertoangulo', 'antonio98y', 'ionemanuelmoralesrosales', 'dja19951995', 'marinabm', 'clarachapela10', 'ejg98', 'ee5502', 'alyabra', 'albacosta', 'hamza32amar', 'essheh', 'iagomillanentenza', 'wmy', 'alyabra.vargas', 'e.jojusalo', 'chrispvnofficial', 'xiaode', 'hewutanyuan', 'campamarin', 'martin.gutierrez', 'songy', 'bellmanz', 'soddy1996', 'clara.landesa', 'sylim1', 'qumo4329', 'zhang.jiayu', 'juanjotromp', 'alyabra.alejandro', 'hariprasanna', 'adec', 'ch2922', 'wang.yaoz', 'bulganb28', 'ludoba2912', 'sotmas', 'lauragdevesa', 'joeanszxc', 'albertortepin', 'luisgfloreslarrea', 'zihang']"
1,12,281,8,2,"['isaferjim', 'rubenortega']",279,"['anderson.bi', 'wangjianed_1992', 'manuel10suarez10', 'ryu.j', 'chenre', 'ralfli', 'miri23', 'dariogarred', 'juansans98', 'lianyi96', 'lluissanuy', 'antoinelegare', 'e.fisicahamza', 'thunaung', 'lidiadom', 'christsun', 'miguel_fernandez', 'elena.j.g', 'xxy0501', 'andreasorroche', 'andrea.mendez', 'danielfdezcalo', 'pablosempredepor97', 'akamsali', 'alecorti.pardo', 'xhan009', 'xxxxiaofan', 'gonzalogbb', 'aidan.rooney17', 'mihai.pislaru.fisica', 'stgermain.b', 'claudia.puga', 'fran.mosquera.pena', 'pablojosecalvo', 'michaelcameronmcdonald', 'hdelatorre3524', 'tonybocadillosgrandes', 'e0427406', 'fernando_ibarra', 'shikhararvind', 'uxiavelca', 'jinfengleong', 'shizhan.flood', 'guyu', 'niravsurajlal', 'pablosande98', 'wtq77', 'marniesan', 'watashi.legion', 'xiaolei', 'savardbastien', 'alexsanchezcast', 'pablocrespo11', 'brunolopez', 'julioug1', 'pmvd95', 'melonlzheng', 'pedrobeko98', 'xoangon', 'henglund', 'sebastianvromero', 'samuelfl', 'elviracastillo', 'sohamsawant912', 'elmanguito', 'iagopardo97', 'roberto.nava', 'bgutierrez', 'noxis986', 'shihhaotsai', 'aledes', 'rysw5590', 'enriquevaliente17', 'pablo.garcia.bas', 'j.guedegar', 'jameslin', 'comeseetake', 'isafdez', 'alicia.mosq', 'mmartinezsanchez', 'edgarmtz', 'chema', 'guoxg46', 'tergel1999', '2015soham.sawant', 'danidrivas98', 'rayoaki7', 'nuriatellado', 'anar4331', 'caetano.eirea', 'bingshengliu', 'uutty2010', 'zhs002', 'dyoh5119', 'e.ivanlopgar1997', 'jiaqi.guoguo', 'nivedaksubramanian', 'albertoccz', 'angelaturnes', 'iagomoscer', 'esteban.figueroa', 'chenxiwang', 'manucro10', 'luisbarrios', 'martin32', 'salamghgh20', 'gbatzorig268', 'valeriamg', 'savas', 'alex_varela_17', 'thackettt', 'pablomd', 'hit.kamble', 'austinz', 'chenxi', 'arturocastro94', 'amirbadshah224', 'gmedina', 'dariogarciaredecillas', 'melissa5', 'francisxavgr', 'martinzapatamartinez', 'chwi7664', 'paula.bolboreta', 'juanariza', 'miguelpinocarmona', 'japrz', 'fabiola.santos', 'lucamonduzzi96', 'ivan1', 'isaac.dominguez4444', 'elisa.vicenteei', 'mgupta15', 'cmoadne', 'anselmoantorcha', 'simoncarloscartamil', 'wanghb', 'berzasnon', 'joannesy', 'praveens013', 'e.lucasnavarrog', 'nuriamj', 'kong2020', 'facundobonfiglio', 'jbalderasfernandez', 'laurenp', 'rakki.datta', 'ottoridemar', 'antonionito1993', 'carterkirkendoll', 'yzarni89', 'anamconrado', 'carlosbesadaromero', 'sergiogrcsnchz', 'xoanmayo', 'policon', 'zewei', 'a997154508', 'foojorge', 'junwen', 'fofi94', 'victortorressuch', 'cristinacostas', 'jdanivc', 'aliraza2013ee360', 'emixose', 'choikj', 'david.garrido', 'fabiolajsanlop', 'juancarlosroutrera', 'costasdiego97', 'dulguun_021', 'paula.mourino', 'liuman961021', 'jerome.alag', 'alejandromo1610', 'p.suarez97', 'mariamfontan', 'cxiuqi1', 'mihaipx', 'abdulhaiyum.f', 'alsyaari', 'davidga568', 'jgm2096', 'isaac.carrillo', 'aloptor', 'jaimedmj', 'kennyxsy', 'haominl1997', 'dang.e', 'h_elmenier', 'prra6646', 'pedrogea08', 'lluisgonzaga96', 'limengyuanli66', 'yuxian123', 'zhaoyu960207', 'sstty7', 'guojunxiong25', 'zakizhou', 'mari.paucom', 'yingxue58', 'danidm', 'justinegiroux', 'exareivaj', 'brendaorea15', 'jesslyn', 'sangkyu.sun', 'miguellopezcardenas98', 'maurobn98', 'myez', 'floren_ff', 'agarviespi', 'cytuslll1997', 'leoncc', 'plmolina4', 'sergiocalo.barranha', 'clarahernandez05f', 'feijoomartina', 'mordor', 'andrei.luneow01031999', 'chenyue', 'gkkk6', 'juanjoseo', '9.genest.gabriel', 'qwe', 'dalder', 'al16do06', 'gonzavt15', 'blasern', 'ero15953', '836054323_wj', 'ergobe3', 'miaocx714', 'elmu6301', 'veronica.castro', 'pablolopezexposito', 'albertoangulo', 'antonio98y', 'ionemanuelmoralesrosales', 'dja19951995', 'marinabm', 'clarachapela10', 'ejg98', 'ee5502', 'alyabra', 'albacosta', 'hamza32amar', 'essheh', 'iagomillanentenza', 'wmy', 'alyabra.vargas', 'e.jojusalo', 'chrispvnofficial', 'xiaode', 'hewutanyuan', 'campamarin', 'martin.gutierrez', 'songy', 'bellmanz', 'soddy1996', 'clara.landesa', 'sylim1', 'qumo4329', 'zhang.jiayu', 'juanjotromp', 'alyabra.alejandro', 'hariprasanna', 'adec', 'ch2922', 'wang.yaoz', 'bulganb28', 'ludoba2912', 'sotmas', 'lauragdevesa', 'joeanszxc', 'albertortepin', 'luisgfloreslarrea', 'zihang']",6,"['antonio25', 'selena', 'daviland97', 'dique', 'fmgomez', None]",287,"['anderson.bi', 'wangjianed_1992', 'manuel10suarez10', 'ryu.j', 'chenre', 'ralfli', 'miri23', 'dariogarred', 'juansans98', 'lianyi96', 'lluissanuy', 'antoinelegare', 'e.fisicahamza', 'thunaung', 'lidiadom', 'christsun', 'miguel_fernandez', 'elena.j.g', 'xxy0501', 'andreasorroche', 'andrea.mendez', 'danielfdezcalo', 'pablosempredepor97', 'akamsali', 'alecorti.pardo', 'xhan009', 'xxxxiaofan', 'gonzalogbb', 'aidan.rooney17', 'mihai.pislaru.fisica', 'stgermain.b', 'claudia.puga', 'fran.mosquera.pena', 'pablojosecalvo', 'michaelcameronmcdonald', 'hdelatorre3524', 'tonybocadillosgrandes', 'e0427406', 'fernando_ibarra', 'shikhararvind', 'uxiavelca', 'jinfengleong', 'shizhan.flood', 'guyu', 'niravsurajlal', 'pablosande98', 'wtq77', 'marniesan', 'watashi.legion', 'xiaolei', 'savardbastien', 'alexsanchezcast', 'pablocrespo11', 'brunolopez', 'julioug1', 'pmvd95', 'melonlzheng', 'pedrobeko98', 'xoangon', 'henglund', 'sebastianvromero', 'samuelfl', 'elviracastillo', 'sohamsawant912', 'elmanguito', 'iagopardo97', 'roberto.nava', 'bgutierrez', 'noxis986', None, 'shihhaotsai', 'aledes', 'rysw5590', 'enriquevaliente17', 'pablo.garcia.bas', 'j.guedegar', 'jameslin', 'comeseetake', 'isafdez', 'alicia.mosq', 'mmartinezsanchez', 'edgarmtz', 'chema', 'guoxg46', 'tergel1999', '2015soham.sawant', 'danidrivas98', 'rayoaki7', 'nuriatellado', 'anar4331', 'caetano.eirea', 'bingshengliu', 'uutty2010', 'zhs002', 'dyoh5119', 'e.ivanlopgar1997', 'jiaqi.guoguo', 'nivedaksubramanian', 'albertoccz', 'angelaturnes', 'iagomoscer', 'esteban.figueroa', 'chenxiwang', 'manucro10', 'luisbarrios', 'martin32', 'fmgomez', 'salamghgh20', 'gbatzorig268', 'valeriamg', 'savas', 'alex_varela_17', 'thackettt', 'pablomd', 'hit.kamble', 'austinz', 'chenxi', 'arturocastro94', 'amirbadshah224', 'gmedina', 'dariogarciaredecillas', 'melissa5', 'francisxavgr', 'martinzapatamartinez', 'chwi7664', 'paula.bolboreta', 'juanariza', 'miguelpinocarmona', 'japrz', 'fabiola.santos', 'lucamonduzzi96', 'ivan1', 'isaac.dominguez4444', 'elisa.vicenteei', 'mgupta15', 'cmoadne', 'anselmoantorcha', 'simoncarloscartamil', 'wanghb', 'berzasnon', 'joannesy', 'praveens013', 'e.lucasnavarrog', 'nuriamj', 'kong2020', 'facundobonfiglio', 'jbalderasfernandez', 'laurenp', 'rakki.datta', 'ottoridemar', 'antonionito1993', 'carterkirkendoll', 'yzarni89', 'anamconrado', 'carlosbesadaromero', 'sergiogrcsnchz', 'xoanmayo', 'policon', 'zewei', 'a997154508', 'foojorge', 'junwen', 'fofi94', 'victortorressuch', 'cristinacostas', 'jdanivc', 'aliraza2013ee360', 'emixose', 'choikj', 'david.garrido', 'fabiolajsanlop', 'juancarlosroutrera', 'costasdiego97', 'dulguun_021', 'paula.mourino', 'liuman961021', 'jerome.alag', 'alejandromo1610', 'p.suarez97', 'isaferjim', 'mariamfontan', 'cxiuqi1', 'mihaipx', 'abdulhaiyum.f', 'alsyaari', 'davidga568', 'jgm2096', 'isaac.carrillo', 'aloptor', 'jaimedmj', 'kennyxsy', 'haominl1997', 'dang.e', 'h_elmenier', 'prra6646', 'pedrogea08', 'lluisgonzaga96', 'limengyuanli66', 'yuxian123', 'zhaoyu960207', 'sstty7', 'guojunxiong25', 'zakizhou', 'mari.paucom', 'yingxue58', 'danidm', 'justinegiroux', 'exareivaj', 'brendaorea15', 'dique', 'jesslyn', 'sangkyu.sun', 'miguellopezcardenas98', 'maurobn98', 'myez', 'floren_ff', 'agarviespi', 'cytuslll1997', 'leoncc', 'plmolina4', 'rubenortega', 'sergiocalo.barranha', 'clarahernandez05f', 'feijoomartina', 'mordor', 'antonio25', 'andrei.luneow01031999', 'chenyue', 'gkkk6', 'juanjoseo', '9.genest.gabriel', 'qwe', 'dalder', 'al16do06', 'gonzavt15', 'blasern', 'ero15953', '836054323_wj', 'ergobe3', 'miaocx714', 'elmu6301', 'veronica.castro', 'pablolopezexposito', 'albertoangulo', 'selena', 'antonio98y', 'ionemanuelmoralesrosales', 'dja19951995', 'marinabm', 'clarachapela10', 'ejg98', 'ee5502', 'alyabra', 'albacosta', 'hamza32amar', 'essheh', 'iagomillanentenza', 'wmy', 'alyabra.vargas', 'e.jojusalo', 'chrispvnofficial', 'xiaode', 'hewutanyuan', 'campamarin', 'martin.gutierrez', 'songy', 'bellmanz', 'soddy1996', 'clara.landesa', 'sylim1', 'qumo4329', 'daviland97', 'zhang.jiayu', 'juanjotromp', 'alyabra.alejandro', 'hariprasanna', 'adec', 'ch2922', 'wang.yaoz', 'bulganb28', 'ludoba2912', 'sotmas', 'lauragdevesa', 'joeanszxc', 'albertortepin', 'luisgfloreslarrea', 'zihang']"
1,15,281,8,5,"['julioug1', 'marinabm', 'dariogarred', 'elena.j.g', 'miguellopezcardenas98']",276,"['anderson.bi', 'wangjianed_1992', 'manuel10suarez10', 'ryu.j', 'chenre', 'ralfli', 'miri23', 'juansans98', 'lianyi96', 'lluissanuy', 'antoinelegare', 'e.fisicahamza', 'thunaung', 'lidiadom', 'christsun', 'miguel_fernandez', 'xxy0501', 'andreasorroche', 'andrea.mendez', 'danielfdezcalo', 'pablosempredepor97', 'akamsali', 'alecorti.pardo', 'xhan009', 'xxxxiaofan', 'gonzalogbb', 'aidan.rooney17', 'mihai.pislaru.fisica', 'stgermain.b', 'claudia.puga', 'fran.mosquera.pena', 'pablojosecalvo', 'michaelcameronmcdonald', 'hdelatorre3524', 'tonybocadillosgrandes', 'e0427406', 'fernando_ibarra', 'shikhararvind', 'uxiavelca', 'jinfengleong', 'shizhan.flood', 'guyu', 'niravsurajlal', 'pablosande98', 'wtq77', 'marniesan', 'watashi.legion', 'xiaolei', 'savardbastien', 'alexsanchezcast', 'pablocrespo11', 'brunolopez', 'pmvd95', 'melonlzheng', 'pedrobeko98', 'xoangon', 'henglund', 'sebastianvromero', 'samuelfl', 'elviracastillo', 'sohamsawant912', 'elmanguito', 'iagopardo97', 'roberto.nava', 'bgutierrez', 'noxis986', 'shihhaotsai', 'aledes', 'rysw5590', 'enriquevaliente17', 'pablo.garcia.bas', 'j.guedegar', 'jameslin', 'comeseetake', 'isafdez', 'alicia.mosq', 'mmartinezsanchez', 'edgarmtz', 'chema', 'guoxg46', 'tergel1999', '2015soham.sawant', 'danidrivas98', 'rayoaki7', 'nuriatellado', 'anar4331', 'caetano.eirea', 'bingshengliu', 'uutty2010', 'zhs002', 'dyoh5119', 'e.ivanlopgar1997', 'jiaqi.guoguo', 'nivedaksubramanian', 'albertoccz', 'angelaturnes', 'iagomoscer', 'esteban.figueroa', 'chenxiwang', 'manucro10', 'luisbarrios', 'martin32', 'salamghgh20', 'gbatzorig268', 'valeriamg', 'savas', 'alex_varela_17', 'thackettt', 'pablomd', 'hit.kamble', 'austinz', 'chenxi', 'arturocastro94', 'amirbadshah224', 'gmedina', 'dariogarciaredecillas', 'melissa5', 'francisxavgr', 'martinzapatamartinez', 'chwi7664', 'paula.bolboreta', 'juanariza', 'miguelpinocarmona', 'japrz', 'fabiola.santos', 'lucamonduzzi96', 'ivan1', 'isaac.dominguez4444', 'elisa.vicenteei', 'mgupta15', 'cmoadne', 'anselmoantorcha', 'simoncarloscartamil', 'wanghb', 'berzasnon', 'joannesy', 'praveens013', 'e.lucasnavarrog', 'nuriamj', 'kong2020', 'facundobonfiglio', 'jbalderasfernandez', 'laurenp', 'rakki.datta', 'ottoridemar', 'antonionito1993', 'carterkirkendoll', 'yzarni89', 'anamconrado', 'carlosbesadaromero', 'sergiogrcsnchz', 'xoanmayo', 'policon', 'zewei', 'a997154508', 'foojorge', 'junwen', 'fofi94', 'victortorressuch', 'cristinacostas', 'jdanivc', 'aliraza2013ee360', 'emixose', 'choikj', 'david.garrido', 'fabiolajsanlop', 'juancarlosroutrera', 'costasdiego97', 'dulguun_021', 'paula.mourino', 'liuman961021', 'jerome.alag', 'alejandromo1610', 'p.suarez97', 'isaferjim', 'mariamfontan', 'cxiuqi1', 'mihaipx', 'abdulhaiyum.f', 'alsyaari', 'davidga568', 'jgm2096', 'isaac.carrillo', 'aloptor', 'jaimedmj', 'kennyxsy', 'haominl1997', 'dang.e', 'h_elmenier', 'prra6646', 'pedrogea08', 'lluisgonzaga96', 'limengyuanli66', 'yuxian123', 'zhaoyu960207', 'sstty7', 'guojunxiong25', 'zakizhou', 'mari.paucom', 'yingxue58', 'danidm', 'justinegiroux', 'exareivaj', 'brendaorea15', 'jesslyn', 'sangkyu.sun', 'maurobn98', 'myez', 'floren_ff', 'agarviespi', 'cytuslll1997', 'leoncc', 'plmolina4', 'rubenortega', 'sergiocalo.barranha', 'clarahernandez05f', 'feijoomartina', 'mordor', 'andrei.luneow01031999', 'chenyue', 'gkkk6', 'juanjoseo', '9.genest.gabriel', 'qwe', 'dalder', 'al16do06', 'gonzavt15', 'blasern', 'ero15953', '836054323_wj', 'ergobe3', 'miaocx714', 'elmu6301', 'veronica.castro', 'pablolopezexposito', 'albertoangulo', 'antonio98y', 'ionemanuelmoralesrosales', 'dja19951995', 'clarachapela10', 'ejg98', 'ee5502', 'alyabra', 'albacosta', 'hamza32amar', 'essheh', 'iagomillanentenza', 'wmy', 'alyabra.vargas', 'e.jojusalo', 'chrispvnofficial', 'xiaode', 'hewutanyuan', 'campamarin', 'martin.gutierrez', 'songy', 'bellmanz', 'soddy1996', 'clara.landesa', 'sylim1', 'qumo4329', 'zhang.jiayu', 'juanjotromp', 'alyabra.alejandro', 'hariprasanna', 'adec', 'ch2922', 'wang.yaoz', 'bulganb28', 'ludoba2912', 'sotmas', 'lauragdevesa', 'joeanszxc', 'albertortepin', 'luisgfloreslarrea', 'zihang']",3,"['emilioar', 'elena_lopez', None]",284,"['anderson.bi', 'wangjianed_1992', 'manuel10suarez10', 'ryu.j', 'chenre', 'ralfli', 'miri23', 'dariogarred', 'juansans98', 'lianyi96', 'lluissanuy', 'antoinelegare', 'e.fisicahamza', 'thunaung', 'lidiadom', 'christsun', 'miguel_fernandez', 'elena.j.g', 'xxy0501', 'andreasorroche', 'andrea.mendez', 'danielfdezcalo', 'pablosempredepor97', 'akamsali', 'alecorti.pardo', 'xhan009', 'xxxxiaofan', 'gonzalogbb', 'aidan.rooney17', 'mihai.pislaru.fisica', 'stgermain.b', 'claudia.puga', 'fran.mosquera.pena', 'pablojosecalvo', 'michaelcameronmcdonald', 'hdelatorre3524', 'tonybocadillosgrandes', 'e0427406', 'fernando_ibarra', 'shikhararvind', 'uxiavelca', 'jinfengleong', 'shizhan.flood', 'guyu', 'niravsurajlal', 'pablosande98', 'wtq77', 'marniesan', 'watashi.legion', 'xiaolei', 'savardbastien', 'alexsanchezcast', 'pablocrespo11', 'brunolopez', 'julioug1', 'pmvd95', 'melonlzheng', 'pedrobeko98', 'xoangon', 'henglund', 'sebastianvromero', 'samuelfl', 'elviracastillo', 'sohamsawant912', 'elmanguito', 'iagopardo97', 'roberto.nava', 'bgutierrez', 'noxis986', None, 'shihhaotsai', 'aledes', 'rysw5590', 'enriquevaliente17', 'pablo.garcia.bas', 'j.guedegar', 'jameslin', 'comeseetake', 'isafdez', 'alicia.mosq', 'mmartinezsanchez', 'edgarmtz', 'chema', 'guoxg46', 'tergel1999', '2015soham.sawant', 'danidrivas98', 'rayoaki7', 'nuriatellado', 'anar4331', 'caetano.eirea', 'bingshengliu', 'uutty2010', 'zhs002', 'dyoh5119', 'e.ivanlopgar1997', 'jiaqi.guoguo', 'nivedaksubramanian', 'albertoccz', 'angelaturnes', 'iagomoscer', 'esteban.figueroa', 'chenxiwang', 'manucro10', 'luisbarrios', 'martin32', 'salamghgh20', 'gbatzorig268', 'valeriamg', 'savas', 'alex_varela_17', 'thackettt', 'pablomd', 'hit.kamble', 'austinz', 'chenxi', 'arturocastro94', 'amirbadshah224', 'gmedina', 'dariogarciaredecillas', 'melissa5', 'francisxavgr', 'martinzapatamartinez', 'chwi7664', 'paula.bolboreta', 'juanariza', 'miguelpinocarmona', 'japrz', 'fabiola.santos', 'lucamonduzzi96', 'ivan1', 'isaac.dominguez4444', 'elisa.vicenteei', 'mgupta15', 'cmoadne', 'anselmoantorcha', 'simoncarloscartamil', 'wanghb', 'berzasnon', 'joannesy', 'praveens013', 'e.lucasnavarrog', 'nuriamj', 'kong2020', 'facundobonfiglio', 'jbalderasfernandez', 'laurenp', 'rakki.datta', 'ottoridemar', 'antonionito1993', 'carterkirkendoll', 'yzarni89', 'anamconrado', 'carlosbesadaromero', 'sergiogrcsnchz', 'xoanmayo', 'policon', 'zewei', 'a997154508', 'foojorge', 'junwen', 'fofi94', 'victortorressuch', 'cristinacostas', 'jdanivc', 'aliraza2013ee360', 'emixose', 'choikj', 'david.garrido', 'fabiolajsanlop', 'juancarlosroutrera', 'emilioar', 'costasdiego97', 'dulguun_021', 'paula.mourino', 'liuman961021', 'jerome.alag', 'alejandromo1610', 'p.suarez97', 'isaferjim', 'mariamfontan', 'cxiuqi1', 'mihaipx', 'abdulhaiyum.f', 'alsyaari', 'davidga568', 'jgm2096', 'isaac.carrillo', 'aloptor', 'jaimedmj', 'elena_lopez', 'kennyxsy', 'haominl1997', 'dang.e', 'h_elmenier', 'prra6646', 'pedrogea08', 'lluisgonzaga96', 'limengyuanli66', 'yuxian123', 'zhaoyu960207', 'sstty7', 'guojunxiong25', 'zakizhou', 'mari.paucom', 'yingxue58', 'danidm', 'justinegiroux', 'exareivaj', 'brendaorea15', 'jesslyn', 'sangkyu.sun', 'miguellopezcardenas98', 'maurobn98', 'myez', 'floren_ff', 'agarviespi', 'cytuslll1997', 'leoncc', 'plmolina4', 'rubenortega', 'sergiocalo.barranha', 'clarahernandez05f', 'feijoomartina', 'mordor', 'andrei.luneow01031999', 'chenyue', 'gkkk6', 'juanjoseo', '9.genest.gabriel', 'qwe', 'dalder', 'al16do06', 'gonzavt15', 'blasern', 'ero15953', '836054323_wj', 'ergobe3', 'miaocx714', 'elmu6301', 'veronica.castro', 'pablolopezexposito', 'albertoangulo', 'antonio98y', 'ionemanuelmoralesrosales', 'dja19951995', 'marinabm', 'clarachapela10', 'ejg98', 'ee5502', 'alyabra', 'albacosta', 'hamza32amar', 'essheh', 'iagomillanentenza', 'wmy', 'alyabra.vargas', 'e.jojusalo', 'chrispvnofficial', 'xiaode', 'hewutanyuan', 'campamarin', 'martin.gutierrez', 'songy', 'bellmanz', 'soddy1996', 'clara.landesa', 'sylim1', 'qumo4329', 'zhang.jiayu', 'juanjotromp', 'alyabra.alejandro', 'hariprasanna', 'adec', 'ch2922', 'wang.yaoz', 'bulganb28', 'ludoba2912', 'sotmas', 'lauragdevesa', 'joeanszxc', 'albertortepin', 'luisgfloreslarrea', 'zihang']"
1,16,281,8,4,"['e.lucasnavarrog', 'isafdez', 'agarviespi', 'anamconrado']",277,"['anderson.bi', 'wangjianed_1992', 'manuel10suarez10', 'ryu.j', 'chenre', 'ralfli', 'miri23', 'dariogarred', 'juansans98', 'lianyi96', 'lluissanuy', 'antoinelegare', 'e.fisicahamza', 'thunaung', 'lidiadom', 'christsun', 'miguel_fernandez', 'elena.j.g', 'xxy0501', 'andreasorroche', 'andrea.mendez', 'danielfdezcalo', 'pablosempredepor97', 'akamsali', 'alecorti.pardo', 'xhan009', 'xxxxiaofan', 'gonzalogbb', 'aidan.rooney17', 'mihai.pislaru.fisica', 'stgermain.b', 'claudia.puga', 'fran.mosquera.pena', 'pablojosecalvo', 'michaelcameronmcdonald', 'hdelatorre3524', 'tonybocadillosgrandes', 'e0427406', 'fernando_ibarra', 'shikhararvind', 'uxiavelca', 'jinfengleong', 'shizhan.flood', 'guyu', 'niravsurajlal', 'pablosande98', 'wtq77', 'marniesan', 'watashi.legion', 'xiaolei', 'savardbastien', 'alexsanchezcast', 'pablocrespo11', 'brunolopez', 'julioug1', 'pmvd95', 'melonlzheng', 'pedrobeko98', 'xoangon', 'henglund', 'sebastianvromero', 'samuelfl', 'elviracastillo', 'sohamsawant912', 'elmanguito', 'iagopardo97', 'roberto.nava', 'bgutierrez', 'noxis986', 'shihhaotsai', 'aledes', 'rysw5590', 'enriquevaliente17', 'pablo.garcia.bas', 'j.guedegar', 'jameslin', 'comeseetake', 'alicia.mosq', 'mmartinezsanchez', 'edgarmtz', 'chema', 'guoxg46', 'tergel1999', '2015soham.sawant', 'danidrivas98', 'rayoaki7', 'nuriatellado', 'anar4331', 'caetano.eirea', 'bingshengliu', 'uutty2010', 'zhs002', 'dyoh5119', 'e.ivanlopgar1997', 'jiaqi.guoguo', 'nivedaksubramanian', 'albertoccz', 'angelaturnes', 'iagomoscer', 'esteban.figueroa', 'chenxiwang', 'manucro10', 'luisbarrios', 'martin32', 'salamghgh20', 'gbatzorig268', 'valeriamg', 'savas', 'alex_varela_17', 'thackettt', 'pablomd', 'hit.kamble', 'austinz', 'chenxi', 'arturocastro94', 'amirbadshah224', 'gmedina', 'dariogarciaredecillas', 'melissa5', 'francisxavgr', 'martinzapatamartinez', 'chwi7664', 'paula.bolboreta', 'juanariza', 'miguelpinocarmona', 'japrz', 'fabiola.santos', 'lucamonduzzi96', 'ivan1', 'isaac.dominguez4444', 'elisa.vicenteei', 'mgupta15', 'cmoadne', 'anselmoantorcha', 'simoncarloscartamil', 'wanghb', 'berzasnon', 'joannesy', 'praveens013', 'nuriamj', 'kong2020', 'facundobonfiglio', 'jbalderasfernandez', 'laurenp', 'rakki.datta', 'ottoridemar', 'antonionito1993', 'carterkirkendoll', 'yzarni89', 'carlosbesadaromero', 'sergiogrcsnchz', 'xoanmayo', 'policon', 'zewei', 'a997154508', 'foojorge', 'junwen', 'fofi94', 'victortorressuch', 'cristinacostas', 'jdanivc', 'aliraza2013ee360', 'emixose', 'choikj', 'david.garrido', 'fabiolajsanlop', 'juancarlosroutrera', 'costasdiego97', 'dulguun_021', 'paula.mourino', 'liuman961021', 'jerome.alag', 'alejandromo1610', 'p.suarez97', 'isaferjim', 'mariamfontan', 'cxiuqi1', 'mihaipx', 'abdulhaiyum.f', 'alsyaari', 'davidga568', 'jgm2096', 'isaac.carrillo', 'aloptor', 'jaimedmj', 'kennyxsy', 'haominl1997', 'dang.e', 'h_elmenier', 'prra6646', 'pedrogea08', 'lluisgonzaga96', 'limengyuanli66', 'yuxian123', 'zhaoyu960207', 'sstty7', 'guojunxiong25', 'zakizhou', 'mari.paucom', 'yingxue58', 'danidm', 'justinegiroux', 'exareivaj', 'brendaorea15', 'jesslyn', 'sangkyu.sun', 'miguellopezcardenas98', 'maurobn98', 'myez', 'floren_ff', 'cytuslll1997', 'leoncc', 'plmolina4', 'rubenortega', 'sergiocalo.barranha', 'clarahernandez05f', 'feijoomartina', 'mordor', 'andrei.luneow01031999', 'chenyue', 'gkkk6', 'juanjoseo', '9.genest.gabriel', 'qwe', 'dalder', 'al16do06', 'gonzavt15', 'blasern', 'ero15953', '836054323_wj', 'ergobe3', 'miaocx714', 'elmu6301', 'veronica.castro', 'pablolopezexposito', 'albertoangulo', 'antonio98y', 'ionemanuelmoralesrosales', 'dja19951995', 'marinabm', 'clarachapela10', 'ejg98', 'ee5502', 'alyabra', 'albacosta', 'hamza32amar', 'essheh', 'iagomillanentenza', 'wmy', 'alyabra.vargas', 'e.jojusalo', 'chrispvnofficial', 'xiaode', 'hewutanyuan', 'campamarin', 'martin.gutierrez', 'songy', 'bellmanz', 'soddy1996', 'clara.landesa', 'sylim1', 'qumo4329', 'zhang.jiayu', 'juanjotromp', 'alyabra.alejandro', 'hariprasanna', 'adec', 'ch2922', 'wang.yaoz', 'bulganb28', 'ludoba2912', 'sotmas', 'lauragdevesa', 'joeanszxc', 'albertortepin', 'luisgfloreslarrea', 'zihang']",4,"['elenajuanmartos', None, 'pablocl', 'ssalvia']",285,"['anderson.bi', 'wangjianed_1992', 'manuel10suarez10', 'ryu.j', 'chenre', 'ralfli', 'miri23', 'dariogarred', 'juansans98', 'lianyi96', 'lluissanuy', 'antoinelegare', 'e.fisicahamza', 'thunaung', 'lidiadom', 'christsun', 'miguel_fernandez', 'elena.j.g', 'xxy0501', 'andreasorroche', 'andrea.mendez', 'danielfdezcalo', 'pablosempredepor97', 'akamsali', 'alecorti.pardo', 'xhan009', 'xxxxiaofan', 'gonzalogbb', 'aidan.rooney17', 'mihai.pislaru.fisica', 'stgermain.b', 'claudia.puga', 'fran.mosquera.pena', 'pablojosecalvo', 'michaelcameronmcdonald', 'hdelatorre3524', 'tonybocadillosgrandes', 'e0427406', 'fernando_ibarra', 'shikhararvind', 'uxiavelca', 'jinfengleong', 'shizhan.flood', 'guyu', 'niravsurajlal', 'pablosande98', 'wtq77', 'marniesan', 'watashi.legion', 'xiaolei', 'savardbastien', 'alexsanchezcast', 'pablocrespo11', 'brunolopez', 'julioug1', 'pmvd95', 'melonlzheng', 'pedrobeko98', 'xoangon', 'henglund', 'sebastianvromero', 'samuelfl', 'elviracastillo', 'sohamsawant912', 'elmanguito', 'iagopardo97', 'roberto.nava', 'bgutierrez', 'noxis986', None, 'shihhaotsai', 'aledes', 'rysw5590', 'enriquevaliente17', 'pablo.garcia.bas', 'ssalvia', 'j.guedegar', 'jameslin', 'comeseetake', 'isafdez', 'alicia.mosq', 'mmartinezsanchez', 'edgarmtz', 'chema', 'guoxg46', 'tergel1999', '2015soham.sawant', 'danidrivas98', 'rayoaki7', 'nuriatellado', 'anar4331', 'caetano.eirea', 'bingshengliu', 'uutty2010', 'zhs002', 'dyoh5119', 'e.ivanlopgar1997', 'jiaqi.guoguo', 'nivedaksubramanian', 'albertoccz', 'angelaturnes', 'iagomoscer', 'esteban.figueroa', 'chenxiwang', 'manucro10', 'luisbarrios', 'martin32', 'salamghgh20', 'gbatzorig268', 'valeriamg', 'savas', 'alex_varela_17', 'thackettt', 'pablomd', 'hit.kamble', 'austinz', 'chenxi', 'arturocastro94', 'amirbadshah224', 'gmedina', 'dariogarciaredecillas', 'melissa5', 'francisxavgr', 'martinzapatamartinez', 'chwi7664', 'paula.bolboreta', 'juanariza', 'miguelpinocarmona', 'japrz', 'fabiola.santos', 'lucamonduzzi96', 'ivan1', 'isaac.dominguez4444', 'elisa.vicenteei', 'mgupta15', 'cmoadne', 'anselmoantorcha', 'simoncarloscartamil', 'wanghb', 'berzasnon', 'joannesy', 'praveens013', 'e.lucasnavarrog', 'elenajuanmartos', 'nuriamj', 'kong2020', 'facundobonfiglio', 'jbalderasfernandez', 'laurenp', 'rakki.datta', 'ottoridemar', 'antonionito1993', 'carterkirkendoll', 'yzarni89', 'anamconrado', 'carlosbesadaromero', 'sergiogrcsnchz', 'xoanmayo', 'policon', 'zewei', 'a997154508', 'foojorge', 'junwen', 'fofi94', 'victortorressuch', 'cristinacostas', 'jdanivc', 'aliraza2013ee360', 'emixose', 'choikj', 'david.garrido', 'fabiolajsanlop', 'juancarlosroutrera', 'costasdiego97', 'dulguun_021', 'paula.mourino', 'liuman961021', 'jerome.alag', 'alejandromo1610', 'p.suarez97', 'isaferjim', 'mariamfontan', 'cxiuqi1', 'mihaipx', 'abdulhaiyum.f', 'alsyaari', 'davidga568', 'jgm2096', 'isaac.carrillo', 'aloptor', 'jaimedmj', 'kennyxsy', 'haominl1997', 'dang.e', 'h_elmenier', 'prra6646', 'pedrogea08', 'lluisgonzaga96', 'limengyuanli66', 'yuxian123', 'zhaoyu960207', 'sstty7', 'guojunxiong25', 'zakizhou', 'mari.paucom', 'yingxue58', 'danidm', 'justinegiroux', 'exareivaj', 'brendaorea15', 'jesslyn', 'sangkyu.sun', 'miguellopezcardenas98', 'maurobn98', 'myez', 'floren_ff', 'agarviespi', 'cytuslll1997', 'leoncc', 'plmolina4', 'rubenortega', 'sergiocalo.barranha', 'clarahernandez05f', 'feijoomartina', 'mordor', 'andrei.luneow01031999', 'chenyue', 'gkkk6', 'juanjoseo', '9.genest.gabriel', 'qwe', 'dalder', 'al16do06', 'gonzavt15', 'blasern', 'ero15953', '836054323_wj', 'ergobe3', 'miaocx714', 'elmu6301', 'veronica.castro', 'pablolopezexposito', 'albertoangulo', 'antonio98y', 'ionemanuelmoralesrosales', 'dja19951995', 'marinabm', 'clarachapela10', 'ejg98', 'ee5502', 'alyabra', 'albacosta', 'hamza32amar', 'essheh', 'iagomillanentenza', 'wmy', 'alyabra.vargas', 'e.jojusalo', 'chrispvnofficial', 'xiaode', 'hewutanyuan', 'campamarin', 'martin.gutierrez', 'songy', 'bellmanz', 'soddy1996', 'clara.landesa', 'pablocl', 'sylim1', 'qumo4329', 'zhang.jiayu', 'juanjotromp', 'alyabra.alejandro', 'hariprasanna', 'adec', 'ch2922', 'wang.yaoz', 'bulganb28', 'ludoba2912', 'sotmas', 'lauragdevesa', 'joeanszxc', 'albertortepin', 'luisgfloreslarrea', 'zihang']"
1,364,281,8,2,"['gbatzorig268', 'watashi.legion']",279,"['anderson.bi', 'wangjianed_1992', 'manuel10suarez10', 'ryu.j', 'chenre', 'ralfli', 'miri23', 'dariogarred', 'juansans98', 'lianyi96', 'lluissanuy', 'antoinelegare', 'e.fisicahamza', 'thunaung', 'lidiadom', 'christsun', 'miguel_fernandez', 'elena.j.g', 'xxy0501', 'andreasorroche', 'andrea.mendez', 'danielfdezcalo', 'pablosempredepor97', 'akamsali', 'alecorti.pardo', 'xhan009', 'xxxxiaofan', 'gonzalogbb', 'aidan.rooney17', 'mihai.pislaru.fisica', 'stgermain.b', 'claudia.puga', 'fran.mosquera.pena', 'pablojosecalvo', 'michaelcameronmcdonald', 'hdelatorre3524', 'tonybocadillosgrandes', 'e0427406', 'fernando_ibarra', 'shikhararvind', 'uxiavelca', 'jinfengleong', 'shizhan.flood', 'guyu', 'niravsurajlal', 'pablosande98', 'wtq77', 'marniesan', 'xiaolei', 'savardbastien', 'alexsanchezcast', 'pablocrespo11', 'brunolopez', 'julioug1', 'pmvd95', 'melonlzheng', 'pedrobeko98', 'xoangon', 'henglund', 'sebastianvromero', 'samuelfl', 'elviracastillo', 'sohamsawant912', 'elmanguito', 'iagopardo97', 'roberto.nava', 'bgutierrez', 'noxis986', 'shihhaotsai', 'aledes', 'rysw5590', 'enriquevaliente17', 'pablo.garcia.bas', 'j.guedegar', 'jameslin', 'comeseetake', 'isafdez', 'alicia.mosq', 'mmartinezsanchez', 'edgarmtz', 'chema', 'guoxg46', 'tergel1999', '2015soham.sawant', 'danidrivas98', 'rayoaki7', 'nuriatellado', 'anar4331', 'caetano.eirea', 'bingshengliu', 'uutty2010', 'zhs002', 'dyoh5119', 'e.ivanlopgar1997', 'jiaqi.guoguo', 'nivedaksubramanian', 'albertoccz', 'angelaturnes', 'iagomoscer', 'esteban.figueroa', 'chenxiwang', 'manucro10', 'luisbarrios', 'martin32', 'salamghgh20', 'valeriamg', 'savas', 'alex_varela_17', 'thackettt', 'pablomd', 'hit.kamble', 'austinz', 'chenxi', 'arturocastro94', 'amirbadshah224', 'gmedina', 'dariogarciaredecillas', 'melissa5', 'francisxavgr', 'martinzapatamartinez', 'chwi7664', 'paula.bolboreta', 'juanariza', 'miguelpinocarmona', 'japrz', 'fabiola.santos', 'lucamonduzzi96', 'ivan1', 'isaac.dominguez4444', 'elisa.vicenteei', 'mgupta15', 'cmoadne', 'anselmoantorcha', 'simoncarloscartamil', 'wanghb', 'berzasnon', 'joannesy', 'praveens013', 'e.lucasnavarrog', 'nuriamj', 'kong2020', 'facundobonfiglio', 'jbalderasfernandez', 'laurenp', 'rakki.datta', 'ottoridemar', 'antonionito1993', 'carterkirkendoll', 'yzarni89', 'anamconrado', 'carlosbesadaromero', 'sergiogrcsnchz', 'xoanmayo', 'policon', 'zewei', 'a997154508', 'foojorge', 'junwen', 'fofi94', 'victortorressuch', 'cristinacostas', 'jdanivc', 'aliraza2013ee360', 'emixose', 'choikj', 'david.garrido', 'fabiolajsanlop', 'juancarlosroutrera', 'costasdiego97', 'dulguun_021', 'paula.mourino', 'liuman961021', 'jerome.alag', 'alejandromo1610', 'p.suarez97', 'isaferjim', 'mariamfontan', 'cxiuqi1', 'mihaipx', 'abdulhaiyum.f', 'alsyaari', 'davidga568', 'jgm2096', 'isaac.carrillo', 'aloptor', 'jaimedmj', 'kennyxsy', 'haominl1997', 'dang.e', 'h_elmenier', 'prra6646', 'pedrogea08', 'lluisgonzaga96', 'limengyuanli66', 'yuxian123', 'zhaoyu960207', 'sstty7', 'guojunxiong25', 'zakizhou', 'mari.paucom', 'yingxue58', 'danidm', 'justinegiroux', 'exareivaj', 'brendaorea15', 'jesslyn', 'sangkyu.sun', 'miguellopezcardenas98', 'maurobn98', 'myez', 'floren_ff', 'agarviespi', 'cytuslll1997', 'leoncc', 'plmolina4', 'rubenortega', 'sergiocalo.barranha', 'clarahernandez05f', 'feijoomartina', 'mordor', 'andrei.luneow01031999', 'chenyue', 'gkkk6', 'juanjoseo', '9.genest.gabriel', 'qwe', 'dalder', 'al16do06', 'gonzavt15', 'blasern', 'ero15953', '836054323_wj', 'ergobe3', 'miaocx714', 'elmu6301', 'veronica.castro', 'pablolopezexposito', 'albertoangulo', 'antonio98y', 'ionemanuelmoralesrosales', 'dja19951995', 'marinabm', 'clarachapela10', 'ejg98', 'ee5502', 'alyabra', 'albacosta', 'hamza32amar', 'essheh', 'iagomillanentenza', 'wmy', 'alyabra.vargas', 'e.jojusalo', 'chrispvnofficial', 'xiaode', 'hewutanyuan', 'campamarin', 'martin.gutierrez', 'songy', 'bellmanz', 'soddy1996', 'clara.landesa', 'sylim1', 'qumo4329', 'zhang.jiayu', 'juanjotromp', 'alyabra.alejandro', 'hariprasanna', 'adec', 'ch2922', 'wang.yaoz', 'bulganb28', 'ludoba2912', 'sotmas', 'lauragdevesa', 'joeanszxc', 'albertortepin', 'luisgfloreslarrea', 'zihang']",6,"['tsogooanurad', 'ochirhuyag', 'atilyacez', 'max1028d', 'delegbayanmunkh9', None]",287,"['anderson.bi', 'wangjianed_1992', 'manuel10suarez10', 'ryu.j', 'chenre', 'ralfli', 'miri23', 'dariogarred', 'juansans98', 'lianyi96', 'lluissanuy', 'antoinelegare', 'e.fisicahamza', 'thunaung', 'lidiadom', 'christsun', 'miguel_fernandez', 'elena.j.g', 'xxy0501', 'andreasorroche', 'andrea.mendez', 'danielfdezcalo', 'pablosempredepor97', 'akamsali', 'alecorti.pardo', 'xhan009', 'xxxxiaofan', 'gonzalogbb', 'aidan.rooney17', 'mihai.pislaru.fisica', 'stgermain.b', 'claudia.puga', 'fran.mosquera.pena', 'pablojosecalvo', 'michaelcameronmcdonald', 'hdelatorre3524', 'tonybocadillosgrandes', 'e0427406', 'fernando_ibarra', 'shikhararvind', 'atilyacez', 'uxiavelca', 'jinfengleong', 'shizhan.flood', 'guyu', 'niravsurajlal', 'pablosande98', 'wtq77', 'marniesan', 'watashi.legion', 'xiaolei', 'savardbastien', 'alexsanchezcast', 'pablocrespo11', 'brunolopez', 'julioug1', 'pmvd95', 'melonlzheng', 'pedrobeko98', 'xoangon', 'henglund', 'sebastianvromero', 'samuelfl', 'elviracastillo', 'sohamsawant912', 'elmanguito', 'iagopardo97', 'roberto.nava', 'bgutierrez', 'noxis986', None, 'ochirhuyag', 'shihhaotsai', 'aledes', 'rysw5590', 'enriquevaliente17', 'pablo.garcia.bas', 'j.guedegar', 'jameslin', 'comeseetake', 'isafdez', 'alicia.mosq', 'mmartinezsanchez', 'edgarmtz', 'chema', 'guoxg46', 'tergel1999', '2015soham.sawant', 'danidrivas98', 'rayoaki7', 'nuriatellado', 'anar4331', 'caetano.eirea', 'bingshengliu', 'uutty2010', 'zhs002', 'max1028d', 'dyoh5119', 'e.ivanlopgar1997', 'jiaqi.guoguo', 'nivedaksubramanian', 'albertoccz', 'angelaturnes', 'iagomoscer', 'esteban.figueroa', 'chenxiwang', 'manucro10', 'luisbarrios', 'martin32', 'salamghgh20', 'gbatzorig268', 'valeriamg', 'savas', 'alex_varela_17', 'thackettt', 'pablomd', 'hit.kamble', 'austinz', 'chenxi', 'arturocastro94', 'amirbadshah224', 'gmedina', 'dariogarciaredecillas', 'melissa5', 'francisxavgr', 'martinzapatamartinez', 'chwi7664', 'paula.bolboreta', 'juanariza', 'miguelpinocarmona', 'japrz', 'fabiola.santos', 'lucamonduzzi96', 'ivan1', 'isaac.dominguez4444', 'elisa.vicenteei', 'mgupta15', 'cmoadne', 'anselmoantorcha', 'simoncarloscartamil', 'wanghb', 'berzasnon', 'joannesy', 'praveens013', 'e.lucasnavarrog', 'nuriamj', 'kong2020', 'facundobonfiglio', 'jbalderasfernandez', 'laurenp', 'rakki.datta', 'ottoridemar', 'antonionito1993', 'carterkirkendoll', 'yzarni89', 'anamconrado', 'carlosbesadaromero', 'sergiogrcsnchz', 'xoanmayo', 'policon', 'zewei', 'a997154508', 'foojorge', 'junwen', 'fofi94', 'victortorressuch', 'cristinacostas', 'jdanivc', 'aliraza2013ee360', 'emixose', 'choikj', 'david.garrido', 'fabiolajsanlop', 'juancarlosroutrera', 'costasdiego97', 'dulguun_021', 'paula.mourino', 'liuman961021', 'jerome.alag', 'alejandromo1610', 'p.suarez97', 'isaferjim', 'mariamfontan', 'cxiuqi1', 'mihaipx', 'abdulhaiyum.f', 'alsyaari', 'davidga568', 'jgm2096', 'isaac.carrillo', 'aloptor', 'jaimedmj', 'kennyxsy', 'haominl1997', 'dang.e', 'h_elmenier', 'prra6646', 'pedrogea08', 'lluisgonzaga96', 'limengyuanli66', 'yuxian123', 'zhaoyu960207', 'sstty7', 'guojunxiong25', 'zakizhou', 'mari.paucom', 'yingxue58', 'danidm', 'justinegiroux', 'exareivaj', 'brendaorea15', 'jesslyn', 'sangkyu.sun', 'miguellopezcardenas98', 'maurobn98', 'myez', 'floren_ff', 'agarviespi', 'cytuslll1997', 'leoncc', 'plmolina4', 'rubenortega', 'sergiocalo.barranha', 'clarahernandez05f', 'feijoomartina', 'mordor', 'andrei.luneow01031999', 'chenyue', 'gkkk6', 'tsogooanurad', 'juanjoseo', '9.genest.gabriel', 'qwe', 'dalder', 'al16do06', 'gonzavt15', 'blasern', 'ero15953', '836054323_wj', 'ergobe3', 'delegbayanmunkh9', 'miaocx714', 'elmu6301', 'veronica.castro', 'pablolopezexposito', 'albertoangulo', 'antonio98y', 'ionemanuelmoralesrosales', 'dja19951995', 'marinabm', 'clarachapela10', 'ejg98', 'ee5502', 'alyabra', 'albacosta', 'hamza32amar', 'essheh', 'iagomillanentenza', 'wmy', 'alyabra.vargas', 'e.jojusalo', 'chrispvnofficial', 'xiaode', 'hewutanyuan', 'campamarin', 'martin.gutierrez', 'songy', 'bellmanz', 'soddy1996', 'clara.landesa', 'sylim1', 'qumo4329', 'zhang.jiayu', 'juanjotromp', 'alyabra.alejandro', 'hariprasanna', 'adec', 'ch2922', 'wang.yaoz', 'bulganb28', 'ludoba2912', 'sotmas', 'lauragdevesa', 'joeanszxc', 'albertortepin', 'luisgfloreslarrea', 'zihang']"
1,391,281,8,5,"['danidrivas98', 'nuriatellado', 'albacosta', 'martinzapatamartinez', 'arturocastro94']",276,"['anderson.bi', 'wangjianed_1992', 'manuel10suarez10', 'ryu.j', 'chenre', 'ralfli', 'miri23', 'dariogarred', 'juansans98', 'lianyi96', 'lluissanuy', 'antoinelegare', 'e.fisicahamza', 'thunaung', 'lidiadom', 'christsun', 'miguel_fernandez', 'elena.j.g', 'xxy0501', 'andreasorroche', 'andrea.mendez', 'danielfdezcalo', 'pablosempredepor97', 'akamsali', 'alecorti.pardo', 'xhan009', 'xxxxiaofan', 'gonzalogbb', 'aidan.rooney17', 'mihai.pislaru.fisica', 'stgermain.b', 'claudia.puga', 'fran.mosquera.pena', 'pablojosecalvo', 'michaelcameronmcdonald', 'hdelatorre3524', 'tonybocadillosgrandes', 'e0427406', 'fernando_ibarra', 'shikhararvind', 'uxiavelca', 'jinfengleong', 'shizhan.flood', 'guyu', 'niravsurajlal', 'pablosande98', 'wtq77', 'marniesan', 'watashi.legion', 'xiaolei', 'savardbastien', 'alexsanchezcast', 'pablocrespo11', 'brunolopez', 'julioug1', 'pmvd95', 'melonlzheng', 'pedrobeko98', 'xoangon', 'henglund', 'sebastianvromero', 'samuelfl', 'elviracastillo', 'sohamsawant912', 'elmanguito', 'iagopardo97', 'roberto.nava', 'bgutierrez', 'noxis986', 'shihhaotsai', 'aledes', 'rysw5590', 'enriquevaliente17', 'pablo.garcia.bas', 'j.guedegar', 'jameslin', 'comeseetake', 'isafdez', 'alicia.mosq', 'mmartinezsanchez', 'edgarmtz', 'chema', 'guoxg46', 'tergel1999', '2015soham.sawant', 'rayoaki7', 'anar4331', 'caetano.eirea', 'bingshengliu', 'uutty2010', 'zhs002', 'dyoh5119', 'e.ivanlopgar1997', 'jiaqi.guoguo', 'nivedaksubramanian', 'albertoccz', 'angelaturnes', 'iagomoscer', 'esteban.figueroa', 'chenxiwang', 'manucro10', 'luisbarrios', 'martin32', 'salamghgh20', 'gbatzorig268', 'valeriamg', 'savas', 'alex_varela_17', 'thackettt', 'pablomd', 'hit.kamble', 'austinz', 'chenxi', 'amirbadshah224', 'gmedina', 'dariogarciaredecillas', 'melissa5', 'francisxavgr', 'chwi7664', 'paula.bolboreta', 'juanariza', 'miguelpinocarmona', 'japrz', 'fabiola.santos', 'lucamonduzzi96', 'ivan1', 'isaac.dominguez4444', 'elisa.vicenteei', 'mgupta15', 'cmoadne', 'anselmoantorcha', 'simoncarloscartamil', 'wanghb', 'berzasnon', 'joannesy', 'praveens013', 'e.lucasnavarrog', 'nuriamj', 'kong2020', 'facundobonfiglio', 'jbalderasfernandez', 'laurenp', 'rakki.datta', 'ottoridemar', 'antonionito1993', 'carterkirkendoll', 'yzarni89', 'anamconrado', 'carlosbesadaromero', 'sergiogrcsnchz', 'xoanmayo', 'policon', 'zewei', 'a997154508', 'foojorge', 'junwen', 'fofi94', 'victortorressuch', 'cristinacostas', 'jdanivc', 'aliraza2013ee360', 'emixose', 'choikj', 'david.garrido', 'fabiolajsanlop', 'juancarlosroutrera', 'costasdiego97', 'dulguun_021', 'paula.mourino', 'liuman961021', 'jerome.alag', 'alejandromo1610', 'p.suarez97', 'isaferjim', 'mariamfontan', 'cxiuqi1', 'mihaipx', 'abdulhaiyum.f', 'alsyaari', 'davidga568', 'jgm2096', 'isaac.carrillo', 'aloptor', 'jaimedmj', 'kennyxsy', 'haominl1997', 'dang.e', 'h_elmenier', 'prra6646', 'pedrogea08', 'lluisgonzaga96', 'limengyuanli66', 'yuxian123', 'zhaoyu960207', 'sstty7', 'guojunxiong25', 'zakizhou', 'mari.paucom', 'yingxue58', 'danidm', 'justinegiroux', 'exareivaj', 'brendaorea15', 'jesslyn', 'sangkyu.sun', 'miguellopezcardenas98', 'maurobn98', 'myez', 'floren_ff', 'agarviespi', 'cytuslll1997', 'leoncc', 'plmolina4', 'rubenortega', 'sergiocalo.barranha', 'clarahernandez05f', 'feijoomartina', 'mordor', 'andrei.luneow01031999', 'chenyue', 'gkkk6', 'juanjoseo', '9.genest.gabriel', 'qwe', 'dalder', 'al16do06', 'gonzavt15', 'blasern', 'ero15953', '836054323_wj', 'ergobe3', 'miaocx714', 'elmu6301', 'veronica.castro', 'pablolopezexposito', 'albertoangulo', 'antonio98y', 'ionemanuelmoralesrosales', 'dja19951995', 'marinabm', 'clarachapela10', 'ejg98', 'ee5502', 'alyabra', 'hamza32amar', 'essheh', 'iagomillanentenza', 'wmy', 'alyabra.vargas', 'e.jojusalo', 'chrispvnofficial', 'xiaode', 'hewutanyuan', 'campamarin', 'martin.gutierrez', 'songy', 'bellmanz', 'soddy1996', 'clara.landesa', 'sylim1', 'qumo4329', 'zhang.jiayu', 'juanjotromp', 'alyabra.alejandro', 'hariprasanna', 'adec', 'ch2922', 'wang.yaoz', 'bulganb28', 'ludoba2912', 'sotmas', 'lauragdevesa', 'joeanszxc', 'albertortepin', 'luisgfloreslarrea', 'zihang']",3,"['pedrotouris', None, 'martinperezmaneiro']",284,"['anderson.bi', 'wangjianed_1992', 'manuel10suarez10', 'ryu.j', 'chenre', 'ralfli', 'miri23', 'dariogarred', 'juansans98', 'lianyi96', 'lluissanuy', 'antoinelegare', 'e.fisicahamza', 'thunaung', 'lidiadom', 'christsun', 'miguel_fernandez', 'elena.j.g', 'xxy0501', 'andreasorroche', 'andrea.mendez', 'danielfdezcalo', 'pablosempredepor97', 'akamsali', 'alecorti.pardo', 'xhan009', 'xxxxiaofan', 'gonzalogbb', 'aidan.rooney17', 'mihai.pislaru.fisica', 'stgermain.b', 'claudia.puga', 'fran.mosquera.pena', 'pablojosecalvo', 'michaelcameronmcdonald', 'hdelatorre3524', 'tonybocadillosgrandes', 'e0427406', 'fernando_ibarra', 'shikhararvind', 'uxiavelca', 'jinfengleong', 'shizhan.flood', 'guyu', 'niravsurajlal', 'pablosande98', 'wtq77', 'marniesan', 'watashi.legion', 'xiaolei', 'savardbastien', 'alexsanchezcast', 'pablocrespo11', 'brunolopez', 'julioug1', 'pmvd95', 'melonlzheng', 'pedrobeko98', 'xoangon', 'henglund', 'sebastianvromero', 'samuelfl', 'elviracastillo', 'sohamsawant912', 'elmanguito', 'iagopardo97', 'roberto.nava', 'bgutierrez', 'noxis986', None, 'shihhaotsai', 'aledes', 'rysw5590', 'enriquevaliente17', 'pablo.garcia.bas', 'j.guedegar', 'jameslin', 'comeseetake', 'isafdez', 'alicia.mosq', 'mmartinezsanchez', 'edgarmtz', 'chema', 'guoxg46', 'tergel1999', '2015soham.sawant', 'danidrivas98', 'rayoaki7', 'nuriatellado', 'anar4331', 'caetano.eirea', 'bingshengliu', 'uutty2010', 'zhs002', 'dyoh5119', 'e.ivanlopgar1997', 'jiaqi.guoguo', 'nivedaksubramanian', 'albertoccz', 'angelaturnes', 'iagomoscer', 'esteban.figueroa', 'chenxiwang', 'manucro10', 'luisbarrios', 'martin32', 'salamghgh20', 'gbatzorig268', 'valeriamg', 'savas', 'alex_varela_17', 'thackettt', 'pablomd', 'hit.kamble', 'austinz', 'chenxi', 'arturocastro94', 'amirbadshah224', 'gmedina', 'dariogarciaredecillas', 'melissa5', 'francisxavgr', 'pedrotouris', 'martinzapatamartinez', 'chwi7664', 'paula.bolboreta', 'juanariza', 'miguelpinocarmona', 'japrz', 'fabiola.santos', 'lucamonduzzi96', 'ivan1', 'isaac.dominguez4444', 'elisa.vicenteei', 'mgupta15', 'cmoadne', 'anselmoantorcha', 'simoncarloscartamil', 'wanghb', 'berzasnon', 'joannesy', 'praveens013', 'e.lucasnavarrog', 'nuriamj', 'kong2020', 'facundobonfiglio', 'jbalderasfernandez', 'laurenp', 'rakki.datta', 'ottoridemar', 'antonionito1993', 'carterkirkendoll', 'yzarni89', 'anamconrado', 'carlosbesadaromero', 'sergiogrcsnchz', 'xoanmayo', 'policon', 'zewei', 'a997154508', 'foojorge', 'junwen', 'fofi94', 'victortorressuch', 'cristinacostas', 'jdanivc', 'aliraza2013ee360', 'emixose', 'choikj', 'david.garrido', 'fabiolajsanlop', 'juancarlosroutrera', 'costasdiego97', 'dulguun_021', 'paula.mourino', 'liuman961021', 'jerome.alag', 'alejandromo1610', 'p.suarez97', 'isaferjim', 'mariamfontan', 'cxiuqi1', 'mihaipx', 'abdulhaiyum.f', 'alsyaari', 'davidga568', 'jgm2096', 'isaac.carrillo', 'aloptor', 'jaimedmj', 'kennyxsy', 'haominl1997', 'dang.e', 'h_elmenier', 'prra6646', 'pedrogea08', 'lluisgonzaga96', 'limengyuanli66', 'yuxian123', 'zhaoyu960207', 'sstty7', 'guojunxiong25', 'zakizhou', 'mari.paucom', 'yingxue58', 'danidm', 'justinegiroux', 'exareivaj', 'brendaorea15', 'jesslyn', 'sangkyu.sun', 'miguellopezcardenas98', 'maurobn98', 'myez', 'floren_ff', 'agarviespi', 'cytuslll1997', 'leoncc', 'plmolina4', 'rubenortega', 'sergiocalo.barranha', 'martinperezmaneiro', 'clarahernandez05f', 'feijoomartina', 'mordor', 'andrei.luneow01031999', 'chenyue', 'gkkk6', 'juanjoseo', '9.genest.gabriel', 'qwe', 'dalder', 'al16do06', 'gonzavt15', 'blasern', 'ero15953', '836054323_wj', 'ergobe3', 'miaocx714', 'elmu6301', 'veronica.castro', 'pablolopezexposito', 'albertoangulo', 'antonio98y', 'ionemanuelmoralesrosales', 'dja19951995', 'marinabm', 'clarachapela10', 'ejg98', 'ee5502', 'alyabra', 'albacosta', 'hamza32amar', 'essheh', 'iagomillanentenza', 'wmy', 'alyabra.vargas', 'e.jojusalo', 'chrispvnofficial', 'xiaode', 'hewutanyuan', 'campamarin', 'martin.gutierrez', 'songy', 'bellmanz', 'soddy1996', 'clara.landesa', 'sylim1', 'qumo4329', 'zhang.jiayu', 'juanjotromp', 'alyabra.alejandro', 'hariprasanna', 'adec', 'ch2922', 'wang.yaoz', 'bulganb28', 'ludoba2912', 'sotmas', 'lauragdevesa', 'joeanszxc', 'albertortepin', 'luisgfloreslarrea', 'zihang']"
1,35,281,7,5,"['miri23', 'iagomillanentenza', 'juansans98', 'caetano.eirea', 'sebastianvromero']",276,"['anderson.bi', 'wangjianed_1992', 'manuel10suarez10', 'ryu.j', 'chenre', 'ralfli', 'dariogarred', 'lianyi96', 'lluissanuy', 'antoinelegare', 'e.fisicahamza', 'thunaung', 'lidiadom', 'christsun', 'miguel_fernandez', 'elena.j.g', 'xxy0501', 'andreasorroche', 'andrea.mendez', 'danielfdezcalo', 'pablosempredepor97', 'akamsali', 'alecorti.pardo', 'xhan009', 'xxxxiaofan', 'gonzalogbb', 'aidan.rooney17', 'mihai.pislaru.fisica', 'stgermain.b', 'claudia.puga', 'fran.mosquera.pena', 'pablojosecalvo', 'michaelcameronmcdonald', 'hdelatorre3524', 'tonybocadillosgrandes', 'e0427406', 'fernando_ibarra', 'shikhararvind', 'uxiavelca', 'jinfengleong', 'shizhan.flood', 'guyu', 'niravsurajlal', 'pablosande98', 'wtq77', 'marniesan', 'watashi.legion', 'xiaolei', 'savardbastien', 'alexsanchezcast', 'pablocrespo11', 'brunolopez', 'julioug1', 'pmvd95', 'melonlzheng', 'pedrobeko98', 'xoangon', 'henglund', 'samuelfl', 'elviracastillo', 'sohamsawant912', 'elmanguito', 'iagopardo97', 'roberto.nava', 'bgutierrez', 'noxis986', 'shihhaotsai', 'aledes', 'rysw5590', 'enriquevaliente17', 'pablo.garcia.bas', 'j.guedegar', 'jameslin', 'comeseetake', 'isafdez', 'alicia.mosq', 'mmartinezsanchez', 'edgarmtz', 'chema', 'guoxg46', 'tergel1999', '2015soham.sawant', 'danidrivas98', 'rayoaki7', 'nuriatellado', 'anar4331', 'bingshengliu', 'uutty2010', 'zhs002', 'dyoh5119', 'e.ivanlopgar1997', 'jiaqi.guoguo', 'nivedaksubramanian', 'albertoccz', 'angelaturnes', 'iagomoscer', 'esteban.figueroa', 'chenxiwang', 'manucro10', 'luisbarrios', 'martin32', 'salamghgh20', 'gbatzorig268', 'valeriamg', 'savas', 'alex_varela_17', 'thackettt', 'pablomd', 'hit.kamble', 'austinz', 'chenxi', 'arturocastro94', 'amirbadshah224', 'gmedina', 'dariogarciaredecillas', 'melissa5', 'francisxavgr', 'martinzapatamartinez', 'chwi7664', 'paula.bolboreta', 'juanariza', 'miguelpinocarmona', 'japrz', 'fabiola.santos', 'lucamonduzzi96', 'ivan1', 'isaac.dominguez4444', 'elisa.vicenteei', 'mgupta15', 'cmoadne', 'anselmoantorcha', 'simoncarloscartamil', 'wanghb', 'berzasnon', 'joannesy', 'praveens013', 'e.lucasnavarrog', 'nuriamj', 'kong2020', 'facundobonfiglio', 'jbalderasfernandez', 'laurenp', 'rakki.datta', 'ottoridemar', 'antonionito1993', 'carterkirkendoll', 'yzarni89', 'anamconrado', 'carlosbesadaromero', 'sergiogrcsnchz', 'xoanmayo', 'policon', 'zewei', 'a997154508', 'foojorge', 'junwen', 'fofi94', 'victortorressuch', 'cristinacostas', 'jdanivc', 'aliraza2013ee360', 'emixose', 'choikj', 'david.garrido', 'fabiolajsanlop', 'juancarlosroutrera', 'costasdiego97', 'dulguun_021', 'paula.mourino', 'liuman961021', 'jerome.alag', 'alejandromo1610', 'p.suarez97', 'isaferjim', 'mariamfontan', 'cxiuqi1', 'mihaipx', 'abdulhaiyum.f', 'alsyaari', 'davidga568', 'jgm2096', 'isaac.carrillo', 'aloptor', 'jaimedmj', 'kennyxsy', 'haominl1997', 'dang.e', 'h_elmenier', 'prra6646', 'pedrogea08', 'lluisgonzaga96', 'limengyuanli66', 'yuxian123', 'zhaoyu960207', 'sstty7', 'guojunxiong25', 'zakizhou', 'mari.paucom', 'yingxue58', 'danidm', 'justinegiroux', 'exareivaj', 'brendaorea15', 'jesslyn', 'sangkyu.sun', 'miguellopezcardenas98', 'maurobn98', 'myez', 'floren_ff', 'agarviespi', 'cytuslll1997', 'leoncc', 'plmolina4', 'rubenortega', 'sergiocalo.barranha', 'clarahernandez05f', 'feijoomartina', 'mordor', 'andrei.luneow01031999', 'chenyue', 'gkkk6', 'juanjoseo', '9.genest.gabriel', 'qwe', 'dalder', 'al16do06', 'gonzavt15', 'blasern', 'ero15953', '836054323_wj', 'ergobe3', 'miaocx714', 'elmu6301', 'veronica.castro', 'pablolopezexposito', 'albertoangulo', 'antonio98y', 'ionemanuelmoralesrosales', 'dja19951995', 'marinabm', 'clarachapela10', 'ejg98', 'ee5502', 'alyabra', 'albacosta', 'hamza32amar', 'essheh', 'wmy', 'alyabra.vargas', 'e.jojusalo', 'chrispvnofficial', 'xiaode', 'hewutanyuan', 'campamarin', 'martin.gutierrez', 'songy', 'bellmanz', 'soddy1996', 'clara.landesa', 'sylim1', 'qumo4329', 'zhang.jiayu', 'juanjotromp', 'alyabra.alejandro', 'hariprasanna', 'adec', 'ch2922', 'wang.yaoz', 'bulganb28', 'ludoba2912', 'sotmas', 'lauragdevesa', 'joeanszxc', 'albertortepin', 'luisgfloreslarrea', 'zihang']",2,"['jesusgiraldez', None]",283,"['anderson.bi', 'wangjianed_1992', 'manuel10suarez10', 'ryu.j', 'chenre', 'ralfli', 'miri23', 'dariogarred', 'juansans98', 'lianyi96', 'lluissanuy', 'antoinelegare', 'e.fisicahamza', 'thunaung', 'lidiadom', 'christsun', 'miguel_fernandez', 'elena.j.g', 'xxy0501', 'andreasorroche', 'andrea.mendez', 'danielfdezcalo', 'pablosempredepor97', 'akamsali', 'alecorti.pardo', 'xhan009', 'xxxxiaofan', 'gonzalogbb', 'aidan.rooney17', 'mihai.pislaru.fisica', 'stgermain.b', 'claudia.puga', 'fran.mosquera.pena', 'pablojosecalvo', 'michaelcameronmcdonald', 'hdelatorre3524', 'tonybocadillosgrandes', 'e0427406', 'fernando_ibarra', 'shikhararvind', 'uxiavelca', 'jinfengleong', 'shizhan.flood', 'guyu', 'niravsurajlal', 'pablosande98', 'wtq77', 'marniesan', 'watashi.legion', 'xiaolei', 'savardbastien', 'alexsanchezcast', 'pablocrespo11', 'brunolopez', 'julioug1', 'pmvd95', 'melonlzheng', 'pedrobeko98', 'xoangon', 'henglund', 'sebastianvromero', 'samuelfl', 'elviracastillo', 'sohamsawant912', 'elmanguito', 'iagopardo97', 'roberto.nava', 'bgutierrez', 'noxis986', None, 'shihhaotsai', 'aledes', 'rysw5590', 'enriquevaliente17', 'pablo.garcia.bas', 'j.guedegar', 'jameslin', 'comeseetake', 'isafdez', 'alicia.mosq', 'mmartinezsanchez', 'edgarmtz', 'chema', 'guoxg46', 'tergel1999', '2015soham.sawant', 'danidrivas98', 'rayoaki7', 'nuriatellado', 'anar4331', 'jesusgiraldez', 'caetano.eirea', 'bingshengliu', 'uutty2010', 'zhs002', 'dyoh5119', 'e.ivanlopgar1997', 'jiaqi.guoguo', 'nivedaksubramanian', 'albertoccz', 'angelaturnes', 'iagomoscer', 'esteban.figueroa', 'chenxiwang', 'manucro10', 'luisbarrios', 'martin32', 'salamghgh20', 'gbatzorig268', 'valeriamg', 'savas', 'alex_varela_17', 'thackettt', 'pablomd', 'hit.kamble', 'austinz', 'chenxi', 'arturocastro94', 'amirbadshah224', 'gmedina', 'dariogarciaredecillas', 'melissa5', 'francisxavgr', 'martinzapatamartinez', 'chwi7664', 'paula.bolboreta', 'juanariza', 'miguelpinocarmona', 'japrz', 'fabiola.santos', 'lucamonduzzi96', 'ivan1', 'isaac.dominguez4444', 'elisa.vicenteei', 'mgupta15', 'cmoadne', 'anselmoantorcha', 'simoncarloscartamil', 'wanghb', 'berzasnon', 'joannesy', 'praveens013', 'e.lucasnavarrog', 'nuriamj', 'kong2020', 'facundobonfiglio', 'jbalderasfernandez', 'laurenp', 'rakki.datta', 'ottoridemar', 'antonionito1993', 'carterkirkendoll', 'yzarni89', 'anamconrado', 'carlosbesadaromero', 'sergiogrcsnchz', 'xoanmayo', 'policon', 'zewei', 'a997154508', 'foojorge', 'junwen', 'fofi94', 'victortorressuch', 'cristinacostas', 'jdanivc', 'aliraza2013ee360', 'emixose', 'choikj', 'david.garrido', 'fabiolajsanlop', 'juancarlosroutrera', 'costasdiego97', 'dulguun_021', 'paula.mourino', 'liuman961021', 'jerome.alag', 'alejandromo1610', 'p.suarez97', 'isaferjim', 'mariamfontan', 'cxiuqi1', 'mihaipx', 'abdulhaiyum.f', 'alsyaari', 'davidga568', 'jgm2096', 'isaac.carrillo', 'aloptor', 'jaimedmj', 'kennyxsy', 'haominl1997', 'dang.e', 'h_elmenier', 'prra6646', 'pedrogea08', 'lluisgonzaga96', 'limengyuanli66', 'yuxian123', 'zhaoyu960207', 'sstty7', 'guojunxiong25', 'zakizhou', 'mari.paucom', 'yingxue58', 'danidm', 'justinegiroux', 'exareivaj', 'brendaorea15', 'jesslyn', 'sangkyu.sun', 'miguellopezcardenas98', 'maurobn98', 'myez', 'floren_ff', 'agarviespi', 'cytuslll1997', 'leoncc', 'plmolina4', 'rubenortega', 'sergiocalo.barranha', 'clarahernandez05f', 'feijoomartina', 'mordor', 'andrei.luneow01031999', 'chenyue', 'gkkk6', 'juanjoseo', '9.genest.gabriel', 'qwe', 'dalder', 'al16do06', 'gonzavt15', 'blasern', 'ero15953', '836054323_wj', 'ergobe3', 'miaocx714', 'elmu6301', 'veronica.castro', 'pablolopezexposito', 'albertoangulo', 'antonio98y', 'ionemanuelmoralesrosales', 'dja19951995', 'marinabm', 'clarachapela10', 'ejg98', 'ee5502', 'alyabra', 'albacosta', 'hamza32amar', 'essheh', 'iagomillanentenza', 'wmy', 'alyabra.vargas', 'e.jojusalo', 'chrispvnofficial', 'xiaode', 'hewutanyuan', 'campamarin', 'martin.gutierrez', 'songy', 'bellmanz', 'soddy1996', 'clara.landesa', 'sylim1', 'qumo4329', 'zhang.jiayu', 'juanjotromp', 'alyabra.alejandro', 'hariprasanna', 'adec', 'ch2922', 'wang.yaoz', 'bulganb28', 'ludoba2912', 'sotmas', 'lauragdevesa', 'joeanszxc', 'albertortepin', 'luisgfloreslarrea', 'zihang']"
1,46,281,6,4,"['elmanguito', 'e.lucasnavarrog', 'enriquevaliente17', 'anamconrado']",277,"['anderson.bi', 'wangjianed_1992', 'manuel10suarez10', 'ryu.j', 'chenre', 'ralfli', 'miri23', 'dariogarred', 'juansans98', 'lianyi96', 'lluissanuy', 'antoinelegare', 'e.fisicahamza', 'thunaung', 'lidiadom', 'christsun', 'miguel_fernandez', 'elena.j.g', 'xxy0501', 'andreasorroche', 'andrea.mendez', 'danielfdezcalo', 'pablosempredepor97', 'akamsali', 'alecorti.pardo', 'xhan009', 'xxxxiaofan', 'gonzalogbb', 'aidan.rooney17', 'mihai.pislaru.fisica', 'stgermain.b', 'claudia.puga', 'fran.mosquera.pena', 'pablojosecalvo', 'michaelcameronmcdonald', 'hdelatorre3524', 'tonybocadillosgrandes', 'e0427406', 'fernando_ibarra', 'shikhararvind', 'uxiavelca', 'jinfengleong', 'shizhan.flood', 'guyu', 'niravsurajlal', 'pablosande98', 'wtq77', 'marniesan', 'watashi.legion', 'xiaolei', 'savardbastien', 'alexsanchezcast', 'pablocrespo11', 'brunolopez', 'julioug1', 'pmvd95', 'melonlzheng', 'pedrobeko98', 'xoangon', 'henglund', 'sebastianvromero', 'samuelfl', 'elviracastillo', 'sohamsawant912', 'iagopardo97', 'roberto.nava', 'bgutierrez', 'noxis986', 'shihhaotsai', 'aledes', 'rysw5590', 'pablo.garcia.bas', 'j.guedegar', 'jameslin', 'comeseetake', 'isafdez', 'alicia.mosq', 'mmartinezsanchez', 'edgarmtz', 'chema', 'guoxg46', 'tergel1999', '2015soham.sawant', 'danidrivas98', 'rayoaki7', 'nuriatellado', 'anar4331', 'caetano.eirea', 'bingshengliu', 'uutty2010', 'zhs002', 'dyoh5119', 'e.ivanlopgar1997', 'jiaqi.guoguo', 'nivedaksubramanian', 'albertoccz', 'angelaturnes', 'iagomoscer', 'esteban.figueroa', 'chenxiwang', 'manucro10', 'luisbarrios', 'martin32', 'salamghgh20', 'gbatzorig268', 'valeriamg', 'savas', 'alex_varela_17', 'thackettt', 'pablomd', 'hit.kamble', 'austinz', 'chenxi', 'arturocastro94', 'amirbadshah224', 'gmedina', 'dariogarciaredecillas', 'melissa5', 'francisxavgr', 'martinzapatamartinez', 'chwi7664', 'paula.bolboreta', 'juanariza', 'miguelpinocarmona', 'japrz', 'fabiola.santos', 'lucamonduzzi96', 'ivan1', 'isaac.dominguez4444', 'elisa.vicenteei', 'mgupta15', 'cmoadne', 'anselmoantorcha', 'simoncarloscartamil', 'wanghb', 'berzasnon', 'joannesy', 'praveens013', 'nuriamj', 'kong2020', 'facundobonfiglio', 'jbalderasfernandez', 'laurenp', 'rakki.datta', 'ottoridemar', 'antonionito1993', 'carterkirkendoll', 'yzarni89', 'carlosbesadaromero', 'sergiogrcsnchz', 'xoanmayo', 'policon', 'zewei', 'a997154508', 'foojorge', 'junwen', 'fofi94', 'victortorressuch', 'cristinacostas', 'jdanivc', 'aliraza2013ee360', 'emixose', 'choikj', 'david.garrido', 'fabiolajsanlop', 'juancarlosroutrera', 'costasdiego97', 'dulguun_021', 'paula.mourino', 'liuman961021', 'jerome.alag', 'alejandromo1610', 'p.suarez97', 'isaferjim', 'mariamfontan', 'cxiuqi1', 'mihaipx', 'abdulhaiyum.f', 'alsyaari', 'davidga568', 'jgm2096', 'isaac.carrillo', 'aloptor', 'jaimedmj', 'kennyxsy', 'haominl1997', 'dang.e', 'h_elmenier', 'prra6646', 'pedrogea08', 'lluisgonzaga96', 'limengyuanli66', 'yuxian123', 'zhaoyu960207', 'sstty7', 'guojunxiong25', 'zakizhou', 'mari.paucom', 'yingxue58', 'danidm', 'justinegiroux', 'exareivaj', 'brendaorea15', 'jesslyn', 'sangkyu.sun', 'miguellopezcardenas98', 'maurobn98', 'myez', 'floren_ff', 'agarviespi', 'cytuslll1997', 'leoncc', 'plmolina4', 'rubenortega', 'sergiocalo.barranha', 'clarahernandez05f', 'feijoomartina', 'mordor', 'andrei.luneow01031999', 'chenyue', 'gkkk6', 'juanjoseo', '9.genest.gabriel', 'qwe', 'dalder', 'al16do06', 'gonzavt15', 'blasern', 'ero15953', '836054323_wj', 'ergobe3', 'miaocx714', 'elmu6301', 'veronica.castro', 'pablolopezexposito', 'albertoangulo', 'antonio98y', 'ionemanuelmoralesrosales', 'dja19951995', 'marinabm', 'clarachapela10', 'ejg98', 'ee5502', 'alyabra', 'albacosta', 'hamza32amar', 'essheh', 'iagomillanentenza', 'wmy', 'alyabra.vargas', 'e.jojusalo', 'chrispvnofficial', 'xiaode', 'hewutanyuan', 'campamarin', 'martin.gutierrez', 'songy', 'bellmanz', 'soddy1996', 'clara.landesa', 'sylim1', 'qumo4329', 'zhang.jiayu', 'juanjotromp', 'alyabra.alejandro', 'hariprasanna', 'adec', 'ch2922', 'wang.yaoz', 'bulganb28', 'ludoba2912', 'sotmas', 'lauragdevesa', 'joeanszxc', 'albertortepin', 'luisgfloreslarrea', 'zihang']",2,"['agarviespigares', None]",283,"['anderson.bi', 'wangjianed_1992', 'manuel10suarez10', 'ryu.j', 'chenre', 'ralfli', 'miri23', 'dariogarred', 'juansans98', 'lianyi96', 'lluissanuy', 'antoinelegare', 'e.fisicahamza', 'thunaung', 'lidiadom', 'christsun', 'miguel_fernandez', 'elena.j.g', 'xxy0501', 'andreasorroche', 'andrea.mendez', 'danielfdezcalo', 'pablosempredepor97', 'akamsali', 'alecorti.pardo', 'xhan009', 'xxxxiaofan', 'gonzalogbb', 'aidan.rooney17', 'mihai.pislaru.fisica', 'stgermain.b', 'claudia.puga', 'fran.mosquera.pena', 'pablojosecalvo', 'michaelcameronmcdonald', 'hdelatorre3524', 'tonybocadillosgrandes', 'e0427406', 'fernando_ibarra', 'shikhararvind', 'uxiavelca', 'jinfengleong', 'shizhan.flood', 'guyu', 'niravsurajlal', 'pablosande98', 'wtq77', 'marniesan', 'watashi.legion', 'xiaolei', 'savardbastien', 'alexsanchezcast', 'pablocrespo11', 'brunolopez', 'julioug1', 'pmvd95', 'melonlzheng', 'pedrobeko98', 'xoangon', 'henglund', 'sebastianvromero', 'samuelfl', 'elviracastillo', 'sohamsawant912', 'elmanguito', 'iagopardo97', 'roberto.nava', 'bgutierrez', 'noxis986', None, 'shihhaotsai', 'aledes', 'rysw5590', 'enriquevaliente17', 'pablo.garcia.bas', 'j.guedegar', 'jameslin', 'comeseetake', 'isafdez', 'alicia.mosq', 'mmartinezsanchez', 'edgarmtz', 'chema', 'guoxg46', 'tergel1999', '2015soham.sawant', 'danidrivas98', 'rayoaki7', 'nuriatellado', 'anar4331', 'caetano.eirea', 'bingshengliu', 'uutty2010', 'zhs002', 'dyoh5119', 'e.ivanlopgar1997', 'jiaqi.guoguo', 'nivedaksubramanian', 'albertoccz', 'angelaturnes', 'iagomoscer', 'esteban.figueroa', 'chenxiwang', 'manucro10', 'luisbarrios', 'martin32', 'salamghgh20', 'gbatzorig268', 'valeriamg', 'savas', 'alex_varela_17', 'thackettt', 'pablomd', 'hit.kamble', 'austinz', 'chenxi', 'arturocastro94', 'amirbadshah224', 'gmedina', 'dariogarciaredecillas', 'melissa5', 'francisxavgr', 'martinzapatamartinez', 'chwi7664', 'paula.bolboreta', 'juanariza', 'miguelpinocarmona', 'japrz', 'fabiola.santos', 'lucamonduzzi96', 'ivan1', 'isaac.dominguez4444', 'elisa.vicenteei', 'mgupta15', 'cmoadne', 'anselmoantorcha', 'simoncarloscartamil', 'wanghb', 'berzasnon', 'joannesy', 'praveens013', 'e.lucasnavarrog', 'nuriamj', 'kong2020', 'facundobonfiglio', 'jbalderasfernandez', 'laurenp', 'rakki.datta', 'ottoridemar', 'antonionito1993', 'carterkirkendoll', 'yzarni89', 'anamconrado', 'carlosbesadaromero', 'sergiogrcsnchz', 'xoanmayo', 'policon', 'zewei', 'a997154508', 'foojorge', 'junwen', 'fofi94', 'victortorressuch', 'cristinacostas', 'jdanivc', 'aliraza2013ee360', 'emixose', 'choikj', 'david.garrido', 'fabiolajsanlop', 'juancarlosroutrera', 'costasdiego97', 'dulguun_021', 'paula.mourino', 'liuman961021', 'jerome.alag', 'alejandromo1610', 'p.suarez97', 'isaferjim', 'mariamfontan', 'cxiuqi1', 'mihaipx', 'abdulhaiyum.f', 'alsyaari', 'davidga568', 'jgm2096', 'isaac.carrillo', 'aloptor', 'jaimedmj', 'kennyxsy', 'haominl1997', 'dang.e', 'h_elmenier', 'prra6646', 'pedrogea08', 'lluisgonzaga96', 'limengyuanli66', 'yuxian123', 'zhaoyu960207', 'sstty7', 'guojunxiong25', 'zakizhou', 'mari.paucom', 'yingxue58', 'danidm', 'justinegiroux', 'exareivaj', 'brendaorea15', 'jesslyn', 'sangkyu.sun', 'miguellopezcardenas98', 'maurobn98', 'myez', 'floren_ff', 'agarviespi', 'cytuslll1997', 'leoncc', 'plmolina4', 'rubenortega', 'sergiocalo.barranha', 'clarahernandez05f', 'feijoomartina', 'mordor', 'andrei.luneow01031999', 'chenyue', 'gkkk6', 'juanjoseo', '9.genest.gabriel', 'qwe', 'dalder', 'al16do06', 'gonzavt15', 'blasern', 'ero15953', '836054323_wj', 'ergobe3', 'miaocx714', 'elmu6301', 'veronica.castro', 'agarviespigares', 'pablolopezexposito', 'albertoangulo', 'antonio98y', 'ionemanuelmoralesrosales', 'dja19951995', 'marinabm', 'clarachapela10', 'ejg98', 'ee5502', 'alyabra', 'albacosta', 'hamza32amar', 'essheh', 'iagomillanentenza', 'wmy', 'alyabra.vargas', 'e.jojusalo', 'chrispvnofficial', 'xiaode', 'hewutanyuan', 'campamarin', 'martin.gutierrez', 'songy', 'bellmanz', 'soddy1996', 'clara.landesa', 'sylim1', 'qumo4329', 'zhang.jiayu', 'juanjotromp', 'alyabra.alejandro', 'hariprasanna', 'adec', 'ch2922', 'wang.yaoz', 'bulganb28', 'ludoba2912', 'sotmas', 'lauragdevesa', 'joeanszxc', 'albertortepin', 'luisgfloreslarrea', 'zihang']"
2,330,244,11,8,"['abhimahour72', 'bangarhimanshu9', 'nishthavats', 'akashtfl15', 'miss.namrata08', 'kpmondal', 'raghavposti', 'p_das']",235,"['abirshadman', 'matia90', 'samoberdick', 'coiodilia', 'maximelecomte', 'iaharris', 'ericliu1986', 'fabel', 'cpsaroud', 'abhilash.mishra', 'moditma', 'muduli.ps', '234gauravshukla', '945247824a', 'wagled', 'songck107', 'fritchb', 'sherry96', 'anija_mary_04', 'arnayiciar', 'ph19resch11002', 'smcvitie', 'm7deeb', 'colehardy4059', 'abbasah', 'ffranco', 'kang_wang', 'gabomicro9', 'oommfylhuang', 'dmarcini88', 'cenxiaoquan', 'dguarisco', 'eckbergc', 'majednashaat', 'astuart7', 'njaggi', 'harrywang003', 'sutapa12', 'ricop234', 'drdario_usf', 'physicsjc', 'cheekibreeki', 'jpdomann', 'mdrogers', 'das.shekhar89', 'crrcrrc', 'fugutian', 'jiangsheng0908', 'devkapil108', 'yx322', 'mhdguimaraes', 'junyiwu2', 'pedro.david.28', '9azazel', 'nadim.chow', 'karetta', 'scooter', 'sai.mu1986321', 'veronica.bahoz', 'bnepal2020', 'dlwzxdl', 'rjangid', 'pmcgary', 'kurdulla', 'wbbeeson', 'apokhrel', 'oscariglesias', 'nishashahi', 'h4ren', 'pomme', 'yingyingwu', 'liux1872', 'sayakdg1', 'eloi.haltz', 'imuwys', 'farenheit.200', 'huan1746', 'dmechael', 'wangxinjunsdu', 'rlt013', 'pooh6836', 'alishirisich', 'cenxiaoxiao', 'emilie.jue', 'jisoo.moon.mr', 'jeremy93808', 'mazheng2016', 'joshchou', 'abhisek602', 'alfredo_garcia_arribas', 'arunabhmukherjee2', 'dgporter', 'noeminovello', 'vanbeeksimon', 'chaurasiyaavinash679', 'yuhang', 'kwiegand', 'kevon20', 'agrama', 'liacompton', 'nirjharb', 'phacl', 'dvaz', 'smithd22', 'lee02752', 'claudia.negrete', 'jyotisaini26021992', 'semori', 'mattcarey', 'zxiao2015', 'jonathongeorgesmith98', 'fenx', 'diegoalba', 'franciscoayalarodriguez', 'cenliu', 'ahight', 'zhou0528', 'souravsh92', 'venug012', 'joelin20202', 'rcbhatt', 'cmoralesc', 'frantze', 'tao123', 'zenobius01', 'jmhong', 'd.k.de.wal', 'polinadybina', 'koolman2', 'christian.rinaldi', 'daichangting', 'mmishner', 'eduardo.saavedra.d', 'jamal9235', 'enboz1', 'jx750', 'jrsoruco', 'mmvf', 'bazilevich', 'wfang3', 'jpsinnecker', 'szanjani16', 'mohamad.neari', 'prabhanjandk', 'xxu50', 'monicam.salazarc', 'fjrdz7', 'fredrendell7', 'ssandhoefner3', 'danilasl', 'changming', 'durgamadhab', 'wsgyzyl', 'maccallumr', 'rotarescucristian', 'davidnavasotero', 'jychoi607', 'kawakami.15', 'mguo016', 'zhang_qi', 'prashanthchitimireddy', 'bcmcgold', 'eduardo.fernandez', 'eravera', 'dmitry_glydelov', 'cristirotarescu10', 'loic.adrien.broyer', 'ariam.mora', 'fvilsmeier', 'anamhanif', 'cristopher.morales', 'liuxiaocen', 'adamgw', 'zriedel2', 'mamangyuan', 'kateel18', 'ql63', 'ssebold', 'fedorov.andrei', 'crong', 'dearsomesh', 'remi.lierdeman', 'ec2886', 'jinukurian13', 'cenxiao', 'ankitphy', 'nunocacoilo', 'ph19resch02004', 'subhashreesatapathy059', 'dedicated9q', 'kkhuang95', 'rdutra87', 'cheng.1360', 'ansar.awan4256', 'sreya.pal64', 'bloom261', 'enrique.cobas', 'rrawat', 'sabantirpanci', 'jaivardr', 'litsardakis', 'sladak', 'mohammed920721', 'djesahell', 'yuhuastonefu', 'yl664', 'jehong', 'debi_rianto', 'gabriel.chaves', 'pradeep1', 'msilva6', 'olafvanterve', 'm_golebiewski', 'margostaruch', 'robinchiu', 'sini300', 'vipulsharma110', 'vg264', 'mmwinchell', 'inyang180', 'mzubair', 'sd538', 'hjang', 'fabiasta229', 'dohar001', 'ebhatia', 'k18111003', 'viratmehta', 'prendevl', 'pietro.carrara', 'chaos57', 'hohldag', '2017312xie', 'minaxiiiserm', 'jsshim2']",3,"['yogesh30394', None, 'bkkuanr']",246,"['abirshadman', 'matia90', 'samoberdick', 'coiodilia', 'maximelecomte', 'iaharris', 'ericliu1986', 'fabel', 'cpsaroud', 'abhilash.mishra', 'moditma', 'muduli.ps', '234gauravshukla', '945247824a', 'wagled', 'songck107', 'fritchb', 'sherry96', 'anija_mary_04', 'arnayiciar', 'yogesh30394', 'ph19resch11002', 'smcvitie', 'm7deeb', 'colehardy4059', 'abbasah', 'ffranco', 'kang_wang', 'gabomicro9', 'oommfylhuang', 'dmarcini88', 'cenxiaoquan', 'dguarisco', 'eckbergc', 'majednashaat', 'astuart7', 'njaggi', 'harrywang003', 'sutapa12', 'ricop234', 'drdario_usf', 'physicsjc', 'cheekibreeki', 'jpdomann', 'mdrogers', 'kpmondal', 'das.shekhar89', 'crrcrrc', 'fugutian', 'jiangsheng0908', 'devkapil108', 'yx322', 'abhimahour72', 'mhdguimaraes', 'junyiwu2', 'pedro.david.28', '9azazel', 'nadim.chow', 'karetta', 'scooter', 'sai.mu1986321', 'veronica.bahoz', 'bnepal2020', 'dlwzxdl', 'rjangid', 'pmcgary', 'kurdulla', 'wbbeeson', 'apokhrel', 'oscariglesias', 'nishashahi', 'h4ren', 'pomme', 'yingyingwu', 'liux1872', 'sayakdg1', 'eloi.haltz', 'imuwys', 'farenheit.200', 'huan1746', 'dmechael', 'wangxinjunsdu', 'rlt013', 'pooh6836', 'alishirisich', 'cenxiaoxiao', 'emilie.jue', 'jisoo.moon.mr', 'jeremy93808', 'mazheng2016', 'joshchou', 'abhisek602', 'alfredo_garcia_arribas', 'arunabhmukherjee2', 'dgporter', 'noeminovello', 'p_das', 'vanbeeksimon', 'chaurasiyaavinash679', 'yuhang', 'kwiegand', 'bangarhimanshu9', 'kevon20', 'agrama', 'liacompton', 'nirjharb', 'phacl', 'dvaz', 'smithd22', 'lee02752', None, 'claudia.negrete', 'jyotisaini26021992', 'semori', 'mattcarey', 'zxiao2015', 'jonathongeorgesmith98', 'fenx', 'diegoalba', 'franciscoayalarodriguez', 'cenliu', 'ahight', 'zhou0528', 'souravsh92', 'venug012', 'joelin20202', 'rcbhatt', 'cmoralesc', 'frantze', 'tao123', 'zenobius01', 'jmhong', 'd.k.de.wal', 'polinadybina', 'koolman2', 'christian.rinaldi', 'daichangting', 'mmishner', 'eduardo.saavedra.d', 'jamal9235', 'miss.namrata08', 'enboz1', 'raghavposti', 'jx750', 'jrsoruco', 'mmvf', 'bazilevich', 'wfang3', 'jpsinnecker', 'szanjani16', 'mohamad.neari', 'prabhanjandk', 'xxu50', 'monicam.salazarc', 'fjrdz7', 'fredrendell7', 'ssandhoefner3', 'danilasl', 'changming', 'durgamadhab', 'wsgyzyl', 'maccallumr', 'rotarescucristian', 'davidnavasotero', 'jychoi607', 'kawakami.15', 'mguo016', 'bkkuanr', 'zhang_qi', 'prashanthchitimireddy', 'bcmcgold', 'eduardo.fernandez', 'eravera', 'dmitry_glydelov', 'cristirotarescu10', 'loic.adrien.broyer', 'ariam.mora', 'fvilsmeier', 'anamhanif', 'cristopher.morales', 'liuxiaocen', 'adamgw', 'zriedel2', 'mamangyuan', 'kateel18', 'ql63', 'ssebold', 'fedorov.andrei', 'crong', 'dearsomesh', 'remi.lierdeman', 'ec2886', 'jinukurian13', 'cenxiao', 'ankitphy', 'nunocacoilo', 'ph19resch02004', 'subhashreesatapathy059', 'dedicated9q', 'kkhuang95', 'rdutra87', 'cheng.1360', 'nishthavats', 'ansar.awan4256', 'sreya.pal64', 'bloom261', 'enrique.cobas', 'rrawat', 'sabantirpanci', 'jaivardr', 'litsardakis', 'sladak', 'mohammed920721', 'djesahell', 'yuhuastonefu', 'yl664', 'jehong', 'debi_rianto', 'gabriel.chaves', 'pradeep1', 'msilva6', 'olafvanterve', 'm_golebiewski', 'margostaruch', 'robinchiu', 'sini300', 'vipulsharma110', 'vg264', 'mmwinchell', 'inyang180', 'mzubair', 'sd538', 'hjang', 'fabiasta229', 'dohar001', 'ebhatia', 'akashtfl15', 'k18111003', 'viratmehta', 'prendevl', 'pietro.carrara', 'chaos57', 'hohldag', '2017312xie', 'minaxiiiserm', 'jsshim2']"
2,328,244,8,6,"['wbbeeson', 'dohar001', 'dgporter', 'enrique.cobas', 'olafvanterve', 'wangxinjunsdu']",237,"['abirshadman', 'matia90', 'samoberdick', 'coiodilia', 'maximelecomte', 'iaharris', 'ericliu1986', 'fabel', 'cpsaroud', 'abhilash.mishra', 'moditma', 'muduli.ps', '234gauravshukla', '945247824a', 'wagled', 'songck107', 'fritchb', 'sherry96', 'anija_mary_04', 'arnayiciar', 'ph19resch11002', 'smcvitie', 'm7deeb', 'colehardy4059', 'abbasah', 'ffranco', 'kang_wang', 'gabomicro9', 'oommfylhuang', 'dmarcini88', 'cenxiaoquan', 'dguarisco', 'eckbergc', 'majednashaat', 'astuart7', 'njaggi', 'harrywang003', 'sutapa12', 'ricop234', 'drdario_usf', 'physicsjc', 'cheekibreeki', 'jpdomann', 'mdrogers', 'kpmondal', 'das.shekhar89', 'crrcrrc', 'fugutian', 'jiangsheng0908', 'devkapil108', 'yx322', 'abhimahour72', 'mhdguimaraes', 'junyiwu2', 'pedro.david.28', '9azazel', 'nadim.chow', 'karetta', 'scooter', 'sai.mu1986321', 'veronica.bahoz', 'bnepal2020', 'dlwzxdl', 'rjangid', 'pmcgary', 'kurdulla', 'apokhrel', 'oscariglesias', 'nishashahi', 'h4ren', 'pomme', 'yingyingwu', 'liux1872', 'sayakdg1', 'eloi.haltz', 'imuwys', 'farenheit.200', 'huan1746', 'dmechael', 'rlt013', 'pooh6836', 'alishirisich', 'cenxiaoxiao', 'emilie.jue', 'jisoo.moon.mr', 'jeremy93808', 'mazheng2016', 'joshchou', 'abhisek602', 'alfredo_garcia_arribas', 'arunabhmukherjee2', 'noeminovello', 'p_das', 'vanbeeksimon', 'chaurasiyaavinash679', 'yuhang', 'kwiegand', 'bangarhimanshu9', 'kevon20', 'agrama', 'liacompton', 'nirjharb', 'phacl', 'dvaz', 'smithd22', 'lee02752', 'claudia.negrete', 'jyotisaini26021992', 'semori', 'mattcarey', 'zxiao2015', 'jonathongeorgesmith98', 'fenx', 'diegoalba', 'franciscoayalarodriguez', 'cenliu', 'ahight', 'zhou0528', 'souravsh92', 'venug012', 'joelin20202', 'rcbhatt', 'cmoralesc', 'frantze', 'tao123', 'zenobius01', 'jmhong', 'd.k.de.wal', 'polinadybina', 'koolman2', 'christian.rinaldi', 'daichangting', 'mmishner', 'eduardo.saavedra.d', 'jamal9235', 'miss.namrata08', 'enboz1', 'raghavposti', 'jx750', 'jrsoruco', 'mmvf', 'bazilevich', 'wfang3', 'jpsinnecker', 'szanjani16', 'mohamad.neari', 'prabhanjandk', 'xxu50', 'monicam.salazarc', 'fjrdz7', 'fredrendell7', 'ssandhoefner3', 'danilasl', 'changming', 'durgamadhab', 'wsgyzyl', 'maccallumr', 'rotarescucristian', 'davidnavasotero', 'jychoi607', 'kawakami.15', 'mguo016', 'zhang_qi', 'prashanthchitimireddy', 'bcmcgold', 'eduardo.fernandez', 'eravera', 'dmitry_glydelov', 'cristirotarescu10', 'loic.adrien.broyer', 'ariam.mora', 'fvilsmeier', 'anamhanif', 'cristopher.morales', 'liuxiaocen', 'adamgw', 'zriedel2', 'mamangyuan', 'kateel18', 'ql63', 'ssebold', 'fedorov.andrei', 'crong', 'dearsomesh', 'remi.lierdeman', 'ec2886', 'jinukurian13', 'cenxiao', 'ankitphy', 'nunocacoilo', 'ph19resch02004', 'subhashreesatapathy059', 'dedicated9q', 'kkhuang95', 'rdutra87', 'cheng.1360', 'nishthavats', 'ansar.awan4256', 'sreya.pal64', 'bloom261', 'rrawat', 'sabantirpanci', 'jaivardr', 'litsardakis', 'sladak', 'mohammed920721', 'djesahell', 'yuhuastonefu', 'yl664', 'jehong', 'debi_rianto', 'gabriel.chaves', 'pradeep1', 'msilva6', 'm_golebiewski', 'margostaruch', 'robinchiu', 'sini300', 'vipulsharma110', 'vg264', 'mmwinchell', 'inyang180', 'mzubair', 'sd538', 'hjang', 'fabiasta229', 'ebhatia', 'akashtfl15', 'k18111003', 'viratmehta', 'prendevl', 'pietro.carrara', 'chaos57', 'hohldag', '2017312xie', 'minaxiiiserm', 'jsshim2']",2,"['mjdonahue', None]",245,"['abirshadman', 'matia90', 'samoberdick', 'coiodilia', 'maximelecomte', 'iaharris', 'ericliu1986', 'fabel', 'cpsaroud', 'abhilash.mishra', 'moditma', 'muduli.ps', '234gauravshukla', '945247824a', 'wagled', 'songck107', 'fritchb', 'sherry96', 'anija_mary_04', 'arnayiciar', 'ph19resch11002', 'smcvitie', 'm7deeb', 'colehardy4059', 'abbasah', 'ffranco', 'kang_wang', 'gabomicro9', 'oommfylhuang', 'dmarcini88', 'cenxiaoquan', 'dguarisco', 'eckbergc', 'majednashaat', 'astuart7', 'njaggi', 'harrywang003', 'sutapa12', 'ricop234', 'drdario_usf', 'physicsjc', 'cheekibreeki', 'jpdomann', 'mdrogers', 'kpmondal', 'das.shekhar89', 'crrcrrc', 'fugutian', 'jiangsheng0908', 'devkapil108', 'yx322', 'abhimahour72', 'mhdguimaraes', 'junyiwu2', 'pedro.david.28', '9azazel', 'nadim.chow', 'karetta', 'scooter', 'sai.mu1986321', 'veronica.bahoz', 'bnepal2020', 'dlwzxdl', 'rjangid', 'pmcgary', 'kurdulla', 'wbbeeson', 'apokhrel', 'oscariglesias', 'nishashahi', 'h4ren', 'pomme', 'yingyingwu', 'liux1872', 'sayakdg1', 'eloi.haltz', 'imuwys', 'farenheit.200', 'huan1746', 'dmechael', 'wangxinjunsdu', 'rlt013', 'pooh6836', 'alishirisich', 'cenxiaoxiao', 'emilie.jue', 'jisoo.moon.mr', 'jeremy93808', 'mazheng2016', 'joshchou', 'abhisek602', 'alfredo_garcia_arribas', 'arunabhmukherjee2', 'dgporter', 'noeminovello', 'p_das', 'vanbeeksimon', 'chaurasiyaavinash679', 'yuhang', 'kwiegand', 'bangarhimanshu9', 'kevon20', 'agrama', 'liacompton', 'nirjharb', 'phacl', 'dvaz', 'smithd22', 'lee02752', None, 'claudia.negrete', 'jyotisaini26021992', 'semori', 'mattcarey', 'zxiao2015', 'jonathongeorgesmith98', 'fenx', 'diegoalba', 'franciscoayalarodriguez', 'cenliu', 'ahight', 'zhou0528', 'souravsh92', 'venug012', 'joelin20202', 'rcbhatt', 'cmoralesc', 'frantze', 'tao123', 'zenobius01', 'jmhong', 'd.k.de.wal', 'polinadybina', 'koolman2', 'christian.rinaldi', 'daichangting', 'mmishner', 'eduardo.saavedra.d', 'jamal9235', 'miss.namrata08', 'enboz1', 'raghavposti', 'jx750', 'jrsoruco', 'mmvf', 'bazilevich', 'wfang3', 'jpsinnecker', 'szanjani16', 'mohamad.neari', 'prabhanjandk', 'xxu50', 'monicam.salazarc', 'fjrdz7', 'fredrendell7', 'ssandhoefner3', 'danilasl', 'changming', 'durgamadhab', 'wsgyzyl', 'maccallumr', 'rotarescucristian', 'davidnavasotero', 'jychoi607', 'kawakami.15', 'mguo016', 'zhang_qi', 'prashanthchitimireddy', 'mjdonahue', 'bcmcgold', 'eduardo.fernandez', 'eravera', 'dmitry_glydelov', 'cristirotarescu10', 'loic.adrien.broyer', 'ariam.mora', 'fvilsmeier', 'anamhanif', 'cristopher.morales', 'liuxiaocen', 'adamgw', 'zriedel2', 'mamangyuan', 'kateel18', 'ql63', 'ssebold', 'fedorov.andrei', 'crong', 'dearsomesh', 'remi.lierdeman', 'ec2886', 'jinukurian13', 'cenxiao', 'ankitphy', 'nunocacoilo', 'ph19resch02004', 'subhashreesatapathy059', 'dedicated9q', 'kkhuang95', 'rdutra87', 'cheng.1360', 'nishthavats', 'ansar.awan4256', 'sreya.pal64', 'bloom261', 'enrique.cobas', 'rrawat', 'sabantirpanci', 'jaivardr', 'litsardakis', 'sladak', 'mohammed920721', 'djesahell', 'yuhuastonefu', 'yl664', 'jehong', 'debi_rianto', 'gabriel.chaves', 'pradeep1', 'msilva6', 'olafvanterve', 'm_golebiewski', 'margostaruch', 'robinchiu', 'sini300', 'vipulsharma110', 'vg264', 'mmwinchell', 'inyang180', 'mzubair', 'sd538', 'hjang', 'fabiasta229', 'dohar001', 'ebhatia', 'akashtfl15', 'k18111003', 'viratmehta', 'prendevl', 'pietro.carrara', 'chaos57', 'hohldag', '2017312xie', 'minaxiiiserm', 'jsshim2']"
2,329,244,8,5,"['jmhong', 'jehong', 'fenx', 'oommfylhuang', 'hohldag']",238,"['abirshadman', 'matia90', 'samoberdick', 'coiodilia', 'maximelecomte', 'iaharris', 'ericliu1986', 'fabel', 'cpsaroud', 'abhilash.mishra', 'moditma', 'muduli.ps', '234gauravshukla', '945247824a', 'wagled', 'songck107', 'fritchb', 'sherry96', 'anija_mary_04', 'arnayiciar', 'ph19resch11002', 'smcvitie', 'm7deeb', 'colehardy4059', 'abbasah', 'ffranco', 'kang_wang', 'gabomicro9', 'dmarcini88', 'cenxiaoquan', 'dguarisco', 'eckbergc', 'majednashaat', 'astuart7', 'njaggi', 'harrywang003', 'sutapa12', 'ricop234', 'drdario_usf', 'physicsjc', 'cheekibreeki', 'jpdomann', 'mdrogers', 'kpmondal', 'das.shekhar89', 'crrcrrc', 'fugutian', 'jiangsheng0908', 'devkapil108', 'yx322', 'abhimahour72', 'mhdguimaraes', 'junyiwu2', 'pedro.david.28', '9azazel', 'nadim.chow', 'karetta', 'scooter', 'sai.mu1986321', 'veronica.bahoz', 'bnepal2020', 'dlwzxdl', 'rjangid', 'pmcgary', 'kurdulla', 'wbbeeson', 'apokhrel', 'oscariglesias', 'nishashahi', 'h4ren', 'pomme', 'yingyingwu', 'liux1872', 'sayakdg1', 'eloi.haltz', 'imuwys', 'farenheit.200', 'huan1746', 'dmechael', 'wangxinjunsdu', 'rlt013', 'pooh6836', 'alishirisich', 'cenxiaoxiao', 'emilie.jue', 'jisoo.moon.mr', 'jeremy93808', 'mazheng2016', 'joshchou', 'abhisek602', 'alfredo_garcia_arribas', 'arunabhmukherjee2', 'dgporter', 'noeminovello', 'p_das', 'vanbeeksimon', 'chaurasiyaavinash679', 'yuhang', 'kwiegand', 'bangarhimanshu9', 'kevon20', 'agrama', 'liacompton', 'nirjharb', 'phacl', 'dvaz', 'smithd22', 'lee02752', 'claudia.negrete', 'jyotisaini26021992', 'semori', 'mattcarey', 'zxiao2015', 'jonathongeorgesmith98', 'diegoalba', 'franciscoayalarodriguez', 'cenliu', 'ahight', 'zhou0528', 'souravsh92', 'venug012', 'joelin20202', 'rcbhatt', 'cmoralesc', 'frantze', 'tao123', 'zenobius01', 'd.k.de.wal', 'polinadybina', 'koolman2', 'christian.rinaldi', 'daichangting', 'mmishner', 'eduardo.saavedra.d', 'jamal9235', 'miss.namrata08', 'enboz1', 'raghavposti', 'jx750', 'jrsoruco', 'mmvf', 'bazilevich', 'wfang3', 'jpsinnecker', 'szanjani16', 'mohamad.neari', 'prabhanjandk', 'xxu50', 'monicam.salazarc', 'fjrdz7', 'fredrendell7', 'ssandhoefner3', 'danilasl', 'changming', 'durgamadhab', 'wsgyzyl', 'maccallumr', 'rotarescucristian', 'davidnavasotero', 'jychoi607', 'kawakami.15', 'mguo016', 'zhang_qi', 'prashanthchitimireddy', 'bcmcgold', 'eduardo.fernandez', 'eravera', 'dmitry_glydelov', 'cristirotarescu10', 'loic.adrien.broyer', 'ariam.mora', 'fvilsmeier', 'anamhanif', 'cristopher.morales', 'liuxiaocen', 'adamgw', 'zriedel2', 'mamangyuan', 'kateel18', 'ql63', 'ssebold', 'fedorov.andrei', 'crong', 'dearsomesh', 'remi.lierdeman', 'ec2886', 'jinukurian13', 'cenxiao', 'ankitphy', 'nunocacoilo', 'ph19resch02004', 'subhashreesatapathy059', 'dedicated9q', 'kkhuang95', 'rdutra87', 'cheng.1360', 'nishthavats', 'ansar.awan4256', 'sreya.pal64', 'bloom261', 'enrique.cobas', 'rrawat', 'sabantirpanci', 'jaivardr', 'litsardakis', 'sladak', 'mohammed920721', 'djesahell', 'yuhuastonefu', 'yl664', 'debi_rianto', 'gabriel.chaves', 'pradeep1', 'msilva6', 'olafvanterve', 'm_golebiewski', 'margostaruch', 'robinchiu', 'sini300', 'vipulsharma110', 'vg264', 'mmwinchell', 'inyang180', 'mzubair', 'sd538', 'hjang', 'fabiasta229', 'dohar001', 'ebhatia', 'akashtfl15', 'k18111003', 'viratmehta', 'prendevl', 'pietro.carrara', 'chaos57', '2017312xie', 'minaxiiiserm', 'jsshim2']",3,"[None, 'yenlin.jack.huang', 'justicofking']",246,"['abirshadman', 'matia90', 'samoberdick', 'coiodilia', 'maximelecomte', 'iaharris', 'ericliu1986', 'fabel', 'cpsaroud', 'abhilash.mishra', 'moditma', 'muduli.ps', '234gauravshukla', '945247824a', 'wagled', 'songck107', 'fritchb', 'sherry96', 'anija_mary_04', 'arnayiciar', 'ph19resch11002', 'smcvitie', 'm7deeb', 'colehardy4059', 'abbasah', 'ffranco', 'kang_wang', 'gabomicro9', 'oommfylhuang', 'dmarcini88', 'cenxiaoquan', 'dguarisco', 'eckbergc', 'majednashaat', 'justicofking', 'astuart7', 'njaggi', 'harrywang003', 'sutapa12', 'ricop234', 'drdario_usf', 'physicsjc', 'cheekibreeki', 'jpdomann', 'mdrogers', 'kpmondal', 'das.shekhar89', 'crrcrrc', 'fugutian', 'jiangsheng0908', 'devkapil108', 'yx322', 'abhimahour72', 'mhdguimaraes', 'junyiwu2', 'pedro.david.28', '9azazel', 'nadim.chow', 'karetta', 'scooter', 'sai.mu1986321', 'veronica.bahoz', 'bnepal2020', 'dlwzxdl', 'rjangid', 'pmcgary', 'kurdulla', 'wbbeeson', 'apokhrel', 'oscariglesias', 'nishashahi', 'h4ren', 'pomme', 'yingyingwu', 'liux1872', 'sayakdg1', 'eloi.haltz', 'imuwys', 'farenheit.200', 'huan1746', 'dmechael', 'wangxinjunsdu', 'rlt013', 'pooh6836', 'alishirisich', 'cenxiaoxiao', 'emilie.jue', 'jisoo.moon.mr', 'jeremy93808', 'mazheng2016', 'joshchou', 'abhisek602', 'alfredo_garcia_arribas', 'arunabhmukherjee2', 'dgporter', 'noeminovello', 'p_das', 'vanbeeksimon', 'chaurasiyaavinash679', 'yuhang', 'kwiegand', 'bangarhimanshu9', 'kevon20', 'agrama', 'liacompton', 'nirjharb', 'phacl', 'dvaz', 'smithd22', 'lee02752', None, 'claudia.negrete', 'jyotisaini26021992', 'semori', 'mattcarey', 'zxiao2015', 'jonathongeorgesmith98', 'fenx', 'diegoalba', 'franciscoayalarodriguez', 'cenliu', 'ahight', 'zhou0528', 'souravsh92', 'venug012', 'joelin20202', 'rcbhatt', 'cmoralesc', 'frantze', 'tao123', 'zenobius01', 'jmhong', 'd.k.de.wal', 'polinadybina', 'koolman2', 'christian.rinaldi', 'daichangting', 'mmishner', 'eduardo.saavedra.d', 'jamal9235', 'miss.namrata08', 'enboz1', 'raghavposti', 'jx750', 'jrsoruco', 'mmvf', 'bazilevich', 'wfang3', 'jpsinnecker', 'szanjani16', 'mohamad.neari', 'yenlin.jack.huang', 'prabhanjandk', 'xxu50', 'monicam.salazarc', 'fjrdz7', 'fredrendell7', 'ssandhoefner3', 'danilasl', 'changming', 'durgamadhab', 'wsgyzyl', 'maccallumr', 'rotarescucristian', 'davidnavasotero', 'jychoi607', 'kawakami.15', 'mguo016', 'zhang_qi', 'prashanthchitimireddy', 'bcmcgold', 'eduardo.fernandez', 'eravera', 'dmitry_glydelov', 'cristirotarescu10', 'loic.adrien.broyer', 'ariam.mora', 'fvilsmeier', 'anamhanif', 'cristopher.morales', 'liuxiaocen', 'adamgw', 'zriedel2', 'mamangyuan', 'kateel18', 'ql63', 'ssebold', 'fedorov.andrei', 'crong', 'dearsomesh', 'remi.lierdeman', 'ec2886', 'jinukurian13', 'cenxiao', 'ankitphy', 'nunocacoilo', 'ph19resch02004', 'subhashreesatapathy059', 'dedicated9q', 'kkhuang95', 'rdutra87', 'cheng.1360', 'nishthavats', 'ansar.awan4256', 'sreya.pal64', 'bloom261', 'enrique.cobas', 'rrawat', 'sabantirpanci', 'jaivardr', 'litsardakis', 'sladak', 'mohammed920721', 'djesahell', 'yuhuastonefu', 'yl664', 'jehong', 'debi_rianto', 'gabriel.chaves', 'pradeep1', 'msilva6', 'olafvanterve', 'm_golebiewski', 'margostaruch', 'robinchiu', 'sini300', 'vipulsharma110', 'vg264', 'mmwinchell', 'inyang180', 'mzubair', 'sd538', 'hjang', 'fabiasta229', 'dohar001', 'ebhatia', 'akashtfl15', 'k18111003', 'viratmehta', 'prendevl', 'pietro.carrara', 'chaos57', 'hohldag', '2017312xie', 'minaxiiiserm', 'jsshim2']"
2,327,244,7,6,"['pooh6836', 'wsgyzyl', 'jpdomann', 'smithd22', 'fjrdz7', 'semori']",237,"['abirshadman', 'matia90', 'samoberdick', 'coiodilia', 'maximelecomte', 'iaharris', 'ericliu1986', 'fabel', 'cpsaroud', 'abhilash.mishra', 'moditma', 'muduli.ps', '234gauravshukla', '945247824a', 'wagled', 'songck107', 'fritchb', 'sherry96', 'anija_mary_04', 'arnayiciar', 'ph19resch11002', 'smcvitie', 'm7deeb', 'colehardy4059', 'abbasah', 'ffranco', 'kang_wang', 'gabomicro9', 'oommfylhuang', 'dmarcini88', 'cenxiaoquan', 'dguarisco', 'eckbergc', 'majednashaat', 'astuart7', 'njaggi', 'harrywang003', 'sutapa12', 'ricop234', 'drdario_usf', 'physicsjc', 'cheekibreeki', 'mdrogers', 'kpmondal', 'das.shekhar89', 'crrcrrc', 'fugutian', 'jiangsheng0908', 'devkapil108', 'yx322', 'abhimahour72', 'mhdguimaraes', 'junyiwu2', 'pedro.david.28', '9azazel', 'nadim.chow', 'karetta', 'scooter', 'sai.mu1986321', 'veronica.bahoz', 'bnepal2020', 'dlwzxdl', 'rjangid', 'pmcgary', 'kurdulla', 'wbbeeson', 'apokhrel', 'oscariglesias', 'nishashahi', 'h4ren', 'pomme', 'yingyingwu', 'liux1872', 'sayakdg1', 'eloi.haltz', 'imuwys', 'farenheit.200', 'huan1746', 'dmechael', 'wangxinjunsdu', 'rlt013', 'alishirisich', 'cenxiaoxiao', 'emilie.jue', 'jisoo.moon.mr', 'jeremy93808', 'mazheng2016', 'joshchou', 'abhisek602', 'alfredo_garcia_arribas', 'arunabhmukherjee2', 'dgporter', 'noeminovello', 'p_das', 'vanbeeksimon', 'chaurasiyaavinash679', 'yuhang', 'kwiegand', 'bangarhimanshu9', 'kevon20', 'agrama', 'liacompton', 'nirjharb', 'phacl', 'dvaz', 'lee02752', 'claudia.negrete', 'jyotisaini26021992', 'mattcarey', 'zxiao2015', 'jonathongeorgesmith98', 'fenx', 'diegoalba', 'franciscoayalarodriguez', 'cenliu', 'ahight', 'zhou0528', 'souravsh92', 'venug012', 'joelin20202', 'rcbhatt', 'cmoralesc', 'frantze', 'tao123', 'zenobius01', 'jmhong', 'd.k.de.wal', 'polinadybina', 'koolman2', 'christian.rinaldi', 'daichangting', 'mmishner', 'eduardo.saavedra.d', 'jamal9235', 'miss.namrata08', 'enboz1', 'raghavposti', 'jx750', 'jrsoruco', 'mmvf', 'bazilevich', 'wfang3', 'jpsinnecker', 'szanjani16', 'mohamad.neari', 'prabhanjandk', 'xxu50', 'monicam.salazarc', 'fredrendell7', 'ssandhoefner3', 'danilasl', 'changming', 'durgamadhab', 'maccallumr', 'rotarescucristian', 'davidnavasotero', 'jychoi607', 'kawakami.15', 'mguo016', 'zhang_qi', 'prashanthchitimireddy', 'bcmcgold', 'eduardo.fernandez', 'eravera', 'dmitry_glydelov', 'cristirotarescu10', 'loic.adrien.broyer', 'ariam.mora', 'fvilsmeier', 'anamhanif', 'cristopher.morales', 'liuxiaocen', 'adamgw', 'zriedel2', 'mamangyuan', 'kateel18', 'ql63', 'ssebold', 'fedorov.andrei', 'crong', 'dearsomesh', 'remi.lierdeman', 'ec2886', 'jinukurian13', 'cenxiao', 'ankitphy', 'nunocacoilo', 'ph19resch02004', 'subhashreesatapathy059', 'dedicated9q', 'kkhuang95', 'rdutra87', 'cheng.1360', 'nishthavats', 'ansar.awan4256', 'sreya.pal64', 'bloom261', 'enrique.cobas', 'rrawat', 'sabantirpanci', 'jaivardr', 'litsardakis', 'sladak', 'mohammed920721', 'djesahell', 'yuhuastonefu', 'yl664', 'jehong', 'debi_rianto', 'gabriel.chaves', 'pradeep1', 'msilva6', 'olafvanterve', 'm_golebiewski', 'margostaruch', 'robinchiu', 'sini300', 'vipulsharma110', 'vg264', 'mmwinchell', 'inyang180', 'mzubair', 'sd538', 'hjang', 'fabiasta229', 'dohar001', 'ebhatia', 'akashtfl15', 'k18111003', 'viratmehta', 'prendevl', 'pietro.carrara', 'chaos57', 'hohldag', '2017312xie', 'minaxiiiserm', 'jsshim2']",1,[None],244,"['abirshadman', 'matia90', 'samoberdick', 'coiodilia', 'maximelecomte', 'iaharris', 'ericliu1986', 'fabel', 'cpsaroud', 'abhilash.mishra', 'moditma', 'muduli.ps', '234gauravshukla', '945247824a', 'wagled', 'songck107', 'fritchb', 'sherry96', 'anija_mary_04', 'arnayiciar', 'ph19resch11002', 'smcvitie', 'm7deeb', 'colehardy4059', 'abbasah', 'ffranco', 'kang_wang', 'gabomicro9', 'oommfylhuang', 'dmarcini88', 'cenxiaoquan', 'dguarisco', 'eckbergc', 'majednashaat', 'astuart7', 'njaggi', 'harrywang003', 'sutapa12', 'ricop234', 'drdario_usf', 'physicsjc', 'cheekibreeki', 'jpdomann', 'mdrogers', 'kpmondal', 'das.shekhar89', 'crrcrrc', 'fugutian', 'jiangsheng0908', 'devkapil108', 'yx322', 'abhimahour72', 'mhdguimaraes', 'junyiwu2', 'pedro.david.28', '9azazel', 'nadim.chow', 'karetta', 'scooter', 'sai.mu1986321', 'veronica.bahoz', 'bnepal2020', 'dlwzxdl', 'rjangid', 'pmcgary', 'kurdulla', 'wbbeeson', 'apokhrel', 'oscariglesias', 'nishashahi', 'h4ren', 'pomme', 'yingyingwu', 'liux1872', 'sayakdg1', 'eloi.haltz', 'imuwys', 'farenheit.200', 'huan1746', 'dmechael', 'wangxinjunsdu', 'rlt013', 'pooh6836', 'alishirisich', 'cenxiaoxiao', 'emilie.jue', 'jisoo.moon.mr', 'jeremy93808', 'mazheng2016', 'joshchou', 'abhisek602', 'alfredo_garcia_arribas', 'arunabhmukherjee2', 'dgporter', 'noeminovello', 'p_das', 'vanbeeksimon', 'chaurasiyaavinash679', 'yuhang', 'kwiegand', 'bangarhimanshu9', 'kevon20', 'agrama', 'liacompton', 'nirjharb', 'phacl', 'dvaz', 'smithd22', 'lee02752', None, 'claudia.negrete', 'jyotisaini26021992', 'semori', 'mattcarey', 'zxiao2015', 'jonathongeorgesmith98', 'fenx', 'diegoalba', 'franciscoayalarodriguez', 'cenliu', 'ahight', 'zhou0528', 'souravsh92', 'venug012', 'joelin20202', 'rcbhatt', 'cmoralesc', 'frantze', 'tao123', 'zenobius01', 'jmhong', 'd.k.de.wal', 'polinadybina', 'koolman2', 'christian.rinaldi', 'daichangting', 'mmishner', 'eduardo.saavedra.d', 'jamal9235', 'miss.namrata08', 'enboz1', 'raghavposti', 'jx750', 'jrsoruco', 'mmvf', 'bazilevich', 'wfang3', 'jpsinnecker', 'szanjani16', 'mohamad.neari', 'prabhanjandk', 'xxu50', 'monicam.salazarc', 'fjrdz7', 'fredrendell7', 'ssandhoefner3', 'danilasl', 'changming', 'durgamadhab', 'wsgyzyl', 'maccallumr', 'rotarescucristian', 'davidnavasotero', 'jychoi607', 'kawakami.15', 'mguo016', 'zhang_qi', 'prashanthchitimireddy', 'bcmcgold', 'eduardo.fernandez', 'eravera', 'dmitry_glydelov', 'cristirotarescu10', 'loic.adrien.broyer', 'ariam.mora', 'fvilsmeier', 'anamhanif', 'cristopher.morales', 'liuxiaocen', 'adamgw', 'zriedel2', 'mamangyuan', 'kateel18', 'ql63', 'ssebold', 'fedorov.andrei', 'crong', 'dearsomesh', 'remi.lierdeman', 'ec2886', 'jinukurian13', 'cenxiao', 'ankitphy', 'nunocacoilo', 'ph19resch02004', 'subhashreesatapathy059', 'dedicated9q', 'kkhuang95', 'rdutra87', 'cheng.1360', 'nishthavats', 'ansar.awan4256', 'sreya.pal64', 'bloom261', 'enrique.cobas', 'rrawat', 'sabantirpanci', 'jaivardr', 'litsardakis', 'sladak', 'mohammed920721', 'djesahell', 'yuhuastonefu', 'yl664', 'jehong', 'debi_rianto', 'gabriel.chaves', 'pradeep1', 'msilva6', 'olafvanterve', 'm_golebiewski', 'margostaruch', 'robinchiu', 'sini300', 'vipulsharma110', 'vg264', 'mmwinchell', 'inyang180', 'mzubair', 'sd538', 'hjang', 'fabiasta229', 'dohar001', 'ebhatia', 'akashtfl15', 'k18111003', 'viratmehta', 'prendevl', 'pietro.carrara', 'chaos57', 'hohldag', '2017312xie', 'minaxiiiserm', 'jsshim2']"
2,331,244,7,5,"['nishthavats', 'vipulsharma110', 'miss.namrata08', 'kpmondal', 'devkapil108']",238,"['abirshadman', 'matia90', 'samoberdick', 'coiodilia', 'maximelecomte', 'iaharris', 'ericliu1986', 'fabel', 'cpsaroud', 'abhilash.mishra', 'moditma', 'muduli.ps', '234gauravshukla', '945247824a', 'wagled', 'songck107', 'fritchb', 'sherry96', 'anija_mary_04', 'arnayiciar', 'ph19resch11002', 'smcvitie', 'm7deeb', 'colehardy4059', 'abbasah', 'ffranco', 'kang_wang', 'gabomicro9', 'oommfylhuang', 'dmarcini88', 'cenxiaoquan', 'dguarisco', 'eckbergc', 'majednashaat', 'astuart7', 'njaggi', 'harrywang003', 'sutapa12', 'ricop234', 'drdario_usf', 'physicsjc', 'cheekibreeki', 'jpdomann', 'mdrogers', 'das.shekhar89', 'crrcrrc', 'fugutian', 'jiangsheng0908', 'yx322', 'abhimahour72', 'mhdguimaraes', 'junyiwu2', 'pedro.david.28', '9azazel', 'nadim.chow', 'karetta', 'scooter', 'sai.mu1986321', 'veronica.bahoz', 'bnepal2020', 'dlwzxdl', 'rjangid', 'pmcgary', 'kurdulla', 'wbbeeson', 'apokhrel', 'oscariglesias', 'nishashahi', 'h4ren', 'pomme', 'yingyingwu', 'liux1872', 'sayakdg1', 'eloi.haltz', 'imuwys', 'farenheit.200', 'huan1746', 'dmechael', 'wangxinjunsdu', 'rlt013', 'pooh6836', 'alishirisich', 'cenxiaoxiao', 'emilie.jue', 'jisoo.moon.mr', 'jeremy93808', 'mazheng2016', 'joshchou', 'abhisek602', 'alfredo_garcia_arribas', 'arunabhmukherjee2', 'dgporter', 'noeminovello', 'p_das', 'vanbeeksimon', 'chaurasiyaavinash679', 'yuhang', 'kwiegand', 'bangarhimanshu9', 'kevon20', 'agrama', 'liacompton', 'nirjharb', 'phacl', 'dvaz', 'smithd22', 'lee02752', 'claudia.negrete', 'jyotisaini26021992', 'semori', 'mattcarey', 'zxiao2015', 'jonathongeorgesmith98', 'fenx', 'diegoalba', 'franciscoayalarodriguez', 'cenliu', 'ahight', 'zhou0528', 'souravsh92', 'venug012', 'joelin20202', 'rcbhatt', 'cmoralesc', 'frantze', 'tao123', 'zenobius01', 'jmhong', 'd.k.de.wal', 'polinadybina', 'koolman2', 'christian.rinaldi', 'daichangting', 'mmishner', 'eduardo.saavedra.d', 'jamal9235', 'enboz1', 'raghavposti', 'jx750', 'jrsoruco', 'mmvf', 'bazilevich', 'wfang3', 'jpsinnecker', 'szanjani16', 'mohamad.neari', 'prabhanjandk', 'xxu50', 'monicam.salazarc', 'fjrdz7', 'fredrendell7', 'ssandhoefner3', 'danilasl', 'changming', 'durgamadhab', 'wsgyzyl', 'maccallumr', 'rotarescucristian', 'davidnavasotero', 'jychoi607', 'kawakami.15', 'mguo016', 'zhang_qi', 'prashanthchitimireddy', 'bcmcgold', 'eduardo.fernandez', 'eravera', 'dmitry_glydelov', 'cristirotarescu10', 'loic.adrien.broyer', 'ariam.mora', 'fvilsmeier', 'anamhanif', 'cristopher.morales', 'liuxiaocen', 'adamgw', 'zriedel2', 'mamangyuan', 'kateel18', 'ql63', 'ssebold', 'fedorov.andrei', 'crong', 'dearsomesh', 'remi.lierdeman', 'ec2886', 'jinukurian13', 'cenxiao', 'ankitphy', 'nunocacoilo', 'ph19resch02004', 'subhashreesatapathy059', 'dedicated9q', 'kkhuang95', 'rdutra87', 'cheng.1360', 'ansar.awan4256', 'sreya.pal64', 'bloom261', 'enrique.cobas', 'rrawat', 'sabantirpanci', 'jaivardr', 'litsardakis', 'sladak', 'mohammed920721', 'djesahell', 'yuhuastonefu', 'yl664', 'jehong', 'debi_rianto', 'gabriel.chaves', 'pradeep1', 'msilva6', 'olafvanterve', 'm_golebiewski', 'margostaruch', 'robinchiu', 'sini300', 'vg264', 'mmwinchell', 'inyang180', 'mzubair', 'sd538', 'hjang', 'fabiasta229', 'dohar001', 'ebhatia', 'akashtfl15', 'k18111003', 'viratmehta', 'prendevl', 'pietro.carrara', 'chaos57', 'hohldag', '2017312xie', 'minaxiiiserm', 'jsshim2']",2,"['yogesh30394', None]",245,"['abirshadman', 'matia90', 'samoberdick', 'coiodilia', 'maximelecomte', 'iaharris', 'ericliu1986', 'fabel', 'cpsaroud', 'abhilash.mishra', 'moditma', 'muduli.ps', '234gauravshukla', '945247824a', 'wagled', 'songck107', 'fritchb', 'sherry96', 'anija_mary_04', 'arnayiciar', 'yogesh30394', 'ph19resch11002', 'smcvitie', 'm7deeb', 'colehardy4059', 'abbasah', 'ffranco', 'kang_wang', 'gabomicro9', 'oommfylhuang', 'dmarcini88', 'cenxiaoquan', 'dguarisco', 'eckbergc', 'majednashaat', 'astuart7', 'njaggi', 'harrywang003', 'sutapa12', 'ricop234', 'drdario_usf', 'physicsjc', 'cheekibreeki', 'jpdomann', 'mdrogers', 'kpmondal', 'das.shekhar89', 'crrcrrc', 'fugutian', 'jiangsheng0908', 'devkapil108', 'yx322', 'abhimahour72', 'mhdguimaraes', 'junyiwu2', 'pedro.david.28', '9azazel', 'nadim.chow', 'karetta', 'scooter', 'sai.mu1986321', 'veronica.bahoz', 'bnepal2020', 'dlwzxdl', 'rjangid', 'pmcgary', 'kurdulla', 'wbbeeson', 'apokhrel', 'oscariglesias', 'nishashahi', 'h4ren', 'pomme', 'yingyingwu', 'liux1872', 'sayakdg1', 'eloi.haltz', 'imuwys', 'farenheit.200', 'huan1746', 'dmechael', 'wangxinjunsdu', 'rlt013', 'pooh6836', 'alishirisich', 'cenxiaoxiao', 'emilie.jue', 'jisoo.moon.mr', 'jeremy93808', 'mazheng2016', 'joshchou', 'abhisek602', 'alfredo_garcia_arribas', 'arunabhmukherjee2', 'dgporter', 'noeminovello', 'p_das', 'vanbeeksimon', 'chaurasiyaavinash679', 'yuhang', 'kwiegand', 'bangarhimanshu9', 'kevon20', 'agrama', 'liacompton', 'nirjharb', 'phacl', 'dvaz', 'smithd22', 'lee02752', None, 'claudia.negrete', 'jyotisaini26021992', 'semori', 'mattcarey', 'zxiao2015', 'jonathongeorgesmith98', 'fenx', 'diegoalba', 'franciscoayalarodriguez', 'cenliu', 'ahight', 'zhou0528', 'souravsh92', 'venug012', 'joelin20202', 'rcbhatt', 'cmoralesc', 'frantze', 'tao123', 'zenobius01', 'jmhong', 'd.k.de.wal', 'polinadybina', 'koolman2', 'christian.rinaldi', 'daichangting', 'mmishner', 'eduardo.saavedra.d', 'jamal9235', 'miss.namrata08', 'enboz1', 'raghavposti', 'jx750', 'jrsoruco', 'mmvf', 'bazilevich', 'wfang3', 'jpsinnecker', 'szanjani16', 'mohamad.neari', 'prabhanjandk', 'xxu50', 'monicam.salazarc', 'fjrdz7', 'fredrendell7', 'ssandhoefner3', 'danilasl', 'changming', 'durgamadhab', 'wsgyzyl', 'maccallumr', 'rotarescucristian', 'davidnavasotero', 'jychoi607', 'kawakami.15', 'mguo016', 'zhang_qi', 'prashanthchitimireddy', 'bcmcgold', 'eduardo.fernandez', 'eravera', 'dmitry_glydelov', 'cristirotarescu10', 'loic.adrien.broyer', 'ariam.mora', 'fvilsmeier', 'anamhanif', 'cristopher.morales', 'liuxiaocen', 'adamgw', 'zriedel2', 'mamangyuan', 'kateel18', 'ql63', 'ssebold', 'fedorov.andrei', 'crong', 'dearsomesh', 'remi.lierdeman', 'ec2886', 'jinukurian13', 'cenxiao', 'ankitphy', 'nunocacoilo', 'ph19resch02004', 'subhashreesatapathy059', 'dedicated9q', 'kkhuang95', 'rdutra87', 'cheng.1360', 'nishthavats', 'ansar.awan4256', 'sreya.pal64', 'bloom261', 'enrique.cobas', 'rrawat', 'sabantirpanci', 'jaivardr', 'litsardakis', 'sladak', 'mohammed920721', 'djesahell', 'yuhuastonefu', 'yl664', 'jehong', 'debi_rianto', 'gabriel.chaves', 'pradeep1', 'msilva6', 'olafvanterve', 'm_golebiewski', 'margostaruch', 'robinchiu', 'sini300', 'vipulsharma110', 'vg264', 'mmwinchell', 'inyang180', 'mzubair', 'sd538', 'hjang', 'fabiasta229', 'dohar001', 'ebhatia', 'akashtfl15', 'k18111003', 'viratmehta', 'prendevl', 'pietro.carrara', 'chaos57', 'hohldag', '2017312xie', 'minaxiiiserm', 'jsshim2']"
2,332,244,7,3,"['iaharris', 'hjang', 'oommfylhuang']",240,"['abirshadman', 'matia90', 'samoberdick', 'coiodilia', 'maximelecomte', 'ericliu1986', 'fabel', 'cpsaroud', 'abhilash.mishra', 'moditma', 'muduli.ps', '234gauravshukla', '945247824a', 'wagled', 'songck107', 'fritchb', 'sherry96', 'anija_mary_04', 'arnayiciar', 'ph19resch11002', 'smcvitie', 'm7deeb', 'colehardy4059', 'abbasah', 'ffranco', 'kang_wang', 'gabomicro9', 'dmarcini88', 'cenxiaoquan', 'dguarisco', 'eckbergc', 'majednashaat', 'astuart7', 'njaggi', 'harrywang003', 'sutapa12', 'ricop234', 'drdario_usf', 'physicsjc', 'cheekibreeki', 'jpdomann', 'mdrogers', 'kpmondal', 'das.shekhar89', 'crrcrrc', 'fugutian', 'jiangsheng0908', 'devkapil108', 'yx322', 'abhimahour72', 'mhdguimaraes', 'junyiwu2', 'pedro.david.28', '9azazel', 'nadim.chow', 'karetta', 'scooter', 'sai.mu1986321', 'veronica.bahoz', 'bnepal2020', 'dlwzxdl', 'rjangid', 'pmcgary', 'kurdulla', 'wbbeeson', 'apokhrel', 'oscariglesias', 'nishashahi', 'h4ren', 'pomme', 'yingyingwu', 'liux1872', 'sayakdg1', 'eloi.haltz', 'imuwys', 'farenheit.200', 'huan1746', 'dmechael', 'wangxinjunsdu', 'rlt013', 'pooh6836', 'alishirisich', 'cenxiaoxiao', 'emilie.jue', 'jisoo.moon.mr', 'jeremy93808', 'mazheng2016', 'joshchou', 'abhisek602', 'alfredo_garcia_arribas', 'arunabhmukherjee2', 'dgporter', 'noeminovello', 'p_das', 'vanbeeksimon', 'chaurasiyaavinash679', 'yuhang', 'kwiegand', 'bangarhimanshu9', 'kevon20', 'agrama', 'liacompton', 'nirjharb', 'phacl', 'dvaz', 'smithd22', 'lee02752', 'claudia.negrete', 'jyotisaini26021992', 'semori', 'mattcarey', 'zxiao2015', 'jonathongeorgesmith98', 'fenx', 'diegoalba', 'franciscoayalarodriguez', 'cenliu', 'ahight', 'zhou0528', 'souravsh92', 'venug012', 'joelin20202', 'rcbhatt', 'cmoralesc', 'frantze', 'tao123', 'zenobius01', 'jmhong', 'd.k.de.wal', 'polinadybina', 'koolman2', 'christian.rinaldi', 'daichangting', 'mmishner', 'eduardo.saavedra.d', 'jamal9235', 'miss.namrata08', 'enboz1', 'raghavposti', 'jx750', 'jrsoruco', 'mmvf', 'bazilevich', 'wfang3', 'jpsinnecker', 'szanjani16', 'mohamad.neari', 'prabhanjandk', 'xxu50', 'monicam.salazarc', 'fjrdz7', 'fredrendell7', 'ssandhoefner3', 'danilasl', 'changming', 'durgamadhab', 'wsgyzyl', 'maccallumr', 'rotarescucristian', 'davidnavasotero', 'jychoi607', 'kawakami.15', 'mguo016', 'zhang_qi', 'prashanthchitimireddy', 'bcmcgold', 'eduardo.fernandez', 'eravera', 'dmitry_glydelov', 'cristirotarescu10', 'loic.adrien.broyer', 'ariam.mora', 'fvilsmeier', 'anamhanif', 'cristopher.morales', 'liuxiaocen', 'adamgw', 'zriedel2', 'mamangyuan', 'kateel18', 'ql63', 'ssebold', 'fedorov.andrei', 'crong', 'dearsomesh', 'remi.lierdeman', 'ec2886', 'jinukurian13', 'cenxiao', 'ankitphy', 'nunocacoilo', 'ph19resch02004', 'subhashreesatapathy059', 'dedicated9q', 'kkhuang95', 'rdutra87', 'cheng.1360', 'nishthavats', 'ansar.awan4256', 'sreya.pal64', 'bloom261', 'enrique.cobas', 'rrawat', 'sabantirpanci', 'jaivardr', 'litsardakis', 'sladak', 'mohammed920721', 'djesahell', 'yuhuastonefu', 'yl664', 'jehong', 'debi_rianto', 'gabriel.chaves', 'pradeep1', 'msilva6', 'olafvanterve', 'm_golebiewski', 'margostaruch', 'robinchiu', 'sini300', 'vipulsharma110', 'vg264', 'mmwinchell', 'inyang180', 'mzubair', 'sd538', 'fabiasta229', 'dohar001', 'ebhatia', 'akashtfl15', 'k18111003', 'viratmehta', 'prendevl', 'pietro.carrara', 'chaos57', 'hohldag', '2017312xie', 'minaxiiiserm', 'jsshim2']",4,"['yu.c', 'yenlin.jack.huang', None, 'justicofking']",247,"['abirshadman', 'matia90', 'samoberdick', 'coiodilia', 'maximelecomte', 'iaharris', 'ericliu1986', 'fabel', 'cpsaroud', 'abhilash.mishra', 'moditma', 'muduli.ps', '234gauravshukla', '945247824a', 'wagled', 'songck107', 'fritchb', 'sherry96', 'anija_mary_04', 'arnayiciar', 'ph19resch11002', 'smcvitie', 'm7deeb', 'colehardy4059', 'abbasah', 'ffranco', 'kang_wang', 'gabomicro9', 'oommfylhuang', 'dmarcini88', 'cenxiaoquan', 'dguarisco', 'eckbergc', 'majednashaat', 'justicofking', 'astuart7', 'njaggi', 'harrywang003', 'sutapa12', 'ricop234', 'drdario_usf', 'physicsjc', 'cheekibreeki', 'jpdomann', 'mdrogers', 'kpmondal', 'das.shekhar89', 'crrcrrc', 'fugutian', 'jiangsheng0908', 'devkapil108', 'yx322', 'abhimahour72', 'mhdguimaraes', 'junyiwu2', 'pedro.david.28', '9azazel', 'nadim.chow', 'karetta', 'scooter', 'sai.mu1986321', 'veronica.bahoz', 'bnepal2020', 'dlwzxdl', 'rjangid', 'pmcgary', 'kurdulla', 'wbbeeson', 'apokhrel', 'oscariglesias', 'nishashahi', 'h4ren', 'pomme', 'yingyingwu', 'liux1872', 'sayakdg1', 'eloi.haltz', 'imuwys', 'farenheit.200', 'huan1746', 'dmechael', 'wangxinjunsdu', 'rlt013', 'pooh6836', 'alishirisich', 'cenxiaoxiao', 'emilie.jue', 'jisoo.moon.mr', 'jeremy93808', 'mazheng2016', 'joshchou', 'abhisek602', 'alfredo_garcia_arribas', 'arunabhmukherjee2', 'dgporter', 'noeminovello', 'p_das', 'vanbeeksimon', 'chaurasiyaavinash679', 'yuhang', 'kwiegand', 'bangarhimanshu9', 'kevon20', 'agrama', 'liacompton', 'nirjharb', 'phacl', 'dvaz', 'smithd22', 'lee02752', None, 'claudia.negrete', 'jyotisaini26021992', 'semori', 'mattcarey', 'zxiao2015', 'jonathongeorgesmith98', 'fenx', 'diegoalba', 'franciscoayalarodriguez', 'cenliu', 'ahight', 'zhou0528', 'souravsh92', 'venug012', 'joelin20202', 'rcbhatt', 'cmoralesc', 'frantze', 'tao123', 'zenobius01', 'jmhong', 'd.k.de.wal', 'polinadybina', 'koolman2', 'christian.rinaldi', 'daichangting', 'mmishner', 'eduardo.saavedra.d', 'jamal9235', 'miss.namrata08', 'enboz1', 'raghavposti', 'jx750', 'jrsoruco', 'mmvf', 'bazilevich', 'wfang3', 'jpsinnecker', 'szanjani16', 'mohamad.neari', 'yenlin.jack.huang', 'prabhanjandk', 'xxu50', 'monicam.salazarc', 'fjrdz7', 'fredrendell7', 'ssandhoefner3', 'danilasl', 'changming', 'durgamadhab', 'wsgyzyl', 'maccallumr', 'rotarescucristian', 'davidnavasotero', 'jychoi607', 'kawakami.15', 'mguo016', 'zhang_qi', 'prashanthchitimireddy', 'bcmcgold', 'eduardo.fernandez', 'eravera', 'dmitry_glydelov', 'cristirotarescu10', 'loic.adrien.broyer', 'ariam.mora', 'fvilsmeier', 'anamhanif', 'cristopher.morales', 'liuxiaocen', 'adamgw', 'zriedel2', 'mamangyuan', 'kateel18', 'ql63', 'ssebold', 'fedorov.andrei', 'crong', 'dearsomesh', 'remi.lierdeman', 'ec2886', 'jinukurian13', 'cenxiao', 'ankitphy', 'nunocacoilo', 'ph19resch02004', 'subhashreesatapathy059', 'dedicated9q', 'kkhuang95', 'rdutra87', 'cheng.1360', 'nishthavats', 'ansar.awan4256', 'sreya.pal64', 'bloom261', 'enrique.cobas', 'rrawat', 'sabantirpanci', 'jaivardr', 'litsardakis', 'sladak', 'mohammed920721', 'djesahell', 'yuhuastonefu', 'yl664', 'jehong', 'debi_rianto', 'gabriel.chaves', 'pradeep1', 'msilva6', 'olafvanterve', 'm_golebiewski', 'margostaruch', 'robinchiu', 'sini300', 'vipulsharma110', 'vg264', 'yu.c', 'mmwinchell', 'inyang180', 'mzubair', 'sd538', 'hjang', 'fabiasta229', 'dohar001', 'ebhatia', 'akashtfl15', 'k18111003', 'viratmehta', 'prendevl', 'pietro.carrara', 'chaos57', 'hohldag', '2017312xie', 'minaxiiiserm', 'jsshim2']"
2,333,244,7,5,"['cenliu', 'cenxiaoquan', 'cenxiao', 'liuxiaocen', 'cenxiaoxiao']",238,"['abirshadman', 'matia90', 'samoberdick', 'coiodilia', 'maximelecomte', 'iaharris', 'ericliu1986', 'fabel', 'cpsaroud', 'abhilash.mishra', 'moditma', 'muduli.ps', '234gauravshukla', '945247824a', 'wagled', 'songck107', 'fritchb', 'sherry96', 'anija_mary_04', 'arnayiciar', 'ph19resch11002', 'smcvitie', 'm7deeb', 'colehardy4059', 'abbasah', 'ffranco', 'kang_wang', 'gabomicro9', 'oommfylhuang', 'dmarcini88', 'dguarisco', 'eckbergc', 'majednashaat', 'astuart7', 'njaggi', 'harrywang003', 'sutapa12', 'ricop234', 'drdario_usf', 'physicsjc', 'cheekibreeki', 'jpdomann', 'mdrogers', 'kpmondal', 'das.shekhar89', 'crrcrrc', 'fugutian', 'jiangsheng0908', 'devkapil108', 'yx322', 'abhimahour72', 'mhdguimaraes', 'junyiwu2', 'pedro.david.28', '9azazel', 'nadim.chow', 'karetta', 'scooter', 'sai.mu1986321', 'veronica.bahoz', 'bnepal2020', 'dlwzxdl', 'rjangid', 'pmcgary', 'kurdulla', 'wbbeeson', 'apokhrel', 'oscariglesias', 'nishashahi', 'h4ren', 'pomme', 'yingyingwu', 'liux1872', 'sayakdg1', 'eloi.haltz', 'imuwys', 'farenheit.200', 'huan1746', 'dmechael', 'wangxinjunsdu', 'rlt013', 'pooh6836', 'alishirisich', 'emilie.jue', 'jisoo.moon.mr', 'jeremy93808', 'mazheng2016', 'joshchou', 'abhisek602', 'alfredo_garcia_arribas', 'arunabhmukherjee2', 'dgporter', 'noeminovello', 'p_das', 'vanbeeksimon', 'chaurasiyaavinash679', 'yuhang', 'kwiegand', 'bangarhimanshu9', 'kevon20', 'agrama', 'liacompton', 'nirjharb', 'phacl', 'dvaz', 'smithd22', 'lee02752', 'claudia.negrete', 'jyotisaini26021992', 'semori', 'mattcarey', 'zxiao2015', 'jonathongeorgesmith98', 'fenx', 'diegoalba', 'franciscoayalarodriguez', 'ahight', 'zhou0528', 'souravsh92', 'venug012', 'joelin20202', 'rcbhatt', 'cmoralesc', 'frantze', 'tao123', 'zenobius01', 'jmhong', 'd.k.de.wal', 'polinadybina', 'koolman2', 'christian.rinaldi', 'daichangting', 'mmishner', 'eduardo.saavedra.d', 'jamal9235', 'miss.namrata08', 'enboz1', 'raghavposti', 'jx750', 'jrsoruco', 'mmvf', 'bazilevich', 'wfang3', 'jpsinnecker', 'szanjani16', 'mohamad.neari', 'prabhanjandk', 'xxu50', 'monicam.salazarc', 'fjrdz7', 'fredrendell7', 'ssandhoefner3', 'danilasl', 'changming', 'durgamadhab', 'wsgyzyl', 'maccallumr', 'rotarescucristian', 'davidnavasotero', 'jychoi607', 'kawakami.15', 'mguo016', 'zhang_qi', 'prashanthchitimireddy', 'bcmcgold', 'eduardo.fernandez', 'eravera', 'dmitry_glydelov', 'cristirotarescu10', 'loic.adrien.broyer', 'ariam.mora', 'fvilsmeier', 'anamhanif', 'cristopher.morales', 'adamgw', 'zriedel2', 'mamangyuan', 'kateel18', 'ql63', 'ssebold', 'fedorov.andrei', 'crong', 'dearsomesh', 'remi.lierdeman', 'ec2886', 'jinukurian13', 'ankitphy', 'nunocacoilo', 'ph19resch02004', 'subhashreesatapathy059', 'dedicated9q', 'kkhuang95', 'rdutra87', 'cheng.1360', 'nishthavats', 'ansar.awan4256', 'sreya.pal64', 'bloom261', 'enrique.cobas', 'rrawat', 'sabantirpanci', 'jaivardr', 'litsardakis', 'sladak', 'mohammed920721', 'djesahell', 'yuhuastonefu', 'yl664', 'jehong', 'debi_rianto', 'gabriel.chaves', 'pradeep1', 'msilva6', 'olafvanterve', 'm_golebiewski', 'margostaruch', 'robinchiu', 'sini300', 'vipulsharma110', 'vg264', 'mmwinchell', 'inyang180', 'mzubair', 'sd538', 'hjang', 'fabiasta229', 'dohar001', 'ebhatia', 'akashtfl15', 'k18111003', 'viratmehta', 'prendevl', 'pietro.carrara', 'chaos57', 'hohldag', '2017312xie', 'minaxiiiserm', 'jsshim2']",2,"[None, 'liuxiaoquan123']",245,"['abirshadman', 'matia90', 'samoberdick', 'coiodilia', 'maximelecomte', 'iaharris', 'ericliu1986', 'fabel', 'cpsaroud', 'abhilash.mishra', 'moditma', 'muduli.ps', '234gauravshukla', '945247824a', 'wagled', 'songck107', 'fritchb', 'sherry96', 'anija_mary_04', 'arnayiciar', 'ph19resch11002', 'smcvitie', 'm7deeb', 'colehardy4059', 'abbasah', 'ffranco', 'kang_wang', 'gabomicro9', 'oommfylhuang', 'dmarcini88', 'cenxiaoquan', 'dguarisco', 'eckbergc', 'majednashaat', 'astuart7', 'njaggi', 'harrywang003', 'sutapa12', 'ricop234', 'drdario_usf', 'physicsjc', 'cheekibreeki', 'jpdomann', 'mdrogers', 'kpmondal', 'das.shekhar89', 'crrcrrc', 'fugutian', 'jiangsheng0908', 'devkapil108', 'yx322', 'abhimahour72', 'mhdguimaraes', 'junyiwu2', 'pedro.david.28', '9azazel', 'nadim.chow', 'karetta', 'scooter', 'sai.mu1986321', 'veronica.bahoz', 'bnepal2020', 'dlwzxdl', 'rjangid', 'pmcgary', 'kurdulla', 'wbbeeson', 'apokhrel', 'oscariglesias', 'nishashahi', 'h4ren', 'pomme', 'yingyingwu', 'liux1872', 'sayakdg1', 'eloi.haltz', 'imuwys', 'farenheit.200', 'huan1746', 'dmechael', 'wangxinjunsdu', 'rlt013', 'pooh6836', 'alishirisich', 'cenxiaoxiao', 'emilie.jue', 'jisoo.moon.mr', 'jeremy93808', 'mazheng2016', 'joshchou', 'abhisek602', 'alfredo_garcia_arribas', 'arunabhmukherjee2', 'dgporter', 'noeminovello', 'p_das', 'vanbeeksimon', 'chaurasiyaavinash679', 'yuhang', 'kwiegand', 'bangarhimanshu9', 'kevon20', 'agrama', 'liacompton', 'nirjharb', 'phacl', 'dvaz', 'smithd22', 'lee02752', None, 'claudia.negrete', 'jyotisaini26021992', 'semori', 'mattcarey', 'zxiao2015', 'jonathongeorgesmith98', 'fenx', 'diegoalba', 'franciscoayalarodriguez', 'cenliu', 'ahight', 'zhou0528', 'souravsh92', 'venug012', 'joelin20202', 'rcbhatt', 'cmoralesc', 'frantze', 'tao123', 'zenobius01', 'jmhong', 'd.k.de.wal', 'polinadybina', 'koolman2', 'christian.rinaldi', 'daichangting', 'mmishner', 'eduardo.saavedra.d', 'jamal9235', 'miss.namrata08', 'enboz1', 'raghavposti', 'jx750', 'jrsoruco', 'mmvf', 'bazilevich', 'wfang3', 'jpsinnecker', 'szanjani16', 'mohamad.neari', 'prabhanjandk', 'xxu50', 'monicam.salazarc', 'fjrdz7', 'fredrendell7', 'ssandhoefner3', 'danilasl', 'changming', 'durgamadhab', 'wsgyzyl', 'maccallumr', 'rotarescucristian', 'davidnavasotero', 'jychoi607', 'kawakami.15', 'mguo016', 'zhang_qi', 'prashanthchitimireddy', 'bcmcgold', 'eduardo.fernandez', 'eravera', 'dmitry_glydelov', 'cristirotarescu10', 'loic.adrien.broyer', 'ariam.mora', 'fvilsmeier', 'anamhanif', 'cristopher.morales', 'liuxiaocen', 'adamgw', 'zriedel2', 'mamangyuan', 'kateel18', 'ql63', 'ssebold', 'fedorov.andrei', 'crong', 'dearsomesh', 'remi.lierdeman', 'ec2886', 'jinukurian13', 'cenxiao', 'ankitphy', 'nunocacoilo', 'ph19resch02004', 'subhashreesatapathy059', 'dedicated9q', 'kkhuang95', 'rdutra87', 'cheng.1360', 'nishthavats', 'ansar.awan4256', 'sreya.pal64', 'bloom261', 'enrique.cobas', 'rrawat', 'sabantirpanci', 'jaivardr', 'litsardakis', 'sladak', 'mohammed920721', 'djesahell', 'yuhuastonefu', 'yl664', 'jehong', 'debi_rianto', 'gabriel.chaves', 'pradeep1', 'msilva6', 'olafvanterve', 'm_golebiewski', 'margostaruch', 'robinchiu', 'sini300', 'vipulsharma110', 'vg264', 'mmwinchell', 'inyang180', 'liuxiaoquan123', 'mzubair', 'sd538', 'hjang', 'fabiasta229', 'dohar001', 'ebhatia', 'akashtfl15', 'k18111003', 'viratmehta', 'prendevl', 'pietro.carrara', 'chaos57', 'hohldag', '2017312xie', 'minaxiiiserm', 'jsshim2']"
3,273,196,271,151,"['mart1380', 'wisler0', 'patel731', 'jaloi', 'cdtorres', 'cregers', 'engc', 'dmassow', 'abelkiew', 'zfrank64', 'jin376', 'lee2614', 'etitheyeti98', 'mcginn1', 'mohdshah', 'bcaffert', 'smit3177', 'amcgoff', 'freyg', 'dkuen', 'pillai7', 'wning', 'chen2122', 'ewilhite', 'rweedon', 'zubik', 'davidsml', 'bpolinsk', 'abosshar', 'gupta393', 'mpisoni', 'efeldman', 'cmenden', 'eashburn', 'bcasler', 'nabdrahn', 'baile261', 'msulaima', 'kvansan', 'nkhuu', 'cccyyj720', 'klipiszk', 'edreifue', 'cheeseballs99', 'jmacatan', 'lawrencr', 'chao26', 'harri670', 'kinserc', 'gcesar', 'apanuga', 'peter514', 'ftangpoo', 'mmohdzai', 'tglavan', 'iyengar1', 'hschennu', 'adams410', 'atruver', 'ellis99', 'kozelr', 'nail', 'bowman96', 'natoli0', 'aperitor', 'agrillo', 'msargen', 'mart1391', 'sanjiv3damo', 'woo49', 'rutherfb', 'rathi4', 'hill399', 'yang1865', 'bkeel', 'akick', 'cvasq69', 'ithakor', 'rturk8292', 'cwidak', 'malhamm', 'lyanni', 'kumar212', 'vudayamo', 'sedgerto', 'pickera', 'slillig', 'abhalcha', 'mfess', 'mmshank16', 'lmackin', 'bgrandst', 'choi333', 'mtrivell', 'li3604', 'epiergal', 'ghosh36', 'stark22', 'lm45000', 'bwitchie', 'anniebreidinger', 'mart1180', 'jeigenbr', 'aleidli', 'rhinesj', 'tu37', 'singer15', 'ceckste', 'jhulsize', 'tnoor', 'saboa', 'eloewe', 'ali113', 'jbuehrle', 'schuman1', 'everbru', 'jlorah', 'chiang56', 'gao499', 'xose.amo', 'lthursto', 'coolnikitav', 'deshmukp', 'jnasiboov', 'li2722', 'sgrzych', 'bamorim', 'awennin', 'egarayev', 'li2709', 'verma52', 'bullock8', 'mill2119', 'white559', 'hillej', 'george92', 'alotaib6', 'jfitzhu', 'nikitasridhar14', 'dlarocco', 'colewilloughby1125', 'tpownell', 'lrigsbee', 'goodma27', 'uuraechu', 'adamdmiller17', 'kbebris', 'ecave', '17scotta', 'dragoneye', 'kzeligso']",44,"['xu1085', 'slosing', 'daviskahmann', 'wonhyukdo', 'kswartzb', 'pcastagn', 'tuckerz', 'ltoy', 'jboulayd', 'rumplem', 'ferree1', 'gavinneyman', 'tdarmon20', 'tl0120', 'glevine', 'gezbbl7', 'xul9044', 'ccurto', 'behrr', 'allnic21', 'amoravec', 'stapletl', 'akansky', 'marito', 'ander754', 'terry51', 'gmantey', 'mgubbi', 'hsmoke', 'koverley', 'racroth35', 'fergu101', 'vkolar', 'richg', 'payne71', 'awoodwa', 'nwegh2017', 'ross217', 'jonathanlimp87', 'gct246', 'ctsioli', 'dewittl', 'harbinz', 'rroggema']",120,"['doyle75', 'mbraner', 'jmickow', 'spear9', 'ssaradhi', 'cho372', 'jdumblet', 'song609', 'mheighwa', 'ghais', 'smit2827', 'dkahmann', 'the.mark.sargent', '3ksnn64', 'suixiong8', 'stewa238', 'layyar', 'butchko', 'mohanc', 'yao201', 'xing36', 'oelsher', 'obalican', 'yshousha', 'lowe77', 'asabo2893', 'brewer66', 'mfarnell', 'strachan', 'uasoluka', 'tmerric', 'gray244', 'cole.breseman', 'tan254', 'gjensen', 'ctow', 'marisol', 'nhuntine', 'baker493', 'cblackm', 'yang1420', 'vogel30', 'iclyde', 'kiefern', 'ford.l.piano.guitar', 'jiang655', 'smit3184', 'butzz', 'mcurto', 'pjcali3', 'hopkin43', 'hgrover', 'mheiland', 'mtbarrette01', 'tdarmon', 'pshashi', 'cbresema', 'gtribe', 'dleoni', 'richtern', 'jo46', 'kang264', 'stockb', 'gleasonb', 'gnishibu', 'mathur30', 'patel784', 'do26', 'roth51', 'davidrgowan', 'peck28', 'zhan3624', 'kocher1', 'osantang', 'yeungd', 'ashwarts', 'ebilionis', 'nwegh', 'mudd3', 'dzadoks', 'nfei', 'zhao988', 'mornings', 'aaprelik', 'xu1020', 'rmadhuja', 'shethm', 'avwenning', 'srothsch', 'siu2', 'psakamot', 'schro118', 'redmanr', 'gratz', 'lauerc', 'dixon82', 'emarches', 'kmotwan', 'jpdero2', 'shoafn', 'aidanc_purdue', 'doherty6', 'costel10', 'yount', 'msuter', 'rdrager', 'tmccoll', 'ericshen628', 'mishra94', 'jai104', 'ding202', 'liu2512', 'soni12', 'bernarm', 'meyer264', 'allisonbosshart', 'hall363', 'abora', 'pcase', 'akapko']",315,"['mart1380', 'patel731', 'doyle75', 'cdtorres', 'cregers', 'engc', 'ssaradhi', 'jin376', 'lee2614', 'cho372', 'jdumblet', 'rumplem', 'mohdshah', 'mheighwa', 'ccurto', 'amcgoff', 'ghais', 'smit2827', 'dkahmann', 'dkuen', 'the.mark.sargent', 'stewa238', 'pillai7', 'wning', 'yao201', 'chen2122', 'ewilhite', 'zubik', 'abosshar', 'gupta393', 'cmenden', 'eashburn', 'richg', 'nabdrahn', 'awoodwa', 'obalican', 'yshousha', 'kvansan', 'nkhuu', 'klipiszk', 'cheeseballs99', 'harri670', 'lawrencr', 'jmacatan', 'kinserc', 'xu1085', 'gcesar', 'apanuga', 'tmerric', 'ftangpoo', 'daviskahmann', 'kswartzb', 'mmohdzai', 'pcastagn', 'tglavan', 'iyengar1', 'tan254', 'gjensen', 'tdarmon20', 'atruver', 'marisol', 'cblackm', 'msargen', 'mart1391', 'vogel30', 'sanjiv3damo', 'woo49', 'rutherfb', 'terry51', 'kiefern', 'ford.l.piano.guitar', 'jiang655', 'butzz', 'rathi4', 'hopkin43', 'mheiland', 'mtbarrette01', 'bkeel', 'yang1865', 'akick', 'tdarmon', 'rturk8292', 'cwidak', 'malhamm', 'lyanni', 'kumar212', 'pickera', 'slillig', 'mfess', 'dleoni', 'jboulayd', 'richtern', 'lmackin', 'ferree1', 'stockb', 'gavinneyman', 'choi333', 'li3604', 'mathur30', 'stark22', 'lm45000', 'anniebreidinger', 'ander754', 'davidrgowan', 'jeigenbr', 'zhan3624', 'kocher1', 'yeungd', 'ashwarts', 'koverley', 'singer15', 'racroth35', 'jhulsize', 'tnoor', 'nwegh2017', 'ali113', 'jbuehrle', 'nwegh', 'dewittl', 'mudd3', 'dzadoks', 'mornings', 'aaprelik', 'gao499', 'shethm', 'siu2', 'jnasiboov', 'psakamot', 'gratz', 'lauerc', 'dixon82', 'emarches', 'kmotwan', 'verma52', 'white559', 'hillej', 'nikitasridhar14', 'yount', 'marito', 'msuter', 'rdrager', 'tmccoll', 'gmantey', 'jai104', 'uuraechu', 'adamdmiller17', 'liu2512', 'ecave', 'vkolar', 'jonathanlimp87', 'allisonbosshart', 'hall363', 'kzeligso', 'akansky', 'wisler0', 'akapko', 'jmickow', 'mbraner', 'jaloi', 'spear9', 'dmassow', 'abelkiew', 'zfrank64', 'etitheyeti98', 'song609', 'mcginn1', 'tl0120', 'bcaffert', 'gezbbl7', 'smit3177', 'freyg', '3ksnn64', 'suixiong8', 'layyar', 'butchko', 'mohanc', 'xing36', 'rweedon', 'bpolinsk', 'davidsml', 'mpisoni', 'efeldman', 'bcasler', 'oelsher', 'payne71', 'lowe77', 'asabo2893', 'baile261', 'msulaima', 'cccyyj720', 'brewer66', 'edreifue', 'harbinz', 'chao26', 'mfarnell', 'strachan', 'uasoluka', 'abora', 'peter514', 'gray244', 'cole.breseman', 'hschennu', 'ctow', 'adams410', 'nhuntine', 'baker493', 'ellis99', 'kozelr', 'nail', 'bowman96', 'xul9044', 'natoli0', 'aperitor', 'agrillo', 'yang1420', 'stapletl', 'iclyde', 'mgubbi', 'smit3184', 'mcurto', 'pjcali3', 'hgrover', 'hill399', 'ctsioli', 'cvasq69', 'ithakor', 'pshashi', 'cbresema', 'gtribe', 'wonhyukdo', 'vudayamo', 'sedgerto', 'tuckerz', 'abhalcha', 'mmshank16', 'jo46', 'kang264', 'bgrandst', 'gleasonb', 'mtrivell', 'gnishibu', 'glevine', 'behrr', 'allnic21', 'patel784', 'epiergal', 'ghosh36', 'do26', 'roth51', 'bwitchie', 'mart1180', 'peck28', 'aleidli', 'rhinesj', 'hsmoke', 'osantang', 'tu37', 'ceckste', 'saboa', 'eloewe', 'ebilionis', 'gct246', 'nfei', 'rroggema', 'zhao988', 'schuman1', 'everbru', 'slosing', 'xu1020', 'jlorah', 'chiang56', 'rmadhuja', 'avwenning', 'xose.amo', 'srothsch', 'lthursto', 'coolnikitav', 'deshmukp', 'ltoy', 'li2722', 'schro118', 'sgrzych', 'redmanr', 'bamorim', 'awennin', 'egarayev', 'li2709', 'jpdero2', 'bullock8', 'mill2119', 'shoafn', 'aidanc_purdue', 'doherty6', 'amoravec', 'george92', 'alotaib6', 'costel10', 'jfitzhu', 'dlarocco', 'colewilloughby1125', 'tpownell', 'ericshen628', 'mishra94', 'lrigsbee', 'goodma27', 'ding202', 'kbebris', 'fergu101', 'soni12', 'bernarm', 'meyer264', 'ross217', '17scotta', 'dragoneye', 'pcase']"
3,104,196,236,152,"['mart1380', 'wisler0', 'jaloi', 'cdtorres', 'cregers', 'engc', 'dmassow', 'abelkiew', 'jin376', 'lee2614', 'etitheyeti98', 'rumplem', 'mcginn1', 'mohdshah', 'tl0120', 'bcaffert', 'ccurto', 'smit3177', 'amcgoff', 'freyg', 'dkuen', 'pillai7', 'chen2122', 'ewilhite', 'rweedon', 'zubik', 'bpolinsk', 'abosshar', 'gupta393', 'mpisoni', 'efeldman', 'cmenden', 'eashburn', 'richg', 'payne71', 'awoodwa', 'msulaima', 'kvansan', 'cccyyj720', 'klipiszk', 'edreifue', 'cheeseballs99', 'jmacatan', 'lawrencr', 'chao26', 'harri670', 'kinserc', 'gcesar', 'apanuga', 'ftangpoo', 'daviskahmann', 'mmohdzai', 'tglavan', 'iyengar1', 'hschennu', 'adams410', 'tdarmon20', 'atruver', 'ellis99', 'agrillo', 'kozelr', 'nail', 'bowman96', 'xul9044', 'natoli0', 'aperitor', 'stapletl', 'mart1391', 'woo49', 'terry51', 'hill399', 'yang1865', 'bkeel', 'akick', 'cvasq69', 'rturk8292', 'malhamm', 'wonhyukdo', 'lyanni', 'kumar212', 'sedgerto', 'pickera', 'slillig', 'mfess', 'jboulayd', 'mmshank16', 'lmackin', 'bgrandst', 'choi333', 'mtrivell', 'glevine', 'li3604', 'behrr', 'allnic21', 'ghosh36', 'stark22', 'lm45000', 'bwitchie', 'anniebreidinger', 'ander754', 'jeigenbr', 'aleidli', 'rhinesj', 'hsmoke', 'singer15', 'racroth35', 'jhulsize', 'tnoor', 'saboa', 'eloewe', 'ali113', 'jbuehrle', 'dewittl', 'schuman1', 'everbru', 'jlorah', 'chiang56', 'xose.amo', 'lthursto', 'deshmukp', 'jnasiboov', 'ltoy', 'li2722', 'sgrzych', 'bamorim', 'awennin', 'egarayev', 'li2709', 'verma52', 'bullock8', 'mill2119', 'white559', 'hillej', 'amoravec', 'george92', 'alotaib6', 'jfitzhu', 'dlarocco', 'colewilloughby1125', 'marito', 'tpownell', 'lrigsbee', 'goodma27', 'uuraechu', 'adamdmiller17', 'kbebris', 'ecave', 'vkolar', 'ross217', '17scotta', 'dragoneye', 'kzeligso']",43,"['patel731', 'xu1085', 'slosing', 'ithakor', 'cwidak', 'gao499', 'peter514', 'kswartzb', 'zfrank64', 'vudayamo', 'pcastagn', 'coolnikitav', 'tuckerz', 'abhalcha', 'ferree1', 'gavinneyman', 'gezbbl7', 'msargen', 'epiergal', 'nikitasridhar14', 'akansky', 'sanjiv3damo', 'wning', 'rutherfb', 'gmantey', 'mgubbi', 'mart1180', 'davidsml', 'koverley', 'tu37', 'ceckste', 'fergu101', 'bcasler', 'nabdrahn', 'nwegh2017', 'baile261', 'rathi4', 'nkhuu', 'gct246', 'ctsioli', 'jonathanlimp87', 'harbinz', 'rroggema']",84,"['jmickow', 'mbraner', 'selkin', 'lowe77.purdue', 'spear9', 'jdumblet', 'suixiong8', 'butchko', 'mohanc', 'xing36', 'chung189', 'rasato', 'yshousha', 'brewer66', 'reweedon', 'ckeiper', 'strachan', 'dangratz99', 'deane1', 'justindcambridge', 'gjensen', 'ctow', 'ceckstein922', 'nhuntine', 'abhilash.bora97', 'rdesmond', 'jess24', None, 'kiefern', 'jiang655', 'smit3184', 'butzz', 'mcurto', 'benbcasler', 'reasato', 'dkuenzel1', 'hopkin43', 'mtbarrette01', 'ydichenk', 'mynameisjohn', 'growsell', 'richtern', 'stockb', 'flore170', 'shank8', 'ellingtj', 'gleasonb', 'gnishibu', 'davidrgowan', 'maderm', 'peck28', 'kocher1', 'osantang', 'yeungd', 'heidi.hansen33', 'elikroller', 'mudd3', 'nfei', 'kweidem', 'zhao988', 'daveguo614', 'aaprelik', 'torreschr', 'abano', 'nathanbaker3889', 'shethm', 'srothsch', 'eponsdel', 'siu2', 'schro118', 'acemagna', 'lauerc', 'dixon82', 'emarches', 'hamel0', 'wang3138', 'zhan2846', 'shoafn', 'costel10', 'yount', 'mishra94', 'eashanpsn', 'liu2512', 'rollere']",279,"['mart1380', 'patel731', 'selkin', 'cdtorres', 'cregers', 'lowe77.purdue', 'engc', 'jin376', 'lee2614', 'jdumblet', 'rumplem', 'mohdshah', 'ccurto', 'amcgoff', 'dkuen', 'pillai7', 'wning', 'chen2122', 'ewilhite', 'zubik', 'abosshar', 'gupta393', 'cmenden', 'eashburn', 'richg', 'nabdrahn', 'awoodwa', 'yshousha', 'kvansan', 'nkhuu', 'klipiszk', 'cheeseballs99', 'reweedon', 'harri670', 'lawrencr', 'jmacatan', 'ckeiper', 'kinserc', 'dangratz99', 'xu1085', 'gcesar', 'apanuga', 'ftangpoo', 'daviskahmann', 'justindcambridge', 'kswartzb', 'mmohdzai', 'pcastagn', 'tglavan', 'iyengar1', 'gjensen', 'ceckstein922', 'tdarmon20', 'atruver', 'abhilash.bora97', 'msargen', 'mart1391', 'rdesmond', 'sanjiv3damo', 'woo49', 'jess24', 'rutherfb', 'terry51', None, 'kiefern', 'jiang655', 'butzz', 'rathi4', 'hopkin43', 'mtbarrette01', 'bkeel', 'yang1865', 'akick', 'rturk8292', 'ydichenk', 'cwidak', 'malhamm', 'mynameisjohn', 'lyanni', 'kumar212', 'growsell', 'pickera', 'slillig', 'mfess', 'jboulayd', 'richtern', 'lmackin', 'ferree1', 'stockb', 'flore170', 'gavinneyman', 'shank8', 'choi333', 'ellingtj', 'li3604', 'stark22', 'lm45000', 'anniebreidinger', 'ander754', 'davidrgowan', 'maderm', 'jeigenbr', 'kocher1', 'yeungd', 'koverley', 'singer15', 'racroth35', 'heidi.hansen33', 'jhulsize', 'tnoor', 'nwegh2017', 'elikroller', 'ali113', 'jbuehrle', 'dewittl', 'mudd3', 'aaprelik', 'abano', 'gao499', 'shethm', 'siu2', 'jnasiboov', 'acemagna', 'lauerc', 'dixon82', 'emarches', 'verma52', 'zhan2846', 'white559', 'hillej', 'nikitasridhar14', 'yount', 'marito', 'gmantey', 'uuraechu', 'adamdmiller17', 'liu2512', 'ecave', 'vkolar', 'jonathanlimp87', 'kzeligso', 'akansky', 'wisler0', 'jmickow', 'mbraner', 'jaloi', 'spear9', 'dmassow', 'abelkiew', 'zfrank64', 'etitheyeti98', 'mcginn1', 'tl0120', 'bcaffert', 'gezbbl7', 'smit3177', 'freyg', 'suixiong8', 'butchko', 'mohanc', 'xing36', 'rweedon', 'bpolinsk', 'davidsml', 'chung189', 'rasato', 'mpisoni', 'efeldman', 'bcasler', 'payne71', 'baile261', 'msulaima', 'cccyyj720', 'brewer66', 'edreifue', 'harbinz', 'chao26', 'strachan', 'deane1', 'peter514', 'hschennu', 'ctow', 'adams410', 'nhuntine', 'ellis99', 'kozelr', 'nail', 'bowman96', 'xul9044', 'natoli0', 'aperitor', 'agrillo', 'stapletl', 'mgubbi', 'smit3184', 'mcurto', 'benbcasler', 'reasato', 'dkuenzel1', 'hill399', 'ctsioli', 'cvasq69', 'ithakor', 'wonhyukdo', 'vudayamo', 'sedgerto', 'tuckerz', 'abhalcha', 'mmshank16', 'bgrandst', 'gleasonb', 'mtrivell', 'gnishibu', 'glevine', 'behrr', 'allnic21', 'epiergal', 'ghosh36', 'bwitchie', 'mart1180', 'peck28', 'aleidli', 'rhinesj', 'hsmoke', 'osantang', 'tu37', 'ceckste', 'saboa', 'eloewe', 'gct246', 'nfei', 'kweidem', 'rroggema', 'daveguo614', 'zhao988', 'schuman1', 'everbru', 'slosing', 'torreschr', 'nathanbaker3889', 'jlorah', 'chiang56', 'xose.amo', 'srothsch', 'eponsdel', 'lthursto', 'coolnikitav', 'deshmukp', 'ltoy', 'li2722', 'schro118', 'sgrzych', 'bamorim', 'awennin', 'egarayev', 'hamel0', 'wang3138', 'li2709', 'bullock8', 'mill2119', 'shoafn', 'amoravec', 'george92', 'alotaib6', 'costel10', 'jfitzhu', 'dlarocco', 'colewilloughby1125', 'tpownell', 'mishra94', 'lrigsbee', 'eashanpsn', 'goodma27', 'kbebris', 'fergu101', 'rollere', 'ross217', '17scotta', 'dragoneye']"
3,302,196,226,144,"['mart1380', 'wisler0', 'patel731', 'jaloi', 'cregers', 'engc', 'dmassow', 'zfrank64', 'jin376', 'lee2614', 'etitheyeti98', 'rumplem', 'mcginn1', 'mohdshah', 'bcaffert', 'gezbbl7', 'ccurto', 'smit3177', 'amcgoff', 'freyg', 'chen2122', 'ewilhite', 'rweedon', 'zubik', 'davidsml', 'abosshar', 'gupta393', 'efeldman', 'cmenden', 'bcasler', 'awoodwa', 'baile261', 'msulaima', 'nkhuu', 'cccyyj720', 'klipiszk', 'edreifue', 'cheeseballs99', 'jmacatan', 'lawrencr', 'chao26', 'harri670', 'kinserc', 'xu1085', 'gcesar', 'apanuga', 'peter514', 'ftangpoo', 'daviskahmann', 'mmohdzai', 'tglavan', 'iyengar1', 'hschennu', 'adams410', 'tdarmon20', 'ellis99', 'agrillo', 'kozelr', 'bowman96', 'xul9044', 'natoli0', 'aperitor', 'msargen', 'mart1391', 'woo49', 'terry51', 'rathi4', 'hill399', 'yang1865', 'bkeel', 'akick', 'cvasq69', 'ithakor', 'cwidak', 'malhamm', 'wonhyukdo', 'sedgerto', 'pickera', 'slillig', 'abhalcha', 'mfess', 'mmshank16', 'lmackin', 'bgrandst', 'choi333', 'mtrivell', 'glevine', 'li3604', 'allnic21', 'ghosh36', 'stark22', 'lm45000', 'bwitchie', 'anniebreidinger', 'ander754', 'mart1180', 'jeigenbr', 'rhinesj', 'hsmoke', 'koverley', 'singer15', 'ceckste', 'racroth35', 'jhulsize', 'tnoor', 'saboa', 'nwegh2017', 'eloewe', 'ali113', 'gct246', 'dewittl', 'rroggema', 'schuman1', 'jlorah', 'chiang56', 'gao499', 'xose.amo', 'lthursto', 'deshmukp', 'ltoy', 'li2722', 'sgrzych', 'bamorim', 'awennin', 'verma52', 'bullock8', 'white559', 'hillej', 'amoravec', 'george92', 'jfitzhu', 'dlarocco', 'colewilloughby1125', 'marito', 'tpownell', 'lrigsbee', 'goodma27', 'uuraechu', 'adamdmiller17', 'kbebris', 'ecave', 'vkolar', 'dragoneye', 'kzeligso']",51,"['everbru', 'slosing', 'cdtorres', 'rturk8292', 'lyanni', 'abelkiew', 'kswartzb', 'kumar212', 'vudayamo', 'pcastagn', 'coolnikitav', 'jnasiboov', 'tuckerz', 'jboulayd', 'ferree1', 'egarayev', 'gavinneyman', 'atruver', 'li2709', 'tl0120', 'mill2119', 'nail', 'behrr', 'alotaib6', 'epiergal', 'nikitasridhar14', 'stapletl', 'dkuen', 'sanjiv3damo', 'pillai7', 'wning', 'rutherfb', 'gmantey', 'mgubbi', 'aleidli', 'bpolinsk', 'tu37', 'mpisoni', 'fergu101', 'eashburn', 'richg', 'payne71', 'nabdrahn', 'jbuehrle', 'kvansan', 'ross217', 'jonathanlimp87', 'ctsioli', '17scotta', 'harbinz', 'akansky']",82,"['abreidin', 'jmickow', 'iczajkow', 'lowe77.purdue', 'cho372', 'mann78', 'mheighwa', 'smit3458', 'ghais', 'thornt21', 'suixiong8', 'layyar', 'stewa238', 'yao201', 'girouxm', 'ttayeb', 'brewer66', 'dangratz99', 'deane1', 'justindcambridge', 'nnoraziz', 'cibrahim', 'wertzm', 'sanjivdamodaran', 'nhuntine', 'cblackm', 'dunca108', 'moore763', 'jess24', None, 'kiefern', 'smit3184', 'butzz', 'lswentor', 'winstontinople', 'hopkin43', 'hgrover', 'mtbarrette01', 'psmading', 'jone1573', 'dleoni', 'richtern', 'jo46', 'flore170', 'gleasonb', 'konerua', 'gnishibu', 'pattiya2002', 'patel784', 'wade59', 'davidrgowan', 'peck28', 'ltopliff', 'ashwarts', 'jvanben', 'nfei', 'zhao988', 'qpitter', 'aaprelik', 'abano', 's1p6a1r8a', 'choyc', 'shethm', 'siu2', 'roj', 'schro118', 'redmanr', 'lauerc', 'dixon82', 'kmotwan', 'wang3138', 'lregalad', 'zhan2846', 'boyle49', 'rdrager', 'ericshen628', 'liu2512', 'bernarm', 'hall363', 'abora', 'pcase', 'akapko']",277,"['mart1380', 'patel731', 'abreidin', 'iczajkow', 'cdtorres', 'cregers', 'lowe77.purdue', 'engc', 'jin376', 'lee2614', 'cho372', 'mann78', 'rumplem', 'mohdshah', 'mheighwa', 'ccurto', 'amcgoff', 'ghais', 'thornt21', 'dkuen', 'stewa238', 'pillai7', 'wning', 'yao201', 'girouxm', 'chen2122', 'ewilhite', 'zubik', 'abosshar', 'gupta393', 'cmenden', 'eashburn', 'richg', 'nabdrahn', 'awoodwa', 'ttayeb', 'kvansan', 'nkhuu', 'klipiszk', 'cheeseballs99', 'harri670', 'lawrencr', 'jmacatan', 'kinserc', 'dangratz99', 'xu1085', 'gcesar', 'apanuga', 'ftangpoo', 'daviskahmann', 'justindcambridge', 'kswartzb', 'mmohdzai', 'cibrahim', 'pcastagn', 'tglavan', 'iyengar1', 'sanjivdamodaran', 'tdarmon20', 'atruver', 'cblackm', 'msargen', 'mart1391', 'sanjiv3damo', 'woo49', 'jess24', 'rutherfb', 'terry51', None, 'kiefern', 'butzz', 'winstontinople', 'rathi4', 'hopkin43', 'mtbarrette01', 'bkeel', 'yang1865', 'akick', 'rturk8292', 'psmading', 'cwidak', 'jone1573', 'malhamm', 'lyanni', 'kumar212', 'pickera', 'slillig', 'mfess', 'dleoni', 'jboulayd', 'richtern', 'lmackin', 'ferree1', 'flore170', 'gavinneyman', 'choi333', 'konerua', 'pattiya2002', 'li3604', 'stark22', 'lm45000', 'anniebreidinger', 'ander754', 'davidrgowan', 'jeigenbr', 'ashwarts', 'koverley', 'singer15', 'racroth35', 'jhulsize', 'tnoor', 'nwegh2017', 'ali113', 'jbuehrle', 'dewittl', 'aaprelik', 'abano', 'choyc', 'gao499', 'shethm', 'siu2', 'jnasiboov', 'roj', 'lauerc', 'dixon82', 'kmotwan', 'verma52', 'lregalad', 'zhan2846', 'white559', 'hillej', 'nikitasridhar14', 'marito', 'rdrager', 'gmantey', 'uuraechu', 'adamdmiller17', 'liu2512', 'ecave', 'vkolar', 'jonathanlimp87', 'hall363', 'kzeligso', 'akansky', 'wisler0', 'akapko', 'jmickow', 'jaloi', 'dmassow', 'abelkiew', 'zfrank64', 'etitheyeti98', 'mcginn1', 'tl0120', 'smit3458', 'bcaffert', 'gezbbl7', 'smit3177', 'freyg', 'suixiong8', 'layyar', 'rweedon', 'bpolinsk', 'davidsml', 'mpisoni', 'efeldman', 'bcasler', 'payne71', 'baile261', 'msulaima', 'cccyyj720', 'brewer66', 'edreifue', 'harbinz', 'chao26', 'abora', 'deane1', 'peter514', 'nnoraziz', 'wertzm', 'hschennu', 'adams410', 'nhuntine', 'ellis99', 'kozelr', 'nail', 'bowman96', 'xul9044', 'natoli0', 'aperitor', 'agrillo', 'dunca108', 'stapletl', 'moore763', 'mgubbi', 'smit3184', 'lswentor', 'hgrover', 'hill399', 'ctsioli', 'cvasq69', 'ithakor', 'wonhyukdo', 'vudayamo', 'sedgerto', 'tuckerz', 'abhalcha', 'mmshank16', 'jo46', 'bgrandst', 'gleasonb', 'mtrivell', 'gnishibu', 'glevine', 'behrr', 'allnic21', 'patel784', 'epiergal', 'ghosh36', 'wade59', 'bwitchie', 'mart1180', 'peck28', 'ltopliff', 'aleidli', 'rhinesj', 'hsmoke', 'tu37', 'ceckste', 'saboa', 'eloewe', 'gct246', 'jvanben', 'nfei', 'rroggema', 'zhao988', 'schuman1', 'qpitter', 'everbru', 'slosing', 's1p6a1r8a', 'jlorah', 'chiang56', 'xose.amo', 'lthursto', 'coolnikitav', 'deshmukp', 'ltoy', 'li2722', 'schro118', 'sgrzych', 'redmanr', 'bamorim', 'awennin', 'egarayev', 'wang3138', 'li2709', 'bullock8', 'mill2119', 'amoravec', 'george92', 'alotaib6', 'jfitzhu', 'boyle49', 'dlarocco', 'colewilloughby1125', 'tpownell', 'ericshen628', 'lrigsbee', 'goodma27', 'kbebris', 'fergu101', 'bernarm', 'ross217', '17scotta', 'dragoneye', 'pcase']"
3,277,196,182,137,"['mart1380', 'patel731', 'wisler0', 'jaloi', 'cdtorres', 'cregers', 'dmassow', 'abelkiew', 'jin376', 'etitheyeti98', 'rumplem', 'dragoneye', 'mohdshah', 'bcaffert', 'ccurto', 'amcgoff', 'smit3177', 'freyg', 'dkuen', 'pillai7', 'chen2122', 'zubik', 'ewilhite', 'rweedon', 'abosshar', 'gupta393', 'mpisoni', 'efeldman', 'cmenden', 'bcasler', 'eashburn', 'richg', 'payne71', 'msulaima', 'kvansan', 'cccyyj720', 'klipiszk', 'edreifue', 'cheeseballs99', 'harri670', 'lawrencr', 'chao26', 'jmacatan', 'kinserc', 'gcesar', 'apanuga', 'peter514', 'ftangpoo', 'daviskahmann', 'mmohdzai', 'iyengar1', 'hschennu', 'adams410', 'tdarmon20', 'atruver', 'ellis99', 'agrillo', 'kozelr', 'natoli0', 'xul9044', 'aperitor', 'bowman96', 'stapletl', 'mart1391', 'woo49', 'terry51', 'rathi4', 'hill399', 'bkeel', 'yang1865', 'cvasq69', 'akick', 'cwidak', 'malhamm', 'wonhyukdo', 'lyanni', 'pickera', 'slillig', 'mfess', 'mmshank16', 'jboulayd', 'lmackin', 'bgrandst', 'choi333', 'mtrivell', 'glevine', 'li3604', 'allnic21', 'behrr', 'epiergal', 'ghosh36', 'stark22', 'anniebreidinger', 'bwitchie', 'mart1180', 'jeigenbr', 'aleidli', 'rhinesj', 'racroth35', 'singer15', 'ceckste', 'jhulsize', 'saboa', 'eloewe', 'jbuehrle', 'dewittl', 'rroggema', 'schuman1', 'everbru', 'jlorah', 'chiang56', 'gao499', 'xose.amo', 'lthursto', 'deshmukp', 'sgrzych', 'awennin', 'li2709', 'bullock8', 'mill2119', 'white559', 'hillej', 'nikitasridhar14', 'colewilloughby1125', 'dlarocco', 'marito', 'tpownell', 'lrigsbee', 'goodma27', 'uuraechu', 'adamdmiller17', 'kbebris', 'ecave', 'ross217', '17scotta', 'mcginn1', 'kzeligso']",58,"['xu1085', 'slosing', 'ithakor', 'rturk8292', 'engc', 'kswartzb', 'zfrank64', 'kumar212', 'pcastagn', 'vudayamo', 'tglavan', 'lee2614', 'sedgerto', 'tuckerz', 'coolnikitav', 'jnasiboov', 'ltoy', 'abhalcha', 'li2722', 'bamorim', 'ferree1', 'egarayev', 'gavinneyman', 'tl0120', 'verma52', 'nail', 'gezbbl7', 'amoravec', 'msargen', 'george92', 'alotaib6', 'jfitzhu', 'lm45000', 'sanjiv3damo', 'wning', 'ander754', 'rutherfb', 'gmantey', 'mgubbi', 'hsmoke', 'bpolinsk', 'davidsml', 'koverley', 'tu37', 'tnoor', 'fergu101', 'vkolar', 'nabdrahn', 'awoodwa', 'nwegh2017', 'ali113', 'baile261', 'nkhuu', 'gct246', 'ctsioli', 'jonathanlimp87', 'harbinz', 'akansky']",45,"['dangratz99', 'jmickow', 'abano', 'dzadoks', 'nathanbaker3889', 'psmading', 'shethm', 'cibrahim', 'siu2', 'wertzm', 'roj', 'psakamot', 'dleoni', 'ctow', 'jo46', 'dixon82', 'flore170', 'hamel0', 'wang3138', 'nhuntine', 'gleasonb', 'zhao988', 'shoafn', 'patel784', 'raob', 'costel10', 'yount', 'sssphealix', 'mohanc', 'stewa238', 'jmcnaugh', None, 'xing36', 'kiefern', 'yeungd', 'smit3184', 'butzz', 'mcurto', 'rasato', 'turjo11', 'hgrover', 'brewer66', 'mtbarrette01', 'nfei', 'daveguo614']",240,"['mart1380', 'patel731', 'cdtorres', 'cregers', 'engc', 'jin376', 'lee2614', 'rumplem', 'mohdshah', 'ccurto', 'amcgoff', 'dkuen', 'stewa238', 'pillai7', 'jmcnaugh', 'wning', 'chen2122', 'ewilhite', 'zubik', 'abosshar', 'gupta393', 'cmenden', 'eashburn', 'richg', 'nabdrahn', 'awoodwa', 'kvansan', 'nkhuu', 'klipiszk', 'cheeseballs99', 'harri670', 'lawrencr', 'jmacatan', 'kinserc', 'dangratz99', 'xu1085', 'gcesar', 'apanuga', 'ftangpoo', 'daviskahmann', 'kswartzb', 'mmohdzai', 'cibrahim', 'pcastagn', 'tglavan', 'iyengar1', 'tdarmon20', 'atruver', 'msargen', 'mart1391', 'sanjiv3damo', 'woo49', 'rutherfb', 'terry51', None, 'kiefern', 'butzz', 'rathi4', 'mtbarrette01', 'bkeel', 'yang1865', 'akick', 'rturk8292', 'psmading', 'cwidak', 'malhamm', 'lyanni', 'kumar212', 'pickera', 'slillig', 'mfess', 'dleoni', 'jboulayd', 'lmackin', 'ferree1', 'flore170', 'gavinneyman', 'choi333', 'li3604', 'stark22', 'lm45000', 'anniebreidinger', 'ander754', 'jeigenbr', 'yeungd', 'koverley', 'singer15', 'racroth35', 'jhulsize', 'tnoor', 'nwegh2017', 'ali113', 'jbuehrle', 'turjo11', 'dewittl', 'dzadoks', 'abano', 'gao499', 'shethm', 'siu2', 'jnasiboov', 'roj', 'psakamot', 'dixon82', 'verma52', 'white559', 'hillej', 'nikitasridhar14', 'yount', 'sssphealix', 'marito', 'gmantey', 'uuraechu', 'adamdmiller17', 'ecave', 'vkolar', 'jonathanlimp87', 'kzeligso', 'akansky', 'wisler0', 'jmickow', 'jaloi', 'dmassow', 'abelkiew', 'zfrank64', 'etitheyeti98', 'mcginn1', 'tl0120', 'bcaffert', 'gezbbl7', 'smit3177', 'raob', 'freyg', 'mohanc', 'xing36', 'rweedon', 'bpolinsk', 'davidsml', 'rasato', 'mpisoni', 'efeldman', 'bcasler', 'payne71', 'baile261', 'msulaima', 'cccyyj720', 'brewer66', 'edreifue', 'harbinz', 'chao26', 'peter514', 'wertzm', 'hschennu', 'ctow', 'adams410', 'nhuntine', 'ellis99', 'kozelr', 'nail', 'bowman96', 'xul9044', 'natoli0', 'aperitor', 'agrillo', 'stapletl', 'mgubbi', 'smit3184', 'mcurto', 'hgrover', 'hill399', 'ctsioli', 'cvasq69', 'ithakor', 'wonhyukdo', 'vudayamo', 'sedgerto', 'tuckerz', 'abhalcha', 'mmshank16', 'jo46', 'bgrandst', 'gleasonb', 'mtrivell', 'glevine', 'behrr', 'allnic21', 'patel784', 'epiergal', 'ghosh36', 'bwitchie', 'mart1180', 'aleidli', 'rhinesj', 'hsmoke', 'tu37', 'ceckste', 'saboa', 'eloewe', 'gct246', 'nfei', 'rroggema', 'daveguo614', 'zhao988', 'schuman1', 'everbru', 'slosing', 'nathanbaker3889', 'jlorah', 'chiang56', 'xose.amo', 'lthursto', 'coolnikitav', 'deshmukp', 'ltoy', 'li2722', 'sgrzych', 'bamorim', 'awennin', 'egarayev', 'hamel0', 'wang3138', 'li2709', 'bullock8', 'mill2119', 'shoafn', 'amoravec', 'george92', 'alotaib6', 'costel10', 'jfitzhu', 'dlarocco', 'colewilloughby1125', 'tpownell', 'lrigsbee', 'goodma27', 'kbebris', 'fergu101', 'ross217', '17scotta', 'dragoneye']"
3,218,196,138,41,"['jaloi', 'cdtorres', 'cregers', 'rturk8292', 'malhamm', 'abelkiew', 'mmohdzai', 'zfrank64', 'vudayamo', 'deshmukp', 'jnasiboov', 'li2722', 'mohdshah', 'bullock8', 'white559', 'aperitor', 'nail', 'li3604', 'ccurto', 'amcgoff', 'alotaib6', 'colewilloughby1125', 'mart1391', 'dlarocco', 'wning', 'rutherfb', 'gmantey', 'jeigenbr', 'aleidli', 'zubik', 'ewilhite', 'bpolinsk', 'uuraechu', 'mpisoni', 'efeldman', 'cmenden', 'msulaima', 'cccyyj720', '17scotta', 'chao26', 'yang1865']",154,"['mart1380', 'wisler0', 'patel731', 'engc', 'dmassow', 'jin376', 'lee2614', 'etitheyeti98', 'rumplem', 'mcginn1', 'tl0120', 'bcaffert', 'gezbbl7', 'smit3177', 'freyg', 'dkuen', 'pillai7', 'chen2122', 'rweedon', 'davidsml', 'abosshar', 'gupta393', 'eashburn', 'bcasler', 'richg', 'payne71', 'awoodwa', 'nabdrahn', 'baile261', 'kvansan', 'nkhuu', 'klipiszk', 'edreifue', 'cheeseballs99', 'jmacatan', 'harbinz', 'lawrencr', 'harri670', 'kinserc', 'xu1085', 'gcesar', 'apanuga', 'peter514', 'ftangpoo', 'daviskahmann', 'kswartzb', 'pcastagn', 'tglavan', 'iyengar1', 'hschennu', 'adams410', 'tdarmon20', 'atruver', 'ellis99', 'kozelr', 'bowman96', 'natoli0', 'xul9044', 'agrillo', 'msargen', 'stapletl', 'sanjiv3damo', 'woo49', 'terry51', 'mgubbi', 'rathi4', 'hill399', 'ctsioli', 'bkeel', 'akick', 'cvasq69', 'ithakor', 'cwidak', 'wonhyukdo', 'lyanni', 'kumar212', 'sedgerto', 'pickera', 'tuckerz', 'slillig', 'abhalcha', 'mfess', 'jboulayd', 'mmshank16', 'lmackin', 'ferree1', 'gavinneyman', 'bgrandst', 'choi333', 'mtrivell', 'glevine', 'behrr', 'allnic21', 'epiergal', 'ghosh36', 'stark22', 'akansky', 'lm45000', 'bwitchie', 'anniebreidinger', 'ander754', 'mart1180', 'rhinesj', 'hsmoke', 'koverley', 'tu37', 'singer15', 'ceckste', 'racroth35', 'jhulsize', 'tnoor', 'saboa', 'nwegh2017', 'eloewe', 'ali113', 'jbuehrle', 'gct246', 'dewittl', 'rroggema', 'schuman1', 'everbru', 'slosing', 'jlorah', 'chiang56', 'gao499', 'xose.amo', 'lthursto', 'coolnikitav', 'ltoy', 'sgrzych', 'bamorim', 'awennin', 'egarayev', 'li2709', 'verma52', 'mill2119', 'hillej', 'amoravec', 'george92', 'jfitzhu', 'nikitasridhar14', 'marito', 'tpownell', 'lrigsbee', 'goodma27', 'adamdmiller17', 'kbebris', 'ecave', 'fergu101', 'vkolar', 'ross217', 'jonathanlimp87', 'dragoneye', 'kzeligso']",97,"['vostwal', 'kelsayed', 'lee3489', 'smatsun', 'wang4142', 'ssidhard', 'mheighwa', 'wu1432', 'yang1908', 'egrubbs', 'ghais', 'englanc', 'xue76', 'butchko', 'vkoranne', 'freder26', 'gshao', 'rituraj346', 'akhilvijay', 'cgkartzo', 'esoufler', 'sun530', 'wang4506', 'mjokar', 'ahmad31', 'pdhillon', 'erich1016', 'mohanc21', 'lrajendr', 'avasiukh', 'ddemelom', None, 'priyatham.t', 'kiefern', 'caseya', 'qiuchenzhai', 'petrosky', 'adhikarp', 'zhan2395', 'ydichenk', 'rcontrac', 'brajabif', 'elacr', 'christin3508', 'julien419', 'bgunder', 'richtern', 'gomez110', 'pravi', 'fionayjx27', 'kpardika', 'uabdulla4', 'savetian', 'bhatta23', 'idoh', 'hu589', 'myildiri', 'srrohit7', 'sail', 'paulmather', 'elikroller', 'agondima', 'desai61', 'zhao988', 'qin132', 'ayermemb', 'zhan2748', 'bsalil', 'xixilegend', 'mcdona20', 'shethm', 'kuhn48', 'ocegueda', 'meyers18', 'missahaq', 'huang706', 'jpdero2', 'wang3138', 'mcclurez', 'shoafn', 'henry01234567', 'saha40', 'zhan3736', 'nkedir', 'eantwiag', 'liu2512', 'anna.collins97', 'ayildiri', 'jjoffe', 'silapaku', 'soni12', 'odonne33', 'ardekani', 'pavlos.vlachos', 'abora', 'wangjourney7', 'montoyar']",292,"['mart1380', 'patel731', 'vostwal', 'kelsayed', 'cdtorres', 'cregers', 'engc', 'smatsun', 'jin376', 'lee2614', 'rumplem', 'mohdshah', 'wu1432', 'mheighwa', 'ccurto', 'amcgoff', 'ghais', 'englanc', 'dkuen', 'pillai7', 'vkoranne', 'freder26', 'wning', 'chen2122', 'rituraj346', 'ewilhite', 'zubik', 'abosshar', 'gupta393', 'cmenden', 'eashburn', 'richg', 'nabdrahn', 'awoodwa', 'kvansan', 'cgkartzo', 'nkhuu', 'klipiszk', 'cheeseballs99', 'harri670', 'lawrencr', 'jmacatan', 'esoufler', 'kinserc', 'sun530', 'xu1085', 'gcesar', 'mjokar', 'apanuga', 'ftangpoo', 'daviskahmann', 'pdhillon', 'kswartzb', 'mmohdzai', 'pcastagn', 'tglavan', 'iyengar1', 'mohanc21', 'tdarmon20', 'atruver', 'msargen', 'mart1391', 'sanjiv3damo', 'woo49', 'rutherfb', 'terry51', None, 'kiefern', 'petrosky', 'adhikarp', 'rathi4', 'bkeel', 'yang1865', 'zhan2395', 'akick', 'rturk8292', 'ydichenk', 'cwidak', 'rcontrac', 'malhamm', 'lyanni', 'kumar212', 'pickera', 'elacr', 'christin3508', 'slillig', 'mfess', 'julien419', 'jboulayd', 'richtern', 'lmackin', 'gomez110', 'ferree1', 'gavinneyman', 'fionayjx27', 'choi333', 'li3604', 'stark22', 'uabdulla4', 'lm45000', 'idoh', 'anniebreidinger', 'ander754', 'jeigenbr', 'sail', 'koverley', 'singer15', 'racroth35', 'jhulsize', 'tnoor', 'paulmather', 'nwegh2017', 'elikroller', 'ali113', 'jbuehrle', 'dewittl', 'desai61', 'ayermemb', 'zhan2748', 'gao499', 'mcdona20', 'shethm', 'ocegueda', 'jnasiboov', 'meyers18', 'missahaq', 'huang706', 'verma52', 'mcclurez', 'white559', 'hillej', 'nikitasridhar14', 'marito', 'zhan3736', 'gmantey', 'nkedir', 'uuraechu', 'adamdmiller17', 'liu2512', 'anna.collins97', 'ecave', 'vkolar', 'odonne33', 'jonathanlimp87', 'pavlos.vlachos', 'pravi', 'wangjourney7', 'erich1016', 'kzeligso', 'akansky', 'wisler0', 'jaloi', 'dmassow', 'lee3489', 'abelkiew', 'zfrank64', 'etitheyeti98', 'wang4142', 'ssidhard', 'mcginn1', 'tl0120', 'yang1908', 'egrubbs', 'bcaffert', 'gezbbl7', 'smit3177', 'freyg', 'xue76', 'butchko', 'gshao', 'rweedon', 'bpolinsk', 'davidsml', 'akhilvijay', 'mpisoni', 'efeldman', 'bcasler', 'payne71', 'baile261', 'msulaima', 'cccyyj720', 'edreifue', 'harbinz', 'chao26', 'wang4506', 'abora', 'peter514', 'ahmad31', 'hschennu', 'adams410', 'ellis99', 'kozelr', 'nail', 'bowman96', 'xul9044', 'natoli0', 'aperitor', 'agrillo', 'lrajendr', 'stapletl', 'avasiukh', 'mgubbi', 'ddemelom', 'priyatham.t', 'caseya', 'qiuchenzhai', 'hill399', 'ctsioli', 'cvasq69', 'ithakor', 'wonhyukdo', 'vudayamo', 'sedgerto', 'brajabif', 'tuckerz', 'abhalcha', 'bgunder', 'mmshank16', 'kpardika', 'bgrandst', 'mtrivell', 'glevine', 'behrr', 'allnic21', 'epiergal', 'ghosh36', 'savetian', 'bhatta23', 'bwitchie', 'mart1180', 'hu589', 'myildiri', 'aleidli', 'rhinesj', 'hsmoke', 'srrohit7', 'tu37', 'ceckste', 'saboa', 'eloewe', 'agondima', 'gct246', 'rroggema', 'zhao988', 'qin132', 'schuman1', 'everbru', 'slosing', 'jlorah', 'chiang56', 'bsalil', 'xixilegend', 'xose.amo', 'kuhn48', 'lthursto', 'coolnikitav', 'deshmukp', 'ltoy', 'li2722', 'sgrzych', 'bamorim', 'awennin', 'egarayev', 'wang3138', 'li2709', 'jpdero2', 'bullock8', 'mill2119', 'shoafn', 'amoravec', 'henry01234567', 'george92', 'alotaib6', 'saha40', 'jfitzhu', 'dlarocco', 'colewilloughby1125', 'tpownell', 'lrigsbee', 'eantwiag', 'goodma27', 'kbebris', 'ayildiri', 'jjoffe', 'silapaku', 'fergu101', 'soni12', 'ross217', 'ardekani', '17scotta', 'dragoneye', 'montoyar']"
3,281,196,85,2,"['cmenden', 'vudayamo']",193,"['mart1380', 'wisler0', 'patel731', 'jaloi', 'cdtorres', 'cregers', 'engc', 'dmassow', 'abelkiew', 'zfrank64', 'jin376', 'lee2614', 'etitheyeti98', 'rumplem', 'mcginn1', 'mohdshah', 'tl0120', 'bcaffert', 'gezbbl7', 'ccurto', 'smit3177', 'amcgoff', 'freyg', 'dkuen', 'pillai7', 'wning', 'chen2122', 'ewilhite', 'rweedon', 'zubik', 'davidsml', 'bpolinsk', 'abosshar', 'gupta393', 'mpisoni', 'efeldman', 'eashburn', 'bcasler', 'richg', 'payne71', 'awoodwa', 'nabdrahn', 'baile261', 'msulaima', 'kvansan', 'nkhuu', 'cccyyj720', 'klipiszk', 'edreifue', 'cheeseballs99', 'jmacatan', 'harbinz', 'lawrencr', 'chao26', 'kinserc', 'harri670', 'xu1085', 'gcesar', 'apanuga', 'peter514', 'ftangpoo', 'daviskahmann', 'kswartzb', 'mmohdzai', 'pcastagn', 'tglavan', 'iyengar1', 'hschennu', 'adams410', 'tdarmon20', 'atruver', 'ellis99', 'kozelr', 'nail', 'bowman96', 'xul9044', 'natoli0', 'aperitor', 'agrillo', 'msargen', 'stapletl', 'mart1391', 'sanjiv3damo', 'woo49', 'rutherfb', 'terry51', 'mgubbi', 'rathi4', 'hill399', 'ctsioli', 'bkeel', 'yang1865', 'akick', 'cvasq69', 'ithakor', 'rturk8292', 'cwidak', 'malhamm', 'wonhyukdo', 'lyanni', 'kumar212', 'sedgerto', 'pickera', 'tuckerz', 'slillig', 'abhalcha', 'mfess', 'jboulayd', 'mmshank16', 'lmackin', 'ferree1', 'gavinneyman', 'bgrandst', 'choi333', 'mtrivell', 'glevine', 'li3604', 'behrr', 'allnic21', 'epiergal', 'ghosh36', 'stark22', 'akansky', 'lm45000', 'bwitchie', 'anniebreidinger', 'ander754', 'mart1180', 'jeigenbr', 'aleidli', 'rhinesj', 'hsmoke', 'koverley', 'tu37', 'singer15', 'ceckste', 'racroth35', 'jhulsize', 'tnoor', 'saboa', 'nwegh2017', 'eloewe', 'ali113', 'jbuehrle', 'gct246', 'dewittl', 'rroggema', 'schuman1', 'everbru', 'slosing', 'jlorah', 'chiang56', 'gao499', 'xose.amo', 'lthursto', 'coolnikitav', 'deshmukp', 'jnasiboov', 'ltoy', 'li2722', 'sgrzych', 'bamorim', 'awennin', 'egarayev', 'li2709', 'verma52', 'bullock8', 'mill2119', 'white559', 'hillej', 'amoravec', 'george92', 'alotaib6', 'jfitzhu', 'nikitasridhar14', 'dlarocco', 'colewilloughby1125', 'marito', 'tpownell', 'gmantey', 'lrigsbee', 'goodma27', 'uuraechu', 'adamdmiller17', 'kbebris', 'ecave', 'fergu101', 'vkolar', 'ross217', 'jonathanlimp87', '17scotta', 'dragoneye', 'kzeligso']",83,"['vostwal', 'kelsayed', 'jesuarezl', 'lee3489', 'smatsun', 'vrayz', 'wang4142', 'huang670', 'ssidhard', 'yang1908', 'egrubbs', 'englanc', 'xue76', 'rituraj1490', 'pkolis', 'vkoranne', 'zhan3800', 'gshao', 'rituraj346', 'cgkartzo', 'sun530', 'oerturk', 'ahmad31', 'pdhillon', 'palani', 'hvr', 'lrajendr', 'aveekdutta', 'avasiukh', 'jverduzc', 'garlic0923', 'uemir', None, 'priyatham.t', 'ktadesse', 'caseya', 'qiuchenzhai', 'petrosky', 'adhikarp', 'wangjourney7', 'zhan2395', 'brajabif', 'elacr', 'julien419', 'bgunder', 'gomez110', 'pavlos.vlachos', 'fionayjx27', 'kpardika', 'uabdulla4', 'savetian', 'idoh', 'jiema1202', 'hu589', 'myildiri', 'srrohit7', 'paulmather', 'agondima', 'desai61', 'qin132', 'ayermemb', 'zhan2748', 'wu801', 'xixilegend', 'mcdona20', 'kuhn48', 'ocegueda', 'kabdelaz', 'missahaq', 'ganti', 'uditrawat469', 'mcclurez', 'henry01234567', 'zhan3736', 'eantwiag', 'ayildiri', 'silapaku', 'shah151', 'odonne33', 'zhangwy2016', 'ardekani', 'pravi', 'erich1016']",278,"['mart1380', 'wisler0', 'patel731', 'vostwal', 'kelsayed', 'jaloi', 'kzeligso', 'cdtorres', 'cregers', 'jesuarezl', 'engc', 'dmassow', 'lee3489', 'smatsun', 'abelkiew', 'zfrank64', 'jin376', 'lee2614', 'vrayz', 'etitheyeti98', 'wang4142', 'huang670', 'rumplem', 'ssidhard', 'dragoneye', 'mohdshah', 'tl0120', 'yang1908', 'egrubbs', 'bcaffert', 'gezbbl7', 'ccurto', 'smit3177', 'amcgoff', 'freyg', 'englanc', 'dkuen', 'xue76', 'rituraj1490', 'pillai7', 'pkolis', 'vkoranne', 'wning', 'zhan3800', 'gshao', 'chen2122', 'rituraj346', 'ewilhite', 'rweedon', 'zubik', 'davidsml', 'bpolinsk', 'abosshar', 'gupta393', 'mpisoni', 'efeldman', 'cmenden', 'eashburn', 'bcasler', 'richg', 'payne71', 'awoodwa', 'nabdrahn', 'baile261', 'msulaima', 'kvansan', 'nkhuu', 'cccyyj720', 'cgkartzo', 'klipiszk', 'cheeseballs99', 'edreifue', 'harri670', 'harbinz', 'lawrencr', 'chao26', 'kinserc', 'jmacatan', 'sun530', 'xu1085', 'gcesar', 'oerturk', 'apanuga', 'peter514', 'ftangpoo', 'ahmad31', 'daviskahmann', 'pdhillon', 'kswartzb', 'mmohdzai', 'pcastagn', 'palani', 'tglavan', 'iyengar1', 'hvr', 'hschennu', 'adams410', 'tdarmon20', 'atruver', 'ellis99', 'kozelr', 'nail', 'bowman96', 'xul9044', 'natoli0', 'aperitor', 'agrillo', 'msargen', 'lrajendr', 'aveekdutta', 'stapletl', 'mart1391', 'avasiukh', 'jverduzc', 'sanjiv3damo', 'garlic0923', 'woo49', 'rutherfb', 'terry51', 'mgubbi', 'uemir', None, 'priyatham.t', 'ktadesse', 'caseya', 'qiuchenzhai', 'petrosky', 'adhikarp', 'rathi4', 'hill399', 'ctsioli', 'wangjourney7', 'bkeel', 'yang1865', 'zhan2395', 'akick', 'cvasq69', 'ithakor', 'rturk8292', 'cwidak', 'malhamm', 'wonhyukdo', 'lyanni', 'kumar212', 'vudayamo', 'sedgerto', 'brajabif', 'pickera', 'tuckerz', 'elacr', 'slillig', 'abhalcha', 'mfess', 'julien419', 'jboulayd', 'mmshank16', 'lmackin', 'bgunder', 'gomez110', 'ferree1', 'pavlos.vlachos', 'gavinneyman', 'fionayjx27', 'kpardika', 'bgrandst', 'choi333', 'mtrivell', 'glevine', 'li3604', 'behrr', 'allnic21', 'epiergal', 'ghosh36', 'stark22', 'uabdulla4', 'savetian', 'lm45000', 'idoh', 'jiema1202', 'bwitchie', 'anniebreidinger', 'ander754', 'mart1180', 'jeigenbr', 'hu589', 'aleidli', 'myildiri', 'rhinesj', 'hsmoke', 'srrohit7', 'koverley', 'tu37', 'singer15', 'ceckste', 'racroth35', 'jhulsize', 'tnoor', 'saboa', 'paulmather', 'nwegh2017', 'eloewe', 'ali113', 'jbuehrle', 'agondima', 'gct246', 'dewittl', 'desai61', 'rroggema', 'qin132', 'schuman1', 'everbru', 'slosing', 'ayermemb', 'zhan2748', 'jlorah', 'chiang56', 'wu801', 'gao499', 'xixilegend', 'mcdona20', 'xose.amo', 'kuhn48', 'ocegueda', 'lthursto', 'coolnikitav', 'deshmukp', 'jnasiboov', 'kabdelaz', 'ltoy', 'li2722', 'sgrzych', 'bamorim', 'missahaq', 'awennin', 'egarayev', 'li2709', 'ganti', 'verma52', 'uditrawat469', 'bullock8', 'mill2119', 'white559', 'mcclurez', 'hillej', 'amoravec', 'henry01234567', 'george92', 'alotaib6', 'jfitzhu', 'nikitasridhar14', 'dlarocco', 'colewilloughby1125', 'marito', 'zhan3736', 'tpownell', 'gmantey', 'lrigsbee', 'eantwiag', 'goodma27', 'uuraechu', 'adamdmiller17', 'kbebris', 'ayildiri', 'ecave', 'silapaku', 'fergu101', 'vkolar', 'shah151', 'odonne33', 'zhangwy2016', 'ross217', 'jonathanlimp87', 'ardekani', 'pravi', '17scotta', 'erich1016', 'mcginn1', 'akansky']"
3,184,196,74,1,['mtrivell'],194,"['mart1380', 'wisler0', 'patel731', 'jaloi', 'cdtorres', 'cregers', 'engc', 'dmassow', 'abelkiew', 'zfrank64', 'jin376', 'lee2614', 'etitheyeti98', 'rumplem', 'mcginn1', 'mohdshah', 'tl0120', 'bcaffert', 'gezbbl7', 'ccurto', 'smit3177', 'amcgoff', 'freyg', 'dkuen', 'pillai7', 'wning', 'chen2122', 'ewilhite', 'rweedon', 'zubik', 'davidsml', 'bpolinsk', 'abosshar', 'gupta393', 'mpisoni', 'efeldman', 'cmenden', 'eashburn', 'bcasler', 'richg', 'payne71', 'awoodwa', 'nabdrahn', 'baile261', 'msulaima', 'kvansan', 'nkhuu', 'cccyyj720', 'klipiszk', 'edreifue', 'cheeseballs99', 'jmacatan', 'harbinz', 'lawrencr', 'chao26', 'kinserc', 'harri670', 'xu1085', 'gcesar', 'apanuga', 'peter514', 'ftangpoo', 'daviskahmann', 'kswartzb', 'mmohdzai', 'pcastagn', 'tglavan', 'iyengar1', 'hschennu', 'adams410', 'tdarmon20', 'atruver', 'ellis99', 'kozelr', 'nail', 'bowman96', 'xul9044', 'natoli0', 'aperitor', 'agrillo', 'msargen', 'stapletl', 'mart1391', 'sanjiv3damo', 'woo49', 'rutherfb', 'terry51', 'mgubbi', 'rathi4', 'hill399', 'ctsioli', 'bkeel', 'yang1865', 'akick', 'cvasq69', 'ithakor', 'rturk8292', 'cwidak', 'malhamm', 'wonhyukdo', 'lyanni', 'kumar212', 'vudayamo', 'sedgerto', 'pickera', 'tuckerz', 'slillig', 'abhalcha', 'mfess', 'jboulayd', 'mmshank16', 'lmackin', 'ferree1', 'gavinneyman', 'bgrandst', 'choi333', 'glevine', 'li3604', 'behrr', 'allnic21', 'epiergal', 'ghosh36', 'stark22', 'akansky', 'lm45000', 'bwitchie', 'anniebreidinger', 'ander754', 'mart1180', 'jeigenbr', 'aleidli', 'rhinesj', 'hsmoke', 'koverley', 'tu37', 'singer15', 'ceckste', 'racroth35', 'jhulsize', 'tnoor', 'saboa', 'nwegh2017', 'eloewe', 'ali113', 'jbuehrle', 'gct246', 'dewittl', 'rroggema', 'schuman1', 'everbru', 'slosing', 'jlorah', 'chiang56', 'gao499', 'xose.amo', 'lthursto', 'coolnikitav', 'deshmukp', 'jnasiboov', 'ltoy', 'li2722', 'sgrzych', 'bamorim', 'awennin', 'egarayev', 'li2709', 'verma52', 'bullock8', 'mill2119', 'white559', 'hillej', 'amoravec', 'george92', 'alotaib6', 'jfitzhu', 'nikitasridhar14', 'dlarocco', 'colewilloughby1125', 'marito', 'tpownell', 'gmantey', 'lrigsbee', 'goodma27', 'uuraechu', 'adamdmiller17', 'kbebris', 'ecave', 'fergu101', 'vkolar', 'ross217', 'jonathanlimp87', '17scotta', 'dragoneye', 'kzeligso']",73,"['ganeshm', 'aavlani', 'li2736', 'gchsong', 'dbenham', 'titus9', 'askipwor', 'skarumur', 'kswiatk', 'mfarnell', 'gtribe', 'sah1', 'jmeneze', 'ssaradhi', 'ununez', 'pnagrani', 'sharm284', 'rnaon', 'callahap', 'dewey2', 'fvora', 'bmodel', 'patkip', 'ja37989', 'ncnweb_outreach1', 'faltens', 'eheikens', 'hu509', 'owen22', 'tan254', 'peter496', 'smit3159', 'lowe52', 'jpdero2', 'matar', 'mcclurez', 'conley39', 'jianwen97', 'aidanc_purdue', 'lgreenle', 'wang4084', 'savetian', 'anaon', 'vogel30', 'jverduzc', 'zprofio', 'jo30', 'byant', 'ncnweb_outreach2', 'yao201', 'deshpan3', 'kulkar72', 'satishbgowda', None, 'rojas23', 'ford.l.piano.guitar', 'osantang', 'bhartant', 'jpiazza', 'jung248', 'paulmather', 'petrosky', 'alafzi', 'jstalba', 'dfarache', 'ericks23', 'han602', 'shanks5', 'desai61', 'abuganza', 'reyno105', 'kkoradiy', 'mademoiselle0812']",268,"['mart1380', 'wisler0', 'patel731', 'dbenham', 'jaloi', 'kzeligso', 'cdtorres', 'cregers', 'askipwor', 'engc', 'dmassow', 'ssaradhi', 'abelkiew', 'pnagrani', 'zfrank64', 'jin376', 'lee2614', 'fvora', 'etitheyeti98', 'rumplem', 'dragoneye', 'mohdshah', 'tl0120', 'bcaffert', 'gezbbl7', 'ccurto', 'smit3177', 'amcgoff', 'lgreenle', 'freyg', 'dkuen', 'pillai7', 'wning', 'yao201', 'chen2122', 'rojas23', 'ewilhite', 'rweedon', 'zubik', 'davidsml', 'bpolinsk', 'abosshar', 'gupta393', 'bhartant', 'mademoiselle0812', 'mpisoni', 'efeldman', 'cmenden', 'eashburn', 'bcasler', 'richg', 'payne71', 'awoodwa', 'nabdrahn', 'baile261', 'msulaima', 'kvansan', 'nkhuu', 'cccyyj720', 'abuganza', 'klipiszk', 'cheeseballs99', 'edreifue', 'harri670', 'harbinz', 'lawrencr', 'chao26', 'kinserc', 'jmacatan', 'aavlani', 'gchsong', 'xu1085', 'mfarnell', 'gcesar', 'skarumur', 'apanuga', 'peter514', 'ftangpoo', 'jmeneze', 'daviskahmann', 'kswartzb', 'mmohdzai', 'pcastagn', 'tglavan', 'iyengar1', 'hschennu', 'hu509', 'tan254', 'adams410', 'peter496', 'tdarmon20', 'smit3159', 'atruver', 'lowe52', 'matar', 'ellis99', 'conley39', 'kozelr', 'nail', 'bowman96', 'xul9044', 'natoli0', 'aperitor', 'agrillo', 'msargen', 'wang4084', 'stapletl', 'mart1391', 'vogel30', 'jverduzc', 'sanjiv3damo', 'zprofio', 'ncnweb_outreach2', 'woo49', 'rutherfb', 'terry51', 'mgubbi', 'satishbgowda', None, 'ford.l.piano.guitar', 'petrosky', 'dfarache', 'shanks5', 'rathi4', 'hill399', 'ctsioli', 'bkeel', 'yang1865', 'ganeshm', 'akick', 'cvasq69', 'titus9', 'ithakor', 'rturk8292', 'kswiatk', 'reyno105', 'cwidak', 'gtribe', 'sah1', 'malhamm', 'wonhyukdo', 'lyanni', 'sharm284', 'kumar212', 'vudayamo', 'sedgerto', 'rnaon', 'dewey2', 'pickera', 'tuckerz', 'ja37989', 'slillig', 'abhalcha', 'mfess', 'ncnweb_outreach1', 'jboulayd', 'mmshank16', 'lmackin', 'faltens', 'eheikens', 'ferree1', 'gavinneyman', 'bgrandst', 'choi333', 'mtrivell', 'glevine', 'jianwen97', 'li3604', 'behrr', 'allnic21', 'kkoradiy', 'epiergal', 'ghosh36', 'stark22', 'savetian', 'lm45000', 'bwitchie', 'anniebreidinger', 'ander754', 'deshpan3', 'mart1180', 'jeigenbr', 'aleidli', 'rhinesj', 'hsmoke', 'osantang', 'koverley', 'tu37', 'singer15', 'ceckste', 'racroth35', 'jung248', 'jhulsize', 'tnoor', 'saboa', 'paulmather', 'alafzi', 'nwegh2017', 'eloewe', 'ali113', 'jbuehrle', 'ericks23', 'gct246', 'dewittl', 'desai61', 'byant', 'rroggema', 'schuman1', 'li2736', 'everbru', 'slosing', 'jlorah', 'chiang56', 'gao499', 'xose.amo', 'ununez', 'lthursto', 'callahap', 'coolnikitav', 'deshmukp', 'jnasiboov', 'bmodel', 'patkip', 'ltoy', 'li2722', 'sgrzych', 'bamorim', 'owen22', 'awennin', 'egarayev', 'li2709', 'jpdero2', 'verma52', 'bullock8', 'mill2119', 'white559', 'mcclurez', 'hillej', 'aidanc_purdue', 'amoravec', 'george92', 'alotaib6', 'jfitzhu', 'nikitasridhar14', 'dlarocco', 'colewilloughby1125', 'anaon', 'marito', 'jo30', 'tpownell', 'kulkar72', 'gmantey', 'lrigsbee', 'goodma27', 'uuraechu', 'adamdmiller17', 'kbebris', 'jpiazza', 'ecave', 'fergu101', 'vkolar', 'jstalba', 'han602', 'ross217', 'jonathanlimp87', '17scotta', 'mcginn1', 'akansky']"
3,119,196,69,46,"['kinserc', 'everbru', 'cdtorres', 'cregers', 'gao499', 'apanuga', 'ftangpoo', 'xose.amo', 'jin376', 'sedgerto', 'iyengar1', 'etitheyeti98', 'mfess', 'abhalcha', 'hschennu', 'sgrzych', 'mmshank16', 'bamorim', 'mcginn1', 'mohdshah', 'li2709', 'bgrandst', 'bullock8', 'mill2119', 'aperitor', 'ccurto', 'jfitzhu', 'stapletl', 'mart1391', 'marito', 'sanjiv3damo', 'tpownell', 'anniebreidinger', 'lawrencr', 'aleidli', 'zubik', 'bpolinsk', 'uuraechu', 'abosshar', 'efeldman', 'fergu101', 'awoodwa', 'cccyyj720', 'hill399', 'dragoneye', 'kzeligso']",149,"['mart1380', 'wisler0', 'patel731', 'jaloi', 'engc', 'dmassow', 'abelkiew', 'zfrank64', 'lee2614', 'rumplem', 'tl0120', 'bcaffert', 'gezbbl7', 'smit3177', 'amcgoff', 'freyg', 'dkuen', 'pillai7', 'wning', 'chen2122', 'ewilhite', 'rweedon', 'davidsml', 'gupta393', 'mpisoni', 'cmenden', 'eashburn', 'bcasler', 'richg', 'payne71', 'nabdrahn', 'baile261', 'msulaima', 'kvansan', 'nkhuu', 'klipiszk', 'edreifue', 'cheeseballs99', 'jmacatan', 'chao26', 'harri670', 'harbinz', 'xu1085', 'gcesar', 'peter514', 'daviskahmann', 'kswartzb', 'mmohdzai', 'pcastagn', 'tglavan', 'adams410', 'tdarmon20', 'atruver', 'ellis99', 'kozelr', 'nail', 'bowman96', 'xul9044', 'natoli0', 'agrillo', 'msargen', 'woo49', 'rutherfb', 'terry51', 'mgubbi', 'rathi4', 'ctsioli', 'yang1865', 'bkeel', 'akick', 'cvasq69', 'ithakor', 'rturk8292', 'cwidak', 'malhamm', 'wonhyukdo', 'lyanni', 'kumar212', 'vudayamo', 'pickera', 'tuckerz', 'slillig', 'jboulayd', 'lmackin', 'ferree1', 'gavinneyman', 'choi333', 'mtrivell', 'glevine', 'li3604', 'behrr', 'allnic21', 'epiergal', 'ghosh36', 'stark22', 'lm45000', 'bwitchie', 'ander754', 'mart1180', 'jeigenbr', 'rhinesj', 'hsmoke', 'koverley', 'tu37', 'singer15', 'ceckste', 'racroth35', 'jhulsize', 'tnoor', 'saboa', 'nwegh2017', 'eloewe', 'ali113', 'jbuehrle', 'gct246', 'dewittl', 'rroggema', 'schuman1', 'slosing', 'jlorah', 'chiang56', 'lthursto', 'coolnikitav', 'deshmukp', 'jnasiboov', 'ltoy', 'li2722', 'awennin', 'egarayev', 'verma52', 'white559', 'hillej', 'amoravec', 'george92', 'alotaib6', 'nikitasridhar14', 'dlarocco', 'colewilloughby1125', 'gmantey', 'lrigsbee', 'goodma27', 'adamdmiller17', 'kbebris', 'ecave', 'vkolar', 'ross217', 'jonathanlimp87', '17scotta', 'akansky']",23,"['abano', 'kweidem', 'deane1', 'mynameisjohn', 'gray244', 'wertzm', 'schro118', 'richtern', 'jo46', 'lauerc', 'nhuntine', 'reweedon', 'costel10', 'suixiong8', 'butchko', 'mohanc', 'maderm', None, 'rasato', 'rollere', 'mudd3', 'nfei', 'kelingz117']",218,"['mart1380', 'wisler0', 'patel731', 'jaloi', 'kzeligso', 'cdtorres', 'cregers', 'engc', 'dmassow', 'abelkiew', 'zfrank64', 'jin376', 'lee2614', 'etitheyeti98', 'rumplem', 'dragoneye', 'mohdshah', 'tl0120', 'bcaffert', 'gezbbl7', 'ccurto', 'smit3177', 'amcgoff', 'freyg', 'dkuen', 'suixiong8', 'butchko', 'pillai7', 'mohanc', 'wning', 'chen2122', 'ewilhite', 'rweedon', 'zubik', 'davidsml', 'bpolinsk', 'abosshar', 'gupta393', 'rasato', 'mpisoni', 'efeldman', 'cmenden', 'eashburn', 'bcasler', 'richg', 'payne71', 'awoodwa', 'nabdrahn', 'baile261', 'msulaima', 'kvansan', 'nkhuu', 'cccyyj720', 'klipiszk', 'cheeseballs99', 'edreifue', 'harri670', 'harbinz', 'lawrencr', 'chao26', 'kinserc', 'jmacatan', 'reweedon', 'xu1085', 'gcesar', 'deane1', 'apanuga', 'peter514', 'ftangpoo', 'daviskahmann', 'kswartzb', 'mmohdzai', 'gray244', 'pcastagn', 'tglavan', 'iyengar1', 'wertzm', 'hschennu', 'adams410', 'tdarmon20', 'atruver', 'nhuntine', 'ellis99', 'kozelr', 'nail', 'bowman96', 'xul9044', 'natoli0', 'aperitor', 'agrillo', 'msargen', 'stapletl', 'mart1391', 'sanjiv3damo', 'woo49', 'rutherfb', 'terry51', 'mgubbi', None, 'rathi4', 'hill399', 'ctsioli', 'kelingz117', 'bkeel', 'yang1865', 'akick', 'cvasq69', 'ithakor', 'rturk8292', 'cwidak', 'malhamm', 'mynameisjohn', 'wonhyukdo', 'lyanni', 'kumar212', 'vudayamo', 'sedgerto', 'pickera', 'tuckerz', 'slillig', 'abhalcha', 'mfess', 'jboulayd', 'mmshank16', 'lmackin', 'richtern', 'jo46', 'ferree1', 'gavinneyman', 'bgrandst', 'choi333', 'mtrivell', 'glevine', 'li3604', 'behrr', 'allnic21', 'epiergal', 'ghosh36', 'stark22', 'lm45000', 'bwitchie', 'anniebreidinger', 'ander754', 'maderm', 'mart1180', 'jeigenbr', 'aleidli', 'rhinesj', 'hsmoke', 'koverley', 'tu37', 'singer15', 'ceckste', 'racroth35', 'jhulsize', 'tnoor', 'saboa', 'nwegh2017', 'eloewe', 'ali113', 'jbuehrle', 'gct246', 'dewittl', 'mudd3', 'nfei', 'kweidem', 'rroggema', 'schuman1', 'everbru', 'slosing', 'abano', 'jlorah', 'chiang56', 'gao499', 'xose.amo', 'lthursto', 'coolnikitav', 'deshmukp', 'jnasiboov', 'ltoy', 'li2722', 'schro118', 'sgrzych', 'bamorim', 'lauerc', 'awennin', 'egarayev', 'li2709', 'verma52', 'bullock8', 'mill2119', 'white559', 'hillej', 'amoravec', 'george92', 'alotaib6', 'costel10', 'jfitzhu', 'nikitasridhar14', 'dlarocco', 'colewilloughby1125', 'marito', 'tpownell', 'gmantey', 'lrigsbee', 'goodma27', 'uuraechu', 'adamdmiller17', 'kbebris', 'ecave', 'fergu101', 'vkolar', 'rollere', 'ross217', 'jonathanlimp87', '17scotta', 'mcginn1', 'akansky']"
3,284,196,45,40,"['jaloi', 'cdtorres', 'rturk8292', 'cregers', 'daviskahmann', 'abelkiew', 'mmohdzai', 'zfrank64', 'jin376', 'sedgerto', 'deshmukp', 'jnasiboov', 'li2722', 'bullock8', 'white559', 'nail', 'li3604', 'ccurto', 'amoravec', 'amcgoff', 'epiergal', 'colewilloughby1125', 'dlarocco', 'wning', 'rutherfb', 'gmantey', 'jeigenbr', 'aleidli', 'zubik', 'ewilhite', 'uuraechu', 'davidsml', 'mpisoni', 'efeldman', 'cmenden', 'msulaima', 'cccyyj720', '17scotta', 'chao26', 'yang1865']",155,"['mart1380', 'wisler0', 'patel731', 'kzeligso', 'engc', 'dmassow', 'lee2614', 'etitheyeti98', 'rumplem', 'dragoneye', 'mohdshah', 'tl0120', 'bcaffert', 'gezbbl7', 'smit3177', 'freyg', 'dkuen', 'pillai7', 'chen2122', 'rweedon', 'bpolinsk', 'abosshar', 'gupta393', 'eashburn', 'bcasler', 'richg', 'payne71', 'awoodwa', 'nabdrahn', 'baile261', 'kvansan', 'nkhuu', 'klipiszk', 'cheeseballs99', 'edreifue', 'harri670', 'harbinz', 'lawrencr', 'kinserc', 'jmacatan', 'xu1085', 'gcesar', 'apanuga', 'peter514', 'ftangpoo', 'kswartzb', 'pcastagn', 'tglavan', 'iyengar1', 'hschennu', 'adams410', 'tdarmon20', 'atruver', 'ellis99', 'kozelr', 'bowman96', 'xul9044', 'natoli0', 'aperitor', 'agrillo', 'msargen', 'stapletl', 'mart1391', 'sanjiv3damo', 'woo49', 'terry51', 'mgubbi', 'rathi4', 'hill399', 'ctsioli', 'bkeel', 'akick', 'cvasq69', 'ithakor', 'cwidak', 'malhamm', 'wonhyukdo', 'lyanni', 'kumar212', 'vudayamo', 'pickera', 'tuckerz', 'slillig', 'abhalcha', 'mfess', 'jboulayd', 'mmshank16', 'lmackin', 'ferree1', 'gavinneyman', 'bgrandst', 'choi333', 'mtrivell', 'glevine', 'behrr', 'allnic21', 'ghosh36', 'stark22', 'lm45000', 'bwitchie', 'anniebreidinger', 'ander754', 'mart1180', 'rhinesj', 'hsmoke', 'koverley', 'tu37', 'singer15', 'ceckste', 'racroth35', 'jhulsize', 'tnoor', 'saboa', 'nwegh2017', 'eloewe', 'ali113', 'jbuehrle', 'gct246', 'dewittl', 'rroggema', 'schuman1', 'everbru', 'slosing', 'jlorah', 'chiang56', 'gao499', 'xose.amo', 'lthursto', 'coolnikitav', 'ltoy', 'sgrzych', 'bamorim', 'awennin', 'egarayev', 'li2709', 'verma52', 'mill2119', 'hillej', 'george92', 'alotaib6', 'jfitzhu', 'nikitasridhar14', 'marito', 'tpownell', 'lrigsbee', 'goodma27', 'adamdmiller17', 'kbebris', 'ecave', 'fergu101', 'vkolar', 'ross217', 'jonathanlimp87', 'mcginn1', 'akansky']",5,"['uasoluka', 'mohanc', 'ydichenk', 'bernarm', None]",200,"['mart1380', 'wisler0', 'patel731', 'jaloi', 'kzeligso', 'cdtorres', 'cregers', 'engc', 'dmassow', 'abelkiew', 'zfrank64', 'jin376', 'lee2614', 'etitheyeti98', 'rumplem', 'dragoneye', 'mohdshah', 'tl0120', 'bcaffert', 'gezbbl7', 'ccurto', 'smit3177', 'amcgoff', 'freyg', 'dkuen', 'mohanc', 'pillai7', 'wning', 'chen2122', 'ewilhite', 'rweedon', 'zubik', 'davidsml', 'bpolinsk', 'abosshar', 'gupta393', 'mpisoni', 'efeldman', 'cmenden', 'eashburn', 'bcasler', 'richg', 'payne71', 'awoodwa', 'nabdrahn', 'baile261', 'msulaima', 'kvansan', 'nkhuu', 'cccyyj720', 'klipiszk', 'cheeseballs99', 'edreifue', 'harri670', 'harbinz', 'lawrencr', 'chao26', 'kinserc', 'jmacatan', 'xu1085', 'uasoluka', 'gcesar', 'apanuga', 'peter514', 'ftangpoo', 'daviskahmann', 'kswartzb', 'mmohdzai', 'pcastagn', 'tglavan', 'iyengar1', 'hschennu', 'adams410', 'tdarmon20', 'atruver', 'ellis99', 'kozelr', 'nail', 'bowman96', 'xul9044', 'natoli0', 'aperitor', 'agrillo', 'msargen', 'stapletl', 'mart1391', 'sanjiv3damo', 'woo49', 'rutherfb', 'terry51', 'mgubbi', None, 'rathi4', 'hill399', 'ctsioli', 'bkeel', 'yang1865', 'akick', 'cvasq69', 'ithakor', 'rturk8292', 'ydichenk', 'cwidak', 'malhamm', 'wonhyukdo', 'lyanni', 'kumar212', 'vudayamo', 'sedgerto', 'pickera', 'tuckerz', 'slillig', 'abhalcha', 'mfess', 'jboulayd', 'mmshank16', 'lmackin', 'ferree1', 'gavinneyman', 'bgrandst', 'choi333', 'mtrivell', 'glevine', 'li3604', 'behrr', 'allnic21', 'epiergal', 'ghosh36', 'stark22', 'lm45000', 'bwitchie', 'anniebreidinger', 'ander754', 'mart1180', 'jeigenbr', 'aleidli', 'rhinesj', 'hsmoke', 'koverley', 'tu37', 'singer15', 'ceckste', 'racroth35', 'jhulsize', 'tnoor', 'saboa', 'nwegh2017', 'eloewe', 'ali113', 'jbuehrle', 'gct246', 'dewittl', 'rroggema', 'schuman1', 'everbru', 'slosing', 'jlorah', 'chiang56', 'gao499', 'xose.amo', 'lthursto', 'coolnikitav', 'deshmukp', 'jnasiboov', 'ltoy', 'li2722', 'sgrzych', 'bamorim', 'awennin', 'egarayev', 'li2709', 'verma52', 'bullock8', 'mill2119', 'white559', 'hillej', 'amoravec', 'george92', 'alotaib6', 'jfitzhu', 'nikitasridhar14', 'dlarocco', 'colewilloughby1125', 'marito', 'tpownell', 'gmantey', 'lrigsbee', 'goodma27', 'uuraechu', 'adamdmiller17', 'kbebris', 'ecave', 'fergu101', 'vkolar', 'bernarm', 'ross217', 'jonathanlimp87', '17scotta', 'mcginn1', 'akansky']"
3,274,196,40,24,"['xu1085', 'slosing', 'kswartzb', 'pcastagn', 'tuckerz', 'ferree1', 'bcaffert', 'aperitor', 'akansky', 'ander754', 'mgubbi', 'hsmoke', 'koverley', 'ceckste', 'fergu101', 'vkolar', 'nabdrahn', 'ross217', 'jonathanlimp87', 'gct246', 'ctsioli', 'dewittl', 'harbinz', 'rroggema']",171,"['mart1380', 'wisler0', 'patel731', 'jaloi', 'kzeligso', 'cdtorres', 'cregers', 'engc', 'dmassow', 'abelkiew', 'zfrank64', 'jin376', 'lee2614', 'etitheyeti98', 'rumplem', 'dragoneye', 'mohdshah', 'tl0120', 'gezbbl7', 'ccurto', 'smit3177', 'amcgoff', 'freyg', 'dkuen', 'pillai7', 'wning', 'chen2122', 'ewilhite', 'rweedon', 'zubik', 'davidsml', 'bpolinsk', 'abosshar', 'gupta393', 'mpisoni', 'efeldman', 'cmenden', 'eashburn', 'bcasler', 'richg', 'payne71', 'awoodwa', 'baile261', 'msulaima', 'kvansan', 'nkhuu', 'cccyyj720', 'klipiszk', 'cheeseballs99', 'edreifue', 'harri670', 'lawrencr', 'chao26', 'kinserc', 'jmacatan', 'gcesar', 'apanuga', 'peter514', 'ftangpoo', 'daviskahmann', 'mmohdzai', 'tglavan', 'iyengar1', 'hschennu', 'adams410', 'tdarmon20', 'atruver', 'ellis99', 'kozelr', 'nail', 'bowman96', 'xul9044', 'natoli0', 'agrillo', 'msargen', 'stapletl', 'mart1391', 'sanjiv3damo', 'woo49', 'rutherfb', 'terry51', 'rathi4', 'hill399', 'bkeel', 'yang1865', 'akick', 'cvasq69', 'ithakor', 'rturk8292', 'cwidak', 'malhamm', 'wonhyukdo', 'lyanni', 'kumar212', 'vudayamo', 'sedgerto', 'pickera', 'slillig', 'abhalcha', 'mfess', 'jboulayd', 'mmshank16', 'lmackin', 'gavinneyman', 'bgrandst', 'choi333', 'mtrivell', 'glevine', 'li3604', 'behrr', 'allnic21', 'epiergal', 'ghosh36', 'stark22', 'lm45000', 'bwitchie', 'anniebreidinger', 'mart1180', 'jeigenbr', 'aleidli', 'rhinesj', 'tu37', 'singer15', 'racroth35', 'jhulsize', 'tnoor', 'saboa', 'nwegh2017', 'eloewe', 'ali113', 'jbuehrle', 'schuman1', 'everbru', 'jlorah', 'chiang56', 'gao499', 'xose.amo', 'lthursto', 'coolnikitav', 'deshmukp', 'jnasiboov', 'ltoy', 'li2722', 'sgrzych', 'bamorim', 'awennin', 'egarayev', 'li2709', 'verma52', 'bullock8', 'mill2119', 'white559', 'hillej', 'amoravec', 'george92', 'alotaib6', 'jfitzhu', 'nikitasridhar14', 'dlarocco', 'colewilloughby1125', 'marito', 'tpownell', 'gmantey', 'lrigsbee', 'goodma27', 'uuraechu', 'adamdmiller17', 'kbebris', 'ecave', '17scotta', 'mcginn1']",16,"['chung189', 'sharp52', 'guo431', 'vogel30', 'rdesmond', 'gzertuch', 'kfuria', 'hansonni', 'mswineha', 'nielsenk', 'spear9', 'elikroller', 'roemer8160', 'holm2', None, 'wagne236']",211,"['mart1380', 'wisler0', 'patel731', 'jaloi', 'kzeligso', 'cdtorres', 'cregers', 'engc', 'spear9', 'dmassow', 'abelkiew', 'zfrank64', 'jin376', 'lee2614', 'etitheyeti98', 'rumplem', 'dragoneye', 'mohdshah', 'tl0120', 'bcaffert', 'gezbbl7', 'ccurto', 'smit3177', 'amcgoff', 'freyg', 'dkuen', 'pillai7', 'wning', 'chen2122', 'ewilhite', 'rweedon', 'zubik', 'davidsml', 'bpolinsk', 'abosshar', 'chung189', 'gupta393', 'mpisoni', 'efeldman', 'cmenden', 'eashburn', 'bcasler', 'richg', 'payne71', 'awoodwa', 'nabdrahn', 'baile261', 'msulaima', 'kvansan', 'nkhuu', 'cccyyj720', 'klipiszk', 'cheeseballs99', 'edreifue', 'harri670', 'harbinz', 'lawrencr', 'chao26', 'kinserc', 'jmacatan', 'xu1085', 'gcesar', 'apanuga', 'gzertuch', 'peter514', 'ftangpoo', 'daviskahmann', 'kswartzb', 'mmohdzai', 'pcastagn', 'tglavan', 'iyengar1', 'hschennu', 'adams410', 'tdarmon20', 'atruver', 'ellis99', 'roemer8160', 'kozelr', 'nail', 'bowman96', 'xul9044', 'natoli0', 'aperitor', 'agrillo', 'msargen', 'wagne236', 'stapletl', 'mart1391', 'vogel30', 'rdesmond', 'sanjiv3damo', 'mswineha', 'woo49', 'nielsenk', 'rutherfb', 'terry51', 'mgubbi', None, 'rathi4', 'hill399', 'ctsioli', 'bkeel', 'yang1865', 'akick', 'cvasq69', 'ithakor', 'rturk8292', 'cwidak', 'malhamm', 'wonhyukdo', 'lyanni', 'kumar212', 'vudayamo', 'sedgerto', 'pickera', 'tuckerz', 'slillig', 'abhalcha', 'mfess', 'jboulayd', 'mmshank16', 'lmackin', 'ferree1', 'gavinneyman', 'bgrandst', 'choi333', 'mtrivell', 'glevine', 'li3604', 'behrr', 'allnic21', 'epiergal', 'ghosh36', 'stark22', 'lm45000', 'bwitchie', 'anniebreidinger', 'ander754', 'mart1180', 'jeigenbr', 'aleidli', 'rhinesj', 'hsmoke', 'koverley', 'tu37', 'singer15', 'ceckste', 'racroth35', 'guo431', 'jhulsize', 'tnoor', 'saboa', 'nwegh2017', 'eloewe', 'ali113', 'jbuehrle', 'elikroller', 'gct246', 'dewittl', 'rroggema', 'schuman1', 'everbru', 'slosing', 'sharp52', 'jlorah', 'chiang56', 'gao499', 'kfuria', 'xose.amo', 'lthursto', 'coolnikitav', 'deshmukp', 'jnasiboov', 'ltoy', 'li2722', 'sgrzych', 'bamorim', 'awennin', 'egarayev', 'hansonni', 'li2709', 'verma52', 'bullock8', 'mill2119', 'white559', 'holm2', 'hillej', 'amoravec', 'george92', 'alotaib6', 'jfitzhu', 'nikitasridhar14', 'dlarocco', 'colewilloughby1125', 'marito', 'tpownell', 'gmantey', 'lrigsbee', 'goodma27', 'uuraechu', 'adamdmiller17', 'kbebris', 'ecave', 'fergu101', 'vkolar', 'ross217', 'jonathanlimp87', '17scotta', 'mcginn1', 'akansky']"
3,216,196,34,10,"['dewittl', 'cvasq69', 'tu37', 'awennin', 'nabdrahn', 'jbuehrle', 'ross217', 'ellis99', 'aperitor', 'gezbbl7']",185,"['mart1380', 'wisler0', 'patel731', 'jaloi', 'kzeligso', 'cdtorres', 'cregers', 'engc', 'dmassow', 'abelkiew', 'zfrank64', 'jin376', 'lee2614', 'etitheyeti98', 'rumplem', 'dragoneye', 'mohdshah', 'tl0120', 'bcaffert', 'ccurto', 'smit3177', 'amcgoff', 'freyg', 'dkuen', 'pillai7', 'wning', 'chen2122', 'ewilhite', 'rweedon', 'zubik', 'davidsml', 'bpolinsk', 'abosshar', 'gupta393', 'mpisoni', 'efeldman', 'cmenden', 'eashburn', 'bcasler', 'richg', 'payne71', 'awoodwa', 'baile261', 'msulaima', 'kvansan', 'nkhuu', 'cccyyj720', 'klipiszk', 'cheeseballs99', 'edreifue', 'harri670', 'harbinz', 'lawrencr', 'chao26', 'kinserc', 'jmacatan', 'xu1085', 'gcesar', 'apanuga', 'peter514', 'ftangpoo', 'daviskahmann', 'kswartzb', 'mmohdzai', 'pcastagn', 'tglavan', 'iyengar1', 'hschennu', 'adams410', 'tdarmon20', 'atruver', 'kozelr', 'nail', 'bowman96', 'xul9044', 'natoli0', 'agrillo', 'msargen', 'stapletl', 'mart1391', 'sanjiv3damo', 'woo49', 'rutherfb', 'terry51', 'mgubbi', 'rathi4', 'hill399', 'ctsioli', 'bkeel', 'yang1865', 'akick', 'ithakor', 'rturk8292', 'cwidak', 'malhamm', 'wonhyukdo', 'lyanni', 'kumar212', 'vudayamo', 'sedgerto', 'pickera', 'tuckerz', 'slillig', 'abhalcha', 'mfess', 'jboulayd', 'mmshank16', 'lmackin', 'ferree1', 'gavinneyman', 'bgrandst', 'choi333', 'mtrivell', 'glevine', 'li3604', 'behrr', 'allnic21', 'epiergal', 'ghosh36', 'stark22', 'lm45000', 'bwitchie', 'anniebreidinger', 'ander754', 'mart1180', 'jeigenbr', 'aleidli', 'rhinesj', 'hsmoke', 'koverley', 'singer15', 'ceckste', 'racroth35', 'jhulsize', 'tnoor', 'saboa', 'nwegh2017', 'eloewe', 'ali113', 'gct246', 'rroggema', 'schuman1', 'everbru', 'slosing', 'jlorah', 'chiang56', 'gao499', 'xose.amo', 'lthursto', 'coolnikitav', 'deshmukp', 'jnasiboov', 'ltoy', 'li2722', 'sgrzych', 'bamorim', 'egarayev', 'li2709', 'verma52', 'bullock8', 'mill2119', 'white559', 'hillej', 'amoravec', 'george92', 'alotaib6', 'jfitzhu', 'nikitasridhar14', 'dlarocco', 'colewilloughby1125', 'marito', 'tpownell', 'gmantey', 'lrigsbee', 'goodma27', 'uuraechu', 'adamdmiller17', 'kbebris', 'ecave', 'fergu101', 'vkolar', 'jonathanlimp87', '17scotta', 'mcginn1', 'akansky']",24,"['strachan', 'davidjohnson', 'tkonstan', 'kfuria', 'fang217', 'hamed0', 'tmarconi', 'emeka29', 'geakins', 'baega21', 'usarwar', 'sdabiris', 'wyss', 'smit2827', 'kstirrup', 'asarnowski', 'rderakhs7', 'aahmadza', None, 'okurtulu', 'elikroller', 'chen220', 'hall363', 'ni45']",219,"['mart1380', 'wisler0', 'patel731', 'jaloi', 'kzeligso', 'cdtorres', 'cregers', 'davidjohnson', 'engc', 'dmassow', 'abelkiew', 'zfrank64', 'jin376', 'lee2614', 'etitheyeti98', 'rumplem', 'dragoneye', 'mohdshah', 'tl0120', 'bcaffert', 'gezbbl7', 'ccurto', 'sdabiris', 'smit3177', 'amcgoff', 'freyg', 'smit2827', 'dkuen', 'pillai7', 'wning', 'chen2122', 'ewilhite', 'rweedon', 'zubik', 'davidsml', 'bpolinsk', 'abosshar', 'gupta393', 'mpisoni', 'efeldman', 'cmenden', 'eashburn', 'bcasler', 'richg', 'payne71', 'awoodwa', 'nabdrahn', 'okurtulu', 'baile261', 'msulaima', 'kvansan', 'nkhuu', 'cccyyj720', 'klipiszk', 'cheeseballs99', 'edreifue', 'harri670', 'harbinz', 'lawrencr', 'chao26', 'kinserc', 'jmacatan', 'strachan', 'xu1085', 'gcesar', 'apanuga', 'peter514', 'ftangpoo', 'daviskahmann', 'kswartzb', 'mmohdzai', 'pcastagn', 'tglavan', 'emeka29', 'iyengar1', 'hschennu', 'adams410', 'tdarmon20', 'atruver', 'ellis99', 'kozelr', 'nail', 'bowman96', 'xul9044', 'natoli0', 'aperitor', 'agrillo', 'msargen', 'stapletl', 'mart1391', 'sanjiv3damo', 'kstirrup', 'asarnowski', 'woo49', 'rutherfb', 'terry51', 'rderakhs7', 'mgubbi', None, 'rathi4', 'hill399', 'ctsioli', 'bkeel', 'yang1865', 'akick', 'cvasq69', 'ithakor', 'rturk8292', 'cwidak', 'malhamm', 'wonhyukdo', 'lyanni', 'kumar212', 'vudayamo', 'sedgerto', 'geakins', 'pickera', 'tuckerz', 'slillig', 'abhalcha', 'mfess', 'jboulayd', 'mmshank16', 'lmackin', 'ferree1', 'gavinneyman', 'baega21', 'bgrandst', 'choi333', 'mtrivell', 'glevine', 'li3604', 'behrr', 'allnic21', 'epiergal', 'ghosh36', 'stark22', 'lm45000', 'bwitchie', 'anniebreidinger', 'ander754', 'mart1180', 'jeigenbr', 'aahmadza', 'aleidli', 'rhinesj', 'hsmoke', 'koverley', 'tu37', 'singer15', 'ceckste', 'racroth35', 'jhulsize', 'tnoor', 'saboa', 'nwegh2017', 'eloewe', 'ali113', 'jbuehrle', 'elikroller', 'gct246', 'dewittl', 'rroggema', 'tkonstan', 'schuman1', 'everbru', 'slosing', 'jlorah', 'chiang56', 'gao499', 'kfuria', 'fang217', 'hamed0', 'xose.amo', 'tmarconi', 'lthursto', 'coolnikitav', 'deshmukp', 'jnasiboov', 'ltoy', 'li2722', 'sgrzych', 'bamorim', 'awennin', 'egarayev', 'usarwar', 'li2709', 'verma52', 'bullock8', 'mill2119', 'white559', 'hillej', 'amoravec', 'george92', 'alotaib6', 'wyss', 'jfitzhu', 'nikitasridhar14', 'dlarocco', 'colewilloughby1125', 'marito', 'tpownell', 'gmantey', 'lrigsbee', 'goodma27', 'uuraechu', 'adamdmiller17', 'kbebris', 'ecave', 'fergu101', 'vkolar', 'ross217', 'chen220', 'jonathanlimp87', 'hall363', '17scotta', 'mcginn1', 'akansky', 'ni45']"
3,222,196,32,20,"['everbru', 'kumar212', 'coolnikitav', 'pickera', 'etitheyeti98', 'bamorim', 'lmackin', 'ferree1', 'stapletl', 'sanjiv3damo', 'anniebreidinger', 'lrigsbee', 'koverley', 'singer15', 'richg', 'awoodwa', 'nkhuu', 'gct246', 'harbinz', 'akansky']",175,"['mart1380', 'wisler0', 'patel731', 'jaloi', 'kzeligso', 'cdtorres', 'cregers', 'engc', 'dmassow', 'abelkiew', 'zfrank64', 'jin376', 'lee2614', 'rumplem', 'dragoneye', 'mohdshah', 'tl0120', 'bcaffert', 'gezbbl7', 'ccurto', 'smit3177', 'amcgoff', 'freyg', 'dkuen', 'pillai7', 'wning', 'chen2122', 'ewilhite', 'rweedon', 'zubik', 'davidsml', 'bpolinsk', 'abosshar', 'gupta393', 'mpisoni', 'efeldman', 'cmenden', 'eashburn', 'bcasler', 'payne71', 'nabdrahn', 'baile261', 'msulaima', 'kvansan', 'cccyyj720', 'klipiszk', 'cheeseballs99', 'edreifue', 'harri670', 'lawrencr', 'chao26', 'kinserc', 'jmacatan', 'xu1085', 'gcesar', 'apanuga', 'peter514', 'ftangpoo', 'daviskahmann', 'kswartzb', 'mmohdzai', 'pcastagn', 'tglavan', 'iyengar1', 'hschennu', 'adams410', 'tdarmon20', 'atruver', 'ellis99', 'kozelr', 'nail', 'bowman96', 'xul9044', 'natoli0', 'aperitor', 'agrillo', 'msargen', 'mart1391', 'woo49', 'rutherfb', 'terry51', 'mgubbi', 'rathi4', 'hill399', 'ctsioli', 'bkeel', 'yang1865', 'akick', 'cvasq69', 'ithakor', 'rturk8292', 'cwidak', 'malhamm', 'wonhyukdo', 'lyanni', 'vudayamo', 'sedgerto', 'tuckerz', 'slillig', 'abhalcha', 'mfess', 'jboulayd', 'mmshank16', 'gavinneyman', 'bgrandst', 'choi333', 'mtrivell', 'glevine', 'li3604', 'behrr', 'allnic21', 'epiergal', 'ghosh36', 'stark22', 'lm45000', 'bwitchie', 'ander754', 'mart1180', 'jeigenbr', 'aleidli', 'rhinesj', 'hsmoke', 'tu37', 'ceckste', 'racroth35', 'jhulsize', 'tnoor', 'saboa', 'nwegh2017', 'eloewe', 'ali113', 'jbuehrle', 'dewittl', 'rroggema', 'schuman1', 'slosing', 'jlorah', 'chiang56', 'gao499', 'xose.amo', 'lthursto', 'deshmukp', 'jnasiboov', 'ltoy', 'li2722', 'sgrzych', 'awennin', 'egarayev', 'li2709', 'verma52', 'bullock8', 'mill2119', 'white559', 'hillej', 'amoravec', 'george92', 'alotaib6', 'jfitzhu', 'nikitasridhar14', 'dlarocco', 'colewilloughby1125', 'marito', 'tpownell', 'gmantey', 'goodma27', 'uuraechu', 'adamdmiller17', 'kbebris', 'ecave', 'fergu101', 'vkolar', 'ross217', 'jonathanlimp87', '17scotta', 'mcginn1']",12,"['hhedderi', 'costel10', 'mshewale', 'lowe77', 'tmccoll', 'hsvalladares88', 'markleightonfisher', 'cibrahim', 'nfei', None, 'kocher1', 'daveguo614']",207,"['mart1380', 'wisler0', 'patel731', 'jaloi', 'kzeligso', 'cdtorres', 'cregers', 'engc', 'dmassow', 'abelkiew', 'zfrank64', 'jin376', 'lee2614', 'etitheyeti98', 'rumplem', 'dragoneye', 'mohdshah', 'tl0120', 'bcaffert', 'gezbbl7', 'ccurto', 'smit3177', 'amcgoff', 'freyg', 'dkuen', 'pillai7', 'wning', 'chen2122', 'ewilhite', 'rweedon', 'zubik', 'davidsml', 'bpolinsk', 'abosshar', 'gupta393', 'mpisoni', 'efeldman', 'cmenden', 'eashburn', 'bcasler', 'richg', 'payne71', 'awoodwa', 'nabdrahn', 'lowe77', 'baile261', 'msulaima', 'kvansan', 'nkhuu', 'cccyyj720', 'klipiszk', 'cheeseballs99', 'edreifue', 'harri670', 'harbinz', 'lawrencr', 'chao26', 'kinserc', 'jmacatan', 'xu1085', 'gcesar', 'apanuga', 'peter514', 'ftangpoo', 'daviskahmann', 'kswartzb', 'mmohdzai', 'cibrahim', 'pcastagn', 'tglavan', 'iyengar1', 'hschennu', 'adams410', 'tdarmon20', 'atruver', 'ellis99', 'kozelr', 'nail', 'bowman96', 'xul9044', 'natoli0', 'aperitor', 'agrillo', 'msargen', 'stapletl', 'mart1391', 'sanjiv3damo', 'woo49', 'rutherfb', 'terry51', 'mgubbi', None, 'hhedderi', 'rathi4', 'hill399', 'ctsioli', 'bkeel', 'yang1865', 'akick', 'cvasq69', 'mshewale', 'ithakor', 'rturk8292', 'cwidak', 'malhamm', 'wonhyukdo', 'lyanni', 'kumar212', 'vudayamo', 'sedgerto', 'pickera', 'tuckerz', 'slillig', 'abhalcha', 'mfess', 'jboulayd', 'mmshank16', 'lmackin', 'ferree1', 'gavinneyman', 'bgrandst', 'choi333', 'mtrivell', 'glevine', 'li3604', 'behrr', 'allnic21', 'epiergal', 'ghosh36', 'stark22', 'lm45000', 'bwitchie', 'anniebreidinger', 'ander754', 'mart1180', 'jeigenbr', 'aleidli', 'rhinesj', 'hsmoke', 'kocher1', 'koverley', 'tu37', 'singer15', 'ceckste', 'racroth35', 'jhulsize', 'tnoor', 'saboa', 'nwegh2017', 'eloewe', 'ali113', 'jbuehrle', 'gct246', 'dewittl', 'markleightonfisher', 'nfei', 'rroggema', 'daveguo614', 'schuman1', 'everbru', 'slosing', 'jlorah', 'chiang56', 'gao499', 'xose.amo', 'hsvalladares88', 'lthursto', 'coolnikitav', 'deshmukp', 'jnasiboov', 'ltoy', 'li2722', 'sgrzych', 'bamorim', 'awennin', 'egarayev', 'li2709', 'verma52', 'bullock8', 'mill2119', 'white559', 'hillej', 'amoravec', 'george92', 'alotaib6', 'costel10', 'jfitzhu', 'nikitasridhar14', 'dlarocco', 'colewilloughby1125', 'marito', 'tpownell', 'tmccoll', 'gmantey', 'lrigsbee', 'goodma27', 'uuraechu', 'adamdmiller17', 'kbebris', 'ecave', 'fergu101', 'vkolar', 'ross217', 'jonathanlimp87', '17scotta', 'mcginn1', 'akansky']"
3,103,196,31,5,"['gupta393', 'bamorim', 'awoodwa', 'bullock8', 'dragoneye']",190,"['mart1380', 'wisler0', 'patel731', 'jaloi', 'kzeligso', 'cdtorres', 'cregers', 'engc', 'dmassow', 'abelkiew', 'zfrank64', 'jin376', 'lee2614', 'etitheyeti98', 'rumplem', 'mohdshah', 'tl0120', 'bcaffert', 'gezbbl7', 'ccurto', 'smit3177', 'amcgoff', 'freyg', 'dkuen', 'pillai7', 'wning', 'chen2122', 'ewilhite', 'rweedon', 'zubik', 'davidsml', 'bpolinsk', 'abosshar', 'mpisoni', 'efeldman', 'cmenden', 'eashburn', 'bcasler', 'richg', 'payne71', 'nabdrahn', 'baile261', 'msulaima', 'kvansan', 'nkhuu', 'cccyyj720', 'klipiszk', 'cheeseballs99', 'edreifue', 'harri670', 'harbinz', 'lawrencr', 'chao26', 'kinserc', 'jmacatan', 'xu1085', 'gcesar', 'apanuga', 'peter514', 'ftangpoo', 'daviskahmann', 'kswartzb', 'mmohdzai', 'pcastagn', 'tglavan', 'iyengar1', 'hschennu', 'adams410', 'tdarmon20', 'atruver', 'ellis99', 'kozelr', 'nail', 'bowman96', 'xul9044', 'natoli0', 'aperitor', 'agrillo', 'msargen', 'stapletl', 'mart1391', 'sanjiv3damo', 'woo49', 'rutherfb', 'terry51', 'mgubbi', 'rathi4', 'hill399', 'ctsioli', 'bkeel', 'yang1865', 'akick', 'cvasq69', 'ithakor', 'rturk8292', 'cwidak', 'malhamm', 'wonhyukdo', 'lyanni', 'kumar212', 'vudayamo', 'sedgerto', 'pickera', 'tuckerz', 'slillig', 'abhalcha', 'mfess', 'jboulayd', 'mmshank16', 'lmackin', 'ferree1', 'gavinneyman', 'bgrandst', 'choi333', 'mtrivell', 'glevine', 'li3604', 'behrr', 'allnic21', 'epiergal', 'ghosh36', 'stark22', 'lm45000', 'bwitchie', 'anniebreidinger', 'ander754', 'mart1180', 'jeigenbr', 'aleidli', 'rhinesj', 'hsmoke', 'koverley', 'tu37', 'singer15', 'ceckste', 'racroth35', 'jhulsize', 'tnoor', 'saboa', 'nwegh2017', 'eloewe', 'ali113', 'jbuehrle', 'gct246', 'dewittl', 'rroggema', 'schuman1', 'everbru', 'slosing', 'jlorah', 'chiang56', 'gao499', 'xose.amo', 'lthursto', 'coolnikitav', 'deshmukp', 'jnasiboov', 'ltoy', 'li2722', 'sgrzych', 'awennin', 'egarayev', 'li2709', 'verma52', 'mill2119', 'white559', 'hillej', 'amoravec', 'george92', 'alotaib6', 'jfitzhu', 'nikitasridhar14', 'dlarocco', 'colewilloughby1125', 'marito', 'tpownell', 'gmantey', 'lrigsbee', 'goodma27', 'uuraechu', 'adamdmiller17', 'kbebris', 'ecave', 'fergu101', 'vkolar', 'ross217', 'jonathanlimp87', '17scotta', 'mcginn1', 'akansky']",26,"['selkin', 'yingningfan', 'noh12', 'eponsdel', 'cdeppen', 'bmirvish', 'son27', 'scottkenning3', 'richtern', 'lauerc', 'ander568', 'yuminghym', 'kimura', 'jone1429', 'zhangruichao2000', 'hsymond', 'dobos', 'gkao', None, 'jingxinwang8', 'gutman', 'liueddyxinlue', 'levy27', 'rollere', 'stubbsj15', 'jonescw79']",221,"['mart1380', 'wisler0', 'patel731', 'selkin', 'jaloi', 'kzeligso', 'cdtorres', 'cregers', 'engc', 'dmassow', 'abelkiew', 'zfrank64', 'jin376', 'lee2614', 'etitheyeti98', 'rumplem', 'dragoneye', 'mohdshah', 'kimura', 'tl0120', 'bcaffert', 'gezbbl7', 'jone1429', 'ccurto', 'zhangruichao2000', 'smit3177', 'amcgoff', 'freyg', 'dobos', 'dkuen', 'pillai7', 'gkao', 'wning', 'chen2122', 'ewilhite', 'rweedon', 'zubik', 'davidsml', 'bpolinsk', 'abosshar', 'gupta393', 'mpisoni', 'efeldman', 'cmenden', 'eashburn', 'bcasler', 'richg', 'payne71', 'awoodwa', 'nabdrahn', 'liueddyxinlue', 'baile261', 'msulaima', 'kvansan', 'nkhuu', 'cccyyj720', 'klipiszk', 'cheeseballs99', 'edreifue', 'harri670', 'harbinz', 'lawrencr', 'chao26', 'kinserc', 'jmacatan', 'jonescw79', 'xu1085', 'gcesar', 'apanuga', 'peter514', 'ftangpoo', 'daviskahmann', 'kswartzb', 'mmohdzai', 'cdeppen', 'pcastagn', 'tglavan', 'bmirvish', 'iyengar1', 'son27', 'hschennu', 'adams410', 'yuminghym', 'tdarmon20', 'atruver', 'ellis99', 'kozelr', 'nail', 'bowman96', 'xul9044', 'natoli0', 'aperitor', 'agrillo', 'msargen', 'hsymond', 'stapletl', 'mart1391', 'sanjiv3damo', 'woo49', 'rutherfb', 'terry51', 'mgubbi', None, 'jingxinwang8', 'levy27', 'rathi4', 'hill399', 'ctsioli', 'stubbsj15', 'bkeel', 'yang1865', 'akick', 'cvasq69', 'ithakor', 'rturk8292', 'cwidak', 'malhamm', 'wonhyukdo', 'lyanni', 'kumar212', 'vudayamo', 'sedgerto', 'pickera', 'tuckerz', 'slillig', 'abhalcha', 'mfess', 'jboulayd', 'mmshank16', 'lmackin', 'richtern', 'ander568', 'ferree1', 'gavinneyman', 'bgrandst', 'choi333', 'mtrivell', 'glevine', 'li3604', 'behrr', 'allnic21', 'epiergal', 'ghosh36', 'stark22', 'lm45000', 'bwitchie', 'anniebreidinger', 'ander754', 'mart1180', 'jeigenbr', 'aleidli', 'rhinesj', 'hsmoke', 'koverley', 'tu37', 'singer15', 'ceckste', 'racroth35', 'jhulsize', 'tnoor', 'saboa', 'nwegh2017', 'eloewe', 'ali113', 'jbuehrle', 'gct246', 'dewittl', 'rroggema', 'schuman1', 'everbru', 'slosing', 'jlorah', 'chiang56', 'gao499', 'yingningfan', 'xose.amo', 'eponsdel', 'noh12', 'lthursto', 'coolnikitav', 'deshmukp', 'jnasiboov', 'scottkenning3', 'ltoy', 'li2722', 'sgrzych', 'bamorim', 'lauerc', 'awennin', 'egarayev', 'li2709', 'verma52', 'bullock8', 'mill2119', 'white559', 'hillej', 'amoravec', 'george92', 'alotaib6', 'jfitzhu', 'nikitasridhar14', 'dlarocco', 'colewilloughby1125', 'marito', 'tpownell', 'gmantey', 'lrigsbee', 'goodma27', 'uuraechu', 'adamdmiller17', 'kbebris', 'gutman', 'ecave', 'fergu101', 'vkolar', 'rollere', 'ross217', 'jonathanlimp87', '17scotta', 'mcginn1', 'akansky']"
3,111,196,30,20,"['xu1085', 'slosing', 'kswartzb', 'pcastagn', 'tuckerz', 'ferree1', 'egarayev', 'gezbbl7', 'epiergal', 'nikitasridhar14', 'hsmoke', 'koverley', 'tu37', 'fergu101', 'nabdrahn', 'jonathanlimp87', 'gct246', 'ctsioli', 'harbinz', 'rroggema']",175,"['mart1380', 'wisler0', 'patel731', 'jaloi', 'kzeligso', 'cdtorres', 'cregers', 'engc', 'dmassow', 'abelkiew', 'zfrank64', 'jin376', 'lee2614', 'etitheyeti98', 'rumplem', 'dragoneye', 'mohdshah', 'tl0120', 'bcaffert', 'ccurto', 'smit3177', 'amcgoff', 'freyg', 'dkuen', 'pillai7', 'wning', 'chen2122', 'ewilhite', 'rweedon', 'zubik', 'davidsml', 'bpolinsk', 'abosshar', 'gupta393', 'mpisoni', 'efeldman', 'cmenden', 'eashburn', 'bcasler', 'richg', 'payne71', 'awoodwa', 'baile261', 'msulaima', 'kvansan', 'nkhuu', 'cccyyj720', 'klipiszk', 'cheeseballs99', 'edreifue', 'harri670', 'lawrencr', 'chao26', 'kinserc', 'jmacatan', 'gcesar', 'apanuga', 'peter514', 'ftangpoo', 'daviskahmann', 'mmohdzai', 'tglavan', 'iyengar1', 'hschennu', 'adams410', 'tdarmon20', 'atruver', 'ellis99', 'kozelr', 'nail', 'bowman96', 'xul9044', 'natoli0', 'aperitor', 'agrillo', 'msargen', 'stapletl', 'mart1391', 'sanjiv3damo', 'woo49', 'rutherfb', 'terry51', 'mgubbi', 'rathi4', 'hill399', 'bkeel', 'yang1865', 'akick', 'cvasq69', 'ithakor', 'rturk8292', 'cwidak', 'malhamm', 'wonhyukdo', 'lyanni', 'kumar212', 'vudayamo', 'sedgerto', 'pickera', 'slillig', 'abhalcha', 'mfess', 'jboulayd', 'mmshank16', 'lmackin', 'gavinneyman', 'bgrandst', 'choi333', 'mtrivell', 'glevine', 'li3604', 'behrr', 'allnic21', 'ghosh36', 'stark22', 'lm45000', 'bwitchie', 'anniebreidinger', 'ander754', 'mart1180', 'jeigenbr', 'aleidli', 'rhinesj', 'singer15', 'ceckste', 'racroth35', 'jhulsize', 'tnoor', 'saboa', 'nwegh2017', 'eloewe', 'ali113', 'jbuehrle', 'dewittl', 'schuman1', 'everbru', 'jlorah', 'chiang56', 'gao499', 'xose.amo', 'lthursto', 'coolnikitav', 'deshmukp', 'jnasiboov', 'ltoy', 'li2722', 'sgrzych', 'bamorim', 'awennin', 'li2709', 'verma52', 'bullock8', 'mill2119', 'white559', 'hillej', 'amoravec', 'george92', 'alotaib6', 'jfitzhu', 'dlarocco', 'colewilloughby1125', 'marito', 'tpownell', 'gmantey', 'lrigsbee', 'goodma27', 'uuraechu', 'adamdmiller17', 'kbebris', 'ecave', 'vkolar', 'ross217', '17scotta', 'mcginn1', 'akansky']",10,"['smit2827', 'sharp52', 'psmading', 'obalican', 'kfuria', 'hansonni', 'nielsenk', None, 'doherty6', 'wagne236']",205,"['mart1380', 'wisler0', 'patel731', 'jaloi', 'kzeligso', 'cdtorres', 'cregers', 'engc', 'dmassow', 'abelkiew', 'zfrank64', 'jin376', 'lee2614', 'etitheyeti98', 'rumplem', 'dragoneye', 'mohdshah', 'tl0120', 'bcaffert', 'gezbbl7', 'ccurto', 'smit3177', 'amcgoff', 'freyg', 'smit2827', 'dkuen', 'pillai7', 'wning', 'chen2122', 'ewilhite', 'rweedon', 'zubik', 'davidsml', 'bpolinsk', 'abosshar', 'gupta393', 'mpisoni', 'efeldman', 'cmenden', 'eashburn', 'bcasler', 'richg', 'payne71', 'awoodwa', 'nabdrahn', 'obalican', 'baile261', 'msulaima', 'kvansan', 'nkhuu', 'cccyyj720', 'klipiszk', 'cheeseballs99', 'edreifue', 'harri670', 'harbinz', 'lawrencr', 'chao26', 'kinserc', 'jmacatan', 'xu1085', 'gcesar', 'apanuga', 'peter514', 'ftangpoo', 'daviskahmann', 'kswartzb', 'mmohdzai', 'pcastagn', 'tglavan', 'iyengar1', 'hschennu', 'adams410', 'tdarmon20', 'atruver', 'ellis99', 'kozelr', 'nail', 'bowman96', 'xul9044', 'natoli0', 'aperitor', 'agrillo', 'msargen', 'wagne236', 'stapletl', 'mart1391', 'sanjiv3damo', 'woo49', 'nielsenk', 'rutherfb', 'terry51', 'mgubbi', None, 'rathi4', 'hill399', 'ctsioli', 'bkeel', 'yang1865', 'akick', 'cvasq69', 'ithakor', 'rturk8292', 'psmading', 'cwidak', 'malhamm', 'wonhyukdo', 'lyanni', 'kumar212', 'vudayamo', 'sedgerto', 'pickera', 'tuckerz', 'slillig', 'abhalcha', 'mfess', 'jboulayd', 'mmshank16', 'lmackin', 'ferree1', 'gavinneyman', 'bgrandst', 'choi333', 'mtrivell', 'glevine', 'li3604', 'behrr', 'allnic21', 'epiergal', 'ghosh36', 'stark22', 'lm45000', 'bwitchie', 'anniebreidinger', 'ander754', 'mart1180', 'jeigenbr', 'aleidli', 'rhinesj', 'hsmoke', 'koverley', 'tu37', 'singer15', 'ceckste', 'racroth35', 'jhulsize', 'tnoor', 'saboa', 'nwegh2017', 'eloewe', 'ali113', 'jbuehrle', 'gct246', 'dewittl', 'rroggema', 'schuman1', 'everbru', 'slosing', 'sharp52', 'jlorah', 'chiang56', 'gao499', 'kfuria', 'xose.amo', 'lthursto', 'coolnikitav', 'deshmukp', 'jnasiboov', 'ltoy', 'li2722', 'sgrzych', 'bamorim', 'awennin', 'egarayev', 'hansonni', 'li2709', 'verma52', 'bullock8', 'mill2119', 'white559', 'hillej', 'doherty6', 'amoravec', 'george92', 'alotaib6', 'jfitzhu', 'nikitasridhar14', 'dlarocco', 'colewilloughby1125', 'marito', 'tpownell', 'gmantey', 'lrigsbee', 'goodma27', 'uuraechu', 'adamdmiller17', 'kbebris', 'ecave', 'fergu101', 'vkolar', 'ross217', 'jonathanlimp87', '17scotta', 'mcginn1', 'akansky']"
3,279,196,26,20,"['xu1085', 'slosing', 'kswartzb', 'pcastagn', 'tuckerz', 'ferree1', 'egarayev', 'ellis99', 'gezbbl7', 'allnic21', 'jfitzhu', 'hsmoke', 'koverley', 'vkolar', 'nabdrahn', 'jonathanlimp87', 'gct246', 'ctsioli', 'harbinz', 'rroggema']",175,"['mart1380', 'wisler0', 'patel731', 'jaloi', 'kzeligso', 'cdtorres', 'cregers', 'engc', 'dmassow', 'abelkiew', 'zfrank64', 'jin376', 'lee2614', 'etitheyeti98', 'rumplem', 'dragoneye', 'mohdshah', 'tl0120', 'bcaffert', 'ccurto', 'smit3177', 'amcgoff', 'freyg', 'dkuen', 'pillai7', 'wning', 'chen2122', 'ewilhite', 'rweedon', 'zubik', 'davidsml', 'bpolinsk', 'abosshar', 'gupta393', 'mpisoni', 'efeldman', 'cmenden', 'eashburn', 'bcasler', 'richg', 'payne71', 'awoodwa', 'baile261', 'msulaima', 'kvansan', 'nkhuu', 'cccyyj720', 'klipiszk', 'cheeseballs99', 'edreifue', 'harri670', 'lawrencr', 'chao26', 'kinserc', 'jmacatan', 'gcesar', 'apanuga', 'peter514', 'ftangpoo', 'daviskahmann', 'mmohdzai', 'tglavan', 'iyengar1', 'hschennu', 'adams410', 'tdarmon20', 'atruver', 'kozelr', 'nail', 'bowman96', 'xul9044', 'natoli0', 'aperitor', 'agrillo', 'msargen', 'stapletl', 'mart1391', 'sanjiv3damo', 'woo49', 'rutherfb', 'terry51', 'mgubbi', 'rathi4', 'hill399', 'bkeel', 'yang1865', 'akick', 'cvasq69', 'ithakor', 'rturk8292', 'cwidak', 'malhamm', 'wonhyukdo', 'lyanni', 'kumar212', 'vudayamo', 'sedgerto', 'pickera', 'slillig', 'abhalcha', 'mfess', 'jboulayd', 'mmshank16', 'lmackin', 'gavinneyman', 'bgrandst', 'choi333', 'mtrivell', 'glevine', 'li3604', 'behrr', 'epiergal', 'ghosh36', 'stark22', 'lm45000', 'bwitchie', 'anniebreidinger', 'ander754', 'mart1180', 'jeigenbr', 'aleidli', 'rhinesj', 'tu37', 'singer15', 'ceckste', 'racroth35', 'jhulsize', 'tnoor', 'saboa', 'nwegh2017', 'eloewe', 'ali113', 'jbuehrle', 'dewittl', 'schuman1', 'everbru', 'jlorah', 'chiang56', 'gao499', 'xose.amo', 'lthursto', 'coolnikitav', 'deshmukp', 'jnasiboov', 'ltoy', 'li2722', 'sgrzych', 'bamorim', 'awennin', 'li2709', 'verma52', 'bullock8', 'mill2119', 'white559', 'hillej', 'amoravec', 'george92', 'alotaib6', 'nikitasridhar14', 'dlarocco', 'colewilloughby1125', 'marito', 'tpownell', 'gmantey', 'lrigsbee', 'goodma27', 'uuraechu', 'adamdmiller17', 'kbebris', 'ecave', 'fergu101', 'ross217', '17scotta', 'mcginn1', 'akansky']",6,"['chung189', 'kfuria', 'nielsenk', 'cblackm', None, 'wagne236']",201,"['mart1380', 'wisler0', 'patel731', 'jaloi', 'kzeligso', 'cdtorres', 'cregers', 'engc', 'dmassow', 'abelkiew', 'zfrank64', 'jin376', 'lee2614', 'etitheyeti98', 'rumplem', 'dragoneye', 'mohdshah', 'tl0120', 'bcaffert', 'gezbbl7', 'ccurto', 'smit3177', 'amcgoff', 'freyg', 'dkuen', 'pillai7', 'wning', 'chen2122', 'ewilhite', 'rweedon', 'zubik', 'davidsml', 'bpolinsk', 'abosshar', 'chung189', 'gupta393', 'mpisoni', 'efeldman', 'cmenden', 'eashburn', 'bcasler', 'richg', 'payne71', 'awoodwa', 'nabdrahn', 'baile261', 'msulaima', 'kvansan', 'nkhuu', 'cccyyj720', 'klipiszk', 'cheeseballs99', 'edreifue', 'harri670', 'harbinz', 'lawrencr', 'chao26', 'kinserc', 'jmacatan', 'xu1085', 'gcesar', 'apanuga', 'peter514', 'ftangpoo', 'daviskahmann', 'kswartzb', 'mmohdzai', 'pcastagn', 'tglavan', 'iyengar1', 'hschennu', 'adams410', 'tdarmon20', 'atruver', 'ellis99', 'cblackm', 'kozelr', 'nail', 'bowman96', 'xul9044', 'natoli0', 'aperitor', 'agrillo', 'msargen', 'wagne236', 'stapletl', 'mart1391', 'sanjiv3damo', 'woo49', 'nielsenk', 'rutherfb', 'terry51', 'mgubbi', None, 'rathi4', 'hill399', 'ctsioli', 'bkeel', 'yang1865', 'akick', 'cvasq69', 'ithakor', 'rturk8292', 'cwidak', 'malhamm', 'wonhyukdo', 'lyanni', 'kumar212', 'vudayamo', 'sedgerto', 'pickera', 'tuckerz', 'slillig', 'abhalcha', 'mfess', 'jboulayd', 'mmshank16', 'lmackin', 'ferree1', 'gavinneyman', 'bgrandst', 'choi333', 'mtrivell', 'glevine', 'li3604', 'behrr', 'allnic21', 'epiergal', 'ghosh36', 'stark22', 'lm45000', 'bwitchie', 'anniebreidinger', 'ander754', 'mart1180', 'jeigenbr', 'aleidli', 'rhinesj', 'hsmoke', 'koverley', 'tu37', 'singer15', 'ceckste', 'racroth35', 'jhulsize', 'tnoor', 'saboa', 'nwegh2017', 'eloewe', 'ali113', 'jbuehrle', 'gct246', 'dewittl', 'rroggema', 'schuman1', 'everbru', 'slosing', 'jlorah', 'chiang56', 'gao499', 'kfuria', 'xose.amo', 'lthursto', 'coolnikitav', 'deshmukp', 'jnasiboov', 'ltoy', 'li2722', 'sgrzych', 'bamorim', 'awennin', 'egarayev', 'li2709', 'verma52', 'bullock8', 'mill2119', 'white559', 'hillej', 'amoravec', 'george92', 'alotaib6', 'jfitzhu', 'nikitasridhar14', 'dlarocco', 'colewilloughby1125', 'marito', 'tpownell', 'gmantey', 'lrigsbee', 'goodma27', 'uuraechu', 'adamdmiller17', 'kbebris', 'ecave', 'fergu101', 'vkolar', 'ross217', 'jonathanlimp87', '17scotta', 'mcginn1', 'akansky']"
3,286,196,25,22,"['everbru', 'kumar212', 'coolnikitav', 'pickera', 'etitheyeti98', 'bamorim', 'lmackin', 'ferree1', 'smit3177', 'stapletl', 'mart1391', 'sanjiv3damo', 'anniebreidinger', 'lrigsbee', 'koverley', 'singer15', 'richg', 'awoodwa', 'ross217', 'nkhuu', 'gct246', 'akansky']",173,"['mart1380', 'wisler0', 'patel731', 'jaloi', 'kzeligso', 'cdtorres', 'cregers', 'engc', 'dmassow', 'abelkiew', 'zfrank64', 'jin376', 'lee2614', 'rumplem', 'dragoneye', 'mohdshah', 'tl0120', 'bcaffert', 'gezbbl7', 'ccurto', 'amcgoff', 'freyg', 'dkuen', 'pillai7', 'wning', 'chen2122', 'ewilhite', 'rweedon', 'zubik', 'davidsml', 'bpolinsk', 'abosshar', 'gupta393', 'mpisoni', 'efeldman', 'cmenden', 'eashburn', 'bcasler', 'payne71', 'nabdrahn', 'baile261', 'msulaima', 'kvansan', 'cccyyj720', 'klipiszk', 'cheeseballs99', 'edreifue', 'harri670', 'harbinz', 'lawrencr', 'chao26', 'kinserc', 'jmacatan', 'xu1085', 'gcesar', 'apanuga', 'peter514', 'ftangpoo', 'daviskahmann', 'kswartzb', 'mmohdzai', 'pcastagn', 'tglavan', 'iyengar1', 'hschennu', 'adams410', 'tdarmon20', 'atruver', 'ellis99', 'kozelr', 'nail', 'bowman96', 'xul9044', 'natoli0', 'aperitor', 'agrillo', 'msargen', 'woo49', 'rutherfb', 'terry51', 'mgubbi', 'rathi4', 'hill399', 'ctsioli', 'bkeel', 'yang1865', 'akick', 'cvasq69', 'ithakor', 'rturk8292', 'cwidak', 'malhamm', 'wonhyukdo', 'lyanni', 'vudayamo', 'sedgerto', 'tuckerz', 'slillig', 'abhalcha', 'mfess', 'jboulayd', 'mmshank16', 'gavinneyman', 'bgrandst', 'choi333', 'mtrivell', 'glevine', 'li3604', 'behrr', 'allnic21', 'epiergal', 'ghosh36', 'stark22', 'lm45000', 'bwitchie', 'ander754', 'mart1180', 'jeigenbr', 'aleidli', 'rhinesj', 'hsmoke', 'tu37', 'ceckste', 'racroth35', 'jhulsize', 'tnoor', 'saboa', 'nwegh2017', 'eloewe', 'ali113', 'jbuehrle', 'dewittl', 'rroggema', 'schuman1', 'slosing', 'jlorah', 'chiang56', 'gao499', 'xose.amo', 'lthursto', 'deshmukp', 'jnasiboov', 'ltoy', 'li2722', 'sgrzych', 'awennin', 'egarayev', 'li2709', 'verma52', 'bullock8', 'mill2119', 'white559', 'hillej', 'amoravec', 'george92', 'alotaib6', 'jfitzhu', 'nikitasridhar14', 'dlarocco', 'colewilloughby1125', 'marito', 'tpownell', 'gmantey', 'goodma27', 'uuraechu', 'adamdmiller17', 'kbebris', 'ecave', 'fergu101', 'vkolar', 'jonathanlimp87', '17scotta', 'mcginn1']",3,"['sraeisi', None, 'zhan3624']",198,"['mart1380', 'wisler0', 'patel731', 'jaloi', 'kzeligso', 'cdtorres', 'cregers', 'engc', 'dmassow', 'abelkiew', 'zfrank64', 'jin376', 'lee2614', 'etitheyeti98', 'rumplem', 'dragoneye', 'mohdshah', 'tl0120', 'bcaffert', 'gezbbl7', 'ccurto', 'smit3177', 'amcgoff', 'freyg', 'dkuen', 'sraeisi', 'pillai7', 'wning', 'chen2122', 'ewilhite', 'rweedon', 'zubik', 'davidsml', 'bpolinsk', 'abosshar', 'gupta393', 'mpisoni', 'efeldman', 'cmenden', 'eashburn', 'bcasler', 'richg', 'payne71', 'awoodwa', 'nabdrahn', 'baile261', 'msulaima', 'kvansan', 'nkhuu', 'cccyyj720', 'klipiszk', 'cheeseballs99', 'edreifue', 'harri670', 'harbinz', 'lawrencr', 'chao26', 'kinserc', 'jmacatan', 'xu1085', 'gcesar', 'apanuga', 'peter514', 'ftangpoo', 'daviskahmann', 'kswartzb', 'mmohdzai', 'pcastagn', 'tglavan', 'iyengar1', 'hschennu', 'adams410', 'tdarmon20', 'atruver', 'ellis99', 'kozelr', 'nail', 'bowman96', 'xul9044', 'natoli0', 'aperitor', 'agrillo', 'msargen', 'stapletl', 'mart1391', 'sanjiv3damo', 'woo49', 'rutherfb', 'terry51', 'mgubbi', None, 'rathi4', 'hill399', 'ctsioli', 'bkeel', 'yang1865', 'akick', 'cvasq69', 'ithakor', 'rturk8292', 'cwidak', 'malhamm', 'wonhyukdo', 'lyanni', 'kumar212', 'vudayamo', 'sedgerto', 'pickera', 'tuckerz', 'slillig', 'abhalcha', 'mfess', 'jboulayd', 'mmshank16', 'lmackin', 'ferree1', 'gavinneyman', 'bgrandst', 'choi333', 'mtrivell', 'glevine', 'li3604', 'behrr', 'allnic21', 'epiergal', 'ghosh36', 'stark22', 'lm45000', 'bwitchie', 'anniebreidinger', 'ander754', 'mart1180', 'jeigenbr', 'aleidli', 'zhan3624', 'rhinesj', 'hsmoke', 'koverley', 'tu37', 'singer15', 'ceckste', 'racroth35', 'jhulsize', 'tnoor', 'saboa', 'nwegh2017', 'eloewe', 'ali113', 'jbuehrle', 'gct246', 'dewittl', 'rroggema', 'schuman1', 'everbru', 'slosing', 'jlorah', 'chiang56', 'gao499', 'xose.amo', 'lthursto', 'coolnikitav', 'deshmukp', 'jnasiboov', 'ltoy', 'li2722', 'sgrzych', 'bamorim', 'awennin', 'egarayev', 'li2709', 'verma52', 'bullock8', 'mill2119', 'white559', 'hillej', 'amoravec', 'george92', 'alotaib6', 'jfitzhu', 'nikitasridhar14', 'dlarocco', 'colewilloughby1125', 'marito', 'tpownell', 'gmantey', 'lrigsbee', 'goodma27', 'uuraechu', 'adamdmiller17', 'kbebris', 'ecave', 'fergu101', 'vkolar', 'ross217', 'jonathanlimp87', '17scotta', 'mcginn1', 'akansky']"
3,303,196,24,15,"['xu1085', 'tu37', 'slosing', 'fergu101', 'ctsioli', 'ferree1', 'nabdrahn', 'egarayev', 'ross217', 'kvansan', 'jonathanlimp87', 'kswartzb', 'ellis99', 'harbinz', 'rroggema']",180,"['mart1380', 'wisler0', 'patel731', 'jaloi', 'kzeligso', 'cdtorres', 'cregers', 'engc', 'dmassow', 'abelkiew', 'zfrank64', 'jin376', 'lee2614', 'etitheyeti98', 'rumplem', 'dragoneye', 'mohdshah', 'tl0120', 'bcaffert', 'gezbbl7', 'ccurto', 'smit3177', 'amcgoff', 'freyg', 'dkuen', 'pillai7', 'wning', 'chen2122', 'ewilhite', 'rweedon', 'zubik', 'davidsml', 'bpolinsk', 'abosshar', 'gupta393', 'mpisoni', 'efeldman', 'cmenden', 'eashburn', 'bcasler', 'richg', 'payne71', 'awoodwa', 'baile261', 'msulaima', 'nkhuu', 'cccyyj720', 'klipiszk', 'cheeseballs99', 'edreifue', 'harri670', 'lawrencr', 'chao26', 'kinserc', 'jmacatan', 'gcesar', 'apanuga', 'peter514', 'ftangpoo', 'daviskahmann', 'mmohdzai', 'pcastagn', 'tglavan', 'iyengar1', 'hschennu', 'adams410', 'tdarmon20', 'atruver', 'kozelr', 'nail', 'bowman96', 'xul9044', 'natoli0', 'aperitor', 'agrillo', 'msargen', 'stapletl', 'mart1391', 'sanjiv3damo', 'woo49', 'rutherfb', 'terry51', 'mgubbi', 'rathi4', 'hill399', 'bkeel', 'yang1865', 'akick', 'cvasq69', 'ithakor', 'rturk8292', 'cwidak', 'malhamm', 'wonhyukdo', 'lyanni', 'kumar212', 'vudayamo', 'sedgerto', 'pickera', 'tuckerz', 'slillig', 'abhalcha', 'mfess', 'jboulayd', 'mmshank16', 'lmackin', 'gavinneyman', 'bgrandst', 'choi333', 'mtrivell', 'glevine', 'li3604', 'behrr', 'allnic21', 'epiergal', 'ghosh36', 'stark22', 'lm45000', 'bwitchie', 'anniebreidinger', 'ander754', 'mart1180', 'jeigenbr', 'aleidli', 'rhinesj', 'hsmoke', 'koverley', 'singer15', 'ceckste', 'racroth35', 'jhulsize', 'tnoor', 'saboa', 'nwegh2017', 'eloewe', 'ali113', 'jbuehrle', 'gct246', 'dewittl', 'schuman1', 'everbru', 'jlorah', 'chiang56', 'gao499', 'xose.amo', 'lthursto', 'coolnikitav', 'deshmukp', 'jnasiboov', 'ltoy', 'li2722', 'sgrzych', 'bamorim', 'awennin', 'li2709', 'verma52', 'bullock8', 'mill2119', 'white559', 'hillej', 'amoravec', 'george92', 'alotaib6', 'jfitzhu', 'nikitasridhar14', 'dlarocco', 'colewilloughby1125', 'marito', 'tpownell', 'gmantey', 'lrigsbee', 'goodma27', 'uuraechu', 'adamdmiller17', 'kbebris', 'ecave', 'vkolar', '17scotta', 'mcginn1', 'akansky']",9,"['schro118', 'smit2827', 'sharp52', 'rollere', 'nnoraziz', 'dzadoks', None, 'doherty6', 'daveguo614']",204,"['mart1380', 'wisler0', 'patel731', 'jaloi', 'kzeligso', 'cdtorres', 'cregers', 'engc', 'dmassow', 'abelkiew', 'zfrank64', 'jin376', 'lee2614', 'etitheyeti98', 'rumplem', 'dragoneye', 'mohdshah', 'tl0120', 'bcaffert', 'gezbbl7', 'ccurto', 'smit3177', 'amcgoff', 'freyg', 'smit2827', 'dkuen', 'pillai7', 'wning', 'chen2122', 'ewilhite', 'rweedon', 'zubik', 'davidsml', 'bpolinsk', 'abosshar', 'gupta393', 'mpisoni', 'efeldman', 'cmenden', 'eashburn', 'bcasler', 'richg', 'payne71', 'awoodwa', 'nabdrahn', 'baile261', 'msulaima', 'kvansan', 'nkhuu', 'cccyyj720', 'klipiszk', 'cheeseballs99', 'edreifue', 'harri670', 'harbinz', 'lawrencr', 'chao26', 'kinserc', 'jmacatan', 'xu1085', 'gcesar', 'apanuga', 'peter514', 'ftangpoo', 'daviskahmann', 'kswartzb', 'mmohdzai', 'nnoraziz', 'pcastagn', 'tglavan', 'iyengar1', 'hschennu', 'adams410', 'tdarmon20', 'atruver', 'ellis99', 'kozelr', 'nail', 'bowman96', 'xul9044', 'natoli0', 'aperitor', 'agrillo', 'msargen', 'stapletl', 'mart1391', 'sanjiv3damo', 'woo49', 'rutherfb', 'terry51', 'mgubbi', None, 'rathi4', 'hill399', 'ctsioli', 'bkeel', 'yang1865', 'akick', 'cvasq69', 'ithakor', 'rturk8292', 'cwidak', 'malhamm', 'wonhyukdo', 'lyanni', 'kumar212', 'vudayamo', 'sedgerto', 'pickera', 'tuckerz', 'slillig', 'abhalcha', 'mfess', 'jboulayd', 'mmshank16', 'lmackin', 'ferree1', 'gavinneyman', 'bgrandst', 'choi333', 'mtrivell', 'glevine', 'li3604', 'behrr', 'allnic21', 'epiergal', 'ghosh36', 'stark22', 'lm45000', 'bwitchie', 'anniebreidinger', 'ander754', 'mart1180', 'jeigenbr', 'aleidli', 'rhinesj', 'hsmoke', 'koverley', 'tu37', 'singer15', 'ceckste', 'racroth35', 'jhulsize', 'tnoor', 'saboa', 'nwegh2017', 'eloewe', 'ali113', 'jbuehrle', 'gct246', 'dewittl', 'dzadoks', 'rroggema', 'daveguo614', 'schuman1', 'everbru', 'slosing', 'sharp52', 'jlorah', 'chiang56', 'gao499', 'xose.amo', 'lthursto', 'coolnikitav', 'deshmukp', 'jnasiboov', 'ltoy', 'li2722', 'schro118', 'sgrzych', 'bamorim', 'awennin', 'egarayev', 'li2709', 'verma52', 'bullock8', 'mill2119', 'white559', 'hillej', 'doherty6', 'amoravec', 'george92', 'alotaib6', 'jfitzhu', 'nikitasridhar14', 'dlarocco', 'colewilloughby1125', 'marito', 'tpownell', 'gmantey', 'lrigsbee', 'goodma27', 'uuraechu', 'adamdmiller17', 'kbebris', 'ecave', 'fergu101', 'vkolar', 'rollere', 'ross217', 'jonathanlimp87', '17scotta', 'mcginn1', 'akansky']"
3,285,196,21,18,"['patel731', 'hschennu', 'slillig', 'abosshar', 'marito', 'vkolar', 'engc', 'cwidak', 'egarayev', 'nwegh2017', 'terry51', 'jonathanlimp87', 'hill399', 'klipiszk', 'lthursto', 'jmacatan', 'rroggema', 'behrr']",177,"['mart1380', 'wisler0', 'jaloi', 'kzeligso', 'cdtorres', 'cregers', 'dmassow', 'abelkiew', 'zfrank64', 'jin376', 'lee2614', 'etitheyeti98', 'rumplem', 'dragoneye', 'mohdshah', 'tl0120', 'bcaffert', 'gezbbl7', 'ccurto', 'smit3177', 'amcgoff', 'freyg', 'dkuen', 'pillai7', 'wning', 'chen2122', 'ewilhite', 'rweedon', 'zubik', 'davidsml', 'bpolinsk', 'gupta393', 'mpisoni', 'efeldman', 'cmenden', 'eashburn', 'bcasler', 'richg', 'payne71', 'awoodwa', 'nabdrahn', 'baile261', 'msulaima', 'kvansan', 'nkhuu', 'cccyyj720', 'cheeseballs99', 'edreifue', 'harri670', 'harbinz', 'lawrencr', 'chao26', 'kinserc', 'xu1085', 'gcesar', 'apanuga', 'peter514', 'ftangpoo', 'daviskahmann', 'kswartzb', 'mmohdzai', 'pcastagn', 'tglavan', 'iyengar1', 'adams410', 'tdarmon20', 'atruver', 'ellis99', 'kozelr', 'nail', 'bowman96', 'xul9044', 'natoli0', 'aperitor', 'agrillo', 'msargen', 'stapletl', 'mart1391', 'sanjiv3damo', 'woo49', 'rutherfb', 'mgubbi', 'rathi4', 'ctsioli', 'bkeel', 'yang1865', 'akick', 'cvasq69', 'ithakor', 'rturk8292', 'malhamm', 'wonhyukdo', 'lyanni', 'kumar212', 'vudayamo', 'sedgerto', 'pickera', 'tuckerz', 'abhalcha', 'mfess', 'jboulayd', 'mmshank16', 'lmackin', 'ferree1', 'gavinneyman', 'bgrandst', 'choi333', 'mtrivell', 'glevine', 'li3604', 'allnic21', 'epiergal', 'ghosh36', 'stark22', 'lm45000', 'bwitchie', 'anniebreidinger', 'ander754', 'mart1180', 'jeigenbr', 'aleidli', 'rhinesj', 'hsmoke', 'koverley', 'tu37', 'singer15', 'ceckste', 'racroth35', 'jhulsize', 'tnoor', 'saboa', 'eloewe', 'ali113', 'jbuehrle', 'gct246', 'dewittl', 'schuman1', 'everbru', 'slosing', 'jlorah', 'chiang56', 'gao499', 'xose.amo', 'coolnikitav', 'deshmukp', 'jnasiboov', 'ltoy', 'li2722', 'sgrzych', 'bamorim', 'awennin', 'li2709', 'verma52', 'bullock8', 'mill2119', 'white559', 'hillej', 'amoravec', 'george92', 'alotaib6', 'jfitzhu', 'nikitasridhar14', 'dlarocco', 'colewilloughby1125', 'tpownell', 'gmantey', 'lrigsbee', 'goodma27', 'uuraechu', 'adamdmiller17', 'kbebris', 'ecave', 'fergu101', 'ross217', '17scotta', 'mcginn1', 'akansky']",3,"[None, 'hhansen', 'emarches']",198,"['mart1380', 'wisler0', 'patel731', 'jaloi', 'kzeligso', 'cdtorres', 'cregers', 'engc', 'dmassow', 'abelkiew', 'zfrank64', 'jin376', 'lee2614', 'etitheyeti98', 'rumplem', 'dragoneye', 'mohdshah', 'tl0120', 'hhansen', 'bcaffert', 'gezbbl7', 'ccurto', 'smit3177', 'amcgoff', 'freyg', 'dkuen', 'pillai7', 'wning', 'chen2122', 'ewilhite', 'rweedon', 'zubik', 'davidsml', 'bpolinsk', 'abosshar', 'gupta393', 'mpisoni', 'efeldman', 'cmenden', 'eashburn', 'bcasler', 'richg', 'payne71', 'awoodwa', 'nabdrahn', 'baile261', 'msulaima', 'kvansan', 'nkhuu', 'cccyyj720', 'klipiszk', 'cheeseballs99', 'edreifue', 'harri670', 'harbinz', 'lawrencr', 'chao26', 'kinserc', 'jmacatan', 'xu1085', 'gcesar', 'apanuga', 'peter514', 'ftangpoo', 'daviskahmann', 'kswartzb', 'mmohdzai', 'pcastagn', 'tglavan', 'iyengar1', 'hschennu', 'adams410', 'tdarmon20', 'atruver', 'ellis99', 'kozelr', 'nail', 'bowman96', 'xul9044', 'natoli0', 'aperitor', 'agrillo', 'msargen', 'stapletl', 'mart1391', 'sanjiv3damo', 'woo49', 'rutherfb', 'terry51', 'mgubbi', None, 'rathi4', 'hill399', 'ctsioli', 'bkeel', 'yang1865', 'akick', 'cvasq69', 'ithakor', 'rturk8292', 'cwidak', 'malhamm', 'wonhyukdo', 'lyanni', 'kumar212', 'vudayamo', 'sedgerto', 'pickera', 'tuckerz', 'slillig', 'abhalcha', 'mfess', 'jboulayd', 'mmshank16', 'lmackin', 'ferree1', 'gavinneyman', 'bgrandst', 'choi333', 'mtrivell', 'glevine', 'li3604', 'behrr', 'allnic21', 'epiergal', 'ghosh36', 'stark22', 'lm45000', 'bwitchie', 'anniebreidinger', 'ander754', 'mart1180', 'jeigenbr', 'aleidli', 'rhinesj', 'hsmoke', 'koverley', 'tu37', 'singer15', 'ceckste', 'racroth35', 'jhulsize', 'tnoor', 'saboa', 'nwegh2017', 'eloewe', 'ali113', 'jbuehrle', 'gct246', 'dewittl', 'rroggema', 'schuman1', 'everbru', 'slosing', 'jlorah', 'chiang56', 'gao499', 'xose.amo', 'lthursto', 'coolnikitav', 'deshmukp', 'jnasiboov', 'ltoy', 'li2722', 'sgrzych', 'bamorim', 'awennin', 'egarayev', 'emarches', 'li2709', 'verma52', 'bullock8', 'mill2119', 'white559', 'hillej', 'amoravec', 'george92', 'alotaib6', 'jfitzhu', 'nikitasridhar14', 'dlarocco', 'colewilloughby1125', 'marito', 'tpownell', 'gmantey', 'lrigsbee', 'goodma27', 'uuraechu', 'adamdmiller17', 'kbebris', 'ecave', 'fergu101', 'vkolar', 'ross217', 'jonathanlimp87', '17scotta', 'mcginn1', 'akansky']"
3,220,196,20,16,"['patel731', 'hschennu', 'slillig', 'abosshar', 'marito', 'vkolar', 'engc', 'cwidak', 'egarayev', 'nwegh2017', 'terry51', 'jonathanlimp87', 'lthursto', 'jmacatan', 'rroggema', 'behrr']",179,"['mart1380', 'wisler0', 'jaloi', 'kzeligso', 'cdtorres', 'cregers', 'dmassow', 'abelkiew', 'zfrank64', 'jin376', 'lee2614', 'etitheyeti98', 'rumplem', 'dragoneye', 'mohdshah', 'tl0120', 'bcaffert', 'gezbbl7', 'ccurto', 'smit3177', 'amcgoff', 'freyg', 'dkuen', 'pillai7', 'wning', 'chen2122', 'ewilhite', 'rweedon', 'zubik', 'davidsml', 'bpolinsk', 'gupta393', 'mpisoni', 'efeldman', 'cmenden', 'eashburn', 'bcasler', 'richg', 'payne71', 'awoodwa', 'nabdrahn', 'baile261', 'msulaima', 'kvansan', 'nkhuu', 'cccyyj720', 'klipiszk', 'cheeseballs99', 'edreifue', 'harri670', 'harbinz', 'lawrencr', 'chao26', 'kinserc', 'xu1085', 'gcesar', 'apanuga', 'peter514', 'ftangpoo', 'daviskahmann', 'kswartzb', 'mmohdzai', 'pcastagn', 'tglavan', 'iyengar1', 'adams410', 'tdarmon20', 'atruver', 'ellis99', 'kozelr', 'nail', 'bowman96', 'xul9044', 'natoli0', 'aperitor', 'agrillo', 'msargen', 'stapletl', 'mart1391', 'sanjiv3damo', 'woo49', 'rutherfb', 'mgubbi', 'rathi4', 'hill399', 'ctsioli', 'bkeel', 'yang1865', 'akick', 'cvasq69', 'ithakor', 'rturk8292', 'malhamm', 'wonhyukdo', 'lyanni', 'kumar212', 'vudayamo', 'sedgerto', 'pickera', 'tuckerz', 'abhalcha', 'mfess', 'jboulayd', 'mmshank16', 'lmackin', 'ferree1', 'gavinneyman', 'bgrandst', 'choi333', 'mtrivell', 'glevine', 'li3604', 'allnic21', 'epiergal', 'ghosh36', 'stark22', 'lm45000', 'bwitchie', 'anniebreidinger', 'ander754', 'mart1180', 'jeigenbr', 'aleidli', 'rhinesj', 'hsmoke', 'koverley', 'tu37', 'singer15', 'ceckste', 'racroth35', 'jhulsize', 'tnoor', 'saboa', 'eloewe', 'ali113', 'jbuehrle', 'gct246', 'dewittl', 'schuman1', 'everbru', 'slosing', 'jlorah', 'chiang56', 'gao499', 'xose.amo', 'coolnikitav', 'deshmukp', 'jnasiboov', 'ltoy', 'li2722', 'sgrzych', 'bamorim', 'awennin', 'li2709', 'verma52', 'bullock8', 'mill2119', 'white559', 'hillej', 'amoravec', 'george92', 'alotaib6', 'jfitzhu', 'nikitasridhar14', 'dlarocco', 'colewilloughby1125', 'tpownell', 'gmantey', 'lrigsbee', 'goodma27', 'uuraechu', 'adamdmiller17', 'kbebris', 'ecave', 'fergu101', 'ross217', '17scotta', 'mcginn1', 'akansky']",4,"['patel784', None, 'jmickow', 'nwegh']",199,"['mart1380', 'wisler0', 'patel731', 'jmickow', 'jaloi', 'kzeligso', 'cdtorres', 'cregers', 'engc', 'dmassow', 'abelkiew', 'zfrank64', 'jin376', 'lee2614', 'etitheyeti98', 'rumplem', 'dragoneye', 'mohdshah', 'tl0120', 'bcaffert', 'gezbbl7', 'ccurto', 'smit3177', 'amcgoff', 'freyg', 'dkuen', 'pillai7', 'wning', 'chen2122', 'ewilhite', 'rweedon', 'zubik', 'davidsml', 'bpolinsk', 'abosshar', 'gupta393', 'mpisoni', 'efeldman', 'cmenden', 'eashburn', 'bcasler', 'richg', 'payne71', 'awoodwa', 'nabdrahn', 'baile261', 'msulaima', 'kvansan', 'nkhuu', 'cccyyj720', 'klipiszk', 'cheeseballs99', 'edreifue', 'harri670', 'harbinz', 'lawrencr', 'chao26', 'kinserc', 'jmacatan', 'xu1085', 'gcesar', 'apanuga', 'peter514', 'ftangpoo', 'daviskahmann', 'kswartzb', 'mmohdzai', 'pcastagn', 'tglavan', 'iyengar1', 'hschennu', 'adams410', 'tdarmon20', 'atruver', 'ellis99', 'kozelr', 'nail', 'bowman96', 'xul9044', 'natoli0', 'aperitor', 'agrillo', 'msargen', 'stapletl', 'mart1391', 'sanjiv3damo', 'woo49', 'rutherfb', 'terry51', 'mgubbi', None, 'rathi4', 'hill399', 'ctsioli', 'bkeel', 'yang1865', 'akick', 'cvasq69', 'ithakor', 'rturk8292', 'cwidak', 'malhamm', 'wonhyukdo', 'lyanni', 'kumar212', 'vudayamo', 'sedgerto', 'pickera', 'tuckerz', 'slillig', 'abhalcha', 'mfess', 'jboulayd', 'mmshank16', 'lmackin', 'ferree1', 'gavinneyman', 'bgrandst', 'choi333', 'mtrivell', 'glevine', 'li3604', 'behrr', 'allnic21', 'patel784', 'epiergal', 'ghosh36', 'stark22', 'lm45000', 'bwitchie', 'anniebreidinger', 'ander754', 'mart1180', 'jeigenbr', 'aleidli', 'rhinesj', 'hsmoke', 'koverley', 'tu37', 'singer15', 'ceckste', 'racroth35', 'jhulsize', 'tnoor', 'saboa', 'nwegh2017', 'eloewe', 'ali113', 'jbuehrle', 'gct246', 'nwegh', 'dewittl', 'rroggema', 'schuman1', 'everbru', 'slosing', 'jlorah', 'chiang56', 'gao499', 'xose.amo', 'lthursto', 'coolnikitav', 'deshmukp', 'jnasiboov', 'ltoy', 'li2722', 'sgrzych', 'bamorim', 'awennin', 'egarayev', 'li2709', 'verma52', 'bullock8', 'mill2119', 'white559', 'hillej', 'amoravec', 'george92', 'alotaib6', 'jfitzhu', 'nikitasridhar14', 'dlarocco', 'colewilloughby1125', 'marito', 'tpownell', 'gmantey', 'lrigsbee', 'goodma27', 'uuraechu', 'adamdmiller17', 'kbebris', 'ecave', 'fergu101', 'vkolar', 'ross217', 'jonathanlimp87', '17scotta', 'mcginn1', 'akansky']"
3,108,196,16,3,"['efeldman', 'etitheyeti98', 'mcginn1']",192,"['mart1380', 'wisler0', 'patel731', 'jaloi', 'kzeligso', 'cdtorres', 'cregers', 'engc', 'dmassow', 'abelkiew', 'zfrank64', 'jin376', 'lee2614', 'rumplem', 'dragoneye', 'mohdshah', 'tl0120', 'bcaffert', 'gezbbl7', 'ccurto', 'smit3177', 'amcgoff', 'freyg', 'dkuen', 'pillai7', 'wning', 'chen2122', 'ewilhite', 'rweedon', 'zubik', 'davidsml', 'bpolinsk', 'abosshar', 'gupta393', 'mpisoni', 'cmenden', 'eashburn', 'bcasler', 'richg', 'payne71', 'awoodwa', 'nabdrahn', 'baile261', 'msulaima', 'kvansan', 'nkhuu', 'cccyyj720', 'klipiszk', 'cheeseballs99', 'edreifue', 'harri670', 'harbinz', 'lawrencr', 'chao26', 'kinserc', 'jmacatan', 'xu1085', 'gcesar', 'apanuga', 'peter514', 'ftangpoo', 'daviskahmann', 'kswartzb', 'mmohdzai', 'pcastagn', 'tglavan', 'iyengar1', 'hschennu', 'adams410', 'tdarmon20', 'atruver', 'ellis99', 'kozelr', 'nail', 'bowman96', 'xul9044', 'natoli0', 'aperitor', 'agrillo', 'msargen', 'stapletl', 'mart1391', 'sanjiv3damo', 'woo49', 'rutherfb', 'terry51', 'mgubbi', 'rathi4', 'hill399', 'ctsioli', 'bkeel', 'yang1865', 'akick', 'cvasq69', 'ithakor', 'rturk8292', 'cwidak', 'malhamm', 'wonhyukdo', 'lyanni', 'kumar212', 'vudayamo', 'sedgerto', 'pickera', 'tuckerz', 'slillig', 'abhalcha', 'mfess', 'jboulayd', 'mmshank16', 'lmackin', 'ferree1', 'gavinneyman', 'bgrandst', 'choi333', 'mtrivell', 'glevine', 'li3604', 'behrr', 'allnic21', 'epiergal', 'ghosh36', 'stark22', 'lm45000', 'bwitchie', 'anniebreidinger', 'ander754', 'mart1180', 'jeigenbr', 'aleidli', 'rhinesj', 'hsmoke', 'koverley', 'tu37', 'singer15', 'ceckste', 'racroth35', 'jhulsize', 'tnoor', 'saboa', 'nwegh2017', 'eloewe', 'ali113', 'jbuehrle', 'gct246', 'dewittl', 'rroggema', 'schuman1', 'everbru', 'slosing', 'jlorah', 'chiang56', 'gao499', 'xose.amo', 'lthursto', 'coolnikitav', 'deshmukp', 'jnasiboov', 'ltoy', 'li2722', 'sgrzych', 'bamorim', 'awennin', 'egarayev', 'li2709', 'verma52', 'bullock8', 'mill2119', 'white559', 'hillej', 'amoravec', 'george92', 'alotaib6', 'jfitzhu', 'nikitasridhar14', 'dlarocco', 'colewilloughby1125', 'marito', 'tpownell', 'gmantey', 'lrigsbee', 'goodma27', 'uuraechu', 'adamdmiller17', 'kbebris', 'ecave', 'fergu101', 'vkolar', 'ross217', 'jonathanlimp87', '17scotta', 'akansky']",13,"['chriskorpics', 'rramos571', 'lucasmah44', 'schro118', 'jdiego1216', 'jo46', 'kfuria', 'albert7', 'maderm', 'nmakris', None, 'shabnashreej', 'frank.a.tiernan']",208,"['mart1380', 'wisler0', 'patel731', 'jaloi', 'kzeligso', 'cdtorres', 'cregers', 'engc', 'dmassow', 'abelkiew', 'zfrank64', 'jin376', 'lee2614', 'etitheyeti98', 'rumplem', 'dragoneye', 'mohdshah', 'tl0120', 'nmakris', 'bcaffert', 'gezbbl7', 'ccurto', 'smit3177', 'amcgoff', 'freyg', 'dkuen', 'pillai7', 'wning', 'chen2122', 'ewilhite', 'rweedon', 'zubik', 'davidsml', 'bpolinsk', 'abosshar', 'chriskorpics', 'gupta393', 'mpisoni', 'efeldman', 'cmenden', 'eashburn', 'bcasler', 'richg', 'payne71', 'awoodwa', 'nabdrahn', 'albert7', 'baile261', 'msulaima', 'kvansan', 'nkhuu', 'cccyyj720', 'klipiszk', 'cheeseballs99', 'edreifue', 'harri670', 'harbinz', 'lawrencr', 'chao26', 'kinserc', 'jmacatan', 'xu1085', 'gcesar', 'apanuga', 'peter514', 'ftangpoo', 'daviskahmann', 'kswartzb', 'mmohdzai', 'pcastagn', 'tglavan', 'iyengar1', 'hschennu', 'adams410', 'tdarmon20', 'atruver', 'ellis99', 'kozelr', 'nail', 'bowman96', 'xul9044', 'natoli0', 'aperitor', 'agrillo', 'msargen', 'stapletl', 'mart1391', 'sanjiv3damo', 'woo49', 'rutherfb', 'terry51', 'mgubbi', None, 'rathi4', 'hill399', 'ctsioli', 'bkeel', 'yang1865', 'akick', 'cvasq69', 'ithakor', 'rturk8292', 'cwidak', 'malhamm', 'wonhyukdo', 'lyanni', 'kumar212', 'vudayamo', 'sedgerto', 'pickera', 'tuckerz', 'slillig', 'abhalcha', 'mfess', 'jboulayd', 'mmshank16', 'lmackin', 'jo46', 'ferree1', 'gavinneyman', 'bgrandst', 'choi333', 'mtrivell', 'glevine', 'li3604', 'behrr', 'allnic21', 'epiergal', 'ghosh36', 'jdiego1216', 'stark22', 'lm45000', 'bwitchie', 'anniebreidinger', 'ander754', 'maderm', 'mart1180', 'jeigenbr', 'aleidli', 'rhinesj', 'hsmoke', 'frank.a.tiernan', 'koverley', 'tu37', 'singer15', 'ceckste', 'racroth35', 'jhulsize', 'tnoor', 'saboa', 'nwegh2017', 'eloewe', 'ali113', 'jbuehrle', 'gct246', 'dewittl', 'shabnashreej', 'rroggema', 'schuman1', 'everbru', 'slosing', 'jlorah', 'chiang56', 'gao499', 'kfuria', 'xose.amo', 'lthursto', 'coolnikitav', 'deshmukp', 'jnasiboov', 'ltoy', 'li2722', 'schro118', 'sgrzych', 'lucasmah44', 'bamorim', 'awennin', 'egarayev', 'li2709', 'verma52', 'bullock8', 'mill2119', 'white559', 'hillej', 'amoravec', 'rramos571', 'george92', 'alotaib6', 'jfitzhu', 'nikitasridhar14', 'dlarocco', 'colewilloughby1125', 'marito', 'tpownell', 'gmantey', 'lrigsbee', 'goodma27', 'uuraechu', 'adamdmiller17', 'kbebris', 'ecave', 'fergu101', 'vkolar', 'ross217', 'jonathanlimp87', '17scotta', 'mcginn1', 'akansky']"
3,288,196,16,11,"['tuckerz', 'cvasq69', 'tu37', 'nabdrahn', 'awennin', 'ellis99', 'kvansan', 'dewittl', 'aperitor', 'gezbbl7', 'mcginn1']",184,"['mart1380', 'wisler0', 'patel731', 'jaloi', 'kzeligso', 'cdtorres', 'cregers', 'engc', 'dmassow', 'abelkiew', 'zfrank64', 'jin376', 'lee2614', 'etitheyeti98', 'rumplem', 'dragoneye', 'mohdshah', 'tl0120', 'bcaffert', 'ccurto', 'smit3177', 'amcgoff', 'freyg', 'dkuen', 'pillai7', 'wning', 'chen2122', 'ewilhite', 'rweedon', 'zubik', 'davidsml', 'bpolinsk', 'abosshar', 'gupta393', 'mpisoni', 'efeldman', 'cmenden', 'eashburn', 'bcasler', 'richg', 'payne71', 'awoodwa', 'baile261', 'msulaima', 'nkhuu', 'cccyyj720', 'klipiszk', 'cheeseballs99', 'edreifue', 'harri670', 'harbinz', 'lawrencr', 'chao26', 'kinserc', 'jmacatan', 'xu1085', 'gcesar', 'apanuga', 'peter514', 'ftangpoo', 'daviskahmann', 'kswartzb', 'mmohdzai', 'pcastagn', 'tglavan', 'iyengar1', 'hschennu', 'adams410', 'tdarmon20', 'atruver', 'kozelr', 'nail', 'bowman96', 'xul9044', 'natoli0', 'agrillo', 'msargen', 'stapletl', 'mart1391', 'sanjiv3damo', 'woo49', 'rutherfb', 'terry51', 'mgubbi', 'rathi4', 'hill399', 'ctsioli', 'bkeel', 'yang1865', 'akick', 'ithakor', 'rturk8292', 'cwidak', 'malhamm', 'wonhyukdo', 'lyanni', 'kumar212', 'vudayamo', 'sedgerto', 'pickera', 'slillig', 'abhalcha', 'mfess', 'jboulayd', 'mmshank16', 'lmackin', 'ferree1', 'gavinneyman', 'bgrandst', 'choi333', 'mtrivell', 'glevine', 'li3604', 'behrr', 'allnic21', 'epiergal', 'ghosh36', 'stark22', 'lm45000', 'bwitchie', 'anniebreidinger', 'ander754', 'mart1180', 'jeigenbr', 'aleidli', 'rhinesj', 'hsmoke', 'koverley', 'singer15', 'ceckste', 'racroth35', 'jhulsize', 'tnoor', 'saboa', 'nwegh2017', 'eloewe', 'ali113', 'jbuehrle', 'gct246', 'rroggema', 'schuman1', 'everbru', 'slosing', 'jlorah', 'chiang56', 'gao499', 'xose.amo', 'lthursto', 'coolnikitav', 'deshmukp', 'jnasiboov', 'ltoy', 'li2722', 'sgrzych', 'bamorim', 'egarayev', 'li2709', 'verma52', 'bullock8', 'mill2119', 'white559', 'hillej', 'amoravec', 'george92', 'alotaib6', 'jfitzhu', 'nikitasridhar14', 'dlarocco', 'colewilloughby1125', 'marito', 'tpownell', 'gmantey', 'lrigsbee', 'goodma27', 'uuraechu', 'adamdmiller17', 'kbebris', 'ecave', 'fergu101', 'vkolar', 'ross217', 'jonathanlimp87', '17scotta', 'akansky']",5,"['rollere', 'asarnowski', 'childs4', 'oalkayya', None]",200,"['mart1380', 'wisler0', 'patel731', 'jaloi', 'kzeligso', 'cdtorres', 'cregers', 'engc', 'dmassow', 'abelkiew', 'zfrank64', 'jin376', 'lee2614', 'etitheyeti98', 'rumplem', 'dragoneye', 'mohdshah', 'tl0120', 'bcaffert', 'gezbbl7', 'ccurto', 'smit3177', 'amcgoff', 'freyg', 'dkuen', 'pillai7', 'wning', 'chen2122', 'ewilhite', 'rweedon', 'zubik', 'davidsml', 'bpolinsk', 'abosshar', 'gupta393', 'mpisoni', 'efeldman', 'cmenden', 'eashburn', 'bcasler', 'richg', 'payne71', 'awoodwa', 'nabdrahn', 'baile261', 'msulaima', 'kvansan', 'nkhuu', 'cccyyj720', 'klipiszk', 'cheeseballs99', 'edreifue', 'harri670', 'harbinz', 'lawrencr', 'chao26', 'kinserc', 'jmacatan', 'xu1085', 'gcesar', 'apanuga', 'peter514', 'ftangpoo', 'daviskahmann', 'kswartzb', 'mmohdzai', 'pcastagn', 'oalkayya', 'tglavan', 'iyengar1', 'hschennu', 'adams410', 'tdarmon20', 'atruver', 'ellis99', 'kozelr', 'nail', 'bowman96', 'xul9044', 'natoli0', 'aperitor', 'agrillo', 'msargen', 'stapletl', 'mart1391', 'sanjiv3damo', 'asarnowski', 'woo49', 'rutherfb', 'terry51', 'mgubbi', None, 'rathi4', 'hill399', 'ctsioli', 'bkeel', 'yang1865', 'akick', 'cvasq69', 'ithakor', 'rturk8292', 'cwidak', 'malhamm', 'wonhyukdo', 'lyanni', 'kumar212', 'vudayamo', 'sedgerto', 'pickera', 'tuckerz', 'slillig', 'abhalcha', 'mfess', 'jboulayd', 'mmshank16', 'lmackin', 'ferree1', 'gavinneyman', 'bgrandst', 'choi333', 'mtrivell', 'glevine', 'li3604', 'behrr', 'allnic21', 'epiergal', 'ghosh36', 'stark22', 'lm45000', 'bwitchie', 'anniebreidinger', 'ander754', 'mart1180', 'jeigenbr', 'aleidli', 'rhinesj', 'hsmoke', 'koverley', 'tu37', 'singer15', 'ceckste', 'racroth35', 'jhulsize', 'tnoor', 'saboa', 'nwegh2017', 'eloewe', 'ali113', 'jbuehrle', 'gct246', 'dewittl', 'rroggema', 'schuman1', 'everbru', 'slosing', 'jlorah', 'chiang56', 'gao499', 'xose.amo', 'lthursto', 'coolnikitav', 'deshmukp', 'jnasiboov', 'ltoy', 'li2722', 'sgrzych', 'bamorim', 'awennin', 'egarayev', 'childs4', 'li2709', 'verma52', 'bullock8', 'mill2119', 'white559', 'hillej', 'amoravec', 'george92', 'alotaib6', 'jfitzhu', 'nikitasridhar14', 'dlarocco', 'colewilloughby1125', 'marito', 'tpownell', 'gmantey', 'lrigsbee', 'goodma27', 'uuraechu', 'adamdmiller17', 'kbebris', 'ecave', 'fergu101', 'vkolar', 'rollere', 'ross217', 'jonathanlimp87', '17scotta', 'mcginn1', 'akansky']"
3,221,196,14,12,"['adamdmiller17', 'epiergal', 'sgrzych', 'tdarmon20', 'dmassow', 'hill399', 'verma52', 'zfrank64', 'kozelr', 'harri670', 'hsmoke', 'amoravec']",183,"['mart1380', 'wisler0', 'patel731', 'jaloi', 'kzeligso', 'cdtorres', 'cregers', 'engc', 'abelkiew', 'jin376', 'lee2614', 'etitheyeti98', 'rumplem', 'dragoneye', 'mohdshah', 'tl0120', 'bcaffert', 'gezbbl7', 'ccurto', 'smit3177', 'amcgoff', 'freyg', 'dkuen', 'pillai7', 'wning', 'chen2122', 'ewilhite', 'rweedon', 'zubik', 'davidsml', 'bpolinsk', 'abosshar', 'gupta393', 'mpisoni', 'efeldman', 'cmenden', 'eashburn', 'bcasler', 'richg', 'payne71', 'awoodwa', 'nabdrahn', 'baile261', 'msulaima', 'kvansan', 'nkhuu', 'cccyyj720', 'klipiszk', 'cheeseballs99', 'edreifue', 'harbinz', 'lawrencr', 'chao26', 'kinserc', 'jmacatan', 'xu1085', 'gcesar', 'apanuga', 'peter514', 'ftangpoo', 'daviskahmann', 'kswartzb', 'mmohdzai', 'pcastagn', 'tglavan', 'iyengar1', 'hschennu', 'adams410', 'atruver', 'ellis99', 'nail', 'bowman96', 'xul9044', 'natoli0', 'aperitor', 'agrillo', 'msargen', 'stapletl', 'mart1391', 'sanjiv3damo', 'woo49', 'rutherfb', 'terry51', 'mgubbi', 'rathi4', 'ctsioli', 'bkeel', 'yang1865', 'akick', 'cvasq69', 'ithakor', 'rturk8292', 'cwidak', 'malhamm', 'wonhyukdo', 'lyanni', 'kumar212', 'vudayamo', 'sedgerto', 'pickera', 'tuckerz', 'slillig', 'abhalcha', 'mfess', 'jboulayd', 'mmshank16', 'lmackin', 'ferree1', 'gavinneyman', 'bgrandst', 'choi333', 'mtrivell', 'glevine', 'li3604', 'behrr', 'allnic21', 'ghosh36', 'stark22', 'lm45000', 'bwitchie', 'anniebreidinger', 'ander754', 'mart1180', 'jeigenbr', 'aleidli', 'rhinesj', 'koverley', 'tu37', 'singer15', 'ceckste', 'racroth35', 'jhulsize', 'tnoor', 'saboa', 'nwegh2017', 'eloewe', 'ali113', 'jbuehrle', 'gct246', 'dewittl', 'rroggema', 'schuman1', 'everbru', 'slosing', 'jlorah', 'chiang56', 'gao499', 'xose.amo', 'lthursto', 'coolnikitav', 'deshmukp', 'jnasiboov', 'ltoy', 'li2722', 'bamorim', 'awennin', 'egarayev', 'li2709', 'bullock8', 'mill2119', 'white559', 'hillej', 'george92', 'alotaib6', 'jfitzhu', 'nikitasridhar14', 'dlarocco', 'colewilloughby1125', 'marito', 'tpownell', 'gmantey', 'lrigsbee', 'goodma27', 'uuraechu', 'kbebris', 'ecave', 'fergu101', 'vkolar', 'ross217', 'jonathanlimp87', '17scotta', 'mcginn1', 'akansky']",2,"[None, 'mdroege']",197,"['mart1380', 'wisler0', 'patel731', 'jaloi', 'kzeligso', 'cdtorres', 'cregers', 'engc', 'dmassow', 'abelkiew', 'zfrank64', 'jin376', 'lee2614', 'etitheyeti98', 'rumplem', 'dragoneye', 'mohdshah', 'tl0120', 'bcaffert', 'gezbbl7', 'ccurto', 'smit3177', 'amcgoff', 'freyg', 'dkuen', 'pillai7', 'wning', 'chen2122', 'ewilhite', 'rweedon', 'zubik', 'davidsml', 'bpolinsk', 'abosshar', 'gupta393', 'mpisoni', 'efeldman', 'cmenden', 'eashburn', 'bcasler', 'richg', 'payne71', 'awoodwa', 'nabdrahn', 'baile261', 'msulaima', 'kvansan', 'nkhuu', 'cccyyj720', 'klipiszk', 'cheeseballs99', 'edreifue', 'harri670', 'harbinz', 'lawrencr', 'chao26', 'kinserc', 'jmacatan', 'xu1085', 'gcesar', 'apanuga', 'peter514', 'ftangpoo', 'daviskahmann', 'kswartzb', 'mmohdzai', 'pcastagn', 'tglavan', 'iyengar1', 'hschennu', 'adams410', 'tdarmon20', 'atruver', 'ellis99', 'kozelr', 'nail', 'bowman96', 'xul9044', 'natoli0', 'aperitor', 'agrillo', 'msargen', 'mdroege', 'stapletl', 'mart1391', 'sanjiv3damo', 'woo49', 'rutherfb', 'terry51', 'mgubbi', None, 'rathi4', 'hill399', 'ctsioli', 'bkeel', 'yang1865', 'akick', 'cvasq69', 'ithakor', 'rturk8292', 'cwidak', 'malhamm', 'wonhyukdo', 'lyanni', 'kumar212', 'vudayamo', 'sedgerto', 'pickera', 'tuckerz', 'slillig', 'abhalcha', 'mfess', 'jboulayd', 'mmshank16', 'lmackin', 'ferree1', 'gavinneyman', 'bgrandst', 'choi333', 'mtrivell', 'glevine', 'li3604', 'behrr', 'allnic21', 'epiergal', 'ghosh36', 'stark22', 'lm45000', 'bwitchie', 'anniebreidinger', 'ander754', 'mart1180', 'jeigenbr', 'aleidli', 'rhinesj', 'hsmoke', 'koverley', 'tu37', 'singer15', 'ceckste', 'racroth35', 'jhulsize', 'tnoor', 'saboa', 'nwegh2017', 'eloewe', 'ali113', 'jbuehrle', 'gct246', 'dewittl', 'rroggema', 'schuman1', 'everbru', 'slosing', 'jlorah', 'chiang56', 'gao499', 'xose.amo', 'lthursto', 'coolnikitav', 'deshmukp', 'jnasiboov', 'ltoy', 'li2722', 'sgrzych', 'bamorim', 'awennin', 'egarayev', 'li2709', 'verma52', 'bullock8', 'mill2119', 'white559', 'hillej', 'amoravec', 'george92', 'alotaib6', 'jfitzhu', 'nikitasridhar14', 'dlarocco', 'colewilloughby1125', 'marito', 'tpownell', 'gmantey', 'lrigsbee', 'goodma27', 'uuraechu', 'adamdmiller17', 'kbebris', 'ecave', 'fergu101', 'vkolar', 'ross217', 'jonathanlimp87', '17scotta', 'mcginn1', 'akansky']"
3,283,196,11,1,['harbinz'],194,"['mart1380', 'wisler0', 'patel731', 'jaloi', 'kzeligso', 'cdtorres', 'cregers', 'engc', 'dmassow', 'abelkiew', 'zfrank64', 'jin376', 'lee2614', 'etitheyeti98', 'rumplem', 'dragoneye', 'mohdshah', 'tl0120', 'bcaffert', 'gezbbl7', 'ccurto', 'smit3177', 'amcgoff', 'freyg', 'dkuen', 'pillai7', 'wning', 'chen2122', 'ewilhite', 'rweedon', 'zubik', 'davidsml', 'bpolinsk', 'abosshar', 'gupta393', 'mpisoni', 'efeldman', 'cmenden', 'eashburn', 'bcasler', 'richg', 'payne71', 'awoodwa', 'nabdrahn', 'baile261', 'msulaima', 'kvansan', 'nkhuu', 'cccyyj720', 'klipiszk', 'cheeseballs99', 'edreifue', 'harri670', 'lawrencr', 'chao26', 'kinserc', 'jmacatan', 'xu1085', 'gcesar', 'apanuga', 'peter514', 'ftangpoo', 'daviskahmann', 'kswartzb', 'mmohdzai', 'pcastagn', 'tglavan', 'iyengar1', 'hschennu', 'adams410', 'tdarmon20', 'atruver', 'ellis99', 'kozelr', 'nail', 'bowman96', 'xul9044', 'natoli0', 'aperitor', 'agrillo', 'msargen', 'stapletl', 'mart1391', 'sanjiv3damo', 'woo49', 'rutherfb', 'terry51', 'mgubbi', 'rathi4', 'hill399', 'ctsioli', 'bkeel', 'yang1865', 'akick', 'cvasq69', 'ithakor', 'rturk8292', 'cwidak', 'malhamm', 'wonhyukdo', 'lyanni', 'kumar212', 'vudayamo', 'sedgerto', 'pickera', 'tuckerz', 'slillig', 'abhalcha', 'mfess', 'jboulayd', 'mmshank16', 'lmackin', 'ferree1', 'gavinneyman', 'bgrandst', 'choi333', 'mtrivell', 'glevine', 'li3604', 'behrr', 'allnic21', 'epiergal', 'ghosh36', 'stark22', 'lm45000', 'bwitchie', 'anniebreidinger', 'ander754', 'mart1180', 'jeigenbr', 'aleidli', 'rhinesj', 'hsmoke', 'koverley', 'tu37', 'singer15', 'ceckste', 'racroth35', 'jhulsize', 'tnoor', 'saboa', 'nwegh2017', 'eloewe', 'ali113', 'jbuehrle', 'gct246', 'dewittl', 'rroggema', 'schuman1', 'everbru', 'slosing', 'jlorah', 'chiang56', 'gao499', 'xose.amo', 'lthursto', 'coolnikitav', 'deshmukp', 'jnasiboov', 'ltoy', 'li2722', 'sgrzych', 'bamorim', 'awennin', 'egarayev', 'li2709', 'verma52', 'bullock8', 'mill2119', 'white559', 'hillej', 'amoravec', 'george92', 'alotaib6', 'jfitzhu', 'nikitasridhar14', 'dlarocco', 'colewilloughby1125', 'marito', 'tpownell', 'gmantey', 'lrigsbee', 'goodma27', 'uuraechu', 'adamdmiller17', 'kbebris', 'ecave', 'fergu101', 'vkolar', 'ross217', 'jonathanlimp87', '17scotta', 'mcginn1', 'akansky']",10,"['cmousoul', 'ho141', 'sritapaswi2007', 'jiang402', 'bageesey', None, 'hsvalladares88', 'markleightonfisher', 'llosadar', 'cedrichan']",205,"['mart1380', 'wisler0', 'patel731', 'jaloi', 'kzeligso', 'cdtorres', 'cregers', 'engc', 'dmassow', 'abelkiew', 'zfrank64', 'jin376', 'lee2614', 'etitheyeti98', 'rumplem', 'dragoneye', 'mohdshah', 'tl0120', 'bcaffert', 'gezbbl7', 'ccurto', 'smit3177', 'amcgoff', 'freyg', 'dkuen', 'pillai7', 'wning', 'chen2122', 'ewilhite', 'rweedon', 'zubik', 'davidsml', 'bpolinsk', 'abosshar', 'ho141', 'gupta393', 'mpisoni', 'efeldman', 'cmenden', 'eashburn', 'bcasler', 'richg', 'payne71', 'awoodwa', 'nabdrahn', 'baile261', 'msulaima', 'kvansan', 'nkhuu', 'cccyyj720', 'klipiszk', 'cheeseballs99', 'edreifue', 'harri670', 'harbinz', 'lawrencr', 'chao26', 'kinserc', 'jmacatan', 'cmousoul', 'xu1085', 'gcesar', 'apanuga', 'peter514', 'ftangpoo', 'daviskahmann', 'kswartzb', 'mmohdzai', 'pcastagn', 'tglavan', 'iyengar1', 'hschennu', 'adams410', 'tdarmon20', 'atruver', 'ellis99', 'kozelr', 'nail', 'bowman96', 'xul9044', 'natoli0', 'aperitor', 'agrillo', 'msargen', 'stapletl', 'mart1391', 'sanjiv3damo', 'woo49', 'jiang402', 'rutherfb', 'terry51', 'mgubbi', None, 'rathi4', 'hill399', 'ctsioli', 'bkeel', 'yang1865', 'akick', 'cvasq69', 'ithakor', 'rturk8292', 'cwidak', 'malhamm', 'bageesey', 'wonhyukdo', 'lyanni', 'kumar212', 'vudayamo', 'sedgerto', 'cedrichan', 'pickera', 'tuckerz', 'slillig', 'abhalcha', 'mfess', 'jboulayd', 'mmshank16', 'lmackin', 'ferree1', 'gavinneyman', 'sritapaswi2007', 'bgrandst', 'choi333', 'mtrivell', 'glevine', 'li3604', 'behrr', 'allnic21', 'epiergal', 'ghosh36', 'stark22', 'lm45000', 'bwitchie', 'anniebreidinger', 'ander754', 'mart1180', 'jeigenbr', 'aleidli', 'rhinesj', 'hsmoke', 'koverley', 'tu37', 'singer15', 'ceckste', 'racroth35', 'jhulsize', 'tnoor', 'saboa', 'nwegh2017', 'eloewe', 'ali113', 'jbuehrle', 'gct246', 'dewittl', 'markleightonfisher', 'llosadar', 'rroggema', 'schuman1', 'everbru', 'slosing', 'jlorah', 'chiang56', 'gao499', 'xose.amo', 'hsvalladares88', 'lthursto', 'coolnikitav', 'deshmukp', 'jnasiboov', 'ltoy', 'li2722', 'sgrzych', 'bamorim', 'awennin', 'egarayev', 'li2709', 'verma52', 'bullock8', 'mill2119', 'white559', 'hillej', 'amoravec', 'george92', 'alotaib6', 'jfitzhu', 'nikitasridhar14', 'dlarocco', 'colewilloughby1125', 'marito', 'tpownell', 'gmantey', 'lrigsbee', 'goodma27', 'uuraechu', 'adamdmiller17', 'kbebris', 'ecave', 'fergu101', 'vkolar', 'ross217', 'jonathanlimp87', '17scotta', 'mcginn1', 'akansky']"
3,287,196,11,10,"['adamdmiller17', 'sgrzych', 'jbuehrle', 'tdarmon20', 'dmassow', 'hill399', 'verma52', 'kozelr', 'harri670', 'hsmoke']",185,"['mart1380', 'wisler0', 'patel731', 'jaloi', 'kzeligso', 'cdtorres', 'cregers', 'engc', 'abelkiew', 'zfrank64', 'jin376', 'lee2614', 'etitheyeti98', 'rumplem', 'dragoneye', 'mohdshah', 'tl0120', 'bcaffert', 'gezbbl7', 'ccurto', 'smit3177', 'amcgoff', 'freyg', 'dkuen', 'pillai7', 'wning', 'chen2122', 'ewilhite', 'rweedon', 'zubik', 'davidsml', 'bpolinsk', 'abosshar', 'gupta393', 'mpisoni', 'efeldman', 'cmenden', 'eashburn', 'bcasler', 'richg', 'payne71', 'awoodwa', 'nabdrahn', 'baile261', 'msulaima', 'kvansan', 'nkhuu', 'cccyyj720', 'klipiszk', 'cheeseballs99', 'edreifue', 'harbinz', 'lawrencr', 'chao26', 'kinserc', 'jmacatan', 'xu1085', 'gcesar', 'apanuga', 'peter514', 'ftangpoo', 'daviskahmann', 'kswartzb', 'mmohdzai', 'pcastagn', 'tglavan', 'iyengar1', 'hschennu', 'adams410', 'atruver', 'ellis99', 'nail', 'bowman96', 'xul9044', 'natoli0', 'aperitor', 'agrillo', 'msargen', 'stapletl', 'mart1391', 'sanjiv3damo', 'woo49', 'rutherfb', 'terry51', 'mgubbi', 'rathi4', 'ctsioli', 'bkeel', 'yang1865', 'akick', 'cvasq69', 'ithakor', 'rturk8292', 'cwidak', 'malhamm', 'wonhyukdo', 'lyanni', 'kumar212', 'vudayamo', 'sedgerto', 'pickera', 'tuckerz', 'slillig', 'abhalcha', 'mfess', 'jboulayd', 'mmshank16', 'lmackin', 'ferree1', 'gavinneyman', 'bgrandst', 'choi333', 'mtrivell', 'glevine', 'li3604', 'behrr', 'allnic21', 'epiergal', 'ghosh36', 'stark22', 'lm45000', 'bwitchie', 'anniebreidinger', 'ander754', 'mart1180', 'jeigenbr', 'aleidli', 'rhinesj', 'koverley', 'tu37', 'singer15', 'ceckste', 'racroth35', 'jhulsize', 'tnoor', 'saboa', 'nwegh2017', 'eloewe', 'ali113', 'gct246', 'dewittl', 'rroggema', 'schuman1', 'everbru', 'slosing', 'jlorah', 'chiang56', 'gao499', 'xose.amo', 'lthursto', 'coolnikitav', 'deshmukp', 'jnasiboov', 'ltoy', 'li2722', 'bamorim', 'awennin', 'egarayev', 'li2709', 'bullock8', 'mill2119', 'white559', 'hillej', 'amoravec', 'george92', 'alotaib6', 'jfitzhu', 'nikitasridhar14', 'dlarocco', 'colewilloughby1125', 'marito', 'tpownell', 'gmantey', 'lrigsbee', 'goodma27', 'uuraechu', 'kbebris', 'ecave', 'fergu101', 'vkolar', 'ross217', 'jonathanlimp87', '17scotta', 'mcginn1', 'akansky']",1,[None],196,"['mart1380', 'wisler0', 'patel731', 'jaloi', 'kzeligso', 'cdtorres', 'cregers', 'engc', 'dmassow', 'abelkiew', 'zfrank64', 'jin376', 'lee2614', 'etitheyeti98', 'rumplem', 'dragoneye', 'mohdshah', 'tl0120', 'bcaffert', 'gezbbl7', 'ccurto', 'smit3177', 'amcgoff', 'freyg', 'dkuen', 'pillai7', 'wning', 'chen2122', 'ewilhite', 'rweedon', 'zubik', 'davidsml', 'bpolinsk', 'abosshar', 'gupta393', 'mpisoni', 'efeldman', 'cmenden', 'eashburn', 'bcasler', 'richg', 'payne71', 'awoodwa', 'nabdrahn', 'baile261', 'msulaima', 'kvansan', 'nkhuu', 'cccyyj720', 'klipiszk', 'cheeseballs99', 'edreifue', 'harri670', 'harbinz', 'lawrencr', 'chao26', 'kinserc', 'jmacatan', 'xu1085', 'gcesar', 'apanuga', 'peter514', 'ftangpoo', 'daviskahmann', 'kswartzb', 'mmohdzai', 'pcastagn', 'tglavan', 'iyengar1', 'hschennu', 'adams410', 'tdarmon20', 'atruver', 'ellis99', 'kozelr', 'nail', 'bowman96', 'xul9044', 'natoli0', 'aperitor', 'agrillo', 'msargen', 'stapletl', 'mart1391', 'sanjiv3damo', 'woo49', 'rutherfb', 'terry51', 'mgubbi', None, 'rathi4', 'hill399', 'ctsioli', 'bkeel', 'yang1865', 'akick', 'cvasq69', 'ithakor', 'rturk8292', 'cwidak', 'malhamm', 'wonhyukdo', 'lyanni', 'kumar212', 'vudayamo', 'sedgerto', 'pickera', 'tuckerz', 'slillig', 'abhalcha', 'mfess', 'jboulayd', 'mmshank16', 'lmackin', 'ferree1', 'gavinneyman', 'bgrandst', 'choi333', 'mtrivell', 'glevine', 'li3604', 'behrr', 'allnic21', 'epiergal', 'ghosh36', 'stark22', 'lm45000', 'bwitchie', 'anniebreidinger', 'ander754', 'mart1180', 'jeigenbr', 'aleidli', 'rhinesj', 'hsmoke', 'koverley', 'tu37', 'singer15', 'ceckste', 'racroth35', 'jhulsize', 'tnoor', 'saboa', 'nwegh2017', 'eloewe', 'ali113', 'jbuehrle', 'gct246', 'dewittl', 'rroggema', 'schuman1', 'everbru', 'slosing', 'jlorah', 'chiang56', 'gao499', 'xose.amo', 'lthursto', 'coolnikitav', 'deshmukp', 'jnasiboov', 'ltoy', 'li2722', 'sgrzych', 'bamorim', 'awennin', 'egarayev', 'li2709', 'verma52', 'bullock8', 'mill2119', 'white559', 'hillej', 'amoravec', 'george92', 'alotaib6', 'jfitzhu', 'nikitasridhar14', 'dlarocco', 'colewilloughby1125', 'marito', 'tpownell', 'gmantey', 'lrigsbee', 'goodma27', 'uuraechu', 'adamdmiller17', 'kbebris', 'ecave', 'fergu101', 'vkolar', 'ross217', 'jonathanlimp87', '17scotta', 'mcginn1', 'akansky']"
3,105,196,9,1,['koverley'],194,"['mart1380', 'wisler0', 'patel731', 'jaloi', 'kzeligso', 'cdtorres', 'cregers', 'engc', 'dmassow', 'abelkiew', 'zfrank64', 'jin376', 'lee2614', 'etitheyeti98', 'rumplem', 'dragoneye', 'mohdshah', 'tl0120', 'bcaffert', 'gezbbl7', 'ccurto', 'smit3177', 'amcgoff', 'freyg', 'dkuen', 'pillai7', 'wning', 'chen2122', 'ewilhite', 'rweedon', 'zubik', 'davidsml', 'bpolinsk', 'abosshar', 'gupta393', 'mpisoni', 'efeldman', 'cmenden', 'eashburn', 'bcasler', 'richg', 'payne71', 'awoodwa', 'nabdrahn', 'baile261', 'msulaima', 'kvansan', 'nkhuu', 'cccyyj720', 'klipiszk', 'cheeseballs99', 'edreifue', 'harri670', 'harbinz', 'lawrencr', 'chao26', 'kinserc', 'jmacatan', 'xu1085', 'gcesar', 'apanuga', 'peter514', 'ftangpoo', 'daviskahmann', 'kswartzb', 'mmohdzai', 'pcastagn', 'tglavan', 'iyengar1', 'hschennu', 'adams410', 'tdarmon20', 'atruver', 'ellis99', 'kozelr', 'nail', 'bowman96', 'xul9044', 'natoli0', 'aperitor', 'agrillo', 'msargen', 'stapletl', 'mart1391', 'sanjiv3damo', 'woo49', 'rutherfb', 'terry51', 'mgubbi', 'rathi4', 'hill399', 'ctsioli', 'bkeel', 'yang1865', 'akick', 'cvasq69', 'ithakor', 'rturk8292', 'cwidak', 'malhamm', 'wonhyukdo', 'lyanni', 'kumar212', 'vudayamo', 'sedgerto', 'pickera', 'tuckerz', 'slillig', 'abhalcha', 'mfess', 'jboulayd', 'mmshank16', 'lmackin', 'ferree1', 'gavinneyman', 'bgrandst', 'choi333', 'mtrivell', 'glevine', 'li3604', 'behrr', 'allnic21', 'epiergal', 'ghosh36', 'stark22', 'lm45000', 'bwitchie', 'anniebreidinger', 'ander754', 'mart1180', 'jeigenbr', 'aleidli', 'rhinesj', 'hsmoke', 'tu37', 'singer15', 'ceckste', 'racroth35', 'jhulsize', 'tnoor', 'saboa', 'nwegh2017', 'eloewe', 'ali113', 'jbuehrle', 'gct246', 'dewittl', 'rroggema', 'schuman1', 'everbru', 'slosing', 'jlorah', 'chiang56', 'gao499', 'xose.amo', 'lthursto', 'coolnikitav', 'deshmukp', 'jnasiboov', 'ltoy', 'li2722', 'sgrzych', 'bamorim', 'awennin', 'egarayev', 'li2709', 'verma52', 'bullock8', 'mill2119', 'white559', 'hillej', 'amoravec', 'george92', 'alotaib6', 'jfitzhu', 'nikitasridhar14', 'dlarocco', 'colewilloughby1125', 'marito', 'tpownell', 'gmantey', 'lrigsbee', 'goodma27', 'uuraechu', 'adamdmiller17', 'kbebris', 'ecave', 'fergu101', 'vkolar', 'ross217', 'jonathanlimp87', '17scotta', 'mcginn1', 'akansky']",8,"['koverley1', 'yount', 'sharp52', 'dixon82', 'obalican', 'hansonni', None, 'cho372']",203,"['mart1380', 'wisler0', 'patel731', 'jaloi', 'kzeligso', 'cdtorres', 'cregers', 'engc', 'dmassow', 'abelkiew', 'zfrank64', 'jin376', 'lee2614', 'cho372', 'etitheyeti98', 'rumplem', 'dragoneye', 'mohdshah', 'tl0120', 'bcaffert', 'gezbbl7', 'ccurto', 'smit3177', 'amcgoff', 'freyg', 'dkuen', 'pillai7', 'wning', 'chen2122', 'ewilhite', 'rweedon', 'zubik', 'davidsml', 'bpolinsk', 'abosshar', 'gupta393', 'mpisoni', 'efeldman', 'cmenden', 'eashburn', 'bcasler', 'richg', 'payne71', 'awoodwa', 'nabdrahn', 'obalican', 'baile261', 'msulaima', 'kvansan', 'nkhuu', 'cccyyj720', 'klipiszk', 'cheeseballs99', 'edreifue', 'harri670', 'harbinz', 'lawrencr', 'chao26', 'kinserc', 'jmacatan', 'xu1085', 'gcesar', 'apanuga', 'peter514', 'ftangpoo', 'daviskahmann', 'kswartzb', 'mmohdzai', 'pcastagn', 'tglavan', 'iyengar1', 'hschennu', 'adams410', 'tdarmon20', 'atruver', 'ellis99', 'kozelr', 'nail', 'bowman96', 'xul9044', 'natoli0', 'aperitor', 'agrillo', 'msargen', 'stapletl', 'mart1391', 'sanjiv3damo', 'woo49', 'rutherfb', 'terry51', 'mgubbi', None, 'rathi4', 'hill399', 'ctsioli', 'bkeel', 'yang1865', 'akick', 'cvasq69', 'ithakor', 'rturk8292', 'cwidak', 'malhamm', 'wonhyukdo', 'lyanni', 'kumar212', 'vudayamo', 'sedgerto', 'pickera', 'tuckerz', 'slillig', 'abhalcha', 'mfess', 'jboulayd', 'mmshank16', 'lmackin', 'ferree1', 'gavinneyman', 'bgrandst', 'choi333', 'mtrivell', 'glevine', 'li3604', 'behrr', 'allnic21', 'epiergal', 'ghosh36', 'stark22', 'lm45000', 'bwitchie', 'anniebreidinger', 'ander754', 'mart1180', 'jeigenbr', 'aleidli', 'rhinesj', 'hsmoke', 'koverley', 'tu37', 'singer15', 'ceckste', 'racroth35', 'jhulsize', 'tnoor', 'saboa', 'nwegh2017', 'eloewe', 'ali113', 'jbuehrle', 'gct246', 'dewittl', 'rroggema', 'schuman1', 'everbru', 'slosing', 'sharp52', 'jlorah', 'chiang56', 'gao499', 'xose.amo', 'lthursto', 'coolnikitav', 'deshmukp', 'jnasiboov', 'ltoy', 'li2722', 'sgrzych', 'bamorim', 'dixon82', 'awennin', 'egarayev', 'hansonni', 'li2709', 'verma52', 'bullock8', 'mill2119', 'white559', 'hillej', 'amoravec', 'george92', 'alotaib6', 'jfitzhu', 'nikitasridhar14', 'dlarocco', 'colewilloughby1125', 'yount', 'marito', 'tpownell', 'gmantey', 'lrigsbee', 'goodma27', 'uuraechu', 'adamdmiller17', 'kbebris', 'koverley1', 'ecave', 'fergu101', 'vkolar', 'ross217', 'jonathanlimp87', '17scotta', 'mcginn1', 'akansky']"
3,113,196,8,3,"['efeldman', 'etitheyeti98', 'mcginn1']",192,"['mart1380', 'wisler0', 'patel731', 'jaloi', 'kzeligso', 'cdtorres', 'cregers', 'engc', 'dmassow', 'abelkiew', 'zfrank64', 'jin376', 'lee2614', 'rumplem', 'dragoneye', 'mohdshah', 'tl0120', 'bcaffert', 'gezbbl7', 'ccurto', 'smit3177', 'amcgoff', 'freyg', 'dkuen', 'pillai7', 'wning', 'chen2122', 'ewilhite', 'rweedon', 'zubik', 'davidsml', 'bpolinsk', 'abosshar', 'gupta393', 'mpisoni', 'cmenden', 'eashburn', 'bcasler', 'richg', 'payne71', 'awoodwa', 'nabdrahn', 'baile261', 'msulaima', 'kvansan', 'nkhuu', 'cccyyj720', 'klipiszk', 'cheeseballs99', 'edreifue', 'harri670', 'harbinz', 'lawrencr', 'chao26', 'kinserc', 'jmacatan', 'xu1085', 'gcesar', 'apanuga', 'peter514', 'ftangpoo', 'daviskahmann', 'kswartzb', 'mmohdzai', 'pcastagn', 'tglavan', 'iyengar1', 'hschennu', 'adams410', 'tdarmon20', 'atruver', 'ellis99', 'kozelr', 'nail', 'bowman96', 'xul9044', 'natoli0', 'aperitor', 'agrillo', 'msargen', 'stapletl', 'mart1391', 'sanjiv3damo', 'woo49', 'rutherfb', 'terry51', 'mgubbi', 'rathi4', 'hill399', 'ctsioli', 'bkeel', 'yang1865', 'akick', 'cvasq69', 'ithakor', 'rturk8292', 'cwidak', 'malhamm', 'wonhyukdo', 'lyanni', 'kumar212', 'vudayamo', 'sedgerto', 'pickera', 'tuckerz', 'slillig', 'abhalcha', 'mfess', 'jboulayd', 'mmshank16', 'lmackin', 'ferree1', 'gavinneyman', 'bgrandst', 'choi333', 'mtrivell', 'glevine', 'li3604', 'behrr', 'allnic21', 'epiergal', 'ghosh36', 'stark22', 'lm45000', 'bwitchie', 'anniebreidinger', 'ander754', 'mart1180', 'jeigenbr', 'aleidli', 'rhinesj', 'hsmoke', 'koverley', 'tu37', 'singer15', 'ceckste', 'racroth35', 'jhulsize', 'tnoor', 'saboa', 'nwegh2017', 'eloewe', 'ali113', 'jbuehrle', 'gct246', 'dewittl', 'rroggema', 'schuman1', 'everbru', 'slosing', 'jlorah', 'chiang56', 'gao499', 'xose.amo', 'lthursto', 'coolnikitav', 'deshmukp', 'jnasiboov', 'ltoy', 'li2722', 'sgrzych', 'bamorim', 'awennin', 'egarayev', 'li2709', 'verma52', 'bullock8', 'mill2119', 'white559', 'hillej', 'amoravec', 'george92', 'alotaib6', 'jfitzhu', 'nikitasridhar14', 'dlarocco', 'colewilloughby1125', 'marito', 'tpownell', 'gmantey', 'lrigsbee', 'goodma27', 'uuraechu', 'adamdmiller17', 'kbebris', 'ecave', 'fergu101', 'vkolar', 'ross217', 'jonathanlimp87', '17scotta', 'akansky']",5,"['jdiego1216', 'olugbenga82', 'kfuria', 'guicx', None]",200,"['mart1380', 'wisler0', 'patel731', 'jaloi', 'kzeligso', 'cdtorres', 'cregers', 'engc', 'dmassow', 'abelkiew', 'zfrank64', 'jin376', 'lee2614', 'etitheyeti98', 'rumplem', 'dragoneye', 'mohdshah', 'tl0120', 'bcaffert', 'gezbbl7', 'ccurto', 'smit3177', 'amcgoff', 'freyg', 'dkuen', 'pillai7', 'wning', 'chen2122', 'ewilhite', 'rweedon', 'zubik', 'davidsml', 'bpolinsk', 'abosshar', 'gupta393', 'mpisoni', 'efeldman', 'cmenden', 'eashburn', 'bcasler', 'richg', 'payne71', 'awoodwa', 'nabdrahn', 'baile261', 'msulaima', 'kvansan', 'nkhuu', 'cccyyj720', 'klipiszk', 'cheeseballs99', 'edreifue', 'harri670', 'harbinz', 'lawrencr', 'chao26', 'kinserc', 'jmacatan', 'xu1085', 'gcesar', 'apanuga', 'peter514', 'ftangpoo', 'daviskahmann', 'kswartzb', 'mmohdzai', 'pcastagn', 'tglavan', 'iyengar1', 'hschennu', 'olugbenga82', 'adams410', 'tdarmon20', 'atruver', 'ellis99', 'kozelr', 'nail', 'bowman96', 'xul9044', 'natoli0', 'aperitor', 'agrillo', 'msargen', 'stapletl', 'mart1391', 'sanjiv3damo', 'woo49', 'rutherfb', 'terry51', 'mgubbi', None, 'rathi4', 'hill399', 'ctsioli', 'bkeel', 'yang1865', 'akick', 'cvasq69', 'ithakor', 'rturk8292', 'cwidak', 'malhamm', 'wonhyukdo', 'lyanni', 'kumar212', 'vudayamo', 'sedgerto', 'pickera', 'tuckerz', 'slillig', 'abhalcha', 'mfess', 'jboulayd', 'mmshank16', 'lmackin', 'ferree1', 'gavinneyman', 'bgrandst', 'choi333', 'mtrivell', 'glevine', 'li3604', 'behrr', 'allnic21', 'epiergal', 'ghosh36', 'jdiego1216', 'stark22', 'lm45000', 'bwitchie', 'anniebreidinger', 'ander754', 'mart1180', 'jeigenbr', 'aleidli', 'rhinesj', 'hsmoke', 'koverley', 'tu37', 'singer15', 'ceckste', 'racroth35', 'jhulsize', 'tnoor', 'saboa', 'nwegh2017', 'eloewe', 'ali113', 'jbuehrle', 'gct246', 'dewittl', 'rroggema', 'schuman1', 'everbru', 'slosing', 'jlorah', 'chiang56', 'gao499', 'kfuria', 'xose.amo', 'lthursto', 'coolnikitav', 'deshmukp', 'jnasiboov', 'ltoy', 'li2722', 'sgrzych', 'bamorim', 'awennin', 'egarayev', 'li2709', 'verma52', 'bullock8', 'mill2119', 'white559', 'hillej', 'amoravec', 'george92', 'alotaib6', 'jfitzhu', 'nikitasridhar14', 'dlarocco', 'colewilloughby1125', 'marito', 'tpownell', 'guicx', 'gmantey', 'lrigsbee', 'goodma27', 'uuraechu', 'adamdmiller17', 'kbebris', 'ecave', 'fergu101', 'vkolar', 'ross217', 'jonathanlimp87', '17scotta', 'mcginn1', 'akansky']"
3,135,196,7,4,"['mtrivell', 'bwitchie', 'hill399', 'dlarocco']",191,"['mart1380', 'wisler0', 'patel731', 'jaloi', 'kzeligso', 'cdtorres', 'cregers', 'engc', 'dmassow', 'abelkiew', 'zfrank64', 'jin376', 'lee2614', 'etitheyeti98', 'rumplem', 'dragoneye', 'mohdshah', 'tl0120', 'bcaffert', 'gezbbl7', 'ccurto', 'smit3177', 'amcgoff', 'freyg', 'dkuen', 'pillai7', 'wning', 'chen2122', 'ewilhite', 'rweedon', 'zubik', 'davidsml', 'bpolinsk', 'abosshar', 'gupta393', 'mpisoni', 'efeldman', 'cmenden', 'eashburn', 'bcasler', 'richg', 'payne71', 'awoodwa', 'nabdrahn', 'baile261', 'msulaima', 'kvansan', 'nkhuu', 'cccyyj720', 'klipiszk', 'cheeseballs99', 'edreifue', 'harri670', 'harbinz', 'lawrencr', 'chao26', 'kinserc', 'jmacatan', 'xu1085', 'gcesar', 'apanuga', 'peter514', 'ftangpoo', 'daviskahmann', 'kswartzb', 'mmohdzai', 'pcastagn', 'tglavan', 'iyengar1', 'hschennu', 'adams410', 'tdarmon20', 'atruver', 'ellis99', 'kozelr', 'nail', 'bowman96', 'xul9044', 'natoli0', 'aperitor', 'agrillo', 'msargen', 'stapletl', 'mart1391', 'sanjiv3damo', 'woo49', 'rutherfb', 'terry51', 'mgubbi', 'rathi4', 'ctsioli', 'bkeel', 'yang1865', 'akick', 'cvasq69', 'ithakor', 'rturk8292', 'cwidak', 'malhamm', 'wonhyukdo', 'lyanni', 'kumar212', 'vudayamo', 'sedgerto', 'pickera', 'tuckerz', 'slillig', 'abhalcha', 'mfess', 'jboulayd', 'mmshank16', 'lmackin', 'ferree1', 'gavinneyman', 'bgrandst', 'choi333', 'glevine', 'li3604', 'behrr', 'allnic21', 'epiergal', 'ghosh36', 'stark22', 'lm45000', 'anniebreidinger', 'ander754', 'mart1180', 'jeigenbr', 'aleidli', 'rhinesj', 'hsmoke', 'koverley', 'tu37', 'singer15', 'ceckste', 'racroth35', 'jhulsize', 'tnoor', 'saboa', 'nwegh2017', 'eloewe', 'ali113', 'jbuehrle', 'gct246', 'dewittl', 'rroggema', 'schuman1', 'everbru', 'slosing', 'jlorah', 'chiang56', 'gao499', 'xose.amo', 'lthursto', 'coolnikitav', 'deshmukp', 'jnasiboov', 'ltoy', 'li2722', 'sgrzych', 'bamorim', 'awennin', 'egarayev', 'li2709', 'verma52', 'bullock8', 'mill2119', 'white559', 'hillej', 'amoravec', 'george92', 'alotaib6', 'jfitzhu', 'nikitasridhar14', 'colewilloughby1125', 'marito', 'tpownell', 'gmantey', 'lrigsbee', 'goodma27', 'uuraechu', 'adamdmiller17', 'kbebris', 'ecave', 'fergu101', 'vkolar', 'ross217', 'jonathanlimp87', '17scotta', 'mcginn1', 'akansky']",3,"['brewer66', 'mheighwa', None]",198,"['mart1380', 'wisler0', 'patel731', 'jaloi', 'kzeligso', 'cdtorres', 'cregers', 'engc', 'dmassow', 'abelkiew', 'zfrank64', 'jin376', 'lee2614', 'etitheyeti98', 'rumplem', 'dragoneye', 'mohdshah', 'mheighwa', 'tl0120', 'bcaffert', 'gezbbl7', 'ccurto', 'smit3177', 'amcgoff', 'freyg', 'dkuen', 'pillai7', 'wning', 'chen2122', 'ewilhite', 'rweedon', 'zubik', 'davidsml', 'bpolinsk', 'abosshar', 'gupta393', 'mpisoni', 'efeldman', 'cmenden', 'eashburn', 'bcasler', 'richg', 'payne71', 'awoodwa', 'nabdrahn', 'baile261', 'msulaima', 'kvansan', 'nkhuu', 'cccyyj720', 'klipiszk', 'cheeseballs99', 'edreifue', 'harri670', 'harbinz', 'lawrencr', 'chao26', 'kinserc', 'jmacatan', 'brewer66', 'xu1085', 'gcesar', 'apanuga', 'peter514', 'ftangpoo', 'daviskahmann', 'kswartzb', 'mmohdzai', 'pcastagn', 'tglavan', 'iyengar1', 'hschennu', 'adams410', 'tdarmon20', 'atruver', 'ellis99', 'kozelr', 'nail', 'bowman96', 'xul9044', 'natoli0', 'aperitor', 'agrillo', 'msargen', 'stapletl', 'mart1391', 'sanjiv3damo', 'woo49', 'rutherfb', 'terry51', 'mgubbi', None, 'rathi4', 'hill399', 'ctsioli', 'bkeel', 'yang1865', 'akick', 'cvasq69', 'ithakor', 'rturk8292', 'cwidak', 'malhamm', 'wonhyukdo', 'lyanni', 'kumar212', 'vudayamo', 'sedgerto', 'pickera', 'tuckerz', 'slillig', 'abhalcha', 'mfess', 'jboulayd', 'mmshank16', 'lmackin', 'ferree1', 'gavinneyman', 'bgrandst', 'choi333', 'mtrivell', 'glevine', 'li3604', 'behrr', 'allnic21', 'epiergal', 'ghosh36', 'stark22', 'lm45000', 'bwitchie', 'anniebreidinger', 'ander754', 'mart1180', 'jeigenbr', 'aleidli', 'rhinesj', 'hsmoke', 'koverley', 'tu37', 'singer15', 'ceckste', 'racroth35', 'jhulsize', 'tnoor', 'saboa', 'nwegh2017', 'eloewe', 'ali113', 'jbuehrle', 'gct246', 'dewittl', 'rroggema', 'schuman1', 'everbru', 'slosing', 'jlorah', 'chiang56', 'gao499', 'xose.amo', 'lthursto', 'coolnikitav', 'deshmukp', 'jnasiboov', 'ltoy', 'li2722', 'sgrzych', 'bamorim', 'awennin', 'egarayev', 'li2709', 'verma52', 'bullock8', 'mill2119', 'white559', 'hillej', 'amoravec', 'george92', 'alotaib6', 'jfitzhu', 'nikitasridhar14', 'dlarocco', 'colewilloughby1125', 'marito', 'tpownell', 'gmantey', 'lrigsbee', 'goodma27', 'uuraechu', 'adamdmiller17', 'kbebris', 'ecave', 'fergu101', 'vkolar', 'ross217', 'jonathanlimp87', '17scotta', 'mcginn1', 'akansky']"
3,227,196,7,6,"['davidsml', 'kbebris', 'lm45000', 'rumplem', 'gavinneyman', 'natoli0']",189,"['mart1380', 'wisler0', 'patel731', 'jaloi', 'kzeligso', 'cdtorres', 'cregers', 'engc', 'dmassow', 'abelkiew', 'zfrank64', 'jin376', 'lee2614', 'etitheyeti98', 'dragoneye', 'mohdshah', 'tl0120', 'bcaffert', 'gezbbl7', 'ccurto', 'smit3177', 'amcgoff', 'freyg', 'dkuen', 'pillai7', 'wning', 'chen2122', 'ewilhite', 'rweedon', 'zubik', 'bpolinsk', 'abosshar', 'gupta393', 'mpisoni', 'efeldman', 'cmenden', 'eashburn', 'bcasler', 'richg', 'payne71', 'awoodwa', 'nabdrahn', 'baile261', 'msulaima', 'kvansan', 'nkhuu', 'cccyyj720', 'klipiszk', 'cheeseballs99', 'edreifue', 'harri670', 'harbinz', 'lawrencr', 'chao26', 'kinserc', 'jmacatan', 'xu1085', 'gcesar', 'apanuga', 'peter514', 'ftangpoo', 'daviskahmann', 'kswartzb', 'mmohdzai', 'pcastagn', 'tglavan', 'iyengar1', 'hschennu', 'adams410', 'tdarmon20', 'atruver', 'ellis99', 'kozelr', 'nail', 'bowman96', 'xul9044', 'aperitor', 'agrillo', 'msargen', 'stapletl', 'mart1391', 'sanjiv3damo', 'woo49', 'rutherfb', 'terry51', 'mgubbi', 'rathi4', 'hill399', 'ctsioli', 'bkeel', 'yang1865', 'akick', 'cvasq69', 'ithakor', 'rturk8292', 'cwidak', 'malhamm', 'wonhyukdo', 'lyanni', 'kumar212', 'vudayamo', 'sedgerto', 'pickera', 'tuckerz', 'slillig', 'abhalcha', 'mfess', 'jboulayd', 'mmshank16', 'lmackin', 'ferree1', 'bgrandst', 'choi333', 'mtrivell', 'glevine', 'li3604', 'behrr', 'allnic21', 'epiergal', 'ghosh36', 'stark22', 'bwitchie', 'anniebreidinger', 'ander754', 'mart1180', 'jeigenbr', 'aleidli', 'rhinesj', 'hsmoke', 'koverley', 'tu37', 'singer15', 'ceckste', 'racroth35', 'jhulsize', 'tnoor', 'saboa', 'nwegh2017', 'eloewe', 'ali113', 'jbuehrle', 'gct246', 'dewittl', 'rroggema', 'schuman1', 'everbru', 'slosing', 'jlorah', 'chiang56', 'gao499', 'xose.amo', 'lthursto', 'coolnikitav', 'deshmukp', 'jnasiboov', 'ltoy', 'li2722', 'sgrzych', 'bamorim', 'awennin', 'egarayev', 'li2709', 'verma52', 'bullock8', 'mill2119', 'white559', 'hillej', 'amoravec', 'george92', 'alotaib6', 'jfitzhu', 'nikitasridhar14', 'dlarocco', 'colewilloughby1125', 'marito', 'tpownell', 'gmantey', 'lrigsbee', 'goodma27', 'uuraechu', 'adamdmiller17', 'ecave', 'fergu101', 'vkolar', 'ross217', 'jonathanlimp87', '17scotta', 'mcginn1', 'akansky']",1,[None],196,"['mart1380', 'wisler0', 'patel731', 'jaloi', 'kzeligso', 'cdtorres', 'cregers', 'engc', 'dmassow', 'abelkiew', 'zfrank64', 'jin376', 'lee2614', 'etitheyeti98', 'rumplem', 'dragoneye', 'mohdshah', 'tl0120', 'bcaffert', 'gezbbl7', 'ccurto', 'smit3177', 'amcgoff', 'freyg', 'dkuen', 'pillai7', 'wning', 'chen2122', 'ewilhite', 'rweedon', 'zubik', 'davidsml', 'bpolinsk', 'abosshar', 'gupta393', 'mpisoni', 'efeldman', 'cmenden', 'eashburn', 'bcasler', 'richg', 'payne71', 'awoodwa', 'nabdrahn', 'baile261', 'msulaima', 'kvansan', 'nkhuu', 'cccyyj720', 'klipiszk', 'cheeseballs99', 'edreifue', 'harri670', 'harbinz', 'lawrencr', 'chao26', 'kinserc', 'jmacatan', 'xu1085', 'gcesar', 'apanuga', 'peter514', 'ftangpoo', 'daviskahmann', 'kswartzb', 'mmohdzai', 'pcastagn', 'tglavan', 'iyengar1', 'hschennu', 'adams410', 'tdarmon20', 'atruver', 'ellis99', 'kozelr', 'nail', 'bowman96', 'xul9044', 'natoli0', 'aperitor', 'agrillo', 'msargen', 'stapletl', 'mart1391', 'sanjiv3damo', 'woo49', 'rutherfb', 'terry51', 'mgubbi', None, 'rathi4', 'hill399', 'ctsioli', 'bkeel', 'yang1865', 'akick', 'cvasq69', 'ithakor', 'rturk8292', 'cwidak', 'malhamm', 'wonhyukdo', 'lyanni', 'kumar212', 'vudayamo', 'sedgerto', 'pickera', 'tuckerz', 'slillig', 'abhalcha', 'mfess', 'jboulayd', 'mmshank16', 'lmackin', 'ferree1', 'gavinneyman', 'bgrandst', 'choi333', 'mtrivell', 'glevine', 'li3604', 'behrr', 'allnic21', 'epiergal', 'ghosh36', 'stark22', 'lm45000', 'bwitchie', 'anniebreidinger', 'ander754', 'mart1180', 'jeigenbr', 'aleidli', 'rhinesj', 'hsmoke', 'koverley', 'tu37', 'singer15', 'ceckste', 'racroth35', 'jhulsize', 'tnoor', 'saboa', 'nwegh2017', 'eloewe', 'ali113', 'jbuehrle', 'gct246', 'dewittl', 'rroggema', 'schuman1', 'everbru', 'slosing', 'jlorah', 'chiang56', 'gao499', 'xose.amo', 'lthursto', 'coolnikitav', 'deshmukp', 'jnasiboov', 'ltoy', 'li2722', 'sgrzych', 'bamorim', 'awennin', 'egarayev', 'li2709', 'verma52', 'bullock8', 'mill2119', 'white559', 'hillej', 'amoravec', 'george92', 'alotaib6', 'jfitzhu', 'nikitasridhar14', 'dlarocco', 'colewilloughby1125', 'marito', 'tpownell', 'gmantey', 'lrigsbee', 'goodma27', 'uuraechu', 'adamdmiller17', 'kbebris', 'ecave', 'fergu101', 'vkolar', 'ross217', 'jonathanlimp87', '17scotta', 'mcginn1', 'akansky']"
3,289,196,7,6,"['kbebris', 'lm45000', 'tpownell', 'gavinneyman', 'natoli0', 'hillej']",189,"['mart1380', 'wisler0', 'patel731', 'jaloi', 'kzeligso', 'cdtorres', 'cregers', 'engc', 'dmassow', 'abelkiew', 'zfrank64', 'jin376', 'lee2614', 'etitheyeti98', 'rumplem', 'dragoneye', 'mohdshah', 'tl0120', 'bcaffert', 'gezbbl7', 'ccurto', 'smit3177', 'amcgoff', 'freyg', 'dkuen', 'pillai7', 'wning', 'chen2122', 'ewilhite', 'rweedon', 'zubik', 'davidsml', 'bpolinsk', 'abosshar', 'gupta393', 'mpisoni', 'efeldman', 'cmenden', 'eashburn', 'bcasler', 'richg', 'payne71', 'awoodwa', 'nabdrahn', 'baile261', 'msulaima', 'kvansan', 'nkhuu', 'cccyyj720', 'klipiszk', 'cheeseballs99', 'edreifue', 'harri670', 'harbinz', 'lawrencr', 'chao26', 'kinserc', 'jmacatan', 'xu1085', 'gcesar', 'apanuga', 'peter514', 'ftangpoo', 'daviskahmann', 'kswartzb', 'mmohdzai', 'pcastagn', 'tglavan', 'iyengar1', 'hschennu', 'adams410', 'tdarmon20', 'atruver', 'ellis99', 'kozelr', 'nail', 'bowman96', 'xul9044', 'aperitor', 'agrillo', 'msargen', 'stapletl', 'mart1391', 'sanjiv3damo', 'woo49', 'rutherfb', 'terry51', 'mgubbi', 'rathi4', 'hill399', 'ctsioli', 'bkeel', 'yang1865', 'akick', 'cvasq69', 'ithakor', 'rturk8292', 'cwidak', 'malhamm', 'wonhyukdo', 'lyanni', 'kumar212', 'vudayamo', 'sedgerto', 'pickera', 'tuckerz', 'slillig', 'abhalcha', 'mfess', 'jboulayd', 'mmshank16', 'lmackin', 'ferree1', 'bgrandst', 'choi333', 'mtrivell', 'glevine', 'li3604', 'behrr', 'allnic21', 'epiergal', 'ghosh36', 'stark22', 'bwitchie', 'anniebreidinger', 'ander754', 'mart1180', 'jeigenbr', 'aleidli', 'rhinesj', 'hsmoke', 'koverley', 'tu37', 'singer15', 'ceckste', 'racroth35', 'jhulsize', 'tnoor', 'saboa', 'nwegh2017', 'eloewe', 'ali113', 'jbuehrle', 'gct246', 'dewittl', 'rroggema', 'schuman1', 'everbru', 'slosing', 'jlorah', 'chiang56', 'gao499', 'xose.amo', 'lthursto', 'coolnikitav', 'deshmukp', 'jnasiboov', 'ltoy', 'li2722', 'sgrzych', 'bamorim', 'awennin', 'egarayev', 'li2709', 'verma52', 'bullock8', 'mill2119', 'white559', 'amoravec', 'george92', 'alotaib6', 'jfitzhu', 'nikitasridhar14', 'dlarocco', 'colewilloughby1125', 'marito', 'gmantey', 'lrigsbee', 'goodma27', 'uuraechu', 'adamdmiller17', 'ecave', 'fergu101', 'vkolar', 'ross217', 'jonathanlimp87', '17scotta', 'mcginn1', 'akansky']",1,[None],196,"['mart1380', 'wisler0', 'patel731', 'jaloi', 'kzeligso', 'cdtorres', 'cregers', 'engc', 'dmassow', 'abelkiew', 'zfrank64', 'jin376', 'lee2614', 'etitheyeti98', 'rumplem', 'dragoneye', 'mohdshah', 'tl0120', 'bcaffert', 'gezbbl7', 'ccurto', 'smit3177', 'amcgoff', 'freyg', 'dkuen', 'pillai7', 'wning', 'chen2122', 'ewilhite', 'rweedon', 'zubik', 'davidsml', 'bpolinsk', 'abosshar', 'gupta393', 'mpisoni', 'efeldman', 'cmenden', 'eashburn', 'bcasler', 'richg', 'payne71', 'awoodwa', 'nabdrahn', 'baile261', 'msulaima', 'kvansan', 'nkhuu', 'cccyyj720', 'klipiszk', 'cheeseballs99', 'edreifue', 'harri670', 'harbinz', 'lawrencr', 'chao26', 'kinserc', 'jmacatan', 'xu1085', 'gcesar', 'apanuga', 'peter514', 'ftangpoo', 'daviskahmann', 'kswartzb', 'mmohdzai', 'pcastagn', 'tglavan', 'iyengar1', 'hschennu', 'adams410', 'tdarmon20', 'atruver', 'ellis99', 'kozelr', 'nail', 'bowman96', 'xul9044', 'natoli0', 'aperitor', 'agrillo', 'msargen', 'stapletl', 'mart1391', 'sanjiv3damo', 'woo49', 'rutherfb', 'terry51', 'mgubbi', None, 'rathi4', 'hill399', 'ctsioli', 'bkeel', 'yang1865', 'akick', 'cvasq69', 'ithakor', 'rturk8292', 'cwidak', 'malhamm', 'wonhyukdo', 'lyanni', 'kumar212', 'vudayamo', 'sedgerto', 'pickera', 'tuckerz', 'slillig', 'abhalcha', 'mfess', 'jboulayd', 'mmshank16', 'lmackin', 'ferree1', 'gavinneyman', 'bgrandst', 'choi333', 'mtrivell', 'glevine', 'li3604', 'behrr', 'allnic21', 'epiergal', 'ghosh36', 'stark22', 'lm45000', 'bwitchie', 'anniebreidinger', 'ander754', 'mart1180', 'jeigenbr', 'aleidli', 'rhinesj', 'hsmoke', 'koverley', 'tu37', 'singer15', 'ceckste', 'racroth35', 'jhulsize', 'tnoor', 'saboa', 'nwegh2017', 'eloewe', 'ali113', 'jbuehrle', 'gct246', 'dewittl', 'rroggema', 'schuman1', 'everbru', 'slosing', 'jlorah', 'chiang56', 'gao499', 'xose.amo', 'lthursto', 'coolnikitav', 'deshmukp', 'jnasiboov', 'ltoy', 'li2722', 'sgrzych', 'bamorim', 'awennin', 'egarayev', 'li2709', 'verma52', 'bullock8', 'mill2119', 'white559', 'hillej', 'amoravec', 'george92', 'alotaib6', 'jfitzhu', 'nikitasridhar14', 'dlarocco', 'colewilloughby1125', 'marito', 'tpownell', 'gmantey', 'lrigsbee', 'goodma27', 'uuraechu', 'adamdmiller17', 'kbebris', 'ecave', 'fergu101', 'vkolar', 'ross217', 'jonathanlimp87', '17scotta', 'mcginn1', 'akansky']"
3,106,196,6,1,['mtrivell'],194,"['mart1380', 'wisler0', 'patel731', 'jaloi', 'kzeligso', 'cdtorres', 'cregers', 'engc', 'dmassow', 'abelkiew', 'zfrank64', 'jin376', 'lee2614', 'etitheyeti98', 'rumplem', 'dragoneye', 'mohdshah', 'tl0120', 'bcaffert', 'gezbbl7', 'ccurto', 'smit3177', 'amcgoff', 'freyg', 'dkuen', 'pillai7', 'wning', 'chen2122', 'ewilhite', 'rweedon', 'zubik', 'davidsml', 'bpolinsk', 'abosshar', 'gupta393', 'mpisoni', 'efeldman', 'cmenden', 'eashburn', 'bcasler', 'richg', 'payne71', 'awoodwa', 'nabdrahn', 'baile261', 'msulaima', 'kvansan', 'nkhuu', 'cccyyj720', 'klipiszk', 'cheeseballs99', 'edreifue', 'harri670', 'harbinz', 'lawrencr', 'chao26', 'kinserc', 'jmacatan', 'xu1085', 'gcesar', 'apanuga', 'peter514', 'ftangpoo', 'daviskahmann', 'kswartzb', 'mmohdzai', 'pcastagn', 'tglavan', 'iyengar1', 'hschennu', 'adams410', 'tdarmon20', 'atruver', 'ellis99', 'kozelr', 'nail', 'bowman96', 'xul9044', 'natoli0', 'aperitor', 'agrillo', 'msargen', 'stapletl', 'mart1391', 'sanjiv3damo', 'woo49', 'rutherfb', 'terry51', 'mgubbi', 'rathi4', 'hill399', 'ctsioli', 'bkeel', 'yang1865', 'akick', 'cvasq69', 'ithakor', 'rturk8292', 'cwidak', 'malhamm', 'wonhyukdo', 'lyanni', 'kumar212', 'vudayamo', 'sedgerto', 'pickera', 'tuckerz', 'slillig', 'abhalcha', 'mfess', 'jboulayd', 'mmshank16', 'lmackin', 'ferree1', 'gavinneyman', 'bgrandst', 'choi333', 'glevine', 'li3604', 'behrr', 'allnic21', 'epiergal', 'ghosh36', 'stark22', 'lm45000', 'bwitchie', 'anniebreidinger', 'ander754', 'mart1180', 'jeigenbr', 'aleidli', 'rhinesj', 'hsmoke', 'koverley', 'tu37', 'singer15', 'ceckste', 'racroth35', 'jhulsize', 'tnoor', 'saboa', 'nwegh2017', 'eloewe', 'ali113', 'jbuehrle', 'gct246', 'dewittl', 'rroggema', 'schuman1', 'everbru', 'slosing', 'jlorah', 'chiang56', 'gao499', 'xose.amo', 'lthursto', 'coolnikitav', 'deshmukp', 'jnasiboov', 'ltoy', 'li2722', 'sgrzych', 'bamorim', 'awennin', 'egarayev', 'li2709', 'verma52', 'bullock8', 'mill2119', 'white559', 'hillej', 'amoravec', 'george92', 'alotaib6', 'jfitzhu', 'nikitasridhar14', 'dlarocco', 'colewilloughby1125', 'marito', 'tpownell', 'gmantey', 'lrigsbee', 'goodma27', 'uuraechu', 'adamdmiller17', 'kbebris', 'ecave', 'fergu101', 'vkolar', 'ross217', 'jonathanlimp87', '17scotta', 'mcginn1', 'akansky']",5,"['jung248', 'vogel30', 'callahap', None, 'osantang']",200,"['mart1380', 'wisler0', 'patel731', 'jaloi', 'kzeligso', 'cdtorres', 'cregers', 'engc', 'dmassow', 'abelkiew', 'zfrank64', 'jin376', 'lee2614', 'etitheyeti98', 'rumplem', 'dragoneye', 'mohdshah', 'tl0120', 'bcaffert', 'gezbbl7', 'ccurto', 'smit3177', 'amcgoff', 'freyg', 'dkuen', 'pillai7', 'wning', 'chen2122', 'ewilhite', 'rweedon', 'zubik', 'davidsml', 'bpolinsk', 'abosshar', 'gupta393', 'mpisoni', 'efeldman', 'cmenden', 'eashburn', 'bcasler', 'richg', 'payne71', 'awoodwa', 'nabdrahn', 'baile261', 'msulaima', 'kvansan', 'nkhuu', 'cccyyj720', 'klipiszk', 'cheeseballs99', 'edreifue', 'harri670', 'harbinz', 'lawrencr', 'chao26', 'kinserc', 'jmacatan', 'xu1085', 'gcesar', 'apanuga', 'peter514', 'ftangpoo', 'daviskahmann', 'kswartzb', 'mmohdzai', 'pcastagn', 'tglavan', 'iyengar1', 'hschennu', 'adams410', 'tdarmon20', 'atruver', 'ellis99', 'kozelr', 'nail', 'bowman96', 'xul9044', 'natoli0', 'aperitor', 'agrillo', 'msargen', 'stapletl', 'mart1391', 'vogel30', 'sanjiv3damo', 'woo49', 'rutherfb', 'terry51', 'mgubbi', None, 'rathi4', 'hill399', 'ctsioli', 'bkeel', 'yang1865', 'akick', 'cvasq69', 'ithakor', 'rturk8292', 'cwidak', 'malhamm', 'wonhyukdo', 'lyanni', 'kumar212', 'vudayamo', 'sedgerto', 'pickera', 'tuckerz', 'slillig', 'abhalcha', 'mfess', 'jboulayd', 'mmshank16', 'lmackin', 'ferree1', 'gavinneyman', 'bgrandst', 'choi333', 'mtrivell', 'glevine', 'li3604', 'behrr', 'allnic21', 'epiergal', 'ghosh36', 'stark22', 'lm45000', 'bwitchie', 'anniebreidinger', 'ander754', 'mart1180', 'jeigenbr', 'aleidli', 'rhinesj', 'hsmoke', 'osantang', 'koverley', 'tu37', 'singer15', 'ceckste', 'racroth35', 'jung248', 'jhulsize', 'tnoor', 'saboa', 'nwegh2017', 'eloewe', 'ali113', 'jbuehrle', 'gct246', 'dewittl', 'rroggema', 'schuman1', 'everbru', 'slosing', 'jlorah', 'chiang56', 'gao499', 'xose.amo', 'lthursto', 'callahap', 'coolnikitav', 'deshmukp', 'jnasiboov', 'ltoy', 'li2722', 'sgrzych', 'bamorim', 'awennin', 'egarayev', 'li2709', 'verma52', 'bullock8', 'mill2119', 'white559', 'hillej', 'amoravec', 'george92', 'alotaib6', 'jfitzhu', 'nikitasridhar14', 'dlarocco', 'colewilloughby1125', 'marito', 'tpownell', 'gmantey', 'lrigsbee', 'goodma27', 'uuraechu', 'adamdmiller17', 'kbebris', 'ecave', 'fergu101', 'vkolar', 'ross217', 'jonathanlimp87', '17scotta', 'mcginn1', 'akansky']"
3,120,196,6,4,"['kinserc', 'fergu101', 'aperitor', 'sanjiv3damo']",191,"['mart1380', 'wisler0', 'patel731', 'jaloi', 'kzeligso', 'cdtorres', 'cregers', 'engc', 'dmassow', 'abelkiew', 'zfrank64', 'jin376', 'lee2614', 'etitheyeti98', 'rumplem', 'dragoneye', 'mohdshah', 'tl0120', 'bcaffert', 'gezbbl7', 'ccurto', 'smit3177', 'amcgoff', 'freyg', 'dkuen', 'pillai7', 'wning', 'chen2122', 'ewilhite', 'rweedon', 'zubik', 'davidsml', 'bpolinsk', 'abosshar', 'gupta393', 'mpisoni', 'efeldman', 'cmenden', 'eashburn', 'bcasler', 'richg', 'payne71', 'awoodwa', 'nabdrahn', 'baile261', 'msulaima', 'kvansan', 'nkhuu', 'cccyyj720', 'klipiszk', 'cheeseballs99', 'edreifue', 'harri670', 'harbinz', 'lawrencr', 'chao26', 'jmacatan', 'xu1085', 'gcesar', 'apanuga', 'peter514', 'ftangpoo', 'daviskahmann', 'kswartzb', 'mmohdzai', 'pcastagn', 'tglavan', 'iyengar1', 'hschennu', 'adams410', 'tdarmon20', 'atruver', 'ellis99', 'kozelr', 'nail', 'bowman96', 'xul9044', 'natoli0', 'agrillo', 'msargen', 'stapletl', 'mart1391', 'woo49', 'rutherfb', 'terry51', 'mgubbi', 'rathi4', 'hill399', 'ctsioli', 'bkeel', 'yang1865', 'akick', 'cvasq69', 'ithakor', 'rturk8292', 'cwidak', 'malhamm', 'wonhyukdo', 'lyanni', 'kumar212', 'vudayamo', 'sedgerto', 'pickera', 'tuckerz', 'slillig', 'abhalcha', 'mfess', 'jboulayd', 'mmshank16', 'lmackin', 'ferree1', 'gavinneyman', 'bgrandst', 'choi333', 'mtrivell', 'glevine', 'li3604', 'behrr', 'allnic21', 'epiergal', 'ghosh36', 'stark22', 'lm45000', 'bwitchie', 'anniebreidinger', 'ander754', 'mart1180', 'jeigenbr', 'aleidli', 'rhinesj', 'hsmoke', 'koverley', 'tu37', 'singer15', 'ceckste', 'racroth35', 'jhulsize', 'tnoor', 'saboa', 'nwegh2017', 'eloewe', 'ali113', 'jbuehrle', 'gct246', 'dewittl', 'rroggema', 'schuman1', 'everbru', 'slosing', 'jlorah', 'chiang56', 'gao499', 'xose.amo', 'lthursto', 'coolnikitav', 'deshmukp', 'jnasiboov', 'ltoy', 'li2722', 'sgrzych', 'bamorim', 'awennin', 'egarayev', 'li2709', 'verma52', 'bullock8', 'mill2119', 'white559', 'hillej', 'amoravec', 'george92', 'alotaib6', 'jfitzhu', 'nikitasridhar14', 'dlarocco', 'colewilloughby1125', 'marito', 'tpownell', 'gmantey', 'lrigsbee', 'goodma27', 'uuraechu', 'adamdmiller17', 'kbebris', 'ecave', 'vkolar', 'ross217', 'jonathanlimp87', '17scotta', 'mcginn1', 'akansky']",2,"['butchko', None]",197,"['mart1380', 'wisler0', 'patel731', 'jaloi', 'kzeligso', 'cdtorres', 'cregers', 'engc', 'dmassow', 'abelkiew', 'zfrank64', 'jin376', 'lee2614', 'etitheyeti98', 'rumplem', 'dragoneye', 'mohdshah', 'tl0120', 'bcaffert', 'gezbbl7', 'ccurto', 'smit3177', 'amcgoff', 'freyg', 'dkuen', 'butchko', 'pillai7', 'wning', 'chen2122', 'ewilhite', 'rweedon', 'zubik', 'davidsml', 'bpolinsk', 'abosshar', 'gupta393', 'mpisoni', 'efeldman', 'cmenden', 'eashburn', 'bcasler', 'richg', 'payne71', 'awoodwa', 'nabdrahn', 'baile261', 'msulaima', 'kvansan', 'nkhuu', 'cccyyj720', 'klipiszk', 'cheeseballs99', 'edreifue', 'harri670', 'harbinz', 'lawrencr', 'chao26', 'kinserc', 'jmacatan', 'xu1085', 'gcesar', 'apanuga', 'peter514', 'ftangpoo', 'daviskahmann', 'kswartzb', 'mmohdzai', 'pcastagn', 'tglavan', 'iyengar1', 'hschennu', 'adams410', 'tdarmon20', 'atruver', 'ellis99', 'kozelr', 'nail', 'bowman96', 'xul9044', 'natoli0', 'aperitor', 'agrillo', 'msargen', 'stapletl', 'mart1391', 'sanjiv3damo', 'woo49', 'rutherfb', 'terry51', 'mgubbi', None, 'rathi4', 'hill399', 'ctsioli', 'bkeel', 'yang1865', 'akick', 'cvasq69', 'ithakor', 'rturk8292', 'cwidak', 'malhamm', 'wonhyukdo', 'lyanni', 'kumar212', 'vudayamo', 'sedgerto', 'pickera', 'tuckerz', 'slillig', 'abhalcha', 'mfess', 'jboulayd', 'mmshank16', 'lmackin', 'ferree1', 'gavinneyman', 'bgrandst', 'choi333', 'mtrivell', 'glevine', 'li3604', 'behrr', 'allnic21', 'epiergal', 'ghosh36', 'stark22', 'lm45000', 'bwitchie', 'anniebreidinger', 'ander754', 'mart1180', 'jeigenbr', 'aleidli', 'rhinesj', 'hsmoke', 'koverley', 'tu37', 'singer15', 'ceckste', 'racroth35', 'jhulsize', 'tnoor', 'saboa', 'nwegh2017', 'eloewe', 'ali113', 'jbuehrle', 'gct246', 'dewittl', 'rroggema', 'schuman1', 'everbru', 'slosing', 'jlorah', 'chiang56', 'gao499', 'xose.amo', 'lthursto', 'coolnikitav', 'deshmukp', 'jnasiboov', 'ltoy', 'li2722', 'sgrzych', 'bamorim', 'awennin', 'egarayev', 'li2709', 'verma52', 'bullock8', 'mill2119', 'white559', 'hillej', 'amoravec', 'george92', 'alotaib6', 'jfitzhu', 'nikitasridhar14', 'dlarocco', 'colewilloughby1125', 'marito', 'tpownell', 'gmantey', 'lrigsbee', 'goodma27', 'uuraechu', 'adamdmiller17', 'kbebris', 'ecave', 'fergu101', 'vkolar', 'ross217', 'jonathanlimp87', '17scotta', 'mcginn1', 'akansky']"
3,223,196,6,3,"['kinserc', 'bowman96', 'mmshank16']",192,"['mart1380', 'wisler0', 'patel731', 'jaloi', 'kzeligso', 'cdtorres', 'cregers', 'engc', 'dmassow', 'abelkiew', 'zfrank64', 'jin376', 'lee2614', 'etitheyeti98', 'rumplem', 'dragoneye', 'mohdshah', 'tl0120', 'bcaffert', 'gezbbl7', 'ccurto', 'smit3177', 'amcgoff', 'freyg', 'dkuen', 'pillai7', 'wning', 'chen2122', 'ewilhite', 'rweedon', 'zubik', 'davidsml', 'bpolinsk', 'abosshar', 'gupta393', 'mpisoni', 'efeldman', 'cmenden', 'eashburn', 'bcasler', 'richg', 'payne71', 'awoodwa', 'nabdrahn', 'baile261', 'msulaima', 'kvansan', 'nkhuu', 'cccyyj720', 'klipiszk', 'cheeseballs99', 'edreifue', 'harri670', 'harbinz', 'lawrencr', 'chao26', 'jmacatan', 'xu1085', 'gcesar', 'apanuga', 'peter514', 'ftangpoo', 'daviskahmann', 'kswartzb', 'mmohdzai', 'pcastagn', 'tglavan', 'iyengar1', 'hschennu', 'adams410', 'tdarmon20', 'atruver', 'ellis99', 'kozelr', 'nail', 'xul9044', 'natoli0', 'aperitor', 'agrillo', 'msargen', 'stapletl', 'mart1391', 'sanjiv3damo', 'woo49', 'rutherfb', 'terry51', 'mgubbi', 'rathi4', 'hill399', 'ctsioli', 'bkeel', 'yang1865', 'akick', 'cvasq69', 'ithakor', 'rturk8292', 'cwidak', 'malhamm', 'wonhyukdo', 'lyanni', 'kumar212', 'vudayamo', 'sedgerto', 'pickera', 'tuckerz', 'slillig', 'abhalcha', 'mfess', 'jboulayd', 'lmackin', 'ferree1', 'gavinneyman', 'bgrandst', 'choi333', 'mtrivell', 'glevine', 'li3604', 'behrr', 'allnic21', 'epiergal', 'ghosh36', 'stark22', 'lm45000', 'bwitchie', 'anniebreidinger', 'ander754', 'mart1180', 'jeigenbr', 'aleidli', 'rhinesj', 'hsmoke', 'koverley', 'tu37', 'singer15', 'ceckste', 'racroth35', 'jhulsize', 'tnoor', 'saboa', 'nwegh2017', 'eloewe', 'ali113', 'jbuehrle', 'gct246', 'dewittl', 'rroggema', 'schuman1', 'everbru', 'slosing', 'jlorah', 'chiang56', 'gao499', 'xose.amo', 'lthursto', 'coolnikitav', 'deshmukp', 'jnasiboov', 'ltoy', 'li2722', 'sgrzych', 'bamorim', 'awennin', 'egarayev', 'li2709', 'verma52', 'bullock8', 'mill2119', 'white559', 'hillej', 'amoravec', 'george92', 'alotaib6', 'jfitzhu', 'nikitasridhar14', 'dlarocco', 'colewilloughby1125', 'marito', 'tpownell', 'gmantey', 'lrigsbee', 'goodma27', 'uuraechu', 'adamdmiller17', 'kbebris', 'ecave', 'fergu101', 'vkolar', 'ross217', 'jonathanlimp87', '17scotta', 'mcginn1', 'akansky']",3,"[None, 'bstegma', 'gleasonb']",198,"['mart1380', 'wisler0', 'patel731', 'jaloi', 'kzeligso', 'cdtorres', 'cregers', 'engc', 'dmassow', 'abelkiew', 'zfrank64', 'jin376', 'lee2614', 'etitheyeti98', 'rumplem', 'dragoneye', 'mohdshah', 'tl0120', 'bcaffert', 'gezbbl7', 'ccurto', 'smit3177', 'amcgoff', 'freyg', 'dkuen', 'pillai7', 'wning', 'chen2122', 'ewilhite', 'rweedon', 'zubik', 'davidsml', 'bpolinsk', 'abosshar', 'gupta393', 'mpisoni', 'efeldman', 'cmenden', 'eashburn', 'bcasler', 'richg', 'payne71', 'awoodwa', 'nabdrahn', 'baile261', 'msulaima', 'kvansan', 'nkhuu', 'cccyyj720', 'klipiszk', 'cheeseballs99', 'edreifue', 'harri670', 'harbinz', 'lawrencr', 'chao26', 'kinserc', 'jmacatan', 'xu1085', 'gcesar', 'apanuga', 'peter514', 'ftangpoo', 'daviskahmann', 'kswartzb', 'mmohdzai', 'pcastagn', 'tglavan', 'iyengar1', 'hschennu', 'adams410', 'tdarmon20', 'atruver', 'ellis99', 'kozelr', 'nail', 'bowman96', 'xul9044', 'natoli0', 'aperitor', 'agrillo', 'msargen', 'stapletl', 'mart1391', 'sanjiv3damo', 'woo49', 'rutherfb', 'terry51', 'mgubbi', None, 'rathi4', 'hill399', 'ctsioli', 'bkeel', 'yang1865', 'akick', 'cvasq69', 'ithakor', 'rturk8292', 'cwidak', 'malhamm', 'wonhyukdo', 'lyanni', 'kumar212', 'vudayamo', 'sedgerto', 'pickera', 'tuckerz', 'slillig', 'abhalcha', 'mfess', 'jboulayd', 'mmshank16', 'lmackin', 'ferree1', 'gavinneyman', 'bgrandst', 'choi333', 'mtrivell', 'gleasonb', 'glevine', 'li3604', 'behrr', 'allnic21', 'epiergal', 'ghosh36', 'stark22', 'lm45000', 'bwitchie', 'anniebreidinger', 'ander754', 'mart1180', 'jeigenbr', 'aleidli', 'rhinesj', 'hsmoke', 'koverley', 'tu37', 'singer15', 'ceckste', 'racroth35', 'bstegma', 'jhulsize', 'tnoor', 'saboa', 'nwegh2017', 'eloewe', 'ali113', 'jbuehrle', 'gct246', 'dewittl', 'rroggema', 'schuman1', 'everbru', 'slosing', 'jlorah', 'chiang56', 'gao499', 'xose.amo', 'lthursto', 'coolnikitav', 'deshmukp', 'jnasiboov', 'ltoy', 'li2722', 'sgrzych', 'bamorim', 'awennin', 'egarayev', 'li2709', 'verma52', 'bullock8', 'mill2119', 'white559', 'hillej', 'amoravec', 'george92', 'alotaib6', 'jfitzhu', 'nikitasridhar14', 'dlarocco', 'colewilloughby1125', 'marito', 'tpownell', 'gmantey', 'lrigsbee', 'goodma27', 'uuraechu', 'adamdmiller17', 'kbebris', 'ecave', 'fergu101', 'vkolar', 'ross217', 'jonathanlimp87', '17scotta', 'mcginn1', 'akansky']"
3,224,196,6,3,"['li2709', 'chen2122', 'iyengar1']",192,"['mart1380', 'wisler0', 'patel731', 'jaloi', 'kzeligso', 'cdtorres', 'cregers', 'engc', 'dmassow', 'abelkiew', 'zfrank64', 'jin376', 'lee2614', 'etitheyeti98', 'rumplem', 'dragoneye', 'mohdshah', 'tl0120', 'bcaffert', 'gezbbl7', 'ccurto', 'smit3177', 'amcgoff', 'freyg', 'dkuen', 'pillai7', 'wning', 'ewilhite', 'rweedon', 'zubik', 'davidsml', 'bpolinsk', 'abosshar', 'gupta393', 'mpisoni', 'efeldman', 'cmenden', 'eashburn', 'bcasler', 'richg', 'payne71', 'awoodwa', 'nabdrahn', 'baile261', 'msulaima', 'kvansan', 'nkhuu', 'cccyyj720', 'klipiszk', 'cheeseballs99', 'edreifue', 'harri670', 'harbinz', 'lawrencr', 'chao26', 'kinserc', 'jmacatan', 'xu1085', 'gcesar', 'apanuga', 'peter514', 'ftangpoo', 'daviskahmann', 'kswartzb', 'mmohdzai', 'pcastagn', 'tglavan', 'hschennu', 'adams410', 'tdarmon20', 'atruver', 'ellis99', 'kozelr', 'nail', 'bowman96', 'xul9044', 'natoli0', 'aperitor', 'agrillo', 'msargen', 'stapletl', 'mart1391', 'sanjiv3damo', 'woo49', 'rutherfb', 'terry51', 'mgubbi', 'rathi4', 'hill399', 'ctsioli', 'bkeel', 'yang1865', 'akick', 'cvasq69', 'ithakor', 'rturk8292', 'cwidak', 'malhamm', 'wonhyukdo', 'lyanni', 'kumar212', 'vudayamo', 'sedgerto', 'pickera', 'tuckerz', 'slillig', 'abhalcha', 'mfess', 'jboulayd', 'mmshank16', 'lmackin', 'ferree1', 'gavinneyman', 'bgrandst', 'choi333', 'mtrivell', 'glevine', 'li3604', 'behrr', 'allnic21', 'epiergal', 'ghosh36', 'stark22', 'lm45000', 'bwitchie', 'anniebreidinger', 'ander754', 'mart1180', 'jeigenbr', 'aleidli', 'rhinesj', 'hsmoke', 'koverley', 'tu37', 'singer15', 'ceckste', 'racroth35', 'jhulsize', 'tnoor', 'saboa', 'nwegh2017', 'eloewe', 'ali113', 'jbuehrle', 'gct246', 'dewittl', 'rroggema', 'schuman1', 'everbru', 'slosing', 'jlorah', 'chiang56', 'gao499', 'xose.amo', 'lthursto', 'coolnikitav', 'deshmukp', 'jnasiboov', 'ltoy', 'li2722', 'sgrzych', 'bamorim', 'awennin', 'egarayev', 'verma52', 'bullock8', 'mill2119', 'white559', 'hillej', 'amoravec', 'george92', 'alotaib6', 'jfitzhu', 'nikitasridhar14', 'dlarocco', 'colewilloughby1125', 'marito', 'tpownell', 'gmantey', 'lrigsbee', 'goodma27', 'uuraechu', 'adamdmiller17', 'kbebris', 'ecave', 'fergu101', 'vkolar', 'ross217', 'jonathanlimp87', '17scotta', 'mcginn1', 'akansky']",3,"[None, 'yao201', 'wen88']",198,"['mart1380', 'wisler0', 'patel731', 'jaloi', 'kzeligso', 'cdtorres', 'cregers', 'engc', 'dmassow', 'abelkiew', 'zfrank64', 'jin376', 'lee2614', 'etitheyeti98', 'rumplem', 'dragoneye', 'mohdshah', 'tl0120', 'bcaffert', 'gezbbl7', 'ccurto', 'smit3177', 'amcgoff', 'freyg', 'dkuen', 'pillai7', 'wning', 'yao201', 'chen2122', 'ewilhite', 'rweedon', 'zubik', 'davidsml', 'bpolinsk', 'abosshar', 'gupta393', 'mpisoni', 'efeldman', 'cmenden', 'eashburn', 'bcasler', 'richg', 'payne71', 'awoodwa', 'nabdrahn', 'baile261', 'msulaima', 'kvansan', 'nkhuu', 'cccyyj720', 'klipiszk', 'cheeseballs99', 'edreifue', 'harri670', 'harbinz', 'lawrencr', 'chao26', 'kinserc', 'jmacatan', 'xu1085', 'gcesar', 'apanuga', 'peter514', 'ftangpoo', 'daviskahmann', 'kswartzb', 'mmohdzai', 'pcastagn', 'tglavan', 'iyengar1', 'hschennu', 'adams410', 'tdarmon20', 'atruver', 'ellis99', 'kozelr', 'nail', 'bowman96', 'xul9044', 'natoli0', 'aperitor', 'agrillo', 'msargen', 'stapletl', 'mart1391', 'sanjiv3damo', 'woo49', 'rutherfb', 'terry51', 'mgubbi', None, 'rathi4', 'hill399', 'ctsioli', 'bkeel', 'yang1865', 'akick', 'cvasq69', 'ithakor', 'rturk8292', 'cwidak', 'malhamm', 'wonhyukdo', 'lyanni', 'kumar212', 'vudayamo', 'sedgerto', 'pickera', 'tuckerz', 'slillig', 'abhalcha', 'mfess', 'jboulayd', 'mmshank16', 'lmackin', 'ferree1', 'gavinneyman', 'bgrandst', 'choi333', 'mtrivell', 'glevine', 'li3604', 'behrr', 'allnic21', 'epiergal', 'ghosh36', 'stark22', 'lm45000', 'wen88', 'bwitchie', 'anniebreidinger', 'ander754', 'mart1180', 'jeigenbr', 'aleidli', 'rhinesj', 'hsmoke', 'koverley', 'tu37', 'singer15', 'ceckste', 'racroth35', 'jhulsize', 'tnoor', 'saboa', 'nwegh2017', 'eloewe', 'ali113', 'jbuehrle', 'gct246', 'dewittl', 'rroggema', 'schuman1', 'everbru', 'slosing', 'jlorah', 'chiang56', 'gao499', 'xose.amo', 'lthursto', 'coolnikitav', 'deshmukp', 'jnasiboov', 'ltoy', 'li2722', 'sgrzych', 'bamorim', 'awennin', 'egarayev', 'li2709', 'verma52', 'bullock8', 'mill2119', 'white559', 'hillej', 'amoravec', 'george92', 'alotaib6', 'jfitzhu', 'nikitasridhar14', 'dlarocco', 'colewilloughby1125', 'marito', 'tpownell', 'gmantey', 'lrigsbee', 'goodma27', 'uuraechu', 'adamdmiller17', 'kbebris', 'ecave', 'fergu101', 'vkolar', 'ross217', 'jonathanlimp87', '17scotta', 'mcginn1', 'akansky']"
3,225,196,6,1,['harbinz'],194,"['mart1380', 'wisler0', 'patel731', 'jaloi', 'kzeligso', 'cdtorres', 'cregers', 'engc', 'dmassow', 'abelkiew', 'zfrank64', 'jin376', 'lee2614', 'etitheyeti98', 'rumplem', 'dragoneye', 'mohdshah', 'tl0120', 'bcaffert', 'gezbbl7', 'ccurto', 'smit3177', 'amcgoff', 'freyg', 'dkuen', 'pillai7', 'wning', 'chen2122', 'ewilhite', 'rweedon', 'zubik', 'davidsml', 'bpolinsk', 'abosshar', 'gupta393', 'mpisoni', 'efeldman', 'cmenden', 'eashburn', 'bcasler', 'richg', 'payne71', 'awoodwa', 'nabdrahn', 'baile261', 'msulaima', 'kvansan', 'nkhuu', 'cccyyj720', 'klipiszk', 'cheeseballs99', 'edreifue', 'harri670', 'lawrencr', 'chao26', 'kinserc', 'jmacatan', 'xu1085', 'gcesar', 'apanuga', 'peter514', 'ftangpoo', 'daviskahmann', 'kswartzb', 'mmohdzai', 'pcastagn', 'tglavan', 'iyengar1', 'hschennu', 'adams410', 'tdarmon20', 'atruver', 'ellis99', 'kozelr', 'nail', 'bowman96', 'xul9044', 'natoli0', 'aperitor', 'agrillo', 'msargen', 'stapletl', 'mart1391', 'sanjiv3damo', 'woo49', 'rutherfb', 'terry51', 'mgubbi', 'rathi4', 'hill399', 'ctsioli', 'bkeel', 'yang1865', 'akick', 'cvasq69', 'ithakor', 'rturk8292', 'cwidak', 'malhamm', 'wonhyukdo', 'lyanni', 'kumar212', 'vudayamo', 'sedgerto', 'pickera', 'tuckerz', 'slillig', 'abhalcha', 'mfess', 'jboulayd', 'mmshank16', 'lmackin', 'ferree1', 'gavinneyman', 'bgrandst', 'choi333', 'mtrivell', 'glevine', 'li3604', 'behrr', 'allnic21', 'epiergal', 'ghosh36', 'stark22', 'lm45000', 'bwitchie', 'anniebreidinger', 'ander754', 'mart1180', 'jeigenbr', 'aleidli', 'rhinesj', 'hsmoke', 'koverley', 'tu37', 'singer15', 'ceckste', 'racroth35', 'jhulsize', 'tnoor', 'saboa', 'nwegh2017', 'eloewe', 'ali113', 'jbuehrle', 'gct246', 'dewittl', 'rroggema', 'schuman1', 'everbru', 'slosing', 'jlorah', 'chiang56', 'gao499', 'xose.amo', 'lthursto', 'coolnikitav', 'deshmukp', 'jnasiboov', 'ltoy', 'li2722', 'sgrzych', 'bamorim', 'awennin', 'egarayev', 'li2709', 'verma52', 'bullock8', 'mill2119', 'white559', 'hillej', 'amoravec', 'george92', 'alotaib6', 'jfitzhu', 'nikitasridhar14', 'dlarocco', 'colewilloughby1125', 'marito', 'tpownell', 'gmantey', 'lrigsbee', 'goodma27', 'uuraechu', 'adamdmiller17', 'kbebris', 'ecave', 'fergu101', 'vkolar', 'ross217', 'jonathanlimp87', '17scotta', 'mcginn1', 'akansky']",5,"['ho141', 'bageesey', 'hsvalladares88', 'markleightonfisher', None]",200,"['mart1380', 'wisler0', 'patel731', 'jaloi', 'kzeligso', 'cdtorres', 'cregers', 'engc', 'dmassow', 'abelkiew', 'zfrank64', 'jin376', 'lee2614', 'etitheyeti98', 'rumplem', 'dragoneye', 'mohdshah', 'tl0120', 'bcaffert', 'gezbbl7', 'ccurto', 'smit3177', 'amcgoff', 'freyg', 'dkuen', 'pillai7', 'wning', 'chen2122', 'ewilhite', 'rweedon', 'zubik', 'davidsml', 'bpolinsk', 'abosshar', 'ho141', 'gupta393', 'mpisoni', 'efeldman', 'cmenden', 'eashburn', 'bcasler', 'richg', 'payne71', 'awoodwa', 'nabdrahn', 'baile261', 'msulaima', 'kvansan', 'nkhuu', 'cccyyj720', 'klipiszk', 'cheeseballs99', 'edreifue', 'harri670', 'harbinz', 'lawrencr', 'chao26', 'kinserc', 'jmacatan', 'xu1085', 'gcesar', 'apanuga', 'peter514', 'ftangpoo', 'daviskahmann', 'kswartzb', 'mmohdzai', 'pcastagn', 'tglavan', 'iyengar1', 'hschennu', 'adams410', 'tdarmon20', 'atruver', 'ellis99', 'kozelr', 'nail', 'bowman96', 'xul9044', 'natoli0', 'aperitor', 'agrillo', 'msargen', 'stapletl', 'mart1391', 'sanjiv3damo', 'woo49', 'rutherfb', 'terry51', 'mgubbi', None, 'rathi4', 'hill399', 'ctsioli', 'bkeel', 'yang1865', 'akick', 'cvasq69', 'ithakor', 'rturk8292', 'cwidak', 'malhamm', 'bageesey', 'wonhyukdo', 'lyanni', 'kumar212', 'vudayamo', 'sedgerto', 'pickera', 'tuckerz', 'slillig', 'abhalcha', 'mfess', 'jboulayd', 'mmshank16', 'lmackin', 'ferree1', 'gavinneyman', 'bgrandst', 'choi333', 'mtrivell', 'glevine', 'li3604', 'behrr', 'allnic21', 'epiergal', 'ghosh36', 'stark22', 'lm45000', 'bwitchie', 'anniebreidinger', 'ander754', 'mart1180', 'jeigenbr', 'aleidli', 'rhinesj', 'hsmoke', 'koverley', 'tu37', 'singer15', 'ceckste', 'racroth35', 'jhulsize', 'tnoor', 'saboa', 'nwegh2017', 'eloewe', 'ali113', 'jbuehrle', 'gct246', 'dewittl', 'markleightonfisher', 'rroggema', 'schuman1', 'everbru', 'slosing', 'jlorah', 'chiang56', 'gao499', 'xose.amo', 'hsvalladares88', 'lthursto', 'coolnikitav', 'deshmukp', 'jnasiboov', 'ltoy', 'li2722', 'sgrzych', 'bamorim', 'awennin', 'egarayev', 'li2709', 'verma52', 'bullock8', 'mill2119', 'white559', 'hillej', 'amoravec', 'george92', 'alotaib6', 'jfitzhu', 'nikitasridhar14', 'dlarocco', 'colewilloughby1125', 'marito', 'tpownell', 'gmantey', 'lrigsbee', 'goodma27', 'uuraechu', 'adamdmiller17', 'kbebris', 'ecave', 'fergu101', 'vkolar', 'ross217', 'jonathanlimp87', '17scotta', 'mcginn1', 'akansky']"
3,226,196,6,3,"['msargen', 'bgrandst', 'stark22']",192,"['mart1380', 'wisler0', 'patel731', 'jaloi', 'kzeligso', 'cdtorres', 'cregers', 'engc', 'dmassow', 'abelkiew', 'zfrank64', 'jin376', 'lee2614', 'etitheyeti98', 'rumplem', 'dragoneye', 'mohdshah', 'tl0120', 'bcaffert', 'gezbbl7', 'ccurto', 'smit3177', 'amcgoff', 'freyg', 'dkuen', 'pillai7', 'wning', 'chen2122', 'ewilhite', 'rweedon', 'zubik', 'davidsml', 'bpolinsk', 'abosshar', 'gupta393', 'mpisoni', 'efeldman', 'cmenden', 'eashburn', 'bcasler', 'richg', 'payne71', 'awoodwa', 'nabdrahn', 'baile261', 'msulaima', 'kvansan', 'nkhuu', 'cccyyj720', 'klipiszk', 'cheeseballs99', 'edreifue', 'harri670', 'harbinz', 'lawrencr', 'chao26', 'kinserc', 'jmacatan', 'xu1085', 'gcesar', 'apanuga', 'peter514', 'ftangpoo', 'daviskahmann', 'kswartzb', 'mmohdzai', 'pcastagn', 'tglavan', 'iyengar1', 'hschennu', 'adams410', 'tdarmon20', 'atruver', 'ellis99', 'kozelr', 'nail', 'bowman96', 'xul9044', 'natoli0', 'aperitor', 'agrillo', 'stapletl', 'mart1391', 'sanjiv3damo', 'woo49', 'rutherfb', 'terry51', 'mgubbi', 'rathi4', 'hill399', 'ctsioli', 'bkeel', 'yang1865', 'akick', 'cvasq69', 'ithakor', 'rturk8292', 'cwidak', 'malhamm', 'wonhyukdo', 'lyanni', 'kumar212', 'vudayamo', 'sedgerto', 'pickera', 'tuckerz', 'slillig', 'abhalcha', 'mfess', 'jboulayd', 'mmshank16', 'lmackin', 'ferree1', 'gavinneyman', 'choi333', 'mtrivell', 'glevine', 'li3604', 'behrr', 'allnic21', 'epiergal', 'ghosh36', 'lm45000', 'bwitchie', 'anniebreidinger', 'ander754', 'mart1180', 'jeigenbr', 'aleidli', 'rhinesj', 'hsmoke', 'koverley', 'tu37', 'singer15', 'ceckste', 'racroth35', 'jhulsize', 'tnoor', 'saboa', 'nwegh2017', 'eloewe', 'ali113', 'jbuehrle', 'gct246', 'dewittl', 'rroggema', 'schuman1', 'everbru', 'slosing', 'jlorah', 'chiang56', 'gao499', 'xose.amo', 'lthursto', 'coolnikitav', 'deshmukp', 'jnasiboov', 'ltoy', 'li2722', 'sgrzych', 'bamorim', 'awennin', 'egarayev', 'li2709', 'verma52', 'bullock8', 'mill2119', 'white559', 'hillej', 'amoravec', 'george92', 'alotaib6', 'jfitzhu', 'nikitasridhar14', 'dlarocco', 'colewilloughby1125', 'marito', 'tpownell', 'gmantey', 'lrigsbee', 'goodma27', 'uuraechu', 'adamdmiller17', 'kbebris', 'ecave', 'fergu101', 'vkolar', 'ross217', 'jonathanlimp87', '17scotta', 'mcginn1', 'akansky']",3,"['kgp22', None, 'xu1020']",198,"['mart1380', 'wisler0', 'patel731', 'jaloi', 'kzeligso', 'cdtorres', 'cregers', 'engc', 'dmassow', 'abelkiew', 'zfrank64', 'jin376', 'lee2614', 'etitheyeti98', 'rumplem', 'dragoneye', 'mohdshah', 'tl0120', 'bcaffert', 'gezbbl7', 'ccurto', 'smit3177', 'amcgoff', 'freyg', 'dkuen', 'pillai7', 'wning', 'chen2122', 'ewilhite', 'rweedon', 'zubik', 'davidsml', 'bpolinsk', 'abosshar', 'gupta393', 'mpisoni', 'efeldman', 'cmenden', 'eashburn', 'bcasler', 'richg', 'payne71', 'awoodwa', 'nabdrahn', 'baile261', 'msulaima', 'kvansan', 'nkhuu', 'cccyyj720', 'klipiszk', 'cheeseballs99', 'edreifue', 'harri670', 'harbinz', 'lawrencr', 'chao26', 'kinserc', 'jmacatan', 'xu1085', 'gcesar', 'apanuga', 'peter514', 'ftangpoo', 'kgp22', 'daviskahmann', 'kswartzb', 'mmohdzai', 'pcastagn', 'tglavan', 'iyengar1', 'hschennu', 'adams410', 'tdarmon20', 'atruver', 'ellis99', 'kozelr', 'nail', 'bowman96', 'xul9044', 'natoli0', 'aperitor', 'agrillo', 'msargen', 'stapletl', 'mart1391', 'sanjiv3damo', 'woo49', 'rutherfb', 'terry51', 'mgubbi', None, 'rathi4', 'hill399', 'ctsioli', 'bkeel', 'yang1865', 'akick', 'cvasq69', 'ithakor', 'rturk8292', 'cwidak', 'malhamm', 'wonhyukdo', 'lyanni', 'kumar212', 'vudayamo', 'sedgerto', 'pickera', 'tuckerz', 'slillig', 'abhalcha', 'mfess', 'jboulayd', 'mmshank16', 'lmackin', 'ferree1', 'gavinneyman', 'bgrandst', 'choi333', 'mtrivell', 'glevine', 'li3604', 'behrr', 'allnic21', 'epiergal', 'ghosh36', 'stark22', 'lm45000', 'bwitchie', 'anniebreidinger', 'ander754', 'mart1180', 'jeigenbr', 'aleidli', 'rhinesj', 'hsmoke', 'koverley', 'tu37', 'singer15', 'ceckste', 'racroth35', 'jhulsize', 'tnoor', 'saboa', 'nwegh2017', 'eloewe', 'ali113', 'jbuehrle', 'gct246', 'dewittl', 'rroggema', 'schuman1', 'everbru', 'slosing', 'xu1020', 'jlorah', 'chiang56', 'gao499', 'xose.amo', 'lthursto', 'coolnikitav', 'deshmukp', 'jnasiboov', 'ltoy', 'li2722', 'sgrzych', 'bamorim', 'awennin', 'egarayev', 'li2709', 'verma52', 'bullock8', 'mill2119', 'white559', 'hillej', 'amoravec', 'george92', 'alotaib6', 'jfitzhu', 'nikitasridhar14', 'dlarocco', 'colewilloughby1125', 'marito', 'tpownell', 'gmantey', 'lrigsbee', 'goodma27', 'uuraechu', 'adamdmiller17', 'kbebris', 'ecave', 'fergu101', 'vkolar', 'ross217', 'jonathanlimp87', '17scotta', 'mcginn1', 'akansky']"
3,276,196,6,4,"['kumar212', 'cmenden', 'natoli0', 'edreifue']",191,"['mart1380', 'wisler0', 'patel731', 'jaloi', 'kzeligso', 'cdtorres', 'cregers', 'engc', 'dmassow', 'abelkiew', 'zfrank64', 'jin376', 'lee2614', 'etitheyeti98', 'rumplem', 'dragoneye', 'mohdshah', 'tl0120', 'bcaffert', 'gezbbl7', 'ccurto', 'smit3177', 'amcgoff', 'freyg', 'dkuen', 'pillai7', 'wning', 'chen2122', 'ewilhite', 'rweedon', 'zubik', 'davidsml', 'bpolinsk', 'abosshar', 'gupta393', 'mpisoni', 'efeldman', 'eashburn', 'bcasler', 'richg', 'payne71', 'awoodwa', 'nabdrahn', 'baile261', 'msulaima', 'kvansan', 'nkhuu', 'cccyyj720', 'klipiszk', 'cheeseballs99', 'harri670', 'harbinz', 'lawrencr', 'chao26', 'kinserc', 'jmacatan', 'xu1085', 'gcesar', 'apanuga', 'peter514', 'ftangpoo', 'daviskahmann', 'kswartzb', 'mmohdzai', 'pcastagn', 'tglavan', 'iyengar1', 'hschennu', 'adams410', 'tdarmon20', 'atruver', 'ellis99', 'kozelr', 'nail', 'bowman96', 'xul9044', 'aperitor', 'agrillo', 'msargen', 'stapletl', 'mart1391', 'sanjiv3damo', 'woo49', 'rutherfb', 'terry51', 'mgubbi', 'rathi4', 'hill399', 'ctsioli', 'bkeel', 'yang1865', 'akick', 'cvasq69', 'ithakor', 'rturk8292', 'cwidak', 'malhamm', 'wonhyukdo', 'lyanni', 'vudayamo', 'sedgerto', 'pickera', 'tuckerz', 'slillig', 'abhalcha', 'mfess', 'jboulayd', 'mmshank16', 'lmackin', 'ferree1', 'gavinneyman', 'bgrandst', 'choi333', 'mtrivell', 'glevine', 'li3604', 'behrr', 'allnic21', 'epiergal', 'ghosh36', 'stark22', 'lm45000', 'bwitchie', 'anniebreidinger', 'ander754', 'mart1180', 'jeigenbr', 'aleidli', 'rhinesj', 'hsmoke', 'koverley', 'tu37', 'singer15', 'ceckste', 'racroth35', 'jhulsize', 'tnoor', 'saboa', 'nwegh2017', 'eloewe', 'ali113', 'jbuehrle', 'gct246', 'dewittl', 'rroggema', 'schuman1', 'everbru', 'slosing', 'jlorah', 'chiang56', 'gao499', 'xose.amo', 'lthursto', 'coolnikitav', 'deshmukp', 'jnasiboov', 'ltoy', 'li2722', 'sgrzych', 'bamorim', 'awennin', 'egarayev', 'li2709', 'verma52', 'bullock8', 'mill2119', 'white559', 'hillej', 'amoravec', 'george92', 'alotaib6', 'jfitzhu', 'nikitasridhar14', 'dlarocco', 'colewilloughby1125', 'marito', 'tpownell', 'gmantey', 'lrigsbee', 'goodma27', 'uuraechu', 'adamdmiller17', 'kbebris', 'ecave', 'fergu101', 'vkolar', 'ross217', 'jonathanlimp87', '17scotta', 'mcginn1', 'akansky']",2,"[None, 'srothsch']",197,"['mart1380', 'wisler0', 'patel731', 'jaloi', 'kzeligso', 'cdtorres', 'cregers', 'engc', 'dmassow', 'abelkiew', 'zfrank64', 'jin376', 'lee2614', 'etitheyeti98', 'rumplem', 'dragoneye', 'mohdshah', 'tl0120', 'bcaffert', 'gezbbl7', 'ccurto', 'smit3177', 'amcgoff', 'freyg', 'dkuen', 'pillai7', 'wning', 'chen2122', 'ewilhite', 'rweedon', 'zubik', 'davidsml', 'bpolinsk', 'abosshar', 'gupta393', 'mpisoni', 'efeldman', 'cmenden', 'eashburn', 'bcasler', 'richg', 'payne71', 'awoodwa', 'nabdrahn', 'baile261', 'msulaima', 'kvansan', 'nkhuu', 'cccyyj720', 'klipiszk', 'cheeseballs99', 'edreifue', 'harri670', 'harbinz', 'lawrencr', 'chao26', 'kinserc', 'jmacatan', 'xu1085', 'gcesar', 'apanuga', 'peter514', 'ftangpoo', 'daviskahmann', 'kswartzb', 'mmohdzai', 'pcastagn', 'tglavan', 'iyengar1', 'hschennu', 'adams410', 'tdarmon20', 'atruver', 'ellis99', 'kozelr', 'nail', 'bowman96', 'xul9044', 'natoli0', 'aperitor', 'agrillo', 'msargen', 'stapletl', 'mart1391', 'sanjiv3damo', 'woo49', 'rutherfb', 'terry51', 'mgubbi', None, 'rathi4', 'hill399', 'ctsioli', 'bkeel', 'yang1865', 'akick', 'cvasq69', 'ithakor', 'rturk8292', 'cwidak', 'malhamm', 'wonhyukdo', 'lyanni', 'kumar212', 'vudayamo', 'sedgerto', 'pickera', 'tuckerz', 'slillig', 'abhalcha', 'mfess', 'jboulayd', 'mmshank16', 'lmackin', 'ferree1', 'gavinneyman', 'bgrandst', 'choi333', 'mtrivell', 'glevine', 'li3604', 'behrr', 'allnic21', 'epiergal', 'ghosh36', 'stark22', 'lm45000', 'bwitchie', 'anniebreidinger', 'ander754', 'mart1180', 'jeigenbr', 'aleidli', 'rhinesj', 'hsmoke', 'koverley', 'tu37', 'singer15', 'ceckste', 'racroth35', 'jhulsize', 'tnoor', 'saboa', 'nwegh2017', 'eloewe', 'ali113', 'jbuehrle', 'gct246', 'dewittl', 'rroggema', 'schuman1', 'everbru', 'slosing', 'jlorah', 'chiang56', 'gao499', 'xose.amo', 'srothsch', 'lthursto', 'coolnikitav', 'deshmukp', 'jnasiboov', 'ltoy', 'li2722', 'sgrzych', 'bamorim', 'awennin', 'egarayev', 'li2709', 'verma52', 'bullock8', 'mill2119', 'white559', 'hillej', 'amoravec', 'george92', 'alotaib6', 'jfitzhu', 'nikitasridhar14', 'dlarocco', 'colewilloughby1125', 'marito', 'tpownell', 'gmantey', 'lrigsbee', 'goodma27', 'uuraechu', 'adamdmiller17', 'kbebris', 'ecave', 'fergu101', 'vkolar', 'ross217', 'jonathanlimp87', '17scotta', 'mcginn1', 'akansky']"
4,457,137,60,58,"['roberta', 'arneodo.luca', 'fedgiraldo', 'dolivaw05', 'misso.1711001', 'fedegalla1996', 'grimaldialberto97', 'gabrymarro97', 's278189', 'galileopardi536', 'angelopettigiani', 'albi', 'vittoriogrossi.11', 'martina.dattesi', 'francesco97', 'francescagrillo', 'clo.concaro', 'lulambertino', 'flavioguida97', 'andreamoglianesi', 'turin', 'claudia.concaro', 'albipobbe', 'danielepalamara', 'giuseppesassone96', 'vitov', 'massimilianom', 'irina1204', 'gabriele97', 'lom271211', 'martagottardello19', 'francesco.alagna97', 'cecilia96', 'lorenzo.oberti.96', 'giovanni.chiappetto', 'francescoarena', 'lucabarotto', 'simone.filippi', 'lmisso172', 'lollogianni', 'vero.alessandro95', 'matteop97', 's278949', 's280259', 'ariannarolando', 'andrealagrasta95', 'rocco.sorace98', 'hafsasiddiqi', 'matteoschiavone', 'simopramo8', 'lucaturco', 'edobeduglio', 'giorgiabove', 'pietro.ognibene94', 'francescopetrosino', 'cafi', 'amedeo.testori96', 'marcobosco22']",78,"['stefaniavalenza', 'andrea.margaira', 'fabiomargaria', 'giacomotelesca1997', 'giulla97', 'abdallahyousif', 'gabriele', 'ibrahimt', 'riccasuso', 'helena.sguerrero25', 'stefanopalmieri96', 'mariella.provenz', 'lucamala97', 'adeletaramasso20', 'camifassio97', 'edoardorossi', 's279739', 'andrea97', 'aounqureshi', 'fradecandia', 'daniele.ferrara.95', 'enricocolore97', 'eliseo94', 'conte0897', 'damianopalazzolo', 'ludovica.cortoni', 'federicopuleo', 'abellelli09', 'lorenzo_bramante', 'ilaria_tagliaferri', 'albevargiu0', 'simonape', 'mattecer', 'filipporacanella', 'leoca', 'andrea.falco', 'alessandrogasperoni', 'francescavalli', 'ema.dargenzio', 'giuseppepolito', 'francesca23', 'noe.giachi', 'leo.erika.5', 'riccardo96ronco', 'gianmarco.lorenti', 'francescosuperchi', 'andreacalzo97', 's269903', 'marcodesideriols', 'polacco.raffaele', 'massimiliano3596', 'giorgio.rivero', 'francesco.giuseppe.lefosse', 'alessandroredrouge', 's276023', 'pierluigiciasullo', 'camsod', 'daniele.perrot14', 'ciccullomanuel', 'enricagarello', 'alfonsogdr', 'andrealamberti5e', 'miguel.depascual', 'energeticipolito2020', 'silvia.dimatteo62', 'lau19', 'elenagerbino', 'paola.d.campli', 'itamarco97', 'ele95.ed', 'lorenzo.santini', 'porcelliadamo', 'carlo.donofrio26', 'ivan.milan96', 'giovanni0507', 'pietroquaglia', 'valeria_', 'salvatorecutrale94']",2,"['matteo.fasano', None]",138,"['roberta', 'stefaniavalenza', 'gabrymarro97', 'andrea.margaira', 'fabiomargaria', 'vittoriogrossi.11', 'francesco97', 'giacomotelesca1997', 'clo.concaro', 'giulla97', 'abdallahyousif', 'lulambertino', 'flavioguida97', 'vitov', 'massimilianom', 'gabriele', 'ibrahimt', 'francesco.alagna97', 'riccasuso', 'matteo.fasano', 'helena.sguerrero25', 'stefanopalmieri96', 'francescoarena', 'mariella.provenz', 'lucamala97', 'adeletaramasso20', 'camifassio97', 'edoardorossi', 'matteoschiavone', 'andrealagrasta95', 'lucaturco', 'giorgiabove', 's279739', 'andrea97', 'francescopetrosino', 'fradecandia', 'amedeo.testori96', 'aounqureshi', 'dolivaw05', 'daniele.ferrara.95', 'enricocolore97', 'eliseo94', 'conte0897', 'albipobbe', 'damianopalazzolo', 'gabriele97', 'lom271211', 'martagottardello19', 'ludovica.cortoni', 'lorenzo.oberti.96', 'lucabarotto', 'simone.filippi', 'lollogianni', None, 'federicopuleo', 'matteop97', 'abellelli09', 'lorenzo_bramante', 'ilaria_tagliaferri', 'albevargiu0', 'simonape', 'rocco.sorace98', 'ariannarolando', 'mattecer', 'cafi', 'filipporacanella', 'leoca', 'fedegalla1996', 'misso.1711001', 's278189', 'galileopardi536', 'andrea.falco', 'alessandrogasperoni', 'albi', 'francescavalli', 'ema.dargenzio', 'martina.dattesi', 'francescagrillo', 'giuseppepolito', 'francesca23', 'turin', 'andreamoglianesi', 'danielepalamara', 'giuseppesassone96', 'irina1204', 'cecilia96', 'noe.giachi', 'leo.erika.5', 'riccardo96ronco', 'gianmarco.lorenti', 'francescosuperchi', 'andreacalzo97', 's269903', 'lmisso172', 's278949', 'vero.alessandro95', 'marcodesideriols', 's280259', 'polacco.raffaele', 'hafsasiddiqi', 'simopramo8', 'edobeduglio', 'massimiliano3596', 'giorgio.rivero', 'francesco.giuseppe.lefosse', 'alessandroredrouge', 'arneodo.luca', 'fedgiraldo', 'grimaldialberto97', 's276023', 'angelopettigiani', 'pierluigiciasullo', 'camsod', 'daniele.perrot14', 'ciccullomanuel', 'enricagarello', 'alfonsogdr', 'andrealamberti5e', 'miguel.depascual', 'energeticipolito2020', 'silvia.dimatteo62', 'lau19', 'elenagerbino', 'paola.d.campli', 'itamarco97', 'claudia.concaro', 'ele95.ed', 'giovanni.chiappetto', 'lorenzo.santini', 'porcelliadamo', 'carlo.donofrio26', 'ivan.milan96', 'giovanni0507', 'pietro.ognibene94', 'pietroquaglia', 'valeria_', 'marcobosco22', 'salvatorecutrale94']"
4,459,137,10,8,"['misso.1711001', 's278189', 'lulambertino', 'simopramo8', 'lucaturco', 'andrea.margaira', 'albi', 'lmisso172']",128,"['roberta', 'stefaniavalenza', 'gabrymarro97', 'fabiomargaria', 'vittoriogrossi.11', 'francesco97', 'giacomotelesca1997', 'clo.concaro', 'giulla97', 'abdallahyousif', 'flavioguida97', 'vitov', 'massimilianom', 'gabriele', 'ibrahimt', 'francesco.alagna97', 'riccasuso', 'helena.sguerrero25', 'stefanopalmieri96', 'francescoarena', 'mariella.provenz', 'lucamala97', 'adeletaramasso20', 'camifassio97', 'edoardorossi', 'matteoschiavone', 'andrealagrasta95', 'giorgiabove', 's279739', 'andrea97', 'francescopetrosino', 'fradecandia', 'amedeo.testori96', 'aounqureshi', 'dolivaw05', 'daniele.ferrara.95', 'enricocolore97', 'eliseo94', 'conte0897', 'albipobbe', 'damianopalazzolo', 'gabriele97', 'lom271211', 'martagottardello19', 'ludovica.cortoni', 'lorenzo.oberti.96', 'lucabarotto', 'simone.filippi', 'lollogianni', 'federicopuleo', 'matteop97', 'abellelli09', 'lorenzo_bramante', 'ilaria_tagliaferri', 'albevargiu0', 'simonape', 'rocco.sorace98', 'ariannarolando', 'mattecer', 'cafi', 'filipporacanella', 'leoca', 'fedegalla1996', 'galileopardi536', 'andrea.falco', 'alessandrogasperoni', 'francescavalli', 'ema.dargenzio', 'martina.dattesi', 'francescagrillo', 'giuseppepolito', 'francesca23', 'turin', 'andreamoglianesi', 'danielepalamara', 'giuseppesassone96', 'irina1204', 'cecilia96', 'noe.giachi', 'leo.erika.5', 'riccardo96ronco', 'gianmarco.lorenti', 'francescosuperchi', 'andreacalzo97', 's269903', 's278949', 'vero.alessandro95', 'marcodesideriols', 's280259', 'polacco.raffaele', 'hafsasiddiqi', 'edobeduglio', 'massimiliano3596', 'giorgio.rivero', 'francesco.giuseppe.lefosse', 'alessandroredrouge', 'arneodo.luca', 'fedgiraldo', 'grimaldialberto97', 's276023', 'angelopettigiani', 'pierluigiciasullo', 'camsod', 'daniele.perrot14', 'ciccullomanuel', 'enricagarello', 'alfonsogdr', 'andrealamberti5e', 'miguel.depascual', 'energeticipolito2020', 'silvia.dimatteo62', 'lau19', 'elenagerbino', 'paola.d.campli', 'itamarco97', 'claudia.concaro', 'ele95.ed', 'giovanni.chiappetto', 'lorenzo.santini', 'porcelliadamo', 'carlo.donofrio26', 'ivan.milan96', 'giovanni0507', 'pietro.ognibene94', 'pietroquaglia', 'valeria_', 'marcobosco22', 'salvatorecutrale94']",2,"['matteo.fasano', None]",138,"['roberta', 'stefaniavalenza', 'gabrymarro97', 'andrea.margaira', 'fabiomargaria', 'vittoriogrossi.11', 'francesco97', 'giacomotelesca1997', 'clo.concaro', 'giulla97', 'abdallahyousif', 'lulambertino', 'flavioguida97', 'vitov', 'massimilianom', 'gabriele', 'ibrahimt', 'francesco.alagna97', 'riccasuso', 'matteo.fasano', 'helena.sguerrero25', 'stefanopalmieri96', 'francescoarena', 'mariella.provenz', 'lucamala97', 'adeletaramasso20', 'camifassio97', 'edoardorossi', 'matteoschiavone', 'andrealagrasta95', 'lucaturco', 'giorgiabove', 's279739', 'andrea97', 'francescopetrosino', 'fradecandia', 'amedeo.testori96', 'aounqureshi', 'dolivaw05', 'daniele.ferrara.95', 'enricocolore97', 'eliseo94', 'conte0897', 'albipobbe', 'damianopalazzolo', 'gabriele97', 'lom271211', 'martagottardello19', 'ludovica.cortoni', 'lorenzo.oberti.96', 'lucabarotto', 'simone.filippi', 'lollogianni', None, 'federicopuleo', 'matteop97', 'abellelli09', 'lorenzo_bramante', 'ilaria_tagliaferri', 'albevargiu0', 'simonape', 'rocco.sorace98', 'ariannarolando', 'mattecer', 'cafi', 'filipporacanella', 'leoca', 'fedegalla1996', 'misso.1711001', 's278189', 'galileopardi536', 'andrea.falco', 'alessandrogasperoni', 'albi', 'francescavalli', 'ema.dargenzio', 'martina.dattesi', 'francescagrillo', 'giuseppepolito', 'francesca23', 'turin', 'andreamoglianesi', 'danielepalamara', 'giuseppesassone96', 'irina1204', 'cecilia96', 'noe.giachi', 'leo.erika.5', 'riccardo96ronco', 'gianmarco.lorenti', 'francescosuperchi', 'andreacalzo97', 's269903', 'lmisso172', 's278949', 'vero.alessandro95', 'marcodesideriols', 's280259', 'polacco.raffaele', 'hafsasiddiqi', 'simopramo8', 'edobeduglio', 'massimiliano3596', 'giorgio.rivero', 'francesco.giuseppe.lefosse', 'alessandroredrouge', 'arneodo.luca', 'fedgiraldo', 'grimaldialberto97', 's276023', 'angelopettigiani', 'pierluigiciasullo', 'camsod', 'daniele.perrot14', 'ciccullomanuel', 'enricagarello', 'alfonsogdr', 'andrealamberti5e', 'miguel.depascual', 'energeticipolito2020', 'silvia.dimatteo62', 'lau19', 'elenagerbino', 'paola.d.campli', 'itamarco97', 'claudia.concaro', 'ele95.ed', 'giovanni.chiappetto', 'lorenzo.santini', 'porcelliadamo', 'carlo.donofrio26', 'ivan.milan96', 'giovanni0507', 'pietro.ognibene94', 'pietroquaglia', 'valeria_', 'marcobosco22', 'salvatorecutrale94']"
4,458,137,8,7,"['ibrahimt', 'simonape', 'silvia.dimatteo62', 'elenagerbino', 'daniele.perrot14', 'eliseo94', 'lucamala97']",129,"['roberta', 'stefaniavalenza', 'gabrymarro97', 'andrea.margaira', 'fabiomargaria', 'vittoriogrossi.11', 'francesco97', 'giacomotelesca1997', 'clo.concaro', 'giulla97', 'abdallahyousif', 'lulambertino', 'flavioguida97', 'vitov', 'massimilianom', 'gabriele', 'francesco.alagna97', 'riccasuso', 'helena.sguerrero25', 'stefanopalmieri96', 'francescoarena', 'mariella.provenz', 'adeletaramasso20', 'camifassio97', 'edoardorossi', 'matteoschiavone', 'andrealagrasta95', 'lucaturco', 'giorgiabove', 's279739', 'andrea97', 'francescopetrosino', 'fradecandia', 'amedeo.testori96', 'aounqureshi', 'dolivaw05', 'daniele.ferrara.95', 'enricocolore97', 'conte0897', 'albipobbe', 'damianopalazzolo', 'gabriele97', 'lom271211', 'martagottardello19', 'ludovica.cortoni', 'lorenzo.oberti.96', 'lucabarotto', 'simone.filippi', 'lollogianni', 'federicopuleo', 'matteop97', 'abellelli09', 'lorenzo_bramante', 'ilaria_tagliaferri', 'albevargiu0', 'rocco.sorace98', 'ariannarolando', 'mattecer', 'cafi', 'filipporacanella', 'leoca', 'fedegalla1996', 'misso.1711001', 's278189', 'galileopardi536', 'andrea.falco', 'alessandrogasperoni', 'albi', 'francescavalli', 'ema.dargenzio', 'martina.dattesi', 'francescagrillo', 'giuseppepolito', 'francesca23', 'turin', 'andreamoglianesi', 'danielepalamara', 'giuseppesassone96', 'irina1204', 'cecilia96', 'noe.giachi', 'leo.erika.5', 'riccardo96ronco', 'gianmarco.lorenti', 'francescosuperchi', 'andreacalzo97', 's269903', 'lmisso172', 's278949', 'vero.alessandro95', 'marcodesideriols', 's280259', 'polacco.raffaele', 'hafsasiddiqi', 'simopramo8', 'edobeduglio', 'massimiliano3596', 'giorgio.rivero', 'francesco.giuseppe.lefosse', 'alessandroredrouge', 'arneodo.luca', 'fedgiraldo', 'grimaldialberto97', 's276023', 'angelopettigiani', 'pierluigiciasullo', 'camsod', 'ciccullomanuel', 'enricagarello', 'alfonsogdr', 'andrealamberti5e', 'miguel.depascual', 'energeticipolito2020', 'lau19', 'paola.d.campli', 'itamarco97', 'claudia.concaro', 'ele95.ed', 'giovanni.chiappetto', 'lorenzo.santini', 'porcelliadamo', 'carlo.donofrio26', 'ivan.milan96', 'giovanni0507', 'pietro.ognibene94', 'pietroquaglia', 'valeria_', 'marcobosco22', 'salvatorecutrale94']",1,[None],137,"['roberta', 'stefaniavalenza', 'gabrymarro97', 'andrea.margaira', 'fabiomargaria', 'vittoriogrossi.11', 'francesco97', 'giacomotelesca1997', 'clo.concaro', 'giulla97', 'abdallahyousif', 'lulambertino', 'flavioguida97', 'vitov', 'massimilianom', 'gabriele', 'ibrahimt', 'francesco.alagna97', 'riccasuso', 'helena.sguerrero25', 'stefanopalmieri96', 'francescoarena', 'mariella.provenz', 'lucamala97', 'adeletaramasso20', 'camifassio97', 'edoardorossi', 'matteoschiavone', 'andrealagrasta95', 'lucaturco', 'giorgiabove', 's279739', 'andrea97', 'francescopetrosino', 'fradecandia', 'amedeo.testori96', 'aounqureshi', 'dolivaw05', 'daniele.ferrara.95', 'enricocolore97', 'eliseo94', 'conte0897', 'albipobbe', 'damianopalazzolo', 'gabriele97', 'lom271211', 'martagottardello19', 'ludovica.cortoni', 'lorenzo.oberti.96', 'lucabarotto', 'simone.filippi', 'lollogianni', None, 'federicopuleo', 'matteop97', 'abellelli09', 'lorenzo_bramante', 'ilaria_tagliaferri', 'albevargiu0', 'simonape', 'rocco.sorace98', 'ariannarolando', 'mattecer', 'cafi', 'filipporacanella', 'leoca', 'fedegalla1996', 'misso.1711001', 's278189', 'galileopardi536', 'andrea.falco', 'alessandrogasperoni', 'albi', 'francescavalli', 'ema.dargenzio', 'martina.dattesi', 'francescagrillo', 'giuseppepolito', 'francesca23', 'turin', 'andreamoglianesi', 'danielepalamara', 'giuseppesassone96', 'irina1204', 'cecilia96', 'noe.giachi', 'leo.erika.5', 'riccardo96ronco', 'gianmarco.lorenti', 'francescosuperchi', 'andreacalzo97', 's269903', 'lmisso172', 's278949', 'vero.alessandro95', 'marcodesideriols', 's280259', 'polacco.raffaele', 'hafsasiddiqi', 'simopramo8', 'edobeduglio', 'massimiliano3596', 'giorgio.rivero', 'francesco.giuseppe.lefosse', 'alessandroredrouge', 'arneodo.luca', 'fedgiraldo', 'grimaldialberto97', 's276023', 'angelopettigiani', 'pierluigiciasullo', 'camsod', 'daniele.perrot14', 'ciccullomanuel', 'enricagarello', 'alfonsogdr', 'andrealamberti5e', 'miguel.depascual', 'energeticipolito2020', 'silvia.dimatteo62', 'lau19', 'elenagerbino', 'paola.d.campli', 'itamarco97', 'claudia.concaro', 'ele95.ed', 'giovanni.chiappetto', 'lorenzo.santini', 'porcelliadamo', 'carlo.donofrio26', 'ivan.milan96', 'giovanni0507', 'pietro.ognibene94', 'pietroquaglia', 'valeria_', 'marcobosco22', 'salvatorecutrale94']"
4,460,137,7,5,"['s278189', 'andrea.margaira', 'francesca23', 'lucaturco', 'andrealamberti5e']",131,"['roberta', 'stefaniavalenza', 'gabrymarro97', 'fabiomargaria', 'vittoriogrossi.11', 'francesco97', 'giacomotelesca1997', 'clo.concaro', 'giulla97', 'abdallahyousif', 'lulambertino', 'flavioguida97', 'vitov', 'massimilianom', 'gabriele', 'ibrahimt', 'francesco.alagna97', 'riccasuso', 'helena.sguerrero25', 'stefanopalmieri96', 'francescoarena', 'mariella.provenz', 'lucamala97', 'adeletaramasso20', 'camifassio97', 'edoardorossi', 'matteoschiavone', 'andrealagrasta95', 'giorgiabove', 's279739', 'andrea97', 'francescopetrosino', 'fradecandia', 'amedeo.testori96', 'aounqureshi', 'dolivaw05', 'daniele.ferrara.95', 'enricocolore97', 'eliseo94', 'conte0897', 'albipobbe', 'damianopalazzolo', 'gabriele97', 'lom271211', 'martagottardello19', 'ludovica.cortoni', 'lorenzo.oberti.96', 'lucabarotto', 'simone.filippi', 'lollogianni', 'federicopuleo', 'matteop97', 'abellelli09', 'lorenzo_bramante', 'ilaria_tagliaferri', 'albevargiu0', 'simonape', 'rocco.sorace98', 'ariannarolando', 'mattecer', 'cafi', 'filipporacanella', 'leoca', 'fedegalla1996', 'misso.1711001', 'galileopardi536', 'andrea.falco', 'alessandrogasperoni', 'albi', 'francescavalli', 'ema.dargenzio', 'martina.dattesi', 'francescagrillo', 'giuseppepolito', 'turin', 'andreamoglianesi', 'danielepalamara', 'giuseppesassone96', 'irina1204', 'cecilia96', 'noe.giachi', 'leo.erika.5', 'riccardo96ronco', 'gianmarco.lorenti', 'francescosuperchi', 'andreacalzo97', 's269903', 'lmisso172', 's278949', 'vero.alessandro95', 'marcodesideriols', 's280259', 'polacco.raffaele', 'hafsasiddiqi', 'simopramo8', 'edobeduglio', 'massimiliano3596', 'giorgio.rivero', 'francesco.giuseppe.lefosse', 'alessandroredrouge', 'arneodo.luca', 'fedgiraldo', 'grimaldialberto97', 's276023', 'angelopettigiani', 'pierluigiciasullo', 'camsod', 'daniele.perrot14', 'ciccullomanuel', 'enricagarello', 'alfonsogdr', 'miguel.depascual', 'energeticipolito2020', 'silvia.dimatteo62', 'lau19', 'elenagerbino', 'paola.d.campli', 'itamarco97', 'claudia.concaro', 'ele95.ed', 'giovanni.chiappetto', 'lorenzo.santini', 'porcelliadamo', 'carlo.donofrio26', 'ivan.milan96', 'giovanni0507', 'pietro.ognibene94', 'pietroquaglia', 'valeria_', 'marcobosco22', 'salvatorecutrale94']",2,"['matteo.fasano', None]",138,"['roberta', 'stefaniavalenza', 'gabrymarro97', 'andrea.margaira', 'fabiomargaria', 'vittoriogrossi.11', 'francesco97', 'giacomotelesca1997', 'clo.concaro', 'giulla97', 'abdallahyousif', 'lulambertino', 'flavioguida97', 'vitov', 'massimilianom', 'gabriele', 'ibrahimt', 'francesco.alagna97', 'riccasuso', 'matteo.fasano', 'helena.sguerrero25', 'stefanopalmieri96', 'francescoarena', 'mariella.provenz', 'lucamala97', 'adeletaramasso20', 'camifassio97', 'edoardorossi', 'matteoschiavone', 'andrealagrasta95', 'lucaturco', 'giorgiabove', 's279739', 'andrea97', 'francescopetrosino', 'fradecandia', 'amedeo.testori96', 'aounqureshi', 'dolivaw05', 'daniele.ferrara.95', 'enricocolore97', 'eliseo94', 'conte0897', 'albipobbe', 'damianopalazzolo', 'gabriele97', 'lom271211', 'martagottardello19', 'ludovica.cortoni', 'lorenzo.oberti.96', 'lucabarotto', 'simone.filippi', 'lollogianni', None, 'federicopuleo', 'matteop97', 'abellelli09', 'lorenzo_bramante', 'ilaria_tagliaferri', 'albevargiu0', 'simonape', 'rocco.sorace98', 'ariannarolando', 'mattecer', 'cafi', 'filipporacanella', 'leoca', 'fedegalla1996', 'misso.1711001', 's278189', 'galileopardi536', 'andrea.falco', 'alessandrogasperoni', 'albi', 'francescavalli', 'ema.dargenzio', 'martina.dattesi', 'francescagrillo', 'giuseppepolito', 'francesca23', 'turin', 'andreamoglianesi', 'danielepalamara', 'giuseppesassone96', 'irina1204', 'cecilia96', 'noe.giachi', 'leo.erika.5', 'riccardo96ronco', 'gianmarco.lorenti', 'francescosuperchi', 'andreacalzo97', 's269903', 'lmisso172', 's278949', 'vero.alessandro95', 'marcodesideriols', 's280259', 'polacco.raffaele', 'hafsasiddiqi', 'simopramo8', 'edobeduglio', 'massimiliano3596', 'giorgio.rivero', 'francesco.giuseppe.lefosse', 'alessandroredrouge', 'arneodo.luca', 'fedgiraldo', 'grimaldialberto97', 's276023', 'angelopettigiani', 'pierluigiciasullo', 'camsod', 'daniele.perrot14', 'ciccullomanuel', 'enricagarello', 'alfonsogdr', 'andrealamberti5e', 'miguel.depascual', 'energeticipolito2020', 'silvia.dimatteo62', 'lau19', 'elenagerbino', 'paola.d.campli', 'itamarco97', 'claudia.concaro', 'ele95.ed', 'giovanni.chiappetto', 'lorenzo.santini', 'porcelliadamo', 'carlo.donofrio26', 'ivan.milan96', 'giovanni0507', 'pietro.ognibene94', 'pietroquaglia', 'valeria_', 'marcobosco22', 'salvatorecutrale94']"
5,387,136,271,9,"['cmoauro2', 'iflueck2', 'cbo3', 'junzed2', 'alberto4', 'ziyue2', 'glevita2', 'emt2', 'bsusol2']",126,"['kierasbr', 'jscholtz', 'zefangye', 'binx12358', 'jspielma', 'putueka', 'eparlow', 'nhuotari', 'kamkbetz', 'deboraj1121990', 'rgast', 'daviscjd', 'vkm2', 'ak37', 'derkn', 'wesleypa', 'mooka', 'palcal2', 'ssutyak2', 'shirani', 'vguarino', 'georgeli', 'kpantig4', 'dukelau', 'kevwankrw678', 'nickho', 'cvia', 'spraveen', 'yxluan', 'jshangraw', 'zwoerner', 'dromar98', 'jtkach2', 'shdubaisi', 'mattvillena', 'zainsou', 'austylan', 'minseok', 'maruf007', 'karthi.madhubalan', 'isaachong', 'vtagare2', 'klfoley24', 'lboals', 'rnalbert25', 'nickrubl', 'paulnneuburger', 'jpmurph', 'sendmesugar', 'yapandrew110', 'jinsong4', 'josue.clavijo', 'srnelson', 'hulasyr', 'eleini', 'mstryk', 'rwtham2', 'phsecretan', 'mpikul', 'zhengc8', 'lsienko2', 'mbow', 'jzwesley', 'aaronr', 'dwebster600', 'swdoctor', 'smprabhu', 'anilt2001t', 'dylanae', 'kylievittetoe', 'savvag44', 'mattkrock', 'cablood', 'jsysev', 'ealonso1995', 'cwcobb', 'livadluc', 'shriyasi', 'ajcharm', 'huyvanle1998', 'jeffrey', 'cokane', 'bryce.veit', 'lukedoherty', 'islamber', 'phd.physics2018', 'anirula2', 'ljparrish', 'lewynb', 'mmalini', 'conanw2', 'anunez38', 'drrost', 'nleginza', 'mheikka', 'ns23', 'almaemar', 'fouroulou', 'cjrome', 'afreel4', 'jkubota2', 'shahzadakhtar2124', 'davidmylesrosser', 'hyunukch', 'tsehgal2', 'seyryu1', 'krizzy560', 'atsui1', 'mbusse1', 'hjr2', 'domanus2', 'tz11', 'epeachus', 'kbb2', 'rylandwjolliffe', 'mattnalty97', 'shanpra', 'andreagiaccherini', 'kioupakis', 'tleonar', 'gourdin.1', 'syu19', 'amyrm20', 'aagoulas', 'nmccar', 'brycebitter']",262,"['koakhyunji', 'jenniferperez1', 'cicalesej', 'bha00001', 'anamichelena', 'alskdjfh6161', 'chohyundong12', 'manuel10suarez10', 'b.isenberg', 'kepco2020a', 'wjdekgus77', 'tristram', 'beper53', 'boody456366', 'xfiles', 'daniel.robin22', 'juansans98', 'anais3', 'nerwin', 'adrianhochgesang', 'ardisch123', 'xoanmayo', 'itskatomall', 'suyoneee', 'kyserch', 'roychoudhuryaditya2019', 'adp5383', 'foojorge', 'rricardo0324', 'lidiadom', 'aanupam3', 'miguel_fernandez', 'sgu20151463', 'n3b3x', 'supernhtr', 'ryuhoin2002', 'fofi94', 'mtanzi', 'sallysong683', 'philg', 'jdanivc', 'cjs476', 'dmeyer1998', 'mis5660', 'anstjd1542', 'mertyamanoglu', 'cbnuleejinwoo', 'sooooooy314', 'gekco', 'u1121281', 'emilioar', 'anstpdlffj3', 'naitix', 'sumintnals', 'gonserr', 'navya.k.shastri', 'georgeckchen', 'rhrna007', 'hellbomber101', 'ohh99o9', 'uxiavelca', 'chdu6864', 'nakkulab', 'hjshook', 'student1000', 'antoramp', 'siyuezheng', 'ekdms0894', 'jmy0002', 'foghel96', 'raymondzhou227', 'matthewdailey', 'dangover94', 'immmin6677', 'sschneider874', 'parkface94', 'pablosande98', 'kunge0054', 'ana.rmteo', 'josedamiangarcianoya', 'ye02', 'chzh1341', 'danielm78', 'marniesan', 'tmdorsey', 'u1285150', 'ylanbdr', 'titanking231', 'thomas.poulin', 'matthewleemle2', 'ludovick', 'bbatuhanbilecen', 'juho4523', 'aloptor', 'dale7283', 'palzmq', 'andrea.oldham97', 'jasperdeconinck', 'gipes', 'idargu90', 'xogus102929', 'nes1011', 'nargene', 'xoangon', 'samuelfl', 'logankraus', 'bobbimatheson', 'giung0227', 'sherwmit', 'eserafimbortolazzo', 'jonathan.balent', 'rachel.blaydes', 'ghtlstnf7', 'u0360918', 'franktib2', 'vetterd', 'finnclements', None, 'bw02203', 'dbister', 'dorxlqmdkdlel', 'cjsxodnd12', 'dbeciri45', 'eunice98k', 'byeolguri', 'coopjord', 'tjtks4730', 'johnlanghout', 'sukjunyeo', 'u1201859', 'sabintandukar', 'lhc33820933', 'hancheyn', 'rohdej', 'ghobashy445', 'eogn1004', 'jhryu1994', 'exareivaj', 'mmartinezsanchez', 'reyda', 'taylordavis678', 'toast', 'kesu1234', 'dish1498', 'graceml2', 'qkslqksl951', 'yjn3492', 'u0543041', 'myez', 'kirollos.morcos.km', 'mocha7411', 'jiaolh', 'jn12su27', 'yassminsabry', 'zlapvmf', 'estalin', 'jesusgiraldez', 'caetano.eirea', 'martinperezmaneiro', 'danielcondetorres', 'antonio25', 'dhkswk96', 'khfrum', 'msubullies1', 'marshallfrye', 'declanb', 'm0650104.ee06g', 'rbb0001', 'hyerim100600', 'bassel0elgharbawy0', 'zrm0001', 'juanjoseo', 'aia00001', 'ignaciomilani', 'petercp2', 'pichoncillo1', 'mitchell.shields99', 'guillermocam', 'b.benson', 'spazos', '123whdxor', 'vandelei', 'soddi1621', 'mauro_sg', 'socrat', 'qncowlf10', 'e.pmcrespo', 'mikesnure', 'wodnjssnsk12', 'rachelgjohnson', 'abal2474', 'lsj4677', 'hs960531', 'yougyeongo', 'shabnashreej', 'doog9601', 'hayejord', 'giacomo.bego', 'kendalhiatt', 'qwerty0637', 'corozco', 'yoojeong9925', 'tpollei', 'yoonek6719', 'lwang82', 'ezsamsuntung', 'axelbelgarde', 'mcdonald.josh', 'jrichman99', 'gcxmoffice1994', 'jeandavid', 'francike', 'andreagcoto', 'thddpwls257', 'jaephago', 'tnqls3409', 'jboniuk98', 'marcospascualin', 'dnlek12', 'iagomillanentenza', 'zaubin42', 'mattmattmerrill', 'martinzapatamartinez', 'rygr8576', 'jakubpepas', 'genius_p', 'nshamsi', 'chvk4161', 'blake.ballou08', 'htj1104', 'dariushkim', 'aht47', 'therahuul', 'mehdibandali', 'isaac.dominguez4444', 'clara.landesa', 'ganaaa12a', 'pablocl', 'qumo4329', 'latourem', 'tonni1912', 'jedelkind0117', 'jlkirk', 'macks', 'sportmonkey584', 'rsp79', 'josig2011', 'alw0039', 'ophelie10', 'k66773659', 'qottkf6194', 'piri940511', '5dustkd', 'dldnals2020', 'lukebidulka', 'pedro.julian', 'carlosvigo1997', 'leesk4869', 'smdesrochers', 'hyerim1006000', 'giacomo.munari.1', 'ybso1566']",397,"['jenniferperez1', 'cicalesej', 'bha00001', 'anamichelena', 'chohyundong12', 'manuel10suarez10', 'b.isenberg', 'binx12358', 'tristram', 'jspielma', 'putueka', 'beper53', 'xfiles', 'daniel.robin22', 'juansans98', 'anais3', 'adrianhochgesang', 'suyoneee', 'roychoudhuryaditya2019', 'lidiadom', 'aanupam3', 'miguel_fernandez', 'supernhtr', 'vkm2', 'derkn', 'ak37', 'ryuhoin2002', 'mtanzi', 'mooka', 'cjs476', 'palcal2', 'mertyamanoglu', 'cbnuleejinwoo', 'sooooooy314', 'gekco', 'shirani', 'gonserr', 'bsusol2', 'georgeckchen', 'hellbomber101', 'ohh99o9', 'uxiavelca', 'dukelau', 'kevwankrw678', 'nakkulab', 'student1000', 'antoramp', 'siyuezheng', 'immmin6677', 'matthewdailey', 'sschneider874', 'parkface94', 'pablosande98', 'kunge0054', 'ye02', 'chzh1341', 'yxluan', 'danielm78', 'marniesan', 'dromar98', 'zwoerner', 'jtkach2', 'matthewleemle2', 'mattvillena', 'bbatuhanbilecen', 'austylan', 'andrea.oldham97', 'idargu90', 'xogus102929', 'nes1011', 'xoangon', 'vtagare2', 'isaachong', 'samuelfl', 'lboals', 'eserafimbortolazzo', 'nickrubl', 'rachel.blaydes', 'ghtlstnf7', 'jpmurph', 'vetterd', 'sendmesugar', None, 'jinsong4', 'bw02203', 'srnelson', 'eleini', 'coopjord', 'tjtks4730', 'rwtham2', 'lhc33820933', 'hancheyn', 'rohdej', 'phsecretan', 'zhengc8', 'lsienko2', 'jhryu1994', 'jzwesley', 'mmartinezsanchez', 'reyda', 'toast', 'kesu1234', 'dish1498', 'graceml2', 'qkslqksl951', 'u0543041', 'dylanae', 'savvag44', 'mattkrock', 'mocha7411', 'jiaolh', 'jn12su27', 'yassminsabry', 'estalin', 'glevita2', 'jesusgiraldez', 'caetano.eirea', 'livadluc', 'dhkswk96', 'khfrum', 'msubullies1', 'shriyasi', 'm0650104.ee06g', 'rbb0001', 'huyvanle1998', 'bassel0elgharbawy0', 'bryce.veit', 'cokane', 'aia00001', 'ignaciomilani', 'petercp2', 'lukedoherty', 'islamber', 'mitchell.shields99', 'anirula2', '123whdxor', 'soddi1621', 'mauro_sg', 'socrat', 'qncowlf10', 'lewynb', 'mmalini', 'mikesnure', 'conanw2', 'abal2474', 'lsj4677', 'nleginza', 'hs960531', 'yougyeongo', 'hayejord', 'giacomo.bego', 'ns23', 'qwerty0637', 'corozco', 'tpollei', 'yoonek6719', 'fouroulou', 'afreel4', 'jkubota2', 'hyunukch', 'davidmylesrosser', 'axelbelgarde', 'krizzy560', 'atsui1', 'mbusse1', 'domanus2', 'jeandavid', 'andreagcoto', 'epeachus', 'marcospascualin', 'dnlek12', 'rylandwjolliffe', 'zaubin42', 'martinzapatamartinez', 'rygr8576', 'jakubpepas', 'genius_p', 'nshamsi', 'chvk4161', 'shanpra', 'dariushkim', 'therahuul', 'isaac.dominguez4444', 'junzed2', 'ganaaa12a', 'latourem', 'rsp79', 'josig2011', 'qottkf6194', 'iflueck2', 'syu19', 'dldnals2020', 'amyrm20', 'pedro.julian', 'aagoulas', 'leesk4869', 'nmccar', 'dmeyer1998', 'hyerim1006000', 'kierasbr', 'jscholtz', 'zefangye', 'koakhyunji', 'alskdjfh6161', 'kepco2020a', 'wjdekgus77', 'boody456366', 'nerwin', 'eparlow', 'ardisch123', 'nhuotari', 'xoanmayo', 'kamkbetz', 'itskatomall', 'deboraj1121990', 'rgast', 'kyserch', 'adp5383', 'foojorge', 'rricardo0324', 'sgu20151463', 'n3b3x', 'daviscjd', 'fofi94', 'wesleypa', 'sallysong683', 'philg', 'jdanivc', 'mis5660', 'anstjd1542', 'u1121281', 'ssutyak2', 'emilioar', 'anstpdlffj3', 'naitix', 'sumintnals', 'navya.k.shastri', 'vguarino', 'georgeli', 'kpantig4', 'rhrna007', 'chdu6864', 'hjshook', 'ekdms0894', 'jmy0002', 'foghel96', 'raymondzhou227', 'dangover94', 'nickho', 'ana.rmteo', 'josedamiangarcianoya', 'cvia', 'spraveen', 'tmdorsey', 'u1285150', 'ylanbdr', 'jshangraw', 'titanking231', 'thomas.poulin', 'shdubaisi', 'ludovick', 'zainsou', 'juho4523', 'aloptor', 'dale7283', 'palzmq', 'jasperdeconinck', 'gipes', 'nargene', 'minseok', 'emt2', 'maruf007', 'karthi.madhubalan', 'logankraus', 'bobbimatheson', 'klfoley24', 'giung0227', 'sherwmit', 'rnalbert25', 'jonathan.balent', 'u0360918', 'paulnneuburger', 'franktib2', 'ziyue2', 'finnclements', 'yapandrew110', 'josue.clavijo', 'dbister', 'dorxlqmdkdlel', 'hulasyr', 'cjsxodnd12', 'dbeciri45', 'eunice98k', 'byeolguri', 'johnlanghout', 'mstryk', 'sukjunyeo', 'u1201859', 'sabintandukar', 'ghobashy445', 'eogn1004', 'mpikul', 'exareivaj', 'mbow', 'aaronr', 'taylordavis678', 'dwebster600', 'swdoctor', 'smprabhu', 'anilt2001t', 'yjn3492', 'kylievittetoe', 'myez', 'cmoauro2', 'kirollos.morcos.km', 'cbo3', 'zlapvmf', 'cablood', 'jsysev', 'ealonso1995', 'cwcobb', 'martinperezmaneiro', 'danielcondetorres', 'antonio25', 'marshallfrye', 'declanb', 'ajcharm', 'hyerim100600', 'zrm0001', 'jeffrey', 'juanjoseo', 'pichoncillo1', 'guillermocam', 'b.benson', 'phd.physics2018', 'spazos', 'vandelei', 'ljparrish', 'e.pmcrespo', 'wodnjssnsk12', 'anunez38', 'drrost', 'rachelgjohnson', 'mheikka', 'shabnashreej', 'doog9601', 'kendalhiatt', 'yoojeong9925', 'almaemar', 'lwang82', 'cjrome', 'shahzadakhtar2124', 'tsehgal2', 'ezsamsuntung', 'seyryu1', 'mcdonald.josh', 'jrichman99', 'gcxmoffice1994', 'hjr2', 'francike', 'thddpwls257', 'jaephago', 'tz11', 'tnqls3409', 'jboniuk98', 'kbb2', 'iagomillanentenza', 'alberto4', 'mattnalty97', 'mattmattmerrill', 'blake.ballou08', 'htj1104', 'aht47', 'mehdibandali', 'clara.landesa', 'pablocl', 'qumo4329', 'tonni1912', 'jedelkind0117', 'jlkirk', 'macks', 'andreagiaccherini', 'sportmonkey584', 'alw0039', 'kioupakis', 'tleonar', 'ophelie10', 'k66773659', 'gourdin.1', 'piri940511', '5dustkd', 'lukebidulka', 'carlosvigo1997', 'smdesrochers', 'brycebitter', 'giacomo.munari.1', 'ybso1566']"
5,396,136,52,1,['ziyue2'],134,"['kierasbr', 'jscholtz', 'zefangye', 'binx12358', 'jspielma', 'putueka', 'eparlow', 'nhuotari', 'kamkbetz', 'deboraj1121990', 'rgast', 'daviscjd', 'vkm2', 'ak37', 'derkn', 'wesleypa', 'mooka', 'palcal2', 'ssutyak2', 'shirani', 'vguarino', 'georgeli', 'kpantig4', 'bsusol2', 'dukelau', 'kevwankrw678', 'nickho', 'cvia', 'spraveen', 'yxluan', 'jshangraw', 'zwoerner', 'dromar98', 'jtkach2', 'shdubaisi', 'mattvillena', 'zainsou', 'austylan', 'minseok', 'emt2', 'maruf007', 'karthi.madhubalan', 'isaachong', 'vtagare2', 'klfoley24', 'lboals', 'rnalbert25', 'nickrubl', 'paulnneuburger', 'jpmurph', 'sendmesugar', 'yapandrew110', 'jinsong4', 'josue.clavijo', 'srnelson', 'hulasyr', 'eleini', 'mstryk', 'rwtham2', 'phsecretan', 'mpikul', 'zhengc8', 'lsienko2', 'mbow', 'jzwesley', 'aaronr', 'dwebster600', 'swdoctor', 'smprabhu', 'anilt2001t', 'dylanae', 'kylievittetoe', 'cmoauro2', 'savvag44', 'mattkrock', 'cbo3', 'cablood', 'glevita2', 'jsysev', 'ealonso1995', 'cwcobb', 'livadluc', 'shriyasi', 'ajcharm', 'huyvanle1998', 'jeffrey', 'cokane', 'bryce.veit', 'lukedoherty', 'islamber', 'phd.physics2018', 'anirula2', 'ljparrish', 'lewynb', 'mmalini', 'conanw2', 'anunez38', 'drrost', 'nleginza', 'mheikka', 'ns23', 'almaemar', 'fouroulou', 'cjrome', 'afreel4', 'jkubota2', 'shahzadakhtar2124', 'davidmylesrosser', 'hyunukch', 'tsehgal2', 'seyryu1', 'krizzy560', 'atsui1', 'mbusse1', 'hjr2', 'domanus2', 'tz11', 'epeachus', 'kbb2', 'rylandwjolliffe', 'alberto4', 'mattnalty97', 'shanpra', 'junzed2', 'andreagiaccherini', 'kioupakis', 'tleonar', 'gourdin.1', 'iflueck2', 'syu19', 'amyrm20', 'aagoulas', 'nmccar', 'brycebitter']",51,"['nicaponti', 'daglis', 'izumi98077', 'anaya.g2623', 'lwang82', 'jte55', 'fredysanchez2', 'andrew2016', 'v206586', 'roychoudhuryaditya2019', 'i217947', 'jboniuk98', 'fedeenav', 'rileymccarthy27', 'sjl328', 'rburkins1', 'profjanser', 'mattmattmerrill', 'tflong71', 'hrilina12', 'cjs476', 'blake.ballou08', 'aht47', 'emilioar', 'michael.breeding31', 'ganassinandrea', 'ganaaa12a', 'judgeofduty', 'macks', 'alw0039', 'finnclements', 'rsp79', 'rbb0001', 'manolisc23', 'mbatra310', None, 'r204952', 'aia00001', 'petercp2', 'ecegeekece', 'oozaku', 'a212269', 'thalesrogerio', 'fosbackta17', 'hjshook', 'pedro.julian', 'mikesnure', 'e.sdavidm', 'd169774', 'npd54', 'mvp55']",186,"['kierasbr', 'jscholtz', 'zefangye', 'daglis', 'binx12358', 'jspielma', 'putueka', 'fredysanchez2', 'eparlow', 'nhuotari', 'kamkbetz', 'deboraj1121990', 'rgast', 'roychoudhuryaditya2019', 'i217947', 'daviscjd', 'vkm2', 'derkn', 'ak37', 'wesleypa', 'mooka', 'cjs476', 'palcal2', 'ssutyak2', 'emilioar', 'shirani', 'vguarino', 'georgeli', 'kpantig4', 'bsusol2', 'manolisc23', 'mbatra310', 'dukelau', 'kevwankrw678', 'hjshook', 'nickho', 'cvia', 'spraveen', 'yxluan', 'jshangraw', 'zwoerner', 'dromar98', 'jtkach2', 'shdubaisi', 'mattvillena', 'zainsou', 'austylan', 'v206586', 'fedeenav', 'minseok', 'emt2', 'maruf007', 'karthi.madhubalan', 'isaachong', 'vtagare2', 'hrilina12', 'klfoley24', 'lboals', 'rnalbert25', 'nickrubl', 'judgeofduty', 'paulnneuburger', 'jpmurph', 'ziyue2', 'finnclements', 'sendmesugar', 'yapandrew110', None, 'jinsong4', 'josue.clavijo', 'srnelson', 'hulasyr', 'eleini', 'fosbackta17', 'mstryk', 'rwtham2', 'd169774', 'nicaponti', 'phsecretan', 'mpikul', 'zhengc8', 'lsienko2', 'mbow', 'jzwesley', 'aaronr', 'anaya.g2623', 'dwebster600', 'swdoctor', 'smprabhu', 'anilt2001t', 'andrew2016', 'dylanae', 'kylievittetoe', 'cmoauro2', 'savvag44', 'mattkrock', 'cbo3', 'cablood', 'sjl328', 'glevita2', 'profjanser', 'jsysev', 'ealonso1995', 'cwcobb', 'livadluc', 'michael.breeding31', 'shriyasi', 'ajcharm', 'rbb0001', 'huyvanle1998', 'jeffrey', 'cokane', 'bryce.veit', 'aia00001', 'petercp2', 'ecegeekece', 'lukedoherty', 'islamber', 'phd.physics2018', 'anirula2', 'a212269', 'ljparrish', 'lewynb', 'mmalini', 'mikesnure', 'conanw2', 'anunez38', 'drrost', 'e.sdavidm', 'nleginza', 'mheikka', 'ns23', 'izumi98077', 'almaemar', 'fouroulou', 'lwang82', 'cjrome', 'jte55', 'afreel4', 'jkubota2', 'shahzadakhtar2124', 'davidmylesrosser', 'hyunukch', 'tsehgal2', 'seyryu1', 'krizzy560', 'atsui1', 'mbusse1', 'hjr2', 'domanus2', 'jboniuk98', 'tz11', 'epeachus', 'rileymccarthy27', 'kbb2', 'rylandwjolliffe', 'alberto4', 'mattnalty97', 'rburkins1', 'mattmattmerrill', 'tflong71', 'blake.ballou08', 'aht47', 'shanpra', 'junzed2', 'ganassinandrea', 'ganaaa12a', 'macks', 'andreagiaccherini', 'alw0039', 'kioupakis', 'rsp79', 'tleonar', 'r204952', 'gourdin.1', 'iflueck2', 'syu19', 'oozaku', 'thalesrogerio', 'amyrm20', 'pedro.julian', 'aagoulas', 'nmccar', 'brycebitter', 'npd54', 'mvp55']"
5,156,136,44,19,"['jscholtz', 'yxluan', 'jzwesley', 'jspielma', 'shdubaisi', 'zainsou', 'eparlow', 'smprabhu', 'dylanae', 'nickho', 'alberto4', 'lboals', 'rnalbert25', 'shriyasi', 'kioupakis', 'cokane', 'mstryk', 'aagoulas', 'nleginza']",116,"['kierasbr', 'zefangye', 'binx12358', 'putueka', 'nhuotari', 'kamkbetz', 'deboraj1121990', 'rgast', 'daviscjd', 'vkm2', 'ak37', 'derkn', 'wesleypa', 'mooka', 'palcal2', 'ssutyak2', 'shirani', 'vguarino', 'georgeli', 'kpantig4', 'bsusol2', 'dukelau', 'kevwankrw678', 'cvia', 'spraveen', 'jshangraw', 'zwoerner', 'dromar98', 'jtkach2', 'mattvillena', 'austylan', 'minseok', 'emt2', 'maruf007', 'karthi.madhubalan', 'isaachong', 'vtagare2', 'klfoley24', 'nickrubl', 'paulnneuburger', 'jpmurph', 'ziyue2', 'sendmesugar', 'yapandrew110', 'jinsong4', 'josue.clavijo', 'srnelson', 'hulasyr', 'eleini', 'rwtham2', 'phsecretan', 'mpikul', 'zhengc8', 'lsienko2', 'mbow', 'aaronr', 'dwebster600', 'swdoctor', 'anilt2001t', 'kylievittetoe', 'cmoauro2', 'savvag44', 'mattkrock', 'cbo3', 'cablood', 'glevita2', 'jsysev', 'ealonso1995', 'cwcobb', 'livadluc', 'ajcharm', 'huyvanle1998', 'jeffrey', 'bryce.veit', 'lukedoherty', 'islamber', 'phd.physics2018', 'anirula2', 'ljparrish', 'lewynb', 'mmalini', 'conanw2', 'anunez38', 'drrost', 'mheikka', 'ns23', 'almaemar', 'fouroulou', 'cjrome', 'afreel4', 'jkubota2', 'shahzadakhtar2124', 'davidmylesrosser', 'hyunukch', 'tsehgal2', 'seyryu1', 'krizzy560', 'atsui1', 'mbusse1', 'hjr2', 'domanus2', 'tz11', 'epeachus', 'kbb2', 'rylandwjolliffe', 'mattnalty97', 'shanpra', 'junzed2', 'andreagiaccherini', 'tleonar', 'gourdin.1', 'iflueck2', 'syu19', 'amyrm20', 'nmccar', 'brycebitter']",25,"['taoyuhu', 'zbk', 'hhlien', 'linchtn', 'lutianx', 'dbyin', 'cgiger', 'mainmark', 'ariwu', 'zhuhao', 'jiaminw', 'blanzyt', 'maxpow', 'chahuang', 'qiliang', 'sudeepm', 'greeleyd', 'jiayinyu', None, 'mtaheri', 'gbruno527', 'yuchuw', 'caitaot', 'gladaaro', 'metink']",160,"['kierasbr', 'jscholtz', 'zefangye', 'binx12358', 'hhlien', 'linchtn', 'jspielma', 'putueka', 'eparlow', 'nhuotari', 'kamkbetz', 'deboraj1121990', 'rgast', 'mainmark', 'ariwu', 'daviscjd', 'vkm2', 'derkn', 'ak37', 'wesleypa', 'mooka', 'maxpow', 'chahuang', 'palcal2', 'qiliang', 'ssutyak2', 'sudeepm', 'shirani', 'vguarino', 'georgeli', 'jiayinyu', 'kpantig4', 'bsusol2', 'dukelau', 'kevwankrw678', 'nickho', 'metink', 'cvia', 'spraveen', 'yxluan', 'zbk', 'jshangraw', 'zwoerner', 'dromar98', 'jtkach2', 'shdubaisi', 'mattvillena', 'zainsou', 'lutianx', 'austylan', 'zhuhao', 'jiaminw', 'minseok', 'emt2', 'maruf007', 'karthi.madhubalan', 'isaachong', 'vtagare2', 'klfoley24', 'lboals', 'rnalbert25', 'nickrubl', 'paulnneuburger', 'jpmurph', 'ziyue2', 'sendmesugar', 'yapandrew110', None, 'jinsong4', 'josue.clavijo', 'srnelson', 'hulasyr', 'eleini', 'mstryk', 'caitaot', 'rwtham2', 'phsecretan', 'mpikul', 'zhengc8', 'lsienko2', 'mbow', 'jzwesley', 'aaronr', 'dwebster600', 'swdoctor', 'smprabhu', 'anilt2001t', 'dylanae', 'kylievittetoe', 'cmoauro2', 'savvag44', 'mattkrock', 'cbo3', 'cablood', 'glevita2', 'jsysev', 'ealonso1995', 'cwcobb', 'livadluc', 'greeleyd', 'shriyasi', 'ajcharm', 'huyvanle1998', 'jeffrey', 'cokane', 'bryce.veit', 'yuchuw', 'gbruno527', 'lukedoherty', 'islamber', 'phd.physics2018', 'anirula2', 'ljparrish', 'lewynb', 'mmalini', 'gladaaro', 'conanw2', 'anunez38', 'drrost', 'nleginza', 'mheikka', 'taoyuhu', 'ns23', 'almaemar', 'fouroulou', 'cjrome', 'dbyin', 'afreel4', 'jkubota2', 'shahzadakhtar2124', 'davidmylesrosser', 'hyunukch', 'tsehgal2', 'seyryu1', 'krizzy560', 'atsui1', 'mbusse1', 'hjr2', 'domanus2', 'cgiger', 'tz11', 'epeachus', 'kbb2', 'rylandwjolliffe', 'alberto4', 'mattnalty97', 'blanzyt', 'shanpra', 'junzed2', 'andreagiaccherini', 'kioupakis', 'tleonar', 'mtaheri', 'gourdin.1', 'iflueck2', 'syu19', 'amyrm20', 'aagoulas', 'nmccar', 'brycebitter']"
5,149,136,40,5,"['mpikul', 'eleini', 'zwoerner', 'jspielma', 'ajcharm']",130,"['kierasbr', 'jscholtz', 'zefangye', 'binx12358', 'putueka', 'eparlow', 'nhuotari', 'kamkbetz', 'deboraj1121990', 'rgast', 'daviscjd', 'vkm2', 'ak37', 'derkn', 'wesleypa', 'mooka', 'palcal2', 'ssutyak2', 'shirani', 'vguarino', 'georgeli', 'kpantig4', 'bsusol2', 'dukelau', 'kevwankrw678', 'nickho', 'cvia', 'spraveen', 'yxluan', 'jshangraw', 'dromar98', 'jtkach2', 'shdubaisi', 'mattvillena', 'zainsou', 'austylan', 'minseok', 'emt2', 'maruf007', 'karthi.madhubalan', 'isaachong', 'vtagare2', 'klfoley24', 'lboals', 'rnalbert25', 'nickrubl', 'paulnneuburger', 'jpmurph', 'ziyue2', 'sendmesugar', 'yapandrew110', 'jinsong4', 'josue.clavijo', 'srnelson', 'hulasyr', 'mstryk', 'rwtham2', 'phsecretan', 'zhengc8', 'lsienko2', 'mbow', 'jzwesley', 'aaronr', 'dwebster600', 'swdoctor', 'smprabhu', 'anilt2001t', 'dylanae', 'kylievittetoe', 'cmoauro2', 'savvag44', 'mattkrock', 'cbo3', 'cablood', 'glevita2', 'jsysev', 'ealonso1995', 'cwcobb', 'livadluc', 'shriyasi', 'huyvanle1998', 'jeffrey', 'cokane', 'bryce.veit', 'lukedoherty', 'islamber', 'phd.physics2018', 'anirula2', 'ljparrish', 'lewynb', 'mmalini', 'conanw2', 'anunez38', 'drrost', 'nleginza', 'mheikka', 'ns23', 'almaemar', 'fouroulou', 'cjrome', 'afreel4', 'jkubota2', 'shahzadakhtar2124', 'davidmylesrosser', 'hyunukch', 'tsehgal2', 'seyryu1', 'krizzy560', 'atsui1', 'mbusse1', 'hjr2', 'domanus2', 'tz11', 'epeachus', 'kbb2', 'rylandwjolliffe', 'alberto4', 'mattnalty97', 'shanpra', 'junzed2', 'andreagiaccherini', 'kioupakis', 'tleonar', 'gourdin.1', 'iflueck2', 'syu19', 'amyrm20', 'aagoulas', 'nmccar', 'brycebitter']",35,"['shuozh', 'jeilers', 'scollard', 'ccafmeyer1310', 'brokawat', 'dshah515', 'odonnelc', 'nikaren', 'apdoyle', 'wesf', 'lobbiam', 'lwight', 'ebrufsky', 'asasa', 'grfedele', 'ariwu', 'zhuhao', 'vkov', 'cjmichae', 'tianlel', 'cdonahu', 'saxman25', 'reisnerd', 'tbarang', 'optalmad', 'keonbe', 'kmaxie', None, 'kenmp', 'ralsmith', 'danevans', 'sloanluk', 'lpmarks', 'kcrawf', 'alexshaw']",170,"['kierasbr', 'jscholtz', 'zefangye', 'ccafmeyer1310', 'brokawat', 'binx12358', 'jspielma', 'putueka', 'eparlow', 'nhuotari', 'kamkbetz', 'deboraj1121990', 'rgast', 'lwight', 'ariwu', 'daviscjd', 'vkm2', 'derkn', 'ak37', 'wesleypa', 'mooka', 'reisnerd', 'palcal2', 'ssutyak2', 'shirani', 'vguarino', 'georgeli', 'kmaxie', 'kpantig4', 'bsusol2', 'danevans', 'dukelau', 'kevwankrw678', 'lpmarks', 'nickho', 'shuozh', 'cvia', 'spraveen', 'yxluan', 'jshangraw', 'zwoerner', 'dromar98', 'jtkach2', 'shdubaisi', 'mattvillena', 'zainsou', 'austylan', 'zhuhao', 'cjmichae', 'minseok', 'emt2', 'maruf007', 'tianlel', 'karthi.madhubalan', 'isaachong', 'vtagare2', 'saxman25', 'klfoley24', 'lboals', 'rnalbert25', 'nickrubl', 'paulnneuburger', 'jpmurph', 'ziyue2', 'sendmesugar', 'yapandrew110', None, 'jinsong4', 'kenmp', 'josue.clavijo', 'srnelson', 'hulasyr', 'eleini', 'mstryk', 'rwtham2', 'kcrawf', 'jeilers', 'scollard', 'phsecretan', 'mpikul', 'zhengc8', 'lsienko2', 'dshah515', 'mbow', 'jzwesley', 'aaronr', 'dwebster600', 'swdoctor', 'smprabhu', 'anilt2001t', 'nikaren', 'dylanae', 'kylievittetoe', 'apdoyle', 'wesf', 'cmoauro2', 'lobbiam', 'savvag44', 'mattkrock', 'cbo3', 'ebrufsky', 'asasa', 'cablood', 'vkov', 'glevita2', 'jsysev', 'ealonso1995', 'cwcobb', 'livadluc', 'keonbe', 'shriyasi', 'ajcharm', 'huyvanle1998', 'jeffrey', 'cokane', 'bryce.veit', 'lukedoherty', 'islamber', 'phd.physics2018', 'anirula2', 'sloanluk', 'ljparrish', 'lewynb', 'mmalini', 'conanw2', 'anunez38', 'drrost', 'nleginza', 'mheikka', 'ns23', 'odonnelc', 'almaemar', 'fouroulou', 'cjrome', 'afreel4', 'jkubota2', 'shahzadakhtar2124', 'davidmylesrosser', 'hyunukch', 'tsehgal2', 'seyryu1', 'krizzy560', 'atsui1', 'mbusse1', 'hjr2', 'domanus2', 'tz11', 'epeachus', 'grfedele', 'kbb2', 'rylandwjolliffe', 'alberto4', 'mattnalty97', 'cdonahu', 'tbarang', 'shanpra', 'junzed2', 'optalmad', 'andreagiaccherini', 'kioupakis', 'tleonar', 'ralsmith', 'gourdin.1', 'iflueck2', 'syu19', 'amyrm20', 'aagoulas', 'nmccar', 'brycebitter', 'alexshaw']"
5,158,136,23,15,"['anunez38', 'hjr2', 'domanus2', 'ns23', 'palcal2', 'ssutyak2', 'cbo3', 'junzed2', 'shirani', 'ziyue2', 'vkm2', 'conanw2', 'emt2', 'jkubota2', 'jinsong4']",120,"['kierasbr', 'jscholtz', 'zefangye', 'binx12358', 'jspielma', 'putueka', 'eparlow', 'nhuotari', 'kamkbetz', 'deboraj1121990', 'rgast', 'daviscjd', 'derkn', 'ak37', 'wesleypa', 'mooka', 'vguarino', 'georgeli', 'kpantig4', 'bsusol2', 'dukelau', 'kevwankrw678', 'nickho', 'cvia', 'spraveen', 'yxluan', 'jshangraw', 'zwoerner', 'dromar98', 'jtkach2', 'shdubaisi', 'mattvillena', 'zainsou', 'austylan', 'minseok', 'maruf007', 'karthi.madhubalan', 'isaachong', 'vtagare2', 'klfoley24', 'lboals', 'rnalbert25', 'nickrubl', 'paulnneuburger', 'jpmurph', 'sendmesugar', 'yapandrew110', 'josue.clavijo', 'srnelson', 'hulasyr', 'eleini', 'mstryk', 'rwtham2', 'phsecretan', 'mpikul', 'zhengc8', 'lsienko2', 'mbow', 'jzwesley', 'aaronr', 'dwebster600', 'swdoctor', 'smprabhu', 'anilt2001t', 'dylanae', 'kylievittetoe', 'cmoauro2', 'savvag44', 'mattkrock', 'cablood', 'glevita2', 'jsysev', 'ealonso1995', 'cwcobb', 'livadluc', 'shriyasi', 'ajcharm', 'huyvanle1998', 'jeffrey', 'cokane', 'bryce.veit', 'lukedoherty', 'islamber', 'phd.physics2018', 'anirula2', 'ljparrish', 'lewynb', 'mmalini', 'drrost', 'nleginza', 'mheikka', 'almaemar', 'fouroulou', 'cjrome', 'afreel4', 'shahzadakhtar2124', 'davidmylesrosser', 'hyunukch', 'tsehgal2', 'seyryu1', 'krizzy560', 'atsui1', 'mbusse1', 'tz11', 'epeachus', 'kbb2', 'rylandwjolliffe', 'alberto4', 'mattnalty97', 'shanpra', 'andreagiaccherini', 'kioupakis', 'tleonar', 'gourdin.1', 'iflueck2', 'syu19', 'amyrm20', 'aagoulas', 'nmccar', 'brycebitter']",8,"['haibog2', 'zhuoran8', 'blakerc2', 'jgruber3', 'jillmcar', 'pwalke9', 'naisong2', None]",143,"['kierasbr', 'jscholtz', 'zefangye', 'blakerc2', 'binx12358', 'jspielma', 'putueka', 'eparlow', 'nhuotari', 'kamkbetz', 'deboraj1121990', 'rgast', 'daviscjd', 'vkm2', 'derkn', 'ak37', 'wesleypa', 'mooka', 'palcal2', 'ssutyak2', 'shirani', 'vguarino', 'georgeli', 'kpantig4', 'bsusol2', 'dukelau', 'kevwankrw678', 'nickho', 'zhuoran8', 'cvia', 'spraveen', 'yxluan', 'jshangraw', 'zwoerner', 'dromar98', 'jtkach2', 'shdubaisi', 'mattvillena', 'zainsou', 'austylan', 'minseok', 'emt2', 'maruf007', 'karthi.madhubalan', 'isaachong', 'vtagare2', 'klfoley24', 'lboals', 'rnalbert25', 'nickrubl', 'paulnneuburger', 'jpmurph', 'ziyue2', 'naisong2', 'sendmesugar', 'yapandrew110', None, 'jinsong4', 'josue.clavijo', 'srnelson', 'hulasyr', 'eleini', 'mstryk', 'rwtham2', 'phsecretan', 'mpikul', 'zhengc8', 'jillmcar', 'lsienko2', 'mbow', 'jzwesley', 'aaronr', 'dwebster600', 'swdoctor', 'smprabhu', 'anilt2001t', 'dylanae', 'kylievittetoe', 'haibog2', 'cmoauro2', 'savvag44', 'mattkrock', 'cbo3', 'cablood', 'glevita2', 'jsysev', 'ealonso1995', 'cwcobb', 'livadluc', 'shriyasi', 'ajcharm', 'huyvanle1998', 'jeffrey', 'cokane', 'bryce.veit', 'lukedoherty', 'islamber', 'phd.physics2018', 'anirula2', 'jgruber3', 'pwalke9', 'ljparrish', 'lewynb', 'mmalini', 'conanw2', 'anunez38', 'drrost', 'nleginza', 'mheikka', 'ns23', 'almaemar', 'fouroulou', 'cjrome', 'afreel4', 'jkubota2', 'shahzadakhtar2124', 'davidmylesrosser', 'hyunukch', 'tsehgal2', 'seyryu1', 'krizzy560', 'atsui1', 'mbusse1', 'hjr2', 'domanus2', 'tz11', 'epeachus', 'kbb2', 'rylandwjolliffe', 'alberto4', 'mattnalty97', 'shanpra', 'junzed2', 'andreagiaccherini', 'kioupakis', 'tleonar', 'gourdin.1', 'iflueck2', 'syu19', 'amyrm20', 'aagoulas', 'nmccar', 'brycebitter']"
5,325,136,23,1,['glevita2'],134,"['kierasbr', 'jscholtz', 'zefangye', 'binx12358', 'jspielma', 'putueka', 'eparlow', 'nhuotari', 'kamkbetz', 'deboraj1121990', 'rgast', 'daviscjd', 'vkm2', 'derkn', 'ak37', 'wesleypa', 'mooka', 'palcal2', 'ssutyak2', 'shirani', 'vguarino', 'georgeli', 'kpantig4', 'bsusol2', 'dukelau', 'kevwankrw678', 'nickho', 'cvia', 'spraveen', 'yxluan', 'jshangraw', 'zwoerner', 'dromar98', 'jtkach2', 'shdubaisi', 'mattvillena', 'zainsou', 'austylan', 'minseok', 'emt2', 'maruf007', 'karthi.madhubalan', 'isaachong', 'vtagare2', 'klfoley24', 'lboals', 'rnalbert25', 'nickrubl', 'paulnneuburger', 'jpmurph', 'ziyue2', 'sendmesugar', 'yapandrew110', 'jinsong4', 'josue.clavijo', 'srnelson', 'hulasyr', 'eleini', 'mstryk', 'rwtham2', 'phsecretan', 'mpikul', 'zhengc8', 'lsienko2', 'mbow', 'jzwesley', 'aaronr', 'dwebster600', 'swdoctor', 'smprabhu', 'anilt2001t', 'dylanae', 'kylievittetoe', 'cmoauro2', 'savvag44', 'mattkrock', 'cbo3', 'cablood', 'jsysev', 'ealonso1995', 'cwcobb', 'livadluc', 'shriyasi', 'ajcharm', 'huyvanle1998', 'jeffrey', 'cokane', 'bryce.veit', 'lukedoherty', 'islamber', 'phd.physics2018', 'anirula2', 'ljparrish', 'lewynb', 'mmalini', 'conanw2', 'anunez38', 'drrost', 'nleginza', 'mheikka', 'ns23', 'almaemar', 'fouroulou', 'cjrome', 'afreel4', 'jkubota2', 'shahzadakhtar2124', 'davidmylesrosser', 'hyunukch', 'tsehgal2', 'seyryu1', 'krizzy560', 'atsui1', 'mbusse1', 'hjr2', 'domanus2', 'tz11', 'epeachus', 'kbb2', 'rylandwjolliffe', 'alberto4', 'mattnalty97', 'shanpra', 'junzed2', 'andreagiaccherini', 'kioupakis', 'tleonar', 'gourdin.1', 'iflueck2', 'syu19', 'amyrm20', 'aagoulas', 'nmccar', 'brycebitter']",22,"['xuwenting2000', 'magnaye2', 'zhuoran8', 'ymyu2', 'hanzhi2', 'konicek3', 'ziruiw2', 'khalilo2', 'graceml2', 'haibog2', 'bonianp2', 'msaada2', 'huizhit2', 'dl20', None, 'azatar3', 'haoyuli3', 'dlee230', 'jiaruil4', 'adamato2', 'noahrh3', 'jihoonp2']",157,"['kierasbr', 'jscholtz', 'zefangye', 'magnaye2', 'ymyu2', 'binx12358', 'jspielma', 'putueka', 'ziruiw2', 'eparlow', 'nhuotari', 'kamkbetz', 'deboraj1121990', 'rgast', 'daviscjd', 'vkm2', 'derkn', 'ak37', 'wesleypa', 'mooka', 'huizhit2', 'palcal2', 'ssutyak2', 'shirani', 'vguarino', 'georgeli', 'kpantig4', 'bsusol2', 'dlee230', 'dukelau', 'kevwankrw678', 'noahrh3', 'nickho', 'zhuoran8', 'cvia', 'spraveen', 'yxluan', 'jshangraw', 'zwoerner', 'dromar98', 'jtkach2', 'shdubaisi', 'mattvillena', 'zainsou', 'austylan', 'minseok', 'emt2', 'maruf007', 'karthi.madhubalan', 'isaachong', 'vtagare2', 'klfoley24', 'lboals', 'rnalbert25', 'nickrubl', 'paulnneuburger', 'jpmurph', 'ziyue2', 'sendmesugar', 'yapandrew110', None, 'jinsong4', 'josue.clavijo', 'srnelson', 'jiaruil4', 'hulasyr', 'eleini', 'mstryk', 'adamato2', 'rwtham2', 'xuwenting2000', 'phsecretan', 'mpikul', 'zhengc8', 'lsienko2', 'mbow', 'jzwesley', 'aaronr', 'hanzhi2', 'konicek3', 'dwebster600', 'swdoctor', 'smprabhu', 'anilt2001t', 'graceml2', 'dylanae', 'kylievittetoe', 'haibog2', 'cmoauro2', 'savvag44', 'mattkrock', 'cbo3', 'bonianp2', 'cablood', 'msaada2', 'glevita2', 'jsysev', 'ealonso1995', 'cwcobb', 'livadluc', 'dl20', 'shriyasi', 'ajcharm', 'huyvanle1998', 'azatar3', 'jeffrey', 'cokane', 'bryce.veit', 'lukedoherty', 'islamber', 'phd.physics2018', 'anirula2', 'ljparrish', 'lewynb', 'mmalini', 'conanw2', 'anunez38', 'drrost', 'nleginza', 'mheikka', 'ns23', 'almaemar', 'fouroulou', 'cjrome', 'afreel4', 'jkubota2', 'shahzadakhtar2124', 'davidmylesrosser', 'hyunukch', 'khalilo2', 'tsehgal2', 'seyryu1', 'krizzy560', 'atsui1', 'mbusse1', 'hjr2', 'domanus2', 'tz11', 'epeachus', 'kbb2', 'rylandwjolliffe', 'alberto4', 'mattnalty97', 'shanpra', 'junzed2', 'andreagiaccherini', 'kioupakis', 'tleonar', 'haoyuli3', 'gourdin.1', 'iflueck2', 'syu19', 'amyrm20', 'aagoulas', 'jihoonp2', 'nmccar', 'brycebitter']"
5,162,136,19,14,"['bryce.veit', 'krizzy560', 'mbusse1', 'lukedoherty', 'mattkrock', 'isaachong', 'aaronr', 'paulnneuburger', 'derkn', 'vguarino', 'sendmesugar', 'mattvillena', 'kpantig4', 'dwebster600']",121,"['kierasbr', 'jscholtz', 'zefangye', 'binx12358', 'jspielma', 'putueka', 'eparlow', 'nhuotari', 'kamkbetz', 'deboraj1121990', 'rgast', 'daviscjd', 'vkm2', 'ak37', 'wesleypa', 'mooka', 'palcal2', 'ssutyak2', 'shirani', 'georgeli', 'bsusol2', 'dukelau', 'kevwankrw678', 'nickho', 'cvia', 'spraveen', 'yxluan', 'jshangraw', 'zwoerner', 'dromar98', 'jtkach2', 'shdubaisi', 'zainsou', 'austylan', 'minseok', 'emt2', 'maruf007', 'karthi.madhubalan', 'vtagare2', 'klfoley24', 'lboals', 'rnalbert25', 'nickrubl', 'jpmurph', 'ziyue2', 'yapandrew110', 'jinsong4', 'josue.clavijo', 'srnelson', 'hulasyr', 'eleini', 'mstryk', 'rwtham2', 'phsecretan', 'mpikul', 'zhengc8', 'lsienko2', 'mbow', 'jzwesley', 'swdoctor', 'smprabhu', 'anilt2001t', 'dylanae', 'kylievittetoe', 'cmoauro2', 'savvag44', 'cbo3', 'cablood', 'glevita2', 'jsysev', 'ealonso1995', 'cwcobb', 'livadluc', 'shriyasi', 'ajcharm', 'huyvanle1998', 'jeffrey', 'cokane', 'islamber', 'phd.physics2018', 'anirula2', 'ljparrish', 'lewynb', 'mmalini', 'conanw2', 'anunez38', 'drrost', 'nleginza', 'mheikka', 'ns23', 'almaemar', 'fouroulou', 'cjrome', 'afreel4', 'jkubota2', 'shahzadakhtar2124', 'davidmylesrosser', 'hyunukch', 'tsehgal2', 'seyryu1', 'atsui1', 'hjr2', 'domanus2', 'tz11', 'epeachus', 'kbb2', 'rylandwjolliffe', 'alberto4', 'mattnalty97', 'shanpra', 'junzed2', 'andreagiaccherini', 'kioupakis', 'tleonar', 'gourdin.1', 'iflueck2', 'syu19', 'amyrm20', 'aagoulas', 'nmccar', 'brycebitter']",5,"['cvipong', 'mbkivy', 'jschaefer9', 'wemma', None]",140,"['kierasbr', 'jscholtz', 'zefangye', 'binx12358', 'jspielma', 'putueka', 'eparlow', 'nhuotari', 'kamkbetz', 'deboraj1121990', 'rgast', 'daviscjd', 'vkm2', 'derkn', 'ak37', 'wesleypa', 'mooka', 'palcal2', 'ssutyak2', 'mbkivy', 'shirani', 'vguarino', 'georgeli', 'kpantig4', 'bsusol2', 'dukelau', 'kevwankrw678', 'nickho', 'cvia', 'spraveen', 'yxluan', 'jshangraw', 'zwoerner', 'dromar98', 'jtkach2', 'shdubaisi', 'mattvillena', 'zainsou', 'austylan', 'cvipong', 'minseok', 'emt2', 'maruf007', 'karthi.madhubalan', 'isaachong', 'vtagare2', 'klfoley24', 'lboals', 'rnalbert25', 'nickrubl', 'paulnneuburger', 'jpmurph', 'ziyue2', 'sendmesugar', 'yapandrew110', None, 'jinsong4', 'josue.clavijo', 'srnelson', 'hulasyr', 'eleini', 'mstryk', 'rwtham2', 'phsecretan', 'mpikul', 'zhengc8', 'lsienko2', 'mbow', 'jzwesley', 'aaronr', 'dwebster600', 'swdoctor', 'smprabhu', 'anilt2001t', 'dylanae', 'kylievittetoe', 'cmoauro2', 'savvag44', 'mattkrock', 'cbo3', 'cablood', 'glevita2', 'jsysev', 'ealonso1995', 'cwcobb', 'livadluc', 'shriyasi', 'wemma', 'ajcharm', 'huyvanle1998', 'jeffrey', 'cokane', 'bryce.veit', 'lukedoherty', 'islamber', 'phd.physics2018', 'anirula2', 'ljparrish', 'lewynb', 'mmalini', 'conanw2', 'anunez38', 'drrost', 'nleginza', 'mheikka', 'ns23', 'almaemar', 'fouroulou', 'cjrome', 'afreel4', 'jkubota2', 'shahzadakhtar2124', 'davidmylesrosser', 'hyunukch', 'tsehgal2', 'seyryu1', 'krizzy560', 'atsui1', 'mbusse1', 'hjr2', 'domanus2', 'tz11', 'epeachus', 'kbb2', 'rylandwjolliffe', 'alberto4', 'mattnalty97', 'shanpra', 'junzed2', 'andreagiaccherini', 'kioupakis', 'tleonar', 'gourdin.1', 'iflueck2', 'syu19', 'amyrm20', 'aagoulas', 'jschaefer9', 'nmccar', 'brycebitter']"
5,160,136,16,9,"['cmoauro2', 'palcal2', 'lsienko2', 'kbb2', 'almaemar', 'jtkach2', 'emt2', 'afreel4', 'bsusol2']",126,"['kierasbr', 'jscholtz', 'zefangye', 'binx12358', 'jspielma', 'putueka', 'eparlow', 'nhuotari', 'kamkbetz', 'deboraj1121990', 'rgast', 'daviscjd', 'vkm2', 'derkn', 'ak37', 'wesleypa', 'mooka', 'ssutyak2', 'shirani', 'vguarino', 'georgeli', 'kpantig4', 'dukelau', 'kevwankrw678', 'nickho', 'cvia', 'spraveen', 'yxluan', 'jshangraw', 'zwoerner', 'dromar98', 'shdubaisi', 'mattvillena', 'zainsou', 'austylan', 'minseok', 'maruf007', 'karthi.madhubalan', 'isaachong', 'vtagare2', 'klfoley24', 'lboals', 'rnalbert25', 'nickrubl', 'paulnneuburger', 'jpmurph', 'ziyue2', 'sendmesugar', 'yapandrew110', 'jinsong4', 'josue.clavijo', 'srnelson', 'hulasyr', 'eleini', 'mstryk', 'rwtham2', 'phsecretan', 'mpikul', 'zhengc8', 'mbow', 'jzwesley', 'aaronr', 'dwebster600', 'swdoctor', 'smprabhu', 'anilt2001t', 'dylanae', 'kylievittetoe', 'savvag44', 'mattkrock', 'cbo3', 'cablood', 'glevita2', 'jsysev', 'ealonso1995', 'cwcobb', 'livadluc', 'shriyasi', 'ajcharm', 'huyvanle1998', 'jeffrey', 'cokane', 'bryce.veit', 'lukedoherty', 'islamber', 'phd.physics2018', 'anirula2', 'ljparrish', 'lewynb', 'mmalini', 'conanw2', 'anunez38', 'drrost', 'nleginza', 'mheikka', 'ns23', 'fouroulou', 'cjrome', 'jkubota2', 'shahzadakhtar2124', 'davidmylesrosser', 'hyunukch', 'tsehgal2', 'seyryu1', 'krizzy560', 'atsui1', 'mbusse1', 'hjr2', 'domanus2', 'tz11', 'epeachus', 'rylandwjolliffe', 'alberto4', 'mattnalty97', 'shanpra', 'junzed2', 'andreagiaccherini', 'kioupakis', 'tleonar', 'gourdin.1', 'iflueck2', 'syu19', 'amyrm20', 'aagoulas', 'nmccar', 'brycebitter']",7,"['petercp2', 'blakerc2', 'lckb552', 'wjsthdgkrl', 'joshuas8', None, 'lucasrc2']",142,"['kierasbr', 'jscholtz', 'zefangye', 'blakerc2', 'binx12358', 'jspielma', 'putueka', 'eparlow', 'nhuotari', 'kamkbetz', 'deboraj1121990', 'rgast', 'daviscjd', 'vkm2', 'derkn', 'ak37', 'wesleypa', 'mooka', 'palcal2', 'ssutyak2', 'lckb552', 'shirani', 'vguarino', 'georgeli', 'kpantig4', 'bsusol2', 'dukelau', 'kevwankrw678', 'nickho', 'cvia', 'spraveen', 'yxluan', 'jshangraw', 'zwoerner', 'dromar98', 'jtkach2', 'shdubaisi', 'mattvillena', 'zainsou', 'austylan', 'minseok', 'emt2', 'maruf007', 'karthi.madhubalan', 'isaachong', 'vtagare2', 'klfoley24', 'lboals', 'rnalbert25', 'nickrubl', 'paulnneuburger', 'jpmurph', 'ziyue2', 'sendmesugar', 'yapandrew110', None, 'jinsong4', 'josue.clavijo', 'srnelson', 'hulasyr', 'eleini', 'mstryk', 'rwtham2', 'phsecretan', 'mpikul', 'zhengc8', 'lsienko2', 'mbow', 'jzwesley', 'aaronr', 'dwebster600', 'swdoctor', 'smprabhu', 'anilt2001t', 'dylanae', 'kylievittetoe', 'cmoauro2', 'savvag44', 'mattkrock', 'cbo3', 'cablood', 'glevita2', 'jsysev', 'ealonso1995', 'cwcobb', 'livadluc', 'wjsthdgkrl', 'shriyasi', 'ajcharm', 'lucasrc2', 'huyvanle1998', 'jeffrey', 'cokane', 'bryce.veit', 'petercp2', 'lukedoherty', 'islamber', 'phd.physics2018', 'anirula2', 'ljparrish', 'lewynb', 'mmalini', 'conanw2', 'anunez38', 'drrost', 'nleginza', 'mheikka', 'ns23', 'almaemar', 'fouroulou', 'cjrome', 'afreel4', 'jkubota2', 'shahzadakhtar2124', 'davidmylesrosser', 'hyunukch', 'tsehgal2', 'seyryu1', 'krizzy560', 'atsui1', 'mbusse1', 'hjr2', 'domanus2', 'tz11', 'epeachus', 'kbb2', 'rylandwjolliffe', 'alberto4', 'mattnalty97', 'shanpra', 'junzed2', 'joshuas8', 'andreagiaccherini', 'kioupakis', 'tleonar', 'gourdin.1', 'iflueck2', 'syu19', 'amyrm20', 'aagoulas', 'nmccar', 'brycebitter']"
5,161,136,14,13,"['kylievittetoe', 'jeffrey', 'austylan', 'spraveen', 'lboals', 'mbow', 'kevwankrw678', 'shdubaisi', 'lewynb', 'mmalini', 'alberto4', 'ajcharm', 'mheikka']",122,"['kierasbr', 'jscholtz', 'zefangye', 'binx12358', 'jspielma', 'putueka', 'eparlow', 'nhuotari', 'kamkbetz', 'deboraj1121990', 'rgast', 'daviscjd', 'vkm2', 'derkn', 'ak37', 'wesleypa', 'mooka', 'palcal2', 'ssutyak2', 'shirani', 'vguarino', 'georgeli', 'kpantig4', 'bsusol2', 'dukelau', 'nickho', 'cvia', 'yxluan', 'jshangraw', 'zwoerner', 'dromar98', 'jtkach2', 'mattvillena', 'zainsou', 'minseok', 'emt2', 'maruf007', 'karthi.madhubalan', 'isaachong', 'vtagare2', 'klfoley24', 'rnalbert25', 'nickrubl', 'paulnneuburger', 'jpmurph', 'ziyue2', 'sendmesugar', 'yapandrew110', 'jinsong4', 'josue.clavijo', 'srnelson', 'hulasyr', 'eleini', 'mstryk', 'rwtham2', 'phsecretan', 'mpikul', 'zhengc8', 'lsienko2', 'jzwesley', 'aaronr', 'dwebster600', 'swdoctor', 'smprabhu', 'anilt2001t', 'dylanae', 'cmoauro2', 'savvag44', 'mattkrock', 'cbo3', 'cablood', 'glevita2', 'jsysev', 'ealonso1995', 'cwcobb', 'livadluc', 'shriyasi', 'huyvanle1998', 'cokane', 'bryce.veit', 'lukedoherty', 'islamber', 'phd.physics2018', 'anirula2', 'ljparrish', 'conanw2', 'anunez38', 'drrost', 'nleginza', 'ns23', 'almaemar', 'fouroulou', 'cjrome', 'afreel4', 'jkubota2', 'shahzadakhtar2124', 'davidmylesrosser', 'hyunukch', 'tsehgal2', 'seyryu1', 'krizzy560', 'atsui1', 'mbusse1', 'hjr2', 'domanus2', 'tz11', 'epeachus', 'kbb2', 'rylandwjolliffe', 'mattnalty97', 'shanpra', 'junzed2', 'andreagiaccherini', 'kioupakis', 'tleonar', 'gourdin.1', 'iflueck2', 'syu19', 'amyrm20', 'aagoulas', 'nmccar', 'brycebitter']",1,[None],136,"['kierasbr', 'jscholtz', 'zefangye', 'binx12358', 'jspielma', 'putueka', 'eparlow', 'nhuotari', 'kamkbetz', 'deboraj1121990', 'rgast', 'daviscjd', 'vkm2', 'derkn', 'ak37', 'wesleypa', 'mooka', 'palcal2', 'ssutyak2', 'shirani', 'vguarino', 'georgeli', 'kpantig4', 'bsusol2', 'dukelau', 'kevwankrw678', 'nickho', 'cvia', 'spraveen', 'yxluan', 'jshangraw', 'zwoerner', 'dromar98', 'jtkach2', 'shdubaisi', 'mattvillena', 'zainsou', 'austylan', 'minseok', 'emt2', 'maruf007', 'karthi.madhubalan', 'isaachong', 'vtagare2', 'klfoley24', 'lboals', 'rnalbert25', 'nickrubl', 'paulnneuburger', 'jpmurph', 'ziyue2', 'sendmesugar', 'yapandrew110', None, 'jinsong4', 'josue.clavijo', 'srnelson', 'hulasyr', 'eleini', 'mstryk', 'rwtham2', 'phsecretan', 'mpikul', 'zhengc8', 'lsienko2', 'mbow', 'jzwesley', 'aaronr', 'dwebster600', 'swdoctor', 'smprabhu', 'anilt2001t', 'dylanae', 'kylievittetoe', 'cmoauro2', 'savvag44', 'mattkrock', 'cbo3', 'cablood', 'glevita2', 'jsysev', 'ealonso1995', 'cwcobb', 'livadluc', 'shriyasi', 'ajcharm', 'huyvanle1998', 'jeffrey', 'cokane', 'bryce.veit', 'lukedoherty', 'islamber', 'phd.physics2018', 'anirula2', 'ljparrish', 'lewynb', 'mmalini', 'conanw2', 'anunez38', 'drrost', 'nleginza', 'mheikka', 'ns23', 'almaemar', 'fouroulou', 'cjrome', 'afreel4', 'jkubota2', 'shahzadakhtar2124', 'davidmylesrosser', 'hyunukch', 'tsehgal2', 'seyryu1', 'krizzy560', 'atsui1', 'mbusse1', 'hjr2', 'domanus2', 'tz11', 'epeachus', 'kbb2', 'rylandwjolliffe', 'alberto4', 'mattnalty97', 'shanpra', 'junzed2', 'andreagiaccherini', 'kioupakis', 'tleonar', 'gourdin.1', 'iflueck2', 'syu19', 'amyrm20', 'aagoulas', 'nmccar', 'brycebitter']"
5,36,136,12,7,"['hjr2', 'palcal2', 'ssutyak2', 'domanus2', 'vkm2', 'rwtham2', 'anunez38']",128,"['kierasbr', 'jscholtz', 'zefangye', 'binx12358', 'jspielma', 'putueka', 'eparlow', 'nhuotari', 'kamkbetz', 'deboraj1121990', 'rgast', 'daviscjd', 'derkn', 'ak37', 'wesleypa', 'mooka', 'shirani', 'vguarino', 'georgeli', 'kpantig4', 'bsusol2', 'dukelau', 'kevwankrw678', 'nickho', 'cvia', 'spraveen', 'yxluan', 'jshangraw', 'zwoerner', 'dromar98', 'jtkach2', 'shdubaisi', 'mattvillena', 'zainsou', 'austylan', 'minseok', 'emt2', 'maruf007', 'karthi.madhubalan', 'isaachong', 'vtagare2', 'klfoley24', 'lboals', 'rnalbert25', 'nickrubl', 'paulnneuburger', 'jpmurph', 'ziyue2', 'sendmesugar', 'yapandrew110', 'jinsong4', 'josue.clavijo', 'srnelson', 'hulasyr', 'eleini', 'mstryk', 'phsecretan', 'mpikul', 'zhengc8', 'lsienko2', 'mbow', 'jzwesley', 'aaronr', 'dwebster600', 'swdoctor', 'smprabhu', 'anilt2001t', 'dylanae', 'kylievittetoe', 'cmoauro2', 'savvag44', 'mattkrock', 'cbo3', 'cablood', 'glevita2', 'jsysev', 'ealonso1995', 'cwcobb', 'livadluc', 'shriyasi', 'ajcharm', 'huyvanle1998', 'jeffrey', 'cokane', 'bryce.veit', 'lukedoherty', 'islamber', 'phd.physics2018', 'anirula2', 'ljparrish', 'lewynb', 'mmalini', 'conanw2', 'drrost', 'nleginza', 'mheikka', 'ns23', 'almaemar', 'fouroulou', 'cjrome', 'afreel4', 'jkubota2', 'shahzadakhtar2124', 'davidmylesrosser', 'hyunukch', 'tsehgal2', 'seyryu1', 'krizzy560', 'atsui1', 'mbusse1', 'tz11', 'epeachus', 'kbb2', 'rylandwjolliffe', 'alberto4', 'mattnalty97', 'shanpra', 'junzed2', 'andreagiaccherini', 'kioupakis', 'tleonar', 'gourdin.1', 'iflueck2', 'syu19', 'amyrm20', 'aagoulas', 'nmccar', 'brycebitter']",5,"['zhuoran8', 'jillmcar', None, 'naisong2', 'lucasrc2']",140,"['kierasbr', 'jscholtz', 'zefangye', 'binx12358', 'jspielma', 'putueka', 'eparlow', 'nhuotari', 'kamkbetz', 'deboraj1121990', 'rgast', 'daviscjd', 'vkm2', 'derkn', 'ak37', 'wesleypa', 'mooka', 'palcal2', 'ssutyak2', 'shirani', 'vguarino', 'georgeli', 'kpantig4', 'bsusol2', 'dukelau', 'kevwankrw678', 'nickho', 'zhuoran8', 'cvia', 'spraveen', 'yxluan', 'jshangraw', 'zwoerner', 'dromar98', 'jtkach2', 'shdubaisi', 'mattvillena', 'zainsou', 'austylan', 'minseok', 'emt2', 'maruf007', 'karthi.madhubalan', 'isaachong', 'vtagare2', 'klfoley24', 'lboals', 'rnalbert25', 'nickrubl', 'paulnneuburger', 'jpmurph', 'ziyue2', 'naisong2', 'sendmesugar', 'yapandrew110', None, 'jinsong4', 'josue.clavijo', 'srnelson', 'hulasyr', 'eleini', 'mstryk', 'rwtham2', 'phsecretan', 'mpikul', 'zhengc8', 'jillmcar', 'lsienko2', 'mbow', 'jzwesley', 'aaronr', 'dwebster600', 'swdoctor', 'smprabhu', 'anilt2001t', 'dylanae', 'kylievittetoe', 'cmoauro2', 'savvag44', 'mattkrock', 'cbo3', 'cablood', 'glevita2', 'jsysev', 'ealonso1995', 'cwcobb', 'livadluc', 'shriyasi', 'ajcharm', 'lucasrc2', 'huyvanle1998', 'jeffrey', 'cokane', 'bryce.veit', 'lukedoherty', 'islamber', 'phd.physics2018', 'anirula2', 'ljparrish', 'lewynb', 'mmalini', 'conanw2', 'anunez38', 'drrost', 'nleginza', 'mheikka', 'ns23', 'almaemar', 'fouroulou', 'cjrome', 'afreel4', 'jkubota2', 'shahzadakhtar2124', 'davidmylesrosser', 'hyunukch', 'tsehgal2', 'seyryu1', 'krizzy560', 'atsui1', 'mbusse1', 'hjr2', 'domanus2', 'tz11', 'epeachus', 'kbb2', 'rylandwjolliffe', 'alberto4', 'mattnalty97', 'shanpra', 'junzed2', 'andreagiaccherini', 'kioupakis', 'tleonar', 'gourdin.1', 'iflueck2', 'syu19', 'amyrm20', 'aagoulas', 'nmccar', 'brycebitter']"
5,152,136,12,1,['eleini'],134,"['kierasbr', 'jscholtz', 'zefangye', 'binx12358', 'jspielma', 'putueka', 'eparlow', 'nhuotari', 'kamkbetz', 'deboraj1121990', 'rgast', 'daviscjd', 'vkm2', 'derkn', 'ak37', 'wesleypa', 'mooka', 'palcal2', 'ssutyak2', 'shirani', 'vguarino', 'georgeli', 'kpantig4', 'bsusol2', 'dukelau', 'kevwankrw678', 'nickho', 'cvia', 'spraveen', 'yxluan', 'jshangraw', 'zwoerner', 'dromar98', 'jtkach2', 'shdubaisi', 'mattvillena', 'zainsou', 'austylan', 'minseok', 'emt2', 'maruf007', 'karthi.madhubalan', 'isaachong', 'vtagare2', 'klfoley24', 'lboals', 'rnalbert25', 'nickrubl', 'paulnneuburger', 'jpmurph', 'ziyue2', 'sendmesugar', 'yapandrew110', 'jinsong4', 'josue.clavijo', 'srnelson', 'hulasyr', 'mstryk', 'rwtham2', 'phsecretan', 'mpikul', 'zhengc8', 'lsienko2', 'mbow', 'jzwesley', 'aaronr', 'dwebster600', 'swdoctor', 'smprabhu', 'anilt2001t', 'dylanae', 'kylievittetoe', 'cmoauro2', 'savvag44', 'mattkrock', 'cbo3', 'cablood', 'glevita2', 'jsysev', 'ealonso1995', 'cwcobb', 'livadluc', 'shriyasi', 'ajcharm', 'huyvanle1998', 'jeffrey', 'cokane', 'bryce.veit', 'lukedoherty', 'islamber', 'phd.physics2018', 'anirula2', 'ljparrish', 'lewynb', 'mmalini', 'conanw2', 'anunez38', 'drrost', 'nleginza', 'mheikka', 'ns23', 'almaemar', 'fouroulou', 'cjrome', 'afreel4', 'jkubota2', 'shahzadakhtar2124', 'davidmylesrosser', 'hyunukch', 'tsehgal2', 'seyryu1', 'krizzy560', 'atsui1', 'mbusse1', 'hjr2', 'domanus2', 'tz11', 'epeachus', 'kbb2', 'rylandwjolliffe', 'alberto4', 'mattnalty97', 'shanpra', 'junzed2', 'andreagiaccherini', 'kioupakis', 'tleonar', 'gourdin.1', 'iflueck2', 'syu19', 'amyrm20', 'aagoulas', 'nmccar', 'brycebitter']",11,"['ralsmith', 'scollard', 'wesf', 'danevans', 'reisnerd', 'narceci', 'optalmad', 'grfedele', 'keonbe', 'lpmarks', None]",146,"['kierasbr', 'jscholtz', 'zefangye', 'binx12358', 'jspielma', 'putueka', 'eparlow', 'nhuotari', 'kamkbetz', 'deboraj1121990', 'rgast', 'daviscjd', 'vkm2', 'derkn', 'ak37', 'wesleypa', 'mooka', 'reisnerd', 'palcal2', 'ssutyak2', 'shirani', 'vguarino', 'georgeli', 'kpantig4', 'bsusol2', 'danevans', 'dukelau', 'kevwankrw678', 'lpmarks', 'nickho', 'cvia', 'spraveen', 'yxluan', 'jshangraw', 'zwoerner', 'dromar98', 'jtkach2', 'shdubaisi', 'mattvillena', 'zainsou', 'austylan', 'minseok', 'emt2', 'maruf007', 'karthi.madhubalan', 'isaachong', 'vtagare2', 'klfoley24', 'lboals', 'rnalbert25', 'nickrubl', 'paulnneuburger', 'jpmurph', 'ziyue2', 'sendmesugar', 'yapandrew110', None, 'jinsong4', 'josue.clavijo', 'srnelson', 'hulasyr', 'eleini', 'mstryk', 'rwtham2', 'scollard', 'phsecretan', 'mpikul', 'zhengc8', 'lsienko2', 'mbow', 'jzwesley', 'aaronr', 'dwebster600', 'swdoctor', 'smprabhu', 'anilt2001t', 'dylanae', 'kylievittetoe', 'wesf', 'cmoauro2', 'narceci', 'savvag44', 'mattkrock', 'cbo3', 'cablood', 'glevita2', 'jsysev', 'ealonso1995', 'cwcobb', 'livadluc', 'keonbe', 'shriyasi', 'ajcharm', 'huyvanle1998', 'jeffrey', 'cokane', 'bryce.veit', 'lukedoherty', 'islamber', 'phd.physics2018', 'anirula2', 'ljparrish', 'lewynb', 'mmalini', 'conanw2', 'anunez38', 'drrost', 'nleginza', 'mheikka', 'ns23', 'almaemar', 'fouroulou', 'cjrome', 'afreel4', 'jkubota2', 'shahzadakhtar2124', 'davidmylesrosser', 'hyunukch', 'tsehgal2', 'seyryu1', 'krizzy560', 'atsui1', 'mbusse1', 'hjr2', 'domanus2', 'tz11', 'epeachus', 'grfedele', 'kbb2', 'rylandwjolliffe', 'alberto4', 'mattnalty97', 'shanpra', 'junzed2', 'optalmad', 'andreagiaccherini', 'kioupakis', 'tleonar', 'ralsmith', 'gourdin.1', 'iflueck2', 'syu19', 'amyrm20', 'aagoulas', 'nmccar', 'brycebitter']"
5,159,136,11,6,"['cmoauro2', 'iflueck2', 'lsienko2', 'kbb2', 'jtkach2', 'emt2']",129,"['kierasbr', 'jscholtz', 'zefangye', 'binx12358', 'jspielma', 'putueka', 'eparlow', 'nhuotari', 'kamkbetz', 'deboraj1121990', 'rgast', 'daviscjd', 'vkm2', 'derkn', 'ak37', 'wesleypa', 'mooka', 'palcal2', 'ssutyak2', 'shirani', 'vguarino', 'georgeli', 'kpantig4', 'bsusol2', 'dukelau', 'kevwankrw678', 'nickho', 'cvia', 'spraveen', 'yxluan', 'jshangraw', 'zwoerner', 'dromar98', 'shdubaisi', 'mattvillena', 'zainsou', 'austylan', 'minseok', 'maruf007', 'karthi.madhubalan', 'isaachong', 'vtagare2', 'klfoley24', 'lboals', 'rnalbert25', 'nickrubl', 'paulnneuburger', 'jpmurph', 'ziyue2', 'sendmesugar', 'yapandrew110', 'jinsong4', 'josue.clavijo', 'srnelson', 'hulasyr', 'eleini', 'mstryk', 'rwtham2', 'phsecretan', 'mpikul', 'zhengc8', 'mbow', 'jzwesley', 'aaronr', 'dwebster600', 'swdoctor', 'smprabhu', 'anilt2001t', 'dylanae', 'kylievittetoe', 'savvag44', 'mattkrock', 'cbo3', 'cablood', 'glevita2', 'jsysev', 'ealonso1995', 'cwcobb', 'livadluc', 'shriyasi', 'ajcharm', 'huyvanle1998', 'jeffrey', 'cokane', 'bryce.veit', 'lukedoherty', 'islamber', 'phd.physics2018', 'anirula2', 'ljparrish', 'lewynb', 'mmalini', 'conanw2', 'anunez38', 'drrost', 'nleginza', 'mheikka', 'ns23', 'almaemar', 'fouroulou', 'cjrome', 'afreel4', 'jkubota2', 'shahzadakhtar2124', 'davidmylesrosser', 'hyunukch', 'tsehgal2', 'seyryu1', 'krizzy560', 'atsui1', 'mbusse1', 'hjr2', 'domanus2', 'tz11', 'epeachus', 'rylandwjolliffe', 'alberto4', 'mattnalty97', 'shanpra', 'junzed2', 'andreagiaccherini', 'kioupakis', 'tleonar', 'gourdin.1', 'syu19', 'amyrm20', 'aagoulas', 'nmccar', 'brycebitter']",5,"['blakerc2', 'lckb552', 'joshuas8', 'lucasrc2', None]",140,"['kierasbr', 'jscholtz', 'zefangye', 'blakerc2', 'binx12358', 'jspielma', 'putueka', 'eparlow', 'nhuotari', 'kamkbetz', 'deboraj1121990', 'rgast', 'daviscjd', 'vkm2', 'derkn', 'ak37', 'wesleypa', 'mooka', 'palcal2', 'ssutyak2', 'lckb552', 'shirani', 'vguarino', 'georgeli', 'kpantig4', 'bsusol2', 'dukelau', 'kevwankrw678', 'nickho', 'cvia', 'spraveen', 'yxluan', 'jshangraw', 'zwoerner', 'dromar98', 'jtkach2', 'shdubaisi', 'mattvillena', 'zainsou', 'austylan', 'minseok', 'emt2', 'maruf007', 'karthi.madhubalan', 'isaachong', 'vtagare2', 'klfoley24', 'lboals', 'rnalbert25', 'nickrubl', 'paulnneuburger', 'jpmurph', 'ziyue2', 'sendmesugar', 'yapandrew110', None, 'jinsong4', 'josue.clavijo', 'srnelson', 'hulasyr', 'eleini', 'mstryk', 'rwtham2', 'phsecretan', 'mpikul', 'zhengc8', 'lsienko2', 'mbow', 'jzwesley', 'aaronr', 'dwebster600', 'swdoctor', 'smprabhu', 'anilt2001t', 'dylanae', 'kylievittetoe', 'cmoauro2', 'savvag44', 'mattkrock', 'cbo3', 'cablood', 'glevita2', 'jsysev', 'ealonso1995', 'cwcobb', 'livadluc', 'shriyasi', 'ajcharm', 'lucasrc2', 'huyvanle1998', 'jeffrey', 'cokane', 'bryce.veit', 'lukedoherty', 'islamber', 'phd.physics2018', 'anirula2', 'ljparrish', 'lewynb', 'mmalini', 'conanw2', 'anunez38', 'drrost', 'nleginza', 'mheikka', 'ns23', 'almaemar', 'fouroulou', 'cjrome', 'afreel4', 'jkubota2', 'shahzadakhtar2124', 'davidmylesrosser', 'hyunukch', 'tsehgal2', 'seyryu1', 'krizzy560', 'atsui1', 'mbusse1', 'hjr2', 'domanus2', 'tz11', 'epeachus', 'kbb2', 'rylandwjolliffe', 'alberto4', 'mattnalty97', 'shanpra', 'junzed2', 'joshuas8', 'andreagiaccherini', 'kioupakis', 'tleonar', 'gourdin.1', 'iflueck2', 'syu19', 'amyrm20', 'aagoulas', 'nmccar', 'brycebitter']"
5,157,136,9,8,"['jeffrey', 'kylievittetoe', 'austylan', 'mbow', 'mmalini', 'shriyasi', 'ajcharm', 'mheikka']",127,"['kierasbr', 'jscholtz', 'zefangye', 'binx12358', 'jspielma', 'putueka', 'eparlow', 'nhuotari', 'kamkbetz', 'deboraj1121990', 'rgast', 'daviscjd', 'vkm2', 'derkn', 'ak37', 'wesleypa', 'mooka', 'palcal2', 'ssutyak2', 'shirani', 'vguarino', 'georgeli', 'kpantig4', 'bsusol2', 'dukelau', 'kevwankrw678', 'nickho', 'cvia', 'spraveen', 'yxluan', 'jshangraw', 'zwoerner', 'dromar98', 'jtkach2', 'shdubaisi', 'mattvillena', 'zainsou', 'minseok', 'emt2', 'maruf007', 'karthi.madhubalan', 'isaachong', 'vtagare2', 'klfoley24', 'lboals', 'rnalbert25', 'nickrubl', 'paulnneuburger', 'jpmurph', 'ziyue2', 'sendmesugar', 'yapandrew110', 'jinsong4', 'josue.clavijo', 'srnelson', 'hulasyr', 'eleini', 'mstryk', 'rwtham2', 'phsecretan', 'mpikul', 'zhengc8', 'lsienko2', 'jzwesley', 'aaronr', 'dwebster600', 'swdoctor', 'smprabhu', 'anilt2001t', 'dylanae', 'cmoauro2', 'savvag44', 'mattkrock', 'cbo3', 'cablood', 'glevita2', 'jsysev', 'ealonso1995', 'cwcobb', 'livadluc', 'huyvanle1998', 'cokane', 'bryce.veit', 'lukedoherty', 'islamber', 'phd.physics2018', 'anirula2', 'ljparrish', 'lewynb', 'conanw2', 'anunez38', 'drrost', 'nleginza', 'ns23', 'almaemar', 'fouroulou', 'cjrome', 'afreel4', 'jkubota2', 'shahzadakhtar2124', 'davidmylesrosser', 'hyunukch', 'tsehgal2', 'seyryu1', 'krizzy560', 'atsui1', 'mbusse1', 'hjr2', 'domanus2', 'tz11', 'epeachus', 'kbb2', 'rylandwjolliffe', 'alberto4', 'mattnalty97', 'shanpra', 'junzed2', 'andreagiaccherini', 'kioupakis', 'tleonar', 'gourdin.1', 'iflueck2', 'syu19', 'amyrm20', 'aagoulas', 'nmccar', 'brycebitter']",1,[None],136,"['kierasbr', 'jscholtz', 'zefangye', 'binx12358', 'jspielma', 'putueka', 'eparlow', 'nhuotari', 'kamkbetz', 'deboraj1121990', 'rgast', 'daviscjd', 'vkm2', 'derkn', 'ak37', 'wesleypa', 'mooka', 'palcal2', 'ssutyak2', 'shirani', 'vguarino', 'georgeli', 'kpantig4', 'bsusol2', 'dukelau', 'kevwankrw678', 'nickho', 'cvia', 'spraveen', 'yxluan', 'jshangraw', 'zwoerner', 'dromar98', 'jtkach2', 'shdubaisi', 'mattvillena', 'zainsou', 'austylan', 'minseok', 'emt2', 'maruf007', 'karthi.madhubalan', 'isaachong', 'vtagare2', 'klfoley24', 'lboals', 'rnalbert25', 'nickrubl', 'paulnneuburger', 'jpmurph', 'ziyue2', 'sendmesugar', 'yapandrew110', None, 'jinsong4', 'josue.clavijo', 'srnelson', 'hulasyr', 'eleini', 'mstryk', 'rwtham2', 'phsecretan', 'mpikul', 'zhengc8', 'lsienko2', 'mbow', 'jzwesley', 'aaronr', 'dwebster600', 'swdoctor', 'smprabhu', 'anilt2001t', 'dylanae', 'kylievittetoe', 'cmoauro2', 'savvag44', 'mattkrock', 'cbo3', 'cablood', 'glevita2', 'jsysev', 'ealonso1995', 'cwcobb', 'livadluc', 'shriyasi', 'ajcharm', 'huyvanle1998', 'jeffrey', 'cokane', 'bryce.veit', 'lukedoherty', 'islamber', 'phd.physics2018', 'anirula2', 'ljparrish', 'lewynb', 'mmalini', 'conanw2', 'anunez38', 'drrost', 'nleginza', 'mheikka', 'ns23', 'almaemar', 'fouroulou', 'cjrome', 'afreel4', 'jkubota2', 'shahzadakhtar2124', 'davidmylesrosser', 'hyunukch', 'tsehgal2', 'seyryu1', 'krizzy560', 'atsui1', 'mbusse1', 'hjr2', 'domanus2', 'tz11', 'epeachus', 'kbb2', 'rylandwjolliffe', 'alberto4', 'mattnalty97', 'shanpra', 'junzed2', 'andreagiaccherini', 'kioupakis', 'tleonar', 'gourdin.1', 'iflueck2', 'syu19', 'amyrm20', 'aagoulas', 'nmccar', 'brycebitter']"
5,42,136,8,3,"['kbb2', 'lsienko2', 'jtkach2']",132,"['kierasbr', 'jscholtz', 'zefangye', 'binx12358', 'jspielma', 'putueka', 'eparlow', 'nhuotari', 'kamkbetz', 'deboraj1121990', 'rgast', 'daviscjd', 'vkm2', 'derkn', 'ak37', 'wesleypa', 'mooka', 'palcal2', 'ssutyak2', 'shirani', 'vguarino', 'georgeli', 'kpantig4', 'bsusol2', 'dukelau', 'kevwankrw678', 'nickho', 'cvia', 'spraveen', 'yxluan', 'jshangraw', 'zwoerner', 'dromar98', 'shdubaisi', 'mattvillena', 'zainsou', 'austylan', 'minseok', 'emt2', 'maruf007', 'karthi.madhubalan', 'isaachong', 'vtagare2', 'klfoley24', 'lboals', 'rnalbert25', 'nickrubl', 'paulnneuburger', 'jpmurph', 'ziyue2', 'sendmesugar', 'yapandrew110', 'jinsong4', 'josue.clavijo', 'srnelson', 'hulasyr', 'eleini', 'mstryk', 'rwtham2', 'phsecretan', 'mpikul', 'zhengc8', 'mbow', 'jzwesley', 'aaronr', 'dwebster600', 'swdoctor', 'smprabhu', 'anilt2001t', 'dylanae', 'kylievittetoe', 'cmoauro2', 'savvag44', 'mattkrock', 'cbo3', 'cablood', 'glevita2', 'jsysev', 'ealonso1995', 'cwcobb', 'livadluc', 'shriyasi', 'ajcharm', 'huyvanle1998', 'jeffrey', 'cokane', 'bryce.veit', 'lukedoherty', 'islamber', 'phd.physics2018', 'anirula2', 'ljparrish', 'lewynb', 'mmalini', 'conanw2', 'anunez38', 'drrost', 'nleginza', 'mheikka', 'ns23', 'almaemar', 'fouroulou', 'cjrome', 'afreel4', 'jkubota2', 'shahzadakhtar2124', 'davidmylesrosser', 'hyunukch', 'tsehgal2', 'seyryu1', 'krizzy560', 'atsui1', 'mbusse1', 'hjr2', 'domanus2', 'tz11', 'epeachus', 'rylandwjolliffe', 'alberto4', 'mattnalty97', 'shanpra', 'junzed2', 'andreagiaccherini', 'kioupakis', 'tleonar', 'gourdin.1', 'iflueck2', 'syu19', 'amyrm20', 'aagoulas', 'nmccar', 'brycebitter']",5,"['blakerc2', 'lckb552', 'wjsthdgkrl', 'joshuas8', None]",140,"['kierasbr', 'jscholtz', 'zefangye', 'blakerc2', 'binx12358', 'jspielma', 'putueka', 'eparlow', 'nhuotari', 'kamkbetz', 'deboraj1121990', 'rgast', 'daviscjd', 'vkm2', 'derkn', 'ak37', 'wesleypa', 'mooka', 'palcal2', 'ssutyak2', 'lckb552', 'shirani', 'vguarino', 'georgeli', 'kpantig4', 'bsusol2', 'dukelau', 'kevwankrw678', 'nickho', 'cvia', 'spraveen', 'yxluan', 'jshangraw', 'zwoerner', 'dromar98', 'jtkach2', 'shdubaisi', 'mattvillena', 'zainsou', 'austylan', 'minseok', 'emt2', 'maruf007', 'karthi.madhubalan', 'isaachong', 'vtagare2', 'klfoley24', 'lboals', 'rnalbert25', 'nickrubl', 'paulnneuburger', 'jpmurph', 'ziyue2', 'sendmesugar', 'yapandrew110', None, 'jinsong4', 'josue.clavijo', 'srnelson', 'hulasyr', 'eleini', 'mstryk', 'rwtham2', 'phsecretan', 'mpikul', 'zhengc8', 'lsienko2', 'mbow', 'jzwesley', 'aaronr', 'dwebster600', 'swdoctor', 'smprabhu', 'anilt2001t', 'dylanae', 'kylievittetoe', 'cmoauro2', 'savvag44', 'mattkrock', 'cbo3', 'cablood', 'glevita2', 'jsysev', 'ealonso1995', 'cwcobb', 'livadluc', 'wjsthdgkrl', 'shriyasi', 'ajcharm', 'huyvanle1998', 'jeffrey', 'cokane', 'bryce.veit', 'lukedoherty', 'islamber', 'phd.physics2018', 'anirula2', 'ljparrish', 'lewynb', 'mmalini', 'conanw2', 'anunez38', 'drrost', 'nleginza', 'mheikka', 'ns23', 'almaemar', 'fouroulou', 'cjrome', 'afreel4', 'jkubota2', 'shahzadakhtar2124', 'davidmylesrosser', 'hyunukch', 'tsehgal2', 'seyryu1', 'krizzy560', 'atsui1', 'mbusse1', 'hjr2', 'domanus2', 'tz11', 'epeachus', 'kbb2', 'rylandwjolliffe', 'alberto4', 'mattnalty97', 'shanpra', 'junzed2', 'joshuas8', 'andreagiaccherini', 'kioupakis', 'tleonar', 'gourdin.1', 'iflueck2', 'syu19', 'amyrm20', 'aagoulas', 'nmccar', 'brycebitter']"
5,41,136,7,4,"['emt2', 'afreel4', 'bsusol2', 'cmoauro2']",131,"['kierasbr', 'jscholtz', 'zefangye', 'binx12358', 'jspielma', 'putueka', 'eparlow', 'nhuotari', 'kamkbetz', 'deboraj1121990', 'rgast', 'daviscjd', 'vkm2', 'derkn', 'ak37', 'wesleypa', 'mooka', 'palcal2', 'ssutyak2', 'shirani', 'vguarino', 'georgeli', 'kpantig4', 'dukelau', 'kevwankrw678', 'nickho', 'cvia', 'spraveen', 'yxluan', 'jshangraw', 'zwoerner', 'dromar98', 'jtkach2', 'shdubaisi', 'mattvillena', 'zainsou', 'austylan', 'minseok', 'maruf007', 'karthi.madhubalan', 'isaachong', 'vtagare2', 'klfoley24', 'lboals', 'rnalbert25', 'nickrubl', 'paulnneuburger', 'jpmurph', 'ziyue2', 'sendmesugar', 'yapandrew110', 'jinsong4', 'josue.clavijo', 'srnelson', 'hulasyr', 'eleini', 'mstryk', 'rwtham2', 'phsecretan', 'mpikul', 'zhengc8', 'lsienko2', 'mbow', 'jzwesley', 'aaronr', 'dwebster600', 'swdoctor', 'smprabhu', 'anilt2001t', 'dylanae', 'kylievittetoe', 'savvag44', 'mattkrock', 'cbo3', 'cablood', 'glevita2', 'jsysev', 'ealonso1995', 'cwcobb', 'livadluc', 'shriyasi', 'ajcharm', 'huyvanle1998', 'jeffrey', 'cokane', 'bryce.veit', 'lukedoherty', 'islamber', 'phd.physics2018', 'anirula2', 'ljparrish', 'lewynb', 'mmalini', 'conanw2', 'anunez38', 'drrost', 'nleginza', 'mheikka', 'ns23', 'almaemar', 'fouroulou', 'cjrome', 'jkubota2', 'shahzadakhtar2124', 'davidmylesrosser', 'hyunukch', 'tsehgal2', 'seyryu1', 'krizzy560', 'atsui1', 'mbusse1', 'hjr2', 'domanus2', 'tz11', 'epeachus', 'kbb2', 'rylandwjolliffe', 'alberto4', 'mattnalty97', 'shanpra', 'junzed2', 'andreagiaccherini', 'kioupakis', 'tleonar', 'gourdin.1', 'iflueck2', 'syu19', 'amyrm20', 'aagoulas', 'nmccar', 'brycebitter']",3,"['kevins2', None, 'petercp2']",138,"['kierasbr', 'jscholtz', 'zefangye', 'binx12358', 'jspielma', 'putueka', 'eparlow', 'nhuotari', 'kamkbetz', 'deboraj1121990', 'rgast', 'daviscjd', 'vkm2', 'derkn', 'ak37', 'wesleypa', 'mooka', 'palcal2', 'ssutyak2', 'shirani', 'vguarino', 'georgeli', 'kpantig4', 'bsusol2', 'dukelau', 'kevwankrw678', 'kevins2', 'nickho', 'cvia', 'spraveen', 'yxluan', 'jshangraw', 'zwoerner', 'dromar98', 'jtkach2', 'shdubaisi', 'mattvillena', 'zainsou', 'austylan', 'minseok', 'emt2', 'maruf007', 'karthi.madhubalan', 'isaachong', 'vtagare2', 'klfoley24', 'lboals', 'rnalbert25', 'nickrubl', 'paulnneuburger', 'jpmurph', 'ziyue2', 'sendmesugar', 'yapandrew110', None, 'jinsong4', 'josue.clavijo', 'srnelson', 'hulasyr', 'eleini', 'mstryk', 'rwtham2', 'phsecretan', 'mpikul', 'zhengc8', 'lsienko2', 'mbow', 'jzwesley', 'aaronr', 'dwebster600', 'swdoctor', 'smprabhu', 'anilt2001t', 'dylanae', 'kylievittetoe', 'cmoauro2', 'savvag44', 'mattkrock', 'cbo3', 'cablood', 'glevita2', 'jsysev', 'ealonso1995', 'cwcobb', 'livadluc', 'shriyasi', 'ajcharm', 'huyvanle1998', 'jeffrey', 'cokane', 'bryce.veit', 'petercp2', 'lukedoherty', 'islamber', 'phd.physics2018', 'anirula2', 'ljparrish', 'lewynb', 'mmalini', 'conanw2', 'anunez38', 'drrost', 'nleginza', 'mheikka', 'ns23', 'almaemar', 'fouroulou', 'cjrome', 'afreel4', 'jkubota2', 'shahzadakhtar2124', 'davidmylesrosser', 'hyunukch', 'tsehgal2', 'seyryu1', 'krizzy560', 'atsui1', 'mbusse1', 'hjr2', 'domanus2', 'tz11', 'epeachus', 'kbb2', 'rylandwjolliffe', 'alberto4', 'mattnalty97', 'shanpra', 'junzed2', 'andreagiaccherini', 'kioupakis', 'tleonar', 'gourdin.1', 'iflueck2', 'syu19', 'amyrm20', 'aagoulas', 'nmccar', 'brycebitter']"
6,387,132,271,5,"['gipes', 'u0360918', 'taylordavis678', 'latourem', 'gonserr']",126,"['u0984834', 'burcakguner98', 'jadencoelho', 'vogecap240', 'engfersoy', 'u1246265', 'jong', 'gulsakadioglu', 'c841272', 'apunch', 'saranya1992', 'mertcan.bayindir', 'kasimyasinozveren', 'myst0406', 'sherlock.ashrafi', 'u1198840', 'lioucasse38', 'u0304786', 'olesya25', 'u0825246', 'clay2of4', 'rudnev5530', 'yazan99', 'halesz', 'jerryl1996', 'robertlupoiu', 'mustafaozer', 'robinss3', 'erickvfc', 'tylerqwong', 'did', 'meowmurm', 'u0916112', 'johnkm37', 'vejay25090', 'sabriagus26', 'danartur99', 'shayakchakrabarti', 'kayusuf97', 'shaunmckellar', 'abdulrahman.elmashed', 'u0914596', 'u0934438', 'chaewoon07', 'dudeinblue1', 'marianoroldan12', 'daniellistudent', 'emil96', 'elec315s', 'brian.burton93', 'u1008149', 'harry171717171', 'u0973796', 'neil01', 'u0953149', 'rozhansa', 'frenchmathew', 'klechshevskaya', 'marco.ravaro', 'youyouli', 'learner_shreya', 'u0759716', 'yzhan224', 'townleya', 'u1073244', 'nsener45', 'ahmedramzyha', 'nickbrowne', 'khanoz', 'michael.hany.mofeed', 'daanyaal.sobani', 'kutluhanucar1997', 'mimaamin28', 'hcaslan7', 'jseitz4', 'ismail.bikmazi', 'm.alix.foster', 'u1097560', 'kronder77', 'tasneemfatema123', 'remnantemmitt', 'alexsey2001', 'u0764878', 'bnazkaymaz', 'u1222263', 'u1172821', 'nicolecam', 'u1020447', 'blus07', 'brownb4', 'duldul', 'u0813032', 'brendonbk81', 'kieranlumb', 'jfakidis', 'agustaf', 'johngim1', 'cd_bonamis', 'ortegaj2', 'u0839673', 'henrycran', 'u0903539', 'u1208445', 'u1142708', 'ulkubaladin', 'andresvl', 'mcan.ozata', 'thel0rd59', 'u1275153', 'u1119648', 'u1190640', 'u1109386', 'u1131539', 'liliyamerzlova777', 'u0540664', 'isikk.alperen', 'j8', 'tsuchinoko.ls', 'mharis', 'jakecronin97', 'aes_op', 'sambedry', 'u1129087', 'cagatayc06', 'salemvin25', 'wendy01.02']",266,"['koakhyunji', 'jenniferperez1', 'cicalesej', 'bha00001', 'anamichelena', 'alskdjfh6161', 'chohyundong12', 'manuel10suarez10', 'b.isenberg', 'kepco2020a', 'wjdekgus77', 'tristram', 'beper53', 'boody456366', 'xfiles', 'daniel.robin22', 'juansans98', 'anais3', 'nerwin', 'adrianhochgesang', 'ardisch123', 'xoanmayo', 'itskatomall', 'suyoneee', 'kyserch', 'roychoudhuryaditya2019', 'adp5383', 'foojorge', 'rricardo0324', 'lidiadom', 'aanupam3', 'miguel_fernandez', 'sgu20151463', 'n3b3x', 'supernhtr', 'ryuhoin2002', 'fofi94', 'mtanzi', 'sallysong683', 'philg', 'jdanivc', 'cjs476', 'dmeyer1998', 'mis5660', 'anstjd1542', 'mertyamanoglu', 'cbnuleejinwoo', 'sooooooy314', 'gekco', 'u1121281', 'emilioar', 'anstpdlffj3', 'naitix', 'sumintnals', 'navya.k.shastri', 'bsusol2', 'georgeckchen', 'rhrna007', 'hellbomber101', 'ohh99o9', 'uxiavelca', 'chdu6864', 'nakkulab', 'hjshook', 'student1000', 'antoramp', 'siyuezheng', 'ekdms0894', 'jmy0002', 'foghel96', 'raymondzhou227', 'matthewdailey', 'dangover94', 'immmin6677', 'sschneider874', 'parkface94', 'pablosande98', 'kunge0054', 'ana.rmteo', 'josedamiangarcianoya', 'ye02', 'chzh1341', 'danielm78', 'marniesan', 'tmdorsey', 'u1285150', 'ylanbdr', 'titanking231', 'thomas.poulin', 'matthewleemle2', 'ludovick', 'bbatuhanbilecen', 'juho4523', 'aloptor', 'dale7283', 'palzmq', 'andrea.oldham97', 'jasperdeconinck', 'idargu90', 'xogus102929', 'nes1011', 'nargene', 'xoangon', 'emt2', 'samuelfl', 'logankraus', 'bobbimatheson', 'giung0227', 'sherwmit', 'eserafimbortolazzo', 'jonathan.balent', 'rachel.blaydes', 'ghtlstnf7', 'franktib2', 'vetterd', 'ziyue2', 'finnclements', None, 'bw02203', 'dbister', 'dorxlqmdkdlel', 'cjsxodnd12', 'dbeciri45', 'eunice98k', 'byeolguri', 'coopjord', 'tjtks4730', 'johnlanghout', 'sukjunyeo', 'u1201859', 'sabintandukar', 'lhc33820933', 'hancheyn', 'rohdej', 'ghobashy445', 'eogn1004', 'jhryu1994', 'exareivaj', 'mmartinezsanchez', 'reyda', 'toast', 'kesu1234', 'dish1498', 'graceml2', 'qkslqksl951', 'yjn3492', 'u0543041', 'myez', 'cmoauro2', 'kirollos.morcos.km', 'mocha7411', 'jiaolh', 'jn12su27', 'yassminsabry', 'cbo3', 'zlapvmf', 'estalin', 'glevita2', 'jesusgiraldez', 'caetano.eirea', 'martinperezmaneiro', 'danielcondetorres', 'antonio25', 'dhkswk96', 'khfrum', 'msubullies1', 'marshallfrye', 'declanb', 'm0650104.ee06g', 'rbb0001', 'hyerim100600', 'bassel0elgharbawy0', 'zrm0001', 'juanjoseo', 'aia00001', 'ignaciomilani', 'petercp2', 'pichoncillo1', 'mitchell.shields99', 'guillermocam', 'b.benson', 'spazos', '123whdxor', 'vandelei', 'soddi1621', 'mauro_sg', 'socrat', 'qncowlf10', 'e.pmcrespo', 'mikesnure', 'wodnjssnsk12', 'rachelgjohnson', 'abal2474', 'lsj4677', 'hs960531', 'yougyeongo', 'shabnashreej', 'doog9601', 'hayejord', 'giacomo.bego', 'kendalhiatt', 'qwerty0637', 'corozco', 'yoojeong9925', 'tpollei', 'yoonek6719', 'lwang82', 'ezsamsuntung', 'axelbelgarde', 'mcdonald.josh', 'jrichman99', 'gcxmoffice1994', 'jeandavid', 'francike', 'andreagcoto', 'thddpwls257', 'jaephago', 'tnqls3409', 'jboniuk98', 'marcospascualin', 'dnlek12', 'iagomillanentenza', 'zaubin42', 'alberto4', 'mattmattmerrill', 'martinzapatamartinez', 'rygr8576', 'jakubpepas', 'genius_p', 'nshamsi', 'chvk4161', 'blake.ballou08', 'htj1104', 'dariushkim', 'aht47', 'therahuul', 'mehdibandali', 'isaac.dominguez4444', 'junzed2', 'ganaaa12a', 'clara.landesa', 'pablocl', 'qumo4329', 'tonni1912', 'jedelkind0117', 'jlkirk', 'macks', 'sportmonkey584', 'rsp79', 'josig2011', 'alw0039', 'ophelie10', 'k66773659', 'qottkf6194', 'iflueck2', 'piri940511', '5dustkd', 'dldnals2020', 'lukebidulka', 'pedro.julian', 'carlosvigo1997', 'leesk4869', 'smdesrochers', 'hyerim1006000', 'giacomo.munari.1', 'ybso1566']",397,"['u0984834', 'jenniferperez1', 'cicalesej', 'bha00001', 'anamichelena', 'chohyundong12', 'manuel10suarez10', 'b.isenberg', 'burcakguner98', 'tristram', 'beper53', 'jadencoelho', 'xfiles', 'daniel.robin22', 'juansans98', 'anais3', 'adrianhochgesang', 'suyoneee', 'engfersoy', 'roychoudhuryaditya2019', 'lidiadom', 'aanupam3', 'miguel_fernandez', 'apunch', 'supernhtr', 'ryuhoin2002', 'mtanzi', 'cjs476', 'sherlock.ashrafi', 'mertyamanoglu', 'u1198840', 'cbnuleejinwoo', 'sooooooy314', 'gekco', 'olesya25', 'u0825246', 'gonserr', 'clay2of4', 'bsusol2', 'georgeckchen', 'hellbomber101', 'ohh99o9', 'uxiavelca', 'nakkulab', 'student1000', 'antoramp', 'siyuezheng', 'immmin6677', 'matthewdailey', 'jerryl1996', 'sschneider874', 'parkface94', 'pablosande98', 'kunge0054', 'ye02', 'chzh1341', 'danielm78', 'erickvfc', 'marniesan', 'tylerqwong', 'matthewleemle2', 'bbatuhanbilecen', 'did', 'meowmurm', 'u0916112', 'andrea.oldham97', 'sabriagus26', 'danartur99', 'idargu90', 'xogus102929', 'nes1011', 'kayusuf97', 'xoangon', 'samuelfl', 'u0914596', 'chaewoon07', 'dudeinblue1', 'eserafimbortolazzo', 'u1008149', 'rachel.blaydes', 'ghtlstnf7', 'harry171717171', 'vetterd', 'u0953149', None, 'bw02203', 'coopjord', 'tjtks4730', 'frenchmathew', 'lhc33820933', 'hancheyn', 'rohdej', 'jhryu1994', 'mmartinezsanchez', 'reyda', 'toast', 'kesu1234', 'dish1498', 'graceml2', 'qkslqksl951', 'u1073244', 'u0543041', 'ahmedramzyha', 'mocha7411', 'jiaolh', 'jn12su27', 'nickbrowne', 'yassminsabry', 'michael.hany.mofeed', 'estalin', 'daanyaal.sobani', 'kutluhanucar1997', 'glevita2', 'jesusgiraldez', 'caetano.eirea', 'mimaamin28', 'dhkswk96', 'khfrum', 'msubullies1', 'jseitz4', 'm.alix.foster', 'm0650104.ee06g', 'rbb0001', 'bassel0elgharbawy0', 'u1097560', 'aia00001', 'kronder77', 'ignaciomilani', 'petercp2', 'mitchell.shields99', '123whdxor', 'remnantemmitt', 'soddi1621', 'mauro_sg', 'socrat', 'qncowlf10', 'mikesnure', 'abal2474', 'lsj4677', 'hs960531', 'yougyeongo', 'hayejord', 'blus07', 'giacomo.bego', 'duldul', 'qwerty0637', 'u0813032', 'brendonbk81', 'corozco', 'tpollei', 'yoonek6719', 'axelbelgarde', 'jeandavid', 'andreagcoto', 'henrycran', 'marcospascualin', 'dnlek12', 'zaubin42', 'martinzapatamartinez', 'rygr8576', 'andresvl', 'jakubpepas', 'genius_p', 'nshamsi', 'mcan.ozata', 'chvk4161', 'dariushkim', 'therahuul', 'isaac.dominguez4444', 'u1109386', 'junzed2', 'u1131539', 'ganaaa12a', 'latourem', 'isikk.alperen', 'rsp79', 'josig2011', 'qottkf6194', 'mharis', 'iflueck2', 'aes_op', 'sambedry', 'dldnals2020', 'pedro.julian', 'leesk4869', 'dmeyer1998', 'hyerim1006000', 'salemvin25', 'koakhyunji', 'alskdjfh6161', 'kepco2020a', 'wjdekgus77', 'boody456366', 'vogecap240', 'nerwin', 'ardisch123', 'xoanmayo', 'itskatomall', 'jong', 'u1246265', 'kyserch', 'gulsakadioglu', 'adp5383', 'foojorge', 'rricardo0324', 'c841272', 'sgu20151463', 'n3b3x', 'saranya1992', 'mertcan.bayindir', 'fofi94', 'kasimyasinozveren', 'sallysong683', 'philg', 'myst0406', 'jdanivc', 'mis5660', 'anstjd1542', 'u1121281', 'lioucasse38', 'emilioar', 'anstpdlffj3', 'u0304786', 'naitix', 'sumintnals', 'navya.k.shastri', 'rhrna007', 'rudnev5530', 'chdu6864', 'hjshook', 'yazan99', 'ekdms0894', 'jmy0002', 'foghel96', 'raymondzhou227', 'dangover94', 'halesz', 'robertlupoiu', 'mustafaozer', 'ana.rmteo', 'josedamiangarcianoya', 'robinss3', 'tmdorsey', 'u1285150', 'ylanbdr', 'titanking231', 'thomas.poulin', 'ludovick', 'juho4523', 'aloptor', 'johnkm37', 'dale7283', 'palzmq', 'vejay25090', 'gipes', 'jasperdeconinck', 'shayakchakrabarti', 'nargene', 'emt2', 'shaunmckellar', 'abdulrahman.elmashed', 'u0934438', 'logankraus', 'marianoroldan12', 'daniellistudent', 'bobbimatheson', 'giung0227', 'emil96', 'elec315s', 'brian.burton93', 'sherwmit', 'jonathan.balent', 'u0360918', 'franktib2', 'neil01', 'u0973796', 'ziyue2', 'finnclements', 'dbister', 'dorxlqmdkdlel', 'cjsxodnd12', 'dbeciri45', 'eunice98k', 'byeolguri', 'johnlanghout', 'rozhansa', 'sukjunyeo', 'u1201859', 'sabintandukar', 'klechshevskaya', 'ghobashy445', 'eogn1004', 'marco.ravaro', 'youyouli', 'learner_shreya', 'u0759716', 'exareivaj', 'taylordavis678', 'yzhan224', 'townleya', 'yjn3492', 'myez', 'nsener45', 'cmoauro2', 'kirollos.morcos.km', 'cbo3', 'zlapvmf', 'khanoz', 'martinperezmaneiro', 'danielcondetorres', 'hcaslan7', 'antonio25', 'marshallfrye', 'ismail.bikmazi', 'declanb', 'hyerim100600', 'zrm0001', 'juanjoseo', 'pichoncillo1', 'guillermocam', 'b.benson', 'spazos', 'vandelei', 'tasneemfatema123', 'e.pmcrespo', 'alexsey2001', 'u0764878', 'bnazkaymaz', 'wodnjssnsk12', 'u1222263', 'u1172821', 'rachelgjohnson', 'nicolecam', 'shabnashreej', 'u1020447', 'doog9601', 'kendalhiatt', 'brownb4', 'yoojeong9925', 'kieranlumb', 'jfakidis', 'lwang82', 'agustaf', 'johngim1', 'ezsamsuntung', 'mcdonald.josh', 'jrichman99', 'cd_bonamis', 'gcxmoffice1994', 'francike', 'thddpwls257', 'ortegaj2', 'u0839673', 'jaephago', 'tnqls3409', 'jboniuk98', 'u0903539', 'u1208445', 'iagomillanentenza', 'u1142708', 'alberto4', 'mattmattmerrill', 'ulkubaladin', 'blake.ballou08', 'htj1104', 'aht47', 'thel0rd59', 'u1275153', 'u1119648', 'u1190640', 'mehdibandali', 'clara.landesa', 'pablocl', 'qumo4329', 'tonni1912', 'liliyamerzlova777', 'jedelkind0117', 'u0540664', 'jlkirk', 'macks', 'sportmonkey584', 'alw0039', 'j8', 'ophelie10', 'k66773659', 'tsuchinoko.ls', 'piri940511', '5dustkd', 'jakecronin97', 'lukebidulka', 'u1129087', 'carlosvigo1997', 'cagatayc06', 'smdesrochers', 'giacomo.munari.1', 'ybso1566', 'wendy01.02']"
6,388,132,46,29,"['youyouli', 'erickvfc', 'tylerqwong', 'brendonbk81', 'jfakidis', 'jadencoelho', 'vogecap240', 'johngim1', 'johnkm37', 'cd_bonamis', 'danartur99', 'shayakchakrabarti', 'apunch', 'kayusuf97', 'daanyaal.sobani', 'andresvl', 'mimaamin28', 'marianoroldan12', 'daniellistudent', 'elec315s', 'neil01', 'j8', 'tsuchinoko.ls', 'jakecronin97', 'aes_op', 'sambedry', 'rozhansa', 'yazan99', 'nicolecam']",102,"['u0984834', 'burcakguner98', 'engfersoy', 'u1246265', 'jong', 'gulsakadioglu', 'c841272', 'saranya1992', 'mertcan.bayindir', 'kasimyasinozveren', 'myst0406', 'sherlock.ashrafi', 'u1198840', 'lioucasse38', 'u0304786', 'olesya25', 'u0825246', 'gonserr', 'clay2of4', 'rudnev5530', 'halesz', 'jerryl1996', 'robertlupoiu', 'mustafaozer', 'robinss3', 'did', 'meowmurm', 'u0916112', 'vejay25090', 'sabriagus26', 'gipes', 'shaunmckellar', 'abdulrahman.elmashed', 'u0914596', 'u0934438', 'chaewoon07', 'dudeinblue1', 'emil96', 'brian.burton93', 'u1008149', 'u0360918', 'harry171717171', 'u0973796', 'u0953149', 'frenchmathew', 'klechshevskaya', 'marco.ravaro', 'learner_shreya', 'u0759716', 'taylordavis678', 'yzhan224', 'townleya', 'u1073244', 'nsener45', 'ahmedramzyha', 'nickbrowne', 'khanoz', 'michael.hany.mofeed', 'kutluhanucar1997', 'hcaslan7', 'jseitz4', 'ismail.bikmazi', 'm.alix.foster', 'u1097560', 'kronder77', 'tasneemfatema123', 'remnantemmitt', 'alexsey2001', 'u0764878', 'bnazkaymaz', 'u1222263', 'u1172821', 'u1020447', 'blus07', 'brownb4', 'duldul', 'u0813032', 'kieranlumb', 'agustaf', 'ortegaj2', 'u0839673', 'henrycran', 'u0903539', 'u1208445', 'u1142708', 'ulkubaladin', 'mcan.ozata', 'thel0rd59', 'u1275153', 'u1119648', 'u1190640', 'u1109386', 'u1131539', 'liliyamerzlova777', 'latourem', 'u0540664', 'isikk.alperen', 'mharis', 'u1129087', 'cagatayc06', 'salemvin25', 'wendy01.02']",17,"['cd_bon', 'gcxmoffice1994', 'zkkazi99', 'lingyiw9954', 'mitchellgg', 'kirollos.morcos.km', 'therahuul', 'estalinalvarezalvarez', 'killuaonizuka1999', 'eunice98k', 'tylervrd', 'estalin', None, 'matthewleemle2', 'csparkes', 'georgeckchen', 'sallysong683']",148,"['u0984834', 'burcakguner98', 'jadencoelho', 'vogecap240', 'zkkazi99', 'engfersoy', 'u1246265', 'jong', 'gulsakadioglu', 'c841272', 'estalinalvarezalvarez', 'apunch', 'saranya1992', 'mertcan.bayindir', 'csparkes', 'kasimyasinozveren', 'sallysong683', 'myst0406', 'sherlock.ashrafi', 'u1198840', 'lioucasse38', 'u0304786', 'olesya25', 'u0825246', 'gonserr', 'clay2of4', 'georgeckchen', 'rudnev5530', 'yazan99', 'halesz', 'jerryl1996', 'robertlupoiu', 'mustafaozer', 'robinss3', 'erickvfc', 'tylerqwong', 'matthewleemle2', 'did', 'meowmurm', 'u0916112', 'johnkm37', 'vejay25090', 'sabriagus26', 'danartur99', 'gipes', 'shayakchakrabarti', 'kayusuf97', 'shaunmckellar', 'abdulrahman.elmashed', 'u0914596', 'u0934438', 'chaewoon07', 'dudeinblue1', 'marianoroldan12', 'daniellistudent', 'emil96', 'elec315s', 'brian.burton93', 'u1008149', 'u0360918', 'harry171717171', 'u0973796', 'neil01', 'u0953149', None, 'eunice98k', 'rozhansa', 'frenchmathew', 'klechshevskaya', 'marco.ravaro', 'lingyiw9954', 'youyouli', 'learner_shreya', 'u0759716', 'mitchellgg', 'taylordavis678', 'yzhan224', 'townleya', 'u1073244', 'nsener45', 'ahmedramzyha', 'kirollos.morcos.km', 'nickbrowne', 'khanoz', 'michael.hany.mofeed', 'estalin', 'daanyaal.sobani', 'kutluhanucar1997', 'mimaamin28', 'hcaslan7', 'jseitz4', 'ismail.bikmazi', 'm.alix.foster', 'u1097560', 'kronder77', 'tasneemfatema123', 'remnantemmitt', 'alexsey2001', 'u0764878', 'bnazkaymaz', 'u1222263', 'u1172821', 'nicolecam', 'u1020447', 'blus07', 'brownb4', 'duldul', 'u0813032', 'brendonbk81', 'kieranlumb', 'jfakidis', 'agustaf', 'johngim1', 'gcxmoffice1994', 'cd_bonamis', 'ortegaj2', 'u0839673', 'henrycran', 'u0903539', 'u1208445', 'u1142708', 'ulkubaladin', 'cd_bon', 'andresvl', 'mcan.ozata', 'thel0rd59', 'u1275153', 'u1119648', 'u1190640', 'therahuul', 'u1109386', 'u1131539', 'liliyamerzlova777', 'latourem', 'u0540664', 'isikk.alperen', 'j8', 'tsuchinoko.ls', 'mharis', 'jakecronin97', 'aes_op', 'killuaonizuka1999', 'sambedry', 'tylervrd', 'u1129087', 'cagatayc06', 'salemvin25', 'wendy01.02']"
6,392,132,35,30,"['u1020447', 'u0984834', 'u0759716', 'u0813032', 'agustaf', 'u1073244', 'u0916112', 'u0839673', 'henrycran', 'u1208445', 'u1142708', 'shaunmckellar', 'u0934438', 'u0914596', 'dudeinblue1', 'brian.burton93', 'u1275153', 'u1198840', 'u1119648', 'u0304786', 'u1190640', 'harry171717171', 'u0540664', 'u0953149', 'u1097560', 'mharis', 'remnantemmitt', 'u1129087', 'u1222263', 'u1172821']",101,"['burcakguner98', 'jadencoelho', 'vogecap240', 'engfersoy', 'u1246265', 'jong', 'gulsakadioglu', 'c841272', 'apunch', 'saranya1992', 'mertcan.bayindir', 'kasimyasinozveren', 'myst0406', 'sherlock.ashrafi', 'lioucasse38', 'olesya25', 'u0825246', 'gonserr', 'clay2of4', 'rudnev5530', 'yazan99', 'halesz', 'jerryl1996', 'robertlupoiu', 'mustafaozer', 'robinss3', 'erickvfc', 'tylerqwong', 'did', 'meowmurm', 'johnkm37', 'vejay25090', 'sabriagus26', 'danartur99', 'gipes', 'shayakchakrabarti', 'kayusuf97', 'abdulrahman.elmashed', 'chaewoon07', 'marianoroldan12', 'daniellistudent', 'emil96', 'elec315s', 'u1008149', 'u0360918', 'neil01', 'u0973796', 'rozhansa', 'frenchmathew', 'klechshevskaya', 'marco.ravaro', 'youyouli', 'learner_shreya', 'taylordavis678', 'yzhan224', 'townleya', 'nsener45', 'ahmedramzyha', 'nickbrowne', 'khanoz', 'michael.hany.mofeed', 'daanyaal.sobani', 'kutluhanucar1997', 'mimaamin28', 'hcaslan7', 'jseitz4', 'ismail.bikmazi', 'm.alix.foster', 'kronder77', 'tasneemfatema123', 'alexsey2001', 'u0764878', 'bnazkaymaz', 'nicolecam', 'blus07', 'brownb4', 'duldul', 'brendonbk81', 'kieranlumb', 'jfakidis', 'johngim1', 'cd_bonamis', 'ortegaj2', 'u0903539', 'ulkubaladin', 'andresvl', 'mcan.ozata', 'thel0rd59', 'u1109386', 'u1131539', 'liliyamerzlova777', 'latourem', 'isikk.alperen', 'j8', 'tsuchinoko.ls', 'jakecronin97', 'aes_op', 'sambedry', 'cagatayc06', 'salemvin25', 'wendy01.02']",5,"['u0543041', 'u1114754', 'u1121281', 'matthewdailey', None]",136,"['u0984834', 'burcakguner98', 'jadencoelho', 'vogecap240', 'engfersoy', 'u1246265', 'jong', 'gulsakadioglu', 'c841272', 'apunch', 'saranya1992', 'mertcan.bayindir', 'kasimyasinozveren', 'myst0406', 'sherlock.ashrafi', 'u1121281', 'u1198840', 'lioucasse38', 'u0304786', 'olesya25', 'u0825246', 'gonserr', 'clay2of4', 'rudnev5530', 'yazan99', 'matthewdailey', 'halesz', 'jerryl1996', 'robertlupoiu', 'mustafaozer', 'robinss3', 'erickvfc', 'tylerqwong', 'did', 'meowmurm', 'u0916112', 'johnkm37', 'vejay25090', 'sabriagus26', 'danartur99', 'gipes', 'shayakchakrabarti', 'kayusuf97', 'shaunmckellar', 'abdulrahman.elmashed', 'u0914596', 'u0934438', 'chaewoon07', 'dudeinblue1', 'marianoroldan12', 'daniellistudent', 'emil96', 'elec315s', 'brian.burton93', 'u1008149', 'u0360918', 'harry171717171', 'u0973796', 'neil01', 'u0953149', None, 'rozhansa', 'frenchmathew', 'klechshevskaya', 'marco.ravaro', 'youyouli', 'learner_shreya', 'u0759716', 'taylordavis678', 'yzhan224', 'u1114754', 'townleya', 'u1073244', 'u0543041', 'nsener45', 'ahmedramzyha', 'nickbrowne', 'khanoz', 'michael.hany.mofeed', 'daanyaal.sobani', 'kutluhanucar1997', 'mimaamin28', 'hcaslan7', 'jseitz4', 'ismail.bikmazi', 'm.alix.foster', 'u1097560', 'kronder77', 'tasneemfatema123', 'remnantemmitt', 'alexsey2001', 'u0764878', 'bnazkaymaz', 'u1222263', 'u1172821', 'nicolecam', 'u1020447', 'blus07', 'brownb4', 'duldul', 'u0813032', 'brendonbk81', 'kieranlumb', 'jfakidis', 'agustaf', 'johngim1', 'cd_bonamis', 'ortegaj2', 'u0839673', 'henrycran', 'u0903539', 'u1208445', 'u1142708', 'ulkubaladin', 'andresvl', 'mcan.ozata', 'thel0rd59', 'u1275153', 'u1119648', 'u1190640', 'u1109386', 'u1131539', 'liliyamerzlova777', 'latourem', 'u0540664', 'isikk.alperen', 'j8', 'tsuchinoko.ls', 'mharis', 'jakecronin97', 'aes_op', 'sambedry', 'u1129087', 'cagatayc06', 'salemvin25', 'wendy01.02']"
6,383,132,30,4,"['mustafaozer', 'ismail.bikmazi', 'bnazkaymaz', 'mertcan.bayindir']",127,"['u0984834', 'burcakguner98', 'jadencoelho', 'vogecap240', 'engfersoy', 'u1246265', 'jong', 'gulsakadioglu', 'c841272', 'apunch', 'saranya1992', 'kasimyasinozveren', 'myst0406', 'sherlock.ashrafi', 'u1198840', 'lioucasse38', 'u0304786', 'olesya25', 'u0825246', 'gonserr', 'clay2of4', 'rudnev5530', 'yazan99', 'halesz', 'jerryl1996', 'robertlupoiu', 'robinss3', 'erickvfc', 'tylerqwong', 'did', 'meowmurm', 'u0916112', 'johnkm37', 'vejay25090', 'sabriagus26', 'danartur99', 'gipes', 'shayakchakrabarti', 'kayusuf97', 'shaunmckellar', 'abdulrahman.elmashed', 'u0914596', 'u0934438', 'chaewoon07', 'dudeinblue1', 'marianoroldan12', 'daniellistudent', 'emil96', 'elec315s', 'brian.burton93', 'u1008149', 'u0360918', 'harry171717171', 'u0973796', 'neil01', 'u0953149', 'rozhansa', 'frenchmathew', 'klechshevskaya', 'marco.ravaro', 'youyouli', 'learner_shreya', 'u0759716', 'taylordavis678', 'yzhan224', 'townleya', 'u1073244', 'nsener45', 'ahmedramzyha', 'nickbrowne', 'khanoz', 'michael.hany.mofeed', 'daanyaal.sobani', 'kutluhanucar1997', 'mimaamin28', 'hcaslan7', 'jseitz4', 'm.alix.foster', 'u1097560', 'kronder77', 'tasneemfatema123', 'remnantemmitt', 'alexsey2001', 'u0764878', 'u1222263', 'u1172821', 'nicolecam', 'u1020447', 'blus07', 'brownb4', 'duldul', 'u0813032', 'brendonbk81', 'kieranlumb', 'jfakidis', 'agustaf', 'johngim1', 'cd_bonamis', 'ortegaj2', 'u0839673', 'henrycran', 'u0903539', 'u1208445', 'u1142708', 'ulkubaladin', 'andresvl', 'mcan.ozata', 'thel0rd59', 'u1275153', 'u1119648', 'u1190640', 'u1109386', 'u1131539', 'liliyamerzlova777', 'latourem', 'u0540664', 'isikk.alperen', 'j8', 'tsuchinoko.ls', 'mharis', 'jakecronin97', 'aes_op', 'sambedry', 'u1129087', 'cagatayc06', 'salemvin25', 'wendy01.02']",26,"['fdirisaglik', 'wellpast', 'kubra1234880', 'emre.ibil', 'osmanesat', 'gabriele.scarpiello', 'hga', 'berkin1689', 'harundvc', 'sefakahriman77', 'jrspike', 'mcychan', 'sercankerpisci', 'mstmst', 'mohamed33', 'hakkierkankygsz', 'georgeckchen', None, 'm.emreoruc', 'bozkurtyunusemre61', 'sercankerpisci26', 'abusobit', 'eliffsu.koc', 'farhia33', 'zhang389', 'fanluzhang.au']",157,"['u0984834', 'burcakguner98', 'fdirisaglik', 'jadencoelho', 'vogecap240', 'wellpast', 'engfersoy', 'u1246265', 'jong', 'gulsakadioglu', 'c841272', 'apunch', 'saranya1992', 'mertcan.bayindir', 'hga', 'kasimyasinozveren', 'myst0406', 'sherlock.ashrafi', 'u1198840', 'lioucasse38', 'u0304786', 'olesya25', 'u0825246', 'gonserr', 'mohamed33', 'clay2of4', 'georgeckchen', 'm.emreoruc', 'rudnev5530', 'sercankerpisci26', 'abusobit', 'yazan99', 'halesz', 'jerryl1996', 'fanluzhang.au', 'robertlupoiu', 'mustafaozer', 'robinss3', 'erickvfc', 'tylerqwong', 'did', 'meowmurm', 'u0916112', 'johnkm37', 'kubra1234880', 'vejay25090', 'sabriagus26', 'danartur99', 'gipes', 'osmanesat', 'shayakchakrabarti', 'gabriele.scarpiello', 'kayusuf97', 'shaunmckellar', 'abdulrahman.elmashed', 'u0914596', 'u0934438', 'chaewoon07', 'dudeinblue1', 'marianoroldan12', 'daniellistudent', 'emil96', 'elec315s', 'brian.burton93', 'sefakahriman77', 'u1008149', 'u0360918', 'harry171717171', 'u0973796', 'neil01', 'u0953149', 'hakkierkankygsz', None, 'rozhansa', 'frenchmathew', 'klechshevskaya', 'marco.ravaro', 'youyouli', 'learner_shreya', 'u0759716', 'taylordavis678', 'yzhan224', 'townleya', 'u1073244', 'nsener45', 'ahmedramzyha', 'nickbrowne', 'khanoz', 'michael.hany.mofeed', 'daanyaal.sobani', 'kutluhanucar1997', 'mimaamin28', 'berkin1689', 'hcaslan7', 'jseitz4', 'ismail.bikmazi', 'm.alix.foster', 'mstmst', 'u1097560', 'kronder77', 'bozkurtyunusemre61', 'tasneemfatema123', 'remnantemmitt', 'farhia33', 'alexsey2001', 'u0764878', 'bnazkaymaz', 'u1222263', 'u1172821', 'nicolecam', 'u1020447', 'blus07', 'brownb4', 'duldul', 'u0813032', 'brendonbk81', 'kieranlumb', 'jfakidis', 'agustaf', 'johngim1', 'cd_bonamis', 'emre.ibil', 'ortegaj2', 'u0839673', 'henrycran', 'u0903539', 'u1208445', 'u1142708', 'ulkubaladin', 'andresvl', 'mcan.ozata', 'harundvc', 'thel0rd59', 'u1275153', 'u1119648', 'u1190640', 'jrspike', 'u1109386', 'u1131539', 'liliyamerzlova777', 'latourem', 'u0540664', 'isikk.alperen', 'mcychan', 'sercankerpisci', 'j8', 'tsuchinoko.ls', 'mharis', 'jakecronin97', 'aes_op', 'sambedry', 'eliffsu.koc', 'u1129087', 'zhang389', 'cagatayc06', 'salemvin25', 'wendy01.02']"
6,384,132,29,16,"['nsener45', 'engfersoy', 'kronder77', 'blus07', 'gulsakadioglu', 'mcan.ozata', 'hcaslan7', 'thel0rd59', 'duldul', 'burcakguner98', 'khanoz', 'ismail.bikmazi', 'isikk.alperen', 'mertcan.bayindir', 'bnazkaymaz', 'kutluhanucar1997']",115,"['u0984834', 'jadencoelho', 'vogecap240', 'u1246265', 'jong', 'c841272', 'apunch', 'saranya1992', 'kasimyasinozveren', 'myst0406', 'sherlock.ashrafi', 'u1198840', 'lioucasse38', 'u0304786', 'olesya25', 'u0825246', 'gonserr', 'clay2of4', 'rudnev5530', 'yazan99', 'halesz', 'jerryl1996', 'robertlupoiu', 'mustafaozer', 'robinss3', 'erickvfc', 'tylerqwong', 'did', 'meowmurm', 'u0916112', 'johnkm37', 'vejay25090', 'sabriagus26', 'danartur99', 'gipes', 'shayakchakrabarti', 'kayusuf97', 'shaunmckellar', 'abdulrahman.elmashed', 'u0914596', 'u0934438', 'chaewoon07', 'dudeinblue1', 'marianoroldan12', 'daniellistudent', 'emil96', 'elec315s', 'brian.burton93', 'u1008149', 'u0360918', 'harry171717171', 'u0973796', 'neil01', 'u0953149', 'rozhansa', 'frenchmathew', 'klechshevskaya', 'marco.ravaro', 'youyouli', 'learner_shreya', 'u0759716', 'taylordavis678', 'yzhan224', 'townleya', 'u1073244', 'ahmedramzyha', 'nickbrowne', 'michael.hany.mofeed', 'daanyaal.sobani', 'mimaamin28', 'jseitz4', 'm.alix.foster', 'u1097560', 'tasneemfatema123', 'remnantemmitt', 'alexsey2001', 'u0764878', 'u1222263', 'u1172821', 'nicolecam', 'u1020447', 'brownb4', 'u0813032', 'brendonbk81', 'kieranlumb', 'jfakidis', 'agustaf', 'johngim1', 'cd_bonamis', 'ortegaj2', 'u0839673', 'henrycran', 'u0903539', 'u1208445', 'u1142708', 'ulkubaladin', 'andresvl', 'u1275153', 'u1119648', 'u1190640', 'u1109386', 'u1131539', 'liliyamerzlova777', 'latourem', 'u0540664', 'j8', 'tsuchinoko.ls', 'mharis', 'jakecronin97', 'aes_op', 'sambedry', 'u1129087', 'cagatayc06', 'salemvin25', 'wendy01.02']",13,"['berkin1689', '1998fuci', 'varansamet', 'bozkurtyunusemre61', 'sefakahriman77', 'hakkierkankygsz', 'muvafikmelikkaya', 'farhia33', 'fdirisaglik', 'hga', 'engin_ulgerr', None, 'raiserwarrior']",144,"['u0984834', 'burcakguner98', 'fdirisaglik', 'jadencoelho', 'vogecap240', 'engfersoy', 'u1246265', 'jong', 'gulsakadioglu', 'c841272', 'apunch', 'saranya1992', 'mertcan.bayindir', 'hga', 'kasimyasinozveren', 'myst0406', 'sherlock.ashrafi', 'u1198840', 'lioucasse38', 'u0304786', 'olesya25', 'u0825246', 'gonserr', 'clay2of4', 'rudnev5530', 'yazan99', 'halesz', 'jerryl1996', 'robertlupoiu', 'raiserwarrior', 'mustafaozer', 'robinss3', 'erickvfc', 'tylerqwong', 'did', 'meowmurm', 'u0916112', 'johnkm37', 'vejay25090', 'sabriagus26', 'danartur99', 'gipes', 'shayakchakrabarti', 'kayusuf97', 'shaunmckellar', 'abdulrahman.elmashed', 'u0914596', 'u0934438', 'chaewoon07', 'dudeinblue1', 'marianoroldan12', 'daniellistudent', 'emil96', 'elec315s', 'brian.burton93', 'sefakahriman77', 'u1008149', 'u0360918', 'harry171717171', 'u0973796', 'neil01', 'u0953149', 'hakkierkankygsz', None, 'rozhansa', 'frenchmathew', 'klechshevskaya', 'marco.ravaro', 'youyouli', 'learner_shreya', 'u0759716', 'muvafikmelikkaya', 'taylordavis678', 'yzhan224', 'townleya', 'u1073244', 'nsener45', 'ahmedramzyha', 'nickbrowne', 'khanoz', 'michael.hany.mofeed', 'daanyaal.sobani', 'kutluhanucar1997', 'engin_ulgerr', 'mimaamin28', 'berkin1689', 'hcaslan7', 'jseitz4', 'ismail.bikmazi', 'm.alix.foster', 'u1097560', 'kronder77', 'varansamet', 'bozkurtyunusemre61', 'tasneemfatema123', 'remnantemmitt', 'farhia33', 'alexsey2001', 'u0764878', 'bnazkaymaz', 'u1222263', 'u1172821', 'nicolecam', 'u1020447', 'blus07', 'brownb4', 'duldul', 'u0813032', 'brendonbk81', 'kieranlumb', 'jfakidis', 'agustaf', 'johngim1', 'cd_bonamis', 'ortegaj2', 'u0839673', 'henrycran', 'u0903539', 'u1208445', 'u1142708', 'ulkubaladin', 'andresvl', '1998fuci', 'mcan.ozata', 'thel0rd59', 'u1275153', 'u1119648', 'u1190640', 'u1109386', 'u1131539', 'liliyamerzlova777', 'latourem', 'u0540664', 'isikk.alperen', 'j8', 'tsuchinoko.ls', 'mharis', 'jakecronin97', 'aes_op', 'sambedry', 'u1129087', 'cagatayc06', 'salemvin25', 'wendy01.02']"
6,395,132,18,1,['jseitz4'],130,"['u0984834', 'burcakguner98', 'jadencoelho', 'vogecap240', 'engfersoy', 'u1246265', 'jong', 'gulsakadioglu', 'c841272', 'apunch', 'saranya1992', 'mertcan.bayindir', 'kasimyasinozveren', 'myst0406', 'sherlock.ashrafi', 'u1198840', 'lioucasse38', 'u0304786', 'olesya25', 'u0825246', 'gonserr', 'clay2of4', 'rudnev5530', 'yazan99', 'halesz', 'jerryl1996', 'robertlupoiu', 'mustafaozer', 'robinss3', 'erickvfc', 'tylerqwong', 'did', 'meowmurm', 'u0916112', 'johnkm37', 'vejay25090', 'sabriagus26', 'danartur99', 'gipes', 'shayakchakrabarti', 'kayusuf97', 'shaunmckellar', 'abdulrahman.elmashed', 'u0914596', 'u0934438', 'chaewoon07', 'dudeinblue1', 'marianoroldan12', 'daniellistudent', 'emil96', 'elec315s', 'brian.burton93', 'u1008149', 'u0360918', 'harry171717171', 'u0973796', 'neil01', 'u0953149', 'rozhansa', 'frenchmathew', 'klechshevskaya', 'marco.ravaro', 'youyouli', 'learner_shreya', 'u0759716', 'taylordavis678', 'yzhan224', 'townleya', 'u1073244', 'nsener45', 'ahmedramzyha', 'nickbrowne', 'khanoz', 'michael.hany.mofeed', 'daanyaal.sobani', 'kutluhanucar1997', 'mimaamin28', 'hcaslan7', 'ismail.bikmazi', 'm.alix.foster', 'u1097560', 'kronder77', 'tasneemfatema123', 'remnantemmitt', 'alexsey2001', 'u0764878', 'bnazkaymaz', 'u1222263', 'u1172821', 'nicolecam', 'u1020447', 'blus07', 'brownb4', 'duldul', 'u0813032', 'brendonbk81', 'kieranlumb', 'jfakidis', 'agustaf', 'johngim1', 'cd_bonamis', 'ortegaj2', 'u0839673', 'henrycran', 'u0903539', 'u1208445', 'u1142708', 'ulkubaladin', 'andresvl', 'mcan.ozata', 'thel0rd59', 'u1275153', 'u1119648', 'u1190640', 'u1109386', 'u1131539', 'liliyamerzlova777', 'latourem', 'u0540664', 'isikk.alperen', 'j8', 'tsuchinoko.ls', 'mharis', 'jakecronin97', 'aes_op', 'sambedry', 'u1129087', 'cagatayc06', 'salemvin25', 'wendy01.02']",17,"['cjs476', 'luccassa', 'bms368', 'justiejoseph', 'wanyi041500', 'finnclements', 'michael.breeding31', 'laxmisanigepalli', 'dhairav03', 'declanb', 'macks', 'jds447', 'rburkins1', 'jte55', 'rsp79', None, 'mvp55']",148,"['u0984834', 'laxmisanigepalli', 'burcakguner98', 'jadencoelho', 'vogecap240', 'engfersoy', 'u1246265', 'jong', 'gulsakadioglu', 'c841272', 'apunch', 'saranya1992', 'mertcan.bayindir', 'jds447', 'kasimyasinozveren', 'myst0406', 'cjs476', 'sherlock.ashrafi', 'u1198840', 'lioucasse38', 'u0304786', 'olesya25', 'u0825246', 'gonserr', 'clay2of4', 'rudnev5530', 'yazan99', 'dhairav03', 'halesz', 'jerryl1996', 'robertlupoiu', 'mustafaozer', 'robinss3', 'erickvfc', 'tylerqwong', 'did', 'meowmurm', 'u0916112', 'johnkm37', 'vejay25090', 'sabriagus26', 'danartur99', 'gipes', 'shayakchakrabarti', 'kayusuf97', 'shaunmckellar', 'abdulrahman.elmashed', 'u0914596', 'u0934438', 'chaewoon07', 'dudeinblue1', 'marianoroldan12', 'daniellistudent', 'emil96', 'elec315s', 'brian.burton93', 'u1008149', 'u0360918', 'harry171717171', 'u0973796', 'neil01', 'finnclements', 'u0953149', None, 'rozhansa', 'frenchmathew', 'klechshevskaya', 'marco.ravaro', 'youyouli', 'learner_shreya', 'u0759716', 'taylordavis678', 'yzhan224', 'townleya', 'u1073244', 'nsener45', 'ahmedramzyha', 'nickbrowne', 'khanoz', 'michael.hany.mofeed', 'daanyaal.sobani', 'kutluhanucar1997', 'mimaamin28', 'hcaslan7', 'wanyi041500', 'michael.breeding31', 'jseitz4', 'ismail.bikmazi', 'm.alix.foster', 'declanb', 'u1097560', 'kronder77', 'tasneemfatema123', 'remnantemmitt', 'alexsey2001', 'u0764878', 'bnazkaymaz', 'u1222263', 'u1172821', 'mvp55', 'nicolecam', 'u1020447', 'blus07', 'brownb4', 'duldul', 'u0813032', 'brendonbk81', 'kieranlumb', 'jfakidis', 'jte55', 'agustaf', 'johngim1', 'cd_bonamis', 'ortegaj2', 'u0839673', 'henrycran', 'u0903539', 'u1208445', 'u1142708', 'rburkins1', 'ulkubaladin', 'andresvl', 'bms368', 'mcan.ozata', 'justiejoseph', 'thel0rd59', 'u1275153', 'u1119648', 'u1190640', 'u1109386', 'u1131539', 'liliyamerzlova777', 'latourem', 'u0540664', 'isikk.alperen', 'macks', 'rsp79', 'j8', 'tsuchinoko.ls', 'luccassa', 'mharis', 'jakecronin97', 'aes_op', 'sambedry', 'u1129087', 'cagatayc06', 'salemvin25', 'wendy01.02']"
6,386,132,12,5,"['sabriagus26', 'burcakguner98', 'cagatayc06', 'kasimyasinozveren', 'ulkubaladin']",126,"['u0984834', 'jadencoelho', 'vogecap240', 'engfersoy', 'u1246265', 'jong', 'gulsakadioglu', 'c841272', 'apunch', 'saranya1992', 'mertcan.bayindir', 'myst0406', 'sherlock.ashrafi', 'u1198840', 'lioucasse38', 'u0304786', 'olesya25', 'u0825246', 'gonserr', 'clay2of4', 'rudnev5530', 'yazan99', 'halesz', 'jerryl1996', 'robertlupoiu', 'mustafaozer', 'robinss3', 'erickvfc', 'tylerqwong', 'did', 'meowmurm', 'u0916112', 'johnkm37', 'vejay25090', 'danartur99', 'gipes', 'shayakchakrabarti', 'kayusuf97', 'shaunmckellar', 'abdulrahman.elmashed', 'u0914596', 'u0934438', 'chaewoon07', 'dudeinblue1', 'marianoroldan12', 'daniellistudent', 'emil96', 'elec315s', 'brian.burton93', 'u1008149', 'u0360918', 'harry171717171', 'u0973796', 'neil01', 'u0953149', 'rozhansa', 'frenchmathew', 'klechshevskaya', 'marco.ravaro', 'youyouli', 'learner_shreya', 'u0759716', 'taylordavis678', 'yzhan224', 'townleya', 'u1073244', 'nsener45', 'ahmedramzyha', 'nickbrowne', 'khanoz', 'michael.hany.mofeed', 'daanyaal.sobani', 'kutluhanucar1997', 'mimaamin28', 'hcaslan7', 'jseitz4', 'ismail.bikmazi', 'm.alix.foster', 'u1097560', 'kronder77', 'tasneemfatema123', 'remnantemmitt', 'alexsey2001', 'u0764878', 'bnazkaymaz', 'u1222263', 'u1172821', 'nicolecam', 'u1020447', 'blus07', 'brownb4', 'duldul', 'u0813032', 'brendonbk81', 'kieranlumb', 'jfakidis', 'agustaf', 'johngim1', 'cd_bonamis', 'ortegaj2', 'u0839673', 'henrycran', 'u0903539', 'u1208445', 'u1142708', 'andresvl', 'mcan.ozata', 'thel0rd59', 'u1275153', 'u1119648', 'u1190640', 'u1109386', 'u1131539', 'liliyamerzlova777', 'latourem', 'u0540664', 'isikk.alperen', 'j8', 'tsuchinoko.ls', 'mharis', 'jakecronin97', 'aes_op', 'sambedry', 'u1129087', 'salemvin25', 'wendy01.02']",7,"['d.k.bozkurt', 'zfurkanyldz', 'mstmst', 'samo92', None, 'raiserwarrior', 'o.erdogan5494']",138,"['u0984834', 'burcakguner98', 'jadencoelho', 'vogecap240', 'engfersoy', 'u1246265', 'jong', 'gulsakadioglu', 'c841272', 'apunch', 'saranya1992', 'mertcan.bayindir', 'kasimyasinozveren', 'myst0406', 'sherlock.ashrafi', 'u1198840', 'lioucasse38', 'u0304786', 'olesya25', 'u0825246', 'gonserr', 'clay2of4', 'rudnev5530', 'yazan99', 'halesz', 'jerryl1996', 'robertlupoiu', 'raiserwarrior', 'mustafaozer', 'd.k.bozkurt', 'robinss3', 'erickvfc', 'tylerqwong', 'did', 'meowmurm', 'u0916112', 'johnkm37', 'vejay25090', 'sabriagus26', 'danartur99', 'gipes', 'shayakchakrabarti', 'kayusuf97', 'shaunmckellar', 'abdulrahman.elmashed', 'u0914596', 'u0934438', 'chaewoon07', 'o.erdogan5494', 'dudeinblue1', 'marianoroldan12', 'daniellistudent', 'emil96', 'elec315s', 'brian.burton93', 'u1008149', 'u0360918', 'harry171717171', 'u0973796', 'neil01', 'u0953149', None, 'rozhansa', 'frenchmathew', 'klechshevskaya', 'marco.ravaro', 'youyouli', 'learner_shreya', 'u0759716', 'taylordavis678', 'yzhan224', 'samo92', 'townleya', 'u1073244', 'nsener45', 'ahmedramzyha', 'nickbrowne', 'khanoz', 'michael.hany.mofeed', 'zfurkanyldz', 'daanyaal.sobani', 'kutluhanucar1997', 'mimaamin28', 'hcaslan7', 'jseitz4', 'ismail.bikmazi', 'm.alix.foster', 'mstmst', 'u1097560', 'kronder77', 'tasneemfatema123', 'remnantemmitt', 'alexsey2001', 'u0764878', 'bnazkaymaz', 'u1222263', 'u1172821', 'nicolecam', 'u1020447', 'blus07', 'brownb4', 'duldul', 'u0813032', 'brendonbk81', 'kieranlumb', 'jfakidis', 'agustaf', 'johngim1', 'cd_bonamis', 'ortegaj2', 'u0839673', 'henrycran', 'u0903539', 'u1208445', 'u1142708', 'ulkubaladin', 'andresvl', 'mcan.ozata', 'thel0rd59', 'u1275153', 'u1119648', 'u1190640', 'u1109386', 'u1131539', 'liliyamerzlova777', 'latourem', 'u0540664', 'isikk.alperen', 'j8', 'tsuchinoko.ls', 'mharis', 'jakecronin97', 'aes_op', 'sambedry', 'u1129087', 'cagatayc06', 'salemvin25', 'wendy01.02']"
6,389,132,8,3,"['gonserr', 'brownb4', 'latourem']",128,"['u0984834', 'burcakguner98', 'jadencoelho', 'vogecap240', 'engfersoy', 'u1246265', 'jong', 'gulsakadioglu', 'c841272', 'apunch', 'saranya1992', 'mertcan.bayindir', 'kasimyasinozveren', 'myst0406', 'sherlock.ashrafi', 'u1198840', 'lioucasse38', 'u0304786', 'olesya25', 'u0825246', 'clay2of4', 'rudnev5530', 'yazan99', 'halesz', 'jerryl1996', 'robertlupoiu', 'mustafaozer', 'robinss3', 'erickvfc', 'tylerqwong', 'did', 'meowmurm', 'u0916112', 'johnkm37', 'vejay25090', 'sabriagus26', 'danartur99', 'gipes', 'shayakchakrabarti', 'kayusuf97', 'shaunmckellar', 'abdulrahman.elmashed', 'u0914596', 'u0934438', 'chaewoon07', 'dudeinblue1', 'marianoroldan12', 'daniellistudent', 'emil96', 'elec315s', 'brian.burton93', 'u1008149', 'u0360918', 'harry171717171', 'u0973796', 'neil01', 'u0953149', 'rozhansa', 'frenchmathew', 'klechshevskaya', 'marco.ravaro', 'youyouli', 'learner_shreya', 'u0759716', 'taylordavis678', 'yzhan224', 'townleya', 'u1073244', 'nsener45', 'ahmedramzyha', 'nickbrowne', 'khanoz', 'michael.hany.mofeed', 'daanyaal.sobani', 'kutluhanucar1997', 'mimaamin28', 'hcaslan7', 'jseitz4', 'ismail.bikmazi', 'm.alix.foster', 'u1097560', 'kronder77', 'tasneemfatema123', 'remnantemmitt', 'alexsey2001', 'u0764878', 'bnazkaymaz', 'u1222263', 'u1172821', 'nicolecam', 'u1020447', 'blus07', 'duldul', 'u0813032', 'brendonbk81', 'kieranlumb', 'jfakidis', 'agustaf', 'johngim1', 'cd_bonamis', 'ortegaj2', 'u0839673', 'henrycran', 'u0903539', 'u1208445', 'u1142708', 'ulkubaladin', 'andresvl', 'mcan.ozata', 'thel0rd59', 'u1275153', 'u1119648', 'u1190640', 'u1109386', 'u1131539', 'liliyamerzlova777', 'u0540664', 'isikk.alperen', 'j8', 'tsuchinoko.ls', 'mharis', 'jakecronin97', 'aes_op', 'sambedry', 'u1129087', 'cagatayc06', 'salemvin25', 'wendy01.02']",5,"['sherwmit', 'nakkulab', 'ludovick', None, 'rohdej']",136,"['u0984834', 'burcakguner98', 'jadencoelho', 'vogecap240', 'engfersoy', 'u1246265', 'jong', 'gulsakadioglu', 'c841272', 'apunch', 'saranya1992', 'mertcan.bayindir', 'kasimyasinozveren', 'myst0406', 'sherlock.ashrafi', 'u1198840', 'lioucasse38', 'u0304786', 'olesya25', 'u0825246', 'gonserr', 'clay2of4', 'rudnev5530', 'nakkulab', 'yazan99', 'halesz', 'jerryl1996', 'robertlupoiu', 'mustafaozer', 'robinss3', 'erickvfc', 'tylerqwong', 'ludovick', 'did', 'meowmurm', 'u0916112', 'johnkm37', 'vejay25090', 'sabriagus26', 'danartur99', 'gipes', 'shayakchakrabarti', 'kayusuf97', 'shaunmckellar', 'abdulrahman.elmashed', 'u0914596', 'u0934438', 'chaewoon07', 'dudeinblue1', 'marianoroldan12', 'daniellistudent', 'emil96', 'elec315s', 'brian.burton93', 'sherwmit', 'u1008149', 'u0360918', 'harry171717171', 'u0973796', 'neil01', 'u0953149', None, 'rozhansa', 'frenchmathew', 'klechshevskaya', 'rohdej', 'marco.ravaro', 'youyouli', 'learner_shreya', 'u0759716', 'taylordavis678', 'yzhan224', 'townleya', 'u1073244', 'nsener45', 'ahmedramzyha', 'nickbrowne', 'khanoz', 'michael.hany.mofeed', 'daanyaal.sobani', 'kutluhanucar1997', 'mimaamin28', 'hcaslan7', 'jseitz4', 'ismail.bikmazi', 'm.alix.foster', 'u1097560', 'kronder77', 'tasneemfatema123', 'remnantemmitt', 'alexsey2001', 'u0764878', 'bnazkaymaz', 'u1222263', 'u1172821', 'nicolecam', 'u1020447', 'blus07', 'brownb4', 'duldul', 'u0813032', 'brendonbk81', 'kieranlumb', 'jfakidis', 'agustaf', 'johngim1', 'cd_bonamis', 'ortegaj2', 'u0839673', 'henrycran', 'u0903539', 'u1208445', 'u1142708', 'ulkubaladin', 'andresvl', 'mcan.ozata', 'thel0rd59', 'u1275153', 'u1119648', 'u1190640', 'u1109386', 'u1131539', 'liliyamerzlova777', 'latourem', 'u0540664', 'isikk.alperen', 'j8', 'tsuchinoko.ls', 'mharis', 'jakecronin97', 'aes_op', 'sambedry', 'u1129087', 'cagatayc06', 'salemvin25', 'wendy01.02']"
7,428,119,123,113,"['wjdckgml99', 'xogh0727', 'dltnghdpp', 'yunie9853', 'uk051317', 'leehyemin', 'eunju99615', 'mike621', 'pellucid3030', 'rkdgus1977', 'jsp1219', 'kda1100', 'ja3ngx', 'seojinlee5204', 'alsdn9709', 'tjseodk', 'soeun1841', 'heoygi4921', 'johnlee3140', 'wjlee0510', 'dbtpfk0820', 'zerotae4758', 'pcr507', 'hyerim', 'gks7ruf', 'jmleeh2', 'dydtjrdl155', 'ppddgg1358', 'starrycity1234', 'uuhgyfv', 'dudwls9436', 'sksvotm98', 'dbstj214', 'iipopo30', 'kong96', 'lwaouora', 'kyouyoung722', 'sehyung', 'dlwovy2020', 'garumon123', 'ljb6469', 'yerimpark0124', 'wldud0869', 'didalf017', 'leeyj0515', 'rabbit9327', 'jsee86', 'eocjsaudrla', 'lakgh123', 'wlsgydl22', 'a76002779', 'esther2388', 'hana990722', 'shwlsdk98', 'khodid35', 'leesangjun', 'juyeon1998', 'ssh919', 'gowls2', 'guseocjf1234', 'tkdgus893', 'yhj971210', 'seoyeon5754', 'jy0314jy', 'tjseodkr', 'tjdrnr06165098', 'sdss1143', 'vincentajs', 'wsji9404', 'cktmdrb1638', 'minhwanjeon0410', 'tjdrnr0616', 'alsrud5976', 'frost', 'elwkdnjs96', 'wnsdud3965', 'wjdvy4236', 'comewis', 'jcg40626038', 'jsub9753', 'gwjubu', 'jisu990613', 'limkh4921', 'a01035377113', 'yjjch118', 'qaz16720511', 'sbp5168', 'jongchul1992', 'dpdldptm2562', 'ssomda', 'dudwls94367', 'ktw1305', 'choiboeun8189', 'gksmf0543', 'dkdkcjy777', 'wlgmlwkd34', 'chy4789', 'pjm9725', 'gayeong0099', 'jeongdaeun1203', 'junseok424', 'smk0412', 'tiase97', 'kyu3699', 'gundam602', 'dldbsrl1811', 'chozza58', 'cksrb7334', 'toma746', 'sjh6224', 'kgmghks', 'wjdwodhks18', 'gmlwls0855']",5,"['nightfury805', 'rishi.shivhare15', 'whoni98', 'dudtn9866', 'xodlr0517']",10,"['jungju511', 'kyo0888', 'mijung', 'subin99599', 'ehdrl200', 'serm55', 'k1006rnskgus', 'tndnjs211', 'rlfqudvy4631', None]",128,"['wjdckgml99', 'xogh0727', 'nightfury805', 'dltnghdpp', 'yunie9853', 'uk051317', 'subin99599', 'serm55', 'leehyemin', 'eunju99615', 'mike621', 'pellucid3030', 'rkdgus1977', 'jsp1219', 'k1006rnskgus', 'kda1100', 'ja3ngx', 'seojinlee5204', 'alsdn9709', 'tjseodk', 'soeun1841', 'heoygi4921', 'johnlee3140', 'wjlee0510', 'dudtn9866', 'dbtpfk0820', 'zerotae4758', 'pcr507', 'mijung', 'hyerim', 'ehdrl200', 'gks7ruf', 'jmleeh2', 'rlfqudvy4631', 'dydtjrdl155', 'ppddgg1358', 'whoni98', 'uuhgyfv', 'starrycity1234', 'dudwls9436', 'sksvotm98', 'dbstj214', 'iipopo30', 'kong96', 'lwaouora', 'kyouyoung722', 'sehyung', 'dlwovy2020', 'garumon123', None, 'ljb6469', 'yerimpark0124', 'wldud0869', 'didalf017', 'leeyj0515', 'rabbit9327', 'jsee86', 'eocjsaudrla', 'lakgh123', 'wlsgydl22', 'a76002779', 'tndnjs211', 'esther2388', 'xodlr0517', 'hana990722', 'shwlsdk98', 'khodid35', 'rishi.shivhare15', 'leesangjun', 'juyeon1998', 'ssh919', 'gowls2', 'guseocjf1234', 'tkdgus893', 'yhj971210', 'seoyeon5754', 'jy0314jy', 'tjseodkr', 'tjdrnr06165098', 'sdss1143', 'vincentajs', 'wsji9404', 'cktmdrb1638', 'minhwanjeon0410', 'tjdrnr0616', 'kyo0888', 'alsrud5976', 'frost', 'elwkdnjs96', 'wnsdud3965', 'wjdvy4236', 'comewis', 'jcg40626038', 'jsub9753', 'gwjubu', 'jisu990613', 'limkh4921', 'a01035377113', 'yjjch118', 'qaz16720511', 'sbp5168', 'jongchul1992', 'dpdldptm2562', 'ssomda', 'dudwls94367', 'ktw1305', 'choiboeun8189', 'gksmf0543', 'jungju511', 'dkdkcjy777', 'wlgmlwkd34', 'chy4789', 'pjm9725', 'gayeong0099', 'jeongdaeun1203', 'junseok424', 'smk0412', 'tiase97', 'kyu3699', 'gundam602', 'dldbsrl1811', 'chozza58', 'cksrb7334', 'toma746', 'sjh6224', 'kgmghks', 'wjdwodhks18', 'gmlwls0855']"
7,373,119,7,1,['wjdvy4236'],117,"['wjdckgml99', 'hana990722', 'gmlwls0855', 'shwlsdk98', 'xogh0727', 'nightfury805', 'khodid35', 'rishi.shivhare15', 'leesangjun', 'juyeon1998', 'ssh919', 'gowls2', 'dltnghdpp', 'guseocjf1234', 'tkdgus893', 'yhj971210', 'yunie9853', 'seoyeon5754', 'jy0314jy', 'tjseodkr', 'uk051317', 'tjdrnr06165098', 'sdss1143', 'leehyemin', 'vincentajs', 'wsji9404', 'eunju99615', 'cktmdrb1638', 'minhwanjeon0410', 'tjdrnr0616', 'alsrud5976', 'frost', 'mike621', 'elwkdnjs96', 'wnsdud3965', 'pellucid3030', 'rkdgus1977', 'jsp1219', 'comewis', 'jcg40626038', 'kda1100', 'ja3ngx', 'seojinlee5204', 'jsub9753', 'alsdn9709', 'gwjubu', 'jisu990613', 'limkh4921', 'a01035377113', 'yjjch118', 'qaz16720511', 'sbp5168', 'tjseodk', 'jongchul1992', 'soeun1841', 'heoygi4921', 'dpdldptm2562', 'johnlee3140', 'wjlee0510', 'dudtn9866', 'dbtpfk0820', 'zerotae4758', 'pcr507', 'ssomda', 'dudwls94367', 'hyerim', 'ktw1305', 'gks7ruf', 'jmleeh2', 'choiboeun8189', 'gksmf0543', 'dydtjrdl155', 'ppddgg1358', 'dkdkcjy777', 'wlgmlwkd34', 'chy4789', 'pjm9725', 'whoni98', 'uuhgyfv', 'starrycity1234', 'dudwls9436', 'gayeong0099', 'jeongdaeun1203', 'junseok424', 'smk0412', 'tiase97', 'sksvotm98', 'dbstj214', 'iipopo30', 'kong96', 'lwaouora', 'kyu3699', 'kyouyoung722', 'sehyung', 'dlwovy2020', 'garumon123', 'gundam602', 'ljb6469', 'yerimpark0124', 'wldud0869', 'dldbsrl1811', 'chozza58', 'didalf017', 'cksrb7334', 'toma746', 'leeyj0515', 'rabbit9327', 'jsee86', 'sjh6224', 'eocjsaudrla', 'lakgh123', 'wlsgydl22', 'kgmghks', 'wjdwodhks18', 'a76002779', 'esther2388', 'xodlr0517']",6,"['jungju511', 'subin99599', 'ehdrl200', 'serm55', 'tndnjs211', None]",124,"['wjdckgml99', 'hana990722', 'gmlwls0855', 'shwlsdk98', 'xogh0727', 'nightfury805', 'khodid35', 'rishi.shivhare15', 'leesangjun', 'juyeon1998', 'ssh919', 'gowls2', 'dltnghdpp', 'guseocjf1234', 'tkdgus893', 'yhj971210', 'yunie9853', 'seoyeon5754', 'jy0314jy', 'tjseodkr', 'uk051317', 'tjdrnr06165098', 'subin99599', 'serm55', 'sdss1143', 'leehyemin', 'vincentajs', 'wsji9404', 'eunju99615', 'cktmdrb1638', 'minhwanjeon0410', 'tjdrnr0616', 'alsrud5976', 'frost', 'mike621', 'elwkdnjs96', 'wnsdud3965', 'pellucid3030', 'wjdvy4236', 'rkdgus1977', 'jsp1219', 'comewis', 'jcg40626038', 'kda1100', 'ja3ngx', 'seojinlee5204', 'jsub9753', 'alsdn9709', 'gwjubu', 'jisu990613', 'limkh4921', 'a01035377113', 'yjjch118', 'qaz16720511', 'sbp5168', 'tjseodk', 'jongchul1992', 'soeun1841', 'heoygi4921', 'dpdldptm2562', 'johnlee3140', 'wjlee0510', 'dudtn9866', 'dbtpfk0820', 'zerotae4758', 'pcr507', 'ssomda', 'dudwls94367', 'hyerim', 'ehdrl200', 'ktw1305', 'gks7ruf', 'jmleeh2', 'choiboeun8189', 'gksmf0543', 'dydtjrdl155', 'jungju511', 'ppddgg1358', 'dkdkcjy777', 'wlgmlwkd34', 'chy4789', 'pjm9725', 'whoni98', 'uuhgyfv', 'starrycity1234', 'dudwls9436', 'gayeong0099', 'jeongdaeun1203', 'junseok424', 'smk0412', 'tiase97', 'sksvotm98', 'dbstj214', 'iipopo30', 'kong96', 'lwaouora', 'kyu3699', 'kyouyoung722', 'sehyung', 'dlwovy2020', 'garumon123', 'gundam602', None, 'ljb6469', 'yerimpark0124', 'wldud0869', 'dldbsrl1811', 'chozza58', 'didalf017', 'cksrb7334', 'toma746', 'leeyj0515', 'rabbit9327', 'jsee86', 'sjh6224', 'eocjsaudrla', 'lakgh123', 'wlsgydl22', 'kgmghks', 'wjdwodhks18', 'a76002779', 'tndnjs211', 'esther2388', 'xodlr0517']"
8,387,106,271,1,['mikesnure'],104,"['yalenanarvaez', 'daglis', 'maronato', 'ppalves10', 'g169127', 'm156531', 'andreispurim', 'h174308', 'gnsoares', 'marcosdiaz', 'dominguilherme', 'i217947', 'kadus27', 'fernandobrsales', 'lostinsocorro', 'luizeduardoaraujozucchi', 'y225901', 'thiagolim42', 'davidhallo88', 'w188684', 'f171043', 'lucask', 'kie190507', 'sciecode', 'm222157', 'r204993', 'oozakudesu', 'mbatra310', 'juangalvez', 'm175011', 'j123765', 'j170582', 'mathbulhoes', 'd169649', 'prafael18', 'lcnzg', 'magodocona', 'h236651', 'r186454', 'v206586', 'v225162', 'b194658', 'j199681', 'ramireguilherme', 'leyte', 'hrilina12', 'i175460', 'matsano', 'joe.stifler', 'heigon77', 'isa.caroline930', 'christian.konishi', 'palmirasara', 'evenysle', 'josehenriquerecio', 'matheusgmmendonca', 'v207054', 'juststopmenow', 'i174932', 'd169774', 'jee304419', 'serodio', 'c214570', 'gabriella', 'g171932', 'anaya.g2623', 'aaaaaaaa1', 'tanpeihan0511', 'vmmartinez2811', 'joaopedro', 'davicarvalho', 'jkruse', 'pietro1704', 'gabriel_dutra', 'larafalquetob', 'ecegeekece', 'a212269', 'frerappa', 'thiagoms', 'g172497', 'mathepionorio', 'd169448', 'camilahyfhgf', 'g216116', 'cristiano.urban.slack', 'pengchenucla', 'i199092', 'm222059', 'l171941', 'igorp.lopes', 'znut', 'g155646', 'diogoteles08', 'g172185', 'gianluca.foti', 'cauan_newton', 'b167869', 'odeiofeec', 'juliombb', 'r204952', 'l201332', 'oozaku', 'thalesrogerio', 'joaoppagnan']",270,"['koakhyunji', 'jenniferperez1', 'cicalesej', 'bha00001', 'anamichelena', 'alskdjfh6161', 'chohyundong12', 'manuel10suarez10', 'b.isenberg', 'kepco2020a', 'wjdekgus77', 'tristram', 'beper53', 'boody456366', 'xfiles', 'daniel.robin22', 'juansans98', 'anais3', 'nerwin', 'adrianhochgesang', 'ardisch123', 'xoanmayo', 'itskatomall', 'suyoneee', 'kyserch', 'roychoudhuryaditya2019', 'adp5383', 'foojorge', 'rricardo0324', 'lidiadom', 'aanupam3', 'miguel_fernandez', 'sgu20151463', 'n3b3x', 'supernhtr', 'ryuhoin2002', 'fofi94', 'mtanzi', 'sallysong683', 'philg', 'jdanivc', 'cjs476', 'dmeyer1998', 'mis5660', 'anstjd1542', 'mertyamanoglu', 'cbnuleejinwoo', 'sooooooy314', 'gekco', 'u1121281', 'emilioar', 'anstpdlffj3', 'naitix', 'sumintnals', 'gonserr', 'navya.k.shastri', 'bsusol2', 'georgeckchen', 'rhrna007', 'hellbomber101', 'ohh99o9', 'uxiavelca', 'chdu6864', 'nakkulab', 'hjshook', 'student1000', 'antoramp', 'siyuezheng', 'ekdms0894', 'jmy0002', 'foghel96', 'raymondzhou227', 'matthewdailey', 'dangover94', 'immmin6677', 'sschneider874', 'parkface94', 'pablosande98', 'kunge0054', 'ana.rmteo', 'josedamiangarcianoya', 'ye02', 'chzh1341', 'danielm78', 'marniesan', 'tmdorsey', 'u1285150', 'ylanbdr', 'titanking231', 'thomas.poulin', 'matthewleemle2', 'ludovick', 'bbatuhanbilecen', 'juho4523', 'aloptor', 'dale7283', 'palzmq', 'andrea.oldham97', 'jasperdeconinck', 'gipes', 'idargu90', 'xogus102929', 'nes1011', 'nargene', 'xoangon', 'emt2', 'samuelfl', 'logankraus', 'bobbimatheson', 'giung0227', 'sherwmit', 'eserafimbortolazzo', 'jonathan.balent', 'rachel.blaydes', 'ghtlstnf7', 'u0360918', 'franktib2', 'vetterd', 'ziyue2', 'finnclements', None, 'bw02203', 'dbister', 'dorxlqmdkdlel', 'cjsxodnd12', 'dbeciri45', 'eunice98k', 'byeolguri', 'coopjord', 'tjtks4730', 'johnlanghout', 'sukjunyeo', 'u1201859', 'sabintandukar', 'lhc33820933', 'hancheyn', 'rohdej', 'ghobashy445', 'eogn1004', 'jhryu1994', 'exareivaj', 'mmartinezsanchez', 'reyda', 'taylordavis678', 'toast', 'kesu1234', 'dish1498', 'graceml2', 'qkslqksl951', 'yjn3492', 'u0543041', 'myez', 'cmoauro2', 'kirollos.morcos.km', 'mocha7411', 'jiaolh', 'jn12su27', 'yassminsabry', 'cbo3', 'zlapvmf', 'estalin', 'glevita2', 'jesusgiraldez', 'caetano.eirea', 'martinperezmaneiro', 'danielcondetorres', 'antonio25', 'dhkswk96', 'khfrum', 'msubullies1', 'marshallfrye', 'declanb', 'm0650104.ee06g', 'rbb0001', 'hyerim100600', 'bassel0elgharbawy0', 'zrm0001', 'juanjoseo', 'aia00001', 'ignaciomilani', 'petercp2', 'pichoncillo1', 'mitchell.shields99', 'guillermocam', 'b.benson', 'spazos', '123whdxor', 'vandelei', 'soddi1621', 'mauro_sg', 'socrat', 'qncowlf10', 'e.pmcrespo', 'wodnjssnsk12', 'rachelgjohnson', 'abal2474', 'lsj4677', 'hs960531', 'yougyeongo', 'shabnashreej', 'doog9601', 'hayejord', 'giacomo.bego', 'kendalhiatt', 'qwerty0637', 'corozco', 'yoojeong9925', 'tpollei', 'yoonek6719', 'lwang82', 'ezsamsuntung', 'axelbelgarde', 'mcdonald.josh', 'jrichman99', 'gcxmoffice1994', 'jeandavid', 'francike', 'andreagcoto', 'thddpwls257', 'jaephago', 'tnqls3409', 'jboniuk98', 'marcospascualin', 'dnlek12', 'iagomillanentenza', 'zaubin42', 'alberto4', 'mattmattmerrill', 'martinzapatamartinez', 'rygr8576', 'jakubpepas', 'genius_p', 'nshamsi', 'chvk4161', 'blake.ballou08', 'htj1104', 'dariushkim', 'aht47', 'therahuul', 'mehdibandali', 'isaac.dominguez4444', 'junzed2', 'ganaaa12a', 'clara.landesa', 'pablocl', 'latourem', 'qumo4329', 'tonni1912', 'jedelkind0117', 'jlkirk', 'macks', 'rsp79', 'josig2011', 'sportmonkey584', 'alw0039', 'ophelie10', 'k66773659', 'qottkf6194', 'iflueck2', 'piri940511', '5dustkd', 'dldnals2020', 'lukebidulka', 'pedro.julian', 'carlosvigo1997', 'leesk4869', 'smdesrochers', 'hyerim1006000', 'giacomo.munari.1', 'ybso1566']",375,"['yalenanarvaez', 'jenniferperez1', 'cicalesej', 'bha00001', 'anamichelena', 'chohyundong12', 'manuel10suarez10', 'b.isenberg', 'tristram', 'g169127', 'beper53', 'xfiles', 'andreispurim', 'daniel.robin22', 'juansans98', 'anais3', 'adrianhochgesang', 'marcosdiaz', 'suyoneee', 'i217947', 'roychoudhuryaditya2019', 'lostinsocorro', 'lidiadom', 'aanupam3', 'miguel_fernandez', 'luizeduardoaraujozucchi', 'supernhtr', 'ryuhoin2002', 'y225901', 'mtanzi', 'davidhallo88', 'cjs476', 'mertyamanoglu', 'cbnuleejinwoo', 'sooooooy314', 'gekco', 'sciecode', 'gonserr', 'oozakudesu', 'mbatra310', 'juangalvez', 'bsusol2', 'georgeckchen', 'hellbomber101', 'ohh99o9', 'uxiavelca', 'nakkulab', 'student1000', 'antoramp', 'j123765', 'siyuezheng', 'mathbulhoes', 'd169649', 'immmin6677', 'matthewdailey', 'sschneider874', 'parkface94', 'lcnzg', 'pablosande98', 'kunge0054', 'ye02', 'chzh1341', 'danielm78', 'marniesan', 'magodocona', 'matthewleemle2', 'bbatuhanbilecen', 'v225162', 'andrea.oldham97', 'idargu90', 'xogus102929', 'nes1011', 'j199681', 'xoangon', 'ramireguilherme', 'samuelfl', 'leyte', 'hrilina12', 'eserafimbortolazzo', 'rachel.blaydes', 'ghtlstnf7', 'vetterd', 'joe.stifler', None, 'christian.konishi', 'bw02203', 'evenysle', 'coopjord', 'tjtks4730', 'josehenriquerecio', 'matheusgmmendonca', 'v207054', 'juststopmenow', 'lhc33820933', 'd169774', 'hancheyn', 'rohdej', 'c214570', 'gabriella', 'g171932', 'jhryu1994', 'mmartinezsanchez', 'reyda', 'toast', 'kesu1234', 'dish1498', 'graceml2', 'qkslqksl951', 'u0543041', 'mocha7411', 'jiaolh', 'jn12su27', 'yassminsabry', 'vmmartinez2811', 'estalin', 'davicarvalho', 'glevita2', 'jesusgiraldez', 'caetano.eirea', 'jkruse', 'dhkswk96', 'khfrum', 'msubullies1', 'm0650104.ee06g', 'rbb0001', 'bassel0elgharbawy0', 'aia00001', 'larafalquetob', 'ecegeekece', 'ignaciomilani', 'petercp2', 'mitchell.shields99', '123whdxor', 'soddi1621', 'mauro_sg', 'socrat', 'frerappa', 'qncowlf10', 'thiagoms', 'mikesnure', 'abal2474', 'lsj4677', 'hs960531', 'yougyeongo', 'hayejord', 'giacomo.bego', 'qwerty0637', 'corozco', 'tpollei', 'yoonek6719', 'axelbelgarde', 'jeandavid', 'andreagcoto', 'camilahyfhgf', 'marcospascualin', 'dnlek12', 'zaubin42', 'pengchenucla', 'martinzapatamartinez', 'i199092', 'l171941', 'rygr8576', 'igorp.lopes', 'jakubpepas', 'genius_p', 'nshamsi', 'chvk4161', 'dariushkim', 'therahuul', 'isaac.dominguez4444', 'diogoteles08', 'junzed2', 'ganaaa12a', 'latourem', 'cauan_newton', 'rsp79', 'josig2011', 'odeiofeec', 'qottkf6194', 'iflueck2', 'dldnals2020', 'pedro.julian', 'leesk4869', 'dmeyer1998', 'hyerim1006000', 'koakhyunji', 'alskdjfh6161', 'daglis', 'kepco2020a', 'wjdekgus77', 'maronato', 'ppalves10', 'boody456366', 'm156531', 'h174308', 'nerwin', 'gnsoares', 'ardisch123', 'xoanmayo', 'itskatomall', 'dominguilherme', 'kadus27', 'kyserch', 'fernandobrsales', 'adp5383', 'foojorge', 'rricardo0324', 'sgu20151463', 'n3b3x', 'fofi94', 'sallysong683', 'thiagolim42', 'philg', 'w188684', 'f171043', 'jdanivc', 'lucask', 'mis5660', 'anstjd1542', 'u1121281', 'emilioar', 'kie190507', 'anstpdlffj3', 'm222157', 'r204993', 'naitix', 'sumintnals', 'navya.k.shastri', 'rhrna007', 'm175011', 'chdu6864', 'hjshook', 'ekdms0894', 'jmy0002', 'foghel96', 'raymondzhou227', 'j170582', 'dangover94', 'prafael18', 'ana.rmteo', 'josedamiangarcianoya', 'tmdorsey', 'u1285150', 'ylanbdr', 'titanking231', 'thomas.poulin', 'ludovick', 'h236651', 'juho4523', 'aloptor', 'r186454', 'v206586', 'dale7283', 'palzmq', 'jasperdeconinck', 'gipes', 'b194658', 'nargene', 'emt2', 'logankraus', 'i175460', 'matsano', 'bobbimatheson', 'giung0227', 'sherwmit', 'jonathan.balent', 'u0360918', 'franktib2', 'ziyue2', 'finnclements', 'heigon77', 'isa.caroline930', 'palmirasara', 'dbister', 'dorxlqmdkdlel', 'cjsxodnd12', 'dbeciri45', 'eunice98k', 'byeolguri', 'johnlanghout', 'sukjunyeo', 'u1201859', 'i174932', 'sabintandukar', 'jee304419', 'ghobashy445', 'serodio', 'eogn1004', 'exareivaj', 'taylordavis678', 'anaya.g2623', 'aaaaaaaa1', 'yjn3492', 'tanpeihan0511', 'myez', 'cmoauro2', 'kirollos.morcos.km', 'cbo3', 'zlapvmf', 'joaopedro', 'martinperezmaneiro', 'danielcondetorres', 'antonio25', 'marshallfrye', 'pietro1704', 'declanb', 'hyerim100600', 'zrm0001', 'gabriel_dutra', 'juanjoseo', 'pichoncillo1', 'guillermocam', 'b.benson', 'spazos', 'vandelei', 'a212269', 'e.pmcrespo', 'wodnjssnsk12', 'rachelgjohnson', 'shabnashreej', 'doog9601', 'kendalhiatt', 'g172497', 'mathepionorio', 'yoojeong9925', 'lwang82', 'd169448', 'ezsamsuntung', 'mcdonald.josh', 'jrichman99', 'gcxmoffice1994', 'francike', 'thddpwls257', 'jaephago', 'tnqls3409', 'jboniuk98', 'g216116', 'iagomillanentenza', 'alberto4', 'cristiano.urban.slack', 'mattmattmerrill', 'm222059', 'blake.ballou08', 'htj1104', 'aht47', 'znut', 'g155646', 'mehdibandali', 'clara.landesa', 'pablocl', 'qumo4329', 'tonni1912', 'g172185', 'jedelkind0117', 'jlkirk', 'gianluca.foti', 'macks', 'sportmonkey584', 'alw0039', 'b167869', 'juliombb', 'r204952', 'ophelie10', 'k66773659', 'l201332', 'piri940511', '5dustkd', 'oozaku', 'thalesrogerio', 'lukebidulka', 'joaoppagnan', 'carlosvigo1997', 'smdesrochers', 'giacomo.munari.1', 'ybso1566']"
8,397,106,114,96,"['daglis', 'maronato', 'ppalves10', 'g169127', 'm156531', 'andreispurim', 'h174308', 'gnsoares', 'marcosdiaz', 'dominguilherme', 'i217947', 'kadus27', 'fernandobrsales', 'lostinsocorro', 'luizeduardoaraujozucchi', 'y225901', 'thiagolim42', 'w188684', 'f171043', 'lucask', 'sciecode', 'm222157', 'r204993', 'oozakudesu', 'mbatra310', 'juangalvez', 'm175011', 'j123765', 'j170582', 'mathbulhoes', 'd169649', 'prafael18', 'lcnzg', 'magodocona', 'h236651', 'r186454', 'v206586', 'v225162', 'b194658', 'j199681', 'ramireguilherme', 'leyte', 'hrilina12', 'i175460', 'matsano', 'joe.stifler', 'heigon77', 'isa.caroline930', 'christian.konishi', 'palmirasara', 'evenysle', 'josehenriquerecio', 'matheusgmmendonca', 'v207054', 'juststopmenow', 'i174932', 'd169774', 'serodio', 'c214570', 'gabriella', 'g171932', 'aaaaaaaa1', 'vmmartinez2811', 'joaopedro', 'davicarvalho', 'jkruse', 'pietro1704', 'gabriel_dutra', 'larafalquetob', 'ecegeekece', 'a212269', 'frerappa', 'thiagoms', 'g172497', 'mathepionorio', 'd169448', 'camilahyfhgf', 'g216116', 'cristiano.urban.slack', 'pengchenucla', 'i199092', 'm222059', 'l171941', 'igorp.lopes', 'g155646', 'diogoteles08', 'g172185', 'cauan_newton', 'b167869', 'odeiofeec', 'juliombb', 'r204952', 'l201332', 'oozaku', 'thalesrogerio', 'joaoppagnan']",9,"['davidhallo88', 'tanpeihan0511', 'yalenanarvaez', 'znut', 'kie190507', 'gianluca.foti', 'mikesnure', 'anaya.g2623', 'jee304419']",18,"['ctjett', 'luccassa', 'msueker', 'jasperdeconinck', 'michael.breeding31', 'fedeenav', 'jsimmon9', 'bdniels1', 'drbburcham', 'ganassinandrea', 'pedro.julian', 'gtzintzarov', 'lwang82', 'mbcoppag', 'acabellocano', None, 'dtononi', 'zanoni']",123,"['yalenanarvaez', 'daglis', 'maronato', 'ppalves10', 'g169127', 'm156531', 'andreispurim', 'h174308', 'gnsoares', 'marcosdiaz', 'dominguilherme', 'i217947', 'kadus27', 'fernandobrsales', 'lostinsocorro', 'luizeduardoaraujozucchi', 'y225901', 'acabellocano', 'thiagolim42', 'davidhallo88', 'w188684', 'f171043', 'lucask', 'kie190507', 'sciecode', 'm222157', 'r204993', 'oozakudesu', 'mbatra310', 'juangalvez', 'm175011', 'j123765', 'j170582', 'mathbulhoes', 'd169649', 'prafael18', 'lcnzg', 'magodocona', 'h236651', 'r186454', 'v206586', 'v225162', 'jasperdeconinck', 'b194658', 'fedeenav', 'j199681', 'ramireguilherme', 'leyte', 'hrilina12', 'i175460', 'matsano', 'joe.stifler', 'heigon77', 'isa.caroline930', None, 'christian.konishi', 'palmirasara', 'evenysle', 'josehenriquerecio', 'matheusgmmendonca', 'v207054', 'juststopmenow', 'i174932', 'd169774', 'dtononi', 'jee304419', 'serodio', 'c214570', 'gabriella', 'g171932', 'jsimmon9', 'anaya.g2623', 'aaaaaaaa1', 'tanpeihan0511', 'vmmartinez2811', 'joaopedro', 'davicarvalho', 'jkruse', 'michael.breeding31', 'bdniels1', 'pietro1704', 'gtzintzarov', 'mbcoppag', 'ctjett', 'gabriel_dutra', 'larafalquetob', 'ecegeekece', 'a212269', 'drbburcham', 'frerappa', 'thiagoms', 'mikesnure', 'msueker', 'g172497', 'mathepionorio', 'lwang82', 'zanoni', 'd169448', 'camilahyfhgf', 'g216116', 'cristiano.urban.slack', 'pengchenucla', 'i199092', 'm222059', 'l171941', 'igorp.lopes', 'znut', 'g155646', 'diogoteles08', 'ganassinandrea', 'g172185', 'gianluca.foti', 'cauan_newton', 'b167869', 'odeiofeec', 'juliombb', 'r204952', 'luccassa', 'l201332', 'oozaku', 'thalesrogerio', 'joaoppagnan', 'pedro.julian']"
8,396,106,52,13,"['hrilina12', 'r204952', 'i217947', 'daglis', 'v206586', 'ecegeekece', 'oozaku', 'a212269', 'thalesrogerio', 'mikesnure', 'anaya.g2623', 'd169774', 'mbatra310']",92,"['yalenanarvaez', 'maronato', 'ppalves10', 'g169127', 'm156531', 'andreispurim', 'h174308', 'gnsoares', 'marcosdiaz', 'dominguilherme', 'kadus27', 'fernandobrsales', 'lostinsocorro', 'luizeduardoaraujozucchi', 'y225901', 'thiagolim42', 'davidhallo88', 'w188684', 'f171043', 'lucask', 'kie190507', 'sciecode', 'm222157', 'r204993', 'oozakudesu', 'juangalvez', 'm175011', 'j123765', 'j170582', 'mathbulhoes', 'd169649', 'prafael18', 'lcnzg', 'magodocona', 'h236651', 'r186454', 'v225162', 'b194658', 'j199681', 'ramireguilherme', 'leyte', 'i175460', 'matsano', 'joe.stifler', 'heigon77', 'isa.caroline930', 'christian.konishi', 'palmirasara', 'evenysle', 'josehenriquerecio', 'matheusgmmendonca', 'v207054', 'juststopmenow', 'i174932', 'jee304419', 'serodio', 'c214570', 'gabriella', 'g171932', 'aaaaaaaa1', 'tanpeihan0511', 'vmmartinez2811', 'joaopedro', 'davicarvalho', 'jkruse', 'pietro1704', 'gabriel_dutra', 'larafalquetob', 'frerappa', 'thiagoms', 'g172497', 'mathepionorio', 'd169448', 'camilahyfhgf', 'g216116', 'cristiano.urban.slack', 'pengchenucla', 'i199092', 'm222059', 'l171941', 'igorp.lopes', 'znut', 'g155646', 'diogoteles08', 'g172185', 'gianluca.foti', 'cauan_newton', 'b167869', 'odeiofeec', 'juliombb', 'l201332', 'joaoppagnan']",39,"['nicaponti', 'izumi98077', 'lwang82', 'jte55', 'fredysanchez2', 'andrew2016', 'roychoudhuryaditya2019', 'jboniuk98', 'fedeenav', 'rileymccarthy27', 'sjl328', 'rburkins1', 'profjanser', 'mattmattmerrill', 'tflong71', 'cjs476', 'blake.ballou08', 'aht47', 'emilioar', 'michael.breeding31', 'ganassinandrea', 'ganaaa12a', 'judgeofduty', 'macks', 'ziyue2', 'alw0039', 'finnclements', 'rsp79', 'rbb0001', 'manolisc23', None, 'aia00001', 'petercp2', 'fosbackta17', 'hjshook', 'pedro.julian', 'e.sdavidm', 'npd54', 'mvp55']",144,"['yalenanarvaez', 'daglis', 'maronato', 'ppalves10', 'g169127', 'm156531', 'andreispurim', 'fredysanchez2', 'h174308', 'gnsoares', 'marcosdiaz', 'dominguilherme', 'i217947', 'kadus27', 'fernandobrsales', 'lostinsocorro', 'roychoudhuryaditya2019', 'luizeduardoaraujozucchi', 'y225901', 'thiagolim42', 'davidhallo88', 'w188684', 'f171043', 'cjs476', 'lucask', 'emilioar', 'kie190507', 'sciecode', 'm222157', 'r204993', 'oozakudesu', 'mbatra310', 'juangalvez', 'manolisc23', 'm175011', 'hjshook', 'j123765', 'j170582', 'mathbulhoes', 'd169649', 'prafael18', 'lcnzg', 'magodocona', 'h236651', 'r186454', 'v206586', 'v225162', 'b194658', 'fedeenav', 'j199681', 'ramireguilherme', 'leyte', 'hrilina12', 'i175460', 'matsano', 'judgeofduty', 'ziyue2', 'finnclements', 'joe.stifler', 'heigon77', 'isa.caroline930', None, 'christian.konishi', 'palmirasara', 'evenysle', 'fosbackta17', 'josehenriquerecio', 'matheusgmmendonca', 'v207054', 'juststopmenow', 'i174932', 'd169774', 'jee304419', 'serodio', 'c214570', 'gabriella', 'nicaponti', 'g171932', 'anaya.g2623', 'andrew2016', 'aaaaaaaa1', 'tanpeihan0511', 'vmmartinez2811', 'joaopedro', 'sjl328', 'davicarvalho', 'profjanser', 'jkruse', 'michael.breeding31', 'pietro1704', 'rbb0001', 'gabriel_dutra', 'aia00001', 'larafalquetob', 'ecegeekece', 'petercp2', 'a212269', 'frerappa', 'thiagoms', 'mikesnure', 'e.sdavidm', 'g172497', 'mathepionorio', 'izumi98077', 'lwang82', 'jte55', 'd169448', 'jboniuk98', 'camilahyfhgf', 'rileymccarthy27', 'g216116', 'rburkins1', 'cristiano.urban.slack', 'mattmattmerrill', 'pengchenucla', 'tflong71', 'i199092', 'm222059', 'l171941', 'igorp.lopes', 'blake.ballou08', 'aht47', 'znut', 'g155646', 'diogoteles08', 'ganassinandrea', 'g172185', 'ganaaa12a', 'gianluca.foti', 'macks', 'alw0039', 'cauan_newton', 'b167869', 'rsp79', 'odeiofeec', 'juliombb', 'r204952', 'l201332', 'oozaku', 'thalesrogerio', 'joaoppagnan', 'pedro.julian', 'npd54', 'mvp55']"
8,369,106,38,35,"['g172497', 'mathepionorio', 'g169127', 'h174308', 'aaaaaaaa1', 'i217947', 'joaopedro', 'j199681', 'y225901', 'i199092', 'thiagolim42', 'w188684', 'igorp.lopes', 'i175460', 'm222157', 'diogoteles08', 'g172185', 'joe.stifler', 'b167869', 'oozakudesu', 'heigon77', 'odeiofeec', 'gabriel_dutra', 'juliombb', 'm175011', 'oozaku', 'josehenriquerecio', 'joaoppagnan', 'matheusgmmendonca', 'j123765', 'v207054', 'frerappa', 'd169649', 'mathbulhoes', 'd169774']",70,"['serodio', 'lcnzg', 'yalenanarvaez', 'c214570', 'daglis', 'gabriella', 'g171932', 'maronato', 'magodocona', 'ppalves10', 'anaya.g2623', 'm156531', 'andreispurim', 'gnsoares', 'h236651', 'd169448', 'tanpeihan0511', 'marcosdiaz', 'dominguilherme', 'kadus27', 'r186454', 'fernandobrsales', 'lostinsocorro', 'v206586', 'v225162', 'camilahyfhgf', 'b194658', 'vmmartinez2811', 'luizeduardoaraujozucchi', 'davicarvalho', 'g216116', 'cristiano.urban.slack', 'pengchenucla', 'ramireguilherme', 'm222059', 'l171941', 'davidhallo88', 'f171043', 'leyte', 'hrilina12', 'lucask', 'matsano', 'znut', 'g155646', 'kie190507', 'sciecode', 'jkruse', 'r204993', 'pietro1704', 'gianluca.foti', 'cauan_newton', 'mbatra310', 'juangalvez', 'isa.caroline930', 'christian.konishi', 'r204952', 'palmirasara', 'evenysle', 'larafalquetob', 'ecegeekece', 'l201332', 'a212269', 'thalesrogerio', 'thiagoms', 'mikesnure', 'j170582', 'juststopmenow', 'i174932', 'prafael18', 'jee304419']",3,"[None, 'desbasj001', 'voltafruett']",108,"['serodio', 'yalenanarvaez', 'c214570', 'daglis', 'gabriella', 'g171932', 'maronato', 'ppalves10', 'g169127', 'anaya.g2623', 'm156531', 'andreispurim', 'h174308', 'gnsoares', 'aaaaaaaa1', 'tanpeihan0511', 'marcosdiaz', 'dominguilherme', 'i217947', 'kadus27', 'fernandobrsales', 'lostinsocorro', 'vmmartinez2811', 'luizeduardoaraujozucchi', 'joaopedro', 'davicarvalho', 'y225901', 'desbasj001', 'thiagolim42', 'davidhallo88', 'w188684', 'f171043', 'lucask', 'kie190507', 'sciecode', 'm222157', 'r204993', 'jkruse', 'pietro1704', 'oozakudesu', 'mbatra310', 'juangalvez', 'gabriel_dutra', 'larafalquetob', 'ecegeekece', 'm175011', 'a212269', 'voltafruett', 'frerappa', 'j123765', 'thiagoms', 'mikesnure', 'j170582', 'mathbulhoes', 'd169649', 'prafael18', 'lcnzg', 'g172497', 'magodocona', 'mathepionorio', 'h236651', 'd169448', 'r186454', 'v206586', 'v225162', 'camilahyfhgf', 'b194658', 'j199681', 'g216116', 'cristiano.urban.slack', 'pengchenucla', 'ramireguilherme', 'i199092', 'm222059', 'leyte', 'hrilina12', 'l171941', 'igorp.lopes', 'i175460', 'matsano', 'znut', 'g155646', 'diogoteles08', 'g172185', 'gianluca.foti', 'cauan_newton', 'joe.stifler', 'b167869', 'heigon77', 'isa.caroline930', 'odeiofeec', None, 'christian.konishi', 'juliombb', 'r204952', 'palmirasara', 'evenysle', 'l201332', 'oozaku', 'thalesrogerio', 'josehenriquerecio', 'joaoppagnan', 'matheusgmmendonca', 'v207054', 'juststopmenow', 'i174932', 'd169774', 'jee304419']"
8,370,106,25,22,"['c214570', 'maronato', 'ppalves10', 'g169127', 'dominguilherme', 'v206586', 'vmmartinez2811', 'm222059', 'f171043', 'w188684', 'matsano', 'sciecode', 'r204993', 'pietro1704', 'cauan_newton', 'christian.konishi', 'juliombb', 'r204952', 'palmirasara', 'l201332', 'a212269', 'thiagoms']",83,"['serodio', 'yalenanarvaez', 'daglis', 'gabriella', 'g171932', 'anaya.g2623', 'm156531', 'andreispurim', 'h174308', 'gnsoares', 'aaaaaaaa1', 'tanpeihan0511', 'marcosdiaz', 'i217947', 'kadus27', 'fernandobrsales', 'lostinsocorro', 'luizeduardoaraujozucchi', 'joaopedro', 'davicarvalho', 'y225901', 'thiagolim42', 'davidhallo88', 'lucask', 'kie190507', 'm222157', 'jkruse', 'oozakudesu', 'mbatra310', 'juangalvez', 'gabriel_dutra', 'larafalquetob', 'ecegeekece', 'm175011', 'frerappa', 'j123765', 'mikesnure', 'j170582', 'mathbulhoes', 'd169649', 'prafael18', 'lcnzg', 'g172497', 'magodocona', 'mathepionorio', 'h236651', 'd169448', 'r186454', 'v225162', 'camilahyfhgf', 'b194658', 'j199681', 'g216116', 'cristiano.urban.slack', 'pengchenucla', 'ramireguilherme', 'i199092', 'leyte', 'hrilina12', 'l171941', 'igorp.lopes', 'i175460', 'znut', 'g155646', 'diogoteles08', 'g172185', 'gianluca.foti', 'joe.stifler', 'b167869', 'heigon77', 'isa.caroline930', 'odeiofeec', 'evenysle', 'oozaku', 'thalesrogerio', 'josehenriquerecio', 'joaoppagnan', 'matheusgmmendonca', 'v207054', 'juststopmenow', 'i174932', 'd169774', 'jee304419']",3,"['well33488', 'rodolfopoloniandrietta', None]",108,"['serodio', 'yalenanarvaez', 'c214570', 'daglis', 'gabriella', 'g171932', 'maronato', 'ppalves10', 'g169127', 'anaya.g2623', 'm156531', 'andreispurim', 'h174308', 'gnsoares', 'aaaaaaaa1', 'tanpeihan0511', 'marcosdiaz', 'dominguilherme', 'i217947', 'kadus27', 'fernandobrsales', 'lostinsocorro', 'vmmartinez2811', 'luizeduardoaraujozucchi', 'joaopedro', 'davicarvalho', 'y225901', 'thiagolim42', 'davidhallo88', 'w188684', 'f171043', 'lucask', 'kie190507', 'sciecode', 'm222157', 'r204993', 'jkruse', 'pietro1704', 'oozakudesu', 'mbatra310', 'juangalvez', 'gabriel_dutra', 'larafalquetob', 'ecegeekece', 'm175011', 'a212269', 'frerappa', 'j123765', 'thiagoms', 'mikesnure', 'j170582', 'mathbulhoes', 'd169649', 'prafael18', 'lcnzg', 'g172497', 'magodocona', 'mathepionorio', 'h236651', 'd169448', 'r186454', 'v206586', 'v225162', 'well33488', 'camilahyfhgf', 'b194658', 'j199681', 'g216116', 'cristiano.urban.slack', 'pengchenucla', 'ramireguilherme', 'i199092', 'm222059', 'leyte', 'hrilina12', 'l171941', 'igorp.lopes', 'i175460', 'matsano', 'znut', 'g155646', 'diogoteles08', 'g172185', 'gianluca.foti', 'cauan_newton', 'joe.stifler', 'b167869', 'heigon77', 'isa.caroline930', 'odeiofeec', None, 'christian.konishi', 'juliombb', 'r204952', 'palmirasara', 'evenysle', 'rodolfopoloniandrietta', 'l201332', 'oozaku', 'thalesrogerio', 'josehenriquerecio', 'joaoppagnan', 'matheusgmmendonca', 'v207054', 'juststopmenow', 'i174932', 'd169774', 'jee304419']"
8,398,106,25,1,['kie190507'],104,"['serodio', 'yalenanarvaez', 'c214570', 'daglis', 'gabriella', 'g171932', 'maronato', 'ppalves10', 'g169127', 'anaya.g2623', 'm156531', 'andreispurim', 'h174308', 'gnsoares', 'aaaaaaaa1', 'tanpeihan0511', 'marcosdiaz', 'dominguilherme', 'i217947', 'kadus27', 'fernandobrsales', 'lostinsocorro', 'vmmartinez2811', 'luizeduardoaraujozucchi', 'joaopedro', 'davicarvalho', 'y225901', 'thiagolim42', 'davidhallo88', 'w188684', 'f171043', 'lucask', 'sciecode', 'm222157', 'r204993', 'jkruse', 'pietro1704', 'oozakudesu', 'mbatra310', 'juangalvez', 'gabriel_dutra', 'larafalquetob', 'ecegeekece', 'm175011', 'a212269', 'frerappa', 'j123765', 'thiagoms', 'mikesnure', 'j170582', 'mathbulhoes', 'd169649', 'prafael18', 'lcnzg', 'g172497', 'magodocona', 'mathepionorio', 'h236651', 'd169448', 'r186454', 'v206586', 'v225162', 'camilahyfhgf', 'b194658', 'j199681', 'g216116', 'cristiano.urban.slack', 'pengchenucla', 'ramireguilherme', 'i199092', 'm222059', 'leyte', 'hrilina12', 'l171941', 'igorp.lopes', 'i175460', 'matsano', 'znut', 'g155646', 'diogoteles08', 'g172185', 'gianluca.foti', 'cauan_newton', 'joe.stifler', 'b167869', 'heigon77', 'isa.caroline930', 'odeiofeec', 'christian.konishi', 'juliombb', 'r204952', 'palmirasara', 'evenysle', 'l201332', 'oozaku', 'thalesrogerio', 'josehenriquerecio', 'joaoppagnan', 'matheusgmmendonca', 'v207054', 'juststopmenow', 'i174932', 'd169774', 'jee304419']",24,"['cheah', 'zhixian293', 'beh1017', 'abudegracia', 'kie190027', 'aidaaqilah', 'kie190019', 'm.aliffhaikal', 'aliffshafiq63', 'kie190016', 'doubledotp', 'sharifah_fatmadiana', 'cassielim99', 'niksyahmiadlibinabdulhalim', 'tharshini.balakrishnan', 'hui_ting0111', 'tanhongjian', None, 'ridhwan', 'wongzhiyong13', 'kie190064', 'conanloke', 'balquis', 'aimansanusi20']",129,"['beh1017', 'serodio', 'yalenanarvaez', 'c214570', 'daglis', 'gabriella', 'g171932', 'maronato', 'ppalves10', 'g169127', 'aidaaqilah', 'anaya.g2623', 'm156531', 'andreispurim', 'h174308', 'gnsoares', 'aaaaaaaa1', 'kie190019', 'tanpeihan0511', 'marcosdiaz', 'dominguilherme', 'i217947', 'kadus27', 'fernandobrsales', 'lostinsocorro', 'vmmartinez2811', 'luizeduardoaraujozucchi', 'joaopedro', 'davicarvalho', 'y225901', 'thiagolim42', 'davidhallo88', 'w188684', 'f171043', 'lucask', 'kie190507', 'sciecode', 'm222157', 'r204993', 'jkruse', 'pietro1704', 'tanhongjian', 'oozakudesu', 'mbatra310', 'juangalvez', 'gabriel_dutra', 'larafalquetob', 'ecegeekece', 'm175011', 'kie190064', 'a212269', 'frerappa', 'j123765', 'thiagoms', 'mikesnure', 'j170582', 'mathbulhoes', 'd169649', 'prafael18', 'cheah', 'zhixian293', 'lcnzg', 'abudegracia', 'g172497', 'magodocona', 'kie190027', 'mathepionorio', 'h236651', 'd169448', 'r186454', 'v206586', 'v225162', 'camilahyfhgf', 'b194658', 'm.aliffhaikal', 'aliffshafiq63', 'kie190016', 'j199681', 'doubledotp', 'g216116', 'cristiano.urban.slack', 'pengchenucla', 'ramireguilherme', 'i199092', 'm222059', 'leyte', 'hrilina12', 'l171941', 'igorp.lopes', 'sharifah_fatmadiana', 'i175460', 'matsano', 'cassielim99', 'znut', 'g155646', 'niksyahmiadlibinabdulhalim', 'tharshini.balakrishnan', 'diogoteles08', 'hui_ting0111', 'g172185', 'gianluca.foti', 'cauan_newton', 'joe.stifler', 'b167869', 'heigon77', 'isa.caroline930', 'odeiofeec', None, 'christian.konishi', 'juliombb', 'r204952', 'palmirasara', 'evenysle', 'ridhwan', 'l201332', 'wongzhiyong13', 'oozaku', 'thalesrogerio', 'josehenriquerecio', 'joaoppagnan', 'matheusgmmendonca', 'conanloke', 'v207054', 'balquis', 'juststopmenow', 'i174932', 'aimansanusi20', 'd169774', 'jee304419']"
8,371,106,12,11,"['gabriel_dutra', 'diogoteles08', 'josehenriquerecio', 'mathepionorio', 'j199681', 'd169649', 'juststopmenow', 'm156531', 'isa.caroline930', 'i199092', 'l171941']",94,"['serodio', 'yalenanarvaez', 'c214570', 'daglis', 'gabriella', 'g171932', 'maronato', 'ppalves10', 'g169127', 'anaya.g2623', 'andreispurim', 'h174308', 'gnsoares', 'aaaaaaaa1', 'tanpeihan0511', 'marcosdiaz', 'dominguilherme', 'i217947', 'kadus27', 'fernandobrsales', 'lostinsocorro', 'vmmartinez2811', 'luizeduardoaraujozucchi', 'joaopedro', 'davicarvalho', 'y225901', 'thiagolim42', 'davidhallo88', 'w188684', 'f171043', 'lucask', 'kie190507', 'sciecode', 'm222157', 'r204993', 'jkruse', 'pietro1704', 'oozakudesu', 'mbatra310', 'juangalvez', 'larafalquetob', 'ecegeekece', 'm175011', 'a212269', 'frerappa', 'j123765', 'thiagoms', 'mikesnure', 'j170582', 'mathbulhoes', 'prafael18', 'lcnzg', 'g172497', 'magodocona', 'h236651', 'd169448', 'r186454', 'v206586', 'v225162', 'camilahyfhgf', 'b194658', 'g216116', 'cristiano.urban.slack', 'pengchenucla', 'ramireguilherme', 'm222059', 'leyte', 'hrilina12', 'igorp.lopes', 'i175460', 'matsano', 'znut', 'g155646', 'g172185', 'gianluca.foti', 'cauan_newton', 'joe.stifler', 'b167869', 'heigon77', 'odeiofeec', 'christian.konishi', 'juliombb', 'r204952', 'palmirasara', 'evenysle', 'l201332', 'oozaku', 'thalesrogerio', 'joaoppagnan', 'matheusgmmendonca', 'v207054', 'i174932', 'd169774', 'jee304419']",1,[None],106,"['serodio', 'yalenanarvaez', 'c214570', 'daglis', 'gabriella', 'g171932', 'maronato', 'ppalves10', 'g169127', 'anaya.g2623', 'm156531', 'andreispurim', 'h174308', 'gnsoares', 'aaaaaaaa1', 'tanpeihan0511', 'marcosdiaz', 'dominguilherme', 'i217947', 'kadus27', 'fernandobrsales', 'lostinsocorro', 'vmmartinez2811', 'luizeduardoaraujozucchi', 'joaopedro', 'davicarvalho', 'y225901', 'thiagolim42', 'davidhallo88', 'w188684', 'f171043', 'lucask', 'kie190507', 'sciecode', 'm222157', 'r204993', 'jkruse', 'pietro1704', 'oozakudesu', 'mbatra310', 'juangalvez', 'gabriel_dutra', 'larafalquetob', 'ecegeekece', 'm175011', 'a212269', 'frerappa', 'j123765', 'thiagoms', 'mikesnure', 'j170582', 'mathbulhoes', 'd169649', 'prafael18', 'lcnzg', 'g172497', 'magodocona', 'mathepionorio', 'h236651', 'd169448', 'r186454', 'v206586', 'v225162', 'camilahyfhgf', 'b194658', 'j199681', 'g216116', 'cristiano.urban.slack', 'pengchenucla', 'ramireguilherme', 'i199092', 'm222059', 'leyte', 'hrilina12', 'l171941', 'igorp.lopes', 'i175460', 'matsano', 'znut', 'g155646', 'diogoteles08', 'g172185', 'gianluca.foti', 'cauan_newton', 'joe.stifler', 'b167869', 'heigon77', 'isa.caroline930', 'odeiofeec', None, 'christian.konishi', 'juliombb', 'r204952', 'palmirasara', 'evenysle', 'l201332', 'oozaku', 'thalesrogerio', 'josehenriquerecio', 'joaoppagnan', 'matheusgmmendonca', 'v207054', 'juststopmenow', 'i174932', 'd169774', 'jee304419']"
8,372,106,9,6,"['serodio', 'marcosdiaz', 'luizeduardoaraujozucchi', 'matheusgmmendonca', 'juangalvez', 'ramireguilherme']",99,"['yalenanarvaez', 'c214570', 'daglis', 'gabriella', 'g171932', 'maronato', 'ppalves10', 'g169127', 'anaya.g2623', 'm156531', 'andreispurim', 'h174308', 'gnsoares', 'aaaaaaaa1', 'tanpeihan0511', 'dominguilherme', 'i217947', 'kadus27', 'fernandobrsales', 'lostinsocorro', 'vmmartinez2811', 'joaopedro', 'davicarvalho', 'y225901', 'thiagolim42', 'davidhallo88', 'w188684', 'f171043', 'lucask', 'kie190507', 'sciecode', 'm222157', 'r204993', 'jkruse', 'pietro1704', 'oozakudesu', 'mbatra310', 'gabriel_dutra', 'larafalquetob', 'ecegeekece', 'm175011', 'a212269', 'frerappa', 'j123765', 'thiagoms', 'mikesnure', 'j170582', 'mathbulhoes', 'd169649', 'prafael18', 'lcnzg', 'g172497', 'magodocona', 'mathepionorio', 'h236651', 'd169448', 'r186454', 'v206586', 'v225162', 'camilahyfhgf', 'b194658', 'j199681', 'g216116', 'cristiano.urban.slack', 'pengchenucla', 'i199092', 'm222059', 'leyte', 'hrilina12', 'l171941', 'igorp.lopes', 'i175460', 'matsano', 'znut', 'g155646', 'diogoteles08', 'g172185', 'gianluca.foti', 'cauan_newton', 'joe.stifler', 'b167869', 'heigon77', 'isa.caroline930', 'odeiofeec', 'christian.konishi', 'juliombb', 'r204952', 'palmirasara', 'evenysle', 'l201332', 'oozaku', 'thalesrogerio', 'josehenriquerecio', 'joaoppagnan', 'v207054', 'juststopmenow', 'i174932', 'd169774', 'jee304419']",3,"['t206043', 'a190710', None]",108,"['serodio', 'yalenanarvaez', 'c214570', 'daglis', 'gabriella', 'g171932', 'maronato', 'ppalves10', 'g169127', 'anaya.g2623', 'm156531', 'andreispurim', 'h174308', 'gnsoares', 'aaaaaaaa1', 'tanpeihan0511', 'marcosdiaz', 'dominguilherme', 'i217947', 'kadus27', 'fernandobrsales', 'lostinsocorro', 'vmmartinez2811', 'luizeduardoaraujozucchi', 'joaopedro', 'a190710', 'davicarvalho', 'y225901', 'thiagolim42', 'davidhallo88', 'w188684', 'f171043', 'lucask', 'kie190507', 'sciecode', 'm222157', 'r204993', 'jkruse', 'pietro1704', 'oozakudesu', 'mbatra310', 'juangalvez', 'gabriel_dutra', 'larafalquetob', 'ecegeekece', 'm175011', 'a212269', 't206043', 'frerappa', 'j123765', 'thiagoms', 'mikesnure', 'j170582', 'mathbulhoes', 'd169649', 'prafael18', 'lcnzg', 'g172497', 'magodocona', 'mathepionorio', 'h236651', 'd169448', 'r186454', 'v206586', 'v225162', 'camilahyfhgf', 'b194658', 'j199681', 'g216116', 'cristiano.urban.slack', 'pengchenucla', 'ramireguilherme', 'i199092', 'm222059', 'leyte', 'hrilina12', 'l171941', 'igorp.lopes', 'i175460', 'matsano', 'znut', 'g155646', 'diogoteles08', 'g172185', 'gianluca.foti', 'cauan_newton', 'joe.stifler', 'b167869', 'heigon77', 'isa.caroline930', 'odeiofeec', None, 'christian.konishi', 'juliombb', 'r204952', 'palmirasara', 'evenysle', 'l201332', 'oozaku', 'thalesrogerio', 'josehenriquerecio', 'joaoppagnan', 'matheusgmmendonca', 'v207054', 'juststopmenow', 'i174932', 'd169774', 'jee304419']"
8,399,106,9,6,"['davidhallo88', 'tanpeihan0511', 'yalenanarvaez', 'kie190507', 'gianluca.foti', 'pengchenucla']",99,"['serodio', 'c214570', 'daglis', 'gabriella', 'g171932', 'maronato', 'ppalves10', 'g169127', 'anaya.g2623', 'm156531', 'andreispurim', 'h174308', 'gnsoares', 'aaaaaaaa1', 'marcosdiaz', 'dominguilherme', 'i217947', 'kadus27', 'fernandobrsales', 'lostinsocorro', 'vmmartinez2811', 'luizeduardoaraujozucchi', 'joaopedro', 'davicarvalho', 'y225901', 'thiagolim42', 'w188684', 'f171043', 'lucask', 'sciecode', 'm222157', 'r204993', 'jkruse', 'pietro1704', 'oozakudesu', 'mbatra310', 'juangalvez', 'gabriel_dutra', 'larafalquetob', 'ecegeekece', 'm175011', 'a212269', 'frerappa', 'j123765', 'thiagoms', 'mikesnure', 'j170582', 'mathbulhoes', 'd169649', 'prafael18', 'lcnzg', 'g172497', 'magodocona', 'mathepionorio', 'h236651', 'd169448', 'r186454', 'v206586', 'v225162', 'camilahyfhgf', 'b194658', 'j199681', 'g216116', 'cristiano.urban.slack', 'ramireguilherme', 'i199092', 'm222059', 'leyte', 'hrilina12', 'l171941', 'igorp.lopes', 'i175460', 'matsano', 'znut', 'g155646', 'diogoteles08', 'g172185', 'cauan_newton', 'joe.stifler', 'b167869', 'heigon77', 'isa.caroline930', 'odeiofeec', 'christian.konishi', 'juliombb', 'r204952', 'palmirasara', 'evenysle', 'l201332', 'oozaku', 'thalesrogerio', 'josehenriquerecio', 'joaoppagnan', 'matheusgmmendonca', 'v207054', 'juststopmenow', 'i174932', 'd169774', 'jee304419']",3,"[None, 'drbburcham', 'sharifah_fatmadiana']",108,"['serodio', 'yalenanarvaez', 'c214570', 'daglis', 'gabriella', 'g171932', 'maronato', 'ppalves10', 'g169127', 'anaya.g2623', 'm156531', 'andreispurim', 'h174308', 'gnsoares', 'aaaaaaaa1', 'tanpeihan0511', 'marcosdiaz', 'dominguilherme', 'i217947', 'kadus27', 'fernandobrsales', 'lostinsocorro', 'vmmartinez2811', 'luizeduardoaraujozucchi', 'joaopedro', 'davicarvalho', 'y225901', 'thiagolim42', 'davidhallo88', 'w188684', 'f171043', 'lucask', 'kie190507', 'sciecode', 'm222157', 'r204993', 'jkruse', 'pietro1704', 'oozakudesu', 'mbatra310', 'juangalvez', 'gabriel_dutra', 'larafalquetob', 'ecegeekece', 'm175011', 'a212269', 'drbburcham', 'frerappa', 'j123765', 'thiagoms', 'mikesnure', 'j170582', 'mathbulhoes', 'd169649', 'prafael18', 'lcnzg', 'g172497', 'magodocona', 'mathepionorio', 'h236651', 'd169448', 'r186454', 'v206586', 'v225162', 'camilahyfhgf', 'b194658', 'j199681', 'g216116', 'cristiano.urban.slack', 'pengchenucla', 'ramireguilherme', 'i199092', 'm222059', 'leyte', 'hrilina12', 'l171941', 'igorp.lopes', 'sharifah_fatmadiana', 'i175460', 'matsano', 'znut', 'g155646', 'diogoteles08', 'g172185', 'gianluca.foti', 'cauan_newton', 'joe.stifler', 'b167869', 'heigon77', 'isa.caroline930', 'odeiofeec', None, 'christian.konishi', 'juliombb', 'r204952', 'palmirasara', 'evenysle', 'l201332', 'oozaku', 'thalesrogerio', 'josehenriquerecio', 'joaoppagnan', 'matheusgmmendonca', 'v207054', 'juststopmenow', 'i174932', 'd169774', 'jee304419']"
9,104,96,236,6,"['benbcasler', 'selkin', 'acemagna', 'reasato', 'ellingtj', 'eponsdel']",89,"['kpastirk', 'jfcorrigan', 'kimura', 'neha3007', 'hdawes', 'ray41705', 'jone1429', 'pjhennessey24', 'zhangruichao2000', 'dobos', 'gzimmer', 'gkao', 'brioschima', 'smourtza', 'jinalkapadia29', 'agarci33', '649899757b', 'arunkhanna00', 'numsontechno', 'liueddyxinlue', 'mquinan1', 'smutkus', 'arambhi2510', 'jonescw79', 'michael.davidshofer', 'isaskey', 'shreyadevkar12', 'anuradha.saxena.work', 'jhalsey3', 'cdeppen', 'bmirvish', 'jimmievsalazar', 'jahnaviak.11', 'kstrin01', 'brace1', 'yuminghym', 'cpuc', 'hsymond', 'cesarnr21', 'biomed1998', 'jgiganti', 'bbode', 'jkuchler', 'jingxinwang8', 'john2381', 'levy27', 'yousifalayoub', 'sgu20131429', 'renato.maritato', 'mmerchs11', 'stubbsj15', 'mittman.eric', 'adeel_ali', 'ander568', 'rogunjimi', 'obohorqu', 'sebastianczaja7', 'andreaaddison91', 'cscaring', 'lalshawi', 'federico.frezza96', 'jack.cieslik', 'ezthunder001', 'gdavis12', 'cpkaschalk', 'wschaff1', 'tylereaslick', 'norbittron88', 'mclark47', 'cjohns85', 'ryanhaack04', 'mrossign', 'yingningfan', 'noh12', 'scottkenning3', 'lakaiola1128', 'kdelawde', 'doannguyen.1', 'parryc', 'shivamkundan1', 'tolerl', 'sasha9', 'archboldalan', 'rrayarot', 'nkondrath', 'gutman', 'owenward', 'jcieslik', 'chutoratarac']",230,"['mart1380', 'wisler0', 'jmickow', 'mbraner', 'jaloi', 'cdtorres', 'lowe77.purdue', 'cregers', 'engc', 'spear9', 'dmassow', 'abelkiew', 'jin376', 'lee2614', 'jdumblet', 'etitheyeti98', 'rumplem', 'dragoneye', 'mohdshah', 'tl0120', 'bcaffert', 'ccurto', 'amcgoff', 'smit3177', 'freyg', 'dkuen', 'suixiong8', 'butchko', 'pillai7', 'mohanc', 'chen2122', 'xing36', 'zubik', 'ewilhite', 'bpolinsk', 'chung189', 'rweedon', 'abosshar', 'gupta393', 'rasato', 'mpisoni', 'efeldman', 'cmenden', 'eashburn', 'richg', 'payne71', 'awoodwa', 'yshousha', 'msulaima', 'kvansan', 'cccyyj720', 'klipiszk', 'cheeseballs99', 'edreifue', 'harri670', 'lawrencr', 'chao26', 'reweedon', 'strachan', 'kinserc', 'dangratz99', 'ckeiper', 'jmacatan', 'gcesar', 'deane1', 'apanuga', 'ftangpoo', 'daviskahmann', 'justindcambridge', 'mmohdzai', 'tglavan', 'iyengar1', 'hschennu', 'gjensen', 'ctow', 'adams410', 'ceckstein922', 'tdarmon20', 'atruver', 'nhuntine', 'abhilash.bora97', 'ellis99', 'agrillo', 'nail', 'kozelr', 'xul9044', 'natoli0', 'aperitor', 'bowman96', 'stapletl', 'mart1391', 'rdesmond', 'woo49', 'jess24', 'terry51', None, 'kiefern', 'jiang655', 'smit3184', 'butzz', 'mcurto', 'dkuenzel1', 'brewer66', 'hopkin43', 'hill399', 'mtbarrette01', 'bkeel', 'yang1865', 'cvasq69', 'akick', 'rturk8292', 'ydichenk', 'malhamm', 'mynameisjohn', 'wonhyukdo', 'lyanni', 'kumar212', 'sedgerto', 'growsell', 'pickera', 'slillig', 'mfess', 'richtern', 'mmshank16', 'lmackin', 'jboulayd', 'stockb', 'flore170', 'shank8', 'bgrandst', 'gleasonb', 'mtrivell', 'choi333', 'gnishibu', 'glevine', 'li3604', 'allnic21', 'behrr', 'ghosh36', 'stark22', 'lm45000', 'anniebreidinger', 'bwitchie', 'ander754', 'davidrgowan', 'maderm', 'jeigenbr', 'peck28', 'aleidli', 'rhinesj', 'hsmoke', 'kocher1', 'yeungd', 'osantang', 'racroth35', 'singer15', 'heidi.hansen33', 'jhulsize', 'tnoor', 'saboa', 'elikroller', 'ali113', 'eloewe', 'jbuehrle', 'dewittl', 'mudd3', 'nfei', 'kweidem', 'daveguo614', 'zhao988', 'schuman1', 'aaprelik', 'torreschr', 'everbru', 'abano', 'nathanbaker3889', 'jlorah', 'chiang56', 'shethm', 'srothsch', 'xose.amo', 'lthursto', 'siu2', 'deshmukp', 'jnasiboov', 'ltoy', 'schro118', 'li2722', 'sgrzych', 'bamorim', 'lauerc', 'dixon82', 'emarches', 'egarayev', 'awennin', 'hamel0', 'wang3138', 'li2709', 'verma52', 'zhan2846', 'bullock8', 'mill2119', 'white559', 'shoafn', 'hillej', 'amoravec', 'george92', 'alotaib6', 'costel10', 'yount', 'jfitzhu', 'colewilloughby1125', 'dlarocco', 'marito', 'tpownell', 'mishra94', 'lrigsbee', 'eashanpsn', 'goodma27', 'uuraechu', 'adamdmiller17', 'liu2512', 'kbebris', 'ecave', 'vkolar', 'rollere', 'ross217', '17scotta', 'mcginn1', 'kzeligso']",325,"['mart1380', 'selkin', 'kpastirk', 'cdtorres', 'lowe77.purdue', 'cregers', 'engc', 'jin376', 'lee2614', 'jdumblet', 'rumplem', 'neha3007', 'mohdshah', 'hdawes', 'jone1429', 'pjhennessey24', 'zhangruichao2000', 'ccurto', 'amcgoff', 'dkuen', 'pillai7', 'gzimmer', '649899757b', 'jinalkapadia29', 'agarci33', 'chen2122', 'arunkhanna00', 'zubik', 'ewilhite', 'numsontechno', 'abosshar', 'gupta393', 'liueddyxinlue', 'cmenden', 'eashburn', 'richg', 'awoodwa', 'yshousha', 'smutkus', 'kvansan', 'arambhi2510', 'reweedon', 'ckeiper', 'klipiszk', 'jmacatan', 'lawrencr', 'cheeseballs99', 'harri670', 'michael.davidshofer', 'isaskey', 'shreyadevkar12', 'kinserc', 'dangratz99', 'gcesar', 'apanuga', 'ftangpoo', 'daviskahmann', 'justindcambridge', 'cdeppen', 'mmohdzai', 'bmirvish', 'tglavan', 'iyengar1', 'jimmievsalazar', 'jahnaviak.11', 'gjensen', 'ceckstein922', 'tdarmon20', 'atruver', 'abhilash.bora97', 'hsymond', 'mart1391', 'rdesmond', 'cesarnr21', 'biomed1998', 'woo49', 'jess24', 'terry51', 'bbode', None, 'kiefern', 'jiang655', 'jingxinwang8', 'butzz', 'john2381', 'levy27', 'yousifalayoub', 'hopkin43', 'mmerchs11', 'stubbsj15', 'mtbarrette01', 'bkeel', 'yang1865', 'akick', 'rturk8292', 'ydichenk', 'malhamm', 'mittman.eric', 'mynameisjohn', 'lyanni', 'kumar212', 'growsell', 'pickera', 'slillig', 'mfess', 'adeel_ali', 'richtern', 'lmackin', 'jboulayd', 'ander568', 'rogunjimi', 'stockb', 'flore170', 'shank8', 'ellingtj', 'choi333', 'li3604', 'federico.frezza96', 'stark22', 'jack.cieslik', 'ezthunder001', 'gdavis12', 'lm45000', 'anniebreidinger', 'ander754', 'davidrgowan', 'maderm', 'jeigenbr', 'kocher1', 'yeungd', 'racroth35', 'singer15', 'heidi.hansen33', 'jhulsize', 'tnoor', 'elikroller', 'ali113', 'jbuehrle', 'mclark47', 'dewittl', 'mudd3', 'aaprelik', 'abano', 'ryanhaack04', 'mrossign', 'shethm', 'yingningfan', 'siu2', 'jnasiboov', 'scottkenning3', 'acemagna', 'lauerc', 'dixon82', 'kdelawde', 'emarches', 'doannguyen.1', 'verma52', 'zhan2846', 'white559', 'shivamkundan1', 'hillej', 'yount', 'sasha9', 'marito', 'archboldalan', 'uuraechu', 'adamdmiller17', 'nkondrath', 'gutman', 'liu2512', 'ecave', 'vkolar', 'owenward', 'jcieslik', 'kzeligso', 'wisler0', 'jmickow', 'mbraner', 'jaloi', 'spear9', 'dmassow', 'abelkiew', 'jfcorrigan', 'etitheyeti98', 'kimura', 'dragoneye', 'tl0120', 'ray41705', 'bcaffert', 'smit3177', 'dobos', 'freyg', 'suixiong8', 'butchko', 'mohanc', 'gkao', 'brioschima', 'smourtza', 'xing36', 'rweedon', 'bpolinsk', 'chung189', 'rasato', 'mpisoni', 'efeldman', 'payne71', 'mquinan1', 'msulaima', 'cccyyj720', 'brewer66', 'edreifue', 'jonescw79', 'chao26', 'strachan', 'anuradha.saxena.work', 'jhalsey3', 'deane1', 'hschennu', 'ctow', 'kstrin01', 'adams410', 'brace1', 'yuminghym', 'cpuc', 'nhuntine', 'ellis99', 'agrillo', 'nail', 'kozelr', 'xul9044', 'natoli0', 'aperitor', 'bowman96', 'stapletl', 'jgiganti', 'jkuchler', 'smit3184', 'benbcasler', 'mcurto', 'reasato', 'dkuenzel1', 'sgu20131429', 'renato.maritato', 'hill399', 'cvasq69', 'wonhyukdo', 'sedgerto', 'mmshank16', 'obohorqu', 'bgrandst', 'gleasonb', 'mtrivell', 'gnishibu', 'sebastianczaja7', 'andreaaddison91', 'cscaring', 'glevine', 'allnic21', 'behrr', 'lalshawi', 'ghosh36', 'bwitchie', 'cpkaschalk', 'peck28', 'aleidli', 'rhinesj', 'hsmoke', 'wschaff1', 'osantang', 'tylereaslick', 'saboa', 'norbittron88', 'eloewe', 'nfei', 'kweidem', 'daveguo614', 'cjohns85', 'zhao988', 'schuman1', 'torreschr', 'everbru', 'nathanbaker3889', 'jlorah', 'chiang56', 'srothsch', 'xose.amo', 'noh12', 'eponsdel', 'lthursto', 'deshmukp', 'ltoy', 'schro118', 'li2722', 'sgrzych', 'lakaiola1128', 'bamorim', 'awennin', 'egarayev', 'hamel0', 'wang3138', 'li2709', 'bullock8', 'parryc', 'mill2119', 'shoafn', 'amoravec', 'george92', 'alotaib6', 'costel10', 'jfitzhu', 'tolerl', 'colewilloughby1125', 'dlarocco', 'tpownell', 'mishra94', 'lrigsbee', 'eashanpsn', 'rrayarot', 'goodma27', 'kbebris', 'rollere', 'ross217', '17scotta', 'mcginn1', 'chutoratarac']"
9,107,96,38,31,"['michael.davidshofer', 'cjohns85', 'jhalsey3', 'kpastirk', 'ryanhaack04', 'mrossign', 'kdelawde', 'rogunjimi', 'kstrin01', 'cpuc', 'hdawes', 'obohorqu', 'sebastianczaja7', 'cscaring', 'pjhennessey24', 'gdavis12', 'cesarnr21', 'gzimmer', 'agarci33', 'jgiganti', 'bbode', 'jkuchler', 'wschaff1', 'tylereaslick', 'nkondrath', 'mquinan1', 'smutkus', 'mclark47', 'renato.maritato', 'owenward', 'jcieslik']",64,"['isaskey', 'shreyadevkar12', 'anuradha.saxena.work', 'selkin', 'mittman.eric', 'yingningfan', 'cdeppen', 'noh12', 'eponsdel', 'bmirvish', 'jfcorrigan', 'scottkenning3', 'jimmievsalazar', 'acemagna', 'lakaiola1128', 'adeel_ali', 'jahnaviak.11', 'ander568', 'brace1', 'yuminghym', 'kimura', 'neha3007', 'doannguyen.1', 'ray41705', 'ellingtj', 'parryc', 'shivamkundan1', 'jone1429', 'andreaaddison91', 'zhangruichao2000', 'lalshawi', 'dobos', 'hsymond', 'federico.frezza96', 'tolerl', 'jack.cieslik', 'ezthunder001', 'sasha9', 'gkao', 'brioschima', 'smourtza', 'jinalkapadia29', '649899757b', 'biomed1998', 'cpkaschalk', 'archboldalan', 'arunkhanna00', 'rrayarot', 'jingxinwang8', 'numsontechno', 'benbcasler', 'john2381', 'gutman', 'liueddyxinlue', 'levy27', 'reasato', 'yousifalayoub', 'norbittron88', 'sgu20131429', 'arambhi2510', 'mmerchs11', 'stubbsj15', 'jonescw79', 'chutoratarac']",7,"['mgallagher3712', 'brutongaster', 'augustusbonacci55', 'pdethlef', 'nconkli1', 'jpauls1', None]",102,"['selkin', 'kpastirk', 'nconkli1', 'mittman.eric', 'jfcorrigan', 'adeel_ali', 'ander568', 'rogunjimi', 'kimura', 'neha3007', 'hdawes', 'ray41705', 'obohorqu', 'ellingtj', 'sebastianczaja7', 'jone1429', 'andreaaddison91', 'pjhennessey24', 'zhangruichao2000', 'cscaring', 'lalshawi', 'dobos', 'federico.frezza96', 'jack.cieslik', 'ezthunder001', 'gdavis12', 'brutongaster', 'gzimmer', 'gkao', 'brioschima', 'smourtza', 'jinalkapadia29', 'agarci33', '649899757b', 'cpkaschalk', 'owenward', 'arunkhanna00', 'wschaff1', 'numsontechno', 'tylereaslick', 'liueddyxinlue', 'mquinan1', 'norbittron88', 'smutkus', 'mclark47', 'arambhi2510', 'jpauls1', 'mgallagher3712', 'jonescw79', 'michael.davidshofer', 'isaskey', 'shreyadevkar12', 'anuradha.saxena.work', 'cjohns85', 'jhalsey3', 'ryanhaack04', 'mrossign', 'yingningfan', 'cdeppen', 'noh12', 'eponsdel', 'bmirvish', 'scottkenning3', 'jimmievsalazar', 'acemagna', 'lakaiola1128', 'jahnaviak.11', 'kstrin01', 'kdelawde', 'brace1', 'yuminghym', 'doannguyen.1', 'cpuc', 'parryc', 'shivamkundan1', 'hsymond', 'tolerl', 'sasha9', 'cesarnr21', 'archboldalan', 'biomed1998', 'jgiganti', 'bbode', None, 'jkuchler', 'rrayarot', 'jingxinwang8', 'benbcasler', 'john2381', 'nkondrath', 'gutman', 'levy27', 'augustusbonacci55', 'reasato', 'yousifalayoub', 'pdethlef', 'sgu20131429', 'renato.maritato', 'mmerchs11', 'stubbsj15', 'jcieslik', 'chutoratarac']"
9,102,96,34,29,"['michael.davidshofer', 'cjohns85', 'jhalsey3', 'kpastirk', 'mrossign', 'kdelawde', 'rogunjimi', 'kstrin01', 'cpuc', 'hdawes', 'obohorqu', 'cscaring', 'pjhennessey24', 'jack.cieslik', 'gdavis12', 'cesarnr21', 'gzimmer', 'smourtza', 'agarci33', 'cpkaschalk', 'jgiganti', 'bbode', 'jkuchler', 'wschaff1', 'nkondrath', 'mquinan1', 'smutkus', 'mclark47', 'owenward']",66,"['isaskey', 'shreyadevkar12', 'anuradha.saxena.work', 'jcieslik', 'selkin', 'ryanhaack04', 'mittman.eric', 'yingningfan', 'cdeppen', 'noh12', 'eponsdel', 'bmirvish', 'jfcorrigan', 'scottkenning3', 'jimmievsalazar', 'acemagna', 'lakaiola1128', 'adeel_ali', 'jahnaviak.11', 'ander568', 'brace1', 'yuminghym', 'kimura', 'neha3007', 'doannguyen.1', 'ray41705', 'ellingtj', 'parryc', 'sebastianczaja7', 'jone1429', 'andreaaddison91', 'shivamkundan1', 'zhangruichao2000', 'lalshawi', 'dobos', 'hsymond', 'federico.frezza96', 'tolerl', 'ezthunder001', 'sasha9', 'gkao', 'brioschima', '649899757b', 'jinalkapadia29', 'biomed1998', 'archboldalan', 'arunkhanna00', 'rrayarot', 'jingxinwang8', 'numsontechno', 'tylereaslick', 'benbcasler', 'john2381', 'gutman', 'liueddyxinlue', 'levy27', 'reasato', 'yousifalayoub', 'norbittron88', 'sgu20131429', 'renato.maritato', 'arambhi2510', 'mmerchs11', 'stubbsj15', 'jonescw79', 'chutoratarac']",5,"['rmaritat', 'nconkli1', None, 'jpauls1', 'mgallagher3712']",100,"['selkin', 'kpastirk', 'nconkli1', 'mittman.eric', 'jfcorrigan', 'adeel_ali', 'ander568', 'rogunjimi', 'kimura', 'neha3007', 'hdawes', 'ray41705', 'obohorqu', 'ellingtj', 'sebastianczaja7', 'jone1429', 'andreaaddison91', 'pjhennessey24', 'zhangruichao2000', 'cscaring', 'lalshawi', 'dobos', 'federico.frezza96', 'jack.cieslik', 'ezthunder001', 'gdavis12', 'gzimmer', 'gkao', 'brioschima', 'smourtza', 'jinalkapadia29', 'agarci33', '649899757b', 'cpkaschalk', 'owenward', 'arunkhanna00', 'wschaff1', 'numsontechno', 'tylereaslick', 'liueddyxinlue', 'mquinan1', 'norbittron88', 'smutkus', 'mclark47', 'arambhi2510', 'jpauls1', 'mgallagher3712', 'jonescw79', 'michael.davidshofer', 'isaskey', 'shreyadevkar12', 'anuradha.saxena.work', 'cjohns85', 'jhalsey3', 'ryanhaack04', 'mrossign', 'yingningfan', 'cdeppen', 'noh12', 'eponsdel', 'bmirvish', 'scottkenning3', 'jimmievsalazar', 'acemagna', 'lakaiola1128', 'jahnaviak.11', 'kstrin01', 'kdelawde', 'brace1', 'yuminghym', 'doannguyen.1', 'cpuc', 'parryc', 'shivamkundan1', 'hsymond', 'tolerl', 'sasha9', 'cesarnr21', 'archboldalan', 'biomed1998', 'jgiganti', 'bbode', None, 'jkuchler', 'rrayarot', 'jingxinwang8', 'benbcasler', 'john2381', 'nkondrath', 'gutman', 'levy27', 'reasato', 'yousifalayoub', 'rmaritat', 'sgu20131429', 'renato.maritato', 'mmerchs11', 'stubbsj15', 'jcieslik', 'chutoratarac']"
9,103,96,31,21,"['selkin', 'yingningfan', 'noh12', 'eponsdel', 'cdeppen', 'bmirvish', 'scottkenning3', 'ander568', 'yuminghym', 'kimura', 'jone1429', 'zhangruichao2000', 'hsymond', 'dobos', 'gkao', 'jingxinwang8', 'gutman', 'liueddyxinlue', 'levy27', 'stubbsj15', 'jonescw79']",74,"['michael.davidshofer', 'isaskey', 'shreyadevkar12', 'anuradha.saxena.work', 'cjohns85', 'kpastirk', 'jhalsey3', 'ryanhaack04', 'mrossign', 'mittman.eric', 'jfcorrigan', 'jimmievsalazar', 'acemagna', 'lakaiola1128', 'adeel_ali', 'jahnaviak.11', 'kstrin01', 'rogunjimi', 'kdelawde', 'brace1', 'neha3007', 'doannguyen.1', 'cpuc', 'hdawes', 'ray41705', 'obohorqu', 'ellingtj', 'parryc', 'sebastianczaja7', 'andreaaddison91', 'cscaring', 'pjhennessey24', 'shivamkundan1', 'lalshawi', 'federico.frezza96', 'tolerl', 'jack.cieslik', 'ezthunder001', 'gdavis12', 'sasha9', 'cesarnr21', 'gzimmer', 'brioschima', '649899757b', 'smourtza', 'jinalkapadia29', 'agarci33', 'biomed1998', 'cpkaschalk', 'jgiganti', 'archboldalan', 'bbode', 'arunkhanna00', 'jkuchler', 'wschaff1', 'rrayarot', 'numsontechno', 'tylereaslick', 'benbcasler', 'john2381', 'nkondrath', 'reasato', 'yousifalayoub', 'mquinan1', 'norbittron88', 'smutkus', 'sgu20131429', 'mclark47', 'renato.maritato', 'arambhi2510', 'mmerchs11', 'owenward', 'jcieslik', 'chutoratarac']",10,"['son27', 'gupta393', 'bamorim', 'richtern', 'lauerc', 'rollere', 'awoodwa', 'bullock8', None, 'dragoneye']",105,"['selkin', 'kpastirk', 'mittman.eric', 'jfcorrigan', 'adeel_ali', 'richtern', 'ander568', 'rogunjimi', 'kimura', 'neha3007', 'dragoneye', 'hdawes', 'ray41705', 'obohorqu', 'ellingtj', 'sebastianczaja7', 'jone1429', 'andreaaddison91', 'pjhennessey24', 'zhangruichao2000', 'cscaring', 'lalshawi', 'dobos', 'federico.frezza96', 'jack.cieslik', 'ezthunder001', 'gdavis12', 'gzimmer', 'gkao', 'brioschima', 'smourtza', 'jinalkapadia29', 'agarci33', '649899757b', 'cpkaschalk', 'owenward', 'arunkhanna00', 'wschaff1', 'numsontechno', 'tylereaslick', 'gupta393', 'liueddyxinlue', 'awoodwa', 'mquinan1', 'norbittron88', 'smutkus', 'mclark47', 'arambhi2510', 'jonescw79', 'michael.davidshofer', 'isaskey', 'shreyadevkar12', 'anuradha.saxena.work', 'cjohns85', 'jhalsey3', 'ryanhaack04', 'mrossign', 'yingningfan', 'cdeppen', 'noh12', 'eponsdel', 'bmirvish', 'scottkenning3', 'son27', 'jimmievsalazar', 'acemagna', 'lakaiola1128', 'bamorim', 'jahnaviak.11', 'lauerc', 'kstrin01', 'kdelawde', 'brace1', 'yuminghym', 'doannguyen.1', 'cpuc', 'bullock8', 'parryc', 'shivamkundan1', 'hsymond', 'tolerl', 'sasha9', 'cesarnr21', 'archboldalan', 'biomed1998', 'jgiganti', 'bbode', None, 'jkuchler', 'rrayarot', 'jingxinwang8', 'benbcasler', 'john2381', 'nkondrath', 'gutman', 'levy27', 'rollere', 'reasato', 'yousifalayoub', 'sgu20131429', 'renato.maritato', 'mmerchs11', 'stubbsj15', 'jcieslik', 'chutoratarac']"
9,109,96,29,2,"['archboldalan', 'mmerchs11']",93,"['selkin', 'kpastirk', 'jfcorrigan', 'kimura', 'neha3007', 'hdawes', 'ray41705', 'jone1429', 'pjhennessey24', 'zhangruichao2000', 'dobos', 'gzimmer', 'gkao', 'brioschima', 'smourtza', 'jinalkapadia29', 'agarci33', '649899757b', 'arunkhanna00', 'numsontechno', 'liueddyxinlue', 'mquinan1', 'smutkus', 'arambhi2510', 'jonescw79', 'michael.davidshofer', 'isaskey', 'shreyadevkar12', 'anuradha.saxena.work', 'jhalsey3', 'cdeppen', 'bmirvish', 'jimmievsalazar', 'jahnaviak.11', 'kstrin01', 'brace1', 'yuminghym', 'cpuc', 'hsymond', 'cesarnr21', 'biomed1998', 'jgiganti', 'bbode', 'jkuchler', 'jingxinwang8', 'benbcasler', 'john2381', 'levy27', 'reasato', 'yousifalayoub', 'sgu20131429', 'renato.maritato', 'stubbsj15', 'mittman.eric', 'adeel_ali', 'ander568', 'rogunjimi', 'obohorqu', 'ellingtj', 'sebastianczaja7', 'andreaaddison91', 'cscaring', 'lalshawi', 'federico.frezza96', 'jack.cieslik', 'ezthunder001', 'gdavis12', 'cpkaschalk', 'wschaff1', 'tylereaslick', 'norbittron88', 'mclark47', 'cjohns85', 'ryanhaack04', 'mrossign', 'yingningfan', 'noh12', 'eponsdel', 'scottkenning3', 'acemagna', 'lakaiola1128', 'kdelawde', 'doannguyen.1', 'parryc', 'shivamkundan1', 'tolerl', 'sasha9', 'rrayarot', 'nkondrath', 'gutman', 'owenward', 'jcieslik', 'chutoratarac']",27,"['wsequeda', 'juan.yate.alcala', 'sergio.gomez', 'jaimesariasmjose', 'sebuchaspinzon', 'julieth.pch', 'alizarazo1204', 'dafersa2000', 'danielalejandro133', 'kevingonzalez', 'ss728', 'mafetatr', 'sebastianmolano1708', 'armandosernasc', 'jdiego1216', 'juannangara', 'cesar310', 'dmartinezcu', None, 'karlafernanda2524', 'jchavezmass', 'gf.gonzalez', 's.leonaviles152915', 'cristiandvm1999', 'jpcdecolombia', 'martindanielrm15', 'lgamba56']",122,"['selkin', 'kpastirk', 'mittman.eric', 'jfcorrigan', 'ss728', 'adeel_ali', 'ander568', 'rogunjimi', 'kimura', 'neha3007', 'hdawes', 'ray41705', 'obohorqu', 'ellingtj', 'sebastianczaja7', 'jone1429', 'andreaaddison91', 'pjhennessey24', 'zhangruichao2000', 'cscaring', 'mafetatr', 'lalshawi', 'dobos', 'federico.frezza96', 'jdiego1216', 'jack.cieslik', 'ezthunder001', 'gdavis12', 'gzimmer', 'gkao', 'brioschima', 'smourtza', 'jinalkapadia29', 'agarci33', '649899757b', 'cpkaschalk', 'owenward', 'arunkhanna00', 'wschaff1', 'numsontechno', 'tylereaslick', 'gf.gonzalez', 'liueddyxinlue', 'mquinan1', 'norbittron88', 'cristiandvm1999', 'smutkus', 'mclark47', 'arambhi2510', 'jonescw79', 'martindanielrm15', 'jaimesariasmjose', 'michael.davidshofer', 'isaskey', 'shreyadevkar12', 'anuradha.saxena.work', 'cjohns85', 'wsequeda', 'jhalsey3', 'sergio.gomez', 'ryanhaack04', 'mrossign', 'juan.yate.alcala', 'sebuchaspinzon', 'julieth.pch', 'lgamba56', 'yingningfan', 'alizarazo1204', 'cdeppen', 'noh12', 'eponsdel', 'dafersa2000', 'bmirvish', 'danielalejandro133', 'scottkenning3', 'kevingonzalez', 'jimmievsalazar', 'acemagna', 'lakaiola1128', 'jahnaviak.11', 'kstrin01', 'kdelawde', 'brace1', 'yuminghym', 'doannguyen.1', 'cpuc', 'parryc', 'shivamkundan1', 'sebastianmolano1708', 'armandosernasc', 'hsymond', 'tolerl', 'juannangara', 'sasha9', 'cesarnr21', 'archboldalan', 'biomed1998', 'jgiganti', 'cesar310', 'dmartinezcu', 'bbode', None, 'jkuchler', 'rrayarot', 'jingxinwang8', 'karlafernanda2524', 'jchavezmass', 'benbcasler', 'john2381', 'nkondrath', 'gutman', 'levy27', 's.leonaviles152915', 'reasato', 'yousifalayoub', 'jpcdecolombia', 'sgu20131429', 'renato.maritato', 'mmerchs11', 'stubbsj15', 'jcieslik', 'chutoratarac']"
10,455,72,26,24,"['sreeharshatetta', 'vincenzomaria', 'gabriele.bossettini', 'santimarting', 'sergiodg97', 'bettamin.dario', 'francesco96', 's276114', 'lyr', 'loui3zhang97', 'stefano.belliardo', 'nikoleballa', 'libanese', 'minguccio', 'alessandrocasto', 'spammm072', 'andreaf93', 'ertarallo95', 'samuelemancuso', 'alesalve', 'mclpazzagli', 'francesco_lucherini', 'stramaele', 'carmelobua']",47,"['dariobas', 'luigi108', 'lacchiffo', 'gendes', 'stefanotrentini1997', 'alihijazi', 'sevda16', 'mat96pr', 'paoloporfino', 'ricuccipasquale95', 'marselballa22', 'nitinnair98', 'caty9619', 'andrea9gallo', 'pierm96', 'onurhan276776', 'marco.castaldi501', 'carlo.galfione', 'dodo301297', 'salvocar97', 'mister_moran', 'giuseppe97', 'oscaralejo.mena', 'samuele.renda', 'donatoalessandro.isernia', 'arav1396', 'sambuddy96', 'cecilia.pierp', 'robb25', 'st.felicioni', 'matteomercuri', 'edoardo97', '10enricogiglio', 'elisabettacasto6', 'stefano.dagostino97', 'tohid.mohseni', 'gio97', 'assylbek_kairov', 'alexandercage97', 'caoyang', 'manplaza', 'castagnamatteo790', 'bilal.yosafzai57', 'werle.jeremy38', 'jgreg96', 'dariodicensi', 'cataluccigiulio']",2,"['matteo.fasano', None]",73,"['dariobas', 'luigi108', 'vincenzomaria', 'gabriele.bossettini', 'santimarting', 'alihijazi', 'sevda16', 'mat96pr', 'paoloporfino', 'ricuccipasquale95', 's276114', 'marselballa22', 'carlo.galfione', 'dodo301297', 'salvocar97', 'nikoleballa', 'mister_moran', 'giuseppe97', 'samuele.renda', 'alessandrocasto', 'cecilia.pierp', 'robb25', 'spammm072', 'matteo.fasano', 'matteomercuri', 'alesalve', 'tohid.mohseni', 'francesco_lucherini', 'alexandercage97', 'manplaza', 'lacchiffo', 'sreeharshatetta', 'gendes', 'stefanotrentini1997', 'sergiodg97', 'bettamin.dario', 'francesco96', 'nitinnair98', 'caty9619', 'lyr', 'loui3zhang97', 'andrea9gallo', 'pierm96', 'onurhan276776', 'stefano.belliardo', 'marco.castaldi501', 'oscaralejo.mena', 'libanese', 'donatoalessandro.isernia', 'minguccio', 'arav1396', 'sambuddy96', 'andreaf93', 'st.felicioni', 'edoardo97', '10enricogiglio', 'elisabettacasto6', 'stefano.dagostino97', 'ertarallo95', 'samuelemancuso', None, 'gio97', 'mclpazzagli', 'assylbek_kairov', 'caoyang', 'castagnamatteo790', 'stramaele', 'bilal.yosafzai57', 'werle.jeremy38', 'carmelobua', 'jgreg96', 'dariodicensi', 'cataluccigiulio']"
10,456,72,8,6,"['tohid.mohseni', 'robb25', 'assylbek_kairov', 'lacchiffo', 'matteomercuri', 'cataluccigiulio']",65,"['dariobas', 'luigi108', 'vincenzomaria', 'gabriele.bossettini', 'santimarting', 'alihijazi', 'sevda16', 'mat96pr', 'paoloporfino', 'ricuccipasquale95', 's276114', 'marselballa22', 'carlo.galfione', 'dodo301297', 'salvocar97', 'nikoleballa', 'mister_moran', 'giuseppe97', 'samuele.renda', 'alessandrocasto', 'cecilia.pierp', 'spammm072', 'alesalve', 'francesco_lucherini', 'alexandercage97', 'manplaza', 'sreeharshatetta', 'gendes', 'stefanotrentini1997', 'sergiodg97', 'bettamin.dario', 'francesco96', 'nitinnair98', 'caty9619', 'lyr', 'loui3zhang97', 'andrea9gallo', 'pierm96', 'onurhan276776', 'stefano.belliardo', 'marco.castaldi501', 'oscaralejo.mena', 'libanese', 'donatoalessandro.isernia', 'minguccio', 'arav1396', 'sambuddy96', 'andreaf93', 'st.felicioni', 'edoardo97', '10enricogiglio', 'elisabettacasto6', 'stefano.dagostino97', 'ertarallo95', 'samuelemancuso', 'gio97', 'mclpazzagli', 'caoyang', 'castagnamatteo790', 'stramaele', 'bilal.yosafzai57', 'werle.jeremy38', 'carmelobua', 'jgreg96', 'dariodicensi']",2,"['matteo.fasano', None]",73,"['dariobas', 'luigi108', 'vincenzomaria', 'gabriele.bossettini', 'santimarting', 'alihijazi', 'sevda16', 'mat96pr', 'paoloporfino', 'ricuccipasquale95', 's276114', 'marselballa22', 'carlo.galfione', 'dodo301297', 'salvocar97', 'nikoleballa', 'mister_moran', 'giuseppe97', 'samuele.renda', 'alessandrocasto', 'cecilia.pierp', 'robb25', 'spammm072', 'matteo.fasano', 'matteomercuri', 'alesalve', 'tohid.mohseni', 'francesco_lucherini', 'alexandercage97', 'manplaza', 'lacchiffo', 'sreeharshatetta', 'gendes', 'stefanotrentini1997', 'sergiodg97', 'bettamin.dario', 'francesco96', 'nitinnair98', 'caty9619', 'lyr', 'loui3zhang97', 'andrea9gallo', 'pierm96', 'onurhan276776', 'stefano.belliardo', 'marco.castaldi501', 'oscaralejo.mena', 'libanese', 'donatoalessandro.isernia', 'minguccio', 'arav1396', 'sambuddy96', 'andreaf93', 'st.felicioni', 'edoardo97', '10enricogiglio', 'elisabettacasto6', 'stefano.dagostino97', 'ertarallo95', 'samuelemancuso', None, 'gio97', 'mclpazzagli', 'assylbek_kairov', 'caoyang', 'castagnamatteo790', 'stramaele', 'bilal.yosafzai57', 'werle.jeremy38', 'carmelobua', 'jgreg96', 'dariodicensi', 'cataluccigiulio']"
11,387,71,271,55,"['ghobashy445', 'hayejord', 'jenniferperez1', 'cicalesej', 'anamichelena', 'u1285150', 'b.isenberg', 'ylanbdr', 'reyda', 'matthewdailey', 'matthewleemle2', 'ludovick', 'bbatuhanbilecen', 'u0543041', 'itskatomall', 'jrichman99', 'gcxmoffice1994', 'kyserch', 'mcdonald.josh', 'francike', 'rricardo0324', 'kirollos.morcos.km', 'nes1011', 'sgu20151463', 'estalin', 'mtanzi', 'sallysong683', 'jakubpepas', 'bobbimatheson', 'u1121281', 'sherwmit', 'eserafimbortolazzo', 'therahuul', 'msubullies1', 'jonathan.balent', 'jedelkind0117', 'rachel.blaydes', 'naitix', 'vetterd', 'sportmonkey584', 'sschneider874', 'bassel0elgharbawy0', 'dbister', 'ignaciomilani', 'b.benson', 'mitchell.shields99', 'dbeciri45', 'coopjord', 'lukebidulka', 'student1000', 'siyuezheng', 'u1201859', 'rachelgjohnson', 'hancheyn', 'rohdej']",15,"['cd_bon', 'turin1366', 'zkkazi99', 'csparkes', 'lingyiw9954', 'pupochek', 'mitchellgg', 'killuaonizuka1999', 'edwhitlock', 'estalinalvarezalvarez', 'cciraci', 'tylervrd', 'petershn', 'msiq14', 'sgu20171498']",216,"['koakhyunji', 'alskdjfh6161', 'bha00001', 'kepco2020a', 'chohyundong12', 'manuel10suarez10', 'wjdekgus77', 'tristram', 'beper53', 'boody456366', 'xfiles', 'daniel.robin22', 'juansans98', 'anais3', 'nerwin', 'adrianhochgesang', 'ardisch123', 'xoanmayo', 'suyoneee', 'roychoudhuryaditya2019', 'adp5383', 'foojorge', 'lidiadom', 'aanupam3', 'miguel_fernandez', 'n3b3x', 'supernhtr', 'ryuhoin2002', 'fofi94', 'philg', 'jdanivc', 'cjs476', 'dmeyer1998', 'mis5660', 'anstjd1542', 'mertyamanoglu', 'cbnuleejinwoo', 'sooooooy314', 'gekco', 'emilioar', 'anstpdlffj3', 'sumintnals', 'gonserr', 'navya.k.shastri', 'bsusol2', 'georgeckchen', 'rhrna007', 'hellbomber101', 'ohh99o9', 'uxiavelca', 'chdu6864', 'nakkulab', 'hjshook', 'ekdms0894', 'antoramp', 'jmy0002', 'foghel96', 'raymondzhou227', 'dangover94', 'immmin6677', 'parkface94', 'pablosande98', 'kunge0054', 'ana.rmteo', 'josedamiangarcianoya', 'ye02', 'chzh1341', 'danielm78', 'marniesan', 'tmdorsey', 'titanking231', 'thomas.poulin', 'juho4523', 'aloptor', 'dale7283', 'palzmq', 'andrea.oldham97', 'jasperdeconinck', 'gipes', 'idargu90', 'xogus102929', 'nargene', 'xoangon', 'emt2', 'samuelfl', 'logankraus', 'giung0227', 'u0360918', 'ghtlstnf7', 'franktib2', 'ziyue2', 'finnclements', None, 'bw02203', 'dorxlqmdkdlel', 'cjsxodnd12', 'eunice98k', 'byeolguri', 'tjtks4730', 'johnlanghout', 'sukjunyeo', 'sabintandukar', 'lhc33820933', 'eogn1004', 'jhryu1994', 'exareivaj', 'mmartinezsanchez', 'taylordavis678', 'toast', 'kesu1234', 'dish1498', 'graceml2', 'qkslqksl951', 'yjn3492', 'myez', 'cmoauro2', 'mocha7411', 'jiaolh', 'jn12su27', 'yassminsabry', 'cbo3', 'zlapvmf', 'glevita2', 'jesusgiraldez', 'caetano.eirea', 'martinperezmaneiro', 'danielcondetorres', 'antonio25', 'dhkswk96', 'khfrum', 'marshallfrye', 'declanb', 'm0650104.ee06g', 'rbb0001', 'hyerim100600', 'zrm0001', 'juanjoseo', 'aia00001', 'pichoncillo1', 'petercp2', 'guillermocam', 'spazos', 'vandelei', '123whdxor', 'soddi1621', 'mauro_sg', 'socrat', 'qncowlf10', 'e.pmcrespo', 'mikesnure', 'wodnjssnsk12', 'abal2474', 'lsj4677', 'hs960531', 'yougyeongo', 'shabnashreej', 'doog9601', 'giacomo.bego', 'kendalhiatt', 'qwerty0637', 'corozco', 'yoojeong9925', 'tpollei', 'yoonek6719', 'lwang82', 'ezsamsuntung', 'axelbelgarde', 'thddpwls257', 'jeandavid', 'jaephago', 'andreagcoto', 'tnqls3409', 'jboniuk98', 'marcospascualin', 'dnlek12', 'iagomillanentenza', 'zaubin42', 'alberto4', 'mattmattmerrill', 'martinzapatamartinez', 'rygr8576', 'blake.ballou08', 'genius_p', 'nshamsi', 'chvk4161', 'htj1104', 'aht47', 'dariushkim', 'mehdibandali', 'clara.landesa', 'isaac.dominguez4444', 'junzed2', 'ganaaa12a', 'pablocl', 'qumo4329', 'latourem', 'tonni1912', 'jlkirk', 'macks', 'alw0039', 'rsp79', 'josig2011', 'ophelie10', 'k66773659', 'qottkf6194', 'iflueck2', 'piri940511', '5dustkd', 'dldnals2020', 'pedro.julian', 'carlosvigo1997', 'leesk4869', 'smdesrochers', 'hyerim1006000', 'giacomo.munari.1', 'ybso1566']",286,"['turin1366', 'jenniferperez1', 'cicalesej', 'bha00001', 'anamichelena', 'b.isenberg', 'chohyundong12', 'manuel10suarez10', 'tristram', 'beper53', 'xfiles', 'daniel.robin22', 'juansans98', 'anais3', 'adrianhochgesang', 'suyoneee', 'roychoudhuryaditya2019', 'edwhitlock', 'estalinalvarezalvarez', 'lidiadom', 'aanupam3', 'miguel_fernandez', 'supernhtr', 'ryuhoin2002', 'csparkes', 'mtanzi', 'cjs476', 'mertyamanoglu', 'cbnuleejinwoo', 'sooooooy314', 'gekco', 'gonserr', 'bsusol2', 'georgeckchen', 'hellbomber101', 'ohh99o9', 'uxiavelca', 'nakkulab', 'student1000', 'antoramp', 'siyuezheng', 'matthewdailey', 'immmin6677', 'sschneider874', 'parkface94', 'pablosande98', 'kunge0054', 'ye02', 'chzh1341', 'danielm78', 'marniesan', 'cciraci', 'matthewleemle2', 'bbatuhanbilecen', 'andrea.oldham97', 'idargu90', 'xogus102929', 'nes1011', 'xoangon', 'samuelfl', 'eserafimbortolazzo', 'rachel.blaydes', 'ghtlstnf7', 'vetterd', None, 'bw02203', 'coopjord', 'tjtks4730', 'petershn', 'hancheyn', 'lhc33820933', 'rohdej', 'lingyiw9954', 'jhryu1994', 'mmartinezsanchez', 'reyda', 'toast', 'kesu1234', 'dish1498', 'graceml2', 'qkslqksl951', 'u0543041', 'mocha7411', 'jiaolh', 'jn12su27', 'yassminsabry', 'estalin', 'glevita2', 'jesusgiraldez', 'caetano.eirea', 'dhkswk96', 'khfrum', 'msubullies1', 'm0650104.ee06g', 'rbb0001', 'bassel0elgharbawy0', 'aia00001', 'ignaciomilani', 'petercp2', 'mitchell.shields99', '123whdxor', 'soddi1621', 'mauro_sg', 'socrat', 'qncowlf10', 'mikesnure', 'abal2474', 'lsj4677', 'hs960531', 'yougyeongo', 'hayejord', 'giacomo.bego', 'qwerty0637', 'corozco', 'tpollei', 'yoonek6719', 'sgu20171498', 'axelbelgarde', 'jeandavid', 'andreagcoto', 'marcospascualin', 'dnlek12', 'zaubin42', 'martinzapatamartinez', 'rygr8576', 'jakubpepas', 'genius_p', 'nshamsi', 'chvk4161', 'dariushkim', 'therahuul', 'isaac.dominguez4444', 'junzed2', 'ganaaa12a', 'latourem', 'rsp79', 'josig2011', 'qottkf6194', 'iflueck2', 'dldnals2020', 'pedro.julian', 'leesk4869', 'dmeyer1998', 'hyerim1006000', 'koakhyunji', 'alskdjfh6161', 'kepco2020a', 'wjdekgus77', 'boody456366', 'nerwin', 'ardisch123', 'xoanmayo', 'zkkazi99', 'itskatomall', 'kyserch', 'adp5383', 'rricardo0324', 'foojorge', 'sgu20151463', 'n3b3x', 'fofi94', 'sallysong683', 'philg', 'jdanivc', 'mis5660', 'u1121281', 'anstjd1542', 'emilioar', 'anstpdlffj3', 'naitix', 'sumintnals', 'navya.k.shastri', 'rhrna007', 'chdu6864', 'hjshook', 'ekdms0894', 'jmy0002', 'foghel96', 'raymondzhou227', 'dangover94', 'ana.rmteo', 'josedamiangarcianoya', 'u1285150', 'ylanbdr', 'tmdorsey', 'titanking231', 'thomas.poulin', 'ludovick', 'juho4523', 'aloptor', 'dale7283', 'palzmq', 'jasperdeconinck', 'gipes', 'nargene', 'emt2', 'logankraus', 'bobbimatheson', 'giung0227', 'sherwmit', 'jonathan.balent', 'u0360918', 'franktib2', 'ziyue2', 'finnclements', 'dbister', 'dorxlqmdkdlel', 'pupochek', 'cjsxodnd12', 'dbeciri45', 'eunice98k', 'byeolguri', 'johnlanghout', 'sukjunyeo', 'u1201859', 'sabintandukar', 'ghobashy445', 'eogn1004', 'mitchellgg', 'exareivaj', 'taylordavis678', 'yjn3492', 'myez', 'cmoauro2', 'kirollos.morcos.km', 'cbo3', 'zlapvmf', 'martinperezmaneiro', 'danielcondetorres', 'antonio25', 'marshallfrye', 'declanb', 'hyerim100600', 'zrm0001', 'juanjoseo', 'pichoncillo1', 'guillermocam', 'b.benson', 'spazos', 'vandelei', 'e.pmcrespo', 'wodnjssnsk12', 'rachelgjohnson', 'shabnashreej', 'doog9601', 'kendalhiatt', 'yoojeong9925', 'lwang82', 'jrichman99', 'gcxmoffice1994', 'mcdonald.josh', 'ezsamsuntung', 'francike', 'thddpwls257', 'jaephago', 'tnqls3409', 'jboniuk98', 'iagomillanentenza', 'alberto4', 'msiq14', 'mattmattmerrill', 'cd_bon', 'blake.ballou08', 'htj1104', 'aht47', 'mehdibandali', 'clara.landesa', 'pablocl', 'jedelkind0117', 'qumo4329', 'tonni1912', 'jlkirk', 'macks', 'sportmonkey584', 'alw0039', 'ophelie10', 'k66773659', 'piri940511', '5dustkd', 'killuaonizuka1999', 'tylervrd', 'lukebidulka', 'carlosvigo1997', 'smdesrochers', 'giacomo.munari.1', 'ybso1566']"
11,388,71,46,14,"['cd_bon', 'gcxmoffice1994', 'zkkazi99', 'lingyiw9954', 'mitchellgg', 'kirollos.morcos.km', 'therahuul', 'estalinalvarezalvarez', 'killuaonizuka1999', 'tylervrd', 'estalin', 'matthewleemle2', 'csparkes', 'sallysong683']",56,"['ghobashy445', 'turin1366', 'hayejord', 'jenniferperez1', 'cicalesej', 'anamichelena', 'u1285150', 'b.isenberg', 'ylanbdr', 'cciraci', 'reyda', 'matthewdailey', 'ludovick', 'sgu20171498', 'bbatuhanbilecen', 'u0543041', 'itskatomall', 'jrichman99', 'mcdonald.josh', 'kyserch', 'francike', 'rricardo0324', 'edwhitlock', 'nes1011', 'sgu20151463', 'msiq14', 'mtanzi', 'jakubpepas', 'bobbimatheson', 'u1121281', 'sherwmit', 'eserafimbortolazzo', 'msubullies1', 'jonathan.balent', 'jedelkind0117', 'rachel.blaydes', 'naitix', 'vetterd', 'sportmonkey584', 'sschneider874', 'bassel0elgharbawy0', 'dbister', 'ignaciomilani', 'pupochek', 'b.benson', 'mitchell.shields99', 'dbeciri45', 'coopjord', 'lukebidulka', 'student1000', 'siyuezheng', 'u1201859', 'rachelgjohnson', 'petershn', 'hancheyn', 'rohdej']",32,"['youyouli', 'erickvfc', 'tylerqwong', 'brendonbk81', 'jfakidis', 'jadencoelho', 'vogecap240', 'johngim1', 'johnkm37', 'cd_bonamis', 'danartur99', 'shayakchakrabarti', 'apunch', 'kayusuf97', 'daanyaal.sobani', 'andresvl', 'mimaamin28', 'marianoroldan12', 'daniellistudent', 'elec315s', 'neil01', 'georgeckchen', None, 'j8', 'tsuchinoko.ls', 'jakecronin97', 'aes_op', 'eunice98k', 'sambedry', 'rozhansa', 'yazan99', 'nicolecam']",102,"['ghobashy445', 'turin1366', 'jenniferperez1', 'cicalesej', 'lingyiw9954', 'anamichelena', 'b.isenberg', 'mitchellgg', 'youyouli', 'reyda', 'jadencoelho', 'vogecap240', 'u0543041', 'zkkazi99', 'itskatomall', 'kyserch', 'rricardo0324', 'kirollos.morcos.km', 'edwhitlock', 'estalinalvarezalvarez', 'sgu20151463', 'apunch', 'estalin', 'daanyaal.sobani', 'csparkes', 'mtanzi', 'sallysong683', 'mimaamin28', 'u1121281', 'msubullies1', 'naitix', 'georgeckchen', 'bassel0elgharbawy0', 'ignaciomilani', 'b.benson', 'mitchell.shields99', 'yazan99', 'student1000', 'siyuezheng', 'matthewdailey', 'rachelgjohnson', 'nicolecam', 'sschneider874', 'hayejord', 'u1285150', 'ylanbdr', 'erickvfc', 'cciraci', 'tylerqwong', 'brendonbk81', 'jfakidis', 'matthewleemle2', 'ludovick', 'sgu20171498', 'bbatuhanbilecen', 'jrichman99', 'gcxmoffice1994', 'mcdonald.josh', 'johngim1', 'francike', 'johnkm37', 'cd_bonamis', 'danartur99', 'nes1011', 'shayakchakrabarti', 'kayusuf97', 'msiq14', 'cd_bon', 'andresvl', 'jakubpepas', 'marianoroldan12', 'bobbimatheson', 'daniellistudent', 'sherwmit', 'eserafimbortolazzo', 'elec315s', 'therahuul', 'jonathan.balent', 'jedelkind0117', 'rachel.blaydes', 'neil01', 'vetterd', 'sportmonkey584', None, 'j8', 'tsuchinoko.ls', 'dbister', 'pupochek', 'jakecronin97', 'aes_op', 'dbeciri45', 'killuaonizuka1999', 'eunice98k', 'coopjord', 'tylervrd', 'lukebidulka', 'sambedry', 'rozhansa', 'u1201859', 'petershn', 'hancheyn', 'rohdej']"
11,392,71,35,3,"['u0543041', 'u1121281', 'matthewdailey']",67,"['ghobashy445', 'turin1366', 'hayejord', 'jenniferperez1', 'cicalesej', 'lingyiw9954', 'anamichelena', 'b.isenberg', 'mitchellgg', 'u1285150', 'ylanbdr', 'cciraci', 'reyda', 'matthewleemle2', 'ludovick', 'sgu20171498', 'bbatuhanbilecen', 'jrichman99', 'zkkazi99', 'itskatomall', 'gcxmoffice1994', 'kyserch', 'mcdonald.josh', 'francike', 'rricardo0324', 'kirollos.morcos.km', 'edwhitlock', 'estalinalvarezalvarez', 'nes1011', 'sgu20151463', 'estalin', 'msiq14', 'csparkes', 'mtanzi', 'sallysong683', 'cd_bon', 'jakubpepas', 'bobbimatheson', 'sherwmit', 'eserafimbortolazzo', 'therahuul', 'msubullies1', 'jonathan.balent', 'jedelkind0117', 'rachel.blaydes', 'naitix', 'vetterd', 'sportmonkey584', 'sschneider874', 'bassel0elgharbawy0', 'dbister', 'ignaciomilani', 'pupochek', 'b.benson', 'mitchell.shields99', 'dbeciri45', 'killuaonizuka1999', 'coopjord', 'tylervrd', 'lukebidulka', 'student1000', 'siyuezheng', 'u1201859', 'rachelgjohnson', 'petershn', 'hancheyn', 'rohdej']",32,"['u1020447', 'u0984834', 'u0759716', 'u0813032', 'u1114754', 'agustaf', 'u1073244', 'u0916112', 'u0839673', 'henrycran', 'u1208445', 'u1142708', 'shaunmckellar', 'u0934438', 'u0914596', 'dudeinblue1', 'brian.burton93', 'u1275153', 'u1198840', 'u1119648', 'u0304786', 'u1190640', 'harry171717171', 'u0540664', 'u0953149', None, 'u1097560', 'mharis', 'remnantemmitt', 'u1129087', 'u1222263', 'u1172821']",102,"['ghobashy445', 'turin1366', 'u0984834', 'jenniferperez1', 'cicalesej', 'lingyiw9954', 'anamichelena', 'b.isenberg', 'mitchellgg', 'u0759716', 'reyda', 'u1114754', 'u0543041', 'zkkazi99', 'itskatomall', 'u1073244', 'kyserch', 'rricardo0324', 'kirollos.morcos.km', 'edwhitlock', 'estalinalvarezalvarez', 'sgu20151463', 'estalin', 'csparkes', 'mtanzi', 'sallysong683', 'u1121281', 'u1198840', 'u0304786', 'msubullies1', 'naitix', 'bassel0elgharbawy0', 'u1097560', 'ignaciomilani', 'b.benson', 'mitchell.shields99', 'remnantemmitt', 'student1000', 'siyuezheng', 'matthewdailey', 'u1222263', 'rachelgjohnson', 'u1172821', 'sschneider874', 'u1020447', 'hayejord', 'u1285150', 'ylanbdr', 'cciraci', 'u0813032', 'matthewleemle2', 'ludovick', 'sgu20171498', 'bbatuhanbilecen', 'agustaf', 'jrichman99', 'gcxmoffice1994', 'mcdonald.josh', 'u0916112', 'francike', 'u0839673', 'henrycran', 'nes1011', 'u1208445', 'u1142708', 'msiq14', 'shaunmckellar', 'u0934438', 'u0914596', 'cd_bon', 'jakubpepas', 'dudeinblue1', 'bobbimatheson', 'brian.burton93', 'sherwmit', 'eserafimbortolazzo', 'u1275153', 'therahuul', 'u1119648', 'jonathan.balent', 'jedelkind0117', 'u1190640', 'rachel.blaydes', 'harry171717171', 'vetterd', 'sportmonkey584', 'u0540664', 'u0953149', None, 'dbister', 'mharis', 'pupochek', 'dbeciri45', 'killuaonizuka1999', 'coopjord', 'tylervrd', 'lukebidulka', 'u1129087', 'u1201859', 'petershn', 'hancheyn', 'rohdej']"
11,353,71,20,11,"['mcdonald.josh', 'dbister', 'bobbimatheson', 'anamichelena', 'ylanbdr', 'rricardo0324', 'reyda', 'siyuezheng', 'sportmonkey584', 'rachelgjohnson', 'mtanzi']",59,"['ghobashy445', 'turin1366', 'hayejord', 'jenniferperez1', 'cicalesej', 'lingyiw9954', 'u1285150', 'b.isenberg', 'mitchellgg', 'cciraci', 'matthewdailey', 'matthewleemle2', 'ludovick', 'sgu20171498', 'bbatuhanbilecen', 'u0543041', 'zkkazi99', 'itskatomall', 'jrichman99', 'kyserch', 'gcxmoffice1994', 'francike', 'kirollos.morcos.km', 'edwhitlock', 'estalinalvarezalvarez', 'nes1011', 'sgu20151463', 'estalin', 'msiq14', 'csparkes', 'sallysong683', 'cd_bon', 'jakubpepas', 'u1121281', 'sherwmit', 'eserafimbortolazzo', 'therahuul', 'msubullies1', 'jonathan.balent', 'jedelkind0117', 'rachel.blaydes', 'naitix', 'vetterd', 'sschneider874', 'bassel0elgharbawy0', 'ignaciomilani', 'pupochek', 'b.benson', 'mitchell.shields99', 'dbeciri45', 'killuaonizuka1999', 'coopjord', 'tylervrd', 'lukebidulka', 'student1000', 'u1201859', 'petershn', 'hancheyn', 'rohdej']",9,"['cetolaj', 'sydneyhiggins', 'dariushkim', 'rocioborroto', 'johnlanghout', 'megahnb', None, 'josephwilliams11', 'nerwin']",79,"['ghobashy445', 'turin1366', 'cetolaj', 'jenniferperez1', 'cicalesej', 'lingyiw9954', 'anamichelena', 'b.isenberg', 'mitchellgg', 'reyda', 'nerwin', 'u0543041', 'zkkazi99', 'itskatomall', 'kyserch', 'rricardo0324', 'kirollos.morcos.km', 'edwhitlock', 'estalinalvarezalvarez', 'sgu20151463', 'estalin', 'csparkes', 'mtanzi', 'sallysong683', 'u1121281', 'msubullies1', 'naitix', 'bassel0elgharbawy0', 'ignaciomilani', 'sydneyhiggins', 'b.benson', 'mitchell.shields99', 'student1000', 'megahnb', 'siyuezheng', 'matthewdailey', 'rachelgjohnson', 'sschneider874', 'hayejord', 'u1285150', 'ylanbdr', 'cciraci', 'matthewleemle2', 'ludovick', 'sgu20171498', 'bbatuhanbilecen', 'jrichman99', 'gcxmoffice1994', 'mcdonald.josh', 'francike', 'rocioborroto', 'nes1011', 'msiq14', 'josephwilliams11', 'cd_bon', 'jakubpepas', 'bobbimatheson', 'sherwmit', 'eserafimbortolazzo', 'dariushkim', 'therahuul', 'jonathan.balent', 'jedelkind0117', 'rachel.blaydes', 'vetterd', 'sportmonkey584', None, 'dbister', 'pupochek', 'dbeciri45', 'killuaonizuka1999', 'coopjord', 'tylervrd', 'lukebidulka', 'johnlanghout', 'u1201859', 'petershn', 'hancheyn', 'rohdej']"
11,354,71,17,14,"['cd_bon', 'gcxmoffice1994', 'zkkazi99', 'lingyiw9954', 'mitchellgg', 'kirollos.morcos.km', 'therahuul', 'tylervrd', 'lukebidulka', 'naitix', 'estalin', 'matthewleemle2', 'csparkes', 'sallysong683']",56,"['ghobashy445', 'turin1366', 'hayejord', 'jenniferperez1', 'cicalesej', 'anamichelena', 'u1285150', 'b.isenberg', 'ylanbdr', 'cciraci', 'reyda', 'matthewdailey', 'ludovick', 'sgu20171498', 'bbatuhanbilecen', 'u0543041', 'itskatomall', 'jrichman99', 'mcdonald.josh', 'kyserch', 'francike', 'rricardo0324', 'edwhitlock', 'estalinalvarezalvarez', 'nes1011', 'sgu20151463', 'msiq14', 'mtanzi', 'jakubpepas', 'bobbimatheson', 'u1121281', 'sherwmit', 'eserafimbortolazzo', 'msubullies1', 'jonathan.balent', 'jedelkind0117', 'rachel.blaydes', 'vetterd', 'sportmonkey584', 'sschneider874', 'bassel0elgharbawy0', 'dbister', 'ignaciomilani', 'pupochek', 'b.benson', 'mitchell.shields99', 'dbeciri45', 'killuaonizuka1999', 'coopjord', 'student1000', 'siyuezheng', 'u1201859', 'rachelgjohnson', 'petershn', 'hancheyn', 'rohdej']",3,"['eunice98k', None, 'georgeckchen']",73,"['ghobashy445', 'turin1366', 'jenniferperez1', 'cicalesej', 'lingyiw9954', 'anamichelena', 'b.isenberg', 'mitchellgg', 'reyda', 'u0543041', 'zkkazi99', 'itskatomall', 'kyserch', 'rricardo0324', 'kirollos.morcos.km', 'edwhitlock', 'estalinalvarezalvarez', 'sgu20151463', 'estalin', 'csparkes', 'mtanzi', 'sallysong683', 'u1121281', 'msubullies1', 'naitix', 'georgeckchen', 'bassel0elgharbawy0', 'ignaciomilani', 'b.benson', 'mitchell.shields99', 'student1000', 'siyuezheng', 'matthewdailey', 'rachelgjohnson', 'sschneider874', 'hayejord', 'u1285150', 'ylanbdr', 'cciraci', 'matthewleemle2', 'ludovick', 'sgu20171498', 'bbatuhanbilecen', 'jrichman99', 'gcxmoffice1994', 'mcdonald.josh', 'francike', 'nes1011', 'msiq14', 'cd_bon', 'jakubpepas', 'bobbimatheson', 'sherwmit', 'eserafimbortolazzo', 'therahuul', 'jonathan.balent', 'jedelkind0117', 'rachel.blaydes', 'vetterd', 'sportmonkey584', None, 'dbister', 'pupochek', 'dbeciri45', 'killuaonizuka1999', 'eunice98k', 'coopjord', 'tylervrd', 'lukebidulka', 'u1201859', 'petershn', 'hancheyn', 'rohdej']"
11,361,71,9,6,"['hayejord', 'francike', 'coopjord', 'msubullies1', 'vetterd', 'hancheyn']",64,"['ghobashy445', 'turin1366', 'jenniferperez1', 'cicalesej', 'lingyiw9954', 'anamichelena', 'b.isenberg', 'mitchellgg', 'reyda', 'u0543041', 'zkkazi99', 'itskatomall', 'kyserch', 'rricardo0324', 'kirollos.morcos.km', 'edwhitlock', 'estalinalvarezalvarez', 'sgu20151463', 'estalin', 'csparkes', 'mtanzi', 'sallysong683', 'u1121281', 'naitix', 'bassel0elgharbawy0', 'ignaciomilani', 'b.benson', 'mitchell.shields99', 'student1000', 'siyuezheng', 'matthewdailey', 'rachelgjohnson', 'sschneider874', 'u1285150', 'ylanbdr', 'cciraci', 'matthewleemle2', 'ludovick', 'sgu20171498', 'bbatuhanbilecen', 'jrichman99', 'gcxmoffice1994', 'mcdonald.josh', 'nes1011', 'msiq14', 'cd_bon', 'jakubpepas', 'bobbimatheson', 'sherwmit', 'eserafimbortolazzo', 'therahuul', 'jonathan.balent', 'jedelkind0117', 'rachel.blaydes', 'sportmonkey584', 'dbister', 'pupochek', 'dbeciri45', 'killuaonizuka1999', 'tylervrd', 'lukebidulka', 'u1201859', 'petershn', 'rohdej']",3,"['vandelei', None, 'jiaolh']",73,"['ghobashy445', 'turin1366', 'jenniferperez1', 'cicalesej', 'lingyiw9954', 'anamichelena', 'b.isenberg', 'mitchellgg', 'reyda', 'u0543041', 'zkkazi99', 'itskatomall', 'kyserch', 'rricardo0324', 'kirollos.morcos.km', 'edwhitlock', 'estalinalvarezalvarez', 'jiaolh', 'sgu20151463', 'estalin', 'csparkes', 'mtanzi', 'sallysong683', 'u1121281', 'msubullies1', 'naitix', 'bassel0elgharbawy0', 'ignaciomilani', 'b.benson', 'mitchell.shields99', 'vandelei', 'student1000', 'siyuezheng', 'matthewdailey', 'rachelgjohnson', 'sschneider874', 'hayejord', 'u1285150', 'ylanbdr', 'cciraci', 'matthewleemle2', 'ludovick', 'sgu20171498', 'bbatuhanbilecen', 'jrichman99', 'gcxmoffice1994', 'mcdonald.josh', 'francike', 'nes1011', 'msiq14', 'cd_bon', 'jakubpepas', 'bobbimatheson', 'sherwmit', 'eserafimbortolazzo', 'therahuul', 'jonathan.balent', 'jedelkind0117', 'rachel.blaydes', 'vetterd', 'sportmonkey584', None, 'dbister', 'pupochek', 'dbeciri45', 'killuaonizuka1999', 'coopjord', 'tylervrd', 'lukebidulka', 'u1201859', 'petershn', 'hancheyn', 'rohdej']"
11,389,71,8,3,"['sherwmit', 'ludovick', 'rohdej']",67,"['ghobashy445', 'turin1366', 'jenniferperez1', 'cicalesej', 'lingyiw9954', 'anamichelena', 'b.isenberg', 'mitchellgg', 'reyda', 'u0543041', 'zkkazi99', 'itskatomall', 'kyserch', 'rricardo0324', 'kirollos.morcos.km', 'edwhitlock', 'estalinalvarezalvarez', 'sgu20151463', 'estalin', 'csparkes', 'mtanzi', 'sallysong683', 'u1121281', 'msubullies1', 'naitix', 'bassel0elgharbawy0', 'ignaciomilani', 'b.benson', 'mitchell.shields99', 'student1000', 'siyuezheng', 'matthewdailey', 'rachelgjohnson', 'sschneider874', 'hayejord', 'u1285150', 'ylanbdr', 'cciraci', 'matthewleemle2', 'sgu20171498', 'bbatuhanbilecen', 'jrichman99', 'gcxmoffice1994', 'mcdonald.josh', 'francike', 'nes1011', 'msiq14', 'cd_bon', 'jakubpepas', 'bobbimatheson', 'eserafimbortolazzo', 'therahuul', 'jonathan.balent', 'jedelkind0117', 'rachel.blaydes', 'vetterd', 'sportmonkey584', 'dbister', 'pupochek', 'dbeciri45', 'killuaonizuka1999', 'coopjord', 'tylervrd', 'lukebidulka', 'u1201859', 'petershn', 'hancheyn']",5,"['brownb4', 'nakkulab', 'latourem', 'gonserr', None]",75,"['ghobashy445', 'turin1366', 'jenniferperez1', 'cicalesej', 'lingyiw9954', 'anamichelena', 'b.isenberg', 'mitchellgg', 'reyda', 'u0543041', 'zkkazi99', 'itskatomall', 'kyserch', 'rricardo0324', 'kirollos.morcos.km', 'edwhitlock', 'estalinalvarezalvarez', 'sgu20151463', 'estalin', 'csparkes', 'mtanzi', 'sallysong683', 'u1121281', 'msubullies1', 'naitix', 'gonserr', 'bassel0elgharbawy0', 'ignaciomilani', 'b.benson', 'mitchell.shields99', 'nakkulab', 'student1000', 'siyuezheng', 'matthewdailey', 'rachelgjohnson', 'sschneider874', 'hayejord', 'u1285150', 'ylanbdr', 'brownb4', 'cciraci', 'matthewleemle2', 'ludovick', 'sgu20171498', 'bbatuhanbilecen', 'jrichman99', 'gcxmoffice1994', 'mcdonald.josh', 'francike', 'nes1011', 'msiq14', 'cd_bon', 'jakubpepas', 'bobbimatheson', 'sherwmit', 'eserafimbortolazzo', 'therahuul', 'jonathan.balent', 'jedelkind0117', 'rachel.blaydes', 'latourem', 'vetterd', 'sportmonkey584', None, 'dbister', 'pupochek', 'dbeciri45', 'killuaonizuka1999', 'coopjord', 'tylervrd', 'lukebidulka', 'u1201859', 'petershn', 'hancheyn', 'rohdej']"
12,149,61,40,31,"['shuozh', 'jeilers', 'scollard', 'ccafmeyer1310', 'brokawat', 'dshah515', 'odonnelc', 'nikaren', 'apdoyle', 'wesf', 'lobbiam', 'lwight', 'ebrufsky', 'asasa', 'grfedele', 'vkov', 'cjmichae', 'tianlel', 'cdonahu', 'saxman25', 'reisnerd', 'tbarang', 'optalmad', 'kmaxie', 'kenmp', 'ralsmith', 'danevans', 'sloanluk', 'lpmarks', 'kcrawf', 'alexshaw']",29,"['hector.arbelo', 'adam.kwiatkowski', 'pratik30', 'talamin', 'barnaonu', 'asd133577', 'vtatagari', 'yibo888', 'jzhang108', 'chrisowen830', 'okdemir.samet', 'alone196733', 'moralist', 'jowokypt12121890', 'reshmirao3179', 'andressa_yasmim', 'lapthai', 'andyjinzihao', 'm.r.asherloo1997', 'elaasser1', 'cauvaido1610', 'jess_elizabeth', 'ahmad.azizan1596', 'tonix', 'bwatson7', 'ysf999', 'yaoxy14', '08ramkha', 'jli206']",9,"['mpikul', 'eleini', 'zwoerner', 'jspielma', 'ariwu', 'zhuhao', 'keonbe', 'ajcharm', None]",69,"['scollard', 'jeilers', 'ccafmeyer1310', 'mpikul', 'brokawat', 'dshah515', 'jspielma', 'barnaonu', 'asd133577', 'nikaren', 'apdoyle', 'wesf', 'lobbiam', 'yibo888', 'lwight', 'chrisowen830', 'ebrufsky', 'asasa', 'okdemir.samet', 'ariwu', 'vkov', 'reshmirao3179', 'andressa_yasmim', 'reisnerd', 'lapthai', 'andyjinzihao', 'm.r.asherloo1997', 'cauvaido1610', 'keonbe', 'jess_elizabeth', 'kmaxie', 'ajcharm', 'ahmad.azizan1596', 'tonix', 'danevans', 'sloanluk', 'ysf999', 'lpmarks', 'jli206', 'shuozh', 'hector.arbelo', 'adam.kwiatkowski', 'pratik30', 'odonnelc', 'talamin', 'zwoerner', 'vtatagari', 'jzhang108', 'grfedele', 'zhuhao', 'alone196733', 'cjmichae', 'moralist', 'tianlel', 'jowokypt12121890', 'cdonahu', 'saxman25', 'tbarang', 'optalmad', 'elaasser1', None, 'ralsmith', 'bwatson7', 'kenmp', 'eleini', 'yaoxy14', 'kcrawf', '08ramkha', 'alexshaw']"
12,148,61,15,13,"['tonix', 'yibo888', 'chrisowen830', 'ysf999', 'andyjinzihao', 'pratik30', 'okdemir.samet', 'yaoxy14', 'jess_elizabeth', 'barnaonu', 'asd133577', '08ramkha', 'reshmirao3179']",47,"['shuozh', 'hector.arbelo', 'scollard', 'jeilers', 'ccafmeyer1310', 'brokawat', 'adam.kwiatkowski', 'dshah515', 'odonnelc', 'talamin', 'vtatagari', 'nikaren', 'apdoyle', 'wesf', 'lobbiam', 'lwight', 'jzhang108', 'ebrufsky', 'asasa', 'grfedele', 'vkov', 'alone196733', 'cjmichae', 'moralist', 'tianlel', 'jowokypt12121890', 'cdonahu', 'andressa_yasmim', 'saxman25', 'reisnerd', 'tbarang', 'lapthai', 'm.r.asherloo1997', 'optalmad', 'elaasser1', 'cauvaido1610', 'kmaxie', 'ahmad.azizan1596', 'ralsmith', 'bwatson7', 'kenmp', 'danevans', 'alexshaw', 'sloanluk', 'lpmarks', 'kcrawf', 'jli206']",2,"['alemottura', None]",62,"['shuozh', 'hector.arbelo', 'scollard', 'jeilers', 'ccafmeyer1310', 'brokawat', 'adam.kwiatkowski', 'jli206', 'dshah515', 'pratik30', 'odonnelc', 'talamin', 'barnaonu', 'asd133577', 'vtatagari', 'nikaren', 'apdoyle', 'wesf', 'lobbiam', 'yibo888', 'lwight', 'jzhang108', 'chrisowen830', 'ebrufsky', 'asasa', 'grfedele', 'okdemir.samet', 'vkov', 'alone196733', 'cjmichae', 'moralist', 'tianlel', 'jowokypt12121890', 'reshmirao3179', 'cdonahu', 'andressa_yasmim', 'saxman25', 'reisnerd', 'tbarang', 'lapthai', 'andyjinzihao', 'm.r.asherloo1997', 'optalmad', 'elaasser1', 'cauvaido1610', 'jess_elizabeth', 'kmaxie', None, 'ahmad.azizan1596', 'tonix', 'bwatson7', 'ralsmith', 'danevans', 'kenmp', 'sloanluk', 'ysf999', 'yaoxy14', 'lpmarks', 'alemottura', 'kcrawf', '08ramkha', 'alexshaw']"
12,152,61,12,8,"['ralsmith', 'scollard', 'wesf', 'danevans', 'reisnerd', 'optalmad', 'grfedele', 'lpmarks']",52,"['shuozh', 'hector.arbelo', 'jeilers', 'ccafmeyer1310', 'brokawat', 'adam.kwiatkowski', 'jli206', 'dshah515', 'pratik30', 'odonnelc', 'talamin', 'barnaonu', 'asd133577', 'vtatagari', 'nikaren', 'apdoyle', 'lobbiam', 'yibo888', 'lwight', 'jzhang108', 'chrisowen830', 'ebrufsky', 'asasa', 'okdemir.samet', 'vkov', 'alone196733', 'cjmichae', 'moralist', 'tianlel', 'jowokypt12121890', 'reshmirao3179', 'cdonahu', 'andressa_yasmim', 'saxman25', 'tbarang', 'lapthai', 'andyjinzihao', 'm.r.asherloo1997', 'elaasser1', 'cauvaido1610', 'jess_elizabeth', 'kmaxie', 'ahmad.azizan1596', 'tonix', 'bwatson7', 'kenmp', 'sloanluk', 'ysf999', 'yaoxy14', 'kcrawf', '08ramkha', 'alexshaw']",4,"['keonbe', None, 'eleini', 'narceci']",64,"['shuozh', 'hector.arbelo', 'scollard', 'jeilers', 'ccafmeyer1310', 'brokawat', 'adam.kwiatkowski', 'jli206', 'dshah515', 'pratik30', 'odonnelc', 'talamin', 'barnaonu', 'asd133577', 'vtatagari', 'nikaren', 'apdoyle', 'wesf', 'lobbiam', 'yibo888', 'narceci', 'lwight', 'jzhang108', 'chrisowen830', 'ebrufsky', 'asasa', 'grfedele', 'okdemir.samet', 'vkov', 'alone196733', 'cjmichae', 'moralist', 'tianlel', 'jowokypt12121890', 'reshmirao3179', 'cdonahu', 'andressa_yasmim', 'saxman25', 'reisnerd', 'tbarang', 'lapthai', 'andyjinzihao', 'm.r.asherloo1997', 'optalmad', 'elaasser1', 'cauvaido1610', 'keonbe', 'jess_elizabeth', 'kmaxie', None, 'ahmad.azizan1596', 'tonix', 'bwatson7', 'ralsmith', 'danevans', 'kenmp', 'sloanluk', 'ysf999', 'eleini', 'yaoxy14', 'lpmarks', 'kcrawf', '08ramkha', 'alexshaw']"
12,151,61,11,10,"['bwatson7', 'andressa_yasmim', 'danevans', 'jzhang108', 'm.r.asherloo1997', 'talamin', 'alone196733', 'moralist', 'vtatagari', 'jli206']",50,"['shuozh', 'hector.arbelo', 'scollard', 'jeilers', 'ccafmeyer1310', 'brokawat', 'adam.kwiatkowski', 'dshah515', 'pratik30', 'odonnelc', 'barnaonu', 'asd133577', 'nikaren', 'apdoyle', 'wesf', 'lobbiam', 'yibo888', 'lwight', 'chrisowen830', 'ebrufsky', 'asasa', 'grfedele', 'okdemir.samet', 'vkov', 'cjmichae', 'tianlel', 'jowokypt12121890', 'reshmirao3179', 'cdonahu', 'saxman25', 'reisnerd', 'tbarang', 'lapthai', 'andyjinzihao', 'optalmad', 'elaasser1', 'cauvaido1610', 'jess_elizabeth', 'kmaxie', 'ahmad.azizan1596', 'tonix', 'ralsmith', 'kenmp', 'sloanluk', 'ysf999', 'yaoxy14', 'lpmarks', 'kcrawf', '08ramkha', 'alexshaw']",1,[None],61,"['shuozh', 'hector.arbelo', 'scollard', 'jeilers', 'ccafmeyer1310', 'brokawat', 'adam.kwiatkowski', 'jli206', 'dshah515', 'pratik30', 'odonnelc', 'talamin', 'barnaonu', 'asd133577', 'vtatagari', 'nikaren', 'apdoyle', 'wesf', 'lobbiam', 'yibo888', 'lwight', 'jzhang108', 'chrisowen830', 'ebrufsky', 'asasa', 'grfedele', 'okdemir.samet', 'vkov', 'alone196733', 'cjmichae', 'moralist', 'tianlel', 'jowokypt12121890', 'reshmirao3179', 'cdonahu', 'andressa_yasmim', 'saxman25', 'reisnerd', 'tbarang', 'lapthai', 'andyjinzihao', 'm.r.asherloo1997', 'optalmad', 'elaasser1', 'cauvaido1610', 'jess_elizabeth', 'kmaxie', None, 'ahmad.azizan1596', 'tonix', 'bwatson7', 'ralsmith', 'danevans', 'kenmp', 'sloanluk', 'ysf999', 'yaoxy14', 'lpmarks', 'kcrawf', '08ramkha', 'alexshaw']"
12,154,61,11,9,"['bwatson7', 'andressa_yasmim', 'jzhang108', 'm.r.asherloo1997', 'talamin', 'alone196733', 'moralist', 'vtatagari', 'jli206']",51,"['shuozh', 'hector.arbelo', 'scollard', 'jeilers', 'ccafmeyer1310', 'brokawat', 'adam.kwiatkowski', 'dshah515', 'pratik30', 'odonnelc', 'barnaonu', 'asd133577', 'nikaren', 'apdoyle', 'wesf', 'lobbiam', 'yibo888', 'lwight', 'chrisowen830', 'ebrufsky', 'asasa', 'grfedele', 'okdemir.samet', 'vkov', 'cjmichae', 'tianlel', 'jowokypt12121890', 'reshmirao3179', 'cdonahu', 'saxman25', 'reisnerd', 'tbarang', 'lapthai', 'andyjinzihao', 'optalmad', 'elaasser1', 'cauvaido1610', 'jess_elizabeth', 'kmaxie', 'ahmad.azizan1596', 'tonix', 'ralsmith', 'danevans', 'kenmp', 'sloanluk', 'ysf999', 'yaoxy14', 'lpmarks', 'kcrawf', '08ramkha', 'alexshaw']",2,"[None, 'cchen138']",62,"['shuozh', 'hector.arbelo', 'scollard', 'jeilers', 'ccafmeyer1310', 'brokawat', 'adam.kwiatkowski', 'jli206', 'dshah515', 'pratik30', 'odonnelc', 'talamin', 'cchen138', 'barnaonu', 'asd133577', 'vtatagari', 'nikaren', 'apdoyle', 'wesf', 'lobbiam', 'yibo888', 'lwight', 'jzhang108', 'chrisowen830', 'ebrufsky', 'asasa', 'grfedele', 'okdemir.samet', 'vkov', 'alone196733', 'cjmichae', 'moralist', 'tianlel', 'jowokypt12121890', 'reshmirao3179', 'cdonahu', 'andressa_yasmim', 'saxman25', 'reisnerd', 'tbarang', 'lapthai', 'andyjinzihao', 'm.r.asherloo1997', 'optalmad', 'elaasser1', 'cauvaido1610', 'jess_elizabeth', 'kmaxie', None, 'ahmad.azizan1596', 'tonix', 'bwatson7', 'ralsmith', 'danevans', 'kenmp', 'sloanluk', 'ysf999', 'yaoxy14', 'lpmarks', 'kcrawf', '08ramkha', 'alexshaw']"
12,150,61,7,5,"['yibo888', 'andyjinzihao', 'jess_elizabeth', '08ramkha', 'reshmirao3179']",55,"['shuozh', 'hector.arbelo', 'scollard', 'jeilers', 'ccafmeyer1310', 'brokawat', 'adam.kwiatkowski', 'jli206', 'dshah515', 'pratik30', 'odonnelc', 'talamin', 'barnaonu', 'asd133577', 'vtatagari', 'nikaren', 'apdoyle', 'wesf', 'lobbiam', 'lwight', 'jzhang108', 'chrisowen830', 'ebrufsky', 'asasa', 'grfedele', 'okdemir.samet', 'vkov', 'alone196733', 'cjmichae', 'moralist', 'tianlel', 'jowokypt12121890', 'cdonahu', 'andressa_yasmim', 'saxman25', 'reisnerd', 'tbarang', 'lapthai', 'm.r.asherloo1997', 'optalmad', 'elaasser1', 'cauvaido1610', 'kmaxie', 'ahmad.azizan1596', 'tonix', 'bwatson7', 'ralsmith', 'danevans', 'kenmp', 'sloanluk', 'ysf999', 'yaoxy14', 'lpmarks', 'kcrawf', 'alexshaw']",2,"['asd2815775', None]",62,"['shuozh', 'hector.arbelo', 'scollard', 'jeilers', 'ccafmeyer1310', 'brokawat', 'adam.kwiatkowski', 'jli206', 'dshah515', 'pratik30', 'odonnelc', 'talamin', 'barnaonu', 'asd133577', 'asd2815775', 'vtatagari', 'nikaren', 'apdoyle', 'wesf', 'lobbiam', 'yibo888', 'lwight', 'jzhang108', 'chrisowen830', 'ebrufsky', 'asasa', 'grfedele', 'okdemir.samet', 'vkov', 'alone196733', 'cjmichae', 'moralist', 'tianlel', 'jowokypt12121890', 'reshmirao3179', 'cdonahu', 'andressa_yasmim', 'saxman25', 'reisnerd', 'tbarang', 'lapthai', 'andyjinzihao', 'm.r.asherloo1997', 'optalmad', 'elaasser1', 'cauvaido1610', 'jess_elizabeth', 'kmaxie', None, 'ahmad.azizan1596', 'tonix', 'bwatson7', 'ralsmith', 'danevans', 'kenmp', 'sloanluk', 'ysf999', 'yaoxy14', 'lpmarks', 'kcrawf', '08ramkha', 'alexshaw']"
13,387,55,271,53,"['doog9601', 'eogn1004', 'koakhyunji', 'bha00001', 'kepco2020a', 'chohyundong12', 'wjdekgus77', 'ye02', 'qwerty0637', 'yoojeong9925', 'yoonek6719', 'qkslqksl951', 'juho4523', 'yjn3492', 'thddpwls257', 'palzmq', 'tnqls3409', 'mocha7411', 'jn12su27', 'xogus102929', 'dnlek12', 'idargu90', 'zlapvmf', 'nargene', 'mis5660', 'htj1104', 'anstjd1542', 'giung0227', 'genius_p', 'cbnuleejinwoo', 'chvk4161', 'dhkswk96', 'sumintnals', 'hs960531', 'josig2011', 'rhrna007', 'bw02203', 'k66773659', 'ohh99o9', 'qottkf6194', '5dustkd', 'cjsxodnd12', '123whdxor', 'tjtks4730', 'soddi1621', 'qncowlf10', 'ekdms0894', 'sukjunyeo', 'leesk4869', 'wodnjssnsk12', 'immmin6677', 'lhc33820933', 'lsj4677']",1,['qowoans94'],218,"['jenniferperez1', 'cicalesej', 'anamichelena', 'manuel10suarez10', 'b.isenberg', 'tristram', 'beper53', 'xfiles', 'daniel.robin22', 'juansans98', 'anais3', 'adrianhochgesang', 'suyoneee', 'roychoudhuryaditya2019', 'lidiadom', 'aanupam3', 'miguel_fernandez', 'supernhtr', 'ryuhoin2002', 'mtanzi', 'cjs476', 'mertyamanoglu', 'sooooooy314', 'gekco', 'gonserr', 'bsusol2', 'georgeckchen', 'hellbomber101', 'uxiavelca', 'nakkulab', 'student1000', 'antoramp', 'siyuezheng', 'matthewdailey', 'sschneider874', 'parkface94', 'pablosande98', 'kunge0054', 'chzh1341', 'danielm78', 'marniesan', 'matthewleemle2', 'bbatuhanbilecen', 'andrea.oldham97', 'nes1011', 'xoangon', 'samuelfl', 'eserafimbortolazzo', 'rachel.blaydes', 'ghtlstnf7', 'vetterd', None, 'coopjord', 'hancheyn', 'rohdej', 'jhryu1994', 'mmartinezsanchez', 'reyda', 'toast', 'kesu1234', 'dish1498', 'graceml2', 'u0543041', 'jiaolh', 'yassminsabry', 'estalin', 'glevita2', 'jesusgiraldez', 'caetano.eirea', 'khfrum', 'msubullies1', 'm0650104.ee06g', 'rbb0001', 'bassel0elgharbawy0', 'aia00001', 'ignaciomilani', 'petercp2', 'mitchell.shields99', 'mauro_sg', 'socrat', 'mikesnure', 'abal2474', 'yougyeongo', 'hayejord', 'giacomo.bego', 'corozco', 'tpollei', 'axelbelgarde', 'jeandavid', 'andreagcoto', 'marcospascualin', 'zaubin42', 'martinzapatamartinez', 'rygr8576', 'jakubpepas', 'nshamsi', 'dariushkim', 'therahuul', 'isaac.dominguez4444', 'junzed2', 'ganaaa12a', 'latourem', 'rsp79', 'iflueck2', 'dldnals2020', 'pedro.julian', 'dmeyer1998', 'hyerim1006000', 'alskdjfh6161', 'boody456366', 'nerwin', 'ardisch123', 'xoanmayo', 'itskatomall', 'kyserch', 'adp5383', 'foojorge', 'rricardo0324', 'sgu20151463', 'n3b3x', 'fofi94', 'sallysong683', 'philg', 'jdanivc', 'u1121281', 'emilioar', 'anstpdlffj3', 'naitix', 'navya.k.shastri', 'chdu6864', 'hjshook', 'jmy0002', 'foghel96', 'raymondzhou227', 'dangover94', 'ana.rmteo', 'josedamiangarcianoya', 'tmdorsey', 'u1285150', 'ylanbdr', 'titanking231', 'thomas.poulin', 'ludovick', 'aloptor', 'dale7283', 'jasperdeconinck', 'gipes', 'emt2', 'logankraus', 'bobbimatheson', 'sherwmit', 'jonathan.balent', 'u0360918', 'franktib2', 'ziyue2', 'finnclements', 'dbister', 'dorxlqmdkdlel', 'dbeciri45', 'eunice98k', 'byeolguri', 'johnlanghout', 'u1201859', 'sabintandukar', 'ghobashy445', 'exareivaj', 'taylordavis678', 'myez', 'cmoauro2', 'kirollos.morcos.km', 'cbo3', 'martinperezmaneiro', 'danielcondetorres', 'antonio25', 'marshallfrye', 'declanb', 'hyerim100600', 'zrm0001', 'juanjoseo', 'pichoncillo1', 'guillermocam', 'b.benson', 'spazos', 'vandelei', 'e.pmcrespo', 'rachelgjohnson', 'shabnashreej', 'kendalhiatt', 'lwang82', 'ezsamsuntung', 'mcdonald.josh', 'jrichman99', 'gcxmoffice1994', 'francike', 'jaephago', 'jboniuk98', 'iagomillanentenza', 'alberto4', 'mattmattmerrill', 'blake.ballou08', 'aht47', 'mehdibandali', 'clara.landesa', 'pablocl', 'qumo4329', 'tonni1912', 'jedelkind0117', 'jlkirk', 'macks', 'sportmonkey584', 'alw0039', 'ophelie10', 'piri940511', 'lukebidulka', 'carlosvigo1997', 'smdesrochers', 'giacomo.munari.1', 'ybso1566']",272,"['jenniferperez1', 'cicalesej', 'bha00001', 'anamichelena', 'chohyundong12', 'manuel10suarez10', 'b.isenberg', 'tristram', 'beper53', 'xfiles', 'daniel.robin22', 'juansans98', 'anais3', 'adrianhochgesang', 'suyoneee', 'roychoudhuryaditya2019', 'lidiadom', 'aanupam3', 'miguel_fernandez', 'supernhtr', 'ryuhoin2002', 'mtanzi', 'cjs476', 'mertyamanoglu', 'cbnuleejinwoo', 'sooooooy314', 'gekco', 'gonserr', 'bsusol2', 'georgeckchen', 'ohh99o9', 'hellbomber101', 'uxiavelca', 'nakkulab', 'student1000', 'antoramp', 'siyuezheng', 'immmin6677', 'matthewdailey', 'sschneider874', 'parkface94', 'pablosande98', 'kunge0054', 'ye02', 'chzh1341', 'danielm78', 'marniesan', 'matthewleemle2', 'bbatuhanbilecen', 'andrea.oldham97', 'idargu90', 'xogus102929', 'nes1011', 'xoangon', 'samuelfl', 'eserafimbortolazzo', 'rachel.blaydes', 'ghtlstnf7', 'vetterd', None, 'bw02203', 'tjtks4730', 'coopjord', 'lhc33820933', 'hancheyn', 'rohdej', 'jhryu1994', 'mmartinezsanchez', 'reyda', 'toast', 'kesu1234', 'dish1498', 'graceml2', 'qkslqksl951', 'u0543041', 'mocha7411', 'jn12su27', 'jiaolh', 'yassminsabry', 'estalin', 'glevita2', 'jesusgiraldez', 'caetano.eirea', 'dhkswk96', 'khfrum', 'msubullies1', 'm0650104.ee06g', 'rbb0001', 'bassel0elgharbawy0', 'aia00001', 'ignaciomilani', 'petercp2', 'mitchell.shields99', '123whdxor', 'soddi1621', 'mauro_sg', 'qncowlf10', 'socrat', 'mikesnure', 'abal2474', 'lsj4677', 'hs960531', 'yougyeongo', 'hayejord', 'giacomo.bego', 'qwerty0637', 'corozco', 'yoonek6719', 'tpollei', 'axelbelgarde', 'jeandavid', 'andreagcoto', 'marcospascualin', 'dnlek12', 'zaubin42', 'martinzapatamartinez', 'rygr8576', 'qowoans94', 'jakubpepas', 'genius_p', 'nshamsi', 'chvk4161', 'dariushkim', 'therahuul', 'isaac.dominguez4444', 'junzed2', 'ganaaa12a', 'latourem', 'rsp79', 'josig2011', 'qottkf6194', 'iflueck2', 'dldnals2020', 'pedro.julian', 'leesk4869', 'dmeyer1998', 'hyerim1006000', 'koakhyunji', 'alskdjfh6161', 'kepco2020a', 'wjdekgus77', 'boody456366', 'nerwin', 'ardisch123', 'xoanmayo', 'itskatomall', 'kyserch', 'adp5383', 'foojorge', 'rricardo0324', 'sgu20151463', 'n3b3x', 'fofi94', 'sallysong683', 'philg', 'jdanivc', 'mis5660', 'anstjd1542', 'u1121281', 'emilioar', 'anstpdlffj3', 'naitix', 'sumintnals', 'navya.k.shastri', 'rhrna007', 'chdu6864', 'hjshook', 'ekdms0894', 'jmy0002', 'foghel96', 'raymondzhou227', 'dangover94', 'ana.rmteo', 'josedamiangarcianoya', 'tmdorsey', 'u1285150', 'ylanbdr', 'titanking231', 'thomas.poulin', 'ludovick', 'juho4523', 'aloptor', 'dale7283', 'palzmq', 'jasperdeconinck', 'gipes', 'nargene', 'emt2', 'logankraus', 'bobbimatheson', 'giung0227', 'sherwmit', 'jonathan.balent', 'u0360918', 'franktib2', 'ziyue2', 'finnclements', 'dbister', 'dorxlqmdkdlel', 'cjsxodnd12', 'dbeciri45', 'eunice98k', 'byeolguri', 'johnlanghout', 'sukjunyeo', 'u1201859', 'sabintandukar', 'ghobashy445', 'eogn1004', 'exareivaj', 'taylordavis678', 'yjn3492', 'myez', 'cmoauro2', 'kirollos.morcos.km', 'cbo3', 'zlapvmf', 'martinperezmaneiro', 'danielcondetorres', 'antonio25', 'marshallfrye', 'declanb', 'hyerim100600', 'zrm0001', 'juanjoseo', 'pichoncillo1', 'guillermocam', 'b.benson', 'spazos', 'vandelei', 'e.pmcrespo', 'wodnjssnsk12', 'rachelgjohnson', 'shabnashreej', 'doog9601', 'kendalhiatt', 'yoojeong9925', 'lwang82', 'ezsamsuntung', 'mcdonald.josh', 'thddpwls257', 'jrichman99', 'gcxmoffice1994', 'francike', 'jaephago', 'tnqls3409', 'jboniuk98', 'iagomillanentenza', 'alberto4', 'mattmattmerrill', 'blake.ballou08', 'htj1104', 'aht47', 'mehdibandali', 'clara.landesa', 'pablocl', 'qumo4329', 'tonni1912', 'jedelkind0117', 'jlkirk', 'macks', 'sportmonkey584', 'alw0039', 'ophelie10', 'k66773659', 'piri940511', '5dustkd', 'lukebidulka', 'carlosvigo1997', 'smdesrochers', 'giacomo.munari.1', 'ybso1566']"
13,362,55,43,31,"['doog9601', 'eogn1004', 'koakhyunji', 'ye02', 'wjdekgus77', 'yoojeong9925', 'yoonek6719', 'yjn3492', 'thddpwls257', 'tnqls3409', 'mocha7411', 'jn12su27', 'xogus102929', 'zlapvmf', 'nargene', 'lsj4677', 'qowoans94', 'anstjd1542', 'chvk4161', 'giung0227', 'dhkswk96', 'josig2011', 'bw02203', 'k66773659', 'qottkf6194', 'cjsxodnd12', 'qncowlf10', 'sukjunyeo', 'wodnjssnsk12', 'leesk4869', 'hs960531']",23,"['bha00001', 'kepco2020a', 'chohyundong12', 'qwerty0637', 'qkslqksl951', 'juho4523', 'palzmq', 'idargu90', 'dnlek12', 'mis5660', 'htj1104', 'genius_p', 'cbnuleejinwoo', 'sumintnals', 'rhrna007', 'ohh99o9', '5dustkd', '123whdxor', 'tjtks4730', 'soddi1621', 'ekdms0894', 'immmin6677', 'lhc33820933']",12,"['kunge0054', 'byeolguri', 'jhryu1994', 'hj49500494', 'dldnals2020', 'ghtlstnf7', None, 'ryuhoin2002', 'hyerim1006000', 'ybso1566', 'hyerim100600', 'yougyeongo']",66,"['eogn1004', 'koakhyunji', 'bha00001', 'kepco2020a', 'chohyundong12', 'wjdekgus77', 'jhryu1994', 'qkslqksl951', 'yjn3492', 'mocha7411', 'jn12su27', 'hj49500494', 'zlapvmf', 'ryuhoin2002', 'mis5660', 'anstjd1542', 'cbnuleejinwoo', 'dhkswk96', 'sumintnals', 'rhrna007', 'hyerim100600', 'ohh99o9', '123whdxor', 'soddi1621', 'qncowlf10', 'ekdms0894', 'wodnjssnsk12', 'immmin6677', 'lsj4677', 'hs960531', 'yougyeongo', 'doog9601', 'kunge0054', 'ye02', 'qwerty0637', 'yoojeong9925', 'yoonek6719', 'juho4523', 'thddpwls257', 'palzmq', 'tnqls3409', 'idargu90', 'xogus102929', 'dnlek12', 'nargene', 'qowoans94', 'htj1104', 'genius_p', 'chvk4161', 'giung0227', 'ghtlstnf7', 'josig2011', None, 'bw02203', 'k66773659', 'qottkf6194', '5dustkd', 'cjsxodnd12', 'byeolguri', 'tjtks4730', 'dldnals2020', 'sukjunyeo', 'leesk4869', 'hyerim1006000', 'lhc33820933', 'ybso1566']"
13,74,55,41,31,"['bha00001', 'chohyundong12', 'qwerty0637', 'yoojeong9925', 'qkslqksl951', 'juho4523', 'palzmq', 'tnqls3409', 'xogus102929', 'dnlek12', 'lsj4677', 'qowoans94', 'genius_p', 'htj1104', 'anstjd1542', 'chvk4161', 'giung0227', 'cbnuleejinwoo', 'rhrna007', 'bw02203', 'qottkf6194', 'ohh99o9', '5dustkd', 'cjsxodnd12', '123whdxor', 'soddi1621', 'qncowlf10', 'wodnjssnsk12', 'immmin6677', 'lhc33820933', 'hs960531']",23,"['doog9601', 'eogn1004', 'koakhyunji', 'kepco2020a', 'ye02', 'wjdekgus77', 'yoonek6719', 'yjn3492', 'thddpwls257', 'mocha7411', 'jn12su27', 'idargu90', 'zlapvmf', 'nargene', 'mis5660', 'dhkswk96', 'sumintnals', 'josig2011', 'k66773659', 'tjtks4730', 'ekdms0894', 'sukjunyeo', 'leesk4869']",10,"['kunge0054', 'piri940511', 'cyj950925', 'dldnals2020', 'byeolguri', 'zeesoo1', 'chltnwjd8530', 'pcs7123', 'ybso1566', None]",64,"['eogn1004', 'koakhyunji', 'bha00001', 'kepco2020a', 'chohyundong12', 'wjdekgus77', 'qkslqksl951', 'yjn3492', 'mocha7411', 'jn12su27', 'cyj950925', 'zlapvmf', 'mis5660', 'anstjd1542', 'cbnuleejinwoo', 'dhkswk96', 'sumintnals', 'rhrna007', 'ohh99o9', '123whdxor', 'soddi1621', 'qncowlf10', 'ekdms0894', 'chltnwjd8530', 'wodnjssnsk12', 'pcs7123', 'immmin6677', 'lsj4677', 'hs960531', 'doog9601', 'kunge0054', 'ye02', 'qwerty0637', 'yoojeong9925', 'yoonek6719', 'juho4523', 'thddpwls257', 'palzmq', 'tnqls3409', 'idargu90', 'xogus102929', 'dnlek12', 'nargene', 'qowoans94', 'htj1104', 'genius_p', 'chvk4161', 'giung0227', 'josig2011', None, 'bw02203', 'k66773659', 'qottkf6194', 'piri940511', '5dustkd', 'cjsxodnd12', 'byeolguri', 'tjtks4730', 'dldnals2020', 'zeesoo1', 'sukjunyeo', 'leesk4869', 'lhc33820933', 'ybso1566']"
13,75,55,40,31,"['doog9601', 'eogn1004', 'koakhyunji', 'ye02', 'wjdekgus77', 'yoojeong9925', 'yoonek6719', 'yjn3492', 'thddpwls257', 'tnqls3409', 'mocha7411', 'jn12su27', 'xogus102929', 'zlapvmf', 'nargene', 'mis5660', 'anstjd1542', 'giung0227', 'cbnuleejinwoo', 'dhkswk96', 'sumintnals', 'josig2011', 'bw02203', 'k66773659', 'cjsxodnd12', 'soddi1621', 'qncowlf10', 'sukjunyeo', 'wodnjssnsk12', 'leesk4869', 'lsj4677']",23,"['bha00001', 'kepco2020a', 'chohyundong12', 'qwerty0637', 'qkslqksl951', 'juho4523', 'palzmq', 'idargu90', 'dnlek12', 'qowoans94', 'htj1104', 'genius_p', 'chvk4161', 'rhrna007', 'ohh99o9', 'qottkf6194', '5dustkd', '123whdxor', 'tjtks4730', 'ekdms0894', 'immmin6677', 'lhc33820933', 'hs960531']",9,"['kunge0054', 'yejin808', 'byeolguri', 'jhryu1994', 'sb9928', 'ghtlstnf7', 'ryuhoin2002', 'ybso1566', None]",63,"['eogn1004', 'koakhyunji', 'bha00001', 'kepco2020a', 'chohyundong12', 'wjdekgus77', 'jhryu1994', 'qkslqksl951', 'yjn3492', 'mocha7411', 'jn12su27', 'zlapvmf', 'ryuhoin2002', 'mis5660', 'anstjd1542', 'cbnuleejinwoo', 'dhkswk96', 'sb9928', 'sumintnals', 'rhrna007', 'ohh99o9', '123whdxor', 'soddi1621', 'qncowlf10', 'ekdms0894', 'wodnjssnsk12', 'immmin6677', 'lsj4677', 'hs960531', 'doog9601', 'kunge0054', 'ye02', 'qwerty0637', 'yoojeong9925', 'yoonek6719', 'juho4523', 'thddpwls257', 'palzmq', 'tnqls3409', 'idargu90', 'xogus102929', 'dnlek12', 'nargene', 'qowoans94', 'htj1104', 'genius_p', 'chvk4161', 'giung0227', 'ghtlstnf7', 'josig2011', None, 'bw02203', 'k66773659', 'qottkf6194', 'yejin808', '5dustkd', 'cjsxodnd12', 'byeolguri', 'tjtks4730', 'sukjunyeo', 'leesk4869', 'lhc33820933', 'ybso1566']"
13,363,55,39,31,"['bha00001', 'kepco2020a', 'chohyundong12', 'qwerty0637', 'qkslqksl951', 'juho4523', 'thddpwls257', 'palzmq', 'tnqls3409', 'idargu90', 'dnlek12', 'nargene', 'lsj4677', 'qowoans94', 'genius_p', 'htj1104', 'chvk4161', 'mis5660', 'giung0227', 'cbnuleejinwoo', 'rhrna007', 'bw02203', 'qottkf6194', 'ohh99o9', '5dustkd', '123whdxor', 'soddi1621', 'leesk4869', 'wodnjssnsk12', 'immmin6677', 'hs960531']",23,"['doog9601', 'eogn1004', 'koakhyunji', 'ye02', 'wjdekgus77', 'yoojeong9925', 'yoonek6719', 'yjn3492', 'mocha7411', 'jn12su27', 'xogus102929', 'zlapvmf', 'anstjd1542', 'dhkswk96', 'sumintnals', 'josig2011', 'k66773659', 'cjsxodnd12', 'tjtks4730', 'qncowlf10', 'ekdms0894', 'sukjunyeo', 'lhc33820933']",8,"['suyoneee', 'piri940511', 'ybso1566', 'dldnals2020', 'zeesoo1', 'chltnwjd8530', 'hansangpil', None]",62,"['eogn1004', 'koakhyunji', 'bha00001', 'kepco2020a', 'chohyundong12', 'wjdekgus77', 'hansangpil', 'qkslqksl951', 'yjn3492', 'suyoneee', 'mocha7411', 'jn12su27', 'zlapvmf', 'mis5660', 'anstjd1542', 'cbnuleejinwoo', 'dhkswk96', 'sumintnals', 'rhrna007', 'ohh99o9', '123whdxor', 'soddi1621', 'qncowlf10', 'ekdms0894', 'chltnwjd8530', 'wodnjssnsk12', 'immmin6677', 'lsj4677', 'hs960531', 'doog9601', 'ye02', 'qwerty0637', 'yoojeong9925', 'yoonek6719', 'juho4523', 'thddpwls257', 'palzmq', 'tnqls3409', 'idargu90', 'xogus102929', 'dnlek12', 'nargene', 'qowoans94', 'htj1104', 'genius_p', 'chvk4161', 'giung0227', 'josig2011', None, 'bw02203', 'k66773659', 'qottkf6194', 'piri940511', '5dustkd', 'cjsxodnd12', 'tjtks4730', 'dldnals2020', 'zeesoo1', 'sukjunyeo', 'leesk4869', 'lhc33820933', 'ybso1566']"
13,255,55,35,29,"['doog9601', 'eogn1004', 'koakhyunji', 'kepco2020a', 'ye02', 'wjdekgus77', 'qwerty0637', 'yoojeong9925', 'yoonek6719', 'qkslqksl951', 'yjn3492', 'thddpwls257', 'tnqls3409', 'jn12su27', 'zlapvmf', 'nargene', 'mis5660', 'anstjd1542', 'giung0227', 'cbnuleejinwoo', 'dhkswk96', 'sumintnals', 'josig2011', 'bw02203', 'k66773659', 'sukjunyeo', 'wodnjssnsk12', 'leesk4869', 'lsj4677']",25,"['bha00001', 'chohyundong12', 'juho4523', 'palzmq', 'mocha7411', 'idargu90', 'xogus102929', 'dnlek12', 'qowoans94', 'htj1104', 'genius_p', 'chvk4161', 'rhrna007', 'ohh99o9', 'qottkf6194', '5dustkd', 'cjsxodnd12', '123whdxor', 'tjtks4730', 'soddi1621', 'qncowlf10', 'ekdms0894', 'immmin6677', 'lhc33820933', 'hs960531']",6,"['byeolguri', 'jhryu1994', 'ghtlstnf7', 'ryuhoin2002', 'hyerim1006000', None]",60,"['eogn1004', 'koakhyunji', 'bha00001', 'kepco2020a', 'chohyundong12', 'wjdekgus77', 'jhryu1994', 'qkslqksl951', 'yjn3492', 'mocha7411', 'jn12su27', 'zlapvmf', 'ryuhoin2002', 'mis5660', 'anstjd1542', 'cbnuleejinwoo', 'dhkswk96', 'sumintnals', 'rhrna007', 'ohh99o9', '123whdxor', 'soddi1621', 'qncowlf10', 'ekdms0894', 'wodnjssnsk12', 'immmin6677', 'lsj4677', 'hs960531', 'doog9601', 'ye02', 'qwerty0637', 'yoojeong9925', 'yoonek6719', 'juho4523', 'thddpwls257', 'palzmq', 'tnqls3409', 'idargu90', 'xogus102929', 'dnlek12', 'nargene', 'qowoans94', 'htj1104', 'genius_p', 'chvk4161', 'giung0227', 'ghtlstnf7', 'josig2011', None, 'bw02203', 'k66773659', 'qottkf6194', '5dustkd', 'cjsxodnd12', 'byeolguri', 'tjtks4730', 'sukjunyeo', 'leesk4869', 'hyerim1006000', 'lhc33820933']"
13,268,55,34,24,"['doog9601', 'eogn1004', 'koakhyunji', 'kepco2020a', 'ye02', 'wjdekgus77', 'yoonek6719', 'yjn3492', 'juho4523', 'thddpwls257', 'mocha7411', 'jn12su27', 'xogus102929', 'mis5660', 'giung0227', 'cbnuleejinwoo', 'dhkswk96', 'sumintnals', 'josig2011', 'k66773659', 'sukjunyeo', 'wodnjssnsk12', 'leesk4869', 'lsj4677']",30,"['bha00001', 'chohyundong12', 'qwerty0637', 'yoojeong9925', 'qkslqksl951', 'palzmq', 'tnqls3409', 'idargu90', 'dnlek12', 'zlapvmf', 'nargene', 'qowoans94', 'htj1104', 'genius_p', 'anstjd1542', 'chvk4161', 'rhrna007', 'bw02203', 'ohh99o9', 'qottkf6194', '5dustkd', 'cjsxodnd12', '123whdxor', 'tjtks4730', 'soddi1621', 'qncowlf10', 'ekdms0894', 'immmin6677', 'lhc33820933', 'hs960531']",10,"['byeolguri', 'jgh1320', 'sb9928', 'ghtlstnf7', 'jhryu13', 'chltnwjd8530', 'ryuhoin2002', 'oms315', 'ybso1566', None]",64,"['eogn1004', 'koakhyunji', 'bha00001', 'kepco2020a', 'chohyundong12', 'wjdekgus77', 'qkslqksl951', 'yjn3492', 'mocha7411', 'jn12su27', 'zlapvmf', 'ryuhoin2002', 'mis5660', 'anstjd1542', 'cbnuleejinwoo', 'dhkswk96', 'jgh1320', 'sb9928', 'sumintnals', 'rhrna007', 'ohh99o9', '123whdxor', 'soddi1621', 'qncowlf10', 'ekdms0894', 'chltnwjd8530', 'wodnjssnsk12', 'immmin6677', 'lsj4677', 'hs960531', 'doog9601', 'ye02', 'qwerty0637', 'yoojeong9925', 'yoonek6719', 'oms315', 'juho4523', 'thddpwls257', 'palzmq', 'tnqls3409', 'idargu90', 'xogus102929', 'dnlek12', 'nargene', 'qowoans94', 'htj1104', 'genius_p', 'chvk4161', 'giung0227', 'ghtlstnf7', 'josig2011', None, 'bw02203', 'k66773659', 'qottkf6194', '5dustkd', 'cjsxodnd12', 'byeolguri', 'tjtks4730', 'jhryu13', 'sukjunyeo', 'leesk4869', 'lhc33820933', 'ybso1566']"
13,269,55,31,26,"['chohyundong12', 'yoojeong9925', 'qkslqksl951', 'palzmq', 'tnqls3409', 'dnlek12', 'nargene', 'qowoans94', 'genius_p', 'htj1104', 'anstjd1542', 'chvk4161', 'sumintnals', 'rhrna007', 'bw02203', 'k66773659', 'qottkf6194', 'ohh99o9', '5dustkd', 'cjsxodnd12', '123whdxor', 'soddi1621', 'qncowlf10', 'immmin6677', 'lhc33820933', 'hs960531']",28,"['doog9601', 'eogn1004', 'koakhyunji', 'bha00001', 'kepco2020a', 'ye02', 'wjdekgus77', 'qwerty0637', 'yoonek6719', 'juho4523', 'yjn3492', 'thddpwls257', 'mocha7411', 'jn12su27', 'xogus102929', 'idargu90', 'zlapvmf', 'mis5660', 'giung0227', 'cbnuleejinwoo', 'dhkswk96', 'josig2011', 'tjtks4730', 'ekdms0894', 'sukjunyeo', 'leesk4869', 'wodnjssnsk12', 'lsj4677']",5,"['kunge0054', 'dldnals2020', 'dhwjdtjrg', 'zeesoo1', None]",59,"['eogn1004', 'koakhyunji', 'bha00001', 'kepco2020a', 'chohyundong12', 'wjdekgus77', 'qkslqksl951', 'yjn3492', 'mocha7411', 'jn12su27', 'zlapvmf', 'mis5660', 'anstjd1542', 'cbnuleejinwoo', 'dhkswk96', 'sumintnals', 'rhrna007', 'ohh99o9', '123whdxor', 'soddi1621', 'qncowlf10', 'ekdms0894', 'wodnjssnsk12', 'immmin6677', 'lsj4677', 'hs960531', 'doog9601', 'kunge0054', 'ye02', 'qwerty0637', 'yoojeong9925', 'yoonek6719', 'juho4523', 'thddpwls257', 'palzmq', 'tnqls3409', 'idargu90', 'xogus102929', 'dnlek12', 'nargene', 'qowoans94', 'htj1104', 'genius_p', 'chvk4161', 'giung0227', 'josig2011', None, 'bw02203', 'k66773659', 'qottkf6194', '5dustkd', 'cjsxodnd12', 'tjtks4730', 'dldnals2020', 'dhwjdtjrg', 'zeesoo1', 'sukjunyeo', 'leesk4869', 'lhc33820933']"
13,254,55,29,25,"['chohyundong12', 'juho4523', 'palzmq', 'tnqls3409', 'mocha7411', 'xogus102929', 'dnlek12', 'zlapvmf', 'qowoans94', 'htj1104', 'genius_p', 'chvk4161', 'rhrna007', 'qottkf6194', 'ohh99o9', '5dustkd', 'cjsxodnd12', '123whdxor', 'soddi1621', 'ekdms0894', 'qncowlf10', 'wodnjssnsk12', 'immmin6677', 'lhc33820933', 'hs960531']",29,"['doog9601', 'eogn1004', 'koakhyunji', 'bha00001', 'kepco2020a', 'ye02', 'wjdekgus77', 'qwerty0637', 'yoojeong9925', 'yoonek6719', 'qkslqksl951', 'yjn3492', 'thddpwls257', 'jn12su27', 'idargu90', 'nargene', 'mis5660', 'anstjd1542', 'giung0227', 'cbnuleejinwoo', 'dhkswk96', 'sumintnals', 'josig2011', 'bw02203', 'k66773659', 'tjtks4730', 'sukjunyeo', 'leesk4869', 'lsj4677']",4,"['hansangpil', None, 'dldnals2020', 'ybso1566']",58,"['eogn1004', 'koakhyunji', 'bha00001', 'kepco2020a', 'chohyundong12', 'wjdekgus77', 'hansangpil', 'qkslqksl951', 'yjn3492', 'mocha7411', 'jn12su27', 'zlapvmf', 'mis5660', 'anstjd1542', 'cbnuleejinwoo', 'dhkswk96', 'sumintnals', 'rhrna007', 'ohh99o9', '123whdxor', 'soddi1621', 'qncowlf10', 'ekdms0894', 'wodnjssnsk12', 'immmin6677', 'lsj4677', 'hs960531', 'doog9601', 'ye02', 'qwerty0637', 'yoojeong9925', 'yoonek6719', 'juho4523', 'thddpwls257', 'palzmq', 'tnqls3409', 'idargu90', 'xogus102929', 'dnlek12', 'nargene', 'qowoans94', 'htj1104', 'genius_p', 'chvk4161', 'giung0227', 'josig2011', None, 'bw02203', 'k66773659', 'qottkf6194', '5dustkd', 'cjsxodnd12', 'tjtks4730', 'dldnals2020', 'sukjunyeo', 'leesk4869', 'lhc33820933', 'ybso1566']"
13,271,55,16,13,"['qowoans94', 'ohh99o9', 'htj1104', 'qottkf6194', 'chvk4161', 'palzmq', 'chohyundong12', 'mocha7411', '123whdxor', 'soddi1621', 'qncowlf10', 'immmin6677', 'hs960531']",41,"['doog9601', 'eogn1004', 'koakhyunji', 'bha00001', 'kepco2020a', 'ye02', 'wjdekgus77', 'qwerty0637', 'yoojeong9925', 'yoonek6719', 'qkslqksl951', 'juho4523', 'yjn3492', 'thddpwls257', 'tnqls3409', 'jn12su27', 'xogus102929', 'dnlek12', 'idargu90', 'zlapvmf', 'nargene', 'mis5660', 'genius_p', 'anstjd1542', 'giung0227', 'cbnuleejinwoo', 'dhkswk96', 'sumintnals', 'josig2011', 'rhrna007', 'bw02203', 'k66773659', '5dustkd', 'cjsxodnd12', 'tjtks4730', 'ekdms0894', 'sukjunyeo', 'leesk4869', 'wodnjssnsk12', 'lhc33820933', 'lsj4677']",3,"['yim5759', 'hansangpil', None]",57,"['doog9601', 'eogn1004', 'koakhyunji', 'bha00001', 'kepco2020a', 'chohyundong12', 'wjdekgus77', 'ye02', 'qwerty0637', 'yoojeong9925', 'yoonek6719', 'hansangpil', 'qkslqksl951', 'yjn3492', 'juho4523', 'thddpwls257', 'palzmq', 'tnqls3409', 'mocha7411', 'jn12su27', 'xogus102929', 'dnlek12', 'idargu90', 'zlapvmf', 'nargene', 'lsj4677', 'qowoans94', 'mis5660', 'htj1104', 'anstjd1542', 'giung0227', 'genius_p', 'cbnuleejinwoo', 'chvk4161', 'dhkswk96', 'sumintnals', 'yim5759', 'josig2011', 'rhrna007', None, 'bw02203', 'k66773659', 'ohh99o9', 'qottkf6194', '5dustkd', 'cjsxodnd12', '123whdxor', 'tjtks4730', 'soddi1621', 'qncowlf10', 'ekdms0894', 'sukjunyeo', 'leesk4869', 'wodnjssnsk12', 'immmin6677', 'lhc33820933', 'hs960531']"
13,272,55,13,11,"['thddpwls257', 'mis5660', 'kepco2020a', 'dhkswk96', 'qwerty0637', 'yoojeong9925', 'yoonek6719', 'nargene', 'josig2011', 'qkslqksl951', 'yjn3492']",43,"['doog9601', 'eogn1004', 'koakhyunji', 'bha00001', 'ye02', 'chohyundong12', 'wjdekgus77', 'juho4523', 'palzmq', 'tnqls3409', 'mocha7411', 'jn12su27', 'xogus102929', 'dnlek12', 'idargu90', 'zlapvmf', 'qowoans94', 'htj1104', 'genius_p', 'anstjd1542', 'giung0227', 'cbnuleejinwoo', 'chvk4161', 'sumintnals', 'hs960531', 'rhrna007', 'bw02203', 'k66773659', 'ohh99o9', 'qottkf6194', '5dustkd', 'cjsxodnd12', '123whdxor', 'tjtks4730', 'soddi1621', 'qncowlf10', 'ekdms0894', 'sukjunyeo', 'leesk4869', 'wodnjssnsk12', 'immmin6677', 'lhc33820933', 'lsj4677']",2,"[None, 'ryuhoin2002']",56,"['doog9601', 'eogn1004', 'koakhyunji', 'bha00001', 'kepco2020a', 'chohyundong12', 'wjdekgus77', 'ye02', 'qwerty0637', 'yoojeong9925', 'yoonek6719', 'qkslqksl951', 'yjn3492', 'juho4523', 'thddpwls257', 'palzmq', 'tnqls3409', 'mocha7411', 'jn12su27', 'xogus102929', 'dnlek12', 'idargu90', 'zlapvmf', 'nargene', 'ryuhoin2002', 'lsj4677', 'qowoans94', 'mis5660', 'htj1104', 'anstjd1542', 'giung0227', 'genius_p', 'cbnuleejinwoo', 'chvk4161', 'dhkswk96', 'sumintnals', 'josig2011', 'rhrna007', None, 'bw02203', 'k66773659', 'ohh99o9', 'qottkf6194', '5dustkd', 'cjsxodnd12', '123whdxor', 'tjtks4730', 'soddi1621', 'qncowlf10', 'ekdms0894', 'sukjunyeo', 'leesk4869', 'wodnjssnsk12', 'immmin6677', 'lhc33820933', 'hs960531']"
13,360,55,9,4,"['tnqls3409', 'ohh99o9', 'hs960531', '5dustkd']",50,"['doog9601', 'eogn1004', 'koakhyunji', 'bha00001', 'kepco2020a', 'chohyundong12', 'wjdekgus77', 'ye02', 'qwerty0637', 'yoojeong9925', 'yoonek6719', 'qkslqksl951', 'yjn3492', 'juho4523', 'thddpwls257', 'palzmq', 'mocha7411', 'jn12su27', 'xogus102929', 'dnlek12', 'idargu90', 'zlapvmf', 'nargene', 'lsj4677', 'qowoans94', 'mis5660', 'htj1104', 'anstjd1542', 'giung0227', 'genius_p', 'cbnuleejinwoo', 'chvk4161', 'dhkswk96', 'sumintnals', 'josig2011', 'rhrna007', 'bw02203', 'k66773659', 'qottkf6194', 'cjsxodnd12', '123whdxor', 'tjtks4730', 'soddi1621', 'qncowlf10', 'ekdms0894', 'sukjunyeo', 'leesk4869', 'wodnjssnsk12', 'immmin6677', 'lhc33820933']",5,"['suyoneee', 'piri940511', 'dldnals2020', 'ybso1566', None]",59,"['doog9601', 'eogn1004', 'koakhyunji', 'bha00001', 'kepco2020a', 'chohyundong12', 'wjdekgus77', 'ye02', 'qwerty0637', 'yoojeong9925', 'yoonek6719', 'qkslqksl951', 'yjn3492', 'juho4523', 'thddpwls257', 'suyoneee', 'palzmq', 'tnqls3409', 'mocha7411', 'jn12su27', 'xogus102929', 'dnlek12', 'idargu90', 'zlapvmf', 'nargene', 'lsj4677', 'qowoans94', 'mis5660', 'htj1104', 'anstjd1542', 'giung0227', 'genius_p', 'cbnuleejinwoo', 'chvk4161', 'dhkswk96', 'sumintnals', 'josig2011', 'rhrna007', None, 'bw02203', 'k66773659', 'ohh99o9', 'qottkf6194', 'piri940511', '5dustkd', 'cjsxodnd12', '123whdxor', 'tjtks4730', 'soddi1621', 'dldnals2020', 'qncowlf10', 'ekdms0894', 'sukjunyeo', 'leesk4869', 'wodnjssnsk12', 'immmin6677', 'lhc33820933', 'ybso1566', 'hs960531']"
13,270,55,8,6,"['eogn1004', 'koakhyunji', 'mis5660', 'anstjd1542', 'leesk4869', 'lsj4677']",48,"['doog9601', 'bha00001', 'kepco2020a', 'chohyundong12', 'wjdekgus77', 'ye02', 'qwerty0637', 'yoojeong9925', 'yoonek6719', 'qkslqksl951', 'yjn3492', 'juho4523', 'thddpwls257', 'palzmq', 'tnqls3409', 'mocha7411', 'jn12su27', 'xogus102929', 'dnlek12', 'idargu90', 'zlapvmf', 'nargene', 'qowoans94', 'htj1104', 'giung0227', 'genius_p', 'cbnuleejinwoo', 'chvk4161', 'dhkswk96', 'sumintnals', 'josig2011', 'rhrna007', 'bw02203', 'k66773659', 'ohh99o9', 'qottkf6194', '5dustkd', 'cjsxodnd12', '123whdxor', 'tjtks4730', 'soddi1621', 'qncowlf10', 'ekdms0894', 'sukjunyeo', 'wodnjssnsk12', 'immmin6677', 'lhc33820933', 'hs960531']",2,"[None, 'jhryu1994']",56,"['doog9601', 'eogn1004', 'koakhyunji', 'bha00001', 'kepco2020a', 'chohyundong12', 'wjdekgus77', 'ye02', 'jhryu1994', 'qwerty0637', 'yoojeong9925', 'yoonek6719', 'qkslqksl951', 'yjn3492', 'juho4523', 'thddpwls257', 'palzmq', 'tnqls3409', 'mocha7411', 'jn12su27', 'xogus102929', 'dnlek12', 'idargu90', 'zlapvmf', 'nargene', 'lsj4677', 'qowoans94', 'mis5660', 'htj1104', 'anstjd1542', 'giung0227', 'genius_p', 'cbnuleejinwoo', 'chvk4161', 'dhkswk96', 'sumintnals', 'josig2011', 'rhrna007', None, 'bw02203', 'k66773659', 'ohh99o9', 'qottkf6194', '5dustkd', 'cjsxodnd12', '123whdxor', 'tjtks4730', 'soddi1621', 'qncowlf10', 'ekdms0894', 'sukjunyeo', 'leesk4869', 'wodnjssnsk12', 'immmin6677', 'lhc33820933', 'hs960531']"
13,251,55,7,4,"['htj1104', 'genius_p', 'qwerty0637', 'immmin6677']",50,"['doog9601', 'eogn1004', 'koakhyunji', 'bha00001', 'kepco2020a', 'chohyundong12', 'wjdekgus77', 'ye02', 'yoojeong9925', 'yoonek6719', 'qkslqksl951', 'yjn3492', 'juho4523', 'thddpwls257', 'palzmq', 'tnqls3409', 'mocha7411', 'jn12su27', 'xogus102929', 'dnlek12', 'idargu90', 'zlapvmf', 'nargene', 'lsj4677', 'qowoans94', 'mis5660', 'anstjd1542', 'giung0227', 'cbnuleejinwoo', 'chvk4161', 'dhkswk96', 'sumintnals', 'josig2011', 'rhrna007', 'bw02203', 'k66773659', 'ohh99o9', 'qottkf6194', '5dustkd', 'cjsxodnd12', '123whdxor', 'tjtks4730', 'soddi1621', 'qncowlf10', 'ekdms0894', 'sukjunyeo', 'leesk4869', 'wodnjssnsk12', 'lhc33820933', 'hs960531']",3,"[None, 'dldnals2020', 'dhwjdtjrg']",57,"['doog9601', 'eogn1004', 'koakhyunji', 'bha00001', 'kepco2020a', 'chohyundong12', 'wjdekgus77', 'ye02', 'qwerty0637', 'yoojeong9925', 'yoonek6719', 'qkslqksl951', 'yjn3492', 'juho4523', 'thddpwls257', 'palzmq', 'tnqls3409', 'mocha7411', 'jn12su27', 'xogus102929', 'dnlek12', 'idargu90', 'zlapvmf', 'nargene', 'lsj4677', 'qowoans94', 'mis5660', 'htj1104', 'anstjd1542', 'giung0227', 'genius_p', 'cbnuleejinwoo', 'chvk4161', 'dhkswk96', 'sumintnals', 'josig2011', 'rhrna007', None, 'bw02203', 'k66773659', 'ohh99o9', 'qottkf6194', '5dustkd', 'cjsxodnd12', '123whdxor', 'tjtks4730', 'soddi1621', 'dldnals2020', 'qncowlf10', 'ekdms0894', 'dhwjdtjrg', 'sukjunyeo', 'leesk4869', 'wodnjssnsk12', 'immmin6677', 'lhc33820933', 'hs960531']"
14,325,52,23,18,"['xuwenting2000', 'azatar3', 'haoyuli3', 'dlee230', 'jiaruil4', 'huizhit2', 'magnaye2', 'dl20', 'ymyu2', 'bonianp2', 'adamato2', 'noahrh3', 'msaada2', 'jihoonp2', 'hanzhi2', 'konicek3', 'ziruiw2', 'khalilo2']",33,"['nathane3', 'meeraj2', 'ericli4', 'jkelle30', 'sbhujle2', 'loutris2', 'trishag3', 'mabdal6', 'zanh2', 'jaeyong2', 'pmcnutt2', 'alfadel2', 'rdelara2', 'kacperr2', 'mderka3', 'alexmf2', 'bsutton3', 'zg10', 'jordanm7', 'schumer2', 'aatass2', 'mlarson7', 'depew2', 'aeburke4', 'raetaylor', 'ninume2', 'luketk2', 'dosman3', 'tjoung2', 'corynne2', 'acnunes2', 'jlakomy2', 'bremig2']",5,"['haibog2', 'zhuoran8', 'glevita2', None, 'graceml2']",56,"['xuwenting2000', 'magnaye2', 'zhuoran8', 'nathane3', 'ymyu2', 'meeraj2', 'ericli4', 'jkelle30', 'hanzhi2', 'sbhujle2', 'konicek3', 'mabdal6', 'loutris2', 'trishag3', 'ziruiw2', 'khalilo2', 'graceml2', 'zanh2', 'haibog2', 'bonianp2', 'jaeyong2', 'msaada2', 'pmcnutt2', 'glevita2', 'alfadel2', 'rdelara2', 'kacperr2', 'mderka3', 'huizhit2', 'alexmf2', 'dl20', 'bsutton3', 'zg10', 'jordanm7', 'schumer2', 'aatass2', 'mlarson7', 'depew2', None, 'aeburke4', 'azatar3', 'haoyuli3', 'raetaylor', 'dlee230', 'jiaruil4', 'ninume2', 'luketk2', 'dosman3', 'tjoung2', 'adamato2', 'corynne2', 'noahrh3', 'jihoonp2', 'acnunes2', 'jlakomy2', 'bremig2']"
14,324,52,17,15,"['kacperr2', 'zanh2', 'ninume2', 'mderka3', 'alexmf2', 'dosman3', 'meeraj2', 'ericli4', 'jordanm7', 'aatass2', 'jkelle30', 'loutris2', 'mabdal6', 'bremig2', 'aeburke4']",36,"['xuwenting2000', 'magnaye2', 'nathane3', 'ymyu2', 'hanzhi2', 'sbhujle2', 'konicek3', 'trishag3', 'ziruiw2', 'khalilo2', 'bonianp2', 'jaeyong2', 'msaada2', 'pmcnutt2', 'alfadel2', 'rdelara2', 'huizhit2', 'bsutton3', 'dl20', 'zg10', 'schumer2', 'mlarson7', 'depew2', 'azatar3', 'haoyuli3', 'raetaylor', 'dlee230', 'jiaruil4', 'luketk2', 'tjoung2', 'adamato2', 'corynne2', 'noahrh3', 'jihoonp2', 'acnunes2', 'jlakomy2']",2,"['pgardo2', None]",53,"['xuwenting2000', 'magnaye2', 'nathane3', 'ymyu2', 'meeraj2', 'ericli4', 'jkelle30', 'hanzhi2', 'sbhujle2', 'konicek3', 'mabdal6', 'loutris2', 'trishag3', 'ziruiw2', 'khalilo2', 'zanh2', 'bonianp2', 'jaeyong2', 'msaada2', 'pmcnutt2', 'alfadel2', 'rdelara2', 'pgardo2', 'kacperr2', 'mderka3', 'huizhit2', 'alexmf2', 'dl20', 'bsutton3', 'zg10', 'jordanm7', 'schumer2', 'aatass2', 'mlarson7', 'depew2', None, 'aeburke4', 'azatar3', 'haoyuli3', 'raetaylor', 'dlee230', 'jiaruil4', 'ninume2', 'luketk2', 'dosman3', 'tjoung2', 'adamato2', 'corynne2', 'noahrh3', 'jihoonp2', 'acnunes2', 'jlakomy2', 'bremig2']"
15,165,51,7,6,"['evianaguilar', 'kezia27', 'rbregis', 'wantonpapi25', 'jbjunio4', 'veejayvaldez18']",44,"['njarski', 'hillano1', 'glebertdadol', 'lrpengson', 'gblopez', 'nate.johnvincent_1998', 'rbbutalid', 'chemebreo2013', 'jgmartecio', 'demcordova', 'njayjacosalem', 'justinetanyu', 'egevio', 'francokimberlyg', 'eizashimizu', 'dtguzon', 'cfbaldo', 'jgtan18', 'austine08', 'dbgatus', 'mjalamamu', 'iansantos', 'jopaobantang', 'mgang123', 'loreibelle', 'aiarabelo', 'sidjha', 'iegonzaga', 'rmichnovicz3', 'reubenarmahkwakye', 'kennwach19', 'dj1garza', 'bai1', 'epniones', 'roberto_louis_moran', 'wang3', 'oscar.oyola', 'slescayo', 'tmrodriguez', 'acdalabajan1', 'tonidicc', 'echotypist', 'naisukaizu', 'jaceyong24']",1,[None],51,"['njarski', 'hillano1', 'glebertdadol', 'lrpengson', 'gblopez', 'nate.johnvincent_1998', 'rbbutalid', 'chemebreo2013', 'wantonpapi25', 'jgmartecio', 'demcordova', 'njayjacosalem', 'justinetanyu', 'egevio', 'francokimberlyg', 'eizashimizu', 'dtguzon', 'cfbaldo', 'jgtan18', 'austine08', 'dbgatus', 'mjalamamu', 'iansantos', 'jopaobantang', 'mgang123', 'loreibelle', 'aiarabelo', 'sidjha', 'jbjunio4', 'iegonzaga', 'rmichnovicz3', 'reubenarmahkwakye', 'kezia27', 'kennwach19', 'rbregis', 'dj1garza', 'bai1', 'epniones', 'roberto_louis_moran', None, 'veejayvaldez18', 'wang3', 'evianaguilar', 'oscar.oyola', 'slescayo', 'tmrodriguez', 'acdalabajan1', 'tonidicc', 'echotypist', 'naisukaizu', 'jaceyong24']"
16,79,49,7,5,"['kleinstreuernc', 'elisacrisci', 'tnguye22', 'barrano247', 'bsherry']",43,"['nplonsk2', 'drcfrowlatt', 'jwburton', 'phytang', 'msdennen', 'mssaha', 'lpetruc', 'rors10', 'jaurban', 'private91', 'nanc.ventura', 'cfaccini', 'vtran0410', 'riyagarg28', 'asbellftw', 'tonyguy', 'fortouna.yannick974', 'monika1920', 'kb08802', 'joaoclcarvalho', 'abchitnis', 'nfatima', 'mblinov', 'bobbiethomas21', 'henschlmr', 'ahoerter', 'lagger.cyril', 'yohance.osborne', 'aanchal.abn', 'anthonyjmorciglio', 'smatthe2', 'j.toledo.mx', 'juanattard', 'nmemmos', 'stepien', 'marcellam.torres', 'kwatana6', 'binzhang', 'babu.12', 'mariascience', 'averycbradley', 'eleason', 'temitope746']",2,"['lilshay1999.lr', None]",50,"['nplonsk2', 'drcfrowlatt', 'jwburton', 'phytang', 'msdennen', 'mssaha', 'kleinstreuernc', 'lpetruc', 'rors10', 'jaurban', 'private91', 'nanc.ventura', 'tnguye22', 'cfaccini', 'vtran0410', 'riyagarg28', 'asbellftw', 'tonyguy', 'fortouna.yannick974', 'monika1920', 'kb08802', 'joaoclcarvalho', 'abchitnis', 'nfatima', 'mblinov', 'bobbiethomas21', 'elisacrisci', 'henschlmr', 'ahoerter', 'bsherry', None, 'lagger.cyril', 'yohance.osborne', 'aanchal.abn', 'anthonyjmorciglio', 'smatthe2', 'j.toledo.mx', 'juanattard', 'nmemmos', 'stepien', 'marcellam.torres', 'barrano247', 'kwatana6', 'binzhang', 'babu.12', 'lilshay1999.lr', 'mariascience', 'averycbradley', 'eleason', 'temitope746']"
16,80,49,7,4,"['kleinstreuernc', 'tnguye22', 'barrano247', 'elisacrisci']",44,"['nplonsk2', 'drcfrowlatt', 'jwburton', 'phytang', 'msdennen', 'mssaha', 'lpetruc', 'rors10', 'jaurban', 'private91', 'nanc.ventura', 'cfaccini', 'vtran0410', 'riyagarg28', 'asbellftw', 'tonyguy', 'fortouna.yannick974', 'monika1920', 'kb08802', 'joaoclcarvalho', 'abchitnis', 'nfatima', 'mblinov', 'bobbiethomas21', 'henschlmr', 'ahoerter', 'bsherry', 'lagger.cyril', 'yohance.osborne', 'aanchal.abn', 'anthonyjmorciglio', 'smatthe2', 'j.toledo.mx', 'juanattard', 'nmemmos', 'stepien', 'marcellam.torres', 'kwatana6', 'binzhang', 'babu.12', 'mariascience', 'averycbradley', 'eleason', 'temitope746']",3,"['lilshay1999.lr', None, 'afriasd']",51,"['nplonsk2', 'drcfrowlatt', 'jwburton', 'phytang', 'msdennen', 'mssaha', 'kleinstreuernc', 'lpetruc', 'rors10', 'jaurban', 'private91', 'nanc.ventura', 'tnguye22', 'cfaccini', 'vtran0410', 'riyagarg28', 'asbellftw', 'afriasd', 'tonyguy', 'fortouna.yannick974', 'monika1920', 'kb08802', 'joaoclcarvalho', 'abchitnis', 'nfatima', 'mblinov', 'bobbiethomas21', 'elisacrisci', 'henschlmr', 'ahoerter', 'bsherry', None, 'lagger.cyril', 'yohance.osborne', 'aanchal.abn', 'anthonyjmorciglio', 'smatthe2', 'j.toledo.mx', 'juanattard', 'nmemmos', 'stepien', 'marcellam.torres', 'barrano247', 'kwatana6', 'binzhang', 'babu.12', 'lilshay1999.lr', 'mariascience', 'averycbradley', 'eleason', 'temitope746']"
17,398,49,25,18,"['cheah', 'beh1017', 'cassielim99', 'niksyahmiadlibinabdulhalim', 'ridhwan', 'abudegracia', 'wongzhiyong13', 'tharshini.balakrishnan', 'kie190064', 'hui_ting0111', 'm.aliffhaikal', 'aliffshafiq63', 'kie190016', 'balquis', 'aidaaqilah', 'doubledotp', 'aimansanusi20', 'kie190019']",30,"['khairul.d.e.0204', 'alexanderfong11', 'kevin4749', 'robotbuildinglt', 'amosleecs', 'ste2', 'zheyau0717', 'ngjinen2', 'chanyoenghin', 'mabdullah478', 'zaismadimf', 'sohyonghou1221', 'kie190065', 'stm1912ds', 'wondwosent', 'wee', 'koi', 'kie190030', 'kie190033', 'mfaix707', 'leongeezheng', 'fleckn2', 'chanjingxian13351', 'didwldnd777', 'hasanshakir', 'csar36', 'pablomartinhigueras', 'themsd15849', 'wxb15386613499', 'aharonelnatan']",7,"['zhixian293', 'kie190507', 'kie190027', 'conanloke', 'tanhongjian', None, 'sharifah_fatmadiana']",55,"['cheah', 'beh1017', 'khairul.d.e.0204', 'zhixian293', 'abudegracia', 'alexanderfong11', 'kie190027', 'kevin4749', 'aidaaqilah', 'robotbuildinglt', 'amosleecs', 'ste2', 'zheyau0717', 'kie190019', 'wxb15386613499', 'ngjinen2', 'chanyoenghin', 'mabdullah478', 'm.aliffhaikal', 'aliffshafiq63', 'zaismadimf', 'kie190016', 'doubledotp', 'sohyonghou1221', 'kie190065', 'sharifah_fatmadiana', 'cassielim99', 'niksyahmiadlibinabdulhalim', 'stm1912ds', 'wondwosent', 'tharshini.balakrishnan', 'kie190507', 'hui_ting0111', 'wee', 'koi', 'tanhongjian', 'kie190030', 'kie190033', 'mfaix707', 'leongeezheng', None, 'fleckn2', 'chanjingxian13351', 'ridhwan', 'didwldnd777', 'hasanshakir', 'wongzhiyong13', 'kie190064', 'csar36', 'conanloke', 'balquis', 'pablomartinhigueras', 'themsd15849', 'aimansanusi20', 'aharonelnatan']"
18,68,47,33,31,"['mrodart2', 'afabraha', 'bryanibarramercado', 'aplantz', 'rkoliver', 'bibarram', 'yzenkov', 'odorr', 'ajgarc30', 'rsailus', 'gjategao', 'eaamonoo', 'jawrig18', 'xxzamuzaxx', 'kayleswo', 'twanless', 'jjdyck', 'naturne1', 'bakenne3', 'lzpowers', 'lfowkes', 'dpastorm', 'phays1', 'mdlevin2', 'lsingh7', 'rdelloli', 'plbrown5', 'ttbulen', 'crogelba', 'sfisco', 'dcfarr']",15,"['electrical1362', 'setrusse', 'aliahmed22_21', 'pawar.38', 'jcbonner', 'smorenoa', 'trackiraq6874', 'kadimkh8', 'aville17', 'jburchar', 'mkurecki', 'pankajkumarcollege', 'mohammadyaqoop62', 'msc.rusul', 'cristinaherz']",2,"['ijsxa', None]",48,"['trackiraq6874', 'bryanibarramercado', 'aplantz', 'mohammadyaqoop62', 'pawar.38', 'jcbonner', 'yzenkov', 'aville17', 'gjategao', 'rsailus', 'xxzamuzaxx', 'jawrig18', 'aliahmed22_21', 'naturne1', 'bakenne3', 'lzpowers', 'dpastorm', 'mdlevin2', 'rdelloli', 'jburchar', 'ttbulen', 'mkurecki', 'sfisco', 'mrodart2', 'smorenoa', 'afabraha', 'kadimkh8', 'rkoliver', 'msc.rusul', 'cristinaherz', 'bibarram', 'odorr', 'setrusse', 'ajgarc30', 'eaamonoo', 'kayleswo', 'jjdyck', 'twanless', 'lfowkes', None, 'electrical1362', 'phays1', 'ijsxa', 'lsingh7', 'plbrown5', 'crogelba', 'pankajkumarcollege', 'dcfarr']"
18,69,47,14,4,"['mohammadyaqoop62', 'trackiraq6874', 'aliahmed22_21', 'msc.rusul']",42,"['mrodart2', 'smorenoa', 'afabraha', 'kadimkh8', 'bryanibarramercado', 'aplantz', 'rkoliver', 'cristinaherz', 'pawar.38', 'jcbonner', 'bibarram', 'yzenkov', 'odorr', 'aville17', 'setrusse', 'ajgarc30', 'rsailus', 'gjategao', 'eaamonoo', 'jawrig18', 'xxzamuzaxx', 'kayleswo', 'dcfarr', 'jjdyck', 'twanless', 'naturne1', 'bakenne3', 'lzpowers', 'lfowkes', 'electrical1362', 'dpastorm', 'phays1', 'mdlevin2', 'lsingh7', 'rdelloli', 'plbrown5', 'jburchar', 'crogelba', 'pankajkumarcollege', 'mkurecki', 'sfisco', 'ttbulen']",10,"['saja1987', 'monerawheed', 'huda001995', 'mohamedalhamed86', 'alaa90mohammed', 'wasanloay19', 'riyad2015', 'aa469635295', None, 'ahmed424800']",56,"['saja1987', 'monerawheed', 'mrodart2', 'smorenoa', 'mohamedalhamed86', 'jburchar', 'trackiraq6874', 'afabraha', 'kadimkh8', 'bryanibarramercado', 'rkoliver', 'aplantz', 'mohammadyaqoop62', 'msc.rusul', 'cristinaherz', 'pawar.38', 'jcbonner', 'bibarram', 'yzenkov', 'riyad2015', 'odorr', 'aville17', 'setrusse', 'ajgarc30', 'rsailus', 'gjategao', 'eaamonoo', 'jawrig18', 'xxzamuzaxx', 'ahmed424800', 'aliahmed22_21', 'kayleswo', 'huda001995', 'jjdyck', 'twanless', 'naturne1', 'bakenne3', 'wasanloay19', 'lzpowers', 'lfowkes', 'aa469635295', None, 'electrical1362', 'dpastorm', 'phays1', 'mdlevin2', 'alaa90mohammed', 'lsingh7', 'rdelloli', 'plbrown5', 'ttbulen', 'crogelba', 'pankajkumarcollege', 'mkurecki', 'sfisco', 'dcfarr']"
19,124,45,28,27,"['2016.amol.shinde', 'ritanshu.agrawal', 'rutujaghatge', 'onkar7798', '2016.jay.sonawane', 'phosphophyllite', '2016.sairaj.rikame', 'kajollandge26', 'ritanshu', '2016.varenya.bhatt', '2016.kajal.ghadge', 'ej2014.nikita.kamble', '2016.aditi.jadhav', '2016.manthan.sonawane', 'vindhya1234', '2016.prathamesh.kulkarni', 'paritoshdixit84', 'patilashish6517', 'aditya159896', 'utkarsh0604', '2016.vinayak.lohote', 'akshaya169', 'anish.jha', 'sarika.kuhikar', '2016.srujana.kotur', 'poojakindre', 'chshoaib7']",17,"['sid_04', '2016.rohit.shelke', '2016.anurag.mishra', '2016.saloni.salvi', 'janvi20', '2016.akshara.thaivalappil', '2016.sachin.varak', 'anuragmishra575', '2016.shantanu.suryavanshi', '2016.abhishek.sambherao', '2016.aniket.salgaonkar', '2016.siddhant.nashte', '2016.sachin.nair', '2016.heman.parashar', '2016.aditya.pawar', '2016.abhik.mirdha', '2016.vinita.chanchlani']",1,[None],45,"['2016.amol.shinde', 'ritanshu.agrawal', '2016.saloni.salvi', 'rutujaghatge', 'onkar7798', '2016.jay.sonawane', 'phosphophyllite', '2016.sairaj.rikame', '2016.sachin.nair', '2016.siddhant.nashte', '2016.heman.parashar', '2016.aditya.pawar', 'kajollandge26', 'ritanshu', '2016.anurag.mishra', '2016.varenya.bhatt', '2016.kajal.ghadge', '2016.sachin.varak', '2016.shantanu.suryavanshi', 'ej2014.nikita.kamble', '2016.aditi.jadhav', '2016.manthan.sonawane', 'sid_04', 'vindhya1234', '2016.rohit.shelke', '2016.prathamesh.kulkarni', 'paritoshdixit84', 'patilashish6517', '2016.akshara.thaivalappil', 'anuragmishra575', '2016.abhishek.sambherao', 'aditya159896', 'utkarsh0604', '2016.vinayak.lohote', 'janvi20', 'anish.jha', '2016.vinita.chanchlani', 'akshaya169', '2016.srujana.kotur', 'sarika.kuhikar', None, 'poojakindre', 'chshoaib7', '2016.aniket.salgaonkar', '2016.abhik.mirdha']"
19,130,45,17,11,"['2016.prathamesh.kulkarni', 'paritoshdixit84', 'onkar7798', '2016.saloni.salvi', '2016.sachin.varak', 'phosphophyllite', 'aditya159896', '2016.siddhant.nashte', '2016.aditi.jadhav', '2016.vinita.chanchlani', 'kajollandge26']",33,"['2016.amol.shinde', 'ritanshu.agrawal', 'rutujaghatge', '2016.jay.sonawane', '2016.sairaj.rikame', '2016.sachin.nair', '2016.heman.parashar', '2016.aditya.pawar', 'ritanshu', '2016.anurag.mishra', '2016.varenya.bhatt', '2016.kajal.ghadge', '2016.shantanu.suryavanshi', 'ej2014.nikita.kamble', '2016.manthan.sonawane', 'sid_04', 'vindhya1234', '2016.rohit.shelke', 'patilashish6517', '2016.akshara.thaivalappil', 'anuragmishra575', '2016.abhishek.sambherao', 'utkarsh0604', '2016.vinayak.lohote', 'janvi20', 'anish.jha', 'akshaya169', '2016.srujana.kotur', 'sarika.kuhikar', 'poojakindre', 'chshoaib7', '2016.aniket.salgaonkar', '2016.abhik.mirdha']",6,"['manthannaik571', '2016.jasraj.choulkar', '2016.bhagyashree.brahmankar', 'eq2014.jiwane.taksham', '2016.saloni.karale', None]",50,"['2016.amol.shinde', 'ritanshu.agrawal', '2016.saloni.salvi', 'rutujaghatge', 'onkar7798', '2016.bhagyashree.brahmankar', '2016.jay.sonawane', 'phosphophyllite', '2016.sairaj.rikame', '2016.sachin.nair', '2016.siddhant.nashte', '2016.saloni.karale', '2016.heman.parashar', '2016.aditya.pawar', 'kajollandge26', 'ritanshu', '2016.anurag.mishra', '2016.varenya.bhatt', '2016.kajal.ghadge', 'manthannaik571', '2016.jasraj.choulkar', '2016.sachin.varak', '2016.shantanu.suryavanshi', 'ej2014.nikita.kamble', '2016.aditi.jadhav', '2016.manthan.sonawane', 'sid_04', 'vindhya1234', '2016.rohit.shelke', '2016.prathamesh.kulkarni', 'paritoshdixit84', 'patilashish6517', '2016.akshara.thaivalappil', 'anuragmishra575', '2016.abhishek.sambherao', 'aditya159896', 'utkarsh0604', '2016.vinayak.lohote', 'janvi20', 'anish.jha', '2016.vinita.chanchlani', 'akshaya169', '2016.srujana.kotur', 'sarika.kuhikar', None, 'poojakindre', 'chshoaib7', 'eq2014.jiwane.taksham', '2016.aniket.salgaonkar', '2016.abhik.mirdha']"
19,126,45,14,13,"['2016.amol.shinde', '2016.rohit.shelke', '2016.anurag.mishra', '2016.saloni.salvi', 'paritoshdixit84', '2016.akshara.thaivalappil', '2016.sachin.varak', '2016.jay.sonawane', '2016.shantanu.suryavanshi', '2016.aniket.salgaonkar', '2016.sachin.nair', '2016.siddhant.nashte', '2016.aditya.pawar']",31,"['ritanshu.agrawal', 'rutujaghatge', 'onkar7798', 'phosphophyllite', '2016.sairaj.rikame', '2016.heman.parashar', 'kajollandge26', 'ritanshu', '2016.varenya.bhatt', '2016.kajal.ghadge', 'ej2014.nikita.kamble', '2016.aditi.jadhav', '2016.manthan.sonawane', 'sid_04', 'vindhya1234', '2016.prathamesh.kulkarni', 'patilashish6517', 'anuragmishra575', '2016.abhishek.sambherao', 'aditya159896', 'utkarsh0604', '2016.vinayak.lohote', 'janvi20', 'anish.jha', '2016.vinita.chanchlani', 'akshaya169', '2016.srujana.kotur', 'sarika.kuhikar', 'poojakindre', 'chshoaib7', '2016.abhik.mirdha']",1,[None],45,"['2016.amol.shinde', 'ritanshu.agrawal', '2016.saloni.salvi', 'rutujaghatge', 'onkar7798', '2016.jay.sonawane', 'phosphophyllite', '2016.sairaj.rikame', '2016.sachin.nair', '2016.siddhant.nashte', '2016.heman.parashar', '2016.aditya.pawar', 'kajollandge26', 'ritanshu', '2016.anurag.mishra', '2016.varenya.bhatt', '2016.kajal.ghadge', '2016.sachin.varak', '2016.shantanu.suryavanshi', 'ej2014.nikita.kamble', '2016.aditi.jadhav', '2016.manthan.sonawane', 'sid_04', 'vindhya1234', '2016.rohit.shelke', '2016.prathamesh.kulkarni', 'paritoshdixit84', 'patilashish6517', '2016.akshara.thaivalappil', 'anuragmishra575', '2016.abhishek.sambherao', 'aditya159896', 'utkarsh0604', '2016.vinayak.lohote', 'janvi20', 'anish.jha', '2016.vinita.chanchlani', 'akshaya169', '2016.srujana.kotur', 'sarika.kuhikar', None, 'poojakindre', 'chshoaib7', '2016.aniket.salgaonkar', '2016.abhik.mirdha']"
19,127,45,14,13,"['vindhya1234', '2016.prathamesh.kulkarni', 'poojakindre', 'onkar7798', 'rutujaghatge', 'paritoshdixit84', 'phosphophyllite', 'aditya159896', 'utkarsh0604', '2016.aditi.jadhav', 'kajollandge26', '2016.vinita.chanchlani', '2016.srujana.kotur']",31,"['2016.amol.shinde', 'ritanshu.agrawal', '2016.saloni.salvi', '2016.jay.sonawane', '2016.sairaj.rikame', '2016.sachin.nair', '2016.siddhant.nashte', '2016.heman.parashar', '2016.aditya.pawar', 'ritanshu', '2016.anurag.mishra', '2016.varenya.bhatt', '2016.kajal.ghadge', '2016.sachin.varak', '2016.shantanu.suryavanshi', 'ej2014.nikita.kamble', '2016.manthan.sonawane', 'sid_04', '2016.rohit.shelke', 'patilashish6517', '2016.akshara.thaivalappil', 'anuragmishra575', '2016.abhishek.sambherao', '2016.vinayak.lohote', 'janvi20', 'anish.jha', 'akshaya169', 'sarika.kuhikar', 'chshoaib7', '2016.aniket.salgaonkar', '2016.abhik.mirdha']",1,[None],45,"['2016.amol.shinde', 'ritanshu.agrawal', '2016.saloni.salvi', 'rutujaghatge', 'onkar7798', '2016.jay.sonawane', 'phosphophyllite', '2016.sairaj.rikame', '2016.sachin.nair', '2016.siddhant.nashte', '2016.heman.parashar', '2016.aditya.pawar', 'kajollandge26', 'ritanshu', '2016.anurag.mishra', '2016.varenya.bhatt', '2016.kajal.ghadge', '2016.sachin.varak', '2016.shantanu.suryavanshi', 'ej2014.nikita.kamble', '2016.aditi.jadhav', '2016.manthan.sonawane', 'sid_04', 'vindhya1234', '2016.rohit.shelke', '2016.prathamesh.kulkarni', 'paritoshdixit84', 'patilashish6517', '2016.akshara.thaivalappil', 'anuragmishra575', '2016.abhishek.sambherao', 'aditya159896', 'utkarsh0604', '2016.vinayak.lohote', 'janvi20', 'anish.jha', '2016.vinita.chanchlani', 'akshaya169', '2016.srujana.kotur', 'sarika.kuhikar', None, 'poojakindre', 'chshoaib7', '2016.aniket.salgaonkar', '2016.abhik.mirdha']"
19,128,45,11,10,"['2016.amol.shinde', '2016.saloni.salvi', 'onkar7798', '2016.shantanu.suryavanshi', '2016.abhishek.sambherao', '2016.aniket.salgaonkar', 'aditya159896', '2016.sachin.nair', '2016.heman.parashar', '2016.abhik.mirdha']",34,"['ritanshu.agrawal', 'rutujaghatge', '2016.jay.sonawane', 'phosphophyllite', '2016.sairaj.rikame', '2016.siddhant.nashte', '2016.aditya.pawar', 'kajollandge26', 'ritanshu', '2016.anurag.mishra', '2016.varenya.bhatt', '2016.kajal.ghadge', '2016.sachin.varak', 'ej2014.nikita.kamble', '2016.aditi.jadhav', '2016.manthan.sonawane', 'sid_04', 'vindhya1234', '2016.rohit.shelke', '2016.prathamesh.kulkarni', 'paritoshdixit84', 'patilashish6517', '2016.akshara.thaivalappil', 'anuragmishra575', 'utkarsh0604', '2016.vinayak.lohote', 'janvi20', 'anish.jha', '2016.vinita.chanchlani', 'akshaya169', '2016.srujana.kotur', 'sarika.kuhikar', 'poojakindre', 'chshoaib7']",1,[None],45,"['2016.amol.shinde', 'ritanshu.agrawal', '2016.saloni.salvi', 'rutujaghatge', 'onkar7798', '2016.jay.sonawane', 'phosphophyllite', '2016.sairaj.rikame', '2016.sachin.nair', '2016.siddhant.nashte', '2016.heman.parashar', '2016.aditya.pawar', 'kajollandge26', 'ritanshu', '2016.anurag.mishra', '2016.varenya.bhatt', '2016.kajal.ghadge', '2016.sachin.varak', '2016.shantanu.suryavanshi', 'ej2014.nikita.kamble', '2016.aditi.jadhav', '2016.manthan.sonawane', 'sid_04', 'vindhya1234', '2016.rohit.shelke', '2016.prathamesh.kulkarni', 'paritoshdixit84', 'patilashish6517', '2016.akshara.thaivalappil', 'anuragmishra575', '2016.abhishek.sambherao', 'aditya159896', 'utkarsh0604', '2016.vinayak.lohote', 'janvi20', 'anish.jha', '2016.vinita.chanchlani', 'akshaya169', '2016.srujana.kotur', 'sarika.kuhikar', None, 'poojakindre', 'chshoaib7', '2016.aniket.salgaonkar', '2016.abhik.mirdha']"
19,129,45,10,8,"['vindhya1234', '2016.akshara.thaivalappil', 'anuragmishra575', '2016.sachin.varak', '2016.siddhant.nashte', '2016.heman.parashar', '2016.aditya.pawar', '2016.abhik.mirdha']",36,"['2016.amol.shinde', 'ritanshu.agrawal', '2016.saloni.salvi', 'rutujaghatge', 'onkar7798', '2016.jay.sonawane', 'phosphophyllite', '2016.sairaj.rikame', '2016.sachin.nair', 'kajollandge26', 'ritanshu', '2016.anurag.mishra', '2016.varenya.bhatt', '2016.kajal.ghadge', '2016.shantanu.suryavanshi', 'ej2014.nikita.kamble', '2016.aditi.jadhav', '2016.manthan.sonawane', 'sid_04', '2016.rohit.shelke', '2016.prathamesh.kulkarni', 'paritoshdixit84', 'patilashish6517', '2016.abhishek.sambherao', 'aditya159896', 'utkarsh0604', '2016.vinayak.lohote', 'janvi20', 'anish.jha', '2016.vinita.chanchlani', 'akshaya169', '2016.srujana.kotur', 'sarika.kuhikar', 'poojakindre', 'chshoaib7', '2016.aniket.salgaonkar']",2,"[None, '2016.hrishikesh.warrier']",46,"['2016.amol.shinde', 'ritanshu.agrawal', '2016.saloni.salvi', 'rutujaghatge', 'onkar7798', '2016.jay.sonawane', 'phosphophyllite', '2016.sairaj.rikame', '2016.sachin.nair', '2016.siddhant.nashte', '2016.heman.parashar', '2016.aditya.pawar', 'kajollandge26', 'ritanshu', '2016.anurag.mishra', '2016.varenya.bhatt', '2016.kajal.ghadge', '2016.sachin.varak', '2016.shantanu.suryavanshi', 'ej2014.nikita.kamble', '2016.aditi.jadhav', '2016.manthan.sonawane', 'sid_04', 'vindhya1234', '2016.rohit.shelke', '2016.prathamesh.kulkarni', 'paritoshdixit84', 'patilashish6517', '2016.akshara.thaivalappil', 'anuragmishra575', '2016.abhishek.sambherao', 'aditya159896', 'utkarsh0604', '2016.vinayak.lohote', 'janvi20', 'anish.jha', '2016.vinita.chanchlani', 'akshaya169', '2016.srujana.kotur', 'sarika.kuhikar', None, '2016.hrishikesh.warrier', 'poojakindre', 'chshoaib7', '2016.aniket.salgaonkar', '2016.abhik.mirdha']"
19,125,45,6,5,"['sid_04', 'poojakindre', 'aditya159896', 'janvi20', 'sarika.kuhikar']",39,"['2016.amol.shinde', 'ritanshu.agrawal', '2016.saloni.salvi', 'rutujaghatge', 'onkar7798', '2016.jay.sonawane', 'phosphophyllite', '2016.sairaj.rikame', '2016.sachin.nair', '2016.siddhant.nashte', '2016.heman.parashar', '2016.aditya.pawar', 'kajollandge26', 'ritanshu', '2016.anurag.mishra', '2016.varenya.bhatt', '2016.kajal.ghadge', '2016.sachin.varak', '2016.shantanu.suryavanshi', 'ej2014.nikita.kamble', '2016.aditi.jadhav', '2016.manthan.sonawane', 'vindhya1234', '2016.rohit.shelke', '2016.prathamesh.kulkarni', 'paritoshdixit84', 'patilashish6517', '2016.akshara.thaivalappil', 'anuragmishra575', '2016.abhishek.sambherao', 'utkarsh0604', '2016.vinayak.lohote', 'anish.jha', '2016.vinita.chanchlani', 'akshaya169', '2016.srujana.kotur', 'chshoaib7', '2016.aniket.salgaonkar', '2016.abhik.mirdha']",1,[None],45,"['2016.amol.shinde', 'ritanshu.agrawal', '2016.saloni.salvi', 'rutujaghatge', 'onkar7798', '2016.jay.sonawane', 'phosphophyllite', '2016.sairaj.rikame', '2016.sachin.nair', '2016.siddhant.nashte', '2016.heman.parashar', '2016.aditya.pawar', 'kajollandge26', 'ritanshu', '2016.anurag.mishra', '2016.varenya.bhatt', '2016.kajal.ghadge', '2016.sachin.varak', '2016.shantanu.suryavanshi', 'ej2014.nikita.kamble', '2016.aditi.jadhav', '2016.manthan.sonawane', 'sid_04', 'vindhya1234', '2016.rohit.shelke', '2016.prathamesh.kulkarni', 'paritoshdixit84', 'patilashish6517', '2016.akshara.thaivalappil', 'anuragmishra575', '2016.abhishek.sambherao', 'aditya159896', 'utkarsh0604', '2016.vinayak.lohote', 'janvi20', 'anish.jha', '2016.vinita.chanchlani', 'akshaya169', '2016.srujana.kotur', 'sarika.kuhikar', None, 'poojakindre', 'chshoaib7', '2016.aniket.salgaonkar', '2016.abhik.mirdha']"
20,273,43,271,29,"['aaprelik', 'jmickow', 'shethm', 'siu2', 'cho372', 'richtern', 'dixon82', 'lauerc', 'nhuntine', 'gleasonb', 'cblackm', 'doherty6', 'patel784', 'yount', 'smit2827', 'davidrgowan', 'kiefern', 'kocher1', 'jiang655', 'smit3184', 'butzz', 'liu2512', 'nfei', 'hopkin43', 'hall363', 'mtbarrette01', 'abora', 'pcase', 'zhao988']",13,"['chung189', 'dangratz99', 'sharp52', 'kerre', 'psmading', 'kfuria', 'hansonni', 'elikroller', 'nielsenk', 'wang3138', 'daveguo614', 'cibrahim', 'wagne236']",242,"['mart1380', 'patel731', 'doyle75', 'cdtorres', 'cregers', 'engc', 'ssaradhi', 'jin376', 'lee2614', 'jdumblet', 'mheighwa', 'mohdshah', 'ghais', 'amcgoff', 'dkahmann', 'the.mark.sargent', 'dkuen', 'stewa238', 'pillai7', 'wning', 'yao201', 'chen2122', 'zubik', 'ewilhite', 'abosshar', 'gupta393', 'cmenden', 'eashburn', 'obalican', 'nabdrahn', 'yshousha', 'kvansan', 'nkhuu', 'klipiszk', 'cheeseballs99', 'jmacatan', 'harri670', 'lawrencr', 'kinserc', 'gcesar', 'tmerric', 'apanuga', 'ftangpoo', 'mmohdzai', 'tglavan', 'iyengar1', 'tan254', 'gjensen', 'atruver', 'marisol', 'msargen', 'mart1391', 'vogel30', 'sanjiv3damo', 'woo49', 'rutherfb', 'ford.l.piano.guitar', 'rathi4', 'mheiland', 'bkeel', 'yang1865', 'tdarmon', 'akick', 'rturk8292', 'cwidak', 'malhamm', 'lyanni', 'kumar212', 'pickera', 'slillig', 'mfess', 'dleoni', 'lmackin', 'stockb', 'choi333', 'li3604', 'mathur30', 'stark22', 'lm45000', 'anniebreidinger', 'jeigenbr', 'zhan3624', 'yeungd', 'ashwarts', 'singer15', 'jhulsize', 'tnoor', 'ali113', 'jbuehrle', 'nwegh', 'mudd3', 'dzadoks', 'mornings', '17scotta', 'gao499', 'jnasiboov', 'psakamot', 'gratz', 'emarches', 'kmotwan', 'verma52', 'white559', 'hillej', 'nikitasridhar14', 'msuter', 'rdrager', 'tmccoll', 'jai104', 'uuraechu', 'adamdmiller17', 'ecave', 'allisonbosshart', 'kzeligso', 'akapko', 'wisler0', 'mbraner', 'jaloi', 'spear9', 'dmassow', 'abelkiew', 'zfrank64', 'etitheyeti98', 'song609', 'mcginn1', 'bcaffert', 'smit3177', 'freyg', '3ksnn64', 'suixiong8', 'layyar', 'butchko', 'mohanc', 'xing36', 'rweedon', 'bpolinsk', 'davidsml', 'mpisoni', 'efeldman', 'oelsher', 'bcasler', 'lowe77', 'asabo2893', 'msulaima', 'baile261', 'cccyyj720', 'brewer66', 'edreifue', 'chao26', 'mfarnell', 'strachan', 'uasoluka', 'peter514', 'gray244', 'cole.breseman', 'hschennu', 'ctow', 'adams410', 'baker493', 'ellis99', 'kozelr', 'aperitor', 'natoli0', 'bowman96', 'yang1420', 'agrillo', 'nail', 'iclyde', 'mcurto', 'pjcali3', 'hgrover', 'hill399', 'cvasq69', 'ithakor', 'pshashi', 'cbresema', 'gtribe', 'vudayamo', 'sedgerto', 'abhalcha', 'mmshank16', 'jo46', 'kang264', 'bgrandst', 'mtrivell', 'gnishibu', 'epiergal', 'ghosh36', 'do26', 'roth51', 'bwitchie', 'mart1180', 'peck28', 'aleidli', 'rhinesj', 'osantang', 'tu37', 'ceckste', 'saboa', 'eloewe', 'ebilionis', 'schuman1', 'everbru', 'xu1020', 'jlorah', 'chiang56', 'rmadhuja', 'avwenning', 'srothsch', 'xose.amo', 'lthursto', 'coolnikitav', 'deshmukp', 'schro118', 'li2722', 'redmanr', 'sgrzych', 'bamorim', 'awennin', 'egarayev', 'li2709', 'jpdero2', 'bullock8', 'mill2119', 'shoafn', 'aidanc_purdue', 'george92', 'alotaib6', 'costel10', 'jfitzhu', 'colewilloughby1125', 'dlarocco', 'tpownell', 'ericshen628', 'mishra94', 'lrigsbee', 'goodma27', 'ding202', 'kbebris', 'soni12', 'bernarm', 'meyer264', 'dragoneye']",284,"['mart1380', 'patel731', 'doyle75', 'cdtorres', 'cregers', 'engc', 'ssaradhi', 'jin376', 'lee2614', 'cho372', 'jdumblet', 'mheighwa', 'mohdshah', 'ghais', 'amcgoff', 'smit2827', 'dkahmann', 'the.mark.sargent', 'dkuen', 'stewa238', 'pillai7', 'wning', 'yao201', 'chen2122', 'zubik', 'ewilhite', 'abosshar', 'gupta393', 'cmenden', 'eashburn', 'obalican', 'nabdrahn', 'yshousha', 'kvansan', 'nkhuu', 'klipiszk', 'cheeseballs99', 'jmacatan', 'harri670', 'lawrencr', 'kinserc', 'dangratz99', 'gcesar', 'tmerric', 'apanuga', 'ftangpoo', 'mmohdzai', 'cibrahim', 'tglavan', 'iyengar1', 'tan254', 'gjensen', 'atruver', 'marisol', 'cblackm', 'wagne236', 'msargen', 'mart1391', 'vogel30', 'sanjiv3damo', 'woo49', 'rutherfb', 'kiefern', 'ford.l.piano.guitar', 'jiang655', 'butzz', 'rathi4', 'hopkin43', 'mheiland', 'mtbarrette01', 'bkeel', 'yang1865', 'tdarmon', 'akick', 'rturk8292', 'psmading', 'cwidak', 'malhamm', 'lyanni', 'kumar212', 'pickera', 'slillig', 'mfess', 'dleoni', 'richtern', 'lmackin', 'stockb', 'choi333', 'li3604', 'mathur30', 'stark22', 'lm45000', 'anniebreidinger', 'davidrgowan', 'jeigenbr', 'zhan3624', 'kocher1', 'yeungd', 'ashwarts', 'singer15', 'jhulsize', 'tnoor', 'elikroller', 'ali113', 'jbuehrle', 'nwegh', 'mudd3', 'dzadoks', 'mornings', 'aaprelik', 'sharp52', '17scotta', 'gao499', 'shethm', 'siu2', 'jnasiboov', 'psakamot', 'gratz', 'dixon82', 'lauerc', 'emarches', 'hansonni', 'kmotwan', 'verma52', 'white559', 'hillej', 'yount', 'nikitasridhar14', 'msuter', 'rdrager', 'tmccoll', 'jai104', 'uuraechu', 'adamdmiller17', 'liu2512', 'ecave', 'allisonbosshart', 'hall363', 'kzeligso', 'akapko', 'wisler0', 'jmickow', 'mbraner', 'jaloi', 'spear9', 'dmassow', 'abelkiew', 'zfrank64', 'etitheyeti98', 'song609', 'mcginn1', 'bcaffert', 'smit3177', 'freyg', '3ksnn64', 'suixiong8', 'layyar', 'butchko', 'mohanc', 'xing36', 'rweedon', 'bpolinsk', 'chung189', 'davidsml', 'mpisoni', 'efeldman', 'oelsher', 'bcasler', 'lowe77', 'asabo2893', 'msulaima', 'baile261', 'cccyyj720', 'brewer66', 'edreifue', 'chao26', 'mfarnell', 'strachan', 'uasoluka', 'peter514', 'gray244', 'cole.breseman', 'hschennu', 'ctow', 'adams410', 'nhuntine', 'baker493', 'ellis99', 'kozelr', 'aperitor', 'natoli0', 'bowman96', 'yang1420', 'agrillo', 'nail', 'iclyde', 'nielsenk', 'smit3184', 'mcurto', 'pjcali3', 'kerre', 'hgrover', 'hill399', 'cvasq69', 'ithakor', 'pshashi', 'cbresema', 'gtribe', 'vudayamo', 'sedgerto', 'abhalcha', 'mmshank16', 'jo46', 'kang264', 'bgrandst', 'gleasonb', 'mtrivell', 'gnishibu', 'patel784', 'epiergal', 'ghosh36', 'do26', 'roth51', 'bwitchie', 'mart1180', 'peck28', 'aleidli', 'rhinesj', 'osantang', 'tu37', 'ceckste', 'saboa', 'eloewe', 'ebilionis', 'nfei', 'daveguo614', 'zhao988', 'schuman1', 'everbru', 'xu1020', 'jlorah', 'chiang56', 'kfuria', 'rmadhuja', 'avwenning', 'srothsch', 'xose.amo', 'lthursto', 'coolnikitav', 'deshmukp', 'schro118', 'li2722', 'redmanr', 'sgrzych', 'bamorim', 'awennin', 'egarayev', 'wang3138', 'li2709', 'jpdero2', 'bullock8', 'mill2119', 'shoafn', 'aidanc_purdue', 'doherty6', 'george92', 'alotaib6', 'costel10', 'jfitzhu', 'colewilloughby1125', 'dlarocco', 'tpownell', 'ericshen628', 'mishra94', 'lrigsbee', 'goodma27', 'ding202', 'kbebris', 'soni12', 'bernarm', 'meyer264', 'abora', 'dragoneye', 'pcase']"
20,104,43,236,26,"['dangratz99', 'aaprelik', 'jmickow', 'shethm', 'siu2', 'richtern', 'dixon82', 'lauerc', 'wang3138', 'nhuntine', 'gleasonb', 'zhao988', 'yount', 'davidrgowan', 'kiefern', 'kocher1', 'jiang655', 'chung189', 'smit3184', 'butzz', 'liu2512', 'elikroller', 'hopkin43', 'mtbarrette01', 'nfei', 'daveguo614']",16,"['patel784', 'smit2827', 'sharp52', 'cblackm', 'kerre', 'psmading', 'kfuria', 'hansonni', 'nielsenk', 'doherty6', 'pcase', 'hall363', 'cibrahim', 'abora', 'cho372', 'wagne236']",210,"['mart1380', 'wisler0', 'selkin', 'mbraner', 'jaloi', 'cdtorres', 'lowe77.purdue', 'cregers', 'engc', 'spear9', 'dmassow', 'abelkiew', 'jin376', 'lee2614', 'jdumblet', 'etitheyeti98', 'rumplem', 'mcginn1', 'mohdshah', 'tl0120', 'bcaffert', 'ccurto', 'amcgoff', 'smit3177', 'freyg', 'dkuen', 'suixiong8', 'butchko', 'pillai7', 'mohanc', 'chen2122', 'xing36', 'zubik', 'ewilhite', 'bpolinsk', 'rweedon', 'abosshar', 'gupta393', 'rasato', 'mpisoni', 'efeldman', 'cmenden', 'eashburn', 'richg', 'payne71', 'awoodwa', 'yshousha', 'msulaima', 'kvansan', 'cccyyj720', 'reweedon', 'ckeiper', 'edreifue', 'jmacatan', 'lawrencr', 'chao26', 'klipiszk', 'strachan', 'kinserc', 'cheeseballs99', 'harri670', 'gcesar', 'deane1', 'apanuga', 'ftangpoo', 'daviskahmann', 'justindcambridge', 'mmohdzai', 'tglavan', 'iyengar1', 'hschennu', 'gjensen', 'ctow', 'adams410', 'ceckstein922', 'tdarmon20', 'atruver', 'abhilash.bora97', 'ellis99', 'agrillo', 'nail', 'kozelr', 'xul9044', 'natoli0', 'aperitor', 'bowman96', 'stapletl', 'mart1391', 'rdesmond', 'woo49', 'jess24', 'terry51', None, 'mcurto', 'benbcasler', 'reasato', 'dkuenzel1', 'brewer66', 'hill399', 'bkeel', 'yang1865', 'cvasq69', 'akick', 'rturk8292', 'ydichenk', 'malhamm', 'mynameisjohn', 'wonhyukdo', 'lyanni', 'kumar212', 'sedgerto', 'growsell', 'pickera', 'slillig', 'mfess', 'mmshank16', 'lmackin', 'jboulayd', 'stockb', 'flore170', 'shank8', 'bgrandst', 'ellingtj', 'mtrivell', 'gnishibu', 'glevine', 'choi333', 'li3604', 'allnic21', 'behrr', 'ghosh36', 'stark22', 'lm45000', 'anniebreidinger', 'bwitchie', 'ander754', 'maderm', 'jeigenbr', 'peck28', 'aleidli', 'rhinesj', 'hsmoke', 'yeungd', 'osantang', 'racroth35', 'singer15', 'heidi.hansen33', 'jhulsize', 'tnoor', 'saboa', 'ali113', 'eloewe', 'jbuehrle', 'dewittl', 'mudd3', 'kweidem', 'schuman1', 'torreschr', 'everbru', 'abano', 'nathanbaker3889', 'jlorah', 'chiang56', 'srothsch', 'xose.amo', 'eponsdel', 'lthursto', 'deshmukp', 'jnasiboov', 'ltoy', 'schro118', 'li2722', 'sgrzych', 'acemagna', 'bamorim', 'emarches', 'egarayev', 'awennin', 'hamel0', 'li2709', 'verma52', 'zhan2846', 'bullock8', 'mill2119', 'white559', 'shoafn', 'hillej', 'amoravec', 'george92', 'alotaib6', 'costel10', 'jfitzhu', 'colewilloughby1125', 'dlarocco', 'marito', 'tpownell', 'mishra94', 'lrigsbee', 'eashanpsn', 'goodma27', 'uuraechu', 'adamdmiller17', 'kbebris', 'ecave', 'vkolar', 'rollere', 'ross217', '17scotta', 'dragoneye', 'kzeligso']",252,"['mart1380', 'selkin', 'cdtorres', 'lowe77.purdue', 'cregers', 'engc', 'jin376', 'lee2614', 'cho372', 'jdumblet', 'rumplem', 'mohdshah', 'ccurto', 'amcgoff', 'smit2827', 'dkuen', 'pillai7', 'chen2122', 'zubik', 'ewilhite', 'abosshar', 'gupta393', 'cmenden', 'eashburn', 'richg', 'awoodwa', 'yshousha', 'kvansan', 'reweedon', 'ckeiper', 'klipiszk', 'jmacatan', 'lawrencr', 'cheeseballs99', 'harri670', 'kinserc', 'dangratz99', 'gcesar', 'apanuga', 'ftangpoo', 'daviskahmann', 'justindcambridge', 'mmohdzai', 'cibrahim', 'tglavan', 'iyengar1', 'gjensen', 'ceckstein922', 'tdarmon20', 'atruver', 'abhilash.bora97', 'cblackm', 'wagne236', 'mart1391', 'rdesmond', 'woo49', 'jess24', 'terry51', None, 'kiefern', 'jiang655', 'butzz', 'hopkin43', 'mtbarrette01', 'bkeel', 'yang1865', 'akick', 'rturk8292', 'ydichenk', 'psmading', 'malhamm', 'mynameisjohn', 'lyanni', 'kumar212', 'growsell', 'pickera', 'slillig', 'mfess', 'richtern', 'jboulayd', 'lmackin', 'stockb', 'flore170', 'shank8', 'ellingtj', 'choi333', 'li3604', 'stark22', 'lm45000', 'anniebreidinger', 'ander754', 'davidrgowan', 'maderm', 'jeigenbr', 'kocher1', 'yeungd', 'racroth35', 'singer15', 'heidi.hansen33', 'jhulsize', 'tnoor', 'elikroller', 'ali113', 'jbuehrle', 'dewittl', 'mudd3', 'aaprelik', 'abano', 'sharp52', '17scotta', 'shethm', 'siu2', 'jnasiboov', 'acemagna', 'dixon82', 'lauerc', 'emarches', 'hansonni', 'verma52', 'zhan2846', 'white559', 'hillej', 'yount', 'marito', 'uuraechu', 'adamdmiller17', 'liu2512', 'ecave', 'vkolar', 'hall363', 'kzeligso', 'wisler0', 'jmickow', 'mbraner', 'jaloi', 'spear9', 'dmassow', 'abelkiew', 'etitheyeti98', 'dragoneye', 'tl0120', 'bcaffert', 'smit3177', 'freyg', 'suixiong8', 'butchko', 'mohanc', 'xing36', 'rweedon', 'bpolinsk', 'chung189', 'rasato', 'mpisoni', 'efeldman', 'payne71', 'msulaima', 'cccyyj720', 'brewer66', 'edreifue', 'chao26', 'strachan', 'deane1', 'hschennu', 'ctow', 'adams410', 'nhuntine', 'ellis99', 'agrillo', 'nail', 'kozelr', 'xul9044', 'natoli0', 'aperitor', 'bowman96', 'stapletl', 'nielsenk', 'smit3184', 'mcurto', 'benbcasler', 'kerre', 'reasato', 'dkuenzel1', 'hill399', 'cvasq69', 'wonhyukdo', 'sedgerto', 'mmshank16', 'bgrandst', 'gleasonb', 'mtrivell', 'gnishibu', 'glevine', 'allnic21', 'behrr', 'patel784', 'ghosh36', 'bwitchie', 'peck28', 'aleidli', 'rhinesj', 'hsmoke', 'osantang', 'saboa', 'eloewe', 'nfei', 'kweidem', 'daveguo614', 'zhao988', 'schuman1', 'torreschr', 'everbru', 'nathanbaker3889', 'jlorah', 'chiang56', 'kfuria', 'srothsch', 'xose.amo', 'eponsdel', 'lthursto', 'deshmukp', 'ltoy', 'schro118', 'li2722', 'sgrzych', 'bamorim', 'awennin', 'egarayev', 'hamel0', 'wang3138', 'li2709', 'bullock8', 'mill2119', 'shoafn', 'doherty6', 'amoravec', 'george92', 'alotaib6', 'costel10', 'jfitzhu', 'colewilloughby1125', 'dlarocco', 'tpownell', 'mishra94', 'lrigsbee', 'eashanpsn', 'goodma27', 'kbebris', 'rollere', 'ross217', 'abora', 'mcginn1', 'pcase']"
20,302,43,226,28,"['dangratz99', 'aaprelik', 'jmickow', 'psmading', 'shethm', 'cibrahim', 'siu2', 'cho372', 'richtern', 'dixon82', 'lauerc', 'wang3138', 'nhuntine', 'gleasonb', 'cblackm', 'patel784', 'davidrgowan', 'kiefern', 'smit3184', 'butzz', 'liu2512', 'nfei', 'hopkin43', 'hall363', 'mtbarrette01', 'abora', 'pcase', 'zhao988']",14,"['kocher1', 'jiang655', 'chung189', 'yount', 'sharp52', 'smit2827', 'kerre', 'kfuria', 'hansonni', 'elikroller', 'nielsenk', 'daveguo614', 'doherty6', 'wagne236']",198,"['mart1380', 'patel731', 'wisler0', 'abreidin', 'iczajkow', 'jaloi', 'lowe77.purdue', 'cregers', 'engc', 'dmassow', 'zfrank64', 'jin376', 'lee2614', 'mann78', 'etitheyeti98', 'rumplem', 'mcginn1', 'mohdshah', 'mheighwa', 'smit3458', 'bcaffert', 'gezbbl7', 'ccurto', 'amcgoff', 'ghais', 'thornt21', 'smit3177', 'freyg', 'suixiong8', 'layyar', 'stewa238', 'yao201', 'girouxm', 'chen2122', 'zubik', 'ewilhite', 'rweedon', 'davidsml', 'abosshar', 'gupta393', 'efeldman', 'cmenden', 'bcasler', 'awoodwa', 'ttayeb', 'msulaima', 'baile261', 'cccyyj720', 'nkhuu', 'brewer66', 'cheeseballs99', 'klipiszk', 'jmacatan', 'lawrencr', 'chao26', 'edreifue', 'kinserc', 'harri670', 'xu1085', 'gcesar', 'deane1', 'apanuga', 'peter514', 'ftangpoo', 'daviskahmann', 'justindcambridge', 'mmohdzai', 'nnoraziz', 'tglavan', 'iyengar1', 'wertzm', 'hschennu', 'sanjivdamodaran', 'adams410', 'tdarmon20', 'ellis99', 'agrillo', 'kozelr', 'natoli0', 'xul9044', 'aperitor', 'bowman96', 'msargen', 'dunca108', 'mart1391', 'moore763', 'jess24', 'woo49', 'terry51', None, 'lswentor', 'winstontinople', 'rathi4', 'hgrover', 'hill399', 'bkeel', 'yang1865', 'cvasq69', 'akick', 'ithakor', 'cwidak', 'jone1573', 'malhamm', 'wonhyukdo', 'sedgerto', 'pickera', 'slillig', 'abhalcha', 'mfess', 'dleoni', 'mmshank16', 'jo46', 'lmackin', 'flore170', 'bgrandst', 'mtrivell', 'konerua', 'gnishibu', 'glevine', 'choi333', 'li3604', 'pattiya2002', 'allnic21', 'ghosh36', 'stark22', 'lm45000', 'wade59', 'anniebreidinger', 'bwitchie', 'ander754', 'mart1180', 'jeigenbr', 'peck28', 'ltopliff', 'rhinesj', 'hsmoke', 'ashwarts', 'koverley', 'racroth35', 'singer15', 'ceckste', 'jhulsize', 'tnoor', 'saboa', 'nwegh2017', 'eloewe', 'ali113', 'gct246', 'dewittl', 'jvanben', 'rroggema', 'schuman1', 'qpitter', 'abano', 's1p6a1r8a', 'jlorah', 'chiang56', 'choyc', 'gao499', 'xose.amo', 'lthursto', 'deshmukp', 'ltoy', 'schro118', 'redmanr', 'sgrzych', 'roj', 'bamorim', 'li2722', 'awennin', 'kmotwan', 'lregalad', 'verma52', 'bullock8', 'zhan2846', 'white559', 'hillej', 'amoravec', 'george92', 'jfitzhu', 'boyle49', 'colewilloughby1125', 'dlarocco', 'marito', 'rdrager', 'tpownell', 'ericshen628', 'lrigsbee', 'goodma27', 'uuraechu', 'adamdmiller17', 'kbebris', 'ecave', 'vkolar', 'bernarm', 'dragoneye', 'kzeligso', 'akapko']",240,"['mart1380', 'patel731', 'abreidin', 'iczajkow', 'lowe77.purdue', 'cregers', 'engc', 'jin376', 'lee2614', 'cho372', 'mann78', 'rumplem', 'mohdshah', 'mheighwa', 'ccurto', 'amcgoff', 'ghais', 'thornt21', 'smit2827', 'stewa238', 'yao201', 'girouxm', 'chen2122', 'zubik', 'ewilhite', 'abosshar', 'gupta393', 'cmenden', 'awoodwa', 'ttayeb', 'nkhuu', 'klipiszk', 'cheeseballs99', 'jmacatan', 'lawrencr', 'harri670', 'kinserc', 'dangratz99', 'xu1085', 'gcesar', 'apanuga', 'ftangpoo', 'daviskahmann', 'justindcambridge', 'mmohdzai', 'cibrahim', 'tglavan', 'iyengar1', 'sanjivdamodaran', 'tdarmon20', 'cblackm', 'wagne236', 'msargen', 'mart1391', 'woo49', 'jess24', 'terry51', None, 'kiefern', 'jiang655', 'butzz', 'winstontinople', 'rathi4', 'hopkin43', 'mtbarrette01', 'bkeel', 'yang1865', 'akick', 'psmading', 'cwidak', 'jone1573', 'malhamm', 'pickera', 'slillig', 'mfess', 'dleoni', 'richtern', 'lmackin', 'flore170', 'choi333', 'konerua', 'pattiya2002', 'li3604', 'stark22', 'lm45000', 'anniebreidinger', 'ander754', 'davidrgowan', 'jeigenbr', 'kocher1', 'ashwarts', 'koverley', 'racroth35', 'singer15', 'jhulsize', 'tnoor', 'nwegh2017', 'elikroller', 'ali113', 'dewittl', 'aaprelik', 'abano', 'sharp52', 'choyc', 'gao499', 'shethm', 'siu2', 'roj', 'dixon82', 'lauerc', 'hansonni', 'kmotwan', 'lregalad', 'verma52', 'zhan2846', 'white559', 'hillej', 'yount', 'marito', 'rdrager', 'uuraechu', 'adamdmiller17', 'liu2512', 'ecave', 'vkolar', 'hall363', 'kzeligso', 'akapko', 'wisler0', 'jmickow', 'jaloi', 'dmassow', 'zfrank64', 'etitheyeti98', 'dragoneye', 'smit3458', 'bcaffert', 'gezbbl7', 'smit3177', 'freyg', 'suixiong8', 'layyar', 'rweedon', 'chung189', 'davidsml', 'efeldman', 'bcasler', 'msulaima', 'baile261', 'cccyyj720', 'brewer66', 'edreifue', 'chao26', 'deane1', 'peter514', 'nnoraziz', 'wertzm', 'hschennu', 'adams410', 'nhuntine', 'ellis99', 'agrillo', 'kozelr', 'natoli0', 'xul9044', 'aperitor', 'bowman96', 'dunca108', 'moore763', 'nielsenk', 'smit3184', 'kerre', 'lswentor', 'hgrover', 'hill399', 'cvasq69', 'ithakor', 'wonhyukdo', 'sedgerto', 'abhalcha', 'mmshank16', 'jo46', 'bgrandst', 'gleasonb', 'mtrivell', 'gnishibu', 'glevine', 'allnic21', 'patel784', 'ghosh36', 'wade59', 'bwitchie', 'mart1180', 'peck28', 'ltopliff', 'rhinesj', 'hsmoke', 'ceckste', 'saboa', 'eloewe', 'gct246', 'jvanben', 'nfei', 'rroggema', 'daveguo614', 'zhao988', 'schuman1', 'qpitter', 's1p6a1r8a', 'jlorah', 'chiang56', 'kfuria', 'xose.amo', 'lthursto', 'deshmukp', 'ltoy', 'schro118', 'redmanr', 'sgrzych', 'li2722', 'bamorim', 'awennin', 'wang3138', 'bullock8', 'doherty6', 'amoravec', 'george92', 'jfitzhu', 'boyle49', 'colewilloughby1125', 'dlarocco', 'tpownell', 'ericshen628', 'lrigsbee', 'goodma27', 'kbebris', 'bernarm', 'abora', 'mcginn1', 'pcase']"
20,277,43,182,19,"['dangratz99', 'jmickow', 'psmading', 'shethm', 'cibrahim', 'siu2', 'dixon82', 'wang3138', 'nhuntine', 'gleasonb', 'patel784', 'yount', 'daveguo614', 'kiefern', 'smit3184', 'butzz', 'mtbarrette01', 'nfei', 'zhao988']",23,"['aaprelik', 'sharp52', 'kfuria', 'cho372', 'richtern', 'lauerc', 'hansonni', 'cblackm', 'doherty6', 'wagne236', 'smit2827', 'nielsenk', 'davidrgowan', 'kocher1', 'jiang655', 'chung189', 'liu2512', 'kerre', 'elikroller', 'hopkin43', 'hall363', 'abora', 'pcase']",163,"['mart1380', 'patel731', 'wisler0', 'jaloi', 'cdtorres', 'cregers', 'dmassow', 'abelkiew', 'jin376', 'etitheyeti98', 'rumplem', 'mcginn1', 'mohdshah', 'bcaffert', 'ccurto', 'amcgoff', 'smit3177', 'raob', 'freyg', 'dkuen', 'mohanc', 'stewa238', 'pillai7', 'jmcnaugh', 'chen2122', 'xing36', 'zubik', 'ewilhite', 'rweedon', 'abosshar', 'gupta393', 'rasato', 'mpisoni', 'efeldman', 'cmenden', 'bcasler', 'eashburn', 'richg', 'payne71', 'msulaima', 'kvansan', 'cccyyj720', 'brewer66', 'cheeseballs99', 'klipiszk', 'jmacatan', 'lawrencr', 'chao26', 'edreifue', 'kinserc', 'harri670', 'gcesar', 'apanuga', 'peter514', 'ftangpoo', 'daviskahmann', 'mmohdzai', 'iyengar1', 'wertzm', 'hschennu', 'ctow', 'adams410', 'tdarmon20', 'atruver', 'ellis99', 'agrillo', 'kozelr', 'natoli0', 'xul9044', 'aperitor', 'bowman96', 'stapletl', 'mart1391', 'woo49', 'terry51', None, 'mcurto', 'rathi4', 'hgrover', 'hill399', 'yang1865', 'bkeel', 'cvasq69', 'akick', 'cwidak', 'malhamm', 'wonhyukdo', 'lyanni', 'pickera', 'slillig', 'mfess', 'dleoni', 'mmshank16', 'jboulayd', 'jo46', 'lmackin', 'flore170', 'bgrandst', 'mtrivell', 'choi333', 'glevine', 'li3604', 'allnic21', 'behrr', 'epiergal', 'ghosh36', 'stark22', 'anniebreidinger', 'bwitchie', 'mart1180', 'jeigenbr', 'aleidli', 'rhinesj', 'yeungd', 'racroth35', 'singer15', 'ceckste', 'jhulsize', 'saboa', 'eloewe', 'jbuehrle', 'turjo11', 'dewittl', 'dzadoks', 'rroggema', 'schuman1', 'everbru', 'abano', 'nathanbaker3889', 'jlorah', 'chiang56', 'gao499', 'xose.amo', 'lthursto', 'deshmukp', 'roj', 'psakamot', 'sgrzych', 'awennin', 'hamel0', 'li2709', 'bullock8', 'mill2119', 'white559', 'shoafn', 'hillej', 'costel10', 'nikitasridhar14', 'colewilloughby1125', 'sssphealix', 'dlarocco', 'marito', 'tpownell', 'lrigsbee', 'goodma27', 'uuraechu', 'adamdmiller17', 'kbebris', 'ecave', 'ross217', '17scotta', 'dragoneye', 'kzeligso']",205,"['mart1380', 'patel731', 'wisler0', 'jmickow', 'jaloi', 'kzeligso', 'cdtorres', 'cregers', 'dmassow', 'abelkiew', 'jin376', 'cho372', 'etitheyeti98', 'rumplem', 'dragoneye', 'mohdshah', 'bcaffert', 'ccurto', 'amcgoff', 'smit3177', 'raob', 'smit2827', 'freyg', 'dkuen', 'mohanc', 'stewa238', 'pillai7', 'jmcnaugh', 'chen2122', 'xing36', 'zubik', 'ewilhite', 'rweedon', 'chung189', 'abosshar', 'gupta393', 'rasato', 'mpisoni', 'efeldman', 'cmenden', 'bcasler', 'eashburn', 'richg', 'payne71', 'msulaima', 'kvansan', 'cccyyj720', 'brewer66', 'cheeseballs99', 'klipiszk', 'jmacatan', 'lawrencr', 'chao26', 'edreifue', 'kinserc', 'harri670', 'dangratz99', 'gcesar', 'apanuga', 'peter514', 'ftangpoo', 'daviskahmann', 'mmohdzai', 'cibrahim', 'iyengar1', 'wertzm', 'hschennu', 'ctow', 'adams410', 'tdarmon20', 'atruver', 'nhuntine', 'ellis99', 'cblackm', 'agrillo', 'kozelr', 'natoli0', 'xul9044', 'wagne236', 'aperitor', 'bowman96', 'stapletl', 'mart1391', 'woo49', 'nielsenk', 'terry51', None, 'kiefern', 'jiang655', 'smit3184', 'butzz', 'mcurto', 'kerre', 'rathi4', 'hopkin43', 'hgrover', 'hill399', 'mtbarrette01', 'yang1865', 'bkeel', 'cvasq69', 'akick', 'psmading', 'cwidak', 'malhamm', 'wonhyukdo', 'lyanni', 'pickera', 'slillig', 'mfess', 'dleoni', 'richtern', 'mmshank16', 'jboulayd', 'jo46', 'lmackin', 'flore170', 'bgrandst', 'gleasonb', 'mtrivell', 'choi333', 'glevine', 'li3604', 'allnic21', 'behrr', 'patel784', 'epiergal', 'ghosh36', 'stark22', 'anniebreidinger', 'bwitchie', 'davidrgowan', 'mart1180', 'jeigenbr', 'aleidli', 'rhinesj', 'kocher1', 'yeungd', 'racroth35', 'singer15', 'ceckste', 'jhulsize', 'saboa', 'elikroller', 'eloewe', 'jbuehrle', 'turjo11', 'dewittl', 'dzadoks', 'nfei', 'rroggema', 'daveguo614', 'zhao988', 'schuman1', 'aaprelik', 'everbru', 'sharp52', 'abano', '17scotta', 'nathanbaker3889', 'jlorah', 'chiang56', 'gao499', 'kfuria', 'shethm', 'xose.amo', 'lthursto', 'siu2', 'deshmukp', 'roj', 'psakamot', 'sgrzych', 'dixon82', 'lauerc', 'awennin', 'hansonni', 'hamel0', 'wang3138', 'li2709', 'bullock8', 'mill2119', 'white559', 'shoafn', 'hillej', 'doherty6', 'costel10', 'yount', 'nikitasridhar14', 'colewilloughby1125', 'sssphealix', 'dlarocco', 'marito', 'tpownell', 'lrigsbee', 'goodma27', 'uuraechu', 'adamdmiller17', 'liu2512', 'kbebris', 'ecave', 'ross217', 'hall363', 'abora', 'mcginn1', 'pcase']"
20,218,43,138,8,"['liu2512', 'richtern', 'elikroller', 'shethm', 'wang3138', 'abora', 'kiefern', 'zhao988']",34,"['dangratz99', 'aaprelik', 'jmickow', 'sharp52', 'psmading', 'kfuria', 'cibrahim', 'siu2', 'cho372', 'dixon82', 'lauerc', 'hansonni', 'nhuntine', 'gleasonb', 'cblackm', 'doherty6', 'wagne236', 'patel784', 'yount', 'smit2827', 'nielsenk', 'davidrgowan', 'kocher1', 'jiang655', 'chung189', 'smit3184', 'butzz', 'kerre', 'hopkin43', 'hall363', 'mtbarrette01', 'nfei', 'pcase', 'daveguo614']",130,"['vostwal', 'kelsayed', 'jaloi', 'cdtorres', 'cregers', 'lee3489', 'smatsun', 'abelkiew', 'zfrank64', 'wang4142', 'ssidhard', 'mohdshah', 'wu1432', 'mheighwa', 'yang1908', 'egrubbs', 'ccurto', 'amcgoff', 'ghais', 'englanc', 'xue76', 'butchko', 'vkoranne', 'freder26', 'wning', 'gshao', 'rituraj346', 'zubik', 'ewilhite', 'bpolinsk', 'akhilvijay', 'mpisoni', 'efeldman', 'cmenden', 'msulaima', 'cgkartzo', 'cccyyj720', 'esoufler', 'chao26', 'sun530', 'wang4506', 'mjokar', 'ahmad31', 'pdhillon', 'mmohdzai', 'erich1016', 'mohanc21', 'aperitor', 'nail', 'lrajendr', 'avasiukh', 'mart1391', 'rutherfb', 'ddemelom', None, 'priyatham.t', 'caseya', 'qiuchenzhai', 'petrosky', 'adhikarp', 'yang1865', 'zhan2395', 'rturk8292', 'ydichenk', 'rcontrac', 'malhamm', 'vudayamo', 'brajabif', 'elacr', 'christin3508', 'julien419', 'bgunder', 'gomez110', 'pravi', 'fionayjx27', 'kpardika', 'li3604', 'uabdulla4', 'savetian', 'bhatta23', 'idoh', 'jeigenbr', 'myildiri', 'aleidli', 'hu589', 'srrohit7', 'sail', 'paulmather', 'agondima', 'desai61', 'qin132', 'ayermemb', 'zhan2748', 'bsalil', 'xixilegend', 'mcdona20', 'kuhn48', 'ocegueda', 'deshmukp', 'jnasiboov', 'li2722', 'meyers18', 'missahaq', 'huang706', 'jpdero2', 'mcclurez', 'bullock8', 'white559', 'shoafn', 'henry01234567', 'alotaib6', 'saha40', 'colewilloughby1125', 'dlarocco', 'zhan3736', 'gmantey', 'nkedir', 'eantwiag', 'uuraechu', 'anna.collins97', 'ayildiri', 'jjoffe', 'silapaku', 'soni12', 'odonne33', 'ardekani', 'pavlos.vlachos', '17scotta', 'wangjourney7', 'montoyar']",172,"['vostwal', 'kelsayed', 'jmickow', 'jaloi', 'cdtorres', 'cregers', 'lee3489', 'smatsun', 'abelkiew', 'zfrank64', 'cho372', 'wang4142', 'ssidhard', 'mohdshah', 'wu1432', 'mheighwa', 'yang1908', 'egrubbs', 'ccurto', 'amcgoff', 'ghais', 'smit2827', 'englanc', 'xue76', 'butchko', 'vkoranne', 'freder26', 'wning', 'gshao', 'rituraj346', 'zubik', 'ewilhite', 'bpolinsk', 'chung189', 'akhilvijay', 'mpisoni', 'efeldman', 'cmenden', 'msulaima', 'cgkartzo', 'cccyyj720', 'chao26', 'esoufler', 'dangratz99', 'sun530', 'wang4506', 'mjokar', 'ahmad31', 'pdhillon', 'mmohdzai', 'cibrahim', 'erich1016', 'mohanc21', 'nhuntine', 'cblackm', 'aperitor', 'nail', 'wagne236', 'lrajendr', 'avasiukh', 'mart1391', 'nielsenk', 'rutherfb', 'ddemelom', None, 'kiefern', 'priyatham.t', 'jiang655', 'smit3184', 'butzz', 'caseya', 'qiuchenzhai', 'kerre', 'petrosky', 'adhikarp', 'hopkin43', 'mtbarrette01', 'yang1865', 'zhan2395', 'rturk8292', 'ydichenk', 'psmading', 'rcontrac', 'malhamm', 'vudayamo', 'brajabif', 'elacr', 'christin3508', 'julien419', 'bgunder', 'richtern', 'gomez110', 'pravi', 'fionayjx27', 'kpardika', 'gleasonb', 'li3604', 'patel784', 'uabdulla4', 'savetian', 'bhatta23', 'idoh', 'davidrgowan', 'jeigenbr', 'myildiri', 'aleidli', 'hu589', 'kocher1', 'srrohit7', 'sail', 'paulmather', 'elikroller', 'agondima', 'nfei', 'desai61', 'daveguo614', 'zhao988', 'qin132', 'aaprelik', 'ayermemb', 'sharp52', '17scotta', 'zhan2748', 'kfuria', 'bsalil', 'xixilegend', 'shethm', 'mcdona20', 'kuhn48', 'ocegueda', 'siu2', 'deshmukp', 'jnasiboov', 'li2722', 'dixon82', 'lauerc', 'meyers18', 'missahaq', 'hansonni', 'wang3138', 'huang706', 'jpdero2', 'mcclurez', 'bullock8', 'white559', 'shoafn', 'doherty6', 'henry01234567', 'alotaib6', 'saha40', 'yount', 'colewilloughby1125', 'dlarocco', 'zhan3736', 'gmantey', 'montoyar', 'nkedir', 'eantwiag', 'uuraechu', 'liu2512', 'anna.collins97', 'ayildiri', 'jjoffe', 'silapaku', 'soni12', 'odonne33', 'hall363', 'ardekani', 'pavlos.vlachos', 'abora', 'wangjourney7', 'pcase']"
20,119,43,69,4,"['lauerc', 'nfei', 'nhuntine', 'richtern']",38,"['dangratz99', 'aaprelik', 'jmickow', 'sharp52', 'psmading', 'kfuria', 'shethm', 'cibrahim', 'siu2', 'cho372', 'dixon82', 'hansonni', 'wang3138', 'gleasonb', 'zhao988', 'cblackm', 'doherty6', 'wagne236', 'patel784', 'yount', 'smit2827', 'nielsenk', 'davidrgowan', 'kiefern', 'kocher1', 'jiang655', 'chung189', 'smit3184', 'butzz', 'liu2512', 'kerre', 'elikroller', 'hopkin43', 'hall363', 'mtbarrette01', 'abora', 'pcase', 'daveguo614']",65,"['kinserc', 'abano', 'everbru', 'cdtorres', 'cregers', 'kweidem', 'deane1', 'gao499', 'apanuga', 'ftangpoo', 'mynameisjohn', 'xose.amo', 'gray244', 'jin376', 'sedgerto', 'iyengar1', 'wertzm', 'etitheyeti98', 'mfess', 'abhalcha', 'hschennu', 'schro118', 'mmshank16', 'sgrzych', 'jo46', 'bamorim', 'mcginn1', 'mohdshah', 'li2709', 'bgrandst', 'bullock8', 'mill2119', 'aperitor', 'ccurto', 'reweedon', 'costel10', 'jfitzhu', 'stapletl', 'mart1391', 'marito', 'suixiong8', 'butchko', 'mohanc', 'sanjiv3damo', 'tpownell', 'anniebreidinger', 'maderm', 'lawrencr', 'aleidli', None, 'zubik', 'bpolinsk', 'uuraechu', 'abosshar', 'rasato', 'efeldman', 'fergu101', 'rollere', 'awoodwa', 'cccyyj720', 'hill399', 'mudd3', 'kelingz117', 'dragoneye', 'kzeligso']",107,"['jmickow', 'kzeligso', 'cdtorres', 'cregers', 'psmading', 'mynameisjohn', 'jin376', 'sedgerto', 'cho372', 'etitheyeti98', 'mfess', 'abhalcha', 'richtern', 'mmshank16', 'jo46', 'mcginn1', 'mohdshah', 'bgrandst', 'gleasonb', 'ccurto', 'patel784', 'smit2827', 'suixiong8', 'butchko', 'mohanc', 'anniebreidinger', 'davidrgowan', 'maderm', 'aleidli', 'kocher1', 'zubik', 'bpolinsk', 'chung189', 'abosshar', 'rasato', 'efeldman', 'awoodwa', 'elikroller', 'cccyyj720', 'mudd3', 'reweedon', 'nfei', 'kweidem', 'lawrencr', 'daveguo614', 'zhao988', 'kinserc', 'dangratz99', 'aaprelik', 'abano', 'sharp52', 'everbru', 'deane1', 'gao499', 'kfuria', 'apanuga', 'ftangpoo', 'shethm', 'xose.amo', 'gray244', 'cibrahim', 'siu2', 'iyengar1', 'wertzm', 'hschennu', 'schro118', 'sgrzych', 'bamorim', 'dixon82', 'lauerc', 'hansonni', 'wang3138', 'nhuntine', 'li2709', 'bullock8', 'mill2119', 'cblackm', 'aperitor', 'doherty6', 'wagne236', 'costel10', 'yount', 'jfitzhu', 'stapletl', 'mart1391', 'marito', 'sanjiv3damo', 'tpownell', 'nielsenk', None, 'kiefern', 'jiang655', 'uuraechu', 'smit3184', 'butzz', 'liu2512', 'kerre', 'fergu101', 'rollere', 'hopkin43', 'hill399', 'hall363', 'mtbarrette01', 'abora', 'kelingz117', 'dragoneye', 'pcase']"
20,274,43,40,7,"['chung189', 'sharp52', 'kfuria', 'hansonni', 'elikroller', 'nielsenk', 'wagne236']",35,"['dangratz99', 'aaprelik', 'jmickow', 'psmading', 'shethm', 'cibrahim', 'siu2', 'cho372', 'richtern', 'dixon82', 'lauerc', 'wang3138', 'nhuntine', 'gleasonb', 'zhao988', 'cblackm', 'doherty6', 'patel784', 'yount', 'smit2827', 'davidrgowan', 'kiefern', 'kocher1', 'jiang655', 'smit3184', 'butzz', 'liu2512', 'nfei', 'kerre', 'hopkin43', 'hall363', 'mtbarrette01', 'abora', 'pcase', 'daveguo614']",33,"['xu1085', 'slosing', 'gzertuch', 'spear9', 'kswartzb', 'pcastagn', 'tuckerz', 'ferree1', 'holm2', 'roemer8160', 'aperitor', 'bcaffert', 'akansky', 'vogel30', 'rdesmond', 'mswineha', 'ander754', 'mgubbi', None, 'hsmoke', 'koverley', 'ceckste', 'guo431', 'fergu101', 'vkolar', 'nabdrahn', 'ross217', 'jonathanlimp87', 'gct246', 'ctsioli', 'dewittl', 'harbinz', 'rroggema']",75,"['jmickow', 'psmading', 'spear9', 'cho372', 'tuckerz', 'richtern', 'ctsioli', 'ferree1', 'gleasonb', 'bcaffert', 'patel784', 'smit2827', 'akansky', 'ander754', 'davidrgowan', 'kocher1', 'hsmoke', 'chung189', 'koverley', 'ceckste', 'guo431', 'nabdrahn', 'elikroller', 'gct246', 'dewittl', 'nfei', 'harbinz', 'rroggema', 'daveguo614', 'zhao988', 'dangratz99', 'aaprelik', 'xu1085', 'sharp52', 'slosing', 'kfuria', 'gzertuch', 'shethm', 'kswartzb', 'cibrahim', 'siu2', 'pcastagn', 'dixon82', 'lauerc', 'hansonni', 'wang3138', 'nhuntine', 'roemer8160', 'cblackm', 'holm2', 'aperitor', 'doherty6', 'wagne236', 'yount', 'vogel30', 'rdesmond', 'mswineha', 'nielsenk', 'mgubbi', None, 'kiefern', 'jiang655', 'smit3184', 'butzz', 'liu2512', 'kerre', 'fergu101', 'vkolar', 'hopkin43', 'ross217', 'jonathanlimp87', 'hall363', 'mtbarrette01', 'abora', 'pcase']"
20,216,43,34,4,"['elikroller', 'smit2827', 'kfuria', 'hall363']",38,"['dangratz99', 'aaprelik', 'jmickow', 'sharp52', 'psmading', 'shethm', 'cibrahim', 'siu2', 'cho372', 'richtern', 'dixon82', 'lauerc', 'hansonni', 'wang3138', 'nhuntine', 'gleasonb', 'zhao988', 'cblackm', 'doherty6', 'wagne236', 'patel784', 'yount', 'nielsenk', 'davidrgowan', 'kiefern', 'kocher1', 'jiang655', 'chung189', 'smit3184', 'butzz', 'liu2512', 'nfei', 'kerre', 'hopkin43', 'mtbarrette01', 'abora', 'pcase', 'daveguo614']",30,"['strachan', 'cvasq69', 'davidjohnson', 'tkonstan', 'fang217', 'hamed0', 'tmarconi', 'emeka29', 'geakins', 'awennin', 'baega21', 'usarwar', 'ellis99', 'aperitor', 'gezbbl7', 'sdabiris', 'wyss', 'kstirrup', 'asarnowski', 'rderakhs7', 'aahmadza', None, 'tu37', 'okurtulu', 'nabdrahn', 'jbuehrle', 'ross217', 'chen220', 'dewittl', 'ni45']",72,"['strachan', 'dangratz99', 'aaprelik', 'jmickow', 'sharp52', 'abora', 'cvasq69', 'davidjohnson', 'tkonstan', 'psmading', 'kfuria', 'shethm', 'fang217', 'hamed0', 'tmarconi', 'cibrahim', 'siu2', 'cho372', 'geakins', 'emeka29', 'richtern', 'dixon82', 'lauerc', 'awennin', 'hansonni', 'baega21', 'usarwar', 'wang3138', 'nhuntine', 'gleasonb', 'ellis99', 'cblackm', 'aperitor', 'gezbbl7', 'ni45', 'doherty6', 'wagne236', 'sdabiris', 'patel784', 'wyss', 'yount', 'smit2827', 'kstirrup', 'asarnowski', 'nielsenk', 'davidrgowan', 'rderakhs7', 'daveguo614', 'aahmadza', None, 'kiefern', 'kocher1', 'jiang655', 'chung189', 'smit3184', 'butzz', 'liu2512', 'tu37', 'kerre', 'okurtulu', 'nabdrahn', 'elikroller', 'jbuehrle', 'hopkin43', 'ross217', 'chen220', 'hall363', 'dewittl', 'mtbarrette01', 'nfei', 'pcase', 'zhao988']"
20,222,43,32,4,"['cibrahim', 'nfei', 'kocher1', 'daveguo614']",38,"['dangratz99', 'aaprelik', 'jmickow', 'sharp52', 'psmading', 'kfuria', 'shethm', 'siu2', 'cho372', 'richtern', 'dixon82', 'lauerc', 'hansonni', 'wang3138', 'nhuntine', 'gleasonb', 'cblackm', 'doherty6', 'wagne236', 'patel784', 'yount', 'smit2827', 'nielsenk', 'davidrgowan', 'kiefern', 'jiang655', 'chung189', 'smit3184', 'butzz', 'liu2512', 'kerre', 'elikroller', 'hopkin43', 'hall363', 'mtbarrette01', 'abora', 'pcase', 'zhao988']",28,"['mshewale', 'everbru', 'hsvalladares88', 'kumar212', 'coolnikitav', 'pickera', 'etitheyeti98', 'bamorim', 'lmackin', 'ferree1', 'costel10', 'stapletl', 'sanjiv3damo', 'anniebreidinger', 'tmccoll', 'lrigsbee', None, 'hhedderi', 'koverley', 'singer15', 'richg', 'awoodwa', 'lowe77', 'nkhuu', 'gct246', 'markleightonfisher', 'harbinz', 'akansky']",70,"['dangratz99', 'aaprelik', 'jmickow', 'sharp52', 'abora', 'mshewale', 'everbru', 'psmading', 'kfuria', 'shethm', 'hsvalladares88', 'kumar212', 'cibrahim', 'siu2', 'coolnikitav', 'cho372', 'pickera', 'etitheyeti98', 'richtern', 'bamorim', 'dixon82', 'lauerc', 'lmackin', 'ferree1', 'hansonni', 'wang3138', 'nhuntine', 'gleasonb', 'cblackm', 'doherty6', 'wagne236', 'patel784', 'costel10', 'yount', 'smit2827', 'stapletl', 'akansky', 'sanjiv3damo', 'anniebreidinger', 'nielsenk', 'tmccoll', 'davidrgowan', 'daveguo614', 'lrigsbee', 'kiefern', 'kocher1', 'jiang655', None, 'chung189', 'smit3184', 'butzz', 'liu2512', 'hhedderi', 'koverley', 'singer15', 'kerre', 'richg', 'awoodwa', 'elikroller', 'lowe77', 'hopkin43', 'nkhuu', 'gct246', 'hall363', 'markleightonfisher', 'mtbarrette01', 'nfei', 'harbinz', 'pcase', 'zhao988']"
20,103,43,31,2,"['lauerc', 'richtern']",40,"['dangratz99', 'aaprelik', 'jmickow', 'sharp52', 'psmading', 'kfuria', 'shethm', 'cibrahim', 'siu2', 'cho372', 'dixon82', 'hansonni', 'wang3138', 'nhuntine', 'gleasonb', 'zhao988', 'cblackm', 'doherty6', 'wagne236', 'patel784', 'yount', 'smit2827', 'nielsenk', 'davidrgowan', 'kiefern', 'kocher1', 'jiang655', 'chung189', 'smit3184', 'butzz', 'liu2512', 'nfei', 'kerre', 'elikroller', 'hopkin43', 'hall363', 'mtbarrette01', 'abora', 'pcase', 'daveguo614']",29,"['selkin', 'yingningfan', 'noh12', 'eponsdel', 'cdeppen', 'bmirvish', 'son27', 'scottkenning3', 'bamorim', 'ander568', 'yuminghym', 'kimura', 'dragoneye', 'bullock8', 'jone1429', 'zhangruichao2000', 'hsymond', 'dobos', 'gkao', None, 'jingxinwang8', 'gupta393', 'gutman', 'liueddyxinlue', 'levy27', 'rollere', 'awoodwa', 'stubbsj15', 'jonescw79']",71,"['dangratz99', 'aaprelik', 'jmickow', 'sharp52', 'abora', 'selkin', 'psmading', 'kfuria', 'shethm', 'yingningfan', 'eponsdel', 'noh12', 'cibrahim', 'siu2', 'cdeppen', 'bmirvish', 'cho372', 'son27', 'scottkenning3', 'richtern', 'bamorim', 'dixon82', 'lauerc', 'ander568', 'yuminghym', 'hansonni', 'kimura', 'stubbsj15', 'wang3138', 'nhuntine', 'dragoneye', 'gleasonb', 'bullock8', 'cblackm', 'jone1429', 'doherty6', 'wagne236', 'zhangruichao2000', 'patel784', 'yount', 'smit2827', 'hsymond', 'dobos', 'gkao', 'nielsenk', 'davidrgowan', 'daveguo614', None, 'kiefern', 'kocher1', 'jiang655', 'jingxinwang8', 'chung189', 'smit3184', 'butzz', 'liu2512', 'gupta393', 'gutman', 'kerre', 'liueddyxinlue', 'levy27', 'rollere', 'awoodwa', 'elikroller', 'hopkin43', 'hall363', 'mtbarrette01', 'nfei', 'jonescw79', 'pcase', 'zhao988']"
20,111,43,30,8,"['smit2827', 'sharp52', 'psmading', 'kfuria', 'hansonni', 'nielsenk', 'doherty6', 'wagne236']",34,"['dangratz99', 'aaprelik', 'jmickow', 'shethm', 'cibrahim', 'siu2', 'cho372', 'richtern', 'dixon82', 'lauerc', 'wang3138', 'nhuntine', 'gleasonb', 'zhao988', 'cblackm', 'patel784', 'yount', 'davidrgowan', 'kiefern', 'kocher1', 'jiang655', 'chung189', 'smit3184', 'butzz', 'liu2512', 'nfei', 'kerre', 'elikroller', 'hopkin43', 'hall363', 'mtbarrette01', 'abora', 'pcase', 'daveguo614']",22,"['xu1085', 'slosing', 'kswartzb', 'pcastagn', 'tuckerz', 'ferree1', 'egarayev', 'gezbbl7', 'epiergal', 'nikitasridhar14', None, 'hsmoke', 'koverley', 'tu37', 'fergu101', 'obalican', 'nabdrahn', 'jonathanlimp87', 'gct246', 'ctsioli', 'harbinz', 'rroggema']",64,"['dangratz99', 'aaprelik', 'jmickow', 'sharp52', 'abora', 'xu1085', 'slosing', 'psmading', 'kfuria', 'shethm', 'kswartzb', 'cibrahim', 'siu2', 'pcastagn', 'cho372', 'tuckerz', 'richtern', 'dixon82', 'lauerc', 'ctsioli', 'ferree1', 'egarayev', 'hansonni', 'wang3138', 'nhuntine', 'gleasonb', 'cblackm', 'gezbbl7', 'doherty6', 'wagne236', 'patel784', 'epiergal', 'yount', 'smit2827', 'nikitasridhar14', 'nielsenk', 'rroggema', 'davidrgowan', 'daveguo614', None, 'kiefern', 'kocher1', 'jiang655', 'hsmoke', 'chung189', 'smit3184', 'butzz', 'liu2512', 'koverley', 'tu37', 'kerre', 'fergu101', 'obalican', 'nabdrahn', 'elikroller', 'hopkin43', 'jonathanlimp87', 'gct246', 'hall363', 'mtbarrette01', 'nfei', 'harbinz', 'pcase', 'zhao988']"
20,279,43,26,5,"['chung189', 'kfuria', 'nielsenk', 'cblackm', 'wagne236']",37,"['dangratz99', 'aaprelik', 'jmickow', 'sharp52', 'psmading', 'shethm', 'cibrahim', 'siu2', 'cho372', 'richtern', 'dixon82', 'lauerc', 'hansonni', 'wang3138', 'nhuntine', 'gleasonb', 'zhao988', 'doherty6', 'patel784', 'yount', 'smit2827', 'davidrgowan', 'kiefern', 'kocher1', 'jiang655', 'smit3184', 'butzz', 'liu2512', 'nfei', 'kerre', 'elikroller', 'hopkin43', 'hall363', 'mtbarrette01', 'abora', 'pcase', 'daveguo614']",21,"['xu1085', 'slosing', 'kswartzb', 'pcastagn', 'tuckerz', 'ferree1', 'egarayev', 'ellis99', 'gezbbl7', 'allnic21', 'jfitzhu', None, 'hsmoke', 'koverley', 'vkolar', 'nabdrahn', 'jonathanlimp87', 'gct246', 'ctsioli', 'harbinz', 'rroggema']",63,"['dangratz99', 'aaprelik', 'jmickow', 'sharp52', 'abora', 'xu1085', 'slosing', 'psmading', 'kfuria', 'shethm', 'kswartzb', 'cibrahim', 'siu2', 'pcastagn', 'cho372', 'tuckerz', 'richtern', 'dixon82', 'lauerc', 'ctsioli', 'ferree1', 'egarayev', 'hansonni', 'wang3138', 'nhuntine', 'gleasonb', 'ellis99', 'cblackm', 'gezbbl7', 'doherty6', 'wagne236', 'allnic21', 'patel784', 'yount', 'smit2827', 'jfitzhu', 'nielsenk', 'rroggema', 'davidrgowan', 'daveguo614', None, 'kiefern', 'kocher1', 'jiang655', 'hsmoke', 'chung189', 'smit3184', 'butzz', 'liu2512', 'koverley', 'kerre', 'vkolar', 'nabdrahn', 'elikroller', 'hopkin43', 'jonathanlimp87', 'gct246', 'hall363', 'mtbarrette01', 'nfei', 'harbinz', 'pcase', 'zhao988']"
20,303,43,24,4,"['doherty6', 'smit2827', 'sharp52', 'daveguo614']",38,"['dangratz99', 'aaprelik', 'jmickow', 'psmading', 'kfuria', 'shethm', 'cibrahim', 'siu2', 'cho372', 'richtern', 'dixon82', 'lauerc', 'hansonni', 'wang3138', 'nhuntine', 'gleasonb', 'cblackm', 'wagne236', 'patel784', 'yount', 'nielsenk', 'davidrgowan', 'kiefern', 'kocher1', 'jiang655', 'chung189', 'smit3184', 'butzz', 'liu2512', 'nfei', 'kerre', 'elikroller', 'hopkin43', 'hall363', 'mtbarrette01', 'abora', 'pcase', 'zhao988']",20,"['xu1085', 'slosing', 'kswartzb', 'nnoraziz', 'schro118', 'ferree1', 'egarayev', 'ellis99', None, 'tu37', 'fergu101', 'rollere', 'nabdrahn', 'ross217', 'kvansan', 'jonathanlimp87', 'ctsioli', 'dzadoks', 'harbinz', 'rroggema']",62,"['dangratz99', 'aaprelik', 'jmickow', 'sharp52', 'abora', 'xu1085', 'slosing', 'psmading', 'kfuria', 'shethm', 'kswartzb', 'nnoraziz', 'cibrahim', 'siu2', 'cho372', 'schro118', 'richtern', 'dixon82', 'lauerc', 'ctsioli', 'ferree1', 'egarayev', 'hansonni', 'wang3138', 'nhuntine', 'gleasonb', 'ellis99', 'cblackm', 'doherty6', 'wagne236', 'patel784', 'yount', 'smit2827', 'nielsenk', 'rroggema', 'davidrgowan', 'daveguo614', None, 'kiefern', 'kocher1', 'jiang655', 'chung189', 'smit3184', 'butzz', 'liu2512', 'tu37', 'kerre', 'fergu101', 'rollere', 'nabdrahn', 'elikroller', 'hopkin43', 'ross217', 'kvansan', 'jonathanlimp87', 'hall363', 'dzadoks', 'mtbarrette01', 'nfei', 'harbinz', 'pcase', 'zhao988']"
20,220,43,20,2,"['patel784', 'jmickow']",40,"['dangratz99', 'aaprelik', 'sharp52', 'psmading', 'kfuria', 'shethm', 'cibrahim', 'siu2', 'cho372', 'richtern', 'dixon82', 'lauerc', 'hansonni', 'wang3138', 'nhuntine', 'gleasonb', 'zhao988', 'cblackm', 'doherty6', 'wagne236', 'yount', 'smit2827', 'nielsenk', 'davidrgowan', 'kiefern', 'kocher1', 'jiang655', 'chung189', 'smit3184', 'butzz', 'liu2512', 'nfei', 'kerre', 'elikroller', 'hopkin43', 'hall363', 'mtbarrette01', 'abora', 'pcase', 'daveguo614']",18,"['patel731', 'hschennu', 'slillig', 'abosshar', 'marito', 'vkolar', 'engc', 'cwidak', 'egarayev', 'nwegh2017', 'jmacatan', 'terry51', 'jonathanlimp87', 'nwegh', 'lthursto', None, 'rroggema', 'behrr']",60,"['patel731', 'dangratz99', 'aaprelik', 'jmickow', 'sharp52', 'abora', 'psmading', 'engc', 'kfuria', 'cwidak', 'shethm', 'cibrahim', 'siu2', 'lthursto', 'cho372', 'hschennu', 'slillig', 'richtern', 'dixon82', 'lauerc', 'egarayev', 'hansonni', 'wang3138', 'nhuntine', 'gleasonb', 'cblackm', 'doherty6', 'wagne236', 'behrr', 'patel784', 'yount', 'smit2827', 'marito', 'nielsenk', 'rroggema', 'davidrgowan', 'terry51', 'daveguo614', None, 'kiefern', 'kocher1', 'jiang655', 'chung189', 'smit3184', 'butzz', 'liu2512', 'abosshar', 'kerre', 'vkolar', 'nwegh2017', 'elikroller', 'hopkin43', 'jonathanlimp87', 'nwegh', 'hall363', 'mtbarrette01', 'nfei', 'jmacatan', 'pcase', 'zhao988']"
20,108,43,16,1,['kfuria'],41,"['dangratz99', 'aaprelik', 'jmickow', 'sharp52', 'psmading', 'shethm', 'cibrahim', 'siu2', 'cho372', 'richtern', 'dixon82', 'lauerc', 'hansonni', 'wang3138', 'nhuntine', 'gleasonb', 'zhao988', 'cblackm', 'doherty6', 'wagne236', 'patel784', 'yount', 'smit2827', 'nielsenk', 'davidrgowan', 'kiefern', 'kocher1', 'jiang655', 'chung189', 'smit3184', 'butzz', 'liu2512', 'nfei', 'kerre', 'elikroller', 'hopkin43', 'hall363', 'mtbarrette01', 'abora', 'pcase', 'daveguo614']",15,"['chriskorpics', 'rramos571', 'etitheyeti98', 'schro118', 'lucasmah44', 'jdiego1216', 'efeldman', 'jo46', 'shabnashreej', 'albert7', 'maderm', 'nmakris', None, 'mcginn1', 'frank.a.tiernan']",57,"['dangratz99', 'aaprelik', 'jmickow', 'sharp52', 'abora', 'psmading', 'shabnashreej', 'kfuria', 'shethm', 'cibrahim', 'siu2', 'cho372', 'etitheyeti98', 'schro118', 'lucasmah44', 'richtern', 'dixon82', 'lauerc', 'jo46', 'hansonni', 'wang3138', 'nhuntine', 'nmakris', 'gleasonb', 'cblackm', 'doherty6', 'wagne236', 'patel784', 'rramos571', 'yount', 'smit2827', 'jdiego1216', 'nielsenk', 'davidrgowan', 'maderm', 'daveguo614', None, 'kiefern', 'kocher1', 'jiang655', 'chriskorpics', 'chung189', 'smit3184', 'butzz', 'liu2512', 'frank.a.tiernan', 'kerre', 'efeldman', 'elikroller', 'albert7', 'hopkin43', 'hall363', 'mtbarrette01', 'nfei', 'mcginn1', 'pcase', 'zhao988']"
20,105,43,9,5,"['yount', 'sharp52', 'dixon82', 'hansonni', 'cho372']",37,"['dangratz99', 'aaprelik', 'jmickow', 'abora', 'psmading', 'kfuria', 'shethm', 'cibrahim', 'siu2', 'richtern', 'lauerc', 'wang3138', 'nhuntine', 'gleasonb', 'cblackm', 'doherty6', 'wagne236', 'patel784', 'smit2827', 'nielsenk', 'davidrgowan', 'daveguo614', 'kiefern', 'kocher1', 'jiang655', 'chung189', 'smit3184', 'butzz', 'liu2512', 'kerre', 'elikroller', 'hopkin43', 'hall363', 'mtbarrette01', 'nfei', 'pcase', 'zhao988']",4,"['obalican', None, 'koverley', 'koverley1']",46,"['dangratz99', 'aaprelik', 'jmickow', 'sharp52', 'abora', 'psmading', 'kfuria', 'shethm', 'cibrahim', 'siu2', 'cho372', 'richtern', 'dixon82', 'lauerc', 'hansonni', 'wang3138', 'nhuntine', 'gleasonb', 'cblackm', 'doherty6', 'wagne236', 'patel784', 'yount', 'smit2827', 'nielsenk', 'davidrgowan', 'daveguo614', None, 'kiefern', 'kocher1', 'jiang655', 'chung189', 'smit3184', 'butzz', 'liu2512', 'koverley', 'koverley1', 'kerre', 'obalican', 'elikroller', 'hopkin43', 'hall363', 'mtbarrette01', 'nfei', 'pcase', 'zhao988']"
20,113,43,8,1,['kfuria'],41,"['dangratz99', 'aaprelik', 'jmickow', 'sharp52', 'abora', 'psmading', 'shethm', 'cibrahim', 'siu2', 'cho372', 'richtern', 'dixon82', 'lauerc', 'hansonni', 'wang3138', 'nhuntine', 'gleasonb', 'cblackm', 'doherty6', 'wagne236', 'patel784', 'yount', 'smit2827', 'nielsenk', 'davidrgowan', 'daveguo614', 'kiefern', 'kocher1', 'jiang655', 'chung189', 'smit3184', 'butzz', 'liu2512', 'kerre', 'elikroller', 'hopkin43', 'hall363', 'mtbarrette01', 'nfei', 'pcase', 'zhao988']",7,"['etitheyeti98', 'jdiego1216', 'olugbenga82', 'efeldman', 'guicx', None, 'mcginn1']",49,"['dangratz99', 'aaprelik', 'jmickow', 'sharp52', 'abora', 'psmading', 'kfuria', 'shethm', 'cibrahim', 'siu2', 'cho372', 'etitheyeti98', 'olugbenga82', 'richtern', 'dixon82', 'lauerc', 'hansonni', 'wang3138', 'nhuntine', 'gleasonb', 'cblackm', 'doherty6', 'wagne236', 'patel784', 'yount', 'smit2827', 'jdiego1216', 'guicx', 'nielsenk', 'davidrgowan', 'daveguo614', None, 'kiefern', 'kocher1', 'jiang655', 'chung189', 'smit3184', 'butzz', 'liu2512', 'kerre', 'efeldman', 'elikroller', 'hopkin43', 'hall363', 'mtbarrette01', 'nfei', 'mcginn1', 'pcase', 'zhao988']"
20,223,43,6,1,['gleasonb'],41,"['dangratz99', 'aaprelik', 'jmickow', 'sharp52', 'abora', 'psmading', 'kfuria', 'shethm', 'cibrahim', 'siu2', 'cho372', 'richtern', 'dixon82', 'lauerc', 'hansonni', 'wang3138', 'nhuntine', 'cblackm', 'doherty6', 'wagne236', 'patel784', 'yount', 'smit2827', 'nielsenk', 'davidrgowan', 'daveguo614', 'kiefern', 'kocher1', 'jiang655', 'chung189', 'smit3184', 'butzz', 'liu2512', 'kerre', 'elikroller', 'hopkin43', 'hall363', 'mtbarrette01', 'nfei', 'pcase', 'zhao988']",5,"['kinserc', 'bowman96', 'bstegma', 'mmshank16', None]",47,"['kinserc', 'dangratz99', 'aaprelik', 'jmickow', 'sharp52', 'abora', 'psmading', 'kfuria', 'shethm', 'cibrahim', 'siu2', 'cho372', 'richtern', 'mmshank16', 'dixon82', 'lauerc', 'hansonni', 'wang3138', 'nhuntine', 'gleasonb', 'cblackm', 'bowman96', 'doherty6', 'wagne236', 'patel784', 'yount', 'smit2827', 'nielsenk', 'davidrgowan', 'daveguo614', None, 'kiefern', 'kocher1', 'jiang655', 'chung189', 'smit3184', 'butzz', 'liu2512', 'bstegma', 'kerre', 'elikroller', 'hopkin43', 'hall363', 'mtbarrette01', 'nfei', 'pcase', 'zhao988']"
21,466,42,35,12,"['flymetothemoon', 'jialunz', 'nigelcarcher', 'mkoizumi', 'cse2703', 'nigelcarcher1', 'rajashreebhatta', 'tzyk4707', 'chanyinshing', 'dbutts', 'kmei94', 'terenetwo']",29,"['kendranoneman', 'nathantokarz', 'tuckerpeace', 'vicoy', 'attilarektor1', 'jesseschimpf', 'yong.ai', 'baizhehe', 'oliviamaryon', 'jasminecox', 'simonmontoyabedoya', 'claireadams', 'monetalberts', 'cmcelfresh', 'donaldkellis', 'arielweltner', 'kevinsaythavy', 'bkkarki', 'henrikunold', 'egraugnard', 'tic_ticboom', 'jasonpowell1', 'lathanataraj1', 'priyaganesh124', 'maiteik', 'sarah.syjh', 'erikjensen1984', 'dilloneyer', 'trentgarrett']",23,"['manoj158aravind', 'kingforever10', 'scc27', 'shivangag97', 'sphu', 'jariztoy', 'yangliu0607', 'akampe', 'shushujie', 'ziqinghan', 'huynhkenny', 'maddala0312', 'qmduong0', 'etfusselman', None, 'anniz19', 'myless', 'yuzhoula', 'jchang96', 'mjackson518', 'csroberts95', 'zjx80028003', 'aaalrasheed']",64,"['kendranoneman', 'nathantokarz', 'manoj158aravind', 'nigelcarcher', 'tuckerpeace', 'vicoy', 'rajashreebhatta', 'attilarektor1', 'kingforever10', 'jesseschimpf', 'scc27', 'yong.ai', 'terenetwo', 'baizhehe', 'shivangag97', 'oliviamaryon', 'jasminecox', 'simonmontoyabedoya', 'sphu', 'jariztoy', 'tzyk4707', 'claireadams', 'monetalberts', 'yangliu0607', 'cmcelfresh', 'chanyinshing', 'dbutts', 'kmei94', 'donaldkellis', 'akampe', 'arielweltner', 'flymetothemoon', 'shushujie', 'ziqinghan', 'kevinsaythavy', 'cse2703', 'nigelcarcher1', 'bkkarki', 'huynhkenny', 'henrikunold', 'maddala0312', 'egraugnard', 'qmduong0', 'etfusselman', 'tic_ticboom', None, 'anniz19', 'jasonpowell1', 'jialunz', 'myless', 'lathanataraj1', 'yuzhoula', 'mkoizumi', 'jchang96', 'priyaganesh124', 'mjackson518', 'csroberts95', 'zjx80028003', 'aaalrasheed', 'maiteik', 'sarah.syjh', 'trentgarrett', 'erikjensen1984', 'dilloneyer']"
21,465,42,21,13,"['oliviamaryon', 'kendranoneman', 'jasonpowell1', 'kevinsaythavy', 'bkkarki', 'claireadams', 'attilarektor1', 'jesseschimpf', 'monetalberts', 'henrikunold', 'egraugnard', 'erikjensen1984', 'arielweltner']",28,"['nathantokarz', 'nigelcarcher', 'tuckerpeace', 'vicoy', 'rajashreebhatta', 'yong.ai', 'terenetwo', 'baizhehe', 'jasminecox', 'simonmontoyabedoya', 'tzyk4707', 'cmcelfresh', 'chanyinshing', 'dbutts', 'kmei94', 'donaldkellis', 'flymetothemoon', 'cse2703', 'nigelcarcher1', 'tic_ticboom', 'jialunz', 'lathanataraj1', 'mkoizumi', 'priyaganesh124', 'maiteik', 'sarah.syjh', 'dilloneyer', 'trentgarrett']",8,"['raiflyon', 'jadamsmiller', 'tylerwebb508', 'hunterg54', 'jiheonkwon', 'jameslamb', None, 'alimustafa']",49,"['kendranoneman', 'nathantokarz', 'nigelcarcher', 'tuckerpeace', 'jadamsmiller', 'vicoy', 'rajashreebhatta', 'attilarektor1', 'jesseschimpf', 'yong.ai', 'terenetwo', 'baizhehe', 'oliviamaryon', 'jasminecox', 'simonmontoyabedoya', 'raiflyon', 'tzyk4707', 'claireadams', 'monetalberts', 'tylerwebb508', 'cmcelfresh', 'chanyinshing', 'dbutts', 'kmei94', 'donaldkellis', 'alimustafa', 'arielweltner', 'flymetothemoon', 'kevinsaythavy', 'cse2703', 'nigelcarcher1', 'bkkarki', 'henrikunold', 'hunterg54', 'egraugnard', 'jiheonkwon', 'tic_ticboom', None, 'jasonpowell1', 'jialunz', 'lathanataraj1', 'mkoizumi', 'priyaganesh124', 'maiteik', 'jameslamb', 'sarah.syjh', 'trentgarrett', 'erikjensen1984', 'dilloneyer']"
21,469,42,20,4,"['flymetothemoon', 'jialunz', 'kmei94', 'nigelcarcher1']",37,"['kendranoneman', 'nathantokarz', 'nigelcarcher', 'tuckerpeace', 'vicoy', 'rajashreebhatta', 'attilarektor1', 'jesseschimpf', 'yong.ai', 'terenetwo', 'baizhehe', 'oliviamaryon', 'jasminecox', 'simonmontoyabedoya', 'tzyk4707', 'claireadams', 'monetalberts', 'cmcelfresh', 'chanyinshing', 'dbutts', 'donaldkellis', 'arielweltner', 'kevinsaythavy', 'cse2703', 'bkkarki', 'henrikunold', 'egraugnard', 'tic_ticboom', 'jasonpowell1', 'lathanataraj1', 'mkoizumi', 'priyaganesh124', 'maiteik', 'sarah.syjh', 'erikjensen1984', 'dilloneyer', 'trentgarrett']",16,"['manoj158aravind', 'ziqinghan', 'qmduong0', 'jariztoy', 'jchang96', 'csroberts95', 'kingforever10', 'zjx80028003', 'aaalrasheed', 'maddala0312', 'zhangao9706', 'akampe', 'kayleejin', None, 'anniz19', 'shushujie']",57,"['kendranoneman', 'nathantokarz', 'manoj158aravind', 'nigelcarcher', 'tuckerpeace', 'vicoy', 'rajashreebhatta', 'attilarektor1', 'kingforever10', 'jesseschimpf', 'yong.ai', 'terenetwo', 'baizhehe', 'oliviamaryon', 'jasminecox', 'simonmontoyabedoya', 'jariztoy', 'tzyk4707', 'claireadams', 'monetalberts', 'cmcelfresh', 'chanyinshing', 'dbutts', 'kmei94', 'donaldkellis', 'zhangao9706', 'akampe', 'arielweltner', 'flymetothemoon', 'shushujie', 'ziqinghan', 'kevinsaythavy', 'cse2703', 'nigelcarcher1', 'bkkarki', 'henrikunold', 'maddala0312', 'egraugnard', 'qmduong0', 'tic_ticboom', None, 'anniz19', 'jasonpowell1', 'jialunz', 'lathanataraj1', 'jchang96', 'mkoizumi', 'priyaganesh124', 'csroberts95', 'zjx80028003', 'aaalrasheed', 'maiteik', 'sarah.syjh', 'trentgarrett', 'erikjensen1984', 'kayleejin', 'dilloneyer']"
21,467,42,12,10,"['jasonpowell1', 'jasminecox', 'nathantokarz', 'oliviamaryon', 'tuckerpeace', 'monetalberts', 'henrikunold', 'donaldkellis', 'tic_ticboom', 'trentgarrett']",31,"['kendranoneman', 'nigelcarcher', 'vicoy', 'rajashreebhatta', 'attilarektor1', 'jesseschimpf', 'yong.ai', 'terenetwo', 'baizhehe', 'simonmontoyabedoya', 'tzyk4707', 'claireadams', 'cmcelfresh', 'chanyinshing', 'dbutts', 'kmei94', 'arielweltner', 'flymetothemoon', 'kevinsaythavy', 'cse2703', 'nigelcarcher1', 'bkkarki', 'egraugnard', 'jialunz', 'lathanataraj1', 'mkoizumi', 'priyaganesh124', 'maiteik', 'sarah.syjh', 'erikjensen1984', 'dilloneyer']",2,"['jameslamb', None]",43,"['kendranoneman', 'nathantokarz', 'nigelcarcher', 'tuckerpeace', 'vicoy', 'rajashreebhatta', 'attilarektor1', 'jesseschimpf', 'yong.ai', 'terenetwo', 'baizhehe', 'oliviamaryon', 'jasminecox', 'simonmontoyabedoya', 'tzyk4707', 'claireadams', 'monetalberts', 'cmcelfresh', 'chanyinshing', 'dbutts', 'kmei94', 'donaldkellis', 'arielweltner', 'flymetothemoon', 'kevinsaythavy', 'cse2703', 'nigelcarcher1', 'bkkarki', 'henrikunold', 'egraugnard', 'tic_ticboom', None, 'jasonpowell1', 'jialunz', 'lathanataraj1', 'mkoizumi', 'priyaganesh124', 'maiteik', 'jameslamb', 'sarah.syjh', 'trentgarrett', 'erikjensen1984', 'dilloneyer']"
21,433,42,7,3,"['erikjensen1984', 'trentgarrett', 'arielweltner']",38,"['kendranoneman', 'nathantokarz', 'nigelcarcher', 'tuckerpeace', 'vicoy', 'rajashreebhatta', 'attilarektor1', 'jesseschimpf', 'yong.ai', 'terenetwo', 'baizhehe', 'oliviamaryon', 'jasminecox', 'simonmontoyabedoya', 'tzyk4707', 'claireadams', 'monetalberts', 'cmcelfresh', 'chanyinshing', 'dbutts', 'kmei94', 'donaldkellis', 'flymetothemoon', 'kevinsaythavy', 'cse2703', 'nigelcarcher1', 'bkkarki', 'henrikunold', 'egraugnard', 'tic_ticboom', 'jasonpowell1', 'jialunz', 'lathanataraj1', 'mkoizumi', 'priyaganesh124', 'maiteik', 'sarah.syjh', 'dilloneyer']",4,"['jameslamb', None, 'alimustafa', 'hunterg54']",45,"['kendranoneman', 'nathantokarz', 'nigelcarcher', 'tuckerpeace', 'vicoy', 'rajashreebhatta', 'attilarektor1', 'jesseschimpf', 'yong.ai', 'terenetwo', 'baizhehe', 'oliviamaryon', 'jasminecox', 'simonmontoyabedoya', 'tzyk4707', 'claireadams', 'monetalberts', 'cmcelfresh', 'chanyinshing', 'dbutts', 'kmei94', 'donaldkellis', 'alimustafa', 'arielweltner', 'flymetothemoon', 'kevinsaythavy', 'cse2703', 'nigelcarcher1', 'bkkarki', 'henrikunold', 'hunterg54', 'egraugnard', 'tic_ticboom', None, 'jasonpowell1', 'jialunz', 'lathanataraj1', 'mkoizumi', 'priyaganesh124', 'maiteik', 'jameslamb', 'sarah.syjh', 'trentgarrett', 'erikjensen1984', 'dilloneyer']"
21,470,42,7,3,"['chanyinshing', 'jialunz', 'tzyk4707']",38,"['kendranoneman', 'nathantokarz', 'nigelcarcher', 'tuckerpeace', 'vicoy', 'rajashreebhatta', 'attilarektor1', 'jesseschimpf', 'yong.ai', 'terenetwo', 'baizhehe', 'oliviamaryon', 'jasminecox', 'simonmontoyabedoya', 'claireadams', 'monetalberts', 'cmcelfresh', 'dbutts', 'kmei94', 'donaldkellis', 'arielweltner', 'flymetothemoon', 'kevinsaythavy', 'cse2703', 'nigelcarcher1', 'bkkarki', 'henrikunold', 'egraugnard', 'tic_ticboom', 'jasonpowell1', 'lathanataraj1', 'mkoizumi', 'priyaganesh124', 'maiteik', 'sarah.syjh', 'trentgarrett', 'erikjensen1984', 'dilloneyer']",4,"['theiawu', None, 'kingforever10', 'yangliu0607']",45,"['kendranoneman', 'nathantokarz', 'nigelcarcher', 'tuckerpeace', 'vicoy', 'rajashreebhatta', 'attilarektor1', 'kingforever10', 'jesseschimpf', 'yong.ai', 'terenetwo', 'baizhehe', 'oliviamaryon', 'jasminecox', 'simonmontoyabedoya', 'tzyk4707', 'claireadams', 'monetalberts', 'yangliu0607', 'cmcelfresh', 'chanyinshing', 'dbutts', 'kmei94', 'donaldkellis', 'arielweltner', 'flymetothemoon', 'kevinsaythavy', 'cse2703', 'nigelcarcher1', 'bkkarki', 'henrikunold', 'egraugnard', 'theiawu', 'tic_ticboom', None, 'jasonpowell1', 'jialunz', 'lathanataraj1', 'mkoizumi', 'priyaganesh124', 'maiteik', 'sarah.syjh', 'trentgarrett', 'erikjensen1984', 'dilloneyer']"
22,218,40,138,15,"['christin3508', 'akhilvijay', 'wang4506', 'jjoffe', 'bhatta23', 'mohanc21', 'meyers18', 'bsalil', 'rcontrac', 'freder26', 'wu1432', 'ddemelom', 'nkedir', 'esoufler', 'montoyar']",24,"['brucep1997', 'mshewale', 'ramakrishna93', 'le', 'exf112', 'hnamocat', 'fang217', 'kgp22', 'mehrsa', 'emeka29', 'dunca128', 'junghyun', 'zliu987', 'ali.salar', 'yesol1017', 'memari2298', 'hkubtan', 'benjaminyxz', 'nwinner', 'ayaeger', 'suresh9', 'nsritong', 'lbrennan', 'wdeskins']",123,"['vostwal', 'kelsayed', 'jaloi', 'cdtorres', 'cregers', 'lee3489', 'smatsun', 'abelkiew', 'zfrank64', 'wang4142', 'ssidhard', 'mohdshah', 'mheighwa', 'yang1908', 'egrubbs', 'ccurto', 'amcgoff', 'ghais', 'englanc', 'xue76', 'butchko', 'vkoranne', 'wning', 'gshao', 'rituraj346', 'zubik', 'ewilhite', 'bpolinsk', 'mpisoni', 'efeldman', 'cmenden', 'msulaima', 'cgkartzo', 'cccyyj720', 'chao26', 'sun530', 'mjokar', 'ahmad31', 'pdhillon', 'mmohdzai', 'erich1016', 'aperitor', 'nail', 'lrajendr', 'avasiukh', 'mart1391', 'rutherfb', None, 'priyatham.t', 'kiefern', 'caseya', 'qiuchenzhai', 'petrosky', 'adhikarp', 'yang1865', 'zhan2395', 'rturk8292', 'ydichenk', 'malhamm', 'vudayamo', 'brajabif', 'elacr', 'julien419', 'bgunder', 'richtern', 'gomez110', 'pravi', 'fionayjx27', 'kpardika', 'li3604', 'uabdulla4', 'savetian', 'idoh', 'jeigenbr', 'myildiri', 'aleidli', 'hu589', 'srrohit7', 'sail', 'paulmather', 'elikroller', 'agondima', 'desai61', 'zhao988', 'qin132', 'ayermemb', '17scotta', 'zhan2748', 'xixilegend', 'mcdona20', 'shethm', 'kuhn48', 'ocegueda', 'deshmukp', 'jnasiboov', 'li2722', 'missahaq', 'huang706', 'jpdero2', 'wang3138', 'mcclurez', 'bullock8', 'white559', 'shoafn', 'henry01234567', 'alotaib6', 'saha40', 'colewilloughby1125', 'dlarocco', 'zhan3736', 'gmantey', 'eantwiag', 'uuraechu', 'liu2512', 'anna.collins97', 'ayildiri', 'silapaku', 'soni12', 'odonne33', 'ardekani', 'pavlos.vlachos', 'abora', 'wangjourney7']",162,"['vostwal', 'kelsayed', 'jaloi', 'cdtorres', 'cregers', 'hnamocat', 'lee3489', 'smatsun', 'abelkiew', 'zfrank64', 'wang4142', 'junghyun', 'ssidhard', 'mohdshah', 'wu1432', 'mheighwa', 'yang1908', 'egrubbs', 'ccurto', 'amcgoff', 'ghais', 'englanc', 'ayaeger', 'xue76', 'butchko', 'freder26', 'vkoranne', 'wning', 'gshao', 'rituraj346', 'zubik', 'ewilhite', 'bpolinsk', 'akhilvijay', 'mpisoni', 'efeldman', 'cmenden', 'msulaima', 'cgkartzo', 'cccyyj720', 'esoufler', 'chao26', 'sun530', 'ramakrishna93', 'wang4506', 'mjokar', 'ahmad31', 'exf112', 'kgp22', 'pdhillon', 'mmohdzai', 'erich1016', 'emeka29', 'mehrsa', 'mohanc21', 'aperitor', 'nail', 'lrajendr', 'benjaminyxz', 'avasiukh', 'mart1391', 'rutherfb', 'ddemelom', None, 'priyatham.t', 'kiefern', 'suresh9', 'caseya', 'qiuchenzhai', 'lbrennan', 'petrosky', 'adhikarp', 'yang1865', 'zhan2395', 'mshewale', 'rturk8292', 'ydichenk', 'rcontrac', 'malhamm', 'vudayamo', 'brajabif', 'christin3508', 'elacr', 'dunca128', 'julien419', 'bgunder', 'richtern', 'gomez110', 'pravi', 'ali.salar', 'fionayjx27', 'kpardika', 'li3604', 'memari2298', 'uabdulla4', 'savetian', 'bhatta23', 'idoh', 'jeigenbr', 'myildiri', 'aleidli', 'hu589', 'srrohit7', 'sail', 'paulmather', 'elikroller', 'agondima', 'desai61', 'zhao988', 'qin132', 'brucep1997', 'ayermemb', 'le', 'zhan2748', '17scotta', 'bsalil', 'xixilegend', 'mcdona20', 'shethm', 'fang217', 'kuhn48', 'ocegueda', 'deshmukp', 'jnasiboov', 'li2722', 'zliu987', 'meyers18', 'missahaq', 'huang706', 'jpdero2', 'wang3138', 'mcclurez', 'bullock8', 'white559', 'yesol1017', 'shoafn', 'henry01234567', 'alotaib6', 'saha40', 'hkubtan', 'colewilloughby1125', 'nwinner', 'dlarocco', 'zhan3736', 'gmantey', 'nkedir', 'eantwiag', 'uuraechu', 'liu2512', 'anna.collins97', 'ayildiri', 'jjoffe', 'nsritong', 'silapaku', 'soni12', 'odonne33', 'wdeskins', 'ardekani', 'pavlos.vlachos', 'abora', 'wangjourney7', 'montoyar']"
22,216,40,34,2,"['fang217', 'emeka29']",37,"['brucep1997', 'mshewale', 'ramakrishna93', 'wang4506', 'le', 'rcontrac', 'bsalil', 'exf112', 'hnamocat', 'kgp22', 'mehrsa', 'christin3508', 'dunca128', 'junghyun', 'zliu987', 'meyers18', 'mohanc21', 'ali.salar', 'wu1432', 'yesol1017', 'memari2298', 'hkubtan', 'benjaminyxz', 'nwinner', 'ayaeger', 'bhatta23', 'freder26', 'ddemelom', 'nkedir', 'suresh9', 'akhilvijay', 'jjoffe', 'nsritong', 'lbrennan', 'wdeskins', 'esoufler', 'montoyar']",32,"['strachan', 'cvasq69', 'davidjohnson', 'tkonstan', 'kfuria', 'hamed0', 'tmarconi', 'geakins', 'awennin', 'baega21', 'usarwar', 'ellis99', 'aperitor', 'gezbbl7', 'sdabiris', 'wyss', 'smit2827', 'kstirrup', 'asarnowski', 'rderakhs7', 'aahmadza', None, 'tu37', 'okurtulu', 'nabdrahn', 'elikroller', 'jbuehrle', 'ross217', 'chen220', 'hall363', 'dewittl', 'ni45']",71,"['strachan', 'brucep1997', 'ramakrishna93', 'mshewale', 'wang4506', 'le', 'cvasq69', 'davidjohnson', 'tkonstan', 'rcontrac', 'bsalil', 'kfuria', 'exf112', 'hnamocat', 'fang217', 'kgp22', 'hamed0', 'tmarconi', 'emeka29', 'mehrsa', 'christin3508', 'geakins', 'dunca128', 'junghyun', 'zliu987', 'meyers18', 'mohanc21', 'awennin', 'baega21', 'ali.salar', 'usarwar', 'wu1432', 'ellis99', 'yesol1017', 'aperitor', 'gezbbl7', 'sdabiris', 'memari2298', 'wyss', 'smit2827', 'hkubtan', 'benjaminyxz', 'nwinner', 'ayaeger', 'bhatta23', 'freder26', 'kstirrup', 'asarnowski', 'rderakhs7', 'ddemelom', 'aahmadza', 'nkedir', None, 'suresh9', 'akhilvijay', 'tu37', 'jjoffe', 'nsritong', 'lbrennan', 'okurtulu', 'wdeskins', 'nabdrahn', 'elikroller', 'jbuehrle', 'ross217', 'chen220', 'hall363', 'dewittl', 'esoufler', 'montoyar', 'ni45']"
22,222,40,32,1,['mshewale'],38,"['brucep1997', 'ramakrishna93', 'wang4506', 'le', 'rcontrac', 'bsalil', 'exf112', 'hnamocat', 'fang217', 'kgp22', 'mehrsa', 'emeka29', 'christin3508', 'dunca128', 'junghyun', 'zliu987', 'meyers18', 'mohanc21', 'ali.salar', 'wu1432', 'yesol1017', 'memari2298', 'hkubtan', 'benjaminyxz', 'nwinner', 'ayaeger', 'bhatta23', 'freder26', 'ddemelom', 'nkedir', 'suresh9', 'akhilvijay', 'jjoffe', 'nsritong', 'lbrennan', 'wdeskins', 'esoufler', 'montoyar']",31,"['everbru', 'hsvalladares88', 'kumar212', 'cibrahim', 'coolnikitav', 'pickera', 'etitheyeti98', 'bamorim', 'lmackin', 'ferree1', 'costel10', 'stapletl', 'sanjiv3damo', 'anniebreidinger', 'tmccoll', 'lrigsbee', None, 'kocher1', 'hhedderi', 'koverley', 'singer15', 'richg', 'awoodwa', 'lowe77', 'nkhuu', 'gct246', 'markleightonfisher', 'nfei', 'harbinz', 'akansky', 'daveguo614']",70,"['brucep1997', 'ramakrishna93', 'mshewale', 'wang4506', 'le', 'everbru', 'harbinz', 'rcontrac', 'bsalil', 'exf112', 'hnamocat', 'fang217', 'kgp22', 'hsvalladares88', 'kumar212', 'cibrahim', 'coolnikitav', 'emeka29', 'mehrsa', 'christin3508', 'pickera', 'dunca128', 'etitheyeti98', 'bamorim', 'lmackin', 'junghyun', 'zliu987', 'meyers18', 'mohanc21', 'ferree1', 'ali.salar', 'wu1432', 'yesol1017', 'memari2298', 'costel10', 'hkubtan', 'benjaminyxz', 'nwinner', 'ayaeger', 'bhatta23', 'stapletl', 'sanjiv3damo', 'akansky', 'freder26', 'anniebreidinger', 'tmccoll', 'ddemelom', 'nkedir', 'lrigsbee', None, 'kocher1', 'suresh9', 'hhedderi', 'akhilvijay', 'koverley', 'singer15', 'jjoffe', 'nsritong', 'lbrennan', 'wdeskins', 'richg', 'awoodwa', 'lowe77', 'nkhuu', 'gct246', 'markleightonfisher', 'nfei', 'esoufler', 'montoyar', 'daveguo614']"
22,219,40,8,6,"['wang4506', 'freder26', 'bsalil', 'rcontrac', 'wu1432', 'nkedir']",33,"['brucep1997', 'ramakrishna93', 'mshewale', 'le', 'exf112', 'hnamocat', 'fang217', 'kgp22', 'emeka29', 'mehrsa', 'christin3508', 'dunca128', 'junghyun', 'zliu987', 'meyers18', 'mohanc21', 'ali.salar', 'yesol1017', 'memari2298', 'hkubtan', 'benjaminyxz', 'nwinner', 'ayaeger', 'bhatta23', 'ddemelom', 'suresh9', 'akhilvijay', 'jjoffe', 'nsritong', 'lbrennan', 'wdeskins', 'esoufler', 'montoyar']",2,"[None, 'brajabif']",41,"['brucep1997', 'ramakrishna93', 'mshewale', 'wang4506', 'le', 'rcontrac', 'bsalil', 'exf112', 'hnamocat', 'fang217', 'kgp22', 'brajabif', 'emeka29', 'mehrsa', 'christin3508', 'dunca128', 'junghyun', 'zliu987', 'meyers18', 'mohanc21', 'ali.salar', 'wu1432', 'yesol1017', 'memari2298', 'hkubtan', 'benjaminyxz', 'nwinner', 'ayaeger', 'bhatta23', 'freder26', 'ddemelom', 'nkedir', None, 'suresh9', 'akhilvijay', 'jjoffe', 'nsritong', 'lbrennan', 'wdeskins', 'esoufler', 'montoyar']"
22,226,40,6,1,['kgp22'],38,"['brucep1997', 'ramakrishna93', 'mshewale', 'wang4506', 'le', 'rcontrac', 'bsalil', 'exf112', 'hnamocat', 'fang217', 'emeka29', 'mehrsa', 'christin3508', 'dunca128', 'junghyun', 'zliu987', 'meyers18', 'mohanc21', 'ali.salar', 'wu1432', 'yesol1017', 'memari2298', 'hkubtan', 'benjaminyxz', 'nwinner', 'ayaeger', 'bhatta23', 'freder26', 'ddemelom', 'nkedir', 'suresh9', 'akhilvijay', 'jjoffe', 'nsritong', 'lbrennan', 'wdeskins', 'esoufler', 'montoyar']",5,"['msargen', 'stark22', 'xu1020', 'bgrandst', None]",44,"['brucep1997', 'ramakrishna93', 'mshewale', 'wang4506', 'le', 'xu1020', 'rcontrac', 'bsalil', 'exf112', 'hnamocat', 'fang217', 'kgp22', 'emeka29', 'mehrsa', 'christin3508', 'dunca128', 'junghyun', 'zliu987', 'meyers18', 'mohanc21', 'ali.salar', 'wu1432', 'bgrandst', 'yesol1017', 'memari2298', 'msargen', 'hkubtan', 'benjaminyxz', 'nwinner', 'ayaeger', 'bhatta23', 'stark22', 'freder26', 'ddemelom', 'nkedir', None, 'suresh9', 'akhilvijay', 'jjoffe', 'nsritong', 'lbrennan', 'wdeskins', 'esoufler', 'montoyar']"
23,184,40,74,26,"['aavlani', 'li2736', 'askipwor', 'kswiatk', 'jmeneze', 'ununez', 'sharm284', 'fvora', 'bmodel', 'patkip', 'eheikens', 'hu509', 'owen22', 'smit3159', 'lowe52', 'matar', 'lgreenle', 'zprofio', 'deshpan3', 'rojas23', 'jpiazza', 'bhartant', 'shanks5', 'abuganza', 'reyno105', 'byant']",13,"['cdunteman', 'oceanlui', '16096619d', 'jmaillet', 'askalamtor', 'pikachu1998', 'louistan98', 'zongrui', 'qq935964554', 'citychiriver', 'berryshao', 'suz304', 'a16089459d']",48,"['ganeshm', 'gchsong', 'titus9', 'dbenham', 'skarumur', 'mfarnell', 'gtribe', 'sah1', 'ssaradhi', 'pnagrani', 'rnaon', 'callahap', 'dewey2', 'ja37989', 'ncnweb_outreach1', 'faltens', 'tan254', 'peter496', 'jpdero2', 'mtrivell', 'mcclurez', 'conley39', 'jianwen97', 'aidanc_purdue', 'wang4084', 'savetian', 'anaon', 'vogel30', 'jverduzc', 'jo30', 'ncnweb_outreach2', 'yao201', 'kulkar72', 'satishbgowda', None, 'ford.l.piano.guitar', 'osantang', 'jung248', 'paulmather', 'petrosky', 'alafzi', 'jstalba', 'dfarache', 'ericks23', 'han602', 'desai61', 'kkoradiy', 'mademoiselle0812']",87,"['ganeshm', 'dbenham', 'titus9', 'askipwor', 'askalamtor', 'kswiatk', 'gtribe', 'qq935964554', 'sah1', 'citychiriver', 'berryshao', 'ssaradhi', 'pnagrani', 'sharm284', 'rnaon', 'fvora', 'dewey2', 'ja37989', 'ncnweb_outreach1', 'faltens', 'eheikens', 'a16089459d', 'mtrivell', 'jianwen97', 'lgreenle', 'savetian', 'deshpan3', 'yao201', 'rojas23', 'osantang', '16096619d', 'bhartant', 'pikachu1998', 'jung248', 'paulmather', 'alafzi', 'zongrui', 'ericks23', 'abuganza', 'reyno105', 'desai61', 'byant', 'mfarnell', 'aavlani', 'li2736', 'oceanlui', 'gchsong', 'skarumur', 'jmeneze', 'ununez', 'callahap', 'bmodel', 'patkip', 'hu509', 'owen22', 'tan254', 'peter496', 'smit3159', 'lowe52', 'jpdero2', 'matar', 'mcclurez', 'conley39', 'aidanc_purdue', 'cdunteman', 'wang4084', 'anaon', 'vogel30', 'jverduzc', 'zprofio', 'jo30', 'ncnweb_outreach2', 'kulkar72', 'satishbgowda', None, 'ford.l.piano.guitar', 'jpiazza', 'jmaillet', 'louistan98', 'petrosky', 'jstalba', 'dfarache', 'han602', 'suz304', 'shanks5', 'kkoradiy', 'mademoiselle0812']"
23,197,40,67,4,"['lgreenle', 'li2736', 'deshpan3', 'fvora']",35,"['aavlani', 'oceanlui', 'askalamtor', 'askipwor', 'kswiatk', 'qq935964554', 'jmeneze', 'citychiriver', 'berryshao', 'ununez', 'sharm284', 'bmodel', 'patkip', 'eheikens', 'hu509', 'owen22', 'smit3159', 'lowe52', 'matar', 'a16089459d', 'cdunteman', 'zprofio', 'rojas23', '16096619d', 'jpiazza', 'jmaillet', 'bhartant', 'pikachu1998', 'louistan98', 'zongrui', 'suz304', 'shanks5', 'abuganza', 'reyno105', 'byant']",63,"['kelsayed', 'qin132', 'zhan2395', 'sun530', 'ayermemb', 'zhan2748', 'wu801', 'skarumur', 'ywang3450', 'oerturk', 'xixilegend', 'mcdona20', 'pdhillon', 'rkanthar', 'ps052537', 'ocegueda', 'kabdelaz', 'juncheng10', 'wang4142', 'bgunder', 'rpaldi', 'huang670', 'tan254', 'gomez110', 'ssidhard', 'huang714', 'missahaq', 'kpardika', 'jpdero2', 'ganti', 'uditrawat469', 'yang1908', 'egrubbs', 'mcclurez', 'saha40', 'wang4084', 'uabdulla4', 'nh_engagement', 'savetian', 'xue76', 'anaon', 'jverduzc', 'pkolis', 'wfirdaus', 'gshao', 'rituraj346', 'hu589', 'myildiri', None, 'eantwiag', 'caseya', 'paulmather', 'odonne33', 'petrosky', 'agondima', 'zhangwy2016', 'porte107', 'cgkartzo', 'ardekani', 'pravi', 'desai61', 'erich1016', 'mademoiselle0812']",102,"['kelsayed', 'zhan2395', 'askipwor', 'askalamtor', 'kswiatk', 'qq935964554', 'citychiriver', 'berryshao', 'rkanthar', 'sharm284', 'fvora', 'juncheng10', 'wang4142', 'bgunder', 'eheikens', 'huang670', 'gomez110', 'ssidhard', 'kpardika', 'a16089459d', 'yang1908', 'egrubbs', 'lgreenle', 'uabdulla4', 'nh_engagement', 'savetian', 'xue76', 'pkolis', 'wfirdaus', 'deshpan3', 'gshao', 'rituraj346', 'hu589', 'myildiri', 'rojas23', '16096619d', 'bhartant', 'pikachu1998', 'paulmather', 'zongrui', 'agondima', 'porte107', 'cgkartzo', 'abuganza', 'reyno105', 'desai61', 'byant', 'aavlani', 'qin132', 'li2736', 'oceanlui', 'sun530', 'ayermemb', 'zhan2748', 'wu801', 'skarumur', 'ywang3450', 'oerturk', 'xixilegend', 'jmeneze', 'mcdona20', 'pdhillon', 'ununez', 'ps052537', 'ocegueda', 'kabdelaz', 'bmodel', 'patkip', 'rpaldi', 'hu509', 'owen22', 'tan254', 'huang714', 'missahaq', 'smit3159', 'lowe52', 'jpdero2', 'matar', 'ganti', 'uditrawat469', 'mcclurez', 'saha40', 'cdunteman', 'wang4084', 'anaon', 'jverduzc', 'zprofio', None, 'eantwiag', 'caseya', 'jpiazza', 'jmaillet', 'louistan98', 'odonne33', 'petrosky', 'suz304', 'shanks5', 'zhangwy2016', 'ardekani', 'pravi', 'erich1016', 'mademoiselle0812']"
23,186,40,23,9,"['oceanlui', '16096619d', 'pikachu1998', 'askalamtor', 'zongrui', 'qq935964554', 'citychiriver', 'berryshao', 'a16089459d']",30,"['aavlani', 'li2736', 'askipwor', 'kswiatk', 'jmeneze', 'ununez', 'sharm284', 'fvora', 'bmodel', 'patkip', 'eheikens', 'hu509', 'owen22', 'smit3159', 'lowe52', 'matar', 'lgreenle', 'cdunteman', 'zprofio', 'deshpan3', 'rojas23', 'jpiazza', 'jmaillet', 'bhartant', 'louistan98', 'suz304', 'shanks5', 'abuganza', 'reyno105', 'byant']",14,"['tna99ke', 'stringyan', 'jiangshi', 'addliang2018', 'anakinlee17903205r', 'keniflam234', 'nonofrio', 'chun2020ki', 'luigi1255305453', 'engelsudoka', 'yingyr', 'lokwingwong', 'cindypang2020', None]",53,"['aavlani', 'li2736', 'oceanlui', 'askipwor', 'askalamtor', 'anakinlee17903205r', 'kswiatk', 'qq935964554', 'jmeneze', 'citychiriver', 'berryshao', 'engelsudoka', 'ununez', 'yingyr', 'sharm284', 'fvora', 'bmodel', 'patkip', 'tna99ke', 'eheikens', 'hu509', 'owen22', 'addliang2018', 'keniflam234', 'nonofrio', 'smit3159', 'lowe52', 'luigi1255305453', 'matar', 'lokwingwong', 'a16089459d', 'lgreenle', 'cdunteman', 'jiangshi', 'zprofio', 'chun2020ki', 'deshpan3', None, 'rojas23', 'cindypang2020', 'stringyan', '16096619d', 'jpiazza', 'jmaillet', 'bhartant', 'pikachu1998', 'louistan98', 'zongrui', 'suz304', 'shanks5', 'abuganza', 'reyno105', 'byant']"
23,185,40,14,8,"['16096619d', 'oceanlui', 'askalamtor', 'zongrui', 'qq935964554', 'citychiriver', 'berryshao', 'a16089459d']",31,"['aavlani', 'li2736', 'askipwor', 'kswiatk', 'jmeneze', 'ununez', 'sharm284', 'fvora', 'bmodel', 'patkip', 'eheikens', 'hu509', 'owen22', 'smit3159', 'lowe52', 'matar', 'lgreenle', 'cdunteman', 'zprofio', 'deshpan3', 'rojas23', 'jpiazza', 'jmaillet', 'bhartant', 'pikachu1998', 'louistan98', 'suz304', 'shanks5', 'abuganza', 'reyno105', 'byant']",6,"['jiangshi', 'johnnyspw', 'nonofrio', 'luigi1255305453', 'engelsudoka', None]",45,"['aavlani', 'li2736', 'oceanlui', 'askipwor', 'askalamtor', 'kswiatk', 'qq935964554', 'jmeneze', 'citychiriver', 'berryshao', 'engelsudoka', 'ununez', 'sharm284', 'fvora', 'bmodel', 'patkip', 'eheikens', 'hu509', 'owen22', 'johnnyspw', 'nonofrio', 'smit3159', 'lowe52', 'luigi1255305453', 'matar', 'a16089459d', 'lgreenle', 'cdunteman', 'jiangshi', 'zprofio', 'deshpan3', None, 'rojas23', '16096619d', 'jpiazza', 'jmaillet', 'bhartant', 'pikachu1998', 'louistan98', 'zongrui', 'suz304', 'shanks5', 'abuganza', 'reyno105', 'byant']"
23,188,40,14,9,"['16096619d', 'oceanlui', 'pikachu1998', 'askalamtor', 'zongrui', 'qq935964554', 'citychiriver', 'berryshao', 'a16089459d']",30,"['aavlani', 'li2736', 'askipwor', 'kswiatk', 'jmeneze', 'ununez', 'sharm284', 'fvora', 'bmodel', 'patkip', 'eheikens', 'hu509', 'owen22', 'smit3159', 'lowe52', 'matar', 'lgreenle', 'cdunteman', 'zprofio', 'deshpan3', 'rojas23', 'jpiazza', 'jmaillet', 'bhartant', 'louistan98', 'suz304', 'shanks5', 'abuganza', 'reyno105', 'byant']",5,"['jiangshi', 'luigi1255305453', 'engelsudoka', 'cindypang2020', None]",44,"['aavlani', 'li2736', 'oceanlui', 'askipwor', 'askalamtor', 'kswiatk', 'qq935964554', 'jmeneze', 'citychiriver', 'berryshao', 'engelsudoka', 'ununez', 'sharm284', 'fvora', 'bmodel', 'patkip', 'eheikens', 'hu509', 'owen22', 'smit3159', 'lowe52', 'luigi1255305453', 'matar', 'a16089459d', 'lgreenle', 'cdunteman', 'jiangshi', 'zprofio', 'deshpan3', 'cindypang2020', 'rojas23', None, '16096619d', 'jpiazza', 'jmaillet', 'bhartant', 'pikachu1998', 'louistan98', 'zongrui', 'suz304', 'shanks5', 'abuganza', 'reyno105', 'byant']"
23,193,40,14,4,"['bmodel', 'li2736', 'deshpan3', 'fvora']",35,"['aavlani', 'oceanlui', 'askalamtor', 'askipwor', 'kswiatk', 'qq935964554', 'jmeneze', 'citychiriver', 'berryshao', 'ununez', 'sharm284', 'patkip', 'eheikens', 'hu509', 'owen22', 'smit3159', 'lowe52', 'matar', 'a16089459d', 'lgreenle', 'cdunteman', 'zprofio', 'rojas23', '16096619d', 'jpiazza', 'jmaillet', 'bhartant', 'pikachu1998', 'louistan98', 'zongrui', 'suz304', 'shanks5', 'abuganza', 'reyno105', 'byant']",10,"['wang4084', 'tan254', 'anaon', 'petrosky', 'lu500', 'jverduzc', 'jpdero2', 'mcclurez', 'desai61', None]",49,"['aavlani', 'li2736', 'oceanlui', 'askipwor', 'askalamtor', 'kswiatk', 'lu500', 'qq935964554', 'jmeneze', 'citychiriver', 'berryshao', 'ununez', 'sharm284', 'fvora', 'bmodel', 'patkip', 'eheikens', 'hu509', 'owen22', 'tan254', 'smit3159', 'lowe52', 'jpdero2', 'matar', 'a16089459d', 'mcclurez', 'lgreenle', 'cdunteman', 'wang4084', 'anaon', 'jverduzc', 'zprofio', 'deshpan3', None, 'rojas23', '16096619d', 'jpiazza', 'jmaillet', 'bhartant', 'pikachu1998', 'louistan98', 'petrosky', 'zongrui', 'suz304', 'shanks5', 'desai61', 'abuganza', 'reyno105', 'byant']"
23,194,40,14,7,"['16096619d', 'oceanlui', 'pikachu1998', 'zongrui', 'qq935964554', 'citychiriver', 'berryshao']",32,"['aavlani', 'li2736', 'askalamtor', 'askipwor', 'kswiatk', 'jmeneze', 'ununez', 'sharm284', 'fvora', 'bmodel', 'patkip', 'eheikens', 'hu509', 'owen22', 'smit3159', 'lowe52', 'matar', 'a16089459d', 'lgreenle', 'cdunteman', 'zprofio', 'deshpan3', 'rojas23', 'jpiazza', 'jmaillet', 'bhartant', 'louistan98', 'suz304', 'shanks5', 'abuganza', 'reyno105', 'byant']",7,"['zhaozichen', 'jiangshi', 'keniflam234', 'luigi1255305453', 'engelsudoka', 'lokwingwong', None]",46,"['aavlani', 'li2736', 'oceanlui', 'askipwor', 'askalamtor', 'kswiatk', 'qq935964554', 'jmeneze', 'citychiriver', 'berryshao', 'engelsudoka', 'ununez', 'sharm284', 'fvora', 'bmodel', 'patkip', 'eheikens', 'hu509', 'owen22', 'keniflam234', 'smit3159', 'lowe52', 'luigi1255305453', 'matar', 'lokwingwong', 'a16089459d', 'lgreenle', 'zhaozichen', 'cdunteman', 'jiangshi', 'zprofio', 'deshpan3', None, 'rojas23', '16096619d', 'jpiazza', 'jmaillet', 'bhartant', 'pikachu1998', 'louistan98', 'zongrui', 'suz304', 'shanks5', 'abuganza', 'reyno105', 'byant']"
23,208,40,14,1,['li2736'],38,"['aavlani', 'oceanlui', 'askalamtor', 'askipwor', 'kswiatk', 'qq935964554', 'jmeneze', 'citychiriver', 'berryshao', 'ununez', 'sharm284', 'fvora', 'bmodel', 'patkip', 'eheikens', 'hu509', 'owen22', 'smit3159', 'lowe52', 'matar', 'a16089459d', 'lgreenle', 'cdunteman', 'zprofio', 'deshpan3', 'rojas23', '16096619d', 'jpiazza', 'jmaillet', 'bhartant', 'pikachu1998', 'louistan98', 'zongrui', 'suz304', 'shanks5', 'abuganza', 'reyno105', 'byant']",13,"['black99', 'ja37989', 'ahads', 'jcwirth', 'jwat', 'jverduzc', 'zhengweichen', 'saxena61', 'dely', 'haejik', 'mcclurez', 'desai61', None]",52,"['aavlani', 'li2736', 'oceanlui', 'ahads', 'askipwor', 'askalamtor', 'jcwirth', 'kswiatk', 'zhengweichen', 'qq935964554', 'jmeneze', 'citychiriver', 'berryshao', 'haejik', 'ununez', 'sharm284', 'fvora', 'bmodel', 'patkip', 'black99', 'ja37989', 'eheikens', 'hu509', 'owen22', 'smit3159', 'lowe52', 'matar', 'a16089459d', 'mcclurez', 'lgreenle', 'cdunteman', 'jverduzc', 'zprofio', 'saxena61', 'dely', 'deshpan3', None, 'rojas23', '16096619d', 'jpiazza', 'jmaillet', 'bhartant', 'pikachu1998', 'jwat', 'louistan98', 'zongrui', 'suz304', 'shanks5', 'desai61', 'abuganza', 'reyno105', 'byant']"
23,191,40,13,7,"['16096619d', 'oceanlui', 'pikachu1998', 'zongrui', 'qq935964554', 'citychiriver', 'berryshao']",32,"['aavlani', 'li2736', 'askalamtor', 'askipwor', 'kswiatk', 'jmeneze', 'ununez', 'sharm284', 'fvora', 'bmodel', 'patkip', 'eheikens', 'hu509', 'owen22', 'smit3159', 'lowe52', 'matar', 'a16089459d', 'lgreenle', 'cdunteman', 'zprofio', 'deshpan3', 'rojas23', 'jpiazza', 'jmaillet', 'bhartant', 'louistan98', 'suz304', 'shanks5', 'abuganza', 'reyno105', 'byant']",6,"['stringyan', 'zhaozichen', 'jiangshi', 'luigi1255305453', 'engelsudoka', None]",45,"['aavlani', 'li2736', 'oceanlui', 'askipwor', 'askalamtor', 'kswiatk', 'qq935964554', 'jmeneze', 'citychiriver', 'berryshao', 'engelsudoka', 'ununez', 'sharm284', 'fvora', 'bmodel', 'patkip', 'eheikens', 'hu509', 'owen22', 'smit3159', 'lowe52', 'luigi1255305453', 'matar', 'a16089459d', 'lgreenle', 'zhaozichen', 'cdunteman', 'jiangshi', 'zprofio', 'deshpan3', None, 'rojas23', 'stringyan', '16096619d', 'jpiazza', 'jmaillet', 'bhartant', 'pikachu1998', 'louistan98', 'zongrui', 'suz304', 'shanks5', 'abuganza', 'reyno105', 'byant']"
23,203,40,13,5,"['16096619d', 'oceanlui', 'pikachu1998', 'zongrui', 'berryshao']",34,"['aavlani', 'li2736', 'askalamtor', 'askipwor', 'kswiatk', 'qq935964554', 'jmeneze', 'citychiriver', 'ununez', 'sharm284', 'fvora', 'bmodel', 'patkip', 'eheikens', 'hu509', 'owen22', 'smit3159', 'lowe52', 'matar', 'a16089459d', 'lgreenle', 'cdunteman', 'zprofio', 'deshpan3', 'rojas23', 'jpiazza', 'jmaillet', 'bhartant', 'louistan98', 'suz304', 'shanks5', 'abuganza', 'reyno105', 'byant']",8,"['sonsun', 'tna99ke', 'zhaozichen', 'jiangshi', 'luigi1255305453', 'engelsudoka', None, 'cindypang2020']",47,"['aavlani', 'li2736', 'oceanlui', 'askipwor', 'askalamtor', 'kswiatk', 'qq935964554', 'jmeneze', 'citychiriver', 'berryshao', 'engelsudoka', 'ununez', 'sharm284', 'fvora', 'bmodel', 'patkip', 'tna99ke', 'eheikens', 'hu509', 'owen22', 'smit3159', 'lowe52', 'luigi1255305453', 'matar', 'a16089459d', 'lgreenle', 'zhaozichen', 'cdunteman', 'jiangshi', 'zprofio', 'deshpan3', 'cindypang2020', 'rojas23', None, 'sonsun', '16096619d', 'jpiazza', 'jmaillet', 'bhartant', 'pikachu1998', 'louistan98', 'zongrui', 'suz304', 'shanks5', 'abuganza', 'reyno105', 'byant']"
23,207,40,13,4,"['zongrui', 'berryshao', 'oceanlui', 'pikachu1998']",35,"['aavlani', 'li2736', 'askalamtor', 'askipwor', 'kswiatk', 'qq935964554', 'jmeneze', 'citychiriver', 'ununez', 'sharm284', 'fvora', 'bmodel', 'patkip', 'eheikens', 'hu509', 'owen22', 'smit3159', 'lowe52', 'matar', 'a16089459d', 'lgreenle', 'cdunteman', 'zprofio', 'deshpan3', 'rojas23', '16096619d', 'jpiazza', 'jmaillet', 'bhartant', 'louistan98', 'suz304', 'shanks5', 'abuganza', 'reyno105', 'byant']",9,"['tna99ke', 'zhaozichen', 'jinyangshisherry', 'jiangshi', 'nonofrio', 'luigi1255305453', 'engelsudoka', None, 'cindypang2020']",48,"['aavlani', 'li2736', 'oceanlui', 'jinyangshisherry', 'askipwor', 'askalamtor', 'kswiatk', 'qq935964554', 'jmeneze', 'citychiriver', 'berryshao', 'engelsudoka', 'ununez', 'sharm284', 'fvora', 'bmodel', 'patkip', 'tna99ke', 'eheikens', 'hu509', 'owen22', 'nonofrio', 'smit3159', 'lowe52', 'luigi1255305453', 'matar', 'a16089459d', 'lgreenle', 'zhaozichen', 'cdunteman', 'jiangshi', 'zprofio', 'deshpan3', 'cindypang2020', 'rojas23', None, '16096619d', 'jpiazza', 'jmaillet', 'bhartant', 'pikachu1998', 'louistan98', 'zongrui', 'suz304', 'shanks5', 'abuganza', 'reyno105', 'byant']"
23,201,40,12,6,"['16096619d', 'oceanlui', 'pikachu1998', 'zongrui', 'citychiriver', 'berryshao']",33,"['aavlani', 'li2736', 'askalamtor', 'askipwor', 'kswiatk', 'qq935964554', 'jmeneze', 'ununez', 'sharm284', 'fvora', 'bmodel', 'patkip', 'eheikens', 'hu509', 'owen22', 'smit3159', 'lowe52', 'matar', 'a16089459d', 'lgreenle', 'cdunteman', 'zprofio', 'deshpan3', 'rojas23', 'jpiazza', 'jmaillet', 'bhartant', 'louistan98', 'suz304', 'shanks5', 'abuganza', 'reyno105', 'byant']",6,"['zhaozichen', 'jiangshi', 'luigi1255305453', 'engelsudoka', None, 'cindypang2020']",45,"['aavlani', 'li2736', 'oceanlui', 'askipwor', 'askalamtor', 'kswiatk', 'qq935964554', 'jmeneze', 'citychiriver', 'berryshao', 'engelsudoka', 'ununez', 'sharm284', 'fvora', 'bmodel', 'patkip', 'eheikens', 'hu509', 'owen22', 'smit3159', 'lowe52', 'luigi1255305453', 'matar', 'a16089459d', 'lgreenle', 'zhaozichen', 'cdunteman', 'jiangshi', 'zprofio', 'deshpan3', 'cindypang2020', 'rojas23', None, '16096619d', 'jpiazza', 'jmaillet', 'bhartant', 'pikachu1998', 'louistan98', 'zongrui', 'suz304', 'shanks5', 'abuganza', 'reyno105', 'byant']"
23,189,40,11,7,"['oceanlui', 'pikachu1998', 'zongrui', 'qq935964554', 'citychiriver', 'berryshao', 'a16089459d']",32,"['aavlani', 'li2736', 'askalamtor', 'askipwor', 'kswiatk', 'jmeneze', 'ununez', 'sharm284', 'fvora', 'bmodel', 'patkip', 'eheikens', 'hu509', 'owen22', 'smit3159', 'lowe52', 'matar', 'lgreenle', 'cdunteman', 'zprofio', 'deshpan3', 'rojas23', '16096619d', 'jpiazza', 'jmaillet', 'bhartant', 'louistan98', 'suz304', 'shanks5', 'abuganza', 'reyno105', 'byant']",4,"['luigi1255305453', 'jiangshi', 'engelsudoka', None]",43,"['aavlani', 'li2736', 'oceanlui', 'askipwor', 'askalamtor', 'kswiatk', 'qq935964554', 'jmeneze', 'citychiriver', 'berryshao', 'engelsudoka', 'ununez', 'sharm284', 'fvora', 'bmodel', 'patkip', 'eheikens', 'hu509', 'owen22', 'smit3159', 'lowe52', 'luigi1255305453', 'matar', 'a16089459d', 'lgreenle', 'cdunteman', 'jiangshi', 'zprofio', 'deshpan3', None, 'rojas23', '16096619d', 'jpiazza', 'jmaillet', 'bhartant', 'pikachu1998', 'louistan98', 'zongrui', 'suz304', 'shanks5', 'abuganza', 'reyno105', 'byant']"
23,190,40,11,1,['patkip'],38,"['aavlani', 'li2736', 'oceanlui', 'askalamtor', 'askipwor', 'kswiatk', 'qq935964554', 'jmeneze', 'citychiriver', 'berryshao', 'ununez', 'sharm284', 'fvora', 'bmodel', 'eheikens', 'hu509', 'owen22', 'smit3159', 'lowe52', 'matar', 'a16089459d', 'lgreenle', 'cdunteman', 'zprofio', 'deshpan3', 'rojas23', '16096619d', 'jpiazza', 'jmaillet', 'bhartant', 'pikachu1998', 'louistan98', 'zongrui', 'suz304', 'shanks5', 'abuganza', 'reyno105', 'byant']",10,"['wang4084', 'faltens', 'jverduzc', 'jpdero2', 'pnagrani', 'mcclurez', 'desai61', None, 'kkoradiy', 'jbarsima']",49,"['aavlani', 'li2736', 'oceanlui', 'askipwor', 'askalamtor', 'kswiatk', 'qq935964554', 'jmeneze', 'citychiriver', 'berryshao', 'ununez', 'pnagrani', 'sharm284', 'fvora', 'bmodel', 'patkip', 'faltens', 'eheikens', 'hu509', 'owen22', 'smit3159', 'lowe52', 'jpdero2', 'matar', 'a16089459d', 'mcclurez', 'lgreenle', 'kkoradiy', 'cdunteman', 'wang4084', 'jverduzc', 'zprofio', 'deshpan3', None, 'rojas23', '16096619d', 'jpiazza', 'jmaillet', 'bhartant', 'pikachu1998', 'louistan98', 'zongrui', 'suz304', 'shanks5', 'desai61', 'abuganza', 'reyno105', 'byant', 'jbarsima']"
23,196,40,9,6,"['oceanlui', '16096619d', 'pikachu1998', 'zongrui', 'citychiriver', 'berryshao']",33,"['aavlani', 'li2736', 'askalamtor', 'askipwor', 'kswiatk', 'qq935964554', 'jmeneze', 'ununez', 'sharm284', 'fvora', 'bmodel', 'patkip', 'eheikens', 'hu509', 'owen22', 'smit3159', 'lowe52', 'matar', 'a16089459d', 'lgreenle', 'cdunteman', 'zprofio', 'deshpan3', 'rojas23', 'jpiazza', 'jmaillet', 'bhartant', 'louistan98', 'suz304', 'shanks5', 'abuganza', 'reyno105', 'byant']",3,"['luigi1255305453', None, 'xindyee4273']",42,"['aavlani', 'li2736', 'oceanlui', 'askipwor', 'askalamtor', 'kswiatk', 'qq935964554', 'jmeneze', 'citychiriver', 'berryshao', 'ununez', 'sharm284', 'fvora', 'bmodel', 'patkip', 'eheikens', 'hu509', 'owen22', 'smit3159', 'lowe52', 'luigi1255305453', 'matar', 'a16089459d', 'lgreenle', 'cdunteman', 'zprofio', 'deshpan3', None, 'rojas23', 'xindyee4273', '16096619d', 'jpiazza', 'jmaillet', 'bhartant', 'pikachu1998', 'louistan98', 'zongrui', 'suz304', 'shanks5', 'abuganza', 'reyno105', 'byant']"
23,195,40,8,1,['bmodel'],38,"['aavlani', 'li2736', 'oceanlui', 'askipwor', 'askalamtor', 'kswiatk', 'qq935964554', 'jmeneze', 'citychiriver', 'berryshao', 'ununez', 'sharm284', 'fvora', 'patkip', 'eheikens', 'hu509', 'owen22', 'smit3159', 'lowe52', 'matar', 'a16089459d', 'lgreenle', 'cdunteman', 'zprofio', 'deshpan3', 'rojas23', '16096619d', 'jpiazza', 'jmaillet', 'bhartant', 'pikachu1998', 'louistan98', 'zongrui', 'suz304', 'shanks5', 'abuganza', 'reyno105', 'byant']",7,"['wang4084', 'jverduzc', 'lu500', 'petrosky', 'mcclurez', 'desai61', None]",46,"['aavlani', 'li2736', 'oceanlui', 'askipwor', 'askalamtor', 'kswiatk', 'lu500', 'qq935964554', 'jmeneze', 'citychiriver', 'berryshao', 'ununez', 'sharm284', 'fvora', 'bmodel', 'patkip', 'eheikens', 'hu509', 'owen22', 'smit3159', 'lowe52', 'matar', 'a16089459d', 'mcclurez', 'lgreenle', 'cdunteman', 'wang4084', 'jverduzc', 'zprofio', 'deshpan3', None, 'rojas23', '16096619d', 'jpiazza', 'jmaillet', 'bhartant', 'pikachu1998', 'louistan98', 'petrosky', 'zongrui', 'suz304', 'shanks5', 'desai61', 'abuganza', 'reyno105', 'byant']"
23,202,40,8,4,"['matar', 'bhartant', 'hu509', 'owen22']",35,"['aavlani', 'li2736', 'oceanlui', 'askipwor', 'askalamtor', 'kswiatk', 'qq935964554', 'jmeneze', 'citychiriver', 'berryshao', 'ununez', 'sharm284', 'fvora', 'bmodel', 'patkip', 'eheikens', 'smit3159', 'lowe52', 'a16089459d', 'lgreenle', 'cdunteman', 'zprofio', 'deshpan3', 'rojas23', '16096619d', 'jpiazza', 'jmaillet', 'pikachu1998', 'louistan98', 'zongrui', 'suz304', 'shanks5', 'abuganza', 'reyno105', 'byant']",4,"[None, 'titus9', 'lpl', 'ian.strachan9']",43,"['aavlani', 'li2736', 'oceanlui', 'titus9', 'lpl', 'askipwor', 'askalamtor', 'kswiatk', 'qq935964554', 'jmeneze', 'citychiriver', 'berryshao', 'ununez', 'ian.strachan9', 'sharm284', 'fvora', 'bmodel', 'patkip', 'eheikens', 'hu509', 'owen22', 'smit3159', 'lowe52', 'matar', 'a16089459d', 'lgreenle', 'cdunteman', 'zprofio', 'deshpan3', None, 'rojas23', '16096619d', 'jpiazza', 'jmaillet', 'bhartant', 'pikachu1998', 'louistan98', 'zongrui', 'suz304', 'shanks5', 'abuganza', 'reyno105', 'byant']"
23,205,40,7,2,"['bhartant', 'hu509']",37,"['aavlani', 'li2736', 'oceanlui', 'askipwor', 'askalamtor', 'kswiatk', 'qq935964554', 'jmeneze', 'citychiriver', 'berryshao', 'ununez', 'sharm284', 'fvora', 'bmodel', 'patkip', 'eheikens', 'owen22', 'smit3159', 'lowe52', 'matar', 'a16089459d', 'lgreenle', 'cdunteman', 'zprofio', 'deshpan3', 'rojas23', '16096619d', 'jpiazza', 'jmaillet', 'pikachu1998', 'louistan98', 'zongrui', 'suz304', 'shanks5', 'abuganza', 'reyno105', 'byant']",5,"['lpl', 'ian.strachan9', 'tmarconi', 'seey', None]",44,"['aavlani', 'li2736', 'oceanlui', 'lpl', 'askipwor', 'askalamtor', 'kswiatk', 'qq935964554', 'jmeneze', 'citychiriver', 'berryshao', 'ununez', 'ian.strachan9', 'sharm284', 'tmarconi', 'seey', 'fvora', 'bmodel', 'patkip', 'eheikens', 'hu509', 'owen22', 'smit3159', 'lowe52', 'matar', 'a16089459d', 'lgreenle', 'cdunteman', 'zprofio', 'deshpan3', None, 'rojas23', '16096619d', 'jpiazza', 'jmaillet', 'bhartant', 'pikachu1998', 'louistan98', 'zongrui', 'suz304', 'shanks5', 'abuganza', 'reyno105', 'byant']"
23,209,40,7,4,"['zongrui', 'berryshao', 'oceanlui', 'pikachu1998']",35,"['aavlani', 'li2736', 'askipwor', 'askalamtor', 'kswiatk', 'qq935964554', 'jmeneze', 'citychiriver', 'ununez', 'sharm284', 'fvora', 'bmodel', 'patkip', 'eheikens', 'hu509', 'owen22', 'smit3159', 'lowe52', 'matar', 'a16089459d', 'lgreenle', 'cdunteman', 'zprofio', 'deshpan3', 'rojas23', '16096619d', 'jpiazza', 'jmaillet', 'bhartant', 'louistan98', 'suz304', 'shanks5', 'abuganza', 'reyno105', 'byant']",3,"['zhaozichen', 'luigi1255305453', None]",42,"['aavlani', 'li2736', 'oceanlui', 'askipwor', 'askalamtor', 'kswiatk', 'qq935964554', 'jmeneze', 'citychiriver', 'berryshao', 'ununez', 'sharm284', 'fvora', 'bmodel', 'patkip', 'eheikens', 'hu509', 'owen22', 'smit3159', 'lowe52', 'luigi1255305453', 'matar', 'a16089459d', 'lgreenle', 'zhaozichen', 'cdunteman', 'zprofio', 'deshpan3', None, 'rojas23', '16096619d', 'jpiazza', 'jmaillet', 'bhartant', 'pikachu1998', 'louistan98', 'zongrui', 'suz304', 'shanks5', 'abuganza', 'reyno105', 'byant']"
23,204,40,6,1,['eheikens'],38,"['aavlani', 'li2736', 'oceanlui', 'askipwor', 'askalamtor', 'kswiatk', 'qq935964554', 'jmeneze', 'citychiriver', 'berryshao', 'ununez', 'sharm284', 'fvora', 'bmodel', 'patkip', 'hu509', 'owen22', 'smit3159', 'lowe52', 'matar', 'a16089459d', 'lgreenle', 'cdunteman', 'zprofio', 'deshpan3', 'rojas23', '16096619d', 'jpiazza', 'jmaillet', 'bhartant', 'pikachu1998', 'louistan98', 'zongrui', 'suz304', 'shanks5', 'abuganza', 'reyno105', 'byant']",5,"['white494', 'nh_engagement', 'krishn73', 'ericks23', None]",44,"['aavlani', 'li2736', 'oceanlui', 'askipwor', 'askalamtor', 'kswiatk', 'krishn73', 'qq935964554', 'jmeneze', 'citychiriver', 'berryshao', 'ununez', 'sharm284', 'fvora', 'bmodel', 'patkip', 'eheikens', 'hu509', 'owen22', 'smit3159', 'lowe52', 'matar', 'a16089459d', 'lgreenle', 'cdunteman', 'white494', 'nh_engagement', 'zprofio', 'deshpan3', None, 'rojas23', '16096619d', 'jpiazza', 'jmaillet', 'bhartant', 'pikachu1998', 'louistan98', 'zongrui', 'ericks23', 'suz304', 'shanks5', 'abuganza', 'reyno105', 'byant']"
24,298,38,50,35,"['108claire', 'aaa504035787', 'ashwinmahendra98', 'sanmitra.roni', 'blc29', 'brianbosem', 'charlotteroh', 'brooke.z.keene', 'ari_carri', 'lindamanyenga', 'faris.albarghouthi', 'acanning24', 'nano512', 'nightshadequeen', 'allencao', 'luciamees2016', 'shihenglu94', 'moarabi', 'joanna.li', 'enakshi', 'martincala', 'uzoigweamauche', 'lae26', 'jonahhk', 'vagpan88', 'jmedway614', 'hah36', 'davidliu729', 's4rahlim', 'awodell12', 'joyqiaoyili', 'divmalhotrawork', 'atm54', 'vivianqw', 'ak398']",2,"['mooonliite', 'shaochunhung']",15,"['dl232', 'ebakretsbew', 'horn1720', 'brendancheng97', 'hannahwilen', 'amartzz', 'angiechristinelei', 'hattan.abuzaid', 'nicemice77', 'memelord123', 'kurisil00', 'marianitaben', 'aarondfranklin', 'mbelissary1', None]",52,"['sanmitra.roni', 'aarondfranklin', 'mbelissary1', 'charlotteroh', 'brooke.z.keene', 'lindamanyenga', 'kurisil00', 'faris.albarghouthi', 'nightshadequeen', 'luciamees2016', 'shihenglu94', 'horn1720', 'joanna.li', 'martincala', 'angiechristinelei', 'mooonliite', 'brendancheng97', 's4rahlim', 'atm54', 'ak398', 'dl232', '108claire', 'shaochunhung', 'hannahwilen', 'aaa504035787', 'ashwinmahendra98', 'blc29', 'brianbosem', 'ari_carri', 'hattan.abuzaid', 'memelord123', 'acanning24', 'nano512', 'allencao', 'moarabi', 'amartzz', 'enakshi', 'uzoigweamauche', 'lae26', 'marianitaben', 'jonahhk', 'vagpan88', 'jmedway614', None, 'hah36', 'davidliu729', 'nicemice77', 'awodell12', 'joyqiaoyili', 'divmalhotrawork', 'vivianqw', 'ebakretsbew']"
24,295,38,39,36,"['108claire', 'shaochunhung', 'aaa504035787', 'ashwinmahendra98', 'sanmitra.roni', 'blc29', 'brianbosem', 'charlotteroh', 'brooke.z.keene', 'ari_carri', 'lindamanyenga', 'faris.albarghouthi', 'acanning24', 'nano512', 'nightshadequeen', 'allencao', 'luciamees2016', 'shihenglu94', 'moarabi', 'joanna.li', 'enakshi', 'martincala', 'uzoigweamauche', 'lae26', 'jonahhk', 'vagpan88', 'jmedway614', 'hah36', 'davidliu729', 's4rahlim', 'awodell12', 'joyqiaoyili', 'divmalhotrawork', 'atm54', 'vivianqw', 'ak398']",1,['mooonliite'],3,"['marianavasquez', None, 'hattan.abuzaid']",40,"['108claire', 'shaochunhung', 'aaa504035787', 'ashwinmahendra98', 'sanmitra.roni', 'blc29', 'brianbosem', 'charlotteroh', 'brooke.z.keene', 'ari_carri', 'hattan.abuzaid', 'lindamanyenga', 'faris.albarghouthi', 'acanning24', 'nano512', 'allencao', 'nightshadequeen', 'luciamees2016', 'shihenglu94', 'moarabi', 'joanna.li', 'enakshi', 'martincala', 'uzoigweamauche', 'lae26', 'jonahhk', 'mooonliite', 'vagpan88', 'jmedway614', None, 'hah36', 'marianavasquez', 'davidliu729', 's4rahlim', 'awodell12', 'joyqiaoyili', 'divmalhotrawork', 'atm54', 'vivianqw', 'ak398']"
24,299,38,8,6,"['shaochunhung', 'joyqiaoyili', 'jonahhk', 'divmalhotrawork', 'acanning24', 'nano512']",31,"['108claire', 'aaa504035787', 'ashwinmahendra98', 'sanmitra.roni', 'blc29', 'brianbosem', 'charlotteroh', 'brooke.z.keene', 'ari_carri', 'lindamanyenga', 'faris.albarghouthi', 'allencao', 'nightshadequeen', 'luciamees2016', 'shihenglu94', 'moarabi', 'joanna.li', 'enakshi', 'martincala', 'uzoigweamauche', 'lae26', 'mooonliite', 'vagpan88', 'jmedway614', 'hah36', 'davidliu729', 's4rahlim', 'awodell12', 'atm54', 'vivianqw', 'ak398']",2,"[None, 'hattan.abuzaid']",39,"['108claire', 'shaochunhung', 'aaa504035787', 'ashwinmahendra98', 'sanmitra.roni', 'blc29', 'brianbosem', 'charlotteroh', 'brooke.z.keene', 'ari_carri', 'hattan.abuzaid', 'lindamanyenga', 'faris.albarghouthi', 'acanning24', 'nano512', 'allencao', 'nightshadequeen', 'luciamees2016', 'shihenglu94', 'moarabi', 'joanna.li', 'enakshi', 'martincala', 'uzoigweamauche', 'lae26', 'jonahhk', 'mooonliite', 'vagpan88', 'jmedway614', None, 'hah36', 'davidliu729', 's4rahlim', 'awodell12', 'joyqiaoyili', 'divmalhotrawork', 'atm54', 'vivianqw', 'ak398']"
25,273,35,271,24,"['mornings', 'doyle75', 'tdarmon', 'cbresema', 'avwenning', 'cole.breseman', 'song609', 'gratz', 'kang264', 'baker493', 'yang1420', 'do26', 'dkahmann', 'the.mark.sargent', 'roth51', 'iclyde', 'jai104', 'ding202', 'pjcali3', 'oelsher', 'meyer264', 'asabo2893', 'allisonbosshart', 'mheiland']",10,"['low8', 'guo431', 'dtrinkle', 'gzertuch', 'mswineha', 'jasonjung3990', 'wrigh496', 'holm2', 'tfedrizz', 'liu2586']",247,"['mart1380', 'patel731', 'cdtorres', 'cregers', 'engc', 'ssaradhi', 'jin376', 'lee2614', 'cho372', 'jdumblet', 'mheighwa', 'mohdshah', 'ghais', 'amcgoff', 'smit2827', 'dkuen', 'stewa238', 'pillai7', 'wning', 'yao201', 'chen2122', 'zubik', 'ewilhite', 'abosshar', 'gupta393', 'cmenden', 'eashburn', 'obalican', 'nabdrahn', 'yshousha', 'kvansan', 'nkhuu', 'klipiszk', 'cheeseballs99', 'jmacatan', 'harri670', 'lawrencr', 'kinserc', 'gcesar', 'tmerric', 'apanuga', 'ftangpoo', 'mmohdzai', 'tglavan', 'iyengar1', 'tan254', 'gjensen', 'atruver', 'marisol', 'cblackm', 'msargen', 'mart1391', 'vogel30', 'sanjiv3damo', 'woo49', 'rutherfb', 'kiefern', 'ford.l.piano.guitar', 'jiang655', 'butzz', 'rathi4', 'hopkin43', 'mtbarrette01', 'bkeel', 'yang1865', 'akick', 'rturk8292', 'cwidak', 'malhamm', 'lyanni', 'kumar212', 'pickera', 'slillig', 'mfess', 'dleoni', 'richtern', 'lmackin', 'stockb', 'choi333', 'li3604', 'mathur30', 'stark22', 'lm45000', 'anniebreidinger', 'davidrgowan', 'jeigenbr', 'zhan3624', 'kocher1', 'yeungd', 'ashwarts', 'singer15', 'jhulsize', 'tnoor', 'ali113', 'jbuehrle', 'nwegh', 'mudd3', 'dzadoks', 'aaprelik', '17scotta', 'gao499', 'shethm', 'siu2', 'jnasiboov', 'psakamot', 'lauerc', 'dixon82', 'emarches', 'kmotwan', 'verma52', 'white559', 'hillej', 'yount', 'nikitasridhar14', 'msuter', 'rdrager', 'tmccoll', 'uuraechu', 'adamdmiller17', 'liu2512', 'ecave', 'hall363', 'kzeligso', 'akapko', 'wisler0', 'jmickow', 'mbraner', 'jaloi', 'spear9', 'dmassow', 'abelkiew', 'zfrank64', 'etitheyeti98', 'mcginn1', 'bcaffert', 'smit3177', 'freyg', '3ksnn64', 'suixiong8', 'layyar', 'butchko', 'mohanc', 'xing36', 'rweedon', 'bpolinsk', 'davidsml', 'mpisoni', 'efeldman', 'bcasler', 'lowe77', 'msulaima', 'baile261', 'cccyyj720', 'brewer66', 'edreifue', 'chao26', 'mfarnell', 'strachan', 'uasoluka', 'peter514', 'gray244', 'hschennu', 'ctow', 'adams410', 'nhuntine', 'ellis99', 'kozelr', 'aperitor', 'natoli0', 'bowman96', 'agrillo', 'nail', 'smit3184', 'mcurto', 'hgrover', 'hill399', 'cvasq69', 'ithakor', 'pshashi', 'gtribe', 'vudayamo', 'sedgerto', 'abhalcha', 'mmshank16', 'jo46', 'bgrandst', 'gleasonb', 'mtrivell', 'gnishibu', 'patel784', 'epiergal', 'ghosh36', 'bwitchie', 'mart1180', 'peck28', 'aleidli', 'rhinesj', 'osantang', 'tu37', 'ceckste', 'saboa', 'eloewe', 'ebilionis', 'nfei', 'zhao988', 'schuman1', 'everbru', 'xu1020', 'jlorah', 'chiang56', 'rmadhuja', 'srothsch', 'xose.amo', 'lthursto', 'coolnikitav', 'deshmukp', 'schro118', 'li2722', 'redmanr', 'sgrzych', 'bamorim', 'awennin', 'egarayev', 'li2709', 'jpdero2', 'bullock8', 'mill2119', 'shoafn', 'aidanc_purdue', 'doherty6', 'george92', 'alotaib6', 'costel10', 'jfitzhu', 'colewilloughby1125', 'dlarocco', 'tpownell', 'ericshen628', 'mishra94', 'lrigsbee', 'goodma27', 'kbebris', 'soni12', 'bernarm', 'abora', 'dragoneye', 'pcase']",281,"['mart1380', 'patel731', 'doyle75', 'cdtorres', 'cregers', 'dtrinkle', 'engc', 'ssaradhi', 'jin376', 'lee2614', 'cho372', 'jdumblet', 'mheighwa', 'mohdshah', 'ghais', 'amcgoff', 'smit2827', 'dkahmann', 'the.mark.sargent', 'dkuen', 'stewa238', 'pillai7', 'wning', 'yao201', 'chen2122', 'zubik', 'ewilhite', 'abosshar', 'gupta393', 'cmenden', 'eashburn', 'obalican', 'nabdrahn', 'yshousha', 'kvansan', 'nkhuu', 'klipiszk', 'cheeseballs99', 'jmacatan', 'harri670', 'lawrencr', 'kinserc', 'gcesar', 'tmerric', 'apanuga', 'ftangpoo', 'mmohdzai', 'tglavan', 'iyengar1', 'tan254', 'gjensen', 'atruver', 'marisol', 'cblackm', 'msargen', 'mart1391', 'vogel30', 'sanjiv3damo', 'mswineha', 'jasonjung3990', 'woo49', 'rutherfb', 'kiefern', 'ford.l.piano.guitar', 'jiang655', 'butzz', 'rathi4', 'hopkin43', 'mheiland', 'mtbarrette01', 'bkeel', 'yang1865', 'tdarmon', 'akick', 'rturk8292', 'cwidak', 'malhamm', 'lyanni', 'kumar212', 'pickera', 'slillig', 'mfess', 'dleoni', 'richtern', 'lmackin', 'stockb', 'choi333', 'li3604', 'mathur30', 'stark22', 'lm45000', 'anniebreidinger', 'davidrgowan', 'jeigenbr', 'zhan3624', 'kocher1', 'yeungd', 'ashwarts', 'singer15', 'jhulsize', 'tnoor', 'ali113', 'jbuehrle', 'nwegh', 'mudd3', 'dzadoks', 'mornings', 'aaprelik', '17scotta', 'gao499', 'shethm', 'siu2', 'jnasiboov', 'psakamot', 'gratz', 'lauerc', 'dixon82', 'emarches', 'kmotwan', 'verma52', 'white559', 'hillej', 'yount', 'nikitasridhar14', 'msuter', 'rdrager', 'tmccoll', 'jai104', 'uuraechu', 'adamdmiller17', 'liu2512', 'ecave', 'allisonbosshart', 'hall363', 'kzeligso', 'akapko', 'wisler0', 'jmickow', 'mbraner', 'jaloi', 'spear9', 'dmassow', 'abelkiew', 'zfrank64', 'etitheyeti98', 'song609', 'mcginn1', 'bcaffert', 'smit3177', 'freyg', '3ksnn64', 'suixiong8', 'layyar', 'butchko', 'mohanc', 'xing36', 'rweedon', 'bpolinsk', 'davidsml', 'mpisoni', 'efeldman', 'oelsher', 'bcasler', 'lowe77', 'asabo2893', 'msulaima', 'baile261', 'cccyyj720', 'brewer66', 'edreifue', 'chao26', 'mfarnell', 'strachan', 'uasoluka', 'gzertuch', 'peter514', 'gray244', 'cole.breseman', 'hschennu', 'ctow', 'adams410', 'nhuntine', 'baker493', 'ellis99', 'kozelr', 'yang1420', 'aperitor', 'natoli0', 'bowman96', 'agrillo', 'nail', 'iclyde', 'smit3184', 'mcurto', 'pjcali3', 'hgrover', 'hill399', 'cvasq69', 'ithakor', 'pshashi', 'cbresema', 'gtribe', 'vudayamo', 'sedgerto', 'abhalcha', 'mmshank16', 'low8', 'jo46', 'kang264', 'bgrandst', 'gleasonb', 'mtrivell', 'gnishibu', 'patel784', 'epiergal', 'ghosh36', 'do26', 'roth51', 'bwitchie', 'mart1180', 'peck28', 'aleidli', 'rhinesj', 'osantang', 'tu37', 'ceckste', 'guo431', 'saboa', 'eloewe', 'ebilionis', 'wrigh496', 'nfei', 'zhao988', 'schuman1', 'everbru', 'xu1020', 'jlorah', 'chiang56', 'rmadhuja', 'avwenning', 'srothsch', 'xose.amo', 'lthursto', 'coolnikitav', 'deshmukp', 'schro118', 'li2722', 'redmanr', 'sgrzych', 'bamorim', 'awennin', 'egarayev', 'li2709', 'jpdero2', 'bullock8', 'holm2', 'mill2119', 'shoafn', 'tfedrizz', 'aidanc_purdue', 'liu2586', 'doherty6', 'george92', 'alotaib6', 'costel10', 'jfitzhu', 'colewilloughby1125', 'dlarocco', 'tpownell', 'ericshen628', 'mishra94', 'lrigsbee', 'goodma27', 'ding202', 'kbebris', 'soni12', 'meyer264', 'bernarm', 'abora', 'dragoneye', 'pcase']"
25,274,35,40,4,"['guo431', 'holm2', 'mswineha', 'gzertuch']",30,"['mornings', 'doyle75', 'tdarmon', 'dtrinkle', 'cbresema', 'avwenning', 'cole.breseman', 'song609', 'low8', 'gratz', 'kang264', 'baker493', 'yang1420', 'tfedrizz', 'liu2586', 'do26', 'dkahmann', 'the.mark.sargent', 'roth51', 'iclyde', 'jasonjung3990', 'jai104', 'ding202', 'pjcali3', 'oelsher', 'meyer264', 'asabo2893', 'allisonbosshart', 'mheiland', 'wrigh496']",36,"['xu1085', 'slosing', 'sharp52', 'kfuria', 'spear9', 'kswartzb', 'pcastagn', 'tuckerz', 'ferree1', 'hansonni', 'roemer8160', 'aperitor', 'bcaffert', 'wagne236', 'akansky', 'vogel30', 'rdesmond', 'nielsenk', 'ander754', 'mgubbi', None, 'hsmoke', 'chung189', 'koverley', 'ceckste', 'fergu101', 'vkolar', 'nabdrahn', 'elikroller', 'ross217', 'jonathanlimp87', 'gct246', 'ctsioli', 'dewittl', 'harbinz', 'rroggema']",70,"['mornings', 'doyle75', 'tdarmon', 'xu1085', 'sharp52', 'slosing', 'dtrinkle', 'cbresema', 'gzertuch', 'kfuria', 'spear9', 'avwenning', 'kswartzb', 'pcastagn', 'cole.breseman', 'tuckerz', 'song609', 'low8', 'gratz', 'kang264', 'ctsioli', 'ferree1', 'hansonni', 'baker493', 'holm2', 'roemer8160', 'bcaffert', 'yang1420', 'tfedrizz', 'aperitor', 'liu2586', 'wagne236', 'dewittl', 'do26', 'dkahmann', 'the.mark.sargent', 'roth51', 'akansky', 'vogel30', 'rdesmond', 'iclyde', 'mswineha', 'jasonjung3990', 'nielsenk', 'ander754', 'mgubbi', None, 'hsmoke', 'jai104', 'ding202', 'chung189', 'koverley', 'pjcali3', 'ceckste', 'guo431', 'fergu101', 'oelsher', 'vkolar', 'nabdrahn', 'meyer264', 'elikroller', 'asabo2893', 'ross217', 'allisonbosshart', 'mheiland', 'jonathanlimp87', 'wrigh496', 'gct246', 'harbinz', 'rroggema']"
26,218,33,138,13,"['vostwal', 'elacr', 'lrajendr', 'henry01234567', 'avasiukh', 'silapaku', 'zhan3736', 'vkoranne', 'ahmad31', 'adhikarp', 'fionayjx27', 'lee3489', 'kuhn48']",19,"['joshua.thomas.paul', 'kmgrove', 'hamed0', 'sding7', 'cedrichan', 'carr94', 'sarahywang', 'wl0021', 'jmlin', 'agulyuk', 'wyss', 'twang28', 'kstirrup', 'asarnowski', 'jiang402', 'rderakhs7', 'zhong150', 'llosadar', 'drs378']",125,"['kelsayed', 'jaloi', 'cdtorres', 'cregers', 'smatsun', 'abelkiew', 'zfrank64', 'wang4142', 'ssidhard', 'mohdshah', 'wu1432', 'mheighwa', 'yang1908', 'egrubbs', 'ccurto', 'amcgoff', 'ghais', 'englanc', 'xue76', 'butchko', 'freder26', 'wning', 'gshao', 'rituraj346', 'zubik', 'ewilhite', 'bpolinsk', 'akhilvijay', 'mpisoni', 'efeldman', 'cmenden', 'msulaima', 'cgkartzo', 'cccyyj720', 'chao26', 'esoufler', 'sun530', 'wang4506', 'mjokar', 'abora', 'pdhillon', 'mmohdzai', 'mohanc21', 'aperitor', 'nail', 'mart1391', 'rutherfb', 'ddemelom', None, 'priyatham.t', 'kiefern', 'caseya', 'qiuchenzhai', 'petrosky', 'wangjourney7', 'yang1865', 'zhan2395', 'rturk8292', 'ydichenk', 'rcontrac', 'malhamm', 'vudayamo', 'brajabif', 'christin3508', 'julien419', 'bgunder', 'richtern', 'gomez110', 'pavlos.vlachos', 'kpardika', 'li3604', 'uabdulla4', 'savetian', 'bhatta23', 'idoh', 'jeigenbr', 'myildiri', 'aleidli', 'hu589', 'srrohit7', 'sail', 'paulmather', 'elikroller', 'agondima', 'desai61', 'zhao988', 'qin132', 'ayermemb', 'zhan2748', 'bsalil', 'xixilegend', 'mcdona20', 'shethm', 'ocegueda', 'deshmukp', 'jnasiboov', 'li2722', 'meyers18', 'missahaq', 'huang706', 'jpdero2', 'wang3138', 'mcclurez', 'bullock8', 'white559', 'shoafn', 'alotaib6', 'saha40', 'colewilloughby1125', 'dlarocco', 'gmantey', 'nkedir', 'eantwiag', 'uuraechu', 'liu2512', 'anna.collins97', 'ayildiri', 'jjoffe', 'soni12', 'odonne33', 'ardekani', 'pravi', '17scotta', 'erich1016', 'montoyar']",157,"['vostwal', 'kelsayed', 'jaloi', 'cdtorres', 'cregers', 'joshua.thomas.paul', 'lee3489', 'smatsun', 'abelkiew', 'zfrank64', 'wang4142', 'ssidhard', 'mohdshah', 'wu1432', 'mheighwa', 'yang1908', 'egrubbs', 'jmlin', 'wl0021', 'ccurto', 'amcgoff', 'ghais', 'englanc', 'xue76', 'butchko', 'vkoranne', 'freder26', 'wning', 'gshao', 'rituraj346', 'zubik', 'ewilhite', 'bpolinsk', 'akhilvijay', 'mpisoni', 'efeldman', 'cmenden', 'msulaima', 'cgkartzo', 'cccyyj720', 'chao26', 'esoufler', 'sun530', 'wang4506', 'mjokar', 'kmgrove', 'ahmad31', 'pdhillon', 'mmohdzai', 'erich1016', 'carr94', 'mohanc21', 'aperitor', 'nail', 'lrajendr', 'twang28', 'avasiukh', 'mart1391', 'kstirrup', 'asarnowski', 'jiang402', 'rutherfb', 'rderakhs7', 'ddemelom', None, 'priyatham.t', 'kiefern', 'caseya', 'qiuchenzhai', 'petrosky', 'adhikarp', 'yang1865', 'zhan2395', 'rturk8292', 'ydichenk', 'rcontrac', 'malhamm', 'vudayamo', 'sding7', 'cedrichan', 'brajabif', 'elacr', 'christin3508', 'julien419', 'bgunder', 'richtern', 'gomez110', 'pravi', 'fionayjx27', 'kpardika', 'li3604', 'agulyuk', 'uabdulla4', 'savetian', 'bhatta23', 'idoh', 'jeigenbr', 'myildiri', 'aleidli', 'zhong150', 'hu589', 'srrohit7', 'sail', 'paulmather', 'elikroller', 'agondima', 'llosadar', 'drs378', 'desai61', 'zhao988', 'qin132', 'ayermemb', '17scotta', 'zhan2748', 'bsalil', 'xixilegend', 'mcdona20', 'shethm', 'hamed0', 'kuhn48', 'ocegueda', 'deshmukp', 'jnasiboov', 'li2722', 'sarahywang', 'meyers18', 'missahaq', 'huang706', 'jpdero2', 'wang3138', 'mcclurez', 'bullock8', 'white559', 'shoafn', 'henry01234567', 'alotaib6', 'wyss', 'saha40', 'colewilloughby1125', 'dlarocco', 'zhan3736', 'gmantey', 'nkedir', 'eantwiag', 'uuraechu', 'liu2512', 'anna.collins97', 'ayildiri', 'silapaku', 'jjoffe', 'soni12', 'odonne33', 'ardekani', 'pavlos.vlachos', 'abora', 'wangjourney7', 'montoyar']"
26,281,33,85,13,"['vostwal', 'elacr', 'lrajendr', 'henry01234567', 'avasiukh', 'silapaku', 'zhan3736', 'vkoranne', 'ahmad31', 'adhikarp', 'fionayjx27', 'lee3489', 'kuhn48']",19,"['joshua.thomas.paul', 'kmgrove', 'hamed0', 'sding7', 'cedrichan', 'carr94', 'sarahywang', 'wl0021', 'jmlin', 'agulyuk', 'wyss', 'twang28', 'kstirrup', 'asarnowski', 'jiang402', 'rderakhs7', 'zhong150', 'llosadar', 'drs378']",72,"['kelsayed', 'qin132', 'sun530', 'zhan2395', 'ayermemb', 'wangjourney7', 'jesuarezl', 'zhan2748', 'wu801', 'oerturk', 'xixilegend', 'mcdona20', 'pdhillon', 'smatsun', 'ocegueda', 'vudayamo', 'palani', 'brajabif', 'kabdelaz', 'vrayz', 'hvr', 'julien419', 'wang4142', 'bgunder', 'huang670', 'ssidhard', 'gomez110', 'missahaq', 'pavlos.vlachos', 'kpardika', 'ganti', 'uditrawat469', 'yang1908', 'egrubbs', 'mcclurez', 'aveekdutta', 'englanc', 'uabdulla4', 'savetian', 'xue76', 'jverduzc', 'rituraj1490', 'pkolis', 'zhan3800', 'garlic0923', 'idoh', 'jiema1202', 'gshao', 'uemir', 'rituraj346', 'hu589', 'myildiri', None, 'priyatham.t', 'ktadesse', 'eantwiag', 'srrohit7', 'caseya', 'ayildiri', 'qiuchenzhai', 'shah151', 'cmenden', 'petrosky', 'paulmather', 'odonne33', 'agondima', 'zhangwy2016', 'cgkartzo', 'ardekani', 'pravi', 'desai61', 'erich1016']",104,"['vostwal', 'kelsayed', 'zhan2395', 'wangjourney7', 'jesuarezl', 'joshua.thomas.paul', 'lee3489', 'smatsun', 'vudayamo', 'sding7', 'cedrichan', 'brajabif', 'elacr', 'vrayz', 'julien419', 'wang4142', 'bgunder', 'huang670', 'ssidhard', 'gomez110', 'pavlos.vlachos', 'fionayjx27', 'kpardika', 'yang1908', 'egrubbs', 'jmlin', 'wl0021', 'agulyuk', 'englanc', 'uabdulla4', 'savetian', 'xue76', 'rituraj1490', 'pkolis', 'vkoranne', 'zhan3800', 'idoh', 'jiema1202', 'gshao', 'rituraj346', 'hu589', 'myildiri', 'zhong150', 'srrohit7', 'cmenden', 'paulmather', 'agondima', 'cgkartzo', 'llosadar', 'drs378', 'desai61', 'qin132', 'sun530', 'ayermemb', 'zhan2748', 'wu801', 'oerturk', 'kmgrove', 'ahmad31', 'xixilegend', 'mcdona20', 'hamed0', 'pdhillon', 'kuhn48', 'ocegueda', 'palani', 'kabdelaz', 'carr94', 'hvr', 'sarahywang', 'missahaq', 'ganti', 'uditrawat469', 'mcclurez', 'lrajendr', 'henry01234567', 'aveekdutta', 'wyss', 'twang28', 'avasiukh', 'jverduzc', 'zhan3736', 'garlic0923', 'kstirrup', 'asarnowski', 'jiang402', 'rderakhs7', 'uemir', None, 'priyatham.t', 'ktadesse', 'eantwiag', 'caseya', 'ayildiri', 'qiuchenzhai', 'silapaku', 'shah151', 'petrosky', 'odonne33', 'adhikarp', 'zhangwy2016', 'ardekani', 'pravi', 'erich1016']"
26,216,33,34,5,"['wyss', 'kstirrup', 'asarnowski', 'hamed0', 'rderakhs7']",27,"['vostwal', 'joshua.thomas.paul', 'ahmad31', 'kmgrove', 'lee3489', 'kuhn48', 'cedrichan', 'sding7', 'carr94', 'drs378', 'elacr', 'sarahywang', 'fionayjx27', 'wl0021', 'jmlin', 'lrajendr', 'henry01234567', 'agulyuk', 'twang28', 'avasiukh', 'zhan3736', 'vkoranne', 'jiang402', 'zhong150', 'silapaku', 'adhikarp', 'llosadar']",29,"['strachan', 'cvasq69', 'davidjohnson', 'tkonstan', 'kfuria', 'fang217', 'tmarconi', 'emeka29', 'geakins', 'awennin', 'baega21', 'usarwar', 'ellis99', 'aperitor', 'gezbbl7', 'sdabiris', 'smit2827', 'aahmadza', None, 'tu37', 'okurtulu', 'nabdrahn', 'elikroller', 'jbuehrle', 'ross217', 'chen220', 'hall363', 'dewittl', 'ni45']",61,"['vostwal', 'strachan', 'cvasq69', 'davidjohnson', 'tkonstan', 'joshua.thomas.paul', 'kfuria', 'kmgrove', 'ahmad31', 'fang217', 'hamed0', 'lee3489', 'kuhn48', 'tmarconi', 'sding7', 'cedrichan', 'carr94', 'geakins', 'elacr', 'emeka29', 'sarahywang', 'awennin', 'baega21', 'usarwar', 'fionayjx27', 'ellis99', 'jmlin', 'wl0021', 'aperitor', 'gezbbl7', 'sdabiris', 'lrajendr', 'henry01234567', 'agulyuk', 'wyss', 'twang28', 'smit2827', 'avasiukh', 'zhan3736', 'vkoranne', 'kstirrup', 'asarnowski', 'jiang402', 'rderakhs7', 'aahmadza', 'zhong150', None, 'llosadar', 'tu37', 'silapaku', 'okurtulu', 'nabdrahn', 'adhikarp', 'elikroller', 'jbuehrle', 'ross217', 'chen220', 'hall363', 'dewittl', 'drs378', 'ni45']"
26,282,33,20,4,"['wyss', 'hamed0', 'rderakhs7', 'kstirrup']",28,"['vostwal', 'joshua.thomas.paul', 'ahmad31', 'kmgrove', 'lee3489', 'kuhn48', 'cedrichan', 'sding7', 'carr94', 'drs378', 'elacr', 'sarahywang', 'fionayjx27', 'wl0021', 'jmlin', 'lrajendr', 'henry01234567', 'agulyuk', 'twang28', 'avasiukh', 'zhan3736', 'vkoranne', 'asarnowski', 'jiang402', 'zhong150', 'silapaku', 'adhikarp', 'llosadar']",16,"['strachan', 'gzherui', 'azareei', 'davidjohnson', 'sdabiris', 'okurtulu', 'baega21', 'usarwar', 'cami.strachan', None, 'chen220', 'tmarconi', 'aahmadza', 'pjbrumm', 'geakins', 'tkonstan']",48,"['vostwal', 'strachan', 'davidjohnson', 'joshua.thomas.paul', 'kmgrove', 'ahmad31', 'hamed0', 'lee3489', 'kuhn48', 'tmarconi', 'sding7', 'cedrichan', 'carr94', 'pjbrumm', 'elacr', 'geakins', 'sarahywang', 'baega21', 'usarwar', 'fionayjx27', 'jmlin', 'wl0021', 'sdabiris', 'lrajendr', 'henry01234567', 'agulyuk', 'wyss', 'twang28', 'gzherui', 'azareei', 'avasiukh', 'zhan3736', 'vkoranne', 'kstirrup', 'asarnowski', 'jiang402', 'cami.strachan', 'rderakhs7', 'aahmadza', 'zhong150', None, 'llosadar', 'silapaku', 'okurtulu', 'adhikarp', 'chen220', 'drs378', 'tkonstan']"
26,288,33,16,1,['asarnowski'],31,"['vostwal', 'joshua.thomas.paul', 'ahmad31', 'kmgrove', 'hamed0', 'lee3489', 'kuhn48', 'cedrichan', 'sding7', 'carr94', 'drs378', 'elacr', 'sarahywang', 'fionayjx27', 'wl0021', 'jmlin', 'lrajendr', 'henry01234567', 'agulyuk', 'wyss', 'twang28', 'avasiukh', 'zhan3736', 'vkoranne', 'kstirrup', 'jiang402', 'rderakhs7', 'zhong150', 'silapaku', 'adhikarp', 'llosadar']",15,"['tuckerz', 'cvasq69', 'tu37', 'rollere', 'nabdrahn', 'awennin', 'childs4', 'ellis99', 'kvansan', 'dewittl', 'aperitor', 'oalkayya', None, 'mcginn1', 'gezbbl7']",47,"['vostwal', 'cvasq69', 'joshua.thomas.paul', 'kmgrove', 'ahmad31', 'hamed0', 'lee3489', 'kuhn48', 'oalkayya', 'sding7', 'cedrichan', 'carr94', 'elacr', 'tuckerz', 'sarahywang', 'awennin', 'childs4', 'fionayjx27', 'ellis99', 'jmlin', 'wl0021', 'aperitor', 'gezbbl7', 'lrajendr', 'henry01234567', 'agulyuk', 'wyss', 'twang28', 'avasiukh', 'zhan3736', 'vkoranne', 'kstirrup', 'asarnowski', 'jiang402', 'rderakhs7', 'zhong150', None, 'llosadar', 'tu37', 'silapaku', 'rollere', 'nabdrahn', 'adhikarp', 'kvansan', 'dewittl', 'drs378', 'mcginn1']"
26,283,33,11,3,"['jiang402', 'cedrichan', 'llosadar']",29,"['vostwal', 'joshua.thomas.paul', 'ahmad31', 'kmgrove', 'hamed0', 'lee3489', 'kuhn48', 'sding7', 'carr94', 'elacr', 'sarahywang', 'fionayjx27', 'wl0021', 'jmlin', 'lrajendr', 'henry01234567', 'agulyuk', 'wyss', 'twang28', 'avasiukh', 'zhan3736', 'vkoranne', 'kstirrup', 'asarnowski', 'rderakhs7', 'zhong150', 'silapaku', 'adhikarp', 'drs378']",8,"['cmousoul', 'ho141', 'sritapaswi2007', 'bageesey', 'hsvalladares88', 'markleightonfisher', None, 'harbinz']",40,"['vostwal', 'cmousoul', 'joshua.thomas.paul', 'kmgrove', 'ahmad31', 'bageesey', 'hamed0', 'lee3489', 'hsvalladares88', 'kuhn48', 'sding7', 'cedrichan', 'carr94', 'elacr', 'sarahywang', 'sritapaswi2007', 'fionayjx27', 'jmlin', 'wl0021', 'lrajendr', 'henry01234567', 'agulyuk', 'wyss', 'twang28', 'avasiukh', 'zhan3736', 'vkoranne', 'kstirrup', 'asarnowski', 'jiang402', 'rderakhs7', 'zhong150', None, 'llosadar', 'ho141', 'silapaku', 'adhikarp', 'markleightonfisher', 'drs378', 'harbinz']"
26,217,33,9,3,"['jiang402', 'cedrichan', 'llosadar']",29,"['vostwal', 'joshua.thomas.paul', 'ahmad31', 'kmgrove', 'hamed0', 'lee3489', 'kuhn48', 'sding7', 'carr94', 'elacr', 'sarahywang', 'fionayjx27', 'wl0021', 'jmlin', 'lrajendr', 'henry01234567', 'agulyuk', 'wyss', 'twang28', 'avasiukh', 'zhan3736', 'vkoranne', 'kstirrup', 'asarnowski', 'rderakhs7', 'zhong150', 'silapaku', 'adhikarp', 'drs378']",6,"['cmousoul', 'ho141', 'bageesey', 'hsvalladares88', 'markleightonfisher', None]",38,"['vostwal', 'cmousoul', 'joshua.thomas.paul', 'kmgrove', 'ahmad31', 'bageesey', 'hamed0', 'lee3489', 'hsvalladares88', 'kuhn48', 'sding7', 'cedrichan', 'carr94', 'elacr', 'sarahywang', 'fionayjx27', 'jmlin', 'wl0021', 'lrajendr', 'henry01234567', 'agulyuk', 'wyss', 'twang28', 'avasiukh', 'zhan3736', 'vkoranne', 'kstirrup', 'asarnowski', 'jiang402', 'rderakhs7', 'zhong150', None, 'llosadar', 'ho141', 'silapaku', 'adhikarp', 'markleightonfisher', 'drs378']"
27,335,32,34,30,"['0woodm', 'georgefox99', 'ayanamirei', 'rhys2000', 'evans.jac', 'ethantull', 'samalex', 'victoriabiard99', 'benkennard27', 'shannon96', 'neo12', 'aliaziz98', 'adamdawe26', 'ilaydagwillim1', 'ijames99', 'nanorefugee', 'tristanalbion', 'marshmelon', 'kgvale', 'elliswillis', 'mbartle', 'jm973934', 'sophiepowell3', 'insect', 'utu10', 'reagan23', 'willhknight99', 'georgespencer', 'bengrabham', 'bigmatty69']",1,['ethantull09'],4,"['ethanjtull', 'fmartinmartinez', 'albormeha2', None]",35,"['fmartinmartinez', 'rhys2000', 'ethantull', 'shannon96', 'aliaziz98', 'ilaydagwillim1', 'ijames99', 'kgvale', 'elliswillis', 'jm973934', 'sophiepowell3', 'utu10', 'georgespencer', 'bengrabham', '0woodm', 'georgefox99', 'albormeha2', 'ethanjtull', 'ayanamirei', 'evans.jac', 'samalex', 'victoriabiard99', 'benkennard27', 'ethantull09', 'neo12', 'adamdawe26', 'nanorefugee', 'tristanalbion', 'marshmelon', None, 'mbartle', 'insect', 'reagan23', 'willhknight99', 'bigmatty69']"
27,336,32,22,18,"['ilaydagwillim1', 'samalex', 'jm973934', 'benkennard27', 'mbartle', 'insect', 'sophiepowell3', 'nanorefugee', 'tristanalbion', 'utu10', '0woodm', 'shannon96', 'elliswillis', 'kgvale', 'willhknight99', 'rhys2000', 'evans.jac', 'georgespencer']",13,"['ethantull', 'neo12', 'bigmatty69', 'victoriabiard99', 'ijames99', 'reagan23', 'ethantull09', 'georgefox99', 'marshmelon', 'ayanamirei', 'aliaziz98', 'bengrabham', 'adamdawe26']",4,"['victoria.baird7', 'fmartinmartinez', 'albormeha2', None]",35,"['fmartinmartinez', '0woodm', 'georgefox99', 'albormeha2', 'ayanamirei', 'rhys2000', 'evans.jac', 'ethantull', 'samalex', 'victoriabiard99', 'benkennard27', 'ethantull09', 'shannon96', 'neo12', 'aliaziz98', 'adamdawe26', 'ilaydagwillim1', 'ijames99', 'nanorefugee', 'tristanalbion', 'marshmelon', 'kgvale', 'elliswillis', None, 'mbartle', 'jm973934', 'sophiepowell3', 'insect', 'utu10', 'reagan23', 'victoria.baird7', 'willhknight99', 'georgespencer', 'bengrabham', 'bigmatty69']"
27,337,32,12,8,"['ilaydagwillim1', 'sophiepowell3', 'utu10', 'nanorefugee', 'elliswillis', 'rhys2000', 'evans.jac', 'bengrabham']",23,"['0woodm', 'georgefox99', 'ayanamirei', 'ethantull', 'samalex', 'victoriabiard99', 'benkennard27', 'ethantull09', 'shannon96', 'neo12', 'aliaziz98', 'adamdawe26', 'ijames99', 'tristanalbion', 'marshmelon', 'kgvale', 'mbartle', 'jm973934', 'insect', 'reagan23', 'willhknight99', 'georgespencer', 'bigmatty69']",4,"['albormeha2', 'reagan231996', None, 'jackallman19']",35,"['0woodm', 'georgefox99', 'albormeha2', 'ayanamirei', 'rhys2000', 'evans.jac', 'ethantull', 'samalex', 'victoriabiard99', 'benkennard27', 'reagan231996', 'ethantull09', 'shannon96', 'neo12', 'aliaziz98', 'adamdawe26', 'ilaydagwillim1', 'ijames99', 'nanorefugee', 'tristanalbion', 'marshmelon', 'kgvale', 'elliswillis', None, 'mbartle', 'jm973934', 'sophiepowell3', 'insect', 'utu10', 'reagan23', 'jackallman19', 'willhknight99', 'georgespencer', 'bengrabham', 'bigmatty69']"
27,85,32,6,4,"['willhknight99', 'georgespencer', 'utu10', 'kgvale']",27,"['ilaydagwillim1', 'ijames99', 'nanorefugee', 'tristanalbion', '0woodm', 'georgefox99', 'marshmelon', 'ayanamirei', 'rhys2000', 'evans.jac', 'elliswillis', 'ethantull', 'bigmatty69', 'samalex', 'victoriabiard99', 'benkennard27', 'mbartle', 'jm973934', 'sophiepowell3', 'insect', 'reagan23', 'ethantull09', 'shannon96', 'neo12', 'aliaziz98', 'bengrabham', 'adamdawe26']",2,"['albormeha2', None]",33,"['ilaydagwillim1', 'ijames99', 'nanorefugee', 'tristanalbion', '0woodm', 'georgefox99', 'albormeha2', 'marshmelon', 'ayanamirei', 'kgvale', 'rhys2000', 'evans.jac', 'elliswillis', None, 'ethantull', 'bigmatty69', 'samalex', 'victoriabiard99', 'benkennard27', 'mbartle', 'jm973934', 'sophiepowell3', 'insect', 'utu10', 'reagan23', 'ethantull09', 'shannon96', 'neo12', 'willhknight99', 'aliaziz98', 'bengrabham', 'adamdawe26', 'georgespencer']"
28,65,29,31,27,"['tyrell1996', 'bakerherrin2', 'amills2016', 'hensdn', 'thesctt', 'gabyrodrigo', 'cbrayman', 'jacobweldon', 'msainzdebaranda', 'ethan.miller1', 'tmartinbrevard', 'sydneyyu', 'cassandra.mllr', 'lwick', 'daniel.olis', 'carolina.garcia', 'rfg0402', 'jbtraugott', 'jvargo1227', 'tdwyer1', 'stevenrosenthal', 'angelaccook', 'su1998', 'dlofranco', 'zihuanteng', 'rapier2claws', 'ldigioia3']",1,['edrian.tirene'],4,"['sbrfitzmeyer', None, 'colleenweller', 'ignalb']",32,"['tyrell1996', 'bakerherrin2', 'amills2016', 'hensdn', 'thesctt', 'edrian.tirene', 'gabyrodrigo', 'ignalb', 'cbrayman', 'jacobweldon', 'msainzdebaranda', 'ethan.miller1', 'tmartinbrevard', 'sydneyyu', 'sbrfitzmeyer', 'cassandra.mllr', 'colleenweller', 'lwick', 'daniel.olis', 'carolina.garcia', 'rfg0402', 'jbtraugott', 'jvargo1227', 'tdwyer1', 'stevenrosenthal', None, 'angelaccook', 'su1998', 'dlofranco', 'zihuanteng', 'rapier2claws', 'ldigioia3']"
28,402,29,30,28,"['tyrell1996', 'bakerherrin2', 'amills2016', 'hensdn', 'thesctt', 'edrian.tirene', 'gabyrodrigo', 'cbrayman', 'jacobweldon', 'msainzdebaranda', 'ethan.miller1', 'tmartinbrevard', 'sydneyyu', 'cassandra.mllr', 'lwick', 'daniel.olis', 'carolina.garcia', 'rfg0402', 'jbtraugott', 'jvargo1227', 'tdwyer1', 'stevenrosenthal', 'angelaccook', 'su1998', 'dlofranco', 'zihuanteng', 'rapier2claws', 'ldigioia3']",0,[],2,"[None, 'whatever']",30,"['tyrell1996', 'bakerherrin2', 'amills2016', 'hensdn', 'thesctt', 'whatever', 'edrian.tirene', 'gabyrodrigo', 'cbrayman', 'jacobweldon', 'msainzdebaranda', 'ethan.miller1', 'tmartinbrevard', 'sydneyyu', 'cassandra.mllr', 'lwick', 'daniel.olis', 'carolina.garcia', 'rfg0402', 'jbtraugott', 'jvargo1227', 'tdwyer1', 'stevenrosenthal', None, 'angelaccook', 'su1998', 'dlofranco', 'zihuanteng', 'rapier2claws', 'ldigioia3']"
28,237,29,23,21,"['bakerherrin2', 'amills2016', 'hensdn', 'thesctt', 'edrian.tirene', 'gabyrodrigo', 'cbrayman', 'msainzdebaranda', 'tmartinbrevard', 'cassandra.mllr', 'lwick', 'daniel.olis', 'carolina.garcia', 'jbtraugott', 'jvargo1227', 'tdwyer1', 'stevenrosenthal', 'angelaccook', 'su1998', 'zihuanteng', 'ldigioia3']",7,"['tyrell1996', 'rfg0402', 'jacobweldon', 'ethan.miller1', 'dlofranco', 'sydneyyu', 'rapier2claws']",2,"['stevenrosenthal1998', None]",30,"['tyrell1996', 'bakerherrin2', 'amills2016', 'hensdn', 'thesctt', 'edrian.tirene', 'gabyrodrigo', 'cbrayman', 'stevenrosenthal1998', 'jacobweldon', 'msainzdebaranda', 'ethan.miller1', 'tmartinbrevard', 'sydneyyu', 'cassandra.mllr', 'lwick', 'daniel.olis', 'carolina.garcia', 'rfg0402', 'jbtraugott', 'jvargo1227', 'tdwyer1', 'stevenrosenthal', None, 'angelaccook', 'su1998', 'dlofranco', 'zihuanteng', 'rapier2claws', 'ldigioia3']"
29,266,29,22,14,"['siddhishah', 'karanvj1998', 'yash10dulkar', 'vrajmani20', 'mrunal', 'npbhosle_b16', 'shwetakumaran26', 'sanketwayal', 'vinayy232', 'saaket.agashe', 'pranavpshah', 'nikhil.abhyankar', 'elvinj1601', 'swaps.surya']",14,"['chetansoam1999', 'yash17', 'shahildhotre1999', 'shaima.hakimi96', 'rjasoriya26', '3mayavismaya9710', 'samir24', 'saurabh.gurbhele', 'swagger', 'mrunmayi.sahare18', 'patnenishad98', 'saumya08', 'uditadhavale878', 'vrushalis24']",8,"['adityagawali13', 'vidushi04', 'cmrane_b16', 'aartibhilare', 'athu98', 'shambhavikuthe', 'royshambhavi306', None]",36,"['adityagawali13', 'shaima.hakimi96', 'mrunal', 'vidushi04', 'saaket.agashe', 'aartibhilare', 'saurabh.gurbhele', 'mrunmayi.sahare18', 'saumya08', 'uditadhavale878', 'siddhishah', 'yash10dulkar', 'vrajmani20', '3mayavismaya9710', 'samir24', 'patnenishad98', 'chetansoam1999', 'karanvj1998', 'yash17', 'npbhosle_b16', 'cmrane_b16', 'pranavpshah', 'elvinj1601', 'shambhavikuthe', 'royshambhavi306', None, 'shahildhotre1999', 'rjasoriya26', 'shwetakumaran26', 'sanketwayal', 'vinayy232', 'nikhil.abhyankar', 'swagger', 'athu98', 'swaps.surya', 'vrushalis24']"
29,264,29,15,1,['3mayavismaya9710'],27,"['shaima.hakimi96', 'mrunal', 'saaket.agashe', 'saurabh.gurbhele', 'mrunmayi.sahare18', 'saumya08', 'uditadhavale878', 'siddhishah', 'yash10dulkar', 'vrajmani20', 'samir24', 'patnenishad98', 'chetansoam1999', 'karanvj1998', 'yash17', 'npbhosle_b16', 'pranavpshah', 'elvinj1601', 'shahildhotre1999', 'rjasoriya26', 'shwetakumaran26', 'sanketwayal', 'vinayy232', 'nikhil.abhyankar', 'swagger', 'swaps.surya', 'vrushalis24']",14,"['athulrajhere', 'palattilhouse', 'sneha9192', 'bhadraanil9', 'sarathsathish78', 'krishna6023', 'ancycrips123', 'aparnanair2302', 'r.rahul2636', 'preethiravisankar101', 'kailasrj11', 'ajaymr', None, 'kadarbhai']",42,"['athulrajhere', 'shaima.hakimi96', 'mrunal', 'bhadraanil9', 'sarathsathish78', 'saaket.agashe', 'saurabh.gurbhele', 'mrunmayi.sahare18', 'ajaymr', 'saumya08', 'uditadhavale878', 'siddhishah', 'yash10dulkar', 'vrajmani20', 'sneha9192', '3mayavismaya9710', 'samir24', 'aparnanair2302', 'patnenishad98', 'kadarbhai', 'chetansoam1999', 'karanvj1998', 'palattilhouse', 'yash17', 'npbhosle_b16', 'pranavpshah', 'elvinj1601', 'r.rahul2636', None, 'shahildhotre1999', 'rjasoriya26', 'shwetakumaran26', 'sanketwayal', 'vinayy232', 'nikhil.abhyankar', 'krishna6023', 'ancycrips123', 'swagger', 'preethiravisankar101', 'kailasrj11', 'swaps.surya', 'vrushalis24']"
29,263,29,8,1,['3mayavismaya9710'],27,"['shaima.hakimi96', 'mrunal', 'saaket.agashe', 'saurabh.gurbhele', 'mrunmayi.sahare18', 'saumya08', 'uditadhavale878', 'siddhishah', 'yash10dulkar', 'vrajmani20', 'samir24', 'patnenishad98', 'chetansoam1999', 'karanvj1998', 'yash17', 'npbhosle_b16', 'pranavpshah', 'elvinj1601', 'shahildhotre1999', 'rjasoriya26', 'shwetakumaran26', 'sanketwayal', 'vinayy232', 'nikhil.abhyankar', 'swagger', 'swaps.surya', 'vrushalis24']",7,"['shincy6', 'ushamadhu963', 'nissie.mary.johnson', 'sreeparvathisharikumar', 'jubilyvreji', 'sheethugopal1998', None]",35,"['chetansoam1999', 'karanvj1998', 'yash17', 'shaima.hakimi96', 'mrunal', 'npbhosle_b16', 'ushamadhu963', 'saaket.agashe', 'pranavpshah', 'sreeparvathisharikumar', 'jubilyvreji', 'elvinj1601', 'saurabh.gurbhele', 'mrunmayi.sahare18', 'saumya08', None, 'uditadhavale878', 'siddhishah', 'shincy6', 'yash10dulkar', 'vrajmani20', 'shahildhotre1999', 'rjasoriya26', 'shwetakumaran26', '3mayavismaya9710', 'sanketwayal', 'vinayy232', 'nikhil.abhyankar', 'samir24', 'nissie.mary.johnson', 'swagger', 'patnenishad98', 'sheethugopal1998', 'swaps.surya', 'vrushalis24']"
29,267,29,7,6,"['rjasoriya26', 'swagger', 'saurabh.gurbhele', 'patnenishad98', 'saumya08', 'vrushalis24']",22,"['shaima.hakimi96', 'mrunal', 'saaket.agashe', 'mrunmayi.sahare18', 'uditadhavale878', 'siddhishah', 'yash10dulkar', 'vrajmani20', '3mayavismaya9710', 'samir24', 'chetansoam1999', 'karanvj1998', 'yash17', 'npbhosle_b16', 'pranavpshah', 'elvinj1601', 'shahildhotre1999', 'shwetakumaran26', 'sanketwayal', 'vinayy232', 'nikhil.abhyankar', 'swaps.surya']",1,[None],29,"['chetansoam1999', 'karanvj1998', 'yash17', 'shaima.hakimi96', 'mrunal', 'npbhosle_b16', 'saaket.agashe', 'pranavpshah', 'elvinj1601', 'saurabh.gurbhele', 'mrunmayi.sahare18', 'saumya08', None, 'uditadhavale878', 'siddhishah', 'yash10dulkar', 'vrajmani20', 'shahildhotre1999', 'rjasoriya26', 'shwetakumaran26', '3mayavismaya9710', 'sanketwayal', 'vinayy232', 'nikhil.abhyankar', 'samir24', 'swagger', 'patnenishad98', 'swaps.surya', 'vrushalis24']"
30,98,28,41,27,"['sanjibg', 'panumula', 'dro3', 'runyul', 'rajeshwaripatil1018', 'hvmistry', 'nitantrajesh', 'akashm1', 'newzilpatel', 'adilahsan', 'jingbinzhao', 'yang19900513', 'purveebhatia', 'jagabattula1996', 'zheweny', 'patil2', 'rahulgahlot', 'snagaraj1', 'revakd16', 'prajwal3', 'revakdemir', 'jiaqiwang1', 'espinosa4', 'mjamal1', 'jianlilu', 'rai1', 'locusgurungsanjib']",0,[],14,"['rojiwadiaabhi', 'briti', 'yujiewang', 'adarshj', 'bbikash', 'palvai', 'cwang99', 'ppatil1', None, 'kamma1', 'tamrakar', 'aakashkonda', 'vishak', 'adilahsan336']",41,"['panumula', 'kamma1', 'aakashkonda', 'runyul', 'adilahsan336', 'rajeshwaripatil1018', 'rojiwadiaabhi', 'akashm1', 'newzilpatel', 'briti', 'yang19900513', 'jagabattula1996', 'zheweny', 'patil2', 'snagaraj1', 'prajwal3', 'yujiewang', 'jiaqiwang1', 'mjamal1', 'locusgurungsanjib', 'sanjibg', 'adarshj', 'dro3', 'tamrakar', 'hvmistry', 'nitantrajesh', 'adilahsan', 'jingbinzhao', 'purveebhatia', 'ppatil1', 'rahulgahlot', 'revakd16', None, 'revakdemir', 'bbikash', 'espinosa4', 'palvai', 'jianlilu', 'cwang99', 'rai1', 'vishak']"
30,177,28,40,27,"['sanjibg', 'panumula', 'dro3', 'runyul', 'rajeshwaripatil1018', 'hvmistry', 'nitantrajesh', 'akashm1', 'newzilpatel', 'adilahsan', 'jingbinzhao', 'yang19900513', 'purveebhatia', 'jagabattula1996', 'zheweny', 'patil2', 'rahulgahlot', 'snagaraj1', 'revakd16', 'prajwal3', 'revakdemir', 'jiaqiwang1', 'espinosa4', 'mjamal1', 'jianlilu', 'rai1', 'locusgurungsanjib']",0,[],13,"['syam98', 'adarshj', 'anumula3preetham', 'yujiewang', 'yzw994', 'newzil3113', '1994.vishaksunil', None, 'newzilpatel3113', 'arojiwadia', 'aakashkonda', 'wrp1997', 'jeong2']",40,"['panumula', '1994.vishaksunil', 'aakashkonda', 'runyul', 'rajeshwaripatil1018', 'akashm1', 'arojiwadia', 'newzilpatel', 'yang19900513', 'jagabattula1996', 'zheweny', 'yzw994', 'patil2', 'snagaraj1', 'prajwal3', 'yujiewang', 'jiaqiwang1', 'mjamal1', 'wrp1997', 'locusgurungsanjib', 'sanjibg', 'syam98', 'adarshj', 'anumula3preetham', 'dro3', 'hvmistry', 'nitantrajesh', 'adilahsan', 'jingbinzhao', 'purveebhatia', 'newzil3113', 'rahulgahlot', 'revakd16', None, 'jeong2', 'revakdemir', 'espinosa4', 'jianlilu', 'newzilpatel3113', 'rai1']"
31,401,27,34,19,"['kli0323', 'jgee99', 'hleon16', 'ghart', 'aelagoc', 'npcalarc', 'dlyday', 'jrmurana', 'ajtenorio', 'zyj', 'dhuang70', 'zhc12208', 'jayden', 'cwbraga1', 'raltovar', 'eason888', 'suzannas', 'smsandee', 'esuwandi']",7,"['mwwang', 'izoahzo', 'jnh55', 'tomas_sm', 'frid.rom.serg', 'mdbell', 'hcch']",15,"['mikhilk', 'bahodges', 'saway', 'kphendra', 'birdboy', 'etconley', 'saffrondon', 'jwokim', 'godguo', 'sg630', None, 'julzha', 'aaorozco', 'jzj701', 'nshuman']",41,"['kli0323', 'jgee99', 'bahodges', 'saway', 'jnh55', 'hleon16', 'ghart', 'aelagoc', 'aaorozco', 'jzj701', 'hcch', 'npcalarc', 'mikhilk', 'izoahzo', 'nshuman', 'dlyday', 'jrmurana', 'julzha', 'tomas_sm', 'birdboy', 'mwwang', 'kphendra', 'etconley', 'ajtenorio', 'jwokim', 'zyj', 'dhuang70', 'zhc12208', 'jayden', 'cwbraga1', None, 'raltovar', 'saffrondon', 'eason888', 'sg630', 'suzannas', 'frid.rom.serg', 'mdbell', 'godguo', 'smsandee', 'esuwandi']"
31,306,27,28,21,"['kli0323', 'jgee99', 'hleon16', 'ghart', 'hcch', 'npcalarc', 'izoahzo', 'dlyday', 'jrmurana', 'mwwang', 'ajtenorio', 'zyj', 'dhuang70', 'zhc12208', 'jayden', 'cwbraga1', 'raltovar', 'suzannas', 'mdbell', 'smsandee', 'esuwandi']",5,"['jnh55', 'eason888', 'aelagoc', 'tomas_sm', 'frid.rom.serg']",7,"['mikhilk', 'nshuman', 'godguo', 'sg630', None, 'jzj701', 'cydchen']",33,"['kli0323', 'jgee99', 'jnh55', 'hleon16', 'ghart', 'aelagoc', 'jzj701', 'hcch', 'npcalarc', 'mikhilk', 'izoahzo', 'nshuman', 'dlyday', 'cydchen', 'jrmurana', 'tomas_sm', 'mwwang', 'ajtenorio', 'zyj', 'dhuang70', 'zhc12208', 'jayden', 'cwbraga1', None, 'raltovar', 'eason888', 'sg630', 'suzannas', 'frid.rom.serg', 'mdbell', 'godguo', 'smsandee', 'esuwandi']"
32,218,27,138,14,"['kelsayed', 'julien419', 'srrohit7', 'wang4142', 'zhan2395', 'bgunder', 'qiuchenzhai', 'xue76', 'odonne33', 'xixilegend', 'ardekani', 'rituraj346', 'pavlos.vlachos', 'wangjourney7']",12,"['tkonstan', 'jnino', 'okurtulu', 'biswas.rijal', 'chen220', 'markleightonfisher', 'hsvalladares88', 'terekhovpd', 'tmarconi', 'aahmadza', 'yloaizal', 'jinghanli']",124,"['vostwal', 'jaloi', 'cdtorres', 'cregers', 'lee3489', 'smatsun', 'abelkiew', 'zfrank64', 'ssidhard', 'mohdshah', 'wu1432', 'mheighwa', 'yang1908', 'egrubbs', 'ccurto', 'amcgoff', 'ghais', 'englanc', 'butchko', 'vkoranne', 'freder26', 'wning', 'gshao', 'zubik', 'ewilhite', 'bpolinsk', 'akhilvijay', 'mpisoni', 'efeldman', 'cmenden', 'msulaima', 'cgkartzo', 'cccyyj720', 'chao26', 'esoufler', 'sun530', 'wang4506', 'mjokar', 'abora', 'ahmad31', 'pdhillon', 'mmohdzai', 'mohanc21', 'aperitor', 'nail', 'lrajendr', 'avasiukh', 'mart1391', 'rutherfb', 'ddemelom', None, 'priyatham.t', 'kiefern', 'caseya', 'petrosky', 'adhikarp', 'yang1865', 'rturk8292', 'ydichenk', 'rcontrac', 'malhamm', 'vudayamo', 'brajabif', 'elacr', 'christin3508', 'richtern', 'gomez110', 'fionayjx27', 'kpardika', 'li3604', 'uabdulla4', 'savetian', 'bhatta23', 'idoh', 'jeigenbr', 'myildiri', 'aleidli', 'hu589', 'sail', 'paulmather', 'elikroller', 'agondima', 'desai61', 'zhao988', 'qin132', 'ayermemb', 'zhan2748', 'bsalil', 'mcdona20', 'shethm', 'kuhn48', 'ocegueda', 'deshmukp', 'jnasiboov', 'li2722', 'meyers18', 'missahaq', 'huang706', 'jpdero2', 'wang3138', 'mcclurez', 'bullock8', 'white559', 'shoafn', 'henry01234567', 'alotaib6', 'saha40', 'colewilloughby1125', 'dlarocco', 'zhan3736', 'gmantey', 'nkedir', 'eantwiag', 'uuraechu', 'liu2512', 'anna.collins97', 'ayildiri', 'jjoffe', 'silapaku', 'soni12', 'pravi', '17scotta', 'erich1016', 'montoyar']",150,"['kelsayed', 'vostwal', 'jaloi', 'cdtorres', 'cregers', 'lee3489', 'smatsun', 'abelkiew', 'zfrank64', 'wang4142', 'ssidhard', 'mohdshah', 'wu1432', 'mheighwa', 'yang1908', 'egrubbs', 'ccurto', 'jinghanli', 'amcgoff', 'ghais', 'englanc', 'xue76', 'butchko', 'vkoranne', 'freder26', 'wning', 'gshao', 'rituraj346', 'zubik', 'ewilhite', 'bpolinsk', 'akhilvijay', 'mpisoni', 'efeldman', 'cmenden', 'okurtulu', 'msulaima', 'cgkartzo', 'cccyyj720', 'yloaizal', 'chao26', 'esoufler', 'sun530', 'wang4506', 'mjokar', 'ahmad31', 'pdhillon', 'mmohdzai', 'erich1016', 'mohanc21', 'aperitor', 'nail', 'lrajendr', 'avasiukh', 'mart1391', 'rutherfb', 'ddemelom', None, 'priyatham.t', 'kiefern', 'biswas.rijal', 'caseya', 'qiuchenzhai', 'petrosky', 'adhikarp', 'yang1865', 'zhan2395', 'rturk8292', 'ydichenk', 'jnino', 'rcontrac', 'malhamm', 'vudayamo', 'brajabif', 'julien419', 'elacr', 'christin3508', 'bgunder', 'richtern', 'gomez110', 'pravi', 'fionayjx27', 'kpardika', 'li3604', 'uabdulla4', 'savetian', 'bhatta23', 'idoh', 'aahmadza', 'jeigenbr', 'myildiri', 'aleidli', 'hu589', 'srrohit7', 'sail', 'paulmather', 'elikroller', 'agondima', 'markleightonfisher', 'desai61', 'tkonstan', 'zhao988', 'qin132', 'ayermemb', '17scotta', 'zhan2748', 'bsalil', 'xixilegend', 'mcdona20', 'shethm', 'hsvalladares88', 'kuhn48', 'tmarconi', 'ocegueda', 'deshmukp', 'jnasiboov', 'li2722', 'meyers18', 'missahaq', 'huang706', 'jpdero2', 'wang3138', 'mcclurez', 'bullock8', 'white559', 'shoafn', 'henry01234567', 'alotaib6', 'saha40', 'colewilloughby1125', 'dlarocco', 'zhan3736', 'gmantey', 'nkedir', 'eantwiag', 'uuraechu', 'liu2512', 'anna.collins97', 'ayildiri', 'jjoffe', 'silapaku', 'odonne33', 'soni12', 'chen220', 'terekhovpd', 'ardekani', 'pavlos.vlachos', 'abora', 'wangjourney7', 'montoyar']"
32,281,27,85,14,"['kelsayed', 'julien419', 'srrohit7', 'wang4142', 'zhan2395', 'bgunder', 'qiuchenzhai', 'xue76', 'odonne33', 'xixilegend', 'ardekani', 'rituraj346', 'pavlos.vlachos', 'wangjourney7']",12,"['tkonstan', 'jnino', 'okurtulu', 'biswas.rijal', 'chen220', 'markleightonfisher', 'hsvalladares88', 'terekhovpd', 'tmarconi', 'aahmadza', 'yloaizal', 'jinghanli']",71,"['vostwal', 'qin132', 'sun530', 'ayermemb', 'jesuarezl', 'zhan2748', 'wu801', 'oerturk', 'ahmad31', 'mcdona20', 'lee3489', 'smatsun', 'pdhillon', 'kuhn48', 'ocegueda', 'vudayamo', 'palani', 'brajabif', 'kabdelaz', 'vrayz', 'hvr', 'elacr', 'huang670', 'ssidhard', 'gomez110', 'missahaq', 'fionayjx27', 'kpardika', 'ganti', 'uditrawat469', 'yang1908', 'egrubbs', 'mcclurez', 'lrajendr', 'aveekdutta', 'henry01234567', 'englanc', 'uabdulla4', 'avasiukh', 'savetian', 'jverduzc', 'rituraj1490', 'pkolis', 'vkoranne', 'zhan3800', 'garlic0923', 'idoh', 'jiema1202', 'zhan3736', 'gshao', 'uemir', 'hu589', 'myildiri', None, 'priyatham.t', 'ktadesse', 'eantwiag', 'caseya', 'ayildiri', 'silapaku', 'shah151', 'cmenden', 'petrosky', 'paulmather', 'adhikarp', 'agondima', 'zhangwy2016', 'cgkartzo', 'pravi', 'desai61', 'erich1016']",97,"['kelsayed', 'vostwal', 'zhan2395', 'jesuarezl', 'jnino', 'lee3489', 'smatsun', 'vudayamo', 'brajabif', 'julien419', 'vrayz', 'elacr', 'wang4142', 'bgunder', 'huang670', 'ssidhard', 'gomez110', 'pravi', 'fionayjx27', 'kpardika', 'yang1908', 'egrubbs', 'jinghanli', 'englanc', 'uabdulla4', 'savetian', 'xue76', 'rituraj1490', 'pkolis', 'vkoranne', 'zhan3800', 'idoh', 'jiema1202', 'gshao', 'rituraj346', 'aahmadza', 'hu589', 'myildiri', 'srrohit7', 'cmenden', 'paulmather', 'okurtulu', 'agondima', 'cgkartzo', 'markleightonfisher', 'yloaizal', 'desai61', 'tkonstan', 'qin132', 'sun530', 'ayermemb', 'zhan2748', 'wu801', 'oerturk', 'xixilegend', 'ahmad31', 'mcdona20', 'hsvalladares88', 'pdhillon', 'kuhn48', 'tmarconi', 'ocegueda', 'palani', 'erich1016', 'kabdelaz', 'hvr', 'missahaq', 'ganti', 'uditrawat469', 'mcclurez', 'lrajendr', 'aveekdutta', 'henry01234567', 'avasiukh', 'jverduzc', 'zhan3736', 'garlic0923', 'uemir', None, 'priyatham.t', 'ktadesse', 'biswas.rijal', 'eantwiag', 'caseya', 'ayildiri', 'qiuchenzhai', 'silapaku', 'shah151', 'odonne33', 'petrosky', 'adhikarp', 'zhangwy2016', 'chen220', 'terekhovpd', 'ardekani', 'pavlos.vlachos', 'wangjourney7']"
32,197,27,67,9,"['kelsayed', 'wang4142', 'zhan2395', 'bgunder', 'xue76', 'odonne33', 'xixilegend', 'ardekani', 'rituraj346']",17,"['julien419', 'srrohit7', 'wangjourney7', 'qiuchenzhai', 'tkonstan', 'jnino', 'okurtulu', 'pavlos.vlachos', 'biswas.rijal', 'chen220', 'markleightonfisher', 'hsvalladares88', 'terekhovpd', 'tmarconi', 'aahmadza', 'yloaizal', 'jinghanli']",58,"['qin132', 'li2736', 'sun530', 'ayermemb', 'zhan2748', 'wu801', 'skarumur', 'ywang3450', 'oerturk', 'mcdona20', 'pdhillon', 'rkanthar', 'ps052537', 'ocegueda', 'kabdelaz', 'fvora', 'juncheng10', 'rpaldi', 'huang670', 'tan254', 'gomez110', 'ssidhard', 'huang714', 'missahaq', 'kpardika', 'jpdero2', 'ganti', 'uditrawat469', 'yang1908', 'egrubbs', 'mcclurez', 'lgreenle', 'saha40', 'wang4084', 'uabdulla4', 'nh_engagement', 'savetian', 'anaon', 'jverduzc', 'pkolis', 'wfirdaus', 'deshpan3', 'gshao', 'hu589', 'myildiri', None, 'eantwiag', 'caseya', 'paulmather', 'petrosky', 'agondima', 'zhangwy2016', 'porte107', 'cgkartzo', 'pravi', 'desai61', 'erich1016', 'mademoiselle0812']",84,"['kelsayed', 'zhan2395', 'jnino', 'rkanthar', 'fvora', 'julien419', 'juncheng10', 'wang4142', 'bgunder', 'huang670', 'gomez110', 'ssidhard', 'pravi', 'kpardika', 'yang1908', 'egrubbs', 'jinghanli', 'lgreenle', 'uabdulla4', 'nh_engagement', 'savetian', 'xue76', 'pkolis', 'wfirdaus', 'deshpan3', 'gshao', 'rituraj346', 'aahmadza', 'hu589', 'myildiri', 'srrohit7', 'paulmather', 'okurtulu', 'agondima', 'porte107', 'cgkartzo', 'markleightonfisher', 'yloaizal', 'desai61', 'tkonstan', 'qin132', 'li2736', 'sun530', 'ayermemb', 'zhan2748', 'wu801', 'skarumur', 'ywang3450', 'oerturk', 'xixilegend', 'mcdona20', 'hsvalladares88', 'pdhillon', 'ps052537', 'tmarconi', 'ocegueda', 'kabdelaz', 'erich1016', 'rpaldi', 'tan254', 'huang714', 'missahaq', 'jpdero2', 'ganti', 'uditrawat469', 'mcclurez', 'saha40', 'wang4084', 'anaon', 'jverduzc', None, 'eantwiag', 'biswas.rijal', 'caseya', 'qiuchenzhai', 'odonne33', 'petrosky', 'zhangwy2016', 'chen220', 'terekhovpd', 'ardekani', 'pavlos.vlachos', 'wangjourney7', 'mademoiselle0812']"
32,216,27,34,5,"['okurtulu', 'chen220', 'tmarconi', 'aahmadza', 'tkonstan']",21,"['kelsayed', 'zhan2395', 'wangjourney7', 'jnino', 'xixilegend', 'hsvalladares88', 'julien419', 'wang4142', 'bgunder', 'markleightonfisher', 'jinghanli', 'xue76', 'rituraj346', 'biswas.rijal', 'srrohit7', 'qiuchenzhai', 'odonne33', 'terekhovpd', 'ardekani', 'pavlos.vlachos', 'yloaizal']",29,"['strachan', 'cvasq69', 'davidjohnson', 'kfuria', 'fang217', 'hamed0', 'emeka29', 'geakins', 'awennin', 'baega21', 'usarwar', 'ellis99', 'aperitor', 'gezbbl7', 'sdabiris', 'wyss', 'smit2827', 'kstirrup', 'asarnowski', 'rderakhs7', None, 'tu37', 'nabdrahn', 'elikroller', 'jbuehrle', 'ross217', 'hall363', 'dewittl', 'ni45']",55,"['kelsayed', 'strachan', 'zhan2395', 'cvasq69', 'davidjohnson', 'jnino', 'kfuria', 'xixilegend', 'fang217', 'hamed0', 'hsvalladares88', 'tmarconi', 'geakins', 'emeka29', 'julien419', 'wang4142', 'bgunder', 'awennin', 'baega21', 'usarwar', 'markleightonfisher', 'ellis99', 'aperitor', 'gezbbl7', 'ni45', 'sdabiris', 'jinghanli', 'wyss', 'dewittl', 'smit2827', 'xue76', 'kstirrup', 'asarnowski', 'rderakhs7', 'rituraj346', 'aahmadza', None, 'biswas.rijal', 'srrohit7', 'tu37', 'qiuchenzhai', 'odonne33', 'okurtulu', 'nabdrahn', 'elikroller', 'jbuehrle', 'yloaizal', 'chen220', 'ross217', 'terekhovpd', 'hall363', 'ardekani', 'pavlos.vlachos', 'wangjourney7', 'tkonstan']"
32,222,27,32,2,"['markleightonfisher', 'hsvalladares88']",24,"['kelsayed', 'zhan2395', 'jnino', 'xixilegend', 'ardekani', 'tmarconi', 'julien419', 'wang4142', 'bgunder', 'jinghanli', 'xue76', 'rituraj346', 'aahmadza', 'biswas.rijal', 'srrohit7', 'qiuchenzhai', 'odonne33', 'okurtulu', 'chen220', 'terekhovpd', 'yloaizal', 'pavlos.vlachos', 'wangjourney7', 'tkonstan']",30,"['mshewale', 'everbru', 'kumar212', 'cibrahim', 'coolnikitav', 'pickera', 'etitheyeti98', 'bamorim', 'lmackin', 'ferree1', 'costel10', 'stapletl', 'sanjiv3damo', 'anniebreidinger', 'tmccoll', 'lrigsbee', None, 'kocher1', 'hhedderi', 'koverley', 'singer15', 'richg', 'awoodwa', 'lowe77', 'nkhuu', 'gct246', 'nfei', 'harbinz', 'akansky', 'daveguo614']",56,"['kelsayed', 'zhan2395', 'mshewale', 'everbru', 'jnino', 'xixilegend', 'hsvalladares88', 'tmarconi', 'kumar212', 'cibrahim', 'coolnikitav', 'julien419', 'pickera', 'etitheyeti98', 'wang4142', 'bgunder', 'bamorim', 'lmackin', 'ferree1', 'markleightonfisher', 'jinghanli', 'costel10', 'stapletl', 'xue76', 'sanjiv3damo', 'anniebreidinger', 'tmccoll', 'daveguo614', 'rituraj346', 'aahmadza', 'lrigsbee', None, 'kocher1', 'biswas.rijal', 'srrohit7', 'hhedderi', 'koverley', 'qiuchenzhai', 'singer15', 'odonne33', 'okurtulu', 'richg', 'awoodwa', 'lowe77', 'yloaizal', 'chen220', 'terekhovpd', 'nkhuu', 'gct246', 'ardekani', 'pavlos.vlachos', 'nfei', 'wangjourney7', 'harbinz', 'akansky', 'tkonstan']"
32,81,27,23,13,"['srrohit7', 'wang4142', 'zhan2395', 'bgunder', 'qiuchenzhai', 'xue76', 'odonne33', 'okurtulu', 'xixilegend', 'ardekani', 'rituraj346', 'pavlos.vlachos', 'wangjourney7']",13,"['kelsayed', 'julien419', 'tkonstan', 'jnino', 'biswas.rijal', 'chen220', 'markleightonfisher', 'hsvalladares88', 'terekhovpd', 'tmarconi', 'aahmadza', 'yloaizal', 'jinghanli']",10,"['qin132', 'sun530', 'ayildiri', 'savetian', 'garlic0923', 'gshao', 'xiaomeihe122', 'pravi', 'desai61', None]",36,"['kelsayed', 'qin132', 'zhan2395', 'sun530', 'jnino', 'xixilegend', 'hsvalladares88', 'xiaomeihe122', 'tmarconi', 'julien419', 'wang4142', 'bgunder', 'pravi', 'markleightonfisher', 'jinghanli', 'savetian', 'xue76', 'garlic0923', 'gshao', 'rituraj346', 'aahmadza', None, 'biswas.rijal', 'srrohit7', 'ayildiri', 'qiuchenzhai', 'odonne33', 'okurtulu', 'yloaizal', 'chen220', 'terekhovpd', 'ardekani', 'pavlos.vlachos', 'desai61', 'wangjourney7', 'tkonstan']"
32,282,27,20,5,"['okurtulu', 'chen220', 'tmarconi', 'aahmadza', 'tkonstan']",21,"['kelsayed', 'zhan2395', 'wangjourney7', 'jnino', 'xixilegend', 'hsvalladares88', 'julien419', 'wang4142', 'bgunder', 'markleightonfisher', 'jinghanli', 'xue76', 'rituraj346', 'biswas.rijal', 'srrohit7', 'qiuchenzhai', 'odonne33', 'terekhovpd', 'ardekani', 'pavlos.vlachos', 'yloaizal']",15,"['strachan', 'gzherui', 'wyss', 'azareei', 'davidjohnson', 'kstirrup', 'baega21', 'usarwar', 'cami.strachan', 'hamed0', None, 'rderakhs7', 'sdabiris', 'pjbrumm', 'geakins']",41,"['kelsayed', 'strachan', 'zhan2395', 'davidjohnson', 'jnino', 'xixilegend', 'hamed0', 'hsvalladares88', 'tmarconi', 'pjbrumm', 'geakins', 'julien419', 'wang4142', 'bgunder', 'baega21', 'usarwar', 'markleightonfisher', 'sdabiris', 'jinghanli', 'gzherui', 'wyss', 'azareei', 'xue76', 'kstirrup', 'cami.strachan', 'rderakhs7', 'rituraj346', 'aahmadza', None, 'biswas.rijal', 'srrohit7', 'qiuchenzhai', 'odonne33', 'okurtulu', 'yloaizal', 'chen220', 'terekhovpd', 'ardekani', 'pavlos.vlachos', 'wangjourney7', 'tkonstan']"
32,167,27,16,12,"['julien419', 'srrohit7', 'zhan2395', 'wang4142', 'qiuchenzhai', 'xue76', 'odonne33', 'okurtulu', 'xixilegend', 'rituraj346', 'pavlos.vlachos', 'wangjourney7']",14,"['kelsayed', 'bgunder', 'tkonstan', 'jnino', 'ardekani', 'biswas.rijal', 'chen220', 'markleightonfisher', 'hsvalladares88', 'terekhovpd', 'tmarconi', 'aahmadza', 'yloaizal', 'jinghanli']",4,"['savetian', 'zhangwy2016', 'sun530', None]",30,"['kelsayed', 'zhan2395', 'sun530', 'jnino', 'xixilegend', 'hsvalladares88', 'tmarconi', 'julien419', 'wang4142', 'bgunder', 'markleightonfisher', 'jinghanli', 'savetian', 'xue76', 'rituraj346', 'aahmadza', None, 'biswas.rijal', 'srrohit7', 'qiuchenzhai', 'odonne33', 'okurtulu', 'zhangwy2016', 'yloaizal', 'chen220', 'terekhovpd', 'ardekani', 'pavlos.vlachos', 'wangjourney7', 'tkonstan']"
32,200,27,11,4,"['tmarconi', 'aahmadza', 'okurtulu', 'tkonstan']",22,"['kelsayed', 'zhan2395', 'wangjourney7', 'jnino', 'xixilegend', 'ardekani', 'hsvalladares88', 'julien419', 'wang4142', 'bgunder', 'jinghanli', 'xue76', 'rituraj346', 'biswas.rijal', 'srrohit7', 'qiuchenzhai', 'odonne33', 'chen220', 'terekhovpd', 'markleightonfisher', 'pavlos.vlachos', 'yloaizal']",7,"['azareei', 'davidjohnson', 'baega21', 'usarwar', 'sdabiris', None, 'geakins']",33,"['kelsayed', 'zhan2395', 'azareei', 'wangjourney7', 'davidjohnson', 'tkonstan', 'xue76', 'jnino', 'xixilegend', 'ardekani', 'hsvalladares88', 'tmarconi', 'rituraj346', 'aahmadza', None, 'geakins', 'biswas.rijal', 'julien419', 'srrohit7', 'wang4142', 'bgunder', 'qiuchenzhai', 'odonne33', 'okurtulu', 'baega21', 'usarwar', 'chen220', 'terekhovpd', 'markleightonfisher', 'pavlos.vlachos', 'yloaizal', 'sdabiris', 'jinghanli']"
32,283,27,11,2,"['markleightonfisher', 'hsvalladares88']",24,"['kelsayed', 'zhan2395', 'jnino', 'xixilegend', 'ardekani', 'tmarconi', 'julien419', 'wang4142', 'bgunder', 'jinghanli', 'xue76', 'rituraj346', 'aahmadza', 'biswas.rijal', 'srrohit7', 'qiuchenzhai', 'odonne33', 'okurtulu', 'chen220', 'terekhovpd', 'yloaizal', 'pavlos.vlachos', 'wangjourney7', 'tkonstan']",9,"['cmousoul', 'ho141', 'sritapaswi2007', 'jiang402', 'bageesey', None, 'llosadar', 'cedrichan', 'harbinz']",35,"['kelsayed', 'cmousoul', 'zhan2395', 'wangjourney7', 'tkonstan', 'xue76', 'jnino', 'xixilegend', 'ardekani', 'jiang402', 'bageesey', 'hsvalladares88', 'tmarconi', 'rituraj346', 'aahmadza', 'cedrichan', None, 'biswas.rijal', 'julien419', 'srrohit7', 'ho141', 'wang4142', 'bgunder', 'qiuchenzhai', 'odonne33', 'okurtulu', 'sritapaswi2007', 'chen220', 'terekhovpd', 'markleightonfisher', 'pavlos.vlachos', 'llosadar', 'yloaizal', 'harbinz', 'jinghanli']"
32,217,27,9,2,"['markleightonfisher', 'hsvalladares88']",24,"['kelsayed', 'zhan2395', 'jnino', 'xixilegend', 'ardekani', 'tmarconi', 'julien419', 'wang4142', 'bgunder', 'jinghanli', 'xue76', 'rituraj346', 'aahmadza', 'biswas.rijal', 'srrohit7', 'qiuchenzhai', 'odonne33', 'okurtulu', 'chen220', 'terekhovpd', 'yloaizal', 'pavlos.vlachos', 'wangjourney7', 'tkonstan']",7,"['cmousoul', 'ho141', 'jiang402', 'bageesey', None, 'llosadar', 'cedrichan']",33,"['kelsayed', 'cmousoul', 'zhan2395', 'wangjourney7', 'tkonstan', 'xue76', 'jnino', 'xixilegend', 'ardekani', 'jiang402', 'bageesey', 'hsvalladares88', 'tmarconi', 'rituraj346', 'aahmadza', 'cedrichan', None, 'biswas.rijal', 'julien419', 'srrohit7', 'ho141', 'wang4142', 'bgunder', 'qiuchenzhai', 'odonne33', 'okurtulu', 'chen220', 'terekhovpd', 'markleightonfisher', 'pavlos.vlachos', 'llosadar', 'yloaizal', 'jinghanli']"
32,82,27,7,5,"['okurtulu', 'chen220', 'tmarconi', 'aahmadza', 'tkonstan']",21,"['kelsayed', 'zhan2395', 'wangjourney7', 'jnino', 'xixilegend', 'hsvalladares88', 'julien419', 'wang4142', 'bgunder', 'markleightonfisher', 'jinghanli', 'xue76', 'rituraj346', 'biswas.rijal', 'srrohit7', 'qiuchenzhai', 'odonne33', 'terekhovpd', 'ardekani', 'pavlos.vlachos', 'yloaizal']",2,"[None, 'geakins']",28,"['kelsayed', 'zhan2395', 'wangjourney7', 'tkonstan', 'xue76', 'jnino', 'xixilegend', 'ardekani', 'hsvalladares88', 'tmarconi', 'rituraj346', 'aahmadza', None, 'geakins', 'biswas.rijal', 'julien419', 'srrohit7', 'wang4142', 'bgunder', 'qiuchenzhai', 'odonne33', 'okurtulu', 'chen220', 'terekhovpd', 'markleightonfisher', 'pavlos.vlachos', 'yloaizal', 'jinghanli']"
32,166,27,7,5,"['okurtulu', 'chen220', 'tmarconi', 'aahmadza', 'tkonstan']",21,"['kelsayed', 'zhan2395', 'wangjourney7', 'jnino', 'xixilegend', 'hsvalladares88', 'julien419', 'wang4142', 'bgunder', 'markleightonfisher', 'jinghanli', 'xue76', 'rituraj346', 'biswas.rijal', 'srrohit7', 'qiuchenzhai', 'odonne33', 'terekhovpd', 'ardekani', 'pavlos.vlachos', 'yloaizal']",2,"[None, 'geakins']",28,"['kelsayed', 'zhan2395', 'wangjourney7', 'tkonstan', 'xue76', 'jnino', 'xixilegend', 'ardekani', 'hsvalladares88', 'tmarconi', 'rituraj346', 'aahmadza', None, 'geakins', 'biswas.rijal', 'julien419', 'srrohit7', 'wang4142', 'bgunder', 'qiuchenzhai', 'odonne33', 'okurtulu', 'chen220', 'terekhovpd', 'markleightonfisher', 'pavlos.vlachos', 'yloaizal', 'jinghanli']"
32,205,27,7,1,['tmarconi'],25,"['kelsayed', 'zhan2395', 'wangjourney7', 'jnino', 'xixilegend', 'ardekani', 'hsvalladares88', 'julien419', 'wang4142', 'bgunder', 'jinghanli', 'xue76', 'rituraj346', 'aahmadza', 'biswas.rijal', 'srrohit7', 'qiuchenzhai', 'odonne33', 'okurtulu', 'chen220', 'terekhovpd', 'markleightonfisher', 'pavlos.vlachos', 'yloaizal', 'tkonstan']",6,"['bhartant', 'hu509', 'lpl', 'ian.strachan9', 'seey', None]",32,"['kelsayed', 'zhan2395', 'wangjourney7', 'lpl', 'tkonstan', 'xue76', 'jnino', 'xixilegend', 'ardekani', 'hsvalladares88', 'ian.strachan9', 'tmarconi', 'rituraj346', 'aahmadza', 'seey', None, 'biswas.rijal', 'julien419', 'srrohit7', 'wang4142', 'bgunder', 'bhartant', 'qiuchenzhai', 'hu509', 'odonne33', 'okurtulu', 'chen220', 'terekhovpd', 'markleightonfisher', 'pavlos.vlachos', 'yloaizal', 'jinghanli']"
32,199,27,6,1,['hsvalladares88'],25,"['kelsayed', 'zhan2395', 'wangjourney7', 'jnino', 'xixilegend', 'ardekani', 'tmarconi', 'julien419', 'wang4142', 'bgunder', 'jinghanli', 'xue76', 'rituraj346', 'aahmadza', 'biswas.rijal', 'srrohit7', 'qiuchenzhai', 'odonne33', 'okurtulu', 'chen220', 'terekhovpd', 'markleightonfisher', 'pavlos.vlachos', 'yloaizal', 'tkonstan']",5,"['cmousoul', 'ho141', 'sritapaswi2007', 'bageesey', None]",31,"['kelsayed', 'cmousoul', 'zhan2395', 'wangjourney7', 'tkonstan', 'xue76', 'jnino', 'xixilegend', 'ardekani', 'bageesey', 'hsvalladares88', 'tmarconi', 'rituraj346', 'aahmadza', None, 'biswas.rijal', 'julien419', 'srrohit7', 'ho141', 'wang4142', 'bgunder', 'qiuchenzhai', 'odonne33', 'okurtulu', 'sritapaswi2007', 'chen220', 'terekhovpd', 'markleightonfisher', 'pavlos.vlachos', 'yloaizal', 'jinghanli']"
32,225,27,6,2,"['markleightonfisher', 'hsvalladares88']",24,"['kelsayed', 'zhan2395', 'jnino', 'xixilegend', 'ardekani', 'tmarconi', 'julien419', 'wang4142', 'bgunder', 'jinghanli', 'xue76', 'rituraj346', 'aahmadza', 'biswas.rijal', 'srrohit7', 'qiuchenzhai', 'odonne33', 'okurtulu', 'chen220', 'terekhovpd', 'yloaizal', 'pavlos.vlachos', 'wangjourney7', 'tkonstan']",4,"['ho141', 'bageesey', None, 'harbinz']",30,"['kelsayed', 'zhan2395', 'wangjourney7', 'tkonstan', 'xue76', 'jnino', 'xixilegend', 'ardekani', 'bageesey', 'hsvalladares88', 'tmarconi', 'rituraj346', 'aahmadza', None, 'biswas.rijal', 'julien419', 'srrohit7', 'ho141', 'wang4142', 'bgunder', 'qiuchenzhai', 'odonne33', 'okurtulu', 'chen220', 'terekhovpd', 'markleightonfisher', 'pavlos.vlachos', 'yloaizal', 'harbinz', 'jinghanli']"
33,426,27,38,25,"['df.pena12', 'milton_catano', 'susachavez07', 'helipe90', 'danielaguti25', 'dc.camargo09', 'laladgg', 'amtellez', 'mc.holguin', 'jc.sanchez16', 'jcbuitragoa1', 'tosaleal', 'diegofelipe.martinezvalencia', 'sebastianbeto2015', 'nicolas.jimenez.perez.lopez', 'atru000', 'basica2020', 'aiskel178', 'brayanhernan8', 'anfedepe', 'ca.espitiaa0516', 'npava55', 'pipefe1212', 'nlozano611', 'tomasrubiano']",1,['lauraldana18'],13,"['santiagoe4333', 'juannangara', 'jerryomygod', 'jalexcs6', 'julieth.pch', 'izuletaelles', None, 'necromonicon4', 'dmartinezcu', 'gutigutiz2000', 'jele1097', 'jairitronmanzano777', 'karenysas']",39,"['susachavez07', 'jalexcs6', 'laladgg', 'karenysas', 'amtellez', 'santiagoe4333', 'jc.sanchez16', 'tosaleal', 'diegofelipe.martinezvalencia', 'jele1097', 'jairitronmanzano777', 'nicolas.jimenez.perez.lopez', 'izuletaelles', 'gutigutiz2000', 'aiskel178', 'anfedepe', 'npava55', 'pipefe1212', 'nlozano611', 'tomasrubiano', 'df.pena12', 'lauraldana18', 'milton_catano', 'helipe90', 'danielaguti25', 'dc.camargo09', 'julieth.pch', 'necromonicon4', 'mc.holguin', 'jcbuitragoa1', 'jerryomygod', 'sebastianbeto2015', 'juannangara', 'atru000', 'dmartinezcu', 'basica2020', None, 'brayanhernan8', 'ca.espitiaa0516']"
33,431,27,32,23,"['df.pena12', 'lauraldana18', 'milton_catano', 'helipe90', 'danielaguti25', 'dc.camargo09', 'laladgg', 'amtellez', 'mc.holguin', 'jc.sanchez16', 'jcbuitragoa1', 'tosaleal', 'sebastianbeto2015', 'nicolas.jimenez.perez.lopez', 'basica2020', 'aiskel178', 'brayanhernan8', 'anfedepe', 'ca.espitiaa0516', 'npava55', 'pipefe1212', 'nlozano611', 'tomasrubiano']",3,"['diegofelipe.martinezvalencia', 'atru000', 'susachavez07']",9,"['maxhitman', 'juannangara', 'aiskelb', 'julieth.pch', 'kamilongis1', None, 'diamondchief', 'ivandavidperez4', 'jairitronmanzano777']",35,"['df.pena12', 'lauraldana18', 'susachavez07', 'milton_catano', 'helipe90', 'danielaguti25', 'aiskelb', 'dc.camargo09', 'julieth.pch', 'laladgg', 'amtellez', 'mc.holguin', 'jc.sanchez16', 'jcbuitragoa1', 'tosaleal', 'kamilongis1', 'diegofelipe.martinezvalencia', 'jairitronmanzano777', 'sebastianbeto2015', 'juannangara', 'nicolas.jimenez.perez.lopez', 'atru000', 'diamondchief', 'basica2020', 'ivandavidperez4', None, 'aiskel178', 'maxhitman', 'brayanhernan8', 'anfedepe', 'ca.espitiaa0516', 'npava55', 'pipefe1212', 'nlozano611', 'tomasrubiano']"
33,232,27,27,18,"['nlozano611', 'df.pena12', 'mc.holguin', 'jcbuitragoa1', 'milton_catano', 'susachavez07', 'brayanhernan8', 'helipe90', 'danielaguti25', 'tomasrubiano', 'atru000', 'tosaleal', 'laladgg', 'anfedepe', 'basica2020', 'pipefe1212', 'sebastianbeto2015', 'amtellez']",8,"['lauraldana18', 'jc.sanchez16', 'nicolas.jimenez.perez.lopez', 'dc.camargo09', 'ca.espitiaa0516', 'diegofelipe.martinezvalencia', 'npava55', 'aiskel178']",9,"['santiagoe4333', 'maxhitman', 'juannangara', 'aiskelb', 'jalexcs6', 'julieth.pch', 'ivandavidperez4', 'jele1097', None]",35,"['df.pena12', 'lauraldana18', 'susachavez07', 'milton_catano', 'helipe90', 'danielaguti25', 'aiskelb', 'dc.camargo09', 'jalexcs6', 'laladgg', 'julieth.pch', 'amtellez', 'santiagoe4333', 'mc.holguin', 'jc.sanchez16', 'jcbuitragoa1', 'tosaleal', 'diegofelipe.martinezvalencia', 'jele1097', 'sebastianbeto2015', 'juannangara', 'nicolas.jimenez.perez.lopez', 'atru000', 'basica2020', 'ivandavidperez4', None, 'aiskel178', 'maxhitman', 'brayanhernan8', 'anfedepe', 'ca.espitiaa0516', 'npava55', 'pipefe1212', 'nlozano611', 'tomasrubiano']"
33,429,27,15,10,"['susachavez07', 'sebastianbeto2015', 'danielaguti25', 'atru000', 'tosaleal', 'basica2020', 'pipefe1212', 'nlozano611', 'tomasrubiano', 'aiskel178']",16,"['df.pena12', 'lauraldana18', 'mc.holguin', 'jc.sanchez16', 'milton_catano', 'jcbuitragoa1', 'nicolas.jimenez.perez.lopez', 'helipe90', 'brayanhernan8', 'dc.camargo09', 'laladgg', 'anfedepe', 'ca.espitiaa0516', 'diegofelipe.martinezvalencia', 'npava55', 'amtellez']",5,"['maxhitman', 'juannangara', 'julieth.pch', 'ivandavidperez4', None]",31,"['df.pena12', 'lauraldana18', 'susachavez07', 'milton_catano', 'helipe90', 'danielaguti25', 'dc.camargo09', 'julieth.pch', 'laladgg', 'amtellez', 'mc.holguin', 'jc.sanchez16', 'jcbuitragoa1', 'tosaleal', 'diegofelipe.martinezvalencia', 'sebastianbeto2015', 'juannangara', 'nicolas.jimenez.perez.lopez', 'atru000', 'basica2020', 'ivandavidperez4', None, 'aiskel178', 'maxhitman', 'brayanhernan8', 'anfedepe', 'ca.espitiaa0516', 'npava55', 'pipefe1212', 'nlozano611', 'tomasrubiano']"
33,430,27,10,7,"['df.pena12', 'brayanhernan8', 'helipe90', 'danielaguti25', 'basica2020', 'tomasrubiano', 'amtellez']",19,"['lauraldana18', 'milton_catano', 'susachavez07', 'dc.camargo09', 'laladgg', 'mc.holguin', 'jc.sanchez16', 'jcbuitragoa1', 'tosaleal', 'diegofelipe.martinezvalencia', 'sebastianbeto2015', 'nicolas.jimenez.perez.lopez', 'atru000', 'aiskel178', 'anfedepe', 'ca.espitiaa0516', 'npava55', 'pipefe1212', 'nlozano611']",3,"['ivandavidperez4', 'maxhitman', None]",29,"['df.pena12', 'lauraldana18', 'susachavez07', 'milton_catano', 'nicolas.jimenez.perez.lopez', 'helipe90', 'danielaguti25', 'atru000', 'dc.camargo09', 'laladgg', 'basica2020', 'ivandavidperez4', None, 'amtellez', 'aiskel178', 'nlozano611', 'mc.holguin', 'jc.sanchez16', 'jcbuitragoa1', 'brayanhernan8', 'maxhitman', 'tosaleal', 'anfedepe', 'ca.espitiaa0516', 'diegofelipe.martinezvalencia', 'npava55', 'pipefe1212', 'sebastianbeto2015', 'tomasrubiano']"
34,252,26,23,13,"['isaacexma', 'paula.maynou', 'aniol.vellvehi', 'josecarlo', 'muntsasales', 'roberto.fagotto', 'paz.aragon', 'julia.partal', 'xavier.x1000', 'pau.asensio', 'ritagrimalt11', 'paulamaynou', 'andreeaioana.kapas']",12,"['enriccg', 'diegodelavega', 'elenaperalcatalan', 'laia.elcantodelloco.aviles', 'dvelik001', 'marcdurang', 'sergio.herce', 'colomeri', 'josebamiren.ormaetxea', 'manel.mercader99', 'giselasdfghjkl', 'laura.remacha']",10,"['rjansa125', 'delmoral1999', 'rutxi8', 'aleixespada', 'marcalblasco', 'devilbattles99', 'evadelalamofillat9', 'mrm24', 'quimii1', None]",35,"['rjansa125', 'diegodelavega', 'isaacexma', 'delmoral1999', 'josecarlo', 'dvelik001', 'sergio.herce', 'josebamiren.ormaetxea', 'xavier.x1000', 'mrm24', 'paulamaynou', 'aleixespada', 'marcdurang', 'colomeri', 'manel.mercader99', 'pau.asensio', 'andreeaioana.kapas', 'quimii1', 'laura.remacha', 'paula.maynou', 'elenaperalcatalan', 'ritagrimalt11', 'marcalblasco', None, 'enriccg', 'aniol.vellvehi', 'rutxi8', 'muntsasales', 'laia.elcantodelloco.aviles', 'roberto.fagotto', 'paz.aragon', 'devilbattles99', 'giselasdfghjkl', 'evadelalamofillat9', 'julia.partal']"
34,239,26,21,13,"['isaacexma', 'paula.maynou', 'aniol.vellvehi', 'josecarlo', 'muntsasales', 'roberto.fagotto', 'paz.aragon', 'julia.partal', 'xavier.x1000', 'pau.asensio', 'ritagrimalt11', 'paulamaynou', 'andreeaioana.kapas']",12,"['enriccg', 'diegodelavega', 'elenaperalcatalan', 'laia.elcantodelloco.aviles', 'dvelik001', 'marcdurang', 'sergio.herce', 'colomeri', 'josebamiren.ormaetxea', 'manel.mercader99', 'giselasdfghjkl', 'laura.remacha']",8,"['rjansa125', 'delmoral1999', 'rutxi8', 'aleixespada', 'marcalblasco', 'mrm24', 'quimii1', None]",33,"['rjansa125', 'diegodelavega', 'isaacexma', 'delmoral1999', 'josecarlo', 'dvelik001', 'sergio.herce', 'josebamiren.ormaetxea', 'xavier.x1000', 'mrm24', 'paulamaynou', 'aleixespada', 'marcdurang', 'colomeri', 'manel.mercader99', 'pau.asensio', 'andreeaioana.kapas', 'quimii1', 'laura.remacha', 'paula.maynou', 'elenaperalcatalan', 'ritagrimalt11', 'marcalblasco', None, 'enriccg', 'aniol.vellvehi', 'rutxi8', 'muntsasales', 'laia.elcantodelloco.aviles', 'roberto.fagotto', 'paz.aragon', 'giselasdfghjkl', 'julia.partal']"
34,240,26,7,5,"['marcdurang', 'dvelik001', 'colomeri', 'manel.mercader99', 'xavier.x1000']",20,"['diegodelavega', 'isaacexma', 'josecarlo', 'sergio.herce', 'josebamiren.ormaetxea', 'paulamaynou', 'pau.asensio', 'andreeaioana.kapas', 'laura.remacha', 'paula.maynou', 'elenaperalcatalan', 'ritagrimalt11', 'enriccg', 'aniol.vellvehi', 'muntsasales', 'laia.elcantodelloco.aviles', 'roberto.fagotto', 'paz.aragon', 'giselasdfghjkl', 'julia.partal']",2,"[None, 'rbalsina']",27,"['diegodelavega', 'isaacexma', 'paula.maynou', 'elenaperalcatalan', 'josecarlo', 'dvelik001', 'sergio.herce', 'josebamiren.ormaetxea', 'xavier.x1000', 'rbalsina', 'paulamaynou', 'ritagrimalt11', None, 'enriccg', 'aniol.vellvehi', 'muntsasales', 'laia.elcantodelloco.aviles', 'marcdurang', 'roberto.fagotto', 'paz.aragon', 'colomeri', 'giselasdfghjkl', 'manel.mercader99', 'pau.asensio', 'julia.partal', 'andreeaioana.kapas', 'laura.remacha']"
34,253,26,7,5,"['marcdurang', 'dvelik001', 'colomeri', 'manel.mercader99', 'xavier.x1000']",20,"['diegodelavega', 'isaacexma', 'josecarlo', 'sergio.herce', 'josebamiren.ormaetxea', 'paulamaynou', 'pau.asensio', 'andreeaioana.kapas', 'laura.remacha', 'paula.maynou', 'elenaperalcatalan', 'ritagrimalt11', 'enriccg', 'aniol.vellvehi', 'muntsasales', 'laia.elcantodelloco.aviles', 'roberto.fagotto', 'paz.aragon', 'giselasdfghjkl', 'julia.partal']",2,"[None, 'rbalsina']",27,"['diegodelavega', 'isaacexma', 'paula.maynou', 'elenaperalcatalan', 'josecarlo', 'dvelik001', 'sergio.herce', 'josebamiren.ormaetxea', 'xavier.x1000', 'rbalsina', 'paulamaynou', 'ritagrimalt11', None, 'enriccg', 'aniol.vellvehi', 'muntsasales', 'laia.elcantodelloco.aviles', 'marcdurang', 'roberto.fagotto', 'paz.aragon', 'colomeri', 'giselasdfghjkl', 'manel.mercader99', 'pau.asensio', 'julia.partal', 'andreeaioana.kapas', 'laura.remacha']"
35,218,26,138,17,"['caseya', 'ayermemb', 'englanc', 'uabdulla4', 'zhan2748', 'gomez110', 'ssidhard', 'missahaq', 'mcdona20', 'hu589', 'agondima', 'kpardika', 'cgkartzo', 'yang1908', 'ocegueda', 'erich1016', 'eantwiag']",8,"['vkwarten', 'sn110', 'p_conns', 'baega21', 'sehirlio', 'usarwar', 'segoviap', 'sdabiris']",121,"['vostwal', 'kelsayed', 'jaloi', 'cdtorres', 'cregers', 'lee3489', 'smatsun', 'abelkiew', 'zfrank64', 'wang4142', 'mohdshah', 'wu1432', 'mheighwa', 'egrubbs', 'ccurto', 'amcgoff', 'ghais', 'xue76', 'butchko', 'vkoranne', 'freder26', 'wning', 'gshao', 'rituraj346', 'zubik', 'ewilhite', 'bpolinsk', 'akhilvijay', 'mpisoni', 'efeldman', 'cmenden', 'msulaima', 'cccyyj720', 'chao26', 'esoufler', 'sun530', 'wang4506', 'mjokar', 'abora', 'ahmad31', 'pdhillon', 'mmohdzai', 'mohanc21', 'aperitor', 'nail', 'lrajendr', 'avasiukh', 'mart1391', 'rutherfb', 'ddemelom', None, 'priyatham.t', 'kiefern', 'qiuchenzhai', 'petrosky', 'adhikarp', 'wangjourney7', 'yang1865', 'zhan2395', 'rturk8292', 'ydichenk', 'rcontrac', 'malhamm', 'vudayamo', 'brajabif', 'elacr', 'christin3508', 'julien419', 'bgunder', 'richtern', 'pavlos.vlachos', 'fionayjx27', 'li3604', 'savetian', 'bhatta23', 'idoh', 'jeigenbr', 'myildiri', 'aleidli', 'srrohit7', 'sail', 'paulmather', 'elikroller', 'desai61', 'zhao988', 'qin132', 'bsalil', 'xixilegend', 'shethm', 'kuhn48', 'deshmukp', 'jnasiboov', 'li2722', 'meyers18', 'huang706', 'jpdero2', 'wang3138', 'mcclurez', 'bullock8', 'white559', 'shoafn', 'henry01234567', 'alotaib6', 'saha40', 'colewilloughby1125', 'dlarocco', 'zhan3736', 'gmantey', 'nkedir', 'uuraechu', 'liu2512', 'anna.collins97', 'ayildiri', 'jjoffe', 'silapaku', 'soni12', 'odonne33', 'ardekani', 'pravi', '17scotta', 'montoyar']",146,"['vostwal', 'kelsayed', 'jaloi', 'cdtorres', 'cregers', 'lee3489', 'smatsun', 'abelkiew', 'zfrank64', 'wang4142', 'ssidhard', 'mohdshah', 'wu1432', 'mheighwa', 'yang1908', 'egrubbs', 'sdabiris', 'ccurto', 'amcgoff', 'ghais', 'englanc', 'xue76', 'butchko', 'vkoranne', 'freder26', 'wning', 'gshao', 'rituraj346', 'zubik', 'ewilhite', 'bpolinsk', 'akhilvijay', 'mpisoni', 'efeldman', 'cmenden', 'sehirlio', 'msulaima', 'cgkartzo', 'cccyyj720', 'chao26', 'esoufler', 'sun530', 'wang4506', 'mjokar', 'ahmad31', 'pdhillon', 'mmohdzai', 'mohanc21', 'aperitor', 'nail', 'lrajendr', 'vkwarten', 'avasiukh', 'mart1391', 'rutherfb', 'ddemelom', None, 'priyatham.t', 'kiefern', 'caseya', 'qiuchenzhai', 'petrosky', 'adhikarp', 'wangjourney7', 'sn110', 'yang1865', 'zhan2395', 'rturk8292', 'ydichenk', 'rcontrac', 'malhamm', 'vudayamo', 'brajabif', 'elacr', 'christin3508', 'julien419', 'bgunder', 'richtern', 'gomez110', 'pravi', 'baega21', 'fionayjx27', 'kpardika', 'li3604', 'uabdulla4', 'savetian', 'bhatta23', 'idoh', 'hu589', 'jeigenbr', 'myildiri', 'aleidli', 'srrohit7', 'sail', 'paulmather', 'elikroller', 'agondima', 'segoviap', 'desai61', 'zhao988', 'qin132', 'ayermemb', '17scotta', 'zhan2748', 'bsalil', 'xixilegend', 'mcdona20', 'shethm', 'kuhn48', 'ocegueda', 'deshmukp', 'jnasiboov', 'li2722', 'missahaq', 'meyers18', 'p_conns', 'usarwar', 'huang706', 'jpdero2', 'wang3138', 'mcclurez', 'bullock8', 'white559', 'shoafn', 'henry01234567', 'alotaib6', 'saha40', 'colewilloughby1125', 'dlarocco', 'zhan3736', 'gmantey', 'nkedir', 'eantwiag', 'uuraechu', 'liu2512', 'anna.collins97', 'ayildiri', 'jjoffe', 'silapaku', 'soni12', 'odonne33', 'ardekani', 'pavlos.vlachos', 'abora', 'erich1016', 'montoyar']"
35,281,26,85,17,"['caseya', 'ayermemb', 'englanc', 'uabdulla4', 'zhan2748', 'gomez110', 'ssidhard', 'missahaq', 'mcdona20', 'hu589', 'agondima', 'kpardika', 'cgkartzo', 'yang1908', 'ocegueda', 'erich1016', 'eantwiag']",8,"['vkwarten', 'sn110', 'p_conns', 'baega21', 'sehirlio', 'usarwar', 'segoviap', 'sdabiris']",68,"['vostwal', 'kelsayed', 'qin132', 'sun530', 'zhan2395', 'jesuarezl', 'wu801', 'oerturk', 'ahmad31', 'xixilegend', 'lee3489', 'smatsun', 'pdhillon', 'kuhn48', 'vudayamo', 'palani', 'brajabif', 'kabdelaz', 'vrayz', 'hvr', 'elacr', 'wang4142', 'julien419', 'bgunder', 'huang670', 'pavlos.vlachos', 'fionayjx27', 'ganti', 'uditrawat469', 'mcclurez', 'egrubbs', 'lrajendr', 'aveekdutta', 'henry01234567', 'avasiukh', 'xue76', 'savetian', 'jverduzc', 'rituraj1490', 'pkolis', 'vkoranne', 'zhan3800', 'garlic0923', 'idoh', 'jiema1202', 'zhan3736', 'gshao', 'uemir', 'rituraj346', 'myildiri', None, 'priyatham.t', 'ktadesse', 'srrohit7', 'ayildiri', 'qiuchenzhai', 'silapaku', 'shah151', 'cmenden', 'petrosky', 'paulmather', 'odonne33', 'adhikarp', 'zhangwy2016', 'ardekani', 'pravi', 'desai61', 'wangjourney7']",93,"['vostwal', 'kelsayed', 'zhan2395', 'wangjourney7', 'jesuarezl', 'lee3489', 'smatsun', 'vudayamo', 'brajabif', 'vrayz', 'elacr', 'julien419', 'wang4142', 'bgunder', 'huang670', 'gomez110', 'ssidhard', 'pavlos.vlachos', 'baega21', 'fionayjx27', 'kpardika', 'yang1908', 'egrubbs', 'sdabiris', 'englanc', 'uabdulla4', 'savetian', 'xue76', 'rituraj1490', 'pkolis', 'vkoranne', 'zhan3800', 'idoh', 'jiema1202', 'gshao', 'rituraj346', 'hu589', 'myildiri', 'srrohit7', 'cmenden', 'paulmather', 'sehirlio', 'agondima', 'segoviap', 'cgkartzo', 'desai61', 'qin132', 'sun530', 'ayermemb', 'zhan2748', 'wu801', 'oerturk', 'ahmad31', 'mcdona20', 'xixilegend', 'pdhillon', 'kuhn48', 'ocegueda', 'palani', 'kabdelaz', 'hvr', 'missahaq', 'p_conns', 'usarwar', 'ganti', 'uditrawat469', 'mcclurez', 'lrajendr', 'aveekdutta', 'henry01234567', 'vkwarten', 'avasiukh', 'jverduzc', 'zhan3736', 'garlic0923', 'uemir', None, 'priyatham.t', 'eantwiag', 'ktadesse', 'caseya', 'ayildiri', 'qiuchenzhai', 'silapaku', 'shah151', 'petrosky', 'odonne33', 'adhikarp', 'zhangwy2016', 'ardekani', 'pravi', 'erich1016', 'sn110']"
35,197,26,67,16,"['caseya', 'ayermemb', 'uabdulla4', 'zhan2748', 'gomez110', 'ssidhard', 'missahaq', 'mcdona20', 'hu589', 'agondima', 'kpardika', 'cgkartzo', 'yang1908', 'ocegueda', 'erich1016', 'eantwiag']",9,"['vkwarten', 'englanc', 'sn110', 'p_conns', 'baega21', 'sehirlio', 'usarwar', 'segoviap', 'sdabiris']",51,"['kelsayed', 'qin132', 'zhan2395', 'li2736', 'sun530', 'wu801', 'skarumur', 'ywang3450', 'oerturk', 'xixilegend', 'pdhillon', 'rkanthar', 'ps052537', 'kabdelaz', 'fvora', 'juncheng10', 'wang4142', 'bgunder', 'rpaldi', 'huang670', 'tan254', 'huang714', 'jpdero2', 'ganti', 'uditrawat469', 'mcclurez', 'egrubbs', 'lgreenle', 'saha40', 'wang4084', 'nh_engagement', 'savetian', 'xue76', 'anaon', 'jverduzc', 'pkolis', 'wfirdaus', 'deshpan3', 'gshao', 'rituraj346', 'myildiri', None, 'paulmather', 'odonne33', 'petrosky', 'zhangwy2016', 'porte107', 'ardekani', 'pravi', 'desai61', 'mademoiselle0812']",76,"['kelsayed', 'zhan2395', 'rkanthar', 'fvora', 'juncheng10', 'wang4142', 'bgunder', 'huang670', 'gomez110', 'ssidhard', 'baega21', 'kpardika', 'yang1908', 'egrubbs', 'sdabiris', 'lgreenle', 'englanc', 'uabdulla4', 'nh_engagement', 'savetian', 'xue76', 'pkolis', 'wfirdaus', 'deshpan3', 'gshao', 'rituraj346', 'hu589', 'myildiri', 'mademoiselle0812', 'paulmather', 'sehirlio', 'agondima', 'segoviap', 'porte107', 'cgkartzo', 'desai61', 'qin132', 'li2736', 'sun530', 'ayermemb', 'zhan2748', 'wu801', 'skarumur', 'ywang3450', 'oerturk', 'xixilegend', 'mcdona20', 'pdhillon', 'ps052537', 'ocegueda', 'kabdelaz', 'rpaldi', 'tan254', 'huang714', 'missahaq', 'p_conns', 'usarwar', 'jpdero2', 'ganti', 'uditrawat469', 'mcclurez', 'saha40', 'wang4084', 'vkwarten', 'anaon', 'jverduzc', None, 'eantwiag', 'caseya', 'odonne33', 'petrosky', 'zhangwy2016', 'ardekani', 'pravi', 'erich1016', 'sn110']"
35,216,26,34,3,"['baega21', 'usarwar', 'sdabiris']",22,"['ayermemb', 'zhan2748', 'mcdona20', 'ocegueda', 'gomez110', 'ssidhard', 'missahaq', 'p_conns', 'kpardika', 'yang1908', 'vkwarten', 'englanc', 'uabdulla4', 'hu589', 'eantwiag', 'caseya', 'sehirlio', 'agondima', 'segoviap', 'cgkartzo', 'erich1016', 'sn110']",31,"['strachan', 'cvasq69', 'davidjohnson', 'tkonstan', 'kfuria', 'fang217', 'hamed0', 'tmarconi', 'emeka29', 'geakins', 'awennin', 'ellis99', 'aperitor', 'gezbbl7', 'wyss', 'smit2827', 'kstirrup', 'asarnowski', 'rderakhs7', 'aahmadza', None, 'tu37', 'okurtulu', 'nabdrahn', 'elikroller', 'jbuehrle', 'ross217', 'chen220', 'hall363', 'dewittl', 'ni45']",56,"['strachan', 'ayermemb', 'cvasq69', 'davidjohnson', 'zhan2748', 'tkonstan', 'kfuria', 'mcdona20', 'fang217', 'hamed0', 'tmarconi', 'ocegueda', 'geakins', 'emeka29', 'gomez110', 'ssidhard', 'missahaq', 'awennin', 'p_conns', 'baega21', 'usarwar', 'kpardika', 'yang1908', 'ellis99', 'aperitor', 'gezbbl7', 'sdabiris', 'wyss', 'vkwarten', 'englanc', 'uabdulla4', 'smit2827', 'kstirrup', 'asarnowski', 'rderakhs7', 'hu589', 'aahmadza', None, 'eantwiag', 'caseya', 'tu37', 'okurtulu', 'nabdrahn', 'sehirlio', 'elikroller', 'agondima', 'segoviap', 'jbuehrle', 'cgkartzo', 'ross217', 'chen220', 'hall363', 'dewittl', 'erich1016', 'sn110', 'ni45']"
35,282,26,20,3,"['baega21', 'usarwar', 'sdabiris']",22,"['ayermemb', 'zhan2748', 'mcdona20', 'ocegueda', 'gomez110', 'ssidhard', 'missahaq', 'p_conns', 'kpardika', 'yang1908', 'vkwarten', 'englanc', 'uabdulla4', 'hu589', 'eantwiag', 'caseya', 'sehirlio', 'agondima', 'segoviap', 'cgkartzo', 'erich1016', 'sn110']",17,"['strachan', 'gzherui', 'wyss', 'azareei', 'davidjohnson', 'okurtulu', 'kstirrup', 'cami.strachan', 'hamed0', None, 'rderakhs7', 'chen220', 'tmarconi', 'aahmadza', 'pjbrumm', 'geakins', 'tkonstan']",42,"['strachan', 'ayermemb', 'davidjohnson', 'zhan2748', 'mcdona20', 'hamed0', 'tmarconi', 'ocegueda', 'pjbrumm', 'geakins', 'gomez110', 'ssidhard', 'missahaq', 'p_conns', 'baega21', 'usarwar', 'kpardika', 'yang1908', 'sdabiris', 'gzherui', 'wyss', 'azareei', 'vkwarten', 'englanc', 'uabdulla4', 'kstirrup', 'cami.strachan', 'rderakhs7', 'hu589', 'aahmadza', None, 'eantwiag', 'caseya', 'okurtulu', 'sehirlio', 'agondima', 'segoviap', 'chen220', 'cgkartzo', 'erich1016', 'sn110', 'tkonstan']"
35,200,26,11,3,"['baega21', 'usarwar', 'sdabiris']",22,"['ayermemb', 'zhan2748', 'mcdona20', 'ocegueda', 'gomez110', 'ssidhard', 'missahaq', 'p_conns', 'kpardika', 'yang1908', 'vkwarten', 'englanc', 'uabdulla4', 'hu589', 'eantwiag', 'caseya', 'sehirlio', 'agondima', 'segoviap', 'cgkartzo', 'erich1016', 'sn110']",8,"['azareei', 'davidjohnson', 'okurtulu', 'tmarconi', 'aahmadza', None, 'geakins', 'tkonstan']",33,"['azareei', 'ayermemb', 'vkwarten', 'englanc', 'zhan2748', 'uabdulla4', 'davidjohnson', 'sn110', 'mcdona20', 'tmarconi', 'ocegueda', 'hu589', 'aahmadza', None, 'eantwiag', 'geakins', 'caseya', 'gomez110', 'ssidhard', 'missahaq', 'okurtulu', 'p_conns', 'baega21', 'sehirlio', 'usarwar', 'agondima', 'kpardika', 'segoviap', 'cgkartzo', 'yang1908', 'erich1016', 'sdabiris', 'tkonstan']"
36,115,26,25,16,"['mgrmanu10', 'mvictoriacerez', 'pedrolealdelojorossello', 'hggall1', 'alchapar13', 'miguelreyes1405', 'elenasilva35', 'crla.1933', 'lucicb', 'anpau53', 'nacholito98', 'juliangarciajuanino', 'carlostoronu1', 'aliciasero', 'migbarcar', 'giulianomirabella']",9,"['jaimesanchezfirth', 'blavelagu', 'rvidalalcon', 'rausanara', 'pilarmima9723', 'elenaeslin', 'elena.enamorado.diaz', 'angelaatf7', 'bartolomealarcon9']",9,"['angelaatf', 'tamararoman98', 'beajica', 'padblanclaura', 'oscarguerravinuesa', 'nataliamornar', 'claudia.hym', None, 'bartolome98']",34,"['beajica', 'miguelreyes1405', 'alchapar13', 'elenasilva35', 'crla.1933', 'lucicb', 'anpau53', 'rausanara', 'oscarguerravinuesa', 'migbarcar', 'angelaatf7', 'aliciasero', 'angelaatf', 'jaimesanchezfirth', 'mgrmanu10', 'tamararoman98', 'mvictoriacerez', 'hggall1', 'blavelagu', 'padblanclaura', 'pilarmima9723', 'juliangarciajuanino', 'claudia.hym', None, 'bartolomealarcon9', 'pedrolealdelojorossello', 'rvidalalcon', 'nacholito98', 'elenaeslin', 'elena.enamorado.diaz', 'nataliamornar', 'carlostoronu1', 'bartolome98', 'giulianomirabella']"
36,446,26,20,16,"['jaimesanchezfirth', 'mgrmanu10', 'carlostoronu1', 'mvictoriacerez', 'pedrolealdelojorossello', 'blavelagu', 'alchapar13', 'miguelreyes1405', 'elenasilva35', 'rausanara', 'nacholito98', 'juliangarciajuanino', 'elena.enamorado.diaz', 'angelaatf7', 'aliciasero', 'giulianomirabella']",9,"['hggall1', 'anpau53', 'crla.1933', 'lucicb', 'rvidalalcon', 'pilarmima9723', 'elenaeslin', 'migbarcar', 'bartolomealarcon9']",4,"['claudia.hym', None, 'nataliamornar', 'padblanclaura']",29,"['miguelreyes1405', 'alchapar13', 'elenasilva35', 'crla.1933', 'lucicb', 'anpau53', 'rausanara', 'migbarcar', 'angelaatf7', 'aliciasero', 'jaimesanchezfirth', 'mgrmanu10', 'mvictoriacerez', 'hggall1', 'blavelagu', 'padblanclaura', 'pilarmima9723', 'juliangarciajuanino', 'claudia.hym', None, 'bartolomealarcon9', 'pedrolealdelojorossello', 'rvidalalcon', 'nacholito98', 'elenaeslin', 'elena.enamorado.diaz', 'nataliamornar', 'carlostoronu1', 'giulianomirabella']"
36,7,26,19,12,"['pedrolealdelojorossello', 'hggall1', 'alchapar13', 'anpau53', 'crla.1933', 'lucicb', 'elenasilva35', 'nacholito98', 'juliangarciajuanino', 'aliciasero', 'migbarcar', 'giulianomirabella']",13,"['jaimesanchezfirth', 'mgrmanu10', 'mvictoriacerez', 'blavelagu', 'miguelreyes1405', 'rvidalalcon', 'rausanara', 'pilarmima9723', 'elenaeslin', 'elena.enamorado.diaz', 'carlostoronu1', 'angelaatf7', 'bartolomealarcon9']",7,"['beajica', 'padblanclaura', 'oscarguerravinuesa', 'nataliamornar', 'claudia.hym', None, 'bartolome98']",32,"['beajica', 'miguelreyes1405', 'alchapar13', 'elenasilva35', 'crla.1933', 'lucicb', 'anpau53', 'rausanara', 'oscarguerravinuesa', 'migbarcar', 'angelaatf7', 'aliciasero', 'jaimesanchezfirth', 'mgrmanu10', 'mvictoriacerez', 'hggall1', 'blavelagu', 'padblanclaura', 'pilarmima9723', 'juliangarciajuanino', 'claudia.hym', None, 'bartolomealarcon9', 'pedrolealdelojorossello', 'rvidalalcon', 'nacholito98', 'elenaeslin', 'elena.enamorado.diaz', 'nataliamornar', 'carlostoronu1', 'bartolome98', 'giulianomirabella']"
36,432,26,18,15,"['jaimesanchezfirth', 'mgrmanu10', 'angelaatf7', 'pedrolealdelojorossello', 'mvictoriacerez', 'blavelagu', 'miguelreyes1405', 'elenasilva35', 'rausanara', 'nacholito98', 'juliangarciajuanino', 'elena.enamorado.diaz', 'carlostoronu1', 'aliciasero', 'giulianomirabella']",10,"['hggall1', 'alchapar13', 'anpau53', 'crla.1933', 'lucicb', 'rvidalalcon', 'pilarmima9723', 'elenaeslin', 'migbarcar', 'bartolomealarcon9']",3,"[None, 'nataliamornar', 'padblanclaura']",28,"['miguelreyes1405', 'alchapar13', 'elenasilva35', 'crla.1933', 'lucicb', 'anpau53', 'rausanara', 'migbarcar', 'angelaatf7', 'aliciasero', 'jaimesanchezfirth', 'mgrmanu10', 'mvictoriacerez', 'hggall1', 'blavelagu', 'padblanclaura', 'pilarmima9723', 'juliangarciajuanino', None, 'bartolomealarcon9', 'pedrolealdelojorossello', 'rvidalalcon', 'nacholito98', 'elenaeslin', 'elena.enamorado.diaz', 'nataliamornar', 'carlostoronu1', 'giulianomirabella']"
36,317,26,13,9,"['mgrmanu10', 'hggall1', 'anpau53', 'lucicb', 'elenasilva35', 'juliangarciajuanino', 'aliciasero', 'migbarcar', 'giulianomirabella']",16,"['jaimesanchezfirth', 'mvictoriacerez', 'pedrolealdelojorossello', 'blavelagu', 'alchapar13', 'miguelreyes1405', 'crla.1933', 'rausanara', 'rvidalalcon', 'pilarmima9723', 'nacholito98', 'elenaeslin', 'elena.enamorado.diaz', 'carlostoronu1', 'angelaatf7', 'bartolomealarcon9']",4,"['tamararoman98', None, 'nataliamornar', 'oscarguerravinuesa']",29,"['miguelreyes1405', 'alchapar13', 'elenasilva35', 'crla.1933', 'lucicb', 'anpau53', 'rausanara', 'oscarguerravinuesa', 'migbarcar', 'angelaatf7', 'aliciasero', 'jaimesanchezfirth', 'mgrmanu10', 'tamararoman98', 'mvictoriacerez', 'hggall1', 'blavelagu', 'pilarmima9723', 'juliangarciajuanino', None, 'bartolomealarcon9', 'pedrolealdelojorossello', 'rvidalalcon', 'nacholito98', 'elenaeslin', 'elena.enamorado.diaz', 'nataliamornar', 'carlostoronu1', 'giulianomirabella']"
36,345,26,11,9,"['pedrolealdelojorossello', 'blavelagu', 'alchapar13', 'miguelreyes1405', 'rausanara', 'nacholito98', 'juliangarciajuanino', 'elena.enamorado.diaz', 'angelaatf7']",16,"['jaimesanchezfirth', 'mgrmanu10', 'mvictoriacerez', 'hggall1', 'giulianomirabella', 'anpau53', 'crla.1933', 'lucicb', 'elenasilva35', 'pilarmima9723', 'rvidalalcon', 'elenaeslin', 'carlostoronu1', 'aliciasero', 'migbarcar', 'bartolomealarcon9']",2,"[None, 'claudia.hym']",27,"['jaimesanchezfirth', 'mgrmanu10', 'mvictoriacerez', 'hggall1', 'blavelagu', 'miguelreyes1405', 'alchapar13', 'elenasilva35', 'crla.1933', 'lucicb', 'anpau53', 'rausanara', 'pilarmima9723', 'juliangarciajuanino', 'claudia.hym', None, 'migbarcar', 'bartolomealarcon9', 'pedrolealdelojorossello', 'rvidalalcon', 'nacholito98', 'elenaeslin', 'elena.enamorado.diaz', 'carlostoronu1', 'angelaatf7', 'aliciasero', 'giulianomirabella']"
36,344,26,9,8,"['mgrmanu10', 'mvictoriacerez', 'pedrolealdelojorossello', 'elenasilva35', 'elena.enamorado.diaz', 'juliangarciajuanino', 'carlostoronu1', 'aliciasero']",17,"['jaimesanchezfirth', 'hggall1', 'blavelagu', 'alchapar13', 'miguelreyes1405', 'giulianomirabella', 'anpau53', 'crla.1933', 'lucicb', 'rausanara', 'pilarmima9723', 'rvidalalcon', 'nacholito98', 'elenaeslin', 'angelaatf7', 'migbarcar', 'bartolomealarcon9']",1,[None],26,"['jaimesanchezfirth', 'mgrmanu10', 'mvictoriacerez', 'hggall1', 'blavelagu', 'miguelreyes1405', 'alchapar13', 'elenasilva35', 'crla.1933', 'lucicb', 'anpau53', 'rausanara', 'pilarmima9723', 'juliangarciajuanino', None, 'migbarcar', 'bartolomealarcon9', 'pedrolealdelojorossello', 'rvidalalcon', 'nacholito98', 'elenaeslin', 'elena.enamorado.diaz', 'carlostoronu1', 'angelaatf7', 'aliciasero', 'giulianomirabella']"
36,8,26,6,5,"['jaimesanchezfirth', 'blavelagu', 'rausanara', 'pilarmima9723', 'elena.enamorado.diaz']",20,"['alchapar13', 'miguelreyes1405', 'elenasilva35', 'crla.1933', 'lucicb', 'anpau53', 'migbarcar', 'angelaatf7', 'aliciasero', 'mgrmanu10', 'mvictoriacerez', 'hggall1', 'juliangarciajuanino', 'bartolomealarcon9', 'pedrolealdelojorossello', 'rvidalalcon', 'nacholito98', 'elenaeslin', 'carlostoronu1', 'giulianomirabella']",1,[None],26,"['jaimesanchezfirth', 'mgrmanu10', 'mvictoriacerez', 'hggall1', 'blavelagu', 'miguelreyes1405', 'alchapar13', 'elenasilva35', 'crla.1933', 'lucicb', 'anpau53', 'rausanara', 'pilarmima9723', 'juliangarciajuanino', None, 'migbarcar', 'bartolomealarcon9', 'pedrolealdelojorossello', 'rvidalalcon', 'nacholito98', 'elenaeslin', 'elena.enamorado.diaz', 'carlostoronu1', 'angelaatf7', 'aliciasero', 'giulianomirabella']"
37,25,26,40,1,['labchara.mona'],24,"['carmenapa605', 'angelsanabria2a', 'romanruizmarta', 'dbzrp10', 'rafagarcialuque', 'josejavierbm95', 'jesusdur98', 'lauragarciauma', 'zaraspringon', 'esthercorpas', 'elisajulia96', 'aliciafernandezsiles', 'susanacm', 'leticiamaciasnaranjo97', 'daniolivasek10', 'raulgr', 'juanjoseruizpenela', 'rebecamg31', 'albabecerra.ab', 'mdelatl', 'samupf97', 'pablocollantesruiz', 'agckk35', 'teresiiyaa']",39,"['pablolopezexposito', 'danidm', 'albertoangulo', 'jgm2096', 'miguelrm', 'luciavilchezz', 'antonio98y', 'marinabm', 'sergiogrcsnchz', 'aloptor', 'pmvd95', 'hamza32amar', 'plmolina4', 'rubenortega', 'e.jojusalo', 'campamarin', 'japrz', 'gonzalogbb', 'dfreire', 'juancarlosroutrera', 'e.ivanlopgar1997', 'marioherreroglez34', 'elisa.vicenteei', 'anselmoantorcha', 'albertoccz', 'manucro10', 'adec', None, 'pichoncillo1', 'e.lucasnavarrog', 'gonzavt15', 'e.pmcrespo', 'mariamfontan', 'ergobe3', 'albertortepin', 'e.sdavidm', 'pablo.garcia.bas', 'guilleortigosa', 'jbalderasfernandez']",64,"['dbzrp10', 'romanruizmarta', 'danidm', 'jesusdur98', 'sergiogrcsnchz', 'esthercorpas', 'elisajulia96', 'labchara.mona', 'plmolina4', 'rubenortega', 'aliciafernandezsiles', 'susanacm', 'gonzalogbb', 'juancarlosroutrera', 'e.ivanlopgar1997', 'marioherreroglez34', 'raulgr', 'albertoccz', 'manucro10', 'pichoncillo1', 'gonzavt15', 'pablocollantesruiz', 'e.pmcrespo', 'mariamfontan', 'agckk35', 'ergobe3', 'e.sdavidm', 'guilleortigosa', 'teresiiyaa', 'carmenapa605', 'angelsanabria2a', 'pablolopezexposito', 'rafagarcialuque', 'albertoangulo', 'jgm2096', 'miguelrm', 'luciavilchezz', 'josejavierbm95', 'antonio98y', 'marinabm', 'lauragarciauma', 'aloptor', 'zaraspringon', 'pmvd95', 'hamza32amar', 'e.jojusalo', 'campamarin', 'japrz', 'leticiamaciasnaranjo97', 'daniolivasek10', 'dfreire', 'elisa.vicenteei', 'juanjoseruizpenela', 'anselmoantorcha', 'albabecerra.ab', 'rebecamg31', 'mdelatl', 'adec', None, 'samupf97', 'e.lucasnavarrog', 'albertortepin', 'pablo.garcia.bas', 'jbalderasfernandez']"
37,48,26,20,11,"['carmenapa605', 'lauragarciauma', 'dbzrp10', 'romanruizmarta', 'daniolivasek10', 'labchara.mona', 'pablocollantesruiz', 'albabecerra.ab', 'rebecamg31', 'jesusdur98', 'susanacm']",14,"['angelsanabria2a', 'leticiamaciasnaranjo97', 'samupf97', 'rafagarcialuque', 'zaraspringon', 'esthercorpas', 'elisajulia96', 'raulgr', 'aliciafernandezsiles', 'juanjoseruizpenela', 'agckk35', 'josejavierbm95', 'mdelatl', 'teresiiyaa']",9,"['agarviespigares', 'romero', 'elmanguito', 'e.lucasnavarrog', 'miguelpino', 'enriquevaliente17', 'anamconrado', None, 'pepillobs']",34,"['carmenapa605', 'agarviespigares', 'angelsanabria2a', 'romanruizmarta', 'dbzrp10', 'romero', 'rafagarcialuque', 'anamconrado', 'josejavierbm95', 'jesusdur98', 'pepillobs', 'lauragarciauma', 'zaraspringon', 'esthercorpas', 'elisajulia96', 'labchara.mona', 'miguelpino', 'aliciafernandezsiles', 'susanacm', 'leticiamaciasnaranjo97', 'daniolivasek10', 'elmanguito', 'raulgr', 'juanjoseruizpenela', 'albabecerra.ab', 'rebecamg31', 'mdelatl', None, 'samupf97', 'e.lucasnavarrog', 'pablocollantesruiz', 'agckk35', 'enriquevaliente17', 'teresiiyaa']"
37,43,26,18,14,"['carmenapa605', 'lauragarciauma', 'dbzrp10', 'romanruizmarta', 'samupf97', 'daniolivasek10', 'elisajulia96', 'labchara.mona', 'pablocollantesruiz', 'rebecamg31', 'albabecerra.ab', 'aliciafernandezsiles', 'jesusdur98', 'susanacm']",11,"['angelsanabria2a', 'leticiamaciasnaranjo97', 'rafagarcialuque', 'zaraspringon', 'esthercorpas', 'raulgr', 'juanjoseruizpenela', 'agckk35', 'josejavierbm95', 'mdelatl', 'teresiiyaa']",4,"['antgm98', None, 'pepillobs', 'romero']",29,"['carmenapa605', 'antgm98', 'angelsanabria2a', 'romanruizmarta', 'dbzrp10', 'romero', 'rafagarcialuque', 'josejavierbm95', 'jesusdur98', 'pepillobs', 'lauragarciauma', 'zaraspringon', 'esthercorpas', 'elisajulia96', 'labchara.mona', 'aliciafernandezsiles', 'susanacm', 'leticiamaciasnaranjo97', 'daniolivasek10', 'raulgr', 'juanjoseruizpenela', 'albabecerra.ab', 'rebecamg31', 'mdelatl', None, 'samupf97', 'pablocollantesruiz', 'agckk35', 'teresiiyaa']"
37,118,26,18,14,"['carmenapa605', 'lauragarciauma', 'dbzrp10', 'romanruizmarta', 'leticiamaciasnaranjo97', 'daniolivasek10', 'samupf97', 'elisajulia96', 'pablocollantesruiz', 'rebecamg31', 'albabecerra.ab', 'aliciafernandezsiles', 'jesusdur98', 'susanacm']",11,"['angelsanabria2a', 'rafagarcialuque', 'zaraspringon', 'esthercorpas', 'labchara.mona', 'raulgr', 'juanjoseruizpenela', 'agckk35', 'josejavierbm95', 'mdelatl', 'teresiiyaa']",4,"['antgm98', None, 'pepillobs', 'romero']",29,"['carmenapa605', 'antgm98', 'angelsanabria2a', 'romanruizmarta', 'dbzrp10', 'romero', 'rafagarcialuque', 'josejavierbm95', 'jesusdur98', 'pepillobs', 'lauragarciauma', 'zaraspringon', 'esthercorpas', 'elisajulia96', 'labchara.mona', 'aliciafernandezsiles', 'susanacm', 'leticiamaciasnaranjo97', 'daniolivasek10', 'raulgr', 'juanjoseruizpenela', 'albabecerra.ab', 'rebecamg31', 'mdelatl', None, 'samupf97', 'pablocollantesruiz', 'agckk35', 'teresiiyaa']"
37,318,26,16,13,"['carmenapa605', 'lauragarciauma', 'dbzrp10', 'romanruizmarta', 'leticiamaciasnaranjo97', 'daniolivasek10', 'samupf97', 'elisajulia96', 'pablocollantesruiz', 'rebecamg31', 'aliciafernandezsiles', 'jesusdur98', 'susanacm']",12,"['angelsanabria2a', 'rafagarcialuque', 'zaraspringon', 'esthercorpas', 'labchara.mona', 'raulgr', 'juanjoseruizpenela', 'agckk35', 'albabecerra.ab', 'josejavierbm95', 'mdelatl', 'teresiiyaa']",3,"['antgm98', None, 'pepillobs']",28,"['carmenapa605', 'antgm98', 'angelsanabria2a', 'romanruizmarta', 'dbzrp10', 'rafagarcialuque', 'josejavierbm95', 'jesusdur98', 'pepillobs', 'lauragarciauma', 'zaraspringon', 'esthercorpas', 'elisajulia96', 'labchara.mona', 'aliciafernandezsiles', 'susanacm', 'leticiamaciasnaranjo97', 'daniolivasek10', 'raulgr', 'juanjoseruizpenela', 'albabecerra.ab', 'rebecamg31', 'mdelatl', None, 'samupf97', 'pablocollantesruiz', 'agckk35', 'teresiiyaa']"
37,88,26,15,13,"['carmenapa605', 'lauragarciauma', 'dbzrp10', 'romanruizmarta', 'samupf97', 'daniolivasek10', 'elisajulia96', 'pablocollantesruiz', 'albabecerra.ab', 'rebecamg31', 'aliciafernandezsiles', 'jesusdur98', 'susanacm']",12,"['angelsanabria2a', 'leticiamaciasnaranjo97', 'rafagarcialuque', 'zaraspringon', 'esthercorpas', 'labchara.mona', 'raulgr', 'juanjoseruizpenela', 'agckk35', 'josejavierbm95', 'mdelatl', 'teresiiyaa']",2,"['antgm98', None]",27,"['carmenapa605', 'antgm98', 'angelsanabria2a', 'romanruizmarta', 'dbzrp10', 'rafagarcialuque', 'josejavierbm95', 'jesusdur98', 'lauragarciauma', 'zaraspringon', 'esthercorpas', 'elisajulia96', 'labchara.mona', 'aliciafernandezsiles', 'susanacm', 'leticiamaciasnaranjo97', 'daniolivasek10', 'raulgr', 'juanjoseruizpenela', 'albabecerra.ab', 'rebecamg31', 'mdelatl', None, 'samupf97', 'pablocollantesruiz', 'agckk35', 'teresiiyaa']"
38,156,25,44,20,"['taoyuhu', 'zbk', 'linchtn', 'lutianx', 'dbyin', 'cgiger', 'mainmark', 'jiaminw', 'blanzyt', 'maxpow', 'chahuang', 'sudeepm', 'greeleyd', 'jiayinyu', 'mtaheri', 'gbruno527', 'yuchuw', 'gladaaro', 'caitaot', 'metink']",4,"['huaifu', 'maulbeck', 'javierln', 'messij']",24,"['jscholtz', 'yxluan', 'jzwesley', 'hhlien', 'jspielma', 'shdubaisi', 'zainsou', 'nleginza', 'eparlow', 'smprabhu', 'dylanae', 'ariwu', 'zhuhao', 'alberto4', 'qiliang', 'lboals', 'rnalbert25', 'shriyasi', 'kioupakis', None, 'cokane', 'mstryk', 'aagoulas', 'nickho']",48,"['jscholtz', 'jzwesley', 'linchtn', 'hhlien', 'jspielma', 'javierln', 'messij', 'eparlow', 'smprabhu', 'dylanae', 'mainmark', 'ariwu', 'maxpow', 'chahuang', 'qiliang', 'sudeepm', 'greeleyd', 'shriyasi', 'jiayinyu', 'gbruno527', 'yuchuw', 'cokane', 'gladaaro', 'nickho', 'metink', 'nleginza', 'taoyuhu', 'zbk', 'yxluan', 'dbyin', 'lutianx', 'shdubaisi', 'zainsou', 'cgiger', 'zhuhao', 'jiaminw', 'alberto4', 'blanzyt', 'lboals', 'rnalbert25', 'kioupakis', None, 'mtaheri', 'huaifu', 'maulbeck', 'mstryk', 'aagoulas', 'caitaot']"
38,305,25,21,18,"['maxpow', 'chahuang', 'taoyuhu', 'gbruno527', 'yuchuw', 'zbk', 'mainmark', 'sudeepm', 'linchtn', 'jiayinyu', 'lutianx', 'greeleyd', 'jiaminw', 'gladaaro', 'dbyin', 'blanzyt', 'metink', 'mtaheri']",6,"['huaifu', 'maulbeck', 'cgiger', 'javierln', 'caitaot', 'messij']",3,"['hhlien', None, 'qiliang']",27,"['taoyuhu', 'zbk', 'linchtn', 'hhlien', 'javierln', 'dbyin', 'lutianx', 'messij', 'cgiger', 'mainmark', 'jiaminw', 'blanzyt', 'maxpow', 'chahuang', 'qiliang', 'sudeepm', 'greeleyd', 'jiayinyu', None, 'mtaheri', 'huaifu', 'gbruno527', 'yuchuw', 'maulbeck', 'gladaaro', 'caitaot', 'metink']"
40,273,24,271,1,['ericshen628'],22,"['abreidin', 'qpitter', 'iczajkow', 's1p6a1r8a', 'nnoraziz', 'mann78', 'sanjivdamodaran', 'lregalad', 'konerua', 'smit3458', 'dunca108', 'thornt21', 'seshada', 'boyle49', 'simons7', 'moore763', 'girouxm', 'ltopliff', 'lswentor', 'winstontinople', 'ttayeb', 'jvanben']",270,"['mart1380', 'patel731', 'doyle75', 'cdtorres', 'cregers', 'engc', 'ssaradhi', 'jin376', 'lee2614', 'cho372', 'jdumblet', 'mheighwa', 'mohdshah', 'ghais', 'amcgoff', 'smit2827', 'dkahmann', 'the.mark.sargent', 'dkuen', 'stewa238', 'pillai7', 'wning', 'yao201', 'chen2122', 'zubik', 'ewilhite', 'abosshar', 'gupta393', 'cmenden', 'eashburn', 'obalican', 'nabdrahn', 'yshousha', 'kvansan', 'nkhuu', 'klipiszk', 'cheeseballs99', 'jmacatan', 'harri670', 'lawrencr', 'kinserc', 'gcesar', 'tmerric', 'apanuga', 'ftangpoo', 'mmohdzai', 'tglavan', 'iyengar1', 'tan254', 'gjensen', 'atruver', 'marisol', 'cblackm', 'msargen', 'mart1391', 'vogel30', 'sanjiv3damo', 'woo49', 'rutherfb', 'kiefern', 'ford.l.piano.guitar', 'jiang655', 'butzz', 'rathi4', 'hopkin43', 'mheiland', 'mtbarrette01', 'bkeel', 'yang1865', 'tdarmon', 'akick', 'rturk8292', 'cwidak', 'malhamm', 'lyanni', 'kumar212', 'pickera', 'slillig', 'mfess', 'dleoni', 'richtern', 'lmackin', 'stockb', 'choi333', 'li3604', 'mathur30', 'stark22', 'lm45000', 'anniebreidinger', 'davidrgowan', 'jeigenbr', 'zhan3624', 'kocher1', 'yeungd', 'ashwarts', 'singer15', 'jhulsize', 'tnoor', 'ali113', 'jbuehrle', 'nwegh', 'mudd3', 'dzadoks', 'mornings', 'aaprelik', '17scotta', 'gao499', 'shethm', 'siu2', 'jnasiboov', 'psakamot', 'gratz', 'lauerc', 'dixon82', 'emarches', 'kmotwan', 'verma52', 'white559', 'hillej', 'yount', 'nikitasridhar14', 'msuter', 'rdrager', 'tmccoll', 'jai104', 'uuraechu', 'adamdmiller17', 'liu2512', 'ecave', 'allisonbosshart', 'hall363', 'kzeligso', 'akapko', 'wisler0', 'jmickow', 'mbraner', 'jaloi', 'spear9', 'dmassow', 'abelkiew', 'zfrank64', 'etitheyeti98', 'song609', 'mcginn1', 'bcaffert', 'smit3177', 'freyg', '3ksnn64', 'suixiong8', 'layyar', 'butchko', 'mohanc', 'xing36', 'rweedon', 'bpolinsk', 'davidsml', 'mpisoni', 'efeldman', 'oelsher', 'bcasler', 'lowe77', 'asabo2893', 'msulaima', 'baile261', 'cccyyj720', 'brewer66', 'edreifue', 'chao26', 'mfarnell', 'strachan', 'uasoluka', 'peter514', 'gray244', 'cole.breseman', 'hschennu', 'ctow', 'adams410', 'nhuntine', 'baker493', 'ellis99', 'kozelr', 'aperitor', 'natoli0', 'bowman96', 'yang1420', 'agrillo', 'nail', 'iclyde', 'smit3184', 'mcurto', 'pjcali3', 'hgrover', 'hill399', 'cvasq69', 'ithakor', 'pshashi', 'cbresema', 'gtribe', 'vudayamo', 'sedgerto', 'abhalcha', 'mmshank16', 'jo46', 'kang264', 'bgrandst', 'gleasonb', 'mtrivell', 'gnishibu', 'patel784', 'epiergal', 'ghosh36', 'do26', 'roth51', 'bwitchie', 'mart1180', 'peck28', 'aleidli', 'rhinesj', 'osantang', 'tu37', 'ceckste', 'saboa', 'eloewe', 'ebilionis', 'nfei', 'zhao988', 'schuman1', 'everbru', 'xu1020', 'jlorah', 'chiang56', 'rmadhuja', 'avwenning', 'srothsch', 'xose.amo', 'lthursto', 'coolnikitav', 'deshmukp', 'schro118', 'li2722', 'redmanr', 'sgrzych', 'bamorim', 'awennin', 'egarayev', 'li2709', 'jpdero2', 'bullock8', 'mill2119', 'shoafn', 'aidanc_purdue', 'doherty6', 'george92', 'alotaib6', 'costel10', 'jfitzhu', 'colewilloughby1125', 'dlarocco', 'tpownell', 'mishra94', 'lrigsbee', 'goodma27', 'ding202', 'kbebris', 'soni12', 'bernarm', 'meyer264', 'abora', 'dragoneye', 'pcase']",293,"['mart1380', 'patel731', 'abreidin', 'doyle75', 'iczajkow', 'cdtorres', 'cregers', 'engc', 'ssaradhi', 'jin376', 'lee2614', 'cho372', 'mann78', 'jdumblet', 'mheighwa', 'mohdshah', 'ghais', 'thornt21', 'amcgoff', 'smit2827', 'dkahmann', 'the.mark.sargent', 'dkuen', 'stewa238', 'pillai7', 'wning', 'yao201', 'girouxm', 'chen2122', 'zubik', 'ewilhite', 'abosshar', 'gupta393', 'cmenden', 'eashburn', 'obalican', 'nabdrahn', 'yshousha', 'ttayeb', 'kvansan', 'nkhuu', 'klipiszk', 'cheeseballs99', 'jmacatan', 'harri670', 'lawrencr', 'kinserc', 'gcesar', 'tmerric', 'apanuga', 'ftangpoo', 'mmohdzai', 'tglavan', 'iyengar1', 'sanjivdamodaran', 'tan254', 'gjensen', 'atruver', 'marisol', 'cblackm', 'msargen', 'mart1391', 'vogel30', 'sanjiv3damo', 'woo49', 'rutherfb', 'kiefern', 'ford.l.piano.guitar', 'jiang655', 'butzz', 'winstontinople', 'rathi4', 'hopkin43', 'mheiland', 'mtbarrette01', 'bkeel', 'yang1865', 'tdarmon', 'akick', 'rturk8292', 'cwidak', 'malhamm', 'lyanni', 'kumar212', 'pickera', 'slillig', 'mfess', 'dleoni', 'richtern', 'lmackin', 'stockb', 'choi333', 'konerua', 'li3604', 'mathur30', 'stark22', 'lm45000', 'simons7', 'anniebreidinger', 'davidrgowan', 'jeigenbr', 'zhan3624', 'kocher1', 'yeungd', 'ashwarts', 'singer15', 'jhulsize', 'tnoor', 'ali113', 'jbuehrle', 'nwegh', 'mudd3', 'dzadoks', 'mornings', 'aaprelik', '17scotta', 'gao499', 'shethm', 'siu2', 'jnasiboov', 'psakamot', 'gratz', 'lauerc', 'dixon82', 'emarches', 'kmotwan', 'lregalad', 'verma52', 'white559', 'hillej', 'yount', 'nikitasridhar14', 'msuter', 'rdrager', 'tmccoll', 'jai104', 'uuraechu', 'adamdmiller17', 'liu2512', 'ecave', 'allisonbosshart', 'hall363', 'kzeligso', 'akapko', 'wisler0', 'jmickow', 'mbraner', 'jaloi', 'spear9', 'dmassow', 'abelkiew', 'zfrank64', 'etitheyeti98', 'song609', 'mcginn1', 'smit3458', 'bcaffert', 'smit3177', 'freyg', '3ksnn64', 'suixiong8', 'layyar', 'butchko', 'mohanc', 'xing36', 'rweedon', 'bpolinsk', 'davidsml', 'mpisoni', 'efeldman', 'oelsher', 'bcasler', 'lowe77', 'asabo2893', 'msulaima', 'baile261', 'cccyyj720', 'brewer66', 'edreifue', 'chao26', 'mfarnell', 'strachan', 'uasoluka', 'peter514', 'nnoraziz', 'gray244', 'cole.breseman', 'hschennu', 'ctow', 'adams410', 'nhuntine', 'baker493', 'ellis99', 'kozelr', 'aperitor', 'dunca108', 'natoli0', 'bowman96', 'yang1420', 'agrillo', 'nail', 'iclyde', 'moore763', 'smit3184', 'mcurto', 'pjcali3', 'lswentor', 'hgrover', 'hill399', 'cvasq69', 'ithakor', 'pshashi', 'cbresema', 'gtribe', 'vudayamo', 'sedgerto', 'abhalcha', 'mmshank16', 'jo46', 'kang264', 'bgrandst', 'gleasonb', 'mtrivell', 'gnishibu', 'patel784', 'epiergal', 'ghosh36', 'do26', 'roth51', 'bwitchie', 'mart1180', 'peck28', 'ltopliff', 'aleidli', 'rhinesj', 'osantang', 'tu37', 'ceckste', 'saboa', 'eloewe', 'ebilionis', 'jvanben', 'nfei', 'zhao988', 'qpitter', 'schuman1', 'everbru', 's1p6a1r8a', 'xu1020', 'jlorah', 'chiang56', 'rmadhuja', 'avwenning', 'srothsch', 'xose.amo', 'lthursto', 'coolnikitav', 'deshmukp', 'schro118', 'li2722', 'redmanr', 'sgrzych', 'bamorim', 'awennin', 'egarayev', 'li2709', 'jpdero2', 'bullock8', 'mill2119', 'shoafn', 'aidanc_purdue', 'doherty6', 'seshada', 'george92', 'alotaib6', 'costel10', 'boyle49', 'jfitzhu', 'colewilloughby1125', 'dlarocco', 'tpownell', 'ericshen628', 'mishra94', 'lrigsbee', 'goodma27', 'ding202', 'kbebris', 'soni12', 'bernarm', 'meyer264', 'abora', 'dragoneye', 'pcase']"
40,302,24,226,21,"['abreidin', 'qpitter', 'iczajkow', 's1p6a1r8a', 'nnoraziz', 'mann78', 'sanjivdamodaran', 'lregalad', 'konerua', 'smit3458', 'dunca108', 'thornt21', 'boyle49', 'moore763', 'ericshen628', 'girouxm', 'ltopliff', 'lswentor', 'winstontinople', 'ttayeb', 'jvanben']",2,"['seshada', 'simons7']",205,"['mart1380', 'patel731', 'wisler0', 'jmickow', 'jaloi', 'lowe77.purdue', 'cregers', 'engc', 'dmassow', 'zfrank64', 'jin376', 'lee2614', 'cho372', 'etitheyeti98', 'rumplem', 'mcginn1', 'mohdshah', 'mheighwa', 'bcaffert', 'gezbbl7', 'ccurto', 'amcgoff', 'ghais', 'smit3177', 'freyg', 'suixiong8', 'layyar', 'stewa238', 'yao201', 'chen2122', 'zubik', 'ewilhite', 'rweedon', 'davidsml', 'abosshar', 'gupta393', 'efeldman', 'cmenden', 'bcasler', 'awoodwa', 'msulaima', 'baile261', 'cccyyj720', 'nkhuu', 'brewer66', 'cheeseballs99', 'klipiszk', 'jmacatan', 'lawrencr', 'chao26', 'edreifue', 'kinserc', 'harri670', 'dangratz99', 'xu1085', 'gcesar', 'deane1', 'apanuga', 'peter514', 'ftangpoo', 'daviskahmann', 'justindcambridge', 'mmohdzai', 'cibrahim', 'tglavan', 'iyengar1', 'wertzm', 'hschennu', 'adams410', 'tdarmon20', 'nhuntine', 'ellis99', 'cblackm', 'agrillo', 'kozelr', 'natoli0', 'xul9044', 'aperitor', 'bowman96', 'msargen', 'mart1391', 'jess24', 'woo49', 'terry51', None, 'kiefern', 'smit3184', 'butzz', 'rathi4', 'hopkin43', 'hgrover', 'hill399', 'mtbarrette01', 'bkeel', 'yang1865', 'cvasq69', 'akick', 'ithakor', 'psmading', 'cwidak', 'jone1573', 'malhamm', 'wonhyukdo', 'sedgerto', 'pickera', 'slillig', 'abhalcha', 'mfess', 'dleoni', 'richtern', 'mmshank16', 'jo46', 'lmackin', 'flore170', 'bgrandst', 'gleasonb', 'mtrivell', 'gnishibu', 'glevine', 'choi333', 'li3604', 'pattiya2002', 'allnic21', 'patel784', 'ghosh36', 'stark22', 'lm45000', 'wade59', 'anniebreidinger', 'bwitchie', 'ander754', 'davidrgowan', 'mart1180', 'jeigenbr', 'peck28', 'rhinesj', 'hsmoke', 'ashwarts', 'koverley', 'racroth35', 'singer15', 'ceckste', 'jhulsize', 'tnoor', 'saboa', 'nwegh2017', 'eloewe', 'ali113', 'gct246', 'pcase', 'dewittl', 'nfei', 'rroggema', 'zhao988', 'schuman1', 'aaprelik', 'abano', 'jlorah', 'chiang56', 'choyc', 'gao499', 'shethm', 'xose.amo', 'lthursto', 'siu2', 'deshmukp', 'ltoy', 'schro118', 'redmanr', 'sgrzych', 'roj', 'bamorim', 'li2722', 'lauerc', 'dixon82', 'awennin', 'kmotwan', 'wang3138', 'verma52', 'bullock8', 'zhan2846', 'white559', 'hillej', 'amoravec', 'george92', 'jfitzhu', 'colewilloughby1125', 'dlarocco', 'marito', 'rdrager', 'tpownell', 'lrigsbee', 'goodma27', 'uuraechu', 'adamdmiller17', 'liu2512', 'kbebris', 'ecave', 'vkolar', 'bernarm', 'hall363', 'abora', 'dragoneye', 'kzeligso', 'akapko']",228,"['mart1380', 'patel731', 'wisler0', 'abreidin', 'jmickow', 'iczajkow', 'jaloi', 'kzeligso', 'lowe77.purdue', 'cregers', 'engc', 'dmassow', 'zfrank64', 'jin376', 'lee2614', 'cho372', 'mann78', 'etitheyeti98', 'rumplem', 'dragoneye', 'mohdshah', 'mheighwa', 'smit3458', 'bcaffert', 'gezbbl7', 'ccurto', 'amcgoff', 'thornt21', 'ghais', 'smit3177', 'freyg', 'suixiong8', 'layyar', 'stewa238', 'yao201', 'girouxm', 'chen2122', 'zubik', 'ewilhite', 'rweedon', 'davidsml', 'abosshar', 'gupta393', 'efeldman', 'cmenden', 'bcasler', 'awoodwa', 'ttayeb', 'msulaima', 'baile261', 'cccyyj720', 'nkhuu', 'brewer66', 'cheeseballs99', 'klipiszk', 'jmacatan', 'lawrencr', 'chao26', 'edreifue', 'kinserc', 'harri670', 'dangratz99', 'xu1085', 'gcesar', 'deane1', 'apanuga', 'peter514', 'ftangpoo', 'daviskahmann', 'justindcambridge', 'nnoraziz', 'mmohdzai', 'cibrahim', 'tglavan', 'iyengar1', 'wertzm', 'hschennu', 'sanjivdamodaran', 'adams410', 'tdarmon20', 'nhuntine', 'ellis99', 'cblackm', 'agrillo', 'kozelr', 'dunca108', 'natoli0', 'xul9044', 'aperitor', 'bowman96', 'msargen', 'mart1391', 'moore763', 'jess24', 'woo49', 'terry51', None, 'kiefern', 'smit3184', 'butzz', 'lswentor', 'winstontinople', 'rathi4', 'hopkin43', 'hgrover', 'hill399', 'mtbarrette01', 'bkeel', 'yang1865', 'cvasq69', 'akick', 'ithakor', 'psmading', 'cwidak', 'jone1573', 'malhamm', 'wonhyukdo', 'sedgerto', 'pickera', 'slillig', 'abhalcha', 'mfess', 'dleoni', 'richtern', 'mmshank16', 'jo46', 'lmackin', 'flore170', 'bgrandst', 'gleasonb', 'mtrivell', 'konerua', 'gnishibu', 'glevine', 'choi333', 'li3604', 'pattiya2002', 'allnic21', 'patel784', 'ghosh36', 'stark22', 'lm45000', 'simons7', 'wade59', 'anniebreidinger', 'bwitchie', 'ander754', 'davidrgowan', 'mart1180', 'jeigenbr', 'ltopliff', 'peck28', 'rhinesj', 'hsmoke', 'ashwarts', 'koverley', 'racroth35', 'singer15', 'ceckste', 'jhulsize', 'tnoor', 'saboa', 'nwegh2017', 'eloewe', 'ali113', 'gct246', 'dewittl', 'jvanben', 'nfei', 'rroggema', 'zhao988', 'qpitter', 'schuman1', 'aaprelik', 'abano', 's1p6a1r8a', 'jlorah', 'chiang56', 'choyc', 'gao499', 'shethm', 'xose.amo', 'lthursto', 'siu2', 'deshmukp', 'ltoy', 'schro118', 'redmanr', 'sgrzych', 'roj', 'bamorim', 'li2722', 'lauerc', 'dixon82', 'awennin', 'kmotwan', 'wang3138', 'lregalad', 'verma52', 'bullock8', 'zhan2846', 'white559', 'hillej', 'amoravec', 'seshada', 'george92', 'boyle49', 'jfitzhu', 'colewilloughby1125', 'dlarocco', 'marito', 'rdrager', 'tpownell', 'ericshen628', 'lrigsbee', 'goodma27', 'uuraechu', 'adamdmiller17', 'liu2512', 'kbebris', 'ecave', 'vkolar', 'bernarm', 'hall363', 'abora', 'mcginn1', 'pcase', 'akapko']"
40,303,24,24,1,['nnoraziz'],22,"['abreidin', 'qpitter', 'iczajkow', 's1p6a1r8a', 'mann78', 'sanjivdamodaran', 'lregalad', 'konerua', 'smit3458', 'dunca108', 'thornt21', 'seshada', 'boyle49', 'simons7', 'moore763', 'ericshen628', 'girouxm', 'ltopliff', 'lswentor', 'winstontinople', 'ttayeb', 'jvanben']",23,"['xu1085', 'slosing', 'sharp52', 'kswartzb', 'schro118', 'ferree1', 'egarayev', 'ellis99', 'doherty6', 'smit2827', None, 'tu37', 'fergu101', 'rollere', 'nabdrahn', 'ross217', 'kvansan', 'jonathanlimp87', 'ctsioli', 'dzadoks', 'harbinz', 'rroggema', 'daveguo614']",46,"['abreidin', 'qpitter', 'iczajkow', 'xu1085', 's1p6a1r8a', 'sharp52', 'slosing', 'kswartzb', 'nnoraziz', 'mann78', 'sanjivdamodaran', 'schro118', 'ferree1', 'egarayev', 'lregalad', 'ellis99', 'konerua', 'smit3458', 'dunca108', 'doherty6', 'thornt21', 'seshada', 'boyle49', 'smit2827', 'simons7', 'moore763', 'ericshen628', 'girouxm', 'ltopliff', None, 'tu37', 'fergu101', 'lswentor', 'rollere', 'nabdrahn', 'winstontinople', 'ttayeb', 'ross217', 'kvansan', 'jonathanlimp87', 'ctsioli', 'dzadoks', 'jvanben', 'harbinz', 'rroggema', 'daveguo614']"
40,400,24,9,4,"['konerua', 'ericshen628', 'lswentor', 'lregalad']",19,"['abreidin', 'qpitter', 'iczajkow', 's1p6a1r8a', 'nnoraziz', 'mann78', 'sanjivdamodaran', 'smit3458', 'dunca108', 'thornt21', 'seshada', 'boyle49', 'simons7', 'moore763', 'girouxm', 'ltopliff', 'winstontinople', 'ttayeb', 'jvanben']",5,"['roj', 'jo46', 'pattiya_p', 'jone1573', None]",28,"['thornt21', 'seshada', 'abreidin', 'qpitter', 'iczajkow', 'boyle49', 's1p6a1r8a', 'simons7', 'jone1573', 'moore763', 'ericshen628', 'girouxm', 'nnoraziz', 'ltopliff', None, 'jvanben', 'mann78', 'roj', 'sanjivdamodaran', 'jo46', 'pattiya_p', 'lswentor', 'winstontinople', 'ttayeb', 'lregalad', 'konerua', 'smit3458', 'dunca108']"
41,54,23,19,1,['mrk804'],21,"['muhammadkashif4443', 'adeelawan1717', 'cimone', 'kbatool287', 'bismahaq444', 'abatool145', 'ethanxu05', 'sameen123', 'subirmaity2012', 'hfsashahbaz', 'sihuachen0803', 'mansoorahmad156', 'kbatool145', 'alikumail50', 'sanj', 'ryanln', 'linzongpeng', 'abbas11uet', 'irtaza27', 'faizan.alam28', 'biplab.ec']",18,"['engr.saleh88', 'faisalsaeed19060005', 'abdurraheem299', 'salmanaamir', 'aliraza393', 'mueedulhaqkamboh98', 'l154444', 'ushahid5', 'azmeerz13', 'arooma15', 'muhammadaffan540', 'mariakaleem4', 'abdulraheem', 'syedaqib947', 'alihussain.alee', 'zamen', None, 'hamra6']",40,"['muhammadkashif4443', 'faisalsaeed19060005', 'salmanaamir', 'adeelawan1717', 'cimone', 'hamra6', 'ushahid5', 'muhammadaffan540', 'kbatool287', 'bismahaq444', 'abatool145', 'zamen', 'faizan.alam28', 'l154444', 'sameen123', 'abdurraheem299', 'subirmaity2012', 'aliraza393', 'hfsashahbaz', 'sihuachen0803', 'mueedulhaqkamboh98', 'azmeerz13', 'mansoorahmad156', 'mariakaleem4', 'kbatool145', 'abdulraheem', 'syedaqib947', 'alikumail50', 'sanj', 'alihussain.alee', 'mrk804', None, 'engr.saleh88', 'ryanln', 'linzongpeng', 'abbas11uet', 'irtaza27', 'arooma15', 'ethanxu05', 'biplab.ec']"
41,307,23,10,9,"['muhammadkashif4443', 'irtaza27', 'abbas11uet', 'hfsashahbaz', 'adeelawan1717', 'mansoorahmad156', 'alikumail50', 'bismahaq444', 'sameen123']",13,"['linzongpeng', 'ethanxu05', 'subirmaity2012', 'sihuachen0803', 'kbatool145', 'kbatool287', 'sanj', 'abatool145', 'cimone', 'mrk804', 'faizan.alam28', 'biplab.ec', 'ryanln']",1,[None],23,"['muhammadkashif4443', 'ethanxu05', 'subirmaity2012', 'hfsashahbaz', 'sihuachen0803', 'adeelawan1717', 'mansoorahmad156', 'kbatool145', 'alikumail50', 'sanj', 'cimone', 'mrk804', None, 'ryanln', 'linzongpeng', 'abbas11uet', 'irtaza27', 'kbatool287', 'bismahaq444', 'abatool145', 'faizan.alam28', 'biplab.ec', 'sameen123']"
42,258,23,10,6,"['xambax', 'domagoj.tomic', 'davidosmanovic', 'bf50034', 'invictuskudi', 'vedran.planinec']",16,"['furcic.marin', 'sreenathsnkr', 'srv', 'gayathryyag', 'bornapozar', 'annuthomas10', 'camille.h78', 'remya96', 'nikitasusan96', 'frisc', 'jsergo', 'navithavarghese', 'kiran002', 'mariofilipasic', 'ivicato', 'gauthamiv1']",4,"['rbertolan', 'frantagana', None, 'mjura']",26,"['furcic.marin', 'xambax', 'domagoj.tomic', 'srv', 'davidosmanovic', 'annuthomas10', 'bornapozar', 'mjura', 'frisc', 'jsergo', 'kiran002', 'invictuskudi', 'ivicato', 'rbertolan', 'frantagana', 'gauthamiv1', 'vedran.planinec', None, 'sreenathsnkr', 'gayathryyag', 'camille.h78', 'remya96', 'bf50034', 'navithavarghese', 'nikitasusan96', 'mariofilipasic']"
42,256,23,8,5,"['domagoj.tomic', 'bornapozar', 'frisc', 'invictuskudi', 'vedran.planinec']",17,"['furcic.marin', 'xambax', 'sreenathsnkr', 'srv', 'gayathryyag', 'davidosmanovic', 'annuthomas10', 'camille.h78', 'remya96', 'bf50034', 'nikitasusan96', 'jsergo', 'navithavarghese', 'kiran002', 'mariofilipasic', 'ivicato', 'gauthamiv1']",3,"['rbertolan', 'frantagana', None]",25,"['furcic.marin', 'xambax', 'domagoj.tomic', 'srv', 'davidosmanovic', 'annuthomas10', 'bornapozar', 'frisc', 'jsergo', 'kiran002', 'invictuskudi', 'ivicato', 'rbertolan', 'frantagana', 'gauthamiv1', 'vedran.planinec', None, 'sreenathsnkr', 'gayathryyag', 'camille.h78', 'remya96', 'bf50034', 'navithavarghese', 'nikitasusan96', 'mariofilipasic']"
43,238,23,13,12,"['zhenyipa', 'sthung2311', 'jhorng94', 'kwk_1995', 'athirahmohdfadzil93', 'nabilnz', 'farisnaim95', 'kahseng93', 'terrance522', 'xaizen96', 'mdhaziq.jamaluddin', 'amradel88']",10,"['aeislam', 'juanjmesa9702', 'j.e.evans', 'jjt2612', 'dtmccormick', 'prestons117', 'daranis22', 'jacobs_kristof', 'garnerchase12', 'arizaman']",1,[None],23,"['zhenyipa', 'juanjmesa9702', 'prestons117', 'daranis22', 'athirahmohdfadzil93', 'nabilnz', 'kahseng93', 'mdhaziq.jamaluddin', 'amradel88', None, 'aeislam', 'j.e.evans', 'jhorng94', 'sthung2311', 'jjt2612', 'dtmccormick', 'jacobs_kristof', 'kwk_1995', 'garnerchase12', 'farisnaim95', 'arizaman', 'terrance522', 'xaizen96']"
44,294,23,26,22,"['mufeezlambay', 'stanleyricky98', 'deepmistry', 'shivamsinghawesome', 'anujaindore1603', 'renjiboy2580', 'chrismike', 'pranju.bhopte', 'athilakshmi27', 'satyakadambari1998', 'nihalshaikh839', 'tejasvaity29', 'dsilvaroystan28', 'rachelmary06', 'rohandsouza5656', 'sachinwagle1105', 'adityadaripkar', 'shreyasunil', 'palashish580', 'hoodlumacy', 'gauraang', 'froyston']",0,[],4,"['pallavimohokar08', 'namrata10i64', None, 'sheikhaman2012']",26,"['pallavimohokar08', 'mufeezlambay', 'stanleyricky98', 'deepmistry', 'shivamsinghawesome', 'sheikhaman2012', 'anujaindore1603', 'renjiboy2580', 'chrismike', 'pranju.bhopte', 'athilakshmi27', 'satyakadambari1998', 'nihalshaikh839', 'tejasvaity29', 'dsilvaroystan28', 'rachelmary06', 'rohandsouza5656', 'sachinwagle1105', 'adityadaripkar', 'namrata10i64', None, 'shreyasunil', 'palashish580', 'hoodlumacy', 'gauraang', 'froyston']"
45,236,23,24,2,"['ritvick2000', 'es17btech11015']",20,"['al221310729', 'fermora.1720', 'shawnlee0201', 'jrraposo1', 'ramaedbe91', 'es17btech11019', 'blam020', 'tperrier', 'stevenrosenthal1998', 'andylorm91', 'lucaslu', 'rperaza86', 'kokatekuntal', 'kconn006', 'adam.bennett', 'rbendel', 'abroo003', 'gilbo', 'aem135', 'ee18btech11025']",22,"['yashguguloth', 'ee17btech11018', 'hrithikraj5', 'jinal', 'saivarshatedla', 'cheruu', 'ee18btech11026', 'aashrith', 'shaik123', 'agvgoutham', 'ee18btech11044', 'ee18btech11021', 'mehar', 'ee18btech11050', 'ee18btech11006', 'varuni123', 'pi_stark', None, 'ee18btech11015', 'ee17btech11010', 'ee18btech11020', 'tejaswinianagani75']",44,"['al221310729', 'fermora.1720', 'shawnlee0201', 'jrraposo1', 'ramaedbe91', 'yashguguloth', 'ee17btech11018', 'hrithikraj5', 'es17btech11019', 'blam020', 'jinal', 'saivarshatedla', 'cheruu', 'ee18btech11026', 'tperrier', 'stevenrosenthal1998', 'andylorm91', 'lucaslu', 'rperaza86', 'aashrith', 'shaik123', 'kokatekuntal', 'es17btech11015', 'agvgoutham', 'ee18btech11044', 'kconn006', 'adam.bennett', 'rbendel', 'ee18btech11021', 'mehar', 'ee18btech11050', 'abroo003', 'ee18btech11006', 'varuni123', None, 'pi_stark', 'ee18btech11015', 'ritvick2000', 'ee17btech11010', 'gilbo', 'aem135', 'ee18btech11020', 'tejaswinianagani75', 'ee18btech11025']"
45,237,23,23,1,['stevenrosenthal1998'],21,"['al221310729', 'fermora.1720', 'shawnlee0201', 'jrraposo1', 'ramaedbe91', 'es17btech11019', 'blam020', 'tperrier', 'andylorm91', 'lucaslu', 'rperaza86', 'kokatekuntal', 'es17btech11015', 'kconn006', 'adam.bennett', 'rbendel', 'abroo003', 'ritvick2000', 'gilbo', 'aem135', 'ee18btech11025']",22,"['bakerherrin2', 'amills2016', 'hensdn', 'thesctt', 'edrian.tirene', 'gabyrodrigo', 'cbrayman', 'msainzdebaranda', 'tmartinbrevard', 'cassandra.mllr', 'lwick', 'daniel.olis', 'carolina.garcia', 'jbtraugott', 'jvargo1227', 'tdwyer1', 'stevenrosenthal', None, 'angelaccook', 'su1998', 'zihuanteng', 'ldigioia3']",44,"['al221310729', 'fermora.1720', 'shawnlee0201', 'jrraposo1', 'bakerherrin2', 'ramaedbe91', 'amills2016', 'hensdn', 'thesctt', 'es17btech11019', 'blam020', 'edrian.tirene', 'gabyrodrigo', 'cbrayman', 'tperrier', 'stevenrosenthal1998', 'andylorm91', 'lucaslu', 'rperaza86', 'msainzdebaranda', 'kokatekuntal', 'tmartinbrevard', 'es17btech11015', 'cassandra.mllr', 'kconn006', 'adam.bennett', 'lwick', 'daniel.olis', 'carolina.garcia', 'rbendel', 'jbtraugott', 'jvargo1227', 'abroo003', 'tdwyer1', 'stevenrosenthal', None, 'angelaccook', 'su1998', 'ritvick2000', 'gilbo', 'aem135', 'zihuanteng', 'ldigioia3', 'ee18btech11025']"
45,233,23,11,9,"['shawnlee0201', 'tperrier', 'gilbo', 'lucaslu', 'rperaza86', 'aem135', 'abroo003', 'blam020', 'kconn006']",13,"['al221310729', 'fermora.1720', 'ritvick2000', 'jrraposo1', 'stevenrosenthal1998', 'ramaedbe91', 'andylorm91', 'rbendel', 'kokatekuntal', 'es17btech11015', 'es17btech11019', 'ee18btech11025', 'adam.bennett']",2,"['yanwei', None]",24,"['al221310729', 'fermora.1720', 'shawnlee0201', 'jrraposo1', 'ramaedbe91', 'rbendel', 'es17btech11019', 'abroo003', 'blam020', None, 'yanwei', 'ritvick2000', 'gilbo', 'tperrier', 'stevenrosenthal1998', 'andylorm91', 'lucaslu', 'rperaza86', 'aem135', 'kokatekuntal', 'es17btech11015', 'ee18btech11025', 'kconn006', 'adam.bennett']"
45,234,23,7,4,"['al221310729', 'fermora.1720', 'ramaedbe91', 'andylorm91']",18,"['ritvick2000', 'shawnlee0201', 'jrraposo1', 'tperrier', 'stevenrosenthal1998', 'lucaslu', 'rperaza86', 'gilbo', 'aem135', 'rbendel', 'kokatekuntal', 'es17btech11015', 'es17btech11019', 'abroo003', 'blam020', 'ee18btech11025', 'kconn006', 'adam.bennett']",3,"['luisanmarq', None, 'garduno_ivan']",25,"['al221310729', 'fermora.1720', 'shawnlee0201', 'jrraposo1', 'ramaedbe91', 'luisanmarq', 'garduno_ivan', 'rbendel', 'es17btech11019', 'abroo003', 'blam020', None, 'ritvick2000', 'gilbo', 'tperrier', 'stevenrosenthal1998', 'andylorm91', 'lucaslu', 'rperaza86', 'aem135', 'kokatekuntal', 'es17btech11015', 'ee18btech11025', 'kconn006', 'adam.bennett']"
46,415,23,11,9,"['kunzx101', 'blasc074', 'thom5563', 'hoytx117', 'westr140', 'joh13596', 'heini061', 'kolbo007', 'fuxxx391']",13,"['giovanni.sedgho', 'chan1488', 'wegex009', 'tran0660', 'mohamed.lamine.siemde', 'aboubacar', 'knstiles24', 'fpacanza', 'sarwathsaroukou', 'camilleconombo', 'nlanc97', 'yougbarearnaud', 'jackemch1818']",2,"[None, 'chatt097']",24,"['giovanni.sedgho', 'kunzx101', 'thom5563', 'wegex009', 'hoytx117', 'aboubacar', 'knstiles24', 'fpacanza', 'camilleconombo', 'kolbo007', 'fuxxx391', None, 'jackemch1818', 'blasc074', 'chan1488', 'tran0660', 'mohamed.lamine.siemde', 'westr140', 'joh13596', 'chatt097', 'sarwathsaroukou', 'heini061', 'nlanc97', 'yougbarearnaud']"
46,416,23,6,4,"['knstiles24', 'fpacanza', 'nlanc97', 'jackemch1818']",18,"['giovanni.sedgho', 'kunzx101', 'chan1488', 'thom5563', 'wegex009', 'blasc074', 'tran0660', 'mohamed.lamine.siemde', 'hoytx117', 'westr140', 'joh13596', 'aboubacar', 'sarwathsaroukou', 'heini061', 'camilleconombo', 'kolbo007', 'fuxxx391', 'yougbarearnaud']",2,"[None, 'ssplawn0']",24,"['giovanni.sedgho', 'kunzx101', 'thom5563', 'wegex009', 'hoytx117', 'aboubacar', 'knstiles24', 'fpacanza', 'camilleconombo', 'kolbo007', 'fuxxx391', None, 'jackemch1818', 'blasc074', 'chan1488', 'tran0660', 'mohamed.lamine.siemde', 'westr140', 'joh13596', 'sarwathsaroukou', 'heini061', 'nlanc97', 'yougbarearnaud', 'ssplawn0']"
47,169,22,10,7,"['ptrtrn', 'federica.bortoletto', 'sebabergh', 'christian.furlan', 'gabriele.pesce', 'matteo.giantin', 'turi']",14,"['cristiano.tacchella', 'davide.valzani', 'sarapinki.ranieri', 'n.rossetti997', 'tiziano.facchinelli', 'lorenzo.rizzato.1', 'filippo.mantesso', 'francesco.cianciaruso', 'francesco.toniolo.3', 'giovanni.zuccante', 'simone.costa.2', 'alessia.canever', 'filippo.disconzi', 'alessandro.salmaso.4']",3,"['raffaellasignorini69', None, 'robertino.pilot']",24,"['sarapinki.ranieri', 'filippo.mantesso', 'francesco.cianciaruso', 'giovanni.zuccante', 'gabriele.pesce', 'turi', 'alessia.canever', None, 'filippo.disconzi', 'alessandro.salmaso.4', 'raffaellasignorini69', 'cristiano.tacchella', 'davide.valzani', 'n.rossetti997', 'ptrtrn', 'tiziano.facchinelli', 'lorenzo.rizzato.1', 'federica.bortoletto', 'sebabergh', 'robertino.pilot', 'francesco.toniolo.3', 'christian.furlan', 'simone.costa.2', 'matteo.giantin']"
48,426,22,38,1,['dmartinezcu'],20,"['wsequeda', 'juan.yate.alcala', 'sergio.gomez', 'jaimesariasmjose', 'sebuchaspinzon', 'alizarazo1204', 'danielalejandro133', 'kevingonzalez', 'ss728', 'mafetatr', 'sebastianmolano1708', 'armandosernasc', 'cesar310', 'karlafernanda2524', 'jchavezmass', 'gf.gonzalez', 's.leonaviles152915', 'jpcdecolombia', 'martindanielrm15', 'lgamba56']",37,"['df.pena12', 'susachavez07', 'milton_catano', 'helipe90', 'danielaguti25', 'jalexcs6', 'julieth.pch', 'laladgg', 'dc.camargo09', 'necromonicon4', 'karenysas', 'amtellez', 'santiagoe4333', 'mc.holguin', 'jc.sanchez16', 'jcbuitragoa1', 'jerryomygod', 'tosaleal', 'diegofelipe.martinezvalencia', 'jele1097', 'jairitronmanzano777', 'sebastianbeto2015', 'juannangara', 'nicolas.jimenez.perez.lopez', 'atru000', 'izuletaelles', 'gutigutiz2000', 'basica2020', None, 'aiskel178', 'brayanhernan8', 'anfedepe', 'ca.espitiaa0516', 'npava55', 'pipefe1212', 'nlozano611', 'tomasrubiano']",58,"['wsequeda', 'df.pena12', 'sergio.gomez', 'juan.yate.alcala', 'milton_catano', 'susachavez07', 'helipe90', 'danielaguti25', 'jalexcs6', 'sebuchaspinzon', 'julieth.pch', 'lgamba56', 'laladgg', 'dc.camargo09', 'alizarazo1204', 'karenysas', 'necromonicon4', 'danielalejandro133', 'amtellez', 'santiagoe4333', 'kevingonzalez', 'nlozano611', 'ss728', 'mc.holguin', 'jc.sanchez16', 'jcbuitragoa1', 'jerryomygod', 'tosaleal', 'diegofelipe.martinezvalencia', 'jele1097', 'mafetatr', 'sebastianmolano1708', 'jairitronmanzano777', 'sebastianbeto2015', 'armandosernasc', 'juannangara', 'nicolas.jimenez.perez.lopez', 'atru000', 'izuletaelles', 'dmartinezcu', 'cesar310', 'gutigutiz2000', 'basica2020', None, 'aiskel178', 'karlafernanda2524', 'jchavezmass', 'gf.gonzalez', 'brayanhernan8', 's.leonaviles152915', 'jpcdecolombia', 'anfedepe', 'ca.espitiaa0516', 'npava55', 'pipefe1212', 'martindanielrm15', 'tomasrubiano', 'jaimesariasmjose']"
48,109,22,29,21,"['wsequeda', 'juan.yate.alcala', 'sergio.gomez', 'jaimesariasmjose', 'sebuchaspinzon', 'alizarazo1204', 'danielalejandro133', 'kevingonzalez', 'ss728', 'mafetatr', 'sebastianmolano1708', 'armandosernasc', 'dmartinezcu', 'cesar310', 'karlafernanda2524', 'jchavezmass', 'gf.gonzalez', 's.leonaviles152915', 'jpcdecolombia', 'martindanielrm15', 'lgamba56']",0,[],8,"['jdiego1216', 'juannangara', 'archboldalan', 'julieth.pch', 'cristiandvm1999', 'mmerchs11', 'dafersa2000', None]",29,"['wsequeda', 'sergio.gomez', 'juan.yate.alcala', 'sebuchaspinzon', 'julieth.pch', 'lgamba56', 'alizarazo1204', 'dafersa2000', 'danielalejandro133', 'kevingonzalez', 'ss728', 'mafetatr', 'sebastianmolano1708', 'armandosernasc', 'jdiego1216', 'juannangara', 'archboldalan', 'dmartinezcu', 'cesar310', None, 'karlafernanda2524', 'jchavezmass', 'gf.gonzalez', 's.leonaviles152915', 'cristiandvm1999', 'jpcdecolombia', 'mmerchs11', 'martindanielrm15', 'jaimesariasmjose']"
48,346,22,24,19,"['juan.yate.alcala', 'sergio.gomez', 'sebuchaspinzon', 'lgamba56', 'alizarazo1204', 'danielalejandro133', 'kevingonzalez', 'ss728', 'mafetatr', 'sebastianmolano1708', 'dmartinezcu', 'cesar310', 'karlafernanda2524', 'jchavezmass', 'gf.gonzalez', 's.leonaviles152915', 'jpcdecolombia', 'martindanielrm15', 'jaimesariasmjose']",2,"['armandosernasc', 'wsequeda']",5,"['victormanuelleru', 'snowartz7', 'jd.parada', 'dmmr2617', None]",26,"['wsequeda', 'sergio.gomez', 'juan.yate.alcala', 'sebuchaspinzon', 'lgamba56', 'alizarazo1204', 'snowartz7', 'danielalejandro133', 'victormanuelleru', 'kevingonzalez', 'ss728', 'dmmr2617', 'mafetatr', 'sebastianmolano1708', 'armandosernasc', 'dmartinezcu', 'cesar310', None, 'karlafernanda2524', 'jchavezmass', 'gf.gonzalez', 's.leonaviles152915', 'jpcdecolombia', 'jd.parada', 'martindanielrm15', 'jaimesariasmjose']"
48,110,22,6,1,['dmartinezcu'],20,"['wsequeda', 'juan.yate.alcala', 'sergio.gomez', 'jaimesariasmjose', 'sebuchaspinzon', 'alizarazo1204', 'danielalejandro133', 'kevingonzalez', 'ss728', 'mafetatr', 'sebastianmolano1708', 'armandosernasc', 'cesar310', 'karlafernanda2524', 'jchavezmass', 'gf.gonzalez', 's.leonaviles152915', 'jpcdecolombia', 'martindanielrm15', 'lgamba56']",5,"['juannangara', 'jalexcs6', 'julieth.pch', 'gutigutiz2000', None]",26,"['wsequeda', 'armandosernasc', 'martindanielrm15', 'juannangara', 'sergio.gomez', 'juan.yate.alcala', 'jaimesariasmjose', 'jalexcs6', 'sebuchaspinzon', 'julieth.pch', 'alizarazo1204', 'dmartinezcu', 'cesar310', 'gutigutiz2000', None, 'danielalejandro133', 'karlafernanda2524', 'kevingonzalez', 'jchavezmass', 'ss728', 'gf.gonzalez', 's.leonaviles152915', 'jpcdecolombia', 'mafetatr', 'sebastianmolano1708', 'lgamba56']"
49,383,22,30,9,"['wellpast', 'berkin1689', 'sercankerpisci26', 'eliffsu.koc', 'jrspike', 'gabriele.scarpiello', 'mcychan', 'sercankerpisci', 'fanluzhang.au']",12,"['deniz000999', 'd.k.bozkurt', 'yugao1147', 'varansamet', 'canersokat', 'brknshn', 'efecanturkmen', 'afaiello', 'muvafikmelikkaya', 'emrullahzubeyr', 'engin_ulgerr', 'o.erdogan5494']",21,"['mustafaozer', 'fdirisaglik', 'kubra1234880', 'emre.ibil', 'osmanesat', 'mertcan.bayindir', 'hga', 'harundvc', 'sefakahriman77', 'ismail.bikmazi', 'mstmst', 'mohamed33', 'hakkierkankygsz', 'georgeckchen', None, 'm.emreoruc', 'bozkurtyunusemre61', 'abusobit', 'farhia33', 'zhang389', 'bnazkaymaz']",42,"['deniz000999', 'mustafaozer', 'd.k.bozkurt', 'yugao1147', 'muvafikmelikkaya', 'fdirisaglik', 'emrullahzubeyr', 'wellpast', 'kubra1234880', 'emre.ibil', 'brknshn', 'osmanesat', 'efecanturkmen', 'gabriele.scarpiello', 'afaiello', 'mertcan.bayindir', 'hga', 'engin_ulgerr', 'o.erdogan5494', 'berkin1689', 'harundvc', 'sefakahriman77', 'jrspike', 'ismail.bikmazi', 'mcychan', 'sercankerpisci', 'mstmst', 'mohamed33', 'hakkierkankygsz', None, 'georgeckchen', 'varansamet', 'canersokat', 'm.emreoruc', 'bozkurtyunusemre61', 'sercankerpisci26', 'abusobit', 'eliffsu.koc', 'farhia33', 'zhang389', 'bnazkaymaz', 'fanluzhang.au']"
49,384,22,29,4,"['berkin1689', 'engin_ulgerr', 'varansamet', 'muvafikmelikkaya']",17,"['deniz000999', 'wellpast', 'd.k.bozkurt', 'yugao1147', 'canersokat', 'brknshn', 'sercankerpisci26', 'efecanturkmen', 'gabriele.scarpiello', 'afaiello', 'jrspike', 'eliffsu.koc', 'mcychan', 'emrullahzubeyr', 'sercankerpisci', 'fanluzhang.au', 'o.erdogan5494']",25,"['blus07', 'duldul', 'burcakguner98', 'fdirisaglik', 'nsener45', 'engfersoy', 'gulsakadioglu', 'khanoz', 'mertcan.bayindir', 'kutluhanucar1997', 'hga', '1998fuci', 'mcan.ozata', 'hcaslan7', 'thel0rd59', 'sefakahriman77', 'ismail.bikmazi', 'isikk.alperen', 'hakkierkankygsz', None, 'kronder77', 'bozkurtyunusemre61', 'farhia33', 'bnazkaymaz', 'raiserwarrior']",46,"['deniz000999', 'd.k.bozkurt', 'yugao1147', 'blus07', 'duldul', 'muvafikmelikkaya', 'burcakguner98', 'fdirisaglik', 'emrullahzubeyr', 'wellpast', 'nsener45', 'engfersoy', 'gulsakadioglu', 'brknshn', 'efecanturkmen', 'gabriele.scarpiello', 'afaiello', 'khanoz', 'mertcan.bayindir', 'kutluhanucar1997', 'hga', 'engin_ulgerr', 'o.erdogan5494', 'berkin1689', '1998fuci', 'mcan.ozata', 'hcaslan7', 'thel0rd59', 'sefakahriman77', 'jrspike', 'ismail.bikmazi', 'mcychan', 'isikk.alperen', 'sercankerpisci', 'hakkierkankygsz', None, 'varansamet', 'canersokat', 'kronder77', 'bozkurtyunusemre61', 'sercankerpisci26', 'eliffsu.koc', 'farhia33', 'bnazkaymaz', 'fanluzhang.au', 'raiserwarrior']"
49,385,22,22,11,"['deniz000999', 'wellpast', 'berkin1689', 'd.k.bozkurt', 'canersokat', 'efecanturkmen', 'jrspike', 'eliffsu.koc', 'mcychan', 'emrullahzubeyr', 'o.erdogan5494']",10,"['yugao1147', 'varansamet', 'brknshn', 'sercankerpisci26', 'afaiello', 'gabriele.scarpiello', 'muvafikmelikkaya', 'sercankerpisci', 'fanluzhang.au', 'engin_ulgerr']",11,"['yeyusuf1', 'mertyamanoglu', 'osmanesat', 'georgeckchen', 'zhang389', 'leekesem', 'sabintandukar', 'mstmst', 'samo92', None, 'raiserwarrior']",32,"['deniz000999', 'd.k.bozkurt', 'yugao1147', 'muvafikmelikkaya', 'emrullahzubeyr', 'samo92', 'wellpast', 'brknshn', 'osmanesat', 'efecanturkmen', 'gabriele.scarpiello', 'afaiello', 'leekesem', 'engin_ulgerr', 'o.erdogan5494', 'berkin1689', 'mertyamanoglu', 'jrspike', 'mcychan', 'sercankerpisci', 'mstmst', None, 'georgeckchen', 'yeyusuf1', 'varansamet', 'canersokat', 'sercankerpisci26', 'eliffsu.koc', 'zhang389', 'sabintandukar', 'fanluzhang.au', 'raiserwarrior']"
49,350,22,16,9,"['deniz000999', 'wellpast', 'berkin1689', 'canersokat', 'varansamet', 'efecanturkmen', 'eliffsu.koc', 'muvafikmelikkaya', 'engin_ulgerr']",12,"['d.k.bozkurt', 'yugao1147', 'brknshn', 'sercankerpisci26', 'gabriele.scarpiello', 'afaiello', 'jrspike', 'mcychan', 'emrullahzubeyr', 'sercankerpisci', 'fanluzhang.au', 'o.erdogan5494']",7,"['bozkurtyunusemre61', 'alperergulll1', 'osmanesat', 'berktug', 'arthuryalvac044', None, 'raiserwarrior']",28,"['deniz000999', 'berkin1689', 'd.k.bozkurt', 'yugao1147', 'alperergulll1', 'jrspike', 'muvafikmelikkaya', 'mcychan', 'emrullahzubeyr', 'sercankerpisci', None, 'wellpast', 'varansamet', 'canersokat', 'bozkurtyunusemre61', 'brknshn', 'sercankerpisci26', 'osmanesat', 'efecanturkmen', 'gabriele.scarpiello', 'afaiello', 'eliffsu.koc', 'berktug', 'arthuryalvac044', 'fanluzhang.au', 'engin_ulgerr', 'raiserwarrior', 'o.erdogan5494']"
49,386,22,12,2,"['d.k.bozkurt', 'o.erdogan5494']",19,"['deniz000999', 'yugao1147', 'muvafikmelikkaya', 'emrullahzubeyr', 'wellpast', 'brknshn', 'efecanturkmen', 'gabriele.scarpiello', 'afaiello', 'engin_ulgerr', 'berkin1689', 'jrspike', 'mcychan', 'sercankerpisci', 'varansamet', 'canersokat', 'sercankerpisci26', 'eliffsu.koc', 'fanluzhang.au']",10,"['kasimyasinozveren', 'sabriagus26', 'burcakguner98', 'zfurkanyldz', 'cagatayc06', 'mstmst', 'samo92', None, 'raiserwarrior', 'ulkubaladin']",31,"['deniz000999', 'berkin1689', 'd.k.bozkurt', 'yugao1147', 'jrspike', 'muvafikmelikkaya', 'burcakguner98', 'mcychan', 'emrullahzubeyr', 'sercankerpisci', 'mstmst', 'samo92', None, 'wellpast', 'varansamet', 'canersokat', 'brknshn', 'sabriagus26', 'sercankerpisci26', 'efecanturkmen', 'gabriele.scarpiello', 'afaiello', 'eliffsu.koc', 'zfurkanyldz', 'cagatayc06', 'fanluzhang.au', 'engin_ulgerr', 'kasimyasinozveren', 'raiserwarrior', 'ulkubaladin', 'o.erdogan5494']"
49,349,22,11,4,"['deniz000999', 'wellpast', 'berkin1689', 'sercankerpisci']",17,"['d.k.bozkurt', 'yugao1147', 'varansamet', 'canersokat', 'brknshn', 'sercankerpisci26', 'efecanturkmen', 'gabriele.scarpiello', 'muvafikmelikkaya', 'afaiello', 'jrspike', 'eliffsu.koc', 'mcychan', 'emrullahzubeyr', 'fanluzhang.au', 'engin_ulgerr', 'o.erdogan5494']",7,"['kubra1234880', 'emre.ibil', 'm.emreoruc', 'farhia33', 'mohamed33', 'hakkierkankygsz', None]",28,"['deniz000999', 'berkin1689', 'd.k.bozkurt', 'yugao1147', 'jrspike', 'muvafikmelikkaya', 'mcychan', 'emrullahzubeyr', 'sercankerpisci', 'mohamed33', 'hakkierkankygsz', None, 'wellpast', 'varansamet', 'canersokat', 'kubra1234880', 'm.emreoruc', 'brknshn', 'emre.ibil', 'sercankerpisci26', 'efecanturkmen', 'gabriele.scarpiello', 'afaiello', 'eliffsu.koc', 'farhia33', 'fanluzhang.au', 'engin_ulgerr', 'o.erdogan5494']"
49,351,22,8,3,"['d.k.bozkurt', 'efecanturkmen', 'o.erdogan5494']",18,"['deniz000999', 'wellpast', 'berkin1689', 'yugao1147', 'varansamet', 'canersokat', 'brknshn', 'sercankerpisci26', 'eliffsu.koc', 'gabriele.scarpiello', 'muvafikmelikkaya', 'afaiello', 'jrspike', 'mcychan', 'emrullahzubeyr', 'sercankerpisci', 'fanluzhang.au', 'engin_ulgerr']",5,"['osmanesat', 'mstmst', 'samo92', None, 'raiserwarrior']",26,"['deniz000999', 'berkin1689', 'd.k.bozkurt', 'yugao1147', 'jrspike', 'muvafikmelikkaya', 'mcychan', 'emrullahzubeyr', 'sercankerpisci', 'mstmst', 'samo92', None, 'wellpast', 'varansamet', 'canersokat', 'brknshn', 'sercankerpisci26', 'osmanesat', 'efecanturkmen', 'gabriele.scarpiello', 'afaiello', 'eliffsu.koc', 'fanluzhang.au', 'engin_ulgerr', 'raiserwarrior', 'o.erdogan5494']"
50,322,21,9,8,"['scortez1', 'ewmorgan', 'ffdarweesh', 'cmparks', 'falkaabi1', 'bbwood', 'maherman', 'jcmartinez1']",12,"['cmontoya10', 'ahernandez256', 'grewal_rasminder13', 'kgestrada', 'chancemccreery', 'jdprieger', 'xiong100', 'grpatterson', 'ibrahim17', 'rblindgren', 'jmccreery1', 'lealbarran']",1,[None],21,"['ewmorgan', 'grewal_rasminder13', 'kgestrada', 'ffdarweesh', 'cmparks', 'falkaabi1', 'maherman', 'grpatterson', None, 'jmccreery1', 'lealbarran', 'cmontoya10', 'ahernandez256', 'ibrahim17', 'scortez1', 'chancemccreery', 'jdprieger', 'bbwood', 'jcmartinez1', 'rblindgren', 'xiong100']"
50,321,21,7,6,"['cmontoya10', 'grewal_rasminder13', 'chancemccreery', 'kgestrada', 'ibrahim17', 'jmccreery1']",14,"['scortez1', 'ahernandez256', 'ewmorgan', 'ffdarweesh', 'cmparks', 'jdprieger', 'bbwood', 'xiong100', 'maherman', 'falkaabi1', 'grpatterson', 'jcmartinez1', 'rblindgren', 'lealbarran']",1,[None],21,"['ewmorgan', 'grewal_rasminder13', 'kgestrada', 'ffdarweesh', 'cmparks', 'falkaabi1', 'maherman', 'grpatterson', None, 'jmccreery1', 'lealbarran', 'cmontoya10', 'ahernandez256', 'ibrahim17', 'scortez1', 'chancemccreery', 'jdprieger', 'bbwood', 'jcmartinez1', 'rblindgren', 'xiong100']"
51,53,21,14,12,"['jrwv8w', 'josmil733', 'tnlz85', 'rmc', 'sfcfh3', 'efbmm', 'rjmwc6', 'kmh7t4', 'tdn84d', 'jlcph8', 'zlmz9', 'rm8wf']",8,"['cuchulainintaiwan', 'shweta.khanna04', 'johannespernaa', 'vinylgefluester', 'physicist.na', 'jlcbw9', 'atzn2', 'sburke98']",2,"['ullrichc', None]",22,"['cuchulainintaiwan', 'shweta.khanna04', 'johannespernaa', 'jrwv8w', 'vinylgefluester', 'zlmz9', 'tnlz85', 'physicist.na', 'rmc', 'sfcfh3', 'sburke98', 'atzn2', 'kmh7t4', 'jlcbw9', None, 'rm8wf', 'josmil733', 'efbmm', 'tdn84d', 'jlcph8', 'ullrichc', 'rjmwc6']"
52,54,21,19,16,"['engr.saleh88', 'faisalsaeed19060005', 'abdurraheem299', 'salmanaamir', 'aliraza393', 'mueedulhaqkamboh98', 'l154444', 'ushahid5', 'azmeerz13', 'arooma15', 'muhammadaffan540', 'mariakaleem4', 'abdulraheem', 'syedaqib947', 'alihussain.alee', 'hamra6']",4,"['maira.farman.15', 'wasiraj', 'asad.idrees895', 'omerhussain.1694']",3,"['zamen', 'mrk804', None]",23,"['faisalsaeed19060005', 'salmanaamir', 'wasiraj', 'hamra6', 'maira.farman.15', 'ushahid5', 'muhammadaffan540', 'zamen', 'l154444', 'asad.idrees895', 'abdurraheem299', 'aliraza393', 'azmeerz13', 'mueedulhaqkamboh98', 'mariakaleem4', 'syedaqib947', 'abdulraheem', 'alihussain.alee', 'mrk804', None, 'engr.saleh88', 'arooma15', 'omerhussain.1694']"
52,55,21,17,12,"['faisalsaeed19060005', 'abdurraheem299', 'aliraza393', 'mueedulhaqkamboh98', 'azmeerz13', 'ushahid5', 'mariakaleem4', 'muhammadaffan540', 'syedaqib947', 'omerhussain.1694', 'hamra6', 'l154444']",8,"['maira.farman.15', 'asad.idrees895', 'salmanaamir', 'arooma15', 'wasiraj', 'abdulraheem', 'alihussain.alee', 'engr.saleh88']",5,"['ahmedchaudhary4', 'iamhasanjamil', 'zaman', 'zamen', None]",25,"['faisalsaeed19060005', 'asad.idrees895', 'abdurraheem299', 'salmanaamir', 'aliraza393', 'azmeerz13', 'mueedulhaqkamboh98', 'wasiraj', 'mariakaleem4', 'iamhasanjamil', 'syedaqib947', 'abdulraheem', 'zaman', 'alihussain.alee', None, 'hamra6', 'engr.saleh88', 'maira.farman.15', 'ahmedchaudhary4', 'arooma15', 'ushahid5', 'muhammadaffan540', 'omerhussain.1694', 'zamen', 'l154444']"
53,281,20,85,5,"['jesuarezl', 'shah151', 'rituraj1490', 'zhan3800', 'uemir']",14,"['ac2733', 'ywlum', 'qiaomiao', 'akbarkgp', 'd.t.yimam1', 'xz6455', 'prostam', 'akvalohs', 'wuqishe1', 'bessenba', 'dlsands10', 'cami.strachan', 'andreyrybak', 'jhorwath']",80,"['vostwal', 'kelsayed', 'zhan2395', 'wangjourney7', 'lee3489', 'smatsun', 'vudayamo', 'brajabif', 'vrayz', 'elacr', 'julien419', 'wang4142', 'bgunder', 'huang670', 'ssidhard', 'gomez110', 'pavlos.vlachos', 'fionayjx27', 'kpardika', 'yang1908', 'egrubbs', 'englanc', 'uabdulla4', 'savetian', 'xue76', 'pkolis', 'vkoranne', 'idoh', 'jiema1202', 'gshao', 'rituraj346', 'hu589', 'myildiri', 'srrohit7', 'cmenden', 'paulmather', 'agondima', 'cgkartzo', 'desai61', 'qin132', 'sun530', 'ayermemb', 'zhan2748', 'wu801', 'oerturk', 'ahmad31', 'xixilegend', 'mcdona20', 'pdhillon', 'kuhn48', 'ocegueda', 'palani', 'kabdelaz', 'hvr', 'missahaq', 'ganti', 'uditrawat469', 'mcclurez', 'lrajendr', 'aveekdutta', 'henry01234567', 'avasiukh', 'jverduzc', 'zhan3736', 'garlic0923', None, 'priyatham.t', 'ktadesse', 'eantwiag', 'caseya', 'ayildiri', 'qiuchenzhai', 'silapaku', 'petrosky', 'odonne33', 'adhikarp', 'zhangwy2016', 'ardekani', 'pravi', 'erich1016']",99,"['vostwal', 'kelsayed', 'zhan2395', 'wangjourney7', 'd.t.yimam1', 'jesuarezl', 'lee3489', 'smatsun', 'vudayamo', 'brajabif', 'vrayz', 'elacr', 'julien419', 'wang4142', 'bgunder', 'huang670', 'ssidhard', 'gomez110', 'pavlos.vlachos', 'akvalohs', 'fionayjx27', 'kpardika', 'dlsands10', 'yang1908', 'egrubbs', 'englanc', 'uabdulla4', 'savetian', 'xue76', 'rituraj1490', 'pkolis', 'zhan3800', 'vkoranne', 'idoh', 'jiema1202', 'wuqishe1', 'bessenba', 'gshao', 'rituraj346', 'hu589', 'myildiri', 'srrohit7', 'xz6455', 'cmenden', 'paulmather', 'prostam', 'agondima', 'cgkartzo', 'andreyrybak', 'desai61', 'qin132', 'ywlum', 'qiaomiao', 'sun530', 'ayermemb', 'zhan2748', 'wu801', 'oerturk', 'ahmad31', 'xixilegend', 'mcdona20', 'pdhillon', 'kuhn48', 'ocegueda', 'palani', 'kabdelaz', 'hvr', 'missahaq', 'ganti', 'uditrawat469', 'mcclurez', 'lrajendr', 'aveekdutta', 'henry01234567', 'avasiukh', 'jverduzc', 'zhan3736', 'garlic0923', 'cami.strachan', 'uemir', None, 'priyatham.t', 'jhorwath', 'ktadesse', 'eantwiag', 'ac2733', 'akbarkgp', 'caseya', 'ayildiri', 'qiuchenzhai', 'shah151', 'silapaku', 'petrosky', 'odonne33', 'adhikarp', 'zhangwy2016', 'ardekani', 'pravi', 'erich1016']"
53,282,20,20,1,['cami.strachan'],18,"['ac2733', 'ywlum', 'qiaomiao', 'akbarkgp', 'd.t.yimam1', 'jesuarezl', 'shah151', 'xz6455', 'rituraj1490', 'zhan3800', 'prostam', 'akvalohs', 'wuqishe1', 'bessenba', 'dlsands10', 'uemir', 'andreyrybak', 'jhorwath']",19,"['strachan', 'davidjohnson', 'hamed0', 'tmarconi', 'pjbrumm', 'geakins', 'baega21', 'usarwar', 'sdabiris', 'gzherui', 'wyss', 'azareei', 'kstirrup', 'rderakhs7', 'aahmadza', None, 'okurtulu', 'chen220', 'tkonstan']",38,"['strachan', 'ywlum', 'qiaomiao', 'davidjohnson', 'd.t.yimam1', 'jesuarezl', 'hamed0', 'tmarconi', 'pjbrumm', 'geakins', 'akvalohs', 'baega21', 'usarwar', 'dlsands10', 'sdabiris', 'gzherui', 'wyss', 'azareei', 'rituraj1490', 'zhan3800', 'kstirrup', 'wuqishe1', 'bessenba', 'cami.strachan', 'rderakhs7', 'uemir', 'aahmadza', None, 'jhorwath', 'ac2733', 'akbarkgp', 'shah151', 'xz6455', 'okurtulu', 'prostam', 'chen220', 'andreyrybak', 'tkonstan']"
54,340,20,21,18,"['rlagufla43', 'yunjae0487', 'docjin2514', 'twinklny', 'syaiden86', 'heungu78056', 'jaehyeonko112', 'susia819', 'itsmyname12', 'yourhi27', 'hongjooos', 'choibhee11', 'linyouxie', 'khj880603', 'hurissal', 'krchoi', 'icaruskjh', 'yoojoonsik']",1,['hansdampf'],3,"[None, 'hyeongulee', 'hklee5940']",22,"['docjin2514', 'hansdampf', 'khj880603', 'hyeongulee', 'twinklny', 'heungu78056', 'susia819', 'yourhi27', 'krchoi', 'yoojoonsik', 'rlagufla43', 'yunjae0487', 'hongjooos', 'choibhee11', 'linyouxie', 'hurissal', None, 'icaruskjh', 'syaiden86', 'hklee5940', 'itsmyname12', 'jaehyeonko112']"
55,104,20,236,2,"['kweidem', 'maderm']",17,"['rakoskr6', 'lucasmah44', 'aksamija', 'hl13', 'olugbenga82', 'jdiego1216', 'brutongaster', 'guicx', 'nconkli1', 'pdethlef', 'swapnendu99', 'cristiandvm1999', 'albert7', 'jpauls1', 'mgallagher3712', 'zpremack', 'frank.a.tiernan']",234,"['mart1380', 'wisler0', 'jmickow', 'selkin', 'mbraner', 'jaloi', 'cdtorres', 'lowe77.purdue', 'cregers', 'engc', 'spear9', 'dmassow', 'abelkiew', 'jin376', 'lee2614', 'jdumblet', 'etitheyeti98', 'rumplem', 'mcginn1', 'mohdshah', 'tl0120', 'bcaffert', 'ccurto', 'amcgoff', 'smit3177', 'freyg', 'dkuen', 'suixiong8', 'butchko', 'pillai7', 'mohanc', 'chen2122', 'xing36', 'zubik', 'ewilhite', 'bpolinsk', 'chung189', 'rweedon', 'abosshar', 'gupta393', 'rasato', 'mpisoni', 'efeldman', 'cmenden', 'eashburn', 'richg', 'payne71', 'awoodwa', 'yshousha', 'msulaima', 'kvansan', 'cccyyj720', 'reweedon', 'ckeiper', 'edreifue', 'jmacatan', 'lawrencr', 'chao26', 'klipiszk', 'strachan', 'kinserc', 'dangratz99', 'cheeseballs99', 'harri670', 'gcesar', 'deane1', 'apanuga', 'ftangpoo', 'daviskahmann', 'justindcambridge', 'mmohdzai', 'tglavan', 'iyengar1', 'hschennu', 'gjensen', 'ctow', 'adams410', 'ceckstein922', 'tdarmon20', 'atruver', 'nhuntine', 'abhilash.bora97', 'ellis99', 'agrillo', 'nail', 'kozelr', 'xul9044', 'natoli0', 'aperitor', 'bowman96', 'stapletl', 'mart1391', 'rdesmond', 'woo49', 'jess24', 'terry51', None, 'kiefern', 'jiang655', 'smit3184', 'butzz', 'mcurto', 'benbcasler', 'reasato', 'dkuenzel1', 'brewer66', 'hopkin43', 'hill399', 'mtbarrette01', 'bkeel', 'yang1865', 'cvasq69', 'akick', 'rturk8292', 'ydichenk', 'malhamm', 'mynameisjohn', 'wonhyukdo', 'lyanni', 'kumar212', 'sedgerto', 'growsell', 'pickera', 'slillig', 'mfess', 'richtern', 'mmshank16', 'lmackin', 'jboulayd', 'stockb', 'flore170', 'shank8', 'bgrandst', 'ellingtj', 'gleasonb', 'mtrivell', 'gnishibu', 'glevine', 'choi333', 'li3604', 'allnic21', 'behrr', 'ghosh36', 'stark22', 'lm45000', 'anniebreidinger', 'bwitchie', 'ander754', 'davidrgowan', 'jeigenbr', 'peck28', 'aleidli', 'rhinesj', 'hsmoke', 'kocher1', 'yeungd', 'osantang', 'racroth35', 'singer15', 'heidi.hansen33', 'jhulsize', 'tnoor', 'saboa', 'elikroller', 'ali113', 'eloewe', 'jbuehrle', 'dewittl', 'mudd3', 'nfei', 'daveguo614', 'zhao988', 'schuman1', 'aaprelik', 'torreschr', 'everbru', 'abano', 'nathanbaker3889', 'jlorah', 'chiang56', 'shethm', 'srothsch', 'xose.amo', 'eponsdel', 'lthursto', 'siu2', 'deshmukp', 'jnasiboov', 'ltoy', 'schro118', 'li2722', 'sgrzych', 'acemagna', 'bamorim', 'lauerc', 'dixon82', 'emarches', 'egarayev', 'awennin', 'hamel0', 'wang3138', 'li2709', 'verma52', 'zhan2846', 'bullock8', 'mill2119', 'white559', 'shoafn', 'hillej', 'amoravec', 'george92', 'alotaib6', 'costel10', 'yount', 'jfitzhu', 'colewilloughby1125', 'dlarocco', 'marito', 'tpownell', 'mishra94', 'lrigsbee', 'eashanpsn', 'goodma27', 'uuraechu', 'adamdmiller17', 'liu2512', 'kbebris', 'ecave', 'vkolar', 'rollere', 'ross217', '17scotta', 'dragoneye', 'kzeligso']",253,"['mart1380', 'wisler0', 'jmickow', 'selkin', 'mbraner', 'jaloi', 'cdtorres', 'lowe77.purdue', 'cregers', 'engc', 'swapnendu99', 'spear9', 'dmassow', 'abelkiew', 'jin376', 'lee2614', 'jdumblet', 'etitheyeti98', 'rumplem', 'dragoneye', 'mohdshah', 'tl0120', 'bcaffert', 'ccurto', 'rakoskr6', 'amcgoff', 'smit3177', 'freyg', 'dkuen', 'suixiong8', 'butchko', 'pillai7', 'mohanc', 'chen2122', 'xing36', 'zubik', 'ewilhite', 'bpolinsk', 'chung189', 'rweedon', 'abosshar', 'gupta393', 'rasato', 'mpisoni', 'efeldman', 'cmenden', 'eashburn', 'richg', 'payne71', 'awoodwa', 'cristiandvm1999', 'albert7', 'yshousha', 'msulaima', 'kvansan', 'cccyyj720', 'reweedon', 'ckeiper', 'edreifue', 'mgallagher3712', 'jmacatan', 'lawrencr', 'chao26', 'klipiszk', 'strachan', 'kinserc', 'aksamija', 'dangratz99', 'harri670', 'gcesar', 'deane1', 'apanuga', 'ftangpoo', 'daviskahmann', 'justindcambridge', 'mmohdzai', 'tglavan', 'iyengar1', 'hschennu', 'olugbenga82', 'gjensen', 'ctow', 'adams410', 'ceckstein922', 'tdarmon20', 'atruver', 'nhuntine', 'abhilash.bora97', 'ellis99', 'agrillo', 'nail', 'kozelr', 'xul9044', 'natoli0', 'aperitor', 'bowman96', 'stapletl', 'mart1391', 'rdesmond', 'woo49', 'jess24', 'terry51', None, 'kiefern', 'jiang655', 'smit3184', 'butzz', 'mcurto', 'benbcasler', 'pdethlef', 'reasato', 'dkuenzel1', 'brewer66', 'hopkin43', 'hill399', 'mtbarrette01', 'bkeel', 'yang1865', 'cvasq69', 'akick', 'rturk8292', 'ydichenk', 'nconkli1', 'malhamm', 'mynameisjohn', 'wonhyukdo', 'lyanni', 'kumar212', 'sedgerto', 'growsell', 'pickera', 'slillig', 'mfess', 'richtern', 'mmshank16', 'lmackin', 'jboulayd', 'stockb', 'flore170', 'shank8', 'bgrandst', 'ellingtj', 'gleasonb', 'mtrivell', 'gnishibu', 'glevine', 'choi333', 'li3604', 'allnic21', 'behrr', 'ghosh36', 'jdiego1216', 'stark22', 'brutongaster', 'lm45000', 'anniebreidinger', 'bwitchie', 'ander754', 'davidrgowan', 'maderm', 'jeigenbr', 'peck28', 'aleidli', 'rhinesj', 'hsmoke', 'frank.a.tiernan', 'kocher1', 'yeungd', 'osantang', 'cheeseballs99', 'racroth35', 'singer15', 'heidi.hansen33', 'jhulsize', 'tnoor', 'saboa', 'elikroller', 'ali113', 'eloewe', 'jbuehrle', 'dewittl', 'mudd3', 'jpauls1', 'nfei', 'kweidem', 'zpremack', 'daveguo614', 'zhao988', 'schuman1', 'aaprelik', 'hl13', 'torreschr', 'everbru', 'abano', 'nathanbaker3889', 'jlorah', 'chiang56', 'shethm', 'srothsch', 'xose.amo', 'eponsdel', 'lthursto', 'siu2', 'deshmukp', 'jnasiboov', 'lucasmah44', 'ltoy', 'schro118', 'li2722', 'sgrzych', 'acemagna', 'bamorim', 'lauerc', 'dixon82', 'emarches', 'egarayev', 'awennin', 'hamel0', 'wang3138', 'li2709', 'verma52', 'zhan2846', 'bullock8', 'mill2119', 'white559', 'shoafn', 'hillej', 'amoravec', 'george92', 'alotaib6', 'costel10', 'yount', 'jfitzhu', 'colewilloughby1125', 'dlarocco', 'marito', 'guicx', 'tpownell', 'mishra94', 'lrigsbee', 'eashanpsn', 'goodma27', 'uuraechu', 'adamdmiller17', 'liu2512', 'kbebris', 'ecave', 'vkolar', 'rollere', 'ross217', '17scotta', 'mcginn1', 'kzeligso']"
55,119,20,69,2,"['kweidem', 'maderm']",17,"['rakoskr6', 'lucasmah44', 'aksamija', 'hl13', 'olugbenga82', 'jdiego1216', 'brutongaster', 'guicx', 'nconkli1', 'pdethlef', 'swapnendu99', 'cristiandvm1999', 'albert7', 'jpauls1', 'mgallagher3712', 'zpremack', 'frank.a.tiernan']",67,"['kinserc', 'abano', 'everbru', 'cdtorres', 'cregers', 'deane1', 'gao499', 'apanuga', 'ftangpoo', 'mynameisjohn', 'xose.amo', 'gray244', 'jin376', 'sedgerto', 'iyengar1', 'wertzm', 'etitheyeti98', 'mfess', 'abhalcha', 'hschennu', 'schro118', 'richtern', 'mmshank16', 'jo46', 'sgrzych', 'bamorim', 'lauerc', 'mcginn1', 'mohdshah', 'li2709', 'nhuntine', 'bgrandst', 'bullock8', 'mill2119', 'aperitor', 'ccurto', 'reweedon', 'costel10', 'jfitzhu', 'stapletl', 'mart1391', 'marito', 'suixiong8', 'butchko', 'mohanc', 'sanjiv3damo', 'tpownell', 'anniebreidinger', 'lawrencr', 'aleidli', None, 'zubik', 'bpolinsk', 'uuraechu', 'abosshar', 'rasato', 'efeldman', 'fergu101', 'rollere', 'awoodwa', 'cccyyj720', 'hill399', 'mudd3', 'nfei', 'kelingz117', 'dragoneye', 'kzeligso']",86,"['cdtorres', 'cregers', 'nconkli1', 'swapnendu99', 'mynameisjohn', 'jin376', 'sedgerto', 'etitheyeti98', 'mfess', 'abhalcha', 'richtern', 'mmshank16', 'jo46', 'mcginn1', 'mohdshah', 'bgrandst', 'ccurto', 'rakoskr6', 'jdiego1216', 'brutongaster', 'suixiong8', 'butchko', 'mohanc', 'anniebreidinger', 'maderm', 'aleidli', 'zubik', 'frank.a.tiernan', 'bpolinsk', 'abosshar', 'rasato', 'efeldman', 'awoodwa', 'cristiandvm1999', 'albert7', 'cccyyj720', 'mudd3', 'jpauls1', 'reweedon', 'kweidem', 'mgallagher3712', 'zpremack', 'lawrencr', 'kinserc', 'nfei', 'aksamija', 'hl13', 'abano', 'everbru', 'deane1', 'gao499', 'apanuga', 'ftangpoo', 'xose.amo', 'gray244', 'iyengar1', 'wertzm', 'lucasmah44', 'hschennu', 'schro118', 'sgrzych', 'olugbenga82', 'bamorim', 'lauerc', 'li2709', 'nhuntine', 'bullock8', 'mill2119', 'aperitor', 'costel10', 'jfitzhu', 'stapletl', 'mart1391', 'marito', 'sanjiv3damo', 'guicx', 'tpownell', None, 'uuraechu', 'fergu101', 'rollere', 'pdethlef', 'hill399', 'kelingz117', 'dragoneye', 'kzeligso']"
55,107,20,38,5,"['brutongaster', 'pdethlef', 'nconkli1', 'jpauls1', 'mgallagher3712']",14,"['rakoskr6', 'lucasmah44', 'aksamija', 'hl13', 'olugbenga82', 'jdiego1216', 'guicx', 'cristiandvm1999', 'swapnendu99', 'albert7', 'maderm', 'kweidem', 'zpremack', 'frank.a.tiernan']",33,"['michael.davidshofer', 'cjohns85', 'jhalsey3', 'kpastirk', 'ryanhaack04', 'mrossign', 'kdelawde', 'rogunjimi', 'kstrin01', 'cpuc', 'hdawes', 'obohorqu', 'sebastianczaja7', 'cscaring', 'pjhennessey24', 'gdavis12', 'cesarnr21', 'gzimmer', 'agarci33', 'jgiganti', 'bbode', None, 'jkuchler', 'wschaff1', 'tylereaslick', 'nkondrath', 'augustusbonacci55', 'mquinan1', 'smutkus', 'mclark47', 'renato.maritato', 'owenward', 'jcieslik']",52,"['michael.davidshofer', 'cjohns85', 'jcieslik', 'aksamija', 'hl13', 'kpastirk', 'jhalsey3', 'ryanhaack04', 'mrossign', 'nconkli1', 'swapnendu99', 'lucasmah44', 'olugbenga82', 'kdelawde', 'rogunjimi', 'kstrin01', 'cpuc', 'hdawes', 'obohorqu', 'sebastianczaja7', 'cscaring', 'pjhennessey24', 'rakoskr6', 'jdiego1216', 'brutongaster', 'gdavis12', 'cesarnr21', 'guicx', 'gzimmer', 'agarci33', 'maderm', 'jgiganti', 'bbode', None, 'jkuchler', 'frank.a.tiernan', 'mgallagher3712', 'wschaff1', 'tylereaslick', 'nkondrath', 'augustusbonacci55', 'pdethlef', 'cristiandvm1999', 'albert7', 'mquinan1', 'smutkus', 'mclark47', 'renato.maritato', 'jpauls1', 'owenward', 'kweidem', 'zpremack']"
55,102,20,34,3,"['jpauls1', 'mgallagher3712', 'nconkli1']",16,"['rakoskr6', 'lucasmah44', 'aksamija', 'hl13', 'olugbenga82', 'jdiego1216', 'brutongaster', 'guicx', 'pdethlef', 'cristiandvm1999', 'swapnendu99', 'albert7', 'maderm', 'kweidem', 'zpremack', 'frank.a.tiernan']",31,"['michael.davidshofer', 'cjohns85', 'jhalsey3', 'kpastirk', 'mrossign', 'kdelawde', 'rogunjimi', 'kstrin01', 'cpuc', 'hdawes', 'obohorqu', 'cscaring', 'pjhennessey24', 'jack.cieslik', 'gdavis12', 'cesarnr21', 'gzimmer', 'smourtza', 'agarci33', 'cpkaschalk', 'jgiganti', 'bbode', None, 'jkuchler', 'wschaff1', 'nkondrath', 'rmaritat', 'mquinan1', 'smutkus', 'mclark47', 'owenward']",50,"['michael.davidshofer', 'cjohns85', 'aksamija', 'hl13', 'kpastirk', 'jhalsey3', 'mrossign', 'nconkli1', 'swapnendu99', 'lucasmah44', 'olugbenga82', 'kdelawde', 'rogunjimi', 'kstrin01', 'cpuc', 'hdawes', 'obohorqu', 'cscaring', 'pjhennessey24', 'rakoskr6', 'jdiego1216', 'brutongaster', 'jack.cieslik', 'gdavis12', 'cesarnr21', 'guicx', 'gzimmer', 'smourtza', 'agarci33', 'cpkaschalk', 'maderm', 'jgiganti', 'bbode', None, 'jkuchler', 'frank.a.tiernan', 'mgallagher3712', 'wschaff1', 'nkondrath', 'pdethlef', 'rmaritat', 'cristiandvm1999', 'albert7', 'mquinan1', 'smutkus', 'mclark47', 'jpauls1', 'owenward', 'kweidem', 'zpremack']"
55,109,20,29,2,"['cristiandvm1999', 'jdiego1216']",17,"['rakoskr6', 'lucasmah44', 'aksamija', 'hl13', 'olugbenga82', 'kweidem', 'brutongaster', 'guicx', 'nconkli1', 'pdethlef', 'swapnendu99', 'albert7', 'maderm', 'jpauls1', 'mgallagher3712', 'zpremack', 'frank.a.tiernan']",27,"['wsequeda', 'juan.yate.alcala', 'sergio.gomez', 'jaimesariasmjose', 'sebuchaspinzon', 'julieth.pch', 'alizarazo1204', 'dafersa2000', 'danielalejandro133', 'kevingonzalez', 'ss728', 'mafetatr', 'sebastianmolano1708', 'armandosernasc', 'juannangara', 'archboldalan', 'cesar310', 'dmartinezcu', None, 'karlafernanda2524', 'jchavezmass', 'gf.gonzalez', 's.leonaviles152915', 'jpcdecolombia', 'mmerchs11', 'martindanielrm15', 'lgamba56']",46,"['wsequeda', 'aksamija', 'hl13', 'martindanielrm15', 'sergio.gomez', 'juan.yate.alcala', 'nconkli1', 'jaimesariasmjose', 'swapnendu99', 'sebuchaspinzon', 'julieth.pch', 'alizarazo1204', 'dafersa2000', 'danielalejandro133', 'lucasmah44', 'kevingonzalez', 'ss728', 'olugbenga82', 'mmerchs11', 'mafetatr', 'sebastianmolano1708', 'rakoskr6', 'armandosernasc', 'jdiego1216', 'juannangara', 'brutongaster', 'guicx', 'archboldalan', 'maderm', 'cesar310', 'dmartinezcu', None, 'frank.a.tiernan', 'mgallagher3712', 'karlafernanda2524', 'jchavezmass', 'gf.gonzalez', 's.leonaviles152915', 'pdethlef', 'cristiandvm1999', 'albert7', 'jpcdecolombia', 'jpauls1', 'kweidem', 'zpremack', 'lgamba56']"
55,108,20,16,5,"['lucasmah44', 'jdiego1216', 'albert7', 'maderm', 'frank.a.tiernan']",14,"['rakoskr6', 'aksamija', 'hl13', 'olugbenga82', 'kweidem', 'brutongaster', 'guicx', 'nconkli1', 'pdethlef', 'swapnendu99', 'cristiandvm1999', 'jpauls1', 'mgallagher3712', 'zpremack']",11,"['chriskorpics', 'rramos571', 'etitheyeti98', 'schro118', 'efeldman', 'jo46', 'shabnashreej', 'kfuria', 'nmakris', None, 'mcginn1']",30,"['rakoskr6', 'rramos571', 'aksamija', 'hl13', 'jdiego1216', 'kweidem', 'brutongaster', 'shabnashreej', 'guicx', 'nconkli1', 'kfuria', 'swapnendu99', 'maderm', None, 'frank.a.tiernan', 'chriskorpics', 'lucasmah44', 'etitheyeti98', 'schro118', 'olugbenga82', 'efeldman', 'jo46', 'pdethlef', 'cristiandvm1999', 'albert7', 'mcginn1', 'nmakris', 'jpauls1', 'mgallagher3712', 'zpremack']"
55,113,20,8,3,"['guicx', 'jdiego1216', 'olugbenga82']",16,"['rakoskr6', 'lucasmah44', 'aksamija', 'hl13', 'kweidem', 'brutongaster', 'pdethlef', 'nconkli1', 'cristiandvm1999', 'swapnendu99', 'albert7', 'maderm', 'jpauls1', 'mgallagher3712', 'zpremack', 'frank.a.tiernan']",5,"['etitheyeti98', 'efeldman', 'kfuria', None, 'mcginn1']",24,"['rakoskr6', 'aksamija', 'hl13', 'jdiego1216', 'kweidem', 'brutongaster', 'guicx', 'nconkli1', 'kfuria', 'swapnendu99', 'maderm', None, 'frank.a.tiernan', 'lucasmah44', 'etitheyeti98', 'olugbenga82', 'efeldman', 'pdethlef', 'cristiandvm1999', 'albert7', 'mcginn1', 'jpauls1', 'mgallagher3712', 'zpremack']"
56,3,20,10,8,"['alby94', 'corradini_allison', 'daniele.goldoni', 'allematt96', 'mato96', 'pyro', 'michaelcapo', 'albertomalferrari']",11,"['alex.aglietta', 'caprarilorenzo', 'daniel.loveless', 'giulioteti', 'salmagamal8880', 'gammaaaa1996', 'valentina.dipinto.7', 'gabrielerebecchi96', 'merlin_djoumessi', 'praetor', 'amirnabilhanna']",2,"['fesel_elias', None]",21,"['corradini_allison', 'salmagamal8880', 'mato96', 'michaelcapo', 'gabrielerebecchi96', 'merlin_djoumessi', 'albertomalferrari', 'praetor', None, 'alex.aglietta', 'caprarilorenzo', 'alby94', 'giulioteti', 'daniel.loveless', 'daniele.goldoni', 'gammaaaa1996', 'allematt96', 'fesel_elias', 'pyro', 'valentina.dipinto.7', 'amirnabilhanna']"
57,380,19,34,11,"['saivarshatedla', 'cheruu', 'vlnreddy', 'shaik123', 'ee18btech11021', 'mehar', 'aayushgoyal27', 'ee18btech11034', 'ee18btech11048', 'ee18btech11044', 'ee18btech11016']",7,"['dks2000', 'es17btech11024', 'tejaswinianagani75', 'ee18btech11050', 'sudeepv', 'ee18btech11006', 'varuni123']",23,"['pkrutikmehta', 'ee18btech11041', 'narendarr34', 'shreshta126', 'hrithikraj5', 'sathwikchaitanya', 'tejaswini_anagani', 'mounika.banothu2', 'ee18btech11026', 'ee18btech11004', 'tprashanth180', 'aashrith', 'ee17btech11001', 'berisowjanya205', 'kalyanidp123', 'rakesh1231', None, 'pi_stark', 'ee17btech11010', 'nagandlaravalika6', 'ee18btech11020', 'adithyavardhan', 'emani']",41,"['pkrutikmehta', 'ee18btech11041', 'narendarr34', 'shreshta126', 'hrithikraj5', 'sathwikchaitanya', 'tejaswini_anagani', 'ee18btech11048', 'mounika.banothu2', 'ee18btech11016', 'saivarshatedla', 'cheruu', 'ee18btech11026', 'ee18btech11004', 'tprashanth180', 'aashrith', 'shaik123', 'ee17btech11001', 'sudeepv', 'berisowjanya205', 'ee18btech11044', 'kalyanidp123', 'es17btech11024', 'ee18btech11021', 'ee18btech11050', 'mehar', 'aayushgoyal27', 'rakesh1231', 'ee18btech11034', 'ee18btech11006', 'varuni123', 'pi_stark', None, 'dks2000', 'ee17btech11010', 'nagandlaravalika6', 'vlnreddy', 'ee18btech11020', 'tejaswinianagani75', 'adithyavardhan', 'emani']"
57,348,19,28,18,"['saivarshatedla', 'dks2000', 'cheruu', 'vlnreddy', 'es17btech11024', 'tejaswinianagani75', 'shaik123', 'ee18btech11021', 'ee18btech11050', 'mehar', 'aayushgoyal27', 'sudeepv', 'ee18btech11034', 'ee18btech11048', 'ee18btech11006', 'varuni123', 'ee18btech11044', 'ee18btech11016']",0,[],10,"['ee18btech11031', 'abdurnawaz.2011', 'buereddyvarunireddy', 'yashguguloth', 'ee18btech11019', 'ee17btech11018', None, 'ee18btech11043', 'tejaswini_anagani', 'es17btech11002']",28,"['ee18btech11031', 'buereddyvarunireddy', 'yashguguloth', 'ee18btech11019', 'ee17btech11018', 'tejaswini_anagani', 'ee18btech11048', 'es17btech11002', 'ee18btech11016', 'saivarshatedla', 'cheruu', 'abdurnawaz.2011', 'shaik123', 'sudeepv', 'ee18btech11044', 'es17btech11024', 'ee18btech11021', 'ee18btech11050', 'mehar', 'aayushgoyal27', 'ee18btech11034', 'ee18btech11006', 'varuni123', None, 'dks2000', 'vlnreddy', 'tejaswinianagani75', 'ee18btech11043']"
57,236,19,24,10,"['saivarshatedla', 'cheruu', 'tejaswinianagani75', 'shaik123', 'ee18btech11021', 'ee18btech11050', 'mehar', 'ee18btech11006', 'varuni123', 'ee18btech11044']",8,"['dks2000', 'vlnreddy', 'es17btech11024', 'aayushgoyal27', 'sudeepv', 'ee18btech11034', 'ee18btech11048', 'ee18btech11016']",14,"['ee18btech11015', 'ritvick2000', 'pi_stark', 'ee17btech11010', 'ee18btech11026', 'yashguguloth', 'aashrith', 'ee18btech11020', 'ee17btech11018', 'hrithikraj5', 'es17btech11015', 'agvgoutham', None, 'jinal']",32,"['yashguguloth', 'ee17btech11018', 'hrithikraj5', 'ee18btech11048', 'ee18btech11016', 'jinal', 'saivarshatedla', 'cheruu', 'ee18btech11026', 'aashrith', 'shaik123', 'es17btech11015', 'sudeepv', 'agvgoutham', 'ee18btech11044', 'es17btech11024', 'ee18btech11021', 'ee18btech11050', 'mehar', 'aayushgoyal27', 'ee18btech11034', 'ee18btech11006', 'varuni123', None, 'pi_stark', 'ee18btech11015', 'ritvick2000', 'dks2000', 'ee17btech11010', 'vlnreddy', 'ee18btech11020', 'tejaswinianagani75']"
57,381,19,24,11,"['dks2000', 'es17btech11024', 'tejaswinianagani75', 'ee18btech11021', 'ee18btech11050', 'mehar', 'aayushgoyal27', 'sudeepv', 'ee18btech11048', 'ee18btech11006', 'varuni123']",7,"['saivarshatedla', 'cheruu', 'vlnreddy', 'shaik123', 'ee18btech11034', 'ee18btech11044', 'ee18btech11016']",13,"['ee18btech11031', 'jevalenzuela', 'rebeccaeagleton', 'abdurnawaz.2011', 'buereddyvarunireddy', 'yashguguloth', 'tanmay.chavan94', None, 'tejaswini_anagani', 'junghun80', 'hatem.babaa', 'pe268318', 'lambkin.optics']",31,"['ee18btech11031', 'buereddyvarunireddy', 'yashguguloth', 'tejaswini_anagani', 'ee18btech11048', 'junghun80', 'hatem.babaa', 'ee18btech11016', 'lambkin.optics', 'saivarshatedla', 'jevalenzuela', 'cheruu', 'rebeccaeagleton', 'abdurnawaz.2011', 'shaik123', 'tanmay.chavan94', 'sudeepv', 'ee18btech11044', 'es17btech11024', 'ee18btech11021', 'ee18btech11050', 'mehar', 'aayushgoyal27', 'ee18btech11034', 'pe268318', 'ee18btech11006', 'varuni123', None, 'dks2000', 'vlnreddy', 'tejaswinianagani75']"
57,379,19,8,1,['dks2000'],17,"['saivarshatedla', 'cheruu', 'vlnreddy', 'es17btech11024', 'tejaswinianagani75', 'shaik123', 'ee18btech11021', 'ee18btech11050', 'mehar', 'aayushgoyal27', 'sudeepv', 'ee18btech11034', 'ee18btech11048', 'ee18btech11006', 'varuni123', 'ee18btech11044', 'ee18btech11016']",7,"['mjregan2', 'tonni1912', 'ixmbq', 'junghun80', 'hatem.babaa', None, 'mrvhbs']",25,"['es17btech11024', 'ee18btech11021', 'tonni1912', 'ee18btech11050', 'mehar', 'aayushgoyal27', 'ee18btech11034', 'ixmbq', 'ee18btech11048', 'ee18btech11006', 'varuni123', 'junghun80', 'ee18btech11016', 'hatem.babaa', None, 'mrvhbs', 'saivarshatedla', 'dks2000', 'cheruu', 'vlnreddy', 'tejaswinianagani75', 'mjregan2', 'shaik123', 'sudeepv', 'ee18btech11044']"
57,235,19,7,4,"['ee18btech11050', 'tejaswinianagani75', 'cheruu', 'shaik123']",14,"['saivarshatedla', 'dks2000', 'vlnreddy', 'es17btech11024', 'ee18btech11021', 'mehar', 'aayushgoyal27', 'sudeepv', 'ee18btech11034', 'ee18btech11048', 'ee18btech11006', 'varuni123', 'ee18btech11044', 'ee18btech11016']",3,"['ee17btech11010', None, 'pi_stark']",21,"['es17btech11024', 'ee18btech11021', 'ee18btech11050', 'mehar', 'aayushgoyal27', 'ee18btech11034', 'ee18btech11048', 'ee18btech11006', 'varuni123', 'pi_stark', 'ee18btech11016', None, 'saivarshatedla', 'dks2000', 'ee17btech11010', 'cheruu', 'vlnreddy', 'tejaswinianagani75', 'shaik123', 'sudeepv', 'ee18btech11044']"
58,87,19,12,10,"['myl3', 'nw3', 'avatsa2', 'janavic2', 'slee528', 'jhmao2', 'yusenye2', 'ishanatrii', 'jgu10', 'yabumay2']",8,"['henhaocang', 'goran1', 'jdpinedac', 'dmicic997', 'natasa', 'dusicadimm', 'kopunovic.jelena97', 'jasonhackiewicz']",2,"['srooke2', None]",20,"['myl3', 'henhaocang', 'avatsa2', 'janavic2', 'jdpinedac', 'srooke2', 'jhmao2', 'yusenye2', 'natasa', 'jgu10', None, 'yabumay2', 'nw3', 'goran1', 'slee528', 'dmicic997', 'dusicadimm', 'kopunovic.jelena97', 'jasonhackiewicz', 'ishanatrii']"
58,86,19,7,5,"['goran1', 'dmicic997', 'natasa', 'dusicadimm', 'kopunovic.jelena97']",13,"['myl3', 'nw3', 'henhaocang', 'avatsa2', 'janavic2', 'slee528', 'jdpinedac', 'jhmao2', 'yusenye2', 'ishanatrii', 'jasonhackiewicz', 'jgu10', 'yabumay2']",2,"['jovanoviclazar97', None]",20,"['myl3', 'henhaocang', 'avatsa2', 'janavic2', 'jovanoviclazar97', 'jdpinedac', 'jhmao2', 'yusenye2', 'natasa', 'jgu10', None, 'yabumay2', 'nw3', 'goran1', 'slee528', 'dmicic997', 'dusicadimm', 'kopunovic.jelena97', 'jasonhackiewicz', 'ishanatrii']"
59,61,19,11,9,"['iantempletontcnj', 'lost_archeon', 'smithn20', 'richac11', 'mosherr1', 'laffeya1', 'shorrm2', 'ahmads10', 'capellb1']",9,"['regner1', 'hayese4', 'kristenmunafo', 'delacrj4', 'dnovick', 'wortsb1', 'fontans2', 'sahil47', 'dickc1']",2,"[None, 'rossej2']",20,"['laffeya1', 'kristenmunafo', 'richac11', 'delacrj4', 'wortsb1', 'rossej2', 'mosherr1', None, 'regner1', 'hayese4', 'iantempletontcnj', 'lost_archeon', 'smithn20', 'dnovick', 'fontans2', 'capellb1', 'sahil47', 'shorrm2', 'ahmads10', 'dickc1']"
59,62,19,10,8,"['hayese4', 'lost_archeon', 'iantempletontcnj', 'richac11', 'mosherr1', 'shorrm2', 'ahmads10', 'capellb1']",10,"['regner1', 'laffeya1', 'kristenmunafo', 'smithn20', 'delacrj4', 'dnovick', 'wortsb1', 'fontans2', 'sahil47', 'dickc1']",2,"[None, 'rossej2']",20,"['laffeya1', 'kristenmunafo', 'richac11', 'delacrj4', 'wortsb1', 'rossej2', 'mosherr1', None, 'regner1', 'hayese4', 'iantempletontcnj', 'lost_archeon', 'smithn20', 'dnovick', 'fontans2', 'capellb1', 'sahil47', 'shorrm2', 'ahmads10', 'dickc1']"
59,60,19,7,5,"['regner1', 'hayese4', 'delacrj4', 'wortsb1', 'ahmads10']",13,"['laffeya1', 'kristenmunafo', 'lost_archeon', 'iantempletontcnj', 'smithn20', 'richac11', 'dnovick', 'fontans2', 'mosherr1', 'capellb1', 'sahil47', 'shorrm2', 'dickc1']",2,"[None, 'puziod2']",20,"['laffeya1', 'kristenmunafo', 'richac11', 'delacrj4', 'wortsb1', 'mosherr1', None, 'regner1', 'hayese4', 'iantempletontcnj', 'lost_archeon', 'smithn20', 'dnovick', 'fontans2', 'puziod2', 'capellb1', 'sahil47', 'shorrm2', 'ahmads10', 'dickc1']"
62,100,19,25,10,"['mgg', 'alvgcdual', 'pablomp13', 'pabloblascof', 'pivotxfighter', 'lauraseramos', 'lauragomezn', 'ireneopst', 'carlos99', 'diegorodriguez']",8,"['jcampo7_', 'edam100435629', 'sararoman', 'martinprados', 'tc', 'mariadelavilla', 'victormartin22', 'gemaquinonero']",15,"['pauuu100405550', 'aaaaaaa', 'josups13', 'mariarodriguezst13', 'fossi', 'pepecano', 'juan405569', 'luciavdr00', 'iren00', 'saaracina', 'nuria2020', 'carlosaznar', 'clara241', None, 'annaguillem']",33,"['pablomp13', 'pivotxfighter', 'ireneopst', 'carlos99', 'iren00', 'saaracina', 'nuria2020', 'diegorodriguez', 'mgg', 'fossi', 'pepecano', 'edam100435629', 'lauraseramos', 'gemaquinonero', 'jcampo7_', 'pauuu100405550', 'josups13', 'juan405569', 'pabloblascof', 'sararoman', 'martinprados', 'tc', 'carlosaznar', 'aaaaaaa', 'clara241', 'mariadelavilla', None, 'annaguillem', 'mariarodriguezst13', 'alvgcdual', 'lauragomezn', 'luciavdr00', 'victormartin22']"
63,100,19,25,9,"['josups13', 'fossi', 'pepecano', 'juan405569', 'iren00', 'carlosaznar', 'aaaaaaa', 'clara241', 'annaguillem']",9,"['mariaalvarado27', 'leahrock11', 'hungdo238', 'raul.porrelli', 'fernandosancho', 'arensibia', 'aaberge5', 'seshelma', 'alfonsoserrano']",16,"['pauuu100405550', 'mariarodriguezst13', 'mgg', 'alvgcdual', 'pablomp13', 'pabloblascof', 'pivotxfighter', 'lauraseramos', 'lauragomezn', 'ireneopst', 'carlos99', 'luciavdr00', 'saaracina', 'nuria2020', None, 'diegorodriguez']",34,"['hungdo238', 'pablomp13', 'pivotxfighter', 'ireneopst', 'iren00', 'carlos99', 'saaracina', 'nuria2020', 'aaberge5', 'fernandosancho', 'leahrock11', 'diegorodriguez', 'mgg', 'fossi', 'pepecano', 'lauraseramos', 'mariaalvarado27', 'pauuu100405550', 'josups13', 'juan405569', 'pabloblascof', 'carlosaznar', 'aaaaaaa', 'clara241', None, 'annaguillem', 'raul.porrelli', 'alfonsoserrano', 'seshelma', 'mariarodriguezst13', 'alvgcdual', 'arensibia', 'lauragomezn', 'luciavdr00']"
65,387,19,271,1,['jaephago'],17,"['jiwon7341', 'carlosrodriguez', 'kimys4u', 'kangtoltol', 'dntnwls0501', 'kimyoungkyen', 'yjh4866', 'minho9534', 'miguelpino', 'ottersquad', 'sjhoon96', 'yujincho', 'yummchae', 'qjjh1217', 'eb32862', 'albertosanchezberti', 'fsuarez']",270,"['jenniferperez1', 'cicalesej', 'bha00001', 'anamichelena', 'chohyundong12', 'manuel10suarez10', 'b.isenberg', 'tristram', 'beper53', 'xfiles', 'daniel.robin22', 'juansans98', 'anais3', 'adrianhochgesang', 'suyoneee', 'roychoudhuryaditya2019', 'lidiadom', 'aanupam3', 'miguel_fernandez', 'supernhtr', 'ryuhoin2002', 'mtanzi', 'cjs476', 'mertyamanoglu', 'cbnuleejinwoo', 'sooooooy314', 'gekco', 'gonserr', 'bsusol2', 'georgeckchen', 'hellbomber101', 'ohh99o9', 'uxiavelca', 'nakkulab', 'student1000', 'antoramp', 'siyuezheng', 'immmin6677', 'matthewdailey', 'sschneider874', 'parkface94', 'pablosande98', 'kunge0054', 'ye02', 'chzh1341', 'danielm78', 'marniesan', 'matthewleemle2', 'bbatuhanbilecen', 'andrea.oldham97', 'idargu90', 'xogus102929', 'nes1011', 'xoangon', 'samuelfl', 'eserafimbortolazzo', 'rachel.blaydes', 'ghtlstnf7', 'vetterd', None, 'bw02203', 'coopjord', 'tjtks4730', 'lhc33820933', 'hancheyn', 'rohdej', 'jhryu1994', 'mmartinezsanchez', 'reyda', 'toast', 'kesu1234', 'dish1498', 'graceml2', 'qkslqksl951', 'u0543041', 'mocha7411', 'jiaolh', 'jn12su27', 'yassminsabry', 'estalin', 'glevita2', 'jesusgiraldez', 'caetano.eirea', 'dhkswk96', 'khfrum', 'msubullies1', 'm0650104.ee06g', 'rbb0001', 'bassel0elgharbawy0', 'aia00001', 'ignaciomilani', 'petercp2', 'mitchell.shields99', '123whdxor', 'soddi1621', 'mauro_sg', 'socrat', 'qncowlf10', 'mikesnure', 'abal2474', 'lsj4677', 'hs960531', 'yougyeongo', 'hayejord', 'giacomo.bego', 'qwerty0637', 'corozco', 'tpollei', 'yoonek6719', 'axelbelgarde', 'jeandavid', 'andreagcoto', 'marcospascualin', 'dnlek12', 'zaubin42', 'martinzapatamartinez', 'rygr8576', 'jakubpepas', 'genius_p', 'nshamsi', 'chvk4161', 'dariushkim', 'therahuul', 'isaac.dominguez4444', 'junzed2', 'ganaaa12a', 'latourem', 'rsp79', 'josig2011', 'qottkf6194', 'iflueck2', 'dldnals2020', 'pedro.julian', 'leesk4869', 'dmeyer1998', 'hyerim1006000', 'koakhyunji', 'alskdjfh6161', 'kepco2020a', 'wjdekgus77', 'boody456366', 'nerwin', 'ardisch123', 'xoanmayo', 'itskatomall', 'kyserch', 'adp5383', 'foojorge', 'rricardo0324', 'sgu20151463', 'n3b3x', 'fofi94', 'sallysong683', 'philg', 'jdanivc', 'mis5660', 'anstjd1542', 'u1121281', 'emilioar', 'anstpdlffj3', 'naitix', 'sumintnals', 'navya.k.shastri', 'rhrna007', 'chdu6864', 'hjshook', 'ekdms0894', 'jmy0002', 'foghel96', 'raymondzhou227', 'dangover94', 'ana.rmteo', 'josedamiangarcianoya', 'tmdorsey', 'u1285150', 'ylanbdr', 'titanking231', 'thomas.poulin', 'ludovick', 'juho4523', 'aloptor', 'dale7283', 'palzmq', 'jasperdeconinck', 'gipes', 'nargene', 'emt2', 'logankraus', 'bobbimatheson', 'giung0227', 'sherwmit', 'jonathan.balent', 'u0360918', 'franktib2', 'ziyue2', 'finnclements', 'dbister', 'dorxlqmdkdlel', 'cjsxodnd12', 'dbeciri45', 'eunice98k', 'byeolguri', 'johnlanghout', 'sukjunyeo', 'u1201859', 'sabintandukar', 'ghobashy445', 'eogn1004', 'exareivaj', 'taylordavis678', 'yjn3492', 'myez', 'cmoauro2', 'kirollos.morcos.km', 'cbo3', 'zlapvmf', 'martinperezmaneiro', 'danielcondetorres', 'antonio25', 'marshallfrye', 'declanb', 'hyerim100600', 'zrm0001', 'juanjoseo', 'pichoncillo1', 'guillermocam', 'b.benson', 'spazos', 'vandelei', 'e.pmcrespo', 'wodnjssnsk12', 'rachelgjohnson', 'shabnashreej', 'doog9601', 'kendalhiatt', 'yoojeong9925', 'lwang82', 'ezsamsuntung', 'mcdonald.josh', 'jrichman99', 'gcxmoffice1994', 'francike', 'thddpwls257', 'tnqls3409', 'jboniuk98', 'iagomillanentenza', 'alberto4', 'mattmattmerrill', 'blake.ballou08', 'htj1104', 'aht47', 'mehdibandali', 'clara.landesa', 'pablocl', 'qumo4329', 'tonni1912', 'jedelkind0117', 'jlkirk', 'macks', 'sportmonkey584', 'alw0039', 'ophelie10', 'k66773659', 'piri940511', '5dustkd', 'lukebidulka', 'carlosvigo1997', 'smdesrochers', 'giacomo.munari.1', 'ybso1566']",288,"['jenniferperez1', 'cicalesej', 'bha00001', 'anamichelena', 'chohyundong12', 'manuel10suarez10', 'b.isenberg', 'minho9534', 'tristram', 'beper53', 'xfiles', 'daniel.robin22', 'juansans98', 'anais3', 'adrianhochgesang', 'suyoneee', 'roychoudhuryaditya2019', 'lidiadom', 'aanupam3', 'miguel_fernandez', 'supernhtr', 'ryuhoin2002', 'mtanzi', 'cjs476', 'mertyamanoglu', 'cbnuleejinwoo', 'sooooooy314', 'gekco', 'sjhoon96', 'gonserr', 'bsusol2', 'georgeckchen', 'fsuarez', 'hellbomber101', 'ohh99o9', 'uxiavelca', 'nakkulab', 'student1000', 'antoramp', 'siyuezheng', 'immmin6677', 'matthewdailey', 'sschneider874', 'parkface94', 'pablosande98', 'kunge0054', 'ye02', 'chzh1341', 'danielm78', 'marniesan', 'albertosanchezberti', 'matthewleemle2', 'bbatuhanbilecen', 'andrea.oldham97', 'idargu90', 'xogus102929', 'nes1011', 'xoangon', 'samuelfl', 'eserafimbortolazzo', 'rachel.blaydes', 'ghtlstnf7', 'vetterd', None, 'bw02203', 'coopjord', 'tjtks4730', 'lhc33820933', 'hancheyn', 'rohdej', 'dntnwls0501', 'jhryu1994', 'mmartinezsanchez', 'reyda', 'yujincho', 'toast', 'kesu1234', 'dish1498', 'graceml2', 'qkslqksl951', 'u0543041', 'mocha7411', 'jiaolh', 'jn12su27', 'yassminsabry', 'estalin', 'glevita2', 'jesusgiraldez', 'caetano.eirea', 'dhkswk96', 'khfrum', 'msubullies1', 'm0650104.ee06g', 'rbb0001', 'bassel0elgharbawy0', 'aia00001', 'ignaciomilani', 'petercp2', 'mitchell.shields99', '123whdxor', 'soddi1621', 'mauro_sg', 'socrat', 'qncowlf10', 'mikesnure', 'abal2474', 'lsj4677', 'hs960531', 'yougyeongo', 'hayejord', 'giacomo.bego', 'qwerty0637', 'corozco', 'tpollei', 'yoonek6719', 'yummchae', 'axelbelgarde', 'jeandavid', 'andreagcoto', 'yjh4866', 'marcospascualin', 'dnlek12', 'zaubin42', 'martinzapatamartinez', 'rygr8576', 'jakubpepas', 'genius_p', 'nshamsi', 'chvk4161', 'dariushkim', 'therahuul', 'isaac.dominguez4444', 'junzed2', 'ganaaa12a', 'latourem', 'qjjh1217', 'rsp79', 'josig2011', 'qottkf6194', 'iflueck2', 'dldnals2020', 'pedro.julian', 'leesk4869', 'dmeyer1998', 'hyerim1006000', 'koakhyunji', 'alskdjfh6161', 'kepco2020a', 'wjdekgus77', 'boody456366', 'nerwin', 'ardisch123', 'xoanmayo', 'itskatomall', 'kyserch', 'adp5383', 'foojorge', 'rricardo0324', 'sgu20151463', 'n3b3x', 'fofi94', 'sallysong683', 'philg', 'jdanivc', 'mis5660', 'anstjd1542', 'u1121281', 'emilioar', 'anstpdlffj3', 'naitix', 'sumintnals', 'navya.k.shastri', 'rhrna007', 'chdu6864', 'hjshook', 'ekdms0894', 'jmy0002', 'foghel96', 'raymondzhou227', 'dangover94', 'ana.rmteo', 'josedamiangarcianoya', 'tmdorsey', 'u1285150', 'ylanbdr', 'titanking231', 'thomas.poulin', 'ludovick', 'juho4523', 'aloptor', 'carlosrodriguez', 'dale7283', 'palzmq', 'kangtoltol', 'jasperdeconinck', 'gipes', 'kimyoungkyen', 'nargene', 'emt2', 'logankraus', 'bobbimatheson', 'giung0227', 'sherwmit', 'jonathan.balent', 'u0360918', 'franktib2', 'ziyue2', 'finnclements', 'dbister', 'dorxlqmdkdlel', 'cjsxodnd12', 'dbeciri45', 'eunice98k', 'byeolguri', 'johnlanghout', 'sukjunyeo', 'u1201859', 'sabintandukar', 'ghobashy445', 'eogn1004', 'exareivaj', 'taylordavis678', 'yjn3492', 'jiwon7341', 'myez', 'cmoauro2', 'kimys4u', 'kirollos.morcos.km', 'cbo3', 'zlapvmf', 'eb32862', 'martinperezmaneiro', 'danielcondetorres', 'antonio25', 'marshallfrye', 'declanb', 'hyerim100600', 'zrm0001', 'juanjoseo', 'pichoncillo1', 'guillermocam', 'b.benson', 'spazos', 'vandelei', 'e.pmcrespo', 'wodnjssnsk12', 'rachelgjohnson', 'shabnashreej', 'doog9601', 'kendalhiatt', 'yoojeong9925', 'lwang82', 'ezsamsuntung', 'mcdonald.josh', 'jrichman99', 'gcxmoffice1994', 'francike', 'thddpwls257', 'jaephago', 'tnqls3409', 'jboniuk98', 'miguelpino', 'iagomillanentenza', 'alberto4', 'mattmattmerrill', 'blake.ballou08', 'htj1104', 'aht47', 'mehdibandali', 'clara.landesa', 'pablocl', 'qumo4329', 'tonni1912', 'jedelkind0117', 'jlkirk', 'macks', 'sportmonkey584', 'alw0039', 'ophelie10', 'k66773659', 'piri940511', '5dustkd', 'ottersquad', 'lukebidulka', 'carlosvigo1997', 'smdesrochers', 'giacomo.munari.1', 'ybso1566']"
65,13,19,44,1,['miguelpino'],17,"['jiwon7341', 'carlosrodriguez', 'kimys4u', 'jaephago', 'dntnwls0501', 'kangtoltol', 'kimyoungkyen', 'yjh4866', 'minho9534', 'ottersquad', 'sjhoon96', 'yujincho', 'yummchae', 'qjjh1217', 'eb32862', 'albertosanchezberti', 'fsuarez']",43,"['danidm', 'valeriamg', 'miguelrm', 'jgm2096', 'pablomd', 'chema', 'luciavilchezz', 'alexsanchezcast', 'antonio98y', 'ionemanuelmoralesrosales', 'sergiogrcsnchz', 'aloptor', 'pablocrespo11', 'e.fisicahamza', 'pmvd95', 'andreasorroche', 'plmolina4', 'e.jojusalo', 'acabellocano', 'victortorressuch', 'campamarin', 'clarahernandez05f', 'japrz', 'dfreire', 'juancarlosroutrera', 'e.ivanlopgar1997', 'lluisgonzaga96', 'marioherreroglez34', 'elisa.vicenteei', 'albertoccz', 'manucro10', 'adec', None, 'alejandromo1610', 'pichoncillo1', 'luisbarrios', 'aledes', 'mariamfontan', 'enriquevaliente17', 'ergobe3', 'e.sdavidm', 'pablo.garcia.bas', 'jbalderasfernandez']",61,"['danidm', 'valeriamg', 'dntnwls0501', 'minho9534', 'miguelrm', 'jgm2096', 'yujincho', 'pablomd', 'chema', 'yummchae', 'albertosanchezberti', 'luciavilchezz', 'alexsanchezcast', 'antonio98y', 'ionemanuelmoralesrosales', 'jiwon7341', 'sergiogrcsnchz', 'carlosrodriguez', 'aloptor', 'pablocrespo11', 'e.fisicahamza', 'kimys4u', 'jaephago', 'kangtoltol', 'kimyoungkyen', 'yjh4866', 'pmvd95', 'miguelpino', 'andreasorroche', 'plmolina4', 'e.jojusalo', 'eb32862', 'acabellocano', 'victortorressuch', 'campamarin', 'clarahernandez05f', 'japrz', 'dfreire', 'juancarlosroutrera', 'e.ivanlopgar1997', 'lluisgonzaga96', 'marioherreroglez34', 'elisa.vicenteei', 'sjhoon96', 'albertoccz', 'qjjh1217', 'manucro10', 'adec', None, 'fsuarez', 'alejandromo1610', 'pichoncillo1', 'luisbarrios', 'aledes', 'ottersquad', 'mariamfontan', 'enriquevaliente17', 'ergobe3', 'e.sdavidm', 'pablo.garcia.bas', 'jbalderasfernandez']"
65,11,19,26,14,"['jiwon7341', 'jaephago', 'kimys4u', 'dntnwls0501', 'kangtoltol', 'kimyoungkyen', 'yjh4866', 'minho9534', 'ottersquad', 'sjhoon96', 'yujincho', 'yummchae', 'qjjh1217', 'eb32862']",4,"['albertosanchezberti', 'carlosrodriguez', 'miguelpino', 'fsuarez']",12,"['sstty7', 'choikj', 'dorxlqmdkdlel', 'siggy36', 'anstpdlffj3', 'sgu20151416', 'codns318', 'dbsgnl4', 'dangover94', 'sangkyu.sun', None, 'dja19951995']",30,"['siggy36', 'dntnwls0501', 'codns318', 'minho9534', 'yujincho', 'yummchae', 'albertosanchezberti', 'sangkyu.sun', 'dja19951995', 'jiwon7341', 'carlosrodriguez', 'kimys4u', 'jaephago', 'kangtoltol', 'kimyoungkyen', 'yjh4866', 'sgu20151416', 'miguelpino', 'dbsgnl4', 'eb32862', 'choikj', 'anstpdlffj3', 'sjhoon96', 'qjjh1217', None, 'fsuarez', 'sstty7', 'dorxlqmdkdlel', 'ottersquad', 'dangover94']"
65,51,19,22,14,"['jiwon7341', 'jaephago', 'kimys4u', 'dntnwls0501', 'kangtoltol', 'kimyoungkyen', 'yjh4866', 'minho9534', 'ottersquad', 'sjhoon96', 'yujincho', 'yummchae', 'qjjh1217', 'eb32862']",4,"['albertosanchezberti', 'carlosrodriguez', 'miguelpino', 'fsuarez']",8,"['dorxlqmdkdlel', 'siggy36', 'anstpdlffj3', 'codns318', 'dbsgnl4', 'dja1995', 'dangover94', None]",26,"['siggy36', 'dntnwls0501', 'codns318', 'minho9534', 'yujincho', 'yummchae', 'albertosanchezberti', 'jiwon7341', 'carlosrodriguez', 'kimys4u', 'jaephago', 'kangtoltol', 'kimyoungkyen', 'yjh4866', 'miguelpino', 'dbsgnl4', 'eb32862', 'anstpdlffj3', 'sjhoon96', 'qjjh1217', None, 'fsuarez', 'dorxlqmdkdlel', 'ottersquad', 'dja1995', 'dangover94']"
65,48,19,20,1,['miguelpino'],17,"['jiwon7341', 'carlosrodriguez', 'kimys4u', 'jaephago', 'dntnwls0501', 'kangtoltol', 'kimyoungkyen', 'yjh4866', 'minho9534', 'ottersquad', 'sjhoon96', 'yujincho', 'yummchae', 'qjjh1217', 'eb32862', 'albertosanchezberti', 'fsuarez']",19,"['agarviespigares', 'carmenapa605', 'dbzrp10', 'romanruizmarta', 'romero', 'anamconrado', 'jesusdur98', 'pepillobs', 'lauragarciauma', 'labchara.mona', 'susanacm', 'daniolivasek10', 'elmanguito', 'albabecerra.ab', 'rebecamg31', None, 'e.lucasnavarrog', 'pablocollantesruiz', 'enriquevaliente17']",37,"['agarviespigares', 'carmenapa605', 'dbzrp10', 'romanruizmarta', 'romero', 'dntnwls0501', 'minho9534', 'yujincho', 'anamconrado', 'yummchae', 'albertosanchezberti', 'jesusdur98', 'pepillobs', 'jiwon7341', 'lauragarciauma', 'carlosrodriguez', 'kimys4u', 'jaephago', 'kangtoltol', 'kimyoungkyen', 'yjh4866', 'miguelpino', 'labchara.mona', 'eb32862', 'susanacm', 'daniolivasek10', 'elmanguito', 'sjhoon96', 'rebecamg31', 'qjjh1217', 'albabecerra.ab', None, 'fsuarez', 'e.lucasnavarrog', 'ottersquad', 'pablocollantesruiz', 'enriquevaliente17']"
65,21,19,18,2,"['albertosanchezberti', 'fsuarez']",16,"['jiwon7341', 'carlosrodriguez', 'kimys4u', 'jaephago', 'dntnwls0501', 'kangtoltol', 'kimyoungkyen', 'yjh4866', 'minho9534', 'miguelpino', 'ottersquad', 'sjhoon96', 'yujincho', 'yummchae', 'qjjh1217', 'eb32862']",16,"['feijoomartina', 'danielcondetorres', 'juanjoseo', 'uxiavelca', 'andreagcoto', 'foojorge', 'ivan1', 'isaac.dominguez4444', 'xie2', None, 'iagomillanentenza', 'jesusgiraldez', 'juansans98', 'caetano.eirea', 'noxis986', 'sebastianvromero']",34,"['feijoomartina', 'danielcondetorres', 'dntnwls0501', 'ivan1', 'minho9534', 'isaac.dominguez4444', 'sjhoon96', 'yujincho', 'yummchae', 'qjjh1217', 'albertosanchezberti', 'juansans98', 'xie2', 'noxis986', None, 'fsuarez', 'jiwon7341', 'carlosrodriguez', 'juanjoseo', 'uxiavelca', 'kimys4u', 'jaephago', 'kangtoltol', 'andreagcoto', 'kimyoungkyen', 'yjh4866', 'foojorge', 'miguelpino', 'ottersquad', 'caetano.eirea', 'iagomillanentenza', 'jesusgiraldez', 'eb32862', 'sebastianvromero']"
65,339,19,15,9,"['jiwon7341', 'kimys4u', 'jaephago', 'kimyoungkyen', 'yjh4866', 'minho9534', 'sjhoon96', 'yujincho', 'qjjh1217']",9,"['carlosrodriguez', 'kangtoltol', 'dntnwls0501', 'ottersquad', 'miguelpino', 'yummchae', 'albertosanchezberti', 'eb32862', 'fsuarez']",6,"['dorxlqmdkdlel', 'siggy36', 'codns318', 'dja1995', 'dangover94', None]",24,"['siggy36', 'dntnwls0501', 'codns318', 'minho9534', 'sjhoon96', 'yujincho', 'yummchae', 'qjjh1217', 'albertosanchezberti', None, 'fsuarez', 'jiwon7341', 'carlosrodriguez', 'dorxlqmdkdlel', 'kimys4u', 'jaephago', 'kangtoltol', 'kimyoungkyen', 'yjh4866', 'miguelpino', 'ottersquad', 'dja1995', 'dangover94', 'eb32862']"
65,356,19,15,9,"['kimys4u', 'kangtoltol', 'jaephago', 'kimyoungkyen', 'minho9534', 'sjhoon96', 'yujincho', 'qjjh1217', 'eb32862']",9,"['jiwon7341', 'carlosrodriguez', 'dntnwls0501', 'yjh4866', 'miguelpino', 'ottersquad', 'yummchae', 'albertosanchezberti', 'fsuarez']",6,"['sstty7', 'dorxlqmdkdlel', 'siggy36', 'anstpdlffj3', 'dangover94', None]",24,"['siggy36', 'dntnwls0501', 'anstpdlffj3', 'minho9534', 'sjhoon96', 'yujincho', 'yummchae', 'qjjh1217', 'albertosanchezberti', None, 'fsuarez', 'jiwon7341', 'sstty7', 'carlosrodriguez', 'dorxlqmdkdlel', 'kimys4u', 'jaephago', 'kangtoltol', 'kimyoungkyen', 'yjh4866', 'miguelpino', 'ottersquad', 'dangover94', 'eb32862']"
65,23,19,14,1,['fsuarez'],17,"['jiwon7341', 'carlosrodriguez', 'kimys4u', 'jaephago', 'dntnwls0501', 'kangtoltol', 'kimyoungkyen', 'yjh4866', 'minho9534', 'miguelpino', 'ottersquad', 'sjhoon96', 'yujincho', 'yummchae', 'qjjh1217', 'eb32862', 'albertosanchezberti']",13,"['xoanmayo', 'j.guedegar', 'antonionito1993', 'davidga568', 'clara.landesa', 'lauragdevesa', 'daviland97', 'pablojosecalvo', 'pedrotouris', 'dique', 'iagomoscer', 'danielfdezcalo', None]",31,"['j.guedegar', 'dntnwls0501', 'antonionito1993', 'danielfdezcalo', 'davidga568', 'minho9534', 'clara.landesa', 'sjhoon96', 'daviland97', 'yujincho', 'pablojosecalvo', 'dique', 'yummchae', 'qjjh1217', 'albertosanchezberti', 'iagomoscer', None, 'fsuarez', 'jiwon7341', 'xoanmayo', 'carlosrodriguez', 'kimys4u', 'jaephago', 'kangtoltol', 'kimyoungkyen', 'yjh4866', 'miguelpino', 'ottersquad', 'lauragdevesa', 'pedrotouris', 'eb32862']"
65,357,19,14,2,"['albertosanchezberti', 'fsuarez']",16,"['jiwon7341', 'carlosrodriguez', 'kimys4u', 'jaephago', 'dntnwls0501', 'kangtoltol', 'kimyoungkyen', 'yjh4866', 'minho9534', 'miguelpino', 'ottersquad', 'sjhoon96', 'yujincho', 'yummchae', 'qjjh1217', 'eb32862']",12,"['danielcondetorres', 'juanjoseo', 'uxiavelca', 'andreagcoto', 'foojorge', 'isaac.dominguez4444', None, 'iagomillanentenza', 'jesusgiraldez', 'juansans98', 'xie2', 'noxis986']",30,"['danielcondetorres', 'dntnwls0501', 'minho9534', 'isaac.dominguez4444', 'sjhoon96', 'yujincho', 'yummchae', 'qjjh1217', 'albertosanchezberti', 'juansans98', 'xie2', 'noxis986', None, 'fsuarez', 'jiwon7341', 'carlosrodriguez', 'juanjoseo', 'uxiavelca', 'kimys4u', 'jaephago', 'kangtoltol', 'andreagcoto', 'kimyoungkyen', 'yjh4866', 'foojorge', 'miguelpino', 'ottersquad', 'iagomillanentenza', 'jesusgiraldez', 'eb32862']"
66,182,18,24,16,"['eyhsieh2', 'brianr5', 'yulunwu4', 'eih2', 'yihan4', 'jiaxing6', 'dpeng4', 'gdeatley', 'yyang197', 'as18', 'jvita2', 'ggengr2', 'ziqi5', 'hanyang6', 'am14', 'axyong2']",1,['shiang2'],8,"['msurana2', 'jaschil2', 'aagam2', 'dadams', 'kkang14', 'torosant', 'aagamshah', None]",25,"['eih2', 'msurana2', 'jaschil2', 'as18', 'shiang2', 'yihan4', 'yulunwu4', 'dpeng4', 'gdeatley', 'yyang197', 'jvita2', 'axyong2', 'dadams', 'jiaxing6', 'ziqi5', 'kkang14', 'aagamshah', None, 'eyhsieh2', 'brianr5', 'aagam2', 'ggengr2', 'hanyang6', 'torosant', 'am14']"
66,181,18,21,16,"['eyhsieh2', 'brianr5', 'yulunwu4', 'eih2', 'yihan4', 'jiaxing6', 'dpeng4', 'gdeatley', 'yyang197', 'as18', 'jvita2', 'ggengr2', 'ziqi5', 'hanyang6', 'am14', 'axyong2']",1,['shiang2'],5,"['aagam2', 'msurana2', 'kkang14', 'torosant', None]",22,"['eih2', 'msurana2', 'as18', 'shiang2', 'yihan4', 'yulunwu4', 'dpeng4', 'gdeatley', 'yyang197', 'jvita2', 'axyong2', 'jiaxing6', 'ziqi5', 'kkang14', None, 'eyhsieh2', 'brianr5', 'aagam2', 'ggengr2', 'hanyang6', 'torosant', 'am14']"
68,174,18,12,9,"['vally', 'minor.tyler.1998', 'tianyi.zou770', 'ridoy1995', 'nusaiba.ra', 'tamimarahman99', 'yiyangggg', 'liza.petkevitch', 'asmaalromaih']",8,"['awais96', 'julia.london54', 'francisduhamel', 'jamiemcleish', 'laflfrancois19', 'fredcyr10', 'carate', 'kbucheeri']",3,"[None, 'essam_berikaa', 'wenjieweizb']",20,"['julia.london54', 'wenjieweizb', 'tianyi.zou770', 'ridoy1995', 'nusaiba.ra', 'laflfrancois19', 'yiyangggg', None, 'awais96', 'vally', 'minor.tyler.1998', 'francisduhamel', 'jamiemcleish', 'essam_berikaa', 'tamimarahman99', 'fredcyr10', 'liza.petkevitch', 'carate', 'asmaalromaih', 'kbucheeri']"
68,175,18,12,6,"['vally', 'francisduhamel', 'ridoy1995', 'nusaiba.ra', 'fredcyr10', 'asmaalromaih']",11,"['awais96', 'julia.london54', 'minor.tyler.1998', 'tianyi.zou770', 'jamiemcleish', 'tamimarahman99', 'laflfrancois19', 'yiyangggg', 'liza.petkevitch', 'carate', 'kbucheeri']",6,"['wzhuonan', 'sgtsoap', 'wenjieweizb', 'essam_berikaa', 'sarswan6', None]",23,"['julia.london54', 'wenjieweizb', 'tianyi.zou770', 'ridoy1995', 'nusaiba.ra', 'laflfrancois19', 'yiyangggg', None, 'awais96', 'vally', 'sgtsoap', 'wzhuonan', 'minor.tyler.1998', 'francisduhamel', 'jamiemcleish', 'essam_berikaa', 'tamimarahman99', 'fredcyr10', 'liza.petkevitch', 'carate', 'sarswan6', 'asmaalromaih', 'kbucheeri']"
68,176,18,7,5,"['awais96', 'francisduhamel', 'ridoy1995', 'fredcyr10', 'carate']",12,"['vally', 'julia.london54', 'minor.tyler.1998', 'tianyi.zou770', 'jamiemcleish', 'nusaiba.ra', 'tamimarahman99', 'laflfrancois19', 'yiyangggg', 'liza.petkevitch', 'asmaalromaih', 'kbucheeri']",2,"['wzhuonan', None]",19,"['julia.london54', 'tianyi.zou770', 'ridoy1995', 'nusaiba.ra', 'laflfrancois19', 'yiyangggg', None, 'awais96', 'vally', 'wzhuonan', 'minor.tyler.1998', 'francisduhamel', 'jamiemcleish', 'tamimarahman99', 'fredcyr10', 'liza.petkevitch', 'carate', 'asmaalromaih', 'kbucheeri']"
69,400,18,9,1,['pattiya_p'],16,"['tomas0821', 'lataussi', 'monsterplank', 'mareev.evgeniy', 'sameerkamath', 'mmasoudsf', 'levansang82', 'mxk1213', 'jsk6732', 'digitalgenics', 'leonans100', 'reill279', 'weishi71', 'nadine', 'feher.bence92', 'shwetahim23']",8,"['roj', 'jo46', 'lswentor', 'jone1573', 'ericshen628', 'lregalad', 'konerua', None]",25,"['tomas0821', 'lataussi', 'mareev.evgeniy', 'sameerkamath', 'mmasoudsf', 'jone1573', 'ericshen628', 'reill279', 'nadine', None, 'feher.bence92', 'roj', 'monsterplank', 'pattiya_p', 'levansang82', 'jo46', 'lswentor', 'mxk1213', 'jsk6732', 'digitalgenics', 'leonans100', 'lregalad', 'konerua', 'weishi71', 'shwetahim23']"
70,462,17,9,8,"['maximilian1505', 'niclaskrupp', 'blakspell', 'nadinec', 'alexander.kuleff', 'christian.delavier', 'ut192', 'cookienator']",8,"['sgicev', 'btayo202', 'fedy9', 'kirchgessner9', 'maierrouven', 'jpascher99', 'wo456', 'arabi52']",1,[None],17,"['kirchgessner9', 'blakspell', 'alexander.kuleff', 'wo456', 'christian.delavier', 'arabi52', 'ut192', None, 'sgicev', 'btayo202', 'maximilian1505', 'fedy9', 'niclaskrupp', 'maierrouven', 'nadinec', 'jpascher99', 'cookienator']"
72,313,16,8,5,"['mercolso', 'hddrabek', 'xmcdowel', 'byeagley', 'jebadi']",10,"['ejapundz', 'jsaxberg', 'jdulski10', 'zwlevy', 'bschwant', 'ethnguye', 'bfisch9', 'epbower', 'tjzhang', 'gotts']",3,"['vjadhao', None, 'nbrunk']",18,"['ejapundz', 'hddrabek', 'vjadhao', 'bschwant', 'nbrunk', 'bfisch9', 'byeagley', 'epbower', 'zwlevy', None, 'tjzhang', 'jebadi', 'jdulski10', 'jsaxberg', 'mercolso', 'xmcdowel', 'ethnguye', 'gotts']"
72,297,16,7,4,"['byeagley', 'xmcdowel', 'mercolso', 'hddrabek']",11,"['ejapundz', 'jsaxberg', 'jdulski10', 'zwlevy', 'gotts', 'bschwant', 'ethnguye', 'bfisch9', 'epbower', 'tjzhang', 'jebadi']",3,"['vjadhao', None, 'nbrunk']",18,"['ejapundz', 'hddrabek', 'vjadhao', 'bschwant', 'nbrunk', 'bfisch9', 'byeagley', 'epbower', 'zwlevy', None, 'tjzhang', 'jebadi', 'jdulski10', 'jsaxberg', 'mercolso', 'xmcdowel', 'ethnguye', 'gotts']"
72,314,16,7,5,"['mercolso', 'hddrabek', 'xmcdowel', 'byeagley', 'jebadi']",10,"['ejapundz', 'jsaxberg', 'jdulski10', 'zwlevy', 'bschwant', 'ethnguye', 'bfisch9', 'epbower', 'tjzhang', 'gotts']",2,"[None, 'nbrunk']",17,"['ejapundz', 'hddrabek', 'bschwant', 'nbrunk', 'bfisch9', 'byeagley', 'epbower', 'zwlevy', None, 'tjzhang', 'jebadi', 'jdulski10', 'jsaxberg', 'mercolso', 'xmcdowel', 'ethnguye', 'gotts']"
72,312,16,6,4,"['byeagley', 'xmcdowel', 'jebadi', 'hddrabek']",11,"['ejapundz', 'jsaxberg', 'jdulski10', 'mercolso', 'zwlevy', 'bschwant', 'ethnguye', 'bfisch9', 'epbower', 'tjzhang', 'gotts']",2,"[None, 'nbrunk']",17,"['ejapundz', 'hddrabek', 'bschwant', 'nbrunk', 'bfisch9', 'byeagley', 'epbower', 'zwlevy', None, 'tjzhang', 'jebadi', 'jdulski10', 'jsaxberg', 'mercolso', 'xmcdowel', 'ethnguye', 'gotts']"
75,64,15,8,3,"['schuscha', 'momo2801', 'robboew']",11,"['jonnyy1', 'nunezcastruita', 'giammen', 'jodogo', 'tarim', 'el.barny.ono', 'michi7x7', 'viswas_online', 'mrkimyk92', 'benedetto', 'juaferv3']",5,"['anape', 'mrcookiecooker', 'alex.kobald', 'lukas.fussi', None]",19,"['giammen', 'momo2801', 'alex.kobald', 'lukas.fussi', 'benedetto', None, 'juaferv3', 'jonnyy1', 'nunezcastruita', 'jodogo', 'anape', 'tarim', 'el.barny.ono', 'mrcookiecooker', 'schuscha', 'michi7x7', 'robboew', 'viswas_online', 'mrkimyk92']"
76,375,15,7,2,"['akankshakenge', 'lavhalerishabh1997']",12,"['tejaswaghate', 'francisvachon', 'nanj49', 'sholva', 'mohammedsbit085', 'mbison', 'cornuelle.3', 'fjwalk', 'ccbb', 'bhaleraokaruna49', 'dongshaung', 'leecc']",5,"['kagte24', 'abhishek2912', 'rutu.gawande06', 'pritinakhate96', None]",19,"['tejaswaghate', 'abhishek2912', 'sholva', 'rutu.gawande06', 'akankshakenge', 'fjwalk', 'ccbb', 'lavhalerishabh1997', 'bhaleraokaruna49', 'leecc', None, 'kagte24', 'francisvachon', 'nanj49', 'mohammedsbit085', 'mbison', 'cornuelle.3', 'dongshaung', 'pritinakhate96']"
77,104,15,236,8,"['torreschr', 'heidi.hansen33', 'ceckstein922', 'dkuenzel1', 'shank8', 'abhilash.bora97', 'ckeiper', 'eashanpsn']",6,"['goofyrod', 'elaskows', 'abirmamunurrahman', 'csunil11', 'am624138', 'helm.87']",228,"['mart1380', 'wisler0', 'jmickow', 'selkin', 'mbraner', 'jaloi', 'cdtorres', 'lowe77.purdue', 'cregers', 'engc', 'spear9', 'dmassow', 'abelkiew', 'jin376', 'lee2614', 'jdumblet', 'etitheyeti98', 'rumplem', 'mcginn1', 'mohdshah', 'tl0120', 'bcaffert', 'ccurto', 'amcgoff', 'smit3177', 'freyg', 'dkuen', 'suixiong8', 'butchko', 'pillai7', 'mohanc', 'chen2122', 'xing36', 'zubik', 'ewilhite', 'bpolinsk', 'chung189', 'rweedon', 'abosshar', 'gupta393', 'rasato', 'mpisoni', 'efeldman', 'cmenden', 'eashburn', 'richg', 'payne71', 'awoodwa', 'yshousha', 'msulaima', 'kvansan', 'cccyyj720', 'reweedon', 'edreifue', 'jmacatan', 'lawrencr', 'chao26', 'klipiszk', 'strachan', 'kinserc', 'dangratz99', 'cheeseballs99', 'harri670', 'gcesar', 'deane1', 'apanuga', 'ftangpoo', 'daviskahmann', 'justindcambridge', 'mmohdzai', 'tglavan', 'iyengar1', 'hschennu', 'gjensen', 'ctow', 'adams410', 'tdarmon20', 'atruver', 'nhuntine', 'ellis99', 'agrillo', 'nail', 'kozelr', 'xul9044', 'natoli0', 'aperitor', 'bowman96', 'stapletl', 'mart1391', 'rdesmond', 'woo49', 'jess24', 'terry51', None, 'kiefern', 'jiang655', 'smit3184', 'butzz', 'mcurto', 'benbcasler', 'reasato', 'brewer66', 'hopkin43', 'hill399', 'mtbarrette01', 'bkeel', 'yang1865', 'cvasq69', 'akick', 'rturk8292', 'ydichenk', 'malhamm', 'mynameisjohn', 'wonhyukdo', 'lyanni', 'kumar212', 'sedgerto', 'growsell', 'pickera', 'slillig', 'mfess', 'richtern', 'mmshank16', 'lmackin', 'jboulayd', 'stockb', 'flore170', 'bgrandst', 'ellingtj', 'gleasonb', 'mtrivell', 'gnishibu', 'glevine', 'choi333', 'li3604', 'allnic21', 'behrr', 'ghosh36', 'stark22', 'lm45000', 'anniebreidinger', 'bwitchie', 'ander754', 'davidrgowan', 'maderm', 'jeigenbr', 'peck28', 'aleidli', 'rhinesj', 'hsmoke', 'kocher1', 'yeungd', 'osantang', 'racroth35', 'singer15', 'jhulsize', 'tnoor', 'saboa', 'elikroller', 'ali113', 'eloewe', 'jbuehrle', 'dewittl', 'mudd3', 'nfei', 'kweidem', 'daveguo614', 'zhao988', 'schuman1', 'aaprelik', 'everbru', 'abano', 'nathanbaker3889', 'jlorah', 'chiang56', 'shethm', 'srothsch', 'xose.amo', 'eponsdel', 'lthursto', 'siu2', 'deshmukp', 'jnasiboov', 'ltoy', 'schro118', 'li2722', 'sgrzych', 'acemagna', 'bamorim', 'lauerc', 'dixon82', 'emarches', 'egarayev', 'awennin', 'hamel0', 'wang3138', 'li2709', 'verma52', 'zhan2846', 'bullock8', 'mill2119', 'white559', 'shoafn', 'hillej', 'amoravec', 'george92', 'alotaib6', 'costel10', 'yount', 'jfitzhu', 'colewilloughby1125', 'dlarocco', 'marito', 'tpownell', 'mishra94', 'lrigsbee', 'goodma27', 'uuraechu', 'adamdmiller17', 'liu2512', 'kbebris', 'ecave', 'vkolar', 'rollere', 'ross217', '17scotta', 'dragoneye', 'kzeligso']",242,"['mart1380', 'wisler0', 'jmickow', 'selkin', 'mbraner', 'jaloi', 'cdtorres', 'lowe77.purdue', 'cregers', 'engc', 'spear9', 'dmassow', 'abelkiew', 'jin376', 'lee2614', 'jdumblet', 'etitheyeti98', 'rumplem', 'dragoneye', 'mohdshah', 'tl0120', 'bcaffert', 'ccurto', 'amcgoff', 'smit3177', 'freyg', 'dkuen', 'suixiong8', 'butchko', 'pillai7', 'mohanc', 'chen2122', 'xing36', 'zubik', 'ewilhite', 'bpolinsk', 'chung189', 'rweedon', 'abosshar', 'gupta393', 'rasato', 'mpisoni', 'efeldman', 'cmenden', 'eashburn', 'richg', 'payne71', 'awoodwa', 'yshousha', 'msulaima', 'kvansan', 'cccyyj720', 'reweedon', 'ckeiper', 'edreifue', 'jmacatan', 'lawrencr', 'chao26', 'klipiszk', 'strachan', 'kinserc', 'dangratz99', 'cheeseballs99', 'harri670', 'gcesar', 'deane1', 'apanuga', 'ftangpoo', 'daviskahmann', 'justindcambridge', 'mmohdzai', 'tglavan', 'iyengar1', 'hschennu', 'gjensen', 'ctow', 'adams410', 'ceckstein922', 'tdarmon20', 'atruver', 'nhuntine', 'abhilash.bora97', 'ellis99', 'agrillo', 'nail', 'kozelr', 'xul9044', 'natoli0', 'aperitor', 'bowman96', 'stapletl', 'mart1391', 'rdesmond', 'elaskows', 'woo49', 'jess24', 'terry51', 'am624138', None, 'kiefern', 'jiang655', 'smit3184', 'butzz', 'mcurto', 'benbcasler', 'reasato', 'dkuenzel1', 'brewer66', 'hopkin43', 'hill399', 'mtbarrette01', 'bkeel', 'yang1865', 'cvasq69', 'akick', 'rturk8292', 'ydichenk', 'malhamm', 'mynameisjohn', 'wonhyukdo', 'lyanni', 'kumar212', 'sedgerto', 'growsell', 'pickera', 'slillig', 'mfess', 'richtern', 'mmshank16', 'lmackin', 'jboulayd', 'stockb', 'flore170', 'shank8', 'bgrandst', 'ellingtj', 'gleasonb', 'mtrivell', 'gnishibu', 'glevine', 'choi333', 'li3604', 'allnic21', 'behrr', 'ghosh36', 'stark22', 'lm45000', 'anniebreidinger', 'bwitchie', 'ander754', 'davidrgowan', 'maderm', 'jeigenbr', 'peck28', 'aleidli', 'rhinesj', 'hsmoke', 'kocher1', 'yeungd', 'osantang', 'racroth35', 'heidi.hansen33', 'singer15', 'jhulsize', 'tnoor', 'saboa', 'elikroller', 'ali113', 'eloewe', 'jbuehrle', 'dewittl', 'mudd3', 'nfei', 'kweidem', 'daveguo614', 'zhao988', 'schuman1', 'aaprelik', 'torreschr', 'goofyrod', 'everbru', 'abano', 'nathanbaker3889', 'jlorah', 'chiang56', 'abirmamunurrahman', 'shethm', 'srothsch', 'xose.amo', 'eponsdel', 'csunil11', 'lthursto', 'siu2', 'deshmukp', 'jnasiboov', 'ltoy', 'schro118', 'li2722', 'sgrzych', 'acemagna', 'bamorim', 'lauerc', 'dixon82', 'emarches', 'egarayev', 'awennin', 'hamel0', 'wang3138', 'li2709', 'verma52', 'zhan2846', 'bullock8', 'mill2119', 'white559', 'shoafn', 'hillej', 'amoravec', 'george92', 'alotaib6', 'costel10', 'yount', 'jfitzhu', 'colewilloughby1125', 'dlarocco', 'marito', 'tpownell', 'mishra94', 'lrigsbee', 'eashanpsn', 'goodma27', 'uuraechu', 'adamdmiller17', 'liu2512', 'kbebris', 'ecave', 'vkolar', 'rollere', 'ross217', '17scotta', 'mcginn1', 'kzeligso', 'helm.87']"
79,324,15,17,1,['pgardo2'],13,"['kuldeep', 'ylw201117', 'jaszqd', 'ninfzf', 'ams282', 'nmtq44', 'mooar', 'nwdunham', 'tmsmb2', 'chungis', 'aliaghabalaeivahid', 'sgericeb', 'clcfk2']",16,"['kacperr2', 'zanh2', 'ninume2', 'mderka3', 'alexmf2', 'dosman3', 'meeraj2', 'ericli4', 'jordanm7', None, 'aatass2', 'jkelle30', 'loutris2', 'mabdal6', 'bremig2', 'aeburke4']",30,"['pgardo2', 'kacperr2', 'mderka3', 'ylw201117', 'alexmf2', 'ninfzf', 'nmtq44', 'meeraj2', 'ericli4', 'mooar', 'jordanm7', 'aatass2', 'jkelle30', 'loutris2', 'mabdal6', None, 'sgericeb', 'aeburke4', 'clcfk2', 'kuldeep', 'zanh2', 'ninume2', 'jaszqd', 'ams282', 'dosman3', 'nwdunham', 'tmsmb2', 'bremig2', 'chungis', 'aliaghabalaeivahid']"
81,214,14,20,13,"['gnj2101', 'hh2811', 'vipul2310', 'voh2105', 'zbs5', 'xinhao', 'sb3790', 'wentaoz', 'asiv21', 'hm2806', 'wnp2105', 'aab2243', 'ald2231']",0,[],7,"['aurban', 'qf2143', 'yol', 'eddiehong', 'zw2583', 'vg2471', None]",20,"['vipul2310', 'qf2143', 'sb3790', 'hm2806', 'aurban', 'eddiehong', 'zw2583', 'asiv21', 'aab2243', 'xinhao', 'ald2231', 'gnj2101', 'hh2811', 'yol', 'wentaoz', None, 'voh2105', 'zbs5', 'vg2471', 'wnp2105']"
81,215,14,14,6,"['hh2811', 'vipul2310', 'voh2105', 'asiv21', 'xinhao', 'aab2243']",7,"['gnj2101', 'wentaoz', 'sb3790', 'zbs5', 'hm2806', 'wnp2105', 'ald2231']",8,"['qw2318', 'qf2143', 'wq940411', 'yol', 'eddiehong', 'zw2583', 'vipulmann2310', None]",21,"['gnj2101', 'hh2811', 'vipul2310', 'qf2143', 'yol', 'wq940411', 'sb3790', 'wentaoz', 'vipulmann2310', 'hm2806', 'xinhao', None, 'qw2318', 'voh2105', 'eddiehong', 'zw2583', 'zbs5', 'asiv21', 'wnp2105', 'aab2243', 'ald2231']"
82,77,14,12,7,"['dtbautis', 'mbaerwal', 'tbautis1', 'jdover2', 'callen43', 'krusyn', 'emily']",6,"['atmuir', 'hglembo', 'rlfergu4', 'jordandeitsch', 'rselfais', 'hlriley']",5,"['joliva8', 'rspaul1', 'vasileska', 'awirkusc', None]",18,"['atmuir', 'dtbautis', 'rspaul1', 'hglembo', 'callen43', 'rselfais', 'krusyn', 'emily', None, 'joliva8', 'mbaerwal', 'rlfergu4', 'vasileska', 'jordandeitsch', 'tbautis1', 'jdover2', 'awirkusc', 'hlriley']"
82,341,14,11,8,"['dtbautis', 'mbaerwal', 'tbautis1', 'jdover2', 'callen43', 'krusyn', 'emily', 'hlriley']",5,"['atmuir', 'hglembo', 'rlfergu4', 'jordandeitsch', 'rselfais']",3,"['vasileska', None, 'ttmccart']",16,"['atmuir', 'dtbautis', 'hglembo', 'callen43', 'rselfais', 'krusyn', 'emily', None, 'mbaerwal', 'rlfergu4', 'vasileska', 'ttmccart', 'jordandeitsch', 'tbautis1', 'jdover2', 'hlriley']"
82,78,14,6,4,"['jdover2', 'callen43', 'hlriley', 'emily']",9,"['atmuir', 'dtbautis', 'mbaerwal', 'hglembo', 'rlfergu4', 'jordandeitsch', 'tbautis1', 'rselfais', 'krusyn']",2,"[None, 'vkumar21']",15,"['atmuir', 'dtbautis', 'hglembo', 'callen43', 'rselfais', 'krusyn', 'emily', None, 'mbaerwal', 'rlfergu4', 'jordandeitsch', 'tbautis1', 'jdover2', 'hlriley', 'vkumar21']"
83,380,14,34,6,"['pkrutikmehta', 'kalyanidp123', 'ee18btech11004', 'ee17btech11001', 'adithyavardhan', 'mounika.banothu2']",7,"['sidell66', '16.nt.harshil.pambhar', '16.nt.milan.solanki', 'stunningllama', 'siu854042801', '16.nt.rajan.suhagiya', 'jrettmuller']",28,"['ee18btech11041', 'narendarr34', 'shreshta126', 'hrithikraj5', 'sathwikchaitanya', 'tejaswini_anagani', 'ee18btech11048', 'ee18btech11016', 'saivarshatedla', 'cheruu', 'ee18btech11026', 'tprashanth180', 'aashrith', 'shaik123', 'berisowjanya205', 'ee18btech11044', 'ee18btech11021', 'mehar', 'aayushgoyal27', 'rakesh1231', 'ee18btech11034', 'pi_stark', None, 'ee17btech11010', 'nagandlaravalika6', 'vlnreddy', 'ee18btech11020', 'emani']",41,"['pkrutikmehta', 'ee18btech11041', 'narendarr34', 'shreshta126', 'siu854042801', 'hrithikraj5', 'sathwikchaitanya', 'tejaswini_anagani', 'mounika.banothu2', 'ee18btech11048', 'ee18btech11016', 'saivarshatedla', 'sidell66', 'cheruu', 'ee18btech11026', 'ee18btech11004', 'tprashanth180', 'aashrith', '16.nt.milan.solanki', 'shaik123', 'ee17btech11001', 'berisowjanya205', 'ee18btech11044', '16.nt.rajan.suhagiya', 'kalyanidp123', '16.nt.harshil.pambhar', 'stunningllama', 'ee18btech11021', 'mehar', 'aayushgoyal27', 'rakesh1231', 'ee18btech11034', 'pi_stark', None, 'jrettmuller', 'ee17btech11010', 'nagandlaravalika6', 'vlnreddy', 'ee18btech11020', 'adithyavardhan', 'emani']"
83,378,14,11,1,['siu854042801'],12,"['pkrutikmehta', 'kalyanidp123', '16.nt.harshil.pambhar', 'sidell66', 'ee18btech11004', '16.nt.milan.solanki', 'stunningllama', 'ee17btech11001', '16.nt.rajan.suhagiya', 'adithyavardhan', 'mounika.banothu2', 'jrettmuller']",10,"['siu856308833', 'paytonmcc', 'ian2123', 'cpm3521', 'siu854386620', 'siu854474938', 'siu854274177', 'streetlight313', None, 'yousef.alansari']",23,"['pkrutikmehta', 'siu856308833', 'kalyanidp123', '16.nt.harshil.pambhar', 'paytonmcc', 'ian2123', 'cpm3521', 'stunningllama', 'siu854042801', 'siu854386620', 'mounika.banothu2', 'siu854274177', None, 'yousef.alansari', 'jrettmuller', 'sidell66', 'ee18btech11004', '16.nt.milan.solanki', 'ee17btech11001', 'siu854474938', 'adithyavardhan', 'streetlight313', '16.nt.rajan.suhagiya']"
83,382,14,11,3,"['siu854042801', 'sidell66', 'jrettmuller']",10,"['pkrutikmehta', 'kalyanidp123', '16.nt.harshil.pambhar', 'ee18btech11004', '16.nt.milan.solanki', 'stunningllama', 'ee17btech11001', 'adithyavardhan', 'mounika.banothu2', '16.nt.rajan.suhagiya']",8,"['siu856308833', 'paytonmcc', 'ian2123', 'jonas.trimble', 'siu854386620', 'siu854274177', None, 'danielryanmuller']",21,"['pkrutikmehta', 'siu856308833', 'kalyanidp123', '16.nt.harshil.pambhar', 'paytonmcc', 'ian2123', 'jonas.trimble', 'stunningllama', 'siu854042801', 'siu854386620', 'mounika.banothu2', 'siu854274177', None, 'jrettmuller', 'danielryanmuller', 'sidell66', 'ee18btech11004', '16.nt.milan.solanki', 'ee17btech11001', 'adithyavardhan', '16.nt.rajan.suhagiya']"
84,249,14,11,10,"['hardikrana', 'ananawa1', 'wdeixle1', 'kboyle3', 'mnepal1', 'teenathomas29', 'abarza1', 'rsawant1', 'anagha', 'saiteja285']",3,"['jluckma1', 'tschaie1', 'njoseph1']",1,[None],14,"['hardikrana', 'teenathomas29', 'kboyle3', 'anagha', 'jluckma1', None, 'ananawa1', 'wdeixle1', 'tschaie1', 'mnepal1', 'njoseph1', 'abarza1', 'rsawant1', 'saiteja285']"
84,403,14,11,10,"['hardikrana', 'ananawa1', 'wdeixle1', 'kboyle3', 'mnepal1', 'teenathomas29', 'abarza1', 'rsawant1', 'anagha', 'saiteja285']",3,"['jluckma1', 'tschaie1', 'njoseph1']",1,[None],14,"['hardikrana', 'teenathomas29', 'kboyle3', 'anagha', 'jluckma1', None, 'ananawa1', 'wdeixle1', 'tschaie1', 'mnepal1', 'njoseph1', 'abarza1', 'rsawant1', 'saiteja285']"
84,407,14,11,10,"['hardikrana', 'ananawa1', 'wdeixle1', 'teenathomas29', 'mnepal1', 'anagha', 'abarza1', 'rsawant1', 'kboyle3', 'saiteja285']",3,"['jluckma1', 'tschaie1', 'njoseph1']",1,[None],14,"['hardikrana', 'teenathomas29', 'kboyle3', 'anagha', 'jluckma1', None, 'ananawa1', 'wdeixle1', 'tschaie1', 'mnepal1', 'njoseph1', 'abarza1', 'rsawant1', 'saiteja285']"
85,121,13,15,12,"['elizabethmtz8', 'ernestovazqueza', 'miressa5', 'a01022945', 'a01630782', 'joseandrescr18', 'a01630926', 'alegucu', 'alex_sonda', 'cecisoriano7', 'xvaldesgza', 'andresloera']",0,[],3,"['a01636223', 'ricardo.jmz', None]",15,"['ernestovazqueza', 'miressa5', 'a01630782', 'ricardo.jmz', 'alex_sonda', 'cecisoriano7', None, 'andresloera', 'elizabethmtz8', 'a01022945', 'joseandrescr18', 'a01636223', 'a01630926', 'alegucu', 'xvaldesgza']"
86,133,13,12,11,"['benwill2000', 'jbzwiebel', 'egeyer', 'colinllee', 'nlv10', 'yousuf.rehman7', 'rr150', 'jsmorgan6', 'xiying0deng', 'jysmart', 'jgk23']",1,['stampanos'],1,[None],13,"['benwill2000', 'jbzwiebel', 'stampanos', 'colinllee', 'yousuf.rehman7', 'jsmorgan6', 'xiying0deng', None, 'egeyer', 'nlv10', 'rr150', 'jysmart', 'jgk23']"
87,138,13,7,6,"['mukuls619', 'kamluk07', 'akvilina0524', 'karkasas', 'qatarhentry123', 'mikele']",6,"['ingagrig7', 'kdagilis', 'ivangast', 'dominykaskan', 'klaudijusmidveris4', 'saule.kulvinskaite']",1,[None],13,"['mukuls619', 'kamluk07', 'akvilina0524', 'ingagrig7', 'karkasas', 'dominykaskan', 'mikele', 'klaudijusmidveris4', None, 'kdagilis', 'qatarhentry123', 'ivangast', 'saule.kulvinskaite']"
88,281,13,85,4,"['vrayz', 'aveekdutta', 'ktadesse', 'jiema1202']",8,"['gzherui', 'ssarvesw', 'wxy30003000', 'swang59', 'michaelnolan', 'acrutt', 'xluo8', 'pjbrumm']",81,"['vostwal', 'kelsayed', 'zhan2395', 'wangjourney7', 'jesuarezl', 'lee3489', 'smatsun', 'vudayamo', 'brajabif', 'elacr', 'julien419', 'wang4142', 'bgunder', 'huang670', 'ssidhard', 'gomez110', 'pavlos.vlachos', 'fionayjx27', 'kpardika', 'yang1908', 'egrubbs', 'englanc', 'uabdulla4', 'savetian', 'xue76', 'rituraj1490', 'pkolis', 'vkoranne', 'zhan3800', 'idoh', 'gshao', 'rituraj346', 'hu589', 'myildiri', 'srrohit7', 'cmenden', 'paulmather', 'agondima', 'cgkartzo', 'desai61', 'qin132', 'sun530', 'ayermemb', 'zhan2748', 'wu801', 'oerturk', 'ahmad31', 'xixilegend', 'mcdona20', 'pdhillon', 'kuhn48', 'ocegueda', 'palani', 'kabdelaz', 'hvr', 'missahaq', 'ganti', 'uditrawat469', 'mcclurez', 'lrajendr', 'henry01234567', 'avasiukh', 'jverduzc', 'zhan3736', 'garlic0923', 'uemir', None, 'priyatham.t', 'eantwiag', 'caseya', 'ayildiri', 'qiuchenzhai', 'silapaku', 'shah151', 'petrosky', 'odonne33', 'adhikarp', 'zhangwy2016', 'ardekani', 'pravi', 'erich1016']",93,"['vostwal', 'kelsayed', 'zhan2395', 'wangjourney7', 'jesuarezl', 'acrutt', 'lee3489', 'smatsun', 'vudayamo', 'brajabif', 'vrayz', 'elacr', 'julien419', 'wang4142', 'bgunder', 'huang670', 'ssidhard', 'gomez110', 'pavlos.vlachos', 'fionayjx27', 'kpardika', 'yang1908', 'egrubbs', 'englanc', 'uabdulla4', 'savetian', 'wxy30003000', 'xue76', 'rituraj1490', 'pkolis', 'vkoranne', 'jiema1202', 'zhan3800', 'idoh', 'gshao', 'rituraj346', 'hu589', 'myildiri', 'srrohit7', 'ssarvesw', 'cmenden', 'paulmather', 'agondima', 'cgkartzo', 'desai61', 'qin132', 'sun530', 'ayermemb', 'zhan2748', 'swang59', 'wu801', 'oerturk', 'ahmad31', 'xixilegend', 'mcdona20', 'pdhillon', 'kuhn48', 'ocegueda', 'pjbrumm', 'palani', 'erich1016', 'kabdelaz', 'hvr', 'missahaq', 'ganti', 'uditrawat469', 'mcclurez', 'lrajendr', 'aveekdutta', 'gzherui', 'henry01234567', 'avasiukh', 'jverduzc', 'zhan3736', 'garlic0923', 'uemir', 'xluo8', None, 'priyatham.t', 'ktadesse', 'eantwiag', 'caseya', 'ayildiri', 'qiuchenzhai', 'silapaku', 'shah151', 'petrosky', 'odonne33', 'adhikarp', 'zhangwy2016', 'ardekani', 'pravi', 'michaelnolan']"
88,282,13,20,2,"['gzherui', 'pjbrumm']",10,"['vrayz', 'aveekdutta', 'ssarvesw', 'wxy30003000', 'swang59', 'jiema1202', 'acrutt', 'xluo8', 'michaelnolan', 'ktadesse']",18,"['strachan', 'wyss', 'azareei', 'davidjohnson', 'sdabiris', 'okurtulu', 'kstirrup', 'baega21', 'usarwar', 'cami.strachan', 'hamed0', 'chen220', 'rderakhs7', 'tmarconi', 'aahmadza', None, 'geakins', 'tkonstan']",30,"['strachan', 'davidjohnson', 'swang59', 'acrutt', 'hamed0', 'tmarconi', 'pjbrumm', 'geakins', 'vrayz', 'baega21', 'usarwar', 'sdabiris', 'aveekdutta', 'gzherui', 'wyss', 'azareei', 'wxy30003000', 'jiema1202', 'kstirrup', 'cami.strachan', 'rderakhs7', 'xluo8', 'aahmadza', None, 'ktadesse', 'ssarvesw', 'okurtulu', 'chen220', 'michaelnolan', 'tkonstan']"
89,67,13,24,12,"['hsu172', 'douh', 'rjaiswa', 'glawlor', 'yu957', 'mahesh96.dsm', 'tao88', 'yang1087', 'bcollar', 'lburzawa', 'chen3360', 'cohen26']",0,[],12,"['avlani', 'das60', 'lin1203', 'ding66', 'deshpa16', 'park1176', 'gaurav_kgk', 'tpollei', 'huang975', 'oyesilyu', 'baker617', None]",24,"['das60', 'lin1203', 'tao88', 'yang1087', 'tpollei', 'chen3360', 'cohen26', 'douh', 'glawlor', 'mahesh96.dsm', 'huang975', 'baker617', 'ding66', 'avlani', 'rjaiswa', 'deshpa16', 'oyesilyu', 'lburzawa', None, 'hsu172', 'yu957', 'park1176', 'gaurav_kgk', 'bcollar']"
89,170,13,13,11,"['hsu172', 'douh', 'rjaiswa', 'glawlor', 'yu957', 'mahesh96.dsm', 'tao88', 'yang1087', 'lburzawa', 'chen3360', 'bcollar']",1,['cohen26'],2,"['tpollei', None]",14,"['rjaiswa', 'tao88', 'yang1087', 'tpollei', 'lburzawa', 'chen3360', None, 'cohen26', 'hsu172', 'douh', 'glawlor', 'yu957', 'mahesh96.dsm', 'bcollar']"
90,387,13,271,11,"['ophelie10', 'axelbelgarde', 'jeandavid', 'giacomo.bego', 'marcospascualin', 'thomas.poulin', 'tristram', 'antoramp', 'franktib2', 'beper53', 'giacomo.munari.1']",1,['darkrising'],260,"['jenniferperez1', 'cicalesej', 'bha00001', 'anamichelena', 'chohyundong12', 'manuel10suarez10', 'b.isenberg', 'xfiles', 'daniel.robin22', 'juansans98', 'anais3', 'adrianhochgesang', 'suyoneee', 'roychoudhuryaditya2019', 'lidiadom', 'aanupam3', 'miguel_fernandez', 'supernhtr', 'ryuhoin2002', 'mtanzi', 'cjs476', 'mertyamanoglu', 'cbnuleejinwoo', 'sooooooy314', 'gekco', 'gonserr', 'bsusol2', 'georgeckchen', 'hellbomber101', 'ohh99o9', 'uxiavelca', 'nakkulab', 'student1000', 'siyuezheng', 'immmin6677', 'matthewdailey', 'sschneider874', 'parkface94', 'pablosande98', 'kunge0054', 'ye02', 'chzh1341', 'danielm78', 'marniesan', 'matthewleemle2', 'bbatuhanbilecen', 'andrea.oldham97', 'idargu90', 'xogus102929', 'nes1011', 'xoangon', 'samuelfl', 'eserafimbortolazzo', 'rachel.blaydes', 'ghtlstnf7', 'vetterd', None, 'bw02203', 'coopjord', 'tjtks4730', 'lhc33820933', 'hancheyn', 'rohdej', 'jhryu1994', 'mmartinezsanchez', 'reyda', 'toast', 'kesu1234', 'dish1498', 'graceml2', 'qkslqksl951', 'u0543041', 'mocha7411', 'jiaolh', 'jn12su27', 'yassminsabry', 'estalin', 'glevita2', 'jesusgiraldez', 'caetano.eirea', 'dhkswk96', 'khfrum', 'msubullies1', 'm0650104.ee06g', 'rbb0001', 'bassel0elgharbawy0', 'aia00001', 'ignaciomilani', 'petercp2', 'mitchell.shields99', '123whdxor', 'soddi1621', 'mauro_sg', 'socrat', 'qncowlf10', 'mikesnure', 'abal2474', 'lsj4677', 'hs960531', 'yougyeongo', 'hayejord', 'qwerty0637', 'corozco', 'tpollei', 'yoonek6719', 'andreagcoto', 'dnlek12', 'zaubin42', 'martinzapatamartinez', 'rygr8576', 'jakubpepas', 'genius_p', 'nshamsi', 'chvk4161', 'dariushkim', 'therahuul', 'isaac.dominguez4444', 'junzed2', 'ganaaa12a', 'latourem', 'rsp79', 'josig2011', 'qottkf6194', 'iflueck2', 'dldnals2020', 'pedro.julian', 'leesk4869', 'dmeyer1998', 'hyerim1006000', 'koakhyunji', 'alskdjfh6161', 'kepco2020a', 'wjdekgus77', 'boody456366', 'nerwin', 'ardisch123', 'xoanmayo', 'itskatomall', 'kyserch', 'adp5383', 'foojorge', 'rricardo0324', 'sgu20151463', 'n3b3x', 'fofi94', 'sallysong683', 'philg', 'jdanivc', 'mis5660', 'anstjd1542', 'u1121281', 'emilioar', 'anstpdlffj3', 'naitix', 'sumintnals', 'navya.k.shastri', 'rhrna007', 'chdu6864', 'hjshook', 'ekdms0894', 'jmy0002', 'foghel96', 'raymondzhou227', 'dangover94', 'ana.rmteo', 'josedamiangarcianoya', 'tmdorsey', 'u1285150', 'ylanbdr', 'titanking231', 'ludovick', 'juho4523', 'aloptor', 'dale7283', 'palzmq', 'jasperdeconinck', 'gipes', 'nargene', 'emt2', 'logankraus', 'bobbimatheson', 'giung0227', 'sherwmit', 'jonathan.balent', 'u0360918', 'ziyue2', 'finnclements', 'dbister', 'dorxlqmdkdlel', 'cjsxodnd12', 'dbeciri45', 'eunice98k', 'byeolguri', 'johnlanghout', 'sukjunyeo', 'u1201859', 'sabintandukar', 'ghobashy445', 'eogn1004', 'exareivaj', 'taylordavis678', 'yjn3492', 'myez', 'cmoauro2', 'kirollos.morcos.km', 'cbo3', 'zlapvmf', 'martinperezmaneiro', 'danielcondetorres', 'antonio25', 'marshallfrye', 'declanb', 'hyerim100600', 'zrm0001', 'juanjoseo', 'pichoncillo1', 'guillermocam', 'b.benson', 'spazos', 'vandelei', 'e.pmcrespo', 'wodnjssnsk12', 'rachelgjohnson', 'shabnashreej', 'doog9601', 'kendalhiatt', 'yoojeong9925', 'lwang82', 'ezsamsuntung', 'mcdonald.josh', 'jrichman99', 'gcxmoffice1994', 'francike', 'thddpwls257', 'jaephago', 'tnqls3409', 'jboniuk98', 'iagomillanentenza', 'alberto4', 'mattmattmerrill', 'blake.ballou08', 'htj1104', 'aht47', 'mehdibandali', 'clara.landesa', 'pablocl', 'qumo4329', 'tonni1912', 'jedelkind0117', 'jlkirk', 'macks', 'sportmonkey584', 'alw0039', 'k66773659', 'piri940511', '5dustkd', 'lukebidulka', 'carlosvigo1997', 'smdesrochers', 'ybso1566']",272,"['jenniferperez1', 'cicalesej', 'bha00001', 'anamichelena', 'chohyundong12', 'manuel10suarez10', 'b.isenberg', 'tristram', 'beper53', 'xfiles', 'daniel.robin22', 'juansans98', 'anais3', 'adrianhochgesang', 'suyoneee', 'roychoudhuryaditya2019', 'lidiadom', 'aanupam3', 'miguel_fernandez', 'supernhtr', 'ryuhoin2002', 'mtanzi', 'cjs476', 'mertyamanoglu', 'cbnuleejinwoo', 'sooooooy314', 'gekco', 'gonserr', 'bsusol2', 'georgeckchen', 'hellbomber101', 'ohh99o9', 'uxiavelca', 'nakkulab', 'student1000', 'antoramp', 'siyuezheng', 'immmin6677', 'matthewdailey', 'sschneider874', 'parkface94', 'pablosande98', 'kunge0054', 'ye02', 'chzh1341', 'danielm78', 'marniesan', 'matthewleemle2', 'bbatuhanbilecen', 'andrea.oldham97', 'idargu90', 'xogus102929', 'nes1011', 'xoangon', 'samuelfl', 'eserafimbortolazzo', 'rachel.blaydes', 'ghtlstnf7', 'vetterd', None, 'bw02203', 'coopjord', 'tjtks4730', 'lhc33820933', 'hancheyn', 'rohdej', 'jhryu1994', 'mmartinezsanchez', 'reyda', 'toast', 'kesu1234', 'dish1498', 'graceml2', 'qkslqksl951', 'u0543041', 'mocha7411', 'jiaolh', 'jn12su27', 'yassminsabry', 'estalin', 'glevita2', 'jesusgiraldez', 'caetano.eirea', 'dhkswk96', 'khfrum', 'msubullies1', 'm0650104.ee06g', 'rbb0001', 'bassel0elgharbawy0', 'aia00001', 'ignaciomilani', 'petercp2', 'mitchell.shields99', '123whdxor', 'soddi1621', 'mauro_sg', 'socrat', 'qncowlf10', 'mikesnure', 'abal2474', 'lsj4677', 'hs960531', 'yougyeongo', 'hayejord', 'giacomo.bego', 'qwerty0637', 'corozco', 'tpollei', 'yoonek6719', 'axelbelgarde', 'jeandavid', 'andreagcoto', 'marcospascualin', 'dnlek12', 'zaubin42', 'martinzapatamartinez', 'rygr8576', 'jakubpepas', 'genius_p', 'nshamsi', 'chvk4161', 'dariushkim', 'therahuul', 'isaac.dominguez4444', 'junzed2', 'ganaaa12a', 'darkrising', 'latourem', 'rsp79', 'josig2011', 'qottkf6194', 'iflueck2', 'dldnals2020', 'pedro.julian', 'leesk4869', 'dmeyer1998', 'hyerim1006000', 'koakhyunji', 'alskdjfh6161', 'kepco2020a', 'wjdekgus77', 'boody456366', 'nerwin', 'ardisch123', 'xoanmayo', 'itskatomall', 'kyserch', 'adp5383', 'foojorge', 'rricardo0324', 'sgu20151463', 'n3b3x', 'fofi94', 'sallysong683', 'philg', 'jdanivc', 'mis5660', 'anstjd1542', 'u1121281', 'emilioar', 'anstpdlffj3', 'naitix', 'sumintnals', 'navya.k.shastri', 'rhrna007', 'chdu6864', 'hjshook', 'ekdms0894', 'jmy0002', 'foghel96', 'raymondzhou227', 'dangover94', 'ana.rmteo', 'josedamiangarcianoya', 'tmdorsey', 'u1285150', 'ylanbdr', 'titanking231', 'thomas.poulin', 'ludovick', 'juho4523', 'aloptor', 'dale7283', 'palzmq', 'jasperdeconinck', 'gipes', 'nargene', 'emt2', 'logankraus', 'bobbimatheson', 'giung0227', 'sherwmit', 'jonathan.balent', 'u0360918', 'franktib2', 'ziyue2', 'finnclements', 'dbister', 'dorxlqmdkdlel', 'cjsxodnd12', 'dbeciri45', 'eunice98k', 'byeolguri', 'johnlanghout', 'sukjunyeo', 'u1201859', 'sabintandukar', 'ghobashy445', 'eogn1004', 'exareivaj', 'taylordavis678', 'yjn3492', 'myez', 'cmoauro2', 'kirollos.morcos.km', 'cbo3', 'zlapvmf', 'martinperezmaneiro', 'danielcondetorres', 'antonio25', 'marshallfrye', 'declanb', 'hyerim100600', 'zrm0001', 'juanjoseo', 'pichoncillo1', 'guillermocam', 'b.benson', 'spazos', 'vandelei', 'e.pmcrespo', 'wodnjssnsk12', 'rachelgjohnson', 'shabnashreej', 'doog9601', 'kendalhiatt', 'yoojeong9925', 'lwang82', 'ezsamsuntung', 'mcdonald.josh', 'jrichman99', 'gcxmoffice1994', 'francike', 'thddpwls257', 'jaephago', 'tnqls3409', 'jboniuk98', 'iagomillanentenza', 'alberto4', 'mattmattmerrill', 'blake.ballou08', 'htj1104', 'aht47', 'mehdibandali', 'clara.landesa', 'pablocl', 'qumo4329', 'tonni1912', 'jedelkind0117', 'jlkirk', 'macks', 'sportmonkey584', 'alw0039', 'ophelie10', 'k66773659', 'piri940511', '5dustkd', 'lukebidulka', 'carlosvigo1997', 'smdesrochers', 'giacomo.munari.1', 'ybso1566']"
90,28,13,15,4,"['thomas.poulin', 'ophelie10', 'franktib2', 'jeandavid']",8,"['axelbelgarde', 'giacomo.bego', 'marcospascualin', 'tristram', 'antoramp', 'darkrising', 'beper53', 'giacomo.munari.1']",11,"['latour.alexandre1', '9.genest.gabriel', 'jtpaquet', 'justinegiroux', 'antoine1.r', 'savardbastien', 'jean00491', 'melissa5', 'essheh', 'remi.caron90', None]",23,"['giacomo.bego', 'jtpaquet', 'justinegiroux', 'antoine1.r', 'thomas.poulin', 'tristram', 'darkrising', 'franktib2', 'beper53', 'savardbastien', 'remi.caron90', None, 'ophelie10', 'axelbelgarde', 'latour.alexandre1', '9.genest.gabriel', 'jeandavid', 'marcospascualin', 'antoramp', 'jean00491', 'melissa5', 'essheh', 'giacomo.munari.1']"
90,40,13,9,1,['darkrising'],11,"['ophelie10', 'axelbelgarde', 'jeandavid', 'giacomo.bego', 'marcospascualin', 'thomas.poulin', 'tristram', 'antoramp', 'franktib2', 'beper53', 'giacomo.munari.1']",8,"['elena_lopez', 'ejg98', 'julioug1', 'emilioar', 'pmvd95', 'dariogarred', None, 'miguellopezcardenas98']",20,"['giacomo.bego', 'emilioar', 'thomas.poulin', 'tristram', 'darkrising', 'franktib2', 'beper53', 'dariogarred', None, 'miguellopezcardenas98', 'ophelie10', 'axelbelgarde', 'elena_lopez', 'jeandavid', 'ejg98', 'julioug1', 'pmvd95', 'marcospascualin', 'antoramp', 'giacomo.munari.1']"
90,45,13,9,1,['darkrising'],11,"['ophelie10', 'axelbelgarde', 'jeandavid', 'giacomo.bego', 'marcospascualin', 'thomas.poulin', 'tristram', 'antoramp', 'franktib2', 'beper53', 'giacomo.munari.1']",8,"['elena_lopez', 'ejg98', 'julioug1', 'emilioar', 'dariogarred', 'plmolina4', 'alexsanchezcast', None]",20,"['giacomo.bego', 'emilioar', 'thomas.poulin', 'tristram', 'darkrising', 'franktib2', 'beper53', 'dariogarred', 'alexsanchezcast', None, 'ophelie10', 'axelbelgarde', 'elena_lopez', 'jeandavid', 'ejg98', 'julioug1', 'marcospascualin', 'antoramp', 'plmolina4', 'giacomo.munari.1']"
90,365,13,9,4,"['thomas.poulin', 'ophelie10', 'franktib2', 'jeandavid']",8,"['axelbelgarde', 'giacomo.bego', 'marcospascualin', 'tristram', 'antoramp', 'darkrising', 'beper53', 'giacomo.munari.1']",5,"['jtpaquet', 'jean00491', 'remi.caron90', 'anais3', None]",17,"['giacomo.bego', 'jtpaquet', 'thomas.poulin', 'tristram', 'darkrising', 'franktib2', 'beper53', 'remi.caron90', 'anais3', None, 'ophelie10', 'axelbelgarde', 'jeandavid', 'marcospascualin', 'antoramp', 'jean00491', 'giacomo.munari.1']"
91,273,13,271,10,"['yeungd', 'gjensen', 'ctow', 'msuter', 'stockb', 'yshousha', 'spear9', 'srothsch', 'shoafn', 'xing36']",2,"['rdesmond', 'growsell']",261,"['mart1380', 'patel731', 'doyle75', 'cdtorres', 'cregers', 'engc', 'ssaradhi', 'jin376', 'lee2614', 'cho372', 'jdumblet', 'mheighwa', 'mohdshah', 'ghais', 'amcgoff', 'smit2827', 'dkahmann', 'the.mark.sargent', 'dkuen', 'stewa238', 'pillai7', 'wning', 'yao201', 'chen2122', 'zubik', 'ewilhite', 'abosshar', 'gupta393', 'cmenden', 'eashburn', 'obalican', 'nabdrahn', 'kvansan', 'nkhuu', 'klipiszk', 'cheeseballs99', 'jmacatan', 'harri670', 'lawrencr', 'kinserc', 'gcesar', 'tmerric', 'apanuga', 'ftangpoo', 'mmohdzai', 'tglavan', 'iyengar1', 'tan254', 'atruver', 'marisol', 'cblackm', 'msargen', 'mart1391', 'vogel30', 'sanjiv3damo', 'woo49', 'rutherfb', 'kiefern', 'ford.l.piano.guitar', 'jiang655', 'butzz', 'rathi4', 'hopkin43', 'mheiland', 'mtbarrette01', 'bkeel', 'yang1865', 'tdarmon', 'akick', 'rturk8292', 'cwidak', 'malhamm', 'lyanni', 'kumar212', 'pickera', 'slillig', 'mfess', 'dleoni', 'richtern', 'lmackin', 'choi333', 'li3604', 'mathur30', 'stark22', 'lm45000', 'anniebreidinger', 'davidrgowan', 'jeigenbr', 'zhan3624', 'kocher1', 'ashwarts', 'singer15', 'jhulsize', 'tnoor', 'ali113', 'jbuehrle', 'nwegh', 'mudd3', 'dzadoks', 'mornings', 'aaprelik', '17scotta', 'gao499', 'shethm', 'siu2', 'jnasiboov', 'psakamot', 'gratz', 'lauerc', 'dixon82', 'emarches', 'kmotwan', 'verma52', 'white559', 'hillej', 'yount', 'nikitasridhar14', 'rdrager', 'tmccoll', 'jai104', 'uuraechu', 'adamdmiller17', 'liu2512', 'ecave', 'allisonbosshart', 'hall363', 'kzeligso', 'akapko', 'wisler0', 'jmickow', 'mbraner', 'jaloi', 'dmassow', 'abelkiew', 'zfrank64', 'etitheyeti98', 'song609', 'mcginn1', 'bcaffert', 'smit3177', 'freyg', '3ksnn64', 'suixiong8', 'layyar', 'butchko', 'mohanc', 'rweedon', 'bpolinsk', 'davidsml', 'mpisoni', 'efeldman', 'oelsher', 'bcasler', 'lowe77', 'asabo2893', 'msulaima', 'baile261', 'cccyyj720', 'brewer66', 'edreifue', 'chao26', 'mfarnell', 'strachan', 'uasoluka', 'peter514', 'gray244', 'cole.breseman', 'hschennu', 'adams410', 'nhuntine', 'baker493', 'ellis99', 'kozelr', 'aperitor', 'natoli0', 'bowman96', 'yang1420', 'agrillo', 'nail', 'iclyde', 'smit3184', 'mcurto', 'pjcali3', 'hgrover', 'hill399', 'cvasq69', 'ithakor', 'pshashi', 'cbresema', 'gtribe', 'vudayamo', 'sedgerto', 'abhalcha', 'mmshank16', 'jo46', 'kang264', 'bgrandst', 'gleasonb', 'mtrivell', 'gnishibu', 'patel784', 'epiergal', 'ghosh36', 'do26', 'roth51', 'bwitchie', 'mart1180', 'peck28', 'aleidli', 'rhinesj', 'osantang', 'tu37', 'ceckste', 'saboa', 'eloewe', 'ebilionis', 'nfei', 'zhao988', 'schuman1', 'everbru', 'xu1020', 'jlorah', 'chiang56', 'rmadhuja', 'avwenning', 'xose.amo', 'lthursto', 'coolnikitav', 'deshmukp', 'schro118', 'li2722', 'redmanr', 'sgrzych', 'bamorim', 'awennin', 'egarayev', 'li2709', 'jpdero2', 'bullock8', 'mill2119', 'aidanc_purdue', 'doherty6', 'george92', 'alotaib6', 'costel10', 'jfitzhu', 'colewilloughby1125', 'dlarocco', 'tpownell', 'ericshen628', 'mishra94', 'lrigsbee', 'goodma27', 'ding202', 'kbebris', 'soni12', 'bernarm', 'meyer264', 'abora', 'dragoneye', 'pcase']",273,"['mart1380', 'patel731', 'doyle75', 'cdtorres', 'cregers', 'engc', 'ssaradhi', 'jin376', 'lee2614', 'cho372', 'jdumblet', 'mheighwa', 'mohdshah', 'ghais', 'amcgoff', 'smit2827', 'dkahmann', 'the.mark.sargent', 'dkuen', 'stewa238', 'pillai7', 'wning', 'yao201', 'chen2122', 'zubik', 'ewilhite', 'abosshar', 'gupta393', 'cmenden', 'eashburn', 'obalican', 'nabdrahn', 'yshousha', 'kvansan', 'nkhuu', 'klipiszk', 'cheeseballs99', 'jmacatan', 'harri670', 'lawrencr', 'kinserc', 'gcesar', 'tmerric', 'apanuga', 'ftangpoo', 'mmohdzai', 'tglavan', 'iyengar1', 'gjensen', 'tan254', 'atruver', 'marisol', 'cblackm', 'msargen', 'mart1391', 'vogel30', 'rdesmond', 'sanjiv3damo', 'woo49', 'rutherfb', 'kiefern', 'ford.l.piano.guitar', 'jiang655', 'butzz', 'rathi4', 'hopkin43', 'mheiland', 'mtbarrette01', 'bkeel', 'yang1865', 'tdarmon', 'akick', 'rturk8292', 'cwidak', 'malhamm', 'lyanni', 'kumar212', 'growsell', 'pickera', 'slillig', 'mfess', 'dleoni', 'richtern', 'lmackin', 'stockb', 'choi333', 'li3604', 'mathur30', 'stark22', 'lm45000', 'anniebreidinger', 'davidrgowan', 'jeigenbr', 'zhan3624', 'kocher1', 'yeungd', 'ashwarts', 'singer15', 'jhulsize', 'tnoor', 'ali113', 'jbuehrle', 'nwegh', 'mudd3', 'dzadoks', 'mornings', 'aaprelik', '17scotta', 'gao499', 'shethm', 'siu2', 'jnasiboov', 'psakamot', 'gratz', 'lauerc', 'dixon82', 'emarches', 'kmotwan', 'verma52', 'white559', 'hillej', 'yount', 'nikitasridhar14', 'msuter', 'rdrager', 'tmccoll', 'jai104', 'uuraechu', 'adamdmiller17', 'liu2512', 'ecave', 'allisonbosshart', 'hall363', 'kzeligso', 'akapko', 'wisler0', 'jmickow', 'mbraner', 'jaloi', 'spear9', 'dmassow', 'abelkiew', 'zfrank64', 'etitheyeti98', 'song609', 'mcginn1', 'bcaffert', 'smit3177', 'freyg', '3ksnn64', 'suixiong8', 'layyar', 'butchko', 'mohanc', 'xing36', 'rweedon', 'bpolinsk', 'davidsml', 'mpisoni', 'efeldman', 'oelsher', 'bcasler', 'lowe77', 'asabo2893', 'msulaima', 'baile261', 'cccyyj720', 'brewer66', 'edreifue', 'chao26', 'mfarnell', 'strachan', 'uasoluka', 'peter514', 'gray244', 'cole.breseman', 'hschennu', 'ctow', 'adams410', 'nhuntine', 'baker493', 'ellis99', 'kozelr', 'aperitor', 'natoli0', 'bowman96', 'yang1420', 'agrillo', 'nail', 'iclyde', 'smit3184', 'mcurto', 'pjcali3', 'hgrover', 'hill399', 'cvasq69', 'ithakor', 'pshashi', 'cbresema', 'gtribe', 'vudayamo', 'sedgerto', 'abhalcha', 'mmshank16', 'jo46', 'kang264', 'bgrandst', 'gleasonb', 'mtrivell', 'gnishibu', 'patel784', 'epiergal', 'ghosh36', 'do26', 'roth51', 'bwitchie', 'mart1180', 'peck28', 'aleidli', 'rhinesj', 'osantang', 'tu37', 'ceckste', 'saboa', 'eloewe', 'ebilionis', 'nfei', 'zhao988', 'schuman1', 'everbru', 'xu1020', 'jlorah', 'chiang56', 'rmadhuja', 'avwenning', 'srothsch', 'xose.amo', 'lthursto', 'coolnikitav', 'deshmukp', 'schro118', 'li2722', 'redmanr', 'sgrzych', 'bamorim', 'awennin', 'egarayev', 'li2709', 'jpdero2', 'bullock8', 'mill2119', 'shoafn', 'aidanc_purdue', 'doherty6', 'george92', 'alotaib6', 'costel10', 'jfitzhu', 'colewilloughby1125', 'dlarocco', 'tpownell', 'ericshen628', 'mishra94', 'lrigsbee', 'goodma27', 'ding202', 'kbebris', 'soni12', 'bernarm', 'meyer264', 'abora', 'dragoneye', 'pcase']"
91,104,13,236,11,"['yeungd', 'gjensen', 'ctow', 'rdesmond', 'stockb', 'yshousha', 'spear9', 'srothsch', 'growsell', 'shoafn', 'xing36']",1,['msuter'],225,"['mart1380', 'wisler0', 'jmickow', 'selkin', 'mbraner', 'jaloi', 'cdtorres', 'lowe77.purdue', 'cregers', 'engc', 'dmassow', 'abelkiew', 'jin376', 'lee2614', 'jdumblet', 'etitheyeti98', 'rumplem', 'mcginn1', 'mohdshah', 'tl0120', 'bcaffert', 'ccurto', 'amcgoff', 'smit3177', 'freyg', 'dkuen', 'suixiong8', 'butchko', 'pillai7', 'mohanc', 'chen2122', 'zubik', 'ewilhite', 'bpolinsk', 'chung189', 'rweedon', 'abosshar', 'gupta393', 'rasato', 'mpisoni', 'efeldman', 'cmenden', 'eashburn', 'richg', 'payne71', 'awoodwa', 'msulaima', 'kvansan', 'cccyyj720', 'reweedon', 'ckeiper', 'edreifue', 'jmacatan', 'lawrencr', 'chao26', 'klipiszk', 'strachan', 'kinserc', 'dangratz99', 'cheeseballs99', 'harri670', 'gcesar', 'deane1', 'apanuga', 'ftangpoo', 'daviskahmann', 'justindcambridge', 'mmohdzai', 'tglavan', 'iyengar1', 'hschennu', 'adams410', 'ceckstein922', 'tdarmon20', 'atruver', 'nhuntine', 'abhilash.bora97', 'ellis99', 'agrillo', 'nail', 'kozelr', 'xul9044', 'natoli0', 'aperitor', 'bowman96', 'stapletl', 'mart1391', 'woo49', 'jess24', 'terry51', None, 'kiefern', 'jiang655', 'smit3184', 'butzz', 'mcurto', 'benbcasler', 'reasato', 'dkuenzel1', 'brewer66', 'hopkin43', 'hill399', 'mtbarrette01', 'bkeel', 'yang1865', 'cvasq69', 'akick', 'rturk8292', 'ydichenk', 'malhamm', 'mynameisjohn', 'wonhyukdo', 'lyanni', 'kumar212', 'sedgerto', 'pickera', 'slillig', 'mfess', 'richtern', 'mmshank16', 'lmackin', 'jboulayd', 'flore170', 'shank8', 'bgrandst', 'ellingtj', 'gleasonb', 'mtrivell', 'gnishibu', 'glevine', 'choi333', 'li3604', 'allnic21', 'behrr', 'ghosh36', 'stark22', 'lm45000', 'anniebreidinger', 'bwitchie', 'ander754', 'davidrgowan', 'maderm', 'jeigenbr', 'peck28', 'aleidli', 'rhinesj', 'hsmoke', 'kocher1', 'osantang', 'racroth35', 'singer15', 'heidi.hansen33', 'jhulsize', 'tnoor', 'saboa', 'elikroller', 'ali113', 'eloewe', 'jbuehrle', 'dewittl', 'mudd3', 'nfei', 'kweidem', 'daveguo614', 'zhao988', 'schuman1', 'aaprelik', 'torreschr', 'everbru', 'abano', 'nathanbaker3889', 'jlorah', 'chiang56', 'shethm', 'xose.amo', 'eponsdel', 'lthursto', 'siu2', 'deshmukp', 'jnasiboov', 'ltoy', 'schro118', 'li2722', 'sgrzych', 'acemagna', 'bamorim', 'lauerc', 'dixon82', 'emarches', 'egarayev', 'awennin', 'hamel0', 'wang3138', 'li2709', 'verma52', 'zhan2846', 'bullock8', 'mill2119', 'white559', 'hillej', 'amoravec', 'george92', 'alotaib6', 'costel10', 'yount', 'jfitzhu', 'colewilloughby1125', 'dlarocco', 'marito', 'tpownell', 'mishra94', 'lrigsbee', 'eashanpsn', 'goodma27', 'uuraechu', 'adamdmiller17', 'liu2512', 'kbebris', 'ecave', 'vkolar', 'rollere', 'ross217', '17scotta', 'dragoneye', 'kzeligso']",237,"['mart1380', 'wisler0', 'jmickow', 'selkin', 'mbraner', 'jaloi', 'cdtorres', 'lowe77.purdue', 'cregers', 'engc', 'spear9', 'dmassow', 'abelkiew', 'jin376', 'lee2614', 'jdumblet', 'etitheyeti98', 'rumplem', 'dragoneye', 'mohdshah', 'tl0120', 'bcaffert', 'ccurto', 'amcgoff', 'smit3177', 'freyg', 'dkuen', 'suixiong8', 'butchko', 'pillai7', 'mohanc', 'chen2122', 'xing36', 'zubik', 'ewilhite', 'bpolinsk', 'chung189', 'rweedon', 'abosshar', 'gupta393', 'rasato', 'mpisoni', 'efeldman', 'cmenden', 'eashburn', 'richg', 'payne71', 'yshousha', 'awoodwa', 'msulaima', 'kvansan', 'cccyyj720', 'reweedon', 'ckeiper', 'edreifue', 'jmacatan', 'lawrencr', 'chao26', 'klipiszk', 'strachan', 'kinserc', 'dangratz99', 'cheeseballs99', 'harri670', 'gcesar', 'deane1', 'apanuga', 'ftangpoo', 'daviskahmann', 'justindcambridge', 'mmohdzai', 'tglavan', 'iyengar1', 'hschennu', 'gjensen', 'ctow', 'adams410', 'ceckstein922', 'tdarmon20', 'atruver', 'nhuntine', 'abhilash.bora97', 'ellis99', 'agrillo', 'nail', 'kozelr', 'xul9044', 'natoli0', 'aperitor', 'bowman96', 'stapletl', 'mart1391', 'rdesmond', 'woo49', 'jess24', 'terry51', None, 'kiefern', 'jiang655', 'smit3184', 'butzz', 'mcurto', 'benbcasler', 'reasato', 'dkuenzel1', 'brewer66', 'hopkin43', 'hill399', 'mtbarrette01', 'bkeel', 'yang1865', 'cvasq69', 'akick', 'rturk8292', 'ydichenk', 'malhamm', 'mynameisjohn', 'wonhyukdo', 'lyanni', 'kumar212', 'sedgerto', 'growsell', 'pickera', 'slillig', 'mfess', 'richtern', 'mmshank16', 'lmackin', 'jboulayd', 'stockb', 'flore170', 'shank8', 'bgrandst', 'ellingtj', 'gleasonb', 'mtrivell', 'gnishibu', 'glevine', 'choi333', 'li3604', 'allnic21', 'behrr', 'ghosh36', 'stark22', 'lm45000', 'anniebreidinger', 'bwitchie', 'ander754', 'davidrgowan', 'maderm', 'jeigenbr', 'peck28', 'aleidli', 'rhinesj', 'hsmoke', 'kocher1', 'yeungd', 'osantang', 'racroth35', 'singer15', 'heidi.hansen33', 'jhulsize', 'tnoor', 'saboa', 'elikroller', 'ali113', 'eloewe', 'jbuehrle', 'dewittl', 'mudd3', 'nfei', 'kweidem', 'daveguo614', 'zhao988', 'schuman1', 'aaprelik', 'torreschr', 'everbru', 'abano', 'nathanbaker3889', 'jlorah', 'chiang56', 'shethm', 'srothsch', 'xose.amo', 'eponsdel', 'lthursto', 'siu2', 'deshmukp', 'jnasiboov', 'ltoy', 'schro118', 'li2722', 'sgrzych', 'acemagna', 'bamorim', 'lauerc', 'dixon82', 'emarches', 'egarayev', 'awennin', 'hamel0', 'wang3138', 'li2709', 'verma52', 'zhan2846', 'bullock8', 'mill2119', 'white559', 'shoafn', 'hillej', 'amoravec', 'george92', 'alotaib6', 'costel10', 'yount', 'jfitzhu', 'colewilloughby1125', 'dlarocco', 'msuter', 'marito', 'tpownell', 'mishra94', 'lrigsbee', 'eashanpsn', 'goodma27', 'uuraechu', 'adamdmiller17', 'liu2512', 'kbebris', 'ecave', 'vkolar', 'rollere', 'ross217', '17scotta', 'mcginn1', 'kzeligso']"
91,277,13,182,4,"['yeungd', 'ctow', 'shoafn', 'xing36']",8,"['gjensen', 'msuter', 'rdesmond', 'stockb', 'yshousha', 'spear9', 'srothsch', 'growsell']",178,"['mart1380', 'patel731', 'wisler0', 'jmickow', 'jaloi', 'cdtorres', 'cregers', 'dmassow', 'abelkiew', 'jin376', 'etitheyeti98', 'rumplem', 'mcginn1', 'mohdshah', 'bcaffert', 'ccurto', 'amcgoff', 'smit3177', 'raob', 'freyg', 'dkuen', 'mohanc', 'stewa238', 'pillai7', 'jmcnaugh', 'chen2122', 'zubik', 'ewilhite', 'rweedon', 'abosshar', 'gupta393', 'rasato', 'mpisoni', 'efeldman', 'cmenden', 'bcasler', 'eashburn', 'richg', 'payne71', 'msulaima', 'kvansan', 'cccyyj720', 'brewer66', 'cheeseballs99', 'klipiszk', 'jmacatan', 'lawrencr', 'chao26', 'edreifue', 'kinserc', 'harri670', 'dangratz99', 'gcesar', 'apanuga', 'peter514', 'ftangpoo', 'daviskahmann', 'mmohdzai', 'cibrahim', 'iyengar1', 'wertzm', 'hschennu', 'adams410', 'tdarmon20', 'atruver', 'nhuntine', 'ellis99', 'agrillo', 'kozelr', 'natoli0', 'xul9044', 'aperitor', 'bowman96', 'stapletl', 'mart1391', 'woo49', 'terry51', None, 'kiefern', 'smit3184', 'butzz', 'mcurto', 'rathi4', 'hgrover', 'hill399', 'mtbarrette01', 'yang1865', 'bkeel', 'cvasq69', 'akick', 'psmading', 'cwidak', 'malhamm', 'wonhyukdo', 'lyanni', 'pickera', 'slillig', 'mfess', 'dleoni', 'mmshank16', 'jboulayd', 'jo46', 'lmackin', 'flore170', 'bgrandst', 'gleasonb', 'mtrivell', 'choi333', 'glevine', 'li3604', 'allnic21', 'behrr', 'patel784', 'epiergal', 'ghosh36', 'stark22', 'anniebreidinger', 'bwitchie', 'mart1180', 'jeigenbr', 'aleidli', 'rhinesj', 'racroth35', 'singer15', 'ceckste', 'jhulsize', 'saboa', 'eloewe', 'jbuehrle', 'turjo11', 'dewittl', 'dzadoks', 'nfei', 'rroggema', 'daveguo614', 'zhao988', 'schuman1', 'everbru', 'abano', 'nathanbaker3889', 'jlorah', 'chiang56', 'gao499', 'shethm', 'xose.amo', 'lthursto', 'siu2', 'deshmukp', 'roj', 'psakamot', 'sgrzych', 'dixon82', 'awennin', 'hamel0', 'wang3138', 'li2709', 'bullock8', 'mill2119', 'white559', 'hillej', 'costel10', 'yount', 'nikitasridhar14', 'colewilloughby1125', 'sssphealix', 'dlarocco', 'marito', 'tpownell', 'lrigsbee', 'goodma27', 'uuraechu', 'adamdmiller17', 'kbebris', 'ecave', 'ross217', '17scotta', 'dragoneye', 'kzeligso']",190,"['mart1380', 'patel731', 'wisler0', 'jmickow', 'jaloi', 'cdtorres', 'cregers', 'spear9', 'dmassow', 'abelkiew', 'jin376', 'etitheyeti98', 'rumplem', 'dragoneye', 'mohdshah', 'bcaffert', 'ccurto', 'amcgoff', 'smit3177', 'raob', 'freyg', 'dkuen', 'mohanc', 'stewa238', 'pillai7', 'jmcnaugh', 'chen2122', 'xing36', 'zubik', 'ewilhite', 'rweedon', 'abosshar', 'gupta393', 'rasato', 'mpisoni', 'efeldman', 'cmenden', 'bcasler', 'eashburn', 'richg', 'payne71', 'yshousha', 'msulaima', 'kvansan', 'cccyyj720', 'brewer66', 'cheeseballs99', 'klipiszk', 'jmacatan', 'lawrencr', 'chao26', 'edreifue', 'kinserc', 'harri670', 'dangratz99', 'gcesar', 'apanuga', 'peter514', 'ftangpoo', 'daviskahmann', 'mmohdzai', 'cibrahim', 'iyengar1', 'wertzm', 'hschennu', 'gjensen', 'ctow', 'adams410', 'tdarmon20', 'atruver', 'nhuntine', 'ellis99', 'agrillo', 'kozelr', 'natoli0', 'xul9044', 'aperitor', 'bowman96', 'stapletl', 'mart1391', 'rdesmond', 'woo49', 'terry51', None, 'kiefern', 'smit3184', 'butzz', 'mcurto', 'rathi4', 'hgrover', 'hill399', 'mtbarrette01', 'yang1865', 'bkeel', 'cvasq69', 'akick', 'psmading', 'cwidak', 'malhamm', 'wonhyukdo', 'lyanni', 'growsell', 'pickera', 'slillig', 'mfess', 'dleoni', 'mmshank16', 'jboulayd', 'jo46', 'lmackin', 'stockb', 'flore170', 'bgrandst', 'gleasonb', 'mtrivell', 'choi333', 'glevine', 'li3604', 'allnic21', 'behrr', 'patel784', 'epiergal', 'ghosh36', 'stark22', 'anniebreidinger', 'bwitchie', 'mart1180', 'jeigenbr', 'aleidli', 'rhinesj', 'yeungd', 'racroth35', 'singer15', 'ceckste', 'jhulsize', 'saboa', 'eloewe', 'jbuehrle', 'turjo11', 'dewittl', 'dzadoks', 'nfei', 'rroggema', 'daveguo614', 'zhao988', 'schuman1', 'everbru', 'abano', 'nathanbaker3889', 'jlorah', 'chiang56', 'gao499', 'shethm', 'srothsch', 'xose.amo', 'lthursto', 'siu2', 'deshmukp', 'roj', 'psakamot', 'sgrzych', 'dixon82', 'awennin', 'hamel0', 'wang3138', 'li2709', 'bullock8', 'mill2119', 'white559', 'shoafn', 'hillej', 'costel10', 'yount', 'nikitasridhar14', 'colewilloughby1125', 'sssphealix', 'dlarocco', 'msuter', 'marito', 'tpownell', 'lrigsbee', 'goodma27', 'uuraechu', 'adamdmiller17', 'kbebris', 'ecave', 'ross217', '17scotta', 'mcginn1', 'kzeligso']"
91,218,13,138,1,['shoafn'],11,"['yeungd', 'gjensen', 'ctow', 'msuter', 'rdesmond', 'stockb', 'yshousha', 'spear9', 'srothsch', 'growsell', 'xing36']",137,"['vostwal', 'kelsayed', 'jaloi', 'cdtorres', 'cregers', 'lee3489', 'smatsun', 'abelkiew', 'zfrank64', 'wang4142', 'ssidhard', 'mohdshah', 'wu1432', 'mheighwa', 'yang1908', 'egrubbs', 'ccurto', 'amcgoff', 'ghais', 'englanc', 'xue76', 'butchko', 'vkoranne', 'freder26', 'wning', 'gshao', 'rituraj346', 'zubik', 'ewilhite', 'bpolinsk', 'akhilvijay', 'mpisoni', 'efeldman', 'cmenden', 'msulaima', 'cgkartzo', 'cccyyj720', 'chao26', 'esoufler', 'sun530', 'wang4506', 'mjokar', 'abora', 'ahmad31', 'pdhillon', 'mmohdzai', 'mohanc21', 'aperitor', 'nail', 'lrajendr', 'avasiukh', 'mart1391', 'rutherfb', 'ddemelom', None, 'priyatham.t', 'kiefern', 'caseya', 'qiuchenzhai', 'petrosky', 'adhikarp', 'wangjourney7', 'yang1865', 'zhan2395', 'rturk8292', 'ydichenk', 'rcontrac', 'malhamm', 'vudayamo', 'brajabif', 'elacr', 'christin3508', 'julien419', 'bgunder', 'richtern', 'gomez110', 'pavlos.vlachos', 'fionayjx27', 'kpardika', 'li3604', 'uabdulla4', 'savetian', 'bhatta23', 'idoh', 'jeigenbr', 'myildiri', 'aleidli', 'hu589', 'srrohit7', 'sail', 'paulmather', 'elikroller', 'agondima', 'desai61', 'zhao988', 'qin132', 'ayermemb', 'zhan2748', 'bsalil', 'xixilegend', 'mcdona20', 'shethm', 'kuhn48', 'ocegueda', 'deshmukp', 'jnasiboov', 'li2722', 'meyers18', 'missahaq', 'huang706', 'jpdero2', 'wang3138', 'mcclurez', 'bullock8', 'white559', 'henry01234567', 'alotaib6', 'saha40', 'colewilloughby1125', 'dlarocco', 'zhan3736', 'gmantey', 'nkedir', 'eantwiag', 'uuraechu', 'liu2512', 'anna.collins97', 'ayildiri', 'jjoffe', 'silapaku', 'soni12', 'odonne33', 'ardekani', 'pravi', '17scotta', 'erich1016', 'montoyar']",149,"['vostwal', 'kelsayed', 'jaloi', 'cdtorres', 'cregers', 'spear9', 'lee3489', 'smatsun', 'abelkiew', 'zfrank64', 'wang4142', 'ssidhard', 'mohdshah', 'wu1432', 'mheighwa', 'yang1908', 'egrubbs', 'ccurto', 'amcgoff', 'ghais', 'englanc', 'xue76', 'butchko', 'vkoranne', 'freder26', 'wning', 'gshao', 'rituraj346', 'xing36', 'zubik', 'ewilhite', 'bpolinsk', 'akhilvijay', 'mpisoni', 'efeldman', 'cmenden', 'yshousha', 'msulaima', 'cgkartzo', 'cccyyj720', 'chao26', 'esoufler', 'sun530', 'wang4506', 'mjokar', 'ahmad31', 'pdhillon', 'mmohdzai', 'erich1016', 'gjensen', 'ctow', 'mohanc21', 'aperitor', 'nail', 'lrajendr', 'avasiukh', 'mart1391', 'rdesmond', 'rutherfb', 'ddemelom', None, 'priyatham.t', 'kiefern', 'caseya', 'qiuchenzhai', 'petrosky', 'adhikarp', 'yang1865', 'zhan2395', 'rturk8292', 'ydichenk', 'rcontrac', 'malhamm', 'vudayamo', 'growsell', 'brajabif', 'elacr', 'christin3508', 'julien419', 'bgunder', 'richtern', 'gomez110', 'pravi', 'stockb', 'fionayjx27', 'kpardika', 'li3604', 'uabdulla4', 'savetian', 'bhatta23', 'idoh', 'jeigenbr', 'myildiri', 'aleidli', 'hu589', 'yeungd', 'srrohit7', 'sail', 'paulmather', 'elikroller', 'agondima', 'desai61', 'zhao988', 'qin132', 'ayermemb', '17scotta', 'zhan2748', 'bsalil', 'xixilegend', 'mcdona20', 'shethm', 'srothsch', 'kuhn48', 'ocegueda', 'deshmukp', 'jnasiboov', 'li2722', 'meyers18', 'missahaq', 'huang706', 'jpdero2', 'wang3138', 'mcclurez', 'bullock8', 'white559', 'shoafn', 'henry01234567', 'alotaib6', 'saha40', 'colewilloughby1125', 'dlarocco', 'msuter', 'zhan3736', 'gmantey', 'nkedir', 'eantwiag', 'uuraechu', 'liu2512', 'anna.collins97', 'ayildiri', 'jjoffe', 'silapaku', 'soni12', 'odonne33', 'ardekani', 'pavlos.vlachos', 'abora', 'wangjourney7', 'montoyar']"
91,274,13,40,2,"['spear9', 'rdesmond']",10,"['yeungd', 'gjensen', 'ctow', 'msuter', 'stockb', 'yshousha', 'srothsch', 'growsell', 'shoafn', 'xing36']",38,"['xu1085', 'slosing', 'sharp52', 'gzertuch', 'kfuria', 'kswartzb', 'pcastagn', 'tuckerz', 'ferree1', 'hansonni', 'holm2', 'roemer8160', 'aperitor', 'bcaffert', 'wagne236', 'akansky', 'vogel30', 'mswineha', 'nielsenk', 'ander754', 'mgubbi', None, 'hsmoke', 'chung189', 'koverley', 'ceckste', 'guo431', 'fergu101', 'vkolar', 'nabdrahn', 'elikroller', 'ross217', 'jonathanlimp87', 'gct246', 'ctsioli', 'dewittl', 'harbinz', 'rroggema']",50,"['xu1085', 'sharp52', 'slosing', 'gzertuch', 'kfuria', 'spear9', 'srothsch', 'kswartzb', 'pcastagn', 'growsell', 'tuckerz', 'gjensen', 'ctow', 'ferree1', 'stockb', 'hansonni', 'roemer8160', 'holm2', 'bcaffert', 'shoafn', 'aperitor', 'wagne236', 'akansky', 'msuter', 'rdesmond', 'vogel30', 'mswineha', 'nielsenk', 'ander754', 'mgubbi', 'xing36', None, 'hsmoke', 'yeungd', 'chung189', 'koverley', 'ceckste', 'guo431', 'fergu101', 'vkolar', 'nabdrahn', 'yshousha', 'elikroller', 'ross217', 'jonathanlimp87', 'gct246', 'ctsioli', 'dewittl', 'harbinz', 'rroggema']"
91,276,13,6,1,['srothsch'],11,"['yeungd', 'gjensen', 'ctow', 'msuter', 'rdesmond', 'stockb', 'yshousha', 'spear9', 'growsell', 'shoafn', 'xing36']",5,"['cmenden', 'kumar212', 'edreifue', None, 'natoli0']",17,"['yeungd', 'gjensen', 'ctow', 'msuter', 'rdesmond', 'shoafn', 'cmenden', 'stockb', 'yshousha', 'spear9', None, 'srothsch', 'kumar212', 'edreifue', 'growsell', 'natoli0', 'xing36']"
93,64,13,8,4,"['alex.kobald', 'lukas.fussi', 'anape', 'mrcookiecooker']",8,"['rascofrasco', 'kjw3523', 'christoph.doesinger', 'bellra98', 'joebstlmichaelstefan', 'marcel.simhofer', 'dgrafinger', 'chemat31']",4,"['schuscha', 'momo2801', None, 'robboew']",16,"['christoph.doesinger', 'bellra98', 'marcel.simhofer', 'dgrafinger', 'momo2801', 'alex.kobald', 'lukas.fussi', None, 'rascofrasco', 'kjw3523', 'mrcookiecooker', 'anape', 'joebstlmichaelstefan', 'schuscha', 'robboew', 'chemat31']"
93,63,13,7,2,"['anape', 'dgrafinger']",10,"['rascofrasco', 'kjw3523', 'christoph.doesinger', 'mrcookiecooker', 'bellra98', 'joebstlmichaelstefan', 'marcel.simhofer', 'chemat31', 'alex.kobald', 'lukas.fussi']",5,"['tobiko11', 'verena_sch', 'paulschaffer', 'vgi025', None]",17,"['christoph.doesinger', 'verena_sch', 'bellra98', 'marcel.simhofer', 'dgrafinger', 'alex.kobald', 'lukas.fussi', 'vgi025', None, 'paulschaffer', 'tobiko11', 'rascofrasco', 'kjw3523', 'mrcookiecooker', 'anape', 'joebstlmichaelstefan', 'chemat31']"
94,330,13,11,1,['yogesh30394'],11,"['vickyacospa', 'pnakarmi', 'william86888', 'skhanal22', 'mengyingbian1991', 'birdsquirrel93', 'imantsd', 'shreybajaj', 'jebickel', 'yar_oommf', 'nhobson']",10,"['abhimahour72', 'bangarhimanshu9', 'nishthavats', 'akashtfl15', None, 'miss.namrata08', 'kpmondal', 'bkkuanr', 'raghavposti', 'p_das']",22,"['vickyacospa', 'bangarhimanshu9', 'mengyingbian1991', 'imantsd', 'miss.namrata08', 'kpmondal', 'bkkuanr', 'raghavposti', None, 'yogesh30394', 'abhimahour72', 'pnakarmi', 'akashtfl15', 'william86888', 'nishthavats', 'skhanal22', 'birdsquirrel93', 'shreybajaj', 'jebickel', 'yar_oommf', 'p_das', 'nhobson']"
94,331,13,7,1,['yogesh30394'],11,"['vickyacospa', 'pnakarmi', 'william86888', 'skhanal22', 'mengyingbian1991', 'birdsquirrel93', 'imantsd', 'shreybajaj', 'jebickel', 'yar_oommf', 'nhobson']",6,"['nishthavats', 'vipulsharma110', None, 'miss.namrata08', 'kpmondal', 'devkapil108']",18,"['vickyacospa', 'vipulsharma110', 'mengyingbian1991', 'imantsd', 'miss.namrata08', 'kpmondal', 'devkapil108', None, 'yogesh30394', 'pnakarmi', 'nishthavats', 'william86888', 'skhanal22', 'birdsquirrel93', 'shreybajaj', 'jebickel', 'yar_oommf', 'nhobson']"
95,468,12,12,10,"['anthonyspear', 'campevan97', 'jarodfreeman7', 'navajas1', 'tomandersone36', 'syndeev15', 'treecko160', 'zachlc66', 'acesdarkstar', 'alanramirez99']",1,['not0sure'],2,"['cviney', None]",13,"['anthonyspear', 'campevan97', 'tomandersone36', 'zachlc66', 'cviney', None, 'not0sure', 'jarodfreeman7', 'navajas1', 'syndeev15', 'treecko160', 'acesdarkstar', 'alanramirez99']"
96,80,12,7,1,['afriasd'],10,"['acbradley', 'dumitru.trucu', 'jreed10009', 'jlacsina', 'ttang2', 'prakash.raut', '1120140384yang', 'leemiao1984', 'nn00951', 'ruxandratonea17']",6,"['kleinstreuernc', 'elisacrisci', 'tnguye22', 'barrano247', 'lilshay1999.lr', None]",17,"['acbradley', 'dumitru.trucu', 'jreed10009', 'jlacsina', 'kleinstreuernc', 'ttang2', 'elisacrisci', 'prakash.raut', 'tnguye22', '1120140384yang', 'barrano247', 'leemiao1984', 'nn00951', 'lilshay1999.lr', 'afriasd', None, 'ruxandratonea17']"
97,172,12,25,10,"['brianyiyu5', 'dcpang2', 'siyuan2', 'arulouie', 'restep2', 'cychan3', 'avw2', 'junzhek', 'ivy950222', 'lianthony34']",1,['bfl16v1799'],15,"['eratta2', 'cyychan', 'ziangg2', 'xw5', 'stephaniejaster', 'shaloo', 'rayyose7', 'collinhaney', 'bhwu1996', 'sunluwen07', 'sneezekyu', 'monolith', None, 'lanruiy2', 'rmahmud2']",26,"['dcpang2', 'arulouie', 'stephaniejaster', 'xw5', 'rayyose7', 'collinhaney', 'bhwu1996', 'junzhek', 'lanruiy2', 'cychan3', 'avw2', 'sneezekyu', 'brianyiyu5', 'eratta2', 'siyuan2', 'sunluwen07', None, 'cyychan', 'bfl16v1799', 'shaloo', 'restep2', 'ziangg2', 'lianthony34', 'monolith', 'ivy950222', 'rmahmud2']"
97,425,12,18,7,"['brianyiyu5', 'siyuan2', 'restep2', 'cychan3', 'junzhek', 'ivy950222', 'lianthony34']",4,"['arulouie', 'dcpang2', 'bfl16v1799', 'avw2']",11,"['shaloo', 'nickvashkani', 'baohl2', 'lsun24', None, 'rakheja', 'ziangg2', 'yicongd2', 'schen157', 'ri3', 'lanruiy2']",22,"['brianyiyu5', 'dcpang2', 'siyuan2', 'arulouie', 'lsun24', 'yicongd2', 'junzhek', None, 'ri3', 'lanruiy2', 'bfl16v1799', 'shaloo', 'nickvashkani', 'baohl2', 'restep2', 'cychan3', 'avw2', 'ziangg2', 'rakheja', 'lianthony34', 'schen157', 'ivy950222']"
98,51,12,22,1,['dja1995'],10,"['amgad.w.hamouda', 'juliosagas', 'hasnaincusat', 'marcov.john', 'th2citysave', 'logank3', 'davyn', 'baba5anogg', 'amro.elfayoumy', 'tyt.2409']",21,"['siggy36', 'dntnwls0501', 'codns318', 'minho9534', 'yujincho', 'yummchae', 'jiwon7341', 'kimys4u', 'jaephago', 'kangtoltol', 'yjh4866', 'kimyoungkyen', 'dbsgnl4', 'eb32862', 'anstpdlffj3', 'sjhoon96', 'qjjh1217', None, 'dorxlqmdkdlel', 'ottersquad', 'dangover94']",32,"['marcov.john', 'siggy36', 'dntnwls0501', 'logank3', 'codns318', 'minho9534', 'baba5anogg', 'yujincho', 'yummchae', 'amgad.w.hamouda', 'juliosagas', 'jiwon7341', 'hasnaincusat', 'kimys4u', 'jaephago', 'kangtoltol', 'yjh4866', 'kimyoungkyen', 'dbsgnl4', 'eb32862', 'tyt.2409', 'th2citysave', 'anstpdlffj3', 'sjhoon96', 'qjjh1217', 'amro.elfayoumy', None, 'dorxlqmdkdlel', 'davyn', 'ottersquad', 'dja1995', 'dangover94']"
98,339,12,15,1,['dja1995'],10,"['amgad.w.hamouda', 'juliosagas', 'hasnaincusat', 'marcov.john', 'th2citysave', 'logank3', 'davyn', 'baba5anogg', 'amro.elfayoumy', 'tyt.2409']",14,"['jiwon7341', 'dorxlqmdkdlel', 'kimys4u', 'siggy36', 'jaephago', 'kimyoungkyen', 'codns318', 'minho9534', 'yjh4866', 'sjhoon96', 'yujincho', 'dangover94', 'qjjh1217', None]",25,"['marcov.john', 'th2citysave', 'siggy36', 'logank3', 'codns318', 'minho9534', 'baba5anogg', 'sjhoon96', 'yujincho', 'qjjh1217', 'amro.elfayoumy', None, 'amgad.w.hamouda', 'juliosagas', 'jiwon7341', 'hasnaincusat', 'dorxlqmdkdlel', 'jaephago', 'kimys4u', 'kimyoungkyen', 'yjh4866', 'davyn', 'dja1995', 'dangover94', 'tyt.2409']"
100,184,12,74,2,"['kkoradiy', 'peter496']",9,"['rosetta', 'amandaleong', 'keillenlee', 'aminasian5', 'irinanazari', 'lu500', 'dmg32c', 'seungho0377', 'genrad']",72,"['ganeshm', 'dbenham', 'titus9', 'askipwor', 'kswiatk', 'gtribe', 'sah1', 'ssaradhi', 'pnagrani', 'sharm284', 'rnaon', 'dewey2', 'fvora', 'ja37989', 'ncnweb_outreach1', 'faltens', 'eheikens', 'mtrivell', 'jianwen97', 'lgreenle', 'savetian', 'yao201', 'deshpan3', 'rojas23', 'osantang', 'bhartant', 'jung248', 'paulmather', 'alafzi', 'ericks23', 'abuganza', 'reyno105', 'desai61', 'byant', 'mfarnell', 'aavlani', 'li2736', 'gchsong', 'skarumur', 'jmeneze', 'ununez', 'callahap', 'bmodel', 'patkip', 'hu509', 'owen22', 'tan254', 'smit3159', 'lowe52', 'jpdero2', 'matar', 'mcclurez', 'conley39', 'aidanc_purdue', 'wang4084', 'anaon', 'vogel30', 'jverduzc', 'zprofio', 'jo30', 'ncnweb_outreach2', 'kulkar72', 'satishbgowda', None, 'ford.l.piano.guitar', 'jpiazza', 'petrosky', 'jstalba', 'dfarache', 'han602', 'shanks5', 'mademoiselle0812']",83,"['ganeshm', 'dbenham', 'titus9', 'amandaleong', 'askipwor', 'aminasian5', 'irinanazari', 'kswiatk', 'lu500', 'gtribe', 'seungho0377', 'sah1', 'ssaradhi', 'pnagrani', 'sharm284', 'rnaon', 'dewey2', 'fvora', 'ja37989', 'ncnweb_outreach1', 'faltens', 'eheikens', 'mtrivell', 'jianwen97', 'lgreenle', 'savetian', 'yao201', 'deshpan3', 'rojas23', 'osantang', 'rosetta', 'bhartant', 'keillenlee', 'jung248', 'paulmather', 'alafzi', 'ericks23', 'genrad', 'abuganza', 'reyno105', 'desai61', 'byant', 'mfarnell', 'aavlani', 'li2736', 'gchsong', 'skarumur', 'jmeneze', 'ununez', 'callahap', 'bmodel', 'patkip', 'hu509', 'owen22', 'tan254', 'peter496', 'smit3159', 'lowe52', 'jpdero2', 'matar', 'mcclurez', 'conley39', 'aidanc_purdue', 'wang4084', 'anaon', 'vogel30', 'jverduzc', 'zprofio', 'jo30', 'ncnweb_outreach2', 'kulkar72', 'satishbgowda', None, 'ford.l.piano.guitar', 'jpiazza', 'petrosky', 'jstalba', 'dfarache', 'dmg32c', 'han602', 'shanks5', 'kkoradiy', 'mademoiselle0812']"
100,193,12,14,1,['lu500'],10,"['rosetta', 'amandaleong', 'keillenlee', 'aminasian5', 'irinanazari', 'peter496', 'seungho0377', 'dmg32c', 'genrad', 'kkoradiy']",13,"['bmodel', 'li2736', 'wang4084', 'tan254', 'anaon', 'petrosky', 'jverduzc', 'deshpan3', 'jpdero2', 'mcclurez', 'desai61', None, 'fvora']",24,"['li2736', 'wang4084', 'amandaleong', 'aminasian5', 'irinanazari', 'anaon', 'lu500', 'jverduzc', 'seungho0377', 'deshpan3', None, 'fvora', 'bmodel', 'rosetta', 'keillenlee', 'tan254', 'petrosky', 'peter496', 'dmg32c', 'jpdero2', 'genrad', 'mcclurez', 'desai61', 'kkoradiy']"
100,190,12,11,1,['kkoradiy'],10,"['rosetta', 'amandaleong', 'keillenlee', 'aminasian5', 'irinanazari', 'lu500', 'peter496', 'seungho0377', 'dmg32c', 'genrad']",10,"['patkip', 'wang4084', 'faltens', 'jverduzc', 'jpdero2', 'pnagrani', 'mcclurez', 'desai61', None, 'jbarsima']",21,"['wang4084', 'amandaleong', 'aminasian5', 'irinanazari', 'jverduzc', 'lu500', 'seungho0377', 'pnagrani', None, 'patkip', 'rosetta', 'faltens', 'keillenlee', 'peter496', 'dmg32c', 'jpdero2', 'genrad', 'mcclurez', 'desai61', 'kkoradiy', 'jbarsima']"
100,192,12,8,5,"['keillenlee', 'amandaleong', 'irinanazari', 'aminasian5', 'genrad']",6,"['rosetta', 'lu500', 'dmg32c', 'peter496', 'seungho0377', 'kkoradiy']",3,"[None, 'taylormorris', 'chloeoconnor']",14,"['chloeoconnor', 'amandaleong', 'aminasian5', 'irinanazari', 'lu500', 'taylormorris', 'seungho0377', None, 'rosetta', 'keillenlee', 'peter496', 'dmg32c', 'genrad', 'kkoradiy']"
100,195,12,8,1,['lu500'],10,"['rosetta', 'amandaleong', 'keillenlee', 'aminasian5', 'irinanazari', 'peter496', 'seungho0377', 'dmg32c', 'genrad', 'kkoradiy']",7,"['bmodel', 'wang4084', 'jverduzc', 'petrosky', 'mcclurez', 'desai61', None]",18,"['wang4084', 'amandaleong', 'aminasian5', 'irinanazari', 'jverduzc', 'lu500', 'seungho0377', None, 'bmodel', 'rosetta', 'keillenlee', 'petrosky', 'peter496', 'dmg32c', 'genrad', 'mcclurez', 'desai61', 'kkoradiy']"
101,67,12,24,8,"['avlani', 'das60', 'lin1203', 'park1176', 'huang975', 'oyesilyu', 'baker617', 'ding66']",3,"['arjun.arjunlama82', 'najihah.ismit', 'evgenii']",16,"['hsu172', 'douh', 'glawlor', 'rjaiswa', 'yu957', 'deshpa16', 'mahesh96.dsm', 'tao88', 'gaurav_kgk', 'yang1087', 'tpollei', 'bcollar', 'lburzawa', 'chen3360', None, 'cohen26']",27,"['das60', 'lin1203', 'arjun.arjunlama82', 'tao88', 'yang1087', 'tpollei', 'chen3360', 'najihah.ismit', 'cohen26', 'douh', 'glawlor', 'mahesh96.dsm', 'huang975', 'ding66', 'baker617', 'avlani', 'rjaiswa', 'deshpa16', 'oyesilyu', 'lburzawa', None, 'hsu172', 'yu957', 'park1176', 'gaurav_kgk', 'evgenii', 'bcollar']"
103,369,12,38,2,"['desbasj001', 'voltafruett']",9,"['v157460', 'henriquetheodorsf.ht', 'lrm5060', 't206043', 'a190710', 'ealruqob', 'nykri9', 'rodolfopoloniandrietta', 'well33488']",36,"['g172497', 'mathepionorio', 'g169127', 'h174308', 'aaaaaaaa1', 'i217947', 'joaopedro', 'j199681', 'y225901', 'i199092', 'thiagolim42', 'w188684', 'igorp.lopes', 'i175460', 'm222157', 'diogoteles08', 'g172185', 'joe.stifler', 'b167869', 'oozakudesu', 'heigon77', 'odeiofeec', None, 'gabriel_dutra', 'juliombb', 'm175011', 'oozaku', 'josehenriquerecio', 'joaoppagnan', 'matheusgmmendonca', 'j123765', 'v207054', 'frerappa', 'd169649', 'mathbulhoes', 'd169774']",47,"['v157460', 'g172497', 'mathepionorio', 'g169127', 'nykri9', 'h174308', 'aaaaaaaa1', 'i217947', 'lrm5060', 'joaopedro', 'a190710', 'j199681', 'y225901', 'desbasj001', 'i199092', 'thiagolim42', 'w188684', 'igorp.lopes', 'i175460', 'm222157', 'diogoteles08', 'g172185', 'joe.stifler', 'b167869', 'oozakudesu', 'well33488', 'rodolfopoloniandrietta', 'heigon77', 'odeiofeec', None, 'gabriel_dutra', 'juliombb', 'm175011', 'henriquetheodorsf.ht', 'oozaku', 'voltafruett', 't206043', 'josehenriquerecio', 'joaoppagnan', 'matheusgmmendonca', 'j123765', 'v207054', 'frerappa', 'ealruqob', 'd169649', 'mathbulhoes', 'd169774']"
103,370,12,25,2,"['rodolfopoloniandrietta', 'well33488']",9,"['v157460', 'henriquetheodorsf.ht', 'lrm5060', 'voltafruett', 't206043', 'a190710', 'ealruqob', 'nykri9', 'desbasj001']",23,"['c214570', 'maronato', 'ppalves10', 'g169127', 'dominguilherme', 'v206586', 'vmmartinez2811', 'm222059', 'f171043', 'w188684', 'matsano', 'sciecode', 'r204993', 'pietro1704', 'cauan_newton', None, 'christian.konishi', 'juliombb', 'r204952', 'palmirasara', 'l201332', 'a212269', 'thiagoms']",34,"['c214570', 'v157460', 'maronato', 'ppalves10', 'g169127', 'nykri9', 'dominguilherme', 'v206586', 'lrm5060', 'vmmartinez2811', 'a190710', 'desbasj001', 'm222059', 'f171043', 'w188684', 'matsano', 'sciecode', 'r204993', 'pietro1704', 'cauan_newton', 'well33488', 'rodolfopoloniandrietta', None, 'christian.konishi', 'juliombb', 'r204952', 'palmirasara', 'l201332', 'henriquetheodorsf.ht', 'a212269', 'voltafruett', 't206043', 'thiagoms', 'ealruqob']"
103,372,12,9,2,"['t206043', 'a190710']",9,"['v157460', 'henriquetheodorsf.ht', 'lrm5060', 'voltafruett', 'ealruqob', 'nykri9', 'rodolfopoloniandrietta', 'well33488', 'desbasj001']",7,"['serodio', 'marcosdiaz', 'luizeduardoaraujozucchi', 'matheusgmmendonca', 'juangalvez', None, 'ramireguilherme']",18,"['serodio', 'v157460', 'nykri9', 'well33488', 'rodolfopoloniandrietta', None, 'juangalvez', 'marcosdiaz', 'henriquetheodorsf.ht', 'lrm5060', 'voltafruett', 't206043', 'a190710', 'luizeduardoaraujozucchi', 'matheusgmmendonca', 'ramireguilherme', 'ealruqob', 'desbasj001']"
108,440,11,17,9,"['rajharyan786', 'ahiresumeet123', 'omkarchalke21', 'pankajdwaykar1999', 'siddheshparab03', 'ashwinjad41', 'prathamesh903', 'himanshusharma.47986', 'sejalsardal84']",1,['dineshrsaple'],8,"['tejasdangare.td', 'omkarkelshikar30', 'sujitpatankar442', 'dubey41r', 'kaustubh911', 'patilvaidehee98', None, 'ameypanchal1234']",18,"['omkarkelshikar30', 'siddheshparab03', 'prathamesh903', 'himanshusharma.47986', None, 'sejalsardal84', 'tejasdangare.td', 'dineshrsaple', 'rajharyan786', 'ahiresumeet123', 'omkarchalke21', 'pankajdwaykar1999', 'sujitpatankar442', 'dubey41r', 'kaustubh911', 'ashwinjad41', 'patilvaidehee98', 'ameypanchal1234']"
108,448,11,11,9,"['rajharyan786', 'ahiresumeet123', 'omkarchalke21', 'pankajdwaykar1999', 'siddheshparab03', 'ashwinjad41', 'prathamesh903', 'himanshusharma.47986', 'sejalsardal84']",1,['dineshrsaple'],2,"['tejasdangare.td', None]",12,"['siddheshparab03', 'prathamesh903', 'himanshusharma.47986', None, 'sejalsardal84', 'tejasdangare.td', 'dineshrsaple', 'rajharyan786', 'ahiresumeet123', 'omkarchalke21', 'pankajdwaykar1999', 'ashwinjad41']"
108,342,11,10,9,"['rajharyan786', 'ahiresumeet123', 'omkarchalke21', 'pankajdwaykar1999', 'siddheshparab03', 'ashwinjad41', 'prathamesh903', 'himanshusharma.47986', 'sejalsardal84']",1,['dineshrsaple'],1,[None],11,"['siddheshparab03', 'prathamesh903', 'himanshusharma.47986', None, 'sejalsardal84', 'dineshrsaple', 'rajharyan786', 'ahiresumeet123', 'omkarchalke21', 'pankajdwaykar1999', 'ashwinjad41']"
108,453,11,10,9,"['rajharyan786', 'ahiresumeet123', 'omkarchalke21', 'pankajdwaykar1999', 'siddheshparab03', 'ashwinjad41', 'prathamesh903', 'himanshusharma.47986', 'sejalsardal84']",1,['dineshrsaple'],1,[None],11,"['siddheshparab03', 'prathamesh903', 'himanshusharma.47986', None, 'sejalsardal84', 'dineshrsaple', 'rajharyan786', 'ahiresumeet123', 'omkarchalke21', 'pankajdwaykar1999', 'ashwinjad41']"
109,319,11,12,9,"['yes99iqi', 'juanpabloramirezserrano2123', 'nicoler9712', 'monseriver17', 'fabrizio.arias611', 'vzamorap', 'mariapaulavr', 'mofdz', 'barbozaroger31']",1,['seanryan'],3,"['carla.gomezquiros', None, 'pamemolinarivera']",13,"['yes99iqi', 'juanpabloramirezserrano2123', 'pamemolinarivera', 'carla.gomezquiros', None, 'nicoler9712', 'seanryan', 'monseriver17', 'fabrizio.arias611', 'vzamorap', 'mariapaulavr', 'mofdz', 'barbozaroger31']"
109,320,11,12,9,"['yes99iqi', 'juanpabloramirezserrano2123', 'nicoler9712', 'monseriver17', 'fabrizio.arias611', 'vzamorap', 'mariapaulavr', 'mofdz', 'barbozaroger31']",1,['seanryan'],3,"['carla.gomezquiros', None, 'pamemolinarivera']",13,"['yes99iqi', 'juanpabloramirezserrano2123', 'pamemolinarivera', 'carla.gomezquiros', None, 'nicoler9712', 'seanryan', 'monseriver17', 'fabrizio.arias611', 'vzamorap', 'mariapaulavr', 'mofdz', 'barbozaroger31']"
111,298,11,50,10,"['horn1720', 'brendancheng97', 'hannahwilen', 'amartzz', 'angiechristinelei', 'nicemice77', 'kurisil00', 'marianitaben', 'mbelissary1', 'ebakretsbew']",0,[],40,"['dl232', '108claire', 'aaa504035787', 'ashwinmahendra98', 'sanmitra.roni', 'blc29', 'aarondfranklin', 'brianbosem', 'charlotteroh', 'ari_carri', 'brooke.z.keene', 'hattan.abuzaid', 'lindamanyenga', 'memelord123', 'faris.albarghouthi', 'acanning24', 'ak398', 'nano512', 'allencao', 'nightshadequeen', 'luciamees2016', 'shihenglu94', 'moarabi', 'joanna.li', 'martincala', 'enakshi', 'uzoigweamauche', 'lae26', 'jonahhk', 'vagpan88', 'jmedway614', None, 'hah36', 'davidliu729', 's4rahlim', 'awodell12', 'joyqiaoyili', 'divmalhotrawork', 'atm54', 'vivianqw']",50,"['dl232', '108claire', 'hannahwilen', 'aaa504035787', 'ashwinmahendra98', 'sanmitra.roni', 'blc29', 'aarondfranklin', 'mbelissary1', 'brianbosem', 'charlotteroh', 'ari_carri', 'brooke.z.keene', 'hattan.abuzaid', 'lindamanyenga', 'memelord123', 'kurisil00', 'faris.albarghouthi', 'acanning24', 'ak398', 'nano512', 'allencao', 'nightshadequeen', 'luciamees2016', 'shihenglu94', 'moarabi', 'horn1720', 'amartzz', 'joanna.li', 'martincala', 'angiechristinelei', 'enakshi', 'uzoigweamauche', 'lae26', 'marianitaben', 'jonahhk', 'vagpan88', 'jmedway614', None, 'hah36', 'davidliu729', 'brendancheng97', 'nicemice77', 's4rahlim', 'awodell12', 'joyqiaoyili', 'divmalhotrawork', 'atm54', 'vivianqw', 'ebakretsbew']"
113,98,11,41,8,"['rojiwadiaabhi', 'briti', 'bbikash', 'ppatil1', 'kamma1', 'tamrakar', 'vishak', 'adilahsan336']",2,"['ibrahimdkhan', 'igarciamacias']",33,"['sanjibg', 'panumula', 'adarshj', 'dro3', 'aakashkonda', 'runyul', 'rajeshwaripatil1018', 'nitantrajesh', 'hvmistry', 'akashm1', 'newzilpatel', 'jingbinzhao', 'adilahsan', 'purveebhatia', 'yang19900513', 'jagabattula1996', 'zheweny', 'patil2', 'revakd16', 'snagaraj1', 'rahulgahlot', None, 'prajwal3', 'revakdemir', 'yujiewang', 'jiaqiwang1', 'espinosa4', 'palvai', 'mjamal1', 'jianlilu', 'cwang99', 'rai1', 'locusgurungsanjib']",43,"['sanjibg', 'panumula', 'adarshj', 'ibrahimdkhan', 'kamma1', 'tamrakar', 'dro3', 'aakashkonda', 'runyul', 'adilahsan336', 'rajeshwaripatil1018', 'rojiwadiaabhi', 'nitantrajesh', 'hvmistry', 'akashm1', 'newzilpatel', 'briti', 'jingbinzhao', 'adilahsan', 'purveebhatia', 'yang19900513', 'jagabattula1996', 'zheweny', 'igarciamacias', 'ppatil1', 'patil2', 'revakd16', 'snagaraj1', 'rahulgahlot', None, 'prajwal3', 'revakdemir', 'yujiewang', 'bbikash', 'jiaqiwang1', 'espinosa4', 'palvai', 'mjamal1', 'jianlilu', 'cwang99', 'rai1', 'vishak', 'locusgurungsanjib']"
114,69,11,14,6,"['saja1987', 'monerawheed', 'huda001995', 'alaa90mohammed', 'wasanloay19', 'riyad2015']",4,"['vikrambaka', 'kamilnada8', 'kazma8338', 'wedd95eean']",8,"['aliahmed22_21', 'mohamedalhamed86', 'trackiraq6874', None, 'aa469635295', 'mohammadyaqoop62', 'msc.rusul', 'ahmed424800']",18,"['vikrambaka', 'saja1987', 'aliahmed22_21', 'monerawheed', 'huda001995', 'mohamedalhamed86', 'ahmed424800', 'wasanloay19', 'trackiraq6874', 'mohammadyaqoop62', 'msc.rusul', 'wedd95eean', None, 'kamilnada8', 'alaa90mohammed', 'kazma8338', 'aa469635295', 'riyad2015']"
114,89,11,9,5,"['saja1987', 'huda001995', 'kamilnada8', 'wasanloay19', 'riyad2015']",5,"['vikrambaka', 'monerawheed', 'kazma8338', 'alaa90mohammed', 'wedd95eean']",4,"['aa469635295', None, 'mohamedalhamed86', 'ahmed424800']",14,"['vikrambaka', 'saja1987', 'monerawheed', 'huda001995', 'mohamedalhamed86', 'ahmed424800', 'wasanloay19', None, 'wedd95eean', 'kamilnada8', 'alaa90mohammed', 'kazma8338', 'aa469635295', 'riyad2015']"
116,65,11,31,2,"['sbrfitzmeyer', 'ignalb']",8,"['hariprakash29695', 'tarunisreem', 'nainhardip', 'gaurav_kgk', 'sowmiyar', 'praveensivakumar93', 'lokeshzen23', 'diptibidwai12340']",29,"['tyrell1996', 'bakerherrin2', 'amills2016', 'hensdn', 'thesctt', 'gabyrodrigo', 'cbrayman', 'jacobweldon', 'msainzdebaranda', 'ethan.miller1', 'tmartinbrevard', 'sydneyyu', 'cassandra.mllr', 'colleenweller', 'lwick', 'daniel.olis', 'carolina.garcia', 'rfg0402', 'jbtraugott', 'jvargo1227', 'tdwyer1', 'stevenrosenthal', None, 'angelaccook', 'su1998', 'dlofranco', 'zihuanteng', 'rapier2claws', 'ldigioia3']",39,"['tyrell1996', 'bakerherrin2', 'amills2016', 'hensdn', 'thesctt', 'gabyrodrigo', 'hariprakash29695', 'ignalb', 'cbrayman', 'jacobweldon', 'tarunisreem', 'msainzdebaranda', 'ethan.miller1', 'tmartinbrevard', 'sbrfitzmeyer', 'sydneyyu', 'cassandra.mllr', 'colleenweller', 'lwick', 'daniel.olis', 'carolina.garcia', 'rfg0402', 'nainhardip', 'jbtraugott', 'jvargo1227', 'tdwyer1', 'diptibidwai12340', 'stevenrosenthal', None, 'angelaccook', 'su1998', 'gaurav_kgk', 'sowmiyar', 'dlofranco', 'praveensivakumar93', 'zihuanteng', 'lokeshzen23', 'rapier2claws', 'ldigioia3']"
116,67,11,24,1,['gaurav_kgk'],9,"['ignalb', 'hariprakash29695', 'tarunisreem', 'nainhardip', 'sowmiyar', 'praveensivakumar93', 'sbrfitzmeyer', 'lokeshzen23', 'diptibidwai12340']",23,"['das60', 'lin1203', 'tao88', 'yang1087', 'tpollei', 'chen3360', 'cohen26', 'douh', 'glawlor', 'mahesh96.dsm', 'huang975', 'ding66', 'baker617', 'avlani', 'rjaiswa', 'deshpa16', 'oyesilyu', 'lburzawa', None, 'hsu172', 'yu957', 'park1176', 'bcollar']",33,"['das60', 'lin1203', 'tao88', 'yang1087', 'tpollei', 'chen3360', 'cohen26', 'douh', 'glawlor', 'hariprakash29695', 'ignalb', 'tarunisreem', 'mahesh96.dsm', 'sbrfitzmeyer', 'huang975', 'baker617', 'ding66', 'avlani', 'rjaiswa', 'deshpa16', 'nainhardip', 'oyesilyu', 'lburzawa', 'diptibidwai12340', None, 'hsu172', 'yu957', 'park1176', 'gaurav_kgk', 'sowmiyar', 'praveensivakumar93', 'lokeshzen23', 'bcollar']"
116,66,11,7,6,"['hariprakash29695', 'tarunisreem', 'sowmiyar', 'praveensivakumar93', 'lokeshzen23', 'diptibidwai12340']",4,"['sbrfitzmeyer', 'nainhardip', 'ignalb', 'gaurav_kgk']",1,[None],11,"['hariprakash29695', 'ignalb', 'tarunisreem', 'nainhardip', 'gaurav_kgk', 'sowmiyar', 'praveensivakumar93', 'sbrfitzmeyer', 'lokeshzen23', 'diptibidwai12340', None]"
118,264,11,15,2,"['palattilhouse', 'preethiravisankar101']",8,"['harishr3498', 'pranav_peter2050', 'nishukamboj95', 'yilin00992', 'jishadsaiju', 'ggc37', 'safiyahalotaibi', 'withflamered']",13,"['athulrajhere', 'sneha9192', '3mayavismaya9710', 'bhadraanil9', 'sarathsathish78', 'krishna6023', 'ancycrips123', 'aparnanair2302', 'r.rahul2636', 'kailasrj11', 'ajaymr', None, 'kadarbhai']",23,"['athulrajhere', 'palattilhouse', 'nishukamboj95', 'pranav_peter2050', 'yilin00992', 'jishadsaiju', 'bhadraanil9', 'ggc37', 'sarathsathish78', 'safiyahalotaibi', 'r.rahul2636', 'ajaymr', None, 'harishr3498', 'sneha9192', '3mayavismaya9710', 'krishna6023', 'ancycrips123', 'aparnanair2302', 'preethiravisankar101', 'kailasrj11', 'kadarbhai', 'withflamered']"
119,440,10,17,6,"['omkarkelshikar30', 'sujitpatankar442', 'dubey41r', 'kaustubh911', 'patilvaidehee98', 'ameypanchal1234']",3,"['sctsid98', 'druvesh10', 'mohamadatifkhatib']",11,"['tejasdangare.td', 'rajharyan786', 'ahiresumeet123', 'omkarchalke21', 'pankajdwaykar1999', 'siddheshparab03', 'ashwinjad41', 'prathamesh903', 'himanshusharma.47986', None, 'sejalsardal84']",20,"['omkarkelshikar30', 'sctsid98', 'druvesh10', 'siddheshparab03', 'prathamesh903', 'himanshusharma.47986', None, 'sejalsardal84', 'tejasdangare.td', 'rajharyan786', 'ahiresumeet123', 'omkarchalke21', 'pankajdwaykar1999', 'sujitpatankar442', 'dubey41r', 'kaustubh911', 'ashwinjad41', 'patilvaidehee98', 'ameypanchal1234', 'mohamadatifkhatib']"
119,439,10,15,2,"['sctsid98', 'mohamadatifkhatib']",7,"['omkarkelshikar30', 'sujitpatankar442', 'druvesh10', 'dubey41r', 'kaustubh911', 'patilvaidehee98', 'ameypanchal1234']",13,"['gauravtaral1', 'yuvraj.rp00099', 'gauri.shukla', 'abhipaswan24', 'surajksharma7', 'sarveshsawant1212', 'anushka.kashyap', 'puniashyamsunder', 'arkumbhar1012', 'aniketvalwe', 'sarvandiwakar', None, 'snehalnayse1']",22,"['gauravtaral1', 'surajksharma7', 'omkarkelshikar30', 'sctsid98', 'druvesh10', 'sarveshsawant1212', 'anushka.kashyap', 'puniashyamsunder', 'aniketvalwe', None, 'snehalnayse1', 'yuvraj.rp00099', 'gauri.shukla', 'abhipaswan24', 'sujitpatankar442', 'dubey41r', 'kaustubh911', 'arkumbhar1012', 'patilvaidehee98', 'sarvandiwakar', 'ameypanchal1234', 'mohamadatifkhatib']"
119,449,10,13,6,"['omkarkelshikar30', 'sujitpatankar442', 'dubey41r', 'kaustubh911', 'patilvaidehee98', 'ameypanchal1234']",3,"['sctsid98', 'druvesh10', 'mohamadatifkhatib']",7,"['isha.utekar2012', 'rohitmandavkar0', 'riteshbangera2509', 'bhosalesarjerao1', 'ashutoshmali67', None, 'abhiseka808']",16,"['isha.utekar2012', 'omkarkelshikar30', 'sctsid98', 'druvesh10', None, 'sujitpatankar442', 'abhiseka808', 'dubey41r', 'kaustubh911', 'rohitmandavkar0', 'patilvaidehee98', 'riteshbangera2509', 'bhosalesarjerao1', 'ashutoshmali67', 'ameypanchal1234', 'mohamadatifkhatib']"
119,438,10,7,1,['mohamadatifkhatib'],8,"['omkarkelshikar30', 'sujitpatankar442', 'sctsid98', 'druvesh10', 'dubey41r', 'kaustubh911', 'patilvaidehee98', 'ameypanchal1234']",6,"['gauravtaral1', 'abhipaswan24', 'prashant.khedkar', 'priyankasingh754', 'arkumbhar1012', None]",15,"['gauravtaral1', 'abhipaswan24', 'omkarkelshikar30', 'sujitpatankar442', 'sctsid98', 'druvesh10', 'prashant.khedkar', 'dubey41r', 'kaustubh911', 'priyankasingh754', 'patilvaidehee98', 'arkumbhar1012', None, 'ameypanchal1234', 'mohamadatifkhatib']"
119,451,10,7,1,['sctsid98'],8,"['omkarkelshikar30', 'sujitpatankar442', 'druvesh10', 'dubey41r', 'kaustubh911', 'patilvaidehee98', 'ameypanchal1234', 'mohamadatifkhatib']",6,"['surajksharma7', 'parthsalunke', 'binsypinto', None, 'rohitshinders1997', 'rohankadam82455']",15,"['surajksharma7', 'omkarkelshikar30', 'sujitpatankar442', 'sctsid98', 'druvesh10', 'parthsalunke', 'dubey41r', 'kaustubh911', 'binsypinto', 'patilvaidehee98', None, 'rohitshinders1997', 'ameypanchal1234', 'mohamadatifkhatib', 'rohankadam82455']"
120,323,10,11,8,"['loreh', 'calamand', 'yoyo.righa', 'dkeller', 'eddebbarhyoussef96', 'celestin.vallat', 'davidnigri', 'hbocquet']",1,['cfoucher'],3,"['derlet', None, 'hovadojede']",12,"['loreh', 'calamand', 'derlet', 'dkeller', 'eddebbarhyoussef96', None, 'hovadojede', 'cfoucher', 'yoyo.righa', 'celestin.vallat', 'davidnigri', 'hbocquet']"
121,310,10,23,9,"['peng1998', 'yxc5571', 'dmr5688', 'sxk535', 'ejz5061', 'man5578', 'wqy5096', 'nick.litak', 'kxz5107']",0,[],14,"['afd5216', 'arm71', 'rha5063', 'yxy181', 'yuc334', 'mva6513', 'hathhath80', 'yfl5196', 'lassejensen', 'hfl5114', 'jkb56', 'sbh5392', None, 'hvl5314']",23,"['sxk535', 'ejz5061', 'jkb56', 'sbh5392', 'peng1998', 'rha5063', 'yxc5571', 'yuc334', 'dmr5688', 'hathhath80', 'man5578', 'nick.litak', 'mva6513', 'hfl5114', 'wqy5096', None, 'hvl5314', 'kxz5107', 'afd5216', 'arm71', 'yxy181', 'yfl5196', 'lassejensen']"
121,410,10,18,9,"['peng1998', 'yxc5571', 'dmr5688', 'sxk535', 'ejz5061', 'man5578', 'wqy5096', 'nick.litak', 'kxz5107']",0,[],9,"['arm71', 'yfl5196', 'yuc334', 'mva6513', 'lassejensen', 'hfl5114', 'jkb56', 'sbh5392', None]",18,"['mva6513', 'sxk535', 'ejz5061', 'hfl5114', 'jkb56', 'sbh5392', 'wqy5096', None, 'kxz5107', 'peng1998', 'arm71', 'yxc5571', 'yfl5196', 'yuc334', 'dmr5688', 'lassejensen', 'man5578', 'nick.litak']"
121,412,10,12,7,"['peng1998', 'yxc5571', 'dmr5688', 'man5578', 'sxk535', 'wqy5096', 'kxz5107']",2,"['ejz5061', 'nick.litak']",5,"['pfg5083', 'lassejensen', 'jkb56', None, 'hvl5314']",14,"['pfg5083', 'sxk535', 'ejz5061', 'jkb56', 'wqy5096', None, 'hvl5314', 'kxz5107', 'peng1998', 'yxc5571', 'dmr5688', 'lassejensen', 'man5578', 'nick.litak']"
121,411,10,9,5,"['peng1998', 'yxc5571', 'sxk535', 'man5578', 'wqy5096']",4,"['ejz5061', 'dmr5688', 'nick.litak', 'kxz5107']",4,"['lassejensen', None, 'hvl5314', 'jkb56']",13,"['peng1998', 'yxc5571', 'dmr5688', 'lassejensen', 'sxk535', 'ejz5061', 'man5578', None, 'jkb56', 'wqy5096', 'nick.litak', 'hvl5314', 'kxz5107']"
121,413,10,9,5,"['peng1998', 'yxc5571', 'sxk535', 'man5578', 'wqy5096']",4,"['ejz5061', 'dmr5688', 'nick.litak', 'kxz5107']",4,"['lassejensen', None, 'hvl5314', 'jkb56']",13,"['peng1998', 'yxc5571', 'dmr5688', 'lassejensen', 'sxk535', 'ejz5061', 'man5578', None, 'jkb56', 'wqy5096', 'nick.litak', 'hvl5314', 'kxz5107']"
121,414,10,9,5,"['peng1998', 'yxc5571', 'sxk535', 'man5578', 'wqy5096']",4,"['ejz5061', 'dmr5688', 'nick.litak', 'kxz5107']",4,"['lassejensen', None, 'hvl5314', 'jkb56']",13,"['peng1998', 'yxc5571', 'dmr5688', 'lassejensen', 'sxk535', 'ejz5061', 'man5578', None, 'jkb56', 'wqy5096', 'nick.litak', 'hvl5314', 'kxz5107']"
122,264,10,15,2,"['bhadraanil9', 'sarathsathish78']",7,"['dk10', 'anjanaajith1234', 'sanjothomas54', 'shreelakshmi1709', 'gouriglizzers98', 'vrpadmakumar9526', 'gowri_bhagavathi']",13,"['athulrajhere', 'palattilhouse', 'sneha9192', '3mayavismaya9710', 'krishna6023', 'ancycrips123', 'aparnanair2302', 'r.rahul2636', 'preethiravisankar101', 'kailasrj11', 'ajaymr', None, 'kadarbhai']",22,"['athulrajhere', 'palattilhouse', 'bhadraanil9', 'sanjothomas54', 'sarathsathish78', 'kadarbhai', 'r.rahul2636', 'ajaymr', 'gouriglizzers98', None, 'gowri_bhagavathi', 'dk10', 'anjanaajith1234', 'sneha9192', '3mayavismaya9710', 'krishna6023', 'ancycrips123', 'shreelakshmi1709', 'aparnanair2302', 'preethiravisankar101', 'kailasrj11', 'vrpadmakumar9526']"
122,265,10,10,6,"['anjanaajith1234', 'sanjothomas54', 'shreelakshmi1709', 'gouriglizzers98', 'vrpadmakumar9526', 'gowri_bhagavathi']",3,"['bhadraanil9', 'dk10', 'sarathsathish78']",4,"['ananthakrishnancv98', None, 'nissie.mary.johnson', 'sukeshwins']",13,"['bhadraanil9', 'sanjothomas54', 'sarathsathish78', 'ananthakrishnancv98', 'gouriglizzers98', None, 'gowri_bhagavathi', 'dk10', 'anjanaajith1234', 'nissie.mary.johnson', 'shreelakshmi1709', 'sukeshwins', 'vrpadmakumar9526']"
123,442,10,8,6,"['laleshkhairnar6896', 'varunmalusare1997', 'abhijitsalve25', 'akii1998', 'tandenick', 'vishalk1995']",3,"['trishakamble075', 'micael.oliveira', 'pradnyabodke886']",2,"['anuellora', None]",11,"['laleshkhairnar6896', 'varunmalusare1997', 'pradnyabodke886', 'abhijitsalve25', 'anuellora', 'trishakamble075', 'micael.oliveira', 'akii1998', 'tandenick', 'vishalk1995', None]"
124,296,10,9,8,"['jbo20018', 'suhyeon', 'leehyunjin', 'gusckd8956', 'hyunjin1550', 'sinaeji', 'ymk670', 'hyunseon']",1,['amdes0703'],1,[None],10,"['jbo20018', 'ymk670', 'leehyunjin', 'gusckd8956', 'amdes0703', 'hyunjin1550', 'sinaeji', 'suhyeon', 'hyunseon', None]"
125,353,10,20,3,"['megahnb', 'rocioborroto', 'cetolaj']",6,"['kendalhiatt1', 'tarrwalt', 'imiulescu', 'gabriel_chen', 'valma35', 'tristangainey']",17,"['mcdonald.josh', 'dbister', 'bobbimatheson', 'anamichelena', 'ylanbdr', 'rricardo0324', 'dariushkim', 'sydneyhiggins', 'johnlanghout', 'reyda', 'siyuezheng', None, 'sportmonkey584', 'josephwilliams11', 'rachelgjohnson', 'nerwin', 'mtanzi']",26,"['cetolaj', 'bobbimatheson', 'anamichelena', 'ylanbdr', 'dariushkim', 'reyda', 'tarrwalt', 'gabriel_chen', 'sportmonkey584', 'nerwin', None, 'tristangainey', 'kendalhiatt1', 'mcdonald.josh', 'dbister', 'sydneyhiggins', 'rricardo0324', 'rocioborroto', 'johnlanghout', 'josephwilliams11', 'megahnb', 'siyuezheng', 'imiulescu', 'valma35', 'rachelgjohnson', 'mtanzi']"
129,213,10,17,8,"['jeroens', 'bjornvanloon', 'bramstibbe', 'zarro110', 'bernard.sohl', 'cce', 'marcovdp12', 'jvdoorn']",1,['rekenmachine.coolio'],9,"['wloeffler', 's06verhoeve', 'sjors1000', 'jibbereuver', 'lfeenstravii', 'mikewang004', 'woutg', None, 'tomdaman']",18,"['wloeffler', 'rekenmachine.coolio', 'bjornvanloon', 'jibbereuver', 'lfeenstravii', 'bramstibbe', 'zarro110', 'bernard.sohl', 'mikewang004', 'marcovdp12', 'cce', None, 'jvdoorn', 'tomdaman', 'jeroens', 's06verhoeve', 'sjors1000', 'woutg']"
130,466,10,35,9,"['jchang96', 'ziqinghan', 'csroberts95', 'zjx80028003', 'kingforever10', 'aaalrasheed', 'maddala0312', 'qmduong0', 'shushujie']",0,[],26,"['manoj158aravind', 'nigelcarcher', 'rajashreebhatta', 'scc27', 'terenetwo', 'shivangag97', 'sphu', 'jariztoy', 'tzyk4707', 'yangliu0607', 'chanyinshing', 'dbutts', 'kmei94', 'akampe', 'flymetothemoon', 'cse2703', 'nigelcarcher1', 'huynhkenny', 'etfusselman', None, 'anniz19', 'jialunz', 'myless', 'yuzhoula', 'mkoizumi', 'mjackson518']",35,"['manoj158aravind', 'nigelcarcher', 'rajashreebhatta', 'kingforever10', 'scc27', 'terenetwo', 'shivangag97', 'sphu', 'jariztoy', 'tzyk4707', 'yangliu0607', 'chanyinshing', 'dbutts', 'kmei94', 'akampe', 'shushujie', 'flymetothemoon', 'ziqinghan', 'cse2703', 'nigelcarcher1', 'huynhkenny', 'maddala0312', 'qmduong0', 'etfusselman', None, 'anniz19', 'jialunz', 'myless', 'jchang96', 'yuzhoula', 'mkoizumi', 'mjackson518', 'csroberts95', 'zjx80028003', 'aaalrasheed']"
130,469,10,20,9,"['jchang96', 'ziqinghan', 'csroberts95', 'zjx80028003', 'kingforever10', 'aaalrasheed', 'maddala0312', 'qmduong0', 'shushujie']",0,[],11,"['flymetothemoon', 'jialunz', 'manoj158aravind', 'jariztoy', 'nigelcarcher1', 'kmei94', 'zhangao9706', 'akampe', 'kayleejin', None, 'anniz19']",20,"['flymetothemoon', 'manoj158aravind', 'ziqinghan', 'nigelcarcher1', 'kingforever10', 'maddala0312', 'qmduong0', None, 'anniz19', 'jialunz', 'jchang96', 'jariztoy', 'csroberts95', 'zjx80028003', 'aaalrasheed', 'kmei94', 'zhangao9706', 'akampe', 'kayleejin', 'shushujie']"
130,164,10,9,2,"['jchang96', 'shushujie']",7,"['ziqinghan', 'csroberts95', 'zjx80028003', 'aaalrasheed', 'kingforever10', 'maddala0312', 'qmduong0']",7,"['deliang1996', 'mjackson518', 'scc27', 'akampe', 'etfusselman', None, 'anniz19']",16,"['jchang96', 'ziqinghan', 'deliang1996', 'mjackson518', 'akampe', 'csroberts95', 'zjx80028003', 'kingforever10', 'aaalrasheed', 'maddala0312', 'scc27', 'qmduong0', 'etfusselman', None, 'anniz19', 'shushujie']"
130,163,10,8,4,"['qmduong0', 'jchang96', 'zjx80028003', 'shushujie']",5,"['ziqinghan', 'csroberts95', 'kingforever10', 'aaalrasheed', 'maddala0312']",4,"['anniz19', 'etfusselman', None, 'zhangao9706']",13,"['jchang96', 'ziqinghan', 'csroberts95', 'zjx80028003', 'kingforever10', 'aaalrasheed', 'maddala0312', 'zhangao9706', 'qmduong0', 'etfusselman', None, 'anniz19', 'shushujie']"
130,470,10,7,1,['kingforever10'],8,"['jchang96', 'ziqinghan', 'csroberts95', 'zjx80028003', 'aaalrasheed', 'maddala0312', 'qmduong0', 'shushujie']",6,"['jialunz', 'tzyk4707', 'yangliu0607', 'chanyinshing', 'theiawu', None]",15,"['jialunz', 'jchang96', 'ziqinghan', 'csroberts95', 'tzyk4707', 'zjx80028003', 'kingforever10', 'aaalrasheed', 'maddala0312', 'yangliu0607', 'chanyinshing', 'theiawu', 'qmduong0', None, 'shushujie']"
132,172,9,25,8,"['eratta2', 'xw5', 'stephaniejaster', 'rayyose7', 'collinhaney', 'bhwu1996', 'sunluwen07', 'sneezekyu']",0,[],17,"['brianyiyu5', 'dcpang2', 'cyychan', 'siyuan2', 'arulouie', 'shaloo', 'lianthony34', 'restep2', 'avw2', 'cychan3', 'ziangg2', 'junzhek', 'monolith', None, 'ivy950222', 'lanruiy2', 'rmahmud2']",25,"['dcpang2', 'xw5', 'stephaniejaster', 'arulouie', 'rayyose7', 'collinhaney', 'bhwu1996', 'junzhek', 'lanruiy2', 'avw2', 'cychan3', 'sneezekyu', 'brianyiyu5', 'eratta2', 'siyuan2', 'sunluwen07', None, 'cyychan', 'shaloo', 'restep2', 'ziangg2', 'lianthony34', 'monolith', 'ivy950222', 'rmahmud2']"
133,273,9,271,7,"['xu1020', 'soni12', 'pshashi', 'lowe77', 'tmccoll', 'nwegh', 'mathur30']",1,['jmcnaugh'],264,"['mart1380', 'patel731', 'doyle75', 'cdtorres', 'cregers', 'engc', 'ssaradhi', 'jin376', 'lee2614', 'cho372', 'jdumblet', 'mheighwa', 'mohdshah', 'ghais', 'amcgoff', 'smit2827', 'dkahmann', 'the.mark.sargent', 'dkuen', 'stewa238', 'pillai7', 'wning', 'yao201', 'chen2122', 'zubik', 'ewilhite', 'abosshar', 'gupta393', 'cmenden', 'eashburn', 'obalican', 'nabdrahn', 'yshousha', 'kvansan', 'nkhuu', 'klipiszk', 'cheeseballs99', 'jmacatan', 'harri670', 'lawrencr', 'kinserc', 'gcesar', 'tmerric', 'apanuga', 'ftangpoo', 'mmohdzai', 'tglavan', 'iyengar1', 'tan254', 'gjensen', 'atruver', 'marisol', 'cblackm', 'msargen', 'mart1391', 'vogel30', 'sanjiv3damo', 'woo49', 'rutherfb', 'kiefern', 'ford.l.piano.guitar', 'jiang655', 'butzz', 'rathi4', 'hopkin43', 'mheiland', 'mtbarrette01', 'bkeel', 'yang1865', 'tdarmon', 'akick', 'rturk8292', 'cwidak', 'malhamm', 'lyanni', 'kumar212', 'pickera', 'slillig', 'mfess', 'dleoni', 'richtern', 'lmackin', 'stockb', 'choi333', 'li3604', 'stark22', 'lm45000', 'anniebreidinger', 'davidrgowan', 'jeigenbr', 'zhan3624', 'kocher1', 'yeungd', 'ashwarts', 'singer15', 'jhulsize', 'tnoor', 'ali113', 'jbuehrle', 'mudd3', 'dzadoks', 'mornings', 'aaprelik', '17scotta', 'gao499', 'shethm', 'siu2', 'jnasiboov', 'psakamot', 'gratz', 'lauerc', 'dixon82', 'emarches', 'kmotwan', 'verma52', 'white559', 'hillej', 'yount', 'nikitasridhar14', 'msuter', 'rdrager', 'jai104', 'uuraechu', 'adamdmiller17', 'liu2512', 'ecave', 'allisonbosshart', 'hall363', 'kzeligso', 'akapko', 'wisler0', 'jmickow', 'mbraner', 'jaloi', 'spear9', 'dmassow', 'abelkiew', 'zfrank64', 'etitheyeti98', 'song609', 'mcginn1', 'bcaffert', 'smit3177', 'freyg', '3ksnn64', 'suixiong8', 'layyar', 'butchko', 'mohanc', 'xing36', 'rweedon', 'bpolinsk', 'davidsml', 'mpisoni', 'efeldman', 'oelsher', 'bcasler', 'asabo2893', 'msulaima', 'baile261', 'cccyyj720', 'brewer66', 'edreifue', 'chao26', 'mfarnell', 'strachan', 'uasoluka', 'peter514', 'gray244', 'cole.breseman', 'hschennu', 'ctow', 'adams410', 'nhuntine', 'baker493', 'ellis99', 'kozelr', 'aperitor', 'natoli0', 'bowman96', 'yang1420', 'agrillo', 'nail', 'iclyde', 'smit3184', 'mcurto', 'pjcali3', 'hgrover', 'hill399', 'cvasq69', 'ithakor', 'cbresema', 'gtribe', 'vudayamo', 'sedgerto', 'abhalcha', 'mmshank16', 'jo46', 'kang264', 'bgrandst', 'gleasonb', 'mtrivell', 'gnishibu', 'patel784', 'epiergal', 'ghosh36', 'do26', 'roth51', 'bwitchie', 'mart1180', 'peck28', 'aleidli', 'rhinesj', 'osantang', 'tu37', 'ceckste', 'saboa', 'eloewe', 'ebilionis', 'nfei', 'zhao988', 'schuman1', 'everbru', 'jlorah', 'chiang56', 'rmadhuja', 'avwenning', 'srothsch', 'xose.amo', 'lthursto', 'coolnikitav', 'deshmukp', 'schro118', 'li2722', 'redmanr', 'sgrzych', 'bamorim', 'awennin', 'egarayev', 'li2709', 'jpdero2', 'bullock8', 'mill2119', 'shoafn', 'aidanc_purdue', 'doherty6', 'george92', 'alotaib6', 'costel10', 'jfitzhu', 'colewilloughby1125', 'dlarocco', 'tpownell', 'ericshen628', 'mishra94', 'lrigsbee', 'goodma27', 'ding202', 'kbebris', 'bernarm', 'meyer264', 'abora', 'dragoneye', 'pcase']",272,"['mart1380', 'patel731', 'doyle75', 'cdtorres', 'cregers', 'engc', 'ssaradhi', 'jin376', 'lee2614', 'cho372', 'jdumblet', 'mheighwa', 'mohdshah', 'ghais', 'amcgoff', 'smit2827', 'dkahmann', 'the.mark.sargent', 'dkuen', 'stewa238', 'pillai7', 'jmcnaugh', 'wning', 'yao201', 'chen2122', 'zubik', 'ewilhite', 'abosshar', 'gupta393', 'cmenden', 'eashburn', 'obalican', 'nabdrahn', 'yshousha', 'kvansan', 'nkhuu', 'klipiszk', 'cheeseballs99', 'jmacatan', 'harri670', 'lawrencr', 'kinserc', 'gcesar', 'tmerric', 'apanuga', 'ftangpoo', 'mmohdzai', 'tglavan', 'iyengar1', 'tan254', 'gjensen', 'atruver', 'marisol', 'cblackm', 'msargen', 'mart1391', 'vogel30', 'sanjiv3damo', 'woo49', 'rutherfb', 'kiefern', 'ford.l.piano.guitar', 'jiang655', 'butzz', 'rathi4', 'hopkin43', 'mheiland', 'mtbarrette01', 'bkeel', 'yang1865', 'tdarmon', 'akick', 'rturk8292', 'cwidak', 'malhamm', 'lyanni', 'kumar212', 'pickera', 'slillig', 'mfess', 'dleoni', 'richtern', 'lmackin', 'stockb', 'choi333', 'mathur30', 'li3604', 'stark22', 'lm45000', 'anniebreidinger', 'davidrgowan', 'jeigenbr', 'zhan3624', 'kocher1', 'yeungd', 'ashwarts', 'singer15', 'jhulsize', 'tnoor', 'ali113', 'jbuehrle', 'nwegh', 'mudd3', 'dzadoks', 'mornings', 'aaprelik', '17scotta', 'gao499', 'shethm', 'siu2', 'jnasiboov', 'psakamot', 'gratz', 'lauerc', 'dixon82', 'emarches', 'kmotwan', 'verma52', 'white559', 'hillej', 'yount', 'nikitasridhar14', 'msuter', 'rdrager', 'tmccoll', 'jai104', 'uuraechu', 'adamdmiller17', 'liu2512', 'ecave', 'allisonbosshart', 'hall363', 'kzeligso', 'akapko', 'wisler0', 'jmickow', 'mbraner', 'jaloi', 'spear9', 'dmassow', 'abelkiew', 'zfrank64', 'etitheyeti98', 'song609', 'mcginn1', 'bcaffert', 'smit3177', 'freyg', '3ksnn64', 'suixiong8', 'layyar', 'butchko', 'mohanc', 'xing36', 'rweedon', 'bpolinsk', 'davidsml', 'mpisoni', 'efeldman', 'oelsher', 'bcasler', 'lowe77', 'asabo2893', 'msulaima', 'baile261', 'cccyyj720', 'brewer66', 'edreifue', 'chao26', 'mfarnell', 'strachan', 'uasoluka', 'peter514', 'gray244', 'cole.breseman', 'hschennu', 'ctow', 'adams410', 'nhuntine', 'baker493', 'ellis99', 'kozelr', 'aperitor', 'natoli0', 'bowman96', 'yang1420', 'agrillo', 'nail', 'iclyde', 'smit3184', 'mcurto', 'pjcali3', 'hgrover', 'hill399', 'cvasq69', 'ithakor', 'pshashi', 'cbresema', 'gtribe', 'vudayamo', 'sedgerto', 'abhalcha', 'mmshank16', 'jo46', 'kang264', 'bgrandst', 'gleasonb', 'mtrivell', 'gnishibu', 'patel784', 'epiergal', 'ghosh36', 'do26', 'roth51', 'bwitchie', 'mart1180', 'peck28', 'aleidli', 'rhinesj', 'osantang', 'tu37', 'ceckste', 'saboa', 'eloewe', 'ebilionis', 'nfei', 'zhao988', 'schuman1', 'everbru', 'xu1020', 'jlorah', 'chiang56', 'rmadhuja', 'avwenning', 'srothsch', 'xose.amo', 'lthursto', 'coolnikitav', 'deshmukp', 'schro118', 'li2722', 'redmanr', 'sgrzych', 'bamorim', 'awennin', 'egarayev', 'li2709', 'jpdero2', 'bullock8', 'mill2119', 'shoafn', 'aidanc_purdue', 'doherty6', 'george92', 'alotaib6', 'costel10', 'jfitzhu', 'colewilloughby1125', 'dlarocco', 'tpownell', 'ericshen628', 'mishra94', 'lrigsbee', 'goodma27', 'ding202', 'kbebris', 'soni12', 'bernarm', 'meyer264', 'abora', 'dragoneye', 'pcase']"
133,277,9,182,1,['jmcnaugh'],7,"['xu1020', 'soni12', 'pshashi', 'lowe77', 'tmccoll', 'nwegh', 'mathur30']",181,"['mart1380', 'patel731', 'wisler0', 'jmickow', 'jaloi', 'cdtorres', 'cregers', 'dmassow', 'abelkiew', 'jin376', 'etitheyeti98', 'rumplem', 'mcginn1', 'mohdshah', 'bcaffert', 'ccurto', 'amcgoff', 'smit3177', 'raob', 'freyg', 'dkuen', 'mohanc', 'stewa238', 'pillai7', 'chen2122', 'xing36', 'zubik', 'ewilhite', 'rweedon', 'abosshar', 'gupta393', 'rasato', 'mpisoni', 'efeldman', 'cmenden', 'bcasler', 'eashburn', 'richg', 'payne71', 'msulaima', 'kvansan', 'cccyyj720', 'brewer66', 'cheeseballs99', 'klipiszk', 'jmacatan', 'lawrencr', 'chao26', 'edreifue', 'kinserc', 'harri670', 'dangratz99', 'gcesar', 'apanuga', 'peter514', 'ftangpoo', 'daviskahmann', 'mmohdzai', 'cibrahim', 'iyengar1', 'wertzm', 'hschennu', 'ctow', 'adams410', 'tdarmon20', 'atruver', 'nhuntine', 'ellis99', 'agrillo', 'kozelr', 'natoli0', 'xul9044', 'aperitor', 'bowman96', 'stapletl', 'mart1391', 'woo49', 'terry51', None, 'kiefern', 'smit3184', 'butzz', 'mcurto', 'rathi4', 'hgrover', 'hill399', 'mtbarrette01', 'yang1865', 'bkeel', 'cvasq69', 'akick', 'psmading', 'cwidak', 'malhamm', 'wonhyukdo', 'lyanni', 'pickera', 'slillig', 'mfess', 'dleoni', 'mmshank16', 'jboulayd', 'jo46', 'lmackin', 'flore170', 'bgrandst', 'gleasonb', 'mtrivell', 'choi333', 'glevine', 'li3604', 'allnic21', 'behrr', 'patel784', 'epiergal', 'ghosh36', 'stark22', 'anniebreidinger', 'bwitchie', 'mart1180', 'jeigenbr', 'aleidli', 'rhinesj', 'yeungd', 'racroth35', 'singer15', 'ceckste', 'jhulsize', 'saboa', 'eloewe', 'jbuehrle', 'turjo11', 'dewittl', 'dzadoks', 'nfei', 'rroggema', 'daveguo614', 'zhao988', 'schuman1', 'everbru', 'abano', 'nathanbaker3889', 'jlorah', 'chiang56', 'gao499', 'shethm', 'xose.amo', 'lthursto', 'siu2', 'deshmukp', 'roj', 'psakamot', 'sgrzych', 'dixon82', 'awennin', 'hamel0', 'wang3138', 'li2709', 'bullock8', 'mill2119', 'white559', 'shoafn', 'hillej', 'costel10', 'yount', 'nikitasridhar14', 'colewilloughby1125', 'sssphealix', 'dlarocco', 'marito', 'tpownell', 'lrigsbee', 'goodma27', 'uuraechu', 'adamdmiller17', 'kbebris', 'ecave', 'ross217', '17scotta', 'dragoneye', 'kzeligso']",189,"['mart1380', 'patel731', 'wisler0', 'jmickow', 'jaloi', 'cdtorres', 'cregers', 'dmassow', 'abelkiew', 'jin376', 'etitheyeti98', 'rumplem', 'dragoneye', 'mohdshah', 'bcaffert', 'ccurto', 'amcgoff', 'smit3177', 'raob', 'freyg', 'dkuen', 'mohanc', 'stewa238', 'pillai7', 'jmcnaugh', 'chen2122', 'xing36', 'zubik', 'ewilhite', 'rweedon', 'abosshar', 'gupta393', 'rasato', 'mpisoni', 'efeldman', 'cmenden', 'bcasler', 'eashburn', 'richg', 'payne71', 'lowe77', 'msulaima', 'kvansan', 'cccyyj720', 'brewer66', 'cheeseballs99', 'klipiszk', 'jmacatan', 'lawrencr', 'chao26', 'edreifue', 'kinserc', 'harri670', 'dangratz99', 'gcesar', 'apanuga', 'peter514', 'ftangpoo', 'daviskahmann', 'mmohdzai', 'cibrahim', 'iyengar1', 'wertzm', 'hschennu', 'ctow', 'adams410', 'tdarmon20', 'atruver', 'nhuntine', 'ellis99', 'agrillo', 'kozelr', 'natoli0', 'xul9044', 'aperitor', 'bowman96', 'stapletl', 'mart1391', 'woo49', 'terry51', None, 'kiefern', 'smit3184', 'butzz', 'mcurto', 'rathi4', 'hgrover', 'hill399', 'mtbarrette01', 'yang1865', 'bkeel', 'cvasq69', 'akick', 'pshashi', 'psmading', 'cwidak', 'malhamm', 'wonhyukdo', 'lyanni', 'pickera', 'slillig', 'mfess', 'dleoni', 'mmshank16', 'jboulayd', 'jo46', 'lmackin', 'flore170', 'bgrandst', 'gleasonb', 'mtrivell', 'choi333', 'glevine', 'mathur30', 'li3604', 'allnic21', 'behrr', 'patel784', 'epiergal', 'ghosh36', 'stark22', 'anniebreidinger', 'bwitchie', 'mart1180', 'jeigenbr', 'aleidli', 'rhinesj', 'yeungd', 'racroth35', 'singer15', 'ceckste', 'jhulsize', 'saboa', 'eloewe', 'jbuehrle', 'turjo11', 'nwegh', 'dewittl', 'dzadoks', 'nfei', 'rroggema', 'daveguo614', 'zhao988', 'schuman1', 'everbru', 'abano', 'xu1020', 'nathanbaker3889', 'jlorah', 'chiang56', 'gao499', 'shethm', 'xose.amo', 'lthursto', 'siu2', 'deshmukp', 'roj', 'psakamot', 'sgrzych', 'dixon82', 'awennin', 'hamel0', 'wang3138', 'li2709', 'bullock8', 'mill2119', 'white559', 'shoafn', 'hillej', 'costel10', 'yount', 'nikitasridhar14', 'colewilloughby1125', 'sssphealix', 'dlarocco', 'marito', 'tpownell', 'tmccoll', 'lrigsbee', 'goodma27', 'uuraechu', 'adamdmiller17', 'kbebris', 'ecave', 'soni12', 'ross217', '17scotta', 'mcginn1', 'kzeligso']"
133,218,9,138,1,['soni12'],7,"['xu1020', 'pshashi', 'jmcnaugh', 'lowe77', 'tmccoll', 'nwegh', 'mathur30']",137,"['vostwal', 'kelsayed', 'jaloi', 'cdtorres', 'cregers', 'lee3489', 'smatsun', 'abelkiew', 'zfrank64', 'wang4142', 'ssidhard', 'mohdshah', 'wu1432', 'mheighwa', 'yang1908', 'egrubbs', 'ccurto', 'amcgoff', 'ghais', 'englanc', 'xue76', 'butchko', 'vkoranne', 'freder26', 'wning', 'gshao', 'rituraj346', 'zubik', 'ewilhite', 'bpolinsk', 'akhilvijay', 'mpisoni', 'efeldman', 'cmenden', 'msulaima', 'cgkartzo', 'cccyyj720', 'chao26', 'esoufler', 'sun530', 'wang4506', 'mjokar', 'abora', 'ahmad31', 'pdhillon', 'mmohdzai', 'mohanc21', 'aperitor', 'nail', 'lrajendr', 'avasiukh', 'mart1391', 'rutherfb', 'ddemelom', None, 'priyatham.t', 'kiefern', 'caseya', 'qiuchenzhai', 'petrosky', 'adhikarp', 'wangjourney7', 'yang1865', 'zhan2395', 'rturk8292', 'ydichenk', 'rcontrac', 'malhamm', 'vudayamo', 'brajabif', 'elacr', 'christin3508', 'julien419', 'bgunder', 'richtern', 'gomez110', 'pavlos.vlachos', 'fionayjx27', 'kpardika', 'li3604', 'uabdulla4', 'savetian', 'bhatta23', 'idoh', 'jeigenbr', 'myildiri', 'aleidli', 'hu589', 'srrohit7', 'sail', 'paulmather', 'elikroller', 'agondima', 'desai61', 'zhao988', 'qin132', 'ayermemb', 'zhan2748', 'bsalil', 'xixilegend', 'mcdona20', 'shethm', 'kuhn48', 'ocegueda', 'deshmukp', 'jnasiboov', 'li2722', 'meyers18', 'missahaq', 'huang706', 'jpdero2', 'wang3138', 'mcclurez', 'bullock8', 'white559', 'shoafn', 'henry01234567', 'alotaib6', 'saha40', 'colewilloughby1125', 'dlarocco', 'zhan3736', 'gmantey', 'nkedir', 'eantwiag', 'uuraechu', 'liu2512', 'anna.collins97', 'ayildiri', 'jjoffe', 'silapaku', 'odonne33', 'ardekani', 'pravi', '17scotta', 'erich1016', 'montoyar']",145,"['vostwal', 'kelsayed', 'jaloi', 'cdtorres', 'cregers', 'lee3489', 'smatsun', 'abelkiew', 'zfrank64', 'wang4142', 'ssidhard', 'mohdshah', 'wu1432', 'mheighwa', 'yang1908', 'egrubbs', 'ccurto', 'amcgoff', 'ghais', 'englanc', 'xue76', 'butchko', 'jmcnaugh', 'vkoranne', 'freder26', 'wning', 'gshao', 'rituraj346', 'zubik', 'ewilhite', 'bpolinsk', 'akhilvijay', 'mpisoni', 'efeldman', 'cmenden', 'lowe77', 'msulaima', 'cgkartzo', 'cccyyj720', 'chao26', 'esoufler', 'sun530', 'wang4506', 'mjokar', 'ahmad31', 'pdhillon', 'mmohdzai', 'erich1016', 'mohanc21', 'aperitor', 'nail', 'lrajendr', 'avasiukh', 'mart1391', 'rutherfb', 'ddemelom', None, 'priyatham.t', 'kiefern', 'caseya', 'qiuchenzhai', 'petrosky', 'adhikarp', 'yang1865', 'zhan2395', 'rturk8292', 'ydichenk', 'pshashi', 'rcontrac', 'malhamm', 'vudayamo', 'brajabif', 'elacr', 'christin3508', 'julien419', 'bgunder', 'richtern', 'gomez110', 'pravi', 'fionayjx27', 'kpardika', 'mathur30', 'li3604', 'uabdulla4', 'savetian', 'bhatta23', 'idoh', 'jeigenbr', 'myildiri', 'aleidli', 'hu589', 'srrohit7', 'sail', 'paulmather', 'elikroller', 'agondima', 'nwegh', 'desai61', 'zhao988', 'qin132', 'ayermemb', 'xu1020', 'zhan2748', '17scotta', 'bsalil', 'xixilegend', 'mcdona20', 'shethm', 'kuhn48', 'ocegueda', 'deshmukp', 'jnasiboov', 'li2722', 'meyers18', 'missahaq', 'huang706', 'jpdero2', 'wang3138', 'mcclurez', 'bullock8', 'white559', 'shoafn', 'henry01234567', 'alotaib6', 'saha40', 'colewilloughby1125', 'dlarocco', 'zhan3736', 'tmccoll', 'gmantey', 'nkedir', 'eantwiag', 'uuraechu', 'liu2512', 'anna.collins97', 'ayildiri', 'jjoffe', 'silapaku', 'soni12', 'odonne33', 'ardekani', 'pavlos.vlachos', 'abora', 'wangjourney7', 'montoyar']"
133,222,9,32,2,"['lowe77', 'tmccoll']",6,"['xu1020', 'soni12', 'pshashi', 'jmcnaugh', 'nwegh', 'mathur30']",30,"['mshewale', 'everbru', 'hsvalladares88', 'kumar212', 'cibrahim', 'coolnikitav', 'pickera', 'etitheyeti98', 'bamorim', 'lmackin', 'ferree1', 'costel10', 'stapletl', 'sanjiv3damo', 'anniebreidinger', 'lrigsbee', None, 'kocher1', 'hhedderi', 'koverley', 'singer15', 'richg', 'awoodwa', 'nkhuu', 'gct246', 'markleightonfisher', 'nfei', 'harbinz', 'akansky', 'daveguo614']",38,"['mshewale', 'everbru', 'xu1020', 'pshashi', 'hsvalladares88', 'kumar212', 'cibrahim', 'coolnikitav', 'pickera', 'etitheyeti98', 'bamorim', 'lmackin', 'ferree1', 'mathur30', 'costel10', 'stapletl', 'sanjiv3damo', 'jmcnaugh', 'tmccoll', 'anniebreidinger', 'lrigsbee', None, 'kocher1', 'hhedderi', 'koverley', 'singer15', 'soni12', 'richg', 'awoodwa', 'lowe77', 'nkhuu', 'nwegh', 'gct246', 'markleightonfisher', 'nfei', 'harbinz', 'akansky', 'daveguo614']"
133,220,9,20,1,['nwegh'],7,"['xu1020', 'soni12', 'pshashi', 'jmcnaugh', 'lowe77', 'tmccoll', 'mathur30']",19,"['patel731', 'jmickow', 'engc', 'cwidak', 'lthursto', 'hschennu', 'slillig', 'egarayev', 'behrr', 'patel784', 'marito', 'terry51', None, 'abosshar', 'vkolar', 'nwegh2017', 'jonathanlimp87', 'jmacatan', 'rroggema']",27,"['patel731', 'patel784', 'jmickow', 'xu1020', 'marito', 'pshashi', 'engc', 'jmcnaugh', 'cwidak', 'tmccoll', 'terry51', 'lthursto', None, 'hschennu', 'slillig', 'abosshar', 'vkolar', 'soni12', 'egarayev', 'lowe77', 'nwegh2017', 'jonathanlimp87', 'nwegh', 'jmacatan', 'mathur30', 'rroggema', 'behrr']"
133,226,9,6,1,['xu1020'],7,"['soni12', 'pshashi', 'jmcnaugh', 'lowe77', 'tmccoll', 'nwegh', 'mathur30']",5,"['msargen', 'stark22', 'kgp22', 'bgrandst', None]",13,"['msargen', 'stark22', 'xu1020', 'soni12', 'pshashi', 'jmcnaugh', 'lowe77', 'tmccoll', 'kgp22', 'nwegh', 'bgrandst', None, 'mathur30']"
134,117,9,7,2,"['jeenraju', 'aryaps1998']",6,"['qpid1011', 'kwang49', 'kashokbhatija', 'gkerber', 'sfaraji', 'ananthan9398']",5,"['aryalathikaramesh', 'akhilachandran212', 'bhavana298', None, 'ancybmarshal97']",13,"['aryalathikaramesh', 'qpid1011', 'kwang49', 'kashokbhatija', 'jeenraju', 'akhilachandran212', 'gkerber', 'sfaraji', 'bhavana298', 'ananthan9398', 'aryaps1998', None, 'ancybmarshal97']"
136,387,9,271,7,"['kendalhiatt', 'sooooooy314', 'khfrum', 'corozco', 'zaubin42', 'hyerim100600', 'philg']",1,['angelina77'],264,"['jenniferperez1', 'cicalesej', 'bha00001', 'anamichelena', 'chohyundong12', 'manuel10suarez10', 'b.isenberg', 'tristram', 'beper53', 'xfiles', 'daniel.robin22', 'juansans98', 'anais3', 'adrianhochgesang', 'suyoneee', 'roychoudhuryaditya2019', 'lidiadom', 'aanupam3', 'miguel_fernandez', 'supernhtr', 'ryuhoin2002', 'mtanzi', 'cjs476', 'mertyamanoglu', 'cbnuleejinwoo', 'gekco', 'gonserr', 'bsusol2', 'georgeckchen', 'hellbomber101', 'ohh99o9', 'uxiavelca', 'nakkulab', 'student1000', 'antoramp', 'siyuezheng', 'immmin6677', 'matthewdailey', 'sschneider874', 'parkface94', 'pablosande98', 'kunge0054', 'ye02', 'chzh1341', 'danielm78', 'marniesan', 'matthewleemle2', 'bbatuhanbilecen', 'andrea.oldham97', 'idargu90', 'xogus102929', 'nes1011', 'xoangon', 'samuelfl', 'eserafimbortolazzo', 'rachel.blaydes', 'ghtlstnf7', 'vetterd', None, 'bw02203', 'coopjord', 'tjtks4730', 'lhc33820933', 'hancheyn', 'rohdej', 'jhryu1994', 'mmartinezsanchez', 'reyda', 'toast', 'kesu1234', 'dish1498', 'graceml2', 'qkslqksl951', 'u0543041', 'mocha7411', 'jiaolh', 'jn12su27', 'yassminsabry', 'estalin', 'glevita2', 'jesusgiraldez', 'caetano.eirea', 'dhkswk96', 'msubullies1', 'm0650104.ee06g', 'rbb0001', 'bassel0elgharbawy0', 'aia00001', 'ignaciomilani', 'petercp2', 'mitchell.shields99', '123whdxor', 'soddi1621', 'mauro_sg', 'socrat', 'qncowlf10', 'mikesnure', 'abal2474', 'lsj4677', 'hs960531', 'yougyeongo', 'hayejord', 'giacomo.bego', 'qwerty0637', 'tpollei', 'yoonek6719', 'axelbelgarde', 'jeandavid', 'andreagcoto', 'marcospascualin', 'dnlek12', 'martinzapatamartinez', 'rygr8576', 'jakubpepas', 'genius_p', 'nshamsi', 'chvk4161', 'dariushkim', 'therahuul', 'isaac.dominguez4444', 'junzed2', 'ganaaa12a', 'latourem', 'rsp79', 'josig2011', 'qottkf6194', 'iflueck2', 'dldnals2020', 'pedro.julian', 'leesk4869', 'dmeyer1998', 'hyerim1006000', 'koakhyunji', 'alskdjfh6161', 'kepco2020a', 'wjdekgus77', 'boody456366', 'nerwin', 'ardisch123', 'xoanmayo', 'itskatomall', 'kyserch', 'adp5383', 'foojorge', 'rricardo0324', 'sgu20151463', 'n3b3x', 'fofi94', 'sallysong683', 'jdanivc', 'mis5660', 'anstjd1542', 'u1121281', 'emilioar', 'anstpdlffj3', 'naitix', 'sumintnals', 'navya.k.shastri', 'rhrna007', 'chdu6864', 'hjshook', 'ekdms0894', 'jmy0002', 'foghel96', 'raymondzhou227', 'dangover94', 'ana.rmteo', 'josedamiangarcianoya', 'tmdorsey', 'u1285150', 'ylanbdr', 'titanking231', 'thomas.poulin', 'ludovick', 'juho4523', 'aloptor', 'dale7283', 'palzmq', 'jasperdeconinck', 'gipes', 'nargene', 'emt2', 'logankraus', 'bobbimatheson', 'giung0227', 'sherwmit', 'jonathan.balent', 'u0360918', 'franktib2', 'ziyue2', 'finnclements', 'dbister', 'dorxlqmdkdlel', 'cjsxodnd12', 'dbeciri45', 'eunice98k', 'byeolguri', 'johnlanghout', 'sukjunyeo', 'u1201859', 'sabintandukar', 'ghobashy445', 'eogn1004', 'exareivaj', 'taylordavis678', 'yjn3492', 'myez', 'cmoauro2', 'kirollos.morcos.km', 'cbo3', 'zlapvmf', 'martinperezmaneiro', 'danielcondetorres', 'antonio25', 'marshallfrye', 'declanb', 'zrm0001', 'juanjoseo', 'pichoncillo1', 'guillermocam', 'b.benson', 'spazos', 'vandelei', 'e.pmcrespo', 'wodnjssnsk12', 'rachelgjohnson', 'shabnashreej', 'doog9601', 'yoojeong9925', 'lwang82', 'ezsamsuntung', 'mcdonald.josh', 'jrichman99', 'gcxmoffice1994', 'francike', 'thddpwls257', 'jaephago', 'tnqls3409', 'jboniuk98', 'iagomillanentenza', 'alberto4', 'mattmattmerrill', 'blake.ballou08', 'htj1104', 'aht47', 'mehdibandali', 'clara.landesa', 'pablocl', 'qumo4329', 'tonni1912', 'jedelkind0117', 'jlkirk', 'macks', 'sportmonkey584', 'alw0039', 'ophelie10', 'k66773659', 'piri940511', '5dustkd', 'lukebidulka', 'carlosvigo1997', 'smdesrochers', 'giacomo.munari.1', 'ybso1566']",272,"['jenniferperez1', 'cicalesej', 'bha00001', 'anamichelena', 'chohyundong12', 'manuel10suarez10', 'b.isenberg', 'tristram', 'beper53', 'xfiles', 'daniel.robin22', 'juansans98', 'anais3', 'adrianhochgesang', 'suyoneee', 'roychoudhuryaditya2019', 'lidiadom', 'aanupam3', 'miguel_fernandez', 'supernhtr', 'ryuhoin2002', 'mtanzi', 'cjs476', 'mertyamanoglu', 'sooooooy314', 'cbnuleejinwoo', 'gekco', 'gonserr', 'bsusol2', 'georgeckchen', 'hellbomber101', 'ohh99o9', 'uxiavelca', 'nakkulab', 'student1000', 'antoramp', 'siyuezheng', 'immmin6677', 'matthewdailey', 'sschneider874', 'parkface94', 'pablosande98', 'kunge0054', 'ye02', 'chzh1341', 'danielm78', 'marniesan', 'matthewleemle2', 'bbatuhanbilecen', 'andrea.oldham97', 'idargu90', 'xogus102929', 'nes1011', 'xoangon', 'samuelfl', 'eserafimbortolazzo', 'rachel.blaydes', 'ghtlstnf7', 'vetterd', None, 'bw02203', 'coopjord', 'tjtks4730', 'lhc33820933', 'hancheyn', 'rohdej', 'jhryu1994', 'mmartinezsanchez', 'reyda', 'toast', 'kesu1234', 'dish1498', 'graceml2', 'qkslqksl951', 'u0543041', 'mocha7411', 'jiaolh', 'jn12su27', 'yassminsabry', 'estalin', 'glevita2', 'jesusgiraldez', 'caetano.eirea', 'khfrum', 'dhkswk96', 'msubullies1', 'm0650104.ee06g', 'rbb0001', 'bassel0elgharbawy0', 'aia00001', 'ignaciomilani', 'petercp2', 'mitchell.shields99', '123whdxor', 'soddi1621', 'angelina77', 'mauro_sg', 'socrat', 'qncowlf10', 'mikesnure', 'abal2474', 'lsj4677', 'hs960531', 'yougyeongo', 'hayejord', 'giacomo.bego', 'qwerty0637', 'corozco', 'tpollei', 'yoonek6719', 'axelbelgarde', 'jeandavid', 'andreagcoto', 'marcospascualin', 'dnlek12', 'zaubin42', 'martinzapatamartinez', 'rygr8576', 'jakubpepas', 'genius_p', 'nshamsi', 'chvk4161', 'dariushkim', 'therahuul', 'isaac.dominguez4444', 'junzed2', 'ganaaa12a', 'latourem', 'rsp79', 'josig2011', 'qottkf6194', 'iflueck2', 'dldnals2020', 'pedro.julian', 'leesk4869', 'dmeyer1998', 'hyerim1006000', 'koakhyunji', 'alskdjfh6161', 'kepco2020a', 'wjdekgus77', 'boody456366', 'nerwin', 'ardisch123', 'xoanmayo', 'itskatomall', 'kyserch', 'adp5383', 'foojorge', 'rricardo0324', 'sgu20151463', 'n3b3x', 'fofi94', 'sallysong683', 'philg', 'jdanivc', 'mis5660', 'anstjd1542', 'u1121281', 'emilioar', 'anstpdlffj3', 'naitix', 'sumintnals', 'navya.k.shastri', 'rhrna007', 'chdu6864', 'hjshook', 'ekdms0894', 'jmy0002', 'foghel96', 'raymondzhou227', 'dangover94', 'ana.rmteo', 'josedamiangarcianoya', 'tmdorsey', 'u1285150', 'ylanbdr', 'titanking231', 'thomas.poulin', 'ludovick', 'juho4523', 'aloptor', 'dale7283', 'palzmq', 'jasperdeconinck', 'gipes', 'nargene', 'emt2', 'logankraus', 'bobbimatheson', 'giung0227', 'sherwmit', 'jonathan.balent', 'u0360918', 'franktib2', 'ziyue2', 'finnclements', 'dbister', 'dorxlqmdkdlel', 'cjsxodnd12', 'dbeciri45', 'eunice98k', 'byeolguri', 'johnlanghout', 'sukjunyeo', 'u1201859', 'sabintandukar', 'ghobashy445', 'eogn1004', 'exareivaj', 'taylordavis678', 'yjn3492', 'myez', 'cmoauro2', 'kirollos.morcos.km', 'cbo3', 'zlapvmf', 'martinperezmaneiro', 'danielcondetorres', 'antonio25', 'marshallfrye', 'declanb', 'hyerim100600', 'zrm0001', 'juanjoseo', 'pichoncillo1', 'guillermocam', 'b.benson', 'spazos', 'vandelei', 'e.pmcrespo', 'wodnjssnsk12', 'rachelgjohnson', 'shabnashreej', 'doog9601', 'kendalhiatt', 'yoojeong9925', 'lwang82', 'ezsamsuntung', 'mcdonald.josh', 'jrichman99', 'gcxmoffice1994', 'francike', 'thddpwls257', 'jaephago', 'tnqls3409', 'jboniuk98', 'iagomillanentenza', 'alberto4', 'mattmattmerrill', 'blake.ballou08', 'htj1104', 'aht47', 'mehdibandali', 'clara.landesa', 'pablocl', 'qumo4329', 'tonni1912', 'jedelkind0117', 'jlkirk', 'macks', 'sportmonkey584', 'alw0039', 'ophelie10', 'k66773659', 'piri940511', '5dustkd', 'lukebidulka', 'carlosvigo1997', 'smdesrochers', 'giacomo.munari.1', 'ybso1566']"
136,362,9,43,1,['hyerim100600'],7,"['kendalhiatt', 'sooooooy314', 'khfrum', 'angelina77', 'corozco', 'zaubin42', 'philg']",42,"['doog9601', 'eogn1004', 'kunge0054', 'koakhyunji', 'ye02', 'wjdekgus77', 'jhryu1994', 'yoojeong9925', 'yoonek6719', 'yjn3492', 'thddpwls257', 'tnqls3409', 'mocha7411', 'jn12su27', 'xogus102929', 'hj49500494', 'zlapvmf', 'nargene', 'ryuhoin2002', 'qowoans94', 'anstjd1542', 'chvk4161', 'giung0227', 'dhkswk96', 'ghtlstnf7', 'hs960531', 'josig2011', None, 'bw02203', 'k66773659', 'qottkf6194', 'cjsxodnd12', 'byeolguri', 'dldnals2020', 'qncowlf10', 'sukjunyeo', 'wodnjssnsk12', 'leesk4869', 'hyerim1006000', 'ybso1566', 'lsj4677', 'yougyeongo']",50,"['doog9601', 'eogn1004', 'kunge0054', 'koakhyunji', 'kendalhiatt', 'ye02', 'wjdekgus77', 'jhryu1994', 'corozco', 'yoojeong9925', 'yoonek6719', 'yjn3492', 'thddpwls257', 'tnqls3409', 'mocha7411', 'jn12su27', 'xogus102929', 'hj49500494', 'zlapvmf', 'nargene', 'ryuhoin2002', 'zaubin42', 'lsj4677', 'philg', 'qowoans94', 'anstjd1542', 'chvk4161', 'sooooooy314', 'giung0227', 'khfrum', 'dhkswk96', 'ghtlstnf7', 'josig2011', 'hyerim100600', None, 'bw02203', 'k66773659', 'qottkf6194', 'cjsxodnd12', 'byeolguri', 'dldnals2020', 'angelina77', 'qncowlf10', 'sukjunyeo', 'wodnjssnsk12', 'leesk4869', 'hyerim1006000', 'ybso1566', 'hs960531', 'yougyeongo']"
138,63,9,7,2,"['vgi025', 'tobiko11']",6,"['vijisri5', 'michael2020', 'samtrino', 'heo999', 'benedettocrv', 'niatra']",5,"['verena_sch', 'anape', 'dgrafinger', 'paulschaffer', None]",13,"['vijisri5', 'tobiko11', 'michael2020', 'samtrino', 'verena_sch', 'heo999', 'anape', 'dgrafinger', 'paulschaffer', 'benedettocrv', 'niatra', 'vgi025', None]"
139,171,9,8,4,"['grantwlbr', 'newmank', 'garrettstubbings', 'rb588309']",4,"['prasadsarang', 'abdullah1404', 'andreyz', 'zhxhao007']",4,"['zhuqinxin0703', 'fkaadou', None, 'jenkinsabby']",12,"['abdullah1404', 'garrettstubbings', 'rb588309', 'grantwlbr', 'zhxhao007', 'zhuqinxin0703', 'newmank', 'jenkinsabby', 'fkaadou', 'prasadsarang', None, 'andreyz']"
142,387,9,271,7,"['parkface94', 'hellbomber101', 'raymondzhou227', 'supernhtr', 'xfiles', 'logankraus', 'ardisch123']",1,['ndaniel.baughman'],264,"['jenniferperez1', 'cicalesej', 'bha00001', 'anamichelena', 'chohyundong12', 'manuel10suarez10', 'b.isenberg', 'tristram', 'beper53', 'daniel.robin22', 'juansans98', 'anais3', 'adrianhochgesang', 'suyoneee', 'roychoudhuryaditya2019', 'lidiadom', 'aanupam3', 'miguel_fernandez', 'ryuhoin2002', 'mtanzi', 'cjs476', 'mertyamanoglu', 'cbnuleejinwoo', 'sooooooy314', 'gekco', 'gonserr', 'bsusol2', 'georgeckchen', 'ohh99o9', 'uxiavelca', 'nakkulab', 'student1000', 'antoramp', 'siyuezheng', 'immmin6677', 'matthewdailey', 'sschneider874', 'pablosande98', 'kunge0054', 'ye02', 'chzh1341', 'danielm78', 'marniesan', 'matthewleemle2', 'bbatuhanbilecen', 'andrea.oldham97', 'idargu90', 'xogus102929', 'nes1011', 'xoangon', 'samuelfl', 'eserafimbortolazzo', 'rachel.blaydes', 'ghtlstnf7', 'vetterd', None, 'bw02203', 'coopjord', 'tjtks4730', 'lhc33820933', 'hancheyn', 'rohdej', 'jhryu1994', 'mmartinezsanchez', 'reyda', 'toast', 'kesu1234', 'dish1498', 'graceml2', 'qkslqksl951', 'u0543041', 'mocha7411', 'jiaolh', 'jn12su27', 'yassminsabry', 'estalin', 'glevita2', 'jesusgiraldez', 'caetano.eirea', 'dhkswk96', 'khfrum', 'msubullies1', 'm0650104.ee06g', 'rbb0001', 'bassel0elgharbawy0', 'aia00001', 'ignaciomilani', 'petercp2', 'mitchell.shields99', '123whdxor', 'soddi1621', 'mauro_sg', 'socrat', 'qncowlf10', 'mikesnure', 'abal2474', 'lsj4677', 'hs960531', 'yougyeongo', 'hayejord', 'giacomo.bego', 'qwerty0637', 'corozco', 'tpollei', 'yoonek6719', 'axelbelgarde', 'jeandavid', 'andreagcoto', 'marcospascualin', 'dnlek12', 'zaubin42', 'martinzapatamartinez', 'rygr8576', 'jakubpepas', 'genius_p', 'nshamsi', 'chvk4161', 'dariushkim', 'therahuul', 'isaac.dominguez4444', 'junzed2', 'ganaaa12a', 'latourem', 'rsp79', 'josig2011', 'qottkf6194', 'iflueck2', 'dldnals2020', 'pedro.julian', 'leesk4869', 'dmeyer1998', 'hyerim1006000', 'koakhyunji', 'alskdjfh6161', 'kepco2020a', 'wjdekgus77', 'boody456366', 'nerwin', 'xoanmayo', 'itskatomall', 'kyserch', 'adp5383', 'foojorge', 'rricardo0324', 'sgu20151463', 'n3b3x', 'fofi94', 'sallysong683', 'philg', 'jdanivc', 'mis5660', 'anstjd1542', 'u1121281', 'emilioar', 'anstpdlffj3', 'naitix', 'sumintnals', 'navya.k.shastri', 'rhrna007', 'chdu6864', 'hjshook', 'ekdms0894', 'jmy0002', 'foghel96', 'dangover94', 'ana.rmteo', 'josedamiangarcianoya', 'tmdorsey', 'u1285150', 'ylanbdr', 'titanking231', 'thomas.poulin', 'ludovick', 'juho4523', 'aloptor', 'dale7283', 'palzmq', 'jasperdeconinck', 'gipes', 'nargene', 'emt2', 'bobbimatheson', 'giung0227', 'sherwmit', 'jonathan.balent', 'u0360918', 'franktib2', 'ziyue2', 'finnclements', 'dbister', 'dorxlqmdkdlel', 'cjsxodnd12', 'dbeciri45', 'eunice98k', 'byeolguri', 'johnlanghout', 'sukjunyeo', 'u1201859', 'sabintandukar', 'ghobashy445', 'eogn1004', 'exareivaj', 'taylordavis678', 'yjn3492', 'myez', 'cmoauro2', 'kirollos.morcos.km', 'cbo3', 'zlapvmf', 'martinperezmaneiro', 'danielcondetorres', 'antonio25', 'marshallfrye', 'declanb', 'hyerim100600', 'zrm0001', 'juanjoseo', 'pichoncillo1', 'guillermocam', 'b.benson', 'spazos', 'vandelei', 'e.pmcrespo', 'wodnjssnsk12', 'rachelgjohnson', 'shabnashreej', 'doog9601', 'kendalhiatt', 'yoojeong9925', 'lwang82', 'ezsamsuntung', 'mcdonald.josh', 'jrichman99', 'gcxmoffice1994', 'francike', 'thddpwls257', 'jaephago', 'tnqls3409', 'jboniuk98', 'iagomillanentenza', 'alberto4', 'mattmattmerrill', 'blake.ballou08', 'htj1104', 'aht47', 'mehdibandali', 'clara.landesa', 'pablocl', 'qumo4329', 'tonni1912', 'jedelkind0117', 'jlkirk', 'macks', 'sportmonkey584', 'alw0039', 'ophelie10', 'k66773659', 'piri940511', '5dustkd', 'lukebidulka', 'carlosvigo1997', 'smdesrochers', 'giacomo.munari.1', 'ybso1566']",272,"['jenniferperez1', 'cicalesej', 'bha00001', 'anamichelena', 'chohyundong12', 'manuel10suarez10', 'b.isenberg', 'tristram', 'beper53', 'xfiles', 'daniel.robin22', 'juansans98', 'anais3', 'adrianhochgesang', 'suyoneee', 'roychoudhuryaditya2019', 'lidiadom', 'aanupam3', 'miguel_fernandez', 'supernhtr', 'ryuhoin2002', 'mtanzi', 'cjs476', 'mertyamanoglu', 'cbnuleejinwoo', 'sooooooy314', 'gekco', 'gonserr', 'bsusol2', 'georgeckchen', 'hellbomber101', 'ohh99o9', 'uxiavelca', 'nakkulab', 'student1000', 'antoramp', 'siyuezheng', 'immmin6677', 'matthewdailey', 'sschneider874', 'parkface94', 'pablosande98', 'kunge0054', 'ye02', 'chzh1341', 'danielm78', 'marniesan', 'matthewleemle2', 'bbatuhanbilecen', 'andrea.oldham97', 'idargu90', 'xogus102929', 'nes1011', 'xoangon', 'samuelfl', 'eserafimbortolazzo', 'rachel.blaydes', 'ghtlstnf7', 'vetterd', None, 'bw02203', 'ndaniel.baughman', 'coopjord', 'tjtks4730', 'lhc33820933', 'hancheyn', 'rohdej', 'jhryu1994', 'mmartinezsanchez', 'reyda', 'toast', 'kesu1234', 'dish1498', 'graceml2', 'qkslqksl951', 'u0543041', 'mocha7411', 'jiaolh', 'jn12su27', 'yassminsabry', 'estalin', 'glevita2', 'jesusgiraldez', 'caetano.eirea', 'dhkswk96', 'khfrum', 'msubullies1', 'm0650104.ee06g', 'rbb0001', 'bassel0elgharbawy0', 'aia00001', 'ignaciomilani', 'petercp2', 'mitchell.shields99', '123whdxor', 'soddi1621', 'mauro_sg', 'socrat', 'qncowlf10', 'mikesnure', 'abal2474', 'lsj4677', 'hs960531', 'yougyeongo', 'hayejord', 'giacomo.bego', 'qwerty0637', 'corozco', 'tpollei', 'yoonek6719', 'axelbelgarde', 'jeandavid', 'andreagcoto', 'marcospascualin', 'dnlek12', 'zaubin42', 'martinzapatamartinez', 'rygr8576', 'jakubpepas', 'genius_p', 'nshamsi', 'chvk4161', 'dariushkim', 'therahuul', 'isaac.dominguez4444', 'junzed2', 'ganaaa12a', 'latourem', 'rsp79', 'josig2011', 'qottkf6194', 'iflueck2', 'dldnals2020', 'pedro.julian', 'leesk4869', 'dmeyer1998', 'hyerim1006000', 'koakhyunji', 'alskdjfh6161', 'kepco2020a', 'wjdekgus77', 'boody456366', 'nerwin', 'ardisch123', 'xoanmayo', 'itskatomall', 'kyserch', 'adp5383', 'foojorge', 'rricardo0324', 'sgu20151463', 'n3b3x', 'fofi94', 'sallysong683', 'philg', 'jdanivc', 'mis5660', 'anstjd1542', 'u1121281', 'emilioar', 'anstpdlffj3', 'naitix', 'sumintnals', 'navya.k.shastri', 'rhrna007', 'chdu6864', 'hjshook', 'ekdms0894', 'jmy0002', 'foghel96', 'raymondzhou227', 'dangover94', 'ana.rmteo', 'josedamiangarcianoya', 'tmdorsey', 'u1285150', 'ylanbdr', 'titanking231', 'thomas.poulin', 'ludovick', 'juho4523', 'aloptor', 'dale7283', 'palzmq', 'jasperdeconinck', 'gipes', 'nargene', 'emt2', 'logankraus', 'bobbimatheson', 'giung0227', 'sherwmit', 'jonathan.balent', 'u0360918', 'franktib2', 'ziyue2', 'finnclements', 'dbister', 'dorxlqmdkdlel', 'cjsxodnd12', 'dbeciri45', 'eunice98k', 'byeolguri', 'johnlanghout', 'sukjunyeo', 'u1201859', 'sabintandukar', 'ghobashy445', 'eogn1004', 'exareivaj', 'taylordavis678', 'yjn3492', 'myez', 'cmoauro2', 'kirollos.morcos.km', 'cbo3', 'zlapvmf', 'martinperezmaneiro', 'danielcondetorres', 'antonio25', 'marshallfrye', 'declanb', 'hyerim100600', 'zrm0001', 'juanjoseo', 'pichoncillo1', 'guillermocam', 'b.benson', 'spazos', 'vandelei', 'e.pmcrespo', 'wodnjssnsk12', 'rachelgjohnson', 'shabnashreej', 'doog9601', 'kendalhiatt', 'yoojeong9925', 'lwang82', 'ezsamsuntung', 'mcdonald.josh', 'jrichman99', 'gcxmoffice1994', 'francike', 'thddpwls257', 'jaephago', 'tnqls3409', 'jboniuk98', 'iagomillanentenza', 'alberto4', 'mattmattmerrill', 'blake.ballou08', 'htj1104', 'aht47', 'mehdibandali', 'clara.landesa', 'pablocl', 'qumo4329', 'tonni1912', 'jedelkind0117', 'jlkirk', 'macks', 'sportmonkey584', 'alw0039', 'ophelie10', 'k66773659', 'piri940511', '5dustkd', 'lukebidulka', 'carlosvigo1997', 'smdesrochers', 'giacomo.munari.1', 'ybso1566']"
145,218,8,138,3,"['sail', 'anna.collins97', 'mjokar']",4,"['jfleish', 'zooks99', 'wen88', 'ni45']",135,"['vostwal', 'kelsayed', 'jaloi', 'cdtorres', 'cregers', 'lee3489', 'smatsun', 'abelkiew', 'zfrank64', 'wang4142', 'ssidhard', 'mohdshah', 'wu1432', 'mheighwa', 'yang1908', 'egrubbs', 'ccurto', 'amcgoff', 'ghais', 'englanc', 'xue76', 'butchko', 'vkoranne', 'freder26', 'wning', 'gshao', 'rituraj346', 'zubik', 'ewilhite', 'bpolinsk', 'akhilvijay', 'mpisoni', 'efeldman', 'cmenden', 'msulaima', 'cgkartzo', 'cccyyj720', 'chao26', 'esoufler', 'sun530', 'wang4506', 'abora', 'ahmad31', 'pdhillon', 'mmohdzai', 'mohanc21', 'aperitor', 'nail', 'lrajendr', 'avasiukh', 'mart1391', 'rutherfb', 'ddemelom', None, 'priyatham.t', 'kiefern', 'caseya', 'qiuchenzhai', 'petrosky', 'adhikarp', 'wangjourney7', 'yang1865', 'zhan2395', 'rturk8292', 'ydichenk', 'rcontrac', 'malhamm', 'vudayamo', 'brajabif', 'elacr', 'christin3508', 'julien419', 'bgunder', 'richtern', 'gomez110', 'pavlos.vlachos', 'fionayjx27', 'kpardika', 'li3604', 'uabdulla4', 'savetian', 'bhatta23', 'idoh', 'jeigenbr', 'myildiri', 'aleidli', 'hu589', 'srrohit7', 'paulmather', 'elikroller', 'agondima', 'desai61', 'zhao988', 'qin132', 'ayermemb', 'zhan2748', 'bsalil', 'xixilegend', 'mcdona20', 'shethm', 'kuhn48', 'ocegueda', 'deshmukp', 'jnasiboov', 'li2722', 'meyers18', 'missahaq', 'huang706', 'jpdero2', 'wang3138', 'mcclurez', 'bullock8', 'white559', 'shoafn', 'henry01234567', 'alotaib6', 'saha40', 'colewilloughby1125', 'dlarocco', 'zhan3736', 'gmantey', 'nkedir', 'eantwiag', 'uuraechu', 'liu2512', 'ayildiri', 'jjoffe', 'silapaku', 'soni12', 'odonne33', 'ardekani', 'pravi', '17scotta', 'erich1016', 'montoyar']",142,"['vostwal', 'kelsayed', 'jaloi', 'cdtorres', 'cregers', 'lee3489', 'smatsun', 'abelkiew', 'zfrank64', 'wang4142', 'ssidhard', 'mohdshah', 'wu1432', 'mheighwa', 'yang1908', 'egrubbs', 'ccurto', 'amcgoff', 'ghais', 'englanc', 'xue76', 'butchko', 'vkoranne', 'freder26', 'wning', 'gshao', 'rituraj346', 'zubik', 'ewilhite', 'bpolinsk', 'akhilvijay', 'mpisoni', 'efeldman', 'cmenden', 'msulaima', 'cgkartzo', 'cccyyj720', 'chao26', 'esoufler', 'sun530', 'mjokar', 'wang4506', 'ahmad31', 'pdhillon', 'mmohdzai', 'erich1016', 'jfleish', 'mohanc21', 'aperitor', 'nail', 'lrajendr', 'avasiukh', 'mart1391', 'rutherfb', 'ddemelom', None, 'priyatham.t', 'kiefern', 'caseya', 'zooks99', 'qiuchenzhai', 'petrosky', 'adhikarp', 'yang1865', 'zhan2395', 'rturk8292', 'ydichenk', 'rcontrac', 'malhamm', 'vudayamo', 'brajabif', 'elacr', 'christin3508', 'julien419', 'bgunder', 'richtern', 'gomez110', 'pravi', 'fionayjx27', 'kpardika', 'li3604', 'uabdulla4', 'savetian', 'bhatta23', 'idoh', 'wen88', 'jeigenbr', 'myildiri', 'aleidli', 'hu589', 'srrohit7', 'sail', 'paulmather', 'elikroller', 'agondima', 'desai61', 'zhao988', 'qin132', 'ayermemb', '17scotta', 'zhan2748', 'bsalil', 'xixilegend', 'mcdona20', 'shethm', 'kuhn48', 'ocegueda', 'deshmukp', 'jnasiboov', 'li2722', 'meyers18', 'missahaq', 'huang706', 'jpdero2', 'wang3138', 'mcclurez', 'bullock8', 'white559', 'shoafn', 'henry01234567', 'alotaib6', 'saha40', 'colewilloughby1125', 'dlarocco', 'zhan3736', 'gmantey', 'nkedir', 'eantwiag', 'uuraechu', 'liu2512', 'anna.collins97', 'ayildiri', 'jjoffe', 'silapaku', 'soni12', 'odonne33', 'ardekani', 'pavlos.vlachos', 'abora', 'wangjourney7', 'montoyar', 'ni45']"
145,216,8,34,1,['ni45'],6,"['jfleish', 'sail', 'zooks99', 'anna.collins97', 'mjokar', 'wen88']",33,"['strachan', 'cvasq69', 'davidjohnson', 'kfuria', 'fang217', 'hamed0', 'tmarconi', 'geakins', 'emeka29', 'awennin', 'baega21', 'usarwar', 'ellis99', 'aperitor', 'gezbbl7', 'sdabiris', 'wyss', 'smit2827', 'kstirrup', 'asarnowski', 'rderakhs7', 'aahmadza', None, 'tu37', 'okurtulu', 'nabdrahn', 'elikroller', 'jbuehrle', 'ross217', 'chen220', 'hall363', 'dewittl', 'tkonstan']",40,"['strachan', 'cvasq69', 'mjokar', 'davidjohnson', 'tkonstan', 'kfuria', 'fang217', 'hamed0', 'tmarconi', 'geakins', 'emeka29', 'jfleish', 'awennin', 'baega21', 'usarwar', 'ellis99', 'aperitor', 'gezbbl7', 'sdabiris', 'wyss', 'smit2827', 'wen88', 'kstirrup', 'asarnowski', 'rderakhs7', 'aahmadza', None, 'sail', 'zooks99', 'anna.collins97', 'tu37', 'okurtulu', 'nabdrahn', 'elikroller', 'jbuehrle', 'ross217', 'chen220', 'hall363', 'dewittl', 'ni45']"
145,224,8,6,1,['wen88'],6,"['jfleish', 'sail', 'zooks99', 'anna.collins97', 'mjokar', 'ni45']",5,"['li2709', 'yao201', 'chen2122', None, 'iyengar1']",12,"['iyengar1', 'jfleish', 'sail', 'zooks99', 'anna.collins97', 'mjokar', 'wen88', 'li2709', 'yao201', 'chen2122', None, 'ni45']"
147,275,8,9,7,"['jzrinjski34', 'marin95', 'mislavnebl', 'grgur.palle', 'miljenko599', 'mruza', 'tvisnic']",0,[],2,"[None, 'goranka']",9,"['goranka', 'grgur.palle', None, 'tvisnic', 'jzrinjski34', 'marin95', 'mislavnebl', 'miljenko599', 'mruza']"
148,213,8,17,7,"['s06verhoeve', 'sjors1000', 'jibbereuver', 'lfeenstravii', 'mikewang004', 'woutg', 'tomdaman']",0,[],10,"['jeroens', 'wloeffler', 'bjornvanloon', 'bramstibbe', 'zarro110', 'bernard.sohl', 'cce', 'marcovdp12', None, 'jvdoorn']",17,"['wloeffler', 'bjornvanloon', 'jibbereuver', 'lfeenstravii', 'bramstibbe', 'zarro110', 'bernard.sohl', 'mikewang004', 'marcovdp12', 'cce', None, 'tomdaman', 'jvdoorn', 'jeroens', 's06verhoeve', 'sjors1000', 'woutg']"
148,211,8,10,7,"['s06verhoeve', 'sjors1000', 'jibbereuver', 'lfeenstravii', 'mikewang004', 'woutg', 'tomdaman']",0,[],3,"['wloeffler', None, 'nshamsi']",10,"['nshamsi', 'wloeffler', 'jibbereuver', 'lfeenstravii', 'mikewang004', None, 'tomdaman', 's06verhoeve', 'sjors1000', 'woutg']"
149,177,8,40,7,"['anumula3preetham', 'yzw994', 'newzil3113', '1994.vishaksunil', 'newzilpatel3113', 'wrp1997', 'jeong2']",0,[],33,"['sanjibg', 'panumula', 'syam98', 'adarshj', 'dro3', 'aakashkonda', 'runyul', 'rajeshwaripatil1018', 'nitantrajesh', 'hvmistry', 'akashm1', 'arojiwadia', 'newzilpatel', 'jingbinzhao', 'adilahsan', 'purveebhatia', 'yang19900513', 'jagabattula1996', 'zheweny', 'patil2', 'revakd16', 'snagaraj1', 'rahulgahlot', None, 'prajwal3', 'revakdemir', 'yujiewang', 'jiaqiwang1', 'espinosa4', 'mjamal1', 'jianlilu', 'rai1', 'locusgurungsanjib']",40,"['sanjibg', 'panumula', 'syam98', 'adarshj', 'anumula3preetham', '1994.vishaksunil', 'dro3', 'aakashkonda', 'runyul', 'rajeshwaripatil1018', 'nitantrajesh', 'hvmistry', 'akashm1', 'arojiwadia', 'newzilpatel', 'jingbinzhao', 'adilahsan', 'purveebhatia', 'yang19900513', 'jagabattula1996', 'zheweny', 'yzw994', 'newzil3113', 'patil2', 'revakd16', 'snagaraj1', 'rahulgahlot', None, 'prajwal3', 'jeong2', 'revakdemir', 'yujiewang', 'jiaqiwang1', 'espinosa4', 'mjamal1', 'jianlilu', 'newzilpatel3113', 'rai1', 'wrp1997', 'locusgurungsanjib']"
155,401,8,34,7,"['bahodges', 'saway', 'etconley', 'saffrondon', 'jwokim', 'julzha', 'birdboy']",0,[],27,"['kli0323', 'jgee99', 'ghart', 'hleon16', 'aelagoc', 'aaorozco', 'jzj701', 'npcalarc', 'mikhilk', 'nshuman', 'dlyday', 'jrmurana', 'kphendra', 'ajtenorio', 'zyj', 'dhuang70', 'zhc12208', 'jayden', 'cwbraga1', None, 'raltovar', 'eason888', 'sg630', 'suzannas', 'godguo', 'smsandee', 'esuwandi']",34,"['kli0323', 'bahodges', 'saway', 'jgee99', 'ghart', 'hleon16', 'aelagoc', 'aaorozco', 'jzj701', 'npcalarc', 'mikhilk', 'nshuman', 'dlyday', 'jrmurana', 'julzha', 'birdboy', 'kphendra', 'etconley', 'ajtenorio', 'jwokim', 'zyj', 'dhuang70', 'zhc12208', 'jayden', 'cwbraga1', None, 'raltovar', 'saffrondon', 'eason888', 'sg630', 'suzannas', 'godguo', 'smsandee', 'esuwandi']"
156,281,8,85,1,['palani'],6,"['researchytu', 'pschavan.9', 'djcc12000', 'pramodextreme', 'aliyaqureshi', 'anovitzkij']",84,"['vostwal', 'kelsayed', 'zhan2395', 'wangjourney7', 'jesuarezl', 'lee3489', 'smatsun', 'vudayamo', 'brajabif', 'vrayz', 'elacr', 'julien419', 'wang4142', 'bgunder', 'huang670', 'ssidhard', 'gomez110', 'pavlos.vlachos', 'fionayjx27', 'kpardika', 'yang1908', 'egrubbs', 'englanc', 'uabdulla4', 'savetian', 'xue76', 'rituraj1490', 'pkolis', 'vkoranne', 'zhan3800', 'idoh', 'jiema1202', 'gshao', 'rituraj346', 'hu589', 'myildiri', 'srrohit7', 'cmenden', 'paulmather', 'agondima', 'cgkartzo', 'desai61', 'qin132', 'sun530', 'ayermemb', 'zhan2748', 'wu801', 'oerturk', 'ahmad31', 'xixilegend', 'mcdona20', 'pdhillon', 'kuhn48', 'ocegueda', 'kabdelaz', 'hvr', 'missahaq', 'ganti', 'uditrawat469', 'mcclurez', 'lrajendr', 'aveekdutta', 'henry01234567', 'avasiukh', 'jverduzc', 'zhan3736', 'garlic0923', 'uemir', None, 'priyatham.t', 'ktadesse', 'eantwiag', 'caseya', 'ayildiri', 'qiuchenzhai', 'silapaku', 'shah151', 'petrosky', 'odonne33', 'adhikarp', 'zhangwy2016', 'ardekani', 'pravi', 'erich1016']",91,"['vostwal', 'kelsayed', 'zhan2395', 'wangjourney7', 'jesuarezl', 'lee3489', 'smatsun', 'vudayamo', 'brajabif', 'vrayz', 'elacr', 'julien419', 'wang4142', 'bgunder', 'huang670', 'ssidhard', 'gomez110', 'pavlos.vlachos', 'fionayjx27', 'kpardika', 'yang1908', 'egrubbs', 'englanc', 'uabdulla4', 'savetian', 'xue76', 'rituraj1490', 'pkolis', 'vkoranne', 'zhan3800', 'idoh', 'jiema1202', 'gshao', 'rituraj346', 'hu589', 'myildiri', 'anovitzkij', 'srrohit7', 'cmenden', 'paulmather', 'agondima', 'cgkartzo', 'pramodextreme', 'desai61', 'qin132', 'sun530', 'ayermemb', 'zhan2748', 'wu801', 'oerturk', 'ahmad31', 'xixilegend', 'mcdona20', 'pdhillon', 'djcc12000', 'kuhn48', 'ocegueda', 'palani', 'erich1016', 'kabdelaz', 'hvr', 'missahaq', 'ganti', 'uditrawat469', 'mcclurez', 'lrajendr', 'aveekdutta', 'henry01234567', 'avasiukh', 'pschavan.9', 'jverduzc', 'zhan3736', 'garlic0923', 'uemir', 'researchytu', None, 'priyatham.t', 'ktadesse', 'eantwiag', 'caseya', 'ayildiri', 'qiuchenzhai', 'silapaku', 'shah151', 'petrosky', 'odonne33', 'adhikarp', 'zhangwy2016', 'ardekani', 'pravi', 'aliyaqureshi']"
160,241,8,7,6,"['eric.krameri', 'sergivalero99', 'aribenimeli', 'nanohub333', 'paudelgado16', 'alba.ribam']",1,['lydiaa'],1,[None],8,"['sergivalero99', 'eric.krameri', 'lydiaa', 'aribenimeli', 'nanohub333', 'paudelgado16', 'alba.ribam', None]"
161,250,8,9,5,"['arslanovkirillvi', 'f4rr9l', 'marina1999', 'elizaweta.rozhina', 'aldiyar']",2,"['andrey_borisikhin', 'tomilov.yurok']",4,"['gorgge233', 'oleg.antonenko1999', 'darkvi', None]",11,"['arslanovkirillvi', 'f4rr9l', 'oleg.antonenko1999', 'darkvi', None, 'aldiyar', 'gorgge233', 'marina1999', 'elizaweta.rozhina', 'andrey_borisikhin', 'tomilov.yurok']"
161,422,8,7,4,"['elizaweta.rozhina', 'arslanovkirillvi', 'tomilov.yurok', 'marina1999']",3,"['andrey_borisikhin', 'f4rr9l', 'aldiyar']",3,"[None, 'operative.ac', 'konovalckuk.vitaliy']",10,"['arslanovkirillvi', 'f4rr9l', 'operative.ac', 'marina1999', 'elizaweta.rozhina', 'konovalckuk.vitaliy', 'andrey_borisikhin', None, 'tomilov.yurok', 'aldiyar']"
161,423,8,7,4,"['elizaweta.rozhina', 'arslanovkirillvi', 'tomilov.yurok', 'marina1999']",3,"['andrey_borisikhin', 'f4rr9l', 'aldiyar']",3,"['stardust.crusader1999', None, 'operative.ac']",10,"['arslanovkirillvi', 'f4rr9l', 'operative.ac', 'marina1999', 'elizaweta.rozhina', 'stardust.crusader1999', 'andrey_borisikhin', None, 'tomilov.yurok', 'aldiyar']"
168,252,7,23,1,['devilbattles99'],5,"['gorgge233', 'friedrich_liu', 'daryoushna', 'sgu20141429', 'timuragal98']",22,"['rjansa125', 'delmoral1999', 'isaacexma', 'josecarlo', 'xavier.x1000', 'mrm24', 'paulamaynou', 'aleixespada', 'pau.asensio', 'quimii1', 'andreeaioana.kapas', 'paula.maynou', 'ritagrimalt11', 'marcalblasco', None, 'aniol.vellvehi', 'rutxi8', 'muntsasales', 'roberto.fagotto', 'paz.aragon', 'evadelalamofillat9', 'julia.partal']",28,"['rjansa125', 'delmoral1999', 'isaacexma', 'paula.maynou', 'josecarlo', 'daryoushna', 'sgu20141429', 'quimii1', 'xavier.x1000', 'mrm24', 'paulamaynou', 'ritagrimalt11', 'marcalblasco', None, 'gorgge233', 'aniol.vellvehi', 'rutxi8', 'muntsasales', 'aleixespada', 'friedrich_liu', 'roberto.fagotto', 'paz.aragon', 'devilbattles99', 'evadelalamofillat9', 'timuragal98', 'pau.asensio', 'julia.partal', 'andreeaioana.kapas']"
168,250,7,9,1,['gorgge233'],5,"['friedrich_liu', 'daryoushna', 'devilbattles99', 'sgu20141429', 'timuragal98']",8,"['darkvi', 'arslanovkirillvi', 'f4rr9l', 'marina1999', 'oleg.antonenko1999', 'elizaweta.rozhina', None, 'aldiyar']",14,"['gorgge233', 'arslanovkirillvi', 'f4rr9l', 'oleg.antonenko1999', 'marina1999', 'darkvi', 'daryoushna', 'friedrich_liu', 'devilbattles99', 'sgu20141429', 'elizaweta.rozhina', 'timuragal98', None, 'aldiyar']"
169,449,7,13,6,"['isha.utekar2012', 'rohitmandavkar0', 'riteshbangera2509', 'bhosalesarjerao1', 'ashutoshmali67', 'abhiseka808']",0,[],7,"['omkarkelshikar30', 'sujitpatankar442', 'dubey41r', 'kaustubh911', 'patilvaidehee98', None, 'ameypanchal1234']",13,"['isha.utekar2012', 'omkarkelshikar30', None, 'sujitpatankar442', 'rohitmandavkar0', 'dubey41r', 'kaustubh911', 'riteshbangera2509', 'patilvaidehee98', 'bhosalesarjerao1', 'ashutoshmali67', 'ameypanchal1234', 'abhiseka808']"
170,315,7,9,6,"['alexbrown2', 'hnnhalmu', 'adamshepp', 'joshwilkinson0', 'xl006011', 'will1499']",0,[],3,"[None, 'angrysaz', 'misty07abc']",9,"['alexbrown2', 'misty07abc', 'hnnhalmu', 'adamshepp', 'joshwilkinson0', None, 'angrysaz', 'xl006011', 'will1499']"
171,380,7,34,1,['narendarr34'],5,"['cpm3521', 'mike.hogsed', 'siu854474938', 'streetlight313', 'yousef.alansari']",33,"['pkrutikmehta', 'ee18btech11041', 'shreshta126', 'hrithikraj5', 'sathwikchaitanya', 'tejaswini_anagani', 'mounika.banothu2', 'ee18btech11048', 'ee18btech11016', 'saivarshatedla', 'cheruu', 'ee18btech11026', 'ee18btech11004', 'tprashanth180', 'aashrith', 'shaik123', 'ee17btech11001', 'berisowjanya205', 'ee18btech11044', 'kalyanidp123', 'ee18btech11021', 'mehar', 'aayushgoyal27', 'rakesh1231', 'ee18btech11034', 'pi_stark', None, 'ee17btech11010', 'nagandlaravalika6', 'vlnreddy', 'ee18btech11020', 'adithyavardhan', 'emani']",39,"['pkrutikmehta', 'ee18btech11041', 'narendarr34', 'shreshta126', 'hrithikraj5', 'sathwikchaitanya', 'tejaswini_anagani', 'mounika.banothu2', 'ee18btech11048', 'ee18btech11016', 'saivarshatedla', 'cheruu', 'ee18btech11026', 'ee18btech11004', 'tprashanth180', 'aashrith', 'shaik123', 'ee17btech11001', 'siu854474938', 'streetlight313', 'berisowjanya205', 'ee18btech11044', 'kalyanidp123', 'cpm3521', 'ee18btech11021', 'mehar', 'mike.hogsed', 'aayushgoyal27', 'rakesh1231', 'ee18btech11034', 'pi_stark', 'yousef.alansari', None, 'ee17btech11010', 'nagandlaravalika6', 'vlnreddy', 'ee18btech11020', 'adithyavardhan', 'emani']"
171,378,7,11,4,"['streetlight313', 'siu854474938', 'cpm3521', 'yousef.alansari']",2,"['narendarr34', 'mike.hogsed']",7,"['siu856308833', 'paytonmcc', 'ian2123', 'siu854042801', 'siu854386620', 'siu854274177', None]",13,"['siu856308833', 'narendarr34', 'paytonmcc', 'ian2123', 'cpm3521', 'siu854042801', 'mike.hogsed', 'siu854386620', 'siu854274177', None, 'yousef.alansari', 'siu854474938', 'streetlight313']"
174,134,7,26,6,"['tingtan', 'todutola', 'rzubajlo', 'scshen', 'pleon', 'jialliu']",0,[],20,"['mylesstapelberg', 'dacon', 'pganesh1347', 'jpallone', 'ashtond20', 'sphu', 'jhting', 'kaiguo', 'priyaganesh', 'osterude', 'mlgala', 'crafty', 'lewan94', 'kguo34', 'toyinodutola', 'kai626', None, 'myless', 'elvartz', 'egillam']",26,"['mylesstapelberg', 'dacon', 'pganesh1347', 'jpallone', 'ashtond20', 'jialliu', 'sphu', 'tingtan', 'jhting', 'kaiguo', 'priyaganesh', 'rzubajlo', 'osterude', 'scshen', 'mlgala', 'pleon', 'crafty', 'lewan94', 'kguo34', 'toyinodutola', 'kai626', None, 'myless', 'todutola', 'elvartz', 'egillam']"
176,346,7,24,4,"['victormanuelleru', 'jd.parada', 'dmmr2617', 'snowartz7']",2,"['felipevasquez_1998', 'gonzaloemr18']",20,"['sergio.gomez', 'juan.yate.alcala', 'sebuchaspinzon', 'lgamba56', 'alizarazo1204', 'danielalejandro133', 'kevingonzalez', 'ss728', 'mafetatr', 'sebastianmolano1708', 'dmartinezcu', 'cesar310', None, 'karlafernanda2524', 'jchavezmass', 'gf.gonzalez', 's.leonaviles152915', 'jpcdecolombia', 'martindanielrm15', 'jaimesariasmjose']",26,"['martindanielrm15', 'juan.yate.alcala', 'sergio.gomez', 'felipevasquez_1998', 'sebuchaspinzon', 'lgamba56', 'snowartz7', 'alizarazo1204', 'dmartinezcu', 'cesar310', None, 'danielalejandro133', 'victormanuelleru', 'karlafernanda2524', 'kevingonzalez', 'jchavezmass', 'ss728', 'gf.gonzalez', 'sebastianmolano1708', 's.leonaviles152915', 'jpcdecolombia', 'jd.parada', 'dmmr2617', 'mafetatr', 'gonzaloemr18', 'jaimesariasmjose']"
178,290,7,6,2,"['suyueyua', 'tingyuya']",4,"['lambropoulos', 'jamesmorris', 'cameronframpton', 'gavincgl']",4,"['aryan', None, 'xiaoyu11', 'liu396']",10,"['xiaoyu11', 'gavincgl', 'lambropoulos', 'suyueyua', 'tingyuya', 'liu396', 'jamesmorris', 'aryan', None, 'cameronframpton']"
182,263,7,8,3,"['jubilyvreji', 'ushamadhu963', 'sheethugopal1998']",3,"['lakshaychandna179', 'prabithaprasad14', 'ravi.ggoel']",5,"['shincy6', '3mayavismaya9710', 'nissie.mary.johnson', 'sreeparvathisharikumar', None]",11,"['lakshaychandna179', 'shincy6', '3mayavismaya9710', 'ushamadhu963', 'nissie.mary.johnson', 'sreeparvathisharikumar', 'jubilyvreji', 'sheethugopal1998', 'prabithaprasad14', None, 'ravi.ggoel']"
185,184,7,74,4,"['conley39', 'rnaon', 'gchsong', 'satishbgowda']",2,"['arci.bryan', 'hunt136']",70,"['ganeshm', 'dbenham', 'titus9', 'askipwor', 'kswiatk', 'gtribe', 'sah1', 'ssaradhi', 'pnagrani', 'sharm284', 'dewey2', 'fvora', 'ja37989', 'ncnweb_outreach1', 'faltens', 'eheikens', 'mtrivell', 'jianwen97', 'lgreenle', 'savetian', 'yao201', 'deshpan3', 'rojas23', 'osantang', 'bhartant', 'jung248', 'paulmather', 'alafzi', 'ericks23', 'abuganza', 'reyno105', 'desai61', 'byant', 'mfarnell', 'aavlani', 'li2736', 'skarumur', 'jmeneze', 'ununez', 'callahap', 'bmodel', 'patkip', 'hu509', 'owen22', 'tan254', 'peter496', 'smit3159', 'lowe52', 'jpdero2', 'matar', 'mcclurez', 'aidanc_purdue', 'wang4084', 'anaon', 'vogel30', 'jverduzc', 'zprofio', 'jo30', 'ncnweb_outreach2', 'kulkar72', None, 'ford.l.piano.guitar', 'jpiazza', 'petrosky', 'jstalba', 'dfarache', 'han602', 'shanks5', 'kkoradiy', 'mademoiselle0812']",76,"['ganeshm', 'dbenham', 'titus9', 'askipwor', 'kswiatk', 'gtribe', 'sah1', 'ssaradhi', 'pnagrani', 'sharm284', 'rnaon', 'dewey2', 'fvora', 'ja37989', 'ncnweb_outreach1', 'faltens', 'eheikens', 'hunt136', 'mtrivell', 'jianwen97', 'lgreenle', 'savetian', 'yao201', 'deshpan3', 'rojas23', 'osantang', 'bhartant', 'jung248', 'paulmather', 'alafzi', 'ericks23', 'abuganza', 'reyno105', 'desai61', 'byant', 'mfarnell', 'aavlani', 'gchsong', 'li2736', 'skarumur', 'jmeneze', 'ununez', 'callahap', 'bmodel', 'patkip', 'hu509', 'owen22', 'tan254', 'peter496', 'smit3159', 'lowe52', 'jpdero2', 'matar', 'conley39', 'mcclurez', 'aidanc_purdue', 'wang4084', 'anaon', 'vogel30', 'jverduzc', 'zprofio', 'jo30', 'ncnweb_outreach2', 'kulkar72', 'satishbgowda', None, 'ford.l.piano.guitar', 'jpiazza', 'petrosky', 'jstalba', 'dfarache', 'han602', 'shanks5', 'arci.bryan', 'kkoradiy', 'mademoiselle0812']"
186,396,7,52,5,"['fosbackta17', 'izumi98077', 'rileymccarthy27', 'manolisc23', 'andrew2016']",1,['hovt29'],47,"['nicaponti', 'daglis', 'anaya.g2623', 'lwang82', 'jte55', 'fredysanchez2', 'v206586', 'roychoudhuryaditya2019', 'i217947', 'jboniuk98', 'fedeenav', 'sjl328', 'rburkins1', 'profjanser', 'mattmattmerrill', 'tflong71', 'hrilina12', 'cjs476', 'blake.ballou08', 'aht47', 'emilioar', 'michael.breeding31', 'ganassinandrea', 'ganaaa12a', 'judgeofduty', 'macks', 'ziyue2', 'alw0039', 'finnclements', 'rsp79', 'rbb0001', 'mbatra310', None, 'r204952', 'aia00001', 'petercp2', 'ecegeekece', 'oozaku', 'a212269', 'thalesrogerio', 'hjshook', 'pedro.julian', 'mikesnure', 'e.sdavidm', 'd169774', 'npd54', 'mvp55']",53,"['nicaponti', 'daglis', 'hovt29', 'izumi98077', 'anaya.g2623', 'lwang82', 'jte55', 'fredysanchez2', 'andrew2016', 'v206586', 'roychoudhuryaditya2019', 'i217947', 'jboniuk98', 'fedeenav', 'rileymccarthy27', 'sjl328', 'rburkins1', 'profjanser', 'mattmattmerrill', 'tflong71', 'hrilina12', 'cjs476', 'blake.ballou08', 'aht47', 'emilioar', 'michael.breeding31', 'ganassinandrea', 'ganaaa12a', 'judgeofduty', 'macks', 'ziyue2', 'alw0039', 'finnclements', 'rsp79', 'manolisc23', 'rbb0001', 'mbatra310', None, 'r204952', 'aia00001', 'petercp2', 'ecegeekece', 'oozaku', 'a212269', 'fosbackta17', 'thalesrogerio', 'hjshook', 'pedro.julian', 'mikesnure', 'e.sdavidm', 'd169774', 'npd54', 'mvp55']"
186,366,7,6,5,"['fosbackta17', 'izumi98077', 'rileymccarthy27', 'manolisc23', 'andrew2016']",1,['hovt29'],1,[None],7,"['hovt29', 'fosbackta17', 'izumi98077', 'rileymccarthy27', 'manolisc23', None, 'andrew2016']"
187,387,7,271,6,"['dale7283', 'chzh1341', 'chdu6864', 'n3b3x', 'kesu1234', 'abal2474']",0,[],265,"['jenniferperez1', 'cicalesej', 'bha00001', 'anamichelena', 'chohyundong12', 'manuel10suarez10', 'b.isenberg', 'tristram', 'beper53', 'xfiles', 'daniel.robin22', 'juansans98', 'anais3', 'adrianhochgesang', 'suyoneee', 'roychoudhuryaditya2019', 'lidiadom', 'aanupam3', 'miguel_fernandez', 'supernhtr', 'ryuhoin2002', 'mtanzi', 'cjs476', 'mertyamanoglu', 'cbnuleejinwoo', 'sooooooy314', 'gekco', 'gonserr', 'bsusol2', 'georgeckchen', 'hellbomber101', 'ohh99o9', 'uxiavelca', 'nakkulab', 'student1000', 'antoramp', 'siyuezheng', 'immmin6677', 'matthewdailey', 'sschneider874', 'parkface94', 'pablosande98', 'kunge0054', 'ye02', 'danielm78', 'marniesan', 'matthewleemle2', 'bbatuhanbilecen', 'andrea.oldham97', 'idargu90', 'xogus102929', 'nes1011', 'xoangon', 'samuelfl', 'eserafimbortolazzo', 'rachel.blaydes', 'ghtlstnf7', 'vetterd', None, 'bw02203', 'coopjord', 'tjtks4730', 'lhc33820933', 'hancheyn', 'rohdej', 'jhryu1994', 'mmartinezsanchez', 'reyda', 'toast', 'dish1498', 'graceml2', 'qkslqksl951', 'u0543041', 'mocha7411', 'jiaolh', 'jn12su27', 'yassminsabry', 'estalin', 'glevita2', 'jesusgiraldez', 'caetano.eirea', 'dhkswk96', 'khfrum', 'msubullies1', 'm0650104.ee06g', 'rbb0001', 'bassel0elgharbawy0', 'aia00001', 'ignaciomilani', 'petercp2', 'mitchell.shields99', '123whdxor', 'soddi1621', 'mauro_sg', 'socrat', 'qncowlf10', 'mikesnure', 'lsj4677', 'hs960531', 'yougyeongo', 'hayejord', 'giacomo.bego', 'qwerty0637', 'corozco', 'tpollei', 'yoonek6719', 'axelbelgarde', 'jeandavid', 'andreagcoto', 'marcospascualin', 'dnlek12', 'zaubin42', 'martinzapatamartinez', 'rygr8576', 'jakubpepas', 'genius_p', 'nshamsi', 'chvk4161', 'dariushkim', 'therahuul', 'isaac.dominguez4444', 'junzed2', 'ganaaa12a', 'latourem', 'rsp79', 'josig2011', 'qottkf6194', 'iflueck2', 'dldnals2020', 'pedro.julian', 'leesk4869', 'dmeyer1998', 'hyerim1006000', 'koakhyunji', 'alskdjfh6161', 'kepco2020a', 'wjdekgus77', 'boody456366', 'nerwin', 'ardisch123', 'xoanmayo', 'itskatomall', 'kyserch', 'adp5383', 'foojorge', 'rricardo0324', 'sgu20151463', 'fofi94', 'sallysong683', 'philg', 'jdanivc', 'mis5660', 'anstjd1542', 'u1121281', 'emilioar', 'anstpdlffj3', 'naitix', 'sumintnals', 'navya.k.shastri', 'rhrna007', 'hjshook', 'ekdms0894', 'jmy0002', 'foghel96', 'raymondzhou227', 'dangover94', 'ana.rmteo', 'josedamiangarcianoya', 'tmdorsey', 'u1285150', 'ylanbdr', 'titanking231', 'thomas.poulin', 'ludovick', 'juho4523', 'aloptor', 'palzmq', 'jasperdeconinck', 'gipes', 'nargene', 'emt2', 'logankraus', 'bobbimatheson', 'giung0227', 'sherwmit', 'jonathan.balent', 'u0360918', 'franktib2', 'ziyue2', 'finnclements', 'dbister', 'dorxlqmdkdlel', 'cjsxodnd12', 'dbeciri45', 'eunice98k', 'byeolguri', 'johnlanghout', 'sukjunyeo', 'u1201859', 'sabintandukar', 'ghobashy445', 'eogn1004', 'exareivaj', 'taylordavis678', 'yjn3492', 'myez', 'cmoauro2', 'kirollos.morcos.km', 'cbo3', 'zlapvmf', 'martinperezmaneiro', 'danielcondetorres', 'antonio25', 'marshallfrye', 'declanb', 'hyerim100600', 'zrm0001', 'juanjoseo', 'pichoncillo1', 'guillermocam', 'b.benson', 'spazos', 'vandelei', 'e.pmcrespo', 'wodnjssnsk12', 'rachelgjohnson', 'shabnashreej', 'doog9601', 'kendalhiatt', 'yoojeong9925', 'lwang82', 'ezsamsuntung', 'mcdonald.josh', 'jrichman99', 'gcxmoffice1994', 'francike', 'thddpwls257', 'jaephago', 'tnqls3409', 'jboniuk98', 'iagomillanentenza', 'alberto4', 'mattmattmerrill', 'blake.ballou08', 'htj1104', 'aht47', 'mehdibandali', 'clara.landesa', 'pablocl', 'qumo4329', 'tonni1912', 'jedelkind0117', 'jlkirk', 'macks', 'sportmonkey584', 'alw0039', 'ophelie10', 'k66773659', 'piri940511', '5dustkd', 'lukebidulka', 'carlosvigo1997', 'smdesrochers', 'giacomo.munari.1', 'ybso1566']",271,"['jenniferperez1', 'cicalesej', 'bha00001', 'anamichelena', 'chohyundong12', 'manuel10suarez10', 'b.isenberg', 'tristram', 'beper53', 'xfiles', 'daniel.robin22', 'juansans98', 'anais3', 'adrianhochgesang', 'suyoneee', 'roychoudhuryaditya2019', 'lidiadom', 'aanupam3', 'miguel_fernandez', 'supernhtr', 'ryuhoin2002', 'mtanzi', 'cjs476', 'mertyamanoglu', 'cbnuleejinwoo', 'sooooooy314', 'gekco', 'gonserr', 'bsusol2', 'georgeckchen', 'hellbomber101', 'ohh99o9', 'uxiavelca', 'nakkulab', 'student1000', 'antoramp', 'siyuezheng', 'immmin6677', 'matthewdailey', 'sschneider874', 'parkface94', 'pablosande98', 'kunge0054', 'ye02', 'chzh1341', 'danielm78', 'marniesan', 'matthewleemle2', 'bbatuhanbilecen', 'andrea.oldham97', 'idargu90', 'xogus102929', 'nes1011', 'xoangon', 'samuelfl', 'eserafimbortolazzo', 'rachel.blaydes', 'ghtlstnf7', 'vetterd', None, 'bw02203', 'coopjord', 'tjtks4730', 'lhc33820933', 'hancheyn', 'rohdej', 'jhryu1994', 'mmartinezsanchez', 'reyda', 'toast', 'kesu1234', 'dish1498', 'graceml2', 'qkslqksl951', 'u0543041', 'mocha7411', 'jiaolh', 'jn12su27', 'yassminsabry', 'estalin', 'glevita2', 'jesusgiraldez', 'caetano.eirea', 'dhkswk96', 'khfrum', 'msubullies1', 'm0650104.ee06g', 'rbb0001', 'bassel0elgharbawy0', 'aia00001', 'ignaciomilani', 'petercp2', 'mitchell.shields99', '123whdxor', 'soddi1621', 'mauro_sg', 'socrat', 'qncowlf10', 'mikesnure', 'abal2474', 'lsj4677', 'hs960531', 'yougyeongo', 'hayejord', 'giacomo.bego', 'qwerty0637', 'corozco', 'tpollei', 'yoonek6719', 'axelbelgarde', 'jeandavid', 'andreagcoto', 'marcospascualin', 'dnlek12', 'zaubin42', 'martinzapatamartinez', 'rygr8576', 'jakubpepas', 'genius_p', 'nshamsi', 'chvk4161', 'dariushkim', 'therahuul', 'isaac.dominguez4444', 'junzed2', 'ganaaa12a', 'latourem', 'rsp79', 'josig2011', 'qottkf6194', 'iflueck2', 'dldnals2020', 'pedro.julian', 'leesk4869', 'dmeyer1998', 'hyerim1006000', 'koakhyunji', 'alskdjfh6161', 'kepco2020a', 'wjdekgus77', 'boody456366', 'nerwin', 'ardisch123', 'xoanmayo', 'itskatomall', 'kyserch', 'adp5383', 'foojorge', 'rricardo0324', 'sgu20151463', 'n3b3x', 'fofi94', 'sallysong683', 'philg', 'jdanivc', 'mis5660', 'anstjd1542', 'u1121281', 'emilioar', 'anstpdlffj3', 'naitix', 'sumintnals', 'navya.k.shastri', 'rhrna007', 'chdu6864', 'hjshook', 'ekdms0894', 'jmy0002', 'foghel96', 'raymondzhou227', 'dangover94', 'ana.rmteo', 'josedamiangarcianoya', 'tmdorsey', 'u1285150', 'ylanbdr', 'titanking231', 'thomas.poulin', 'ludovick', 'juho4523', 'aloptor', 'dale7283', 'palzmq', 'jasperdeconinck', 'gipes', 'nargene', 'emt2', 'logankraus', 'bobbimatheson', 'giung0227', 'sherwmit', 'jonathan.balent', 'u0360918', 'franktib2', 'ziyue2', 'finnclements', 'dbister', 'dorxlqmdkdlel', 'cjsxodnd12', 'dbeciri45', 'eunice98k', 'byeolguri', 'johnlanghout', 'sukjunyeo', 'u1201859', 'sabintandukar', 'ghobashy445', 'eogn1004', 'exareivaj', 'taylordavis678', 'yjn3492', 'myez', 'cmoauro2', 'kirollos.morcos.km', 'cbo3', 'zlapvmf', 'martinperezmaneiro', 'danielcondetorres', 'antonio25', 'marshallfrye', 'declanb', 'hyerim100600', 'zrm0001', 'juanjoseo', 'pichoncillo1', 'guillermocam', 'b.benson', 'spazos', 'vandelei', 'e.pmcrespo', 'wodnjssnsk12', 'rachelgjohnson', 'shabnashreej', 'doog9601', 'kendalhiatt', 'yoojeong9925', 'lwang82', 'ezsamsuntung', 'mcdonald.josh', 'jrichman99', 'gcxmoffice1994', 'francike', 'thddpwls257', 'jaephago', 'tnqls3409', 'jboniuk98', 'iagomillanentenza', 'alberto4', 'mattmattmerrill', 'blake.ballou08', 'htj1104', 'aht47', 'mehdibandali', 'clara.landesa', 'pablocl', 'qumo4329', 'tonni1912', 'jedelkind0117', 'jlkirk', 'macks', 'sportmonkey584', 'alw0039', 'ophelie10', 'k66773659', 'piri940511', '5dustkd', 'lukebidulka', 'carlosvigo1997', 'smdesrochers', 'giacomo.munari.1', 'ybso1566']"
187,18,7,15,6,"['dale7283', 'chzh1341', 'chdu6864', 'n3b3x', 'kesu1234', 'abal2474']",0,[],9,"['dyoh5119', 'anar4331', 'rysw5590', 'qumo4329', None, 'dish1498', 'prra6646', 'chwi7664', 'elmu6301']",15,"['chzh1341', 'dyoh5119', 'qumo4329', 'kesu1234', 'dish1498', None, 'dale7283', 'chdu6864', 'anar4331', 'rysw5590', 'n3b3x', 'abal2474', 'prra6646', 'chwi7664', 'elmu6301']"
187,355,7,11,6,"['dale7283', 'chzh1341', 'chdu6864', 'n3b3x', 'kesu1234', 'abal2474']",0,[],5,"['qumo4329', 'dish1498', None, 'chwi7664', 'elmu6301']",11,"['chzh1341', 'qumo4329', 'kesu1234', 'dish1498', None, 'dale7283', 'chdu6864', 'n3b3x', 'abal2474', 'chwi7664', 'elmu6301']"
188,273,7,271,1,['psakamot'],5,"['raob', 'sssphealix', 'simil', 'sayedus', 'clarice7170431']",270,"['mart1380', 'patel731', 'doyle75', 'cdtorres', 'cregers', 'engc', 'ssaradhi', 'jin376', 'lee2614', 'cho372', 'jdumblet', 'mheighwa', 'mohdshah', 'ghais', 'amcgoff', 'smit2827', 'dkahmann', 'the.mark.sargent', 'dkuen', 'stewa238', 'pillai7', 'wning', 'yao201', 'chen2122', 'zubik', 'ewilhite', 'abosshar', 'gupta393', 'cmenden', 'eashburn', 'obalican', 'nabdrahn', 'yshousha', 'kvansan', 'nkhuu', 'klipiszk', 'cheeseballs99', 'jmacatan', 'harri670', 'lawrencr', 'kinserc', 'gcesar', 'tmerric', 'apanuga', 'ftangpoo', 'mmohdzai', 'tglavan', 'iyengar1', 'tan254', 'gjensen', 'atruver', 'marisol', 'cblackm', 'msargen', 'mart1391', 'vogel30', 'sanjiv3damo', 'woo49', 'rutherfb', 'kiefern', 'ford.l.piano.guitar', 'jiang655', 'butzz', 'rathi4', 'hopkin43', 'mheiland', 'mtbarrette01', 'bkeel', 'yang1865', 'tdarmon', 'akick', 'rturk8292', 'cwidak', 'malhamm', 'lyanni', 'kumar212', 'pickera', 'slillig', 'mfess', 'dleoni', 'richtern', 'lmackin', 'stockb', 'choi333', 'li3604', 'mathur30', 'stark22', 'lm45000', 'anniebreidinger', 'davidrgowan', 'jeigenbr', 'zhan3624', 'kocher1', 'yeungd', 'ashwarts', 'singer15', 'jhulsize', 'tnoor', 'ali113', 'jbuehrle', 'nwegh', 'mudd3', 'dzadoks', 'mornings', 'aaprelik', '17scotta', 'gao499', 'shethm', 'siu2', 'jnasiboov', 'gratz', 'lauerc', 'dixon82', 'emarches', 'kmotwan', 'verma52', 'white559', 'hillej', 'yount', 'nikitasridhar14', 'msuter', 'rdrager', 'tmccoll', 'jai104', 'uuraechu', 'adamdmiller17', 'liu2512', 'ecave', 'allisonbosshart', 'hall363', 'kzeligso', 'akapko', 'wisler0', 'jmickow', 'mbraner', 'jaloi', 'spear9', 'dmassow', 'abelkiew', 'zfrank64', 'etitheyeti98', 'song609', 'mcginn1', 'bcaffert', 'smit3177', 'freyg', '3ksnn64', 'suixiong8', 'layyar', 'butchko', 'mohanc', 'xing36', 'rweedon', 'bpolinsk', 'davidsml', 'mpisoni', 'efeldman', 'oelsher', 'bcasler', 'lowe77', 'asabo2893', 'msulaima', 'baile261', 'cccyyj720', 'brewer66', 'edreifue', 'chao26', 'mfarnell', 'strachan', 'uasoluka', 'peter514', 'gray244', 'cole.breseman', 'hschennu', 'ctow', 'adams410', 'nhuntine', 'baker493', 'ellis99', 'kozelr', 'aperitor', 'natoli0', 'bowman96', 'yang1420', 'agrillo', 'nail', 'iclyde', 'smit3184', 'mcurto', 'pjcali3', 'hgrover', 'hill399', 'cvasq69', 'ithakor', 'pshashi', 'cbresema', 'gtribe', 'vudayamo', 'sedgerto', 'abhalcha', 'mmshank16', 'jo46', 'kang264', 'bgrandst', 'gleasonb', 'mtrivell', 'gnishibu', 'patel784', 'epiergal', 'ghosh36', 'do26', 'roth51', 'bwitchie', 'mart1180', 'peck28', 'aleidli', 'rhinesj', 'osantang', 'tu37', 'ceckste', 'saboa', 'eloewe', 'ebilionis', 'nfei', 'zhao988', 'schuman1', 'everbru', 'xu1020', 'jlorah', 'chiang56', 'rmadhuja', 'avwenning', 'srothsch', 'xose.amo', 'lthursto', 'coolnikitav', 'deshmukp', 'schro118', 'li2722', 'redmanr', 'sgrzych', 'bamorim', 'awennin', 'egarayev', 'li2709', 'jpdero2', 'bullock8', 'mill2119', 'shoafn', 'aidanc_purdue', 'doherty6', 'george92', 'alotaib6', 'costel10', 'jfitzhu', 'colewilloughby1125', 'dlarocco', 'tpownell', 'ericshen628', 'mishra94', 'lrigsbee', 'goodma27', 'ding202', 'kbebris', 'soni12', 'bernarm', 'meyer264', 'abora', 'dragoneye', 'pcase']",276,"['mart1380', 'patel731', 'doyle75', 'cdtorres', 'cregers', 'engc', 'ssaradhi', 'jin376', 'lee2614', 'cho372', 'jdumblet', 'mheighwa', 'mohdshah', 'ghais', 'amcgoff', 'smit2827', 'dkahmann', 'the.mark.sargent', 'dkuen', 'stewa238', 'pillai7', 'wning', 'yao201', 'chen2122', 'zubik', 'ewilhite', 'abosshar', 'gupta393', 'cmenden', 'eashburn', 'obalican', 'nabdrahn', 'yshousha', 'kvansan', 'nkhuu', 'klipiszk', 'cheeseballs99', 'jmacatan', 'harri670', 'lawrencr', 'kinserc', 'gcesar', 'tmerric', 'apanuga', 'ftangpoo', 'mmohdzai', 'tglavan', 'iyengar1', 'tan254', 'gjensen', 'atruver', 'marisol', 'cblackm', 'msargen', 'mart1391', 'vogel30', 'sanjiv3damo', 'woo49', 'rutherfb', 'kiefern', 'ford.l.piano.guitar', 'jiang655', 'butzz', 'rathi4', 'hopkin43', 'mheiland', 'mtbarrette01', 'bkeel', 'yang1865', 'tdarmon', 'akick', 'rturk8292', 'cwidak', 'malhamm', 'lyanni', 'kumar212', 'pickera', 'slillig', 'mfess', 'dleoni', 'richtern', 'lmackin', 'stockb', 'choi333', 'li3604', 'mathur30', 'stark22', 'lm45000', 'anniebreidinger', 'davidrgowan', 'jeigenbr', 'zhan3624', 'kocher1', 'yeungd', 'ashwarts', 'singer15', 'jhulsize', 'tnoor', 'ali113', 'jbuehrle', 'clarice7170431', 'nwegh', 'mudd3', 'dzadoks', 'mornings', 'aaprelik', '17scotta', 'gao499', 'shethm', 'siu2', 'jnasiboov', 'psakamot', 'gratz', 'lauerc', 'dixon82', 'emarches', 'kmotwan', 'verma52', 'white559', 'hillej', 'yount', 'nikitasridhar14', 'sssphealix', 'msuter', 'rdrager', 'tmccoll', 'jai104', 'uuraechu', 'adamdmiller17', 'liu2512', 'ecave', 'simil', 'allisonbosshart', 'hall363', 'kzeligso', 'akapko', 'wisler0', 'jmickow', 'mbraner', 'jaloi', 'spear9', 'dmassow', 'abelkiew', 'zfrank64', 'etitheyeti98', 'song609', 'mcginn1', 'bcaffert', 'smit3177', 'raob', 'freyg', '3ksnn64', 'suixiong8', 'layyar', 'butchko', 'mohanc', 'xing36', 'rweedon', 'bpolinsk', 'davidsml', 'mpisoni', 'efeldman', 'oelsher', 'bcasler', 'lowe77', 'asabo2893', 'msulaima', 'baile261', 'cccyyj720', 'brewer66', 'edreifue', 'chao26', 'mfarnell', 'strachan', 'uasoluka', 'peter514', 'gray244', 'cole.breseman', 'hschennu', 'ctow', 'adams410', 'nhuntine', 'baker493', 'ellis99', 'kozelr', 'aperitor', 'natoli0', 'bowman96', 'yang1420', 'agrillo', 'nail', 'iclyde', 'smit3184', 'mcurto', 'pjcali3', 'hgrover', 'hill399', 'cvasq69', 'ithakor', 'pshashi', 'cbresema', 'gtribe', 'vudayamo', 'sedgerto', 'abhalcha', 'mmshank16', 'jo46', 'kang264', 'bgrandst', 'gleasonb', 'mtrivell', 'gnishibu', 'patel784', 'epiergal', 'ghosh36', 'do26', 'roth51', 'bwitchie', 'mart1180', 'peck28', 'aleidli', 'rhinesj', 'osantang', 'tu37', 'ceckste', 'saboa', 'sayedus', 'eloewe', 'ebilionis', 'nfei', 'zhao988', 'schuman1', 'everbru', 'xu1020', 'jlorah', 'chiang56', 'rmadhuja', 'avwenning', 'srothsch', 'xose.amo', 'lthursto', 'coolnikitav', 'deshmukp', 'schro118', 'li2722', 'redmanr', 'sgrzych', 'bamorim', 'awennin', 'egarayev', 'li2709', 'jpdero2', 'bullock8', 'mill2119', 'shoafn', 'aidanc_purdue', 'doherty6', 'george92', 'alotaib6', 'costel10', 'jfitzhu', 'colewilloughby1125', 'dlarocco', 'tpownell', 'ericshen628', 'mishra94', 'lrigsbee', 'goodma27', 'ding202', 'kbebris', 'soni12', 'bernarm', 'meyer264', 'abora', 'dragoneye', 'pcase']"
188,277,7,182,3,"['psakamot', 'raob', 'sssphealix']",3,"['clarice7170431', 'simil', 'sayedus']",179,"['mart1380', 'patel731', 'wisler0', 'jmickow', 'jaloi', 'cdtorres', 'cregers', 'dmassow', 'abelkiew', 'jin376', 'etitheyeti98', 'rumplem', 'mcginn1', 'mohdshah', 'bcaffert', 'ccurto', 'amcgoff', 'smit3177', 'freyg', 'dkuen', 'mohanc', 'stewa238', 'pillai7', 'jmcnaugh', 'chen2122', 'xing36', 'zubik', 'ewilhite', 'rweedon', 'abosshar', 'gupta393', 'rasato', 'mpisoni', 'efeldman', 'cmenden', 'bcasler', 'eashburn', 'richg', 'payne71', 'msulaima', 'kvansan', 'cccyyj720', 'brewer66', 'cheeseballs99', 'klipiszk', 'jmacatan', 'lawrencr', 'chao26', 'edreifue', 'kinserc', 'harri670', 'dangratz99', 'gcesar', 'apanuga', 'peter514', 'ftangpoo', 'daviskahmann', 'mmohdzai', 'cibrahim', 'iyengar1', 'wertzm', 'hschennu', 'ctow', 'adams410', 'tdarmon20', 'atruver', 'nhuntine', 'ellis99', 'agrillo', 'kozelr', 'natoli0', 'xul9044', 'aperitor', 'bowman96', 'stapletl', 'mart1391', 'woo49', 'terry51', None, 'kiefern', 'smit3184', 'butzz', 'mcurto', 'rathi4', 'hgrover', 'hill399', 'mtbarrette01', 'yang1865', 'bkeel', 'cvasq69', 'akick', 'psmading', 'cwidak', 'malhamm', 'wonhyukdo', 'lyanni', 'pickera', 'slillig', 'mfess', 'dleoni', 'mmshank16', 'jboulayd', 'jo46', 'lmackin', 'flore170', 'bgrandst', 'gleasonb', 'mtrivell', 'choi333', 'glevine', 'li3604', 'allnic21', 'behrr', 'patel784', 'epiergal', 'ghosh36', 'stark22', 'anniebreidinger', 'bwitchie', 'mart1180', 'jeigenbr', 'aleidli', 'rhinesj', 'yeungd', 'racroth35', 'singer15', 'ceckste', 'jhulsize', 'saboa', 'eloewe', 'jbuehrle', 'turjo11', 'dewittl', 'dzadoks', 'nfei', 'rroggema', 'daveguo614', 'zhao988', 'schuman1', 'everbru', 'abano', 'nathanbaker3889', 'jlorah', 'chiang56', 'gao499', 'shethm', 'xose.amo', 'lthursto', 'siu2', 'deshmukp', 'roj', 'sgrzych', 'dixon82', 'awennin', 'hamel0', 'wang3138', 'li2709', 'bullock8', 'mill2119', 'white559', 'shoafn', 'hillej', 'costel10', 'yount', 'nikitasridhar14', 'colewilloughby1125', 'dlarocco', 'marito', 'tpownell', 'lrigsbee', 'goodma27', 'uuraechu', 'adamdmiller17', 'kbebris', 'ecave', 'ross217', '17scotta', 'dragoneye', 'kzeligso']",185,"['mart1380', 'patel731', 'wisler0', 'jmickow', 'jaloi', 'cdtorres', 'cregers', 'dmassow', 'abelkiew', 'jin376', 'etitheyeti98', 'rumplem', 'dragoneye', 'mohdshah', 'bcaffert', 'ccurto', 'amcgoff', 'smit3177', 'raob', 'freyg', 'dkuen', 'mohanc', 'stewa238', 'pillai7', 'jmcnaugh', 'chen2122', 'xing36', 'zubik', 'ewilhite', 'rweedon', 'abosshar', 'gupta393', 'rasato', 'mpisoni', 'efeldman', 'cmenden', 'bcasler', 'eashburn', 'richg', 'payne71', 'msulaima', 'kvansan', 'cccyyj720', 'brewer66', 'cheeseballs99', 'klipiszk', 'jmacatan', 'lawrencr', 'chao26', 'edreifue', 'kinserc', 'harri670', 'dangratz99', 'gcesar', 'apanuga', 'peter514', 'ftangpoo', 'daviskahmann', 'mmohdzai', 'cibrahim', 'iyengar1', 'wertzm', 'hschennu', 'ctow', 'adams410', 'tdarmon20', 'atruver', 'nhuntine', 'ellis99', 'agrillo', 'kozelr', 'natoli0', 'xul9044', 'aperitor', 'bowman96', 'stapletl', 'mart1391', 'woo49', 'terry51', None, 'kiefern', 'smit3184', 'butzz', 'mcurto', 'rathi4', 'hgrover', 'hill399', 'mtbarrette01', 'yang1865', 'bkeel', 'cvasq69', 'akick', 'psmading', 'cwidak', 'malhamm', 'wonhyukdo', 'lyanni', 'pickera', 'slillig', 'mfess', 'dleoni', 'mmshank16', 'jboulayd', 'jo46', 'lmackin', 'flore170', 'bgrandst', 'gleasonb', 'mtrivell', 'choi333', 'glevine', 'li3604', 'allnic21', 'behrr', 'patel784', 'epiergal', 'ghosh36', 'stark22', 'anniebreidinger', 'bwitchie', 'mart1180', 'jeigenbr', 'aleidli', 'rhinesj', 'yeungd', 'racroth35', 'singer15', 'ceckste', 'jhulsize', 'saboa', 'sayedus', 'eloewe', 'jbuehrle', 'turjo11', 'clarice7170431', 'dewittl', 'dzadoks', 'nfei', 'rroggema', 'daveguo614', 'zhao988', 'schuman1', 'everbru', 'abano', 'nathanbaker3889', 'jlorah', 'chiang56', 'gao499', 'shethm', 'xose.amo', 'lthursto', 'siu2', 'deshmukp', 'psakamot', 'roj', 'sgrzych', 'dixon82', 'awennin', 'hamel0', 'wang3138', 'li2709', 'bullock8', 'mill2119', 'white559', 'shoafn', 'hillej', 'costel10', 'yount', 'nikitasridhar14', 'sssphealix', 'colewilloughby1125', 'dlarocco', 'marito', 'tpownell', 'lrigsbee', 'goodma27', 'uuraechu', 'adamdmiller17', 'kbebris', 'ecave', 'simil', 'ross217', '17scotta', 'mcginn1', 'kzeligso']"
189,208,7,14,1,['saxena61'],5,"['hudwahab', 'jinyangshisherry', 'likasangelos', 'swereley', 'dr.chris.260401']",13,"['black99', 'ja37989', 'li2736', 'ahads', 'jwat', 'jcwirth', 'jverduzc', 'zhengweichen', 'haejik', 'dely', 'mcclurez', 'desai61', None]",19,"['jinyangshisherry', 'li2736', 'ahads', 'jcwirth', 'jverduzc', 'zhengweichen', 'saxena61', 'dely', 'haejik', 'swereley', None, 'black99', 'hudwahab', 'ja37989', 'jwat', 'desai61', 'likasangelos', 'mcclurez', 'dr.chris.260401']"
189,207,7,13,1,['jinyangshisherry'],5,"['hudwahab', 'saxena61', 'likasangelos', 'swereley', 'dr.chris.260401']",12,"['tna99ke', 'zhaozichen', 'jiangshi', 'oceanlui', 'pikachu1998', 'zongrui', 'nonofrio', 'berryshao', 'luigi1255305453', 'engelsudoka', None, 'cindypang2020']",18,"['zhaozichen', 'jinyangshisherry', 'oceanlui', 'jiangshi', 'saxena61', 'berryshao', 'engelsudoka', 'swereley', 'cindypang2020', None, 'hudwahab', 'tna99ke', 'pikachu1998', 'zongrui', 'nonofrio', 'luigi1255305453', 'likasangelos', 'dr.chris.260401']"
191,380,7,34,5,"['shreshta126', 'ee17btech11010', 'ee18btech11026', 'hrithikraj5', 'emani']",1,['deep2903'],29,"['pkrutikmehta', 'ee18btech11041', 'narendarr34', 'sathwikchaitanya', 'tejaswini_anagani', 'mounika.banothu2', 'ee18btech11048', 'ee18btech11016', 'saivarshatedla', 'cheruu', 'ee18btech11004', 'tprashanth180', 'aashrith', 'shaik123', 'ee17btech11001', 'berisowjanya205', 'ee18btech11044', 'kalyanidp123', 'ee18btech11021', 'mehar', 'aayushgoyal27', 'rakesh1231', 'ee18btech11034', 'pi_stark', None, 'nagandlaravalika6', 'vlnreddy', 'ee18btech11020', 'adithyavardhan']",35,"['pkrutikmehta', 'ee18btech11041', 'shreshta126', 'narendarr34', 'hrithikraj5', 'sathwikchaitanya', 'tejaswini_anagani', 'mounika.banothu2', 'ee18btech11048', 'ee18btech11016', 'saivarshatedla', 'ee18btech11026', 'cheruu', 'ee18btech11004', 'tprashanth180', 'aashrith', 'shaik123', 'ee17btech11001', 'berisowjanya205', 'ee18btech11044', 'kalyanidp123', 'ee18btech11021', 'mehar', 'aayushgoyal27', 'rakesh1231', 'ee18btech11034', 'pi_stark', None, 'ee17btech11010', 'nagandlaravalika6', 'vlnreddy', 'ee18btech11020', 'deep2903', 'adithyavardhan', 'emani']"
191,236,7,24,3,"['hrithikraj5', 'ee17btech11010', 'ee18btech11026']",3,"['shreshta126', 'emani', 'deep2903']",21,"['yashguguloth', 'ee17btech11018', 'jinal', 'saivarshatedla', 'cheruu', 'aashrith', 'shaik123', 'es17btech11015', 'agvgoutham', 'ee18btech11044', 'ee18btech11021', 'mehar', 'ee18btech11050', 'ee18btech11006', 'varuni123', 'pi_stark', None, 'ee18btech11015', 'ritvick2000', 'ee18btech11020', 'tejaswinianagani75']",27,"['shreshta126', 'yashguguloth', 'ee18btech11021', 'mehar', 'hrithikraj5', 'ee17btech11018', 'ee18btech11050', 'ee18btech11044', 'ee18btech11006', 'varuni123', None, 'jinal', 'pi_stark', 'ee18btech11015', 'saivarshatedla', 'ritvick2000', 'ee17btech11010', 'ee18btech11026', 'cheruu', 'aashrith', 'ee18btech11020', 'deep2903', 'shaik123', 'tejaswinianagani75', 'es17btech11015', 'agvgoutham', 'emani']"
191,235,7,7,1,['ee17btech11010'],5,"['shreshta126', 'ee18btech11026', 'deep2903', 'hrithikraj5', 'emani']",6,"['cheruu', 'tejaswinianagani75', 'shaik123', 'ee18btech11050', None, 'pi_stark']",12,"['shreshta126', 'pi_stark', 'ee17btech11010', 'ee18btech11026', 'cheruu', 'tejaswinianagani75', 'deep2903', 'shaik123', 'ee18btech11050', 'hrithikraj5', None, 'emani']"
192,281,7,85,5,"['huang670', 'pkolis', 'ganti', 'uditrawat469', 'kabdelaz']",1,['sritapaswi2007'],80,"['vostwal', 'kelsayed', 'zhan2395', 'wangjourney7', 'jesuarezl', 'lee3489', 'smatsun', 'vudayamo', 'brajabif', 'vrayz', 'elacr', 'julien419', 'wang4142', 'bgunder', 'ssidhard', 'gomez110', 'pavlos.vlachos', 'fionayjx27', 'kpardika', 'yang1908', 'egrubbs', 'englanc', 'uabdulla4', 'savetian', 'xue76', 'rituraj1490', 'vkoranne', 'zhan3800', 'idoh', 'jiema1202', 'gshao', 'rituraj346', 'hu589', 'myildiri', 'srrohit7', 'cmenden', 'paulmather', 'agondima', 'cgkartzo', 'desai61', 'qin132', 'sun530', 'ayermemb', 'zhan2748', 'wu801', 'oerturk', 'ahmad31', 'xixilegend', 'mcdona20', 'pdhillon', 'kuhn48', 'ocegueda', 'palani', 'hvr', 'missahaq', 'mcclurez', 'lrajendr', 'aveekdutta', 'henry01234567', 'avasiukh', 'jverduzc', 'zhan3736', 'garlic0923', 'uemir', None, 'priyatham.t', 'ktadesse', 'eantwiag', 'caseya', 'ayildiri', 'qiuchenzhai', 'silapaku', 'shah151', 'petrosky', 'odonne33', 'adhikarp', 'zhangwy2016', 'ardekani', 'pravi', 'erich1016']",86,"['vostwal', 'kelsayed', 'zhan2395', 'wangjourney7', 'jesuarezl', 'lee3489', 'smatsun', 'vudayamo', 'brajabif', 'vrayz', 'elacr', 'julien419', 'wang4142', 'bgunder', 'huang670', 'ssidhard', 'gomez110', 'pavlos.vlachos', 'sritapaswi2007', 'fionayjx27', 'kpardika', 'yang1908', 'egrubbs', 'englanc', 'uabdulla4', 'savetian', 'xue76', 'rituraj1490', 'pkolis', 'vkoranne', 'zhan3800', 'idoh', 'jiema1202', 'gshao', 'rituraj346', 'hu589', 'myildiri', 'srrohit7', 'cmenden', 'paulmather', 'agondima', 'cgkartzo', 'desai61', 'qin132', 'sun530', 'ayermemb', 'zhan2748', 'wu801', 'oerturk', 'ahmad31', 'xixilegend', 'mcdona20', 'pdhillon', 'kuhn48', 'ocegueda', 'kabdelaz', 'palani', 'hvr', 'missahaq', 'ganti', 'uditrawat469', 'mcclurez', 'lrajendr', 'aveekdutta', 'henry01234567', 'avasiukh', 'jverduzc', 'zhan3736', 'garlic0923', 'uemir', None, 'priyatham.t', 'ktadesse', 'eantwiag', 'caseya', 'ayildiri', 'qiuchenzhai', 'silapaku', 'shah151', 'petrosky', 'odonne33', 'adhikarp', 'zhangwy2016', 'ardekani', 'pravi', 'erich1016']"
192,197,7,67,5,"['huang670', 'pkolis', 'ganti', 'uditrawat469', 'kabdelaz']",1,['sritapaswi2007'],62,"['kelsayed', 'zhan2395', 'rkanthar', 'fvora', 'juncheng10', 'wang4142', 'bgunder', 'gomez110', 'ssidhard', 'kpardika', 'yang1908', 'egrubbs', 'lgreenle', 'uabdulla4', 'nh_engagement', 'savetian', 'xue76', 'wfirdaus', 'deshpan3', 'gshao', 'rituraj346', 'hu589', 'myildiri', 'paulmather', 'agondima', 'porte107', 'cgkartzo', 'desai61', 'qin132', 'li2736', 'sun530', 'ayermemb', 'zhan2748', 'wu801', 'skarumur', 'ywang3450', 'oerturk', 'xixilegend', 'mcdona20', 'pdhillon', 'ps052537', 'ocegueda', 'rpaldi', 'tan254', 'huang714', 'missahaq', 'jpdero2', 'mcclurez', 'saha40', 'wang4084', 'anaon', 'jverduzc', None, 'eantwiag', 'caseya', 'odonne33', 'petrosky', 'zhangwy2016', 'ardekani', 'pravi', 'erich1016', 'mademoiselle0812']",68,"['kelsayed', 'zhan2395', 'rkanthar', 'fvora', 'juncheng10', 'wang4142', 'bgunder', 'huang670', 'gomez110', 'ssidhard', 'sritapaswi2007', 'kpardika', 'yang1908', 'egrubbs', 'lgreenle', 'uabdulla4', 'nh_engagement', 'savetian', 'xue76', 'pkolis', 'wfirdaus', 'deshpan3', 'gshao', 'rituraj346', 'hu589', 'myildiri', 'paulmather', 'agondima', 'porte107', 'cgkartzo', 'desai61', 'qin132', 'li2736', 'sun530', 'ayermemb', 'zhan2748', 'wu801', 'skarumur', 'ywang3450', 'oerturk', 'xixilegend', 'mcdona20', 'pdhillon', 'ps052537', 'ocegueda', 'kabdelaz', 'rpaldi', 'tan254', 'huang714', 'missahaq', 'ganti', 'jpdero2', 'uditrawat469', 'mcclurez', 'saha40', 'wang4084', 'anaon', 'jverduzc', None, 'eantwiag', 'caseya', 'odonne33', 'petrosky', 'zhangwy2016', 'ardekani', 'pravi', 'erich1016', 'mademoiselle0812']"
192,283,7,11,1,['sritapaswi2007'],5,"['huang670', 'pkolis', 'ganti', 'uditrawat469', 'kabdelaz']",10,"['cmousoul', 'ho141', 'jiang402', 'bageesey', None, 'hsvalladares88', 'markleightonfisher', 'llosadar', 'cedrichan', 'harbinz']",16,"['cmousoul', 'pkolis', 'jiang402', 'bageesey', 'hsvalladares88', 'kabdelaz', 'cedrichan', None, 'ho141', 'huang670', 'sritapaswi2007', 'ganti', 'uditrawat469', 'markleightonfisher', 'llosadar', 'harbinz']"
192,199,7,6,1,['sritapaswi2007'],5,"['huang670', 'pkolis', 'ganti', 'uditrawat469', 'kabdelaz']",5,"['cmousoul', 'ho141', 'bageesey', 'hsvalladares88', None]",11,"['cmousoul', 'ho141', 'huang670', 'pkolis', 'sritapaswi2007', 'bageesey', None, 'ganti', 'hsvalladares88', 'uditrawat469', 'kabdelaz']"
195,99,7,14,2,"['brunodigeronimo', 'andrea00']",4,"['gchiduza', 'chloekeller3', 'into88msl', 'erikzupa6']",12,"['aslopez17', 'mariarodriguezst13', 'rodrigogp', 'carlaposada', 'gemmaarce', 'moonnni__', 'paulezcano7', 'monipetrilli', None, 'mariardzsoe', 'lola7110', 'anaye']",18,"['rodrigogp', 'gchiduza', 'chloekeller3', 'paulezcano7', 'monipetrilli', 'brunodigeronimo', None, 'aslopez17', 'mariarodriguezst13', 'carlaposada', 'gemmaarce', 'andrea00', 'moonnni__', 'erikzupa6', 'mariardzsoe', 'into88msl', 'lola7110', 'anaye']"
196,99,7,14,4,"['monipetrilli', 'aslopez17', 'lola7110', 'anaye']",2,"['tretyacv', 'pilarbc123']",10,"['mariarodriguezst13', 'rodrigogp', 'carlaposada', 'gemmaarce', 'andrea00', 'moonnni__', 'paulezcano7', 'mariardzsoe', 'brunodigeronimo', None]",16,"['rodrigogp', 'tretyacv', 'monipetrilli', 'paulezcano7', 'brunodigeronimo', None, 'pilarbc123', 'aslopez17', 'mariarodriguezst13', 'carlaposada', 'gemmaarce', 'andrea00', 'moonnni__', 'mariardzsoe', 'lola7110', 'anaye']"
198,264,7,15,1,['ancycrips123'],5,"['abdelrahman96', 'rash.jadhav', 'hisham98', 'abdo.mahran_96', 'shehab162519']",14,"['athulrajhere', 'palattilhouse', 'sneha9192', '3mayavismaya9710', 'bhadraanil9', 'sarathsathish78', 'krishna6023', 'aparnanair2302', 'r.rahul2636', 'preethiravisankar101', 'kailasrj11', 'ajaymr', None, 'kadarbhai']",20,"['athulrajhere', 'palattilhouse', 'bhadraanil9', 'sarathsathish78', 'r.rahul2636', 'shehab162519', 'ajaymr', None, 'abdelrahman96', 'rash.jadhav', 'sneha9192', '3mayavismaya9710', 'krishna6023', 'hisham98', 'ancycrips123', 'aparnanair2302', 'abdo.mahran_96', 'preethiravisankar101', 'kailasrj11', 'kadarbhai']"
202,44,6,10,1,['konstantinannenkov'],4,"['nhoup', 'elena_lopez', 'marina7', 'karina_ght_']",9,"['lordipsi', 'labeko.ma', 'vladimirgolubchikov', 'roman345', 'vazgentiq', 'liza290820', 'waldemar.bereznikov', None, 'ivanovdenis568']",14,"['nhoup', 'lordipsi', 'labeko.ma', 'elena_lopez', 'vladimirgolubchikov', 'roman345', 'marina7', 'vazgentiq', 'konstantinannenkov', 'liza290820', None, 'waldemar.bereznikov', 'karina_ght_', 'ivanovdenis568']"
202,40,6,9,1,['elena_lopez'],4,"['nhoup', 'konstantinannenkov', 'marina7', 'karina_ght_']",8,"['ejg98', 'julioug1', 'emilioar', 'pmvd95', 'darkrising', 'dariogarred', None, 'miguellopezcardenas98']",13,"['nhoup', 'elena_lopez', 'ejg98', 'julioug1', 'emilioar', 'pmvd95', 'marina7', 'darkrising', 'konstantinannenkov', None, 'dariogarred', 'karina_ght_', 'miguellopezcardenas98']"
202,45,6,9,1,['elena_lopez'],4,"['nhoup', 'konstantinannenkov', 'marina7', 'karina_ght_']",8,"['ejg98', 'julioug1', 'emilioar', 'darkrising', 'dariogarred', 'plmolina4', 'alexsanchezcast', None]",13,"['nhoup', 'elena_lopez', 'ejg98', 'julioug1', 'emilioar', 'marina7', 'darkrising', 'konstantinannenkov', None, 'dariogarred', 'plmolina4', 'alexsanchezcast', 'karina_ght_']"
202,15,6,8,1,['elena_lopez'],4,"['nhoup', 'konstantinannenkov', 'marina7', 'karina_ght_']",7,"['julioug1', 'emilioar', 'miguellopezcardenas98', 'dariogarred', 'elena.j.g', None, 'marinabm']",12,"['nhoup', 'elena_lopez', 'julioug1', 'emilioar', 'miguellopezcardenas98', 'marina7', 'konstantinannenkov', None, 'dariogarred', 'elena.j.g', 'karina_ght_', 'marinabm']"
202,32,6,8,1,['konstantinannenkov'],4,"['nhoup', 'elena_lopez', 'marina7', 'karina_ght_']",7,"['lordipsi', 'markov_n', 'evgeny11', 'liza290820', 'waldemar.bereznikov', None, 'ivanovdenis568']",12,"['nhoup', 'lordipsi', 'markov_n', 'elena_lopez', 'evgeny11', 'marina7', 'konstantinannenkov', 'liza290820', None, 'waldemar.bereznikov', 'karina_ght_', 'ivanovdenis568']"
202,50,6,8,1,['konstantinannenkov'],4,"['nhoup', 'elena_lopez', 'marina7', 'karina_ght_']",7,"['lordipsi', 'markov_n', 'roman345', 'liza290820', 'waldemar.bereznikov', None, 'ivanovdenis568']",12,"['nhoup', 'lordipsi', 'markov_n', 'elena_lopez', 'roman345', 'marina7', 'konstantinannenkov', 'liza290820', None, 'waldemar.bereznikov', 'karina_ght_', 'ivanovdenis568']"
202,409,6,8,1,['konstantinannenkov'],4,"['nhoup', 'elena_lopez', 'marina7', 'karina_ght_']",7,"['lordipsi', 'markov_n', 'vladimirgolubchikov', 'roman345', 'waldemar.bereznikov', None, 'ivanovdenis568']",12,"['nhoup', 'lordipsi', 'markov_n', 'elena_lopez', 'vladimirgolubchikov', 'roman345', 'marina7', 'konstantinannenkov', None, 'waldemar.bereznikov', 'karina_ght_', 'ivanovdenis568']"
202,49,6,7,1,['konstantinannenkov'],4,"['nhoup', 'elena_lopez', 'marina7', 'karina_ght_']",6,"['labeko.ma', 'vladimirgolubchikov', 'vazgentiq', 'semgeorgs', None, 'ivanovdenis568']",11,"['nhoup', 'labeko.ma', 'elena_lopez', 'vladimirgolubchikov', 'marina7', 'vazgentiq', 'konstantinannenkov', None, 'semgeorgs', 'karina_ght_', 'ivanovdenis568']"
203,56,6,15,4,"['subramap', 'mstrade', 'ng104', 'stewa311']",1,['park1131'],11,"['novak43', 'calder25', 'mmorefie', 'bartosz.stoppel', 'presslm', 'bquintae', 'emcnaug', 'aeb', 'chiu35', 'mscheker', None]",16,"['park1131', 'calder25', 'mmorefie', 'mstrade', 'bquintae', 'emcnaug', None, 'ng104', 'novak43', 'bartosz.stoppel', 'presslm', 'subramap', 'aeb', 'chiu35', 'mscheker', 'stewa311']"
203,291,6,13,5,"['park1131', 'stewa311', 'mstrade', 'subramap', 'ng104']",0,[],8,"['calder25', 'mmorefie', 'bartosz.stoppel', 'devine12', 'mathies.adam', 'mscheker', 'chiu35', None]",13,"['park1131', 'calder25', 'mmorefie', 'mstrade', 'devine12', None, 'ng104', 'bartosz.stoppel', 'subramap', 'mathies.adam', 'mscheker', 'chiu35', 'stewa311']"
203,316,6,11,4,"['park1131', 'mstrade', 'ng104', 'stewa311']",1,['subramap'],7,"['novak43', 'calder25', 'mmorefie', 'bartosz.stoppel', 'chiu35', 'mscheker', None]",12,"['park1131', 'calder25', 'mmorefie', 'mstrade', None, 'ng104', 'novak43', 'bartosz.stoppel', 'subramap', 'chiu35', 'mscheker', 'stewa311']"
204,214,6,20,5,"['aurban', 'qf2143', 'yol', 'eddiehong', 'zw2583']",0,[],15,"['gnj2101', 'hh2811', 'vipul2310', 'wnp2105', 'voh2105', 'zbs5', 'xinhao', 'sb3790', 'wentaoz', 'asiv21', 'vg2471', 'hm2806', None, 'aab2243', 'ald2231']",20,"['gnj2101', 'hh2811', 'vipul2310', 'qf2143', 'yol', 'sb3790', 'wentaoz', 'hm2806', 'xinhao', None, 'aurban', 'voh2105', 'eddiehong', 'zw2583', 'zbs5', 'asiv21', 'vg2471', 'wnp2105', 'aab2243', 'ald2231']"
204,215,6,14,4,"['eddiehong', 'zw2583', 'qf2143', 'yol']",1,['aurban'],10,"['hh2811', 'vipul2310', 'qw2318', 'aab2243', 'voh2105', 'wq940411', 'asiv21', 'vipulmann2310', None, 'xinhao']",15,"['hh2811', 'vipul2310', 'qf2143', 'yol', 'wq940411', 'vipulmann2310', None, 'aurban', 'qw2318', 'aab2243', 'voh2105', 'eddiehong', 'zw2583', 'asiv21', 'xinhao']"
206,1,6,7,4,"['ibelikov980q', 'ukolov.dmitriy2804', 'makthaverskan', 'alex97w97']",1,['baron492'],3,"[None, 'pmorozova41', 'daniilanikanov21']",8,"['makthaverskan', 'baron492', 'ibelikov980q', 'daniilanikanov21', 'ukolov.dmitriy2804', 'pmorozova41', None, 'alex97w97']"
206,421,6,7,4,"['ibelikov980q', 'ukolov.dmitriy2804', 'makthaverskan', 'alex97w97']",1,['baron492'],3,"[None, 'pmorozova41', 'daniilanikanov21']",8,"['makthaverskan', 'baron492', 'ibelikov980q', 'daniilanikanov21', 'ukolov.dmitriy2804', 'pmorozova41', None, 'alex97w97']"
206,2,6,6,4,"['ibelikov980q', 'ukolov.dmitriy2804', 'makthaverskan', 'alex97w97']",1,['baron492'],2,"[None, 'pmorozova41']",7,"['makthaverskan', 'baron492', 'ibelikov980q', 'ukolov.dmitriy2804', 'pmorozova41', None, 'alex97w97']"
206,59,6,6,4,"['ibelikov980q', 'ukolov.dmitriy2804', 'makthaverskan', 'alex97w97']",1,['baron492'],2,"[None, 'pmorozova41']",7,"['makthaverskan', 'baron492', 'ibelikov980q', 'ukolov.dmitriy2804', 'pmorozova41', None, 'alex97w97']"
208,221,6,14,1,['mdroege'],4,"['saminaayanifard', 'nnauman', 'bstegma', 'geiger15']",13,"['adamdmiller17', 'epiergal', 'sgrzych', 'tdarmon20', None, 'dmassow', 'hill399', 'verma52', 'zfrank64', 'kozelr', 'harri670', 'hsmoke', 'amoravec']",18,"['saminaayanifard', 'epiergal', 'geiger15', 'dmassow', 'zfrank64', None, 'hsmoke', 'adamdmiller17', 'bstegma', 'nnauman', 'sgrzych', 'tdarmon20', 'hill399', 'verma52', 'kozelr', 'harri670', 'mdroege', 'amoravec']"
208,223,6,6,1,['bstegma'],4,"['saminaayanifard', 'nnauman', 'mdroege', 'geiger15']",5,"['kinserc', 'bowman96', 'mmshank16', 'gleasonb', None]",10,"['saminaayanifard', 'kinserc', 'bstegma', 'nnauman', 'mmshank16', 'geiger15', None, 'gleasonb', 'bowman96', 'mdroege']"
212,9,6,27,3,"['ssvldbayr0423', 'onoroo.bayrbat', 'hibaagii1994']",2,"['vicktoriyavodopyanova', 'idrouzas']",24,"['gbatzorig268', 'bayanjargal123456789', 'mdalantai95', 'khangaridgan12', 'watashi.legion', 'slize9995', 'ganaaa12a', 'boogii', 'dulguun_021', 'muujig1', 'ganerdene8999', 'tergel1999', None, 'tsogooanurad', 'ochirhuyag', 'atilyacez', 'bulganb28', 'dulguun.davaadorj.dd', 'naruka700', 'bayanjargal.sub', 'enkhamgalanbaatar', 'tsendee', 'bat.munkherdene22', 'bathuygbattsetseg3']",29,"['gbatzorig268', 'bayanjargal123456789', 'mdalantai95', 'watashi.legion', 'slize9995', 'boogii', 'muujig1', 'ganerdene8999', 'tergel1999', 'vicktoriyavodopyanova', 'enkhamgalanbaatar', 'tsendee', 'bat.munkherdene22', 'bathuygbattsetseg3', 'khangaridgan12', 'ganaaa12a', 'ssvldbayr0423', 'dulguun_021', 'hibaagii1994', None, 'tsogooanurad', 'ochirhuyag', 'idrouzas', 'atilyacez', 'bulganb28', 'dulguun.davaadorj.dd', 'naruka700', 'bayanjargal.sub', 'onoroo.bayrbat']"
214,406,6,9,5,"['junyub0804', 'kwon91559152', 'hwijun1011', 'jjyy826', 'ycy990912']",0,[],4,"['sjm3944', 'kimyumin', None, 'wodbs5658']",9,"['sjm3944', 'junyub0804', 'kwon91559152', 'hwijun1011', 'jjyy826', 'ycy990912', 'wodbs5658', 'kimyumin', None]"
215,168,6,10,4,"['nadavrubin123', 'liorv', 'shon95', 'hadasidoku']",1,['leebinyamin94'],6,"['barak.achkenazi', 'omerisrael', 'pazanani', 'hd2584', 'eden356876', None]",11,"['leebinyamin94', 'nadavrubin123', 'barak.achkenazi', 'omerisrael', 'pazanani', None, 'hd2584', 'hadasidoku', 'eden356876', 'shon95', 'liorv']"
219,310,6,23,5,"['yfl5196', 'yuc334', 'mva6513', 'hfl5114', 'sbh5392']",0,[],18,"['afd5216', 'peng1998', 'arm71', 'rha5063', 'yxc5571', 'yxy181', 'dmr5688', 'hathhath80', 'lassejensen', 'sxk535', 'ejz5061', 'man5578', None, 'jkb56', 'wqy5096', 'nick.litak', 'hvl5314', 'kxz5107']",23,"['mva6513', 'sxk535', 'ejz5061', 'hfl5114', 'jkb56', 'sbh5392', 'wqy5096', None, 'hvl5314', 'kxz5107', 'afd5216', 'peng1998', 'arm71', 'rha5063', 'yxc5571', 'yfl5196', 'yuc334', 'dmr5688', 'hathhath80', 'yxy181', 'lassejensen', 'man5578', 'nick.litak']"
219,410,6,18,5,"['yfl5196', 'yuc334', 'mva6513', 'hfl5114', 'sbh5392']",0,[],13,"['peng1998', 'arm71', 'yxc5571', 'dmr5688', 'lassejensen', 'sxk535', 'ejz5061', 'man5578', None, 'jkb56', 'wqy5096', 'nick.litak', 'kxz5107']",18,"['mva6513', 'sxk535', 'ejz5061', 'hfl5114', 'jkb56', 'sbh5392', 'wqy5096', None, 'kxz5107', 'peng1998', 'arm71', 'yxc5571', 'yfl5196', 'yuc334', 'dmr5688', 'lassejensen', 'man5578', 'nick.litak']"
220,452,6,11,5,"['shivani.kshirsagar', 'ajinkya.mujumdar', 'unnit.dedhia', 'rahul.nirban', 'davkhardheeraj2230']",0,[],6,"['abhipaswan24', 'nutandongare01', 'truptikhairnar77', 'arkumbhar1012', 'ruchirasa123', None]",11,"['ajinkya.mujumdar', 'nutandongare01', 'unnit.dedhia', 'rahul.nirban', None, 'davkhardheeraj2230', 'abhipaswan24', 'shivani.kshirsagar', 'truptikhairnar77', 'arkumbhar1012', 'ruchirasa123']"
220,443,6,7,5,"['shivani.kshirsagar', 'ajinkya.mujumdar', 'unnit.dedhia', 'rahul.nirban', 'davkhardheeraj2230']",0,[],2,"['arkumbhar1012', None]",7,"['shivani.kshirsagar', 'ajinkya.mujumdar', 'arkumbhar1012', 'unnit.dedhia', 'rahul.nirban', None, 'davkhardheeraj2230']"
220,447,6,7,5,"['shivani.kshirsagar', 'ajinkya.mujumdar', 'unnit.dedhia', 'rahul.nirban', 'davkhardheeraj2230']",0,[],2,"['arkumbhar1012', None]",7,"['shivani.kshirsagar', 'ajinkya.mujumdar', 'arkumbhar1012', 'unnit.dedhia', 'rahul.nirban', None, 'davkhardheeraj2230']"
221,343,6,8,5,"['khijarzuhair', 'vaishnavi.pataki', 'prathameshpatankar303', 'vishalbmx07', 'shashank24']",0,[],3,"['sangleshrikant98', None, 'prashantdesale10']",8,"['prashantdesale10', 'khijarzuhair', 'vaishnavi.pataki', 'prathameshpatankar303', 'sangleshrikant98', 'vishalbmx07', 'shashank24', None]"
221,441,6,8,5,"['khijarzuhair', 'vaishnavi.pataki', 'prathameshpatankar303', 'vishalbmx07', 'shashank24']",0,[],3,"['swapnilshelatkar09', None, 'tiwaribipin362']",8,"['khijarzuhair', 'vaishnavi.pataki', 'tiwaribipin362', 'prathameshpatankar303', 'vishalbmx07', 'swapnilshelatkar09', 'shashank24', None]"
221,454,6,8,5,"['khijarzuhair', 'vaishnavi.pataki', 'prathameshpatankar303', 'vishalbmx07', 'shashank24']",0,[],3,"['sangleshrikant98', None, 'prashantdesale10']",8,"['prashantdesale10', 'khijarzuhair', 'vaishnavi.pataki', 'prathameshpatankar303', 'sangleshrikant98', 'vishalbmx07', 'shashank24', None]"
222,114,6,8,4,"['kimwalker', 'dalott', 'fisherhr', 'casonpa']",1,['mardakani'],4,"['omoussa', None, 'zahra.sadeghizadeh', 'suleimanalsweiss']",9,"['dalott', 'suleimanalsweiss', 'kimwalker', 'omoussa', 'fisherhr', 'casonpa', 'mardakani', None, 'zahra.sadeghizadeh']"
222,187,6,8,4,"['kimwalker', 'dalott', 'fisherhr', 'casonpa']",1,['mardakani'],4,"['omoussa', None, 'zahra.sadeghizadeh', 'suleimanalsweiss']",9,"['dalott', 'suleimanalsweiss', 'kimwalker', 'omoussa', 'fisherhr', 'casonpa', 'mardakani', None, 'zahra.sadeghizadeh']"
222,280,6,8,4,"['kimwalker', 'dalott', 'fisherhr', 'casonpa']",1,['mardakani'],4,"['omoussa', None, 'zahra.sadeghizadeh', 'suleimanalsweiss']",9,"['dalott', 'suleimanalsweiss', 'kimwalker', 'omoussa', 'fisherhr', 'casonpa', 'mardakani', None, 'zahra.sadeghizadeh']"
224,174,6,12,1,['wenjieweizb'],4,"['usaidbarlas', 'grichard84', 'sgtsoap', 'sarswan6']",11,"['vally', 'minor.tyler.1998', 'tianyi.zou770', 'essam_berikaa', 'ridoy1995', 'nusaiba.ra', 'tamimarahman99', 'yiyangggg', 'liza.petkevitch', None, 'asmaalromaih']",16,"['wenjieweizb', 'sarswan6', 'tianyi.zou770', 'ridoy1995', 'nusaiba.ra', 'yiyangggg', None, 'usaidbarlas', 'vally', 'sgtsoap', 'minor.tyler.1998', 'essam_berikaa', 'tamimarahman99', 'liza.petkevitch', 'grichard84', 'asmaalromaih']"
224,175,6,12,3,"['sarswan6', 'sgtsoap', 'wenjieweizb']",2,"['usaidbarlas', 'grichard84']",9,"['vally', 'wzhuonan', 'francisduhamel', 'essam_berikaa', 'ridoy1995', 'nusaiba.ra', 'fredcyr10', None, 'asmaalromaih']",14,"['wenjieweizb', 'sarswan6', 'ridoy1995', 'nusaiba.ra', None, 'usaidbarlas', 'vally', 'sgtsoap', 'wzhuonan', 'francisduhamel', 'essam_berikaa', 'fredcyr10', 'grichard84', 'asmaalromaih']"
226,439,6,15,4,"['yuvraj.rp00099', 'gauri.shukla', 'sarveshsawant1212', 'anushka.kashyap']",1,['swapnilshelatkar09'],11,"['gauravtaral1', 'surajksharma7', 'abhipaswan24', 'sctsid98', 'puniashyamsunder', 'arkumbhar1012', 'aniketvalwe', 'sarvandiwakar', None, 'mohamadatifkhatib', 'snehalnayse1']",16,"['gauravtaral1', 'surajksharma7', 'sctsid98', 'sarveshsawant1212', 'anushka.kashyap', 'puniashyamsunder', 'aniketvalwe', 'swapnilshelatkar09', None, 'snehalnayse1', 'yuvraj.rp00099', 'gauri.shukla', 'abhipaswan24', 'arkumbhar1012', 'sarvandiwakar', 'mohamadatifkhatib']"
226,441,6,8,1,['swapnilshelatkar09'],4,"['yuvraj.rp00099', 'gauri.shukla', 'sarveshsawant1212', 'anushka.kashyap']",7,"['khijarzuhair', 'vaishnavi.pataki', 'tiwaribipin362', 'prathameshpatankar303', 'vishalbmx07', 'shashank24', None]",12,"['yuvraj.rp00099', 'gauri.shukla', 'khijarzuhair', 'vaishnavi.pataki', 'sarveshsawant1212', 'anushka.kashyap', 'tiwaribipin362', 'prathameshpatankar303', 'vishalbmx07', 'swapnilshelatkar09', 'shashank24', None]"
227,323,6,11,2,"['derlet', 'hovadojede']",3,"['kanying1984', 'mehdi530', 'akashssmenon']",9,"['loreh', 'calamand', 'yoyo.righa', 'dkeller', 'eddebbarhyoussef96', 'celestin.vallat', 'davidnigri', None, 'hbocquet']",14,"['loreh', 'calamand', 'derlet', 'dkeller', 'eddebbarhyoussef96', None, 'hovadojede', 'kanying1984', 'akashssmenon', 'yoyo.righa', 'mehdi530', 'celestin.vallat', 'davidnigri', 'hbocquet']"
228,28,6,15,3,"['jtpaquet', 'jean00491', 'remi.caron90']",2,"['max1028d', 'antoinegf1997']",12,"['ophelie10', 'latour.alexandre1', '9.genest.gabriel', 'jeandavid', 'justinegiroux', 'antoine1.r', 'thomas.poulin', 'savardbastien', 'franktib2', 'melissa5', 'essheh', None]",17,"['max1028d', 'jtpaquet', 'justinegiroux', 'antoine1.r', 'thomas.poulin', 'savardbastien', 'franktib2', 'remi.caron90', None, 'ophelie10', 'latour.alexandre1', '9.genest.gabriel', 'antoinegf1997', 'jeandavid', 'jean00491', 'melissa5', 'essheh']"
228,29,6,10,1,['max1028d'],4,"['jtpaquet', 'jean00491', 'antoinegf1997', 'remi.caron90']",9,"['tsogooanurad', 'ochirhuyag', 'atilyacez', 'gbatzorig268', 'b.purevkhuu', 'watashi.legion', 'bat.munkherdene22', 'delegbayanmunkh9', None]",14,"['tsogooanurad', 'ochirhuyag', 'atilyacez', 'gbatzorig268', 'antoinegf1997', 'b.purevkhuu', 'max1028d', 'jtpaquet', 'watashi.legion', 'jean00491', 'bat.munkherdene22', 'remi.caron90', 'delegbayanmunkh9', None]"
228,365,6,9,3,"['jtpaquet', 'jean00491', 'remi.caron90']",2,"['max1028d', 'antoinegf1997']",6,"['ophelie10', 'jeandavid', 'thomas.poulin', 'franktib2', 'anais3', None]",11,"['ophelie10', 'antoinegf1997', 'jeandavid', 'max1028d', 'jtpaquet', 'thomas.poulin', 'jean00491', 'franktib2', 'remi.caron90', 'anais3', None]"
228,364,6,8,1,['max1028d'],4,"['jtpaquet', 'jean00491', 'antoinegf1997', 'remi.caron90']",7,"['tsogooanurad', 'ochirhuyag', 'atilyacez', 'gbatzorig268', 'watashi.legion', 'delegbayanmunkh9', None]",12,"['tsogooanurad', 'ochirhuyag', 'atilyacez', 'gbatzorig268', 'antoinegf1997', 'max1028d', 'jtpaquet', 'watashi.legion', 'jean00491', 'remi.caron90', 'delegbayanmunkh9', None]"
229,104,6,236,4,"['lowe77.purdue', 'jess24', 'zhan2846', 'justindcambridge']",1,['lizlaskowski'],232,"['mart1380', 'wisler0', 'jmickow', 'selkin', 'mbraner', 'jaloi', 'cdtorres', 'cregers', 'engc', 'spear9', 'dmassow', 'abelkiew', 'jin376', 'lee2614', 'jdumblet', 'etitheyeti98', 'rumplem', 'mcginn1', 'mohdshah', 'tl0120', 'bcaffert', 'ccurto', 'amcgoff', 'smit3177', 'freyg', 'dkuen', 'suixiong8', 'butchko', 'pillai7', 'mohanc', 'chen2122', 'xing36', 'zubik', 'ewilhite', 'bpolinsk', 'chung189', 'rweedon', 'abosshar', 'gupta393', 'rasato', 'mpisoni', 'efeldman', 'cmenden', 'eashburn', 'richg', 'payne71', 'awoodwa', 'yshousha', 'msulaima', 'kvansan', 'cccyyj720', 'reweedon', 'ckeiper', 'edreifue', 'jmacatan', 'lawrencr', 'chao26', 'klipiszk', 'strachan', 'kinserc', 'dangratz99', 'cheeseballs99', 'harri670', 'gcesar', 'deane1', 'apanuga', 'ftangpoo', 'daviskahmann', 'mmohdzai', 'tglavan', 'iyengar1', 'hschennu', 'gjensen', 'ctow', 'adams410', 'ceckstein922', 'tdarmon20', 'atruver', 'nhuntine', 'abhilash.bora97', 'ellis99', 'agrillo', 'nail', 'kozelr', 'xul9044', 'natoli0', 'aperitor', 'bowman96', 'stapletl', 'mart1391', 'rdesmond', 'woo49', 'terry51', None, 'kiefern', 'jiang655', 'smit3184', 'butzz', 'mcurto', 'benbcasler', 'reasato', 'dkuenzel1', 'brewer66', 'hopkin43', 'hill399', 'mtbarrette01', 'bkeel', 'yang1865', 'cvasq69', 'akick', 'rturk8292', 'ydichenk', 'malhamm', 'mynameisjohn', 'wonhyukdo', 'lyanni', 'kumar212', 'sedgerto', 'growsell', 'pickera', 'slillig', 'mfess', 'richtern', 'mmshank16', 'lmackin', 'jboulayd', 'stockb', 'flore170', 'shank8', 'bgrandst', 'ellingtj', 'gleasonb', 'mtrivell', 'gnishibu', 'glevine', 'choi333', 'li3604', 'allnic21', 'behrr', 'ghosh36', 'stark22', 'lm45000', 'anniebreidinger', 'bwitchie', 'ander754', 'davidrgowan', 'maderm', 'jeigenbr', 'peck28', 'aleidli', 'rhinesj', 'hsmoke', 'kocher1', 'yeungd', 'osantang', 'racroth35', 'singer15', 'heidi.hansen33', 'jhulsize', 'tnoor', 'saboa', 'elikroller', 'ali113', 'eloewe', 'jbuehrle', 'dewittl', 'mudd3', 'nfei', 'kweidem', 'daveguo614', 'zhao988', 'schuman1', 'aaprelik', 'torreschr', 'everbru', 'abano', 'nathanbaker3889', 'jlorah', 'chiang56', 'shethm', 'srothsch', 'xose.amo', 'eponsdel', 'lthursto', 'siu2', 'deshmukp', 'jnasiboov', 'ltoy', 'schro118', 'li2722', 'sgrzych', 'acemagna', 'bamorim', 'lauerc', 'dixon82', 'emarches', 'egarayev', 'awennin', 'hamel0', 'wang3138', 'li2709', 'verma52', 'bullock8', 'mill2119', 'white559', 'shoafn', 'hillej', 'amoravec', 'george92', 'alotaib6', 'costel10', 'yount', 'jfitzhu', 'colewilloughby1125', 'dlarocco', 'marito', 'tpownell', 'mishra94', 'lrigsbee', 'eashanpsn', 'goodma27', 'uuraechu', 'adamdmiller17', 'liu2512', 'kbebris', 'ecave', 'vkolar', 'rollere', 'ross217', '17scotta', 'dragoneye', 'kzeligso']",237,"['mart1380', 'wisler0', 'jmickow', 'selkin', 'mbraner', 'jaloi', 'cdtorres', 'lowe77.purdue', 'cregers', 'engc', 'spear9', 'dmassow', 'abelkiew', 'jin376', 'lee2614', 'jdumblet', 'etitheyeti98', 'rumplem', 'dragoneye', 'mohdshah', 'tl0120', 'bcaffert', 'ccurto', 'amcgoff', 'smit3177', 'freyg', 'dkuen', 'suixiong8', 'butchko', 'pillai7', 'mohanc', 'chen2122', 'xing36', 'zubik', 'ewilhite', 'bpolinsk', 'chung189', 'rweedon', 'abosshar', 'gupta393', 'rasato', 'mpisoni', 'efeldman', 'cmenden', 'eashburn', 'richg', 'payne71', 'awoodwa', 'yshousha', 'msulaima', 'kvansan', 'cccyyj720', 'reweedon', 'ckeiper', 'edreifue', 'jmacatan', 'lawrencr', 'chao26', 'klipiszk', 'strachan', 'kinserc', 'dangratz99', 'cheeseballs99', 'harri670', 'gcesar', 'deane1', 'apanuga', 'ftangpoo', 'daviskahmann', 'justindcambridge', 'lizlaskowski', 'mmohdzai', 'tglavan', 'iyengar1', 'hschennu', 'gjensen', 'ctow', 'adams410', 'ceckstein922', 'tdarmon20', 'atruver', 'nhuntine', 'abhilash.bora97', 'ellis99', 'agrillo', 'nail', 'kozelr', 'xul9044', 'natoli0', 'aperitor', 'bowman96', 'stapletl', 'mart1391', 'rdesmond', 'woo49', 'jess24', 'terry51', None, 'kiefern', 'jiang655', 'smit3184', 'butzz', 'mcurto', 'benbcasler', 'reasato', 'dkuenzel1', 'brewer66', 'hopkin43', 'hill399', 'mtbarrette01', 'bkeel', 'yang1865', 'cvasq69', 'akick', 'rturk8292', 'ydichenk', 'malhamm', 'mynameisjohn', 'wonhyukdo', 'lyanni', 'kumar212', 'sedgerto', 'growsell', 'pickera', 'slillig', 'mfess', 'richtern', 'mmshank16', 'lmackin', 'jboulayd', 'stockb', 'flore170', 'shank8', 'bgrandst', 'ellingtj', 'gleasonb', 'mtrivell', 'gnishibu', 'glevine', 'choi333', 'li3604', 'allnic21', 'behrr', 'ghosh36', 'stark22', 'lm45000', 'anniebreidinger', 'bwitchie', 'ander754', 'davidrgowan', 'maderm', 'jeigenbr', 'peck28', 'aleidli', 'rhinesj', 'hsmoke', 'kocher1', 'yeungd', 'osantang', 'racroth35', 'singer15', 'heidi.hansen33', 'jhulsize', 'tnoor', 'saboa', 'elikroller', 'ali113', 'eloewe', 'jbuehrle', 'dewittl', 'mudd3', 'nfei', 'kweidem', 'daveguo614', 'zhao988', 'schuman1', 'aaprelik', 'torreschr', 'everbru', 'abano', 'nathanbaker3889', 'jlorah', 'chiang56', 'shethm', 'srothsch', 'xose.amo', 'eponsdel', 'lthursto', 'siu2', 'deshmukp', 'jnasiboov', 'ltoy', 'schro118', 'li2722', 'sgrzych', 'acemagna', 'bamorim', 'lauerc', 'dixon82', 'emarches', 'egarayev', 'awennin', 'hamel0', 'wang3138', 'li2709', 'zhan2846', 'verma52', 'bullock8', 'mill2119', 'white559', 'shoafn', 'hillej', 'amoravec', 'george92', 'alotaib6', 'costel10', 'yount', 'jfitzhu', 'colewilloughby1125', 'dlarocco', 'marito', 'tpownell', 'mishra94', 'lrigsbee', 'eashanpsn', 'goodma27', 'uuraechu', 'adamdmiller17', 'liu2512', 'kbebris', 'ecave', 'vkolar', 'rollere', 'ross217', '17scotta', 'mcginn1', 'kzeligso']"
229,302,6,226,4,"['lowe77.purdue', 'jess24', 'zhan2846', 'justindcambridge']",1,['lizlaskowski'],222,"['mart1380', 'patel731', 'wisler0', 'abreidin', 'jmickow', 'iczajkow', 'jaloi', 'cregers', 'engc', 'dmassow', 'zfrank64', 'jin376', 'lee2614', 'cho372', 'mann78', 'etitheyeti98', 'rumplem', 'mcginn1', 'mohdshah', 'mheighwa', 'smit3458', 'bcaffert', 'gezbbl7', 'ccurto', 'amcgoff', 'ghais', 'thornt21', 'smit3177', 'freyg', 'suixiong8', 'layyar', 'stewa238', 'yao201', 'girouxm', 'chen2122', 'zubik', 'ewilhite', 'rweedon', 'davidsml', 'abosshar', 'gupta393', 'efeldman', 'cmenden', 'bcasler', 'awoodwa', 'ttayeb', 'msulaima', 'baile261', 'cccyyj720', 'nkhuu', 'brewer66', 'cheeseballs99', 'klipiszk', 'jmacatan', 'lawrencr', 'chao26', 'edreifue', 'kinserc', 'harri670', 'dangratz99', 'xu1085', 'gcesar', 'deane1', 'apanuga', 'peter514', 'ftangpoo', 'daviskahmann', 'mmohdzai', 'nnoraziz', 'cibrahim', 'tglavan', 'iyengar1', 'wertzm', 'hschennu', 'sanjivdamodaran', 'adams410', 'tdarmon20', 'nhuntine', 'ellis99', 'cblackm', 'agrillo', 'kozelr', 'natoli0', 'xul9044', 'aperitor', 'bowman96', 'msargen', 'dunca108', 'mart1391', 'moore763', 'woo49', 'terry51', None, 'kiefern', 'smit3184', 'butzz', 'lswentor', 'winstontinople', 'rathi4', 'hopkin43', 'hgrover', 'hill399', 'mtbarrette01', 'bkeel', 'yang1865', 'cvasq69', 'akick', 'ithakor', 'psmading', 'cwidak', 'jone1573', 'malhamm', 'wonhyukdo', 'sedgerto', 'pickera', 'slillig', 'abhalcha', 'mfess', 'dleoni', 'richtern', 'mmshank16', 'jo46', 'lmackin', 'flore170', 'bgrandst', 'gleasonb', 'mtrivell', 'konerua', 'gnishibu', 'glevine', 'choi333', 'li3604', 'pattiya2002', 'allnic21', 'patel784', 'ghosh36', 'stark22', 'lm45000', 'wade59', 'anniebreidinger', 'bwitchie', 'ander754', 'davidrgowan', 'mart1180', 'jeigenbr', 'peck28', 'ltopliff', 'rhinesj', 'hsmoke', 'ashwarts', 'koverley', 'racroth35', 'singer15', 'ceckste', 'jhulsize', 'tnoor', 'saboa', 'nwegh2017', 'eloewe', 'ali113', 'gct246', 'pcase', 'dewittl', 'jvanben', 'nfei', 'rroggema', 'zhao988', 'schuman1', 'aaprelik', 'qpitter', 'abano', 's1p6a1r8a', 'jlorah', 'chiang56', 'choyc', 'gao499', 'shethm', 'xose.amo', 'lthursto', 'siu2', 'deshmukp', 'ltoy', 'schro118', 'redmanr', 'sgrzych', 'roj', 'bamorim', 'li2722', 'lauerc', 'dixon82', 'awennin', 'kmotwan', 'wang3138', 'lregalad', 'verma52', 'bullock8', 'white559', 'hillej', 'amoravec', 'george92', 'jfitzhu', 'boyle49', 'colewilloughby1125', 'dlarocco', 'marito', 'rdrager', 'tpownell', 'ericshen628', 'lrigsbee', 'goodma27', 'uuraechu', 'adamdmiller17', 'liu2512', 'kbebris', 'ecave', 'vkolar', 'bernarm', 'hall363', 'abora', 'dragoneye', 'kzeligso', 'akapko']",227,"['mart1380', 'patel731', 'wisler0', 'abreidin', 'jmickow', 'iczajkow', 'jaloi', 'kzeligso', 'lowe77.purdue', 'cregers', 'engc', 'dmassow', 'zfrank64', 'jin376', 'lee2614', 'cho372', 'mann78', 'etitheyeti98', 'rumplem', 'dragoneye', 'mohdshah', 'mheighwa', 'smit3458', 'bcaffert', 'gezbbl7', 'ccurto', 'amcgoff', 'ghais', 'thornt21', 'smit3177', 'freyg', 'suixiong8', 'layyar', 'stewa238', 'yao201', 'girouxm', 'chen2122', 'zubik', 'ewilhite', 'rweedon', 'davidsml', 'abosshar', 'gupta393', 'efeldman', 'cmenden', 'bcasler', 'awoodwa', 'ttayeb', 'msulaima', 'baile261', 'cccyyj720', 'nkhuu', 'brewer66', 'cheeseballs99', 'klipiszk', 'jmacatan', 'lawrencr', 'chao26', 'edreifue', 'kinserc', 'harri670', 'dangratz99', 'xu1085', 'gcesar', 'deane1', 'apanuga', 'peter514', 'ftangpoo', 'daviskahmann', 'justindcambridge', 'lizlaskowski', 'mmohdzai', 'nnoraziz', 'cibrahim', 'tglavan', 'iyengar1', 'wertzm', 'hschennu', 'sanjivdamodaran', 'adams410', 'tdarmon20', 'nhuntine', 'ellis99', 'cblackm', 'agrillo', 'kozelr', 'natoli0', 'xul9044', 'aperitor', 'bowman96', 'msargen', 'dunca108', 'mart1391', 'moore763', 'jess24', 'woo49', 'terry51', None, 'kiefern', 'smit3184', 'butzz', 'lswentor', 'winstontinople', 'rathi4', 'hopkin43', 'hgrover', 'hill399', 'mtbarrette01', 'bkeel', 'yang1865', 'cvasq69', 'akick', 'ithakor', 'psmading', 'cwidak', 'jone1573', 'malhamm', 'wonhyukdo', 'sedgerto', 'pickera', 'slillig', 'abhalcha', 'mfess', 'dleoni', 'richtern', 'mmshank16', 'jo46', 'lmackin', 'flore170', 'bgrandst', 'gleasonb', 'mtrivell', 'konerua', 'gnishibu', 'glevine', 'choi333', 'li3604', 'pattiya2002', 'allnic21', 'patel784', 'ghosh36', 'stark22', 'lm45000', 'wade59', 'anniebreidinger', 'bwitchie', 'ander754', 'davidrgowan', 'mart1180', 'jeigenbr', 'peck28', 'ltopliff', 'rhinesj', 'hsmoke', 'ashwarts', 'koverley', 'racroth35', 'singer15', 'ceckste', 'jhulsize', 'tnoor', 'saboa', 'nwegh2017', 'eloewe', 'ali113', 'gct246', 'dewittl', 'jvanben', 'nfei', 'rroggema', 'zhao988', 'schuman1', 'aaprelik', 'qpitter', 'abano', 's1p6a1r8a', 'jlorah', 'chiang56', 'choyc', 'gao499', 'shethm', 'xose.amo', 'lthursto', 'siu2', 'deshmukp', 'ltoy', 'schro118', 'redmanr', 'sgrzych', 'roj', 'bamorim', 'li2722', 'lauerc', 'dixon82', 'awennin', 'kmotwan', 'wang3138', 'zhan2846', 'lregalad', 'verma52', 'bullock8', 'white559', 'hillej', 'amoravec', 'george92', 'jfitzhu', 'boyle49', 'colewilloughby1125', 'dlarocco', 'marito', 'rdrager', 'tpownell', 'ericshen628', 'lrigsbee', 'goodma27', 'uuraechu', 'adamdmiller17', 'liu2512', 'kbebris', 'ecave', 'vkolar', 'bernarm', 'hall363', 'abora', 'mcginn1', 'pcase', 'akapko']"
231,404,6,7,4,"['uravisaraogi7', 'h20190017', 'avimkumar16', 'h20190015']",1,['h20190005'],3,"[None, 'h20190008', 'benjaminvarughese']",8,"['uravisaraogi7', 'h20190008', 'h20190015', 'h20190017', 'h20190005', 'avimkumar16', 'benjaminvarughese', None]"
231,405,6,6,4,"['uravisaraogi7', 'h20190017', 'h20190005', 'h20190015']",1,['avimkumar16'],2,"[None, 'h20190008']",7,"['uravisaraogi7', 'h20190008', 'h20190015', 'h20190017', 'h20190005', 'avimkumar16', None]"
234,397,6,114,4,"['dtononi', 'fedeenav', 'ctjett', 'jsimmon9']",1,['nicaponti'],110,"['serodio', 'c214570', 'gabriella', 'daglis', 'g171932', 'maronato', 'ppalves10', 'g169127', 'm156531', 'andreispurim', 'h174308', 'gnsoares', 'aaaaaaaa1', 'marcosdiaz', 'dominguilherme', 'i217947', 'kadus27', 'fernandobrsales', 'lostinsocorro', 'vmmartinez2811', 'luizeduardoaraujozucchi', 'joaopedro', 'davicarvalho', 'acabellocano', 'y225901', 'thiagolim42', 'f171043', 'w188684', 'lucask', 'sciecode', 'jkruse', 'm222157', 'r204993', 'michael.breeding31', 'bdniels1', 'pietro1704', 'gtzintzarov', 'mbcoppag', 'oozakudesu', 'mbatra310', 'juangalvez', 'gabriel_dutra', 'larafalquetob', 'ecegeekece', 'm175011', 'a212269', 'drbburcham', 'frerappa', 'j123765', 'thiagoms', 'mathbulhoes', 'j170582', 'd169649', 'prafael18', 'lcnzg', 'msueker', 'g172497', 'magodocona', 'mathepionorio', 'lwang82', 'zanoni', 'h236651', 'd169448', 'v225162', 'v206586', 'r186454', 'jasperdeconinck', 'camilahyfhgf', 'b194658', 'j199681', 'g216116', 'cristiano.urban.slack', 'pengchenucla', 'ramireguilherme', 'i199092', 'm222059', 'leyte', 'hrilina12', 'l171941', 'igorp.lopes', 'i175460', 'matsano', 'g155646', 'diogoteles08', 'ganassinandrea', 'g172185', 'cauan_newton', 'joe.stifler', 'b167869', 'heigon77', 'isa.caroline930', None, 'odeiofeec', 'christian.konishi', 'juliombb', 'r204952', 'palmirasara', 'evenysle', 'luccassa', 'l201332', 'oozaku', 'thalesrogerio', 'josehenriquerecio', 'joaoppagnan', 'matheusgmmendonca', 'pedro.julian', 'v207054', 'juststopmenow', 'i174932', 'd169774']",115,"['serodio', 'nicaponti', 'c214570', 'daglis', 'gabriella', 'g171932', 'maronato', 'jsimmon9', 'ppalves10', 'g169127', 'm156531', 'andreispurim', 'h174308', 'gnsoares', 'aaaaaaaa1', 'marcosdiaz', 'dominguilherme', 'i217947', 'kadus27', 'fernandobrsales', 'lostinsocorro', 'vmmartinez2811', 'luizeduardoaraujozucchi', 'joaopedro', 'davicarvalho', 'acabellocano', 'y225901', 'thiagolim42', 'f171043', 'w188684', 'lucask', 'sciecode', 'jkruse', 'm222157', 'r204993', 'michael.breeding31', 'bdniels1', 'pietro1704', 'gtzintzarov', 'mbcoppag', 'oozakudesu', 'mbatra310', 'juangalvez', 'ctjett', 'gabriel_dutra', 'larafalquetob', 'ecegeekece', 'm175011', 'a212269', 'drbburcham', 'frerappa', 'j123765', 'thiagoms', 'mathbulhoes', 'j170582', 'd169649', 'prafael18', 'lcnzg', 'msueker', 'g172497', 'magodocona', 'mathepionorio', 'lwang82', 'zanoni', 'h236651', 'd169448', 'v225162', 'v206586', 'r186454', 'jasperdeconinck', 'camilahyfhgf', 'fedeenav', 'b194658', 'j199681', 'g216116', 'cristiano.urban.slack', 'pengchenucla', 'ramireguilherme', 'i199092', 'm222059', 'leyte', 'hrilina12', 'l171941', 'igorp.lopes', 'i175460', 'matsano', 'g155646', 'diogoteles08', 'ganassinandrea', 'g172185', 'cauan_newton', 'joe.stifler', 'b167869', 'heigon77', 'isa.caroline930', None, 'odeiofeec', 'christian.konishi', 'juliombb', 'r204952', 'palmirasara', 'evenysle', 'luccassa', 'l201332', 'oozaku', 'thalesrogerio', 'josehenriquerecio', 'joaoppagnan', 'matheusgmmendonca', 'pedro.julian', 'v207054', 'juststopmenow', 'i174932', 'd169774', 'dtononi']"
234,396,6,52,2,"['nicaponti', 'fedeenav']",3,"['dtononi', 'ctjett', 'jsimmon9']",50,"['daglis', 'izumi98077', 'anaya.g2623', 'lwang82', 'jte55', 'fredysanchez2', 'andrew2016', 'v206586', 'roychoudhuryaditya2019', 'i217947', 'jboniuk98', 'rileymccarthy27', 'sjl328', 'rburkins1', 'profjanser', 'mattmattmerrill', 'tflong71', 'hrilina12', 'cjs476', 'blake.ballou08', 'aht47', 'emilioar', 'michael.breeding31', 'ganassinandrea', 'ganaaa12a', 'judgeofduty', 'macks', 'ziyue2', 'alw0039', 'finnclements', 'rsp79', 'rbb0001', 'manolisc23', 'mbatra310', None, 'r204952', 'aia00001', 'petercp2', 'ecegeekece', 'oozaku', 'a212269', 'thalesrogerio', 'fosbackta17', 'hjshook', 'pedro.julian', 'mikesnure', 'e.sdavidm', 'd169774', 'npd54', 'mvp55']",55,"['nicaponti', 'daglis', 'jsimmon9', 'izumi98077', 'anaya.g2623', 'lwang82', 'jte55', 'fredysanchez2', 'andrew2016', 'v206586', 'roychoudhuryaditya2019', 'i217947', 'jboniuk98', 'fedeenav', 'rileymccarthy27', 'sjl328', 'rburkins1', 'profjanser', 'mattmattmerrill', 'tflong71', 'hrilina12', 'cjs476', 'blake.ballou08', 'aht47', 'emilioar', 'michael.breeding31', 'ganassinandrea', 'ganaaa12a', 'judgeofduty', 'macks', 'ziyue2', 'alw0039', 'finnclements', 'rsp79', 'rbb0001', 'manolisc23', 'mbatra310', 'ctjett', None, 'r204952', 'aia00001', 'petercp2', 'ecegeekece', 'oozaku', 'a212269', 'thalesrogerio', 'fosbackta17', 'hjshook', 'pedro.julian', 'mikesnure', 'e.sdavidm', 'd169774', 'npd54', 'dtononi', 'mvp55']"
235,99,6,14,3,"['paulezcano7', 'mariardzsoe', 'rodrigogp']",2,"['slevendu', 'aliciiiiiiia']",11,"['aslopez17', 'mariarodriguezst13', 'carlaposada', 'gemmaarce', 'andrea00', 'moonnni__', 'monipetrilli', None, 'brunodigeronimo', 'lola7110', 'anaye']",16,"['rodrigogp', 'slevendu', 'paulezcano7', 'monipetrilli', 'aliciiiiiiia', 'brunodigeronimo', None, 'aslopez17', 'mariarodriguezst13', 'carlaposada', 'gemmaarce', 'andrea00', 'moonnni__', 'mariardzsoe', 'lola7110', 'anaye']"
239,348,6,28,3,"['ee18btech11031', 'abdurnawaz.2011', 'buereddyvarunireddy']",2,"['pe268318', 'lambkin.optics']",25,"['yashguguloth', 'es17btech11024', 'ee18btech11019', 'ee18btech11021', 'mehar', 'ee17btech11018', 'aayushgoyal27', 'ee18btech11050', 'tejaswini_anagani', 'ee18btech11034', 'ee18btech11048', 'ee18btech11006', 'varuni123', 'es17btech11002', 'ee18btech11016', None, 'saivarshatedla', 'dks2000', 'cheruu', 'vlnreddy', 'tejaswinianagani75', 'shaik123', 'ee18btech11043', 'sudeepv', 'ee18btech11044']",30,"['ee18btech11031', 'buereddyvarunireddy', 'yashguguloth', 'ee18btech11019', 'ee17btech11018', 'tejaswini_anagani', 'ee18btech11048', 'es17btech11002', 'lambkin.optics', 'ee18btech11016', 'saivarshatedla', 'cheruu', 'abdurnawaz.2011', 'shaik123', 'sudeepv', 'ee18btech11044', 'es17btech11024', 'ee18btech11021', 'mehar', 'aayushgoyal27', 'ee18btech11050', 'ee18btech11034', 'pe268318', 'ee18btech11006', 'varuni123', None, 'dks2000', 'vlnreddy', 'tejaswinianagani75', 'ee18btech11043']"
239,381,6,24,5,"['ee18btech11031', 'abdurnawaz.2011', 'buereddyvarunireddy', 'pe268318', 'lambkin.optics']",0,[],19,"['yashguguloth', 'es17btech11024', 'ee18btech11021', 'aayushgoyal27', 'mehar', 'ee18btech11050', 'tejaswini_anagani', 'ee18btech11048', 'junghun80', 'hatem.babaa', 'ee18btech11006', 'varuni123', None, 'jevalenzuela', 'dks2000', 'rebeccaeagleton', 'tejaswinianagani75', 'tanmay.chavan94', 'sudeepv']",24,"['ee18btech11031', 'buereddyvarunireddy', 'yashguguloth', 'es17btech11024', 'ee18btech11021', 'aayushgoyal27', 'mehar', 'ee18btech11050', 'tejaswini_anagani', 'pe268318', 'ee18btech11048', 'junghun80', 'hatem.babaa', 'lambkin.optics', 'ee18btech11006', 'varuni123', None, 'jevalenzuela', 'dks2000', 'rebeccaeagleton', 'abdurnawaz.2011', 'tejaswinianagani75', 'tanmay.chavan94', 'sudeepv']"
240,197,6,67,1,['nh_engagement'],4,"['jreynolds19', 'anastasia.l', 'ycao99', 'skundu4']",66,"['kelsayed', 'zhan2395', 'rkanthar', 'fvora', 'juncheng10', 'wang4142', 'bgunder', 'huang670', 'gomez110', 'ssidhard', 'kpardika', 'yang1908', 'egrubbs', 'lgreenle', 'uabdulla4', 'savetian', 'xue76', 'pkolis', 'wfirdaus', 'deshpan3', 'gshao', 'rituraj346', 'hu589', 'myildiri', 'paulmather', 'agondima', 'porte107', 'cgkartzo', 'desai61', 'qin132', 'li2736', 'sun530', 'ayermemb', 'zhan2748', 'wu801', 'skarumur', 'ywang3450', 'oerturk', 'xixilegend', 'mcdona20', 'pdhillon', 'ps052537', 'ocegueda', 'kabdelaz', 'rpaldi', 'tan254', 'huang714', 'missahaq', 'jpdero2', 'ganti', 'uditrawat469', 'mcclurez', 'saha40', 'wang4084', 'anaon', 'jverduzc', None, 'eantwiag', 'caseya', 'odonne33', 'petrosky', 'zhangwy2016', 'ardekani', 'pravi', 'erich1016', 'mademoiselle0812']",71,"['kelsayed', 'zhan2395', 'rkanthar', 'fvora', 'juncheng10', 'wang4142', 'bgunder', 'huang670', 'gomez110', 'ssidhard', 'kpardika', 'anastasia.l', 'yang1908', 'egrubbs', 'lgreenle', 'uabdulla4', 'nh_engagement', 'savetian', 'xue76', 'pkolis', 'wfirdaus', 'deshpan3', 'gshao', 'rituraj346', 'hu589', 'myildiri', 'paulmather', 'agondima', 'porte107', 'cgkartzo', 'desai61', 'qin132', 'li2736', 'sun530', 'ayermemb', 'zhan2748', 'wu801', 'skarumur', 'ywang3450', 'oerturk', 'xixilegend', 'mcdona20', 'pdhillon', 'ps052537', 'ocegueda', 'kabdelaz', 'rpaldi', 'tan254', 'huang714', 'missahaq', 'jpdero2', 'ganti', 'uditrawat469', 'mcclurez', 'skundu4', 'jreynolds19', 'saha40', 'wang4084', 'anaon', 'jverduzc', None, 'eantwiag', 'caseya', 'odonne33', 'petrosky', 'ycao99', 'zhangwy2016', 'ardekani', 'pravi', 'erich1016', 'mademoiselle0812']"
240,204,6,6,1,['nh_engagement'],4,"['jreynolds19', 'anastasia.l', 'ycao99', 'skundu4']",5,"['white494', 'eheikens', 'krishn73', 'ericks23', None]",10,"['jreynolds19', 'white494', 'eheikens', 'nh_engagement', 'krishn73', 'ericks23', 'ycao99', 'anastasia.l', None, 'skundu4']"
241,338,6,7,4,"['vanesw', 'ward.michael0356', 'tmamani', 'mcoats']",1,['dmosemaniii'],3,"['nadelstein', 'ashornikov', None]",8,"['ashornikov', 'mcoats', 'vanesw', 'tmamani', 'ward.michael0356', 'nadelstein', None, 'dmosemaniii']"
