MClusterID,XClusterID,MClusterSize,XClusterSize,OverlapSize,OverlapMembers,MOnlySize,MOnlyMembers,XOnlySize,XOnlyMembers,CombinedSize,CombinedMembers
1,30,397,219,177,"['sgu20171541', 'beoungwoo', 'aatony', 'sgu20191457', 'sgu20191451', 'sgu20171492', 'sgu20171556', 'sgu20191490', 'sgu20201443', 'sgu20191469', 'songhobin', 'sgu20171502', 'sgu20191494', 'tmdgus4284', 'b715112', 'jskim159', 'pky2237', 'sgu20161455', 'sgu20151313', 'sgu20171594', 'b735544', 'ml935450', 'sgu20161460', 'sgu20201465', 'sgu20171523', 'sgu20151447', 'jjh684212', 'sgu20151482', 'goodjh120', 'sgu20181503', 'sgu20171497', 'sgu20171501', 'mw1155000', 'sgu20192127', 'sgu20171557', 'sgu20171584', 'wjdrms9897', 'sgu20201507', 'sgu20171535', 'ascendtobe', 'sgu20192007', 'sgu20171524', 'sgu20171513', 'kimjaewook5834', 'onion1228', 'sgu20171503', 'pij33278', 'hck23', 'sgu20191509', 'sgu20171546', 'dlstn3460', 'sgu20181487', 'sgu20170241', 'dlsrb0521', 'spaget23', 'sgu20161489', 'qkrrjsxor12', 'sgu20181499', 'sgu20161547', 'sgu20181521', 'taegun', 'sgu20141431', 'sgu20191492', 'sgu20201527', 'sgu20171341', 'sgu20201433', 'mingee0740', 'chj20151375', 'sgu20181333', 'sgu20161481', 'sgu20181515', 'yoodabin', 'sgu20181509', 'sgu20171585', 'mingi1226', 'sgu20161475', 'b815018', 'sgu20181513', 'sgu20171583', 'sgu20191305', 'sgu20161537', 'halynyu', 'sgu20171517', 'sgu20181523', 'sgu20171510', 'leejongmin', 'sgu20191489', 'wlsdn0820', 'sgu20201501', 'sgu20161513', 'sgu20181479', 'qudgur96', 'sgu20171499', 'sgu20161526', 'sgu20171512', 'jihyun', 'sgu20161486', 'joy34box', 'aksmf98', 'sgu20171350', 'dlrbgur008', 'sgu20201497', 'sgu20181583', 'bigwishwing', 'omeg_on', 'sgu20181489', 'sgu20191543', 'sgu20181511', 'sgu20151202', 'sgu20161518', 'sgu20201475', 'bingsoo', 'sgu20191523', 'sgu20171911', 'sgu20181579', 'kimjaeho608', 'duonduon', 'tntjd3007', 'sgu20181480', 'minsuk', 'sgu20171533', 'sgu20151421', 'b715052', 'sgu20171521', 'sgu20171339', 'sgu20191333', 'sgu20171536', 'kimdc0134', 'sgu20201533', 'sgu20201531', 'ittopsk', 'hcha71', 'sgu20191487', 'sgu20191453', 'sgu20171564', 'sgu20171525', 'sgu20171553', 'sgu20181535', 'sgu20161551', 'sgu20201459', 'tkdgjs68', 'ktj08310806', 'sgu20201511', 'sgu20191385', 'sgu20171530', 'sgu20171551', 'sgu20191455', 'rudtjr987', 'sgu20171597', 'sgu20171575', 'sanghoon21547', 'sgu20171560', 'sgu20192113', 'hyeonho', 'jonnyi961', 'sgu20201479', 'sgu20171897', 'buggyjuggy', 'thjung', 'a01088393779', 'sgu20181357', 'sgu20181557', 'kyj0603', 'tomas9159', 'sgu20171516', 'sgu20141341', 'sgu20161997', 'jihongkim', 'xconanx98', 'sgu20201521', 'seokkyu', 'sgu20201463', 'sgu20171576', 'sgu20171843', 'sgu20171534', 'parkinsu', 'skdywaw1']",220,"['mohamed_ahmed_kamal', 'zainab2000', 'muhannadahmmed', 'kamrankardel', 'ahmedaboalftouh15', 'abdurrahmannasser10', 'eng.ahmed.adel.mourad', 'omarhusseinn.2000', 'shehab2040', 'amadi.billy', 'zadosalah', 'akmr1212', 'merna1mohamed', 'loayabdalla', 'silkysebum', 'mariamhnmahmed', 'zeyadnar88', 'medomohamed3213', 'yasmin.eldeep2001', 'bolabolbol832', 'ahmed9891', 'ibrahimelgendy95', 'karimsamy', 'mennaahmed', 'abdelrahmanmohyoussef', 'youssef.yasser.eng', 'rana_sakr', 'ayman.mahmoud104', 'sgu20181551', 'mazenelaraby9', 'muhammadshaheen', 'gweihs', 'pwrstudent1997', 'bebo.w.b', 'hadeermuhammed189', 'omarshamekh', 'mahmoudehab30', '3boda2001', 'k4r1m', 'seongshan', 'rlibros', 'sulemansami', 'ahmedassyk.k', 'amira.mohmeed3', 'lolpeanut', 'osamamohamed666', 'arijit', 'cowaleedtarek', 'ibrahimshawky419', 'thanusit', 'islam7769', 'yosefsami', 'suhilaa81', 'fatma.ali.2028', 'manar444', 'peikeyi', 'mohameddahy2012', 'omaralzayat2100', 'aliabdelwhab12', 'carolinegirgis20', 'hisham.khaled.ahmed', 'mkmbzm', 's18ud1116022', 'omarahmed', 'ahmedpro200', 'janstefanski', 'rolagerab', 'omarhesham565', 'ppzmh', 'yasmeenaly99', 'prakriti', 'walterwagner', 'davidruiz', 'yasminfayed44', 'pazzaglia.1714292', 'dinaatefff92', 'sa3dmohamedsa3dmohamed12', 'karim25401', 'elamouro', 'ahmed.tarek', 'sguni20181551', 'selviasnow', 'ahmad2000226', 'afantoni', 'omarhassanian', 'eslammosllah8', 'ahmeed.aly2051', 'fouadamr60', 'radwamohamed2052000', 'salahadel762', 'nkobayas', 'mmarzouk1809', 'zika144', 'mth4891', 'eider_aparicio', 'ahmed_khaled_samir', 'mf2809522', 'yaseensalah', 'srholtz57', 'antlomb', 'rabab1801214', 'ssohila422', 'phidalgo', 'mohamed2001hussein', 'abasu', 'seifbibers', 'sheshtawy898', 'sr7070202', 'sgu20201515', 'mokamedkh21', 'marielabravo', 'drivet927', 'ahmedqaed33316', 'om1803173', 'billkim', 'midoashraf88', 'omarmagdy99', 'iamyoussefmohammed', 'manofautumn', 'abdallahali098321', 'carlosperez', 'srini.140375', 'poularizk', 'jsambeek', 'shehababaas123', 'essamottoman', 'youssef.amr.ya', 'lyubomyr.nykyruy', 'kinszkola', 'abdullah.amr.tawheed', 'noura.hesham181', 'omarahmed1', 'mostafamahmoud19p9995', 'juambananohub', 'nathangrossmann', 'lets7512', 'midosaies', 'ucfaly75', 'sukantaswain.rs', 'hazemmohamed3570', 'devesh124', 'avraiem1804', 'mgspencer1952', 'minamorcos200', '20ahmedhossam20', 'bishocasias', 'ahmedsalah_65', 'negeda', 'akersch', 'bodysoly26', 'nadaelhossainii', 'balter.trujillo', 'scratchy', 'tifa004', 'ma00yank', 'mostafa77', 'bguillet', 'yongin02', 'mohamednader239', 'rexcrusader', 'nlidgi', 'sinanaras', 'fatma.hazem19', 'nourhannshafik', 'qjyw1997', 'ahmedkhaledgam', 'drseemavats', 'irfanirshad4', 'tafazulijaz1972', 'bassel', 'jatkarmandar123', 'abdelrhmangaber', 'mariamnader', 'mariam.ahmed.2721', 'efoster', 'rawanhishaam', 'ahmed_nasef', 'adham.ibrahim.gamil', 'bilginomi', 'abdelrhmantamer', 'sara.adel.84069', 'remongerges74', 'yousefelwalid', 'thanaashabana02', 'mikhaaa56', 'abaraka279', 'radovanovic', 'danielemad', 'pgolani22', 'mariammhaanyy', 'tasneemasad19', 'noureldinseddik', 'nadeen2', 'eyadcataract20', 'tifa27sherif', 'mo32000a', 'gmcho980', 'maiop', 'georgesemi', 'nohasherif48', 'nour17', 'tarek.ahmed.hussein99', 'serbulentyildirim', 'reemmohamed.rm38', 'omarabdelbary', 'martinboules80', 'manarahmad589', 'alialouka2000', 'yossefibr282', 'norhanabdelhafeez4', 'ahmedamer', 'mostafahassan0053', 'amrsamy1072', 'mahmoududk', 'aemad430', 'dafrawy21', 'ilgerby', 'lightholmes80', 'ahm_kam', 'kimos32']",42,"['khw971011', 'sgu20171544', 'geunwonjeong', 'homme0214', 'taehojung', 'sasso47523', 'sgu20171548', 'chojunhee', 'ilkwang', 'sgu20161553', 'minyeong', 'ktj061860', 'sgu20191462', 'junn9916', 'sgu20171549', 'sgu20161454', 'poby', 'mindk24', 'sgu20171570', 'jaeyun0709', 'sgu20171567', 'sgu20161519', 'sgu20191461', 'daniel223977', 'sgu20182197', 'wutdreheram0905', 'yoona8', 'yjiwan0913', None, 'bswbsj18', 'seunghun4757', 'vyg1014', 'sgu20171593', 'sgu20171335', 'sgu20171506', 'wolol005', 'zneet456', 'sgu20171579', 'b815180', 'buggyjuggy97', 'sgu20171582', 'wodbs']",439,"['sgu20171541', 'khw971011', 'beoungwoo', 'sgu20191457', 'sgu20171492', 'ilkwang', 'sgu20161553', 'shehab2040', 'zadosalah', 'yasmin.eldeep2001', 'ibrahimelgendy95', 'mennaahmed', 'youssef.yasser.eng', 'mazenelaraby9', 'gweihs', 'sgu20151482', 'hadeermuhammed189', 'omarshamekh', 'mahmoudehab30', '3boda2001', 'sgu20192127', 'sgu20171579', 'ascendtobe', 'sgu20171582', 'ibrahimshawky419', 'sgu20192007', 'thanusit', 'islam7769', 'sgu20171513', 'sgu20171503', 'geunwonjeong', 'mkmbzm', 'ahmedpro200', 'sgu20171546', 'prakriti', 'walterwagner', 'sgu20161489', 'ahmad2000226', 'sgu20181521', 'sgu20141431', 'sgu20181333', 'fouadamr60', 'radwamohamed2052000', 'sgu20181515', 'salahadel762', 'yaseensalah', 'antlomb', 'sgu20171583', 'sr7070202', 'sheshtawy898', 'sgu20171517', 'marielabravo', 'sgu20171510', 'wlsdn0820', 'om1803173', 'sgu20161526', 'poularizk', 'youssef.amr.ya', 'abdullah.amr.tawheed', 'sgu20171567', 'lets7512', 'midosaies', 'sgu20181583', 'bigwishwing', 'omeg_on', 'sgu20182197', 'yoona8', 'nadaelhossainii', 'scratchy', 'ma00yank', 'sgu20181579', 'kimjaeho608', 'sgu20171533', 'nlidgi', 'sgu20171544', 'ahmedkhaledgam', 'sgu20171339', 'sgu20191333', 'taehojung', 'mariam.ahmed.2721', 'ittopsk', 'sgu20191487', 'ktj061860', 'sgu20171553', 'adham.ibrahim.gamil', 'sgu20201459', 'sgu20191461', 'mariammhaanyy', 'tasneemasad19', 'noureldinseddik', 'sgu20171560', 'maiop', 'buggyjuggy', 'nour17', 'tarek.ahmed.hussein99', 'reemmohamed.rm38', 'seunghun4757', 'alialouka2000', 'norhanabdelhafeez4', 'ahmedamer', 'mostafahassan0053', 'sgu20201521', 'sgu20171534', 'ahm_kam', 'aatony', 'merna1mohamed', 'medomohamed3213', 'bolabolbol832', 'tmdgus4284', 'b715112', 'jskim159', 'sgu20161455', 'rana_sakr', 'ayman.mahmoud104', 'sgu20201465', 'muhammadshaheen', 'bebo.w.b', 'sgu20181503', 'mw1155000', 'seongshan', 'rlibros', 'wjdrms9897', 'sgu20201507', 'amira.mohmeed3', 'sgu20171535', 'lolpeanut', 'onion1228', 'kimjaewook5834', 'yosefsami', 'fatma.ali.2028', 'manar444', 'peikeyi', 'mohameddahy2012', 'omaralzayat2100', 'hisham.khaled.ahmed', 's18ud1116022', 'pij33278', 'ppzmh', 'junn9916', 'sgu20170241', 'spaget23', 'ahmed.tarek', 'sguni20181551', 'sgu20171570', 'daniel223977', 'sgu20201527', 'sgu20201433', 'ahmeed.aly2051', None, 'sgu20181509', 'zika144', 'b815018', 'sgu20161475', 'wolol005', 'abasu', 'chojunhee', 'midoashraf88', 'sgu20171499', 'iamyoussefmohammed', 'sgu20171512', 'sgu20161486', 'joy34box', 'sgu20171549', 'srini.140375', 'poby', 'lyubomyr.nykyruy', 'nathangrossmann', 'sukantaswain.rs', 'hazemmohamed3570', 'sgu20201497', 'avraiem1804', '20ahmedhossam20', 'ahmedsalah_65', 'bingsoo', 'sgu20171911', 'duonduon', 'b815180', 'sgu20151421', 'sgu20181480', 'sinanaras', 'fatma.hazem19', 'b715052', 'drseemavats', 'irfanirshad4', 'tafazulijaz1972', 'sgu20171536', 'bassel', 'sgu20181535', 'sgu20161551', 'bilginomi', 'ktj08310806', 'sara.adel.84069', 'rudtjr987', 'yousefelwalid', 'sgu20171597', 'sgu20171575', 'sanghoon21547', 'nadeen2', 'eyadcataract20', 'sgu20201479', 'georgesemi', 'thjung', 'martinboules80', 'sgu20171593', 'jihongkim', 'xconanx98', 'aemad430', 'dafrawy21', 'sgu20171576', 'sgu20201463', 'abaraka279', 'sgu20191451', 'muhannadahmmed', 'abdurrahmannasser10', 'eng.ahmed.adel.mourad', 'sgu20191469', 'omarhusseinn.2000', 'amadi.billy', 'akmr1212', 'songhobin', 'sgu20171502', 'sgu20191494', 'ahmed9891', 'pky2237', 'karimsamy', 'sgu20161460', 'b735544', 'ml935450', 'sgu20161519', 'sgu20181551', 'sgu20171523', 'jjh684212', 'wutdreheram0905', 'sgu20171497', 'sgu20171501', 'sgu20171557', 'ahmedassyk.k', 'osamamohamed666', 'arijit', 'cowaleedtarek', 'sgu20171524', 'suhilaa81', 'aliabdelwhab12', 'rolagerab', 'hck23', 'yasmeenaly99', 'sgu20191509', 'dlstn3460', 'yasminfayed44', 'dlsrb0521', 'pazzaglia.1714292', 'dinaatefff92', 'karim25401', 'elamouro', 'afantoni', 'taegun', 'sgu20171341', 'mth4891', 'eider_aparicio', 'mf2809522', 'sgu20181513', 'sgu20191305', 'seifbibers', 'halynyu', 'sgu20201515', 'sgu20181523', 'drivet927', 'sgu20191489', 'leejongmin', 'sgu20201501', 'sgu20161513', 'billkim', 'manofautumn', 'jihyun', 'abdallahali098321', 'carlosperez', 'jsambeek', 'kinszkola', 'mindk24', 'dlrbgur008', 'omarahmed1', 'mostafamahmoud19p9995', 'ucfaly75', 'devesh124', 'bishocasias', 'negeda', 'sgu20161518', 'balter.trujillo', 'tifa004', 'tntjd3007', 'sgu20171521', 'abdelrhmangaber', 'sgu20171548', 'mariamnader', 'sgu20201533', 'rawanhishaam', 'hcha71', 'sgu20191453', 'sgu20171525', 'sgu20201511', 'sgu20191455', 'thanaashabana02', 'danielemad', 'tifa27sherif', 'hyeonho', 'sgu20192113', 'mo32000a', 'gmcho980', 'nohasherif48', 'a01088393779', 'bswbsj18', 'sgu20181557', 'tomas9159', 'sgu20161997', 'sgu20141341', 'sgu20171516', 'amrsamy1072', 'sgu20171506', 'ilgerby', 'sgu20171843', 'lightholmes80', 'ahmedqaed33316', 'sgu20181489', 'buggyjuggy97', 'mohamed_ahmed_kamal', 'zainab2000', 'kamrankardel', 'ahmedaboalftouh15', 'sgu20171556', 'sgu20191490', 'sgu20201443', 'loayabdalla', 'silkysebum', 'mariamhnmahmed', 'zeyadnar88', 'sgu20151313', 'sgu20171594', 'abdelrahmanmohyoussef', 'sgu20151447', 'pwrstudent1997', 'goodjh120', 'yjiwan0913', 'k4r1m', 'sgu20171584', 'sulemansami', 'wodbs', 'carolinegirgis20', 'sasso47523', 'omarahmed', 'janstefanski', 'omarhesham565', 'sgu20191462', 'sgu20181487', 'davidruiz', 'sa3dmohamedsa3dmohamed12', 'selviasnow', 'omarhassanian', 'qkrrjsxor12', 'eslammosllah8', 'sgu20181499', 'jaeyun0709', 'sgu20161547', 'sgu20191492', 'chj20151375', 'mingee0740', 'sgu20161481', 'yoodabin', 'nkobayas', 'mmarzouk1809', 'ahmed_khaled_samir', 'mingi1226', 'sgu20171585', 'sgu20171335', 'srholtz57', 'rabab1801214', 'ssohila422', 'phidalgo', 'mohamed2001hussein', 'sgu20161537', 'mokamedkh21', 'sgu20181479', 'qudgur96', 'omarmagdy99', 'shehababaas123', 'sgu20161454', 'essamottoman', 'aksmf98', 'sgu20171350', 'noura.hesham181', 'juambananohub', 'sgu20191543', 'mgspencer1952', 'minamorcos200', 'sgu20181511', 'sgu20151202', 'akersch', 'bodysoly26', 'sgu20201475', 'sgu20191523', 'mostafa77', 'bguillet', 'yongin02', 'mohamednader239', 'rexcrusader', 'minsuk', 'nourhannshafik', 'qjyw1997', 'homme0214', 'jatkarmandar123', 'kimdc0134', 'sgu20201531', 'efoster', 'minyeong', 'ahmed_nasef', 'sgu20171564', 'tkdgjs68', 'sgu20171530', 'sgu20191385', 'abdelrhmantamer', 'remongerges74', 'sgu20171551', 'mikhaaa56', 'radovanovic', 'pgolani22', 'sgu20171897', 'jonnyi961', 'serbulentyildirim', 'sgu20181357', 'manarahmad589', 'vyg1014', 'yossefibr282', 'kyj0603', 'seokkyu', 'mahmoududk', 'zneet456', 'omarabdelbary', 'parkinsu', 'skdywaw1', 'kimos32']"
1,31,397,140,134,"['mohamed_ahmed_kamal', 'zainab2000', 'ahmedaboalftouh15', 'abdurrahmannasser10', 'eng.ahmed.adel.mourad', 'omarhusseinn.2000', 'shehab2040', 'akmr1212', 'loayabdalla', 'zadosalah', 'merna1mohamed', 'mariamhnmahmed', 'zeyadnar88', 'medomohamed3213', 'bolabolbol832', 'ahmed9891', 'yasmin.eldeep2001', 'ibrahimelgendy95', 'karimsamy', 'abdelrahmanmohyoussef', 'youssef.yasser.eng', 'rana_sakr', 'ayman.mahmoud104', 'muhammadshaheen', 'bebo.w.b', 'mahmoudehab30', '3boda2001', 'k4r1m', 'ahmedassyk.k', 'amira.mohmeed3', 'osamamohamed666', 'cowaleedtarek', 'ibrahimshawky419', 'yosefsami', 'suhilaa81', 'fatma.ali.2028', 'carolinegirgis20', 'omaralzayat2100', 'mohameddahy2012', 'manar444', 'hisham.khaled.ahmed', 'omarahmed', 'ahmedpro200', 'rolagerab', 'omarhesham565', 'yasmeenaly99', 'yasminfayed44', 'dinaatefff92', 'sa3dmohamedsa3dmohamed12', 'karim25401', 'ahmed.tarek', 'omarhassanian', 'ahmad2000226', 'eslammosllah8', 'ahmeed.aly2051', 'fouadamr60', 'radwamohamed2052000', 'salahadel762', 'mmarzouk1809', 'ahmed_khaled_samir', 'yaseensalah', 'rabab1801214', 'ssohila422', 'mohamed2001hussein', 'seifbibers', 'sr7070202', 'sheshtawy898', 'mokamedkh21', 'ahmedqaed33316', 'om1803173', 'midoashraf88', 'omarmagdy99', 'abdallahali098321', 'essamottoman', 'youssef.amr.ya', 'abdullah.amr.tawheed', 'noura.hesham181', 'omarahmed1', 'mostafamahmoud19p9995', 'lets7512', 'midosaies', 'hazemmohamed3570', 'avraiem1804', 'minamorcos200', '20ahmedhossam20', 'bishocasias', 'ahmedsalah_65', 'negeda', 'bodysoly26', 'nadaelhossainii', 'tifa004', 'mostafa77', 'mohamednader239', 'fatma.hazem19', 'nourhannshafik', 'ahmedkhaledgam', 'bassel', 'mariamnader', 'mariam.ahmed.2721', 'rawanhishaam', 'ahmed_nasef', 'adham.ibrahim.gamil', 'remongerges74', 'sara.adel.84069', 'yousefelwalid', 'thanaashabana02', 'mikhaaa56', 'mariammhaanyy', 'tasneemasad19', 'nadeen2', 'noureldinseddik', 'eyadcataract20', 'tifa27sherif', 'mo32000a', 'georgesemi', 'nohasherif48', 'nour17', 'tarek.ahmed.hussein99', 'reemmohamed.rm38', 'omarabdelbary', 'martinboules80', 'manarahmad589', 'alialouka2000', 'yossefibr282', 'norhanabdelhafeez4', 'ahmedamer', 'mahmoududk', 'ahm_kam', 'aemad430', 'ilgerby', 'dafrawy21', 'lightholmes80', 'abaraka279', 'kimos32']",263,"['sgu20171541', 'beoungwoo', 'aatony', 'sgu20191457', 'sgu20191451', 'muhannadahmmed', 'kamrankardel', 'sgu20171492', 'sgu20171556', 'sgu20191490', 'sgu20201443', 'sgu20191469', 'amadi.billy', 'songhobin', 'silkysebum', 'sgu20171502', 'sgu20191494', 'tmdgus4284', 'b715112', 'jskim159', 'pky2237', 'sgu20161455', 'sgu20161460', 'sgu20151313', 'b735544', 'mennaahmed', 'ml935450', 'sgu20171594', 'sgu20201465', 'sgu20181551', 'sgu20171523', 'mazenelaraby9', 'jjh684212', 'gweihs', 'sgu20151482', 'sgu20151447', 'pwrstudent1997', 'goodjh120', 'sgu20181503', 'hadeermuhammed189', 'omarshamekh', 'sgu20171497', 'sgu20171501', 'mw1155000', 'sgu20192127', 'seongshan', 'rlibros', 'sgu20171557', 'sgu20171584', 'sulemansami', 'wjdrms9897', 'sgu20201507', 'sgu20171535', 'lolpeanut', 'ascendtobe', 'arijit', 'sgu20192007', 'thanusit', 'sgu20171524', 'islam7769', 'sgu20171513', 'onion1228', 'kimjaewook5834', 'sgu20171503', 'peikeyi', 'aliabdelwhab12', 'mkmbzm', 's18ud1116022', 'janstefanski', 'pij33278', 'hck23', 'ppzmh', 'sgu20191509', 'sgu20171546', 'prakriti', 'walterwagner', 'dlstn3460', 'sgu20181487', 'sgu20170241', 'davidruiz', 'dlsrb0521', 'spaget23', 'sgu20161489', 'pazzaglia.1714292', 'elamouro', 'sguni20181551', 'selviasnow', 'afantoni', 'qkrrjsxor12', 'sgu20181499', 'sgu20161547', 'sgu20181521', 'taegun', 'sgu20141431', 'sgu20191492', 'sgu20201527', 'sgu20171341', 'sgu20201433', 'chj20151375', 'mingee0740', 'sgu20181333', 'sgu20161481', 'sgu20181515', 'yoodabin', 'nkobayas', 'sgu20181509', 'zika144', 'mth4891', 'eider_aparicio', 'mf2809522', 'mingi1226', 'sgu20171585', 'srholtz57', 'antlomb', 'b815018', 'sgu20161475', 'sgu20181513', 'phidalgo', 'sgu20171583', 'sgu20191305', 'abasu', 'sgu20161537', 'halynyu', 'sgu20201515', 'sgu20171517', 'marielabravo', 'sgu20181523', 'drivet927', 'sgu20171510', 'sgu20191489', 'wlsdn0820', 'leejongmin', 'sgu20201501', 'sgu20161513', 'billkim', 'sgu20181479', 'qudgur96', 'sgu20171499', 'sgu20161526', 'iamyoussefmohammed', 'sgu20171512', 'manofautumn', 'jihyun', 'sgu20161486', 'joy34box', 'carlosperez', 'srini.140375', 'poularizk', 'jsambeek', 'shehababaas123', 'lyubomyr.nykyruy', 'kinszkola', 'aksmf98', 'dlrbgur008', 'sgu20171350', 'juambananohub', 'nathangrossmann', 'ucfaly75', 'sukantaswain.rs', 'sgu20201497', 'sgu20181583', 'devesh124', 'bigwishwing', 'omeg_on', 'sgu20191543', 'mgspencer1952', 'sgu20181511', 'sgu20151202', 'akersch', 'sgu20161518', 'parkinsu', 'balter.trujillo', 'sgu20201475', 'scratchy', 'bingsoo', 'ma00yank', 'sgu20171911', 'sgu20181579', 'sgu20191523', 'kimjaeho608', 'bguillet', 'duonduon', 'yongin02', 'tntjd3007', 'rexcrusader', 'sgu20151421', 'sgu20181480', 'sgu20171533', 'minsuk', 'nlidgi', 'sinanaras', 'b715052', 'qjyw1997', 'sgu20171521', 'sgu20171339', 'sgu20191333', 'drseemavats', 'irfanirshad4', 'tafazulijaz1972', 'sgu20171536', 'jatkarmandar123', 'kimdc0134', 'abdelrhmangaber', 'sgu20201533', 'ittopsk', 'sgu20201531', 'efoster', 'hcha71', 'sgu20191487', 'sgu20191453', 'sgu20171564', 'sgu20171553', 'sgu20181535', 'sgu20171525', 'sgu20201459', 'sgu20161551', 'bilginomi', 'tkdgjs68', 'ktj08310806', 'sgu20201511', 'sgu20171530', 'sgu20191385', 'abdelrhmantamer', 'sgu20171551', 'sgu20191455', 'rudtjr987', 'sgu20171597', 'sgu20171575', 'radovanovic', 'pgolani22', 'danielemad', 'sanghoon21547', 'sgu20171560', 'sgu20192113', 'hyeonho', 'sgu20171897', 'sgu20201479', 'jonnyi961', 'gmcho980', 'maiop', 'buggyjuggy', 'serbulentyildirim', 'thjung', 'a01088393779', 'sgu20181357', 'sgu20181557', 'tomas9159', 'kyj0603', 'sgu20161997', 'sgu20141341', 'sgu20171516', 'mostafahassan0053', 'jihongkim', 'sgu20201521', 'xconanx98', 'amrsamy1072', 'sgu20171576', 'sgu20201463', 'sgu20171843', 'seokkyu', 'sgu20171534', 'sgu20181489', 'skdywaw1']",6,"['mat3ellimeen75', 'mohammedkaramali1', 'samasarhan', None, 'nourhanhussein156', 'areda']",403,"['sgu20171541', 'beoungwoo', 'sgu20191457', 'sgu20191451', 'muhannadahmmed', 'sgu20171492', 'abdurrahmannasser10', 'eng.ahmed.adel.mourad', 'sgu20191469', 'omarhusseinn.2000', 'shehab2040', 'amadi.billy', 'zadosalah', 'akmr1212', 'songhobin', 'sgu20171502', 'yasmin.eldeep2001', 'sgu20191494', 'ahmed9891', 'ibrahimelgendy95', 'pky2237', 'karimsamy', 'sgu20161460', 'b735544', 'mennaahmed', 'ml935450', 'youssef.yasser.eng', 'sgu20181551', 'sgu20171523', 'mazenelaraby9', 'jjh684212', 'gweihs', 'sgu20151482', 'mohammedkaramali1', 'hadeermuhammed189', 'omarshamekh', 'mahmoudehab30', '3boda2001', 'sgu20171497', 'sgu20171501', 'sgu20192127', 'sgu20171557', 'ahmedassyk.k', 'osamamohamed666', 'ascendtobe', 'arijit', 'cowaleedtarek', 'ibrahimshawky419', 'sgu20192007', 'thanusit', 'sgu20171524', 'islam7769', 'sgu20171513', 'sgu20171503', 'suhilaa81', 'aliabdelwhab12', 'mkmbzm', 'ahmedpro200', 'rolagerab', 'hck23', 'yasmeenaly99', 'sgu20191509', 'sgu20171546', 'prakriti', 'walterwagner', 'dlstn3460', 'yasminfayed44', 'dlsrb0521', 'pazzaglia.1714292', 'sgu20161489', 'dinaatefff92', 'karim25401', 'elamouro', 'ahmad2000226', 'afantoni', 'sgu20181521', 'taegun', 'sgu20141431', 'sgu20171341', 'sgu20181333', 'fouadamr60', 'radwamohamed2052000', 'sgu20181515', 'salahadel762', 'mth4891', 'eider_aparicio', 'mf2809522', 'yaseensalah', 'antlomb', 'sgu20181513', 'sgu20171583', 'sgu20191305', 'seifbibers', 'sr7070202', 'sheshtawy898', 'halynyu', 'sgu20201515', 'sgu20171517', 'marielabravo', 'sgu20181523', 'drivet927', 'sgu20171510', 'sgu20191489', 'wlsdn0820', 'leejongmin', 'om1803173', 'sgu20201501', 'sgu20161513', 'billkim', 'sgu20161526', 'manofautumn', 'jihyun', 'abdallahali098321', 'carlosperez', 'poularizk', 'jsambeek', 'youssef.amr.ya', 'kinszkola', 'abdullah.amr.tawheed', 'dlrbgur008', 'omarahmed1', 'mostafamahmoud19p9995', 'lets7512', 'midosaies', 'ucfaly75', 'sgu20181583', 'devesh124', 'bigwishwing', 'omeg_on', 'bishocasias', 'negeda', 'areda', 'nadaelhossainii', 'sgu20161518', 'balter.trujillo', 'scratchy', 'tifa004', 'ma00yank', 'sgu20181579', 'kimjaeho608', 'tntjd3007', 'sgu20171533', 'nlidgi', 'ahmedkhaledgam', 'sgu20171521', 'sgu20171339', 'sgu20191333', 'abdelrhmangaber', 'mariamnader', 'mariam.ahmed.2721', 'ittopsk', 'sgu20201533', 'rawanhishaam', 'hcha71', 'sgu20191487', 'sgu20191453', 'mat3ellimeen75', 'sgu20171553', 'sgu20171525', 'adham.ibrahim.gamil', 'sgu20201459', 'sgu20201511', 'sgu20191455', 'thanaashabana02', 'danielemad', 'mariammhaanyy', 'tasneemasad19', 'noureldinseddik', 'sgu20171560', 'tifa27sherif', 'hyeonho', 'sgu20192113', 'mo32000a', 'gmcho980', 'maiop', 'nohasherif48', 'buggyjuggy', 'nour17', 'tarek.ahmed.hussein99', 'reemmohamed.rm38', 'a01088393779', 'omarabdelbary', 'alialouka2000', 'sgu20181557', 'tomas9159', 'norhanabdelhafeez4', 'sgu20161997', 'ahmedamer', 'sgu20141341', 'sgu20171516', 'mostafahassan0053', 'amrsamy1072', 'sgu20201521', 'ilgerby', 'sgu20171843', 'sgu20171534', 'lightholmes80', 'ahm_kam', 'ahmedqaed33316', 'sgu20181489', 'mohamed_ahmed_kamal', 'aatony', 'zainab2000', 'kamrankardel', 'ahmedaboalftouh15', 'sgu20171556', 'sgu20191490', 'sgu20201443', 'loayabdalla', 'merna1mohamed', 'silkysebum', 'mariamhnmahmed', 'zeyadnar88', 'medomohamed3213', 'bolabolbol832', 'tmdgus4284', 'b715112', 'jskim159', 'sgu20161455', 'sgu20151313', 'sgu20171594', 'abdelrahmanmohyoussef', 'rana_sakr', 'ayman.mahmoud104', 'sgu20201465', 'muhammadshaheen', 'sgu20151447', 'pwrstudent1997', 'goodjh120', 'bebo.w.b', 'sgu20181503', 'mw1155000', 'k4r1m', 'seongshan', 'rlibros', 'sgu20171584', 'sulemansami', 'wjdrms9897', 'sgu20201507', 'amira.mohmeed3', 'sgu20171535', 'lolpeanut', 'onion1228', 'kimjaewook5834', 'yosefsami', 'fatma.ali.2028', 'manar444', 'peikeyi', 'mohameddahy2012', 'omaralzayat2100', 'carolinegirgis20', 'hisham.khaled.ahmed', 's18ud1116022', 'omarahmed', 'janstefanski', 'pij33278', 'omarhesham565', 'ppzmh', 'sgu20181487', 'sgu20170241', 'davidruiz', 'spaget23', 'sa3dmohamedsa3dmohamed12', 'ahmed.tarek', 'sguni20181551', 'selviasnow', 'omarhassanian', 'qkrrjsxor12', 'eslammosllah8', 'sgu20181499', 'sgu20161547', 'sgu20191492', 'sgu20201527', 'sgu20201433', 'chj20151375', 'ahmeed.aly2051', 'mingee0740', 'sgu20161481', 'yoodabin', None, 'nkobayas', 'sgu20181509', 'mmarzouk1809', 'zika144', 'ahmed_khaled_samir', 'mingi1226', 'sgu20171585', 'srholtz57', 'samasarhan', 'b815018', 'sgu20161475', 'rabab1801214', 'ssohila422', 'phidalgo', 'mohamed2001hussein', 'sgu20161537', 'abasu', 'mokamedkh21', 'sgu20181479', 'qudgur96', 'midoashraf88', 'omarmagdy99', 'sgu20171499', 'iamyoussefmohammed', 'sgu20171512', 'sgu20161486', 'joy34box', 'srini.140375', 'shehababaas123', 'essamottoman', 'lyubomyr.nykyruy', 'aksmf98', 'sgu20171350', 'noura.hesham181', 'juambananohub', 'nathangrossmann', 'sukantaswain.rs', 'hazemmohamed3570', 'sgu20201497', 'avraiem1804', 'sgu20191543', 'mgspencer1952', '20ahmedhossam20', 'minamorcos200', 'ahmedsalah_65', 'sgu20181511', 'sgu20151202', 'akersch', 'bodysoly26', 'nourhanhussein156', 'sgu20201475', 'bingsoo', 'sgu20191523', 'sgu20171911', 'mostafa77', 'bguillet', 'duonduon', 'yongin02', 'mohamednader239', 'rexcrusader', 'sgu20151421', 'sgu20181480', 'minsuk', 'sinanaras', 'fatma.hazem19', 'b715052', 'nourhannshafik', 'qjyw1997', 'drseemavats', 'irfanirshad4', 'tafazulijaz1972', 'sgu20171536', 'bassel', 'jatkarmandar123', 'kimdc0134', 'sgu20201531', 'efoster', 'ahmed_nasef', 'sgu20171564', 'sgu20181535', 'sgu20161551', 'bilginomi', 'tkdgjs68', 'ktj08310806', 'sgu20171530', 'sgu20191385', 'abdelrhmantamer', 'sara.adel.84069', 'remongerges74', 'sgu20171551', 'rudtjr987', 'yousefelwalid', 'sgu20171597', 'sgu20171575', 'mikhaaa56', 'radovanovic', 'pgolani22', 'sanghoon21547', 'nadeen2', 'eyadcataract20', 'sgu20171897', 'jonnyi961', 'sgu20201479', 'georgesemi', 'serbulentyildirim', 'thjung', 'sgu20181357', 'martinboules80', 'manarahmad589', 'yossefibr282', 'kyj0603', 'jihongkim', 'xconanx98', 'seokkyu', 'aemad430', 'dafrawy21', 'sgu20171576', 'sgu20201463', 'mahmoududk', 'abaraka279', 'parkinsu', 'skdywaw1', 'kimos32']"
1,450,397,104,1,['sgu20201433'],396,"['sgu20171541', 'beoungwoo', 'sgu20191457', 'sgu20171492', 'shehab2040', 'zadosalah', 'yasmin.eldeep2001', 'ibrahimelgendy95', 'mennaahmed', 'youssef.yasser.eng', 'mazenelaraby9', 'gweihs', 'sgu20151482', 'hadeermuhammed189', 'omarshamekh', 'mahmoudehab30', '3boda2001', 'sgu20192127', 'ascendtobe', 'sgu20192007', 'ibrahimshawky419', 'thanusit', 'islam7769', 'sgu20171513', 'sgu20171503', 'mkmbzm', 'ahmedpro200', 'sgu20171546', 'prakriti', 'walterwagner', 'sgu20161489', 'ahmad2000226', 'sgu20181521', 'sgu20141431', 'sgu20181333', 'fouadamr60', 'radwamohamed2052000', 'sgu20181515', 'salahadel762', 'yaseensalah', 'antlomb', 'sgu20171583', 'sheshtawy898', 'sr7070202', 'sgu20171517', 'marielabravo', 'sgu20171510', 'wlsdn0820', 'om1803173', 'sgu20161526', 'poularizk', 'youssef.amr.ya', 'abdullah.amr.tawheed', 'lets7512', 'midosaies', 'sgu20181583', 'bigwishwing', 'omeg_on', 'nadaelhossainii', 'scratchy', 'ma00yank', 'sgu20181579', 'kimjaeho608', 'sgu20171533', 'nlidgi', 'ahmedkhaledgam', 'sgu20171339', 'sgu20191333', 'mariam.ahmed.2721', 'ittopsk', 'sgu20191487', 'sgu20171553', 'adham.ibrahim.gamil', 'sgu20201459', 'mariammhaanyy', 'tasneemasad19', 'noureldinseddik', 'sgu20171560', 'maiop', 'buggyjuggy', 'nour17', 'tarek.ahmed.hussein99', 'reemmohamed.rm38', 'alialouka2000', 'norhanabdelhafeez4', 'ahmedamer', 'mostafahassan0053', 'sgu20201521', 'sgu20171534', 'ahm_kam', 'aatony', 'merna1mohamed', 'medomohamed3213', 'bolabolbol832', 'tmdgus4284', 'b715112', 'jskim159', 'sgu20161455', 'rana_sakr', 'ayman.mahmoud104', 'sgu20201465', 'muhammadshaheen', 'bebo.w.b', 'sgu20181503', 'mw1155000', 'seongshan', 'rlibros', 'wjdrms9897', 'sgu20201507', 'amira.mohmeed3', 'sgu20171535', 'lolpeanut', 'onion1228', 'kimjaewook5834', 'yosefsami', 'fatma.ali.2028', 'manar444', 'peikeyi', 'mohameddahy2012', 'omaralzayat2100', 'hisham.khaled.ahmed', 's18ud1116022', 'pij33278', 'ppzmh', 'sgu20170241', 'spaget23', 'ahmed.tarek', 'sguni20181551', 'sgu20201527', 'ahmeed.aly2051', 'sgu20181509', 'zika144', 'b815018', 'sgu20161475', 'abasu', 'midoashraf88', 'sgu20171499', 'iamyoussefmohammed', 'sgu20171512', 'sgu20161486', 'joy34box', 'srini.140375', 'lyubomyr.nykyruy', 'nathangrossmann', 'sukantaswain.rs', 'hazemmohamed3570', 'sgu20201497', 'avraiem1804', '20ahmedhossam20', 'ahmedsalah_65', 'bingsoo', 'sgu20171911', 'duonduon', 'sgu20151421', 'sgu20181480', 'sinanaras', 'fatma.hazem19', 'b715052', 'drseemavats', 'irfanirshad4', 'tafazulijaz1972', 'sgu20171536', 'bassel', 'sgu20181535', 'sgu20161551', 'bilginomi', 'ktj08310806', 'sara.adel.84069', 'rudtjr987', 'yousefelwalid', 'sgu20171597', 'sgu20171575', 'sanghoon21547', 'nadeen2', 'eyadcataract20', 'sgu20201479', 'georgesemi', 'thjung', 'martinboules80', 'jihongkim', 'xconanx98', 'aemad430', 'dafrawy21', 'sgu20171576', 'sgu20201463', 'abaraka279', 'sgu20191451', 'muhannadahmmed', 'abdurrahmannasser10', 'eng.ahmed.adel.mourad', 'sgu20191469', 'omarhusseinn.2000', 'amadi.billy', 'akmr1212', 'songhobin', 'sgu20171502', 'sgu20191494', 'ahmed9891', 'pky2237', 'karimsamy', 'sgu20161460', 'b735544', 'ml935450', 'sgu20181551', 'sgu20171523', 'jjh684212', 'sgu20171497', 'sgu20171501', 'sgu20171557', 'ahmedassyk.k', 'osamamohamed666', 'arijit', 'cowaleedtarek', 'sgu20171524', 'suhilaa81', 'aliabdelwhab12', 'rolagerab', 'hck23', 'yasmeenaly99', 'sgu20191509', 'dlstn3460', 'yasminfayed44', 'dlsrb0521', 'pazzaglia.1714292', 'dinaatefff92', 'karim25401', 'elamouro', 'afantoni', 'taegun', 'sgu20171341', 'mth4891', 'eider_aparicio', 'mf2809522', 'sgu20181513', 'sgu20191305', 'seifbibers', 'halynyu', 'sgu20201515', 'sgu20181523', 'drivet927', 'sgu20191489', 'leejongmin', 'sgu20201501', 'sgu20161513', 'billkim', 'manofautumn', 'jihyun', 'abdallahali098321', 'carlosperez', 'jsambeek', 'kinszkola', 'dlrbgur008', 'omarahmed1', 'mostafamahmoud19p9995', 'ucfaly75', 'devesh124', 'bishocasias', 'negeda', 'sgu20161518', 'balter.trujillo', 'tifa004', 'tntjd3007', 'sgu20171521', 'abdelrhmangaber', 'mariamnader', 'sgu20201533', 'rawanhishaam', 'hcha71', 'sgu20191453', 'sgu20171525', 'sgu20201511', 'sgu20191455', 'thanaashabana02', 'danielemad', 'tifa27sherif', 'hyeonho', 'sgu20192113', 'mo32000a', 'gmcho980', 'nohasherif48', 'a01088393779', 'sgu20181557', 'tomas9159', 'sgu20161997', 'sgu20141341', 'sgu20171516', 'amrsamy1072', 'ilgerby', 'sgu20171843', 'lightholmes80', 'ahmedqaed33316', 'sgu20181489', 'mohamed_ahmed_kamal', 'zainab2000', 'kamrankardel', 'ahmedaboalftouh15', 'sgu20171556', 'sgu20191490', 'sgu20201443', 'loayabdalla', 'silkysebum', 'mariamhnmahmed', 'zeyadnar88', 'sgu20151313', 'sgu20171594', 'abdelrahmanmohyoussef', 'sgu20151447', 'pwrstudent1997', 'goodjh120', 'k4r1m', 'sgu20171584', 'sulemansami', 'carolinegirgis20', 'omarahmed', 'janstefanski', 'omarhesham565', 'sgu20181487', 'davidruiz', 'sa3dmohamedsa3dmohamed12', 'selviasnow', 'omarhassanian', 'qkrrjsxor12', 'eslammosllah8', 'sgu20181499', 'sgu20161547', 'sgu20191492', 'chj20151375', 'mingee0740', 'sgu20161481', 'yoodabin', 'nkobayas', 'mmarzouk1809', 'ahmed_khaled_samir', 'mingi1226', 'sgu20171585', 'srholtz57', 'rabab1801214', 'ssohila422', 'phidalgo', 'mohamed2001hussein', 'sgu20161537', 'mokamedkh21', 'sgu20181479', 'qudgur96', 'omarmagdy99', 'shehababaas123', 'essamottoman', 'aksmf98', 'sgu20171350', 'noura.hesham181', 'juambananohub', 'sgu20191543', 'mgspencer1952', 'minamorcos200', 'sgu20181511', 'sgu20151202', 'akersch', 'bodysoly26', 'sgu20201475', 'sgu20191523', 'mostafa77', 'bguillet', 'yongin02', 'mohamednader239', 'rexcrusader', 'minsuk', 'nourhannshafik', 'qjyw1997', 'jatkarmandar123', 'kimdc0134', 'sgu20201531', 'efoster', 'ahmed_nasef', 'sgu20171564', 'tkdgjs68', 'sgu20171530', 'sgu20191385', 'abdelrhmantamer', 'remongerges74', 'sgu20171551', 'mikhaaa56', 'radovanovic', 'pgolani22', 'sgu20171897', 'jonnyi961', 'serbulentyildirim', 'sgu20181357', 'manarahmad589', 'yossefibr282', 'kyj0603', 'seokkyu', 'mahmoududk', 'omarabdelbary', 'parkinsu', 'skdywaw1', 'kimos32']",103,"['zla23', 'kbb00008', 'jayb', 'anva1564', 'sandip83', 'bernd.schoenfelder93', 'danielchun_nanohub', 'btayo202', 'jonahwill992', 'arletteramirez060', 'magiccarpetride', 'tobre1', 'midr8234', 'ojas12', 'vs00016', 'kajagoogoo', 'em3354', 'jongsick', 'faridhudda999', 'jmoodini', 'lmelican', 'carlosa.rios.24', 'mig38011', 'ml4719', 'mi381969', 'krish222', 'snapierjr', 'maycosamuel189739', 'mohmedhosam1986', 'theo61812', 'jyy2138', 'quovadis17', 'lh3116', 'eduardo05', 'ap3924', 'felucco', 'zhang260321', 'shawn2k99', None, 'gulnuravci', 'jungsungbin5210', 'merttuna026', 'furkan.kuruoglu', 'schreib6', 'maf2299', 'ren0225', 'transalper', 'banerjee', 'huntermoorega98', 'agfa192090', 'kmorr171', 'emilianomolinab', 'anettemata', 'gollner.laura', 'kosiunigwe', 'stro1188', 'lylekam99', 'guzkevin', 'rebeccamac127', 'ccanongo12', 'mnmanley23', 'hy2562', 'evelynlhu', 'hj2588', 'vector.wang', 'areda', 'smoon1008', 'jeption2020', 'hannia008', 'cameronframpton', 'alokpradhan001', 'jora5626', 'ethan850', 'mb4884', 'krishna.jhuma17', 'dmaldonado497', 'gamahlstultz', 'mchaudhery13', 'sambabler', 'jjboereau', 'stoneralexis', 'schojoh', 'jimenezph', 'geniuslb12345', 'cosm3320', 'mdt2999h', 'davidmoyo96', 'chco7711', 'onursoysal92', 'ikeachioke99', 'josh_mp5', 'si00003', 'avinash0909123', 'alwa2786', 'asy2126', 'sakshisawai', 'ska2143', 'jrbelt1', 'cogr8767', 'shikhamarwaha', 'sesh9366', 'xg2383', 'ldesanti']",500,"['sgu20171541', 'beoungwoo', 'sgu20191457', 'sgu20191451', 'muhannadahmmed', 'anva1564', 'sgu20171492', 'abdurrahmannasser10', 'eng.ahmed.adel.mourad', 'bernd.schoenfelder93', 'danielchun_nanohub', 'btayo202', 'sgu20191469', 'omarhusseinn.2000', 'shehab2040', 'amadi.billy', 'zadosalah', 'akmr1212', 'songhobin', 'sgu20171502', 'yasmin.eldeep2001', 'sgu20191494', 'ahmed9891', 'arletteramirez060', 'ibrahimelgendy95', 'pky2237', 'magiccarpetride', 'tobre1', 'karimsamy', 'sgu20161460', 'b735544', 'mennaahmed', 'ml935450', 'youssef.yasser.eng', 'sgu20181551', 'sgu20171523', 'mazenelaraby9', 'jjh684212', 'gweihs', 'sgu20151482', 'vs00016', 'kajagoogoo', 'hadeermuhammed189', 'omarshamekh', 'mahmoudehab30', '3boda2001', 'sgu20171497', 'sgu20171501', 'jongsick', 'jmoodini', 'lmelican', 'sgu20192127', 'carlosa.rios.24', 'sgu20171557', 'ahmedassyk.k', 'mi381969', 'osamamohamed666', 'ascendtobe', 'arijit', 'cowaleedtarek', 'ibrahimshawky419', 'sgu20192007', 'thanusit', 'sgu20171524', 'islam7769', 'sgu20171513', 'snapierjr', 'sgu20171503', 'suhilaa81', 'aliabdelwhab12', 'mkmbzm', 'ahmedpro200', 'rolagerab', 'hck23', 'theo61812', 'jyy2138', 'yasmeenaly99', 'sgu20191509', 'sgu20171546', 'prakriti', 'walterwagner', 'dlstn3460', 'yasminfayed44', 'dlsrb0521', 'pazzaglia.1714292', 'sgu20161489', 'dinaatefff92', 'karim25401', 'elamouro', 'ahmad2000226', 'afantoni', 'eduardo05', 'ap3924', 'sgu20181521', 'felucco', 'taegun', 'sgu20141431', 'zhang260321', 'shawn2k99', 'sgu20171341', 'sgu20181333', 'fouadamr60', 'radwamohamed2052000', 'sgu20181515', 'salahadel762', 'mth4891', 'eider_aparicio', 'mf2809522', 'gulnuravci', 'yaseensalah', 'antlomb', 'sgu20181513', 'schreib6', 'sgu20171583', 'sgu20191305', 'seifbibers', 'sr7070202', 'sheshtawy898', 'halynyu', 'sgu20201515', 'transalper', 'banerjee', 'sgu20171517', 'agfa192090', 'marielabravo', 'sgu20181523', 'drivet927', 'sgu20171510', 'sgu20191489', 'wlsdn0820', 'leejongmin', 'om1803173', 'sgu20201501', 'kmorr171', 'sgu20161513', 'billkim', 'emilianomolinab', 'sgu20161526', 'manofautumn', 'jihyun', 'abdallahali098321', 'carlosperez', 'poularizk', 'jsambeek', 'youssef.amr.ya', 'kinszkola', 'abdullah.amr.tawheed', 'dlrbgur008', 'omarahmed1', 'mostafamahmoud19p9995', 'ccanongo12', 'mnmanley23', 'lets7512', 'midosaies', 'ucfaly75', 'hy2562', 'sgu20181583', 'devesh124', 'bigwishwing', 'omeg_on', 'evelynlhu', 'bishocasias', 'negeda', 'vector.wang', 'areda', 'nadaelhossainii', 'sgu20161518', 'smoon1008', 'balter.trujillo', 'jeption2020', 'scratchy', 'tifa004', 'ma00yank', 'cameronframpton', 'sgu20181579', 'alokpradhan001', 'kimjaeho608', 'ethan850', 'mb4884', 'tntjd3007', 'sgu20171533', 'krishna.jhuma17', 'nlidgi', 'dmaldonado497', 'ahmedkhaledgam', 'sgu20171521', 'sgu20171339', 'sgu20191333', 'sambabler', 'abdelrhmangaber', 'mariamnader', 'mariam.ahmed.2721', 'ittopsk', 'sgu20201533', 'rawanhishaam', 'hcha71', 'sgu20191487', 'sgu20191453', 'jjboereau', 'stoneralexis', 'jimenezph', 'cosm3320', 'sgu20171553', 'sgu20171525', 'adham.ibrahim.gamil', 'sgu20201459', 'onursoysal92', 'sgu20201511', 'sgu20191455', 'thanaashabana02', 'ikeachioke99', 'danielemad', 'mariammhaanyy', 'tasneemasad19', 'noureldinseddik', 'sgu20171560', 'si00003', 'tifa27sherif', 'hyeonho', 'sgu20192113', 'mo32000a', 'gmcho980', 'maiop', 'alwa2786', 'nohasherif48', 'buggyjuggy', 'asy2126', 'nour17', 'tarek.ahmed.hussein99', 'reemmohamed.rm38', 'a01088393779', 'omarabdelbary', 'sakshisawai', 'alialouka2000', 'sgu20181557', 'tomas9159', 'norhanabdelhafeez4', 'sgu20161997', 'ahmedamer', 'sgu20141341', 'sgu20171516', 'mostafahassan0053', 'amrsamy1072', 'sgu20201521', 'ska2143', 'ilgerby', 'sgu20171843', 'sgu20171534', 'lightholmes80', 'cogr8767', 'ahm_kam', 'ahmedqaed33316', 'sgu20181489', 'sesh9366', 'xg2383', 'ldesanti', 'mohamed_ahmed_kamal', 'zla23', 'aatony', 'kbb00008', 'jayb', 'zainab2000', 'kamrankardel', 'ahmedaboalftouh15', 'sandip83', 'sgu20171556', 'sgu20191490', 'sgu20201443', 'jonahwill992', 'loayabdalla', 'merna1mohamed', 'silkysebum', 'mariamhnmahmed', 'zeyadnar88', 'medomohamed3213', 'bolabolbol832', 'tmdgus4284', 'b715112', 'jskim159', 'sgu20161455', 'sgu20151313', 'sgu20171594', 'abdelrahmanmohyoussef', 'rana_sakr', 'ayman.mahmoud104', 'sgu20201465', 'midr8234', 'ojas12', 'muhammadshaheen', 'sgu20151447', 'pwrstudent1997', 'goodjh120', 'bebo.w.b', 'em3354', 'sgu20181503', 'faridhudda999', 'mw1155000', 'k4r1m', 'seongshan', 'mig38011', 'ml4719', 'rlibros', 'sgu20171584', 'sulemansami', 'wjdrms9897', 'sgu20201507', 'amira.mohmeed3', 'sgu20171535', 'lolpeanut', 'krish222', 'onion1228', 'kimjaewook5834', 'yosefsami', 'fatma.ali.2028', 'manar444', 'peikeyi', 'mohameddahy2012', 'omaralzayat2100', 'carolinegirgis20', 'hisham.khaled.ahmed', 'maycosamuel189739', 's18ud1116022', 'omarahmed', 'janstefanski', 'mohmedhosam1986', 'pij33278', 'omarhesham565', 'ppzmh', 'quovadis17', 'sgu20181487', 'lh3116', 'sgu20170241', 'davidruiz', 'spaget23', 'sa3dmohamedsa3dmohamed12', 'ahmed.tarek', 'sguni20181551', 'selviasnow', 'omarhassanian', 'qkrrjsxor12', 'eslammosllah8', 'sgu20181499', 'sgu20161547', 'sgu20191492', 'sgu20201527', 'sgu20201433', 'chj20151375', 'ahmeed.aly2051', 'mingee0740', 'sgu20161481', 'yoodabin', None, 'nkobayas', 'sgu20181509', 'mmarzouk1809', 'zika144', 'ahmed_khaled_samir', 'mingi1226', 'sgu20171585', 'jungsungbin5210', 'srholtz57', 'b815018', 'sgu20161475', 'merttuna026', 'rabab1801214', 'ssohila422', 'phidalgo', 'furkan.kuruoglu', 'mohamed2001hussein', 'sgu20161537', 'abasu', 'maf2299', 'ren0225', 'mokamedkh21', 'huntermoorega98', 'anettemata', 'sgu20181479', 'qudgur96', 'midoashraf88', 'omarmagdy99', 'sgu20171499', 'iamyoussefmohammed', 'sgu20171512', 'gollner.laura', 'kosiunigwe', 'stro1188', 'sgu20161486', 'joy34box', 'srini.140375', 'shehababaas123', 'lylekam99', 'essamottoman', 'guzkevin', 'lyubomyr.nykyruy', 'aksmf98', 'sgu20171350', 'noura.hesham181', 'rebeccamac127', 'juambananohub', 'nathangrossmann', 'sukantaswain.rs', 'hazemmohamed3570', 'sgu20201497', 'avraiem1804', 'sgu20191543', 'mgspencer1952', '20ahmedhossam20', 'minamorcos200', 'ahmedsalah_65', 'sgu20181511', 'sgu20151202', 'akersch', 'bodysoly26', 'hj2588', 'sgu20201475', 'bingsoo', 'sgu20191523', 'sgu20171911', 'hannia008', 'jora5626', 'mostafa77', 'bguillet', 'duonduon', 'yongin02', 'mohamednader239', 'rexcrusader', 'sgu20151421', 'sgu20181480', 'minsuk', 'sinanaras', 'fatma.hazem19', 'b715052', 'nourhannshafik', 'qjyw1997', 'gamahlstultz', 'drseemavats', 'irfanirshad4', 'tafazulijaz1972', 'sgu20171536', 'bassel', 'jatkarmandar123', 'kimdc0134', 'mchaudhery13', 'sgu20201531', 'efoster', 'ahmed_nasef', 'schojoh', 'mdt2999h', 'geniuslb12345', 'sgu20171564', 'davidmoyo96', 'sgu20181535', 'chco7711', 'sgu20161551', 'bilginomi', 'tkdgjs68', 'ktj08310806', 'sgu20171530', 'sgu20191385', 'abdelrhmantamer', 'sara.adel.84069', 'remongerges74', 'sgu20171551', 'rudtjr987', 'yousefelwalid', 'sgu20171597', 'sgu20171575', 'mikhaaa56', 'radovanovic', 'pgolani22', 'sanghoon21547', 'josh_mp5', 'nadeen2', 'eyadcataract20', 'sgu20171897', 'jonnyi961', 'sgu20201479', 'avinash0909123', 'georgesemi', 'serbulentyildirim', 'thjung', 'sgu20181357', 'martinboules80', 'manarahmad589', 'yossefibr282', 'kyj0603', 'jihongkim', 'xconanx98', 'seokkyu', 'aemad430', 'dafrawy21', 'sgu20171576', 'sgu20201463', 'mahmoududk', 'jrbelt1', 'abaraka279', 'parkinsu', 'shikhamarwaha', 'skdywaw1', 'kimos32']"
1,464,397,60,33,"['mohamed_ahmed_kamal', 'carolinegirgis20', 'sgu20171339', 'drivet927', 'kimdc0134', 'sgu20201501', 'mkmbzm', 'abdelrhmangaber', 'billkim', 'rolagerab', 'rawanhishaam', 'medomohamed3213', 'sgu20191385', 'ahmed9891', 'sa3dmohamedsa3dmohamed12', 'yousefelwalid', 'abdelrahmanmohyoussef', 'rana_sakr', 'ayman.mahmoud104', 'tifa27sherif', 'sgu20171341', 'sgu20201433', 'sgu20192113', 'sgu20181503', 'ahmedsalah_65', 'mahmoudehab30', 'tarek.ahmed.hussein99', 'zika144', 'ahmedamer', 'dafrawy21', 'sgu20201463', 'ssohila422', 'kimos32']",364,"['sgu20171541', 'beoungwoo', 'sgu20191457', 'sgu20191451', 'muhannadahmmed', 'sgu20171492', 'abdurrahmannasser10', 'eng.ahmed.adel.mourad', 'sgu20191469', 'omarhusseinn.2000', 'shehab2040', 'amadi.billy', 'zadosalah', 'akmr1212', 'songhobin', 'sgu20171502', 'yasmin.eldeep2001', 'sgu20191494', 'ibrahimelgendy95', 'pky2237', 'karimsamy', 'sgu20161460', 'b735544', 'mennaahmed', 'ml935450', 'youssef.yasser.eng', 'sgu20181551', 'sgu20171523', 'mazenelaraby9', 'jjh684212', 'gweihs', 'sgu20151482', 'hadeermuhammed189', 'omarshamekh', '3boda2001', 'sgu20171497', 'sgu20171501', 'sgu20192127', 'sgu20171557', 'ahmedassyk.k', 'osamamohamed666', 'ascendtobe', 'arijit', 'cowaleedtarek', 'ibrahimshawky419', 'sgu20192007', 'thanusit', 'sgu20171524', 'islam7769', 'sgu20171513', 'sgu20171503', 'suhilaa81', 'aliabdelwhab12', 'ahmedpro200', 'hck23', 'yasmeenaly99', 'sgu20191509', 'sgu20171546', 'prakriti', 'walterwagner', 'dlstn3460', 'yasminfayed44', 'dlsrb0521', 'pazzaglia.1714292', 'sgu20161489', 'dinaatefff92', 'karim25401', 'elamouro', 'ahmad2000226', 'afantoni', 'sgu20181521', 'taegun', 'sgu20141431', 'sgu20181333', 'fouadamr60', 'radwamohamed2052000', 'sgu20181515', 'salahadel762', 'mth4891', 'eider_aparicio', 'mf2809522', 'yaseensalah', 'antlomb', 'sgu20181513', 'sgu20171583', 'sgu20191305', 'seifbibers', 'sr7070202', 'sheshtawy898', 'halynyu', 'sgu20201515', 'sgu20171517', 'marielabravo', 'sgu20181523', 'sgu20171510', 'sgu20191489', 'wlsdn0820', 'leejongmin', 'om1803173', 'sgu20161513', 'sgu20161526', 'manofautumn', 'jihyun', 'abdallahali098321', 'carlosperez', 'poularizk', 'jsambeek', 'youssef.amr.ya', 'kinszkola', 'abdullah.amr.tawheed', 'dlrbgur008', 'omarahmed1', 'mostafamahmoud19p9995', 'lets7512', 'midosaies', 'ucfaly75', 'sgu20181583', 'devesh124', 'bigwishwing', 'omeg_on', 'bishocasias', 'negeda', 'nadaelhossainii', 'sgu20161518', 'balter.trujillo', 'scratchy', 'tifa004', 'ma00yank', 'sgu20181579', 'kimjaeho608', 'tntjd3007', 'sgu20171533', 'nlidgi', 'ahmedkhaledgam', 'sgu20171521', 'sgu20191333', 'mariamnader', 'mariam.ahmed.2721', 'ittopsk', 'sgu20201533', 'hcha71', 'sgu20191487', 'sgu20191453', 'sgu20171553', 'sgu20171525', 'adham.ibrahim.gamil', 'sgu20201459', 'sgu20201511', 'sgu20191455', 'thanaashabana02', 'danielemad', 'mariammhaanyy', 'tasneemasad19', 'noureldinseddik', 'sgu20171560', 'hyeonho', 'mo32000a', 'gmcho980', 'maiop', 'nohasherif48', 'buggyjuggy', 'nour17', 'reemmohamed.rm38', 'a01088393779', 'omarabdelbary', 'alialouka2000', 'sgu20181557', 'tomas9159', 'norhanabdelhafeez4', 'sgu20161997', 'sgu20141341', 'sgu20171516', 'mostafahassan0053', 'amrsamy1072', 'sgu20201521', 'ilgerby', 'sgu20171843', 'sgu20171534', 'lightholmes80', 'ahm_kam', 'ahmedqaed33316', 'sgu20181489', 'aatony', 'zainab2000', 'kamrankardel', 'ahmedaboalftouh15', 'sgu20171556', 'sgu20191490', 'sgu20201443', 'loayabdalla', 'merna1mohamed', 'silkysebum', 'mariamhnmahmed', 'zeyadnar88', 'bolabolbol832', 'tmdgus4284', 'b715112', 'jskim159', 'sgu20161455', 'sgu20151313', 'sgu20171594', 'sgu20201465', 'muhammadshaheen', 'sgu20151447', 'pwrstudent1997', 'goodjh120', 'bebo.w.b', 'mw1155000', 'k4r1m', 'seongshan', 'rlibros', 'sgu20171584', 'sulemansami', 'wjdrms9897', 'sgu20201507', 'amira.mohmeed3', 'sgu20171535', 'lolpeanut', 'onion1228', 'kimjaewook5834', 'yosefsami', 'fatma.ali.2028', 'manar444', 'peikeyi', 'mohameddahy2012', 'omaralzayat2100', 'hisham.khaled.ahmed', 's18ud1116022', 'omarahmed', 'janstefanski', 'pij33278', 'omarhesham565', 'ppzmh', 'sgu20181487', 'sgu20170241', 'davidruiz', 'spaget23', 'ahmed.tarek', 'sguni20181551', 'selviasnow', 'omarhassanian', 'qkrrjsxor12', 'eslammosllah8', 'sgu20181499', 'sgu20161547', 'sgu20191492', 'sgu20201527', 'chj20151375', 'ahmeed.aly2051', 'mingee0740', 'sgu20161481', 'yoodabin', 'nkobayas', 'sgu20181509', 'mmarzouk1809', 'ahmed_khaled_samir', 'mingi1226', 'sgu20171585', 'srholtz57', 'b815018', 'sgu20161475', 'rabab1801214', 'phidalgo', 'mohamed2001hussein', 'sgu20161537', 'abasu', 'mokamedkh21', 'sgu20181479', 'qudgur96', 'midoashraf88', 'omarmagdy99', 'sgu20171499', 'iamyoussefmohammed', 'sgu20171512', 'sgu20161486', 'joy34box', 'srini.140375', 'shehababaas123', 'essamottoman', 'lyubomyr.nykyruy', 'aksmf98', 'sgu20171350', 'noura.hesham181', 'juambananohub', 'nathangrossmann', 'sukantaswain.rs', 'hazemmohamed3570', 'sgu20201497', 'avraiem1804', 'sgu20191543', 'mgspencer1952', '20ahmedhossam20', 'minamorcos200', 'sgu20181511', 'sgu20151202', 'akersch', 'bodysoly26', 'sgu20201475', 'bingsoo', 'sgu20191523', 'sgu20171911', 'mostafa77', 'bguillet', 'duonduon', 'yongin02', 'mohamednader239', 'rexcrusader', 'sgu20151421', 'sgu20181480', 'minsuk', 'sinanaras', 'fatma.hazem19', 'b715052', 'nourhannshafik', 'qjyw1997', 'drseemavats', 'irfanirshad4', 'tafazulijaz1972', 'sgu20171536', 'bassel', 'jatkarmandar123', 'sgu20201531', 'efoster', 'ahmed_nasef', 'sgu20171564', 'sgu20181535', 'sgu20161551', 'bilginomi', 'tkdgjs68', 'ktj08310806', 'sgu20171530', 'abdelrhmantamer', 'sara.adel.84069', 'remongerges74', 'sgu20171551', 'rudtjr987', 'sgu20171597', 'sgu20171575', 'mikhaaa56', 'radovanovic', 'pgolani22', 'sanghoon21547', 'nadeen2', 'eyadcataract20', 'sgu20171897', 'jonnyi961', 'sgu20201479', 'georgesemi', 'serbulentyildirim', 'thjung', 'sgu20181357', 'martinboules80', 'manarahmad589', 'yossefibr282', 'kyj0603', 'jihongkim', 'xconanx98', 'seokkyu', 'aemad430', 'sgu20171576', 'mahmoududk', 'abaraka279', 'parkinsu', 'skdywaw1']",27,"['lado.filipovic', 'gekco', 'chinnery', 'mohmedhosam1986', 'bernd.schoenfelder93', 'schojoh', 'gollner.laura', 'luca.cappelletto.1', 'augustm706', 'knavid', 'sakethchandra', 'conch9674', 'alessandro.pilotto', 'pboix', 'memc6367', 'matteo.bono01', 'zhang260321', 'mohammedkaramali1', 'yasmeen44', 'avinash0909123', 'rxpeng97', 'kimgyu', None, 'dinu', 'albertogc2211', 'jungsungbin5210', 'egraugnard']",424,"['sgu20171541', 'beoungwoo', 'sgu20191457', 'sgu20191451', 'muhannadahmmed', 'sgu20171492', 'abdurrahmannasser10', 'eng.ahmed.adel.mourad', 'bernd.schoenfelder93', 'sgu20191469', 'omarhusseinn.2000', 'shehab2040', 'amadi.billy', 'zadosalah', 'akmr1212', 'songhobin', 'sgu20171502', 'yasmin.eldeep2001', 'sgu20191494', 'ahmed9891', 'ibrahimelgendy95', 'pky2237', 'karimsamy', 'sgu20161460', 'b735544', 'mennaahmed', 'ml935450', 'youssef.yasser.eng', 'memc6367', 'sgu20181551', 'sgu20171523', 'mazenelaraby9', 'jjh684212', 'gweihs', 'sgu20151482', 'mohammedkaramali1', 'hadeermuhammed189', 'omarshamekh', 'mahmoudehab30', '3boda2001', 'sgu20171497', 'sgu20171501', 'dinu', 'sgu20192127', 'sgu20171557', 'ahmedassyk.k', 'osamamohamed666', 'ascendtobe', 'arijit', 'cowaleedtarek', 'ibrahimshawky419', 'sgu20192007', 'thanusit', 'sgu20171524', 'islam7769', 'sgu20171513', 'sgu20171503', 'suhilaa81', 'aliabdelwhab12', 'mkmbzm', 'ahmedpro200', 'rolagerab', 'hck23', 'yasmeenaly99', 'sgu20191509', 'sgu20171546', 'prakriti', 'walterwagner', 'dlstn3460', 'sakethchandra', 'conch9674', 'yasminfayed44', 'dlsrb0521', 'pazzaglia.1714292', 'sgu20161489', 'dinaatefff92', 'karim25401', 'elamouro', 'ahmad2000226', 'afantoni', 'sgu20181521', 'taegun', 'sgu20141431', 'zhang260321', 'sgu20171341', 'sgu20181333', 'fouadamr60', 'radwamohamed2052000', 'sgu20181515', 'salahadel762', 'mth4891', 'albertogc2211', 'eider_aparicio', 'mf2809522', 'yaseensalah', 'antlomb', 'sgu20181513', 'sgu20171583', 'sgu20191305', 'seifbibers', 'sr7070202', 'sheshtawy898', 'halynyu', 'sgu20201515', 'lado.filipovic', 'gekco', 'sgu20171517', 'marielabravo', 'sgu20181523', 'drivet927', 'sgu20171510', 'sgu20191489', 'wlsdn0820', 'leejongmin', 'om1803173', 'sgu20201501', 'sgu20161513', 'billkim', 'sgu20161526', 'manofautumn', 'jihyun', 'abdallahali098321', 'carlosperez', 'poularizk', 'jsambeek', 'youssef.amr.ya', 'kinszkola', 'abdullah.amr.tawheed', 'dlrbgur008', 'omarahmed1', 'mostafamahmoud19p9995', 'alessandro.pilotto', 'lets7512', 'midosaies', 'ucfaly75', 'sgu20181583', 'devesh124', 'bigwishwing', 'omeg_on', 'bishocasias', 'negeda', 'nadaelhossainii', 'sgu20161518', 'balter.trujillo', 'scratchy', 'tifa004', 'ma00yank', 'sgu20181579', 'kimjaeho608', 'tntjd3007', 'sgu20171533', 'nlidgi', 'ahmedkhaledgam', 'sgu20171521', 'sgu20171339', 'sgu20191333', 'abdelrhmangaber', 'mariamnader', 'mariam.ahmed.2721', 'ittopsk', 'sgu20201533', 'rawanhishaam', 'hcha71', 'sgu20191487', 'sgu20191453', 'sgu20171553', 'sgu20171525', 'adham.ibrahim.gamil', 'sgu20201459', 'sgu20201511', 'sgu20191455', 'thanaashabana02', 'danielemad', 'mariammhaanyy', 'tasneemasad19', 'noureldinseddik', 'sgu20171560', 'tifa27sherif', 'hyeonho', 'sgu20192113', 'mo32000a', 'gmcho980', 'maiop', 'nohasherif48', 'buggyjuggy', 'nour17', 'tarek.ahmed.hussein99', 'reemmohamed.rm38', 'a01088393779', 'omarabdelbary', 'alialouka2000', 'sgu20181557', 'tomas9159', 'norhanabdelhafeez4', 'sgu20161997', 'ahmedamer', 'sgu20141341', 'sgu20171516', 'mostafahassan0053', 'amrsamy1072', 'sgu20201521', 'ilgerby', 'sgu20171843', 'sgu20171534', 'lightholmes80', 'ahm_kam', 'ahmedqaed33316', 'sgu20181489', 'mohamed_ahmed_kamal', 'aatony', 'zainab2000', 'kamrankardel', 'ahmedaboalftouh15', 'chinnery', 'sgu20171556', 'sgu20191490', 'sgu20201443', 'augustm706', 'loayabdalla', 'merna1mohamed', 'silkysebum', 'mariamhnmahmed', 'zeyadnar88', 'medomohamed3213', 'bolabolbol832', 'tmdgus4284', 'b715112', 'jskim159', 'sgu20161455', 'sgu20151313', 'sgu20171594', 'abdelrahmanmohyoussef', 'rana_sakr', 'ayman.mahmoud104', 'sgu20201465', 'matteo.bono01', 'muhammadshaheen', 'sgu20151447', 'yasmeen44', 'pwrstudent1997', 'goodjh120', 'bebo.w.b', 'sgu20181503', 'mw1155000', 'k4r1m', 'seongshan', 'rlibros', 'sgu20171584', 'sulemansami', 'wjdrms9897', 'sgu20201507', 'amira.mohmeed3', 'sgu20171535', 'lolpeanut', 'onion1228', 'kimjaewook5834', 'yosefsami', 'fatma.ali.2028', 'manar444', 'peikeyi', 'mohameddahy2012', 'omaralzayat2100', 'carolinegirgis20', 'hisham.khaled.ahmed', 's18ud1116022', 'omarahmed', 'janstefanski', 'mohmedhosam1986', 'pij33278', 'omarhesham565', 'ppzmh', 'luca.cappelletto.1', 'sgu20181487', 'sgu20170241', 'davidruiz', 'spaget23', 'sa3dmohamedsa3dmohamed12', 'ahmed.tarek', 'sguni20181551', 'selviasnow', 'omarhassanian', 'qkrrjsxor12', 'eslammosllah8', 'sgu20181499', 'sgu20161547', 'sgu20191492', 'sgu20201527', 'sgu20201433', 'chj20151375', 'ahmeed.aly2051', 'mingee0740', 'sgu20161481', 'yoodabin', None, 'nkobayas', 'sgu20181509', 'mmarzouk1809', 'zika144', 'ahmed_khaled_samir', 'mingi1226', 'sgu20171585', 'jungsungbin5210', 'srholtz57', 'b815018', 'sgu20161475', 'rabab1801214', 'ssohila422', 'phidalgo', 'mohamed2001hussein', 'sgu20161537', 'abasu', 'mokamedkh21', 'sgu20181479', 'qudgur96', 'midoashraf88', 'omarmagdy99', 'sgu20171499', 'iamyoussefmohammed', 'sgu20171512', 'gollner.laura', 'sgu20161486', 'joy34box', 'knavid', 'srini.140375', 'shehababaas123', 'essamottoman', 'lyubomyr.nykyruy', 'aksmf98', 'sgu20171350', 'noura.hesham181', 'juambananohub', 'nathangrossmann', 'sukantaswain.rs', 'hazemmohamed3570', 'sgu20201497', 'avraiem1804', 'sgu20191543', 'mgspencer1952', '20ahmedhossam20', 'minamorcos200', 'ahmedsalah_65', 'sgu20181511', 'sgu20151202', 'akersch', 'bodysoly26', 'rxpeng97', 'kimgyu', 'sgu20201475', 'bingsoo', 'sgu20191523', 'sgu20171911', 'mostafa77', 'bguillet', 'duonduon', 'yongin02', 'mohamednader239', 'rexcrusader', 'sgu20151421', 'sgu20181480', 'minsuk', 'sinanaras', 'fatma.hazem19', 'b715052', 'nourhannshafik', 'qjyw1997', 'drseemavats', 'irfanirshad4', 'tafazulijaz1972', 'sgu20171536', 'bassel', 'jatkarmandar123', 'kimdc0134', 'sgu20201531', 'efoster', 'ahmed_nasef', 'schojoh', 'sgu20171564', 'sgu20181535', 'sgu20161551', 'bilginomi', 'tkdgjs68', 'ktj08310806', 'sgu20171530', 'sgu20191385', 'abdelrhmantamer', 'sara.adel.84069', 'remongerges74', 'sgu20171551', 'rudtjr987', 'yousefelwalid', 'sgu20171597', 'sgu20171575', 'mikhaaa56', 'radovanovic', 'pgolani22', 'sanghoon21547', 'pboix', 'nadeen2', 'eyadcataract20', 'sgu20171897', 'jonnyi961', 'sgu20201479', 'avinash0909123', 'georgesemi', 'serbulentyildirim', 'thjung', 'sgu20181357', 'martinboules80', 'manarahmad589', 'yossefibr282', 'kyj0603', 'jihongkim', 'xconanx98', 'seokkyu', 'aemad430', 'dafrawy21', 'sgu20171576', 'sgu20201463', 'mahmoududk', 'egraugnard', 'abaraka279', 'parkinsu', 'skdywaw1', 'kimos32']"
1,422,397,44,40,"['mohamed_ahmed_kamal', 'yosefsami', 'carolinegirgis20', 'omaralzayat2100', 'ahmedqaed33316', 'om1803173', 'omarahmed', 'rolagerab', 'rawanhishaam', 'omarhesham565', 'yasmeenaly99', 'shehab2040', 'medomohamed3213', 'bolabolbol832', 'remongerges74', 'sa3dmohamedsa3dmohamed12', 'noura.hesham181', 'yousefelwalid', 'karimsamy', 'abdelrahmanmohyoussef', 'rana_sakr', 'ayman.mahmoud104', 'tifa27sherif', 'georgesemi', '20ahmedhossam20', 'bishocasias', 'ahmedsalah_65', 'mahmoudehab30', 'tarek.ahmed.hussein99', 'reemmohamed.rm38', 'nadaelhossainii', 'alialouka2000', 'ahmed_khaled_samir', 'ahmedamer', 'aemad430', 'dafrawy21', 'kimos32', 'ssohila422', 'abaraka279', 'ibrahimshawky419']",357,"['sgu20171541', 'beoungwoo', 'sgu20191457', 'sgu20191451', 'muhannadahmmed', 'sgu20171492', 'abdurrahmannasser10', 'eng.ahmed.adel.mourad', 'sgu20191469', 'omarhusseinn.2000', 'amadi.billy', 'zadosalah', 'akmr1212', 'songhobin', 'sgu20171502', 'yasmin.eldeep2001', 'sgu20191494', 'ahmed9891', 'ibrahimelgendy95', 'pky2237', 'sgu20161460', 'b735544', 'mennaahmed', 'ml935450', 'youssef.yasser.eng', 'sgu20181551', 'sgu20171523', 'mazenelaraby9', 'jjh684212', 'gweihs', 'sgu20151482', 'hadeermuhammed189', 'omarshamekh', '3boda2001', 'sgu20171497', 'sgu20171501', 'sgu20192127', 'sgu20171557', 'ahmedassyk.k', 'osamamohamed666', 'ascendtobe', 'arijit', 'cowaleedtarek', 'sgu20192007', 'thanusit', 'sgu20171524', 'islam7769', 'sgu20171513', 'sgu20171503', 'suhilaa81', 'aliabdelwhab12', 'mkmbzm', 'ahmedpro200', 'hck23', 'sgu20191509', 'sgu20171546', 'prakriti', 'walterwagner', 'dlstn3460', 'yasminfayed44', 'dlsrb0521', 'pazzaglia.1714292', 'sgu20161489', 'dinaatefff92', 'karim25401', 'elamouro', 'ahmad2000226', 'afantoni', 'sgu20181521', 'taegun', 'sgu20141431', 'sgu20171341', 'sgu20181333', 'fouadamr60', 'radwamohamed2052000', 'sgu20181515', 'salahadel762', 'mth4891', 'eider_aparicio', 'mf2809522', 'yaseensalah', 'antlomb', 'sgu20181513', 'sgu20171583', 'sgu20191305', 'seifbibers', 'sr7070202', 'sheshtawy898', 'halynyu', 'sgu20201515', 'sgu20171517', 'marielabravo', 'sgu20181523', 'drivet927', 'sgu20171510', 'sgu20191489', 'wlsdn0820', 'leejongmin', 'sgu20201501', 'sgu20161513', 'billkim', 'sgu20161526', 'manofautumn', 'jihyun', 'abdallahali098321', 'carlosperez', 'poularizk', 'jsambeek', 'youssef.amr.ya', 'kinszkola', 'abdullah.amr.tawheed', 'dlrbgur008', 'omarahmed1', 'mostafamahmoud19p9995', 'lets7512', 'midosaies', 'ucfaly75', 'sgu20181583', 'devesh124', 'bigwishwing', 'omeg_on', 'negeda', 'sgu20161518', 'balter.trujillo', 'scratchy', 'tifa004', 'ma00yank', 'sgu20181579', 'kimjaeho608', 'tntjd3007', 'sgu20171533', 'nlidgi', 'ahmedkhaledgam', 'sgu20171521', 'sgu20171339', 'sgu20191333', 'abdelrhmangaber', 'mariamnader', 'mariam.ahmed.2721', 'ittopsk', 'sgu20201533', 'hcha71', 'sgu20191487', 'sgu20191453', 'sgu20171553', 'sgu20171525', 'adham.ibrahim.gamil', 'sgu20201459', 'sgu20201511', 'sgu20191455', 'thanaashabana02', 'danielemad', 'mariammhaanyy', 'tasneemasad19', 'noureldinseddik', 'sgu20171560', 'hyeonho', 'sgu20192113', 'mo32000a', 'gmcho980', 'maiop', 'nohasherif48', 'buggyjuggy', 'nour17', 'a01088393779', 'omarabdelbary', 'sgu20181557', 'tomas9159', 'norhanabdelhafeez4', 'sgu20161997', 'sgu20141341', 'sgu20171516', 'mostafahassan0053', 'amrsamy1072', 'sgu20201521', 'ilgerby', 'sgu20171843', 'sgu20171534', 'lightholmes80', 'ahm_kam', 'sgu20181489', 'aatony', 'zainab2000', 'kamrankardel', 'ahmedaboalftouh15', 'sgu20171556', 'sgu20191490', 'sgu20201443', 'loayabdalla', 'merna1mohamed', 'silkysebum', 'mariamhnmahmed', 'zeyadnar88', 'tmdgus4284', 'b715112', 'jskim159', 'sgu20161455', 'sgu20151313', 'sgu20171594', 'sgu20201465', 'muhammadshaheen', 'sgu20151447', 'pwrstudent1997', 'goodjh120', 'bebo.w.b', 'sgu20181503', 'mw1155000', 'k4r1m', 'seongshan', 'rlibros', 'sgu20171584', 'sulemansami', 'wjdrms9897', 'sgu20201507', 'amira.mohmeed3', 'sgu20171535', 'lolpeanut', 'onion1228', 'kimjaewook5834', 'fatma.ali.2028', 'manar444', 'peikeyi', 'mohameddahy2012', 'hisham.khaled.ahmed', 's18ud1116022', 'janstefanski', 'pij33278', 'ppzmh', 'sgu20181487', 'sgu20170241', 'davidruiz', 'spaget23', 'ahmed.tarek', 'sguni20181551', 'selviasnow', 'omarhassanian', 'qkrrjsxor12', 'eslammosllah8', 'sgu20181499', 'sgu20161547', 'sgu20191492', 'sgu20201527', 'sgu20201433', 'chj20151375', 'ahmeed.aly2051', 'mingee0740', 'sgu20161481', 'yoodabin', 'nkobayas', 'sgu20181509', 'mmarzouk1809', 'zika144', 'mingi1226', 'sgu20171585', 'srholtz57', 'b815018', 'sgu20161475', 'rabab1801214', 'phidalgo', 'mohamed2001hussein', 'sgu20161537', 'abasu', 'mokamedkh21', 'sgu20181479', 'qudgur96', 'midoashraf88', 'omarmagdy99', 'sgu20171499', 'iamyoussefmohammed', 'sgu20171512', 'sgu20161486', 'joy34box', 'srini.140375', 'shehababaas123', 'essamottoman', 'lyubomyr.nykyruy', 'aksmf98', 'sgu20171350', 'juambananohub', 'nathangrossmann', 'sukantaswain.rs', 'hazemmohamed3570', 'sgu20201497', 'avraiem1804', 'sgu20191543', 'mgspencer1952', 'minamorcos200', 'sgu20181511', 'sgu20151202', 'akersch', 'bodysoly26', 'sgu20201475', 'bingsoo', 'sgu20191523', 'sgu20171911', 'mostafa77', 'bguillet', 'duonduon', 'yongin02', 'mohamednader239', 'rexcrusader', 'sgu20151421', 'sgu20181480', 'minsuk', 'sinanaras', 'fatma.hazem19', 'b715052', 'nourhannshafik', 'qjyw1997', 'drseemavats', 'irfanirshad4', 'tafazulijaz1972', 'sgu20171536', 'bassel', 'jatkarmandar123', 'kimdc0134', 'sgu20201531', 'efoster', 'ahmed_nasef', 'sgu20171564', 'sgu20181535', 'sgu20161551', 'bilginomi', 'tkdgjs68', 'ktj08310806', 'sgu20171530', 'sgu20191385', 'abdelrhmantamer', 'sara.adel.84069', 'sgu20171551', 'rudtjr987', 'sgu20171597', 'sgu20171575', 'mikhaaa56', 'radovanovic', 'pgolani22', 'sanghoon21547', 'nadeen2', 'eyadcataract20', 'sgu20171897', 'jonnyi961', 'sgu20201479', 'serbulentyildirim', 'thjung', 'sgu20181357', 'martinboules80', 'manarahmad589', 'yossefibr282', 'kyj0603', 'jihongkim', 'xconanx98', 'seokkyu', 'sgu20171576', 'sgu20201463', 'mahmoududk', 'parkinsu', 'skdywaw1']",4,"['mat3ellimeen75', None, 'nourhanhussein156', 'mohammedkaramali1']",401,"['sgu20171541', 'beoungwoo', 'sgu20191457', 'sgu20191451', 'muhannadahmmed', 'sgu20171492', 'abdurrahmannasser10', 'eng.ahmed.adel.mourad', 'sgu20191469', 'omarhusseinn.2000', 'shehab2040', 'amadi.billy', 'zadosalah', 'akmr1212', 'songhobin', 'sgu20171502', 'yasmin.eldeep2001', 'sgu20191494', 'ahmed9891', 'ibrahimelgendy95', 'pky2237', 'karimsamy', 'sgu20161460', 'b735544', 'mennaahmed', 'ml935450', 'youssef.yasser.eng', 'sgu20181551', 'sgu20171523', 'mazenelaraby9', 'jjh684212', 'gweihs', 'sgu20151482', 'mohammedkaramali1', 'hadeermuhammed189', 'omarshamekh', 'mahmoudehab30', '3boda2001', 'sgu20171497', 'sgu20171501', 'sgu20192127', 'sgu20171557', 'ahmedassyk.k', 'osamamohamed666', 'ascendtobe', 'arijit', 'cowaleedtarek', 'ibrahimshawky419', 'sgu20192007', 'thanusit', 'sgu20171524', 'islam7769', 'sgu20171513', 'sgu20171503', 'suhilaa81', 'aliabdelwhab12', 'mkmbzm', 'ahmedpro200', 'rolagerab', 'hck23', 'yasmeenaly99', 'sgu20191509', 'sgu20171546', 'prakriti', 'walterwagner', 'dlstn3460', 'yasminfayed44', 'dlsrb0521', 'pazzaglia.1714292', 'sgu20161489', 'dinaatefff92', 'karim25401', 'elamouro', 'ahmad2000226', 'afantoni', 'sgu20181521', 'taegun', 'sgu20141431', 'sgu20171341', 'sgu20181333', 'fouadamr60', 'radwamohamed2052000', 'sgu20181515', 'salahadel762', 'mth4891', 'eider_aparicio', 'mf2809522', 'yaseensalah', 'antlomb', 'sgu20181513', 'sgu20171583', 'sgu20191305', 'seifbibers', 'sr7070202', 'sheshtawy898', 'halynyu', 'sgu20201515', 'sgu20171517', 'marielabravo', 'sgu20181523', 'drivet927', 'sgu20171510', 'sgu20191489', 'wlsdn0820', 'leejongmin', 'om1803173', 'sgu20201501', 'sgu20161513', 'billkim', 'sgu20161526', 'manofautumn', 'jihyun', 'abdallahali098321', 'carlosperez', 'poularizk', 'jsambeek', 'youssef.amr.ya', 'kinszkola', 'abdullah.amr.tawheed', 'dlrbgur008', 'omarahmed1', 'mostafamahmoud19p9995', 'lets7512', 'midosaies', 'ucfaly75', 'sgu20181583', 'devesh124', 'bigwishwing', 'omeg_on', 'bishocasias', 'negeda', 'nadaelhossainii', 'sgu20161518', 'balter.trujillo', 'scratchy', 'tifa004', 'ma00yank', 'sgu20181579', 'kimjaeho608', 'tntjd3007', 'sgu20171533', 'nlidgi', 'ahmedkhaledgam', 'sgu20171521', 'sgu20171339', 'sgu20191333', 'abdelrhmangaber', 'mariamnader', 'mariam.ahmed.2721', 'ittopsk', 'sgu20201533', 'rawanhishaam', 'hcha71', 'sgu20191487', 'sgu20191453', 'mat3ellimeen75', 'sgu20171553', 'sgu20171525', 'adham.ibrahim.gamil', 'sgu20201459', 'sgu20201511', 'sgu20191455', 'thanaashabana02', 'danielemad', 'mariammhaanyy', 'tasneemasad19', 'noureldinseddik', 'sgu20171560', 'tifa27sherif', 'hyeonho', 'sgu20192113', 'mo32000a', 'gmcho980', 'maiop', 'nohasherif48', 'buggyjuggy', 'nour17', 'tarek.ahmed.hussein99', 'reemmohamed.rm38', 'a01088393779', 'omarabdelbary', 'alialouka2000', 'sgu20181557', 'tomas9159', 'norhanabdelhafeez4', 'sgu20161997', 'ahmedamer', 'sgu20141341', 'sgu20171516', 'mostafahassan0053', 'amrsamy1072', 'sgu20201521', 'ilgerby', 'sgu20171843', 'sgu20171534', 'lightholmes80', 'ahm_kam', 'ahmedqaed33316', 'sgu20181489', 'mohamed_ahmed_kamal', 'aatony', 'zainab2000', 'kamrankardel', 'ahmedaboalftouh15', 'sgu20171556', 'sgu20191490', 'sgu20201443', 'loayabdalla', 'merna1mohamed', 'silkysebum', 'mariamhnmahmed', 'zeyadnar88', 'medomohamed3213', 'bolabolbol832', 'tmdgus4284', 'b715112', 'jskim159', 'sgu20161455', 'sgu20151313', 'sgu20171594', 'abdelrahmanmohyoussef', 'rana_sakr', 'ayman.mahmoud104', 'sgu20201465', 'muhammadshaheen', 'sgu20151447', 'pwrstudent1997', 'goodjh120', 'bebo.w.b', 'sgu20181503', 'mw1155000', 'k4r1m', 'seongshan', 'rlibros', 'sgu20171584', 'sulemansami', 'wjdrms9897', 'sgu20201507', 'amira.mohmeed3', 'sgu20171535', 'lolpeanut', 'onion1228', 'kimjaewook5834', 'yosefsami', 'fatma.ali.2028', 'manar444', 'peikeyi', 'mohameddahy2012', 'omaralzayat2100', 'carolinegirgis20', 'hisham.khaled.ahmed', 's18ud1116022', 'omarahmed', 'janstefanski', 'pij33278', 'omarhesham565', 'ppzmh', 'sgu20181487', 'sgu20170241', 'davidruiz', 'spaget23', 'sa3dmohamedsa3dmohamed12', 'ahmed.tarek', 'sguni20181551', 'selviasnow', 'omarhassanian', 'qkrrjsxor12', 'eslammosllah8', 'sgu20181499', 'sgu20161547', 'sgu20191492', 'sgu20201527', 'sgu20201433', 'chj20151375', 'ahmeed.aly2051', 'mingee0740', 'sgu20161481', 'yoodabin', None, 'nkobayas', 'sgu20181509', 'mmarzouk1809', 'zika144', 'ahmed_khaled_samir', 'mingi1226', 'sgu20171585', 'srholtz57', 'b815018', 'sgu20161475', 'rabab1801214', 'ssohila422', 'phidalgo', 'mohamed2001hussein', 'sgu20161537', 'abasu', 'mokamedkh21', 'sgu20181479', 'qudgur96', 'midoashraf88', 'omarmagdy99', 'sgu20171499', 'iamyoussefmohammed', 'sgu20171512', 'sgu20161486', 'joy34box', 'srini.140375', 'shehababaas123', 'essamottoman', 'lyubomyr.nykyruy', 'aksmf98', 'sgu20171350', 'noura.hesham181', 'juambananohub', 'nathangrossmann', 'sukantaswain.rs', 'hazemmohamed3570', 'sgu20201497', 'avraiem1804', 'sgu20191543', 'mgspencer1952', '20ahmedhossam20', 'minamorcos200', 'ahmedsalah_65', 'sgu20181511', 'sgu20151202', 'akersch', 'bodysoly26', 'nourhanhussein156', 'sgu20201475', 'bingsoo', 'sgu20191523', 'sgu20171911', 'mostafa77', 'bguillet', 'duonduon', 'yongin02', 'mohamednader239', 'rexcrusader', 'sgu20151421', 'sgu20181480', 'minsuk', 'sinanaras', 'fatma.hazem19', 'b715052', 'nourhannshafik', 'qjyw1997', 'drseemavats', 'irfanirshad4', 'tafazulijaz1972', 'sgu20171536', 'bassel', 'jatkarmandar123', 'kimdc0134', 'sgu20201531', 'efoster', 'ahmed_nasef', 'sgu20171564', 'sgu20181535', 'sgu20161551', 'bilginomi', 'tkdgjs68', 'ktj08310806', 'sgu20171530', 'sgu20191385', 'abdelrhmantamer', 'sara.adel.84069', 'remongerges74', 'sgu20171551', 'rudtjr987', 'yousefelwalid', 'sgu20171597', 'sgu20171575', 'mikhaaa56', 'radovanovic', 'pgolani22', 'sanghoon21547', 'nadeen2', 'eyadcataract20', 'sgu20171897', 'jonnyi961', 'sgu20201479', 'georgesemi', 'serbulentyildirim', 'thjung', 'sgu20181357', 'martinboules80', 'manarahmad589', 'yossefibr282', 'kyj0603', 'jihongkim', 'xconanx98', 'seokkyu', 'aemad430', 'dafrawy21', 'sgu20171576', 'sgu20201463', 'mahmoududk', 'abaraka279', 'parkinsu', 'skdywaw1', 'kimos32']"
1,423,397,37,33,"['kimjaewook5834', 'sgu20171339', 'kimdc0134', 'sgu20201501', 'sgu20201531', 'sgu20181479', 'sgu20201443', 'sgu20171553', 'sgu20201459', 'sgu20191385', 'sgu20191455', 'sgu20171575', 'sgu20201465', 'sgu20141431', 'sgu20201527', 'sgu20192113', 'sgu20171341', 'sgu20151482', 'sgu20201433', 'chj20151375', 'sgu20181333', 'sgu20181503', 'sgu20151202', 'thjung', 'sgu20181509', 'sgu20201521', 'sgu20161475', 'sgu20201463', 'sgu20171576', 'sgu20201507', 'sgu20171583', 'sgu20181489', 'skdywaw1']",364,"['sgu20171541', 'beoungwoo', 'sgu20191457', 'sgu20191451', 'muhannadahmmed', 'sgu20171492', 'abdurrahmannasser10', 'eng.ahmed.adel.mourad', 'sgu20191469', 'omarhusseinn.2000', 'shehab2040', 'amadi.billy', 'zadosalah', 'akmr1212', 'songhobin', 'sgu20171502', 'yasmin.eldeep2001', 'sgu20191494', 'ahmed9891', 'ibrahimelgendy95', 'pky2237', 'karimsamy', 'sgu20161460', 'b735544', 'mennaahmed', 'ml935450', 'youssef.yasser.eng', 'sgu20181551', 'sgu20171523', 'mazenelaraby9', 'jjh684212', 'gweihs', 'hadeermuhammed189', 'omarshamekh', 'mahmoudehab30', '3boda2001', 'sgu20171497', 'sgu20171501', 'sgu20192127', 'sgu20171557', 'ahmedassyk.k', 'osamamohamed666', 'ascendtobe', 'arijit', 'cowaleedtarek', 'ibrahimshawky419', 'sgu20192007', 'thanusit', 'sgu20171524', 'islam7769', 'sgu20171513', 'sgu20171503', 'suhilaa81', 'aliabdelwhab12', 'mkmbzm', 'ahmedpro200', 'rolagerab', 'hck23', 'yasmeenaly99', 'sgu20191509', 'sgu20171546', 'prakriti', 'walterwagner', 'dlstn3460', 'yasminfayed44', 'dlsrb0521', 'pazzaglia.1714292', 'sgu20161489', 'dinaatefff92', 'karim25401', 'elamouro', 'ahmad2000226', 'afantoni', 'sgu20181521', 'taegun', 'fouadamr60', 'radwamohamed2052000', 'sgu20181515', 'salahadel762', 'mth4891', 'eider_aparicio', 'mf2809522', 'yaseensalah', 'antlomb', 'sgu20181513', 'sgu20191305', 'seifbibers', 'sr7070202', 'sheshtawy898', 'halynyu', 'sgu20201515', 'sgu20171517', 'marielabravo', 'sgu20181523', 'drivet927', 'sgu20171510', 'sgu20191489', 'wlsdn0820', 'leejongmin', 'om1803173', 'sgu20161513', 'billkim', 'sgu20161526', 'manofautumn', 'jihyun', 'abdallahali098321', 'carlosperez', 'poularizk', 'jsambeek', 'youssef.amr.ya', 'kinszkola', 'abdullah.amr.tawheed', 'dlrbgur008', 'omarahmed1', 'mostafamahmoud19p9995', 'lets7512', 'midosaies', 'ucfaly75', 'sgu20181583', 'devesh124', 'bigwishwing', 'omeg_on', 'bishocasias', 'negeda', 'nadaelhossainii', 'sgu20161518', 'balter.trujillo', 'scratchy', 'tifa004', 'ma00yank', 'sgu20181579', 'kimjaeho608', 'tntjd3007', 'sgu20171533', 'nlidgi', 'ahmedkhaledgam', 'sgu20171521', 'sgu20191333', 'abdelrhmangaber', 'mariamnader', 'mariam.ahmed.2721', 'ittopsk', 'sgu20201533', 'rawanhishaam', 'hcha71', 'sgu20191487', 'sgu20191453', 'sgu20171525', 'adham.ibrahim.gamil', 'sgu20201511', 'thanaashabana02', 'danielemad', 'mariammhaanyy', 'tasneemasad19', 'noureldinseddik', 'sgu20171560', 'tifa27sherif', 'hyeonho', 'mo32000a', 'gmcho980', 'maiop', 'nohasherif48', 'buggyjuggy', 'nour17', 'tarek.ahmed.hussein99', 'reemmohamed.rm38', 'a01088393779', 'omarabdelbary', 'alialouka2000', 'sgu20181557', 'tomas9159', 'norhanabdelhafeez4', 'sgu20161997', 'ahmedamer', 'sgu20141341', 'sgu20171516', 'mostafahassan0053', 'amrsamy1072', 'ilgerby', 'sgu20171843', 'sgu20171534', 'lightholmes80', 'ahm_kam', 'ahmedqaed33316', 'mohamed_ahmed_kamal', 'aatony', 'zainab2000', 'kamrankardel', 'ahmedaboalftouh15', 'sgu20171556', 'sgu20191490', 'loayabdalla', 'merna1mohamed', 'silkysebum', 'mariamhnmahmed', 'zeyadnar88', 'medomohamed3213', 'bolabolbol832', 'tmdgus4284', 'b715112', 'jskim159', 'sgu20161455', 'sgu20151313', 'sgu20171594', 'abdelrahmanmohyoussef', 'rana_sakr', 'ayman.mahmoud104', 'muhammadshaheen', 'sgu20151447', 'pwrstudent1997', 'goodjh120', 'bebo.w.b', 'mw1155000', 'k4r1m', 'seongshan', 'rlibros', 'sgu20171584', 'sulemansami', 'wjdrms9897', 'amira.mohmeed3', 'sgu20171535', 'lolpeanut', 'onion1228', 'yosefsami', 'fatma.ali.2028', 'manar444', 'peikeyi', 'mohameddahy2012', 'omaralzayat2100', 'carolinegirgis20', 'hisham.khaled.ahmed', 's18ud1116022', 'omarahmed', 'janstefanski', 'pij33278', 'omarhesham565', 'ppzmh', 'sgu20181487', 'sgu20170241', 'davidruiz', 'spaget23', 'sa3dmohamedsa3dmohamed12', 'ahmed.tarek', 'sguni20181551', 'selviasnow', 'omarhassanian', 'qkrrjsxor12', 'eslammosllah8', 'sgu20181499', 'sgu20161547', 'sgu20191492', 'ahmeed.aly2051', 'mingee0740', 'sgu20161481', 'yoodabin', 'nkobayas', 'mmarzouk1809', 'zika144', 'ahmed_khaled_samir', 'mingi1226', 'sgu20171585', 'srholtz57', 'b815018', 'rabab1801214', 'ssohila422', 'phidalgo', 'mohamed2001hussein', 'sgu20161537', 'abasu', 'mokamedkh21', 'qudgur96', 'midoashraf88', 'omarmagdy99', 'sgu20171499', 'iamyoussefmohammed', 'sgu20171512', 'sgu20161486', 'joy34box', 'srini.140375', 'shehababaas123', 'essamottoman', 'lyubomyr.nykyruy', 'aksmf98', 'sgu20171350', 'noura.hesham181', 'juambananohub', 'nathangrossmann', 'sukantaswain.rs', 'hazemmohamed3570', 'sgu20201497', 'avraiem1804', 'sgu20191543', 'mgspencer1952', '20ahmedhossam20', 'minamorcos200', 'ahmedsalah_65', 'sgu20181511', 'akersch', 'bodysoly26', 'sgu20201475', 'bingsoo', 'sgu20191523', 'sgu20171911', 'mostafa77', 'bguillet', 'duonduon', 'yongin02', 'mohamednader239', 'rexcrusader', 'sgu20151421', 'sgu20181480', 'minsuk', 'sinanaras', 'fatma.hazem19', 'b715052', 'nourhannshafik', 'qjyw1997', 'drseemavats', 'irfanirshad4', 'tafazulijaz1972', 'sgu20171536', 'bassel', 'jatkarmandar123', 'efoster', 'ahmed_nasef', 'sgu20171564', 'sgu20181535', 'sgu20161551', 'bilginomi', 'tkdgjs68', 'ktj08310806', 'sgu20171530', 'abdelrhmantamer', 'sara.adel.84069', 'remongerges74', 'sgu20171551', 'rudtjr987', 'yousefelwalid', 'sgu20171597', 'mikhaaa56', 'radovanovic', 'pgolani22', 'sanghoon21547', 'nadeen2', 'eyadcataract20', 'sgu20171897', 'jonnyi961', 'sgu20201479', 'georgesemi', 'serbulentyildirim', 'sgu20181357', 'martinboules80', 'manarahmad589', 'yossefibr282', 'kyj0603', 'jihongkim', 'xconanx98', 'seokkyu', 'aemad430', 'dafrawy21', 'mahmoududk', 'abaraka279', 'parkinsu', 'kimos32']",4,"['jungsungbin5210', 'sgu20171335', None, 'sgu20171506']",401,"['sgu20171541', 'beoungwoo', 'sgu20191457', 'sgu20191451', 'muhannadahmmed', 'sgu20171492', 'abdurrahmannasser10', 'eng.ahmed.adel.mourad', 'sgu20191469', 'omarhusseinn.2000', 'shehab2040', 'amadi.billy', 'zadosalah', 'akmr1212', 'songhobin', 'sgu20171502', 'yasmin.eldeep2001', 'sgu20191494', 'ahmed9891', 'ibrahimelgendy95', 'pky2237', 'karimsamy', 'sgu20161460', 'b735544', 'mennaahmed', 'ml935450', 'youssef.yasser.eng', 'sgu20181551', 'sgu20171523', 'mazenelaraby9', 'jjh684212', 'gweihs', 'sgu20151482', 'hadeermuhammed189', 'omarshamekh', 'mahmoudehab30', '3boda2001', 'sgu20171497', 'sgu20171501', 'sgu20192127', 'sgu20171557', 'ahmedassyk.k', 'osamamohamed666', 'ascendtobe', 'arijit', 'cowaleedtarek', 'ibrahimshawky419', 'sgu20192007', 'thanusit', 'sgu20171524', 'islam7769', 'sgu20171513', 'sgu20171503', 'suhilaa81', 'aliabdelwhab12', 'mkmbzm', 'ahmedpro200', 'rolagerab', 'hck23', 'yasmeenaly99', 'sgu20191509', 'sgu20171546', 'prakriti', 'walterwagner', 'dlstn3460', 'yasminfayed44', 'dlsrb0521', 'pazzaglia.1714292', 'sgu20161489', 'dinaatefff92', 'karim25401', 'elamouro', 'ahmad2000226', 'afantoni', 'sgu20181521', 'taegun', 'sgu20141431', 'sgu20171341', 'sgu20181333', 'fouadamr60', 'radwamohamed2052000', 'sgu20181515', 'salahadel762', 'mth4891', 'eider_aparicio', 'mf2809522', 'yaseensalah', 'antlomb', 'sgu20181513', 'sgu20171583', 'sgu20191305', 'seifbibers', 'sr7070202', 'sheshtawy898', 'halynyu', 'sgu20201515', 'sgu20171517', 'marielabravo', 'sgu20181523', 'drivet927', 'sgu20171510', 'sgu20191489', 'wlsdn0820', 'leejongmin', 'om1803173', 'sgu20201501', 'sgu20161513', 'billkim', 'sgu20161526', 'manofautumn', 'jihyun', 'abdallahali098321', 'carlosperez', 'poularizk', 'jsambeek', 'youssef.amr.ya', 'kinszkola', 'abdullah.amr.tawheed', 'dlrbgur008', 'omarahmed1', 'mostafamahmoud19p9995', 'lets7512', 'midosaies', 'ucfaly75', 'sgu20181583', 'devesh124', 'bigwishwing', 'omeg_on', 'bishocasias', 'negeda', 'nadaelhossainii', 'sgu20161518', 'balter.trujillo', 'scratchy', 'tifa004', 'ma00yank', 'sgu20181579', 'kimjaeho608', 'tntjd3007', 'sgu20171533', 'nlidgi', 'ahmedkhaledgam', 'sgu20171521', 'sgu20171339', 'sgu20191333', 'abdelrhmangaber', 'mariamnader', 'mariam.ahmed.2721', 'ittopsk', 'sgu20201533', 'rawanhishaam', 'hcha71', 'sgu20191487', 'sgu20191453', 'sgu20171553', 'sgu20171525', 'adham.ibrahim.gamil', 'sgu20201459', 'sgu20201511', 'sgu20191455', 'thanaashabana02', 'danielemad', 'mariammhaanyy', 'tasneemasad19', 'noureldinseddik', 'sgu20171560', 'tifa27sherif', 'hyeonho', 'sgu20192113', 'mo32000a', 'gmcho980', 'maiop', 'nohasherif48', 'buggyjuggy', 'nour17', 'tarek.ahmed.hussein99', 'reemmohamed.rm38', 'a01088393779', 'omarabdelbary', 'alialouka2000', 'sgu20181557', 'tomas9159', 'norhanabdelhafeez4', 'sgu20161997', 'ahmedamer', 'sgu20141341', 'sgu20171516', 'mostafahassan0053', 'amrsamy1072', 'sgu20201521', 'sgu20171506', 'ilgerby', 'sgu20171843', 'sgu20171534', 'lightholmes80', 'ahm_kam', 'ahmedqaed33316', 'sgu20181489', 'mohamed_ahmed_kamal', 'aatony', 'zainab2000', 'kamrankardel', 'ahmedaboalftouh15', 'sgu20171556', 'sgu20191490', 'sgu20201443', 'loayabdalla', 'merna1mohamed', 'silkysebum', 'mariamhnmahmed', 'zeyadnar88', 'medomohamed3213', 'bolabolbol832', 'tmdgus4284', 'b715112', 'jskim159', 'sgu20161455', 'sgu20151313', 'sgu20171594', 'abdelrahmanmohyoussef', 'rana_sakr', 'ayman.mahmoud104', 'sgu20201465', 'muhammadshaheen', 'sgu20151447', 'pwrstudent1997', 'goodjh120', 'bebo.w.b', 'sgu20181503', 'mw1155000', 'k4r1m', 'seongshan', 'rlibros', 'sgu20171584', 'sulemansami', 'wjdrms9897', 'sgu20201507', 'amira.mohmeed3', 'sgu20171535', 'lolpeanut', 'onion1228', 'kimjaewook5834', 'yosefsami', 'fatma.ali.2028', 'manar444', 'peikeyi', 'mohameddahy2012', 'omaralzayat2100', 'carolinegirgis20', 'hisham.khaled.ahmed', 's18ud1116022', 'omarahmed', 'janstefanski', 'pij33278', 'omarhesham565', 'ppzmh', 'sgu20181487', 'sgu20170241', 'davidruiz', 'spaget23', 'sa3dmohamedsa3dmohamed12', 'ahmed.tarek', 'sguni20181551', 'selviasnow', 'omarhassanian', 'qkrrjsxor12', 'eslammosllah8', 'sgu20181499', 'sgu20161547', 'sgu20191492', 'sgu20201527', 'sgu20201433', 'chj20151375', 'ahmeed.aly2051', 'mingee0740', 'sgu20161481', 'yoodabin', None, 'nkobayas', 'sgu20181509', 'mmarzouk1809', 'zika144', 'ahmed_khaled_samir', 'mingi1226', 'sgu20171585', 'sgu20171335', 'jungsungbin5210', 'srholtz57', 'b815018', 'sgu20161475', 'rabab1801214', 'ssohila422', 'phidalgo', 'mohamed2001hussein', 'sgu20161537', 'abasu', 'mokamedkh21', 'sgu20181479', 'qudgur96', 'midoashraf88', 'omarmagdy99', 'sgu20171499', 'iamyoussefmohammed', 'sgu20171512', 'sgu20161486', 'joy34box', 'srini.140375', 'shehababaas123', 'essamottoman', 'lyubomyr.nykyruy', 'aksmf98', 'sgu20171350', 'noura.hesham181', 'juambananohub', 'nathangrossmann', 'sukantaswain.rs', 'hazemmohamed3570', 'sgu20201497', 'avraiem1804', 'sgu20191543', 'mgspencer1952', '20ahmedhossam20', 'minamorcos200', 'ahmedsalah_65', 'sgu20181511', 'sgu20151202', 'akersch', 'bodysoly26', 'sgu20201475', 'bingsoo', 'sgu20191523', 'sgu20171911', 'mostafa77', 'bguillet', 'duonduon', 'yongin02', 'mohamednader239', 'rexcrusader', 'sgu20151421', 'sgu20181480', 'minsuk', 'sinanaras', 'fatma.hazem19', 'b715052', 'nourhannshafik', 'qjyw1997', 'drseemavats', 'irfanirshad4', 'tafazulijaz1972', 'sgu20171536', 'bassel', 'jatkarmandar123', 'kimdc0134', 'sgu20201531', 'efoster', 'ahmed_nasef', 'sgu20171564', 'sgu20181535', 'sgu20161551', 'bilginomi', 'tkdgjs68', 'ktj08310806', 'sgu20171530', 'sgu20191385', 'abdelrhmantamer', 'sara.adel.84069', 'remongerges74', 'sgu20171551', 'rudtjr987', 'yousefelwalid', 'sgu20171597', 'sgu20171575', 'mikhaaa56', 'radovanovic', 'pgolani22', 'sanghoon21547', 'nadeen2', 'eyadcataract20', 'sgu20171897', 'jonnyi961', 'sgu20201479', 'georgesemi', 'serbulentyildirim', 'thjung', 'sgu20181357', 'martinboules80', 'manarahmad589', 'yossefibr282', 'kyj0603', 'jihongkim', 'xconanx98', 'seokkyu', 'aemad430', 'dafrawy21', 'sgu20171576', 'sgu20201463', 'mahmoududk', 'abaraka279', 'parkinsu', 'skdywaw1', 'kimos32']"
1,305,397,28,1,['sgu20171564'],396,"['sgu20171541', 'beoungwoo', 'sgu20191457', 'sgu20191451', 'muhannadahmmed', 'sgu20171492', 'abdurrahmannasser10', 'eng.ahmed.adel.mourad', 'sgu20191469', 'omarhusseinn.2000', 'shehab2040', 'amadi.billy', 'zadosalah', 'akmr1212', 'songhobin', 'sgu20171502', 'yasmin.eldeep2001', 'sgu20191494', 'ahmed9891', 'ibrahimelgendy95', 'pky2237', 'karimsamy', 'sgu20161460', 'b735544', 'mennaahmed', 'ml935450', 'youssef.yasser.eng', 'sgu20181551', 'sgu20171523', 'mazenelaraby9', 'jjh684212', 'gweihs', 'sgu20151482', 'hadeermuhammed189', 'omarshamekh', 'mahmoudehab30', '3boda2001', 'sgu20171497', 'sgu20171501', 'sgu20192127', 'sgu20171557', 'ahmedassyk.k', 'osamamohamed666', 'ascendtobe', 'arijit', 'cowaleedtarek', 'ibrahimshawky419', 'sgu20192007', 'thanusit', 'sgu20171524', 'islam7769', 'sgu20171513', 'sgu20171503', 'suhilaa81', 'aliabdelwhab12', 'mkmbzm', 'ahmedpro200', 'rolagerab', 'hck23', 'yasmeenaly99', 'sgu20191509', 'sgu20171546', 'prakriti', 'walterwagner', 'dlstn3460', 'yasminfayed44', 'dlsrb0521', 'pazzaglia.1714292', 'sgu20161489', 'dinaatefff92', 'karim25401', 'elamouro', 'ahmad2000226', 'afantoni', 'sgu20181521', 'taegun', 'sgu20141431', 'sgu20171341', 'sgu20181333', 'fouadamr60', 'radwamohamed2052000', 'sgu20181515', 'salahadel762', 'mth4891', 'eider_aparicio', 'mf2809522', 'yaseensalah', 'antlomb', 'sgu20181513', 'sgu20171583', 'sgu20191305', 'seifbibers', 'sr7070202', 'sheshtawy898', 'halynyu', 'sgu20201515', 'sgu20171517', 'marielabravo', 'sgu20181523', 'drivet927', 'sgu20171510', 'sgu20191489', 'wlsdn0820', 'leejongmin', 'om1803173', 'sgu20201501', 'sgu20161513', 'billkim', 'sgu20161526', 'manofautumn', 'jihyun', 'abdallahali098321', 'carlosperez', 'poularizk', 'jsambeek', 'youssef.amr.ya', 'kinszkola', 'abdullah.amr.tawheed', 'dlrbgur008', 'omarahmed1', 'mostafamahmoud19p9995', 'lets7512', 'midosaies', 'ucfaly75', 'sgu20181583', 'devesh124', 'bigwishwing', 'omeg_on', 'bishocasias', 'negeda', 'nadaelhossainii', 'sgu20161518', 'balter.trujillo', 'scratchy', 'tifa004', 'ma00yank', 'sgu20181579', 'kimjaeho608', 'tntjd3007', 'sgu20171533', 'nlidgi', 'ahmedkhaledgam', 'sgu20171521', 'sgu20171339', 'sgu20191333', 'abdelrhmangaber', 'mariamnader', 'mariam.ahmed.2721', 'ittopsk', 'sgu20201533', 'rawanhishaam', 'hcha71', 'sgu20191487', 'sgu20191453', 'sgu20171553', 'sgu20171525', 'adham.ibrahim.gamil', 'sgu20201459', 'sgu20201511', 'sgu20191455', 'thanaashabana02', 'danielemad', 'mariammhaanyy', 'tasneemasad19', 'noureldinseddik', 'sgu20171560', 'tifa27sherif', 'hyeonho', 'sgu20192113', 'mo32000a', 'gmcho980', 'maiop', 'nohasherif48', 'buggyjuggy', 'nour17', 'tarek.ahmed.hussein99', 'reemmohamed.rm38', 'a01088393779', 'omarabdelbary', 'alialouka2000', 'sgu20181557', 'tomas9159', 'norhanabdelhafeez4', 'sgu20161997', 'ahmedamer', 'sgu20141341', 'sgu20171516', 'mostafahassan0053', 'amrsamy1072', 'sgu20201521', 'ilgerby', 'sgu20171843', 'sgu20171534', 'lightholmes80', 'ahm_kam', 'ahmedqaed33316', 'sgu20181489', 'mohamed_ahmed_kamal', 'aatony', 'zainab2000', 'kamrankardel', 'ahmedaboalftouh15', 'sgu20171556', 'sgu20191490', 'sgu20201443', 'loayabdalla', 'merna1mohamed', 'silkysebum', 'mariamhnmahmed', 'zeyadnar88', 'medomohamed3213', 'bolabolbol832', 'tmdgus4284', 'b715112', 'jskim159', 'sgu20161455', 'sgu20151313', 'sgu20171594', 'abdelrahmanmohyoussef', 'rana_sakr', 'ayman.mahmoud104', 'sgu20201465', 'muhammadshaheen', 'sgu20151447', 'pwrstudent1997', 'goodjh120', 'bebo.w.b', 'sgu20181503', 'mw1155000', 'k4r1m', 'seongshan', 'rlibros', 'sgu20171584', 'sulemansami', 'wjdrms9897', 'sgu20201507', 'amira.mohmeed3', 'sgu20171535', 'lolpeanut', 'onion1228', 'kimjaewook5834', 'yosefsami', 'fatma.ali.2028', 'manar444', 'peikeyi', 'mohameddahy2012', 'omaralzayat2100', 'carolinegirgis20', 'hisham.khaled.ahmed', 's18ud1116022', 'omarahmed', 'janstefanski', 'pij33278', 'omarhesham565', 'ppzmh', 'sgu20181487', 'sgu20170241', 'davidruiz', 'spaget23', 'sa3dmohamedsa3dmohamed12', 'ahmed.tarek', 'sguni20181551', 'selviasnow', 'omarhassanian', 'qkrrjsxor12', 'eslammosllah8', 'sgu20181499', 'sgu20161547', 'sgu20191492', 'sgu20201527', 'sgu20201433', 'chj20151375', 'ahmeed.aly2051', 'mingee0740', 'sgu20161481', 'yoodabin', 'nkobayas', 'sgu20181509', 'mmarzouk1809', 'zika144', 'ahmed_khaled_samir', 'mingi1226', 'sgu20171585', 'srholtz57', 'b815018', 'sgu20161475', 'rabab1801214', 'ssohila422', 'phidalgo', 'mohamed2001hussein', 'sgu20161537', 'abasu', 'mokamedkh21', 'sgu20181479', 'qudgur96', 'midoashraf88', 'omarmagdy99', 'sgu20171499', 'iamyoussefmohammed', 'sgu20171512', 'sgu20161486', 'joy34box', 'srini.140375', 'shehababaas123', 'essamottoman', 'lyubomyr.nykyruy', 'aksmf98', 'sgu20171350', 'noura.hesham181', 'juambananohub', 'nathangrossmann', 'sukantaswain.rs', 'hazemmohamed3570', 'sgu20201497', 'avraiem1804', 'sgu20191543', 'mgspencer1952', '20ahmedhossam20', 'minamorcos200', 'ahmedsalah_65', 'sgu20181511', 'sgu20151202', 'akersch', 'bodysoly26', 'sgu20201475', 'bingsoo', 'sgu20191523', 'sgu20171911', 'mostafa77', 'bguillet', 'duonduon', 'yongin02', 'mohamednader239', 'rexcrusader', 'sgu20151421', 'sgu20181480', 'minsuk', 'sinanaras', 'fatma.hazem19', 'b715052', 'nourhannshafik', 'qjyw1997', 'drseemavats', 'irfanirshad4', 'tafazulijaz1972', 'sgu20171536', 'bassel', 'jatkarmandar123', 'kimdc0134', 'sgu20201531', 'efoster', 'ahmed_nasef', 'sgu20181535', 'sgu20161551', 'bilginomi', 'tkdgjs68', 'ktj08310806', 'sgu20171530', 'sgu20191385', 'abdelrhmantamer', 'sara.adel.84069', 'remongerges74', 'sgu20171551', 'rudtjr987', 'yousefelwalid', 'sgu20171597', 'sgu20171575', 'mikhaaa56', 'radovanovic', 'pgolani22', 'sanghoon21547', 'nadeen2', 'eyadcataract20', 'sgu20171897', 'jonnyi961', 'sgu20201479', 'georgesemi', 'serbulentyildirim', 'thjung', 'sgu20181357', 'martinboules80', 'manarahmad589', 'yossefibr282', 'kyj0603', 'jihongkim', 'xconanx98', 'seokkyu', 'aemad430', 'dafrawy21', 'sgu20171576', 'sgu20201463', 'mahmoududk', 'abaraka279', 'parkinsu', 'skdywaw1', 'kimos32']",27,"['khw971011', 'sgu20171596', 'sgu20171490', 'sgu20171548', 'sgu20181520', 'sgu20191462', 'sgu20171537', 'sgu20171569', 'sgu20171549', 'yj_choi', 'liberty1341', 'sgu20171570', 'sgu20161519', 'sgu20191461', 'kyounggun97', 'sgu20161497', 'yoona8', 'byayp72', 'sgu20191407', None, 'jihyeonlee', 'sgu20171593', 'sgu20161860', 'sgu20161217', 'lee1341', 'sgu20171552', 'nanoh72']",424,"['sgu20171541', 'khw971011', 'beoungwoo', 'sgu20191457', 'sgu20191451', 'muhannadahmmed', 'sgu20171492', 'abdurrahmannasser10', 'eng.ahmed.adel.mourad', 'sgu20191469', 'omarhusseinn.2000', 'shehab2040', 'amadi.billy', 'zadosalah', 'akmr1212', 'songhobin', 'sgu20181520', 'sgu20171502', 'yasmin.eldeep2001', 'sgu20191494', 'ahmed9891', 'yj_choi', 'ibrahimelgendy95', 'pky2237', 'karimsamy', 'sgu20161460', 'b735544', 'mennaahmed', 'ml935450', 'youssef.yasser.eng', 'sgu20161519', 'sgu20181551', 'sgu20171523', 'mazenelaraby9', 'jjh684212', 'gweihs', 'sgu20151482', 'hadeermuhammed189', 'omarshamekh', 'mahmoudehab30', '3boda2001', 'sgu20171497', 'sgu20171501', 'jihyeonlee', 'sgu20192127', 'sgu20171557', 'ahmedassyk.k', 'osamamohamed666', 'ascendtobe', 'arijit', 'cowaleedtarek', 'ibrahimshawky419', 'sgu20192007', 'thanusit', 'sgu20171524', 'islam7769', 'sgu20171513', 'sgu20171503', 'suhilaa81', 'aliabdelwhab12', 'mkmbzm', 'ahmedpro200', 'rolagerab', 'hck23', 'yasmeenaly99', 'sgu20191509', 'sgu20171546', 'prakriti', 'walterwagner', 'dlstn3460', 'sgu20171569', 'yasminfayed44', 'dlsrb0521', 'pazzaglia.1714292', 'sgu20161489', 'dinaatefff92', 'karim25401', 'elamouro', 'liberty1341', 'ahmad2000226', 'afantoni', 'sgu20181521', 'taegun', 'sgu20141431', 'sgu20171341', 'sgu20181333', 'fouadamr60', 'radwamohamed2052000', 'sgu20181515', 'salahadel762', 'mth4891', 'eider_aparicio', 'mf2809522', 'yaseensalah', 'antlomb', 'sgu20181513', 'sgu20171583', 'sgu20191305', 'seifbibers', 'sr7070202', 'sheshtawy898', 'halynyu', 'sgu20201515', 'sgu20171517', 'marielabravo', 'sgu20181523', 'drivet927', 'sgu20171510', 'sgu20191489', 'wlsdn0820', 'leejongmin', 'om1803173', 'sgu20201501', 'sgu20161513', 'billkim', 'sgu20161526', 'manofautumn', 'jihyun', 'abdallahali098321', 'carlosperez', 'poularizk', 'jsambeek', 'youssef.amr.ya', 'kinszkola', 'abdullah.amr.tawheed', 'dlrbgur008', 'omarahmed1', 'mostafamahmoud19p9995', 'lets7512', 'midosaies', 'ucfaly75', 'sgu20181583', 'devesh124', 'bigwishwing', 'omeg_on', 'yoona8', 'bishocasias', 'negeda', 'byayp72', 'nadaelhossainii', 'sgu20161518', 'balter.trujillo', 'scratchy', 'tifa004', 'ma00yank', 'sgu20181579', 'sgu20171552', 'kimjaeho608', 'tntjd3007', 'sgu20171533', 'nanoh72', 'nlidgi', 'ahmedkhaledgam', 'sgu20171521', 'sgu20171339', 'sgu20191333', 'abdelrhmangaber', 'sgu20171548', 'mariamnader', 'mariam.ahmed.2721', 'ittopsk', 'sgu20201533', 'rawanhishaam', 'hcha71', 'sgu20191487', 'sgu20191453', 'sgu20171553', 'sgu20171525', 'adham.ibrahim.gamil', 'sgu20201459', 'sgu20201511', 'sgu20191455', 'thanaashabana02', 'danielemad', 'sgu20191461', 'mariammhaanyy', 'tasneemasad19', 'noureldinseddik', 'sgu20171560', 'tifa27sherif', 'hyeonho', 'sgu20192113', 'mo32000a', 'sgu20161497', 'gmcho980', 'maiop', 'nohasherif48', 'buggyjuggy', 'nour17', 'tarek.ahmed.hussein99', 'reemmohamed.rm38', 'a01088393779', 'omarabdelbary', 'alialouka2000', 'sgu20181557', 'tomas9159', 'norhanabdelhafeez4', 'sgu20161997', 'ahmedamer', 'sgu20141341', 'sgu20171516', 'mostafahassan0053', 'amrsamy1072', 'sgu20201521', 'sgu20161860', 'ilgerby', 'sgu20171843', 'sgu20171534', 'lightholmes80', 'ahm_kam', 'ahmedqaed33316', 'sgu20181489', 'mohamed_ahmed_kamal', 'aatony', 'zainab2000', 'sgu20171490', 'kamrankardel', 'ahmedaboalftouh15', 'sgu20171556', 'sgu20191490', 'sgu20201443', 'sgu20171537', 'loayabdalla', 'merna1mohamed', 'silkysebum', 'mariamhnmahmed', 'zeyadnar88', 'medomohamed3213', 'bolabolbol832', 'tmdgus4284', 'b715112', 'jskim159', 'sgu20161455', 'sgu20151313', 'sgu20171594', 'abdelrahmanmohyoussef', 'rana_sakr', 'ayman.mahmoud104', 'sgu20201465', 'kyounggun97', 'muhammadshaheen', 'sgu20151447', 'pwrstudent1997', 'goodjh120', 'bebo.w.b', 'sgu20181503', 'mw1155000', 'k4r1m', 'seongshan', 'rlibros', 'sgu20171584', 'sulemansami', 'wjdrms9897', 'sgu20201507', 'amira.mohmeed3', 'sgu20171535', 'lolpeanut', 'onion1228', 'kimjaewook5834', 'yosefsami', 'fatma.ali.2028', 'manar444', 'peikeyi', 'mohameddahy2012', 'omaralzayat2100', 'carolinegirgis20', 'hisham.khaled.ahmed', 's18ud1116022', 'omarahmed', 'janstefanski', 'pij33278', 'omarhesham565', 'ppzmh', 'sgu20191462', 'sgu20181487', 'sgu20170241', 'davidruiz', 'spaget23', 'sa3dmohamedsa3dmohamed12', 'ahmed.tarek', 'sguni20181551', 'selviasnow', 'omarhassanian', 'qkrrjsxor12', 'eslammosllah8', 'sgu20181499', 'sgu20171570', 'sgu20161547', 'sgu20191492', 'sgu20201527', 'sgu20201433', 'chj20151375', 'ahmeed.aly2051', 'mingee0740', 'sgu20161481', 'yoodabin', None, 'nkobayas', 'sgu20181509', 'mmarzouk1809', 'zika144', 'ahmed_khaled_samir', 'mingi1226', 'sgu20171585', 'srholtz57', 'b815018', 'sgu20161475', 'rabab1801214', 'ssohila422', 'phidalgo', 'mohamed2001hussein', 'sgu20161537', 'abasu', 'sgu20171596', 'mokamedkh21', 'sgu20181479', 'qudgur96', 'midoashraf88', 'omarmagdy99', 'sgu20171499', 'iamyoussefmohammed', 'sgu20171512', 'sgu20161486', 'joy34box', 'sgu20171549', 'srini.140375', 'shehababaas123', 'essamottoman', 'lyubomyr.nykyruy', 'aksmf98', 'sgu20171350', 'noura.hesham181', 'juambananohub', 'nathangrossmann', 'sukantaswain.rs', 'hazemmohamed3570', 'sgu20201497', 'avraiem1804', 'sgu20191543', 'mgspencer1952', '20ahmedhossam20', 'minamorcos200', 'ahmedsalah_65', 'sgu20181511', 'sgu20151202', 'akersch', 'bodysoly26', 'sgu20191407', 'sgu20201475', 'bingsoo', 'sgu20191523', 'sgu20171911', 'sgu20161217', 'mostafa77', 'bguillet', 'duonduon', 'yongin02', 'mohamednader239', 'rexcrusader', 'sgu20151421', 'sgu20181480', 'minsuk', 'sinanaras', 'fatma.hazem19', 'b715052', 'nourhannshafik', 'qjyw1997', 'drseemavats', 'irfanirshad4', 'tafazulijaz1972', 'sgu20171536', 'bassel', 'jatkarmandar123', 'kimdc0134', 'sgu20201531', 'efoster', 'ahmed_nasef', 'sgu20171564', 'sgu20181535', 'sgu20161551', 'bilginomi', 'tkdgjs68', 'ktj08310806', 'sgu20171530', 'sgu20191385', 'abdelrhmantamer', 'sara.adel.84069', 'remongerges74', 'sgu20171551', 'rudtjr987', 'yousefelwalid', 'sgu20171597', 'sgu20171575', 'mikhaaa56', 'radovanovic', 'pgolani22', 'sanghoon21547', 'nadeen2', 'eyadcataract20', 'sgu20171897', 'jonnyi961', 'sgu20201479', 'georgesemi', 'serbulentyildirim', 'thjung', 'sgu20181357', 'martinboules80', 'manarahmad589', 'yossefibr282', 'kyj0603', 'sgu20171593', 'lee1341', 'jihongkim', 'xconanx98', 'seokkyu', 'aemad430', 'dafrawy21', 'sgu20171576', 'sgu20201463', 'mahmoududk', 'abaraka279', 'parkinsu', 'skdywaw1', 'kimos32']"
1,421,397,24,21,"['kimjaewook5834', 'sgu20171517', 'sgu20171521', 'sgu20171339', 'wlsdn0820', 'sgu20191490', 'sgu20201459', 'sgu20161489', 'sgu20171350', 'sgu20191455', 'sgu20181499', 'sgu20201527', 'sgu20151447', 'sgu20192113', 'sgu20201433', 'sgu20201479', 'thjung', 'sgu20181509', 'sgu20181557', 'sgu20181579', 'skdywaw1']",376,"['sgu20171541', 'beoungwoo', 'sgu20191457', 'sgu20191451', 'muhannadahmmed', 'sgu20171492', 'abdurrahmannasser10', 'eng.ahmed.adel.mourad', 'sgu20191469', 'omarhusseinn.2000', 'shehab2040', 'amadi.billy', 'zadosalah', 'akmr1212', 'songhobin', 'sgu20171502', 'yasmin.eldeep2001', 'sgu20191494', 'ahmed9891', 'ibrahimelgendy95', 'pky2237', 'karimsamy', 'sgu20161460', 'b735544', 'mennaahmed', 'ml935450', 'youssef.yasser.eng', 'sgu20181551', 'sgu20171523', 'mazenelaraby9', 'jjh684212', 'gweihs', 'sgu20151482', 'hadeermuhammed189', 'omarshamekh', 'mahmoudehab30', '3boda2001', 'sgu20171497', 'sgu20171501', 'sgu20192127', 'sgu20171557', 'ahmedassyk.k', 'osamamohamed666', 'ascendtobe', 'arijit', 'cowaleedtarek', 'ibrahimshawky419', 'sgu20192007', 'thanusit', 'sgu20171524', 'islam7769', 'sgu20171513', 'sgu20171503', 'suhilaa81', 'aliabdelwhab12', 'mkmbzm', 'ahmedpro200', 'rolagerab', 'hck23', 'yasmeenaly99', 'sgu20191509', 'sgu20171546', 'prakriti', 'walterwagner', 'dlstn3460', 'yasminfayed44', 'dlsrb0521', 'pazzaglia.1714292', 'dinaatefff92', 'karim25401', 'elamouro', 'ahmad2000226', 'afantoni', 'sgu20181521', 'taegun', 'sgu20141431', 'sgu20171341', 'sgu20181333', 'fouadamr60', 'radwamohamed2052000', 'sgu20181515', 'salahadel762', 'mth4891', 'eider_aparicio', 'mf2809522', 'yaseensalah', 'antlomb', 'sgu20181513', 'sgu20171583', 'sgu20191305', 'seifbibers', 'sr7070202', 'sheshtawy898', 'halynyu', 'sgu20201515', 'marielabravo', 'sgu20181523', 'drivet927', 'sgu20171510', 'sgu20191489', 'leejongmin', 'om1803173', 'sgu20201501', 'sgu20161513', 'billkim', 'sgu20161526', 'manofautumn', 'jihyun', 'abdallahali098321', 'carlosperez', 'poularizk', 'jsambeek', 'youssef.amr.ya', 'kinszkola', 'abdullah.amr.tawheed', 'dlrbgur008', 'omarahmed1', 'mostafamahmoud19p9995', 'lets7512', 'midosaies', 'ucfaly75', 'sgu20181583', 'devesh124', 'bigwishwing', 'omeg_on', 'bishocasias', 'negeda', 'nadaelhossainii', 'sgu20161518', 'balter.trujillo', 'scratchy', 'tifa004', 'ma00yank', 'kimjaeho608', 'tntjd3007', 'sgu20171533', 'nlidgi', 'ahmedkhaledgam', 'sgu20191333', 'abdelrhmangaber', 'mariamnader', 'mariam.ahmed.2721', 'ittopsk', 'sgu20201533', 'rawanhishaam', 'hcha71', 'sgu20191487', 'sgu20191453', 'sgu20171553', 'sgu20171525', 'adham.ibrahim.gamil', 'sgu20201511', 'thanaashabana02', 'danielemad', 'mariammhaanyy', 'tasneemasad19', 'noureldinseddik', 'sgu20171560', 'tifa27sherif', 'hyeonho', 'mo32000a', 'gmcho980', 'maiop', 'nohasherif48', 'buggyjuggy', 'nour17', 'tarek.ahmed.hussein99', 'reemmohamed.rm38', 'a01088393779', 'omarabdelbary', 'alialouka2000', 'tomas9159', 'norhanabdelhafeez4', 'sgu20161997', 'ahmedamer', 'sgu20141341', 'sgu20171516', 'mostafahassan0053', 'amrsamy1072', 'sgu20201521', 'ilgerby', 'sgu20171843', 'sgu20171534', 'lightholmes80', 'ahm_kam', 'ahmedqaed33316', 'sgu20181489', 'mohamed_ahmed_kamal', 'aatony', 'zainab2000', 'kamrankardel', 'ahmedaboalftouh15', 'sgu20171556', 'sgu20201443', 'loayabdalla', 'merna1mohamed', 'silkysebum', 'mariamhnmahmed', 'zeyadnar88', 'medomohamed3213', 'bolabolbol832', 'tmdgus4284', 'b715112', 'jskim159', 'sgu20161455', 'sgu20151313', 'sgu20171594', 'abdelrahmanmohyoussef', 'rana_sakr', 'ayman.mahmoud104', 'sgu20201465', 'muhammadshaheen', 'pwrstudent1997', 'goodjh120', 'bebo.w.b', 'sgu20181503', 'mw1155000', 'k4r1m', 'seongshan', 'rlibros', 'sgu20171584', 'sulemansami', 'wjdrms9897', 'sgu20201507', 'amira.mohmeed3', 'sgu20171535', 'lolpeanut', 'onion1228', 'yosefsami', 'fatma.ali.2028', 'manar444', 'peikeyi', 'mohameddahy2012', 'omaralzayat2100', 'carolinegirgis20', 'hisham.khaled.ahmed', 's18ud1116022', 'omarahmed', 'janstefanski', 'pij33278', 'omarhesham565', 'ppzmh', 'sgu20181487', 'sgu20170241', 'davidruiz', 'spaget23', 'sa3dmohamedsa3dmohamed12', 'ahmed.tarek', 'sguni20181551', 'selviasnow', 'omarhassanian', 'qkrrjsxor12', 'eslammosllah8', 'sgu20161547', 'sgu20191492', 'chj20151375', 'ahmeed.aly2051', 'mingee0740', 'sgu20161481', 'yoodabin', 'nkobayas', 'mmarzouk1809', 'zika144', 'ahmed_khaled_samir', 'mingi1226', 'sgu20171585', 'srholtz57', 'b815018', 'sgu20161475', 'rabab1801214', 'ssohila422', 'phidalgo', 'mohamed2001hussein', 'sgu20161537', 'abasu', 'mokamedkh21', 'sgu20181479', 'qudgur96', 'midoashraf88', 'omarmagdy99', 'sgu20171499', 'iamyoussefmohammed', 'sgu20171512', 'sgu20161486', 'joy34box', 'srini.140375', 'shehababaas123', 'essamottoman', 'lyubomyr.nykyruy', 'aksmf98', 'noura.hesham181', 'juambananohub', 'nathangrossmann', 'sukantaswain.rs', 'hazemmohamed3570', 'sgu20201497', 'avraiem1804', 'sgu20191543', 'mgspencer1952', '20ahmedhossam20', 'minamorcos200', 'ahmedsalah_65', 'sgu20181511', 'sgu20151202', 'akersch', 'bodysoly26', 'sgu20201475', 'bingsoo', 'sgu20191523', 'sgu20171911', 'mostafa77', 'bguillet', 'duonduon', 'yongin02', 'mohamednader239', 'rexcrusader', 'sgu20151421', 'sgu20181480', 'minsuk', 'sinanaras', 'fatma.hazem19', 'b715052', 'nourhannshafik', 'qjyw1997', 'drseemavats', 'irfanirshad4', 'tafazulijaz1972', 'sgu20171536', 'bassel', 'jatkarmandar123', 'kimdc0134', 'sgu20201531', 'efoster', 'ahmed_nasef', 'sgu20171564', 'sgu20181535', 'sgu20161551', 'bilginomi', 'tkdgjs68', 'ktj08310806', 'sgu20171530', 'sgu20191385', 'abdelrhmantamer', 'sara.adel.84069', 'remongerges74', 'sgu20171551', 'rudtjr987', 'yousefelwalid', 'sgu20171597', 'sgu20171575', 'mikhaaa56', 'radovanovic', 'pgolani22', 'sanghoon21547', 'nadeen2', 'eyadcataract20', 'sgu20171897', 'jonnyi961', 'georgesemi', 'serbulentyildirim', 'sgu20181357', 'martinboules80', 'manarahmad589', 'yossefibr282', 'kyj0603', 'jihongkim', 'xconanx98', 'seokkyu', 'aemad430', 'dafrawy21', 'sgu20171576', 'sgu20201463', 'mahmoududk', 'abaraka279', 'parkinsu', 'kimos32']",3,"['sgu20182197', 'sgu20171570', None]",400,"['sgu20171541', 'beoungwoo', 'sgu20191457', 'sgu20191451', 'muhannadahmmed', 'sgu20171492', 'abdurrahmannasser10', 'eng.ahmed.adel.mourad', 'sgu20191469', 'omarhusseinn.2000', 'shehab2040', 'amadi.billy', 'zadosalah', 'akmr1212', 'songhobin', 'sgu20171502', 'yasmin.eldeep2001', 'sgu20191494', 'ahmed9891', 'ibrahimelgendy95', 'pky2237', 'karimsamy', 'sgu20161460', 'b735544', 'mennaahmed', 'ml935450', 'youssef.yasser.eng', 'sgu20181551', 'sgu20171523', 'mazenelaraby9', 'jjh684212', 'gweihs', 'sgu20151482', 'hadeermuhammed189', 'omarshamekh', 'mahmoudehab30', '3boda2001', 'sgu20171497', 'sgu20171501', 'sgu20192127', 'sgu20171557', 'ahmedassyk.k', 'osamamohamed666', 'ascendtobe', 'arijit', 'cowaleedtarek', 'ibrahimshawky419', 'sgu20192007', 'thanusit', 'sgu20171524', 'islam7769', 'sgu20171513', 'sgu20171503', 'suhilaa81', 'aliabdelwhab12', 'mkmbzm', 'ahmedpro200', 'rolagerab', 'hck23', 'yasmeenaly99', 'sgu20191509', 'sgu20171546', 'prakriti', 'walterwagner', 'dlstn3460', 'yasminfayed44', 'dlsrb0521', 'pazzaglia.1714292', 'sgu20161489', 'dinaatefff92', 'karim25401', 'elamouro', 'ahmad2000226', 'afantoni', 'sgu20181521', 'taegun', 'sgu20141431', 'sgu20171341', 'sgu20181333', 'fouadamr60', 'radwamohamed2052000', 'sgu20181515', 'salahadel762', 'mth4891', 'eider_aparicio', 'mf2809522', 'yaseensalah', 'antlomb', 'sgu20181513', 'sgu20171583', 'sgu20191305', 'seifbibers', 'sr7070202', 'sheshtawy898', 'halynyu', 'sgu20201515', 'sgu20171517', 'marielabravo', 'sgu20181523', 'drivet927', 'sgu20171510', 'sgu20191489', 'wlsdn0820', 'leejongmin', 'om1803173', 'sgu20201501', 'sgu20161513', 'billkim', 'sgu20161526', 'manofautumn', 'jihyun', 'abdallahali098321', 'carlosperez', 'poularizk', 'jsambeek', 'youssef.amr.ya', 'kinszkola', 'abdullah.amr.tawheed', 'dlrbgur008', 'omarahmed1', 'mostafamahmoud19p9995', 'lets7512', 'midosaies', 'ucfaly75', 'sgu20181583', 'devesh124', 'bigwishwing', 'omeg_on', 'sgu20182197', 'bishocasias', 'negeda', 'nadaelhossainii', 'sgu20161518', 'balter.trujillo', 'scratchy', 'tifa004', 'ma00yank', 'sgu20181579', 'kimjaeho608', 'tntjd3007', 'sgu20171533', 'nlidgi', 'ahmedkhaledgam', 'sgu20171521', 'sgu20171339', 'sgu20191333', 'abdelrhmangaber', 'mariamnader', 'mariam.ahmed.2721', 'ittopsk', 'sgu20201533', 'rawanhishaam', 'hcha71', 'sgu20191487', 'sgu20191453', 'sgu20171553', 'sgu20171525', 'adham.ibrahim.gamil', 'sgu20201459', 'sgu20201511', 'sgu20191455', 'thanaashabana02', 'danielemad', 'mariammhaanyy', 'tasneemasad19', 'noureldinseddik', 'sgu20171560', 'tifa27sherif', 'hyeonho', 'sgu20192113', 'mo32000a', 'gmcho980', 'maiop', 'nohasherif48', 'buggyjuggy', 'nour17', 'tarek.ahmed.hussein99', 'reemmohamed.rm38', 'a01088393779', 'omarabdelbary', 'alialouka2000', 'sgu20181557', 'tomas9159', 'norhanabdelhafeez4', 'sgu20161997', 'ahmedamer', 'sgu20141341', 'sgu20171516', 'mostafahassan0053', 'amrsamy1072', 'sgu20201521', 'ilgerby', 'sgu20171843', 'sgu20171534', 'lightholmes80', 'ahm_kam', 'ahmedqaed33316', 'sgu20181489', 'mohamed_ahmed_kamal', 'aatony', 'zainab2000', 'kamrankardel', 'ahmedaboalftouh15', 'sgu20171556', 'sgu20191490', 'sgu20201443', 'loayabdalla', 'merna1mohamed', 'silkysebum', 'mariamhnmahmed', 'zeyadnar88', 'medomohamed3213', 'bolabolbol832', 'tmdgus4284', 'b715112', 'jskim159', 'sgu20161455', 'sgu20151313', 'sgu20171594', 'abdelrahmanmohyoussef', 'rana_sakr', 'ayman.mahmoud104', 'sgu20201465', 'muhammadshaheen', 'sgu20151447', 'pwrstudent1997', 'goodjh120', 'bebo.w.b', 'sgu20181503', 'mw1155000', 'k4r1m', 'seongshan', 'rlibros', 'sgu20171584', 'sulemansami', 'wjdrms9897', 'sgu20201507', 'amira.mohmeed3', 'sgu20171535', 'lolpeanut', 'onion1228', 'kimjaewook5834', 'yosefsami', 'fatma.ali.2028', 'manar444', 'peikeyi', 'mohameddahy2012', 'omaralzayat2100', 'carolinegirgis20', 'hisham.khaled.ahmed', 's18ud1116022', 'omarahmed', 'janstefanski', 'pij33278', 'omarhesham565', 'ppzmh', 'sgu20181487', 'sgu20170241', 'davidruiz', 'spaget23', 'sa3dmohamedsa3dmohamed12', 'ahmed.tarek', 'sguni20181551', 'selviasnow', 'omarhassanian', 'qkrrjsxor12', 'eslammosllah8', 'sgu20181499', 'sgu20171570', 'sgu20161547', 'sgu20191492', 'sgu20201527', 'sgu20201433', 'chj20151375', 'ahmeed.aly2051', 'mingee0740', 'sgu20161481', 'yoodabin', None, 'nkobayas', 'sgu20181509', 'mmarzouk1809', 'zika144', 'ahmed_khaled_samir', 'mingi1226', 'sgu20171585', 'srholtz57', 'b815018', 'sgu20161475', 'rabab1801214', 'ssohila422', 'phidalgo', 'mohamed2001hussein', 'sgu20161537', 'abasu', 'mokamedkh21', 'sgu20181479', 'qudgur96', 'midoashraf88', 'omarmagdy99', 'sgu20171499', 'iamyoussefmohammed', 'sgu20171512', 'sgu20161486', 'joy34box', 'srini.140375', 'shehababaas123', 'essamottoman', 'lyubomyr.nykyruy', 'aksmf98', 'sgu20171350', 'noura.hesham181', 'juambananohub', 'nathangrossmann', 'sukantaswain.rs', 'hazemmohamed3570', 'sgu20201497', 'avraiem1804', 'sgu20191543', 'mgspencer1952', '20ahmedhossam20', 'minamorcos200', 'ahmedsalah_65', 'sgu20181511', 'sgu20151202', 'akersch', 'bodysoly26', 'sgu20201475', 'bingsoo', 'sgu20191523', 'sgu20171911', 'mostafa77', 'bguillet', 'duonduon', 'yongin02', 'mohamednader239', 'rexcrusader', 'sgu20151421', 'sgu20181480', 'minsuk', 'sinanaras', 'fatma.hazem19', 'b715052', 'nourhannshafik', 'qjyw1997', 'drseemavats', 'irfanirshad4', 'tafazulijaz1972', 'sgu20171536', 'bassel', 'jatkarmandar123', 'kimdc0134', 'sgu20201531', 'efoster', 'ahmed_nasef', 'sgu20171564', 'sgu20181535', 'sgu20161551', 'bilginomi', 'tkdgjs68', 'ktj08310806', 'sgu20171530', 'sgu20191385', 'abdelrhmantamer', 'sara.adel.84069', 'remongerges74', 'sgu20171551', 'rudtjr987', 'yousefelwalid', 'sgu20171597', 'sgu20171575', 'mikhaaa56', 'radovanovic', 'pgolani22', 'sanghoon21547', 'nadeen2', 'eyadcataract20', 'sgu20171897', 'jonnyi961', 'sgu20201479', 'georgesemi', 'serbulentyildirim', 'thjung', 'sgu20181357', 'martinboules80', 'manarahmad589', 'yossefibr282', 'kyj0603', 'jihongkim', 'xconanx98', 'seokkyu', 'aemad430', 'dafrawy21', 'sgu20171576', 'sgu20201463', 'mahmoududk', 'abaraka279', 'parkinsu', 'skdywaw1', 'kimos32']"
1,26,397,19,1,['spaget23'],396,"['sgu20171541', 'beoungwoo', 'sgu20191457', 'sgu20191451', 'muhannadahmmed', 'sgu20171492', 'abdurrahmannasser10', 'eng.ahmed.adel.mourad', 'sgu20191469', 'omarhusseinn.2000', 'shehab2040', 'amadi.billy', 'zadosalah', 'akmr1212', 'songhobin', 'sgu20171502', 'yasmin.eldeep2001', 'sgu20191494', 'ahmed9891', 'ibrahimelgendy95', 'pky2237', 'karimsamy', 'sgu20161460', 'b735544', 'mennaahmed', 'ml935450', 'youssef.yasser.eng', 'sgu20181551', 'sgu20171523', 'mazenelaraby9', 'jjh684212', 'gweihs', 'sgu20151482', 'hadeermuhammed189', 'omarshamekh', 'mahmoudehab30', '3boda2001', 'sgu20171497', 'sgu20171501', 'sgu20192127', 'sgu20171557', 'ahmedassyk.k', 'osamamohamed666', 'ascendtobe', 'arijit', 'cowaleedtarek', 'ibrahimshawky419', 'sgu20192007', 'thanusit', 'sgu20171524', 'islam7769', 'sgu20171513', 'sgu20171503', 'suhilaa81', 'aliabdelwhab12', 'mkmbzm', 'ahmedpro200', 'rolagerab', 'hck23', 'yasmeenaly99', 'sgu20191509', 'sgu20171546', 'prakriti', 'walterwagner', 'dlstn3460', 'yasminfayed44', 'dlsrb0521', 'pazzaglia.1714292', 'sgu20161489', 'dinaatefff92', 'karim25401', 'elamouro', 'ahmad2000226', 'afantoni', 'sgu20181521', 'taegun', 'sgu20141431', 'sgu20171341', 'sgu20181333', 'fouadamr60', 'radwamohamed2052000', 'sgu20181515', 'salahadel762', 'mth4891', 'eider_aparicio', 'mf2809522', 'yaseensalah', 'antlomb', 'sgu20181513', 'sgu20171583', 'sgu20191305', 'seifbibers', 'sr7070202', 'sheshtawy898', 'halynyu', 'sgu20201515', 'sgu20171517', 'marielabravo', 'sgu20181523', 'drivet927', 'sgu20171510', 'sgu20191489', 'wlsdn0820', 'leejongmin', 'om1803173', 'sgu20201501', 'sgu20161513', 'billkim', 'sgu20161526', 'manofautumn', 'jihyun', 'abdallahali098321', 'carlosperez', 'poularizk', 'jsambeek', 'youssef.amr.ya', 'kinszkola', 'abdullah.amr.tawheed', 'dlrbgur008', 'omarahmed1', 'mostafamahmoud19p9995', 'lets7512', 'midosaies', 'ucfaly75', 'sgu20181583', 'devesh124', 'bigwishwing', 'omeg_on', 'bishocasias', 'negeda', 'nadaelhossainii', 'sgu20161518', 'balter.trujillo', 'scratchy', 'tifa004', 'ma00yank', 'sgu20181579', 'kimjaeho608', 'tntjd3007', 'sgu20171533', 'nlidgi', 'ahmedkhaledgam', 'sgu20171521', 'sgu20171339', 'sgu20191333', 'abdelrhmangaber', 'mariamnader', 'mariam.ahmed.2721', 'ittopsk', 'sgu20201533', 'rawanhishaam', 'hcha71', 'sgu20191487', 'sgu20191453', 'sgu20171553', 'sgu20171525', 'adham.ibrahim.gamil', 'sgu20201459', 'sgu20201511', 'sgu20191455', 'thanaashabana02', 'danielemad', 'mariammhaanyy', 'tasneemasad19', 'noureldinseddik', 'sgu20171560', 'tifa27sherif', 'hyeonho', 'sgu20192113', 'mo32000a', 'gmcho980', 'maiop', 'nohasherif48', 'buggyjuggy', 'nour17', 'tarek.ahmed.hussein99', 'reemmohamed.rm38', 'a01088393779', 'omarabdelbary', 'alialouka2000', 'sgu20181557', 'tomas9159', 'norhanabdelhafeez4', 'sgu20161997', 'ahmedamer', 'sgu20141341', 'sgu20171516', 'mostafahassan0053', 'amrsamy1072', 'sgu20201521', 'ilgerby', 'sgu20171843', 'sgu20171534', 'lightholmes80', 'ahm_kam', 'ahmedqaed33316', 'sgu20181489', 'mohamed_ahmed_kamal', 'aatony', 'zainab2000', 'kamrankardel', 'ahmedaboalftouh15', 'sgu20171556', 'sgu20191490', 'sgu20201443', 'loayabdalla', 'merna1mohamed', 'silkysebum', 'mariamhnmahmed', 'zeyadnar88', 'medomohamed3213', 'bolabolbol832', 'tmdgus4284', 'b715112', 'jskim159', 'sgu20161455', 'sgu20151313', 'sgu20171594', 'abdelrahmanmohyoussef', 'rana_sakr', 'ayman.mahmoud104', 'sgu20201465', 'muhammadshaheen', 'sgu20151447', 'pwrstudent1997', 'goodjh120', 'bebo.w.b', 'sgu20181503', 'mw1155000', 'k4r1m', 'seongshan', 'rlibros', 'sgu20171584', 'sulemansami', 'wjdrms9897', 'sgu20201507', 'amira.mohmeed3', 'sgu20171535', 'lolpeanut', 'onion1228', 'kimjaewook5834', 'yosefsami', 'fatma.ali.2028', 'manar444', 'peikeyi', 'mohameddahy2012', 'omaralzayat2100', 'carolinegirgis20', 'hisham.khaled.ahmed', 's18ud1116022', 'omarahmed', 'janstefanski', 'pij33278', 'omarhesham565', 'ppzmh', 'sgu20181487', 'sgu20170241', 'davidruiz', 'sa3dmohamedsa3dmohamed12', 'ahmed.tarek', 'sguni20181551', 'selviasnow', 'omarhassanian', 'qkrrjsxor12', 'eslammosllah8', 'sgu20181499', 'sgu20161547', 'sgu20191492', 'sgu20201527', 'sgu20201433', 'chj20151375', 'ahmeed.aly2051', 'mingee0740', 'sgu20161481', 'yoodabin', 'nkobayas', 'sgu20181509', 'mmarzouk1809', 'zika144', 'ahmed_khaled_samir', 'mingi1226', 'sgu20171585', 'srholtz57', 'b815018', 'sgu20161475', 'rabab1801214', 'ssohila422', 'phidalgo', 'mohamed2001hussein', 'sgu20161537', 'abasu', 'mokamedkh21', 'sgu20181479', 'qudgur96', 'midoashraf88', 'omarmagdy99', 'sgu20171499', 'iamyoussefmohammed', 'sgu20171512', 'sgu20161486', 'joy34box', 'srini.140375', 'shehababaas123', 'essamottoman', 'lyubomyr.nykyruy', 'aksmf98', 'sgu20171350', 'noura.hesham181', 'juambananohub', 'nathangrossmann', 'sukantaswain.rs', 'hazemmohamed3570', 'sgu20201497', 'avraiem1804', 'sgu20191543', 'mgspencer1952', '20ahmedhossam20', 'minamorcos200', 'ahmedsalah_65', 'sgu20181511', 'sgu20151202', 'akersch', 'bodysoly26', 'sgu20201475', 'bingsoo', 'sgu20191523', 'sgu20171911', 'mostafa77', 'bguillet', 'duonduon', 'yongin02', 'mohamednader239', 'rexcrusader', 'sgu20151421', 'sgu20181480', 'minsuk', 'sinanaras', 'fatma.hazem19', 'b715052', 'nourhannshafik', 'qjyw1997', 'drseemavats', 'irfanirshad4', 'tafazulijaz1972', 'sgu20171536', 'bassel', 'jatkarmandar123', 'kimdc0134', 'sgu20201531', 'efoster', 'ahmed_nasef', 'sgu20171564', 'sgu20181535', 'sgu20161551', 'bilginomi', 'tkdgjs68', 'ktj08310806', 'sgu20171530', 'sgu20191385', 'abdelrhmantamer', 'sara.adel.84069', 'remongerges74', 'sgu20171551', 'rudtjr987', 'yousefelwalid', 'sgu20171597', 'sgu20171575', 'mikhaaa56', 'radovanovic', 'pgolani22', 'sanghoon21547', 'nadeen2', 'eyadcataract20', 'sgu20171897', 'jonnyi961', 'sgu20201479', 'georgesemi', 'serbulentyildirim', 'thjung', 'sgu20181357', 'martinboules80', 'manarahmad589', 'yossefibr282', 'kyj0603', 'jihongkim', 'xconanx98', 'seokkyu', 'aemad430', 'dafrawy21', 'sgu20171576', 'sgu20201463', 'mahmoududk', 'abaraka279', 'parkinsu', 'skdywaw1', 'kimos32']",18,"['ktj061860', 'ojiow', 'daniel223977', 'wodbs', 'pjw96', 'junn9916', 'homme0214', 'poby', 'wolol005', 'mindk24', 'zneet456', 'ilkwang', 'b815180', 'minyeong', 'buggyjuggy97', 'jaeyun0709', None, 'seunghun4757']",415,"['sgu20171541', 'beoungwoo', 'sgu20191457', 'sgu20191451', 'muhannadahmmed', 'sgu20171492', 'ilkwang', 'abdurrahmannasser10', 'eng.ahmed.adel.mourad', 'sgu20191469', 'ojiow', 'omarhusseinn.2000', 'shehab2040', 'amadi.billy', 'zadosalah', 'akmr1212', 'songhobin', 'sgu20171502', 'yasmin.eldeep2001', 'sgu20191494', 'ahmed9891', 'ibrahimelgendy95', 'pky2237', 'karimsamy', 'sgu20161460', 'b735544', 'mennaahmed', 'ml935450', 'youssef.yasser.eng', 'sgu20181551', 'sgu20171523', 'mazenelaraby9', 'jjh684212', 'gweihs', 'sgu20151482', 'hadeermuhammed189', 'omarshamekh', 'mahmoudehab30', '3boda2001', 'sgu20171497', 'sgu20171501', 'sgu20192127', 'sgu20171557', 'ahmedassyk.k', 'osamamohamed666', 'ascendtobe', 'arijit', 'cowaleedtarek', 'ibrahimshawky419', 'sgu20192007', 'thanusit', 'sgu20171524', 'islam7769', 'sgu20171513', 'sgu20171503', 'suhilaa81', 'aliabdelwhab12', 'mkmbzm', 'ahmedpro200', 'rolagerab', 'hck23', 'yasmeenaly99', 'sgu20191509', 'sgu20171546', 'prakriti', 'walterwagner', 'dlstn3460', 'yasminfayed44', 'dlsrb0521', 'pazzaglia.1714292', 'sgu20161489', 'dinaatefff92', 'karim25401', 'elamouro', 'ahmad2000226', 'afantoni', 'sgu20181521', 'taegun', 'sgu20141431', 'sgu20171341', 'sgu20181333', 'fouadamr60', 'radwamohamed2052000', 'sgu20181515', 'salahadel762', 'mth4891', 'eider_aparicio', 'mf2809522', 'yaseensalah', 'antlomb', 'sgu20181513', 'sgu20171583', 'sgu20191305', 'seifbibers', 'sr7070202', 'sheshtawy898', 'halynyu', 'sgu20201515', 'sgu20171517', 'marielabravo', 'sgu20181523', 'drivet927', 'sgu20171510', 'sgu20191489', 'wlsdn0820', 'leejongmin', 'om1803173', 'sgu20201501', 'sgu20161513', 'billkim', 'sgu20161526', 'manofautumn', 'jihyun', 'abdallahali098321', 'carlosperez', 'poularizk', 'jsambeek', 'youssef.amr.ya', 'kinszkola', 'mindk24', 'abdullah.amr.tawheed', 'dlrbgur008', 'omarahmed1', 'mostafamahmoud19p9995', 'lets7512', 'midosaies', 'ucfaly75', 'sgu20181583', 'devesh124', 'bigwishwing', 'omeg_on', 'bishocasias', 'negeda', 'nadaelhossainii', 'sgu20161518', 'balter.trujillo', 'scratchy', 'tifa004', 'ma00yank', 'sgu20181579', 'kimjaeho608', 'tntjd3007', 'sgu20171533', 'nlidgi', 'ahmedkhaledgam', 'sgu20171521', 'sgu20171339', 'sgu20191333', 'abdelrhmangaber', 'mariamnader', 'mariam.ahmed.2721', 'ittopsk', 'sgu20201533', 'rawanhishaam', 'hcha71', 'sgu20191487', 'sgu20191453', 'ktj061860', 'sgu20171553', 'sgu20171525', 'adham.ibrahim.gamil', 'sgu20201459', 'sgu20201511', 'sgu20191455', 'thanaashabana02', 'danielemad', 'mariammhaanyy', 'tasneemasad19', 'noureldinseddik', 'sgu20171560', 'tifa27sherif', 'hyeonho', 'sgu20192113', 'mo32000a', 'gmcho980', 'maiop', 'nohasherif48', 'buggyjuggy', 'nour17', 'tarek.ahmed.hussein99', 'reemmohamed.rm38', 'a01088393779', 'omarabdelbary', 'seunghun4757', 'alialouka2000', 'sgu20181557', 'tomas9159', 'norhanabdelhafeez4', 'sgu20161997', 'ahmedamer', 'sgu20141341', 'sgu20171516', 'mostafahassan0053', 'amrsamy1072', 'sgu20201521', 'ilgerby', 'sgu20171843', 'sgu20171534', 'lightholmes80', 'ahm_kam', 'ahmedqaed33316', 'sgu20181489', 'buggyjuggy97', 'mohamed_ahmed_kamal', 'aatony', 'zainab2000', 'kamrankardel', 'ahmedaboalftouh15', 'sgu20171556', 'sgu20191490', 'sgu20201443', 'loayabdalla', 'merna1mohamed', 'silkysebum', 'mariamhnmahmed', 'zeyadnar88', 'medomohamed3213', 'bolabolbol832', 'tmdgus4284', 'b715112', 'jskim159', 'pjw96', 'sgu20161455', 'sgu20151313', 'sgu20171594', 'abdelrahmanmohyoussef', 'rana_sakr', 'ayman.mahmoud104', 'sgu20201465', 'muhammadshaheen', 'sgu20151447', 'pwrstudent1997', 'goodjh120', 'bebo.w.b', 'sgu20181503', 'mw1155000', 'k4r1m', 'seongshan', 'rlibros', 'sgu20171584', 'sulemansami', 'wjdrms9897', 'sgu20201507', 'amira.mohmeed3', 'sgu20171535', 'lolpeanut', 'wodbs', 'onion1228', 'kimjaewook5834', 'yosefsami', 'fatma.ali.2028', 'manar444', 'peikeyi', 'mohameddahy2012', 'omaralzayat2100', 'carolinegirgis20', 'hisham.khaled.ahmed', 's18ud1116022', 'omarahmed', 'janstefanski', 'pij33278', 'omarhesham565', 'ppzmh', 'sgu20181487', 'junn9916', 'sgu20170241', 'davidruiz', 'spaget23', 'sa3dmohamedsa3dmohamed12', 'ahmed.tarek', 'sguni20181551', 'selviasnow', 'omarhassanian', 'qkrrjsxor12', 'eslammosllah8', 'sgu20181499', 'jaeyun0709', 'sgu20161547', 'daniel223977', 'sgu20191492', 'sgu20201527', 'sgu20201433', 'chj20151375', 'ahmeed.aly2051', 'mingee0740', 'sgu20161481', 'yoodabin', None, 'nkobayas', 'sgu20181509', 'mmarzouk1809', 'zika144', 'ahmed_khaled_samir', 'mingi1226', 'sgu20171585', 'srholtz57', 'b815018', 'sgu20161475', 'wolol005', 'rabab1801214', 'ssohila422', 'phidalgo', 'mohamed2001hussein', 'sgu20161537', 'abasu', 'mokamedkh21', 'sgu20181479', 'qudgur96', 'midoashraf88', 'omarmagdy99', 'sgu20171499', 'iamyoussefmohammed', 'sgu20171512', 'sgu20161486', 'joy34box', 'srini.140375', 'shehababaas123', 'poby', 'essamottoman', 'lyubomyr.nykyruy', 'aksmf98', 'sgu20171350', 'noura.hesham181', 'juambananohub', 'nathangrossmann', 'sukantaswain.rs', 'hazemmohamed3570', 'sgu20201497', 'avraiem1804', 'sgu20191543', 'mgspencer1952', '20ahmedhossam20', 'minamorcos200', 'ahmedsalah_65', 'sgu20181511', 'sgu20151202', 'akersch', 'bodysoly26', 'sgu20201475', 'bingsoo', 'sgu20191523', 'sgu20171911', 'mostafa77', 'bguillet', 'duonduon', 'yongin02', 'mohamednader239', 'b815180', 'rexcrusader', 'sgu20151421', 'sgu20181480', 'minsuk', 'sinanaras', 'fatma.hazem19', 'b715052', 'nourhannshafik', 'qjyw1997', 'drseemavats', 'irfanirshad4', 'tafazulijaz1972', 'sgu20171536', 'bassel', 'jatkarmandar123', 'kimdc0134', 'homme0214', 'sgu20201531', 'efoster', 'minyeong', 'ahmed_nasef', 'sgu20171564', 'sgu20181535', 'sgu20161551', 'bilginomi', 'tkdgjs68', 'ktj08310806', 'sgu20171530', 'sgu20191385', 'abdelrhmantamer', 'sara.adel.84069', 'remongerges74', 'sgu20171551', 'rudtjr987', 'yousefelwalid', 'sgu20171597', 'sgu20171575', 'mikhaaa56', 'radovanovic', 'pgolani22', 'sanghoon21547', 'nadeen2', 'eyadcataract20', 'sgu20171897', 'jonnyi961', 'sgu20201479', 'georgesemi', 'serbulentyildirim', 'thjung', 'sgu20181357', 'martinboules80', 'manarahmad589', 'yossefibr282', 'kyj0603', 'jihongkim', 'xconanx98', 'seokkyu', 'aemad430', 'dafrawy21', 'sgu20171576', 'sgu20201463', 'mahmoududk', 'zneet456', 'abaraka279', 'parkinsu', 'skdywaw1', 'kimos32']"
1,34,397,15,5,"['islam7769', 'mf2809522', 'danielemad', 'maiop', 'iamyoussefmohammed']",392,"['sgu20171541', 'beoungwoo', 'sgu20191457', 'sgu20191451', 'muhannadahmmed', 'sgu20171492', 'abdurrahmannasser10', 'eng.ahmed.adel.mourad', 'sgu20191469', 'omarhusseinn.2000', 'shehab2040', 'amadi.billy', 'zadosalah', 'akmr1212', 'songhobin', 'sgu20171502', 'yasmin.eldeep2001', 'sgu20191494', 'ahmed9891', 'ibrahimelgendy95', 'pky2237', 'karimsamy', 'sgu20161460', 'b735544', 'mennaahmed', 'ml935450', 'youssef.yasser.eng', 'sgu20181551', 'sgu20171523', 'mazenelaraby9', 'jjh684212', 'gweihs', 'sgu20151482', 'hadeermuhammed189', 'omarshamekh', 'mahmoudehab30', '3boda2001', 'sgu20171497', 'sgu20171501', 'sgu20192127', 'sgu20171557', 'ahmedassyk.k', 'osamamohamed666', 'ascendtobe', 'arijit', 'cowaleedtarek', 'ibrahimshawky419', 'sgu20192007', 'thanusit', 'sgu20171524', 'sgu20171513', 'sgu20171503', 'suhilaa81', 'aliabdelwhab12', 'mkmbzm', 'ahmedpro200', 'rolagerab', 'hck23', 'yasmeenaly99', 'sgu20191509', 'sgu20171546', 'prakriti', 'walterwagner', 'dlstn3460', 'yasminfayed44', 'dlsrb0521', 'pazzaglia.1714292', 'sgu20161489', 'dinaatefff92', 'karim25401', 'elamouro', 'ahmad2000226', 'afantoni', 'sgu20181521', 'taegun', 'sgu20141431', 'sgu20171341', 'sgu20181333', 'fouadamr60', 'radwamohamed2052000', 'sgu20181515', 'salahadel762', 'mth4891', 'eider_aparicio', 'yaseensalah', 'antlomb', 'sgu20181513', 'sgu20171583', 'sgu20191305', 'seifbibers', 'sr7070202', 'sheshtawy898', 'halynyu', 'sgu20201515', 'sgu20171517', 'marielabravo', 'sgu20181523', 'drivet927', 'sgu20171510', 'sgu20191489', 'wlsdn0820', 'leejongmin', 'om1803173', 'sgu20201501', 'sgu20161513', 'billkim', 'sgu20161526', 'manofautumn', 'jihyun', 'abdallahali098321', 'carlosperez', 'poularizk', 'jsambeek', 'youssef.amr.ya', 'kinszkola', 'abdullah.amr.tawheed', 'dlrbgur008', 'omarahmed1', 'mostafamahmoud19p9995', 'lets7512', 'midosaies', 'ucfaly75', 'sgu20181583', 'devesh124', 'bigwishwing', 'omeg_on', 'bishocasias', 'negeda', 'nadaelhossainii', 'sgu20161518', 'balter.trujillo', 'scratchy', 'tifa004', 'ma00yank', 'sgu20181579', 'kimjaeho608', 'tntjd3007', 'sgu20171533', 'nlidgi', 'ahmedkhaledgam', 'sgu20171521', 'sgu20171339', 'sgu20191333', 'abdelrhmangaber', 'mariamnader', 'mariam.ahmed.2721', 'ittopsk', 'sgu20201533', 'rawanhishaam', 'hcha71', 'sgu20191487', 'sgu20191453', 'sgu20171553', 'sgu20171525', 'adham.ibrahim.gamil', 'sgu20201459', 'sgu20201511', 'sgu20191455', 'thanaashabana02', 'mariammhaanyy', 'tasneemasad19', 'noureldinseddik', 'sgu20171560', 'tifa27sherif', 'hyeonho', 'sgu20192113', 'mo32000a', 'gmcho980', 'nohasherif48', 'buggyjuggy', 'nour17', 'tarek.ahmed.hussein99', 'reemmohamed.rm38', 'a01088393779', 'omarabdelbary', 'alialouka2000', 'sgu20181557', 'tomas9159', 'norhanabdelhafeez4', 'sgu20161997', 'ahmedamer', 'sgu20141341', 'sgu20171516', 'mostafahassan0053', 'amrsamy1072', 'sgu20201521', 'ilgerby', 'sgu20171843', 'sgu20171534', 'lightholmes80', 'ahm_kam', 'ahmedqaed33316', 'sgu20181489', 'mohamed_ahmed_kamal', 'aatony', 'zainab2000', 'kamrankardel', 'ahmedaboalftouh15', 'sgu20171556', 'sgu20191490', 'sgu20201443', 'loayabdalla', 'merna1mohamed', 'silkysebum', 'mariamhnmahmed', 'zeyadnar88', 'medomohamed3213', 'bolabolbol832', 'tmdgus4284', 'b715112', 'jskim159', 'sgu20161455', 'sgu20151313', 'sgu20171594', 'abdelrahmanmohyoussef', 'rana_sakr', 'ayman.mahmoud104', 'sgu20201465', 'muhammadshaheen', 'sgu20151447', 'pwrstudent1997', 'goodjh120', 'bebo.w.b', 'sgu20181503', 'mw1155000', 'k4r1m', 'seongshan', 'rlibros', 'sgu20171584', 'sulemansami', 'wjdrms9897', 'sgu20201507', 'amira.mohmeed3', 'sgu20171535', 'lolpeanut', 'onion1228', 'kimjaewook5834', 'yosefsami', 'fatma.ali.2028', 'manar444', 'peikeyi', 'mohameddahy2012', 'omaralzayat2100', 'carolinegirgis20', 'hisham.khaled.ahmed', 's18ud1116022', 'omarahmed', 'janstefanski', 'pij33278', 'omarhesham565', 'ppzmh', 'sgu20181487', 'sgu20170241', 'davidruiz', 'spaget23', 'sa3dmohamedsa3dmohamed12', 'ahmed.tarek', 'sguni20181551', 'selviasnow', 'omarhassanian', 'qkrrjsxor12', 'eslammosllah8', 'sgu20181499', 'sgu20161547', 'sgu20191492', 'sgu20201527', 'sgu20201433', 'chj20151375', 'ahmeed.aly2051', 'mingee0740', 'sgu20161481', 'yoodabin', 'nkobayas', 'sgu20181509', 'mmarzouk1809', 'zika144', 'ahmed_khaled_samir', 'mingi1226', 'sgu20171585', 'srholtz57', 'b815018', 'sgu20161475', 'rabab1801214', 'ssohila422', 'phidalgo', 'mohamed2001hussein', 'sgu20161537', 'abasu', 'mokamedkh21', 'sgu20181479', 'qudgur96', 'midoashraf88', 'omarmagdy99', 'sgu20171499', 'sgu20171512', 'sgu20161486', 'joy34box', 'srini.140375', 'shehababaas123', 'essamottoman', 'lyubomyr.nykyruy', 'aksmf98', 'sgu20171350', 'noura.hesham181', 'juambananohub', 'nathangrossmann', 'sukantaswain.rs', 'hazemmohamed3570', 'sgu20201497', 'avraiem1804', 'sgu20191543', 'mgspencer1952', '20ahmedhossam20', 'minamorcos200', 'ahmedsalah_65', 'sgu20181511', 'sgu20151202', 'akersch', 'bodysoly26', 'sgu20201475', 'bingsoo', 'sgu20191523', 'sgu20171911', 'mostafa77', 'bguillet', 'duonduon', 'yongin02', 'mohamednader239', 'rexcrusader', 'sgu20151421', 'sgu20181480', 'minsuk', 'sinanaras', 'fatma.hazem19', 'b715052', 'nourhannshafik', 'qjyw1997', 'drseemavats', 'irfanirshad4', 'tafazulijaz1972', 'sgu20171536', 'bassel', 'jatkarmandar123', 'kimdc0134', 'sgu20201531', 'efoster', 'ahmed_nasef', 'sgu20171564', 'sgu20181535', 'sgu20161551', 'bilginomi', 'tkdgjs68', 'ktj08310806', 'sgu20171530', 'sgu20191385', 'abdelrhmantamer', 'sara.adel.84069', 'remongerges74', 'sgu20171551', 'rudtjr987', 'yousefelwalid', 'sgu20171597', 'sgu20171575', 'mikhaaa56', 'radovanovic', 'pgolani22', 'sanghoon21547', 'nadeen2', 'eyadcataract20', 'sgu20171897', 'jonnyi961', 'sgu20201479', 'georgesemi', 'serbulentyildirim', 'thjung', 'sgu20181357', 'martinboules80', 'manarahmad589', 'yossefibr282', 'kyj0603', 'jihongkim', 'xconanx98', 'seokkyu', 'aemad430', 'dafrawy21', 'sgu20171576', 'sgu20201463', 'mahmoududk', 'abaraka279', 'parkinsu', 'skdywaw1', 'kimos32']",10,"['mh2207128', 'minatallah_alaa2001', 'destro_', 'ashraf9', 'hanin', 'd.sayed3007', 'youssefacer10', 'sherif3394', None, 'oygawish']",407,"['sgu20171541', 'beoungwoo', 'sgu20191457', 'sgu20191451', 'muhannadahmmed', 'sgu20171492', 'abdurrahmannasser10', 'eng.ahmed.adel.mourad', 'sgu20191469', 'omarhusseinn.2000', 'shehab2040', 'amadi.billy', 'zadosalah', 'akmr1212', 'songhobin', 'sgu20171502', 'yasmin.eldeep2001', 'sgu20191494', 'ahmed9891', 'ibrahimelgendy95', 'pky2237', 'karimsamy', 'sgu20161460', 'b735544', 'mennaahmed', 'ml935450', 'youssef.yasser.eng', 'minatallah_alaa2001', 'sgu20181551', 'sgu20171523', 'mazenelaraby9', 'jjh684212', 'gweihs', 'sgu20151482', 'hadeermuhammed189', 'omarshamekh', 'mahmoudehab30', '3boda2001', 'sgu20171497', 'sgu20171501', 'sgu20192127', 'sgu20171557', 'ahmedassyk.k', 'osamamohamed666', 'ascendtobe', 'arijit', 'cowaleedtarek', 'ibrahimshawky419', 'sgu20192007', 'thanusit', 'sgu20171524', 'islam7769', 'sgu20171513', 'sgu20171503', 'suhilaa81', 'aliabdelwhab12', 'mkmbzm', 'ahmedpro200', 'rolagerab', 'hck23', 'yasmeenaly99', 'sgu20191509', 'sgu20171546', 'prakriti', 'walterwagner', 'dlstn3460', 'yasminfayed44', 'dlsrb0521', 'pazzaglia.1714292', 'sgu20161489', 'dinaatefff92', 'karim25401', 'elamouro', 'ahmad2000226', 'afantoni', 'sgu20181521', 'taegun', 'sgu20141431', 'destro_', 'sgu20171341', 'sgu20181333', 'fouadamr60', 'radwamohamed2052000', 'hanin', 'sgu20181515', 'salahadel762', 'mth4891', 'eider_aparicio', 'mf2809522', 'yaseensalah', 'antlomb', 'sgu20181513', 'sgu20171583', 'sgu20191305', 'seifbibers', 'sr7070202', 'sheshtawy898', 'halynyu', 'sgu20201515', 'sgu20171517', 'marielabravo', 'sgu20181523', 'drivet927', 'sgu20171510', 'sgu20191489', 'wlsdn0820', 'leejongmin', 'om1803173', 'sgu20201501', 'sgu20161513', 'billkim', 'sgu20161526', 'manofautumn', 'jihyun', 'abdallahali098321', 'carlosperez', 'poularizk', 'jsambeek', 'youssef.amr.ya', 'kinszkola', 'abdullah.amr.tawheed', 'dlrbgur008', 'youssefacer10', 'omarahmed1', 'mostafamahmoud19p9995', 'oygawish', 'lets7512', 'midosaies', 'ucfaly75', 'sgu20181583', 'devesh124', 'bigwishwing', 'omeg_on', 'bishocasias', 'negeda', 'sherif3394', 'nadaelhossainii', 'sgu20161518', 'balter.trujillo', 'scratchy', 'tifa004', 'ma00yank', 'sgu20181579', 'kimjaeho608', 'tntjd3007', 'sgu20171533', 'nlidgi', 'ahmedkhaledgam', 'sgu20171521', 'sgu20171339', 'sgu20191333', 'abdelrhmangaber', 'mariamnader', 'mariam.ahmed.2721', 'ittopsk', 'sgu20201533', 'rawanhishaam', 'hcha71', 'sgu20191487', 'sgu20191453', 'sgu20171553', 'sgu20171525', 'adham.ibrahim.gamil', 'sgu20201459', 'sgu20201511', 'sgu20191455', 'thanaashabana02', 'danielemad', 'mariammhaanyy', 'tasneemasad19', 'noureldinseddik', 'sgu20171560', 'tifa27sherif', 'hyeonho', 'sgu20192113', 'mo32000a', 'gmcho980', 'maiop', 'nohasherif48', 'buggyjuggy', 'nour17', 'tarek.ahmed.hussein99', 'reemmohamed.rm38', 'a01088393779', 'omarabdelbary', 'alialouka2000', 'sgu20181557', 'tomas9159', 'norhanabdelhafeez4', 'sgu20161997', 'ahmedamer', 'sgu20141341', 'sgu20171516', 'mostafahassan0053', 'amrsamy1072', 'sgu20201521', 'ilgerby', 'sgu20171843', 'sgu20171534', 'lightholmes80', 'ahm_kam', 'ahmedqaed33316', 'sgu20181489', 'mohamed_ahmed_kamal', 'aatony', 'zainab2000', 'kamrankardel', 'ahmedaboalftouh15', 'sgu20171556', 'sgu20191490', 'sgu20201443', 'loayabdalla', 'merna1mohamed', 'silkysebum', 'mariamhnmahmed', 'zeyadnar88', 'medomohamed3213', 'bolabolbol832', 'tmdgus4284', 'b715112', 'jskim159', 'sgu20161455', 'sgu20151313', 'sgu20171594', 'abdelrahmanmohyoussef', 'rana_sakr', 'ayman.mahmoud104', 'sgu20201465', 'muhammadshaheen', 'sgu20151447', 'pwrstudent1997', 'goodjh120', 'bebo.w.b', 'sgu20181503', 'mw1155000', 'k4r1m', 'seongshan', 'rlibros', 'sgu20171584', 'sulemansami', 'wjdrms9897', 'sgu20201507', 'amira.mohmeed3', 'sgu20171535', 'lolpeanut', 'onion1228', 'kimjaewook5834', 'yosefsami', 'fatma.ali.2028', 'manar444', 'peikeyi', 'mohameddahy2012', 'omaralzayat2100', 'carolinegirgis20', 'hisham.khaled.ahmed', 's18ud1116022', 'omarahmed', 'janstefanski', 'pij33278', 'omarhesham565', 'ppzmh', 'sgu20181487', 'sgu20170241', 'davidruiz', 'spaget23', 'sa3dmohamedsa3dmohamed12', 'ahmed.tarek', 'sguni20181551', 'selviasnow', 'omarhassanian', 'qkrrjsxor12', 'eslammosllah8', 'sgu20181499', 'sgu20161547', 'sgu20191492', 'sgu20201527', 'sgu20201433', 'chj20151375', 'ahmeed.aly2051', 'mingee0740', 'sgu20161481', 'yoodabin', None, 'nkobayas', 'sgu20181509', 'mmarzouk1809', 'zika144', 'ahmed_khaled_samir', 'mingi1226', 'sgu20171585', 'srholtz57', 'b815018', 'sgu20161475', 'rabab1801214', 'ssohila422', 'phidalgo', 'mohamed2001hussein', 'sgu20161537', 'abasu', 'mokamedkh21', 'ashraf9', 'sgu20181479', 'qudgur96', 'midoashraf88', 'omarmagdy99', 'sgu20171499', 'iamyoussefmohammed', 'sgu20171512', 'sgu20161486', 'joy34box', 'srini.140375', 'shehababaas123', 'essamottoman', 'lyubomyr.nykyruy', 'aksmf98', 'sgu20171350', 'noura.hesham181', 'juambananohub', 'mh2207128', 'nathangrossmann', 'sukantaswain.rs', 'hazemmohamed3570', 'sgu20201497', 'avraiem1804', 'sgu20191543', 'mgspencer1952', '20ahmedhossam20', 'minamorcos200', 'ahmedsalah_65', 'sgu20181511', 'sgu20151202', 'akersch', 'bodysoly26', 'sgu20201475', 'bingsoo', 'sgu20191523', 'sgu20171911', 'mostafa77', 'bguillet', 'duonduon', 'yongin02', 'mohamednader239', 'd.sayed3007', 'rexcrusader', 'sgu20151421', 'sgu20181480', 'minsuk', 'sinanaras', 'fatma.hazem19', 'b715052', 'nourhannshafik', 'qjyw1997', 'drseemavats', 'irfanirshad4', 'tafazulijaz1972', 'sgu20171536', 'bassel', 'jatkarmandar123', 'kimdc0134', 'sgu20201531', 'efoster', 'ahmed_nasef', 'sgu20171564', 'sgu20181535', 'sgu20161551', 'bilginomi', 'tkdgjs68', 'ktj08310806', 'sgu20171530', 'sgu20191385', 'abdelrhmantamer', 'sara.adel.84069', 'remongerges74', 'sgu20171551', 'rudtjr987', 'yousefelwalid', 'sgu20171597', 'sgu20171575', 'mikhaaa56', 'radovanovic', 'pgolani22', 'sanghoon21547', 'nadeen2', 'eyadcataract20', 'sgu20171897', 'jonnyi961', 'sgu20201479', 'georgesemi', 'serbulentyildirim', 'thjung', 'sgu20181357', 'martinboules80', 'manarahmad589', 'yossefibr282', 'kyj0603', 'jihongkim', 'xconanx98', 'seokkyu', 'aemad430', 'dafrawy21', 'sgu20171576', 'sgu20201463', 'mahmoududk', 'abaraka279', 'parkinsu', 'skdywaw1', 'kimos32']"
1,309,397,9,3,"['sgu20171564', 'sgu20171535', 'sgu20171536']",394,"['sgu20171541', 'beoungwoo', 'sgu20191457', 'sgu20191451', 'muhannadahmmed', 'sgu20171492', 'abdurrahmannasser10', 'eng.ahmed.adel.mourad', 'sgu20191469', 'omarhusseinn.2000', 'shehab2040', 'amadi.billy', 'zadosalah', 'akmr1212', 'songhobin', 'sgu20171502', 'yasmin.eldeep2001', 'sgu20191494', 'ahmed9891', 'ibrahimelgendy95', 'pky2237', 'karimsamy', 'sgu20161460', 'b735544', 'mennaahmed', 'ml935450', 'youssef.yasser.eng', 'sgu20181551', 'sgu20171523', 'mazenelaraby9', 'jjh684212', 'gweihs', 'sgu20151482', 'hadeermuhammed189', 'omarshamekh', 'mahmoudehab30', '3boda2001', 'sgu20171497', 'sgu20171501', 'sgu20192127', 'sgu20171557', 'ahmedassyk.k', 'osamamohamed666', 'ascendtobe', 'arijit', 'cowaleedtarek', 'ibrahimshawky419', 'sgu20192007', 'thanusit', 'sgu20171524', 'islam7769', 'sgu20171513', 'sgu20171503', 'suhilaa81', 'aliabdelwhab12', 'mkmbzm', 'ahmedpro200', 'rolagerab', 'hck23', 'yasmeenaly99', 'sgu20191509', 'sgu20171546', 'prakriti', 'walterwagner', 'dlstn3460', 'yasminfayed44', 'dlsrb0521', 'pazzaglia.1714292', 'sgu20161489', 'dinaatefff92', 'karim25401', 'elamouro', 'ahmad2000226', 'afantoni', 'sgu20181521', 'taegun', 'sgu20141431', 'sgu20171341', 'sgu20181333', 'fouadamr60', 'radwamohamed2052000', 'sgu20181515', 'salahadel762', 'mth4891', 'eider_aparicio', 'mf2809522', 'yaseensalah', 'antlomb', 'sgu20181513', 'sgu20171583', 'sgu20191305', 'seifbibers', 'sr7070202', 'sheshtawy898', 'halynyu', 'sgu20201515', 'sgu20171517', 'marielabravo', 'sgu20181523', 'drivet927', 'sgu20171510', 'sgu20191489', 'wlsdn0820', 'leejongmin', 'om1803173', 'sgu20201501', 'sgu20161513', 'billkim', 'sgu20161526', 'manofautumn', 'jihyun', 'abdallahali098321', 'carlosperez', 'poularizk', 'jsambeek', 'youssef.amr.ya', 'kinszkola', 'abdullah.amr.tawheed', 'dlrbgur008', 'omarahmed1', 'mostafamahmoud19p9995', 'lets7512', 'midosaies', 'ucfaly75', 'sgu20181583', 'devesh124', 'bigwishwing', 'omeg_on', 'bishocasias', 'negeda', 'nadaelhossainii', 'sgu20161518', 'balter.trujillo', 'scratchy', 'tifa004', 'ma00yank', 'sgu20181579', 'kimjaeho608', 'tntjd3007', 'sgu20171533', 'nlidgi', 'ahmedkhaledgam', 'sgu20171521', 'sgu20171339', 'sgu20191333', 'abdelrhmangaber', 'mariamnader', 'mariam.ahmed.2721', 'ittopsk', 'sgu20201533', 'rawanhishaam', 'hcha71', 'sgu20191487', 'sgu20191453', 'sgu20171553', 'sgu20171525', 'adham.ibrahim.gamil', 'sgu20201459', 'sgu20201511', 'sgu20191455', 'thanaashabana02', 'danielemad', 'mariammhaanyy', 'tasneemasad19', 'noureldinseddik', 'sgu20171560', 'tifa27sherif', 'hyeonho', 'sgu20192113', 'mo32000a', 'gmcho980', 'maiop', 'nohasherif48', 'buggyjuggy', 'nour17', 'tarek.ahmed.hussein99', 'reemmohamed.rm38', 'a01088393779', 'omarabdelbary', 'alialouka2000', 'sgu20181557', 'tomas9159', 'norhanabdelhafeez4', 'sgu20161997', 'ahmedamer', 'sgu20141341', 'sgu20171516', 'mostafahassan0053', 'amrsamy1072', 'sgu20201521', 'ilgerby', 'sgu20171843', 'sgu20171534', 'lightholmes80', 'ahm_kam', 'ahmedqaed33316', 'sgu20181489', 'mohamed_ahmed_kamal', 'aatony', 'zainab2000', 'kamrankardel', 'ahmedaboalftouh15', 'sgu20171556', 'sgu20191490', 'sgu20201443', 'loayabdalla', 'merna1mohamed', 'silkysebum', 'mariamhnmahmed', 'zeyadnar88', 'medomohamed3213', 'bolabolbol832', 'tmdgus4284', 'b715112', 'jskim159', 'sgu20161455', 'sgu20151313', 'sgu20171594', 'abdelrahmanmohyoussef', 'rana_sakr', 'ayman.mahmoud104', 'sgu20201465', 'muhammadshaheen', 'sgu20151447', 'pwrstudent1997', 'goodjh120', 'bebo.w.b', 'sgu20181503', 'mw1155000', 'k4r1m', 'seongshan', 'rlibros', 'sgu20171584', 'sulemansami', 'wjdrms9897', 'sgu20201507', 'amira.mohmeed3', 'lolpeanut', 'onion1228', 'kimjaewook5834', 'yosefsami', 'fatma.ali.2028', 'manar444', 'peikeyi', 'mohameddahy2012', 'omaralzayat2100', 'carolinegirgis20', 'hisham.khaled.ahmed', 's18ud1116022', 'omarahmed', 'janstefanski', 'pij33278', 'omarhesham565', 'ppzmh', 'sgu20181487', 'sgu20170241', 'davidruiz', 'spaget23', 'sa3dmohamedsa3dmohamed12', 'ahmed.tarek', 'sguni20181551', 'selviasnow', 'omarhassanian', 'qkrrjsxor12', 'eslammosllah8', 'sgu20181499', 'sgu20161547', 'sgu20191492', 'sgu20201527', 'sgu20201433', 'chj20151375', 'ahmeed.aly2051', 'mingee0740', 'sgu20161481', 'yoodabin', 'nkobayas', 'sgu20181509', 'mmarzouk1809', 'zika144', 'ahmed_khaled_samir', 'mingi1226', 'sgu20171585', 'srholtz57', 'b815018', 'sgu20161475', 'rabab1801214', 'ssohila422', 'phidalgo', 'mohamed2001hussein', 'sgu20161537', 'abasu', 'mokamedkh21', 'sgu20181479', 'qudgur96', 'midoashraf88', 'omarmagdy99', 'sgu20171499', 'iamyoussefmohammed', 'sgu20171512', 'sgu20161486', 'joy34box', 'srini.140375', 'shehababaas123', 'essamottoman', 'lyubomyr.nykyruy', 'aksmf98', 'sgu20171350', 'noura.hesham181', 'juambananohub', 'nathangrossmann', 'sukantaswain.rs', 'hazemmohamed3570', 'sgu20201497', 'avraiem1804', 'sgu20191543', 'mgspencer1952', '20ahmedhossam20', 'minamorcos200', 'ahmedsalah_65', 'sgu20181511', 'sgu20151202', 'akersch', 'bodysoly26', 'sgu20201475', 'bingsoo', 'sgu20191523', 'sgu20171911', 'mostafa77', 'bguillet', 'duonduon', 'yongin02', 'mohamednader239', 'rexcrusader', 'sgu20151421', 'sgu20181480', 'minsuk', 'sinanaras', 'fatma.hazem19', 'b715052', 'nourhannshafik', 'qjyw1997', 'drseemavats', 'irfanirshad4', 'tafazulijaz1972', 'bassel', 'jatkarmandar123', 'kimdc0134', 'sgu20201531', 'efoster', 'ahmed_nasef', 'sgu20181535', 'sgu20161551', 'bilginomi', 'tkdgjs68', 'ktj08310806', 'sgu20171530', 'sgu20191385', 'abdelrhmantamer', 'sara.adel.84069', 'remongerges74', 'sgu20171551', 'rudtjr987', 'yousefelwalid', 'sgu20171597', 'sgu20171575', 'mikhaaa56', 'radovanovic', 'pgolani22', 'sanghoon21547', 'nadeen2', 'eyadcataract20', 'sgu20171897', 'jonnyi961', 'sgu20201479', 'georgesemi', 'serbulentyildirim', 'thjung', 'sgu20181357', 'martinboules80', 'manarahmad589', 'yossefibr282', 'kyj0603', 'jihongkim', 'xconanx98', 'seokkyu', 'aemad430', 'dafrawy21', 'sgu20171576', 'sgu20201463', 'mahmoududk', 'abaraka279', 'parkinsu', 'skdywaw1', 'kimos32']",6,"['sgu20191461', 'yoona8', 'sgu20171548', 'sgu20171570', None, 'sgu20161519']",403,"['sgu20171541', 'beoungwoo', 'sgu20191457', 'sgu20191451', 'muhannadahmmed', 'sgu20171492', 'abdurrahmannasser10', 'eng.ahmed.adel.mourad', 'sgu20191469', 'omarhusseinn.2000', 'shehab2040', 'amadi.billy', 'zadosalah', 'akmr1212', 'songhobin', 'sgu20171502', 'yasmin.eldeep2001', 'sgu20191494', 'ahmed9891', 'ibrahimelgendy95', 'pky2237', 'karimsamy', 'sgu20161460', 'b735544', 'mennaahmed', 'ml935450', 'youssef.yasser.eng', 'sgu20161519', 'sgu20181551', 'sgu20171523', 'mazenelaraby9', 'jjh684212', 'gweihs', 'sgu20151482', 'hadeermuhammed189', 'omarshamekh', 'mahmoudehab30', '3boda2001', 'sgu20171497', 'sgu20171501', 'sgu20192127', 'sgu20171557', 'ahmedassyk.k', 'osamamohamed666', 'ascendtobe', 'arijit', 'cowaleedtarek', 'ibrahimshawky419', 'sgu20192007', 'thanusit', 'sgu20171524', 'islam7769', 'sgu20171513', 'sgu20171503', 'suhilaa81', 'aliabdelwhab12', 'mkmbzm', 'ahmedpro200', 'rolagerab', 'hck23', 'yasmeenaly99', 'sgu20191509', 'sgu20171546', 'prakriti', 'walterwagner', 'dlstn3460', 'yasminfayed44', 'dlsrb0521', 'pazzaglia.1714292', 'sgu20161489', 'dinaatefff92', 'karim25401', 'elamouro', 'ahmad2000226', 'afantoni', 'sgu20181521', 'taegun', 'sgu20141431', 'sgu20171341', 'sgu20181333', 'fouadamr60', 'radwamohamed2052000', 'sgu20181515', 'salahadel762', 'mth4891', 'eider_aparicio', 'mf2809522', 'yaseensalah', 'antlomb', 'sgu20181513', 'sgu20171583', 'sgu20191305', 'seifbibers', 'sr7070202', 'sheshtawy898', 'halynyu', 'sgu20201515', 'sgu20171517', 'marielabravo', 'sgu20181523', 'drivet927', 'sgu20171510', 'sgu20191489', 'wlsdn0820', 'leejongmin', 'om1803173', 'sgu20201501', 'sgu20161513', 'billkim', 'sgu20161526', 'manofautumn', 'jihyun', 'abdallahali098321', 'carlosperez', 'poularizk', 'jsambeek', 'youssef.amr.ya', 'kinszkola', 'abdullah.amr.tawheed', 'dlrbgur008', 'omarahmed1', 'mostafamahmoud19p9995', 'lets7512', 'midosaies', 'ucfaly75', 'sgu20181583', 'devesh124', 'bigwishwing', 'omeg_on', 'yoona8', 'bishocasias', 'negeda', 'nadaelhossainii', 'sgu20161518', 'balter.trujillo', 'scratchy', 'tifa004', 'ma00yank', 'sgu20181579', 'kimjaeho608', 'tntjd3007', 'sgu20171533', 'nlidgi', 'ahmedkhaledgam', 'sgu20171521', 'sgu20171339', 'sgu20191333', 'abdelrhmangaber', 'sgu20171548', 'mariamnader', 'mariam.ahmed.2721', 'ittopsk', 'sgu20201533', 'rawanhishaam', 'hcha71', 'sgu20191487', 'sgu20191453', 'sgu20171553', 'sgu20171525', 'adham.ibrahim.gamil', 'sgu20201459', 'sgu20201511', 'sgu20191455', 'thanaashabana02', 'danielemad', 'sgu20191461', 'mariammhaanyy', 'tasneemasad19', 'noureldinseddik', 'sgu20171560', 'tifa27sherif', 'hyeonho', 'sgu20192113', 'mo32000a', 'gmcho980', 'maiop', 'nohasherif48', 'buggyjuggy', 'nour17', 'tarek.ahmed.hussein99', 'reemmohamed.rm38', 'a01088393779', 'omarabdelbary', 'alialouka2000', 'sgu20181557', 'tomas9159', 'norhanabdelhafeez4', 'sgu20161997', 'ahmedamer', 'sgu20141341', 'sgu20171516', 'mostafahassan0053', 'amrsamy1072', 'sgu20201521', 'ilgerby', 'sgu20171843', 'sgu20171534', 'lightholmes80', 'ahm_kam', 'ahmedqaed33316', 'sgu20181489', 'mohamed_ahmed_kamal', 'aatony', 'zainab2000', 'kamrankardel', 'ahmedaboalftouh15', 'sgu20171556', 'sgu20191490', 'sgu20201443', 'loayabdalla', 'merna1mohamed', 'silkysebum', 'mariamhnmahmed', 'zeyadnar88', 'medomohamed3213', 'bolabolbol832', 'tmdgus4284', 'b715112', 'jskim159', 'sgu20161455', 'sgu20151313', 'sgu20171594', 'abdelrahmanmohyoussef', 'rana_sakr', 'ayman.mahmoud104', 'sgu20201465', 'muhammadshaheen', 'sgu20151447', 'pwrstudent1997', 'goodjh120', 'bebo.w.b', 'sgu20181503', 'mw1155000', 'k4r1m', 'seongshan', 'rlibros', 'sgu20171584', 'sulemansami', 'wjdrms9897', 'sgu20201507', 'amira.mohmeed3', 'sgu20171535', 'lolpeanut', 'onion1228', 'kimjaewook5834', 'yosefsami', 'fatma.ali.2028', 'manar444', 'peikeyi', 'mohameddahy2012', 'omaralzayat2100', 'carolinegirgis20', 'hisham.khaled.ahmed', 's18ud1116022', 'omarahmed', 'janstefanski', 'pij33278', 'omarhesham565', 'ppzmh', 'sgu20181487', 'sgu20170241', 'davidruiz', 'spaget23', 'sa3dmohamedsa3dmohamed12', 'ahmed.tarek', 'sguni20181551', 'selviasnow', 'omarhassanian', 'qkrrjsxor12', 'eslammosllah8', 'sgu20181499', 'sgu20171570', 'sgu20161547', 'sgu20191492', 'sgu20201527', 'sgu20201433', 'chj20151375', 'ahmeed.aly2051', 'mingee0740', 'sgu20161481', 'yoodabin', None, 'nkobayas', 'sgu20181509', 'mmarzouk1809', 'zika144', 'ahmed_khaled_samir', 'mingi1226', 'sgu20171585', 'srholtz57', 'b815018', 'sgu20161475', 'rabab1801214', 'ssohila422', 'phidalgo', 'mohamed2001hussein', 'sgu20161537', 'abasu', 'mokamedkh21', 'sgu20181479', 'qudgur96', 'midoashraf88', 'omarmagdy99', 'sgu20171499', 'iamyoussefmohammed', 'sgu20171512', 'sgu20161486', 'joy34box', 'srini.140375', 'shehababaas123', 'essamottoman', 'lyubomyr.nykyruy', 'aksmf98', 'sgu20171350', 'noura.hesham181', 'juambananohub', 'nathangrossmann', 'sukantaswain.rs', 'hazemmohamed3570', 'sgu20201497', 'avraiem1804', 'sgu20191543', 'mgspencer1952', '20ahmedhossam20', 'minamorcos200', 'ahmedsalah_65', 'sgu20181511', 'sgu20151202', 'akersch', 'bodysoly26', 'sgu20201475', 'bingsoo', 'sgu20191523', 'sgu20171911', 'mostafa77', 'bguillet', 'duonduon', 'yongin02', 'mohamednader239', 'rexcrusader', 'sgu20151421', 'sgu20181480', 'minsuk', 'sinanaras', 'fatma.hazem19', 'b715052', 'nourhannshafik', 'qjyw1997', 'drseemavats', 'irfanirshad4', 'tafazulijaz1972', 'sgu20171536', 'bassel', 'jatkarmandar123', 'kimdc0134', 'sgu20201531', 'efoster', 'ahmed_nasef', 'sgu20171564', 'sgu20181535', 'sgu20161551', 'bilginomi', 'tkdgjs68', 'ktj08310806', 'sgu20171530', 'sgu20191385', 'abdelrhmantamer', 'sara.adel.84069', 'remongerges74', 'sgu20171551', 'rudtjr987', 'yousefelwalid', 'sgu20171597', 'sgu20171575', 'mikhaaa56', 'radovanovic', 'pgolani22', 'sanghoon21547', 'nadeen2', 'eyadcataract20', 'sgu20171897', 'jonnyi961', 'sgu20201479', 'georgesemi', 'serbulentyildirim', 'thjung', 'sgu20181357', 'martinboules80', 'manarahmad589', 'yossefibr282', 'kyj0603', 'jihongkim', 'xconanx98', 'seokkyu', 'aemad430', 'dafrawy21', 'sgu20171576', 'sgu20201463', 'mahmoududk', 'abaraka279', 'parkinsu', 'skdywaw1', 'kimos32']"
1,462,397,9,1,['prakriti'],396,"['sgu20171541', 'beoungwoo', 'sgu20191457', 'sgu20191451', 'muhannadahmmed', 'sgu20171492', 'abdurrahmannasser10', 'eng.ahmed.adel.mourad', 'sgu20191469', 'omarhusseinn.2000', 'shehab2040', 'amadi.billy', 'zadosalah', 'akmr1212', 'songhobin', 'sgu20171502', 'yasmin.eldeep2001', 'sgu20191494', 'ahmed9891', 'ibrahimelgendy95', 'pky2237', 'karimsamy', 'sgu20161460', 'b735544', 'mennaahmed', 'ml935450', 'youssef.yasser.eng', 'sgu20181551', 'sgu20171523', 'mazenelaraby9', 'jjh684212', 'gweihs', 'sgu20151482', 'hadeermuhammed189', 'omarshamekh', 'mahmoudehab30', '3boda2001', 'sgu20171497', 'sgu20171501', 'sgu20192127', 'sgu20171557', 'ahmedassyk.k', 'osamamohamed666', 'ascendtobe', 'arijit', 'cowaleedtarek', 'ibrahimshawky419', 'sgu20192007', 'thanusit', 'sgu20171524', 'islam7769', 'sgu20171513', 'sgu20171503', 'suhilaa81', 'aliabdelwhab12', 'mkmbzm', 'ahmedpro200', 'rolagerab', 'hck23', 'yasmeenaly99', 'sgu20191509', 'sgu20171546', 'walterwagner', 'dlstn3460', 'yasminfayed44', 'dlsrb0521', 'pazzaglia.1714292', 'sgu20161489', 'dinaatefff92', 'karim25401', 'elamouro', 'ahmad2000226', 'afantoni', 'sgu20181521', 'taegun', 'sgu20141431', 'sgu20171341', 'sgu20181333', 'fouadamr60', 'radwamohamed2052000', 'sgu20181515', 'salahadel762', 'mth4891', 'eider_aparicio', 'mf2809522', 'yaseensalah', 'antlomb', 'sgu20181513', 'sgu20171583', 'sgu20191305', 'seifbibers', 'sr7070202', 'sheshtawy898', 'halynyu', 'sgu20201515', 'sgu20171517', 'marielabravo', 'sgu20181523', 'drivet927', 'sgu20171510', 'sgu20191489', 'wlsdn0820', 'leejongmin', 'om1803173', 'sgu20201501', 'sgu20161513', 'billkim', 'sgu20161526', 'manofautumn', 'jihyun', 'abdallahali098321', 'carlosperez', 'poularizk', 'jsambeek', 'youssef.amr.ya', 'kinszkola', 'abdullah.amr.tawheed', 'dlrbgur008', 'omarahmed1', 'mostafamahmoud19p9995', 'lets7512', 'midosaies', 'ucfaly75', 'sgu20181583', 'devesh124', 'bigwishwing', 'omeg_on', 'bishocasias', 'negeda', 'nadaelhossainii', 'sgu20161518', 'balter.trujillo', 'scratchy', 'tifa004', 'ma00yank', 'sgu20181579', 'kimjaeho608', 'tntjd3007', 'sgu20171533', 'nlidgi', 'ahmedkhaledgam', 'sgu20171521', 'sgu20171339', 'sgu20191333', 'abdelrhmangaber', 'mariamnader', 'mariam.ahmed.2721', 'ittopsk', 'sgu20201533', 'rawanhishaam', 'hcha71', 'sgu20191487', 'sgu20191453', 'sgu20171553', 'sgu20171525', 'adham.ibrahim.gamil', 'sgu20201459', 'sgu20201511', 'sgu20191455', 'thanaashabana02', 'danielemad', 'mariammhaanyy', 'tasneemasad19', 'noureldinseddik', 'sgu20171560', 'tifa27sherif', 'hyeonho', 'sgu20192113', 'mo32000a', 'gmcho980', 'maiop', 'nohasherif48', 'buggyjuggy', 'nour17', 'tarek.ahmed.hussein99', 'reemmohamed.rm38', 'a01088393779', 'omarabdelbary', 'alialouka2000', 'sgu20181557', 'tomas9159', 'norhanabdelhafeez4', 'sgu20161997', 'ahmedamer', 'sgu20141341', 'sgu20171516', 'mostafahassan0053', 'amrsamy1072', 'sgu20201521', 'ilgerby', 'sgu20171843', 'sgu20171534', 'lightholmes80', 'ahm_kam', 'ahmedqaed33316', 'sgu20181489', 'mohamed_ahmed_kamal', 'aatony', 'zainab2000', 'kamrankardel', 'ahmedaboalftouh15', 'sgu20171556', 'sgu20191490', 'sgu20201443', 'loayabdalla', 'merna1mohamed', 'silkysebum', 'mariamhnmahmed', 'zeyadnar88', 'medomohamed3213', 'bolabolbol832', 'tmdgus4284', 'b715112', 'jskim159', 'sgu20161455', 'sgu20151313', 'sgu20171594', 'abdelrahmanmohyoussef', 'rana_sakr', 'ayman.mahmoud104', 'sgu20201465', 'muhammadshaheen', 'sgu20151447', 'pwrstudent1997', 'goodjh120', 'bebo.w.b', 'sgu20181503', 'mw1155000', 'k4r1m', 'seongshan', 'rlibros', 'sgu20171584', 'sulemansami', 'wjdrms9897', 'sgu20201507', 'amira.mohmeed3', 'sgu20171535', 'lolpeanut', 'onion1228', 'kimjaewook5834', 'yosefsami', 'fatma.ali.2028', 'manar444', 'peikeyi', 'mohameddahy2012', 'omaralzayat2100', 'carolinegirgis20', 'hisham.khaled.ahmed', 's18ud1116022', 'omarahmed', 'janstefanski', 'pij33278', 'omarhesham565', 'ppzmh', 'sgu20181487', 'sgu20170241', 'davidruiz', 'spaget23', 'sa3dmohamedsa3dmohamed12', 'ahmed.tarek', 'sguni20181551', 'selviasnow', 'omarhassanian', 'qkrrjsxor12', 'eslammosllah8', 'sgu20181499', 'sgu20161547', 'sgu20191492', 'sgu20201527', 'sgu20201433', 'chj20151375', 'ahmeed.aly2051', 'mingee0740', 'sgu20161481', 'yoodabin', 'nkobayas', 'sgu20181509', 'mmarzouk1809', 'zika144', 'ahmed_khaled_samir', 'mingi1226', 'sgu20171585', 'srholtz57', 'b815018', 'sgu20161475', 'rabab1801214', 'ssohila422', 'phidalgo', 'mohamed2001hussein', 'sgu20161537', 'abasu', 'mokamedkh21', 'sgu20181479', 'qudgur96', 'midoashraf88', 'omarmagdy99', 'sgu20171499', 'iamyoussefmohammed', 'sgu20171512', 'sgu20161486', 'joy34box', 'srini.140375', 'shehababaas123', 'essamottoman', 'lyubomyr.nykyruy', 'aksmf98', 'sgu20171350', 'noura.hesham181', 'juambananohub', 'nathangrossmann', 'sukantaswain.rs', 'hazemmohamed3570', 'sgu20201497', 'avraiem1804', 'sgu20191543', 'mgspencer1952', '20ahmedhossam20', 'minamorcos200', 'ahmedsalah_65', 'sgu20181511', 'sgu20151202', 'akersch', 'bodysoly26', 'sgu20201475', 'bingsoo', 'sgu20191523', 'sgu20171911', 'mostafa77', 'bguillet', 'duonduon', 'yongin02', 'mohamednader239', 'rexcrusader', 'sgu20151421', 'sgu20181480', 'minsuk', 'sinanaras', 'fatma.hazem19', 'b715052', 'nourhannshafik', 'qjyw1997', 'drseemavats', 'irfanirshad4', 'tafazulijaz1972', 'sgu20171536', 'bassel', 'jatkarmandar123', 'kimdc0134', 'sgu20201531', 'efoster', 'ahmed_nasef', 'sgu20171564', 'sgu20181535', 'sgu20161551', 'bilginomi', 'tkdgjs68', 'ktj08310806', 'sgu20171530', 'sgu20191385', 'abdelrhmantamer', 'sara.adel.84069', 'remongerges74', 'sgu20171551', 'rudtjr987', 'yousefelwalid', 'sgu20171597', 'sgu20171575', 'mikhaaa56', 'radovanovic', 'pgolani22', 'sanghoon21547', 'nadeen2', 'eyadcataract20', 'sgu20171897', 'jonnyi961', 'sgu20201479', 'georgesemi', 'serbulentyildirim', 'thjung', 'sgu20181357', 'martinboules80', 'manarahmad589', 'yossefibr282', 'kyj0603', 'jihongkim', 'xconanx98', 'seokkyu', 'aemad430', 'dafrawy21', 'sgu20171576', 'sgu20201463', 'mahmoududk', 'abaraka279', 'parkinsu', 'skdywaw1', 'kimos32']",8,"['agarwal.nimit', 'patel.vrajesh', 'uttam.kumar', 'pulkit196', 'shruhrid.banthia', 'pratik.raj', None, 'rahul.lalani']",405,"['sgu20171541', 'beoungwoo', 'sgu20191457', 'sgu20191451', 'muhannadahmmed', 'sgu20171492', 'abdurrahmannasser10', 'eng.ahmed.adel.mourad', 'sgu20191469', 'omarhusseinn.2000', 'shehab2040', 'amadi.billy', 'zadosalah', 'akmr1212', 'songhobin', 'sgu20171502', 'yasmin.eldeep2001', 'sgu20191494', 'ahmed9891', 'ibrahimelgendy95', 'pky2237', 'karimsamy', 'sgu20161460', 'b735544', 'mennaahmed', 'ml935450', 'youssef.yasser.eng', 'sgu20181551', 'sgu20171523', 'mazenelaraby9', 'jjh684212', 'gweihs', 'sgu20151482', 'hadeermuhammed189', 'omarshamekh', 'mahmoudehab30', '3boda2001', 'sgu20171497', 'sgu20171501', 'sgu20192127', 'sgu20171557', 'ahmedassyk.k', 'osamamohamed666', 'ascendtobe', 'arijit', 'cowaleedtarek', 'ibrahimshawky419', 'sgu20192007', 'thanusit', 'sgu20171524', 'islam7769', 'sgu20171513', 'sgu20171503', 'suhilaa81', 'aliabdelwhab12', 'mkmbzm', 'ahmedpro200', 'rolagerab', 'hck23', 'yasmeenaly99', 'sgu20191509', 'sgu20171546', 'prakriti', 'walterwagner', 'dlstn3460', 'yasminfayed44', 'dlsrb0521', 'pazzaglia.1714292', 'sgu20161489', 'dinaatefff92', 'karim25401', 'elamouro', 'ahmad2000226', 'afantoni', 'sgu20181521', 'taegun', 'sgu20141431', 'sgu20171341', 'patel.vrajesh', 'sgu20181333', 'fouadamr60', 'radwamohamed2052000', 'sgu20181515', 'salahadel762', 'mth4891', 'eider_aparicio', 'mf2809522', 'yaseensalah', 'antlomb', 'sgu20181513', 'sgu20171583', 'sgu20191305', 'seifbibers', 'sr7070202', 'sheshtawy898', 'halynyu', 'sgu20201515', 'sgu20171517', 'marielabravo', 'sgu20181523', 'drivet927', 'sgu20171510', 'sgu20191489', 'wlsdn0820', 'leejongmin', 'om1803173', 'sgu20201501', 'sgu20161513', 'billkim', 'sgu20161526', 'manofautumn', 'jihyun', 'abdallahali098321', 'carlosperez', 'poularizk', 'jsambeek', 'youssef.amr.ya', 'kinszkola', 'abdullah.amr.tawheed', 'dlrbgur008', 'omarahmed1', 'mostafamahmoud19p9995', 'lets7512', 'midosaies', 'ucfaly75', 'sgu20181583', 'devesh124', 'bigwishwing', 'omeg_on', 'bishocasias', 'negeda', 'nadaelhossainii', 'sgu20161518', 'balter.trujillo', 'scratchy', 'tifa004', 'ma00yank', 'sgu20181579', 'uttam.kumar', 'kimjaeho608', 'tntjd3007', 'sgu20171533', 'nlidgi', 'ahmedkhaledgam', 'sgu20171521', 'sgu20171339', 'sgu20191333', 'abdelrhmangaber', 'mariamnader', 'mariam.ahmed.2721', 'ittopsk', 'sgu20201533', 'rawanhishaam', 'hcha71', 'sgu20191487', 'sgu20191453', 'sgu20171553', 'sgu20171525', 'adham.ibrahim.gamil', 'sgu20201459', 'sgu20201511', 'sgu20191455', 'thanaashabana02', 'pratik.raj', 'danielemad', 'mariammhaanyy', 'tasneemasad19', 'noureldinseddik', 'sgu20171560', 'tifa27sherif', 'hyeonho', 'sgu20192113', 'mo32000a', 'gmcho980', 'maiop', 'nohasherif48', 'buggyjuggy', 'nour17', 'tarek.ahmed.hussein99', 'reemmohamed.rm38', 'a01088393779', 'omarabdelbary', 'alialouka2000', 'sgu20181557', 'tomas9159', 'norhanabdelhafeez4', 'sgu20161997', 'ahmedamer', 'sgu20141341', 'sgu20171516', 'mostafahassan0053', 'amrsamy1072', 'sgu20201521', 'ilgerby', 'sgu20171843', 'sgu20171534', 'lightholmes80', 'ahm_kam', 'ahmedqaed33316', 'sgu20181489', 'mohamed_ahmed_kamal', 'aatony', 'zainab2000', 'kamrankardel', 'ahmedaboalftouh15', 'sgu20171556', 'sgu20191490', 'sgu20201443', 'loayabdalla', 'merna1mohamed', 'silkysebum', 'mariamhnmahmed', 'zeyadnar88', 'medomohamed3213', 'bolabolbol832', 'tmdgus4284', 'b715112', 'jskim159', 'sgu20161455', 'sgu20151313', 'sgu20171594', 'abdelrahmanmohyoussef', 'rana_sakr', 'ayman.mahmoud104', 'sgu20201465', 'muhammadshaheen', 'sgu20151447', 'pwrstudent1997', 'goodjh120', 'bebo.w.b', 'sgu20181503', 'mw1155000', 'k4r1m', 'seongshan', 'rlibros', 'sgu20171584', 'sulemansami', 'wjdrms9897', 'sgu20201507', 'amira.mohmeed3', 'sgu20171535', 'lolpeanut', 'onion1228', 'kimjaewook5834', 'yosefsami', 'fatma.ali.2028', 'manar444', 'peikeyi', 'mohameddahy2012', 'omaralzayat2100', 'carolinegirgis20', 'hisham.khaled.ahmed', 's18ud1116022', 'omarahmed', 'janstefanski', 'pij33278', 'omarhesham565', 'ppzmh', 'sgu20181487', 'sgu20170241', 'pulkit196', 'davidruiz', 'spaget23', 'sa3dmohamedsa3dmohamed12', 'ahmed.tarek', 'sguni20181551', 'selviasnow', 'omarhassanian', 'qkrrjsxor12', 'eslammosllah8', 'sgu20181499', 'sgu20161547', 'sgu20191492', 'sgu20201527', 'sgu20201433', 'chj20151375', 'ahmeed.aly2051', 'mingee0740', 'sgu20161481', 'yoodabin', None, 'nkobayas', 'sgu20181509', 'mmarzouk1809', 'zika144', 'ahmed_khaled_samir', 'mingi1226', 'sgu20171585', 'srholtz57', 'b815018', 'sgu20161475', 'rabab1801214', 'ssohila422', 'phidalgo', 'mohamed2001hussein', 'sgu20161537', 'abasu', 'mokamedkh21', 'sgu20181479', 'qudgur96', 'midoashraf88', 'omarmagdy99', 'sgu20171499', 'iamyoussefmohammed', 'sgu20171512', 'sgu20161486', 'joy34box', 'srini.140375', 'shehababaas123', 'essamottoman', 'lyubomyr.nykyruy', 'aksmf98', 'sgu20171350', 'noura.hesham181', 'juambananohub', 'nathangrossmann', 'sukantaswain.rs', 'hazemmohamed3570', 'sgu20201497', 'avraiem1804', 'sgu20191543', 'mgspencer1952', '20ahmedhossam20', 'minamorcos200', 'ahmedsalah_65', 'sgu20181511', 'sgu20151202', 'akersch', 'bodysoly26', 'sgu20201475', 'bingsoo', 'sgu20191523', 'sgu20171911', 'mostafa77', 'bguillet', 'duonduon', 'yongin02', 'mohamednader239', 'rexcrusader', 'sgu20151421', 'sgu20181480', 'minsuk', 'rahul.lalani', 'sinanaras', 'fatma.hazem19', 'b715052', 'nourhannshafik', 'qjyw1997', 'drseemavats', 'irfanirshad4', 'tafazulijaz1972', 'sgu20171536', 'bassel', 'jatkarmandar123', 'kimdc0134', 'sgu20201531', 'efoster', 'ahmed_nasef', 'sgu20171564', 'sgu20181535', 'sgu20161551', 'bilginomi', 'tkdgjs68', 'ktj08310806', 'sgu20171530', 'sgu20191385', 'abdelrhmantamer', 'sara.adel.84069', 'remongerges74', 'sgu20171551', 'rudtjr987', 'yousefelwalid', 'sgu20171597', 'sgu20171575', 'mikhaaa56', 'radovanovic', 'pgolani22', 'sanghoon21547', 'nadeen2', 'agarwal.nimit', 'eyadcataract20', 'sgu20171897', 'jonnyi961', 'sgu20201479', 'georgesemi', 'serbulentyildirim', 'thjung', 'sgu20181357', 'martinboules80', 'manarahmad589', 'yossefibr282', 'kyj0603', 'jihongkim', 'xconanx98', 'seokkyu', 'aemad430', 'dafrawy21', 'sgu20171576', 'sgu20201463', 'mahmoududk', 'shruhrid.banthia', 'abaraka279', 'parkinsu', 'skdywaw1', 'kimos32']"
1,467,397,9,6,"['kimjaewook5834', 'sgu20181535', 'sgu20171339', 'sgu20201433', 'sgu20181503', 'sgu20181479']",391,"['sgu20171541', 'beoungwoo', 'sgu20191457', 'sgu20191451', 'muhannadahmmed', 'sgu20171492', 'abdurrahmannasser10', 'eng.ahmed.adel.mourad', 'sgu20191469', 'omarhusseinn.2000', 'shehab2040', 'amadi.billy', 'zadosalah', 'akmr1212', 'songhobin', 'sgu20171502', 'yasmin.eldeep2001', 'sgu20191494', 'ahmed9891', 'ibrahimelgendy95', 'pky2237', 'karimsamy', 'sgu20161460', 'b735544', 'mennaahmed', 'ml935450', 'youssef.yasser.eng', 'sgu20181551', 'sgu20171523', 'mazenelaraby9', 'jjh684212', 'gweihs', 'sgu20151482', 'hadeermuhammed189', 'omarshamekh', 'mahmoudehab30', '3boda2001', 'sgu20171497', 'sgu20171501', 'sgu20192127', 'sgu20171557', 'ahmedassyk.k', 'osamamohamed666', 'ascendtobe', 'arijit', 'cowaleedtarek', 'ibrahimshawky419', 'sgu20192007', 'thanusit', 'sgu20171524', 'islam7769', 'sgu20171513', 'sgu20171503', 'suhilaa81', 'aliabdelwhab12', 'mkmbzm', 'ahmedpro200', 'rolagerab', 'hck23', 'yasmeenaly99', 'sgu20191509', 'sgu20171546', 'prakriti', 'walterwagner', 'dlstn3460', 'yasminfayed44', 'dlsrb0521', 'pazzaglia.1714292', 'sgu20161489', 'dinaatefff92', 'karim25401', 'elamouro', 'ahmad2000226', 'afantoni', 'sgu20181521', 'taegun', 'sgu20141431', 'sgu20171341', 'sgu20181333', 'fouadamr60', 'radwamohamed2052000', 'sgu20181515', 'salahadel762', 'mth4891', 'eider_aparicio', 'mf2809522', 'yaseensalah', 'antlomb', 'sgu20181513', 'sgu20171583', 'sgu20191305', 'seifbibers', 'sr7070202', 'sheshtawy898', 'halynyu', 'sgu20201515', 'sgu20171517', 'marielabravo', 'sgu20181523', 'drivet927', 'sgu20171510', 'sgu20191489', 'wlsdn0820', 'leejongmin', 'om1803173', 'sgu20201501', 'sgu20161513', 'billkim', 'sgu20161526', 'manofautumn', 'jihyun', 'abdallahali098321', 'carlosperez', 'poularizk', 'jsambeek', 'youssef.amr.ya', 'kinszkola', 'abdullah.amr.tawheed', 'dlrbgur008', 'omarahmed1', 'mostafamahmoud19p9995', 'lets7512', 'midosaies', 'ucfaly75', 'sgu20181583', 'devesh124', 'bigwishwing', 'omeg_on', 'bishocasias', 'negeda', 'nadaelhossainii', 'sgu20161518', 'balter.trujillo', 'scratchy', 'tifa004', 'ma00yank', 'sgu20181579', 'kimjaeho608', 'tntjd3007', 'sgu20171533', 'nlidgi', 'ahmedkhaledgam', 'sgu20171521', 'sgu20191333', 'abdelrhmangaber', 'mariamnader', 'mariam.ahmed.2721', 'ittopsk', 'sgu20201533', 'rawanhishaam', 'hcha71', 'sgu20191487', 'sgu20191453', 'sgu20171553', 'sgu20171525', 'adham.ibrahim.gamil', 'sgu20201459', 'sgu20201511', 'sgu20191455', 'thanaashabana02', 'danielemad', 'mariammhaanyy', 'tasneemasad19', 'noureldinseddik', 'sgu20171560', 'tifa27sherif', 'hyeonho', 'sgu20192113', 'mo32000a', 'gmcho980', 'maiop', 'nohasherif48', 'buggyjuggy', 'nour17', 'tarek.ahmed.hussein99', 'reemmohamed.rm38', 'a01088393779', 'omarabdelbary', 'alialouka2000', 'sgu20181557', 'tomas9159', 'norhanabdelhafeez4', 'sgu20161997', 'ahmedamer', 'sgu20141341', 'sgu20171516', 'mostafahassan0053', 'amrsamy1072', 'sgu20201521', 'ilgerby', 'sgu20171843', 'sgu20171534', 'lightholmes80', 'ahm_kam', 'ahmedqaed33316', 'sgu20181489', 'mohamed_ahmed_kamal', 'aatony', 'zainab2000', 'kamrankardel', 'ahmedaboalftouh15', 'sgu20171556', 'sgu20191490', 'sgu20201443', 'loayabdalla', 'merna1mohamed', 'silkysebum', 'mariamhnmahmed', 'zeyadnar88', 'medomohamed3213', 'bolabolbol832', 'tmdgus4284', 'b715112', 'jskim159', 'sgu20161455', 'sgu20151313', 'sgu20171594', 'abdelrahmanmohyoussef', 'rana_sakr', 'ayman.mahmoud104', 'sgu20201465', 'muhammadshaheen', 'sgu20151447', 'pwrstudent1997', 'goodjh120', 'bebo.w.b', 'mw1155000', 'k4r1m', 'seongshan', 'rlibros', 'sgu20171584', 'sulemansami', 'wjdrms9897', 'sgu20201507', 'amira.mohmeed3', 'sgu20171535', 'lolpeanut', 'onion1228', 'yosefsami', 'fatma.ali.2028', 'manar444', 'peikeyi', 'mohameddahy2012', 'omaralzayat2100', 'carolinegirgis20', 'hisham.khaled.ahmed', 's18ud1116022', 'omarahmed', 'janstefanski', 'pij33278', 'omarhesham565', 'ppzmh', 'sgu20181487', 'sgu20170241', 'davidruiz', 'spaget23', 'sa3dmohamedsa3dmohamed12', 'ahmed.tarek', 'sguni20181551', 'selviasnow', 'omarhassanian', 'qkrrjsxor12', 'eslammosllah8', 'sgu20181499', 'sgu20161547', 'sgu20191492', 'sgu20201527', 'chj20151375', 'ahmeed.aly2051', 'mingee0740', 'sgu20161481', 'yoodabin', 'nkobayas', 'sgu20181509', 'mmarzouk1809', 'zika144', 'ahmed_khaled_samir', 'mingi1226', 'sgu20171585', 'srholtz57', 'b815018', 'sgu20161475', 'rabab1801214', 'ssohila422', 'phidalgo', 'mohamed2001hussein', 'sgu20161537', 'abasu', 'mokamedkh21', 'qudgur96', 'midoashraf88', 'omarmagdy99', 'sgu20171499', 'iamyoussefmohammed', 'sgu20171512', 'sgu20161486', 'joy34box', 'srini.140375', 'shehababaas123', 'essamottoman', 'lyubomyr.nykyruy', 'aksmf98', 'sgu20171350', 'noura.hesham181', 'juambananohub', 'nathangrossmann', 'sukantaswain.rs', 'hazemmohamed3570', 'sgu20201497', 'avraiem1804', 'sgu20191543', 'mgspencer1952', '20ahmedhossam20', 'minamorcos200', 'ahmedsalah_65', 'sgu20181511', 'sgu20151202', 'akersch', 'bodysoly26', 'sgu20201475', 'bingsoo', 'sgu20191523', 'sgu20171911', 'mostafa77', 'bguillet', 'duonduon', 'yongin02', 'mohamednader239', 'rexcrusader', 'sgu20151421', 'sgu20181480', 'minsuk', 'sinanaras', 'fatma.hazem19', 'b715052', 'nourhannshafik', 'qjyw1997', 'drseemavats', 'irfanirshad4', 'tafazulijaz1972', 'sgu20171536', 'bassel', 'jatkarmandar123', 'kimdc0134', 'sgu20201531', 'efoster', 'ahmed_nasef', 'sgu20171564', 'sgu20161551', 'bilginomi', 'tkdgjs68', 'ktj08310806', 'sgu20171530', 'sgu20191385', 'abdelrhmantamer', 'sara.adel.84069', 'remongerges74', 'sgu20171551', 'rudtjr987', 'yousefelwalid', 'sgu20171597', 'sgu20171575', 'mikhaaa56', 'radovanovic', 'pgolani22', 'sanghoon21547', 'nadeen2', 'eyadcataract20', 'sgu20171897', 'jonnyi961', 'sgu20201479', 'georgesemi', 'serbulentyildirim', 'thjung', 'sgu20181357', 'martinboules80', 'manarahmad589', 'yossefibr282', 'kyj0603', 'jihongkim', 'xconanx98', 'seokkyu', 'aemad430', 'dafrawy21', 'sgu20171576', 'sgu20201463', 'mahmoududk', 'abaraka279', 'parkinsu', 'skdywaw1', 'kimos32']",3,"[None, 'sgu20171555', 'sgu20181339']",400,"['sgu20171541', 'beoungwoo', 'sgu20191457', 'sgu20191451', 'muhannadahmmed', 'sgu20171492', 'abdurrahmannasser10', 'eng.ahmed.adel.mourad', 'sgu20191469', 'omarhusseinn.2000', 'shehab2040', 'amadi.billy', 'zadosalah', 'akmr1212', 'songhobin', 'sgu20171502', 'yasmin.eldeep2001', 'sgu20191494', 'ahmed9891', 'ibrahimelgendy95', 'pky2237', 'karimsamy', 'sgu20161460', 'b735544', 'mennaahmed', 'ml935450', 'youssef.yasser.eng', 'sgu20181551', 'sgu20171523', 'mazenelaraby9', 'jjh684212', 'gweihs', 'sgu20151482', 'hadeermuhammed189', 'omarshamekh', 'mahmoudehab30', '3boda2001', 'sgu20171497', 'sgu20171501', 'sgu20192127', 'sgu20171557', 'ahmedassyk.k', 'osamamohamed666', 'ascendtobe', 'arijit', 'cowaleedtarek', 'ibrahimshawky419', 'sgu20192007', 'thanusit', 'sgu20171524', 'islam7769', 'sgu20171513', 'sgu20171503', 'suhilaa81', 'aliabdelwhab12', 'mkmbzm', 'ahmedpro200', 'rolagerab', 'hck23', 'yasmeenaly99', 'sgu20191509', 'sgu20171546', 'prakriti', 'walterwagner', 'dlstn3460', 'yasminfayed44', 'dlsrb0521', 'pazzaglia.1714292', 'sgu20161489', 'dinaatefff92', 'karim25401', 'elamouro', 'ahmad2000226', 'afantoni', 'sgu20181521', 'taegun', 'sgu20141431', 'sgu20171341', 'sgu20181333', 'fouadamr60', 'radwamohamed2052000', 'sgu20181515', 'salahadel762', 'mth4891', 'eider_aparicio', 'mf2809522', 'yaseensalah', 'antlomb', 'sgu20181513', 'sgu20171583', 'sgu20191305', 'seifbibers', 'sr7070202', 'sheshtawy898', 'halynyu', 'sgu20201515', 'sgu20171517', 'marielabravo', 'sgu20181523', 'drivet927', 'sgu20171510', 'sgu20191489', 'wlsdn0820', 'leejongmin', 'om1803173', 'sgu20201501', 'sgu20161513', 'billkim', 'sgu20161526', 'manofautumn', 'jihyun', 'abdallahali098321', 'carlosperez', 'poularizk', 'jsambeek', 'youssef.amr.ya', 'kinszkola', 'abdullah.amr.tawheed', 'dlrbgur008', 'omarahmed1', 'mostafamahmoud19p9995', 'lets7512', 'midosaies', 'ucfaly75', 'sgu20181583', 'devesh124', 'bigwishwing', 'omeg_on', 'bishocasias', 'negeda', 'nadaelhossainii', 'sgu20161518', 'balter.trujillo', 'scratchy', 'tifa004', 'ma00yank', 'sgu20181579', 'kimjaeho608', 'tntjd3007', 'sgu20171533', 'nlidgi', 'ahmedkhaledgam', 'sgu20171521', 'sgu20171339', 'sgu20191333', 'abdelrhmangaber', 'mariamnader', 'mariam.ahmed.2721', 'ittopsk', 'sgu20201533', 'rawanhishaam', 'hcha71', 'sgu20191487', 'sgu20191453', 'sgu20171553', 'sgu20171525', 'adham.ibrahim.gamil', 'sgu20201459', 'sgu20201511', 'sgu20191455', 'thanaashabana02', 'danielemad', 'mariammhaanyy', 'tasneemasad19', 'noureldinseddik', 'sgu20171560', 'tifa27sherif', 'hyeonho', 'sgu20192113', 'mo32000a', 'gmcho980', 'maiop', 'nohasherif48', 'buggyjuggy', 'nour17', 'tarek.ahmed.hussein99', 'reemmohamed.rm38', 'a01088393779', 'omarabdelbary', 'alialouka2000', 'sgu20181557', 'tomas9159', 'norhanabdelhafeez4', 'sgu20161997', 'ahmedamer', 'sgu20141341', 'sgu20171516', 'mostafahassan0053', 'amrsamy1072', 'sgu20201521', 'ilgerby', 'sgu20171843', 'sgu20171534', 'lightholmes80', 'ahm_kam', 'ahmedqaed33316', 'sgu20181489', 'mohamed_ahmed_kamal', 'aatony', 'zainab2000', 'kamrankardel', 'ahmedaboalftouh15', 'sgu20171556', 'sgu20191490', 'sgu20201443', 'loayabdalla', 'merna1mohamed', 'silkysebum', 'mariamhnmahmed', 'zeyadnar88', 'medomohamed3213', 'bolabolbol832', 'tmdgus4284', 'b715112', 'jskim159', 'sgu20161455', 'sgu20151313', 'sgu20171594', 'abdelrahmanmohyoussef', 'rana_sakr', 'ayman.mahmoud104', 'sgu20201465', 'muhammadshaheen', 'sgu20151447', 'pwrstudent1997', 'goodjh120', 'bebo.w.b', 'sgu20181503', 'mw1155000', 'k4r1m', 'seongshan', 'rlibros', 'sgu20171555', 'sgu20171584', 'sulemansami', 'wjdrms9897', 'sgu20201507', 'amira.mohmeed3', 'sgu20171535', 'lolpeanut', 'onion1228', 'kimjaewook5834', 'yosefsami', 'fatma.ali.2028', 'manar444', 'peikeyi', 'mohameddahy2012', 'omaralzayat2100', 'carolinegirgis20', 'hisham.khaled.ahmed', 's18ud1116022', 'omarahmed', 'janstefanski', 'pij33278', 'omarhesham565', 'ppzmh', 'sgu20181487', 'sgu20170241', 'davidruiz', 'spaget23', 'sa3dmohamedsa3dmohamed12', 'ahmed.tarek', 'sguni20181551', 'selviasnow', 'omarhassanian', 'qkrrjsxor12', 'eslammosllah8', 'sgu20181499', 'sgu20161547', 'sgu20191492', 'sgu20201527', 'sgu20201433', 'chj20151375', 'ahmeed.aly2051', 'mingee0740', 'sgu20161481', 'yoodabin', None, 'nkobayas', 'sgu20181509', 'mmarzouk1809', 'zika144', 'ahmed_khaled_samir', 'mingi1226', 'sgu20171585', 'srholtz57', 'b815018', 'sgu20161475', 'rabab1801214', 'ssohila422', 'phidalgo', 'mohamed2001hussein', 'sgu20161537', 'abasu', 'mokamedkh21', 'sgu20181479', 'qudgur96', 'midoashraf88', 'omarmagdy99', 'sgu20171499', 'sgu20181339', 'iamyoussefmohammed', 'sgu20171512', 'sgu20161486', 'joy34box', 'srini.140375', 'shehababaas123', 'essamottoman', 'lyubomyr.nykyruy', 'aksmf98', 'sgu20171350', 'noura.hesham181', 'juambananohub', 'nathangrossmann', 'sukantaswain.rs', 'hazemmohamed3570', 'sgu20201497', 'avraiem1804', 'sgu20191543', 'mgspencer1952', '20ahmedhossam20', 'minamorcos200', 'ahmedsalah_65', 'sgu20181511', 'sgu20151202', 'akersch', 'bodysoly26', 'sgu20201475', 'bingsoo', 'sgu20191523', 'sgu20171911', 'mostafa77', 'bguillet', 'duonduon', 'yongin02', 'mohamednader239', 'rexcrusader', 'sgu20151421', 'sgu20181480', 'minsuk', 'sinanaras', 'fatma.hazem19', 'b715052', 'nourhannshafik', 'qjyw1997', 'drseemavats', 'irfanirshad4', 'tafazulijaz1972', 'sgu20171536', 'bassel', 'jatkarmandar123', 'kimdc0134', 'sgu20201531', 'efoster', 'ahmed_nasef', 'sgu20171564', 'sgu20181535', 'sgu20161551', 'bilginomi', 'tkdgjs68', 'ktj08310806', 'sgu20171530', 'sgu20191385', 'abdelrhmantamer', 'sara.adel.84069', 'remongerges74', 'sgu20171551', 'rudtjr987', 'yousefelwalid', 'sgu20171597', 'sgu20171575', 'mikhaaa56', 'radovanovic', 'pgolani22', 'sanghoon21547', 'nadeen2', 'eyadcataract20', 'sgu20171897', 'jonnyi961', 'sgu20201479', 'georgesemi', 'serbulentyildirim', 'thjung', 'sgu20181357', 'martinboules80', 'manarahmad589', 'yossefibr282', 'kyj0603', 'jihongkim', 'xconanx98', 'seokkyu', 'aemad430', 'dafrawy21', 'sgu20171576', 'sgu20201463', 'mahmoududk', 'abaraka279', 'parkinsu', 'skdywaw1', 'kimos32']"
1,465,397,8,6,"['manarahmad589', 'abdelrahmanmohyoussef', 'fatma.hazem19', 'youssef.yasser.eng', 'medomohamed3213', 'reemmohamed.rm38']",391,"['sgu20171541', 'beoungwoo', 'sgu20191457', 'sgu20191451', 'muhannadahmmed', 'sgu20171492', 'abdurrahmannasser10', 'eng.ahmed.adel.mourad', 'sgu20191469', 'omarhusseinn.2000', 'shehab2040', 'amadi.billy', 'zadosalah', 'akmr1212', 'songhobin', 'sgu20171502', 'yasmin.eldeep2001', 'sgu20191494', 'ahmed9891', 'ibrahimelgendy95', 'pky2237', 'karimsamy', 'sgu20161460', 'b735544', 'mennaahmed', 'ml935450', 'sgu20181551', 'sgu20171523', 'mazenelaraby9', 'jjh684212', 'gweihs', 'sgu20151482', 'hadeermuhammed189', 'omarshamekh', 'mahmoudehab30', '3boda2001', 'sgu20171497', 'sgu20171501', 'sgu20192127', 'sgu20171557', 'ahmedassyk.k', 'osamamohamed666', 'ascendtobe', 'arijit', 'cowaleedtarek', 'ibrahimshawky419', 'sgu20192007', 'thanusit', 'sgu20171524', 'islam7769', 'sgu20171513', 'sgu20171503', 'suhilaa81', 'aliabdelwhab12', 'mkmbzm', 'ahmedpro200', 'rolagerab', 'hck23', 'yasmeenaly99', 'sgu20191509', 'sgu20171546', 'prakriti', 'walterwagner', 'dlstn3460', 'yasminfayed44', 'dlsrb0521', 'pazzaglia.1714292', 'sgu20161489', 'dinaatefff92', 'karim25401', 'elamouro', 'ahmad2000226', 'afantoni', 'sgu20181521', 'taegun', 'sgu20141431', 'sgu20171341', 'sgu20181333', 'fouadamr60', 'radwamohamed2052000', 'sgu20181515', 'salahadel762', 'mth4891', 'eider_aparicio', 'mf2809522', 'yaseensalah', 'antlomb', 'sgu20181513', 'sgu20171583', 'sgu20191305', 'seifbibers', 'sr7070202', 'sheshtawy898', 'halynyu', 'sgu20201515', 'sgu20171517', 'marielabravo', 'sgu20181523', 'drivet927', 'sgu20171510', 'sgu20191489', 'wlsdn0820', 'leejongmin', 'om1803173', 'sgu20201501', 'sgu20161513', 'billkim', 'sgu20161526', 'manofautumn', 'jihyun', 'abdallahali098321', 'carlosperez', 'poularizk', 'jsambeek', 'youssef.amr.ya', 'kinszkola', 'abdullah.amr.tawheed', 'dlrbgur008', 'omarahmed1', 'mostafamahmoud19p9995', 'lets7512', 'midosaies', 'ucfaly75', 'sgu20181583', 'devesh124', 'bigwishwing', 'omeg_on', 'bishocasias', 'negeda', 'nadaelhossainii', 'sgu20161518', 'balter.trujillo', 'scratchy', 'tifa004', 'ma00yank', 'sgu20181579', 'kimjaeho608', 'tntjd3007', 'sgu20171533', 'nlidgi', 'ahmedkhaledgam', 'sgu20171521', 'sgu20171339', 'sgu20191333', 'abdelrhmangaber', 'mariamnader', 'mariam.ahmed.2721', 'ittopsk', 'sgu20201533', 'rawanhishaam', 'hcha71', 'sgu20191487', 'sgu20191453', 'sgu20171553', 'sgu20171525', 'adham.ibrahim.gamil', 'sgu20201459', 'sgu20201511', 'sgu20191455', 'thanaashabana02', 'danielemad', 'mariammhaanyy', 'tasneemasad19', 'noureldinseddik', 'sgu20171560', 'tifa27sherif', 'hyeonho', 'sgu20192113', 'mo32000a', 'gmcho980', 'maiop', 'nohasherif48', 'buggyjuggy', 'nour17', 'tarek.ahmed.hussein99', 'a01088393779', 'omarabdelbary', 'alialouka2000', 'sgu20181557', 'tomas9159', 'norhanabdelhafeez4', 'sgu20161997', 'ahmedamer', 'sgu20141341', 'sgu20171516', 'mostafahassan0053', 'amrsamy1072', 'sgu20201521', 'ilgerby', 'sgu20171843', 'sgu20171534', 'lightholmes80', 'ahm_kam', 'ahmedqaed33316', 'sgu20181489', 'mohamed_ahmed_kamal', 'aatony', 'zainab2000', 'kamrankardel', 'ahmedaboalftouh15', 'sgu20171556', 'sgu20191490', 'sgu20201443', 'loayabdalla', 'merna1mohamed', 'silkysebum', 'mariamhnmahmed', 'zeyadnar88', 'bolabolbol832', 'tmdgus4284', 'b715112', 'jskim159', 'sgu20161455', 'sgu20151313', 'sgu20171594', 'rana_sakr', 'ayman.mahmoud104', 'sgu20201465', 'muhammadshaheen', 'sgu20151447', 'pwrstudent1997', 'goodjh120', 'bebo.w.b', 'sgu20181503', 'mw1155000', 'k4r1m', 'seongshan', 'rlibros', 'sgu20171584', 'sulemansami', 'wjdrms9897', 'sgu20201507', 'amira.mohmeed3', 'sgu20171535', 'lolpeanut', 'onion1228', 'kimjaewook5834', 'yosefsami', 'fatma.ali.2028', 'manar444', 'peikeyi', 'mohameddahy2012', 'omaralzayat2100', 'carolinegirgis20', 'hisham.khaled.ahmed', 's18ud1116022', 'omarahmed', 'janstefanski', 'pij33278', 'omarhesham565', 'ppzmh', 'sgu20181487', 'sgu20170241', 'davidruiz', 'spaget23', 'sa3dmohamedsa3dmohamed12', 'ahmed.tarek', 'sguni20181551', 'selviasnow', 'omarhassanian', 'qkrrjsxor12', 'eslammosllah8', 'sgu20181499', 'sgu20161547', 'sgu20191492', 'sgu20201527', 'sgu20201433', 'chj20151375', 'ahmeed.aly2051', 'mingee0740', 'sgu20161481', 'yoodabin', 'nkobayas', 'sgu20181509', 'mmarzouk1809', 'zika144', 'ahmed_khaled_samir', 'mingi1226', 'sgu20171585', 'srholtz57', 'b815018', 'sgu20161475', 'rabab1801214', 'ssohila422', 'phidalgo', 'mohamed2001hussein', 'sgu20161537', 'abasu', 'mokamedkh21', 'sgu20181479', 'qudgur96', 'midoashraf88', 'omarmagdy99', 'sgu20171499', 'iamyoussefmohammed', 'sgu20171512', 'sgu20161486', 'joy34box', 'srini.140375', 'shehababaas123', 'essamottoman', 'lyubomyr.nykyruy', 'aksmf98', 'sgu20171350', 'noura.hesham181', 'juambananohub', 'nathangrossmann', 'sukantaswain.rs', 'hazemmohamed3570', 'sgu20201497', 'avraiem1804', 'sgu20191543', 'mgspencer1952', '20ahmedhossam20', 'minamorcos200', 'ahmedsalah_65', 'sgu20181511', 'sgu20151202', 'akersch', 'bodysoly26', 'sgu20201475', 'bingsoo', 'sgu20191523', 'sgu20171911', 'mostafa77', 'bguillet', 'duonduon', 'yongin02', 'mohamednader239', 'rexcrusader', 'sgu20151421', 'sgu20181480', 'minsuk', 'sinanaras', 'b715052', 'nourhannshafik', 'qjyw1997', 'drseemavats', 'irfanirshad4', 'tafazulijaz1972', 'sgu20171536', 'bassel', 'jatkarmandar123', 'kimdc0134', 'sgu20201531', 'efoster', 'ahmed_nasef', 'sgu20171564', 'sgu20181535', 'sgu20161551', 'bilginomi', 'tkdgjs68', 'ktj08310806', 'sgu20171530', 'sgu20191385', 'abdelrhmantamer', 'sara.adel.84069', 'remongerges74', 'sgu20171551', 'rudtjr987', 'yousefelwalid', 'sgu20171597', 'sgu20171575', 'mikhaaa56', 'radovanovic', 'pgolani22', 'sanghoon21547', 'nadeen2', 'eyadcataract20', 'sgu20171897', 'jonnyi961', 'sgu20201479', 'georgesemi', 'serbulentyildirim', 'thjung', 'sgu20181357', 'martinboules80', 'yossefibr282', 'kyj0603', 'jihongkim', 'xconanx98', 'seokkyu', 'aemad430', 'dafrawy21', 'sgu20171576', 'sgu20201463', 'mahmoududk', 'abaraka279', 'parkinsu', 'skdywaw1', 'kimos32']",2,"[None, 'nourhanhussein156']",399,"['sgu20171541', 'beoungwoo', 'sgu20191457', 'sgu20191451', 'muhannadahmmed', 'sgu20171492', 'abdurrahmannasser10', 'eng.ahmed.adel.mourad', 'sgu20191469', 'omarhusseinn.2000', 'shehab2040', 'amadi.billy', 'zadosalah', 'akmr1212', 'songhobin', 'sgu20171502', 'yasmin.eldeep2001', 'sgu20191494', 'ahmed9891', 'ibrahimelgendy95', 'pky2237', 'karimsamy', 'sgu20161460', 'b735544', 'mennaahmed', 'ml935450', 'youssef.yasser.eng', 'sgu20181551', 'sgu20171523', 'mazenelaraby9', 'jjh684212', 'gweihs', 'sgu20151482', 'hadeermuhammed189', 'omarshamekh', 'mahmoudehab30', '3boda2001', 'sgu20171497', 'sgu20171501', 'sgu20192127', 'sgu20171557', 'ahmedassyk.k', 'osamamohamed666', 'ascendtobe', 'arijit', 'cowaleedtarek', 'ibrahimshawky419', 'sgu20192007', 'thanusit', 'sgu20171524', 'islam7769', 'sgu20171513', 'sgu20171503', 'suhilaa81', 'aliabdelwhab12', 'mkmbzm', 'ahmedpro200', 'rolagerab', 'hck23', 'yasmeenaly99', 'sgu20191509', 'sgu20171546', 'prakriti', 'walterwagner', 'dlstn3460', 'yasminfayed44', 'dlsrb0521', 'pazzaglia.1714292', 'sgu20161489', 'dinaatefff92', 'karim25401', 'elamouro', 'ahmad2000226', 'afantoni', 'sgu20181521', 'taegun', 'sgu20141431', 'sgu20171341', 'sgu20181333', 'fouadamr60', 'radwamohamed2052000', 'sgu20181515', 'salahadel762', 'mth4891', 'eider_aparicio', 'mf2809522', 'yaseensalah', 'antlomb', 'sgu20181513', 'sgu20171583', 'sgu20191305', 'seifbibers', 'sr7070202', 'sheshtawy898', 'halynyu', 'sgu20201515', 'sgu20171517', 'marielabravo', 'sgu20181523', 'drivet927', 'sgu20171510', 'sgu20191489', 'wlsdn0820', 'leejongmin', 'om1803173', 'sgu20201501', 'sgu20161513', 'billkim', 'sgu20161526', 'manofautumn', 'jihyun', 'abdallahali098321', 'carlosperez', 'poularizk', 'jsambeek', 'youssef.amr.ya', 'kinszkola', 'abdullah.amr.tawheed', 'dlrbgur008', 'omarahmed1', 'mostafamahmoud19p9995', 'lets7512', 'midosaies', 'ucfaly75', 'sgu20181583', 'devesh124', 'bigwishwing', 'omeg_on', 'bishocasias', 'negeda', 'nadaelhossainii', 'sgu20161518', 'balter.trujillo', 'scratchy', 'tifa004', 'ma00yank', 'sgu20181579', 'kimjaeho608', 'tntjd3007', 'sgu20171533', 'nlidgi', 'ahmedkhaledgam', 'sgu20171521', 'sgu20171339', 'sgu20191333', 'abdelrhmangaber', 'mariamnader', 'mariam.ahmed.2721', 'ittopsk', 'sgu20201533', 'rawanhishaam', 'hcha71', 'sgu20191487', 'sgu20191453', 'sgu20171553', 'sgu20171525', 'adham.ibrahim.gamil', 'sgu20201459', 'sgu20201511', 'sgu20191455', 'thanaashabana02', 'danielemad', 'mariammhaanyy', 'tasneemasad19', 'noureldinseddik', 'sgu20171560', 'tifa27sherif', 'hyeonho', 'sgu20192113', 'mo32000a', 'gmcho980', 'maiop', 'nohasherif48', 'buggyjuggy', 'nour17', 'tarek.ahmed.hussein99', 'reemmohamed.rm38', 'a01088393779', 'omarabdelbary', 'alialouka2000', 'sgu20181557', 'tomas9159', 'norhanabdelhafeez4', 'sgu20161997', 'ahmedamer', 'sgu20141341', 'sgu20171516', 'mostafahassan0053', 'amrsamy1072', 'sgu20201521', 'ilgerby', 'sgu20171843', 'sgu20171534', 'lightholmes80', 'ahm_kam', 'ahmedqaed33316', 'sgu20181489', 'mohamed_ahmed_kamal', 'aatony', 'zainab2000', 'kamrankardel', 'ahmedaboalftouh15', 'sgu20171556', 'sgu20191490', 'sgu20201443', 'loayabdalla', 'merna1mohamed', 'silkysebum', 'mariamhnmahmed', 'zeyadnar88', 'medomohamed3213', 'bolabolbol832', 'tmdgus4284', 'b715112', 'jskim159', 'sgu20161455', 'sgu20151313', 'sgu20171594', 'abdelrahmanmohyoussef', 'rana_sakr', 'ayman.mahmoud104', 'sgu20201465', 'muhammadshaheen', 'sgu20151447', 'pwrstudent1997', 'goodjh120', 'bebo.w.b', 'sgu20181503', 'mw1155000', 'k4r1m', 'seongshan', 'rlibros', 'sgu20171584', 'sulemansami', 'wjdrms9897', 'sgu20201507', 'amira.mohmeed3', 'sgu20171535', 'lolpeanut', 'onion1228', 'kimjaewook5834', 'yosefsami', 'fatma.ali.2028', 'manar444', 'peikeyi', 'mohameddahy2012', 'omaralzayat2100', 'carolinegirgis20', 'hisham.khaled.ahmed', 's18ud1116022', 'omarahmed', 'janstefanski', 'pij33278', 'omarhesham565', 'ppzmh', 'sgu20181487', 'sgu20170241', 'davidruiz', 'spaget23', 'sa3dmohamedsa3dmohamed12', 'ahmed.tarek', 'sguni20181551', 'selviasnow', 'omarhassanian', 'qkrrjsxor12', 'eslammosllah8', 'sgu20181499', 'sgu20161547', 'sgu20191492', 'sgu20201527', 'sgu20201433', 'chj20151375', 'ahmeed.aly2051', 'mingee0740', 'sgu20161481', 'yoodabin', None, 'nkobayas', 'sgu20181509', 'mmarzouk1809', 'zika144', 'ahmed_khaled_samir', 'mingi1226', 'sgu20171585', 'srholtz57', 'b815018', 'sgu20161475', 'rabab1801214', 'ssohila422', 'phidalgo', 'mohamed2001hussein', 'sgu20161537', 'abasu', 'mokamedkh21', 'sgu20181479', 'qudgur96', 'midoashraf88', 'omarmagdy99', 'sgu20171499', 'iamyoussefmohammed', 'sgu20171512', 'sgu20161486', 'joy34box', 'srini.140375', 'shehababaas123', 'essamottoman', 'lyubomyr.nykyruy', 'aksmf98', 'sgu20171350', 'noura.hesham181', 'juambananohub', 'nathangrossmann', 'sukantaswain.rs', 'hazemmohamed3570', 'sgu20201497', 'avraiem1804', 'sgu20191543', 'mgspencer1952', '20ahmedhossam20', 'minamorcos200', 'ahmedsalah_65', 'sgu20181511', 'sgu20151202', 'akersch', 'bodysoly26', 'nourhanhussein156', 'sgu20201475', 'bingsoo', 'sgu20191523', 'sgu20171911', 'mostafa77', 'bguillet', 'duonduon', 'yongin02', 'mohamednader239', 'rexcrusader', 'sgu20151421', 'sgu20181480', 'minsuk', 'sinanaras', 'fatma.hazem19', 'b715052', 'nourhannshafik', 'qjyw1997', 'drseemavats', 'irfanirshad4', 'tafazulijaz1972', 'sgu20171536', 'bassel', 'jatkarmandar123', 'kimdc0134', 'sgu20201531', 'efoster', 'ahmed_nasef', 'sgu20171564', 'sgu20181535', 'sgu20161551', 'bilginomi', 'tkdgjs68', 'ktj08310806', 'sgu20171530', 'sgu20191385', 'abdelrhmantamer', 'sara.adel.84069', 'remongerges74', 'sgu20171551', 'rudtjr987', 'yousefelwalid', 'sgu20171597', 'sgu20171575', 'mikhaaa56', 'radovanovic', 'pgolani22', 'sanghoon21547', 'nadeen2', 'eyadcataract20', 'sgu20171897', 'jonnyi961', 'sgu20201479', 'georgesemi', 'serbulentyildirim', 'thjung', 'sgu20181357', 'martinboules80', 'manarahmad589', 'yossefibr282', 'kyj0603', 'jihongkim', 'xconanx98', 'seokkyu', 'aemad430', 'dafrawy21', 'sgu20171576', 'sgu20201463', 'mahmoududk', 'abaraka279', 'parkinsu', 'skdywaw1', 'kimos32']"
1,32,397,7,1,['s18ud1116022'],396,"['sgu20171541', 'beoungwoo', 'sgu20191457', 'sgu20191451', 'muhannadahmmed', 'sgu20171492', 'abdurrahmannasser10', 'eng.ahmed.adel.mourad', 'sgu20191469', 'omarhusseinn.2000', 'shehab2040', 'amadi.billy', 'zadosalah', 'akmr1212', 'songhobin', 'sgu20171502', 'yasmin.eldeep2001', 'sgu20191494', 'ahmed9891', 'ibrahimelgendy95', 'pky2237', 'karimsamy', 'sgu20161460', 'b735544', 'mennaahmed', 'ml935450', 'youssef.yasser.eng', 'sgu20181551', 'sgu20171523', 'mazenelaraby9', 'jjh684212', 'gweihs', 'sgu20151482', 'hadeermuhammed189', 'omarshamekh', 'mahmoudehab30', '3boda2001', 'sgu20171497', 'sgu20171501', 'sgu20192127', 'sgu20171557', 'ahmedassyk.k', 'osamamohamed666', 'ascendtobe', 'arijit', 'cowaleedtarek', 'ibrahimshawky419', 'sgu20192007', 'thanusit', 'sgu20171524', 'islam7769', 'sgu20171513', 'sgu20171503', 'suhilaa81', 'aliabdelwhab12', 'mkmbzm', 'ahmedpro200', 'rolagerab', 'hck23', 'yasmeenaly99', 'sgu20191509', 'sgu20171546', 'prakriti', 'walterwagner', 'dlstn3460', 'yasminfayed44', 'dlsrb0521', 'pazzaglia.1714292', 'sgu20161489', 'dinaatefff92', 'karim25401', 'elamouro', 'ahmad2000226', 'afantoni', 'sgu20181521', 'taegun', 'sgu20141431', 'sgu20171341', 'sgu20181333', 'fouadamr60', 'radwamohamed2052000', 'sgu20181515', 'salahadel762', 'mth4891', 'eider_aparicio', 'mf2809522', 'yaseensalah', 'antlomb', 'sgu20181513', 'sgu20171583', 'sgu20191305', 'seifbibers', 'sr7070202', 'sheshtawy898', 'halynyu', 'sgu20201515', 'sgu20171517', 'marielabravo', 'sgu20181523', 'drivet927', 'sgu20171510', 'sgu20191489', 'wlsdn0820', 'leejongmin', 'om1803173', 'sgu20201501', 'sgu20161513', 'billkim', 'sgu20161526', 'manofautumn', 'jihyun', 'abdallahali098321', 'carlosperez', 'poularizk', 'jsambeek', 'youssef.amr.ya', 'kinszkola', 'abdullah.amr.tawheed', 'dlrbgur008', 'omarahmed1', 'mostafamahmoud19p9995', 'lets7512', 'midosaies', 'ucfaly75', 'sgu20181583', 'devesh124', 'bigwishwing', 'omeg_on', 'bishocasias', 'negeda', 'nadaelhossainii', 'sgu20161518', 'balter.trujillo', 'scratchy', 'tifa004', 'ma00yank', 'sgu20181579', 'kimjaeho608', 'tntjd3007', 'sgu20171533', 'nlidgi', 'ahmedkhaledgam', 'sgu20171521', 'sgu20171339', 'sgu20191333', 'abdelrhmangaber', 'mariamnader', 'mariam.ahmed.2721', 'ittopsk', 'sgu20201533', 'rawanhishaam', 'hcha71', 'sgu20191487', 'sgu20191453', 'sgu20171553', 'sgu20171525', 'adham.ibrahim.gamil', 'sgu20201459', 'sgu20201511', 'sgu20191455', 'thanaashabana02', 'danielemad', 'mariammhaanyy', 'tasneemasad19', 'noureldinseddik', 'sgu20171560', 'tifa27sherif', 'hyeonho', 'sgu20192113', 'mo32000a', 'gmcho980', 'maiop', 'nohasherif48', 'buggyjuggy', 'nour17', 'tarek.ahmed.hussein99', 'reemmohamed.rm38', 'a01088393779', 'omarabdelbary', 'alialouka2000', 'sgu20181557', 'tomas9159', 'norhanabdelhafeez4', 'sgu20161997', 'ahmedamer', 'sgu20141341', 'sgu20171516', 'mostafahassan0053', 'amrsamy1072', 'sgu20201521', 'ilgerby', 'sgu20171843', 'sgu20171534', 'lightholmes80', 'ahm_kam', 'ahmedqaed33316', 'sgu20181489', 'mohamed_ahmed_kamal', 'aatony', 'zainab2000', 'kamrankardel', 'ahmedaboalftouh15', 'sgu20171556', 'sgu20191490', 'sgu20201443', 'loayabdalla', 'merna1mohamed', 'silkysebum', 'mariamhnmahmed', 'zeyadnar88', 'medomohamed3213', 'bolabolbol832', 'tmdgus4284', 'b715112', 'jskim159', 'sgu20161455', 'sgu20151313', 'sgu20171594', 'abdelrahmanmohyoussef', 'rana_sakr', 'ayman.mahmoud104', 'sgu20201465', 'muhammadshaheen', 'sgu20151447', 'pwrstudent1997', 'goodjh120', 'bebo.w.b', 'sgu20181503', 'mw1155000', 'k4r1m', 'seongshan', 'rlibros', 'sgu20171584', 'sulemansami', 'wjdrms9897', 'sgu20201507', 'amira.mohmeed3', 'sgu20171535', 'lolpeanut', 'onion1228', 'kimjaewook5834', 'yosefsami', 'fatma.ali.2028', 'manar444', 'peikeyi', 'mohameddahy2012', 'omaralzayat2100', 'carolinegirgis20', 'hisham.khaled.ahmed', 'omarahmed', 'janstefanski', 'pij33278', 'omarhesham565', 'ppzmh', 'sgu20181487', 'sgu20170241', 'davidruiz', 'spaget23', 'sa3dmohamedsa3dmohamed12', 'ahmed.tarek', 'sguni20181551', 'selviasnow', 'omarhassanian', 'qkrrjsxor12', 'eslammosllah8', 'sgu20181499', 'sgu20161547', 'sgu20191492', 'sgu20201527', 'sgu20201433', 'chj20151375', 'ahmeed.aly2051', 'mingee0740', 'sgu20161481', 'yoodabin', 'nkobayas', 'sgu20181509', 'mmarzouk1809', 'zika144', 'ahmed_khaled_samir', 'mingi1226', 'sgu20171585', 'srholtz57', 'b815018', 'sgu20161475', 'rabab1801214', 'ssohila422', 'phidalgo', 'mohamed2001hussein', 'sgu20161537', 'abasu', 'mokamedkh21', 'sgu20181479', 'qudgur96', 'midoashraf88', 'omarmagdy99', 'sgu20171499', 'iamyoussefmohammed', 'sgu20171512', 'sgu20161486', 'joy34box', 'srini.140375', 'shehababaas123', 'essamottoman', 'lyubomyr.nykyruy', 'aksmf98', 'sgu20171350', 'noura.hesham181', 'juambananohub', 'nathangrossmann', 'sukantaswain.rs', 'hazemmohamed3570', 'sgu20201497', 'avraiem1804', 'sgu20191543', 'mgspencer1952', '20ahmedhossam20', 'minamorcos200', 'ahmedsalah_65', 'sgu20181511', 'sgu20151202', 'akersch', 'bodysoly26', 'sgu20201475', 'bingsoo', 'sgu20191523', 'sgu20171911', 'mostafa77', 'bguillet', 'duonduon', 'yongin02', 'mohamednader239', 'rexcrusader', 'sgu20151421', 'sgu20181480', 'minsuk', 'sinanaras', 'fatma.hazem19', 'b715052', 'nourhannshafik', 'qjyw1997', 'drseemavats', 'irfanirshad4', 'tafazulijaz1972', 'sgu20171536', 'bassel', 'jatkarmandar123', 'kimdc0134', 'sgu20201531', 'efoster', 'ahmed_nasef', 'sgu20171564', 'sgu20181535', 'sgu20161551', 'bilginomi', 'tkdgjs68', 'ktj08310806', 'sgu20171530', 'sgu20191385', 'abdelrhmantamer', 'sara.adel.84069', 'remongerges74', 'sgu20171551', 'rudtjr987', 'yousefelwalid', 'sgu20171597', 'sgu20171575', 'mikhaaa56', 'radovanovic', 'pgolani22', 'sanghoon21547', 'nadeen2', 'eyadcataract20', 'sgu20171897', 'jonnyi961', 'sgu20201479', 'georgesemi', 'serbulentyildirim', 'thjung', 'sgu20181357', 'martinboules80', 'manarahmad589', 'yossefibr282', 'kyj0603', 'jihongkim', 'xconanx98', 'seokkyu', 'aemad430', 'dafrawy21', 'sgu20171576', 'sgu20201463', 'mahmoududk', 'abaraka279', 'parkinsu', 'skdywaw1', 'kimos32']",6,"['temuulen', 'ee19d001', 'ee19d002', 'shagai', 'ee19d005', None]",403,"['sgu20171541', 'ee19d001', 'beoungwoo', 'sgu20191457', 'sgu20191451', 'muhannadahmmed', 'sgu20171492', 'abdurrahmannasser10', 'eng.ahmed.adel.mourad', 'sgu20191469', 'omarhusseinn.2000', 'shehab2040', 'amadi.billy', 'zadosalah', 'akmr1212', 'songhobin', 'sgu20171502', 'yasmin.eldeep2001', 'sgu20191494', 'ahmed9891', 'ibrahimelgendy95', 'pky2237', 'karimsamy', 'sgu20161460', 'b735544', 'mennaahmed', 'ml935450', 'youssef.yasser.eng', 'sgu20181551', 'sgu20171523', 'mazenelaraby9', 'jjh684212', 'gweihs', 'sgu20151482', 'hadeermuhammed189', 'omarshamekh', 'mahmoudehab30', '3boda2001', 'sgu20171497', 'sgu20171501', 'sgu20192127', 'sgu20171557', 'ahmedassyk.k', 'osamamohamed666', 'ascendtobe', 'arijit', 'cowaleedtarek', 'ibrahimshawky419', 'sgu20192007', 'thanusit', 'sgu20171524', 'islam7769', 'sgu20171513', 'sgu20171503', 'suhilaa81', 'aliabdelwhab12', 'mkmbzm', 'ahmedpro200', 'rolagerab', 'hck23', 'yasmeenaly99', 'sgu20191509', 'sgu20171546', 'prakriti', 'walterwagner', 'dlstn3460', 'yasminfayed44', 'dlsrb0521', 'pazzaglia.1714292', 'sgu20161489', 'dinaatefff92', 'karim25401', 'elamouro', 'ahmad2000226', 'afantoni', 'sgu20181521', 'taegun', 'sgu20141431', 'sgu20171341', 'sgu20181333', 'fouadamr60', 'radwamohamed2052000', 'sgu20181515', 'salahadel762', 'mth4891', 'eider_aparicio', 'mf2809522', 'yaseensalah', 'antlomb', 'sgu20181513', 'sgu20171583', 'sgu20191305', 'seifbibers', 'sr7070202', 'sheshtawy898', 'halynyu', 'sgu20201515', 'sgu20171517', 'marielabravo', 'sgu20181523', 'drivet927', 'sgu20171510', 'sgu20191489', 'wlsdn0820', 'leejongmin', 'om1803173', 'sgu20201501', 'sgu20161513', 'billkim', 'sgu20161526', 'manofautumn', 'jihyun', 'abdallahali098321', 'carlosperez', 'poularizk', 'jsambeek', 'youssef.amr.ya', 'kinszkola', 'abdullah.amr.tawheed', 'dlrbgur008', 'omarahmed1', 'mostafamahmoud19p9995', 'temuulen', 'lets7512', 'midosaies', 'ucfaly75', 'sgu20181583', 'devesh124', 'bigwishwing', 'omeg_on', 'bishocasias', 'negeda', 'nadaelhossainii', 'sgu20161518', 'balter.trujillo', 'scratchy', 'tifa004', 'ma00yank', 'sgu20181579', 'kimjaeho608', 'tntjd3007', 'sgu20171533', 'nlidgi', 'ahmedkhaledgam', 'sgu20171521', 'sgu20171339', 'sgu20191333', 'abdelrhmangaber', 'mariamnader', 'mariam.ahmed.2721', 'ittopsk', 'sgu20201533', 'rawanhishaam', 'hcha71', 'sgu20191487', 'sgu20191453', 'sgu20171553', 'sgu20171525', 'adham.ibrahim.gamil', 'sgu20201459', 'shagai', 'sgu20201511', 'sgu20191455', 'thanaashabana02', 'danielemad', 'mariammhaanyy', 'tasneemasad19', 'noureldinseddik', 'sgu20171560', 'tifa27sherif', 'hyeonho', 'sgu20192113', 'mo32000a', 'gmcho980', 'maiop', 'nohasherif48', 'buggyjuggy', 'nour17', 'tarek.ahmed.hussein99', 'reemmohamed.rm38', 'a01088393779', 'omarabdelbary', 'alialouka2000', 'sgu20181557', 'tomas9159', 'norhanabdelhafeez4', 'sgu20161997', 'ahmedamer', 'sgu20141341', 'sgu20171516', 'mostafahassan0053', 'amrsamy1072', 'sgu20201521', 'ilgerby', 'sgu20171843', 'sgu20171534', 'lightholmes80', 'ee19d005', 'ahm_kam', 'ahmedqaed33316', 'sgu20181489', 'mohamed_ahmed_kamal', 'aatony', 'zainab2000', 'kamrankardel', 'ahmedaboalftouh15', 'sgu20171556', 'sgu20191490', 'sgu20201443', 'loayabdalla', 'merna1mohamed', 'silkysebum', 'mariamhnmahmed', 'zeyadnar88', 'medomohamed3213', 'bolabolbol832', 'tmdgus4284', 'b715112', 'jskim159', 'sgu20161455', 'sgu20151313', 'sgu20171594', 'abdelrahmanmohyoussef', 'rana_sakr', 'ayman.mahmoud104', 'sgu20201465', 'muhammadshaheen', 'sgu20151447', 'pwrstudent1997', 'goodjh120', 'bebo.w.b', 'sgu20181503', 'mw1155000', 'k4r1m', 'seongshan', 'rlibros', 'sgu20171584', 'sulemansami', 'wjdrms9897', 'sgu20201507', 'amira.mohmeed3', 'sgu20171535', 'lolpeanut', 'onion1228', 'kimjaewook5834', 'yosefsami', 'fatma.ali.2028', 'manar444', 'peikeyi', 'mohameddahy2012', 'omaralzayat2100', 'carolinegirgis20', 'hisham.khaled.ahmed', 's18ud1116022', 'omarahmed', 'janstefanski', 'pij33278', 'omarhesham565', 'ppzmh', 'sgu20181487', 'sgu20170241', 'davidruiz', 'spaget23', 'sa3dmohamedsa3dmohamed12', 'ahmed.tarek', 'sguni20181551', 'selviasnow', 'omarhassanian', 'qkrrjsxor12', 'eslammosllah8', 'sgu20181499', 'sgu20161547', 'sgu20191492', 'sgu20201527', 'sgu20201433', 'chj20151375', 'ahmeed.aly2051', 'mingee0740', 'sgu20161481', 'yoodabin', None, 'nkobayas', 'sgu20181509', 'mmarzouk1809', 'zika144', 'ahmed_khaled_samir', 'mingi1226', 'sgu20171585', 'srholtz57', 'b815018', 'sgu20161475', 'rabab1801214', 'ssohila422', 'phidalgo', 'mohamed2001hussein', 'sgu20161537', 'abasu', 'mokamedkh21', 'sgu20181479', 'qudgur96', 'midoashraf88', 'omarmagdy99', 'sgu20171499', 'iamyoussefmohammed', 'sgu20171512', 'sgu20161486', 'joy34box', 'srini.140375', 'shehababaas123', 'essamottoman', 'lyubomyr.nykyruy', 'aksmf98', 'sgu20171350', 'noura.hesham181', 'juambananohub', 'nathangrossmann', 'sukantaswain.rs', 'hazemmohamed3570', 'sgu20201497', 'avraiem1804', 'sgu20191543', 'mgspencer1952', '20ahmedhossam20', 'minamorcos200', 'ahmedsalah_65', 'sgu20181511', 'sgu20151202', 'akersch', 'bodysoly26', 'sgu20201475', 'ee19d002', 'bingsoo', 'sgu20191523', 'sgu20171911', 'mostafa77', 'bguillet', 'duonduon', 'yongin02', 'mohamednader239', 'rexcrusader', 'sgu20151421', 'sgu20181480', 'minsuk', 'sinanaras', 'fatma.hazem19', 'b715052', 'nourhannshafik', 'qjyw1997', 'drseemavats', 'irfanirshad4', 'tafazulijaz1972', 'sgu20171536', 'bassel', 'jatkarmandar123', 'kimdc0134', 'sgu20201531', 'efoster', 'ahmed_nasef', 'sgu20171564', 'sgu20181535', 'sgu20161551', 'bilginomi', 'tkdgjs68', 'ktj08310806', 'sgu20171530', 'sgu20191385', 'abdelrhmantamer', 'sara.adel.84069', 'remongerges74', 'sgu20171551', 'rudtjr987', 'yousefelwalid', 'sgu20171597', 'sgu20171575', 'mikhaaa56', 'radovanovic', 'pgolani22', 'sanghoon21547', 'nadeen2', 'eyadcataract20', 'sgu20171897', 'jonnyi961', 'sgu20201479', 'georgesemi', 'serbulentyildirim', 'thjung', 'sgu20181357', 'martinboules80', 'manarahmad589', 'yossefibr282', 'kyj0603', 'jihongkim', 'xconanx98', 'seokkyu', 'aemad430', 'dafrawy21', 'sgu20171576', 'sgu20201463', 'mahmoududk', 'abaraka279', 'parkinsu', 'skdywaw1', 'kimos32']"
2,392,231,230,222,"['lriccardo', 's284562', 'giorgia.strobbia', 'ippinoclaudioun1', 'santux01', 'danielecostantini729', 'alessandronuti99', 'agnese', 'rccrpp19', 'alessiabruno890', 'francesca.agli', 'giorgiamazzaro', 'sabrina.gobbo16', 'cancado', 'ciroccoantonio', 'daevid', 'marco.cavallo', 'francescabrovia', 'vincenzo_manno', 'guglielmo24', 'alessandro.gaudiano00', 'riccardoandro', 'francescacosta14', 'loremalfi', 'senghormboukap1', 'giorgia.bordiga', 'samuele22013', 'jacopocesaretti', 'tommasomontedoro', 'tubbadu', 'davidegiovine', 'lorenzo_delaurentis_01', 'mik7hd', 'lorriz', 'lebuosky', 'maurolubrini01', 'mariocol2000', 'federica', 'giorgiobello01', 'albertocibelli01', 'danielebersano', 'anubi01', 'tommisabba', 'ildottore01', 'leonardo2001', 'piaiamatteo', 'gabrielesanna52', 'polpol', 'micheleimbarrato16', 'tommy_dugo', 'federicadelvecchio', 'lorynova01', 'carladevittorio', 'kwamedisplab5', 'davensperanza', 'sarapereirac15', 'antoniosantucci', 'giulia0101', 'mauriziomedda', 'lorenzo01', 'leonardo.p', 'agnese_carignano', 'domenico.ddr59', 'silviacostanza.sc', 'maurof', 'sabatocarlotta', 'diletta.', 'andrea.bll', 'simone.gallareto', 'marta.leonetti16', 'gabriele1manione', 's205676', 'giuliaferrara', 'marchesematteo20', 'gabrielevisentini256', 'lorenzo.lucia01', 'samuele.capello.2001', 'iady_parodi', 'davide_indorato_01', 'ale.tarro.g', 'alessandro11', 'camagnaluca01', 'bergesiogregory', 'luigidimola001', 'murandefrancesco', 'federicoarnaudo', 'edoardo.iacobazzi', 'lubertinonunzia', 'fossati.emanuele.a', 'emanuele.staiessi', 's281136', 'matteorossi', 'jade00', 'stefanope01', 'pierluigi', 'puck_01', 'luigre2010', 'pietroantezza', 'marcopennazio', 'mrem13', 'giorgio17', 'valerio.actis.d.c', 'marc0fac3', 'dimitricresp', 'alessandra', 'michelangelo01', 'davide01', 'arlind', 's284818a', 'vitelloaureo', 'matteobrilli4', 'laura_de_clemente', 'nico01drusilla', 'edoardo02', 'alessandroiannitti01', 'matteo.alasio', 'matteshala', 'giovannipellegrinoo', 'edo.trombotto', 'soliminemichele001', 'zante00', 'asr74', 'gabriele.franzon', 'francescomur291201', 'nicola2001', 'angela.scarlino4', 'paolino.da01', 'raffaella', 'nikychristillin', 'giorgiogio783', 'camanuelsa', 'luciarisoli', 'fedemarinelli', 'francesco.travaglio2001', 'ste.valfre', 'gferri', 'alessandrospongano12', 'lorenzoaime92', 'rhaouatiayoub', 'edoardoboschetto6', 'boggiedown', 'emanuelebarbera', 'andrea00.piovano', 'discodek', 'lorenzopatanialp7', 'grandisofia29', 'letizia_bricco', 'davide_putorti', 'filipposergiacomi', 'marcogiannangeli10', 'andreafilippone1', 'ferrarogae01', 'lolloleli', 'dorimidori', 'fulvio.bergadano', 'francescomonni01', 'davideanfosso', 'critelli.samuele', 'gabriele2801', 'politos281228', 'alessio.montanaro', 's286564', 'alessandro00', 'marcoghiglia', 'arlind189', 'gabriele.beltrone', 'michele.blasco', 'and.cur15', 'alicet27', 's285104', 's281478', 'mdevittorio67', 'venerito', 'nicobcdr69', 'dowiko', 'simonelp01', 'sara262', 'gennysanzone512', 'marcoparrino', 'attanasiogabriele', 'fratsapp', 'studente', 'enrico_pavese', 'simone12', 'spampione17', 'alfredomizzica', 'vinceolly70', 'robertaleo81', 'giac416', 'peppece14', 'lorenzogiangreco', 'diana19albornoz', 'ss283300', 'alessandro.se00', 'jcanepa', 'alessio', 'vladsilea', 'giusepperinaldo01', 'matteoc98', 'mazzucco', 'samueltron9', 'alberto_einstenio', 'genzo', 'guglielmogiordano', 'alanv', 'paoloarc', 'russofelice6', 'luca_remondino', 'nicolo.latorella', 's282301', 'venditti', 's268677', 'niccabeus', 'andreadellabate02', 'ali.sedici10', 'robertovigna', 'vale09', 'elisasacco01', 'lexuss', 'matteovergaro', 'gabriele.degioanni', 'ludovicarizzo29']",8,"['davide.marengo00', 'giovannipellegrino', 'matteoc1998', 'wkloppen', 'mickey.diamant', 'michelep', 'chiranjeevi', 'micheleimbarrato1234']",8,"['s203837', 'evacatoggio', 'matteo.bono01', 'alessandrorusso', 'giulianaberetta', 'gabsimulation4', 'teslacoilresearch00.lab', 'vin.mastronardi']",238,"['s284562', 'santux01', 'danielecostantini729', 'rccrpp19', 'francesca.agli', 'michelep', 'sabrina.gobbo16', 'cancado', 'ciroccoantonio', 'daevid', 'marco.cavallo', 'francescabrovia', 'alessandro.gaudiano00', 'loremalfi', 'senghormboukap1', 'giorgia.bordiga', 'samuele22013', 'tubbadu', 'davidegiovine', 'mik7hd', 'giorgiobello01', 'albertocibelli01', 'danielebersano', 'ildottore01', 'tommisabba', 'leonardo2001', 'gabrielesanna52', 'polpol', 'davensperanza', 'sarapereirac15', 'mauriziomedda', 'lorenzo01', 'agnese_carignano', 'domenico.ddr59', 'sabatocarlotta', 'diletta.', 'simone.gallareto', 'davide_indorato_01', 'alessandrorusso', 'alessandro11', 'murandefrancesco', 'chiranjeevi', 'federicoarnaudo', 'edoardo.iacobazzi', 'fossati.emanuele.a', 'emanuele.staiessi', 'matteorossi', 'puck_01', 'vin.mastronardi', 'micheleimbarrato1234', 'valerio.actis.d.c', 'dimitricresp', 'alessandra', 'michelangelo01', 's284818a', 'arlind', 'vitelloaureo', 'matteobrilli4', 'laura_de_clemente', 'edoardo02', 'alessandroiannitti01', 'matteshala', 'giovannipellegrinoo', 'zante00', 'gabriele.franzon', 'giulianaberetta', 'francescomur291201', 'nicola2001', 'angela.scarlino4', 'raffaella', 'nikychristillin', 'fedemarinelli', 'ste.valfre', 'lorenzoaime92', 'alessandrospongano12', 'rhaouatiayoub', 'lorenzopatanialp7', 'grandisofia29', 'letizia_bricco', 'filipposergiacomi', 'marcogiannangeli10', 'dorimidori', 'lolloleli', 'francescomonni01', 'davideanfosso', 'politos281228', 's286564', 'alessandro00', 'marcoghiglia', 'arlind189', 'gabriele.beltrone', 'alicet27', 'dowiko', 'sara262', 'gennysanzone512', 'studente', 'simone12', 'robertaleo81', 'giac416', 'vinceolly70', 'ss283300', 'jcanepa', 'mazzucco', 'samueltron9', 'alberto_einstenio', 'genzo', 'guglielmogiordano', 'russofelice6', 'luca_remondino', 's282301', 'venditti', 'niccabeus', 'andreadellabate02', 'ali.sedici10', 'mickey.diamant', 'vale09', 'lexuss', 'lriccardo', 'giorgia.strobbia', 'ippinoclaudioun1', 'alessandronuti99', 'agnese', 'alessiabruno890', 'giorgiamazzaro', 'vincenzo_manno', 'guglielmo24', 'francescacosta14', 'riccardoandro', 'jacopocesaretti', 'tommasomontedoro', 'lorenzo_delaurentis_01', 'davide.marengo00', 'matteo.bono01', 'wkloppen', 'lorriz', 'lebuosky', 'mariocol2000', 'maurolubrini01', 'federica', 'anubi01', 'piaiamatteo', 'tommy_dugo', 'micheleimbarrato16', 'federicadelvecchio', 'lorynova01', 'carladevittorio', 'kwamedisplab5', 'antoniosantucci', 'giulia0101', 'leonardo.p', 'silviacostanza.sc', 'maurof', 'andrea.bll', 'marta.leonetti16', 'gabriele1manione', 's205676', 'giuliaferrara', 's203837', 'marchesematteo20', 'gabrielevisentini256', 'lorenzo.lucia01', 'giovannipellegrino', 'samuele.capello.2001', 'iady_parodi', 'ale.tarro.g', 'camagnaluca01', 'bergesiogregory', 'luigidimola001', 'lubertinonunzia', 's281136', 'jade00', 'stefanope01', 'pierluigi', 'luigre2010', 'pietroantezza', 'marcopennazio', 'mrem13', 'giorgio17', 'marc0fac3', 'evacatoggio', 'davide01', 'teslacoilresearch00.lab', 'nico01drusilla', 'matteo.alasio', 'edo.trombotto', 'soliminemichele001', 'asr74', 'paolino.da01', 'giorgiogio783', 'camanuelsa', 'luciarisoli', 'francesco.travaglio2001', 'gferri', 'boggiedown', 'edoardoboschetto6', 'emanuelebarbera', 'andrea00.piovano', 'discodek', 'davide_putorti', 'andreafilippone1', 'ferrarogae01', 'fulvio.bergadano', 'critelli.samuele', 'gabriele2801', 'alessio.montanaro', 'michele.blasco', 'and.cur15', 's285104', 's281478', 'mdevittorio67', 'venerito', 'nicobcdr69', 'simonelp01', 'marcoparrino', 'attanasiogabriele', 'fratsapp', 'enrico_pavese', 'alfredomizzica', 'spampione17', 'peppece14', 'lorenzogiangreco', 'matteoc1998', 'diana19albornoz', 'alessandro.se00', 'alessio', 'vladsilea', 'giusepperinaldo01', 'matteoc98', 'alanv', 'paoloarc', 'nicolo.latorella', 's268677', 'robertovigna', 'elisasacco01', 'gabsimulation4', 'matteovergaro', 'gabriele.degioanni', 'ludovicarizzo29']"
2,393,231,38,36,"['giorgia.strobbia', 'matteshala', 'leonardo.p', 'gabriele.franzon', 'maurof', 'agnese', 'alessiabruno890', 'francesca.agli', 'diletta.', 'spampione17', 'fedemarinelli', 'francesco.travaglio2001', 'peppece14', 'diana19albornoz', 'lorenzoaime92', 'boggiedown', 'giusepperinaldo01', 'lorenzopatanialp7', 'edoardo.iacobazzi', 'jade00', 'lebuosky', 'luca_remondino', 'ludovicarizzo29', 'pietroantezza', 'marcopennazio', 'davideanfosso', 'giorgio17', 'politos281228', 'alessandra', 'alessio.montanaro', 'lorynova01', 'elisasacco01', 'alicet27', 'matteovergaro', 'gabriele.degioanni', 'nico01drusilla']",194,"['lriccardo', 's284562', 'ippinoclaudioun1', 'santux01', 'danielecostantini729', 'alessandronuti99', 'rccrpp19', 'michelep', 'giorgiamazzaro', 'sabrina.gobbo16', 'cancado', 'ciroccoantonio', 'daevid', 'marco.cavallo', 'francescabrovia', 'vincenzo_manno', 'guglielmo24', 'alessandro.gaudiano00', 'francescacosta14', 'riccardoandro', 'loremalfi', 'senghormboukap1', 'giorgia.bordiga', 'samuele22013', 'jacopocesaretti', 'tubbadu', 'tommasomontedoro', 'davidegiovine', 'mik7hd', 'davide.marengo00', 'lorenzo_delaurentis_01', 'wkloppen', 'lorriz', 'mariocol2000', 'maurolubrini01', 'federica', 'giorgiobello01', 'albertocibelli01', 'danielebersano', 'anubi01', 'tommisabba', 'ildottore01', 'leonardo2001', 'piaiamatteo', 'gabrielesanna52', 'polpol', 'tommy_dugo', 'micheleimbarrato16', 'federicadelvecchio', 'carladevittorio', 'kwamedisplab5', 'davensperanza', 'sarapereirac15', 'antoniosantucci', 'giulia0101', 'mauriziomedda', 'lorenzo01', 'agnese_carignano', 'domenico.ddr59', 'silviacostanza.sc', 'sabatocarlotta', 'andrea.bll', 'simone.gallareto', 'gabriele1manione', 'marta.leonetti16', 's205676', 'giuliaferrara', 'marchesematteo20', 'gabrielevisentini256', 'lorenzo.lucia01', 'giovannipellegrino', 'samuele.capello.2001', 'davide_indorato_01', 'ale.tarro.g', 'alessandro11', 'camagnaluca01', 'bergesiogregory', 'luigidimola001', 'murandefrancesco', 'chiranjeevi', 'federicoarnaudo', 'lubertinonunzia', 'fossati.emanuele.a', 'emanuele.staiessi', 's281136', 'matteorossi', 'stefanope01', 'pierluigi', 'puck_01', 'luigre2010', 'mrem13', 'micheleimbarrato1234', 'valerio.actis.d.c', 'marc0fac3', 'dimitricresp', 'michelangelo01', 'davide01', 'arlind', 's284818a', 'vitelloaureo', 'matteobrilli4', 'laura_de_clemente', 'edoardo02', 'alessandroiannitti01', 'matteo.alasio', 'giovannipellegrinoo', 'edo.trombotto', 'zante00', 'soliminemichele001', 'asr74', 'francescomur291201', 'nicola2001', 'angela.scarlino4', 'paolino.da01', 'raffaella', 'nikychristillin', 'giorgiogio783', 'camanuelsa', 'luciarisoli', 'ste.valfre', 'gferri', 'alessandrospongano12', 'rhaouatiayoub', 'edoardoboschetto6', 'emanuelebarbera', 'andrea00.piovano', 'discodek', 'grandisofia29', 'letizia_bricco', 'davide_putorti', 'filipposergiacomi', 'andreafilippone1', 'marcogiannangeli10', 'ferrarogae01', 'lolloleli', 'dorimidori', 'fulvio.bergadano', 'francescomonni01', 'critelli.samuele', 'gabriele2801', 's286564', 'alessandro00', 'marcoghiglia', 'arlind189', 'michele.blasco', 'gabriele.beltrone', 'and.cur15', 's285104', 's281478', 'mdevittorio67', 'venerito', 'nicobcdr69', 'dowiko', 'simonelp01', 'sara262', 'gennysanzone512', 'marcoparrino', 'attanasiogabriele', 'fratsapp', 'studente', 'enrico_pavese', 'simone12', 'alfredomizzica', 'robertaleo81', 'giac416', 'vinceolly70', 'lorenzogiangreco', 'matteoc1998', 'ss283300', 'alessandro.se00', 'alessio', 'vladsilea', 'jcanepa', 'matteoc98', 'mazzucco', 'samueltron9', 'alberto_einstenio', 'genzo', 'guglielmogiordano', 'alanv', 'paoloarc', 'russofelice6', 'nicolo.latorella', 's282301', 'venditti', 's268677', 'niccabeus', 'andreadellabate02', 'ali.sedici10', 'robertovigna', 'mickey.diamant', 'vale09', 'lexuss', 'iady_parodi']",2,"['evacatoggio', None]",232,"['lriccardo', 's284562', 'giorgia.strobbia', 'ippinoclaudioun1', 'santux01', 'danielecostantini729', 'alessandronuti99', 'agnese', 'rccrpp19', 'alessiabruno890', 'francesca.agli', 'michelep', 'giorgiamazzaro', 'sabrina.gobbo16', 'cancado', 'ciroccoantonio', 'daevid', 'marco.cavallo', 'francescabrovia', 'vincenzo_manno', 'guglielmo24', 'alessandro.gaudiano00', 'francescacosta14', 'riccardoandro', 'loremalfi', 'senghormboukap1', 'giorgia.bordiga', 'samuele22013', 'jacopocesaretti', 'tubbadu', 'tommasomontedoro', 'davidegiovine', 'mik7hd', 'davide.marengo00', 'lorenzo_delaurentis_01', 'wkloppen', 'lorriz', 'lebuosky', 'mariocol2000', 'maurolubrini01', 'federica', 'giorgiobello01', 'albertocibelli01', 'danielebersano', 'anubi01', 'tommisabba', 'ildottore01', 'leonardo2001', 'piaiamatteo', 'gabrielesanna52', 'polpol', 'tommy_dugo', 'micheleimbarrato16', 'federicadelvecchio', 'lorynova01', 'carladevittorio', 'kwamedisplab5', 'davensperanza', 'sarapereirac15', 'antoniosantucci', 'giulia0101', 'mauriziomedda', 'leonardo.p', 'lorenzo01', 'agnese_carignano', 'domenico.ddr59', 'maurof', 'silviacostanza.sc', 'sabatocarlotta', 'diletta.', 'andrea.bll', 'simone.gallareto', 'gabriele1manione', 'marta.leonetti16', 's205676', 'giuliaferrara', 'marchesematteo20', 'gabrielevisentini256', 'lorenzo.lucia01', 'giovannipellegrino', 'samuele.capello.2001', 'davide_indorato_01', 'ale.tarro.g', 'alessandro11', 'camagnaluca01', 'bergesiogregory', 'luigidimola001', 'murandefrancesco', 'chiranjeevi', 'federicoarnaudo', 'edoardo.iacobazzi', 'lubertinonunzia', 'fossati.emanuele.a', 'emanuele.staiessi', 's281136', 'matteorossi', 'jade00', 'stefanope01', 'pierluigi', 'puck_01', 'luigre2010', 'pietroantezza', 'marcopennazio', 'mrem13', None, 'giorgio17', 'micheleimbarrato1234', 'valerio.actis.d.c', 'marc0fac3', 'dimitricresp', 'alessandra', 'evacatoggio', 'michelangelo01', 'davide01', 'arlind', 's284818a', 'vitelloaureo', 'matteobrilli4', 'laura_de_clemente', 'nico01drusilla', 'edoardo02', 'alessandroiannitti01', 'matteo.alasio', 'matteshala', 'giovannipellegrinoo', 'edo.trombotto', 'zante00', 'soliminemichele001', 'gabriele.franzon', 'asr74', 'francescomur291201', 'nicola2001', 'angela.scarlino4', 'paolino.da01', 'raffaella', 'nikychristillin', 'giorgiogio783', 'camanuelsa', 'fedemarinelli', 'luciarisoli', 'francesco.travaglio2001', 'ste.valfre', 'gferri', 'lorenzoaime92', 'alessandrospongano12', 'rhaouatiayoub', 'boggiedown', 'edoardoboschetto6', 'emanuelebarbera', 'andrea00.piovano', 'discodek', 'lorenzopatanialp7', 'grandisofia29', 'letizia_bricco', 'davide_putorti', 'filipposergiacomi', 'andreafilippone1', 'marcogiannangeli10', 'ferrarogae01', 'lolloleli', 'dorimidori', 'fulvio.bergadano', 'francescomonni01', 'critelli.samuele', 'davideanfosso', 'gabriele2801', 'politos281228', 'alessio.montanaro', 's286564', 'alessandro00', 'marcoghiglia', 'arlind189', 'michele.blasco', 'gabriele.beltrone', 'and.cur15', 'alicet27', 's285104', 's281478', 'mdevittorio67', 'venerito', 'nicobcdr69', 'dowiko', 'simonelp01', 'sara262', 'gennysanzone512', 'marcoparrino', 'attanasiogabriele', 'fratsapp', 'studente', 'enrico_pavese', 'simone12', 'spampione17', 'alfredomizzica', 'robertaleo81', 'giac416', 'vinceolly70', 'peppece14', 'lorenzogiangreco', 'matteoc1998', 'diana19albornoz', 'ss283300', 'alessandro.se00', 'alessio', 'vladsilea', 'jcanepa', 'giusepperinaldo01', 'matteoc98', 'mazzucco', 'samueltron9', 'alberto_einstenio', 'genzo', 'guglielmogiordano', 'alanv', 'paoloarc', 'russofelice6', 'luca_remondino', 'nicolo.latorella', 's282301', 'venditti', 's268677', 'niccabeus', 'andreadellabate02', 'ali.sedici10', 'gabriele.degioanni', 'robertovigna', 'mickey.diamant', 'vale09', 'elisasacco01', 'lexuss', 'matteovergaro', 'iady_parodi', 'ludovicarizzo29']"
2,395,231,24,22,"['giulia0101', 'edo.trombotto', 'leonardo.p', 'alessandronuti99', 'asr74', 'diletta.', 'alessiabruno890', 'simone12', 'cancado', 'robertaleo81', 'alessandro.se00', 'discodek', 'guglielmogiordano', 'lorriz', 'jade00', 'luca_remondino', 'pietroantezza', 'giorgio17', 'alessandra', 'alessandro00', 'lorynova01', 'alicet27']",208,"['lriccardo', 's284562', 'giorgia.strobbia', 'ippinoclaudioun1', 'santux01', 'danielecostantini729', 'agnese', 'rccrpp19', 'francesca.agli', 'michelep', 'giorgiamazzaro', 'sabrina.gobbo16', 'ciroccoantonio', 'daevid', 'marco.cavallo', 'francescabrovia', 'vincenzo_manno', 'guglielmo24', 'alessandro.gaudiano00', 'francescacosta14', 'riccardoandro', 'loremalfi', 'senghormboukap1', 'giorgia.bordiga', 'samuele22013', 'jacopocesaretti', 'tubbadu', 'tommasomontedoro', 'davidegiovine', 'mik7hd', 'davide.marengo00', 'lorenzo_delaurentis_01', 'wkloppen', 'lebuosky', 'mariocol2000', 'maurolubrini01', 'federica', 'giorgiobello01', 'albertocibelli01', 'danielebersano', 'anubi01', 'tommisabba', 'ildottore01', 'leonardo2001', 'piaiamatteo', 'gabrielesanna52', 'polpol', 'tommy_dugo', 'micheleimbarrato16', 'federicadelvecchio', 'carladevittorio', 'kwamedisplab5', 'davensperanza', 'sarapereirac15', 'antoniosantucci', 'mauriziomedda', 'lorenzo01', 'agnese_carignano', 'domenico.ddr59', 'maurof', 'silviacostanza.sc', 'sabatocarlotta', 'andrea.bll', 'simone.gallareto', 'gabriele1manione', 'marta.leonetti16', 's205676', 'giuliaferrara', 'marchesematteo20', 'gabrielevisentini256', 'lorenzo.lucia01', 'giovannipellegrino', 'samuele.capello.2001', 'davide_indorato_01', 'ale.tarro.g', 'alessandro11', 'camagnaluca01', 'bergesiogregory', 'luigidimola001', 'murandefrancesco', 'chiranjeevi', 'federicoarnaudo', 'edoardo.iacobazzi', 'lubertinonunzia', 'fossati.emanuele.a', 'emanuele.staiessi', 's281136', 'matteorossi', 'stefanope01', 'pierluigi', 'puck_01', 'luigre2010', 'marcopennazio', 'mrem13', 'micheleimbarrato1234', 'valerio.actis.d.c', 'marc0fac3', 'dimitricresp', 'michelangelo01', 'davide01', 'arlind', 's284818a', 'vitelloaureo', 'matteobrilli4', 'laura_de_clemente', 'nico01drusilla', 'edoardo02', 'alessandroiannitti01', 'matteo.alasio', 'matteshala', 'giovannipellegrinoo', 'zante00', 'soliminemichele001', 'gabriele.franzon', 'francescomur291201', 'nicola2001', 'angela.scarlino4', 'paolino.da01', 'raffaella', 'nikychristillin', 'giorgiogio783', 'camanuelsa', 'fedemarinelli', 'luciarisoli', 'francesco.travaglio2001', 'ste.valfre', 'gferri', 'lorenzoaime92', 'alessandrospongano12', 'rhaouatiayoub', 'boggiedown', 'edoardoboschetto6', 'emanuelebarbera', 'andrea00.piovano', 'lorenzopatanialp7', 'grandisofia29', 'letizia_bricco', 'davide_putorti', 'filipposergiacomi', 'andreafilippone1', 'marcogiannangeli10', 'ferrarogae01', 'lolloleli', 'dorimidori', 'fulvio.bergadano', 'francescomonni01', 'critelli.samuele', 'davideanfosso', 'gabriele2801', 'politos281228', 'alessio.montanaro', 's286564', 'marcoghiglia', 'arlind189', 'michele.blasco', 'gabriele.beltrone', 'and.cur15', 's285104', 's281478', 'mdevittorio67', 'venerito', 'nicobcdr69', 'dowiko', 'simonelp01', 'sara262', 'gennysanzone512', 'marcoparrino', 'attanasiogabriele', 'fratsapp', 'studente', 'enrico_pavese', 'spampione17', 'alfredomizzica', 'giac416', 'vinceolly70', 'peppece14', 'lorenzogiangreco', 'matteoc1998', 'diana19albornoz', 'ss283300', 'alessio', 'vladsilea', 'jcanepa', 'giusepperinaldo01', 'matteoc98', 'mazzucco', 'samueltron9', 'alberto_einstenio', 'genzo', 'alanv', 'paoloarc', 'russofelice6', 'nicolo.latorella', 's282301', 'venditti', 's268677', 'niccabeus', 'andreadellabate02', 'ali.sedici10', 'gabriele.degioanni', 'robertovigna', 'mickey.diamant', 'vale09', 'elisasacco01', 'lexuss', 'matteovergaro', 'iady_parodi', 'ludovicarizzo29']",2,"['evacatoggio', None]",232,"['lriccardo', 's284562', 'giorgia.strobbia', 'ippinoclaudioun1', 'santux01', 'danielecostantini729', 'alessandronuti99', 'agnese', 'rccrpp19', 'alessiabruno890', 'francesca.agli', 'michelep', 'giorgiamazzaro', 'sabrina.gobbo16', 'cancado', 'ciroccoantonio', 'daevid', 'marco.cavallo', 'francescabrovia', 'vincenzo_manno', 'guglielmo24', 'alessandro.gaudiano00', 'francescacosta14', 'riccardoandro', 'loremalfi', 'senghormboukap1', 'giorgia.bordiga', 'samuele22013', 'jacopocesaretti', 'tubbadu', 'tommasomontedoro', 'davidegiovine', 'mik7hd', 'davide.marengo00', 'lorenzo_delaurentis_01', 'wkloppen', 'lorriz', 'lebuosky', 'mariocol2000', 'maurolubrini01', 'federica', 'giorgiobello01', 'albertocibelli01', 'danielebersano', 'anubi01', 'tommisabba', 'ildottore01', 'leonardo2001', 'piaiamatteo', 'gabrielesanna52', 'polpol', 'tommy_dugo', 'micheleimbarrato16', 'federicadelvecchio', 'lorynova01', 'carladevittorio', 'kwamedisplab5', 'davensperanza', 'sarapereirac15', 'antoniosantucci', 'giulia0101', 'mauriziomedda', 'leonardo.p', 'lorenzo01', 'agnese_carignano', 'domenico.ddr59', 'maurof', 'silviacostanza.sc', 'sabatocarlotta', 'diletta.', 'andrea.bll', 'simone.gallareto', 'gabriele1manione', 'marta.leonetti16', 's205676', 'giuliaferrara', 'marchesematteo20', 'gabrielevisentini256', 'lorenzo.lucia01', 'giovannipellegrino', 'samuele.capello.2001', 'davide_indorato_01', 'ale.tarro.g', 'alessandro11', 'camagnaluca01', 'bergesiogregory', 'luigidimola001', 'murandefrancesco', 'chiranjeevi', 'federicoarnaudo', 'edoardo.iacobazzi', 'lubertinonunzia', 'fossati.emanuele.a', 'emanuele.staiessi', 's281136', 'matteorossi', 'jade00', 'stefanope01', 'pierluigi', 'puck_01', 'luigre2010', 'pietroantezza', 'marcopennazio', 'mrem13', None, 'giorgio17', 'micheleimbarrato1234', 'valerio.actis.d.c', 'marc0fac3', 'dimitricresp', 'alessandra', 'evacatoggio', 'michelangelo01', 'davide01', 'arlind', 's284818a', 'vitelloaureo', 'matteobrilli4', 'laura_de_clemente', 'nico01drusilla', 'edoardo02', 'alessandroiannitti01', 'matteo.alasio', 'matteshala', 'giovannipellegrinoo', 'edo.trombotto', 'zante00', 'soliminemichele001', 'gabriele.franzon', 'asr74', 'francescomur291201', 'nicola2001', 'angela.scarlino4', 'paolino.da01', 'raffaella', 'nikychristillin', 'giorgiogio783', 'camanuelsa', 'fedemarinelli', 'luciarisoli', 'francesco.travaglio2001', 'ste.valfre', 'gferri', 'lorenzoaime92', 'alessandrospongano12', 'rhaouatiayoub', 'boggiedown', 'edoardoboschetto6', 'emanuelebarbera', 'andrea00.piovano', 'discodek', 'lorenzopatanialp7', 'grandisofia29', 'letizia_bricco', 'davide_putorti', 'filipposergiacomi', 'andreafilippone1', 'marcogiannangeli10', 'ferrarogae01', 'lolloleli', 'dorimidori', 'fulvio.bergadano', 'francescomonni01', 'critelli.samuele', 'davideanfosso', 'gabriele2801', 'politos281228', 'alessio.montanaro', 's286564', 'alessandro00', 'marcoghiglia', 'arlind189', 'michele.blasco', 'gabriele.beltrone', 'and.cur15', 'alicet27', 's285104', 's281478', 'mdevittorio67', 'venerito', 'nicobcdr69', 'dowiko', 'simonelp01', 'sara262', 'gennysanzone512', 'marcoparrino', 'attanasiogabriele', 'fratsapp', 'studente', 'enrico_pavese', 'simone12', 'spampione17', 'alfredomizzica', 'robertaleo81', 'giac416', 'vinceolly70', 'peppece14', 'lorenzogiangreco', 'matteoc1998', 'diana19albornoz', 'ss283300', 'alessandro.se00', 'alessio', 'vladsilea', 'jcanepa', 'giusepperinaldo01', 'matteoc98', 'mazzucco', 'samueltron9', 'alberto_einstenio', 'genzo', 'guglielmogiordano', 'alanv', 'paoloarc', 'russofelice6', 'luca_remondino', 'nicolo.latorella', 's282301', 'venditti', 's268677', 'niccabeus', 'andreadellabate02', 'ali.sedici10', 'gabriele.degioanni', 'robertovigna', 'mickey.diamant', 'vale09', 'elisasacco01', 'lexuss', 'matteovergaro', 'iady_parodi', 'ludovicarizzo29']"
2,391,231,16,15,"['tommasomontedoro', 'marc0fac3', 'marta.leonetti16', 'samuele.capello.2001', 'matteoc1998', 'alessio.montanaro', 'filipposergiacomi', 'gennysanzone512', 'lolloleli', 'federicadelvecchio', 'andrea00.piovano', 'francescacosta14', 'grandisofia29', 'laura_de_clemente', 'edoardo02']",215,"['lriccardo', 's284562', 'giorgia.strobbia', 'ippinoclaudioun1', 'santux01', 'danielecostantini729', 'alessandronuti99', 'agnese', 'rccrpp19', 'alessiabruno890', 'francesca.agli', 'michelep', 'giorgiamazzaro', 'sabrina.gobbo16', 'cancado', 'ciroccoantonio', 'daevid', 'marco.cavallo', 'francescabrovia', 'vincenzo_manno', 'guglielmo24', 'alessandro.gaudiano00', 'riccardoandro', 'loremalfi', 'senghormboukap1', 'giorgia.bordiga', 'samuele22013', 'jacopocesaretti', 'tubbadu', 'davidegiovine', 'mik7hd', 'davide.marengo00', 'lorenzo_delaurentis_01', 'wkloppen', 'lorriz', 'lebuosky', 'mariocol2000', 'maurolubrini01', 'federica', 'giorgiobello01', 'albertocibelli01', 'danielebersano', 'anubi01', 'tommisabba', 'ildottore01', 'leonardo2001', 'piaiamatteo', 'gabrielesanna52', 'polpol', 'tommy_dugo', 'micheleimbarrato16', 'lorynova01', 'carladevittorio', 'kwamedisplab5', 'davensperanza', 'sarapereirac15', 'antoniosantucci', 'giulia0101', 'mauriziomedda', 'leonardo.p', 'lorenzo01', 'agnese_carignano', 'domenico.ddr59', 'maurof', 'silviacostanza.sc', 'sabatocarlotta', 'diletta.', 'andrea.bll', 'simone.gallareto', 'gabriele1manione', 's205676', 'giuliaferrara', 'marchesematteo20', 'gabrielevisentini256', 'lorenzo.lucia01', 'giovannipellegrino', 'davide_indorato_01', 'ale.tarro.g', 'alessandro11', 'camagnaluca01', 'bergesiogregory', 'luigidimola001', 'murandefrancesco', 'chiranjeevi', 'federicoarnaudo', 'edoardo.iacobazzi', 'lubertinonunzia', 'fossati.emanuele.a', 'emanuele.staiessi', 's281136', 'matteorossi', 'jade00', 'stefanope01', 'pierluigi', 'puck_01', 'luigre2010', 'pietroantezza', 'marcopennazio', 'mrem13', 'giorgio17', 'micheleimbarrato1234', 'valerio.actis.d.c', 'dimitricresp', 'alessandra', 'michelangelo01', 'davide01', 'arlind', 's284818a', 'vitelloaureo', 'matteobrilli4', 'nico01drusilla', 'alessandroiannitti01', 'matteo.alasio', 'matteshala', 'giovannipellegrinoo', 'edo.trombotto', 'zante00', 'soliminemichele001', 'gabriele.franzon', 'asr74', 'francescomur291201', 'nicola2001', 'angela.scarlino4', 'paolino.da01', 'raffaella', 'nikychristillin', 'giorgiogio783', 'camanuelsa', 'fedemarinelli', 'luciarisoli', 'francesco.travaglio2001', 'ste.valfre', 'gferri', 'lorenzoaime92', 'alessandrospongano12', 'rhaouatiayoub', 'boggiedown', 'edoardoboschetto6', 'emanuelebarbera', 'discodek', 'lorenzopatanialp7', 'letizia_bricco', 'davide_putorti', 'andreafilippone1', 'marcogiannangeli10', 'ferrarogae01', 'dorimidori', 'fulvio.bergadano', 'francescomonni01', 'critelli.samuele', 'davideanfosso', 'gabriele2801', 'politos281228', 's286564', 'alessandro00', 'marcoghiglia', 'arlind189', 'michele.blasco', 'gabriele.beltrone', 'and.cur15', 'alicet27', 's285104', 's281478', 'mdevittorio67', 'venerito', 'nicobcdr69', 'dowiko', 'simonelp01', 'sara262', 'marcoparrino', 'attanasiogabriele', 'fratsapp', 'studente', 'enrico_pavese', 'simone12', 'spampione17', 'alfredomizzica', 'robertaleo81', 'giac416', 'vinceolly70', 'peppece14', 'lorenzogiangreco', 'diana19albornoz', 'ss283300', 'alessandro.se00', 'alessio', 'vladsilea', 'jcanepa', 'giusepperinaldo01', 'matteoc98', 'mazzucco', 'samueltron9', 'alberto_einstenio', 'genzo', 'guglielmogiordano', 'alanv', 'paoloarc', 'russofelice6', 'luca_remondino', 'nicolo.latorella', 's282301', 'venditti', 's268677', 'niccabeus', 'andreadellabate02', 'ali.sedici10', 'gabriele.degioanni', 'robertovigna', 'mickey.diamant', 'vale09', 'elisasacco01', 'lexuss', 'matteovergaro', 'iady_parodi', 'ludovicarizzo29']",1,[None],231,"['lriccardo', 's284562', 'giorgia.strobbia', 'ippinoclaudioun1', 'santux01', 'danielecostantini729', 'alessandronuti99', 'agnese', 'rccrpp19', 'alessiabruno890', 'francesca.agli', 'michelep', 'giorgiamazzaro', 'sabrina.gobbo16', 'cancado', 'ciroccoantonio', 'daevid', 'marco.cavallo', 'francescabrovia', 'vincenzo_manno', 'guglielmo24', 'alessandro.gaudiano00', 'francescacosta14', 'riccardoandro', 'loremalfi', 'senghormboukap1', 'giorgia.bordiga', 'samuele22013', 'jacopocesaretti', 'tubbadu', 'tommasomontedoro', 'davidegiovine', 'mik7hd', 'davide.marengo00', 'lorenzo_delaurentis_01', 'wkloppen', 'lorriz', 'lebuosky', 'mariocol2000', 'maurolubrini01', 'federica', 'giorgiobello01', 'albertocibelli01', 'danielebersano', 'anubi01', 'tommisabba', 'ildottore01', 'leonardo2001', 'piaiamatteo', 'gabrielesanna52', 'polpol', 'tommy_dugo', 'micheleimbarrato16', 'federicadelvecchio', 'lorynova01', 'carladevittorio', 'kwamedisplab5', 'davensperanza', 'sarapereirac15', 'antoniosantucci', 'giulia0101', 'mauriziomedda', 'leonardo.p', 'lorenzo01', 'agnese_carignano', 'domenico.ddr59', 'maurof', 'silviacostanza.sc', 'sabatocarlotta', 'diletta.', 'andrea.bll', 'simone.gallareto', 'gabriele1manione', 'marta.leonetti16', 's205676', 'giuliaferrara', 'marchesematteo20', 'gabrielevisentini256', 'lorenzo.lucia01', 'giovannipellegrino', 'samuele.capello.2001', 'davide_indorato_01', 'ale.tarro.g', 'alessandro11', 'camagnaluca01', 'bergesiogregory', 'luigidimola001', 'murandefrancesco', 'chiranjeevi', 'federicoarnaudo', 'edoardo.iacobazzi', 'lubertinonunzia', 'fossati.emanuele.a', 'emanuele.staiessi', 's281136', 'matteorossi', 'jade00', 'stefanope01', 'pierluigi', 'puck_01', 'luigre2010', 'pietroantezza', 'marcopennazio', 'mrem13', None, 'giorgio17', 'micheleimbarrato1234', 'valerio.actis.d.c', 'marc0fac3', 'dimitricresp', 'alessandra', 'michelangelo01', 'davide01', 'arlind', 's284818a', 'vitelloaureo', 'matteobrilli4', 'laura_de_clemente', 'nico01drusilla', 'edoardo02', 'alessandroiannitti01', 'matteo.alasio', 'matteshala', 'giovannipellegrinoo', 'edo.trombotto', 'zante00', 'soliminemichele001', 'gabriele.franzon', 'asr74', 'francescomur291201', 'nicola2001', 'angela.scarlino4', 'paolino.da01', 'raffaella', 'nikychristillin', 'giorgiogio783', 'camanuelsa', 'fedemarinelli', 'luciarisoli', 'francesco.travaglio2001', 'ste.valfre', 'gferri', 'lorenzoaime92', 'alessandrospongano12', 'rhaouatiayoub', 'boggiedown', 'edoardoboschetto6', 'emanuelebarbera', 'andrea00.piovano', 'discodek', 'lorenzopatanialp7', 'grandisofia29', 'letizia_bricco', 'davide_putorti', 'filipposergiacomi', 'andreafilippone1', 'marcogiannangeli10', 'ferrarogae01', 'lolloleli', 'dorimidori', 'fulvio.bergadano', 'francescomonni01', 'critelli.samuele', 'davideanfosso', 'gabriele2801', 'politos281228', 'alessio.montanaro', 's286564', 'alessandro00', 'marcoghiglia', 'arlind189', 'michele.blasco', 'gabriele.beltrone', 'and.cur15', 'alicet27', 's285104', 's281478', 'mdevittorio67', 'venerito', 'nicobcdr69', 'dowiko', 'simonelp01', 'sara262', 'gennysanzone512', 'marcoparrino', 'attanasiogabriele', 'fratsapp', 'studente', 'enrico_pavese', 'simone12', 'spampione17', 'alfredomizzica', 'robertaleo81', 'giac416', 'vinceolly70', 'peppece14', 'lorenzogiangreco', 'matteoc1998', 'diana19albornoz', 'ss283300', 'alessandro.se00', 'alessio', 'vladsilea', 'jcanepa', 'giusepperinaldo01', 'matteoc98', 'mazzucco', 'samueltron9', 'alberto_einstenio', 'genzo', 'guglielmogiordano', 'alanv', 'paoloarc', 'russofelice6', 'luca_remondino', 'nicolo.latorella', 's282301', 'venditti', 's268677', 'niccabeus', 'andreadellabate02', 'ali.sedici10', 'gabriele.degioanni', 'robertovigna', 'mickey.diamant', 'vale09', 'elisasacco01', 'lexuss', 'matteovergaro', 'iady_parodi', 'ludovicarizzo29']"
2,394,231,8,7,"['s284562', 'leonardo2001', 'davide.marengo00', 'alessandro11', 'gabriele.beltrone', 'michelep', 'matteovergaro']",223,"['lriccardo', 'giorgia.strobbia', 'ippinoclaudioun1', 'santux01', 'danielecostantini729', 'alessandronuti99', 'agnese', 'rccrpp19', 'alessiabruno890', 'francesca.agli', 'giorgiamazzaro', 'sabrina.gobbo16', 'cancado', 'ciroccoantonio', 'daevid', 'marco.cavallo', 'francescabrovia', 'vincenzo_manno', 'guglielmo24', 'alessandro.gaudiano00', 'francescacosta14', 'riccardoandro', 'loremalfi', 'senghormboukap1', 'giorgia.bordiga', 'samuele22013', 'jacopocesaretti', 'tubbadu', 'tommasomontedoro', 'davidegiovine', 'mik7hd', 'lorenzo_delaurentis_01', 'wkloppen', 'lorriz', 'lebuosky', 'mariocol2000', 'maurolubrini01', 'federica', 'giorgiobello01', 'albertocibelli01', 'danielebersano', 'anubi01', 'tommisabba', 'ildottore01', 'piaiamatteo', 'gabrielesanna52', 'polpol', 'tommy_dugo', 'micheleimbarrato16', 'federicadelvecchio', 'lorynova01', 'carladevittorio', 'kwamedisplab5', 'davensperanza', 'sarapereirac15', 'antoniosantucci', 'giulia0101', 'mauriziomedda', 'leonardo.p', 'lorenzo01', 'agnese_carignano', 'domenico.ddr59', 'maurof', 'silviacostanza.sc', 'sabatocarlotta', 'diletta.', 'andrea.bll', 'simone.gallareto', 'gabriele1manione', 'marta.leonetti16', 's205676', 'giuliaferrara', 'marchesematteo20', 'gabrielevisentini256', 'lorenzo.lucia01', 'giovannipellegrino', 'samuele.capello.2001', 'davide_indorato_01', 'ale.tarro.g', 'camagnaluca01', 'bergesiogregory', 'luigidimola001', 'murandefrancesco', 'chiranjeevi', 'federicoarnaudo', 'edoardo.iacobazzi', 'lubertinonunzia', 'fossati.emanuele.a', 'emanuele.staiessi', 's281136', 'matteorossi', 'jade00', 'stefanope01', 'pierluigi', 'puck_01', 'luigre2010', 'pietroantezza', 'marcopennazio', 'mrem13', 'giorgio17', 'micheleimbarrato1234', 'valerio.actis.d.c', 'marc0fac3', 'dimitricresp', 'alessandra', 'michelangelo01', 'davide01', 'arlind', 's284818a', 'vitelloaureo', 'matteobrilli4', 'laura_de_clemente', 'nico01drusilla', 'edoardo02', 'alessandroiannitti01', 'matteo.alasio', 'matteshala', 'giovannipellegrinoo', 'edo.trombotto', 'zante00', 'soliminemichele001', 'gabriele.franzon', 'asr74', 'francescomur291201', 'nicola2001', 'angela.scarlino4', 'paolino.da01', 'raffaella', 'nikychristillin', 'giorgiogio783', 'camanuelsa', 'fedemarinelli', 'luciarisoli', 'francesco.travaglio2001', 'ste.valfre', 'gferri', 'lorenzoaime92', 'alessandrospongano12', 'rhaouatiayoub', 'boggiedown', 'edoardoboschetto6', 'emanuelebarbera', 'andrea00.piovano', 'discodek', 'lorenzopatanialp7', 'grandisofia29', 'letizia_bricco', 'davide_putorti', 'filipposergiacomi', 'andreafilippone1', 'marcogiannangeli10', 'ferrarogae01', 'lolloleli', 'dorimidori', 'fulvio.bergadano', 'francescomonni01', 'critelli.samuele', 'davideanfosso', 'gabriele2801', 'politos281228', 'alessio.montanaro', 's286564', 'alessandro00', 'marcoghiglia', 'arlind189', 'michele.blasco', 'and.cur15', 'alicet27', 's285104', 's281478', 'mdevittorio67', 'venerito', 'nicobcdr69', 'dowiko', 'simonelp01', 'sara262', 'gennysanzone512', 'marcoparrino', 'attanasiogabriele', 'fratsapp', 'studente', 'enrico_pavese', 'simone12', 'spampione17', 'alfredomizzica', 'robertaleo81', 'giac416', 'vinceolly70', 'peppece14', 'lorenzogiangreco', 'matteoc1998', 'diana19albornoz', 'ss283300', 'alessandro.se00', 'alessio', 'vladsilea', 'jcanepa', 'giusepperinaldo01', 'matteoc98', 'mazzucco', 'samueltron9', 'alberto_einstenio', 'genzo', 'guglielmogiordano', 'alanv', 'paoloarc', 'russofelice6', 'luca_remondino', 'nicolo.latorella', 's282301', 'venditti', 's268677', 'niccabeus', 'andreadellabate02', 'ali.sedici10', 'gabriele.degioanni', 'robertovigna', 'mickey.diamant', 'vale09', 'elisasacco01', 'lexuss', 'iady_parodi', 'ludovicarizzo29']",1,[None],231,"['lriccardo', 's284562', 'giorgia.strobbia', 'ippinoclaudioun1', 'santux01', 'danielecostantini729', 'alessandronuti99', 'agnese', 'rccrpp19', 'alessiabruno890', 'francesca.agli', 'michelep', 'giorgiamazzaro', 'sabrina.gobbo16', 'cancado', 'ciroccoantonio', 'daevid', 'marco.cavallo', 'francescabrovia', 'vincenzo_manno', 'guglielmo24', 'alessandro.gaudiano00', 'francescacosta14', 'riccardoandro', 'loremalfi', 'senghormboukap1', 'giorgia.bordiga', 'samuele22013', 'jacopocesaretti', 'tubbadu', 'tommasomontedoro', 'davidegiovine', 'mik7hd', 'davide.marengo00', 'lorenzo_delaurentis_01', 'wkloppen', 'lorriz', 'lebuosky', 'mariocol2000', 'maurolubrini01', 'federica', 'giorgiobello01', 'albertocibelli01', 'danielebersano', 'anubi01', 'tommisabba', 'ildottore01', 'leonardo2001', 'piaiamatteo', 'gabrielesanna52', 'polpol', 'tommy_dugo', 'micheleimbarrato16', 'federicadelvecchio', 'lorynova01', 'carladevittorio', 'kwamedisplab5', 'davensperanza', 'sarapereirac15', 'antoniosantucci', 'giulia0101', 'mauriziomedda', 'leonardo.p', 'lorenzo01', 'agnese_carignano', 'domenico.ddr59', 'maurof', 'silviacostanza.sc', 'sabatocarlotta', 'diletta.', 'andrea.bll', 'simone.gallareto', 'gabriele1manione', 'marta.leonetti16', 's205676', 'giuliaferrara', 'marchesematteo20', 'gabrielevisentini256', 'lorenzo.lucia01', 'giovannipellegrino', 'samuele.capello.2001', 'davide_indorato_01', 'ale.tarro.g', 'alessandro11', 'camagnaluca01', 'bergesiogregory', 'luigidimola001', 'murandefrancesco', 'chiranjeevi', 'federicoarnaudo', 'edoardo.iacobazzi', 'lubertinonunzia', 'fossati.emanuele.a', 'emanuele.staiessi', 's281136', 'matteorossi', 'jade00', 'stefanope01', 'pierluigi', 'puck_01', 'luigre2010', 'pietroantezza', 'marcopennazio', 'mrem13', None, 'giorgio17', 'micheleimbarrato1234', 'valerio.actis.d.c', 'marc0fac3', 'dimitricresp', 'alessandra', 'michelangelo01', 'davide01', 'arlind', 's284818a', 'vitelloaureo', 'matteobrilli4', 'laura_de_clemente', 'nico01drusilla', 'edoardo02', 'alessandroiannitti01', 'matteo.alasio', 'matteshala', 'giovannipellegrinoo', 'edo.trombotto', 'zante00', 'soliminemichele001', 'gabriele.franzon', 'asr74', 'francescomur291201', 'nicola2001', 'angela.scarlino4', 'paolino.da01', 'raffaella', 'nikychristillin', 'giorgiogio783', 'camanuelsa', 'fedemarinelli', 'luciarisoli', 'francesco.travaglio2001', 'ste.valfre', 'gferri', 'lorenzoaime92', 'alessandrospongano12', 'rhaouatiayoub', 'boggiedown', 'edoardoboschetto6', 'emanuelebarbera', 'andrea00.piovano', 'discodek', 'lorenzopatanialp7', 'grandisofia29', 'letizia_bricco', 'davide_putorti', 'filipposergiacomi', 'andreafilippone1', 'marcogiannangeli10', 'ferrarogae01', 'lolloleli', 'dorimidori', 'fulvio.bergadano', 'francescomonni01', 'critelli.samuele', 'davideanfosso', 'gabriele2801', 'politos281228', 'alessio.montanaro', 's286564', 'alessandro00', 'marcoghiglia', 'arlind189', 'michele.blasco', 'gabriele.beltrone', 'and.cur15', 'alicet27', 's285104', 's281478', 'mdevittorio67', 'venerito', 'nicobcdr69', 'dowiko', 'simonelp01', 'sara262', 'gennysanzone512', 'marcoparrino', 'attanasiogabriele', 'fratsapp', 'studente', 'enrico_pavese', 'simone12', 'spampione17', 'alfredomizzica', 'robertaleo81', 'giac416', 'vinceolly70', 'peppece14', 'lorenzogiangreco', 'matteoc1998', 'diana19albornoz', 'ss283300', 'alessandro.se00', 'alessio', 'vladsilea', 'jcanepa', 'giusepperinaldo01', 'matteoc98', 'mazzucco', 'samueltron9', 'alberto_einstenio', 'genzo', 'guglielmogiordano', 'alanv', 'paoloarc', 'russofelice6', 'luca_remondino', 'nicolo.latorella', 's282301', 'venditti', 's268677', 'niccabeus', 'andreadellabate02', 'ali.sedici10', 'gabriele.degioanni', 'robertovigna', 'mickey.diamant', 'vale09', 'elisasacco01', 'lexuss', 'matteovergaro', 'iady_parodi', 'ludovicarizzo29']"
2,396,231,7,6,"['giuliaferrara', 's286564', 'davide01', 'giusepperinaldo01', 'giorgiogio783', 'camanuelsa']",224,"['lriccardo', 's284562', 'giorgia.strobbia', 'ippinoclaudioun1', 'santux01', 'danielecostantini729', 'alessandronuti99', 'agnese', 'rccrpp19', 'alessiabruno890', 'francesca.agli', 'michelep', 'giorgiamazzaro', 'sabrina.gobbo16', 'cancado', 'ciroccoantonio', 'daevid', 'marco.cavallo', 'francescabrovia', 'vincenzo_manno', 'guglielmo24', 'alessandro.gaudiano00', 'francescacosta14', 'riccardoandro', 'loremalfi', 'senghormboukap1', 'giorgia.bordiga', 'samuele22013', 'jacopocesaretti', 'tubbadu', 'tommasomontedoro', 'davidegiovine', 'mik7hd', 'davide.marengo00', 'lorenzo_delaurentis_01', 'wkloppen', 'lorriz', 'lebuosky', 'mariocol2000', 'maurolubrini01', 'federica', 'giorgiobello01', 'albertocibelli01', 'danielebersano', 'anubi01', 'tommisabba', 'ildottore01', 'leonardo2001', 'piaiamatteo', 'gabrielesanna52', 'polpol', 'tommy_dugo', 'micheleimbarrato16', 'federicadelvecchio', 'lorynova01', 'carladevittorio', 'kwamedisplab5', 'davensperanza', 'sarapereirac15', 'antoniosantucci', 'giulia0101', 'mauriziomedda', 'leonardo.p', 'lorenzo01', 'agnese_carignano', 'domenico.ddr59', 'maurof', 'silviacostanza.sc', 'sabatocarlotta', 'diletta.', 'andrea.bll', 'simone.gallareto', 'gabriele1manione', 'marta.leonetti16', 's205676', 'marchesematteo20', 'gabrielevisentini256', 'lorenzo.lucia01', 'giovannipellegrino', 'samuele.capello.2001', 'davide_indorato_01', 'ale.tarro.g', 'alessandro11', 'camagnaluca01', 'bergesiogregory', 'luigidimola001', 'murandefrancesco', 'chiranjeevi', 'federicoarnaudo', 'edoardo.iacobazzi', 'lubertinonunzia', 'fossati.emanuele.a', 'emanuele.staiessi', 's281136', 'matteorossi', 'jade00', 'stefanope01', 'pierluigi', 'puck_01', 'luigre2010', 'pietroantezza', 'marcopennazio', 'mrem13', 'giorgio17', 'micheleimbarrato1234', 'valerio.actis.d.c', 'marc0fac3', 'dimitricresp', 'alessandra', 'michelangelo01', 'arlind', 's284818a', 'vitelloaureo', 'matteobrilli4', 'laura_de_clemente', 'nico01drusilla', 'edoardo02', 'alessandroiannitti01', 'matteo.alasio', 'matteshala', 'giovannipellegrinoo', 'edo.trombotto', 'zante00', 'soliminemichele001', 'gabriele.franzon', 'asr74', 'francescomur291201', 'nicola2001', 'angela.scarlino4', 'paolino.da01', 'raffaella', 'nikychristillin', 'fedemarinelli', 'luciarisoli', 'francesco.travaglio2001', 'ste.valfre', 'gferri', 'lorenzoaime92', 'alessandrospongano12', 'rhaouatiayoub', 'boggiedown', 'edoardoboschetto6', 'emanuelebarbera', 'andrea00.piovano', 'discodek', 'lorenzopatanialp7', 'grandisofia29', 'letizia_bricco', 'davide_putorti', 'filipposergiacomi', 'andreafilippone1', 'marcogiannangeli10', 'ferrarogae01', 'lolloleli', 'dorimidori', 'fulvio.bergadano', 'francescomonni01', 'critelli.samuele', 'davideanfosso', 'gabriele2801', 'politos281228', 'alessio.montanaro', 'alessandro00', 'marcoghiglia', 'arlind189', 'michele.blasco', 'gabriele.beltrone', 'and.cur15', 'alicet27', 's285104', 's281478', 'mdevittorio67', 'venerito', 'nicobcdr69', 'dowiko', 'simonelp01', 'sara262', 'gennysanzone512', 'marcoparrino', 'attanasiogabriele', 'fratsapp', 'studente', 'enrico_pavese', 'simone12', 'spampione17', 'alfredomizzica', 'robertaleo81', 'giac416', 'vinceolly70', 'peppece14', 'lorenzogiangreco', 'matteoc1998', 'diana19albornoz', 'ss283300', 'alessandro.se00', 'alessio', 'vladsilea', 'jcanepa', 'matteoc98', 'mazzucco', 'samueltron9', 'alberto_einstenio', 'genzo', 'guglielmogiordano', 'alanv', 'paoloarc', 'russofelice6', 'luca_remondino', 'nicolo.latorella', 's282301', 'venditti', 's268677', 'niccabeus', 'andreadellabate02', 'ali.sedici10', 'gabriele.degioanni', 'robertovigna', 'mickey.diamant', 'vale09', 'elisasacco01', 'lexuss', 'matteovergaro', 'iady_parodi', 'ludovicarizzo29']",1,[None],231,"['lriccardo', 's284562', 'giorgia.strobbia', 'ippinoclaudioun1', 'santux01', 'danielecostantini729', 'alessandronuti99', 'agnese', 'rccrpp19', 'alessiabruno890', 'francesca.agli', 'michelep', 'giorgiamazzaro', 'sabrina.gobbo16', 'cancado', 'ciroccoantonio', 'daevid', 'marco.cavallo', 'francescabrovia', 'vincenzo_manno', 'guglielmo24', 'alessandro.gaudiano00', 'francescacosta14', 'riccardoandro', 'loremalfi', 'senghormboukap1', 'giorgia.bordiga', 'samuele22013', 'jacopocesaretti', 'tubbadu', 'tommasomontedoro', 'davidegiovine', 'mik7hd', 'davide.marengo00', 'lorenzo_delaurentis_01', 'wkloppen', 'lorriz', 'lebuosky', 'mariocol2000', 'maurolubrini01', 'federica', 'giorgiobello01', 'albertocibelli01', 'danielebersano', 'anubi01', 'tommisabba', 'ildottore01', 'leonardo2001', 'piaiamatteo', 'gabrielesanna52', 'polpol', 'tommy_dugo', 'micheleimbarrato16', 'federicadelvecchio', 'lorynova01', 'carladevittorio', 'kwamedisplab5', 'davensperanza', 'sarapereirac15', 'antoniosantucci', 'giulia0101', 'mauriziomedda', 'leonardo.p', 'lorenzo01', 'agnese_carignano', 'domenico.ddr59', 'maurof', 'silviacostanza.sc', 'sabatocarlotta', 'diletta.', 'andrea.bll', 'simone.gallareto', 'gabriele1manione', 'marta.leonetti16', 's205676', 'giuliaferrara', 'marchesematteo20', 'gabrielevisentini256', 'lorenzo.lucia01', 'giovannipellegrino', 'samuele.capello.2001', 'davide_indorato_01', 'ale.tarro.g', 'alessandro11', 'camagnaluca01', 'bergesiogregory', 'luigidimola001', 'murandefrancesco', 'chiranjeevi', 'federicoarnaudo', 'edoardo.iacobazzi', 'lubertinonunzia', 'fossati.emanuele.a', 'emanuele.staiessi', 's281136', 'matteorossi', 'jade00', 'stefanope01', 'pierluigi', 'puck_01', 'luigre2010', 'pietroantezza', 'marcopennazio', 'mrem13', None, 'giorgio17', 'micheleimbarrato1234', 'valerio.actis.d.c', 'marc0fac3', 'dimitricresp', 'alessandra', 'michelangelo01', 'davide01', 'arlind', 's284818a', 'vitelloaureo', 'matteobrilli4', 'laura_de_clemente', 'nico01drusilla', 'edoardo02', 'alessandroiannitti01', 'matteo.alasio', 'matteshala', 'giovannipellegrinoo', 'edo.trombotto', 'zante00', 'soliminemichele001', 'gabriele.franzon', 'asr74', 'francescomur291201', 'nicola2001', 'angela.scarlino4', 'paolino.da01', 'raffaella', 'nikychristillin', 'giorgiogio783', 'camanuelsa', 'fedemarinelli', 'luciarisoli', 'francesco.travaglio2001', 'ste.valfre', 'gferri', 'lorenzoaime92', 'alessandrospongano12', 'rhaouatiayoub', 'boggiedown', 'edoardoboschetto6', 'emanuelebarbera', 'andrea00.piovano', 'discodek', 'lorenzopatanialp7', 'grandisofia29', 'letizia_bricco', 'davide_putorti', 'filipposergiacomi', 'andreafilippone1', 'marcogiannangeli10', 'ferrarogae01', 'lolloleli', 'dorimidori', 'fulvio.bergadano', 'francescomonni01', 'critelli.samuele', 'davideanfosso', 'gabriele2801', 'politos281228', 'alessio.montanaro', 's286564', 'alessandro00', 'marcoghiglia', 'arlind189', 'michele.blasco', 'gabriele.beltrone', 'and.cur15', 'alicet27', 's285104', 's281478', 'mdevittorio67', 'venerito', 'nicobcdr69', 'dowiko', 'simonelp01', 'sara262', 'gennysanzone512', 'marcoparrino', 'attanasiogabriele', 'fratsapp', 'studente', 'enrico_pavese', 'simone12', 'spampione17', 'alfredomizzica', 'robertaleo81', 'giac416', 'vinceolly70', 'peppece14', 'lorenzogiangreco', 'matteoc1998', 'diana19albornoz', 'ss283300', 'alessandro.se00', 'alessio', 'vladsilea', 'jcanepa', 'giusepperinaldo01', 'matteoc98', 'mazzucco', 'samueltron9', 'alberto_einstenio', 'genzo', 'guglielmogiordano', 'alanv', 'paoloarc', 'russofelice6', 'luca_remondino', 'nicolo.latorella', 's282301', 'venditti', 's268677', 'niccabeus', 'andreadellabate02', 'ali.sedici10', 'gabriele.degioanni', 'robertovigna', 'mickey.diamant', 'vale09', 'elisasacco01', 'lexuss', 'matteovergaro', 'iady_parodi', 'ludovicarizzo29']"
3,45,216,80,65,"['meghanalakshmi', 'aryansatpathy', 'deepakvishvkarma', 'aj_ay', 'tusharkmr15', 'rajdeep_maji', 'rohith_raj', 'reeteswar48', 'kaushal010', 'agrawalyash093', 'vardhan1234', 'varunchoudhary', 'beerukuriabhinay', 'arjit_2002', 'ag626', 'siddharthakuchibhotla', 'janup8689', 'vdagar22', 'ashutosh1218', 'knrs.akash', 'gunjanshekhar', 'ruthvilohar', 'vedant_gulve', 'rakshit.singhal303', 'ats_20ec10016', 'shubham1401', 'sanj', 'padiya2407', 'marioxpeach', 'ghouse12.smd', 'snehithreddy96', 'vidushiagarwal232', 'skam9076', 'raysourish', 'arman0320', 'ashvineedeo', 'jainam13', 'jeswanth.doppalapudi', 'sauravdeshmukh678', 'meghanalakshmi25', 'divyanshraghuwanshi', 'gauravbarhoniya22', 'azadkumar1721', 'akepatisreeja369', 'dipak', 'playcricket01', 'shah.di', 'nilaksh', 'ankita1207', 'himadribhakta', 'vijaymohan4033', 'tusharkanwaria', 'yashas_more', 'dolyfish', 'sai0922', 'anurakt', 'sandhyayadav', 'saikadagala2001', 'prakharm66', 'shireesha1412', 'ajeet069', 'ushasi', 'prathameshma', 'tarun20092002', 'nitinteja27']",150,"['srutim18', 'noahmanu', 'saurabhsingh1', 'anumita89', 'snehaadak', 'rahul9232singh', 'joana1', 'alexmet', 'vijayram.p', 'akshaybraj20', '184005sasi', 'sumajit', 'siddharthghankot2003', 'sakshi.shah4', 'pratikingle15', 'rithihasroshan', 'shailendramaurya', 'vnskunal', 'barathbommadi', 'ashutoshnaik', 'kugapria', 'ayushgupta7079', 'vapande3006', 'amitshahu009', 'naaufal95', 'subodhkumar', 'smita.nayak', 'yki', 'esvuor1', 'rishabh.cj', 'debanu', 'bideshmahataiitkgp', 'nandhini9350', 'vidhi.gohel', 'krishnchate121', 'priyanshugautam1923', 'shruti.kamat', 'phinehas27', 'dhruvrathi04', 'ryan3141', 'avi.amalanshu', 'shruti1710', 'sanjeevraj.ganji', 'goodboi', 'shashikantbagade', 'vdixit', 'rajlk1021', 'soumyadeepghosh', 'piyushpandey', 'siddardha', 'ajinkya009', 'omkar.bhoite', 'www.jefayush', 'ebrahim.kaeed', 'karmakarshrija', 'sampurnamandal04', 'krishnachavan706', 'arnavaryaman', 'sreeshanth123', 'sathviknallapuri2003', 'pravsman111', 'vpb', 'akash8006', 'anuvrat.m', 'vikranthintha', 'thiagocgasp', 'kumarsubodh987321', 'dharmil17', 'rahulkr2038', 'ananya', 'rkkashyap3', 'cnrrao123', 'sheshank.shaswat1111', 'srivarshini_killada', 'kshitijgaikwad', 'nimishmalik', 'e.bhinderwala', 'narendra248', 'gayatrideoghare', 'navyamalempati', 'hitarth.doshi', 'srijan279', 'datta.arkaprava56', 'sharmamanav34568', 'hemkar', 'darsh.parmar', 'naufal.nm', 'nishadkolheict', 'mahendra84', 'gidugusrikar0912', 'sukrut.kolhe', 'jesalpurakishaniit', 'devchaudhari12', 'anuraglakra', 'dineshyelleti', 'arjunmahanty', 'guru.b.bhavi', 'aniket.ubhare', 'sap3', 'shanu.kadam007', 'pritam_das', 'rviswanadhapalli', 'akshata.barne', 'pranavsachdeva2002', 'rpatil14', 'manunoah', 'j.parab', 'mihir3008', 'palamit2529', 'agnibha.sinha26', 'sraavya.uppala', 'adyakoppisetti', 'rajesh1529', 'solus', 'shrutisharma', 'yasaswinee2003', 'prasadbhoir103', 'nimisha.chauhan', 'c.phadtare', 'sricharan', 'bharathranga3', 'rutujgharat', 'tejeshbellam2002', 'gani106', 'shreyas.sj', 'somyagupta', 'vaibhavnano01', 'harshi', 'sampurna101', 'piyushps2235', 'kushmundra', 'sarweshrockz', 'dhruvg385', 'karthikeyanr482', 'shanmukh09', 'ramesh9', 'ayush331', 'omkar26', 'aniket.mps', 'saikalyan2002', 'bhargavan619', 's.srinivasan', 'vikranth', 'absolus', 'swarangee.m', 'darpanaswal', 'suryakantabeheraiitkgp', 'yashkale2626', 'dhruv.ganatra', 'bhargavi1922007']",15,"['nishad9mhatre', 'sach', 'trisha', 'harshinibarapatre', 'nishanabelliappa', 'shreysheth24', 'rachit.j', 'jahnavi', 'sachinkumarsaid01', 'yadavreshant', 'ayush.deep', 'prateek9771196112', None, 'aynaiksatam', 'mukilsenthil']",230,"['srutim18', 'noahmanu', 'meghanalakshmi', 'saurabhsingh1', 'anumita89', 'snehaadak', 'rahul9232singh', 'joana1', 'alexmet', 'vijayram.p', 'sachinkumarsaid01', 'beerukuriabhinay', 'akshaybraj20', 'ayush.deep', 'prateek9771196112', '184005sasi', 'sumajit', 'ashutosh1218', 'knrs.akash', 'siddharthghankot2003', 'sakshi.shah4', 'gunjanshekhar', 'pratikingle15', 'rithihasroshan', 'shailendramaurya', 'vnskunal', 'shubham1401', 'barathbommadi', 'ashutoshnaik', 'snehithreddy96', 'kugapria', 'ayushgupta7079', 'vapande3006', 'amitshahu009', 'naaufal95', 'meghanalakshmi25', 'subodhkumar', 'smita.nayak', 'yki', 'esvuor1', 'playcricket01', 'shah.di', 'nilaksh', 'himadribhakta', 'rishabh.cj', 'harshinibarapatre', 'debanu', 'sandhyayadav', 'bideshmahataiitkgp', 'nandhini9350', 'vidhi.gohel', 'shireesha1412', 'ushasi', 'saikadagala2001', 'krishnchate121', 'tarun20092002', 'priyanshugautam1923', 'shruti.kamat', 'aryansatpathy', 'sach', 'phinehas27', 'dhruvrathi04', 'ryan3141', 'avi.amalanshu', 'reeteswar48', 'shruti1710', 'sanjeevraj.ganji', 'goodboi', 'mukilsenthil', 'siddharthakuchibhotla', 'shashikantbagade', 'trisha', 'vdixit', 'rajlk1021', 'soumyadeepghosh', 'ruthvilohar', 'piyushpandey', 'siddardha', 'rakshit.singhal303', 'ats_20ec10016', 'ajinkya009', 'omkar.bhoite', 'www.jefayush', 'padiya2407', 'ebrahim.kaeed', 'vidushiagarwal232', 'sampurnamandal04', 'krishnachavan706', 'karmakarshrija', 'suryakantabeheraiitkgp', 'arnavaryaman', 'sauravdeshmukh678', 'sreeshanth123', 'sathviknallapuri2003', 'dipak', 'pravsman111', None, 'vpb', 'akash8006', 'anuvrat.m', 'yashas_more', 'vikranthintha', 'sai0922', 'thiagocgasp', 'kumarsubodh987321', 'dharmil17', 'rahulkr2038', 'ananya', 'shreysheth24', 'rkkashyap3', 'cnrrao123', 'sheshank.shaswat1111', 'ajeet069', 'srivarshini_killada', 'kshitijgaikwad', 'nimishmalik', 'nitinteja27', 'aynaiksatam', 'deepakvishvkarma', 'aj_ay', 'tusharkmr15', 'e.bhinderwala', 'narendra248', 'gayatrideoghare', 'navyamalempati', 'rohith_raj', 'rajdeep_maji', 'vardhan1234', 'hitarth.doshi', 'varunchoudhary', 'arjit_2002', 'srijan279', 'datta.arkaprava56', 'sharmamanav34568', 'hemkar', 'darsh.parmar', 'naufal.nm', 'nishadkolheict', 'vdagar22', 'mahendra84', 'gidugusrikar0912', 'sukrut.kolhe', 'jesalpurakishaniit', 'devchaudhari12', 'anuraglakra', 'sanj', 'dineshyelleti', 'arjunmahanty', 'ghouse12.smd', 'guru.b.bhavi', 'nishad9mhatre', 'skam9076', 'raysourish', 'arman0320', 'aniket.ubhare', 'jainam13', 'jeswanth.doppalapudi', 'divyanshraghuwanshi', 'sap3', 'gauravbarhoniya22', 'azadkumar1721', 'yadavreshant', 'shanu.kadam007', 'pritam_das', 'rviswanadhapalli', 'ankita1207', 'akshata.barne', 'pranavsachdeva2002', 'rpatil14', 'manunoah', 'j.parab', 'mihir3008', 'palamit2529', 'agnibha.sinha26', 'prakharm66', 'sraavya.uppala', 'adyakoppisetti', 'rajesh1529', 'solus', 'kaushal010', 'shrutisharma', 'agrawalyash093', 'yasaswinee2003', 'prasadbhoir103', 'nimisha.chauhan', 'ag626', 'janup8689', 'c.phadtare', 'sricharan', 'bharathranga3', 'rutujgharat', 'vedant_gulve', 'tejeshbellam2002', 'jahnavi', 'gani106', 'shreyas.sj', 'somyagupta', 'vaibhavnano01', 'marioxpeach', 'harshi', 'sampurna101', 'piyushps2235', 'ashvineedeo', 'kushmundra', 'sarweshrockz', 'dhruvg385', 'akepatisreeja369', 'shanmukh09', 'ramesh9', 'ayush331', 'omkar26', 'vijaymohan4033', 'tusharkanwaria', 'dolyfish', 'aniket.mps', 'nishanabelliappa', 'anurakt', 'bhargavan619', 's.srinivasan', 'saikalyan2002', 'vikranth', 'absolus', 'swarangee.m', 'darpanaswal', 'prathameshma', 'karthikeyanr482', 'yashkale2626', 'rachit.j', 'dhruv.ganatra', 'bhargavi1922007']"
3,53,216,41,37,"['shruti.kamat', 'saurabhsingh1', 'gayatrideoghare', 'snehaadak', 'shruti1710', 'shrutisharma', 'hitarth.doshi', 'vijayram.p', 'prasadbhoir103', 'srijan279', 'darsh.parmar', 'c.phadtare', 'sricharan', 'nishadkolheict', 'sukrut.kolhe', 'rutujgharat', 'sakshi.shah4', 'piyushpandey', 'shailendramaurya', 'devchaudhari12', 'ajinkya009', 'krishnachavan706', 'aniket.ubhare', 'vapande3006', 'amitshahu009', 'smita.nayak', 'omkar26', 'rishabh.cj', 'akshata.barne', 's.srinivasan', 'mihir3008', 'vidhi.gohel', 'swarangee.m', 'prathameshma', 'kshitijgaikwad', 'dhruv.ganatra', 'bhargavi1922007']",178,"['srutim18', 'noahmanu', 'meghanalakshmi', 'anumita89', 'rahul9232singh', 'joana1', 'alexmet', 'beerukuriabhinay', 'akshaybraj20', '184005sasi', 'sumajit', 'ashutosh1218', 'knrs.akash', 'siddharthghankot2003', 'gunjanshekhar', 'pratikingle15', 'rithihasroshan', 'vnskunal', 'shubham1401', 'barathbommadi', 'ashutoshnaik', 'snehithreddy96', 'kugapria', 'ayushgupta7079', 'naaufal95', 'meghanalakshmi25', 'subodhkumar', 'yki', 'esvuor1', 'playcricket01', 'shah.di', 'nilaksh', 'himadribhakta', 'debanu', 'sandhyayadav', 'bideshmahataiitkgp', 'nandhini9350', 'shireesha1412', 'ushasi', 'saikadagala2001', 'krishnchate121', 'tarun20092002', 'priyanshugautam1923', 'aryansatpathy', 'phinehas27', 'dhruvrathi04', 'ryan3141', 'avi.amalanshu', 'reeteswar48', 'sanjeevraj.ganji', 'goodboi', 'siddharthakuchibhotla', 'shashikantbagade', 'vdixit', 'rajlk1021', 'soumyadeepghosh', 'ruthvilohar', 'siddardha', 'rakshit.singhal303', 'ats_20ec10016', 'omkar.bhoite', 'www.jefayush', 'padiya2407', 'ebrahim.kaeed', 'vidushiagarwal232', 'sampurnamandal04', 'karmakarshrija', 'suryakantabeheraiitkgp', 'arnavaryaman', 'sauravdeshmukh678', 'sreeshanth123', 'sathviknallapuri2003', 'dipak', 'pravsman111', 'vpb', 'akash8006', 'anuvrat.m', 'yashas_more', 'vikranthintha', 'sai0922', 'thiagocgasp', 'kumarsubodh987321', 'dharmil17', 'rahulkr2038', 'ananya', 'rkkashyap3', 'cnrrao123', 'sheshank.shaswat1111', 'ajeet069', 'srivarshini_killada', 'nimishmalik', 'nitinteja27', 'deepakvishvkarma', 'aj_ay', 'tusharkmr15', 'e.bhinderwala', 'narendra248', 'navyamalempati', 'rohith_raj', 'rajdeep_maji', 'vardhan1234', 'varunchoudhary', 'arjit_2002', 'datta.arkaprava56', 'sharmamanav34568', 'hemkar', 'naufal.nm', 'vdagar22', 'mahendra84', 'gidugusrikar0912', 'jesalpurakishaniit', 'anuraglakra', 'sanj', 'dineshyelleti', 'arjunmahanty', 'ghouse12.smd', 'guru.b.bhavi', 'skam9076', 'raysourish', 'arman0320', 'jainam13', 'jeswanth.doppalapudi', 'divyanshraghuwanshi', 'sap3', 'gauravbarhoniya22', 'azadkumar1721', 'shanu.kadam007', 'pritam_das', 'rviswanadhapalli', 'ankita1207', 'pranavsachdeva2002', 'rpatil14', 'manunoah', 'j.parab', 'palamit2529', 'agnibha.sinha26', 'prakharm66', 'sraavya.uppala', 'adyakoppisetti', 'rajesh1529', 'solus', 'kaushal010', 'agrawalyash093', 'yasaswinee2003', 'nimisha.chauhan', 'ag626', 'janup8689', 'bharathranga3', 'vedant_gulve', 'tejeshbellam2002', 'gani106', 'shreyas.sj', 'somyagupta', 'vaibhavnano01', 'marioxpeach', 'harshi', 'sampurna101', 'piyushps2235', 'ashvineedeo', 'kushmundra', 'sarweshrockz', 'dhruvg385', 'akepatisreeja369', 'shanmukh09', 'ramesh9', 'ayush331', 'vijaymohan4033', 'tusharkanwaria', 'dolyfish', 'aniket.mps', 'anurakt', 'bhargavan619', 'saikalyan2002', 'vikranth', 'absolus', 'darpanaswal', 'karthikeyanr482', 'yashkale2626']",4,"['jil.ap', 'sakshiarte', 'namrit.sheth', None]",219,"['srutim18', 'noahmanu', 'meghanalakshmi', 'saurabhsingh1', 'anumita89', 'snehaadak', 'rahul9232singh', 'joana1', 'alexmet', 'vijayram.p', 'beerukuriabhinay', 'akshaybraj20', '184005sasi', 'sumajit', 'ashutosh1218', 'knrs.akash', 'siddharthghankot2003', 'sakshi.shah4', 'gunjanshekhar', 'pratikingle15', 'rithihasroshan', 'shailendramaurya', 'vnskunal', 'shubham1401', 'barathbommadi', 'ashutoshnaik', 'snehithreddy96', 'kugapria', 'ayushgupta7079', 'vapande3006', 'sakshiarte', 'amitshahu009', 'naaufal95', 'meghanalakshmi25', 'subodhkumar', 'smita.nayak', 'yki', 'esvuor1', 'playcricket01', 'shah.di', 'nilaksh', 'himadribhakta', 'rishabh.cj', 'debanu', 'sandhyayadav', 'bideshmahataiitkgp', 'nandhini9350', 'vidhi.gohel', 'shireesha1412', 'ushasi', 'saikadagala2001', 'krishnchate121', 'tarun20092002', 'priyanshugautam1923', 'shruti.kamat', 'aryansatpathy', 'jil.ap', 'phinehas27', 'dhruvrathi04', 'ryan3141', 'avi.amalanshu', 'reeteswar48', 'shruti1710', 'sanjeevraj.ganji', 'goodboi', 'siddharthakuchibhotla', 'shashikantbagade', 'vdixit', 'rajlk1021', 'soumyadeepghosh', 'ruthvilohar', 'piyushpandey', 'siddardha', 'rakshit.singhal303', 'ats_20ec10016', 'ajinkya009', 'omkar.bhoite', 'www.jefayush', 'padiya2407', 'ebrahim.kaeed', 'vidushiagarwal232', 'sampurnamandal04', 'krishnachavan706', 'karmakarshrija', 'suryakantabeheraiitkgp', 'arnavaryaman', 'sauravdeshmukh678', 'sreeshanth123', 'sathviknallapuri2003', 'dipak', 'pravsman111', None, 'vpb', 'akash8006', 'anuvrat.m', 'yashas_more', 'vikranthintha', 'sai0922', 'thiagocgasp', 'kumarsubodh987321', 'dharmil17', 'rahulkr2038', 'ananya', 'rkkashyap3', 'cnrrao123', 'sheshank.shaswat1111', 'ajeet069', 'srivarshini_killada', 'kshitijgaikwad', 'nimishmalik', 'nitinteja27', 'deepakvishvkarma', 'aj_ay', 'tusharkmr15', 'e.bhinderwala', 'narendra248', 'gayatrideoghare', 'navyamalempati', 'rohith_raj', 'rajdeep_maji', 'vardhan1234', 'hitarth.doshi', 'varunchoudhary', 'arjit_2002', 'srijan279', 'datta.arkaprava56', 'sharmamanav34568', 'hemkar', 'darsh.parmar', 'naufal.nm', 'nishadkolheict', 'vdagar22', 'mahendra84', 'gidugusrikar0912', 'sukrut.kolhe', 'jesalpurakishaniit', 'devchaudhari12', 'anuraglakra', 'sanj', 'namrit.sheth', 'dineshyelleti', 'arjunmahanty', 'ghouse12.smd', 'guru.b.bhavi', 'skam9076', 'raysourish', 'arman0320', 'aniket.ubhare', 'jainam13', 'jeswanth.doppalapudi', 'divyanshraghuwanshi', 'sap3', 'gauravbarhoniya22', 'azadkumar1721', 'shanu.kadam007', 'pritam_das', 'rviswanadhapalli', 'ankita1207', 'akshata.barne', 'pranavsachdeva2002', 'rpatil14', 'manunoah', 'j.parab', 'mihir3008', 'palamit2529', 'agnibha.sinha26', 'prakharm66', 'sraavya.uppala', 'adyakoppisetti', 'rajesh1529', 'solus', 'kaushal010', 'shrutisharma', 'agrawalyash093', 'yasaswinee2003', 'prasadbhoir103', 'nimisha.chauhan', 'ag626', 'janup8689', 'c.phadtare', 'sricharan', 'bharathranga3', 'rutujgharat', 'vedant_gulve', 'tejeshbellam2002', 'gani106', 'shreyas.sj', 'somyagupta', 'vaibhavnano01', 'marioxpeach', 'harshi', 'sampurna101', 'piyushps2235', 'ashvineedeo', 'kushmundra', 'sarweshrockz', 'dhruvg385', 'akepatisreeja369', 'shanmukh09', 'ramesh9', 'ayush331', 'omkar26', 'vijaymohan4033', 'tusharkanwaria', 'dolyfish', 'aniket.mps', 'anurakt', 'bhargavan619', 's.srinivasan', 'saikalyan2002', 'vikranth', 'absolus', 'swarangee.m', 'darpanaswal', 'prathameshma', 'karthikeyanr482', 'yashkale2626', 'dhruv.ganatra', 'bhargavi1922007']"
3,44,216,31,27,"['shruti.kamat', 'rahul9232singh', 'shruti1710', 'hitarth.doshi', 'vijayram.p', 'srijan279', 'darsh.parmar', 'c.phadtare', 'sricharan', 'sukrut.kolhe', 'sakshi.shah4', 'piyushpandey', 'omkar.bhoite', 'padiya2407', 'aniket.ubhare', 'vapande3006', 'smita.nayak', 'rishabh.cj', 'akshata.barne', 's.srinivasan', 'dharmil17', 'mihir3008', 'vidhi.gohel', 'swarangee.m', 'prathameshma', 'dhruv.ganatra', 'bhargavi1922007']",188,"['srutim18', 'noahmanu', 'meghanalakshmi', 'saurabhsingh1', 'anumita89', 'snehaadak', 'joana1', 'alexmet', 'beerukuriabhinay', 'akshaybraj20', '184005sasi', 'sumajit', 'ashutosh1218', 'knrs.akash', 'siddharthghankot2003', 'gunjanshekhar', 'pratikingle15', 'rithihasroshan', 'shailendramaurya', 'vnskunal', 'shubham1401', 'barathbommadi', 'ashutoshnaik', 'snehithreddy96', 'kugapria', 'ayushgupta7079', 'amitshahu009', 'naaufal95', 'meghanalakshmi25', 'subodhkumar', 'yki', 'esvuor1', 'playcricket01', 'shah.di', 'nilaksh', 'himadribhakta', 'debanu', 'sandhyayadav', 'bideshmahataiitkgp', 'nandhini9350', 'shireesha1412', 'ushasi', 'saikadagala2001', 'krishnchate121', 'tarun20092002', 'priyanshugautam1923', 'aryansatpathy', 'phinehas27', 'dhruvrathi04', 'ryan3141', 'avi.amalanshu', 'reeteswar48', 'sanjeevraj.ganji', 'goodboi', 'siddharthakuchibhotla', 'shashikantbagade', 'vdixit', 'rajlk1021', 'soumyadeepghosh', 'ruthvilohar', 'siddardha', 'rakshit.singhal303', 'ats_20ec10016', 'ajinkya009', 'www.jefayush', 'ebrahim.kaeed', 'vidushiagarwal232', 'sampurnamandal04', 'krishnachavan706', 'karmakarshrija', 'suryakantabeheraiitkgp', 'arnavaryaman', 'sauravdeshmukh678', 'sreeshanth123', 'sathviknallapuri2003', 'dipak', 'pravsman111', 'vpb', 'akash8006', 'anuvrat.m', 'yashas_more', 'vikranthintha', 'sai0922', 'thiagocgasp', 'kumarsubodh987321', 'rahulkr2038', 'ananya', 'rkkashyap3', 'cnrrao123', 'sheshank.shaswat1111', 'ajeet069', 'srivarshini_killada', 'kshitijgaikwad', 'nimishmalik', 'nitinteja27', 'deepakvishvkarma', 'aj_ay', 'tusharkmr15', 'e.bhinderwala', 'narendra248', 'gayatrideoghare', 'navyamalempati', 'rohith_raj', 'rajdeep_maji', 'vardhan1234', 'varunchoudhary', 'arjit_2002', 'datta.arkaprava56', 'sharmamanav34568', 'hemkar', 'naufal.nm', 'nishadkolheict', 'vdagar22', 'mahendra84', 'gidugusrikar0912', 'jesalpurakishaniit', 'devchaudhari12', 'anuraglakra', 'sanj', 'dineshyelleti', 'arjunmahanty', 'ghouse12.smd', 'guru.b.bhavi', 'skam9076', 'raysourish', 'arman0320', 'jainam13', 'jeswanth.doppalapudi', 'divyanshraghuwanshi', 'sap3', 'gauravbarhoniya22', 'azadkumar1721', 'shanu.kadam007', 'pritam_das', 'rviswanadhapalli', 'ankita1207', 'pranavsachdeva2002', 'rpatil14', 'manunoah', 'j.parab', 'palamit2529', 'agnibha.sinha26', 'prakharm66', 'sraavya.uppala', 'adyakoppisetti', 'rajesh1529', 'solus', 'kaushal010', 'shrutisharma', 'agrawalyash093', 'yasaswinee2003', 'prasadbhoir103', 'nimisha.chauhan', 'ag626', 'janup8689', 'bharathranga3', 'rutujgharat', 'vedant_gulve', 'tejeshbellam2002', 'gani106', 'shreyas.sj', 'somyagupta', 'vaibhavnano01', 'marioxpeach', 'harshi', 'sampurna101', 'piyushps2235', 'ashvineedeo', 'kushmundra', 'sarweshrockz', 'dhruvg385', 'akepatisreeja369', 'shanmukh09', 'ramesh9', 'ayush331', 'omkar26', 'vijaymohan4033', 'tusharkanwaria', 'dolyfish', 'aniket.mps', 'anurakt', 'bhargavan619', 'saikalyan2002', 'vikranth', 'absolus', 'darpanaswal', 'karthikeyanr482', 'yashkale2626']",4,"['jil.ap', None, 'namrit.sheth', 'shreysheth24']",219,"['srutim18', 'noahmanu', 'meghanalakshmi', 'saurabhsingh1', 'anumita89', 'snehaadak', 'rahul9232singh', 'joana1', 'alexmet', 'vijayram.p', 'beerukuriabhinay', 'akshaybraj20', '184005sasi', 'sumajit', 'ashutosh1218', 'knrs.akash', 'siddharthghankot2003', 'sakshi.shah4', 'gunjanshekhar', 'pratikingle15', 'rithihasroshan', 'shailendramaurya', 'vnskunal', 'shubham1401', 'barathbommadi', 'ashutoshnaik', 'snehithreddy96', 'kugapria', 'ayushgupta7079', 'vapande3006', 'amitshahu009', 'naaufal95', 'meghanalakshmi25', 'subodhkumar', 'smita.nayak', 'yki', 'esvuor1', 'playcricket01', 'shah.di', 'nilaksh', 'himadribhakta', 'rishabh.cj', 'debanu', 'sandhyayadav', 'bideshmahataiitkgp', 'nandhini9350', 'vidhi.gohel', 'shireesha1412', 'ushasi', 'saikadagala2001', 'krishnchate121', 'tarun20092002', 'priyanshugautam1923', 'shruti.kamat', 'aryansatpathy', 'jil.ap', 'phinehas27', 'dhruvrathi04', 'ryan3141', 'avi.amalanshu', 'reeteswar48', 'shruti1710', 'sanjeevraj.ganji', 'goodboi', 'siddharthakuchibhotla', 'shashikantbagade', 'vdixit', 'rajlk1021', 'soumyadeepghosh', 'ruthvilohar', 'piyushpandey', 'siddardha', 'rakshit.singhal303', 'ats_20ec10016', 'ajinkya009', 'omkar.bhoite', 'www.jefayush', 'padiya2407', 'ebrahim.kaeed', 'vidushiagarwal232', 'sampurnamandal04', 'krishnachavan706', 'karmakarshrija', 'suryakantabeheraiitkgp', 'arnavaryaman', 'sauravdeshmukh678', 'sreeshanth123', 'sathviknallapuri2003', 'dipak', 'pravsman111', None, 'vpb', 'akash8006', 'anuvrat.m', 'yashas_more', 'vikranthintha', 'sai0922', 'thiagocgasp', 'kumarsubodh987321', 'dharmil17', 'rahulkr2038', 'ananya', 'shreysheth24', 'rkkashyap3', 'cnrrao123', 'sheshank.shaswat1111', 'ajeet069', 'srivarshini_killada', 'kshitijgaikwad', 'nimishmalik', 'nitinteja27', 'deepakvishvkarma', 'aj_ay', 'tusharkmr15', 'e.bhinderwala', 'narendra248', 'gayatrideoghare', 'navyamalempati', 'rohith_raj', 'rajdeep_maji', 'vardhan1234', 'hitarth.doshi', 'varunchoudhary', 'arjit_2002', 'srijan279', 'datta.arkaprava56', 'sharmamanav34568', 'hemkar', 'darsh.parmar', 'naufal.nm', 'nishadkolheict', 'vdagar22', 'mahendra84', 'gidugusrikar0912', 'sukrut.kolhe', 'jesalpurakishaniit', 'devchaudhari12', 'anuraglakra', 'sanj', 'namrit.sheth', 'dineshyelleti', 'arjunmahanty', 'ghouse12.smd', 'guru.b.bhavi', 'skam9076', 'raysourish', 'arman0320', 'aniket.ubhare', 'jainam13', 'jeswanth.doppalapudi', 'divyanshraghuwanshi', 'sap3', 'gauravbarhoniya22', 'azadkumar1721', 'shanu.kadam007', 'pritam_das', 'rviswanadhapalli', 'ankita1207', 'akshata.barne', 'pranavsachdeva2002', 'rpatil14', 'manunoah', 'j.parab', 'mihir3008', 'palamit2529', 'agnibha.sinha26', 'prakharm66', 'sraavya.uppala', 'adyakoppisetti', 'rajesh1529', 'solus', 'kaushal010', 'shrutisharma', 'agrawalyash093', 'yasaswinee2003', 'prasadbhoir103', 'nimisha.chauhan', 'ag626', 'janup8689', 'c.phadtare', 'sricharan', 'bharathranga3', 'rutujgharat', 'vedant_gulve', 'tejeshbellam2002', 'gani106', 'shreyas.sj', 'somyagupta', 'vaibhavnano01', 'marioxpeach', 'harshi', 'sampurna101', 'piyushps2235', 'ashvineedeo', 'kushmundra', 'sarweshrockz', 'dhruvg385', 'akepatisreeja369', 'shanmukh09', 'ramesh9', 'ayush331', 'omkar26', 'vijaymohan4033', 'tusharkanwaria', 'dolyfish', 'aniket.mps', 'anurakt', 'bhargavan619', 's.srinivasan', 'saikalyan2002', 'vikranth', 'absolus', 'swarangee.m', 'darpanaswal', 'prathameshma', 'karthikeyanr482', 'yashkale2626', 'dhruv.ganatra', 'bhargavi1922007']"
3,54,216,29,20,"['shruti.kamat', 'hitarth.doshi', 'darsh.parmar', 'c.phadtare', 'sukrut.kolhe', 'sakshi.shah4', 'piyushpandey', 'omkar.bhoite', 'padiya2407', 'aniket.ubhare', 'smita.nayak', 'rishabh.cj', 'akshata.barne', 's.srinivasan', 'dharmil17', 'mihir3008', 'swarangee.m', 'prathameshma', 'dhruv.ganatra', 'bhargavi1922007']",195,"['srutim18', 'noahmanu', 'meghanalakshmi', 'saurabhsingh1', 'anumita89', 'snehaadak', 'rahul9232singh', 'joana1', 'alexmet', 'vijayram.p', 'beerukuriabhinay', 'akshaybraj20', '184005sasi', 'sumajit', 'ashutosh1218', 'knrs.akash', 'siddharthghankot2003', 'gunjanshekhar', 'pratikingle15', 'rithihasroshan', 'shailendramaurya', 'vnskunal', 'shubham1401', 'barathbommadi', 'ashutoshnaik', 'snehithreddy96', 'kugapria', 'ayushgupta7079', 'vapande3006', 'amitshahu009', 'naaufal95', 'meghanalakshmi25', 'subodhkumar', 'yki', 'esvuor1', 'playcricket01', 'shah.di', 'nilaksh', 'himadribhakta', 'debanu', 'sandhyayadav', 'bideshmahataiitkgp', 'nandhini9350', 'vidhi.gohel', 'shireesha1412', 'ushasi', 'saikadagala2001', 'krishnchate121', 'tarun20092002', 'priyanshugautam1923', 'aryansatpathy', 'phinehas27', 'dhruvrathi04', 'ryan3141', 'avi.amalanshu', 'reeteswar48', 'shruti1710', 'sanjeevraj.ganji', 'goodboi', 'siddharthakuchibhotla', 'shashikantbagade', 'vdixit', 'rajlk1021', 'soumyadeepghosh', 'ruthvilohar', 'siddardha', 'rakshit.singhal303', 'ats_20ec10016', 'ajinkya009', 'www.jefayush', 'ebrahim.kaeed', 'vidushiagarwal232', 'sampurnamandal04', 'krishnachavan706', 'karmakarshrija', 'suryakantabeheraiitkgp', 'arnavaryaman', 'sauravdeshmukh678', 'sreeshanth123', 'sathviknallapuri2003', 'dipak', 'pravsman111', 'vpb', 'akash8006', 'anuvrat.m', 'yashas_more', 'vikranthintha', 'sai0922', 'thiagocgasp', 'kumarsubodh987321', 'rahulkr2038', 'ananya', 'rkkashyap3', 'cnrrao123', 'sheshank.shaswat1111', 'ajeet069', 'srivarshini_killada', 'kshitijgaikwad', 'nimishmalik', 'nitinteja27', 'deepakvishvkarma', 'aj_ay', 'tusharkmr15', 'e.bhinderwala', 'narendra248', 'gayatrideoghare', 'navyamalempati', 'rohith_raj', 'rajdeep_maji', 'vardhan1234', 'varunchoudhary', 'arjit_2002', 'srijan279', 'datta.arkaprava56', 'sharmamanav34568', 'hemkar', 'naufal.nm', 'nishadkolheict', 'vdagar22', 'mahendra84', 'gidugusrikar0912', 'jesalpurakishaniit', 'devchaudhari12', 'anuraglakra', 'sanj', 'dineshyelleti', 'arjunmahanty', 'ghouse12.smd', 'guru.b.bhavi', 'skam9076', 'raysourish', 'arman0320', 'jainam13', 'jeswanth.doppalapudi', 'divyanshraghuwanshi', 'sap3', 'gauravbarhoniya22', 'azadkumar1721', 'shanu.kadam007', 'pritam_das', 'rviswanadhapalli', 'ankita1207', 'pranavsachdeva2002', 'rpatil14', 'manunoah', 'j.parab', 'palamit2529', 'agnibha.sinha26', 'prakharm66', 'sraavya.uppala', 'adyakoppisetti', 'rajesh1529', 'solus', 'kaushal010', 'shrutisharma', 'agrawalyash093', 'yasaswinee2003', 'prasadbhoir103', 'nimisha.chauhan', 'ag626', 'janup8689', 'sricharan', 'bharathranga3', 'rutujgharat', 'vedant_gulve', 'tejeshbellam2002', 'gani106', 'shreyas.sj', 'somyagupta', 'vaibhavnano01', 'marioxpeach', 'harshi', 'sampurna101', 'piyushps2235', 'ashvineedeo', 'kushmundra', 'sarweshrockz', 'dhruvg385', 'akepatisreeja369', 'shanmukh09', 'ramesh9', 'ayush331', 'omkar26', 'vijaymohan4033', 'tusharkanwaria', 'dolyfish', 'aniket.mps', 'anurakt', 'bhargavan619', 'saikalyan2002', 'vikranth', 'absolus', 'darpanaswal', 'karthikeyanr482', 'yashkale2626']",9,"['jil.ap', 'k.satyanarayana', 'rohanpatil2', 'shreysheth24', 'manthan.jj', 'namrit.sheth', 'yash.tulsyan', None, 'aynaiksatam']",224,"['srutim18', 'noahmanu', 'meghanalakshmi', 'saurabhsingh1', 'anumita89', 'snehaadak', 'rahul9232singh', 'joana1', 'alexmet', 'vijayram.p', 'beerukuriabhinay', 'akshaybraj20', '184005sasi', 'k.satyanarayana', 'sumajit', 'ashutosh1218', 'knrs.akash', 'siddharthghankot2003', 'sakshi.shah4', 'gunjanshekhar', 'pratikingle15', 'rithihasroshan', 'shailendramaurya', 'vnskunal', 'shubham1401', 'barathbommadi', 'ashutoshnaik', 'snehithreddy96', 'kugapria', 'ayushgupta7079', 'vapande3006', 'amitshahu009', 'naaufal95', 'meghanalakshmi25', 'subodhkumar', 'smita.nayak', 'yki', 'esvuor1', 'playcricket01', 'shah.di', 'nilaksh', 'himadribhakta', 'rishabh.cj', 'debanu', 'sandhyayadav', 'bideshmahataiitkgp', 'nandhini9350', 'vidhi.gohel', 'shireesha1412', 'ushasi', 'saikadagala2001', 'krishnchate121', 'tarun20092002', 'priyanshugautam1923', 'shruti.kamat', 'aryansatpathy', 'jil.ap', 'phinehas27', 'dhruvrathi04', 'ryan3141', 'avi.amalanshu', 'reeteswar48', 'shruti1710', 'manthan.jj', 'sanjeevraj.ganji', 'goodboi', 'siddharthakuchibhotla', 'shashikantbagade', 'vdixit', 'rajlk1021', 'soumyadeepghosh', 'ruthvilohar', 'piyushpandey', 'siddardha', 'rakshit.singhal303', 'ats_20ec10016', 'ajinkya009', 'omkar.bhoite', 'www.jefayush', 'padiya2407', 'ebrahim.kaeed', 'vidushiagarwal232', 'sampurnamandal04', 'krishnachavan706', 'karmakarshrija', 'suryakantabeheraiitkgp', 'arnavaryaman', 'sauravdeshmukh678', 'sreeshanth123', 'sathviknallapuri2003', 'dipak', 'pravsman111', None, 'vpb', 'akash8006', 'anuvrat.m', 'yashas_more', 'vikranthintha', 'sai0922', 'thiagocgasp', 'kumarsubodh987321', 'dharmil17', 'rahulkr2038', 'ananya', 'shreysheth24', 'rkkashyap3', 'cnrrao123', 'sheshank.shaswat1111', 'ajeet069', 'srivarshini_killada', 'kshitijgaikwad', 'nimishmalik', 'nitinteja27', 'aynaiksatam', 'deepakvishvkarma', 'aj_ay', 'tusharkmr15', 'e.bhinderwala', 'narendra248', 'gayatrideoghare', 'navyamalempati', 'rohith_raj', 'rajdeep_maji', 'vardhan1234', 'hitarth.doshi', 'varunchoudhary', 'arjit_2002', 'srijan279', 'datta.arkaprava56', 'sharmamanav34568', 'hemkar', 'darsh.parmar', 'naufal.nm', 'nishadkolheict', 'vdagar22', 'mahendra84', 'gidugusrikar0912', 'sukrut.kolhe', 'jesalpurakishaniit', 'devchaudhari12', 'anuraglakra', 'sanj', 'namrit.sheth', 'dineshyelleti', 'arjunmahanty', 'ghouse12.smd', 'guru.b.bhavi', 'skam9076', 'raysourish', 'arman0320', 'aniket.ubhare', 'jainam13', 'jeswanth.doppalapudi', 'divyanshraghuwanshi', 'sap3', 'gauravbarhoniya22', 'azadkumar1721', 'shanu.kadam007', 'pritam_das', 'rviswanadhapalli', 'ankita1207', 'akshata.barne', 'pranavsachdeva2002', 'rpatil14', 'manunoah', 'j.parab', 'mihir3008', 'palamit2529', 'rohanpatil2', 'agnibha.sinha26', 'prakharm66', 'sraavya.uppala', 'adyakoppisetti', 'rajesh1529', 'solus', 'kaushal010', 'shrutisharma', 'agrawalyash093', 'yasaswinee2003', 'prasadbhoir103', 'nimisha.chauhan', 'ag626', 'janup8689', 'c.phadtare', 'sricharan', 'bharathranga3', 'rutujgharat', 'vedant_gulve', 'tejeshbellam2002', 'gani106', 'shreyas.sj', 'somyagupta', 'vaibhavnano01', 'yash.tulsyan', 'marioxpeach', 'harshi', 'sampurna101', 'piyushps2235', 'ashvineedeo', 'kushmundra', 'sarweshrockz', 'dhruvg385', 'akepatisreeja369', 'shanmukh09', 'ramesh9', 'ayush331', 'omkar26', 'vijaymohan4033', 'tusharkanwaria', 'dolyfish', 'aniket.mps', 'anurakt', 'bhargavan619', 's.srinivasan', 'saikalyan2002', 'vikranth', 'absolus', 'swarangee.m', 'darpanaswal', 'prathameshma', 'karthikeyanr482', 'yashkale2626', 'dhruv.ganatra', 'bhargavi1922007']"
3,48,216,25,24,"['phinehas27', 'e.bhinderwala', 'narendra248', 'rajesh1529', 'sanjeevraj.ganji', 'hemkar', 'siddharthakuchibhotla', 'gidugusrikar0912', 'bharathranga3', 'rithihasroshan', 'anuraglakra', 'gani106', 'somyagupta', 'barathbommadi', 'ebrahim.kaeed', 'ghouse12.smd', 'snehithreddy96', 'akash8006', 'bhargavan619', 'rahulkr2038', 'sraavya.uppala', 'adyakoppisetti', 'saikadagala2001', 'karthikeyanr482']",191,"['srutim18', 'noahmanu', 'meghanalakshmi', 'saurabhsingh1', 'anumita89', 'snehaadak', 'rahul9232singh', 'joana1', 'alexmet', 'vijayram.p', 'beerukuriabhinay', 'akshaybraj20', '184005sasi', 'sumajit', 'ashutosh1218', 'knrs.akash', 'siddharthghankot2003', 'sakshi.shah4', 'gunjanshekhar', 'pratikingle15', 'shailendramaurya', 'vnskunal', 'shubham1401', 'ashutoshnaik', 'kugapria', 'ayushgupta7079', 'vapande3006', 'amitshahu009', 'naaufal95', 'meghanalakshmi25', 'subodhkumar', 'smita.nayak', 'yki', 'esvuor1', 'playcricket01', 'shah.di', 'nilaksh', 'himadribhakta', 'rishabh.cj', 'debanu', 'sandhyayadav', 'bideshmahataiitkgp', 'nandhini9350', 'vidhi.gohel', 'shireesha1412', 'ushasi', 'krishnchate121', 'tarun20092002', 'priyanshugautam1923', 'shruti.kamat', 'aryansatpathy', 'dhruvrathi04', 'ryan3141', 'avi.amalanshu', 'reeteswar48', 'shruti1710', 'goodboi', 'shashikantbagade', 'vdixit', 'rajlk1021', 'soumyadeepghosh', 'ruthvilohar', 'piyushpandey', 'siddardha', 'rakshit.singhal303', 'ats_20ec10016', 'ajinkya009', 'omkar.bhoite', 'www.jefayush', 'padiya2407', 'vidushiagarwal232', 'sampurnamandal04', 'krishnachavan706', 'karmakarshrija', 'suryakantabeheraiitkgp', 'arnavaryaman', 'sauravdeshmukh678', 'sreeshanth123', 'sathviknallapuri2003', 'dipak', 'pravsman111', 'vpb', 'anuvrat.m', 'yashas_more', 'vikranthintha', 'sai0922', 'thiagocgasp', 'kumarsubodh987321', 'dharmil17', 'ananya', 'rkkashyap3', 'cnrrao123', 'sheshank.shaswat1111', 'ajeet069', 'srivarshini_killada', 'kshitijgaikwad', 'nimishmalik', 'nitinteja27', 'deepakvishvkarma', 'aj_ay', 'tusharkmr15', 'gayatrideoghare', 'navyamalempati', 'rohith_raj', 'rajdeep_maji', 'vardhan1234', 'hitarth.doshi', 'varunchoudhary', 'arjit_2002', 'srijan279', 'datta.arkaprava56', 'sharmamanav34568', 'darsh.parmar', 'naufal.nm', 'nishadkolheict', 'vdagar22', 'mahendra84', 'sukrut.kolhe', 'jesalpurakishaniit', 'devchaudhari12', 'sanj', 'dineshyelleti', 'arjunmahanty', 'guru.b.bhavi', 'skam9076', 'raysourish', 'arman0320', 'aniket.ubhare', 'jainam13', 'jeswanth.doppalapudi', 'divyanshraghuwanshi', 'sap3', 'gauravbarhoniya22', 'azadkumar1721', 'shanu.kadam007', 'pritam_das', 'rviswanadhapalli', 'ankita1207', 'akshata.barne', 'pranavsachdeva2002', 'rpatil14', 'manunoah', 'j.parab', 'mihir3008', 'palamit2529', 'agnibha.sinha26', 'prakharm66', 'solus', 'kaushal010', 'shrutisharma', 'agrawalyash093', 'yasaswinee2003', 'prasadbhoir103', 'nimisha.chauhan', 'ag626', 'janup8689', 'c.phadtare', 'sricharan', 'rutujgharat', 'vedant_gulve', 'tejeshbellam2002', 'shreyas.sj', 'vaibhavnano01', 'marioxpeach', 'harshi', 'sampurna101', 'piyushps2235', 'ashvineedeo', 'kushmundra', 'sarweshrockz', 'dhruvg385', 'akepatisreeja369', 'shanmukh09', 'ramesh9', 'ayush331', 'omkar26', 'vijaymohan4033', 'tusharkanwaria', 'dolyfish', 'aniket.mps', 'anurakt', 's.srinivasan', 'saikalyan2002', 'vikranth', 'absolus', 'swarangee.m', 'darpanaswal', 'prathameshma', 'yashkale2626', 'dhruv.ganatra', 'bhargavi1922007']",1,[None],216,"['srutim18', 'noahmanu', 'meghanalakshmi', 'saurabhsingh1', 'anumita89', 'snehaadak', 'rahul9232singh', 'joana1', 'alexmet', 'vijayram.p', 'beerukuriabhinay', 'akshaybraj20', '184005sasi', 'sumajit', 'ashutosh1218', 'knrs.akash', 'siddharthghankot2003', 'sakshi.shah4', 'gunjanshekhar', 'pratikingle15', 'rithihasroshan', 'shailendramaurya', 'vnskunal', 'shubham1401', 'barathbommadi', 'ashutoshnaik', 'snehithreddy96', 'kugapria', 'ayushgupta7079', 'vapande3006', 'amitshahu009', 'naaufal95', 'meghanalakshmi25', 'subodhkumar', 'smita.nayak', 'yki', 'esvuor1', 'playcricket01', 'shah.di', 'nilaksh', 'himadribhakta', 'rishabh.cj', 'debanu', 'sandhyayadav', 'bideshmahataiitkgp', 'nandhini9350', 'vidhi.gohel', 'shireesha1412', 'ushasi', 'saikadagala2001', 'krishnchate121', 'tarun20092002', 'priyanshugautam1923', 'shruti.kamat', 'aryansatpathy', 'phinehas27', 'dhruvrathi04', 'ryan3141', 'avi.amalanshu', 'reeteswar48', 'shruti1710', 'sanjeevraj.ganji', 'goodboi', 'siddharthakuchibhotla', 'shashikantbagade', 'vdixit', 'rajlk1021', 'soumyadeepghosh', 'ruthvilohar', 'piyushpandey', 'siddardha', 'rakshit.singhal303', 'ats_20ec10016', 'ajinkya009', 'omkar.bhoite', 'www.jefayush', 'padiya2407', 'ebrahim.kaeed', 'vidushiagarwal232', 'sampurnamandal04', 'krishnachavan706', 'karmakarshrija', 'suryakantabeheraiitkgp', 'arnavaryaman', 'sauravdeshmukh678', 'sreeshanth123', 'sathviknallapuri2003', 'dipak', 'pravsman111', None, 'vpb', 'akash8006', 'anuvrat.m', 'yashas_more', 'vikranthintha', 'sai0922', 'thiagocgasp', 'kumarsubodh987321', 'dharmil17', 'rahulkr2038', 'ananya', 'rkkashyap3', 'cnrrao123', 'sheshank.shaswat1111', 'ajeet069', 'srivarshini_killada', 'kshitijgaikwad', 'nimishmalik', 'nitinteja27', 'deepakvishvkarma', 'aj_ay', 'tusharkmr15', 'e.bhinderwala', 'narendra248', 'gayatrideoghare', 'navyamalempati', 'rohith_raj', 'rajdeep_maji', 'vardhan1234', 'hitarth.doshi', 'varunchoudhary', 'arjit_2002', 'srijan279', 'datta.arkaprava56', 'sharmamanav34568', 'hemkar', 'darsh.parmar', 'naufal.nm', 'nishadkolheict', 'vdagar22', 'mahendra84', 'gidugusrikar0912', 'sukrut.kolhe', 'jesalpurakishaniit', 'devchaudhari12', 'anuraglakra', 'sanj', 'dineshyelleti', 'arjunmahanty', 'ghouse12.smd', 'guru.b.bhavi', 'skam9076', 'raysourish', 'arman0320', 'aniket.ubhare', 'jainam13', 'jeswanth.doppalapudi', 'divyanshraghuwanshi', 'sap3', 'gauravbarhoniya22', 'azadkumar1721', 'shanu.kadam007', 'pritam_das', 'rviswanadhapalli', 'ankita1207', 'akshata.barne', 'pranavsachdeva2002', 'rpatil14', 'manunoah', 'j.parab', 'mihir3008', 'palamit2529', 'agnibha.sinha26', 'prakharm66', 'sraavya.uppala', 'adyakoppisetti', 'rajesh1529', 'solus', 'kaushal010', 'shrutisharma', 'agrawalyash093', 'yasaswinee2003', 'prasadbhoir103', 'nimisha.chauhan', 'ag626', 'janup8689', 'c.phadtare', 'sricharan', 'bharathranga3', 'rutujgharat', 'vedant_gulve', 'tejeshbellam2002', 'gani106', 'shreyas.sj', 'somyagupta', 'vaibhavnano01', 'marioxpeach', 'harshi', 'sampurna101', 'piyushps2235', 'ashvineedeo', 'kushmundra', 'sarweshrockz', 'dhruvg385', 'akepatisreeja369', 'shanmukh09', 'ramesh9', 'ayush331', 'omkar26', 'vijaymohan4033', 'tusharkanwaria', 'dolyfish', 'aniket.mps', 'anurakt', 'bhargavan619', 's.srinivasan', 'saikalyan2002', 'vikranth', 'absolus', 'swarangee.m', 'darpanaswal', 'prathameshma', 'karthikeyanr482', 'yashkale2626', 'dhruv.ganatra', 'bhargavi1922007']"
3,47,216,18,15,"['nilaksh', 'tusharkanwaria', 'piyushps2235', 'pranavsachdeva2002', 'kumarsubodh987321', 'avi.amalanshu', 'bideshmahataiitkgp', 'jesalpurakishaniit', 'kushmundra', 'rahul9232singh', 'dhruvg385', 'subodhkumar', 'shanmukh09', 'karthikeyanr482', 'nimishmalik']",200,"['srutim18', 'noahmanu', 'meghanalakshmi', 'saurabhsingh1', 'anumita89', 'snehaadak', 'joana1', 'alexmet', 'vijayram.p', 'beerukuriabhinay', 'akshaybraj20', '184005sasi', 'sumajit', 'ashutosh1218', 'knrs.akash', 'siddharthghankot2003', 'sakshi.shah4', 'gunjanshekhar', 'pratikingle15', 'rithihasroshan', 'shailendramaurya', 'vnskunal', 'shubham1401', 'barathbommadi', 'ashutoshnaik', 'snehithreddy96', 'kugapria', 'ayushgupta7079', 'vapande3006', 'amitshahu009', 'naaufal95', 'meghanalakshmi25', 'smita.nayak', 'yki', 'esvuor1', 'playcricket01', 'shah.di', 'himadribhakta', 'rishabh.cj', 'debanu', 'sandhyayadav', 'nandhini9350', 'vidhi.gohel', 'shireesha1412', 'ushasi', 'saikadagala2001', 'krishnchate121', 'tarun20092002', 'priyanshugautam1923', 'shruti.kamat', 'aryansatpathy', 'phinehas27', 'dhruvrathi04', 'ryan3141', 'reeteswar48', 'shruti1710', 'sanjeevraj.ganji', 'goodboi', 'siddharthakuchibhotla', 'shashikantbagade', 'vdixit', 'rajlk1021', 'soumyadeepghosh', 'ruthvilohar', 'piyushpandey', 'siddardha', 'rakshit.singhal303', 'ats_20ec10016', 'ajinkya009', 'omkar.bhoite', 'www.jefayush', 'padiya2407', 'ebrahim.kaeed', 'vidushiagarwal232', 'sampurnamandal04', 'krishnachavan706', 'karmakarshrija', 'suryakantabeheraiitkgp', 'arnavaryaman', 'sauravdeshmukh678', 'sreeshanth123', 'sathviknallapuri2003', 'dipak', 'pravsman111', 'vpb', 'akash8006', 'anuvrat.m', 'yashas_more', 'vikranthintha', 'sai0922', 'thiagocgasp', 'dharmil17', 'rahulkr2038', 'ananya', 'rkkashyap3', 'cnrrao123', 'sheshank.shaswat1111', 'ajeet069', 'srivarshini_killada', 'kshitijgaikwad', 'nitinteja27', 'deepakvishvkarma', 'aj_ay', 'tusharkmr15', 'e.bhinderwala', 'narendra248', 'gayatrideoghare', 'navyamalempati', 'rohith_raj', 'rajdeep_maji', 'vardhan1234', 'hitarth.doshi', 'varunchoudhary', 'arjit_2002', 'srijan279', 'datta.arkaprava56', 'sharmamanav34568', 'hemkar', 'darsh.parmar', 'naufal.nm', 'nishadkolheict', 'vdagar22', 'mahendra84', 'gidugusrikar0912', 'sukrut.kolhe', 'devchaudhari12', 'anuraglakra', 'sanj', 'dineshyelleti', 'arjunmahanty', 'ghouse12.smd', 'guru.b.bhavi', 'skam9076', 'raysourish', 'arman0320', 'aniket.ubhare', 'jainam13', 'jeswanth.doppalapudi', 'divyanshraghuwanshi', 'sap3', 'gauravbarhoniya22', 'azadkumar1721', 'shanu.kadam007', 'pritam_das', 'rviswanadhapalli', 'ankita1207', 'akshata.barne', 'rpatil14', 'manunoah', 'j.parab', 'mihir3008', 'palamit2529', 'agnibha.sinha26', 'prakharm66', 'sraavya.uppala', 'adyakoppisetti', 'rajesh1529', 'solus', 'kaushal010', 'shrutisharma', 'agrawalyash093', 'yasaswinee2003', 'prasadbhoir103', 'nimisha.chauhan', 'ag626', 'janup8689', 'c.phadtare', 'sricharan', 'bharathranga3', 'rutujgharat', 'vedant_gulve', 'tejeshbellam2002', 'gani106', 'shreyas.sj', 'somyagupta', 'vaibhavnano01', 'marioxpeach', 'harshi', 'sampurna101', 'ashvineedeo', 'sarweshrockz', 'akepatisreeja369', 'ramesh9', 'ayush331', 'omkar26', 'vijaymohan4033', 'dolyfish', 'aniket.mps', 'anurakt', 'bhargavan619', 's.srinivasan', 'saikalyan2002', 'vikranth', 'absolus', 'swarangee.m', 'darpanaswal', 'prathameshma', 'yashkale2626', 'dhruv.ganatra', 'bhargavi1922007']",3,"[None, 'arnavgadre', 'rakhi_n']",218,"['srutim18', 'noahmanu', 'meghanalakshmi', 'saurabhsingh1', 'anumita89', 'snehaadak', 'rahul9232singh', 'joana1', 'alexmet', 'vijayram.p', 'beerukuriabhinay', 'akshaybraj20', '184005sasi', 'sumajit', 'ashutosh1218', 'knrs.akash', 'siddharthghankot2003', 'sakshi.shah4', 'gunjanshekhar', 'pratikingle15', 'rithihasroshan', 'shailendramaurya', 'arnavgadre', 'vnskunal', 'shubham1401', 'barathbommadi', 'ashutoshnaik', 'snehithreddy96', 'kugapria', 'ayushgupta7079', 'vapande3006', 'amitshahu009', 'naaufal95', 'meghanalakshmi25', 'subodhkumar', 'smita.nayak', 'yki', 'esvuor1', 'playcricket01', 'shah.di', 'nilaksh', 'himadribhakta', 'rishabh.cj', 'debanu', 'sandhyayadav', 'bideshmahataiitkgp', 'nandhini9350', 'vidhi.gohel', 'shireesha1412', 'ushasi', 'saikadagala2001', 'krishnchate121', 'tarun20092002', 'priyanshugautam1923', 'shruti.kamat', 'aryansatpathy', 'phinehas27', 'dhruvrathi04', 'ryan3141', 'avi.amalanshu', 'reeteswar48', 'shruti1710', 'sanjeevraj.ganji', 'goodboi', 'siddharthakuchibhotla', 'shashikantbagade', 'vdixit', 'rajlk1021', 'soumyadeepghosh', 'ruthvilohar', 'piyushpandey', 'siddardha', 'rakshit.singhal303', 'ats_20ec10016', 'ajinkya009', 'omkar.bhoite', 'www.jefayush', 'padiya2407', 'ebrahim.kaeed', 'vidushiagarwal232', 'sampurnamandal04', 'krishnachavan706', 'karmakarshrija', 'suryakantabeheraiitkgp', 'arnavaryaman', 'sauravdeshmukh678', 'sreeshanth123', 'sathviknallapuri2003', 'dipak', 'pravsman111', None, 'vpb', 'akash8006', 'anuvrat.m', 'yashas_more', 'vikranthintha', 'sai0922', 'thiagocgasp', 'kumarsubodh987321', 'dharmil17', 'rahulkr2038', 'ananya', 'rkkashyap3', 'cnrrao123', 'sheshank.shaswat1111', 'ajeet069', 'srivarshini_killada', 'kshitijgaikwad', 'nimishmalik', 'nitinteja27', 'deepakvishvkarma', 'aj_ay', 'tusharkmr15', 'e.bhinderwala', 'narendra248', 'gayatrideoghare', 'navyamalempati', 'rohith_raj', 'rajdeep_maji', 'vardhan1234', 'hitarth.doshi', 'varunchoudhary', 'arjit_2002', 'srijan279', 'datta.arkaprava56', 'sharmamanav34568', 'hemkar', 'darsh.parmar', 'naufal.nm', 'nishadkolheict', 'vdagar22', 'mahendra84', 'gidugusrikar0912', 'sukrut.kolhe', 'jesalpurakishaniit', 'devchaudhari12', 'anuraglakra', 'sanj', 'dineshyelleti', 'arjunmahanty', 'ghouse12.smd', 'guru.b.bhavi', 'skam9076', 'raysourish', 'arman0320', 'aniket.ubhare', 'jainam13', 'jeswanth.doppalapudi', 'divyanshraghuwanshi', 'sap3', 'gauravbarhoniya22', 'azadkumar1721', 'shanu.kadam007', 'pritam_das', 'rviswanadhapalli', 'ankita1207', 'akshata.barne', 'pranavsachdeva2002', 'rpatil14', 'manunoah', 'j.parab', 'mihir3008', 'palamit2529', 'agnibha.sinha26', 'prakharm66', 'sraavya.uppala', 'adyakoppisetti', 'rajesh1529', 'solus', 'kaushal010', 'shrutisharma', 'agrawalyash093', 'rakhi_n', 'yasaswinee2003', 'prasadbhoir103', 'nimisha.chauhan', 'ag626', 'janup8689', 'c.phadtare', 'sricharan', 'bharathranga3', 'rutujgharat', 'vedant_gulve', 'tejeshbellam2002', 'gani106', 'shreyas.sj', 'somyagupta', 'vaibhavnano01', 'marioxpeach', 'harshi', 'sampurna101', 'piyushps2235', 'ashvineedeo', 'kushmundra', 'sarweshrockz', 'dhruvg385', 'akepatisreeja369', 'shanmukh09', 'ramesh9', 'ayush331', 'omkar26', 'vijaymohan4033', 'tusharkanwaria', 'dolyfish', 'aniket.mps', 'anurakt', 'bhargavan619', 's.srinivasan', 'saikalyan2002', 'vikranth', 'absolus', 'swarangee.m', 'darpanaswal', 'prathameshma', 'karthikeyanr482', 'yashkale2626', 'dhruv.ganatra', 'bhargavi1922007']"
3,49,216,15,13,"['karmakarshrija', 'sampurnamandal04', 'sampurna101', 'sumajit', 'solus', 'soumyadeepghosh', 'absolus', 'anumita89', 'agnibha.sinha26', 'srivarshini_killada', 'pravsman111', 'pritam_das', 'sharmamanav34568']",202,"['srutim18', 'noahmanu', 'meghanalakshmi', 'saurabhsingh1', 'snehaadak', 'rahul9232singh', 'joana1', 'alexmet', 'vijayram.p', 'beerukuriabhinay', 'akshaybraj20', '184005sasi', 'ashutosh1218', 'knrs.akash', 'siddharthghankot2003', 'sakshi.shah4', 'gunjanshekhar', 'pratikingle15', 'rithihasroshan', 'shailendramaurya', 'vnskunal', 'shubham1401', 'barathbommadi', 'ashutoshnaik', 'snehithreddy96', 'kugapria', 'ayushgupta7079', 'vapande3006', 'amitshahu009', 'naaufal95', 'meghanalakshmi25', 'subodhkumar', 'smita.nayak', 'yki', 'esvuor1', 'playcricket01', 'shah.di', 'nilaksh', 'himadribhakta', 'rishabh.cj', 'debanu', 'sandhyayadav', 'bideshmahataiitkgp', 'nandhini9350', 'vidhi.gohel', 'shireesha1412', 'ushasi', 'saikadagala2001', 'krishnchate121', 'tarun20092002', 'priyanshugautam1923', 'shruti.kamat', 'aryansatpathy', 'phinehas27', 'dhruvrathi04', 'ryan3141', 'avi.amalanshu', 'reeteswar48', 'shruti1710', 'sanjeevraj.ganji', 'goodboi', 'siddharthakuchibhotla', 'shashikantbagade', 'vdixit', 'rajlk1021', 'ruthvilohar', 'piyushpandey', 'siddardha', 'rakshit.singhal303', 'ats_20ec10016', 'ajinkya009', 'omkar.bhoite', 'www.jefayush', 'padiya2407', 'ebrahim.kaeed', 'vidushiagarwal232', 'krishnachavan706', 'suryakantabeheraiitkgp', 'arnavaryaman', 'sauravdeshmukh678', 'sreeshanth123', 'sathviknallapuri2003', 'dipak', 'vpb', 'akash8006', 'anuvrat.m', 'yashas_more', 'vikranthintha', 'sai0922', 'thiagocgasp', 'kumarsubodh987321', 'dharmil17', 'rahulkr2038', 'ananya', 'rkkashyap3', 'cnrrao123', 'sheshank.shaswat1111', 'ajeet069', 'kshitijgaikwad', 'nimishmalik', 'nitinteja27', 'deepakvishvkarma', 'aj_ay', 'tusharkmr15', 'e.bhinderwala', 'narendra248', 'gayatrideoghare', 'navyamalempati', 'rohith_raj', 'rajdeep_maji', 'vardhan1234', 'hitarth.doshi', 'varunchoudhary', 'arjit_2002', 'srijan279', 'datta.arkaprava56', 'hemkar', 'darsh.parmar', 'naufal.nm', 'nishadkolheict', 'vdagar22', 'mahendra84', 'gidugusrikar0912', 'sukrut.kolhe', 'jesalpurakishaniit', 'devchaudhari12', 'anuraglakra', 'sanj', 'dineshyelleti', 'arjunmahanty', 'ghouse12.smd', 'guru.b.bhavi', 'skam9076', 'raysourish', 'arman0320', 'aniket.ubhare', 'jainam13', 'jeswanth.doppalapudi', 'divyanshraghuwanshi', 'sap3', 'gauravbarhoniya22', 'azadkumar1721', 'shanu.kadam007', 'rviswanadhapalli', 'ankita1207', 'akshata.barne', 'pranavsachdeva2002', 'rpatil14', 'manunoah', 'j.parab', 'mihir3008', 'palamit2529', 'prakharm66', 'sraavya.uppala', 'adyakoppisetti', 'rajesh1529', 'kaushal010', 'shrutisharma', 'agrawalyash093', 'yasaswinee2003', 'prasadbhoir103', 'nimisha.chauhan', 'ag626', 'janup8689', 'c.phadtare', 'sricharan', 'bharathranga3', 'rutujgharat', 'vedant_gulve', 'tejeshbellam2002', 'gani106', 'shreyas.sj', 'somyagupta', 'vaibhavnano01', 'marioxpeach', 'harshi', 'piyushps2235', 'ashvineedeo', 'kushmundra', 'sarweshrockz', 'dhruvg385', 'akepatisreeja369', 'shanmukh09', 'ramesh9', 'ayush331', 'omkar26', 'vijaymohan4033', 'tusharkanwaria', 'dolyfish', 'aniket.mps', 'anurakt', 'bhargavan619', 's.srinivasan', 'saikalyan2002', 'vikranth', 'swarangee.m', 'darpanaswal', 'prathameshma', 'karthikeyanr482', 'yashkale2626', 'dhruv.ganatra', 'bhargavi1922007']",2,"[None, 'bishwayansarkar']",217,"['srutim18', 'noahmanu', 'meghanalakshmi', 'saurabhsingh1', 'anumita89', 'snehaadak', 'rahul9232singh', 'joana1', 'alexmet', 'vijayram.p', 'beerukuriabhinay', 'akshaybraj20', '184005sasi', 'sumajit', 'ashutosh1218', 'knrs.akash', 'siddharthghankot2003', 'sakshi.shah4', 'gunjanshekhar', 'pratikingle15', 'rithihasroshan', 'shailendramaurya', 'vnskunal', 'shubham1401', 'barathbommadi', 'ashutoshnaik', 'snehithreddy96', 'kugapria', 'ayushgupta7079', 'vapande3006', 'amitshahu009', 'naaufal95', 'meghanalakshmi25', 'subodhkumar', 'smita.nayak', 'yki', 'esvuor1', 'playcricket01', 'shah.di', 'nilaksh', 'himadribhakta', 'rishabh.cj', 'debanu', 'sandhyayadav', 'bideshmahataiitkgp', 'nandhini9350', 'vidhi.gohel', 'shireesha1412', 'ushasi', 'saikadagala2001', 'krishnchate121', 'tarun20092002', 'priyanshugautam1923', 'shruti.kamat', 'aryansatpathy', 'phinehas27', 'dhruvrathi04', 'ryan3141', 'avi.amalanshu', 'reeteswar48', 'shruti1710', 'sanjeevraj.ganji', 'goodboi', 'siddharthakuchibhotla', 'shashikantbagade', 'vdixit', 'rajlk1021', 'soumyadeepghosh', 'ruthvilohar', 'piyushpandey', 'siddardha', 'rakshit.singhal303', 'ats_20ec10016', 'ajinkya009', 'omkar.bhoite', 'www.jefayush', 'padiya2407', 'ebrahim.kaeed', 'vidushiagarwal232', 'sampurnamandal04', 'krishnachavan706', 'karmakarshrija', 'suryakantabeheraiitkgp', 'arnavaryaman', 'sauravdeshmukh678', 'sreeshanth123', 'sathviknallapuri2003', 'dipak', 'pravsman111', None, 'vpb', 'akash8006', 'anuvrat.m', 'yashas_more', 'vikranthintha', 'sai0922', 'thiagocgasp', 'kumarsubodh987321', 'dharmil17', 'rahulkr2038', 'ananya', 'rkkashyap3', 'cnrrao123', 'sheshank.shaswat1111', 'ajeet069', 'srivarshini_killada', 'kshitijgaikwad', 'nimishmalik', 'nitinteja27', 'deepakvishvkarma', 'aj_ay', 'tusharkmr15', 'e.bhinderwala', 'narendra248', 'gayatrideoghare', 'navyamalempati', 'rohith_raj', 'rajdeep_maji', 'vardhan1234', 'hitarth.doshi', 'varunchoudhary', 'arjit_2002', 'srijan279', 'datta.arkaprava56', 'sharmamanav34568', 'hemkar', 'darsh.parmar', 'naufal.nm', 'nishadkolheict', 'vdagar22', 'mahendra84', 'gidugusrikar0912', 'sukrut.kolhe', 'jesalpurakishaniit', 'devchaudhari12', 'anuraglakra', 'sanj', 'dineshyelleti', 'arjunmahanty', 'ghouse12.smd', 'guru.b.bhavi', 'skam9076', 'raysourish', 'arman0320', 'aniket.ubhare', 'jainam13', 'jeswanth.doppalapudi', 'divyanshraghuwanshi', 'sap3', 'gauravbarhoniya22', 'azadkumar1721', 'shanu.kadam007', 'pritam_das', 'rviswanadhapalli', 'ankita1207', 'akshata.barne', 'pranavsachdeva2002', 'rpatil14', 'manunoah', 'j.parab', 'mihir3008', 'palamit2529', 'agnibha.sinha26', 'prakharm66', 'sraavya.uppala', 'adyakoppisetti', 'rajesh1529', 'solus', 'kaushal010', 'shrutisharma', 'agrawalyash093', 'yasaswinee2003', 'prasadbhoir103', 'nimisha.chauhan', 'ag626', 'janup8689', 'c.phadtare', 'sricharan', 'bharathranga3', 'rutujgharat', 'vedant_gulve', 'tejeshbellam2002', 'gani106', 'shreyas.sj', 'somyagupta', 'vaibhavnano01', 'marioxpeach', 'harshi', 'sampurna101', 'piyushps2235', 'ashvineedeo', 'kushmundra', 'sarweshrockz', 'dhruvg385', 'bishwayansarkar', 'akepatisreeja369', 'shanmukh09', 'ramesh9', 'ayush331', 'omkar26', 'vijaymohan4033', 'tusharkanwaria', 'dolyfish', 'aniket.mps', 'anurakt', 'bhargavan619', 's.srinivasan', 'saikalyan2002', 'vikranth', 'absolus', 'swarangee.m', 'darpanaswal', 'prathameshma', 'karthikeyanr482', 'yashkale2626', 'dhruv.ganatra', 'bhargavi1922007']"
3,55,216,14,6,"['shah.di', 'anurakt', 'gunjanshekhar', 'agrawalyash093', 'piyushpandey', 'darsh.parmar']",209,"['srutim18', 'noahmanu', 'meghanalakshmi', 'saurabhsingh1', 'anumita89', 'snehaadak', 'rahul9232singh', 'joana1', 'alexmet', 'vijayram.p', 'beerukuriabhinay', 'akshaybraj20', '184005sasi', 'sumajit', 'ashutosh1218', 'knrs.akash', 'siddharthghankot2003', 'sakshi.shah4', 'pratikingle15', 'rithihasroshan', 'shailendramaurya', 'vnskunal', 'shubham1401', 'barathbommadi', 'ashutoshnaik', 'snehithreddy96', 'kugapria', 'ayushgupta7079', 'vapande3006', 'amitshahu009', 'naaufal95', 'meghanalakshmi25', 'subodhkumar', 'smita.nayak', 'yki', 'esvuor1', 'playcricket01', 'nilaksh', 'himadribhakta', 'rishabh.cj', 'debanu', 'sandhyayadav', 'bideshmahataiitkgp', 'nandhini9350', 'vidhi.gohel', 'shireesha1412', 'ushasi', 'saikadagala2001', 'krishnchate121', 'tarun20092002', 'priyanshugautam1923', 'shruti.kamat', 'aryansatpathy', 'phinehas27', 'dhruvrathi04', 'ryan3141', 'avi.amalanshu', 'reeteswar48', 'shruti1710', 'sanjeevraj.ganji', 'goodboi', 'siddharthakuchibhotla', 'shashikantbagade', 'vdixit', 'rajlk1021', 'soumyadeepghosh', 'ruthvilohar', 'siddardha', 'rakshit.singhal303', 'ats_20ec10016', 'ajinkya009', 'omkar.bhoite', 'www.jefayush', 'padiya2407', 'ebrahim.kaeed', 'vidushiagarwal232', 'sampurnamandal04', 'krishnachavan706', 'karmakarshrija', 'suryakantabeheraiitkgp', 'arnavaryaman', 'sauravdeshmukh678', 'sreeshanth123', 'sathviknallapuri2003', 'dipak', 'pravsman111', 'vpb', 'akash8006', 'anuvrat.m', 'yashas_more', 'vikranthintha', 'sai0922', 'thiagocgasp', 'kumarsubodh987321', 'dharmil17', 'rahulkr2038', 'ananya', 'rkkashyap3', 'cnrrao123', 'sheshank.shaswat1111', 'ajeet069', 'srivarshini_killada', 'kshitijgaikwad', 'nimishmalik', 'nitinteja27', 'deepakvishvkarma', 'aj_ay', 'tusharkmr15', 'e.bhinderwala', 'narendra248', 'gayatrideoghare', 'navyamalempati', 'rohith_raj', 'rajdeep_maji', 'vardhan1234', 'hitarth.doshi', 'varunchoudhary', 'arjit_2002', 'srijan279', 'datta.arkaprava56', 'sharmamanav34568', 'hemkar', 'naufal.nm', 'nishadkolheict', 'vdagar22', 'mahendra84', 'gidugusrikar0912', 'sukrut.kolhe', 'jesalpurakishaniit', 'devchaudhari12', 'anuraglakra', 'sanj', 'dineshyelleti', 'arjunmahanty', 'ghouse12.smd', 'guru.b.bhavi', 'skam9076', 'raysourish', 'arman0320', 'aniket.ubhare', 'jainam13', 'jeswanth.doppalapudi', 'divyanshraghuwanshi', 'sap3', 'gauravbarhoniya22', 'azadkumar1721', 'shanu.kadam007', 'pritam_das', 'rviswanadhapalli', 'ankita1207', 'akshata.barne', 'pranavsachdeva2002', 'rpatil14', 'manunoah', 'j.parab', 'mihir3008', 'palamit2529', 'agnibha.sinha26', 'prakharm66', 'sraavya.uppala', 'adyakoppisetti', 'rajesh1529', 'solus', 'kaushal010', 'shrutisharma', 'yasaswinee2003', 'prasadbhoir103', 'nimisha.chauhan', 'ag626', 'janup8689', 'c.phadtare', 'sricharan', 'bharathranga3', 'rutujgharat', 'vedant_gulve', 'tejeshbellam2002', 'gani106', 'shreyas.sj', 'somyagupta', 'vaibhavnano01', 'marioxpeach', 'harshi', 'sampurna101', 'piyushps2235', 'ashvineedeo', 'kushmundra', 'sarweshrockz', 'dhruvg385', 'akepatisreeja369', 'shanmukh09', 'ramesh9', 'ayush331', 'omkar26', 'vijaymohan4033', 'tusharkanwaria', 'dolyfish', 'aniket.mps', 'bhargavan619', 's.srinivasan', 'saikalyan2002', 'vikranth', 'absolus', 'swarangee.m', 'darpanaswal', 'prathameshma', 'karthikeyanr482', 'yashkale2626', 'dhruv.ganatra', 'bhargavi1922007']",8,"['saikadagala10', 'inderjitsingh', 'shreysheth24', 'rachit.j', 'nidhi.jajda', None, 'aynaiksatam', 'gsec21201']",223,"['srutim18', 'noahmanu', 'meghanalakshmi', 'saurabhsingh1', 'anumita89', 'snehaadak', 'rahul9232singh', 'joana1', 'alexmet', 'vijayram.p', 'beerukuriabhinay', 'akshaybraj20', '184005sasi', 'sumajit', 'ashutosh1218', 'knrs.akash', 'siddharthghankot2003', 'sakshi.shah4', 'gunjanshekhar', 'pratikingle15', 'rithihasroshan', 'shailendramaurya', 'vnskunal', 'shubham1401', 'barathbommadi', 'ashutoshnaik', 'snehithreddy96', 'kugapria', 'ayushgupta7079', 'vapande3006', 'amitshahu009', 'naaufal95', 'meghanalakshmi25', 'subodhkumar', 'smita.nayak', 'yki', 'esvuor1', 'playcricket01', 'shah.di', 'nilaksh', 'himadribhakta', 'rishabh.cj', 'debanu', 'sandhyayadav', 'bideshmahataiitkgp', 'nandhini9350', 'vidhi.gohel', 'shireesha1412', 'nidhi.jajda', 'ushasi', 'saikadagala2001', 'krishnchate121', 'tarun20092002', 'priyanshugautam1923', 'shruti.kamat', 'aryansatpathy', 'phinehas27', 'dhruvrathi04', 'ryan3141', 'avi.amalanshu', 'reeteswar48', 'shruti1710', 'sanjeevraj.ganji', 'goodboi', 'siddharthakuchibhotla', 'shashikantbagade', 'vdixit', 'rajlk1021', 'soumyadeepghosh', 'ruthvilohar', 'piyushpandey', 'siddardha', 'rakshit.singhal303', 'ats_20ec10016', 'ajinkya009', 'omkar.bhoite', 'www.jefayush', 'padiya2407', 'ebrahim.kaeed', 'vidushiagarwal232', 'sampurnamandal04', 'krishnachavan706', 'karmakarshrija', 'suryakantabeheraiitkgp', 'arnavaryaman', 'sauravdeshmukh678', 'sreeshanth123', 'sathviknallapuri2003', 'dipak', 'pravsman111', None, 'vpb', 'akash8006', 'anuvrat.m', 'yashas_more', 'vikranthintha', 'sai0922', 'thiagocgasp', 'kumarsubodh987321', 'dharmil17', 'rahulkr2038', 'ananya', 'shreysheth24', 'rkkashyap3', 'cnrrao123', 'sheshank.shaswat1111', 'ajeet069', 'srivarshini_killada', 'kshitijgaikwad', 'nimishmalik', 'nitinteja27', 'aynaiksatam', 'deepakvishvkarma', 'aj_ay', 'tusharkmr15', 'e.bhinderwala', 'narendra248', 'gayatrideoghare', 'navyamalempati', 'rohith_raj', 'rajdeep_maji', 'vardhan1234', 'hitarth.doshi', 'varunchoudhary', 'arjit_2002', 'srijan279', 'datta.arkaprava56', 'sharmamanav34568', 'hemkar', 'darsh.parmar', 'naufal.nm', 'nishadkolheict', 'vdagar22', 'mahendra84', 'gidugusrikar0912', 'sukrut.kolhe', 'jesalpurakishaniit', 'devchaudhari12', 'anuraglakra', 'sanj', 'dineshyelleti', 'arjunmahanty', 'ghouse12.smd', 'guru.b.bhavi', 'skam9076', 'raysourish', 'arman0320', 'aniket.ubhare', 'jainam13', 'jeswanth.doppalapudi', 'divyanshraghuwanshi', 'sap3', 'gauravbarhoniya22', 'azadkumar1721', 'shanu.kadam007', 'pritam_das', 'rviswanadhapalli', 'ankita1207', 'akshata.barne', 'pranavsachdeva2002', 'rpatil14', 'manunoah', 'j.parab', 'mihir3008', 'palamit2529', 'agnibha.sinha26', 'prakharm66', 'sraavya.uppala', 'adyakoppisetti', 'rajesh1529', 'solus', 'kaushal010', 'shrutisharma', 'agrawalyash093', 'yasaswinee2003', 'prasadbhoir103', 'nimisha.chauhan', 'ag626', 'gsec21201', 'janup8689', 'c.phadtare', 'sricharan', 'bharathranga3', 'rutujgharat', 'vedant_gulve', 'tejeshbellam2002', 'gani106', 'shreyas.sj', 'somyagupta', 'vaibhavnano01', 'marioxpeach', 'harshi', 'sampurna101', 'piyushps2235', 'saikadagala10', 'ashvineedeo', 'inderjitsingh', 'kushmundra', 'sarweshrockz', 'dhruvg385', 'akepatisreeja369', 'shanmukh09', 'ramesh9', 'ayush331', 'omkar26', 'vijaymohan4033', 'tusharkanwaria', 'dolyfish', 'aniket.mps', 'anurakt', 'bhargavan619', 's.srinivasan', 'saikalyan2002', 'vikranth', 'absolus', 'swarangee.m', 'darpanaswal', 'prathameshma', 'karthikeyanr482', 'yashkale2626', 'rachit.j', 'dhruv.ganatra', 'bhargavi1922007']"
3,191,216,14,11,"['c.phadtare', 'rishabh.cj', 'aniket.ubhare', 'akshata.barne', 'dharmil17', 'sukrut.kolhe', 'mihir3008', 'sakshi.shah4', 'prathameshma', 'dhruv.ganatra', 'bhargavi1922007']",204,"['srutim18', 'noahmanu', 'meghanalakshmi', 'saurabhsingh1', 'anumita89', 'snehaadak', 'rahul9232singh', 'joana1', 'alexmet', 'vijayram.p', 'beerukuriabhinay', 'akshaybraj20', '184005sasi', 'sumajit', 'ashutosh1218', 'knrs.akash', 'siddharthghankot2003', 'gunjanshekhar', 'pratikingle15', 'rithihasroshan', 'shailendramaurya', 'vnskunal', 'shubham1401', 'barathbommadi', 'ashutoshnaik', 'snehithreddy96', 'kugapria', 'ayushgupta7079', 'vapande3006', 'amitshahu009', 'naaufal95', 'meghanalakshmi25', 'subodhkumar', 'smita.nayak', 'yki', 'esvuor1', 'playcricket01', 'shah.di', 'nilaksh', 'himadribhakta', 'debanu', 'sandhyayadav', 'bideshmahataiitkgp', 'nandhini9350', 'vidhi.gohel', 'shireesha1412', 'ushasi', 'saikadagala2001', 'krishnchate121', 'tarun20092002', 'priyanshugautam1923', 'shruti.kamat', 'aryansatpathy', 'phinehas27', 'dhruvrathi04', 'ryan3141', 'avi.amalanshu', 'reeteswar48', 'shruti1710', 'sanjeevraj.ganji', 'goodboi', 'siddharthakuchibhotla', 'shashikantbagade', 'vdixit', 'rajlk1021', 'soumyadeepghosh', 'ruthvilohar', 'piyushpandey', 'siddardha', 'rakshit.singhal303', 'ats_20ec10016', 'ajinkya009', 'omkar.bhoite', 'www.jefayush', 'padiya2407', 'ebrahim.kaeed', 'vidushiagarwal232', 'sampurnamandal04', 'krishnachavan706', 'karmakarshrija', 'suryakantabeheraiitkgp', 'arnavaryaman', 'sauravdeshmukh678', 'sreeshanth123', 'sathviknallapuri2003', 'dipak', 'pravsman111', 'vpb', 'akash8006', 'anuvrat.m', 'yashas_more', 'vikranthintha', 'sai0922', 'thiagocgasp', 'kumarsubodh987321', 'rahulkr2038', 'ananya', 'rkkashyap3', 'cnrrao123', 'sheshank.shaswat1111', 'ajeet069', 'srivarshini_killada', 'kshitijgaikwad', 'nimishmalik', 'nitinteja27', 'deepakvishvkarma', 'aj_ay', 'tusharkmr15', 'e.bhinderwala', 'narendra248', 'gayatrideoghare', 'navyamalempati', 'rohith_raj', 'rajdeep_maji', 'vardhan1234', 'hitarth.doshi', 'varunchoudhary', 'arjit_2002', 'srijan279', 'datta.arkaprava56', 'sharmamanav34568', 'hemkar', 'darsh.parmar', 'naufal.nm', 'nishadkolheict', 'vdagar22', 'mahendra84', 'gidugusrikar0912', 'jesalpurakishaniit', 'devchaudhari12', 'anuraglakra', 'sanj', 'dineshyelleti', 'arjunmahanty', 'ghouse12.smd', 'guru.b.bhavi', 'skam9076', 'raysourish', 'arman0320', 'jainam13', 'jeswanth.doppalapudi', 'divyanshraghuwanshi', 'sap3', 'gauravbarhoniya22', 'azadkumar1721', 'shanu.kadam007', 'pritam_das', 'rviswanadhapalli', 'ankita1207', 'pranavsachdeva2002', 'rpatil14', 'manunoah', 'j.parab', 'palamit2529', 'agnibha.sinha26', 'prakharm66', 'sraavya.uppala', 'adyakoppisetti', 'rajesh1529', 'solus', 'kaushal010', 'shrutisharma', 'agrawalyash093', 'yasaswinee2003', 'prasadbhoir103', 'nimisha.chauhan', 'ag626', 'janup8689', 'sricharan', 'bharathranga3', 'rutujgharat', 'vedant_gulve', 'tejeshbellam2002', 'gani106', 'shreyas.sj', 'somyagupta', 'vaibhavnano01', 'marioxpeach', 'harshi', 'sampurna101', 'piyushps2235', 'ashvineedeo', 'kushmundra', 'sarweshrockz', 'dhruvg385', 'akepatisreeja369', 'shanmukh09', 'ramesh9', 'ayush331', 'omkar26', 'vijaymohan4033', 'tusharkanwaria', 'dolyfish', 'aniket.mps', 'anurakt', 'bhargavan619', 's.srinivasan', 'saikalyan2002', 'vikranth', 'absolus', 'swarangee.m', 'darpanaswal', 'karthikeyanr482', 'yashkale2626']",3,"[None, 'inderjitsingh', 'nidhi.jajda']",218,"['srutim18', 'noahmanu', 'meghanalakshmi', 'saurabhsingh1', 'anumita89', 'snehaadak', 'rahul9232singh', 'joana1', 'alexmet', 'vijayram.p', 'beerukuriabhinay', 'akshaybraj20', '184005sasi', 'sumajit', 'ashutosh1218', 'knrs.akash', 'siddharthghankot2003', 'sakshi.shah4', 'gunjanshekhar', 'pratikingle15', 'rithihasroshan', 'shailendramaurya', 'vnskunal', 'shubham1401', 'barathbommadi', 'ashutoshnaik', 'snehithreddy96', 'kugapria', 'ayushgupta7079', 'vapande3006', 'amitshahu009', 'naaufal95', 'meghanalakshmi25', 'subodhkumar', 'smita.nayak', 'yki', 'esvuor1', 'playcricket01', 'shah.di', 'nilaksh', 'himadribhakta', 'rishabh.cj', 'debanu', 'sandhyayadav', 'bideshmahataiitkgp', 'nandhini9350', 'vidhi.gohel', 'shireesha1412', 'nidhi.jajda', 'ushasi', 'saikadagala2001', 'krishnchate121', 'tarun20092002', 'priyanshugautam1923', 'shruti.kamat', 'aryansatpathy', 'phinehas27', 'dhruvrathi04', 'ryan3141', 'avi.amalanshu', 'reeteswar48', 'shruti1710', 'sanjeevraj.ganji', 'goodboi', 'siddharthakuchibhotla', 'shashikantbagade', 'vdixit', 'rajlk1021', 'soumyadeepghosh', 'ruthvilohar', 'piyushpandey', 'siddardha', 'rakshit.singhal303', 'ats_20ec10016', 'ajinkya009', 'omkar.bhoite', 'www.jefayush', 'padiya2407', 'ebrahim.kaeed', 'vidushiagarwal232', 'sampurnamandal04', 'krishnachavan706', 'karmakarshrija', 'suryakantabeheraiitkgp', 'arnavaryaman', 'sauravdeshmukh678', 'sreeshanth123', 'sathviknallapuri2003', 'dipak', 'pravsman111', None, 'vpb', 'akash8006', 'anuvrat.m', 'yashas_more', 'vikranthintha', 'sai0922', 'thiagocgasp', 'kumarsubodh987321', 'dharmil17', 'rahulkr2038', 'ananya', 'rkkashyap3', 'cnrrao123', 'sheshank.shaswat1111', 'ajeet069', 'srivarshini_killada', 'kshitijgaikwad', 'nimishmalik', 'nitinteja27', 'deepakvishvkarma', 'aj_ay', 'tusharkmr15', 'e.bhinderwala', 'narendra248', 'gayatrideoghare', 'navyamalempati', 'rohith_raj', 'rajdeep_maji', 'vardhan1234', 'hitarth.doshi', 'varunchoudhary', 'arjit_2002', 'srijan279', 'datta.arkaprava56', 'sharmamanav34568', 'hemkar', 'darsh.parmar', 'naufal.nm', 'nishadkolheict', 'vdagar22', 'mahendra84', 'gidugusrikar0912', 'sukrut.kolhe', 'jesalpurakishaniit', 'devchaudhari12', 'anuraglakra', 'sanj', 'dineshyelleti', 'arjunmahanty', 'ghouse12.smd', 'guru.b.bhavi', 'skam9076', 'raysourish', 'arman0320', 'aniket.ubhare', 'jainam13', 'jeswanth.doppalapudi', 'divyanshraghuwanshi', 'sap3', 'gauravbarhoniya22', 'azadkumar1721', 'shanu.kadam007', 'pritam_das', 'rviswanadhapalli', 'ankita1207', 'akshata.barne', 'pranavsachdeva2002', 'rpatil14', 'manunoah', 'j.parab', 'mihir3008', 'palamit2529', 'agnibha.sinha26', 'prakharm66', 'sraavya.uppala', 'adyakoppisetti', 'rajesh1529', 'solus', 'kaushal010', 'shrutisharma', 'agrawalyash093', 'yasaswinee2003', 'prasadbhoir103', 'nimisha.chauhan', 'ag626', 'janup8689', 'c.phadtare', 'sricharan', 'bharathranga3', 'rutujgharat', 'vedant_gulve', 'tejeshbellam2002', 'gani106', 'shreyas.sj', 'somyagupta', 'vaibhavnano01', 'marioxpeach', 'harshi', 'sampurna101', 'piyushps2235', 'ashvineedeo', 'inderjitsingh', 'kushmundra', 'sarweshrockz', 'dhruvg385', 'akepatisreeja369', 'shanmukh09', 'ramesh9', 'ayush331', 'omkar26', 'vijaymohan4033', 'tusharkanwaria', 'dolyfish', 'aniket.mps', 'anurakt', 'bhargavan619', 's.srinivasan', 'saikalyan2002', 'vikranth', 'absolus', 'swarangee.m', 'darpanaswal', 'prathameshma', 'karthikeyanr482', 'yashkale2626', 'dhruv.ganatra', 'bhargavi1922007']"
3,192,216,13,9,"['shruti.kamat', 's.srinivasan', 'swarangee.m', 'hitarth.doshi', 'piyushpandey', 'shreyas.sj', 'smita.nayak', 'padiya2407', 'darsh.parmar']",206,"['srutim18', 'noahmanu', 'meghanalakshmi', 'saurabhsingh1', 'anumita89', 'snehaadak', 'rahul9232singh', 'joana1', 'alexmet', 'vijayram.p', 'beerukuriabhinay', 'akshaybraj20', '184005sasi', 'sumajit', 'ashutosh1218', 'knrs.akash', 'siddharthghankot2003', 'sakshi.shah4', 'gunjanshekhar', 'pratikingle15', 'rithihasroshan', 'shailendramaurya', 'vnskunal', 'shubham1401', 'barathbommadi', 'ashutoshnaik', 'snehithreddy96', 'kugapria', 'ayushgupta7079', 'vapande3006', 'amitshahu009', 'naaufal95', 'meghanalakshmi25', 'subodhkumar', 'yki', 'esvuor1', 'playcricket01', 'shah.di', 'nilaksh', 'himadribhakta', 'rishabh.cj', 'debanu', 'sandhyayadav', 'bideshmahataiitkgp', 'nandhini9350', 'vidhi.gohel', 'shireesha1412', 'ushasi', 'saikadagala2001', 'krishnchate121', 'tarun20092002', 'priyanshugautam1923', 'aryansatpathy', 'phinehas27', 'dhruvrathi04', 'ryan3141', 'avi.amalanshu', 'reeteswar48', 'shruti1710', 'sanjeevraj.ganji', 'goodboi', 'siddharthakuchibhotla', 'shashikantbagade', 'vdixit', 'rajlk1021', 'soumyadeepghosh', 'ruthvilohar', 'siddardha', 'rakshit.singhal303', 'ats_20ec10016', 'ajinkya009', 'omkar.bhoite', 'www.jefayush', 'ebrahim.kaeed', 'vidushiagarwal232', 'sampurnamandal04', 'krishnachavan706', 'karmakarshrija', 'suryakantabeheraiitkgp', 'arnavaryaman', 'sauravdeshmukh678', 'sreeshanth123', 'sathviknallapuri2003', 'dipak', 'pravsman111', 'vpb', 'akash8006', 'anuvrat.m', 'yashas_more', 'vikranthintha', 'sai0922', 'thiagocgasp', 'kumarsubodh987321', 'dharmil17', 'rahulkr2038', 'ananya', 'rkkashyap3', 'cnrrao123', 'sheshank.shaswat1111', 'ajeet069', 'srivarshini_killada', 'kshitijgaikwad', 'nimishmalik', 'nitinteja27', 'deepakvishvkarma', 'aj_ay', 'tusharkmr15', 'e.bhinderwala', 'narendra248', 'gayatrideoghare', 'navyamalempati', 'rohith_raj', 'rajdeep_maji', 'vardhan1234', 'varunchoudhary', 'arjit_2002', 'srijan279', 'datta.arkaprava56', 'sharmamanav34568', 'hemkar', 'naufal.nm', 'nishadkolheict', 'vdagar22', 'mahendra84', 'gidugusrikar0912', 'sukrut.kolhe', 'jesalpurakishaniit', 'devchaudhari12', 'anuraglakra', 'sanj', 'dineshyelleti', 'arjunmahanty', 'ghouse12.smd', 'guru.b.bhavi', 'skam9076', 'raysourish', 'arman0320', 'aniket.ubhare', 'jainam13', 'jeswanth.doppalapudi', 'divyanshraghuwanshi', 'sap3', 'gauravbarhoniya22', 'azadkumar1721', 'shanu.kadam007', 'pritam_das', 'rviswanadhapalli', 'ankita1207', 'akshata.barne', 'pranavsachdeva2002', 'rpatil14', 'manunoah', 'j.parab', 'mihir3008', 'palamit2529', 'agnibha.sinha26', 'prakharm66', 'sraavya.uppala', 'adyakoppisetti', 'rajesh1529', 'solus', 'kaushal010', 'shrutisharma', 'agrawalyash093', 'yasaswinee2003', 'prasadbhoir103', 'nimisha.chauhan', 'ag626', 'janup8689', 'c.phadtare', 'sricharan', 'bharathranga3', 'rutujgharat', 'vedant_gulve', 'tejeshbellam2002', 'gani106', 'somyagupta', 'vaibhavnano01', 'marioxpeach', 'harshi', 'sampurna101', 'piyushps2235', 'ashvineedeo', 'kushmundra', 'sarweshrockz', 'dhruvg385', 'akepatisreeja369', 'shanmukh09', 'ramesh9', 'ayush331', 'omkar26', 'vijaymohan4033', 'tusharkanwaria', 'dolyfish', 'aniket.mps', 'anurakt', 'bhargavan619', 'saikalyan2002', 'vikranth', 'absolus', 'darpanaswal', 'prathameshma', 'karthikeyanr482', 'yashkale2626', 'dhruv.ganatra', 'bhargavi1922007']",4,"['namrit.sheth', 'arnavgadre', None, 'k.satyanarayana']",219,"['srutim18', 'noahmanu', 'meghanalakshmi', 'saurabhsingh1', 'anumita89', 'snehaadak', 'rahul9232singh', 'joana1', 'alexmet', 'vijayram.p', 'beerukuriabhinay', 'akshaybraj20', '184005sasi', 'k.satyanarayana', 'sumajit', 'ashutosh1218', 'knrs.akash', 'siddharthghankot2003', 'sakshi.shah4', 'gunjanshekhar', 'pratikingle15', 'rithihasroshan', 'shailendramaurya', 'arnavgadre', 'vnskunal', 'shubham1401', 'barathbommadi', 'ashutoshnaik', 'snehithreddy96', 'kugapria', 'ayushgupta7079', 'vapande3006', 'amitshahu009', 'naaufal95', 'meghanalakshmi25', 'subodhkumar', 'smita.nayak', 'yki', 'esvuor1', 'playcricket01', 'shah.di', 'nilaksh', 'himadribhakta', 'rishabh.cj', 'debanu', 'sandhyayadav', 'bideshmahataiitkgp', 'nandhini9350', 'vidhi.gohel', 'shireesha1412', 'ushasi', 'saikadagala2001', 'krishnchate121', 'tarun20092002', 'priyanshugautam1923', 'shruti.kamat', 'aryansatpathy', 'phinehas27', 'dhruvrathi04', 'ryan3141', 'avi.amalanshu', 'reeteswar48', 'shruti1710', 'sanjeevraj.ganji', 'goodboi', 'siddharthakuchibhotla', 'shashikantbagade', 'vdixit', 'rajlk1021', 'soumyadeepghosh', 'ruthvilohar', 'piyushpandey', 'siddardha', 'rakshit.singhal303', 'ats_20ec10016', 'ajinkya009', 'omkar.bhoite', 'www.jefayush', 'padiya2407', 'ebrahim.kaeed', 'vidushiagarwal232', 'sampurnamandal04', 'krishnachavan706', 'karmakarshrija', 'suryakantabeheraiitkgp', 'arnavaryaman', 'sauravdeshmukh678', 'sreeshanth123', 'sathviknallapuri2003', 'dipak', 'pravsman111', None, 'vpb', 'akash8006', 'anuvrat.m', 'yashas_more', 'vikranthintha', 'sai0922', 'thiagocgasp', 'kumarsubodh987321', 'dharmil17', 'rahulkr2038', 'ananya', 'rkkashyap3', 'cnrrao123', 'sheshank.shaswat1111', 'ajeet069', 'srivarshini_killada', 'kshitijgaikwad', 'nimishmalik', 'nitinteja27', 'deepakvishvkarma', 'aj_ay', 'tusharkmr15', 'e.bhinderwala', 'narendra248', 'gayatrideoghare', 'navyamalempati', 'rohith_raj', 'rajdeep_maji', 'vardhan1234', 'hitarth.doshi', 'varunchoudhary', 'arjit_2002', 'srijan279', 'datta.arkaprava56', 'sharmamanav34568', 'hemkar', 'darsh.parmar', 'naufal.nm', 'nishadkolheict', 'vdagar22', 'mahendra84', 'gidugusrikar0912', 'sukrut.kolhe', 'jesalpurakishaniit', 'devchaudhari12', 'anuraglakra', 'sanj', 'namrit.sheth', 'dineshyelleti', 'arjunmahanty', 'ghouse12.smd', 'guru.b.bhavi', 'skam9076', 'raysourish', 'arman0320', 'aniket.ubhare', 'jainam13', 'jeswanth.doppalapudi', 'divyanshraghuwanshi', 'sap3', 'gauravbarhoniya22', 'azadkumar1721', 'shanu.kadam007', 'pritam_das', 'rviswanadhapalli', 'ankita1207', 'akshata.barne', 'pranavsachdeva2002', 'rpatil14', 'manunoah', 'j.parab', 'mihir3008', 'palamit2529', 'agnibha.sinha26', 'prakharm66', 'sraavya.uppala', 'adyakoppisetti', 'rajesh1529', 'solus', 'kaushal010', 'shrutisharma', 'agrawalyash093', 'yasaswinee2003', 'prasadbhoir103', 'nimisha.chauhan', 'ag626', 'janup8689', 'c.phadtare', 'sricharan', 'bharathranga3', 'rutujgharat', 'vedant_gulve', 'tejeshbellam2002', 'gani106', 'shreyas.sj', 'somyagupta', 'vaibhavnano01', 'marioxpeach', 'harshi', 'sampurna101', 'piyushps2235', 'ashvineedeo', 'kushmundra', 'sarweshrockz', 'dhruvg385', 'akepatisreeja369', 'shanmukh09', 'ramesh9', 'ayush331', 'omkar26', 'vijaymohan4033', 'tusharkanwaria', 'dolyfish', 'aniket.mps', 'anurakt', 'bhargavan619', 's.srinivasan', 'saikalyan2002', 'vikranth', 'absolus', 'swarangee.m', 'darpanaswal', 'prathameshma', 'karthikeyanr482', 'yashkale2626', 'dhruv.ganatra', 'bhargavi1922007']"
3,50,216,12,10,"['aj_ay', 'sricharan', 'saikalyan2002', 'manunoah', 'narendra248', 'vardhan1234', 'cnrrao123', 'gani106', 'ramesh9', 'tarun20092002']",205,"['srutim18', 'noahmanu', 'meghanalakshmi', 'saurabhsingh1', 'anumita89', 'snehaadak', 'rahul9232singh', 'joana1', 'alexmet', 'vijayram.p', 'beerukuriabhinay', 'akshaybraj20', '184005sasi', 'sumajit', 'ashutosh1218', 'knrs.akash', 'siddharthghankot2003', 'sakshi.shah4', 'gunjanshekhar', 'pratikingle15', 'rithihasroshan', 'shailendramaurya', 'vnskunal', 'shubham1401', 'barathbommadi', 'ashutoshnaik', 'snehithreddy96', 'kugapria', 'ayushgupta7079', 'vapande3006', 'amitshahu009', 'naaufal95', 'meghanalakshmi25', 'subodhkumar', 'smita.nayak', 'yki', 'esvuor1', 'playcricket01', 'shah.di', 'nilaksh', 'himadribhakta', 'rishabh.cj', 'debanu', 'sandhyayadav', 'bideshmahataiitkgp', 'nandhini9350', 'vidhi.gohel', 'shireesha1412', 'ushasi', 'saikadagala2001', 'krishnchate121', 'priyanshugautam1923', 'shruti.kamat', 'aryansatpathy', 'phinehas27', 'dhruvrathi04', 'ryan3141', 'avi.amalanshu', 'reeteswar48', 'shruti1710', 'sanjeevraj.ganji', 'goodboi', 'siddharthakuchibhotla', 'shashikantbagade', 'vdixit', 'rajlk1021', 'soumyadeepghosh', 'ruthvilohar', 'piyushpandey', 'siddardha', 'rakshit.singhal303', 'ats_20ec10016', 'ajinkya009', 'omkar.bhoite', 'www.jefayush', 'padiya2407', 'ebrahim.kaeed', 'vidushiagarwal232', 'sampurnamandal04', 'krishnachavan706', 'karmakarshrija', 'suryakantabeheraiitkgp', 'arnavaryaman', 'sauravdeshmukh678', 'sreeshanth123', 'sathviknallapuri2003', 'dipak', 'pravsman111', 'vpb', 'akash8006', 'anuvrat.m', 'yashas_more', 'vikranthintha', 'sai0922', 'thiagocgasp', 'kumarsubodh987321', 'dharmil17', 'rahulkr2038', 'ananya', 'rkkashyap3', 'sheshank.shaswat1111', 'ajeet069', 'srivarshini_killada', 'kshitijgaikwad', 'nimishmalik', 'nitinteja27', 'deepakvishvkarma', 'tusharkmr15', 'e.bhinderwala', 'gayatrideoghare', 'navyamalempati', 'rohith_raj', 'rajdeep_maji', 'hitarth.doshi', 'varunchoudhary', 'arjit_2002', 'srijan279', 'datta.arkaprava56', 'sharmamanav34568', 'hemkar', 'darsh.parmar', 'naufal.nm', 'nishadkolheict', 'vdagar22', 'mahendra84', 'gidugusrikar0912', 'sukrut.kolhe', 'jesalpurakishaniit', 'devchaudhari12', 'anuraglakra', 'sanj', 'dineshyelleti', 'arjunmahanty', 'ghouse12.smd', 'guru.b.bhavi', 'skam9076', 'raysourish', 'arman0320', 'aniket.ubhare', 'jainam13', 'jeswanth.doppalapudi', 'divyanshraghuwanshi', 'sap3', 'gauravbarhoniya22', 'azadkumar1721', 'shanu.kadam007', 'pritam_das', 'rviswanadhapalli', 'ankita1207', 'akshata.barne', 'pranavsachdeva2002', 'rpatil14', 'j.parab', 'mihir3008', 'palamit2529', 'agnibha.sinha26', 'prakharm66', 'sraavya.uppala', 'adyakoppisetti', 'rajesh1529', 'solus', 'kaushal010', 'shrutisharma', 'agrawalyash093', 'yasaswinee2003', 'prasadbhoir103', 'nimisha.chauhan', 'ag626', 'janup8689', 'c.phadtare', 'bharathranga3', 'rutujgharat', 'vedant_gulve', 'tejeshbellam2002', 'shreyas.sj', 'somyagupta', 'vaibhavnano01', 'marioxpeach', 'harshi', 'sampurna101', 'piyushps2235', 'ashvineedeo', 'kushmundra', 'sarweshrockz', 'dhruvg385', 'akepatisreeja369', 'shanmukh09', 'ayush331', 'omkar26', 'vijaymohan4033', 'tusharkanwaria', 'dolyfish', 'aniket.mps', 'anurakt', 'bhargavan619', 's.srinivasan', 'vikranth', 'absolus', 'swarangee.m', 'darpanaswal', 'prathameshma', 'karthikeyanr482', 'yashkale2626', 'dhruv.ganatra', 'bhargavi1922007']",2,"[None, 'jahnavi']",217,"['srutim18', 'noahmanu', 'meghanalakshmi', 'saurabhsingh1', 'anumita89', 'snehaadak', 'rahul9232singh', 'joana1', 'alexmet', 'vijayram.p', 'beerukuriabhinay', 'akshaybraj20', '184005sasi', 'sumajit', 'ashutosh1218', 'knrs.akash', 'siddharthghankot2003', 'sakshi.shah4', 'gunjanshekhar', 'pratikingle15', 'rithihasroshan', 'shailendramaurya', 'vnskunal', 'shubham1401', 'barathbommadi', 'ashutoshnaik', 'snehithreddy96', 'kugapria', 'ayushgupta7079', 'vapande3006', 'amitshahu009', 'naaufal95', 'meghanalakshmi25', 'subodhkumar', 'smita.nayak', 'yki', 'esvuor1', 'playcricket01', 'shah.di', 'nilaksh', 'himadribhakta', 'rishabh.cj', 'debanu', 'sandhyayadav', 'bideshmahataiitkgp', 'nandhini9350', 'vidhi.gohel', 'shireesha1412', 'ushasi', 'saikadagala2001', 'krishnchate121', 'tarun20092002', 'priyanshugautam1923', 'shruti.kamat', 'aryansatpathy', 'phinehas27', 'dhruvrathi04', 'ryan3141', 'avi.amalanshu', 'reeteswar48', 'shruti1710', 'sanjeevraj.ganji', 'goodboi', 'siddharthakuchibhotla', 'shashikantbagade', 'vdixit', 'rajlk1021', 'soumyadeepghosh', 'ruthvilohar', 'piyushpandey', 'siddardha', 'rakshit.singhal303', 'ats_20ec10016', 'ajinkya009', 'omkar.bhoite', 'www.jefayush', 'padiya2407', 'ebrahim.kaeed', 'vidushiagarwal232', 'sampurnamandal04', 'krishnachavan706', 'karmakarshrija', 'suryakantabeheraiitkgp', 'arnavaryaman', 'sauravdeshmukh678', 'sreeshanth123', 'sathviknallapuri2003', 'dipak', 'pravsman111', None, 'vpb', 'akash8006', 'anuvrat.m', 'yashas_more', 'vikranthintha', 'sai0922', 'thiagocgasp', 'kumarsubodh987321', 'dharmil17', 'rahulkr2038', 'ananya', 'rkkashyap3', 'cnrrao123', 'sheshank.shaswat1111', 'ajeet069', 'srivarshini_killada', 'kshitijgaikwad', 'nimishmalik', 'nitinteja27', 'deepakvishvkarma', 'aj_ay', 'tusharkmr15', 'e.bhinderwala', 'narendra248', 'gayatrideoghare', 'navyamalempati', 'rohith_raj', 'rajdeep_maji', 'vardhan1234', 'hitarth.doshi', 'varunchoudhary', 'arjit_2002', 'srijan279', 'datta.arkaprava56', 'sharmamanav34568', 'hemkar', 'darsh.parmar', 'naufal.nm', 'nishadkolheict', 'vdagar22', 'mahendra84', 'gidugusrikar0912', 'sukrut.kolhe', 'jesalpurakishaniit', 'devchaudhari12', 'anuraglakra', 'sanj', 'dineshyelleti', 'arjunmahanty', 'ghouse12.smd', 'guru.b.bhavi', 'skam9076', 'raysourish', 'arman0320', 'aniket.ubhare', 'jainam13', 'jeswanth.doppalapudi', 'divyanshraghuwanshi', 'sap3', 'gauravbarhoniya22', 'azadkumar1721', 'shanu.kadam007', 'pritam_das', 'rviswanadhapalli', 'ankita1207', 'akshata.barne', 'pranavsachdeva2002', 'rpatil14', 'manunoah', 'j.parab', 'mihir3008', 'palamit2529', 'agnibha.sinha26', 'prakharm66', 'sraavya.uppala', 'adyakoppisetti', 'rajesh1529', 'solus', 'kaushal010', 'shrutisharma', 'agrawalyash093', 'yasaswinee2003', 'prasadbhoir103', 'nimisha.chauhan', 'ag626', 'janup8689', 'c.phadtare', 'sricharan', 'bharathranga3', 'rutujgharat', 'vedant_gulve', 'tejeshbellam2002', 'jahnavi', 'gani106', 'shreyas.sj', 'somyagupta', 'vaibhavnano01', 'marioxpeach', 'harshi', 'sampurna101', 'piyushps2235', 'ashvineedeo', 'kushmundra', 'sarweshrockz', 'dhruvg385', 'akepatisreeja369', 'shanmukh09', 'ramesh9', 'ayush331', 'omkar26', 'vijaymohan4033', 'tusharkanwaria', 'dolyfish', 'aniket.mps', 'anurakt', 'bhargavan619', 's.srinivasan', 'saikalyan2002', 'vikranth', 'absolus', 'swarangee.m', 'darpanaswal', 'prathameshma', 'karthikeyanr482', 'yashkale2626', 'dhruv.ganatra', 'bhargavi1922007']"
3,51,216,11,10,"['harshi', 'sricharan', 'vikranthintha', 'saikalyan2002', 'bhargavan619', 'navyamalempati', 'jeswanth.doppalapudi', 'yasaswinee2003', 'tarun20092002', 'dineshyelleti']",205,"['srutim18', 'noahmanu', 'meghanalakshmi', 'saurabhsingh1', 'anumita89', 'snehaadak', 'rahul9232singh', 'joana1', 'alexmet', 'vijayram.p', 'beerukuriabhinay', 'akshaybraj20', '184005sasi', 'sumajit', 'ashutosh1218', 'knrs.akash', 'siddharthghankot2003', 'sakshi.shah4', 'gunjanshekhar', 'pratikingle15', 'rithihasroshan', 'shailendramaurya', 'vnskunal', 'shubham1401', 'barathbommadi', 'ashutoshnaik', 'snehithreddy96', 'kugapria', 'ayushgupta7079', 'vapande3006', 'amitshahu009', 'naaufal95', 'meghanalakshmi25', 'subodhkumar', 'smita.nayak', 'yki', 'esvuor1', 'playcricket01', 'shah.di', 'nilaksh', 'himadribhakta', 'rishabh.cj', 'debanu', 'sandhyayadav', 'bideshmahataiitkgp', 'nandhini9350', 'vidhi.gohel', 'shireesha1412', 'ushasi', 'saikadagala2001', 'krishnchate121', 'priyanshugautam1923', 'shruti.kamat', 'aryansatpathy', 'phinehas27', 'dhruvrathi04', 'ryan3141', 'avi.amalanshu', 'reeteswar48', 'shruti1710', 'sanjeevraj.ganji', 'goodboi', 'siddharthakuchibhotla', 'shashikantbagade', 'vdixit', 'rajlk1021', 'soumyadeepghosh', 'ruthvilohar', 'piyushpandey', 'siddardha', 'rakshit.singhal303', 'ats_20ec10016', 'ajinkya009', 'omkar.bhoite', 'www.jefayush', 'padiya2407', 'ebrahim.kaeed', 'vidushiagarwal232', 'sampurnamandal04', 'krishnachavan706', 'karmakarshrija', 'suryakantabeheraiitkgp', 'arnavaryaman', 'sauravdeshmukh678', 'sreeshanth123', 'sathviknallapuri2003', 'dipak', 'pravsman111', 'vpb', 'akash8006', 'anuvrat.m', 'yashas_more', 'sai0922', 'thiagocgasp', 'kumarsubodh987321', 'dharmil17', 'rahulkr2038', 'ananya', 'rkkashyap3', 'cnrrao123', 'sheshank.shaswat1111', 'ajeet069', 'srivarshini_killada', 'kshitijgaikwad', 'nimishmalik', 'nitinteja27', 'deepakvishvkarma', 'aj_ay', 'tusharkmr15', 'e.bhinderwala', 'narendra248', 'gayatrideoghare', 'rohith_raj', 'rajdeep_maji', 'vardhan1234', 'hitarth.doshi', 'varunchoudhary', 'arjit_2002', 'srijan279', 'datta.arkaprava56', 'sharmamanav34568', 'hemkar', 'darsh.parmar', 'naufal.nm', 'nishadkolheict', 'vdagar22', 'mahendra84', 'gidugusrikar0912', 'sukrut.kolhe', 'jesalpurakishaniit', 'devchaudhari12', 'anuraglakra', 'sanj', 'arjunmahanty', 'ghouse12.smd', 'guru.b.bhavi', 'skam9076', 'raysourish', 'arman0320', 'aniket.ubhare', 'jainam13', 'divyanshraghuwanshi', 'sap3', 'gauravbarhoniya22', 'azadkumar1721', 'shanu.kadam007', 'pritam_das', 'rviswanadhapalli', 'ankita1207', 'akshata.barne', 'pranavsachdeva2002', 'rpatil14', 'manunoah', 'j.parab', 'mihir3008', 'palamit2529', 'agnibha.sinha26', 'prakharm66', 'sraavya.uppala', 'adyakoppisetti', 'rajesh1529', 'solus', 'kaushal010', 'shrutisharma', 'agrawalyash093', 'prasadbhoir103', 'nimisha.chauhan', 'ag626', 'janup8689', 'c.phadtare', 'bharathranga3', 'rutujgharat', 'vedant_gulve', 'tejeshbellam2002', 'gani106', 'shreyas.sj', 'somyagupta', 'vaibhavnano01', 'marioxpeach', 'sampurna101', 'piyushps2235', 'ashvineedeo', 'kushmundra', 'sarweshrockz', 'dhruvg385', 'akepatisreeja369', 'shanmukh09', 'ramesh9', 'ayush331', 'omkar26', 'vijaymohan4033', 'tusharkanwaria', 'dolyfish', 'aniket.mps', 'anurakt', 's.srinivasan', 'vikranth', 'absolus', 'swarangee.m', 'darpanaswal', 'prathameshma', 'karthikeyanr482', 'yashkale2626', 'dhruv.ganatra', 'bhargavi1922007']",1,[None],216,"['srutim18', 'noahmanu', 'meghanalakshmi', 'saurabhsingh1', 'anumita89', 'snehaadak', 'rahul9232singh', 'joana1', 'alexmet', 'vijayram.p', 'beerukuriabhinay', 'akshaybraj20', '184005sasi', 'sumajit', 'ashutosh1218', 'knrs.akash', 'siddharthghankot2003', 'sakshi.shah4', 'gunjanshekhar', 'pratikingle15', 'rithihasroshan', 'shailendramaurya', 'vnskunal', 'shubham1401', 'barathbommadi', 'ashutoshnaik', 'snehithreddy96', 'kugapria', 'ayushgupta7079', 'vapande3006', 'amitshahu009', 'naaufal95', 'meghanalakshmi25', 'subodhkumar', 'smita.nayak', 'yki', 'esvuor1', 'playcricket01', 'shah.di', 'nilaksh', 'himadribhakta', 'rishabh.cj', 'debanu', 'sandhyayadav', 'bideshmahataiitkgp', 'nandhini9350', 'vidhi.gohel', 'shireesha1412', 'ushasi', 'saikadagala2001', 'krishnchate121', 'tarun20092002', 'priyanshugautam1923', 'shruti.kamat', 'aryansatpathy', 'phinehas27', 'dhruvrathi04', 'ryan3141', 'avi.amalanshu', 'reeteswar48', 'shruti1710', 'sanjeevraj.ganji', 'goodboi', 'siddharthakuchibhotla', 'shashikantbagade', 'vdixit', 'rajlk1021', 'soumyadeepghosh', 'ruthvilohar', 'piyushpandey', 'siddardha', 'rakshit.singhal303', 'ats_20ec10016', 'ajinkya009', 'omkar.bhoite', 'www.jefayush', 'padiya2407', 'ebrahim.kaeed', 'vidushiagarwal232', 'sampurnamandal04', 'krishnachavan706', 'karmakarshrija', 'suryakantabeheraiitkgp', 'arnavaryaman', 'sauravdeshmukh678', 'sreeshanth123', 'sathviknallapuri2003', 'dipak', 'pravsman111', None, 'vpb', 'akash8006', 'anuvrat.m', 'yashas_more', 'vikranthintha', 'sai0922', 'thiagocgasp', 'kumarsubodh987321', 'dharmil17', 'rahulkr2038', 'ananya', 'rkkashyap3', 'cnrrao123', 'sheshank.shaswat1111', 'ajeet069', 'srivarshini_killada', 'kshitijgaikwad', 'nimishmalik', 'nitinteja27', 'deepakvishvkarma', 'aj_ay', 'tusharkmr15', 'e.bhinderwala', 'narendra248', 'gayatrideoghare', 'navyamalempati', 'rohith_raj', 'rajdeep_maji', 'vardhan1234', 'hitarth.doshi', 'varunchoudhary', 'arjit_2002', 'srijan279', 'datta.arkaprava56', 'sharmamanav34568', 'hemkar', 'darsh.parmar', 'naufal.nm', 'nishadkolheict', 'vdagar22', 'mahendra84', 'gidugusrikar0912', 'sukrut.kolhe', 'jesalpurakishaniit', 'devchaudhari12', 'anuraglakra', 'sanj', 'dineshyelleti', 'arjunmahanty', 'ghouse12.smd', 'guru.b.bhavi', 'skam9076', 'raysourish', 'arman0320', 'aniket.ubhare', 'jainam13', 'jeswanth.doppalapudi', 'divyanshraghuwanshi', 'sap3', 'gauravbarhoniya22', 'azadkumar1721', 'shanu.kadam007', 'pritam_das', 'rviswanadhapalli', 'ankita1207', 'akshata.barne', 'pranavsachdeva2002', 'rpatil14', 'manunoah', 'j.parab', 'mihir3008', 'palamit2529', 'agnibha.sinha26', 'prakharm66', 'sraavya.uppala', 'adyakoppisetti', 'rajesh1529', 'solus', 'kaushal010', 'shrutisharma', 'agrawalyash093', 'yasaswinee2003', 'prasadbhoir103', 'nimisha.chauhan', 'ag626', 'janup8689', 'c.phadtare', 'sricharan', 'bharathranga3', 'rutujgharat', 'vedant_gulve', 'tejeshbellam2002', 'gani106', 'shreyas.sj', 'somyagupta', 'vaibhavnano01', 'marioxpeach', 'harshi', 'sampurna101', 'piyushps2235', 'ashvineedeo', 'kushmundra', 'sarweshrockz', 'dhruvg385', 'akepatisreeja369', 'shanmukh09', 'ramesh9', 'ayush331', 'omkar26', 'vijaymohan4033', 'tusharkanwaria', 'dolyfish', 'aniket.mps', 'anurakt', 'bhargavan619', 's.srinivasan', 'saikalyan2002', 'vikranth', 'absolus', 'swarangee.m', 'darpanaswal', 'prathameshma', 'karthikeyanr482', 'yashkale2626', 'dhruv.ganatra', 'bhargavi1922007']"
3,52,216,10,9,"['184005sasi', 'harshi', 'mahendra84', 'j.parab', 'shruti1710', 'sap3', 'akepatisreeja369', 'dipak', 'krishnchate121']",206,"['srutim18', 'noahmanu', 'meghanalakshmi', 'saurabhsingh1', 'anumita89', 'snehaadak', 'rahul9232singh', 'joana1', 'alexmet', 'vijayram.p', 'beerukuriabhinay', 'akshaybraj20', 'sumajit', 'ashutosh1218', 'knrs.akash', 'siddharthghankot2003', 'sakshi.shah4', 'gunjanshekhar', 'pratikingle15', 'rithihasroshan', 'shailendramaurya', 'vnskunal', 'shubham1401', 'barathbommadi', 'ashutoshnaik', 'snehithreddy96', 'kugapria', 'ayushgupta7079', 'vapande3006', 'amitshahu009', 'naaufal95', 'meghanalakshmi25', 'subodhkumar', 'smita.nayak', 'yki', 'esvuor1', 'playcricket01', 'shah.di', 'nilaksh', 'himadribhakta', 'rishabh.cj', 'debanu', 'sandhyayadav', 'bideshmahataiitkgp', 'nandhini9350', 'vidhi.gohel', 'shireesha1412', 'ushasi', 'saikadagala2001', 'tarun20092002', 'priyanshugautam1923', 'shruti.kamat', 'aryansatpathy', 'phinehas27', 'dhruvrathi04', 'ryan3141', 'avi.amalanshu', 'reeteswar48', 'sanjeevraj.ganji', 'goodboi', 'siddharthakuchibhotla', 'shashikantbagade', 'vdixit', 'rajlk1021', 'soumyadeepghosh', 'ruthvilohar', 'piyushpandey', 'siddardha', 'rakshit.singhal303', 'ats_20ec10016', 'ajinkya009', 'omkar.bhoite', 'www.jefayush', 'padiya2407', 'ebrahim.kaeed', 'vidushiagarwal232', 'sampurnamandal04', 'krishnachavan706', 'karmakarshrija', 'suryakantabeheraiitkgp', 'arnavaryaman', 'sauravdeshmukh678', 'sreeshanth123', 'sathviknallapuri2003', 'pravsman111', 'vpb', 'akash8006', 'anuvrat.m', 'yashas_more', 'vikranthintha', 'sai0922', 'thiagocgasp', 'kumarsubodh987321', 'dharmil17', 'rahulkr2038', 'ananya', 'rkkashyap3', 'cnrrao123', 'sheshank.shaswat1111', 'ajeet069', 'srivarshini_killada', 'kshitijgaikwad', 'nimishmalik', 'nitinteja27', 'deepakvishvkarma', 'aj_ay', 'tusharkmr15', 'e.bhinderwala', 'narendra248', 'gayatrideoghare', 'navyamalempati', 'rohith_raj', 'rajdeep_maji', 'vardhan1234', 'hitarth.doshi', 'varunchoudhary', 'arjit_2002', 'srijan279', 'datta.arkaprava56', 'sharmamanav34568', 'hemkar', 'darsh.parmar', 'naufal.nm', 'nishadkolheict', 'vdagar22', 'gidugusrikar0912', 'sukrut.kolhe', 'jesalpurakishaniit', 'devchaudhari12', 'anuraglakra', 'sanj', 'dineshyelleti', 'arjunmahanty', 'ghouse12.smd', 'guru.b.bhavi', 'skam9076', 'raysourish', 'arman0320', 'aniket.ubhare', 'jainam13', 'jeswanth.doppalapudi', 'divyanshraghuwanshi', 'gauravbarhoniya22', 'azadkumar1721', 'shanu.kadam007', 'pritam_das', 'rviswanadhapalli', 'ankita1207', 'akshata.barne', 'pranavsachdeva2002', 'rpatil14', 'manunoah', 'mihir3008', 'palamit2529', 'agnibha.sinha26', 'prakharm66', 'sraavya.uppala', 'adyakoppisetti', 'rajesh1529', 'solus', 'kaushal010', 'shrutisharma', 'agrawalyash093', 'yasaswinee2003', 'prasadbhoir103', 'nimisha.chauhan', 'ag626', 'janup8689', 'c.phadtare', 'sricharan', 'bharathranga3', 'rutujgharat', 'vedant_gulve', 'tejeshbellam2002', 'gani106', 'shreyas.sj', 'somyagupta', 'vaibhavnano01', 'marioxpeach', 'sampurna101', 'piyushps2235', 'ashvineedeo', 'kushmundra', 'sarweshrockz', 'dhruvg385', 'shanmukh09', 'ramesh9', 'ayush331', 'omkar26', 'vijaymohan4033', 'tusharkanwaria', 'dolyfish', 'aniket.mps', 'anurakt', 'bhargavan619', 's.srinivasan', 'saikalyan2002', 'vikranth', 'absolus', 'swarangee.m', 'darpanaswal', 'prathameshma', 'karthikeyanr482', 'yashkale2626', 'dhruv.ganatra', 'bhargavi1922007']",1,[None],216,"['srutim18', 'noahmanu', 'meghanalakshmi', 'saurabhsingh1', 'anumita89', 'snehaadak', 'rahul9232singh', 'joana1', 'alexmet', 'vijayram.p', 'beerukuriabhinay', 'akshaybraj20', '184005sasi', 'sumajit', 'ashutosh1218', 'knrs.akash', 'siddharthghankot2003', 'sakshi.shah4', 'gunjanshekhar', 'pratikingle15', 'rithihasroshan', 'shailendramaurya', 'vnskunal', 'shubham1401', 'barathbommadi', 'ashutoshnaik', 'snehithreddy96', 'kugapria', 'ayushgupta7079', 'vapande3006', 'amitshahu009', 'naaufal95', 'meghanalakshmi25', 'subodhkumar', 'smita.nayak', 'yki', 'esvuor1', 'playcricket01', 'shah.di', 'nilaksh', 'himadribhakta', 'rishabh.cj', 'debanu', 'sandhyayadav', 'bideshmahataiitkgp', 'nandhini9350', 'vidhi.gohel', 'shireesha1412', 'ushasi', 'saikadagala2001', 'krishnchate121', 'tarun20092002', 'priyanshugautam1923', 'shruti.kamat', 'aryansatpathy', 'phinehas27', 'dhruvrathi04', 'ryan3141', 'avi.amalanshu', 'reeteswar48', 'shruti1710', 'sanjeevraj.ganji', 'goodboi', 'siddharthakuchibhotla', 'shashikantbagade', 'vdixit', 'rajlk1021', 'soumyadeepghosh', 'ruthvilohar', 'piyushpandey', 'siddardha', 'rakshit.singhal303', 'ats_20ec10016', 'ajinkya009', 'omkar.bhoite', 'www.jefayush', 'padiya2407', 'ebrahim.kaeed', 'vidushiagarwal232', 'sampurnamandal04', 'krishnachavan706', 'karmakarshrija', 'suryakantabeheraiitkgp', 'arnavaryaman', 'sauravdeshmukh678', 'sreeshanth123', 'sathviknallapuri2003', 'dipak', 'pravsman111', None, 'vpb', 'akash8006', 'anuvrat.m', 'yashas_more', 'vikranthintha', 'sai0922', 'thiagocgasp', 'kumarsubodh987321', 'dharmil17', 'rahulkr2038', 'ananya', 'rkkashyap3', 'cnrrao123', 'sheshank.shaswat1111', 'ajeet069', 'srivarshini_killada', 'kshitijgaikwad', 'nimishmalik', 'nitinteja27', 'deepakvishvkarma', 'aj_ay', 'tusharkmr15', 'e.bhinderwala', 'narendra248', 'gayatrideoghare', 'navyamalempati', 'rohith_raj', 'rajdeep_maji', 'vardhan1234', 'hitarth.doshi', 'varunchoudhary', 'arjit_2002', 'srijan279', 'datta.arkaprava56', 'sharmamanav34568', 'hemkar', 'darsh.parmar', 'naufal.nm', 'nishadkolheict', 'vdagar22', 'mahendra84', 'gidugusrikar0912', 'sukrut.kolhe', 'jesalpurakishaniit', 'devchaudhari12', 'anuraglakra', 'sanj', 'dineshyelleti', 'arjunmahanty', 'ghouse12.smd', 'guru.b.bhavi', 'skam9076', 'raysourish', 'arman0320', 'aniket.ubhare', 'jainam13', 'jeswanth.doppalapudi', 'divyanshraghuwanshi', 'sap3', 'gauravbarhoniya22', 'azadkumar1721', 'shanu.kadam007', 'pritam_das', 'rviswanadhapalli', 'ankita1207', 'akshata.barne', 'pranavsachdeva2002', 'rpatil14', 'manunoah', 'j.parab', 'mihir3008', 'palamit2529', 'agnibha.sinha26', 'prakharm66', 'sraavya.uppala', 'adyakoppisetti', 'rajesh1529', 'solus', 'kaushal010', 'shrutisharma', 'agrawalyash093', 'yasaswinee2003', 'prasadbhoir103', 'nimisha.chauhan', 'ag626', 'janup8689', 'c.phadtare', 'sricharan', 'bharathranga3', 'rutujgharat', 'vedant_gulve', 'tejeshbellam2002', 'gani106', 'shreyas.sj', 'somyagupta', 'vaibhavnano01', 'marioxpeach', 'harshi', 'sampurna101', 'piyushps2235', 'ashvineedeo', 'kushmundra', 'sarweshrockz', 'dhruvg385', 'akepatisreeja369', 'shanmukh09', 'ramesh9', 'ayush331', 'omkar26', 'vijaymohan4033', 'tusharkanwaria', 'dolyfish', 'aniket.mps', 'anurakt', 'bhargavan619', 's.srinivasan', 'saikalyan2002', 'vikranth', 'absolus', 'swarangee.m', 'darpanaswal', 'prathameshma', 'karthikeyanr482', 'yashkale2626', 'dhruv.ganatra', 'bhargavi1922007']"
3,274,216,10,6,"['amitshahu009', 'rutujgharat', 'snehaadak', 'shrutisharma', 'shailendramaurya', 'prasadbhoir103']",209,"['srutim18', 'noahmanu', 'meghanalakshmi', 'saurabhsingh1', 'anumita89', 'rahul9232singh', 'joana1', 'alexmet', 'vijayram.p', 'beerukuriabhinay', 'akshaybraj20', '184005sasi', 'sumajit', 'ashutosh1218', 'knrs.akash', 'siddharthghankot2003', 'sakshi.shah4', 'gunjanshekhar', 'pratikingle15', 'rithihasroshan', 'vnskunal', 'shubham1401', 'barathbommadi', 'ashutoshnaik', 'snehithreddy96', 'kugapria', 'ayushgupta7079', 'vapande3006', 'naaufal95', 'meghanalakshmi25', 'subodhkumar', 'smita.nayak', 'yki', 'esvuor1', 'playcricket01', 'shah.di', 'nilaksh', 'himadribhakta', 'rishabh.cj', 'debanu', 'sandhyayadav', 'bideshmahataiitkgp', 'nandhini9350', 'vidhi.gohel', 'shireesha1412', 'ushasi', 'saikadagala2001', 'krishnchate121', 'tarun20092002', 'priyanshugautam1923', 'shruti.kamat', 'aryansatpathy', 'phinehas27', 'dhruvrathi04', 'ryan3141', 'avi.amalanshu', 'reeteswar48', 'shruti1710', 'sanjeevraj.ganji', 'goodboi', 'siddharthakuchibhotla', 'shashikantbagade', 'vdixit', 'rajlk1021', 'soumyadeepghosh', 'ruthvilohar', 'piyushpandey', 'siddardha', 'rakshit.singhal303', 'ats_20ec10016', 'ajinkya009', 'omkar.bhoite', 'www.jefayush', 'padiya2407', 'ebrahim.kaeed', 'vidushiagarwal232', 'sampurnamandal04', 'krishnachavan706', 'karmakarshrija', 'suryakantabeheraiitkgp', 'arnavaryaman', 'sauravdeshmukh678', 'sreeshanth123', 'sathviknallapuri2003', 'dipak', 'pravsman111', 'vpb', 'akash8006', 'anuvrat.m', 'yashas_more', 'vikranthintha', 'sai0922', 'thiagocgasp', 'kumarsubodh987321', 'dharmil17', 'rahulkr2038', 'ananya', 'rkkashyap3', 'cnrrao123', 'sheshank.shaswat1111', 'ajeet069', 'srivarshini_killada', 'kshitijgaikwad', 'nimishmalik', 'nitinteja27', 'deepakvishvkarma', 'aj_ay', 'tusharkmr15', 'e.bhinderwala', 'narendra248', 'gayatrideoghare', 'navyamalempati', 'rohith_raj', 'rajdeep_maji', 'vardhan1234', 'hitarth.doshi', 'varunchoudhary', 'arjit_2002', 'srijan279', 'datta.arkaprava56', 'sharmamanav34568', 'hemkar', 'darsh.parmar', 'naufal.nm', 'nishadkolheict', 'vdagar22', 'mahendra84', 'gidugusrikar0912', 'sukrut.kolhe', 'jesalpurakishaniit', 'devchaudhari12', 'anuraglakra', 'sanj', 'dineshyelleti', 'arjunmahanty', 'ghouse12.smd', 'guru.b.bhavi', 'skam9076', 'raysourish', 'arman0320', 'aniket.ubhare', 'jainam13', 'jeswanth.doppalapudi', 'divyanshraghuwanshi', 'sap3', 'gauravbarhoniya22', 'azadkumar1721', 'shanu.kadam007', 'pritam_das', 'rviswanadhapalli', 'ankita1207', 'akshata.barne', 'pranavsachdeva2002', 'rpatil14', 'manunoah', 'j.parab', 'mihir3008', 'palamit2529', 'agnibha.sinha26', 'prakharm66', 'sraavya.uppala', 'adyakoppisetti', 'rajesh1529', 'solus', 'kaushal010', 'agrawalyash093', 'yasaswinee2003', 'nimisha.chauhan', 'ag626', 'janup8689', 'c.phadtare', 'sricharan', 'bharathranga3', 'vedant_gulve', 'tejeshbellam2002', 'gani106', 'shreyas.sj', 'somyagupta', 'vaibhavnano01', 'marioxpeach', 'harshi', 'sampurna101', 'piyushps2235', 'ashvineedeo', 'kushmundra', 'sarweshrockz', 'dhruvg385', 'akepatisreeja369', 'shanmukh09', 'ramesh9', 'ayush331', 'omkar26', 'vijaymohan4033', 'tusharkanwaria', 'dolyfish', 'aniket.mps', 'anurakt', 'bhargavan619', 's.srinivasan', 'saikalyan2002', 'vikranth', 'absolus', 'swarangee.m', 'darpanaswal', 'prathameshma', 'karthikeyanr482', 'yashkale2626', 'dhruv.ganatra', 'bhargavi1922007']",4,"['kalekarprasad7', None, 'kalyanikoli', 'nashitharoon']",219,"['srutim18', 'noahmanu', 'meghanalakshmi', 'saurabhsingh1', 'anumita89', 'snehaadak', 'rahul9232singh', 'joana1', 'alexmet', 'vijayram.p', 'beerukuriabhinay', 'akshaybraj20', '184005sasi', 'sumajit', 'ashutosh1218', 'knrs.akash', 'siddharthghankot2003', 'sakshi.shah4', 'gunjanshekhar', 'pratikingle15', 'rithihasroshan', 'shailendramaurya', 'vnskunal', 'shubham1401', 'barathbommadi', 'ashutoshnaik', 'kalekarprasad7', 'snehithreddy96', 'kugapria', 'ayushgupta7079', 'vapande3006', 'amitshahu009', 'naaufal95', 'meghanalakshmi25', 'subodhkumar', 'smita.nayak', 'yki', 'esvuor1', 'playcricket01', 'shah.di', 'nilaksh', 'himadribhakta', 'rishabh.cj', 'debanu', 'sandhyayadav', 'bideshmahataiitkgp', 'nandhini9350', 'vidhi.gohel', 'shireesha1412', 'ushasi', 'saikadagala2001', 'krishnchate121', 'tarun20092002', 'priyanshugautam1923', 'shruti.kamat', 'aryansatpathy', 'phinehas27', 'dhruvrathi04', 'ryan3141', 'avi.amalanshu', 'reeteswar48', 'shruti1710', 'sanjeevraj.ganji', 'goodboi', 'siddharthakuchibhotla', 'shashikantbagade', 'vdixit', 'rajlk1021', 'soumyadeepghosh', 'ruthvilohar', 'piyushpandey', 'siddardha', 'rakshit.singhal303', 'ats_20ec10016', 'ajinkya009', 'kalyanikoli', 'omkar.bhoite', 'www.jefayush', 'padiya2407', 'ebrahim.kaeed', 'vidushiagarwal232', 'sampurnamandal04', 'krishnachavan706', 'karmakarshrija', 'suryakantabeheraiitkgp', 'arnavaryaman', 'sauravdeshmukh678', 'sreeshanth123', 'sathviknallapuri2003', 'dipak', 'pravsman111', None, 'vpb', 'akash8006', 'anuvrat.m', 'yashas_more', 'vikranthintha', 'sai0922', 'thiagocgasp', 'kumarsubodh987321', 'dharmil17', 'rahulkr2038', 'ananya', 'rkkashyap3', 'cnrrao123', 'sheshank.shaswat1111', 'ajeet069', 'srivarshini_killada', 'kshitijgaikwad', 'nimishmalik', 'nitinteja27', 'deepakvishvkarma', 'aj_ay', 'tusharkmr15', 'e.bhinderwala', 'narendra248', 'gayatrideoghare', 'navyamalempati', 'rohith_raj', 'rajdeep_maji', 'vardhan1234', 'hitarth.doshi', 'varunchoudhary', 'arjit_2002', 'srijan279', 'datta.arkaprava56', 'sharmamanav34568', 'hemkar', 'darsh.parmar', 'naufal.nm', 'nishadkolheict', 'vdagar22', 'mahendra84', 'gidugusrikar0912', 'sukrut.kolhe', 'jesalpurakishaniit', 'devchaudhari12', 'anuraglakra', 'sanj', 'dineshyelleti', 'arjunmahanty', 'ghouse12.smd', 'guru.b.bhavi', 'skam9076', 'raysourish', 'arman0320', 'aniket.ubhare', 'jainam13', 'jeswanth.doppalapudi', 'divyanshraghuwanshi', 'sap3', 'gauravbarhoniya22', 'azadkumar1721', 'shanu.kadam007', 'pritam_das', 'rviswanadhapalli', 'ankita1207', 'akshata.barne', 'pranavsachdeva2002', 'rpatil14', 'manunoah', 'j.parab', 'mihir3008', 'palamit2529', 'agnibha.sinha26', 'prakharm66', 'sraavya.uppala', 'adyakoppisetti', 'rajesh1529', 'solus', 'kaushal010', 'shrutisharma', 'agrawalyash093', 'yasaswinee2003', 'prasadbhoir103', 'nimisha.chauhan', 'ag626', 'nashitharoon', 'janup8689', 'c.phadtare', 'sricharan', 'bharathranga3', 'rutujgharat', 'vedant_gulve', 'tejeshbellam2002', 'gani106', 'shreyas.sj', 'somyagupta', 'vaibhavnano01', 'marioxpeach', 'harshi', 'sampurna101', 'piyushps2235', 'ashvineedeo', 'kushmundra', 'sarweshrockz', 'dhruvg385', 'akepatisreeja369', 'shanmukh09', 'ramesh9', 'ayush331', 'omkar26', 'vijaymohan4033', 'tusharkanwaria', 'dolyfish', 'aniket.mps', 'anurakt', 'bhargavan619', 's.srinivasan', 'saikalyan2002', 'vikranth', 'absolus', 'swarangee.m', 'darpanaswal', 'prathameshma', 'karthikeyanr482', 'yashkale2626', 'dhruv.ganatra', 'bhargavi1922007']"
3,59,216,9,3,"['shruti.kamat', 'padiya2407', 'darsh.parmar']",212,"['srutim18', 'noahmanu', 'meghanalakshmi', 'saurabhsingh1', 'anumita89', 'snehaadak', 'rahul9232singh', 'joana1', 'alexmet', 'vijayram.p', 'beerukuriabhinay', 'akshaybraj20', '184005sasi', 'sumajit', 'ashutosh1218', 'knrs.akash', 'siddharthghankot2003', 'sakshi.shah4', 'gunjanshekhar', 'pratikingle15', 'rithihasroshan', 'shailendramaurya', 'vnskunal', 'shubham1401', 'barathbommadi', 'ashutoshnaik', 'snehithreddy96', 'kugapria', 'ayushgupta7079', 'vapande3006', 'amitshahu009', 'naaufal95', 'meghanalakshmi25', 'subodhkumar', 'smita.nayak', 'yki', 'esvuor1', 'playcricket01', 'shah.di', 'nilaksh', 'himadribhakta', 'rishabh.cj', 'debanu', 'sandhyayadav', 'bideshmahataiitkgp', 'nandhini9350', 'vidhi.gohel', 'shireesha1412', 'ushasi', 'saikadagala2001', 'krishnchate121', 'tarun20092002', 'priyanshugautam1923', 'aryansatpathy', 'phinehas27', 'dhruvrathi04', 'ryan3141', 'avi.amalanshu', 'reeteswar48', 'shruti1710', 'sanjeevraj.ganji', 'goodboi', 'siddharthakuchibhotla', 'shashikantbagade', 'vdixit', 'rajlk1021', 'soumyadeepghosh', 'ruthvilohar', 'piyushpandey', 'siddardha', 'rakshit.singhal303', 'ats_20ec10016', 'ajinkya009', 'omkar.bhoite', 'www.jefayush', 'ebrahim.kaeed', 'vidushiagarwal232', 'sampurnamandal04', 'krishnachavan706', 'karmakarshrija', 'suryakantabeheraiitkgp', 'arnavaryaman', 'sauravdeshmukh678', 'sreeshanth123', 'sathviknallapuri2003', 'dipak', 'pravsman111', 'vpb', 'akash8006', 'anuvrat.m', 'yashas_more', 'vikranthintha', 'sai0922', 'thiagocgasp', 'kumarsubodh987321', 'dharmil17', 'rahulkr2038', 'ananya', 'rkkashyap3', 'cnrrao123', 'sheshank.shaswat1111', 'ajeet069', 'srivarshini_killada', 'kshitijgaikwad', 'nimishmalik', 'nitinteja27', 'deepakvishvkarma', 'aj_ay', 'tusharkmr15', 'e.bhinderwala', 'narendra248', 'gayatrideoghare', 'navyamalempati', 'rohith_raj', 'rajdeep_maji', 'vardhan1234', 'hitarth.doshi', 'varunchoudhary', 'arjit_2002', 'srijan279', 'datta.arkaprava56', 'sharmamanav34568', 'hemkar', 'naufal.nm', 'nishadkolheict', 'vdagar22', 'mahendra84', 'gidugusrikar0912', 'sukrut.kolhe', 'jesalpurakishaniit', 'devchaudhari12', 'anuraglakra', 'sanj', 'dineshyelleti', 'arjunmahanty', 'ghouse12.smd', 'guru.b.bhavi', 'skam9076', 'raysourish', 'arman0320', 'aniket.ubhare', 'jainam13', 'jeswanth.doppalapudi', 'divyanshraghuwanshi', 'sap3', 'gauravbarhoniya22', 'azadkumar1721', 'shanu.kadam007', 'pritam_das', 'rviswanadhapalli', 'ankita1207', 'akshata.barne', 'pranavsachdeva2002', 'rpatil14', 'manunoah', 'j.parab', 'mihir3008', 'palamit2529', 'agnibha.sinha26', 'prakharm66', 'sraavya.uppala', 'adyakoppisetti', 'rajesh1529', 'solus', 'kaushal010', 'shrutisharma', 'agrawalyash093', 'yasaswinee2003', 'prasadbhoir103', 'nimisha.chauhan', 'ag626', 'janup8689', 'c.phadtare', 'sricharan', 'bharathranga3', 'rutujgharat', 'vedant_gulve', 'tejeshbellam2002', 'gani106', 'shreyas.sj', 'somyagupta', 'vaibhavnano01', 'marioxpeach', 'harshi', 'sampurna101', 'piyushps2235', 'ashvineedeo', 'kushmundra', 'sarweshrockz', 'dhruvg385', 'akepatisreeja369', 'shanmukh09', 'ramesh9', 'ayush331', 'omkar26', 'vijaymohan4033', 'tusharkanwaria', 'dolyfish', 'aniket.mps', 'anurakt', 'bhargavan619', 's.srinivasan', 'saikalyan2002', 'vikranth', 'absolus', 'swarangee.m', 'darpanaswal', 'prathameshma', 'karthikeyanr482', 'yashkale2626', 'dhruv.ganatra', 'bhargavi1922007']",6,"['geetha0802', 'k.satyanarayana', 'nagasaigoud.p15', 'mamtadpadmashali', 'namrit.sheth', None]",221,"['srutim18', 'noahmanu', 'meghanalakshmi', 'saurabhsingh1', 'anumita89', 'snehaadak', 'rahul9232singh', 'joana1', 'alexmet', 'vijayram.p', 'beerukuriabhinay', 'akshaybraj20', '184005sasi', 'k.satyanarayana', 'sumajit', 'nagasaigoud.p15', 'ashutosh1218', 'knrs.akash', 'siddharthghankot2003', 'sakshi.shah4', 'gunjanshekhar', 'pratikingle15', 'rithihasroshan', 'shailendramaurya', 'vnskunal', 'shubham1401', 'barathbommadi', 'ashutoshnaik', 'snehithreddy96', 'kugapria', 'ayushgupta7079', 'vapande3006', 'amitshahu009', 'naaufal95', 'meghanalakshmi25', 'subodhkumar', 'smita.nayak', 'yki', 'esvuor1', 'playcricket01', 'shah.di', 'nilaksh', 'himadribhakta', 'rishabh.cj', 'debanu', 'sandhyayadav', 'bideshmahataiitkgp', 'nandhini9350', 'vidhi.gohel', 'shireesha1412', 'ushasi', 'saikadagala2001', 'krishnchate121', 'tarun20092002', 'priyanshugautam1923', 'shruti.kamat', 'aryansatpathy', 'phinehas27', 'dhruvrathi04', 'ryan3141', 'avi.amalanshu', 'reeteswar48', 'shruti1710', 'sanjeevraj.ganji', 'goodboi', 'siddharthakuchibhotla', 'shashikantbagade', 'vdixit', 'rajlk1021', 'soumyadeepghosh', 'ruthvilohar', 'piyushpandey', 'siddardha', 'rakshit.singhal303', 'ats_20ec10016', 'ajinkya009', 'omkar.bhoite', 'www.jefayush', 'padiya2407', 'ebrahim.kaeed', 'vidushiagarwal232', 'sampurnamandal04', 'krishnachavan706', 'karmakarshrija', 'suryakantabeheraiitkgp', 'arnavaryaman', 'sauravdeshmukh678', 'sreeshanth123', 'sathviknallapuri2003', 'dipak', 'pravsman111', None, 'vpb', 'akash8006', 'anuvrat.m', 'yashas_more', 'vikranthintha', 'sai0922', 'thiagocgasp', 'kumarsubodh987321', 'dharmil17', 'rahulkr2038', 'ananya', 'rkkashyap3', 'cnrrao123', 'sheshank.shaswat1111', 'ajeet069', 'srivarshini_killada', 'kshitijgaikwad', 'nimishmalik', 'nitinteja27', 'deepakvishvkarma', 'aj_ay', 'geetha0802', 'tusharkmr15', 'e.bhinderwala', 'narendra248', 'gayatrideoghare', 'navyamalempati', 'rohith_raj', 'rajdeep_maji', 'vardhan1234', 'hitarth.doshi', 'varunchoudhary', 'arjit_2002', 'srijan279', 'datta.arkaprava56', 'sharmamanav34568', 'hemkar', 'darsh.parmar', 'naufal.nm', 'nishadkolheict', 'vdagar22', 'mahendra84', 'gidugusrikar0912', 'sukrut.kolhe', 'jesalpurakishaniit', 'devchaudhari12', 'anuraglakra', 'sanj', 'namrit.sheth', 'dineshyelleti', 'arjunmahanty', 'ghouse12.smd', 'guru.b.bhavi', 'skam9076', 'raysourish', 'arman0320', 'aniket.ubhare', 'jainam13', 'jeswanth.doppalapudi', 'divyanshraghuwanshi', 'sap3', 'gauravbarhoniya22', 'azadkumar1721', 'shanu.kadam007', 'pritam_das', 'rviswanadhapalli', 'ankita1207', 'akshata.barne', 'pranavsachdeva2002', 'rpatil14', 'manunoah', 'j.parab', 'mihir3008', 'palamit2529', 'agnibha.sinha26', 'prakharm66', 'sraavya.uppala', 'adyakoppisetti', 'rajesh1529', 'solus', 'kaushal010', 'shrutisharma', 'agrawalyash093', 'yasaswinee2003', 'prasadbhoir103', 'nimisha.chauhan', 'ag626', 'janup8689', 'c.phadtare', 'sricharan', 'bharathranga3', 'rutujgharat', 'vedant_gulve', 'tejeshbellam2002', 'gani106', 'shreyas.sj', 'somyagupta', 'vaibhavnano01', 'marioxpeach', 'harshi', 'sampurna101', 'piyushps2235', 'ashvineedeo', 'kushmundra', 'sarweshrockz', 'dhruvg385', 'mamtadpadmashali', 'akepatisreeja369', 'shanmukh09', 'ramesh9', 'ayush331', 'omkar26', 'vijaymohan4033', 'tusharkanwaria', 'dolyfish', 'aniket.mps', 'anurakt', 'bhargavan619', 's.srinivasan', 'saikalyan2002', 'vikranth', 'absolus', 'swarangee.m', 'darpanaswal', 'prathameshma', 'karthikeyanr482', 'yashkale2626', 'dhruv.ganatra', 'bhargavi1922007']"
3,56,216,8,5,"['deepakvishvkarma', 'krishnachavan706', 'nishadkolheict', 'vapande3006', 'ajinkya009']",210,"['srutim18', 'noahmanu', 'meghanalakshmi', 'saurabhsingh1', 'anumita89', 'snehaadak', 'rahul9232singh', 'joana1', 'alexmet', 'vijayram.p', 'beerukuriabhinay', 'akshaybraj20', '184005sasi', 'sumajit', 'ashutosh1218', 'knrs.akash', 'siddharthghankot2003', 'sakshi.shah4', 'gunjanshekhar', 'pratikingle15', 'rithihasroshan', 'shailendramaurya', 'vnskunal', 'shubham1401', 'barathbommadi', 'ashutoshnaik', 'snehithreddy96', 'kugapria', 'ayushgupta7079', 'amitshahu009', 'naaufal95', 'meghanalakshmi25', 'subodhkumar', 'smita.nayak', 'yki', 'esvuor1', 'playcricket01', 'shah.di', 'nilaksh', 'himadribhakta', 'rishabh.cj', 'debanu', 'sandhyayadav', 'bideshmahataiitkgp', 'nandhini9350', 'vidhi.gohel', 'shireesha1412', 'ushasi', 'saikadagala2001', 'krishnchate121', 'tarun20092002', 'priyanshugautam1923', 'shruti.kamat', 'aryansatpathy', 'phinehas27', 'dhruvrathi04', 'ryan3141', 'avi.amalanshu', 'reeteswar48', 'shruti1710', 'sanjeevraj.ganji', 'goodboi', 'siddharthakuchibhotla', 'shashikantbagade', 'vdixit', 'rajlk1021', 'soumyadeepghosh', 'ruthvilohar', 'piyushpandey', 'siddardha', 'rakshit.singhal303', 'ats_20ec10016', 'omkar.bhoite', 'www.jefayush', 'padiya2407', 'ebrahim.kaeed', 'vidushiagarwal232', 'sampurnamandal04', 'karmakarshrija', 'suryakantabeheraiitkgp', 'arnavaryaman', 'sauravdeshmukh678', 'sreeshanth123', 'sathviknallapuri2003', 'dipak', 'pravsman111', 'vpb', 'akash8006', 'anuvrat.m', 'yashas_more', 'vikranthintha', 'sai0922', 'thiagocgasp', 'kumarsubodh987321', 'dharmil17', 'rahulkr2038', 'ananya', 'rkkashyap3', 'cnrrao123', 'sheshank.shaswat1111', 'ajeet069', 'srivarshini_killada', 'kshitijgaikwad', 'nimishmalik', 'nitinteja27', 'aj_ay', 'tusharkmr15', 'e.bhinderwala', 'narendra248', 'gayatrideoghare', 'navyamalempati', 'rohith_raj', 'rajdeep_maji', 'vardhan1234', 'hitarth.doshi', 'varunchoudhary', 'arjit_2002', 'srijan279', 'datta.arkaprava56', 'sharmamanav34568', 'hemkar', 'darsh.parmar', 'naufal.nm', 'vdagar22', 'mahendra84', 'gidugusrikar0912', 'sukrut.kolhe', 'jesalpurakishaniit', 'devchaudhari12', 'anuraglakra', 'sanj', 'dineshyelleti', 'arjunmahanty', 'ghouse12.smd', 'guru.b.bhavi', 'skam9076', 'raysourish', 'arman0320', 'aniket.ubhare', 'jainam13', 'jeswanth.doppalapudi', 'divyanshraghuwanshi', 'sap3', 'gauravbarhoniya22', 'azadkumar1721', 'shanu.kadam007', 'pritam_das', 'rviswanadhapalli', 'ankita1207', 'akshata.barne', 'pranavsachdeva2002', 'rpatil14', 'manunoah', 'j.parab', 'mihir3008', 'palamit2529', 'agnibha.sinha26', 'prakharm66', 'sraavya.uppala', 'adyakoppisetti', 'rajesh1529', 'solus', 'kaushal010', 'shrutisharma', 'agrawalyash093', 'yasaswinee2003', 'prasadbhoir103', 'nimisha.chauhan', 'ag626', 'janup8689', 'c.phadtare', 'sricharan', 'bharathranga3', 'rutujgharat', 'vedant_gulve', 'tejeshbellam2002', 'gani106', 'shreyas.sj', 'somyagupta', 'vaibhavnano01', 'marioxpeach', 'harshi', 'sampurna101', 'piyushps2235', 'ashvineedeo', 'kushmundra', 'sarweshrockz', 'dhruvg385', 'akepatisreeja369', 'shanmukh09', 'ramesh9', 'ayush331', 'omkar26', 'vijaymohan4033', 'tusharkanwaria', 'dolyfish', 'aniket.mps', 'anurakt', 'bhargavan619', 's.srinivasan', 'saikalyan2002', 'vikranth', 'absolus', 'swarangee.m', 'darpanaswal', 'prathameshma', 'karthikeyanr482', 'yashkale2626', 'dhruv.ganatra', 'bhargavi1922007']",3,"['geetha0802', 'ckamal1842', None]",218,"['srutim18', 'noahmanu', 'meghanalakshmi', 'saurabhsingh1', 'anumita89', 'snehaadak', 'rahul9232singh', 'joana1', 'alexmet', 'vijayram.p', 'beerukuriabhinay', 'akshaybraj20', '184005sasi', 'sumajit', 'ashutosh1218', 'knrs.akash', 'siddharthghankot2003', 'sakshi.shah4', 'gunjanshekhar', 'pratikingle15', 'rithihasroshan', 'shailendramaurya', 'vnskunal', 'shubham1401', 'barathbommadi', 'ashutoshnaik', 'snehithreddy96', 'kugapria', 'ayushgupta7079', 'vapande3006', 'amitshahu009', 'naaufal95', 'meghanalakshmi25', 'subodhkumar', 'smita.nayak', 'yki', 'esvuor1', 'playcricket01', 'shah.di', 'nilaksh', 'himadribhakta', 'rishabh.cj', 'debanu', 'sandhyayadav', 'bideshmahataiitkgp', 'nandhini9350', 'vidhi.gohel', 'shireesha1412', 'ushasi', 'saikadagala2001', 'krishnchate121', 'tarun20092002', 'priyanshugautam1923', 'shruti.kamat', 'aryansatpathy', 'phinehas27', 'dhruvrathi04', 'ryan3141', 'avi.amalanshu', 'reeteswar48', 'shruti1710', 'sanjeevraj.ganji', 'goodboi', 'siddharthakuchibhotla', 'shashikantbagade', 'vdixit', 'rajlk1021', 'soumyadeepghosh', 'ruthvilohar', 'piyushpandey', 'siddardha', 'rakshit.singhal303', 'ats_20ec10016', 'ajinkya009', 'omkar.bhoite', 'www.jefayush', 'padiya2407', 'ebrahim.kaeed', 'vidushiagarwal232', 'sampurnamandal04', 'krishnachavan706', 'karmakarshrija', 'suryakantabeheraiitkgp', 'arnavaryaman', 'sauravdeshmukh678', 'sreeshanth123', 'sathviknallapuri2003', 'dipak', 'pravsman111', None, 'vpb', 'akash8006', 'anuvrat.m', 'yashas_more', 'vikranthintha', 'sai0922', 'thiagocgasp', 'kumarsubodh987321', 'dharmil17', 'rahulkr2038', 'ananya', 'rkkashyap3', 'cnrrao123', 'sheshank.shaswat1111', 'ajeet069', 'srivarshini_killada', 'kshitijgaikwad', 'nimishmalik', 'nitinteja27', 'deepakvishvkarma', 'aj_ay', 'geetha0802', 'tusharkmr15', 'e.bhinderwala', 'narendra248', 'gayatrideoghare', 'navyamalempati', 'rohith_raj', 'rajdeep_maji', 'vardhan1234', 'hitarth.doshi', 'varunchoudhary', 'arjit_2002', 'srijan279', 'datta.arkaprava56', 'sharmamanav34568', 'hemkar', 'darsh.parmar', 'naufal.nm', 'nishadkolheict', 'vdagar22', 'mahendra84', 'gidugusrikar0912', 'sukrut.kolhe', 'jesalpurakishaniit', 'devchaudhari12', 'anuraglakra', 'sanj', 'dineshyelleti', 'arjunmahanty', 'ghouse12.smd', 'guru.b.bhavi', 'skam9076', 'raysourish', 'arman0320', 'aniket.ubhare', 'jainam13', 'jeswanth.doppalapudi', 'divyanshraghuwanshi', 'sap3', 'gauravbarhoniya22', 'azadkumar1721', 'shanu.kadam007', 'pritam_das', 'rviswanadhapalli', 'ankita1207', 'akshata.barne', 'pranavsachdeva2002', 'rpatil14', 'manunoah', 'j.parab', 'mihir3008', 'palamit2529', 'agnibha.sinha26', 'prakharm66', 'sraavya.uppala', 'adyakoppisetti', 'rajesh1529', 'solus', 'kaushal010', 'shrutisharma', 'agrawalyash093', 'yasaswinee2003', 'prasadbhoir103', 'nimisha.chauhan', 'ag626', 'janup8689', 'c.phadtare', 'sricharan', 'bharathranga3', 'rutujgharat', 'vedant_gulve', 'tejeshbellam2002', 'gani106', 'shreyas.sj', 'somyagupta', 'vaibhavnano01', 'marioxpeach', 'harshi', 'sampurna101', 'piyushps2235', 'ashvineedeo', 'ckamal1842', 'kushmundra', 'sarweshrockz', 'dhruvg385', 'akepatisreeja369', 'shanmukh09', 'ramesh9', 'ayush331', 'omkar26', 'vijaymohan4033', 'tusharkanwaria', 'dolyfish', 'aniket.mps', 'anurakt', 'bhargavan619', 's.srinivasan', 'saikalyan2002', 'vikranth', 'absolus', 'swarangee.m', 'darpanaswal', 'prathameshma', 'karthikeyanr482', 'yashkale2626', 'dhruv.ganatra', 'bhargavi1922007']"
3,46,216,7,6,"['narendra248', 'rahulkr2038', 'anuraglakra', 'gani106', 'ebrahim.kaeed', 'hemkar']",209,"['srutim18', 'noahmanu', 'meghanalakshmi', 'saurabhsingh1', 'anumita89', 'snehaadak', 'rahul9232singh', 'joana1', 'alexmet', 'vijayram.p', 'beerukuriabhinay', 'akshaybraj20', '184005sasi', 'sumajit', 'ashutosh1218', 'knrs.akash', 'siddharthghankot2003', 'sakshi.shah4', 'gunjanshekhar', 'pratikingle15', 'rithihasroshan', 'shailendramaurya', 'vnskunal', 'shubham1401', 'barathbommadi', 'ashutoshnaik', 'snehithreddy96', 'kugapria', 'ayushgupta7079', 'vapande3006', 'amitshahu009', 'naaufal95', 'meghanalakshmi25', 'subodhkumar', 'smita.nayak', 'yki', 'esvuor1', 'playcricket01', 'shah.di', 'nilaksh', 'himadribhakta', 'rishabh.cj', 'debanu', 'sandhyayadav', 'bideshmahataiitkgp', 'nandhini9350', 'vidhi.gohel', 'shireesha1412', 'ushasi', 'saikadagala2001', 'krishnchate121', 'tarun20092002', 'priyanshugautam1923', 'shruti.kamat', 'aryansatpathy', 'phinehas27', 'dhruvrathi04', 'ryan3141', 'avi.amalanshu', 'reeteswar48', 'shruti1710', 'sanjeevraj.ganji', 'goodboi', 'siddharthakuchibhotla', 'shashikantbagade', 'vdixit', 'rajlk1021', 'soumyadeepghosh', 'ruthvilohar', 'piyushpandey', 'siddardha', 'rakshit.singhal303', 'ats_20ec10016', 'ajinkya009', 'omkar.bhoite', 'www.jefayush', 'padiya2407', 'vidushiagarwal232', 'sampurnamandal04', 'krishnachavan706', 'karmakarshrija', 'suryakantabeheraiitkgp', 'arnavaryaman', 'sauravdeshmukh678', 'sreeshanth123', 'sathviknallapuri2003', 'dipak', 'pravsman111', 'vpb', 'akash8006', 'anuvrat.m', 'yashas_more', 'vikranthintha', 'sai0922', 'thiagocgasp', 'kumarsubodh987321', 'dharmil17', 'ananya', 'rkkashyap3', 'cnrrao123', 'sheshank.shaswat1111', 'ajeet069', 'srivarshini_killada', 'kshitijgaikwad', 'nimishmalik', 'nitinteja27', 'deepakvishvkarma', 'aj_ay', 'tusharkmr15', 'e.bhinderwala', 'gayatrideoghare', 'navyamalempati', 'rohith_raj', 'rajdeep_maji', 'vardhan1234', 'hitarth.doshi', 'varunchoudhary', 'arjit_2002', 'srijan279', 'datta.arkaprava56', 'sharmamanav34568', 'darsh.parmar', 'naufal.nm', 'nishadkolheict', 'vdagar22', 'mahendra84', 'gidugusrikar0912', 'sukrut.kolhe', 'jesalpurakishaniit', 'devchaudhari12', 'sanj', 'dineshyelleti', 'arjunmahanty', 'ghouse12.smd', 'guru.b.bhavi', 'skam9076', 'raysourish', 'arman0320', 'aniket.ubhare', 'jainam13', 'jeswanth.doppalapudi', 'divyanshraghuwanshi', 'sap3', 'gauravbarhoniya22', 'azadkumar1721', 'shanu.kadam007', 'pritam_das', 'rviswanadhapalli', 'ankita1207', 'akshata.barne', 'pranavsachdeva2002', 'rpatil14', 'manunoah', 'j.parab', 'mihir3008', 'palamit2529', 'agnibha.sinha26', 'prakharm66', 'sraavya.uppala', 'adyakoppisetti', 'rajesh1529', 'solus', 'kaushal010', 'shrutisharma', 'agrawalyash093', 'yasaswinee2003', 'prasadbhoir103', 'nimisha.chauhan', 'ag626', 'janup8689', 'c.phadtare', 'sricharan', 'bharathranga3', 'rutujgharat', 'vedant_gulve', 'tejeshbellam2002', 'shreyas.sj', 'somyagupta', 'vaibhavnano01', 'marioxpeach', 'harshi', 'sampurna101', 'piyushps2235', 'ashvineedeo', 'kushmundra', 'sarweshrockz', 'dhruvg385', 'akepatisreeja369', 'shanmukh09', 'ramesh9', 'ayush331', 'omkar26', 'vijaymohan4033', 'tusharkanwaria', 'dolyfish', 'aniket.mps', 'anurakt', 'bhargavan619', 's.srinivasan', 'saikalyan2002', 'vikranth', 'absolus', 'swarangee.m', 'darpanaswal', 'prathameshma', 'karthikeyanr482', 'yashkale2626', 'dhruv.ganatra', 'bhargavi1922007']",1,[None],216,"['srutim18', 'noahmanu', 'meghanalakshmi', 'saurabhsingh1', 'anumita89', 'snehaadak', 'rahul9232singh', 'joana1', 'alexmet', 'vijayram.p', 'beerukuriabhinay', 'akshaybraj20', '184005sasi', 'sumajit', 'ashutosh1218', 'knrs.akash', 'siddharthghankot2003', 'sakshi.shah4', 'gunjanshekhar', 'pratikingle15', 'rithihasroshan', 'shailendramaurya', 'vnskunal', 'shubham1401', 'barathbommadi', 'ashutoshnaik', 'snehithreddy96', 'kugapria', 'ayushgupta7079', 'vapande3006', 'amitshahu009', 'naaufal95', 'meghanalakshmi25', 'subodhkumar', 'smita.nayak', 'yki', 'esvuor1', 'playcricket01', 'shah.di', 'nilaksh', 'himadribhakta', 'rishabh.cj', 'debanu', 'sandhyayadav', 'bideshmahataiitkgp', 'nandhini9350', 'vidhi.gohel', 'shireesha1412', 'ushasi', 'saikadagala2001', 'krishnchate121', 'tarun20092002', 'priyanshugautam1923', 'shruti.kamat', 'aryansatpathy', 'phinehas27', 'dhruvrathi04', 'ryan3141', 'avi.amalanshu', 'reeteswar48', 'shruti1710', 'sanjeevraj.ganji', 'goodboi', 'siddharthakuchibhotla', 'shashikantbagade', 'vdixit', 'rajlk1021', 'soumyadeepghosh', 'ruthvilohar', 'piyushpandey', 'siddardha', 'rakshit.singhal303', 'ats_20ec10016', 'ajinkya009', 'omkar.bhoite', 'www.jefayush', 'padiya2407', 'ebrahim.kaeed', 'vidushiagarwal232', 'sampurnamandal04', 'krishnachavan706', 'karmakarshrija', 'suryakantabeheraiitkgp', 'arnavaryaman', 'sauravdeshmukh678', 'sreeshanth123', 'sathviknallapuri2003', 'dipak', 'pravsman111', None, 'vpb', 'akash8006', 'anuvrat.m', 'yashas_more', 'vikranthintha', 'sai0922', 'thiagocgasp', 'kumarsubodh987321', 'dharmil17', 'rahulkr2038', 'ananya', 'rkkashyap3', 'cnrrao123', 'sheshank.shaswat1111', 'ajeet069', 'srivarshini_killada', 'kshitijgaikwad', 'nimishmalik', 'nitinteja27', 'deepakvishvkarma', 'aj_ay', 'tusharkmr15', 'e.bhinderwala', 'narendra248', 'gayatrideoghare', 'navyamalempati', 'rohith_raj', 'rajdeep_maji', 'vardhan1234', 'hitarth.doshi', 'varunchoudhary', 'arjit_2002', 'srijan279', 'datta.arkaprava56', 'sharmamanav34568', 'hemkar', 'darsh.parmar', 'naufal.nm', 'nishadkolheict', 'vdagar22', 'mahendra84', 'gidugusrikar0912', 'sukrut.kolhe', 'jesalpurakishaniit', 'devchaudhari12', 'anuraglakra', 'sanj', 'dineshyelleti', 'arjunmahanty', 'ghouse12.smd', 'guru.b.bhavi', 'skam9076', 'raysourish', 'arman0320', 'aniket.ubhare', 'jainam13', 'jeswanth.doppalapudi', 'divyanshraghuwanshi', 'sap3', 'gauravbarhoniya22', 'azadkumar1721', 'shanu.kadam007', 'pritam_das', 'rviswanadhapalli', 'ankita1207', 'akshata.barne', 'pranavsachdeva2002', 'rpatil14', 'manunoah', 'j.parab', 'mihir3008', 'palamit2529', 'agnibha.sinha26', 'prakharm66', 'sraavya.uppala', 'adyakoppisetti', 'rajesh1529', 'solus', 'kaushal010', 'shrutisharma', 'agrawalyash093', 'yasaswinee2003', 'prasadbhoir103', 'nimisha.chauhan', 'ag626', 'janup8689', 'c.phadtare', 'sricharan', 'bharathranga3', 'rutujgharat', 'vedant_gulve', 'tejeshbellam2002', 'gani106', 'shreyas.sj', 'somyagupta', 'vaibhavnano01', 'marioxpeach', 'harshi', 'sampurna101', 'piyushps2235', 'ashvineedeo', 'kushmundra', 'sarweshrockz', 'dhruvg385', 'akepatisreeja369', 'shanmukh09', 'ramesh9', 'ayush331', 'omkar26', 'vijaymohan4033', 'tusharkanwaria', 'dolyfish', 'aniket.mps', 'anurakt', 'bhargavan619', 's.srinivasan', 'saikalyan2002', 'vikranth', 'absolus', 'swarangee.m', 'darpanaswal', 'prathameshma', 'karthikeyanr482', 'yashkale2626', 'dhruv.ganatra', 'bhargavi1922007']"
3,57,216,6,2,"['sandhyayadav', 'ruthvilohar']",213,"['srutim18', 'noahmanu', 'meghanalakshmi', 'saurabhsingh1', 'anumita89', 'snehaadak', 'rahul9232singh', 'joana1', 'alexmet', 'vijayram.p', 'beerukuriabhinay', 'akshaybraj20', '184005sasi', 'sumajit', 'ashutosh1218', 'knrs.akash', 'siddharthghankot2003', 'sakshi.shah4', 'gunjanshekhar', 'pratikingle15', 'rithihasroshan', 'shailendramaurya', 'vnskunal', 'shubham1401', 'barathbommadi', 'ashutoshnaik', 'snehithreddy96', 'kugapria', 'ayushgupta7079', 'vapande3006', 'amitshahu009', 'naaufal95', 'meghanalakshmi25', 'subodhkumar', 'smita.nayak', 'yki', 'esvuor1', 'playcricket01', 'shah.di', 'nilaksh', 'himadribhakta', 'rishabh.cj', 'debanu', 'bideshmahataiitkgp', 'nandhini9350', 'vidhi.gohel', 'shireesha1412', 'ushasi', 'saikadagala2001', 'krishnchate121', 'tarun20092002', 'priyanshugautam1923', 'shruti.kamat', 'aryansatpathy', 'phinehas27', 'dhruvrathi04', 'ryan3141', 'avi.amalanshu', 'reeteswar48', 'shruti1710', 'sanjeevraj.ganji', 'goodboi', 'siddharthakuchibhotla', 'shashikantbagade', 'vdixit', 'rajlk1021', 'soumyadeepghosh', 'piyushpandey', 'siddardha', 'rakshit.singhal303', 'ats_20ec10016', 'ajinkya009', 'omkar.bhoite', 'www.jefayush', 'padiya2407', 'ebrahim.kaeed', 'vidushiagarwal232', 'sampurnamandal04', 'krishnachavan706', 'karmakarshrija', 'suryakantabeheraiitkgp', 'arnavaryaman', 'sauravdeshmukh678', 'sreeshanth123', 'sathviknallapuri2003', 'dipak', 'pravsman111', 'vpb', 'akash8006', 'anuvrat.m', 'yashas_more', 'vikranthintha', 'sai0922', 'thiagocgasp', 'kumarsubodh987321', 'dharmil17', 'rahulkr2038', 'ananya', 'rkkashyap3', 'cnrrao123', 'sheshank.shaswat1111', 'ajeet069', 'srivarshini_killada', 'kshitijgaikwad', 'nimishmalik', 'nitinteja27', 'deepakvishvkarma', 'aj_ay', 'tusharkmr15', 'e.bhinderwala', 'narendra248', 'gayatrideoghare', 'navyamalempati', 'rohith_raj', 'rajdeep_maji', 'vardhan1234', 'hitarth.doshi', 'varunchoudhary', 'arjit_2002', 'srijan279', 'datta.arkaprava56', 'sharmamanav34568', 'hemkar', 'darsh.parmar', 'naufal.nm', 'nishadkolheict', 'vdagar22', 'mahendra84', 'gidugusrikar0912', 'sukrut.kolhe', 'jesalpurakishaniit', 'devchaudhari12', 'anuraglakra', 'sanj', 'dineshyelleti', 'arjunmahanty', 'ghouse12.smd', 'guru.b.bhavi', 'skam9076', 'raysourish', 'arman0320', 'aniket.ubhare', 'jainam13', 'jeswanth.doppalapudi', 'divyanshraghuwanshi', 'sap3', 'gauravbarhoniya22', 'azadkumar1721', 'shanu.kadam007', 'pritam_das', 'rviswanadhapalli', 'ankita1207', 'akshata.barne', 'pranavsachdeva2002', 'rpatil14', 'manunoah', 'j.parab', 'mihir3008', 'palamit2529', 'agnibha.sinha26', 'prakharm66', 'sraavya.uppala', 'adyakoppisetti', 'rajesh1529', 'solus', 'kaushal010', 'shrutisharma', 'agrawalyash093', 'yasaswinee2003', 'prasadbhoir103', 'nimisha.chauhan', 'ag626', 'janup8689', 'c.phadtare', 'sricharan', 'bharathranga3', 'rutujgharat', 'vedant_gulve', 'tejeshbellam2002', 'gani106', 'shreyas.sj', 'somyagupta', 'vaibhavnano01', 'marioxpeach', 'harshi', 'sampurna101', 'piyushps2235', 'ashvineedeo', 'kushmundra', 'sarweshrockz', 'dhruvg385', 'akepatisreeja369', 'shanmukh09', 'ramesh9', 'ayush331', 'omkar26', 'vijaymohan4033', 'tusharkanwaria', 'dolyfish', 'aniket.mps', 'anurakt', 'bhargavan619', 's.srinivasan', 'saikalyan2002', 'vikranth', 'absolus', 'swarangee.m', 'darpanaswal', 'prathameshma', 'karthikeyanr482', 'yashkale2626', 'dhruv.ganatra', 'bhargavi1922007']",4,"[None, 'ckamal1842', 'harshinibarapatre', 'gsec21201']",219,"['srutim18', 'noahmanu', 'meghanalakshmi', 'saurabhsingh1', 'anumita89', 'snehaadak', 'rahul9232singh', 'joana1', 'alexmet', 'vijayram.p', 'beerukuriabhinay', 'akshaybraj20', '184005sasi', 'sumajit', 'ashutosh1218', 'knrs.akash', 'siddharthghankot2003', 'sakshi.shah4', 'gunjanshekhar', 'pratikingle15', 'rithihasroshan', 'shailendramaurya', 'vnskunal', 'shubham1401', 'barathbommadi', 'ashutoshnaik', 'snehithreddy96', 'kugapria', 'ayushgupta7079', 'vapande3006', 'amitshahu009', 'naaufal95', 'meghanalakshmi25', 'subodhkumar', 'smita.nayak', 'yki', 'esvuor1', 'playcricket01', 'shah.di', 'nilaksh', 'himadribhakta', 'rishabh.cj', 'harshinibarapatre', 'debanu', 'sandhyayadav', 'bideshmahataiitkgp', 'nandhini9350', 'vidhi.gohel', 'shireesha1412', 'ushasi', 'saikadagala2001', 'krishnchate121', 'tarun20092002', 'priyanshugautam1923', 'shruti.kamat', 'aryansatpathy', 'phinehas27', 'dhruvrathi04', 'ryan3141', 'avi.amalanshu', 'reeteswar48', 'shruti1710', 'sanjeevraj.ganji', 'goodboi', 'siddharthakuchibhotla', 'shashikantbagade', 'vdixit', 'rajlk1021', 'soumyadeepghosh', 'ruthvilohar', 'piyushpandey', 'siddardha', 'rakshit.singhal303', 'ats_20ec10016', 'ajinkya009', 'omkar.bhoite', 'www.jefayush', 'padiya2407', 'ebrahim.kaeed', 'vidushiagarwal232', 'sampurnamandal04', 'krishnachavan706', 'karmakarshrija', 'suryakantabeheraiitkgp', 'arnavaryaman', 'sauravdeshmukh678', 'sreeshanth123', 'sathviknallapuri2003', 'dipak', 'pravsman111', None, 'vpb', 'akash8006', 'anuvrat.m', 'yashas_more', 'vikranthintha', 'sai0922', 'thiagocgasp', 'kumarsubodh987321', 'dharmil17', 'rahulkr2038', 'ananya', 'rkkashyap3', 'cnrrao123', 'sheshank.shaswat1111', 'ajeet069', 'srivarshini_killada', 'kshitijgaikwad', 'nimishmalik', 'nitinteja27', 'deepakvishvkarma', 'aj_ay', 'tusharkmr15', 'e.bhinderwala', 'narendra248', 'gayatrideoghare', 'navyamalempati', 'rohith_raj', 'rajdeep_maji', 'vardhan1234', 'hitarth.doshi', 'varunchoudhary', 'arjit_2002', 'srijan279', 'datta.arkaprava56', 'sharmamanav34568', 'hemkar', 'darsh.parmar', 'naufal.nm', 'nishadkolheict', 'vdagar22', 'mahendra84', 'gidugusrikar0912', 'sukrut.kolhe', 'jesalpurakishaniit', 'devchaudhari12', 'anuraglakra', 'sanj', 'dineshyelleti', 'arjunmahanty', 'ghouse12.smd', 'guru.b.bhavi', 'skam9076', 'raysourish', 'arman0320', 'aniket.ubhare', 'jainam13', 'jeswanth.doppalapudi', 'divyanshraghuwanshi', 'sap3', 'gauravbarhoniya22', 'azadkumar1721', 'shanu.kadam007', 'pritam_das', 'rviswanadhapalli', 'ankita1207', 'akshata.barne', 'pranavsachdeva2002', 'rpatil14', 'manunoah', 'j.parab', 'mihir3008', 'palamit2529', 'agnibha.sinha26', 'prakharm66', 'sraavya.uppala', 'adyakoppisetti', 'rajesh1529', 'solus', 'kaushal010', 'shrutisharma', 'agrawalyash093', 'yasaswinee2003', 'prasadbhoir103', 'nimisha.chauhan', 'ag626', 'gsec21201', 'janup8689', 'c.phadtare', 'sricharan', 'bharathranga3', 'rutujgharat', 'vedant_gulve', 'tejeshbellam2002', 'gani106', 'shreyas.sj', 'somyagupta', 'vaibhavnano01', 'marioxpeach', 'harshi', 'sampurna101', 'piyushps2235', 'ashvineedeo', 'ckamal1842', 'kushmundra', 'sarweshrockz', 'dhruvg385', 'akepatisreeja369', 'shanmukh09', 'ramesh9', 'ayush331', 'omkar26', 'vijaymohan4033', 'tusharkanwaria', 'dolyfish', 'aniket.mps', 'anurakt', 'bhargavan619', 's.srinivasan', 'saikalyan2002', 'vikranth', 'absolus', 'swarangee.m', 'darpanaswal', 'prathameshma', 'karthikeyanr482', 'yashkale2626', 'dhruv.ganatra', 'bhargavi1922007']"
3,273,216,6,5,"['krishnachavan706', 'nishadkolheict', 'vapande3006', 'devchaudhari12', 'ajinkya009']",210,"['srutim18', 'noahmanu', 'meghanalakshmi', 'saurabhsingh1', 'anumita89', 'snehaadak', 'rahul9232singh', 'joana1', 'alexmet', 'vijayram.p', 'beerukuriabhinay', 'akshaybraj20', '184005sasi', 'sumajit', 'ashutosh1218', 'knrs.akash', 'siddharthghankot2003', 'sakshi.shah4', 'gunjanshekhar', 'pratikingle15', 'rithihasroshan', 'shailendramaurya', 'vnskunal', 'shubham1401', 'barathbommadi', 'ashutoshnaik', 'snehithreddy96', 'kugapria', 'ayushgupta7079', 'amitshahu009', 'naaufal95', 'meghanalakshmi25', 'subodhkumar', 'smita.nayak', 'yki', 'esvuor1', 'playcricket01', 'shah.di', 'nilaksh', 'himadribhakta', 'rishabh.cj', 'debanu', 'sandhyayadav', 'bideshmahataiitkgp', 'nandhini9350', 'vidhi.gohel', 'shireesha1412', 'ushasi', 'saikadagala2001', 'krishnchate121', 'tarun20092002', 'priyanshugautam1923', 'shruti.kamat', 'aryansatpathy', 'phinehas27', 'dhruvrathi04', 'ryan3141', 'avi.amalanshu', 'reeteswar48', 'shruti1710', 'sanjeevraj.ganji', 'goodboi', 'siddharthakuchibhotla', 'shashikantbagade', 'vdixit', 'rajlk1021', 'soumyadeepghosh', 'ruthvilohar', 'piyushpandey', 'siddardha', 'rakshit.singhal303', 'ats_20ec10016', 'omkar.bhoite', 'www.jefayush', 'padiya2407', 'ebrahim.kaeed', 'vidushiagarwal232', 'sampurnamandal04', 'karmakarshrija', 'suryakantabeheraiitkgp', 'arnavaryaman', 'sauravdeshmukh678', 'sreeshanth123', 'sathviknallapuri2003', 'dipak', 'pravsman111', 'vpb', 'akash8006', 'anuvrat.m', 'yashas_more', 'vikranthintha', 'sai0922', 'thiagocgasp', 'kumarsubodh987321', 'dharmil17', 'rahulkr2038', 'ananya', 'rkkashyap3', 'cnrrao123', 'sheshank.shaswat1111', 'ajeet069', 'srivarshini_killada', 'kshitijgaikwad', 'nimishmalik', 'nitinteja27', 'deepakvishvkarma', 'aj_ay', 'tusharkmr15', 'e.bhinderwala', 'narendra248', 'gayatrideoghare', 'navyamalempati', 'rohith_raj', 'rajdeep_maji', 'vardhan1234', 'hitarth.doshi', 'varunchoudhary', 'arjit_2002', 'srijan279', 'datta.arkaprava56', 'sharmamanav34568', 'hemkar', 'darsh.parmar', 'naufal.nm', 'vdagar22', 'mahendra84', 'gidugusrikar0912', 'sukrut.kolhe', 'jesalpurakishaniit', 'anuraglakra', 'sanj', 'dineshyelleti', 'arjunmahanty', 'ghouse12.smd', 'guru.b.bhavi', 'skam9076', 'raysourish', 'arman0320', 'aniket.ubhare', 'jainam13', 'jeswanth.doppalapudi', 'divyanshraghuwanshi', 'sap3', 'gauravbarhoniya22', 'azadkumar1721', 'shanu.kadam007', 'pritam_das', 'rviswanadhapalli', 'ankita1207', 'akshata.barne', 'pranavsachdeva2002', 'rpatil14', 'manunoah', 'j.parab', 'mihir3008', 'palamit2529', 'agnibha.sinha26', 'prakharm66', 'sraavya.uppala', 'adyakoppisetti', 'rajesh1529', 'solus', 'kaushal010', 'shrutisharma', 'agrawalyash093', 'yasaswinee2003', 'prasadbhoir103', 'nimisha.chauhan', 'ag626', 'janup8689', 'c.phadtare', 'sricharan', 'bharathranga3', 'rutujgharat', 'vedant_gulve', 'tejeshbellam2002', 'gani106', 'shreyas.sj', 'somyagupta', 'vaibhavnano01', 'marioxpeach', 'harshi', 'sampurna101', 'piyushps2235', 'ashvineedeo', 'kushmundra', 'sarweshrockz', 'dhruvg385', 'akepatisreeja369', 'shanmukh09', 'ramesh9', 'ayush331', 'omkar26', 'vijaymohan4033', 'tusharkanwaria', 'dolyfish', 'aniket.mps', 'anurakt', 'bhargavan619', 's.srinivasan', 'saikalyan2002', 'vikranth', 'absolus', 'swarangee.m', 'darpanaswal', 'prathameshma', 'karthikeyanr482', 'yashkale2626', 'dhruv.ganatra', 'bhargavi1922007']",1,[None],216,"['srutim18', 'noahmanu', 'meghanalakshmi', 'saurabhsingh1', 'anumita89', 'snehaadak', 'rahul9232singh', 'joana1', 'alexmet', 'vijayram.p', 'beerukuriabhinay', 'akshaybraj20', '184005sasi', 'sumajit', 'ashutosh1218', 'knrs.akash', 'siddharthghankot2003', 'sakshi.shah4', 'gunjanshekhar', 'pratikingle15', 'rithihasroshan', 'shailendramaurya', 'vnskunal', 'shubham1401', 'barathbommadi', 'ashutoshnaik', 'snehithreddy96', 'kugapria', 'ayushgupta7079', 'vapande3006', 'amitshahu009', 'naaufal95', 'meghanalakshmi25', 'subodhkumar', 'smita.nayak', 'yki', 'esvuor1', 'playcricket01', 'shah.di', 'nilaksh', 'himadribhakta', 'rishabh.cj', 'debanu', 'sandhyayadav', 'bideshmahataiitkgp', 'nandhini9350', 'vidhi.gohel', 'shireesha1412', 'ushasi', 'saikadagala2001', 'krishnchate121', 'tarun20092002', 'priyanshugautam1923', 'shruti.kamat', 'aryansatpathy', 'phinehas27', 'dhruvrathi04', 'ryan3141', 'avi.amalanshu', 'reeteswar48', 'shruti1710', 'sanjeevraj.ganji', 'goodboi', 'siddharthakuchibhotla', 'shashikantbagade', 'vdixit', 'rajlk1021', 'soumyadeepghosh', 'ruthvilohar', 'piyushpandey', 'siddardha', 'rakshit.singhal303', 'ats_20ec10016', 'ajinkya009', 'omkar.bhoite', 'www.jefayush', 'padiya2407', 'ebrahim.kaeed', 'vidushiagarwal232', 'sampurnamandal04', 'krishnachavan706', 'karmakarshrija', 'suryakantabeheraiitkgp', 'arnavaryaman', 'sauravdeshmukh678', 'sreeshanth123', 'sathviknallapuri2003', 'dipak', 'pravsman111', None, 'vpb', 'akash8006', 'anuvrat.m', 'yashas_more', 'vikranthintha', 'sai0922', 'thiagocgasp', 'kumarsubodh987321', 'dharmil17', 'rahulkr2038', 'ananya', 'rkkashyap3', 'cnrrao123', 'sheshank.shaswat1111', 'ajeet069', 'srivarshini_killada', 'kshitijgaikwad', 'nimishmalik', 'nitinteja27', 'deepakvishvkarma', 'aj_ay', 'tusharkmr15', 'e.bhinderwala', 'narendra248', 'gayatrideoghare', 'navyamalempati', 'rohith_raj', 'rajdeep_maji', 'vardhan1234', 'hitarth.doshi', 'varunchoudhary', 'arjit_2002', 'srijan279', 'datta.arkaprava56', 'sharmamanav34568', 'hemkar', 'darsh.parmar', 'naufal.nm', 'nishadkolheict', 'vdagar22', 'mahendra84', 'gidugusrikar0912', 'sukrut.kolhe', 'jesalpurakishaniit', 'devchaudhari12', 'anuraglakra', 'sanj', 'dineshyelleti', 'arjunmahanty', 'ghouse12.smd', 'guru.b.bhavi', 'skam9076', 'raysourish', 'arman0320', 'aniket.ubhare', 'jainam13', 'jeswanth.doppalapudi', 'divyanshraghuwanshi', 'sap3', 'gauravbarhoniya22', 'azadkumar1721', 'shanu.kadam007', 'pritam_das', 'rviswanadhapalli', 'ankita1207', 'akshata.barne', 'pranavsachdeva2002', 'rpatil14', 'manunoah', 'j.parab', 'mihir3008', 'palamit2529', 'agnibha.sinha26', 'prakharm66', 'sraavya.uppala', 'adyakoppisetti', 'rajesh1529', 'solus', 'kaushal010', 'shrutisharma', 'agrawalyash093', 'yasaswinee2003', 'prasadbhoir103', 'nimisha.chauhan', 'ag626', 'janup8689', 'c.phadtare', 'sricharan', 'bharathranga3', 'rutujgharat', 'vedant_gulve', 'tejeshbellam2002', 'gani106', 'shreyas.sj', 'somyagupta', 'vaibhavnano01', 'marioxpeach', 'harshi', 'sampurna101', 'piyushps2235', 'ashvineedeo', 'kushmundra', 'sarweshrockz', 'dhruvg385', 'akepatisreeja369', 'shanmukh09', 'ramesh9', 'ayush331', 'omkar26', 'vijaymohan4033', 'tusharkanwaria', 'dolyfish', 'aniket.mps', 'anurakt', 'bhargavan619', 's.srinivasan', 'saikalyan2002', 'vikranth', 'absolus', 'swarangee.m', 'darpanaswal', 'prathameshma', 'karthikeyanr482', 'yashkale2626', 'dhruv.ganatra', 'bhargavi1922007']"
4,30,151,219,4,"['sgu20191462', 'khw971011', 'sgu20171593', 'sgu20161519']",146,"['dasarijay123987', 'ngkin', 'abdullahhadi', 'katna_naveen', 'rjfaysal29', 'sgu20171490', 'heng96', 'sayon12345', 'mingyi', 'ayu023ban', 'puiyenlpy', 'satya1719', 'rohith_y', 'adibmd', 'shivam_2111', 'tanyarampal09', 'docgar99', 'yj_choi', 'trwo6418', 'simonkoaykl', 'ritu2021', 'navtej16', 'kavyakuryguntla1', 'yang31', 'adityarajsinghgour17', 'roni1234', 'kyounggun97', 'scanlin2000', 'manav_s', 'boon97', 'bhoomikatanikonda', 'amiteshmagar', 'jihyeonlee', 'shashwat_g', 'sahanaatnoor64', 'kevin990527', 'cheongzhengquan', 'tanyuxuan22481', 'jahinahnaf98', 'superlin93', 'dipankar', 'rochak_r', 'gautambafna', 'sagnik__m', 'vamsichandra', 'sparsh_a', 'aryan_b', 'shiva19116084', 'yuanjie96', 'rudraksh_aggarwal', 'surendra_pobbati', 'harshvardhan1436', 'ankit2010', 'hong97', 'v_rushikesh', 'anurag_p', 'medasani_v', 'sgu20171569', 'zanhuuu', 'edostie', 'estebanzamora', 'ritwij_raghuvanshi', 'sohaira114', 'rogertronchete', 'liberty1341', 'seen', 'lakshya_t', 'll.dorado', 'rohit_k', 'yashjain5', 'gopalgupta8216', 'ashii7586', 'janson1229', 'vaibhav_a', 'celia.orbl', 'gyanv', 'kunal_d', 'jdyaz2000', 'visheshc38', 'sainadh_60', 'mitanshu_g', 'thuan_truong', 'arushsharma24', 'mapo3676', 'garvit_a', 'vandhalkar1508', 'rezaulislam777.bpsc', 'saad012', 'yash_r', 'spandan_g', 'shlok_g', 'mariomerino2000', 'suyash_jain_', 'daau5574', 'burnerlee', 'haley.nicool', 'kavehei', 'anirudh_k', 'hasanhabib16', 'reza001', 'jthastings', 'celia.ob', 'darshita_b', 'nitika_gupta', 'shreyank_b', 'maxwong', 'sagarwal08', 'rlopezb.rl', 'nischay', 'byayp72', 'mafruza', 'kundhana', 'sgu20161217', 'lavender9946', 'sgu20171552', 'vishu_saxena', 'yashvardhan_nehra', 'thaumaterge', 'nanoh72', 'dhillondheeraj84', 'dicef', 'qingchuanwu', 'huiying03072', 'kannoujiya432', 'luvyanagpal2001', 'gcqian96', 'jaswanth21', 'shivansh_b', 'saksham_g', 'ritik_raj71', 'capriciousrebel', 'ak3866', 'hardik_r', 'sgu20161497', 'johnsmith0081', 'ujjwalchitransh4384', 'doppler', 'rahul20150133775', 'prajit_k', 'sgu20161860', 'lee1341', 'viale003', 'kinjolbarua95', 'deepanshu', 'jzchan', 'pallavi01']",215,"['sgu20171541', 'beoungwoo', 'aatony', 'sgu20191457', 'sgu20191451', 'sgu20171492', 'sgu20161553', 'ilkwang', 'sgu20171556', 'sgu20191490', 'sgu20201443', 'sgu20191469', 'songhobin', 'sgu20171502', 'sgu20191494', 'tmdgus4284', 'b715112', 'jskim159', 'pky2237', 'sgu20161455', 'sgu20151313', 'sgu20171594', 'b735544', 'ml935450', 'sgu20161460', 'sgu20201465', 'sgu20171523', 'sgu20151447', 'jjh684212', 'sgu20151482', 'goodjh120', 'sgu20181503', 'wutdreheram0905', 'yjiwan0913', 'sgu20171497', 'sgu20171501', 'mw1155000', 'sgu20192127', 'sgu20171557', 'sgu20171584', 'wjdrms9897', 'sgu20201507', 'sgu20171535', 'sgu20171579', 'ascendtobe', 'sgu20171582', 'sgu20192007', 'wodbs', 'sgu20171524', 'sgu20171513', 'kimjaewook5834', 'onion1228', 'sgu20171503', 'geunwonjeong', 'sasso47523', 'pij33278', 'hck23', 'sgu20191509', 'sgu20171546', 'dlstn3460', 'junn9916', 'sgu20181487', 'sgu20170241', 'dlsrb0521', 'spaget23', 'sgu20161489', 'jaeyun0709', 'sgu20171570', 'qkrrjsxor12', 'sgu20181499', 'daniel223977', 'sgu20181521', 'sgu20161547', 'taegun', 'sgu20141431', 'sgu20191492', 'sgu20201527', 'sgu20171341', 'sgu20201433', 'mingee0740', 'chj20151375', 'sgu20181333', 'sgu20161481', 'sgu20181515', 'yoodabin', None, 'sgu20181509', 'sgu20171585', 'mingi1226', 'sgu20171335', 'sgu20161475', 'b815018', 'wolol005', 'sgu20181513', 'sgu20171583', 'sgu20191305', 'sgu20161537', 'halynyu', 'sgu20171517', 'sgu20181523', 'sgu20171510', 'leejongmin', 'sgu20191489', 'wlsdn0820', 'sgu20201501', 'sgu20161513', 'chojunhee', 'sgu20181479', 'qudgur96', 'sgu20171499', 'sgu20161526', 'sgu20171512', 'jihyun', 'sgu20161486', 'joy34box', 'sgu20171549', 'sgu20161454', 'poby', 'mindk24', 'aksmf98', 'sgu20171350', 'dlrbgur008', 'sgu20171567', 'sgu20201497', 'sgu20181583', 'bigwishwing', 'omeg_on', 'sgu20182197', 'sgu20181489', 'sgu20191543', 'sgu20181511', 'yoona8', 'sgu20151202', 'sgu20161518', 'parkinsu', 'sgu20201475', 'bingsoo', 'sgu20191523', 'sgu20171911', 'sgu20181579', 'kimjaeho608', 'duonduon', 'b815180', 'tntjd3007', 'sgu20181480', 'minsuk', 'sgu20171533', 'sgu20151421', 'sgu20171544', 'b715052', 'sgu20171521', 'sgu20171339', 'sgu20191333', 'homme0214', 'sgu20171536', 'kimdc0134', 'taehojung', 'sgu20171548', 'sgu20201533', 'sgu20201531', 'minyeong', 'ittopsk', 'hcha71', 'sgu20191487', 'sgu20191453', 'ktj061860', 'sgu20171564', 'sgu20171525', 'sgu20171553', 'sgu20181535', 'sgu20161551', 'sgu20201459', 'tkdgjs68', 'ktj08310806', 'sgu20201511', 'sgu20191385', 'sgu20171530', 'sgu20171551', 'sgu20191455', 'rudtjr987', 'sgu20171597', 'sgu20171575', 'sgu20191461', 'sanghoon21547', 'sgu20171560', 'sgu20192113', 'hyeonho', 'jonnyi961', 'sgu20201479', 'sgu20171897', 'buggyjuggy', 'thjung', 'a01088393779', 'bswbsj18', 'seunghun4757', 'sgu20181357', 'vyg1014', 'sgu20181557', 'kyj0603', 'tomas9159', 'sgu20171516', 'sgu20141341', 'sgu20161997', 'jihongkim', 'xconanx98', 'sgu20171506', 'sgu20201521', 'seokkyu', 'sgu20201463', 'sgu20171576', 'sgu20171843', 'zneet456', 'sgu20171534', 'buggyjuggy97', 'skdywaw1']",365,"['sgu20171541', 'khw971011', 'dasarijay123987', 'beoungwoo', 'ngkin', 'katna_naveen', 'rjfaysal29', 'sgu20191457', 'sgu20191451', 'ilkwang', 'sgu20171492', 'sgu20161553', 'mingyi', 'sgu20191469', 'songhobin', 'puiyenlpy', 'shivam_2111', 'rohith_y', 'adibmd', 'sgu20171502', 'docgar99', 'yj_choi', 'sgu20191494', 'pky2237', 'simonkoaykl', 'sgu20161460', 'sgu20161519', 'b735544', 'ml935450', 'yang31', 'adityarajsinghgour17', 'roni1234', 'sgu20171523', 'jjh684212', 'sgu20151482', 'wutdreheram0905', 'amiteshmagar', 'sgu20171497', 'sgu20171501', 'jihyeonlee', 'sgu20192127', 'kevin990527', 'sgu20171557', 'jahinahnaf98', 'superlin93', 'sgu20171579', 'gautambafna', 'sagnik__m', 'ascendtobe', 'sgu20171582', 'sgu20192007', 'sgu20171524', 'sgu20171513', 'sparsh_a', 'aryan_b', 'sgu20171503', 'geunwonjeong', 'rudraksh_aggarwal', 'hck23', 'sgu20191509', 'surendra_pobbati', 'ankit2010', 'v_rushikesh', 'sgu20171546', 'medasani_v', 'dlstn3460', 'sgu20171569', 'zanhuuu', 'edostie', 'ritwij_raghuvanshi', 'sohaira114', 'rogertronchete', 'dlsrb0521', 'sgu20161489', 'liberty1341', 'lakshya_t', 'rohit_k', 'll.dorado', 'yashjain5', 'gopalgupta8216', 'sgu20181521', 'taegun', 'sgu20141431', 'sgu20171341', 'sgu20181333', 'celia.orbl', 'kunal_d', 'jdyaz2000', 'sgu20181515', 'mitanshu_g', 'thuan_truong', 'arushsharma24', 'mapo3676', 'vandhalkar1508', 'sgu20181513', 'sgu20171583', 'mariomerino2000', 'sgu20191305', 'suyash_jain_', 'daau5574', 'halynyu', 'burnerlee', 'haley.nicool', 'sgu20171517', 'sgu20181523', 'sgu20171510', 'leejongmin', 'sgu20191489', 'wlsdn0820', 'sgu20201501', 'sgu20161513', 'hasanhabib16', 'sgu20161526', 'reza001', 'jihyun', 'celia.ob', 'mindk24', 'dlrbgur008', 'sgu20171567', 'sagarwal08', 'sgu20181583', 'bigwishwing', 'omeg_on', 'sgu20182197', 'yoona8', 'byayp72', 'sgu20161518', 'sgu20181579', 'sgu20171552', 'vishu_saxena', 'kimjaeho608', 'yashvardhan_nehra', 'tntjd3007', 'sgu20171533', 'nanoh72', 'dhillondheeraj84', 'sgu20171544', 'sgu20171521', 'sgu20171339', 'sgu20191333', 'taehojung', 'sgu20171548', 'sgu20201533', 'ittopsk', 'hcha71', 'kannoujiya432', 'sgu20191487', 'sgu20191453', 'ktj061860', 'sgu20171525', 'sgu20171553', 'sgu20201459', 'sgu20201511', 'sgu20191455', 'saksham_g', 'capriciousrebel', 'sgu20191461', 'sgu20171560', 'ak3866', 'hardik_r', 'sgu20161497', 'sgu20192113', 'hyeonho', 'doppler', 'buggyjuggy', 'a01088393779', 'rahul20150133775', 'bswbsj18', 'seunghun4757', 'sgu20181557', 'tomas9159', 'prajit_k', 'sgu20161860', 'sgu20171516', 'sgu20141341', 'sgu20161997', 'kinjolbarua95', 'jzchan', 'pallavi01', 'sgu20171506', 'sgu20201521', 'sgu20171843', 'sgu20171534', 'buggyjuggy97', 'sgu20181489', 'aatony', 'abdullahhadi', 'sgu20171490', 'heng96', 'sayon12345', 'sgu20171556', 'sgu20191490', 'sgu20201443', 'ayu023ban', 'satya1719', 'tanyarampal09', 'tmdgus4284', 'b715112', 'trwo6418', 'jskim159', 'sgu20161455', 'sgu20151313', 'ritu2021', 'sgu20171594', 'navtej16', 'kavyakuryguntla1', 'sgu20201465', 'kyounggun97', 'sgu20151447', 'goodjh120', 'scanlin2000', 'manav_s', 'boon97', 'sgu20181503', 'yjiwan0913', 'bhoomikatanikonda', 'mw1155000', 'shashwat_g', 'sahanaatnoor64', 'cheongzhengquan', 'sgu20171584', 'wjdrms9897', 'tanyuxuan22481', 'sgu20201507', 'sgu20171535', 'dipankar', 'rochak_r', 'wodbs', 'vamsichandra', 'onion1228', 'kimjaewook5834', 'shiva19116084', 'yuanjie96', 'sasso47523', 'pij33278', 'harshvardhan1436', 'anurag_p', 'hong97', 'sgu20191462', 'junn9916', 'sgu20181487', 'sgu20170241', 'estebanzamora', 'spaget23', 'jaeyun0709', 'sgu20171570', 'qkrrjsxor12', 'seen', 'sgu20181499', 'daniel223977', 'sgu20161547', 'sgu20191492', 'sgu20201527', 'ashii7586', 'sgu20201433', 'mingee0740', 'chj20151375', 'janson1229', 'vaibhav_a', 'gyanv', 'sgu20161481', 'visheshc38', 'sainadh_60', 'yoodabin', None, 'sgu20181509', 'sgu20171585', 'garvit_a', 'saad012', 'rezaulislam777.bpsc', 'yash_r', 'mingi1226', 'spandan_g', 'shlok_g', 'sgu20171335', 'sgu20161475', 'b815018', 'wolol005', 'sgu20161537', 'kavehei', 'chojunhee', 'anirudh_k', 'sgu20181479', 'qudgur96', 'sgu20171499', 'sgu20171512', 'jthastings', 'sgu20161486', 'joy34box', 'sgu20171549', 'sgu20161454', 'poby', 'darshita_b', 'nitika_gupta', 'shreyank_b', 'aksmf98', 'maxwong', 'sgu20171350', 'sgu20201497', 'rlopezb.rl', 'nischay', 'sgu20191543', 'sgu20181511', 'sgu20151202', 'mafruza', 'sgu20201475', 'kundhana', 'sgu20161217', 'bingsoo', 'sgu20191523', 'lavender9946', 'sgu20171911', 'duonduon', 'b815180', 'sgu20181480', 'minsuk', 'thaumaterge', 'sgu20151421', 'b715052', 'dicef', 'homme0214', 'sgu20171536', 'qingchuanwu', 'kimdc0134', 'huiying03072', 'sgu20201531', 'minyeong', 'luvyanagpal2001', 'gcqian96', 'jaswanth21', 'shivansh_b', 'sgu20171564', 'sgu20181535', 'sgu20161551', 'tkdgjs68', 'ktj08310806', 'sgu20171530', 'sgu20191385', 'sgu20171551', 'rudtjr987', 'ritik_raj71', 'sgu20171597', 'sgu20171575', 'sanghoon21547', 'johnsmith0081', 'ujjwalchitransh4384', 'jonnyi961', 'sgu20201479', 'sgu20171897', 'thjung', 'sgu20181357', 'vyg1014', 'sgu20171593', 'kyj0603', 'lee1341', 'viale003', 'jihongkim', 'deepanshu', 'xconanx98', 'seokkyu', 'sgu20201463', 'sgu20171576', 'zneet456', 'parkinsu', 'skdywaw1']"
4,302,151,35,32,"['dhillondheeraj84', 'dasarijay123987', 'aryan_b', 'burnerlee', 'gautambafna', 'luvyanagpal2001', 'jaswanth21', 'shivansh_b', 'surendra_pobbati', 'harshvardhan1436', 'ayu023ban', 'darshita_b', 'shreyank_b', 'saksham_g', 'ritik_raj71', 'capriciousrebel', 'lakshya_t', 'rohit_k', 'navtej16', 'sagarwal08', 'doppler', 'manav_s', 'kunal_d', 'bhoomikatanikonda', 'amiteshmagar', 'arushsharma24', 'shashwat_g', 'vandhalkar1508', 'spandan_g', 'yashvardhan_nehra', 'rochak_r', 'sagnik__m']",118,"['khw971011', 'ngkin', 'abdullahhadi', 'katna_naveen', 'rjfaysal29', 'sgu20171490', 'heng96', 'sayon12345', 'mingyi', 'puiyenlpy', 'satya1719', 'rohith_y', 'adibmd', 'shivam_2111', 'tanyarampal09', 'docgar99', 'yj_choi', 'trwo6418', 'simonkoaykl', 'sgu20161519', 'ritu2021', 'kavyakuryguntla1', 'yang31', 'adityarajsinghgour17', 'roni1234', 'kyounggun97', 'scanlin2000', 'boon97', 'jihyeonlee', 'sahanaatnoor64', 'kevin990527', 'cheongzhengquan', 'tanyuxuan22481', 'jahinahnaf98', 'superlin93', 'dipankar', 'vamsichandra', 'sparsh_a', 'shiva19116084', 'yuanjie96', 'rudraksh_aggarwal', 'ankit2010', 'hong97', 'v_rushikesh', 'anurag_p', 'medasani_v', 'sgu20191462', 'sgu20171569', 'zanhuuu', 'edostie', 'estebanzamora', 'ritwij_raghuvanshi', 'sohaira114', 'rogertronchete', 'liberty1341', 'seen', 'll.dorado', 'yashjain5', 'gopalgupta8216', 'ashii7586', 'janson1229', 'vaibhav_a', 'celia.orbl', 'gyanv', 'jdyaz2000', 'visheshc38', 'sainadh_60', 'mitanshu_g', 'thuan_truong', 'mapo3676', 'garvit_a', 'rezaulislam777.bpsc', 'saad012', 'yash_r', 'shlok_g', 'mariomerino2000', 'suyash_jain_', 'daau5574', 'haley.nicool', 'kavehei', 'anirudh_k', 'hasanhabib16', 'reza001', 'jthastings', 'celia.ob', 'nitika_gupta', 'maxwong', 'rlopezb.rl', 'nischay', 'byayp72', 'mafruza', 'kundhana', 'sgu20161217', 'lavender9946', 'sgu20171552', 'vishu_saxena', 'thaumaterge', 'nanoh72', 'dicef', 'qingchuanwu', 'huiying03072', 'kannoujiya432', 'gcqian96', 'ak3866', 'hardik_r', 'sgu20161497', 'johnsmith0081', 'ujjwalchitransh4384', 'rahul20150133775', 'sgu20171593', 'prajit_k', 'sgu20161860', 'lee1341', 'viale003', 'kinjolbarua95', 'deepanshu', 'jzchan', 'pallavi01']",3,"['tanmoyssd', None, 'pranav_g']",153,"['khw971011', 'dasarijay123987', 'ngkin', 'abdullahhadi', 'katna_naveen', 'rjfaysal29', 'sgu20171490', 'heng96', 'sayon12345', 'mingyi', 'ayu023ban', 'puiyenlpy', 'satya1719', 'rohith_y', 'adibmd', 'shivam_2111', 'tanyarampal09', 'docgar99', 'yj_choi', 'trwo6418', 'simonkoaykl', 'sgu20161519', 'ritu2021', 'navtej16', 'kavyakuryguntla1', 'yang31', 'adityarajsinghgour17', 'roni1234', 'kyounggun97', 'scanlin2000', 'manav_s', 'boon97', 'bhoomikatanikonda', 'amiteshmagar', 'jihyeonlee', 'shashwat_g', 'sahanaatnoor64', 'kevin990527', 'cheongzhengquan', 'tanyuxuan22481', 'jahinahnaf98', 'superlin93', 'gautambafna', 'dipankar', 'rochak_r', 'sagnik__m', 'vamsichandra', 'sparsh_a', 'aryan_b', 'shiva19116084', 'yuanjie96', 'rudraksh_aggarwal', 'tanmoyssd', 'surendra_pobbati', 'harshvardhan1436', 'ankit2010', 'hong97', 'v_rushikesh', 'anurag_p', 'medasani_v', 'sgu20191462', 'sgu20171569', 'zanhuuu', 'edostie', 'estebanzamora', 'ritwij_raghuvanshi', 'sohaira114', 'rogertronchete', 'liberty1341', 'seen', 'lakshya_t', 'll.dorado', 'rohit_k', 'yashjain5', 'gopalgupta8216', 'ashii7586', 'janson1229', 'vaibhav_a', 'celia.orbl', 'gyanv', 'kunal_d', 'jdyaz2000', 'visheshc38', 'sainadh_60', None, 'mitanshu_g', 'thuan_truong', 'arushsharma24', 'mapo3676', 'garvit_a', 'vandhalkar1508', 'rezaulislam777.bpsc', 'saad012', 'yash_r', 'spandan_g', 'shlok_g', 'mariomerino2000', 'suyash_jain_', 'daau5574', 'burnerlee', 'haley.nicool', 'kavehei', 'anirudh_k', 'hasanhabib16', 'reza001', 'jthastings', 'celia.ob', 'darshita_b', 'nitika_gupta', 'shreyank_b', 'maxwong', 'pranav_g', 'sagarwal08', 'rlopezb.rl', 'nischay', 'byayp72', 'mafruza', 'kundhana', 'sgu20161217', 'lavender9946', 'sgu20171552', 'vishu_saxena', 'yashvardhan_nehra', 'thaumaterge', 'nanoh72', 'dhillondheeraj84', 'dicef', 'qingchuanwu', 'huiying03072', 'kannoujiya432', 'luvyanagpal2001', 'gcqian96', 'jaswanth21', 'shivansh_b', 'saksham_g', 'ritik_raj71', 'capriciousrebel', 'ak3866', 'hardik_r', 'sgu20161497', 'johnsmith0081', 'ujjwalchitransh4384', 'doppler', 'rahul20150133775', 'sgu20171593', 'prajit_k', 'sgu20161860', 'lee1341', 'viale003', 'kinjolbarua95', 'deepanshu', 'jzchan', 'pallavi01']"
4,447,151,32,1,['ak3866'],149,"['khw971011', 'dasarijay123987', 'ngkin', 'abdullahhadi', 'katna_naveen', 'rjfaysal29', 'sgu20171490', 'heng96', 'sayon12345', 'mingyi', 'ayu023ban', 'puiyenlpy', 'satya1719', 'rohith_y', 'adibmd', 'shivam_2111', 'tanyarampal09', 'docgar99', 'yj_choi', 'trwo6418', 'simonkoaykl', 'sgu20161519', 'ritu2021', 'navtej16', 'kavyakuryguntla1', 'yang31', 'adityarajsinghgour17', 'roni1234', 'kyounggun97', 'scanlin2000', 'manav_s', 'boon97', 'bhoomikatanikonda', 'amiteshmagar', 'jihyeonlee', 'shashwat_g', 'sahanaatnoor64', 'kevin990527', 'cheongzhengquan', 'tanyuxuan22481', 'jahinahnaf98', 'superlin93', 'gautambafna', 'dipankar', 'rochak_r', 'sagnik__m', 'vamsichandra', 'sparsh_a', 'aryan_b', 'shiva19116084', 'yuanjie96', 'rudraksh_aggarwal', 'surendra_pobbati', 'harshvardhan1436', 'ankit2010', 'hong97', 'v_rushikesh', 'anurag_p', 'medasani_v', 'sgu20191462', 'sgu20171569', 'zanhuuu', 'edostie', 'estebanzamora', 'ritwij_raghuvanshi', 'sohaira114', 'rogertronchete', 'liberty1341', 'seen', 'lakshya_t', 'll.dorado', 'rohit_k', 'yashjain5', 'gopalgupta8216', 'ashii7586', 'janson1229', 'vaibhav_a', 'celia.orbl', 'gyanv', 'kunal_d', 'jdyaz2000', 'visheshc38', 'sainadh_60', 'mitanshu_g', 'thuan_truong', 'arushsharma24', 'mapo3676', 'garvit_a', 'vandhalkar1508', 'rezaulislam777.bpsc', 'saad012', 'yash_r', 'spandan_g', 'shlok_g', 'mariomerino2000', 'suyash_jain_', 'daau5574', 'burnerlee', 'haley.nicool', 'kavehei', 'anirudh_k', 'hasanhabib16', 'reza001', 'jthastings', 'celia.ob', 'darshita_b', 'nitika_gupta', 'shreyank_b', 'maxwong', 'sagarwal08', 'rlopezb.rl', 'nischay', 'byayp72', 'mafruza', 'kundhana', 'sgu20161217', 'lavender9946', 'sgu20171552', 'vishu_saxena', 'yashvardhan_nehra', 'thaumaterge', 'nanoh72', 'dhillondheeraj84', 'dicef', 'qingchuanwu', 'huiying03072', 'kannoujiya432', 'luvyanagpal2001', 'gcqian96', 'jaswanth21', 'shivansh_b', 'saksham_g', 'ritik_raj71', 'capriciousrebel', 'hardik_r', 'sgu20161497', 'johnsmith0081', 'ujjwalchitransh4384', 'doppler', 'rahul20150133775', 'sgu20171593', 'prajit_k', 'sgu20161860', 'lee1341', 'viale003', 'kinjolbarua95', 'deepanshu', 'jzchan', 'pallavi01']",31,"['darian09', 'zla23', 'mattsqrd', 'bri25', 'nbn34', 'pdt29', 'davidmoyo96', 'esaray74', 'mcarsonmusic', 'ghosh.rituparna2017', 'dgodwin', 'atb85', 'tlw85', 'cae69', 'reiballabani', 'jhua3657', 'amykbuor', 'lh893', None, 'bnp44', 'aah346', 'jrj82', 'kevindiu', 'beka8000', 'agerlach23', 'mali_halac', 'kyrasphilipp', 'thiennguyen011', 'jasonl', 'ethan850', 'jmf394']",181,"['khw971011', 'dasarijay123987', 'zla23', 'ngkin', 'abdullahhadi', 'katna_naveen', 'rjfaysal29', 'sgu20171490', 'heng96', 'sayon12345', 'pdt29', 'mingyi', 'ghosh.rituparna2017', 'ayu023ban', 'puiyenlpy', 'satya1719', 'rohith_y', 'adibmd', 'shivam_2111', 'tanyarampal09', 'docgar99', 'yj_choi', 'trwo6418', 'tlw85', 'simonkoaykl', 'sgu20161519', 'ritu2021', 'navtej16', 'kavyakuryguntla1', 'yang31', 'adityarajsinghgour17', 'roni1234', 'kyounggun97', 'scanlin2000', 'manav_s', 'boon97', 'bhoomikatanikonda', 'amiteshmagar', 'jihyeonlee', 'shashwat_g', 'sahanaatnoor64', 'kevindiu', 'kevin990527', 'kyrasphilipp', 'cheongzhengquan', 'tanyuxuan22481', 'jahinahnaf98', 'superlin93', 'gautambafna', 'dipankar', 'rochak_r', 'sagnik__m', 'vamsichandra', 'sparsh_a', 'aryan_b', 'shiva19116084', 'yuanjie96', 'rudraksh_aggarwal', 'surendra_pobbati', 'harshvardhan1436', 'ankit2010', 'hong97', 'v_rushikesh', 'anurag_p', 'medasani_v', 'sgu20191462', 'sgu20171569', 'zanhuuu', 'edostie', 'mcarsonmusic', 'estebanzamora', 'ritwij_raghuvanshi', 'sohaira114', 'rogertronchete', 'liberty1341', 'seen', 'lakshya_t', 'll.dorado', 'rohit_k', 'yashjain5', 'gopalgupta8216', 'ashii7586', 'amykbuor', 'janson1229', 'vaibhav_a', 'celia.orbl', 'gyanv', 'kunal_d', 'jdyaz2000', 'visheshc38', 'sainadh_60', None, 'bnp44', 'mitanshu_g', 'thuan_truong', 'arushsharma24', 'aah346', 'jrj82', 'mapo3676', 'garvit_a', 'vandhalkar1508', 'rezaulislam777.bpsc', 'saad012', 'yash_r', 'spandan_g', 'shlok_g', 'agerlach23', 'thiennguyen011', 'mariomerino2000', 'suyash_jain_', 'daau5574', 'burnerlee', 'haley.nicool', 'kavehei', 'anirudh_k', 'hasanhabib16', 'reza001', 'jthastings', 'celia.ob', 'darshita_b', 'nitika_gupta', 'dgodwin', 'shreyank_b', 'maxwong', 'atb85', 'cae69', 'sagarwal08', 'reiballabani', 'esaray74', 'rlopezb.rl', 'jhua3657', 'nischay', 'byayp72', 'lh893', 'mafruza', 'kundhana', 'sgu20161217', 'beka8000', 'lavender9946', 'mali_halac', 'sgu20171552', 'vishu_saxena', 'jasonl', 'ethan850', 'yashvardhan_nehra', 'thaumaterge', 'nanoh72', 'dhillondheeraj84', 'darian09', 'mattsqrd', 'dicef', 'bri25', 'qingchuanwu', 'huiying03072', 'nbn34', 'kannoujiya432', 'luvyanagpal2001', 'gcqian96', 'jaswanth21', 'shivansh_b', 'davidmoyo96', 'saksham_g', 'ritik_raj71', 'capriciousrebel', 'ak3866', 'hardik_r', 'sgu20161497', 'johnsmith0081', 'ujjwalchitransh4384', 'doppler', 'rahul20150133775', 'sgu20171593', 'prajit_k', 'sgu20161860', 'lee1341', 'viale003', 'kinjolbarua95', 'deepanshu', 'jzchan', 'pallavi01', 'jmf394']"
4,311,151,30,3,"['scanlin2000', 'ak3866', 'ritu2021']",147,"['khw971011', 'dasarijay123987', 'ngkin', 'abdullahhadi', 'katna_naveen', 'rjfaysal29', 'sgu20171490', 'heng96', 'sayon12345', 'mingyi', 'ayu023ban', 'puiyenlpy', 'satya1719', 'rohith_y', 'adibmd', 'shivam_2111', 'tanyarampal09', 'docgar99', 'yj_choi', 'trwo6418', 'simonkoaykl', 'sgu20161519', 'navtej16', 'kavyakuryguntla1', 'yang31', 'adityarajsinghgour17', 'roni1234', 'kyounggun97', 'manav_s', 'boon97', 'bhoomikatanikonda', 'amiteshmagar', 'jihyeonlee', 'shashwat_g', 'sahanaatnoor64', 'kevin990527', 'cheongzhengquan', 'tanyuxuan22481', 'jahinahnaf98', 'superlin93', 'gautambafna', 'dipankar', 'rochak_r', 'sagnik__m', 'vamsichandra', 'sparsh_a', 'aryan_b', 'shiva19116084', 'yuanjie96', 'rudraksh_aggarwal', 'surendra_pobbati', 'harshvardhan1436', 'ankit2010', 'hong97', 'v_rushikesh', 'anurag_p', 'medasani_v', 'sgu20191462', 'sgu20171569', 'zanhuuu', 'edostie', 'estebanzamora', 'ritwij_raghuvanshi', 'sohaira114', 'rogertronchete', 'liberty1341', 'seen', 'lakshya_t', 'll.dorado', 'rohit_k', 'yashjain5', 'gopalgupta8216', 'ashii7586', 'janson1229', 'vaibhav_a', 'celia.orbl', 'gyanv', 'kunal_d', 'jdyaz2000', 'visheshc38', 'sainadh_60', 'mitanshu_g', 'thuan_truong', 'arushsharma24', 'mapo3676', 'garvit_a', 'vandhalkar1508', 'rezaulislam777.bpsc', 'saad012', 'yash_r', 'spandan_g', 'shlok_g', 'mariomerino2000', 'suyash_jain_', 'daau5574', 'burnerlee', 'haley.nicool', 'kavehei', 'anirudh_k', 'hasanhabib16', 'reza001', 'jthastings', 'celia.ob', 'darshita_b', 'nitika_gupta', 'shreyank_b', 'maxwong', 'sagarwal08', 'rlopezb.rl', 'nischay', 'byayp72', 'mafruza', 'kundhana', 'sgu20161217', 'lavender9946', 'sgu20171552', 'vishu_saxena', 'yashvardhan_nehra', 'thaumaterge', 'nanoh72', 'dhillondheeraj84', 'dicef', 'qingchuanwu', 'huiying03072', 'kannoujiya432', 'luvyanagpal2001', 'gcqian96', 'jaswanth21', 'shivansh_b', 'saksham_g', 'ritik_raj71', 'capriciousrebel', 'hardik_r', 'sgu20161497', 'johnsmith0081', 'ujjwalchitransh4384', 'doppler', 'rahul20150133775', 'sgu20171593', 'prajit_k', 'sgu20161860', 'lee1341', 'viale003', 'kinjolbarua95', 'deepanshu', 'jzchan', 'pallavi01']",27,"['zla23', 'mattsqrd', 'bri25', 'nbn34', 'pdt29', 'alk344', 'esaray74', 'mcarsonmusic', 'atb85', 'fanta', 'tlw85', 'hlachguar829', 'cae69', 'alyjhan', 'reiballabani', 'jhua3657', 'amykbuor', 'lh893', None, 'bnp44', 'jrj82', 'kevindiu', 'beka8000', 'agerlach23', 'thiennguyen011', 'jasonl', 'jmf394']",177,"['khw971011', 'dasarijay123987', 'zla23', 'ngkin', 'abdullahhadi', 'katna_naveen', 'rjfaysal29', 'sgu20171490', 'heng96', 'sayon12345', 'pdt29', 'mingyi', 'alk344', 'ayu023ban', 'puiyenlpy', 'satya1719', 'rohith_y', 'adibmd', 'shivam_2111', 'tanyarampal09', 'docgar99', 'yj_choi', 'trwo6418', 'tlw85', 'simonkoaykl', 'hlachguar829', 'sgu20161519', 'ritu2021', 'navtej16', 'kavyakuryguntla1', 'yang31', 'adityarajsinghgour17', 'roni1234', 'kyounggun97', 'scanlin2000', 'manav_s', 'boon97', 'bhoomikatanikonda', 'amiteshmagar', 'jihyeonlee', 'shashwat_g', 'sahanaatnoor64', 'kevindiu', 'kevin990527', 'cheongzhengquan', 'tanyuxuan22481', 'jahinahnaf98', 'superlin93', 'gautambafna', 'dipankar', 'rochak_r', 'sagnik__m', 'vamsichandra', 'sparsh_a', 'aryan_b', 'shiva19116084', 'yuanjie96', 'rudraksh_aggarwal', 'surendra_pobbati', 'harshvardhan1436', 'ankit2010', 'hong97', 'v_rushikesh', 'anurag_p', 'medasani_v', 'sgu20191462', 'sgu20171569', 'zanhuuu', 'edostie', 'mcarsonmusic', 'estebanzamora', 'ritwij_raghuvanshi', 'sohaira114', 'rogertronchete', 'liberty1341', 'seen', 'lakshya_t', 'll.dorado', 'rohit_k', 'yashjain5', 'gopalgupta8216', 'ashii7586', 'amykbuor', 'janson1229', 'vaibhav_a', 'celia.orbl', 'gyanv', 'kunal_d', 'jdyaz2000', 'visheshc38', 'sainadh_60', None, 'bnp44', 'mitanshu_g', 'thuan_truong', 'arushsharma24', 'jrj82', 'mapo3676', 'garvit_a', 'vandhalkar1508', 'rezaulislam777.bpsc', 'saad012', 'yash_r', 'spandan_g', 'shlok_g', 'agerlach23', 'thiennguyen011', 'mariomerino2000', 'suyash_jain_', 'daau5574', 'burnerlee', 'haley.nicool', 'kavehei', 'anirudh_k', 'hasanhabib16', 'reza001', 'jthastings', 'celia.ob', 'darshita_b', 'nitika_gupta', 'shreyank_b', 'maxwong', 'atb85', 'cae69', 'sagarwal08', 'reiballabani', 'esaray74', 'rlopezb.rl', 'jhua3657', 'nischay', 'byayp72', 'lh893', 'mafruza', 'kundhana', 'sgu20161217', 'beka8000', 'lavender9946', 'sgu20171552', 'vishu_saxena', 'jasonl', 'yashvardhan_nehra', 'thaumaterge', 'nanoh72', 'dhillondheeraj84', 'mattsqrd', 'dicef', 'bri25', 'qingchuanwu', 'huiying03072', 'nbn34', 'kannoujiya432', 'luvyanagpal2001', 'gcqian96', 'jaswanth21', 'shivansh_b', 'saksham_g', 'ritik_raj71', 'fanta', 'capriciousrebel', 'ak3866', 'hardik_r', 'alyjhan', 'sgu20161497', 'johnsmith0081', 'ujjwalchitransh4384', 'doppler', 'rahul20150133775', 'sgu20171593', 'prajit_k', 'sgu20161860', 'lee1341', 'viale003', 'kinjolbarua95', 'deepanshu', 'jzchan', 'pallavi01', 'jmf394']"
4,305,151,28,17,"['khw971011', 'sgu20171593', 'nanoh72', 'sgu20161860', 'sgu20191462', 'kyounggun97', 'sgu20171569', 'sgu20161217', 'sgu20161497', 'lee1341', 'sgu20171552', 'sgu20171490', 'yj_choi', 'liberty1341', 'byayp72', 'jihyeonlee', 'sgu20161519']",133,"['dasarijay123987', 'ngkin', 'abdullahhadi', 'katna_naveen', 'rjfaysal29', 'heng96', 'sayon12345', 'mingyi', 'ayu023ban', 'puiyenlpy', 'satya1719', 'rohith_y', 'adibmd', 'shivam_2111', 'tanyarampal09', 'docgar99', 'trwo6418', 'simonkoaykl', 'ritu2021', 'navtej16', 'kavyakuryguntla1', 'yang31', 'adityarajsinghgour17', 'roni1234', 'scanlin2000', 'manav_s', 'boon97', 'bhoomikatanikonda', 'amiteshmagar', 'shashwat_g', 'sahanaatnoor64', 'kevin990527', 'cheongzhengquan', 'tanyuxuan22481', 'jahinahnaf98', 'superlin93', 'gautambafna', 'dipankar', 'rochak_r', 'sagnik__m', 'vamsichandra', 'sparsh_a', 'aryan_b', 'shiva19116084', 'yuanjie96', 'rudraksh_aggarwal', 'surendra_pobbati', 'harshvardhan1436', 'ankit2010', 'hong97', 'v_rushikesh', 'anurag_p', 'medasani_v', 'zanhuuu', 'edostie', 'estebanzamora', 'ritwij_raghuvanshi', 'sohaira114', 'rogertronchete', 'seen', 'lakshya_t', 'll.dorado', 'rohit_k', 'yashjain5', 'gopalgupta8216', 'ashii7586', 'janson1229', 'vaibhav_a', 'celia.orbl', 'gyanv', 'kunal_d', 'jdyaz2000', 'visheshc38', 'sainadh_60', 'mitanshu_g', 'thuan_truong', 'arushsharma24', 'mapo3676', 'garvit_a', 'vandhalkar1508', 'rezaulislam777.bpsc', 'saad012', 'yash_r', 'spandan_g', 'shlok_g', 'mariomerino2000', 'suyash_jain_', 'daau5574', 'burnerlee', 'haley.nicool', 'kavehei', 'anirudh_k', 'hasanhabib16', 'reza001', 'jthastings', 'celia.ob', 'darshita_b', 'nitika_gupta', 'shreyank_b', 'maxwong', 'sagarwal08', 'rlopezb.rl', 'nischay', 'mafruza', 'kundhana', 'lavender9946', 'vishu_saxena', 'yashvardhan_nehra', 'thaumaterge', 'dhillondheeraj84', 'dicef', 'qingchuanwu', 'huiying03072', 'kannoujiya432', 'luvyanagpal2001', 'gcqian96', 'jaswanth21', 'shivansh_b', 'saksham_g', 'ritik_raj71', 'capriciousrebel', 'ak3866', 'hardik_r', 'johnsmith0081', 'ujjwalchitransh4384', 'doppler', 'rahul20150133775', 'prajit_k', 'viale003', 'kinjolbarua95', 'deepanshu', 'jzchan', 'pallavi01']",11,"['sgu20191461', 'sgu20191407', 'sgu20171596', 'sgu20171564', 'sgu20181520', 'sgu20171537', 'sgu20171549', 'sgu20171548', 'yoona8', 'sgu20171570', None]",161,"['khw971011', 'dasarijay123987', 'ngkin', 'abdullahhadi', 'katna_naveen', 'rjfaysal29', 'sgu20171490', 'heng96', 'sayon12345', 'mingyi', 'sgu20181520', 'sgu20171537', 'ayu023ban', 'puiyenlpy', 'satya1719', 'rohith_y', 'adibmd', 'shivam_2111', 'tanyarampal09', 'docgar99', 'yj_choi', 'trwo6418', 'simonkoaykl', 'sgu20161519', 'ritu2021', 'navtej16', 'kavyakuryguntla1', 'yang31', 'adityarajsinghgour17', 'roni1234', 'kyounggun97', 'scanlin2000', 'manav_s', 'boon97', 'bhoomikatanikonda', 'amiteshmagar', 'jihyeonlee', 'shashwat_g', 'sahanaatnoor64', 'kevin990527', 'cheongzhengquan', 'tanyuxuan22481', 'jahinahnaf98', 'superlin93', 'gautambafna', 'dipankar', 'rochak_r', 'sagnik__m', 'vamsichandra', 'sparsh_a', 'aryan_b', 'shiva19116084', 'yuanjie96', 'rudraksh_aggarwal', 'surendra_pobbati', 'harshvardhan1436', 'ankit2010', 'hong97', 'v_rushikesh', 'anurag_p', 'medasani_v', 'sgu20191462', 'sgu20171569', 'zanhuuu', 'edostie', 'estebanzamora', 'ritwij_raghuvanshi', 'sohaira114', 'rogertronchete', 'liberty1341', 'sgu20171570', 'seen', 'lakshya_t', 'll.dorado', 'rohit_k', 'yashjain5', 'gopalgupta8216', 'ashii7586', 'janson1229', 'vaibhav_a', 'celia.orbl', 'gyanv', 'kunal_d', 'jdyaz2000', 'visheshc38', 'sainadh_60', None, 'mitanshu_g', 'thuan_truong', 'arushsharma24', 'mapo3676', 'garvit_a', 'vandhalkar1508', 'rezaulislam777.bpsc', 'saad012', 'yash_r', 'spandan_g', 'shlok_g', 'mariomerino2000', 'suyash_jain_', 'daau5574', 'burnerlee', 'haley.nicool', 'sgu20171596', 'kavehei', 'anirudh_k', 'hasanhabib16', 'reza001', 'jthastings', 'celia.ob', 'sgu20171549', 'darshita_b', 'nitika_gupta', 'shreyank_b', 'maxwong', 'sagarwal08', 'rlopezb.rl', 'nischay', 'yoona8', 'byayp72', 'sgu20191407', 'mafruza', 'kundhana', 'sgu20161217', 'lavender9946', 'sgu20171552', 'vishu_saxena', 'yashvardhan_nehra', 'thaumaterge', 'nanoh72', 'dhillondheeraj84', 'dicef', 'qingchuanwu', 'huiying03072', 'sgu20171548', 'kannoujiya432', 'luvyanagpal2001', 'gcqian96', 'jaswanth21', 'shivansh_b', 'sgu20171564', 'saksham_g', 'ritik_raj71', 'capriciousrebel', 'sgu20191461', 'ak3866', 'hardik_r', 'sgu20161497', 'johnsmith0081', 'ujjwalchitransh4384', 'doppler', 'rahul20150133775', 'sgu20171593', 'prajit_k', 'sgu20161860', 'lee1341', 'viale003', 'kinjolbarua95', 'deepanshu', 'jzchan', 'pallavi01']"
4,301,151,19,17,"['mitanshu_g', 'ankit2010', 'anurag_p', 'sparsh_a', 'gopalgupta8216', 'kavyakuryguntla1', 'prajit_k', 'garvit_a', 'katna_naveen', 'ujjwalchitransh4384', 'ashii7586', 'nischay', 'yash_r', 'tanyarampal09', 'ritwij_raghuvanshi', 'gyanv', 'anirudh_k']",133,"['khw971011', 'dasarijay123987', 'ngkin', 'abdullahhadi', 'rjfaysal29', 'sgu20171490', 'heng96', 'sayon12345', 'mingyi', 'ayu023ban', 'puiyenlpy', 'satya1719', 'rohith_y', 'adibmd', 'shivam_2111', 'docgar99', 'yj_choi', 'trwo6418', 'simonkoaykl', 'sgu20161519', 'ritu2021', 'navtej16', 'yang31', 'adityarajsinghgour17', 'roni1234', 'kyounggun97', 'scanlin2000', 'manav_s', 'boon97', 'bhoomikatanikonda', 'amiteshmagar', 'jihyeonlee', 'shashwat_g', 'sahanaatnoor64', 'kevin990527', 'cheongzhengquan', 'tanyuxuan22481', 'jahinahnaf98', 'superlin93', 'gautambafna', 'dipankar', 'rochak_r', 'sagnik__m', 'vamsichandra', 'aryan_b', 'shiva19116084', 'yuanjie96', 'rudraksh_aggarwal', 'surendra_pobbati', 'harshvardhan1436', 'hong97', 'v_rushikesh', 'medasani_v', 'sgu20191462', 'sgu20171569', 'zanhuuu', 'edostie', 'estebanzamora', 'sohaira114', 'rogertronchete', 'liberty1341', 'seen', 'lakshya_t', 'll.dorado', 'rohit_k', 'yashjain5', 'janson1229', 'vaibhav_a', 'celia.orbl', 'kunal_d', 'jdyaz2000', 'visheshc38', 'sainadh_60', 'thuan_truong', 'arushsharma24', 'mapo3676', 'vandhalkar1508', 'rezaulislam777.bpsc', 'saad012', 'spandan_g', 'shlok_g', 'mariomerino2000', 'suyash_jain_', 'daau5574', 'burnerlee', 'haley.nicool', 'kavehei', 'hasanhabib16', 'reza001', 'jthastings', 'celia.ob', 'darshita_b', 'nitika_gupta', 'shreyank_b', 'maxwong', 'sagarwal08', 'rlopezb.rl', 'byayp72', 'mafruza', 'kundhana', 'sgu20161217', 'lavender9946', 'sgu20171552', 'vishu_saxena', 'yashvardhan_nehra', 'thaumaterge', 'nanoh72', 'dhillondheeraj84', 'dicef', 'qingchuanwu', 'huiying03072', 'kannoujiya432', 'luvyanagpal2001', 'gcqian96', 'jaswanth21', 'shivansh_b', 'saksham_g', 'ritik_raj71', 'capriciousrebel', 'ak3866', 'hardik_r', 'sgu20161497', 'johnsmith0081', 'doppler', 'rahul20150133775', 'sgu20171593', 'sgu20161860', 'lee1341', 'viale003', 'kinjolbarua95', 'deepanshu', 'jzchan', 'pallavi01']",2,"[None, 'sanjana_n']",152,"['khw971011', 'dasarijay123987', 'ngkin', 'abdullahhadi', 'katna_naveen', 'rjfaysal29', 'sgu20171490', 'heng96', 'sayon12345', 'mingyi', 'ayu023ban', 'puiyenlpy', 'satya1719', 'rohith_y', 'adibmd', 'shivam_2111', 'tanyarampal09', 'docgar99', 'yj_choi', 'trwo6418', 'simonkoaykl', 'sgu20161519', 'ritu2021', 'navtej16', 'kavyakuryguntla1', 'yang31', 'adityarajsinghgour17', 'roni1234', 'kyounggun97', 'scanlin2000', 'manav_s', 'boon97', 'bhoomikatanikonda', 'amiteshmagar', 'jihyeonlee', 'shashwat_g', 'sahanaatnoor64', 'kevin990527', 'cheongzhengquan', 'tanyuxuan22481', 'jahinahnaf98', 'superlin93', 'gautambafna', 'dipankar', 'rochak_r', 'sagnik__m', 'vamsichandra', 'sparsh_a', 'aryan_b', 'shiva19116084', 'yuanjie96', 'rudraksh_aggarwal', 'surendra_pobbati', 'harshvardhan1436', 'ankit2010', 'hong97', 'v_rushikesh', 'anurag_p', 'medasani_v', 'sgu20191462', 'sgu20171569', 'zanhuuu', 'edostie', 'sanjana_n', 'estebanzamora', 'ritwij_raghuvanshi', 'sohaira114', 'rogertronchete', 'liberty1341', 'seen', 'lakshya_t', 'll.dorado', 'rohit_k', 'yashjain5', 'gopalgupta8216', 'ashii7586', 'janson1229', 'vaibhav_a', 'celia.orbl', 'gyanv', 'kunal_d', 'jdyaz2000', 'visheshc38', 'sainadh_60', None, 'mitanshu_g', 'thuan_truong', 'arushsharma24', 'mapo3676', 'garvit_a', 'vandhalkar1508', 'rezaulislam777.bpsc', 'saad012', 'yash_r', 'spandan_g', 'shlok_g', 'mariomerino2000', 'suyash_jain_', 'daau5574', 'burnerlee', 'haley.nicool', 'kavehei', 'anirudh_k', 'hasanhabib16', 'reza001', 'jthastings', 'celia.ob', 'darshita_b', 'nitika_gupta', 'shreyank_b', 'maxwong', 'sagarwal08', 'rlopezb.rl', 'nischay', 'byayp72', 'mafruza', 'kundhana', 'sgu20161217', 'lavender9946', 'sgu20171552', 'vishu_saxena', 'yashvardhan_nehra', 'thaumaterge', 'nanoh72', 'dhillondheeraj84', 'dicef', 'qingchuanwu', 'huiying03072', 'kannoujiya432', 'luvyanagpal2001', 'gcqian96', 'jaswanth21', 'shivansh_b', 'saksham_g', 'ritik_raj71', 'capriciousrebel', 'ak3866', 'hardik_r', 'sgu20161497', 'johnsmith0081', 'ujjwalchitransh4384', 'doppler', 'rahul20150133775', 'sgu20171593', 'prajit_k', 'sgu20161860', 'lee1341', 'viale003', 'kinjolbarua95', 'deepanshu', 'jzchan', 'pallavi01']"
4,300,151,10,9,"['yashjain5', 'vandhalkar1508', 'deepanshu', 'pallavi01', 'shlok_g', 'rudraksh_aggarwal', 'vishu_saxena', 'vaibhav_a', 'kannoujiya432']",141,"['khw971011', 'dasarijay123987', 'ngkin', 'abdullahhadi', 'katna_naveen', 'rjfaysal29', 'sgu20171490', 'heng96', 'sayon12345', 'mingyi', 'ayu023ban', 'puiyenlpy', 'satya1719', 'rohith_y', 'adibmd', 'shivam_2111', 'tanyarampal09', 'docgar99', 'yj_choi', 'trwo6418', 'simonkoaykl', 'sgu20161519', 'ritu2021', 'navtej16', 'kavyakuryguntla1', 'yang31', 'adityarajsinghgour17', 'roni1234', 'kyounggun97', 'scanlin2000', 'manav_s', 'boon97', 'bhoomikatanikonda', 'amiteshmagar', 'jihyeonlee', 'shashwat_g', 'sahanaatnoor64', 'kevin990527', 'cheongzhengquan', 'tanyuxuan22481', 'jahinahnaf98', 'superlin93', 'gautambafna', 'dipankar', 'rochak_r', 'sagnik__m', 'vamsichandra', 'sparsh_a', 'aryan_b', 'shiva19116084', 'yuanjie96', 'surendra_pobbati', 'harshvardhan1436', 'ankit2010', 'hong97', 'v_rushikesh', 'anurag_p', 'medasani_v', 'sgu20191462', 'sgu20171569', 'zanhuuu', 'edostie', 'estebanzamora', 'ritwij_raghuvanshi', 'sohaira114', 'rogertronchete', 'liberty1341', 'seen', 'lakshya_t', 'll.dorado', 'rohit_k', 'gopalgupta8216', 'ashii7586', 'janson1229', 'celia.orbl', 'gyanv', 'kunal_d', 'jdyaz2000', 'visheshc38', 'sainadh_60', 'mitanshu_g', 'thuan_truong', 'arushsharma24', 'mapo3676', 'garvit_a', 'rezaulislam777.bpsc', 'saad012', 'yash_r', 'spandan_g', 'mariomerino2000', 'suyash_jain_', 'daau5574', 'burnerlee', 'haley.nicool', 'kavehei', 'anirudh_k', 'hasanhabib16', 'reza001', 'jthastings', 'celia.ob', 'darshita_b', 'nitika_gupta', 'shreyank_b', 'maxwong', 'sagarwal08', 'rlopezb.rl', 'nischay', 'byayp72', 'mafruza', 'kundhana', 'sgu20161217', 'lavender9946', 'sgu20171552', 'yashvardhan_nehra', 'thaumaterge', 'nanoh72', 'dhillondheeraj84', 'dicef', 'qingchuanwu', 'huiying03072', 'luvyanagpal2001', 'gcqian96', 'jaswanth21', 'shivansh_b', 'saksham_g', 'ritik_raj71', 'capriciousrebel', 'ak3866', 'hardik_r', 'sgu20161497', 'johnsmith0081', 'ujjwalchitransh4384', 'doppler', 'rahul20150133775', 'sgu20171593', 'prajit_k', 'sgu20161860', 'lee1341', 'viale003', 'kinjolbarua95', 'jzchan']",1,[None],151,"['khw971011', 'dasarijay123987', 'ngkin', 'abdullahhadi', 'katna_naveen', 'rjfaysal29', 'sgu20171490', 'heng96', 'sayon12345', 'mingyi', 'ayu023ban', 'puiyenlpy', 'satya1719', 'rohith_y', 'adibmd', 'shivam_2111', 'tanyarampal09', 'docgar99', 'yj_choi', 'trwo6418', 'simonkoaykl', 'sgu20161519', 'ritu2021', 'navtej16', 'kavyakuryguntla1', 'yang31', 'adityarajsinghgour17', 'roni1234', 'kyounggun97', 'scanlin2000', 'manav_s', 'boon97', 'bhoomikatanikonda', 'amiteshmagar', 'jihyeonlee', 'shashwat_g', 'sahanaatnoor64', 'kevin990527', 'cheongzhengquan', 'tanyuxuan22481', 'jahinahnaf98', 'superlin93', 'gautambafna', 'dipankar', 'rochak_r', 'sagnik__m', 'vamsichandra', 'sparsh_a', 'aryan_b', 'shiva19116084', 'yuanjie96', 'rudraksh_aggarwal', 'surendra_pobbati', 'harshvardhan1436', 'ankit2010', 'hong97', 'v_rushikesh', 'anurag_p', 'medasani_v', 'sgu20191462', 'sgu20171569', 'zanhuuu', 'edostie', 'estebanzamora', 'ritwij_raghuvanshi', 'sohaira114', 'rogertronchete', 'liberty1341', 'seen', 'lakshya_t', 'll.dorado', 'rohit_k', 'yashjain5', 'gopalgupta8216', 'ashii7586', 'janson1229', 'vaibhav_a', 'celia.orbl', 'gyanv', 'kunal_d', 'jdyaz2000', 'visheshc38', 'sainadh_60', None, 'mitanshu_g', 'thuan_truong', 'arushsharma24', 'mapo3676', 'garvit_a', 'vandhalkar1508', 'rezaulislam777.bpsc', 'saad012', 'yash_r', 'spandan_g', 'shlok_g', 'mariomerino2000', 'suyash_jain_', 'daau5574', 'burnerlee', 'haley.nicool', 'kavehei', 'anirudh_k', 'hasanhabib16', 'reza001', 'jthastings', 'celia.ob', 'darshita_b', 'nitika_gupta', 'shreyank_b', 'maxwong', 'sagarwal08', 'rlopezb.rl', 'nischay', 'byayp72', 'mafruza', 'kundhana', 'sgu20161217', 'lavender9946', 'sgu20171552', 'vishu_saxena', 'yashvardhan_nehra', 'thaumaterge', 'nanoh72', 'dhillondheeraj84', 'dicef', 'qingchuanwu', 'huiying03072', 'kannoujiya432', 'luvyanagpal2001', 'gcqian96', 'jaswanth21', 'shivansh_b', 'saksham_g', 'ritik_raj71', 'capriciousrebel', 'ak3866', 'hardik_r', 'sgu20161497', 'johnsmith0081', 'ujjwalchitransh4384', 'doppler', 'rahul20150133775', 'sgu20171593', 'prajit_k', 'sgu20161860', 'lee1341', 'viale003', 'kinjolbarua95', 'deepanshu', 'jzchan', 'pallavi01']"
4,310,151,10,3,"['mapo3676', 'trwo6418', 'daau5574']",147,"['khw971011', 'dasarijay123987', 'ngkin', 'abdullahhadi', 'katna_naveen', 'rjfaysal29', 'sgu20171490', 'heng96', 'sayon12345', 'mingyi', 'ayu023ban', 'puiyenlpy', 'satya1719', 'rohith_y', 'adibmd', 'shivam_2111', 'tanyarampal09', 'docgar99', 'yj_choi', 'simonkoaykl', 'sgu20161519', 'ritu2021', 'navtej16', 'kavyakuryguntla1', 'yang31', 'adityarajsinghgour17', 'roni1234', 'kyounggun97', 'scanlin2000', 'manav_s', 'boon97', 'bhoomikatanikonda', 'amiteshmagar', 'jihyeonlee', 'shashwat_g', 'sahanaatnoor64', 'kevin990527', 'cheongzhengquan', 'tanyuxuan22481', 'jahinahnaf98', 'superlin93', 'gautambafna', 'dipankar', 'rochak_r', 'sagnik__m', 'vamsichandra', 'sparsh_a', 'aryan_b', 'shiva19116084', 'yuanjie96', 'rudraksh_aggarwal', 'surendra_pobbati', 'harshvardhan1436', 'ankit2010', 'hong97', 'v_rushikesh', 'anurag_p', 'medasani_v', 'sgu20191462', 'sgu20171569', 'zanhuuu', 'edostie', 'estebanzamora', 'ritwij_raghuvanshi', 'sohaira114', 'rogertronchete', 'liberty1341', 'seen', 'lakshya_t', 'll.dorado', 'rohit_k', 'yashjain5', 'gopalgupta8216', 'ashii7586', 'janson1229', 'vaibhav_a', 'celia.orbl', 'gyanv', 'kunal_d', 'jdyaz2000', 'visheshc38', 'sainadh_60', 'mitanshu_g', 'thuan_truong', 'arushsharma24', 'garvit_a', 'vandhalkar1508', 'rezaulislam777.bpsc', 'saad012', 'yash_r', 'spandan_g', 'shlok_g', 'mariomerino2000', 'suyash_jain_', 'burnerlee', 'haley.nicool', 'kavehei', 'anirudh_k', 'hasanhabib16', 'reza001', 'jthastings', 'celia.ob', 'darshita_b', 'nitika_gupta', 'shreyank_b', 'maxwong', 'sagarwal08', 'rlopezb.rl', 'nischay', 'byayp72', 'mafruza', 'kundhana', 'sgu20161217', 'lavender9946', 'sgu20171552', 'vishu_saxena', 'yashvardhan_nehra', 'thaumaterge', 'nanoh72', 'dhillondheeraj84', 'dicef', 'qingchuanwu', 'huiying03072', 'kannoujiya432', 'luvyanagpal2001', 'gcqian96', 'jaswanth21', 'shivansh_b', 'saksham_g', 'ritik_raj71', 'capriciousrebel', 'ak3866', 'hardik_r', 'sgu20161497', 'johnsmith0081', 'ujjwalchitransh4384', 'doppler', 'rahul20150133775', 'sgu20171593', 'prajit_k', 'sgu20161860', 'lee1341', 'viale003', 'kinjolbarua95', 'deepanshu', 'jzchan', 'pallavi01']",7,"['stro1188', 'midr8234', 'nidi0083', 'jora5626', 'joga0694', None, 'dasi7428']",157,"['khw971011', 'dasarijay123987', 'ngkin', 'abdullahhadi', 'katna_naveen', 'rjfaysal29', 'sgu20171490', 'heng96', 'sayon12345', 'mingyi', 'ayu023ban', 'puiyenlpy', 'satya1719', 'rohith_y', 'adibmd', 'shivam_2111', 'tanyarampal09', 'docgar99', 'yj_choi', 'trwo6418', 'simonkoaykl', 'sgu20161519', 'ritu2021', 'navtej16', 'midr8234', 'kavyakuryguntla1', 'yang31', 'adityarajsinghgour17', 'roni1234', 'kyounggun97', 'scanlin2000', 'manav_s', 'boon97', 'bhoomikatanikonda', 'amiteshmagar', 'jihyeonlee', 'shashwat_g', 'sahanaatnoor64', 'kevin990527', 'cheongzhengquan', 'tanyuxuan22481', 'jahinahnaf98', 'superlin93', 'gautambafna', 'dipankar', 'rochak_r', 'sagnik__m', 'vamsichandra', 'sparsh_a', 'aryan_b', 'shiva19116084', 'yuanjie96', 'rudraksh_aggarwal', 'surendra_pobbati', 'harshvardhan1436', 'ankit2010', 'hong97', 'v_rushikesh', 'anurag_p', 'medasani_v', 'sgu20191462', 'sgu20171569', 'zanhuuu', 'edostie', 'estebanzamora', 'ritwij_raghuvanshi', 'sohaira114', 'rogertronchete', 'liberty1341', 'seen', 'lakshya_t', 'll.dorado', 'rohit_k', 'yashjain5', 'gopalgupta8216', 'ashii7586', 'janson1229', 'vaibhav_a', 'celia.orbl', 'gyanv', 'kunal_d', 'jdyaz2000', 'visheshc38', 'sainadh_60', None, 'mitanshu_g', 'thuan_truong', 'arushsharma24', 'mapo3676', 'garvit_a', 'vandhalkar1508', 'rezaulislam777.bpsc', 'saad012', 'yash_r', 'spandan_g', 'shlok_g', 'mariomerino2000', 'suyash_jain_', 'daau5574', 'burnerlee', 'haley.nicool', 'nidi0083', 'kavehei', 'anirudh_k', 'hasanhabib16', 'stro1188', 'reza001', 'jthastings', 'celia.ob', 'darshita_b', 'nitika_gupta', 'shreyank_b', 'maxwong', 'sagarwal08', 'rlopezb.rl', 'nischay', 'joga0694', 'byayp72', 'mafruza', 'kundhana', 'sgu20161217', 'lavender9946', 'sgu20171552', 'vishu_saxena', 'jora5626', 'yashvardhan_nehra', 'thaumaterge', 'nanoh72', 'dasi7428', 'dhillondheeraj84', 'dicef', 'qingchuanwu', 'huiying03072', 'kannoujiya432', 'luvyanagpal2001', 'gcqian96', 'jaswanth21', 'shivansh_b', 'saksham_g', 'ritik_raj71', 'capriciousrebel', 'ak3866', 'hardik_r', 'sgu20161497', 'johnsmith0081', 'ujjwalchitransh4384', 'doppler', 'rahul20150133775', 'sgu20171593', 'prajit_k', 'sgu20161860', 'lee1341', 'viale003', 'kinjolbarua95', 'deepanshu', 'jzchan', 'pallavi01']"
4,298,151,9,1,['yang31'],149,"['khw971011', 'dasarijay123987', 'ngkin', 'abdullahhadi', 'katna_naveen', 'rjfaysal29', 'sgu20171490', 'heng96', 'sayon12345', 'mingyi', 'ayu023ban', 'puiyenlpy', 'satya1719', 'rohith_y', 'adibmd', 'shivam_2111', 'tanyarampal09', 'docgar99', 'yj_choi', 'trwo6418', 'simonkoaykl', 'sgu20161519', 'ritu2021', 'navtej16', 'kavyakuryguntla1', 'adityarajsinghgour17', 'roni1234', 'kyounggun97', 'scanlin2000', 'manav_s', 'boon97', 'bhoomikatanikonda', 'amiteshmagar', 'jihyeonlee', 'shashwat_g', 'sahanaatnoor64', 'kevin990527', 'cheongzhengquan', 'tanyuxuan22481', 'jahinahnaf98', 'superlin93', 'gautambafna', 'dipankar', 'rochak_r', 'sagnik__m', 'vamsichandra', 'sparsh_a', 'aryan_b', 'shiva19116084', 'yuanjie96', 'rudraksh_aggarwal', 'surendra_pobbati', 'harshvardhan1436', 'ankit2010', 'hong97', 'v_rushikesh', 'anurag_p', 'medasani_v', 'sgu20191462', 'sgu20171569', 'zanhuuu', 'edostie', 'estebanzamora', 'ritwij_raghuvanshi', 'sohaira114', 'rogertronchete', 'liberty1341', 'seen', 'lakshya_t', 'll.dorado', 'rohit_k', 'yashjain5', 'gopalgupta8216', 'ashii7586', 'janson1229', 'vaibhav_a', 'celia.orbl', 'gyanv', 'kunal_d', 'jdyaz2000', 'visheshc38', 'sainadh_60', 'mitanshu_g', 'thuan_truong', 'arushsharma24', 'mapo3676', 'garvit_a', 'vandhalkar1508', 'rezaulislam777.bpsc', 'saad012', 'yash_r', 'spandan_g', 'shlok_g', 'mariomerino2000', 'suyash_jain_', 'daau5574', 'burnerlee', 'haley.nicool', 'kavehei', 'anirudh_k', 'hasanhabib16', 'reza001', 'jthastings', 'celia.ob', 'darshita_b', 'nitika_gupta', 'shreyank_b', 'maxwong', 'sagarwal08', 'rlopezb.rl', 'nischay', 'byayp72', 'mafruza', 'kundhana', 'sgu20161217', 'lavender9946', 'sgu20171552', 'vishu_saxena', 'yashvardhan_nehra', 'thaumaterge', 'nanoh72', 'dhillondheeraj84', 'dicef', 'qingchuanwu', 'huiying03072', 'kannoujiya432', 'luvyanagpal2001', 'gcqian96', 'jaswanth21', 'shivansh_b', 'saksham_g', 'ritik_raj71', 'capriciousrebel', 'ak3866', 'hardik_r', 'sgu20161497', 'johnsmith0081', 'ujjwalchitransh4384', 'doppler', 'rahul20150133775', 'sgu20171593', 'prajit_k', 'sgu20161860', 'lee1341', 'viale003', 'kinjolbarua95', 'deepanshu', 'jzchan', 'pallavi01']",8,"['code0098', 'gansuyi', 'yixiang', 'zelinhao', 'zhiyusong001', '0iverson0', None, 'jinyinleo']",158,"['khw971011', 'dasarijay123987', 'ngkin', 'abdullahhadi', 'katna_naveen', 'rjfaysal29', 'sgu20171490', 'heng96', 'sayon12345', '0iverson0', 'jinyinleo', 'mingyi', 'ayu023ban', 'puiyenlpy', 'satya1719', 'rohith_y', 'adibmd', 'shivam_2111', 'tanyarampal09', 'docgar99', 'yj_choi', 'trwo6418', 'simonkoaykl', 'sgu20161519', 'ritu2021', 'navtej16', 'kavyakuryguntla1', 'yang31', 'adityarajsinghgour17', 'roni1234', 'kyounggun97', 'zhiyusong001', 'scanlin2000', 'manav_s', 'boon97', 'bhoomikatanikonda', 'amiteshmagar', 'jihyeonlee', 'shashwat_g', 'sahanaatnoor64', 'kevin990527', 'cheongzhengquan', 'tanyuxuan22481', 'jahinahnaf98', 'superlin93', 'gautambafna', 'dipankar', 'rochak_r', 'sagnik__m', 'vamsichandra', 'sparsh_a', 'aryan_b', 'shiva19116084', 'yuanjie96', 'rudraksh_aggarwal', 'surendra_pobbati', 'harshvardhan1436', 'ankit2010', 'hong97', 'v_rushikesh', 'anurag_p', 'medasani_v', 'sgu20191462', 'sgu20171569', 'zanhuuu', 'edostie', 'estebanzamora', 'ritwij_raghuvanshi', 'sohaira114', 'rogertronchete', 'liberty1341', 'seen', 'lakshya_t', 'll.dorado', 'rohit_k', 'yashjain5', 'gopalgupta8216', 'zelinhao', 'ashii7586', 'janson1229', 'vaibhav_a', 'celia.orbl', 'gyanv', 'kunal_d', 'jdyaz2000', 'visheshc38', 'sainadh_60', None, 'mitanshu_g', 'thuan_truong', 'arushsharma24', 'mapo3676', 'garvit_a', 'vandhalkar1508', 'rezaulislam777.bpsc', 'saad012', 'yash_r', 'spandan_g', 'shlok_g', 'mariomerino2000', 'suyash_jain_', 'daau5574', 'code0098', 'burnerlee', 'haley.nicool', 'yixiang', 'kavehei', 'anirudh_k', 'hasanhabib16', 'reza001', 'jthastings', 'celia.ob', 'darshita_b', 'nitika_gupta', 'shreyank_b', 'maxwong', 'sagarwal08', 'rlopezb.rl', 'nischay', 'byayp72', 'mafruza', 'kundhana', 'sgu20161217', 'lavender9946', 'sgu20171552', 'vishu_saxena', 'yashvardhan_nehra', 'thaumaterge', 'nanoh72', 'dhillondheeraj84', 'gansuyi', 'dicef', 'qingchuanwu', 'huiying03072', 'kannoujiya432', 'luvyanagpal2001', 'gcqian96', 'jaswanth21', 'shivansh_b', 'saksham_g', 'ritik_raj71', 'capriciousrebel', 'ak3866', 'hardik_r', 'sgu20161497', 'johnsmith0081', 'ujjwalchitransh4384', 'doppler', 'rahul20150133775', 'sgu20171593', 'prajit_k', 'sgu20161860', 'lee1341', 'viale003', 'kinjolbarua95', 'deepanshu', 'jzchan', 'pallavi01']"
4,307,151,9,7,"['ll.dorado', 'celia.ob', 'estebanzamora', 'docgar99', 'rogertronchete', 'celia.orbl', 'mariomerino2000']",143,"['khw971011', 'dasarijay123987', 'ngkin', 'abdullahhadi', 'katna_naveen', 'rjfaysal29', 'sgu20171490', 'heng96', 'sayon12345', 'mingyi', 'ayu023ban', 'puiyenlpy', 'satya1719', 'rohith_y', 'adibmd', 'shivam_2111', 'tanyarampal09', 'yj_choi', 'trwo6418', 'simonkoaykl', 'sgu20161519', 'ritu2021', 'navtej16', 'kavyakuryguntla1', 'yang31', 'adityarajsinghgour17', 'roni1234', 'kyounggun97', 'scanlin2000', 'manav_s', 'boon97', 'bhoomikatanikonda', 'amiteshmagar', 'jihyeonlee', 'shashwat_g', 'sahanaatnoor64', 'kevin990527', 'cheongzhengquan', 'tanyuxuan22481', 'jahinahnaf98', 'superlin93', 'gautambafna', 'dipankar', 'rochak_r', 'sagnik__m', 'vamsichandra', 'sparsh_a', 'aryan_b', 'shiva19116084', 'yuanjie96', 'rudraksh_aggarwal', 'surendra_pobbati', 'harshvardhan1436', 'ankit2010', 'hong97', 'v_rushikesh', 'anurag_p', 'medasani_v', 'sgu20191462', 'sgu20171569', 'zanhuuu', 'edostie', 'ritwij_raghuvanshi', 'sohaira114', 'liberty1341', 'seen', 'lakshya_t', 'rohit_k', 'yashjain5', 'gopalgupta8216', 'ashii7586', 'janson1229', 'vaibhav_a', 'gyanv', 'kunal_d', 'jdyaz2000', 'visheshc38', 'sainadh_60', 'mitanshu_g', 'thuan_truong', 'arushsharma24', 'mapo3676', 'garvit_a', 'vandhalkar1508', 'rezaulislam777.bpsc', 'saad012', 'yash_r', 'spandan_g', 'shlok_g', 'suyash_jain_', 'daau5574', 'burnerlee', 'haley.nicool', 'kavehei', 'anirudh_k', 'hasanhabib16', 'reza001', 'jthastings', 'darshita_b', 'nitika_gupta', 'shreyank_b', 'maxwong', 'sagarwal08', 'rlopezb.rl', 'nischay', 'byayp72', 'mafruza', 'kundhana', 'sgu20161217', 'lavender9946', 'sgu20171552', 'vishu_saxena', 'yashvardhan_nehra', 'thaumaterge', 'nanoh72', 'dhillondheeraj84', 'dicef', 'qingchuanwu', 'huiying03072', 'kannoujiya432', 'luvyanagpal2001', 'gcqian96', 'jaswanth21', 'shivansh_b', 'saksham_g', 'ritik_raj71', 'capriciousrebel', 'ak3866', 'hardik_r', 'sgu20161497', 'johnsmith0081', 'ujjwalchitransh4384', 'doppler', 'rahul20150133775', 'sgu20171593', 'prajit_k', 'sgu20161860', 'lee1341', 'viale003', 'kinjolbarua95', 'deepanshu', 'jzchan', 'pallavi01']",2,"[None, 'hierro.adrian']",152,"['khw971011', 'dasarijay123987', 'ngkin', 'abdullahhadi', 'katna_naveen', 'rjfaysal29', 'sgu20171490', 'heng96', 'sayon12345', 'mingyi', 'ayu023ban', 'puiyenlpy', 'satya1719', 'rohith_y', 'adibmd', 'shivam_2111', 'tanyarampal09', 'docgar99', 'yj_choi', 'trwo6418', 'simonkoaykl', 'sgu20161519', 'ritu2021', 'navtej16', 'kavyakuryguntla1', 'yang31', 'adityarajsinghgour17', 'roni1234', 'kyounggun97', 'scanlin2000', 'manav_s', 'boon97', 'bhoomikatanikonda', 'amiteshmagar', 'jihyeonlee', 'shashwat_g', 'sahanaatnoor64', 'kevin990527', 'cheongzhengquan', 'tanyuxuan22481', 'jahinahnaf98', 'superlin93', 'gautambafna', 'dipankar', 'rochak_r', 'sagnik__m', 'vamsichandra', 'sparsh_a', 'aryan_b', 'shiva19116084', 'yuanjie96', 'rudraksh_aggarwal', 'surendra_pobbati', 'harshvardhan1436', 'ankit2010', 'hong97', 'v_rushikesh', 'anurag_p', 'medasani_v', 'sgu20191462', 'sgu20171569', 'zanhuuu', 'edostie', 'estebanzamora', 'ritwij_raghuvanshi', 'sohaira114', 'rogertronchete', 'liberty1341', 'seen', 'lakshya_t', 'll.dorado', 'rohit_k', 'yashjain5', 'gopalgupta8216', 'ashii7586', 'janson1229', 'vaibhav_a', 'celia.orbl', 'gyanv', 'kunal_d', 'jdyaz2000', 'visheshc38', 'sainadh_60', None, 'mitanshu_g', 'thuan_truong', 'arushsharma24', 'mapo3676', 'garvit_a', 'vandhalkar1508', 'rezaulislam777.bpsc', 'saad012', 'yash_r', 'spandan_g', 'shlok_g', 'mariomerino2000', 'suyash_jain_', 'daau5574', 'burnerlee', 'haley.nicool', 'kavehei', 'anirudh_k', 'hasanhabib16', 'reza001', 'jthastings', 'celia.ob', 'darshita_b', 'nitika_gupta', 'shreyank_b', 'maxwong', 'sagarwal08', 'rlopezb.rl', 'nischay', 'byayp72', 'mafruza', 'kundhana', 'sgu20161217', 'lavender9946', 'sgu20171552', 'vishu_saxena', 'yashvardhan_nehra', 'thaumaterge', 'nanoh72', 'dhillondheeraj84', 'dicef', 'qingchuanwu', 'huiying03072', 'kannoujiya432', 'luvyanagpal2001', 'gcqian96', 'jaswanth21', 'shivansh_b', 'saksham_g', 'ritik_raj71', 'capriciousrebel', 'hierro.adrian', 'ak3866', 'hardik_r', 'sgu20161497', 'johnsmith0081', 'ujjwalchitransh4384', 'doppler', 'rahul20150133775', 'sgu20171593', 'prajit_k', 'sgu20161860', 'lee1341', 'viale003', 'kinjolbarua95', 'deepanshu', 'jzchan', 'pallavi01']"
4,309,151,9,1,['sgu20161519'],149,"['khw971011', 'dasarijay123987', 'ngkin', 'abdullahhadi', 'katna_naveen', 'rjfaysal29', 'sgu20171490', 'heng96', 'sayon12345', 'mingyi', 'ayu023ban', 'puiyenlpy', 'satya1719', 'rohith_y', 'adibmd', 'shivam_2111', 'tanyarampal09', 'docgar99', 'yj_choi', 'trwo6418', 'simonkoaykl', 'ritu2021', 'navtej16', 'kavyakuryguntla1', 'yang31', 'adityarajsinghgour17', 'roni1234', 'kyounggun97', 'scanlin2000', 'manav_s', 'boon97', 'bhoomikatanikonda', 'amiteshmagar', 'jihyeonlee', 'shashwat_g', 'sahanaatnoor64', 'kevin990527', 'cheongzhengquan', 'tanyuxuan22481', 'jahinahnaf98', 'superlin93', 'gautambafna', 'dipankar', 'rochak_r', 'sagnik__m', 'vamsichandra', 'sparsh_a', 'aryan_b', 'shiva19116084', 'yuanjie96', 'rudraksh_aggarwal', 'surendra_pobbati', 'harshvardhan1436', 'ankit2010', 'hong97', 'v_rushikesh', 'anurag_p', 'medasani_v', 'sgu20191462', 'sgu20171569', 'zanhuuu', 'edostie', 'estebanzamora', 'ritwij_raghuvanshi', 'sohaira114', 'rogertronchete', 'liberty1341', 'seen', 'lakshya_t', 'll.dorado', 'rohit_k', 'yashjain5', 'gopalgupta8216', 'ashii7586', 'janson1229', 'vaibhav_a', 'celia.orbl', 'gyanv', 'kunal_d', 'jdyaz2000', 'visheshc38', 'sainadh_60', 'mitanshu_g', 'thuan_truong', 'arushsharma24', 'mapo3676', 'garvit_a', 'vandhalkar1508', 'rezaulislam777.bpsc', 'saad012', 'yash_r', 'spandan_g', 'shlok_g', 'mariomerino2000', 'suyash_jain_', 'daau5574', 'burnerlee', 'haley.nicool', 'kavehei', 'anirudh_k', 'hasanhabib16', 'reza001', 'jthastings', 'celia.ob', 'darshita_b', 'nitika_gupta', 'shreyank_b', 'maxwong', 'sagarwal08', 'rlopezb.rl', 'nischay', 'byayp72', 'mafruza', 'kundhana', 'sgu20161217', 'lavender9946', 'sgu20171552', 'vishu_saxena', 'yashvardhan_nehra', 'thaumaterge', 'nanoh72', 'dhillondheeraj84', 'dicef', 'qingchuanwu', 'huiying03072', 'kannoujiya432', 'luvyanagpal2001', 'gcqian96', 'jaswanth21', 'shivansh_b', 'saksham_g', 'ritik_raj71', 'capriciousrebel', 'ak3866', 'hardik_r', 'sgu20161497', 'johnsmith0081', 'ujjwalchitransh4384', 'doppler', 'rahul20150133775', 'sgu20171593', 'prajit_k', 'sgu20161860', 'lee1341', 'viale003', 'kinjolbarua95', 'deepanshu', 'jzchan', 'pallavi01']",8,"['sgu20191461', 'sgu20171564', 'sgu20171536', 'sgu20171535', 'yoona8', 'sgu20171548', 'sgu20171570', None]",158,"['khw971011', 'dasarijay123987', 'ngkin', 'abdullahhadi', 'katna_naveen', 'rjfaysal29', 'sgu20171490', 'heng96', 'sayon12345', 'mingyi', 'ayu023ban', 'puiyenlpy', 'satya1719', 'rohith_y', 'adibmd', 'shivam_2111', 'tanyarampal09', 'docgar99', 'yj_choi', 'trwo6418', 'simonkoaykl', 'sgu20161519', 'ritu2021', 'navtej16', 'kavyakuryguntla1', 'yang31', 'adityarajsinghgour17', 'roni1234', 'kyounggun97', 'scanlin2000', 'manav_s', 'boon97', 'bhoomikatanikonda', 'amiteshmagar', 'jihyeonlee', 'shashwat_g', 'sahanaatnoor64', 'kevin990527', 'cheongzhengquan', 'tanyuxuan22481', 'sgu20171535', 'jahinahnaf98', 'superlin93', 'gautambafna', 'dipankar', 'rochak_r', 'sagnik__m', 'vamsichandra', 'sparsh_a', 'aryan_b', 'shiva19116084', 'yuanjie96', 'rudraksh_aggarwal', 'surendra_pobbati', 'harshvardhan1436', 'ankit2010', 'hong97', 'v_rushikesh', 'anurag_p', 'medasani_v', 'sgu20191462', 'sgu20171569', 'zanhuuu', 'edostie', 'estebanzamora', 'ritwij_raghuvanshi', 'sohaira114', 'rogertronchete', 'liberty1341', 'sgu20171570', 'seen', 'lakshya_t', 'll.dorado', 'rohit_k', 'yashjain5', 'gopalgupta8216', 'ashii7586', 'janson1229', 'vaibhav_a', 'celia.orbl', 'gyanv', 'kunal_d', 'jdyaz2000', 'visheshc38', 'sainadh_60', None, 'mitanshu_g', 'thuan_truong', 'arushsharma24', 'mapo3676', 'garvit_a', 'vandhalkar1508', 'rezaulislam777.bpsc', 'saad012', 'yash_r', 'spandan_g', 'shlok_g', 'mariomerino2000', 'suyash_jain_', 'daau5574', 'burnerlee', 'haley.nicool', 'kavehei', 'anirudh_k', 'hasanhabib16', 'reza001', 'jthastings', 'celia.ob', 'darshita_b', 'nitika_gupta', 'shreyank_b', 'maxwong', 'sagarwal08', 'rlopezb.rl', 'nischay', 'yoona8', 'byayp72', 'mafruza', 'kundhana', 'sgu20161217', 'lavender9946', 'sgu20171552', 'vishu_saxena', 'yashvardhan_nehra', 'thaumaterge', 'nanoh72', 'dhillondheeraj84', 'dicef', 'sgu20171536', 'qingchuanwu', 'huiying03072', 'sgu20171548', 'kannoujiya432', 'luvyanagpal2001', 'gcqian96', 'jaswanth21', 'shivansh_b', 'sgu20171564', 'saksham_g', 'ritik_raj71', 'capriciousrebel', 'sgu20191461', 'ak3866', 'hardik_r', 'sgu20161497', 'johnsmith0081', 'ujjwalchitransh4384', 'doppler', 'rahul20150133775', 'sgu20171593', 'prajit_k', 'sgu20161860', 'lee1341', 'viale003', 'kinjolbarua95', 'deepanshu', 'jzchan', 'pallavi01']"
4,297,151,8,2,"['thuan_truong', 'janson1229']",148,"['khw971011', 'dasarijay123987', 'ngkin', 'abdullahhadi', 'katna_naveen', 'rjfaysal29', 'sgu20171490', 'heng96', 'sayon12345', 'mingyi', 'ayu023ban', 'puiyenlpy', 'satya1719', 'rohith_y', 'adibmd', 'shivam_2111', 'tanyarampal09', 'docgar99', 'yj_choi', 'trwo6418', 'simonkoaykl', 'sgu20161519', 'ritu2021', 'navtej16', 'kavyakuryguntla1', 'yang31', 'adityarajsinghgour17', 'roni1234', 'kyounggun97', 'scanlin2000', 'manav_s', 'boon97', 'bhoomikatanikonda', 'amiteshmagar', 'jihyeonlee', 'shashwat_g', 'sahanaatnoor64', 'kevin990527', 'cheongzhengquan', 'tanyuxuan22481', 'jahinahnaf98', 'superlin93', 'gautambafna', 'dipankar', 'rochak_r', 'sagnik__m', 'vamsichandra', 'sparsh_a', 'aryan_b', 'shiva19116084', 'yuanjie96', 'rudraksh_aggarwal', 'surendra_pobbati', 'harshvardhan1436', 'ankit2010', 'hong97', 'v_rushikesh', 'anurag_p', 'medasani_v', 'sgu20191462', 'sgu20171569', 'zanhuuu', 'edostie', 'estebanzamora', 'ritwij_raghuvanshi', 'sohaira114', 'rogertronchete', 'liberty1341', 'seen', 'lakshya_t', 'll.dorado', 'rohit_k', 'yashjain5', 'gopalgupta8216', 'ashii7586', 'vaibhav_a', 'celia.orbl', 'gyanv', 'kunal_d', 'jdyaz2000', 'visheshc38', 'sainadh_60', 'mitanshu_g', 'arushsharma24', 'mapo3676', 'garvit_a', 'vandhalkar1508', 'rezaulislam777.bpsc', 'saad012', 'yash_r', 'spandan_g', 'shlok_g', 'mariomerino2000', 'suyash_jain_', 'daau5574', 'burnerlee', 'haley.nicool', 'kavehei', 'anirudh_k', 'hasanhabib16', 'reza001', 'jthastings', 'celia.ob', 'darshita_b', 'nitika_gupta', 'shreyank_b', 'maxwong', 'sagarwal08', 'rlopezb.rl', 'nischay', 'byayp72', 'mafruza', 'kundhana', 'sgu20161217', 'lavender9946', 'sgu20171552', 'vishu_saxena', 'yashvardhan_nehra', 'thaumaterge', 'nanoh72', 'dhillondheeraj84', 'dicef', 'qingchuanwu', 'huiying03072', 'kannoujiya432', 'luvyanagpal2001', 'gcqian96', 'jaswanth21', 'shivansh_b', 'saksham_g', 'ritik_raj71', 'capriciousrebel', 'ak3866', 'hardik_r', 'sgu20161497', 'johnsmith0081', 'ujjwalchitransh4384', 'doppler', 'rahul20150133775', 'sgu20171593', 'prajit_k', 'sgu20161860', 'lee1341', 'viale003', 'kinjolbarua95', 'deepanshu', 'jzchan', 'pallavi01']",6,"['19971106.ma', 'jsolano', 'kaiunsw', 'jaysolano', 'kemafor889261616', None]",156,"['khw971011', 'dasarijay123987', 'ngkin', 'abdullahhadi', 'kaiunsw', 'katna_naveen', 'rjfaysal29', 'sgu20171490', 'heng96', 'sayon12345', 'mingyi', 'ayu023ban', 'puiyenlpy', 'satya1719', 'rohith_y', 'adibmd', 'shivam_2111', 'tanyarampal09', 'docgar99', 'yj_choi', 'trwo6418', 'simonkoaykl', 'sgu20161519', 'ritu2021', 'navtej16', 'kavyakuryguntla1', 'yang31', 'adityarajsinghgour17', 'roni1234', 'kyounggun97', '19971106.ma', 'jaysolano', 'scanlin2000', 'manav_s', 'boon97', 'bhoomikatanikonda', 'amiteshmagar', 'jihyeonlee', 'shashwat_g', 'sahanaatnoor64', 'kevin990527', 'cheongzhengquan', 'tanyuxuan22481', 'jahinahnaf98', 'superlin93', 'gautambafna', 'dipankar', 'rochak_r', 'sagnik__m', 'vamsichandra', 'sparsh_a', 'aryan_b', 'shiva19116084', 'yuanjie96', 'rudraksh_aggarwal', 'surendra_pobbati', 'harshvardhan1436', 'ankit2010', 'hong97', 'v_rushikesh', 'anurag_p', 'medasani_v', 'sgu20191462', 'sgu20171569', 'zanhuuu', 'edostie', 'jsolano', 'estebanzamora', 'ritwij_raghuvanshi', 'sohaira114', 'rogertronchete', 'liberty1341', 'seen', 'lakshya_t', 'll.dorado', 'rohit_k', 'yashjain5', 'gopalgupta8216', 'ashii7586', 'janson1229', 'vaibhav_a', 'celia.orbl', 'gyanv', 'kunal_d', 'jdyaz2000', 'visheshc38', 'sainadh_60', None, 'mitanshu_g', 'thuan_truong', 'arushsharma24', 'mapo3676', 'garvit_a', 'vandhalkar1508', 'rezaulislam777.bpsc', 'saad012', 'yash_r', 'spandan_g', 'shlok_g', 'mariomerino2000', 'kemafor889261616', 'suyash_jain_', 'daau5574', 'burnerlee', 'haley.nicool', 'kavehei', 'anirudh_k', 'hasanhabib16', 'reza001', 'jthastings', 'celia.ob', 'darshita_b', 'nitika_gupta', 'shreyank_b', 'maxwong', 'sagarwal08', 'rlopezb.rl', 'nischay', 'byayp72', 'mafruza', 'kundhana', 'sgu20161217', 'lavender9946', 'sgu20171552', 'vishu_saxena', 'yashvardhan_nehra', 'thaumaterge', 'nanoh72', 'dhillondheeraj84', 'dicef', 'qingchuanwu', 'huiying03072', 'kannoujiya432', 'luvyanagpal2001', 'gcqian96', 'jaswanth21', 'shivansh_b', 'saksham_g', 'ritik_raj71', 'capriciousrebel', 'ak3866', 'hardik_r', 'sgu20161497', 'johnsmith0081', 'ujjwalchitransh4384', 'doppler', 'rahul20150133775', 'sgu20171593', 'prajit_k', 'sgu20161860', 'lee1341', 'viale003', 'kinjolbarua95', 'deepanshu', 'jzchan', 'pallavi01']"
4,313,151,8,6,"['mafruza', 'saad012', 'rjfaysal29', 'sohaira114', 'jahinahnaf98', 'hasanhabib16']",144,"['khw971011', 'dasarijay123987', 'ngkin', 'abdullahhadi', 'katna_naveen', 'sgu20171490', 'heng96', 'sayon12345', 'mingyi', 'ayu023ban', 'puiyenlpy', 'satya1719', 'rohith_y', 'adibmd', 'shivam_2111', 'tanyarampal09', 'docgar99', 'yj_choi', 'trwo6418', 'simonkoaykl', 'sgu20161519', 'ritu2021', 'navtej16', 'kavyakuryguntla1', 'yang31', 'adityarajsinghgour17', 'roni1234', 'kyounggun97', 'scanlin2000', 'manav_s', 'boon97', 'bhoomikatanikonda', 'amiteshmagar', 'jihyeonlee', 'shashwat_g', 'sahanaatnoor64', 'kevin990527', 'cheongzhengquan', 'tanyuxuan22481', 'superlin93', 'gautambafna', 'dipankar', 'rochak_r', 'sagnik__m', 'vamsichandra', 'sparsh_a', 'aryan_b', 'shiva19116084', 'yuanjie96', 'rudraksh_aggarwal', 'surendra_pobbati', 'harshvardhan1436', 'ankit2010', 'hong97', 'v_rushikesh', 'anurag_p', 'medasani_v', 'sgu20191462', 'sgu20171569', 'zanhuuu', 'edostie', 'estebanzamora', 'ritwij_raghuvanshi', 'rogertronchete', 'liberty1341', 'seen', 'lakshya_t', 'll.dorado', 'rohit_k', 'yashjain5', 'gopalgupta8216', 'ashii7586', 'janson1229', 'vaibhav_a', 'celia.orbl', 'gyanv', 'kunal_d', 'jdyaz2000', 'visheshc38', 'sainadh_60', 'mitanshu_g', 'thuan_truong', 'arushsharma24', 'mapo3676', 'garvit_a', 'vandhalkar1508', 'rezaulislam777.bpsc', 'yash_r', 'spandan_g', 'shlok_g', 'mariomerino2000', 'suyash_jain_', 'daau5574', 'burnerlee', 'haley.nicool', 'kavehei', 'anirudh_k', 'reza001', 'jthastings', 'celia.ob', 'darshita_b', 'nitika_gupta', 'shreyank_b', 'maxwong', 'sagarwal08', 'rlopezb.rl', 'nischay', 'byayp72', 'kundhana', 'sgu20161217', 'lavender9946', 'sgu20171552', 'vishu_saxena', 'yashvardhan_nehra', 'thaumaterge', 'nanoh72', 'dhillondheeraj84', 'dicef', 'qingchuanwu', 'huiying03072', 'kannoujiya432', 'luvyanagpal2001', 'gcqian96', 'jaswanth21', 'shivansh_b', 'saksham_g', 'ritik_raj71', 'capriciousrebel', 'ak3866', 'hardik_r', 'sgu20161497', 'johnsmith0081', 'ujjwalchitransh4384', 'doppler', 'rahul20150133775', 'sgu20171593', 'prajit_k', 'sgu20161860', 'lee1341', 'viale003', 'kinjolbarua95', 'deepanshu', 'jzchan', 'pallavi01']",2,"['hasibul11', None]",152,"['khw971011', 'dasarijay123987', 'ngkin', 'abdullahhadi', 'katna_naveen', 'rjfaysal29', 'sgu20171490', 'heng96', 'sayon12345', 'mingyi', 'ayu023ban', 'puiyenlpy', 'satya1719', 'rohith_y', 'adibmd', 'shivam_2111', 'tanyarampal09', 'docgar99', 'yj_choi', 'trwo6418', 'simonkoaykl', 'sgu20161519', 'ritu2021', 'navtej16', 'kavyakuryguntla1', 'yang31', 'adityarajsinghgour17', 'roni1234', 'kyounggun97', 'scanlin2000', 'manav_s', 'boon97', 'bhoomikatanikonda', 'amiteshmagar', 'jihyeonlee', 'shashwat_g', 'sahanaatnoor64', 'kevin990527', 'cheongzhengquan', 'tanyuxuan22481', 'jahinahnaf98', 'superlin93', 'gautambafna', 'dipankar', 'rochak_r', 'sagnik__m', 'vamsichandra', 'sparsh_a', 'aryan_b', 'shiva19116084', 'yuanjie96', 'rudraksh_aggarwal', 'surendra_pobbati', 'harshvardhan1436', 'ankit2010', 'hong97', 'v_rushikesh', 'anurag_p', 'medasani_v', 'sgu20191462', 'sgu20171569', 'zanhuuu', 'edostie', 'estebanzamora', 'ritwij_raghuvanshi', 'sohaira114', 'rogertronchete', 'liberty1341', 'seen', 'lakshya_t', 'll.dorado', 'rohit_k', 'yashjain5', 'gopalgupta8216', 'ashii7586', 'janson1229', 'vaibhav_a', 'celia.orbl', 'gyanv', 'kunal_d', 'jdyaz2000', 'visheshc38', 'sainadh_60', None, 'mitanshu_g', 'thuan_truong', 'arushsharma24', 'hasibul11', 'mapo3676', 'garvit_a', 'vandhalkar1508', 'rezaulislam777.bpsc', 'saad012', 'yash_r', 'spandan_g', 'shlok_g', 'mariomerino2000', 'suyash_jain_', 'daau5574', 'burnerlee', 'haley.nicool', 'kavehei', 'anirudh_k', 'hasanhabib16', 'reza001', 'jthastings', 'celia.ob', 'darshita_b', 'nitika_gupta', 'shreyank_b', 'maxwong', 'sagarwal08', 'rlopezb.rl', 'nischay', 'byayp72', 'mafruza', 'kundhana', 'sgu20161217', 'lavender9946', 'sgu20171552', 'vishu_saxena', 'yashvardhan_nehra', 'thaumaterge', 'nanoh72', 'dhillondheeraj84', 'dicef', 'qingchuanwu', 'huiying03072', 'kannoujiya432', 'luvyanagpal2001', 'gcqian96', 'jaswanth21', 'shivansh_b', 'saksham_g', 'ritik_raj71', 'capriciousrebel', 'ak3866', 'hardik_r', 'sgu20161497', 'johnsmith0081', 'ujjwalchitransh4384', 'doppler', 'rahul20150133775', 'sgu20171593', 'prajit_k', 'sgu20161860', 'lee1341', 'viale003', 'kinjolbarua95', 'deepanshu', 'jzchan', 'pallavi01']"
5,450,116,104,1,['vector.wang'],114,"['pavan.20ec037', 'parmar.vishal', 'shailya', 'aryamann', 'nikhithashetty23', 'shadyengineer12345', 'swasthikrao06', 'riya.dhantoliya1403', 'sagar.20ec050', 'busherdev', 'kankshikomre', 'vkvikas74', 'sumanth.20ec063', 'yigitince33', 'sirichandana12', 'goncaonder', 'rimsha07', 'oguzza', 'adhikarideepak227', 'ekansh.bansal', 'sgu20171555', 'cetinkayaahmetcan17', 'yazma4242', 'r.yeeshu', 'soumya26', 'mann.jain', 'abhilash.20ec002', 'maryam.alawadhi', 'aryan.gupta', 'mariz99', 'shubham.bp', 'dmoraru', 'anilkataria2002', 'lloyd.20ec025', 'sankalp.20ec052', 'supriya.jk', 'rahamathunnisa', 'david.diazl', 'harshit_r', 'sourabh.20ec060', 'ankitha', 'pulkit196', 'ruchit422', 'rigbone', 'shanmukhi.ganesh', 'keremkaanenel', 'mrgiraffe', 'tanmay.20ec067', 'patel.vrajesh', 'goktugozkeskin00', 'rahul.20ec045', 'zebercet20', 'pratham9108735009', 'izzetatahan', 'liswfa123', 'sandeep.patel', 'manasa.20ec028', 'ashok.meena', 'san', 'annohub12', 'niteshmaurya', 'ogu0001', 'yadav.rahul', 'john8812155', 'balber756', 'shah.neel', 'roshan.mohyeldeen', 'sgu20181339', 'tugceyildiz778', 'amgaddalia90', 'rijmmax', 'santhosh.cc', 'mtnkyr', 'ashish12345', 'isatopal', 'tsaha', 'md.hassan', 'rakshanayak24', 'shrinidhi.20ec058', 'parulsingh123', 'gurhankopcaz', 'yogeshkhandelwal', 'edemirtas468', 'kamalteja123', 'vinaya.20ec069', 'rashishetty', 'ankitha.20ec011', 'cagdas_aktay', 'bhujbal.aditya', 'uttam.kumar', 'raksha_nayak84', 'adithya.20ec007', 'prathviraj', 'rahul.lalani', 'lloydpinto15', 'tanmay1882', 'akshy.meena', 'serdarsallanti43', 'take0903', 'sumanth.20ec061', 'aditi_dey29', 'sukanya.more', 'shreeta.20ec056', 'ksheer.agrawal', 'nanouser321', 'pratik.raj', 'prasanna20ec040', 'agarwal.nimit', 'daniel.giftson', 'jinay.dagli', 'shreya.20ec057', 'isethguy', 'gali.sunny', 'berfin_cakmak']",103,"['zla23', 'kbb00008', 'jayb', 'anva1564', 'sandip83', 'bernd.schoenfelder93', 'danielchun_nanohub', 'btayo202', 'jonahwill992', 'arletteramirez060', 'magiccarpetride', 'tobre1', 'midr8234', 'ojas12', 'vs00016', 'kajagoogoo', 'em3354', 'jongsick', 'faridhudda999', 'jmoodini', 'lmelican', 'carlosa.rios.24', 'mig38011', 'ml4719', 'mi381969', 'krish222', 'snapierjr', 'maycosamuel189739', 'mohmedhosam1986', 'theo61812', 'jyy2138', 'quovadis17', 'lh3116', 'eduardo05', 'ap3924', 'felucco', 'zhang260321', 'shawn2k99', 'sgu20201433', None, 'gulnuravci', 'jungsungbin5210', 'merttuna026', 'furkan.kuruoglu', 'schreib6', 'maf2299', 'ren0225', 'transalper', 'banerjee', 'huntermoorega98', 'agfa192090', 'kmorr171', 'emilianomolinab', 'anettemata', 'gollner.laura', 'kosiunigwe', 'stro1188', 'lylekam99', 'guzkevin', 'rebeccamac127', 'ccanongo12', 'mnmanley23', 'hy2562', 'evelynlhu', 'hj2588', 'areda', 'smoon1008', 'jeption2020', 'hannia008', 'cameronframpton', 'alokpradhan001', 'jora5626', 'ethan850', 'mb4884', 'krishna.jhuma17', 'dmaldonado497', 'gamahlstultz', 'mchaudhery13', 'sambabler', 'jjboereau', 'stoneralexis', 'schojoh', 'jimenezph', 'geniuslb12345', 'cosm3320', 'mdt2999h', 'davidmoyo96', 'chco7711', 'onursoysal92', 'ikeachioke99', 'josh_mp5', 'si00003', 'avinash0909123', 'alwa2786', 'asy2126', 'sakshisawai', 'ska2143', 'jrbelt1', 'cogr8767', 'shikhamarwaha', 'sesh9366', 'xg2383', 'ldesanti']",218,"['pavan.20ec037', 'zla23', 'kbb00008', 'jayb', 'parmar.vishal', 'shailya', 'anva1564', 'aryamann', 'nikhithashetty23', 'shadyengineer12345', 'sandip83', 'swasthikrao06', 'bernd.schoenfelder93', 'danielchun_nanohub', 'btayo202', 'jonahwill992', 'riya.dhantoliya1403', 'sagar.20ec050', 'busherdev', 'kankshikomre', 'vkvikas74', 'sumanth.20ec063', 'arletteramirez060', 'yigitince33', 'sirichandana12', 'magiccarpetride', 'tobre1', 'goncaonder', 'midr8234', 'ojas12', 'rimsha07', 'vs00016', 'kajagoogoo', 'em3354', 'oguzza', 'jongsick', 'adhikarideepak227', 'faridhudda999', 'jmoodini', 'lmelican', 'ekansh.bansal', 'carlosa.rios.24', 'mig38011', 'ml4719', 'sgu20171555', 'cetinkayaahmetcan17', 'yazma4242', 'r.yeeshu', 'soumya26', 'mi381969', 'mann.jain', 'abhilash.20ec002', 'maryam.alawadhi', 'krish222', 'snapierjr', 'mariz99', 'aryan.gupta', 'shubham.bp', 'dmoraru', 'anilkataria2002', 'lloyd.20ec025', 'sankalp.20ec052', 'supriya.jk', 'maycosamuel189739', 'rahamathunnisa', 'mohmedhosam1986', 'theo61812', 'david.diazl', 'jyy2138', 'harshit_r', 'quovadis17', 'sourabh.20ec060', 'ankitha', 'lh3116', 'pulkit196', 'ruchit422', 'rigbone', 'eduardo05', 'ap3924', 'felucco', 'shanmukhi.ganesh', 'keremkaanenel', 'mrgiraffe', 'tanmay.20ec067', 'zhang260321', 'patel.vrajesh', 'shawn2k99', 'sgu20201433', 'goktugozkeskin00', 'rahul.20ec045', 'zebercet20', None, 'pratham9108735009', 'izzetatahan', 'liswfa123', 'sandeep.patel', 'manasa.20ec028', 'gulnuravci', 'jungsungbin5210', 'ashok.meena', 'merttuna026', 'san', 'furkan.kuruoglu', 'annohub12', 'niteshmaurya', 'schreib6', 'ogu0001', 'yadav.rahul', 'maf2299', 'ren0225', 'transalper', 'banerjee', 'huntermoorega98', 'agfa192090', 'kmorr171', 'emilianomolinab', 'john8812155', 'anettemata', 'balber756', 'shah.neel', 'roshan.mohyeldeen', 'sgu20181339', 'tugceyildiz778', 'gollner.laura', 'kosiunigwe', 'stro1188', 'amgaddalia90', 'rijmmax', 'santhosh.cc', 'lylekam99', 'mtnkyr', 'ashish12345', 'isatopal', 'guzkevin', 'tsaha', 'md.hassan', 'rakshanayak24', 'rebeccamac127', 'ccanongo12', 'shrinidhi.20ec058', 'parulsingh123', 'mnmanley23', 'hy2562', 'evelynlhu', 'gurhankopcaz', 'yogeshkhandelwal', 'hj2588', 'edemirtas468', 'kamalteja123', 'vector.wang', 'areda', 'smoon1008', 'vinaya.20ec069', 'jeption2020', 'rashishetty', 'ankitha.20ec011', 'hannia008', 'cagdas_aktay', 'bhujbal.aditya', 'cameronframpton', 'uttam.kumar', 'raksha_nayak84', 'alokpradhan001', 'adithya.20ec007', 'jora5626', 'prathviraj', 'ethan850', 'mb4884', 'rahul.lalani', 'krishna.jhuma17', 'lloydpinto15', 'dmaldonado497', 'gamahlstultz', 'tanmay1882', 'mchaudhery13', 'akshy.meena', 'sambabler', 'serdarsallanti43', 'take0903', 'sumanth.20ec061', 'jjboereau', 'stoneralexis', 'schojoh', 'jimenezph', 'geniuslb12345', 'aditi_dey29', 'sukanya.more', 'cosm3320', 'mdt2999h', 'davidmoyo96', 'chco7711', 'shreeta.20ec056', 'onursoysal92', 'ksheer.agrawal', 'nanouser321', 'pratik.raj', 'ikeachioke99', 'josh_mp5', 'prasanna20ec040', 'agarwal.nimit', 'daniel.giftson', 'si00003', 'avinash0909123', 'jinay.dagli', 'alwa2786', 'asy2126', 'sakshisawai', 'shreya.20ec057', 'ska2143', 'isethguy', 'gali.sunny', 'jrbelt1', 'cogr8767', 'berfin_cakmak', 'shikhamarwaha', 'sesh9366', 'xg2383', 'ldesanti']"
5,460,116,35,23,"['shubham.bp', 'anilkataria2002', 'tanmay1882', 'parmar.vishal', 'shailya', 'shah.neel', 'aditi_dey29', 'sukanya.more', 'riya.dhantoliya1403', 'santhosh.cc', 'ruchit422', 'md.hassan', 'sirichandana12', 'daniel.giftson', 'jinay.dagli', 'yogeshkhandelwal', 'ekansh.bansal', 'sandeep.patel', 'bhujbal.aditya', 'gali.sunny', 'r.yeeshu', 'mann.jain', 'niteshmaurya']",92,"['pavan.20ec037', 'aryamann', 'nikhithashetty23', 'shadyengineer12345', 'swasthikrao06', 'sagar.20ec050', 'busherdev', 'kankshikomre', 'vkvikas74', 'sumanth.20ec063', 'yigitince33', 'goncaonder', 'rimsha07', 'oguzza', 'adhikarideepak227', 'sgu20171555', 'cetinkayaahmetcan17', 'yazma4242', 'soumya26', 'abhilash.20ec002', 'maryam.alawadhi', 'aryan.gupta', 'mariz99', 'dmoraru', 'lloyd.20ec025', 'sankalp.20ec052', 'supriya.jk', 'rahamathunnisa', 'david.diazl', 'harshit_r', 'sourabh.20ec060', 'ankitha', 'pulkit196', 'rigbone', 'shanmukhi.ganesh', 'keremkaanenel', 'mrgiraffe', 'tanmay.20ec067', 'patel.vrajesh', 'goktugozkeskin00', 'rahul.20ec045', 'zebercet20', 'pratham9108735009', 'izzetatahan', 'liswfa123', 'manasa.20ec028', 'ashok.meena', 'san', 'annohub12', 'ogu0001', 'yadav.rahul', 'john8812155', 'balber756', 'roshan.mohyeldeen', 'sgu20181339', 'tugceyildiz778', 'amgaddalia90', 'rijmmax', 'mtnkyr', 'ashish12345', 'isatopal', 'tsaha', 'rakshanayak24', 'shrinidhi.20ec058', 'parulsingh123', 'gurhankopcaz', 'edemirtas468', 'kamalteja123', 'vector.wang', 'vinaya.20ec069', 'rashishetty', 'ankitha.20ec011', 'cagdas_aktay', 'uttam.kumar', 'raksha_nayak84', 'adithya.20ec007', 'prathviraj', 'rahul.lalani', 'lloydpinto15', 'akshy.meena', 'serdarsallanti43', 'take0903', 'sumanth.20ec061', 'shreeta.20ec056', 'ksheer.agrawal', 'nanouser321', 'pratik.raj', 'prasanna20ec040', 'agarwal.nimit', 'shreya.20ec057', 'isethguy', 'berfin_cakmak']",12,"['sanchit.m', 'tanvi.sanandiya', 'jajoria_kuldeep', 'ojas12', 'siddhesh.kanawade', 'pushpendra.pratap', 'karan762', 'vishal.raja', 'yaswanthmittapalli', None, 'abhinavkumar1', 'ayushsrivastava']",127,"['pavan.20ec037', 'parmar.vishal', 'shailya', 'john8812155', 'karan762', 'aryamann', 'nikhithashetty23', 'shadyengineer12345', 'balber756', 'swasthikrao06', 'shah.neel', 'roshan.mohyeldeen', 'sgu20181339', 'tugceyildiz778', 'amgaddalia90', 'riya.dhantoliya1403', 'sagar.20ec050', 'busherdev', 'kankshikomre', 'vkvikas74', 'rijmmax', 'santhosh.cc', 'mtnkyr', 'ashish12345', 'isatopal', 'sumanth.20ec063', 'tsaha', 'yigitince33', 'md.hassan', 'sirichandana12', 'rakshanayak24', 'shrinidhi.20ec058', 'siddhesh.kanawade', 'parulsingh123', 'abhinavkumar1', 'goncaonder', 'sanchit.m', 'ojas12', 'rimsha07', 'gurhankopcaz', 'yogeshkhandelwal', 'oguzza', 'edemirtas468', 'adhikarideepak227', 'kamalteja123', 'vector.wang', 'vinaya.20ec069', 'ekansh.bansal', 'rashishetty', 'ankitha.20ec011', 'jajoria_kuldeep', 'cagdas_aktay', 'bhujbal.aditya', 'sgu20171555', 'cetinkayaahmetcan17', 'yazma4242', 'r.yeeshu', 'soumya26', 'uttam.kumar', 'raksha_nayak84', 'mann.jain', 'adithya.20ec007', 'abhilash.20ec002', 'prathviraj', 'pushpendra.pratap', 'maryam.alawadhi', 'rahul.lalani', 'mariz99', 'aryan.gupta', 'lloydpinto15', 'shubham.bp', 'dmoraru', 'anilkataria2002', 'tanmay1882', 'akshy.meena', 'lloyd.20ec025', 'sankalp.20ec052', 'supriya.jk', 'serdarsallanti43', 'take0903', 'sumanth.20ec061', 'rahamathunnisa', 'david.diazl', 'aditi_dey29', 'sukanya.more', 'harshit_r', 'sourabh.20ec060', 'ankitha', 'shreeta.20ec056', 'pulkit196', 'ruchit422', 'ksheer.agrawal', 'nanouser321', 'vishal.raja', 'rigbone', 'pratik.raj', 'ayushsrivastava', 'prasanna20ec040', 'agarwal.nimit', 'tanvi.sanandiya', 'shanmukhi.ganesh', 'keremkaanenel', 'mrgiraffe', 'tanmay.20ec067', 'daniel.giftson', 'patel.vrajesh', 'goktugozkeskin00', 'rahul.20ec045', 'jinay.dagli', 'zebercet20', 'yaswanthmittapalli', None, 'pratham9108735009', 'izzetatahan', 'liswfa123', 'shreya.20ec057', 'sandeep.patel', 'manasa.20ec028', 'isethguy', 'gali.sunny', 'ashok.meena', 'san', 'annohub12', 'berfin_cakmak', 'niteshmaurya', 'ogu0001', 'yadav.rahul']"
5,454,116,32,28,"['pavan.20ec037', 'lloyd.20ec025', 'nikhithashetty23', 'rahamathunnisa', 'swasthikrao06', 'sourabh.20ec060', 'sagar.20ec050', 'ankitha', 'shreeta.20ec056', 'vkvikas74', 'ksheer.agrawal', 'rakshanayak24', 'shrinidhi.20ec058', 'prasanna20ec040', 'rimsha07', 'tanmay.20ec067', 'rahul.20ec045', 'adhikarideepak227', 'pratham9108735009', 'shreya.20ec057', 'ankitha.20ec011', 'manasa.20ec028', 'rashishetty', 'raksha_nayak84', 'san', 'soumya26', 'adithya.20ec007', 'lloydpinto15']",87,"['parmar.vishal', 'shailya', 'aryamann', 'shadyengineer12345', 'riya.dhantoliya1403', 'busherdev', 'kankshikomre', 'sumanth.20ec063', 'yigitince33', 'sirichandana12', 'goncaonder', 'oguzza', 'ekansh.bansal', 'sgu20171555', 'cetinkayaahmetcan17', 'yazma4242', 'r.yeeshu', 'mann.jain', 'abhilash.20ec002', 'maryam.alawadhi', 'aryan.gupta', 'mariz99', 'shubham.bp', 'dmoraru', 'anilkataria2002', 'sankalp.20ec052', 'supriya.jk', 'david.diazl', 'harshit_r', 'pulkit196', 'ruchit422', 'rigbone', 'shanmukhi.ganesh', 'keremkaanenel', 'mrgiraffe', 'patel.vrajesh', 'goktugozkeskin00', 'zebercet20', 'izzetatahan', 'liswfa123', 'sandeep.patel', 'ashok.meena', 'annohub12', 'niteshmaurya', 'ogu0001', 'yadav.rahul', 'john8812155', 'balber756', 'shah.neel', 'roshan.mohyeldeen', 'sgu20181339', 'tugceyildiz778', 'amgaddalia90', 'rijmmax', 'santhosh.cc', 'mtnkyr', 'ashish12345', 'isatopal', 'tsaha', 'md.hassan', 'parulsingh123', 'gurhankopcaz', 'yogeshkhandelwal', 'edemirtas468', 'kamalteja123', 'vector.wang', 'vinaya.20ec069', 'cagdas_aktay', 'bhujbal.aditya', 'uttam.kumar', 'prathviraj', 'rahul.lalani', 'tanmay1882', 'akshy.meena', 'serdarsallanti43', 'take0903', 'sumanth.20ec061', 'aditi_dey29', 'sukanya.more', 'nanouser321', 'pratik.raj', 'agarwal.nimit', 'daniel.giftson', 'jinay.dagli', 'isethguy', 'gali.sunny', 'berfin_cakmak']",4,"['akshatharaol', None, 'anusha.20ec012', 'chetan.ec']",119,"['pavan.20ec037', 'parmar.vishal', 'shailya', 'john8812155', 'aryamann', 'nikhithashetty23', 'shadyengineer12345', 'balber756', 'swasthikrao06', 'shah.neel', 'roshan.mohyeldeen', 'sgu20181339', 'tugceyildiz778', 'amgaddalia90', 'riya.dhantoliya1403', 'sagar.20ec050', 'busherdev', 'kankshikomre', 'vkvikas74', 'rijmmax', 'santhosh.cc', 'mtnkyr', 'ashish12345', 'isatopal', 'sumanth.20ec063', 'tsaha', 'yigitince33', 'md.hassan', 'sirichandana12', 'rakshanayak24', 'shrinidhi.20ec058', 'parulsingh123', 'goncaonder', 'rimsha07', 'akshatharaol', 'gurhankopcaz', 'yogeshkhandelwal', 'oguzza', 'edemirtas468', 'adhikarideepak227', 'kamalteja123', 'vector.wang', 'vinaya.20ec069', 'ekansh.bansal', 'rashishetty', 'ankitha.20ec011', 'cagdas_aktay', 'bhujbal.aditya', 'sgu20171555', 'cetinkayaahmetcan17', 'yazma4242', 'r.yeeshu', 'soumya26', 'uttam.kumar', 'raksha_nayak84', 'mann.jain', 'adithya.20ec007', 'abhilash.20ec002', 'prathviraj', 'maryam.alawadhi', 'rahul.lalani', 'mariz99', 'aryan.gupta', 'lloydpinto15', 'shubham.bp', 'dmoraru', 'anilkataria2002', 'tanmay1882', 'akshy.meena', 'lloyd.20ec025', 'sankalp.20ec052', 'supriya.jk', 'serdarsallanti43', 'take0903', 'sumanth.20ec061', 'rahamathunnisa', 'david.diazl', 'aditi_dey29', 'sukanya.more', 'harshit_r', 'sourabh.20ec060', 'anusha.20ec012', 'ankitha', 'shreeta.20ec056', 'pulkit196', 'ruchit422', 'ksheer.agrawal', 'nanouser321', 'rigbone', 'pratik.raj', 'chetan.ec', 'prasanna20ec040', 'agarwal.nimit', 'shanmukhi.ganesh', 'keremkaanenel', 'mrgiraffe', 'tanmay.20ec067', 'daniel.giftson', 'patel.vrajesh', 'goktugozkeskin00', 'rahul.20ec045', 'jinay.dagli', 'zebercet20', None, 'pratham9108735009', 'izzetatahan', 'liswfa123', 'shreya.20ec057', 'sandeep.patel', 'manasa.20ec028', 'isethguy', 'gali.sunny', 'ashok.meena', 'san', 'annohub12', 'berfin_cakmak', 'niteshmaurya', 'ogu0001', 'yadav.rahul']"
5,456,116,10,8,"['vinaya.20ec069', 'ashish12345', 'san', 'soumya26', 'adithya.20ec007', 'sumanth.20ec061', 'abhilash.20ec002', 'swasthikrao06']",107,"['pavan.20ec037', 'parmar.vishal', 'shailya', 'john8812155', 'aryamann', 'nikhithashetty23', 'shadyengineer12345', 'balber756', 'shah.neel', 'roshan.mohyeldeen', 'sgu20181339', 'tugceyildiz778', 'amgaddalia90', 'riya.dhantoliya1403', 'sagar.20ec050', 'busherdev', 'kankshikomre', 'vkvikas74', 'rijmmax', 'santhosh.cc', 'mtnkyr', 'isatopal', 'sumanth.20ec063', 'tsaha', 'yigitince33', 'md.hassan', 'sirichandana12', 'rakshanayak24', 'shrinidhi.20ec058', 'parulsingh123', 'goncaonder', 'rimsha07', 'gurhankopcaz', 'yogeshkhandelwal', 'oguzza', 'edemirtas468', 'adhikarideepak227', 'kamalteja123', 'vector.wang', 'ekansh.bansal', 'rashishetty', 'ankitha.20ec011', 'cagdas_aktay', 'bhujbal.aditya', 'sgu20171555', 'cetinkayaahmetcan17', 'yazma4242', 'r.yeeshu', 'uttam.kumar', 'raksha_nayak84', 'mann.jain', 'prathviraj', 'maryam.alawadhi', 'rahul.lalani', 'mariz99', 'aryan.gupta', 'lloydpinto15', 'shubham.bp', 'dmoraru', 'anilkataria2002', 'tanmay1882', 'akshy.meena', 'lloyd.20ec025', 'sankalp.20ec052', 'supriya.jk', 'serdarsallanti43', 'take0903', 'rahamathunnisa', 'david.diazl', 'aditi_dey29', 'sukanya.more', 'harshit_r', 'sourabh.20ec060', 'ankitha', 'shreeta.20ec056', 'pulkit196', 'ruchit422', 'ksheer.agrawal', 'nanouser321', 'rigbone', 'pratik.raj', 'prasanna20ec040', 'agarwal.nimit', 'shanmukhi.ganesh', 'keremkaanenel', 'mrgiraffe', 'tanmay.20ec067', 'daniel.giftson', 'patel.vrajesh', 'goktugozkeskin00', 'rahul.20ec045', 'jinay.dagli', 'zebercet20', 'pratham9108735009', 'izzetatahan', 'liswfa123', 'shreya.20ec057', 'sandeep.patel', 'manasa.20ec028', 'isethguy', 'gali.sunny', 'ashok.meena', 'annohub12', 'berfin_cakmak', 'niteshmaurya', 'ogu0001', 'yadav.rahul']",2,"[None, 'anusha.20ec012']",117,"['pavan.20ec037', 'parmar.vishal', 'shailya', 'john8812155', 'aryamann', 'nikhithashetty23', 'shadyengineer12345', 'balber756', 'swasthikrao06', 'shah.neel', 'roshan.mohyeldeen', 'sgu20181339', 'tugceyildiz778', 'amgaddalia90', 'riya.dhantoliya1403', 'sagar.20ec050', 'busherdev', 'kankshikomre', 'vkvikas74', 'rijmmax', 'santhosh.cc', 'mtnkyr', 'ashish12345', 'isatopal', 'sumanth.20ec063', 'tsaha', 'yigitince33', 'md.hassan', 'sirichandana12', 'rakshanayak24', 'shrinidhi.20ec058', 'parulsingh123', 'goncaonder', 'rimsha07', 'gurhankopcaz', 'yogeshkhandelwal', 'oguzza', 'edemirtas468', 'adhikarideepak227', 'kamalteja123', 'vector.wang', 'vinaya.20ec069', 'ekansh.bansal', 'rashishetty', 'ankitha.20ec011', 'cagdas_aktay', 'bhujbal.aditya', 'sgu20171555', 'cetinkayaahmetcan17', 'yazma4242', 'r.yeeshu', 'soumya26', 'uttam.kumar', 'raksha_nayak84', 'mann.jain', 'adithya.20ec007', 'abhilash.20ec002', 'prathviraj', 'maryam.alawadhi', 'rahul.lalani', 'mariz99', 'aryan.gupta', 'lloydpinto15', 'shubham.bp', 'dmoraru', 'anilkataria2002', 'tanmay1882', 'akshy.meena', 'lloyd.20ec025', 'sankalp.20ec052', 'supriya.jk', 'serdarsallanti43', 'take0903', 'sumanth.20ec061', 'rahamathunnisa', 'david.diazl', 'aditi_dey29', 'sukanya.more', 'harshit_r', 'sourabh.20ec060', 'anusha.20ec012', 'ankitha', 'shreeta.20ec056', 'pulkit196', 'ruchit422', 'ksheer.agrawal', 'nanouser321', 'rigbone', 'pratik.raj', 'prasanna20ec040', 'agarwal.nimit', 'shanmukhi.ganesh', 'keremkaanenel', 'mrgiraffe', 'tanmay.20ec067', 'daniel.giftson', 'patel.vrajesh', 'goktugozkeskin00', 'rahul.20ec045', 'jinay.dagli', 'zebercet20', None, 'pratham9108735009', 'izzetatahan', 'liswfa123', 'shreya.20ec057', 'sandeep.patel', 'manasa.20ec028', 'isethguy', 'gali.sunny', 'ashok.meena', 'san', 'annohub12', 'berfin_cakmak', 'niteshmaurya', 'ogu0001', 'yadav.rahul']"
5,462,116,9,6,"['agarwal.nimit', 'patel.vrajesh', 'uttam.kumar', 'pulkit196', 'pratik.raj', 'rahul.lalani']",109,"['pavan.20ec037', 'parmar.vishal', 'shailya', 'john8812155', 'aryamann', 'nikhithashetty23', 'shadyengineer12345', 'balber756', 'swasthikrao06', 'shah.neel', 'roshan.mohyeldeen', 'sgu20181339', 'tugceyildiz778', 'amgaddalia90', 'riya.dhantoliya1403', 'sagar.20ec050', 'busherdev', 'kankshikomre', 'vkvikas74', 'rijmmax', 'santhosh.cc', 'mtnkyr', 'ashish12345', 'isatopal', 'sumanth.20ec063', 'tsaha', 'yigitince33', 'md.hassan', 'sirichandana12', 'rakshanayak24', 'shrinidhi.20ec058', 'parulsingh123', 'goncaonder', 'rimsha07', 'gurhankopcaz', 'yogeshkhandelwal', 'oguzza', 'edemirtas468', 'adhikarideepak227', 'kamalteja123', 'vector.wang', 'vinaya.20ec069', 'ekansh.bansal', 'rashishetty', 'ankitha.20ec011', 'cagdas_aktay', 'bhujbal.aditya', 'sgu20171555', 'cetinkayaahmetcan17', 'yazma4242', 'r.yeeshu', 'soumya26', 'raksha_nayak84', 'mann.jain', 'adithya.20ec007', 'abhilash.20ec002', 'prathviraj', 'maryam.alawadhi', 'mariz99', 'aryan.gupta', 'lloydpinto15', 'shubham.bp', 'dmoraru', 'anilkataria2002', 'tanmay1882', 'akshy.meena', 'lloyd.20ec025', 'sankalp.20ec052', 'supriya.jk', 'serdarsallanti43', 'take0903', 'sumanth.20ec061', 'rahamathunnisa', 'david.diazl', 'aditi_dey29', 'sukanya.more', 'harshit_r', 'sourabh.20ec060', 'ankitha', 'shreeta.20ec056', 'ruchit422', 'ksheer.agrawal', 'nanouser321', 'rigbone', 'prasanna20ec040', 'shanmukhi.ganesh', 'keremkaanenel', 'mrgiraffe', 'tanmay.20ec067', 'daniel.giftson', 'goktugozkeskin00', 'rahul.20ec045', 'jinay.dagli', 'zebercet20', 'pratham9108735009', 'izzetatahan', 'liswfa123', 'shreya.20ec057', 'sandeep.patel', 'manasa.20ec028', 'isethguy', 'gali.sunny', 'ashok.meena', 'san', 'annohub12', 'berfin_cakmak', 'niteshmaurya', 'ogu0001', 'yadav.rahul']",3,"['shruhrid.banthia', None, 'prakriti']",118,"['pavan.20ec037', 'parmar.vishal', 'shailya', 'john8812155', 'aryamann', 'nikhithashetty23', 'shadyengineer12345', 'balber756', 'swasthikrao06', 'shah.neel', 'roshan.mohyeldeen', 'sgu20181339', 'tugceyildiz778', 'amgaddalia90', 'riya.dhantoliya1403', 'sagar.20ec050', 'busherdev', 'kankshikomre', 'vkvikas74', 'rijmmax', 'santhosh.cc', 'mtnkyr', 'ashish12345', 'isatopal', 'sumanth.20ec063', 'tsaha', 'yigitince33', 'md.hassan', 'sirichandana12', 'rakshanayak24', 'shrinidhi.20ec058', 'parulsingh123', 'goncaonder', 'rimsha07', 'gurhankopcaz', 'yogeshkhandelwal', 'oguzza', 'edemirtas468', 'adhikarideepak227', 'kamalteja123', 'vector.wang', 'vinaya.20ec069', 'ekansh.bansal', 'rashishetty', 'ankitha.20ec011', 'cagdas_aktay', 'bhujbal.aditya', 'sgu20171555', 'cetinkayaahmetcan17', 'yazma4242', 'r.yeeshu', 'soumya26', 'uttam.kumar', 'raksha_nayak84', 'mann.jain', 'adithya.20ec007', 'abhilash.20ec002', 'prathviraj', 'maryam.alawadhi', 'rahul.lalani', 'mariz99', 'aryan.gupta', 'lloydpinto15', 'shubham.bp', 'dmoraru', 'anilkataria2002', 'tanmay1882', 'akshy.meena', 'lloyd.20ec025', 'sankalp.20ec052', 'supriya.jk', 'serdarsallanti43', 'take0903', 'sumanth.20ec061', 'rahamathunnisa', 'david.diazl', 'aditi_dey29', 'sukanya.more', 'harshit_r', 'sourabh.20ec060', 'prakriti', 'ankitha', 'shreeta.20ec056', 'pulkit196', 'ruchit422', 'ksheer.agrawal', 'nanouser321', 'rigbone', 'pratik.raj', 'prasanna20ec040', 'agarwal.nimit', 'shanmukhi.ganesh', 'keremkaanenel', 'mrgiraffe', 'tanmay.20ec067', 'daniel.giftson', 'patel.vrajesh', 'goktugozkeskin00', 'rahul.20ec045', 'jinay.dagli', 'zebercet20', None, 'pratham9108735009', 'izzetatahan', 'liswfa123', 'shreya.20ec057', 'sandeep.patel', 'manasa.20ec028', 'isethguy', 'gali.sunny', 'ashok.meena', 'san', 'annohub12', 'berfin_cakmak', 'niteshmaurya', 'shruhrid.banthia', 'ogu0001', 'yadav.rahul']"
5,463,116,9,3,"['amgaddalia90', 'mariz99', 'balber756']",112,"['pavan.20ec037', 'parmar.vishal', 'shailya', 'john8812155', 'aryamann', 'nikhithashetty23', 'shadyengineer12345', 'swasthikrao06', 'shah.neel', 'roshan.mohyeldeen', 'sgu20181339', 'tugceyildiz778', 'riya.dhantoliya1403', 'sagar.20ec050', 'busherdev', 'kankshikomre', 'vkvikas74', 'rijmmax', 'santhosh.cc', 'mtnkyr', 'ashish12345', 'isatopal', 'sumanth.20ec063', 'tsaha', 'yigitince33', 'md.hassan', 'sirichandana12', 'rakshanayak24', 'shrinidhi.20ec058', 'parulsingh123', 'goncaonder', 'rimsha07', 'gurhankopcaz', 'yogeshkhandelwal', 'oguzza', 'edemirtas468', 'adhikarideepak227', 'kamalteja123', 'vector.wang', 'vinaya.20ec069', 'ekansh.bansal', 'rashishetty', 'ankitha.20ec011', 'cagdas_aktay', 'bhujbal.aditya', 'sgu20171555', 'cetinkayaahmetcan17', 'yazma4242', 'r.yeeshu', 'soumya26', 'uttam.kumar', 'raksha_nayak84', 'mann.jain', 'adithya.20ec007', 'abhilash.20ec002', 'prathviraj', 'maryam.alawadhi', 'rahul.lalani', 'aryan.gupta', 'lloydpinto15', 'shubham.bp', 'dmoraru', 'anilkataria2002', 'tanmay1882', 'akshy.meena', 'lloyd.20ec025', 'sankalp.20ec052', 'supriya.jk', 'serdarsallanti43', 'take0903', 'sumanth.20ec061', 'rahamathunnisa', 'david.diazl', 'aditi_dey29', 'sukanya.more', 'harshit_r', 'sourabh.20ec060', 'ankitha', 'shreeta.20ec056', 'pulkit196', 'ruchit422', 'ksheer.agrawal', 'nanouser321', 'rigbone', 'pratik.raj', 'prasanna20ec040', 'agarwal.nimit', 'shanmukhi.ganesh', 'keremkaanenel', 'mrgiraffe', 'tanmay.20ec067', 'daniel.giftson', 'patel.vrajesh', 'goktugozkeskin00', 'rahul.20ec045', 'jinay.dagli', 'zebercet20', 'pratham9108735009', 'izzetatahan', 'liswfa123', 'shreya.20ec057', 'sandeep.patel', 'manasa.20ec028', 'isethguy', 'gali.sunny', 'ashok.meena', 'san', 'annohub12', 'berfin_cakmak', 'niteshmaurya', 'ogu0001', 'yadav.rahul']",6,"['seifallh', 'shohrt', 'nadatarek2599', 'mohmedhosam1986', None, 'mariamtaher2000']",121,"['pavan.20ec037', 'parmar.vishal', 'shailya', 'john8812155', 'aryamann', 'nikhithashetty23', 'shadyengineer12345', 'balber756', 'swasthikrao06', 'shah.neel', 'roshan.mohyeldeen', 'sgu20181339', 'tugceyildiz778', 'amgaddalia90', 'riya.dhantoliya1403', 'sagar.20ec050', 'busherdev', 'kankshikomre', 'vkvikas74', 'rijmmax', 'santhosh.cc', 'mtnkyr', 'ashish12345', 'isatopal', 'sumanth.20ec063', 'tsaha', 'yigitince33', 'nadatarek2599', 'md.hassan', 'sirichandana12', 'rakshanayak24', 'shrinidhi.20ec058', 'mariamtaher2000', 'parulsingh123', 'goncaonder', 'rimsha07', 'gurhankopcaz', 'yogeshkhandelwal', 'oguzza', 'edemirtas468', 'adhikarideepak227', 'kamalteja123', 'vector.wang', 'vinaya.20ec069', 'ekansh.bansal', 'rashishetty', 'ankitha.20ec011', 'cagdas_aktay', 'bhujbal.aditya', 'sgu20171555', 'cetinkayaahmetcan17', 'yazma4242', 'r.yeeshu', 'soumya26', 'uttam.kumar', 'raksha_nayak84', 'mann.jain', 'adithya.20ec007', 'abhilash.20ec002', 'prathviraj', 'maryam.alawadhi', 'rahul.lalani', 'mariz99', 'aryan.gupta', 'lloydpinto15', 'shubham.bp', 'dmoraru', 'anilkataria2002', 'tanmay1882', 'akshy.meena', 'lloyd.20ec025', 'sankalp.20ec052', 'supriya.jk', 'serdarsallanti43', 'take0903', 'sumanth.20ec061', 'rahamathunnisa', 'mohmedhosam1986', 'david.diazl', 'aditi_dey29', 'sukanya.more', 'harshit_r', 'sourabh.20ec060', 'ankitha', 'shreeta.20ec056', 'pulkit196', 'ruchit422', 'ksheer.agrawal', 'nanouser321', 'rigbone', 'pratik.raj', 'prasanna20ec040', 'agarwal.nimit', 'shanmukhi.ganesh', 'keremkaanenel', 'mrgiraffe', 'tanmay.20ec067', 'daniel.giftson', 'patel.vrajesh', 'goktugozkeskin00', 'rahul.20ec045', 'jinay.dagli', 'shohrt', 'zebercet20', None, 'pratham9108735009', 'izzetatahan', 'liswfa123', 'shreya.20ec057', 'sandeep.patel', 'manasa.20ec028', 'isethguy', 'gali.sunny', 'ashok.meena', 'seifallh', 'san', 'annohub12', 'berfin_cakmak', 'niteshmaurya', 'ogu0001', 'yadav.rahul']"
5,467,116,9,2,"['sgu20171555', 'sgu20181339']",113,"['pavan.20ec037', 'parmar.vishal', 'shailya', 'john8812155', 'aryamann', 'nikhithashetty23', 'shadyengineer12345', 'balber756', 'swasthikrao06', 'shah.neel', 'roshan.mohyeldeen', 'tugceyildiz778', 'amgaddalia90', 'riya.dhantoliya1403', 'sagar.20ec050', 'busherdev', 'kankshikomre', 'vkvikas74', 'rijmmax', 'santhosh.cc', 'mtnkyr', 'ashish12345', 'isatopal', 'sumanth.20ec063', 'tsaha', 'yigitince33', 'md.hassan', 'sirichandana12', 'rakshanayak24', 'shrinidhi.20ec058', 'parulsingh123', 'goncaonder', 'rimsha07', 'gurhankopcaz', 'yogeshkhandelwal', 'oguzza', 'edemirtas468', 'adhikarideepak227', 'kamalteja123', 'vector.wang', 'vinaya.20ec069', 'ekansh.bansal', 'rashishetty', 'ankitha.20ec011', 'cagdas_aktay', 'bhujbal.aditya', 'cetinkayaahmetcan17', 'yazma4242', 'r.yeeshu', 'soumya26', 'uttam.kumar', 'raksha_nayak84', 'mann.jain', 'adithya.20ec007', 'abhilash.20ec002', 'prathviraj', 'maryam.alawadhi', 'rahul.lalani', 'mariz99', 'aryan.gupta', 'lloydpinto15', 'shubham.bp', 'dmoraru', 'anilkataria2002', 'tanmay1882', 'akshy.meena', 'lloyd.20ec025', 'sankalp.20ec052', 'supriya.jk', 'serdarsallanti43', 'take0903', 'sumanth.20ec061', 'rahamathunnisa', 'david.diazl', 'aditi_dey29', 'sukanya.more', 'harshit_r', 'sourabh.20ec060', 'ankitha', 'shreeta.20ec056', 'pulkit196', 'ruchit422', 'ksheer.agrawal', 'nanouser321', 'rigbone', 'pratik.raj', 'prasanna20ec040', 'agarwal.nimit', 'shanmukhi.ganesh', 'keremkaanenel', 'mrgiraffe', 'tanmay.20ec067', 'daniel.giftson', 'patel.vrajesh', 'goktugozkeskin00', 'rahul.20ec045', 'jinay.dagli', 'zebercet20', 'pratham9108735009', 'izzetatahan', 'liswfa123', 'shreya.20ec057', 'sandeep.patel', 'manasa.20ec028', 'isethguy', 'gali.sunny', 'ashok.meena', 'san', 'annohub12', 'berfin_cakmak', 'niteshmaurya', 'ogu0001', 'yadav.rahul']",7,"['kimjaewook5834', 'sgu20181535', 'sgu20171339', 'sgu20201433', 'sgu20181503', 'sgu20181479', None]",122,"['pavan.20ec037', 'parmar.vishal', 'shailya', 'john8812155', 'aryamann', 'nikhithashetty23', 'shadyengineer12345', 'balber756', 'swasthikrao06', 'shah.neel', 'roshan.mohyeldeen', 'sgu20181479', 'sgu20181339', 'tugceyildiz778', 'amgaddalia90', 'riya.dhantoliya1403', 'sagar.20ec050', 'busherdev', 'kankshikomre', 'vkvikas74', 'rijmmax', 'santhosh.cc', 'mtnkyr', 'ashish12345', 'isatopal', 'sumanth.20ec063', 'tsaha', 'yigitince33', 'md.hassan', 'sirichandana12', 'rakshanayak24', 'shrinidhi.20ec058', 'parulsingh123', 'goncaonder', 'rimsha07', 'gurhankopcaz', 'yogeshkhandelwal', 'oguzza', 'sgu20181503', 'edemirtas468', 'adhikarideepak227', 'kamalteja123', 'vector.wang', 'vinaya.20ec069', 'ekansh.bansal', 'rashishetty', 'ankitha.20ec011', 'cagdas_aktay', 'bhujbal.aditya', 'sgu20171555', 'cetinkayaahmetcan17', 'yazma4242', 'r.yeeshu', 'soumya26', 'uttam.kumar', 'raksha_nayak84', 'mann.jain', 'adithya.20ec007', 'abhilash.20ec002', 'prathviraj', 'maryam.alawadhi', 'rahul.lalani', 'mariz99', 'aryan.gupta', 'lloydpinto15', 'kimjaewook5834', 'shubham.bp', 'dmoraru', 'anilkataria2002', 'sgu20171339', 'tanmay1882', 'akshy.meena', 'lloyd.20ec025', 'sankalp.20ec052', 'supriya.jk', 'serdarsallanti43', 'take0903', 'sumanth.20ec061', 'rahamathunnisa', 'david.diazl', 'aditi_dey29', 'sukanya.more', 'harshit_r', 'sourabh.20ec060', 'sgu20181535', 'ankitha', 'shreeta.20ec056', 'pulkit196', 'ruchit422', 'ksheer.agrawal', 'nanouser321', 'rigbone', 'pratik.raj', 'prasanna20ec040', 'agarwal.nimit', 'shanmukhi.ganesh', 'keremkaanenel', 'mrgiraffe', 'tanmay.20ec067', 'daniel.giftson', 'patel.vrajesh', 'sgu20201433', 'goktugozkeskin00', 'rahul.20ec045', 'jinay.dagli', 'zebercet20', None, 'pratham9108735009', 'izzetatahan', 'liswfa123', 'shreya.20ec057', 'sandeep.patel', 'manasa.20ec028', 'isethguy', 'gali.sunny', 'ashok.meena', 'san', 'annohub12', 'berfin_cakmak', 'niteshmaurya', 'ogu0001', 'yadav.rahul']"
5,453,116,7,1,['kamalteja123'],114,"['pavan.20ec037', 'parmar.vishal', 'shailya', 'john8812155', 'aryamann', 'nikhithashetty23', 'shadyengineer12345', 'balber756', 'swasthikrao06', 'shah.neel', 'roshan.mohyeldeen', 'sgu20181339', 'tugceyildiz778', 'amgaddalia90', 'riya.dhantoliya1403', 'sagar.20ec050', 'busherdev', 'kankshikomre', 'vkvikas74', 'rijmmax', 'santhosh.cc', 'mtnkyr', 'ashish12345', 'isatopal', 'sumanth.20ec063', 'tsaha', 'yigitince33', 'md.hassan', 'sirichandana12', 'rakshanayak24', 'shrinidhi.20ec058', 'parulsingh123', 'goncaonder', 'rimsha07', 'gurhankopcaz', 'yogeshkhandelwal', 'oguzza', 'edemirtas468', 'adhikarideepak227', 'vector.wang', 'vinaya.20ec069', 'ekansh.bansal', 'rashishetty', 'ankitha.20ec011', 'cagdas_aktay', 'bhujbal.aditya', 'sgu20171555', 'cetinkayaahmetcan17', 'yazma4242', 'r.yeeshu', 'soumya26', 'uttam.kumar', 'raksha_nayak84', 'mann.jain', 'adithya.20ec007', 'abhilash.20ec002', 'prathviraj', 'maryam.alawadhi', 'rahul.lalani', 'mariz99', 'aryan.gupta', 'lloydpinto15', 'shubham.bp', 'dmoraru', 'anilkataria2002', 'tanmay1882', 'akshy.meena', 'lloyd.20ec025', 'sankalp.20ec052', 'supriya.jk', 'serdarsallanti43', 'take0903', 'sumanth.20ec061', 'rahamathunnisa', 'david.diazl', 'aditi_dey29', 'sukanya.more', 'harshit_r', 'sourabh.20ec060', 'ankitha', 'shreeta.20ec056', 'pulkit196', 'ruchit422', 'ksheer.agrawal', 'nanouser321', 'rigbone', 'pratik.raj', 'prasanna20ec040', 'agarwal.nimit', 'shanmukhi.ganesh', 'keremkaanenel', 'mrgiraffe', 'tanmay.20ec067', 'daniel.giftson', 'patel.vrajesh', 'goktugozkeskin00', 'rahul.20ec045', 'jinay.dagli', 'zebercet20', 'pratham9108735009', 'izzetatahan', 'liswfa123', 'shreya.20ec057', 'sandeep.patel', 'manasa.20ec028', 'isethguy', 'gali.sunny', 'ashok.meena', 'san', 'annohub12', 'berfin_cakmak', 'niteshmaurya', 'ogu0001', 'yadav.rahul']",6,"['sravan.yerroju123', 'sairam77', 'ashuaswini23', 'rakeshd81', None, 'raviteja231']",121,"['pavan.20ec037', 'parmar.vishal', 'shailya', 'john8812155', 'aryamann', 'nikhithashetty23', 'shadyengineer12345', 'balber756', 'swasthikrao06', 'shah.neel', 'roshan.mohyeldeen', 'sgu20181339', 'tugceyildiz778', 'amgaddalia90', 'riya.dhantoliya1403', 'sairam77', 'sagar.20ec050', 'busherdev', 'kankshikomre', 'vkvikas74', 'rijmmax', 'santhosh.cc', 'mtnkyr', 'ashish12345', 'isatopal', 'sumanth.20ec063', 'tsaha', 'yigitince33', 'md.hassan', 'sirichandana12', 'rakshanayak24', 'shrinidhi.20ec058', 'parulsingh123', 'goncaonder', 'rimsha07', 'gurhankopcaz', 'yogeshkhandelwal', 'oguzza', 'rakeshd81', 'edemirtas468', 'adhikarideepak227', 'kamalteja123', 'vector.wang', 'vinaya.20ec069', 'ekansh.bansal', 'rashishetty', 'ankitha.20ec011', 'cagdas_aktay', 'bhujbal.aditya', 'sgu20171555', 'cetinkayaahmetcan17', 'yazma4242', 'r.yeeshu', 'soumya26', 'uttam.kumar', 'raksha_nayak84', 'mann.jain', 'adithya.20ec007', 'abhilash.20ec002', 'prathviraj', 'maryam.alawadhi', 'rahul.lalani', 'mariz99', 'aryan.gupta', 'lloydpinto15', 'shubham.bp', 'dmoraru', 'anilkataria2002', 'tanmay1882', 'akshy.meena', 'lloyd.20ec025', 'sankalp.20ec052', 'supriya.jk', 'serdarsallanti43', 'take0903', 'sumanth.20ec061', 'rahamathunnisa', 'david.diazl', 'aditi_dey29', 'sukanya.more', 'harshit_r', 'sourabh.20ec060', 'ashuaswini23', 'ankitha', 'shreeta.20ec056', 'pulkit196', 'ruchit422', 'ksheer.agrawal', 'nanouser321', 'rigbone', 'pratik.raj', 'sravan.yerroju123', 'prasanna20ec040', 'agarwal.nimit', 'shanmukhi.ganesh', 'keremkaanenel', 'mrgiraffe', 'tanmay.20ec067', 'daniel.giftson', 'patel.vrajesh', 'goktugozkeskin00', 'rahul.20ec045', 'jinay.dagli', 'zebercet20', None, 'pratham9108735009', 'izzetatahan', 'liswfa123', 'shreya.20ec057', 'sandeep.patel', 'manasa.20ec028', 'isethguy', 'gali.sunny', 'ashok.meena', 'san', 'annohub12', 'berfin_cakmak', 'niteshmaurya', 'ogu0001', 'raviteja231', 'yadav.rahul']"
5,458,116,7,5,"['busherdev', 'yazma4242', 'goktugozkeskin00', 'berfin_cakmak', 'edemirtas468']",110,"['pavan.20ec037', 'parmar.vishal', 'shailya', 'john8812155', 'aryamann', 'nikhithashetty23', 'shadyengineer12345', 'balber756', 'swasthikrao06', 'shah.neel', 'roshan.mohyeldeen', 'sgu20181339', 'tugceyildiz778', 'amgaddalia90', 'riya.dhantoliya1403', 'sagar.20ec050', 'kankshikomre', 'vkvikas74', 'rijmmax', 'santhosh.cc', 'mtnkyr', 'ashish12345', 'isatopal', 'sumanth.20ec063', 'tsaha', 'yigitince33', 'md.hassan', 'sirichandana12', 'rakshanayak24', 'shrinidhi.20ec058', 'parulsingh123', 'goncaonder', 'rimsha07', 'gurhankopcaz', 'yogeshkhandelwal', 'oguzza', 'adhikarideepak227', 'kamalteja123', 'vector.wang', 'vinaya.20ec069', 'ekansh.bansal', 'rashishetty', 'ankitha.20ec011', 'cagdas_aktay', 'bhujbal.aditya', 'sgu20171555', 'cetinkayaahmetcan17', 'r.yeeshu', 'soumya26', 'uttam.kumar', 'raksha_nayak84', 'mann.jain', 'adithya.20ec007', 'abhilash.20ec002', 'prathviraj', 'maryam.alawadhi', 'rahul.lalani', 'mariz99', 'aryan.gupta', 'lloydpinto15', 'shubham.bp', 'dmoraru', 'anilkataria2002', 'tanmay1882', 'akshy.meena', 'lloyd.20ec025', 'sankalp.20ec052', 'supriya.jk', 'serdarsallanti43', 'take0903', 'sumanth.20ec061', 'rahamathunnisa', 'david.diazl', 'aditi_dey29', 'sukanya.more', 'harshit_r', 'sourabh.20ec060', 'ankitha', 'shreeta.20ec056', 'pulkit196', 'ruchit422', 'ksheer.agrawal', 'nanouser321', 'rigbone', 'pratik.raj', 'prasanna20ec040', 'agarwal.nimit', 'shanmukhi.ganesh', 'keremkaanenel', 'mrgiraffe', 'tanmay.20ec067', 'daniel.giftson', 'patel.vrajesh', 'rahul.20ec045', 'jinay.dagli', 'zebercet20', 'pratham9108735009', 'izzetatahan', 'liswfa123', 'shreya.20ec057', 'sandeep.patel', 'manasa.20ec028', 'isethguy', 'gali.sunny', 'ashok.meena', 'san', 'annohub12', 'niteshmaurya', 'ogu0001', 'yadav.rahul']",2,"[None, 'rockerheadgamer']",117,"['pavan.20ec037', 'parmar.vishal', 'shailya', 'john8812155', 'aryamann', 'nikhithashetty23', 'shadyengineer12345', 'balber756', 'swasthikrao06', 'shah.neel', 'roshan.mohyeldeen', 'sgu20181339', 'tugceyildiz778', 'amgaddalia90', 'riya.dhantoliya1403', 'sagar.20ec050', 'busherdev', 'kankshikomre', 'vkvikas74', 'rijmmax', 'santhosh.cc', 'mtnkyr', 'ashish12345', 'isatopal', 'sumanth.20ec063', 'tsaha', 'yigitince33', 'md.hassan', 'sirichandana12', 'rakshanayak24', 'shrinidhi.20ec058', 'parulsingh123', 'goncaonder', 'rimsha07', 'gurhankopcaz', 'yogeshkhandelwal', 'oguzza', 'edemirtas468', 'adhikarideepak227', 'kamalteja123', 'vector.wang', 'vinaya.20ec069', 'ekansh.bansal', 'rashishetty', 'ankitha.20ec011', 'cagdas_aktay', 'bhujbal.aditya', 'sgu20171555', 'cetinkayaahmetcan17', 'yazma4242', 'r.yeeshu', 'soumya26', 'uttam.kumar', 'raksha_nayak84', 'mann.jain', 'adithya.20ec007', 'abhilash.20ec002', 'prathviraj', 'maryam.alawadhi', 'rahul.lalani', 'mariz99', 'aryan.gupta', 'lloydpinto15', 'shubham.bp', 'dmoraru', 'anilkataria2002', 'tanmay1882', 'akshy.meena', 'lloyd.20ec025', 'rockerheadgamer', 'sankalp.20ec052', 'supriya.jk', 'serdarsallanti43', 'take0903', 'sumanth.20ec061', 'rahamathunnisa', 'david.diazl', 'aditi_dey29', 'sukanya.more', 'harshit_r', 'sourabh.20ec060', 'ankitha', 'shreeta.20ec056', 'pulkit196', 'ruchit422', 'ksheer.agrawal', 'nanouser321', 'rigbone', 'pratik.raj', 'prasanna20ec040', 'agarwal.nimit', 'shanmukhi.ganesh', 'keremkaanenel', 'mrgiraffe', 'tanmay.20ec067', 'daniel.giftson', 'patel.vrajesh', 'goktugozkeskin00', 'rahul.20ec045', 'jinay.dagli', 'zebercet20', None, 'pratham9108735009', 'izzetatahan', 'liswfa123', 'shreya.20ec057', 'sandeep.patel', 'manasa.20ec028', 'isethguy', 'gali.sunny', 'ashok.meena', 'san', 'annohub12', 'berfin_cakmak', 'niteshmaurya', 'ogu0001', 'yadav.rahul']"
6,330,86,103,59,"['iparraga', 'dbukows', 'djharrington19', 'jone2081', 'mart1731', 'pkradas', 'rubenmendia', 'mframan', 'jharbers', 'isaiah.bap', 'msavchen', 'jdamle', 'cdesser', 'nvansal', 'ptrakarn', 'agrama64', 'ysethi', 'jpachol', 'meher311', 'little62', 'hanse145', 'young505', 'rmascare', 'gjekel', 'ekrizman01', 'malu', 'smit3520', 'taylorbaker914', 'avneesh123', 'nscanlon', 'mkosmerl', 'yuan274', 'pandya11', 'pakhilesh2604', 'jboos', 'bush75', 'nsherma', 'amullic', 'liu2730', 'pierce95', 'rgodjali', 'bmathie', 'matthewos127', 'cooperford', 'pate1016', 'jwang8', 'yujunhuang', 'jiiihyeonnn', 'bai91', 'eschmit12', 'ramos78', 'dgada', 'haynes45', 'chang745', 'patrickcooney17', 'wen101', 'adellemurph18', 'cobert', 'mahmoon']",26,"['reilly29', 'tonywu123', 'pate1037', 'rvarghes', 'adecamps', 'graha165', 'kamm', 'bruns18', 'chen2768', 'dcrossla', 'lologuidi', 'evsnano', 'allen469', 'jascher', 'gsondge', 'noahwitkowski', 'harri755', 'dinh3', 'dshining', 'nguye676', 'cfadel', 'ladd4', 'alibrown', 'kfitzha', 'escime', 'mtrese']",44,"['nss', 'dleontar', 'wgraber', 'isaacwegner', 'rsoltis', 'erickst', 'mozlu', 'llem868737', 'rccorahu', 'sdt09', 'hyltonk', 'lalmeid', 'lin1121', 'murph376', 'thoma805', 'daniel.al.hagedorn', 'madeleiney', 'sanch207', 'larkin9', 'cook323', 'moffatr', 'aedowney', 'npaulter', 'breigle08', 'sdumouli', 'doerr2', 'shi522', 'ponsot', 'will1912', 'jstegner', None, 'kabdelaz', 'ebowes', 'rockytsaws', 'fangziqi325', 'sahajgoyal100', 'chen3826', 'aroychow', 'slazaroa', 'jamorant', 'carril14', 'jptruitt', 'jain378', 'kusk']",129,"['iparraga', 'reilly29', 'mart1731', 'graha165', 'jharbers', 'cdesser', 'jdamle', 'bruns18', 'jpachol', 'little62', 'hanse145', 'chen2768', 'sdt09', 'lalmeid', 'malu', 'lin1121', 'taylorbaker914', 'cook323', 'moffatr', 'aedowney', 'pierce95', 'dshining', 'nguye676', 'cooperford', 'cfadel', 'yujunhuang', 'ramos78', 'dgada', 'alibrown', 'aroychow', 'jamorant', 'wen101', 'mtrese', 'cobert', 'jain378', 'pate1037', 'djharrington19', 'adecamps', 'msavchen', 'nvansal', 'kamm', 'erickst', 'mozlu', 'llem868737', 'hyltonk', 'gjekel', 'smit3520', 'avneesh123', 'nscanlon', 'mkosmerl', 'daniel.al.hagedorn', 'sanch207', 'bush75', 'larkin9', 'liu2730', 'noahwitkowski', 'doerr2', 'ponsot', None, 'ladd4', 'eschmit12', 'rockytsaws', 'chen3826', 'patrickcooney17', 'carril14', 'meher311', 'jone2081', 'dleontar', 'rubenmendia', 'isaiah.bap', 'ptrakarn', 'rsoltis', 'dcrossla', 'young505', 'lologuidi', 'murph376', 'yuan274', 'nsherma', 'amullic', 'npaulter', 'harri755', 'will1912', 'jwang8', 'jiiihyeonnn', 'bai91', 'ebowes', 'slazaroa', 'jptruitt', 'mahmoon', 'nss', 'tonywu123', 'dbukows', 'rvarghes', 'wgraber', 'pkradas', 'mframan', 'agrama64', 'ysethi', 'isaacwegner', 'rccorahu', 'rmascare', 'ekrizman01', 'evsnano', 'pandya11', 'pakhilesh2604', 'thoma805', 'madeleiney', 'jboos', 'allen469', 'jascher', 'gsondge', 'rgodjali', 'breigle08', 'dinh3', 'bmathie', 'matthewos127', 'sdumouli', 'shi522', 'jstegner', 'pate1016', 'kabdelaz', 'fangziqi325', 'sahajgoyal100', 'haynes45', 'kfitzha', 'chang745', 'escime', 'adellemurph18', 'kusk']"
6,540,86,75,66,"['iparraga', 'dbukows', 'pate1037', 'jone2081', 'djharrington19', 'mart1731', 'rvarghes', 'rubenmendia', 'pkradas', 'jharbers', 'isaiah.bap', 'mframan', 'cdesser', 'jdamle', 'agrama64', 'nvansal', 'msavchen', 'ysethi', 'jpachol', 'little62', 'chen2768', 'hanse145', 'young505', 'dcrossla', 'rmascare', 'gjekel', 'ekrizman01', 'lologuidi', 'malu', 'smit3520', 'taylorbaker914', 'avneesh123', 'nscanlon', 'yuan274', 'pakhilesh2604', 'mkosmerl', 'pandya11', 'jboos', 'bush75', 'amullic', 'liu2730', 'pierce95', 'rgodjali', 'bmathie', 'matthewos127', 'nguye676', 'cobert', 'cooperford', 'cfadel', 'yujunhuang', 'jwang8', 'bai91', 'jiiihyeonnn', 'eschmit12', 'ramos78', 'dgada', 'alibrown', 'haynes45', 'chang745', 'patrickcooney17', 'kfitzha', 'wen101', 'escime', 'adellemurph18', 'meher311', 'mahmoon']",19,"['reilly29', 'tonywu123', 'adecamps', 'graha165', 'ptrakarn', 'kamm', 'bruns18', 'evsnano', 'nsherma', 'allen469', 'jascher', 'gsondge', 'noahwitkowski', 'harri755', 'dinh3', 'dshining', 'pate1016', 'ladd4', 'mtrese']",9,"['jain378', 'lane135', 'ben.reigle', 'hyltonk', 'aedowney', 'im31', 'davidjohnson', 'erinhartman', None]",94,"['iparraga', 'reilly29', 'mart1731', 'im31', 'graha165', 'jharbers', 'cdesser', 'jdamle', 'bruns18', 'jpachol', 'erinhartman', 'little62', 'hanse145', 'chen2768', 'malu', 'taylorbaker914', 'aedowney', 'pierce95', 'dshining', 'nguye676', 'cooperford', 'cfadel', 'yujunhuang', 'ramos78', 'dgada', 'alibrown', 'wen101', 'mtrese', 'cobert', 'jain378', 'pate1037', 'djharrington19', 'adecamps', 'msavchen', 'nvansal', 'kamm', 'lane135', 'hyltonk', 'gjekel', 'smit3520', 'avneesh123', 'nscanlon', 'mkosmerl', 'bush75', 'liu2730', 'noahwitkowski', None, 'ladd4', 'eschmit12', 'patrickcooney17', 'meher311', 'ben.reigle', 'jone2081', 'rubenmendia', 'isaiah.bap', 'ptrakarn', 'dcrossla', 'young505', 'lologuidi', 'yuan274', 'nsherma', 'amullic', 'harri755', 'davidjohnson', 'jwang8', 'jiiihyeonnn', 'bai91', 'mahmoon', 'tonywu123', 'dbukows', 'rvarghes', 'pkradas', 'mframan', 'agrama64', 'ysethi', 'rmascare', 'ekrizman01', 'evsnano', 'pandya11', 'pakhilesh2604', 'jboos', 'allen469', 'jascher', 'gsondge', 'rgodjali', 'dinh3', 'bmathie', 'matthewos127', 'pate1016', 'haynes45', 'kfitzha', 'chang745', 'escime', 'adellemurph18']"
6,331,86,21,11,"['cfadel', 'tonywu123', 'ladd4', 'jascher', 'gsondge', 'graha165', 'agrama64', 'kamm', 'dshining', 'wen101', 'pate1016']",74,"['iparraga', 'reilly29', 'dbukows', 'pate1037', 'djharrington19', 'jone2081', 'mart1731', 'rvarghes', 'adecamps', 'rubenmendia', 'jharbers', 'isaiah.bap', 'msavchen', 'cdesser', 'jdamle', 'nvansal', 'ptrakarn', 'mframan', 'ysethi', 'bruns18', 'jpachol', 'pkradas', 'meher311', 'little62', 'chen2768', 'hanse145', 'dcrossla', 'young505', 'rmascare', 'gjekel', 'ekrizman01', 'lologuidi', 'malu', 'smit3520', 'evsnano', 'taylorbaker914', 'avneesh123', 'nscanlon', 'mkosmerl', 'yuan274', 'pandya11', 'pakhilesh2604', 'jboos', 'bush75', 'nsherma', 'allen469', 'amullic', 'liu2730', 'pierce95', 'noahwitkowski', 'harri755', 'rgodjali', 'dinh3', 'bmathie', 'matthewos127', 'nguye676', 'cooperford', 'jwang8', 'yujunhuang', 'jiiihyeonnn', 'bai91', 'eschmit12', 'ramos78', 'dgada', 'alibrown', 'haynes45', 'kfitzha', 'patrickcooney17', 'chang745', 'escime', 'adellemurph18', 'mtrese', 'cobert', 'mahmoon']",10,"['bdurkee', 'jonate', 'tjgodse', 'clolah', 'cartermh22', 'dobbins0', 'lee3541', 'jfinan', None, 'hmcmilli']",95,"['iparraga', 'reilly29', 'jone2081', 'mart1731', 'rubenmendia', 'graha165', 'jharbers', 'isaiah.bap', 'cdesser', 'jdamle', 'ptrakarn', 'cartermh22', 'bruns18', 'jpachol', 'little62', 'hanse145', 'chen2768', 'dcrossla', 'young505', 'bdurkee', 'lologuidi', 'malu', 'taylorbaker914', 'yuan274', 'nsherma', 'amullic', 'pierce95', 'tjgodse', 'harri755', 'dshining', 'nguye676', 'cooperford', 'hmcmilli', 'cfadel', 'yujunhuang', 'jwang8', 'jiiihyeonnn', 'bai91', 'ramos78', 'dgada', 'alibrown', 'wen101', 'lee3541', 'mtrese', 'cobert', 'dobbins0', 'mahmoon', 'tonywu123', 'dbukows', 'pate1037', 'djharrington19', 'rvarghes', 'pkradas', 'adecamps', 'mframan', 'msavchen', 'nvansal', 'agrama64', 'kamm', 'ysethi', 'rmascare', 'gjekel', 'ekrizman01', 'smit3520', 'evsnano', 'avneesh123', 'nscanlon', 'pandya11', 'mkosmerl', 'pakhilesh2604', 'jboos', 'bush75', 'allen469', 'jascher', 'gsondge', 'liu2730', 'noahwitkowski', 'rgodjali', 'dinh3', 'bmathie', 'matthewos127', 'jfinan', None, 'pate1016', 'ladd4', 'eschmit12', 'jonate', 'haynes45', 'clolah', 'kfitzha', 'patrickcooney17', 'chang745', 'escime', 'adellemurph18', 'meher311']"
6,327,86,20,12,"['bush75', 'jone2081', 'pate1037', 'jascher', 'mframan', 'chang745', 'kfitzha', 'taylorbaker914', 'bruns18', 'cobert', 'mahmoon', 'dcrossla']",73,"['iparraga', 'reilly29', 'mart1731', 'rubenmendia', 'graha165', 'jharbers', 'isaiah.bap', 'cdesser', 'jdamle', 'ptrakarn', 'jpachol', 'little62', 'hanse145', 'chen2768', 'young505', 'lologuidi', 'malu', 'yuan274', 'nsherma', 'amullic', 'pierce95', 'harri755', 'dshining', 'nguye676', 'cooperford', 'cfadel', 'yujunhuang', 'jwang8', 'jiiihyeonnn', 'bai91', 'ramos78', 'dgada', 'alibrown', 'wen101', 'mtrese', 'tonywu123', 'dbukows', 'djharrington19', 'rvarghes', 'pkradas', 'adecamps', 'msavchen', 'nvansal', 'agrama64', 'kamm', 'ysethi', 'rmascare', 'gjekel', 'ekrizman01', 'smit3520', 'evsnano', 'avneesh123', 'nscanlon', 'pandya11', 'mkosmerl', 'pakhilesh2604', 'jboos', 'allen469', 'gsondge', 'liu2730', 'noahwitkowski', 'rgodjali', 'dinh3', 'bmathie', 'matthewos127', 'pate1016', 'ladd4', 'eschmit12', 'haynes45', 'patrickcooney17', 'escime', 'adellemurph18', 'meher311']",8,"['jain378', 'aedowney', 'anand50', 'mviscido37', 'toth39', None, 'kelsey7', 'tkkoller']",93,"['iparraga', 'reilly29', 'jone2081', 'mart1731', 'rubenmendia', 'graha165', 'jharbers', 'isaiah.bap', 'cdesser', 'jdamle', 'ptrakarn', 'bruns18', 'jpachol', 'little62', 'hanse145', 'chen2768', 'dcrossla', 'young505', 'lologuidi', 'malu', 'taylorbaker914', 'yuan274', 'kelsey7', 'nsherma', 'aedowney', 'amullic', 'pierce95', 'harri755', 'dshining', 'nguye676', 'cooperford', 'cfadel', 'yujunhuang', 'jwang8', 'jiiihyeonnn', 'bai91', 'ramos78', 'anand50', 'dgada', 'alibrown', 'wen101', 'mtrese', 'cobert', 'jain378', 'mahmoon', 'tonywu123', 'dbukows', 'pate1037', 'djharrington19', 'rvarghes', 'pkradas', 'adecamps', 'mframan', 'msavchen', 'nvansal', 'agrama64', 'mviscido37', 'kamm', 'ysethi', 'rmascare', 'gjekel', 'ekrizman01', 'smit3520', 'evsnano', 'avneesh123', 'nscanlon', 'pandya11', 'mkosmerl', 'pakhilesh2604', 'toth39', 'jboos', 'bush75', 'allen469', 'jascher', 'gsondge', 'liu2730', 'noahwitkowski', 'rgodjali', 'dinh3', 'bmathie', 'matthewos127', None, 'pate1016', 'ladd4', 'eschmit12', 'haynes45', 'kfitzha', 'patrickcooney17', 'chang745', 'escime', 'adellemurph18', 'meher311', 'tkkoller']"
6,326,86,13,9,"['cfadel', 'bush75', 'chang745', 'avneesh123', 'bruns18', 'nguye676', 'cooperford', 'little62', 'chen2768']",76,"['iparraga', 'reilly29', 'jone2081', 'mart1731', 'rubenmendia', 'graha165', 'jharbers', 'isaiah.bap', 'cdesser', 'jdamle', 'ptrakarn', 'jpachol', 'hanse145', 'dcrossla', 'young505', 'lologuidi', 'malu', 'taylorbaker914', 'yuan274', 'nsherma', 'amullic', 'pierce95', 'harri755', 'dshining', 'yujunhuang', 'jwang8', 'jiiihyeonnn', 'bai91', 'ramos78', 'dgada', 'alibrown', 'wen101', 'mtrese', 'cobert', 'mahmoon', 'tonywu123', 'dbukows', 'pate1037', 'djharrington19', 'rvarghes', 'pkradas', 'adecamps', 'mframan', 'msavchen', 'nvansal', 'agrama64', 'kamm', 'ysethi', 'rmascare', 'gjekel', 'ekrizman01', 'smit3520', 'evsnano', 'nscanlon', 'pandya11', 'mkosmerl', 'pakhilesh2604', 'jboos', 'allen469', 'jascher', 'gsondge', 'liu2730', 'noahwitkowski', 'rgodjali', 'dinh3', 'bmathie', 'matthewos127', 'pate1016', 'ladd4', 'eschmit12', 'haynes45', 'kfitzha', 'patrickcooney17', 'escime', 'adellemurph18', 'meher311']",4,"['aedowney', None, 'dobbins0', 'chasewikberg']",89,"['iparraga', 'reilly29', 'jone2081', 'mart1731', 'rubenmendia', 'graha165', 'jharbers', 'isaiah.bap', 'cdesser', 'jdamle', 'ptrakarn', 'bruns18', 'jpachol', 'little62', 'hanse145', 'chen2768', 'dcrossla', 'young505', 'lologuidi', 'malu', 'taylorbaker914', 'yuan274', 'nsherma', 'aedowney', 'amullic', 'pierce95', 'harri755', 'dshining', 'nguye676', 'cooperford', 'cfadel', 'yujunhuang', 'jwang8', 'jiiihyeonnn', 'bai91', 'ramos78', 'dgada', 'alibrown', 'wen101', 'mtrese', 'cobert', 'dobbins0', 'mahmoon', 'tonywu123', 'dbukows', 'pate1037', 'djharrington19', 'rvarghes', 'pkradas', 'adecamps', 'mframan', 'msavchen', 'nvansal', 'agrama64', 'kamm', 'ysethi', 'chasewikberg', 'rmascare', 'gjekel', 'ekrizman01', 'smit3520', 'evsnano', 'avneesh123', 'nscanlon', 'pandya11', 'mkosmerl', 'pakhilesh2604', 'jboos', 'bush75', 'allen469', 'jascher', 'gsondge', 'liu2730', 'noahwitkowski', 'rgodjali', 'dinh3', 'bmathie', 'matthewos127', None, 'pate1016', 'ladd4', 'eschmit12', 'haynes45', 'kfitzha', 'patrickcooney17', 'chang745', 'escime', 'adellemurph18', 'meher311']"
6,541,86,11,8,"['ladd4', 'tonywu123', 'ramos78', 'gsondge', 'graha165', 'dshining', 'kamm', 'pate1016']",77,"['iparraga', 'reilly29', 'jone2081', 'mart1731', 'rubenmendia', 'jharbers', 'isaiah.bap', 'cdesser', 'jdamle', 'ptrakarn', 'bruns18', 'jpachol', 'little62', 'hanse145', 'chen2768', 'dcrossla', 'young505', 'lologuidi', 'malu', 'taylorbaker914', 'yuan274', 'nsherma', 'amullic', 'pierce95', 'harri755', 'nguye676', 'cooperford', 'cfadel', 'yujunhuang', 'jwang8', 'jiiihyeonnn', 'bai91', 'dgada', 'alibrown', 'wen101', 'mtrese', 'cobert', 'mahmoon', 'dbukows', 'pate1037', 'djharrington19', 'rvarghes', 'pkradas', 'adecamps', 'mframan', 'msavchen', 'nvansal', 'agrama64', 'ysethi', 'rmascare', 'gjekel', 'ekrizman01', 'smit3520', 'evsnano', 'avneesh123', 'nscanlon', 'pandya11', 'mkosmerl', 'pakhilesh2604', 'jboos', 'bush75', 'allen469', 'jascher', 'liu2730', 'noahwitkowski', 'rgodjali', 'dinh3', 'bmathie', 'matthewos127', 'eschmit12', 'haynes45', 'kfitzha', 'patrickcooney17', 'chang745', 'escime', 'adellemurph18', 'meher311']",3,"['lee3541', 'brasmuse', None]",88,"['iparraga', 'reilly29', 'jone2081', 'mart1731', 'rubenmendia', 'graha165', 'jharbers', 'isaiah.bap', 'cdesser', 'jdamle', 'ptrakarn', 'bruns18', 'jpachol', 'little62', 'hanse145', 'chen2768', 'dcrossla', 'young505', 'lologuidi', 'malu', 'taylorbaker914', 'yuan274', 'nsherma', 'amullic', 'pierce95', 'harri755', 'dshining', 'nguye676', 'cooperford', 'cfadel', 'yujunhuang', 'jwang8', 'jiiihyeonnn', 'bai91', 'ramos78', 'dgada', 'alibrown', 'wen101', 'lee3541', 'mtrese', 'cobert', 'mahmoon', 'tonywu123', 'dbukows', 'pate1037', 'djharrington19', 'rvarghes', 'pkradas', 'adecamps', 'mframan', 'msavchen', 'nvansal', 'agrama64', 'kamm', 'ysethi', 'rmascare', 'gjekel', 'ekrizman01', 'smit3520', 'evsnano', 'avneesh123', 'nscanlon', 'pandya11', 'mkosmerl', 'pakhilesh2604', 'jboos', 'bush75', 'allen469', 'jascher', 'gsondge', 'brasmuse', 'liu2730', 'noahwitkowski', 'rgodjali', 'dinh3', 'bmathie', 'matthewos127', None, 'pate1016', 'ladd4', 'eschmit12', 'haynes45', 'kfitzha', 'patrickcooney17', 'chang745', 'escime', 'adellemurph18', 'meher311']"
6,329,86,7,5,"['pate1037', 'mframan', 'chang745', 'taylorbaker914', 'bruns18']",80,"['iparraga', 'reilly29', 'jone2081', 'mart1731', 'rubenmendia', 'graha165', 'jharbers', 'isaiah.bap', 'cdesser', 'jdamle', 'ptrakarn', 'jpachol', 'little62', 'hanse145', 'chen2768', 'dcrossla', 'young505', 'lologuidi', 'malu', 'yuan274', 'nsherma', 'amullic', 'pierce95', 'harri755', 'dshining', 'nguye676', 'cooperford', 'cfadel', 'yujunhuang', 'jwang8', 'jiiihyeonnn', 'bai91', 'ramos78', 'dgada', 'alibrown', 'wen101', 'mtrese', 'cobert', 'mahmoon', 'tonywu123', 'dbukows', 'djharrington19', 'rvarghes', 'pkradas', 'adecamps', 'msavchen', 'nvansal', 'agrama64', 'kamm', 'ysethi', 'rmascare', 'gjekel', 'ekrizman01', 'smit3520', 'evsnano', 'avneesh123', 'nscanlon', 'pandya11', 'mkosmerl', 'pakhilesh2604', 'jboos', 'bush75', 'allen469', 'jascher', 'gsondge', 'liu2730', 'noahwitkowski', 'rgodjali', 'dinh3', 'bmathie', 'matthewos127', 'pate1016', 'ladd4', 'eschmit12', 'haynes45', 'kfitzha', 'patrickcooney17', 'escime', 'adellemurph18', 'meher311']",2,"['rccorahu', None]",87,"['iparraga', 'reilly29', 'jone2081', 'mart1731', 'rubenmendia', 'graha165', 'jharbers', 'isaiah.bap', 'cdesser', 'jdamle', 'ptrakarn', 'bruns18', 'jpachol', 'little62', 'hanse145', 'chen2768', 'dcrossla', 'young505', 'lologuidi', 'malu', 'taylorbaker914', 'yuan274', 'nsherma', 'amullic', 'pierce95', 'harri755', 'dshining', 'nguye676', 'cooperford', 'cfadel', 'yujunhuang', 'jwang8', 'jiiihyeonnn', 'bai91', 'ramos78', 'dgada', 'alibrown', 'wen101', 'mtrese', 'cobert', 'mahmoon', 'tonywu123', 'dbukows', 'pate1037', 'djharrington19', 'rvarghes', 'pkradas', 'adecamps', 'mframan', 'msavchen', 'nvansal', 'agrama64', 'kamm', 'ysethi', 'rccorahu', 'rmascare', 'gjekel', 'ekrizman01', 'smit3520', 'evsnano', 'avneesh123', 'nscanlon', 'pandya11', 'mkosmerl', 'pakhilesh2604', 'jboos', 'bush75', 'allen469', 'jascher', 'gsondge', 'liu2730', 'noahwitkowski', 'rgodjali', 'dinh3', 'bmathie', 'matthewos127', None, 'pate1016', 'ladd4', 'eschmit12', 'haynes45', 'kfitzha', 'patrickcooney17', 'chang745', 'escime', 'adellemurph18', 'meher311']"
6,328,86,6,4,"['gsondge', 'dinh3', 'tonywu123', 'bruns18']",81,"['iparraga', 'reilly29', 'jone2081', 'mart1731', 'rubenmendia', 'graha165', 'jharbers', 'isaiah.bap', 'cdesser', 'jdamle', 'ptrakarn', 'jpachol', 'little62', 'hanse145', 'chen2768', 'dcrossla', 'young505', 'lologuidi', 'malu', 'taylorbaker914', 'yuan274', 'nsherma', 'amullic', 'pierce95', 'harri755', 'dshining', 'nguye676', 'cooperford', 'cfadel', 'yujunhuang', 'jwang8', 'jiiihyeonnn', 'bai91', 'ramos78', 'dgada', 'alibrown', 'wen101', 'mtrese', 'cobert', 'mahmoon', 'dbukows', 'pate1037', 'djharrington19', 'rvarghes', 'pkradas', 'adecamps', 'mframan', 'msavchen', 'nvansal', 'agrama64', 'kamm', 'ysethi', 'rmascare', 'gjekel', 'ekrizman01', 'smit3520', 'evsnano', 'avneesh123', 'nscanlon', 'pandya11', 'mkosmerl', 'pakhilesh2604', 'jboos', 'bush75', 'allen469', 'jascher', 'liu2730', 'noahwitkowski', 'rgodjali', 'bmathie', 'matthewos127', 'pate1016', 'ladd4', 'eschmit12', 'haynes45', 'kfitzha', 'patrickcooney17', 'chang745', 'escime', 'adellemurph18', 'meher311']",2,"['jfinan', None]",87,"['iparraga', 'reilly29', 'jone2081', 'mart1731', 'rubenmendia', 'graha165', 'jharbers', 'isaiah.bap', 'cdesser', 'jdamle', 'ptrakarn', 'bruns18', 'jpachol', 'little62', 'hanse145', 'chen2768', 'dcrossla', 'young505', 'lologuidi', 'malu', 'taylorbaker914', 'yuan274', 'nsherma', 'amullic', 'pierce95', 'harri755', 'dshining', 'nguye676', 'cooperford', 'cfadel', 'yujunhuang', 'jwang8', 'jiiihyeonnn', 'bai91', 'ramos78', 'dgada', 'alibrown', 'wen101', 'mtrese', 'cobert', 'mahmoon', 'tonywu123', 'dbukows', 'pate1037', 'djharrington19', 'rvarghes', 'pkradas', 'adecamps', 'mframan', 'msavchen', 'nvansal', 'agrama64', 'kamm', 'ysethi', 'rmascare', 'gjekel', 'ekrizman01', 'smit3520', 'evsnano', 'avneesh123', 'nscanlon', 'pandya11', 'mkosmerl', 'pakhilesh2604', 'jboos', 'bush75', 'allen469', 'jascher', 'gsondge', 'liu2730', 'noahwitkowski', 'rgodjali', 'dinh3', 'bmathie', 'matthewos127', 'jfinan', None, 'pate1016', 'ladd4', 'eschmit12', 'haynes45', 'kfitzha', 'patrickcooney17', 'chang745', 'escime', 'adellemurph18', 'meher311']"
7,220,82,110,1,['fixa'],80,"['annexindrylle.manalaysay.pharma', 'mikayla1004', 'vincent.villanueva.pharma', 'jucochinaaleksa', 'marian.faith.borja', 'fhvianajr', 'nicoleaudrey22', 'yvdgzmn', 'kirsten0719', 'zoeryaemi22', 'mrlabatos', 'estellamariz.morales.pharma', 'ejlagman', 'raizamaureen.matias.pharma', 'sophia_cabanilla', 'yjzhuang5', 'diannejoyce.saragpon.pharma', 'marianne.fabrigas.pharma', 'elouisesimone.lizardo.pharma', 'hemalathapaila699', 'jeffreymabanag22', 'bethanyplacino', 'jeblgd.ph', 'jameswilson.fampulme.pharma', 'elielfrances.toledo.pharma', 'anjguillan.baile.pharma', 'franchescayolaine.parilla', 'patriciaangelee.goggs.pharma', 'jairamegayle.sangil.pharma', 'nikkielaine.baria.pharma', 'appoluz.almario.pharma', 'seannathan.mendoza.pharma', 'maryangeline', 'justinsoquila', 'dukesebastianulaso', 'gabrieloleo', 'mariamilagros.gloria.pharma', 'mikaela_arcadio', 'emilio37', 'carmelamariebarrientos', 'ritzdelarueda', 'paularmand.bulaon.pharma', 'erikdeleon1234', 'laracarandang', 'zammarianne.gutierrez.pharma', 'ppgmendoza', 'denissevaldesancho', 'cornelio.manucat.pharma', 'biancaelissedd', 'nyelagutier', 'georgiaborja', 'linuscarpio', 'angel.benitez.pharma', 'christinaramone.jaucian.pharma', 'jeanneloree.valderama.pharma', 'prudencemcv', 'lanceaarongosioco', 'martinjoshua.delossantos.pharma', 'ajajajajaj', 'alyssajoanchu', 'patriciaramos', 'bhattacharya1', 'juliannemaevergara4', 'joahannareminajes', 'samanthaisabelle.rodrigo.pharma', 'rainedimaculangan19', 'kariloise', 'jhudielacupanda', 'rainecaringal10', 'kyleandrei.cabatit.pharma', 'aldrei.castill0', 'gayledaphneuy', 'matti_dy', 'dcjonah22', 'janegrizellefuerza', 'troyedward.ramos.pharma', 'suvariemaiden.tan.pharma', 'karinamari.bitao.pharma', 'pulpocabezagrande87', 'ladymarianquiming']",109,"['chen2122', 'shah714', 'nottinge', 'ticody', 'kappaswa', 'snowling', 'mart1282', 'pandey39', 'fish15', 'rortague', 'mhoeper', 'nh_engagement', 'chientzulin', 'arora152', 'jhartl', 'farentz', 'dritchi', 'efoesch', 'dfarache', 'kezra', 'deshmukg', 'thafner', 'shanks5', 'aprahara', 'zhan4096', 'iyer95', 'lu448', 'jlthrock', 'mbeckeme', 'jverduzc', 'rapplet', 'qu34', 'kumar537', 'sulli256', 'solimana', 'nandya', 'naik26', 'knordyke', 'tremblay', 'artheria', 'mishra94', 'psalek', 'sonid', None, 'kaushala', 'hou111', 'tschoste', 'lkanwar', 'nykiel.4', 'blackwer', 'villal', 'lawren83', 'deshpa31', 'gtorresr', 'biswas34', 'coverstr', 'hnowak', 'ryan103', 'juanjuanlu28', 'aloysius', 'alafzi', 'patel632', 'mahm', 'gupta768', 'aafriat', 'carrollg', 'leonar37', 'mcclurez', 'perrinm', 'singla2', 'rciez2125', 'frankzhou', 'faltens', 'john2811', 'dminnich', 'jcrosmer', 'reppertm', 'oaljowai', 'wishard', 'aponkshe', 'tmahlma', 'rcampbel', 'pandes', 'walla110', 'smoranka', 'jbarsima', 'sdhamank', 'jwaimin', 'ye280', '3ksnn64', 'leebh_purdue2021', 'ahads', 'kamath10', 'dewey2', 'hmackins', 'trived12', 'aramkum', 'bstegma', 'klein108', 'ubajwa', 'tshivam4', 'darint916', 'mkalenty', 'woods158', 'cmousoul', 'jwat', 'sharm524', 'vadabala', 'gnishibu']",190,"['chen2122', 'shah714', 'annexindrylle.manalaysay.pharma', 'mikayla1004', 'nottinge', 'vincent.villanueva.pharma', 'ticody', 'kappaswa', 'jucochinaaleksa', 'snowling', 'marian.faith.borja', 'fhvianajr', 'nicoleaudrey22', 'yvdgzmn', 'mart1282', 'pandey39', 'fish15', 'kirsten0719', 'rortague', 'mhoeper', 'nh_engagement', 'chientzulin', 'zoeryaemi22', 'jhartl', 'mrlabatos', 'arora152', 'estellamariz.morales.pharma', 'ejlagman', 'farentz', 'raizamaureen.matias.pharma', 'dritchi', 'sophia_cabanilla', 'yjzhuang5', 'diannejoyce.saragpon.pharma', 'efoesch', 'dfarache', 'kezra', 'marianne.fabrigas.pharma', 'deshmukg', 'thafner', 'elouisesimone.lizardo.pharma', 'shanks5', 'hemalathapaila699', 'jeffreymabanag22', 'aprahara', 'bethanyplacino', 'zhan4096', 'iyer95', 'jeblgd.ph', 'jlthrock', 'lu448', 'mbeckeme', 'jverduzc', 'jameswilson.fampulme.pharma', 'elielfrances.toledo.pharma', 'rapplet', 'qu34', 'kumar537', 'sulli256', 'solimana', 'anjguillan.baile.pharma', 'franchescayolaine.parilla', 'nandya', 'naik26', 'patriciaangelee.goggs.pharma', 'jairamegayle.sangil.pharma', 'knordyke', 'tremblay', 'nikkielaine.baria.pharma', 'appoluz.almario.pharma', 'artheria', 'seannathan.mendoza.pharma', 'mishra94', 'maryangeline', 'justinsoquila', 'psalek', 'dukesebastianulaso', 'sonid', None, 'gabrieloleo', 'kaushala', 'mariamilagros.gloria.pharma', 'fixa', 'hou111', 'mikaela_arcadio', 'tschoste', 'lkanwar', 'nykiel.4', 'emilio37', 'blackwer', 'carmelamariebarrientos', 'ritzdelarueda', 'paularmand.bulaon.pharma', 'erikdeleon1234', 'villal', 'laracarandang', 'lawren83', 'deshpa31', 'zammarianne.gutierrez.pharma', 'gtorresr', 'ppgmendoza', 'denissevaldesancho', 'biswas34', 'coverstr', 'hnowak', 'ryan103', 'juanjuanlu28', 'cornelio.manucat.pharma', 'biancaelissedd', 'aloysius', 'alafzi', 'nyelagutier', 'patel632', 'georgiaborja', 'mahm', 'gupta768', 'linuscarpio', 'angel.benitez.pharma', 'christinaramone.jaucian.pharma', 'aafriat', 'carrollg', 'leonar37', 'jeanneloree.valderama.pharma', 'mcclurez', 'perrinm', 'singla2', 'rciez2125', 'frankzhou', 'prudencemcv', 'lanceaarongosioco', 'faltens', 'john2811', 'dminnich', 'martinjoshua.delossantos.pharma', 'jcrosmer', 'ajajajajaj', 'alyssajoanchu', 'reppertm', 'oaljowai', 'patriciaramos', 'bhattacharya1', 'juliannemaevergara4', 'joahannareminajes', 'wishard', 'aponkshe', 'tmahlma', 'samanthaisabelle.rodrigo.pharma', 'rainedimaculangan19', 'kariloise', 'rcampbel', 'pandes', 'walla110', 'smoranka', 'jhudielacupanda', 'rainecaringal10', 'jbarsima', 'sdhamank', 'jwaimin', 'ye280', '3ksnn64', 'kyleandrei.cabatit.pharma', 'leebh_purdue2021', 'ahads', 'aldrei.castill0', 'kamath10', 'dewey2', 'hmackins', 'gayledaphneuy', 'matti_dy', 'dcjonah22', 'trived12', 'janegrizellefuerza', 'aramkum', 'bstegma', 'klein108', 'ubajwa', 'tshivam4', 'darint916', 'mkalenty', 'woods158', 'cmousoul', 'troyedward.ramos.pharma', 'jwat', 'suvariemaiden.tan.pharma', 'karinamari.bitao.pharma', 'sharm524', 'pulpocabezagrande87', 'vadabala', 'gnishibu', 'ladymarianquiming']"
7,235,82,101,2,"['fixa', 'yjzhuang5']",79,"['annexindrylle.manalaysay.pharma', 'mikayla1004', 'vincent.villanueva.pharma', 'jucochinaaleksa', 'marian.faith.borja', 'fhvianajr', 'nicoleaudrey22', 'yvdgzmn', 'kirsten0719', 'zoeryaemi22', 'mrlabatos', 'estellamariz.morales.pharma', 'ejlagman', 'raizamaureen.matias.pharma', 'sophia_cabanilla', 'diannejoyce.saragpon.pharma', 'marianne.fabrigas.pharma', 'elouisesimone.lizardo.pharma', 'hemalathapaila699', 'jeffreymabanag22', 'bethanyplacino', 'jeblgd.ph', 'jameswilson.fampulme.pharma', 'elielfrances.toledo.pharma', 'anjguillan.baile.pharma', 'franchescayolaine.parilla', 'patriciaangelee.goggs.pharma', 'jairamegayle.sangil.pharma', 'nikkielaine.baria.pharma', 'appoluz.almario.pharma', 'seannathan.mendoza.pharma', 'maryangeline', 'justinsoquila', 'dukesebastianulaso', 'gabrieloleo', 'mariamilagros.gloria.pharma', 'mikaela_arcadio', 'emilio37', 'carmelamariebarrientos', 'ritzdelarueda', 'paularmand.bulaon.pharma', 'erikdeleon1234', 'laracarandang', 'zammarianne.gutierrez.pharma', 'ppgmendoza', 'denissevaldesancho', 'cornelio.manucat.pharma', 'biancaelissedd', 'nyelagutier', 'georgiaborja', 'linuscarpio', 'angel.benitez.pharma', 'christinaramone.jaucian.pharma', 'jeanneloree.valderama.pharma', 'prudencemcv', 'lanceaarongosioco', 'martinjoshua.delossantos.pharma', 'ajajajajaj', 'alyssajoanchu', 'patriciaramos', 'bhattacharya1', 'juliannemaevergara4', 'joahannareminajes', 'samanthaisabelle.rodrigo.pharma', 'rainedimaculangan19', 'kariloise', 'jhudielacupanda', 'rainecaringal10', 'kyleandrei.cabatit.pharma', 'aldrei.castill0', 'gayledaphneuy', 'matti_dy', 'dcjonah22', 'janegrizellefuerza', 'troyedward.ramos.pharma', 'suvariemaiden.tan.pharma', 'karinamari.bitao.pharma', 'pulpocabezagrande87', 'ladymarianquiming']",99,"['chen2122', 'shah714', 'hashmi0', 'nottinge', 'ticody', 'kappaswa', 'atrikana', 'snowling', 'pawar10', 'mart1282', 'pandey39', 'mhoeper', 'chientzulin', 'arora152', 'farentz', 'dritchi', 'efoesch', 'dfarache', 'deshmukg', 'pmangana', 'thafner', 'avongun', 'aprahara', 'zhan4096', 'jlthrock', 'mbeckeme', 'jverduzc', 'rapplet', 'qu34', 'kumar537', 'sulli256', 'solimana', 'nandya', 'knordyke', 'yao201', 'artheria', 'banerj43', 'mishra94', 'psalek', 'sonid', None, 'kaushala', 'eowang', 'hou111', 'tschoste', 'lkanwar', 'mwoulfe', 'nykiel.4', 'marisol', 'blackwer', 'villal', 'lawren83', 'deshpa31', 'gtorresr', 'biswas34', 'coverstr', 'hnowak', 'aloysius', 'alafzi', 'patel632', 'mahm', 'gupta768', 'aafriat', 'carrollg', 'leonar37', 'mcclurez', 'perrinm', 'singla2', 'frankzhou', 'john2811', 'dminnich', 'jcrosmer', 'reppertm', 'oaljowai', 'zhan4151', 'wishard', 'tmahlma', 'ercikan', 'rcampbel', 'walla110', 'jbarsima', 'ye280', 'leebh_purdue2021', 'ahads', 'kamath10', 'skunapul1508', 'trived12', 'aramkum', 'bstegma', 'ubajwa', 'darint916', 'mkalenty', 'dgilley', 'sharm524', 'paul115', 'jie.roger.zhu', 'ethan2', 'gnishibu', 'hguangshuai']",180,"['chen2122', 'shah714', 'annexindrylle.manalaysay.pharma', 'hashmi0', 'mikayla1004', 'nottinge', 'vincent.villanueva.pharma', 'ticody', 'kappaswa', 'atrikana', 'jucochinaaleksa', 'snowling', 'marian.faith.borja', 'fhvianajr', 'nicoleaudrey22', 'yvdgzmn', 'pawar10', 'mart1282', 'pandey39', 'kirsten0719', 'mhoeper', 'chientzulin', 'zoeryaemi22', 'arora152', 'mrlabatos', 'estellamariz.morales.pharma', 'ejlagman', 'farentz', 'raizamaureen.matias.pharma', 'dritchi', 'sophia_cabanilla', 'yjzhuang5', 'diannejoyce.saragpon.pharma', 'efoesch', 'dfarache', 'marianne.fabrigas.pharma', 'deshmukg', 'pmangana', 'thafner', 'elouisesimone.lizardo.pharma', 'hemalathapaila699', 'avongun', 'jeffreymabanag22', 'aprahara', 'bethanyplacino', 'zhan4096', 'jeblgd.ph', 'jlthrock', 'mbeckeme', 'jverduzc', 'jameswilson.fampulme.pharma', 'elielfrances.toledo.pharma', 'rapplet', 'qu34', 'kumar537', 'sulli256', 'solimana', 'anjguillan.baile.pharma', 'franchescayolaine.parilla', 'nandya', 'patriciaangelee.goggs.pharma', 'jairamegayle.sangil.pharma', 'knordyke', 'nikkielaine.baria.pharma', 'yao201', 'appoluz.almario.pharma', 'artheria', 'banerj43', 'seannathan.mendoza.pharma', 'mishra94', 'maryangeline', 'justinsoquila', 'psalek', 'dukesebastianulaso', 'sonid', None, 'gabrieloleo', 'kaushala', 'mariamilagros.gloria.pharma', 'fixa', 'eowang', 'hou111', 'mikaela_arcadio', 'tschoste', 'lkanwar', 'mwoulfe', 'nykiel.4', 'emilio37', 'marisol', 'blackwer', 'carmelamariebarrientos', 'ritzdelarueda', 'paularmand.bulaon.pharma', 'erikdeleon1234', 'villal', 'laracarandang', 'lawren83', 'deshpa31', 'zammarianne.gutierrez.pharma', 'gtorresr', 'ppgmendoza', 'denissevaldesancho', 'biswas34', 'coverstr', 'hnowak', 'cornelio.manucat.pharma', 'biancaelissedd', 'aloysius', 'alafzi', 'nyelagutier', 'patel632', 'georgiaborja', 'mahm', 'gupta768', 'linuscarpio', 'angel.benitez.pharma', 'christinaramone.jaucian.pharma', 'aafriat', 'carrollg', 'leonar37', 'jeanneloree.valderama.pharma', 'mcclurez', 'perrinm', 'singla2', 'frankzhou', 'prudencemcv', 'lanceaarongosioco', 'john2811', 'dminnich', 'martinjoshua.delossantos.pharma', 'jcrosmer', 'ajajajajaj', 'alyssajoanchu', 'reppertm', 'oaljowai', 'zhan4151', 'patriciaramos', 'bhattacharya1', 'juliannemaevergara4', 'joahannareminajes', 'wishard', 'tmahlma', 'samanthaisabelle.rodrigo.pharma', 'ercikan', 'rainedimaculangan19', 'kariloise', 'rcampbel', 'walla110', 'jhudielacupanda', 'rainecaringal10', 'jbarsima', 'ye280', 'kyleandrei.cabatit.pharma', 'leebh_purdue2021', 'ahads', 'aldrei.castill0', 'kamath10', 'skunapul1508', 'gayledaphneuy', 'matti_dy', 'dcjonah22', 'trived12', 'janegrizellefuerza', 'aramkum', 'bstegma', 'ubajwa', 'darint916', 'mkalenty', 'troyedward.ramos.pharma', 'dgilley', 'suvariemaiden.tan.pharma', 'karinamari.bitao.pharma', 'sharm524', 'pulpocabezagrande87', 'paul115', 'jie.roger.zhu', 'ethan2', 'hguangshuai', 'gnishibu', 'ladymarianquiming']"
7,232,82,61,54,"['samanthaisabelle.rodrigo.pharma', 'ritzdelarueda', 'paularmand.bulaon.pharma', 'rainedimaculangan19', 'annexindrylle.manalaysay.pharma', 'kariloise', 'vincent.villanueva.pharma', 'jameswilson.fampulme.pharma', 'ppgmendoza', 'jucochinaaleksa', 'jhudielacupanda', 'marian.faith.borja', 'rainecaringal10', 'fhvianajr', 'nicoleaudrey22', 'kyleandrei.cabatit.pharma', 'yvdgzmn', 'anjguillan.baile.pharma', 'franchescayolaine.parilla', 'jairamegayle.sangil.pharma', 'cornelio.manucat.pharma', 'biancaelissedd', 'kirsten0719', 'nikkielaine.baria.pharma', 'zoeryaemi22', 'georgiaborja', 'seannathan.mendoza.pharma', 'estellamariz.morales.pharma', 'gayledaphneuy', 'ejlagman', 'raizamaureen.matias.pharma', 'matti_dy', 'mrlabatos', 'christinaramone.jaucian.pharma', 'janegrizellefuerza', 'jeanneloree.valderama.pharma', 'diannejoyce.saragpon.pharma', 'justinsoquila', 'marianne.fabrigas.pharma', 'dukesebastianulaso', 'gabrieloleo', 'suvariemaiden.tan.pharma', 'mariamilagros.gloria.pharma', 'elouisesimone.lizardo.pharma', 'karinamari.bitao.pharma', 'martinjoshua.delossantos.pharma', 'mikaela_arcadio', 'jeffreymabanag22', 'ajajajajaj', 'patriciaramos', 'bethanyplacino', 'jeblgd.ph', 'juliannemaevergara4', 'joahannareminajes']",27,"['carmelamariebarrientos', 'erikdeleon1234', 'laracarandang', 'mikayla1004', 'zammarianne.gutierrez.pharma', 'elielfrances.toledo.pharma', 'denissevaldesancho', 'patriciaangelee.goggs.pharma', 'aldrei.castill0', 'appoluz.almario.pharma', 'nyelagutier', 'linuscarpio', 'dcjonah22', 'angel.benitez.pharma', 'sophia_cabanilla', 'maryangeline', 'yjzhuang5', 'prudencemcv', 'lanceaarongosioco', 'troyedward.ramos.pharma', 'fixa', 'hemalathapaila699', 'pulpocabezagrande87', 'alyssajoanchu', 'bhattacharya1', 'emilio37', 'ladymarianquiming']",7,"['dansebastian.tilao', 'raisabel28', 'erikpharmadeleon', 'aria8', 'rainevillanueva', 'mirabella.odtohan', None]",88,"['carmelamariebarrientos', 'ritzdelarueda', 'paularmand.bulaon.pharma', 'erikdeleon1234', 'annexindrylle.manalaysay.pharma', 'laracarandang', 'mikayla1004', 'zammarianne.gutierrez.pharma', 'vincent.villanueva.pharma', 'ppgmendoza', 'denissevaldesancho', 'jucochinaaleksa', 'marian.faith.borja', 'fhvianajr', 'nicoleaudrey22', 'yvdgzmn', 'cornelio.manucat.pharma', 'biancaelissedd', 'kirsten0719', 'nyelagutier', 'zoeryaemi22', 'mrlabatos', 'georgiaborja', 'estellamariz.morales.pharma', 'ejlagman', 'linuscarpio', 'raizamaureen.matias.pharma', 'angel.benitez.pharma', 'christinaramone.jaucian.pharma', 'sophia_cabanilla', 'jeanneloree.valderama.pharma', 'yjzhuang5', 'diannejoyce.saragpon.pharma', 'rainevillanueva', 'prudencemcv', 'lanceaarongosioco', 'marianne.fabrigas.pharma', 'elouisesimone.lizardo.pharma', 'dansebastian.tilao', 'hemalathapaila699', 'martinjoshua.delossantos.pharma', 'ajajajajaj', 'jeffreymabanag22', 'alyssajoanchu', 'patriciaramos', 'bethanyplacino', 'bhattacharya1', 'jeblgd.ph', 'juliannemaevergara4', 'joahannareminajes', 'mirabella.odtohan', 'samanthaisabelle.rodrigo.pharma', 'rainedimaculangan19', 'kariloise', 'jameswilson.fampulme.pharma', 'elielfrances.toledo.pharma', 'jhudielacupanda', 'rainecaringal10', 'kyleandrei.cabatit.pharma', 'anjguillan.baile.pharma', 'franchescayolaine.parilla', 'patriciaangelee.goggs.pharma', 'jairamegayle.sangil.pharma', 'aldrei.castill0', 'aria8', 'nikkielaine.baria.pharma', 'appoluz.almario.pharma', 'seannathan.mendoza.pharma', 'gayledaphneuy', 'matti_dy', 'dcjonah22', 'janegrizellefuerza', 'erikpharmadeleon', 'maryangeline', 'justinsoquila', 'dukesebastianulaso', 'troyedward.ramos.pharma', None, 'gabrieloleo', 'suvariemaiden.tan.pharma', 'mariamilagros.gloria.pharma', 'karinamari.bitao.pharma', 'fixa', 'raisabel28', 'pulpocabezagrande87', 'mikaela_arcadio', 'emilio37', 'ladymarianquiming']"
7,237,82,59,57,"['samanthaisabelle.rodrigo.pharma', 'erikdeleon1234', 'ritzdelarueda', 'rainedimaculangan19', 'annexindrylle.manalaysay.pharma', 'kariloise', 'vincent.villanueva.pharma', 'jameswilson.fampulme.pharma', 'ppgmendoza', 'denissevaldesancho', 'jucochinaaleksa', 'jhudielacupanda', 'marian.faith.borja', 'rainecaringal10', 'fhvianajr', 'nicoleaudrey22', 'yvdgzmn', 'anjguillan.baile.pharma', 'franchescayolaine.parilla', 'patriciaangelee.goggs.pharma', 'jairamegayle.sangil.pharma', 'cornelio.manucat.pharma', 'biancaelissedd', 'nikkielaine.baria.pharma', 'zoeryaemi22', 'georgiaborja', 'seannathan.mendoza.pharma', 'estellamariz.morales.pharma', 'gayledaphneuy', 'ejlagman', 'raizamaureen.matias.pharma', 'matti_dy', 'dcjonah22', 'mrlabatos', 'christinaramone.jaucian.pharma', 'janegrizellefuerza', 'sophia_cabanilla', 'jeanneloree.valderama.pharma', 'diannejoyce.saragpon.pharma', 'maryangeline', 'justinsoquila', 'marianne.fabrigas.pharma', 'dukesebastianulaso', 'troyedward.ramos.pharma', 'gabrieloleo', 'suvariemaiden.tan.pharma', 'mariamilagros.gloria.pharma', 'elouisesimone.lizardo.pharma', 'martinjoshua.delossantos.pharma', 'mikaela_arcadio', 'jeffreymabanag22', 'ajajajajaj', 'patriciaramos', 'bethanyplacino', 'jeblgd.ph', 'juliannemaevergara4', 'joahannareminajes']",24,"['carmelamariebarrientos', 'paularmand.bulaon.pharma', 'laracarandang', 'mikayla1004', 'zammarianne.gutierrez.pharma', 'elielfrances.toledo.pharma', 'kyleandrei.cabatit.pharma', 'aldrei.castill0', 'kirsten0719', 'appoluz.almario.pharma', 'nyelagutier', 'linuscarpio', 'angel.benitez.pharma', 'yjzhuang5', 'prudencemcv', 'lanceaarongosioco', 'karinamari.bitao.pharma', 'fixa', 'hemalathapaila699', 'pulpocabezagrande87', 'alyssajoanchu', 'bhattacharya1', 'emilio37', 'ladymarianquiming']",2,"[None, 'dansebastian.tilao']",83,"['carmelamariebarrientos', 'ritzdelarueda', 'paularmand.bulaon.pharma', 'erikdeleon1234', 'annexindrylle.manalaysay.pharma', 'laracarandang', 'mikayla1004', 'zammarianne.gutierrez.pharma', 'vincent.villanueva.pharma', 'ppgmendoza', 'denissevaldesancho', 'jucochinaaleksa', 'marian.faith.borja', 'fhvianajr', 'nicoleaudrey22', 'yvdgzmn', 'cornelio.manucat.pharma', 'biancaelissedd', 'kirsten0719', 'nyelagutier', 'zoeryaemi22', 'mrlabatos', 'georgiaborja', 'estellamariz.morales.pharma', 'ejlagman', 'linuscarpio', 'raizamaureen.matias.pharma', 'angel.benitez.pharma', 'christinaramone.jaucian.pharma', 'sophia_cabanilla', 'jeanneloree.valderama.pharma', 'yjzhuang5', 'diannejoyce.saragpon.pharma', 'prudencemcv', 'lanceaarongosioco', 'marianne.fabrigas.pharma', 'elouisesimone.lizardo.pharma', 'dansebastian.tilao', 'hemalathapaila699', 'martinjoshua.delossantos.pharma', 'ajajajajaj', 'jeffreymabanag22', 'alyssajoanchu', 'patriciaramos', 'bethanyplacino', 'bhattacharya1', 'jeblgd.ph', 'juliannemaevergara4', 'joahannareminajes', 'samanthaisabelle.rodrigo.pharma', 'rainedimaculangan19', 'kariloise', 'jameswilson.fampulme.pharma', 'elielfrances.toledo.pharma', 'jhudielacupanda', 'rainecaringal10', 'kyleandrei.cabatit.pharma', 'anjguillan.baile.pharma', 'franchescayolaine.parilla', 'patriciaangelee.goggs.pharma', 'jairamegayle.sangil.pharma', 'aldrei.castill0', 'nikkielaine.baria.pharma', 'appoluz.almario.pharma', 'seannathan.mendoza.pharma', 'gayledaphneuy', 'matti_dy', 'dcjonah22', 'janegrizellefuerza', 'maryangeline', 'justinsoquila', 'dukesebastianulaso', 'troyedward.ramos.pharma', None, 'gabrieloleo', 'suvariemaiden.tan.pharma', 'mariamilagros.gloria.pharma', 'karinamari.bitao.pharma', 'fixa', 'pulpocabezagrande87', 'mikaela_arcadio', 'emilio37', 'ladymarianquiming']"
7,240,82,59,55,"['samanthaisabelle.rodrigo.pharma', 'erikdeleon1234', 'ritzdelarueda', 'rainedimaculangan19', 'annexindrylle.manalaysay.pharma', 'kariloise', 'vincent.villanueva.pharma', 'jameswilson.fampulme.pharma', 'ppgmendoza', 'denissevaldesancho', 'jucochinaaleksa', 'jhudielacupanda', 'marian.faith.borja', 'rainecaringal10', 'fhvianajr', 'yvdgzmn', 'anjguillan.baile.pharma', 'franchescayolaine.parilla', 'patriciaangelee.goggs.pharma', 'cornelio.manucat.pharma', 'biancaelissedd', 'kirsten0719', 'nikkielaine.baria.pharma', 'appoluz.almario.pharma', 'nyelagutier', 'zoeryaemi22', 'georgiaborja', 'seannathan.mendoza.pharma', 'estellamariz.morales.pharma', 'gayledaphneuy', 'ejlagman', 'raizamaureen.matias.pharma', 'matti_dy', 'dcjonah22', 'mrlabatos', 'janegrizellefuerza', 'jeanneloree.valderama.pharma', 'diannejoyce.saragpon.pharma', 'maryangeline', 'justinsoquila', 'marianne.fabrigas.pharma', 'dukesebastianulaso', 'troyedward.ramos.pharma', 'gabrieloleo', 'suvariemaiden.tan.pharma', 'mariamilagros.gloria.pharma', 'elouisesimone.lizardo.pharma', 'martinjoshua.delossantos.pharma', 'mikaela_arcadio', 'ajajajajaj', 'patriciaramos', 'bethanyplacino', 'jeblgd.ph', 'juliannemaevergara4', 'joahannareminajes']",26,"['carmelamariebarrientos', 'paularmand.bulaon.pharma', 'laracarandang', 'mikayla1004', 'zammarianne.gutierrez.pharma', 'elielfrances.toledo.pharma', 'nicoleaudrey22', 'kyleandrei.cabatit.pharma', 'jairamegayle.sangil.pharma', 'aldrei.castill0', 'linuscarpio', 'angel.benitez.pharma', 'christinaramone.jaucian.pharma', 'sophia_cabanilla', 'yjzhuang5', 'lanceaarongosioco', 'prudencemcv', 'karinamari.bitao.pharma', 'fixa', 'hemalathapaila699', 'pulpocabezagrande87', 'jeffreymabanag22', 'alyssajoanchu', 'bhattacharya1', 'emilio37', 'ladymarianquiming']",4,"['franzesybile99', 'franchescayolaine.parilla.shs', None, 'dansebastian.tilao']",85,"['franzesybile99', 'carmelamariebarrientos', 'ritzdelarueda', 'paularmand.bulaon.pharma', 'erikdeleon1234', 'annexindrylle.manalaysay.pharma', 'laracarandang', 'mikayla1004', 'zammarianne.gutierrez.pharma', 'vincent.villanueva.pharma', 'ppgmendoza', 'denissevaldesancho', 'jucochinaaleksa', 'marian.faith.borja', 'fhvianajr', 'nicoleaudrey22', 'yvdgzmn', 'cornelio.manucat.pharma', 'biancaelissedd', 'kirsten0719', 'nyelagutier', 'zoeryaemi22', 'mrlabatos', 'georgiaborja', 'estellamariz.morales.pharma', 'ejlagman', 'linuscarpio', 'raizamaureen.matias.pharma', 'angel.benitez.pharma', 'christinaramone.jaucian.pharma', 'sophia_cabanilla', 'jeanneloree.valderama.pharma', 'yjzhuang5', 'diannejoyce.saragpon.pharma', 'prudencemcv', 'lanceaarongosioco', 'marianne.fabrigas.pharma', 'elouisesimone.lizardo.pharma', 'dansebastian.tilao', 'hemalathapaila699', 'martinjoshua.delossantos.pharma', 'ajajajajaj', 'jeffreymabanag22', 'alyssajoanchu', 'patriciaramos', 'bethanyplacino', 'bhattacharya1', 'jeblgd.ph', 'juliannemaevergara4', 'joahannareminajes', 'samanthaisabelle.rodrigo.pharma', 'franchescayolaine.parilla.shs', 'rainedimaculangan19', 'kariloise', 'jameswilson.fampulme.pharma', 'elielfrances.toledo.pharma', 'jhudielacupanda', 'rainecaringal10', 'kyleandrei.cabatit.pharma', 'anjguillan.baile.pharma', 'franchescayolaine.parilla', 'patriciaangelee.goggs.pharma', 'jairamegayle.sangil.pharma', 'aldrei.castill0', 'nikkielaine.baria.pharma', 'appoluz.almario.pharma', 'seannathan.mendoza.pharma', 'gayledaphneuy', 'matti_dy', 'dcjonah22', 'janegrizellefuerza', 'maryangeline', 'justinsoquila', 'dukesebastianulaso', 'troyedward.ramos.pharma', None, 'gabrieloleo', 'suvariemaiden.tan.pharma', 'mariamilagros.gloria.pharma', 'karinamari.bitao.pharma', 'fixa', 'pulpocabezagrande87', 'mikaela_arcadio', 'emilio37', 'ladymarianquiming']"
7,233,82,7,6,"['kyleandrei.cabatit.pharma', 'linuscarpio', 'angel.benitez.pharma', 'jeanneloree.valderama.pharma', 'denissevaldesancho', 'ladymarianquiming']",75,"['carmelamariebarrientos', 'ritzdelarueda', 'paularmand.bulaon.pharma', 'erikdeleon1234', 'annexindrylle.manalaysay.pharma', 'laracarandang', 'mikayla1004', 'zammarianne.gutierrez.pharma', 'vincent.villanueva.pharma', 'ppgmendoza', 'jucochinaaleksa', 'marian.faith.borja', 'fhvianajr', 'nicoleaudrey22', 'yvdgzmn', 'cornelio.manucat.pharma', 'biancaelissedd', 'kirsten0719', 'nyelagutier', 'zoeryaemi22', 'mrlabatos', 'georgiaborja', 'estellamariz.morales.pharma', 'ejlagman', 'raizamaureen.matias.pharma', 'christinaramone.jaucian.pharma', 'sophia_cabanilla', 'yjzhuang5', 'diannejoyce.saragpon.pharma', 'prudencemcv', 'lanceaarongosioco', 'marianne.fabrigas.pharma', 'elouisesimone.lizardo.pharma', 'hemalathapaila699', 'martinjoshua.delossantos.pharma', 'ajajajajaj', 'jeffreymabanag22', 'alyssajoanchu', 'patriciaramos', 'bethanyplacino', 'bhattacharya1', 'jeblgd.ph', 'juliannemaevergara4', 'joahannareminajes', 'samanthaisabelle.rodrigo.pharma', 'rainedimaculangan19', 'kariloise', 'jameswilson.fampulme.pharma', 'elielfrances.toledo.pharma', 'jhudielacupanda', 'rainecaringal10', 'anjguillan.baile.pharma', 'franchescayolaine.parilla', 'patriciaangelee.goggs.pharma', 'jairamegayle.sangil.pharma', 'aldrei.castill0', 'nikkielaine.baria.pharma', 'appoluz.almario.pharma', 'seannathan.mendoza.pharma', 'gayledaphneuy', 'matti_dy', 'dcjonah22', 'janegrizellefuerza', 'maryangeline', 'justinsoquila', 'dukesebastianulaso', 'troyedward.ramos.pharma', 'gabrieloleo', 'suvariemaiden.tan.pharma', 'mariamilagros.gloria.pharma', 'karinamari.bitao.pharma', 'fixa', 'pulpocabezagrande87', 'mikaela_arcadio', 'emilio37']",1,[None],82,"['carmelamariebarrientos', 'ritzdelarueda', 'paularmand.bulaon.pharma', 'erikdeleon1234', 'annexindrylle.manalaysay.pharma', 'laracarandang', 'mikayla1004', 'zammarianne.gutierrez.pharma', 'vincent.villanueva.pharma', 'ppgmendoza', 'denissevaldesancho', 'jucochinaaleksa', 'marian.faith.borja', 'fhvianajr', 'nicoleaudrey22', 'yvdgzmn', 'cornelio.manucat.pharma', 'biancaelissedd', 'kirsten0719', 'nyelagutier', 'zoeryaemi22', 'mrlabatos', 'georgiaborja', 'estellamariz.morales.pharma', 'ejlagman', 'linuscarpio', 'raizamaureen.matias.pharma', 'angel.benitez.pharma', 'christinaramone.jaucian.pharma', 'sophia_cabanilla', 'jeanneloree.valderama.pharma', 'yjzhuang5', 'diannejoyce.saragpon.pharma', 'prudencemcv', 'lanceaarongosioco', 'marianne.fabrigas.pharma', 'elouisesimone.lizardo.pharma', 'hemalathapaila699', 'martinjoshua.delossantos.pharma', 'ajajajajaj', 'jeffreymabanag22', 'alyssajoanchu', 'patriciaramos', 'bethanyplacino', 'bhattacharya1', 'jeblgd.ph', 'juliannemaevergara4', 'joahannareminajes', 'samanthaisabelle.rodrigo.pharma', 'rainedimaculangan19', 'kariloise', 'jameswilson.fampulme.pharma', 'elielfrances.toledo.pharma', 'jhudielacupanda', 'rainecaringal10', 'kyleandrei.cabatit.pharma', 'anjguillan.baile.pharma', 'franchescayolaine.parilla', 'patriciaangelee.goggs.pharma', 'jairamegayle.sangil.pharma', 'aldrei.castill0', 'nikkielaine.baria.pharma', 'appoluz.almario.pharma', 'seannathan.mendoza.pharma', 'gayledaphneuy', 'matti_dy', 'dcjonah22', 'janegrizellefuerza', 'maryangeline', 'justinsoquila', 'dukesebastianulaso', 'troyedward.ramos.pharma', None, 'gabrieloleo', 'suvariemaiden.tan.pharma', 'mariamilagros.gloria.pharma', 'karinamari.bitao.pharma', 'fixa', 'pulpocabezagrande87', 'mikaela_arcadio', 'emilio37', 'ladymarianquiming']"
8,30,82,219,1,['vyg1014'],80,"['2021ht80078', 'tarundeepsingh.013', '2021ht80143', 'arunchauhan', 'maikurayaritai1039', '2021ht80044', 'rgnitrostudy', 'shahrule63', '2021ht80175', '2021ht80065', 'pawanram380', 'ravikumar_jain', '2021ht80063', 'prathyusha97', 'eashwar.sarma', '2021ht80036', 'ahmedtarek98', '2021ht80173', 'saipraneethgsp', 'tammygoyal6', '2021ht80163', 'h20200181', '2021ht80040', '2021ht80001', 'himabindusagala13', 'yasir1969', '2021ht80190', 'syedsadiq90', 'valeriaraimondi99', 'debashruti.pal6', '2021ht80083', '2021ht80045', 'k.srujan92', '2021ht80027', 'shrirakshabk', 'sudattelkal', 'dheeraj.kulal644', '2021ht80009', '2021ht80192', '2021ht80088', '2021ht80150', '2021ht80189', 'nagaraj.b13', '2021ht80092', '2021ht80167', '2021ht80161', '2021ht80077', '2021ht80072', '2021ht80062', 'murali440', 'naksssouri', '2021ht80183', 'praneethuddagiri', 'rosarioleone', '2021ht80102', 'rambo9418', '2021ht80113', 'havishwas', '2021ht80136', '2021ht80105', 'priyankashinde630', 'spoorthy.ank', '2021ht80008', 'ishanbhardwajsharma', '2021ht80057', '2021ht80137', 'swathimn', 'harika72', 'ranjityewale', '2021ht80032', 'deeps', 'gokulsabada', '2021ht80039', '2021ht80003', 'prerana24', '2021ht80006', '2021ht80073', 'pklwglhyd', 'abhinav46383', 'alfred_kirubaraj']",218,"['sgu20171541', 'khw971011', 'beoungwoo', 'aatony', 'sgu20191457', 'sgu20191451', 'sgu20171492', 'sgu20161553', 'ilkwang', 'sgu20171556', 'sgu20191490', 'sgu20201443', 'sgu20191469', 'songhobin', 'sgu20171502', 'sgu20191494', 'tmdgus4284', 'b715112', 'jskim159', 'pky2237', 'sgu20161455', 'sgu20151313', 'sgu20161519', 'sgu20171594', 'b735544', 'ml935450', 'sgu20161460', 'sgu20201465', 'sgu20171523', 'sgu20151447', 'jjh684212', 'sgu20151482', 'goodjh120', 'sgu20181503', 'wutdreheram0905', 'yjiwan0913', 'sgu20171497', 'sgu20171501', 'mw1155000', 'sgu20192127', 'sgu20171557', 'sgu20171584', 'wjdrms9897', 'sgu20201507', 'sgu20171535', 'sgu20171579', 'ascendtobe', 'sgu20171582', 'sgu20192007', 'wodbs', 'sgu20171524', 'sgu20171513', 'kimjaewook5834', 'onion1228', 'sgu20171503', 'geunwonjeong', 'sasso47523', 'pij33278', 'hck23', 'sgu20191509', 'sgu20171546', 'sgu20191462', 'junn9916', 'dlstn3460', 'sgu20181487', 'sgu20170241', 'dlsrb0521', 'spaget23', 'sgu20161489', 'jaeyun0709', 'sgu20171570', 'qkrrjsxor12', 'sgu20181499', 'daniel223977', 'sgu20181521', 'sgu20161547', 'taegun', 'sgu20141431', 'sgu20191492', 'sgu20201527', 'sgu20171341', 'sgu20201433', 'mingee0740', 'chj20151375', 'sgu20181333', 'sgu20161481', 'sgu20181515', 'yoodabin', None, 'sgu20181509', 'sgu20171585', 'mingi1226', 'sgu20171335', 'sgu20161475', 'b815018', 'wolol005', 'sgu20181513', 'sgu20171583', 'sgu20191305', 'sgu20161537', 'halynyu', 'sgu20171517', 'sgu20181523', 'sgu20171510', 'leejongmin', 'sgu20191489', 'wlsdn0820', 'sgu20201501', 'sgu20161513', 'chojunhee', 'sgu20181479', 'qudgur96', 'sgu20171499', 'sgu20161526', 'sgu20171512', 'jihyun', 'sgu20161486', 'joy34box', 'sgu20171549', 'sgu20161454', 'poby', 'mindk24', 'aksmf98', 'sgu20171350', 'dlrbgur008', 'sgu20171567', 'sgu20201497', 'sgu20181583', 'bigwishwing', 'omeg_on', 'sgu20182197', 'sgu20181489', 'sgu20191543', 'sgu20181511', 'yoona8', 'sgu20151202', 'sgu20161518', 'parkinsu', 'sgu20201475', 'bingsoo', 'sgu20191523', 'sgu20171911', 'sgu20181579', 'kimjaeho608', 'duonduon', 'b815180', 'tntjd3007', 'sgu20181480', 'minsuk', 'sgu20171533', 'sgu20151421', 'sgu20171544', 'b715052', 'sgu20171521', 'sgu20171339', 'sgu20191333', 'homme0214', 'sgu20171536', 'kimdc0134', 'taehojung', 'sgu20171548', 'sgu20201533', 'sgu20201531', 'minyeong', 'ittopsk', 'hcha71', 'sgu20191487', 'sgu20191453', 'ktj061860', 'sgu20171564', 'sgu20171525', 'sgu20171553', 'sgu20181535', 'sgu20161551', 'sgu20201459', 'tkdgjs68', 'ktj08310806', 'sgu20201511', 'sgu20191385', 'sgu20171530', 'sgu20171551', 'sgu20191455', 'rudtjr987', 'sgu20171597', 'sgu20171575', 'sgu20191461', 'sanghoon21547', 'sgu20171560', 'sgu20192113', 'hyeonho', 'jonnyi961', 'sgu20201479', 'sgu20171897', 'buggyjuggy', 'thjung', 'a01088393779', 'bswbsj18', 'seunghun4757', 'sgu20181357', 'sgu20181557', 'sgu20171593', 'kyj0603', 'tomas9159', 'sgu20171516', 'sgu20141341', 'sgu20161997', 'jihongkim', 'xconanx98', 'sgu20171506', 'sgu20201521', 'seokkyu', 'sgu20201463', 'sgu20171576', 'sgu20171843', 'zneet456', 'sgu20171534', 'buggyjuggy97', 'skdywaw1']",299,"['sgu20171541', 'khw971011', '2021ht80143', 'arunchauhan', 'beoungwoo', 'sgu20191457', 'sgu20191451', '2021ht80044', 'ilkwang', 'shahrule63', '2021ht80175', 'sgu20171492', 'sgu20161553', 'sgu20191469', 'songhobin', 'ravikumar_jain', 'sgu20171502', 'sgu20191494', 'pky2237', 'sgu20161460', 'sgu20161519', 'b735544', 'ml935450', 'sgu20171523', 'jjh684212', '2021ht80036', 'sgu20151482', 'wutdreheram0905', 'sgu20171497', 'sgu20171501', 'sgu20192127', '2021ht80173', 'sgu20171557', 'sgu20171579', 'ascendtobe', 'sgu20171582', 'sgu20192007', 'sgu20171524', 'sgu20171513', 'tammygoyal6', 'sgu20171503', '2021ht80163', 'h20200181', '2021ht80040', 'geunwonjeong', 'hck23', 'yasir1969', '2021ht80190', 'sgu20191509', 'sgu20171546', 'dlstn3460', 'debashruti.pal6', '2021ht80083', 'sudattelkal', 'dlsrb0521', 'sgu20161489', 'sgu20181521', 'taegun', 'sgu20141431', 'sgu20171341', '2021ht80192', 'sgu20181333', 'sgu20181515', '2021ht80088', '2021ht80189', 'sgu20181513', 'sgu20171583', 'sgu20191305', 'halynyu', '2021ht80167', 'sgu20171517', 'sgu20181523', '2021ht80077', 'sgu20171510', 'leejongmin', 'sgu20191489', 'wlsdn0820', 'sgu20201501', 'sgu20161513', '2021ht80072', '2021ht80062', 'murali440', 'sgu20161526', 'jihyun', 'naksssouri', 'mindk24', 'rosarioleone', 'dlrbgur008', '2021ht80102', 'rambo9418', 'sgu20171567', 'sgu20181583', 'bigwishwing', 'omeg_on', 'sgu20182197', 'yoona8', 'sgu20161518', 'havishwas', 'sgu20181579', '2021ht80136', 'kimjaeho608', 'tntjd3007', 'sgu20171533', 'sgu20171544', 'sgu20171521', 'sgu20171339', 'sgu20191333', 'spoorthy.ank', 'taehojung', 'sgu20171548', 'sgu20201533', 'ittopsk', 'hcha71', 'sgu20191487', 'sgu20191453', 'ktj061860', 'sgu20171525', 'sgu20171553', 'sgu20201459', 'sgu20201511', 'ranjityewale', 'sgu20191455', '2021ht80032', 'deeps', 'sgu20191461', 'sgu20171560', 'gokulsabada', 'sgu20192113', 'hyeonho', 'prerana24', 'buggyjuggy', 'a01088393779', 'bswbsj18', 'seunghun4757', 'sgu20181557', 'tomas9159', 'sgu20171516', 'sgu20141341', 'sgu20161997', 'sgu20171506', 'sgu20201521', 'sgu20171843', 'sgu20171534', 'abhinav46383', 'buggyjuggy97', 'sgu20181489', 'alfred_kirubaraj', '2021ht80078', 'tarundeepsingh.013', 'aatony', 'maikurayaritai1039', 'rgnitrostudy', 'sgu20171556', 'sgu20191490', 'sgu20201443', '2021ht80065', 'pawanram380', 'tmdgus4284', 'b715112', '2021ht80063', 'prathyusha97', 'jskim159', 'sgu20161455', 'sgu20151313', 'eashwar.sarma', 'sgu20171594', 'sgu20201465', 'sgu20151447', 'goodjh120', 'sgu20181503', 'ahmedtarek98', 'yjiwan0913', 'mw1155000', 'sgu20171584', 'wjdrms9897', 'sgu20201507', 'sgu20171535', 'wodbs', 'onion1228', 'kimjaewook5834', 'saipraneethgsp', '2021ht80001', 'himabindusagala13', 'sasso47523', 'pij33278', 'syedsadiq90', 'valeriaraimondi99', 'sgu20191462', 'junn9916', 'sgu20181487', 'sgu20170241', '2021ht80045', 'k.srujan92', '2021ht80027', 'shrirakshabk', 'spaget23', 'jaeyun0709', 'sgu20171570', 'qkrrjsxor12', 'dheeraj.kulal644', 'sgu20181499', '2021ht80009', 'daniel223977', 'sgu20161547', 'sgu20191492', 'sgu20201527', 'sgu20201433', 'mingee0740', 'chj20151375', 'sgu20161481', 'yoodabin', None, 'sgu20181509', 'sgu20171585', 'mingi1226', 'sgu20171335', '2021ht80150', 'sgu20161475', 'b815018', 'wolol005', 'nagaraj.b13', 'sgu20161537', '2021ht80092', '2021ht80161', 'chojunhee', 'sgu20181479', 'qudgur96', 'sgu20171499', 'sgu20171512', 'sgu20161486', 'joy34box', 'sgu20171549', 'sgu20161454', 'poby', '2021ht80183', 'praneethuddagiri', 'aksmf98', 'sgu20171350', 'sgu20201497', 'sgu20191543', 'sgu20181511', 'sgu20151202', '2021ht80113', 'sgu20201475', 'bingsoo', 'sgu20191523', 'sgu20171911', 'duonduon', 'b815180', 'sgu20181480', 'minsuk', 'sgu20151421', '2021ht80105', 'priyankashinde630', 'b715052', 'homme0214', 'sgu20171536', 'kimdc0134', '2021ht80008', 'sgu20201531', 'ishanbhardwajsharma', 'minyeong', '2021ht80057', '2021ht80137', 'swathimn', 'sgu20171564', 'sgu20181535', 'sgu20161551', 'tkdgjs68', 'ktj08310806', 'sgu20171530', 'harika72', 'sgu20191385', 'sgu20171551', 'rudtjr987', 'sgu20171597', 'sgu20171575', 'sanghoon21547', '2021ht80039', '2021ht80003', 'jonnyi961', 'sgu20201479', 'sgu20171897', '2021ht80006', 'thjung', 'sgu20181357', 'vyg1014', 'sgu20171593', 'kyj0603', '2021ht80073', 'jihongkim', 'xconanx98', 'seokkyu', 'sgu20201463', 'pklwglhyd', 'sgu20171576', 'zneet456', 'parkinsu', 'skdywaw1']"
8,63,82,21,19,"['priyankashinde630', 'saipraneethgsp', 'tammygoyal6', '2021ht80163', 'h20200181', '2021ht80040', 'rgnitrostudy', 'ishanbhardwajsharma', '2021ht80057', 'swathimn', 'pawanram380', '2021ht80183', 'praneethuddagiri', 'ranjityewale', 'rambo9418', '2021ht80102', '2021ht80003', '2021ht80039', '2021ht80192']",62,"['2021ht80078', 'tarundeepsingh.013', '2021ht80092', '2021ht80143', 'arunchauhan', '2021ht80167', '2021ht80161', '2021ht80077', '2021ht80001', 'maikurayaritai1039', 'himabindusagala13', '2021ht80044', 'spoorthy.ank', '2021ht80072', '2021ht80062', 'shahrule63', '2021ht80175', 'murali440', '2021ht80008', 'yasir1969', '2021ht80190', '2021ht80137', 'syedsadiq90', 'valeriaraimondi99', 'naksssouri', 'alfred_kirubaraj', '2021ht80065', 'ravikumar_jain', 'debashruti.pal6', '2021ht80083', '2021ht80045', 'k.srujan92', '2021ht80027', 'shrirakshabk', '2021ht80063', 'prathyusha97', 'sudattelkal', 'rosarioleone', 'harika72', '2021ht80032', 'dheeraj.kulal644', 'eashwar.sarma', 'deeps', '2021ht80009', 'gokulsabada', '2021ht80036', 'prerana24', 'ahmedtarek98', '2021ht80006', '2021ht80088', 'vyg1014', '2021ht80113', '2021ht80173', 'havishwas', '2021ht80073', '2021ht80150', '2021ht80136', '2021ht80189', 'pklwglhyd', 'nagaraj.b13', 'abhinav46383', '2021ht80105']",2,"[None, 'mukilsenthil']",83,"['2021ht80078', 'tarundeepsingh.013', '2021ht80092', '2021ht80143', 'arunchauhan', '2021ht80167', '2021ht80161', '2021ht80077', 'maikurayaritai1039', '2021ht80044', 'rgnitrostudy', '2021ht80072', '2021ht80062', 'shahrule63', '2021ht80175', 'murali440', 'naksssouri', '2021ht80065', 'pawanram380', 'ravikumar_jain', '2021ht80183', 'praneethuddagiri', 'rosarioleone', '2021ht80063', 'prathyusha97', '2021ht80102', 'rambo9418', 'eashwar.sarma', '2021ht80036', 'ahmedtarek98', '2021ht80113', '2021ht80173', 'havishwas', '2021ht80136', '2021ht80105', 'priyankashinde630', 'saipraneethgsp', 'tammygoyal6', '2021ht80163', 'h20200181', '2021ht80040', '2021ht80001', 'spoorthy.ank', 'himabindusagala13', '2021ht80008', 'ishanbhardwajsharma', 'yasir1969', '2021ht80190', '2021ht80057', 'syedsadiq90', '2021ht80137', 'swathimn', 'valeriaraimondi99', 'mukilsenthil', 'debashruti.pal6', '2021ht80083', '2021ht80045', 'k.srujan92', '2021ht80027', 'shrirakshabk', 'sudattelkal', 'harika72', 'ranjityewale', '2021ht80032', 'dheeraj.kulal644', 'deeps', '2021ht80009', 'gokulsabada', '2021ht80039', '2021ht80003', '2021ht80192', 'prerana24', '2021ht80006', None, '2021ht80088', 'vyg1014', '2021ht80073', '2021ht80150', '2021ht80189', 'pklwglhyd', 'nagaraj.b13', 'abhinav46383', 'alfred_kirubaraj']"
8,64,82,13,11,"['2021ht80009', 'havishwas', '2021ht80065', '2021ht80150', 'spoorthy.ank', 'shrirakshabk', '2021ht80008', '2021ht80062', '2021ht80006', 'dheeraj.kulal644', '2021ht80190']",70,"['2021ht80078', 'tarundeepsingh.013', '2021ht80092', '2021ht80143', 'arunchauhan', '2021ht80167', '2021ht80161', '2021ht80077', 'maikurayaritai1039', '2021ht80044', 'rgnitrostudy', '2021ht80072', 'shahrule63', '2021ht80175', 'murali440', 'naksssouri', 'pawanram380', 'ravikumar_jain', '2021ht80183', 'praneethuddagiri', 'rosarioleone', '2021ht80063', 'prathyusha97', '2021ht80102', 'rambo9418', 'eashwar.sarma', '2021ht80036', 'ahmedtarek98', '2021ht80113', '2021ht80173', '2021ht80136', '2021ht80105', 'priyankashinde630', 'saipraneethgsp', 'tammygoyal6', '2021ht80163', 'h20200181', '2021ht80040', '2021ht80001', 'himabindusagala13', 'ishanbhardwajsharma', 'yasir1969', '2021ht80057', 'syedsadiq90', '2021ht80137', 'swathimn', 'valeriaraimondi99', 'debashruti.pal6', '2021ht80083', '2021ht80045', 'k.srujan92', '2021ht80027', 'sudattelkal', 'harika72', 'ranjityewale', '2021ht80032', 'deeps', 'gokulsabada', '2021ht80039', '2021ht80003', '2021ht80192', 'prerana24', '2021ht80088', 'vyg1014', '2021ht80073', '2021ht80189', 'pklwglhyd', 'nagaraj.b13', 'abhinav46383', 'alfred_kirubaraj']",2,"['trisha', None]",83,"['2021ht80078', 'tarundeepsingh.013', '2021ht80092', '2021ht80143', 'arunchauhan', '2021ht80167', '2021ht80161', '2021ht80077', 'maikurayaritai1039', '2021ht80044', 'rgnitrostudy', '2021ht80072', '2021ht80062', 'shahrule63', '2021ht80175', 'murali440', 'naksssouri', '2021ht80065', 'pawanram380', 'ravikumar_jain', '2021ht80183', 'praneethuddagiri', 'rosarioleone', '2021ht80063', 'prathyusha97', '2021ht80102', 'rambo9418', 'eashwar.sarma', '2021ht80036', 'ahmedtarek98', '2021ht80113', '2021ht80173', 'havishwas', '2021ht80136', '2021ht80105', 'priyankashinde630', 'saipraneethgsp', 'tammygoyal6', '2021ht80163', 'h20200181', '2021ht80040', '2021ht80001', 'spoorthy.ank', 'himabindusagala13', '2021ht80008', 'ishanbhardwajsharma', 'yasir1969', '2021ht80190', '2021ht80057', 'syedsadiq90', '2021ht80137', 'swathimn', 'valeriaraimondi99', 'trisha', 'debashruti.pal6', '2021ht80083', '2021ht80045', 'k.srujan92', '2021ht80027', 'shrirakshabk', 'sudattelkal', 'harika72', 'ranjityewale', '2021ht80032', 'dheeraj.kulal644', 'deeps', '2021ht80009', 'gokulsabada', '2021ht80039', '2021ht80003', '2021ht80192', 'prerana24', '2021ht80006', None, '2021ht80088', 'vyg1014', '2021ht80073', '2021ht80150', '2021ht80189', 'pklwglhyd', 'nagaraj.b13', 'abhinav46383', 'alfred_kirubaraj']"
8,68,82,13,1,['shahrule63'],80,"['2021ht80078', 'tarundeepsingh.013', '2021ht80092', '2021ht80143', 'arunchauhan', '2021ht80167', '2021ht80161', '2021ht80077', 'maikurayaritai1039', '2021ht80044', 'rgnitrostudy', '2021ht80072', '2021ht80062', '2021ht80175', 'murali440', 'naksssouri', '2021ht80065', 'pawanram380', 'ravikumar_jain', '2021ht80183', 'praneethuddagiri', 'rosarioleone', '2021ht80063', 'prathyusha97', '2021ht80102', 'rambo9418', 'eashwar.sarma', '2021ht80036', 'ahmedtarek98', '2021ht80113', '2021ht80173', 'havishwas', '2021ht80136', '2021ht80105', 'priyankashinde630', 'saipraneethgsp', 'tammygoyal6', '2021ht80163', 'h20200181', '2021ht80040', '2021ht80001', 'spoorthy.ank', 'himabindusagala13', '2021ht80008', 'ishanbhardwajsharma', 'yasir1969', '2021ht80190', '2021ht80057', 'syedsadiq90', '2021ht80137', 'swathimn', 'valeriaraimondi99', 'debashruti.pal6', '2021ht80083', '2021ht80045', 'k.srujan92', '2021ht80027', 'shrirakshabk', 'sudattelkal', 'harika72', 'ranjityewale', '2021ht80032', 'dheeraj.kulal644', 'deeps', '2021ht80009', 'gokulsabada', '2021ht80039', '2021ht80003', '2021ht80192', 'prerana24', '2021ht80006', '2021ht80088', 'vyg1014', '2021ht80073', '2021ht80150', '2021ht80189', 'pklwglhyd', 'nagaraj.b13', 'abhinav46383', 'alfred_kirubaraj']",12,"['firdauzrash', 'dzaki1998', 'halimhasni', 'muhamadhakimie21', 'fikrimokhtar', 'b081910385', 'b081910093', 'dyana4152', 'lelqmn', 'b081910344', 'arif121', None]",93,"['2021ht80078', 'tarundeepsingh.013', '2021ht80092', '2021ht80143', 'arunchauhan', '2021ht80167', '2021ht80161', 'dzaki1998', 'halimhasni', '2021ht80077', 'maikurayaritai1039', '2021ht80044', 'rgnitrostudy', '2021ht80072', '2021ht80062', 'shahrule63', '2021ht80175', 'murali440', 'naksssouri', '2021ht80065', 'pawanram380', 'ravikumar_jain', '2021ht80183', 'praneethuddagiri', 'rosarioleone', '2021ht80063', 'prathyusha97', 'b081910385', '2021ht80102', 'rambo9418', 'eashwar.sarma', '2021ht80036', 'muhamadhakimie21', 'ahmedtarek98', '2021ht80113', '2021ht80173', 'havishwas', '2021ht80136', 'b081910093', '2021ht80105', 'priyankashinde630', 'saipraneethgsp', 'tammygoyal6', '2021ht80163', 'h20200181', '2021ht80040', '2021ht80001', 'spoorthy.ank', 'himabindusagala13', '2021ht80008', 'dyana4152', 'lelqmn', 'ishanbhardwajsharma', 'arif121', 'yasir1969', '2021ht80190', '2021ht80057', 'syedsadiq90', '2021ht80137', 'swathimn', 'valeriaraimondi99', 'debashruti.pal6', '2021ht80083', '2021ht80045', 'k.srujan92', '2021ht80027', 'shrirakshabk', 'sudattelkal', 'harika72', 'ranjityewale', '2021ht80032', 'dheeraj.kulal644', 'deeps', '2021ht80009', 'gokulsabada', '2021ht80039', '2021ht80003', '2021ht80192', 'prerana24', '2021ht80006', 'b081910344', None, '2021ht80088', 'vyg1014', 'firdauzrash', '2021ht80073', '2021ht80150', 'fikrimokhtar', '2021ht80189', 'pklwglhyd', 'nagaraj.b13', 'abhinav46383', 'alfred_kirubaraj']"
8,62,82,9,8,"['syedsadiq90', '2021ht80113', '2021ht80083', 'pklwglhyd', '2021ht80027', 'nagaraj.b13', 'murali440', 'deeps']",73,"['2021ht80078', 'tarundeepsingh.013', '2021ht80092', '2021ht80143', 'arunchauhan', '2021ht80167', '2021ht80161', '2021ht80077', 'maikurayaritai1039', '2021ht80044', 'rgnitrostudy', '2021ht80072', '2021ht80062', 'shahrule63', '2021ht80175', 'naksssouri', '2021ht80065', 'pawanram380', 'ravikumar_jain', '2021ht80183', 'praneethuddagiri', 'rosarioleone', '2021ht80063', 'prathyusha97', '2021ht80102', 'rambo9418', 'eashwar.sarma', '2021ht80036', 'ahmedtarek98', '2021ht80173', 'havishwas', '2021ht80136', '2021ht80105', 'priyankashinde630', 'saipraneethgsp', 'tammygoyal6', '2021ht80163', 'h20200181', '2021ht80040', '2021ht80001', 'spoorthy.ank', 'himabindusagala13', '2021ht80008', 'ishanbhardwajsharma', 'yasir1969', '2021ht80190', '2021ht80057', '2021ht80137', 'swathimn', 'valeriaraimondi99', 'debashruti.pal6', '2021ht80045', 'k.srujan92', 'shrirakshabk', 'sudattelkal', 'harika72', 'ranjityewale', '2021ht80032', 'dheeraj.kulal644', '2021ht80009', 'gokulsabada', '2021ht80039', '2021ht80003', '2021ht80192', 'prerana24', '2021ht80006', '2021ht80088', 'vyg1014', '2021ht80073', '2021ht80150', '2021ht80189', 'abhinav46383', 'alfred_kirubaraj']",1,[None],82,"['2021ht80078', 'tarundeepsingh.013', '2021ht80092', '2021ht80143', 'arunchauhan', '2021ht80167', '2021ht80161', '2021ht80077', 'maikurayaritai1039', '2021ht80044', 'rgnitrostudy', '2021ht80072', '2021ht80062', 'shahrule63', '2021ht80175', 'murali440', 'naksssouri', '2021ht80065', 'pawanram380', 'ravikumar_jain', '2021ht80183', 'praneethuddagiri', 'rosarioleone', '2021ht80063', 'prathyusha97', '2021ht80102', 'rambo9418', 'eashwar.sarma', '2021ht80036', 'ahmedtarek98', '2021ht80113', '2021ht80173', 'havishwas', '2021ht80136', '2021ht80105', 'priyankashinde630', 'saipraneethgsp', 'tammygoyal6', '2021ht80163', 'h20200181', '2021ht80040', '2021ht80001', 'spoorthy.ank', 'himabindusagala13', '2021ht80008', 'ishanbhardwajsharma', 'yasir1969', '2021ht80190', '2021ht80057', 'syedsadiq90', '2021ht80137', 'swathimn', 'valeriaraimondi99', 'debashruti.pal6', '2021ht80083', '2021ht80045', 'k.srujan92', '2021ht80027', 'shrirakshabk', 'sudattelkal', 'harika72', 'ranjityewale', '2021ht80032', 'dheeraj.kulal644', 'deeps', '2021ht80009', 'gokulsabada', '2021ht80039', '2021ht80003', '2021ht80192', 'prerana24', '2021ht80006', None, '2021ht80088', 'vyg1014', '2021ht80073', '2021ht80150', '2021ht80189', 'pklwglhyd', 'nagaraj.b13', 'abhinav46383', 'alfred_kirubaraj']"
9,262,75,62,55,"['cbesoto', 'ailene_nunez', 'mikecabotage', 'jcgo4', 'rlsalas', 'pzventigan', 'shaniamontesa', 'lgodolino', 'ledif_zepeda14', 'jlgarcia3', 'jppaulin', 'romardabban', 'jbnas', 'jvtumaneng', 'pnrijoanna', 'elianangelo.abellanosa.pharma', 'mmmamusa07', 'icdelacruz1', 'legrande.dolino', 'roybdom', 'josuahmaylas1', 'reqcapule12', 'nino_lim', 'yu.paul.k', 'acdalabajan1', 'jps7', 'jeminajavierr', 'carlflestado', 'jeongeun.ha.pharma', 'ddls.monica', 'mamlflores', 'philip.opao', 'el1999', 'magtibayeliza', 'ersyanza', 'edlynmaryresurreccion', 'mmacahigas', 'gian_02', 'ksllabres', 'aguantar18', 'nvdecio', 'j0maera', 'jbjunio4', 'vonnovi.deleon', 'piolabbelmonte', 'dedloresca', 'mkmcrisostomo', 'karlagatdula', 'francesfaye', 'jpslmc', 'danadenise11', 'altair.agmata', 'gracelanwang', 'arbarcena1', 'booma']",19,"['slescayo', 'liezl.jabile', 'vzordillo', 'pelerona', 'thicamina', 'danasegui', 'dcjames', 'jrojas', 'joan14', 'privera91', 'bma', 'abelcmathew6', 'isaac0538', 'ryanlester.momo.pharma', 'aabhallalevine', 'okuksen', 'sagnikacharya', 'narol13', 'dvillalobos']",7,"['fenilouizbeth.batula', 'atom0890', 'annvictoria913', 'aria8', 'elladenese.maglaqui', 'reyalfredranola', None]",81,"['cbesoto', 'slescayo', 'vzordillo', 'mikecabotage', 'jcgo4', 'thicamina', 'pzventigan', 'annvictoria913', 'ledif_zepeda14', 'danasegui', 'lgodolino', 'shaniamontesa', 'jppaulin', 'elianangelo.abellanosa.pharma', 'mmmamusa07', 'icdelacruz1', 'nino_lim', 'carlflestado', 'ddls.monica', 'atom0890', 'ersyanza', 'isaac0538', 'mmacahigas', 'ksllabres', 'aguantar18', 'j0maera', 'nvdecio', 'vonnovi.deleon', 'piolabbelmonte', 'fenilouizbeth.batula', 'mkmcrisostomo', 'francesfaye', 'sagnikacharya', 'danadenise11', 'altair.agmata', 'ailene_nunez', 'liezl.jabile', 'pelerona', 'rlsalas', 'dcjames', 'reyalfredranola', 'jlgarcia3', 'jrojas', 'joan14', 'privera91', 'romardabban', 'jbnas', 'bma', 'pnrijoanna', 'jvtumaneng', 'legrande.dolino', 'roybdom', 'josuahmaylas1', 'reqcapule12', 'aria8', 'yu.paul.k', 'acdalabajan1', 'jps7', 'jeminajavierr', 'jeongeun.ha.pharma', 'mamlflores', 'philip.opao', 'el1999', 'magtibayeliza', 'abelcmathew6', 'elladenese.maglaqui', 'ryanlester.momo.pharma', 'edlynmaryresurreccion', 'aabhallalevine', None, 'gian_02', 'jbjunio4', 'dedloresca', 'okuksen', 'karlagatdula', 'jpslmc', 'narol13', 'gracelanwang', 'arbarcena1', 'booma', 'dvillalobos']"
9,589,75,18,1,['elianangelo.abellanosa.pharma'],73,"['cbesoto', 'ailene_nunez', 'slescayo', 'liezl.jabile', 'vzordillo', 'mikecabotage', 'jcgo4', 'thicamina', 'pzventigan', 'pelerona', 'rlsalas', 'ledif_zepeda14', 'danasegui', 'lgodolino', 'shaniamontesa', 'dcjames', 'jlgarcia3', 'jppaulin', 'jrojas', 'joan14', 'privera91', 'romardabban', 'jbnas', 'bma', 'pnrijoanna', 'jvtumaneng', 'mmmamusa07', 'icdelacruz1', 'legrande.dolino', 'roybdom', 'josuahmaylas1', 'reqcapule12', 'nino_lim', 'yu.paul.k', 'acdalabajan1', 'jps7', 'jeminajavierr', 'carlflestado', 'jeongeun.ha.pharma', 'ddls.monica', 'mamlflores', 'philip.opao', 'el1999', 'magtibayeliza', 'abelcmathew6', 'ersyanza', 'isaac0538', 'ryanlester.momo.pharma', 'edlynmaryresurreccion', 'mmacahigas', 'aabhallalevine', 'gian_02', 'ksllabres', 'aguantar18', 'j0maera', 'nvdecio', 'jbjunio4', 'vonnovi.deleon', 'piolabbelmonte', 'dedloresca', 'mkmcrisostomo', 'okuksen', 'karlagatdula', 'francesfaye', 'sagnikacharya', 'jpslmc', 'danadenise11', 'narol13', 'altair.agmata', 'gracelanwang', 'arbarcena1', 'booma', 'dvillalobos']",17,"['vincetyrell.yongco.pharma', 'hnnhdnz', 'allien', None, 'majuztine.buenaflor.pharma', 'louierince.suyo.pharma', 'biochemistyarn', 'juzleenpaulette.bracewell.pharma', 'sophiamarie.castillo.pharma', 'annvictoria913', 'aria8', 'jrivero00', 'elladenese.maglaqui', 'pampilemon03', 'ddiagono', 'airadacasin', 'riyanvillanueva']",91,"['cbesoto', 'vincetyrell.yongco.pharma', 'slescayo', 'vzordillo', 'mikecabotage', 'jcgo4', 'thicamina', 'pzventigan', 'annvictoria913', 'ledif_zepeda14', 'danasegui', 'lgodolino', 'shaniamontesa', 'jppaulin', 'elianangelo.abellanosa.pharma', 'mmmamusa07', 'icdelacruz1', 'juzleenpaulette.bracewell.pharma', 'nino_lim', 'riyanvillanueva', 'carlflestado', 'majuztine.buenaflor.pharma', 'louierince.suyo.pharma', 'ddls.monica', 'ersyanza', 'isaac0538', 'mmacahigas', 'ksllabres', 'aguantar18', 'j0maera', 'nvdecio', 'vonnovi.deleon', 'piolabbelmonte', 'mkmcrisostomo', 'francesfaye', 'sophiamarie.castillo.pharma', 'sagnikacharya', 'danadenise11', 'altair.agmata', 'hnnhdnz', 'ailene_nunez', 'liezl.jabile', 'biochemistyarn', 'pelerona', 'rlsalas', 'dcjames', 'pampilemon03', 'jlgarcia3', 'jrojas', 'joan14', 'privera91', 'romardabban', 'jbnas', 'bma', 'pnrijoanna', 'jvtumaneng', 'legrande.dolino', 'roybdom', 'josuahmaylas1', 'reqcapule12', 'aria8', 'yu.paul.k', 'acdalabajan1', 'jps7', 'jeminajavierr', 'jeongeun.ha.pharma', 'mamlflores', 'philip.opao', 'el1999', 'magtibayeliza', 'abelcmathew6', 'elladenese.maglaqui', 'ryanlester.momo.pharma', 'edlynmaryresurreccion', 'aabhallalevine', None, 'gian_02', 'allien', 'jbjunio4', 'dedloresca', 'okuksen', 'karlagatdula', 'jrivero00', 'jpslmc', 'narol13', 'ddiagono', 'airadacasin', 'gracelanwang', 'arbarcena1', 'booma', 'dvillalobos']"
9,261,75,8,5,"['jvtumaneng', 'francesfaye', 'shaniamontesa', 'jps7', 'booma']",69,"['cbesoto', 'slescayo', 'vzordillo', 'mikecabotage', 'jcgo4', 'thicamina', 'pzventigan', 'ledif_zepeda14', 'danasegui', 'lgodolino', 'jppaulin', 'elianangelo.abellanosa.pharma', 'mmmamusa07', 'icdelacruz1', 'nino_lim', 'carlflestado', 'ddls.monica', 'ersyanza', 'isaac0538', 'mmacahigas', 'ksllabres', 'aguantar18', 'j0maera', 'nvdecio', 'vonnovi.deleon', 'piolabbelmonte', 'mkmcrisostomo', 'sagnikacharya', 'danadenise11', 'altair.agmata', 'ailene_nunez', 'liezl.jabile', 'pelerona', 'rlsalas', 'dcjames', 'jlgarcia3', 'jrojas', 'joan14', 'privera91', 'romardabban', 'jbnas', 'bma', 'pnrijoanna', 'legrande.dolino', 'roybdom', 'josuahmaylas1', 'reqcapule12', 'yu.paul.k', 'acdalabajan1', 'jeminajavierr', 'jeongeun.ha.pharma', 'mamlflores', 'philip.opao', 'el1999', 'magtibayeliza', 'abelcmathew6', 'ryanlester.momo.pharma', 'edlynmaryresurreccion', 'aabhallalevine', 'gian_02', 'jbjunio4', 'dedloresca', 'okuksen', 'karlagatdula', 'jpslmc', 'narol13', 'gracelanwang', 'arbarcena1', 'dvillalobos']",3,"['rick_carvajal', None, 'pupchemcharles']",77,"['cbesoto', 'slescayo', 'vzordillo', 'mikecabotage', 'jcgo4', 'thicamina', 'pzventigan', 'ledif_zepeda14', 'danasegui', 'lgodolino', 'shaniamontesa', 'jppaulin', 'elianangelo.abellanosa.pharma', 'mmmamusa07', 'icdelacruz1', 'nino_lim', 'carlflestado', 'ddls.monica', 'ersyanza', 'isaac0538', 'mmacahigas', 'ksllabres', 'aguantar18', 'j0maera', 'nvdecio', 'vonnovi.deleon', 'piolabbelmonte', 'mkmcrisostomo', 'francesfaye', 'sagnikacharya', 'danadenise11', 'altair.agmata', 'ailene_nunez', 'liezl.jabile', 'pelerona', 'rlsalas', 'dcjames', 'jlgarcia3', 'jrojas', 'joan14', 'privera91', 'romardabban', 'jbnas', 'bma', 'pnrijoanna', 'jvtumaneng', 'legrande.dolino', 'roybdom', 'josuahmaylas1', 'reqcapule12', 'yu.paul.k', 'acdalabajan1', 'jps7', 'jeminajavierr', 'jeongeun.ha.pharma', 'pupchemcharles', 'mamlflores', 'philip.opao', 'el1999', 'magtibayeliza', 'abelcmathew6', 'ryanlester.momo.pharma', 'edlynmaryresurreccion', 'aabhallalevine', None, 'gian_02', 'rick_carvajal', 'jbjunio4', 'dedloresca', 'okuksen', 'karlagatdula', 'jpslmc', 'narol13', 'gracelanwang', 'arbarcena1', 'booma', 'dvillalobos']"
10,589,73,18,1,['riyanvillanueva'],71,"['connorduffy', 'zandramikaela', 'natashapolito', 'angelicamae.manalo.pharma', 'ashleydonald', 'clewis26', 'pnagrani', 'olivia.bergmann', 'mary.bauzon', 'crowning', 'driscollp', 'sophiallison', 'matthew.maloney', 'andrew.montiegel', 'brandongarver', 'jaden_b3', 'kayladunnuck', 'carson.mcneely', 'juliasthilaire', 'jruesch', 'argstanton', 'lafourcadep', 'kylelackey', 'morganwilliams', 'ehecht', 'ssrini06', 'nguyenk2', 'eularussea.velasquez.pharma', 'jcaasi28', 'seancraiglaureta', 'exirinach', 'petersun', 'jeromeroche', 'glorber', 'kennedycobb', 'hernandezv', 'jeffdemetrio', 'jacob.cornell', 'humaira.sneha.bd', 'sophia.corrales', 'dianarodriguez.croem', 'jettsu', 'liyingwu', 'christinejoy.villanueva', 'justinwalsh', 'bridgettekaycee.cruz.pharma', 's.alderman', 'sgandhi', 'gavin.drawdy', 'rebeccapoole', 'joel.cruz', 'johnmallari', 'cmlin', 'diploadrauu', 'bcayush', 'oliviarandell', 'eric.bodnar', 'ashleymitchell', 'ycagallardo', 'bethany.baker', 'soficoto', 'amanalo070199', 'walter.sanchez', 'warrenforscience', 'cgettinger', 'yassinlabichi', 'm.mcguinness', 'mikad98', 'mike0844', 'j.martin', 'jordanbuisch']",17,"['vincetyrell.yongco.pharma', 'hnnhdnz', 'allien', 'elianangelo.abellanosa.pharma', 'majuztine.buenaflor.pharma', 'louierince.suyo.pharma', 'biochemistyarn', 'juzleenpaulette.bracewell.pharma', 'sophiamarie.castillo.pharma', 'annvictoria913', 'aria8', 'jrivero00', 'elladenese.maglaqui', 'pampilemon03', 'ddiagono', 'airadacasin', None]",89,"['vincetyrell.yongco.pharma', 'ashleydonald', 'clewis26', 'annvictoria913', 'pnagrani', 'olivia.bergmann', 'mary.bauzon', 'crowning', 'driscollp', 'matthew.maloney', 'brandongarver', 'jaden_b3', 'carson.mcneely', 'juliasthilaire', 'elianangelo.abellanosa.pharma', 'lafourcadep', 'juzleenpaulette.bracewell.pharma', 'morganwilliams', 'ehecht', 'jcaasi28', 'riyanvillanueva', 'petersun', 'exirinach', 'glorber', 'hernandezv', 'jacob.cornell', 'majuztine.buenaflor.pharma', 'louierince.suyo.pharma', 'humaira.sneha.bd', 'dianarodriguez.croem', 'jettsu', 'bridgettekaycee.cruz.pharma', 's.alderman', 'johnmallari', 'diploadrauu', 'bcayush', 'oliviarandell', 'eric.bodnar', 'ashleymitchell', 'soficoto', 'sophiamarie.castillo.pharma', 'amanalo070199', 'cgettinger', 'yassinlabichi', 'm.mcguinness', 'mikad98', 'jordanbuisch', 'hnnhdnz', 'connorduffy', 'natashapolito', 'zandramikaela', 'angelicamae.manalo.pharma', 'biochemistyarn', 'sophiallison', 'pampilemon03', 'andrew.montiegel', 'kayladunnuck', 'jruesch', 'argstanton', 'kylelackey', 'ssrini06', 'aria8', 'nguyenk2', 'eularussea.velasquez.pharma', 'seancraiglaureta', 'jeromeroche', 'kennedycobb', 'jeffdemetrio', 'sophia.corrales', 'liyingwu', 'christinejoy.villanueva', 'justinwalsh', 'sgandhi', 'elladenese.maglaqui', 'gavin.drawdy', 'rebeccapoole', 'joel.cruz', 'cmlin', None, 'allien', 'ycagallardo', 'bethany.baker', 'walter.sanchez', 'jrivero00', 'warrenforscience', 'mike0844', 'j.martin', 'ddiagono', 'airadacasin']"
10,210,73,17,7,"['christinejoy.villanueva', 'sophiallison', 'bridgettekaycee.cruz.pharma', 'crowning', 'mikad98', 'jcaasi28', 'seancraiglaureta']",65,"['ashleydonald', 'clewis26', 'pnagrani', 'olivia.bergmann', 'mary.bauzon', 'driscollp', 'matthew.maloney', 'brandongarver', 'jaden_b3', 'carson.mcneely', 'juliasthilaire', 'lafourcadep', 'morganwilliams', 'ehecht', 'riyanvillanueva', 'petersun', 'exirinach', 'glorber', 'hernandezv', 'jacob.cornell', 'humaira.sneha.bd', 'dianarodriguez.croem', 'jettsu', 's.alderman', 'johnmallari', 'diploadrauu', 'bcayush', 'oliviarandell', 'eric.bodnar', 'ashleymitchell', 'soficoto', 'amanalo070199', 'cgettinger', 'yassinlabichi', 'm.mcguinness', 'jordanbuisch', 'connorduffy', 'natashapolito', 'zandramikaela', 'angelicamae.manalo.pharma', 'andrew.montiegel', 'kayladunnuck', 'jruesch', 'argstanton', 'kylelackey', 'ssrini06', 'nguyenk2', 'eularussea.velasquez.pharma', 'jeromeroche', 'kennedycobb', 'jeffdemetrio', 'sophia.corrales', 'liyingwu', 'justinwalsh', 'sgandhi', 'gavin.drawdy', 'rebeccapoole', 'joel.cruz', 'cmlin', 'ycagallardo', 'bethany.baker', 'walter.sanchez', 'warrenforscience', 'mike0844', 'j.martin']",10,"['franzesybile99', 'mylesdlcrz', 'fenilouizbeth.batula', 'raisabel28', 'lykaalexandrea.gomez', 'aria8', 'elladenese.maglaqui', 'psychevillegas', 'mirabella.odtohan', None]",82,"['franzesybile99', 'ashleydonald', 'clewis26', 'pnagrani', 'olivia.bergmann', 'mary.bauzon', 'crowning', 'driscollp', 'matthew.maloney', 'brandongarver', 'jaden_b3', 'carson.mcneely', 'juliasthilaire', 'lafourcadep', 'morganwilliams', 'ehecht', 'jcaasi28', 'riyanvillanueva', 'petersun', 'exirinach', 'glorber', 'hernandezv', 'jacob.cornell', 'humaira.sneha.bd', 'dianarodriguez.croem', 'jettsu', 'bridgettekaycee.cruz.pharma', 's.alderman', 'johnmallari', 'diploadrauu', 'bcayush', 'oliviarandell', 'eric.bodnar', 'mylesdlcrz', 'fenilouizbeth.batula', 'ashleymitchell', 'soficoto', 'amanalo070199', 'cgettinger', 'yassinlabichi', 'm.mcguinness', 'mikad98', 'psychevillegas', 'mirabella.odtohan', 'jordanbuisch', 'connorduffy', 'natashapolito', 'zandramikaela', 'angelicamae.manalo.pharma', 'sophiallison', 'andrew.montiegel', 'kayladunnuck', 'jruesch', 'argstanton', 'kylelackey', 'ssrini06', 'aria8', 'nguyenk2', 'eularussea.velasquez.pharma', 'seancraiglaureta', 'jeromeroche', 'kennedycobb', 'jeffdemetrio', 'sophia.corrales', 'liyingwu', 'christinejoy.villanueva', 'justinwalsh', 'lykaalexandrea.gomez', 'sgandhi', 'elladenese.maglaqui', 'gavin.drawdy', 'rebeccapoole', 'joel.cruz', 'cmlin', None, 'ycagallardo', 'raisabel28', 'bethany.baker', 'walter.sanchez', 'warrenforscience', 'mike0844', 'j.martin']"
10,216,73,16,13,"['hernandezv', 'jacob.cornell', 'juliasthilaire', 'argstanton', 'jettsu', 's.alderman', 'cgettinger', 'gavin.drawdy', 'andrew.montiegel', 'rebeccapoole', 'm.mcguinness', 'oliviarandell', 'glorber']",59,"['ashleydonald', 'clewis26', 'pnagrani', 'olivia.bergmann', 'mary.bauzon', 'crowning', 'driscollp', 'matthew.maloney', 'brandongarver', 'jaden_b3', 'carson.mcneely', 'lafourcadep', 'morganwilliams', 'ehecht', 'jcaasi28', 'riyanvillanueva', 'petersun', 'exirinach', 'humaira.sneha.bd', 'dianarodriguez.croem', 'bridgettekaycee.cruz.pharma', 'johnmallari', 'diploadrauu', 'bcayush', 'eric.bodnar', 'ashleymitchell', 'soficoto', 'amanalo070199', 'yassinlabichi', 'mikad98', 'jordanbuisch', 'connorduffy', 'natashapolito', 'zandramikaela', 'angelicamae.manalo.pharma', 'sophiallison', 'kayladunnuck', 'jruesch', 'kylelackey', 'ssrini06', 'nguyenk2', 'eularussea.velasquez.pharma', 'seancraiglaureta', 'jeromeroche', 'kennedycobb', 'jeffdemetrio', 'sophia.corrales', 'liyingwu', 'christinejoy.villanueva', 'justinwalsh', 'sgandhi', 'joel.cruz', 'cmlin', 'ycagallardo', 'bethany.baker', 'walter.sanchez', 'warrenforscience', 'mike0844', 'j.martin']",3,"['alainagordon', None, 'nguyendaniel']",75,"['ashleydonald', 'clewis26', 'pnagrani', 'olivia.bergmann', 'mary.bauzon', 'crowning', 'driscollp', 'matthew.maloney', 'brandongarver', 'jaden_b3', 'carson.mcneely', 'juliasthilaire', 'lafourcadep', 'morganwilliams', 'ehecht', 'jcaasi28', 'riyanvillanueva', 'petersun', 'exirinach', 'glorber', 'hernandezv', 'jacob.cornell', 'humaira.sneha.bd', 'dianarodriguez.croem', 'jettsu', 'bridgettekaycee.cruz.pharma', 's.alderman', 'johnmallari', 'diploadrauu', 'bcayush', 'oliviarandell', 'eric.bodnar', 'ashleymitchell', 'soficoto', 'amanalo070199', 'cgettinger', 'yassinlabichi', 'm.mcguinness', 'mikad98', 'jordanbuisch', 'connorduffy', 'natashapolito', 'zandramikaela', 'angelicamae.manalo.pharma', 'sophiallison', 'andrew.montiegel', 'kayladunnuck', 'jruesch', 'argstanton', 'kylelackey', 'ssrini06', 'nguyendaniel', 'nguyenk2', 'eularussea.velasquez.pharma', 'seancraiglaureta', 'jeromeroche', 'kennedycobb', 'jeffdemetrio', 'alainagordon', 'sophia.corrales', 'liyingwu', 'christinejoy.villanueva', 'justinwalsh', 'sgandhi', 'gavin.drawdy', 'rebeccapoole', 'joel.cruz', 'cmlin', None, 'ycagallardo', 'bethany.baker', 'walter.sanchez', 'warrenforscience', 'mike0844', 'j.martin']"
10,211,73,13,10,"['hernandezv', 'jacob.cornell', 'argstanton', 'kylelackey', 'morganwilliams', 'walter.sanchez', 'olivia.bergmann', 'cgettinger', 'mike0844', 'oliviarandell']",62,"['ashleydonald', 'clewis26', 'pnagrani', 'mary.bauzon', 'crowning', 'driscollp', 'matthew.maloney', 'brandongarver', 'jaden_b3', 'carson.mcneely', 'juliasthilaire', 'lafourcadep', 'ehecht', 'jcaasi28', 'riyanvillanueva', 'petersun', 'exirinach', 'glorber', 'humaira.sneha.bd', 'dianarodriguez.croem', 'jettsu', 'bridgettekaycee.cruz.pharma', 's.alderman', 'johnmallari', 'diploadrauu', 'bcayush', 'eric.bodnar', 'ashleymitchell', 'soficoto', 'amanalo070199', 'yassinlabichi', 'm.mcguinness', 'mikad98', 'jordanbuisch', 'connorduffy', 'natashapolito', 'zandramikaela', 'angelicamae.manalo.pharma', 'sophiallison', 'andrew.montiegel', 'kayladunnuck', 'jruesch', 'ssrini06', 'nguyenk2', 'eularussea.velasquez.pharma', 'seancraiglaureta', 'jeromeroche', 'kennedycobb', 'jeffdemetrio', 'sophia.corrales', 'liyingwu', 'christinejoy.villanueva', 'justinwalsh', 'sgandhi', 'gavin.drawdy', 'rebeccapoole', 'joel.cruz', 'cmlin', 'ycagallardo', 'bethany.baker', 'warrenforscience', 'j.martin']",3,"['alainagordon', None, 'nguyendaniel']",75,"['ashleydonald', 'clewis26', 'pnagrani', 'olivia.bergmann', 'mary.bauzon', 'crowning', 'driscollp', 'matthew.maloney', 'brandongarver', 'jaden_b3', 'carson.mcneely', 'juliasthilaire', 'lafourcadep', 'morganwilliams', 'ehecht', 'jcaasi28', 'riyanvillanueva', 'petersun', 'exirinach', 'glorber', 'hernandezv', 'jacob.cornell', 'humaira.sneha.bd', 'dianarodriguez.croem', 'jettsu', 'bridgettekaycee.cruz.pharma', 's.alderman', 'johnmallari', 'diploadrauu', 'bcayush', 'oliviarandell', 'eric.bodnar', 'ashleymitchell', 'soficoto', 'amanalo070199', 'cgettinger', 'yassinlabichi', 'm.mcguinness', 'mikad98', 'jordanbuisch', 'connorduffy', 'natashapolito', 'zandramikaela', 'angelicamae.manalo.pharma', 'sophiallison', 'andrew.montiegel', 'kayladunnuck', 'jruesch', 'argstanton', 'kylelackey', 'ssrini06', 'nguyendaniel', 'nguyenk2', 'eularussea.velasquez.pharma', 'seancraiglaureta', 'jeromeroche', 'kennedycobb', 'jeffdemetrio', 'alainagordon', 'sophia.corrales', 'liyingwu', 'christinejoy.villanueva', 'justinwalsh', 'sgandhi', 'gavin.drawdy', 'rebeccapoole', 'joel.cruz', 'cmlin', None, 'ycagallardo', 'bethany.baker', 'walter.sanchez', 'warrenforscience', 'mike0844', 'j.martin']"
10,213,73,13,7,"['zandramikaela', 'ycagallardo', 'christinejoy.villanueva', 'sophiallison', 'mary.bauzon', 'mikad98', 'jcaasi28']",65,"['ashleydonald', 'clewis26', 'pnagrani', 'olivia.bergmann', 'crowning', 'driscollp', 'matthew.maloney', 'brandongarver', 'jaden_b3', 'carson.mcneely', 'juliasthilaire', 'lafourcadep', 'morganwilliams', 'ehecht', 'riyanvillanueva', 'petersun', 'exirinach', 'glorber', 'hernandezv', 'jacob.cornell', 'humaira.sneha.bd', 'dianarodriguez.croem', 'jettsu', 'bridgettekaycee.cruz.pharma', 's.alderman', 'johnmallari', 'diploadrauu', 'bcayush', 'oliviarandell', 'eric.bodnar', 'ashleymitchell', 'soficoto', 'amanalo070199', 'cgettinger', 'yassinlabichi', 'm.mcguinness', 'jordanbuisch', 'connorduffy', 'natashapolito', 'angelicamae.manalo.pharma', 'andrew.montiegel', 'kayladunnuck', 'jruesch', 'argstanton', 'kylelackey', 'ssrini06', 'nguyenk2', 'eularussea.velasquez.pharma', 'seancraiglaureta', 'jeromeroche', 'kennedycobb', 'jeffdemetrio', 'sophia.corrales', 'liyingwu', 'justinwalsh', 'sgandhi', 'gavin.drawdy', 'rebeccapoole', 'joel.cruz', 'cmlin', 'bethany.baker', 'walter.sanchez', 'warrenforscience', 'mike0844', 'j.martin']",6,"['franzesybile99', 'raisabel28', 'lykaalexandrea.gomez', 'psychevillegas', 'mirabella.odtohan', None]",78,"['franzesybile99', 'ashleydonald', 'clewis26', 'pnagrani', 'olivia.bergmann', 'mary.bauzon', 'crowning', 'driscollp', 'matthew.maloney', 'brandongarver', 'jaden_b3', 'carson.mcneely', 'juliasthilaire', 'lafourcadep', 'morganwilliams', 'ehecht', 'jcaasi28', 'riyanvillanueva', 'petersun', 'exirinach', 'glorber', 'hernandezv', 'jacob.cornell', 'humaira.sneha.bd', 'dianarodriguez.croem', 'jettsu', 'bridgettekaycee.cruz.pharma', 's.alderman', 'johnmallari', 'diploadrauu', 'bcayush', 'oliviarandell', 'eric.bodnar', 'ashleymitchell', 'soficoto', 'amanalo070199', 'cgettinger', 'yassinlabichi', 'm.mcguinness', 'mikad98', 'psychevillegas', 'mirabella.odtohan', 'jordanbuisch', 'connorduffy', 'natashapolito', 'zandramikaela', 'angelicamae.manalo.pharma', 'sophiallison', 'andrew.montiegel', 'kayladunnuck', 'jruesch', 'argstanton', 'kylelackey', 'ssrini06', 'nguyenk2', 'eularussea.velasquez.pharma', 'seancraiglaureta', 'jeromeroche', 'kennedycobb', 'jeffdemetrio', 'sophia.corrales', 'liyingwu', 'christinejoy.villanueva', 'justinwalsh', 'lykaalexandrea.gomez', 'sgandhi', 'gavin.drawdy', 'rebeccapoole', 'joel.cruz', 'cmlin', None, 'ycagallardo', 'raisabel28', 'bethany.baker', 'walter.sanchez', 'warrenforscience', 'mike0844', 'j.martin']"
10,209,73,9,6,"['hernandezv', 'jacob.cornell', 's.alderman', 'cgettinger', 'rebeccapoole', 'oliviarandell']",66,"['ashleydonald', 'clewis26', 'pnagrani', 'olivia.bergmann', 'mary.bauzon', 'crowning', 'driscollp', 'matthew.maloney', 'brandongarver', 'jaden_b3', 'carson.mcneely', 'juliasthilaire', 'lafourcadep', 'morganwilliams', 'ehecht', 'jcaasi28', 'riyanvillanueva', 'petersun', 'exirinach', 'glorber', 'humaira.sneha.bd', 'dianarodriguez.croem', 'jettsu', 'bridgettekaycee.cruz.pharma', 'johnmallari', 'diploadrauu', 'bcayush', 'eric.bodnar', 'ashleymitchell', 'soficoto', 'amanalo070199', 'yassinlabichi', 'm.mcguinness', 'mikad98', 'jordanbuisch', 'connorduffy', 'natashapolito', 'zandramikaela', 'angelicamae.manalo.pharma', 'sophiallison', 'andrew.montiegel', 'kayladunnuck', 'jruesch', 'argstanton', 'kylelackey', 'ssrini06', 'nguyenk2', 'eularussea.velasquez.pharma', 'seancraiglaureta', 'jeromeroche', 'kennedycobb', 'jeffdemetrio', 'sophia.corrales', 'liyingwu', 'christinejoy.villanueva', 'justinwalsh', 'sgandhi', 'gavin.drawdy', 'joel.cruz', 'cmlin', 'ycagallardo', 'bethany.baker', 'walter.sanchez', 'warrenforscience', 'mike0844', 'j.martin']",3,"['dyuna.soledade', 'molinay', None]",75,"['ashleydonald', 'clewis26', 'pnagrani', 'olivia.bergmann', 'mary.bauzon', 'crowning', 'driscollp', 'matthew.maloney', 'brandongarver', 'jaden_b3', 'carson.mcneely', 'juliasthilaire', 'lafourcadep', 'morganwilliams', 'ehecht', 'jcaasi28', 'riyanvillanueva', 'petersun', 'exirinach', 'glorber', 'hernandezv', 'jacob.cornell', 'humaira.sneha.bd', 'dianarodriguez.croem', 'jettsu', 'bridgettekaycee.cruz.pharma', 's.alderman', 'johnmallari', 'diploadrauu', 'bcayush', 'oliviarandell', 'eric.bodnar', 'ashleymitchell', 'soficoto', 'amanalo070199', 'cgettinger', 'yassinlabichi', 'm.mcguinness', 'mikad98', 'jordanbuisch', 'dyuna.soledade', 'connorduffy', 'natashapolito', 'zandramikaela', 'angelicamae.manalo.pharma', 'sophiallison', 'andrew.montiegel', 'kayladunnuck', 'jruesch', 'argstanton', 'kylelackey', 'ssrini06', 'nguyenk2', 'eularussea.velasquez.pharma', 'seancraiglaureta', 'jeromeroche', 'kennedycobb', 'jeffdemetrio', 'sophia.corrales', 'liyingwu', 'christinejoy.villanueva', 'justinwalsh', 'molinay', 'sgandhi', 'gavin.drawdy', 'rebeccapoole', 'joel.cruz', 'cmlin', None, 'ycagallardo', 'bethany.baker', 'walter.sanchez', 'warrenforscience', 'mike0844', 'j.martin']"
10,221,73,8,5,"['christinejoy.villanueva', 'sophiallison', 'mary.bauzon', 'mikad98', 'jcaasi28']",67,"['ashleydonald', 'clewis26', 'pnagrani', 'olivia.bergmann', 'crowning', 'driscollp', 'matthew.maloney', 'brandongarver', 'jaden_b3', 'carson.mcneely', 'juliasthilaire', 'lafourcadep', 'morganwilliams', 'ehecht', 'riyanvillanueva', 'petersun', 'exirinach', 'glorber', 'hernandezv', 'jacob.cornell', 'humaira.sneha.bd', 'dianarodriguez.croem', 'jettsu', 'bridgettekaycee.cruz.pharma', 's.alderman', 'johnmallari', 'diploadrauu', 'bcayush', 'oliviarandell', 'eric.bodnar', 'ashleymitchell', 'soficoto', 'amanalo070199', 'cgettinger', 'yassinlabichi', 'm.mcguinness', 'jordanbuisch', 'connorduffy', 'natashapolito', 'zandramikaela', 'angelicamae.manalo.pharma', 'andrew.montiegel', 'kayladunnuck', 'jruesch', 'argstanton', 'kylelackey', 'ssrini06', 'nguyenk2', 'eularussea.velasquez.pharma', 'seancraiglaureta', 'jeromeroche', 'kennedycobb', 'jeffdemetrio', 'sophia.corrales', 'liyingwu', 'justinwalsh', 'sgandhi', 'gavin.drawdy', 'rebeccapoole', 'joel.cruz', 'cmlin', 'ycagallardo', 'bethany.baker', 'walter.sanchez', 'warrenforscience', 'mike0844', 'j.martin']",3,"['lykaalexandrea.gomez', None, 'raisabel28']",75,"['ashleydonald', 'clewis26', 'pnagrani', 'olivia.bergmann', 'mary.bauzon', 'crowning', 'driscollp', 'matthew.maloney', 'brandongarver', 'jaden_b3', 'carson.mcneely', 'juliasthilaire', 'lafourcadep', 'morganwilliams', 'ehecht', 'jcaasi28', 'riyanvillanueva', 'petersun', 'exirinach', 'glorber', 'hernandezv', 'jacob.cornell', 'humaira.sneha.bd', 'dianarodriguez.croem', 'jettsu', 'bridgettekaycee.cruz.pharma', 's.alderman', 'johnmallari', 'diploadrauu', 'bcayush', 'oliviarandell', 'eric.bodnar', 'ashleymitchell', 'soficoto', 'amanalo070199', 'cgettinger', 'yassinlabichi', 'm.mcguinness', 'mikad98', 'jordanbuisch', 'connorduffy', 'natashapolito', 'zandramikaela', 'angelicamae.manalo.pharma', 'sophiallison', 'andrew.montiegel', 'kayladunnuck', 'jruesch', 'argstanton', 'kylelackey', 'ssrini06', 'nguyenk2', 'eularussea.velasquez.pharma', 'seancraiglaureta', 'jeromeroche', 'kennedycobb', 'jeffdemetrio', 'sophia.corrales', 'liyingwu', 'christinejoy.villanueva', 'justinwalsh', 'lykaalexandrea.gomez', 'sgandhi', 'gavin.drawdy', 'rebeccapoole', 'joel.cruz', 'cmlin', None, 'ycagallardo', 'raisabel28', 'bethany.baker', 'walter.sanchez', 'warrenforscience', 'mike0844', 'j.martin']"
10,212,73,7,5,"['kayladunnuck', 'justinwalsh', 'morganwilliams', 'walter.sanchez', 'matthew.maloney']",67,"['ashleydonald', 'clewis26', 'pnagrani', 'olivia.bergmann', 'mary.bauzon', 'crowning', 'driscollp', 'brandongarver', 'jaden_b3', 'carson.mcneely', 'juliasthilaire', 'lafourcadep', 'ehecht', 'jcaasi28', 'riyanvillanueva', 'petersun', 'exirinach', 'glorber', 'hernandezv', 'jacob.cornell', 'humaira.sneha.bd', 'dianarodriguez.croem', 'jettsu', 'bridgettekaycee.cruz.pharma', 's.alderman', 'johnmallari', 'diploadrauu', 'bcayush', 'oliviarandell', 'eric.bodnar', 'ashleymitchell', 'soficoto', 'amanalo070199', 'cgettinger', 'yassinlabichi', 'm.mcguinness', 'mikad98', 'jordanbuisch', 'connorduffy', 'natashapolito', 'zandramikaela', 'angelicamae.manalo.pharma', 'sophiallison', 'andrew.montiegel', 'jruesch', 'argstanton', 'kylelackey', 'ssrini06', 'nguyenk2', 'eularussea.velasquez.pharma', 'seancraiglaureta', 'jeromeroche', 'kennedycobb', 'jeffdemetrio', 'sophia.corrales', 'liyingwu', 'christinejoy.villanueva', 'sgandhi', 'gavin.drawdy', 'rebeccapoole', 'joel.cruz', 'cmlin', 'ycagallardo', 'bethany.baker', 'warrenforscience', 'mike0844', 'j.martin']",2,"['merazalfonso', None]",74,"['merazalfonso', 'ashleydonald', 'clewis26', 'pnagrani', 'olivia.bergmann', 'mary.bauzon', 'crowning', 'driscollp', 'matthew.maloney', 'brandongarver', 'jaden_b3', 'carson.mcneely', 'juliasthilaire', 'lafourcadep', 'morganwilliams', 'ehecht', 'jcaasi28', 'riyanvillanueva', 'petersun', 'exirinach', 'glorber', 'hernandezv', 'jacob.cornell', 'humaira.sneha.bd', 'dianarodriguez.croem', 'jettsu', 'bridgettekaycee.cruz.pharma', 's.alderman', 'johnmallari', 'diploadrauu', 'bcayush', 'oliviarandell', 'eric.bodnar', 'ashleymitchell', 'soficoto', 'amanalo070199', 'cgettinger', 'yassinlabichi', 'm.mcguinness', 'mikad98', 'jordanbuisch', 'connorduffy', 'natashapolito', 'zandramikaela', 'angelicamae.manalo.pharma', 'sophiallison', 'andrew.montiegel', 'kayladunnuck', 'jruesch', 'argstanton', 'kylelackey', 'ssrini06', 'nguyenk2', 'eularussea.velasquez.pharma', 'seancraiglaureta', 'jeromeroche', 'kennedycobb', 'jeffdemetrio', 'sophia.corrales', 'liyingwu', 'christinejoy.villanueva', 'justinwalsh', 'sgandhi', 'gavin.drawdy', 'rebeccapoole', 'joel.cruz', 'cmlin', None, 'ycagallardo', 'bethany.baker', 'walter.sanchez', 'warrenforscience', 'mike0844', 'j.martin']"
10,214,73,7,5,"['kayladunnuck', 'justinwalsh', 'morganwilliams', 'walter.sanchez', 'matthew.maloney']",67,"['ashleydonald', 'clewis26', 'pnagrani', 'olivia.bergmann', 'mary.bauzon', 'crowning', 'driscollp', 'brandongarver', 'jaden_b3', 'carson.mcneely', 'juliasthilaire', 'lafourcadep', 'ehecht', 'jcaasi28', 'riyanvillanueva', 'petersun', 'exirinach', 'glorber', 'hernandezv', 'jacob.cornell', 'humaira.sneha.bd', 'dianarodriguez.croem', 'jettsu', 'bridgettekaycee.cruz.pharma', 's.alderman', 'johnmallari', 'diploadrauu', 'bcayush', 'oliviarandell', 'eric.bodnar', 'ashleymitchell', 'soficoto', 'amanalo070199', 'cgettinger', 'yassinlabichi', 'm.mcguinness', 'mikad98', 'jordanbuisch', 'connorduffy', 'natashapolito', 'zandramikaela', 'angelicamae.manalo.pharma', 'sophiallison', 'andrew.montiegel', 'jruesch', 'argstanton', 'kylelackey', 'ssrini06', 'nguyenk2', 'eularussea.velasquez.pharma', 'seancraiglaureta', 'jeromeroche', 'kennedycobb', 'jeffdemetrio', 'sophia.corrales', 'liyingwu', 'christinejoy.villanueva', 'sgandhi', 'gavin.drawdy', 'rebeccapoole', 'joel.cruz', 'cmlin', 'ycagallardo', 'bethany.baker', 'warrenforscience', 'mike0844', 'j.martin']",2,"['merazalfonso', None]",74,"['merazalfonso', 'ashleydonald', 'clewis26', 'pnagrani', 'olivia.bergmann', 'mary.bauzon', 'crowning', 'driscollp', 'matthew.maloney', 'brandongarver', 'jaden_b3', 'carson.mcneely', 'juliasthilaire', 'lafourcadep', 'morganwilliams', 'ehecht', 'jcaasi28', 'riyanvillanueva', 'petersun', 'exirinach', 'glorber', 'hernandezv', 'jacob.cornell', 'humaira.sneha.bd', 'dianarodriguez.croem', 'jettsu', 'bridgettekaycee.cruz.pharma', 's.alderman', 'johnmallari', 'diploadrauu', 'bcayush', 'oliviarandell', 'eric.bodnar', 'ashleymitchell', 'soficoto', 'amanalo070199', 'cgettinger', 'yassinlabichi', 'm.mcguinness', 'mikad98', 'jordanbuisch', 'connorduffy', 'natashapolito', 'zandramikaela', 'angelicamae.manalo.pharma', 'sophiallison', 'andrew.montiegel', 'kayladunnuck', 'jruesch', 'argstanton', 'kylelackey', 'ssrini06', 'nguyenk2', 'eularussea.velasquez.pharma', 'seancraiglaureta', 'jeromeroche', 'kennedycobb', 'jeffdemetrio', 'sophia.corrales', 'liyingwu', 'christinejoy.villanueva', 'justinwalsh', 'sgandhi', 'gavin.drawdy', 'rebeccapoole', 'joel.cruz', 'cmlin', None, 'ycagallardo', 'bethany.baker', 'walter.sanchez', 'warrenforscience', 'mike0844', 'j.martin']"
10,218,73,7,4,"['sophiallison', 'zandramikaela', 'amanalo070199', 'ycagallardo']",68,"['ashleydonald', 'clewis26', 'pnagrani', 'olivia.bergmann', 'mary.bauzon', 'crowning', 'driscollp', 'matthew.maloney', 'brandongarver', 'jaden_b3', 'carson.mcneely', 'juliasthilaire', 'lafourcadep', 'morganwilliams', 'ehecht', 'jcaasi28', 'riyanvillanueva', 'petersun', 'exirinach', 'glorber', 'hernandezv', 'jacob.cornell', 'humaira.sneha.bd', 'dianarodriguez.croem', 'jettsu', 'bridgettekaycee.cruz.pharma', 's.alderman', 'johnmallari', 'diploadrauu', 'bcayush', 'oliviarandell', 'eric.bodnar', 'ashleymitchell', 'soficoto', 'cgettinger', 'yassinlabichi', 'm.mcguinness', 'mikad98', 'jordanbuisch', 'connorduffy', 'natashapolito', 'angelicamae.manalo.pharma', 'andrew.montiegel', 'kayladunnuck', 'jruesch', 'argstanton', 'kylelackey', 'ssrini06', 'nguyenk2', 'eularussea.velasquez.pharma', 'seancraiglaureta', 'jeromeroche', 'kennedycobb', 'jeffdemetrio', 'sophia.corrales', 'liyingwu', 'christinejoy.villanueva', 'justinwalsh', 'sgandhi', 'gavin.drawdy', 'rebeccapoole', 'joel.cruz', 'cmlin', 'bethany.baker', 'walter.sanchez', 'warrenforscience', 'mike0844', 'j.martin']",3,"['franzesybile99', 'lykaalexandrea.gomez', None]",75,"['franzesybile99', 'ashleydonald', 'clewis26', 'pnagrani', 'olivia.bergmann', 'mary.bauzon', 'crowning', 'driscollp', 'matthew.maloney', 'brandongarver', 'jaden_b3', 'carson.mcneely', 'juliasthilaire', 'lafourcadep', 'morganwilliams', 'ehecht', 'jcaasi28', 'riyanvillanueva', 'petersun', 'exirinach', 'glorber', 'hernandezv', 'jacob.cornell', 'humaira.sneha.bd', 'dianarodriguez.croem', 'jettsu', 'bridgettekaycee.cruz.pharma', 's.alderman', 'johnmallari', 'diploadrauu', 'bcayush', 'oliviarandell', 'eric.bodnar', 'ashleymitchell', 'soficoto', 'amanalo070199', 'cgettinger', 'yassinlabichi', 'm.mcguinness', 'mikad98', 'jordanbuisch', 'connorduffy', 'natashapolito', 'zandramikaela', 'angelicamae.manalo.pharma', 'sophiallison', 'andrew.montiegel', 'kayladunnuck', 'jruesch', 'argstanton', 'kylelackey', 'ssrini06', 'nguyenk2', 'eularussea.velasquez.pharma', 'seancraiglaureta', 'jeromeroche', 'kennedycobb', 'jeffdemetrio', 'sophia.corrales', 'liyingwu', 'christinejoy.villanueva', 'justinwalsh', 'lykaalexandrea.gomez', 'sgandhi', 'gavin.drawdy', 'rebeccapoole', 'joel.cruz', 'cmlin', None, 'ycagallardo', 'bethany.baker', 'walter.sanchez', 'warrenforscience', 'mike0844', 'j.martin']"
11,370,70,79,49,"['jrange23', 'shawnc2', 'ddejong2', 'brisamm2', 'cmbean2', 'rsears4', 'wkwak2', 'hmpatel4', 'jiming2', 'marknsc0501', 'boyangy4', 'tjricks2', 'mozahma2', 'yunzhes2', 'ryanlim2', 'marialc3', 'aarondh2', 'torsr2', 'smvarma2', 'jiat2', 'msolis27', 'akshays6', 'gn3', 'juliawp2', 'maryama3', 'bnw4', 'dylanh5', 'dhodges3', 'ameindl2', 'vvs3', 'dhamill2', 'cgberg2', 'fulcrum', 'simong2', 'nk13', 'chyu3', 'xd8', 'jnb4', 'sofiamv2', 'jalies2', 'zainab2', 'maoh2', 'anm9', 'agrind2', 'maritza8', 'aniyogi2', 'xc29', 'boyazhu2', 'lzaczek2']",20,"['mmj5', 'foresty', 'kariavka13', 'chunwei.chang1997', 'antoinegory', 'lasingek', 'akingery', 'mg123', 'patrickzumsteg', 'apiccini', 'jacobgwright1', 'hbocq', 'paetschc', 'henrid', '21140443fer', 'spj4', 'cedricw3', 'nathanl5', 'abhijeet3002', 'austenzle3']",30,"['sopfeil2', 'ydan', 'mrc13', 'fshyti2', 'msiddi60', 'sap10', 'hanlinw3', 'jacobt6', 'ssibi2', 'jyz2', 'eoh23', 'daxia', 'yelin4', 'jleeman2', 'xianzhi2', 'aaguero2', 'jaredf2', 'damer', 'jinyang9', 'aleahht2', 'vic4', 'yuchang3', 'anishas4', 'sendres2', None, 'jheaton3', 'kirajm2', 'jll4', 'sali93', 'niharrm2']",99,"['jrange23', 'shawnc2', 'sopfeil2', 'ddejong2', 'brisamm2', 'wkwak2', 'sap10', 'marknsc0501', 'jacobt6', 'kariavka13', 'chunwei.chang1997', 'ssibi2', 'boyangy4', 'tjricks2', 'ryanlim2', 'yunzhes2', 'antoinegory', 'marialc3', 'eoh23', 'jiat2', 'msolis27', 'yelin4', 'lasingek', 'juliawp2', 'aaguero2', 'apiccini', 'jinyang9', 'hbocq', 'vic4', 'yuchang3', 'anishas4', 'dhamill2', 'sendres2', 'simong2', 'nk13', 'chyu3', 'kirajm2', 'jll4', 'jnb4', 'sofiamv2', 'jalies2', 'sali93', 'maoh2', 'spj4', 'anm9', 'cedricw3', 'maritza8', 'aniyogi2', 'xc29', 'boyazhu2', 'abhijeet3002', 'austenzle3', 'mmj5', 'ydan', 'mrc13', 'cmbean2', 'fshyti2', 'rsears4', 'hmpatel4', 'foresty', 'msiddi60', 'jiming2', 'hanlinw3', 'jyz2', 'mozahma2', 'aarondh2', 'torsr2', 'smvarma2', 'daxia', 'jleeman2', 'akshays6', 'xianzhi2', 'akingery', 'gn3', 'mg123', 'patrickzumsteg', 'maryama3', 'bnw4', 'dylanh5', 'jacobgwright1', 'jaredf2', 'damer', 'paetschc', 'dhodges3', 'aleahht2', 'ameindl2', 'vvs3', 'henrid', 'cgberg2', 'fulcrum', '21140443fer', None, 'jheaton3', 'xd8', 'zainab2', 'agrind2', 'nathanl5', 'niharrm2', 'lzaczek2']"
11,375,70,10,8,"['hbocq', 'paetschc', 'lasingek', 'foresty', 'patrickzumsteg', 'chunwei.chang1997', 'jacobgwright1', 'austenzle3']",61,"['jrange23', 'shawnc2', 'ddejong2', 'brisamm2', 'wkwak2', 'marknsc0501', 'kariavka13', 'boyangy4', 'tjricks2', 'ryanlim2', 'yunzhes2', 'antoinegory', 'marialc3', 'jiat2', 'msolis27', 'juliawp2', 'apiccini', 'dhamill2', 'simong2', 'nk13', 'chyu3', 'jnb4', 'sofiamv2', 'jalies2', 'maoh2', 'spj4', 'anm9', 'cedricw3', 'maritza8', 'aniyogi2', 'xc29', 'boyazhu2', 'abhijeet3002', 'mmj5', 'cmbean2', 'rsears4', 'hmpatel4', 'jiming2', 'mozahma2', 'aarondh2', 'torsr2', 'smvarma2', 'akshays6', 'akingery', 'gn3', 'mg123', 'maryama3', 'bnw4', 'dylanh5', 'dhodges3', 'ameindl2', 'vvs3', 'henrid', 'cgberg2', 'fulcrum', '21140443fer', 'xd8', 'zainab2', 'agrind2', 'nathanl5', 'lzaczek2']",2,"['derlet', None]",71,"['jrange23', 'shawnc2', 'ddejong2', 'brisamm2', 'wkwak2', 'marknsc0501', 'kariavka13', 'chunwei.chang1997', 'boyangy4', 'tjricks2', 'ryanlim2', 'yunzhes2', 'antoinegory', 'marialc3', 'jiat2', 'msolis27', 'lasingek', 'juliawp2', 'apiccini', 'hbocq', 'derlet', 'dhamill2', 'simong2', 'nk13', 'chyu3', 'jnb4', 'sofiamv2', 'jalies2', 'maoh2', 'spj4', 'anm9', 'cedricw3', 'maritza8', 'aniyogi2', 'xc29', 'boyazhu2', 'abhijeet3002', 'austenzle3', 'mmj5', 'cmbean2', 'rsears4', 'hmpatel4', 'foresty', 'jiming2', 'mozahma2', 'aarondh2', 'torsr2', 'smvarma2', 'akshays6', 'akingery', 'gn3', 'mg123', 'patrickzumsteg', 'maryama3', 'bnw4', 'dylanh5', 'jacobgwright1', 'paetschc', 'dhodges3', 'ameindl2', 'vvs3', 'henrid', 'cgberg2', 'fulcrum', '21140443fer', None, 'xd8', 'zainab2', 'agrind2', 'nathanl5', 'lzaczek2']"
11,373,70,8,5,"['shawnc2', 'maoh2', 'cedricw3', 'nathanl5', 'mmj5']",64,"['jrange23', 'ddejong2', 'brisamm2', 'wkwak2', 'marknsc0501', 'kariavka13', 'chunwei.chang1997', 'boyangy4', 'tjricks2', 'ryanlim2', 'yunzhes2', 'antoinegory', 'marialc3', 'jiat2', 'msolis27', 'lasingek', 'juliawp2', 'apiccini', 'hbocq', 'dhamill2', 'simong2', 'nk13', 'chyu3', 'jnb4', 'sofiamv2', 'jalies2', 'spj4', 'anm9', 'maritza8', 'aniyogi2', 'xc29', 'boyazhu2', 'abhijeet3002', 'austenzle3', 'cmbean2', 'rsears4', 'hmpatel4', 'foresty', 'jiming2', 'mozahma2', 'aarondh2', 'torsr2', 'smvarma2', 'akshays6', 'akingery', 'gn3', 'mg123', 'patrickzumsteg', 'maryama3', 'bnw4', 'dylanh5', 'jacobgwright1', 'paetschc', 'dhodges3', 'ameindl2', 'vvs3', 'henrid', 'cgberg2', 'fulcrum', '21140443fer', 'xd8', 'zainab2', 'agrind2', 'lzaczek2']",3,"['kenyic2', 'mukunda3', None]",72,"['jrange23', 'shawnc2', 'ddejong2', 'brisamm2', 'wkwak2', 'marknsc0501', 'kariavka13', 'chunwei.chang1997', 'boyangy4', 'tjricks2', 'ryanlim2', 'yunzhes2', 'antoinegory', 'marialc3', 'jiat2', 'msolis27', 'lasingek', 'juliawp2', 'apiccini', 'hbocq', 'dhamill2', 'simong2', 'nk13', 'chyu3', 'jnb4', 'sofiamv2', 'jalies2', 'maoh2', 'spj4', 'anm9', 'cedricw3', 'maritza8', 'aniyogi2', 'xc29', 'boyazhu2', 'abhijeet3002', 'austenzle3', 'mmj5', 'cmbean2', 'rsears4', 'hmpatel4', 'foresty', 'jiming2', 'mozahma2', 'kenyic2', 'aarondh2', 'torsr2', 'smvarma2', 'akshays6', 'akingery', 'gn3', 'mg123', 'patrickzumsteg', 'maryama3', 'bnw4', 'dylanh5', 'jacobgwright1', 'paetschc', 'dhodges3', 'ameindl2', 'vvs3', 'mukunda3', 'henrid', 'cgberg2', 'fulcrum', '21140443fer', None, 'xd8', 'zainab2', 'agrind2', 'nathanl5', 'lzaczek2']"
11,374,70,7,6,"['antoinegory', 'henrid', 'mg123', 'kariavka13', 'apiccini', 'abhijeet3002']",63,"['jrange23', 'shawnc2', 'ddejong2', 'brisamm2', 'wkwak2', 'marknsc0501', 'chunwei.chang1997', 'boyangy4', 'tjricks2', 'ryanlim2', 'yunzhes2', 'marialc3', 'jiat2', 'msolis27', 'lasingek', 'juliawp2', 'hbocq', 'dhamill2', 'simong2', 'nk13', 'chyu3', 'jnb4', 'sofiamv2', 'jalies2', 'maoh2', 'spj4', 'anm9', 'cedricw3', 'maritza8', 'aniyogi2', 'xc29', 'boyazhu2', 'austenzle3', 'mmj5', 'cmbean2', 'rsears4', 'hmpatel4', 'foresty', 'jiming2', 'mozahma2', 'aarondh2', 'torsr2', 'smvarma2', 'akshays6', 'akingery', 'gn3', 'patrickzumsteg', 'maryama3', 'bnw4', 'dylanh5', 'jacobgwright1', 'paetschc', 'dhodges3', 'ameindl2', 'vvs3', 'cgberg2', 'fulcrum', '21140443fer', 'xd8', 'zainab2', 'agrind2', 'nathanl5', 'lzaczek2']",1,[None],70,"['jrange23', 'shawnc2', 'ddejong2', 'brisamm2', 'wkwak2', 'marknsc0501', 'kariavka13', 'chunwei.chang1997', 'boyangy4', 'tjricks2', 'ryanlim2', 'yunzhes2', 'antoinegory', 'marialc3', 'jiat2', 'msolis27', 'lasingek', 'juliawp2', 'apiccini', 'hbocq', 'dhamill2', 'simong2', 'nk13', 'chyu3', 'jnb4', 'sofiamv2', 'jalies2', 'maoh2', 'spj4', 'anm9', 'cedricw3', 'maritza8', 'aniyogi2', 'xc29', 'boyazhu2', 'abhijeet3002', 'austenzle3', 'mmj5', 'cmbean2', 'rsears4', 'hmpatel4', 'foresty', 'jiming2', 'mozahma2', 'aarondh2', 'torsr2', 'smvarma2', 'akshays6', 'akingery', 'gn3', 'mg123', 'patrickzumsteg', 'maryama3', 'bnw4', 'dylanh5', 'jacobgwright1', 'paetschc', 'dhodges3', 'ameindl2', 'vvs3', 'henrid', 'cgberg2', 'fulcrum', '21140443fer', None, 'xd8', 'zainab2', 'agrind2', 'nathanl5', 'lzaczek2']"
12,74,59,51,1,['ldalcomune'],57,"['manojsudhindra', 'ashikur988999', 'raulm97sam', 'sirsha', 'shamus_mcnamara', 'm0tio01', 'sunirnay25', 'sanagavarapu.abhishek2021', '11212121asd', 'jaymeghani13', 'muskansiddique545', 'mjport', 'sksamiul', 'nikita12', 'collinmcruise', 'sharminsheikh2021', 'trevor0', 'jmfrec01', 'naes1999', 'arathivsuresh23', 'sriram1005', 'merinthomas', 'ayeeshiqueishaan1234', 'nj3054', 'satheesh.raju2021', 'gokul0510', 'nandini16chatterjee', 'aishwarya.k2020a', 'hamza007', 'mdarmanali374', 'teju123', 'namy3', 'bgerds389', 'sagardnsp', 'vikaschauhan00', 'lucasponton', 'karthik.y2021', '66kryptocurve99', 'shivangee.dixit2021', 'mohamedshakeel2021', 'saquibm860', 'chandrima2021', 'wasimhumaira93', 'lsenthil_kumar', 'praharajdebdatta', 'rayapudi.chandrika2021', 'michael.hack.iht.uni.stuttgart', 'shravani007', 'minajpaik', 'bnirania', 'kazzafi96', 'aryansyed57', 'throwaway9747', 'nickmcclain31', 'mrbogala', 'hraad0988', 'aswadalhassan']",50,"['jaridcohen', 'luiscostoya', 'leemitchelluf22', 'allysonkindel', 'hamadeh.abdullah', 'iperlmutter', 'slouima', 'd.matias', 'ryansimoneau', 'ryan.james', 'polina.leger', 'patrick.garrett', 'cole.prospero', 'faithfreeman', 'zackheiny', 'cadames', 'kian.friden', 'andrew.cannon', 'jschubeck', 'chemix.cccc', 'kburstiner', 'stefenlagos', 'em.olsson', 'jonathan.medina', 'kristamarrocco', 't.wagoner', 'chloe.petrosino', 'gi.decastropedro', 'ereussow', 'tgrinspan', 'cameronthomas', 'ramosdiego', 'tlt.camille.a', 't.edwards', 'sabrina.bernal', 'alyssacaples', 'sophia.rossi', None, 'brookheyd', 'luiscedeno99', 'adirocco', 'abigail.bryant', 'alonsorabits', 'h.friedman', 'cosmo.hopkins', 'david.moore1', 'listro.matthew', 'jvillena1', 'ctaleno', 'danielraynor']",108,"['raulm97sam', 'ashikur988999', 'sirsha', 'm0tio01', '11212121asd', 'muskansiddique545', 'sksamiul', 'polina.leger', 'nikita12', 'patrick.garrett', 'trevor0', 'sharminsheikh2021', 'jmfrec01', 'cole.prospero', 'arathivsuresh23', 'sriram1005', 'merinthomas', 'zackheiny', 'ayeeshiqueishaan1234', 'chemix.cccc', 'kburstiner', 'stefenlagos', 'satheesh.raju2021', 't.wagoner', 'aishwarya.k2020a', 'gi.decastropedro', 'mdarmanali374', 'tgrinspan', 'sabrina.bernal', 'bgerds389', 'sagardnsp', 'vikaschauhan00', 'alyssacaples', 'wasimhumaira93', 'shivangee.dixit2021', 'mohamedshakeel2021', 'saquibm860', 'chandrima2021', 'luiscedeno99', 'abigail.bryant', 'praharajdebdatta', 'michael.hack.iht.uni.stuttgart', 'minajpaik', 'kazzafi96', 'aryansyed57', 'throwaway9747', 'nickmcclain31', 'hraad0988', 'david.moore1', 'listro.matthew', 'ryan.james', 'ctaleno', 'manojsudhindra', 'jaridcohen', 'luiscostoya', 'leemitchelluf22', 'allysonkindel', 'hamadeh.abdullah', 'shamus_mcnamara', 'iperlmutter', 'sunirnay25', 'slouima', 'sanagavarapu.abhishek2021', 'd.matias', 'jaymeghani13', 'ryansimoneau', 'mjport', 'collinmcruise', 'naes1999', 'faithfreeman', 'cadames', 'kian.friden', 'ldalcomune', 'andrew.cannon', 'jschubeck', 'nj3054', 'gokul0510', 'nandini16chatterjee', 'em.olsson', 'jonathan.medina', 'kristamarrocco', 'chloe.petrosino', 'hamza007', 'ereussow', 'teju123', 'cameronthomas', 'ramosdiego', 'namy3', 'tlt.camille.a', 't.edwards', 'karthik.y2021', 'lucasponton', 'sophia.rossi', None, 'brookheyd', '66kryptocurve99', 'adirocco', 'lsenthil_kumar', 'rayapudi.chandrika2021', 'alonsorabits', 'h.friedman', 'shravani007', 'bnirania', 'cosmo.hopkins', 'mrbogala', 'aswadalhassan', 'jvillena1', 'danielraynor']"
12,77,59,13,11,"['raulm97sam', 'arathivsuresh23', 'sirsha', 'mohamedshakeel2021', 'teju123', 'bnirania', 'karthik.y2021', 'nikita12', 'gokul0510', 'sagardnsp', 'vikaschauhan00']",47,"['manojsudhindra', 'ashikur988999', 'shamus_mcnamara', 'm0tio01', 'sunirnay25', 'sanagavarapu.abhishek2021', '11212121asd', 'jaymeghani13', 'muskansiddique545', 'mjport', 'sksamiul', 'collinmcruise', 'trevor0', 'sharminsheikh2021', 'jmfrec01', 'naes1999', 'sriram1005', 'merinthomas', 'ldalcomune', 'ayeeshiqueishaan1234', 'nj3054', 'satheesh.raju2021', 'nandini16chatterjee', 'aishwarya.k2020a', 'hamza007', 'mdarmanali374', 'namy3', 'bgerds389', 'lucasponton', '66kryptocurve99', 'shivangee.dixit2021', 'saquibm860', 'chandrima2021', 'wasimhumaira93', 'lsenthil_kumar', 'praharajdebdatta', 'rayapudi.chandrika2021', 'michael.hack.iht.uni.stuttgart', 'shravani007', 'minajpaik', 'kazzafi96', 'aryansyed57', 'throwaway9747', 'nickmcclain31', 'mrbogala', 'hraad0988', 'aswadalhassan']",2,"[None, 'rgargi']",60,"['manojsudhindra', 'ashikur988999', 'raulm97sam', 'sirsha', 'shamus_mcnamara', 'm0tio01', 'sunirnay25', 'sanagavarapu.abhishek2021', '11212121asd', 'jaymeghani13', 'muskansiddique545', 'mjport', 'sksamiul', 'collinmcruise', 'nikita12', 'trevor0', 'sharminsheikh2021', 'jmfrec01', 'naes1999', 'arathivsuresh23', 'sriram1005', 'merinthomas', 'rgargi', 'ldalcomune', 'ayeeshiqueishaan1234', 'nj3054', 'satheesh.raju2021', 'gokul0510', 'nandini16chatterjee', 'aishwarya.k2020a', 'hamza007', 'mdarmanali374', 'teju123', 'namy3', 'bgerds389', 'sagardnsp', 'vikaschauhan00', 'lucasponton', 'karthik.y2021', None, '66kryptocurve99', 'shivangee.dixit2021', 'mohamedshakeel2021', 'saquibm860', 'chandrima2021', 'wasimhumaira93', 'lsenthil_kumar', 'praharajdebdatta', 'rayapudi.chandrika2021', 'michael.hack.iht.uni.stuttgart', 'shravani007', 'minajpaik', 'bnirania', 'kazzafi96', 'aryansyed57', 'throwaway9747', 'nickmcclain31', 'mrbogala', 'hraad0988', 'aswadalhassan']"
12,518,59,12,4,"['nikita12', 'gokul0510', 'karthik.y2021', 'vikaschauhan00']",54,"['manojsudhindra', 'ashikur988999', 'raulm97sam', 'sirsha', 'shamus_mcnamara', 'm0tio01', 'sunirnay25', 'sanagavarapu.abhishek2021', '11212121asd', 'jaymeghani13', 'muskansiddique545', 'mjport', 'sksamiul', 'collinmcruise', 'trevor0', 'sharminsheikh2021', 'jmfrec01', 'naes1999', 'arathivsuresh23', 'sriram1005', 'merinthomas', 'ldalcomune', 'ayeeshiqueishaan1234', 'nj3054', 'satheesh.raju2021', 'nandini16chatterjee', 'aishwarya.k2020a', 'hamza007', 'mdarmanali374', 'teju123', 'namy3', 'bgerds389', 'sagardnsp', 'lucasponton', '66kryptocurve99', 'shivangee.dixit2021', 'mohamedshakeel2021', 'saquibm860', 'chandrima2021', 'wasimhumaira93', 'lsenthil_kumar', 'praharajdebdatta', 'rayapudi.chandrika2021', 'michael.hack.iht.uni.stuttgart', 'shravani007', 'minajpaik', 'bnirania', 'kazzafi96', 'aryansyed57', 'throwaway9747', 'nickmcclain31', 'mrbogala', 'hraad0988', 'aswadalhassan']",8,"['gokula.kannan2021', 'arathi_123', 'samarthtushar.bhatt2021', 'tejal.kadam2021', 'bonganerushikesh', None, 'sirsha28102', 'divyamohan.m2021']",66,"['manojsudhindra', 'ashikur988999', 'raulm97sam', 'sirsha', 'shamus_mcnamara', 'm0tio01', 'sunirnay25', 'sanagavarapu.abhishek2021', '11212121asd', 'jaymeghani13', 'muskansiddique545', 'mjport', 'sksamiul', 'samarthtushar.bhatt2021', 'collinmcruise', 'nikita12', 'trevor0', 'sharminsheikh2021', 'jmfrec01', 'naes1999', 'arathivsuresh23', 'sriram1005', 'merinthomas', 'ldalcomune', 'ayeeshiqueishaan1234', 'nj3054', 'satheesh.raju2021', 'gokul0510', 'nandini16chatterjee', 'sirsha28102', 'gokula.kannan2021', 'aishwarya.k2020a', 'hamza007', 'mdarmanali374', 'teju123', 'tejal.kadam2021', 'namy3', 'arathi_123', 'bgerds389', 'sagardnsp', 'vikaschauhan00', 'lucasponton', 'karthik.y2021', None, '66kryptocurve99', 'shivangee.dixit2021', 'mohamedshakeel2021', 'saquibm860', 'chandrima2021', 'wasimhumaira93', 'lsenthil_kumar', 'praharajdebdatta', 'rayapudi.chandrika2021', 'michael.hack.iht.uni.stuttgart', 'shravani007', 'minajpaik', 'bnirania', 'kazzafi96', 'aryansyed57', 'throwaway9747', 'nickmcclain31', 'mrbogala', 'hraad0988', 'bonganerushikesh', 'aswadalhassan', 'divyamohan.m2021']"
12,76,59,11,10,"['shamus_mcnamara', 'm0tio01', 'nj3054', 'mjport', 'nickmcclain31', 'collinmcruise', 'bgerds389', 'aswadalhassan', 'trevor0', 'jmfrec01']",48,"['manojsudhindra', 'ashikur988999', 'raulm97sam', 'sirsha', 'sunirnay25', 'sanagavarapu.abhishek2021', '11212121asd', 'jaymeghani13', 'muskansiddique545', 'sksamiul', 'nikita12', 'sharminsheikh2021', 'naes1999', 'arathivsuresh23', 'sriram1005', 'merinthomas', 'ldalcomune', 'ayeeshiqueishaan1234', 'satheesh.raju2021', 'gokul0510', 'nandini16chatterjee', 'aishwarya.k2020a', 'hamza007', 'mdarmanali374', 'teju123', 'namy3', 'sagardnsp', 'vikaschauhan00', 'lucasponton', 'karthik.y2021', '66kryptocurve99', 'shivangee.dixit2021', 'mohamedshakeel2021', 'saquibm860', 'chandrima2021', 'wasimhumaira93', 'lsenthil_kumar', 'praharajdebdatta', 'rayapudi.chandrika2021', 'michael.hack.iht.uni.stuttgart', 'shravani007', 'minajpaik', 'bnirania', 'kazzafi96', 'aryansyed57', 'throwaway9747', 'mrbogala', 'hraad0988']",1,[None],59,"['manojsudhindra', 'ashikur988999', 'raulm97sam', 'sirsha', 'shamus_mcnamara', 'm0tio01', 'sunirnay25', 'sanagavarapu.abhishek2021', '11212121asd', 'jaymeghani13', 'muskansiddique545', 'mjport', 'sksamiul', 'collinmcruise', 'nikita12', 'trevor0', 'sharminsheikh2021', 'jmfrec01', 'naes1999', 'arathivsuresh23', 'sriram1005', 'merinthomas', 'ldalcomune', 'ayeeshiqueishaan1234', 'nj3054', 'satheesh.raju2021', 'gokul0510', 'nandini16chatterjee', 'aishwarya.k2020a', 'hamza007', 'mdarmanali374', 'teju123', 'namy3', 'bgerds389', 'sagardnsp', 'vikaschauhan00', 'lucasponton', 'karthik.y2021', None, '66kryptocurve99', 'shivangee.dixit2021', 'mohamedshakeel2021', 'saquibm860', 'chandrima2021', 'wasimhumaira93', 'lsenthil_kumar', 'praharajdebdatta', 'rayapudi.chandrika2021', 'michael.hack.iht.uni.stuttgart', 'shravani007', 'minajpaik', 'bnirania', 'kazzafi96', 'aryansyed57', 'throwaway9747', 'nickmcclain31', 'mrbogala', 'hraad0988', 'aswadalhassan']"
12,82,59,9,7,"['66kryptocurve99', 'hamza007', 'sunirnay25', 'ayeeshiqueishaan1234', 'aryansyed57', 'kazzafi96', 'sksamiul']",51,"['manojsudhindra', 'ashikur988999', 'raulm97sam', 'sirsha', 'shamus_mcnamara', 'm0tio01', 'sanagavarapu.abhishek2021', '11212121asd', 'jaymeghani13', 'muskansiddique545', 'mjport', 'collinmcruise', 'nikita12', 'trevor0', 'sharminsheikh2021', 'jmfrec01', 'naes1999', 'arathivsuresh23', 'sriram1005', 'merinthomas', 'ldalcomune', 'nj3054', 'satheesh.raju2021', 'gokul0510', 'nandini16chatterjee', 'aishwarya.k2020a', 'mdarmanali374', 'teju123', 'namy3', 'bgerds389', 'sagardnsp', 'vikaschauhan00', 'lucasponton', 'karthik.y2021', 'shivangee.dixit2021', 'mohamedshakeel2021', 'saquibm860', 'chandrima2021', 'wasimhumaira93', 'lsenthil_kumar', 'praharajdebdatta', 'rayapudi.chandrika2021', 'michael.hack.iht.uni.stuttgart', 'shravani007', 'minajpaik', 'bnirania', 'throwaway9747', 'nickmcclain31', 'mrbogala', 'hraad0988', 'aswadalhassan']",2,"['mdshahid', None]",60,"['manojsudhindra', 'ashikur988999', 'raulm97sam', 'sirsha', 'shamus_mcnamara', 'm0tio01', 'sunirnay25', 'sanagavarapu.abhishek2021', '11212121asd', 'jaymeghani13', 'muskansiddique545', 'mjport', 'sksamiul', 'collinmcruise', 'nikita12', 'trevor0', 'sharminsheikh2021', 'jmfrec01', 'naes1999', 'arathivsuresh23', 'sriram1005', 'merinthomas', 'ldalcomune', 'ayeeshiqueishaan1234', 'mdshahid', 'nj3054', 'satheesh.raju2021', 'gokul0510', 'nandini16chatterjee', 'aishwarya.k2020a', 'hamza007', 'mdarmanali374', 'teju123', 'namy3', 'bgerds389', 'sagardnsp', 'vikaschauhan00', 'lucasponton', 'karthik.y2021', None, '66kryptocurve99', 'shivangee.dixit2021', 'mohamedshakeel2021', 'saquibm860', 'chandrima2021', 'wasimhumaira93', 'lsenthil_kumar', 'praharajdebdatta', 'rayapudi.chandrika2021', 'michael.hack.iht.uni.stuttgart', 'shravani007', 'minajpaik', 'bnirania', 'kazzafi96', 'aryansyed57', 'throwaway9747', 'nickmcclain31', 'mrbogala', 'hraad0988', 'aswadalhassan']"
12,81,59,8,1,['throwaway9747'],57,"['manojsudhindra', 'ashikur988999', 'raulm97sam', 'sirsha', 'shamus_mcnamara', 'm0tio01', 'sunirnay25', 'sanagavarapu.abhishek2021', '11212121asd', 'jaymeghani13', 'muskansiddique545', 'mjport', 'sksamiul', 'collinmcruise', 'nikita12', 'trevor0', 'sharminsheikh2021', 'jmfrec01', 'naes1999', 'arathivsuresh23', 'sriram1005', 'merinthomas', 'ldalcomune', 'ayeeshiqueishaan1234', 'nj3054', 'satheesh.raju2021', 'gokul0510', 'nandini16chatterjee', 'aishwarya.k2020a', 'hamza007', 'mdarmanali374', 'teju123', 'namy3', 'bgerds389', 'sagardnsp', 'vikaschauhan00', 'lucasponton', 'karthik.y2021', '66kryptocurve99', 'shivangee.dixit2021', 'mohamedshakeel2021', 'saquibm860', 'chandrima2021', 'wasimhumaira93', 'lsenthil_kumar', 'praharajdebdatta', 'rayapudi.chandrika2021', 'michael.hack.iht.uni.stuttgart', 'shravani007', 'minajpaik', 'bnirania', 'kazzafi96', 'aryansyed57', 'nickmcclain31', 'mrbogala', 'hraad0988', 'aswadalhassan']",7,"['rebeccaeagleton', 'spencer.travis97', 'ssahmed', 'yubr', 'siu854440416', 'streetlight313', None]",65,"['manojsudhindra', 'ashikur988999', 'raulm97sam', 'sirsha', 'spencer.travis97', 'shamus_mcnamara', 'm0tio01', 'sunirnay25', 'sanagavarapu.abhishek2021', '11212121asd', 'jaymeghani13', 'muskansiddique545', 'mjport', 'sksamiul', 'collinmcruise', 'nikita12', 'trevor0', 'sharminsheikh2021', 'jmfrec01', 'naes1999', 'rebeccaeagleton', 'arathivsuresh23', 'sriram1005', 'merinthomas', 'ldalcomune', 'ayeeshiqueishaan1234', 'siu854440416', 'nj3054', 'satheesh.raju2021', 'gokul0510', 'nandini16chatterjee', 'aishwarya.k2020a', 'hamza007', 'mdarmanali374', 'teju123', 'namy3', 'streetlight313', 'bgerds389', 'sagardnsp', 'vikaschauhan00', 'lucasponton', 'karthik.y2021', None, 'ssahmed', '66kryptocurve99', 'shivangee.dixit2021', 'mohamedshakeel2021', 'saquibm860', 'chandrima2021', 'wasimhumaira93', 'yubr', 'lsenthil_kumar', 'praharajdebdatta', 'rayapudi.chandrika2021', 'michael.hack.iht.uni.stuttgart', 'shravani007', 'minajpaik', 'bnirania', 'kazzafi96', 'aryansyed57', 'throwaway9747', 'nickmcclain31', 'mrbogala', 'hraad0988', 'aswadalhassan']"
12,83,59,6,3,"['nandini16chatterjee', 'aryansyed57', 'saquibm860']",55,"['manojsudhindra', 'ashikur988999', 'raulm97sam', 'sirsha', 'shamus_mcnamara', 'm0tio01', 'sunirnay25', 'sanagavarapu.abhishek2021', '11212121asd', 'jaymeghani13', 'muskansiddique545', 'mjport', 'sksamiul', 'collinmcruise', 'nikita12', 'trevor0', 'sharminsheikh2021', 'jmfrec01', 'naes1999', 'arathivsuresh23', 'sriram1005', 'merinthomas', 'ldalcomune', 'ayeeshiqueishaan1234', 'nj3054', 'satheesh.raju2021', 'gokul0510', 'aishwarya.k2020a', 'hamza007', 'mdarmanali374', 'teju123', 'namy3', 'bgerds389', 'sagardnsp', 'vikaschauhan00', 'lucasponton', 'karthik.y2021', '66kryptocurve99', 'shivangee.dixit2021', 'mohamedshakeel2021', 'chandrima2021', 'wasimhumaira93', 'lsenthil_kumar', 'praharajdebdatta', 'rayapudi.chandrika2021', 'michael.hack.iht.uni.stuttgart', 'shravani007', 'minajpaik', 'bnirania', 'kazzafi96', 'throwaway9747', 'nickmcclain31', 'mrbogala', 'hraad0988', 'aswadalhassan']",3,"['sandiprajk', 'mdshahid', None]",61,"['manojsudhindra', 'ashikur988999', 'raulm97sam', 'sirsha', 'shamus_mcnamara', 'm0tio01', 'sunirnay25', 'sanagavarapu.abhishek2021', '11212121asd', 'jaymeghani13', 'muskansiddique545', 'mjport', 'sksamiul', 'collinmcruise', 'nikita12', 'trevor0', 'sharminsheikh2021', 'jmfrec01', 'naes1999', 'arathivsuresh23', 'sriram1005', 'merinthomas', 'ldalcomune', 'ayeeshiqueishaan1234', 'mdshahid', 'nj3054', 'satheesh.raju2021', 'gokul0510', 'nandini16chatterjee', 'aishwarya.k2020a', 'hamza007', 'mdarmanali374', 'teju123', 'namy3', 'bgerds389', 'sagardnsp', 'vikaschauhan00', 'lucasponton', 'karthik.y2021', None, '66kryptocurve99', 'shivangee.dixit2021', 'mohamedshakeel2021', 'saquibm860', 'chandrima2021', 'wasimhumaira93', 'lsenthil_kumar', 'praharajdebdatta', 'rayapudi.chandrika2021', 'michael.hack.iht.uni.stuttgart', 'shravani007', 'minajpaik', 'bnirania', 'kazzafi96', 'aryansyed57', 'throwaway9747', 'nickmcclain31', 'mrbogala', 'hraad0988', 'aswadalhassan', 'sandiprajk']"
13,123,56,70,33,"['itapia', 'anjuloma', 'f.alvarezl', 'luchoesteban2003', 'cahc232', 'y.ramirezc', 'alawso26', 'danielpantoja', 'marish', 'hanniahdz008', 'santiagoalejandro2913', 'kevinpilotzi12', 'a.novam', 'u3568932', 's.guerrero3', 'camilomojica08', 'camiloztgmail10', 'adolfot', 'brayanmartin14', 'juanfelipecaicedo11', 'qpid1011', 'guayacansebastian', 'julipa02', 't.montes', 'srivkav', 'jbesco', 'lfsalasnu', 'n.rincon4', 'gabrielsaavedra995', 'j.pachecop', 'patoreyes02', 'dandubacsi', 'nicolasdiaz200308']",22,"['pet00957', 'sswisher', 'catalinam24', 'yanivdr', 'fatsoperson0003', 'astreets', 'shewlett', 'leffer050302', 'hert0066', 'markezj38', 'smi00928', 'mbedollah', 'mauriciocorona81727', 'kaiweiii063', 'jahce', 'aapatel22', 'stane118', 'matzn002', 'proda009', 'j.pulidos', 'skoester2010', 'mischke']",37,"['tariqd98', 'ren0225', 'jayb', 'hossindissoms', 'vophuochuy231990', 'jjboereau', 'sourish', 'ah.dydak', 'giulia.scamporrino', 'herndonas', 'william_garcia25', 'kkanuparthi', 'ordonez05', 'suchemj', 'alejosalgadom', 'juanivan', 'angietmolano26', 'shawn2k99', 'waweno137', 'kajagoogoo', 'ackarles', 'sebastianmoya2002', 'yxpeng_183pro', 'martinezbrighettatiana', 'mattwds', None, 'estaban250212', 'jmoodini', 'a.pulidog8135', 'juancardona543', 'mustachioj', 'danielfgarcial', 'dustinhl', 'g.gonzalezc', 'nischalbkj1', 'snapierjr', 'dobrescuta']",92,"['pet00957', 'tariqd98', 'ren0225', 'jayb', 'luchoesteban2003', 'y.ramirezc', 'danielpantoja', 'marish', 'hert0066', 'nicolasdiaz200308', 'sourish', 'markezj38', 'smi00928', 'santiagoalejandro2913', 'mbedollah', 'herndonas', 'a.novam', 'u3568932', 's.guerrero3', 'camiloztgmail10', 'ordonez05', 'suchemj', 'alejosalgadom', 'adolfot', 'brayanmartin14', 'kaiweiii063', 'juanfelipecaicedo11', 'angietmolano26', 'kajagoogoo', 'aapatel22', 'stane118', 'lfsalasnu', 'matzn002', 'estaban250212', 'jmoodini', 'proda009', 'n.rincon4', 'juancardona543', 'mustachioj', 'j.pachecop', 'j.pulidos', 'skoester2010', 'dandubacsi', 'snapierjr', 'dobrescuta', 'itapia', 'sswisher', 'f.alvarezl', 'anjuloma', 'catalinam24', 'hossindissoms', 'yanivdr', 'vophuochuy231990', 'fatsoperson0003', 'astreets', 'cahc232', 'shewlett', 'leffer050302', 'alawso26', 'jjboereau', 'hanniahdz008', 'ah.dydak', 'giulia.scamporrino', 'kevinpilotzi12', 'william_garcia25', 'kkanuparthi', 'camilomojica08', 'mauriciocorona81727', 'juanivan', 'qpid1011', 'guayacansebastian', 'jahce', 'julipa02', 'shawn2k99', 'waweno137', 'ackarles', 't.montes', 'srivkav', 'jbesco', 'sebastianmoya2002', 'yxpeng_183pro', 'martinezbrighettatiana', 'mattwds', None, 'a.pulidog8135', 'gabrielsaavedra995', 'danielfgarcial', 'dustinhl', 'g.gonzalezc', 'patoreyes02', 'nischalbkj1', 'mischke']"
13,124,56,42,8,"['pet00957', 'proda009', 'sswisher', 'smi00928', 'stane118', 'matzn002', 'skoester2010', 'hert0066']",47,"['itapia', 'anjuloma', 'f.alvarezl', 'catalinam24', 'yanivdr', 'luchoesteban2003', 'fatsoperson0003', 'astreets', 'cahc232', 'y.ramirezc', 'shewlett', 'leffer050302', 'alawso26', 'danielpantoja', 'marish', 'nicolasdiaz200308', 'hanniahdz008', 'markezj38', 'santiagoalejandro2913', 'kevinpilotzi12', 'mbedollah', 'a.novam', 'u3568932', 's.guerrero3', 'camiloztgmail10', 'camilomojica08', 'mauriciocorona81727', 'adolfot', 'brayanmartin14', 'kaiweiii063', 'juanfelipecaicedo11', 'qpid1011', 'guayacansebastian', 'jahce', 'julipa02', 't.montes', 'srivkav', 'aapatel22', 'jbesco', 'lfsalasnu', 'n.rincon4', 'gabrielsaavedra995', 'j.pachecop', 'j.pulidos', 'patoreyes02', 'dandubacsi', 'mischke']",34,"['fran0716', 'alhar077', 'halm0014', 'kudzi008', 'mart5401', 'held0060', 'kulja003', 'gale0122', 'sytch003', 'lee02326', 'albul004', 'fu000033', 'wang8896', 'chapu022', 'danieltranhuynh', 'carpe700', 'alqaf003', 'hafey003', 'aubut10', 'bell0619', 'hoang273', 'vang2979', 'ali00318', 'dasgu063', 'karam033', 'killi142', 'baner158', 'forkw001', 'fu000032', None, 'piont018', 'kukac007', 'hudda002', 'byram013']",89,"['pet00957', 'fran0716', 'halm0014', 'mart5401', 'luchoesteban2003', 'gale0122', 'lee02326', 'albul004', 'y.ramirezc', 'danielpantoja', 'marish', 'hert0066', 'nicolasdiaz200308', 'wang8896', 'chapu022', 'carpe700', 'markezj38', 'smi00928', 'santiagoalejandro2913', 'mbedollah', 'a.novam', 'u3568932', 's.guerrero3', 'camiloztgmail10', 'bell0619', 'adolfot', 'brayanmartin14', 'kaiweiii063', 'juanfelipecaicedo11', 'aapatel22', 'stane118', 'karam033', 'forkw001', 'lfsalasnu', 'matzn002', 'proda009', 'n.rincon4', 'j.pachecop', 'j.pulidos', 'skoester2010', 'dandubacsi', 'byram013', 'itapia', 'sswisher', 'f.alvarezl', 'anjuloma', 'catalinam24', 'alhar077', 'yanivdr', 'kudzi008', 'fatsoperson0003', 'held0060', 'kulja003', 'sytch003', 'astreets', 'cahc232', 'shewlett', 'leffer050302', 'alawso26', 'fu000033', 'danieltranhuynh', 'hanniahdz008', 'alqaf003', 'kevinpilotzi12', 'hafey003', 'aubut10', 'camilomojica08', 'mauriciocorona81727', 'hoang273', 'qpid1011', 'vang2979', 'guayacansebastian', 'ali00318', 'jahce', 'julipa02', 'dasgu063', 't.montes', 'srivkav', 'jbesco', 'killi142', 'baner158', 'fu000032', None, 'piont018', 'gabrielsaavedra995', 'kukac007', 'patoreyes02', 'hudda002', 'mischke']"
13,133,56,25,3,"['hanniahdz008', 'jbesco', 'alawso26']",52,"['pet00957', 'itapia', 'sswisher', 'f.alvarezl', 'anjuloma', 'catalinam24', 'yanivdr', 'luchoesteban2003', 'fatsoperson0003', 'astreets', 'cahc232', 'y.ramirezc', 'shewlett', 'leffer050302', 'danielpantoja', 'marish', 'hert0066', 'nicolasdiaz200308', 'markezj38', 'smi00928', 'santiagoalejandro2913', 'kevinpilotzi12', 'mbedollah', 'a.novam', 'dandubacsi', 'u3568932', 's.guerrero3', 'camiloztgmail10', 'camilomojica08', 'mauriciocorona81727', 'adolfot', 'brayanmartin14', 'kaiweiii063', 'juanfelipecaicedo11', 'qpid1011', 'guayacansebastian', 'jahce', 'julipa02', 't.montes', 'srivkav', 'aapatel22', 'stane118', 'lfsalasnu', 'matzn002', 'proda009', 'n.rincon4', 'gabrielsaavedra995', 'j.pachecop', 'j.pulidos', 'patoreyes02', 'skoester2010', 'mischke']",22,"['dmaldonado497', 'ren0225', 'huntermoorega98', 'jayb', 'jeption2025', 'sambabler', 'kmorr171', 'ccanongo', 'jjboereau', 'stoneralexis', 'theo61812', 'kosiunigwe', 'sancheznoah62', 'adesinajoseph14', 'guzkevin', 'josh_mp5', 'bradenboehmer', 'mnmanley23', 'kajagoogoo', None, 'faridhudda999', 'jrbelt1']",77,"['pet00957', 'ren0225', 'huntermoorega98', 'jayb', 'luchoesteban2003', 'kmorr171', 'y.ramirezc', 'danielpantoja', 'marish', 'hert0066', 'nicolasdiaz200308', 'kosiunigwe', 'markezj38', 'smi00928', 'santiagoalejandro2913', 'adesinajoseph14', 'guzkevin', 'mbedollah', 'a.novam', 'u3568932', 's.guerrero3', 'camiloztgmail10', 'bradenboehmer', 'adolfot', 'brayanmartin14', 'kaiweiii063', 'juanfelipecaicedo11', 'mnmanley23', 'kajagoogoo', 'aapatel22', 'stane118', 'lfsalasnu', 'matzn002', 'faridhudda999', 'proda009', 'n.rincon4', 'j.pachecop', 'j.pulidos', 'skoester2010', 'dandubacsi', 'itapia', 'sswisher', 'f.alvarezl', 'anjuloma', 'catalinam24', 'dmaldonado497', 'jeption2025', 'yanivdr', 'fatsoperson0003', 'sambabler', 'astreets', 'cahc232', 'ccanongo', 'shewlett', 'leffer050302', 'alawso26', 'jjboereau', 'stoneralexis', 'theo61812', 'hanniahdz008', 'sancheznoah62', 'kevinpilotzi12', 'camilomojica08', 'mauriciocorona81727', 'josh_mp5', 'qpid1011', 'guayacansebastian', 'jahce', 'julipa02', 't.montes', 'srivkav', 'jbesco', None, 'gabrielsaavedra995', 'jrbelt1', 'patoreyes02', 'mischke']"
13,135,56,25,20,"['itapia', 'anjuloma', 'f.alvarezl', 'cahc232', 'danielpantoja', 'marish', 'santiagoalejandro2913', 'a.novam', 's.guerrero3', 'camilomojica08', 'camiloztgmail10', 'juanfelipecaicedo11', 'julipa02', 't.montes', 'lfsalasnu', 'n.rincon4', 'gabrielsaavedra995', 'j.pachecop', 'patoreyes02', 'nicolasdiaz200308']",35,"['pet00957', 'sswisher', 'catalinam24', 'yanivdr', 'luchoesteban2003', 'fatsoperson0003', 'astreets', 'y.ramirezc', 'shewlett', 'leffer050302', 'alawso26', 'hert0066', 'hanniahdz008', 'markezj38', 'smi00928', 'kevinpilotzi12', 'mbedollah', 'dandubacsi', 'u3568932', 'mauriciocorona81727', 'adolfot', 'brayanmartin14', 'kaiweiii063', 'qpid1011', 'guayacansebastian', 'jahce', 'aapatel22', 'srivkav', 'jbesco', 'stane118', 'matzn002', 'proda009', 'j.pulidos', 'skoester2010', 'mischke']",5,"['juancardona543', 'juanivan', 'danielfgarcial', 'angietmolano26', None]",60,"['pet00957', 'luchoesteban2003', 'y.ramirezc', 'danielpantoja', 'marish', 'hert0066', 'nicolasdiaz200308', 'markezj38', 'smi00928', 'santiagoalejandro2913', 'mbedollah', 'a.novam', 'u3568932', 's.guerrero3', 'camiloztgmail10', 'adolfot', 'brayanmartin14', 'kaiweiii063', 'juanfelipecaicedo11', 'angietmolano26', 'aapatel22', 'stane118', 'lfsalasnu', 'matzn002', 'proda009', 'n.rincon4', 'juancardona543', 'j.pachecop', 'j.pulidos', 'skoester2010', 'dandubacsi', 'itapia', 'sswisher', 'f.alvarezl', 'anjuloma', 'catalinam24', 'yanivdr', 'fatsoperson0003', 'astreets', 'cahc232', 'shewlett', 'leffer050302', 'alawso26', 'hanniahdz008', 'kevinpilotzi12', 'camilomojica08', 'mauriciocorona81727', 'juanivan', 'qpid1011', 'guayacansebastian', 'jahce', 'julipa02', 't.montes', 'srivkav', 'jbesco', None, 'gabrielsaavedra995', 'danielfgarcial', 'patoreyes02', 'mischke']"
13,125,56,21,2,"['u3568932', 'qpid1011']",53,"['pet00957', 'itapia', 'sswisher', 'f.alvarezl', 'anjuloma', 'catalinam24', 'yanivdr', 'luchoesteban2003', 'fatsoperson0003', 'astreets', 'cahc232', 'y.ramirezc', 'shewlett', 'leffer050302', 'alawso26', 'danielpantoja', 'marish', 'hert0066', 'nicolasdiaz200308', 'hanniahdz008', 'markezj38', 'smi00928', 'santiagoalejandro2913', 'kevinpilotzi12', 'mbedollah', 'a.novam', 'dandubacsi', 's.guerrero3', 'camiloztgmail10', 'camilomojica08', 'mauriciocorona81727', 'adolfot', 'brayanmartin14', 'kaiweiii063', 'juanfelipecaicedo11', 'guayacansebastian', 'jahce', 'julipa02', 't.montes', 'srivkav', 'aapatel22', 'jbesco', 'stane118', 'lfsalasnu', 'matzn002', 'proda009', 'n.rincon4', 'gabrielsaavedra995', 'j.pachecop', 'j.pulidos', 'patoreyes02', 'skoester2010', 'mischke']",19,"['feyzayazar', 'boris.g', 'liben002', 'namanish27', 'visheshraina2001', 'shreychandola98', 'choisung0205', 'pajski', 'mobinmotaharifar', 'sara34', None, 'william.chuquin', 'imgcabugsa', 'jakethesuperpie', 'zariaevans', 'bt20ece020', 'nischalbkj1', 'lutzjess', 'nidhikpg2001']",74,"['pet00957', 'itapia', 'sswisher', 'f.alvarezl', 'anjuloma', 'catalinam24', 'yanivdr', 'luchoesteban2003', 'fatsoperson0003', 'astreets', 'cahc232', 'y.ramirezc', 'shewlett', 'leffer050302', 'alawso26', 'danielpantoja', 'marish', 'hert0066', 'feyzayazar', 'boris.g', 'hanniahdz008', 'markezj38', 'smi00928', 'santiagoalejandro2913', 'kevinpilotzi12', 'liben002', 'mbedollah', 'a.novam', 'namanish27', 'visheshraina2001', 'u3568932', 's.guerrero3', 'camiloztgmail10', 'camilomojica08', 'mauriciocorona81727', 'adolfot', 'brayanmartin14', 'kaiweiii063', 'juanfelipecaicedo11', 'qpid1011', 'shreychandola98', 'guayacansebastian', 'choisung0205', 'jahce', 'julipa02', 'pajski', 'mobinmotaharifar', 't.montes', 'srivkav', 'aapatel22', 'jbesco', 'stane118', 'lfsalasnu', 'matzn002', 'sara34', None, 'william.chuquin', 'proda009', 'n.rincon4', 'gabrielsaavedra995', 'skoester2010', 'imgcabugsa', 'j.pachecop', 'jakethesuperpie', 'zariaevans', 'j.pulidos', 'bt20ece020', 'patoreyes02', 'nischalbkj1', 'mischke', 'lutzjess', 'dandubacsi', 'nidhikpg2001', 'nicolasdiaz200308']"
13,132,56,13,9,"['anjuloma', 'f.alvarezl', 'j.pachecop', 'santiagoalejandro2913', 'guayacansebastian', 'julipa02', 'j.pulidos', 'y.ramirezc', 's.guerrero3']",46,"['pet00957', 'itapia', 'sswisher', 'catalinam24', 'yanivdr', 'luchoesteban2003', 'fatsoperson0003', 'astreets', 'cahc232', 'shewlett', 'leffer050302', 'alawso26', 'danielpantoja', 'marish', 'hert0066', 'nicolasdiaz200308', 'hanniahdz008', 'markezj38', 'smi00928', 'kevinpilotzi12', 'mbedollah', 'a.novam', 'dandubacsi', 'u3568932', 'camilomojica08', 'camiloztgmail10', 'mauriciocorona81727', 'adolfot', 'brayanmartin14', 'kaiweiii063', 'juanfelipecaicedo11', 'qpid1011', 'jahce', 't.montes', 'srivkav', 'aapatel22', 'jbesco', 'stane118', 'lfsalasnu', 'matzn002', 'proda009', 'n.rincon4', 'gabrielsaavedra995', 'patoreyes02', 'skoester2010', 'mischke']",4,"['juancardona543', None, 'jorge339', 'maidy']",59,"['pet00957', 'itapia', 'sswisher', 'f.alvarezl', 'anjuloma', 'catalinam24', 'yanivdr', 'luchoesteban2003', 'fatsoperson0003', 'astreets', 'cahc232', 'y.ramirezc', 'shewlett', 'leffer050302', 'alawso26', 'danielpantoja', 'marish', 'hert0066', 'hanniahdz008', 'markezj38', 'smi00928', 'santiagoalejandro2913', 'kevinpilotzi12', 'mbedollah', 'a.novam', 'u3568932', 's.guerrero3', 'camiloztgmail10', 'camilomojica08', 'mauriciocorona81727', 'adolfot', 'brayanmartin14', 'kaiweiii063', 'juanfelipecaicedo11', 'qpid1011', 'maidy', 'guayacansebastian', 'jorge339', 'jahce', 'julipa02', 't.montes', 'srivkav', 'aapatel22', 'jbesco', 'stane118', 'lfsalasnu', 'matzn002', None, 'proda009', 'n.rincon4', 'gabrielsaavedra995', 'skoester2010', 'juancardona543', 'j.pachecop', 'j.pulidos', 'patoreyes02', 'mischke', 'dandubacsi', 'nicolasdiaz200308']"
13,122,56,10,6,"['j.pachecop', 'santiagoalejandro2913', 'julipa02', 'j.pulidos', 'y.ramirezc', 'nicolasdiaz200308']",49,"['pet00957', 'itapia', 'sswisher', 'f.alvarezl', 'anjuloma', 'catalinam24', 'yanivdr', 'luchoesteban2003', 'fatsoperson0003', 'astreets', 'cahc232', 'shewlett', 'leffer050302', 'alawso26', 'danielpantoja', 'marish', 'hert0066', 'hanniahdz008', 'markezj38', 'smi00928', 'kevinpilotzi12', 'mbedollah', 'a.novam', 'u3568932', 's.guerrero3', 'camiloztgmail10', 'camilomojica08', 'mauriciocorona81727', 'adolfot', 'brayanmartin14', 'kaiweiii063', 'juanfelipecaicedo11', 'qpid1011', 'guayacansebastian', 'jahce', 't.montes', 'srivkav', 'aapatel22', 'jbesco', 'stane118', 'lfsalasnu', 'matzn002', 'proda009', 'n.rincon4', 'gabrielsaavedra995', 'skoester2010', 'patoreyes02', 'mischke', 'dandubacsi']",4,"['mateortegon2001', 'juanivancubillosgaray', None, 'jaimenunez1921']",59,"['pet00957', 'itapia', 'sswisher', 'f.alvarezl', 'anjuloma', 'catalinam24', 'yanivdr', 'luchoesteban2003', 'fatsoperson0003', 'astreets', 'cahc232', 'y.ramirezc', 'shewlett', 'leffer050302', 'alawso26', 'danielpantoja', 'marish', 'hert0066', 'hanniahdz008', 'markezj38', 'smi00928', 'santiagoalejandro2913', 'kevinpilotzi12', 'mbedollah', 'a.novam', 'u3568932', 's.guerrero3', 'camiloztgmail10', 'camilomojica08', 'mateortegon2001', 'mauriciocorona81727', 'jaimenunez1921', 'adolfot', 'brayanmartin14', 'kaiweiii063', 'juanfelipecaicedo11', 'qpid1011', 'guayacansebastian', 'jahce', 'julipa02', 't.montes', 'srivkav', 'aapatel22', 'jbesco', 'stane118', 'lfsalasnu', 'matzn002', None, 'proda009', 'n.rincon4', 'gabrielsaavedra995', 'skoester2010', 'juanivancubillosgaray', 'j.pachecop', 'j.pulidos', 'patoreyes02', 'mischke', 'dandubacsi', 'nicolasdiaz200308']"
13,136,56,8,7,"['proda009', 'sswisher', 'smi00928', 'stane118', 'matzn002', 'skoester2010', 'hert0066']",48,"['pet00957', 'itapia', 'f.alvarezl', 'anjuloma', 'catalinam24', 'yanivdr', 'luchoesteban2003', 'fatsoperson0003', 'astreets', 'cahc232', 'y.ramirezc', 'shewlett', 'leffer050302', 'alawso26', 'danielpantoja', 'marish', 'hanniahdz008', 'markezj38', 'santiagoalejandro2913', 'kevinpilotzi12', 'mbedollah', 'a.novam', 'u3568932', 's.guerrero3', 'camiloztgmail10', 'camilomojica08', 'mauriciocorona81727', 'adolfot', 'brayanmartin14', 'kaiweiii063', 'juanfelipecaicedo11', 'qpid1011', 'guayacansebastian', 'jahce', 'julipa02', 't.montes', 'srivkav', 'aapatel22', 'jbesco', 'lfsalasnu', 'n.rincon4', 'gabrielsaavedra995', 'j.pachecop', 'j.pulidos', 'patoreyes02', 'mischke', 'dandubacsi', 'nicolasdiaz200308']",1,[None],56,"['pet00957', 'itapia', 'sswisher', 'f.alvarezl', 'anjuloma', 'catalinam24', 'yanivdr', 'luchoesteban2003', 'fatsoperson0003', 'astreets', 'cahc232', 'y.ramirezc', 'shewlett', 'leffer050302', 'alawso26', 'danielpantoja', 'marish', 'hert0066', 'hanniahdz008', 'markezj38', 'smi00928', 'santiagoalejandro2913', 'kevinpilotzi12', 'mbedollah', 'a.novam', 'u3568932', 's.guerrero3', 'camiloztgmail10', 'camilomojica08', 'mauriciocorona81727', 'adolfot', 'brayanmartin14', 'kaiweiii063', 'juanfelipecaicedo11', 'qpid1011', 'guayacansebastian', 'jahce', 'julipa02', 't.montes', 'srivkav', 'aapatel22', 'jbesco', 'stane118', 'lfsalasnu', 'matzn002', None, 'proda009', 'n.rincon4', 'gabrielsaavedra995', 'skoester2010', 'j.pachecop', 'j.pulidos', 'patoreyes02', 'mischke', 'dandubacsi', 'nicolasdiaz200308']"
14,540,50,75,1,['ben.reigle'],48,"['ashish_kasar', 'wandersonbraz', 'tandocca', 'nathanjump24', 'kacord', 'abhishekbanerjee182', 'yifanwu', 'lawrence7', 'rsrin', 'suyueyua', 'meba', 'vtucker', 'ishahid.me', 'rmz4ed', 'josh.d.frey', 'namqle', 'wxh289', 'fadams', 'wgsimpso', 'anumoy3901', 'hafidzeh01', 'santumazumder', 'nanobeam', 'ramigam', 'chiang91', 'tdube', 'chogekirwa4040', 'rmahserjian', 'anirudhnandakumar', 'araragi', 'ddistefano', 'yago', 'vuas594', 'chintinl', 'linear85', 'usman0311', 'jpm115', 'cbelcher', 'mega334485', 'amneto2', 'lightsharp30', 'atbqm9', 'shrivas', 'esuwandi', 'multikss', 'vinkosrsan', 'ttshirai', 'kazyazawa']",74,"['iparraga', 'dbukows', 'pate1037', 'jone2081', 'djharrington19', 'mart1731', 'rvarghes', 'im31', 'rubenmendia', 'jharbers', 'isaiah.bap', 'pkradas', 'cdesser', 'jdamle', 'mframan', 'agrama64', 'nvansal', 'msavchen', 'ysethi', 'jpachol', 'erinhartman', 'little62', 'chen2768', 'hanse145', 'young505', 'dcrossla', 'lane135', 'hyltonk', 'rmascare', 'gjekel', 'ekrizman01', 'lologuidi', 'malu', 'smit3520', 'taylorbaker914', 'avneesh123', 'nscanlon', 'yuan274', 'pakhilesh2604', 'mkosmerl', 'pandya11', 'jboos', 'bush75', 'aedowney', 'amullic', 'liu2730', 'pierce95', 'rgodjali', 'bmathie', 'davidjohnson', 'matthewos127', 'nguye676', 'cobert', 'cooperford', None, 'cfadel', 'yujunhuang', 'jwang8', 'bai91', 'jiiihyeonnn', 'eschmit12', 'ramos78', 'dgada', 'alibrown', 'haynes45', 'chang745', 'patrickcooney17', 'kfitzha', 'wen101', 'escime', 'adellemurph18', 'meher311', 'jain378', 'mahmoon']",123,"['iparraga', 'ben.reigle', 'wandersonbraz', 'jone2081', 'mart1731', 'abhishekbanerjee182', 'im31', 'rubenmendia', 'jharbers', 'isaiah.bap', 'cdesser', 'jdamle', 'suyueyua', 'meba', 'jpachol', 'vtucker', 'josh.d.frey', 'erinhartman', 'little62', 'chen2768', 'hanse145', 'young505', 'dcrossla', 'hafidzeh01', 'anumoy3901', 'lologuidi', 'nanobeam', 'malu', 'taylorbaker914', 'yuan274', 'tdube', 'chogekirwa4040', 'rmahserjian', 'yago', 'aedowney', 'amullic', 'chintinl', 'pierce95', 'cbelcher', 'davidjohnson', 'nguye676', 'cooperford', 'cfadel', 'yujunhuang', 'jwang8', 'bai91', 'lightsharp30', 'jiiihyeonnn', 'ramos78', 'shrivas', 'dgada', 'alibrown', 'multikss', 'wen101', 'kazyazawa', 'cobert', 'jain378', 'mahmoon', 'ashish_kasar', 'dbukows', 'djharrington19', 'tandocca', 'pate1037', 'nathanjump24', 'kacord', 'yifanwu', 'rvarghes', 'pkradas', 'lawrence7', 'mframan', 'agrama64', 'rsrin', 'nvansal', 'msavchen', 'ysethi', 'ishahid.me', 'rmz4ed', 'namqle', 'lane135', 'wxh289', 'fadams', 'wgsimpso', 'hyltonk', 'rmascare', 'gjekel', 'ekrizman01', 'santumazumder', 'smit3520', 'ramigam', 'avneesh123', 'nscanlon', 'pakhilesh2604', 'chiang91', 'anirudhnandakumar', 'mkosmerl', 'pandya11', 'jboos', 'bush75', 'araragi', 'ddistefano', 'vuas594', 'liu2730', 'rgodjali', 'linear85', 'usman0311', 'jpm115', 'bmathie', 'matthewos127', None, 'mega334485', 'amneto2', 'eschmit12', 'atbqm9', 'haynes45', 'esuwandi', 'vinkosrsan', 'chang745', 'patrickcooney17', 'kfitzha', 'escime', 'ttshirai', 'adellemurph18', 'meher311']"
14,542,50,8,6,"['vuas594', 'kacord', 'shrivas', 'suyueyua', 'cbelcher', 'ttshirai']",43,"['ashish_kasar', 'ben.reigle', 'wandersonbraz', 'tandocca', 'nathanjump24', 'abhishekbanerjee182', 'yifanwu', 'lawrence7', 'rsrin', 'meba', 'vtucker', 'ishahid.me', 'rmz4ed', 'josh.d.frey', 'namqle', 'wxh289', 'fadams', 'wgsimpso', 'anumoy3901', 'hafidzeh01', 'santumazumder', 'nanobeam', 'ramigam', 'chiang91', 'tdube', 'chogekirwa4040', 'rmahserjian', 'anirudhnandakumar', 'araragi', 'ddistefano', 'yago', 'chintinl', 'linear85', 'usman0311', 'jpm115', 'mega334485', 'amneto2', 'lightsharp30', 'atbqm9', 'esuwandi', 'multikss', 'vinkosrsan', 'kazyazawa']",2,"[None, 'dupuya']",51,"['ashish_kasar', 'ben.reigle', 'wandersonbraz', 'tandocca', 'nathanjump24', 'kacord', 'abhishekbanerjee182', 'yifanwu', 'lawrence7', 'rsrin', 'suyueyua', 'meba', 'vtucker', 'ishahid.me', 'rmz4ed', 'josh.d.frey', 'namqle', 'wxh289', 'fadams', 'wgsimpso', 'anumoy3901', 'hafidzeh01', 'santumazumder', 'nanobeam', 'ramigam', 'chiang91', 'tdube', 'chogekirwa4040', 'rmahserjian', 'anirudhnandakumar', 'araragi', 'ddistefano', 'yago', 'vuas594', 'chintinl', 'linear85', 'usman0311', 'jpm115', 'cbelcher', None, 'mega334485', 'amneto2', 'dupuya', 'lightsharp30', 'atbqm9', 'shrivas', 'esuwandi', 'multikss', 'vinkosrsan', 'ttshirai', 'kazyazawa']"
14,543,50,7,4,"['chiang91', 'yifanwu', 'kazyazawa', 'vtucker']",45,"['ashish_kasar', 'ben.reigle', 'wandersonbraz', 'tandocca', 'nathanjump24', 'kacord', 'abhishekbanerjee182', 'lawrence7', 'rsrin', 'suyueyua', 'meba', 'ishahid.me', 'rmz4ed', 'josh.d.frey', 'namqle', 'wxh289', 'fadams', 'wgsimpso', 'anumoy3901', 'hafidzeh01', 'santumazumder', 'nanobeam', 'ramigam', 'tdube', 'chogekirwa4040', 'rmahserjian', 'anirudhnandakumar', 'araragi', 'ddistefano', 'yago', 'vuas594', 'chintinl', 'linear85', 'usman0311', 'jpm115', 'cbelcher', 'mega334485', 'amneto2', 'lightsharp30', 'atbqm9', 'shrivas', 'esuwandi', 'multikss', 'vinkosrsan', 'ttshirai']",3,"[None, 'tmerric', 'erinhartman']",52,"['ashish_kasar', 'ben.reigle', 'wandersonbraz', 'tandocca', 'nathanjump24', 'kacord', 'abhishekbanerjee182', 'yifanwu', 'lawrence7', 'rsrin', 'suyueyua', 'meba', 'erinhartman', 'vtucker', 'ishahid.me', 'rmz4ed', 'josh.d.frey', 'namqle', 'wxh289', 'fadams', 'wgsimpso', 'anumoy3901', 'hafidzeh01', 'santumazumder', 'nanobeam', 'ramigam', 'chiang91', 'tdube', 'chogekirwa4040', 'rmahserjian', 'anirudhnandakumar', 'araragi', 'ddistefano', 'yago', 'vuas594', 'chintinl', 'linear85', 'usman0311', 'jpm115', 'cbelcher', None, 'mega334485', 'amneto2', 'lightsharp30', 'tmerric', 'atbqm9', 'shrivas', 'esuwandi', 'multikss', 'vinkosrsan', 'ttshirai', 'kazyazawa']"
15,123,49,70,8,"['alejosalgadom', 'a.pulidog8135', 'sebastianmoya2002', 'g.gonzalezc', 'william_garcia25', 'yxpeng_183pro', 'martinezbrighettatiana', 'estaban250212']",40,"['gastevens', 'fran0716', 'alhar077', 'halm0014', 'sytch003', 'mart5401', 'held0060', 'kulja003', 'gale0122', 'kudzi008', 'lee02326', 'albul004', 'fu000033', 'wang8896', 'chapu022', 'danieltranhuynh', 'carpe700', 'alqaf003', 'waljehani82', 'fredy.cubillos', 'hafey003', 'aubut10', 'bell0619', 'hoang273', 'vang2979', 'ali00318', 'dasgu063', 'karam033', 'killi142', 'baner158', 'forkw001', 'fu000032', 'winnielorrainerenee', 'piont018', 'kotoleyesepid', 'kukac007', 'hudda002', 'lutzjess', 'zeeshanarif', 'byram013']",62,"['tariqd98', 'ren0225', 'anjuloma', 'f.alvarezl', 'itapia', 'jayb', 'hossindissoms', 'luchoesteban2003', 'vophuochuy231990', 'cahc232', 'y.ramirezc', 'jjboereau', 'alawso26', 'danielpantoja', 'marish', 'sourish', 'hanniahdz008', 'ah.dydak', 'santiagoalejandro2913', 'giulia.scamporrino', 'kevinpilotzi12', 'herndonas', 'a.novam', 'kkanuparthi', 'u3568932', 's.guerrero3', 'camiloztgmail10', 'ordonez05', 'camilomojica08', 'suchemj', 'adolfot', 'brayanmartin14', 'juanfelipecaicedo11', 'juanivan', 'qpid1011', 'guayacansebastian', 'angietmolano26', 'shawn2k99', 'julipa02', 'waweno137', 'dobrescuta', 'kajagoogoo', 'ackarles', 't.montes', 'jbesco', 'srivkav', 'lfsalasnu', 'mattwds', None, 'jmoodini', 'n.rincon4', 'juancardona543', 'mustachioj', 'gabrielsaavedra995', 'j.pachecop', 'danielfgarcial', 'dustinhl', 'patoreyes02', 'nischalbkj1', 'dandubacsi', 'snapierjr', 'nicolasdiaz200308']",110,"['gastevens', 'fran0716', 'tariqd98', 'ren0225', 'halm0014', 'jayb', 'mart5401', 'luchoesteban2003', 'gale0122', 'lee02326', 'albul004', 'y.ramirezc', 'danielpantoja', 'marish', 'wang8896', 'chapu022', 'sourish', 'carpe700', 'santiagoalejandro2913', 'fredy.cubillos', 'herndonas', 'a.novam', 'u3568932', 's.guerrero3', 'camiloztgmail10', 'ordonez05', 'suchemj', 'bell0619', 'alejosalgadom', 'adolfot', 'brayanmartin14', 'juanfelipecaicedo11', 'angietmolano26', 'kajagoogoo', 'karam033', 'forkw001', 'lfsalasnu', 'estaban250212', 'jmoodini', 'n.rincon4', 'juancardona543', 'mustachioj', 'kotoleyesepid', 'j.pachecop', 'lutzjess', 'zeeshanarif', 'dandubacsi', 'snapierjr', 'byram013', 'dobrescuta', 'itapia', 'anjuloma', 'f.alvarezl', 'alhar077', 'hossindissoms', 'sytch003', 'kudzi008', 'held0060', 'kulja003', 'vophuochuy231990', 'cahc232', 'jjboereau', 'alawso26', 'fu000033', 'danieltranhuynh', 'hanniahdz008', 'alqaf003', 'ah.dydak', 'giulia.scamporrino', 'waljehani82', 'kevinpilotzi12', 'hafey003', 'william_garcia25', 'kkanuparthi', 'aubut10', 'camilomojica08', 'hoang273', 'juanivan', 'qpid1011', 'vang2979', 'guayacansebastian', 'ali00318', 'shawn2k99', 'julipa02', 'dasgu063', 'waweno137', 'ackarles', 't.montes', 'killi142', 'baner158', 'jbesco', 'fu000032', 'srivkav', 'winnielorrainerenee', 'yxpeng_183pro', 'sebastianmoya2002', 'martinezbrighettatiana', 'mattwds', None, 'a.pulidog8135', 'piont018', 'gabrielsaavedra995', 'danielfgarcial', 'dustinhl', 'g.gonzalezc', 'kukac007', 'patoreyes02', 'nischalbkj1', 'hudda002', 'nicolasdiaz200308']"
15,124,49,42,33,"['fran0716', 'alhar077', 'halm0014', 'kudzi008', 'mart5401', 'held0060', 'kulja003', 'gale0122', 'sytch003', 'lee02326', 'albul004', 'fu000033', 'wang8896', 'chapu022', 'danieltranhuynh', 'carpe700', 'alqaf003', 'hafey003', 'aubut10', 'bell0619', 'hoang273', 'vang2979', 'ali00318', 'dasgu063', 'karam033', 'killi142', 'baner158', 'forkw001', 'fu000032', 'piont018', 'kukac007', 'hudda002', 'byram013']",15,"['alejosalgadom', 'gastevens', 'a.pulidog8135', 'zeeshanarif', 'kotoleyesepid', 'waljehani82', 'sebastianmoya2002', 'fredy.cubillos', 'g.gonzalezc', 'william_garcia25', 'winnielorrainerenee', 'lutzjess', 'martinezbrighettatiana', 'yxpeng_183pro', 'estaban250212']",9,"['pet00957', 'proda009', 'sswisher', None, 'smi00928', 'stane118', 'matzn002', 'skoester2010', 'hert0066']",57,"['gastevens', 'fran0716', 'pet00957', 'halm0014', 'mart5401', 'gale0122', 'lee02326', 'albul004', 'wang8896', 'hert0066', 'chapu022', 'carpe700', 'smi00928', 'fredy.cubillos', 'bell0619', 'alejosalgadom', 'karam033', 'stane118', 'forkw001', 'matzn002', 'estaban250212', 'proda009', 'kotoleyesepid', 'lutzjess', 'zeeshanarif', 'skoester2010', 'byram013', 'sswisher', 'alhar077', 'sytch003', 'kudzi008', 'held0060', 'kulja003', 'fu000033', 'danieltranhuynh', 'alqaf003', 'waljehani82', 'hafey003', 'william_garcia25', 'aubut10', 'hoang273', 'vang2979', 'ali00318', 'dasgu063', 'killi142', 'baner158', 'fu000032', 'winnielorrainerenee', 'yxpeng_183pro', 'sebastianmoya2002', 'martinezbrighettatiana', None, 'a.pulidog8135', 'piont018', 'g.gonzalezc', 'kukac007', 'hudda002']"
15,125,49,21,1,['lutzjess'],47,"['gastevens', 'fran0716', 'alhar077', 'halm0014', 'sytch003', 'mart5401', 'held0060', 'kulja003', 'gale0122', 'kudzi008', 'lee02326', 'albul004', 'fu000033', 'wang8896', 'chapu022', 'danieltranhuynh', 'carpe700', 'alqaf003', 'waljehani82', 'fredy.cubillos', 'hafey003', 'william_garcia25', 'aubut10', 'bell0619', 'alejosalgadom', 'hoang273', 'vang2979', 'ali00318', 'dasgu063', 'karam033', 'killi142', 'baner158', 'forkw001', 'fu000032', 'winnielorrainerenee', 'yxpeng_183pro', 'sebastianmoya2002', 'martinezbrighettatiana', 'estaban250212', 'a.pulidog8135', 'piont018', 'kotoleyesepid', 'g.gonzalezc', 'kukac007', 'hudda002', 'zeeshanarif', 'byram013']",20,"['feyzayazar', 'boris.g', 'liben002', 'namanish27', 'visheshraina2001', 'u3568932', 'shreychandola98', 'qpid1011', 'choisung0205', 'pajski', 'mobinmotaharifar', 'sara34', None, 'william.chuquin', 'imgcabugsa', 'jakethesuperpie', 'zariaevans', 'bt20ece020', 'nischalbkj1', 'nidhikpg2001']",68,"['gastevens', 'fran0716', 'alhar077', 'halm0014', 'sytch003', 'mart5401', 'held0060', 'kulja003', 'gale0122', 'kudzi008', 'lee02326', 'albul004', 'fu000033', 'feyzayazar', 'wang8896', 'boris.g', 'chapu022', 'danieltranhuynh', 'carpe700', 'alqaf003', 'liben002', 'waljehani82', 'fredy.cubillos', 'hafey003', 'namanish27', 'william_garcia25', 'aubut10', 'visheshraina2001', 'u3568932', 'bell0619', 'alejosalgadom', 'hoang273', 'shreychandola98', 'qpid1011', 'vang2979', 'ali00318', 'choisung0205', 'nidhikpg2001', 'pajski', 'dasgu063', 'mobinmotaharifar', 'karam033', 'killi142', 'baner158', 'forkw001', 'fu000032', 'winnielorrainerenee', 'yxpeng_183pro', 'sebastianmoya2002', 'martinezbrighettatiana', 'sara34', 'estaban250212', None, 'a.pulidog8135', 'piont018', 'william.chuquin', 'imgcabugsa', 'kotoleyesepid', 'jakethesuperpie', 'g.gonzalezc', 'zariaevans', 'kukac007', 'bt20ece020', 'nischalbkj1', 'hudda002', 'lutzjess', 'zeeshanarif', 'byram013']"
16,439,49,62,3,"['xyl983915913', 'zhishangs', 'z5382647']",45,"['ez164', 'code0098', 'gansuyi', 'rakesh_adusumilli', 'yixiang', 'matt12138', 'ethana1', 'kaiunsw', 'anmolyadav0106', '0iverson0', 'hasninan61', 'anavidad', 'jinyinleo', 'bijoyashvin', 'zhter2', 'z5258436', 'sabuu57', 'z5353116', 'zuo', 'hfilfish123', 'hanksee', 'atb85', 'yilang0424', 'biiigkwxx', 'z5291432', 'dliang42', 'zachary.kembrey', '19971106.ma', 'bryan49235938', 'zelinhao', 'yang342796', 'zhiyusong001', 'tony1105', 'zanhui.fan', 'usamasrao', 'thuanuong01', 'z5235736', 'yufeitonyxing', 'felixjiang666', 'johnhtdo', 'huangzhen', 'larghetto', 'jman14668', 'jaspersun', 'lgh829']",59,"['mattsqrd', 'kbb00008', 'allenchu', 'jjoonny76', 'p20170423', '216cheng', 'kgraham87', 'tiange', 'vaburciagaz', 'jmh2329', 'sandip83', 'ajray', 'aivergar', 'naroman2', 'kang_wang_shanghaitech', 'gollner.laura', 'jelackey', 'vincent.goiffon', 'riddhiranjithkumar', 'fastjacksonmin', 'tjacks42', 'ih8faaan', 'rridgwa1', 'viviantrack', 'rkrish52', 'jsolan10', 'wino1301', 'btano', 'cdn2128', 'searguet', 'dalliso4', 'elhamatef199', 'claybuster715', 'mwmjr150', 'si00003', 'vs00016', 'cmerril3', 'kdenial', 'silko.igor', None, 'mgarc171', 'hongkiha', 'gebaker2', 'shawnlloyd8', 'mjlong7', 'hstone1', 'kevindiu', 'grant.lopresti', 'adorn2', 'wxg', 'yim5759', 'gmortiz3', 'avillegas5', 'leesh9412', 'aarondfranklin', 'dvoskineli', 'sesh9366', 'aditya.c.paul', 'daniel.robin22']",107,"['ez164', 'code0098', 'yixiang', 'kbb00008', 'kaiunsw', 'p20170423', 'kgraham87', '0iverson0', 'sandip83', 'hasninan61', 'anavidad', 'sesh9366', 'jinyinleo', 'jelackey', 'kang_wang_shanghaitech', 'zhter2', 'gollner.laura', 'zuo', 'lgh829', 'z5382647', 'rkrish52', 'hfilfish123', 'wino1301', 'hanksee', 'atb85', 'yilang0424', 'biiigkwxx', 'z5291432', 'elhamatef199', '19971106.ma', 'claybuster715', 'bryan49235938', 'yang342796', 'vs00016', 'zhiyusong001', 'zhishangs', 'silko.igor', 'mgarc171', 'shawnlloyd8', 'yufeitonyxing', 'gebaker2', 'mjlong7', 'felixjiang666', 'johnhtdo', 'hstone1', 'kevindiu', 'adorn2', 'avillegas5', 'naroman2', 'fastjacksonmin', 'aditya.c.paul', 'daniel.robin22', 'gansuyi', 'rakesh_adusumilli', 'mattsqrd', 'matt12138', 'ethana1', 'allenchu', 'jjoonny76', 'anmolyadav0106', '216cheng', 'tiange', 'vaburciagaz', 'jmh2329', 'ajray', 'aivergar', 'bijoyashvin', 'vincent.goiffon', 'z5258436', 'riddhiranjithkumar', 'sabuu57', 'z5353116', 'tjacks42', 'ih8faaan', 'rridgwa1', 'viviantrack', 'jsolan10', 'btano', 'cdn2128', 'dliang42', 'searguet', 'dalliso4', 'zachary.kembrey', 'mwmjr150', 'zelinhao', 'si00003', 'cmerril3', 'tony1105', 'zanhui.fan', 'usamasrao', 'kdenial', 'thuanuong01', None, 'z5235736', 'hongkiha', 'grant.lopresti', 'huangzhen', 'larghetto', 'wxg', 'jman14668', 'jaspersun', 'yim5759', 'gmortiz3', 'leesh9412', 'aarondfranklin', 'dvoskineli', 'xyl983915913']"
16,447,49,32,1,['atb85'],47,"['ez164', 'code0098', 'gansuyi', 'rakesh_adusumilli', 'yixiang', 'matt12138', 'ethana1', 'kaiunsw', 'anmolyadav0106', '0iverson0', 'hasninan61', 'anavidad', 'jinyinleo', 'bijoyashvin', 'zhter2', 'z5258436', 'sabuu57', 'z5353116', 'zuo', 'lgh829', 'z5382647', 'hfilfish123', 'hanksee', 'yilang0424', 'biiigkwxx', 'z5291432', 'dliang42', 'zachary.kembrey', '19971106.ma', 'bryan49235938', 'zelinhao', 'yang342796', 'zhiyusong001', 'zhishangs', 'tony1105', 'zanhui.fan', 'usamasrao', 'thuanuong01', 'z5235736', 'yufeitonyxing', 'felixjiang666', 'johnhtdo', 'huangzhen', 'larghetto', 'jman14668', 'jaspersun', 'xyl983915913']",31,"['darian09', 'zla23', 'mattsqrd', 'bri25', 'nbn34', 'pdt29', 'davidmoyo96', 'esaray74', 'mcarsonmusic', 'ghosh.rituparna2017', 'dgodwin', 'tlw85', 'cae69', 'ak3866', 'reiballabani', 'jhua3657', 'amykbuor', 'lh893', None, 'bnp44', 'aah346', 'jrj82', 'kevindiu', 'beka8000', 'agerlach23', 'mali_halac', 'kyrasphilipp', 'thiennguyen011', 'jasonl', 'ethan850', 'jmf394']",79,"['ez164', 'code0098', 'zla23', 'yixiang', 'kaiunsw', '0iverson0', 'hasninan61', 'anavidad', 'jinyinleo', 'pdt29', 'zhter2', 'ghosh.rituparna2017', 'zuo', 'lgh829', 'dgodwin', 'z5382647', 'hfilfish123', 'hanksee', 'atb85', 'yilang0424', 'tlw85', 'biiigkwxx', 'z5291432', 'cae69', '19971106.ma', 'reiballabani', 'bryan49235938', 'yang342796', 'jhua3657', 'zhiyusong001', 'zhishangs', 'lh893', 'yufeitonyxing', 'felixjiang666', 'johnhtdo', 'kevindiu', 'beka8000', 'mali_halac', 'kyrasphilipp', 'jasonl', 'ethan850', 'darian09', 'gansuyi', 'rakesh_adusumilli', 'mattsqrd', 'matt12138', 'ethana1', 'bri25', 'anmolyadav0106', 'nbn34', 'bijoyashvin', 'z5258436', 'davidmoyo96', 'sabuu57', 'esaray74', 'mcarsonmusic', 'z5353116', 'dliang42', 'zachary.kembrey', 'ak3866', 'zelinhao', 'amykbuor', 'tony1105', 'zanhui.fan', 'usamasrao', 'thuanuong01', None, 'z5235736', 'bnp44', 'aah346', 'jrj82', 'agerlach23', 'huangzhen', 'larghetto', 'thiennguyen011', 'jman14668', 'jaspersun', 'jmf394', 'xyl983915913']"
16,311,49,30,1,['atb85'],47,"['ez164', 'code0098', 'gansuyi', 'rakesh_adusumilli', 'yixiang', 'matt12138', 'ethana1', 'kaiunsw', 'anmolyadav0106', '0iverson0', 'hasninan61', 'anavidad', 'jinyinleo', 'bijoyashvin', 'zhter2', 'z5258436', 'sabuu57', 'z5353116', 'zuo', 'lgh829', 'z5382647', 'hfilfish123', 'hanksee', 'yilang0424', 'biiigkwxx', 'z5291432', 'dliang42', 'zachary.kembrey', '19971106.ma', 'bryan49235938', 'zelinhao', 'yang342796', 'zhiyusong001', 'zhishangs', 'tony1105', 'zanhui.fan', 'usamasrao', 'thuanuong01', 'z5235736', 'yufeitonyxing', 'felixjiang666', 'johnhtdo', 'huangzhen', 'larghetto', 'jman14668', 'jaspersun', 'xyl983915913']",29,"['zla23', 'mattsqrd', 'bri25', 'nbn34', 'pdt29', 'alk344', 'esaray74', 'mcarsonmusic', 'fanta', 'tlw85', 'hlachguar829', 'ritu2021', 'cae69', 'ak3866', 'reiballabani', 'alyjhan', 'jhua3657', 'amykbuor', 'scanlin2000', 'lh893', None, 'bnp44', 'jrj82', 'kevindiu', 'beka8000', 'agerlach23', 'thiennguyen011', 'jasonl', 'jmf394']",77,"['ez164', 'code0098', 'zla23', 'yixiang', 'kaiunsw', '0iverson0', 'hasninan61', 'anavidad', 'jinyinleo', 'pdt29', 'zhter2', 'alk344', 'zuo', 'lgh829', 'z5382647', 'hfilfish123', 'hanksee', 'atb85', 'yilang0424', 'tlw85', 'biiigkwxx', 'hlachguar829', 'z5291432', 'ritu2021', 'cae69', '19971106.ma', 'reiballabani', 'bryan49235938', 'yang342796', 'jhua3657', 'zhiyusong001', 'zhishangs', 'scanlin2000', 'lh893', 'yufeitonyxing', 'felixjiang666', 'johnhtdo', 'kevindiu', 'beka8000', 'jasonl', 'gansuyi', 'rakesh_adusumilli', 'mattsqrd', 'matt12138', 'ethana1', 'bri25', 'anmolyadav0106', 'nbn34', 'bijoyashvin', 'z5258436', 'sabuu57', 'esaray74', 'mcarsonmusic', 'z5353116', 'fanta', 'dliang42', 'zachary.kembrey', 'ak3866', 'alyjhan', 'zelinhao', 'amykbuor', 'tony1105', 'zanhui.fan', 'usamasrao', 'thuanuong01', None, 'z5235736', 'bnp44', 'jrj82', 'agerlach23', 'huangzhen', 'larghetto', 'thiennguyen011', 'jman14668', 'jaspersun', 'jmf394', 'xyl983915913']"
16,97,49,11,1,['atb85'],47,"['ez164', 'code0098', 'gansuyi', 'rakesh_adusumilli', 'yixiang', 'matt12138', 'ethana1', 'kaiunsw', 'anmolyadav0106', '0iverson0', 'hasninan61', 'anavidad', 'bijoyashvin', 'jinyinleo', 'zhter2', 'z5258436', 'sabuu57', 'z5353116', 'zuo', 'z5382647', 'hfilfish123', 'hanksee', 'yilang0424', 'biiigkwxx', 'z5291432', 'dliang42', 'xyl983915913', 'zachary.kembrey', '19971106.ma', 'bryan49235938', 'zelinhao', 'yang342796', 'zhiyusong001', 'zhishangs', 'tony1105', 'zanhui.fan', 'usamasrao', 'thuanuong01', 'z5235736', 'yufeitonyxing', 'felixjiang666', 'johnhtdo', 'huangzhen', 'larghetto', 'jman14668', 'jaspersun', 'lgh829']",10,"['aah346', 'mcarsonmusic', 'kevindiu', 'tima88', 'thiennguyen011', 'nbn34', 'fanta', None, 'pdt29', 'hlachguar829']",58,"['ez164', 'code0098', 'gansuyi', 'rakesh_adusumilli', 'yixiang', 'matt12138', 'ethana1', 'kaiunsw', 'anmolyadav0106', '0iverson0', 'nbn34', 'hasninan61', 'anavidad', 'bijoyashvin', 'jinyinleo', 'pdt29', 'zhter2', 'z5258436', 'sabuu57', 'mcarsonmusic', 'z5353116', 'zuo', 'z5382647', 'hfilfish123', 'hanksee', 'atb85', 'yilang0424', 'fanta', 'biiigkwxx', 'hlachguar829', 'z5291432', 'dliang42', 'xyl983915913', 'zachary.kembrey', '19971106.ma', 'bryan49235938', 'zelinhao', 'yang342796', 'zhiyusong001', 'zhishangs', 'tima88', 'tony1105', 'zanhui.fan', 'usamasrao', 'thuanuong01', None, 'z5235736', 'yufeitonyxing', 'felixjiang666', 'johnhtdo', 'aah346', 'kevindiu', 'huangzhen', 'larghetto', 'thiennguyen011', 'jman14668', 'jaspersun', 'lgh829']"
16,446,49,11,10,"['z5291432', 'code0098', 'gansuyi', 'yixiang', 'matt12138', 'zelinhao', 'zhiyusong001', '0iverson0', 'jinyinleo', 'biiigkwxx']",38,"['ez164', 'rakesh_adusumilli', 'ethana1', 'kaiunsw', 'anmolyadav0106', 'hasninan61', 'anavidad', 'bijoyashvin', 'zhter2', 'z5258436', 'sabuu57', 'z5353116', 'zuo', 'z5382647', 'hfilfish123', 'hanksee', 'atb85', 'yilang0424', 'dliang42', 'xyl983915913', 'zachary.kembrey', '19971106.ma', 'bryan49235938', 'yang342796', 'zhishangs', 'tony1105', 'zanhui.fan', 'usamasrao', 'thuanuong01', 'z5235736', 'yufeitonyxing', 'felixjiang666', 'johnhtdo', 'huangzhen', 'larghetto', 'jman14668', 'jaspersun', 'lgh829']",1,[None],49,"['ez164', 'code0098', 'gansuyi', 'rakesh_adusumilli', 'yixiang', 'matt12138', 'ethana1', 'kaiunsw', 'anmolyadav0106', '0iverson0', 'hasninan61', 'anavidad', 'bijoyashvin', 'jinyinleo', 'zhter2', 'z5258436', 'sabuu57', 'z5353116', 'zuo', 'z5382647', 'hfilfish123', 'hanksee', 'atb85', 'yilang0424', 'biiigkwxx', 'z5291432', 'dliang42', 'xyl983915913', 'zachary.kembrey', '19971106.ma', 'bryan49235938', 'zelinhao', 'yang342796', 'zhiyusong001', 'zhishangs', 'tony1105', 'zanhui.fan', 'usamasrao', 'thuanuong01', None, 'z5235736', 'yufeitonyxing', 'felixjiang666', 'johnhtdo', 'huangzhen', 'larghetto', 'jman14668', 'jaspersun', 'lgh829']"
16,91,49,9,6,"['ez164', 'dliang42', 'z5258436', 'zachary.kembrey', 'ethana1', 'zhiyusong001']",42,"['code0098', 'gansuyi', 'rakesh_adusumilli', 'yixiang', 'matt12138', 'kaiunsw', 'anmolyadav0106', '0iverson0', 'hasninan61', 'anavidad', 'bijoyashvin', 'jinyinleo', 'zhter2', 'sabuu57', 'z5353116', 'zuo', 'z5382647', 'hfilfish123', 'hanksee', 'atb85', 'yilang0424', 'biiigkwxx', 'z5291432', 'xyl983915913', '19971106.ma', 'bryan49235938', 'zelinhao', 'yang342796', 'zhishangs', 'tony1105', 'zanhui.fan', 'usamasrao', 'thuanuong01', 'z5235736', 'yufeitonyxing', 'felixjiang666', 'johnhtdo', 'huangzhen', 'larghetto', 'jman14668', 'jaspersun', 'lgh829']",3,"[None, 'ensarvahapoglu', 'chaithramahalingappa']",51,"['ez164', 'code0098', 'gansuyi', 'rakesh_adusumilli', 'yixiang', 'matt12138', 'ethana1', 'kaiunsw', 'anmolyadav0106', '0iverson0', 'hasninan61', 'anavidad', 'bijoyashvin', 'jinyinleo', 'zhter2', 'z5258436', 'sabuu57', 'z5353116', 'zuo', 'z5382647', 'hfilfish123', 'hanksee', 'atb85', 'yilang0424', 'biiigkwxx', 'z5291432', 'dliang42', 'xyl983915913', 'zachary.kembrey', '19971106.ma', 'chaithramahalingappa', 'bryan49235938', 'zelinhao', 'yang342796', 'zhiyusong001', 'zhishangs', 'tony1105', 'zanhui.fan', 'ensarvahapoglu', 'usamasrao', 'thuanuong01', None, 'z5235736', 'yufeitonyxing', 'felixjiang666', 'johnhtdo', 'huangzhen', 'larghetto', 'jman14668', 'jaspersun', 'lgh829']"
16,298,49,9,7,"['code0098', 'gansuyi', 'yixiang', 'zelinhao', 'zhiyusong001', '0iverson0', 'jinyinleo']",41,"['ez164', 'rakesh_adusumilli', 'matt12138', 'ethana1', 'kaiunsw', 'anmolyadav0106', 'hasninan61', 'anavidad', 'bijoyashvin', 'zhter2', 'z5258436', 'sabuu57', 'z5353116', 'zuo', 'z5382647', 'hfilfish123', 'hanksee', 'atb85', 'yilang0424', 'biiigkwxx', 'z5291432', 'dliang42', 'xyl983915913', 'zachary.kembrey', '19971106.ma', 'bryan49235938', 'yang342796', 'zhishangs', 'tony1105', 'zanhui.fan', 'usamasrao', 'thuanuong01', 'z5235736', 'yufeitonyxing', 'felixjiang666', 'johnhtdo', 'huangzhen', 'larghetto', 'jman14668', 'jaspersun', 'lgh829']",2,"[None, 'yang31']",50,"['ez164', 'code0098', 'gansuyi', 'rakesh_adusumilli', 'yixiang', 'matt12138', 'ethana1', 'kaiunsw', 'anmolyadav0106', '0iverson0', 'hasninan61', 'anavidad', 'bijoyashvin', 'jinyinleo', 'zhter2', 'z5258436', 'sabuu57', 'z5353116', 'zuo', 'z5382647', 'hfilfish123', 'hanksee', 'atb85', 'yilang0424', 'biiigkwxx', 'z5291432', 'dliang42', 'xyl983915913', 'zachary.kembrey', '19971106.ma', 'yang31', 'bryan49235938', 'zelinhao', 'yang342796', 'zhiyusong001', 'zhishangs', 'tony1105', 'zanhui.fan', 'usamasrao', 'thuanuong01', None, 'z5235736', 'yufeitonyxing', 'felixjiang666', 'johnhtdo', 'huangzhen', 'larghetto', 'jman14668', 'jaspersun', 'lgh829']"
16,444,49,9,7,"['ez164', 'dliang42', 'z5258436', 'johnhtdo', 'zachary.kembrey', 'ethana1', 'tony1105']",41,"['code0098', 'gansuyi', 'rakesh_adusumilli', 'yixiang', 'matt12138', 'kaiunsw', 'anmolyadav0106', '0iverson0', 'hasninan61', 'anavidad', 'bijoyashvin', 'jinyinleo', 'zhter2', 'sabuu57', 'z5353116', 'zuo', 'z5382647', 'hfilfish123', 'hanksee', 'atb85', 'yilang0424', 'biiigkwxx', 'z5291432', 'xyl983915913', '19971106.ma', 'bryan49235938', 'zelinhao', 'yang342796', 'zhiyusong001', 'zhishangs', 'zanhui.fan', 'usamasrao', 'thuanuong01', 'z5235736', 'yufeitonyxing', 'felixjiang666', 'huangzhen', 'larghetto', 'jman14668', 'jaspersun', 'lgh829']",2,"[None, 'emarial82']",50,"['ez164', 'code0098', 'gansuyi', 'rakesh_adusumilli', 'yixiang', 'matt12138', 'ethana1', 'kaiunsw', 'anmolyadav0106', '0iverson0', 'hasninan61', 'anavidad', 'bijoyashvin', 'jinyinleo', 'emarial82', 'zhter2', 'z5258436', 'sabuu57', 'z5353116', 'zuo', 'z5382647', 'hfilfish123', 'hanksee', 'atb85', 'yilang0424', 'biiigkwxx', 'z5291432', 'dliang42', 'xyl983915913', 'zachary.kembrey', '19971106.ma', 'bryan49235938', 'zelinhao', 'yang342796', 'zhiyusong001', 'zhishangs', 'tony1105', 'zanhui.fan', 'usamasrao', 'thuanuong01', None, 'z5235736', 'yufeitonyxing', 'felixjiang666', 'johnhtdo', 'huangzhen', 'larghetto', 'jman14668', 'jaspersun', 'lgh829']"
16,18,49,8,7,"['code0098', 'gansuyi', 'yixiang', 'zhishangs', 'zhiyusong001', 'zanhui.fan', 'jinyinleo']",41,"['ez164', 'rakesh_adusumilli', 'matt12138', 'ethana1', 'kaiunsw', 'anmolyadav0106', '0iverson0', 'hasninan61', 'anavidad', 'bijoyashvin', 'zhter2', 'z5258436', 'sabuu57', 'z5353116', 'zuo', 'z5382647', 'hfilfish123', 'hanksee', 'atb85', 'yilang0424', 'biiigkwxx', 'z5291432', 'dliang42', 'xyl983915913', 'zachary.kembrey', '19971106.ma', 'bryan49235938', 'zelinhao', 'yang342796', 'tony1105', 'usamasrao', 'thuanuong01', 'z5235736', 'yufeitonyxing', 'felixjiang666', 'johnhtdo', 'huangzhen', 'larghetto', 'jman14668', 'jaspersun', 'lgh829']",1,[None],49,"['ez164', 'code0098', 'gansuyi', 'rakesh_adusumilli', 'yixiang', 'matt12138', 'ethana1', 'kaiunsw', 'anmolyadav0106', '0iverson0', 'hasninan61', 'anavidad', 'bijoyashvin', 'jinyinleo', 'zhter2', 'z5258436', 'sabuu57', 'z5353116', 'zuo', 'z5382647', 'hfilfish123', 'hanksee', 'atb85', 'yilang0424', 'biiigkwxx', 'z5291432', 'dliang42', 'xyl983915913', 'zachary.kembrey', '19971106.ma', 'bryan49235938', 'zelinhao', 'yang342796', 'zhiyusong001', 'zhishangs', 'tony1105', 'zanhui.fan', 'usamasrao', 'thuanuong01', None, 'z5235736', 'yufeitonyxing', 'felixjiang666', 'johnhtdo', 'huangzhen', 'larghetto', 'jman14668', 'jaspersun', 'lgh829']"
16,92,49,8,7,"['code0098', 'gansuyi', 'matt12138', 'zelinhao', 'zhiyusong001', '0iverson0', 'jinyinleo']",41,"['ez164', 'rakesh_adusumilli', 'yixiang', 'ethana1', 'kaiunsw', 'anmolyadav0106', 'hasninan61', 'anavidad', 'bijoyashvin', 'zhter2', 'z5258436', 'sabuu57', 'z5353116', 'zuo', 'z5382647', 'hfilfish123', 'hanksee', 'atb85', 'yilang0424', 'biiigkwxx', 'z5291432', 'dliang42', 'xyl983915913', 'zachary.kembrey', '19971106.ma', 'bryan49235938', 'yang342796', 'zhishangs', 'tony1105', 'zanhui.fan', 'usamasrao', 'thuanuong01', 'z5235736', 'yufeitonyxing', 'felixjiang666', 'johnhtdo', 'huangzhen', 'larghetto', 'jman14668', 'jaspersun', 'lgh829']",1,[None],49,"['ez164', 'code0098', 'gansuyi', 'rakesh_adusumilli', 'yixiang', 'matt12138', 'ethana1', 'kaiunsw', 'anmolyadav0106', '0iverson0', 'hasninan61', 'anavidad', 'bijoyashvin', 'jinyinleo', 'zhter2', 'z5258436', 'sabuu57', 'z5353116', 'zuo', 'z5382647', 'hfilfish123', 'hanksee', 'atb85', 'yilang0424', 'biiigkwxx', 'z5291432', 'dliang42', 'xyl983915913', 'zachary.kembrey', '19971106.ma', 'bryan49235938', 'zelinhao', 'yang342796', 'zhiyusong001', 'zhishangs', 'tony1105', 'zanhui.fan', 'usamasrao', 'thuanuong01', None, 'z5235736', 'yufeitonyxing', 'felixjiang666', 'johnhtdo', 'huangzhen', 'larghetto', 'jman14668', 'jaspersun', 'lgh829']"
16,297,49,8,2,"['kaiunsw', '19971106.ma']",46,"['ez164', 'code0098', 'gansuyi', 'rakesh_adusumilli', 'yixiang', 'matt12138', 'ethana1', 'anmolyadav0106', '0iverson0', 'hasninan61', 'anavidad', 'bijoyashvin', 'jinyinleo', 'zhter2', 'z5258436', 'sabuu57', 'z5353116', 'zuo', 'z5382647', 'hfilfish123', 'hanksee', 'atb85', 'yilang0424', 'biiigkwxx', 'z5291432', 'dliang42', 'xyl983915913', 'zachary.kembrey', 'bryan49235938', 'zelinhao', 'yang342796', 'zhiyusong001', 'zhishangs', 'tony1105', 'zanhui.fan', 'usamasrao', 'thuanuong01', 'z5235736', 'yufeitonyxing', 'felixjiang666', 'johnhtdo', 'huangzhen', 'larghetto', 'jman14668', 'jaspersun', 'lgh829']",6,"['thuan_truong', 'jsolano', 'jaysolano', 'janson1229', 'kemafor889261616', None]",54,"['ez164', 'code0098', 'gansuyi', 'rakesh_adusumilli', 'yixiang', 'matt12138', 'ethana1', 'kaiunsw', 'anmolyadav0106', '0iverson0', 'hasninan61', 'anavidad', 'bijoyashvin', 'jinyinleo', 'zhter2', 'z5258436', 'sabuu57', 'z5353116', 'zuo', 'jsolano', 'z5382647', 'hfilfish123', 'hanksee', 'atb85', 'yilang0424', 'biiigkwxx', 'z5291432', 'dliang42', 'xyl983915913', 'zachary.kembrey', '19971106.ma', 'bryan49235938', 'zelinhao', 'yang342796', 'zhiyusong001', 'zhishangs', 'jaysolano', 'tony1105', 'zanhui.fan', 'janson1229', 'usamasrao', 'thuanuong01', None, 'z5235736', 'thuan_truong', 'yufeitonyxing', 'felixjiang666', 'johnhtdo', 'huangzhen', 'larghetto', 'jman14668', 'jaspersun', 'kemafor889261616', 'lgh829']"
16,445,49,8,6,"['xyl983915913', '19971106.ma', 'jaspersun', 'hfilfish123', 'yilang0424', 'lgh829']",42,"['ez164', 'code0098', 'gansuyi', 'rakesh_adusumilli', 'yixiang', 'matt12138', 'ethana1', 'kaiunsw', 'anmolyadav0106', '0iverson0', 'hasninan61', 'anavidad', 'bijoyashvin', 'jinyinleo', 'zhter2', 'z5258436', 'sabuu57', 'z5353116', 'zuo', 'z5382647', 'hanksee', 'atb85', 'biiigkwxx', 'z5291432', 'dliang42', 'zachary.kembrey', 'bryan49235938', 'zelinhao', 'yang342796', 'zhiyusong001', 'zhishangs', 'tony1105', 'zanhui.fan', 'usamasrao', 'thuanuong01', 'z5235736', 'yufeitonyxing', 'felixjiang666', 'johnhtdo', 'huangzhen', 'larghetto', 'jman14668']",2,"['ih8faaan', None]",50,"['ez164', 'code0098', 'gansuyi', 'rakesh_adusumilli', 'yixiang', 'matt12138', 'ethana1', 'kaiunsw', 'anmolyadav0106', '0iverson0', 'hasninan61', 'anavidad', 'bijoyashvin', 'jinyinleo', 'zhter2', 'z5258436', 'sabuu57', 'z5353116', 'zuo', 'ih8faaan', 'z5382647', 'hfilfish123', 'hanksee', 'atb85', 'yilang0424', 'biiigkwxx', 'z5291432', 'dliang42', 'xyl983915913', 'zachary.kembrey', '19971106.ma', 'bryan49235938', 'zelinhao', 'yang342796', 'zhiyusong001', 'zhishangs', 'tony1105', 'zanhui.fan', 'usamasrao', 'thuanuong01', None, 'z5235736', 'yufeitonyxing', 'felixjiang666', 'johnhtdo', 'huangzhen', 'larghetto', 'jman14668', 'jaspersun', 'lgh829']"
16,19,49,7,4,"['ez164', 'z5258436', 'zachary.kembrey', 'zhiyusong001']",44,"['code0098', 'gansuyi', 'rakesh_adusumilli', 'yixiang', 'matt12138', 'ethana1', 'kaiunsw', 'anmolyadav0106', '0iverson0', 'hasninan61', 'anavidad', 'bijoyashvin', 'jinyinleo', 'zhter2', 'sabuu57', 'z5353116', 'zuo', 'z5382647', 'hfilfish123', 'hanksee', 'atb85', 'yilang0424', 'biiigkwxx', 'z5291432', 'dliang42', 'xyl983915913', '19971106.ma', 'bryan49235938', 'zelinhao', 'yang342796', 'zhishangs', 'tony1105', 'zanhui.fan', 'usamasrao', 'thuanuong01', 'z5235736', 'yufeitonyxing', 'felixjiang666', 'johnhtdo', 'huangzhen', 'larghetto', 'jman14668', 'jaspersun', 'lgh829']",3,"[None, 'ensarvahapoglu', 'emarial82']",51,"['ez164', 'code0098', 'gansuyi', 'rakesh_adusumilli', 'yixiang', 'matt12138', 'ethana1', 'kaiunsw', 'anmolyadav0106', '0iverson0', 'hasninan61', 'anavidad', 'bijoyashvin', 'jinyinleo', 'emarial82', 'zhter2', 'z5258436', 'sabuu57', 'z5353116', 'zuo', 'z5382647', 'hfilfish123', 'hanksee', 'atb85', 'yilang0424', 'biiigkwxx', 'z5291432', 'dliang42', 'xyl983915913', 'zachary.kembrey', '19971106.ma', 'bryan49235938', 'zelinhao', 'yang342796', 'zhiyusong001', 'zhishangs', 'tony1105', 'zanhui.fan', 'ensarvahapoglu', 'usamasrao', 'thuanuong01', None, 'z5235736', 'yufeitonyxing', 'felixjiang666', 'johnhtdo', 'huangzhen', 'larghetto', 'jman14668', 'jaspersun', 'lgh829']"
16,20,49,7,1,['anmolyadav0106'],47,"['ez164', 'code0098', 'gansuyi', 'rakesh_adusumilli', 'yixiang', 'matt12138', 'ethana1', 'kaiunsw', '0iverson0', 'hasninan61', 'anavidad', 'bijoyashvin', 'jinyinleo', 'zhter2', 'z5258436', 'sabuu57', 'z5353116', 'zuo', 'z5382647', 'hfilfish123', 'hanksee', 'atb85', 'yilang0424', 'biiigkwxx', 'z5291432', 'dliang42', 'xyl983915913', 'zachary.kembrey', '19971106.ma', 'bryan49235938', 'zelinhao', 'yang342796', 'zhiyusong001', 'zhishangs', 'tony1105', 'zanhui.fan', 'usamasrao', 'thuanuong01', 'z5235736', 'yufeitonyxing', 'felixjiang666', 'johnhtdo', 'huangzhen', 'larghetto', 'jman14668', 'jaspersun', 'lgh829']",6,"['rashmijalal19', 'aryansingh', 'sara34', 'prashant1010', None, 'nidhikpg2001']",54,"['ez164', 'code0098', 'gansuyi', 'rakesh_adusumilli', 'yixiang', 'matt12138', 'ethana1', 'kaiunsw', 'anmolyadav0106', '0iverson0', 'hasninan61', 'anavidad', 'bijoyashvin', 'jinyinleo', 'zhter2', 'z5258436', 'sabuu57', 'z5353116', 'zuo', 'z5382647', 'hfilfish123', 'hanksee', 'atb85', 'yilang0424', 'biiigkwxx', 'z5291432', 'dliang42', 'xyl983915913', 'zachary.kembrey', '19971106.ma', 'bryan49235938', 'zelinhao', 'yang342796', 'aryansingh', 'zhiyusong001', 'zhishangs', 'tony1105', 'zanhui.fan', 'usamasrao', 'sara34', 'thuanuong01', None, 'z5235736', 'yufeitonyxing', 'felixjiang666', 'johnhtdo', 'rashmijalal19', 'huangzhen', 'larghetto', 'jman14668', 'jaspersun', 'prashant1010', 'lgh829', 'nidhikpg2001']"
16,93,49,7,6,"['19971106.ma', 'kaiunsw', 'jaspersun', 'hfilfish123', 'yilang0424', 'xyl983915913']",42,"['ez164', 'code0098', 'gansuyi', 'rakesh_adusumilli', 'yixiang', 'matt12138', 'ethana1', 'anmolyadav0106', '0iverson0', 'hasninan61', 'anavidad', 'bijoyashvin', 'jinyinleo', 'zhter2', 'z5258436', 'sabuu57', 'z5353116', 'zuo', 'z5382647', 'hanksee', 'atb85', 'biiigkwxx', 'z5291432', 'dliang42', 'zachary.kembrey', 'bryan49235938', 'zelinhao', 'yang342796', 'zhiyusong001', 'zhishangs', 'tony1105', 'zanhui.fan', 'usamasrao', 'thuanuong01', 'z5235736', 'yufeitonyxing', 'felixjiang666', 'johnhtdo', 'huangzhen', 'larghetto', 'jman14668', 'lgh829']",1,[None],49,"['ez164', 'code0098', 'gansuyi', 'rakesh_adusumilli', 'yixiang', 'matt12138', 'ethana1', 'kaiunsw', 'anmolyadav0106', '0iverson0', 'hasninan61', 'anavidad', 'bijoyashvin', 'jinyinleo', 'zhter2', 'z5258436', 'sabuu57', 'z5353116', 'zuo', 'z5382647', 'hfilfish123', 'hanksee', 'atb85', 'yilang0424', 'biiigkwxx', 'z5291432', 'dliang42', 'xyl983915913', 'zachary.kembrey', '19971106.ma', 'bryan49235938', 'zelinhao', 'yang342796', 'zhiyusong001', 'zhishangs', 'tony1105', 'zanhui.fan', 'usamasrao', 'thuanuong01', None, 'z5235736', 'yufeitonyxing', 'felixjiang666', 'johnhtdo', 'huangzhen', 'larghetto', 'jman14668', 'jaspersun', 'lgh829']"
16,299,49,7,5,"['dliang42', 'z5258436', 'zachary.kembrey', 'ethana1', 'anavidad']",43,"['ez164', 'code0098', 'gansuyi', 'rakesh_adusumilli', 'yixiang', 'matt12138', 'kaiunsw', 'anmolyadav0106', '0iverson0', 'hasninan61', 'bijoyashvin', 'jinyinleo', 'zhter2', 'sabuu57', 'z5353116', 'zuo', 'z5382647', 'hfilfish123', 'hanksee', 'atb85', 'yilang0424', 'biiigkwxx', 'z5291432', 'xyl983915913', '19971106.ma', 'bryan49235938', 'zelinhao', 'yang342796', 'zhiyusong001', 'zhishangs', 'tony1105', 'zanhui.fan', 'usamasrao', 'thuanuong01', 'z5235736', 'yufeitonyxing', 'felixjiang666', 'johnhtdo', 'huangzhen', 'larghetto', 'jman14668', 'jaspersun', 'lgh829']",2,"[None, 'ensarvahapoglu']",50,"['ez164', 'code0098', 'gansuyi', 'rakesh_adusumilli', 'yixiang', 'matt12138', 'ethana1', 'kaiunsw', 'anmolyadav0106', '0iverson0', 'hasninan61', 'anavidad', 'bijoyashvin', 'jinyinleo', 'zhter2', 'z5258436', 'sabuu57', 'z5353116', 'zuo', 'z5382647', 'hfilfish123', 'hanksee', 'atb85', 'yilang0424', 'biiigkwxx', 'z5291432', 'dliang42', 'xyl983915913', 'zachary.kembrey', '19971106.ma', 'bryan49235938', 'zelinhao', 'yang342796', 'zhiyusong001', 'zhishangs', 'tony1105', 'zanhui.fan', 'ensarvahapoglu', 'usamasrao', 'thuanuong01', None, 'z5235736', 'yufeitonyxing', 'felixjiang666', 'johnhtdo', 'huangzhen', 'larghetto', 'jman14668', 'jaspersun', 'lgh829']"
17,74,48,51,44,"['jaridcohen', 'luiscostoya', 'leemitchelluf22', 'allysonkindel', 'hamadeh.abdullah', 'iperlmutter', 'slouima', 'ryansimoneau', 'polina.leger', 'patrick.garrett', 'cole.prospero', 'faithfreeman', 'zackheiny', 'cadames', 'kian.friden', 'andrew.cannon', 'jschubeck', 'chemix.cccc', 'kburstiner', 'danielraynor', 'stefenlagos', 'em.olsson', 'kristamarrocco', 't.wagoner', 'chloe.petrosino', 'ereussow', 'cameronthomas', 'ramosdiego', 'jvillena1', 't.edwards', 'sabrina.bernal', 'sophia.rossi', 'alyssacaples', 'brookheyd', 'luiscedeno99', 'abigail.bryant', 'alonsorabits', 'h.friedman', 'cosmo.hopkins', 'david.moore1', 'listro.matthew', 'ryan.james', 'ctaleno', 'adirocco']",3,"['trustinwhite', 'robert.reed', 'nchowdary']",7,"['gi.decastropedro', 'ldalcomune', 'tgrinspan', 'd.matias', 'tlt.camille.a', 'jonathan.medina', None]",54,"['polina.leger', 'patrick.garrett', 'cole.prospero', 'zackheiny', 'trustinwhite', 'chemix.cccc', 'kburstiner', 'stefenlagos', 't.wagoner', 'gi.decastropedro', 'tgrinspan', 'sabrina.bernal', 'alyssacaples', 'luiscedeno99', 'abigail.bryant', 'nchowdary', 'david.moore1', 'robert.reed', 'listro.matthew', 'ryan.james', 'ctaleno', 'jaridcohen', 'luiscostoya', 'leemitchelluf22', 'allysonkindel', 'hamadeh.abdullah', 'iperlmutter', 'slouima', 'ryansimoneau', 'd.matias', 'faithfreeman', 'cadames', 'kian.friden', 'andrew.cannon', 'ldalcomune', 'jschubeck', 'danielraynor', 'em.olsson', 'jonathan.medina', 'kristamarrocco', 'chloe.petrosino', 'ereussow', 'cameronthomas', 'ramosdiego', 'tlt.camille.a', 't.edwards', 'sophia.rossi', None, 'brookheyd', 'alonsorabits', 'h.friedman', 'cosmo.hopkins', 'jvillena1', 'adirocco']"
17,285,48,49,44,"['jaridcohen', 'luiscostoya', 'leemitchelluf22', 'allysonkindel', 'hamadeh.abdullah', 'iperlmutter', 'ryansimoneau', 'polina.leger', 'patrick.garrett', 'cole.prospero', 'faithfreeman', 'zackheiny', 'cadames', 'kian.friden', 'andrew.cannon', 'jschubeck', 'chemix.cccc', 'kburstiner', 'danielraynor', 'stefenlagos', 'em.olsson', 'kristamarrocco', 't.wagoner', 'chloe.petrosino', 'ereussow', 'cameronthomas', 'ramosdiego', 'jvillena1', 't.edwards', 'sabrina.bernal', 'sophia.rossi', 'alyssacaples', 'brookheyd', 'luiscedeno99', 'abigail.bryant', 'nchowdary', 'alonsorabits', 'h.friedman', 'cosmo.hopkins', 'david.moore1', 'listro.matthew', 'ryan.james', 'ctaleno', 'adirocco']",3,"['trustinwhite', 'robert.reed', 'slouima']",5,"['gi.decastropedro', 'abdulquadriabiru', 'le.jenna', 'jonathan.medina', None]",52,"['polina.leger', 'patrick.garrett', 'cole.prospero', 'zackheiny', 'trustinwhite', 'chemix.cccc', 'kburstiner', 'stefenlagos', 't.wagoner', 'gi.decastropedro', 'sabrina.bernal', 'alyssacaples', 'luiscedeno99', 'abigail.bryant', 'nchowdary', 'david.moore1', 'robert.reed', 'listro.matthew', 'ryan.james', 'ctaleno', 'jaridcohen', 'luiscostoya', 'leemitchelluf22', 'allysonkindel', 'hamadeh.abdullah', 'iperlmutter', 'slouima', 'ryansimoneau', 'faithfreeman', 'cadames', 'kian.friden', 'andrew.cannon', 'jschubeck', 'abdulquadriabiru', 'danielraynor', 'em.olsson', 'jonathan.medina', 'kristamarrocco', 'chloe.petrosino', 'ereussow', 'cameronthomas', 'ramosdiego', 't.edwards', 'le.jenna', 'sophia.rossi', None, 'brookheyd', 'alonsorabits', 'h.friedman', 'cosmo.hopkins', 'jvillena1', 'adirocco']"
17,476,48,49,45,"['jaridcohen', 'luiscostoya', 'leemitchelluf22', 'allysonkindel', 'hamadeh.abdullah', 'iperlmutter', 'slouima', 'ryansimoneau', 'polina.leger', 'patrick.garrett', 'cole.prospero', 'faithfreeman', 'zackheiny', 'cadames', 'trustinwhite', 'kian.friden', 'andrew.cannon', 'jschubeck', 'chemix.cccc', 'kburstiner', 'danielraynor', 'stefenlagos', 'em.olsson', 'kristamarrocco', 't.wagoner', 'chloe.petrosino', 'ereussow', 'cameronthomas', 'jvillena1', 't.edwards', 'sabrina.bernal', 'sophia.rossi', 'alyssacaples', 'brookheyd', 'luiscedeno99', 'abigail.bryant', 'nchowdary', 'alonsorabits', 'h.friedman', 'cosmo.hopkins', 'david.moore1', 'listro.matthew', 'ryan.james', 'ctaleno', 'adirocco']",2,"['robert.reed', 'ramosdiego']",4,"['d.matias', 'jonathan.medina', None, 'gi.decastropedro']",51,"['polina.leger', 'patrick.garrett', 'cole.prospero', 'zackheiny', 'trustinwhite', 'chemix.cccc', 'kburstiner', 'stefenlagos', 't.wagoner', 'gi.decastropedro', 'sabrina.bernal', 'alyssacaples', 'luiscedeno99', 'abigail.bryant', 'nchowdary', 'david.moore1', 'robert.reed', 'listro.matthew', 'ryan.james', 'ctaleno', 'jaridcohen', 'luiscostoya', 'leemitchelluf22', 'allysonkindel', 'hamadeh.abdullah', 'iperlmutter', 'slouima', 'ryansimoneau', 'd.matias', 'faithfreeman', 'cadames', 'kian.friden', 'andrew.cannon', 'jschubeck', 'danielraynor', 'em.olsson', 'jonathan.medina', 'kristamarrocco', 'chloe.petrosino', 'ereussow', 'cameronthomas', 'ramosdiego', 't.edwards', 'sophia.rossi', None, 'brookheyd', 'alonsorabits', 'h.friedman', 'cosmo.hopkins', 'jvillena1', 'adirocco']"
17,535,48,22,2,"['zackheiny', 'cameronthomas']",45,"['jaridcohen', 'luiscostoya', 'leemitchelluf22', 'allysonkindel', 'hamadeh.abdullah', 'iperlmutter', 'slouima', 'ryansimoneau', 'polina.leger', 'patrick.garrett', 'cole.prospero', 'faithfreeman', 'cadames', 'trustinwhite', 'kian.friden', 'andrew.cannon', 'jschubeck', 'chemix.cccc', 'kburstiner', 'danielraynor', 'stefenlagos', 'em.olsson', 'kristamarrocco', 't.wagoner', 'chloe.petrosino', 'ereussow', 'ramosdiego', 'jvillena1', 't.edwards', 'sabrina.bernal', 'sophia.rossi', 'alyssacaples', 'brookheyd', 'luiscedeno99', 'abigail.bryant', 'nchowdary', 'alonsorabits', 'h.friedman', 'cosmo.hopkins', 'david.moore1', 'robert.reed', 'listro.matthew', 'ryan.james', 'ctaleno', 'adirocco']",20,"['brantnorris', 'josephmadden', 'fzwake', 'john.true15', 'hkirkland', 'cwoodahl', 'josephmadden21', 'mmoore4', 'guoj', 'jakebursk', 'leonidas.lavdas', 'jasongibson', 'colebarker', 'aaronchang1999', None, 'nsileo', 'michaelkim', 'zhangjinjian', 'pniraula', 'cameron.anderson']",67,"['jaridcohen', 'luiscostoya', 'brantnorris', 'leemitchelluf22', 'josephmadden', 'allysonkindel', 'hamadeh.abdullah', 'fzwake', 'iperlmutter', 'slouima', 'ryansimoneau', 'ryan.james', 'john.true15', 'polina.leger', 'patrick.garrett', 'hkirkland', 'cwoodahl', 'cole.prospero', 'josephmadden21', 'mmoore4', 'faithfreeman', 'zackheiny', 'guoj', 'cadames', 'trustinwhite', 'kian.friden', 'andrew.cannon', 'jschubeck', 'chemix.cccc', 'kburstiner', 'stefenlagos', 'jakebursk', 'em.olsson', 'kristamarrocco', 't.wagoner', 'leonidas.lavdas', 'chloe.petrosino', 'jasongibson', 'pniraula', 'cameron.anderson', 'ereussow', 'cameronthomas', 'ramosdiego', 'colebarker', 't.edwards', 'aaronchang1999', 'sabrina.bernal', 'sophia.rossi', 'alyssacaples', None, 'brookheyd', 'nsileo', 'luiscedeno99', 'adirocco', 'abigail.bryant', 'nchowdary', 'alonsorabits', 'h.friedman', 'cosmo.hopkins', 'david.moore1', 'robert.reed', 'listro.matthew', 'zhangjinjian', 'michaelkim', 'jvillena1', 'ctaleno', 'danielraynor']"
17,477,48,7,5,"['luiscostoya', 'jvillena1', 'ctaleno', 'cole.prospero', 'brookheyd']",42,"['jaridcohen', 'leemitchelluf22', 'allysonkindel', 'hamadeh.abdullah', 'iperlmutter', 'slouima', 'ryansimoneau', 'ryan.james', 'polina.leger', 'patrick.garrett', 'faithfreeman', 'zackheiny', 'cadames', 'trustinwhite', 'kian.friden', 'andrew.cannon', 'jschubeck', 'chemix.cccc', 'kburstiner', 'stefenlagos', 'em.olsson', 'kristamarrocco', 't.wagoner', 'chloe.petrosino', 'ereussow', 'cameronthomas', 'ramosdiego', 't.edwards', 'sabrina.bernal', 'sophia.rossi', 'alyssacaples', 'luiscedeno99', 'adirocco', 'abigail.bryant', 'nchowdary', 'alonsorabits', 'h.friedman', 'cosmo.hopkins', 'david.moore1', 'robert.reed', 'listro.matthew', 'danielraynor']",2,"['abdulquadriabiru', None]",49,"['jaridcohen', 'luiscostoya', 'leemitchelluf22', 'allysonkindel', 'hamadeh.abdullah', 'iperlmutter', 'slouima', 'ryansimoneau', 'ryan.james', 'polina.leger', 'patrick.garrett', 'cole.prospero', 'faithfreeman', 'zackheiny', 'cadames', 'trustinwhite', 'kian.friden', 'andrew.cannon', 'jschubeck', 'abdulquadriabiru', 'chemix.cccc', 'kburstiner', 'stefenlagos', 'em.olsson', 'kristamarrocco', 't.wagoner', 'chloe.petrosino', 'ereussow', 'cameronthomas', 'ramosdiego', 't.edwards', 'sabrina.bernal', 'sophia.rossi', 'alyssacaples', None, 'brookheyd', 'luiscedeno99', 'adirocco', 'abigail.bryant', 'nchowdary', 'alonsorabits', 'h.friedman', 'cosmo.hopkins', 'david.moore1', 'robert.reed', 'listro.matthew', 'jvillena1', 'ctaleno', 'danielraynor']"
18,286,47,32,31,"['ghanim99', 'nour36682', 'hassanalmeirza', 'hayaalmezal36499', 'sal_manq8', 'abdulrahman12333221', 'galibrahim', 'dashti27', 'zainabhm5499', 'halimaalmutairi', 'alkhabbaz97', 'tarafsalhadlani', 'alaradiishahad', 'wasayyef', 'meem64', 'joelrifkin911', 'fatemahxxx', 'danaalarbeed_', 'jumanah37946', 'wadhaaaaa', 'bilelneji', 'nadia65', 'reemalsafi', 'badra.taqi', 'enginiring1', 'abdullah.s.karar', 'alfailakawii', 'talalaltemimi', 'naseralanezi99', 'zainab9', 'sarahalmutairi']",15,"['ussmannmasood', 'hagerss11993', 'fajnaa4709', 'asmaaalisharaf', 'ahmedyehia97', 'sohaib1798', 'omsara20202020', 'pudurvenugopal0', 'electrotech.team86', 'alanezinaser40430', 'marahaljjaber', 'mohammed3097', 'ghanemaahmed0', 'rawadhmdan', 'dablo']",1,[None],47,"['nour36682', 'hassanalmeirza', 'sal_manq8', 'ussmannmasood', 'hayaalmezal36499', 'fajnaa4709', 'abdulrahman12333221', 'alanezinaser40430', 'dashti27', 'zainabhm5499', 'halimaalmutairi', 'alkhabbaz97', 'wasayyef', 'asmaaalisharaf', 'dablo', 'joelrifkin911', 'ahmedyehia97', 'omsara20202020', 'jumanah37946', 'bilelneji', 'marahaljjaber', 'reemalsafi', 'pudurvenugopal0', 'abdullah.s.karar', 'alfailakawii', 'talalaltemimi', 'ghanemaahmed0', 'sarahalmutairi', 'rawadhmdan', 'ghanim99', 'hagerss11993', 'electrotech.team86', 'galibrahim', 'tarafsalhadlani', 'alaradiishahad', 'meem64', 'fatemahxxx', 'sohaib1798', 'danaalarbeed_', 'wadhaaaaa', 'nadia65', None, 'badra.taqi', 'enginiring1', 'mohammed3097', 'naseralanezi99', 'zainab9']"
19,10,46,47,21,"['hemachandar', 'ee20btech11051', 'mudavathrohith270702', 'ee20btech11025', 'ee20btech11016', 'ee20btech11032', 'ee20btech11030', 'rahhul.j17', 'utkarshdoshi13', 'ee20btech11009', 'ee20btech11001', 'dineshchandrabdc2', 'everesteverest381', 'ee20btech11049', 'ee20btech11059', 'ee20btech11035', 'ee20btech11056', 'ee20btech11033', 'ee20btech11043', 'ee20btech11034', 'chenchetyabhishek']",24,"['srinishdonthula', 'dntnwls0501', 'amgad.w.hamouda', 'ee20btech11020', 'hinsyu', 'ee20btech11037', 'turneraaronc', 'ee20btech11013', 'ee20btech11019', 'ee20btech11054', 'farrag52', 'ee20btech11018', 'ee20btech11058', 'ahmed.hassanen', 'sgu20181817', 'kodati.2', 'srikdhruv', 'romain.scaffidi', 'rabii3', 'sohny94', 'myeonu', 'yuseap1111', 'zparkwd', 'tpcks96']",26,"['ee20btech11028', 'ee20btech11047', 'ee20btech11004', 'ee20btech11038', 'ee20btech11039', 'ee20btech11040', 'ee20btech11042', 'tanmay07', 'ee20btech11031', 'ee20btech11046', 'nithish576s', 'ee20btech11023', 'hrushikesh007', 'karanreddy132', 'aaseesh', 'kmanojkumar', 'oves', 'pragna', None, 'yasaswini', 'ankur2003kumar', 'ee20btech11011', 'pranathi_007', 'aditsom7', 'atharv.ramesh2003', 'executioner']",71,"['hemachandar', 'ee20btech11004', 'dntnwls0501', 'ee20btech11038', 'ee20btech11051', 'ee20btech11039', 'ee20btech11020', 'ee20btech11016', 'ee20btech11031', 'rahhul.j17', 'ee20btech11013', 'ee20btech11009', 'ee20btech11019', 'dineshchandrabdc2', 'hrushikesh007', 'karanreddy132', 'ee20btech11059', 'ee20btech11058', 'ahmed.hassanen', 'aaseesh', 'srikdhruv', 'romain.scaffidi', 'ee20btech11035', 'oves', 'yasaswini', 'executioner', 'yuseap1111', 'zparkwd', 'tpcks96', 'ee20btech11028', 'ee20btech11047', 'srinishdonthula', 'amgad.w.hamouda', 'ee20btech11040', 'mudavathrohith270702', 'ee20btech11042', 'tanmay07', 'ee20btech11025', 'hinsyu', 'ee20btech11032', 'ee20btech11046', 'ee20btech11037', 'ee20btech11030', 'turneraaronc', 'nithish576s', 'ee20btech11023', 'utkarshdoshi13', 'ee20btech11001', 'ee20btech11054', 'everesteverest381', 'ee20btech11049', 'farrag52', 'ee20btech11018', 'sgu20181817', 'kmanojkumar', 'kodati.2', 'pragna', 'rabii3', 'sohny94', None, 'myeonu', 'ee20btech11056', 'ankur2003kumar', 'ee20btech11011', 'pranathi_007', 'ee20btech11033', 'aditsom7', 'ee20btech11043', 'atharv.ramesh2003', 'ee20btech11034', 'chenchetyabhishek']"
19,410,46,14,4,"['ee20btech11009', 'hemachandar', 'ee20btech11049', 'ee20btech11030']",41,"['srinishdonthula', 'dntnwls0501', 'ee20btech11051', 'amgad.w.hamouda', 'mudavathrohith270702', 'ee20btech11025', 'ee20btech11016', 'ee20btech11020', 'hinsyu', 'ee20btech11032', 'ee20btech11037', 'turneraaronc', 'rahhul.j17', 'utkarshdoshi13', 'ee20btech11013', 'ee20btech11019', 'ee20btech11001', 'dineshchandrabdc2', 'ee20btech11054', 'everesteverest381', 'ee20btech11059', 'farrag52', 'ee20btech11018', 'ee20btech11058', 'ahmed.hassanen', 'sgu20181817', 'kodati.2', 'srikdhruv', 'romain.scaffidi', 'rabii3', 'ee20btech11035', 'sohny94', 'myeonu', 'ee20btech11056', 'ee20btech11033', 'ee20btech11043', 'yuseap1111', 'ee20btech11034', 'chenchetyabhishek', 'zparkwd', 'tpcks96']",10,"['yasaswini', 'ee20btech11028', 'hrushikesh007', 'pranathi_007', 'ee20btech11038', 'ee20btech11046', 'ee20btech11039', 'ee20btech11023', 'pragna', None]",55,"['ee20btech11028', 'hemachandar', 'srinishdonthula', 'dntnwls0501', 'ee20btech11038', 'ee20btech11051', 'amgad.w.hamouda', 'ee20btech11039', 'mudavathrohith270702', 'ee20btech11020', 'ee20btech11016', 'ee20btech11025', 'hinsyu', 'ee20btech11032', 'ee20btech11046', 'ee20btech11037', 'ee20btech11030', 'turneraaronc', 'ee20btech11023', 'rahhul.j17', 'utkarshdoshi13', 'ee20btech11013', 'ee20btech11009', 'ee20btech11019', 'ee20btech11001', 'dineshchandrabdc2', 'ee20btech11054', 'everesteverest381', 'ee20btech11049', 'hrushikesh007', 'ee20btech11059', 'farrag52', 'ee20btech11018', 'ee20btech11058', 'ahmed.hassanen', 'sgu20181817', 'kodati.2', 'srikdhruv', 'romain.scaffidi', 'rabii3', 'ee20btech11035', 'pragna', 'sohny94', None, 'myeonu', 'ee20btech11056', 'yasaswini', 'pranathi_007', 'ee20btech11033', 'ee20btech11043', 'yuseap1111', 'ee20btech11034', 'chenchetyabhishek', 'zparkwd', 'tpcks96']"
19,11,46,10,3,"['ee20btech11058', 'ee20btech11019', 'ee20btech11013']",42,"['hemachandar', 'srinishdonthula', 'dntnwls0501', 'ee20btech11051', 'amgad.w.hamouda', 'mudavathrohith270702', 'ee20btech11020', 'ee20btech11016', 'ee20btech11025', 'hinsyu', 'ee20btech11032', 'ee20btech11037', 'ee20btech11030', 'turneraaronc', 'rahhul.j17', 'utkarshdoshi13', 'ee20btech11009', 'ee20btech11001', 'dineshchandrabdc2', 'ee20btech11054', 'everesteverest381', 'ee20btech11049', 'ee20btech11059', 'farrag52', 'ee20btech11018', 'ahmed.hassanen', 'sgu20181817', 'kodati.2', 'srikdhruv', 'romain.scaffidi', 'rabii3', 'ee20btech11035', 'sohny94', 'myeonu', 'ee20btech11056', 'ee20btech11033', 'ee20btech11043', 'yuseap1111', 'ee20btech11034', 'chenchetyabhishek', 'zparkwd', 'tpcks96']",7,"['bethapudikarthik128', 'shamithac', 'shameer2835', 'karanreddy132', 'sathvika', 'kmanojkumar', None]",52,"['hemachandar', 'srinishdonthula', 'dntnwls0501', 'ee20btech11051', 'amgad.w.hamouda', 'mudavathrohith270702', 'ee20btech11020', 'ee20btech11016', 'ee20btech11025', 'hinsyu', 'ee20btech11032', 'bethapudikarthik128', 'ee20btech11037', 'ee20btech11030', 'turneraaronc', 'sathvika', 'rahhul.j17', 'utkarshdoshi13', 'ee20btech11013', 'ee20btech11009', 'ee20btech11019', 'ee20btech11001', 'dineshchandrabdc2', 'ee20btech11054', 'everesteverest381', 'ee20btech11049', 'shamithac', 'karanreddy132', 'ee20btech11059', 'farrag52', 'ee20btech11018', 'ee20btech11058', 'ahmed.hassanen', 'sgu20181817', 'kmanojkumar', 'kodati.2', 'srikdhruv', 'romain.scaffidi', 'rabii3', 'ee20btech11035', 'sohny94', None, 'myeonu', 'ee20btech11056', 'shameer2835', 'ee20btech11033', 'ee20btech11043', 'yuseap1111', 'ee20btech11034', 'chenchetyabhishek', 'zparkwd', 'tpcks96']"
19,13,46,7,4,"['ee20btech11054', 'ee20btech11020', 'srikdhruv', 'ee20btech11018']",41,"['hemachandar', 'srinishdonthula', 'dntnwls0501', 'ee20btech11051', 'amgad.w.hamouda', 'mudavathrohith270702', 'ee20btech11016', 'ee20btech11025', 'hinsyu', 'ee20btech11032', 'ee20btech11037', 'ee20btech11030', 'turneraaronc', 'rahhul.j17', 'utkarshdoshi13', 'ee20btech11013', 'ee20btech11009', 'ee20btech11019', 'ee20btech11001', 'dineshchandrabdc2', 'everesteverest381', 'ee20btech11049', 'ee20btech11059', 'farrag52', 'ee20btech11058', 'ahmed.hassanen', 'sgu20181817', 'kodati.2', 'romain.scaffidi', 'rabii3', 'ee20btech11035', 'sohny94', 'myeonu', 'ee20btech11056', 'ee20btech11033', 'ee20btech11043', 'yuseap1111', 'ee20btech11034', 'chenchetyabhishek', 'zparkwd', 'tpcks96']",3,"['theresakarra', 'kunwarharsh248', None]",48,"['hemachandar', 'srinishdonthula', 'dntnwls0501', 'ee20btech11051', 'amgad.w.hamouda', 'mudavathrohith270702', 'ee20btech11020', 'ee20btech11016', 'ee20btech11025', 'hinsyu', 'ee20btech11032', 'ee20btech11037', 'ee20btech11030', 'turneraaronc', 'theresakarra', 'rahhul.j17', 'utkarshdoshi13', 'ee20btech11013', 'ee20btech11009', 'ee20btech11019', 'ee20btech11001', 'dineshchandrabdc2', 'ee20btech11054', 'everesteverest381', 'ee20btech11049', 'ee20btech11059', 'farrag52', 'ee20btech11018', 'ee20btech11058', 'ahmed.hassanen', 'kunwarharsh248', 'sgu20181817', 'kodati.2', 'srikdhruv', 'romain.scaffidi', 'rabii3', 'ee20btech11035', 'sohny94', None, 'myeonu', 'ee20btech11056', 'ee20btech11033', 'ee20btech11043', 'yuseap1111', 'ee20btech11034', 'chenchetyabhishek', 'zparkwd', 'tpcks96']"
19,9,46,6,2,"['yuseap1111', 'dntnwls0501']",43,"['hemachandar', 'srinishdonthula', 'ee20btech11051', 'amgad.w.hamouda', 'mudavathrohith270702', 'ee20btech11020', 'ee20btech11016', 'ee20btech11025', 'hinsyu', 'ee20btech11032', 'ee20btech11037', 'ee20btech11030', 'turneraaronc', 'rahhul.j17', 'utkarshdoshi13', 'ee20btech11013', 'ee20btech11009', 'ee20btech11019', 'ee20btech11001', 'dineshchandrabdc2', 'ee20btech11054', 'everesteverest381', 'ee20btech11049', 'ee20btech11059', 'farrag52', 'ee20btech11018', 'ee20btech11058', 'ahmed.hassanen', 'sgu20181817', 'kodati.2', 'srikdhruv', 'romain.scaffidi', 'rabii3', 'ee20btech11035', 'sohny94', 'myeonu', 'ee20btech11056', 'ee20btech11033', 'ee20btech11043', 'ee20btech11034', 'chenchetyabhishek', 'zparkwd', 'tpcks96']",4,"['jai20171549', 'bswbsj18', None, 'sgu20171579']",49,"['hemachandar', 'srinishdonthula', 'dntnwls0501', 'ee20btech11051', 'amgad.w.hamouda', 'mudavathrohith270702', 'ee20btech11020', 'ee20btech11016', 'ee20btech11025', 'hinsyu', 'ee20btech11032', 'ee20btech11037', 'ee20btech11030', 'turneraaronc', 'rahhul.j17', 'utkarshdoshi13', 'ee20btech11013', 'ee20btech11009', 'ee20btech11019', 'ee20btech11001', 'dineshchandrabdc2', 'ee20btech11054', 'everesteverest381', 'ee20btech11049', 'jai20171549', 'ee20btech11059', 'farrag52', 'ee20btech11018', 'ee20btech11058', 'ahmed.hassanen', 'sgu20181817', 'kodati.2', 'srikdhruv', 'romain.scaffidi', 'rabii3', 'ee20btech11035', 'sohny94', None, 'bswbsj18', 'myeonu', 'ee20btech11056', 'ee20btech11033', 'ee20btech11043', 'yuseap1111', 'ee20btech11034', 'sgu20171579', 'chenchetyabhishek', 'zparkwd', 'tpcks96']"
20,330,45,103,30,"['nss', 'wgraber', 'isaacwegner', 'rsoltis', 'erickst', 'mozlu', 'llem868737', 'sdt09', 'lin1121', 'thoma805', 'murph376', 'daniel.al.hagedorn', 'sanch207', 'cook323', 'npaulter', 'breigle08', 'sdumouli', 'shi522', 'doerr2', 'jstegner', 'will1912', 'rockytsaws', 'fangziqi325', 'sahajgoyal100', 'chen3826', 'aroychow', 'slazaroa', 'jamorant', 'carril14', 'kusk']",14,"['solomonjohnwon', 'bdurkee', 'akiofujita', 'tjgodse', 'clolah', 'dmk333', 'cartermh22', 'nsenehi', 'bdecore', 'hmcmilli', 'cadim', 'nikos77', 'zoutcalt', 'tran196']",73,"['iparraga', 'dbukows', 'djharrington19', 'dleontar', 'jone2081', 'mart1731', 'pkradas', 'rubenmendia', 'mframan', 'jharbers', 'isaiah.bap', 'msavchen', 'cdesser', 'jdamle', 'nvansal', 'ptrakarn', 'agrama64', 'ysethi', 'jpachol', 'meher311', 'little62', 'hanse145', 'young505', 'rccorahu', 'hyltonk', 'lalmeid', 'gjekel', 'rmascare', 'ekrizman01', 'malu', 'smit3520', 'taylorbaker914', 'avneesh123', 'nscanlon', 'mkosmerl', 'yuan274', 'pakhilesh2604', 'pandya11', 'madeleiney', 'jboos', 'bush75', 'nsherma', 'larkin9', 'moffatr', 'aedowney', 'liu2730', 'pierce95', 'amullic', 'rgodjali', 'bmathie', 'matthewos127', 'ponsot', 'cooperford', None, 'pate1016', 'jwang8', 'yujunhuang', 'ebowes', 'bai91', 'jiiihyeonnn', 'eschmit12', 'kabdelaz', 'ramos78', 'dgada', 'haynes45', 'chang745', 'patrickcooney17', 'wen101', 'jptruitt', 'adellemurph18', 'cobert', 'jain378', 'mahmoon']",117,"['iparraga', 'mart1731', 'jharbers', 'cartermh22', 'jdamle', 'cdesser', 'jpachol', 'nikos77', 'little62', 'hanse145', 'bdurkee', 'sdt09', 'lalmeid', 'lin1121', 'malu', 'taylorbaker914', 'cook323', 'moffatr', 'aedowney', 'tjgodse', 'pierce95', 'cadim', 'cooperford', 'hmcmilli', 'yujunhuang', 'ramos78', 'dgada', 'aroychow', 'jamorant', 'wen101', 'cobert', 'jain378', 'solomonjohnwon', 'djharrington19', 'msavchen', 'nvansal', 'erickst', 'mozlu', 'llem868737', 'hyltonk', 'gjekel', 'smit3520', 'avneesh123', 'bdecore', 'nscanlon', 'mkosmerl', 'daniel.al.hagedorn', 'sanch207', 'bush75', 'larkin9', 'liu2730', 'doerr2', 'ponsot', None, 'rockytsaws', 'eschmit12', 'clolah', 'chen3826', 'patrickcooney17', 'carril14', 'meher311', 'dleontar', 'jone2081', 'rubenmendia', 'isaiah.bap', 'ptrakarn', 'rsoltis', 'young505', 'murph376', 'yuan274', 'nsherma', 'amullic', 'npaulter', 'will1912', 'jwang8', 'ebowes', 'bai91', 'jiiihyeonnn', 'slazaroa', 'jptruitt', 'akiofujita', 'mahmoon', 'nss', 'dbukows', 'wgraber', 'pkradas', 'mframan', 'dmk333', 'agrama64', 'isaacwegner', 'ysethi', 'zoutcalt', 'tran196', 'rccorahu', 'rmascare', 'ekrizman01', 'pakhilesh2604', 'pandya11', 'thoma805', 'madeleiney', 'jboos', 'breigle08', 'rgodjali', 'sdumouli', 'bmathie', 'matthewos127', 'nsenehi', 'shi522', 'jstegner', 'pate1016', 'kabdelaz', 'fangziqi325', 'sahajgoyal100', 'haynes45', 'chang745', 'adellemurph18', 'kusk']"
20,331,45,21,5,"['bdurkee', 'tjgodse', 'clolah', 'cartermh22', 'hmcmilli']",39,"['nss', 'solomonjohnwon', 'wgraber', 'dmk333', 'isaacwegner', 'rsoltis', 'erickst', 'mozlu', 'nikos77', 'llem868737', 'zoutcalt', 'tran196', 'sdt09', 'lin1121', 'bdecore', 'thoma805', 'murph376', 'daniel.al.hagedorn', 'sanch207', 'cook323', 'npaulter', 'breigle08', 'sdumouli', 'nsenehi', 'shi522', 'doerr2', 'cadim', 'jstegner', 'will1912', 'rockytsaws', 'fangziqi325', 'sahajgoyal100', 'chen3826', 'aroychow', 'slazaroa', 'jamorant', 'carril14', 'akiofujita', 'kusk']",16,"['cfadel', 'tonywu123', 'ladd4', 'jascher', 'gsondge', 'jonate', 'graha165', 'agrama64', 'dobbins0', 'kamm', 'dshining', 'lee3541', 'wen101', 'jfinan', None, 'pate1016']",60,"['nss', 'solomonjohnwon', 'tonywu123', 'wgraber', 'graha165', 'dmk333', 'cartermh22', 'agrama64', 'isaacwegner', 'rsoltis', 'erickst', 'mozlu', 'kamm', 'nikos77', 'zoutcalt', 'llem868737', 'tran196', 'bdurkee', 'sdt09', 'lin1121', 'bdecore', 'thoma805', 'murph376', 'daniel.al.hagedorn', 'sanch207', 'jascher', 'cook323', 'gsondge', 'npaulter', 'tjgodse', 'breigle08', 'sdumouli', 'dshining', 'nsenehi', 'shi522', 'doerr2', 'cadim', 'jfinan', 'jstegner', 'will1912', None, 'hmcmilli', 'pate1016', 'cfadel', 'ladd4', 'rockytsaws', 'fangziqi325', 'sahajgoyal100', 'jonate', 'clolah', 'chen3826', 'aroychow', 'slazaroa', 'jamorant', 'carril14', 'wen101', 'lee3541', 'dobbins0', 'akiofujita', 'kusk']"
21,524,40,52,9,"['johnp99', 'haacevedore', 'dguerra2', 'cfbenitez', 'ediaz25', 'joshuachanez', 'jadorantes2', 'cafrayre', 'crysdbz.22']",30,"['atiqajameel2', '2020bme105', 'munawararshad3', '2020bme109', 'hanzlag_129', 'muhammadfaizan', 'fizzatariq114', 'muhammadbabar3114', '2020bme110', 'adnan12', 'syaar6461', '2020bme129', 'anumusman1419', '2020bme134', 'muhammadfaizanelahi2001', 'komalfatima116', 'armughan', 'abubakar3', 'muhammad_awais_jamil', 'abbaslaiba68', 'hey_talhaaa', 'faizahabib', 'barirasehar', 'syedzada12', 'isaverahanif', 'areebabutt1', '2020bme117', 'samrashakir271', 'saverahanif', '2020bme104']",43,"['jagarcia64', 'jmguillen', 'lperea3', 'eamartinez18', 'dacamachoor', 'dehodgson', 'coramirez', 'cassy5801', 'mlouloupide', 'aestrada19', 'ajuarezald', 'javaladezar', 'nalopez8', 'ezubiate2', 'dflores45', 'glam', 'dalvarado19', 'renemolina23', 'owood', 'daguilar17', 'camendoza12', 'jnava4', 'jjsilva', 'anajera7', 'dperezgonz', 'maortiz17', 'vgomez25', 'giopr720', 'magarza', 'eenriquez14', 'jalonso9', None, 'ogalindo', 'rcgarcia3', 'aacosta66', 'mtejada', 'jrmeraz1', 'aespinal', 'scobos4', 'ojchan', 'sanchez_kevin', 'rramirez57', 'mlara11']",82,"['dguerra2', 'jagarcia64', 'eamartinez18', 'joshuachanez', 'jadorantes2', 'dacamachoor', 'dehodgson', 'munawararshad3', '2020bme109', 'hanzlag_129', 'mlouloupide', 'aestrada19', 'ajuarezald', 'muhammadbabar3114', 'nalopez8', '2020bme110', 'glam', 'syaar6461', 'adnan12', 'owood', 'daguilar17', 'anumusman1419', '2020bme134', 'jnava4', 'jjsilva', 'muhammadfaizanelahi2001', 'komalfatima116', 'armughan', 'dperezgonz', 'maortiz17', 'eenriquez14', 'rcgarcia3', 'aacosta66', 'mtejada', 'jrmeraz1', 'aespinal', 'barirasehar', 'isaverahanif', 'ojchan', 'areebabutt1', 'crysdbz.22', 'sanchez_kevin', 'mlara11', '2020bme104', 'johnp99', 'atiqajameel2', 'rramirez57', 'jmguillen', '2020bme105', 'lperea3', 'coramirez', 'cassy5801', 'muhammadfaizan', 'javaladezar', 'fizzatariq114', 'ezubiate2', 'dflores45', 'dalvarado19', 'renemolina23', 'haacevedore', '2020bme129', 'camendoza12', 'cfbenitez', 'ediaz25', 'anajera7', 'cafrayre', 'vgomez25', 'abubakar3', 'giopr720', 'magarza', 'jalonso9', None, 'muhammad_awais_jamil', 'abbaslaiba68', 'ogalindo', 'hey_talhaaa', 'faizahabib', 'scobos4', 'syedzada12', '2020bme117', 'samrashakir271', 'saverahanif']"
21,105,40,33,7,"['johnp99', 'haacevedore', 'dguerra2', 'ediaz25', 'joshuachanez', 'cafrayre', 'crysdbz.22']",32,"['atiqajameel2', '2020bme105', 'jadorantes2', 'munawararshad3', '2020bme109', 'hanzlag_129', 'muhammadfaizan', 'fizzatariq114', 'muhammadbabar3114', '2020bme110', 'adnan12', 'syaar6461', '2020bme129', 'anumusman1419', '2020bme134', 'cfbenitez', 'muhammadfaizanelahi2001', 'komalfatima116', 'armughan', 'abubakar3', 'muhammad_awais_jamil', 'abbaslaiba68', 'hey_talhaaa', 'faizahabib', 'barirasehar', 'syedzada12', 'isaverahanif', 'areebabutt1', '2020bme117', 'samrashakir271', 'saverahanif', '2020bme104']",26,"['mttomlinson', 'jmguillen', 'coramirez', 'cassy5801', 'mlouloupide', 'isoto17', 'nalopez8', 'glam', 'renemolina23', 'jnava4', 'jjsilva', 'vgomez25', 'maortiz17', 'giopr720', 'magarza', 'jalonso9', None, 'eenriquez14', 'ogalindo', 'rcgarcia3', 'mtejada', 'jrmeraz1', 'scobos4', 'saad_7', 'sanchez_kevin', 'mlara11']",65,"['johnp99', 'atiqajameel2', 'mttomlinson', 'dguerra2', 'jmguillen', '2020bme105', 'joshuachanez', 'jadorantes2', 'mlara11', 'munawararshad3', 'coramirez', '2020bme109', 'hanzlag_129', 'cassy5801', 'mlouloupide', 'muhammadfaizan', 'isoto17', 'fizzatariq114', 'muhammadbabar3114', 'nalopez8', '2020bme110', 'glam', 'syaar6461', 'adnan12', 'renemolina23', 'haacevedore', '2020bme129', 'anumusman1419', '2020bme134', 'jnava4', 'jjsilva', 'cfbenitez', 'ediaz25', 'muhammadfaizanelahi2001', 'komalfatima116', 'armughan', 'cafrayre', 'vgomez25', 'maortiz17', 'abubakar3', 'giopr720', 'magarza', 'eenriquez14', 'jalonso9', None, 'muhammad_awais_jamil', 'abbaslaiba68', 'ogalindo', 'rcgarcia3', 'hey_talhaaa', 'faizahabib', 'mtejada', 'jrmeraz1', 'scobos4', 'barirasehar', 'syedzada12', 'isaverahanif', 'areebabutt1', 'crysdbz.22', '2020bme117', 'saad_7', 'sanchez_kevin', 'samrashakir271', 'saverahanif', '2020bme104']"
21,526,40,15,13,"['abbaslaiba68', 'muhammad_awais_jamil', '2020bme134', 'faizahabib', 'syedzada12', 'samrashakir271', 'munawararshad3', 'abubakar3', '2020bme117', '2020bme109', 'hanzlag_129', 'adnan12', '2020bme104']",26,"['johnp99', 'atiqajameel2', 'dguerra2', '2020bme105', 'joshuachanez', 'jadorantes2', 'muhammadfaizan', 'fizzatariq114', 'muhammadbabar3114', '2020bme110', 'syaar6461', 'haacevedore', '2020bme129', 'anumusman1419', 'cfbenitez', 'ediaz25', 'muhammadfaizanelahi2001', 'komalfatima116', 'armughan', 'cafrayre', 'hey_talhaaa', 'barirasehar', 'isaverahanif', 'areebabutt1', 'crysdbz.22', 'saverahanif']",2,"['mubasharnisar01', None]",41,"['johnp99', 'atiqajameel2', 'dguerra2', '2020bme105', 'joshuachanez', 'jadorantes2', 'munawararshad3', '2020bme109', 'hanzlag_129', 'muhammadfaizan', 'fizzatariq114', 'muhammadbabar3114', '2020bme110', 'syaar6461', 'adnan12', 'haacevedore', 'mubasharnisar01', '2020bme129', 'anumusman1419', '2020bme134', 'cfbenitez', 'ediaz25', 'muhammadfaizanelahi2001', 'komalfatima116', 'armughan', 'cafrayre', 'abubakar3', None, 'muhammad_awais_jamil', 'abbaslaiba68', 'hey_talhaaa', 'faizahabib', 'barirasehar', 'syedzada12', 'isaverahanif', 'areebabutt1', 'crysdbz.22', '2020bme117', 'samrashakir271', 'saverahanif', '2020bme104']"
21,525,40,14,11,"['abbaslaiba68', 'muhammad_awais_jamil', '2020bme134', 'muhammadfaizan', 'isaverahanif', 'muhammadbabar3114', '2020bme110', 'hanzlag_129', 'adnan12', 'saverahanif', '2020bme104']",28,"['johnp99', 'atiqajameel2', 'dguerra2', '2020bme105', 'joshuachanez', 'jadorantes2', 'munawararshad3', '2020bme109', 'fizzatariq114', 'syaar6461', 'haacevedore', '2020bme129', 'anumusman1419', 'cfbenitez', 'ediaz25', 'muhammadfaizanelahi2001', 'komalfatima116', 'armughan', 'cafrayre', 'abubakar3', 'hey_talhaaa', 'faizahabib', 'barirasehar', 'syedzada12', 'areebabutt1', 'crysdbz.22', '2020bme117', 'samrashakir271']",3,"['mubasharnisar01', None, 'mtlhakram99']",42,"['johnp99', 'atiqajameel2', 'dguerra2', '2020bme105', 'joshuachanez', 'jadorantes2', 'munawararshad3', '2020bme109', 'hanzlag_129', 'muhammadfaizan', 'fizzatariq114', 'muhammadbabar3114', '2020bme110', 'syaar6461', 'adnan12', 'haacevedore', 'mubasharnisar01', '2020bme129', 'mtlhakram99', 'anumusman1419', '2020bme134', 'cfbenitez', 'ediaz25', 'muhammadfaizanelahi2001', 'komalfatima116', 'armughan', 'cafrayre', 'abubakar3', None, 'muhammad_awais_jamil', 'abbaslaiba68', 'hey_talhaaa', 'faizahabib', 'barirasehar', 'syedzada12', 'isaverahanif', 'areebabutt1', 'crysdbz.22', '2020bme117', 'samrashakir271', 'saverahanif', '2020bme104']"
21,527,40,11,8,"['atiqajameel2', 'anumusman1419', 'faizahabib', 'komalfatima116', 'barirasehar', '2020bme110', '2020bme109', 'adnan12']",31,"['johnp99', 'dguerra2', '2020bme105', 'joshuachanez', 'jadorantes2', 'munawararshad3', 'hanzlag_129', 'muhammadfaizan', 'fizzatariq114', 'muhammadbabar3114', 'syaar6461', 'haacevedore', '2020bme129', '2020bme134', 'cfbenitez', 'ediaz25', 'muhammadfaizanelahi2001', 'armughan', 'cafrayre', 'abubakar3', 'muhammad_awais_jamil', 'abbaslaiba68', 'hey_talhaaa', 'syedzada12', 'isaverahanif', 'areebabutt1', 'crysdbz.22', '2020bme117', 'samrashakir271', 'saverahanif', '2020bme104']",3,"['mubasharnisar01', None, 'laibatariq.']",42,"['johnp99', 'atiqajameel2', 'dguerra2', '2020bme105', 'joshuachanez', 'jadorantes2', 'munawararshad3', '2020bme109', 'hanzlag_129', 'muhammadfaizan', 'fizzatariq114', 'muhammadbabar3114', '2020bme110', 'syaar6461', 'adnan12', 'haacevedore', 'mubasharnisar01', '2020bme129', 'anumusman1419', '2020bme134', 'cfbenitez', 'ediaz25', 'muhammadfaizanelahi2001', 'komalfatima116', 'armughan', 'cafrayre', 'abubakar3', None, 'muhammad_awais_jamil', 'abbaslaiba68', 'hey_talhaaa', 'faizahabib', 'barirasehar', 'syedzada12', 'isaverahanif', 'areebabutt1', 'crysdbz.22', '2020bme117', 'samrashakir271', 'laibatariq.', 'saverahanif', '2020bme104']"
21,523,40,9,7,"['muhammadfaizanelahi2001', 'areebabutt1', '2020bme110', 'abubakar3', 'hanzlag_129', 'samrashakir271', '2020bme104']",32,"['johnp99', 'atiqajameel2', 'dguerra2', '2020bme105', 'joshuachanez', 'jadorantes2', 'munawararshad3', '2020bme109', 'muhammadfaizan', 'fizzatariq114', 'muhammadbabar3114', 'adnan12', 'syaar6461', 'haacevedore', '2020bme129', 'anumusman1419', '2020bme134', 'cfbenitez', 'ediaz25', 'komalfatima116', 'armughan', 'cafrayre', 'muhammad_awais_jamil', 'abbaslaiba68', 'hey_talhaaa', 'faizahabib', 'barirasehar', 'syedzada12', 'isaverahanif', 'crysdbz.22', '2020bme117', 'saverahanif']",2,"['2020bme108', None]",41,"['johnp99', 'atiqajameel2', 'dguerra2', '2020bme105', 'joshuachanez', 'jadorantes2', '2020bme108', 'munawararshad3', '2020bme109', 'hanzlag_129', 'muhammadfaizan', 'fizzatariq114', 'muhammadbabar3114', '2020bme110', 'syaar6461', 'adnan12', 'haacevedore', '2020bme129', 'anumusman1419', '2020bme134', 'cfbenitez', 'ediaz25', 'muhammadfaizanelahi2001', 'komalfatima116', 'armughan', 'cafrayre', 'abubakar3', None, 'muhammad_awais_jamil', 'abbaslaiba68', 'hey_talhaaa', 'faizahabib', 'barirasehar', 'syedzada12', 'isaverahanif', 'areebabutt1', 'crysdbz.22', '2020bme117', 'samrashakir271', 'saverahanif', '2020bme104']"
21,528,40,9,6,"['abbaslaiba68', 'hey_talhaaa', 'armughan', 'syedzada12', 'areebabutt1', 'hanzlag_129']",33,"['johnp99', 'atiqajameel2', 'dguerra2', '2020bme105', 'joshuachanez', 'jadorantes2', 'munawararshad3', '2020bme109', 'muhammadfaizan', 'fizzatariq114', 'muhammadbabar3114', '2020bme110', 'adnan12', 'syaar6461', 'haacevedore', '2020bme129', 'anumusman1419', '2020bme134', 'cfbenitez', 'ediaz25', 'muhammadfaizanelahi2001', 'komalfatima116', 'cafrayre', 'abubakar3', 'muhammad_awais_jamil', 'faizahabib', 'barirasehar', 'isaverahanif', 'crysdbz.22', '2020bme117', 'samrashakir271', 'saverahanif', '2020bme104']",3,"['mchaudhery13', None, '2020bme107']",42,"['johnp99', 'atiqajameel2', 'dguerra2', 'mchaudhery13', '2020bme105', 'joshuachanez', 'jadorantes2', 'munawararshad3', '2020bme107', '2020bme109', 'hanzlag_129', 'muhammadfaizan', 'fizzatariq114', 'muhammadbabar3114', '2020bme110', 'syaar6461', 'adnan12', 'haacevedore', '2020bme129', 'anumusman1419', '2020bme134', 'cfbenitez', 'ediaz25', 'muhammadfaizanelahi2001', 'komalfatima116', 'armughan', 'cafrayre', 'abubakar3', None, 'muhammad_awais_jamil', 'abbaslaiba68', 'hey_talhaaa', 'faizahabib', 'barirasehar', 'syedzada12', 'isaverahanif', 'areebabutt1', 'crysdbz.22', '2020bme117', 'samrashakir271', 'saverahanif', '2020bme104']"
22,480,39,109,24,"['omorenof', 'zheng528', 'ucotul', 'wang5239', 'xu1377', 'asangamn', 'fische90', 'quanz', 'pnakate', 'skhawal', 'tanlyleo1994', 'chaudh44', 'shah721', 'mshahin', 'debnatha', 'marikow', 'ali181', 'rabhiji', 'agraw156', 'rranshin', 'mzhuang10003', 'sung66', 'huan1483', 'parikh54']",14,"['li3658', 'cibowman', 'sfallon', 'tshirk17', 'rkillen', 'hayes216', 'woodalls', 'zhan1732', 'bhurrle', 'dvorak3', 'yelmouss', 'meyers65', 'mcornman', 'cyearwoo']",85,"['chen2122', 'shah714', 'nottinge', 'joshludwigsen', 'ticody', 'kappaswa', 'dgoldst', 'pawar10', 'mart1282', 'pandey39', 'fish15', 'mhoeper', 'arora152', 'farentz', 'dritchi', 'he348', 'wang5071', 'efoesch', 'hu769', 'thafner', 'liang160', 'kornd', 'lu448', 'jlthrock', 'mshapoch', 'mbeckeme', 'kumar537', 'chinmayeemujumdar', 'smanikka', 'solimana', 'pate1421', 'nandya', 'artheria', 'abaniiss', 'sonid', None, 'kaushala', 'hou111', 'reid73', 'tschoste', 'lkanwar', 'marisol', 'blackwer', 'kolispeter', 'villal', 'lawren83', 'deshpa31', 'gtorresr', 'coverstr', 'hnowak', 'kpimprikar', 'patel632', 'mahm', 'gupta768', 'aafriat', 'carrollg', 'leonar37', 'perrinm', 'rciez2125', 'frankzhou', 'john2811', 'dminnich', 'jcrosmer', 'oaljowai', 'jain220', 'wishard', 'aponkshe', 'ferdoush', 'tmahlma', 'pshenai', 'pandes', 'walla110', 'kulkar70', 'ye280', 'pwalimbe', 'dasika8', 'kamath10', 'skunapul1508', 'trived12', 'aramkum', 'ubajwa', 'mkalenty', 'hesquiv', 'sharm524', 'vadabala']",123,"['chen2122', 'shah714', 'cibowman', 'nottinge', 'zheng528', 'joshludwigsen', 'ticody', 'mcornman', 'kappaswa', 'dgoldst', 'pawar10', 'mart1282', 'pandey39', 'fish15', 'mhoeper', 'arora152', 'farentz', 'dritchi', 'tanlyleo1994', 'he348', 'wang5071', 'efoesch', 'marikow', 'debnatha', 'hu769', 'ali181', 'thafner', 'rkillen', 'yelmouss', 'agraw156', 'rranshin', 'liang160', 'huan1483', 'kornd', 'jlthrock', 'lu448', 'mshapoch', 'mbeckeme', 'omorenof', 'woodalls', 'zhan1732', 'ucotul', 'cyearwoo', 'kumar537', 'xu1377', 'chinmayeemujumdar', 'smanikka', 'solimana', 'pate1421', 'nandya', 'artheria', 'skhawal', 'abaniiss', 'tshirk17', 'chaudh44', 'sonid', None, 'kaushala', 'hou111', 'reid73', 'tschoste', 'lkanwar', 'sung66', 'marisol', 'blackwer', 'kolispeter', 'li3658', 'villal', 'lawren83', 'bhurrle', 'deshpa31', 'gtorresr', 'coverstr', 'hnowak', 'quanz', 'pnakate', 'kpimprikar', 'patel632', 'mahm', 'gupta768', 'aafriat', 'carrollg', 'mshahin', 'leonar37', 'perrinm', 'rciez2125', 'frankzhou', 'john2811', 'dminnich', 'jcrosmer', 'oaljowai', 'mzhuang10003', 'jain220', 'wishard', 'aponkshe', 'ferdoush', 'tmahlma', 'pshenai', 'pandes', 'walla110', 'kulkar70', 'wang5239', 'ye280', 'asangamn', 'pwalimbe', 'fische90', 'dasika8', 'dvorak3', 'kamath10', 'skunapul1508', 'sfallon', 'trived12', 'shah721', 'aramkum', 'meyers65', 'ubajwa', 'mkalenty', 'hayes216', 'hesquiv', 'sharm524', 'rabhiji', 'vadabala', 'parikh54']"
22,490,39,67,20,"['omorenof', 'ucotul', 'wang5239', 'xu1377', 'asangamn', 'fische90', 'pnakate', 'skhawal', 'tanlyleo1994', 'chaudh44', 'shah721', 'debnatha', 'marikow', 'ali181', 'rabhiji', 'agraw156', 'rranshin', 'mzhuang10003', 'sung66', 'parikh54']",18,"['li3658', 'cibowman', 'sfallon', 'tshirk17', 'rkillen', 'hayes216', 'woodalls', 'zhan1732', 'bhurrle', 'quanz', 'zheng528', 'dvorak3', 'mshahin', 'yelmouss', 'meyers65', 'mcornman', 'huan1483', 'cyearwoo']",47,"['chen2122', 'shah714', 'villal', 'lawren83', 'deshpa31', 'gtorresr', 'kumar537', 'dgoldst', 'ye280', 'coverstr', 'solimana', 'pawar10', 'mart1282', 'pandey39', 'nandya', 'dasika8', 'mhoeper', 'kamath10', 'patel632', 'skunapul1508', 'mbeckeme', 'arora152', 'farentz', 'mahm', 'aafriat', 'aramkum', 'leonar37', 'perrinm', 'efoesch', 'ubajwa', 'frankzhou', 'hu769', 'sonid', None, 'john2811', 'kaushala', 'thafner', 'hesquiv', 'dminnich', 'sharm524', 'hou111', 'tschoste', 'aprahara', 'aponkshe', 'wishard', 'marisol', 'blackwer']",85,"['chen2122', 'li3658', 'cibowman', 'shah714', 'villal', 'lawren83', 'bhurrle', 'deshpa31', 'zheng528', 'gtorresr', 'mcornman', 'dgoldst', 'coverstr', 'pawar10', 'mart1282', 'pandey39', 'quanz', 'pnakate', 'mhoeper', 'patel632', 'arora152', 'farentz', 'mahm', 'tanlyleo1994', 'aafriat', 'mshahin', 'leonar37', 'perrinm', 'efoesch', 'frankzhou', 'marikow', 'debnatha', 'hu769', 'ali181', 'john2811', 'thafner', 'rkillen', 'dminnich', 'yelmouss', 'aprahara', 'agraw156', 'rranshin', 'mzhuang10003', 'huan1483', 'wishard', 'mbeckeme', 'aponkshe', 'omorenof', 'woodalls', 'zhan1732', 'ucotul', 'cyearwoo', 'kumar537', 'wang5239', 'ye280', 'xu1377', 'solimana', 'asangamn', 'nandya', 'fische90', 'dasika8', 'dvorak3', 'kamath10', 'skunapul1508', 'skhawal', 'sfallon', 'tshirk17', 'chaudh44', 'shah721', 'aramkum', 'meyers65', 'ubajwa', 'sonid', None, 'kaushala', 'hayes216', 'hesquiv', 'sharm524', 'rabhiji', 'hou111', 'tschoste', 'sung66', 'parikh54', 'marisol', 'blackwer']"
22,481,39,22,5,"['rkillen', 'cibowman', 'asangamn', 'marikow', 'parikh54']",33,"['li3658', 'woodalls', 'zhan1732', 'omorenof', 'bhurrle', 'zheng528', 'ucotul', 'mcornman', 'cyearwoo', 'wang5239', 'xu1377', 'fische90', 'quanz', 'dvorak3', 'pnakate', 'skhawal', 'sfallon', 'tshirk17', 'tanlyleo1994', 'chaudh44', 'shah721', 'mshahin', 'meyers65', 'debnatha', 'ali181', 'hayes216', 'rabhiji', 'yelmouss', 'agraw156', 'rranshin', 'mzhuang10003', 'sung66', 'huan1483']",17,"['moenchd', 'shah714', 'jgoudy', 'jyinglin', 'tao37', 'schipman', 'secripe', 'kpimprikar', 'pheithof', 'chuck1106', 'suh73', 'hu769', 'mkalenty', 'kumar537', None, 'skaphle', 'nbarbie']",55,"['moenchd', 'li3658', 'cibowman', 'shah714', 'omorenof', 'bhurrle', 'woodalls', 'zhan1732', 'zheng528', 'ucotul', 'mcornman', 'cyearwoo', 'kumar537', 'wang5239', 'nbarbie', 'xu1377', 'asangamn', 'schipman', 'fische90', 'quanz', 'dvorak3', 'pnakate', 'kpimprikar', 'suh73', 'skhawal', 'skaphle', 'sfallon', 'tshirk17', 'tanlyleo1994', 'jyinglin', 'chaudh44', 'shah721', 'mshahin', 'secripe', 'pheithof', 'meyers65', 'marikow', 'debnatha', 'hu769', 'mkalenty', None, 'ali181', 'rkillen', 'hayes216', 'tao37', 'rabhiji', 'yelmouss', 'chuck1106', 'agraw156', 'rranshin', 'mzhuang10003', 'sung66', 'huan1483', 'parikh54', 'jgoudy']"
22,482,39,22,3,"['ali181', 'quanz', 'zheng528']",35,"['li3658', 'cibowman', 'omorenof', 'bhurrle', 'woodalls', 'zhan1732', 'ucotul', 'mcornman', 'cyearwoo', 'wang5239', 'xu1377', 'asangamn', 'fische90', 'pnakate', 'dvorak3', 'skhawal', 'sfallon', 'tshirk17', 'tanlyleo1994', 'chaudh44', 'shah721', 'mshahin', 'meyers65', 'marikow', 'debnatha', 'rkillen', 'hayes216', 'rabhiji', 'yelmouss', 'agraw156', 'rranshin', 'mzhuang10003', 'sung66', 'huan1483', 'parikh54']",19,"['chen2122', 'tmahlma', 'pshenai', 'joshludwigsen', 'ticody', 'walla110', 'kappaswa', 'wang5240', 'pate1421', 'pwalimbe', 'dasika8', 'artheria', 'dritchi', 'trived12', None, 'reid73', 'john2573', 'kornd', 'marisol']",57,"['chen2122', 'tmahlma', 'li3658', 'cibowman', 'pshenai', 'omorenof', 'bhurrle', 'woodalls', 'zhan1732', 'zheng528', 'joshludwigsen', 'ucotul', 'ticody', 'walla110', 'mcornman', 'kappaswa', 'cyearwoo', 'wang5239', 'xu1377', 'asangamn', 'wang5240', 'pate1421', 'pwalimbe', 'fische90', 'dasika8', 'quanz', 'dvorak3', 'pnakate', 'artheria', 'skhawal', 'dritchi', 'sfallon', 'tshirk17', 'tanlyleo1994', 'trived12', 'chaudh44', 'shah721', 'mshahin', 'meyers65', 'marikow', 'debnatha', None, 'ali181', 'rkillen', 'hayes216', 'rabhiji', 'reid73', 'yelmouss', 'john2573', 'agraw156', 'rranshin', 'mzhuang10003', 'sung66', 'huan1483', 'kornd', 'parikh54', 'marisol']"
22,491,39,15,5,"['ali181', 'asangamn', 'quanz', 'zheng528', 'skhawal']",33,"['li3658', 'cibowman', 'omorenof', 'bhurrle', 'woodalls', 'zhan1732', 'ucotul', 'mcornman', 'cyearwoo', 'wang5239', 'xu1377', 'fische90', 'pnakate', 'dvorak3', 'sfallon', 'tshirk17', 'tanlyleo1994', 'chaudh44', 'shah721', 'mshahin', 'meyers65', 'marikow', 'debnatha', 'rkillen', 'hayes216', 'rabhiji', 'yelmouss', 'agraw156', 'rranshin', 'mzhuang10003', 'sung66', 'huan1483', 'parikh54']",10,"['tmahlma', 'dritchi', 'joshludwigsen', 'ticody', 'atrikana', 'kappaswa', 'jlthrock', 'artheria', None, 'marisol']",48,"['tmahlma', 'li3658', 'cibowman', 'omorenof', 'bhurrle', 'woodalls', 'zhan1732', 'zheng528', 'joshludwigsen', 'ucotul', 'ticody', 'mcornman', 'atrikana', 'cyearwoo', 'kappaswa', 'wang5239', 'xu1377', 'asangamn', 'fische90', 'quanz', 'dvorak3', 'pnakate', 'artheria', 'skhawal', 'dritchi', 'sfallon', 'tshirk17', 'tanlyleo1994', 'chaudh44', 'shah721', 'mshahin', 'meyers65', 'marikow', 'debnatha', None, 'ali181', 'rkillen', 'hayes216', 'rabhiji', 'yelmouss', 'agraw156', 'rranshin', 'mzhuang10003', 'sung66', 'huan1483', 'jlthrock', 'parikh54', 'marisol']"
22,487,39,10,4,"['cyearwoo', 'rkillen', 'cibowman', 'dvorak3']",34,"['li3658', 'woodalls', 'zhan1732', 'omorenof', 'bhurrle', 'zheng528', 'ucotul', 'mcornman', 'wang5239', 'xu1377', 'asangamn', 'fische90', 'quanz', 'pnakate', 'skhawal', 'sfallon', 'tshirk17', 'tanlyleo1994', 'chaudh44', 'shah721', 'mshahin', 'meyers65', 'marikow', 'debnatha', 'ali181', 'hayes216', 'rabhiji', 'yelmouss', 'agraw156', 'rranshin', 'mzhuang10003', 'sung66', 'huan1483', 'parikh54']",6,"['chen2122', None, 'secripe', 'pheithof', 'mkalenty', 'landryj']",44,"['chen2122', 'li3658', 'cibowman', 'omorenof', 'bhurrle', 'woodalls', 'zhan1732', 'zheng528', 'ucotul', 'mcornman', 'cyearwoo', 'wang5239', 'xu1377', 'asangamn', 'fische90', 'quanz', 'dvorak3', 'pnakate', 'skhawal', 'sfallon', 'tshirk17', 'tanlyleo1994', 'chaudh44', 'shah721', 'mshahin', 'secripe', 'pheithof', 'meyers65', 'marikow', 'debnatha', 'mkalenty', None, 'ali181', 'rkillen', 'hayes216', 'rabhiji', 'yelmouss', 'agraw156', 'rranshin', 'mzhuang10003', 'sung66', 'huan1483', 'parikh54', 'landryj']"
22,485,39,9,1,['rkillen'],37,"['li3658', 'cibowman', 'omorenof', 'bhurrle', 'woodalls', 'zhan1732', 'zheng528', 'ucotul', 'mcornman', 'cyearwoo', 'wang5239', 'xu1377', 'asangamn', 'fische90', 'quanz', 'dvorak3', 'pnakate', 'skhawal', 'sfallon', 'tshirk17', 'tanlyleo1994', 'chaudh44', 'shah721', 'mshahin', 'meyers65', 'marikow', 'debnatha', 'ali181', 'hayes216', 'rabhiji', 'yelmouss', 'agraw156', 'rranshin', 'mzhuang10003', 'sung66', 'huan1483', 'parikh54']",8,"[None, 'secripe', 'pheithof', 'lopez532', 'hu769', 'mkalenty', 'landryj', 'nbarbie']",46,"['li3658', 'cibowman', 'omorenof', 'bhurrle', 'woodalls', 'zhan1732', 'zheng528', 'ucotul', 'mcornman', 'cyearwoo', 'wang5239', 'nbarbie', 'xu1377', 'asangamn', 'fische90', 'quanz', 'dvorak3', 'pnakate', 'skhawal', 'sfallon', 'tshirk17', 'tanlyleo1994', 'chaudh44', 'shah721', 'mshahin', 'secripe', 'pheithof', 'lopez532', 'meyers65', 'marikow', 'debnatha', 'hu769', 'mkalenty', None, 'ali181', 'rkillen', 'hayes216', 'rabhiji', 'yelmouss', 'agraw156', 'rranshin', 'mzhuang10003', 'sung66', 'huan1483', 'parikh54', 'landryj']"
22,483,39,7,3,"['shah721', 'li3658', 'skhawal']",35,"['cibowman', 'omorenof', 'bhurrle', 'woodalls', 'zhan1732', 'zheng528', 'ucotul', 'mcornman', 'cyearwoo', 'wang5239', 'xu1377', 'asangamn', 'fische90', 'quanz', 'dvorak3', 'pnakate', 'sfallon', 'tshirk17', 'tanlyleo1994', 'chaudh44', 'mshahin', 'meyers65', 'marikow', 'debnatha', 'ali181', 'rkillen', 'hayes216', 'rabhiji', 'yelmouss', 'agraw156', 'rranshin', 'mzhuang10003', 'sung66', 'huan1483', 'parikh54']",4,"['jlthrock', None, 'mart1282', 'kamath10']",42,"['li3658', 'cibowman', 'omorenof', 'bhurrle', 'woodalls', 'zhan1732', 'zheng528', 'ucotul', 'mcornman', 'cyearwoo', 'wang5239', 'xu1377', 'asangamn', 'mart1282', 'fische90', 'quanz', 'dvorak3', 'pnakate', 'kamath10', 'skhawal', 'sfallon', 'tshirk17', 'tanlyleo1994', 'chaudh44', 'shah721', 'mshahin', 'meyers65', 'marikow', 'debnatha', None, 'ali181', 'rkillen', 'hayes216', 'rabhiji', 'yelmouss', 'agraw156', 'rranshin', 'mzhuang10003', 'sung66', 'huan1483', 'jlthrock', 'parikh54']"
22,488,39,7,1,['rkillen'],37,"['li3658', 'cibowman', 'omorenof', 'bhurrle', 'woodalls', 'zhan1732', 'zheng528', 'ucotul', 'mcornman', 'cyearwoo', 'wang5239', 'xu1377', 'asangamn', 'fische90', 'quanz', 'dvorak3', 'pnakate', 'skhawal', 'sfallon', 'tshirk17', 'tanlyleo1994', 'chaudh44', 'shah721', 'mshahin', 'meyers65', 'marikow', 'debnatha', 'ali181', 'hayes216', 'rabhiji', 'yelmouss', 'agraw156', 'rranshin', 'mzhuang10003', 'sung66', 'huan1483', 'parikh54']",6,"['chen2122', 'landryj', 'secripe', 'pheithof', 'mkalenty', None]",44,"['chen2122', 'li3658', 'cibowman', 'omorenof', 'bhurrle', 'woodalls', 'zhan1732', 'zheng528', 'ucotul', 'mcornman', 'cyearwoo', 'wang5239', 'xu1377', 'asangamn', 'fische90', 'quanz', 'dvorak3', 'pnakate', 'skhawal', 'sfallon', 'tshirk17', 'tanlyleo1994', 'chaudh44', 'shah721', 'mshahin', 'secripe', 'pheithof', 'meyers65', 'marikow', 'debnatha', 'mkalenty', None, 'ali181', 'rkillen', 'hayes216', 'rabhiji', 'yelmouss', 'agraw156', 'rranshin', 'mzhuang10003', 'sung66', 'huan1483', 'parikh54', 'landryj']"
22,489,39,7,1,['rkillen'],37,"['li3658', 'cibowman', 'omorenof', 'bhurrle', 'woodalls', 'zhan1732', 'zheng528', 'ucotul', 'mcornman', 'cyearwoo', 'wang5239', 'xu1377', 'asangamn', 'fische90', 'quanz', 'dvorak3', 'pnakate', 'skhawal', 'sfallon', 'tshirk17', 'tanlyleo1994', 'chaudh44', 'shah721', 'mshahin', 'meyers65', 'marikow', 'debnatha', 'ali181', 'hayes216', 'rabhiji', 'yelmouss', 'agraw156', 'rranshin', 'mzhuang10003', 'sung66', 'huan1483', 'parikh54']",6,"['secripe', 'pheithof', 'suh73', 'mkalenty', None, 'tompkinj']",44,"['li3658', 'cibowman', 'omorenof', 'bhurrle', 'woodalls', 'zhan1732', 'zheng528', 'ucotul', 'mcornman', 'cyearwoo', 'wang5239', 'xu1377', 'asangamn', 'fische90', 'quanz', 'dvorak3', 'pnakate', 'suh73', 'skhawal', 'sfallon', 'tshirk17', 'tanlyleo1994', 'chaudh44', 'shah721', 'mshahin', 'secripe', 'pheithof', 'meyers65', 'marikow', 'debnatha', 'mkalenty', None, 'ali181', 'rkillen', 'hayes216', 'rabhiji', 'yelmouss', 'agraw156', 'rranshin', 'mzhuang10003', 'sung66', 'huan1483', 'parikh54', 'tompkinj']"
22,486,39,6,3,"['rkillen', 'sfallon', 'cibowman']",35,"['li3658', 'omorenof', 'bhurrle', 'woodalls', 'zhan1732', 'zheng528', 'ucotul', 'mcornman', 'cyearwoo', 'wang5239', 'xu1377', 'asangamn', 'fische90', 'quanz', 'dvorak3', 'pnakate', 'skhawal', 'tshirk17', 'tanlyleo1994', 'chaudh44', 'shah721', 'mshahin', 'meyers65', 'marikow', 'debnatha', 'ali181', 'hayes216', 'rabhiji', 'yelmouss', 'agraw156', 'rranshin', 'mzhuang10003', 'sung66', 'huan1483', 'parikh54']",3,"[None, 'jyinglin', 'hu769']",41,"['li3658', 'cibowman', 'omorenof', 'bhurrle', 'woodalls', 'zhan1732', 'zheng528', 'ucotul', 'mcornman', 'cyearwoo', 'wang5239', 'xu1377', 'asangamn', 'fische90', 'quanz', 'dvorak3', 'pnakate', 'skhawal', 'sfallon', 'tshirk17', 'tanlyleo1994', 'jyinglin', 'chaudh44', 'shah721', 'mshahin', 'meyers65', 'marikow', 'debnatha', 'hu769', None, 'ali181', 'rkillen', 'hayes216', 'rabhiji', 'yelmouss', 'agraw156', 'rranshin', 'mzhuang10003', 'sung66', 'huan1483', 'parikh54']"
22,493,39,6,3,"['mshahin', 'li3658', 'bhurrle']",35,"['cibowman', 'omorenof', 'woodalls', 'zhan1732', 'zheng528', 'ucotul', 'mcornman', 'cyearwoo', 'wang5239', 'xu1377', 'asangamn', 'fische90', 'quanz', 'dvorak3', 'pnakate', 'skhawal', 'sfallon', 'tshirk17', 'tanlyleo1994', 'chaudh44', 'shah721', 'meyers65', 'marikow', 'debnatha', 'ali181', 'rkillen', 'hayes216', 'rabhiji', 'yelmouss', 'agraw156', 'rranshin', 'mzhuang10003', 'sung66', 'huan1483', 'parikh54']",3,"[None, 'mart1282', 'kamath10']",41,"['li3658', 'cibowman', 'omorenof', 'bhurrle', 'woodalls', 'zhan1732', 'zheng528', 'ucotul', 'mcornman', 'cyearwoo', 'wang5239', 'xu1377', 'asangamn', 'mart1282', 'fische90', 'quanz', 'dvorak3', 'pnakate', 'kamath10', 'skhawal', 'sfallon', 'tshirk17', 'tanlyleo1994', 'chaudh44', 'shah721', 'mshahin', 'meyers65', 'marikow', 'debnatha', None, 'ali181', 'rkillen', 'hayes216', 'rabhiji', 'yelmouss', 'agraw156', 'rranshin', 'mzhuang10003', 'sung66', 'huan1483', 'parikh54']"
23,108,37,75,36,"['ajurgons', 'yiliuhu', 'raderc', 'jeremyszilagyi', 'mansourh', 'hinseyj', 'czensho', 'eloper', 'robin451', 'kim1947', 'ridgea', 'suh56', 'mculliso', 'miles70', 'graha162', 'collett', 'yap1', 'larso101', 'nguye492', 'chen3141', 'ewestrat', 'smaddur', 'tgrotzer', 'maugeld', 'mgodsey', 'branch4', 'cox302', 'perry179', 'vwendt', 'zbuford', 'ravichak', 'jone1719', 'huff51', 'royer4', 'kim3300', 'pstroik']",0,[],39,"['fvanwink', 'fan123', 'bohlinh', 'snowling', 'dvicker', 'cdhuffma', 'jdaliber', 'hill392', 'sulli256', 'le133', 'dshkurup', 'knordyke', 'tremblay', 'cdoniere', 'mooreo', 'bowerp', 'kim2918', 'ggrechis', 'jgarfiel', 'eoverly', 'brook200', 'lschonau', 'fong14', 'hjuh', 'ckayrou', 'woods158', None, 'lee3120', 'qhicks', 'stephae', 'reppertm', 'hamil175', 'cmauser', 'huff49', 'song498', 'mfavour', 'iyer95', 'cokuszki', 'robin497']",75,"['fvanwink', 'yiliuhu', 'raderc', 'jeremyszilagyi', 'mansourh', 'snowling', 'hinseyj', 'czensho', 'hill392', 'kim1947', 'bowerp', 'miles70', 'graha162', 'jgarfiel', 'collett', 'ewestrat', 'brook200', 'tgrotzer', 'mgodsey', 'fong14', 'ckayrou', 'perry179', 'vwendt', 'lee3120', 'qhicks', 'stephae', 'ravichak', 'reppertm', 'jone1719', 'hamil175', 'huff51', 'huff49', 'iyer95', 'cokuszki', 'royer4', 'kim3300', 'pstroik', 'robin497', 'fan123', 'ajurgons', 'bohlinh', 'dvicker', 'cdhuffma', 'jdaliber', 'eloper', 'robin451', 'sulli256', 'le133', 'dshkurup', 'ridgea', 'knordyke', 'cdoniere', 'mooreo', 'suh56', 'tremblay', 'mculliso', 'kim2918', 'ggrechis', 'yap1', 'larso101', 'nguye492', 'chen3141', 'eoverly', 'smaddur', 'maugeld', 'lschonau', 'hjuh', 'branch4', 'cox302', 'woods158', None, 'zbuford', 'cmauser', 'song498', 'mfavour']"
23,109,37,68,32,"['ajurgons', 'yiliuhu', 'raderc', 'jeremyszilagyi', 'mansourh', 'hinseyj', 'eloper', 'robin451', 'kim1947', 'ridgea', 'suh56', 'mculliso', 'miles70', 'graha162', 'collett', 'yap1', 'nguye492', 'ewestrat', 'smaddur', 'tgrotzer', 'maugeld', 'mgodsey', 'branch4', 'cox302', 'perry179', 'vwendt', 'zbuford', 'jone1719', 'huff51', 'royer4', 'kim3300', 'pstroik']",4,"['ravichak', 'czensho', 'chen3141', 'larso101']",36,"['fvanwink', 'fan123', 'bohlinh', 'snowling', 'dvicker', 'cdhuffma', 'jdaliber', 'hill392', 'sulli256', 'le133', 'dshkurup', 'knordyke', 'tremblay', 'cdoniere', 'mooreo', 'kim2918', 'ggrechis', 'jgarfiel', 'eoverly', 'brook200', 'lschonau', 'fong14', 'hjuh', 'ckayrou', 'woods158', None, 'lee3120', 'stephae', 'hamil175', 'cmauser', 'huff49', 'song498', 'mfavour', 'iyer95', 'cokuszki', 'robin497']",72,"['fvanwink', 'yiliuhu', 'raderc', 'jeremyszilagyi', 'mansourh', 'snowling', 'hinseyj', 'czensho', 'hill392', 'kim1947', 'miles70', 'graha162', 'jgarfiel', 'collett', 'ewestrat', 'brook200', 'tgrotzer', 'mgodsey', 'fong14', 'ckayrou', 'perry179', 'vwendt', 'lee3120', 'stephae', 'ravichak', 'jone1719', 'hamil175', 'huff51', 'huff49', 'iyer95', 'cokuszki', 'royer4', 'kim3300', 'pstroik', 'robin497', 'fan123', 'ajurgons', 'bohlinh', 'dvicker', 'cdhuffma', 'jdaliber', 'eloper', 'robin451', 'sulli256', 'le133', 'dshkurup', 'ridgea', 'knordyke', 'cdoniere', 'mooreo', 'suh56', 'tremblay', 'mculliso', 'kim2918', 'ggrechis', 'yap1', 'larso101', 'nguye492', 'chen3141', 'eoverly', 'smaddur', 'maugeld', 'lschonau', 'hjuh', 'branch4', 'cox302', 'woods158', None, 'zbuford', 'cmauser', 'song498', 'mfavour']"
23,110,37,11,9,"['nguye492', 'robin451', 'raderc', 'jeremyszilagyi', 'perry179', 'collett', 'czensho', 'yap1', 'pstroik']",27,"['ajurgons', 'yiliuhu', 'mansourh', 'hinseyj', 'eloper', 'kim1947', 'ridgea', 'suh56', 'mculliso', 'miles70', 'graha162', 'larso101', 'chen3141', 'ewestrat', 'smaddur', 'tgrotzer', 'maugeld', 'mgodsey', 'branch4', 'cox302', 'vwendt', 'zbuford', 'ravichak', 'jone1719', 'huff51', 'royer4', 'kim3300']",2,"['huff49', None]",38,"['ajurgons', 'yiliuhu', 'raderc', 'jeremyszilagyi', 'mansourh', 'hinseyj', 'czensho', 'eloper', 'robin451', 'kim1947', 'ridgea', 'suh56', 'mculliso', 'miles70', 'graha162', 'collett', 'yap1', 'larso101', 'nguye492', 'chen3141', 'ewestrat', 'smaddur', 'tgrotzer', 'maugeld', 'mgodsey', 'branch4', 'cox302', 'perry179', 'vwendt', None, 'zbuford', 'ravichak', 'jone1719', 'huff51', 'huff49', 'royer4', 'kim3300', 'pstroik']"
24,509,36,15,14,"['chonthicha.sr', 'thanawut.p', 'marchat.s', 'ratchataphan.t', 'tan12417', 'paweena.wa', 'poramin2808', 'areeyath', 'nakarin.c', 'rattanachai.ko', 'joy31065', 'nicharat.s', 'kiartipum.s', 'artitaya']",21,"['voramat.k', 'kanokwan.d', 'saritpong.j', 'pabitrasuna96', 'pollasatechune.t', 'rattana.ch', 'chanon.sri', 'apinya.kh', 'ahchuleelak.w', 'shaer.ayham', 'abdoulayethiombanembaye', 'nitkamonn.k', 'theerapong2526', 'shivaniits', 'chaitanyasai.m.5', 'suphaphon.n', 'jintapatee', 'tobiasgm', 'alina1', 'manelle', 'supisara']",1,[None],36,"['voramat.k', 'kanokwan.d', 'saritpong.j', 'paweena.wa', 'pabitrasuna96', 'pollasatechune.t', 'rattana.ch', 'chanon.sri', 'rattanachai.ko', 'apinya.kh', 'artitaya', 'shaer.ayham', 'abdoulayethiombanembaye', 'thanawut.p', 'nakarin.c', 'nitkamonn.k', 'kiartipum.s', 'theerapong2526', 'chonthicha.sr', 'supisara', 'ratchataphan.t', 'marchat.s', 'shivaniits', 'chaitanyasai.m.5', 'areeyath', 'suphaphon.n', 'nicharat.s', None, 'jintapatee', 'tobiasgm', 'tan12417', 'alina1', 'poramin2808', 'manelle', 'joy31065', 'ahchuleelak.w']"
24,508,36,7,5,"['chonthicha.sr', 'ratchataphan.t', 'marchat.s', 'nicharat.s', 'supisara']",30,"['voramat.k', 'kanokwan.d', 'saritpong.j', 'paweena.wa', 'pabitrasuna96', 'pollasatechune.t', 'rattana.ch', 'chanon.sri', 'rattanachai.ko', 'apinya.kh', 'artitaya', 'shaer.ayham', 'abdoulayethiombanembaye', 'thanawut.p', 'nakarin.c', 'nitkamonn.k', 'kiartipum.s', 'theerapong2526', 'shivaniits', 'chaitanyasai.m.5', 'areeyath', 'suphaphon.n', 'jintapatee', 'tobiasgm', 'tan12417', 'alina1', 'poramin2808', 'manelle', 'joy31065', 'ahchuleelak.w']",2,"['sakdinun', None]",37,"['voramat.k', 'kanokwan.d', 'saritpong.j', 'paweena.wa', 'pabitrasuna96', 'pollasatechune.t', 'rattana.ch', 'chanon.sri', 'rattanachai.ko', 'apinya.kh', 'artitaya', 'shaer.ayham', 'abdoulayethiombanembaye', 'thanawut.p', 'nakarin.c', 'nitkamonn.k', 'kiartipum.s', 'theerapong2526', 'sakdinun', 'chonthicha.sr', 'supisara', 'ratchataphan.t', 'marchat.s', 'shivaniits', 'chaitanyasai.m.5', 'areeyath', 'suphaphon.n', 'nicharat.s', None, 'jintapatee', 'tobiasgm', 'tan12417', 'alina1', 'poramin2808', 'manelle', 'joy31065', 'ahchuleelak.w']"
24,507,36,6,4,"['theerapong2526', 'kiartipum.s', 'thanawut.p', 'jintapatee']",31,"['voramat.k', 'kanokwan.d', 'saritpong.j', 'paweena.wa', 'pabitrasuna96', 'pollasatechune.t', 'rattana.ch', 'chanon.sri', 'rattanachai.ko', 'apinya.kh', 'artitaya', 'shaer.ayham', 'abdoulayethiombanembaye', 'nakarin.c', 'nitkamonn.k', 'chonthicha.sr', 'supisara', 'ratchataphan.t', 'marchat.s', 'shivaniits', 'chaitanyasai.m.5', 'areeyath', 'suphaphon.n', 'nicharat.s', 'tobiasgm', 'tan12417', 'alina1', 'poramin2808', 'manelle', 'joy31065', 'ahchuleelak.w']",2,"['sakdinun', None]",37,"['voramat.k', 'kanokwan.d', 'saritpong.j', 'paweena.wa', 'pabitrasuna96', 'pollasatechune.t', 'rattana.ch', 'chanon.sri', 'rattanachai.ko', 'apinya.kh', 'artitaya', 'shaer.ayham', 'abdoulayethiombanembaye', 'thanawut.p', 'nakarin.c', 'nitkamonn.k', 'kiartipum.s', 'theerapong2526', 'sakdinun', 'chonthicha.sr', 'supisara', 'ratchataphan.t', 'marchat.s', 'shivaniits', 'chaitanyasai.m.5', 'areeyath', 'suphaphon.n', 'nicharat.s', None, 'jintapatee', 'tobiasgm', 'tan12417', 'alina1', 'poramin2808', 'manelle', 'joy31065', 'ahchuleelak.w']"
25,440,36,34,1,['awesomesisay'],34,"['cjmeyer', 'rajus3', 'eaulloa', 'mrmedina4', 'tsfishe1', 'cswaller', 'jeenriquez5', 'mgatewo1', 'nrana4', 'surabhir1986', 'knrenteria', 'nrsemicond2021', 'spramirez6', 'moralesd930', 'raleam1', 'krivera30', 'rmsgnl111', 'javaleriohe', 'jordanhitter41', 'sophiearoy1', 'aripp3', 'csanford', 'yejiand', 'siu854025949', 'marioyomir9', 'crypton9981', 'lewisfleming', 'gavinmccormick2', 'krupatishbi', 'andresaraiva', 'vgcontreras', 'luisornelas_986', 'trsureshkumar1', 'frankzh']",33,"['haseeb23asb', 'zhengjj', 'jwillstaples', 'vivianlsu', 'megan.richards', 'blc29', 'kangell123', 'riddhiranjithkumar', 'adil.ig2e', 'aditya.c.paul', 'owenpmack', 'josh.rabinowitz1', 'armanshekarriz', 'linasleyhausen', 'morgmccloud', 'alexmigala', 'lhpc', 'cwellsrun', 'jona_than', 'lucas.josephy10', 'shinysw', 'hkder', None, 'wujiaxi', 'abhinav.ratnagiri', 'matt.bloom101', 'pns13', 'danielfeinblatt', 'aarondfranklin', 'ztm9', 'nab', 'evankenyon', 'jetthollister18']",68,"['cjmeyer', 'haseeb23asb', 'rajus3', 'awesomesisay', 'zhengjj', 'eaulloa', 'aarondfranklin', 'jwillstaples', 'mrmedina4', 'vivianlsu', 'tsfishe1', 'cswaller', 'jeenriquez5', 'megan.richards', 'mgatewo1', 'nrana4', 'blc29', 'kangell123', 'surabhir1986', 'riddhiranjithkumar', 'jetthollister18', 'knrenteria', 'adil.ig2e', 'nrsemicond2021', 'aditya.c.paul', 'moralesd930', 'owenpmack', 'raleam1', 'krivera30', 'rmsgnl111', 'josh.rabinowitz1', 'javaleriohe', 'jordanhitter41', 'armanshekarriz', 'linasleyhausen', 'sophiearoy1', 'luisornelas_986', 'alexmigala', 'morgmccloud', 'aripp3', 'lhpc', 'ztm9', 'csanford', 'cwellsrun', 'yejiand', 'jona_than', 'lucas.josephy10', 'shinysw', 'hkder', None, 'siu854025949', 'marioyomir9', 'crypton9981', 'lewisfleming', 'gavinmccormick2', 'wujiaxi', 'abhinav.ratnagiri', 'krupatishbi', 'matt.bloom101', 'pns13', 'andresaraiva', 'danielfeinblatt', 'vgcontreras', 'spramirez6', 'trsureshkumar1', 'nab', 'evankenyon', 'frankzh']"
25,441,36,20,13,"['cjmeyer', 'marioyomir9', 'knrenteria', 'spramirez6', 'eaulloa', 'moralesd930', 'mrmedina4', 'krivera30', 'javaleriohe', 'jeenriquez5', 'jordanhitter41', 'vgcontreras', 'luisornelas_986']",22,"['rajus3', 'awesomesisay', 'tsfishe1', 'cswaller', 'mgatewo1', 'nrana4', 'surabhir1986', 'nrsemicond2021', 'raleam1', 'rmsgnl111', 'sophiearoy1', 'aripp3', 'csanford', 'yejiand', 'siu854025949', 'crypton9981', 'lewisfleming', 'gavinmccormick2', 'krupatishbi', 'andresaraiva', 'trsureshkumar1', 'frankzh']",7,"['aadelgado4', 'stella', 'stellaq', 'lecalamaco', 'vaburciagaz', 'avillegas5', None]",42,"['cjmeyer', 'rajus3', 'awesomesisay', 'eaulloa', 'aadelgado4', 'mrmedina4', 'tsfishe1', 'cswaller', 'jeenriquez5', 'vaburciagaz', 'mgatewo1', 'nrana4', 'surabhir1986', 'knrenteria', 'nrsemicond2021', 'moralesd930', 'raleam1', 'krivera30', 'rmsgnl111', 'stellaq', 'javaleriohe', 'jordanhitter41', 'lecalamaco', 'sophiearoy1', 'luisornelas_986', 'avillegas5', 'aripp3', 'csanford', 'yejiand', None, 'siu854025949', 'marioyomir9', 'crypton9981', 'lewisfleming', 'gavinmccormick2', 'stella', 'krupatishbi', 'andresaraiva', 'vgcontreras', 'spramirez6', 'trsureshkumar1', 'frankzh']"
25,443,36,19,3,"['krupatishbi', 'rajus3', 'raleam1']",32,"['cjmeyer', 'awesomesisay', 'eaulloa', 'mrmedina4', 'tsfishe1', 'cswaller', 'jeenriquez5', 'mgatewo1', 'nrana4', 'surabhir1986', 'knrenteria', 'nrsemicond2021', 'spramirez6', 'moralesd930', 'krivera30', 'rmsgnl111', 'javaleriohe', 'jordanhitter41', 'sophiearoy1', 'aripp3', 'csanford', 'yejiand', 'siu854025949', 'marioyomir9', 'crypton9981', 'lewisfleming', 'gavinmccormick2', 'andresaraiva', 'vgcontreras', 'luisornelas_986', 'trsureshkumar1', 'frankzh']",16,"['patelr124', 'newmanc5', None, 'loggij1', 'dpickle17', 'randomguy227', 'lafortr1', 'tomkiej1', 'kazlaud1', 'majowia1', 'bbishop9', 'blandm2', 'sheynoa1', 'thatincankid', 'johntaylor', 'lusdykn1']",51,"['cjmeyer', 'rajus3', 'awesomesisay', 'eaulloa', 'lafortr1', 'mrmedina4', 'tsfishe1', 'cswaller', 'jeenriquez5', 'mgatewo1', 'nrana4', 'johntaylor', 'surabhir1986', 'newmanc5', 'knrenteria', 'loggij1', 'nrsemicond2021', 'randomguy227', 'moralesd930', 'raleam1', 'krivera30', 'rmsgnl111', 'javaleriohe', 'jordanhitter41', 'sophiearoy1', 'luisornelas_986', 'bbishop9', 'blandm2', 'aripp3', 'lusdykn1', 'patelr124', 'csanford', 'yejiand', 'tomkiej1', 'kazlaud1', 'majowia1', 'sheynoa1', 'thatincankid', None, 'dpickle17', 'siu854025949', 'marioyomir9', 'crypton9981', 'lewisfleming', 'gavinmccormick2', 'krupatishbi', 'andresaraiva', 'vgcontreras', 'spramirez6', 'trsureshkumar1', 'frankzh']"
25,436,36,12,1,['csanford'],34,"['cjmeyer', 'rajus3', 'awesomesisay', 'eaulloa', 'mrmedina4', 'tsfishe1', 'cswaller', 'jeenriquez5', 'mgatewo1', 'nrana4', 'surabhir1986', 'knrenteria', 'nrsemicond2021', 'spramirez6', 'moralesd930', 'raleam1', 'krivera30', 'rmsgnl111', 'javaleriohe', 'jordanhitter41', 'sophiearoy1', 'aripp3', 'yejiand', 'siu854025949', 'marioyomir9', 'crypton9981', 'lewisfleming', 'gavinmccormick2', 'krupatishbi', 'andresaraiva', 'vgcontreras', 'luisornelas_986', 'trsureshkumar1', 'frankzh']",11,"['reaganjtilley', 'siu853494337', 'seciliah', 'siu856014058', 'noemigrodriguez11', 'reeree360', 'siu856031918', 'siu853933005', 'sagefr', 'jedojellyo236', None]",46,"['cjmeyer', 'reaganjtilley', 'rajus3', 'awesomesisay', 'siu856014058', 'eaulloa', 'mrmedina4', 'tsfishe1', 'cswaller', 'jeenriquez5', 'mgatewo1', 'nrana4', 'surabhir1986', 'siu853494337', 'knrenteria', 'nrsemicond2021', 'reeree360', 'moralesd930', 'sagefr', 'raleam1', 'krivera30', 'rmsgnl111', 'javaleriohe', 'jordanhitter41', 'sophiearoy1', 'luisornelas_986', 'aripp3', 'seciliah', 'csanford', 'yejiand', 'noemigrodriguez11', 'jedojellyo236', None, 'siu854025949', 'marioyomir9', 'crypton9981', 'lewisfleming', 'gavinmccormick2', 'siu856031918', 'siu853933005', 'krupatishbi', 'andresaraiva', 'vgcontreras', 'spramirez6', 'trsureshkumar1', 'frankzh']"
25,448,36,7,1,['knrenteria'],34,"['cjmeyer', 'rajus3', 'awesomesisay', 'eaulloa', 'mrmedina4', 'tsfishe1', 'cswaller', 'jeenriquez5', 'mgatewo1', 'nrana4', 'surabhir1986', 'nrsemicond2021', 'moralesd930', 'raleam1', 'krivera30', 'rmsgnl111', 'javaleriohe', 'jordanhitter41', 'sophiearoy1', 'luisornelas_986', 'aripp3', 'csanford', 'yejiand', 'siu854025949', 'marioyomir9', 'crypton9981', 'lewisfleming', 'gavinmccormick2', 'krupatishbi', 'andresaraiva', 'vgcontreras', 'spramirez6', 'trsureshkumar1', 'frankzh']",6,"['aadelgado4', 'stella', 'lecalamaco', 'vaburciagaz', 'wino1301', None]",41,"['cjmeyer', 'rajus3', 'awesomesisay', 'eaulloa', 'aadelgado4', 'mrmedina4', 'tsfishe1', 'cswaller', 'jeenriquez5', 'vaburciagaz', 'mgatewo1', 'nrana4', 'surabhir1986', 'knrenteria', 'nrsemicond2021', 'moralesd930', 'raleam1', 'krivera30', 'rmsgnl111', 'lecalamaco', 'javaleriohe', 'jordanhitter41', 'sophiearoy1', 'luisornelas_986', 'wino1301', 'aripp3', 'csanford', 'yejiand', None, 'siu854025949', 'marioyomir9', 'crypton9981', 'lewisfleming', 'gavinmccormick2', 'stella', 'krupatishbi', 'andresaraiva', 'vgcontreras', 'spramirez6', 'trsureshkumar1', 'frankzh']"
26,439,35,62,4,"['mwmjr150', 'riddhiranjithkumar', 'grant.lopresti', 'aditya.c.paul']",30,"['haseeb23asb', 'bosstri1hard', 'e.lee0325', 'zhengjj', 'jwillstaples', 'vivianlsu', 'megan.richards', 'jennawhite1950', 'nickstrauch', 'kangell123', 'adil.ig2e', 'vaishvip01', 'owenpmack', 'josh.rabinowitz1', 'armanshekarriz', 'morgmccloud', 'alexmigala', 'asher', 'lhpc', 'cwellsrun', 'jona_than', 'lucas.josephy10', 'wujiaxi', 'matt.bloom101', 'pns13', 'danielfeinblatt', 'ztm9', 'nab', 'evankenyon', 'jetthollister18']",58,"['mattsqrd', 'kbb00008', 'allenchu', 'jjoonny76', 'p20170423', '216cheng', 'kgraham87', 'tiange', 'vaburciagaz', 'jmh2329', 'sandip83', 'ajray', 'aivergar', 'naroman2', 'kang_wang_shanghaitech', 'gollner.laura', 'jelackey', 'vincent.goiffon', 'fastjacksonmin', 'tjacks42', 'ih8faaan', 'rridgwa1', 'viviantrack', 'z5382647', 'rkrish52', 'jsolan10', 'wino1301', 'btano', 'cdn2128', 'searguet', 'dalliso4', 'elhamatef199', 'xyl983915913', 'claybuster715', 'si00003', 'vs00016', 'zhishangs', 'cmerril3', 'kdenial', 'silko.igor', None, 'mgarc171', 'hongkiha', 'gebaker2', 'shawnlloyd8', 'mjlong7', 'hstone1', 'kevindiu', 'adorn2', 'wxg', 'yim5759', 'gmortiz3', 'avillegas5', 'leesh9412', 'aarondfranklin', 'dvoskineli', 'sesh9366', 'daniel.robin22']",92,"['e.lee0325', 'kbb00008', 'p20170423', 'kgraham87', 'megan.richards', 'jennawhite1950', 'nickstrauch', 'sandip83', 'sesh9366', 'jelackey', 'kang_wang_shanghaitech', 'gollner.laura', 'vaishvip01', 'leesh9412', 'z5382647', 'rkrish52', 'armanshekarriz', 'wino1301', 'alexmigala', 'morgmccloud', 'lhpc', 'elhamatef199', 'claybuster715', 'cwellsrun', 'jona_than', 'vs00016', 'lucas.josephy10', 'zhishangs', 'silko.igor', 'mgarc171', 'shawnlloyd8', 'gebaker2', 'mjlong7', 'hstone1', 'kevindiu', 'adorn2', 'wujiaxi', 'matt.bloom101', 'avillegas5', 'naroman2', 'fastjacksonmin', 'aditya.c.paul', 'evankenyon', 'daniel.robin22', 'haseeb23asb', 'mattsqrd', 'bosstri1hard', 'allenchu', 'zhengjj', 'jjoonny76', 'jwillstaples', 'vivianlsu', '216cheng', 'tiange', 'vaburciagaz', 'jmh2329', 'ajray', 'aivergar', 'kangell123', 'vincent.goiffon', 'riddhiranjithkumar', 'adil.ig2e', 'tjacks42', 'ih8faaan', 'owenpmack', 'josh.rabinowitz1', 'rridgwa1', 'viviantrack', 'jsolan10', 'btano', 'asher', 'cdn2128', 'searguet', 'dalliso4', 'xyl983915913', 'mwmjr150', 'si00003', 'cmerril3', 'kdenial', None, 'hongkiha', 'grant.lopresti', 'wxg', 'yim5759', 'gmortiz3', 'pns13', 'danielfeinblatt', 'aarondfranklin', 'dvoskineli', 'ztm9', 'nab', 'jetthollister18']"
26,283,35,40,33,"['haseeb23asb', 'bosstri1hard', 'e.lee0325', 'zhengjj', 'jwillstaples', 'vivianlsu', 'megan.richards', 'jennawhite1950', 'nickstrauch', 'kangell123', 'riddhiranjithkumar', 'adil.ig2e', 'vaishvip01', 'owenpmack', 'josh.rabinowitz1', 'armanshekarriz', 'morgmccloud', 'alexmigala', 'asher', 'lhpc', 'cwellsrun', 'jona_than', 'evankenyon', 'lucas.josephy10', 'grant.lopresti', 'wujiaxi', 'matt.bloom101', 'pns13', 'danielfeinblatt', 'ztm9', 'nab', 'aditya.c.paul', 'jetthollister18']",1,['mwmjr150'],7,"['nicholasbhimani', 'sy.tadesse', 'hkder', 'linasleyhausen', 'bw13241324', None, 'faris.albarghouthi']",41,"['haseeb23asb', 'bosstri1hard', 'e.lee0325', 'zhengjj', 'jwillstaples', 'vivianlsu', 'megan.richards', 'jennawhite1950', 'nickstrauch', 'kangell123', 'nicholasbhimani', 'riddhiranjithkumar', 'adil.ig2e', 'vaishvip01', 'aditya.c.paul', 'owenpmack', 'josh.rabinowitz1', 'faris.albarghouthi', 'armanshekarriz', 'linasleyhausen', 'alexmigala', 'morgmccloud', 'asher', 'lhpc', 'cwellsrun', 'jona_than', 'mwmjr150', 'lucas.josephy10', 'hkder', None, 'grant.lopresti', 'sy.tadesse', 'wujiaxi', 'matt.bloom101', 'pns13', 'bw13241324', 'danielfeinblatt', 'ztm9', 'nab', 'evankenyon', 'jetthollister18']"
26,335,35,35,31,"['haseeb23asb', 'bosstri1hard', 'e.lee0325', 'zhengjj', 'jwillstaples', 'vivianlsu', 'megan.richards', 'jennawhite1950', 'nickstrauch', 'kangell123', 'riddhiranjithkumar', 'adil.ig2e', 'vaishvip01', 'owenpmack', 'josh.rabinowitz1', 'armanshekarriz', 'morgmccloud', 'alexmigala', 'lhpc', 'cwellsrun', 'jona_than', 'evankenyon', 'lucas.josephy10', 'grant.lopresti', 'wujiaxi', 'matt.bloom101', 'pns13', 'danielfeinblatt', 'ztm9', 'aditya.c.paul', 'jetthollister18']",3,"['mwmjr150', 'asher', 'nab']",4,"['sy.tadesse', None, 'blc29', 'bw13241324']",38,"['haseeb23asb', 'bosstri1hard', 'e.lee0325', 'zhengjj', 'jwillstaples', 'vivianlsu', 'megan.richards', 'jennawhite1950', 'nickstrauch', 'blc29', 'kangell123', 'riddhiranjithkumar', 'adil.ig2e', 'vaishvip01', 'aditya.c.paul', 'owenpmack', 'josh.rabinowitz1', 'armanshekarriz', 'alexmigala', 'morgmccloud', 'asher', 'lhpc', 'cwellsrun', 'jona_than', 'mwmjr150', 'lucas.josephy10', None, 'grant.lopresti', 'sy.tadesse', 'wujiaxi', 'matt.bloom101', 'pns13', 'bw13241324', 'danielfeinblatt', 'ztm9', 'nab', 'evankenyon', 'jetthollister18']"
26,440,35,34,26,"['haseeb23asb', 'zhengjj', 'jwillstaples', 'vivianlsu', 'megan.richards', 'kangell123', 'riddhiranjithkumar', 'adil.ig2e', 'aditya.c.paul', 'owenpmack', 'josh.rabinowitz1', 'armanshekarriz', 'morgmccloud', 'alexmigala', 'lhpc', 'cwellsrun', 'jona_than', 'lucas.josephy10', 'wujiaxi', 'matt.bloom101', 'pns13', 'danielfeinblatt', 'ztm9', 'nab', 'evankenyon', 'jetthollister18']",8,"['vaishvip01', 'bosstri1hard', 'e.lee0325', 'mwmjr150', 'grant.lopresti', 'jennawhite1950', 'nickstrauch', 'asher']",8,"[None, 'awesomesisay', 'abhinav.ratnagiri', 'shinysw', 'hkder', 'linasleyhausen', 'aarondfranklin', 'blc29']",42,"['haseeb23asb', 'bosstri1hard', 'e.lee0325', 'awesomesisay', 'zhengjj', 'jwillstaples', 'vivianlsu', 'megan.richards', 'jennawhite1950', 'nickstrauch', 'blc29', 'kangell123', 'riddhiranjithkumar', 'adil.ig2e', 'vaishvip01', 'aditya.c.paul', 'owenpmack', 'josh.rabinowitz1', 'armanshekarriz', 'linasleyhausen', 'alexmigala', 'morgmccloud', 'asher', 'lhpc', 'cwellsrun', 'jona_than', 'mwmjr150', 'lucas.josephy10', 'shinysw', 'hkder', None, 'grant.lopresti', 'wujiaxi', 'abhinav.ratnagiri', 'matt.bloom101', 'pns13', 'danielfeinblatt', 'aarondfranklin', 'ztm9', 'nab', 'evankenyon', 'jetthollister18']"
26,332,35,29,26,"['haseeb23asb', 'bosstri1hard', 'e.lee0325', 'zhengjj', 'jwillstaples', 'megan.richards', 'jennawhite1950', 'nickstrauch', 'riddhiranjithkumar', 'vaishvip01', 'adil.ig2e', 'owenpmack', 'josh.rabinowitz1', 'alexmigala', 'asher', 'lhpc', 'cwellsrun', 'jona_than', 'mwmjr150', 'lucas.josephy10', 'grant.lopresti', 'wujiaxi', 'matt.bloom101', 'pns13', 'nab', 'jetthollister18']",8,"['evankenyon', 'vivianlsu', 'danielfeinblatt', 'armanshekarriz', 'morgmccloud', 'kangell123', 'ztm9', 'aditya.c.paul']",3,"['sy.tadesse', None, 'linasleyhausen']",37,"['haseeb23asb', 'bosstri1hard', 'e.lee0325', 'zhengjj', 'jwillstaples', 'vivianlsu', 'megan.richards', 'jennawhite1950', 'nickstrauch', 'kangell123', 'riddhiranjithkumar', 'adil.ig2e', 'vaishvip01', 'aditya.c.paul', 'owenpmack', 'josh.rabinowitz1', 'armanshekarriz', 'linasleyhausen', 'alexmigala', 'morgmccloud', 'asher', 'lhpc', 'cwellsrun', 'jona_than', 'mwmjr150', 'lucas.josephy10', None, 'grant.lopresti', 'sy.tadesse', 'wujiaxi', 'matt.bloom101', 'pns13', 'danielfeinblatt', 'ztm9', 'nab', 'evankenyon', 'jetthollister18']"
26,39,35,22,1,['e.lee0325'],33,"['haseeb23asb', 'bosstri1hard', 'zhengjj', 'jwillstaples', 'vivianlsu', 'megan.richards', 'jennawhite1950', 'nickstrauch', 'kangell123', 'riddhiranjithkumar', 'adil.ig2e', 'vaishvip01', 'owenpmack', 'josh.rabinowitz1', 'armanshekarriz', 'morgmccloud', 'alexmigala', 'asher', 'lhpc', 'cwellsrun', 'jona_than', 'mwmjr150', 'evankenyon', 'lucas.josephy10', 'grant.lopresti', 'wujiaxi', 'matt.bloom101', 'pns13', 'danielfeinblatt', 'ztm9', 'nab', 'aditya.c.paul', 'jetthollister18']",21,"['pncho7', 'adams3cn', 'moarabikakabalo', 'ljw', 'tinybun', 'denizacil', 'leng', 'tianjiacheng066', 'jabern', 'yinenghan', 'saismaransb', 'brianwenpitt', 'inorganicsynthesis', 'jx2471', 'txy953377198', None, 'throwmeaway', 'grcosta95', 'skh46', 'zsy6159', 'anlanchen1']",55,"['haseeb23asb', 'pncho7', 'bosstri1hard', 'e.lee0325', 'zhengjj', 'adams3cn', 'jwillstaples', 'moarabikakabalo', 'vivianlsu', 'megan.richards', 'jennawhite1950', 'nickstrauch', 'ljw', 'kangell123', 'tinybun', 'denizacil', 'leng', 'riddhiranjithkumar', 'adil.ig2e', 'vaishvip01', 'tianjiacheng066', 'aditya.c.paul', 'jabern', 'owenpmack', 'josh.rabinowitz1', 'yinenghan', 'armanshekarriz', 'alexmigala', 'morgmccloud', 'asher', 'lhpc', 'cwellsrun', 'jona_than', 'mwmjr150', 'saismaransb', 'brianwenpitt', 'inorganicsynthesis', 'lucas.josephy10', 'jx2471', 'txy953377198', None, 'throwmeaway', 'grant.lopresti', 'grcosta95', 'wujiaxi', 'skh46', 'matt.bloom101', 'pns13', 'danielfeinblatt', 'anlanchen1', 'zsy6159', 'ztm9', 'nab', 'evankenyon', 'jetthollister18']"
26,38,35,16,1,['e.lee0325'],33,"['haseeb23asb', 'bosstri1hard', 'zhengjj', 'jwillstaples', 'vivianlsu', 'megan.richards', 'jennawhite1950', 'nickstrauch', 'kangell123', 'riddhiranjithkumar', 'adil.ig2e', 'vaishvip01', 'owenpmack', 'josh.rabinowitz1', 'armanshekarriz', 'morgmccloud', 'alexmigala', 'asher', 'lhpc', 'cwellsrun', 'jona_than', 'mwmjr150', 'evankenyon', 'lucas.josephy10', 'grant.lopresti', 'wujiaxi', 'matt.bloom101', 'pns13', 'danielfeinblatt', 'ztm9', 'nab', 'aditya.c.paul', 'jetthollister18']",15,"['denizacil', 'throwmeaway', 'brianwenpitt', 'inorganicsynthesis', 'yinenghan', 'moarabikakabalo', 'grcosta95', 'yb50', 'skh46', 'anlanchen', 'jx2471', 'txy953377198', 'lynnnnn', None, 'ljw']",49,"['haseeb23asb', 'bosstri1hard', 'e.lee0325', 'zhengjj', 'jwillstaples', 'moarabikakabalo', 'vivianlsu', 'megan.richards', 'jennawhite1950', 'nickstrauch', 'ljw', 'kangell123', 'denizacil', 'riddhiranjithkumar', 'adil.ig2e', 'vaishvip01', 'aditya.c.paul', 'owenpmack', 'josh.rabinowitz1', 'yinenghan', 'yb50', 'armanshekarriz', 'anlanchen', 'alexmigala', 'morgmccloud', 'asher', 'lhpc', 'cwellsrun', 'jona_than', 'mwmjr150', 'brianwenpitt', 'inorganicsynthesis', 'lucas.josephy10', 'jx2471', 'txy953377198', 'lynnnnn', None, 'throwmeaway', 'grant.lopresti', 'grcosta95', 'wujiaxi', 'skh46', 'matt.bloom101', 'pns13', 'danielfeinblatt', 'ztm9', 'nab', 'evankenyon', 'jetthollister18']"
27,263,34,49,30,"['haichenchen', 'dlou', 'tanjin_he', 'yuhaowang', 'sumati.rangaraj', 'vtovmasyan', 'jk2297', 'ewcspottesmith', 'mvenetos', 'icyliang', 'jesseschimpf', 'haomingli', 'akhanwale', 's.rangaraj', 'epegg', 'drpw27', 'amandaguan', 'p_conns', 'esalzman', 'sherlcok12', 'kolshlee', 'cloverke99', 'stang13', 'blisberkeleyaccount', 'pawan_khanal', 'andremontes', 'sarasusanto', 'jsafipour', 'dairyan', 'ghafar_yerima']",3,"['amdickson', 'tachowd1', 'hpatel1567']",19,"['xiaochen', 'thwolfe22', 'anthony.salazar', 'hashim7', 'ging_martin', 'rachel9711', 'enzechen', 'cmcc19', 'dongye_liu2021', 'brandonlou', 'jordanlei', 'rj23s', 'mpsherb', 'yuxingfei24', None, 'nyathescholar', 'mfarnell', 'rohankoka', 't103830004']",52,"['yuhaowang', 'sumati.rangaraj', 'jk2297', 'hashim7', 'rachel9711', 'ewcspottesmith', 'amdickson', 'haomingli', 'akhanwale', 'jordanlei', 'drpw27', 'epegg', 'tachowd1', 'kolshlee', 'mpsherb', 'yuxingfei24', 'pawan_khanal', 'rohankoka', 'hpatel1567', 'sarasusanto', 'jsafipour', 'dairyan', 'xiaochen', 'haichenchen', 'dlou', 'thwolfe22', 'tanjin_he', 'anthony.salazar', 'vtovmasyan', 'ging_martin', 'enzechen', 'mvenetos', 'icyliang', 'cmcc19', 'dongye_liu2021', 'jesseschimpf', 'brandonlou', 's.rangaraj', 'amandaguan', 'p_conns', 'esalzman', 'sherlcok12', 'rj23s', 'cloverke99', 'stang13', 'nyathescholar', None, 'mfarnell', 'blisberkeleyaccount', 't103830004', 'andremontes', 'ghafar_yerima']"
27,166,34,33,27,"['dlou', 'tanjin_he', 'yuhaowang', 'vtovmasyan', 'jk2297', 'ewcspottesmith', 'mvenetos', 'icyliang', 'jesseschimpf', 'haomingli', 'akhanwale', 's.rangaraj', 'epegg', 'amandaguan', 'p_conns', 'tachowd1', 'esalzman', 'sherlcok12', 'kolshlee', 'cloverke99', 'stang13', 'blisberkeleyaccount', 'pawan_khanal', 'andremontes', 'sarasusanto', 'dairyan', 'ghafar_yerima']",6,"['haichenchen', 'sumati.rangaraj', 'amdickson', 'hpatel1567', 'jsafipour', 'drpw27']",6,"['mfarnell', 'rohankoka', 'mpsherb', None, 'mipayne', 'tungmato7']",39,"['haichenchen', 'dlou', 'tanjin_he', 'yuhaowang', 'sumati.rangaraj', 'vtovmasyan', 'jk2297', 'ewcspottesmith', 'mvenetos', 'icyliang', 'amdickson', 'jesseschimpf', 'haomingli', 'akhanwale', 's.rangaraj', 'drpw27', 'epegg', 'amandaguan', 'p_conns', 'tachowd1', 'esalzman', 'sherlcok12', 'kolshlee', 'mpsherb', 'cloverke99', 'stang13', None, 'mipayne', 'mfarnell', 'blisberkeleyaccount', 'pawan_khanal', 'rohankoka', 'andremontes', 'hpatel1567', 'sarasusanto', 'jsafipour', 'dairyan', 'ghafar_yerima', 'tungmato7']"
27,168,34,12,9,"['ewcspottesmith', 'haichenchen', 'jesseschimpf', 'akhanwale', 'kolshlee', 'jk2297', 'jsafipour', 'drpw27', 'amandaguan']",24,"['dlou', 'tanjin_he', 'yuhaowang', 'sumati.rangaraj', 'vtovmasyan', 'mvenetos', 'icyliang', 'amdickson', 'haomingli', 's.rangaraj', 'epegg', 'p_conns', 'tachowd1', 'esalzman', 'sherlcok12', 'cloverke99', 'stang13', 'blisberkeleyaccount', 'pawan_khanal', 'andremontes', 'hpatel1567', 'sarasusanto', 'dairyan', 'ghafar_yerima']",3,"[None, 'nyathescholar', 't103830004']",36,"['haichenchen', 'dlou', 'tanjin_he', 'yuhaowang', 'sumati.rangaraj', 'vtovmasyan', 'jk2297', 'ewcspottesmith', 'mvenetos', 'icyliang', 'amdickson', 'jesseschimpf', 'haomingli', 'akhanwale', 's.rangaraj', 'drpw27', 'epegg', 'amandaguan', 'p_conns', 'tachowd1', 'esalzman', 'sherlcok12', 'kolshlee', 'cloverke99', 'stang13', None, 'nyathescholar', 'blisberkeleyaccount', 'pawan_khanal', 't103830004', 'andremontes', 'hpatel1567', 'sarasusanto', 'jsafipour', 'dairyan', 'ghafar_yerima']"
27,164,34,8,4,"['ewcspottesmith', 'pawan_khanal', 'sarasusanto', 'epegg']",29,"['haichenchen', 'dlou', 'tanjin_he', 'yuhaowang', 'sumati.rangaraj', 'vtovmasyan', 'jk2297', 'mvenetos', 'icyliang', 'amdickson', 'jesseschimpf', 'haomingli', 'akhanwale', 's.rangaraj', 'drpw27', 'amandaguan', 'p_conns', 'tachowd1', 'esalzman', 'sherlcok12', 'kolshlee', 'cloverke99', 'stang13', 'blisberkeleyaccount', 'andremontes', 'hpatel1567', 'jsafipour', 'dairyan', 'ghafar_yerima']",4,"['rohankoka', None, 't103830004', 'mpsherb']",37,"['haichenchen', 'dlou', 'tanjin_he', 'yuhaowang', 'sumati.rangaraj', 'vtovmasyan', 'jk2297', 'ewcspottesmith', 'mvenetos', 'icyliang', 'amdickson', 'jesseschimpf', 'haomingli', 'akhanwale', 's.rangaraj', 'drpw27', 'epegg', 'amandaguan', 'p_conns', 'tachowd1', 'esalzman', 'sherlcok12', 'kolshlee', 'mpsherb', 'cloverke99', 'stang13', None, 'blisberkeleyaccount', 'pawan_khanal', 'rohankoka', 't103830004', 'andremontes', 'hpatel1567', 'sarasusanto', 'jsafipour', 'dairyan', 'ghafar_yerima']"
28,357,32,31,27,"['sjancich', 'pkraj', 'diesears', 'pkinon1229', 'brylemas', 'syzahidi', 'oreomodi', 'ngrieser', 'vermouthnyeol', 'hortyl', 'awzeigle', 'cookrm', 'nschersc', 'trevdoug', 'tsweir', 'stopeddy', 'dbettasb', 'emickel', 'asbuchan', 'baumana', 'lkaczur', 'rjhelfri', 'hgiba', 'sctam', 'egmather', 'ctbrake', 'ethbarks']",4,"['ambelang', 'garrfair', 'abbyspen', 'benan']",4,"[None, 'japanavi', 'thayik', 'thommoor']",35,"['japanavi', 'sjancich', 'pkraj', 'diesears', 'pkinon1229', 'brylemas', 'syzahidi', 'oreomodi', 'benan', 'ngrieser', 'ambelang', 'garrfair', 'vermouthnyeol', 'thayik', 'thommoor', 'hortyl', 'awzeigle', 'cookrm', 'nschersc', 'abbyspen', 'trevdoug', 'tsweir', 'stopeddy', 'dbettasb', None, 'emickel', 'asbuchan', 'baumana', 'lkaczur', 'rjhelfri', 'hgiba', 'sctam', 'egmather', 'ctbrake', 'ethbarks']"
29,86,32,25,9,"['ahmedgbr2050', 'yosefsoliman', 'habiba.saeed03', 'omaramara50', 'mohamed_nagy', 'faresfouda88', 'momar4799', 'khaledatia25', 'agagmohamed']",22,"['osamy7592', 'haneen_abdulhaleem', 'asoomsweet23', 'asta.yami1123', 'madonna.ibrahim48', 'omarelsherbiny', 'ahmedsami', 'mohadel', 'salmaeltahhan2', 'salaheldienahmed', 'mazenreda', 'ahmedseif', 'hasmohamed', 'reemfadaly.23', 'muhmmadmahmoud', 'nohamarie', 'moatazelsherbiny', 'kloodhm123', 'eidnancy182011', 'ahmedsamy1332002', 'abdelrahmanatlam', 'roaa.fouda2']",16,"['khaledelmorsy976', 'aabbnnaasseerr', None, 'ebrahimabdelrazik', 'nfayez', 'salma_elhosiny30', 'almaken99', 'yomnaalsayedyahya', 'dremadmostafa', 'ahmedhussein', 'xo', 'mtaify', 'yahyaelsi60', 'baselahmed397', 'tokaemadco', 'nourhantawfiq']",47,"['ahmedgbr2050', 'ebrahimabdelrazik', 'osamy7592', 'haneen_abdulhaleem', 'asoomsweet23', 'asta.yami1123', 'habiba.saeed03', 'omaramara50', 'mohamed_nagy', 'madonna.ibrahim48', 'omarelsherbiny', 'khaledatia25', 'ahmedsami', 'khaledelmorsy976', 'aabbnnaasseerr', 'nfayez', 'mohadel', 'salmaeltahhan2', 'salaheldienahmed', 'mazenreda', 'almaken99', 'ahmedhussein', 'ahmedseif', 'mtaify', 'hasmohamed', 'faresfouda88', 'momar4799', 'baselahmed397', 'nourhantawfiq', 'agagmohamed', 'reemfadaly.23', 'muhmmadmahmoud', 'nohamarie', 'moatazelsherbiny', 'yomnaalsayedyahya', 'dremadmostafa', 'xo', 'kloodhm123', 'eidnancy182011', 'ahmedsamy1332002', 'abdelrahmanatlam', 'tokaemadco', None, 'roaa.fouda2', 'salma_elhosiny30', 'yosefsoliman', 'yahyaelsi60']"
29,141,32,23,10,"['ahmedgbr2050', 'salmaeltahhan2', 'asoomsweet23', 'yosefsoliman', 'habiba.saeed03', 'omaramara50', 'mohamed_nagy', 'faresfouda88', 'momar4799', 'agagmohamed']",21,"['osamy7592', 'haneen_abdulhaleem', 'asta.yami1123', 'madonna.ibrahim48', 'omarelsherbiny', 'khaledatia25', 'ahmedsami', 'mohadel', 'salaheldienahmed', 'mazenreda', 'ahmedseif', 'hasmohamed', 'reemfadaly.23', 'muhmmadmahmoud', 'nohamarie', 'moatazelsherbiny', 'kloodhm123', 'eidnancy182011', 'ahmedsamy1332002', 'abdelrahmanatlam', 'roaa.fouda2']",13,"['khaledelmorsy976', 'aabbnnaasseerr', None, 'ebrahimabdelrazik', 'salma_elhosiny30', 'almaken99', 'dremadmostafa', 'ahmedhussein', 'xo', 'mtaify', 'yahyaelsi60', 'baselahmed397', 'nourhantawfiq']",44,"['ahmedgbr2050', 'ebrahimabdelrazik', 'osamy7592', 'haneen_abdulhaleem', 'asoomsweet23', 'asta.yami1123', 'habiba.saeed03', 'omaramara50', 'mohamed_nagy', 'madonna.ibrahim48', 'omarelsherbiny', 'khaledatia25', 'ahmedsami', 'khaledelmorsy976', 'aabbnnaasseerr', 'mohadel', 'salmaeltahhan2', 'salaheldienahmed', 'mazenreda', 'almaken99', 'ahmedhussein', 'ahmedseif', 'mtaify', 'hasmohamed', 'faresfouda88', 'momar4799', 'baselahmed397', 'nourhantawfiq', 'agagmohamed', 'reemfadaly.23', 'muhmmadmahmoud', 'nohamarie', 'moatazelsherbiny', 'dremadmostafa', 'xo', 'kloodhm123', 'eidnancy182011', 'ahmedsamy1332002', 'abdelrahmanatlam', None, 'roaa.fouda2', 'salma_elhosiny30', 'yosefsoliman', 'yahyaelsi60']"
29,142,32,15,6,"['muhmmadmahmoud', 'roaa.fouda2', 'mohadel', 'asoomsweet23', 'asta.yami1123', 'ahmedsami']",25,"['ahmedgbr2050', 'osamy7592', 'haneen_abdulhaleem', 'habiba.saeed03', 'omaramara50', 'mohamed_nagy', 'madonna.ibrahim48', 'omarelsherbiny', 'khaledatia25', 'salmaeltahhan2', 'salaheldienahmed', 'mazenreda', 'ahmedseif', 'hasmohamed', 'faresfouda88', 'momar4799', 'agagmohamed', 'reemfadaly.23', 'nohamarie', 'moatazelsherbiny', 'kloodhm123', 'eidnancy182011', 'ahmedsamy1332002', 'abdelrahmanatlam', 'yosefsoliman']",9,"['mohamedibr', 'nfayez', 'rabeashrief', 'osaad432002', 'nahoolaf', '2003tasneemelyamany', 'danabelal00', None, 'elsayedibrahim442002']",40,"['mohamedibr', 'ahmedgbr2050', 'osamy7592', 'haneen_abdulhaleem', 'asoomsweet23', 'asta.yami1123', 'habiba.saeed03', 'omaramara50', 'mohamed_nagy', 'madonna.ibrahim48', 'omarelsherbiny', 'khaledatia25', 'ahmedsami', 'elsayedibrahim442002', 'nfayez', 'mohadel', 'salmaeltahhan2', 'salaheldienahmed', 'mazenreda', 'ahmedseif', 'osaad432002', 'hasmohamed', 'faresfouda88', 'momar4799', 'agagmohamed', 'reemfadaly.23', 'muhmmadmahmoud', 'nohamarie', 'moatazelsherbiny', 'kloodhm123', 'eidnancy182011', 'ahmedsamy1332002', '2003tasneemelyamany', 'abdelrahmanatlam', None, 'roaa.fouda2', 'rabeashrief', 'nahoolaf', 'yosefsoliman', 'danabelal00']"
29,427,32,15,4,"['omaramara50', 'momar4799', 'ahmedgbr2050', 'agagmohamed']",27,"['osamy7592', 'haneen_abdulhaleem', 'asoomsweet23', 'asta.yami1123', 'habiba.saeed03', 'mohamed_nagy', 'madonna.ibrahim48', 'omarelsherbiny', 'khaledatia25', 'ahmedsami', 'mohadel', 'salmaeltahhan2', 'salaheldienahmed', 'mazenreda', 'ahmedseif', 'hasmohamed', 'faresfouda88', 'reemfadaly.23', 'muhmmadmahmoud', 'nohamarie', 'moatazelsherbiny', 'kloodhm123', 'eidnancy182011', 'ahmedsamy1332002', 'abdelrahmanatlam', 'roaa.fouda2', 'yosefsoliman']",11,"['khaledelmorsy976', 'ahmedaboelnasr2001', 'salma_elhosiny30', 'nfayez', 'ebrahimabdelrazik', None, 'almaken99', 'xo', 'yahyaelsi60', 'nourhantawfiq', 'km5779402']",42,"['ahmedgbr2050', 'ebrahimabdelrazik', 'osamy7592', 'haneen_abdulhaleem', 'asoomsweet23', 'asta.yami1123', 'habiba.saeed03', 'omaramara50', 'mohamed_nagy', 'madonna.ibrahim48', 'omarelsherbiny', 'khaledatia25', 'ahmedsami', 'km5779402', 'khaledelmorsy976', 'nfayez', 'mohadel', 'salmaeltahhan2', 'salaheldienahmed', 'mazenreda', 'almaken99', 'ahmedseif', 'hasmohamed', 'faresfouda88', 'momar4799', 'nourhantawfiq', 'agagmohamed', 'reemfadaly.23', 'muhmmadmahmoud', 'nohamarie', 'moatazelsherbiny', 'xo', 'kloodhm123', 'eidnancy182011', 'ahmedsamy1332002', 'abdelrahmanatlam', None, 'roaa.fouda2', 'ahmedaboelnasr2001', 'salma_elhosiny30', 'yosefsoliman', 'yahyaelsi60']"
29,472,32,13,2,"['asoomsweet23', 'asta.yami1123']",29,"['ahmedgbr2050', 'osamy7592', 'haneen_abdulhaleem', 'habiba.saeed03', 'omaramara50', 'mohamed_nagy', 'madonna.ibrahim48', 'omarelsherbiny', 'khaledatia25', 'ahmedsami', 'mohadel', 'salmaeltahhan2', 'salaheldienahmed', 'mazenreda', 'ahmedseif', 'hasmohamed', 'faresfouda88', 'momar4799', 'agagmohamed', 'reemfadaly.23', 'muhmmadmahmoud', 'nohamarie', 'moatazelsherbiny', 'kloodhm123', 'eidnancy182011', 'ahmedsamy1332002', 'abdelrahmanatlam', 'roaa.fouda2', 'yosefsoliman']",11,"['ahmedaboelnasr2001', 'mohamedibr', 'nfayez', 'salma_elhosiny30', 'ahmedhussein', 'xo', 'nahoolaf', 'yahiaatawfeek', 'reemfadaly', None, 'km5779402']",42,"['mohamedibr', 'ahmedgbr2050', 'osamy7592', 'haneen_abdulhaleem', 'asoomsweet23', 'asta.yami1123', 'yahiaatawfeek', 'habiba.saeed03', 'omaramara50', 'mohamed_nagy', 'madonna.ibrahim48', 'omarelsherbiny', 'khaledatia25', 'ahmedsami', 'km5779402', 'nfayez', 'mohadel', 'salmaeltahhan2', 'salaheldienahmed', 'mazenreda', 'ahmedhussein', 'ahmedseif', 'hasmohamed', 'faresfouda88', 'momar4799', 'agagmohamed', 'reemfadaly.23', 'muhmmadmahmoud', 'nohamarie', 'moatazelsherbiny', 'xo', 'kloodhm123', 'eidnancy182011', 'ahmedsamy1332002', 'reemfadaly', 'abdelrahmanatlam', None, 'roaa.fouda2', 'ahmedaboelnasr2001', 'salma_elhosiny30', 'nahoolaf', 'yosefsoliman']"
29,87,32,12,5,"['roaa.fouda2', 'mohadel', 'asoomsweet23', 'asta.yami1123', 'ahmedsami']",26,"['ahmedgbr2050', 'osamy7592', 'haneen_abdulhaleem', 'habiba.saeed03', 'omaramara50', 'mohamed_nagy', 'madonna.ibrahim48', 'omarelsherbiny', 'khaledatia25', 'salmaeltahhan2', 'salaheldienahmed', 'mazenreda', 'ahmedseif', 'hasmohamed', 'faresfouda88', 'momar4799', 'agagmohamed', 'reemfadaly.23', 'muhmmadmahmoud', 'nohamarie', 'moatazelsherbiny', 'kloodhm123', 'eidnancy182011', 'ahmedsamy1332002', 'abdelrahmanatlam', 'yosefsoliman']",7,"['nfayez', 'rabeashrief', 'nahoolaf', '2003tasneemelyamany', 'danabelal00', None, 'elsayedibrahim442002']",38,"['ahmedgbr2050', 'osamy7592', 'haneen_abdulhaleem', 'asoomsweet23', 'asta.yami1123', 'habiba.saeed03', 'omaramara50', 'mohamed_nagy', 'madonna.ibrahim48', 'omarelsherbiny', 'khaledatia25', 'ahmedsami', 'elsayedibrahim442002', 'nfayez', 'mohadel', 'salmaeltahhan2', 'salaheldienahmed', 'mazenreda', 'ahmedseif', 'hasmohamed', 'faresfouda88', 'momar4799', 'agagmohamed', 'reemfadaly.23', 'muhmmadmahmoud', 'nohamarie', 'moatazelsherbiny', 'kloodhm123', 'eidnancy182011', 'ahmedsamy1332002', '2003tasneemelyamany', 'abdelrahmanatlam', None, 'roaa.fouda2', 'rabeashrief', 'nahoolaf', 'yosefsoliman', 'danabelal00']"
29,428,32,7,2,"['mohadel', 'asta.yami1123']",29,"['ahmedgbr2050', 'osamy7592', 'haneen_abdulhaleem', 'asoomsweet23', 'habiba.saeed03', 'omaramara50', 'mohamed_nagy', 'madonna.ibrahim48', 'omarelsherbiny', 'khaledatia25', 'ahmedsami', 'salmaeltahhan2', 'salaheldienahmed', 'mazenreda', 'ahmedseif', 'hasmohamed', 'faresfouda88', 'momar4799', 'agagmohamed', 'reemfadaly.23', 'muhmmadmahmoud', 'nohamarie', 'moatazelsherbiny', 'kloodhm123', 'eidnancy182011', 'ahmedsamy1332002', 'abdelrahmanatlam', 'roaa.fouda2', 'yosefsoliman']",5,"['mohamedibr', 'rabeashrief', 'osaad432002', None, 'elsayedibrahim442002']",36,"['mohamedibr', 'ahmedgbr2050', 'osamy7592', 'haneen_abdulhaleem', 'asoomsweet23', 'asta.yami1123', 'habiba.saeed03', 'omaramara50', 'mohamed_nagy', 'madonna.ibrahim48', 'omarelsherbiny', 'khaledatia25', 'ahmedsami', 'elsayedibrahim442002', 'mohadel', 'salmaeltahhan2', 'salaheldienahmed', 'mazenreda', 'ahmedseif', 'osaad432002', 'hasmohamed', 'faresfouda88', 'momar4799', 'agagmohamed', 'reemfadaly.23', 'muhmmadmahmoud', 'nohamarie', 'moatazelsherbiny', 'kloodhm123', 'eidnancy182011', 'ahmedsamy1332002', 'abdelrahmanatlam', None, 'roaa.fouda2', 'rabeashrief', 'yosefsoliman']"
30,183,32,25,17,"['chiang82', 'fan332', 'shaw108', 'adams496', 'hgrennan', 'gcarnal', 'kmotwan', 'jone1807', 'kim3445', 'msudars', 'dgribbl', 'epiergal', 'katz21', 'dmoebius', 'bnarms', 'jo46', 'adams386']",14,"['josebalopezgarcia', 'vvalbuen', 'soniaggijon', 'washin55', 'asanjuan', 'jordanbanh8', 'irene.gima3', 'acnna_981', 'juanmoromegias', 'e.mraeto', 'antoniopoug', 'alvaro199916', 'pariadri3', 'gerardo1195']",8,"['imran3', 'li3259', 'dfarache', 'selizond', 'rortague', 'redwing', 'dhe48', None]",39,"['soniaggijon', 'hgrennan', 'acnna_981', 'li3259', 'antoniopoug', 'msudars', 'redwing', 'dhe48', 'dmoebius', 'bnarms', 'jo46', 'josebalopezgarcia', 'washin55', 'fan332', 'irene.gima3', 'gerardo1195', 'e.mraeto', 'kim3445', 'alvaro199916', 'rortague', 'katz21', 'kmotwan', 'chiang82', 'adams386', 'asanjuan', 'juanmoromegias', 'dfarache', 'selizond', 'pariadri3', 'shaw108', None, 'vvalbuen', 'jordanbanh8', 'imran3', 'adams496', 'gcarnal', 'epiergal', 'dgribbl', 'jone1807']"
30,181,32,17,13,"['chiang82', 'adams386', 'washin55', 'fan332', 'shaw108', 'hgrennan', 'gcarnal', 'msudars', 'epiergal', 'dgribbl', 'dmoebius', 'jo46', 'jone1807']",18,"['josebalopezgarcia', 'vvalbuen', 'soniaggijon', 'asanjuan', 'jordanbanh8', 'adams496', 'irene.gima3', 'acnna_981', 'juanmoromegias', 'e.mraeto', 'antoniopoug', 'kim3445', 'alvaro199916', 'pariadri3', 'katz21', 'bnarms', 'kmotwan', 'gerardo1195']",4,"['dfarache', None, 'shen441', 'dhe48']",35,"['soniaggijon', 'hgrennan', 'acnna_981', 'antoniopoug', 'msudars', 'dhe48', 'dmoebius', 'bnarms', 'jo46', 'josebalopezgarcia', 'washin55', 'fan332', 'irene.gima3', 'gerardo1195', 'e.mraeto', 'kim3445', 'alvaro199916', 'katz21', 'kmotwan', 'chiang82', 'adams386', 'asanjuan', 'juanmoromegias', 'dfarache', 'pariadri3', 'shaw108', 'shen441', None, 'vvalbuen', 'jordanbanh8', 'adams496', 'gcarnal', 'epiergal', 'dgribbl', 'jone1807']"
30,180,32,16,10,"['chiang82', 'washin55', 'asanjuan', 'fan332', 'shaw108', 'hgrennan', 'gcarnal', 'jo46', 'kmotwan', 'adams386']",21,"['soniaggijon', 'acnna_981', 'antoniopoug', 'msudars', 'dmoebius', 'bnarms', 'josebalopezgarcia', 'gerardo1195', 'irene.gima3', 'e.mraeto', 'kim3445', 'alvaro199916', 'katz21', 'juanmoromegias', 'pariadri3', 'vvalbuen', 'jordanbanh8', 'adams496', 'epiergal', 'dgribbl', 'jone1807']",6,"['caseymjones15', 'dfarache', 'rortague', 'redwing', 'dhe48', None]",37,"['soniaggijon', 'hgrennan', 'acnna_981', 'antoniopoug', 'msudars', 'redwing', 'dhe48', 'dmoebius', 'bnarms', 'jo46', 'josebalopezgarcia', 'washin55', 'fan332', 'irene.gima3', 'gerardo1195', 'e.mraeto', 'kim3445', 'alvaro199916', 'rortague', 'katz21', 'kmotwan', 'chiang82', 'adams386', 'caseymjones15', 'asanjuan', 'juanmoromegias', 'dfarache', 'pariadri3', 'shaw108', None, 'vvalbuen', 'jordanbanh8', 'adams496', 'gcarnal', 'epiergal', 'dgribbl', 'jone1807']"
30,179,32,12,8,"['josebalopezgarcia', 'soniaggijon', 'irene.gima3', 'juanmoromegias', 'e.mraeto', 'antoniopoug', 'pariadri3', 'gerardo1195']",23,"['hgrennan', 'acnna_981', 'msudars', 'dmoebius', 'bnarms', 'jo46', 'washin55', 'fan332', 'kim3445', 'alvaro199916', 'katz21', 'kmotwan', 'chiang82', 'adams386', 'asanjuan', 'shaw108', 'vvalbuen', 'jordanbanh8', 'adams496', 'gcarnal', 'epiergal', 'dgribbl', 'jone1807']",4,"['alvaro.199916', None, 'srdguezb', 'mcpardo7']",35,"['soniaggijon', 'hgrennan', 'acnna_981', 'antoniopoug', 'msudars', 'mcpardo7', 'dmoebius', 'bnarms', 'jo46', 'josebalopezgarcia', 'alvaro.199916', 'washin55', 'fan332', 'irene.gima3', 'gerardo1195', 'e.mraeto', 'kim3445', 'alvaro199916', 'katz21', 'kmotwan', 'chiang82', 'adams386', 'asanjuan', 'juanmoromegias', 'pariadri3', 'shaw108', None, 'vvalbuen', 'jordanbanh8', 'adams496', 'gcarnal', 'epiergal', 'dgribbl', 'jone1807', 'srdguezb']"
30,182,32,8,4,"['kim3445', 'gcarnal', 'kmotwan', 'dmoebius']",27,"['soniaggijon', 'hgrennan', 'acnna_981', 'antoniopoug', 'msudars', 'bnarms', 'jo46', 'josebalopezgarcia', 'washin55', 'fan332', 'irene.gima3', 'gerardo1195', 'e.mraeto', 'alvaro199916', 'katz21', 'chiang82', 'asanjuan', 'juanmoromegias', 'pariadri3', 'jone1807', 'shaw108', 'vvalbuen', 'jordanbanh8', 'adams496', 'epiergal', 'dgribbl', 'adams386']",4,"['rcerne', 'dfarache', 'selizond', None]",35,"['soniaggijon', 'hgrennan', 'acnna_981', 'antoniopoug', 'msudars', 'dmoebius', 'bnarms', 'jo46', 'josebalopezgarcia', 'washin55', 'fan332', 'irene.gima3', 'gerardo1195', 'e.mraeto', 'rcerne', 'kim3445', 'alvaro199916', 'katz21', 'kmotwan', 'chiang82', 'adams386', 'asanjuan', 'juanmoromegias', 'dfarache', 'selizond', 'pariadri3', 'shaw108', None, 'vvalbuen', 'jordanbanh8', 'adams496', 'gcarnal', 'epiergal', 'dgribbl', 'jone1807']"
30,184,32,8,5,"['josebalopezgarcia', 'acnna_981', 'juanmoromegias', 'antoniopoug', 'alvaro199916']",26,"['soniaggijon', 'hgrennan', 'msudars', 'dmoebius', 'bnarms', 'jo46', 'washin55', 'fan332', 'irene.gima3', 'gerardo1195', 'e.mraeto', 'kim3445', 'katz21', 'kmotwan', 'chiang82', 'adams386', 'asanjuan', 'pariadri3', 'shaw108', 'vvalbuen', 'jordanbanh8', 'adams496', 'gcarnal', 'epiergal', 'dgribbl', 'jone1807']",3,"['mcpardo', 'sergioros98', None]",34,"['soniaggijon', 'hgrennan', 'acnna_981', 'antoniopoug', 'msudars', 'dmoebius', 'bnarms', 'jo46', 'josebalopezgarcia', 'washin55', 'fan332', 'irene.gima3', 'gerardo1195', 'sergioros98', 'e.mraeto', 'mcpardo', 'kim3445', 'alvaro199916', 'katz21', 'kmotwan', 'chiang82', 'adams386', 'asanjuan', 'juanmoromegias', 'pariadri3', 'shaw108', None, 'vvalbuen', 'jordanbanh8', 'adams496', 'gcarnal', 'epiergal', 'dgribbl', 'jone1807']"
31,473,31,7,3,"['campb524', 'klingerd', 'hhedderi']",27,"['3.141pankaj', '17.nt.paresh.tarsariya', 'apathak', 'cnayak', 'tinu.daboiku', 'mb90', 'elexiz', 'akar_hpc', 'aravind1175', 'lewan94', 'ellapek', 'bhavesh', 'zmira', 'stefanogiannini00', 'txie', 'aabdulmuin', 'sotmas', 'kdulany', 'sharmilla8', 'hdua.phys', 'iconxicon', 'yums', 'bjanasze', 'hieu.a.doan', 'anirbanchandra1', 'juan717', 'nirmalbarmanphysics']",4,"['amannodi', None, 'erinhartman', 'chen3785']",34,"['bhavesh', 'zmira', 'stefanogiannini00', 'txie', 'aabdulmuin', '3.141pankaj', 'sotmas', '17.nt.paresh.tarsariya', 'kdulany', 'erinhartman', 'apathak', 'sharmilla8', 'chen3785', 'hdua.phys', None, 'iconxicon', 'yums', 'bjanasze', 'cnayak', 'tinu.daboiku', 'mb90', 'hhedderi', 'elexiz', 'akar_hpc', 'amannodi', 'hieu.a.doan', 'anirbanchandra1', 'aravind1175', 'klingerd', 'juan717', 'nirmalbarmanphysics', 'campb524', 'lewan94', 'ellapek']"
32,370,31,79,24,"['sopfeil2', 'mrc13', 'msiddi60', 'sap10', 'hanlinw3', 'ssibi2', 'jacobt6', 'jyz2', 'eoh23', 'daxia', 'jleeman2', 'aaguero2', 'jaredf2', 'jinyang9', 'aleahht2', 'vic4', 'yuchang3', 'anishas4', 'sendres2', 'jheaton3', 'jll4', 'kirajm2', 'sali93', 'niharrm2']",6,"['kenyic2', 'lfwood2', 'manikantakumarch123', 'tkoduri2', 'mukunda3', 'juliahd2']",55,"['shawnc2', 'jrange23', 'ydan', 'ddejong2', 'fshyti2', 'cmbean2', 'brisamm2', 'rsears4', 'hmpatel4', 'wkwak2', 'jiming2', 'marknsc0501', 'boyangy4', 'tjricks2', 'ryanlim2', 'yunzhes2', 'mozahma2', 'aarondh2', 'marialc3', 'torsr2', 'smvarma2', 'msolis27', 'jiat2', 'yelin4', 'akshays6', 'xianzhi2', 'gn3', 'juliawp2', 'maryama3', 'bnw4', 'dylanh5', 'damer', 'dhodges3', 'ameindl2', 'vvs3', 'dhamill2', 'cgberg2', 'fulcrum', None, 'simong2', 'nk13', 'chyu3', 'xd8', 'jnb4', 'sofiamv2', 'jalies2', 'zainab2', 'maoh2', 'anm9', 'agrind2', 'maritza8', 'aniyogi2', 'xc29', 'boyazhu2', 'lzaczek2']",85,"['shawnc2', 'jrange23', 'sopfeil2', 'ddejong2', 'brisamm2', 'wkwak2', 'sap10', 'ssibi2', 'jacobt6', 'marknsc0501', 'tjricks2', 'boyangy4', 'ryanlim2', 'yunzhes2', 'eoh23', 'marialc3', 'msolis27', 'jiat2', 'yelin4', 'juliawp2', 'aaguero2', 'jinyang9', 'manikantakumarch123', 'vic4', 'yuchang3', 'anishas4', 'sendres2', 'juliahd2', 'dhamill2', 'simong2', 'nk13', 'chyu3', 'jll4', 'kirajm2', 'jnb4', 'sofiamv2', 'jalies2', 'sali93', 'maoh2', 'anm9', 'maritza8', 'aniyogi2', 'xc29', 'boyazhu2', 'ydan', 'mrc13', 'fshyti2', 'cmbean2', 'rsears4', 'hmpatel4', 'msiddi60', 'hanlinw3', 'jiming2', 'jyz2', 'mozahma2', 'kenyic2', 'aarondh2', 'torsr2', 'smvarma2', 'daxia', 'jleeman2', 'akshays6', 'xianzhi2', 'gn3', 'maryama3', 'bnw4', 'dylanh5', 'jaredf2', 'damer', 'dhodges3', 'aleahht2', 'ameindl2', 'mukunda3', 'vvs3', 'cgberg2', 'fulcrum', 'jheaton3', None, 'xd8', 'lfwood2', 'tkoduri2', 'zainab2', 'agrind2', 'niharrm2', 'lzaczek2']"
32,380,31,31,25,"['sopfeil2', 'mrc13', 'msiddi60', 'sap10', 'hanlinw3', 'ssibi2', 'jacobt6', 'jyz2', 'eoh23', 'daxia', 'aaguero2', 'jaredf2', 'jinyang9', 'aleahht2', 'vic4', 'yuchang3', 'anishas4', 'mukunda3', 'sendres2', 'juliahd2', 'jheaton3', 'jll4', 'kirajm2', 'sali93', 'niharrm2']",5,"['kenyic2', 'lfwood2', 'manikantakumarch123', 'tkoduri2', 'jleeman2']",6,"['fshyti2', 'ericy3', 'yangdan2', 'pmcnutt2', 'noahrh3', None]",36,"['sopfeil2', 'mrc13', 'fshyti2', 'yangdan2', 'msiddi60', 'sap10', 'hanlinw3', 'ssibi2', 'jacobt6', 'jyz2', 'kenyic2', 'eoh23', 'daxia', 'jleeman2', 'noahrh3', 'aaguero2', 'jaredf2', 'jinyang9', 'manikantakumarch123', 'aleahht2', 'ericy3', 'vic4', 'yuchang3', 'anishas4', 'mukunda3', 'pmcnutt2', 'sendres2', 'juliahd2', 'jheaton3', None, 'jll4', 'kirajm2', 'lfwood2', 'tkoduri2', 'sali93', 'niharrm2']"
32,373,31,8,2,"['kenyic2', 'mukunda3']",28,"['sopfeil2', 'mrc13', 'msiddi60', 'sap10', 'hanlinw3', 'ssibi2', 'jacobt6', 'jyz2', 'eoh23', 'daxia', 'jleeman2', 'aaguero2', 'jaredf2', 'jinyang9', 'manikantakumarch123', 'aleahht2', 'vic4', 'yuchang3', 'anishas4', 'sendres2', 'juliahd2', 'jheaton3', 'jll4', 'kirajm2', 'lfwood2', 'tkoduri2', 'sali93', 'niharrm2']",6,"['shawnc2', 'maoh2', 'cedricw3', 'nathanl5', None, 'mmj5']",36,"['shawnc2', 'sopfeil2', 'mrc13', 'msiddi60', 'sap10', 'hanlinw3', 'ssibi2', 'jacobt6', 'jyz2', 'kenyic2', 'eoh23', 'daxia', 'jleeman2', 'aaguero2', 'jaredf2', 'jinyang9', 'manikantakumarch123', 'aleahht2', 'vic4', 'yuchang3', 'anishas4', 'mukunda3', 'sendres2', 'juliahd2', 'jheaton3', None, 'jll4', 'kirajm2', 'lfwood2', 'tkoduri2', 'sali93', 'maoh2', 'cedricw3', 'nathanl5', 'niharrm2', 'mmj5']"
33,324,30,27,26,"['abhiks24', 'nocashvalue', 'fitzgeraldj10', 'j.turgeon2', 'brandonramirez0', 'zackferchak', 'ahumadacardonam', 'zachlib11', 'kiltys', 'angelvidal99', 'thomasmerten', 'killianyc', 'papantonioud', 'iflynn', 'maxtgraubert', 'ducharmed', 'fagansg', 'lukasmax', 'contin1', 'bigrock07', 'danehyj', 'abhiks2404', 'neald1', 'hunta3', 'richardsenn', 'calebweldon']",3,"['satyam10180179', 'adrianacosta1', 'rajbanul2050akhond']",1,[None],30,"['abhiks24', 'nocashvalue', 'fitzgeraldj10', 'satyam10180179', 'j.turgeon2', 'zackferchak', 'brandonramirez0', 'ahumadacardonam', 'kiltys', 'zachlib11', 'angelvidal99', 'killianyc', 'thomasmerten', 'papantonioud', 'adrianacosta1', 'iflynn', 'maxtgraubert', 'ducharmed', 'fagansg', 'lukasmax', 'contin1', 'bigrock07', 'abhiks2404', 'danehyj', 'neald1', None, 'hunta3', 'richardsenn', 'calebweldon', 'rajbanul2050akhond']"
34,170,29,30,24,"['xingyang', 'bmglaser', 'pchu', 'yuejian', 'kehant', 'changwex', 'jingyuta', 'kaijiz', 'hanchien', 'adeshrom', 'siyuwang', 'charlese', 'lucerol', 'yiy5', 'wenqian2', 'rmahanth', 'nk1', 'meizhonl', 'chenxiyu', 'hong701', 'jiashuow', 'ktj', 'shiqingm', 'taltgold']",4,"['ebarake', 'gdildine', 'aaumen', 'jegbu']",6,"['hariharr', 'chanyoup', 'thomaso', None, 'njlove', 'kfarmer']",34,"['xingyang', 'bmglaser', 'ebarake', 'hariharr', 'pchu', 'yuejian', 'kehant', 'gdildine', 'jegbu', 'changwex', 'jingyuta', 'kaijiz', 'hanchien', 'adeshrom', 'chanyoup', 'siyuwang', 'charlese', 'lucerol', 'njlove', 'yiy5', 'wenqian2', 'rmahanth', 'kfarmer', 'nk1', 'aaumen', 'meizhonl', 'thomaso', None, 'chenxiyu', 'hong701', 'jiashuow', 'ktj', 'shiqingm', 'taltgold']"
34,265,29,29,27,"['xingyang', 'bmglaser', 'ebarake', 'pchu', 'yuejian', 'kehant', 'gdildine', 'changwex', 'jingyuta', 'kaijiz', 'hanchien', 'adeshrom', 'siyuwang', 'charlese', 'lucerol', 'yiy5', 'wenqian2', 'rmahanth', 'nk1', 'aaumen', 'meizhonl', 'chenxiyu', 'hong701', 'jiashuow', 'ktj', 'shiqingm', 'taltgold']",1,['jegbu'],2,"['thomaso', None]",30,"['xingyang', 'bmglaser', 'ebarake', 'pchu', 'yuejian', 'kehant', 'gdildine', 'jegbu', 'changwex', 'jingyuta', 'kaijiz', 'hanchien', 'adeshrom', 'siyuwang', 'charlese', 'lucerol', 'yiy5', 'wenqian2', 'rmahanth', 'nk1', 'aaumen', 'meizhonl', 'thomaso', None, 'chenxiyu', 'hong701', 'jiashuow', 'ktj', 'shiqingm', 'taltgold']"
35,160,29,29,2,"['jogarciacub', 'adrian.munin']",26,"['mkarni254', 'bang.nkt19010078', 'timpan', 'molvruyu', 'viet.tx18010217', 'zcz', 'akpja', 'vuminhduc', 'dangruoqi1999', 'binmin1603', 'cucumber', 'lichtaus', 'paramphy', 'vier', 'wangzirui1225', 'alekseyevich180', 'bowenxu', 'divyanshdinesh1996', 'jaeyong2', 'bachtruong8866', 'celalviar18', 'hsc1993', 'hoangdes215', 'qmpotential', 'lsiliyanage', 'jayr.leron']",27,"['pablo.garciape', 'davidrueda', 'nerea', 'tmarti607', 'fjr', 'alejandro.cuestamatesanz', 'javierpina', 'elisavft', 'renealba', 'j.kohanoff', 'juli.herr1999', 'redondo.mario.96', 'jorgehf', 'taboada1407', 'ar.davidalvarez', 'angeliglesiasfontan', 'cristinaratero17', 'alvarops', 'javierpelegrina', 'alexcosta', 'juanmonleon96', 'danielnh', None, 'martin.sara.4b', 'juancguillamot', 'crisdomingo98', 'mohammed1998']",55,"['mkarni254', 'bang.nkt19010078', 'pablo.garciape', 'davidrueda', 'timpan', 'nerea', 'tmarti607', 'molvruyu', 'viet.tx18010217', 'zcz', 'akpja', 'fjr', 'alejandro.cuestamatesanz', 'javierpina', 'elisavft', 'renealba', 'vuminhduc', 'dangruoqi1999', 'jogarciacub', 'binmin1603', 'j.kohanoff', 'cucumber', 'juli.herr1999', 'redondo.mario.96', 'lichtaus', 'jorgehf', 'paramphy', 'vier', 'taboada1407', 'ar.davidalvarez', 'angeliglesiasfontan', 'wangzirui1225', 'cristinaratero17', 'alekseyevich180', 'bowenxu', 'alvarops', 'javierpelegrina', 'alexcosta', 'adrian.munin', 'divyanshdinesh1996', 'jaeyong2', 'juanmonleon96', 'danielnh', 'bachtruong8866', None, 'martin.sara.4b', 'celalviar18', 'juancguillamot', 'hsc1993', 'hoangdes215', 'crisdomingo98', 'qmpotential', 'lsiliyanage', 'mohammed1998', 'jayr.leron']"
35,163,29,26,2,"['jogarciacub', 'adrian.munin']",26,"['mkarni254', 'bang.nkt19010078', 'timpan', 'molvruyu', 'viet.tx18010217', 'zcz', 'akpja', 'vuminhduc', 'dangruoqi1999', 'binmin1603', 'cucumber', 'lichtaus', 'paramphy', 'vier', 'wangzirui1225', 'alekseyevich180', 'bowenxu', 'divyanshdinesh1996', 'jaeyong2', 'bachtruong8866', 'celalviar18', 'hsc1993', 'hoangdes215', 'qmpotential', 'lsiliyanage', 'jayr.leron']",24,"['pablo.garciape', 'davidrueda', 'nerea', 'tmarti607', 'javierpina', 'renealba', 'j.kohanoff', 'juli.herr1999', 'redondo.mario.96', 'jorgehf', 'taboada1407', 'ar.davidalvarez', 'angeliglesiasfontan', 'cristinaratero17', 'alvarops', 'javierpelegrina', 'alexcosta', 'juanmonleon96', 'danielnh', None, 'martin.sara.4b', 'juancguillamot', 'crisdomingo98', 'mohammed1998']",52,"['mkarni254', 'bang.nkt19010078', 'pablo.garciape', 'davidrueda', 'timpan', 'nerea', 'tmarti607', 'molvruyu', 'viet.tx18010217', 'zcz', 'akpja', 'javierpina', 'renealba', 'vuminhduc', 'dangruoqi1999', 'jogarciacub', 'binmin1603', 'j.kohanoff', 'cucumber', 'juli.herr1999', 'redondo.mario.96', 'lichtaus', 'jorgehf', 'paramphy', 'vier', 'taboada1407', 'ar.davidalvarez', 'angeliglesiasfontan', 'wangzirui1225', 'cristinaratero17', 'alekseyevich180', 'bowenxu', 'alvarops', 'javierpelegrina', 'alexcosta', 'adrian.munin', 'divyanshdinesh1996', 'jaeyong2', 'juanmonleon96', 'danielnh', 'bachtruong8866', None, 'martin.sara.4b', 'celalviar18', 'juancguillamot', 'hsc1993', 'hoangdes215', 'crisdomingo98', 'qmpotential', 'lsiliyanage', 'mohammed1998', 'jayr.leron']"
36,330,29,103,4,"['ponsot', 'ebowes', 'madeleiney', 'jptruitt']",24,"['jennin56', 'kmlennox', 'amasaeng', 'sfultzwa', 'ldickso', 'amyharter', 'mkabooli', 'zlogar', 'mikav', 'hamadeo', 'ythompso', 'garris21', 'chang720', 'efrancoe', 'jmacpher', 'ltietsor', 'berman12', 'hyde5', 'bkipp', 'lawitte', 'camp19', 'eobanion', 'mfilloy', 'djstumpf']",99,"['iparraga', 'mart1731', 'jharbers', 'cdesser', 'jdamle', 'jpachol', 'little62', 'hanse145', 'sdt09', 'lalmeid', 'malu', 'lin1121', 'taylorbaker914', 'cook323', 'moffatr', 'aedowney', 'pierce95', 'cooperford', 'yujunhuang', 'ramos78', 'dgada', 'aroychow', 'jamorant', 'wen101', 'cobert', 'jain378', 'djharrington19', 'msavchen', 'nvansal', 'erickst', 'mozlu', 'llem868737', 'hyltonk', 'gjekel', 'smit3520', 'avneesh123', 'nscanlon', 'mkosmerl', 'daniel.al.hagedorn', 'sanch207', 'bush75', 'larkin9', 'liu2730', 'doerr2', None, 'rockytsaws', 'eschmit12', 'chen3826', 'patrickcooney17', 'carril14', 'meher311', 'dleontar', 'jone2081', 'rubenmendia', 'isaiah.bap', 'ptrakarn', 'rsoltis', 'young505', 'murph376', 'yuan274', 'nsherma', 'amullic', 'npaulter', 'will1912', 'jwang8', 'jiiihyeonnn', 'bai91', 'slazaroa', 'mahmoon', 'nss', 'dbukows', 'wgraber', 'pkradas', 'mframan', 'agrama64', 'isaacwegner', 'ysethi', 'rccorahu', 'rmascare', 'ekrizman01', 'pakhilesh2604', 'pandya11', 'thoma805', 'jboos', 'rgodjali', 'breigle08', 'sdumouli', 'bmathie', 'matthewos127', 'shi522', 'jstegner', 'pate1016', 'kabdelaz', 'fangziqi325', 'sahajgoyal100', 'haynes45', 'chang745', 'adellemurph18', 'kusk']",127,"['iparraga', 'mart1731', 'jharbers', 'jdamle', 'cdesser', 'amasaeng', 'jpachol', 'sfultzwa', 'mkabooli', 'little62', 'hanse145', 'zlogar', 'sdt09', 'lalmeid', 'hamadeo', 'malu', 'lin1121', 'taylorbaker914', 'garris21', 'cook323', 'moffatr', 'aedowney', 'pierce95', 'cooperford', 'yujunhuang', 'bkipp', 'ramos78', 'dgada', 'aroychow', 'jamorant', 'wen101', 'cobert', 'djstumpf', 'jain378', 'djharrington19', 'msavchen', 'nvansal', 'erickst', 'mozlu', 'llem868737', 'hyltonk', 'gjekel', 'smit3520', 'avneesh123', 'nscanlon', 'mkosmerl', 'daniel.al.hagedorn', 'efrancoe', 'sanch207', 'bush75', 'jmacpher', 'larkin9', 'liu2730', 'doerr2', 'ponsot', None, 'rockytsaws', 'eschmit12', 'chen3826', 'patrickcooney17', 'carril14', 'meher311', 'dleontar', 'jone2081', 'rubenmendia', 'isaiah.bap', 'ptrakarn', 'rsoltis', 'amyharter', 'young505', 'mikav', 'murph376', 'yuan274', 'nsherma', 'amullic', 'npaulter', 'will1912', 'jwang8', 'ebowes', 'eobanion', 'camp19', 'bai91', 'jiiihyeonnn', 'mfilloy', 'slazaroa', 'jptruitt', 'mahmoon', 'nss', 'dbukows', 'jennin56', 'wgraber', 'pkradas', 'mframan', 'agrama64', 'kmlennox', 'isaacwegner', 'ysethi', 'ldickso', 'rccorahu', 'rmascare', 'ekrizman01', 'ythompso', 'pakhilesh2604', 'pandya11', 'thoma805', 'chang720', 'madeleiney', 'jboos', 'rgodjali', 'breigle08', 'sdumouli', 'bmathie', 'matthewos127', 'ltietsor', 'berman12', 'shi522', 'jstegner', 'hyde5', 'pate1016', 'kabdelaz', 'lawitte', 'fangziqi325', 'sahajgoyal100', 'haynes45', 'chang745', 'adellemurph18', 'kusk']"
36,338,29,42,24,"['jennin56', 'amasaeng', 'ldickso', 'mkabooli', 'zlogar', 'mikav', 'hamadeo', 'ythompso', 'garris21', 'chang720', 'madeleiney', 'efrancoe', 'jmacpher', 'ltietsor', 'berman12', 'ponsot', 'hyde5', 'ebowes', 'lawitte', 'camp19', 'bkipp', 'eobanion', 'mfilloy', 'djstumpf']",4,"['amyharter', 'sfultzwa', 'jptruitt', 'kmlennox']",18,"['sambudip', 'lane135', 'jain378', 'ercikan', 'chfranci', 'hyltonk', 'sinclai3', 'juanjuanlu28', 'avongun', 'chillsma', 'chris260', 'mwoulfe', 'hollan66', 'lee3541', 'gbidna', 'jcaffero', None, 'weber171']",46,"['amasaeng', 'sfultzwa', 'mkabooli', 'amyharter', 'zlogar', 'mikav', 'juanjuanlu28', 'hamadeo', 'garris21', 'jcaffero', 'ebowes', 'bkipp', 'camp19', 'eobanion', 'avongun', 'mfilloy', 'jptruitt', 'djstumpf', 'jain378', 'sambudip', 'ercikan', 'jennin56', 'sinclai3', 'kmlennox', 'ldickso', 'weber171', 'lane135', 'chfranci', 'hyltonk', 'ythompso', 'gbidna', 'chris260', 'chang720', 'madeleiney', 'efrancoe', 'jmacpher', 'ltietsor', 'hollan66', 'berman12', 'ponsot', None, 'hyde5', 'lawitte', 'mwoulfe', 'lee3541', 'chillsma']"
36,339,29,33,23,"['jennin56', 'kmlennox', 'ldickso', 'mkabooli', 'zlogar', 'mikav', 'hamadeo', 'ythompso', 'chang720', 'madeleiney', 'efrancoe', 'jmacpher', 'ltietsor', 'berman12', 'ponsot', 'hyde5', 'ebowes', 'lawitte', 'camp19', 'bkipp', 'mfilloy', 'jptruitt', 'djstumpf']",5,"['eobanion', 'sfultzwa', 'amasaeng', 'garris21', 'amyharter']",10,"['jain378', 'lane135', 'chfranci', 'hyltonk', 'kong94', 'hollan66', 'lee3541', 'gbidna', None, 'weber171']",38,"['jennin56', 'kmlennox', 'amasaeng', 'sfultzwa', 'ldickso', 'mkabooli', 'amyharter', 'weber171', 'zlogar', 'lane135', 'mikav', 'chfranci', 'hyltonk', 'hamadeo', 'ythompso', 'garris21', 'gbidna', 'chang720', 'madeleiney', 'efrancoe', 'jmacpher', 'ltietsor', 'hollan66', 'berman12', 'ponsot', None, 'hyde5', 'ebowes', 'lawitte', 'camp19', 'bkipp', 'eobanion', 'kong94', 'mfilloy', 'jptruitt', 'lee3541', 'djstumpf', 'jain378']"
36,340,29,33,2,"['amyharter', 'sfultzwa']",26,"['jennin56', 'kmlennox', 'amasaeng', 'ldickso', 'mkabooli', 'zlogar', 'mikav', 'hamadeo', 'ythompso', 'garris21', 'chang720', 'madeleiney', 'efrancoe', 'jmacpher', 'ltietsor', 'berman12', 'ponsot', 'hyde5', 'ebowes', 'lawitte', 'camp19', 'bkipp', 'eobanion', 'mfilloy', 'jptruitt', 'djstumpf']",31,"['ryanzedt', 'sarjoman', 'chrismurraaay', 'seant14', 'ericcasey123321', 'jnukayap', 'moreliakike', 'jayden121399', 'ncgalardi', 'mjschrei', 'brico', 'scarr01', 'hail.mikhail11', 'camcausey', 'rlee130', 'kmlochun', 'andrewantonius', 'jacksong', 'calan27', 'kmeany', 'kristiksk11', None, 'palominosjuan7', 'josh.venz', 'lmerida', 'zhmoscoso', 'settelst', 'mbkivy', 'sixinzhai', 'jhurtado', 'ekaengr']",59,"['jennin56', 'ryanzedt', 'kmlennox', 'sarjoman', 'amasaeng', 'chrismurraaay', 'seant14', 'ericcasey123321', 'sfultzwa', 'ldickso', 'mkabooli', 'amyharter', 'moreliakike', 'jnukayap', 'zlogar', 'jayden121399', 'mikav', 'ncgalardi', 'hamadeo', 'ythompso', 'mjschrei', 'brico', 'garris21', 'chang720', 'scarr01', 'madeleiney', 'efrancoe', 'hail.mikhail11', 'camcausey', 'rlee130', 'jmacpher', 'kmlochun', 'andrewantonius', 'jacksong', 'calan27', 'ltietsor', 'kmeany', 'berman12', 'ponsot', 'kristiksk11', None, 'hyde5', 'palominosjuan7', 'josh.venz', 'ebowes', 'lawitte', 'camp19', 'bkipp', 'eobanion', 'lmerida', 'zhmoscoso', 'mfilloy', 'settelst', 'mbkivy', 'jhurtado', 'jptruitt', 'sixinzhai', 'djstumpf', 'ekaengr']"
36,341,29,10,2,"['amyharter', 'sfultzwa']",26,"['jennin56', 'kmlennox', 'amasaeng', 'ldickso', 'mkabooli', 'zlogar', 'mikav', 'hamadeo', 'ythompso', 'garris21', 'chang720', 'madeleiney', 'efrancoe', 'jmacpher', 'ltietsor', 'berman12', 'ponsot', 'hyde5', 'ebowes', 'lawitte', 'camp19', 'bkipp', 'eobanion', 'mfilloy', 'jptruitt', 'djstumpf']",8,"['ncgalardi', 'kristiksk11', 'ryanzedt', 'settelst', 'ericcasey123321', 'scarr01', None, 'moreliakike']",36,"['jennin56', 'ryanzedt', 'kmlennox', 'amasaeng', 'ericcasey123321', 'sfultzwa', 'ldickso', 'mkabooli', 'amyharter', 'moreliakike', 'zlogar', 'mikav', 'ncgalardi', 'hamadeo', 'ythompso', 'garris21', 'chang720', 'scarr01', 'madeleiney', 'efrancoe', 'jmacpher', 'ltietsor', 'berman12', 'ponsot', 'kristiksk11', None, 'hyde5', 'ebowes', 'lawitte', 'camp19', 'bkipp', 'eobanion', 'mfilloy', 'settelst', 'jptruitt', 'djstumpf']"
37,160,28,29,23,"['pablo.garciape', 'nerea', 'davidrueda', 'tmarti607', 'fjr', 'alejandro.cuestamatesanz', 'javierpina', 'renealba', 'juli.herr1999', 'redondo.mario.96', 'jorgehf', 'taboada1407', 'ar.davidalvarez', 'angeliglesiasfontan', 'cristinaratero17', 'javierpelegrina', 'alexcosta', 'juanmonleon96', 'danielnh', 'martin.sara.4b', 'juancguillamot', 'crisdomingo98', 'mohammed1998']",4,"['baniksuvo1995', 'dong.ng18010189', 'amuham37', 'gabi_98']",6,"['jogarciacub', 'adrian.munin', 'j.kohanoff', 'elisavft', 'alvarops', None]",33,"['pablo.garciape', 'davidrueda', 'tmarti607', 'nerea', 'fjr', 'alejandro.cuestamatesanz', 'javierpina', 'elisavft', 'renealba', 'jogarciacub', 'j.kohanoff', 'juli.herr1999', 'redondo.mario.96', 'jorgehf', 'taboada1407', 'ar.davidalvarez', 'angeliglesiasfontan', 'baniksuvo1995', 'cristinaratero17', 'dong.ng18010189', 'javierpelegrina', 'alvarops', 'alexcosta', 'amuham37', 'adrian.munin', 'juanmonleon96', 'danielnh', 'gabi_98', None, 'martin.sara.4b', 'juancguillamot', 'crisdomingo98', 'mohammed1998']"
37,163,28,26,21,"['pablo.garciape', 'davidrueda', 'nerea', 'tmarti607', 'javierpina', 'renealba', 'juli.herr1999', 'redondo.mario.96', 'jorgehf', 'taboada1407', 'ar.davidalvarez', 'angeliglesiasfontan', 'cristinaratero17', 'javierpelegrina', 'alexcosta', 'juanmonleon96', 'danielnh', 'martin.sara.4b', 'juancguillamot', 'crisdomingo98', 'mohammed1998']",6,"['amuham37', 'fjr', 'alejandro.cuestamatesanz', 'gabi_98', 'baniksuvo1995', 'dong.ng18010189']",5,"['jogarciacub', 'adrian.munin', 'j.kohanoff', 'alvarops', None]",32,"['pablo.garciape', 'davidrueda', 'tmarti607', 'nerea', 'fjr', 'alejandro.cuestamatesanz', 'javierpina', 'renealba', 'jogarciacub', 'j.kohanoff', 'juli.herr1999', 'redondo.mario.96', 'jorgehf', 'taboada1407', 'ar.davidalvarez', 'angeliglesiasfontan', 'baniksuvo1995', 'cristinaratero17', 'dong.ng18010189', 'javierpelegrina', 'alvarops', 'alexcosta', 'amuham37', 'adrian.munin', 'juanmonleon96', 'danielnh', 'gabi_98', None, 'martin.sara.4b', 'juancguillamot', 'crisdomingo98', 'mohammed1998']"
37,174,28,16,14,"['nerea', 'juancguillamot', 'davidrueda', 'tmarti607', 'juanmonleon96', 'taboada1407', 'ar.davidalvarez', 'crisdomingo98', 'alejandro.cuestamatesanz', 'javierpina', 'angeliglesiasfontan', 'mohammed1998', 'cristinaratero17', 'martin.sara.4b']",13,"['pablo.garciape', 'alexcosta', 'amuham37', 'juli.herr1999', 'redondo.mario.96', 'jorgehf', 'fjr', 'danielnh', 'gabi_98', 'baniksuvo1995', 'renealba', 'dong.ng18010189', 'javierpelegrina']",2,"[None, 'beatrizmoreno1997']",29,"['pablo.garciape', 'davidrueda', 'tmarti607', 'nerea', 'fjr', 'alejandro.cuestamatesanz', 'javierpina', 'renealba', 'juli.herr1999', 'redondo.mario.96', 'jorgehf', 'taboada1407', 'ar.davidalvarez', 'beatrizmoreno1997', 'angeliglesiasfontan', 'baniksuvo1995', 'cristinaratero17', 'dong.ng18010189', 'javierpelegrina', 'alexcosta', 'amuham37', 'juanmonleon96', 'danielnh', 'gabi_98', None, 'martin.sara.4b', 'juancguillamot', 'crisdomingo98', 'mohammed1998']"
37,169,28,11,9,"['pablo.garciape', 'davidrueda', 'redondo.mario.96', 'fjr', 'javierpina', 'cristinaratero17', 'renealba', 'javierpelegrina', 'martin.sara.4b']",18,"['alexcosta', 'nerea', 'tmarti607', 'amuham37', 'juancguillamot', 'juli.herr1999', 'gabi_98', 'jorgehf', 'juanmonleon96', 'taboada1407', 'ar.davidalvarez', 'crisdomingo98', 'alejandro.cuestamatesanz', 'angeliglesiasfontan', 'danielnh', 'mohammed1998', 'baniksuvo1995', 'dong.ng18010189']",2,"['alvarops', None]",29,"['pablo.garciape', 'davidrueda', 'tmarti607', 'nerea', 'fjr', 'alejandro.cuestamatesanz', 'javierpina', 'renealba', 'juli.herr1999', 'redondo.mario.96', 'jorgehf', 'taboada1407', 'ar.davidalvarez', 'angeliglesiasfontan', 'baniksuvo1995', 'cristinaratero17', 'dong.ng18010189', 'javierpelegrina', 'alvarops', 'alexcosta', 'amuham37', 'juanmonleon96', 'danielnh', 'gabi_98', None, 'martin.sara.4b', 'juancguillamot', 'crisdomingo98', 'mohammed1998']"
37,171,28,9,6,"['nerea', 'juli.herr1999', 'ar.davidalvarez', 'gabi_98', 'mohammed1998', 'martin.sara.4b']",21,"['pablo.garciape', 'davidrueda', 'tmarti607', 'fjr', 'alejandro.cuestamatesanz', 'javierpina', 'renealba', 'redondo.mario.96', 'jorgehf', 'taboada1407', 'angeliglesiasfontan', 'baniksuvo1995', 'cristinaratero17', 'dong.ng18010189', 'javierpelegrina', 'alexcosta', 'amuham37', 'juanmonleon96', 'danielnh', 'juancguillamot', 'crisdomingo98']",3,"[None, 'alvarops', 'beatrizmoreno1997']",30,"['pablo.garciape', 'dong.ng18010189', 'alexcosta', 'davidrueda', 'tmarti607', 'nerea', 'amuham37', 'alvarops', 'juanmonleon96', 'fjr', 'alejandro.cuestamatesanz', 'javierpina', 'danielnh', 'gabi_98', 'renealba', None, 'martin.sara.4b', 'juancguillamot', 'juli.herr1999', 'redondo.mario.96', 'jorgehf', 'taboada1407', 'ar.davidalvarez', 'crisdomingo98', 'beatrizmoreno1997', 'angeliglesiasfontan', 'mohammed1998', 'baniksuvo1995', 'cristinaratero17', 'javierpelegrina']"
38,108,28,75,27,"['fvanwink', 'fan123', 'bohlinh', 'dvicker', 'cdhuffma', 'jdaliber', 'hill392', 'le133', 'dshkurup', 'cdoniere', 'mooreo', 'kim2918', 'eoverly', 'brook200', 'lschonau', 'hjuh', 'fong14', 'ckayrou', 'lee3120', 'stephae', 'hamil175', 'cmauser', 'song498', 'huff49', 'mfavour', 'cokuszki', 'robin497']",0,[],48,"['ajurgons', 'yiliuhu', 'raderc', 'jeremyszilagyi', 'mansourh', 'snowling', 'hinseyj', 'czensho', 'eloper', 'robin451', 'sulli256', 'kim1947', 'knordyke', 'ridgea', 'tremblay', 'bowerp', 'suh56', 'miles70', 'mculliso', 'graha162', 'ggrechis', 'jgarfiel', 'collett', 'yap1', 'larso101', 'nguye492', 'ewestrat', 'chen3141', 'smaddur', 'tgrotzer', 'maugeld', 'mgodsey', 'branch4', 'woods158', 'vwendt', 'perry179', 'cox302', 'qhicks', None, 'zbuford', 'ravichak', 'reppertm', 'jone1719', 'huff51', 'iyer95', 'royer4', 'kim3300', 'pstroik']",75,"['fvanwink', 'yiliuhu', 'raderc', 'jeremyszilagyi', 'mansourh', 'snowling', 'hinseyj', 'czensho', 'hill392', 'kim1947', 'bowerp', 'miles70', 'graha162', 'jgarfiel', 'collett', 'ewestrat', 'brook200', 'tgrotzer', 'mgodsey', 'fong14', 'ckayrou', 'vwendt', 'perry179', 'lee3120', 'qhicks', 'stephae', 'ravichak', 'reppertm', 'jone1719', 'hamil175', 'huff51', 'huff49', 'iyer95', 'cokuszki', 'royer4', 'kim3300', 'robin497', 'pstroik', 'fan123', 'ajurgons', 'bohlinh', 'dvicker', 'cdhuffma', 'jdaliber', 'eloper', 'robin451', 'sulli256', 'le133', 'dshkurup', 'ridgea', 'knordyke', 'cdoniere', 'mooreo', 'suh56', 'tremblay', 'mculliso', 'kim2918', 'ggrechis', 'yap1', 'larso101', 'nguye492', 'eoverly', 'chen3141', 'smaddur', 'maugeld', 'lschonau', 'hjuh', 'branch4', 'woods158', 'cox302', None, 'zbuford', 'cmauser', 'song498', 'mfavour']"
38,109,28,68,27,"['fvanwink', 'fan123', 'bohlinh', 'dvicker', 'cdhuffma', 'jdaliber', 'hill392', 'le133', 'dshkurup', 'cdoniere', 'mooreo', 'kim2918', 'eoverly', 'brook200', 'lschonau', 'hjuh', 'fong14', 'ckayrou', 'lee3120', 'stephae', 'hamil175', 'cmauser', 'song498', 'huff49', 'mfavour', 'cokuszki', 'robin497']",0,[],41,"['ajurgons', 'yiliuhu', 'raderc', 'jeremyszilagyi', 'mansourh', 'snowling', 'hinseyj', 'eloper', 'robin451', 'sulli256', 'kim1947', 'knordyke', 'ridgea', 'tremblay', 'suh56', 'miles70', 'mculliso', 'graha162', 'ggrechis', 'jgarfiel', 'collett', 'yap1', 'nguye492', 'ewestrat', 'smaddur', 'tgrotzer', 'maugeld', 'mgodsey', 'branch4', 'woods158', 'vwendt', 'perry179', 'cox302', None, 'zbuford', 'jone1719', 'huff51', 'iyer95', 'royer4', 'kim3300', 'pstroik']",68,"['fvanwink', 'yiliuhu', 'raderc', 'jeremyszilagyi', 'mansourh', 'snowling', 'hinseyj', 'hill392', 'kim1947', 'miles70', 'graha162', 'jgarfiel', 'collett', 'ewestrat', 'brook200', 'tgrotzer', 'mgodsey', 'fong14', 'ckayrou', 'vwendt', 'perry179', 'lee3120', 'stephae', 'jone1719', 'hamil175', 'huff51', 'huff49', 'iyer95', 'cokuszki', 'royer4', 'kim3300', 'robin497', 'pstroik', 'fan123', 'ajurgons', 'bohlinh', 'dvicker', 'cdhuffma', 'jdaliber', 'eloper', 'robin451', 'sulli256', 'le133', 'dshkurup', 'ridgea', 'knordyke', 'cdoniere', 'mooreo', 'suh56', 'tremblay', 'mculliso', 'kim2918', 'ggrechis', 'yap1', 'nguye492', 'eoverly', 'smaddur', 'maugeld', 'lschonau', 'hjuh', 'branch4', 'woods158', 'cox302', None, 'zbuford', 'cmauser', 'song498', 'mfavour']"
38,110,28,11,1,['huff49'],26,"['fvanwink', 'fan123', 'bohlinh', 'dvicker', 'cdhuffma', 'jdaliber', 'hill392', 'le133', 'dshkurup', 'cdoniere', 'mooreo', 'kim2918', 'eoverly', 'brook200', 'lschonau', 'hjuh', 'fong14', 'ckayrou', 'lee3120', 'stephae', 'hamil175', 'cmauser', 'song498', 'mfavour', 'cokuszki', 'robin497']",10,"['nguye492', 'robin451', None, 'raderc', 'jeremyszilagyi', 'perry179', 'collett', 'czensho', 'yap1', 'pstroik']",37,"['fvanwink', 'pstroik', 'fan123', 'raderc', 'bohlinh', 'jeremyszilagyi', 'dvicker', 'cdhuffma', 'jdaliber', 'czensho', 'hill392', 'robin451', 'le133', 'dshkurup', 'cdoniere', 'mooreo', 'kim2918', 'collett', 'yap1', 'nguye492', 'eoverly', 'brook200', 'lschonau', 'hjuh', 'fong14', 'ckayrou', None, 'perry179', 'lee3120', 'stephae', 'hamil175', 'cmauser', 'song498', 'huff49', 'mfavour', 'cokuszki', 'robin497']"
39,405,27,23,21,"['nnennaaida', 'paulnwazor', 'nsudekingsley5', 'ezeavictor', 'uche15uche', 'ikechukwuobi', 'adacliff', 'leonardasogwa', 'ada.agbogu', 'leochristeox1', 'solomenda', 'icnwodo', 'cyrilolugod', 'paulugwu', 'kobbyhammond', 'paul.nzereogu.pg87719', 'ericdavid', 'rodrigue.ngongang', 'malachy', 'nwoye.chijioke', 'cezeora']",5,"['alainagordon', 'marcus4perez', 'sly3', 'alessandro', 'ellajustus']",2,"[None, 'bridgetnanohub2021']",28,"['nnennaaida', 'paulnwazor', 'ezeavictor', 'nsudekingsley5', 'uche15uche', 'ikechukwuobi', 'marcus4perez', 'adacliff', 'leonardasogwa', 'ada.agbogu', 'leochristeox1', 'solomenda', 'bridgetnanohub2021', 'icnwodo', 'cyrilolugod', 'paulugwu', 'alainagordon', 'kobbyhammond', 'paul.nzereogu.pg87719', 'alessandro', 'ericdavid', 'rodrigue.ngongang', 'malachy', None, 'nwoye.chijioke', 'cezeora', 'sly3', 'ellajustus']"
39,216,27,16,1,['alainagordon'],25,"['nnennaaida', 'paulnwazor', 'ezeavictor', 'nsudekingsley5', 'uche15uche', 'ikechukwuobi', 'marcus4perez', 'adacliff', 'leonardasogwa', 'ada.agbogu', 'leochristeox1', 'solomenda', 'icnwodo', 'cyrilolugod', 'paulugwu', 'kobbyhammond', 'paul.nzereogu.pg87719', 'alessandro', 'ericdavid', 'rodrigue.ngongang', 'malachy', 'nwoye.chijioke', 'cezeora', 'sly3', 'ellajustus']",15,"['hernandezv', 'jacob.cornell', 'juliasthilaire', 'argstanton', 'jettsu', 'nguyendaniel', 's.alderman', 'cgettinger', 'gavin.drawdy', 'andrew.montiegel', 'rebeccapoole', 'm.mcguinness', None, 'oliviarandell', 'glorber']",41,"['nnennaaida', 'paulnwazor', 'ezeavictor', 'nsudekingsley5', 'uche15uche', 'andrew.montiegel', 'juliasthilaire', 'ikechukwuobi', 'argstanton', 'marcus4perez', 'adacliff', 'nguyendaniel', 'leonardasogwa', 'ada.agbogu', 'leochristeox1', 'solomenda', 'glorber', 'hernandezv', 'jacob.cornell', 'icnwodo', 'cyrilolugod', 'paulugwu', 'alainagordon', 'jettsu', 'kobbyhammond', 'paul.nzereogu.pg87719', 'alessandro', 'ericdavid', 'rodrigue.ngongang', 'malachy', 's.alderman', 'gavin.drawdy', 'rebeccapoole', None, 'oliviarandell', 'nwoye.chijioke', 'cezeora', 'sly3', 'cgettinger', 'm.mcguinness', 'ellajustus']"
39,211,27,13,1,['alainagordon'],25,"['nnennaaida', 'paulnwazor', 'ezeavictor', 'nsudekingsley5', 'uche15uche', 'ikechukwuobi', 'marcus4perez', 'adacliff', 'leonardasogwa', 'ada.agbogu', 'leochristeox1', 'solomenda', 'icnwodo', 'cyrilolugod', 'paulugwu', 'kobbyhammond', 'paul.nzereogu.pg87719', 'alessandro', 'ericdavid', 'rodrigue.ngongang', 'malachy', 'nwoye.chijioke', 'cezeora', 'sly3', 'ellajustus']",12,"['hernandezv', 'jacob.cornell', 'argstanton', 'kylelackey', 'morganwilliams', 'nguyendaniel', 'walter.sanchez', 'olivia.bergmann', 'cgettinger', 'mike0844', None, 'oliviarandell']",38,"['nnennaaida', 'paulnwazor', 'ezeavictor', 'nsudekingsley5', 'uche15uche', 'olivia.bergmann', 'ikechukwuobi', 'argstanton', 'marcus4perez', 'adacliff', 'kylelackey', 'morganwilliams', 'nguyendaniel', 'leonardasogwa', 'ada.agbogu', 'leochristeox1', 'solomenda', 'hernandezv', 'jacob.cornell', 'icnwodo', 'cyrilolugod', 'paulugwu', 'alainagordon', 'kobbyhammond', 'paul.nzereogu.pg87719', 'alessandro', 'ericdavid', 'rodrigue.ngongang', 'malachy', None, 'oliviarandell', 'nwoye.chijioke', 'cezeora', 'sly3', 'walter.sanchez', 'cgettinger', 'mike0844', 'ellajustus']"
39,408,27,13,12,"['nwoye.chijioke', 'nnennaaida', 'icnwodo', 'cyrilolugod', 'uche15uche', 'paul.nzereogu.pg87719', 'adacliff', 'ericdavid', 'leonardasogwa', 'ada.agbogu', 'solomenda', 'ellajustus']",14,"['paulnwazor', 'ikechukwuobi', 'ezeavictor', 'nsudekingsley5', 'paulugwu', 'alainagordon', 'cezeora', 'marcus4perez', 'kobbyhammond', 'alessandro', 'sly3', 'rodrigue.ngongang', 'malachy', 'leochristeox1']",1,[None],27,"['nnennaaida', 'paulnwazor', 'ezeavictor', 'nsudekingsley5', 'uche15uche', 'ikechukwuobi', 'marcus4perez', 'adacliff', 'leonardasogwa', 'ada.agbogu', 'leochristeox1', 'solomenda', 'icnwodo', 'cyrilolugod', 'paulugwu', 'alainagordon', 'kobbyhammond', 'paul.nzereogu.pg87719', 'alessandro', 'ericdavid', 'rodrigue.ngongang', 'malachy', None, 'nwoye.chijioke', 'cezeora', 'sly3', 'ellajustus']"
39,406,27,10,9,"['nsudekingsley5', 'cezeora', 'paulugwu', 'marcus4perez', 'kobbyhammond', 'paul.nzereogu.pg87719', 'sly3', 'malachy', 'leonardasogwa']",17,"['nnennaaida', 'nwoye.chijioke', 'paulnwazor', 'ikechukwuobi', 'ezeavictor', 'icnwodo', 'cyrilolugod', 'uche15uche', 'alainagordon', 'adacliff', 'alessandro', 'ericdavid', 'rodrigue.ngongang', 'ada.agbogu', 'leochristeox1', 'solomenda', 'ellajustus']",1,[None],27,"['nnennaaida', 'paulnwazor', 'icnwodo', 'ezeavictor', 'nsudekingsley5', 'cyrilolugod', 'uche15uche', 'paulugwu', 'alainagordon', 'kobbyhammond', 'paul.nzereogu.pg87719', 'alessandro', 'ericdavid', 'rodrigue.ngongang', 'malachy', None, 'nwoye.chijioke', 'ikechukwuobi', 'cezeora', 'marcus4perez', 'adacliff', 'sly3', 'leonardasogwa', 'ada.agbogu', 'leochristeox1', 'solomenda', 'ellajustus']"
39,407,27,8,7,"['nnennaaida', 'nwoye.chijioke', 'ikechukwuobi', 'paulugwu', 'malachy', 'rodrigue.ngongang', 'solomenda']",19,"['paulnwazor', 'ezeavictor', 'nsudekingsley5', 'uche15uche', 'marcus4perez', 'adacliff', 'leonardasogwa', 'ada.agbogu', 'leochristeox1', 'icnwodo', 'cyrilolugod', 'alainagordon', 'kobbyhammond', 'paul.nzereogu.pg87719', 'alessandro', 'ericdavid', 'cezeora', 'sly3', 'ellajustus']",1,[None],27,"['nnennaaida', 'paulnwazor', 'icnwodo', 'ezeavictor', 'nsudekingsley5', 'cyrilolugod', 'uche15uche', 'paulugwu', 'alainagordon', 'kobbyhammond', 'paul.nzereogu.pg87719', 'alessandro', 'ericdavid', 'rodrigue.ngongang', 'malachy', None, 'nwoye.chijioke', 'ikechukwuobi', 'cezeora', 'marcus4perez', 'adacliff', 'sly3', 'leonardasogwa', 'ada.agbogu', 'leochristeox1', 'solomenda', 'ellajustus']"
40,94,25,23,17,"['andrazzn', 'tudorletitia04', 'radu.cavache', 'andreutzu_ene', 'pescaru.cristian21', 'vaduva.bianca', 'anghelgabrielacatalina', 'ana_maria.stoicescu', 'ionutmarean', '22sebi22', 'gabriela.gheorghe', 'andreeaopincariu08', 'craciun.costi8', 'dumitrel.petu', 'alexandruliviu17', 'stancuelenamihaela05', 'bilie']",7,"['paulgabrielm', 'ciolanevelin', 'andreeagavrila2598', 'girtu', 'bogdandobre97', 'dunosemario22', 'beitaiulian']",6,"['andreineacsu73', 'mihaianamaria455', 'raluca', 'siiacob', 'miron.cristea', None]",30,"['andrazzn', 'mihaianamaria455', 'andreutzu_ene', 'paulgabrielm', 'ciolanevelin', 'gabriela.gheorghe', 'girtu', 'tudorletitia04', 'radu.cavache', 'anghelgabrielacatalina', 'vaduva.bianca', 'ana_maria.stoicescu', 'andreeaopincariu08', 'craciun.costi8', 'alexandruliviu17', 'stancuelenamihaela05', 'beitaiulian', 'andreineacsu73', 'pescaru.cristian21', 'raluca', 'ionutmarean', 'siiacob', 'miron.cristea', 'bogdandobre97', 'dunosemario22', None, 'andreeagavrila2598', '22sebi22', 'dumitrel.petu', 'bilie']"
40,295,25,19,14,"['andrazzn', 'tudorletitia04', 'radu.cavache', 'andreutzu_ene', 'vaduva.bianca', 'anghelgabrielacatalina', 'ana_maria.stoicescu', '22sebi22', 'gabriela.gheorghe', 'girtu', 'craciun.costi8', 'dumitrel.petu', 'stancuelenamihaela05', 'bilie']",10,"['paulgabrielm', 'ciolanevelin', 'pescaru.cristian21', 'ionutmarean', 'andreeagavrila2598', 'andreeaopincariu08', 'bogdandobre97', 'alexandruliviu17', 'dunosemario22', 'beitaiulian']",5,"['andreineacsu73', 'mihaianamaria455', 'raluca', 'elenas', None]",29,"['andrazzn', 'mihaianamaria455', 'andreutzu_ene', 'paulgabrielm', 'ciolanevelin', 'gabriela.gheorghe', 'girtu', 'tudorletitia04', 'radu.cavache', 'anghelgabrielacatalina', 'vaduva.bianca', 'ana_maria.stoicescu', 'andreeaopincariu08', 'craciun.costi8', 'alexandruliviu17', 'stancuelenamihaela05', 'beitaiulian', 'andreineacsu73', 'pescaru.cristian21', 'raluca', 'ionutmarean', 'bogdandobre97', 'dunosemario22', None, 'andreeagavrila2598', '22sebi22', 'elenas', 'dumitrel.petu', 'bilie']"
40,204,25,17,14,"['andrazzn', 'tudorletitia04', 'radu.cavache', 'andreutzu_ene', 'pescaru.cristian21', 'ciolanevelin', 'anghelgabrielacatalina', 'ana_maria.stoicescu', 'ionutmarean', '22sebi22', 'bogdandobre97', 'alexandruliviu17', 'dunosemario22', 'stancuelenamihaela05']",10,"['paulgabrielm', 'vaduva.bianca', 'andreeagavrila2598', 'girtu', 'gabriela.gheorghe', 'andreeaopincariu08', 'craciun.costi8', 'dumitrel.petu', 'bilie', 'beitaiulian']",3,"['andreineacsu73', 'mihaianamaria455', None]",27,"['andrazzn', 'mihaianamaria455', 'andreutzu_ene', 'paulgabrielm', 'ciolanevelin', 'gabriela.gheorghe', 'girtu', 'tudorletitia04', 'radu.cavache', 'anghelgabrielacatalina', 'vaduva.bianca', 'ana_maria.stoicescu', 'andreeaopincariu08', 'craciun.costi8', 'alexandruliviu17', 'stancuelenamihaela05', 'beitaiulian', 'andreineacsu73', 'pescaru.cristian21', 'ionutmarean', 'bogdandobre97', 'dunosemario22', None, 'andreeagavrila2598', '22sebi22', 'dumitrel.petu', 'bilie']"
40,96,25,14,11,"['andrazzn', 'andreutzu_ene', 'pescaru.cristian21', 'anghelgabrielacatalina', 'ana_maria.stoicescu', 'ionutmarean', 'gabriela.gheorghe', 'dumitrel.petu', 'craciun.costi8', 'alexandruliviu17', 'stancuelenamihaela05']",13,"['tudorletitia04', 'radu.cavache', 'paulgabrielm', 'ciolanevelin', 'vaduva.bianca', 'andreeagavrila2598', 'girtu', '22sebi22', 'andreeaopincariu08', 'bogdandobre97', 'dunosemario22', 'bilie', 'beitaiulian']",3,"['mihaianamaria455', None, 'elenas']",27,"['andrazzn', 'mihaianamaria455', 'andreutzu_ene', 'paulgabrielm', 'ciolanevelin', 'gabriela.gheorghe', 'girtu', 'tudorletitia04', 'radu.cavache', 'anghelgabrielacatalina', 'vaduva.bianca', 'ana_maria.stoicescu', 'andreeaopincariu08', 'craciun.costi8', 'alexandruliviu17', 'stancuelenamihaela05', 'beitaiulian', 'pescaru.cristian21', 'ionutmarean', 'bogdandobre97', 'dunosemario22', None, 'andreeagavrila2598', '22sebi22', 'elenas', 'dumitrel.petu', 'bilie']"
40,205,25,10,8,"['radu.cavache', 'anghelgabrielacatalina', '22sebi22', 'gabriela.gheorghe', 'andreeaopincariu08', 'dumitrel.petu', 'craciun.costi8', 'stancuelenamihaela05']",16,"['andrazzn', 'tudorletitia04', 'andreutzu_ene', 'paulgabrielm', 'ciolanevelin', 'vaduva.bianca', 'ana_maria.stoicescu', 'pescaru.cristian21', 'ionutmarean', 'andreeagavrila2598', 'girtu', 'bogdandobre97', 'alexandruliviu17', 'dunosemario22', 'bilie', 'beitaiulian']",2,"['mihaianamaria455', None]",26,"['andrazzn', 'mihaianamaria455', 'andreutzu_ene', 'paulgabrielm', 'ciolanevelin', 'pescaru.cristian21', 'ionutmarean', 'gabriela.gheorghe', 'girtu', 'bogdandobre97', 'dunosemario22', None, 'tudorletitia04', 'radu.cavache', 'anghelgabrielacatalina', 'vaduva.bianca', 'ana_maria.stoicescu', 'andreeagavrila2598', '22sebi22', 'andreeaopincariu08', 'craciun.costi8', 'dumitrel.petu', 'alexandruliviu17', 'stancuelenamihaela05', 'bilie', 'beitaiulian']"
40,98,25,8,7,"['tudorletitia04', 'pescaru.cristian21', 'anghelgabrielacatalina', '22sebi22', 'gabriela.gheorghe', 'bilie', 'beitaiulian']",17,"['andrazzn', 'radu.cavache', 'andreutzu_ene', 'paulgabrielm', 'ciolanevelin', 'vaduva.bianca', 'ana_maria.stoicescu', 'ionutmarean', 'andreeagavrila2598', 'girtu', 'andreeaopincariu08', 'craciun.costi8', 'dumitrel.petu', 'bogdandobre97', 'alexandruliviu17', 'stancuelenamihaela05', 'dunosemario22']",1,[None],25,"['andrazzn', 'andreutzu_ene', 'paulgabrielm', 'ciolanevelin', 'pescaru.cristian21', 'ionutmarean', 'gabriela.gheorghe', 'girtu', 'bogdandobre97', 'dunosemario22', None, 'tudorletitia04', 'radu.cavache', 'anghelgabrielacatalina', 'vaduva.bianca', 'ana_maria.stoicescu', 'andreeagavrila2598', '22sebi22', 'andreeaopincariu08', 'craciun.costi8', 'dumitrel.petu', 'alexandruliviu17', 'stancuelenamihaela05', 'bilie', 'beitaiulian']"
40,289,25,8,5,"['anghelgabrielacatalina', 'dumitrel.petu', 'craciun.costi8', 'alexandruliviu17', 'stancuelenamihaela05']",19,"['andrazzn', 'andreutzu_ene', 'paulgabrielm', 'ciolanevelin', 'gabriela.gheorghe', 'girtu', 'tudorletitia04', 'radu.cavache', 'vaduva.bianca', 'ana_maria.stoicescu', 'andreeaopincariu08', 'beitaiulian', 'pescaru.cristian21', 'ionutmarean', 'bogdandobre97', 'dunosemario22', 'andreeagavrila2598', '22sebi22', 'bilie']",3,"['mihaianamaria455', None, 'miron.cristea']",27,"['andrazzn', 'mihaianamaria455', 'andreutzu_ene', 'paulgabrielm', 'ciolanevelin', 'pescaru.cristian21', 'ionutmarean', 'gabriela.gheorghe', 'girtu', 'miron.cristea', 'bogdandobre97', 'dunosemario22', None, 'tudorletitia04', 'radu.cavache', 'anghelgabrielacatalina', 'vaduva.bianca', 'ana_maria.stoicescu', 'andreeagavrila2598', '22sebi22', 'andreeaopincariu08', 'craciun.costi8', 'dumitrel.petu', 'alexandruliviu17', 'stancuelenamihaela05', 'bilie', 'beitaiulian']"
40,95,25,7,4,"['ionutmarean', 'radu.cavache', 'gabriela.gheorghe', 'anghelgabrielacatalina']",20,"['andrazzn', 'andreutzu_ene', 'paulgabrielm', 'ciolanevelin', 'girtu', 'tudorletitia04', 'vaduva.bianca', 'ana_maria.stoicescu', 'andreeaopincariu08', 'craciun.costi8', 'alexandruliviu17', 'stancuelenamihaela05', 'beitaiulian', 'pescaru.cristian21', 'bogdandobre97', 'dunosemario22', 'andreeagavrila2598', '22sebi22', 'dumitrel.petu', 'bilie']",3,"['andreineacsu73', None, 'raluca']",27,"['andrazzn', 'andreineacsu73', 'andreutzu_ene', 'paulgabrielm', 'ciolanevelin', 'pescaru.cristian21', 'raluca', 'ionutmarean', 'gabriela.gheorghe', 'girtu', 'bogdandobre97', 'dunosemario22', None, 'tudorletitia04', 'radu.cavache', 'anghelgabrielacatalina', 'vaduva.bianca', 'ana_maria.stoicescu', 'andreeagavrila2598', '22sebi22', 'andreeaopincariu08', 'craciun.costi8', 'dumitrel.petu', 'alexandruliviu17', 'stancuelenamihaela05', 'bilie', 'beitaiulian']"
42,568,24,21,15,"['jasonhatfield', 'indigocloud123', 'kristingooden', 'joshuafadeley', 'mmilarvie', 'rileyjoinnides', 'wesleyjen', 'markskinner', 'ryanfinkelstein', 'cycyruss1', 'hunterunderwood', 'creedfeigt', 'mirandanelson218', 'maiaketteridge', 'trentgarrett']",8,"['benbolshaw', 'marjanalbooyeh', 'nicholaswright784', 'michaeleppel', 'carsonkraft', 'joymorin', 'nickparker', 'rbassine']",6,"['carmenwu', 'ashtonenrriques', 'caydendoyle', 'egraugnard', None, 'hannahbyers']",29,"['indigocloud123', 'wesleyjen', 'cycyruss1', 'joymorin', 'creedfeigt', 'mirandanelson218', 'rbassine', 'jasonhatfield', 'carmenwu', 'rileyjoinnides', 'ryanfinkelstein', 'hunterunderwood', 'caydendoyle', 'trentgarrett', 'marjanalbooyeh', 'benbolshaw', 'joshuafadeley', 'nicholaswright784', None, 'maiaketteridge', 'hannahbyers', 'mmilarvie', 'michaeleppel', 'carsonkraft', 'egraugnard', 'kristingooden', 'nickparker', 'markskinner', 'ashtonenrriques']"
42,558,24,20,16,"['jasonhatfield', 'indigocloud123', 'kristingooden', 'joshuafadeley', 'mmilarvie', 'rileyjoinnides', 'wesleyjen', 'nicholaswright784', 'ryanfinkelstein', 'cycyruss1', 'hunterunderwood', 'michaeleppel', 'creedfeigt', 'markskinner', 'maiaketteridge', 'trentgarrett']",7,"['benbolshaw', 'marjanalbooyeh', 'carsonkraft', 'joymorin', 'nickparker', 'mirandanelson218', 'rbassine']",4,"['lanlibsu', None, 'caydendoyle', 'abiaggne']",27,"['indigocloud123', 'wesleyjen', 'cycyruss1', 'joymorin', 'creedfeigt', 'mirandanelson218', 'abiaggne', 'rbassine', 'jasonhatfield', 'rileyjoinnides', 'ryanfinkelstein', 'hunterunderwood', 'caydendoyle', 'trentgarrett', 'marjanalbooyeh', 'benbolshaw', 'joshuafadeley', 'nicholaswright784', None, 'maiaketteridge', 'mmilarvie', 'michaeleppel', 'carsonkraft', 'kristingooden', 'nickparker', 'markskinner', 'lanlibsu']"
42,551,24,19,17,"['jasonhatfield', 'indigocloud123', 'kristingooden', 'joshuafadeley', 'mmilarvie', 'rileyjoinnides', 'wesleyjen', 'nicholaswright784', 'markskinner', 'ryanfinkelstein', 'hunterunderwood', 'michaeleppel', 'creedfeigt', 'nickparker', 'mirandanelson218', 'maiaketteridge', 'trentgarrett']",6,"['benbolshaw', 'marjanalbooyeh', 'cycyruss1', 'carsonkraft', 'joymorin', 'rbassine']",2,"[None, 'lanlibsu']",25,"['indigocloud123', 'wesleyjen', 'cycyruss1', 'joymorin', 'creedfeigt', 'mirandanelson218', 'rbassine', 'jasonhatfield', 'rileyjoinnides', 'ryanfinkelstein', 'hunterunderwood', 'trentgarrett', 'marjanalbooyeh', 'benbolshaw', 'joshuafadeley', 'nicholaswright784', None, 'maiaketteridge', 'mmilarvie', 'michaeleppel', 'carsonkraft', 'kristingooden', 'nickparker', 'markskinner', 'lanlibsu']"
42,553,24,18,16,"['jasonhatfield', 'indigocloud123', 'joshuafadeley', 'mmilarvie', 'rileyjoinnides', 'wesleyjen', 'nicholaswright784', 'nickparker', 'markskinner', 'ryanfinkelstein', 'michaeleppel', 'kristingooden', 'creedfeigt', 'mirandanelson218', 'maiaketteridge', 'trentgarrett']",7,"['marjanalbooyeh', 'benbolshaw', 'hunterunderwood', 'cycyruss1', 'carsonkraft', 'joymorin', 'rbassine']",2,"[None, 'lanlibsu']",25,"['indigocloud123', 'wesleyjen', 'cycyruss1', 'joymorin', 'creedfeigt', 'mirandanelson218', 'rbassine', 'jasonhatfield', 'rileyjoinnides', 'ryanfinkelstein', 'hunterunderwood', 'trentgarrett', 'marjanalbooyeh', 'benbolshaw', 'joshuafadeley', 'nicholaswright784', None, 'maiaketteridge', 'mmilarvie', 'michaeleppel', 'carsonkraft', 'kristingooden', 'nickparker', 'markskinner', 'lanlibsu']"
42,556,24,18,16,"['jasonhatfield', 'indigocloud123', 'joshuafadeley', 'mmilarvie', 'rileyjoinnides', 'wesleyjen', 'nicholaswright784', 'ryanfinkelstein', 'cycyruss1', 'hunterunderwood', 'michaeleppel', 'kristingooden', 'creedfeigt', 'markskinner', 'maiaketteridge', 'trentgarrett']",7,"['benbolshaw', 'marjanalbooyeh', 'carsonkraft', 'joymorin', 'nickparker', 'mirandanelson218', 'rbassine']",2,"[None, 'lanlibsu']",25,"['indigocloud123', 'wesleyjen', 'cycyruss1', 'joymorin', 'creedfeigt', 'mirandanelson218', 'rbassine', 'jasonhatfield', 'rileyjoinnides', 'ryanfinkelstein', 'hunterunderwood', 'trentgarrett', 'marjanalbooyeh', 'benbolshaw', 'joshuafadeley', 'nicholaswright784', None, 'maiaketteridge', 'mmilarvie', 'michaeleppel', 'carsonkraft', 'kristingooden', 'nickparker', 'markskinner', 'lanlibsu']"
42,563,24,18,16,"['jasonhatfield', 'indigocloud123', 'joshuafadeley', 'mmilarvie', 'rileyjoinnides', 'wesleyjen', 'nicholaswright784', 'markskinner', 'ryanfinkelstein', 'cycyruss1', 'hunterunderwood', 'michaeleppel', 'creedfeigt', 'mirandanelson218', 'maiaketteridge', 'trentgarrett']",7,"['benbolshaw', 'marjanalbooyeh', 'carsonkraft', 'joymorin', 'kristingooden', 'nickparker', 'rbassine']",2,"[None, 'lanlibsu']",25,"['indigocloud123', 'wesleyjen', 'cycyruss1', 'joymorin', 'creedfeigt', 'mirandanelson218', 'rbassine', 'jasonhatfield', 'rileyjoinnides', 'ryanfinkelstein', 'hunterunderwood', 'trentgarrett', 'marjanalbooyeh', 'benbolshaw', 'joshuafadeley', 'nicholaswright784', None, 'maiaketteridge', 'mmilarvie', 'michaeleppel', 'carsonkraft', 'kristingooden', 'nickparker', 'markskinner', 'lanlibsu']"
42,565,24,18,16,"['jasonhatfield', 'indigocloud123', 'joshuafadeley', 'mmilarvie', 'rileyjoinnides', 'nicholaswright784', 'markskinner', 'ryanfinkelstein', 'cycyruss1', 'hunterunderwood', 'michaeleppel', 'kristingooden', 'creedfeigt', 'mirandanelson218', 'maiaketteridge', 'trentgarrett']",7,"['benbolshaw', 'marjanalbooyeh', 'wesleyjen', 'carsonkraft', 'joymorin', 'nickparker', 'rbassine']",2,"[None, 'lanlibsu']",25,"['indigocloud123', 'wesleyjen', 'cycyruss1', 'joymorin', 'creedfeigt', 'mirandanelson218', 'rbassine', 'jasonhatfield', 'rileyjoinnides', 'ryanfinkelstein', 'hunterunderwood', 'trentgarrett', 'marjanalbooyeh', 'benbolshaw', 'joshuafadeley', 'nicholaswright784', None, 'maiaketteridge', 'mmilarvie', 'michaeleppel', 'carsonkraft', 'kristingooden', 'nickparker', 'markskinner', 'lanlibsu']"
42,562,24,11,9,"['jasonhatfield', 'indigocloud123', 'joshuafadeley', 'mmilarvie', 'markskinner', 'cycyruss1', 'kristingooden', 'creedfeigt', 'mirandanelson218']",14,"['marjanalbooyeh', 'benbolshaw', 'rileyjoinnides', 'wesleyjen', 'nicholaswright784', 'ryanfinkelstein', 'hunterunderwood', 'michaeleppel', 'carsonkraft', 'joymorin', 'nickparker', 'maiaketteridge', 'rbassine', 'trentgarrett']",2,"[None, 'lanlibsu']",25,"['indigocloud123', 'marjanalbooyeh', 'benbolshaw', 'joshuafadeley', 'wesleyjen', 'nicholaswright784', 'cycyruss1', 'joymorin', 'creedfeigt', 'mirandanelson218', None, 'rbassine', 'maiaketteridge', 'jasonhatfield', 'mmilarvie', 'rileyjoinnides', 'ryanfinkelstein', 'hunterunderwood', 'michaeleppel', 'carsonkraft', 'kristingooden', 'nickparker', 'markskinner', 'lanlibsu', 'trentgarrett']"
42,200,24,7,2,"['michaeleppel', 'maiaketteridge']",21,"['indigocloud123', 'wesleyjen', 'cycyruss1', 'joymorin', 'creedfeigt', 'mirandanelson218', 'rbassine', 'jasonhatfield', 'rileyjoinnides', 'ryanfinkelstein', 'hunterunderwood', 'trentgarrett', 'marjanalbooyeh', 'benbolshaw', 'joshuafadeley', 'nicholaswright784', 'mmilarvie', 'carsonkraft', 'kristingooden', 'nickparker', 'markskinner']",5,"['gwenwhite', 'mahmoodmamivand', 'franklin02', 'codylacoursiere', None]",28,"['indigocloud123', 'marjanalbooyeh', 'benbolshaw', 'gwenwhite', 'joshuafadeley', 'mahmoodmamivand', 'wesleyjen', 'nicholaswright784', 'cycyruss1', 'joymorin', 'creedfeigt', 'franklin02', 'codylacoursiere', 'mirandanelson218', None, 'rbassine', 'maiaketteridge', 'jasonhatfield', 'mmilarvie', 'rileyjoinnides', 'ryanfinkelstein', 'hunterunderwood', 'michaeleppel', 'carsonkraft', 'kristingooden', 'nickparker', 'markskinner', 'trentgarrett']"
43,74,24,51,2,"['tgrinspan', 'gi.decastropedro']",21,"['limyongchean', 'vreddy', 'parth_sd', 'aqilazman', 'joiyi0122', 'ng3uy', 'nurbashirouh', 'dheeraj1314', 'jaykumarvaidya', 'miftahulaifa', 'shahnewaz01', 'ps3716', 'keerthipriyan', 'lwang215', 'ongsingsean', 'masoud1988', 'matthias.wietstruck', 'kasyfishariff', 'lyx', 'as8hu', 'samarth177']",49,"['jaridcohen', 'luiscostoya', 'leemitchelluf22', 'allysonkindel', 'hamadeh.abdullah', 'iperlmutter', 'slouima', 'd.matias', 'ryansimoneau', 'ryan.james', 'polina.leger', 'patrick.garrett', 'cole.prospero', 'faithfreeman', 'zackheiny', 'cadames', 'kian.friden', 'andrew.cannon', 'ldalcomune', 'jschubeck', 'chemix.cccc', 'kburstiner', 'stefenlagos', 'em.olsson', 'jonathan.medina', 'kristamarrocco', 't.wagoner', 'chloe.petrosino', 'ereussow', 'cameronthomas', 'ramosdiego', 'tlt.camille.a', 't.edwards', 'sabrina.bernal', 'alyssacaples', 'sophia.rossi', None, 'brookheyd', 'luiscedeno99', 'adirocco', 'abigail.bryant', 'alonsorabits', 'h.friedman', 'cosmo.hopkins', 'david.moore1', 'listro.matthew', 'jvillena1', 'ctaleno', 'danielraynor']",72,"['limyongchean', 'vreddy', 'polina.leger', 'patrick.garrett', 'aqilazman', 'cole.prospero', 'joiyi0122', 'zackheiny', 'nurbashirouh', 'dheeraj1314', 'chemix.cccc', 'kburstiner', 'miftahulaifa', 'stefenlagos', 'ps3716', 'keerthipriyan', 'ongsingsean', 't.wagoner', 'masoud1988', 'gi.decastropedro', 'matthias.wietstruck', 'kasyfishariff', 'lyx', 'tgrinspan', 'sabrina.bernal', 'alyssacaples', 'luiscedeno99', 'abigail.bryant', 'samarth177', 'david.moore1', 'listro.matthew', 'ryan.james', 'ctaleno', 'jaridcohen', 'luiscostoya', 'leemitchelluf22', 'allysonkindel', 'hamadeh.abdullah', 'iperlmutter', 'slouima', 'd.matias', 'ryansimoneau', 'parth_sd', 'faithfreeman', 'cadames', 'ng3uy', 'kian.friden', 'andrew.cannon', 'ldalcomune', 'jschubeck', 'jaykumarvaidya', 'shahnewaz01', 'em.olsson', 'jonathan.medina', 'kristamarrocco', 'lwang215', 'chloe.petrosino', 'ereussow', 'cameronthomas', 'ramosdiego', 'tlt.camille.a', 't.edwards', 'as8hu', 'sophia.rossi', None, 'brookheyd', 'adirocco', 'alonsorabits', 'h.friedman', 'cosmo.hopkins', 'jvillena1', 'danielraynor']"
43,285,24,49,1,['gi.decastropedro'],22,"['limyongchean', 'vreddy', 'parth_sd', 'aqilazman', 'joiyi0122', 'ng3uy', 'nurbashirouh', 'dheeraj1314', 'jaykumarvaidya', 'miftahulaifa', 'shahnewaz01', 'ps3716', 'keerthipriyan', 'lwang215', 'ongsingsean', 'masoud1988', 'matthias.wietstruck', 'kasyfishariff', 'lyx', 'tgrinspan', 'as8hu', 'samarth177']",48,"['jaridcohen', 'luiscostoya', 'leemitchelluf22', 'allysonkindel', 'hamadeh.abdullah', 'iperlmutter', 'ryansimoneau', 'ryan.james', 'polina.leger', 'patrick.garrett', 'cole.prospero', 'faithfreeman', 'zackheiny', 'cadames', 'kian.friden', 'andrew.cannon', 'jschubeck', 'abdulquadriabiru', 'chemix.cccc', 'kburstiner', 'stefenlagos', 'em.olsson', 'jonathan.medina', 'kristamarrocco', 't.wagoner', 'chloe.petrosino', 'ereussow', 'cameronthomas', 'ramosdiego', 't.edwards', 'sabrina.bernal', 'le.jenna', 'alyssacaples', 'sophia.rossi', None, 'brookheyd', 'luiscedeno99', 'adirocco', 'abigail.bryant', 'nchowdary', 'alonsorabits', 'h.friedman', 'cosmo.hopkins', 'david.moore1', 'listro.matthew', 'jvillena1', 'ctaleno', 'danielraynor']",71,"['limyongchean', 'vreddy', 'polina.leger', 'patrick.garrett', 'aqilazman', 'cole.prospero', 'joiyi0122', 'zackheiny', 'nurbashirouh', 'dheeraj1314', 'chemix.cccc', 'kburstiner', 'miftahulaifa', 'stefenlagos', 'ps3716', 'keerthipriyan', 'ongsingsean', 't.wagoner', 'masoud1988', 'gi.decastropedro', 'matthias.wietstruck', 'kasyfishariff', 'lyx', 'tgrinspan', 'sabrina.bernal', 'alyssacaples', 'luiscedeno99', 'abigail.bryant', 'samarth177', 'nchowdary', 'david.moore1', 'listro.matthew', 'ryan.james', 'ctaleno', 'jaridcohen', 'luiscostoya', 'leemitchelluf22', 'allysonkindel', 'hamadeh.abdullah', 'iperlmutter', 'ryansimoneau', 'parth_sd', 'faithfreeman', 'cadames', 'ng3uy', 'kian.friden', 'andrew.cannon', 'jschubeck', 'jaykumarvaidya', 'abdulquadriabiru', 'shahnewaz01', 'em.olsson', 'jonathan.medina', 'kristamarrocco', 'lwang215', 'chloe.petrosino', 'ereussow', 'cameronthomas', 'ramosdiego', 't.edwards', 'as8hu', 'le.jenna', 'sophia.rossi', None, 'brookheyd', 'adirocco', 'alonsorabits', 'h.friedman', 'cosmo.hopkins', 'jvillena1', 'danielraynor']"
43,476,24,49,1,['gi.decastropedro'],22,"['limyongchean', 'vreddy', 'parth_sd', 'aqilazman', 'joiyi0122', 'ng3uy', 'nurbashirouh', 'dheeraj1314', 'jaykumarvaidya', 'miftahulaifa', 'shahnewaz01', 'ps3716', 'keerthipriyan', 'lwang215', 'ongsingsean', 'masoud1988', 'matthias.wietstruck', 'kasyfishariff', 'lyx', 'tgrinspan', 'as8hu', 'samarth177']",48,"['jaridcohen', 'luiscostoya', 'leemitchelluf22', 'allysonkindel', 'hamadeh.abdullah', 'iperlmutter', 'slouima', 'd.matias', 'ryansimoneau', 'ryan.james', 'polina.leger', 'patrick.garrett', 'cole.prospero', 'faithfreeman', 'zackheiny', 'cadames', 'trustinwhite', 'kian.friden', 'andrew.cannon', 'jschubeck', 'chemix.cccc', 'kburstiner', 'stefenlagos', 'em.olsson', 'jonathan.medina', 'kristamarrocco', 't.wagoner', 'chloe.petrosino', 'ereussow', 'cameronthomas', 't.edwards', 'sabrina.bernal', 'alyssacaples', 'sophia.rossi', None, 'brookheyd', 'luiscedeno99', 'adirocco', 'abigail.bryant', 'nchowdary', 'alonsorabits', 'h.friedman', 'cosmo.hopkins', 'david.moore1', 'listro.matthew', 'jvillena1', 'ctaleno', 'danielraynor']",71,"['limyongchean', 'vreddy', 'polina.leger', 'patrick.garrett', 'aqilazman', 'cole.prospero', 'joiyi0122', 'zackheiny', 'trustinwhite', 'nurbashirouh', 'dheeraj1314', 'chemix.cccc', 'kburstiner', 'miftahulaifa', 'stefenlagos', 'ps3716', 'keerthipriyan', 'ongsingsean', 't.wagoner', 'masoud1988', 'gi.decastropedro', 'matthias.wietstruck', 'kasyfishariff', 'lyx', 'tgrinspan', 'sabrina.bernal', 'alyssacaples', 'luiscedeno99', 'abigail.bryant', 'samarth177', 'nchowdary', 'david.moore1', 'listro.matthew', 'ryan.james', 'ctaleno', 'jaridcohen', 'luiscostoya', 'leemitchelluf22', 'allysonkindel', 'hamadeh.abdullah', 'iperlmutter', 'slouima', 'd.matias', 'ryansimoneau', 'parth_sd', 'faithfreeman', 'cadames', 'ng3uy', 'kian.friden', 'andrew.cannon', 'jschubeck', 'jaykumarvaidya', 'shahnewaz01', 'em.olsson', 'jonathan.medina', 'kristamarrocco', 'lwang215', 'chloe.petrosino', 'ereussow', 'cameronthomas', 't.edwards', 'as8hu', 'sophia.rossi', None, 'brookheyd', 'adirocco', 'alonsorabits', 'h.friedman', 'cosmo.hopkins', 'jvillena1', 'danielraynor']"
43,284,24,6,1,['lwang215'],22,"['limyongchean', 'vreddy', 'parth_sd', 'aqilazman', 'joiyi0122', 'ng3uy', 'nurbashirouh', 'dheeraj1314', 'jaykumarvaidya', 'miftahulaifa', 'shahnewaz01', 'ps3716', 'keerthipriyan', 'ongsingsean', 'masoud1988', 'gi.decastropedro', 'matthias.wietstruck', 'kasyfishariff', 'lyx', 'tgrinspan', 'as8hu', 'samarth177']",5,"['bugwu001', 'cserr011', 'jaronzhu', None, 'yli695']",28,"['masoud1988', 'bugwu001', 'gi.decastropedro', 'matthias.wietstruck', 'kasyfishariff', 'limyongchean', 'lyx', 'ps3716', 'tgrinspan', 'cserr011', 'vreddy', 'parth_sd', 'as8hu', 'jaronzhu', None, 'aqilazman', 'joiyi0122', 'samarth177', 'ng3uy', 'nurbashirouh', 'dheeraj1314', 'jaykumarvaidya', 'miftahulaifa', 'shahnewaz01', 'lwang215', 'keerthipriyan', 'ongsingsean', 'yli695']"
44,43,24,10,5,"['prathamesh', 'rutuja.thorat', 'tejal.dadas', 'suraj.kamtekar', 'renukassdyawarkonda24']",18,"['kzojer', 'so_21_mar', 'peterkang890803', 'simpleluke', 'zeusbraulio', 'stefanhuonder1879', 'kaustubh.mhatre', 'vedanth', 'manuel.ganahl', 'vally.graf', 'shilpi123', 'fixrouter4400', 'grabnerm', 'mario.steiner', 'utsav.panchal', 'pmi2017002', 'klugi', 'fetsre']",5,"['pooja.khismatrao', 'janhavi.dabhane', 'jenildave10', 'rathod_spce', None]",28,"['kzojer', 'peterkang890803', 'simpleluke', 'pooja.khismatrao', 'zeusbraulio', 'stefanhuonder1879', 'kaustubh.mhatre', 'vedanth', 'vally.graf', 'tejal.dadas', 'janhavi.dabhane', 'mario.steiner', 'grabnerm', 'fetsre', 'jenildave10', 'rathod_spce', 'pmi2017002', 'renukassdyawarkonda24', None, 'prathamesh', 'so_21_mar', 'manuel.ganahl', 'shilpi123', 'suraj.kamtekar', 'rutuja.thorat', 'fixrouter4400', 'utsav.panchal', 'klugi']"
45,535,23,22,17,"['leonidas.lavdas', 'brantnorris', 'josephmadden', 'mmoore4', 'jasongibson', 'pniraula', 'nsileo', 'colebarker', 'john.true15', 'zhangjinjian', 'aaronchang1999', 'jakebursk', 'hkirkland', 'michaelkim', 'cwoodahl', 'cameron.anderson', 'josephmadden21']",5,"['jtrue15', 'davidgutierrez', 'gscottwilkinson', 'h.almaghrabi', 'b.herrera']",5,"['zackheiny', 'guoj', 'fzwake', 'cameronthomas', None]",27,"['brantnorris', 'josephmadden', 'fzwake', 'john.true15', 'cwoodahl', 'josephmadden21', 'jtrue15', 'mmoore4', 'guoj', 'zackheiny', 'davidgutierrez', 'gscottwilkinson', 'h.almaghrabi', 'jakebursk', 'leonidas.lavdas', 'jasongibson', 'cameron.anderson', 'cameronthomas', 'b.herrera', 'colebarker', 'aaronchang1999', None, 'nsileo', 'michaelkim', 'zhangjinjian', 'pniraula', 'hkirkland']"
46,198,23,24,22,"['witten2', 'mfocht2', 'mrhoyle2', 'red4', 'marshee2', 'mlm6', 'shirjh2', 'ryansiu3', 'bhaytcher', 'tbc3', 'anqitan2', 'joshua31', 'gemmaclark', 'mol2', 'guerena2', 'oluck2', 'njc4', 'hchen230', 'bbryja2', 'sbzhan', 'nhaug2', 'nathane3']",0,[],2,"['mprogal2', None]",24,"['witten2', 'mfocht2', 'mrhoyle2', 'marshee2', 'red4', 'mlm6', 'shirjh2', 'ryansiu3', 'mprogal2', 'bhaytcher', 'tbc3', 'anqitan2', 'joshua31', 'gemmaclark', 'mol2', 'guerena2', 'oluck2', 'njc4', None, 'hchen230', 'bbryja2', 'sbzhan', 'nhaug2', 'nathane3']"
46,337,23,24,22,"['witten2', 'mfocht2', 'mrhoyle2', 'red4', 'marshee2', 'mlm6', 'shirjh2', 'ryansiu3', 'bhaytcher', 'tbc3', 'anqitan2', 'joshua31', 'gemmaclark', 'mol2', 'guerena2', 'oluck2', 'njc4', 'hchen230', 'bbryja2', 'sbzhan', 'nhaug2', 'nathane3']",0,[],2,"['mprogal2', None]",24,"['witten2', 'mfocht2', 'mrhoyle2', 'marshee2', 'red4', 'mlm6', 'shirjh2', 'ryansiu3', 'mprogal2', 'bhaytcher', 'tbc3', 'anqitan2', 'joshua31', 'gemmaclark', 'mol2', 'guerena2', 'oluck2', 'njc4', None, 'hchen230', 'bbryja2', 'sbzhan', 'nhaug2', 'nathane3']"
47,511,23,8,7,"['mahmoudhiadry', '16smarty', 'godaniel13', 'bombesaway', 'almogsulam', 'ltohar4', 'a.sh']",15,"['kerenuh', 'jeej.abo.naje', 'alinanagel1', 'kittisak.j', 'aya.fadool', 'qurashiubaid', 'amirg', 'parkjaemin', 'bettysh444', 'nimrodrotem08', 'awj', 'akepatiakashreddy', 'vereskm', 'lioryalon', 'amitcotej']",1,[None],23,"['mahmoudhiadry', 'kittisak.j', 'aya.fadool', 'bombesaway', 'godaniel13', 'parkjaemin', 'akepatiakashreddy', 'lioryalon', None, 'a.sh', 'kerenuh', '16smarty', 'jeej.abo.naje', 'alinanagel1', 'qurashiubaid', 'amirg', 'almogsulam', 'ltohar4', 'bettysh444', 'nimrodrotem08', 'awj', 'vereskm', 'amitcotej']"
47,510,23,7,6,"['kerenuh', 'mahmoudhiadry', 'aya.fadool', 'bettysh444', 'lioryalon', 'amitcotej']",16,"['16smarty', 'jeej.abo.naje', 'alinanagel1', 'kittisak.j', 'bombesaway', 'qurashiubaid', 'amirg', 'almogsulam', 'ltohar4', 'godaniel13', 'parkjaemin', 'nimrodrotem08', 'awj', 'akepatiakashreddy', 'vereskm', 'a.sh']",1,[None],23,"['mahmoudhiadry', 'kittisak.j', 'aya.fadool', 'bombesaway', 'godaniel13', 'parkjaemin', 'akepatiakashreddy', 'lioryalon', None, 'a.sh', 'kerenuh', '16smarty', 'jeej.abo.naje', 'alinanagel1', 'qurashiubaid', 'amirg', 'almogsulam', 'ltohar4', 'bettysh444', 'nimrodrotem08', 'awj', 'vereskm', 'amitcotej']"
47,512,23,7,6,"['kerenuh', 'mahmoudhiadry', 'jeej.abo.naje', 'aya.fadool', 'lioryalon', 'amitcotej']",16,"['16smarty', 'alinanagel1', 'kittisak.j', 'bombesaway', 'qurashiubaid', 'amirg', 'almogsulam', 'ltohar4', 'godaniel13', 'parkjaemin', 'bettysh444', 'nimrodrotem08', 'awj', 'akepatiakashreddy', 'vereskm', 'a.sh']",1,[None],23,"['mahmoudhiadry', 'kittisak.j', 'aya.fadool', 'bombesaway', 'godaniel13', 'parkjaemin', 'akepatiakashreddy', 'lioryalon', None, 'a.sh', 'kerenuh', '16smarty', 'jeej.abo.naje', 'alinanagel1', 'qurashiubaid', 'amirg', 'almogsulam', 'ltohar4', 'bettysh444', 'nimrodrotem08', 'awj', 'vereskm', 'amitcotej']"
48,107,23,8,2,"['josebust', 'ashafiee']",20,"['manni386', 'jonashue', 'abouchakramaria', 'cicelymacnamara', 'marcabdallah32', 'catohaste', 'alballou', 'mdeshpa3', 'jiy91', 'dapaz', 'lwiebke', 'mandriotty', 'tachidok', 'rohamyaghoubi142', 'sbackues', 'bjv22', 'joy_cheng', 'toni.west', 'pollyyu', 'abh30']",6,"['jsluka', 'aapetrucciani', 'joelvanin', 'austinw992', 'tmapder', None]",28,"['jsluka', 'manni386', 'jonashue', 'mandriotty', 'tachidok', 'joelvanin', 'abouchakramaria', 'marcabdallah32', 'cicelymacnamara', None, 'catohaste', 'rohamyaghoubi142', 'sbackues', 'alballou', 'aapetrucciani', 'bjv22', 'joy_cheng', 'mdeshpa3', 'toni.west', 'pollyyu', 'austinw992', 'jiy91', 'dapaz', 'tmapder', 'josebust', 'lwiebke', 'abh30', 'ashafiee']"
48,217,23,7,2,"['josebust', 'ashafiee']",20,"['manni386', 'jonashue', 'abouchakramaria', 'cicelymacnamara', 'marcabdallah32', 'catohaste', 'alballou', 'mdeshpa3', 'jiy91', 'dapaz', 'lwiebke', 'mandriotty', 'tachidok', 'rohamyaghoubi142', 'sbackues', 'bjv22', 'joy_cheng', 'toni.west', 'pollyyu', 'abh30']",5,"['jsluka', 'aapetrucciani', 'joelvanin', 'tmapder', None]",27,"['jsluka', 'manni386', 'jonashue', 'mandriotty', 'tachidok', 'joelvanin', 'abouchakramaria', 'marcabdallah32', 'cicelymacnamara', None, 'catohaste', 'rohamyaghoubi142', 'sbackues', 'alballou', 'aapetrucciani', 'bjv22', 'joy_cheng', 'mdeshpa3', 'toni.west', 'pollyyu', 'jiy91', 'dapaz', 'tmapder', 'josebust', 'lwiebke', 'abh30', 'ashafiee']"
49,266,22,9,8,"['ranadeep811911', 'ganesh811913', 'tejaswini14', 'lijita08', 'sushmitha10', 'anushapalaparthi10', 'indhu3012', 'mrudhula']",13,"['811923tejeshreddy', 'somisettymahesh7', '811906prudhvi', 'matheusleao882', '811916ssjb', 'matmag', 'ajaysirra08', '811713kalanithi', 'pawan28', 'ramraj811901', 'yaganirohith13', 'vgovin1988', 'erpasathish02']",1,[None],22,"['tejaswini14', '811923tejeshreddy', 'lijita08', '811906prudhvi', 'mrudhula', 'indhu3012', 'ajaysirra08', None, 'vgovin1988', 'erpasathish02', 'matmag', 'ranadeep811911', 'ganesh811913', 'somisettymahesh7', 'sushmitha10', 'anushapalaparthi10', 'matheusleao882', '811916ssjb', '811713kalanithi', 'pawan28', 'ramraj811901', 'yaganirohith13']"
49,267,22,7,6,"['811923tejeshreddy', 'somisettymahesh7', '811906prudhvi', 'ramraj811901', 'yaganirohith13', 'vgovin1988']",15,"['ranadeep811911', 'ganesh811913', 'tejaswini14', 'lijita08', 'sushmitha10', 'anushapalaparthi10', 'matheusleao882', '811916ssjb', 'mrudhula', 'indhu3012', 'ajaysirra08', '811713kalanithi', 'pawan28', 'matmag', 'erpasathish02']",1,[None],22,"['tejaswini14', '811923tejeshreddy', 'lijita08', '811906prudhvi', 'mrudhula', 'indhu3012', 'ajaysirra08', None, 'vgovin1988', 'erpasathish02', 'matmag', 'ranadeep811911', 'ganesh811913', 'somisettymahesh7', 'sushmitha10', 'anushapalaparthi10', 'matheusleao882', '811916ssjb', '811713kalanithi', 'pawan28', 'ramraj811901', 'yaganirohith13']"
50,10,22,47,6,"['ee20btech11047', 'karanreddy132', 'nithish576s', 'aaseesh', 'executioner', 'tanmay07']",15,"['noahbruccoleri', 'wadeyardhanashree', 'sharmeenshaikh20012519', 'gothankarnikhil123', 'spathak137', 'kunwarharsh248', 'sanjaytamta2011', 'pathakshalini9', 'chaudharidakshata95', 'theresakarra', 'mohitsakshi', 'pallavi.patil2001', 'hritikaghosalkar', 'lkhagvabaatar', 'sharmaritika']",41,"['ee20btech11028', 'hemachandar', 'ee20btech11004', 'ee20btech11038', 'ee20btech11051', 'ee20btech11039', 'ee20btech11040', 'mudavathrohith270702', 'ee20btech11042', 'ee20btech11025', 'ee20btech11016', 'ee20btech11032', 'ee20btech11031', 'ee20btech11046', 'ee20btech11030', 'ee20btech11023', 'rahhul.j17', 'utkarshdoshi13', 'ee20btech11009', 'ee20btech11001', 'dineshchandrabdc2', 'everesteverest381', 'hrushikesh007', 'ee20btech11049', 'ee20btech11059', 'kmanojkumar', 'oves', 'pragna', 'ee20btech11035', None, 'ee20btech11056', 'ankur2003kumar', 'ee20btech11011', 'yasaswini', 'pranathi_007', 'ee20btech11033', 'aditsom7', 'ee20btech11043', 'atharv.ramesh2003', 'ee20btech11034', 'chenchetyabhishek']",62,"['hemachandar', 'ee20btech11004', 'ee20btech11038', 'pathakshalini9', 'ee20btech11051', 'ee20btech11039', 'pallavi.patil2001', 'sharmaritika', 'ee20btech11016', 'ee20btech11031', 'theresakarra', 'rahhul.j17', 'ee20btech11009', 'dineshchandrabdc2', 'hrushikesh007', 'karanreddy132', 'kunwarharsh248', 'ee20btech11059', 'aaseesh', 'oves', 'ee20btech11035', 'noahbruccoleri', 'wadeyardhanashree', 'yasaswini', 'spathak137', 'ee20btech11028', 'ee20btech11047', 'ee20btech11040', 'mudavathrohith270702', 'ee20btech11042', 'lkhagvabaatar', 'tanmay07', 'ee20btech11025', 'gothankarnikhil123', 'ee20btech11032', 'ee20btech11046', 'nithish576s', 'ee20btech11030', 'mohitsakshi', 'ee20btech11023', 'utkarshdoshi13', 'ee20btech11001', 'sharmeenshaikh20012519', 'everesteverest381', 'ee20btech11049', 'kmanojkumar', 'pragna', None, 'ee20btech11056', 'ankur2003kumar', 'ee20btech11011', 'pranathi_007', 'sanjaytamta2011', 'ee20btech11033', 'aditsom7', 'chaudharidakshata95', 'ee20btech11043', 'atharv.ramesh2003', 'ee20btech11034', 'executioner', 'hritikaghosalkar', 'chenchetyabhishek']"
50,23,22,19,1,['noahbruccoleri'],20,"['ee20btech11047', 'pathakshalini9', 'pallavi.patil2001', 'lkhagvabaatar', 'tanmay07', 'sharmaritika', 'gothankarnikhil123', 'nithish576s', 'theresakarra', 'mohitsakshi', 'sharmeenshaikh20012519', 'karanreddy132', 'kunwarharsh248', 'aaseesh', 'wadeyardhanashree', 'spathak137', 'sanjaytamta2011', 'chaudharidakshata95', 'executioner', 'hritikaghosalkar']",18,"[None, 'uozgur', 'morrisonka2', 'mustachioj', 'grazianige', 'ah.dydak', 'hossindissoms', 'oariess', 'benzekrim', 'poynterkd', 'ackarles', 'jonesca25', 'ordonez05', 'mattwds', 'vavrutin', 'suchemj', 'bibbjh', 'dobrescuta']",39,"['ee20btech11047', 'morrisonka2', 'uozgur', 'hossindissoms', 'pathakshalini9', 'pallavi.patil2001', 'jonesca25', 'lkhagvabaatar', 'tanmay07', 'sharmaritika', 'vavrutin', 'gothankarnikhil123', 'ah.dydak', 'benzekrim', 'nithish576s', 'theresakarra', 'mohitsakshi', 'ordonez05', 'suchemj', 'sharmeenshaikh20012519', 'karanreddy132', 'oariess', 'poynterkd', 'kunwarharsh248', 'aaseesh', 'ackarles', 'mattwds', None, 'bibbjh', 'noahbruccoleri', 'wadeyardhanashree', 'mustachioj', 'grazianige', 'spathak137', 'sanjaytamta2011', 'chaudharidakshata95', 'executioner', 'hritikaghosalkar', 'dobrescuta']"
50,24,22,11,9,"['wadeyardhanashree', 'sharmeenshaikh20012519', 'gothankarnikhil123', 'spathak137', 'pathakshalini9', 'mohitsakshi', 'pallavi.patil2001', 'hritikaghosalkar', 'sharmaritika']",12,"['noahbruccoleri', 'ee20btech11047', 'karanreddy132', 'kunwarharsh248', 'nithish576s', 'sanjaytamta2011', 'chaudharidakshata95', 'lkhagvabaatar', 'theresakarra', 'aaseesh', 'executioner', 'tanmay07']",2,"[None, 'aaditisatam']",23,"['ee20btech11047', 'sharmeenshaikh20012519', 'karanreddy132', 'kunwarharsh248', 'pathakshalini9', 'aaseesh', 'pallavi.patil2001', 'lkhagvabaatar', 'tanmay07', 'sharmaritika', None, 'noahbruccoleri', 'wadeyardhanashree', 'gothankarnikhil123', 'spathak137', 'nithish576s', 'sanjaytamta2011', 'chaudharidakshata95', 'theresakarra', 'mohitsakshi', 'aaditisatam', 'executioner', 'hritikaghosalkar']"
50,11,22,10,1,['karanreddy132'],20,"['ee20btech11047', 'pathakshalini9', 'pallavi.patil2001', 'lkhagvabaatar', 'tanmay07', 'sharmaritika', 'gothankarnikhil123', 'nithish576s', 'theresakarra', 'mohitsakshi', 'sharmeenshaikh20012519', 'kunwarharsh248', 'aaseesh', 'noahbruccoleri', 'wadeyardhanashree', 'spathak137', 'sanjaytamta2011', 'chaudharidakshata95', 'executioner', 'hritikaghosalkar']",9,"['bethapudikarthik128', 'shamithac', 'shameer2835', 'ee20btech11058', 'sathvika', 'kmanojkumar', 'ee20btech11013', None, 'ee20btech11019']",30,"['ee20btech11047', 'sharmeenshaikh20012519', 'shamithac', 'karanreddy132', 'kunwarharsh248', 'ee20btech11058', 'pathakshalini9', 'aaseesh', 'kmanojkumar', 'pallavi.patil2001', 'lkhagvabaatar', 'tanmay07', 'sharmaritika', None, 'noahbruccoleri', 'wadeyardhanashree', 'bethapudikarthik128', 'gothankarnikhil123', 'shameer2835', 'spathak137', 'nithish576s', 'sanjaytamta2011', 'ee20btech11013', 'chaudharidakshata95', 'theresakarra', 'sathvika', 'mohitsakshi', 'executioner', 'hritikaghosalkar', 'ee20btech11019']"
50,13,22,7,2,"['theresakarra', 'kunwarharsh248']",19,"['ee20btech11047', 'pathakshalini9', 'pallavi.patil2001', 'lkhagvabaatar', 'tanmay07', 'sharmaritika', 'gothankarnikhil123', 'nithish576s', 'mohitsakshi', 'sharmeenshaikh20012519', 'karanreddy132', 'aaseesh', 'noahbruccoleri', 'wadeyardhanashree', 'spathak137', 'sanjaytamta2011', 'chaudharidakshata95', 'executioner', 'hritikaghosalkar']",5,"['ee20btech11054', 'ee20btech11018', 'srikdhruv', None, 'ee20btech11020']",26,"['ee20btech11054', 'ee20btech11047', 'sharmeenshaikh20012519', 'karanreddy132', 'kunwarharsh248', 'ee20btech11018', 'pathakshalini9', 'aaseesh', 'pallavi.patil2001', 'srikdhruv', 'lkhagvabaatar', 'tanmay07', 'sharmaritika', None, 'noahbruccoleri', 'wadeyardhanashree', 'ee20btech11020', 'gothankarnikhil123', 'spathak137', 'nithish576s', 'sanjaytamta2011', 'chaudharidakshata95', 'theresakarra', 'mohitsakshi', 'executioner', 'hritikaghosalkar']"
51,450,22,104,21,"['ren0225', 'dmaldonado497', 'gamahlstultz', 'huntermoorega98', 'jayb', 'sambabler', 'kmorr171', 'jjboereau', 'stoneralexis', 'theo61812', 'kosiunigwe', 'guzkevin', 'eduardo05', 'josh_mp5', 'mnmanley23', 'shawn2k99', 'kajagoogoo', 'jmoodini', 'faridhudda999', 'jrbelt1', 'snapierjr']",0,[],83,"['maf2299', 'transalper', 'zla23', 'banerjee', 'kbb00008', 'agfa192090', 'emilianomolinab', 'anettemata', 'anva1564', 'sandip83', 'bernd.schoenfelder93', 'danielchun_nanohub', 'btayo202', 'gollner.laura', 'jonahwill992', 'stro1188', 'lylekam99', 'arletteramirez060', 'magiccarpetride', 'tobre1', 'rebeccamac127', 'ccanongo12', 'midr8234', 'hy2562', 'ojas12', 'evelynlhu', 'vs00016', 'em3354', 'hj2588', 'jongsick', 'vector.wang', 'areda', 'lmelican', 'smoon1008', 'jeption2020', 'carlosa.rios.24', 'mig38011', 'ml4719', 'hannia008', 'cameronframpton', 'alokpradhan001', 'mi381969', 'jora5626', 'ethan850', 'mb4884', 'krish222', 'krishna.jhuma17', 'mchaudhery13', 'maycosamuel189739', 'mohmedhosam1986', 'jyy2138', 'schojoh', 'jimenezph', 'geniuslb12345', 'cosm3320', 'mdt2999h', 'quovadis17', 'davidmoyo96', 'chco7711', 'lh3116', 'onursoysal92', 'ikeachioke99', 'ap3924', 'felucco', 'zhang260321', 'si00003', 'sgu20201433', 'avinash0909123', 'alwa2786', 'asy2126', None, 'sakshisawai', 'ska2143', 'gulnuravci', 'jungsungbin5210', 'merttuna026', 'furkan.kuruoglu', 'cogr8767', 'schreib6', 'shikhamarwaha', 'sesh9366', 'xg2383', 'ldesanti']",104,"['maf2299', 'ren0225', 'transalper', 'zla23', 'banerjee', 'huntermoorega98', 'jayb', 'kbb00008', 'agfa192090', 'kmorr171', 'emilianomolinab', 'anettemata', 'anva1564', 'sandip83', 'bernd.schoenfelder93', 'danielchun_nanohub', 'btayo202', 'kosiunigwe', 'jonahwill992', 'gollner.laura', 'stro1188', 'guzkevin', 'lylekam99', 'arletteramirez060', 'magiccarpetride', 'tobre1', 'rebeccamac127', 'ccanongo12', 'mnmanley23', 'midr8234', 'hy2562', 'ojas12', 'evelynlhu', 'vs00016', 'kajagoogoo', 'em3354', 'hj2588', 'jongsick', 'vector.wang', 'areda', 'jmoodini', 'faridhudda999', 'lmelican', 'smoon1008', 'jeption2020', 'carlosa.rios.24', 'mig38011', 'ml4719', 'hannia008', 'cameronframpton', 'alokpradhan001', 'mi381969', 'jora5626', 'ethan850', 'mb4884', 'krish222', 'snapierjr', 'krishna.jhuma17', 'dmaldonado497', 'gamahlstultz', 'mchaudhery13', 'sambabler', 'maycosamuel189739', 'jjboereau', 'mohmedhosam1986', 'stoneralexis', 'theo61812', 'jyy2138', 'schojoh', 'jimenezph', 'geniuslb12345', 'cosm3320', 'mdt2999h', 'quovadis17', 'davidmoyo96', 'chco7711', 'lh3116', 'onursoysal92', 'ikeachioke99', 'eduardo05', 'ap3924', 'josh_mp5', 'felucco', 'zhang260321', 'si00003', 'shawn2k99', 'sgu20201433', 'avinash0909123', 'alwa2786', 'asy2126', None, 'sakshisawai', 'ska2143', 'gulnuravci', 'jungsungbin5210', 'jrbelt1', 'merttuna026', 'furkan.kuruoglu', 'cogr8767', 'schreib6', 'shikhamarwaha', 'sesh9366', 'xg2383', 'ldesanti']"
51,123,22,70,7,"['jmoodini', 'ren0225', 'jayb', 'shawn2k99', 'kajagoogoo', 'jjboereau', 'snapierjr']",14,"['faridhudda999', 'dmaldonado497', 'mnmanley23', 'gamahlstultz', 'josh_mp5', 'huntermoorega98', 'sambabler', 'kmorr171', 'guzkevin', 'jrbelt1', 'stoneralexis', 'theo61812', 'eduardo05', 'kosiunigwe']",63,"['tariqd98', 'itapia', 'anjuloma', 'f.alvarezl', 'hossindissoms', 'luchoesteban2003', 'vophuochuy231990', 'cahc232', 'y.ramirezc', 'alawso26', 'danielpantoja', 'marish', 'sourish', 'hanniahdz008', 'ah.dydak', 'santiagoalejandro2913', 'giulia.scamporrino', 'kevinpilotzi12', 'herndonas', 'a.novam', 'william_garcia25', 'kkanuparthi', 'u3568932', 's.guerrero3', 'camiloztgmail10', 'ordonez05', 'camilomojica08', 'suchemj', 'alejosalgadom', 'adolfot', 'brayanmartin14', 'juanfelipecaicedo11', 'juanivan', 'qpid1011', 'guayacansebastian', 'angietmolano26', 'julipa02', 'waweno137', 'dobrescuta', 'ackarles', 't.montes', 'jbesco', 'srivkav', 'lfsalasnu', 'sebastianmoya2002', 'yxpeng_183pro', 'martinezbrighettatiana', 'mattwds', None, 'estaban250212', 'a.pulidog8135', 'n.rincon4', 'juancardona543', 'mustachioj', 'gabrielsaavedra995', 'j.pachecop', 'danielfgarcial', 'dustinhl', 'g.gonzalezc', 'patoreyes02', 'nischalbkj1', 'dandubacsi', 'nicolasdiaz200308']",84,"['tariqd98', 'ren0225', 'huntermoorega98', 'jayb', 'luchoesteban2003', 'kmorr171', 'y.ramirezc', 'danielpantoja', 'marish', 'kosiunigwe', 'sourish', 'santiagoalejandro2913', 'guzkevin', 'herndonas', 'a.novam', 'u3568932', 's.guerrero3', 'camiloztgmail10', 'ordonez05', 'suchemj', 'alejosalgadom', 'mnmanley23', 'adolfot', 'brayanmartin14', 'juanfelipecaicedo11', 'angietmolano26', 'kajagoogoo', 'lfsalasnu', 'estaban250212', 'jmoodini', 'faridhudda999', 'n.rincon4', 'juancardona543', 'mustachioj', 'j.pachecop', 'dandubacsi', 'snapierjr', 'dobrescuta', 'dmaldonado497', 'itapia', 'anjuloma', 'gamahlstultz', 'f.alvarezl', 'hossindissoms', 'vophuochuy231990', 'sambabler', 'cahc232', 'jjboereau', 'alawso26', 'stoneralexis', 'theo61812', 'hanniahdz008', 'ah.dydak', 'giulia.scamporrino', 'kevinpilotzi12', 'william_garcia25', 'kkanuparthi', 'camilomojica08', 'eduardo05', 'josh_mp5', 'juanivan', 'qpid1011', 'guayacansebastian', 'shawn2k99', 'julipa02', 'waweno137', 'ackarles', 't.montes', 'jbesco', 'srivkav', 'sebastianmoya2002', 'yxpeng_183pro', 'martinezbrighettatiana', 'mattwds', None, 'a.pulidog8135', 'gabrielsaavedra995', 'danielfgarcial', 'dustinhl', 'g.gonzalezc', 'jrbelt1', 'patoreyes02', 'nischalbkj1', 'nicolasdiaz200308']"
51,133,22,25,16,"['faridhudda999', 'ren0225', 'dmaldonado497', 'mnmanley23', 'josh_mp5', 'huntermoorega98', 'jayb', 'sambabler', 'kmorr171', 'guzkevin', 'jrbelt1', 'kajagoogoo', 'jjboereau', 'stoneralexis', 'theo61812', 'kosiunigwe']",5,"['jmoodini', 'gamahlstultz', 'shawn2k99', 'snapierjr', 'eduardo05']",9,"['hanniahdz008', 'sancheznoah62', 'jeption2025', 'adesinajoseph14', 'ccanongo', 'jbesco', 'alawso26', None, 'bradenboehmer']",30,"['ren0225', 'dmaldonado497', 'gamahlstultz', 'huntermoorega98', 'jayb', 'jeption2025', 'sambabler', 'kmorr171', 'ccanongo', 'jjboereau', 'alawso26', 'stoneralexis', 'theo61812', 'kosiunigwe', 'hanniahdz008', 'sancheznoah62', 'guzkevin', 'adesinajoseph14', 'eduardo05', 'josh_mp5', 'bradenboehmer', 'mnmanley23', 'shawn2k99', 'kajagoogoo', 'jbesco', None, 'jmoodini', 'faridhudda999', 'jrbelt1', 'snapierjr']"
51,416,22,25,19,"['ren0225', 'dmaldonado497', 'gamahlstultz', 'huntermoorega98', 'jayb', 'sambabler', 'kmorr171', 'jjboereau', 'stoneralexis', 'theo61812', 'kosiunigwe', 'guzkevin', 'eduardo05', 'josh_mp5', 'shawn2k99', 'kajagoogoo', 'faridhudda999', 'jrbelt1', 'snapierjr']",2,"['jmoodini', 'mnmanley23']",6,"['hannia008', 'adesinajoseph14', 'sandip83', 'ikeachioke99', None, 'ccanongo12']",27,"['ren0225', 'dmaldonado497', 'gamahlstultz', 'huntermoorega98', 'jayb', 'sambabler', 'kmorr171', 'jjboereau', 'sandip83', 'stoneralexis', 'theo61812', 'kosiunigwe', 'guzkevin', 'adesinajoseph14', 'ikeachioke99', 'eduardo05', 'ccanongo12', 'josh_mp5', 'mnmanley23', 'shawn2k99', 'kajagoogoo', None, 'jmoodini', 'faridhudda999', 'hannia008', 'jrbelt1', 'snapierjr']"
52,431,22,24,18,"['adnamusic99', 'dchambers0019', 'tonytchou08', 'danflan21', 'macey.ludolph', 'maherukh123', 'tarver1103', 'tmart125', 'gramgadget282', 'faiq.205009', 'javanstorm', 'maps1214', 'kdavis21', 'courteneyziegler', 'oerturk', 'nrzaulintang28', 'adiyafie', 'nadhifaah']",3,"['putrinurfianana', 'casterln1007', 'shivangi3095']",6,"[None, 'jale5724', 'lfhunter', 'sandip83', 'bli101010', 'dzakygojek']",27,"['casterln1007', 'adnamusic99', 'gramgadget282', 'lfhunter', 'kdavis21', 'sandip83', 'nrzaulintang28', 'bli101010', 'adiyafie', 'dchambers0019', 'putrinurfianana', 'jale5724', 'shivangi3095', 'maps1214', 'oerturk', 'danflan21', 'macey.ludolph', 'courteneyziegler', None, 'maherukh123', 'nadhifaah', 'faiq.205009', 'dzakygojek', 'tonytchou08', 'tarver1103', 'tmart125', 'javanstorm']"
52,409,22,8,6,"['dchambers0019', 'tonytchou08', 'danflan21', 'tarver1103', 'javanstorm', 'kdavis21']",15,"['casterln1007', 'adnamusic99', 'macey.ludolph', 'putrinurfianana', 'maherukh123', 'tmart125', 'gramgadget282', 'faiq.205009', 'shivangi3095', 'maps1214', 'courteneyziegler', 'oerturk', 'nrzaulintang28', 'adiyafie', 'nadhifaah']",2,"[None, 'sandip83']",23,"['casterln1007', 'adnamusic99', 'danflan21', 'macey.ludolph', 'gramgadget282', 'kdavis21', 'courteneyziegler', 'sandip83', 'nrzaulintang28', None, 'adiyafie', 'maherukh123', 'nadhifaah', 'faiq.205009', 'dchambers0019', 'tonytchou08', 'putrinurfianana', 'tarver1103', 'tmart125', 'javanstorm', 'shivangi3095', 'maps1214', 'oerturk']"
52,432,22,7,1,['courteneyziegler'],20,"['casterln1007', 'adnamusic99', 'gramgadget282', 'kdavis21', 'nrzaulintang28', 'adiyafie', 'dchambers0019', 'putrinurfianana', 'shivangi3095', 'maps1214', 'oerturk', 'danflan21', 'macey.ludolph', 'maherukh123', 'faiq.205009', 'nadhifaah', 'tonytchou08', 'tarver1103', 'tmart125', 'javanstorm']",6,"['netdust', 'chandrani85', 'ramakant.sharma.ece14', 'vtrinito1', None, 'jrraposo1']",27,"['casterln1007', 'adnamusic99', 'chandrani85', 'danflan21', 'macey.ludolph', 'vtrinito1', 'gramgadget282', 'kdavis21', 'courteneyziegler', 'nrzaulintang28', None, 'adiyafie', 'maherukh123', 'nadhifaah', 'faiq.205009', 'netdust', 'dchambers0019', 'tonytchou08', 'putrinurfianana', 'tarver1103', 'tmart125', 'ramakant.sharma.ece14', 'javanstorm', 'shivangi3095', 'maps1214', 'oerturk', 'jrraposo1']"
53,398,21,20,14,"['rtsao', 'cvattipa', 'szroark', 'smitta27', 'yding75', 'sdussa1', 'ericab', 'knsougan', 'jwei57', 'dkwarre1', 'arbenede', 'mpmahaff', 'jcshoema', 'siddhantg']",6,"['tnewman6', 'rjjoshi1', 'amcminn1', 'rzkhan', 'ibdavis1', 'mfreem11']",6,"['vasileska', 'mmanahil', 'allenchu', 'ibaranow', 'sselvam5', None]",26,"['cvattipa', 'allenchu', 'rjjoshi1', 'knsougan', 'jwei57', 'sselvam5', 'jcshoema', 'szroark', 'sdussa1', 'rzkhan', 'ibdavis1', 'rtsao', 'vasileska', 'ibaranow', 'tnewman6', 'dkwarre1', 'arbenede', None, 'smitta27', 'yding75', 'mmanahil', 'amcminn1', 'mpmahaff', 'mfreem11', 'ericab', 'siddhantg']"
53,412,21,15,1,['amcminn1'],19,"['cvattipa', 'rjjoshi1', 'knsougan', 'jwei57', 'jcshoema', 'szroark', 'sdussa1', 'rzkhan', 'ibdavis1', 'rtsao', 'tnewman6', 'dkwarre1', 'arbenede', 'smitta27', 'yding75', 'mpmahaff', 'mfreem11', 'ericab', 'siddhantg']",14,"['searguet', 'hstone1', 'allenchu', 'thfreber', 'mwmarti6', 'armeza3', 'rkrish52', 'gmortiz3', 'grliyana', 'saalatt1', None, 'chramsey', 'mgarc171', 'aivergar']",34,"['searguet', 'cvattipa', 'allenchu', 'rjjoshi1', 'tnewman6', 'knsougan', 'ericab', 'jwei57', 'dkwarre1', 'arbenede', 'jcshoema', 'grliyana', 'aivergar', None, 'mgarc171', 'smitta27', 'szroark', 'yding75', 'hstone1', 'chramsey', 'thfreber', 'sdussa1', 'amcminn1', 'rzkhan', 'ibdavis1', 'mpmahaff', 'mwmarti6', 'armeza3', 'rkrish52', 'mfreem11', 'gmortiz3', 'rtsao', 'saalatt1', 'siddhantg']"
54,68,21,13,10,"['firdauzrash', 'dzaki1998', 'halimhasni', 'muhamadhakimie21', 'fikrimokhtar', 'b081910385', 'b081910093', 'lelqmn', 'b081910344', 'arif121']",10,"['marcodl', 'amirahnakhlis19', 'salvorambo', 'ggiusi77', 'nrshaajh_', 'stefanza7', 'syahmi97', 'muhamadyusof17', 'marruu', 'amsyar']",3,"['shahrule63', None, 'dyana4152']",23,"['marcodl', 'dzaki1998', 'ggiusi77', 'halimhasni', 'muhamadhakimie21', 'stefanza7', 'syahmi97', 'dyana4152', 'lelqmn', 'shahrule63', 'muhamadyusof17', 'arif121', 'b081910344', 'marruu', None, 'firdauzrash', 'amirahnakhlis19', 'salvorambo', 'nrshaajh_', 'fikrimokhtar', 'b081910385', 'b081910093', 'amsyar']"
54,58,21,12,9,"['dzaki1998', 'halimhasni', 'muhamadhakimie21', 'fikrimokhtar', 'syahmi97', 'b081910385', 'b081910093', 'b081910344', 'arif121']",11,"['marcodl', 'firdauzrash', 'amirahnakhlis19', 'salvorambo', 'ggiusi77', 'nrshaajh_', 'stefanza7', 'lelqmn', 'muhamadyusof17', 'marruu', 'amsyar']",3,"[None, 'faizalali', 'dyana4152']",23,"['marcodl', 'dzaki1998', 'ggiusi77', 'halimhasni', 'muhamadhakimie21', 'faizalali', 'stefanza7', 'syahmi97', 'dyana4152', 'lelqmn', 'muhamadyusof17', 'arif121', 'b081910344', 'marruu', None, 'firdauzrash', 'amirahnakhlis19', 'salvorambo', 'nrshaajh_', 'fikrimokhtar', 'b081910385', 'b081910093', 'amsyar']"
54,71,21,12,9,"['firdauzrash', 'dzaki1998', 'muhamadhakimie21', 'fikrimokhtar', 'syahmi97', 'b081910385', 'lelqmn', 'b081910344', 'amsyar']",11,"['marcodl', 'amirahnakhlis19', 'salvorambo', 'ggiusi77', 'halimhasni', 'nrshaajh_', 'stefanza7', 'b081910093', 'muhamadyusof17', 'arif121', 'marruu']",3,"[None, 'faizalali', 'dyana4152']",23,"['marcodl', 'dzaki1998', 'ggiusi77', 'halimhasni', 'muhamadhakimie21', 'faizalali', 'stefanza7', 'syahmi97', 'dyana4152', 'lelqmn', 'muhamadyusof17', 'arif121', 'b081910344', 'marruu', None, 'firdauzrash', 'amirahnakhlis19', 'salvorambo', 'nrshaajh_', 'fikrimokhtar', 'b081910385', 'b081910093', 'amsyar']"
54,70,21,10,8,"['halimhasni', 'muhamadhakimie21', 'fikrimokhtar', 'syahmi97', 'lelqmn', 'b081910344', 'arif121', 'amsyar']",12,"['marcodl', 'firdauzrash', 'amirahnakhlis19', 'salvorambo', 'dzaki1998', 'ggiusi77', 'nrshaajh_', 'stefanza7', 'b081910385', 'b081910093', 'muhamadyusof17', 'marruu']",2,"[None, 'faizalali']",22,"['marcodl', 'dzaki1998', 'ggiusi77', 'halimhasni', 'muhamadhakimie21', 'faizalali', 'stefanza7', 'syahmi97', 'lelqmn', 'muhamadyusof17', 'arif121', 'b081910344', 'marruu', None, 'firdauzrash', 'amirahnakhlis19', 'salvorambo', 'nrshaajh_', 'fikrimokhtar', 'b081910385', 'b081910093', 'amsyar']"
54,60,21,9,6,"['dzaki1998', 'halimhasni', 'muhamadhakimie21', 'fikrimokhtar', 'b081910385', 'b081910344']",14,"['marcodl', 'firdauzrash', 'amirahnakhlis19', 'salvorambo', 'ggiusi77', 'nrshaajh_', 'stefanza7', 'syahmi97', 'b081910093', 'lelqmn', 'muhamadyusof17', 'arif121', 'marruu', 'amsyar']",3,"[None, 'faizalali', 'dyana4152']",23,"['marcodl', 'dzaki1998', 'ggiusi77', 'halimhasni', 'muhamadhakimie21', 'faizalali', 'stefanza7', 'syahmi97', 'dyana4152', 'lelqmn', 'muhamadyusof17', 'arif121', 'b081910344', 'marruu', None, 'firdauzrash', 'amirahnakhlis19', 'salvorambo', 'nrshaajh_', 'fikrimokhtar', 'b081910385', 'b081910093', 'amsyar']"
54,66,21,8,6,"['firdauzrash', 'halimhasni', 'muhamadhakimie21', 'b081910385', 'b081910093', 'b081910344']",14,"['marcodl', 'amirahnakhlis19', 'salvorambo', 'dzaki1998', 'ggiusi77', 'nrshaajh_', 'stefanza7', 'syahmi97', 'fikrimokhtar', 'lelqmn', 'muhamadyusof17', 'arif121', 'marruu', 'amsyar']",2,"[None, 'faizalali']",22,"['marcodl', 'dzaki1998', 'ggiusi77', 'halimhasni', 'muhamadhakimie21', 'faizalali', 'stefanza7', 'syahmi97', 'lelqmn', 'muhamadyusof17', 'arif121', 'b081910344', 'marruu', None, 'firdauzrash', 'amirahnakhlis19', 'salvorambo', 'nrshaajh_', 'fikrimokhtar', 'b081910385', 'b081910093', 'amsyar']"
54,67,21,8,7,"['firdauzrash', 'amirahnakhlis19', 'syahmi97', 'b081910093', 'muhamadyusof17', 'arif121', 'marruu']",13,"['marcodl', 'salvorambo', 'dzaki1998', 'ggiusi77', 'halimhasni', 'nrshaajh_', 'muhamadhakimie21', 'stefanza7', 'fikrimokhtar', 'b081910385', 'lelqmn', 'b081910344', 'amsyar']",1,[None],21,"['marcodl', 'dzaki1998', 'ggiusi77', 'halimhasni', 'muhamadhakimie21', 'stefanza7', 'syahmi97', 'lelqmn', 'muhamadyusof17', 'arif121', 'b081910344', 'marruu', None, 'firdauzrash', 'amirahnakhlis19', 'salvorambo', 'nrshaajh_', 'fikrimokhtar', 'b081910385', 'b081910093', 'amsyar']"
54,73,21,8,7,"['firdauzrash', 'dzaki1998', 'muhamadhakimie21', 'fikrimokhtar', 'b081910385', 'b081910344', 'amsyar']",13,"['marcodl', 'amirahnakhlis19', 'salvorambo', 'ggiusi77', 'halimhasni', 'nrshaajh_', 'stefanza7', 'syahmi97', 'b081910093', 'lelqmn', 'muhamadyusof17', 'arif121', 'marruu']",1,[None],21,"['marcodl', 'dzaki1998', 'ggiusi77', 'halimhasni', 'muhamadhakimie21', 'stefanza7', 'syahmi97', 'lelqmn', 'muhamadyusof17', 'arif121', 'b081910344', 'marruu', None, 'firdauzrash', 'amirahnakhlis19', 'salvorambo', 'nrshaajh_', 'fikrimokhtar', 'b081910385', 'b081910093', 'amsyar']"
54,61,21,7,6,"['firdauzrash', 'amirahnakhlis19', 'syahmi97', 'muhamadyusof17', 'arif121', 'marruu']",14,"['marcodl', 'salvorambo', 'dzaki1998', 'ggiusi77', 'halimhasni', 'nrshaajh_', 'muhamadhakimie21', 'stefanza7', 'fikrimokhtar', 'b081910385', 'b081910093', 'lelqmn', 'b081910344', 'amsyar']",1,[None],21,"['marcodl', 'dzaki1998', 'ggiusi77', 'halimhasni', 'muhamadhakimie21', 'stefanza7', 'syahmi97', 'lelqmn', 'muhamadyusof17', 'arif121', 'b081910344', 'marruu', None, 'firdauzrash', 'amirahnakhlis19', 'salvorambo', 'nrshaajh_', 'fikrimokhtar', 'b081910385', 'b081910093', 'amsyar']"
54,65,21,7,5,"['firdauzrash', 'halimhasni', 'b081910385', 'b081910093', 'b081910344']",15,"['marcodl', 'amirahnakhlis19', 'salvorambo', 'dzaki1998', 'ggiusi77', 'nrshaajh_', 'muhamadhakimie21', 'stefanza7', 'syahmi97', 'fikrimokhtar', 'lelqmn', 'muhamadyusof17', 'arif121', 'marruu', 'amsyar']",2,"[None, 'dyana4152']",22,"['marcodl', 'dzaki1998', 'ggiusi77', 'halimhasni', 'muhamadhakimie21', 'stefanza7', 'syahmi97', 'dyana4152', 'lelqmn', 'muhamadyusof17', 'arif121', 'b081910344', 'marruu', None, 'firdauzrash', 'amirahnakhlis19', 'salvorambo', 'nrshaajh_', 'fikrimokhtar', 'b081910385', 'b081910093', 'amsyar']"
54,69,21,7,6,"['firdauzrash', 'amirahnakhlis19', 'nrshaajh_', 'syahmi97', 'muhamadyusof17', 'marruu']",14,"['marcodl', 'salvorambo', 'dzaki1998', 'ggiusi77', 'halimhasni', 'muhamadhakimie21', 'stefanza7', 'fikrimokhtar', 'b081910385', 'b081910093', 'lelqmn', 'b081910344', 'arif121', 'amsyar']",1,[None],21,"['marcodl', 'dzaki1998', 'ggiusi77', 'halimhasni', 'muhamadhakimie21', 'stefanza7', 'syahmi97', 'lelqmn', 'muhamadyusof17', 'arif121', 'b081910344', 'marruu', None, 'firdauzrash', 'amirahnakhlis19', 'salvorambo', 'nrshaajh_', 'fikrimokhtar', 'b081910385', 'b081910093', 'amsyar']"
54,72,21,7,6,"['firdauzrash', 'amirahnakhlis19', 'halimhasni', 'syahmi97', 'muhamadyusof17', 'amsyar']",14,"['marcodl', 'salvorambo', 'dzaki1998', 'ggiusi77', 'nrshaajh_', 'muhamadhakimie21', 'stefanza7', 'fikrimokhtar', 'b081910385', 'b081910093', 'lelqmn', 'b081910344', 'arif121', 'marruu']",1,[None],21,"['marcodl', 'dzaki1998', 'ggiusi77', 'halimhasni', 'muhamadhakimie21', 'stefanza7', 'syahmi97', 'lelqmn', 'muhamadyusof17', 'arif121', 'b081910344', 'marruu', None, 'firdauzrash', 'amirahnakhlis19', 'salvorambo', 'nrshaajh_', 'fikrimokhtar', 'b081910385', 'b081910093', 'amsyar']"
55,439,21,62,19,"['jjoonny76', 'p20170423', 'vaburciagaz', 'aivergar', 'jelackey', 'tjacks42', 'rridgwa1', 'btano', 'dalliso4', 'cmerril3', 'mjlong7', 'shawnlloyd8', 'hstone1', 'adorn2', 'gmortiz3', 'avillegas5', 'aarondfranklin', 'fastjacksonmin', 'daniel.robin22']",1,['maxime.pinson1996'],43,"['mattsqrd', 'kbb00008', 'allenchu', '216cheng', 'kgraham87', 'tiange', 'jmh2329', 'sandip83', 'ajray', 'naroman2', 'kang_wang_shanghaitech', 'gollner.laura', 'vincent.goiffon', 'riddhiranjithkumar', 'ih8faaan', 'viviantrack', 'z5382647', 'rkrish52', 'jsolan10', 'wino1301', 'cdn2128', 'searguet', 'elhamatef199', 'xyl983915913', 'claybuster715', 'mwmjr150', 'si00003', 'vs00016', 'zhishangs', 'kdenial', 'silko.igor', None, 'mgarc171', 'hongkiha', 'gebaker2', 'kevindiu', 'grant.lopresti', 'wxg', 'yim5759', 'leesh9412', 'dvoskineli', 'sesh9366', 'aditya.c.paul']",63,"['kbb00008', 'p20170423', 'kgraham87', 'sandip83', 'jelackey', 'kang_wang_shanghaitech', 'gollner.laura', 'z5382647', 'rkrish52', 'wino1301', 'elhamatef199', 'claybuster715', 'vs00016', 'zhishangs', 'silko.igor', 'mgarc171', 'mjlong7', 'shawnlloyd8', 'gebaker2', 'hstone1', 'kevindiu', 'adorn2', 'avillegas5', 'naroman2', 'fastjacksonmin', 'aditya.c.paul', 'daniel.robin22', 'mattsqrd', 'allenchu', 'jjoonny76', '216cheng', 'tiange', 'vaburciagaz', 'jmh2329', 'ajray', 'aivergar', 'vincent.goiffon', 'riddhiranjithkumar', 'tjacks42', 'ih8faaan', 'rridgwa1', 'maxime.pinson1996', 'viviantrack', 'jsolan10', 'btano', 'cdn2128', 'searguet', 'dalliso4', 'xyl983915913', 'mwmjr150', 'si00003', 'cmerril3', 'kdenial', None, 'hongkiha', 'grant.lopresti', 'wxg', 'yim5759', 'gmortiz3', 'leesh9412', 'aarondfranklin', 'dvoskineli', 'sesh9366']"
55,438,21,47,4,"['cmerril3', 'aivergar', 'mjlong7', 'daniel.robin22']",16,"['shawnlloyd8', 'dalliso4', 'hstone1', 'tjacks42', 'jjoonny76', 'p20170423', 'rridgwa1', 'maxime.pinson1996', 'adorn2', 'vaburciagaz', 'gmortiz3', 'avillegas5', 'btano', 'aarondfranklin', 'fastjacksonmin', 'jelackey']",43,"['ee20btech11028', 'geunwonjeong', 'ee20btech11038', 'homme0214', 'ee20btech11039', 'sasso47523', 'ee20btech11040', 'ilkwang', 'minyeong', 'yujin', 'ojiow', 'teruel0412', 'junn9916', 'poby', 'ee20btech11046', 'h217832', 'bhaberae', 'mindk24', 'pedro55889', 'i217944', 'jaeyun0709', 'pedro_sesti', 'searguet', 'daniel223977', 'hrushikesh007', 'gabrielap450', 'claybuster715', 'carvalhopatrick', 'tnfssc', 'r186168', 'yjiwan0913', None, 'yasaswini', 'gebaker2', 'ee20btech11011', 'pranathi_007', 'wolol005', 'v225302', 'zneet456', 'b815180', 'dvoskineli', 'sesh9366', 'c214620']",63,"['ee20btech11038', 'p20170423', 'ee20btech11039', 'ilkwang', 'jelackey', 'ojiow', 'poby', 'bhaberae', 'mindk24', 'i217944', 'pedro_sesti', 'hrushikesh007', 'claybuster715', 'tnfssc', 'r186168', 'yjiwan0913', 'mjlong7', 'shawnlloyd8', 'yasaswini', 'gebaker2', 'hstone1', 'adorn2', 'avillegas5', 'b815180', 'fastjacksonmin', 'v225302', 'daniel.robin22', 'ee20btech11028', 'geunwonjeong', 'homme0214', 'jjoonny76', 'sasso47523', 'vaburciagaz', 'ee20btech11040', 'minyeong', 'aivergar', 'yujin', 'teruel0412', 'junn9916', 'tjacks42', 'ee20btech11046', 'rridgwa1', 'maxime.pinson1996', 'h217832', 'pedro55889', 'btano', 'jaeyun0709', 'searguet', 'dalliso4', 'daniel223977', 'gabrielap450', 'carvalhopatrick', 'cmerril3', None, 'ee20btech11011', 'pranathi_007', 'wolol005', 'gmortiz3', 'zneet456', 'aarondfranklin', 'dvoskineli', 'sesh9366', 'c214620']"
55,440,21,34,1,['aarondfranklin'],19,"['jjoonny76', 'p20170423', 'vaburciagaz', 'aivergar', 'jelackey', 'tjacks42', 'rridgwa1', 'maxime.pinson1996', 'btano', 'dalliso4', 'cmerril3', 'mjlong7', 'shawnlloyd8', 'hstone1', 'adorn2', 'gmortiz3', 'avillegas5', 'fastjacksonmin', 'daniel.robin22']",33,"['haseeb23asb', 'awesomesisay', 'zhengjj', 'jwillstaples', 'vivianlsu', 'megan.richards', 'blc29', 'kangell123', 'riddhiranjithkumar', 'adil.ig2e', 'aditya.c.paul', 'owenpmack', 'josh.rabinowitz1', 'armanshekarriz', 'linasleyhausen', 'morgmccloud', 'alexmigala', 'lhpc', 'cwellsrun', 'jona_than', 'lucas.josephy10', 'shinysw', 'hkder', None, 'wujiaxi', 'abhinav.ratnagiri', 'matt.bloom101', 'pns13', 'danielfeinblatt', 'ztm9', 'nab', 'evankenyon', 'jetthollister18']",53,"['haseeb23asb', 'awesomesisay', 'zhengjj', 'jjoonny76', 'p20170423', 'jwillstaples', 'vivianlsu', 'megan.richards', 'vaburciagaz', 'aivergar', 'blc29', 'jelackey', 'kangell123', 'riddhiranjithkumar', 'jetthollister18', 'adil.ig2e', 'tjacks42', 'aditya.c.paul', 'rridgwa1', 'maxime.pinson1996', 'owenpmack', 'josh.rabinowitz1', 'armanshekarriz', 'linasleyhausen', 'btano', 'alexmigala', 'morgmccloud', 'lhpc', 'dalliso4', 'ztm9', 'cwellsrun', 'jona_than', 'lucas.josephy10', 'cmerril3', 'shinysw', 'hkder', None, 'mjlong7', 'shawnlloyd8', 'hstone1', 'adorn2', 'wujiaxi', 'abhinav.ratnagiri', 'gmortiz3', 'matt.bloom101', 'pns13', 'avillegas5', 'danielfeinblatt', 'aarondfranklin', 'fastjacksonmin', 'nab', 'evankenyon', 'daniel.robin22']"
55,441,21,20,2,"['vaburciagaz', 'avillegas5']",18,"['mjlong7', 'shawnlloyd8', 'dalliso4', 'hstone1', 'tjacks42', 'aarondfranklin', 'jjoonny76', 'p20170423', 'rridgwa1', 'maxime.pinson1996', 'cmerril3', 'adorn2', 'gmortiz3', 'btano', 'aivergar', 'fastjacksonmin', 'jelackey', 'daniel.robin22']",18,"['cjmeyer', 'marioyomir9', 'knrenteria', 'spramirez6', 'eaulloa', 'moralesd930', 'aadelgado4', 'mrmedina4', 'krivera30', 'stellaq', 'javaleriohe', 'jeenriquez5', 'jordanhitter41', 'stella', 'lecalamaco', 'vgcontreras', 'luisornelas_986', None]",38,"['cjmeyer', 'eaulloa', 'jjoonny76', 'p20170423', 'aadelgado4', 'mrmedina4', 'jeenriquez5', 'vaburciagaz', 'aivergar', 'jelackey', 'knrenteria', 'tjacks42', 'moralesd930', 'spramirez6', 'rridgwa1', 'maxime.pinson1996', 'krivera30', 'lecalamaco', 'stellaq', 'javaleriohe', 'jordanhitter41', 'luisornelas_986', 'btano', 'dalliso4', 'cmerril3', None, 'mjlong7', 'shawnlloyd8', 'marioyomir9', 'hstone1', 'adorn2', 'stella', 'gmortiz3', 'avillegas5', 'vgcontreras', 'aarondfranklin', 'fastjacksonmin', 'daniel.robin22']"
55,412,21,15,3,"['aivergar', 'hstone1', 'gmortiz3']",17,"['mjlong7', 'shawnlloyd8', 'dalliso4', 'tjacks42', 'jjoonny76', 'p20170423', 'rridgwa1', 'maxime.pinson1996', 'cmerril3', 'adorn2', 'vaburciagaz', 'avillegas5', 'btano', 'aarondfranklin', 'fastjacksonmin', 'jelackey', 'daniel.robin22']",12,"['searguet', 'allenchu', 'thfreber', 'amcminn1', 'mwmarti6', 'armeza3', 'rkrish52', 'grliyana', 'saalatt1', None, 'chramsey', 'mgarc171']",32,"['searguet', 'dalliso4', 'allenchu', 'jjoonny76', 'p20170423', 'cmerril3', 'vaburciagaz', 'saalatt1', 'grliyana', 'aivergar', None, 'jelackey', 'mgarc171', 'mjlong7', 'shawnlloyd8', 'hstone1', 'tjacks42', 'thfreber', 'adorn2', 'rridgwa1', 'maxime.pinson1996', 'amcminn1', 'mwmarti6', 'armeza3', 'rkrish52', 'gmortiz3', 'avillegas5', 'btano', 'aarondfranklin', 'fastjacksonmin', 'chramsey', 'daniel.robin22']"
55,448,21,7,1,['vaburciagaz'],19,"['jjoonny76', 'p20170423', 'aivergar', 'jelackey', 'tjacks42', 'rridgwa1', 'maxime.pinson1996', 'btano', 'dalliso4', 'cmerril3', 'mjlong7', 'shawnlloyd8', 'hstone1', 'adorn2', 'gmortiz3', 'avillegas5', 'aarondfranklin', 'fastjacksonmin', 'daniel.robin22']",6,"['knrenteria', 'aadelgado4', 'stella', 'lecalamaco', 'wino1301', None]",26,"['dalliso4', 'jjoonny76', 'p20170423', 'aadelgado4', 'cmerril3', 'vaburciagaz', 'aivergar', None, 'jelackey', 'mjlong7', 'shawnlloyd8', 'hstone1', 'knrenteria', 'wino1301', 'tjacks42', 'adorn2', 'rridgwa1', 'maxime.pinson1996', 'stella', 'lecalamaco', 'gmortiz3', 'avillegas5', 'btano', 'aarondfranklin', 'fastjacksonmin', 'daniel.robin22']"
55,449,21,6,1,['vaburciagaz'],19,"['jjoonny76', 'p20170423', 'aivergar', 'jelackey', 'tjacks42', 'rridgwa1', 'maxime.pinson1996', 'btano', 'dalliso4', 'cmerril3', 'mjlong7', 'shawnlloyd8', 'hstone1', 'adorn2', 'gmortiz3', 'avillegas5', 'aarondfranklin', 'fastjacksonmin', 'daniel.robin22']",5,"['aadelgado4', 'lecalamaco', 'wino1301', None, 'jimenezph']",25,"['dalliso4', 'jjoonny76', 'p20170423', 'aadelgado4', 'cmerril3', 'vaburciagaz', 'aivergar', None, 'jelackey', 'jimenezph', 'mjlong7', 'shawnlloyd8', 'hstone1', 'wino1301', 'tjacks42', 'adorn2', 'rridgwa1', 'maxime.pinson1996', 'lecalamaco', 'gmortiz3', 'avillegas5', 'btano', 'aarondfranklin', 'fastjacksonmin', 'daniel.robin22']"
56,301,20,19,1,['sanjana_n'],18,"['robersl', '4binfoguerrero', 'jessica1', 'zema', 'berti23', 'lorenzo_nicotra', 'titouan.marsaud', 'g.delaku', 'collincurtis', 'avinashdivvela95', 'erick', 'blanco.garde.daniel', 'cheng511', 'miguel.londono97', 'inakialex05', 'lauri239', 'sergio.gutierrez', 'kenia']",18,"['mitanshu_g', 'ankit2010', 'anurag_p', 'sparsh_a', 'gopalgupta8216', 'kavyakuryguntla1', 'prajit_k', 'garvit_a', 'katna_naveen', 'ujjwalchitransh4384', 'ashii7586', 'nischay', 'yash_r', 'tanyarampal09', 'ritwij_raghuvanshi', 'gyanv', 'anirudh_k', None]",37,"['4binfoguerrero', 'sparsh_a', 'lorenzo_nicotra', 'g.delaku', 'katna_naveen', 'avinashdivvela95', 'anirudh_k', 'ankit2010', 'anurag_p', 'titouan.marsaud', 'sanjana_n', 'tanyarampal09', 'ritwij_raghuvanshi', 'miguel.londono97', 'inakialex05', 'robersl', 'jessica1', 'gopalgupta8216', 'kavyakuryguntla1', 'berti23', 'ujjwalchitransh4384', 'ashii7586', 'nischay', 'gyanv', 'cheng511', 'lauri239', 'sergio.gutierrez', 'kenia', None, 'mitanshu_g', 'zema', 'prajit_k', 'garvit_a', 'yash_r', 'collincurtis', 'blanco.garde.daniel', 'erick']"
56,290,20,18,13,"['robersl', 'jessica1', 'zema', '4binfoguerrero', 'berti23', 'lorenzo_nicotra', 'g.delaku', 'kenia', 'blanco.garde.daniel', 'inakialex05', 'lauri239', 'sergio.gutierrez', 'erick']",6,"['titouan.marsaud', 'sanjana_n', 'collincurtis', 'avinashdivvela95', 'cheng511', 'miguel.londono97']",5,"['nurmi.nonna', 'mardininadim', 'eaferrara', 'happyredhead', None]",24,"['robersl', '4binfoguerrero', 'jessica1', 'berti23', 'lorenzo_nicotra', 'g.delaku', 'avinashdivvela95', 'cheng511', 'eaferrara', 'lauri239', 'sergio.gutierrez', 'kenia', None, 'zema', 'titouan.marsaud', 'sanjana_n', 'collincurtis', 'nurmi.nonna', 'blanco.garde.daniel', 'mardininadim', 'miguel.londono97', 'inakialex05', 'happyredhead', 'erick']"
56,287,20,14,7,"['4binfoguerrero', 'jessica1', 'g.delaku', 'titouan.marsaud', 'inakialex05', 'lauri239', 'kenia']",12,"['robersl', 'zema', 'berti23', 'lorenzo_nicotra', 'sanjana_n', 'collincurtis', 'avinashdivvela95', 'blanco.garde.daniel', 'cheng511', 'miguel.londono97', 'sergio.gutierrez', 'erick']",7,"['isabella.bjorkqvist', 'sergio.perosanz.amarillo', 'nurmi.nonna', 'mardininadim', 'happyredhead', None, 'yukyoungryu86']",26,"['robersl', '4binfoguerrero', 'jessica1', 'berti23', 'lorenzo_nicotra', 'g.delaku', 'avinashdivvela95', 'cheng511', 'lauri239', 'sergio.gutierrez', 'kenia', None, 'yukyoungryu86', 'zema', 'isabella.bjorkqvist', 'sergio.perosanz.amarillo', 'titouan.marsaud', 'sanjana_n', 'collincurtis', 'nurmi.nonna', 'blanco.garde.daniel', 'mardininadim', 'miguel.londono97', 'inakialex05', 'happyredhead', 'erick']"
56,288,20,7,5,"['zema', 'berti23', 'lorenzo_nicotra', 'miguel.londono97', 'sergio.gutierrez']",14,"['robersl', '4binfoguerrero', 'jessica1', 'g.delaku', 'titouan.marsaud', 'sanjana_n', 'collincurtis', 'avinashdivvela95', 'erick', 'blanco.garde.daniel', 'cheng511', 'inakialex05', 'lauri239', 'kenia']",2,"[None, 'mardininadim']",21,"['robersl', '4binfoguerrero', 'jessica1', 'berti23', 'lorenzo_nicotra', 'g.delaku', 'avinashdivvela95', 'cheng511', 'lauri239', 'sergio.gutierrez', 'kenia', None, 'zema', 'titouan.marsaud', 'sanjana_n', 'collincurtis', 'blanco.garde.daniel', 'mardininadim', 'miguel.londono97', 'inakialex05', 'erick']"
57,514,20,35,18,"['elshaf3y', 'moahrafmousa', 'khaled.7ammouda', 'salahnassar', 'emanomara201701052', 'mhosni', 'yasserismail', 'adelrahmanmomen', 'ahmedhashem', 'yasminkhalil', 'bassantmo', 'aelgazzar', 'mhefnawy', 'abdelall', 'mohamedtaher', 'john.wafeek', 'nehalmohamed', 'khaledsoud7']",1,['zhouxy1231'],17,"['mahmoudfathy', 'tareq1999', 'bayoumi', 'hossam1307', 'm_mansour', 'mustafaelsayed', 'mohamedwalled', 'ahmadmaher36', 'mohamedroshdy', 'ahmed_hossam', 'ahmedkhater', 'tareknasser1999', 'abdullah19', None, 'tnthassan', 'muhammadjamal1998', 'mohammedeldesouky96']",36,"['elshaf3y', 'bayoumi', 'hossam1307', 'mhosni', 'mustafaelsayed', 'zhouxy1231', 'mohamedtaher', 'khaledsoud7', 'mhefnawy', 'muhammadjamal1998', 'mahmoudfathy', 'mohammedeldesouky96', 'emanomara201701052', 'adelrahmanmomen', 'ahmadmaher36', 'mohamedroshdy', 'ahmed_hossam', 'nehalmohamed', 'yasserismail', 'moahrafmousa', 'khaled.7ammouda', 'tareq1999', 'ahmedhashem', 'yasminkhalil', 'ahmedkhater', 'john.wafeek', 'abdullah19', None, 'tareknasser1999', 'm_mansour', 'bassantmo', 'mohamedwalled', 'aelgazzar', 'abdelall', 'salahnassar', 'tnthassan']"
57,515,20,9,1,['zhouxy1231'],18,"['elshaf3y', 'moahrafmousa', 'khaled.7ammouda', 'salahnassar', 'emanomara201701052', 'mhosni', 'yasserismail', 'adelrahmanmomen', 'ahmedhashem', 'yasminkhalil', 'bassantmo', 'aelgazzar', 'mhefnawy', 'abdelall', 'mohamedtaher', 'john.wafeek', 'nehalmohamed', 'khaledsoud7']",8,"['shsu30', 'mgoryll', 'tbbegay2', 'shollow7', 'ktan13', 'hfaruque', None, 'mgarc171']",27,"['elshaf3y', 'mgoryll', 'moahrafmousa', 'khaled.7ammouda', 'mhosni', 'ahmedhashem', 'yasminkhalil', 'zhouxy1231', 'shollow7', 'mohamedtaher', 'john.wafeek', 'khaledsoud7', 'mhefnawy', None, 'mgarc171', 'shsu30', 'tbbegay2', 'emanomara201701052', 'bassantmo', 'adelrahmanmomen', 'aelgazzar', 'abdelall', 'ktan13', 'salahnassar', 'nehalmohamed', 'yasserismail', 'hfaruque']"
58,278,20,35,14,"['dannielmoreno', 'd.posadap', 'c.escobarh', 'sergioneuta3002', 'vanvan', 'santy015', 'gotty', 'adriant25', 'pablosc500', 'juguibavi27', 'wsequeda', 'catalinavargas025', 'andresmachuca21', 'm.vieda']",5,"['silvahidalgojuanmanuel', 'juan.yate.alcala', 'juanpa12', 'sebastianmolano1708', 'davidsantiagomoncayo']",21,"['mafetatr', 'rodhervan', 'jfvillavisanb', 'ficodau14', 'camiloarango', 'karenpolania', 'jaimesariasmjose', 'manuf.vargas36', 'sanvarp1', 'estebanboadarobayo', 'angietmolano26', 'luzestellacaro', 'waweno137', 'juanjallerl1212', None, 'am1923', 'juansebastiancorredor12', 'j.padillat', 'juandbolivarc', 'kazuya1290', 'cristiancorr']",40,"['sergioneuta3002', 'vanvan', 'santy015', 'mafetatr', 'adriant25', 'rodhervan', 'jfvillavisanb', 'juguibavi27', 'ficodau14', 'wsequeda', 'camiloarango', 'andresmachuca21', 'karenpolania', 'dannielmoreno', 'silvahidalgojuanmanuel', 'gotty', 'juan.yate.alcala', 'jaimesariasmjose', 'pablosc500', 'manuf.vargas36', 'sanvarp1', 'sebastianmolano1708', 'estebanboadarobayo', 'angietmolano26', 'luzestellacaro', 'waweno137', 'juanjallerl1212', 'juanpa12', None, 'm.vieda', 'c.escobarh', 'am1923', 'juansebastiancorredor12', 'j.padillat', 'juandbolivarc', 'kazuya1290', 'cristiancorr', 'catalinavargas025', 'd.posadap', 'davidsantiagomoncayo']"
58,522,20,30,16,"['dannielmoreno', 'd.posadap', 'c.escobarh', 'sergioneuta3002', 'vanvan', 'santy015', 'silvahidalgojuanmanuel', 'juan.yate.alcala', 'adriant25', 'pablosc500', 'juguibavi27', 'wsequeda', 'catalinavargas025', 'sebastianmolano1708', 'm.vieda', 'davidsantiagomoncayo']",3,"['juanpa12', 'andresmachuca21', 'gotty']",14,"['am1923', 'juancardona543', 'mafetatr', 'estebanboada', 'estebanboadarobayo', 'waweno137', 'angietmolano26', 'rodhervan', 'jaimesariasmjose', 'juandbolivarc', 'sanvarp1', 'ficodau14', 'cristiancorr', None]",33,"['sergioneuta3002', 'vanvan', 'santy015', 'mafetatr', 'adriant25', 'rodhervan', 'juguibavi27', 'ficodau14', 'wsequeda', 'andresmachuca21', 'dannielmoreno', 'silvahidalgojuanmanuel', 'gotty', 'juan.yate.alcala', 'jaimesariasmjose', 'pablosc500', 'sanvarp1', 'sebastianmolano1708', 'estebanboadarobayo', 'waweno137', 'angietmolano26', 'juanpa12', None, 'm.vieda', 'c.escobarh', 'am1923', 'estebanboada', 'juancardona543', 'juandbolivarc', 'cristiancorr', 'catalinavargas025', 'd.posadap', 'davidsantiagomoncayo']"
58,90,20,26,13,"['d.posadap', 'c.escobarh', 'silvahidalgojuanmanuel', 'vanvan', 'santy015', 'gotty', 'juan.yate.alcala', 'adriant25', 'juguibavi27', 'wsequeda', 'catalinavargas025', 'andresmachuca21', 'm.vieda']",6,"['dannielmoreno', 'sergioneuta3002', 'pablosc500', 'juanpa12', 'sebastianmolano1708', 'davidsantiagomoncayo']",13,"['juanpis1944', 'juanivan', 'mafetatr', 'andresfcord', 'estebanboada', 'waweno137', 'luzestellacaro', 'rodhervan', 'manuf.vargas36', 'juandbolivarc', 'kazuya1290', 'berbesifederico', None]",32,"['sergioneuta3002', 'vanvan', 'santy015', 'mafetatr', 'adriant25', 'rodhervan', 'juguibavi27', 'wsequeda', 'andresmachuca21', 'dannielmoreno', 'juanpis1944', 'silvahidalgojuanmanuel', 'gotty', 'juan.yate.alcala', 'pablosc500', 'manuf.vargas36', 'berbesifederico', 'sebastianmolano1708', 'juanivan', 'waweno137', 'luzestellacaro', 'juanpa12', None, 'm.vieda', 'c.escobarh', 'andresfcord', 'estebanboada', 'juandbolivarc', 'kazuya1290', 'catalinavargas025', 'd.posadap', 'davidsantiagomoncayo']"
58,321,20,23,15,"['c.escobarh', 'sergioneuta3002', 'vanvan', 'santy015', 'silvahidalgojuanmanuel', 'gotty', 'juan.yate.alcala', 'adriant25', 'pablosc500', 'juguibavi27', 'sebastianmolano1708', 'wsequeda', 'catalinavargas025', 'andresmachuca21', 'm.vieda']",4,"['dannielmoreno', 'juanpa12', 'd.posadap', 'davidsantiagomoncayo']",8,"['juanivan', 'andresfcord', 'danielfgarcial', 'waweno137', 'angietmolano26', 'manuf.vargas36', 'berbesifederico', None]",27,"['sergioneuta3002', 'vanvan', 'santy015', 'adriant25', 'juguibavi27', 'wsequeda', 'andresmachuca21', 'dannielmoreno', 'silvahidalgojuanmanuel', 'gotty', 'juan.yate.alcala', 'pablosc500', 'manuf.vargas36', 'berbesifederico', 'sebastianmolano1708', 'juanivan', 'waweno137', 'angietmolano26', 'juanpa12', None, 'm.vieda', 'c.escobarh', 'andresfcord', 'danielfgarcial', 'catalinavargas025', 'd.posadap', 'davidsantiagomoncayo']"
58,276,20,9,4,"['sebastianmolano1708', 'm.vieda', 'santy015', 'davidsantiagomoncayo']",15,"['dannielmoreno', 'c.escobarh', 'sergioneuta3002', 'vanvan', 'silvahidalgojuanmanuel', 'gotty', 'juan.yate.alcala', 'adriant25', 'pablosc500', 'juanpa12', 'juguibavi27', 'wsequeda', 'catalinavargas025', 'andresmachuca21', 'd.posadap']",5,"['juansebastiancorredor12', 'angietmolano26', 'j.padillat', 'jfvillavisanb', None]",24,"['sergioneuta3002', 'vanvan', 'santy015', 'angietmolano26', 'adriant25', 'jfvillavisanb', 'juanpa12', 'juguibavi27', 'wsequeda', 'andresmachuca21', 'm.vieda', None, 'dannielmoreno', 'c.escobarh', 'silvahidalgojuanmanuel', 'juansebastiancorredor12', 'gotty', 'juan.yate.alcala', 'pablosc500', 'j.padillat', 'sebastianmolano1708', 'catalinavargas025', 'd.posadap', 'davidsantiagomoncayo']"
58,99,20,8,1,['sergioneuta3002'],18,"['dannielmoreno', 'd.posadap', 'c.escobarh', 'silvahidalgojuanmanuel', 'vanvan', 'santy015', 'gotty', 'juan.yate.alcala', 'adriant25', 'pablosc500', 'juanpa12', 'juguibavi27', 'sebastianmolano1708', 'wsequeda', 'catalinavargas025', 'andresmachuca21', 'm.vieda', 'davidsantiagomoncayo']",7,"['angietmolano26', 'rodhervan', 'jaimesariasmjose', 'j.padillat', 'juandbolivarc', 'camiloarango', None]",26,"['sergioneuta3002', 'vanvan', 'santy015', 'angietmolano26', 'adriant25', 'rodhervan', 'juanpa12', 'juguibavi27', 'wsequeda', 'camiloarango', 'andresmachuca21', 'm.vieda', None, 'dannielmoreno', 'c.escobarh', 'silvahidalgojuanmanuel', 'gotty', 'juan.yate.alcala', 'jaimesariasmjose', 'pablosc500', 'j.padillat', 'juandbolivarc', 'sebastianmolano1708', 'catalinavargas025', 'd.posadap', 'davidsantiagomoncayo']"
58,277,20,7,4,"['adriant25', 'm.vieda', 'santy015', 'catalinavargas025']",15,"['dannielmoreno', 'c.escobarh', 'sergioneuta3002', 'vanvan', 'silvahidalgojuanmanuel', 'gotty', 'juan.yate.alcala', 'pablosc500', 'juanpa12', 'juguibavi27', 'sebastianmolano1708', 'wsequeda', 'andresmachuca21', 'd.posadap', 'davidsantiagomoncayo']",3,"['jfvillavisanb', None, 'juansebastiancorredor12']",22,"['sergioneuta3002', 'vanvan', 'santy015', 'adriant25', 'jfvillavisanb', 'juanpa12', 'juguibavi27', 'wsequeda', 'andresmachuca21', 'm.vieda', None, 'dannielmoreno', 'c.escobarh', 'silvahidalgojuanmanuel', 'juansebastiancorredor12', 'gotty', 'juan.yate.alcala', 'pablosc500', 'sebastianmolano1708', 'catalinavargas025', 'd.posadap', 'davidsantiagomoncayo']"
58,322,20,6,2,"['catalinavargas025', 'd.posadap']",17,"['dannielmoreno', 'c.escobarh', 'sergioneuta3002', 'vanvan', 'santy015', 'silvahidalgojuanmanuel', 'gotty', 'juan.yate.alcala', 'adriant25', 'pablosc500', 'juanpa12', 'juguibavi27', 'sebastianmolano1708', 'wsequeda', 'andresmachuca21', 'm.vieda', 'davidsantiagomoncayo']",4,"['luismitom', 'j.padillat', None, 'karenpolania']",23,"['sergioneuta3002', 'vanvan', 'santy015', 'adriant25', 'juanpa12', 'juguibavi27', 'wsequeda', 'andresmachuca21', 'm.vieda', 'karenpolania', None, 'dannielmoreno', 'c.escobarh', 'silvahidalgojuanmanuel', 'gotty', 'luismitom', 'juan.yate.alcala', 'pablosc500', 'j.padillat', 'sebastianmolano1708', 'catalinavargas025', 'd.posadap', 'davidsantiagomoncayo']"
59,30,20,219,6,"['sgu20171544', 'sgu20161454', 'sgu20171582', 'sgu20171567', 'sgu20171579', 'bswbsj18']",13,"['ankur2003kumar', 'mehaksood333', 'zonjamatteo2', 'nicolas.dehalleux', 'bolteau', 'aditsom7', 'atharv.ramesh2003', 'fhhu0210', 'reedra1', 'avishsanthosh', 'mihalenkoc', 'prashant1010', 'vavrutin']",213,"['sgu20171541', 'khw971011', 'beoungwoo', 'aatony', 'sgu20191457', 'sgu20191451', 'ilkwang', 'sgu20171492', 'sgu20161553', 'sgu20171556', 'sgu20191490', 'sgu20201443', 'sgu20191469', 'songhobin', 'sgu20171502', 'sgu20191494', 'tmdgus4284', 'b715112', 'jskim159', 'pky2237', 'sgu20161455', 'sgu20151313', 'sgu20161519', 'sgu20171594', 'b735544', 'ml935450', 'sgu20161460', 'sgu20201465', 'sgu20171523', 'sgu20151447', 'jjh684212', 'sgu20151482', 'goodjh120', 'buggyjuggy97', 'sgu20181503', 'wutdreheram0905', 'yjiwan0913', 'sgu20171497', 'sgu20171501', 'mw1155000', 'sgu20192127', 'sgu20171557', 'sgu20171584', 'wjdrms9897', 'sgu20201507', 'sgu20171535', 'ascendtobe', 'wodbs', 'sgu20192007', 'sgu20171524', 'sgu20171513', 'kimjaewook5834', 'onion1228', 'sgu20171503', 'geunwonjeong', 'sasso47523', 'pij33278', 'hck23', 'sgu20191509', 'sgu20171546', 'sgu20191462', 'junn9916', 'dlstn3460', 'sgu20181487', 'sgu20170241', 'dlsrb0521', 'spaget23', 'sgu20161489', 'jaeyun0709', 'sgu20171570', 'qkrrjsxor12', 'sgu20181499', 'daniel223977', 'sgu20181521', 'sgu20161547', 'taegun', 'sgu20141431', 'sgu20191492', 'sgu20201527', 'sgu20171341', 'sgu20201433', 'mingee0740', 'chj20151375', 'sgu20181333', 'sgu20161481', 'sgu20181515', 'yoodabin', None, 'sgu20181509', 'sgu20171585', 'mingi1226', 'sgu20171335', 'sgu20161475', 'b815018', 'wolol005', 'sgu20181513', 'sgu20171583', 'sgu20191305', 'sgu20161537', 'halynyu', 'sgu20171517', 'sgu20181523', 'sgu20171510', 'leejongmin', 'sgu20191489', 'wlsdn0820', 'sgu20201501', 'sgu20161513', 'chojunhee', 'sgu20181479', 'qudgur96', 'sgu20171499', 'sgu20161526', 'sgu20171512', 'jihyun', 'sgu20161486', 'joy34box', 'sgu20171549', 'poby', 'mindk24', 'aksmf98', 'sgu20171350', 'dlrbgur008', 'sgu20201497', 'sgu20181583', 'bigwishwing', 'omeg_on', 'sgu20182197', 'sgu20191543', 'sgu20181511', 'yoona8', 'sgu20151202', 'sgu20161518', 'parkinsu', 'sgu20201475', 'bingsoo', 'sgu20191523', 'sgu20171911', 'sgu20181579', 'kimjaeho608', 'duonduon', 'b815180', 'tntjd3007', 'sgu20181480', 'minsuk', 'sgu20171533', 'sgu20151421', 'b715052', 'sgu20171521', 'sgu20171339', 'sgu20191333', 'homme0214', 'sgu20171536', 'kimdc0134', 'taehojung', 'sgu20171548', 'sgu20201533', 'sgu20201531', 'minyeong', 'ittopsk', 'hcha71', 'sgu20191487', 'sgu20191453', 'ktj061860', 'sgu20171564', 'sgu20171525', 'sgu20171553', 'sgu20181535', 'sgu20161551', 'sgu20201459', 'tkdgjs68', 'ktj08310806', 'sgu20201511', 'sgu20191385', 'sgu20171530', 'sgu20171551', 'sgu20191455', 'rudtjr987', 'sgu20171597', 'sgu20171575', 'sgu20191461', 'sanghoon21547', 'sgu20171560', 'sgu20192113', 'hyeonho', 'jonnyi961', 'sgu20201479', 'sgu20171897', 'buggyjuggy', 'thjung', 'a01088393779', 'seunghun4757', 'sgu20181357', 'vyg1014', 'sgu20171593', 'kyj0603', 'tomas9159', 'sgu20181557', 'sgu20171516', 'sgu20141341', 'sgu20161997', 'jihongkim', 'xconanx98', 'sgu20171506', 'sgu20201521', 'seokkyu', 'sgu20201463', 'sgu20171576', 'sgu20171843', 'zneet456', 'sgu20171534', 'sgu20181489', 'skdywaw1']",232,"['sgu20171541', 'khw971011', 'beoungwoo', 'aatony', 'sgu20191457', 'sgu20191451', 'ilkwang', 'sgu20171492', 'sgu20161553', 'sgu20171556', 'sgu20191490', 'sgu20201443', 'sgu20191469', 'mehaksood333', 'zonjamatteo2', 'songhobin', 'sgu20171502', 'sgu20191494', 'tmdgus4284', 'b715112', 'jskim159', 'pky2237', 'sgu20161455', 'sgu20151313', 'sgu20161519', 'sgu20171594', 'b735544', 'ml935450', 'sgu20161460', 'sgu20201465', 'sgu20171523', 'sgu20151447', 'jjh684212', 'sgu20151482', 'goodjh120', 'sgu20181503', 'wutdreheram0905', 'yjiwan0913', 'sgu20171497', 'sgu20171501', 'mw1155000', 'sgu20192127', 'sgu20171557', 'sgu20171584', 'wjdrms9897', 'sgu20201507', 'sgu20171535', 'sgu20171579', 'ascendtobe', 'sgu20171582', 'wodbs', 'sgu20192007', 'sgu20171524', 'sgu20171513', 'kimjaewook5834', 'onion1228', 'sgu20171503', 'geunwonjeong', 'sasso47523', 'pij33278', 'hck23', 'sgu20191509', 'sgu20171546', 'sgu20191462', 'junn9916', 'dlstn3460', 'sgu20181487', 'sgu20170241', 'dlsrb0521', 'spaget23', 'sgu20161489', 'jaeyun0709', 'sgu20171570', 'qkrrjsxor12', 'sgu20181499', 'daniel223977', 'sgu20181521', 'sgu20161547', 'taegun', 'sgu20141431', 'sgu20191492', 'sgu20201527', 'sgu20171341', 'sgu20201433', 'mingee0740', 'chj20151375', 'sgu20181333', 'sgu20161481', 'mihalenkoc', 'sgu20181515', 'yoodabin', None, 'sgu20181509', 'ankur2003kumar', 'sgu20171585', 'mingi1226', 'sgu20171335', 'aditsom7', 'sgu20161475', 'b815018', 'wolol005', 'sgu20181513', 'reedra1', 'sgu20171583', 'sgu20191305', 'sgu20161537', 'halynyu', 'sgu20171517', 'sgu20181523', 'nicolas.dehalleux', 'sgu20171510', 'leejongmin', 'sgu20191489', 'wlsdn0820', 'sgu20201501', 'sgu20161513', 'chojunhee', 'sgu20181479', 'qudgur96', 'vavrutin', 'sgu20171499', 'sgu20161526', 'sgu20171512', 'jihyun', 'sgu20161486', 'joy34box', 'sgu20171549', 'sgu20161454', 'poby', 'mindk24', 'fhhu0210', 'aksmf98', 'sgu20171350', 'dlrbgur008', 'sgu20171567', 'sgu20201497', 'sgu20181583', 'bigwishwing', 'omeg_on', 'sgu20182197', 'sgu20181489', 'sgu20191543', 'sgu20181511', 'yoona8', 'sgu20151202', 'sgu20161518', 'parkinsu', 'sgu20201475', 'bingsoo', 'sgu20191523', 'sgu20171911', 'sgu20181579', 'kimjaeho608', 'duonduon', 'b815180', 'tntjd3007', 'prashant1010', 'sgu20181480', 'minsuk', 'sgu20171533', 'sgu20151421', 'sgu20171544', 'b715052', 'sgu20171521', 'sgu20171339', 'sgu20191333', 'homme0214', 'sgu20171536', 'kimdc0134', 'taehojung', 'sgu20171548', 'sgu20201533', 'sgu20201531', 'minyeong', 'ittopsk', 'hcha71', 'sgu20191487', 'sgu20191453', 'ktj061860', 'sgu20171564', 'sgu20171525', 'sgu20171553', 'sgu20181535', 'sgu20161551', 'sgu20201459', 'tkdgjs68', 'bolteau', 'ktj08310806', 'sgu20201511', 'sgu20191385', 'sgu20171530', 'avishsanthosh', 'sgu20171551', 'sgu20191455', 'rudtjr987', 'sgu20171597', 'sgu20171575', 'sgu20191461', 'sanghoon21547', 'sgu20171560', 'sgu20192113', 'hyeonho', 'jonnyi961', 'sgu20201479', 'sgu20171897', 'buggyjuggy', 'thjung', 'bswbsj18', 'a01088393779', 'seunghun4757', 'sgu20181357', 'vyg1014', 'sgu20171593', 'kyj0603', 'tomas9159', 'sgu20181557', 'sgu20171516', 'sgu20141341', 'sgu20161997', 'jihongkim', 'xconanx98', 'sgu20171506', 'sgu20201521', 'seokkyu', 'atharv.ramesh2003', 'sgu20201463', 'sgu20171576', 'sgu20171843', 'zneet456', 'sgu20171534', 'buggyjuggy97', 'skdywaw1']"
59,10,20,47,3,"['atharv.ramesh2003', 'ankur2003kumar', 'aditsom7']",16,"['sgu20171544', 'mehaksood333', 'sgu20161454', 'zonjamatteo2', 'nicolas.dehalleux', 'bolteau', 'sgu20171582', 'fhhu0210', 'reedra1', 'avishsanthosh', 'sgu20171567', 'sgu20171579', 'mihalenkoc', 'prashant1010', 'bswbsj18', 'vavrutin']",44,"['ee20btech11028', 'ee20btech11047', 'ee20btech11004', 'hemachandar', 'ee20btech11038', 'ee20btech11051', 'ee20btech11039', 'ee20btech11040', 'mudavathrohith270702', 'ee20btech11042', 'tanmay07', 'ee20btech11025', 'ee20btech11016', 'ee20btech11032', 'ee20btech11031', 'ee20btech11046', 'ee20btech11030', 'nithish576s', 'ee20btech11023', 'rahhul.j17', 'utkarshdoshi13', 'ee20btech11009', 'ee20btech11001', 'dineshchandrabdc2', 'everesteverest381', 'hrushikesh007', 'ee20btech11049', 'karanreddy132', 'ee20btech11059', 'aaseesh', 'kmanojkumar', 'oves', 'pragna', 'ee20btech11035', None, 'ee20btech11056', 'yasaswini', 'ee20btech11011', 'pranathi_007', 'ee20btech11033', 'ee20btech11043', 'ee20btech11034', 'executioner', 'chenchetyabhishek']",63,"['hemachandar', 'ee20btech11004', 'ee20btech11038', 'nicolas.dehalleux', 'ee20btech11051', 'ee20btech11039', 'vavrutin', 'ee20btech11016', 'mehaksood333', 'sgu20161454', 'zonjamatteo2', 'ee20btech11031', 'fhhu0210', 'rahhul.j17', 'ee20btech11009', 'sgu20171567', 'dineshchandrabdc2', 'hrushikesh007', 'karanreddy132', 'ee20btech11059', 'aaseesh', 'oves', 'ee20btech11035', 'yasaswini', 'sgu20171579', 'prashant1010', 'sgu20171582', 'ee20btech11028', 'sgu20171544', 'ee20btech11047', 'ee20btech11040', 'mudavathrohith270702', 'ee20btech11042', 'tanmay07', 'ee20btech11025', 'ee20btech11032', 'ee20btech11046', 'ee20btech11030', 'bolteau', 'nithish576s', 'ee20btech11023', 'avishsanthosh', 'utkarshdoshi13', 'ee20btech11001', 'everesteverest381', 'ee20btech11049', 'kmanojkumar', 'pragna', 'mihalenkoc', 'bswbsj18', None, 'ee20btech11056', 'ankur2003kumar', 'ee20btech11011', 'pranathi_007', 'ee20btech11033', 'aditsom7', 'atharv.ramesh2003', 'ee20btech11043', 'reedra1', 'ee20btech11034', 'executioner', 'chenchetyabhishek']"
59,23,20,19,1,['vavrutin'],18,"['ankur2003kumar', 'sgu20171544', 'mehaksood333', 'sgu20161454', 'zonjamatteo2', 'nicolas.dehalleux', 'bolteau', 'aditsom7', 'atharv.ramesh2003', 'sgu20171582', 'fhhu0210', 'reedra1', 'avishsanthosh', 'sgu20171579', 'mihalenkoc', 'prashant1010', 'bswbsj18', 'sgu20171567']",18,"['noahbruccoleri', 'uozgur', 'morrisonka2', 'mustachioj', 'grazianige', 'ah.dydak', 'hossindissoms', 'oariess', 'benzekrim', 'poynterkd', 'ackarles', 'jonesca25', 'ordonez05', 'mattwds', None, 'suchemj', 'bibbjh', 'dobrescuta']",37,"['sgu20171544', 'morrisonka2', 'uozgur', 'hossindissoms', 'nicolas.dehalleux', 'jonesca25', 'vavrutin', 'ah.dydak', 'mehaksood333', 'sgu20161454', 'zonjamatteo2', 'benzekrim', 'bolteau', 'fhhu0210', 'avishsanthosh', 'ordonez05', 'sgu20171567', 'suchemj', 'oariess', 'poynterkd', 'ackarles', 'mihalenkoc', 'mattwds', 'bswbsj18', None, 'bibbjh', 'noahbruccoleri', 'ankur2003kumar', 'mustachioj', 'grazianige', 'aditsom7', 'atharv.ramesh2003', 'reedra1', 'sgu20171579', 'prashant1010', 'sgu20171582', 'dobrescuta']"
59,21,20,16,2,"['nicolas.dehalleux', 'bolteau']",17,"['ankur2003kumar', 'sgu20171544', 'mehaksood333', 'sgu20161454', 'zonjamatteo2', 'aditsom7', 'atharv.ramesh2003', 'sgu20171582', 'fhhu0210', 'reedra1', 'avishsanthosh', 'sgu20171567', 'sgu20171579', 'mihalenkoc', 'prashant1010', 'bswbsj18', 'vavrutin']",14,"['rauxpauline', 'raphaelngenyi24', 'kvanhees', 'tklauner', 'nroisin', 'julien.klauner', None, 'hugofich', 'zimerjb', 'clgevers', 'brockauly', 'funnybr0ther', 'arthurvdgb', 'thethos']",33,"['rauxpauline', 'nroisin', 'sgu20171544', 'tklauner', 'julien.klauner', 'hugofich', 'nicolas.dehalleux', 'mihalenkoc', 'vavrutin', 'bswbsj18', 'thethos', None, 'ankur2003kumar', 'raphaelngenyi24', 'kvanhees', 'mehaksood333', 'sgu20161454', 'zonjamatteo2', 'zimerjb', 'clgevers', 'bolteau', 'aditsom7', 'atharv.ramesh2003', 'sgu20171582', 'brockauly', 'fhhu0210', 'reedra1', 'avishsanthosh', 'sgu20171579', 'funnybr0ther', 'arthurvdgb', 'prashant1010', 'sgu20171567']"
59,29,20,13,2,"['nicolas.dehalleux', 'bolteau']",17,"['ankur2003kumar', 'sgu20171544', 'mehaksood333', 'sgu20161454', 'zonjamatteo2', 'aditsom7', 'atharv.ramesh2003', 'sgu20171582', 'fhhu0210', 'reedra1', 'avishsanthosh', 'sgu20171567', 'sgu20171579', 'mihalenkoc', 'prashant1010', 'bswbsj18', 'vavrutin']",11,"['rauxpauline', 'raphaelngenyi24', 'arthurvdgb', 'tklauner', 'zimerjb', 'clgevers', '14tracolf', 'funnybr0ther', 'aqsdcvb', 'julien.klauner', None]",30,"['rauxpauline', 'arthurvdgb', 'sgu20171544', 'tklauner', 'nicolas.dehalleux', 'aqsdcvb', 'mihalenkoc', 'vavrutin', 'bswbsj18', None, 'ankur2003kumar', 'raphaelngenyi24', 'mehaksood333', 'sgu20161454', 'zonjamatteo2', 'zimerjb', 'clgevers', 'bolteau', 'aditsom7', 'atharv.ramesh2003', 'sgu20171582', '14tracolf', 'fhhu0210', 'reedra1', 'avishsanthosh', 'sgu20171579', 'funnybr0ther', 'julien.klauner', 'prashant1010', 'sgu20171567']"
59,28,20,8,2,"['nicolas.dehalleux', 'bolteau']",17,"['ankur2003kumar', 'sgu20171544', 'mehaksood333', 'sgu20161454', 'zonjamatteo2', 'aditsom7', 'atharv.ramesh2003', 'sgu20171582', 'fhhu0210', 'reedra1', 'avishsanthosh', 'sgu20171567', 'sgu20171579', 'mihalenkoc', 'prashant1010', 'bswbsj18', 'vavrutin']",6,"['nroisin', 'tklauner', 'zimerjb', 'clgevers', 'julien.klauner', None]",25,"['nroisin', 'sgu20171544', 'tklauner', 'nicolas.dehalleux', 'mihalenkoc', 'vavrutin', 'bswbsj18', None, 'ankur2003kumar', 'mehaksood333', 'sgu20161454', 'zonjamatteo2', 'zimerjb', 'clgevers', 'bolteau', 'aditsom7', 'atharv.ramesh2003', 'sgu20171582', 'fhhu0210', 'reedra1', 'avishsanthosh', 'sgu20171579', 'julien.klauner', 'prashant1010', 'sgu20171567']"
59,20,20,7,1,['prashant1010'],18,"['ankur2003kumar', 'sgu20171544', 'mehaksood333', 'sgu20161454', 'zonjamatteo2', 'nicolas.dehalleux', 'bolteau', 'aditsom7', 'atharv.ramesh2003', 'sgu20171582', 'fhhu0210', 'reedra1', 'avishsanthosh', 'sgu20171567', 'sgu20171579', 'mihalenkoc', 'bswbsj18', 'vavrutin']",6,"['rashmijalal19', 'aryansingh', 'anmolyadav0106', 'sara34', None, 'nidhikpg2001']",25,"['sgu20171544', 'nicolas.dehalleux', 'aryansingh', 'anmolyadav0106', 'mihalenkoc', 'sara34', 'vavrutin', 'bswbsj18', None, 'ankur2003kumar', 'rashmijalal19', 'mehaksood333', 'sgu20161454', 'zonjamatteo2', 'bolteau', 'aditsom7', 'atharv.ramesh2003', 'sgu20171582', 'fhhu0210', 'reedra1', 'avishsanthosh', 'sgu20171579', 'prashant1010', 'sgu20171567', 'nidhikpg2001']"
59,9,20,6,2,"['bswbsj18', 'sgu20171579']",17,"['ankur2003kumar', 'sgu20171544', 'mehaksood333', 'sgu20161454', 'zonjamatteo2', 'nicolas.dehalleux', 'bolteau', 'aditsom7', 'atharv.ramesh2003', 'sgu20171582', 'fhhu0210', 'reedra1', 'avishsanthosh', 'sgu20171567', 'mihalenkoc', 'prashant1010', 'vavrutin']",4,"['jai20171549', 'yuseap1111', None, 'dntnwls0501']",23,"['sgu20171544', 'dntnwls0501', 'jai20171549', 'nicolas.dehalleux', 'mihalenkoc', 'vavrutin', 'bswbsj18', None, 'ankur2003kumar', 'mehaksood333', 'sgu20161454', 'zonjamatteo2', 'bolteau', 'aditsom7', 'atharv.ramesh2003', 'sgu20171582', 'fhhu0210', 'reedra1', 'avishsanthosh', 'sgu20171579', 'yuseap1111', 'prashant1010', 'sgu20171567']"
60,262,19,62,1,['annvictoria913'],17,"['hnnhdnz', 'vincetyrell.yongco.pharma', 'allien', 'majuztine.buenaflor.pharma', 'louierince.suyo.pharma', 'biochemistyarn', 'kristaerika16', 'juzleenpaulette.bracewell.pharma', 'sophiamarie.castillo.pharma', 'origenes', 'jrivero00', 'pampilemon03', 'airadacasin', 'ddiagono', 'jmgsioson000', 'romelpaulhilario', 'ri13910']",61,"['cbesoto', 'ailene_nunez', 'mikecabotage', 'jcgo4', 'rlsalas', 'pzventigan', 'shaniamontesa', 'lgodolino', 'reyalfredranola', 'jlgarcia3', 'ledif_zepeda14', 'jppaulin', 'romardabban', 'jbnas', 'jvtumaneng', 'pnrijoanna', 'elianangelo.abellanosa.pharma', 'mmmamusa07', 'icdelacruz1', 'legrande.dolino', 'roybdom', 'josuahmaylas1', 'reqcapule12', 'aria8', 'nino_lim', 'yu.paul.k', 'acdalabajan1', 'jps7', 'jeminajavierr', 'carlflestado', 'jeongeun.ha.pharma', 'ddls.monica', 'mamlflores', 'philip.opao', 'atom0890', 'el1999', 'magtibayeliza', 'elladenese.maglaqui', 'ersyanza', 'edlynmaryresurreccion', 'mmacahigas', None, 'gian_02', 'ksllabres', 'aguantar18', 'nvdecio', 'j0maera', 'jbjunio4', 'fenilouizbeth.batula', 'vonnovi.deleon', 'dedloresca', 'mkmcrisostomo', 'karlagatdula', 'piolabbelmonte', 'francesfaye', 'jpslmc', 'danadenise11', 'altair.agmata', 'gracelanwang', 'arbarcena1', 'booma']",79,"['vincetyrell.yongco.pharma', 'cbesoto', 'mikecabotage', 'jcgo4', 'pzventigan', 'annvictoria913', 'shaniamontesa', 'lgodolino', 'ledif_zepeda14', 'jppaulin', 'elianangelo.abellanosa.pharma', 'mmmamusa07', 'icdelacruz1', 'juzleenpaulette.bracewell.pharma', 'nino_lim', 'carlflestado', 'majuztine.buenaflor.pharma', 'louierince.suyo.pharma', 'ddls.monica', 'atom0890', 'ersyanza', 'mmacahigas', 'ksllabres', 'aguantar18', 'nvdecio', 'j0maera', 'fenilouizbeth.batula', 'vonnovi.deleon', 'piolabbelmonte', 'mkmcrisostomo', 'sophiamarie.castillo.pharma', 'francesfaye', 'gracelanwang', 'danadenise11', 'altair.agmata', 'hnnhdnz', 'ailene_nunez', 'biochemistyarn', 'rlsalas', 'pampilemon03', 'reyalfredranola', 'jlgarcia3', 'romardabban', 'jbnas', 'jvtumaneng', 'pnrijoanna', 'legrande.dolino', 'roybdom', 'josuahmaylas1', 'reqcapule12', 'aria8', 'yu.paul.k', 'acdalabajan1', 'jmgsioson000', 'romelpaulhilario', 'jps7', 'jeminajavierr', 'jeongeun.ha.pharma', 'kristaerika16', 'mamlflores', 'philip.opao', 'el1999', 'magtibayeliza', 'elladenese.maglaqui', 'edlynmaryresurreccion', None, 'gian_02', 'allien', 'jbjunio4', 'dedloresca', 'karlagatdula', 'origenes', 'jrivero00', 'jpslmc', 'airadacasin', 'ddiagono', 'ri13910', 'arbarcena1', 'booma']"
60,589,19,18,13,"['vincetyrell.yongco.pharma', 'hnnhdnz', 'allien', 'majuztine.buenaflor.pharma', 'louierince.suyo.pharma', 'biochemistyarn', 'juzleenpaulette.bracewell.pharma', 'sophiamarie.castillo.pharma', 'annvictoria913', 'jrivero00', 'pampilemon03', 'ddiagono', 'airadacasin']",5,"['kristaerika16', 'origenes', 'jmgsioson000', 'romelpaulhilario', 'ri13910']",5,"['elianangelo.abellanosa.pharma', 'riyanvillanueva', 'aria8', 'elladenese.maglaqui', None]",23,"['hnnhdnz', 'vincetyrell.yongco.pharma', 'majuztine.buenaflor.pharma', 'louierince.suyo.pharma', 'biochemistyarn', 'kristaerika16', 'annvictoria913', 'elladenese.maglaqui', 'pampilemon03', None, 'allien', 'elianangelo.abellanosa.pharma', 'riyanvillanueva', 'juzleenpaulette.bracewell.pharma', 'sophiamarie.castillo.pharma', 'origenes', 'aria8', 'jrivero00', 'airadacasin', 'ddiagono', 'jmgsioson000', 'romelpaulhilario', 'ri13910']"
61,195,19,17,14,"['varshita', 'tristenmee', 'tonyon327', 'harkanwar97', 'abhinavtula', 'ragb', 'alhout', 'giangdang', 'nalmohaser', 'desiraju', 'zohaibkhan', 'shivendhiras', 'tmacdougall', 'aalamed']",4,"['koushikpothamshetty', 'zchen1', 'gavyedu', 'amardeepbajwa']",3,"['shivaramgoudpodeti', None, 'sagbakansi']",21,"['aalamed', 'ragb', 'nalmohaser', 'amardeepbajwa', 'desiraju', 'shivendhiras', None, 'sagbakansi', 'tonyon327', 'varshita', 'tristenmee', 'abhinavtula', 'alhout', 'giangdang', 'zchen1', 'shivaramgoudpodeti', 'gavyedu', 'zohaibkhan', 'koushikpothamshetty', 'tmacdougall', 'harkanwar97']"
61,119,19,15,13,"['varshita', 'tristenmee', 'tonyon327', 'aalamed', 'abhinavtula', 'ragb', 'alhout', 'giangdang', 'nalmohaser', 'desiraju', 'zohaibkhan', 'shivendhiras', 'harkanwar97']",5,"['zchen1', 'amardeepbajwa', 'gavyedu', 'koushikpothamshetty', 'tmacdougall']",2,"[None, 'udt']",20,"['aalamed', 'ragb', 'nalmohaser', 'amardeepbajwa', 'desiraju', 'shivendhiras', None, 'udt', 'tonyon327', 'varshita', 'tristenmee', 'abhinavtula', 'alhout', 'giangdang', 'zchen1', 'gavyedu', 'zohaibkhan', 'koushikpothamshetty', 'tmacdougall', 'harkanwar97']"
61,333,19,15,13,"['varshita', 'tristenmee', 'tonyon327', 'aalamed', 'abhinavtula', 'ragb', 'alhout', 'giangdang', 'nalmohaser', 'desiraju', 'zohaibkhan', 'shivendhiras', 'harkanwar97']",5,"['zchen1', 'amardeepbajwa', 'gavyedu', 'koushikpothamshetty', 'tmacdougall']",2,"['tristen0717', None]",20,"['tristen0717', 'aalamed', 'ragb', 'nalmohaser', 'amardeepbajwa', 'desiraju', 'shivendhiras', None, 'tonyon327', 'varshita', 'tristenmee', 'abhinavtula', 'alhout', 'giangdang', 'zchen1', 'gavyedu', 'zohaibkhan', 'koushikpothamshetty', 'tmacdougall', 'harkanwar97']"
63,439,19,62,3,"['rkrish52', 'gebaker2', 'dvoskineli']",15,"['teruel0412', 'gabrielap450', 'carvalhopatrick', 'youngminkim', 'r186168', 'h217832', 'callanf26', 'd196142', 'bhaberae', 'pedro55889', 'i217944', 'hicksplace', 'v225302', 'c214620', 'pedro_sesti']",59,"['mattsqrd', 'kbb00008', 'allenchu', 'jjoonny76', 'p20170423', '216cheng', 'kgraham87', 'tiange', 'vaburciagaz', 'jmh2329', 'sandip83', 'ajray', 'aivergar', 'kang_wang_shanghaitech', 'gollner.laura', 'jelackey', 'vincent.goiffon', 'riddhiranjithkumar', 'fastjacksonmin', 'tjacks42', 'ih8faaan', 'rridgwa1', 'viviantrack', 'z5382647', 'jsolan10', 'wino1301', 'btano', 'cdn2128', 'searguet', 'dalliso4', 'elhamatef199', 'xyl983915913', 'claybuster715', 'mwmjr150', 'si00003', 'vs00016', 'zhishangs', 'cmerril3', 'kdenial', 'silko.igor', None, 'mgarc171', 'hongkiha', 'shawnlloyd8', 'mjlong7', 'hstone1', 'kevindiu', 'grant.lopresti', 'adorn2', 'wxg', 'yim5759', 'gmortiz3', 'avillegas5', 'leesh9412', 'aarondfranklin', 'naroman2', 'sesh9366', 'aditya.c.paul', 'daniel.robin22']",77,"['kbb00008', 'p20170423', 'kgraham87', 'sandip83', 'jelackey', 'kang_wang_shanghaitech', 'gollner.laura', 'z5382647', 'rkrish52', 'bhaberae', 'wino1301', 'i217944', 'pedro_sesti', 'elhamatef199', 'claybuster715', 'vs00016', 'zhishangs', 'd196142', 'r186168', 'silko.igor', 'mgarc171', 'shawnlloyd8', 'gebaker2', 'mjlong7', 'hstone1', 'kevindiu', 'adorn2', 'avillegas5', 'naroman2', 'v225302', 'fastjacksonmin', 'aditya.c.paul', 'daniel.robin22', 'mattsqrd', 'allenchu', 'jjoonny76', '216cheng', 'tiange', 'vaburciagaz', 'jmh2329', 'ajray', 'aivergar', 'youngminkim', 'vincent.goiffon', 'teruel0412', 'riddhiranjithkumar', 'tjacks42', 'ih8faaan', 'h217832', 'rridgwa1', 'callanf26', 'viviantrack', 'jsolan10', 'pedro55889', 'btano', 'cdn2128', 'hicksplace', 'searguet', 'dalliso4', 'gabrielap450', 'carvalhopatrick', 'xyl983915913', 'mwmjr150', 'si00003', 'cmerril3', 'kdenial', None, 'hongkiha', 'grant.lopresti', 'wxg', 'yim5759', 'gmortiz3', 'leesh9412', 'aarondfranklin', 'dvoskineli', 'sesh9366', 'c214620']"
63,438,19,47,13,"['teruel0412', 'gebaker2', 'gabrielap450', 'carvalhopatrick', 'r186168', 'h217832', 'bhaberae', 'pedro55889', 'i217944', 'dvoskineli', 'v225302', 'c214620', 'pedro_sesti']",5,"['callanf26', 'd196142', 'rkrish52', 'youngminkim', 'hicksplace']",34,"['ee20btech11028', 'geunwonjeong', 'ee20btech11038', 'homme0214', 'ee20btech11039', 'sasso47523', 'ee20btech11040', 'ilkwang', 'minyeong', 'yujin', 'aivergar', 'ojiow', 'junn9916', 'poby', 'ee20btech11046', 'mindk24', 'jaeyun0709', 'searguet', 'daniel223977', 'hrushikesh007', 'claybuster715', 'tnfssc', 'cmerril3', 'yjiwan0913', None, 'yasaswini', 'mjlong7', 'ee20btech11011', 'pranathi_007', 'wolol005', 'zneet456', 'b815180', 'sesh9366', 'daniel.robin22']",52,"['ee20btech11038', 'ee20btech11039', 'ilkwang', 'ojiow', 'poby', 'rkrish52', 'bhaberae', 'mindk24', 'i217944', 'pedro_sesti', 'hrushikesh007', 'claybuster715', 'tnfssc', 'd196142', 'r186168', 'yjiwan0913', 'yasaswini', 'gebaker2', 'mjlong7', 'b815180', 'v225302', 'daniel.robin22', 'ee20btech11028', 'geunwonjeong', 'homme0214', 'sasso47523', 'ee20btech11040', 'minyeong', 'yujin', 'aivergar', 'youngminkim', 'teruel0412', 'junn9916', 'ee20btech11046', 'h217832', 'callanf26', 'pedro55889', 'jaeyun0709', 'hicksplace', 'searguet', 'gabrielap450', 'carvalhopatrick', 'daniel223977', 'cmerril3', None, 'ee20btech11011', 'pranathi_007', 'wolol005', 'zneet456', 'dvoskineli', 'sesh9366', 'c214620']"
63,412,19,15,1,['rkrish52'],17,"['teruel0412', 'gebaker2', 'gabrielap450', 'carvalhopatrick', 'youngminkim', 'r186168', 'h217832', 'callanf26', 'd196142', 'bhaberae', 'pedro55889', 'i217944', 'hicksplace', 'dvoskineli', 'v225302', 'c214620', 'pedro_sesti']",14,"['searguet', 'hstone1', 'allenchu', 'thfreber', 'amcminn1', 'mwmarti6', 'armeza3', 'gmortiz3', 'grliyana', 'saalatt1', None, 'chramsey', 'mgarc171', 'aivergar']",32,"['searguet', 'gabrielap450', 'carvalhopatrick', 'allenchu', 'd196142', 'r186168', 'hicksplace', 'grliyana', 'aivergar', None, 'youngminkim', 'mgarc171', 'teruel0412', 'gebaker2', 'chramsey', 'hstone1', 'thfreber', 'h217832', 'amcminn1', 'callanf26', 'rkrish52', 'bhaberae', 'mwmarti6', 'armeza3', 'gmortiz3', 'pedro55889', 'i217944', 'saalatt1', 'dvoskineli', 'v225302', 'c214620', 'pedro_sesti']"
63,437,19,10,2,"['youngminkim', 'hicksplace']",16,"['teruel0412', 'gebaker2', 'gabrielap450', 'carvalhopatrick', 'r186168', 'h217832', 'callanf26', 'd196142', 'rkrish52', 'bhaberae', 'pedro55889', 'i217944', 'dvoskineli', 'v225302', 'c214620', 'pedro_sesti']",8,"['claybuster715', 'akhilkushe', 'joseneto096', 'alirezager', 'arthurgab', 'guilgs', None, 'jaci2110']",26,"['gabrielap450', 'carvalhopatrick', 'claybuster715', 'akhilkushe', 'alirezager', 'd196142', 'arthurgab', 'r186168', 'hicksplace', None, 'youngminkim', 'jaci2110', 'teruel0412', 'gebaker2', 'joseneto096', 'h217832', 'callanf26', 'rkrish52', 'bhaberae', 'pedro55889', 'i217944', 'guilgs', 'dvoskineli', 'v225302', 'c214620', 'pedro_sesti']"
64,578,19,15,12,"['sanamurtaza', 'mball', 'harryjhr6', 'mengyue', 'macaulay.harvey', 'mgarayt', 'brett.macneil5', 'farrant.aiden', 'tangben.ucas', 'jaydeshmukh08', 'anuadamson', 'miyesven']",6,"['zhouxl', 'mariajo.cadena', 'jakob_van_de_laar', 'wmypdd', 'phonebox4153', 'kreplak']",3,"['laurie.carrier78', None, 'mohammad.rafiee72']",21,"['harryjhr6', 'mengyue', 'macaulay.harvey', 'mgarayt', 'laurie.carrier78', 'jakob_van_de_laar', 'brett.macneil5', 'tangben.ucas', 'jaydeshmukh08', 'anuadamson', 'phonebox4153', 'kreplak', None, 'mohammad.rafiee72', 'mball', 'sanamurtaza', 'zhouxl', 'mariajo.cadena', 'wmypdd', 'farrant.aiden', 'miyesven']"
64,577,19,11,9,"['mball', 'harryjhr6', 'anuadamson', 'mgarayt', 'brett.macneil5', 'farrant.aiden', 'tangben.ucas', 'phonebox4153', 'kreplak']",9,"['sanamurtaza', 'mengyue', 'zhouxl', 'macaulay.harvey', 'mariajo.cadena', 'jakob_van_de_laar', 'wmypdd', 'jaydeshmukh08', 'miyesven']",2,"['laurie.carrier78', None]",20,"['harryjhr6', 'mengyue', 'macaulay.harvey', 'mgarayt', 'laurie.carrier78', 'jakob_van_de_laar', 'brett.macneil5', 'tangben.ucas', 'jaydeshmukh08', 'anuadamson', 'phonebox4153', 'kreplak', None, 'mball', 'sanamurtaza', 'zhouxl', 'mariajo.cadena', 'wmypdd', 'farrant.aiden', 'miyesven']"
65,524,19,52,18,"['cassy5801', 'mlouloupide', 'rcgarcia3', 'jjsilva', 'mtejada', 'jmguillen', 'scobos4', 'eamartinez18', 'dehodgson', 'vgomez25', 'maortiz17', 'coramirez', 'giopr720', 'dalvarado19', 'jalonso9', 'renemolina23', 'glam', 'mlara11']",0,[],34,"['johnp99', 'dguerra2', 'jagarcia64', 'lperea3', 'joshuachanez', 'dacamachoor', 'jadorantes2', 'aestrada19', 'ajuarezald', 'javaladezar', 'nalopez8', 'ezubiate2', 'dflores45', 'owood', 'haacevedore', 'daguilar17', 'camendoza12', 'jnava4', 'anajera7', 'cfbenitez', 'ediaz25', 'cafrayre', 'dperezgonz', 'magarza', 'eenriquez14', None, 'ogalindo', 'aacosta66', 'jrmeraz1', 'aespinal', 'ojchan', 'crysdbz.22', 'sanchez_kevin', 'rramirez57']",52,"['dguerra2', 'jagarcia64', 'eamartinez18', 'joshuachanez', 'dacamachoor', 'dehodgson', 'jadorantes2', 'mlouloupide', 'aestrada19', 'ajuarezald', 'nalopez8', 'glam', 'owood', 'daguilar17', 'jjsilva', 'jnava4', 'dperezgonz', 'maortiz17', 'eenriquez14', 'rcgarcia3', 'aacosta66', 'mtejada', 'jrmeraz1', 'aespinal', 'ojchan', 'crysdbz.22', 'sanchez_kevin', 'mlara11', 'johnp99', 'jmguillen', 'lperea3', 'coramirez', 'cassy5801', 'javaladezar', 'ezubiate2', 'dflores45', 'dalvarado19', 'renemolina23', 'haacevedore', 'camendoza12', 'anajera7', 'cfbenitez', 'ediaz25', 'cafrayre', 'vgomez25', 'giopr720', 'magarza', 'jalonso9', None, 'ogalindo', 'scobos4', 'rramirez57']"
65,175,19,34,18,"['cassy5801', 'mlouloupide', 'rcgarcia3', 'jjsilva', 'mtejada', 'jmguillen', 'scobos4', 'eamartinez18', 'dehodgson', 'vgomez25', 'maortiz17', 'coramirez', 'giopr720', 'dalvarado19', 'jalonso9', 'renemolina23', 'glam', 'mlara11']",0,[],16,"['ogalindo', 'aestrada19', 'camendoza12', 'jnava4', 'jrmeraz1', 'aespinal', 'lperea3', 'javaladezar', 'pagrant', 'sanchez_kevin', 'nalopez8', 'dflores45', 'magarza', 'eenriquez14', None, 'owood']",34,"['jmguillen', 'eamartinez18', 'lperea3', 'dehodgson', 'coramirez', 'cassy5801', 'mlouloupide', 'aestrada19', 'javaladezar', 'pagrant', 'nalopez8', 'dflores45', 'glam', 'dalvarado19', 'renemolina23', 'owood', 'camendoza12', 'jjsilva', 'jnava4', 'vgomez25', 'maortiz17', 'giopr720', 'magarza', 'jalonso9', 'eenriquez14', None, 'ogalindo', 'rcgarcia3', 'mtejada', 'jrmeraz1', 'aespinal', 'scobos4', 'sanchez_kevin', 'mlara11']"
65,105,19,33,15,"['cassy5801', 'mlouloupide', 'rcgarcia3', 'jjsilva', 'mtejada', 'jmguillen', 'scobos4', 'vgomez25', 'maortiz17', 'coramirez', 'giopr720', 'jalonso9', 'renemolina23', 'glam', 'mlara11']",3,"['dalvarado19', 'dehodgson', 'eamartinez18']",18,"['johnp99', 'haacevedore', 'ogalindo', 'mttomlinson', 'dguerra2', 'jnava4', 'ediaz25', 'jrmeraz1', 'isoto17', 'joshuachanez', 'cafrayre', 'sanchez_kevin', 'nalopez8', 'crysdbz.22', 'saad_7', 'magarza', 'eenriquez14', None]",36,"['johnp99', 'mttomlinson', 'dguerra2', 'jmguillen', 'eamartinez18', 'joshuachanez', 'dehodgson', 'coramirez', 'cassy5801', 'mlouloupide', 'isoto17', 'nalopez8', 'glam', 'dalvarado19', 'renemolina23', 'haacevedore', 'jjsilva', 'jnava4', 'ediaz25', 'cafrayre', 'vgomez25', 'maortiz17', 'giopr720', 'magarza', 'jalonso9', 'eenriquez14', None, 'ogalindo', 'rcgarcia3', 'mtejada', 'jrmeraz1', 'scobos4', 'crysdbz.22', 'saad_7', 'sanchez_kevin', 'mlara11']"
65,176,19,8,4,"['dalvarado19', 'dehodgson', 'jalonso9', 'renemolina23']",14,"['cassy5801', 'mlouloupide', 'rcgarcia3', 'jjsilva', 'mtejada', 'jmguillen', 'scobos4', 'eamartinez18', 'vgomez25', 'maortiz17', 'coramirez', 'giopr720', 'glam', 'mlara11']",4,"[None, 'sanchez_kevin', 'jrmeraz1', 'nalopez8']",22,"['jjsilva', 'jmguillen', 'eamartinez18', 'dehodgson', 'vgomez25', 'maortiz17', 'coramirez', 'giopr720', 'jalonso9', None, 'cassy5801', 'mlouloupide', 'rcgarcia3', 'mtejada', 'jrmeraz1', 'scobos4', 'nalopez8', 'glam', 'dalvarado19', 'sanchez_kevin', 'renemolina23', 'mlara11']"
65,529,19,8,4,"['dalvarado19', 'dehodgson', 'jalonso9', 'renemolina23']",14,"['cassy5801', 'mlouloupide', 'rcgarcia3', 'jjsilva', 'mtejada', 'jmguillen', 'scobos4', 'eamartinez18', 'vgomez25', 'maortiz17', 'coramirez', 'giopr720', 'glam', 'mlara11']",4,"['eenriquez14', 'sanchez_kevin', 'jrmeraz1', None]",22,"['jjsilva', 'jmguillen', 'eamartinez18', 'dehodgson', 'vgomez25', 'maortiz17', 'coramirez', 'giopr720', 'jalonso9', 'eenriquez14', None, 'cassy5801', 'mlouloupide', 'rcgarcia3', 'mtejada', 'jrmeraz1', 'scobos4', 'glam', 'dalvarado19', 'sanchez_kevin', 'renemolina23', 'mlara11']"
65,106,19,7,1,['dalvarado19'],17,"['cassy5801', 'mlouloupide', 'rcgarcia3', 'jjsilva', 'mtejada', 'jmguillen', 'scobos4', 'eamartinez18', 'dehodgson', 'vgomez25', 'maortiz17', 'coramirez', 'giopr720', 'jalonso9', 'renemolina23', 'glam', 'mlara11']",6,"['jnava4', 'jrmeraz1', 'sanchez_kevin', 'nalopez8', 'eenriquez14', None]",24,"['jjsilva', 'jnava4', 'jmguillen', 'eamartinez18', 'dehodgson', 'vgomez25', 'maortiz17', 'coramirez', 'giopr720', 'jalonso9', 'eenriquez14', None, 'cassy5801', 'mlouloupide', 'rcgarcia3', 'mtejada', 'jrmeraz1', 'scobos4', 'nalopez8', 'glam', 'dalvarado19', 'sanchez_kevin', 'renemolina23', 'mlara11']"
66,584,18,22,17,"['liam_h', 'aaronpearre', 'zhengk3', 'reichf10', 'keblinski', 'wangh32', 'warhawks27', 'dhullneha27', 'xwang0076', 'fortie', 'michaelbagdasarian', 'zhus7', 'zhl1198542451', 'jessb2018', 'rossm5', 'zhangzhihao0616', 'ejtang1234']",0,[],5,"['gomezax23', 'ethantetteh', 'isaactam20', 'haucka', None]",22,"['aaronpearre', 'gomezax23', 'zhengk3', 'reichf10', 'dhullneha27', 'xwang0076', 'haucka', 'ejtang1234', 'wangh32', 'warhawks27', 'zhus7', 'rossm5', 'liam_h', 'zhl1198542451', 'jessb2018', 'zhangzhihao0616', None, 'ethantetteh', 'keblinski', 'fortie', 'michaelbagdasarian', 'isaactam20']"
66,581,18,21,16,"['liam_h', 'aaronpearre', 'zhengk3', 'keblinski', 'wangh32', 'warhawks27', 'dhullneha27', 'xwang0076', 'fortie', 'michaelbagdasarian', 'zhus7', 'zhl1198542451', 'jessb2018', 'rossm5', 'zhangzhihao0616', 'ejtang1234']",1,['reichf10'],5,"['gomezax23', 'isaactam20', 'haucka', 'avrac', None]",22,"['aaronpearre', 'gomezax23', 'zhengk3', 'reichf10', 'dhullneha27', 'xwang0076', 'haucka', 'ejtang1234', 'wangh32', 'warhawks27', 'zhus7', 'rossm5', 'avrac', 'liam_h', 'zhl1198542451', 'jessb2018', 'zhangzhihao0616', None, 'keblinski', 'fortie', 'michaelbagdasarian', 'isaactam20']"
66,369,18,19,14,"['liam_h', 'aaronpearre', 'zhengk3', 'reichf10', 'keblinski', 'warhawks27', 'dhullneha27', 'xwang0076', 'zhus7', 'zhl1198542451', 'jessb2018', 'rossm5', 'zhangzhihao0616', 'ejtang1234']",3,"['fortie', 'michaelbagdasarian', 'wangh32']",5,"['dgwthree', 'gomezax23', 'ethantetteh', 'haucka', None]",22,"['liam_h', 'aaronpearre', 'gomezax23', 'zhengk3', 'reichf10', 'dhullneha27', 'xwang0076', 'zhl1198542451', 'jessb2018', 'haucka', 'zhangzhihao0616', None, 'ejtang1234', 'dgwthree', 'ethantetteh', 'keblinski', 'wangh32', 'warhawks27', 'fortie', 'michaelbagdasarian', 'zhus7', 'rossm5']"
66,582,18,17,13,"['aaronpearre', 'zhengk3', 'reichf10', 'warhawks27', 'wangh32', 'dhullneha27', 'xwang0076', 'fortie', 'michaelbagdasarian', 'zhl1198542451', 'rossm5', 'zhangzhihao0616', 'ejtang1234']",4,"['keblinski', 'zhus7', 'liam_h', 'jessb2018']",4,"['haucka', None, 'gomezax23', 'ethantetteh']",21,"['liam_h', 'aaronpearre', 'gomezax23', 'zhengk3', 'reichf10', 'dhullneha27', 'xwang0076', 'zhl1198542451', 'jessb2018', 'haucka', 'zhangzhihao0616', None, 'ejtang1234', 'ethantetteh', 'keblinski', 'wangh32', 'warhawks27', 'fortie', 'michaelbagdasarian', 'zhus7', 'rossm5']"
66,372,18,13,10,"['aaronpearre', 'zhengk3', 'warhawks27', 'wangh32', 'xwang0076', 'dhullneha27', 'zhus7', 'zhl1198542451', 'zhangzhihao0616', 'ejtang1234']",7,"['liam_h', 'reichf10', 'keblinski', 'fortie', 'michaelbagdasarian', 'jessb2018', 'rossm5']",3,"['haucka', None, 'gomezax23']",20,"['liam_h', 'aaronpearre', 'gomezax23', 'zhengk3', 'reichf10', 'dhullneha27', 'xwang0076', 'zhl1198542451', 'jessb2018', 'haucka', 'zhangzhihao0616', None, 'ejtang1234', 'keblinski', 'wangh32', 'warhawks27', 'fortie', 'michaelbagdasarian', 'zhus7', 'rossm5']"
67,146,18,32,17,"['yixuan_liu', 'wwwwkkkk', 'luwei111', 'chenyiqian', 'mofan', 'luojianbin', 'panyibo', 'liqin01', 'guohao', 'beatricewww', 'msl1997', 'yuezhou', 'sjdwithms', 'shangchaolin', 'lvxiaojn', 'caimengke', 'kunqian']",0,[],15,"['hh', 'zqy061901', 'yufeisheng97', 'wreck530', 'youjinfang', 'sjtumsl97', 'guomengdi', 'qilanting', 'joshuaxu', 'yueqizhao', 'zhaozelin2000', 'fuquan111', 'lizp93', None, 'praysh']",32,"['wwwwkkkk', 'hh', 'wreck530', 'qilanting', 'luojianbin', 'guohao', 'sjdwithms', 'beatricewww', 'kunqian', 'zqy061901', 'sjtumsl97', 'joshuaxu', 'msl1997', 'fuquan111', 'lizp93', 'lvxiaojn', 'caimengke', 'praysh', 'yixuan_liu', 'luwei111', 'yufeisheng97', 'guomengdi', 'mofan', 'panyibo', 'yueqizhao', 'zhaozelin2000', 'liqin01', None, 'youjinfang', 'chenyiqian', 'yuezhou', 'shangchaolin']"
67,561,18,13,6,"['wwwwkkkk', 'panyibo', 'liqin01', 'guohao', 'beatricewww', 'shangchaolin']",11,"['yixuan_liu', 'luwei111', 'chenyiqian', 'mofan', 'luojianbin', 'msl1997', 'yuezhou', 'sjdwithms', 'lvxiaojn', 'caimengke', 'kunqian']",7,"['zqy061901', 'youjinfang', 'wreck530', 'yueqizhao', 'zhaozelin2000', 'lizp93', None]",24,"['yixuan_liu', 'wwwwkkkk', 'luwei111', 'wreck530', 'mofan', 'luojianbin', 'panyibo', 'yueqizhao', 'zhaozelin2000', 'guohao', 'sjdwithms', 'beatricewww', 'liqin01', None, 'kunqian', 'zqy061901', 'youjinfang', 'chenyiqian', 'msl1997', 'lizp93', 'yuezhou', 'shangchaolin', 'lvxiaojn', 'caimengke']"
69,450,17,104,8,"['quovadis17', 'banerjee', 'ojas12', 'merttuna026', 'avinash0909123', 'furkan.kuruoglu', 'tobre1', 'schojoh']",8,"['sparsh.dawra', 'sanchit.m', 'siddhesh.kanawade', 't21135', 'vishal.raja', 'wosilu', 'pboix', 'abhinavkumar1']",96,"['maf2299', 'ren0225', 'transalper', 'zla23', 'kbb00008', 'jayb', 'huntermoorega98', 'agfa192090', 'kmorr171', 'emilianomolinab', 'anettemata', 'anva1564', 'sandip83', 'bernd.schoenfelder93', 'danielchun_nanohub', 'btayo202', 'gollner.laura', 'jonahwill992', 'kosiunigwe', 'stro1188', 'lylekam99', 'guzkevin', 'arletteramirez060', 'magiccarpetride', 'rebeccamac127', 'ccanongo12', 'mnmanley23', 'midr8234', 'hy2562', 'evelynlhu', 'vs00016', 'kajagoogoo', 'em3354', 'hj2588', 'jongsick', 'vector.wang', 'areda', 'faridhudda999', 'jmoodini', 'lmelican', 'smoon1008', 'jeption2020', 'carlosa.rios.24', 'mig38011', 'ml4719', 'hannia008', 'cameronframpton', 'alokpradhan001', 'mi381969', 'jora5626', 'ethan850', 'mb4884', 'krish222', 'snapierjr', 'krishna.jhuma17', 'dmaldonado497', 'gamahlstultz', 'mchaudhery13', 'sambabler', 'maycosamuel189739', 'jjboereau', 'mohmedhosam1986', 'stoneralexis', 'theo61812', 'jyy2138', 'jimenezph', 'geniuslb12345', 'cosm3320', 'mdt2999h', 'davidmoyo96', 'chco7711', 'lh3116', 'onursoysal92', 'ikeachioke99', 'eduardo05', 'ap3924', 'josh_mp5', 'felucco', 'zhang260321', 'si00003', 'shawn2k99', 'sgu20201433', 'alwa2786', 'asy2126', None, 'sakshisawai', 'ska2143', 'gulnuravci', 'jungsungbin5210', 'jrbelt1', 'cogr8767', 'schreib6', 'shikhamarwaha', 'sesh9366', 'xg2383', 'ldesanti']",112,"['maf2299', 'ren0225', 'transalper', 'banerjee', 'zla23', 'kbb00008', 'jayb', 'huntermoorega98', 'agfa192090', 'kmorr171', 'emilianomolinab', 'anettemata', 'anva1564', 'sandip83', 'bernd.schoenfelder93', 'danielchun_nanohub', 'btayo202', 'gollner.laura', 'jonahwill992', 'sparsh.dawra', 'kosiunigwe', 'stro1188', 'lylekam99', 'guzkevin', 'arletteramirez060', 'magiccarpetride', 'tobre1', 'rebeccamac127', 'ccanongo12', 'siddhesh.kanawade', 'abhinavkumar1', 'mnmanley23', 'midr8234', 'sanchit.m', 'hy2562', 'ojas12', 'evelynlhu', 'vs00016', 't21135', 'kajagoogoo', 'em3354', 'hj2588', 'jongsick', 'vector.wang', 'areda', 'faridhudda999', 'jmoodini', 'lmelican', 'smoon1008', 'jeption2020', 'carlosa.rios.24', 'mig38011', 'ml4719', 'hannia008', 'cameronframpton', 'alokpradhan001', 'mi381969', 'jora5626', 'ethan850', 'mb4884', 'krish222', 'snapierjr', 'wosilu', 'krishna.jhuma17', 'dmaldonado497', 'gamahlstultz', 'mchaudhery13', 'sambabler', 'maycosamuel189739', 'jjboereau', 'mohmedhosam1986', 'stoneralexis', 'theo61812', 'schojoh', 'jyy2138', 'jimenezph', 'geniuslb12345', 'cosm3320', 'mdt2999h', 'quovadis17', 'davidmoyo96', 'chco7711', 'lh3116', 'onursoysal92', 'vishal.raja', 'ikeachioke99', 'eduardo05', 'pboix', 'ap3924', 'josh_mp5', 'felucco', 'zhang260321', 'si00003', 'shawn2k99', 'sgu20201433', 'avinash0909123', 'alwa2786', 'asy2126', None, 'sakshisawai', 'ska2143', 'gulnuravci', 'jungsungbin5210', 'merttuna026', 'jrbelt1', 'furkan.kuruoglu', 'cogr8767', 'schreib6', 'shikhamarwaha', 'sesh9366', 'xg2383', 'ldesanti']"
69,464,17,60,3,"['avinash0909123', 'schojoh', 'pboix']",13,"['sparsh.dawra', 'quovadis17', 'banerjee', 'sanchit.m', 'ojas12', 'siddhesh.kanawade', 't21135', 'merttuna026', 'furkan.kuruoglu', 'vishal.raja', 'tobre1', 'wosilu', 'abhinavkumar1']",57,"['mohamed_ahmed_kamal', 'lado.filipovic', 'gekco', 'carolinegirgis20', 'sgu20171339', 'drivet927', 'kimdc0134', 'sgu20201501', 'mkmbzm', 'abdelrhmangaber', 'billkim', 'chinnery', 'mohmedhosam1986', 'rolagerab', 'bernd.schoenfelder93', 'rawanhishaam', 'gollner.laura', 'luca.cappelletto.1', 'augustm706', 'knavid', 'sakethchandra', 'conch9674', 'medomohamed3213', 'sgu20191385', 'ahmed9891', 'sa3dmohamedsa3dmohamed12', 'yousefelwalid', 'alessandro.pilotto', 'abdelrahmanmohyoussef', 'memc6367', 'rana_sakr', 'ayman.mahmoud104', 'matteo.bono01', 'zhang260321', 'tifa27sherif', 'mohammedkaramali1', 'sgu20201433', 'sgu20171341', 'yasmeen44', 'sgu20192113', 'sgu20181503', 'rxpeng97', 'ahmedsalah_65', 'mahmoudehab30', 'tarek.ahmed.hussein99', 'kimgyu', None, 'dinu', 'zika144', 'albertogc2211', 'ahmedamer', 'jungsungbin5210', 'dafrawy21', 'sgu20201463', 'ssohila422', 'egraugnard', 'kimos32']",73,"['lado.filipovic', 'mohamed_ahmed_kamal', 'banerjee', 'gekco', 'drivet927', 'sgu20201501', 'billkim', 'chinnery', 'bernd.schoenfelder93', 'gollner.laura', 'sparsh.dawra', 'augustm706', 'knavid', 'medomohamed3213', 'ahmed9891', 'tobre1', 'alessandro.pilotto', 'siddhesh.kanawade', 'abhinavkumar1', 'abdelrahmanmohyoussef', 'memc6367', 'rana_sakr', 'sanchit.m', 'ayman.mahmoud104', 'ojas12', 'matteo.bono01', 'mohammedkaramali1', 'yasmeen44', 't21135', 'sgu20181503', 'rxpeng97', 'ahmedsalah_65', 'mahmoudehab30', 'kimgyu', 'dinu', 'wosilu', 'carolinegirgis20', 'sgu20171339', 'kimdc0134', 'mkmbzm', 'abdelrhmangaber', 'mohmedhosam1986', 'rawanhishaam', 'rolagerab', 'schojoh', 'luca.cappelletto.1', 'quovadis17', 'sakethchandra', 'conch9674', 'sgu20191385', 'vishal.raja', 'sa3dmohamedsa3dmohamed12', 'yousefelwalid', 'pboix', 'zhang260321', 'tifa27sherif', 'sgu20171341', 'sgu20201433', 'sgu20192113', 'avinash0909123', 'tarek.ahmed.hussein99', None, 'zika144', 'albertogc2211', 'ahmedamer', 'jungsungbin5210', 'merttuna026', 'dafrawy21', 'sgu20201463', 'furkan.kuruoglu', 'ssohila422', 'egraugnard', 'kimos32']"
69,460,17,35,5,"['sanchit.m', 'ojas12', 'vishal.raja', 'abhinavkumar1', 'siddhesh.kanawade']",11,"['sparsh.dawra', 'quovadis17', 'banerjee', 'merttuna026', 't21135', 'avinash0909123', 'furkan.kuruoglu', 'schojoh', 'tobre1', 'wosilu', 'pboix']",30,"['shubham.bp', 'anilkataria2002', 'tanmay1882', 'parmar.vishal', 'shailya', 'karan762', 'shah.neel', 'aditi_dey29', 'sukanya.more', 'riya.dhantoliya1403', 'santhosh.cc', 'ruchit422', 'md.hassan', 'sirichandana12', 'ayushsrivastava', 'tanvi.sanandiya', 'daniel.giftson', 'jinay.dagli', 'yogeshkhandelwal', 'yaswanthmittapalli', None, 'ekansh.bansal', 'jajoria_kuldeep', 'sandeep.patel', 'bhujbal.aditya', 'gali.sunny', 'r.yeeshu', 'pushpendra.pratap', 'mann.jain', 'niteshmaurya']",46,"['banerjee', 'shubham.bp', 'anilkataria2002', 'tanmay1882', 'parmar.vishal', 'shailya', 'karan762', 'shah.neel', 'schojoh', 'sparsh.dawra', 'aditi_dey29', 'sukanya.more', 'quovadis17', 'riya.dhantoliya1403', 'santhosh.cc', 'ruchit422', 'vishal.raja', 'md.hassan', 'sirichandana12', 'tobre1', 'pboix', 'siddhesh.kanawade', 'abhinavkumar1', 'ayushsrivastava', 'sanchit.m', 'tanvi.sanandiya', 'ojas12', 'daniel.giftson', 't21135', 'avinash0909123', 'jinay.dagli', 'yogeshkhandelwal', 'yaswanthmittapalli', None, 'ekansh.bansal', 'jajoria_kuldeep', 'sandeep.patel', 'bhujbal.aditya', 'gali.sunny', 'merttuna026', 'r.yeeshu', 'pushpendra.pratap', 'furkan.kuruoglu', 'mann.jain', 'niteshmaurya', 'wosilu']"
69,420,17,7,3,"['ojas12', 'abhinavkumar1', 'siddhesh.kanawade']",13,"['sparsh.dawra', 'quovadis17', 'banerjee', 'sanchit.m', 't21135', 'merttuna026', 'avinash0909123', 'furkan.kuruoglu', 'vishal.raja', 'schojoh', 'tobre1', 'wosilu', 'pboix']",4,"[None, 'sakshisawai', 'alokpradhan001', 'yaswanthmittapalli']",20,"['banerjee', 'sanchit.m', 'ojas12', 't21135', 'avinash0909123', 'yaswanthmittapalli', 'sakshisawai', 'siddhesh.kanawade', 'schojoh', None, 'sparsh.dawra', 'quovadis17', 'alokpradhan001', 'merttuna026', 'furkan.kuruoglu', 'vishal.raja', 'tobre1', 'wosilu', 'pboix', 'abhinavkumar1']"
70,397,16,23,13,"['wdbrenne', 'chenlina', 'kmlewell', 'josiphil', 'hartmnat', 'tbalson', 'skaneda', 'eseliger', 'joshgrim', 'petersgm', 'nrujoshi', 'gjmaxey', 'bjsauter']",2,"['ntprobst', 'slungu']",10,"['mathcancer', 'annbrink', 'aeseraia', 'kalkonst', 'cvrydagh', 'lbsnyder', 'ooreilly', 'oalhajer', 'scorpio102', None]",25,"['slungu', 'nrujoshi', 'oalhajer', 'chenlina', 'kmlewell', 'hartmnat', 'kalkonst', 'ooreilly', 'ntprobst', 'wdbrenne', 'aeseraia', 'skaneda', 'lbsnyder', 'eseliger', 'gjmaxey', 'scorpio102', 'bjsauter', None, 'josiphil', 'mathcancer', 'annbrink', 'tbalson', 'cvrydagh', 'joshgrim', 'petersgm']"
72,30,15,219,13,"['junn9916', 'homme0214', 'poby', 'wolol005', 'yjiwan0913', 'sasso47523', 'mindk24', 'zneet456', 'ilkwang', 'b815180', 'minyeong', 'buggyjuggy97', 'seunghun4757']",1,['yujin'],206,"['sgu20171541', 'khw971011', 'beoungwoo', 'aatony', 'sgu20191457', 'sgu20191451', 'sgu20171492', 'sgu20161553', 'sgu20171556', 'sgu20191490', 'sgu20201443', 'sgu20191469', 'songhobin', 'sgu20171502', 'sgu20191494', 'tmdgus4284', 'b715112', 'jskim159', 'pky2237', 'sgu20161455', 'sgu20151313', 'sgu20161519', 'sgu20171594', 'b735544', 'ml935450', 'sgu20161460', 'sgu20201465', 'sgu20171523', 'sgu20151447', 'jjh684212', 'sgu20151482', 'goodjh120', 'sgu20181503', 'wutdreheram0905', 'sgu20171497', 'sgu20171501', 'mw1155000', 'sgu20192127', 'sgu20171557', 'sgu20171584', 'wjdrms9897', 'sgu20201507', 'sgu20171535', 'sgu20171579', 'ascendtobe', 'sgu20171582', 'wodbs', 'sgu20192007', 'sgu20171524', 'sgu20171513', 'kimjaewook5834', 'onion1228', 'sgu20171503', 'geunwonjeong', 'pij33278', 'hck23', 'sgu20191509', 'sgu20171546', 'sgu20191462', 'dlstn3460', 'sgu20181487', 'sgu20170241', 'dlsrb0521', 'spaget23', 'sgu20161489', 'jaeyun0709', 'sgu20171570', 'qkrrjsxor12', 'sgu20181499', 'daniel223977', 'sgu20181521', 'sgu20161547', 'taegun', 'sgu20141431', 'sgu20191492', 'sgu20201527', 'sgu20171341', 'sgu20201433', 'mingee0740', 'chj20151375', 'sgu20181333', 'sgu20161481', 'sgu20181515', 'yoodabin', None, 'sgu20181509', 'sgu20171585', 'mingi1226', 'sgu20171335', 'sgu20161475', 'b815018', 'sgu20181513', 'sgu20171583', 'sgu20191305', 'sgu20161537', 'halynyu', 'sgu20171517', 'sgu20181523', 'sgu20171510', 'leejongmin', 'sgu20191489', 'wlsdn0820', 'sgu20201501', 'sgu20161513', 'chojunhee', 'sgu20181479', 'qudgur96', 'sgu20171499', 'sgu20161526', 'sgu20171512', 'jihyun', 'sgu20161486', 'joy34box', 'sgu20171549', 'sgu20161454', 'aksmf98', 'sgu20171350', 'dlrbgur008', 'sgu20171567', 'sgu20201497', 'sgu20181583', 'bigwishwing', 'omeg_on', 'sgu20182197', 'sgu20191543', 'sgu20181511', 'yoona8', 'sgu20151202', 'sgu20161518', 'parkinsu', 'sgu20201475', 'bingsoo', 'sgu20191523', 'sgu20171911', 'sgu20181579', 'kimjaeho608', 'duonduon', 'tntjd3007', 'sgu20181480', 'minsuk', 'sgu20171533', 'sgu20151421', 'sgu20171544', 'b715052', 'sgu20171521', 'sgu20171339', 'sgu20191333', 'sgu20171536', 'kimdc0134', 'taehojung', 'sgu20171548', 'sgu20201533', 'sgu20201531', 'ittopsk', 'hcha71', 'sgu20191487', 'sgu20191453', 'ktj061860', 'sgu20171564', 'sgu20171525', 'sgu20171553', 'sgu20181535', 'sgu20161551', 'sgu20201459', 'tkdgjs68', 'ktj08310806', 'sgu20201511', 'sgu20191385', 'sgu20171530', 'sgu20171551', 'sgu20191455', 'rudtjr987', 'sgu20171597', 'sgu20171575', 'sgu20191461', 'sanghoon21547', 'sgu20171560', 'sgu20192113', 'hyeonho', 'jonnyi961', 'sgu20201479', 'sgu20171897', 'buggyjuggy', 'thjung', 'a01088393779', 'bswbsj18', 'sgu20181357', 'vyg1014', 'sgu20171593', 'kyj0603', 'tomas9159', 'sgu20181557', 'sgu20171516', 'sgu20141341', 'sgu20161997', 'jihongkim', 'xconanx98', 'sgu20171506', 'sgu20201521', 'seokkyu', 'sgu20201463', 'sgu20171576', 'sgu20171843', 'sgu20171534', 'sgu20181489', 'skdywaw1']",220,"['sgu20171541', 'khw971011', 'beoungwoo', 'aatony', 'sgu20191457', 'sgu20191451', 'ilkwang', 'sgu20171492', 'sgu20161553', 'sgu20171556', 'sgu20191490', 'sgu20201443', 'sgu20191469', 'songhobin', 'sgu20171502', 'sgu20191494', 'tmdgus4284', 'b715112', 'jskim159', 'pky2237', 'sgu20161455', 'sgu20151313', 'sgu20161519', 'sgu20171594', 'b735544', 'ml935450', 'sgu20161460', 'sgu20201465', 'sgu20171523', 'sgu20151447', 'jjh684212', 'sgu20151482', 'goodjh120', 'sgu20181503', 'wutdreheram0905', 'yjiwan0913', 'sgu20171497', 'sgu20171501', 'mw1155000', 'sgu20192127', 'sgu20171557', 'sgu20171584', 'wjdrms9897', 'sgu20201507', 'sgu20171535', 'sgu20171579', 'ascendtobe', 'sgu20171582', 'wodbs', 'sgu20192007', 'sgu20171524', 'sgu20171513', 'kimjaewook5834', 'onion1228', 'sgu20171503', 'geunwonjeong', 'sasso47523', 'yujin', 'pij33278', 'hck23', 'sgu20191509', 'sgu20171546', 'sgu20191462', 'junn9916', 'dlstn3460', 'sgu20181487', 'sgu20170241', 'dlsrb0521', 'spaget23', 'sgu20161489', 'jaeyun0709', 'sgu20171570', 'qkrrjsxor12', 'sgu20181499', 'daniel223977', 'sgu20181521', 'sgu20161547', 'taegun', 'sgu20141431', 'sgu20191492', 'sgu20201527', 'sgu20171341', 'sgu20201433', 'mingee0740', 'chj20151375', 'sgu20181333', 'sgu20161481', 'sgu20181515', 'yoodabin', None, 'sgu20181509', 'sgu20171585', 'mingi1226', 'sgu20171335', 'sgu20161475', 'wolol005', 'b815018', 'sgu20181513', 'sgu20171583', 'sgu20191305', 'sgu20161537', 'halynyu', 'sgu20171517', 'sgu20181523', 'sgu20171510', 'leejongmin', 'sgu20191489', 'wlsdn0820', 'sgu20201501', 'sgu20161513', 'chojunhee', 'sgu20181479', 'qudgur96', 'sgu20171499', 'sgu20161526', 'sgu20171512', 'jihyun', 'sgu20161486', 'joy34box', 'sgu20171549', 'sgu20161454', 'poby', 'mindk24', 'aksmf98', 'sgu20171350', 'dlrbgur008', 'sgu20171567', 'sgu20201497', 'sgu20181583', 'bigwishwing', 'omeg_on', 'sgu20182197', 'sgu20181489', 'sgu20191543', 'sgu20181511', 'yoona8', 'sgu20151202', 'sgu20161518', 'parkinsu', 'sgu20201475', 'bingsoo', 'sgu20191523', 'sgu20171911', 'sgu20181579', 'kimjaeho608', 'duonduon', 'b815180', 'tntjd3007', 'sgu20181480', 'minsuk', 'sgu20171533', 'sgu20151421', 'sgu20171544', 'b715052', 'sgu20171521', 'sgu20171339', 'homme0214', 'sgu20191333', 'sgu20171536', 'kimdc0134', 'taehojung', 'sgu20171548', 'sgu20201533', 'sgu20201531', 'minyeong', 'ittopsk', 'hcha71', 'sgu20191487', 'sgu20191453', 'ktj061860', 'sgu20171564', 'sgu20171525', 'sgu20171553', 'sgu20181535', 'sgu20161551', 'sgu20201459', 'tkdgjs68', 'ktj08310806', 'sgu20201511', 'sgu20191385', 'sgu20171530', 'sgu20171551', 'sgu20191455', 'rudtjr987', 'sgu20171597', 'sgu20171575', 'sgu20191461', 'sanghoon21547', 'sgu20171560', 'sgu20192113', 'hyeonho', 'jonnyi961', 'sgu20201479', 'sgu20171897', 'buggyjuggy', 'thjung', 'a01088393779', 'seunghun4757', 'bswbsj18', 'sgu20181357', 'vyg1014', 'sgu20171593', 'kyj0603', 'tomas9159', 'sgu20181557', 'sgu20171516', 'sgu20141341', 'sgu20161997', 'jihongkim', 'xconanx98', 'sgu20171506', 'sgu20201521', 'seokkyu', 'sgu20201463', 'sgu20171576', 'sgu20171843', 'zneet456', 'sgu20171534', 'buggyjuggy97', 'skdywaw1']"
72,438,15,47,12,"['junn9916', 'homme0214', 'poby', 'wolol005', 'yjiwan0913', 'sasso47523', 'mindk24', 'zneet456', 'ilkwang', 'b815180', 'minyeong', 'yujin']",2,"['buggyjuggy97', 'seunghun4757']",35,"['ee20btech11028', 'geunwonjeong', 'ee20btech11038', 'ee20btech11039', 'ee20btech11040', 'aivergar', 'ojiow', 'teruel0412', 'ee20btech11046', 'h217832', 'bhaberae', 'pedro55889', 'i217944', 'jaeyun0709', 'pedro_sesti', 'searguet', 'daniel223977', 'hrushikesh007', 'gabrielap450', 'claybuster715', 'carvalhopatrick', 'tnfssc', 'cmerril3', 'r186168', None, 'yasaswini', 'gebaker2', 'ee20btech11011', 'mjlong7', 'pranathi_007', 'v225302', 'dvoskineli', 'sesh9366', 'c214620', 'daniel.robin22']",49,"['ee20btech11028', 'homme0214', 'geunwonjeong', 'ee20btech11038', 'sasso47523', 'ee20btech11039', 'ee20btech11040', 'ilkwang', 'minyeong', 'yujin', 'aivergar', 'ojiow', 'teruel0412', 'junn9916', 'poby', 'ee20btech11046', 'h217832', 'bhaberae', 'mindk24', 'pedro55889', 'i217944', 'jaeyun0709', 'pedro_sesti', 'searguet', 'daniel223977', 'hrushikesh007', 'gabrielap450', 'claybuster715', 'carvalhopatrick', 'tnfssc', 'cmerril3', 'r186168', 'yjiwan0913', None, 'seunghun4757', 'yasaswini', 'gebaker2', 'ee20btech11011', 'mjlong7', 'pranathi_007', 'wolol005', 'v225302', 'zneet456', 'b815180', 'buggyjuggy97', 'dvoskineli', 'sesh9366', 'c214620', 'daniel.robin22']"
72,26,15,19,11,"['junn9916', 'homme0214', 'poby', 'wolol005', 'mindk24', 'zneet456', 'ilkwang', 'b815180', 'minyeong', 'buggyjuggy97', 'seunghun4757']",3,"['yjiwan0913', 'yujin', 'sasso47523']",8,"['ktj061860', 'ojiow', 'daniel223977', 'spaget23', 'pjw96', 'jaeyun0709', None, 'wodbs']",22,"['homme0214', 'sasso47523', 'ilkwang', 'minyeong', 'yujin', 'ktj061860', 'ojiow', 'junn9916', 'poby', 'mindk24', 'spaget23', 'jaeyun0709', 'pjw96', 'daniel223977', 'yjiwan0913', None, 'seunghun4757', 'wolol005', 'zneet456', 'b815180', 'buggyjuggy97', 'wodbs']"
72,22,15,18,12,"['junn9916', 'homme0214', 'poby', 'wolol005', 'sasso47523', 'mindk24', 'zneet456', 'buggyjuggy97', 'ilkwang', 'b815180', 'yujin', 'seunghun4757']",2,"['yjiwan0913', 'minyeong']",6,"['ktj061860', 'ojiow', 'geunwonjeong', 'wjd7373', None, 'wodbs']",20,"['homme0214', 'geunwonjeong', 'sasso47523', 'ilkwang', 'minyeong', 'yujin', 'ktj061860', 'ojiow', 'junn9916', 'poby', 'mindk24', 'wjd7373', 'yjiwan0913', None, 'seunghun4757', 'wolol005', 'zneet456', 'b815180', 'buggyjuggy97', 'wodbs']"
72,25,15,17,11,"['junn9916', 'homme0214', 'poby', 'wolol005', 'sasso47523', 'buggyjuggy97', 'zneet456', 'ilkwang', 'b815180', 'yujin', 'seunghun4757']",3,"['yjiwan0913', 'minyeong', 'mindk24']",6,"['ktj061860', 'ojiow', 'geunwonjeong', 'wjd7373', 'jaeyun0709', None]",20,"['homme0214', 'geunwonjeong', 'sasso47523', 'ilkwang', 'wjd7373', 'minyeong', 'yujin', 'yjiwan0913', None, 'seunghun4757', 'ktj061860', 'ojiow', 'junn9916', 'poby', 'wolol005', 'mindk24', 'zneet456', 'b815180', 'buggyjuggy97', 'jaeyun0709']"
72,15,15,16,10,"['junn9916', 'homme0214', 'poby', 'wolol005', 'sasso47523', 'zneet456', 'ilkwang', 'b815180', 'buggyjuggy97', 'seunghun4757']",4,"['yjiwan0913', 'minyeong', 'yujin', 'mindk24']",6,"['ktj061860', 'ojiow', 'geunwonjeong', 'wjd7373', 'jaeyun0709', None]",20,"['homme0214', 'geunwonjeong', 'sasso47523', 'ilkwang', 'wjd7373', 'minyeong', 'yujin', 'yjiwan0913', None, 'seunghun4757', 'ktj061860', 'ojiow', 'junn9916', 'poby', 'wolol005', 'mindk24', 'zneet456', 'b815180', 'buggyjuggy97', 'jaeyun0709']"
72,14,15,15,9,"['junn9916', 'homme0214', 'poby', 'wolol005', 'sasso47523', 'zneet456', 'ilkwang', 'b815180', 'buggyjuggy97']",5,"['yujin', 'mindk24', 'yjiwan0913', 'minyeong', 'seunghun4757']",6,"['ojiow', 'daniel223977', 'geunwonjeong', 'wjd7373', 'jaeyun0709', None]",20,"['daniel223977', 'homme0214', 'geunwonjeong', 'sasso47523', 'ilkwang', 'wjd7373', 'minyeong', 'yujin', 'yjiwan0913', None, 'seunghun4757', 'ojiow', 'junn9916', 'poby', 'wolol005', 'mindk24', 'zneet456', 'b815180', 'buggyjuggy97', 'jaeyun0709']"
72,411,15,15,9,"['junn9916', 'homme0214', 'poby', 'wolol005', 'sasso47523', 'zneet456', 'ilkwang', 'b815180', 'buggyjuggy97']",5,"['yujin', 'mindk24', 'yjiwan0913', 'minyeong', 'seunghun4757']",6,"['ojiow', 'daniel223977', 'geunwonjeong', 'wjd7373', 'jaeyun0709', None]",20,"['daniel223977', 'homme0214', 'geunwonjeong', 'sasso47523', 'ilkwang', 'wjd7373', 'minyeong', 'yujin', 'yjiwan0913', None, 'seunghun4757', 'ojiow', 'junn9916', 'poby', 'wolol005', 'mindk24', 'zneet456', 'b815180', 'buggyjuggy97', 'jaeyun0709']"
73,86,15,25,3,"['khaledelmorsy976', 'yahyaelsi60', 'baselahmed397']",11,"['ahmeddorgham779', 'boodykhaled198', 'elgazarkarim47', 'rabeashrief', 'ahmednasef2003', 'kareemtarek', 'mahmoudamer01', 'hossamhilmi12', 'maboelenin', 'awaaad528', 'ziadseria6']",22,"['ahmedgbr2050', 'ebrahimabdelrazik', 'habiba.saeed03', 'omaramara50', 'mohamed_nagy', 'khaledatia25', 'aabbnnaasseerr', 'nfayez', 'almaken99', 'ahmedhussein', 'mtaify', 'faresfouda88', 'momar4799', 'nourhantawfiq', 'agagmohamed', 'yomnaalsayedyahya', 'dremadmostafa', 'xo', 'tokaemadco', None, 'salma_elhosiny30', 'yosefsoliman']",36,"['ahmedgbr2050', 'ebrahimabdelrazik', 'habiba.saeed03', 'omaramara50', 'mohamed_nagy', 'khaledatia25', 'ziadseria6', 'khaledelmorsy976', 'aabbnnaasseerr', 'nfayez', 'almaken99', 'ahmednasef2003', 'ahmedhussein', 'mtaify', 'baselahmed397', 'faresfouda88', 'momar4799', 'nourhantawfiq', 'agagmohamed', 'ahmeddorgham779', 'boodykhaled198', 'yomnaalsayedyahya', 'dremadmostafa', 'elgazarkarim47', 'hossamhilmi12', 'mahmoudamer01', 'xo', 'awaaad528', 'tokaemadco', None, 'salma_elhosiny30', 'rabeashrief', 'kareemtarek', 'yahyaelsi60', 'maboelenin', 'yosefsoliman']"
73,141,15,23,3,"['khaledelmorsy976', 'yahyaelsi60', 'baselahmed397']",11,"['ahmeddorgham779', 'boodykhaled198', 'elgazarkarim47', 'rabeashrief', 'ahmednasef2003', 'kareemtarek', 'mahmoudamer01', 'hossamhilmi12', 'maboelenin', 'awaaad528', 'ziadseria6']",20,"['ahmedgbr2050', 'ebrahimabdelrazik', 'asoomsweet23', 'habiba.saeed03', 'omaramara50', 'mohamed_nagy', 'aabbnnaasseerr', 'salmaeltahhan2', 'almaken99', 'ahmedhussein', 'mtaify', 'faresfouda88', 'momar4799', 'nourhantawfiq', 'agagmohamed', 'dremadmostafa', 'xo', None, 'salma_elhosiny30', 'yosefsoliman']",34,"['ahmedgbr2050', 'ebrahimabdelrazik', 'asoomsweet23', 'habiba.saeed03', 'omaramara50', 'mohamed_nagy', 'ziadseria6', 'khaledelmorsy976', 'aabbnnaasseerr', 'salmaeltahhan2', 'almaken99', 'ahmednasef2003', 'ahmedhussein', 'mtaify', 'baselahmed397', 'faresfouda88', 'momar4799', 'nourhantawfiq', 'agagmohamed', 'ahmeddorgham779', 'boodykhaled198', 'dremadmostafa', 'elgazarkarim47', 'hossamhilmi12', 'mahmoudamer01', 'xo', 'awaaad528', None, 'salma_elhosiny30', 'rabeashrief', 'kareemtarek', 'yahyaelsi60', 'maboelenin', 'yosefsoliman']"
73,142,15,15,1,['rabeashrief'],13,"['khaledelmorsy976', 'ahmeddorgham779', 'boodykhaled198', 'elgazarkarim47', 'ahmednasef2003', 'kareemtarek', 'mahmoudamer01', 'hossamhilmi12', 'yahyaelsi60', 'maboelenin', 'awaaad528', 'baselahmed397', 'ziadseria6']",14,"['muhmmadmahmoud', 'roaa.fouda2', 'mohamedibr', 'nfayez', 'mohadel', 'asoomsweet23', 'asta.yami1123', 'osaad432002', 'nahoolaf', '2003tasneemelyamany', 'danabelal00', None, 'elsayedibrahim442002', 'ahmedsami']",28,"['muhmmadmahmoud', 'ahmeddorgham779', 'mohamedibr', 'boodykhaled198', 'elgazarkarim47', 'hossamhilmi12', 'mahmoudamer01', 'asoomsweet23', 'asta.yami1123', '2003tasneemelyamany', 'awaaad528', None, 'elsayedibrahim442002', 'ziadseria6', 'ahmedsami', 'khaledelmorsy976', 'roaa.fouda2', 'nfayez', 'mohadel', 'rabeashrief', 'ahmednasef2003', 'kareemtarek', 'osaad432002', 'nahoolaf', 'yahyaelsi60', 'maboelenin', 'danabelal00', 'baselahmed397']"
73,427,15,15,2,"['khaledelmorsy976', 'yahyaelsi60']",12,"['ahmeddorgham779', 'boodykhaled198', 'elgazarkarim47', 'rabeashrief', 'ahmednasef2003', 'kareemtarek', 'mahmoudamer01', 'hossamhilmi12', 'maboelenin', 'awaaad528', 'baselahmed397', 'ziadseria6']",13,"['ahmedaboelnasr2001', 'salma_elhosiny30', 'ahmedgbr2050', 'nfayez', 'ebrahimabdelrazik', None, 'almaken99', 'xo', 'agagmohamed', 'omaramara50', 'momar4799', 'nourhantawfiq', 'km5779402']",27,"['ahmeddorgham779', 'boodykhaled198', 'ahmedgbr2050', 'ebrahimabdelrazik', 'elgazarkarim47', 'hossamhilmi12', 'mahmoudamer01', 'xo', 'awaaad528', 'omaramara50', None, 'ziadseria6', 'km5779402', 'khaledelmorsy976', 'ahmedaboelnasr2001', 'salma_elhosiny30', 'nfayez', 'almaken99', 'rabeashrief', 'ahmednasef2003', 'kareemtarek', 'yahyaelsi60', 'maboelenin', 'baselahmed397', 'momar4799', 'nourhantawfiq', 'agagmohamed']"
73,87,15,12,1,['rabeashrief'],13,"['khaledelmorsy976', 'ahmeddorgham779', 'boodykhaled198', 'elgazarkarim47', 'ahmednasef2003', 'kareemtarek', 'mahmoudamer01', 'hossamhilmi12', 'yahyaelsi60', 'maboelenin', 'awaaad528', 'baselahmed397', 'ziadseria6']",11,"['roaa.fouda2', 'nfayez', 'mohadel', 'asoomsweet23', 'asta.yami1123', 'nahoolaf', '2003tasneemelyamany', 'danabelal00', None, 'elsayedibrahim442002', 'ahmedsami']",25,"['ahmeddorgham779', 'boodykhaled198', 'elgazarkarim47', 'hossamhilmi12', 'mahmoudamer01', 'asoomsweet23', 'asta.yami1123', '2003tasneemelyamany', 'awaaad528', None, 'elsayedibrahim442002', 'ziadseria6', 'ahmedsami', 'khaledelmorsy976', 'roaa.fouda2', 'nfayez', 'mohadel', 'rabeashrief', 'ahmednasef2003', 'kareemtarek', 'nahoolaf', 'yahyaelsi60', 'maboelenin', 'danabelal00', 'baselahmed397']"
73,428,15,7,1,['rabeashrief'],13,"['khaledelmorsy976', 'ahmeddorgham779', 'boodykhaled198', 'elgazarkarim47', 'ahmednasef2003', 'kareemtarek', 'mahmoudamer01', 'hossamhilmi12', 'yahyaelsi60', 'maboelenin', 'awaaad528', 'baselahmed397', 'ziadseria6']",6,"['mohamedibr', 'mohadel', 'asta.yami1123', 'osaad432002', None, 'elsayedibrahim442002']",20,"['ahmeddorgham779', 'mohamedibr', 'boodykhaled198', 'elgazarkarim47', 'hossamhilmi12', 'mahmoudamer01', 'asta.yami1123', 'awaaad528', None, 'elsayedibrahim442002', 'ziadseria6', 'khaledelmorsy976', 'mohadel', 'rabeashrief', 'ahmednasef2003', 'kareemtarek', 'osaad432002', 'yahyaelsi60', 'maboelenin', 'baselahmed397']"
74,498,15,14,11,"['mitanoshi', 'penswen', 'maesunbae', 'rakib51', 'apennycuick', 'yzm19900301', 'lc968', 'chemistman99', 'carolineadams49', 'nadiasharpe', 'mp3224']",3,"['fthibaud95', 'lian.farhadian', 'anissh2411']",3,"['asinhee18', 'mjw6172', None]",17,"['mitanoshi', 'maesunbae', 'mjw6172', 'lc968', 'chemistman99', 'anissh2411', 'fthibaud95', 'mp3224', None, 'penswen', 'rakib51', 'apennycuick', 'yzm19900301', 'asinhee18', 'lian.farhadian', 'carolineadams49', 'nadiasharpe']"
76,220,15,110,4,"['jbarsima', 'cmousoul', 'dewey2', 'jhartl']",10,"['agalarza0015', 'raphaelbdeoliveira', 'hunt136', 'estebanmanomo', 'alma.pineiro1', 'ananias', 'cisabelgarcia278', 'nayeli.hndz23', 'timothydevis', 'rzwart']",106,"['chen2122', 'shah714', 'villal', 'lawren83', 'nottinge', 'deshpa31', 'ticody', 'gtorresr', 'kappaswa', 'snowling', 'biswas34', 'coverstr', 'hnowak', 'mart1282', 'pandey39', 'fish15', 'ryan103', 'juanjuanlu28', 'aloysius', 'rortague', 'alafzi', 'mhoeper', 'nh_engagement', 'chientzulin', 'patel632', 'arora152', 'farentz', 'dritchi', 'mahm', 'gupta768', 'aafriat', 'carrollg', 'leonar37', 'mcclurez', 'efoesch', 'perrinm', 'dfarache', 'singla2', 'rciez2125', 'frankzhou', 'kezra', 'deshmukg', 'faltens', 'john2811', 'thafner', 'shanks5', 'dminnich', 'jcrosmer', 'reppertm', 'oaljowai', 'aprahara', 'zhan4096', 'iyer95', 'jlthrock', 'lu448', 'wishard', 'mbeckeme', 'aponkshe', 'tmahlma', 'jverduzc', 'rcampbel', 'pandes', 'rapplet', 'walla110', 'qu34', 'smoranka', 'kumar537', 'sdhamank', 'jwaimin', 'ye280', '3ksnn64', 'sulli256', 'solimana', 'leebh_purdue2021', 'ahads', 'nandya', 'naik26', 'knordyke', 'tremblay', 'kamath10', 'artheria', 'hmackins', 'trived12', 'mishra94', 'aramkum', 'bstegma', 'klein108', 'ubajwa', 'tshivam4', 'darint916', 'psalek', 'mkalenty', 'woods158', 'sonid', None, 'jwat', 'kaushala', 'fixa', 'hou111', 'sharm524', 'vadabala', 'tschoste', 'lkanwar', 'nykiel.4', 'gnishibu', 'blackwer']",120,"['chen2122', 'shah714', 'villal', 'lawren83', 'nottinge', 'deshpa31', 'ticody', 'gtorresr', 'kappaswa', 'snowling', 'biswas34', 'coverstr', 'hnowak', 'mart1282', 'pandey39', 'fish15', 'ryan103', 'juanjuanlu28', 'aloysius', 'nayeli.hndz23', 'rortague', 'alafzi', 'mhoeper', 'nh_engagement', 'chientzulin', 'patel632', 'jhartl', 'rzwart', 'agalarza0015', 'raphaelbdeoliveira', 'arora152', 'farentz', 'dritchi', 'mahm', 'gupta768', 'estebanmanomo', 'aafriat', 'carrollg', 'leonar37', 'mcclurez', 'efoesch', 'perrinm', 'dfarache', 'singla2', 'rciez2125', 'frankzhou', 'kezra', 'deshmukg', 'faltens', 'john2811', 'thafner', 'shanks5', 'dminnich', 'jcrosmer', 'reppertm', 'cisabelgarcia278', 'oaljowai', 'aprahara', 'zhan4096', 'iyer95', 'jlthrock', 'lu448', 'wishard', 'mbeckeme', 'aponkshe', 'tmahlma', 'jverduzc', 'rcampbel', 'alma.pineiro1', 'pandes', 'rapplet', 'walla110', 'timothydevis', 'qu34', 'smoranka', 'jbarsima', 'kumar537', 'sdhamank', 'jwaimin', 'ye280', '3ksnn64', 'sulli256', 'solimana', 'leebh_purdue2021', 'ahads', 'nandya', 'naik26', 'ananias', 'knordyke', 'tremblay', 'kamath10', 'artheria', 'dewey2', 'hmackins', 'hunt136', 'trived12', 'mishra94', 'aramkum', 'bstegma', 'klein108', 'ubajwa', 'tshivam4', 'darint916', 'psalek', 'mkalenty', 'woods158', 'cmousoul', 'sonid', None, 'jwat', 'kaushala', 'fixa', 'hou111', 'sharm524', 'vadabala', 'tschoste', 'lkanwar', 'nykiel.4', 'gnishibu', 'blackwer']"
76,235,15,101,1,['jbarsima'],13,"['agalarza0015', 'raphaelbdeoliveira', 'hunt136', 'estebanmanomo', 'alma.pineiro1', 'ananias', 'cisabelgarcia278', 'nayeli.hndz23', 'timothydevis', 'cmousoul', 'dewey2', 'jhartl', 'rzwart']",100,"['chen2122', 'shah714', 'villal', 'lawren83', 'hashmi0', 'nottinge', 'deshpa31', 'ticody', 'gtorresr', 'kappaswa', 'atrikana', 'snowling', 'biswas34', 'coverstr', 'hnowak', 'pawar10', 'mart1282', 'pandey39', 'aloysius', 'alafzi', 'mhoeper', 'chientzulin', 'patel632', 'arora152', 'farentz', 'dritchi', 'mahm', 'gupta768', 'aafriat', 'carrollg', 'leonar37', 'mcclurez', 'yjzhuang5', 'efoesch', 'perrinm', 'dfarache', 'singla2', 'frankzhou', 'deshmukg', 'pmangana', 'john2811', 'thafner', 'dminnich', 'jcrosmer', 'avongun', 'reppertm', 'oaljowai', 'zhan4151', 'aprahara', 'zhan4096', 'jlthrock', 'wishard', 'mbeckeme', 'tmahlma', 'jverduzc', 'ercikan', 'rcampbel', 'rapplet', 'walla110', 'qu34', 'kumar537', 'ye280', 'sulli256', 'solimana', 'leebh_purdue2021', 'ahads', 'nandya', 'knordyke', 'yao201', 'kamath10', 'artheria', 'skunapul1508', 'banerj43', 'trived12', 'mishra94', 'aramkum', 'bstegma', 'ubajwa', 'darint916', 'psalek', 'mkalenty', 'sonid', None, 'dgilley', 'kaushala', 'fixa', 'eowang', 'hou111', 'sharm524', 'paul115', 'jie.roger.zhu', 'ethan2', 'tschoste', 'lkanwar', 'mwoulfe', 'nykiel.4', 'gnishibu', 'hguangshuai', 'marisol', 'blackwer']",114,"['chen2122', 'shah714', 'villal', 'lawren83', 'hashmi0', 'nottinge', 'deshpa31', 'ticody', 'gtorresr', 'kappaswa', 'atrikana', 'snowling', 'biswas34', 'coverstr', 'hnowak', 'pawar10', 'mart1282', 'pandey39', 'aloysius', 'nayeli.hndz23', 'alafzi', 'mhoeper', 'chientzulin', 'patel632', 'jhartl', 'rzwart', 'agalarza0015', 'raphaelbdeoliveira', 'arora152', 'farentz', 'dritchi', 'mahm', 'gupta768', 'estebanmanomo', 'aafriat', 'carrollg', 'leonar37', 'mcclurez', 'yjzhuang5', 'efoesch', 'perrinm', 'dfarache', 'singla2', 'frankzhou', 'deshmukg', 'pmangana', 'john2811', 'thafner', 'dminnich', 'jcrosmer', 'avongun', 'reppertm', 'cisabelgarcia278', 'oaljowai', 'zhan4151', 'aprahara', 'zhan4096', 'jlthrock', 'wishard', 'mbeckeme', 'tmahlma', 'jverduzc', 'ercikan', 'rcampbel', 'alma.pineiro1', 'rapplet', 'walla110', 'timothydevis', 'qu34', 'jbarsima', 'kumar537', 'ye280', 'sulli256', 'solimana', 'leebh_purdue2021', 'ahads', 'nandya', 'ananias', 'knordyke', 'yao201', 'kamath10', 'artheria', 'skunapul1508', 'dewey2', 'banerj43', 'hunt136', 'trived12', 'mishra94', 'aramkum', 'bstegma', 'ubajwa', 'darint916', 'psalek', 'mkalenty', 'cmousoul', 'sonid', None, 'dgilley', 'kaushala', 'fixa', 'eowang', 'hou111', 'sharm524', 'paul115', 'jie.roger.zhu', 'ethan2', 'tschoste', 'lkanwar', 'mwoulfe', 'nykiel.4', 'gnishibu', 'hguangshuai', 'marisol', 'blackwer']"
76,226,15,8,1,['hunt136'],13,"['agalarza0015', 'raphaelbdeoliveira', 'estebanmanomo', 'alma.pineiro1', 'ananias', 'cisabelgarcia278', 'nayeli.hndz23', 'timothydevis', 'jbarsima', 'cmousoul', 'dewey2', 'jhartl', 'rzwart']",7,"[None, 'jhaugan', 'schipman', 'pheithof', 'lopez532', 'tiaracorchado2', 'landryj']",21,"['agalarza0015', 'raphaelbdeoliveira', 'hunt136', 'jhaugan', 'estebanmanomo', 'alma.pineiro1', 'pheithof', 'lopez532', 'timothydevis', 'jbarsima', 'cmousoul', None, 'schipman', 'ananias', 'cisabelgarcia278', 'nayeli.hndz23', 'tiaracorchado2', 'landryj', 'dewey2', 'jhartl', 'rzwart']"
76,230,15,7,1,['hunt136'],13,"['agalarza0015', 'raphaelbdeoliveira', 'estebanmanomo', 'alma.pineiro1', 'ananias', 'cisabelgarcia278', 'nayeli.hndz23', 'timothydevis', 'jbarsima', 'cmousoul', 'dewey2', 'jhartl', 'rzwart']",6,"['mfarnell', None, 'schipman', 'tschoste', 'lopez532', 'landryj']",20,"['agalarza0015', 'raphaelbdeoliveira', 'hunt136', 'estebanmanomo', 'alma.pineiro1', 'lopez532', 'timothydevis', 'jbarsima', 'cmousoul', None, 'mfarnell', 'schipman', 'ananias', 'cisabelgarcia278', 'tschoste', 'nayeli.hndz23', 'landryj', 'dewey2', 'jhartl', 'rzwart']"
76,227,15,6,1,['hunt136'],13,"['agalarza0015', 'raphaelbdeoliveira', 'estebanmanomo', 'alma.pineiro1', 'ananias', 'cisabelgarcia278', 'nayeli.hndz23', 'timothydevis', 'jbarsima', 'cmousoul', 'dewey2', 'jhartl', 'rzwart']",5,"['mfarnell', 'landryj', 'lopez532', 'tiaracorchado2', None]",19,"['agalarza0015', 'raphaelbdeoliveira', 'hunt136', 'estebanmanomo', 'alma.pineiro1', 'lopez532', 'timothydevis', 'jbarsima', 'cmousoul', None, 'mfarnell', 'ananias', 'cisabelgarcia278', 'nayeli.hndz23', 'tiaracorchado2', 'landryj', 'dewey2', 'jhartl', 'rzwart']"
77,330,15,103,4,"['moffatr', 'dleontar', 'lalmeid', 'larkin9']",10,"['mcgee60', 'abbas11', 'jonate', 'kbandukw', 'abonetav', 'cmagdall', 'pham39', 'toth39', 'dobbins0', 'kelsey7']",99,"['iparraga', 'jone2081', 'mart1731', 'rubenmendia', 'jharbers', 'isaiah.bap', 'jdamle', 'cdesser', 'ptrakarn', 'rsoltis', 'jpachol', 'little62', 'hanse145', 'young505', 'sdt09', 'malu', 'lin1121', 'taylorbaker914', 'murph376', 'yuan274', 'nsherma', 'cook323', 'aedowney', 'amullic', 'pierce95', 'npaulter', 'will1912', 'cooperford', 'jwang8', 'yujunhuang', 'ebowes', 'bai91', 'jiiihyeonnn', 'ramos78', 'dgada', 'aroychow', 'slazaroa', 'jamorant', 'wen101', 'jptruitt', 'cobert', 'jain378', 'mahmoon', 'nss', 'dbukows', 'djharrington19', 'wgraber', 'pkradas', 'mframan', 'msavchen', 'nvansal', 'agrama64', 'isaacwegner', 'ysethi', 'erickst', 'mozlu', 'llem868737', 'rccorahu', 'hyltonk', 'rmascare', 'gjekel', 'ekrizman01', 'smit3520', 'avneesh123', 'nscanlon', 'pakhilesh2604', 'mkosmerl', 'pandya11', 'thoma805', 'daniel.al.hagedorn', 'madeleiney', 'sanch207', 'jboos', 'bush75', 'liu2730', 'rgodjali', 'breigle08', 'sdumouli', 'bmathie', 'matthewos127', 'doerr2', 'shi522', 'ponsot', 'jstegner', None, 'pate1016', 'kabdelaz', 'rockytsaws', 'eschmit12', 'fangziqi325', 'sahajgoyal100', 'haynes45', 'chen3826', 'chang745', 'patrickcooney17', 'carril14', 'adellemurph18', 'meher311', 'kusk']",113,"['iparraga', 'abbas11', 'dleontar', 'jone2081', 'mart1731', 'rubenmendia', 'jharbers', 'isaiah.bap', 'jdamle', 'cdesser', 'abonetav', 'ptrakarn', 'rsoltis', 'cmagdall', 'jpachol', 'little62', 'hanse145', 'young505', 'sdt09', 'lalmeid', 'malu', 'lin1121', 'taylorbaker914', 'murph376', 'yuan274', 'kelsey7', 'nsherma', 'cook323', 'moffatr', 'aedowney', 'amullic', 'pierce95', 'npaulter', 'will1912', 'cooperford', 'jwang8', 'yujunhuang', 'ebowes', 'bai91', 'jiiihyeonnn', 'ramos78', 'dgada', 'aroychow', 'slazaroa', 'jamorant', 'wen101', 'jptruitt', 'cobert', 'dobbins0', 'jain378', 'mahmoon', 'nss', 'dbukows', 'djharrington19', 'wgraber', 'pkradas', 'mframan', 'msavchen', 'nvansal', 'agrama64', 'isaacwegner', 'ysethi', 'erickst', 'mozlu', 'mcgee60', 'llem868737', 'rccorahu', 'hyltonk', 'rmascare', 'gjekel', 'ekrizman01', 'smit3520', 'avneesh123', 'nscanlon', 'pakhilesh2604', 'mkosmerl', 'pandya11', 'thoma805', 'pham39', 'toth39', 'daniel.al.hagedorn', 'madeleiney', 'sanch207', 'jboos', 'bush75', 'larkin9', 'liu2730', 'rgodjali', 'breigle08', 'sdumouli', 'bmathie', 'matthewos127', 'doerr2', 'shi522', 'ponsot', 'jstegner', None, 'pate1016', 'kabdelaz', 'rockytsaws', 'eschmit12', 'fangziqi325', 'jonate', 'sahajgoyal100', 'kbandukw', 'chen3826', 'haynes45', 'chang745', 'patrickcooney17', 'carril14', 'adellemurph18', 'meher311', 'kusk']"
77,331,15,21,2,"['jonate', 'dobbins0']",12,"['abbas11', 'dleontar', 'lalmeid', 'larkin9', 'moffatr', 'kbandukw', 'abonetav', 'cmagdall', 'pham39', 'toth39', 'mcgee60', 'kelsey7']",19,"['tonywu123', 'graha165', 'agrama64', 'cartermh22', 'kamm', 'bdurkee', 'jascher', 'gsondge', 'tjgodse', 'dshining', 'jfinan', None, 'hmcmilli', 'pate1016', 'cfadel', 'ladd4', 'clolah', 'wen101', 'lee3541']",33,"['tonywu123', 'abbas11', 'dleontar', 'graha165', 'agrama64', 'cartermh22', 'abonetav', 'kamm', 'cmagdall', 'mcgee60', 'bdurkee', 'lalmeid', 'pham39', 'toth39', 'kelsey7', 'jascher', 'larkin9', 'gsondge', 'moffatr', 'tjgodse', 'dshining', 'jfinan', None, 'hmcmilli', 'pate1016', 'cfadel', 'ladd4', 'jonate', 'kbandukw', 'clolah', 'wen101', 'lee3541', 'dobbins0']"
77,327,15,20,2,"['toth39', 'kelsey7']",12,"['mcgee60', 'abbas11', 'dleontar', 'lalmeid', 'larkin9', 'moffatr', 'jonate', 'kbandukw', 'abonetav', 'cmagdall', 'pham39', 'dobbins0']",18,"['jain378', 'bush75', 'jone2081', 'pate1037', 'jascher', 'aedowney', 'mframan', 'anand50', 'mviscido37', 'tkkoller', 'chang745', 'kfitzha', 'taylorbaker914', 'bruns18', 'cobert', None, 'mahmoon', 'dcrossla']",32,"['abbas11', 'dleontar', 'jone2081', 'pate1037', 'mframan', 'mviscido37', 'abonetav', 'cmagdall', 'bruns18', 'mcgee60', 'dcrossla', 'jain378', 'lalmeid', 'taylorbaker914', 'pham39', 'toth39', 'kelsey7', 'bush75', 'jascher', 'larkin9', 'moffatr', 'aedowney', None, 'jonate', 'anand50', 'kbandukw', 'tkkoller', 'chang745', 'kfitzha', 'cobert', 'dobbins0', 'mahmoon']"
77,326,15,13,1,['dobbins0'],13,"['abbas11', 'dleontar', 'lalmeid', 'larkin9', 'moffatr', 'jonate', 'kbandukw', 'abonetav', 'cmagdall', 'pham39', 'toth39', 'mcgee60', 'kelsey7']",12,"['cfadel', 'bush75', None, 'aedowney', 'chang745', 'avneesh123', 'bruns18', 'nguye676', 'cooperford', 'little62', 'chen2768', 'chasewikberg']",26,"['bush75', 'abbas11', 'dleontar', 'larkin9', 'moffatr', 'aedowney', 'abonetav', 'cmagdall', 'bruns18', 'nguye676', 'mcgee60', 'cooperford', None, 'little62', 'chen2768', 'cfadel', 'chasewikberg', 'lalmeid', 'jonate', 'kbandukw', 'chang745', 'avneesh123', 'pham39', 'toth39', 'dobbins0', 'kelsey7']"
78,200,14,7,3,"['gwenwhite', 'mahmoodmamivand', 'franklin02']",10,"['ddjmzhang', 'u1210599', 'gsingh36', 'rhiromoto78', 'merrimac', 'dylan.ge.gomes', 'h2chick', 'keji', 'munosalv', 'ehopki12']",4,"[None, 'michaeleppel', 'maiaketteridge', 'codylacoursiere']",17,"['ddjmzhang', 'gwenwhite', 'mahmoodmamivand', 'u1210599', 'gsingh36', 'franklin02', 'codylacoursiere', 'h2chick', None, 'munosalv', 'maiaketteridge', 'rhiromoto78', 'michaeleppel', 'merrimac', 'dylan.ge.gomes', 'keji', 'ehopki12']"
79,202,14,17,10,"['kschnittker', 'xhu296', 'lyu229', 'mjain26', 'jechavarrioc', 'stomps', 'ddmorgan', 'huangzhu', 'jdrichardso3', 'mli652']",3,"['nli72', 'r7aima', 'tkume98']",7,"[None, 'weijunpan', 'bafflerbach', 'ckim299', 'cli643', 'rahulgulati23', 'boonkert']",20,"['kschnittker', 'xhu296', 'r7aima', 'ckim299', None, 'mli652', 'boonkert', 'lyu229', 'weijunpan', 'mjain26', 'jechavarrioc', 'stomps', 'bafflerbach', 'nli72', 'ddmorgan', 'huangzhu', 'cli643', 'jdrichardso3', 'rahulgulati23', 'tkume98']"
79,239,14,14,10,"['kschnittker', 'xhu296', 'lyu229', 'mjain26', 'jechavarrioc', 'stomps', 'ddmorgan', 'huangzhu', 'jdrichardso3', 'mli652']",3,"['nli72', 'r7aima', 'tkume98']",4,"['ckim299', None, 'rahulgulati23', 'bafflerbach']",17,"['kschnittker', 'xhu296', 'r7aima', 'ckim299', None, 'mli652', 'lyu229', 'mjain26', 'jechavarrioc', 'stomps', 'bafflerbach', 'nli72', 'ddmorgan', 'huangzhu', 'jdrichardso3', 'rahulgulati23', 'tkume98']"
79,243,14,13,4,"['nli72', 'kschnittker', 'xhu296', 'mjain26']",9,"['lyu229', 'r7aima', 'jechavarrioc', 'stomps', 'ddmorgan', 'huangzhu', 'jdrichardso3', 'mli652', 'tkume98']",9,"['weijunpan', 'rmandyam', 'bafflerbach', 'pheithof', 'fwang263', 'klee539', 'mchang43', 'ckim299', None]",22,"['kschnittker', 'xhu296', 'r7aima', 'pheithof', 'klee539', 'ckim299', None, 'mli652', 'lyu229', 'weijunpan', 'rmandyam', 'mjain26', 'jechavarrioc', 'stomps', 'bafflerbach', 'nli72', 'fwang263', 'ddmorgan', 'mchang43', 'huangzhu', 'jdrichardso3', 'tkume98']"
79,241,14,12,7,"['kschnittker', 'jechavarrioc', 'stomps', 'nli72', 'jdrichardso3', 'mli652', 'huangzhu']",6,"['xhu296', 'lyu229', 'r7aima', 'ddmorgan', 'mjain26', 'tkume98']",5,"['rmandyam', 'pheithof', 'klee539', 'ckim299', None]",18,"['kschnittker', 'xhu296', 'r7aima', 'pheithof', 'klee539', 'ckim299', None, 'mli652', 'lyu229', 'rmandyam', 'mjain26', 'jechavarrioc', 'stomps', 'nli72', 'ddmorgan', 'huangzhu', 'jdrichardso3', 'tkume98']"
79,203,14,7,4,"['kschnittker', 'jechavarrioc', 'ddmorgan', 'jdrichardso3']",9,"['xhu296', 'lyu229', 'r7aima', 'mjain26', 'stomps', 'nli72', 'huangzhu', 'mli652', 'tkume98']",3,"['rahulgulati23', None, 'bafflerbach']",16,"['kschnittker', 'xhu296', 'r7aima', None, 'mli652', 'lyu229', 'mjain26', 'jechavarrioc', 'stomps', 'bafflerbach', 'nli72', 'ddmorgan', 'huangzhu', 'jdrichardso3', 'rahulgulati23', 'tkume98']"
81,572,14,22,13,"['zmauri', 'jarteaga1097', 'dvelazquez4', 'evazquez33', 'radyslavily', 'serickson3', 'nolanakelly', 'dilibertojared', 'upanta', 'adityaa', 'rmuoio117', 'zvonjena', 'khasin']",0,[],9,"['eguerrero23', 'dstrubbe', 'bbarriosmc', 'kuohanlin', 'msakib5', 'thespazmer', 'joloera00', 'mkhossain', None]",22,"['evazquez33', 'dilibertojared', 'dvelazquez4', 'msakib5', 'adityaa', 'joloera00', 'rmuoio117', 'mkhossain', 'dstrubbe', 'serickson3', 'upanta', None, 'khasin', 'zmauri', 'jarteaga1097', 'eguerrero23', 'bbarriosmc', 'radyslavily', 'nolanakelly', 'thespazmer', 'kuohanlin', 'zvonjena']"
81,554,14,18,12,"['zmauri', 'jarteaga1097', 'dvelazquez4', 'radyslavily', 'serickson3', 'nolanakelly', 'dilibertojared', 'upanta', 'adityaa', 'rmuoio117', 'zvonjena', 'khasin']",1,['evazquez33'],6,"['muzzakkir121', 'dstrubbe', 'joloera00', 'kuohanlin', 'elbvazqu', None]",19,"['dstrubbe', 'evazquez33', 'kuohanlin', 'serickson3', 'dilibertojared', 'upanta', None, 'khasin', 'zmauri', 'jarteaga1097', 'muzzakkir121', 'dvelazquez4', 'radyslavily', 'nolanakelly', 'adityaa', 'joloera00', 'rmuoio117', 'elbvazqu', 'zvonjena']"
81,571,14,17,12,"['zmauri', 'jarteaga1097', 'dvelazquez4', 'evazquez33', 'radyslavily', 'serickson3', 'nolanakelly', 'dilibertojared', 'adityaa', 'rmuoio117', 'zvonjena', 'khasin']",1,['upanta'],5,"['dstrubbe', 'kuohanlin', 'joloera00', 'mkhossain', None]",18,"['dstrubbe', 'evazquez33', 'kuohanlin', 'serickson3', 'dilibertojared', 'upanta', None, 'khasin', 'zmauri', 'jarteaga1097', 'dvelazquez4', 'radyslavily', 'mkhossain', 'nolanakelly', 'adityaa', 'joloera00', 'rmuoio117', 'zvonjena']"
81,555,14,16,11,"['zmauri', 'jarteaga1097', 'dvelazquez4', 'radyslavily', 'serickson3', 'nolanakelly', 'upanta', 'adityaa', 'rmuoio117', 'zvonjena', 'khasin']",2,"['evazquez33', 'dilibertojared']",5,"['dstrubbe', 'joloera00', 'kuohanlin', 'elbvazqu', None]",18,"['dstrubbe', 'evazquez33', 'kuohanlin', 'serickson3', 'dilibertojared', 'upanta', None, 'khasin', 'zmauri', 'jarteaga1097', 'dvelazquez4', 'radyslavily', 'nolanakelly', 'adityaa', 'joloera00', 'rmuoio117', 'elbvazqu', 'zvonjena']"
81,557,14,14,9,"['zmauri', 'jarteaga1097', 'dvelazquez4', 'serickson3', 'nolanakelly', 'dilibertojared', 'upanta', 'adityaa', 'zvonjena']",4,"['rmuoio117', 'evazquez33', 'khasin', 'radyslavily']",5,"['dstrubbe', 'joloera00', 'kuohanlin', 'elbvazqu', None]",18,"['dstrubbe', 'evazquez33', 'kuohanlin', 'serickson3', 'dilibertojared', 'upanta', None, 'khasin', 'zmauri', 'jarteaga1097', 'dvelazquez4', 'radyslavily', 'nolanakelly', 'adityaa', 'joloera00', 'rmuoio117', 'elbvazqu', 'zvonjena']"
81,559,14,14,10,"['zmauri', 'jarteaga1097', 'evazquez33', 'radyslavily', 'serickson3', 'nolanakelly', 'dilibertojared', 'upanta', 'rmuoio117', 'zvonjena']",3,"['dvelazquez4', 'khasin', 'adityaa']",4,"['joloera00', 'kuohanlin', None, 'dstrubbe']",17,"['dstrubbe', 'evazquez33', 'kuohanlin', 'serickson3', 'dilibertojared', 'upanta', None, 'khasin', 'zmauri', 'jarteaga1097', 'dvelazquez4', 'radyslavily', 'nolanakelly', 'adityaa', 'joloera00', 'rmuoio117', 'zvonjena']"
81,42,14,13,9,"['jarteaga1097', 'zmauri', 'dvelazquez4', 'upanta', 'dilibertojared', 'nolanakelly', 'serickson3', 'adityaa', 'zvonjena']",4,"['rmuoio117', 'evazquez33', 'khasin', 'radyslavily']",4,"['joloera00', 'elbvazqu', None, 'dstrubbe']",17,"['dstrubbe', 'evazquez33', 'serickson3', 'dilibertojared', 'upanta', None, 'khasin', 'zmauri', 'jarteaga1097', 'dvelazquez4', 'radyslavily', 'nolanakelly', 'adityaa', 'joloera00', 'rmuoio117', 'elbvazqu', 'zvonjena']"
81,567,14,13,10,"['jarteaga1097', 'zmauri', 'dvelazquez4', 'radyslavily', 'evazquez33', 'upanta', 'dilibertojared', 'nolanakelly', 'serickson3', 'zvonjena']",3,"['rmuoio117', 'khasin', 'adityaa']",3,"['kuohanlin', None, 'dstrubbe']",16,"['dstrubbe', 'evazquez33', 'kuohanlin', 'serickson3', 'dilibertojared', 'upanta', None, 'khasin', 'zmauri', 'jarteaga1097', 'dvelazquez4', 'radyslavily', 'nolanakelly', 'adityaa', 'rmuoio117', 'zvonjena']"
81,570,14,13,8,"['zmauri', 'dvelazquez4', 'evazquez33', 'radyslavily', 'upanta', 'nolanakelly', 'rmuoio117', 'zvonjena']",5,"['jarteaga1097', 'serickson3', 'dilibertojared', 'adityaa', 'khasin']",5,"['dstrubbe', 'mkhossain', 'joloera00', 'kuohanlin', None]",18,"['dstrubbe', 'evazquez33', 'kuohanlin', 'serickson3', 'dilibertojared', 'upanta', None, 'khasin', 'zmauri', 'jarteaga1097', 'dvelazquez4', 'radyslavily', 'mkhossain', 'nolanakelly', 'adityaa', 'joloera00', 'rmuoio117', 'zvonjena']"
82,201,14,25,12,"['vsagar', 'jlemma', 'tzou24', 'hko26', 'jschloesser', 'hsbhasin', 'jchen786', 'esalm3', 'dimapinchuk2001', 'jawolters', 'yeo9', 'nsimhadri']",1,['deliktasbabur68'],13,"['weijunpan', 'rmandyam', 'rarora23', 'bafflerbach', 'krusli', 'fwang263', 'rfoldhazi', 'mchang43', 'cli643', 'dandapantula', None, 'ywang2528', 'boonkert']",26,"['rarora23', 'krusli', 'jawolters', 'dandapantula', 'ywang2528', 'yeo9', 'weijunpan', 'jschloesser', 'hsbhasin', 'rfoldhazi', 'mchang43', 'deliktasbabur68', 'jlemma', 'tzou24', 'hko26', 'jchen786', 'dimapinchuk2001', None, 'boonkert', 'vsagar', 'rmandyam', 'bafflerbach', 'fwang263', 'esalm3', 'cli643', 'nsimhadri']"
82,231,14,21,12,"['vsagar', 'jlemma', 'tzou24', 'hko26', 'jschloesser', 'hsbhasin', 'jchen786', 'esalm3', 'dimapinchuk2001', 'jawolters', 'yeo9', 'nsimhadri']",1,['deliktasbabur68'],9,"['weijunpan', 'rmandyam', 'rarora23', 'pheithof', 'krusli', 'fwang263', 'mchang43', 'cli643', None]",22,"['rarora23', 'krusli', 'jawolters', 'yeo9', 'weijunpan', 'jschloesser', 'hsbhasin', 'mchang43', 'deliktasbabur68', 'jlemma', 'tzou24', 'hko26', 'pheithof', 'jchen786', 'dimapinchuk2001', None, 'vsagar', 'rmandyam', 'fwang263', 'esalm3', 'cli643', 'nsimhadri']"
82,229,14,7,2,"['jchen786', 'esalm3']",11,"['vsagar', 'jlemma', 'tzou24', 'hko26', 'jschloesser', 'hsbhasin', 'dimapinchuk2001', 'jawolters', 'deliktasbabur68', 'yeo9', 'nsimhadri']",5,"['bafflerbach', 'fwang263', 'mchang43', 'cli643', None]",18,"['jlemma', 'tzou24', 'hko26', 'jchen786', 'dimapinchuk2001', 'jawolters', None, 'yeo9', 'vsagar', 'bafflerbach', 'jschloesser', 'fwang263', 'hsbhasin', 'esalm3', 'mchang43', 'deliktasbabur68', 'cli643', 'nsimhadri']"
83,480,14,109,3,"['smanikka', 'kpimprikar', 'pate1421']",10,"['bforlano', 'zatnip', 'bbrenton', 'chadbell', 'chuck1106', 'nworley', 'briscoej7', 'jmarsico', 'mannana', 'jgoudy']",106,"['chen2122', 'kolispeter', 'shah714', 'villal', 'lawren83', 'nottinge', 'deshpa31', 'zheng528', 'joshludwigsen', 'ticody', 'gtorresr', 'kappaswa', 'dgoldst', 'coverstr', 'hnowak', 'pawar10', 'mart1282', 'pandey39', 'fish15', 'pnakate', 'quanz', 'mhoeper', 'patel632', 'arora152', 'farentz', 'dritchi', 'mahm', 'tanlyleo1994', 'he348', 'wang5071', 'gupta768', 'aafriat', 'carrollg', 'mshahin', 'leonar37', 'efoesch', 'perrinm', 'rciez2125', 'frankzhou', 'debnatha', 'marikow', 'hu769', 'ali181', 'john2811', 'thafner', 'dminnich', 'jcrosmer', 'oaljowai', 'agraw156', 'rranshin', 'mzhuang10003', 'liang160', 'huan1483', 'kornd', 'jlthrock', 'lu448', 'jain220', 'wishard', 'mshapoch', 'mbeckeme', 'aponkshe', 'ferdoush', 'tmahlma', 'pshenai', 'omorenof', 'pandes', 'ucotul', 'walla110', 'kumar537', 'kulkar70', 'wang5239', 'ye280', 'xu1377', 'chinmayeemujumdar', 'solimana', 'asangamn', 'nandya', 'pwalimbe', 'fische90', 'dasika8', 'kamath10', 'artheria', 'skunapul1508', 'abaniiss', 'skhawal', 'trived12', 'chaudh44', 'shah721', 'aramkum', 'ubajwa', 'mkalenty', 'sonid', None, 'kaushala', 'hesquiv', 'hou111', 'sharm524', 'rabhiji', 'reid73', 'vadabala', 'tschoste', 'lkanwar', 'sung66', 'parikh54', 'marisol', 'blackwer']",119,"['chen2122', 'kolispeter', 'shah714', 'villal', 'lawren83', 'nottinge', 'deshpa31', 'zheng528', 'joshludwigsen', 'ticody', 'gtorresr', 'kappaswa', 'mannana', 'dgoldst', 'coverstr', 'hnowak', 'pawar10', 'mart1282', 'pandey39', 'bbrenton', 'fish15', 'kpimprikar', 'pnakate', 'quanz', 'mhoeper', 'patel632', 'arora152', 'farentz', 'dritchi', 'mahm', 'tanlyleo1994', 'he348', 'wang5071', 'gupta768', 'aafriat', 'carrollg', 'mshahin', 'leonar37', 'efoesch', 'perrinm', 'rciez2125', 'frankzhou', 'debnatha', 'marikow', 'hu769', 'ali181', 'john2811', 'thafner', 'dminnich', 'jcrosmer', 'oaljowai', 'agraw156', 'rranshin', 'briscoej7', 'mzhuang10003', 'liang160', 'huan1483', 'kornd', 'jlthrock', 'lu448', 'jain220', 'wishard', 'mshapoch', 'jgoudy', 'mbeckeme', 'aponkshe', 'ferdoush', 'tmahlma', 'zatnip', 'pshenai', 'omorenof', 'pandes', 'ucotul', 'walla110', 'kumar537', 'kulkar70', 'wang5239', 'ye280', 'smanikka', 'xu1377', 'chinmayeemujumdar', 'bforlano', 'solimana', 'asangamn', 'pate1421', 'nandya', 'pwalimbe', 'fische90', 'dasika8', 'kamath10', 'artheria', 'skunapul1508', 'abaniiss', 'skhawal', 'trived12', 'chaudh44', 'chadbell', 'shah721', 'aramkum', 'nworley', 'ubajwa', 'mkalenty', 'sonid', None, 'kaushala', 'hesquiv', 'hou111', 'sharm524', 'rabhiji', 'reid73', 'vadabala', 'tschoste', 'chuck1106', 'lkanwar', 'sung66', 'jmarsico', 'parikh54', 'marisol', 'blackwer']"
83,481,14,22,3,"['jgoudy', 'kpimprikar', 'chuck1106']",10,"['smanikka', 'bforlano', 'zatnip', 'pate1421', 'bbrenton', 'chadbell', 'nworley', 'briscoej7', 'jmarsico', 'mannana']",19,"['moenchd', 'shah714', 'cibowman', 'kumar537', 'nbarbie', 'asangamn', 'schipman', 'suh73', 'skaphle', 'jyinglin', 'secripe', 'pheithof', 'hu769', 'marikow', 'mkalenty', None, 'rkillen', 'tao37', 'parikh54']",32,"['moenchd', 'shah714', 'cibowman', 'zatnip', 'mannana', 'kumar537', 'nbarbie', 'smanikka', 'bforlano', 'asangamn', 'pate1421', 'bbrenton', 'schipman', 'kpimprikar', 'suh73', 'skaphle', 'jyinglin', 'chadbell', 'secripe', 'pheithof', 'nworley', 'marikow', 'hu769', 'mkalenty', None, 'rkillen', 'tao37', 'chuck1106', 'briscoej7', 'jmarsico', 'parikh54', 'jgoudy']"
83,482,14,22,1,['pate1421'],12,"['smanikka', 'bforlano', 'zatnip', 'bbrenton', 'chadbell', 'kpimprikar', 'chuck1106', 'nworley', 'briscoej7', 'jmarsico', 'mannana', 'jgoudy']",21,"['chen2122', 'tmahlma', 'pshenai', 'zheng528', 'joshludwigsen', 'ticody', 'walla110', 'kappaswa', 'wang5240', 'pwalimbe', 'dasika8', 'quanz', 'artheria', 'dritchi', 'trived12', None, 'ali181', 'reid73', 'john2573', 'kornd', 'marisol']",34,"['chen2122', 'tmahlma', 'zatnip', 'pshenai', 'zheng528', 'joshludwigsen', 'ticody', 'walla110', 'kappaswa', 'mannana', 'smanikka', 'bforlano', 'pate1421', 'bbrenton', 'wang5240', 'pwalimbe', 'dasika8', 'kpimprikar', 'quanz', 'artheria', 'dritchi', 'trived12', 'chadbell', 'marisol', 'nworley', None, 'ali181', 'reid73', 'chuck1106', 'john2573', 'briscoej7', 'jmarsico', 'kornd', 'jgoudy']"
84,361,14,15,12,"['rgebara', 'tkulka', 'msherman2', 'chorn', 'rrose', 'mcurtis', 'bwills', 'cray', 'ccaldwel1', 'csaustin256', 'tfoley', 'zalzayer']",1,['hschafer'],3,"[None, 'hjiang', 'rflorence']",16,"['rgebara', 'msherman2', 'mcurtis', 'cray', 'ccaldwel1', None, 'zalzayer', 'tkulka', 'chorn', 'rrose', 'hschafer', 'hjiang', 'rflorence', 'bwills', 'csaustin256', 'tfoley']"
84,115,14,14,12,"['rgebara', 'tkulka', 'msherman2', 'chorn', 'rrose', 'mcurtis', 'bwills', 'cray', 'ccaldwel1', 'csaustin256', 'tfoley', 'zalzayer']",1,['hschafer'],2,"[None, 'skohn']",15,"['rgebara', 'msherman2', 'mcurtis', 'cray', 'ccaldwel1', None, 'zalzayer', 'tkulka', 'chorn', 'skohn', 'rrose', 'hschafer', 'bwills', 'csaustin256', 'tfoley']"
84,114,14,9,7,"['tkulka', 'rrose', 'hschafer', 'cray', 'rgebara', 'tfoley', 'zalzayer']",6,"['chorn', 'msherman2', 'mcurtis', 'bwills', 'ccaldwel1', 'csaustin256']",2,"[None, 'hjiang']",15,"['rgebara', 'msherman2', 'mcurtis', 'cray', 'ccaldwel1', None, 'zalzayer', 'tkulka', 'chorn', 'rrose', 'hschafer', 'hjiang', 'bwills', 'csaustin256', 'tfoley']"
84,116,14,9,8,"['chorn', 'msherman2', 'tkulka', 'rrose', 'mcurtis', 'bwills', 'ccaldwel1', 'tfoley']",5,"['rgebara', 'hschafer', 'cray', 'csaustin256', 'zalzayer']",1,[None],14,"['rgebara', 'msherman2', 'mcurtis', 'cray', 'ccaldwel1', None, 'zalzayer', 'tkulka', 'chorn', 'rrose', 'hschafer', 'bwills', 'csaustin256', 'tfoley']"
85,37,14,9,5,"['agarw228', 'pbermel', 'vincen24', 'mlevenkr', 'meghanbuck117']",8,"['axintar', 'juampif73', 'michaelbendok', 'du193', 'sharm234', 'avedhinuel', 'swoper', 'proctork']",4,"['tdohadwa', 'hayes187', None, 'gmacraes']",17,"['axintar', 'juampif73', 'michaelbendok', 'agarw228', 'avedhinuel', 'vincen24', 'mlevenkr', 'swoper', 'meghanbuck117', None, 'du193', 'pbermel', 'sharm234', 'hayes187', 'gmacraes', 'tdohadwa', 'proctork']"
86,39,14,22,11,"['pncho7', 'saismaransb', 'tianjiacheng066', 'adams3cn', 'jabern', 'brianwenpitt', 'grcosta95', 'moarabikakabalo', 'skh46', 'jx2471', 'tinybun']",2,"['anlanchen', 'newright8']",11,"['denizacil', 'leng', 'throwmeaway', 'e.lee0325', 'yinenghan', 'inorganicsynthesis', 'anlanchen1', 'txy953377198', 'zsy6159', None, 'ljw']",24,"['pncho7', 'e.lee0325', 'adams3cn', 'moarabikakabalo', 'ljw', 'tinybun', 'denizacil', 'leng', 'tianjiacheng066', 'jabern', 'yinenghan', 'anlanchen', 'saismaransb', 'brianwenpitt', 'inorganicsynthesis', 'jx2471', 'txy953377198', None, 'throwmeaway', 'grcosta95', 'skh46', 'zsy6159', 'anlanchen1', 'newright8']"
86,38,14,16,6,"['brianwenpitt', 'grcosta95', 'moarabikakabalo', 'skh46', 'anlanchen', 'jx2471']",7,"['pncho7', 'saismaransb', 'tianjiacheng066', 'adams3cn', 'jabern', 'newright8', 'tinybun']",10,"['denizacil', 'throwmeaway', 'e.lee0325', 'inorganicsynthesis', 'yinenghan', 'yb50', 'txy953377198', 'lynnnnn', None, 'ljw']",23,"['pncho7', 'e.lee0325', 'saismaransb', 'adams3cn', 'brianwenpitt', 'inorganicsynthesis', 'moarabikakabalo', 'jx2471', 'txy953377198', 'lynnnnn', None, 'ljw', 'tinybun', 'denizacil', 'throwmeaway', 'tianjiacheng066', 'jabern', 'yinenghan', 'grcosta95', 'skh46', 'yb50', 'anlanchen', 'newright8']"
86,103,14,13,8,"['pncho7', 'saismaransb', 'tianjiacheng066', 'brianwenpitt', 'jabern', 'adams3cn', 'anlanchen', 'tinybun']",5,"['grcosta95', 'moarabikakabalo', 'skh46', 'jx2471', 'newright8']",5,"['leng', 'abeer.vaishnav13', 'ruchipendse', None, 'migon']",18,"['pncho7', 'saismaransb', 'adams3cn', 'brianwenpitt', 'moarabikakabalo', 'jx2471', 'ruchipendse', None, 'tinybun', 'leng', 'abeer.vaishnav13', 'tianjiacheng066', 'jabern', 'grcosta95', 'skh46', 'anlanchen', 'migon', 'newright8']"
87,358,13,13,10,"['lgbvandergeer1', 'pmorcer25', 'pmorcer15', 'pmorcer17', 'pmorcer27', 'pmorcer19', 'pmorcer23', 'pmorcer13', 'pmorcer29', 'pmorcer21']",2,"['sandiprajk', 'n.uriel.serrano']",3,"['lgbvandergeer', 'pmorcer11', None]",15,"['lgbvandergeer1', 'pmorcer27', 'pmorcer19', 'pmorcer23', 'pmorcer29', 'pmorcer11', None, 'lgbvandergeer', 'pmorcer25', 'n.uriel.serrano', 'pmorcer17', 'pmorcer15', 'pmorcer13', 'sandiprajk', 'pmorcer21']"
87,83,13,6,1,['sandiprajk'],11,"['n.uriel.serrano', 'lgbvandergeer1', 'pmorcer15', 'pmorcer25', 'pmorcer17', 'pmorcer27', 'pmorcer19', 'pmorcer23', 'pmorcer13', 'pmorcer29', 'pmorcer21']",5,"['saquibm860', 'mdshahid', 'aryansyed57', 'nandini16chatterjee', None]",17,"[None, 'pmorcer25', 'lgbvandergeer1', 'pmorcer17', 'n.uriel.serrano', 'pmorcer15', 'saquibm860', 'pmorcer27', 'pmorcer19', 'pmorcer23', 'pmorcer13', 'pmorcer29', 'aryansyed57', 'mdshahid', 'nandini16chatterjee', 'sandiprajk', 'pmorcer21']"
89,86,13,25,6,"['salma_elhosiny30', 'ebrahimabdelrazik', 'almaken99', 'xo', 'ahmedhussein', 'mtaify']",6,"['hassanhossam1001', 'danabelal00', 'mahmoudmdaood', '2003tasneemelyamany', 'salahsonbol6', 'mariamss']",19,"['ahmedgbr2050', 'habiba.saeed03', 'omaramara50', 'mohamed_nagy', 'khaledatia25', 'khaledelmorsy976', 'aabbnnaasseerr', 'nfayez', 'baselahmed397', 'faresfouda88', 'momar4799', 'nourhantawfiq', 'agagmohamed', 'yomnaalsayedyahya', 'dremadmostafa', 'tokaemadco', None, 'yahyaelsi60', 'yosefsoliman']",31,"['ebrahimabdelrazik', 'ahmedgbr2050', 'mahmoudmdaood', 'habiba.saeed03', 'mariamss', 'omaramara50', 'mohamed_nagy', 'khaledatia25', 'khaledelmorsy976', 'hassanhossam1001', 'aabbnnaasseerr', 'nfayez', 'almaken99', 'ahmedhussein', 'mtaify', 'baselahmed397', 'faresfouda88', 'momar4799', 'nourhantawfiq', 'agagmohamed', 'yomnaalsayedyahya', 'dremadmostafa', 'xo', '2003tasneemelyamany', 'salahsonbol6', 'tokaemadco', None, 'salma_elhosiny30', 'yahyaelsi60', 'yosefsoliman', 'danabelal00']"
89,141,13,23,6,"['salma_elhosiny30', 'ebrahimabdelrazik', 'almaken99', 'xo', 'ahmedhussein', 'mtaify']",6,"['hassanhossam1001', 'danabelal00', 'mahmoudmdaood', '2003tasneemelyamany', 'salahsonbol6', 'mariamss']",17,"['khaledelmorsy976', 'aabbnnaasseerr', None, 'ahmedgbr2050', 'salmaeltahhan2', 'dremadmostafa', 'asoomsweet23', 'baselahmed397', 'yahyaelsi60', 'yosefsoliman', 'habiba.saeed03', 'omaramara50', 'mohamed_nagy', 'faresfouda88', 'momar4799', 'nourhantawfiq', 'agagmohamed']",29,"['ebrahimabdelrazik', 'ahmedgbr2050', 'asoomsweet23', 'mahmoudmdaood', 'habiba.saeed03', 'mariamss', 'omaramara50', 'mohamed_nagy', 'khaledelmorsy976', 'hassanhossam1001', 'aabbnnaasseerr', 'salmaeltahhan2', 'almaken99', 'ahmedhussein', 'mtaify', 'baselahmed397', 'faresfouda88', 'momar4799', 'nourhantawfiq', 'agagmohamed', 'dremadmostafa', 'xo', '2003tasneemelyamany', 'salahsonbol6', None, 'salma_elhosiny30', 'yahyaelsi60', 'yosefsoliman', 'danabelal00']"
89,142,13,15,2,"['2003tasneemelyamany', 'danabelal00']",10,"['hassanhossam1001', 'salma_elhosiny30', 'ebrahimabdelrazik', 'almaken99', 'ahmedhussein', 'xo', 'mahmoudmdaood', 'mtaify', 'salahsonbol6', 'mariamss']",13,"['muhmmadmahmoud', 'roaa.fouda2', 'mohamedibr', 'nfayez', 'mohadel', 'rabeashrief', 'asoomsweet23', 'asta.yami1123', 'osaad432002', 'nahoolaf', None, 'elsayedibrahim442002', 'ahmedsami']",25,"['muhmmadmahmoud', 'mohamedibr', 'ebrahimabdelrazik', 'xo', 'asoomsweet23', 'asta.yami1123', 'mahmoudmdaood', '2003tasneemelyamany', 'salahsonbol6', 'mariamss', None, 'elsayedibrahim442002', 'ahmedsami', 'hassanhossam1001', 'salma_elhosiny30', 'roaa.fouda2', 'nfayez', 'mohadel', 'almaken99', 'ahmedhussein', 'rabeashrief', 'mtaify', 'osaad432002', 'nahoolaf', 'danabelal00']"
89,427,13,15,4,"['almaken99', 'salma_elhosiny30', 'ebrahimabdelrazik', 'xo']",8,"['hassanhossam1001', 'danabelal00', 'ahmedhussein', 'mahmoudmdaood', 'mtaify', '2003tasneemelyamany', 'salahsonbol6', 'mariamss']",11,"['khaledelmorsy976', 'ahmedaboelnasr2001', None, 'nfayez', 'ahmedgbr2050', 'agagmohamed', 'yahyaelsi60', 'omaramara50', 'momar4799', 'nourhantawfiq', 'km5779402']",23,"['ebrahimabdelrazik', 'ahmedgbr2050', 'xo', 'mahmoudmdaood', '2003tasneemelyamany', 'salahsonbol6', 'mariamss', 'omaramara50', None, 'km5779402', 'khaledelmorsy976', 'hassanhossam1001', 'salma_elhosiny30', 'ahmedaboelnasr2001', 'nfayez', 'almaken99', 'ahmedhussein', 'mtaify', 'yahyaelsi60', 'danabelal00', 'momar4799', 'nourhantawfiq', 'agagmohamed']"
89,472,13,13,3,"['xo', 'salma_elhosiny30', 'ahmedhussein']",9,"['hassanhossam1001', 'danabelal00', 'ebrahimabdelrazik', 'almaken99', 'mahmoudmdaood', 'mtaify', '2003tasneemelyamany', 'salahsonbol6', 'mariamss']",10,"['ahmedaboelnasr2001', 'mohamedibr', 'nfayez', 'asoomsweet23', 'asta.yami1123', 'nahoolaf', 'yahiaatawfeek', 'reemfadaly', None, 'km5779402']",22,"['mohamedibr', 'ebrahimabdelrazik', 'xo', 'asoomsweet23', 'asta.yami1123', 'mahmoudmdaood', 'yahiaatawfeek', '2003tasneemelyamany', 'reemfadaly', 'salahsonbol6', 'mariamss', None, 'km5779402', 'hassanhossam1001', 'salma_elhosiny30', 'ahmedaboelnasr2001', 'nfayez', 'almaken99', 'ahmedhussein', 'mtaify', 'nahoolaf', 'danabelal00']"
89,87,13,12,2,"['2003tasneemelyamany', 'danabelal00']",10,"['hassanhossam1001', 'salma_elhosiny30', 'ebrahimabdelrazik', 'almaken99', 'ahmedhussein', 'xo', 'mahmoudmdaood', 'mtaify', 'salahsonbol6', 'mariamss']",10,"['roaa.fouda2', 'nfayez', 'mohadel', 'rabeashrief', 'asoomsweet23', 'asta.yami1123', 'nahoolaf', None, 'elsayedibrahim442002', 'ahmedsami']",22,"['ebrahimabdelrazik', 'xo', 'asoomsweet23', 'asta.yami1123', 'mahmoudmdaood', '2003tasneemelyamany', 'salahsonbol6', 'mariamss', None, 'elsayedibrahim442002', 'ahmedsami', 'hassanhossam1001', 'salma_elhosiny30', 'roaa.fouda2', 'nfayez', 'mohadel', 'almaken99', 'ahmedhussein', 'rabeashrief', 'mtaify', 'nahoolaf', 'danabelal00']"
89,131,13,11,6,"['salma_elhosiny30', 'ebrahimabdelrazik', 'almaken99', 'ahmedhussein', '2003tasneemelyamany', 'mariamss']",6,"['hassanhossam1001', 'xo', 'mahmoudmdaood', 'mtaify', 'salahsonbol6', 'danabelal00']",5,"['osaad432002', 'nahoolaf', 'nourhantawfiq', None, 'elsayedibrahim442002']",17,"['ebrahimabdelrazik', 'xo', 'mahmoudmdaood', '2003tasneemelyamany', 'salahsonbol6', 'mariamss', None, 'elsayedibrahim442002', 'hassanhossam1001', 'salma_elhosiny30', 'almaken99', 'ahmedhussein', 'mtaify', 'osaad432002', 'nahoolaf', 'danabelal00', 'nourhantawfiq']"
90,578,13,15,1,['laurie.carrier78'],11,"['abrams23333', 'rbecerr', 'nhasema', 'kkou', 'pijak', 'dozdoga', 'joepurcel', 'zheng461', 'phillec', 'mcz123', 'qian130']",14,"['sanamurtaza', 'mball', 'harryjhr6', 'mengyue', 'macaulay.harvey', 'mgarayt', 'brett.macneil5', 'farrant.aiden', 'tangben.ucas', 'jaydeshmukh08', 'anuadamson', 'miyesven', None, 'mohammad.rafiee72']",26,"['harryjhr6', 'mengyue', 'macaulay.harvey', 'pijak', 'dozdoga', 'joepurcel', 'laurie.carrier78', 'mgarayt', 'brett.macneil5', 'phillec', 'abrams23333', 'qian130', 'mcz123', 'tangben.ucas', 'jaydeshmukh08', 'anuadamson', None, 'sanamurtaza', 'mball', 'mohammad.rafiee72', 'rbecerr', 'nhasema', 'kkou', 'zheng461', 'farrant.aiden', 'miyesven']"
90,577,13,11,1,['laurie.carrier78'],11,"['abrams23333', 'rbecerr', 'nhasema', 'kkou', 'pijak', 'dozdoga', 'joepurcel', 'zheng461', 'phillec', 'mcz123', 'qian130']",10,"['mball', 'harryjhr6', 'anuadamson', 'mgarayt', 'brett.macneil5', 'farrant.aiden', 'tangben.ucas', 'phonebox4153', 'kreplak', None]",22,"['harryjhr6', 'pijak', 'dozdoga', 'joepurcel', 'laurie.carrier78', 'mgarayt', 'brett.macneil5', 'phillec', 'abrams23333', 'qian130', 'mcz123', 'phonebox4153', 'tangben.ucas', 'anuadamson', 'kreplak', 'mball', None, 'rbecerr', 'nhasema', 'kkou', 'zheng461', 'farrant.aiden']"
90,575,13,8,4,"['abrams23333', 'joepurcel', 'nhasema', 'kkou']",8,"['rbecerr', 'pijak', 'dozdoga', 'laurie.carrier78', 'zheng461', 'phillec', 'mcz123', 'qian130']",4,"['mcnallyh', None, 'higginsd', 'strollmogu']",16,"['pijak', 'dozdoga', 'joepurcel', 'laurie.carrier78', 'phillec', 'abrams23333', 'qian130', 'mcz123', 'mcnallyh', None, 'rbecerr', 'higginsd', 'nhasema', 'kkou', 'zheng461', 'strollmogu']"
90,576,13,7,5,"['rbecerr', 'kkou', 'dozdoga', 'joepurcel', 'zheng461']",7,"['abrams23333', 'nhasema', 'pijak', 'laurie.carrier78', 'phillec', 'mcz123', 'qian130']",2,"[None, 'adeolia']",14,"['adeolia', 'pijak', 'dozdoga', 'joepurcel', 'laurie.carrier78', 'phillec', 'abrams23333', 'qian130', 'mcz123', None, 'rbecerr', 'nhasema', 'kkou', 'zheng461']"
91,514,13,35,11,"['tareq1999', 'bayoumi', 'hossam1307', 'm_mansour', 'mustafaelsayed', 'ahmadmaher36', 'ahmedkhater', 'ahmed_hossam', 'abdullah19', 'mohamedwalled', 'tareknasser1999']",1,['oayman'],24,"['elshaf3y', 'mhosni', 'mohamedtaher', 'mhefnawy', 'khaledsoud7', 'mahmoudfathy', 'muhammadjamal1998', 'mohammedeldesouky96', 'emanomara201701052', 'adelrahmanmomen', 'mohamedroshdy', 'nehalmohamed', 'yasserismail', 'moahrafmousa', 'khaled.7ammouda', 'ahmedhashem', 'yasminkhalil', 'john.wafeek', None, 'bassantmo', 'aelgazzar', 'abdelall', 'salahnassar', 'tnthassan']",36,"['elshaf3y', 'tnthassan', 'bayoumi', 'hossam1307', 'mhosni', 'mustafaelsayed', 'mohamedtaher', 'khaledsoud7', 'mhefnawy', 'muhammadjamal1998', 'mahmoudfathy', 'mohammedeldesouky96', 'emanomara201701052', 'adelrahmanmomen', 'ahmadmaher36', 'mohamedroshdy', 'ahmed_hossam', 'oayman', 'nehalmohamed', 'yasserismail', 'moahrafmousa', 'khaled.7ammouda', 'tareq1999', 'ahmedhashem', 'yasminkhalil', 'ahmedkhater', 'abdullah19', 'john.wafeek', None, 'tareknasser1999', 'm_mansour', 'bassantmo', 'aelgazzar', 'abdelall', 'salahnassar', 'mohamedwalled']"
91,516,13,10,9,"['tareq1999', 'm_mansour', 'mustafaelsayed', 'ahmadmaher36', 'ahmedkhater', 'oayman', 'abdullah19', 'mohamedwalled', 'tareknasser1999']",3,"['bayoumi', 'hossam1307', 'ahmed_hossam']",1,[None],13,"['tareq1999', 'bayoumi', 'hossam1307', 'mustafaelsayed', 'ahmedkhater', 'abdullah19', None, 'tareknasser1999', 'm_mansour', 'ahmadmaher36', 'ahmed_hossam', 'oayman', 'mohamedwalled']"
92,30,13,219,2,"['sgu20171335', 'sgu20171506']",10,"['minatallah_alaa2001', 'novov16', 'destro_', 'nataliaawolny', 'euaruksakul', 'radoslawlutecki', 'mnaik19', 'd.sayed3007', 'hubertt', 'hanin']",217,"['sgu20171541', 'khw971011', 'beoungwoo', 'aatony', 'sgu20191457', 'sgu20191451', 'ilkwang', 'sgu20171492', 'sgu20161553', 'sgu20171556', 'sgu20191490', 'sgu20201443', 'sgu20191469', 'songhobin', 'sgu20171502', 'sgu20191494', 'tmdgus4284', 'b715112', 'jskim159', 'pky2237', 'sgu20161455', 'sgu20151313', 'sgu20161519', 'sgu20171594', 'b735544', 'ml935450', 'sgu20161460', 'sgu20201465', 'sgu20171523', 'sgu20151447', 'jjh684212', 'sgu20151482', 'goodjh120', 'buggyjuggy97', 'sgu20181503', 'wutdreheram0905', 'yjiwan0913', 'sgu20171497', 'sgu20171501', 'mw1155000', 'sgu20192127', 'sgu20171557', 'sgu20171584', 'wjdrms9897', 'sgu20201507', 'sgu20171535', 'sgu20171579', 'ascendtobe', 'sgu20171582', 'wodbs', 'sgu20192007', 'sgu20171524', 'sgu20171513', 'kimjaewook5834', 'onion1228', 'sgu20171503', 'geunwonjeong', 'sasso47523', 'pij33278', 'hck23', 'sgu20191509', 'sgu20171546', 'sgu20191462', 'junn9916', 'dlstn3460', 'sgu20181487', 'sgu20170241', 'dlsrb0521', 'spaget23', 'sgu20161489', 'jaeyun0709', 'sgu20171570', 'qkrrjsxor12', 'sgu20181499', 'daniel223977', 'sgu20181521', 'sgu20161547', 'taegun', 'sgu20141431', 'sgu20191492', 'sgu20201527', 'sgu20171341', 'sgu20201433', 'mingee0740', 'chj20151375', 'sgu20181333', 'sgu20161481', 'sgu20181515', 'yoodabin', None, 'sgu20181509', 'sgu20171585', 'mingi1226', 'sgu20161475', 'b815018', 'wolol005', 'sgu20181513', 'sgu20171583', 'sgu20191305', 'sgu20161537', 'halynyu', 'sgu20171517', 'sgu20181523', 'sgu20171510', 'leejongmin', 'sgu20191489', 'wlsdn0820', 'sgu20201501', 'sgu20161513', 'chojunhee', 'sgu20181479', 'qudgur96', 'sgu20171499', 'sgu20161526', 'sgu20171512', 'jihyun', 'sgu20161486', 'joy34box', 'sgu20171549', 'sgu20161454', 'poby', 'mindk24', 'aksmf98', 'sgu20171350', 'dlrbgur008', 'sgu20171567', 'sgu20201497', 'sgu20181583', 'bigwishwing', 'omeg_on', 'sgu20182197', 'sgu20191543', 'sgu20181511', 'yoona8', 'sgu20151202', 'sgu20161518', 'parkinsu', 'sgu20201475', 'bingsoo', 'sgu20191523', 'sgu20171911', 'sgu20181579', 'kimjaeho608', 'duonduon', 'b815180', 'tntjd3007', 'sgu20181480', 'minsuk', 'sgu20171533', 'sgu20151421', 'sgu20171544', 'b715052', 'sgu20171521', 'sgu20171339', 'sgu20191333', 'homme0214', 'sgu20171536', 'kimdc0134', 'taehojung', 'sgu20171548', 'sgu20201533', 'sgu20201531', 'minyeong', 'ittopsk', 'hcha71', 'sgu20191487', 'sgu20191453', 'ktj061860', 'sgu20171564', 'sgu20171525', 'sgu20171553', 'sgu20181535', 'sgu20161551', 'sgu20201459', 'tkdgjs68', 'ktj08310806', 'sgu20201511', 'sgu20191385', 'sgu20171530', 'sgu20171551', 'sgu20191455', 'rudtjr987', 'sgu20171597', 'sgu20171575', 'sgu20191461', 'sanghoon21547', 'sgu20171560', 'sgu20192113', 'hyeonho', 'jonnyi961', 'sgu20201479', 'sgu20171897', 'buggyjuggy', 'thjung', 'a01088393779', 'bswbsj18', 'seunghun4757', 'sgu20181357', 'vyg1014', 'sgu20171593', 'kyj0603', 'tomas9159', 'sgu20181557', 'sgu20171516', 'sgu20141341', 'sgu20161997', 'jihongkim', 'xconanx98', 'sgu20201521', 'seokkyu', 'sgu20201463', 'sgu20171576', 'sgu20171843', 'zneet456', 'sgu20171534', 'sgu20181489', 'skdywaw1']",229,"['sgu20171541', 'khw971011', 'beoungwoo', 'aatony', 'sgu20191457', 'sgu20191451', 'ilkwang', 'sgu20171492', 'sgu20161553', 'sgu20171556', 'sgu20191490', 'sgu20201443', 'sgu20191469', 'songhobin', 'sgu20171502', 'sgu20191494', 'tmdgus4284', 'b715112', 'jskim159', 'pky2237', 'sgu20161455', 'sgu20151313', 'sgu20161519', 'sgu20171594', 'b735544', 'ml935450', 'sgu20161460', 'minatallah_alaa2001', 'sgu20201465', 'sgu20171523', 'sgu20151447', 'jjh684212', 'sgu20151482', 'goodjh120', 'sgu20181503', 'wutdreheram0905', 'hubertt', 'yjiwan0913', 'sgu20171497', 'sgu20171501', 'mw1155000', 'sgu20192127', 'sgu20171557', 'sgu20171584', 'wjdrms9897', 'sgu20201507', 'sgu20171535', 'sgu20171579', 'ascendtobe', 'sgu20171582', 'wodbs', 'sgu20192007', 'sgu20171524', 'sgu20171513', 'kimjaewook5834', 'onion1228', 'novov16', 'sgu20171503', 'geunwonjeong', 'sasso47523', 'radoslawlutecki', 'pij33278', 'hck23', 'sgu20191509', 'sgu20171546', 'sgu20191462', 'junn9916', 'dlstn3460', 'sgu20181487', 'euaruksakul', 'sgu20170241', 'dlsrb0521', 'spaget23', 'sgu20161489', 'jaeyun0709', 'sgu20171570', 'qkrrjsxor12', 'sgu20181499', 'daniel223977', 'sgu20181521', 'sgu20161547', 'taegun', 'sgu20141431', 'destro_', 'sgu20191492', 'sgu20201527', 'sgu20171341', 'sgu20201433', 'mingee0740', 'chj20151375', 'sgu20181333', 'sgu20161481', 'hanin', 'sgu20181515', 'yoodabin', None, 'sgu20181509', 'sgu20171585', 'mingi1226', 'sgu20171335', 'sgu20161475', 'b815018', 'wolol005', 'sgu20181513', 'sgu20171583', 'sgu20191305', 'sgu20161537', 'halynyu', 'sgu20171517', 'sgu20181523', 'sgu20171510', 'leejongmin', 'sgu20191489', 'wlsdn0820', 'sgu20201501', 'sgu20161513', 'chojunhee', 'sgu20181479', 'qudgur96', 'sgu20171499', 'sgu20161526', 'sgu20171512', 'jihyun', 'sgu20161486', 'joy34box', 'sgu20171549', 'sgu20161454', 'poby', 'mindk24', 'aksmf98', 'sgu20171350', 'dlrbgur008', 'sgu20171567', 'sgu20201497', 'sgu20181583', 'bigwishwing', 'omeg_on', 'sgu20182197', 'sgu20181489', 'sgu20191543', 'sgu20181511', 'yoona8', 'sgu20151202', 'sgu20161518', 'parkinsu', 'sgu20201475', 'bingsoo', 'sgu20191523', 'sgu20171911', 'sgu20181579', 'kimjaeho608', 'duonduon', 'd.sayed3007', 'b815180', 'tntjd3007', 'sgu20181480', 'minsuk', 'sgu20171533', 'sgu20151421', 'sgu20171544', 'b715052', 'sgu20171521', 'sgu20171339', 'sgu20191333', 'homme0214', 'sgu20171536', 'kimdc0134', 'taehojung', 'sgu20171548', 'sgu20201533', 'sgu20201531', 'minyeong', 'ittopsk', 'hcha71', 'sgu20191487', 'sgu20191453', 'ktj061860', 'sgu20171564', 'sgu20171525', 'sgu20171553', 'sgu20181535', 'sgu20161551', 'sgu20201459', 'tkdgjs68', 'ktj08310806', 'sgu20201511', 'sgu20191385', 'sgu20171530', 'mnaik19', 'sgu20171551', 'sgu20191455', 'rudtjr987', 'sgu20171597', 'sgu20171575', 'sgu20191461', 'sanghoon21547', 'sgu20171560', 'sgu20192113', 'hyeonho', 'jonnyi961', 'sgu20201479', 'sgu20171897', 'buggyjuggy', 'thjung', 'a01088393779', 'bswbsj18', 'seunghun4757', 'sgu20181357', 'vyg1014', 'sgu20171593', 'kyj0603', 'tomas9159', 'sgu20181557', 'sgu20171516', 'sgu20141341', 'sgu20161997', 'nataliaawolny', 'jihongkim', 'xconanx98', 'sgu20171506', 'sgu20201521', 'seokkyu', 'sgu20201463', 'sgu20171576', 'sgu20171843', 'zneet456', 'sgu20171534', 'buggyjuggy97', 'skdywaw1']"
92,423,13,37,2,"['sgu20171335', 'sgu20171506']",10,"['minatallah_alaa2001', 'novov16', 'destro_', 'nataliaawolny', 'euaruksakul', 'radoslawlutecki', 'mnaik19', 'd.sayed3007', 'hubertt', 'hanin']",35,"['kimjaewook5834', 'sgu20171339', 'kimdc0134', 'sgu20201501', 'sgu20201531', 'sgu20181479', 'sgu20201443', 'sgu20171553', 'sgu20201459', 'sgu20191385', 'sgu20191455', 'sgu20171575', 'sgu20201465', 'sgu20141431', 'sgu20201527', 'sgu20192113', 'sgu20171341', 'sgu20151482', 'sgu20201433', 'chj20151375', 'sgu20181333', 'sgu20181503', 'sgu20151202', 'thjung', None, 'sgu20181509', 'jungsungbin5210', 'sgu20201521', 'sgu20161475', 'sgu20201463', 'sgu20171576', 'sgu20201507', 'sgu20171583', 'sgu20181489', 'skdywaw1']",47,"['kimjaewook5834', 'novov16', 'sgu20171339', 'kimdc0134', 'sgu20201501', 'radoslawlutecki', 'sgu20201531', 'sgu20181479', 'sgu20201443', 'sgu20171553', 'sgu20201459', 'euaruksakul', 'sgu20191385', 'mnaik19', 'sgu20191455', 'sgu20171575', 'minatallah_alaa2001', 'sgu20201465', 'sgu20141431', 'destro_', 'sgu20201527', 'sgu20192113', 'sgu20171341', 'sgu20151482', 'sgu20201433', 'chj20151375', 'sgu20181333', 'hanin', 'sgu20181503', 'hubertt', 'sgu20151202', 'thjung', None, 'sgu20181509', 'sgu20171335', 'nataliaawolny', 'jungsungbin5210', 'sgu20171506', 'sgu20201521', 'sgu20161475', 'sgu20201463', 'sgu20171576', 'sgu20201507', 'd.sayed3007', 'sgu20171583', 'sgu20181489', 'skdywaw1']"
92,34,13,15,4,"['destro_', 'minatallah_alaa2001', 'hanin', 'd.sayed3007']",8,"['novov16', 'nataliaawolny', 'sgu20171335', 'sgu20171506', 'euaruksakul', 'radoslawlutecki', 'mnaik19', 'hubertt']",11,"['mh2207128', 'islam7769', 'mf2809522', 'danielemad', 'ashraf9', 'maiop', 'iamyoussefmohammed', 'youssefacer10', 'sherif3394', None, 'oygawish']",23,"['mh2207128', 'islam7769', 'minatallah_alaa2001', 'novov16', 'destro_', 'ashraf9', 'radoslawlutecki', 'hanin', 'maiop', 'hubertt', 'sherif3394', None, 'iamyoussefmohammed', 'mf2809522', 'danielemad', 'sgu20171335', 'nataliaawolny', 'sgu20171506', 'euaruksakul', 'mnaik19', 'd.sayed3007', 'youssefacer10', 'oygawish']"
92,426,13,10,4,"['destro_', 'minatallah_alaa2001', 'hanin', 'd.sayed3007']",8,"['novov16', 'nataliaawolny', 'sgu20171335', 'sgu20171506', 'euaruksakul', 'radoslawlutecki', 'mnaik19', 'hubertt']",6,"['mh2207128', 'ashraf9', 'youssefacer10', 'sherif3394', None, 'oygawish']",18,"['mh2207128', 'minatallah_alaa2001', 'novov16', 'destro_', 'ashraf9', 'radoslawlutecki', 'hanin', 'hubertt', 'sherif3394', None, 'sgu20171335', 'nataliaawolny', 'sgu20171506', 'euaruksakul', 'mnaik19', 'd.sayed3007', 'youssefacer10', 'oygawish']"
94,505,13,15,4,"['angie.guarin18', 'limercado18', 'jmgomeze23', 'maanrove']",8,"['abhishekreddy.991', 'dhairya', 'ldasallas', 'hemanthr', 'veenv755', 'kushih56', 'chandankumarb222', 'valentinav54321']",11,"['camilovallejoduque20', 'angel.salazar', 'andreaflorezcaro', 'stefanypereirat', 'danieljv', 'andresfelipe182001', 'miguelduquetisnes', 'mariana.ochoac', 'juana333', None, 'ldavid4162']",23,"['abhishekreddy.991', 'dhairya', 'camilovallejoduque20', 'juana333', 'angel.salazar', 'stefanypereirat', 'andresfelipe182001', 'ldasallas', 'miguelduquetisnes', 'hemanthr', 'veenv755', 'limercado18', 'valentinav54321', None, 'ldavid4162', 'jmgomeze23', 'maanrove', 'danieljv', 'andreaflorezcaro', 'angie.guarin18', 'mariana.ochoac', 'kushih56', 'chandankumarb222']"
94,504,13,6,3,"['veenv755', 'kushih56', 'chandankumarb222']",9,"['abhishekreddy.991', 'dhairya', 'jmgomeze23', 'maanrove', 'ldasallas', 'hemanthr', 'angie.guarin18', 'limercado18', 'valentinav54321']",3,"['prahlada_reddy', None, 'gouthamkanthr9']",15,"['abhishekreddy.991', 'chandankumarb222', 'dhairya', 'prahlada_reddy', None, 'jmgomeze23', 'maanrove', 'kushih56', 'ldasallas', 'gouthamkanthr9', 'hemanthr', 'veenv755', 'angie.guarin18', 'limercado18', 'valentinav54321']"
96,412,12,15,4,"['armeza3', 'saalatt1', 'grliyana', 'mwmarti6']",7,"['oerodri1', 'zkowalch', 'awsmit21', 'ejguerre', 'dhnguy13', 'sebastian.vaziri', 'stwitt']",11,"['searguet', 'hstone1', 'allenchu', 'thfreber', 'amcminn1', 'rkrish52', 'gmortiz3', 'aivergar', None, 'chramsey', 'mgarc171']",22,"['searguet', 'allenchu', 'zkowalch', 'awsmit21', 'ejguerre', 'grliyana', 'dhnguy13', 'aivergar', None, 'mgarc171', 'hstone1', 'thfreber', 'amcminn1', 'oerodri1', 'armeza3', 'mwmarti6', 'rkrish52', 'gmortiz3', 'saalatt1', 'sebastian.vaziri', 'chramsey', 'stwitt']"
97,547,12,8,7,"['abdullah.alabbad1995', 'fz1178', 'jennam413', 'cadenomron123', 'gh7209', 'dtblust03', 'gl9641']",4,"['fw0917', 'jsanchezjr2824', 'boghdan.ghrebennikov', 'hadi19']",1,[None],12,"['abdullah.alabbad1995', 'boghdan.ghrebennikov', 'jennam413', 'cadenomron123', 'gl9641', None, 'hadi19', 'fz1178', 'fw0917', 'gh7209', 'dtblust03', 'jsanchezjr2824']"
99,517,12,47,1,['yw3661'],10,"['s.vignesh07042000', 'mortha.sumanth2021', 'tanvi.madare2021', 'haricraze17', 'arathi_123', 'samarthtushar.bhatt2021', 'tejal.kadam2021', 'meghanijay', 'sirsha28102', 'divyamohan.m2021']",46,"['maf2299', 'jm5326', 'rnk2118', 'dc3603', 'mf3232', 'jmh2329', 'bcg2133', 'scb2197', 'jyy2138', 'wx2270', 'tl3093', 'abby515', 'lca2138', 'yc3254', 'nz2252', 'adb2206', 'zw2816', 'rtl2118', 'yz3985', 'tls2160', 'johnkym', 'jp4204', 'tf2477', 'nab2195', 'zz2914', 'cdn2128', 'ts3423', 'sp3696', 'ojr2107', 'hy2562', 'siwanta12', 'vp2463', 'em3354', 'rt2821', 'sdm2182', 'asy2126', 'wm2427', None, 'ska2143', 'gulnuravci', 'ml4719', 'os2361', 'jp4226', 'mb4884', 'ce2433', 'xg2383']",57,"['maf2299', 'jm5326', 'mortha.sumanth2021', 'rnk2118', 'dc3603', 'samarthtushar.bhatt2021', 'mf3232', 'jmh2329', 'bcg2133', 'wx2270', 'tl3093', 'jyy2138', 'scb2197', 's.vignesh07042000', 'abby515', 'lca2138', 'yc3254', 'nz2252', 'adb2206', 'zw2816', 'rtl2118', 'yz3985', 'tls2160', 'haricraze17', 'johnkym', 'jp4204', 'tf2477', 'nab2195', 'zz2914', 'cdn2128', 'sirsha28102', 'ts3423', 'sp3696', 'ojr2107', 'mb4884', 'hy2562', 'siwanta12', 'vp2463', 'arathi_123', 'yw3661', 'em3354', 'rt2821', 'sdm2182', 'asy2126', 'wm2427', 'meghanijay', None, 'ska2143', 'gulnuravci', 'ml4719', 'os2361', 'tanvi.madare2021', 'jp4226', 'tejal.kadam2021', 'ce2433', 'xg2383', 'divyamohan.m2021']"
99,518,12,12,5,"['arathi_123', 'samarthtushar.bhatt2021', 'tejal.kadam2021', 'sirsha28102', 'divyamohan.m2021']",6,"['s.vignesh07042000', 'mortha.sumanth2021', 'tanvi.madare2021', 'haricraze17', 'yw3661', 'meghanijay']",7,"['gokula.kannan2021', 'bonganerushikesh', 'nikita12', 'gokul0510', 'karthik.y2021', 'vikaschauhan00', None]",18,"['gokula.kannan2021', 'mortha.sumanth2021', 'arathi_123', 'yw3661', 'samarthtushar.bhatt2021', 'nikita12', 'karthik.y2021', 'vikaschauhan00', 'meghanijay', None, 's.vignesh07042000', 'bonganerushikesh', 'tanvi.madare2021', 'haricraze17', 'tejal.kadam2021', 'gokul0510', 'sirsha28102', 'divyamohan.m2021']"
100,588,12,11,10,"['ys876', 'cml66', 'cy479', 'yd339', 'hcai97', 'ak939', 'chandusavant', 'bsa48', 'es826', 'ms3473']",1,['iko9881'],1,[None],12,"['ys876', 'ak939', 'hcai97', None, 'iko9881', 'es826', 'ms3473', 'cml66', 'cy479', 'yd339', 'chandusavant', 'bsa48']"
102,427,12,15,2,"['ahmedaboelnasr2001', 'km5779402']",9,"['osamy7593', 'hossammostafa123h', 'baselahmed', 'elsayednashaat', 'mazenreda96.5', 'yahiaatawfeek', 'suzan.malak', 'tasneemelagamy65', 'salmaeltahhan1842']",13,"['khaledelmorsy976', 'salma_elhosiny30', 'nfayez', 'ahmedgbr2050', 'ebrahimabdelrazik', None, 'almaken99', 'xo', 'yahyaelsi60', 'omaramara50', 'momar4799', 'nourhantawfiq', 'agagmohamed']",24,"['osamy7593', 'ahmedgbr2050', 'hossammostafa123h', 'ebrahimabdelrazik', 'baselahmed', 'xo', 'yahiaatawfeek', 'suzan.malak', 'tasneemelagamy65', 'omaramara50', None, 'km5779402', 'khaledelmorsy976', 'ahmedaboelnasr2001', 'salma_elhosiny30', 'nfayez', 'almaken99', 'elsayednashaat', 'mazenreda96.5', 'yahyaelsi60', 'salmaeltahhan1842', 'momar4799', 'nourhantawfiq', 'agagmohamed']"
102,472,12,13,3,"['yahiaatawfeek', 'ahmedaboelnasr2001', 'km5779402']",8,"['osamy7593', 'hossammostafa123h', 'baselahmed', 'elsayednashaat', 'mazenreda96.5', 'suzan.malak', 'tasneemelagamy65', 'salmaeltahhan1842']",10,"['mohamedibr', 'nfayez', 'salma_elhosiny30', 'ahmedhussein', 'asoomsweet23', 'asta.yami1123', 'xo', 'nahoolaf', 'reemfadaly', None]",21,"['osamy7593', 'mohamedibr', 'hossammostafa123h', 'baselahmed', 'xo', 'asoomsweet23', 'asta.yami1123', 'yahiaatawfeek', 'suzan.malak', 'tasneemelagamy65', 'reemfadaly', None, 'km5779402', 'ahmedaboelnasr2001', 'salma_elhosiny30', 'nfayez', 'elsayednashaat', 'mazenreda96.5', 'ahmedhussein', 'nahoolaf', 'salmaeltahhan1842']"
104,263,12,49,4,"['xiaochen', 'brandonlou', 'anthony.salazar', 'rachel9711']",7,"['zixiong', 'oz1526', 'shdu2020', 'fredwanghen', 'surya304', 'zhizhongh', 'brucetyrion']",45,"['haichenchen', 'dlou', 'thwolfe22', 'tanjin_he', 'yuhaowang', 'sumati.rangaraj', 'vtovmasyan', 'jk2297', 'hashim7', 'ging_martin', 'enzechen', 'ewcspottesmith', 'mvenetos', 'icyliang', 'cmcc19', 'dongye_liu2021', 'jesseschimpf', 'haomingli', 'akhanwale', 'jordanlei', 's.rangaraj', 'epegg', 'amandaguan', 'drpw27', 'p_conns', 'esalzman', 'sherlcok12', 'kolshlee', 'rj23s', 'mpsherb', 'cloverke99', 'yuxingfei24', 'stang13', 'nyathescholar', None, 'mfarnell', 'blisberkeleyaccount', 'pawan_khanal', 'rohankoka', 't103830004', 'andremontes', 'sarasusanto', 'jsafipour', 'dairyan', 'ghafar_yerima']",56,"['xiaochen', 'haichenchen', 'dlou', 'thwolfe22', 'tanjin_he', 'yuhaowang', 'sumati.rangaraj', 'zixiong', 'anthony.salazar', 'vtovmasyan', 'jk2297', 'hashim7', 'ging_martin', 'rachel9711', 'enzechen', 'brucetyrion', 'ewcspottesmith', 'mvenetos', 'icyliang', 'cmcc19', 'dongye_liu2021', 'jesseschimpf', 'haomingli', 'brandonlou', 'akhanwale', 'jordanlei', 's.rangaraj', 'epegg', 'amandaguan', 'drpw27', 'p_conns', 'esalzman', 'sherlcok12', 'oz1526', 'kolshlee', 'rj23s', 'mpsherb', 'zhizhongh', 'cloverke99', 'yuxingfei24', 'stang13', 'nyathescholar', None, 'mfarnell', 'blisberkeleyaccount', 'pawan_khanal', 'rohankoka', 't103830004', 'shdu2020', 'andremontes', 'sarasusanto', 'fredwanghen', 'surya304', 'jsafipour', 'dairyan', 'ghafar_yerima']"
105,317,11,7,6,"['jimwel.macaraig_16', 'maryjoy.camano', 'marcjames.beltran', 'estellejane.aguilar', 'julesaldrin.caharop', 'kylegeron9']",4,"['tri.suman78', 'nicolechristine.abaja', 'lawrence.decastro', 'maika.medrano']",1,[None],11,"['tri.suman78', 'nicolechristine.abaja', 'lawrence.decastro', 'maika.medrano', 'jimwel.macaraig_16', 'marcjames.beltran', 'maryjoy.camano', 'estellejane.aguilar', 'julesaldrin.caharop', None, 'kylegeron9']"
105,435,11,7,6,"['jimwel.macaraig_16', 'maryjoy.camano', 'marcjames.beltran', 'estellejane.aguilar', 'julesaldrin.caharop', 'kylegeron9']",4,"['tri.suman78', 'nicolechristine.abaja', 'lawrence.decastro', 'maika.medrano']",1,[None],11,"['tri.suman78', 'nicolechristine.abaja', 'lawrence.decastro', 'maika.medrano', 'jimwel.macaraig_16', 'marcjames.beltran', 'maryjoy.camano', 'estellejane.aguilar', 'julesaldrin.caharop', None, 'kylegeron9']"
106,355,11,12,10,"['macarkady', 'vita12345', 'fercl.crow', 'kitsha0711', 'kin_2122', 'niks.garunovich', 'aldanchik4', 'kirya12347', 'kirill152', 'marialukashova']",0,[],2,"[None, 'gridyushko.denis']",12,"['macarkady', 'vita12345', 'kitsha0711', 'niks.garunovich', 'aldanchik4', 'kirya12347', 'gridyushko.denis', None, 'fercl.crow', 'kin_2122', 'kirill152', 'marialukashova']"
106,362,11,12,10,"['macarkady', 'vita12345', 'fercl.crow', 'kitsha0711', 'kin_2122', 'niks.garunovich', 'aldanchik4', 'kirya12347', 'kirill152', 'marialukashova']",0,[],2,"[None, 'gridyushko.denis']",12,"['macarkady', 'vita12345', 'kitsha0711', 'niks.garunovich', 'aldanchik4', 'kirya12347', 'gridyushko.denis', None, 'fercl.crow', 'kin_2122', 'kirill152', 'marialukashova']"
108,524,11,52,9,"['daguilar17', 'aacosta66', 'jagarcia64', 'ajuarezald', 'dacamachoor', 'dperezgonz', 'ojchan', 'ezubiate2', 'rramirez57']",1,['2020bme108'],43,"['johnp99', 'dguerra2', 'jmguillen', 'eamartinez18', 'lperea3', 'joshuachanez', 'dehodgson', 'jadorantes2', 'coramirez', 'cassy5801', 'mlouloupide', 'aestrada19', 'javaladezar', 'nalopez8', 'dflores45', 'glam', 'dalvarado19', 'renemolina23', 'owood', 'haacevedore', 'camendoza12', 'jnava4', 'jjsilva', 'anajera7', 'cfbenitez', 'ediaz25', 'cafrayre', 'maortiz17', 'vgomez25', 'giopr720', 'magarza', 'eenriquez14', 'jalonso9', None, 'ogalindo', 'rcgarcia3', 'mtejada', 'jrmeraz1', 'aespinal', 'scobos4', 'crysdbz.22', 'sanchez_kevin', 'mlara11']",53,"['johnp99', 'dguerra2', 'jagarcia64', 'jmguillen', 'eamartinez18', 'lperea3', 'dacamachoor', 'joshuachanez', '2020bme108', 'dehodgson', 'jadorantes2', 'coramirez', 'cassy5801', 'mlouloupide', 'aestrada19', 'ajuarezald', 'javaladezar', 'nalopez8', 'ezubiate2', 'dflores45', 'glam', 'dalvarado19', 'renemolina23', 'owood', 'haacevedore', 'daguilar17', 'camendoza12', 'jnava4', 'jjsilva', 'anajera7', 'cfbenitez', 'ediaz25', 'cafrayre', 'dperezgonz', 'maortiz17', 'vgomez25', 'giopr720', 'magarza', 'eenriquez14', 'jalonso9', None, 'ogalindo', 'rcgarcia3', 'aacosta66', 'mtejada', 'jrmeraz1', 'aespinal', 'scobos4', 'ojchan', 'crysdbz.22', 'sanchez_kevin', 'rramirez57', 'mlara11']"
108,523,11,9,1,['2020bme108'],9,"['daguilar17', 'aacosta66', 'jagarcia64', 'ajuarezald', 'dacamachoor', 'dperezgonz', 'ojchan', 'ezubiate2', 'rramirez57']",8,"[None, 'muhammadfaizanelahi2001', 'areebabutt1', '2020bme110', 'abubakar3', 'hanzlag_129', 'samrashakir271', '2020bme104']",18,"['daguilar17', 'jagarcia64', 'muhammadfaizanelahi2001', 'dacamachoor', 'dperezgonz', '2020bme108', 'abubakar3', 'hanzlag_129', None, 'aacosta66', 'ajuarezald', 'samrashakir271', 'ojchan', 'areebabutt1', 'ezubiate2', '2020bme110', 'rramirez57', '2020bme104']"
109,10,11,47,8,"['yasaswini', 'ee20btech11028', 'ee20btech11011', 'hrushikesh007', 'pranathi_007', 'ee20btech11046', 'ee20btech11039', 'ee20btech11040']",2,"['swetha33', 'tnfssc']",39,"['ee20btech11047', 'ee20btech11004', 'hemachandar', 'ee20btech11038', 'ee20btech11051', 'mudavathrohith270702', 'ee20btech11042', 'tanmay07', 'ee20btech11025', 'ee20btech11016', 'ee20btech11032', 'ee20btech11031', 'ee20btech11030', 'nithish576s', 'ee20btech11023', 'rahhul.j17', 'utkarshdoshi13', 'ee20btech11009', 'ee20btech11001', 'dineshchandrabdc2', 'everesteverest381', 'ee20btech11049', 'karanreddy132', 'ee20btech11059', 'aaseesh', 'kmanojkumar', 'oves', 'pragna', 'ee20btech11035', None, 'ee20btech11056', 'ankur2003kumar', 'ee20btech11033', 'aditsom7', 'ee20btech11043', 'atharv.ramesh2003', 'ee20btech11034', 'executioner', 'chenchetyabhishek']",49,"['ee20btech11028', 'ee20btech11047', 'ee20btech11004', 'hemachandar', 'ee20btech11038', 'ee20btech11051', 'ee20btech11039', 'ee20btech11040', 'mudavathrohith270702', 'ee20btech11042', 'tanmay07', 'ee20btech11025', 'ee20btech11016', 'ee20btech11032', 'ee20btech11031', 'ee20btech11046', 'ee20btech11030', 'nithish576s', 'ee20btech11023', 'rahhul.j17', 'utkarshdoshi13', 'ee20btech11009', 'swetha33', 'ee20btech11001', 'dineshchandrabdc2', 'everesteverest381', 'hrushikesh007', 'ee20btech11049', 'karanreddy132', 'ee20btech11059', 'tnfssc', 'aaseesh', 'kmanojkumar', 'oves', 'pragna', 'ee20btech11035', None, 'yasaswini', 'ee20btech11056', 'ee20btech11011', 'ankur2003kumar', 'pranathi_007', 'ee20btech11033', 'aditsom7', 'ee20btech11043', 'atharv.ramesh2003', 'ee20btech11034', 'executioner', 'chenchetyabhishek']"
109,438,11,47,9,"['yasaswini', 'ee20btech11028', 'ee20btech11011', 'hrushikesh007', 'pranathi_007', 'ee20btech11046', 'tnfssc', 'ee20btech11039', 'ee20btech11040']",1,['swetha33'],38,"['geunwonjeong', 'ee20btech11038', 'homme0214', 'sasso47523', 'ilkwang', 'minyeong', 'yujin', 'aivergar', 'sesh9366', 'ojiow', 'teruel0412', 'junn9916', 'poby', 'h217832', 'bhaberae', 'mindk24', 'pedro55889', 'i217944', 'jaeyun0709', 'pedro_sesti', 'searguet', 'daniel223977', 'gabrielap450', 'claybuster715', 'carvalhopatrick', 'cmerril3', 'r186168', 'yjiwan0913', None, 'gebaker2', 'mjlong7', 'wolol005', 'zneet456', 'b815180', 'dvoskineli', 'v225302', 'c214620', 'daniel.robin22']",48,"['ee20btech11028', 'geunwonjeong', 'ee20btech11038', 'homme0214', 'ee20btech11039', 'sasso47523', 'ee20btech11040', 'ilkwang', 'minyeong', 'yujin', 'aivergar', 'ojiow', 'teruel0412', 'junn9916', 'poby', 'ee20btech11046', 'h217832', 'bhaberae', 'mindk24', 'pedro55889', 'i217944', 'swetha33', 'jaeyun0709', 'pedro_sesti', 'searguet', 'daniel223977', 'hrushikesh007', 'gabrielap450', 'claybuster715', 'carvalhopatrick', 'tnfssc', 'cmerril3', 'r186168', 'yjiwan0913', None, 'yasaswini', 'gebaker2', 'ee20btech11011', 'mjlong7', 'pranathi_007', 'wolol005', 'v225302', 'zneet456', 'b815180', 'dvoskineli', 'sesh9366', 'c214620', 'daniel.robin22']"
109,410,11,14,6,"['yasaswini', 'ee20btech11028', 'hrushikesh007', 'pranathi_007', 'ee20btech11046', 'ee20btech11039']",4,"['swetha33', 'ee20btech11011', 'ee20btech11040', 'tnfssc']",8,"['hemachandar', 'ee20btech11049', 'ee20btech11038', 'ee20btech11030', 'ee20btech11023', 'pragna', 'ee20btech11009', None]",18,"['ee20btech11028', 'hemachandar', 'hrushikesh007', 'ee20btech11049', 'ee20btech11038', 'tnfssc', 'ee20btech11039', 'ee20btech11040', 'pragna', None, 'yasaswini', 'ee20btech11011', 'pranathi_007', 'ee20btech11046', 'ee20btech11030', 'ee20btech11023', 'ee20btech11009', 'swetha33']"
110,258,11,17,9,"['lmichel1', 'anaeem1', 'alejavilla3', 'ptolley1', 'efredhei', 'mvuong2', 'amurra38', 'alyssafediuk', 'shortpj']",1,['zxu7'],8,"['qnguye31', 'atrevin2', 'wmcdearm', 'mvilla3', 'thomasperrell', 'jcpoler', None, 'psauser']",18,"['qnguye31', 'ptolley1', 'zxu7', 'wmcdearm', 'efredhei', 'shortpj', 'psauser', None, 'atrevin2', 'lmichel1', 'anaeem1', 'alejavilla3', 'mvilla3', 'mvuong2', 'thomasperrell', 'jcpoler', 'amurra38', 'alyssafediuk']"
110,260,11,12,9,"['lmichel1', 'anaeem1', 'alejavilla3', 'ptolley1', 'efredhei', 'mvuong2', 'amurra38', 'alyssafediuk', 'shortpj']",1,['zxu7'],3,"['mvilla3', 'jcpoler', None]",13,"['ptolley1', 'zxu7', 'efredhei', 'shortpj', None, 'lmichel1', 'anaeem1', 'alejavilla3', 'mvilla3', 'mvuong2', 'jcpoler', 'amurra38', 'alyssafediuk']"
110,259,11,9,6,"['lmichel1', 'alejavilla3', 'ptolley1', 'efredhei', 'alyssafediuk', 'shortpj']",4,"['amurra38', 'zxu7', 'mvuong2', 'anaeem1']",3,"['mrobi109', None, 'jennabarilovits']",13,"['ptolley1', 'zxu7', 'efredhei', 'shortpj', None, 'lmichel1', 'mrobi109', 'jennabarilovits', 'anaeem1', 'alejavilla3', 'mvuong2', 'amurra38', 'alyssafediuk']"
111,403,11,11,8,"['gtowolaw', 'cmoor178', 'kdhiman', 'ldanai', 'aabdelh2', 'elee0123', 'carlykaykay', 'sarroyob']",2,"['astadick', 'rd1610']",3,"['thuq', 'aadeyem1', None]",13,"['thuq', None, 'carlykaykay', 'sarroyob', 'astadick', 'gtowolaw', 'cmoor178', 'kdhiman', 'rd1610', 'aadeyem1', 'aabdelh2', 'elee0123', 'ldanai']"
111,117,11,7,6,"['gtowolaw', 'cmoor178', 'rd1610', 'carlykaykay', 'ldanai', 'sarroyob']",4,"['astadick', 'aabdelh2', 'elee0123', 'kdhiman']",1,[None],11,"['astadick', 'gtowolaw', 'cmoor178', None, 'kdhiman', 'rd1610', 'aabdelh2', 'carlykaykay', 'elee0123', 'ldanai', 'sarroyob']"
111,402,11,7,4,"['aabdelh2', 'gtowolaw', 'elee0123', 'carlykaykay']",6,"['astadick', 'cmoor178', 'kdhiman', 'rd1610', 'ldanai', 'sarroyob']",3,"['thuq', 'aadeyem1', None]",13,"['astadick', 'gtowolaw', 'cmoor178', None, 'kdhiman', 'thuq', 'rd1610', 'aadeyem1', 'aabdelh2', 'carlykaykay', 'elee0123', 'ldanai', 'sarroyob']"
114,447,11,32,1,['jrj82'],9,"['newmanc5', 'loggij1', 'noemigrodriguez11', 'siu856031918', 'tomkiej1', 'rda2127', 'kazlaud1', 'jedojellyo236', 'blandm2']",31,"['darian09', 'zla23', 'mattsqrd', 'bri25', 'nbn34', 'pdt29', 'davidmoyo96', 'esaray74', 'mcarsonmusic', 'ghosh.rituparna2017', 'dgodwin', 'atb85', 'tlw85', 'cae69', 'ak3866', 'reiballabani', 'jhua3657', 'amykbuor', 'lh893', None, 'bnp44', 'aah346', 'kevindiu', 'beka8000', 'agerlach23', 'mali_halac', 'kyrasphilipp', 'thiennguyen011', 'jasonl', 'ethan850', 'jmf394']",41,"['darian09', 'zla23', 'mattsqrd', 'bri25', 'rda2127', 'nbn34', 'pdt29', 'newmanc5', 'davidmoyo96', 'esaray74', 'loggij1', 'mcarsonmusic', 'ghosh.rituparna2017', 'dgodwin', 'blandm2', 'atb85', 'tlw85', 'cae69', 'ak3866', 'reiballabani', 'noemigrodriguez11', 'jhua3657', 'tomkiej1', 'amykbuor', 'kazlaud1', 'jedojellyo236', 'lh893', None, 'bnp44', 'jrj82', 'aah346', 'kevindiu', 'beka8000', 'agerlach23', 'siu856031918', 'mali_halac', 'kyrasphilipp', 'thiennguyen011', 'jasonl', 'ethan850', 'jmf394']"
114,311,11,30,1,['jrj82'],9,"['newmanc5', 'loggij1', 'noemigrodriguez11', 'siu856031918', 'tomkiej1', 'rda2127', 'kazlaud1', 'jedojellyo236', 'blandm2']",29,"['zla23', 'mattsqrd', 'bri25', 'nbn34', 'pdt29', 'alk344', 'esaray74', 'mcarsonmusic', 'atb85', 'fanta', 'tlw85', 'hlachguar829', 'ritu2021', 'cae69', 'ak3866', 'reiballabani', 'alyjhan', 'jhua3657', 'amykbuor', 'scanlin2000', 'lh893', None, 'bnp44', 'kevindiu', 'beka8000', 'agerlach23', 'thiennguyen011', 'jasonl', 'jmf394']",39,"['zla23', 'mattsqrd', 'bri25', 'rda2127', 'nbn34', 'pdt29', 'alk344', 'newmanc5', 'esaray74', 'mcarsonmusic', 'loggij1', 'blandm2', 'fanta', 'atb85', 'tlw85', 'hlachguar829', 'ritu2021', 'cae69', 'ak3866', 'reiballabani', 'alyjhan', 'noemigrodriguez11', 'jhua3657', 'tomkiej1', 'amykbuor', 'kazlaud1', 'jedojellyo236', 'scanlin2000', 'lh893', None, 'bnp44', 'jrj82', 'kevindiu', 'beka8000', 'agerlach23', 'siu856031918', 'thiennguyen011', 'jasonl', 'jmf394']"
114,443,11,19,5,"['newmanc5', 'loggij1', 'tomkiej1', 'kazlaud1', 'blandm2']",5,"['jrj82', 'noemigrodriguez11', 'siu856031918', 'rda2127', 'jedojellyo236']",14,"['patelr124', None, 'rajus3', 'dpickle17', 'randomguy227', 'lafortr1', 'raleam1', 'krupatishbi', 'majowia1', 'bbishop9', 'sheynoa1', 'thatincankid', 'johntaylor', 'lusdykn1']",24,"['patelr124', 'rajus3', 'noemigrodriguez11', 'tomkiej1', 'lafortr1', 'rda2127', 'kazlaud1', 'jedojellyo236', 'majowia1', 'sheynoa1', 'thatincankid', 'johntaylor', None, 'dpickle17', 'newmanc5', 'jrj82', 'loggij1', 'randomguy227', 'siu856031918', 'raleam1', 'krupatishbi', 'bbishop9', 'blandm2', 'lusdykn1']"
114,436,11,12,3,"['jedojellyo236', 'noemigrodriguez11', 'siu856031918']",7,"['newmanc5', 'jrj82', 'loggij1', 'tomkiej1', 'rda2127', 'kazlaud1', 'blandm2']",9,"['reaganjtilley', 'siu853494337', 'seciliah', 'csanford', 'siu856014058', 'reeree360', 'sagefr', 'siu853933005', None]",19,"['reaganjtilley', 'seciliah', 'csanford', 'siu856014058', 'noemigrodriguez11', 'tomkiej1', 'rda2127', 'kazlaud1', 'jedojellyo236', None, 'newmanc5', 'jrj82', 'siu853494337', 'loggij1', 'reeree360', 'sagefr', 'siu856031918', 'siu853933005', 'blandm2']"
114,294,11,9,1,['rda2127'],9,"['newmanc5', 'jrj82', 'loggij1', 'noemigrodriguez11', 'siu856031918', 'tomkiej1', 'kazlaud1', 'jedojellyo236', 'blandm2']",8,"['siwanta12', 'vp2463', 'nz2252', 'johnkym', 'asy2126', 'wm2427', None, 'wx2270']",18,"['noemigrodriguez11', 'siwanta12', 'vp2463', 'tomkiej1', 'rda2127', 'kazlaud1', 'jedojellyo236', 'asy2126', 'wm2427', None, 'wx2270', 'newmanc5', 'jrj82', 'loggij1', 'nz2252', 'siu856031918', 'johnkym', 'blandm2']"
114,292,11,8,4,"['kazlaud1', 'newmanc5', 'loggij1', 'blandm2']",6,"['jrj82', 'noemigrodriguez11', 'siu856031918', 'tomkiej1', 'rda2127', 'jedojellyo236']",4,"[None, 'lusdykn1', 'siwekj1', 'asy2126']",14,"['asy2126', 'newmanc5', 'jrj82', 'loggij1', 'siwekj1', 'noemigrodriguez11', 'siu856031918', 'tomkiej1', 'rda2127', 'kazlaud1', 'jedojellyo236', 'blandm2', None, 'lusdykn1']"
115,123,11,70,6,"['tariqd98', 'mustachioj', 'hossindissoms', 'ordonez05', 'mattwds', 'dobrescuta']",4,"['oariess', 'tklauner', 'morrisonka2', 'bibbjh']",64,"['ren0225', 'jayb', 'luchoesteban2003', 'y.ramirezc', 'danielpantoja', 'marish', 'sourish', 'santiagoalejandro2913', 'herndonas', 'a.novam', 'u3568932', 's.guerrero3', 'camiloztgmail10', 'suchemj', 'alejosalgadom', 'adolfot', 'brayanmartin14', 'juanfelipecaicedo11', 'angietmolano26', 'kajagoogoo', 'lfsalasnu', 'estaban250212', 'jmoodini', 'n.rincon4', 'juancardona543', 'j.pachecop', 'dandubacsi', 'snapierjr', 'itapia', 'anjuloma', 'f.alvarezl', 'vophuochuy231990', 'cahc232', 'jjboereau', 'alawso26', 'hanniahdz008', 'ah.dydak', 'giulia.scamporrino', 'kevinpilotzi12', 'william_garcia25', 'kkanuparthi', 'camilomojica08', 'juanivan', 'qpid1011', 'guayacansebastian', 'shawn2k99', 'julipa02', 'waweno137', 'ackarles', 't.montes', 'jbesco', 'srivkav', 'sebastianmoya2002', 'yxpeng_183pro', 'martinezbrighettatiana', None, 'a.pulidog8135', 'gabrielsaavedra995', 'danielfgarcial', 'dustinhl', 'g.gonzalezc', 'patoreyes02', 'nischalbkj1', 'nicolasdiaz200308']",74,"['tariqd98', 'ren0225', 'jayb', 'luchoesteban2003', 'y.ramirezc', 'danielpantoja', 'marish', 'sourish', 'santiagoalejandro2913', 'herndonas', 'a.novam', 'u3568932', 's.guerrero3', 'ordonez05', 'camiloztgmail10', 'suchemj', 'alejosalgadom', 'adolfot', 'brayanmartin14', 'juanfelipecaicedo11', 'oariess', 'angietmolano26', 'kajagoogoo', 'lfsalasnu', 'estaban250212', 'jmoodini', 'n.rincon4', 'juancardona543', 'mustachioj', 'j.pachecop', 'dandubacsi', 'snapierjr', 'dobrescuta', 'itapia', 'tklauner', 'morrisonka2', 'anjuloma', 'f.alvarezl', 'hossindissoms', 'vophuochuy231990', 'cahc232', 'jjboereau', 'alawso26', 'hanniahdz008', 'ah.dydak', 'giulia.scamporrino', 'kevinpilotzi12', 'william_garcia25', 'kkanuparthi', 'camilomojica08', 'juanivan', 'qpid1011', 'guayacansebastian', 'shawn2k99', 'julipa02', 'waweno137', 'ackarles', 't.montes', 'jbesco', 'srivkav', 'sebastianmoya2002', 'yxpeng_183pro', 'mattwds', 'martinezbrighettatiana', None, 'bibbjh', 'a.pulidog8135', 'gabrielsaavedra995', 'danielfgarcial', 'dustinhl', 'g.gonzalezc', 'patoreyes02', 'nischalbkj1', 'nicolasdiaz200308']"
115,12,11,20,8,"['morrisonka2', 'mustachioj', 'oariess', 'hossindissoms', 'ordonez05', 'mattwds', 'bibbjh', 'dobrescuta']",2,"['tariqd98', 'tklauner']",12,"['uozgur', 'afilalhe', 'grazianige', 'ah.dydak', 'poynterkd', 'dustinhl', 'vallejora2', 'ackarles', 'jonesca25', 'talonmane4', None, 'suchemj']",22,"['tariqd98', 'tklauner', 'morrisonka2', 'uozgur', 'afilalhe', 'oariess', 'hossindissoms', 'poynterkd', 'ackarles', 'jonesca25', 'mattwds', None, 'bibbjh', 'mustachioj', 'grazianige', 'ah.dydak', 'dustinhl', 'vallejora2', 'ordonez05', 'talonmane4', 'suchemj', 'dobrescuta']"
115,134,11,20,8,"['morrisonka2', 'mustachioj', 'oariess', 'hossindissoms', 'ordonez05', 'mattwds', 'bibbjh', 'dobrescuta']",2,"['tariqd98', 'tklauner']",12,"['afilalhe', 'grazianige', 'ah.dydak', 'poynterkd', 'dustinhl', 'vallejora2', 'herndonas', 'ackarles', 'jonesca25', 'talonmane4', None, 'suchemj']",22,"['tariqd98', 'tklauner', 'morrisonka2', 'afilalhe', 'oariess', 'hossindissoms', 'poynterkd', 'ackarles', 'jonesca25', 'mattwds', None, 'bibbjh', 'mustachioj', 'grazianige', 'ah.dydak', 'dustinhl', 'vallejora2', 'herndonas', 'ordonez05', 'talonmane4', 'suchemj', 'dobrescuta']"
115,23,11,19,8,"['morrisonka2', 'mustachioj', 'oariess', 'hossindissoms', 'ordonez05', 'mattwds', 'bibbjh', 'dobrescuta']",2,"['tariqd98', 'tklauner']",11,"['noahbruccoleri', None, 'uozgur', 'grazianige', 'ah.dydak', 'poynterkd', 'benzekrim', 'ackarles', 'jonesca25', 'vavrutin', 'suchemj']",21,"['tariqd98', 'tklauner', 'morrisonka2', 'uozgur', 'oariess', 'hossindissoms', 'poynterkd', 'ackarles', 'jonesca25', 'mattwds', 'vavrutin', None, 'bibbjh', 'noahbruccoleri', 'mustachioj', 'grazianige', 'ah.dydak', 'benzekrim', 'ordonez05', 'suchemj', 'dobrescuta']"
115,21,11,16,1,['tklauner'],9,"['tariqd98', 'morrisonka2', 'mustachioj', 'oariess', 'hossindissoms', 'ordonez05', 'mattwds', 'bibbjh', 'dobrescuta']",15,"['rauxpauline', 'raphaelngenyi24', 'kvanhees', 'nroisin', 'julien.klauner', None, 'hugofich', 'zimerjb', 'clgevers', 'nicolas.dehalleux', 'bolteau', 'brockauly', 'funnybr0ther', 'arthurvdgb', 'thethos']",25,"['rauxpauline', 'tariqd98', 'nroisin', 'tklauner', 'morrisonka2', 'julien.klauner', 'oariess', 'hossindissoms', 'hugofich', 'nicolas.dehalleux', 'mattwds', 'thethos', None, 'bibbjh', 'raphaelngenyi24', 'kvanhees', 'mustachioj', 'zimerjb', 'clgevers', 'bolteau', 'brockauly', 'funnybr0ther', 'arthurvdgb', 'ordonez05', 'dobrescuta']"
115,27,11,15,8,"['morrisonka2', 'mustachioj', 'oariess', 'hossindissoms', 'ordonez05', 'mattwds', 'bibbjh', 'dobrescuta']",2,"['tariqd98', 'tklauner']",7,"['grazianige', 'poynterkd', 'herndonas', 'ackarles', 'jonesca25', None, 'suchemj']",17,"['tariqd98', 'tklauner', 'morrisonka2', 'oariess', 'hossindissoms', 'poynterkd', 'ackarles', 'jonesca25', 'mattwds', None, 'bibbjh', 'mustachioj', 'grazianige', 'herndonas', 'ordonez05', 'suchemj', 'dobrescuta']"
115,29,11,13,1,['tklauner'],9,"['tariqd98', 'morrisonka2', 'mustachioj', 'oariess', 'hossindissoms', 'ordonez05', 'mattwds', 'bibbjh', 'dobrescuta']",12,"['rauxpauline', 'raphaelngenyi24', 'arthurvdgb', 'zimerjb', 'clgevers', 'nicolas.dehalleux', '14tracolf', 'bolteau', 'funnybr0ther', 'aqsdcvb', 'julien.klauner', None]",22,"['rauxpauline', 'tariqd98', 'arthurvdgb', 'tklauner', 'morrisonka2', 'oariess', 'hossindissoms', 'nicolas.dehalleux', 'aqsdcvb', 'mattwds', None, 'bibbjh', 'raphaelngenyi24', 'mustachioj', 'zimerjb', 'clgevers', '14tracolf', 'bolteau', 'funnybr0ther', 'julien.klauner', 'ordonez05', 'dobrescuta']"
115,28,11,8,1,['tklauner'],9,"['tariqd98', 'morrisonka2', 'mustachioj', 'oariess', 'hossindissoms', 'ordonez05', 'mattwds', 'bibbjh', 'dobrescuta']",7,"['nroisin', 'zimerjb', 'clgevers', 'nicolas.dehalleux', 'bolteau', 'julien.klauner', None]",17,"['nroisin', 'tariqd98', 'tklauner', 'morrisonka2', 'mustachioj', 'oariess', 'hossindissoms', 'zimerjb', 'clgevers', 'nicolas.dehalleux', 'bolteau', 'julien.klauner', 'ordonez05', 'mattwds', None, 'bibbjh', 'dobrescuta']"
116,235,10,101,1,['eowang'],8,"['franchescayolaine.parilla.shs', 'adhi', 'terencekswong', 'johnsonchang258', 'timothyharris', 'yibang_wang', 'ljh97825', 'javiertsx']",100,"['chen2122', 'shah714', 'villal', 'lawren83', 'hashmi0', 'nottinge', 'deshpa31', 'ticody', 'gtorresr', 'kappaswa', 'atrikana', 'snowling', 'biswas34', 'coverstr', 'hnowak', 'pawar10', 'mart1282', 'pandey39', 'aloysius', 'alafzi', 'mhoeper', 'chientzulin', 'patel632', 'arora152', 'farentz', 'dritchi', 'mahm', 'gupta768', 'aafriat', 'carrollg', 'leonar37', 'mcclurez', 'yjzhuang5', 'efoesch', 'perrinm', 'dfarache', 'singla2', 'frankzhou', 'deshmukg', 'pmangana', 'john2811', 'thafner', 'dminnich', 'jcrosmer', 'avongun', 'reppertm', 'oaljowai', 'zhan4151', 'aprahara', 'zhan4096', 'jlthrock', 'wishard', 'mbeckeme', 'tmahlma', 'jverduzc', 'ercikan', 'rcampbel', 'rapplet', 'walla110', 'qu34', 'jbarsima', 'kumar537', 'ye280', 'sulli256', 'solimana', 'leebh_purdue2021', 'ahads', 'nandya', 'knordyke', 'yao201', 'kamath10', 'artheria', 'skunapul1508', 'banerj43', 'trived12', 'mishra94', 'aramkum', 'bstegma', 'ubajwa', 'darint916', 'psalek', 'mkalenty', 'sonid', None, 'dgilley', 'kaushala', 'fixa', 'hou111', 'sharm524', 'paul115', 'jie.roger.zhu', 'ethan2', 'tschoste', 'lkanwar', 'mwoulfe', 'nykiel.4', 'gnishibu', 'hguangshuai', 'marisol', 'blackwer']",109,"['chen2122', 'shah714', 'villal', 'lawren83', 'hashmi0', 'nottinge', 'deshpa31', 'johnsonchang258', 'ticody', 'gtorresr', 'kappaswa', 'atrikana', 'snowling', 'biswas34', 'coverstr', 'hnowak', 'pawar10', 'mart1282', 'pandey39', 'aloysius', 'alafzi', 'mhoeper', 'chientzulin', 'patel632', 'arora152', 'farentz', 'dritchi', 'mahm', 'gupta768', 'aafriat', 'carrollg', 'adhi', 'leonar37', 'yjzhuang5', 'efoesch', 'mcclurez', 'dfarache', 'perrinm', 'singla2', 'frankzhou', 'deshmukg', 'pmangana', 'john2811', 'thafner', 'dminnich', 'jcrosmer', 'avongun', 'reppertm', 'oaljowai', 'terencekswong', 'zhan4151', 'aprahara', 'zhan4096', 'ljh97825', 'jlthrock', 'wishard', 'mbeckeme', 'tmahlma', 'jverduzc', 'franchescayolaine.parilla.shs', 'ercikan', 'rcampbel', 'rapplet', 'walla110', 'qu34', 'yibang_wang', 'jbarsima', 'kumar537', 'javiertsx', 'ye280', 'sulli256', 'solimana', 'leebh_purdue2021', 'ahads', 'nandya', 'knordyke', 'yao201', 'kamath10', 'artheria', 'skunapul1508', 'banerj43', 'trived12', 'mishra94', 'aramkum', 'bstegma', 'ubajwa', 'timothyharris', 'darint916', 'psalek', 'mkalenty', 'sonid', None, 'dgilley', 'kaushala', 'fixa', 'eowang', 'hou111', 'sharm524', 'paul115', 'jie.roger.zhu', 'ethan2', 'tschoste', 'lkanwar', 'mwoulfe', 'nykiel.4', 'gnishibu', 'hguangshuai', 'marisol', 'blackwer']"
116,240,10,59,1,['franchescayolaine.parilla.shs'],8,"['eowang', 'adhi', 'terencekswong', 'johnsonchang258', 'timothyharris', 'yibang_wang', 'ljh97825', 'javiertsx']",58,"['franzesybile99', 'samanthaisabelle.rodrigo.pharma', 'ritzdelarueda', 'erikdeleon1234', 'annexindrylle.manalaysay.pharma', 'rainedimaculangan19', 'kariloise', 'vincent.villanueva.pharma', 'jameswilson.fampulme.pharma', 'ppgmendoza', 'denissevaldesancho', 'jucochinaaleksa', 'jhudielacupanda', 'rainecaringal10', 'marian.faith.borja', 'fhvianajr', 'yvdgzmn', 'anjguillan.baile.pharma', 'franchescayolaine.parilla', 'patriciaangelee.goggs.pharma', 'cornelio.manucat.pharma', 'biancaelissedd', 'kirsten0719', 'nikkielaine.baria.pharma', 'appoluz.almario.pharma', 'nyelagutier', 'zoeryaemi22', 'georgiaborja', 'seannathan.mendoza.pharma', 'estellamariz.morales.pharma', 'gayledaphneuy', 'ejlagman', 'raizamaureen.matias.pharma', 'matti_dy', 'dcjonah22', 'mrlabatos', 'janegrizellefuerza', 'jeanneloree.valderama.pharma', 'diannejoyce.saragpon.pharma', 'maryangeline', 'justinsoquila', 'marianne.fabrigas.pharma', 'dukesebastianulaso', 'troyedward.ramos.pharma', None, 'gabrieloleo', 'suvariemaiden.tan.pharma', 'mariamilagros.gloria.pharma', 'elouisesimone.lizardo.pharma', 'dansebastian.tilao', 'martinjoshua.delossantos.pharma', 'mikaela_arcadio', 'ajajajajaj', 'patriciaramos', 'bethanyplacino', 'jeblgd.ph', 'juliannemaevergara4', 'joahannareminajes']",67,"['franzesybile99', 'ritzdelarueda', 'erikdeleon1234', 'annexindrylle.manalaysay.pharma', 'vincent.villanueva.pharma', 'johnsonchang258', 'ppgmendoza', 'denissevaldesancho', 'jucochinaaleksa', 'marian.faith.borja', 'fhvianajr', 'yvdgzmn', 'cornelio.manucat.pharma', 'biancaelissedd', 'kirsten0719', 'nyelagutier', 'zoeryaemi22', 'georgiaborja', 'mrlabatos', 'estellamariz.morales.pharma', 'ejlagman', 'raizamaureen.matias.pharma', 'adhi', 'jeanneloree.valderama.pharma', 'diannejoyce.saragpon.pharma', 'marianne.fabrigas.pharma', 'elouisesimone.lizardo.pharma', 'dansebastian.tilao', 'martinjoshua.delossantos.pharma', 'ajajajajaj', 'terencekswong', 'patriciaramos', 'bethanyplacino', 'jeblgd.ph', 'juliannemaevergara4', 'ljh97825', 'joahannareminajes', 'samanthaisabelle.rodrigo.pharma', 'franchescayolaine.parilla.shs', 'rainedimaculangan19', 'kariloise', 'jameswilson.fampulme.pharma', 'yibang_wang', 'jhudielacupanda', 'rainecaringal10', 'javiertsx', 'anjguillan.baile.pharma', 'franchescayolaine.parilla', 'patriciaangelee.goggs.pharma', 'nikkielaine.baria.pharma', 'appoluz.almario.pharma', 'seannathan.mendoza.pharma', 'gayledaphneuy', 'matti_dy', 'dcjonah22', 'janegrizellefuerza', 'maryangeline', 'justinsoquila', 'timothyharris', 'dukesebastianulaso', 'troyedward.ramos.pharma', None, 'gabrieloleo', 'suvariemaiden.tan.pharma', 'mariamilagros.gloria.pharma', 'eowang', 'mikaela_arcadio']"
118,139,10,8,7,"['bdockery5', 'delliott39', 'tylerstinson', 'aholdgreve', 'labdallah5', 'smitchell166', 'cnoel14']",2,"['athein1', 'nuwanaka']",1,[None],10,"['bdockery5', 'athein1', 'delliott39', 'tylerstinson', 'nuwanaka', 'aholdgreve', 'labdallah5', 'smitchell166', 'cnoel14', None]"
119,39,10,22,7,"['denizacil', 'throwmeaway', 'inorganicsynthesis', 'yinenghan', 'txy953377198', 'zsy6159', 'ljw']",2,"['mmoham57', 'moarabi']",15,"['leng', 'pncho7', 'e.lee0325', 'tianjiacheng066', 'saismaransb', 'adams3cn', 'jabern', 'brianwenpitt', 'grcosta95', 'moarabikakabalo', 'skh46', 'jx2471', None, 'anlanchen1', 'tinybun']",24,"['pncho7', 'e.lee0325', 'saismaransb', 'adams3cn', 'brianwenpitt', 'inorganicsynthesis', 'moarabikakabalo', 'jx2471', 'txy953377198', None, 'ljw', 'tinybun', 'denizacil', 'leng', 'mmoham57', 'throwmeaway', 'tianjiacheng066', 'jabern', 'yinenghan', 'grcosta95', 'skh46', 'zsy6159', 'moarabi', 'anlanchen1']"
119,38,10,16,6,"['denizacil', 'throwmeaway', 'inorganicsynthesis', 'yinenghan', 'txy953377198', 'ljw']",3,"['mmoham57', 'moarabi', 'zsy6159']",10,"['e.lee0325', 'brianwenpitt', 'grcosta95', 'moarabikakabalo', 'yb50', 'skh46', 'anlanchen', 'jx2471', 'lynnnnn', None]",19,"['e.lee0325', 'brianwenpitt', 'inorganicsynthesis', 'moarabikakabalo', 'jx2471', 'txy953377198', 'lynnnnn', None, 'ljw', 'denizacil', 'mmoham57', 'throwmeaway', 'yinenghan', 'grcosta95', 'yb50', 'skh46', 'anlanchen', 'zsy6159', 'moarabi']"
119,40,10,8,1,['mmoham57'],8,"['denizacil', 'throwmeaway', 'inorganicsynthesis', 'yinenghan', 'txy953377198', 'zsy6159', 'moarabi', 'ljw']",7,"['mgoryll', 'conuschak', 'aljessop', 'jebaraja2419', 'gwarner3', 'kdenial', None]",16,"['denizacil', 'mgoryll', 'mmoham57', 'throwmeaway', None, 'conuschak', 'aljessop', 'inorganicsynthesis', 'yinenghan', 'jebaraja2419', 'gwarner3', 'kdenial', 'txy953377198', 'zsy6159', 'moarabi', 'ljw']"
120,268,10,7,6,"['simpson.raimi', 'nathenmathew', 'wtc980619', 'hongh3', 'mennae', 'bruceo']",3,"['patelz6', 'zhue3', 'guof11']",1,[None],10,"['simpson.raimi', 'nathenmathew', 'guof11', 'zhue3', 'wtc980619', 'patelz6', 'hongh3', 'mennae', None, 'bruceo']"
121,1,10,26,3,"['gowthamdevisetty19', 'swethavavilla1706', 'sk2056473']",6,"['bharathi2001bme', 'hyshnavi', 'ashikayas169', 'eswarkumar.kandepi', 'saradhasadasivam', 'balachanderr886']",23,"['bhaskarrao', 'vedhasriudhayakumar19', 'sarikitejasvi', 'ganeshp19', 'gurudineshm19', 'bethapudikarthik128', 'ravanala.subhashini', 'pkeerthivasan18', 'adarshrag', 'vangapoojitha2001', 'kummarisubbas18', 'sumithkumar12', 'sannithir18', 'bvenkatasubbakarthikgupta19', 'saicharithguturu9494', None, 'sanjuroy', 'manijoshich23', 'beemavarapupraveenkumar17', 'sanjupriya.chinnu', 'smaran43', 'degalalokesh', 'jagadheesh']",32,"['bhaskarrao', 'vedhasriudhayakumar19', 'ganeshp19', 'sarikitejasvi', 'gurudineshm19', 'saradhasadasivam', 'balachanderr886', 'bethapudikarthik128', 'ravanala.subhashini', 'pkeerthivasan18', 'ashikayas169', 'adarshrag', 'gowthamdevisetty19', 'vangapoojitha2001', 'eswarkumar.kandepi', 'kummarisubbas18', 'sumithkumar12', 'sk2056473', 'hyshnavi', 'sannithir18', 'swethavavilla1706', 'bvenkatasubbakarthikgupta19', 'saicharithguturu9494', None, 'sanjuroy', 'manijoshich23', 'bharathi2001bme', 'beemavarapupraveenkumar17', 'sanjupriya.chinnu', 'smaran43', 'degalalokesh', 'jagadheesh']"
121,153,10,20,3,"['gowthamdevisetty19', 'swethavavilla1706', 'sk2056473']",6,"['bharathi2001bme', 'hyshnavi', 'ashikayas169', 'eswarkumar.kandepi', 'saradhasadasivam', 'balachanderr886']",17,"['bhaskarrao', 'manijoshich23', 'vedhasriudhayakumar19', 'bethapudikarthik128', 'sumithkumar12', 'ganeshp19', 'beemavarapupraveenkumar17', 'ravanala.subhashini', 'pkeerthivasan18', 'adarshrag', 'venkatagirivinay367', 'lakshmidhar31', 'bvenkatasubbakarthikgupta19', 'sanjupriya.chinnu', 'sanjuroy', None, 'mrcharanraja']",26,"['bhaskarrao', 'vedhasriudhayakumar19', 'sumithkumar12', 'sk2056473', 'ganeshp19', 'hyshnavi', 'swethavavilla1706', 'bvenkatasubbakarthikgupta19', 'saradhasadasivam', None, 'sanjuroy', 'balachanderr886', 'manijoshich23', 'bharathi2001bme', 'bethapudikarthik128', 'beemavarapupraveenkumar17', 'ravanala.subhashini', 'pkeerthivasan18', 'ashikayas169', 'adarshrag', 'venkatagirivinay367', 'lakshmidhar31', 'sanjupriya.chinnu', 'gowthamdevisetty19', 'eswarkumar.kandepi', 'mrcharanraja']"
121,4,10,11,5,"['bharathi2001bme', 'sk2056473', 'ashikayas169', 'saradhasadasivam', 'balachanderr886']",4,"['hyshnavi', 'swethavavilla1706', 'eswarkumar.kandepi', 'gowthamdevisetty19']",6,"['karpoorhamza', 'vasanthn19', 'hafsatabassum', 'soniyamartin', None, 'mrcharanraja']",15,"['sk2056473', 'karpoorhamza', 'hyshnavi', 'swethavavilla1706', 'vasanthn19', 'saradhasadasivam', None, 'balachanderr886', 'bharathi2001bme', 'ashikayas169', 'gowthamdevisetty19', 'hafsatabassum', 'soniyamartin', 'eswarkumar.kandepi', 'mrcharanraja']"
121,154,10,11,5,"['bharathi2001bme', 'sk2056473', 'ashikayas169', 'saradhasadasivam', 'balachanderr886']",4,"['hyshnavi', 'swethavavilla1706', 'eswarkumar.kandepi', 'gowthamdevisetty19']",6,"['karpoorhamza', 'vasanthn19', 'hafsatabassum', 'soniyamartin', None, 'mrcharanraja']",15,"['sk2056473', 'karpoorhamza', 'hyshnavi', 'swethavavilla1706', 'vasanthn19', 'saradhasadasivam', None, 'balachanderr886', 'bharathi2001bme', 'ashikayas169', 'gowthamdevisetty19', 'hafsatabassum', 'soniyamartin', 'eswarkumar.kandepi', 'mrcharanraja']"
121,503,10,11,4,"['eswarkumar.kandepi', 'bharathi2001bme', 'sk2056473', 'ashikayas169']",5,"['hyshnavi', 'swethavavilla1706', 'gowthamdevisetty19', 'saradhasadasivam', 'balachanderr886']",7,"['kannemerakalareemasekhar19', 'gowthamsiddhu369', 'shiny1255', 'thabares777', 'srithika2019', None, 'manishskumar980']",16,"['sk2056473', 'hyshnavi', 'kannemerakalareemasekhar19', 'swethavavilla1706', 'gowthamsiddhu369', 'shiny1255', 'thabares777', 'srithika2019', 'saradhasadasivam', None, 'balachanderr886', 'bharathi2001bme', 'ashikayas169', 'gowthamdevisetty19', 'eswarkumar.kandepi', 'manishskumar980']"
121,359,10,10,4,"['balachanderr886', 'bharathi2001bme', 'saradhasadasivam', 'ashikayas169']",5,"['sk2056473', 'hyshnavi', 'swethavavilla1706', 'gowthamdevisetty19', 'eswarkumar.kandepi']",6,"['karpoorhamza', 'vasanthn19', 'hafsatabassum', 'soniyamartin', None, 'mrcharanraja']",15,"['sk2056473', 'karpoorhamza', 'hyshnavi', 'swethavavilla1706', 'vasanthn19', 'saradhasadasivam', None, 'balachanderr886', 'bharathi2001bme', 'ashikayas169', 'gowthamdevisetty19', 'hafsatabassum', 'soniyamartin', 'eswarkumar.kandepi', 'mrcharanraja']"
121,347,10,9,4,"['balachanderr886', 'bharathi2001bme', 'saradhasadasivam', 'ashikayas169']",5,"['sk2056473', 'hyshnavi', 'swethavavilla1706', 'gowthamdevisetty19', 'eswarkumar.kandepi']",5,"['vasanthn19', 'hafsatabassum', 'soniyamartin', None, 'mrcharanraja']",14,"[None, 'bharathi2001bme', 'sk2056473', 'hyshnavi', 'swethavavilla1706', 'ashikayas169', 'vasanthn19', 'gowthamdevisetty19', 'hafsatabassum', 'soniyamartin', 'eswarkumar.kandepi', 'saradhasadasivam', 'mrcharanraja', 'balachanderr886']"
121,501,10,9,4,"['balachanderr886', 'bharathi2001bme', 'saradhasadasivam', 'ashikayas169']",5,"['sk2056473', 'hyshnavi', 'swethavavilla1706', 'gowthamdevisetty19', 'eswarkumar.kandepi']",5,"['vasanthn19', 'hafsatabassum', 'saivenugopalnikku19', None, 'mrcharanraja']",14,"[None, 'bharathi2001bme', 'sk2056473', 'hyshnavi', 'swethavavilla1706', 'ashikayas169', 'vasanthn19', 'gowthamdevisetty19', 'hafsatabassum', 'eswarkumar.kandepi', 'saivenugopalnikku19', 'saradhasadasivam', 'mrcharanraja', 'balachanderr886']"
121,502,10,9,1,['eswarkumar.kandepi'],8,"['bharathi2001bme', 'sk2056473', 'hyshnavi', 'swethavavilla1706', 'ashikayas169', 'gowthamdevisetty19', 'saradhasadasivam', 'balachanderr886']",8,"['siva4nano', 'jananikbala19', 'marthajeslin19', 'sridhard19', 'gowthamsiddhu369', 'hemanths19', 'vasanthn19', None]",17,"['siva4nano', None, 'bharathi2001bme', 'sk2056473', 'jananikbala19', 'hyshnavi', 'marthajeslin19', 'swethavavilla1706', 'sridhard19', 'gowthamsiddhu369', 'ashikayas169', 'hemanths19', 'vasanthn19', 'gowthamdevisetty19', 'eswarkumar.kandepi', 'saradhasadasivam', 'balachanderr886']"
121,2,10,8,1,['eswarkumar.kandepi'],8,"['bharathi2001bme', 'sk2056473', 'hyshnavi', 'swethavavilla1706', 'ashikayas169', 'gowthamdevisetty19', 'saradhasadasivam', 'balachanderr886']",7,"['bethapudikarthik128', 'sumithkumar12', 'sarikitejasvi', 'beemavarapupraveenkumar17', 'parlapallisaitharun16', None, 'sanjuroy']",16,"[None, 'bharathi2001bme', 'sk2056473', 'bethapudikarthik128', 'sumithkumar12', 'sarikitejasvi', 'hyshnavi', 'swethavavilla1706', 'beemavarapupraveenkumar17', 'ashikayas169', 'gowthamdevisetty19', 'parlapallisaitharun16', 'eswarkumar.kandepi', 'saradhasadasivam', 'sanjuroy', 'balachanderr886']"
121,348,10,8,4,"['gowthamdevisetty19', 'swethavavilla1706', 'sk2056473', 'balachanderr886']",5,"['bharathi2001bme', 'hyshnavi', 'ashikayas169', 'eswarkumar.kandepi', 'saradhasadasivam']",4,"['vedhasriudhayakumar19', None, 'sumithkumar12', 'mrcharanraja']",13,"['vedhasriudhayakumar19', None, 'bharathi2001bme', 'sk2056473', 'sumithkumar12', 'hyshnavi', 'swethavavilla1706', 'ashikayas169', 'gowthamdevisetty19', 'eswarkumar.kandepi', 'saradhasadasivam', 'mrcharanraja', 'balachanderr886']"
121,360,10,7,1,['saradhasadasivam'],8,"['bharathi2001bme', 'sk2056473', 'hyshnavi', 'swethavavilla1706', 'ashikayas169', 'gowthamdevisetty19', 'eswarkumar.kandepi', 'balachanderr886']",6,"['giftymiraclene', 'narmada.kanagala2702', 'jananipokala', 'shinyshawr19', None, 'sharon27']",15,"['giftymiraclene', None, 'bharathi2001bme', 'sk2056473', 'narmada.kanagala2702', 'hyshnavi', 'swethavavilla1706', 'shinyshawr19', 'ashikayas169', 'gowthamdevisetty19', 'jananipokala', 'eswarkumar.kandepi', 'saradhasadasivam', 'sharon27', 'balachanderr886']"
121,500,10,7,3,"['gowthamdevisetty19', 'swethavavilla1706', 'sk2056473']",6,"['bharathi2001bme', 'hyshnavi', 'ashikayas169', 'eswarkumar.kandepi', 'saradhasadasivam', 'balachanderr886']",4,"['vedhasriudhayakumar19', None, 'sumithkumar12', 'mrcharanraja']",13,"['vedhasriudhayakumar19', None, 'bharathi2001bme', 'sk2056473', 'sumithkumar12', 'hyshnavi', 'swethavavilla1706', 'ashikayas169', 'gowthamdevisetty19', 'eswarkumar.kandepi', 'saradhasadasivam', 'mrcharanraja', 'balachanderr886']"
123,186,10,13,6,"['dkiaupa2', 'chianl2', 'luketk2', 'wnorth2', 'tw22', 'rhossa2']",3,"['pc8', 'jmwong4', 'lsmith41']",7,"['ethanay2', 'fshyti2', 'calvinv2', 'qiuyuw2', 'pnathan2', None, 'damer']",16,"['dkiaupa2', 'chianl2', 'luketk2', 'fshyti2', 'tw22', 'damer', 'rhossa2', 'qiuyuw2', None, 'ethanay2', 'wnorth2', 'jmwong4', 'calvinv2', 'pc8', 'pnathan2', 'lsmith41']"
123,147,10,8,5,"['dkiaupa2', 'chianl2', 'luketk2', 'wnorth2', 'tw22']",4,"['pc8', 'jmwong4', 'lsmith41', 'rhossa2']",3,"[None, 'qiuyuw2', 'calvinv2']",12,"['dkiaupa2', 'chianl2', 'luketk2', 'wnorth2', 'jmwong4', 'calvinv2', 'tw22', 'pc8', 'rhossa2', 'qiuyuw2', None, 'lsmith41']"
125,128,10,22,6,"['hardcore22334', 'khan4101816', 'alam4106837', 'siddiqui4105171', 'smhqhassan', 'siraj4101017']",3,"['zuhra.apriyani24', 'd.rodriguez.ch99', 'elzyalfaro']",16,"['hr4245906', 'bilalamunir1', 'salehabano.ned', 'syedasaad.august', 'salehali', 'alam4102423', 'rehman4106275', 'syedalikhan29', 'aamir4105581', 'umerk9800', 'rizvi4103721', 'maharukh4105688', 'toobaashraf169', None, 'hammad4102992', 'akhter4102131']",25,"['hr4245906', 'hardcore22334', 'salehabano.ned', 'syedasaad.august', 'zuhra.apriyani24', 'alam4102423', 'd.rodriguez.ch99', 'rehman4106275', 'syedalikhan29', 'aamir4105581', 'siddiqui4105171', 'siraj4101017', None, 'hammad4102992', 'akhter4102131', 'bilalamunir1', 'salehali', 'khan4101816', 'elzyalfaro', 'alam4106837', 'umerk9800', 'rizvi4103721', 'smhqhassan', 'maharukh4105688', 'toobaashraf169']"
128,474,10,19,3,"['mayara.nogueira', 'barnez164', 'tamysasa']",6,"['atsui1', 'cchavd2', 'woodbangg69', 'lucaspelinson.lg', 'd.t.yimam1', 'kamalsoliman']",16,"['bianca.alvarenga', 'giovannadb', 'kamille.krieger', 'g.franceschetti', 'santos.arthur', 'isabela.rejes', 'stefani.izaias', 'gabrielbento97', 'odairjoseribeiro7', 'amanda.catelan', 'cedric.rocha', 'biancaalvarenga98', 'augustotcm', 'wellington.pinheiro', None, 'leonardocarmo9803']",25,"['bianca.alvarenga', 'atsui1', 'g.franceschetti', 'barnez164', 'tamysasa', 'gabrielbento97', 'amanda.catelan', 'cedric.rocha', 'mayara.nogueira', 'cchavd2', 'lucaspelinson.lg', 'd.t.yimam1', 'augustotcm', 'wellington.pinheiro', None, 'leonardocarmo9803', 'odairjoseribeiro7', 'kamille.krieger', 'santos.arthur', 'isabela.rejes', 'stefani.izaias', 'woodbangg69', 'biancaalvarenga98', 'kamalsoliman', 'giovannadb']"
128,172,10,18,4,"['lucaspelinson.lg', 'mayara.nogueira', 'barnez164', 'tamysasa']",5,"['atsui1', 'cchavd2', 'woodbangg69', 'd.t.yimam1', 'kamalsoliman']",14,"['kamille.krieger', 'thais.resende98', 'g.franceschetti', 'lorenoscar123', 'santos.arthur', 'gabrielbento97', 'stefani.izaias', 'amanda.catelan', 'cedric.rocha', 'leonardocarmo9803', 'augustotcm', None, 'mario.pedroni', 'giovannadb']",23,"['atsui1', 'thais.resende98', 'g.franceschetti', 'barnez164', 'tamysasa', 'gabrielbento97', 'amanda.catelan', 'cedric.rocha', 'mayara.nogueira', 'cchavd2', 'lucaspelinson.lg', 'd.t.yimam1', 'augustotcm', None, 'mario.pedroni', 'leonardocarmo9803', 'kamille.krieger', 'lorenoscar123', 'santos.arthur', 'stefani.izaias', 'woodbangg69', 'kamalsoliman', 'giovannadb']"
129,220,10,110,2,"['ryan103', 'jwat']",7,"['caroline.azvdo', 'lucasbernardo', 'igornog1001', 'lorenaoapereira', 'adrianadelmarvelez5', 'leticiaperdigao', 'allosh.alaa.89']",108,"['chen2122', 'shah714', 'villal', 'lawren83', 'nottinge', 'deshpa31', 'ticody', 'gtorresr', 'kappaswa', 'snowling', 'biswas34', 'coverstr', 'hnowak', 'mart1282', 'pandey39', 'fish15', 'juanjuanlu28', 'aloysius', 'rortague', 'alafzi', 'mhoeper', 'nh_engagement', 'chientzulin', 'patel632', 'jhartl', 'arora152', 'farentz', 'dritchi', 'mahm', 'gupta768', 'aafriat', 'carrollg', 'leonar37', 'mcclurez', 'efoesch', 'perrinm', 'dfarache', 'singla2', 'rciez2125', 'frankzhou', 'kezra', 'deshmukg', 'faltens', 'john2811', 'thafner', 'shanks5', 'dminnich', 'jcrosmer', 'reppertm', 'oaljowai', 'aprahara', 'zhan4096', 'iyer95', 'jlthrock', 'lu448', 'wishard', 'mbeckeme', 'aponkshe', 'tmahlma', 'jverduzc', 'rcampbel', 'pandes', 'rapplet', 'walla110', 'qu34', 'smoranka', 'jbarsima', 'kumar537', 'sdhamank', 'jwaimin', 'ye280', '3ksnn64', 'sulli256', 'solimana', 'leebh_purdue2021', 'ahads', 'nandya', 'naik26', 'knordyke', 'tremblay', 'kamath10', 'artheria', 'dewey2', 'hmackins', 'trived12', 'mishra94', 'aramkum', 'bstegma', 'klein108', 'ubajwa', 'tshivam4', 'darint916', 'psalek', 'mkalenty', 'woods158', 'sonid', None, 'cmousoul', 'kaushala', 'fixa', 'hou111', 'sharm524', 'vadabala', 'tschoste', 'lkanwar', 'nykiel.4', 'gnishibu', 'blackwer']",117,"['chen2122', 'shah714', 'villal', 'lawren83', 'nottinge', 'deshpa31', 'ticody', 'gtorresr', 'kappaswa', 'snowling', 'biswas34', 'coverstr', 'hnowak', 'mart1282', 'pandey39', 'ryan103', 'fish15', 'juanjuanlu28', 'aloysius', 'adrianadelmarvelez5', 'rortague', 'alafzi', 'mhoeper', 'nh_engagement', 'chientzulin', 'patel632', 'jhartl', 'arora152', 'farentz', 'dritchi', 'mahm', 'gupta768', 'lucasbernardo', 'aafriat', 'carrollg', 'leonar37', 'mcclurez', 'efoesch', 'perrinm', 'dfarache', 'singla2', 'rciez2125', 'frankzhou', 'kezra', 'deshmukg', 'faltens', 'john2811', 'caroline.azvdo', 'thafner', 'shanks5', 'dminnich', 'jcrosmer', 'reppertm', 'oaljowai', 'aprahara', 'zhan4096', 'iyer95', 'jlthrock', 'lu448', 'wishard', 'mbeckeme', 'aponkshe', 'tmahlma', 'jverduzc', 'igornog1001', 'rcampbel', 'pandes', 'rapplet', 'walla110', 'qu34', 'smoranka', 'jbarsima', 'kumar537', 'sdhamank', 'jwaimin', 'ye280', '3ksnn64', 'sulli256', 'solimana', 'leebh_purdue2021', 'ahads', 'nandya', 'naik26', 'knordyke', 'lorenaoapereira', 'tremblay', 'kamath10', 'artheria', 'dewey2', 'hmackins', 'trived12', 'mishra94', 'aramkum', 'bstegma', 'klein108', 'ubajwa', 'tshivam4', 'darint916', 'leticiaperdigao', 'psalek', 'mkalenty', 'sonid', 'jwat', None, 'allosh.alaa.89', 'kaushala', 'woods158', 'cmousoul', 'fixa', 'hou111', 'sharm524', 'vadabala', 'tschoste', 'lkanwar', 'nykiel.4', 'gnishibu', 'blackwer']"
129,219,10,12,1,['jwat'],8,"['caroline.azvdo', 'lucasbernardo', 'ryan103', 'igornog1001', 'lorenaoapereira', 'adrianadelmarvelez5', 'leticiaperdigao', 'allosh.alaa.89']",11,"['jverduzc', None, 'strachan', 'leebh_purdue2021', 'ahads', 'reppertm', 'rapplet', 'alafzi', 'tshivam4', 'psalek', 'hguangshuai']",20,"['jverduzc', 'strachan', 'lucasbernardo', 'igornog1001', 'rapplet', 'tshivam4', 'leticiaperdigao', 'psalek', None, 'jwat', 'allosh.alaa.89', 'caroline.azvdo', 'leebh_purdue2021', 'ryan103', 'ahads', 'reppertm', 'lorenaoapereira', 'adrianadelmarvelez5', 'alafzi', 'hguangshuai']"
131,379,10,12,9,"['bencbernard', 'chukwudalu', 'keaganyates', 'saiful131459', 'johncarroll099', 'nsand9736', 'rabina.awal433', 'ar.garbie', 'yudongwangjax']",0,[],3,"['damilare', None, 'ogd.david']",12,"['saiful131459', 'ogd.david', 'rabina.awal433', None, 'bencbernard', 'chukwudalu', 'keaganyates', 'johncarroll099', 'nsand9736', 'damilare', 'ar.garbie', 'yudongwangjax']"
131,173,10,10,7,"['bencbernard', 'chukwudalu', 'keaganyates', 'saiful131459', 'johncarroll099', 'rabina.awal433', 'yudongwangjax']",2,"['nsand9736', 'ar.garbie']",3,"['damilare', None, 'ogd.david']",12,"['saiful131459', 'ogd.david', 'rabina.awal433', None, 'bencbernard', 'chukwudalu', 'keaganyates', 'johncarroll099', 'nsand9736', 'damilare', 'ar.garbie', 'yudongwangjax']"
132,539,9,11,7,"['rheavene', 'smacphe', 'aajachim', 'smit3417', 'apunnamo', 'dleoni', 'layyar']",1,['anders67'],4,"[None, 'davidjohnson', 'lund3', 'iczajkow']",12,"['rheavene', 'aajachim', 'apunnamo', 'davidjohnson', 'dleoni', 'layyar', None, 'smacphe', 'lund3', 'smit3417', 'iczajkow', 'anders67']"
134,388,9,7,3,"['cacha', 'lanusmatias', 'blnoelia']",5,"['leidy.trujillo', 'tonymilla', 'brevisf', 'l.batacline', 'diego_marques']",4,"['sol.3.92', 'solange.munoz', None, 'dmarcini88']",12,"['sol.3.92', 'leidy.trujillo', 'tonymilla', 'brevisf', 'cacha', 'lanusmatias', 'blnoelia', 'l.batacline', 'solange.munoz', None, 'dmarcini88', 'diego_marques']"
135,469,9,17,7,"['jerrymurphy', 'mh2207128', 'ashraf9', 'dylanmelander', 'sherif3394', 'marta0987', 'oygawish']",1,['youssefacer10'],10,"['luca.cappelletto.1', 'lado.filipovic', 'lprielinger', 'wxh2000', 'daniel_zapata_t', 'mi381969', 'lam2286', 'jwozny', 'chinnery', None]",18,"['jerrymurphy', 'mh2207128', 'lado.filipovic', 'lprielinger', 'wxh2000', 'ashraf9', 'lam2286', 'jwozny', 'chinnery', 'sherif3394', None, 'luca.cappelletto.1', 'daniel_zapata_t', 'mi381969', 'youssefacer10', 'dylanmelander', 'marta0987', 'oygawish']"
135,34,9,15,5,"['mh2207128', 'ashraf9', 'youssefacer10', 'sherif3394', 'oygawish']",3,"['jerrymurphy', 'marta0987', 'dylanmelander']",10,"['islam7769', 'minatallah_alaa2001', 'mf2809522', 'destro_', 'danielemad', 'maiop', 'hanin', 'd.sayed3007', None, 'iamyoussefmohammed']",18,"['jerrymurphy', 'mh2207128', 'islam7769', 'minatallah_alaa2001', 'destro_', 'ashraf9', 'maiop', 'hanin', 'sherif3394', None, 'iamyoussefmohammed', 'mf2809522', 'danielemad', 'd.sayed3007', 'youssefacer10', 'dylanmelander', 'marta0987', 'oygawish']"
135,426,9,10,5,"['mh2207128', 'ashraf9', 'youssefacer10', 'sherif3394', 'oygawish']",3,"['jerrymurphy', 'marta0987', 'dylanmelander']",5,"['minatallah_alaa2001', 'destro_', 'hanin', 'd.sayed3007', None]",13,"['jerrymurphy', 'mh2207128', 'minatallah_alaa2001', 'destro_', 'ashraf9', 'hanin', 'd.sayed3007', 'youssefacer10', 'dylanmelander', 'sherif3394', 'marta0987', None, 'oygawish']"
139,133,9,25,4,"['jeption2025', 'ccanongo', 'bradenboehmer', 'sancheznoah62']",4,"['milicic', 'wu545', 'alexmrc', 'leobarranco28']",21,"['dmaldonado497', 'ren0225', 'huntermoorega98', 'jayb', 'sambabler', 'kmorr171', 'jjboereau', 'alawso26', 'stoneralexis', 'theo61812', 'kosiunigwe', 'hanniahdz008', 'adesinajoseph14', 'guzkevin', 'josh_mp5', 'mnmanley23', 'kajagoogoo', 'jbesco', None, 'faridhudda999', 'jrbelt1']",29,"['dmaldonado497', 'ren0225', 'jeption2025', 'huntermoorega98', 'jayb', 'sambabler', 'kmorr171', 'ccanongo', 'jjboereau', 'alawso26', 'stoneralexis', 'theo61812', 'kosiunigwe', 'hanniahdz008', 'sancheznoah62', 'adesinajoseph14', 'guzkevin', 'milicic', 'bradenboehmer', 'josh_mp5', 'mnmanley23', 'alexmrc', 'kajagoogoo', 'jbesco', None, 'wu545', 'faridhudda999', 'jrbelt1', 'leobarranco28']"
140,258,9,17,5,"['qnguye31', 'wmcdearm', 'psauser', 'thomasperrell', 'atrevin2']",3,"['mrobi109', 'eburke17', 'jennabarilovits']",12,"['lmichel1', None, 'anaeem1', 'alejavilla3', 'ptolley1', 'efredhei', 'mvilla3', 'mvuong2', 'jcpoler', 'amurra38', 'alyssafediuk', 'shortpj']",20,"['qnguye31', 'ptolley1', 'wmcdearm', 'efredhei', 'eburke17', 'psauser', 'atrevin2', 'shortpj', 'lmichel1', 'mrobi109', None, 'jennabarilovits', 'anaeem1', 'alejavilla3', 'mvilla3', 'thomasperrell', 'mvuong2', 'jcpoler', 'amurra38', 'alyssafediuk']"
140,259,9,9,2,"['mrobi109', 'jennabarilovits']",6,"['eburke17', 'qnguye31', 'atrevin2', 'wmcdearm', 'thomasperrell', 'psauser']",7,"['lmichel1', None, 'alejavilla3', 'ptolley1', 'efredhei', 'alyssafediuk', 'shortpj']",15,"['eburke17', 'lmichel1', 'mrobi109', None, 'jennabarilovits', 'qnguye31', 'alejavilla3', 'ptolley1', 'shortpj', 'wmcdearm', 'psauser', 'thomasperrell', 'alyssafediuk', 'efredhei', 'atrevin2']"
142,436,9,12,4,"['reaganjtilley', 'reeree360', 'siu853933005', 'sagefr']",4,"['njk007', 'jackhiew000', 'lokesh31j', 'devashishchittodia99']",8,"['siu853494337', 'seciliah', 'csanford', 'siu856014058', 'noemigrodriguez11', 'siu856031918', 'jedojellyo236', None]",16,"['reaganjtilley', 'seciliah', 'csanford', 'siu856014058', 'noemigrodriguez11', 'devashishchittodia99', 'jedojellyo236', None, 'jackhiew000', 'siu853494337', 'lokesh31j', 'reeree360', 'sagefr', 'siu856031918', 'siu853933005', 'njk007']"
143,367,9,12,1,['a01024655'],7,"['hbocquet', 'saikat_mandal', 'daniel.marchand', 'rjosh009', 'gohari.hosein', 'a01027547', 'subhasismech1990']",11,"['guillermoandres', 'alondrabedolla', 'ayax.hernando', 'jrf2421', 'horaciolicona0711', 'axelbernal', 'a01023213', 'fer_zasa', 'gaco8', None, 'jaimembarajas']",19,"['hbocquet', 'guillermoandres', 'alondrabedolla', 'ayax.hernando', 'jrf2421', 'rjosh009', 'a01023213', 'a01027547', None, 'jaimembarajas', 'saikat_mandal', 'horaciolicona0711', 'daniel.marchand', 'axelbernal', 'a01024655', 'gohari.hosein', 'fer_zasa', 'gaco8', 'subhasismech1990']"
143,366,9,10,1,['a01024655'],7,"['hbocquet', 'saikat_mandal', 'daniel.marchand', 'rjosh009', 'gohari.hosein', 'a01027547', 'subhasismech1990']",9,"['guillermoandres', 'ayax.hernando', 'jrf2421', 'horaciolicona0711', 'axelbernal', 'fer_zasa', 'a01023213', 'gaco8', None]",17,"['hbocquet', 'guillermoandres', 'ayax.hernando', 'saikat_mandal', 'jrf2421', 'daniel.marchand', 'horaciolicona0711', 'gaco8', 'axelbernal', 'rjosh009', 'a01024655', 'gohari.hosein', 'fer_zasa', 'a01023213', 'a01027547', None, 'subhasismech1990']"
145,388,9,7,1,['sol.3.92'],7,"['khimananda.acharya', 'ejl1857', 'cristopher.morales', 'majobenitezr', 'arabinda', 'sebabairo00', 'wsheidow32']",6,"['cacha', 'lanusmatias', 'blnoelia', 'solange.munoz', None, 'dmarcini88']",14,"['sol.3.92', 'khimananda.acharya', 'majobenitezr', 'cristopher.morales', 'ejl1857', 'cacha', 'arabinda', 'lanusmatias', 'sebabairo00', 'blnoelia', 'wsheidow32', 'solange.munoz', None, 'dmarcini88']"
148,316,8,6,5,"['johnlloyd.austria', 'erikaarguelles024', 'samanthabernadette.magtanong', 'alexandra_239', 'jaadimaano']",2,"['marjorie.carenan', 'vanessamontalbo']",1,[None],8,"['johnlloyd.austria', 'erikaarguelles024', 'samanthabernadette.magtanong', 'marjorie.carenan', 'alexandra_239', 'vanessamontalbo', 'jaadimaano', None]"
149,272,8,7,6,"['do.ram15497', 'sandesh.lingayat15817', 'suresh.patil15633', 'aparajita.bera', 'pvlsailajarao', 'shreya.sawant15612']",1,['mugdha612'],1,[None],8,"['do.ram15497', 'sandesh.lingayat15817', 'suresh.patil15633', 'mugdha612', 'aparajita.bera', 'pvlsailajarao', None, 'shreya.sawant15612']"
151,572,8,22,1,['mkhossain'],6,"['lauravelvick', 'carmenwu', 'audreyparker', 'crystalbb123', 'kellilucas', 'hannahbyers']",21,"['evazquez33', 'dilibertojared', 'dvelazquez4', 'msakib5', 'adityaa', 'joloera00', 'rmuoio117', 'dstrubbe', 'upanta', 'serickson3', None, 'khasin', 'jarteaga1097', 'eguerrero23', 'zmauri', 'bbarriosmc', 'radyslavily', 'nolanakelly', 'thespazmer', 'kuohanlin', 'zvonjena']",28,"['lauravelvick', 'dstrubbe', 'rmuoio117', 'evazquez33', 'kuohanlin', 'upanta', 'dilibertojared', 'serickson3', 'kellilucas', None, 'khasin', 'hannahbyers', 'jarteaga1097', 'eguerrero23', 'carmenwu', 'audreyparker', 'crystalbb123', 'zmauri', 'bbarriosmc', 'dvelazquez4', 'radyslavily', 'msakib5', 'nolanakelly', 'adityaa', 'thespazmer', 'joloera00', 'mkhossain', 'zvonjena']"
151,568,8,21,2,"['carmenwu', 'hannahbyers']",5,"['lauravelvick', 'audreyparker', 'crystalbb123', 'mkhossain', 'kellilucas']",19,"['indigocloud123', 'wesleyjen', 'cycyruss1', 'creedfeigt', 'mirandanelson218', 'jasonhatfield', 'rileyjoinnides', 'ryanfinkelstein', 'hunterunderwood', 'caydendoyle', 'trentgarrett', 'joshuafadeley', None, 'maiaketteridge', 'mmilarvie', 'egraugnard', 'kristingooden', 'markskinner', 'ashtonenrriques']",26,"['lauravelvick', 'indigocloud123', 'joshuafadeley', 'wesleyjen', 'cycyruss1', 'creedfeigt', 'kellilucas', 'mirandanelson218', None, 'hannahbyers', 'maiaketteridge', 'jasonhatfield', 'carmenwu', 'audreyparker', 'crystalbb123', 'mmilarvie', 'rileyjoinnides', 'ryanfinkelstein', 'hunterunderwood', 'caydendoyle', 'egraugnard', 'kristingooden', 'mkhossain', 'markskinner', 'ashtonenrriques', 'trentgarrett']"
151,571,8,17,1,['mkhossain'],6,"['lauravelvick', 'carmenwu', 'audreyparker', 'crystalbb123', 'kellilucas', 'hannahbyers']",16,"['jarteaga1097', 'zmauri', 'dstrubbe', 'rmuoio117', 'dvelazquez4', 'evazquez33', 'radyslavily', 'serickson3', 'dilibertojared', 'nolanakelly', 'adityaa', 'joloera00', 'kuohanlin', 'zvonjena', None, 'khasin']",23,"['lauravelvick', 'dstrubbe', 'rmuoio117', 'evazquez33', 'kuohanlin', 'serickson3', 'dilibertojared', 'kellilucas', None, 'khasin', 'hannahbyers', 'jarteaga1097', 'zmauri', 'carmenwu', 'audreyparker', 'crystalbb123', 'dvelazquez4', 'radyslavily', 'nolanakelly', 'adityaa', 'joloera00', 'mkhossain', 'zvonjena']"
151,570,8,13,1,['mkhossain'],6,"['lauravelvick', 'carmenwu', 'audreyparker', 'crystalbb123', 'kellilucas', 'hannahbyers']",12,"['zmauri', 'dstrubbe', 'dvelazquez4', 'radyslavily', 'evazquez33', 'kuohanlin', 'upanta', 'nolanakelly', 'joloera00', 'rmuoio117', 'zvonjena', None]",19,"['lauravelvick', 'dstrubbe', 'rmuoio117', 'evazquez33', 'kuohanlin', 'upanta', 'kellilucas', None, 'hannahbyers', 'zmauri', 'carmenwu', 'audreyparker', 'crystalbb123', 'dvelazquez4', 'radyslavily', 'nolanakelly', 'joloera00', 'mkhossain', 'zvonjena']"
151,573,8,10,5,"['carmenwu', 'audreyparker', 'crystalbb123', 'kellilucas', 'hannahbyers']",2,"['lauravelvick', 'mkhossain']",5,"['cataanderson1103', 'dustinnguyen90', 'codylacoursiere', None, 'cademg']",12,"['lauravelvick', 'cataanderson1103', 'codylacoursiere', 'kellilucas', None, 'hannahbyers', 'cademg', 'carmenwu', 'audreyparker', 'crystalbb123', 'dustinnguyen90', 'mkhossain']"
151,574,8,6,3,"['crystalbb123', 'kellilucas', 'hannahbyers']",4,"['lauravelvick', 'mkhossain', 'carmenwu', 'audreyparker']",3,"['cataanderson1103', 'shannoncrain', None]",10,"['lauravelvick', 'cataanderson1103', 'carmenwu', 'audreyparker', 'crystalbb123', 'shannoncrain', 'mkhossain', 'kellilucas', None, 'hannahbyers']"
152,349,8,7,4,"['esolisc', 'nataly.lopez.z', 'acoriao', 'melaniesurco72']",3,"['dguillent', 'ametech789', 'christopher.revata.a']",3,"['jose.blood55', None, 'angelus.veliz12']",10,"['esolisc', 'melaniesurco72', 'angelus.veliz12', 'jose.blood55', 'nataly.lopez.z', 'acoriao', 'ametech789', None, 'dguillent', 'christopher.revata.a']"
154,474,8,19,2,"['bianca.alvarenga', 'isabela.rejes']",5,"['13susant', 'gj785587', 'reginaldo.junior', 'lucaspelinson', 'jmacatan']",17,"['giovannadb', 'kamille.krieger', 'g.franceschetti', 'santos.arthur', 'barnez164', 'stefani.izaias', 'tamysasa', 'odairjoseribeiro7', 'gabrielbento97', 'amanda.catelan', 'cedric.rocha', 'mayara.nogueira', 'biancaalvarenga98', 'augustotcm', 'wellington.pinheiro', None, 'leonardocarmo9803']",24,"['bianca.alvarenga', 'g.franceschetti', 'gj785587', 'barnez164', 'tamysasa', 'gabrielbento97', 'lucaspelinson', 'amanda.catelan', 'cedric.rocha', 'mayara.nogueira', 'jmacatan', 'augustotcm', 'wellington.pinheiro', None, 'leonardocarmo9803', 'odairjoseribeiro7', '13susant', 'kamille.krieger', 'santos.arthur', 'reginaldo.junior', 'isabela.rejes', 'stefani.izaias', 'biancaalvarenga98', 'giovannadb']"
155,220,8,110,1,['jwaimin'],6,"['pranavmunisetty', 'omkarskhuntia', 'gandaryus', 'office.shabuindy', 'nanosquare', 'bryrodri']",109,"['chen2122', 'shah714', 'villal', 'lawren83', 'nottinge', 'deshpa31', 'ticody', 'gtorresr', 'kappaswa', 'snowling', 'biswas34', 'coverstr', 'hnowak', 'mart1282', 'pandey39', 'fish15', 'ryan103', 'juanjuanlu28', 'aloysius', 'rortague', 'alafzi', 'mhoeper', 'nh_engagement', 'chientzulin', 'patel632', 'jhartl', 'arora152', 'farentz', 'dritchi', 'mahm', 'gupta768', 'aafriat', 'carrollg', 'leonar37', 'mcclurez', 'efoesch', 'perrinm', 'dfarache', 'singla2', 'rciez2125', 'frankzhou', 'kezra', 'deshmukg', 'faltens', 'john2811', 'thafner', 'shanks5', 'dminnich', 'jcrosmer', 'reppertm', 'oaljowai', 'aprahara', 'zhan4096', 'iyer95', 'jlthrock', 'lu448', 'wishard', 'mbeckeme', 'aponkshe', 'tmahlma', 'jverduzc', 'rcampbel', 'pandes', 'rapplet', 'walla110', 'qu34', 'smoranka', 'jbarsima', 'kumar537', 'sdhamank', 'ye280', '3ksnn64', 'sulli256', 'solimana', 'leebh_purdue2021', 'ahads', 'nandya', 'naik26', 'knordyke', 'tremblay', 'kamath10', 'artheria', 'dewey2', 'hmackins', 'trived12', 'mishra94', 'aramkum', 'bstegma', 'klein108', 'ubajwa', 'tshivam4', 'darint916', 'psalek', 'mkalenty', 'woods158', 'sonid', None, 'cmousoul', 'jwat', 'kaushala', 'fixa', 'hou111', 'sharm524', 'vadabala', 'tschoste', 'lkanwar', 'nykiel.4', 'gnishibu', 'blackwer']",116,"['chen2122', 'shah714', 'villal', 'lawren83', 'omkarskhuntia', 'nottinge', 'deshpa31', 'ticody', 'gtorresr', 'kappaswa', 'snowling', 'biswas34', 'coverstr', 'hnowak', 'mart1282', 'pandey39', 'fish15', 'ryan103', 'juanjuanlu28', 'aloysius', 'rortague', 'alafzi', 'mhoeper', 'nh_engagement', 'chientzulin', 'patel632', 'jhartl', 'arora152', 'farentz', 'dritchi', 'mahm', 'gupta768', 'aafriat', 'carrollg', 'leonar37', 'mcclurez', 'efoesch', 'perrinm', 'dfarache', 'singla2', 'rciez2125', 'frankzhou', 'kezra', 'deshmukg', 'faltens', 'john2811', 'thafner', 'shanks5', 'dminnich', 'jcrosmer', 'reppertm', 'oaljowai', 'gandaryus', 'aprahara', 'zhan4096', 'iyer95', 'office.shabuindy', 'jlthrock', 'lu448', 'wishard', 'nanosquare', 'mbeckeme', 'aponkshe', 'tmahlma', 'jverduzc', 'rcampbel', 'pandes', 'rapplet', 'walla110', 'qu34', 'smoranka', 'jbarsima', 'kumar537', 'sdhamank', 'jwaimin', 'ye280', '3ksnn64', 'sulli256', 'solimana', 'leebh_purdue2021', 'ahads', 'nandya', 'naik26', 'knordyke', 'tremblay', 'kamath10', 'artheria', 'dewey2', 'hmackins', 'bryrodri', 'trived12', 'mishra94', 'aramkum', 'bstegma', 'klein108', 'ubajwa', 'tshivam4', 'darint916', 'psalek', 'mkalenty', 'woods158', 'sonid', None, 'cmousoul', 'jwat', 'kaushala', 'pranavmunisetty', 'fixa', 'hou111', 'sharm524', 'vadabala', 'tschoste', 'lkanwar', 'nykiel.4', 'gnishibu', 'blackwer']"
157,450,8,104,2,"['mohmedhosam1986', 'bernd.schoenfelder93']",5,"['augustm706', 'albertogc2211', 'yasmeen44', 'vmmorales2', 'dinu']",102,"['maf2299', 'ren0225', 'transalper', 'zla23', 'banerjee', 'kbb00008', 'jayb', 'huntermoorega98', 'agfa192090', 'kmorr171', 'emilianomolinab', 'anettemata', 'anva1564', 'sandip83', 'danielchun_nanohub', 'btayo202', 'gollner.laura', 'jonahwill992', 'kosiunigwe', 'stro1188', 'lylekam99', 'guzkevin', 'arletteramirez060', 'magiccarpetride', 'tobre1', 'rebeccamac127', 'ccanongo12', 'mnmanley23', 'midr8234', 'hy2562', 'ojas12', 'evelynlhu', 'vs00016', 'kajagoogoo', 'em3354', 'hj2588', 'jongsick', 'vector.wang', 'areda', 'faridhudda999', 'jmoodini', 'lmelican', 'smoon1008', 'jeption2020', 'carlosa.rios.24', 'mig38011', 'ml4719', 'hannia008', 'cameronframpton', 'alokpradhan001', 'mi381969', 'jora5626', 'ethan850', 'mb4884', 'krish222', 'snapierjr', 'krishna.jhuma17', 'dmaldonado497', 'gamahlstultz', 'mchaudhery13', 'sambabler', 'maycosamuel189739', 'jjboereau', 'stoneralexis', 'theo61812', 'jyy2138', 'schojoh', 'jimenezph', 'geniuslb12345', 'cosm3320', 'mdt2999h', 'quovadis17', 'davidmoyo96', 'chco7711', 'lh3116', 'onursoysal92', 'ikeachioke99', 'eduardo05', 'ap3924', 'josh_mp5', 'felucco', 'zhang260321', 'si00003', 'shawn2k99', 'sgu20201433', 'avinash0909123', 'alwa2786', 'asy2126', None, 'sakshisawai', 'ska2143', 'gulnuravci', 'jungsungbin5210', 'merttuna026', 'jrbelt1', 'furkan.kuruoglu', 'cogr8767', 'schreib6', 'shikhamarwaha', 'sesh9366', 'xg2383', 'ldesanti']",109,"['maf2299', 'ren0225', 'transalper', 'zla23', 'banerjee', 'kbb00008', 'jayb', 'huntermoorega98', 'agfa192090', 'kmorr171', 'emilianomolinab', 'anettemata', 'anva1564', 'sandip83', 'bernd.schoenfelder93', 'danielchun_nanohub', 'btayo202', 'gollner.laura', 'jonahwill992', 'kosiunigwe', 'stro1188', 'augustm706', 'lylekam99', 'guzkevin', 'vmmorales2', 'arletteramirez060', 'magiccarpetride', 'tobre1', 'rebeccamac127', 'ccanongo12', 'mnmanley23', 'midr8234', 'hy2562', 'ojas12', 'yasmeen44', 'vs00016', 'evelynlhu', 'kajagoogoo', 'em3354', 'hj2588', 'jongsick', 'vector.wang', 'dinu', 'areda', 'faridhudda999', 'jmoodini', 'lmelican', 'smoon1008', 'jeption2020', 'carlosa.rios.24', 'mig38011', 'ml4719', 'hannia008', 'cameronframpton', 'alokpradhan001', 'mi381969', 'jora5626', 'ethan850', 'mb4884', 'krish222', 'snapierjr', 'krishna.jhuma17', 'dmaldonado497', 'gamahlstultz', 'mchaudhery13', 'sambabler', 'maycosamuel189739', 'jjboereau', 'mohmedhosam1986', 'stoneralexis', 'theo61812', 'jyy2138', 'schojoh', 'jimenezph', 'geniuslb12345', 'cosm3320', 'mdt2999h', 'quovadis17', 'davidmoyo96', 'chco7711', 'lh3116', 'onursoysal92', 'ikeachioke99', 'eduardo05', 'ap3924', 'josh_mp5', 'felucco', 'zhang260321', 'si00003', 'shawn2k99', 'sgu20201433', 'avinash0909123', 'alwa2786', 'asy2126', None, 'sakshisawai', 'albertogc2211', 'ska2143', 'gulnuravci', 'jungsungbin5210', 'merttuna026', 'jrbelt1', 'furkan.kuruoglu', 'cogr8767', 'schreib6', 'shikhamarwaha', 'sesh9366', 'xg2383', 'ldesanti']"
157,464,8,60,6,"['augustm706', 'albertogc2211', 'yasmeen44', 'mohmedhosam1986', 'bernd.schoenfelder93', 'dinu']",1,['vmmorales2'],54,"['lado.filipovic', 'mohamed_ahmed_kamal', 'gekco', 'carolinegirgis20', 'sgu20171339', 'drivet927', 'kimdc0134', 'sgu20201501', 'mkmbzm', 'abdelrhmangaber', 'billkim', 'chinnery', 'rawanhishaam', 'rolagerab', 'schojoh', 'gollner.laura', 'luca.cappelletto.1', 'knavid', 'sakethchandra', 'conch9674', 'medomohamed3213', 'sgu20191385', 'ahmed9891', 'sa3dmohamedsa3dmohamed12', 'yousefelwalid', 'alessandro.pilotto', 'pboix', 'abdelrahmanmohyoussef', 'memc6367', 'rana_sakr', 'ayman.mahmoud104', 'matteo.bono01', 'zhang260321', 'tifa27sherif', 'mohammedkaramali1', 'sgu20201433', 'sgu20171341', 'avinash0909123', 'sgu20192113', 'sgu20181503', 'rxpeng97', 'ahmedsalah_65', 'mahmoudehab30', 'tarek.ahmed.hussein99', 'kimgyu', None, 'zika144', 'ahmedamer', 'jungsungbin5210', 'dafrawy21', 'sgu20201463', 'ssohila422', 'egraugnard', 'kimos32']",61,"['lado.filipovic', 'mohamed_ahmed_kamal', 'gekco', 'drivet927', 'sgu20201501', 'billkim', 'chinnery', 'bernd.schoenfelder93', 'gollner.laura', 'augustm706', 'knavid', 'medomohamed3213', 'vmmorales2', 'ahmed9891', 'alessandro.pilotto', 'abdelrahmanmohyoussef', 'memc6367', 'rana_sakr', 'ayman.mahmoud104', 'matteo.bono01', 'yasmeen44', 'mohammedkaramali1', 'sgu20181503', 'rxpeng97', 'ahmedsalah_65', 'mahmoudehab30', 'kimgyu', 'dinu', 'carolinegirgis20', 'sgu20171339', 'kimdc0134', 'mkmbzm', 'abdelrhmangaber', 'mohmedhosam1986', 'rawanhishaam', 'rolagerab', 'schojoh', 'luca.cappelletto.1', 'sakethchandra', 'conch9674', 'sgu20191385', 'sa3dmohamedsa3dmohamed12', 'yousefelwalid', 'pboix', 'zhang260321', 'tifa27sherif', 'sgu20171341', 'sgu20201433', 'sgu20192113', 'avinash0909123', 'tarek.ahmed.hussein99', None, 'albertogc2211', 'zika144', 'ahmedamer', 'jungsungbin5210', 'dafrawy21', 'sgu20201463', 'ssohila422', 'egraugnard', 'kimos32']"
157,463,8,9,1,['mohmedhosam1986'],6,"['augustm706', 'albertogc2211', 'yasmeen44', 'vmmorales2', 'bernd.schoenfelder93', 'dinu']",8,"['mariamtaher2000', 'amgaddalia90', 'seifallh', 'shohrt', 'balber756', 'nadatarek2599', None, 'mariz99']",15,"['mariamtaher2000', 'yasmeen44', 'shohrt', 'balber756', 'mohmedhosam1986', 'bernd.schoenfelder93', None, 'dinu', 'augustm706', 'albertogc2211', 'amgaddalia90', 'seifallh', 'vmmorales2', 'nadatarek2599', 'mariz99']"
158,380,8,31,2,"['pmcnutt2', 'noahrh3']",5,"['aldolp2', 'dzm33allen', 'ozargar', 'prashiljoshi123', 'mjay']",29,"['sopfeil2', 'fshyti2', 'mrc13', 'yangdan2', 'msiddi60', 'hanlinw3', 'sap10', 'jacobt6', 'ssibi2', 'jyz2', 'eoh23', 'daxia', 'aaguero2', 'jaredf2', 'jinyang9', 'ericy3', 'aleahht2', 'vic4', 'yuchang3', 'anishas4', 'mukunda3', 'juliahd2', 'sendres2', 'jheaton3', None, 'jll4', 'kirajm2', 'sali93', 'niharrm2']",36,"['sopfeil2', 'mrc13', 'fshyti2', 'yangdan2', 'msiddi60', 'hanlinw3', 'sap10', 'jacobt6', 'ssibi2', 'dzm33allen', 'jyz2', 'eoh23', 'daxia', 'aldolp2', 'noahrh3', 'aaguero2', 'ozargar', 'jaredf2', 'jinyang9', 'ericy3', 'aleahht2', 'vic4', 'yuchang3', 'anishas4', 'mukunda3', 'pmcnutt2', 'juliahd2', 'sendres2', 'jheaton3', None, 'mjay', 'jll4', 'kirajm2', 'sali93', 'niharrm2', 'prashiljoshi123']"
161,125,7,21,3,"['william.chuquin', 'mobinmotaharifar', 'boris.g']",3,"['hjalmarandersson', 'mohamadrezashahabi585', 'p.navarro.acero']",18,"['shreychandola98', 'imgcabugsa', 'qpid1011', 'liben002', 'jakethesuperpie', 'choisung0205', 'pajski', 'zariaevans', 'bt20ece020', 'namanish27', 'nischalbkj1', 'visheshraina2001', 'u3568932', 'sara34', 'lutzjess', 'feyzayazar', None, 'nidhikpg2001']",24,"['shreychandola98', 'mohamadrezashahabi585', 'qpid1011', 'choisung0205', 'pajski', 'mobinmotaharifar', 'p.navarro.acero', 'sara34', 'feyzayazar', None, 'boris.g', 'william.chuquin', 'imgcabugsa', 'jakethesuperpie', 'liben002', 'hjalmarandersson', 'zariaevans', 'bt20ece020', 'namanish27', 'nischalbkj1', 'visheshraina2001', 'u3568932', 'lutzjess', 'nidhikpg2001']"
161,127,7,6,4,"['william.chuquin', 'mobinmotaharifar', 'mohamadrezashahabi585', 'boris.g']",2,"['hjalmarandersson', 'p.navarro.acero']",2,"[None, 'pajski']",8,"['william.chuquin', 'mohamadrezashahabi585', 'hjalmarandersson', 'pajski', 'mobinmotaharifar', 'p.navarro.acero', None, 'boris.g']"
162,450,7,104,6,"['carlosa.rios.24', 'agfa192090', 'emilianomolinab', 'maycosamuel189739', 'cogr8767', 'anettemata']",0,[],98,"['maf2299', 'ren0225', 'transalper', 'zla23', 'banerjee', 'kbb00008', 'jayb', 'huntermoorega98', 'kmorr171', 'anva1564', 'sandip83', 'bernd.schoenfelder93', 'danielchun_nanohub', 'btayo202', 'gollner.laura', 'jonahwill992', 'kosiunigwe', 'stro1188', 'lylekam99', 'guzkevin', 'arletteramirez060', 'magiccarpetride', 'tobre1', 'rebeccamac127', 'ccanongo12', 'mnmanley23', 'midr8234', 'hy2562', 'ojas12', 'evelynlhu', 'vs00016', 'kajagoogoo', 'em3354', 'hj2588', 'jongsick', 'vector.wang', 'areda', 'faridhudda999', 'jmoodini', 'lmelican', 'smoon1008', 'jeption2020', 'mig38011', 'ml4719', 'hannia008', 'cameronframpton', 'alokpradhan001', 'mi381969', 'jora5626', 'ethan850', 'mb4884', 'krish222', 'snapierjr', 'krishna.jhuma17', 'dmaldonado497', 'gamahlstultz', 'mchaudhery13', 'sambabler', 'jjboereau', 'mohmedhosam1986', 'stoneralexis', 'theo61812', 'jyy2138', 'schojoh', 'jimenezph', 'geniuslb12345', 'cosm3320', 'mdt2999h', 'quovadis17', 'davidmoyo96', 'chco7711', 'lh3116', 'onursoysal92', 'ikeachioke99', 'eduardo05', 'ap3924', 'josh_mp5', 'felucco', 'zhang260321', 'si00003', 'shawn2k99', 'sgu20201433', 'avinash0909123', 'alwa2786', 'asy2126', None, 'sakshisawai', 'ska2143', 'gulnuravci', 'jungsungbin5210', 'merttuna026', 'jrbelt1', 'furkan.kuruoglu', 'schreib6', 'shikhamarwaha', 'sesh9366', 'xg2383', 'ldesanti']",104,"['maf2299', 'ren0225', 'transalper', 'zla23', 'banerjee', 'kbb00008', 'agfa192090', 'jayb', 'huntermoorega98', 'kmorr171', 'emilianomolinab', 'anettemata', 'anva1564', 'sandip83', 'bernd.schoenfelder93', 'danielchun_nanohub', 'btayo202', 'gollner.laura', 'jonahwill992', 'kosiunigwe', 'stro1188', 'lylekam99', 'guzkevin', 'arletteramirez060', 'magiccarpetride', 'tobre1', 'rebeccamac127', 'ccanongo12', 'mnmanley23', 'midr8234', 'hy2562', 'ojas12', 'evelynlhu', 'vs00016', 'kajagoogoo', 'em3354', 'hj2588', 'jongsick', 'vector.wang', 'areda', 'faridhudda999', 'jmoodini', 'lmelican', 'smoon1008', 'jeption2020', 'carlosa.rios.24', 'mig38011', 'ml4719', 'hannia008', 'cameronframpton', 'alokpradhan001', 'mi381969', 'jora5626', 'ethan850', 'mb4884', 'krish222', 'snapierjr', 'krishna.jhuma17', 'dmaldonado497', 'gamahlstultz', 'mchaudhery13', 'sambabler', 'maycosamuel189739', 'jjboereau', 'mohmedhosam1986', 'stoneralexis', 'theo61812', 'jyy2138', 'schojoh', 'jimenezph', 'geniuslb12345', 'cosm3320', 'mdt2999h', 'quovadis17', 'davidmoyo96', 'chco7711', 'lh3116', 'onursoysal92', 'ikeachioke99', 'eduardo05', 'ap3924', 'josh_mp5', 'felucco', 'zhang260321', 'si00003', 'shawn2k99', 'sgu20201433', 'avinash0909123', 'alwa2786', 'asy2126', None, 'sakshisawai', 'ska2143', 'gulnuravci', 'jungsungbin5210', 'merttuna026', 'jrbelt1', 'furkan.kuruoglu', 'cogr8767', 'schreib6', 'shikhamarwaha', 'sesh9366', 'xg2383', 'ldesanti']"
162,415,7,7,4,"['maycosamuel189739', 'anettemata', 'emilianomolinab', 'carlosa.rios.24']",2,"['agfa192090', 'cogr8767']",3,"[None, 'arletteramirez060', 'jimenezph']",9,"['carlosa.rios.24', 'agfa192090', 'emilianomolinab', 'maycosamuel189739', 'cogr8767', 'anettemata', 'arletteramirez060', None, 'jimenezph']"
162,418,7,7,1,['cogr8767'],5,"['carlosa.rios.24', 'agfa192090', 'emilianomolinab', 'maycosamuel189739', 'anettemata']",6,"['stro1188', 'midr8234', 'chco7711', 'jora5626', None, 'danielchun_nanohub']",12,"['stro1188', 'midr8234', 'chco7711', 'carlosa.rios.24', 'agfa192090', 'emilianomolinab', 'maycosamuel189739', 'jora5626', 'cogr8767', 'anettemata', None, 'danielchun_nanohub']"
162,417,7,6,4,"['maycosamuel189739', 'anettemata', 'emilianomolinab', 'carlosa.rios.24']",2,"['agfa192090', 'cogr8767']",2,"[None, 'jimenezph']",8,"['carlosa.rios.24', 'agfa192090', 'emilianomolinab', 'maycosamuel189739', 'cogr8767', 'anettemata', None, 'jimenezph']"
165,340,7,33,6,"['josh.venz', 'ryanzedt', 'settelst', 'mbkivy', 'brico', 'kristiksk11']",0,[],27,"['sarjoman', 'chrismurraaay', 'seant14', 'ericcasey123321', 'sfultzwa', 'amyharter', 'moreliakike', 'jnukayap', 'ncgalardi', 'mjschrei', 'scarr01', 'hail.mikhail11', 'camcausey', 'rlee130', 'kmlochun', 'andrewantonius', 'jacksong', 'calan27', 'kmeany', None, 'palominosjuan7', 'lmerida', 'zhmoscoso', 'jhurtado', 'sixinzhai', 'jayden121399', 'ekaengr']",33,"['ryanzedt', 'sarjoman', 'chrismurraaay', 'seant14', 'ericcasey123321', 'sfultzwa', 'amyharter', 'moreliakike', 'jnukayap', 'jayden121399', 'ncgalardi', 'mjschrei', 'brico', 'scarr01', 'hail.mikhail11', 'camcausey', 'rlee130', 'kmlochun', 'andrewantonius', 'jacksong', 'calan27', 'kmeany', 'kristiksk11', None, 'palominosjuan7', 'josh.venz', 'lmerida', 'zhmoscoso', 'settelst', 'mbkivy', 'sixinzhai', 'jhurtado', 'ekaengr']"
165,479,7,24,6,"['josh.venz', 'ryanzedt', 'settelst', 'mbkivy', 'brico', 'kristiksk11']",0,[],18,"['camcausey', 'zhouse821', 'rlee130', 'lmerida', 'ncgalardi', 'jacksong', 'andrewantonius', 'moreliakike', 'sarjoman', 'seant14', 'kmeany', 'ericcasey123321', 'ekaengr', 'sixinzhai', 'jachinclarke', 'jayden121399', None, 'jnukayap']",24,"['camcausey', 'zhouse821', 'rlee130', 'jacksong', 'andrewantonius', 'ryanzedt', 'sarjoman', 'seant14', 'kmeany', 'ericcasey123321', 'jachinclarke', 'kristiksk11', None, 'jnukayap', 'moreliakike', 'josh.venz', 'lmerida', 'ncgalardi', 'settelst', 'mbkivy', 'brico', 'sixinzhai', 'jayden121399', 'ekaengr']"
165,478,7,20,6,"['josh.venz', 'ryanzedt', 'settelst', 'mbkivy', 'brico', 'kristiksk11']",0,[],14,"['camcausey', 'zhouse821', 'rlee130', 'lmerida', 'jacksong', 'kmlochun', 'sarjoman', 'seant14', 'ericcasey123321', 'ekaengr', 'jachinclarke', 'jayden121399', None, 'jnukayap']",20,"['camcausey', 'zhouse821', 'rlee130', 'jacksong', 'kmlochun', 'ryanzedt', 'sarjoman', 'seant14', 'ericcasey123321', 'jachinclarke', 'kristiksk11', None, 'jnukayap', 'josh.venz', 'lmerida', 'settelst', 'mbkivy', 'brico', 'jayden121399', 'ekaengr']"
165,583,7,15,4,"['settelst', 'kristiksk11', 'mbkivy', 'ryanzedt']",2,"['josh.venz', 'brico']",11,"['lmerida', 'jackleimbach', 'ncgalardi', 'kmlochun', 'andrewantonius', 'dgugig', 'seant14', 'sixinzhai', 'jachinclarke', 'scarr01', None]",17,"['jackleimbach', 'kmlochun', 'andrewantonius', 'ryanzedt', 'seant14', 'jachinclarke', 'kristiksk11', None, 'josh.venz', 'lmerida', 'ncgalardi', 'settelst', 'dgugig', 'mbkivy', 'brico', 'sixinzhai', 'scarr01']"
165,579,7,11,4,"['settelst', 'kristiksk11', 'mbkivy', 'brico']",2,"['josh.venz', 'ryanzedt']",7,"['ncgalardi', 'kmlochun', 'dgugig', 'ericcasey123321', 'jachinclarke', None, 'jnukayap']",13,"['kmlochun', 'ryanzedt', 'ericcasey123321', 'jachinclarke', 'kristiksk11', None, 'jnukayap', 'josh.venz', 'ncgalardi', 'settelst', 'dgugig', 'mbkivy', 'brico']"
165,341,7,10,3,"['settelst', 'kristiksk11', 'ryanzedt']",3,"['josh.venz', 'mbkivy', 'brico']",7,"['ncgalardi', 'ericcasey123321', 'sfultzwa', 'amyharter', 'scarr01', None, 'moreliakike']",13,"['ryanzedt', 'ericcasey123321', 'sfultzwa', 'amyharter', 'kristiksk11', None, 'moreliakike', 'josh.venz', 'ncgalardi', 'settelst', 'mbkivy', 'brico', 'scarr01']"
165,580,7,10,4,"['settelst', 'josh.venz', 'kristiksk11', 'brico']",2,"['mbkivy', 'ryanzedt']",6,"['kmlochun', 'ncgalardi', 'sarjoman', 'jachinclarke', 'scarr01', None]",12,"['kmlochun', 'ryanzedt', 'sarjoman', 'jachinclarke', 'kristiksk11', None, 'josh.venz', 'ncgalardi', 'settelst', 'mbkivy', 'brico', 'scarr01']"
165,585,7,9,4,"['settelst', 'kristiksk11', 'mbkivy', 'ryanzedt']",2,"['josh.venz', 'brico']",5,"['kmlochun', 'ncgalardi', 'dgugig', 'jachinclarke', None]",11,"['josh.venz', 'ncgalardi', 'kmlochun', 'ryanzedt', 'settelst', 'dgugig', 'mbkivy', 'brico', 'jachinclarke', 'kristiksk11', None]"
165,586,7,7,3,"['josh.venz', 'kristiksk11', 'brico']",3,"['settelst', 'mbkivy', 'ryanzedt']",4,"['jachinclarke', 'sarjoman', None, 'ncgalardi']",10,"['josh.venz', 'ncgalardi', 'ryanzedt', 'settelst', 'sarjoman', 'mbkivy', 'brico', 'jachinclarke', 'kristiksk11', None]"
165,587,7,7,3,"['josh.venz', 'kristiksk11', 'brico']",3,"['settelst', 'mbkivy', 'ryanzedt']",4,"['sarjoman', 'rlee130', None, 'scarr01']",10,"['josh.venz', 'rlee130', 'ryanzedt', 'settelst', 'sarjoman', 'mbkivy', 'scarr01', 'brico', 'kristiksk11', None]"
167,185,7,10,4,"['mailles', 'jesseo', 'aarneel', 'aalibalazadeh']",2,"['jajacky427', 'destry']",6,"['michael.sherburne', None, 'karafat', 'nathan191', 'vitany', 'kelim']",12,"['mailles', 'karafat', 'nathan191', 'aalibalazadeh', None, 'michael.sherburne', 'aarneel', 'jesseo', 'vitany', 'jajacky427', 'destry', 'kelim']"
167,533,7,10,4,"['mailles', 'jesseo', 'aarneel', 'aalibalazadeh']",2,"['jajacky427', 'destry']",6,"['michael.sherburne', None, 'karafat', 'nathan191', 'vitany', 'kelim']",12,"['mailles', 'karafat', 'nathan191', 'aalibalazadeh', None, 'michael.sherburne', 'aarneel', 'jesseo', 'vitany', 'jajacky427', 'destry', 'kelim']"
171,381,7,10,1,['gaspar.ferreyra'],5,"['luzw1994', 'efbmm', 'suprotimsaha96', 'mariavitoriaogait', 'sh0001']",9,"['broenscolo', 'broensmartin', 'martin.broens', 'broensignacio', 'smselzer', 'mailen.selzer', 'broensalmendra', None, 'dmarcini88']",15,"['broenscolo', 'broensmartin', 'martin.broens', 'broensignacio', 'mailen.selzer', 'suprotimsaha96', 'mariavitoriaogait', 'broensalmendra', None, 'dmarcini88', 'luzw1994', 'smselzer', 'efbmm', 'sh0001', 'gaspar.ferreyra']"
173,166,7,33,1,['mipayne'],5,"['abuettner', 'augustine.okekeoma', 's_husein', 'guyunfuke', 'kfarmer']",32,"['dlou', 'tanjin_he', 'yuhaowang', 'vtovmasyan', 'jk2297', 'ewcspottesmith', 'mvenetos', 'icyliang', 'jesseschimpf', 'haomingli', 'akhanwale', 's.rangaraj', 'epegg', 'amandaguan', 'p_conns', 'tachowd1', 'esalzman', 'sherlcok12', 'kolshlee', 'mpsherb', 'cloverke99', 'stang13', None, 'mfarnell', 'blisberkeleyaccount', 'pawan_khanal', 'rohankoka', 'andremontes', 'sarasusanto', 'dairyan', 'ghafar_yerima', 'tungmato7']",38,"['augustine.okekeoma', 'dlou', 'tanjin_he', 'yuhaowang', 'vtovmasyan', 'jk2297', 'tungmato7', 'ewcspottesmith', 'abuettner', 'mvenetos', 'icyliang', 'jesseschimpf', 'haomingli', 's_husein', 'akhanwale', 's.rangaraj', 'epegg', 'amandaguan', 'p_conns', 'tachowd1', 'esalzman', 'sherlcok12', 'kolshlee', 'guyunfuke', 'mpsherb', 'cloverke99', 'stang13', None, 'mipayne', 'mfarnell', 'blisberkeleyaccount', 'pawan_khanal', 'rohankoka', 'andremontes', 'sarasusanto', 'dairyan', 'ghafar_yerima', 'kfarmer']"
173,170,7,30,1,['kfarmer'],5,"['abuettner', 'augustine.okekeoma', 's_husein', 'guyunfuke', 'mipayne']",29,"['xingyang', 'yiy5', 'bmglaser', 'wenqian2', 'hariharr', 'rmahanth', 'nk1', 'pchu', 'meizhonl', 'thomaso', None, 'yuejian', 'chenxiyu', 'kehant', 'hong701', 'jiashuow', 'changwex', 'jingyuta', 'ktj', 'kaijiz', 'hanchien', 'adeshrom', 'chanyoup', 'shiqingm', 'siyuwang', 'charlese', 'lucerol', 'njlove', 'taltgold']",35,"['xingyang', 'augustine.okekeoma', 'bmglaser', 'taltgold', 'hariharr', 'pchu', 'yuejian', 'abuettner', 'kehant', 'changwex', 'jingyuta', 'kaijiz', 'hanchien', 's_husein', 'adeshrom', 'chanyoup', 'siyuwang', 'charlese', 'lucerol', 'njlove', 'yiy5', 'wenqian2', 'rmahanth', 'nk1', 'guyunfuke', 'meizhonl', 'thomaso', None, 'mipayne', 'chenxiyu', 'hong701', 'jiashuow', 'ktj', 'shiqingm', 'kfarmer']"
174,524,7,52,6,"['aestrada19', 'camendoza12', 'aespinal', 'lperea3', 'dflores45', 'owood']",0,[],46,"['johnp99', 'dguerra2', 'jagarcia64', 'jmguillen', 'eamartinez18', 'dacamachoor', 'joshuachanez', 'dehodgson', 'jadorantes2', 'coramirez', 'cassy5801', 'mlouloupide', 'ajuarezald', 'javaladezar', 'nalopez8', 'ezubiate2', 'glam', 'dalvarado19', 'renemolina23', 'haacevedore', 'daguilar17', 'jnava4', 'jjsilva', 'anajera7', 'cfbenitez', 'ediaz25', 'cafrayre', 'dperezgonz', 'maortiz17', 'vgomez25', 'giopr720', 'magarza', 'eenriquez14', 'jalonso9', None, 'ogalindo', 'rcgarcia3', 'aacosta66', 'mtejada', 'jrmeraz1', 'scobos4', 'ojchan', 'crysdbz.22', 'sanchez_kevin', 'rramirez57', 'mlara11']",52,"['johnp99', 'dguerra2', 'jagarcia64', 'jmguillen', 'lperea3', 'eamartinez18', 'dacamachoor', 'joshuachanez', 'dehodgson', 'jadorantes2', 'coramirez', 'cassy5801', 'mlouloupide', 'aestrada19', 'ajuarezald', 'javaladezar', 'nalopez8', 'ezubiate2', 'dflores45', 'glam', 'dalvarado19', 'renemolina23', 'owood', 'haacevedore', 'daguilar17', 'camendoza12', 'jnava4', 'jjsilva', 'anajera7', 'cfbenitez', 'ediaz25', 'cafrayre', 'dperezgonz', 'maortiz17', 'vgomez25', 'giopr720', 'magarza', 'eenriquez14', 'jalonso9', None, 'ogalindo', 'rcgarcia3', 'aacosta66', 'mtejada', 'jrmeraz1', 'aespinal', 'scobos4', 'ojchan', 'crysdbz.22', 'sanchez_kevin', 'rramirez57', 'mlara11']"
174,175,7,34,6,"['aestrada19', 'camendoza12', 'aespinal', 'lperea3', 'dflores45', 'owood']",0,[],28,"['jmguillen', 'eamartinez18', 'dehodgson', 'coramirez', 'cassy5801', 'mlouloupide', 'javaladezar', 'pagrant', 'nalopez8', 'glam', 'dalvarado19', 'renemolina23', 'jnava4', 'jjsilva', 'vgomez25', 'maortiz17', 'giopr720', 'magarza', 'eenriquez14', 'jalonso9', None, 'ogalindo', 'rcgarcia3', 'mtejada', 'jrmeraz1', 'scobos4', 'sanchez_kevin', 'mlara11']",34,"['jmguillen', 'lperea3', 'eamartinez18', 'dehodgson', 'coramirez', 'cassy5801', 'mlouloupide', 'aestrada19', 'javaladezar', 'pagrant', 'nalopez8', 'dflores45', 'glam', 'dalvarado19', 'renemolina23', 'owood', 'camendoza12', 'jnava4', 'jjsilva', 'vgomez25', 'maortiz17', 'giopr720', 'magarza', 'eenriquez14', 'jalonso9', None, 'ogalindo', 'rcgarcia3', 'mtejada', 'jrmeraz1', 'aespinal', 'scobos4', 'sanchez_kevin', 'mlara11']"
180,209,7,9,2,"['dyuna.soledade', 'molinay']",4,"['melmar', 'marco.gomez1493', 'aelsawy', 'plu123']",7,"['hernandezv', 'jacob.cornell', 's.alderman', 'cgettinger', 'rebeccapoole', None, 'oliviarandell']",13,"['dyuna.soledade', 'hernandezv', 'jacob.cornell', 'molinay', 'aelsawy', 'melmar', 's.alderman', 'cgettinger', 'rebeccapoole', 'plu123', 'marco.gomez1493', None, 'oliviarandell']"
181,450,7,104,5,"['stro1188', 'midr8234', 'jora5626', 'alwa2786', 'danielchun_nanohub']",1,['joga0694'],99,"['maf2299', 'ren0225', 'transalper', 'zla23', 'banerjee', 'kbb00008', 'jayb', 'huntermoorega98', 'agfa192090', 'kmorr171', 'emilianomolinab', 'anettemata', 'anva1564', 'sandip83', 'bernd.schoenfelder93', 'btayo202', 'gollner.laura', 'jonahwill992', 'kosiunigwe', 'lylekam99', 'guzkevin', 'arletteramirez060', 'magiccarpetride', 'tobre1', 'rebeccamac127', 'ccanongo12', 'mnmanley23', 'hy2562', 'ojas12', 'evelynlhu', 'vs00016', 'kajagoogoo', 'em3354', 'hj2588', 'jongsick', 'vector.wang', 'areda', 'faridhudda999', 'jmoodini', 'lmelican', 'smoon1008', 'jeption2020', 'carlosa.rios.24', 'mig38011', 'ml4719', 'hannia008', 'cameronframpton', 'alokpradhan001', 'mi381969', 'ethan850', 'mb4884', 'krish222', 'snapierjr', 'krishna.jhuma17', 'dmaldonado497', 'gamahlstultz', 'mchaudhery13', 'sambabler', 'maycosamuel189739', 'jjboereau', 'mohmedhosam1986', 'stoneralexis', 'theo61812', 'jyy2138', 'schojoh', 'jimenezph', 'geniuslb12345', 'cosm3320', 'mdt2999h', 'quovadis17', 'davidmoyo96', 'chco7711', 'lh3116', 'onursoysal92', 'ikeachioke99', 'eduardo05', 'ap3924', 'josh_mp5', 'felucco', 'zhang260321', 'si00003', 'shawn2k99', 'sgu20201433', 'avinash0909123', 'asy2126', None, 'sakshisawai', 'ska2143', 'gulnuravci', 'jungsungbin5210', 'merttuna026', 'jrbelt1', 'furkan.kuruoglu', 'cogr8767', 'schreib6', 'shikhamarwaha', 'sesh9366', 'xg2383', 'ldesanti']",105,"['maf2299', 'ren0225', 'transalper', 'zla23', 'banerjee', 'kbb00008', 'jayb', 'huntermoorega98', 'agfa192090', 'kmorr171', 'emilianomolinab', 'anettemata', 'anva1564', 'sandip83', 'bernd.schoenfelder93', 'danielchun_nanohub', 'btayo202', 'gollner.laura', 'jonahwill992', 'kosiunigwe', 'stro1188', 'lylekam99', 'guzkevin', 'arletteramirez060', 'magiccarpetride', 'tobre1', 'rebeccamac127', 'ccanongo12', 'mnmanley23', 'midr8234', 'hy2562', 'ojas12', 'evelynlhu', 'vs00016', 'kajagoogoo', 'joga0694', 'em3354', 'hj2588', 'jongsick', 'vector.wang', 'areda', 'faridhudda999', 'jmoodini', 'lmelican', 'smoon1008', 'jeption2020', 'carlosa.rios.24', 'mig38011', 'ml4719', 'hannia008', 'cameronframpton', 'alokpradhan001', 'jora5626', 'mi381969', 'ethan850', 'mb4884', 'krish222', 'snapierjr', 'krishna.jhuma17', 'dmaldonado497', 'gamahlstultz', 'mchaudhery13', 'sambabler', 'maycosamuel189739', 'jjboereau', 'mohmedhosam1986', 'stoneralexis', 'theo61812', 'jyy2138', 'schojoh', 'jimenezph', 'geniuslb12345', 'cosm3320', 'mdt2999h', 'quovadis17', 'davidmoyo96', 'chco7711', 'lh3116', 'onursoysal92', 'ikeachioke99', 'eduardo05', 'ap3924', 'josh_mp5', 'felucco', 'zhang260321', 'si00003', 'shawn2k99', 'sgu20201433', 'avinash0909123', 'alwa2786', 'asy2126', None, 'sakshisawai', 'ska2143', 'gulnuravci', 'jungsungbin5210', 'merttuna026', 'jrbelt1', 'furkan.kuruoglu', 'cogr8767', 'schreib6', 'shikhamarwaha', 'sesh9366', 'xg2383', 'ldesanti']"
181,310,7,10,4,"['jora5626', 'stro1188', 'midr8234', 'joga0694']",2,"['alwa2786', 'danielchun_nanohub']",6,"['mapo3676', 'nidi0083', 'trwo6418', None, 'dasi7428', 'daau5574']",12,"['midr8234', 'nidi0083', 'joga0694', 'alwa2786', None, 'danielchun_nanohub', 'stro1188', 'mapo3676', 'jora5626', 'trwo6418', 'dasi7428', 'daau5574']"
181,413,7,8,4,"['danielchun_nanohub', 'jora5626', 'stro1188', 'joga0694']",2,"['alwa2786', 'midr8234']",4,"['rymc99734', None, 'sesh9366', 'dasi7428']",10,"['stro1188', None, 'midr8234', 'rymc99734', 'dasi7428', 'jora5626', 'joga0694', 'alwa2786', 'sesh9366', 'danielchun_nanohub']"
181,418,7,7,4,"['jora5626', 'stro1188', 'midr8234', 'danielchun_nanohub']",2,"['joga0694', 'alwa2786']",3,"[None, 'cogr8767', 'chco7711']",9,"['stro1188', 'midr8234', 'chco7711', 'jora5626', 'joga0694', 'alwa2786', 'cogr8767', None, 'danielchun_nanohub']"
185,572,6,22,2,"['msakib5', 'thespazmer']",3,"['cademg', 'cataanderson1103', 'shengjif']",20,"['evazquez33', 'dilibertojared', 'dvelazquez4', 'adityaa', 'joloera00', 'mkhossain', 'rmuoio117', 'dstrubbe', 'upanta', 'serickson3', None, 'khasin', 'jarteaga1097', 'eguerrero23', 'zmauri', 'bbarriosmc', 'radyslavily', 'nolanakelly', 'kuohanlin', 'zvonjena']",25,"['cataanderson1103', 'dstrubbe', 'evazquez33', 'kuohanlin', 'upanta', 'dilibertojared', 'serickson3', None, 'khasin', 'cademg', 'jarteaga1097', 'eguerrero23', 'zmauri', 'bbarriosmc', 'dvelazquez4', 'radyslavily', 'mkhossain', 'shengjif', 'msakib5', 'nolanakelly', 'thespazmer', 'adityaa', 'joloera00', 'rmuoio117', 'zvonjena']"
185,573,6,10,2,"['cataanderson1103', 'cademg']",3,"['msakib5', 'thespazmer', 'shengjif']",8,"['carmenwu', 'audreyparker', 'crystalbb123', 'dustinnguyen90', 'codylacoursiere', 'kellilucas', None, 'hannahbyers']",13,"['cataanderson1103', 'carmenwu', 'audreyparker', 'crystalbb123', 'dustinnguyen90', 'shengjif', 'msakib5', 'thespazmer', 'codylacoursiere', 'kellilucas', None, 'hannahbyers', 'cademg']"
185,574,6,6,1,['cataanderson1103'],4,"['cademg', 'msakib5', 'thespazmer', 'shengjif']",5,"['crystalbb123', 'shannoncrain', 'kellilucas', None, 'hannahbyers']",10,"['cataanderson1103', 'crystalbb123', 'shannoncrain', 'shengjif', 'msakib5', 'thespazmer', 'kellilucas', None, 'hannahbyers', 'cademg']"
189,431,6,24,4,"['jale5724', 'lfhunter', 'bli101010', 'dzakygojek']",1,['jashpatel'],20,"['adnamusic99', 'danflan21', 'macey.ludolph', 'gramgadget282', 'sandip83', 'kdavis21', 'courteneyziegler', 'nrzaulintang28', 'adiyafie', None, 'maherukh123', 'nadhifaah', 'faiq.205009', 'dchambers0019', 'tonytchou08', 'tmart125', 'tarver1103', 'javanstorm', 'maps1214', 'oerturk']",25,"['adnamusic99', 'danflan21', 'macey.ludolph', 'lfhunter', 'gramgadget282', 'sandip83', 'kdavis21', 'courteneyziegler', 'nrzaulintang28', 'jashpatel', 'bli101010', 'adiyafie', 'dzakygojek', None, 'maherukh123', 'nadhifaah', 'faiq.205009', 'dchambers0019', 'tonytchou08', 'tmart125', 'tarver1103', 'jale5724', 'javanstorm', 'maps1214', 'oerturk']"
191,36,6,17,5,"['adhikabl', 'abeerhasan.89.ah', 'nakesl', 'narekmanukyan', 'jenast']",0,[],12,"['nilesh_raut', None, 'enyinnck', 'daotd', 'kutachcp', 'szekacam', 'mpaazig', 'jhbahk', 'sainiak', 'castilbr', 'jacks4ml', 'umarma']",17,"['daotd', 'abeerhasan.89.ah', 'nakesl', 'szekacam', 'narekmanukyan', 'jenast', 'jhbahk', 'castilbr', None, 'nilesh_raut', 'enyinnck', 'adhikabl', 'kutachcp', 'mpaazig', 'sainiak', 'jacks4ml', 'umarma']"
191,548,6,14,4,"['narekmanukyan', 'adhikabl', 'jenast', 'nakesl']",1,['abeerhasan.89.ah'],10,"['nilesh_raut', None, 'enyinnck', 'daotd', 'kutachcp', 'mpaazig', 'castilbr', 'patiltb', 'jacks4ml', 'umarma']",15,"['daotd', 'abeerhasan.89.ah', 'nakesl', 'narekmanukyan', 'jenast', 'castilbr', 'patiltb', None, 'nilesh_raut', 'enyinnck', 'adhikabl', 'kutachcp', 'mpaazig', 'jacks4ml', 'umarma']"
191,549,6,14,4,"['narekmanukyan', 'adhikabl', 'jenast', 'nakesl']",1,['abeerhasan.89.ah'],10,"['nilesh_raut', None, 'enyinnck', 'daotd', 'kutachcp', 'szekacam', 'castilbr', 'patiltb', 'jacks4ml', 'umarma']",15,"['daotd', 'abeerhasan.89.ah', 'nakesl', 'szekacam', 'narekmanukyan', 'jenast', 'castilbr', 'patiltb', None, 'nilesh_raut', 'enyinnck', 'adhikabl', 'kutachcp', 'jacks4ml', 'umarma']"
191,35,6,13,4,"['narekmanukyan', 'adhikabl', 'jenast', 'nakesl']",1,['abeerhasan.89.ah'],9,"['nilesh_raut', None, 'enyinnck', 'daotd', 'kutachcp', 'castilbr', 'patiltb', 'jacks4ml', 'umarma']",14,"['daotd', 'abeerhasan.89.ah', 'nakesl', 'narekmanukyan', 'jenast', 'castilbr', 'patiltb', None, 'nilesh_raut', 'enyinnck', 'adhikabl', 'kutachcp', 'jacks4ml', 'umarma']"
191,550,6,13,5,"['adhikabl', 'abeerhasan.89.ah', 'nakesl', 'narekmanukyan', 'jenast']",0,[],8,"['nilesh_raut', 'enyinnck', 'daotd', 'kutachcp', 'castilbr', 'patiltb', None, 'umarma']",13,"['daotd', 'abeerhasan.89.ah', 'nakesl', 'narekmanukyan', 'jenast', 'castilbr', 'patiltb', None, 'nilesh_raut', 'enyinnck', 'adhikabl', 'kutachcp', 'umarma']"
191,104,6,10,5,"['adhikabl', 'abeerhasan.89.ah', 'nakesl', 'narekmanukyan', 'jenast']",0,[],5,"['szekacam', 'castilbr', 'patiltb', None, 'umarma']",10,"['adhikabl', 'abeerhasan.89.ah', 'nakesl', 'szekacam', 'narekmanukyan', 'jenast', 'castilbr', 'patiltb', None, 'umarma']"
194,29,6,13,1,['14tracolf'],4,"['heaow', 'dtinsley', 'thomas.degouys', 'josh_karis']",12,"['rauxpauline', 'raphaelngenyi24', 'arthurvdgb', 'tklauner', 'zimerjb', 'clgevers', 'nicolas.dehalleux', 'bolteau', 'funnybr0ther', 'aqsdcvb', 'julien.klauner', None]",17,"['rauxpauline', 'arthurvdgb', 'tklauner', 'nicolas.dehalleux', 'aqsdcvb', 'dtinsley', 'josh_karis', None, 'raphaelngenyi24', 'zimerjb', 'clgevers', '14tracolf', 'bolteau', 'funnybr0ther', 'julien.klauner', 'heaow', 'thomas.degouys']"
195,126,6,10,5,"['andra.grubic', 'bivol.antonia', 'anabela.tripic17', 'marija.duilo19886', 't.ivanic']",0,[],5,"['pajski', 'dqp', 'dban1405', 'neven', None]",10,"[None, 'andra.grubic', 'bivol.antonia', 'pajski', 'dqp', 'dban1405', 'anabela.tripic17', 'marija.duilo19886', 'neven', 't.ivanic']"
195,138,6,9,4,"['andra.grubic', 'bivol.antonia', 'anabela.tripic17', 't.ivanic']",1,['marija.duilo19886'],5,"['pajski', 'dqp', 'dban1405', 'neven', None]",10,"[None, 'andra.grubic', 'bivol.antonia', 'pajski', 'dqp', 'dban1405', 'anabela.tripic17', 'marija.duilo19886', 'neven', 't.ivanic']"
195,544,6,9,4,"['andra.grubic', 'bivol.antonia', 'anabela.tripic17', 't.ivanic']",1,['marija.duilo19886'],5,"['pajski', 'dqp', 'dban1405', 'neven', None]",10,"[None, 'andra.grubic', 'bivol.antonia', 'pajski', 'dqp', 'dban1405', 'anabela.tripic17', 'marija.duilo19886', 'neven', 't.ivanic']"
195,271,6,7,4,"['andra.grubic', 'bivol.antonia', 'anabela.tripic17', 't.ivanic']",1,['marija.duilo19886'],3,"['dban1405', 'vinko.klicek', None]",8,"['vinko.klicek', None, 'andra.grubic', 'bivol.antonia', 'dban1405', 'anabela.tripic17', 'marija.duilo19886', 't.ivanic']"
197,340,6,33,3,"['lmerida', 'seant14', 'andrewantonius']",2,"['jackleimbach', 'nradovci']",30,"['ryanzedt', 'sarjoman', 'chrismurraaay', 'ericcasey123321', 'sfultzwa', 'amyharter', 'moreliakike', 'jnukayap', 'ncgalardi', 'mjschrei', 'brico', 'scarr01', 'hail.mikhail11', 'camcausey', 'rlee130', 'kmlochun', 'jacksong', 'calan27', 'kmeany', 'kristiksk11', None, 'palominosjuan7', 'josh.venz', 'zhmoscoso', 'settelst', 'mbkivy', 'jhurtado', 'sixinzhai', 'jayden121399', 'ekaengr']",35,"['jackleimbach', 'ryanzedt', 'sarjoman', 'seant14', 'chrismurraaay', 'ericcasey123321', 'sfultzwa', 'amyharter', 'moreliakike', 'jnukayap', 'jayden121399', 'ncgalardi', 'mjschrei', 'brico', 'scarr01', 'hail.mikhail11', 'camcausey', 'rlee130', 'kmlochun', 'andrewantonius', 'jacksong', 'calan27', 'kmeany', 'kristiksk11', None, 'palominosjuan7', 'josh.venz', 'lmerida', 'nradovci', 'zhmoscoso', 'settelst', 'mbkivy', 'sixinzhai', 'jhurtado', 'ekaengr']"
197,479,6,24,3,"['lmerida', 'seant14', 'andrewantonius']",2,"['jackleimbach', 'nradovci']",21,"['camcausey', 'zhouse821', 'rlee130', 'jacksong', 'ryanzedt', 'sarjoman', 'kmeany', 'ericcasey123321', 'jachinclarke', 'kristiksk11', None, 'jnukayap', 'moreliakike', 'josh.venz', 'ncgalardi', 'settelst', 'mbkivy', 'brico', 'sixinzhai', 'jayden121399', 'ekaengr']",26,"['camcausey', 'zhouse821', 'rlee130', 'jackleimbach', 'jacksong', 'andrewantonius', 'ryanzedt', 'sarjoman', 'seant14', 'kmeany', 'ericcasey123321', 'jachinclarke', 'kristiksk11', None, 'jnukayap', 'moreliakike', 'josh.venz', 'lmerida', 'ncgalardi', 'nradovci', 'settelst', 'mbkivy', 'brico', 'sixinzhai', 'jayden121399', 'ekaengr']"
197,478,6,20,2,"['lmerida', 'seant14']",3,"['andrewantonius', 'jackleimbach', 'nradovci']",18,"['camcausey', 'zhouse821', 'josh.venz', 'rlee130', 'jacksong', 'kmlochun', 'ryanzedt', 'settelst', 'sarjoman', 'mbkivy', 'ericcasey123321', 'brico', 'ekaengr', 'jachinclarke', 'kristiksk11', None, 'jnukayap', 'jayden121399']",23,"['camcausey', 'zhouse821', 'rlee130', 'jackleimbach', 'jacksong', 'andrewantonius', 'kmlochun', 'ryanzedt', 'sarjoman', 'seant14', 'ericcasey123321', 'jachinclarke', 'kristiksk11', None, 'jnukayap', 'josh.venz', 'lmerida', 'nradovci', 'settelst', 'mbkivy', 'brico', 'jayden121399', 'ekaengr']"
197,583,6,15,4,"['lmerida', 'seant14', 'jackleimbach', 'andrewantonius']",1,['nradovci'],11,"['ncgalardi', 'kmlochun', 'kristiksk11', 'ryanzedt', 'settelst', 'dgugig', 'mbkivy', 'sixinzhai', 'jachinclarke', 'scarr01', None]",16,"['jackleimbach', 'kmlochun', 'andrewantonius', 'ryanzedt', 'seant14', 'jachinclarke', 'kristiksk11', None, 'lmerida', 'ncgalardi', 'nradovci', 'settelst', 'dgugig', 'mbkivy', 'sixinzhai', 'scarr01']"
198,222,6,6,1,['liushuchen842'],4,"['chloesharp0916', 'dd', 'jayashree.nagesh', 'dltkdrb0001']",5,"['fallrain1763', 'odouglin', 'egoli2', 'yccdharma', None]",10,"[None, 'fallrain1763', 'liushuchen842', 'dd', 'jayashree.nagesh', 'dltkdrb0001', 'egoli2', 'chloesharp0916', 'yccdharma', 'odouglin']"
199,363,6,14,4,"['diego_crcx', 'allinicg', 'jgn', 'jmqv79']",1,['jose1999'],10,"['ashley99', 'carla.gomezquiros', 'arojasv249', 'meaghamsn', 'daniela23f', '55josevi55', 'v.castroch96', 'pabloguevarap', None, 'dmarjm11']",15,"['ashley99', 'arojasv249', 'daniela23f', 'pabloguevarap', 'dmarjm11', None, 'carla.gomezquiros', 'allinicg', 'meaghamsn', '55josevi55', 'jgn', 'jose1999', 'v.castroch96', 'diego_crcx', 'jmqv79']"
199,364,6,11,4,"['diego_crcx', 'allinicg', 'jgn', 'jmqv79']",1,['jose1999'],7,"['carla.gomezquiros', 'arojasv249', 'meaghamsn', 'pabloguevarap', 'v.castroch96', None, 'dmarjm11']",12,"['arojasv249', 'pabloguevarap', 'dmarjm11', None, 'carla.gomezquiros', 'allinicg', 'meaghamsn', 'jgn', 'jose1999', 'v.castroch96', 'diego_crcx', 'jmqv79']"
200,274,6,10,3,"['kalekarprasad7', 'kalyanikoli', 'nashitharoon']",2,"['chinmaybhoir', 'shrawanikadam']",7,"['amitshahu009', 'rutujgharat', 'snehaadak', 'shrutisharma', 'shailendramaurya', 'prasadbhoir103', None]",12,"['chinmaybhoir', 'amitshahu009', 'rutujgharat', 'snehaadak', 'shrutisharma', 'shailendramaurya', 'kalyanikoli', 'prasadbhoir103', 'kalekarprasad7', None, 'nashitharoon', 'shrawanikadam']"
201,290,6,18,1,['happyredhead'],4,"['robin.atome', 'sergio.perosanz.amarillo', 'cleitonszl', 'yukyoungryu86']",17,"['robersl', 'jessica1', 'zema', '4binfoguerrero', None, 'berti23', 'lorenzo_nicotra', 'g.delaku', 'kenia', 'nurmi.nonna', 'blanco.garde.daniel', 'mardininadim', 'eaferrara', 'inakialex05', 'lauri239', 'sergio.gutierrez', 'erick']",22,"['robersl', 'jessica1', '4binfoguerrero', 'cleitonszl', 'robin.atome', 'berti23', 'lorenzo_nicotra', 'g.delaku', 'eaferrara', 'lauri239', None, 'yukyoungryu86', 'sergio.gutierrez', 'kenia', 'zema', 'sergio.perosanz.amarillo', 'nurmi.nonna', 'blanco.garde.daniel', 'mardininadim', 'inakialex05', 'happyredhead', 'erick']"
201,287,6,14,3,"['sergio.perosanz.amarillo', 'happyredhead', 'yukyoungryu86']",2,"['robin.atome', 'cleitonszl']",11,"['4binfoguerrero', 'jessica1', None, 'isabella.bjorkqvist', 'g.delaku', 'titouan.marsaud', 'nurmi.nonna', 'mardininadim', 'inakialex05', 'lauri239', 'kenia']",16,"['jessica1', '4binfoguerrero', 'cleitonszl', 'robin.atome', 'g.delaku', 'lauri239', None, 'yukyoungryu86', 'kenia', 'isabella.bjorkqvist', 'sergio.perosanz.amarillo', 'titouan.marsaud', 'nurmi.nonna', 'mardininadim', 'inakialex05', 'happyredhead']"
206,517,6,47,1,['ce2433'],4,"['jumana.alali', 'eng.abdullahmourad', 'raghadahmad3', 'lucasandra2000']",46,"['maf2299', 'jm5326', 'dc3603', 'mf3232', 'jmh2329', 'bcg2133', 'wx2270', 'tl3093', 'jyy2138', 'scb2197', 'abby515', 'xg2383', 'lca2138', 'yc3254', 'nz2252', 'adb2206', 'zw2816', 'rtl2118', 'yz3985', 'tls2160', 'johnkym', 'jp4204', 'tf2477', 'nab2195', 'zz2914', 'cdn2128', 'ts3423', 'sp3696', 'ojr2107', 'hy2562', 'siwanta12', 'vp2463', 'em3354', 'rt2821', 'yw3661', 'sdm2182', 'asy2126', 'wm2427', None, 'ska2143', 'gulnuravci', 'ml4719', 'os2361', 'jp4226', 'mb4884', 'rnk2118']",51,"['maf2299', 'jm5326', 'jumana.alali', 'rnk2118', 'dc3603', 'eng.abdullahmourad', 'mf3232', 'jmh2329', 'bcg2133', 'wx2270', 'tl3093', 'jyy2138', 'scb2197', 'abby515', 'lca2138', 'yc3254', 'nz2252', 'adb2206', 'zw2816', 'rtl2118', 'yz3985', 'tls2160', 'johnkym', 'jp4204', 'tf2477', 'nab2195', 'raghadahmad3', 'zz2914', 'cdn2128', 'ts3423', 'sp3696', 'ojr2107', 'hy2562', 'siwanta12', 'vp2463', 'lucasandra2000', 'em3354', 'rt2821', 'yw3661', 'sdm2182', 'asy2126', 'wm2427', None, 'ska2143', 'gulnuravci', 'ml4719', 'os2361', 'jp4226', 'mb4884', 'ce2433', 'xg2383']"
206,442,6,39,1,['ce2433'],4,"['jumana.alali', 'eng.abdullahmourad', 'raghadahmad3', 'lucasandra2000']",38,"['maf2299', 'jm5326', 'map2331', 'dc3603', 'mf3232', 'jmh2329', 'bcg2133', 'wx2270', 'scb2197', 'jyy2138', 'abby515', 'lca2138', 'yc3254', 'rtl2118', 'yz3985', 'tls2160', 'jp4204', 'tf2477', 'nab2195', 'zz2914', 'cdn2128', 'ts3423', 'sp3696', 'ap3924', 'hy2562', 'siwanta12', 'vp2463', 'sdm2182', 'asy2126', 'wm2427', None, 'gulnuravci', 'ml4719', 'os2361', 'ca2972', 'jp4226', 'mb4884', 'xg2383']",43,"['maf2299', 'jm5326', 'map2331', 'jumana.alali', 'dc3603', 'eng.abdullahmourad', 'mf3232', 'jmh2329', 'bcg2133', 'wx2270', 'scb2197', 'jyy2138', 'abby515', 'lca2138', 'yc3254', 'rtl2118', 'yz3985', 'tls2160', 'jp4204', 'tf2477', 'nab2195', 'raghadahmad3', 'zz2914', 'cdn2128', 'ts3423', 'sp3696', 'ap3924', 'hy2562', 'siwanta12', 'vp2463', 'lucasandra2000', 'sdm2182', 'asy2126', 'wm2427', None, 'gulnuravci', 'ml4719', 'os2361', 'ca2972', 'jp4226', 'mb4884', 'ce2433', 'xg2383']"
207,107,6,8,2,"['joelvanin', 'aapetrucciani']",3,"['sophia_fl', 'spicetech0', 'matthias.recktenwald1']",6,"['jsluka', 'austinw992', 'tmapder', 'josebust', None, 'ashafiee']",11,"['jsluka', 'aapetrucciani', 'matthias.recktenwald1', 'joelvanin', 'sophia_fl', 'austinw992', 'tmapder', 'josebust', 'spicetech0', None, 'ashafiee']"
207,217,6,7,2,"['joelvanin', 'aapetrucciani']",3,"['sophia_fl', 'spicetech0', 'matthias.recktenwald1']",5,"['jsluka', 'tmapder', 'josebust', None, 'ashafiee']",10,"['jsluka', 'aapetrucciani', 'matthias.recktenwald1', 'joelvanin', 'sophia_fl', 'tmapder', 'josebust', 'spicetech0', None, 'ashafiee']"
208,443,6,19,5,"['patelr124', 'lafortr1', 'bbishop9', 'sheynoa1', 'dpickle17']",0,[],14,"['newmanc5', 'rajus3', None, 'loggij1', 'randomguy227', 'tomkiej1', 'raleam1', 'kazlaud1', 'krupatishbi', 'majowia1', 'blandm2', 'thatincankid', 'johntaylor', 'lusdykn1']",19,"['patelr124', 'rajus3', 'lafortr1', 'tomkiej1', 'kazlaud1', 'majowia1', 'sheynoa1', 'thatincankid', 'johntaylor', 'dpickle17', None, 'newmanc5', 'loggij1', 'randomguy227', 'raleam1', 'krupatishbi', 'bbishop9', 'blandm2', 'lusdykn1']"
208,293,6,12,5,"['patelr124', 'lafortr1', 'bbishop9', 'sheynoa1', 'dpickle17']",0,[],7,"[None, 'blandaj1', 'randomguy227', 'majowia1', 'thatincankid', 'wudnano20', 'johntaylor']",12,"['patelr124', 'lafortr1', 'majowia1', 'sheynoa1', 'thatincankid', 'johntaylor', 'dpickle17', None, 'blandaj1', 'randomguy227', 'bbishop9', 'wudnano20']"
208,320,6,11,5,"['patelr124', 'lafortr1', 'bbishop9', 'sheynoa1', 'dpickle17']",0,[],6,"[None, 'blandaj1', 'majowia1', 'wudnano20', 'thatincankid', 'johntaylor']",11,"['patelr124', 'lafortr1', 'majowia1', 'sheynoa1', 'thatincankid', 'johntaylor', 'dpickle17', None, 'blandaj1', 'bbishop9', 'wudnano20']"
211,59,6,9,1,['nagasaigoud.p15'],4,"['chiasheng16', 'hasanrazaadnan', 'kidist27', 'barathwaj.m']",8,"['shruti.kamat', 'geetha0802', 'k.satyanarayana', 'mamtadpadmashali', 'namrit.sheth', 'padiya2407', None, 'darsh.parmar']",13,"['shruti.kamat', 'geetha0802', 'k.satyanarayana', 'nagasaigoud.p15', 'hasanrazaadnan', 'kidist27', 'mamtadpadmashali', 'darsh.parmar', 'chiasheng16', 'namrit.sheth', 'padiya2407', None, 'barathwaj.m']"
213,220,6,110,1,['sdhamank'],4,"['igi.chladek', 'rihand', 'taeksanglee', 'benpitblado18']",109,"['chen2122', 'shah714', 'villal', 'lawren83', 'nottinge', 'deshpa31', 'ticody', 'gtorresr', 'kappaswa', 'snowling', 'biswas34', 'coverstr', 'hnowak', 'mart1282', 'pandey39', 'fish15', 'ryan103', 'juanjuanlu28', 'aloysius', 'rortague', 'alafzi', 'mhoeper', 'nh_engagement', 'chientzulin', 'patel632', 'jhartl', 'arora152', 'farentz', 'dritchi', 'mahm', 'gupta768', 'aafriat', 'carrollg', 'leonar37', 'mcclurez', 'efoesch', 'perrinm', 'dfarache', 'singla2', 'rciez2125', 'frankzhou', 'kezra', 'deshmukg', 'faltens', 'john2811', 'thafner', 'shanks5', 'dminnich', 'jcrosmer', 'reppertm', 'oaljowai', 'aprahara', 'zhan4096', 'iyer95', 'jlthrock', 'lu448', 'wishard', 'mbeckeme', 'aponkshe', 'tmahlma', 'jverduzc', 'rcampbel', 'pandes', 'rapplet', 'walla110', 'qu34', 'smoranka', 'jbarsima', 'kumar537', 'jwaimin', 'ye280', '3ksnn64', 'sulli256', 'solimana', 'leebh_purdue2021', 'ahads', 'nandya', 'naik26', 'knordyke', 'tremblay', 'kamath10', 'artheria', 'dewey2', 'hmackins', 'trived12', 'mishra94', 'aramkum', 'bstegma', 'klein108', 'ubajwa', 'tshivam4', 'darint916', 'psalek', 'mkalenty', 'woods158', 'sonid', None, 'cmousoul', 'jwat', 'kaushala', 'fixa', 'hou111', 'sharm524', 'vadabala', 'tschoste', 'lkanwar', 'nykiel.4', 'gnishibu', 'blackwer']",114,"['chen2122', 'shah714', 'villal', 'lawren83', 'nottinge', 'deshpa31', 'ticody', 'gtorresr', 'kappaswa', 'snowling', 'biswas34', 'coverstr', 'igi.chladek', 'hnowak', 'mart1282', 'pandey39', 'fish15', 'ryan103', 'juanjuanlu28', 'aloysius', 'rortague', 'alafzi', 'mhoeper', 'nh_engagement', 'chientzulin', 'patel632', 'jhartl', 'arora152', 'farentz', 'dritchi', 'mahm', 'gupta768', 'aafriat', 'carrollg', 'leonar37', 'mcclurez', 'efoesch', 'perrinm', 'dfarache', 'singla2', 'rciez2125', 'frankzhou', 'kezra', 'deshmukg', 'faltens', 'john2811', 'thafner', 'shanks5', 'dminnich', 'jcrosmer', 'reppertm', 'oaljowai', 'aprahara', 'zhan4096', 'iyer95', 'jlthrock', 'lu448', 'wishard', 'mbeckeme', 'aponkshe', 'tmahlma', 'jverduzc', 'rcampbel', 'pandes', 'rapplet', 'walla110', 'benpitblado18', 'qu34', 'smoranka', 'jbarsima', 'kumar537', 'sdhamank', 'jwaimin', 'ye280', 'rihand', '3ksnn64', 'sulli256', 'taeksanglee', 'solimana', 'leebh_purdue2021', 'ahads', 'nandya', 'naik26', 'knordyke', 'tremblay', 'kamath10', 'artheria', 'dewey2', 'hmackins', 'trived12', 'mishra94', 'aramkum', 'bstegma', 'klein108', 'ubajwa', 'tshivam4', 'darint916', 'psalek', 'mkalenty', 'woods158', 'sonid', None, 'cmousoul', 'jwat', 'kaushala', 'fixa', 'hou111', 'sharm524', 'vadabala', 'tschoste', 'lkanwar', 'nykiel.4', 'gnishibu', 'blackwer']"
214,450,6,104,5,"['jonahwill992', 'jeption2020', 'onursoysal92', 'ikeachioke99', 'ccanongo12']",0,[],99,"['maf2299', 'ren0225', 'transalper', 'zla23', 'banerjee', 'kbb00008', 'jayb', 'huntermoorega98', 'agfa192090', 'kmorr171', 'emilianomolinab', 'anettemata', 'anva1564', 'sandip83', 'bernd.schoenfelder93', 'danielchun_nanohub', 'btayo202', 'gollner.laura', 'kosiunigwe', 'stro1188', 'lylekam99', 'guzkevin', 'arletteramirez060', 'magiccarpetride', 'tobre1', 'rebeccamac127', 'mnmanley23', 'midr8234', 'hy2562', 'ojas12', 'evelynlhu', 'vs00016', 'kajagoogoo', 'em3354', 'hj2588', 'jongsick', 'vector.wang', 'areda', 'faridhudda999', 'jmoodini', 'lmelican', 'smoon1008', 'carlosa.rios.24', 'mig38011', 'ml4719', 'hannia008', 'cameronframpton', 'alokpradhan001', 'mi381969', 'jora5626', 'ethan850', 'mb4884', 'krish222', 'snapierjr', 'krishna.jhuma17', 'dmaldonado497', 'gamahlstultz', 'mchaudhery13', 'sambabler', 'maycosamuel189739', 'jjboereau', 'mohmedhosam1986', 'stoneralexis', 'theo61812', 'jyy2138', 'schojoh', 'jimenezph', 'geniuslb12345', 'cosm3320', 'mdt2999h', 'quovadis17', 'davidmoyo96', 'chco7711', 'lh3116', 'eduardo05', 'ap3924', 'josh_mp5', 'felucco', 'zhang260321', 'si00003', 'shawn2k99', 'sgu20201433', 'avinash0909123', 'alwa2786', 'asy2126', None, 'sakshisawai', 'ska2143', 'gulnuravci', 'jungsungbin5210', 'merttuna026', 'jrbelt1', 'furkan.kuruoglu', 'cogr8767', 'schreib6', 'shikhamarwaha', 'sesh9366', 'xg2383', 'ldesanti']",104,"['maf2299', 'ren0225', 'transalper', 'zla23', 'banerjee', 'kbb00008', 'jayb', 'huntermoorega98', 'agfa192090', 'kmorr171', 'emilianomolinab', 'anettemata', 'anva1564', 'sandip83', 'bernd.schoenfelder93', 'danielchun_nanohub', 'btayo202', 'gollner.laura', 'jonahwill992', 'kosiunigwe', 'stro1188', 'lylekam99', 'guzkevin', 'arletteramirez060', 'magiccarpetride', 'tobre1', 'ccanongo12', 'rebeccamac127', 'mnmanley23', 'midr8234', 'hy2562', 'ojas12', 'evelynlhu', 'vs00016', 'kajagoogoo', 'em3354', 'hj2588', 'jongsick', 'vector.wang', 'areda', 'faridhudda999', 'jmoodini', 'lmelican', 'smoon1008', 'jeption2020', 'carlosa.rios.24', 'mig38011', 'ml4719', 'hannia008', 'cameronframpton', 'alokpradhan001', 'mi381969', 'jora5626', 'ethan850', 'mb4884', 'krish222', 'snapierjr', 'krishna.jhuma17', 'dmaldonado497', 'gamahlstultz', 'mchaudhery13', 'sambabler', 'maycosamuel189739', 'jjboereau', 'mohmedhosam1986', 'stoneralexis', 'theo61812', 'jyy2138', 'schojoh', 'jimenezph', 'geniuslb12345', 'cosm3320', 'mdt2999h', 'quovadis17', 'davidmoyo96', 'chco7711', 'lh3116', 'onursoysal92', 'ikeachioke99', 'eduardo05', 'ap3924', 'josh_mp5', 'felucco', 'zhang260321', 'si00003', 'shawn2k99', 'sgu20201433', 'avinash0909123', 'alwa2786', 'asy2126', None, 'sakshisawai', 'ska2143', 'gulnuravci', 'jungsungbin5210', 'merttuna026', 'jrbelt1', 'furkan.kuruoglu', 'cogr8767', 'schreib6', 'shikhamarwaha', 'sesh9366', 'xg2383', 'ldesanti']"
214,416,6,25,2,"['ikeachioke99', 'ccanongo12']",3,"['jonahwill992', 'jeption2020', 'onursoysal92']",23,"['dmaldonado497', 'ren0225', 'gamahlstultz', 'huntermoorega98', 'jayb', 'sambabler', 'kmorr171', 'shawn2k99', 'kajagoogoo', 'jjboereau', 'sandip83', 'eduardo05', 'stoneralexis', 'theo61812', None, 'kosiunigwe', 'faridhudda999', 'hannia008', 'guzkevin', 'adesinajoseph14', 'jrbelt1', 'snapierjr', 'josh_mp5']",28,"['dmaldonado497', 'ren0225', 'gamahlstultz', 'huntermoorega98', 'jayb', 'sambabler', 'kmorr171', 'shawn2k99', 'kajagoogoo', 'jjboereau', 'sandip83', 'eduardo05', 'stoneralexis', 'theo61812', None, 'kosiunigwe', 'jonahwill992', 'faridhudda999', 'jeption2020', 'hannia008', 'guzkevin', 'adesinajoseph14', 'onursoysal92', 'jrbelt1', 'ikeachioke99', 'snapierjr', 'ccanongo12', 'josh_mp5']"
