MClusterID,XClusterID,MClusterSize,XClusterSize,OverlapSize,OverlapMembers,MOnlySize,MOnlyMembers,XOnlySize,XOnlyMembers,CombinedSize,CombinedMembers
1,483,136,78,62,"['yinyong0427', 'yewyung', 'kailoom', 'iskandarsofian', 'khawlinkoon', 'muhamadaiman17207593', '17202739nazif', 'nida20', 'aiman_nazri123', 'student17202315', 'ikramnasir7', 'u2003966', 's2020494', 'weimingquah5', 'shafiq__', 'theezzy', 'jaydenhon', 'nuhaa426', 'iron52bat', 'kl.chin0622', 'pd0s__', 'u2003919', 'adeebzikri0', 'chiachenng123', 'bryanleong1126', 'renyi0912', 'u2003882', 'zamilmuazam98', 'renyic', 'aqbarshaiful', 'u2003934', 'aliffizham', 'tangkityee', 'irfanzahiran01', 'thishen', 'chinkeatchew880', 'kw01', 'koayzhengyin', 'jxuanchia', 'tzeron2210', 'teh_mint12', 'nanododo', 'tanchunwei8681', 'alfin01', 'fidadzli', 'yoanesyeo', 'abid01', 'zalzikri', 'luqmanhakim', 'aiman01', 'haziqian', 'saiyedharith18', 'u2003990', 'yusankoh', 'syamil123', 'kj0918', 'shihong5270', 'afiq010507', 'shahrizan01', 'myson', 'leewenjun', 'nghaowei613']",74,"['arunavignan4', 'bly185', 'abrarhasin1010', 'tanyungwei', 'niks10', 'alonb96', 'khushbu.24347', 'yj981016', 'mec2020012', 'mohithanda026', 'tifalord010', '3rdbesemean00', 'grthakur18', 'xydemekiller08', 'ahmed176877', 'butakimchi2021', 'k3850305', 'chiraghegde101', 'ronb4', 'vijayabhasker111', 'harera', 'kubisselman11', 'maxcleveland73', 'shaked.bar', 'azimpaan', 'amitsh', 'a7med.dawoud', 'shameelhamid', 'abdelrahmanahmed780', 'itaizilcha', 'mfnizam27', 'jyotityagi142', 'xiaoyu11', 'crce.8752.elec', 'zousifanstarry', 'kiranjot.kaur.3388', 'matityajohn', 'rrr197197', 'mark.ataev', 'beni1772', 'noakashkash', 'dipu3139', 'kiranjot2277', 'shezan', 'hiirumi01', 'amitm', 'um17206869', 'yaelm', 'faizyus07', 'talhaim11', 'shirartzi00', 'amirul', 'michael.hany.mofeed', 'cristiano.urban.slack', 'u2003956', 'abdoug', 'daniallo17', 'aisyarazali82', 'poke5917', 'tizianapirozzi', 'fmatlin1997', 'brenneryaron', 'mostafaaplanet', 'omarahmedgoda97', 'kostac2980', 'crce.8545.elec', 'ankanbis786', 'liorisaad', 'bornaobradovic', 'itaiben58', 'yungwei.tan', 'arnab.mondal777', 'federicozg96', 'azharali1616']",16,"['ain.tyra01', 'yijoelow', 'zqchin26', 'u2003884', 'u2003917', 'ohwayrc', 'shenni', 'zuying1204', 's2031189', 'noelng0112', 'wei622', 'abdulhadi', 'tshihong12', 'aiman2001', None, 'regangoh0728']",152,"['tanyungwei', 'ohwayrc', 'noelng0112', 'alonb96', 'muhamadaiman17207593', 'nida20', 'u2003966', 'xydemekiller08', 'nuhaa426', 'ahmed176877', 'shenni', 'zuying1204', 'amitsh', 'zamilmuazam98', 'aqbarshaiful', 'renyic', 'abdelrahmanahmed780', 'itaizilcha', 'mfnizam27', 'tangkityee', 'xiaoyu11', 'crce.8752.elec', 'zousifanstarry', 'kiranjot.kaur.3388', 'chinkeatchew880', 'beni1772', 'abdulhadi', 'tzeron2210', 'teh_mint12', 'jxuanchia', 'shirartzi00', 'yoanesyeo', 'abid01', 'abdoug', 'poke5917', 'haziqian', 'aiman01', 'tizianapirozzi', 'ankanbis786', 'leewenjun', 'arnab.mondal777', 'federicozg96', 'yinyong0427', 'yewyung', 'yj981016', 'mec2020012', 'aiman_nazri123', '3rdbesemean00', 'weimingquah5', 'theezzy', 'iron52bat', 'butakimchi2021', 'jaydenhon', 'k3850305', 's2031189', 'u2003919', 'vijayabhasker111', 'bryanleong1126', 'u2003934', 'shameelhamid', 'jyotityagi142', 'matityajohn', 'mark.ataev', 'hiirumi01', 'nanododo', 'faizyus07', None, 'amirul', 'michael.hany.mofeed', 'tanchunwei8681', 'luqmanhakim', 'saiyedharith18', 'mostafaaplanet', 'omarahmedgoda97', 'crce.8545.elec', 'liorisaad', 'kailoom', 'bly185', 'khawlinkoon', 'niks10', 'student17202315', 's2020494', 'ain.tyra01', 'grthakur18', 'pd0s__', 'kl.chin0622', 'harera', 'chiachenng123', 'maxcleveland73', 'renyi0912', 'shaked.bar', 'a7med.dawoud', 'aliffizham', 'yijoelow', 'irfanzahiran01', 'thishen', 'rrr197197', 'noakashkash', 'dipu3139', 'shezan', 'um17206869', 'yaelm', 'talhaim11', 'cristiano.urban.slack', 'u2003956', 'daniallo17', 'fmatlin1997', 'brenneryaron', 'u2003990', 'kostac2980', 'yusankoh', 'bornaobradovic', 'shihong5270', 'myson', 'arunavignan4', 'iskandarsofian', 'zqchin26', 'u2003884', 'abrarhasin1010', 'wei622', '17202739nazif', 'mohithanda026', 'tifalord010', 'ikramnasir7', 'shafiq__', 'u2003917', 'chiraghegde101', 'ronb4', 'adeebzikri0', 'kubisselman11', 'u2003882', 'azimpaan', 'aiman2001', 'kiranjot2277', 'kw01', 'koayzhengyin', 'amitm', 'aisyarazali82', 'alfin01', 'regangoh0728', 'fidadzli', 'zalzikri', 'khushbu.24347', 'itaiben58', 'syamil123', 'kj0918', 'yungwei.tan', 'afiq010507', 'shahrizan01', 'nghaowei613', 'tshihong12', 'azharali1616']"
1,230,136,69,56,"['yinyong0427', 'iskandarsofian', 'yewyung', 'khawlinkoon', 'tanyungwei', 'muhamadaiman17207593', '17202739nazif', 'nida20', 'ikramnasir7', 's2020494', 'shafiq__', 'theezzy', 'xydemekiller08', 'nuhaa426', 'jaydenhon', 'iron52bat', 'adeebzikri0', 'u2003919', 'harera', 'chiachenng123', 'renyi0912', 'bryanleong1126', 'u2003882', 'azimpaan', 'zamilmuazam98', 'aqbarshaiful', 'aliffizham', 'shameelhamid', 'mfnizam27', 'tangkityee', 'irfanzahiran01', 'thishen', 'chinkeatchew880', 'kw01', 'um17206869', 'tzeron2210', 'teh_mint12', 'u2003956', 'nanododo', 'amirul', 'tanchunwei8681', 'fidadzli', 'yoanesyeo', 'zalzikri', 'aiman01', 'haziqian', 'u2003990', 'yusankoh', 'saiyedharith18', 'kj0918', 'syamil123', 'shihong5270', 'yungwei.tan', 'shahrizan01', 'leewenjun', 'nghaowei613']",80,"['alonb96', 'u2003966', 'ahmed176877', 'amitsh', 'renyic', 'abdelrahmanahmed780', 'itaizilcha', 'xiaoyu11', 'crce.8752.elec', 'zousifanstarry', 'kiranjot.kaur.3388', 'beni1772', 'jxuanchia', 'shirartzi00', 'abid01', 'abdoug', 'poke5917', 'tizianapirozzi', 'ankanbis786', 'arnab.mondal777', 'federicozg96', 'yj981016', 'mec2020012', 'aiman_nazri123', '3rdbesemean00', 'weimingquah5', 'butakimchi2021', 'k3850305', 'vijayabhasker111', 'u2003934', 'jyotityagi142', 'matityajohn', 'mark.ataev', 'hiirumi01', 'faizyus07', 'michael.hany.mofeed', 'luqmanhakim', 'mostafaaplanet', 'omarahmedgoda97', 'crce.8545.elec', 'liorisaad', 'kailoom', 'bly185', 'niks10', 'student17202315', 'grthakur18', 'pd0s__', 'kl.chin0622', 'maxcleveland73', 'shaked.bar', 'a7med.dawoud', 'rrr197197', 'noakashkash', 'dipu3139', 'shezan', 'yaelm', 'talhaim11', 'cristiano.urban.slack', 'daniallo17', 'fmatlin1997', 'brenneryaron', 'kostac2980', 'bornaobradovic', 'myson', 'arunavignan4', 'abrarhasin1010', 'mohithanda026', 'tifalord010', 'chiraghegde101', 'ronb4', 'kubisselman11', 'kiranjot2277', 'koayzhengyin', 'amitm', 'aisyarazali82', 'alfin01', 'khushbu.24347', 'itaiben58', 'afiq010507', 'azharali1616']",13,"['ain.tyra01', 'yijoelow', 'zqchin26', 'u2003884', 'ohwayrc', 'wei622', 'shenni', 'zuying1204', 'noelng0112', 's2031189', 'abdulhadi', 'aiman2001', None]",149,"['tanyungwei', 'ohwayrc', 'noelng0112', 'alonb96', 'muhamadaiman17207593', 'nida20', 'u2003966', 'xydemekiller08', 'nuhaa426', 'ahmed176877', 'shenni', 'zuying1204', 'amitsh', 'zamilmuazam98', 'aqbarshaiful', 'renyic', 'abdelrahmanahmed780', 'itaizilcha', 'mfnizam27', 'tangkityee', 'xiaoyu11', 'crce.8752.elec', 'zousifanstarry', 'kiranjot.kaur.3388', 'chinkeatchew880', 'beni1772', 'abdulhadi', 'tzeron2210', 'teh_mint12', 'jxuanchia', 'shirartzi00', 'yoanesyeo', 'abid01', 'abdoug', 'poke5917', 'haziqian', 'aiman01', 'tizianapirozzi', 'ankanbis786', 'leewenjun', 'arnab.mondal777', 'federicozg96', 'yinyong0427', 'yewyung', 'yj981016', 'mec2020012', 'aiman_nazri123', '3rdbesemean00', 'weimingquah5', 'theezzy', 'iron52bat', 'butakimchi2021', 'jaydenhon', 'k3850305', 's2031189', 'u2003919', 'vijayabhasker111', 'bryanleong1126', 'u2003934', 'shameelhamid', 'jyotityagi142', 'matityajohn', 'mark.ataev', 'hiirumi01', 'nanododo', 'faizyus07', None, 'amirul', 'michael.hany.mofeed', 'tanchunwei8681', 'luqmanhakim', 'saiyedharith18', 'mostafaaplanet', 'omarahmedgoda97', 'crce.8545.elec', 'liorisaad', 'kailoom', 'bly185', 'khawlinkoon', 'niks10', 'student17202315', 's2020494', 'ain.tyra01', 'grthakur18', 'pd0s__', 'kl.chin0622', 'harera', 'chiachenng123', 'maxcleveland73', 'renyi0912', 'shaked.bar', 'a7med.dawoud', 'aliffizham', 'yijoelow', 'irfanzahiran01', 'thishen', 'rrr197197', 'noakashkash', 'dipu3139', 'shezan', 'um17206869', 'yaelm', 'talhaim11', 'cristiano.urban.slack', 'u2003956', 'daniallo17', 'fmatlin1997', 'brenneryaron', 'u2003990', 'kostac2980', 'yusankoh', 'bornaobradovic', 'shihong5270', 'myson', 'arunavignan4', 'iskandarsofian', 'zqchin26', 'u2003884', 'abrarhasin1010', 'wei622', '17202739nazif', 'mohithanda026', 'tifalord010', 'ikramnasir7', 'shafiq__', 'chiraghegde101', 'ronb4', 'adeebzikri0', 'kubisselman11', 'u2003882', 'azimpaan', 'aiman2001', 'kiranjot2277', 'kw01', 'koayzhengyin', 'amitm', 'aisyarazali82', 'alfin01', 'fidadzli', 'zalzikri', 'khushbu.24347', 'itaiben58', 'syamil123', 'kj0918', 'yungwei.tan', 'afiq010507', 'shahrizan01', 'nghaowei613', 'azharali1616']"
1,488,136,17,2,"['tifalord010', 'abdelrahmanahmed780']",134,"['tanyungwei', 'alonb96', 'muhamadaiman17207593', 'nida20', 'u2003966', 'xydemekiller08', 'nuhaa426', 'ahmed176877', 'amitsh', 'zamilmuazam98', 'aqbarshaiful', 'renyic', 'itaizilcha', 'mfnizam27', 'tangkityee', 'xiaoyu11', 'crce.8752.elec', 'zousifanstarry', 'kiranjot.kaur.3388', 'chinkeatchew880', 'beni1772', 'tzeron2210', 'teh_mint12', 'jxuanchia', 'shirartzi00', 'yoanesyeo', 'abid01', 'abdoug', 'poke5917', 'haziqian', 'aiman01', 'tizianapirozzi', 'ankanbis786', 'leewenjun', 'arnab.mondal777', 'federicozg96', 'yinyong0427', 'yewyung', 'yj981016', 'mec2020012', 'aiman_nazri123', '3rdbesemean00', 'weimingquah5', 'theezzy', 'iron52bat', 'butakimchi2021', 'jaydenhon', 'k3850305', 'u2003919', 'vijayabhasker111', 'bryanleong1126', 'u2003934', 'shameelhamid', 'jyotityagi142', 'matityajohn', 'mark.ataev', 'hiirumi01', 'nanododo', 'faizyus07', 'amirul', 'michael.hany.mofeed', 'tanchunwei8681', 'luqmanhakim', 'saiyedharith18', 'mostafaaplanet', 'omarahmedgoda97', 'crce.8545.elec', 'liorisaad', 'kailoom', 'bly185', 'khawlinkoon', 'niks10', 'student17202315', 's2020494', 'grthakur18', 'pd0s__', 'kl.chin0622', 'harera', 'chiachenng123', 'maxcleveland73', 'renyi0912', 'shaked.bar', 'a7med.dawoud', 'aliffizham', 'irfanzahiran01', 'thishen', 'rrr197197', 'noakashkash', 'dipu3139', 'shezan', 'um17206869', 'yaelm', 'talhaim11', 'cristiano.urban.slack', 'u2003956', 'daniallo17', 'fmatlin1997', 'brenneryaron', 'u2003990', 'kostac2980', 'yusankoh', 'bornaobradovic', 'shihong5270', 'myson', 'arunavignan4', 'iskandarsofian', 'abrarhasin1010', '17202739nazif', 'mohithanda026', 'ikramnasir7', 'shafiq__', 'chiraghegde101', 'ronb4', 'adeebzikri0', 'kubisselman11', 'u2003882', 'azimpaan', 'kiranjot2277', 'kw01', 'koayzhengyin', 'amitm', 'aisyarazali82', 'alfin01', 'fidadzli', 'zalzikri', 'khushbu.24347', 'itaiben58', 'syamil123', 'kj0918', 'yungwei.tan', 'afiq010507', 'shahrizan01', 'nghaowei613', 'azharali1616']",15,"['jh_nano', 'aisuluu', 'billkiller6', 'abobaker', 'abdelrahmanalaa333', 'cristina95mo', 'luca.cappelletto.1', 'mohamed2050', 'abdulhadi', None, 'aildefonso3', 'refaey', 'bhaskark.pg19.ec', 'dinusha', 'maaroufmuhammad17']",151,"['tanyungwei', 'alonb96', 'muhamadaiman17207593', 'nida20', 'refaey', 'maaroufmuhammad17', 'u2003966', 'xydemekiller08', 'nuhaa426', 'ahmed176877', 'amitsh', 'zamilmuazam98', 'aqbarshaiful', 'renyic', 'abdelrahmanahmed780', 'itaizilcha', 'mfnizam27', 'tangkityee', 'xiaoyu11', 'crce.8752.elec', 'zousifanstarry', 'kiranjot.kaur.3388', 'chinkeatchew880', 'beni1772', 'abdulhadi', 'tzeron2210', 'teh_mint12', 'jxuanchia', 'shirartzi00', 'yoanesyeo', 'aisuluu', 'abid01', 'abdoug', 'poke5917', 'haziqian', 'aiman01', 'tizianapirozzi', 'ankanbis786', 'leewenjun', 'arnab.mondal777', 'federicozg96', 'yinyong0427', 'yewyung', 'yj981016', 'mec2020012', 'aiman_nazri123', '3rdbesemean00', 'weimingquah5', 'theezzy', 'iron52bat', 'butakimchi2021', 'jaydenhon', 'k3850305', 'u2003919', 'vijayabhasker111', 'bryanleong1126', 'dinusha', 'u2003934', 'shameelhamid', 'jyotityagi142', 'matityajohn', 'mark.ataev', 'hiirumi01', 'nanododo', 'faizyus07', None, 'amirul', 'michael.hany.mofeed', 'tanchunwei8681', 'luqmanhakim', 'saiyedharith18', 'mostafaaplanet', 'omarahmedgoda97', 'crce.8545.elec', 'liorisaad', 'kailoom', 'cristina95mo', 'bly185', 'khawlinkoon', 'niks10', 'student17202315', 's2020494', 'grthakur18', 'pd0s__', 'kl.chin0622', 'harera', 'chiachenng123', 'maxcleveland73', 'renyi0912', 'shaked.bar', 'a7med.dawoud', 'jh_nano', 'aliffizham', 'irfanzahiran01', 'thishen', 'rrr197197', 'noakashkash', 'dipu3139', 'shezan', 'um17206869', 'yaelm', 'talhaim11', 'cristiano.urban.slack', 'u2003956', 'billkiller6', 'daniallo17', 'fmatlin1997', 'brenneryaron', 'u2003990', 'kostac2980', 'yusankoh', 'bornaobradovic', 'shihong5270', 'myson', 'arunavignan4', 'iskandarsofian', 'abdelrahmanalaa333', 'abrarhasin1010', '17202739nazif', 'mohithanda026', 'tifalord010', 'ikramnasir7', 'shafiq__', 'luca.cappelletto.1', 'chiraghegde101', 'mohamed2050', 'ronb4', 'adeebzikri0', 'kubisselman11', 'u2003882', 'azimpaan', 'kiranjot2277', 'kw01', 'koayzhengyin', 'amitm', 'aisyarazali82', 'aildefonso3', 'abobaker', 'alfin01', 'fidadzli', 'zalzikri', 'khushbu.24347', 'itaiben58', 'syamil123', 'kj0918', 'yungwei.tan', 'afiq010507', 'shahrizan01', 'nghaowei613', 'bhaskark.pg19.ec', 'azharali1616']"
1,489,136,14,6,"['abdelrahmanahmed780', 'a7med.dawoud', 'ahmed176877', 'mostafaaplanet', 'omarahmedgoda97', 'michael.hany.mofeed']",130,"['tanyungwei', 'alonb96', 'muhamadaiman17207593', 'nida20', 'u2003966', 'xydemekiller08', 'nuhaa426', 'amitsh', 'zamilmuazam98', 'aqbarshaiful', 'renyic', 'itaizilcha', 'mfnizam27', 'tangkityee', 'xiaoyu11', 'crce.8752.elec', 'zousifanstarry', 'kiranjot.kaur.3388', 'chinkeatchew880', 'beni1772', 'tzeron2210', 'teh_mint12', 'jxuanchia', 'shirartzi00', 'yoanesyeo', 'abid01', 'abdoug', 'poke5917', 'haziqian', 'aiman01', 'tizianapirozzi', 'ankanbis786', 'leewenjun', 'arnab.mondal777', 'federicozg96', 'yinyong0427', 'yewyung', 'yj981016', 'mec2020012', 'aiman_nazri123', '3rdbesemean00', 'weimingquah5', 'theezzy', 'iron52bat', 'butakimchi2021', 'jaydenhon', 'k3850305', 'u2003919', 'vijayabhasker111', 'bryanleong1126', 'u2003934', 'shameelhamid', 'jyotityagi142', 'matityajohn', 'mark.ataev', 'hiirumi01', 'nanododo', 'faizyus07', 'amirul', 'tanchunwei8681', 'luqmanhakim', 'saiyedharith18', 'crce.8545.elec', 'liorisaad', 'kailoom', 'bly185', 'khawlinkoon', 'niks10', 'student17202315', 's2020494', 'grthakur18', 'pd0s__', 'kl.chin0622', 'harera', 'chiachenng123', 'maxcleveland73', 'renyi0912', 'shaked.bar', 'aliffizham', 'irfanzahiran01', 'thishen', 'rrr197197', 'noakashkash', 'dipu3139', 'shezan', 'um17206869', 'yaelm', 'talhaim11', 'cristiano.urban.slack', 'u2003956', 'daniallo17', 'fmatlin1997', 'brenneryaron', 'u2003990', 'kostac2980', 'yusankoh', 'bornaobradovic', 'shihong5270', 'myson', 'arunavignan4', 'iskandarsofian', 'abrarhasin1010', '17202739nazif', 'mohithanda026', 'tifalord010', 'ikramnasir7', 'shafiq__', 'chiraghegde101', 'ronb4', 'adeebzikri0', 'kubisselman11', 'u2003882', 'azimpaan', 'kiranjot2277', 'kw01', 'koayzhengyin', 'amitm', 'aisyarazali82', 'alfin01', 'fidadzli', 'zalzikri', 'khushbu.24347', 'itaiben58', 'syamil123', 'kj0918', 'yungwei.tan', 'afiq010507', 'shahrizan01', 'nghaowei613', 'azharali1616']",8,"['abdelrahmanalaa333', 'ahmedibrahim', 'farah171125', None, 'saramohamed571', 'refaey', 'abdel_hameed_hashem97', 'abobaker']",144,"['tanyungwei', 'alonb96', 'muhamadaiman17207593', 'nida20', 'refaey', 'u2003966', 'xydemekiller08', 'nuhaa426', 'ahmed176877', 'amitsh', 'zamilmuazam98', 'aqbarshaiful', 'renyic', 'abdelrahmanahmed780', 'itaizilcha', 'mfnizam27', 'tangkityee', 'xiaoyu11', 'crce.8752.elec', 'zousifanstarry', 'kiranjot.kaur.3388', 'chinkeatchew880', 'beni1772', 'tzeron2210', 'teh_mint12', 'jxuanchia', 'shirartzi00', 'yoanesyeo', 'abid01', 'abdoug', 'poke5917', 'haziqian', 'aiman01', 'tizianapirozzi', 'farah171125', 'ankanbis786', 'leewenjun', 'arnab.mondal777', 'federicozg96', 'yinyong0427', 'yewyung', 'yj981016', 'mec2020012', 'aiman_nazri123', '3rdbesemean00', 'weimingquah5', 'theezzy', 'iron52bat', 'butakimchi2021', 'jaydenhon', 'k3850305', 'u2003919', 'vijayabhasker111', 'bryanleong1126', 'u2003934', 'shameelhamid', 'jyotityagi142', 'matityajohn', 'mark.ataev', 'hiirumi01', 'nanododo', 'faizyus07', None, 'amirul', 'michael.hany.mofeed', 'tanchunwei8681', 'luqmanhakim', 'saiyedharith18', 'mostafaaplanet', 'omarahmedgoda97', 'crce.8545.elec', 'liorisaad', 'saramohamed571', 'kailoom', 'bly185', 'khawlinkoon', 'niks10', 'student17202315', 's2020494', 'grthakur18', 'pd0s__', 'kl.chin0622', 'harera', 'chiachenng123', 'maxcleveland73', 'renyi0912', 'shaked.bar', 'a7med.dawoud', 'aliffizham', 'irfanzahiran01', 'thishen', 'rrr197197', 'noakashkash', 'dipu3139', 'shezan', 'um17206869', 'yaelm', 'talhaim11', 'cristiano.urban.slack', 'u2003956', 'daniallo17', 'fmatlin1997', 'brenneryaron', 'u2003990', 'kostac2980', 'yusankoh', 'bornaobradovic', 'shihong5270', 'myson', 'arunavignan4', 'iskandarsofian', 'abdelrahmanalaa333', 'abrarhasin1010', '17202739nazif', 'mohithanda026', 'tifalord010', 'ikramnasir7', 'shafiq__', 'ahmedibrahim', 'chiraghegde101', 'ronb4', 'adeebzikri0', 'kubisselman11', 'u2003882', 'azimpaan', 'abdel_hameed_hashem97', 'kiranjot2277', 'kw01', 'koayzhengyin', 'amitm', 'aisyarazali82', 'abobaker', 'alfin01', 'fidadzli', 'zalzikri', 'khushbu.24347', 'itaiben58', 'syamil123', 'kj0918', 'yungwei.tan', 'afiq010507', 'shahrizan01', 'nghaowei613', 'azharali1616']"
1,226,136,12,3,"['talhaim11', 'niks10', 'amitsh']",133,"['tanyungwei', 'alonb96', 'muhamadaiman17207593', 'nida20', 'u2003966', 'xydemekiller08', 'nuhaa426', 'ahmed176877', 'zamilmuazam98', 'aqbarshaiful', 'renyic', 'abdelrahmanahmed780', 'itaizilcha', 'mfnizam27', 'tangkityee', 'xiaoyu11', 'crce.8752.elec', 'zousifanstarry', 'kiranjot.kaur.3388', 'chinkeatchew880', 'beni1772', 'tzeron2210', 'teh_mint12', 'jxuanchia', 'shirartzi00', 'yoanesyeo', 'abid01', 'abdoug', 'poke5917', 'haziqian', 'aiman01', 'tizianapirozzi', 'ankanbis786', 'leewenjun', 'arnab.mondal777', 'federicozg96', 'yinyong0427', 'yewyung', 'yj981016', 'mec2020012', 'aiman_nazri123', '3rdbesemean00', 'weimingquah5', 'theezzy', 'iron52bat', 'butakimchi2021', 'jaydenhon', 'k3850305', 'u2003919', 'vijayabhasker111', 'bryanleong1126', 'u2003934', 'shameelhamid', 'jyotityagi142', 'matityajohn', 'mark.ataev', 'hiirumi01', 'nanododo', 'faizyus07', 'amirul', 'michael.hany.mofeed', 'tanchunwei8681', 'luqmanhakim', 'saiyedharith18', 'mostafaaplanet', 'omarahmedgoda97', 'crce.8545.elec', 'liorisaad', 'kailoom', 'bly185', 'khawlinkoon', 'student17202315', 's2020494', 'grthakur18', 'pd0s__', 'kl.chin0622', 'harera', 'chiachenng123', 'maxcleveland73', 'renyi0912', 'shaked.bar', 'a7med.dawoud', 'aliffizham', 'irfanzahiran01', 'thishen', 'rrr197197', 'noakashkash', 'dipu3139', 'shezan', 'um17206869', 'yaelm', 'cristiano.urban.slack', 'u2003956', 'daniallo17', 'fmatlin1997', 'brenneryaron', 'u2003990', 'kostac2980', 'yusankoh', 'bornaobradovic', 'shihong5270', 'myson', 'arunavignan4', 'iskandarsofian', 'abrarhasin1010', '17202739nazif', 'mohithanda026', 'tifalord010', 'ikramnasir7', 'shafiq__', 'chiraghegde101', 'ronb4', 'adeebzikri0', 'kubisselman11', 'u2003882', 'azimpaan', 'kiranjot2277', 'kw01', 'koayzhengyin', 'amitm', 'aisyarazali82', 'alfin01', 'fidadzli', 'zalzikri', 'khushbu.24347', 'itaiben58', 'syamil123', 'kj0918', 'yungwei.tan', 'afiq010507', 'shahrizan01', 'nghaowei613', 'azharali1616']",9,"['k.sem1996', 'lihigold67', 'michal.balberg', 'nadavgvili22', 'lshliom79', 'vano4411', 'avi.shkef', None, 'orelhuta']",145,"['tanyungwei', 'alonb96', 'muhamadaiman17207593', 'nida20', 'avi.shkef', 'u2003966', 'xydemekiller08', 'nuhaa426', 'ahmed176877', 'michal.balberg', 'amitsh', 'zamilmuazam98', 'aqbarshaiful', 'renyic', 'abdelrahmanahmed780', 'itaizilcha', 'mfnizam27', 'tangkityee', 'xiaoyu11', 'crce.8752.elec', 'zousifanstarry', 'kiranjot.kaur.3388', 'chinkeatchew880', 'beni1772', 'tzeron2210', 'teh_mint12', 'jxuanchia', 'shirartzi00', 'yoanesyeo', 'abid01', 'abdoug', 'poke5917', 'haziqian', 'aiman01', 'tizianapirozzi', 'ankanbis786', 'leewenjun', 'arnab.mondal777', 'federicozg96', 'orelhuta', 'yinyong0427', 'yewyung', 'yj981016', 'mec2020012', 'aiman_nazri123', 'lshliom79', '3rdbesemean00', 'weimingquah5', 'theezzy', 'iron52bat', 'butakimchi2021', 'jaydenhon', 'k3850305', 'u2003919', 'vijayabhasker111', 'bryanleong1126', 'vano4411', 'u2003934', 'shameelhamid', 'k.sem1996', 'jyotityagi142', 'matityajohn', 'mark.ataev', 'hiirumi01', 'nanododo', 'faizyus07', None, 'amirul', 'michael.hany.mofeed', 'tanchunwei8681', 'luqmanhakim', 'saiyedharith18', 'mostafaaplanet', 'omarahmedgoda97', 'crce.8545.elec', 'liorisaad', 'nadavgvili22', 'kailoom', 'bly185', 'khawlinkoon', 'niks10', 'student17202315', 's2020494', 'grthakur18', 'pd0s__', 'kl.chin0622', 'harera', 'chiachenng123', 'maxcleveland73', 'renyi0912', 'shaked.bar', 'a7med.dawoud', 'aliffizham', 'irfanzahiran01', 'thishen', 'rrr197197', 'noakashkash', 'dipu3139', 'shezan', 'um17206869', 'yaelm', 'talhaim11', 'cristiano.urban.slack', 'u2003956', 'daniallo17', 'fmatlin1997', 'brenneryaron', 'u2003990', 'kostac2980', 'yusankoh', 'bornaobradovic', 'shihong5270', 'myson', 'arunavignan4', 'iskandarsofian', 'abrarhasin1010', '17202739nazif', 'mohithanda026', 'lihigold67', 'tifalord010', 'ikramnasir7', 'shafiq__', 'chiraghegde101', 'ronb4', 'adeebzikri0', 'kubisselman11', 'u2003882', 'azimpaan', 'kiranjot2277', 'kw01', 'koayzhengyin', 'amitm', 'aisyarazali82', 'alfin01', 'fidadzli', 'zalzikri', 'khushbu.24347', 'itaiben58', 'syamil123', 'kj0918', 'yungwei.tan', 'afiq010507', 'shahrizan01', 'nghaowei613', 'azharali1616']"
1,486,136,12,11,"['shaked.bar', 'brenneryaron', 'matityajohn', 'kostac2980', 'ronb4', 'alonb96', 'liorisaad', 'amitm', 'yaelm', 'amitsh', 'shirartzi00']",125,"['tanyungwei', 'muhamadaiman17207593', 'nida20', 'u2003966', 'xydemekiller08', 'nuhaa426', 'ahmed176877', 'zamilmuazam98', 'aqbarshaiful', 'renyic', 'abdelrahmanahmed780', 'itaizilcha', 'mfnizam27', 'tangkityee', 'xiaoyu11', 'crce.8752.elec', 'zousifanstarry', 'kiranjot.kaur.3388', 'chinkeatchew880', 'beni1772', 'tzeron2210', 'teh_mint12', 'jxuanchia', 'yoanesyeo', 'abid01', 'abdoug', 'poke5917', 'haziqian', 'aiman01', 'tizianapirozzi', 'ankanbis786', 'leewenjun', 'arnab.mondal777', 'federicozg96', 'yinyong0427', 'yewyung', 'yj981016', 'mec2020012', 'aiman_nazri123', '3rdbesemean00', 'weimingquah5', 'theezzy', 'iron52bat', 'butakimchi2021', 'jaydenhon', 'k3850305', 'u2003919', 'vijayabhasker111', 'bryanleong1126', 'u2003934', 'shameelhamid', 'jyotityagi142', 'mark.ataev', 'hiirumi01', 'nanododo', 'faizyus07', 'amirul', 'michael.hany.mofeed', 'tanchunwei8681', 'luqmanhakim', 'saiyedharith18', 'mostafaaplanet', 'omarahmedgoda97', 'crce.8545.elec', 'kailoom', 'bly185', 'khawlinkoon', 'niks10', 'student17202315', 's2020494', 'grthakur18', 'pd0s__', 'kl.chin0622', 'harera', 'chiachenng123', 'maxcleveland73', 'renyi0912', 'a7med.dawoud', 'aliffizham', 'irfanzahiran01', 'thishen', 'rrr197197', 'noakashkash', 'dipu3139', 'shezan', 'um17206869', 'talhaim11', 'cristiano.urban.slack', 'u2003956', 'daniallo17', 'fmatlin1997', 'u2003990', 'yusankoh', 'bornaobradovic', 'shihong5270', 'myson', 'arunavignan4', 'iskandarsofian', 'abrarhasin1010', '17202739nazif', 'mohithanda026', 'tifalord010', 'ikramnasir7', 'shafiq__', 'chiraghegde101', 'adeebzikri0', 'kubisselman11', 'u2003882', 'azimpaan', 'kiranjot2277', 'kw01', 'koayzhengyin', 'aisyarazali82', 'alfin01', 'fidadzli', 'zalzikri', 'khushbu.24347', 'itaiben58', 'syamil123', 'kj0918', 'yungwei.tan', 'afiq010507', 'shahrizan01', 'nghaowei613', 'azharali1616']",1,[None],137,"['tanyungwei', 'alonb96', 'muhamadaiman17207593', 'nida20', 'u2003966', 'xydemekiller08', 'nuhaa426', 'ahmed176877', 'amitsh', 'zamilmuazam98', 'aqbarshaiful', 'renyic', 'abdelrahmanahmed780', 'itaizilcha', 'mfnizam27', 'tangkityee', 'xiaoyu11', 'crce.8752.elec', 'zousifanstarry', 'kiranjot.kaur.3388', 'chinkeatchew880', 'beni1772', 'tzeron2210', 'teh_mint12', 'jxuanchia', 'shirartzi00', 'yoanesyeo', 'abid01', 'abdoug', 'poke5917', 'haziqian', 'aiman01', 'tizianapirozzi', 'ankanbis786', 'leewenjun', 'arnab.mondal777', 'federicozg96', 'yinyong0427', 'yewyung', 'yj981016', 'mec2020012', 'aiman_nazri123', '3rdbesemean00', 'weimingquah5', 'theezzy', 'iron52bat', 'butakimchi2021', 'jaydenhon', 'k3850305', 'u2003919', 'vijayabhasker111', 'bryanleong1126', 'u2003934', 'shameelhamid', 'jyotityagi142', 'matityajohn', 'mark.ataev', 'hiirumi01', 'nanododo', 'faizyus07', None, 'amirul', 'michael.hany.mofeed', 'tanchunwei8681', 'luqmanhakim', 'saiyedharith18', 'mostafaaplanet', 'omarahmedgoda97', 'crce.8545.elec', 'liorisaad', 'kailoom', 'bly185', 'khawlinkoon', 'niks10', 'student17202315', 's2020494', 'grthakur18', 'pd0s__', 'kl.chin0622', 'harera', 'chiachenng123', 'maxcleveland73', 'renyi0912', 'shaked.bar', 'a7med.dawoud', 'aliffizham', 'irfanzahiran01', 'thishen', 'rrr197197', 'noakashkash', 'dipu3139', 'shezan', 'um17206869', 'yaelm', 'talhaim11', 'cristiano.urban.slack', 'u2003956', 'daniallo17', 'fmatlin1997', 'brenneryaron', 'u2003990', 'kostac2980', 'yusankoh', 'bornaobradovic', 'shihong5270', 'myson', 'arunavignan4', 'iskandarsofian', 'abrarhasin1010', '17202739nazif', 'mohithanda026', 'tifalord010', 'ikramnasir7', 'shafiq__', 'chiraghegde101', 'ronb4', 'adeebzikri0', 'kubisselman11', 'u2003882', 'azimpaan', 'kiranjot2277', 'kw01', 'koayzhengyin', 'amitm', 'aisyarazali82', 'alfin01', 'fidadzli', 'zalzikri', 'khushbu.24347', 'itaiben58', 'syamil123', 'kj0918', 'yungwei.tan', 'afiq010507', 'shahrizan01', 'nghaowei613', 'azharali1616']"
1,229,136,8,2,"['tanchunwei8681', 'kj0918']",134,"['tanyungwei', 'alonb96', 'muhamadaiman17207593', 'nida20', 'u2003966', 'xydemekiller08', 'nuhaa426', 'ahmed176877', 'amitsh', 'zamilmuazam98', 'aqbarshaiful', 'renyic', 'abdelrahmanahmed780', 'itaizilcha', 'mfnizam27', 'tangkityee', 'xiaoyu11', 'crce.8752.elec', 'zousifanstarry', 'kiranjot.kaur.3388', 'chinkeatchew880', 'beni1772', 'tzeron2210', 'teh_mint12', 'jxuanchia', 'shirartzi00', 'yoanesyeo', 'abid01', 'abdoug', 'poke5917', 'haziqian', 'aiman01', 'tizianapirozzi', 'ankanbis786', 'leewenjun', 'arnab.mondal777', 'federicozg96', 'yinyong0427', 'yewyung', 'yj981016', 'mec2020012', 'aiman_nazri123', '3rdbesemean00', 'weimingquah5', 'theezzy', 'iron52bat', 'butakimchi2021', 'jaydenhon', 'k3850305', 'u2003919', 'vijayabhasker111', 'bryanleong1126', 'u2003934', 'shameelhamid', 'jyotityagi142', 'matityajohn', 'mark.ataev', 'hiirumi01', 'nanododo', 'faizyus07', 'amirul', 'michael.hany.mofeed', 'luqmanhakim', 'saiyedharith18', 'mostafaaplanet', 'omarahmedgoda97', 'crce.8545.elec', 'liorisaad', 'kailoom', 'bly185', 'khawlinkoon', 'niks10', 'student17202315', 's2020494', 'grthakur18', 'pd0s__', 'kl.chin0622', 'harera', 'chiachenng123', 'maxcleveland73', 'renyi0912', 'shaked.bar', 'a7med.dawoud', 'aliffizham', 'irfanzahiran01', 'thishen', 'rrr197197', 'noakashkash', 'dipu3139', 'shezan', 'um17206869', 'yaelm', 'talhaim11', 'cristiano.urban.slack', 'u2003956', 'daniallo17', 'fmatlin1997', 'brenneryaron', 'u2003990', 'kostac2980', 'yusankoh', 'bornaobradovic', 'shihong5270', 'myson', 'arunavignan4', 'iskandarsofian', 'abrarhasin1010', '17202739nazif', 'mohithanda026', 'tifalord010', 'ikramnasir7', 'shafiq__', 'chiraghegde101', 'ronb4', 'adeebzikri0', 'kubisselman11', 'u2003882', 'azimpaan', 'kiranjot2277', 'kw01', 'koayzhengyin', 'amitm', 'aisyarazali82', 'alfin01', 'fidadzli', 'zalzikri', 'khushbu.24347', 'itaiben58', 'syamil123', 'yungwei.tan', 'afiq010507', 'shahrizan01', 'nghaowei613', 'azharali1616']",6,"['yijoelow', 'u2003884', 's2031189', 'zuying1204', 'noelng0112', None]",142,"['tanyungwei', 'noelng0112', 'alonb96', 'muhamadaiman17207593', 'nida20', 'u2003966', 'xydemekiller08', 'nuhaa426', 'ahmed176877', 'zuying1204', 'amitsh', 'zamilmuazam98', 'aqbarshaiful', 'renyic', 'abdelrahmanahmed780', 'itaizilcha', 'mfnizam27', 'tangkityee', 'xiaoyu11', 'crce.8752.elec', 'zousifanstarry', 'kiranjot.kaur.3388', 'chinkeatchew880', 'beni1772', 'tzeron2210', 'teh_mint12', 'jxuanchia', 'shirartzi00', 'yoanesyeo', 'abid01', 'abdoug', 'poke5917', 'haziqian', 'aiman01', 'tizianapirozzi', 'ankanbis786', 'leewenjun', 'arnab.mondal777', 'federicozg96', 'yinyong0427', 'yewyung', 'yj981016', 'mec2020012', 'aiman_nazri123', '3rdbesemean00', 'weimingquah5', 'theezzy', 'iron52bat', 'butakimchi2021', 'jaydenhon', 'k3850305', 's2031189', 'u2003919', 'vijayabhasker111', 'bryanleong1126', 'u2003934', 'shameelhamid', 'jyotityagi142', 'matityajohn', 'mark.ataev', 'hiirumi01', 'nanododo', 'faizyus07', None, 'amirul', 'michael.hany.mofeed', 'tanchunwei8681', 'luqmanhakim', 'saiyedharith18', 'mostafaaplanet', 'omarahmedgoda97', 'crce.8545.elec', 'liorisaad', 'kailoom', 'bly185', 'khawlinkoon', 'niks10', 'student17202315', 's2020494', 'grthakur18', 'pd0s__', 'kl.chin0622', 'harera', 'chiachenng123', 'maxcleveland73', 'renyi0912', 'shaked.bar', 'a7med.dawoud', 'aliffizham', 'yijoelow', 'irfanzahiran01', 'thishen', 'rrr197197', 'noakashkash', 'dipu3139', 'shezan', 'um17206869', 'yaelm', 'talhaim11', 'cristiano.urban.slack', 'u2003956', 'daniallo17', 'fmatlin1997', 'brenneryaron', 'u2003990', 'kostac2980', 'yusankoh', 'bornaobradovic', 'shihong5270', 'myson', 'arunavignan4', 'iskandarsofian', 'u2003884', 'abrarhasin1010', '17202739nazif', 'mohithanda026', 'tifalord010', 'ikramnasir7', 'shafiq__', 'chiraghegde101', 'ronb4', 'adeebzikri0', 'kubisselman11', 'u2003882', 'azimpaan', 'kiranjot2277', 'kw01', 'koayzhengyin', 'amitm', 'aisyarazali82', 'alfin01', 'fidadzli', 'zalzikri', 'khushbu.24347', 'itaiben58', 'syamil123', 'kj0918', 'yungwei.tan', 'afiq010507', 'shahrizan01', 'nghaowei613', 'azharali1616']"
1,451,136,8,2,"['tifalord010', 'abdelrahmanahmed780']",134,"['tanyungwei', 'alonb96', 'muhamadaiman17207593', 'nida20', 'u2003966', 'xydemekiller08', 'nuhaa426', 'ahmed176877', 'amitsh', 'zamilmuazam98', 'aqbarshaiful', 'renyic', 'itaizilcha', 'mfnizam27', 'tangkityee', 'xiaoyu11', 'crce.8752.elec', 'zousifanstarry', 'kiranjot.kaur.3388', 'chinkeatchew880', 'beni1772', 'tzeron2210', 'teh_mint12', 'jxuanchia', 'shirartzi00', 'yoanesyeo', 'abid01', 'abdoug', 'poke5917', 'haziqian', 'aiman01', 'tizianapirozzi', 'ankanbis786', 'leewenjun', 'arnab.mondal777', 'federicozg96', 'yinyong0427', 'yewyung', 'yj981016', 'mec2020012', 'aiman_nazri123', '3rdbesemean00', 'weimingquah5', 'theezzy', 'iron52bat', 'butakimchi2021', 'jaydenhon', 'k3850305', 'u2003919', 'vijayabhasker111', 'bryanleong1126', 'u2003934', 'shameelhamid', 'jyotityagi142', 'matityajohn', 'mark.ataev', 'hiirumi01', 'nanododo', 'faizyus07', 'amirul', 'michael.hany.mofeed', 'tanchunwei8681', 'luqmanhakim', 'saiyedharith18', 'mostafaaplanet', 'omarahmedgoda97', 'crce.8545.elec', 'liorisaad', 'kailoom', 'bly185', 'khawlinkoon', 'niks10', 'student17202315', 's2020494', 'grthakur18', 'pd0s__', 'kl.chin0622', 'harera', 'chiachenng123', 'maxcleveland73', 'renyi0912', 'shaked.bar', 'a7med.dawoud', 'aliffizham', 'irfanzahiran01', 'thishen', 'rrr197197', 'noakashkash', 'dipu3139', 'shezan', 'um17206869', 'yaelm', 'talhaim11', 'cristiano.urban.slack', 'u2003956', 'daniallo17', 'fmatlin1997', 'brenneryaron', 'u2003990', 'kostac2980', 'yusankoh', 'bornaobradovic', 'shihong5270', 'myson', 'arunavignan4', 'iskandarsofian', 'abrarhasin1010', '17202739nazif', 'mohithanda026', 'ikramnasir7', 'shafiq__', 'chiraghegde101', 'ronb4', 'adeebzikri0', 'kubisselman11', 'u2003882', 'azimpaan', 'kiranjot2277', 'kw01', 'koayzhengyin', 'amitm', 'aisyarazali82', 'alfin01', 'fidadzli', 'zalzikri', 'khushbu.24347', 'itaiben58', 'syamil123', 'kj0918', 'yungwei.tan', 'afiq010507', 'shahrizan01', 'nghaowei613', 'azharali1616']",6,"['abdelrahmanalaa333', 'abdelrahman170709', 'refaey', None, 'abobaker', 'maaroufmuhammad17']",142,"['tanyungwei', 'alonb96', 'muhamadaiman17207593', 'nida20', 'refaey', 'maaroufmuhammad17', 'u2003966', 'xydemekiller08', 'nuhaa426', 'ahmed176877', 'amitsh', 'zamilmuazam98', 'aqbarshaiful', 'renyic', 'abdelrahmanahmed780', 'itaizilcha', 'mfnizam27', 'tangkityee', 'xiaoyu11', 'crce.8752.elec', 'zousifanstarry', 'kiranjot.kaur.3388', 'chinkeatchew880', 'beni1772', 'tzeron2210', 'teh_mint12', 'jxuanchia', 'shirartzi00', 'yoanesyeo', 'abid01', 'abdoug', 'abdelrahman170709', 'poke5917', 'haziqian', 'aiman01', 'tizianapirozzi', 'ankanbis786', 'leewenjun', 'arnab.mondal777', 'federicozg96', 'yinyong0427', 'yewyung', 'yj981016', 'mec2020012', 'aiman_nazri123', '3rdbesemean00', 'weimingquah5', 'theezzy', 'iron52bat', 'butakimchi2021', 'jaydenhon', 'k3850305', 'u2003919', 'vijayabhasker111', 'bryanleong1126', 'u2003934', 'shameelhamid', 'jyotityagi142', 'matityajohn', 'mark.ataev', 'hiirumi01', 'nanododo', 'faizyus07', None, 'amirul', 'michael.hany.mofeed', 'tanchunwei8681', 'luqmanhakim', 'saiyedharith18', 'mostafaaplanet', 'omarahmedgoda97', 'crce.8545.elec', 'liorisaad', 'kailoom', 'bly185', 'khawlinkoon', 'niks10', 'student17202315', 's2020494', 'grthakur18', 'pd0s__', 'kl.chin0622', 'harera', 'chiachenng123', 'maxcleveland73', 'renyi0912', 'shaked.bar', 'a7med.dawoud', 'aliffizham', 'irfanzahiran01', 'thishen', 'rrr197197', 'noakashkash', 'dipu3139', 'shezan', 'um17206869', 'yaelm', 'talhaim11', 'cristiano.urban.slack', 'u2003956', 'daniallo17', 'fmatlin1997', 'brenneryaron', 'u2003990', 'kostac2980', 'yusankoh', 'bornaobradovic', 'shihong5270', 'myson', 'arunavignan4', 'iskandarsofian', 'abdelrahmanalaa333', 'abrarhasin1010', '17202739nazif', 'mohithanda026', 'tifalord010', 'ikramnasir7', 'shafiq__', 'chiraghegde101', 'ronb4', 'adeebzikri0', 'kubisselman11', 'u2003882', 'azimpaan', 'kiranjot2277', 'kw01', 'koayzhengyin', 'amitm', 'aisyarazali82', 'abobaker', 'alfin01', 'fidadzli', 'zalzikri', 'khushbu.24347', 'itaiben58', 'syamil123', 'kj0918', 'yungwei.tan', 'afiq010507', 'shahrizan01', 'nghaowei613', 'azharali1616']"
1,485,136,7,2,"['ahmed176877', 'a7med.dawoud']",134,"['tanyungwei', 'alonb96', 'muhamadaiman17207593', 'nida20', 'u2003966', 'xydemekiller08', 'nuhaa426', 'amitsh', 'zamilmuazam98', 'aqbarshaiful', 'renyic', 'abdelrahmanahmed780', 'itaizilcha', 'mfnizam27', 'tangkityee', 'xiaoyu11', 'crce.8752.elec', 'zousifanstarry', 'kiranjot.kaur.3388', 'chinkeatchew880', 'beni1772', 'tzeron2210', 'teh_mint12', 'jxuanchia', 'shirartzi00', 'yoanesyeo', 'abid01', 'abdoug', 'poke5917', 'haziqian', 'aiman01', 'tizianapirozzi', 'ankanbis786', 'leewenjun', 'arnab.mondal777', 'federicozg96', 'yinyong0427', 'yewyung', 'yj981016', 'mec2020012', 'aiman_nazri123', '3rdbesemean00', 'weimingquah5', 'theezzy', 'iron52bat', 'butakimchi2021', 'jaydenhon', 'k3850305', 'u2003919', 'vijayabhasker111', 'bryanleong1126', 'u2003934', 'shameelhamid', 'jyotityagi142', 'matityajohn', 'mark.ataev', 'hiirumi01', 'nanododo', 'faizyus07', 'amirul', 'michael.hany.mofeed', 'tanchunwei8681', 'luqmanhakim', 'saiyedharith18', 'mostafaaplanet', 'omarahmedgoda97', 'crce.8545.elec', 'liorisaad', 'kailoom', 'bly185', 'khawlinkoon', 'niks10', 'student17202315', 's2020494', 'grthakur18', 'pd0s__', 'kl.chin0622', 'harera', 'chiachenng123', 'maxcleveland73', 'renyi0912', 'shaked.bar', 'aliffizham', 'irfanzahiran01', 'thishen', 'rrr197197', 'noakashkash', 'dipu3139', 'shezan', 'um17206869', 'yaelm', 'talhaim11', 'cristiano.urban.slack', 'u2003956', 'daniallo17', 'fmatlin1997', 'brenneryaron', 'u2003990', 'kostac2980', 'yusankoh', 'bornaobradovic', 'shihong5270', 'myson', 'arunavignan4', 'iskandarsofian', 'abrarhasin1010', '17202739nazif', 'mohithanda026', 'tifalord010', 'ikramnasir7', 'shafiq__', 'chiraghegde101', 'ronb4', 'adeebzikri0', 'kubisselman11', 'u2003882', 'azimpaan', 'kiranjot2277', 'kw01', 'koayzhengyin', 'amitm', 'aisyarazali82', 'alfin01', 'fidadzli', 'zalzikri', 'khushbu.24347', 'itaiben58', 'syamil123', 'kj0918', 'yungwei.tan', 'afiq010507', 'shahrizan01', 'nghaowei613', 'azharali1616']",5,"['eslam.tolaib97', 'omarloay99', 'ahmedibrahim', 'farah171125', None]",141,"['tanyungwei', 'alonb96', 'muhamadaiman17207593', 'nida20', 'u2003966', 'xydemekiller08', 'nuhaa426', 'ahmed176877', 'amitsh', 'zamilmuazam98', 'aqbarshaiful', 'renyic', 'abdelrahmanahmed780', 'itaizilcha', 'mfnizam27', 'tangkityee', 'xiaoyu11', 'crce.8752.elec', 'zousifanstarry', 'kiranjot.kaur.3388', 'chinkeatchew880', 'beni1772', 'tzeron2210', 'teh_mint12', 'jxuanchia', 'shirartzi00', 'yoanesyeo', 'abid01', 'abdoug', 'poke5917', 'haziqian', 'aiman01', 'tizianapirozzi', 'farah171125', 'ankanbis786', 'leewenjun', 'arnab.mondal777', 'federicozg96', 'yinyong0427', 'yewyung', 'yj981016', 'mec2020012', 'aiman_nazri123', '3rdbesemean00', 'weimingquah5', 'omarloay99', 'theezzy', 'iron52bat', 'butakimchi2021', 'jaydenhon', 'k3850305', 'u2003919', 'vijayabhasker111', 'bryanleong1126', 'u2003934', 'shameelhamid', 'jyotityagi142', 'matityajohn', 'mark.ataev', 'hiirumi01', 'nanododo', 'faizyus07', None, 'amirul', 'michael.hany.mofeed', 'tanchunwei8681', 'luqmanhakim', 'saiyedharith18', 'mostafaaplanet', 'omarahmedgoda97', 'crce.8545.elec', 'liorisaad', 'kailoom', 'bly185', 'khawlinkoon', 'niks10', 'student17202315', 's2020494', 'grthakur18', 'pd0s__', 'kl.chin0622', 'harera', 'chiachenng123', 'maxcleveland73', 'renyi0912', 'shaked.bar', 'a7med.dawoud', 'aliffizham', 'irfanzahiran01', 'thishen', 'rrr197197', 'noakashkash', 'dipu3139', 'shezan', 'um17206869', 'yaelm', 'talhaim11', 'cristiano.urban.slack', 'u2003956', 'daniallo17', 'fmatlin1997', 'brenneryaron', 'u2003990', 'kostac2980', 'yusankoh', 'bornaobradovic', 'shihong5270', 'myson', 'arunavignan4', 'iskandarsofian', 'eslam.tolaib97', 'abrarhasin1010', '17202739nazif', 'mohithanda026', 'tifalord010', 'ikramnasir7', 'shafiq__', 'ahmedibrahim', 'chiraghegde101', 'ronb4', 'adeebzikri0', 'kubisselman11', 'u2003882', 'azimpaan', 'kiranjot2277', 'kw01', 'koayzhengyin', 'amitm', 'aisyarazali82', 'alfin01', 'fidadzli', 'zalzikri', 'khushbu.24347', 'itaiben58', 'syamil123', 'kj0918', 'yungwei.tan', 'afiq010507', 'shahrizan01', 'nghaowei613', 'azharali1616']"
1,487,136,7,1,['ahmed176877'],135,"['tanyungwei', 'alonb96', 'muhamadaiman17207593', 'nida20', 'u2003966', 'xydemekiller08', 'nuhaa426', 'amitsh', 'zamilmuazam98', 'aqbarshaiful', 'renyic', 'abdelrahmanahmed780', 'itaizilcha', 'mfnizam27', 'tangkityee', 'xiaoyu11', 'crce.8752.elec', 'zousifanstarry', 'kiranjot.kaur.3388', 'chinkeatchew880', 'beni1772', 'tzeron2210', 'teh_mint12', 'jxuanchia', 'shirartzi00', 'yoanesyeo', 'abid01', 'abdoug', 'poke5917', 'haziqian', 'aiman01', 'tizianapirozzi', 'ankanbis786', 'leewenjun', 'arnab.mondal777', 'federicozg96', 'yinyong0427', 'yewyung', 'yj981016', 'mec2020012', 'aiman_nazri123', '3rdbesemean00', 'weimingquah5', 'theezzy', 'iron52bat', 'butakimchi2021', 'jaydenhon', 'k3850305', 'u2003919', 'vijayabhasker111', 'bryanleong1126', 'u2003934', 'shameelhamid', 'jyotityagi142', 'matityajohn', 'mark.ataev', 'hiirumi01', 'nanododo', 'faizyus07', 'amirul', 'michael.hany.mofeed', 'tanchunwei8681', 'luqmanhakim', 'saiyedharith18', 'mostafaaplanet', 'omarahmedgoda97', 'crce.8545.elec', 'liorisaad', 'kailoom', 'bly185', 'khawlinkoon', 'niks10', 'student17202315', 's2020494', 'grthakur18', 'pd0s__', 'kl.chin0622', 'harera', 'chiachenng123', 'maxcleveland73', 'renyi0912', 'shaked.bar', 'a7med.dawoud', 'aliffizham', 'irfanzahiran01', 'thishen', 'rrr197197', 'noakashkash', 'dipu3139', 'shezan', 'um17206869', 'yaelm', 'talhaim11', 'cristiano.urban.slack', 'u2003956', 'daniallo17', 'fmatlin1997', 'brenneryaron', 'u2003990', 'kostac2980', 'yusankoh', 'bornaobradovic', 'shihong5270', 'myson', 'arunavignan4', 'iskandarsofian', 'abrarhasin1010', '17202739nazif', 'mohithanda026', 'tifalord010', 'ikramnasir7', 'shafiq__', 'chiraghegde101', 'ronb4', 'adeebzikri0', 'kubisselman11', 'u2003882', 'azimpaan', 'kiranjot2277', 'kw01', 'koayzhengyin', 'amitm', 'aisyarazali82', 'alfin01', 'fidadzli', 'zalzikri', 'khushbu.24347', 'itaiben58', 'syamil123', 'kj0918', 'yungwei.tan', 'afiq010507', 'shahrizan01', 'nghaowei613', 'azharali1616']",6,"['omarloay99', 'ahmedibrahim', 'farah171125', None, 'saramohamed571', 'abdel_hameed_hashem97']",142,"['tanyungwei', 'alonb96', 'muhamadaiman17207593', 'nida20', 'u2003966', 'xydemekiller08', 'nuhaa426', 'ahmed176877', 'amitsh', 'zamilmuazam98', 'aqbarshaiful', 'renyic', 'abdelrahmanahmed780', 'itaizilcha', 'mfnizam27', 'tangkityee', 'xiaoyu11', 'crce.8752.elec', 'zousifanstarry', 'kiranjot.kaur.3388', 'chinkeatchew880', 'beni1772', 'tzeron2210', 'teh_mint12', 'jxuanchia', 'shirartzi00', 'yoanesyeo', 'abid01', 'abdoug', 'poke5917', 'haziqian', 'aiman01', 'tizianapirozzi', 'farah171125', 'ankanbis786', 'leewenjun', 'arnab.mondal777', 'federicozg96', 'yinyong0427', 'yewyung', 'yj981016', 'mec2020012', 'aiman_nazri123', '3rdbesemean00', 'weimingquah5', 'omarloay99', 'theezzy', 'iron52bat', 'butakimchi2021', 'jaydenhon', 'k3850305', 'u2003919', 'vijayabhasker111', 'bryanleong1126', 'u2003934', 'shameelhamid', 'jyotityagi142', 'matityajohn', 'mark.ataev', 'hiirumi01', 'nanododo', 'faizyus07', None, 'amirul', 'michael.hany.mofeed', 'tanchunwei8681', 'luqmanhakim', 'saiyedharith18', 'mostafaaplanet', 'omarahmedgoda97', 'crce.8545.elec', 'liorisaad', 'saramohamed571', 'kailoom', 'bly185', 'khawlinkoon', 'niks10', 'student17202315', 's2020494', 'grthakur18', 'pd0s__', 'kl.chin0622', 'harera', 'chiachenng123', 'maxcleveland73', 'renyi0912', 'shaked.bar', 'a7med.dawoud', 'aliffizham', 'irfanzahiran01', 'thishen', 'rrr197197', 'noakashkash', 'dipu3139', 'shezan', 'um17206869', 'yaelm', 'talhaim11', 'cristiano.urban.slack', 'u2003956', 'daniallo17', 'fmatlin1997', 'brenneryaron', 'u2003990', 'kostac2980', 'yusankoh', 'bornaobradovic', 'shihong5270', 'myson', 'arunavignan4', 'iskandarsofian', 'abrarhasin1010', '17202739nazif', 'mohithanda026', 'tifalord010', 'ikramnasir7', 'shafiq__', 'ahmedibrahim', 'chiraghegde101', 'ronb4', 'adeebzikri0', 'kubisselman11', 'u2003882', 'azimpaan', 'abdel_hameed_hashem97', 'kiranjot2277', 'kw01', 'koayzhengyin', 'amitm', 'aisyarazali82', 'alfin01', 'fidadzli', 'zalzikri', 'khushbu.24347', 'itaiben58', 'syamil123', 'kj0918', 'yungwei.tan', 'afiq010507', 'shahrizan01', 'nghaowei613', 'azharali1616']"
1,60,136,6,1,['bly185'],135,"['tanyungwei', 'alonb96', 'muhamadaiman17207593', 'nida20', 'u2003966', 'xydemekiller08', 'nuhaa426', 'ahmed176877', 'amitsh', 'zamilmuazam98', 'aqbarshaiful', 'renyic', 'abdelrahmanahmed780', 'itaizilcha', 'mfnizam27', 'tangkityee', 'xiaoyu11', 'crce.8752.elec', 'zousifanstarry', 'kiranjot.kaur.3388', 'chinkeatchew880', 'beni1772', 'tzeron2210', 'teh_mint12', 'jxuanchia', 'shirartzi00', 'yoanesyeo', 'abid01', 'abdoug', 'poke5917', 'haziqian', 'aiman01', 'tizianapirozzi', 'ankanbis786', 'leewenjun', 'arnab.mondal777', 'federicozg96', 'yinyong0427', 'yewyung', 'yj981016', 'mec2020012', 'aiman_nazri123', '3rdbesemean00', 'weimingquah5', 'theezzy', 'iron52bat', 'butakimchi2021', 'jaydenhon', 'k3850305', 'u2003919', 'vijayabhasker111', 'bryanleong1126', 'u2003934', 'shameelhamid', 'jyotityagi142', 'matityajohn', 'mark.ataev', 'hiirumi01', 'nanododo', 'faizyus07', 'amirul', 'michael.hany.mofeed', 'tanchunwei8681', 'luqmanhakim', 'saiyedharith18', 'mostafaaplanet', 'omarahmedgoda97', 'crce.8545.elec', 'liorisaad', 'kailoom', 'khawlinkoon', 'niks10', 'student17202315', 's2020494', 'grthakur18', 'pd0s__', 'kl.chin0622', 'harera', 'chiachenng123', 'maxcleveland73', 'renyi0912', 'shaked.bar', 'a7med.dawoud', 'aliffizham', 'irfanzahiran01', 'thishen', 'rrr197197', 'noakashkash', 'dipu3139', 'shezan', 'um17206869', 'yaelm', 'talhaim11', 'cristiano.urban.slack', 'u2003956', 'daniallo17', 'fmatlin1997', 'brenneryaron', 'u2003990', 'kostac2980', 'yusankoh', 'bornaobradovic', 'shihong5270', 'myson', 'arunavignan4', 'iskandarsofian', 'abrarhasin1010', '17202739nazif', 'mohithanda026', 'tifalord010', 'ikramnasir7', 'shafiq__', 'chiraghegde101', 'ronb4', 'adeebzikri0', 'kubisselman11', 'u2003882', 'azimpaan', 'kiranjot2277', 'kw01', 'koayzhengyin', 'amitm', 'aisyarazali82', 'alfin01', 'fidadzli', 'zalzikri', 'khushbu.24347', 'itaiben58', 'syamil123', 'kj0918', 'yungwei.tan', 'afiq010507', 'shahrizan01', 'nghaowei613', 'azharali1616']",5,"['jessfish', 'hpd723g', 'ssmith3', 'davidgmcintosh', None]",141,"['tanyungwei', 'alonb96', 'muhamadaiman17207593', 'nida20', 'u2003966', 'xydemekiller08', 'nuhaa426', 'ahmed176877', 'amitsh', 'zamilmuazam98', 'aqbarshaiful', 'renyic', 'abdelrahmanahmed780', 'itaizilcha', 'mfnizam27', 'jessfish', 'tangkityee', 'xiaoyu11', 'crce.8752.elec', 'zousifanstarry', 'kiranjot.kaur.3388', 'chinkeatchew880', 'beni1772', 'tzeron2210', 'teh_mint12', 'jxuanchia', 'shirartzi00', 'yoanesyeo', 'abid01', 'abdoug', 'poke5917', 'haziqian', 'aiman01', 'tizianapirozzi', 'ankanbis786', 'leewenjun', 'arnab.mondal777', 'federicozg96', 'yinyong0427', 'yewyung', 'hpd723g', 'yj981016', 'mec2020012', 'aiman_nazri123', '3rdbesemean00', 'weimingquah5', 'theezzy', 'iron52bat', 'butakimchi2021', 'jaydenhon', 'k3850305', 'u2003919', 'vijayabhasker111', 'bryanleong1126', 'u2003934', 'shameelhamid', 'jyotityagi142', 'ssmith3', 'matityajohn', 'mark.ataev', 'hiirumi01', 'nanododo', 'faizyus07', None, 'amirul', 'michael.hany.mofeed', 'tanchunwei8681', 'luqmanhakim', 'saiyedharith18', 'mostafaaplanet', 'omarahmedgoda97', 'crce.8545.elec', 'liorisaad', 'kailoom', 'bly185', 'khawlinkoon', 'niks10', 'student17202315', 's2020494', 'grthakur18', 'pd0s__', 'kl.chin0622', 'harera', 'chiachenng123', 'maxcleveland73', 'renyi0912', 'shaked.bar', 'a7med.dawoud', 'aliffizham', 'irfanzahiran01', 'thishen', 'rrr197197', 'noakashkash', 'dipu3139', 'shezan', 'um17206869', 'yaelm', 'talhaim11', 'cristiano.urban.slack', 'u2003956', 'daniallo17', 'fmatlin1997', 'brenneryaron', 'u2003990', 'kostac2980', 'yusankoh', 'bornaobradovic', 'shihong5270', 'myson', 'arunavignan4', 'iskandarsofian', 'abrarhasin1010', 'davidgmcintosh', '17202739nazif', 'mohithanda026', 'tifalord010', 'ikramnasir7', 'shafiq__', 'chiraghegde101', 'ronb4', 'adeebzikri0', 'kubisselman11', 'u2003882', 'azimpaan', 'kiranjot2277', 'kw01', 'koayzhengyin', 'amitm', 'aisyarazali82', 'alfin01', 'fidadzli', 'zalzikri', 'khushbu.24347', 'itaiben58', 'syamil123', 'kj0918', 'yungwei.tan', 'afiq010507', 'shahrizan01', 'nghaowei613', 'azharali1616']"
2,549,124,104,95,"['sanchezbarranquero', 'guillermohc1998', 'fidelmuriel', 'mcbsam', 'ivancamacho4a', 'p3drillo', 'yakoirusta', 'nilsvanesostos899', 'enriquearroyo', 'juanrocruz', 'davidsanserra', 'ivancamacho4', 'folgoso', 'javigarrido.98', 'ramoro10', 'david1998', 'e.estelacalaforra', 'auberonlc', 'fjr', 'pablovela', 'hugo512', 'josemarivm', 'alsasa', 'martalanzac', 'luciazapata', 'alejandroborj', 'javihjhj92', 'danivisa101', 'cristinaa_gh', 'belenalvmon', 'pablogarra', 'e.javihjhj92', 'duenas5a', 'e.jaimecanovas', 'carmenarias', 'conrado', 'pacomorales', 'carnage', 'cobos', 'jose.lop.mol98', 'santiagocw98', 'jaimecanovas9', 'juninhojuan2499', 'alvaroluque', 'jorgecaba2000', 'rubenvv', 'e.santaella99', 'azzorini', 'marcoss1', 'kevin28', 'juangoye', 'gtorresrios', 'e.myeste', 'aliciaroblesp', 'byrey2', 'hannan', 'josemi', 'delgado.espinosa.sara', 'jesusgarsan', 'e.sanmillandp', 'gaasll', 'javiubago', 'roasdgo', 'e.teresalc13', 'lydiam', 'e.juangarcas', 'rubengijon', 'juanzim', 'guerreroalonso', 'f.morontam', 'edumontes_98', 'marinalc7', 'e.javipostigo99', 'e.francollado', 'e.josemanuelrxg', 'e.franfer99', 'e.jorgetg', 'mariadelmarsanchez', 'mparody', 'e.rgeo', 'sopa_de_sobre', 'setarcos', 'miguel_jimort', 'clarasansau', 'evajimenez', 'isabelpascual', 'safaa261298', 'joselux', 'albertodelmv', 'pradosabad', 'e.pgosorio', 'arturosirvent', 'guillehermoso', 'josealbertoap98', 'claracd']",28,"['e.juanantonio1', 'e.nereyda', 'luciazapataechevarne', 'a.cazorla', 'josett', 'miggalben', 'monicatdm', 'tomaseisman', 'danitlo115', 'anaya.mailk860773', 'fransanfru', 'ursulacs', 'samialsmadisegovia1', 'jose99os', 'alexhernandez790', 'javibolanos', 'e.juliavifi', 'lalaugoms', 'beacasasola1', 'mich_loiz', 'luimanesp', 'e.silviagarcia12', 'german7', 'simonbonnal', 'migueggalan', 'davidjosegg', 'jmorenov', 'anabel_romero']",9,"['marinacardenas', 'wignerpeckart99', 'salva_ugr_fisica', 'e.jjfm04', 'javilunaquesada', 'e.guerrerosamu', 'sergiopozuelom', 'fmgomez', None]",132,"['sanchezbarranquero', 'guillermohc1998', 'fidelmuriel', 'e.nereyda', 'mcbsam', 'luciazapataechevarne', 'ivancamacho4a', 'p3drillo', 'josett', 'yakoirusta', 'nilsvanesostos899', 'enriquearroyo', 'juanrocruz', 'ivancamacho4', 'fransanfru', 'samialsmadisegovia1', 'jose99os', 'folgoso', 'javigarrido.98', 'ramoro10', 'david1998', 'e.estelacalaforra', 'javilunaquesada', 'javibolanos', 'beacasasola1', 'german7', 'simonbonnal', 'auberonlc', 'pablovela', 'fjr', 'sergiopozuelom', 'jmorenov', 'hugo512', 'josemarivm', 'alsasa', 'martalanzac', 'luciazapata', 'alejandroborj', 'javihjhj92', 'danivisa101', 'cristinaa_gh', 'e.jjfm04', 'anaya.mailk860773', 'belenalvmon', 'pablogarra', 'e.javihjhj92', 'e.jaimecanovas', 'duenas5a', 'carmenarias', 'conrado', 'pacomorales', None, 'carnage', 'cobos', 'jose.lop.mol98', 'santiagocw98', 'jaimecanovas9', 'davidjosegg', 'anabel_romero', 'juninhojuan2499', 'alvaroluque', 'jorgecaba2000', 'e.juanantonio1', 'rubenvv', 'e.santaella99', 'azzorini', 'marcoss1', 'kevin28', 'juangoye', 'e.myeste', 'gtorresrios', 'salva_ugr_fisica', 'aliciaroblesp', 'danitlo115', 'byrey2', 'e.guerrerosamu', 'hannan', 'josemi', 'delgado.espinosa.sara', 'jesusgarsan', 'e.sanmillandp', 'gaasll', 'javiubago', 'roasdgo', 'alexhernandez790', 'e.teresalc13', 'lalaugoms', 'mich_loiz', 'luimanesp', 'e.juangarcas', 'lydiam', 'e.silviagarcia12', 'rubengijon', 'migueggalan', 'fmgomez', 'juanzim', 'guerreroalonso', 'wignerpeckart99', 'f.morontam', 'edumontes_98', 'marinalc7', 'e.javipostigo99', 'a.cazorla', 'e.francollado', 'miggalben', 'monicatdm', 'e.josemanuelrxg', 'tomaseisman', 'ursulacs', 'e.franfer99', 'e.jorgetg', 'mariadelmarsanchez', 'mparody', 'e.rgeo', 'sopa_de_sobre', 'setarcos', 'miguel_jimort', 'clarasansau', 'guillehermoso', 'evajimenez', 'isabelpascual', 'marinacardenas', 'e.juliavifi', 'safaa261298', 'joselux', 'albertodelmv', 'pradosabad', 'e.pgosorio', 'arturosirvent', 'davidsanserra', 'josealbertoap98', 'claracd']"
2,550,124,43,38,"['josemarivm', 'e.javipostigo99', 'fidelmuriel', 'luciazapataechevarne', 'a.cazorla', 'ivancamacho4a', 'luciazapata', 'p3drillo', 'kevin28', 'miggalben', 'josett', 'alejandroborj', 'yakoirusta', 'danivisa101', 'aliciaroblesp', 'danitlo115', 'fransanfru', 'belenalvmon', 'ursulacs', 'samialsmadisegovia1', 'e.jorgetg', 'delgado.espinosa.sara', 'folgoso', 'mariadelmarsanchez', 'ramoro10', 'sopa_de_sobre', 'e.estelacalaforra', 'javibolanos', 'lalaugoms', 'beacasasola1', 'santiagocw98', 'lydiam', 'e.silviagarcia12', 'jaimecanovas9', 'e.juangarcas', 'simonbonnal', 'albertodelmv', 'davidjosegg']",85,"['sanchezbarranquero', 'guillermohc1998', 'e.nereyda', 'mcbsam', 'nilsvanesostos899', 'enriquearroyo', 'juanrocruz', 'davidsanserra', 'ivancamacho4', 'jose99os', 'javigarrido.98', 'david1998', 'german7', 'auberonlc', 'pablovela', 'fjr', 'jmorenov', 'hugo512', 'alsasa', 'martalanzac', 'javihjhj92', 'cristinaa_gh', 'anaya.mailk860773', 'pablogarra', 'e.javihjhj92', 'e.jaimecanovas', 'duenas5a', 'carmenarias', 'conrado', 'pacomorales', 'carnage', 'cobos', 'jose.lop.mol98', 'anabel_romero', 'juninhojuan2499', 'alvaroluque', 'jorgecaba2000', 'e.juanantonio1', 'rubenvv', 'e.santaella99', 'azzorini', 'marcoss1', 'juangoye', 'e.myeste', 'gtorresrios', 'byrey2', 'hannan', 'josemi', 'jesusgarsan', 'e.sanmillandp', 'gaasll', 'javiubago', 'roasdgo', 'alexhernandez790', 'e.teresalc13', 'mich_loiz', 'luimanesp', 'rubengijon', 'migueggalan', 'juanzim', 'guerreroalonso', 'f.morontam', 'edumontes_98', 'marinalc7', 'e.francollado', 'monicatdm', 'e.josemanuelrxg', 'tomaseisman', 'e.franfer99', 'mparody', 'e.rgeo', 'setarcos', 'miguel_jimort', 'clarasansau', 'evajimenez', 'isabelpascual', 'e.juliavifi', 'safaa261298', 'joselux', 'pradosabad', 'e.pgosorio', 'arturosirvent', 'guillehermoso', 'josealbertoap98', 'claracd']",5,"['saullopez', 'e.jjfm04', 'franciscomontiel1998', 'laszlotg', None]",128,"['sanchezbarranquero', 'guillermohc1998', 'fidelmuriel', 'e.nereyda', 'mcbsam', 'luciazapataechevarne', 'ivancamacho4a', 'p3drillo', 'josett', 'yakoirusta', 'nilsvanesostos899', 'enriquearroyo', 'juanrocruz', 'ivancamacho4', 'fransanfru', 'samialsmadisegovia1', 'jose99os', 'folgoso', 'javigarrido.98', 'ramoro10', 'david1998', 'e.estelacalaforra', 'javibolanos', 'beacasasola1', 'german7', 'simonbonnal', 'auberonlc', 'pablovela', 'fjr', 'jmorenov', 'hugo512', 'josemarivm', 'alsasa', 'martalanzac', 'luciazapata', 'alejandroborj', 'javihjhj92', 'danivisa101', 'cristinaa_gh', 'e.jjfm04', 'anaya.mailk860773', 'belenalvmon', 'pablogarra', 'e.javihjhj92', 'e.jaimecanovas', 'duenas5a', 'carmenarias', 'conrado', 'pacomorales', None, 'carnage', 'cobos', 'jose.lop.mol98', 'santiagocw98', 'jaimecanovas9', 'davidjosegg', 'anabel_romero', 'juninhojuan2499', 'alvaroluque', 'jorgecaba2000', 'e.juanantonio1', 'rubenvv', 'e.santaella99', 'azzorini', 'marcoss1', 'kevin28', 'juangoye', 'e.myeste', 'gtorresrios', 'aliciaroblesp', 'danitlo115', 'byrey2', 'hannan', 'josemi', 'delgado.espinosa.sara', 'jesusgarsan', 'e.sanmillandp', 'franciscomontiel1998', 'gaasll', 'javiubago', 'roasdgo', 'alexhernandez790', 'e.teresalc13', 'lalaugoms', 'mich_loiz', 'luimanesp', 'e.juangarcas', 'lydiam', 'e.silviagarcia12', 'rubengijon', 'migueggalan', 'juanzim', 'guerreroalonso', 'f.morontam', 'edumontes_98', 'marinalc7', 'e.javipostigo99', 'a.cazorla', 'e.francollado', 'miggalben', 'monicatdm', 'e.josemanuelrxg', 'tomaseisman', 'saullopez', 'ursulacs', 'e.franfer99', 'e.jorgetg', 'mariadelmarsanchez', 'mparody', 'e.rgeo', 'sopa_de_sobre', 'setarcos', 'laszlotg', 'miguel_jimort', 'clarasansau', 'guillehermoso', 'evajimenez', 'isabelpascual', 'e.juliavifi', 'safaa261298', 'joselux', 'albertodelmv', 'pradosabad', 'e.pgosorio', 'arturosirvent', 'davidsanserra', 'josealbertoap98', 'claracd']"
2,301,124,14,11,"['sanchezbarranquero', 'f.morontam', 'e.josemanuelrxg', 'conrado', 'e.rgeo', 'jaimecanovas9', 'auberonlc', 'martalanzac', 'miguel_jimort', 'e.francollado', 'e.javihjhj92']",112,"['alvaroluque', 'guillermohc1998', 'jorgecaba2000', 'e.juanantonio1', 'rubenvv', 'e.santaella99', 'azzorini', 'fidelmuriel', 'e.nereyda', 'mcbsam', 'luciazapataechevarne', 'ivancamacho4a', 'p3drillo', 'josett', 'marcoss1', 'kevin28', 'yakoirusta', 'nilsvanesostos899', 'juangoye', 'enriquearroyo', 'juanrocruz', 'e.myeste', 'gtorresrios', 'davidsanserra', 'aliciaroblesp', 'danitlo115', 'ivancamacho4', 'fransanfru', 'byrey2', 'hannan', 'samialsmadisegovia1', 'josemi', 'delgado.espinosa.sara', 'jose99os', 'folgoso', 'jesusgarsan', 'e.sanmillandp', 'javigarrido.98', 'ramoro10', 'david1998', 'gaasll', 'e.estelacalaforra', 'javiubago', 'roasdgo', 'alexhernandez790', 'e.teresalc13', 'javibolanos', 'lalaugoms', 'beacasasola1', 'mich_loiz', 'luimanesp', 'e.juangarcas', 'lydiam', 'german7', 'simonbonnal', 'e.silviagarcia12', 'rubengijon', 'pablovela', 'fjr', 'migueggalan', 'jmorenov', 'juanzim', 'guerreroalonso', 'hugo512', 'josemarivm', 'edumontes_98', 'marinalc7', 'alsasa', 'e.javipostigo99', 'a.cazorla', 'luciazapata', 'miggalben', 'alejandroborj', 'javihjhj92', 'josealbertoap98', 'monicatdm', 'danivisa101', 'tomaseisman', 'cristinaa_gh', 'anaya.mailk860773', 'belenalvmon', 'pablogarra', 'ursulacs', 'e.franfer99', 'e.jaimecanovas', 'duenas5a', 'carmenarias', 'e.jorgetg', 'mariadelmarsanchez', 'mparody', 'sopa_de_sobre', 'setarcos', 'pacomorales', 'clarasansau', 'evajimenez', 'isabelpascual', 'carnage', 'e.juliavifi', 'cobos', 'jose.lop.mol98', 'santiagocw98', 'safaa261298', 'joselux', 'albertodelmv', 'pradosabad', 'e.pgosorio', 'arturosirvent', 'davidjosegg', 'guillehermoso', 'anabel_romero', 'claracd', 'juninhojuan2499']",3,"['salva_ugr_fisica', None, 'e.guerrerosamu']",126,"['sanchezbarranquero', 'alvaroluque', 'guillermohc1998', 'jorgecaba2000', 'e.juanantonio1', 'rubenvv', 'e.santaella99', 'azzorini', 'fidelmuriel', 'e.nereyda', 'mcbsam', 'luciazapataechevarne', 'ivancamacho4a', 'p3drillo', 'josett', 'marcoss1', 'kevin28', 'yakoirusta', 'nilsvanesostos899', 'juangoye', 'enriquearroyo', 'juanrocruz', 'e.myeste', 'gtorresrios', 'salva_ugr_fisica', 'davidsanserra', 'aliciaroblesp', 'danitlo115', 'ivancamacho4', 'fransanfru', 'byrey2', 'e.guerrerosamu', 'hannan', 'samialsmadisegovia1', 'josemi', 'delgado.espinosa.sara', 'jose99os', 'folgoso', 'jesusgarsan', 'e.sanmillandp', 'javigarrido.98', 'ramoro10', 'david1998', 'gaasll', 'e.estelacalaforra', 'javiubago', 'roasdgo', 'alexhernandez790', 'e.teresalc13', 'javibolanos', 'lalaugoms', 'beacasasola1', 'mich_loiz', 'luimanesp', 'e.juangarcas', 'lydiam', 'german7', 'simonbonnal', 'auberonlc', 'e.silviagarcia12', 'rubengijon', 'pablovela', 'fjr', 'migueggalan', 'jmorenov', 'juanzim', 'guerreroalonso', 'hugo512', 'f.morontam', 'josemarivm', 'edumontes_98', 'marinalc7', 'alsasa', 'e.javipostigo99', 'martalanzac', 'a.cazorla', 'luciazapata', 'e.francollado', 'miggalben', 'alejandroborj', 'javihjhj92', 'josealbertoap98', 'monicatdm', 'danivisa101', 'e.josemanuelrxg', 'tomaseisman', 'cristinaa_gh', 'anaya.mailk860773', 'belenalvmon', 'pablogarra', 'ursulacs', 'e.franfer99', 'e.javihjhj92', 'e.jaimecanovas', 'duenas5a', 'carmenarias', 'e.jorgetg', 'mariadelmarsanchez', 'mparody', 'conrado', 'e.rgeo', 'sopa_de_sobre', 'setarcos', 'miguel_jimort', 'pacomorales', 'clarasansau', None, 'evajimenez', 'isabelpascual', 'carnage', 'e.juliavifi', 'cobos', 'jose.lop.mol98', 'santiagocw98', 'safaa261298', 'joselux', 'jaimecanovas9', 'albertodelmv', 'pradosabad', 'e.pgosorio', 'arturosirvent', 'davidjosegg', 'guillehermoso', 'anabel_romero', 'claracd', 'juninhojuan2499']"
2,303,124,13,10,"['sanchezbarranquero', 'hugo512', 'enriquearroyo', 'conrado', 'alsasa', 'juanzim', 'ivancamacho4', 'e.francollado', 'e.jorgetg', 'claracd']",113,"['alvaroluque', 'guillermohc1998', 'jorgecaba2000', 'e.juanantonio1', 'rubenvv', 'e.santaella99', 'azzorini', 'fidelmuriel', 'e.nereyda', 'mcbsam', 'luciazapataechevarne', 'ivancamacho4a', 'p3drillo', 'josett', 'marcoss1', 'kevin28', 'yakoirusta', 'nilsvanesostos899', 'juangoye', 'juanrocruz', 'e.myeste', 'gtorresrios', 'davidsanserra', 'aliciaroblesp', 'danitlo115', 'fransanfru', 'byrey2', 'hannan', 'samialsmadisegovia1', 'josemi', 'delgado.espinosa.sara', 'jose99os', 'folgoso', 'jesusgarsan', 'e.sanmillandp', 'javigarrido.98', 'ramoro10', 'david1998', 'gaasll', 'e.estelacalaforra', 'javiubago', 'roasdgo', 'alexhernandez790', 'e.teresalc13', 'javibolanos', 'lalaugoms', 'beacasasola1', 'mich_loiz', 'luimanesp', 'e.juangarcas', 'lydiam', 'german7', 'simonbonnal', 'auberonlc', 'e.silviagarcia12', 'rubengijon', 'pablovela', 'fjr', 'migueggalan', 'jmorenov', 'guerreroalonso', 'f.morontam', 'josemarivm', 'edumontes_98', 'marinalc7', 'e.javipostigo99', 'martalanzac', 'a.cazorla', 'luciazapata', 'miggalben', 'alejandroborj', 'javihjhj92', 'josealbertoap98', 'monicatdm', 'danivisa101', 'e.josemanuelrxg', 'tomaseisman', 'cristinaa_gh', 'anaya.mailk860773', 'belenalvmon', 'pablogarra', 'ursulacs', 'e.franfer99', 'e.javihjhj92', 'e.jaimecanovas', 'duenas5a', 'carmenarias', 'mariadelmarsanchez', 'mparody', 'e.rgeo', 'sopa_de_sobre', 'setarcos', 'miguel_jimort', 'pacomorales', 'clarasansau', 'evajimenez', 'isabelpascual', 'carnage', 'e.juliavifi', 'cobos', 'jose.lop.mol98', 'santiagocw98', 'safaa261298', 'joselux', 'jaimecanovas9', 'albertodelmv', 'pradosabad', 'e.pgosorio', 'arturosirvent', 'davidjosegg', 'guillehermoso', 'anabel_romero', 'juninhojuan2499']",3,"['salva_ugr_fisica', None, 'e.guerrerosamu']",126,"['sanchezbarranquero', 'alvaroluque', 'guillermohc1998', 'jorgecaba2000', 'e.juanantonio1', 'rubenvv', 'e.santaella99', 'azzorini', 'fidelmuriel', 'e.nereyda', 'mcbsam', 'luciazapataechevarne', 'ivancamacho4a', 'p3drillo', 'josett', 'marcoss1', 'kevin28', 'yakoirusta', 'nilsvanesostos899', 'juangoye', 'enriquearroyo', 'juanrocruz', 'e.myeste', 'gtorresrios', 'salva_ugr_fisica', 'davidsanserra', 'aliciaroblesp', 'danitlo115', 'ivancamacho4', 'fransanfru', 'byrey2', 'e.guerrerosamu', 'hannan', 'samialsmadisegovia1', 'josemi', 'delgado.espinosa.sara', 'jose99os', 'folgoso', 'jesusgarsan', 'e.sanmillandp', 'javigarrido.98', 'ramoro10', 'david1998', 'gaasll', 'e.estelacalaforra', 'javiubago', 'roasdgo', 'alexhernandez790', 'e.teresalc13', 'javibolanos', 'lalaugoms', 'beacasasola1', 'mich_loiz', 'luimanesp', 'e.juangarcas', 'lydiam', 'german7', 'simonbonnal', 'auberonlc', 'e.silviagarcia12', 'rubengijon', 'pablovela', 'fjr', 'migueggalan', 'jmorenov', 'juanzim', 'guerreroalonso', 'hugo512', 'f.morontam', 'josemarivm', 'edumontes_98', 'marinalc7', 'alsasa', 'e.javipostigo99', 'martalanzac', 'a.cazorla', 'luciazapata', 'e.francollado', 'miggalben', 'alejandroborj', 'javihjhj92', 'josealbertoap98', 'monicatdm', 'danivisa101', 'e.josemanuelrxg', 'tomaseisman', 'cristinaa_gh', 'anaya.mailk860773', 'belenalvmon', 'pablogarra', 'ursulacs', 'e.franfer99', 'e.javihjhj92', 'e.jaimecanovas', 'duenas5a', 'carmenarias', 'e.jorgetg', 'mariadelmarsanchez', 'mparody', 'conrado', 'e.rgeo', 'sopa_de_sobre', 'setarcos', 'miguel_jimort', 'pacomorales', 'clarasansau', None, 'evajimenez', 'isabelpascual', 'carnage', 'e.juliavifi', 'cobos', 'jose.lop.mol98', 'santiagocw98', 'safaa261298', 'joselux', 'jaimecanovas9', 'albertodelmv', 'pradosabad', 'e.pgosorio', 'arturosirvent', 'davidjosegg', 'guillehermoso', 'anabel_romero', 'claracd', 'juninhojuan2499']"
2,551,124,13,12,"['sanchezbarranquero', 'carnage', 'cobos', 'gtorresrios', 'juanrocruz', 'rubengijon', 'azzorini', 'e.javipostigo99', 'byrey2', 'hannan', 'josealbertoap98', 'claracd']",111,"['alvaroluque', 'guillermohc1998', 'jorgecaba2000', 'e.juanantonio1', 'rubenvv', 'e.santaella99', 'fidelmuriel', 'e.nereyda', 'mcbsam', 'luciazapataechevarne', 'ivancamacho4a', 'p3drillo', 'josett', 'marcoss1', 'kevin28', 'yakoirusta', 'nilsvanesostos899', 'juangoye', 'enriquearroyo', 'e.myeste', 'davidsanserra', 'aliciaroblesp', 'danitlo115', 'ivancamacho4', 'fransanfru', 'samialsmadisegovia1', 'josemi', 'delgado.espinosa.sara', 'jose99os', 'folgoso', 'jesusgarsan', 'e.sanmillandp', 'javigarrido.98', 'ramoro10', 'david1998', 'gaasll', 'e.estelacalaforra', 'javiubago', 'roasdgo', 'alexhernandez790', 'e.teresalc13', 'javibolanos', 'lalaugoms', 'beacasasola1', 'mich_loiz', 'luimanesp', 'e.juangarcas', 'lydiam', 'german7', 'simonbonnal', 'auberonlc', 'e.silviagarcia12', 'pablovela', 'fjr', 'migueggalan', 'jmorenov', 'juanzim', 'guerreroalonso', 'hugo512', 'f.morontam', 'josemarivm', 'edumontes_98', 'marinalc7', 'alsasa', 'martalanzac', 'a.cazorla', 'luciazapata', 'e.francollado', 'miggalben', 'alejandroborj', 'javihjhj92', 'monicatdm', 'danivisa101', 'e.josemanuelrxg', 'tomaseisman', 'cristinaa_gh', 'anaya.mailk860773', 'belenalvmon', 'pablogarra', 'ursulacs', 'e.franfer99', 'e.javihjhj92', 'e.jaimecanovas', 'duenas5a', 'carmenarias', 'e.jorgetg', 'mariadelmarsanchez', 'mparody', 'conrado', 'e.rgeo', 'sopa_de_sobre', 'setarcos', 'miguel_jimort', 'pacomorales', 'clarasansau', 'evajimenez', 'isabelpascual', 'e.juliavifi', 'jose.lop.mol98', 'santiagocw98', 'safaa261298', 'joselux', 'jaimecanovas9', 'albertodelmv', 'pradosabad', 'e.pgosorio', 'arturosirvent', 'davidjosegg', 'guillehermoso', 'anabel_romero', 'juninhojuan2499']",1,[None],124,"['sanchezbarranquero', 'alvaroluque', 'guillermohc1998', 'jorgecaba2000', 'e.juanantonio1', 'rubenvv', 'e.santaella99', 'azzorini', 'fidelmuriel', 'e.nereyda', 'mcbsam', 'luciazapataechevarne', 'ivancamacho4a', 'p3drillo', 'josett', 'marcoss1', 'kevin28', 'yakoirusta', 'nilsvanesostos899', 'juangoye', 'enriquearroyo', 'juanrocruz', 'e.myeste', 'gtorresrios', 'davidsanserra', 'aliciaroblesp', 'danitlo115', 'ivancamacho4', 'fransanfru', 'byrey2', 'hannan', 'samialsmadisegovia1', 'josemi', 'delgado.espinosa.sara', 'jose99os', 'folgoso', 'jesusgarsan', 'e.sanmillandp', 'javigarrido.98', 'ramoro10', 'david1998', 'gaasll', 'e.estelacalaforra', 'javiubago', 'roasdgo', 'alexhernandez790', 'e.teresalc13', 'javibolanos', 'lalaugoms', 'beacasasola1', 'mich_loiz', 'luimanesp', 'e.juangarcas', 'lydiam', 'german7', 'simonbonnal', 'auberonlc', 'e.silviagarcia12', 'rubengijon', 'pablovela', 'fjr', 'migueggalan', 'jmorenov', 'juanzim', 'guerreroalonso', 'hugo512', 'f.morontam', 'josemarivm', 'edumontes_98', 'marinalc7', 'alsasa', 'e.javipostigo99', 'martalanzac', 'a.cazorla', 'luciazapata', 'e.francollado', 'miggalben', 'alejandroborj', 'javihjhj92', 'josealbertoap98', 'monicatdm', 'danivisa101', 'e.josemanuelrxg', 'tomaseisman', 'cristinaa_gh', 'anaya.mailk860773', 'belenalvmon', 'pablogarra', 'ursulacs', 'e.franfer99', 'e.javihjhj92', 'e.jaimecanovas', 'duenas5a', 'carmenarias', 'e.jorgetg', 'mariadelmarsanchez', 'mparody', 'conrado', 'e.rgeo', 'sopa_de_sobre', 'setarcos', 'miguel_jimort', 'pacomorales', 'clarasansau', None, 'evajimenez', 'isabelpascual', 'carnage', 'e.juliavifi', 'cobos', 'jose.lop.mol98', 'santiagocw98', 'safaa261298', 'joselux', 'jaimecanovas9', 'albertodelmv', 'pradosabad', 'e.pgosorio', 'arturosirvent', 'davidjosegg', 'guillehermoso', 'anabel_romero', 'claracd', 'juninhojuan2499']"
2,304,124,11,8,"['sanchezbarranquero', 'hugo512', 'mparody', 'jesusgarsan', 'cobos', 'pradosabad', 'pablogarra', 'e.jaimecanovas']",115,"['alvaroluque', 'guillermohc1998', 'jorgecaba2000', 'e.juanantonio1', 'rubenvv', 'e.santaella99', 'azzorini', 'fidelmuriel', 'e.nereyda', 'mcbsam', 'luciazapataechevarne', 'ivancamacho4a', 'p3drillo', 'josett', 'marcoss1', 'kevin28', 'yakoirusta', 'nilsvanesostos899', 'juangoye', 'enriquearroyo', 'juanrocruz', 'e.myeste', 'gtorresrios', 'davidsanserra', 'aliciaroblesp', 'danitlo115', 'ivancamacho4', 'fransanfru', 'byrey2', 'hannan', 'samialsmadisegovia1', 'josemi', 'delgado.espinosa.sara', 'jose99os', 'folgoso', 'e.sanmillandp', 'javigarrido.98', 'ramoro10', 'david1998', 'gaasll', 'e.estelacalaforra', 'javiubago', 'roasdgo', 'alexhernandez790', 'e.teresalc13', 'javibolanos', 'lalaugoms', 'beacasasola1', 'mich_loiz', 'luimanesp', 'e.juangarcas', 'lydiam', 'german7', 'simonbonnal', 'auberonlc', 'e.silviagarcia12', 'rubengijon', 'pablovela', 'fjr', 'migueggalan', 'jmorenov', 'juanzim', 'guerreroalonso', 'f.morontam', 'josemarivm', 'edumontes_98', 'marinalc7', 'alsasa', 'e.javipostigo99', 'martalanzac', 'a.cazorla', 'luciazapata', 'e.francollado', 'miggalben', 'alejandroborj', 'javihjhj92', 'josealbertoap98', 'monicatdm', 'danivisa101', 'e.josemanuelrxg', 'tomaseisman', 'cristinaa_gh', 'anaya.mailk860773', 'belenalvmon', 'ursulacs', 'e.franfer99', 'e.javihjhj92', 'duenas5a', 'carmenarias', 'e.jorgetg', 'mariadelmarsanchez', 'conrado', 'e.rgeo', 'sopa_de_sobre', 'setarcos', 'miguel_jimort', 'pacomorales', 'clarasansau', 'evajimenez', 'isabelpascual', 'carnage', 'e.juliavifi', 'jose.lop.mol98', 'santiagocw98', 'safaa261298', 'joselux', 'jaimecanovas9', 'albertodelmv', 'e.pgosorio', 'arturosirvent', 'davidjosegg', 'guillehermoso', 'anabel_romero', 'claracd', 'juninhojuan2499']",3,"['salva_ugr_fisica', None, 'e.guerrerosamu']",126,"['sanchezbarranquero', 'alvaroluque', 'guillermohc1998', 'jorgecaba2000', 'e.juanantonio1', 'rubenvv', 'e.santaella99', 'azzorini', 'fidelmuriel', 'e.nereyda', 'mcbsam', 'luciazapataechevarne', 'ivancamacho4a', 'p3drillo', 'josett', 'marcoss1', 'kevin28', 'yakoirusta', 'nilsvanesostos899', 'juangoye', 'enriquearroyo', 'juanrocruz', 'e.myeste', 'gtorresrios', 'salva_ugr_fisica', 'davidsanserra', 'aliciaroblesp', 'danitlo115', 'ivancamacho4', 'fransanfru', 'byrey2', 'e.guerrerosamu', 'hannan', 'samialsmadisegovia1', 'josemi', 'delgado.espinosa.sara', 'jose99os', 'folgoso', 'jesusgarsan', 'e.sanmillandp', 'javigarrido.98', 'ramoro10', 'david1998', 'gaasll', 'e.estelacalaforra', 'javiubago', 'roasdgo', 'alexhernandez790', 'e.teresalc13', 'javibolanos', 'lalaugoms', 'beacasasola1', 'mich_loiz', 'luimanesp', 'e.juangarcas', 'lydiam', 'german7', 'simonbonnal', 'auberonlc', 'e.silviagarcia12', 'rubengijon', 'pablovela', 'fjr', 'migueggalan', 'jmorenov', 'juanzim', 'guerreroalonso', 'hugo512', 'f.morontam', 'josemarivm', 'edumontes_98', 'marinalc7', 'alsasa', 'e.javipostigo99', 'martalanzac', 'a.cazorla', 'luciazapata', 'e.francollado', 'miggalben', 'alejandroborj', 'javihjhj92', 'josealbertoap98', 'monicatdm', 'danivisa101', 'e.josemanuelrxg', 'tomaseisman', 'cristinaa_gh', 'anaya.mailk860773', 'belenalvmon', 'pablogarra', 'ursulacs', 'e.franfer99', 'e.javihjhj92', 'e.jaimecanovas', 'duenas5a', 'carmenarias', 'e.jorgetg', 'mariadelmarsanchez', 'mparody', 'conrado', 'e.rgeo', 'sopa_de_sobre', 'setarcos', 'miguel_jimort', 'pacomorales', 'clarasansau', None, 'evajimenez', 'isabelpascual', 'carnage', 'e.juliavifi', 'cobos', 'jose.lop.mol98', 'santiagocw98', 'safaa261298', 'joselux', 'jaimecanovas9', 'albertodelmv', 'pradosabad', 'e.pgosorio', 'arturosirvent', 'davidjosegg', 'guillehermoso', 'anabel_romero', 'claracd', 'juninhojuan2499']"
2,302,124,8,7,"['sanchezbarranquero', 'jesusgarsan', 'josemarivm', 'cobos', 'e.javipostigo99', 'carmenarias', 'claracd']",116,"['alvaroluque', 'guillermohc1998', 'jorgecaba2000', 'e.juanantonio1', 'rubenvv', 'e.santaella99', 'azzorini', 'fidelmuriel', 'e.nereyda', 'mcbsam', 'luciazapataechevarne', 'ivancamacho4a', 'p3drillo', 'josett', 'marcoss1', 'kevin28', 'yakoirusta', 'nilsvanesostos899', 'juangoye', 'enriquearroyo', 'juanrocruz', 'e.myeste', 'gtorresrios', 'davidsanserra', 'aliciaroblesp', 'danitlo115', 'ivancamacho4', 'fransanfru', 'byrey2', 'hannan', 'samialsmadisegovia1', 'josemi', 'delgado.espinosa.sara', 'jose99os', 'folgoso', 'e.sanmillandp', 'javigarrido.98', 'ramoro10', 'david1998', 'gaasll', 'e.estelacalaforra', 'javiubago', 'roasdgo', 'alexhernandez790', 'e.teresalc13', 'javibolanos', 'lalaugoms', 'beacasasola1', 'mich_loiz', 'luimanesp', 'e.juangarcas', 'lydiam', 'german7', 'simonbonnal', 'auberonlc', 'e.silviagarcia12', 'rubengijon', 'pablovela', 'fjr', 'migueggalan', 'jmorenov', 'juanzim', 'guerreroalonso', 'hugo512', 'f.morontam', 'edumontes_98', 'marinalc7', 'alsasa', 'martalanzac', 'a.cazorla', 'luciazapata', 'e.francollado', 'miggalben', 'alejandroborj', 'javihjhj92', 'josealbertoap98', 'monicatdm', 'danivisa101', 'e.josemanuelrxg', 'tomaseisman', 'cristinaa_gh', 'anaya.mailk860773', 'belenalvmon', 'pablogarra', 'ursulacs', 'e.franfer99', 'e.javihjhj92', 'e.jaimecanovas', 'duenas5a', 'e.jorgetg', 'mariadelmarsanchez', 'mparody', 'conrado', 'e.rgeo', 'sopa_de_sobre', 'setarcos', 'miguel_jimort', 'pacomorales', 'clarasansau', 'evajimenez', 'isabelpascual', 'carnage', 'e.juliavifi', 'jose.lop.mol98', 'santiagocw98', 'safaa261298', 'joselux', 'jaimecanovas9', 'albertodelmv', 'pradosabad', 'e.pgosorio', 'arturosirvent', 'davidjosegg', 'guillehermoso', 'anabel_romero', 'juninhojuan2499']",1,[None],124,"['sanchezbarranquero', 'alvaroluque', 'guillermohc1998', 'jorgecaba2000', 'e.juanantonio1', 'rubenvv', 'e.santaella99', 'azzorini', 'fidelmuriel', 'e.nereyda', 'mcbsam', 'luciazapataechevarne', 'ivancamacho4a', 'p3drillo', 'josett', 'marcoss1', 'kevin28', 'yakoirusta', 'nilsvanesostos899', 'juangoye', 'enriquearroyo', 'juanrocruz', 'e.myeste', 'gtorresrios', 'davidsanserra', 'aliciaroblesp', 'danitlo115', 'ivancamacho4', 'fransanfru', 'byrey2', 'hannan', 'samialsmadisegovia1', 'josemi', 'delgado.espinosa.sara', 'jose99os', 'folgoso', 'jesusgarsan', 'e.sanmillandp', 'javigarrido.98', 'ramoro10', 'david1998', 'gaasll', 'e.estelacalaforra', 'javiubago', 'roasdgo', 'alexhernandez790', 'e.teresalc13', 'javibolanos', 'lalaugoms', 'beacasasola1', 'mich_loiz', 'luimanesp', 'e.juangarcas', 'lydiam', 'german7', 'simonbonnal', 'auberonlc', 'e.silviagarcia12', 'rubengijon', 'pablovela', 'fjr', 'migueggalan', 'jmorenov', 'juanzim', 'guerreroalonso', 'hugo512', 'f.morontam', 'josemarivm', 'edumontes_98', 'marinalc7', 'alsasa', 'e.javipostigo99', 'martalanzac', 'a.cazorla', 'luciazapata', 'e.francollado', 'miggalben', 'alejandroborj', 'javihjhj92', 'josealbertoap98', 'monicatdm', 'danivisa101', 'e.josemanuelrxg', 'tomaseisman', 'cristinaa_gh', 'anaya.mailk860773', 'belenalvmon', 'pablogarra', 'ursulacs', 'e.franfer99', 'e.javihjhj92', 'e.jaimecanovas', 'duenas5a', 'carmenarias', 'e.jorgetg', 'mariadelmarsanchez', 'mparody', 'conrado', 'e.rgeo', 'sopa_de_sobre', 'setarcos', 'miguel_jimort', 'pacomorales', 'clarasansau', None, 'evajimenez', 'isabelpascual', 'carnage', 'e.juliavifi', 'cobos', 'jose.lop.mol98', 'santiagocw98', 'safaa261298', 'joselux', 'jaimecanovas9', 'albertodelmv', 'pradosabad', 'e.pgosorio', 'arturosirvent', 'davidjosegg', 'guillehermoso', 'anabel_romero', 'claracd', 'juninhojuan2499']"
3,361,108,198,68,"['mikav', 'comer13', 'gconer', 'mfangio', 'bbondi', 'li2701', 'kbrayto', 'wagne267', 'smahipat', 'cohland', 'bbarale', 'hodge20', 'harri827', 'zhan3108', 'obriencaitlin20', 'jperata', 'armour1', 'sbukzam', 'hollowr', 'snathell', 'egummers', 'ndroessl', 'asyrek', 'hughe234', 'nixon21', 'gzanutta', 'kradde', 'jomondi', 'sgandiko', 'heaton4', 'sharp82', 'oditto', 'agettel', 'kzingaro', 'hawkin98', 'pbhaske', 'csrafin', 'skunduru', 'zuckerma', 'bkoszyk', 'dbhagwan', 'bird12', 'voorsm', 'fruane', 'feng233', 'akurumba', 'cleveng2', 'sharlow', 'mcalisto', 'mprue', 'sweene26', 'svendsen', 'weber164', 'gagnonn', 'efrancoe', 'bodhiscott', 'rvulich', 'nafandi', 'boninl', 'chfranci', 'tuckergm', 'zhao979', 'beers2', 'achungma', 'tprati', 'tvulich', 'connoll1', 'ksagar']",39,"['cottonb', 'zhu999', 'quan8', 'adshowal', 'hicks121', 'zaly', 'mart1390', 'aalangar', 'meyer292', 'nrrobins', 'rtrafele', 'agf2018', 'ding308', 'bwodetz', 'emacfady', 'hmcmilli', 'jkamedul', 'nalsinan', 'ruff13', 'tschoste', 'jiang650', 'hughe215', 'sbawaney', 'mill2500', 'vank', 'mragei', 'baxter26', 'gszyman', 'srpirtle', 'jennin56', 'scott524', 'tdeucher', 'yu910', 'evans251', 'irwin12', 'akmaksim', 'huan1346', 'moeller4', 'sinha54']",130,"['artierenier', 'hollej', 'ahn87', 'allen482', 'ma592', 'wnorton', 'dnocon', 'jone1616', 'amarkert', 'pate1034', 'downeyl', 'romack0', 'lee2880', 'nrentsc', 'alsalea', 'mistachoi9000', 'ejobe', 'lnorris', 'djstumpf', 'abirkeme', 'jmontbru', 'liu2442', 'kngupta', 'shagaman', 'haejik', 'ebinkle', 'tsriram', 'ander966', 'stuff', 'mock6', 'jcarre', 'dkramper', 'wagoneb', 'jmesa', 'mngaglia', 'ashinne', 'thoma805', 'nortt', 'scott479', 'lin1297', 'lregalad', 'jhaddadc', None, 'verduzm', 'rharapan', 'mannin15', 'jmavi', 'lhendrik', 'lopez347', 'jmestach', 'leal6', 'beck160', 'kortee', 'nbstern', 'will1941', 'gfiedler', 'sconkle', 'rkeyser', 'jade.m.meekin', 'east5', 'agarw190', 'whollan', 'john2345', 'zhu741', 'carls127', 'reddy62', 'mlannie', 'stockerm', 'kong68', 'mdewaele', 'hrubyr', 'wdobbs', 'scroskey', 'aalnas', 'dmarcha', 'okeefee', 'sayyala', 'rstaples', 'murph417', 'ellis.gavin99', 'jyounkin', 'chris260', 'afirkan', 'nfransen', 'pan229', 'rcalistr', 'lvelky', 'single0', 'afarha', 'jcavage', 'cliffos', 'russe162', 'mclassen', 'dholicz', 'esuer', 'dmangeri', 'llefebvr', 'ander939', 'mihsan', 'marykirstenreilly', 'efrias', 'elamewon', 'aquinli', 'funkhous', 'mill2391', 'cmancini', 'rdamle', 'wheffern', 'drake38', 'bdbowles', 'llwan', 'pkanugul', 'nkielkop', 'castil77', 'robin460', 'lritchis', 'carr94', 'weber171', 'lhoppenr', 'tchen135', 'ncivitan', 'jnylen', 'rhentric', 'meyer313', 'ehultman', 'ellis125', 'mmatteso', 'hshrote', 'srajarat', 'kyendru']",237,"['artierenier', 'mikav', 'sbukzam', 'mart1390', 'hollej', 'ahn87', 'ma592', 'wnorton', 'hmcmilli', 'sgandiko', 'amarkert', 'agettel', 'tschoste', 'downeyl', 'zuckerma', 'romack0', 'lee2880', 'nrentsc', 'feng233', 'baxter26', 'sharlow', 'mistachoi9000', 'jennin56', 'ejobe', 'lnorris', 'tdeucher', 'liu2442', 'beers2', 'shagaman', 'tsriram', 'ander966', 'harri827', 'adshowal', 'wagoneb', 'ding308', 'mngaglia', 'kzingaro', 'ashinne', 'pbhaske', 'thoma805', 'bkoszyk', 'voorsm', 'mcalisto', 'scott479', 'lregalad', None, 'verduzm', 'mannin15', 'evans251', 'rvulich', 'lopez347', 'jmestach', 'leal6', 'beck160', 'nbstern', 'will1941', 'hollowr', 'rkeyser', 'jade.m.meekin', 'east5', 'nrrobins', 'agarw190', 'john2345', 'emacfady', 'oditto', 'hrubyr', 'okeefee', 'dbhagwan', 'murph417', 'ellis.gavin99', 'jyounkin', 'huan1346', 'single0', 'jcavage', 'russe162', 'mclassen', 'dholicz', 'dmangeri', 'gconer', 'kbrayto', 'llefebvr', 'ander939', 'marykirstenreilly', 'elamewon', 'hicks121', 'hughe234', 'nixon21', 'rdamle', 'jiang650', 'hughe215', 'sbawaney', 'mill2500', 'mragei', 'llwan', 'castil77', 'cleveng2', 'srpirtle', 'robin460', 'gagnonn', 'lhoppenr', 'tchen135', 'jnylen', 'ehultman', 'ellis125', 'zhao979', 'hshrote', 'srajarat', 'tprati', 'moeller4', 'jomondi', 'li2701', 'cohland', 'bbarale', 'obriencaitlin20', 'zaly', 'egummers', 'rtrafele', 'allen482', 'dnocon', 'jone1616', 'pate1034', 'alsalea', 'djstumpf', 'yu910', 'abirkeme', 'nafandi', 'jmontbru', 'tuckergm', 'sinha54', 'kngupta', 'haejik', 'ebinkle', 'comer13', 'cottonb', 'stuff', 'smahipat', 'hodge20', 'mock6', 'jcarre', 'jperata', 'armour1', 'aalangar', 'asyrek', 'dkramper', 'agf2018', 'kradde', 'heaton4', 'jmesa', 'ruff13', 'skunduru', 'bird12', 'nortt', 'akurumba', 'mprue', 'scott524', 'lin1297', 'jhaddadc', 'rharapan', 'jmavi', 'chfranci', 'lhendrik', 'tvulich', 'kortee', 'mfangio', 'zhu999', 'gfiedler', 'quan8', 'sconkle', 'snathell', 'whollan', 'gzanutta', 'bwodetz', 'zhu741', 'carls127', 'reddy62', 'mlannie', 'stockerm', 'kong68', 'mdewaele', 'wdobbs', 'hawkin98', 'scroskey', 'aalnas', 'dmarcha', 'sayyala', 'fruane', 'rstaples', 'sweene26', 'chris260', 'afirkan', 'efrancoe', 'nfransen', 'bodhiscott', 'pan229', 'rcalistr', 'irwin12', 'lvelky', 'boninl', 'afarha', 'cliffos', 'connoll1', 'esuer', 'ksagar', 'bbondi', 'wagne267', 'zhan3108', 'mihsan', 'efrias', 'ndroessl', 'meyer292', 'aquinli', 'funkhous', 'mill2391', 'sharp82', 'cmancini', 'jkamedul', 'nalsinan', 'wheffern', 'csrafin', 'drake38', 'bdbowles', 'vank', 'pkanugul', 'nkielkop', 'gszyman', 'lritchis', 'carr94', 'svendsen', 'weber164', 'weber171', 'ncivitan', 'rhentric', 'meyer313', 'akmaksim', 'mmatteso', 'achungma', 'kyendru']"
3,345,108,171,73,"['mikav', 'comer13', 'gconer', 'mfangio', 'bbondi', 'li2701', 'kbrayto', 'wagne267', 'smahipat', 'cohland', 'bbarale', 'hodge20', 'harri827', 'zhan3108', 'obriencaitlin20', 'jperata', 'hollowr', 'sbukzam', 'snathell', 'ndroessl', 'egummers', 'asyrek', 'hughe234', 'nrrobins', 'rtrafele', 'nixon21', 'gzanutta', 'kradde', 'jomondi', 'sgandiko', 'heaton4', 'sharp82', 'oditto', 'agettel', 'kzingaro', 'hawkin98', 'pbhaske', 'csrafin', 'skunduru', 'zuckerma', 'bkoszyk', 'dbhagwan', 'bird12', 'voorsm', 'fruane', 'feng233', 'akurumba', 'cleveng2', 'gszyman', 'sharlow', 'mcalisto', 'mprue', 'sweene26', 'jennin56', 'svendsen', 'gagnonn', 'efrancoe', 'bodhiscott', 'tdeucher', 'rvulich', 'nafandi', 'boninl', 'chfranci', 'tuckergm', 'huan1346', 'akmaksim', 'zhao979', 'beers2', 'achungma', 'tprati', 'tvulich', 'connoll1', 'ksagar']",34,"['cottonb', 'zhu999', 'quan8', 'adshowal', 'armour1', 'hicks121', 'zaly', 'mart1390', 'aalangar', 'meyer292', 'agf2018', 'ding308', 'bwodetz', 'emacfady', 'hmcmilli', 'jkamedul', 'nalsinan', 'ruff13', 'tschoste', 'jiang650', 'hughe215', 'sbawaney', 'mill2500', 'vank', 'mragei', 'baxter26', 'srpirtle', 'weber164', 'scott524', 'yu910', 'evans251', 'irwin12', 'moeller4', 'sinha54']",98,"['artierenier', 'mkirsch', 'butcher5', 'hollej', 'ahn87', 'allen482', 'wnorton', 'dnocon', 'jone1616', 'adoxsee', 'amarkert', 'pate1034', 'romack0', 'ejobe', 'lnorris', 'abirkeme', 'jmontbru', 'zaloudah', 'liu2442', 'kngupta', 'shagaman', 'ebinkle', 'abieniek', 'tsriram', 'ander966', 'stuff', 'mock6', 'jcarre', 'dkramper', 'wagoneb', 'mngaglia', 'ellis136', 'ashinne', 'thoma805', 'nortt', 'scott479', 'lin1297', None, 'verduzm', 'rharapan', 'mannin15', 'lhendrik', 'lopez347', 'leal6', 'gfiedler', 'jade.m.meekin', 'agarw190', 'whollan', 'john2345', 'zhu741', 'carls127', 'schellia', 'mlannie', 'stockerm', 'kong68', 'mdewaele', 'wdobbs', 'aalnas', 'okeefee', 'sayyala', 'rstaples', 'comer4', 'murph417', 'chris260', 'afirkan', 'nfransen', 'pan229', 'ojonas', 'rcalistr', 'lvelky', 'wils1064', 'single0', 'afarha', 'jcavage', 'cliffos', 'mclassen', 'esuer', 'llefebvr', 'marykirstenreilly', 'elamewon', 'amushovi', 'patra7', 'cmancini', 'rdamle', 'drake38', 'llwan', 'pkanugul', 'wrigh413', 'nkielkop', 'lritchis', 'ncivitan', 'jnylen', 'rhentric', 'mmatteso', 'jgerstei', 'srajarat', 'kyendru', 'bgrytza']",205,"['artierenier', 'mikav', 'butcher5', 'sbukzam', 'mart1390', 'hollej', 'ahn87', 'wnorton', 'hmcmilli', 'sgandiko', 'amarkert', 'agettel', 'tschoste', 'zuckerma', 'romack0', 'feng233', 'baxter26', 'sharlow', 'jennin56', 'ejobe', 'lnorris', 'tdeucher', 'zaloudah', 'liu2442', 'beers2', 'shagaman', 'abieniek', 'tsriram', 'ander966', 'harri827', 'adshowal', 'wagoneb', 'ding308', 'mngaglia', 'kzingaro', 'ashinne', 'pbhaske', 'thoma805', 'bkoszyk', 'voorsm', 'mcalisto', 'scott479', None, 'verduzm', 'mannin15', 'evans251', 'rvulich', 'lopez347', 'leal6', 'hollowr', 'jade.m.meekin', 'nrrobins', 'agarw190', 'john2345', 'emacfady', 'schellia', 'oditto', 'okeefee', 'dbhagwan', 'murph417', 'wils1064', 'huan1346', 'single0', 'jcavage', 'mclassen', 'gconer', 'kbrayto', 'llefebvr', 'marykirstenreilly', 'elamewon', 'hicks121', 'hughe234', 'nixon21', 'amushovi', 'rdamle', 'jiang650', 'hughe215', 'sbawaney', 'mill2500', 'mragei', 'llwan', 'cleveng2', 'srpirtle', 'gagnonn', 'jnylen', 'zhao979', 'srajarat', 'tprati', 'moeller4', 'bgrytza', 'jomondi', 'mkirsch', 'li2701', 'cohland', 'bbarale', 'obriencaitlin20', 'zaly', 'egummers', 'rtrafele', 'allen482', 'dnocon', 'jone1616', 'adoxsee', 'pate1034', 'yu910', 'abirkeme', 'nafandi', 'jmontbru', 'tuckergm', 'sinha54', 'kngupta', 'ebinkle', 'comer13', 'cottonb', 'stuff', 'smahipat', 'hodge20', 'mock6', 'jcarre', 'jperata', 'armour1', 'aalangar', 'asyrek', 'dkramper', 'agf2018', 'kradde', 'heaton4', 'ellis136', 'ruff13', 'skunduru', 'bird12', 'nortt', 'akurumba', 'mprue', 'scott524', 'lin1297', 'rharapan', 'chfranci', 'lhendrik', 'tvulich', 'mfangio', 'zhu999', 'gfiedler', 'quan8', 'snathell', 'whollan', 'gzanutta', 'bwodetz', 'zhu741', 'carls127', 'mlannie', 'stockerm', 'kong68', 'mdewaele', 'wdobbs', 'hawkin98', 'aalnas', 'sayyala', 'fruane', 'rstaples', 'comer4', 'sweene26', 'chris260', 'afirkan', 'efrancoe', 'nfransen', 'bodhiscott', 'pan229', 'ojonas', 'rcalistr', 'irwin12', 'lvelky', 'boninl', 'afarha', 'cliffos', 'connoll1', 'esuer', 'ksagar', 'bbondi', 'wagne267', 'zhan3108', 'ndroessl', 'meyer292', 'patra7', 'sharp82', 'cmancini', 'jkamedul', 'nalsinan', 'csrafin', 'drake38', 'vank', 'pkanugul', 'wrigh413', 'nkielkop', 'gszyman', 'lritchis', 'svendsen', 'weber164', 'ncivitan', 'rhentric', 'akmaksim', 'mmatteso', 'jgerstei', 'achungma', 'kyendru']"
3,625,108,159,68,"['mikav', 'comer13', 'gconer', 'mfangio', 'bbondi', 'li2701', 'kbrayto', 'smahipat', 'cohland', 'bbarale', 'hodge20', 'harri827', 'zhan3108', 'obriencaitlin20', 'jperata', 'armour1', 'sbukzam', 'hollowr', 'snathell', 'ndroessl', 'asyrek', 'hughe234', 'nrrobins', 'rtrafele', 'nixon21', 'agf2018', 'gzanutta', 'kradde', 'heaton4', 'sharp82', 'agettel', 'kzingaro', 'hawkin98', 'pbhaske', 'csrafin', 'skunduru', 'zuckerma', 'bkoszyk', 'dbhagwan', 'bird12', 'voorsm', 'mragei', 'fruane', 'feng233', 'akurumba', 'cleveng2', 'sharlow', 'mcalisto', 'mprue', 'sweene26', 'jennin56', 'svendsen', 'weber164', 'gagnonn', 'efrancoe', 'bodhiscott', 'nafandi', 'boninl', 'chfranci', 'akmaksim', 'zhao979', 'beers2', 'achungma', 'tprati', 'tvulich', 'sinha54', 'connoll1', 'ksagar']",39,"['cottonb', 'zhu999', 'wagne267', 'quan8', 'adshowal', 'hicks121', 'zaly', 'egummers', 'mart1390', 'aalangar', 'meyer292', 'ding308', 'bwodetz', 'emacfady', 'hmcmilli', 'sgandiko', 'oditto', 'jkamedul', 'nalsinan', 'ruff13', 'tschoste', 'jiang650', 'hughe215', 'sbawaney', 'mill2500', 'vank', 'baxter26', 'gszyman', 'srpirtle', 'scott524', 'tdeucher', 'yu910', 'evans251', 'rvulich', 'irwin12', 'tuckergm', 'huan1346', 'moeller4', 'jomondi']",91,"['artierenier', 'mkirsch', 'thubauer', 'lukehendriks4', 'hollej', 'ahn87', 'allen482', 'wnorton', 'dnocon', 'jone1616', 'adoxsee', 'downeyl', 'romack0', 'nrentsc', 'ejobe', 'abirkeme', 'jmontbru', 'liu2442', 'kngupta', 'ebinkle', 'tsriram', 'ander966', 'stuff', 'mock6', 'jcarre', 'wagoneb', 'danie140', 'jmesa', 'mngaglia', 'thoma805', 'nortt', 'lin1297', None, 'mannin15', 'lopez347', 'jmestach', 'will1941', 'amelia.markert979', 'gfiedler', 'jade.m.meekin', 'agarw190', 'whollan', 'john2345', 'zhu741', 'carls127', 'mlannie', 'stockerm', 'kong68', 'wdobbs', 'aalnas', 'okeefee', 'pate1082', 'sayyala', 'rstaples', 'murph417', 'jyounkin', 'chris260', 'afirkan', 'nfransen', 'pan229', 'ojonas', 'rcalistr', 'lvelky', 'single0', 'afarha', 'jcavage', 'cliffos', 'russe162', 'mclassen', 'lopez344', 'llefebvr', 'ander939', 'mihsan', 'marykirstenreilly', 'elamewon', 'funkhous', 'cmancini', 'rdamle', 'llwan', 'nkielkop', 'lritchis', 'ncivitan', 'jnylen', 'rhentric', 'ellis125', 'mmatteso', 'jgerstei', 'srajarat', 'kyendru', 'hmcguir', 'bgrytza']",198,"['artierenier', 'mikav', 'thubauer', 'sbukzam', 'mart1390', 'hollej', 'ahn87', 'wnorton', 'hmcmilli', 'sgandiko', 'agettel', 'tschoste', 'downeyl', 'zuckerma', 'romack0', 'nrentsc', 'feng233', 'baxter26', 'sharlow', 'jennin56', 'ejobe', 'tdeucher', 'liu2442', 'beers2', 'tsriram', 'ander966', 'harri827', 'adshowal', 'wagoneb', 'ding308', 'danie140', 'mngaglia', 'kzingaro', 'pbhaske', 'thoma805', 'bkoszyk', 'voorsm', 'mcalisto', None, 'mannin15', 'evans251', 'rvulich', 'lopez347', 'jmestach', 'will1941', 'hollowr', 'jade.m.meekin', 'nrrobins', 'agarw190', 'john2345', 'emacfady', 'oditto', 'okeefee', 'dbhagwan', 'murph417', 'jyounkin', 'huan1346', 'single0', 'jcavage', 'russe162', 'mclassen', 'lopez344', 'gconer', 'kbrayto', 'llefebvr', 'ander939', 'marykirstenreilly', 'elamewon', 'hicks121', 'hughe234', 'nixon21', 'rdamle', 'jiang650', 'hughe215', 'sbawaney', 'mill2500', 'mragei', 'llwan', 'cleveng2', 'srpirtle', 'gagnonn', 'jnylen', 'ellis125', 'zhao979', 'srajarat', 'tprati', 'moeller4', 'hmcguir', 'bgrytza', 'jomondi', 'mkirsch', 'li2701', 'cohland', 'bbarale', 'obriencaitlin20', 'lukehendriks4', 'zaly', 'egummers', 'rtrafele', 'allen482', 'dnocon', 'jone1616', 'adoxsee', 'yu910', 'abirkeme', 'nafandi', 'jmontbru', 'tuckergm', 'sinha54', 'kngupta', 'ebinkle', 'comer13', 'cottonb', 'stuff', 'smahipat', 'hodge20', 'mock6', 'jcarre', 'jperata', 'armour1', 'aalangar', 'asyrek', 'agf2018', 'kradde', 'heaton4', 'jmesa', 'ruff13', 'skunduru', 'bird12', 'nortt', 'akurumba', 'mprue', 'scott524', 'lin1297', 'chfranci', 'tvulich', 'amelia.markert979', 'mfangio', 'zhu999', 'gfiedler', 'quan8', 'snathell', 'whollan', 'gzanutta', 'bwodetz', 'zhu741', 'carls127', 'mlannie', 'stockerm', 'kong68', 'wdobbs', 'hawkin98', 'aalnas', 'pate1082', 'sayyala', 'fruane', 'rstaples', 'sweene26', 'chris260', 'afirkan', 'efrancoe', 'nfransen', 'bodhiscott', 'pan229', 'ojonas', 'rcalistr', 'irwin12', 'lvelky', 'boninl', 'afarha', 'cliffos', 'connoll1', 'ksagar', 'bbondi', 'wagne267', 'zhan3108', 'mihsan', 'ndroessl', 'meyer292', 'funkhous', 'sharp82', 'cmancini', 'jkamedul', 'nalsinan', 'csrafin', 'vank', 'nkielkop', 'gszyman', 'lritchis', 'svendsen', 'weber164', 'ncivitan', 'rhentric', 'akmaksim', 'mmatteso', 'jgerstei', 'achungma', 'kyendru']"
3,593,108,154,67,"['comer13', 'gconer', 'mfangio', 'bbondi', 'kbrayto', 'wagne267', 'smahipat', 'cohland', 'hodge20', 'harri827', 'zhan3108', 'jperata', 'armour1', 'hollowr', 'sbukzam', 'snathell', 'ndroessl', 'egummers', 'asyrek', 'hughe234', 'nrrobins', 'rtrafele', 'nixon21', 'gzanutta', 'kradde', 'jomondi', 'sgandiko', 'heaton4', 'sharp82', 'oditto', 'agettel', 'hawkin98', 'pbhaske', 'csrafin', 'tschoste', 'skunduru', 'zuckerma', 'bkoszyk', 'bird12', 'voorsm', 'mragei', 'fruane', 'akurumba', 'cleveng2', 'gszyman', 'sharlow', 'mcalisto', 'mprue', 'sweene26', 'jennin56', 'weber164', 'gagnonn', 'efrancoe', 'tdeucher', 'rvulich', 'nafandi', 'boninl', 'chfranci', 'tuckergm', 'akmaksim', 'zhao979', 'beers2', 'achungma', 'tprati', 'tvulich', 'connoll1', 'ksagar']",40,"['mikav', 'cottonb', 'zhu999', 'li2701', 'bbarale', 'quan8', 'adshowal', 'obriencaitlin20', 'hicks121', 'zaly', 'mart1390', 'aalangar', 'meyer292', 'agf2018', 'ding308', 'bwodetz', 'emacfady', 'hmcmilli', 'jkamedul', 'nalsinan', 'kzingaro', 'ruff13', 'jiang650', 'hughe215', 'sbawaney', 'dbhagwan', 'mill2500', 'vank', 'feng233', 'baxter26', 'srpirtle', 'svendsen', 'scott524', 'bodhiscott', 'yu910', 'evans251', 'irwin12', 'huan1346', 'moeller4', 'sinha54']",87,"['artierenier', 'mkirsch', 'allen482', 'ma592', 'ja37989', 'schradc', 'dnocon', 'amarkert', 'pate1034', 'downeyl', 'herna522', 'nrentsc', 'alsalea', 'hschroad', 'ejobe', 'liu2442', 'mccorma8', 'haejik', 'tsriram', 'ander966', 'stuff', 'barlow11', 'mock6', 'dkramper', 'wagoneb', 'mngaglia', 'glancas', 'ashinne', 'nortt', 'tladner', 'scott479', 'lin1297', None, 'verduzm', 'jmavi', 'lhendrik', 'lopez347', 'leal6', 'smit3417', 'will1941', 'gfiedler', 'rhodes44', 'jade.m.meekin', 'whollan', 'john2345', 'zhu741', 'reddy62', 'mlannie', 'kong68', 'mdewaele', 'nherbert', 'wu1696', 'wdobbs', 'okeefee', 'sayyala', 'ellis.gavin99', 'jyounkin', 'chris260', 'nfransen', 'pan229', 'ojonas', 'rcalistr', 'single0', 'jcavage', 'russe162', 'mclassen', 'owellbor', 'esuer', 'stewa263', 'mann104', 'strachan', 'ander939', 'elamewon', 'funkhous', 'rdamle', 'pkanugul', 'lritchis', 'titus9', 'jnylen', 'rhentric', 'ellis125', 'mmatteso', 'srajarat', 'kyendru', 'hmcguir', 'bgrytza', 'lange35']",194,"['artierenier', 'mikav', 'sbukzam', 'mart1390', 'ma592', 'ja37989', 'schradc', 'hmcmilli', 'sgandiko', 'amarkert', 'agettel', 'tschoste', 'downeyl', 'herna522', 'zuckerma', 'nrentsc', 'feng233', 'baxter26', 'sharlow', 'jennin56', 'ejobe', 'tdeucher', 'liu2442', 'beers2', 'tsriram', 'ander966', 'harri827', 'barlow11', 'adshowal', 'wagoneb', 'ding308', 'mngaglia', 'glancas', 'kzingaro', 'ashinne', 'pbhaske', 'bkoszyk', 'voorsm', 'mcalisto', 'scott479', None, 'verduzm', 'evans251', 'rvulich', 'lopez347', 'leal6', 'smit3417', 'will1941', 'hollowr', 'rhodes44', 'jade.m.meekin', 'nrrobins', 'john2345', 'emacfady', 'oditto', 'okeefee', 'dbhagwan', 'ellis.gavin99', 'jyounkin', 'huan1346', 'single0', 'jcavage', 'russe162', 'mclassen', 'owellbor', 'gconer', 'strachan', 'kbrayto', 'ander939', 'elamewon', 'hicks121', 'hughe234', 'nixon21', 'rdamle', 'jiang650', 'hughe215', 'sbawaney', 'mill2500', 'mragei', 'cleveng2', 'srpirtle', 'gagnonn', 'titus9', 'jnylen', 'ellis125', 'zhao979', 'srajarat', 'tprati', 'moeller4', 'hmcguir', 'bgrytza', 'lange35', 'jomondi', 'mkirsch', 'li2701', 'cohland', 'bbarale', 'obriencaitlin20', 'zaly', 'egummers', 'rtrafele', 'allen482', 'dnocon', 'pate1034', 'alsalea', 'hschroad', 'yu910', 'nafandi', 'tuckergm', 'mccorma8', 'sinha54', 'haejik', 'comer13', 'cottonb', 'stuff', 'smahipat', 'hodge20', 'mock6', 'jperata', 'armour1', 'aalangar', 'asyrek', 'dkramper', 'agf2018', 'kradde', 'heaton4', 'ruff13', 'skunduru', 'bird12', 'nortt', 'tladner', 'akurumba', 'mprue', 'scott524', 'lin1297', 'jmavi', 'chfranci', 'lhendrik', 'tvulich', 'mfangio', 'zhu999', 'gfiedler', 'quan8', 'snathell', 'whollan', 'gzanutta', 'bwodetz', 'zhu741', 'reddy62', 'mlannie', 'kong68', 'mdewaele', 'nherbert', 'wu1696', 'hawkin98', 'wdobbs', 'sayyala', 'fruane', 'sweene26', 'chris260', 'efrancoe', 'nfransen', 'bodhiscott', 'pan229', 'ojonas', 'rcalistr', 'irwin12', 'boninl', 'connoll1', 'esuer', 'stewa263', 'ksagar', 'mann104', 'bbondi', 'wagne267', 'zhan3108', 'ndroessl', 'meyer292', 'funkhous', 'sharp82', 'jkamedul', 'nalsinan', 'csrafin', 'vank', 'pkanugul', 'gszyman', 'lritchis', 'svendsen', 'weber164', 'rhentric', 'akmaksim', 'mmatteso', 'achungma', 'kyendru']"
3,351,108,83,73,"['mikav', 'comer13', 'gconer', 'zhu999', 'mfangio', 'li2701', 'bbondi', 'kbrayto', 'harri827', 'cohland', 'bbarale', 'hodge20', 'smahipat', 'wagne267', 'obriencaitlin20', 'jperata', 'hollowr', 'sbukzam', 'snathell', 'ndroessl', 'egummers', 'asyrek', 'hughe234', 'nrrobins', 'rtrafele', 'nixon21', 'agf2018', 'gzanutta', 'kradde', 'jomondi', 'sgandiko', 'heaton4', 'sharp82', 'oditto', 'agettel', 'kzingaro', 'ruff13', 'pbhaske', 'skunduru', 'zuckerma', 'bkoszyk', 'dbhagwan', 'bird12', 'voorsm', 'mragei', 'fruane', 'feng233', 'vank', 'cleveng2', 'gszyman', 'sharlow', 'mcalisto', 'mprue', 'sweene26', 'jennin56', 'svendsen', 'weber164', 'scott524', 'gagnonn', 'efrancoe', 'tdeucher', 'rvulich', 'nafandi', 'boninl', 'chfranci', 'tuckergm', 'zhao979', 'beers2', 'tprati', 'achungma', 'tvulich', 'connoll1', 'ksagar']",34,"['cottonb', 'quan8', 'zhan3108', 'adshowal', 'armour1', 'hicks121', 'zaly', 'mart1390', 'aalangar', 'meyer292', 'ding308', 'bwodetz', 'emacfady', 'hmcmilli', 'jkamedul', 'nalsinan', 'hawkin98', 'csrafin', 'tschoste', 'jiang650', 'hughe215', 'sbawaney', 'mill2500', 'akurumba', 'baxter26', 'srpirtle', 'bodhiscott', 'yu910', 'evans251', 'irwin12', 'akmaksim', 'huan1346', 'moeller4', 'sinha54']",10,"['ebinkle', 'ma592', 'funkhous', 'choi529', 'gnishibu', 'ellis.gavin99', 'lin1297', 'jhaddadc', None, 'haejik']",117,"['mikav', 'li2701', 'cohland', 'bbarale', 'obriencaitlin20', 'sbukzam', 'zaly', 'egummers', 'mart1390', 'rtrafele', 'ma592', 'hmcmilli', 'sgandiko', 'agettel', 'tschoste', 'zuckerma', 'feng233', 'baxter26', 'sharlow', 'choi529', 'jennin56', 'tdeucher', 'yu910', 'nafandi', 'tuckergm', 'beers2', 'sinha54', 'haejik', 'ebinkle', 'comer13', 'cottonb', 'smahipat', 'hodge20', 'harri827', 'adshowal', 'gnishibu', 'jperata', 'armour1', 'aalangar', 'asyrek', 'agf2018', 'ding308', 'kradde', 'heaton4', 'kzingaro', 'ruff13', 'pbhaske', 'skunduru', 'bkoszyk', 'bird12', 'voorsm', 'akurumba', 'mcalisto', 'mprue', 'scott524', 'lin1297', 'jhaddadc', None, 'evans251', 'rvulich', 'chfranci', 'tvulich', 'mfangio', 'zhu999', 'quan8', 'hollowr', 'snathell', 'nrrobins', 'gzanutta', 'bwodetz', 'emacfady', 'oditto', 'hawkin98', 'dbhagwan', 'fruane', 'sweene26', 'ellis.gavin99', 'efrancoe', 'bodhiscott', 'irwin12', 'boninl', 'huan1346', 'connoll1', 'ksagar', 'gconer', 'bbondi', 'kbrayto', 'wagne267', 'zhan3108', 'ndroessl', 'hicks121', 'meyer292', 'hughe234', 'nixon21', 'funkhous', 'sharp82', 'jkamedul', 'nalsinan', 'csrafin', 'jiang650', 'hughe215', 'sbawaney', 'mill2500', 'vank', 'mragei', 'cleveng2', 'gszyman', 'srpirtle', 'svendsen', 'weber164', 'gagnonn', 'akmaksim', 'zhao979', 'achungma', 'tprati', 'moeller4', 'jomondi']"
3,346,108,44,14,"['evans251', 'bwodetz', 'hmcmilli', 'huan1346', 'baxter26', 'srpirtle', 'jkamedul', 'adshowal', 'jiang650', 'armour1', 'moeller4', 'zaly', 'mart1390', 'meyer292']",93,"['mikav', 'li2701', 'cohland', 'bbarale', 'obriencaitlin20', 'sbukzam', 'egummers', 'rtrafele', 'sgandiko', 'agettel', 'tschoste', 'zuckerma', 'feng233', 'sharlow', 'jennin56', 'tdeucher', 'yu910', 'nafandi', 'tuckergm', 'beers2', 'sinha54', 'comer13', 'cottonb', 'smahipat', 'hodge20', 'harri827', 'jperata', 'aalangar', 'asyrek', 'agf2018', 'ding308', 'kradde', 'heaton4', 'kzingaro', 'ruff13', 'pbhaske', 'skunduru', 'bkoszyk', 'bird12', 'voorsm', 'akurumba', 'mcalisto', 'mprue', 'scott524', 'rvulich', 'chfranci', 'tvulich', 'mfangio', 'zhu999', 'quan8', 'hollowr', 'snathell', 'nrrobins', 'gzanutta', 'emacfady', 'oditto', 'hawkin98', 'dbhagwan', 'fruane', 'sweene26', 'efrancoe', 'bodhiscott', 'irwin12', 'boninl', 'connoll1', 'ksagar', 'gconer', 'bbondi', 'kbrayto', 'wagne267', 'zhan3108', 'ndroessl', 'hicks121', 'hughe234', 'nixon21', 'sharp82', 'nalsinan', 'csrafin', 'hughe215', 'sbawaney', 'mill2500', 'vank', 'mragei', 'cleveng2', 'gszyman', 'svendsen', 'weber164', 'gagnonn', 'akmaksim', 'zhao979', 'achungma', 'tprati', 'jomondi']",30,"['graf9', 'rhodes44', 'cmestre', 'smit3400', 'danie140', 'brow1511', 'billing4', 'reddy62', 'annaleichty1', 'pweitzel', 'pmansour', 'harvey83', 'tladner', 'tzadrave', 'costel12', 'see4', 'busch8', None, 'meyer313', 'michae19', 'wils1064', 'ewolfla', 'yu957', 'nrobb', 'douh', 'dholicz', 'toboyle', 'hmcguir', 'lange35', 'kjabbar']",137,"['mikav', 'mfangio', 'zhu999', 'li2701', 'cohland', 'bbarale', 'quan8', 'obriencaitlin20', 'hollowr', 'snathell', 'sbukzam', 'zaly', 'egummers', 'mart1390', 'rhodes44', 'smit3400', 'nrrobins', 'rtrafele', 'cmestre', 'gzanutta', 'bwodetz', 'emacfady', 'billing4', 'hmcmilli', 'sgandiko', 'reddy62', 'oditto', 'agettel', 'annaleichty1', 'hawkin98', 'tschoste', 'zuckerma', 'dbhagwan', 'fruane', 'feng233', 'harvey83', 'baxter26', 'sharlow', 'tzadrave', 'costel12', 'sweene26', 'jennin56', 'busch8', 'efrancoe', 'bodhiscott', 'tdeucher', 'yu910', 'irwin12', 'nafandi', 'boninl', 'michae19', 'wils1064', 'tuckergm', 'huan1346', 'ewolfla', 'beers2', 'dholicz', 'sinha54', 'connoll1', 'ksagar', 'comer13', 'cottonb', 'gconer', 'bbondi', 'kbrayto', 'wagne267', 'graf9', 'smahipat', 'hodge20', 'harri827', 'zhan3108', 'adshowal', 'jperata', 'armour1', 'ndroessl', 'hicks121', 'aalangar', 'asyrek', 'meyer292', 'hughe234', 'nixon21', 'agf2018', 'ding308', 'kradde', 'danie140', 'brow1511', 'heaton4', 'sharp82', 'jkamedul', 'nalsinan', 'kzingaro', 'ruff13', 'pbhaske', 'csrafin', 'jiang650', 'hughe215', 'skunduru', 'pweitzel', 'pmansour', 'bkoszyk', 'sbawaney', 'mill2500', 'bird12', 'voorsm', 'vank', 'mragei', 'moeller4', 'tladner', 'akurumba', 'cleveng2', 'gszyman', 'hmcguir', 'srpirtle', 'mcalisto', 'mprue', 'svendsen', 'weber164', 'scott524', 'gagnonn', 'see4', None, 'meyer313', 'evans251', 'rvulich', 'chfranci', 'akmaksim', 'zhao979', 'yu957', 'nrobb', 'achungma', 'tprati', 'tvulich', 'douh', 'toboyle', 'lange35', 'jomondi', 'kjabbar']"
3,626,108,42,13,"['evans251', 'bwodetz', 'hmcmilli', 'huan1346', 'baxter26', 'adshowal', 'jiang650', 'armour1', 'moeller4', 'sinha54', 'zaly', 'mart1390', 'meyer292']",94,"['mikav', 'li2701', 'cohland', 'bbarale', 'obriencaitlin20', 'sbukzam', 'egummers', 'rtrafele', 'sgandiko', 'agettel', 'tschoste', 'zuckerma', 'feng233', 'sharlow', 'jennin56', 'tdeucher', 'yu910', 'nafandi', 'tuckergm', 'beers2', 'comer13', 'cottonb', 'smahipat', 'hodge20', 'harri827', 'jperata', 'aalangar', 'asyrek', 'agf2018', 'ding308', 'kradde', 'heaton4', 'kzingaro', 'ruff13', 'pbhaske', 'skunduru', 'bkoszyk', 'bird12', 'voorsm', 'akurumba', 'mcalisto', 'mprue', 'scott524', 'rvulich', 'chfranci', 'tvulich', 'mfangio', 'zhu999', 'quan8', 'hollowr', 'snathell', 'nrrobins', 'gzanutta', 'emacfady', 'oditto', 'hawkin98', 'dbhagwan', 'fruane', 'sweene26', 'efrancoe', 'bodhiscott', 'irwin12', 'boninl', 'connoll1', 'ksagar', 'gconer', 'bbondi', 'kbrayto', 'wagne267', 'zhan3108', 'ndroessl', 'hicks121', 'hughe234', 'nixon21', 'sharp82', 'jkamedul', 'nalsinan', 'csrafin', 'hughe215', 'sbawaney', 'mill2500', 'vank', 'mragei', 'cleveng2', 'gszyman', 'srpirtle', 'svendsen', 'weber164', 'gagnonn', 'akmaksim', 'zhao979', 'achungma', 'tprati', 'jomondi']",29,"['buhland', 'hsakiewi', 'rhodes44', 'aquinli', 'smit3400', 'markhodgkiss50', 'brow1511', 'reddy62', 'annaleichty1', 'nherbert', 'djodhani', 'pweitzel', 'pmansour', 'harvey83', 'tladner', 'tzadrave', 'costel12', 'duncan94', 'see4', 'wood164', None, 'michae19', 'chakra26', 'ewolfla', 'nrobb', 'douh', 'toboyle', 'lange35', 'kjabbar']",136,"['mikav', 'mfangio', 'zhu999', 'li2701', 'buhland', 'cohland', 'bbarale', 'quan8', 'obriencaitlin20', 'hollowr', 'snathell', 'sbukzam', 'zaly', 'egummers', 'mart1390', 'rhodes44', 'hsakiewi', 'nrrobins', 'rtrafele', 'smit3400', 'gzanutta', 'bwodetz', 'markhodgkiss50', 'emacfady', 'hmcmilli', 'sgandiko', 'reddy62', 'oditto', 'agettel', 'annaleichty1', 'nherbert', 'hawkin98', 'djodhani', 'tschoste', 'zuckerma', 'dbhagwan', 'fruane', 'feng233', 'harvey83', 'baxter26', 'sharlow', 'tzadrave', 'costel12', 'sweene26', 'jennin56', 'duncan94', 'efrancoe', 'wood164', 'bodhiscott', 'tdeucher', 'yu910', 'irwin12', 'nafandi', 'boninl', 'michae19', 'tuckergm', 'huan1346', 'ewolfla', 'beers2', 'sinha54', 'connoll1', 'ksagar', 'comer13', 'cottonb', 'gconer', 'bbondi', 'kbrayto', 'wagne267', 'smahipat', 'hodge20', 'harri827', 'zhan3108', 'adshowal', 'jperata', 'armour1', 'ndroessl', 'hicks121', 'aalangar', 'asyrek', 'meyer292', 'hughe234', 'nixon21', 'aquinli', 'agf2018', 'ding308', 'kradde', 'brow1511', 'heaton4', 'sharp82', 'jkamedul', 'nalsinan', 'kzingaro', 'ruff13', 'pbhaske', 'csrafin', 'jiang650', 'hughe215', 'skunduru', 'pweitzel', 'pmansour', 'bkoszyk', 'sbawaney', 'mill2500', 'bird12', 'voorsm', 'vank', 'mragei', 'moeller4', 'tladner', 'akurumba', 'cleveng2', 'gszyman', 'srpirtle', 'mcalisto', 'mprue', 'svendsen', 'weber164', 'scott524', 'gagnonn', 'see4', None, 'evans251', 'rvulich', 'chfranci', 'chakra26', 'akmaksim', 'zhao979', 'nrobb', 'achungma', 'tprati', 'tvulich', 'douh', 'toboyle', 'lange35', 'jomondi', 'kjabbar']"
3,362,108,41,11,"['evans251', 'bwodetz', 'hmcmilli', 'huan1346', 'baxter26', 'jkamedul', 'adshowal', 'jiang650', 'moeller4', 'sinha54', 'mart1390']",96,"['mikav', 'li2701', 'cohland', 'bbarale', 'obriencaitlin20', 'sbukzam', 'zaly', 'egummers', 'rtrafele', 'sgandiko', 'agettel', 'tschoste', 'zuckerma', 'feng233', 'sharlow', 'jennin56', 'tdeucher', 'yu910', 'nafandi', 'tuckergm', 'beers2', 'comer13', 'cottonb', 'smahipat', 'hodge20', 'harri827', 'jperata', 'armour1', 'aalangar', 'asyrek', 'agf2018', 'ding308', 'kradde', 'heaton4', 'kzingaro', 'ruff13', 'pbhaske', 'skunduru', 'bkoszyk', 'bird12', 'voorsm', 'akurumba', 'mcalisto', 'mprue', 'scott524', 'rvulich', 'chfranci', 'tvulich', 'mfangio', 'zhu999', 'quan8', 'hollowr', 'snathell', 'nrrobins', 'gzanutta', 'emacfady', 'oditto', 'hawkin98', 'dbhagwan', 'fruane', 'sweene26', 'efrancoe', 'bodhiscott', 'irwin12', 'boninl', 'connoll1', 'ksagar', 'gconer', 'bbondi', 'kbrayto', 'wagne267', 'zhan3108', 'ndroessl', 'hicks121', 'meyer292', 'hughe234', 'nixon21', 'sharp82', 'nalsinan', 'csrafin', 'hughe215', 'sbawaney', 'mill2500', 'vank', 'mragei', 'cleveng2', 'gszyman', 'srpirtle', 'svendsen', 'weber164', 'gagnonn', 'akmaksim', 'zhao979', 'achungma', 'tprati', 'jomondi']",30,"['wrigh496', 'rhodes44', 'smit3400', 'cwantz', 'danie140', 'brow1511', 'annaleichty1', 'aboyina', 'nherbert', 'djodhani', 'harvey83', 'tladner', 'clancy6', 'tzadrave', 'costel12', 'kstirrup', 'duncan94', 'see4', 'busch8', 'wood164', None, 'meyer313', 'michae19', 'chakra26', 'ewolfla', 'mhodgkis', 'nrobb', 'douh', 'toboyle', 'lange35']",137,"['wrigh496', 'mikav', 'mfangio', 'zhu999', 'li2701', 'cohland', 'bbarale', 'quan8', 'obriencaitlin20', 'hollowr', 'snathell', 'sbukzam', 'zaly', 'egummers', 'mart1390', 'rhodes44', 'smit3400', 'nrrobins', 'rtrafele', 'gzanutta', 'bwodetz', 'emacfady', 'hmcmilli', 'sgandiko', 'oditto', 'agettel', 'annaleichty1', 'nherbert', 'hawkin98', 'djodhani', 'tschoste', 'zuckerma', 'dbhagwan', 'fruane', 'feng233', 'harvey83', 'clancy6', 'baxter26', 'sharlow', 'tzadrave', 'costel12', 'sweene26', 'jennin56', 'kstirrup', 'duncan94', 'busch8', 'efrancoe', 'wood164', 'bodhiscott', 'tdeucher', 'yu910', 'irwin12', 'nafandi', 'boninl', 'michae19', 'tuckergm', 'huan1346', 'ewolfla', 'beers2', 'sinha54', 'connoll1', 'ksagar', 'comer13', 'cottonb', 'gconer', 'bbondi', 'kbrayto', 'wagne267', 'smahipat', 'hodge20', 'harri827', 'zhan3108', 'adshowal', 'jperata', 'armour1', 'ndroessl', 'hicks121', 'aalangar', 'asyrek', 'meyer292', 'hughe234', 'nixon21', 'agf2018', 'ding308', 'kradde', 'cwantz', 'danie140', 'brow1511', 'heaton4', 'sharp82', 'jkamedul', 'nalsinan', 'aboyina', 'kzingaro', 'ruff13', 'pbhaske', 'csrafin', 'jiang650', 'hughe215', 'skunduru', 'bkoszyk', 'sbawaney', 'mill2500', 'bird12', 'voorsm', 'vank', 'mragei', 'moeller4', 'tladner', 'akurumba', 'cleveng2', 'gszyman', 'srpirtle', 'mcalisto', 'mprue', 'svendsen', 'weber164', 'scott524', 'gagnonn', 'see4', None, 'meyer313', 'evans251', 'rvulich', 'chfranci', 'chakra26', 'akmaksim', 'zhao979', 'mhodgkis', 'nrobb', 'achungma', 'tprati', 'tvulich', 'douh', 'toboyle', 'lange35', 'jomondi']"
3,594,108,41,14,"['evans251', 'bwodetz', 'hmcmilli', 'huan1346', 'baxter26', 'oditto', 'srpirtle', 'jkamedul', 'adshowal', 'armour1', 'sinha54', 'zaly', 'mart1390', 'meyer292']",93,"['mikav', 'li2701', 'cohland', 'bbarale', 'obriencaitlin20', 'sbukzam', 'egummers', 'rtrafele', 'sgandiko', 'agettel', 'tschoste', 'zuckerma', 'feng233', 'sharlow', 'jennin56', 'tdeucher', 'yu910', 'nafandi', 'tuckergm', 'beers2', 'comer13', 'cottonb', 'smahipat', 'hodge20', 'harri827', 'jperata', 'aalangar', 'asyrek', 'agf2018', 'ding308', 'kradde', 'heaton4', 'kzingaro', 'ruff13', 'pbhaske', 'skunduru', 'bkoszyk', 'bird12', 'voorsm', 'akurumba', 'mcalisto', 'mprue', 'scott524', 'rvulich', 'chfranci', 'tvulich', 'mfangio', 'zhu999', 'quan8', 'hollowr', 'snathell', 'nrrobins', 'gzanutta', 'emacfady', 'hawkin98', 'dbhagwan', 'fruane', 'sweene26', 'efrancoe', 'bodhiscott', 'irwin12', 'boninl', 'connoll1', 'ksagar', 'gconer', 'bbondi', 'kbrayto', 'wagne267', 'zhan3108', 'ndroessl', 'hicks121', 'hughe234', 'nixon21', 'sharp82', 'nalsinan', 'csrafin', 'jiang650', 'hughe215', 'sbawaney', 'mill2500', 'vank', 'mragei', 'cleveng2', 'gszyman', 'svendsen', 'weber164', 'gagnonn', 'akmaksim', 'zhao979', 'achungma', 'tprati', 'moeller4', 'jomondi']",27,"['strachan', 'llefebvr', 'buhland', 'barlow11', 'hsakiewi', 'smit3400', 'cwantz', 'brow1511', 'annaleichty1', 'aboyina', 'harvey83', 'tladner', 'tzadrave', 'costel12', 'duncan94', 'titus9', 'wood164', None, 'meyer313', 'michae19', 'chakra26', 'wils1064', 'ewolfla', 'mhodgkis', 'nrobb', 'dholicz', 'lange35']",134,"['mikav', 'mfangio', 'zhu999', 'li2701', 'buhland', 'cohland', 'bbarale', 'quan8', 'obriencaitlin20', 'hollowr', 'snathell', 'sbukzam', 'zaly', 'egummers', 'mart1390', 'hsakiewi', 'smit3400', 'nrrobins', 'rtrafele', 'gzanutta', 'bwodetz', 'emacfady', 'hmcmilli', 'sgandiko', 'oditto', 'agettel', 'annaleichty1', 'hawkin98', 'tschoste', 'zuckerma', 'dbhagwan', 'fruane', 'feng233', 'harvey83', 'baxter26', 'sharlow', 'tzadrave', 'costel12', 'sweene26', 'jennin56', 'duncan94', 'efrancoe', 'wood164', 'bodhiscott', 'tdeucher', 'yu910', 'irwin12', 'nafandi', 'boninl', 'michae19', 'wils1064', 'tuckergm', 'huan1346', 'ewolfla', 'beers2', 'dholicz', 'sinha54', 'connoll1', 'ksagar', 'comer13', 'cottonb', 'gconer', 'bbondi', 'kbrayto', 'wagne267', 'strachan', 'smahipat', 'hodge20', 'harri827', 'zhan3108', 'llefebvr', 'adshowal', 'barlow11', 'jperata', 'armour1', 'ndroessl', 'hicks121', 'aalangar', 'asyrek', 'meyer292', 'hughe234', 'nixon21', 'agf2018', 'ding308', 'kradde', 'cwantz', 'brow1511', 'heaton4', 'sharp82', 'jkamedul', 'nalsinan', 'aboyina', 'kzingaro', 'ruff13', 'pbhaske', 'csrafin', 'jiang650', 'hughe215', 'skunduru', 'bkoszyk', 'sbawaney', 'mill2500', 'bird12', 'voorsm', 'vank', 'mragei', 'moeller4', 'tladner', 'akurumba', 'cleveng2', 'gszyman', 'srpirtle', 'mcalisto', 'mprue', 'svendsen', 'weber164', 'scott524', 'gagnonn', 'titus9', None, 'meyer313', 'evans251', 'rvulich', 'chfranci', 'chakra26', 'akmaksim', 'zhao979', 'mhodgkis', 'nrobb', 'achungma', 'tprati', 'tvulich', 'lange35', 'jomondi']"
3,493,108,25,1,['bodhiscott'],106,"['mikav', 'mfangio', 'zhu999', 'li2701', 'cohland', 'bbarale', 'quan8', 'obriencaitlin20', 'hollowr', 'snathell', 'sbukzam', 'zaly', 'egummers', 'mart1390', 'nrrobins', 'rtrafele', 'gzanutta', 'bwodetz', 'emacfady', 'hmcmilli', 'sgandiko', 'oditto', 'agettel', 'hawkin98', 'tschoste', 'zuckerma', 'dbhagwan', 'fruane', 'feng233', 'baxter26', 'sharlow', 'sweene26', 'jennin56', 'efrancoe', 'tdeucher', 'yu910', 'irwin12', 'nafandi', 'boninl', 'tuckergm', 'huan1346', 'beers2', 'sinha54', 'connoll1', 'ksagar', 'comer13', 'cottonb', 'gconer', 'bbondi', 'kbrayto', 'wagne267', 'smahipat', 'hodge20', 'harri827', 'zhan3108', 'adshowal', 'jperata', 'armour1', 'ndroessl', 'hicks121', 'aalangar', 'asyrek', 'meyer292', 'hughe234', 'nixon21', 'agf2018', 'ding308', 'kradde', 'heaton4', 'sharp82', 'jkamedul', 'nalsinan', 'kzingaro', 'ruff13', 'pbhaske', 'csrafin', 'jiang650', 'hughe215', 'skunduru', 'bkoszyk', 'sbawaney', 'mill2500', 'bird12', 'voorsm', 'vank', 'mragei', 'moeller4', 'akurumba', 'cleveng2', 'gszyman', 'srpirtle', 'mcalisto', 'mprue', 'svendsen', 'weber164', 'scott524', 'gagnonn', 'evans251', 'rvulich', 'chfranci', 'akmaksim', 'zhao979', 'achungma', 'tprati', 'tvulich', 'jomondi']",24,"['ebinkle', 'nbstern', 'dmangeri', 'mihsan', 'rkeyser', 'east5', 'agarw190', 'mill2391', 'hrubyr', 'wheffern', 'scroskey', 'kngupta', 'dmarcha', 'romack0', 'lee2880', 'castil77', 'lhoppenr', 'lregalad', None, 'ehultman', 'cliffos', 'hshrote', 'shagaman', 'kortee']",131,"['mikav', 'nbstern', 'mfangio', 'zhu999', 'li2701', 'cohland', 'bbarale', 'quan8', 'obriencaitlin20', 'hollowr', 'snathell', 'sbukzam', 'zaly', 'egummers', 'mart1390', 'rkeyser', 'east5', 'nrrobins', 'rtrafele', 'agarw190', 'gzanutta', 'bwodetz', 'emacfady', 'hmcmilli', 'sgandiko', 'oditto', 'agettel', 'hrubyr', 'hawkin98', 'scroskey', 'tschoste', 'zuckerma', 'dmarcha', 'romack0', 'dbhagwan', 'lee2880', 'fruane', 'feng233', 'baxter26', 'sharlow', 'sweene26', 'jennin56', 'efrancoe', 'bodhiscott', 'tdeucher', 'yu910', 'irwin12', 'nafandi', 'boninl', 'tuckergm', 'huan1346', 'cliffos', 'beers2', 'sinha54', 'connoll1', 'shagaman', 'kngupta', 'ksagar', 'ebinkle', 'dmangeri', 'comer13', 'cottonb', 'gconer', 'bbondi', 'kbrayto', 'wagne267', 'smahipat', 'hodge20', 'harri827', 'zhan3108', 'mihsan', 'adshowal', 'jperata', 'armour1', 'ndroessl', 'hicks121', 'aalangar', 'asyrek', 'meyer292', 'hughe234', 'nixon21', 'agf2018', 'ding308', 'kradde', 'mill2391', 'heaton4', 'sharp82', 'jkamedul', 'nalsinan', 'kzingaro', 'ruff13', 'pbhaske', 'csrafin', 'wheffern', 'jiang650', 'hughe215', 'skunduru', 'bkoszyk', 'sbawaney', 'mill2500', 'bird12', 'voorsm', 'vank', 'mragei', 'moeller4', 'castil77', 'akurumba', 'cleveng2', 'gszyman', 'srpirtle', 'mcalisto', 'mprue', 'svendsen', 'weber164', 'scott524', 'gagnonn', 'lhoppenr', 'lregalad', None, 'evans251', 'rvulich', 'chfranci', 'ehultman', 'akmaksim', 'zhao979', 'hshrote', 'achungma', 'tprati', 'tvulich', 'kortee', 'jomondi']"
3,281,108,16,3,"['akmaksim', 'nafandi', 'hughe234']",104,"['mikav', 'mfangio', 'zhu999', 'li2701', 'cohland', 'bbarale', 'quan8', 'obriencaitlin20', 'hollowr', 'snathell', 'sbukzam', 'zaly', 'egummers', 'mart1390', 'nrrobins', 'rtrafele', 'gzanutta', 'bwodetz', 'emacfady', 'hmcmilli', 'sgandiko', 'oditto', 'agettel', 'hawkin98', 'tschoste', 'zuckerma', 'dbhagwan', 'fruane', 'feng233', 'baxter26', 'sharlow', 'sweene26', 'jennin56', 'efrancoe', 'bodhiscott', 'tdeucher', 'yu910', 'irwin12', 'boninl', 'tuckergm', 'huan1346', 'beers2', 'sinha54', 'connoll1', 'ksagar', 'comer13', 'cottonb', 'gconer', 'bbondi', 'kbrayto', 'wagne267', 'smahipat', 'hodge20', 'harri827', 'zhan3108', 'adshowal', 'jperata', 'armour1', 'ndroessl', 'hicks121', 'aalangar', 'asyrek', 'meyer292', 'nixon21', 'agf2018', 'ding308', 'kradde', 'heaton4', 'sharp82', 'jkamedul', 'nalsinan', 'kzingaro', 'ruff13', 'pbhaske', 'csrafin', 'jiang650', 'hughe215', 'skunduru', 'bkoszyk', 'sbawaney', 'mill2500', 'bird12', 'voorsm', 'vank', 'mragei', 'moeller4', 'akurumba', 'cleveng2', 'gszyman', 'srpirtle', 'mcalisto', 'mprue', 'svendsen', 'weber164', 'scott524', 'gagnonn', 'evans251', 'rvulich', 'chfranci', 'zhao979', 'achungma', 'tprati', 'tvulich', 'jomondi']",13,"['artierenier', 'wagoneb', 'bdbowles', 'nkielkop', 'wrigh413', 'tan213', 'lopez347', 'murph417', 'stockerm', 'leal6', 'thoma805', None, 'jnylen']",120,"['artierenier', 'mikav', 'mfangio', 'zhu999', 'li2701', 'cohland', 'bbarale', 'quan8', 'obriencaitlin20', 'hollowr', 'snathell', 'sbukzam', 'zaly', 'egummers', 'mart1390', 'nrrobins', 'rtrafele', 'gzanutta', 'bwodetz', 'emacfady', 'hmcmilli', 'sgandiko', 'oditto', 'stockerm', 'agettel', 'hawkin98', 'tschoste', 'zuckerma', 'dbhagwan', 'fruane', 'feng233', 'baxter26', 'sharlow', 'murph417', 'sweene26', 'jennin56', 'efrancoe', 'bodhiscott', 'tdeucher', 'yu910', 'irwin12', 'nafandi', 'boninl', 'tuckergm', 'huan1346', 'beers2', 'sinha54', 'connoll1', 'ksagar', 'comer13', 'cottonb', 'gconer', 'bbondi', 'kbrayto', 'wagne267', 'tan213', 'smahipat', 'hodge20', 'harri827', 'zhan3108', 'adshowal', 'jperata', 'armour1', 'ndroessl', 'hicks121', 'aalangar', 'asyrek', 'meyer292', 'hughe234', 'nixon21', 'wagoneb', 'agf2018', 'ding308', 'kradde', 'heaton4', 'sharp82', 'jkamedul', 'nalsinan', 'kzingaro', 'ruff13', 'pbhaske', 'csrafin', 'thoma805', 'jiang650', 'hughe215', 'skunduru', 'bkoszyk', 'sbawaney', 'bdbowles', 'mill2500', 'bird12', 'voorsm', 'vank', 'mragei', 'moeller4', 'nkielkop', 'akurumba', 'cleveng2', 'gszyman', 'wrigh413', 'srpirtle', 'mcalisto', 'mprue', 'svendsen', 'weber164', 'scott524', 'gagnonn', None, 'jnylen', 'evans251', 'rvulich', 'chfranci', 'akmaksim', 'zhao979', 'lopez347', 'leal6', 'achungma', 'tprati', 'tvulich', 'jomondi']"
3,352,108,15,12,"['bwodetz', 'mart1390', 'hmcmilli', 'huan1346', 'baxter26', 'srpirtle', 'jkamedul', 'armour1', 'moeller4', 'sinha54', 'zaly', 'jiang650']",95,"['mikav', 'mfangio', 'zhu999', 'li2701', 'cohland', 'bbarale', 'quan8', 'obriencaitlin20', 'hollowr', 'snathell', 'sbukzam', 'egummers', 'nrrobins', 'rtrafele', 'gzanutta', 'emacfady', 'sgandiko', 'oditto', 'agettel', 'hawkin98', 'tschoste', 'zuckerma', 'dbhagwan', 'fruane', 'feng233', 'sharlow', 'sweene26', 'jennin56', 'efrancoe', 'bodhiscott', 'tdeucher', 'yu910', 'irwin12', 'nafandi', 'boninl', 'tuckergm', 'beers2', 'connoll1', 'ksagar', 'comer13', 'cottonb', 'gconer', 'bbondi', 'kbrayto', 'wagne267', 'smahipat', 'hodge20', 'harri827', 'zhan3108', 'adshowal', 'jperata', 'ndroessl', 'hicks121', 'aalangar', 'asyrek', 'meyer292', 'hughe234', 'nixon21', 'agf2018', 'ding308', 'kradde', 'heaton4', 'sharp82', 'nalsinan', 'kzingaro', 'ruff13', 'pbhaske', 'csrafin', 'hughe215', 'skunduru', 'bkoszyk', 'sbawaney', 'mill2500', 'bird12', 'voorsm', 'vank', 'mragei', 'akurumba', 'cleveng2', 'gszyman', 'mcalisto', 'mprue', 'svendsen', 'weber164', 'scott524', 'gagnonn', 'evans251', 'rvulich', 'chfranci', 'akmaksim', 'zhao979', 'achungma', 'tprati', 'tvulich', 'jomondi']",3,"[None, 'cwantz', 'chakra26']",110,"['mikav', 'mfangio', 'zhu999', 'li2701', 'cohland', 'bbarale', 'quan8', 'obriencaitlin20', 'hollowr', 'snathell', 'sbukzam', 'zaly', 'egummers', 'mart1390', 'nrrobins', 'rtrafele', 'gzanutta', 'bwodetz', 'emacfady', 'hmcmilli', 'sgandiko', 'oditto', 'agettel', 'hawkin98', 'tschoste', 'zuckerma', 'dbhagwan', 'fruane', 'feng233', 'baxter26', 'sharlow', 'sweene26', 'jennin56', 'efrancoe', 'bodhiscott', 'tdeucher', 'yu910', 'irwin12', 'nafandi', 'boninl', 'tuckergm', 'huan1346', 'beers2', 'sinha54', 'connoll1', 'ksagar', 'comer13', 'cottonb', 'gconer', 'bbondi', 'kbrayto', 'wagne267', 'smahipat', 'hodge20', 'harri827', 'zhan3108', 'adshowal', 'jperata', 'armour1', 'ndroessl', 'hicks121', 'aalangar', 'asyrek', 'meyer292', 'hughe234', 'nixon21', 'agf2018', 'ding308', 'kradde', 'cwantz', 'heaton4', 'sharp82', 'jkamedul', 'nalsinan', 'kzingaro', 'ruff13', 'pbhaske', 'csrafin', 'jiang650', 'hughe215', 'skunduru', 'bkoszyk', 'sbawaney', 'mill2500', 'bird12', 'voorsm', 'vank', 'mragei', 'moeller4', 'akurumba', 'cleveng2', 'gszyman', 'srpirtle', 'mcalisto', 'mprue', 'svendsen', 'weber164', 'scott524', 'gagnonn', None, 'evans251', 'rvulich', 'chfranci', 'chakra26', 'akmaksim', 'zhao979', 'achungma', 'tprati', 'tvulich', 'jomondi']"
3,627,108,14,7,"['oditto', 'mprue', 'bbarale', 'beers2', 'achungma', 'pbhaske', 'asyrek']",100,"['mikav', 'mfangio', 'zhu999', 'li2701', 'cohland', 'quan8', 'obriencaitlin20', 'hollowr', 'snathell', 'sbukzam', 'zaly', 'egummers', 'mart1390', 'nrrobins', 'rtrafele', 'gzanutta', 'bwodetz', 'emacfady', 'hmcmilli', 'sgandiko', 'agettel', 'hawkin98', 'tschoste', 'zuckerma', 'dbhagwan', 'fruane', 'feng233', 'baxter26', 'sharlow', 'sweene26', 'jennin56', 'efrancoe', 'bodhiscott', 'tdeucher', 'yu910', 'irwin12', 'nafandi', 'boninl', 'tuckergm', 'huan1346', 'sinha54', 'connoll1', 'ksagar', 'comer13', 'cottonb', 'gconer', 'bbondi', 'kbrayto', 'wagne267', 'smahipat', 'hodge20', 'harri827', 'zhan3108', 'adshowal', 'jperata', 'armour1', 'ndroessl', 'hicks121', 'aalangar', 'meyer292', 'hughe234', 'nixon21', 'agf2018', 'ding308', 'kradde', 'heaton4', 'sharp82', 'jkamedul', 'nalsinan', 'kzingaro', 'ruff13', 'csrafin', 'jiang650', 'hughe215', 'skunduru', 'bkoszyk', 'sbawaney', 'mill2500', 'bird12', 'voorsm', 'vank', 'mragei', 'moeller4', 'akurumba', 'cleveng2', 'gszyman', 'srpirtle', 'mcalisto', 'svendsen', 'weber164', 'scott524', 'gagnonn', 'evans251', 'rvulich', 'chfranci', 'akmaksim', 'zhao979', 'tprati', 'tvulich', 'jomondi']",7,"['sayyala', 'llefebvr', 'liu2442', 'lritchis', 'murph417', 'lin1297', None]",114,"['mikav', 'mfangio', 'zhu999', 'li2701', 'cohland', 'bbarale', 'quan8', 'obriencaitlin20', 'hollowr', 'snathell', 'sbukzam', 'zaly', 'egummers', 'mart1390', 'nrrobins', 'rtrafele', 'gzanutta', 'bwodetz', 'emacfady', 'hmcmilli', 'sgandiko', 'oditto', 'agettel', 'hawkin98', 'tschoste', 'zuckerma', 'dbhagwan', 'sayyala', 'fruane', 'feng233', 'baxter26', 'sharlow', 'murph417', 'sweene26', 'jennin56', 'efrancoe', 'bodhiscott', 'tdeucher', 'yu910', 'irwin12', 'nafandi', 'boninl', 'tuckergm', 'huan1346', 'liu2442', 'beers2', 'sinha54', 'connoll1', 'ksagar', 'comer13', 'cottonb', 'gconer', 'bbondi', 'kbrayto', 'wagne267', 'llefebvr', 'smahipat', 'hodge20', 'harri827', 'zhan3108', 'adshowal', 'jperata', 'armour1', 'ndroessl', 'hicks121', 'aalangar', 'asyrek', 'meyer292', 'hughe234', 'nixon21', 'agf2018', 'ding308', 'kradde', 'heaton4', 'sharp82', 'jkamedul', 'nalsinan', 'kzingaro', 'ruff13', 'pbhaske', 'csrafin', 'jiang650', 'hughe215', 'skunduru', 'bkoszyk', 'sbawaney', 'mill2500', 'bird12', 'voorsm', 'vank', 'mragei', 'moeller4', 'akurumba', 'cleveng2', 'gszyman', 'srpirtle', 'mcalisto', 'mprue', 'lritchis', 'svendsen', 'weber164', 'scott524', 'gagnonn', 'lin1297', None, 'evans251', 'rvulich', 'chfranci', 'akmaksim', 'zhao979', 'achungma', 'tprati', 'tvulich', 'jomondi']"
3,348,108,12,3,"['sbukzam', 'pbhaske', 'gconer']",104,"['mikav', 'mfangio', 'zhu999', 'li2701', 'cohland', 'bbarale', 'quan8', 'obriencaitlin20', 'hollowr', 'snathell', 'zaly', 'egummers', 'mart1390', 'nrrobins', 'rtrafele', 'gzanutta', 'bwodetz', 'emacfady', 'hmcmilli', 'sgandiko', 'oditto', 'agettel', 'hawkin98', 'tschoste', 'zuckerma', 'dbhagwan', 'fruane', 'feng233', 'baxter26', 'sharlow', 'sweene26', 'jennin56', 'efrancoe', 'bodhiscott', 'tdeucher', 'yu910', 'irwin12', 'nafandi', 'boninl', 'tuckergm', 'huan1346', 'beers2', 'sinha54', 'connoll1', 'ksagar', 'comer13', 'cottonb', 'bbondi', 'kbrayto', 'wagne267', 'smahipat', 'hodge20', 'harri827', 'zhan3108', 'adshowal', 'jperata', 'armour1', 'ndroessl', 'hicks121', 'aalangar', 'asyrek', 'meyer292', 'hughe234', 'nixon21', 'agf2018', 'ding308', 'kradde', 'heaton4', 'sharp82', 'jkamedul', 'nalsinan', 'kzingaro', 'ruff13', 'csrafin', 'jiang650', 'hughe215', 'skunduru', 'bkoszyk', 'sbawaney', 'mill2500', 'bird12', 'voorsm', 'vank', 'mragei', 'moeller4', 'akurumba', 'cleveng2', 'gszyman', 'srpirtle', 'mcalisto', 'mprue', 'svendsen', 'weber164', 'scott524', 'gagnonn', 'evans251', 'rvulich', 'chfranci', 'akmaksim', 'zhao979', 'achungma', 'tprati', 'tvulich', 'jomondi']",9,"['john2345', 'lvelky', 'murph417', 'mclassen', 'kyendru', 'esuer', 'ncivitan', None, 'pan229']",116,"['mikav', 'mfangio', 'zhu999', 'li2701', 'cohland', 'bbarale', 'quan8', 'obriencaitlin20', 'hollowr', 'snathell', 'sbukzam', 'zaly', 'egummers', 'mart1390', 'nrrobins', 'rtrafele', 'john2345', 'gzanutta', 'bwodetz', 'emacfady', 'hmcmilli', 'sgandiko', 'oditto', 'agettel', 'hawkin98', 'tschoste', 'zuckerma', 'dbhagwan', 'fruane', 'feng233', 'baxter26', 'sharlow', 'murph417', 'sweene26', 'jennin56', 'efrancoe', 'bodhiscott', 'pan229', 'tdeucher', 'yu910', 'irwin12', 'nafandi', 'boninl', 'lvelky', 'tuckergm', 'huan1346', 'beers2', 'mclassen', 'sinha54', 'connoll1', 'esuer', 'ksagar', 'comer13', 'cottonb', 'gconer', 'bbondi', 'kbrayto', 'wagne267', 'smahipat', 'hodge20', 'harri827', 'zhan3108', 'adshowal', 'jperata', 'armour1', 'ndroessl', 'hicks121', 'aalangar', 'asyrek', 'meyer292', 'hughe234', 'nixon21', 'agf2018', 'ding308', 'kradde', 'heaton4', 'sharp82', 'jkamedul', 'nalsinan', 'kzingaro', 'ruff13', 'pbhaske', 'csrafin', 'jiang650', 'hughe215', 'skunduru', 'bkoszyk', 'sbawaney', 'mill2500', 'bird12', 'voorsm', 'vank', 'mragei', 'moeller4', 'akurumba', 'cleveng2', 'gszyman', 'srpirtle', 'mcalisto', 'mprue', 'svendsen', 'weber164', 'scott524', 'gagnonn', 'ncivitan', None, 'evans251', 'rvulich', 'chfranci', 'akmaksim', 'zhao979', 'kyendru', 'achungma', 'tprati', 'tvulich', 'jomondi']"
3,135,108,11,7,"['fruane', 'zhao979', 'tprati', 'hollowr', 'tvulich', 'achungma', 'bodhiscott']",100,"['mikav', 'mfangio', 'zhu999', 'li2701', 'cohland', 'bbarale', 'quan8', 'obriencaitlin20', 'snathell', 'sbukzam', 'zaly', 'egummers', 'mart1390', 'nrrobins', 'rtrafele', 'gzanutta', 'bwodetz', 'emacfady', 'hmcmilli', 'sgandiko', 'oditto', 'agettel', 'hawkin98', 'tschoste', 'zuckerma', 'dbhagwan', 'feng233', 'baxter26', 'sharlow', 'sweene26', 'jennin56', 'efrancoe', 'tdeucher', 'yu910', 'irwin12', 'nafandi', 'boninl', 'tuckergm', 'huan1346', 'beers2', 'sinha54', 'connoll1', 'ksagar', 'comer13', 'cottonb', 'gconer', 'bbondi', 'kbrayto', 'wagne267', 'smahipat', 'hodge20', 'harri827', 'zhan3108', 'adshowal', 'jperata', 'armour1', 'ndroessl', 'hicks121', 'aalangar', 'asyrek', 'meyer292', 'hughe234', 'nixon21', 'agf2018', 'ding308', 'kradde', 'heaton4', 'sharp82', 'jkamedul', 'nalsinan', 'kzingaro', 'ruff13', 'pbhaske', 'csrafin', 'jiang650', 'hughe215', 'skunduru', 'bkoszyk', 'sbawaney', 'mill2500', 'bird12', 'voorsm', 'vank', 'mragei', 'moeller4', 'akurumba', 'cleveng2', 'gszyman', 'srpirtle', 'mcalisto', 'mprue', 'svendsen', 'weber164', 'scott524', 'gagnonn', 'evans251', 'rvulich', 'chfranci', 'akmaksim', 'jomondi']",4,"['llefebvr', None, 'sayyala', 'ejobe']",111,"['mikav', 'mfangio', 'zhu999', 'li2701', 'cohland', 'bbarale', 'quan8', 'obriencaitlin20', 'hollowr', 'snathell', 'sbukzam', 'zaly', 'egummers', 'mart1390', 'nrrobins', 'rtrafele', 'gzanutta', 'bwodetz', 'emacfady', 'hmcmilli', 'sgandiko', 'oditto', 'agettel', 'hawkin98', 'tschoste', 'zuckerma', 'dbhagwan', 'sayyala', 'fruane', 'feng233', 'baxter26', 'sharlow', 'sweene26', 'jennin56', 'ejobe', 'efrancoe', 'bodhiscott', 'tdeucher', 'yu910', 'irwin12', 'nafandi', 'boninl', 'tuckergm', 'huan1346', 'beers2', 'sinha54', 'connoll1', 'ksagar', 'comer13', 'cottonb', 'gconer', 'bbondi', 'kbrayto', 'wagne267', 'llefebvr', 'smahipat', 'hodge20', 'harri827', 'zhan3108', 'adshowal', 'jperata', 'armour1', 'ndroessl', 'hicks121', 'aalangar', 'asyrek', 'meyer292', 'hughe234', 'nixon21', 'agf2018', 'ding308', 'kradde', 'heaton4', 'sharp82', 'jkamedul', 'nalsinan', 'kzingaro', 'ruff13', 'pbhaske', 'csrafin', 'jiang650', 'hughe215', 'skunduru', 'bkoszyk', 'sbawaney', 'mill2500', 'bird12', 'voorsm', 'vank', 'mragei', 'moeller4', 'akurumba', 'cleveng2', 'gszyman', 'srpirtle', 'mcalisto', 'mprue', 'svendsen', 'weber164', 'scott524', 'gagnonn', None, 'evans251', 'rvulich', 'chfranci', 'akmaksim', 'zhao979', 'achungma', 'tprati', 'tvulich', 'jomondi']"
3,158,108,9,4,"['mcalisto', 'jperata', 'harri827', 'hodge20']",103,"['mikav', 'mfangio', 'zhu999', 'li2701', 'cohland', 'bbarale', 'quan8', 'obriencaitlin20', 'hollowr', 'snathell', 'sbukzam', 'zaly', 'egummers', 'mart1390', 'nrrobins', 'rtrafele', 'gzanutta', 'bwodetz', 'emacfady', 'hmcmilli', 'sgandiko', 'oditto', 'agettel', 'hawkin98', 'tschoste', 'zuckerma', 'dbhagwan', 'fruane', 'feng233', 'baxter26', 'sharlow', 'sweene26', 'jennin56', 'efrancoe', 'bodhiscott', 'tdeucher', 'yu910', 'irwin12', 'nafandi', 'boninl', 'tuckergm', 'huan1346', 'beers2', 'sinha54', 'connoll1', 'ksagar', 'comer13', 'cottonb', 'gconer', 'bbondi', 'kbrayto', 'wagne267', 'smahipat', 'zhan3108', 'adshowal', 'armour1', 'ndroessl', 'hicks121', 'aalangar', 'asyrek', 'meyer292', 'hughe234', 'nixon21', 'agf2018', 'ding308', 'kradde', 'heaton4', 'sharp82', 'jkamedul', 'nalsinan', 'kzingaro', 'ruff13', 'pbhaske', 'csrafin', 'jiang650', 'hughe215', 'skunduru', 'bkoszyk', 'sbawaney', 'mill2500', 'bird12', 'voorsm', 'vank', 'mragei', 'moeller4', 'akurumba', 'cleveng2', 'gszyman', 'srpirtle', 'mprue', 'svendsen', 'weber164', 'scott524', 'gagnonn', 'evans251', 'rvulich', 'chfranci', 'akmaksim', 'zhao979', 'achungma', 'tprati', 'tvulich', 'jomondi']",5,"['ebinkle', 'agarw190', 'adoxsee', 'ejobe', None]",112,"['mikav', 'mfangio', 'zhu999', 'li2701', 'cohland', 'bbarale', 'quan8', 'obriencaitlin20', 'hollowr', 'snathell', 'sbukzam', 'zaly', 'egummers', 'mart1390', 'nrrobins', 'rtrafele', 'agarw190', 'gzanutta', 'bwodetz', 'emacfady', 'hmcmilli', 'sgandiko', 'adoxsee', 'oditto', 'agettel', 'hawkin98', 'tschoste', 'zuckerma', 'dbhagwan', 'fruane', 'feng233', 'baxter26', 'sharlow', 'sweene26', 'jennin56', 'ejobe', 'efrancoe', 'bodhiscott', 'tdeucher', 'yu910', 'irwin12', 'nafandi', 'boninl', 'tuckergm', 'huan1346', 'beers2', 'sinha54', 'connoll1', 'ksagar', 'ebinkle', 'comer13', 'cottonb', 'gconer', 'bbondi', 'kbrayto', 'wagne267', 'smahipat', 'hodge20', 'harri827', 'zhan3108', 'adshowal', 'jperata', 'armour1', 'ndroessl', 'hicks121', 'aalangar', 'asyrek', 'meyer292', 'hughe234', 'nixon21', 'agf2018', 'ding308', 'kradde', 'heaton4', 'sharp82', 'jkamedul', 'nalsinan', 'kzingaro', 'ruff13', 'pbhaske', 'csrafin', 'jiang650', 'hughe215', 'skunduru', 'bkoszyk', 'sbawaney', 'mill2500', 'bird12', 'voorsm', 'vank', 'mragei', 'moeller4', 'akurumba', 'cleveng2', 'gszyman', 'srpirtle', 'mcalisto', 'mprue', 'svendsen', 'weber164', 'scott524', 'gagnonn', None, 'evans251', 'rvulich', 'chfranci', 'akmaksim', 'zhao979', 'achungma', 'tprati', 'tvulich', 'jomondi']"
3,139,108,7,2,"['zhan3108', 'heaton4']",105,"['mikav', 'mfangio', 'zhu999', 'li2701', 'cohland', 'bbarale', 'quan8', 'obriencaitlin20', 'hollowr', 'snathell', 'sbukzam', 'zaly', 'egummers', 'mart1390', 'nrrobins', 'rtrafele', 'gzanutta', 'bwodetz', 'emacfady', 'hmcmilli', 'sgandiko', 'oditto', 'agettel', 'hawkin98', 'tschoste', 'zuckerma', 'dbhagwan', 'fruane', 'feng233', 'baxter26', 'sharlow', 'sweene26', 'jennin56', 'efrancoe', 'bodhiscott', 'tdeucher', 'yu910', 'irwin12', 'nafandi', 'boninl', 'tuckergm', 'huan1346', 'beers2', 'sinha54', 'connoll1', 'ksagar', 'comer13', 'cottonb', 'gconer', 'bbondi', 'kbrayto', 'wagne267', 'smahipat', 'hodge20', 'harri827', 'adshowal', 'jperata', 'armour1', 'ndroessl', 'hicks121', 'aalangar', 'asyrek', 'meyer292', 'hughe234', 'nixon21', 'agf2018', 'ding308', 'kradde', 'sharp82', 'jkamedul', 'nalsinan', 'kzingaro', 'ruff13', 'pbhaske', 'csrafin', 'jiang650', 'hughe215', 'skunduru', 'bkoszyk', 'sbawaney', 'mill2500', 'bird12', 'voorsm', 'vank', 'mragei', 'moeller4', 'akurumba', 'cleveng2', 'gszyman', 'srpirtle', 'mcalisto', 'mprue', 'svendsen', 'weber164', 'scott524', 'gagnonn', 'evans251', 'rvulich', 'chfranci', 'akmaksim', 'zhao979', 'achungma', 'tprati', 'tvulich', 'jomondi']",5,"['drake38', 'bavenell', 'kocher1', 'shannob', None]",112,"['mikav', 'bavenell', 'mfangio', 'zhu999', 'li2701', 'cohland', 'bbarale', 'quan8', 'obriencaitlin20', 'hollowr', 'snathell', 'sbukzam', 'zaly', 'egummers', 'mart1390', 'nrrobins', 'rtrafele', 'gzanutta', 'bwodetz', 'kocher1', 'emacfady', 'hmcmilli', 'sgandiko', 'oditto', 'agettel', 'hawkin98', 'tschoste', 'zuckerma', 'dbhagwan', 'fruane', 'feng233', 'baxter26', 'sharlow', 'sweene26', 'jennin56', 'efrancoe', 'bodhiscott', 'tdeucher', 'yu910', 'irwin12', 'nafandi', 'boninl', 'tuckergm', 'huan1346', 'beers2', 'sinha54', 'connoll1', 'ksagar', 'comer13', 'cottonb', 'gconer', 'bbondi', 'kbrayto', 'wagne267', 'smahipat', 'hodge20', 'harri827', 'zhan3108', 'adshowal', 'jperata', 'armour1', 'ndroessl', 'hicks121', 'aalangar', 'asyrek', 'meyer292', 'hughe234', 'nixon21', 'agf2018', 'ding308', 'kradde', 'heaton4', 'sharp82', 'jkamedul', 'nalsinan', 'kzingaro', 'ruff13', 'pbhaske', 'csrafin', 'jiang650', 'hughe215', 'skunduru', 'bkoszyk', 'sbawaney', 'drake38', 'mill2500', 'bird12', 'voorsm', 'vank', 'mragei', 'moeller4', 'akurumba', 'cleveng2', 'gszyman', 'srpirtle', 'mcalisto', 'mprue', 'svendsen', 'weber164', 'scott524', 'gagnonn', None, 'evans251', 'rvulich', 'chfranci', 'akmaksim', 'zhao979', 'achungma', 'tprati', 'tvulich', 'shannob', 'jomondi']"
3,595,108,7,1,['bodhiscott'],106,"['mikav', 'mfangio', 'zhu999', 'li2701', 'cohland', 'bbarale', 'quan8', 'obriencaitlin20', 'hollowr', 'snathell', 'sbukzam', 'zaly', 'egummers', 'mart1390', 'nrrobins', 'rtrafele', 'gzanutta', 'bwodetz', 'emacfady', 'hmcmilli', 'sgandiko', 'oditto', 'agettel', 'hawkin98', 'tschoste', 'zuckerma', 'dbhagwan', 'fruane', 'feng233', 'baxter26', 'sharlow', 'sweene26', 'jennin56', 'efrancoe', 'tdeucher', 'yu910', 'irwin12', 'nafandi', 'boninl', 'tuckergm', 'huan1346', 'beers2', 'sinha54', 'connoll1', 'ksagar', 'comer13', 'cottonb', 'gconer', 'bbondi', 'kbrayto', 'wagne267', 'smahipat', 'hodge20', 'harri827', 'zhan3108', 'adshowal', 'jperata', 'armour1', 'ndroessl', 'hicks121', 'aalangar', 'asyrek', 'meyer292', 'hughe234', 'nixon21', 'agf2018', 'ding308', 'kradde', 'heaton4', 'sharp82', 'jkamedul', 'nalsinan', 'kzingaro', 'ruff13', 'pbhaske', 'csrafin', 'jiang650', 'hughe215', 'skunduru', 'bkoszyk', 'sbawaney', 'mill2500', 'bird12', 'voorsm', 'vank', 'mragei', 'moeller4', 'akurumba', 'cleveng2', 'gszyman', 'srpirtle', 'mcalisto', 'mprue', 'svendsen', 'weber164', 'scott524', 'gagnonn', 'evans251', 'rvulich', 'chfranci', 'akmaksim', 'zhao979', 'achungma', 'tprati', 'tvulich', 'jomondi']",6,"['ebinkle', 'romack0', 'cliffos', 'mihsan', 'shagaman', None]",113,"['mikav', 'mfangio', 'zhu999', 'li2701', 'cohland', 'bbarale', 'quan8', 'obriencaitlin20', 'hollowr', 'snathell', 'sbukzam', 'zaly', 'egummers', 'mart1390', 'nrrobins', 'rtrafele', 'gzanutta', 'bwodetz', 'emacfady', 'hmcmilli', 'sgandiko', 'oditto', 'agettel', 'hawkin98', 'tschoste', 'zuckerma', 'romack0', 'dbhagwan', 'fruane', 'feng233', 'baxter26', 'sharlow', 'sweene26', 'jennin56', 'efrancoe', 'bodhiscott', 'tdeucher', 'yu910', 'irwin12', 'nafandi', 'boninl', 'tuckergm', 'huan1346', 'cliffos', 'beers2', 'sinha54', 'connoll1', 'shagaman', 'ksagar', 'ebinkle', 'comer13', 'cottonb', 'gconer', 'bbondi', 'kbrayto', 'wagne267', 'smahipat', 'hodge20', 'harri827', 'zhan3108', 'mihsan', 'adshowal', 'jperata', 'armour1', 'ndroessl', 'hicks121', 'aalangar', 'asyrek', 'meyer292', 'hughe234', 'nixon21', 'agf2018', 'ding308', 'kradde', 'heaton4', 'sharp82', 'jkamedul', 'nalsinan', 'kzingaro', 'ruff13', 'pbhaske', 'csrafin', 'jiang650', 'hughe215', 'skunduru', 'bkoszyk', 'sbawaney', 'mill2500', 'bird12', 'voorsm', 'vank', 'mragei', 'moeller4', 'akurumba', 'cleveng2', 'gszyman', 'srpirtle', 'mcalisto', 'mprue', 'svendsen', 'weber164', 'scott524', 'gagnonn', None, 'evans251', 'rvulich', 'chfranci', 'akmaksim', 'zhao979', 'achungma', 'tprati', 'tvulich', 'jomondi']"
3,363,108,6,2,"['cottonb', 'tschoste']",105,"['mikav', 'mfangio', 'zhu999', 'li2701', 'cohland', 'bbarale', 'quan8', 'obriencaitlin20', 'hollowr', 'snathell', 'sbukzam', 'zaly', 'egummers', 'mart1390', 'nrrobins', 'rtrafele', 'gzanutta', 'bwodetz', 'emacfady', 'hmcmilli', 'sgandiko', 'oditto', 'agettel', 'hawkin98', 'zuckerma', 'dbhagwan', 'fruane', 'feng233', 'baxter26', 'sharlow', 'sweene26', 'jennin56', 'efrancoe', 'bodhiscott', 'tdeucher', 'yu910', 'irwin12', 'nafandi', 'boninl', 'tuckergm', 'huan1346', 'beers2', 'sinha54', 'connoll1', 'ksagar', 'comer13', 'gconer', 'bbondi', 'kbrayto', 'wagne267', 'smahipat', 'hodge20', 'harri827', 'zhan3108', 'adshowal', 'jperata', 'armour1', 'ndroessl', 'hicks121', 'aalangar', 'asyrek', 'meyer292', 'hughe234', 'nixon21', 'agf2018', 'ding308', 'kradde', 'heaton4', 'sharp82', 'jkamedul', 'nalsinan', 'kzingaro', 'ruff13', 'pbhaske', 'csrafin', 'jiang650', 'hughe215', 'skunduru', 'bkoszyk', 'sbawaney', 'mill2500', 'bird12', 'voorsm', 'vank', 'mragei', 'moeller4', 'akurumba', 'cleveng2', 'gszyman', 'srpirtle', 'mcalisto', 'mprue', 'svendsen', 'weber164', 'scott524', 'gagnonn', 'evans251', 'rvulich', 'chfranci', 'akmaksim', 'zhao979', 'achungma', 'tprati', 'tvulich', 'jomondi']",4,"['weber171', None, 'thubauer', 'baylessl']",111,"['mikav', 'thubauer', 'mfangio', 'zhu999', 'li2701', 'cohland', 'bbarale', 'quan8', 'obriencaitlin20', 'hollowr', 'snathell', 'sbukzam', 'zaly', 'egummers', 'mart1390', 'nrrobins', 'rtrafele', 'gzanutta', 'bwodetz', 'emacfady', 'hmcmilli', 'sgandiko', 'oditto', 'agettel', 'hawkin98', 'tschoste', 'zuckerma', 'dbhagwan', 'fruane', 'feng233', 'baxter26', 'sharlow', 'sweene26', 'jennin56', 'efrancoe', 'bodhiscott', 'tdeucher', 'yu910', 'irwin12', 'nafandi', 'boninl', 'tuckergm', 'huan1346', 'beers2', 'sinha54', 'connoll1', 'ksagar', 'comer13', 'cottonb', 'gconer', 'bbondi', 'kbrayto', 'wagne267', 'smahipat', 'hodge20', 'harri827', 'zhan3108', 'adshowal', 'baylessl', 'jperata', 'armour1', 'ndroessl', 'hicks121', 'aalangar', 'asyrek', 'meyer292', 'hughe234', 'nixon21', 'agf2018', 'ding308', 'kradde', 'heaton4', 'sharp82', 'jkamedul', 'nalsinan', 'kzingaro', 'ruff13', 'pbhaske', 'csrafin', 'jiang650', 'hughe215', 'skunduru', 'bkoszyk', 'sbawaney', 'mill2500', 'bird12', 'voorsm', 'vank', 'mragei', 'moeller4', 'akurumba', 'cleveng2', 'gszyman', 'srpirtle', 'mcalisto', 'mprue', 'svendsen', 'weber164', 'scott524', 'gagnonn', 'weber171', None, 'evans251', 'rvulich', 'chfranci', 'akmaksim', 'zhao979', 'achungma', 'tprati', 'tvulich', 'jomondi']"
4,173,97,40,21,"['vallen', 'rios.ceduardo', 'cgettinger', 'cami', 'cnapoles', 't.van', 'shaynedagostino', 'docejo', 'dyuna.soledade', 'nlopezmora', 'rebeccapoole', 'robert.murtha07', 'argstanton', 'jrabosto', 'wkirby1', 'gyeomans', 'bgartside', 'glaumchloe', 'serranoh', 'jacksonpartlow', 'morganwilliams']",75,"['kssolovyeva', 'amaldonadomartin', 'a.mahapatra', 'rsanchezcereijo', 'oliviarandell', 'snehalmisra', 'jbrownell321', 'exirinach', 'arodriguez30', 'jpmctavish', 'judyzwz', 'n.aria', 'marinschrack', 'btreacy', 'jwoody3', 'rosenblumj', 'plu123', 'frankvigoa', 'connorduffy', 'jeffdemetrio', 'carmennn', 'nicolas.yanez', 'tmomplaisir', 'a01632196', 'joel.cruz', 'pr4b0w0', 'lyndseylaborde', 'carlosrea', 'sophia.corrales', 'nguyenk2', 'sbmaier', 'yassinlabichi', 'dunleavy.patrick', 'eanatividad1', 'nicholaspech', 'amirn', 'jvanhsy1', 'a01632679', 'anna.langley', 'robertkaufman1', 'hennashah', 'rlucas1', 'adri.cabezas', 'eric.bodnar', 'chungyanlee', 'brandongarver', 'jettsu', 'jsanto22', 'millero', 'bethany.baker', 'btanguay', 'kayladunnuck', 'glorber', 'brooke.mcguire', 'jweichselbaumer', 'alainagordon', 'jacob.cornell', 'lianettpineda', 'thomastc32', 'walter.sanchez', 'matthew.maloney', 'jordanbuisch', 'ashleymitchell', 'gzeus', 'natashapolito', 'a.santana', 'aidanvega', 'manaschaturvedi', 'jahyagumbs', 'diploadrauu', 'rao.mihir', 'stefenlagos', 'mcarreno', 'm.horn', 'walkert1']",19,"['tyler.mark', 'jherreracarrillo', 'jting', 'olivia.bergmann', 'thomasdonovan', 'joseph.johnson', 'brianlien', 'roy.mesa', 'gavin.drawdy', 'perry.bechtle', '8223freret', 'kylelackey', 'j.cardenas', 'kginter', None, 'bthompson2', 's.alderman', 'bklein1', 'hernandezv']",115,"['kssolovyeva', 'amaldonadomartin', 'tyler.mark', 'jherreracarrillo', 'a.mahapatra', 'snehalmisra', 'jbrownell321', 'cgettinger', 'cami', 'jpmctavish', 'judyzwz', 't.van', 'n.aria', 'thomasdonovan', 'marinschrack', 'btreacy', 'joseph.johnson', 'docejo', 'robert.murtha07', 'dyuna.soledade', 'rebeccapoole', 'joel.cruz', 'lyndseylaborde', 'carlosrea', 'sophia.corrales', 'gavin.drawdy', 'sbmaier', 'yassinlabichi', '8223freret', 'dunleavy.patrick', 'nicholaspech', 'amirn', 'jvanhsy1', 'a01632679', 'robertkaufman1', 'hennashah', 'eric.bodnar', 'chungyanlee', 'brandongarver', 'jsanto22', 'hernandezv', 'millero', 'glaumchloe', 'bethany.baker', 'brooke.mcguire', 'glorber', 'jweichselbaumer', 'walter.sanchez', 'a.santana', 'aidanvega', 'manaschaturvedi', 'stefenlagos', 'morganwilliams', 'vallen', 'jting', 'rsanchezcereijo', 'oliviarandell', 'rios.ceduardo', 'olivia.bergmann', 'exirinach', 'arodriguez30', 'cnapoles', 'plu123', 'shaynedagostino', 'jwoody3', 'rosenblumj', 'frankvigoa', 'connorduffy', 'jeffdemetrio', 'carmennn', 'brianlien', 'nicolas.yanez', 'nlopezmora', 'tmomplaisir', 'a01632196', 'roy.mesa', 'pr4b0w0', 'nguyenk2', 'argstanton', 'perry.bechtle', 'jrabosto', 'eanatividad1', 'wkirby1', 'anna.langley', 'gyeomans', 'rlucas1', 'adri.cabezas', 'kylelackey', 'jettsu', 'bgartside', 'j.cardenas', 'kginter', 'btanguay', 'kayladunnuck', 'alainagordon', None, 'jacob.cornell', 'lianettpineda', 'thomastc32', 'serranoh', 'matthew.maloney', 'jordanbuisch', 'ashleymitchell', 'gzeus', 'natashapolito', 'bthompson2', 'jahyagumbs', 'jacksonpartlow', 'diploadrauu', 'rao.mihir', 's.alderman', 'mcarreno', 'bklein1', 'm.horn', 'walkert1']"
4,172,97,24,17,"['walter.sanchez', 'btreacy', 'frankvigoa', 'robertkaufman1', 'a.santana', 'mcarreno', 'nicolas.yanez', 'rsanchezcereijo', 'brandongarver', 'exirinach', 'joel.cruz', 'rao.mihir', 'arodriguez30', 'sophia.corrales', 'kayladunnuck', 'glorber', 'jweichselbaumer']",79,"['kssolovyeva', 'a.mahapatra', 'snehalmisra', 'cgettinger', 'n.aria', 'marinschrack', 'robert.murtha07', 'dyuna.soledade', 'rebeccapoole', 'yassinlabichi', 'amirn', 'jvanhsy1', 'a01632679', 'hennashah', 'eric.bodnar', 'chungyanlee', 'millero', 'glaumchloe', 'aidanvega', 'vallen', 'oliviarandell', 'jwoody3', 'rosenblumj', 'pr4b0w0', 'eanatividad1', 'wkirby1', 'anna.langley', 'jettsu', 'btanguay', 'lianettpineda', 'thomastc32', 'serranoh', 'jordanbuisch', 'ashleymitchell', 'gzeus', 'natashapolito', 'm.horn', 'amaldonadomartin', 'jbrownell321', 'cami', 'jpmctavish', 'judyzwz', 't.van', 'docejo', 'lyndseylaborde', 'carlosrea', 'sbmaier', 'dunleavy.patrick', 'nicholaspech', 'jsanto22', 'bethany.baker', 'brooke.mcguire', 'manaschaturvedi', 'stefenlagos', 'morganwilliams', 'rios.ceduardo', 'cnapoles', 'plu123', 'shaynedagostino', 'connorduffy', 'jeffdemetrio', 'carmennn', 'nlopezmora', 'tmomplaisir', 'a01632196', 'nguyenk2', 'argstanton', 'jrabosto', 'gyeomans', 'rlucas1', 'adri.cabezas', 'bgartside', 'alainagordon', 'jacob.cornell', 'matthew.maloney', 'jahyagumbs', 'jacksonpartlow', 'diploadrauu', 'walkert1']",7,"['zhewitt', 'jake.julia', 'kyle.james', 'm.mcguinness', 'ksantaniello', 'sgandhi', None]",103,"['zhewitt', 'kssolovyeva', 'amaldonadomartin', 'a.mahapatra', 'snehalmisra', 'jbrownell321', 'cgettinger', 'cami', 'jpmctavish', 'judyzwz', 't.van', 'n.aria', 'marinschrack', 'btreacy', 'docejo', 'robert.murtha07', 'dyuna.soledade', 'rebeccapoole', 'joel.cruz', 'lyndseylaborde', 'carlosrea', 'sophia.corrales', 'sbmaier', 'yassinlabichi', 'dunleavy.patrick', 'nicholaspech', 'amirn', 'jake.julia', 'jvanhsy1', 'a01632679', 'kyle.james', 'robertkaufman1', 'hennashah', 'eric.bodnar', 'chungyanlee', 'brandongarver', 'jsanto22', 'millero', 'glaumchloe', 'bethany.baker', 'brooke.mcguire', 'glorber', 'jweichselbaumer', 'walter.sanchez', 'm.mcguinness', 'a.santana', 'aidanvega', 'manaschaturvedi', 'ksantaniello', 'stefenlagos', 'morganwilliams', 'vallen', 'rsanchezcereijo', 'oliviarandell', 'rios.ceduardo', 'exirinach', 'arodriguez30', 'cnapoles', 'plu123', 'shaynedagostino', 'jwoody3', 'rosenblumj', 'frankvigoa', 'connorduffy', 'jeffdemetrio', 'carmennn', 'nicolas.yanez', 'nlopezmora', 'tmomplaisir', 'a01632196', 'pr4b0w0', 'nguyenk2', 'sgandhi', 'argstanton', 'jrabosto', 'eanatividad1', 'wkirby1', 'anna.langley', 'gyeomans', 'rlucas1', 'adri.cabezas', 'jettsu', 'bgartside', 'btanguay', 'kayladunnuck', 'alainagordon', None, 'jacob.cornell', 'lianettpineda', 'thomastc32', 'serranoh', 'matthew.maloney', 'jordanbuisch', 'ashleymitchell', 'gzeus', 'natashapolito', 'jahyagumbs', 'jacksonpartlow', 'diploadrauu', 'rao.mihir', 'mcarreno', 'm.horn', 'walkert1']"
4,176,97,16,8,"['dunleavy.patrick', 'natashapolito', 'rosenblumj', 'tmomplaisir', 'manaschaturvedi', 'jahyagumbs', 'bethany.baker', 'kayladunnuck']",88,"['kssolovyeva', 'amaldonadomartin', 'a.mahapatra', 'snehalmisra', 'jbrownell321', 'cgettinger', 'cami', 'jpmctavish', 'judyzwz', 't.van', 'n.aria', 'marinschrack', 'btreacy', 'docejo', 'robert.murtha07', 'dyuna.soledade', 'rebeccapoole', 'joel.cruz', 'lyndseylaborde', 'carlosrea', 'sophia.corrales', 'sbmaier', 'yassinlabichi', 'nicholaspech', 'amirn', 'jvanhsy1', 'a01632679', 'robertkaufman1', 'hennashah', 'eric.bodnar', 'chungyanlee', 'brandongarver', 'jsanto22', 'millero', 'glaumchloe', 'brooke.mcguire', 'glorber', 'jweichselbaumer', 'walter.sanchez', 'a.santana', 'aidanvega', 'stefenlagos', 'morganwilliams', 'vallen', 'rsanchezcereijo', 'oliviarandell', 'rios.ceduardo', 'exirinach', 'arodriguez30', 'cnapoles', 'plu123', 'shaynedagostino', 'jwoody3', 'frankvigoa', 'connorduffy', 'jeffdemetrio', 'carmennn', 'nicolas.yanez', 'nlopezmora', 'a01632196', 'pr4b0w0', 'nguyenk2', 'argstanton', 'jrabosto', 'eanatividad1', 'wkirby1', 'anna.langley', 'gyeomans', 'rlucas1', 'adri.cabezas', 'jettsu', 'bgartside', 'btanguay', 'alainagordon', 'jacob.cornell', 'lianettpineda', 'thomastc32', 'serranoh', 'matthew.maloney', 'jordanbuisch', 'ashleymitchell', 'gzeus', 'jacksonpartlow', 'diploadrauu', 'rao.mihir', 'mcarreno', 'm.horn', 'walkert1']",8,"['rnowak', 'justinwalsh', 'andrew.montiegel', 'jwingen', 'mwielatz', 'sergiolopez', 'hvantassel', None]",104,"['kssolovyeva', 'amaldonadomartin', 'a.mahapatra', 'sergiolopez', 'snehalmisra', 'jbrownell321', 'cgettinger', 'cami', 'jpmctavish', 'judyzwz', 't.van', 'n.aria', 'marinschrack', 'btreacy', 'justinwalsh', 'docejo', 'robert.murtha07', 'dyuna.soledade', 'rebeccapoole', 'joel.cruz', 'lyndseylaborde', 'carlosrea', 'sophia.corrales', 'sbmaier', 'yassinlabichi', 'dunleavy.patrick', 'nicholaspech', 'amirn', 'jvanhsy1', 'a01632679', 'robertkaufman1', 'hennashah', 'eric.bodnar', 'chungyanlee', 'brandongarver', 'jsanto22', 'millero', 'glaumchloe', 'bethany.baker', 'brooke.mcguire', 'glorber', 'jweichselbaumer', 'walter.sanchez', 'andrew.montiegel', 'a.santana', 'aidanvega', 'manaschaturvedi', 'stefenlagos', 'morganwilliams', 'vallen', 'rnowak', 'rsanchezcereijo', 'oliviarandell', 'rios.ceduardo', 'exirinach', 'arodriguez30', 'cnapoles', 'plu123', 'shaynedagostino', 'jwoody3', 'rosenblumj', 'frankvigoa', 'connorduffy', 'jeffdemetrio', 'carmennn', 'jwingen', 'nicolas.yanez', 'nlopezmora', 'tmomplaisir', 'a01632196', 'pr4b0w0', 'nguyenk2', 'argstanton', 'jrabosto', 'eanatividad1', 'wkirby1', 'anna.langley', 'gyeomans', 'rlucas1', 'adri.cabezas', 'mwielatz', 'jettsu', 'bgartside', 'hvantassel', 'btanguay', 'kayladunnuck', 'alainagordon', None, 'jacob.cornell', 'lianettpineda', 'thomastc32', 'serranoh', 'matthew.maloney', 'jordanbuisch', 'ashleymitchell', 'gzeus', 'natashapolito', 'jahyagumbs', 'jacksonpartlow', 'diploadrauu', 'rao.mihir', 'mcarreno', 'm.horn', 'walkert1']"
4,174,97,11,8,"['amaldonadomartin', 'gyeomans', 'jeffdemetrio', 'rebeccapoole', 'millero', 'alainagordon', 'm.horn', 'yassinlabichi']",88,"['kssolovyeva', 'a.mahapatra', 'snehalmisra', 'jbrownell321', 'cgettinger', 'cami', 'jpmctavish', 'judyzwz', 't.van', 'n.aria', 'marinschrack', 'btreacy', 'docejo', 'robert.murtha07', 'dyuna.soledade', 'joel.cruz', 'lyndseylaborde', 'carlosrea', 'sophia.corrales', 'sbmaier', 'dunleavy.patrick', 'nicholaspech', 'amirn', 'jvanhsy1', 'a01632679', 'robertkaufman1', 'hennashah', 'eric.bodnar', 'chungyanlee', 'brandongarver', 'jsanto22', 'glaumchloe', 'bethany.baker', 'brooke.mcguire', 'glorber', 'jweichselbaumer', 'walter.sanchez', 'a.santana', 'aidanvega', 'manaschaturvedi', 'stefenlagos', 'morganwilliams', 'vallen', 'rsanchezcereijo', 'oliviarandell', 'rios.ceduardo', 'exirinach', 'arodriguez30', 'cnapoles', 'plu123', 'shaynedagostino', 'jwoody3', 'rosenblumj', 'frankvigoa', 'connorduffy', 'carmennn', 'nicolas.yanez', 'nlopezmora', 'tmomplaisir', 'a01632196', 'pr4b0w0', 'nguyenk2', 'argstanton', 'jrabosto', 'eanatividad1', 'wkirby1', 'anna.langley', 'rlucas1', 'adri.cabezas', 'jettsu', 'bgartside', 'btanguay', 'kayladunnuck', 'jacob.cornell', 'lianettpineda', 'thomastc32', 'serranoh', 'matthew.maloney', 'jordanbuisch', 'ashleymitchell', 'gzeus', 'natashapolito', 'jahyagumbs', 'jacksonpartlow', 'diploadrauu', 'rao.mihir', 'mcarreno', 'walkert1']",3,"['8223freret', None, 'caderylands']",99,"['kssolovyeva', 'amaldonadomartin', 'caderylands', 'a.mahapatra', 'snehalmisra', 'jbrownell321', 'cgettinger', 'cami', 'jpmctavish', 'judyzwz', 't.van', 'n.aria', 'marinschrack', 'btreacy', 'docejo', 'robert.murtha07', 'dyuna.soledade', 'rebeccapoole', 'joel.cruz', 'lyndseylaborde', 'carlosrea', 'sophia.corrales', 'sbmaier', 'yassinlabichi', '8223freret', 'dunleavy.patrick', 'nicholaspech', 'amirn', 'jvanhsy1', 'a01632679', 'robertkaufman1', 'hennashah', 'eric.bodnar', 'chungyanlee', 'brandongarver', 'jsanto22', 'millero', 'glaumchloe', 'bethany.baker', 'brooke.mcguire', 'glorber', 'jweichselbaumer', 'walter.sanchez', 'a.santana', 'aidanvega', 'manaschaturvedi', 'stefenlagos', 'morganwilliams', 'vallen', 'rsanchezcereijo', 'oliviarandell', 'rios.ceduardo', 'exirinach', 'arodriguez30', 'cnapoles', 'plu123', 'shaynedagostino', 'jwoody3', 'rosenblumj', 'frankvigoa', 'connorduffy', 'jeffdemetrio', 'carmennn', 'nicolas.yanez', 'nlopezmora', 'tmomplaisir', 'a01632196', 'pr4b0w0', 'nguyenk2', 'argstanton', 'jrabosto', 'eanatividad1', 'wkirby1', 'anna.langley', 'gyeomans', 'rlucas1', 'adri.cabezas', 'jettsu', 'bgartside', 'btanguay', 'kayladunnuck', 'alainagordon', None, 'jacob.cornell', 'lianettpineda', 'thomastc32', 'serranoh', 'matthew.maloney', 'jordanbuisch', 'ashleymitchell', 'gzeus', 'natashapolito', 'jahyagumbs', 'jacksonpartlow', 'diploadrauu', 'rao.mihir', 'mcarreno', 'm.horn', 'walkert1']"
4,178,97,8,4,"['nguyenk2', 'nicholaspech', 'diploadrauu', 'ashleymitchell']",92,"['kssolovyeva', 'amaldonadomartin', 'a.mahapatra', 'snehalmisra', 'jbrownell321', 'cgettinger', 'cami', 'jpmctavish', 'judyzwz', 't.van', 'n.aria', 'marinschrack', 'btreacy', 'docejo', 'robert.murtha07', 'dyuna.soledade', 'rebeccapoole', 'joel.cruz', 'lyndseylaborde', 'carlosrea', 'sophia.corrales', 'sbmaier', 'yassinlabichi', 'dunleavy.patrick', 'amirn', 'jvanhsy1', 'a01632679', 'robertkaufman1', 'hennashah', 'eric.bodnar', 'chungyanlee', 'brandongarver', 'jsanto22', 'millero', 'glaumchloe', 'bethany.baker', 'brooke.mcguire', 'glorber', 'jweichselbaumer', 'walter.sanchez', 'a.santana', 'aidanvega', 'manaschaturvedi', 'stefenlagos', 'morganwilliams', 'vallen', 'rsanchezcereijo', 'oliviarandell', 'rios.ceduardo', 'exirinach', 'arodriguez30', 'cnapoles', 'plu123', 'shaynedagostino', 'jwoody3', 'rosenblumj', 'frankvigoa', 'connorduffy', 'jeffdemetrio', 'carmennn', 'nicolas.yanez', 'nlopezmora', 'tmomplaisir', 'a01632196', 'pr4b0w0', 'argstanton', 'jrabosto', 'eanatividad1', 'wkirby1', 'anna.langley', 'gyeomans', 'rlucas1', 'adri.cabezas', 'jettsu', 'bgartside', 'btanguay', 'kayladunnuck', 'alainagordon', 'jacob.cornell', 'lianettpineda', 'thomastc32', 'serranoh', 'matthew.maloney', 'jordanbuisch', 'gzeus', 'natashapolito', 'jahyagumbs', 'jacksonpartlow', 'rao.mihir', 'mcarreno', 'm.horn', 'walkert1']",4,"[None, 'j.cardenas', 'johnmallari', 'hvantassel']",100,"['kssolovyeva', 'amaldonadomartin', 'a.mahapatra', 'snehalmisra', 'jbrownell321', 'cgettinger', 'cami', 'jpmctavish', 'judyzwz', 't.van', 'n.aria', 'marinschrack', 'btreacy', 'docejo', 'robert.murtha07', 'dyuna.soledade', 'rebeccapoole', 'joel.cruz', 'lyndseylaborde', 'carlosrea', 'sophia.corrales', 'sbmaier', 'yassinlabichi', 'dunleavy.patrick', 'nicholaspech', 'amirn', 'jvanhsy1', 'a01632679', 'robertkaufman1', 'hennashah', 'eric.bodnar', 'chungyanlee', 'brandongarver', 'jsanto22', 'millero', 'glaumchloe', 'bethany.baker', 'brooke.mcguire', 'glorber', 'jweichselbaumer', 'johnmallari', 'walter.sanchez', 'a.santana', 'aidanvega', 'manaschaturvedi', 'stefenlagos', 'morganwilliams', 'vallen', 'rsanchezcereijo', 'oliviarandell', 'rios.ceduardo', 'exirinach', 'arodriguez30', 'cnapoles', 'plu123', 'shaynedagostino', 'jwoody3', 'rosenblumj', 'frankvigoa', 'connorduffy', 'jeffdemetrio', 'carmennn', 'nicolas.yanez', 'nlopezmora', 'tmomplaisir', 'a01632196', 'pr4b0w0', 'nguyenk2', 'argstanton', 'jrabosto', 'eanatividad1', 'wkirby1', 'anna.langley', 'gyeomans', 'rlucas1', 'adri.cabezas', 'jettsu', 'bgartside', 'j.cardenas', 'hvantassel', 'btanguay', 'kayladunnuck', 'alainagordon', None, 'jacob.cornell', 'lianettpineda', 'thomastc32', 'serranoh', 'matthew.maloney', 'jordanbuisch', 'ashleymitchell', 'gzeus', 'natashapolito', 'jahyagumbs', 'jacksonpartlow', 'diploadrauu', 'rao.mihir', 'mcarreno', 'm.horn', 'walkert1']"
4,175,97,7,5,"['kssolovyeva', 'jwoody3', 'jvanhsy1', 'jsanto22', 'chungyanlee']",91,"['amaldonadomartin', 'a.mahapatra', 'snehalmisra', 'jbrownell321', 'cgettinger', 'cami', 'jpmctavish', 'judyzwz', 't.van', 'n.aria', 'marinschrack', 'btreacy', 'docejo', 'robert.murtha07', 'dyuna.soledade', 'rebeccapoole', 'joel.cruz', 'lyndseylaborde', 'carlosrea', 'sophia.corrales', 'sbmaier', 'yassinlabichi', 'dunleavy.patrick', 'nicholaspech', 'amirn', 'a01632679', 'robertkaufman1', 'hennashah', 'eric.bodnar', 'brandongarver', 'millero', 'glaumchloe', 'bethany.baker', 'brooke.mcguire', 'glorber', 'jweichselbaumer', 'walter.sanchez', 'a.santana', 'aidanvega', 'manaschaturvedi', 'stefenlagos', 'morganwilliams', 'vallen', 'rsanchezcereijo', 'oliviarandell', 'rios.ceduardo', 'exirinach', 'arodriguez30', 'cnapoles', 'plu123', 'shaynedagostino', 'rosenblumj', 'frankvigoa', 'connorduffy', 'jeffdemetrio', 'carmennn', 'nicolas.yanez', 'nlopezmora', 'tmomplaisir', 'a01632196', 'pr4b0w0', 'nguyenk2', 'argstanton', 'jrabosto', 'eanatividad1', 'wkirby1', 'anna.langley', 'gyeomans', 'rlucas1', 'adri.cabezas', 'jettsu', 'bgartside', 'btanguay', 'kayladunnuck', 'alainagordon', 'jacob.cornell', 'lianettpineda', 'thomastc32', 'serranoh', 'matthew.maloney', 'jordanbuisch', 'ashleymitchell', 'gzeus', 'natashapolito', 'jahyagumbs', 'jacksonpartlow', 'diploadrauu', 'rao.mihir', 'mcarreno', 'm.horn', 'walkert1']",2,"[None, 'rlibros']",98,"['kssolovyeva', 'amaldonadomartin', 'a.mahapatra', 'snehalmisra', 'jbrownell321', 'cgettinger', 'cami', 'jpmctavish', 'judyzwz', 't.van', 'n.aria', 'marinschrack', 'btreacy', 'docejo', 'robert.murtha07', 'dyuna.soledade', 'rebeccapoole', 'joel.cruz', 'lyndseylaborde', 'carlosrea', 'sophia.corrales', 'sbmaier', 'yassinlabichi', 'dunleavy.patrick', 'nicholaspech', 'amirn', 'jvanhsy1', 'a01632679', 'robertkaufman1', 'hennashah', 'eric.bodnar', 'chungyanlee', 'brandongarver', 'jsanto22', 'millero', 'glaumchloe', 'bethany.baker', 'brooke.mcguire', 'glorber', 'jweichselbaumer', 'walter.sanchez', 'a.santana', 'aidanvega', 'manaschaturvedi', 'stefenlagos', 'morganwilliams', 'vallen', 'rsanchezcereijo', 'oliviarandell', 'rios.ceduardo', 'exirinach', 'arodriguez30', 'cnapoles', 'plu123', 'shaynedagostino', 'jwoody3', 'rosenblumj', 'frankvigoa', 'connorduffy', 'jeffdemetrio', 'carmennn', 'nicolas.yanez', 'nlopezmora', 'tmomplaisir', 'a01632196', 'pr4b0w0', 'nguyenk2', 'argstanton', 'jrabosto', 'eanatividad1', 'wkirby1', 'anna.langley', 'gyeomans', 'rlucas1', 'adri.cabezas', 'jettsu', 'bgartside', 'btanguay', 'kayladunnuck', 'alainagordon', None, 'jacob.cornell', 'rlibros', 'lianettpineda', 'thomastc32', 'serranoh', 'matthew.maloney', 'jordanbuisch', 'ashleymitchell', 'gzeus', 'natashapolito', 'jahyagumbs', 'jacksonpartlow', 'diploadrauu', 'rao.mihir', 'mcarreno', 'm.horn', 'walkert1']"
4,177,97,7,3,"['lianettpineda', 'btanguay', 'eric.bodnar']",93,"['kssolovyeva', 'amaldonadomartin', 'a.mahapatra', 'snehalmisra', 'jbrownell321', 'cgettinger', 'cami', 'jpmctavish', 'judyzwz', 't.van', 'n.aria', 'marinschrack', 'btreacy', 'docejo', 'robert.murtha07', 'dyuna.soledade', 'rebeccapoole', 'joel.cruz', 'lyndseylaborde', 'carlosrea', 'sophia.corrales', 'sbmaier', 'yassinlabichi', 'dunleavy.patrick', 'nicholaspech', 'amirn', 'jvanhsy1', 'a01632679', 'robertkaufman1', 'hennashah', 'chungyanlee', 'brandongarver', 'jsanto22', 'millero', 'glaumchloe', 'bethany.baker', 'brooke.mcguire', 'glorber', 'jweichselbaumer', 'walter.sanchez', 'a.santana', 'aidanvega', 'manaschaturvedi', 'stefenlagos', 'morganwilliams', 'vallen', 'rsanchezcereijo', 'oliviarandell', 'rios.ceduardo', 'exirinach', 'arodriguez30', 'cnapoles', 'plu123', 'shaynedagostino', 'jwoody3', 'rosenblumj', 'frankvigoa', 'connorduffy', 'jeffdemetrio', 'carmennn', 'nicolas.yanez', 'nlopezmora', 'tmomplaisir', 'a01632196', 'pr4b0w0', 'nguyenk2', 'argstanton', 'jrabosto', 'eanatividad1', 'wkirby1', 'anna.langley', 'gyeomans', 'rlucas1', 'adri.cabezas', 'jettsu', 'bgartside', 'kayladunnuck', 'alainagordon', 'jacob.cornell', 'thomastc32', 'serranoh', 'matthew.maloney', 'jordanbuisch', 'ashleymitchell', 'gzeus', 'natashapolito', 'jahyagumbs', 'jacksonpartlow', 'diploadrauu', 'rao.mihir', 'mcarreno', 'm.horn', 'walkert1']",4,"['lnava', None, 'haquem', 'carson.mcneely']",100,"['kssolovyeva', 'amaldonadomartin', 'a.mahapatra', 'snehalmisra', 'jbrownell321', 'cgettinger', 'cami', 'jpmctavish', 'judyzwz', 't.van', 'n.aria', 'marinschrack', 'btreacy', 'docejo', 'robert.murtha07', 'dyuna.soledade', 'rebeccapoole', 'joel.cruz', 'lyndseylaborde', 'carlosrea', 'sophia.corrales', 'sbmaier', 'yassinlabichi', 'dunleavy.patrick', 'nicholaspech', 'amirn', 'jvanhsy1', 'a01632679', 'robertkaufman1', 'hennashah', 'eric.bodnar', 'chungyanlee', 'brandongarver', 'jsanto22', 'millero', 'glaumchloe', 'bethany.baker', 'brooke.mcguire', 'glorber', 'jweichselbaumer', 'walter.sanchez', 'a.santana', 'aidanvega', 'manaschaturvedi', 'haquem', 'carson.mcneely', 'stefenlagos', 'morganwilliams', 'vallen', 'rsanchezcereijo', 'oliviarandell', 'rios.ceduardo', 'exirinach', 'arodriguez30', 'cnapoles', 'plu123', 'shaynedagostino', 'jwoody3', 'rosenblumj', 'frankvigoa', 'connorduffy', 'jeffdemetrio', 'carmennn', 'nicolas.yanez', 'nlopezmora', 'tmomplaisir', 'a01632196', 'pr4b0w0', 'nguyenk2', 'lnava', 'argstanton', 'jrabosto', 'eanatividad1', 'wkirby1', 'anna.langley', 'gyeomans', 'rlucas1', 'adri.cabezas', 'jettsu', 'bgartside', 'btanguay', 'kayladunnuck', 'alainagordon', None, 'jacob.cornell', 'lianettpineda', 'thomastc32', 'serranoh', 'matthew.maloney', 'jordanbuisch', 'ashleymitchell', 'gzeus', 'natashapolito', 'jahyagumbs', 'jacksonpartlow', 'diploadrauu', 'rao.mihir', 'mcarreno', 'm.horn', 'walkert1']"
4,179,97,7,1,['wkirby1'],95,"['kssolovyeva', 'amaldonadomartin', 'a.mahapatra', 'snehalmisra', 'jbrownell321', 'cgettinger', 'cami', 'jpmctavish', 'judyzwz', 't.van', 'n.aria', 'marinschrack', 'btreacy', 'docejo', 'robert.murtha07', 'dyuna.soledade', 'rebeccapoole', 'joel.cruz', 'lyndseylaborde', 'carlosrea', 'sophia.corrales', 'sbmaier', 'yassinlabichi', 'dunleavy.patrick', 'nicholaspech', 'amirn', 'jvanhsy1', 'a01632679', 'robertkaufman1', 'hennashah', 'eric.bodnar', 'chungyanlee', 'brandongarver', 'jsanto22', 'millero', 'glaumchloe', 'bethany.baker', 'brooke.mcguire', 'glorber', 'jweichselbaumer', 'walter.sanchez', 'a.santana', 'aidanvega', 'manaschaturvedi', 'stefenlagos', 'morganwilliams', 'vallen', 'rsanchezcereijo', 'oliviarandell', 'rios.ceduardo', 'exirinach', 'arodriguez30', 'cnapoles', 'plu123', 'shaynedagostino', 'jwoody3', 'rosenblumj', 'frankvigoa', 'connorduffy', 'jeffdemetrio', 'carmennn', 'nicolas.yanez', 'nlopezmora', 'tmomplaisir', 'a01632196', 'pr4b0w0', 'nguyenk2', 'argstanton', 'jrabosto', 'eanatividad1', 'anna.langley', 'gyeomans', 'rlucas1', 'adri.cabezas', 'jettsu', 'bgartside', 'btanguay', 'kayladunnuck', 'alainagordon', 'jacob.cornell', 'lianettpineda', 'thomastc32', 'serranoh', 'matthew.maloney', 'jordanbuisch', 'ashleymitchell', 'gzeus', 'natashapolito', 'jahyagumbs', 'jacksonpartlow', 'diploadrauu', 'rao.mihir', 'mcarreno', 'm.horn', 'walkert1']",6,"['ehecht', 'mariecrosby', 'dwasko', 'nowen1', None, 'molinay']",102,"['kssolovyeva', 'amaldonadomartin', 'a.mahapatra', 'snehalmisra', 'jbrownell321', 'cgettinger', 'cami', 'jpmctavish', 'judyzwz', 't.van', 'n.aria', 'molinay', 'mariecrosby', 'marinschrack', 'btreacy', 'docejo', 'robert.murtha07', 'dyuna.soledade', 'rebeccapoole', 'joel.cruz', 'lyndseylaborde', 'carlosrea', 'sophia.corrales', 'sbmaier', 'yassinlabichi', 'dunleavy.patrick', 'nicholaspech', 'amirn', 'jvanhsy1', 'a01632679', 'robertkaufman1', 'hennashah', 'eric.bodnar', 'chungyanlee', 'brandongarver', 'jsanto22', 'millero', 'glaumchloe', 'bethany.baker', 'brooke.mcguire', 'glorber', 'jweichselbaumer', 'walter.sanchez', 'a.santana', 'aidanvega', 'manaschaturvedi', 'stefenlagos', 'ehecht', 'morganwilliams', 'vallen', 'rsanchezcereijo', 'oliviarandell', 'rios.ceduardo', 'exirinach', 'arodriguez30', 'cnapoles', 'plu123', 'shaynedagostino', 'jwoody3', 'rosenblumj', 'frankvigoa', 'connorduffy', 'jeffdemetrio', 'carmennn', 'nicolas.yanez', 'nlopezmora', 'tmomplaisir', 'a01632196', 'pr4b0w0', 'nguyenk2', 'argstanton', 'jrabosto', 'eanatividad1', 'wkirby1', 'anna.langley', 'gyeomans', 'dwasko', 'rlucas1', 'adri.cabezas', 'nowen1', 'jettsu', 'bgartside', 'btanguay', 'kayladunnuck', 'alainagordon', None, 'jacob.cornell', 'lianettpineda', 'thomastc32', 'serranoh', 'matthew.maloney', 'jordanbuisch', 'ashleymitchell', 'gzeus', 'natashapolito', 'jahyagumbs', 'jacksonpartlow', 'diploadrauu', 'rao.mihir', 'mcarreno', 'm.horn', 'walkert1']"
5,465,97,283,78,"['ulusoy2006', 'rylandkate', 'halilibrahimtiken', 's16c045b', 'mtakcali', 'alexander.lee', 'syoonhan', 'emreyilmazel1996', 'd093641', 'maria.irausquin', 'ervndgn59', 'kellen.wise', 'pkj71794g', 'theurgeboat', 'caseyamick', 'magnoliajasper', 'cartermchris1', 'rakaiit', 'berrospidavid7', 'sbentz', 'tg2016', 'stiml1144', 'daddysexual', 'ege.ert7', 'grantmorris656', 'mrgiraffe', 'jaycwilson23', 'panellink1', 'murattdo', 'testeremre70', 'burnett.william', 'dolaydemirel', 'npatta.1986', 'burak9836', 'chastintruelove', 'pspiotrowicz1', 'andrew217usmc', 'hlong262', 'retrewtewrt', 'jbonez411', 'philippeblaise', 'madisonmiller', 'mollykole', 'cancetinkaya1201', 'trivellin', 'heatherleaf', 'thomasspradley', 'oktayhalitekinay', 'sebrobarts', 'wdeaweqwdas', 'clizarazo', 'drogalski', 'elel30182', 'ge.6cg7', 'davidr27', 'aaroncoonu', 'asdksnfksfkmd', 'ol_ac', 'danielclapp99', 'lobsterben13', 'aldanafloyd', 'mstff.1clkk', 'd33r00', 'matthew.jones98', 'johnganiban', 'yorkiiii', 'annikadasher', 'sd226', 'cheeseybacon', 'jason.earl', 'ashishchr', 'jeption2025', 'arif.ozkan5806', 'johndoe2341341243', 'mrtmert98', 'anshshah2011', 'lerner', 'i.lutticken']",18,"['flzkdndr', 'ozcanguclu', 'u1109841', 'omertrbzn6197', 'rockerheadgamer', 'halilalp', 'mmozcan4', 'kadandirf', 'sgnmsrmsk', 'yusufsabahoglu05', 'bagasannin', 'avera', 'oknky', 'burakalperen87', 'asdadsa', 'edakartari', 'efe.bstrk', 'taol190799']",205,"['arianebarreto', 'zse0147', 'gazerlo', 'jef325', 'huseyinu', 'fafrin2', 'reuben90', 'chrixang18', 'plaggeme', 'a194117', 'jhahn95', 'olivier35', 'mangabera10', 'newele', 'ncm0007', 'felipemachado', 'jrobinson5', 'amrita_lovelace', 'haren22', 'mariapl200896', 'thboth', 'jsanmartin1', 'r207733', 'paezjuanagustin47', 'ogandocortes', 'jequito', 'psuzhouy', 'cninja99', '8223freret', 'enhjinhanabi', 'ogu0001', 'martinotero', 'jschewinsky', 'cdutreil', 'wingitalways', 'julianyordano', 'terje', 'gabriel.pzanoni', 'guillermo99', 'martin.mg98.10', 'kodurur', 'wys142', 'v257028', 'u1089358', 'lenoirr', 'l201843', 'briann', 'ainhoaab', 'sabe425', 'kyenyarkolemuel', 'pmcnutt2', 'aingles', 'rossop', 'dongmingli', 'vincentdoucet22', 'octoman1080x', 'f215766', 'choudh23', 'lkipfer', 'lpentzke', 'sungjooncho', 'roiaso', 'emani', 'krusso448', 'spazos7', 'xiaoyuzhang', 'lctasende3', 'cibranlpz', 'm241617', 'rosadourada9', 'liqizhou', 'anapv177', 'omarloay99', 'c195673', 'justiejoseph', 'kst48', 'tomasx', 'joejfranzo', 'sqlim94', 'phhuang', 'yesimcakmakc', 'asif0047', 'fpincock', 'hcha71', 'garciacarrillojudith', 'u0916393', 'sholliday643', 'eschruba', 'charles.dambra', 'jako91', 'ee17resch11016', 'nfranzoni', 'jake.m.hall876', 'anxooo', 'lokesht123', 'sabolton', 'aravindh', 'maxguipil', 'mrbunnyman', 'also0714', 'kmerino', 'man6787', 'rajsingh', 'u6007941', 'moshelem', 'santosalexis1817', 'semmi.spado00', 'nickm', 'mmei', 'kianamon', 'borja.bayon', 'costasdiego97', 'julianawallgren', 'tserenkhand', 'leeluanling123', 'miguelcb', 'ethan.caballero', 'jack522577', 'maxiasensio', 'hjlim9612', 'elena.gnani', 'mos_noob', 'josemanuel3', 'vritota', 'tudimubunmi', 'hj980217', 'jimenezph', 'bmirzapouebe', 't224622', 'fredysanchez2', 'jsathanand', 'u1250344', 'yyerim', 'dicef', 'raul292', 'smontero', 'cacuy', 'abaringer', 'marcantoineduval', 'ts992', 'jdgerling', 'baqer', 'fedele.penna', 'aaronrivasterron', 'ronitronit119', 'cbandel', 'evakolmel', 'k.hildenbrand', 'blane', 'kayleneechong', 'sandip83', 'durgaprasadkhatri2011', 'zepfan026', 'j176601', 'saradiazr', 'fatanehjenabi', 'lorenzoholguin12', 'ana23', 'mahnoor.syed29', 'amandabrum', 'nguyendaniel', 'santox2000', 'poorar21', 'eminasuljic', 'hjp44', 'cameronframpton', 'j218711', 'hrhlauraa', 'kaiseale', 'anujgarg939', 'alirose12', 'cactusnoh', 'lewisgf20', 'nicoladegiuseppe19', 'sungjoon.cho97', 'nsh0004', 'andresaraiva', 'arno.yu610168', 'fabio.aragao.santos', 'kaynegalie', 's16c028b', 'deguirejasmin', 'xiaokaizhong99', 'nbhat0792', 'nanobeam', 'm203442', 'jeus63', 'alexdallee17', 'nmorgan1', 'nuriamjusc', 'sarah.youssef', 'rynk.john', 'olga.casals', 'mtynski', 'joshuabush', 'iuri', 'ftah', 'longstreetjacob', 'avivlavan', 'sebasmarquez90', 'susannareggiani', 'uuganbayaro', 'pw8', 'hamastahir19', 'damianonetto']",301,"['flzkdndr', 'ulusoy2006', 'huseyinu', 'fafrin2', 'reuben90', 'mtakcali', 'alexander.lee', 'jhahn95', 'olivier35', 'ncm0007', 'syoonhan', 'amrita_lovelace', 'haren22', 'mariapl200896', 'thboth', 'jsanmartin1', 'ervndgn59', 'pkj71794g', 'theurgeboat', 'r207733', 'paezjuanagustin47', 'ogandocortes', 'jequito', 'cninja99', 'psuzhouy', 'enhjinhanabi', 'ogu0001', 'martinotero', 'sbentz', 'julianyordano', 'terje', 'gabriel.pzanoni', 'guillermo99', 'martin.mg98.10', 'daddysexual', 'ege.ert7', 'grantmorris656', 'v257028', 'wys142', 'u1089358', 'lenoirr', 'jaycwilson23', 'ainhoaab', 'sabe425', 'murattdo', 'kyenyarkolemuel', 'vincentdoucet22', 'octoman1080x', 'dongmingli', 'f215766', 'lkipfer', 'burnett.william', 'lpentzke', 'dolaydemirel', 'roiaso', 'emani', 'npatta.1986', 'lctasende3', 'ozcanguclu', 'omarloay99', 'tomasx', 'pspiotrowicz1', 'andrew217usmc', 'hcha71', 'garciacarrillojudith', 'u0916393', 'sholliday643', 'eschruba', 'charles.dambra', 'jake.m.hall876', 'philippeblaise', 'anxooo', 'lokesht123', 'sabolton', 'aravindh', 'mrbunnyman', 'also0714', 'bagasannin', 'mollykole', 'man6787', 'asdadsa', 'halilalp', 'moshelem', 'santosalexis1817', 'semmi.spado00', 'mmei', 'kianamon', 'thomasspradley', 'borja.bayon', 'costasdiego97', 'efe.bstrk', 'taol190799', 'julianawallgren', 'u1109841', 'leeluanling123', 'miguelcb', 'kadandirf', 'sebrobarts', 'hjlim9612', 'wdeaweqwdas', 'josemanuel3', 'vritota', 'tudimubunmi', 'jimenezph', 'jsathanand', 'u1250344', 'yyerim', 'dicef', 'raul292', 'smontero', 'ts992', 'jdgerling', 'baqer', 'davidr27', 'evakolmel', 'blane', 'kayleneechong', 'sandip83', 'danielclapp99', 'durgaprasadkhatri2011', 'lobsterben13', 'saradiazr', 'lorenzoholguin12', 'ana23', 'aldanafloyd', 'mstff.1clkk', 'mahnoor.syed29', 'amandabrum', 'nguyendaniel', 'santox2000', 'matthew.jones98', 'poorar21', 'eminasuljic', 'hjp44', 'annikadasher', 'kaiseale', 'anujgarg939', 'cactusnoh', 'avera', 'nicoladegiuseppe19', 'sungjoon.cho97', 'nsh0004', 's16c028b', 'sd226', 'deguirejasmin', 'nanobeam', 'm203442', 'jeus63', 'yusufsabahoglu05', 'sarah.youssef', 'olga.casals', 'joshuabush', 'arif.ozkan5806', 'johndoe2341341243', 'mrtmert98', 'sgnmsrmsk', 'pw8', 'i.lutticken', 'arianebarreto', 'zse0147', 'gazerlo', 'rylandkate', 'jef325', 'chrixang18', 'halilibrahimtiken', 's16c045b', 'plaggeme', 'a194117', 'newele', 'mangabera10', 'jrobinson5', 'felipemachado', 'emreyilmazel1996', 'd093641', 'maria.irausquin', 'kellen.wise', 'caseyamick', 'magnoliajasper', '8223freret', 'cartermchris1', 'mmozcan4', 'rakaiit', 'berrospidavid7', 'jschewinsky', 'cdutreil', 'wingitalways', 'tg2016', 'stiml1144', 'oknky', 'kodurur', 'l201843', 'mrgiraffe', 'panellink1', 'briann', 'aingles', 'edakartari', 'rossop', 'pmcnutt2', 'choudh23', 'testeremre70', 'sungjooncho', 'krusso448', 'spazos7', 'xiaoyuzhang', 'burak9836', 'cibranlpz', 'm241617', 'rosadourada9', 'liqizhou', 'anapv177', 'chastintruelove', 'c195673', 'justiejoseph', 'kst48', 'joejfranzo', 'sqlim94', 'phhuang', 'yesimcakmakc', 'asif0047', 'fpincock', 'hlong262', 'retrewtewrt', 'jako91', 'jbonez411', 'ee17resch11016', 'nfranzoni', 'maxguipil', 'madisonmiller', 'burakalperen87', 'kmerino', 'cancetinkaya1201', 'rajsingh', 'u6007941', 'trivellin', 'heatherleaf', 'nickm', 'tserenkhand', 'ethan.caballero', 'jack522577', 'oktayhalitekinay', 'maxiasensio', 'elena.gnani', 'mos_noob', 'hj980217', 'bmirzapouebe', 't224622', 'fredysanchez2', 'clizarazo', 'drogalski', 'elel30182', 'cacuy', 'abaringer', 'marcantoineduval', 'ge.6cg7', 'fedele.penna', 'aaronrivasterron', 'ronitronit119', 'cbandel', 'aaroncoonu', 'asdksnfksfkmd', 'k.hildenbrand', 'ol_ac', 'zepfan026', 'j176601', 'fatanehjenabi', 'd33r00', 'johnganiban', 'omertrbzn6197', 'yorkiiii', 'cameronframpton', 'j218711', 'hrhlauraa', 'alirose12', 'lewisgf20', 'andresaraiva', 'arno.yu610168', 'fabio.aragao.santos', 'kaynegalie', 'xiaokaizhong99', 'cheeseybacon', 'nbhat0792', 'jason.earl', 'alexdallee17', 'ashishchr', 'nmorgan1', 'nuriamjusc', 'rynk.john', 'jeption2025', 'mtynski', 'iuri', 'rockerheadgamer', 'ftah', 'longstreetjacob', 'avivlavan', 'anshshah2011', 'sebasmarquez90', 'lerner', 'susannareggiani', 'uuganbayaro', 'hamastahir19', 'damianonetto']"
5,472,97,32,9,"['testeremre70', 'ozcanguclu', 'omertrbzn6197', 'flzkdndr', 'kadandirf', 'oktayhalitekinay', 'oknky', 'asdadsa', 'edakartari']",87,"['ulusoy2006', 'rylandkate', 'halilibrahimtiken', 's16c045b', 'mtakcali', 'alexander.lee', 'syoonhan', 'emreyilmazel1996', 'd093641', 'maria.irausquin', 'ervndgn59', 'kellen.wise', 'pkj71794g', 'theurgeboat', 'caseyamick', 'magnoliajasper', 'cartermchris1', 'mmozcan4', 'rakaiit', 'berrospidavid7', 'sbentz', 'tg2016', 'stiml1144', 'daddysexual', 'ege.ert7', 'grantmorris656', 'mrgiraffe', 'jaycwilson23', 'panellink1', 'murattdo', 'burnett.william', 'dolaydemirel', 'npatta.1986', 'burak9836', 'chastintruelove', 'pspiotrowicz1', 'andrew217usmc', 'hlong262', 'retrewtewrt', 'jbonez411', 'philippeblaise', 'madisonmiller', 'bagasannin', 'mollykole', 'burakalperen87', 'cancetinkaya1201', 'trivellin', 'halilalp', 'heatherleaf', 'thomasspradley', 'efe.bstrk', 'taol190799', 'u1109841', 'sebrobarts', 'wdeaweqwdas', 'clizarazo', 'drogalski', 'elel30182', 'ge.6cg7', 'davidr27', 'aaroncoonu', 'asdksnfksfkmd', 'ol_ac', 'danielclapp99', 'lobsterben13', 'aldanafloyd', 'mstff.1clkk', 'd33r00', 'matthew.jones98', 'johnganiban', 'yorkiiii', 'annikadasher', 'avera', 'sd226', 'cheeseybacon', 'jason.earl', 'yusufsabahoglu05', 'ashishchr', 'jeption2025', 'rockerheadgamer', 'arif.ozkan5806', 'johndoe2341341243', 'mrtmert98', 'anshshah2011', 'sgnmsrmsk', 'lerner', 'i.lutticken']",23,"['seher', 'abdullahcamoglu675', 'aliikazankaya', 'stsaw97', 'karaaslanmustafa4534', 'sonerkar', 'ekim.coskun19', 'ekicifatih0', 'yusufacoskun', 'goknur.derinoz', 'aslanersin32', 'tugbakoyuncu99', 'altugyaylaci', 'tahademiryol85', 'serdememen', '1967hamzausta', 'haticeterzibali', 'alikanadli7', None, 'ozumkocaman9', 'mertkaggle', 'berksaldr', 'murat.kolcu.1926']",119,"['flzkdndr', 'ulusoy2006', 'abdullahcamoglu675', 'trivellin', 'halilalp', 'rylandkate', 'stsaw97', 'halilibrahimtiken', 's16c045b', 'karaaslanmustafa4534', 'mtakcali', 'heatherleaf', 'alexander.lee', 'sonerkar', 'ekim.coskun19', 'thomasspradley', 'syoonhan', 'efe.bstrk', 'taol190799', 'emreyilmazel1996', 'u1109841', 'd093641', 'maria.irausquin', 'yusufacoskun', 'goknur.derinoz', 'kadandirf', 'oktayhalitekinay', 'sebrobarts', 'ervndgn59', 'kellen.wise', 'wdeaweqwdas', 'tugbakoyuncu99', 'pkj71794g', 'theurgeboat', 'caseyamick', 'magnoliajasper', 'cartermchris1', 'tahademiryol85', 'mmozcan4', 'rakaiit', 'clizarazo', 'berrospidavid7', 'serdememen', 'sbentz', 'drogalski', 'tg2016', 'stiml1144', 'oknky', 'elel30182', '1967hamzausta', 'alikanadli7', 'daddysexual', 'ege.ert7', 'ge.6cg7', 'ozumkocaman9', 'grantmorris656', 'davidr27', 'mrgiraffe', 'jaycwilson23', 'panellink1', 'aaroncoonu', 'asdksnfksfkmd', 'ol_ac', 'mertkaggle', 'murattdo', 'berksaldr', 'danielclapp99', 'edakartari', 'murat.kolcu.1926', 'lobsterben13', 'testeremre70', 'burnett.william', 'seher', 'dolaydemirel', 'aliikazankaya', 'aldanafloyd', 'mstff.1clkk', 'd33r00', 'matthew.jones98', 'npatta.1986', 'burak9836', 'johnganiban', 'ekicifatih0', 'ozcanguclu', 'omertrbzn6197', 'yorkiiii', 'chastintruelove', 'pspiotrowicz1', 'annikadasher', 'aslanersin32', 'avera', 'andrew217usmc', 'sd226', 'cheeseybacon', 'altugyaylaci', 'jason.earl', 'hlong262', 'retrewtewrt', 'yusufsabahoglu05', 'ashishchr', 'jbonez411', 'haticeterzibali', None, 'jeption2025', 'philippeblaise', 'rockerheadgamer', 'arif.ozkan5806', 'johndoe2341341243', 'mrtmert98', 'anshshah2011', 'madisonmiller', 'sgnmsrmsk', 'bagasannin', 'lerner', 'mollykole', 'burakalperen87', 'asdadsa', 'cancetinkaya1201', 'i.lutticken']"
5,437,97,22,12,"['burnett.william', 'maria.irausquin', 'rylandkate', 'clizarazo', 'd33r00', 'madisonmiller', 'matthew.jones98', 'mollykole', 'alexander.lee', 'thomasspradley', 'johnganiban', 'i.lutticken']",84,"['flzkdndr', 'ulusoy2006', 'trivellin', 'halilalp', 'halilibrahimtiken', 's16c045b', 'mtakcali', 'heatherleaf', 'syoonhan', 'efe.bstrk', 'taol190799', 'emreyilmazel1996', 'u1109841', 'd093641', 'kadandirf', 'oktayhalitekinay', 'sebrobarts', 'ervndgn59', 'kellen.wise', 'wdeaweqwdas', 'pkj71794g', 'theurgeboat', 'caseyamick', 'magnoliajasper', 'cartermchris1', 'mmozcan4', 'rakaiit', 'berrospidavid7', 'sbentz', 'drogalski', 'tg2016', 'stiml1144', 'oknky', 'elel30182', 'daddysexual', 'ege.ert7', 'ge.6cg7', 'grantmorris656', 'davidr27', 'mrgiraffe', 'jaycwilson23', 'panellink1', 'aaroncoonu', 'asdksnfksfkmd', 'ol_ac', 'murattdo', 'danielclapp99', 'edakartari', 'lobsterben13', 'testeremre70', 'dolaydemirel', 'aldanafloyd', 'mstff.1clkk', 'npatta.1986', 'burak9836', 'ozcanguclu', 'omertrbzn6197', 'yorkiiii', 'chastintruelove', 'pspiotrowicz1', 'annikadasher', 'avera', 'andrew217usmc', 'sd226', 'cheeseybacon', 'jason.earl', 'hlong262', 'retrewtewrt', 'yusufsabahoglu05', 'ashishchr', 'jbonez411', 'jeption2025', 'philippeblaise', 'rockerheadgamer', 'arif.ozkan5806', 'johndoe2341341243', 'mrtmert98', 'anshshah2011', 'sgnmsrmsk', 'bagasannin', 'lerner', 'burakalperen87', 'asdadsa', 'cancetinkaya1201']",10,"['liqizhou', 'sholliday643', 'charles.dambra', 'wingitalways', 'jsanmartin1', 'alexdallee17', 'nguyendaniel', 'nickm', 'rynk.john', None]",106,"['flzkdndr', 'ulusoy2006', 'trivellin', 'halilalp', 'rylandkate', 'halilibrahimtiken', 's16c045b', 'mtakcali', 'heatherleaf', 'nickm', 'alexander.lee', 'thomasspradley', 'syoonhan', 'efe.bstrk', 'taol190799', 'emreyilmazel1996', 'u1109841', 'd093641', 'maria.irausquin', 'kadandirf', 'oktayhalitekinay', 'jsanmartin1', 'sebrobarts', 'ervndgn59', 'kellen.wise', 'wdeaweqwdas', 'pkj71794g', 'theurgeboat', 'caseyamick', 'magnoliajasper', 'cartermchris1', 'mmozcan4', 'rakaiit', 'clizarazo', 'berrospidavid7', 'wingitalways', 'sbentz', 'drogalski', 'tg2016', 'stiml1144', 'oknky', 'elel30182', 'daddysexual', 'ege.ert7', 'ge.6cg7', 'grantmorris656', 'davidr27', 'mrgiraffe', 'jaycwilson23', 'panellink1', 'aaroncoonu', 'asdksnfksfkmd', 'ol_ac', 'murattdo', 'danielclapp99', 'edakartari', 'lobsterben13', 'testeremre70', 'burnett.william', 'dolaydemirel', 'aldanafloyd', 'mstff.1clkk', 'd33r00', 'nguyendaniel', 'matthew.jones98', 'npatta.1986', 'burak9836', 'johnganiban', 'liqizhou', 'ozcanguclu', 'omertrbzn6197', 'yorkiiii', 'chastintruelove', 'pspiotrowicz1', 'annikadasher', 'avera', 'andrew217usmc', 'sd226', 'cheeseybacon', 'jason.earl', 'hlong262', 'retrewtewrt', 'sholliday643', 'charles.dambra', 'alexdallee17', 'yusufsabahoglu05', 'ashishchr', 'jbonez411', 'rynk.john', None, 'jeption2025', 'philippeblaise', 'rockerheadgamer', 'arif.ozkan5806', 'johndoe2341341243', 'mrtmert98', 'anshshah2011', 'madisonmiller', 'sgnmsrmsk', 'bagasannin', 'lerner', 'mollykole', 'burakalperen87', 'asdadsa', 'cancetinkaya1201', 'i.lutticken']"
5,478,97,21,2,"['yorkiiii', 'u1109841']",94,"['flzkdndr', 'ulusoy2006', 'trivellin', 'halilalp', 'rylandkate', 'halilibrahimtiken', 's16c045b', 'mtakcali', 'heatherleaf', 'alexander.lee', 'thomasspradley', 'syoonhan', 'efe.bstrk', 'taol190799', 'emreyilmazel1996', 'd093641', 'maria.irausquin', 'kadandirf', 'oktayhalitekinay', 'sebrobarts', 'ervndgn59', 'kellen.wise', 'wdeaweqwdas', 'pkj71794g', 'theurgeboat', 'caseyamick', 'magnoliajasper', 'cartermchris1', 'mmozcan4', 'rakaiit', 'clizarazo', 'berrospidavid7', 'sbentz', 'drogalski', 'tg2016', 'stiml1144', 'oknky', 'elel30182', 'daddysexual', 'ege.ert7', 'ge.6cg7', 'grantmorris656', 'davidr27', 'mrgiraffe', 'jaycwilson23', 'panellink1', 'aaroncoonu', 'asdksnfksfkmd', 'ol_ac', 'murattdo', 'danielclapp99', 'edakartari', 'lobsterben13', 'testeremre70', 'burnett.william', 'dolaydemirel', 'aldanafloyd', 'mstff.1clkk', 'd33r00', 'matthew.jones98', 'npatta.1986', 'burak9836', 'johnganiban', 'ozcanguclu', 'omertrbzn6197', 'chastintruelove', 'pspiotrowicz1', 'annikadasher', 'avera', 'andrew217usmc', 'sd226', 'cheeseybacon', 'jason.earl', 'hlong262', 'retrewtewrt', 'yusufsabahoglu05', 'ashishchr', 'jbonez411', 'jeption2025', 'philippeblaise', 'rockerheadgamer', 'arif.ozkan5806', 'johndoe2341341243', 'mrtmert98', 'anshshah2011', 'madisonmiller', 'sgnmsrmsk', 'bagasannin', 'lerner', 'mollykole', 'burakalperen87', 'asdadsa', 'cancetinkaya1201', 'i.lutticken']",19,"['paulbrown', 'u0582779', 'jac3888', 'u1099799', 'u1083849', 'u1201149', 'u1251024', 'u0614258', 'nanobeam', 'yoyoyuan', 'ddyreng1', 'u1250344', 'u1096218', 'u1250307', 'u1122975', 'shaunmckellar', None, 'ran', 'u1007283']",115,"['flzkdndr', 'ulusoy2006', 'trivellin', 'halilalp', 'rylandkate', 'u0582779', 'halilibrahimtiken', 's16c045b', 'mtakcali', 'heatherleaf', 'alexander.lee', 'jac3888', 'thomasspradley', 'syoonhan', 'efe.bstrk', 'taol190799', 'emreyilmazel1996', 'u1109841', 'd093641', 'maria.irausquin', 'kadandirf', 'oktayhalitekinay', 'sebrobarts', 'ervndgn59', 'kellen.wise', 'wdeaweqwdas', 'u1083849', 'pkj71794g', 'theurgeboat', 'caseyamick', 'magnoliajasper', 'u1201149', 'cartermchris1', 'u1251024', 'mmozcan4', 'rakaiit', 'clizarazo', 'berrospidavid7', 'yoyoyuan', 'sbentz', 'drogalski', 'tg2016', 'stiml1144', 'oknky', 'elel30182', 'u1250344', 'u1096218', 'daddysexual', 'ege.ert7', 'shaunmckellar', 'ge.6cg7', 'grantmorris656', 'ran', 'davidr27', 'mrgiraffe', 'jaycwilson23', 'panellink1', 'aaroncoonu', 'asdksnfksfkmd', 'ol_ac', 'murattdo', 'danielclapp99', 'edakartari', 'lobsterben13', 'testeremre70', 'burnett.william', 'paulbrown', 'dolaydemirel', 'aldanafloyd', 'mstff.1clkk', 'd33r00', 'matthew.jones98', 'npatta.1986', 'burak9836', 'johnganiban', 'ozcanguclu', 'omertrbzn6197', 'yorkiiii', 'chastintruelove', 'pspiotrowicz1', 'annikadasher', 'u1099799', 'avera', 'andrew217usmc', 'sd226', 'cheeseybacon', 'jason.earl', 'u0614258', 'nanobeam', 'hlong262', 'retrewtewrt', 'yusufsabahoglu05', 'ashishchr', 'jbonez411', 'ddyreng1', 'u1250307', 'u1122975', None, 'jeption2025', 'philippeblaise', 'rockerheadgamer', 'arif.ozkan5806', 'johndoe2341341243', 'mrtmert98', 'anshshah2011', 'madisonmiller', 'sgnmsrmsk', 'bagasannin', 'lerner', 'mollykole', 'burakalperen87', 'u1007283', 'asdadsa', 'cancetinkaya1201', 'i.lutticken']"
5,471,97,20,4,"['arif.ozkan5806', 'ulusoy2006', 'mrtmert98', 'halilalp']",92,"['flzkdndr', 'trivellin', 'rylandkate', 'halilibrahimtiken', 's16c045b', 'mtakcali', 'heatherleaf', 'alexander.lee', 'thomasspradley', 'syoonhan', 'efe.bstrk', 'taol190799', 'emreyilmazel1996', 'u1109841', 'd093641', 'maria.irausquin', 'kadandirf', 'oktayhalitekinay', 'sebrobarts', 'ervndgn59', 'kellen.wise', 'wdeaweqwdas', 'pkj71794g', 'theurgeboat', 'caseyamick', 'magnoliajasper', 'cartermchris1', 'mmozcan4', 'rakaiit', 'clizarazo', 'berrospidavid7', 'sbentz', 'drogalski', 'tg2016', 'stiml1144', 'oknky', 'elel30182', 'daddysexual', 'ege.ert7', 'ge.6cg7', 'grantmorris656', 'davidr27', 'mrgiraffe', 'jaycwilson23', 'panellink1', 'aaroncoonu', 'asdksnfksfkmd', 'ol_ac', 'murattdo', 'danielclapp99', 'edakartari', 'lobsterben13', 'testeremre70', 'burnett.william', 'dolaydemirel', 'aldanafloyd', 'mstff.1clkk', 'd33r00', 'matthew.jones98', 'npatta.1986', 'burak9836', 'johnganiban', 'ozcanguclu', 'omertrbzn6197', 'yorkiiii', 'chastintruelove', 'pspiotrowicz1', 'annikadasher', 'avera', 'andrew217usmc', 'sd226', 'cheeseybacon', 'jason.earl', 'hlong262', 'retrewtewrt', 'yusufsabahoglu05', 'ashishchr', 'jbonez411', 'jeption2025', 'philippeblaise', 'rockerheadgamer', 'johndoe2341341243', 'anshshah2011', 'madisonmiller', 'sgnmsrmsk', 'bagasannin', 'lerner', 'mollykole', 'burakalperen87', 'asdadsa', 'cancetinkaya1201', 'i.lutticken']",16,"['ranaoztemur', 'onurerks', 'yamakonurcan', 'melikedogru22', 'furkan069906', '1967hamzausta', 'bertansafak', 'kaayaa40', None, 'anilboran0671', 'furkan12', 'furkan552senturk', 'salcaburak', 'byzayh13', 'murat.kolcu.1926', 'aydoganaali19']",112,"['flzkdndr', 'ulusoy2006', 'onurerks', 'trivellin', 'halilalp', 'rylandkate', 'halilibrahimtiken', 's16c045b', 'mtakcali', 'heatherleaf', 'alexander.lee', 'thomasspradley', 'syoonhan', 'efe.bstrk', 'taol190799', 'emreyilmazel1996', 'u1109841', 'd093641', 'maria.irausquin', 'kadandirf', 'oktayhalitekinay', 'sebrobarts', 'ervndgn59', 'bertansafak', 'kellen.wise', 'wdeaweqwdas', 'pkj71794g', 'theurgeboat', 'caseyamick', 'magnoliajasper', 'cartermchris1', 'mmozcan4', 'rakaiit', 'clizarazo', 'berrospidavid7', 'sbentz', 'drogalski', 'tg2016', 'stiml1144', 'oknky', 'elel30182', '1967hamzausta', 'kaayaa40', 'daddysexual', 'ege.ert7', 'ge.6cg7', 'grantmorris656', 'ranaoztemur', 'davidr27', 'mrgiraffe', 'jaycwilson23', 'panellink1', 'aaroncoonu', 'asdksnfksfkmd', 'ol_ac', 'murattdo', 'danielclapp99', 'edakartari', 'salcaburak', 'murat.kolcu.1926', 'lobsterben13', 'aydoganaali19', 'testeremre70', 'burnett.william', 'yamakonurcan', 'dolaydemirel', 'aldanafloyd', 'mstff.1clkk', 'd33r00', 'matthew.jones98', 'npatta.1986', 'burak9836', 'johnganiban', 'byzayh13', 'ozcanguclu', 'omertrbzn6197', 'yorkiiii', 'melikedogru22', 'chastintruelove', 'pspiotrowicz1', 'annikadasher', 'avera', 'andrew217usmc', 'sd226', 'cheeseybacon', 'jason.earl', 'hlong262', 'retrewtewrt', 'yusufsabahoglu05', 'ashishchr', 'jbonez411', 'furkan552senturk', None, 'jeption2025', 'philippeblaise', 'rockerheadgamer', 'arif.ozkan5806', 'johndoe2341341243', 'mrtmert98', 'anshshah2011', 'madisonmiller', 'sgnmsrmsk', 'bagasannin', 'lerner', 'furkan069906', 'mollykole', 'anilboran0671', 'furkan12', 'burakalperen87', 'asdadsa', 'cancetinkaya1201', 'i.lutticken']"
5,434,97,18,16,"['cheeseybacon', 'daddysexual', 'jason.earl', 'berrospidavid7', 'jaycwilson23', 'pspiotrowicz1', 'johndoe2341341243', 'anshshah2011', 'jeption2025', 'jbonez411', 'heatherleaf', 'stiml1144', 'andrew217usmc', 'pkj71794g', 'caseyamick', 'grantmorris656']",80,"['flzkdndr', 'ulusoy2006', 'trivellin', 'halilalp', 'rylandkate', 'halilibrahimtiken', 's16c045b', 'mtakcali', 'alexander.lee', 'thomasspradley', 'syoonhan', 'efe.bstrk', 'taol190799', 'emreyilmazel1996', 'u1109841', 'd093641', 'maria.irausquin', 'kadandirf', 'oktayhalitekinay', 'sebrobarts', 'ervndgn59', 'kellen.wise', 'wdeaweqwdas', 'theurgeboat', 'magnoliajasper', 'cartermchris1', 'mmozcan4', 'rakaiit', 'clizarazo', 'sbentz', 'drogalski', 'tg2016', 'oknky', 'elel30182', 'ege.ert7', 'ge.6cg7', 'davidr27', 'mrgiraffe', 'panellink1', 'aaroncoonu', 'asdksnfksfkmd', 'ol_ac', 'murattdo', 'danielclapp99', 'edakartari', 'lobsterben13', 'testeremre70', 'burnett.william', 'dolaydemirel', 'aldanafloyd', 'mstff.1clkk', 'd33r00', 'matthew.jones98', 'npatta.1986', 'burak9836', 'johnganiban', 'ozcanguclu', 'omertrbzn6197', 'yorkiiii', 'chastintruelove', 'annikadasher', 'avera', 'sd226', 'hlong262', 'retrewtewrt', 'yusufsabahoglu05', 'ashishchr', 'philippeblaise', 'rockerheadgamer', 'arif.ozkan5806', 'mrtmert98', 'madisonmiller', 'sgnmsrmsk', 'bagasannin', 'lerner', 'mollykole', 'burakalperen87', 'asdadsa', 'cancetinkaya1201', 'i.lutticken']",2,"['sandip83', None]",98,"['flzkdndr', 'ulusoy2006', 'trivellin', 'halilalp', 'rylandkate', 'halilibrahimtiken', 's16c045b', 'mtakcali', 'heatherleaf', 'alexander.lee', 'thomasspradley', 'syoonhan', 'efe.bstrk', 'taol190799', 'emreyilmazel1996', 'u1109841', 'd093641', 'maria.irausquin', 'kadandirf', 'oktayhalitekinay', 'sebrobarts', 'ervndgn59', 'kellen.wise', 'wdeaweqwdas', 'pkj71794g', 'theurgeboat', 'caseyamick', 'magnoliajasper', 'cartermchris1', 'mmozcan4', 'rakaiit', 'clizarazo', 'berrospidavid7', 'sbentz', 'drogalski', 'tg2016', 'stiml1144', 'oknky', 'elel30182', 'daddysexual', 'ege.ert7', 'ge.6cg7', 'grantmorris656', 'davidr27', 'mrgiraffe', 'jaycwilson23', 'panellink1', 'aaroncoonu', 'asdksnfksfkmd', 'ol_ac', 'murattdo', 'sandip83', 'danielclapp99', 'edakartari', 'lobsterben13', 'testeremre70', 'burnett.william', 'dolaydemirel', 'aldanafloyd', 'mstff.1clkk', 'd33r00', 'matthew.jones98', 'npatta.1986', 'burak9836', 'johnganiban', 'ozcanguclu', 'omertrbzn6197', 'yorkiiii', 'chastintruelove', 'pspiotrowicz1', 'annikadasher', 'avera', 'andrew217usmc', 'sd226', 'cheeseybacon', 'jason.earl', 'hlong262', 'retrewtewrt', 'yusufsabahoglu05', 'ashishchr', 'jbonez411', None, 'jeption2025', 'philippeblaise', 'rockerheadgamer', 'arif.ozkan5806', 'johndoe2341341243', 'mrtmert98', 'anshshah2011', 'madisonmiller', 'sgnmsrmsk', 'bagasannin', 'lerner', 'mollykole', 'burakalperen87', 'asdadsa', 'cancetinkaya1201', 'i.lutticken']"
5,473,97,17,4,"['lerner', 'panellink1', 'burakalperen87', 'mmozcan4']",92,"['flzkdndr', 'ulusoy2006', 'trivellin', 'halilalp', 'rylandkate', 'halilibrahimtiken', 's16c045b', 'mtakcali', 'heatherleaf', 'alexander.lee', 'thomasspradley', 'syoonhan', 'efe.bstrk', 'taol190799', 'emreyilmazel1996', 'u1109841', 'd093641', 'maria.irausquin', 'kadandirf', 'oktayhalitekinay', 'sebrobarts', 'ervndgn59', 'kellen.wise', 'wdeaweqwdas', 'pkj71794g', 'theurgeboat', 'caseyamick', 'magnoliajasper', 'cartermchris1', 'rakaiit', 'clizarazo', 'berrospidavid7', 'sbentz', 'drogalski', 'tg2016', 'stiml1144', 'oknky', 'elel30182', 'daddysexual', 'ege.ert7', 'ge.6cg7', 'grantmorris656', 'davidr27', 'mrgiraffe', 'jaycwilson23', 'aaroncoonu', 'asdksnfksfkmd', 'ol_ac', 'murattdo', 'danielclapp99', 'edakartari', 'lobsterben13', 'testeremre70', 'burnett.william', 'dolaydemirel', 'aldanafloyd', 'mstff.1clkk', 'd33r00', 'matthew.jones98', 'npatta.1986', 'burak9836', 'johnganiban', 'ozcanguclu', 'omertrbzn6197', 'yorkiiii', 'chastintruelove', 'pspiotrowicz1', 'annikadasher', 'avera', 'andrew217usmc', 'sd226', 'cheeseybacon', 'jason.earl', 'hlong262', 'retrewtewrt', 'yusufsabahoglu05', 'ashishchr', 'jbonez411', 'jeption2025', 'philippeblaise', 'rockerheadgamer', 'arif.ozkan5806', 'johndoe2341341243', 'mrtmert98', 'anshshah2011', 'madisonmiller', 'sgnmsrmsk', 'bagasannin', 'mollykole', 'asdadsa', 'cancetinkaya1201', 'i.lutticken']",13,"['fdirisaglik', 'ceydabayrak581', 'corezyadigar26', 'emircansimsek', 'mumiock.1067', 'ftah', 'yunusyeo768', 'keryfly', 'ataozirmak', 'ymenekse1', 'talayhalil2626', None, 'tugbakoyuncu99']",109,"['flzkdndr', 'ulusoy2006', 'trivellin', 'halilalp', 'rylandkate', 'halilibrahimtiken', 's16c045b', 'keryfly', 'mtakcali', 'heatherleaf', 'alexander.lee', 'thomasspradley', 'syoonhan', 'efe.bstrk', 'taol190799', 'emreyilmazel1996', 'u1109841', 'd093641', 'maria.irausquin', 'kadandirf', 'oktayhalitekinay', 'yunusyeo768', 'sebrobarts', 'ervndgn59', 'kellen.wise', 'wdeaweqwdas', 'tugbakoyuncu99', 'pkj71794g', 'theurgeboat', 'caseyamick', 'magnoliajasper', 'cartermchris1', 'corezyadigar26', 'mmozcan4', 'rakaiit', 'clizarazo', 'berrospidavid7', 'sbentz', 'drogalski', 'tg2016', 'stiml1144', 'oknky', 'elel30182', 'ataozirmak', 'talayhalil2626', 'daddysexual', 'ege.ert7', 'ge.6cg7', 'grantmorris656', 'fdirisaglik', 'davidr27', 'mrgiraffe', 'jaycwilson23', 'panellink1', 'aaroncoonu', 'asdksnfksfkmd', 'ol_ac', 'murattdo', 'danielclapp99', 'edakartari', 'lobsterben13', 'testeremre70', 'burnett.william', 'dolaydemirel', 'emircansimsek', 'aldanafloyd', 'mstff.1clkk', 'd33r00', 'matthew.jones98', 'npatta.1986', 'burak9836', 'johnganiban', 'ozcanguclu', 'omertrbzn6197', 'yorkiiii', 'chastintruelove', 'pspiotrowicz1', 'annikadasher', 'avera', 'andrew217usmc', 'ymenekse1', 'sd226', 'cheeseybacon', 'jason.earl', 'ceydabayrak581', 'hlong262', 'retrewtewrt', 'yusufsabahoglu05', 'ashishchr', 'jbonez411', None, 'jeption2025', 'philippeblaise', 'rockerheadgamer', 'arif.ozkan5806', 'mumiock.1067', 'ftah', 'johndoe2341341243', 'mrtmert98', 'anshshah2011', 'madisonmiller', 'sgnmsrmsk', 'bagasannin', 'lerner', 'mollykole', 'burakalperen87', 'asdadsa', 'cancetinkaya1201', 'i.lutticken']"
5,446,97,16,2,"['annikadasher', 'lobsterben13']",94,"['flzkdndr', 'ulusoy2006', 'trivellin', 'halilalp', 'rylandkate', 'halilibrahimtiken', 's16c045b', 'mtakcali', 'heatherleaf', 'alexander.lee', 'thomasspradley', 'syoonhan', 'efe.bstrk', 'taol190799', 'emreyilmazel1996', 'u1109841', 'd093641', 'maria.irausquin', 'kadandirf', 'oktayhalitekinay', 'sebrobarts', 'ervndgn59', 'kellen.wise', 'wdeaweqwdas', 'pkj71794g', 'theurgeboat', 'caseyamick', 'magnoliajasper', 'cartermchris1', 'mmozcan4', 'rakaiit', 'clizarazo', 'berrospidavid7', 'sbentz', 'drogalski', 'tg2016', 'stiml1144', 'oknky', 'elel30182', 'daddysexual', 'ege.ert7', 'ge.6cg7', 'grantmorris656', 'davidr27', 'mrgiraffe', 'jaycwilson23', 'panellink1', 'aaroncoonu', 'asdksnfksfkmd', 'ol_ac', 'murattdo', 'danielclapp99', 'edakartari', 'testeremre70', 'burnett.william', 'dolaydemirel', 'aldanafloyd', 'mstff.1clkk', 'd33r00', 'matthew.jones98', 'npatta.1986', 'burak9836', 'johnganiban', 'ozcanguclu', 'omertrbzn6197', 'yorkiiii', 'chastintruelove', 'pspiotrowicz1', 'avera', 'andrew217usmc', 'sd226', 'cheeseybacon', 'jason.earl', 'hlong262', 'retrewtewrt', 'yusufsabahoglu05', 'ashishchr', 'jbonez411', 'jeption2025', 'philippeblaise', 'rockerheadgamer', 'arif.ozkan5806', 'johndoe2341341243', 'mrtmert98', 'anshshah2011', 'madisonmiller', 'sgnmsrmsk', 'bagasannin', 'lerner', 'mollykole', 'burakalperen87', 'asdadsa', 'cancetinkaya1201', 'i.lutticken']",14,"['liqizhou', 'lpentzke', 'cameronframpton', 'jrobinson5', 'wingitalways', 'cacuy', 'nguyendaniel', 'jhahn95', 'kmerino', 'nfranzoni', 'abaringer', None, 'dicef', 'vritota']",110,"['flzkdndr', 'ulusoy2006', 'trivellin', 'halilalp', 'rylandkate', 'halilibrahimtiken', 's16c045b', 'mtakcali', 'heatherleaf', 'alexander.lee', 'jhahn95', 'thomasspradley', 'syoonhan', 'efe.bstrk', 'taol190799', 'jrobinson5', 'emreyilmazel1996', 'u1109841', 'd093641', 'maria.irausquin', 'kadandirf', 'oktayhalitekinay', 'sebrobarts', 'ervndgn59', 'kellen.wise', 'wdeaweqwdas', 'pkj71794g', 'theurgeboat', 'caseyamick', 'magnoliajasper', 'vritota', 'cartermchris1', 'mmozcan4', 'rakaiit', 'clizarazo', 'berrospidavid7', 'wingitalways', 'sbentz', 'drogalski', 'tg2016', 'stiml1144', 'oknky', 'elel30182', 'cacuy', 'dicef', 'daddysexual', 'ege.ert7', 'abaringer', 'ge.6cg7', 'grantmorris656', 'davidr27', 'mrgiraffe', 'jaycwilson23', 'panellink1', 'aaroncoonu', 'asdksnfksfkmd', 'ol_ac', 'murattdo', 'danielclapp99', 'edakartari', 'lobsterben13', 'testeremre70', 'burnett.william', 'lpentzke', 'dolaydemirel', 'aldanafloyd', 'mstff.1clkk', 'd33r00', 'nguyendaniel', 'matthew.jones98', 'npatta.1986', 'burak9836', 'johnganiban', 'liqizhou', 'ozcanguclu', 'omertrbzn6197', 'yorkiiii', 'cameronframpton', 'chastintruelove', 'pspiotrowicz1', 'annikadasher', 'avera', 'andrew217usmc', 'sd226', 'cheeseybacon', 'jason.earl', 'hlong262', 'retrewtewrt', 'yusufsabahoglu05', 'ashishchr', 'jbonez411', 'nfranzoni', None, 'jeption2025', 'philippeblaise', 'rockerheadgamer', 'arif.ozkan5806', 'johndoe2341341243', 'kmerino', 'mrtmert98', 'anshshah2011', 'madisonmiller', 'sgnmsrmsk', 'bagasannin', 'lerner', 'mollykole', 'burakalperen87', 'asdadsa', 'cancetinkaya1201', 'i.lutticken']"
5,436,97,15,12,"['ozcanguclu', 'testeremre70', 'flzkdndr', 'ege.ert7', 'mrgiraffe', 'kadandirf', 'oktayhalitekinay', 'oknky', 'wdeaweqwdas', 'burak9836', 'asdadsa', 'edakartari']",84,"['ulusoy2006', 'trivellin', 'halilalp', 'rylandkate', 'halilibrahimtiken', 's16c045b', 'mtakcali', 'heatherleaf', 'alexander.lee', 'thomasspradley', 'syoonhan', 'efe.bstrk', 'taol190799', 'emreyilmazel1996', 'u1109841', 'd093641', 'maria.irausquin', 'sebrobarts', 'ervndgn59', 'kellen.wise', 'pkj71794g', 'theurgeboat', 'caseyamick', 'magnoliajasper', 'cartermchris1', 'mmozcan4', 'rakaiit', 'clizarazo', 'berrospidavid7', 'sbentz', 'drogalski', 'tg2016', 'stiml1144', 'elel30182', 'daddysexual', 'ge.6cg7', 'grantmorris656', 'davidr27', 'jaycwilson23', 'panellink1', 'aaroncoonu', 'asdksnfksfkmd', 'ol_ac', 'murattdo', 'danielclapp99', 'lobsterben13', 'burnett.william', 'dolaydemirel', 'aldanafloyd', 'mstff.1clkk', 'd33r00', 'matthew.jones98', 'npatta.1986', 'johnganiban', 'omertrbzn6197', 'yorkiiii', 'chastintruelove', 'pspiotrowicz1', 'annikadasher', 'avera', 'andrew217usmc', 'sd226', 'cheeseybacon', 'jason.earl', 'hlong262', 'retrewtewrt', 'yusufsabahoglu05', 'ashishchr', 'jbonez411', 'jeption2025', 'philippeblaise', 'rockerheadgamer', 'arif.ozkan5806', 'johndoe2341341243', 'mrtmert98', 'anshshah2011', 'madisonmiller', 'sgnmsrmsk', 'bagasannin', 'lerner', 'mollykole', 'burakalperen87', 'cancetinkaya1201', 'i.lutticken']",3,"['apetekbasi', None, 'yavuzselimeskicumali']",99,"['flzkdndr', 'ulusoy2006', 'trivellin', 'halilalp', 'rylandkate', 'halilibrahimtiken', 's16c045b', 'mtakcali', 'heatherleaf', 'alexander.lee', 'thomasspradley', 'syoonhan', 'efe.bstrk', 'taol190799', 'emreyilmazel1996', 'u1109841', 'd093641', 'maria.irausquin', 'yavuzselimeskicumali', 'kadandirf', 'oktayhalitekinay', 'sebrobarts', 'ervndgn59', 'kellen.wise', 'wdeaweqwdas', 'pkj71794g', 'theurgeboat', 'caseyamick', 'magnoliajasper', 'cartermchris1', 'mmozcan4', 'rakaiit', 'clizarazo', 'berrospidavid7', 'sbentz', 'drogalski', 'tg2016', 'stiml1144', 'oknky', 'elel30182', 'daddysexual', 'ege.ert7', 'ge.6cg7', 'grantmorris656', 'davidr27', 'mrgiraffe', 'jaycwilson23', 'panellink1', 'aaroncoonu', 'asdksnfksfkmd', 'ol_ac', 'murattdo', 'danielclapp99', 'edakartari', 'lobsterben13', 'testeremre70', 'burnett.william', 'dolaydemirel', 'aldanafloyd', 'mstff.1clkk', 'd33r00', 'matthew.jones98', 'npatta.1986', 'burak9836', 'johnganiban', 'ozcanguclu', 'omertrbzn6197', 'yorkiiii', 'chastintruelove', 'pspiotrowicz1', 'annikadasher', 'avera', 'andrew217usmc', 'sd226', 'cheeseybacon', 'jason.earl', 'hlong262', 'retrewtewrt', 'apetekbasi', 'yusufsabahoglu05', 'ashishchr', 'jbonez411', None, 'jeption2025', 'philippeblaise', 'rockerheadgamer', 'arif.ozkan5806', 'johndoe2341341243', 'mrtmert98', 'anshshah2011', 'madisonmiller', 'sgnmsrmsk', 'bagasannin', 'lerner', 'mollykole', 'burakalperen87', 'asdadsa', 'cancetinkaya1201', 'i.lutticken']"
5,435,97,10,7,"['hlong262', 'annikadasher', 'sbentz', 'kellen.wise', 'johnganiban', 'i.lutticken', 'lobsterben13']",89,"['flzkdndr', 'ulusoy2006', 'trivellin', 'halilalp', 'rylandkate', 'halilibrahimtiken', 's16c045b', 'mtakcali', 'heatherleaf', 'alexander.lee', 'thomasspradley', 'syoonhan', 'efe.bstrk', 'taol190799', 'emreyilmazel1996', 'u1109841', 'd093641', 'maria.irausquin', 'kadandirf', 'oktayhalitekinay', 'sebrobarts', 'ervndgn59', 'wdeaweqwdas', 'pkj71794g', 'theurgeboat', 'caseyamick', 'magnoliajasper', 'cartermchris1', 'mmozcan4', 'rakaiit', 'clizarazo', 'berrospidavid7', 'drogalski', 'tg2016', 'stiml1144', 'oknky', 'elel30182', 'daddysexual', 'ege.ert7', 'ge.6cg7', 'grantmorris656', 'davidr27', 'mrgiraffe', 'jaycwilson23', 'panellink1', 'aaroncoonu', 'asdksnfksfkmd', 'ol_ac', 'murattdo', 'danielclapp99', 'edakartari', 'testeremre70', 'burnett.william', 'dolaydemirel', 'aldanafloyd', 'mstff.1clkk', 'd33r00', 'matthew.jones98', 'npatta.1986', 'burak9836', 'ozcanguclu', 'omertrbzn6197', 'yorkiiii', 'chastintruelove', 'pspiotrowicz1', 'avera', 'andrew217usmc', 'sd226', 'cheeseybacon', 'jason.earl', 'retrewtewrt', 'yusufsabahoglu05', 'ashishchr', 'jbonez411', 'jeption2025', 'philippeblaise', 'rockerheadgamer', 'arif.ozkan5806', 'johndoe2341341243', 'mrtmert98', 'anshshah2011', 'madisonmiller', 'sgnmsrmsk', 'bagasannin', 'lerner', 'mollykole', 'burakalperen87', 'asdadsa', 'cancetinkaya1201']",3,"['8223freret', None, 'cameronframpton']",99,"['flzkdndr', 'ulusoy2006', 'trivellin', 'halilalp', 'rylandkate', 'halilibrahimtiken', 's16c045b', 'mtakcali', 'heatherleaf', 'alexander.lee', 'thomasspradley', 'syoonhan', 'efe.bstrk', 'taol190799', 'emreyilmazel1996', 'u1109841', 'd093641', 'maria.irausquin', 'kadandirf', 'oktayhalitekinay', 'sebrobarts', 'ervndgn59', 'kellen.wise', 'wdeaweqwdas', 'pkj71794g', 'theurgeboat', 'caseyamick', 'magnoliajasper', '8223freret', 'cartermchris1', 'mmozcan4', 'rakaiit', 'clizarazo', 'berrospidavid7', 'sbentz', 'drogalski', 'tg2016', 'stiml1144', 'oknky', 'elel30182', 'daddysexual', 'ege.ert7', 'ge.6cg7', 'grantmorris656', 'davidr27', 'mrgiraffe', 'jaycwilson23', 'panellink1', 'aaroncoonu', 'asdksnfksfkmd', 'ol_ac', 'murattdo', 'danielclapp99', 'edakartari', 'lobsterben13', 'testeremre70', 'burnett.william', 'dolaydemirel', 'aldanafloyd', 'mstff.1clkk', 'd33r00', 'matthew.jones98', 'npatta.1986', 'burak9836', 'johnganiban', 'ozcanguclu', 'omertrbzn6197', 'yorkiiii', 'cameronframpton', 'chastintruelove', 'pspiotrowicz1', 'annikadasher', 'avera', 'andrew217usmc', 'sd226', 'cheeseybacon', 'jason.earl', 'hlong262', 'retrewtewrt', 'yusufsabahoglu05', 'ashishchr', 'jbonez411', None, 'jeption2025', 'philippeblaise', 'rockerheadgamer', 'arif.ozkan5806', 'johndoe2341341243', 'mrtmert98', 'anshshah2011', 'madisonmiller', 'sgnmsrmsk', 'bagasannin', 'lerner', 'mollykole', 'burakalperen87', 'asdadsa', 'cancetinkaya1201', 'i.lutticken']"
5,443,97,10,1,['annikadasher'],95,"['flzkdndr', 'ulusoy2006', 'trivellin', 'halilalp', 'rylandkate', 'halilibrahimtiken', 's16c045b', 'mtakcali', 'heatherleaf', 'alexander.lee', 'thomasspradley', 'syoonhan', 'efe.bstrk', 'taol190799', 'emreyilmazel1996', 'u1109841', 'd093641', 'maria.irausquin', 'kadandirf', 'oktayhalitekinay', 'sebrobarts', 'ervndgn59', 'kellen.wise', 'wdeaweqwdas', 'pkj71794g', 'theurgeboat', 'caseyamick', 'magnoliajasper', 'cartermchris1', 'mmozcan4', 'rakaiit', 'clizarazo', 'berrospidavid7', 'sbentz', 'drogalski', 'tg2016', 'stiml1144', 'oknky', 'elel30182', 'daddysexual', 'ege.ert7', 'ge.6cg7', 'grantmorris656', 'davidr27', 'mrgiraffe', 'jaycwilson23', 'panellink1', 'aaroncoonu', 'asdksnfksfkmd', 'ol_ac', 'murattdo', 'danielclapp99', 'edakartari', 'lobsterben13', 'testeremre70', 'burnett.william', 'dolaydemirel', 'aldanafloyd', 'mstff.1clkk', 'd33r00', 'matthew.jones98', 'npatta.1986', 'burak9836', 'johnganiban', 'ozcanguclu', 'omertrbzn6197', 'yorkiiii', 'chastintruelove', 'pspiotrowicz1', 'avera', 'andrew217usmc', 'sd226', 'cheeseybacon', 'jason.earl', 'hlong262', 'retrewtewrt', 'yusufsabahoglu05', 'ashishchr', 'jbonez411', 'jeption2025', 'philippeblaise', 'rockerheadgamer', 'arif.ozkan5806', 'johndoe2341341243', 'mrtmert98', 'anshshah2011', 'madisonmiller', 'sgnmsrmsk', 'bagasannin', 'lerner', 'mollykole', 'burakalperen87', 'asdadsa', 'cancetinkaya1201', 'i.lutticken']",9,"['cameronframpton', 'sholliday643', 'cbandel', 'nguyendaniel', 'nmorgan1', 'jhahn95', 'abaringer', None, 'jrobinson5']",105,"['flzkdndr', 'ulusoy2006', 'trivellin', 'halilalp', 'rylandkate', 'halilibrahimtiken', 's16c045b', 'mtakcali', 'heatherleaf', 'alexander.lee', 'jhahn95', 'thomasspradley', 'syoonhan', 'efe.bstrk', 'taol190799', 'jrobinson5', 'emreyilmazel1996', 'u1109841', 'd093641', 'maria.irausquin', 'kadandirf', 'oktayhalitekinay', 'sebrobarts', 'ervndgn59', 'kellen.wise', 'wdeaweqwdas', 'pkj71794g', 'theurgeboat', 'caseyamick', 'magnoliajasper', 'cartermchris1', 'mmozcan4', 'rakaiit', 'clizarazo', 'berrospidavid7', 'sbentz', 'drogalski', 'tg2016', 'stiml1144', 'oknky', 'elel30182', 'daddysexual', 'ege.ert7', 'abaringer', 'ge.6cg7', 'grantmorris656', 'davidr27', 'cbandel', 'mrgiraffe', 'jaycwilson23', 'panellink1', 'aaroncoonu', 'asdksnfksfkmd', 'ol_ac', 'murattdo', 'danielclapp99', 'edakartari', 'lobsterben13', 'testeremre70', 'burnett.william', 'dolaydemirel', 'aldanafloyd', 'mstff.1clkk', 'd33r00', 'nguyendaniel', 'matthew.jones98', 'npatta.1986', 'burak9836', 'johnganiban', 'ozcanguclu', 'omertrbzn6197', 'yorkiiii', 'cameronframpton', 'chastintruelove', 'pspiotrowicz1', 'annikadasher', 'avera', 'andrew217usmc', 'sd226', 'cheeseybacon', 'jason.earl', 'hlong262', 'retrewtewrt', 'sholliday643', 'yusufsabahoglu05', 'ashishchr', 'jbonez411', 'nmorgan1', None, 'jeption2025', 'philippeblaise', 'rockerheadgamer', 'arif.ozkan5806', 'johndoe2341341243', 'mrtmert98', 'anshshah2011', 'madisonmiller', 'sgnmsrmsk', 'bagasannin', 'lerner', 'mollykole', 'burakalperen87', 'asdadsa', 'cancetinkaya1201', 'i.lutticken']"
5,475,97,8,3,"['halilibrahimtiken', 'mstff.1clkk', 'murattdo']",93,"['flzkdndr', 'ulusoy2006', 'trivellin', 'halilalp', 'rylandkate', 's16c045b', 'mtakcali', 'heatherleaf', 'alexander.lee', 'thomasspradley', 'syoonhan', 'efe.bstrk', 'taol190799', 'emreyilmazel1996', 'u1109841', 'd093641', 'maria.irausquin', 'kadandirf', 'oktayhalitekinay', 'sebrobarts', 'ervndgn59', 'kellen.wise', 'wdeaweqwdas', 'pkj71794g', 'theurgeboat', 'caseyamick', 'magnoliajasper', 'cartermchris1', 'mmozcan4', 'rakaiit', 'clizarazo', 'berrospidavid7', 'sbentz', 'drogalski', 'tg2016', 'stiml1144', 'oknky', 'elel30182', 'daddysexual', 'ege.ert7', 'ge.6cg7', 'grantmorris656', 'davidr27', 'mrgiraffe', 'jaycwilson23', 'panellink1', 'aaroncoonu', 'asdksnfksfkmd', 'ol_ac', 'danielclapp99', 'edakartari', 'lobsterben13', 'testeremre70', 'burnett.william', 'dolaydemirel', 'aldanafloyd', 'd33r00', 'matthew.jones98', 'npatta.1986', 'burak9836', 'johnganiban', 'ozcanguclu', 'omertrbzn6197', 'yorkiiii', 'chastintruelove', 'pspiotrowicz1', 'annikadasher', 'avera', 'andrew217usmc', 'sd226', 'cheeseybacon', 'jason.earl', 'hlong262', 'retrewtewrt', 'yusufsabahoglu05', 'ashishchr', 'jbonez411', 'jeption2025', 'philippeblaise', 'rockerheadgamer', 'arif.ozkan5806', 'johndoe2341341243', 'mrtmert98', 'anshshah2011', 'madisonmiller', 'sgnmsrmsk', 'bagasannin', 'lerner', 'mollykole', 'burakalperen87', 'asdadsa', 'cancetinkaya1201', 'i.lutticken']",5,"['onurerks', 'raistlin', 'dumpnit', 'kaankuncak', None]",101,"['flzkdndr', 'ulusoy2006', 'onurerks', 'trivellin', 'halilalp', 'rylandkate', 'raistlin', 'halilibrahimtiken', 's16c045b', 'mtakcali', 'heatherleaf', 'alexander.lee', 'thomasspradley', 'syoonhan', 'efe.bstrk', 'taol190799', 'emreyilmazel1996', 'u1109841', 'd093641', 'maria.irausquin', 'kadandirf', 'oktayhalitekinay', 'sebrobarts', 'ervndgn59', 'kellen.wise', 'wdeaweqwdas', 'pkj71794g', 'theurgeboat', 'kaankuncak', 'caseyamick', 'magnoliajasper', 'cartermchris1', 'mmozcan4', 'rakaiit', 'clizarazo', 'berrospidavid7', 'sbentz', 'drogalski', 'tg2016', 'stiml1144', 'oknky', 'elel30182', 'daddysexual', 'ege.ert7', 'ge.6cg7', 'grantmorris656', 'davidr27', 'mrgiraffe', 'jaycwilson23', 'panellink1', 'aaroncoonu', 'asdksnfksfkmd', 'ol_ac', 'murattdo', 'danielclapp99', 'edakartari', 'lobsterben13', 'testeremre70', 'burnett.william', 'dolaydemirel', 'aldanafloyd', 'mstff.1clkk', 'd33r00', 'matthew.jones98', 'npatta.1986', 'burak9836', 'johnganiban', 'ozcanguclu', 'omertrbzn6197', 'yorkiiii', 'chastintruelove', 'pspiotrowicz1', 'annikadasher', 'avera', 'andrew217usmc', 'sd226', 'cheeseybacon', 'jason.earl', 'hlong262', 'retrewtewrt', 'yusufsabahoglu05', 'ashishchr', 'jbonez411', None, 'jeption2025', 'philippeblaise', 'rockerheadgamer', 'arif.ozkan5806', 'johndoe2341341243', 'mrtmert98', 'anshshah2011', 'madisonmiller', 'sgnmsrmsk', 'bagasannin', 'lerner', 'dumpnit', 'mollykole', 'burakalperen87', 'asdadsa', 'cancetinkaya1201', 'i.lutticken']"
5,440,97,7,4,"['cartermchris1', 'yorkiiii', 'u1109841', 'aaroncoonu']",92,"['flzkdndr', 'ulusoy2006', 'trivellin', 'halilalp', 'rylandkate', 'halilibrahimtiken', 's16c045b', 'mtakcali', 'heatherleaf', 'alexander.lee', 'thomasspradley', 'syoonhan', 'efe.bstrk', 'taol190799', 'emreyilmazel1996', 'd093641', 'maria.irausquin', 'kadandirf', 'oktayhalitekinay', 'sebrobarts', 'ervndgn59', 'kellen.wise', 'wdeaweqwdas', 'pkj71794g', 'theurgeboat', 'caseyamick', 'magnoliajasper', 'mmozcan4', 'rakaiit', 'clizarazo', 'berrospidavid7', 'sbentz', 'drogalski', 'tg2016', 'stiml1144', 'oknky', 'elel30182', 'daddysexual', 'ege.ert7', 'ge.6cg7', 'grantmorris656', 'davidr27', 'mrgiraffe', 'jaycwilson23', 'panellink1', 'asdksnfksfkmd', 'ol_ac', 'murattdo', 'danielclapp99', 'edakartari', 'lobsterben13', 'testeremre70', 'burnett.william', 'dolaydemirel', 'aldanafloyd', 'mstff.1clkk', 'd33r00', 'matthew.jones98', 'npatta.1986', 'burak9836', 'johnganiban', 'ozcanguclu', 'omertrbzn6197', 'chastintruelove', 'pspiotrowicz1', 'annikadasher', 'avera', 'andrew217usmc', 'sd226', 'cheeseybacon', 'jason.earl', 'hlong262', 'retrewtewrt', 'yusufsabahoglu05', 'ashishchr', 'jbonez411', 'jeption2025', 'philippeblaise', 'rockerheadgamer', 'arif.ozkan5806', 'johndoe2341341243', 'mrtmert98', 'anshshah2011', 'madisonmiller', 'sgnmsrmsk', 'bagasannin', 'lerner', 'mollykole', 'burakalperen87', 'asdadsa', 'cancetinkaya1201', 'i.lutticken']",3,"['u1250344', 'u6007941', None]",99,"['flzkdndr', 'ulusoy2006', 'u6007941', 'trivellin', 'halilalp', 'rylandkate', 'halilibrahimtiken', 's16c045b', 'mtakcali', 'heatherleaf', 'alexander.lee', 'thomasspradley', 'syoonhan', 'efe.bstrk', 'taol190799', 'emreyilmazel1996', 'u1109841', 'd093641', 'maria.irausquin', 'kadandirf', 'oktayhalitekinay', 'sebrobarts', 'ervndgn59', 'kellen.wise', 'wdeaweqwdas', 'pkj71794g', 'theurgeboat', 'caseyamick', 'magnoliajasper', 'cartermchris1', 'mmozcan4', 'rakaiit', 'clizarazo', 'berrospidavid7', 'sbentz', 'drogalski', 'tg2016', 'stiml1144', 'oknky', 'elel30182', 'u1250344', 'daddysexual', 'ege.ert7', 'ge.6cg7', 'grantmorris656', 'davidr27', 'mrgiraffe', 'jaycwilson23', 'panellink1', 'aaroncoonu', 'asdksnfksfkmd', 'ol_ac', 'murattdo', 'danielclapp99', 'edakartari', 'lobsterben13', 'testeremre70', 'burnett.william', 'dolaydemirel', 'aldanafloyd', 'mstff.1clkk', 'd33r00', 'matthew.jones98', 'npatta.1986', 'burak9836', 'johnganiban', 'ozcanguclu', 'omertrbzn6197', 'yorkiiii', 'chastintruelove', 'pspiotrowicz1', 'annikadasher', 'avera', 'andrew217usmc', 'sd226', 'cheeseybacon', 'jason.earl', 'hlong262', 'retrewtewrt', 'yusufsabahoglu05', 'ashishchr', 'jbonez411', None, 'jeption2025', 'philippeblaise', 'rockerheadgamer', 'arif.ozkan5806', 'johndoe2341341243', 'mrtmert98', 'anshshah2011', 'madisonmiller', 'sgnmsrmsk', 'bagasannin', 'lerner', 'mollykole', 'burakalperen87', 'asdadsa', 'cancetinkaya1201', 'i.lutticken']"
5,441,97,7,3,"['cartermchris1', 'u1109841', 'aaroncoonu']",93,"['flzkdndr', 'ulusoy2006', 'trivellin', 'halilalp', 'rylandkate', 'halilibrahimtiken', 's16c045b', 'mtakcali', 'heatherleaf', 'alexander.lee', 'thomasspradley', 'syoonhan', 'efe.bstrk', 'taol190799', 'emreyilmazel1996', 'd093641', 'maria.irausquin', 'kadandirf', 'oktayhalitekinay', 'sebrobarts', 'ervndgn59', 'kellen.wise', 'wdeaweqwdas', 'pkj71794g', 'theurgeboat', 'caseyamick', 'magnoliajasper', 'mmozcan4', 'rakaiit', 'clizarazo', 'berrospidavid7', 'sbentz', 'drogalski', 'tg2016', 'stiml1144', 'oknky', 'elel30182', 'daddysexual', 'ege.ert7', 'ge.6cg7', 'grantmorris656', 'davidr27', 'mrgiraffe', 'jaycwilson23', 'panellink1', 'asdksnfksfkmd', 'ol_ac', 'murattdo', 'danielclapp99', 'edakartari', 'lobsterben13', 'testeremre70', 'burnett.william', 'dolaydemirel', 'aldanafloyd', 'mstff.1clkk', 'd33r00', 'matthew.jones98', 'npatta.1986', 'burak9836', 'johnganiban', 'ozcanguclu', 'omertrbzn6197', 'yorkiiii', 'chastintruelove', 'pspiotrowicz1', 'annikadasher', 'avera', 'andrew217usmc', 'sd226', 'cheeseybacon', 'jason.earl', 'hlong262', 'retrewtewrt', 'yusufsabahoglu05', 'ashishchr', 'jbonez411', 'jeption2025', 'philippeblaise', 'rockerheadgamer', 'arif.ozkan5806', 'johndoe2341341243', 'mrtmert98', 'anshshah2011', 'madisonmiller', 'sgnmsrmsk', 'bagasannin', 'lerner', 'mollykole', 'burakalperen87', 'asdadsa', 'cancetinkaya1201', 'i.lutticken']",4,"['u1250344', 'u6007941', None, 'nanobeam']",100,"['flzkdndr', 'ulusoy2006', 'u6007941', 'trivellin', 'halilalp', 'rylandkate', 'halilibrahimtiken', 's16c045b', 'mtakcali', 'heatherleaf', 'alexander.lee', 'thomasspradley', 'syoonhan', 'efe.bstrk', 'taol190799', 'emreyilmazel1996', 'u1109841', 'd093641', 'maria.irausquin', 'kadandirf', 'oktayhalitekinay', 'sebrobarts', 'ervndgn59', 'kellen.wise', 'wdeaweqwdas', 'pkj71794g', 'theurgeboat', 'caseyamick', 'magnoliajasper', 'cartermchris1', 'mmozcan4', 'rakaiit', 'clizarazo', 'berrospidavid7', 'sbentz', 'drogalski', 'tg2016', 'stiml1144', 'oknky', 'elel30182', 'u1250344', 'daddysexual', 'ege.ert7', 'ge.6cg7', 'grantmorris656', 'davidr27', 'mrgiraffe', 'jaycwilson23', 'panellink1', 'aaroncoonu', 'asdksnfksfkmd', 'ol_ac', 'murattdo', 'danielclapp99', 'edakartari', 'lobsterben13', 'testeremre70', 'burnett.william', 'dolaydemirel', 'aldanafloyd', 'mstff.1clkk', 'd33r00', 'matthew.jones98', 'npatta.1986', 'burak9836', 'johnganiban', 'ozcanguclu', 'omertrbzn6197', 'yorkiiii', 'chastintruelove', 'pspiotrowicz1', 'annikadasher', 'avera', 'andrew217usmc', 'sd226', 'cheeseybacon', 'jason.earl', 'nanobeam', 'hlong262', 'retrewtewrt', 'yusufsabahoglu05', 'ashishchr', 'jbonez411', None, 'jeption2025', 'philippeblaise', 'rockerheadgamer', 'arif.ozkan5806', 'johndoe2341341243', 'mrtmert98', 'anshshah2011', 'madisonmiller', 'sgnmsrmsk', 'bagasannin', 'lerner', 'mollykole', 'burakalperen87', 'asdadsa', 'cancetinkaya1201', 'i.lutticken']"
5,474,97,7,2,"['cancetinkaya1201', 'mtakcali']",94,"['flzkdndr', 'ulusoy2006', 'trivellin', 'halilalp', 'rylandkate', 'halilibrahimtiken', 's16c045b', 'heatherleaf', 'alexander.lee', 'thomasspradley', 'syoonhan', 'efe.bstrk', 'taol190799', 'emreyilmazel1996', 'u1109841', 'd093641', 'maria.irausquin', 'kadandirf', 'oktayhalitekinay', 'sebrobarts', 'ervndgn59', 'kellen.wise', 'wdeaweqwdas', 'pkj71794g', 'theurgeboat', 'caseyamick', 'magnoliajasper', 'cartermchris1', 'mmozcan4', 'rakaiit', 'clizarazo', 'berrospidavid7', 'sbentz', 'drogalski', 'tg2016', 'stiml1144', 'oknky', 'elel30182', 'daddysexual', 'ege.ert7', 'ge.6cg7', 'grantmorris656', 'davidr27', 'mrgiraffe', 'jaycwilson23', 'panellink1', 'aaroncoonu', 'asdksnfksfkmd', 'ol_ac', 'murattdo', 'danielclapp99', 'edakartari', 'lobsterben13', 'testeremre70', 'burnett.william', 'dolaydemirel', 'aldanafloyd', 'mstff.1clkk', 'd33r00', 'matthew.jones98', 'npatta.1986', 'burak9836', 'johnganiban', 'ozcanguclu', 'omertrbzn6197', 'yorkiiii', 'chastintruelove', 'pspiotrowicz1', 'annikadasher', 'avera', 'andrew217usmc', 'sd226', 'cheeseybacon', 'jason.earl', 'hlong262', 'retrewtewrt', 'yusufsabahoglu05', 'ashishchr', 'jbonez411', 'jeption2025', 'philippeblaise', 'rockerheadgamer', 'arif.ozkan5806', 'johndoe2341341243', 'mrtmert98', 'anshshah2011', 'madisonmiller', 'sgnmsrmsk', 'bagasannin', 'lerner', 'mollykole', 'burakalperen87', 'asdadsa', 'i.lutticken']",5,"['azazimalii', 'enesdinler1', 'ogu0001', 'rdvanokul05', None]",101,"['flzkdndr', 'ulusoy2006', 'trivellin', 'halilalp', 'rylandkate', 'halilibrahimtiken', 's16c045b', 'mtakcali', 'heatherleaf', 'alexander.lee', 'thomasspradley', 'syoonhan', 'efe.bstrk', 'taol190799', 'emreyilmazel1996', 'u1109841', 'd093641', 'maria.irausquin', 'kadandirf', 'oktayhalitekinay', 'sebrobarts', 'ervndgn59', 'kellen.wise', 'wdeaweqwdas', 'pkj71794g', 'theurgeboat', 'caseyamick', 'magnoliajasper', 'cartermchris1', 'mmozcan4', 'rakaiit', 'clizarazo', 'berrospidavid7', 'ogu0001', 'sbentz', 'drogalski', 'tg2016', 'stiml1144', 'oknky', 'elel30182', 'daddysexual', 'ege.ert7', 'ge.6cg7', 'grantmorris656', 'davidr27', 'mrgiraffe', 'jaycwilson23', 'panellink1', 'aaroncoonu', 'asdksnfksfkmd', 'ol_ac', 'murattdo', 'danielclapp99', 'edakartari', 'lobsterben13', 'testeremre70', 'burnett.william', 'dolaydemirel', 'aldanafloyd', 'mstff.1clkk', 'd33r00', 'matthew.jones98', 'npatta.1986', 'burak9836', 'johnganiban', 'ozcanguclu', 'omertrbzn6197', 'yorkiiii', 'enesdinler1', 'chastintruelove', 'pspiotrowicz1', 'annikadasher', 'avera', 'andrew217usmc', 'sd226', 'cheeseybacon', 'azazimalii', 'jason.earl', 'hlong262', 'retrewtewrt', 'yusufsabahoglu05', 'ashishchr', 'jbonez411', None, 'jeption2025', 'philippeblaise', 'rockerheadgamer', 'arif.ozkan5806', 'johndoe2341341243', 'mrtmert98', 'anshshah2011', 'madisonmiller', 'sgnmsrmsk', 'bagasannin', 'lerner', 'rdvanokul05', 'mollykole', 'burakalperen87', 'asdadsa', 'cancetinkaya1201', 'i.lutticken']"
5,438,97,6,5,"['mmozcan4', 'mrgiraffe', 'panellink1', 'lerner', 'burakalperen87']",91,"['flzkdndr', 'ulusoy2006', 'trivellin', 'halilalp', 'rylandkate', 'halilibrahimtiken', 's16c045b', 'mtakcali', 'heatherleaf', 'alexander.lee', 'thomasspradley', 'syoonhan', 'efe.bstrk', 'taol190799', 'emreyilmazel1996', 'u1109841', 'd093641', 'maria.irausquin', 'kadandirf', 'oktayhalitekinay', 'sebrobarts', 'ervndgn59', 'kellen.wise', 'wdeaweqwdas', 'pkj71794g', 'theurgeboat', 'caseyamick', 'magnoliajasper', 'cartermchris1', 'rakaiit', 'clizarazo', 'berrospidavid7', 'sbentz', 'drogalski', 'tg2016', 'stiml1144', 'oknky', 'elel30182', 'daddysexual', 'ege.ert7', 'ge.6cg7', 'grantmorris656', 'davidr27', 'jaycwilson23', 'aaroncoonu', 'asdksnfksfkmd', 'ol_ac', 'murattdo', 'danielclapp99', 'edakartari', 'lobsterben13', 'testeremre70', 'burnett.william', 'dolaydemirel', 'aldanafloyd', 'mstff.1clkk', 'd33r00', 'matthew.jones98', 'npatta.1986', 'burak9836', 'johnganiban', 'ozcanguclu', 'omertrbzn6197', 'yorkiiii', 'chastintruelove', 'pspiotrowicz1', 'annikadasher', 'avera', 'andrew217usmc', 'sd226', 'cheeseybacon', 'jason.earl', 'hlong262', 'retrewtewrt', 'yusufsabahoglu05', 'ashishchr', 'jbonez411', 'jeption2025', 'philippeblaise', 'rockerheadgamer', 'arif.ozkan5806', 'johndoe2341341243', 'mrtmert98', 'anshshah2011', 'madisonmiller', 'sgnmsrmsk', 'bagasannin', 'mollykole', 'asdadsa', 'cancetinkaya1201', 'i.lutticken']",1,[None],97,"['flzkdndr', 'ulusoy2006', 'trivellin', 'halilalp', 'rylandkate', 'halilibrahimtiken', 's16c045b', 'mtakcali', 'heatherleaf', 'alexander.lee', 'thomasspradley', 'syoonhan', 'efe.bstrk', 'taol190799', 'emreyilmazel1996', 'u1109841', 'd093641', 'maria.irausquin', 'kadandirf', 'oktayhalitekinay', 'sebrobarts', 'ervndgn59', 'kellen.wise', 'wdeaweqwdas', 'pkj71794g', 'theurgeboat', 'caseyamick', 'magnoliajasper', 'cartermchris1', 'mmozcan4', 'rakaiit', 'clizarazo', 'berrospidavid7', 'sbentz', 'drogalski', 'tg2016', 'stiml1144', 'oknky', 'elel30182', 'daddysexual', 'ege.ert7', 'ge.6cg7', 'grantmorris656', 'davidr27', 'mrgiraffe', 'jaycwilson23', 'panellink1', 'aaroncoonu', 'asdksnfksfkmd', 'ol_ac', 'murattdo', 'danielclapp99', 'edakartari', 'lobsterben13', 'testeremre70', 'burnett.william', 'dolaydemirel', 'aldanafloyd', 'mstff.1clkk', 'd33r00', 'matthew.jones98', 'npatta.1986', 'burak9836', 'johnganiban', 'ozcanguclu', 'omertrbzn6197', 'yorkiiii', 'chastintruelove', 'pspiotrowicz1', 'annikadasher', 'avera', 'andrew217usmc', 'sd226', 'cheeseybacon', 'jason.earl', 'hlong262', 'retrewtewrt', 'yusufsabahoglu05', 'ashishchr', 'jbonez411', None, 'jeption2025', 'philippeblaise', 'rockerheadgamer', 'arif.ozkan5806', 'johndoe2341341243', 'mrtmert98', 'anshshah2011', 'madisonmiller', 'sgnmsrmsk', 'bagasannin', 'lerner', 'mollykole', 'burakalperen87', 'asdadsa', 'cancetinkaya1201', 'i.lutticken']"
5,439,97,6,5,"['ulusoy2006', 'halilalp', 'arif.ozkan5806', 'asdksnfksfkmd', 'mrtmert98']",91,"['flzkdndr', 'trivellin', 'rylandkate', 'halilibrahimtiken', 's16c045b', 'mtakcali', 'heatherleaf', 'alexander.lee', 'thomasspradley', 'syoonhan', 'efe.bstrk', 'taol190799', 'emreyilmazel1996', 'u1109841', 'd093641', 'maria.irausquin', 'kadandirf', 'oktayhalitekinay', 'sebrobarts', 'ervndgn59', 'kellen.wise', 'wdeaweqwdas', 'pkj71794g', 'theurgeboat', 'caseyamick', 'magnoliajasper', 'cartermchris1', 'mmozcan4', 'rakaiit', 'clizarazo', 'berrospidavid7', 'sbentz', 'drogalski', 'tg2016', 'stiml1144', 'oknky', 'elel30182', 'daddysexual', 'ege.ert7', 'ge.6cg7', 'grantmorris656', 'davidr27', 'mrgiraffe', 'jaycwilson23', 'panellink1', 'aaroncoonu', 'ol_ac', 'murattdo', 'danielclapp99', 'edakartari', 'lobsterben13', 'testeremre70', 'burnett.william', 'dolaydemirel', 'aldanafloyd', 'mstff.1clkk', 'd33r00', 'matthew.jones98', 'npatta.1986', 'burak9836', 'johnganiban', 'ozcanguclu', 'omertrbzn6197', 'yorkiiii', 'chastintruelove', 'pspiotrowicz1', 'annikadasher', 'avera', 'andrew217usmc', 'sd226', 'cheeseybacon', 'jason.earl', 'hlong262', 'retrewtewrt', 'yusufsabahoglu05', 'ashishchr', 'jbonez411', 'jeption2025', 'philippeblaise', 'rockerheadgamer', 'johndoe2341341243', 'anshshah2011', 'madisonmiller', 'sgnmsrmsk', 'bagasannin', 'lerner', 'mollykole', 'burakalperen87', 'asdadsa', 'cancetinkaya1201', 'i.lutticken']",1,[None],97,"['flzkdndr', 'ulusoy2006', 'trivellin', 'halilalp', 'rylandkate', 'halilibrahimtiken', 's16c045b', 'mtakcali', 'heatherleaf', 'alexander.lee', 'thomasspradley', 'syoonhan', 'efe.bstrk', 'taol190799', 'emreyilmazel1996', 'u1109841', 'd093641', 'maria.irausquin', 'kadandirf', 'oktayhalitekinay', 'sebrobarts', 'ervndgn59', 'kellen.wise', 'wdeaweqwdas', 'pkj71794g', 'theurgeboat', 'caseyamick', 'magnoliajasper', 'cartermchris1', 'mmozcan4', 'rakaiit', 'clizarazo', 'berrospidavid7', 'sbentz', 'drogalski', 'tg2016', 'stiml1144', 'oknky', 'elel30182', 'daddysexual', 'ege.ert7', 'ge.6cg7', 'grantmorris656', 'davidr27', 'mrgiraffe', 'jaycwilson23', 'panellink1', 'aaroncoonu', 'asdksnfksfkmd', 'ol_ac', 'murattdo', 'danielclapp99', 'edakartari', 'lobsterben13', 'testeremre70', 'burnett.william', 'dolaydemirel', 'aldanafloyd', 'mstff.1clkk', 'd33r00', 'matthew.jones98', 'npatta.1986', 'burak9836', 'johnganiban', 'ozcanguclu', 'omertrbzn6197', 'yorkiiii', 'chastintruelove', 'pspiotrowicz1', 'annikadasher', 'avera', 'andrew217usmc', 'sd226', 'cheeseybacon', 'jason.earl', 'hlong262', 'retrewtewrt', 'yusufsabahoglu05', 'ashishchr', 'jbonez411', None, 'jeption2025', 'philippeblaise', 'rockerheadgamer', 'arif.ozkan5806', 'johndoe2341341243', 'mrtmert98', 'anshshah2011', 'madisonmiller', 'sgnmsrmsk', 'bagasannin', 'lerner', 'mollykole', 'burakalperen87', 'asdadsa', 'cancetinkaya1201', 'i.lutticken']"
6,361,96,198,64,"['artierenier', 'will1941', 'tsriram', 'ander966', 'llefebvr', 'gfiedler', 'stuff', 'mock6', 'ander939', 'elamewon', 'jade.m.meekin', 'dkramper', 'allen482', 'wagoneb', 'john2345', 'whollan', 'zhu741', 'dnocon', 'reddy62', 'rdamle', 'mngaglia', 'mlannie', 'amarkert', 'kong68', 'mdewaele', 'wdobbs', 'ashinne', 'pate1034', 'downeyl', 'romack0', 'okeefee', 'nrentsc', 'sayyala', 'nortt', 'alsalea', 'rstaples', 'pkanugul', 'lritchis', 'scott479', 'jyounkin', 'chris260', 'nfransen', 'verduzm', 'pan229', 'rcalistr', 'rhentric', 'jnylen', 'meyer313', 'lhendrik', 'liu2442', 'single0', 'lopez347', 'jcavage', 'afarha', 'cliffos', 'ellis125', 'mmatteso', 'leal6', 'russe162', 'srajarat', 'mclassen', 'dholicz', 'kyendru', 'esuer']",31,"['mkirsch', 'andersonmy94', 'ididelot', 'hsakiewi', 'rhodes44', 'smit3400', 'slorenzo', 'brow1511', 'nherbert', 'djodhani', 'harvey83', 'mot', 'tzadrave', 'costel12', 'duncan94', 'cjlee328', 'melyouse', 'wood164', 'ojonas', 'wchowdhu', 'michae19', 'chakra26', 'ewolfla', 'ychawla', 'nrobb', 'benne170', 'baylessl', 'jskare', 'hmcguir', 'bgrytza', 'lange35']",134,"['mikav', 'li2701', 'cohland', 'bbarale', 'obriencaitlin20', 'sbukzam', 'hollej', 'egummers', 'ahn87', 'ma592', 'wnorton', 'jone1616', 'sgandiko', 'agettel', 'zuckerma', 'lee2880', 'feng233', 'sharlow', 'mistachoi9000', 'ejobe', 'lnorris', 'djstumpf', 'abirkeme', 'jmontbru', 'nafandi', 'tuckergm', 'beers2', 'kngupta', 'shagaman', 'haejik', 'ebinkle', 'comer13', 'harri827', 'hodge20', 'smahipat', 'jcarre', 'jperata', 'armour1', 'asyrek', 'kradde', 'heaton4', 'jmesa', 'kzingaro', 'pbhaske', 'thoma805', 'skunduru', 'bkoszyk', 'bird12', 'voorsm', 'akurumba', 'mprue', 'mcalisto', 'lin1297', 'lregalad', 'jhaddadc', None, 'rharapan', 'rvulich', 'mannin15', 'jmavi', 'chfranci', 'jmestach', 'tvulich', 'beck160', 'kortee', 'nbstern', 'mfangio', 'sconkle', 'hollowr', 'snathell', 'rkeyser', 'east5', 'agarw190', 'gzanutta', 'carls127', 'oditto', 'stockerm', 'hrubyr', 'hawkin98', 'scroskey', 'aalnas', 'dmarcha', 'dbhagwan', 'fruane', 'murph417', 'sweene26', 'ellis.gavin99', 'afirkan', 'efrancoe', 'bodhiscott', 'lvelky', 'boninl', 'connoll1', 'ksagar', 'dmangeri', 'gconer', 'bbondi', 'kbrayto', 'wagne267', 'mihsan', 'marykirstenreilly', 'efrias', 'zhan3108', 'ndroessl', 'hughe234', 'nixon21', 'aquinli', 'funkhous', 'mill2391', 'sharp82', 'cmancini', 'wheffern', 'csrafin', 'drake38', 'bdbowles', 'llwan', 'nkielkop', 'castil77', 'cleveng2', 'robin460', 'carr94', 'gagnonn', 'svendsen', 'weber164', 'weber171', 'lhoppenr', 'tchen135', 'ncivitan', 'ehultman', 'zhao979', 'hshrote', 'achungma', 'tprati', 'jomondi']",229,"['artierenier', 'mikav', 'sbukzam', 'hollej', 'ahn87', 'ma592', 'wnorton', 'sgandiko', 'amarkert', 'agettel', 'downeyl', 'zuckerma', 'romack0', 'lee2880', 'nrentsc', 'feng233', 'sharlow', 'costel12', 'mistachoi9000', 'duncan94', 'ejobe', 'lnorris', 'michae19', 'liu2442', 'benne170', 'beers2', 'shagaman', 'tsriram', 'ander966', 'harri827', 'baylessl', 'wagoneb', 'mngaglia', 'ashinne', 'kzingaro', 'pbhaske', 'thoma805', 'bkoszyk', 'voorsm', 'mot', 'mcalisto', 'scott479', 'lregalad', None, 'verduzm', 'mannin15', 'rvulich', 'lopez347', 'jmestach', 'leal6', 'beck160', 'will1941', 'nbstern', 'andersonmy94', 'hollowr', 'rkeyser', 'hsakiewi', 'rhodes44', 'jade.m.meekin', 'east5', 'agarw190', 'john2345', 'oditto', 'hrubyr', 'okeefee', 'dbhagwan', 'harvey83', 'murph417', 'ellis.gavin99', 'jyounkin', 'ewolfla', 'single0', 'jcavage', 'russe162', 'mclassen', 'dholicz', 'dmangeri', 'gconer', 'llefebvr', 'kbrayto', 'ander939', 'marykirstenreilly', 'elamewon', 'hughe234', 'nixon21', 'rdamle', 'llwan', 'castil77', 'cleveng2', 'robin460', 'gagnonn', 'lhoppenr', 'tchen135', 'jnylen', 'ehultman', 'ellis125', 'zhao979', 'nrobb', 'hshrote', 'srajarat', 'tprati', 'hmcguir', 'bgrytza', 'lange35', 'jomondi', 'mkirsch', 'li2701', 'cohland', 'bbarale', 'obriencaitlin20', 'egummers', 'allen482', 'dnocon', 'jone1616', 'pate1034', 'djodhani', 'alsalea', 'tzadrave', 'djstumpf', 'abirkeme', 'jmontbru', 'wchowdhu', 'nafandi', 'tuckergm', 'kngupta', 'haejik', 'ebinkle', 'comer13', 'stuff', 'mock6', 'hodge20', 'smahipat', 'jcarre', 'jperata', 'armour1', 'asyrek', 'dkramper', 'kradde', 'heaton4', 'jmesa', 'skunduru', 'bird12', 'nortt', 'akurumba', 'mprue', 'lin1297', 'jhaddadc', 'melyouse', 'rharapan', 'jmavi', 'chfranci', 'lhendrik', 'ychawla', 'tvulich', 'jskare', 'kortee', 'mfangio', 'gfiedler', 'sconkle', 'ididelot', 'snathell', 'smit3400', 'whollan', 'gzanutta', 'zhu741', 'carls127', 'reddy62', 'mlannie', 'stockerm', 'kong68', 'mdewaele', 'nherbert', 'wdobbs', 'hawkin98', 'scroskey', 'aalnas', 'dmarcha', 'sayyala', 'fruane', 'rstaples', 'sweene26', 'chris260', 'afirkan', 'wood164', 'nfransen', 'efrancoe', 'pan229', 'bodhiscott', 'ojonas', 'rcalistr', 'lvelky', 'boninl', 'afarha', 'cliffos', 'esuer', 'connoll1', 'ksagar', 'bbondi', 'wagne267', 'mihsan', 'zhan3108', 'efrias', 'ndroessl', 'aquinli', 'slorenzo', 'funkhous', 'mill2391', 'brow1511', 'sharp82', 'cmancini', 'wheffern', 'csrafin', 'drake38', 'bdbowles', 'pkanugul', 'nkielkop', 'lritchis', 'carr94', 'svendsen', 'weber164', 'weber171', 'cjlee328', 'ncivitan', 'rhentric', 'meyer313', 'chakra26', 'mmatteso', 'achungma', 'kyendru']"
6,345,96,171,56,"['artierenier', 'tsriram', 'mkirsch', 'ander966', 'llefebvr', 'gfiedler', 'stuff', 'mock6', 'elamewon', 'jade.m.meekin', 'dkramper', 'allen482', 'wagoneb', 'john2345', 'whollan', 'zhu741', 'dnocon', 'rdamle', 'mngaglia', 'mlannie', 'amarkert', 'kong68', 'mdewaele', 'wdobbs', 'ashinne', 'pate1034', 'romack0', 'okeefee', 'sayyala', 'nortt', 'rstaples', 'pkanugul', 'lritchis', 'scott479', 'chris260', 'nfransen', 'verduzm', 'pan229', 'ojonas', 'rcalistr', 'rhentric', 'jnylen', 'lhendrik', 'liu2442', 'single0', 'lopez347', 'jcavage', 'afarha', 'cliffos', 'mmatteso', 'leal6', 'srajarat', 'mclassen', 'kyendru', 'esuer', 'bgrytza']",39,"['will1941', 'andersonmy94', 'ander939', 'ididelot', 'hsakiewi', 'rhodes44', 'smit3400', 'dholicz', 'slorenzo', 'brow1511', 'reddy62', 'nherbert', 'djodhani', 'downeyl', 'nrentsc', 'harvey83', 'alsalea', 'mot', 'tzadrave', 'costel12', 'duncan94', 'jyounkin', 'cjlee328', 'melyouse', 'wood164', 'meyer313', 'wchowdhu', 'michae19', 'chakra26', 'ewolfla', 'ellis125', 'ychawla', 'nrobb', 'benne170', 'russe162', 'baylessl', 'jskare', 'hmcguir', 'lange35']",115,"['mikav', 'li2701', 'cohland', 'bbarale', 'butcher5', 'obriencaitlin20', 'sbukzam', 'hollej', 'egummers', 'ahn87', 'rtrafele', 'wnorton', 'jone1616', 'sgandiko', 'adoxsee', 'agettel', 'zuckerma', 'feng233', 'sharlow', 'jennin56', 'ejobe', 'lnorris', 'tdeucher', 'abirkeme', 'jmontbru', 'nafandi', 'zaloudah', 'tuckergm', 'beers2', 'kngupta', 'shagaman', 'ebinkle', 'abieniek', 'comer13', 'harri827', 'hodge20', 'smahipat', 'jcarre', 'jperata', 'asyrek', 'kradde', 'heaton4', 'ellis136', 'kzingaro', 'pbhaske', 'thoma805', 'skunduru', 'bkoszyk', 'bird12', 'voorsm', 'akurumba', 'mprue', 'mcalisto', 'lin1297', None, 'rharapan', 'rvulich', 'mannin15', 'chfranci', 'tvulich', 'mfangio', 'hollowr', 'snathell', 'nrrobins', 'agarw190', 'gzanutta', 'carls127', 'schellia', 'oditto', 'stockerm', 'hawkin98', 'aalnas', 'dbhagwan', 'fruane', 'comer4', 'murph417', 'sweene26', 'afirkan', 'efrancoe', 'bodhiscott', 'lvelky', 'boninl', 'wils1064', 'huan1346', 'connoll1', 'ksagar', 'gconer', 'bbondi', 'kbrayto', 'wagne267', 'zhan3108', 'marykirstenreilly', 'ndroessl', 'hughe234', 'nixon21', 'amushovi', 'patra7', 'sharp82', 'cmancini', 'csrafin', 'drake38', 'llwan', 'nkielkop', 'wrigh413', 'cleveng2', 'gszyman', 'gagnonn', 'svendsen', 'ncivitan', 'akmaksim', 'zhao979', 'jgerstei', 'achungma', 'tprati', 'jomondi']",210,"['artierenier', 'mikav', 'butcher5', 'sbukzam', 'hollej', 'ahn87', 'wnorton', 'sgandiko', 'amarkert', 'agettel', 'downeyl', 'zuckerma', 'romack0', 'nrentsc', 'feng233', 'sharlow', 'costel12', 'jennin56', 'duncan94', 'ejobe', 'lnorris', 'tdeucher', 'michae19', 'zaloudah', 'liu2442', 'benne170', 'beers2', 'shagaman', 'abieniek', 'tsriram', 'ander966', 'harri827', 'baylessl', 'wagoneb', 'mngaglia', 'ashinne', 'kzingaro', 'pbhaske', 'thoma805', 'bkoszyk', 'voorsm', 'mot', 'mcalisto', 'scott479', None, 'verduzm', 'mannin15', 'rvulich', 'lopez347', 'leal6', 'will1941', 'andersonmy94', 'hollowr', 'hsakiewi', 'rhodes44', 'jade.m.meekin', 'nrrobins', 'agarw190', 'john2345', 'schellia', 'oditto', 'okeefee', 'dbhagwan', 'harvey83', 'murph417', 'jyounkin', 'wils1064', 'ewolfla', 'huan1346', 'single0', 'jcavage', 'russe162', 'mclassen', 'dholicz', 'gconer', 'llefebvr', 'kbrayto', 'ander939', 'marykirstenreilly', 'elamewon', 'hughe234', 'nixon21', 'amushovi', 'rdamle', 'llwan', 'cleveng2', 'gagnonn', 'jnylen', 'ellis125', 'zhao979', 'nrobb', 'srajarat', 'tprati', 'hmcguir', 'bgrytza', 'lange35', 'jomondi', 'mkirsch', 'li2701', 'cohland', 'bbarale', 'obriencaitlin20', 'egummers', 'rtrafele', 'allen482', 'dnocon', 'jone1616', 'adoxsee', 'pate1034', 'djodhani', 'alsalea', 'tzadrave', 'abirkeme', 'jmontbru', 'wchowdhu', 'nafandi', 'tuckergm', 'kngupta', 'ebinkle', 'comer13', 'stuff', 'mock6', 'hodge20', 'smahipat', 'jcarre', 'jperata', 'asyrek', 'dkramper', 'kradde', 'heaton4', 'ellis136', 'skunduru', 'bird12', 'nortt', 'akurumba', 'mprue', 'lin1297', 'melyouse', 'rharapan', 'chfranci', 'lhendrik', 'ychawla', 'tvulich', 'jskare', 'mfangio', 'gfiedler', 'ididelot', 'snathell', 'smit3400', 'whollan', 'gzanutta', 'zhu741', 'carls127', 'reddy62', 'mlannie', 'stockerm', 'kong68', 'mdewaele', 'nherbert', 'wdobbs', 'hawkin98', 'aalnas', 'sayyala', 'fruane', 'rstaples', 'comer4', 'sweene26', 'chris260', 'afirkan', 'wood164', 'nfransen', 'efrancoe', 'pan229', 'bodhiscott', 'ojonas', 'rcalistr', 'lvelky', 'boninl', 'afarha', 'cliffos', 'esuer', 'connoll1', 'ksagar', 'bbondi', 'wagne267', 'zhan3108', 'ndroessl', 'slorenzo', 'brow1511', 'patra7', 'sharp82', 'cmancini', 'csrafin', 'drake38', 'pkanugul', 'wrigh413', 'nkielkop', 'gszyman', 'lritchis', 'svendsen', 'cjlee328', 'ncivitan', 'rhentric', 'meyer313', 'chakra26', 'akmaksim', 'mmatteso', 'jgerstei', 'achungma', 'kyendru']"
6,625,96,159,53,"['artierenier', 'will1941', 'tsriram', 'mkirsch', 'ander966', 'llefebvr', 'gfiedler', 'stuff', 'mock6', 'ander939', 'elamewon', 'jade.m.meekin', 'allen482', 'wagoneb', 'john2345', 'whollan', 'zhu741', 'dnocon', 'rdamle', 'mngaglia', 'mlannie', 'kong68', 'wdobbs', 'downeyl', 'romack0', 'okeefee', 'nrentsc', 'sayyala', 'nortt', 'rstaples', 'lritchis', 'jyounkin', 'chris260', 'nfransen', 'pan229', 'rhentric', 'ojonas', 'rcalistr', 'jnylen', 'liu2442', 'single0', 'lopez347', 'jcavage', 'afarha', 'cliffos', 'ellis125', 'mmatteso', 'russe162', 'srajarat', 'mclassen', 'kyendru', 'hmcguir', 'bgrytza']",42,"['andersonmy94', 'ididelot', 'hsakiewi', 'rhodes44', 'smit3400', 'dholicz', 'dkramper', 'slorenzo', 'brow1511', 'reddy62', 'amarkert', 'mdewaele', 'nherbert', 'ashinne', 'pate1034', 'djodhani', 'harvey83', 'alsalea', 'pkanugul', 'mot', 'tzadrave', 'costel12', 'scott479', 'duncan94', 'cjlee328', 'melyouse', 'wood164', 'verduzm', 'meyer313', 'wchowdhu', 'michae19', 'chakra26', 'lhendrik', 'ewolfla', 'ychawla', 'nrobb', 'benne170', 'leal6', 'baylessl', 'jskare', 'esuer', 'lange35']",106,"['mikav', 'thubauer', 'li2701', 'cohland', 'bbarale', 'obriencaitlin20', 'lukehendriks4', 'sbukzam', 'hollej', 'ahn87', 'rtrafele', 'wnorton', 'jone1616', 'adoxsee', 'agettel', 'zuckerma', 'feng233', 'sharlow', 'jennin56', 'ejobe', 'abirkeme', 'jmontbru', 'nafandi', 'beers2', 'sinha54', 'kngupta', 'ebinkle', 'comer13', 'harri827', 'hodge20', 'smahipat', 'jcarre', 'jperata', 'armour1', 'asyrek', 'agf2018', 'kradde', 'danie140', 'heaton4', 'jmesa', 'kzingaro', 'pbhaske', 'thoma805', 'skunduru', 'bkoszyk', 'bird12', 'voorsm', 'akurumba', 'mprue', 'mcalisto', 'lin1297', None, 'mannin15', 'chfranci', 'jmestach', 'tvulich', 'amelia.markert979', 'mfangio', 'hollowr', 'snathell', 'nrrobins', 'agarw190', 'gzanutta', 'carls127', 'stockerm', 'hawkin98', 'aalnas', 'pate1082', 'dbhagwan', 'fruane', 'murph417', 'sweene26', 'afirkan', 'efrancoe', 'bodhiscott', 'lvelky', 'boninl', 'lopez344', 'connoll1', 'ksagar', 'gconer', 'bbondi', 'kbrayto', 'mihsan', 'marykirstenreilly', 'zhan3108', 'ndroessl', 'hughe234', 'nixon21', 'funkhous', 'sharp82', 'cmancini', 'csrafin', 'mragei', 'llwan', 'nkielkop', 'cleveng2', 'gagnonn', 'svendsen', 'weber164', 'ncivitan', 'akmaksim', 'zhao979', 'jgerstei', 'achungma', 'tprati']",201,"['artierenier', 'mikav', 'mkirsch', 'thubauer', 'li2701', 'cohland', 'bbarale', 'obriencaitlin20', 'lukehendriks4', 'sbukzam', 'hollej', 'ahn87', 'rtrafele', 'allen482', 'wnorton', 'dnocon', 'jone1616', 'adoxsee', 'amarkert', 'agettel', 'pate1034', 'djodhani', 'downeyl', 'zuckerma', 'romack0', 'nrentsc', 'feng233', 'alsalea', 'sharlow', 'tzadrave', 'costel12', 'jennin56', 'duncan94', 'ejobe', 'abirkeme', 'jmontbru', 'wchowdhu', 'michae19', 'nafandi', 'liu2442', 'benne170', 'beers2', 'sinha54', 'kngupta', 'ebinkle', 'tsriram', 'comer13', 'ander966', 'stuff', 'mock6', 'harri827', 'hodge20', 'smahipat', 'baylessl', 'jcarre', 'jperata', 'armour1', 'asyrek', 'dkramper', 'wagoneb', 'agf2018', 'kradde', 'danie140', 'heaton4', 'jmesa', 'mngaglia', 'ashinne', 'kzingaro', 'pbhaske', 'thoma805', 'skunduru', 'bkoszyk', 'bird12', 'voorsm', 'nortt', 'akurumba', 'mot', 'mprue', 'mcalisto', 'scott479', 'lin1297', 'melyouse', None, 'verduzm', 'mannin15', 'chfranci', 'lhendrik', 'lopez347', 'ychawla', 'jmestach', 'leal6', 'tvulich', 'jskare', 'will1941', 'amelia.markert979', 'mfangio', 'andersonmy94', 'gfiedler', 'hollowr', 'ididelot', 'snathell', 'hsakiewi', 'rhodes44', 'jade.m.meekin', 'smit3400', 'nrrobins', 'agarw190', 'john2345', 'whollan', 'zhu741', 'gzanutta', 'carls127', 'reddy62', 'mlannie', 'stockerm', 'kong68', 'mdewaele', 'nherbert', 'wdobbs', 'hawkin98', 'aalnas', 'okeefee', 'pate1082', 'sayyala', 'dbhagwan', 'harvey83', 'fruane', 'rstaples', 'murph417', 'sweene26', 'jyounkin', 'chris260', 'afirkan', 'wood164', 'nfransen', 'efrancoe', 'pan229', 'bodhiscott', 'ojonas', 'rcalistr', 'lvelky', 'boninl', 'ewolfla', 'single0', 'jcavage', 'afarha', 'cliffos', 'russe162', 'mclassen', 'dholicz', 'esuer', 'lopez344', 'connoll1', 'ksagar', 'gconer', 'bbondi', 'llefebvr', 'kbrayto', 'ander939', 'mihsan', 'marykirstenreilly', 'zhan3108', 'elamewon', 'ndroessl', 'hughe234', 'nixon21', 'slorenzo', 'funkhous', 'brow1511', 'sharp82', 'rdamle', 'cmancini', 'csrafin', 'mragei', 'llwan', 'pkanugul', 'nkielkop', 'cleveng2', 'lritchis', 'gagnonn', 'svendsen', 'weber164', 'cjlee328', 'ncivitan', 'rhentric', 'jnylen', 'meyer313', 'chakra26', 'akmaksim', 'ellis125', 'mmatteso', 'zhao979', 'nrobb', 'jgerstei', 'srajarat', 'achungma', 'tprati', 'kyendru', 'hmcguir', 'bgrytza', 'lange35']"
6,593,96,154,64,"['artierenier', 'will1941', 'tsriram', 'mkirsch', 'ander966', 'gfiedler', 'stuff', 'mock6', 'ander939', 'elamewon', 'rhodes44', 'jade.m.meekin', 'dkramper', 'allen482', 'wagoneb', 'john2345', 'whollan', 'zhu741', 'dnocon', 'reddy62', 'rdamle', 'mngaglia', 'mlannie', 'amarkert', 'kong68', 'mdewaele', 'nherbert', 'wdobbs', 'ashinne', 'pate1034', 'downeyl', 'okeefee', 'nrentsc', 'sayyala', 'nortt', 'alsalea', 'pkanugul', 'hmcguir', 'lritchis', 'scott479', 'jyounkin', 'chris260', 'nfransen', 'verduzm', 'pan229', 'ojonas', 'rcalistr', 'rhentric', 'jnylen', 'lhendrik', 'liu2442', 'single0', 'lopez347', 'jcavage', 'ellis125', 'mmatteso', 'leal6', 'russe162', 'srajarat', 'mclassen', 'kyendru', 'esuer', 'bgrytza', 'lange35']",31,"['andersonmy94', 'llefebvr', 'ididelot', 'hsakiewi', 'smit3400', 'dholicz', 'slorenzo', 'brow1511', 'djodhani', 'romack0', 'harvey83', 'rstaples', 'mot', 'tzadrave', 'costel12', 'duncan94', 'cjlee328', 'melyouse', 'wood164', 'meyer313', 'wchowdhu', 'michae19', 'chakra26', 'ewolfla', 'afarha', 'ychawla', 'cliffos', 'nrobb', 'benne170', 'baylessl', 'jskare']",90,"['cohland', 'sbukzam', 'egummers', 'rtrafele', 'ma592', 'ja37989', 'schradc', 'sgandiko', 'agettel', 'tschoste', 'herna522', 'zuckerma', 'sharlow', 'jennin56', 'hschroad', 'ejobe', 'tdeucher', 'nafandi', 'tuckergm', 'mccorma8', 'beers2', 'haejik', 'comer13', 'harri827', 'hodge20', 'barlow11', 'smahipat', 'jperata', 'armour1', 'asyrek', 'kradde', 'heaton4', 'glancas', 'pbhaske', 'skunduru', 'bkoszyk', 'bird12', 'voorsm', 'tladner', 'akurumba', 'mprue', 'mcalisto', 'lin1297', None, 'jmavi', 'rvulich', 'chfranci', 'tvulich', 'smit3417', 'mfangio', 'hollowr', 'snathell', 'nrrobins', 'gzanutta', 'oditto', 'wu1696', 'hawkin98', 'fruane', 'sweene26', 'ellis.gavin99', 'efrancoe', 'boninl', 'owellbor', 'connoll1', 'stewa263', 'ksagar', 'mann104', 'strachan', 'gconer', 'bbondi', 'kbrayto', 'wagne267', 'zhan3108', 'ndroessl', 'hughe234', 'nixon21', 'funkhous', 'sharp82', 'csrafin', 'mragei', 'cleveng2', 'gszyman', 'gagnonn', 'weber164', 'titus9', 'akmaksim', 'zhao979', 'achungma', 'tprati', 'jomondi']",185,"['artierenier', 'mkirsch', 'cohland', 'sbukzam', 'egummers', 'rtrafele', 'allen482', 'ma592', 'ja37989', 'schradc', 'dnocon', 'sgandiko', 'amarkert', 'agettel', 'pate1034', 'djodhani', 'tschoste', 'downeyl', 'herna522', 'zuckerma', 'romack0', 'nrentsc', 'alsalea', 'sharlow', 'tzadrave', 'costel12', 'jennin56', 'duncan94', 'hschroad', 'ejobe', 'tdeucher', 'nafandi', 'wchowdhu', 'michae19', 'tuckergm', 'liu2442', 'mccorma8', 'benne170', 'beers2', 'haejik', 'tsriram', 'comer13', 'ander966', 'stuff', 'mock6', 'harri827', 'hodge20', 'barlow11', 'smahipat', 'baylessl', 'jperata', 'armour1', 'asyrek', 'dkramper', 'wagoneb', 'kradde', 'heaton4', 'mngaglia', 'glancas', 'ashinne', 'pbhaske', 'skunduru', 'bkoszyk', 'bird12', 'voorsm', 'nortt', 'tladner', 'akurumba', 'mot', 'mprue', 'mcalisto', 'scott479', 'lin1297', 'melyouse', None, 'verduzm', 'jmavi', 'rvulich', 'chfranci', 'lhendrik', 'lopez347', 'ychawla', 'leal6', 'tvulich', 'jskare', 'smit3417', 'will1941', 'mfangio', 'andersonmy94', 'gfiedler', 'hollowr', 'ididelot', 'snathell', 'hsakiewi', 'rhodes44', 'jade.m.meekin', 'smit3400', 'nrrobins', 'john2345', 'whollan', 'zhu741', 'gzanutta', 'reddy62', 'oditto', 'mlannie', 'kong68', 'mdewaele', 'nherbert', 'wdobbs', 'wu1696', 'hawkin98', 'okeefee', 'sayyala', 'harvey83', 'fruane', 'rstaples', 'sweene26', 'ellis.gavin99', 'jyounkin', 'chris260', 'wood164', 'nfransen', 'efrancoe', 'pan229', 'ojonas', 'rcalistr', 'boninl', 'ewolfla', 'single0', 'jcavage', 'afarha', 'cliffos', 'russe162', 'mclassen', 'dholicz', 'owellbor', 'esuer', 'connoll1', 'stewa263', 'ksagar', 'mann104', 'strachan', 'gconer', 'bbondi', 'llefebvr', 'kbrayto', 'wagne267', 'ander939', 'zhan3108', 'elamewon', 'ndroessl', 'hughe234', 'nixon21', 'slorenzo', 'funkhous', 'brow1511', 'sharp82', 'rdamle', 'csrafin', 'mragei', 'pkanugul', 'cleveng2', 'gszyman', 'lritchis', 'gagnonn', 'weber164', 'cjlee328', 'titus9', 'rhentric', 'jnylen', 'meyer313', 'chakra26', 'akmaksim', 'ellis125', 'mmatteso', 'zhao979', 'nrobb', 'srajarat', 'achungma', 'tprati', 'kyendru', 'hmcguir', 'bgrytza', 'lange35', 'jomondi']"
6,346,96,44,14,"['lange35', 'meyer313', 'harvey83', 'brow1511', 'michae19', 'ewolfla', 'reddy62', 'tzadrave', 'costel12', 'nrobb', 'dholicz', 'hmcguir', 'rhodes44', 'smit3400']",81,"['artierenier', 'mkirsch', 'allen482', 'dnocon', 'amarkert', 'pate1034', 'djodhani', 'downeyl', 'romack0', 'nrentsc', 'alsalea', 'duncan94', 'wchowdhu', 'liu2442', 'benne170', 'tsriram', 'ander966', 'stuff', 'mock6', 'dkramper', 'wagoneb', 'mngaglia', 'ashinne', 'nortt', 'mot', 'scott479', 'melyouse', 'verduzm', 'lhendrik', 'lopez347', 'ychawla', 'leal6', 'jskare', 'will1941', 'andersonmy94', 'gfiedler', 'ididelot', 'hsakiewi', 'jade.m.meekin', 'john2345', 'whollan', 'zhu741', 'mlannie', 'kong68', 'mdewaele', 'nherbert', 'wdobbs', 'okeefee', 'sayyala', 'rstaples', 'jyounkin', 'chris260', 'wood164', 'nfransen', 'pan229', 'ojonas', 'rcalistr', 'single0', 'jcavage', 'afarha', 'cliffos', 'russe162', 'mclassen', 'esuer', 'llefebvr', 'ander939', 'elamewon', 'slorenzo', 'rdamle', 'pkanugul', 'lritchis', 'cjlee328', 'rhentric', 'jnylen', 'chakra26', 'ellis125', 'mmatteso', 'kyendru', 'srajarat', 'baylessl', 'bgrytza']",30,"['graf9', 'adshowal', 'armour1', 'zaly', 'mart1390', 'cmestre', 'meyer292', 'bwodetz', 'danie140', 'billing4', 'hmcmilli', 'jkamedul', 'annaleichty1', 'jiang650', 'pweitzel', 'pmansour', 'tladner', 'baxter26', 'srpirtle', 'see4', 'busch8', None, 'evans251', 'wils1064', 'huan1346', 'yu957', 'douh', 'moeller4', 'toboyle', 'kjabbar']",125,"['artierenier', 'will1941', 'mkirsch', 'andersonmy94', 'gfiedler', 'ididelot', 'zaly', 'mart1390', 'hsakiewi', 'rhodes44', 'jade.m.meekin', 'smit3400', 'cmestre', 'allen482', 'john2345', 'whollan', 'zhu741', 'bwodetz', 'billing4', 'dnocon', 'hmcmilli', 'reddy62', 'mlannie', 'amarkert', 'kong68', 'mdewaele', 'nherbert', 'wdobbs', 'annaleichty1', 'pate1034', 'djodhani', 'downeyl', 'romack0', 'okeefee', 'nrentsc', 'sayyala', 'harvey83', 'alsalea', 'rstaples', 'baxter26', 'tzadrave', 'costel12', 'duncan94', 'busch8', 'jyounkin', 'chris260', 'wood164', 'nfransen', 'pan229', 'ojonas', 'rcalistr', 'wchowdhu', 'michae19', 'wils1064', 'ewolfla', 'liu2442', 'single0', 'jcavage', 'afarha', 'huan1346', 'cliffos', 'benne170', 'russe162', 'mclassen', 'dholicz', 'esuer', 'tsriram', 'graf9', 'ander966', 'llefebvr', 'stuff', 'mock6', 'ander939', 'adshowal', 'elamewon', 'armour1', 'meyer292', 'dkramper', 'wagoneb', 'slorenzo', 'danie140', 'brow1511', 'rdamle', 'mngaglia', 'jkamedul', 'ashinne', 'jiang650', 'pweitzel', 'pmansour', 'moeller4', 'nortt', 'pkanugul', 'tladner', 'mot', 'srpirtle', 'lritchis', 'scott479', 'see4', 'cjlee328', 'melyouse', None, 'verduzm', 'rhentric', 'jnylen', 'meyer313', 'evans251', 'chakra26', 'lhendrik', 'ellis125', 'mmatteso', 'lopez347', 'ychawla', 'yu957', 'nrobb', 'leal6', 'srajarat', 'kyendru', 'douh', 'baylessl', 'jskare', 'hmcguir', 'bgrytza', 'toboyle', 'lange35', 'kjabbar']"
6,626,96,42,17,"['lange35', 'harvey83', 'brow1511', 'wood164', 'michae19', 'reddy62', 'chakra26', 'ewolfla', 'tzadrave', 'costel12', 'nrobb', 'nherbert', 'hsakiewi', 'duncan94', 'djodhani', 'rhodes44', 'smit3400']",78,"['artierenier', 'mkirsch', 'allen482', 'dnocon', 'amarkert', 'pate1034', 'downeyl', 'romack0', 'nrentsc', 'alsalea', 'wchowdhu', 'liu2442', 'benne170', 'tsriram', 'ander966', 'stuff', 'mock6', 'dkramper', 'wagoneb', 'mngaglia', 'ashinne', 'nortt', 'mot', 'scott479', 'melyouse', 'verduzm', 'lhendrik', 'lopez347', 'ychawla', 'leal6', 'jskare', 'will1941', 'andersonmy94', 'gfiedler', 'ididelot', 'jade.m.meekin', 'john2345', 'whollan', 'zhu741', 'mlannie', 'kong68', 'mdewaele', 'wdobbs', 'okeefee', 'sayyala', 'rstaples', 'jyounkin', 'chris260', 'nfransen', 'pan229', 'ojonas', 'rcalistr', 'single0', 'jcavage', 'afarha', 'cliffos', 'russe162', 'mclassen', 'dholicz', 'esuer', 'llefebvr', 'ander939', 'elamewon', 'slorenzo', 'rdamle', 'pkanugul', 'lritchis', 'cjlee328', 'rhentric', 'jnylen', 'meyer313', 'ellis125', 'mmatteso', 'kyendru', 'srajarat', 'baylessl', 'hmcguir', 'bgrytza']",25,"['buhland', 'adshowal', 'armour1', 'zaly', 'mart1390', 'meyer292', 'aquinli', 'bwodetz', 'markhodgkiss50', 'hmcmilli', 'annaleichty1', 'jiang650', 'pweitzel', 'pmansour', 'tladner', 'baxter26', 'see4', None, 'evans251', 'huan1346', 'douh', 'moeller4', 'sinha54', 'toboyle', 'kjabbar']",120,"['artierenier', 'will1941', 'mkirsch', 'andersonmy94', 'gfiedler', 'buhland', 'ididelot', 'zaly', 'mart1390', 'hsakiewi', 'rhodes44', 'jade.m.meekin', 'smit3400', 'allen482', 'john2345', 'whollan', 'zhu741', 'bwodetz', 'markhodgkiss50', 'dnocon', 'hmcmilli', 'reddy62', 'mlannie', 'amarkert', 'kong68', 'mdewaele', 'nherbert', 'wdobbs', 'annaleichty1', 'pate1034', 'djodhani', 'downeyl', 'romack0', 'okeefee', 'nrentsc', 'sayyala', 'harvey83', 'alsalea', 'rstaples', 'baxter26', 'tzadrave', 'costel12', 'duncan94', 'jyounkin', 'chris260', 'wood164', 'nfransen', 'pan229', 'ojonas', 'rcalistr', 'wchowdhu', 'michae19', 'ewolfla', 'liu2442', 'single0', 'jcavage', 'afarha', 'huan1346', 'cliffos', 'benne170', 'russe162', 'mclassen', 'dholicz', 'sinha54', 'esuer', 'tsriram', 'ander966', 'llefebvr', 'stuff', 'mock6', 'ander939', 'adshowal', 'elamewon', 'armour1', 'aquinli', 'meyer292', 'dkramper', 'wagoneb', 'slorenzo', 'brow1511', 'rdamle', 'mngaglia', 'ashinne', 'jiang650', 'pweitzel', 'pmansour', 'moeller4', 'nortt', 'pkanugul', 'tladner', 'mot', 'lritchis', 'scott479', 'see4', 'cjlee328', 'melyouse', None, 'verduzm', 'rhentric', 'jnylen', 'meyer313', 'evans251', 'chakra26', 'lhendrik', 'ellis125', 'mmatteso', 'lopez347', 'ychawla', 'nrobb', 'leal6', 'srajarat', 'kyendru', 'douh', 'baylessl', 'jskare', 'hmcguir', 'bgrytza', 'toboyle', 'lange35', 'kjabbar']"
6,362,96,41,16,"['lange35', 'meyer313', 'harvey83', 'brow1511', 'wood164', 'michae19', 'chakra26', 'ewolfla', 'tzadrave', 'costel12', 'nrobb', 'nherbert', 'duncan94', 'djodhani', 'rhodes44', 'smit3400']",79,"['artierenier', 'mkirsch', 'allen482', 'dnocon', 'amarkert', 'pate1034', 'downeyl', 'romack0', 'nrentsc', 'alsalea', 'wchowdhu', 'liu2442', 'benne170', 'tsriram', 'ander966', 'stuff', 'mock6', 'dkramper', 'wagoneb', 'mngaglia', 'ashinne', 'nortt', 'mot', 'scott479', 'melyouse', 'verduzm', 'lhendrik', 'lopez347', 'ychawla', 'leal6', 'jskare', 'will1941', 'andersonmy94', 'gfiedler', 'ididelot', 'hsakiewi', 'jade.m.meekin', 'john2345', 'whollan', 'zhu741', 'reddy62', 'mlannie', 'kong68', 'mdewaele', 'wdobbs', 'okeefee', 'sayyala', 'rstaples', 'jyounkin', 'chris260', 'nfransen', 'pan229', 'ojonas', 'rcalistr', 'single0', 'jcavage', 'afarha', 'cliffos', 'russe162', 'mclassen', 'dholicz', 'esuer', 'llefebvr', 'ander939', 'elamewon', 'slorenzo', 'rdamle', 'pkanugul', 'lritchis', 'cjlee328', 'rhentric', 'jnylen', 'ellis125', 'mmatteso', 'kyendru', 'srajarat', 'baylessl', 'hmcguir', 'bgrytza']",25,"['wrigh496', 'adshowal', 'mart1390', 'bwodetz', 'cwantz', 'danie140', 'hmcmilli', 'jkamedul', 'annaleichty1', 'aboyina', 'jiang650', 'tladner', 'clancy6', 'baxter26', 'kstirrup', 'see4', 'busch8', None, 'evans251', 'huan1346', 'mhodgkis', 'douh', 'moeller4', 'sinha54', 'toboyle']",120,"['artierenier', 'wrigh496', 'will1941', 'mkirsch', 'andersonmy94', 'gfiedler', 'ididelot', 'mart1390', 'hsakiewi', 'rhodes44', 'jade.m.meekin', 'smit3400', 'allen482', 'john2345', 'whollan', 'zhu741', 'bwodetz', 'dnocon', 'hmcmilli', 'reddy62', 'mlannie', 'amarkert', 'kong68', 'mdewaele', 'nherbert', 'wdobbs', 'annaleichty1', 'pate1034', 'djodhani', 'downeyl', 'romack0', 'okeefee', 'nrentsc', 'sayyala', 'harvey83', 'alsalea', 'rstaples', 'clancy6', 'baxter26', 'tzadrave', 'costel12', 'duncan94', 'kstirrup', 'busch8', 'jyounkin', 'chris260', 'wood164', 'nfransen', 'pan229', 'ojonas', 'rcalistr', 'wchowdhu', 'michae19', 'ewolfla', 'liu2442', 'single0', 'jcavage', 'afarha', 'huan1346', 'cliffos', 'benne170', 'russe162', 'mclassen', 'dholicz', 'sinha54', 'esuer', 'tsriram', 'ander966', 'llefebvr', 'stuff', 'mock6', 'ander939', 'adshowal', 'elamewon', 'dkramper', 'wagoneb', 'slorenzo', 'cwantz', 'danie140', 'brow1511', 'rdamle', 'mngaglia', 'jkamedul', 'aboyina', 'ashinne', 'jiang650', 'moeller4', 'nortt', 'pkanugul', 'tladner', 'mot', 'lritchis', 'scott479', 'see4', 'cjlee328', 'melyouse', None, 'verduzm', 'rhentric', 'jnylen', 'meyer313', 'evans251', 'chakra26', 'lhendrik', 'ellis125', 'mmatteso', 'lopez347', 'ychawla', 'mhodgkis', 'nrobb', 'leal6', 'srajarat', 'kyendru', 'douh', 'baylessl', 'jskare', 'hmcguir', 'bgrytza', 'toboyle', 'lange35']"
6,594,96,41,16,"['lange35', 'meyer313', 'harvey83', 'brow1511', 'wood164', 'llefebvr', 'michae19', 'chakra26', 'ewolfla', 'tzadrave', 'costel12', 'nrobb', 'duncan94', 'dholicz', 'hsakiewi', 'smit3400']",79,"['artierenier', 'mkirsch', 'allen482', 'dnocon', 'amarkert', 'pate1034', 'djodhani', 'downeyl', 'romack0', 'nrentsc', 'alsalea', 'wchowdhu', 'liu2442', 'benne170', 'tsriram', 'ander966', 'stuff', 'mock6', 'dkramper', 'wagoneb', 'mngaglia', 'ashinne', 'nortt', 'mot', 'scott479', 'melyouse', 'verduzm', 'lhendrik', 'lopez347', 'ychawla', 'leal6', 'jskare', 'will1941', 'andersonmy94', 'gfiedler', 'ididelot', 'rhodes44', 'jade.m.meekin', 'john2345', 'whollan', 'zhu741', 'reddy62', 'mlannie', 'kong68', 'mdewaele', 'nherbert', 'wdobbs', 'okeefee', 'sayyala', 'rstaples', 'jyounkin', 'chris260', 'nfransen', 'pan229', 'ojonas', 'rcalistr', 'single0', 'jcavage', 'afarha', 'cliffos', 'russe162', 'mclassen', 'esuer', 'ander939', 'elamewon', 'slorenzo', 'rdamle', 'pkanugul', 'lritchis', 'cjlee328', 'rhentric', 'jnylen', 'ellis125', 'mmatteso', 'kyendru', 'srajarat', 'baylessl', 'hmcguir', 'bgrytza']",25,"['strachan', 'buhland', 'barlow11', 'adshowal', 'armour1', 'zaly', 'mart1390', 'meyer292', 'bwodetz', 'cwantz', 'hmcmilli', 'oditto', 'jkamedul', 'annaleichty1', 'aboyina', 'tladner', 'baxter26', 'srpirtle', 'titus9', None, 'evans251', 'wils1064', 'huan1346', 'mhodgkis', 'sinha54']",120,"['artierenier', 'will1941', 'mkirsch', 'andersonmy94', 'gfiedler', 'buhland', 'ididelot', 'zaly', 'mart1390', 'hsakiewi', 'rhodes44', 'jade.m.meekin', 'smit3400', 'allen482', 'john2345', 'whollan', 'zhu741', 'bwodetz', 'dnocon', 'hmcmilli', 'reddy62', 'oditto', 'mlannie', 'amarkert', 'kong68', 'mdewaele', 'nherbert', 'wdobbs', 'annaleichty1', 'pate1034', 'djodhani', 'downeyl', 'romack0', 'okeefee', 'nrentsc', 'sayyala', 'harvey83', 'alsalea', 'rstaples', 'baxter26', 'tzadrave', 'costel12', 'duncan94', 'jyounkin', 'chris260', 'wood164', 'nfransen', 'pan229', 'ojonas', 'rcalistr', 'wchowdhu', 'michae19', 'wils1064', 'ewolfla', 'liu2442', 'single0', 'jcavage', 'afarha', 'huan1346', 'cliffos', 'benne170', 'russe162', 'mclassen', 'dholicz', 'sinha54', 'esuer', 'tsriram', 'strachan', 'ander966', 'llefebvr', 'stuff', 'mock6', 'ander939', 'barlow11', 'adshowal', 'elamewon', 'armour1', 'meyer292', 'dkramper', 'wagoneb', 'slorenzo', 'cwantz', 'brow1511', 'rdamle', 'mngaglia', 'jkamedul', 'aboyina', 'ashinne', 'nortt', 'pkanugul', 'tladner', 'mot', 'srpirtle', 'lritchis', 'scott479', 'cjlee328', 'titus9', 'melyouse', None, 'verduzm', 'rhentric', 'jnylen', 'meyer313', 'evans251', 'chakra26', 'lhendrik', 'ellis125', 'mmatteso', 'lopez347', 'ychawla', 'mhodgkis', 'nrobb', 'leal6', 'srajarat', 'kyendru', 'baylessl', 'jskare', 'hmcguir', 'bgrytza', 'lange35']"
6,493,96,25,2,"['cliffos', 'romack0']",93,"['artierenier', 'mkirsch', 'allen482', 'dnocon', 'amarkert', 'pate1034', 'djodhani', 'downeyl', 'nrentsc', 'alsalea', 'tzadrave', 'costel12', 'duncan94', 'wchowdhu', 'michae19', 'liu2442', 'benne170', 'tsriram', 'ander966', 'stuff', 'mock6', 'dkramper', 'wagoneb', 'mngaglia', 'ashinne', 'nortt', 'mot', 'scott479', 'melyouse', 'verduzm', 'lhendrik', 'lopez347', 'ychawla', 'leal6', 'jskare', 'will1941', 'andersonmy94', 'gfiedler', 'ididelot', 'hsakiewi', 'rhodes44', 'jade.m.meekin', 'smit3400', 'john2345', 'whollan', 'zhu741', 'reddy62', 'mlannie', 'kong68', 'mdewaele', 'nherbert', 'wdobbs', 'okeefee', 'sayyala', 'harvey83', 'rstaples', 'jyounkin', 'chris260', 'wood164', 'nfransen', 'pan229', 'ojonas', 'rcalistr', 'ewolfla', 'single0', 'jcavage', 'afarha', 'russe162', 'mclassen', 'dholicz', 'esuer', 'llefebvr', 'ander939', 'elamewon', 'slorenzo', 'brow1511', 'rdamle', 'pkanugul', 'lritchis', 'cjlee328', 'rhentric', 'jnylen', 'meyer313', 'chakra26', 'ellis125', 'mmatteso', 'nrobb', 'kyendru', 'srajarat', 'baylessl', 'hmcguir', 'bgrytza', 'lange35']",23,"['ebinkle', 'nbstern', 'dmangeri', 'mihsan', 'rkeyser', 'east5', 'agarw190', 'mill2391', 'hrubyr', 'wheffern', 'scroskey', 'kngupta', 'dmarcha', 'lee2880', 'castil77', 'lhoppenr', 'lregalad', None, 'bodhiscott', 'ehultman', 'hshrote', 'shagaman', 'kortee']",118,"['artierenier', 'will1941', 'nbstern', 'mkirsch', 'andersonmy94', 'gfiedler', 'ididelot', 'rkeyser', 'hsakiewi', 'rhodes44', 'jade.m.meekin', 'smit3400', 'east5', 'agarw190', 'allen482', 'john2345', 'whollan', 'zhu741', 'dnocon', 'reddy62', 'mlannie', 'amarkert', 'kong68', 'mdewaele', 'nherbert', 'wdobbs', 'hrubyr', 'pate1034', 'djodhani', 'scroskey', 'downeyl', 'dmarcha', 'romack0', 'okeefee', 'nrentsc', 'sayyala', 'lee2880', 'harvey83', 'alsalea', 'rstaples', 'tzadrave', 'costel12', 'duncan94', 'jyounkin', 'chris260', 'wood164', 'nfransen', 'pan229', 'bodhiscott', 'ojonas', 'rcalistr', 'wchowdhu', 'michae19', 'ewolfla', 'liu2442', 'single0', 'jcavage', 'afarha', 'cliffos', 'benne170', 'russe162', 'mclassen', 'dholicz', 'esuer', 'shagaman', 'kngupta', 'ebinkle', 'tsriram', 'dmangeri', 'ander966', 'llefebvr', 'stuff', 'mock6', 'ander939', 'mihsan', 'elamewon', 'dkramper', 'wagoneb', 'slorenzo', 'mill2391', 'brow1511', 'rdamle', 'mngaglia', 'ashinne', 'wheffern', 'kortee', 'nortt', 'castil77', 'pkanugul', 'mot', 'lritchis', 'scott479', 'lhoppenr', 'lregalad', 'cjlee328', 'melyouse', None, 'verduzm', 'rhentric', 'jnylen', 'meyer313', 'chakra26', 'ehultman', 'lhendrik', 'ellis125', 'mmatteso', 'lopez347', 'ychawla', 'nrobb', 'hshrote', 'leal6', 'srajarat', 'kyendru', 'baylessl', 'jskare', 'hmcguir', 'bgrytza', 'lange35']"
6,245,96,19,2,"['alsalea', 'downeyl']",93,"['artierenier', 'will1941', 'mkirsch', 'andersonmy94', 'gfiedler', 'ididelot', 'hsakiewi', 'rhodes44', 'jade.m.meekin', 'smit3400', 'allen482', 'john2345', 'whollan', 'zhu741', 'dnocon', 'reddy62', 'mlannie', 'amarkert', 'kong68', 'mdewaele', 'nherbert', 'wdobbs', 'pate1034', 'djodhani', 'romack0', 'okeefee', 'nrentsc', 'sayyala', 'harvey83', 'rstaples', 'tzadrave', 'costel12', 'duncan94', 'jyounkin', 'chris260', 'wood164', 'nfransen', 'pan229', 'ojonas', 'rcalistr', 'wchowdhu', 'michae19', 'ewolfla', 'liu2442', 'single0', 'jcavage', 'afarha', 'cliffos', 'benne170', 'russe162', 'mclassen', 'dholicz', 'esuer', 'tsriram', 'ander966', 'llefebvr', 'stuff', 'mock6', 'ander939', 'elamewon', 'dkramper', 'wagoneb', 'slorenzo', 'brow1511', 'rdamle', 'mngaglia', 'ashinne', 'nortt', 'pkanugul', 'mot', 'lritchis', 'scott479', 'cjlee328', 'melyouse', 'verduzm', 'rhentric', 'jnylen', 'meyer313', 'chakra26', 'lhendrik', 'ellis125', 'mmatteso', 'lopez347', 'ychawla', 'nrobb', 'leal6', 'srajarat', 'kyendru', 'baylessl', 'jskare', 'hmcguir', 'bgrytza', 'lange35']",17,"['jwaimin', 'fixa', 'alafzi', 'psalek', 'qu34', 'mnoftz1157', 'rapplet', 'haejik', 'faltens', 'chientzulin', 'sconkle', 'jverduzc', 'hparmar', 'jwat', 'mfarnell', None, 'jhaddadc']",112,"['artierenier', 'will1941', 'mkirsch', 'andersonmy94', 'gfiedler', 'chientzulin', 'sconkle', 'ididelot', 'mfarnell', 'hsakiewi', 'rhodes44', 'jade.m.meekin', 'smit3400', 'allen482', 'john2345', 'whollan', 'zhu741', 'dnocon', 'reddy62', 'mlannie', 'amarkert', 'kong68', 'mdewaele', 'nherbert', 'wdobbs', 'jverduzc', 'pate1034', 'djodhani', 'downeyl', 'romack0', 'okeefee', 'nrentsc', 'sayyala', 'harvey83', 'alsalea', 'rstaples', 'psalek', 'tzadrave', 'costel12', 'duncan94', 'jyounkin', 'chris260', 'wood164', 'nfransen', 'pan229', 'ojonas', 'rcalistr', 'wchowdhu', 'michae19', 'ewolfla', 'liu2442', 'single0', 'jcavage', 'afarha', 'cliffos', 'benne170', 'russe162', 'mclassen', 'dholicz', 'esuer', 'haejik', 'jwaimin', 'tsriram', 'ander966', 'llefebvr', 'stuff', 'mock6', 'ander939', 'faltens', 'elamewon', 'hparmar', 'jwat', 'alafzi', 'dkramper', 'wagoneb', 'slorenzo', 'brow1511', 'mnoftz1157', 'rdamle', 'mngaglia', 'ashinne', 'nortt', 'pkanugul', 'qu34', 'mot', 'lritchis', 'scott479', 'cjlee328', 'jhaddadc', 'melyouse', None, 'verduzm', 'rhentric', 'jnylen', 'meyer313', 'fixa', 'chakra26', 'lhendrik', 'ellis125', 'mmatteso', 'lopez347', 'ychawla', 'rapplet', 'nrobb', 'leal6', 'srajarat', 'kyendru', 'baylessl', 'jskare', 'hmcguir', 'bgrytza', 'lange35']"
6,281,96,16,5,"['artierenier', 'wagoneb', 'lopez347', 'leal6', 'jnylen']",90,"['will1941', 'mkirsch', 'andersonmy94', 'gfiedler', 'ididelot', 'hsakiewi', 'rhodes44', 'jade.m.meekin', 'smit3400', 'allen482', 'john2345', 'whollan', 'zhu741', 'dnocon', 'reddy62', 'mlannie', 'amarkert', 'kong68', 'mdewaele', 'nherbert', 'wdobbs', 'pate1034', 'djodhani', 'downeyl', 'romack0', 'okeefee', 'nrentsc', 'sayyala', 'harvey83', 'alsalea', 'rstaples', 'tzadrave', 'costel12', 'duncan94', 'jyounkin', 'chris260', 'wood164', 'nfransen', 'pan229', 'ojonas', 'rcalistr', 'wchowdhu', 'michae19', 'ewolfla', 'liu2442', 'single0', 'jcavage', 'afarha', 'cliffos', 'benne170', 'russe162', 'mclassen', 'dholicz', 'esuer', 'tsriram', 'ander966', 'llefebvr', 'stuff', 'mock6', 'ander939', 'elamewon', 'dkramper', 'slorenzo', 'brow1511', 'rdamle', 'mngaglia', 'ashinne', 'nortt', 'pkanugul', 'mot', 'lritchis', 'scott479', 'cjlee328', 'melyouse', 'verduzm', 'rhentric', 'meyer313', 'chakra26', 'lhendrik', 'ellis125', 'mmatteso', 'ychawla', 'nrobb', 'srajarat', 'kyendru', 'baylessl', 'jskare', 'hmcguir', 'bgrytza', 'lange35']",11,"['bdbowles', 'nafandi', 'nkielkop', 'wrigh413', 'akmaksim', 'tan213', 'murph417', 'stockerm', 'thoma805', None, 'hughe234']",106,"['artierenier', 'will1941', 'mkirsch', 'andersonmy94', 'gfiedler', 'ididelot', 'hsakiewi', 'rhodes44', 'jade.m.meekin', 'smit3400', 'allen482', 'john2345', 'whollan', 'zhu741', 'dnocon', 'reddy62', 'mlannie', 'stockerm', 'amarkert', 'kong68', 'mdewaele', 'nherbert', 'wdobbs', 'pate1034', 'djodhani', 'downeyl', 'romack0', 'okeefee', 'nrentsc', 'sayyala', 'harvey83', 'alsalea', 'rstaples', 'tzadrave', 'costel12', 'murph417', 'duncan94', 'jyounkin', 'chris260', 'wood164', 'nfransen', 'pan229', 'ojonas', 'rcalistr', 'nafandi', 'wchowdhu', 'michae19', 'ewolfla', 'liu2442', 'single0', 'jcavage', 'afarha', 'cliffos', 'benne170', 'russe162', 'mclassen', 'dholicz', 'esuer', 'tsriram', 'ander966', 'llefebvr', 'tan213', 'stuff', 'mock6', 'ander939', 'elamewon', 'hughe234', 'dkramper', 'wagoneb', 'slorenzo', 'brow1511', 'rdamle', 'mngaglia', 'ashinne', 'thoma805', 'bdbowles', 'nortt', 'pkanugul', 'nkielkop', 'wrigh413', 'mot', 'lritchis', 'scott479', 'cjlee328', 'melyouse', None, 'verduzm', 'rhentric', 'jnylen', 'meyer313', 'chakra26', 'akmaksim', 'lhendrik', 'ellis125', 'mmatteso', 'lopez347', 'ychawla', 'nrobb', 'leal6', 'srajarat', 'kyendru', 'baylessl', 'jskare', 'hmcguir', 'bgrytza', 'lange35']"
6,352,96,15,1,['chakra26'],94,"['artierenier', 'will1941', 'mkirsch', 'andersonmy94', 'gfiedler', 'ididelot', 'hsakiewi', 'rhodes44', 'jade.m.meekin', 'smit3400', 'allen482', 'john2345', 'whollan', 'zhu741', 'dnocon', 'reddy62', 'mlannie', 'amarkert', 'kong68', 'mdewaele', 'nherbert', 'wdobbs', 'pate1034', 'djodhani', 'downeyl', 'romack0', 'okeefee', 'nrentsc', 'sayyala', 'harvey83', 'alsalea', 'rstaples', 'tzadrave', 'costel12', 'duncan94', 'jyounkin', 'chris260', 'wood164', 'nfransen', 'pan229', 'ojonas', 'rcalistr', 'wchowdhu', 'michae19', 'ewolfla', 'liu2442', 'single0', 'jcavage', 'afarha', 'cliffos', 'benne170', 'russe162', 'mclassen', 'dholicz', 'esuer', 'tsriram', 'ander966', 'llefebvr', 'stuff', 'mock6', 'ander939', 'elamewon', 'dkramper', 'wagoneb', 'slorenzo', 'brow1511', 'rdamle', 'mngaglia', 'ashinne', 'nortt', 'pkanugul', 'mot', 'lritchis', 'scott479', 'cjlee328', 'melyouse', 'verduzm', 'rhentric', 'jnylen', 'meyer313', 'lhendrik', 'ellis125', 'mmatteso', 'lopez347', 'ychawla', 'nrobb', 'leal6', 'srajarat', 'kyendru', 'baylessl', 'jskare', 'hmcguir', 'bgrytza', 'lange35']",14,"['bwodetz', 'cwantz', 'mart1390', 'hmcmilli', 'huan1346', 'baxter26', 'srpirtle', 'jkamedul', 'armour1', 'moeller4', 'sinha54', 'zaly', 'jiang650', None]",109,"['artierenier', 'will1941', 'mkirsch', 'andersonmy94', 'gfiedler', 'ididelot', 'zaly', 'mart1390', 'hsakiewi', 'rhodes44', 'jade.m.meekin', 'smit3400', 'allen482', 'john2345', 'whollan', 'zhu741', 'bwodetz', 'dnocon', 'hmcmilli', 'reddy62', 'mlannie', 'amarkert', 'kong68', 'mdewaele', 'nherbert', 'wdobbs', 'pate1034', 'djodhani', 'downeyl', 'romack0', 'okeefee', 'nrentsc', 'sayyala', 'harvey83', 'alsalea', 'rstaples', 'baxter26', 'tzadrave', 'costel12', 'duncan94', 'jyounkin', 'chris260', 'wood164', 'nfransen', 'pan229', 'ojonas', 'rcalistr', 'wchowdhu', 'michae19', 'ewolfla', 'liu2442', 'single0', 'jcavage', 'afarha', 'huan1346', 'cliffos', 'benne170', 'russe162', 'mclassen', 'dholicz', 'sinha54', 'esuer', 'tsriram', 'ander966', 'llefebvr', 'stuff', 'mock6', 'ander939', 'elamewon', 'armour1', 'dkramper', 'wagoneb', 'slorenzo', 'cwantz', 'brow1511', 'rdamle', 'mngaglia', 'jkamedul', 'ashinne', 'jiang650', 'moeller4', 'nortt', 'pkanugul', 'mot', 'srpirtle', 'lritchis', 'scott479', 'cjlee328', 'melyouse', None, 'verduzm', 'rhentric', 'jnylen', 'meyer313', 'chakra26', 'lhendrik', 'ellis125', 'mmatteso', 'lopez347', 'ychawla', 'nrobb', 'leal6', 'srajarat', 'kyendru', 'baylessl', 'jskare', 'hmcguir', 'bgrytza', 'lange35']"
6,627,96,14,4,"['llefebvr', 'liu2442', 'sayyala', 'lritchis']",91,"['artierenier', 'will1941', 'mkirsch', 'andersonmy94', 'gfiedler', 'ididelot', 'hsakiewi', 'rhodes44', 'jade.m.meekin', 'smit3400', 'allen482', 'john2345', 'whollan', 'zhu741', 'dnocon', 'reddy62', 'mlannie', 'amarkert', 'kong68', 'mdewaele', 'nherbert', 'wdobbs', 'pate1034', 'djodhani', 'downeyl', 'romack0', 'okeefee', 'nrentsc', 'harvey83', 'alsalea', 'rstaples', 'tzadrave', 'costel12', 'duncan94', 'jyounkin', 'chris260', 'wood164', 'nfransen', 'pan229', 'ojonas', 'rcalistr', 'wchowdhu', 'michae19', 'ewolfla', 'single0', 'jcavage', 'afarha', 'cliffos', 'benne170', 'russe162', 'mclassen', 'dholicz', 'esuer', 'tsriram', 'ander966', 'stuff', 'mock6', 'ander939', 'elamewon', 'dkramper', 'wagoneb', 'slorenzo', 'brow1511', 'rdamle', 'mngaglia', 'ashinne', 'nortt', 'pkanugul', 'mot', 'scott479', 'cjlee328', 'melyouse', 'verduzm', 'rhentric', 'jnylen', 'meyer313', 'chakra26', 'lhendrik', 'ellis125', 'mmatteso', 'lopez347', 'ychawla', 'nrobb', 'leal6', 'srajarat', 'kyendru', 'baylessl', 'jskare', 'hmcguir', 'bgrytza', 'lange35']",10,"['oditto', 'mprue', 'bbarale', 'murph417', 'beers2', 'achungma', 'lin1297', 'pbhaske', None, 'asyrek']",105,"['artierenier', 'will1941', 'mkirsch', 'andersonmy94', 'gfiedler', 'bbarale', 'ididelot', 'hsakiewi', 'rhodes44', 'jade.m.meekin', 'smit3400', 'allen482', 'john2345', 'whollan', 'zhu741', 'dnocon', 'reddy62', 'oditto', 'mlannie', 'amarkert', 'kong68', 'mdewaele', 'nherbert', 'wdobbs', 'pate1034', 'djodhani', 'downeyl', 'romack0', 'okeefee', 'nrentsc', 'sayyala', 'harvey83', 'alsalea', 'rstaples', 'tzadrave', 'costel12', 'murph417', 'duncan94', 'jyounkin', 'chris260', 'wood164', 'nfransen', 'pan229', 'ojonas', 'rcalistr', 'wchowdhu', 'michae19', 'ewolfla', 'liu2442', 'single0', 'jcavage', 'afarha', 'cliffos', 'benne170', 'russe162', 'beers2', 'mclassen', 'dholicz', 'esuer', 'tsriram', 'ander966', 'llefebvr', 'stuff', 'mock6', 'ander939', 'elamewon', 'asyrek', 'dkramper', 'wagoneb', 'slorenzo', 'brow1511', 'rdamle', 'mngaglia', 'ashinne', 'pbhaske', 'nortt', 'pkanugul', 'mot', 'lritchis', 'mprue', 'scott479', 'lin1297', 'cjlee328', 'melyouse', None, 'verduzm', 'rhentric', 'jnylen', 'meyer313', 'chakra26', 'lhendrik', 'ellis125', 'mmatteso', 'lopez347', 'ychawla', 'nrobb', 'leal6', 'srajarat', 'kyendru', 'achungma', 'baylessl', 'jskare', 'hmcguir', 'bgrytza', 'lange35']"
6,348,96,12,5,"['john2345', 'mclassen', 'kyendru', 'esuer', 'pan229']",90,"['artierenier', 'will1941', 'mkirsch', 'andersonmy94', 'gfiedler', 'ididelot', 'hsakiewi', 'rhodes44', 'jade.m.meekin', 'smit3400', 'allen482', 'whollan', 'zhu741', 'dnocon', 'reddy62', 'mlannie', 'amarkert', 'kong68', 'mdewaele', 'nherbert', 'wdobbs', 'pate1034', 'djodhani', 'downeyl', 'romack0', 'okeefee', 'nrentsc', 'sayyala', 'harvey83', 'alsalea', 'rstaples', 'tzadrave', 'costel12', 'duncan94', 'jyounkin', 'chris260', 'wood164', 'nfransen', 'ojonas', 'rcalistr', 'wchowdhu', 'michae19', 'ewolfla', 'liu2442', 'single0', 'jcavage', 'afarha', 'cliffos', 'benne170', 'russe162', 'dholicz', 'tsriram', 'ander966', 'llefebvr', 'stuff', 'mock6', 'ander939', 'elamewon', 'dkramper', 'wagoneb', 'slorenzo', 'brow1511', 'rdamle', 'mngaglia', 'ashinne', 'nortt', 'pkanugul', 'mot', 'lritchis', 'scott479', 'cjlee328', 'melyouse', 'verduzm', 'rhentric', 'jnylen', 'meyer313', 'chakra26', 'lhendrik', 'ellis125', 'mmatteso', 'lopez347', 'ychawla', 'nrobb', 'leal6', 'srajarat', 'baylessl', 'jskare', 'hmcguir', 'bgrytza', 'lange35']",7,"['lvelky', 'gconer', 'murph417', 'sbukzam', 'ncivitan', None, 'pbhaske']",102,"['artierenier', 'will1941', 'mkirsch', 'andersonmy94', 'gfiedler', 'ididelot', 'sbukzam', 'hsakiewi', 'rhodes44', 'jade.m.meekin', 'smit3400', 'allen482', 'john2345', 'whollan', 'zhu741', 'dnocon', 'reddy62', 'mlannie', 'amarkert', 'kong68', 'mdewaele', 'nherbert', 'wdobbs', 'pate1034', 'djodhani', 'downeyl', 'romack0', 'okeefee', 'nrentsc', 'sayyala', 'harvey83', 'alsalea', 'rstaples', 'tzadrave', 'costel12', 'murph417', 'duncan94', 'jyounkin', 'chris260', 'wood164', 'nfransen', 'pan229', 'ojonas', 'rcalistr', 'lvelky', 'wchowdhu', 'michae19', 'ewolfla', 'liu2442', 'single0', 'jcavage', 'afarha', 'cliffos', 'benne170', 'russe162', 'mclassen', 'dholicz', 'esuer', 'tsriram', 'gconer', 'ander966', 'llefebvr', 'stuff', 'mock6', 'ander939', 'elamewon', 'dkramper', 'wagoneb', 'slorenzo', 'brow1511', 'rdamle', 'mngaglia', 'ashinne', 'pbhaske', 'nortt', 'pkanugul', 'mot', 'lritchis', 'scott479', 'cjlee328', 'ncivitan', 'melyouse', None, 'verduzm', 'rhentric', 'jnylen', 'meyer313', 'chakra26', 'lhendrik', 'ellis125', 'mmatteso', 'lopez347', 'ychawla', 'nrobb', 'leal6', 'srajarat', 'kyendru', 'baylessl', 'jskare', 'hmcguir', 'bgrytza', 'lange35']"
6,494,96,12,1,['romack0'],94,"['artierenier', 'will1941', 'mkirsch', 'andersonmy94', 'gfiedler', 'ididelot', 'hsakiewi', 'rhodes44', 'jade.m.meekin', 'smit3400', 'allen482', 'john2345', 'whollan', 'zhu741', 'dnocon', 'reddy62', 'mlannie', 'amarkert', 'kong68', 'mdewaele', 'nherbert', 'wdobbs', 'pate1034', 'djodhani', 'downeyl', 'okeefee', 'nrentsc', 'sayyala', 'harvey83', 'alsalea', 'rstaples', 'tzadrave', 'costel12', 'duncan94', 'jyounkin', 'chris260', 'wood164', 'nfransen', 'pan229', 'ojonas', 'rcalistr', 'wchowdhu', 'michae19', 'ewolfla', 'liu2442', 'single0', 'jcavage', 'afarha', 'cliffos', 'benne170', 'russe162', 'mclassen', 'dholicz', 'esuer', 'tsriram', 'ander966', 'llefebvr', 'stuff', 'mock6', 'ander939', 'elamewon', 'dkramper', 'wagoneb', 'slorenzo', 'brow1511', 'rdamle', 'mngaglia', 'ashinne', 'nortt', 'pkanugul', 'mot', 'lritchis', 'scott479', 'cjlee328', 'melyouse', 'verduzm', 'rhentric', 'jnylen', 'meyer313', 'chakra26', 'lhendrik', 'ellis125', 'mmatteso', 'lopez347', 'ychawla', 'nrobb', 'leal6', 'srajarat', 'kyendru', 'baylessl', 'jskare', 'hmcguir', 'bgrytza', 'lange35']",11,"['dmarcha', 'chunyuli', 'ehultman', 'castil77', 'yao201', 'hrubyr', 'carr94', 'wheffern', 'scroskey', 'shagaman', None]",106,"['artierenier', 'will1941', 'mkirsch', 'andersonmy94', 'gfiedler', 'ididelot', 'hsakiewi', 'rhodes44', 'jade.m.meekin', 'smit3400', 'allen482', 'john2345', 'whollan', 'zhu741', 'dnocon', 'reddy62', 'mlannie', 'amarkert', 'kong68', 'mdewaele', 'nherbert', 'wdobbs', 'hrubyr', 'pate1034', 'djodhani', 'scroskey', 'downeyl', 'dmarcha', 'romack0', 'okeefee', 'nrentsc', 'sayyala', 'harvey83', 'alsalea', 'rstaples', 'yao201', 'tzadrave', 'costel12', 'duncan94', 'jyounkin', 'chris260', 'wood164', 'nfransen', 'pan229', 'ojonas', 'rcalistr', 'wchowdhu', 'michae19', 'chunyuli', 'ewolfla', 'liu2442', 'single0', 'jcavage', 'afarha', 'cliffos', 'benne170', 'russe162', 'mclassen', 'dholicz', 'esuer', 'shagaman', 'tsriram', 'ander966', 'llefebvr', 'stuff', 'mock6', 'ander939', 'elamewon', 'dkramper', 'wagoneb', 'slorenzo', 'brow1511', 'rdamle', 'mngaglia', 'ashinne', 'wheffern', 'nortt', 'castil77', 'pkanugul', 'mot', 'lritchis', 'scott479', 'carr94', 'cjlee328', 'melyouse', None, 'verduzm', 'rhentric', 'jnylen', 'meyer313', 'chakra26', 'ehultman', 'lhendrik', 'ellis125', 'mmatteso', 'lopez347', 'ychawla', 'nrobb', 'leal6', 'srajarat', 'kyendru', 'baylessl', 'jskare', 'hmcguir', 'bgrytza', 'lange35']"
6,135,96,11,2,"['llefebvr', 'sayyala']",93,"['artierenier', 'will1941', 'mkirsch', 'andersonmy94', 'gfiedler', 'ididelot', 'hsakiewi', 'rhodes44', 'jade.m.meekin', 'smit3400', 'allen482', 'john2345', 'whollan', 'zhu741', 'dnocon', 'reddy62', 'mlannie', 'amarkert', 'kong68', 'mdewaele', 'nherbert', 'wdobbs', 'pate1034', 'djodhani', 'downeyl', 'romack0', 'okeefee', 'nrentsc', 'harvey83', 'alsalea', 'rstaples', 'tzadrave', 'costel12', 'duncan94', 'jyounkin', 'chris260', 'wood164', 'nfransen', 'pan229', 'ojonas', 'rcalistr', 'wchowdhu', 'michae19', 'ewolfla', 'liu2442', 'single0', 'jcavage', 'afarha', 'cliffos', 'benne170', 'russe162', 'mclassen', 'dholicz', 'esuer', 'tsriram', 'ander966', 'stuff', 'mock6', 'ander939', 'elamewon', 'dkramper', 'wagoneb', 'slorenzo', 'brow1511', 'rdamle', 'mngaglia', 'ashinne', 'nortt', 'pkanugul', 'mot', 'lritchis', 'scott479', 'cjlee328', 'melyouse', 'verduzm', 'rhentric', 'jnylen', 'meyer313', 'chakra26', 'lhendrik', 'ellis125', 'mmatteso', 'lopez347', 'ychawla', 'nrobb', 'leal6', 'srajarat', 'kyendru', 'baylessl', 'jskare', 'hmcguir', 'bgrytza', 'lange35']",9,"['fruane', 'zhao979', 'tprati', 'ejobe', 'tvulich', 'hollowr', 'achungma', None, 'bodhiscott']",104,"['artierenier', 'will1941', 'mkirsch', 'andersonmy94', 'gfiedler', 'hollowr', 'ididelot', 'hsakiewi', 'rhodes44', 'jade.m.meekin', 'smit3400', 'allen482', 'john2345', 'whollan', 'zhu741', 'dnocon', 'reddy62', 'mlannie', 'amarkert', 'kong68', 'mdewaele', 'nherbert', 'wdobbs', 'pate1034', 'djodhani', 'downeyl', 'romack0', 'okeefee', 'nrentsc', 'sayyala', 'harvey83', 'fruane', 'alsalea', 'rstaples', 'tzadrave', 'costel12', 'duncan94', 'ejobe', 'jyounkin', 'chris260', 'wood164', 'nfransen', 'pan229', 'bodhiscott', 'ojonas', 'rcalistr', 'wchowdhu', 'michae19', 'ewolfla', 'liu2442', 'single0', 'jcavage', 'afarha', 'cliffos', 'benne170', 'russe162', 'mclassen', 'dholicz', 'esuer', 'tsriram', 'ander966', 'llefebvr', 'stuff', 'mock6', 'ander939', 'elamewon', 'dkramper', 'wagoneb', 'slorenzo', 'brow1511', 'rdamle', 'mngaglia', 'ashinne', 'nortt', 'pkanugul', 'tvulich', 'mot', 'lritchis', 'scott479', 'cjlee328', 'melyouse', None, 'verduzm', 'rhentric', 'jnylen', 'meyer313', 'chakra26', 'lhendrik', 'ellis125', 'mmatteso', 'lopez347', 'ychawla', 'zhao979', 'nrobb', 'leal6', 'srajarat', 'kyendru', 'tprati', 'baylessl', 'jskare', 'hmcguir', 'bgrytza', 'achungma', 'lange35']"
6,595,96,7,2,"['cliffos', 'romack0']",93,"['artierenier', 'will1941', 'mkirsch', 'andersonmy94', 'gfiedler', 'ididelot', 'hsakiewi', 'rhodes44', 'jade.m.meekin', 'smit3400', 'allen482', 'john2345', 'whollan', 'zhu741', 'dnocon', 'reddy62', 'mlannie', 'amarkert', 'kong68', 'mdewaele', 'nherbert', 'wdobbs', 'pate1034', 'djodhani', 'downeyl', 'okeefee', 'nrentsc', 'sayyala', 'harvey83', 'alsalea', 'rstaples', 'tzadrave', 'costel12', 'duncan94', 'jyounkin', 'chris260', 'wood164', 'nfransen', 'pan229', 'ojonas', 'rcalistr', 'wchowdhu', 'michae19', 'ewolfla', 'liu2442', 'single0', 'jcavage', 'afarha', 'benne170', 'russe162', 'mclassen', 'dholicz', 'esuer', 'tsriram', 'ander966', 'llefebvr', 'stuff', 'mock6', 'ander939', 'elamewon', 'dkramper', 'wagoneb', 'slorenzo', 'brow1511', 'rdamle', 'mngaglia', 'ashinne', 'nortt', 'pkanugul', 'mot', 'lritchis', 'scott479', 'cjlee328', 'melyouse', 'verduzm', 'rhentric', 'jnylen', 'meyer313', 'chakra26', 'lhendrik', 'ellis125', 'mmatteso', 'lopez347', 'ychawla', 'nrobb', 'leal6', 'srajarat', 'kyendru', 'baylessl', 'jskare', 'hmcguir', 'bgrytza', 'lange35']",5,"['ebinkle', 'mihsan', 'shagaman', None, 'bodhiscott']",100,"['artierenier', 'will1941', 'mkirsch', 'andersonmy94', 'gfiedler', 'ididelot', 'hsakiewi', 'rhodes44', 'jade.m.meekin', 'smit3400', 'allen482', 'john2345', 'whollan', 'zhu741', 'dnocon', 'reddy62', 'mlannie', 'amarkert', 'kong68', 'mdewaele', 'nherbert', 'wdobbs', 'pate1034', 'djodhani', 'downeyl', 'romack0', 'okeefee', 'nrentsc', 'sayyala', 'harvey83', 'alsalea', 'rstaples', 'tzadrave', 'costel12', 'duncan94', 'jyounkin', 'chris260', 'wood164', 'nfransen', 'pan229', 'bodhiscott', 'ojonas', 'rcalistr', 'wchowdhu', 'michae19', 'ewolfla', 'liu2442', 'single0', 'jcavage', 'afarha', 'cliffos', 'benne170', 'russe162', 'mclassen', 'dholicz', 'esuer', 'shagaman', 'ebinkle', 'tsriram', 'ander966', 'llefebvr', 'stuff', 'mock6', 'ander939', 'mihsan', 'elamewon', 'dkramper', 'wagoneb', 'slorenzo', 'brow1511', 'rdamle', 'mngaglia', 'ashinne', 'nortt', 'pkanugul', 'mot', 'lritchis', 'scott479', 'cjlee328', 'melyouse', None, 'verduzm', 'rhentric', 'jnylen', 'meyer313', 'chakra26', 'lhendrik', 'ellis125', 'mmatteso', 'lopez347', 'ychawla', 'nrobb', 'leal6', 'srajarat', 'kyendru', 'baylessl', 'jskare', 'hmcguir', 'bgrytza', 'lange35']"
6,347,96,6,2,"['alsalea', 'downeyl']",93,"['artierenier', 'will1941', 'mkirsch', 'andersonmy94', 'gfiedler', 'ididelot', 'hsakiewi', 'rhodes44', 'jade.m.meekin', 'smit3400', 'allen482', 'john2345', 'whollan', 'zhu741', 'dnocon', 'reddy62', 'mlannie', 'amarkert', 'kong68', 'mdewaele', 'nherbert', 'wdobbs', 'pate1034', 'djodhani', 'romack0', 'okeefee', 'nrentsc', 'sayyala', 'harvey83', 'rstaples', 'tzadrave', 'costel12', 'duncan94', 'jyounkin', 'chris260', 'wood164', 'nfransen', 'pan229', 'ojonas', 'rcalistr', 'wchowdhu', 'michae19', 'ewolfla', 'liu2442', 'single0', 'jcavage', 'afarha', 'cliffos', 'benne170', 'russe162', 'mclassen', 'dholicz', 'esuer', 'tsriram', 'ander966', 'llefebvr', 'stuff', 'mock6', 'ander939', 'elamewon', 'dkramper', 'wagoneb', 'slorenzo', 'brow1511', 'rdamle', 'mngaglia', 'ashinne', 'nortt', 'pkanugul', 'mot', 'lritchis', 'scott479', 'cjlee328', 'melyouse', 'verduzm', 'rhentric', 'jnylen', 'meyer313', 'chakra26', 'lhendrik', 'ellis125', 'mmatteso', 'lopez347', 'ychawla', 'nrobb', 'leal6', 'srajarat', 'kyendru', 'baylessl', 'jskare', 'hmcguir', 'bgrytza', 'lange35']",4,"['sconkle', 'jhaddadc', None, 'haejik']",99,"['artierenier', 'will1941', 'mkirsch', 'andersonmy94', 'gfiedler', 'sconkle', 'ididelot', 'hsakiewi', 'rhodes44', 'jade.m.meekin', 'smit3400', 'allen482', 'john2345', 'whollan', 'zhu741', 'dnocon', 'reddy62', 'mlannie', 'amarkert', 'kong68', 'mdewaele', 'nherbert', 'wdobbs', 'pate1034', 'djodhani', 'downeyl', 'romack0', 'okeefee', 'nrentsc', 'sayyala', 'harvey83', 'alsalea', 'rstaples', 'tzadrave', 'costel12', 'duncan94', 'jyounkin', 'chris260', 'wood164', 'nfransen', 'pan229', 'ojonas', 'rcalistr', 'wchowdhu', 'michae19', 'ewolfla', 'liu2442', 'single0', 'jcavage', 'afarha', 'cliffos', 'benne170', 'russe162', 'mclassen', 'dholicz', 'esuer', 'haejik', 'tsriram', 'ander966', 'llefebvr', 'stuff', 'mock6', 'ander939', 'elamewon', 'dkramper', 'wagoneb', 'slorenzo', 'brow1511', 'rdamle', 'mngaglia', 'ashinne', 'nortt', 'pkanugul', 'mot', 'lritchis', 'scott479', 'cjlee328', 'jhaddadc', 'melyouse', None, 'verduzm', 'rhentric', 'jnylen', 'meyer313', 'chakra26', 'lhendrik', 'ellis125', 'mmatteso', 'lopez347', 'ychawla', 'nrobb', 'leal6', 'srajarat', 'kyendru', 'baylessl', 'jskare', 'hmcguir', 'bgrytza', 'lange35']"
6,363,96,6,1,['baylessl'],94,"['artierenier', 'will1941', 'mkirsch', 'andersonmy94', 'gfiedler', 'ididelot', 'hsakiewi', 'rhodes44', 'jade.m.meekin', 'smit3400', 'allen482', 'john2345', 'whollan', 'zhu741', 'dnocon', 'reddy62', 'mlannie', 'amarkert', 'kong68', 'mdewaele', 'nherbert', 'wdobbs', 'pate1034', 'djodhani', 'downeyl', 'romack0', 'okeefee', 'nrentsc', 'sayyala', 'harvey83', 'alsalea', 'rstaples', 'tzadrave', 'costel12', 'duncan94', 'jyounkin', 'chris260', 'wood164', 'nfransen', 'pan229', 'ojonas', 'rcalistr', 'wchowdhu', 'michae19', 'ewolfla', 'liu2442', 'single0', 'jcavage', 'afarha', 'cliffos', 'benne170', 'russe162', 'mclassen', 'dholicz', 'esuer', 'tsriram', 'ander966', 'llefebvr', 'stuff', 'mock6', 'ander939', 'elamewon', 'dkramper', 'wagoneb', 'slorenzo', 'brow1511', 'rdamle', 'mngaglia', 'ashinne', 'nortt', 'pkanugul', 'mot', 'lritchis', 'scott479', 'cjlee328', 'melyouse', 'verduzm', 'rhentric', 'jnylen', 'meyer313', 'chakra26', 'lhendrik', 'ellis125', 'mmatteso', 'lopez347', 'ychawla', 'nrobb', 'leal6', 'srajarat', 'kyendru', 'jskare', 'hmcguir', 'bgrytza', 'lange35']",5,"['thubauer', 'cottonb', 'weber171', 'tschoste', None]",100,"['artierenier', 'will1941', 'mkirsch', 'thubauer', 'andersonmy94', 'gfiedler', 'ididelot', 'hsakiewi', 'rhodes44', 'jade.m.meekin', 'smit3400', 'allen482', 'john2345', 'whollan', 'zhu741', 'dnocon', 'reddy62', 'mlannie', 'amarkert', 'kong68', 'mdewaele', 'nherbert', 'wdobbs', 'pate1034', 'djodhani', 'tschoste', 'downeyl', 'romack0', 'okeefee', 'nrentsc', 'sayyala', 'harvey83', 'alsalea', 'rstaples', 'tzadrave', 'costel12', 'duncan94', 'jyounkin', 'chris260', 'wood164', 'nfransen', 'pan229', 'ojonas', 'rcalistr', 'wchowdhu', 'michae19', 'ewolfla', 'liu2442', 'single0', 'jcavage', 'afarha', 'cliffos', 'benne170', 'russe162', 'mclassen', 'dholicz', 'esuer', 'tsriram', 'cottonb', 'ander966', 'llefebvr', 'stuff', 'mock6', 'ander939', 'elamewon', 'dkramper', 'wagoneb', 'slorenzo', 'brow1511', 'rdamle', 'mngaglia', 'ashinne', 'nortt', 'pkanugul', 'mot', 'lritchis', 'scott479', 'weber171', 'cjlee328', 'melyouse', None, 'verduzm', 'rhentric', 'jnylen', 'meyer313', 'chakra26', 'lhendrik', 'ellis125', 'mmatteso', 'lopez347', 'ychawla', 'nrobb', 'leal6', 'srajarat', 'kyendru', 'baylessl', 'jskare', 'hmcguir', 'bgrytza', 'lange35']"
7,558,95,15,14,"['edapalapati.venkataabhiram.18csc', 'parikshit.palsania.18csc', 'penumetcha.sairahulverma.18csc', 'pramod.vangipurapu.18cse', 'motupalli.saivamsikrishna.18cse', 'anirudhnannuri', 'garine.harshavardhan.18cse', 'saivenkatlakamsani', 'anirudh.jilla.18csc', 'devaharsha06', 'yeddula.suryateja.18ece', 'nallaparajuraghavendranagavarma1', 'mamidipakamohanasai', 'dhruvakrishna']",80,"['gurram.raghavendradinesh.18cse', 'bipinelmat', 'shivansh.khera.18cse', 'harshini23', 'digvijay.singh.18csc', 'varmaaditya668', 'chandasingh49', 'sreeya_suresh', 'saijal.goyal.18cse', 'paidipraneethkumar', 'jesminakther', 'vishwakreddy', 'sejalsomani', 'splbt18', 'gianluca.marongiu', 'pavuluriviratchowdary', 'g3_herg14', 'orzata', 'vilekha.ghanta.18ece', 'moram.indravardhanreddy.18cse', 'gioia.chiodi95', 'manas.yadav.18cse', 'kanishk', 'chiraggoyal', 'alfon_macareno', 'anjalianju1707', 'lorenzo96', 'mathan.ntmoorthy', 'honey_bhardwaj', 'imadabattuni.naveenkumar.18cse', 'yash.patil.18csc', 'apeddu95', 'sanket.deshmane', 'gallus1997', 'robertocro', 'chakka.saiteja.18csc', 'gc_unica', 's.argiolas17', 'krishnapriya111tl', 'cinziasalis', 'cwelch5', 'arihant.jain.18csc', 'shivam.kumar.18cse', 'pallavi.bt18', 'f.marcato', 'tejeswarareddy', 'mohammad.daim.18csc', 'christina2001', 'akanksha.gupta.18csc', 'veeramachaneni.saatwik.18csc', 'kanchrlavivek', 'rithvik', 'shivang2k', 'amarthalurupaavandileep', 'nilsgerke.ng', 'mogiligiridhar2001', 'himanshu.jalan.18cse', 'adarsh.upadhyay.18mec', 'r.carboni9', 'mr882', 'koppineedikalyan', 'pranshu.sood.18cse', 'garimella.likith.18cse', 'jorge.guerrerovi', 'manyamvishal', 'akshita.2', 'shubham04', 'aishwaryarajanbabu2002', 'kanavmittal', 'faisal.nazir', 'victor121222', 'venkata.manishkatragadda.18cse', 'shreyanshanchlia', 'bade.pundareekaksha.18cse', 'bhavya.tuteja.18mec', 'venkata.saisreekarmp.18csc', 'mridulshukla1106', 'gelle.abhiram.18cse', 'akshat.tripathi.18cse', 'garvit.vijay.18csc']",1,[None],95,"['edapalapati.venkataabhiram.18csc', 'gurram.raghavendradinesh.18cse', 'pramod.vangipurapu.18cse', 'bipinelmat', 'shivansh.khera.18cse', 'garine.harshavardhan.18cse', 'harshini23', 'digvijay.singh.18csc', 'varmaaditya668', 'anirudh.jilla.18csc', 'chandasingh49', 'sreeya_suresh', 'saijal.goyal.18cse', 'paidipraneethkumar', 'jesminakther', 'vishwakreddy', 'sejalsomani', 'splbt18', 'gianluca.marongiu', 'pavuluriviratchowdary', 'g3_herg14', 'orzata', 'vilekha.ghanta.18ece', 'moram.indravardhanreddy.18cse', 'gioia.chiodi95', 'manas.yadav.18cse', 'kanishk', 'chiraggoyal', 'alfon_macareno', 'anjalianju1707', 'lorenzo96', 'mathan.ntmoorthy', 'mamidipakamohanasai', 'honey_bhardwaj', 'imadabattuni.naveenkumar.18cse', 'yash.patil.18csc', 'yeddula.suryateja.18ece', 'apeddu95', 'sanket.deshmane', 'gallus1997', 'robertocro', 'chakka.saiteja.18csc', 'gc_unica', 'penumetcha.sairahulverma.18csc', 's.argiolas17', 'krishnapriya111tl', 'motupalli.saivamsikrishna.18cse', 'cinziasalis', 'cwelch5', 'arihant.jain.18csc', 'shivam.kumar.18cse', 'pallavi.bt18', 'f.marcato', 'tejeswarareddy', 'mohammad.daim.18csc', 'christina2001', 'akanksha.gupta.18csc', 'veeramachaneni.saatwik.18csc', 'kanchrlavivek', 'rithvik', 'shivang2k', 'amarthalurupaavandileep', 'nilsgerke.ng', 'mogiligiridhar2001', 'himanshu.jalan.18cse', 'adarsh.upadhyay.18mec', 'devaharsha06', 'r.carboni9', 'mr882', 'nallaparajuraghavendranagavarma1', 'dhruvakrishna', 'parikshit.palsania.18csc', 'koppineedikalyan', 'pranshu.sood.18cse', 'garimella.likith.18cse', 'jorge.guerrerovi', 'manyamvishal', 'akshita.2', 'saivenkatlakamsani', 'shubham04', 'aishwaryarajanbabu2002', None, 'kanavmittal', 'faisal.nazir', 'victor121222', 'venkata.manishkatragadda.18cse', 'shreyanshanchlia', 'bade.pundareekaksha.18cse', 'anirudhnannuri', 'bhavya.tuteja.18mec', 'venkata.saisreekarmp.18csc', 'mridulshukla1106', 'gelle.abhiram.18cse', 'akshat.tripathi.18cse', 'garvit.vijay.18csc']"
7,559,95,15,14,"['veeramachaneni.saatwik.18csc', 'vishwakreddy', 'sejalsomani', 'amarthalurupaavandileep', 'shreyanshanchlia', 'shivansh.khera.18cse', 'venkata.saisreekarmp.18csc', 'arihant.jain.18csc', 'digvijay.singh.18csc', 'mamidipakamohanasai', 'kanavmittal', 'garvit.vijay.18csc', 'vilekha.ghanta.18ece', 'paidipraneethkumar']",80,"['edapalapati.venkataabhiram.18csc', 'gurram.raghavendradinesh.18cse', 'pramod.vangipurapu.18cse', 'bipinelmat', 'garine.harshavardhan.18cse', 'harshini23', 'varmaaditya668', 'anirudh.jilla.18csc', 'chandasingh49', 'sreeya_suresh', 'saijal.goyal.18cse', 'jesminakther', 'splbt18', 'gianluca.marongiu', 'pavuluriviratchowdary', 'g3_herg14', 'orzata', 'moram.indravardhanreddy.18cse', 'gioia.chiodi95', 'manas.yadav.18cse', 'kanishk', 'chiraggoyal', 'alfon_macareno', 'anjalianju1707', 'lorenzo96', 'mathan.ntmoorthy', 'honey_bhardwaj', 'imadabattuni.naveenkumar.18cse', 'yash.patil.18csc', 'yeddula.suryateja.18ece', 'apeddu95', 'sanket.deshmane', 'gallus1997', 'robertocro', 'chakka.saiteja.18csc', 'gc_unica', 'penumetcha.sairahulverma.18csc', 's.argiolas17', 'krishnapriya111tl', 'motupalli.saivamsikrishna.18cse', 'cinziasalis', 'cwelch5', 'shivam.kumar.18cse', 'pallavi.bt18', 'f.marcato', 'tejeswarareddy', 'mohammad.daim.18csc', 'christina2001', 'akanksha.gupta.18csc', 'kanchrlavivek', 'rithvik', 'shivang2k', 'nilsgerke.ng', 'mogiligiridhar2001', 'himanshu.jalan.18cse', 'adarsh.upadhyay.18mec', 'devaharsha06', 'r.carboni9', 'mr882', 'nallaparajuraghavendranagavarma1', 'dhruvakrishna', 'parikshit.palsania.18csc', 'koppineedikalyan', 'pranshu.sood.18cse', 'garimella.likith.18cse', 'jorge.guerrerovi', 'manyamvishal', 'akshita.2', 'saivenkatlakamsani', 'shubham04', 'aishwaryarajanbabu2002', 'faisal.nazir', 'victor121222', 'venkata.manishkatragadda.18cse', 'bade.pundareekaksha.18cse', 'anirudhnannuri', 'bhavya.tuteja.18mec', 'mridulshukla1106', 'gelle.abhiram.18cse', 'akshat.tripathi.18cse']",1,[None],95,"['edapalapati.venkataabhiram.18csc', 'gurram.raghavendradinesh.18cse', 'pramod.vangipurapu.18cse', 'bipinelmat', 'shivansh.khera.18cse', 'garine.harshavardhan.18cse', 'harshini23', 'digvijay.singh.18csc', 'varmaaditya668', 'anirudh.jilla.18csc', 'chandasingh49', 'sreeya_suresh', 'saijal.goyal.18cse', 'paidipraneethkumar', 'jesminakther', 'vishwakreddy', 'sejalsomani', 'splbt18', 'gianluca.marongiu', 'pavuluriviratchowdary', 'g3_herg14', 'orzata', 'vilekha.ghanta.18ece', 'moram.indravardhanreddy.18cse', 'gioia.chiodi95', 'manas.yadav.18cse', 'kanishk', 'chiraggoyal', 'alfon_macareno', 'anjalianju1707', 'lorenzo96', 'mathan.ntmoorthy', 'mamidipakamohanasai', 'honey_bhardwaj', 'imadabattuni.naveenkumar.18cse', 'yash.patil.18csc', 'yeddula.suryateja.18ece', 'apeddu95', 'sanket.deshmane', 'gallus1997', 'robertocro', 'chakka.saiteja.18csc', 'gc_unica', 'penumetcha.sairahulverma.18csc', 's.argiolas17', 'krishnapriya111tl', 'motupalli.saivamsikrishna.18cse', 'cinziasalis', 'cwelch5', 'arihant.jain.18csc', 'shivam.kumar.18cse', 'pallavi.bt18', 'f.marcato', 'tejeswarareddy', 'mohammad.daim.18csc', 'christina2001', 'akanksha.gupta.18csc', 'veeramachaneni.saatwik.18csc', 'kanchrlavivek', 'rithvik', 'shivang2k', 'amarthalurupaavandileep', 'nilsgerke.ng', 'mogiligiridhar2001', 'himanshu.jalan.18cse', 'adarsh.upadhyay.18mec', 'devaharsha06', 'r.carboni9', 'mr882', 'nallaparajuraghavendranagavarma1', 'dhruvakrishna', 'parikshit.palsania.18csc', 'koppineedikalyan', 'pranshu.sood.18cse', 'garimella.likith.18cse', 'jorge.guerrerovi', 'manyamvishal', 'akshita.2', 'saivenkatlakamsani', 'shubham04', 'aishwaryarajanbabu2002', None, 'kanavmittal', 'faisal.nazir', 'victor121222', 'venkata.manishkatragadda.18cse', 'shreyanshanchlia', 'bade.pundareekaksha.18cse', 'anirudhnannuri', 'bhavya.tuteja.18mec', 'venkata.saisreekarmp.18csc', 'mridulshukla1106', 'gelle.abhiram.18cse', 'akshat.tripathi.18cse', 'garvit.vijay.18csc']"
7,561,95,14,1,['jesminakther'],93,"['edapalapati.venkataabhiram.18csc', 'gurram.raghavendradinesh.18cse', 'pramod.vangipurapu.18cse', 'bipinelmat', 'shivansh.khera.18cse', 'garine.harshavardhan.18cse', 'harshini23', 'digvijay.singh.18csc', 'varmaaditya668', 'anirudh.jilla.18csc', 'chandasingh49', 'sreeya_suresh', 'saijal.goyal.18cse', 'paidipraneethkumar', 'vishwakreddy', 'sejalsomani', 'splbt18', 'gianluca.marongiu', 'pavuluriviratchowdary', 'g3_herg14', 'orzata', 'vilekha.ghanta.18ece', 'moram.indravardhanreddy.18cse', 'gioia.chiodi95', 'manas.yadav.18cse', 'kanishk', 'chiraggoyal', 'alfon_macareno', 'anjalianju1707', 'lorenzo96', 'mathan.ntmoorthy', 'mamidipakamohanasai', 'honey_bhardwaj', 'imadabattuni.naveenkumar.18cse', 'yash.patil.18csc', 'yeddula.suryateja.18ece', 'apeddu95', 'sanket.deshmane', 'gallus1997', 'robertocro', 'chakka.saiteja.18csc', 'gc_unica', 'penumetcha.sairahulverma.18csc', 's.argiolas17', 'krishnapriya111tl', 'motupalli.saivamsikrishna.18cse', 'cinziasalis', 'cwelch5', 'arihant.jain.18csc', 'shivam.kumar.18cse', 'pallavi.bt18', 'f.marcato', 'tejeswarareddy', 'mohammad.daim.18csc', 'christina2001', 'akanksha.gupta.18csc', 'veeramachaneni.saatwik.18csc', 'kanchrlavivek', 'rithvik', 'shivang2k', 'amarthalurupaavandileep', 'nilsgerke.ng', 'mogiligiridhar2001', 'himanshu.jalan.18cse', 'adarsh.upadhyay.18mec', 'devaharsha06', 'r.carboni9', 'mr882', 'nallaparajuraghavendranagavarma1', 'dhruvakrishna', 'parikshit.palsania.18csc', 'koppineedikalyan', 'pranshu.sood.18cse', 'garimella.likith.18cse', 'jorge.guerrerovi', 'manyamvishal', 'akshita.2', 'saivenkatlakamsani', 'shubham04', 'aishwaryarajanbabu2002', 'kanavmittal', 'faisal.nazir', 'victor121222', 'venkata.manishkatragadda.18cse', 'shreyanshanchlia', 'bade.pundareekaksha.18cse', 'anirudhnannuri', 'bhavya.tuteja.18mec', 'venkata.saisreekarmp.18csc', 'mridulshukla1106', 'gelle.abhiram.18cse', 'akshat.tripathi.18cse', 'garvit.vijay.18csc']",13,"['abdullahsohailas994', 'ryyan', 'nazmulhasan', 'sakif04', 'saifewu', 'nazmulhossain', 'rafiul21', 'sadman', None, 'farhanaakterjerin', 'inasrin220', 'ooovvviii444422', 'isratmni']",107,"['edapalapati.venkataabhiram.18csc', 'gurram.raghavendradinesh.18cse', 'pramod.vangipurapu.18cse', 'saifewu', 'bipinelmat', 'shivansh.khera.18cse', 'garine.harshavardhan.18cse', 'harshini23', 'digvijay.singh.18csc', 'varmaaditya668', 'anirudh.jilla.18csc', 'chandasingh49', 'sreeya_suresh', 'saijal.goyal.18cse', 'isratmni', 'paidipraneethkumar', 'jesminakther', 'vishwakreddy', 'nazmulhasan', 'sejalsomani', 'splbt18', 'gianluca.marongiu', 'pavuluriviratchowdary', 'g3_herg14', 'orzata', 'vilekha.ghanta.18ece', 'moram.indravardhanreddy.18cse', 'gioia.chiodi95', 'ryyan', 'manas.yadav.18cse', 'kanishk', 'chiraggoyal', 'alfon_macareno', 'anjalianju1707', 'lorenzo96', 'mathan.ntmoorthy', 'mamidipakamohanasai', 'honey_bhardwaj', 'imadabattuni.naveenkumar.18cse', 'yash.patil.18csc', 'yeddula.suryateja.18ece', 'apeddu95', 'sanket.deshmane', 'gallus1997', 'robertocro', 'chakka.saiteja.18csc', 'abdullahsohailas994', 'gc_unica', 'penumetcha.sairahulverma.18csc', 's.argiolas17', 'krishnapriya111tl', 'motupalli.saivamsikrishna.18cse', 'cinziasalis', 'nazmulhossain', 'cwelch5', 'arihant.jain.18csc', 'shivam.kumar.18cse', 'pallavi.bt18', 'f.marcato', 'tejeswarareddy', 'mohammad.daim.18csc', 'christina2001', 'akanksha.gupta.18csc', 'veeramachaneni.saatwik.18csc', 'kanchrlavivek', 'rithvik', 'shivang2k', 'sakif04', 'rafiul21', 'amarthalurupaavandileep', 'nilsgerke.ng', 'mogiligiridhar2001', 'himanshu.jalan.18cse', 'adarsh.upadhyay.18mec', 'devaharsha06', 'farhanaakterjerin', 'r.carboni9', 'mr882', 'ooovvviii444422', 'nallaparajuraghavendranagavarma1', 'dhruvakrishna', 'parikshit.palsania.18csc', 'koppineedikalyan', 'pranshu.sood.18cse', 'garimella.likith.18cse', 'jorge.guerrerovi', 'manyamvishal', 'akshita.2', 'sadman', 'saivenkatlakamsani', 'shubham04', 'inasrin220', 'aishwaryarajanbabu2002', None, 'kanavmittal', 'faisal.nazir', 'victor121222', 'venkata.manishkatragadda.18cse', 'shreyanshanchlia', 'bade.pundareekaksha.18cse', 'anirudhnannuri', 'bhavya.tuteja.18mec', 'venkata.saisreekarmp.18csc', 'mridulshukla1106', 'gelle.abhiram.18cse', 'akshat.tripathi.18cse', 'garvit.vijay.18csc']"
7,557,95,12,11,"['honey_bhardwaj', 'manas.yadav.18cse', 'pranshu.sood.18cse', 'bipinelmat', 'bhavya.tuteja.18mec', 'akshita.2', 'shivam.kumar.18cse', 'adarsh.upadhyay.18mec', 'mohammad.daim.18csc', 'saijal.goyal.18cse', 'akanksha.gupta.18csc']",83,"['edapalapati.venkataabhiram.18csc', 'gurram.raghavendradinesh.18cse', 'pramod.vangipurapu.18cse', 'shivansh.khera.18cse', 'garine.harshavardhan.18cse', 'harshini23', 'digvijay.singh.18csc', 'varmaaditya668', 'anirudh.jilla.18csc', 'chandasingh49', 'sreeya_suresh', 'paidipraneethkumar', 'jesminakther', 'vishwakreddy', 'sejalsomani', 'splbt18', 'gianluca.marongiu', 'pavuluriviratchowdary', 'g3_herg14', 'orzata', 'vilekha.ghanta.18ece', 'moram.indravardhanreddy.18cse', 'gioia.chiodi95', 'kanishk', 'chiraggoyal', 'alfon_macareno', 'anjalianju1707', 'lorenzo96', 'mathan.ntmoorthy', 'mamidipakamohanasai', 'imadabattuni.naveenkumar.18cse', 'yash.patil.18csc', 'yeddula.suryateja.18ece', 'apeddu95', 'sanket.deshmane', 'gallus1997', 'robertocro', 'chakka.saiteja.18csc', 'gc_unica', 'penumetcha.sairahulverma.18csc', 's.argiolas17', 'krishnapriya111tl', 'motupalli.saivamsikrishna.18cse', 'cinziasalis', 'cwelch5', 'arihant.jain.18csc', 'pallavi.bt18', 'f.marcato', 'tejeswarareddy', 'christina2001', 'veeramachaneni.saatwik.18csc', 'kanchrlavivek', 'rithvik', 'shivang2k', 'amarthalurupaavandileep', 'nilsgerke.ng', 'mogiligiridhar2001', 'himanshu.jalan.18cse', 'devaharsha06', 'r.carboni9', 'mr882', 'nallaparajuraghavendranagavarma1', 'dhruvakrishna', 'parikshit.palsania.18csc', 'koppineedikalyan', 'garimella.likith.18cse', 'jorge.guerrerovi', 'manyamvishal', 'saivenkatlakamsani', 'shubham04', 'aishwaryarajanbabu2002', 'kanavmittal', 'faisal.nazir', 'victor121222', 'venkata.manishkatragadda.18cse', 'shreyanshanchlia', 'bade.pundareekaksha.18cse', 'anirudhnannuri', 'venkata.saisreekarmp.18csc', 'mridulshukla1106', 'gelle.abhiram.18cse', 'akshat.tripathi.18cse', 'garvit.vijay.18csc']",1,[None],95,"['edapalapati.venkataabhiram.18csc', 'gurram.raghavendradinesh.18cse', 'pramod.vangipurapu.18cse', 'bipinelmat', 'shivansh.khera.18cse', 'garine.harshavardhan.18cse', 'harshini23', 'digvijay.singh.18csc', 'varmaaditya668', 'anirudh.jilla.18csc', 'chandasingh49', 'sreeya_suresh', 'saijal.goyal.18cse', 'paidipraneethkumar', 'jesminakther', 'vishwakreddy', 'sejalsomani', 'splbt18', 'gianluca.marongiu', 'pavuluriviratchowdary', 'g3_herg14', 'orzata', 'vilekha.ghanta.18ece', 'moram.indravardhanreddy.18cse', 'gioia.chiodi95', 'manas.yadav.18cse', 'kanishk', 'chiraggoyal', 'alfon_macareno', 'anjalianju1707', 'lorenzo96', 'mathan.ntmoorthy', 'mamidipakamohanasai', 'honey_bhardwaj', 'imadabattuni.naveenkumar.18cse', 'yash.patil.18csc', 'yeddula.suryateja.18ece', 'apeddu95', 'sanket.deshmane', 'gallus1997', 'robertocro', 'chakka.saiteja.18csc', 'gc_unica', 'penumetcha.sairahulverma.18csc', 's.argiolas17', 'krishnapriya111tl', 'motupalli.saivamsikrishna.18cse', 'cinziasalis', 'cwelch5', 'arihant.jain.18csc', 'shivam.kumar.18cse', 'pallavi.bt18', 'f.marcato', 'tejeswarareddy', 'mohammad.daim.18csc', 'christina2001', 'akanksha.gupta.18csc', 'veeramachaneni.saatwik.18csc', 'kanchrlavivek', 'rithvik', 'shivang2k', 'amarthalurupaavandileep', 'nilsgerke.ng', 'mogiligiridhar2001', 'himanshu.jalan.18cse', 'adarsh.upadhyay.18mec', 'devaharsha06', 'r.carboni9', 'mr882', 'nallaparajuraghavendranagavarma1', 'dhruvakrishna', 'parikshit.palsania.18csc', 'koppineedikalyan', 'pranshu.sood.18cse', 'garimella.likith.18cse', 'jorge.guerrerovi', 'manyamvishal', 'akshita.2', 'saivenkatlakamsani', 'shubham04', 'aishwaryarajanbabu2002', None, 'kanavmittal', 'faisal.nazir', 'victor121222', 'venkata.manishkatragadda.18cse', 'shreyanshanchlia', 'bade.pundareekaksha.18cse', 'anirudhnannuri', 'bhavya.tuteja.18mec', 'venkata.saisreekarmp.18csc', 'mridulshukla1106', 'gelle.abhiram.18cse', 'akshat.tripathi.18cse', 'garvit.vijay.18csc']"
7,556,95,9,6,"['amarthalurupaavandileep', 'shreyanshanchlia', 'digvijay.singh.18csc', 'kanavmittal', 'mamidipakamohanasai', 'paidipraneethkumar']",88,"['edapalapati.venkataabhiram.18csc', 'gurram.raghavendradinesh.18cse', 'pramod.vangipurapu.18cse', 'bipinelmat', 'shivansh.khera.18cse', 'garine.harshavardhan.18cse', 'harshini23', 'varmaaditya668', 'anirudh.jilla.18csc', 'chandasingh49', 'sreeya_suresh', 'saijal.goyal.18cse', 'jesminakther', 'vishwakreddy', 'sejalsomani', 'splbt18', 'gianluca.marongiu', 'pavuluriviratchowdary', 'g3_herg14', 'orzata', 'vilekha.ghanta.18ece', 'moram.indravardhanreddy.18cse', 'gioia.chiodi95', 'manas.yadav.18cse', 'kanishk', 'chiraggoyal', 'alfon_macareno', 'anjalianju1707', 'lorenzo96', 'mathan.ntmoorthy', 'honey_bhardwaj', 'imadabattuni.naveenkumar.18cse', 'yash.patil.18csc', 'yeddula.suryateja.18ece', 'apeddu95', 'sanket.deshmane', 'gallus1997', 'robertocro', 'chakka.saiteja.18csc', 'gc_unica', 'penumetcha.sairahulverma.18csc', 's.argiolas17', 'krishnapriya111tl', 'motupalli.saivamsikrishna.18cse', 'cinziasalis', 'cwelch5', 'arihant.jain.18csc', 'shivam.kumar.18cse', 'pallavi.bt18', 'f.marcato', 'tejeswarareddy', 'mohammad.daim.18csc', 'christina2001', 'akanksha.gupta.18csc', 'veeramachaneni.saatwik.18csc', 'kanchrlavivek', 'rithvik', 'shivang2k', 'nilsgerke.ng', 'mogiligiridhar2001', 'himanshu.jalan.18cse', 'adarsh.upadhyay.18mec', 'devaharsha06', 'r.carboni9', 'mr882', 'nallaparajuraghavendranagavarma1', 'dhruvakrishna', 'parikshit.palsania.18csc', 'koppineedikalyan', 'pranshu.sood.18cse', 'garimella.likith.18cse', 'jorge.guerrerovi', 'manyamvishal', 'akshita.2', 'saivenkatlakamsani', 'shubham04', 'aishwaryarajanbabu2002', 'faisal.nazir', 'victor121222', 'venkata.manishkatragadda.18cse', 'bade.pundareekaksha.18cse', 'anirudhnannuri', 'bhavya.tuteja.18mec', 'venkata.saisreekarmp.18csc', 'mridulshukla1106', 'gelle.abhiram.18cse', 'akshat.tripathi.18cse', 'garvit.vijay.18csc']",3,"['manju838', None, 'anant.kaul.18cse']",97,"['edapalapati.venkataabhiram.18csc', 'gurram.raghavendradinesh.18cse', 'pramod.vangipurapu.18cse', 'bipinelmat', 'shivansh.khera.18cse', 'garine.harshavardhan.18cse', 'harshini23', 'digvijay.singh.18csc', 'varmaaditya668', 'anirudh.jilla.18csc', 'chandasingh49', 'sreeya_suresh', 'saijal.goyal.18cse', 'paidipraneethkumar', 'jesminakther', 'vishwakreddy', 'sejalsomani', 'splbt18', 'gianluca.marongiu', 'pavuluriviratchowdary', 'g3_herg14', 'orzata', 'vilekha.ghanta.18ece', 'moram.indravardhanreddy.18cse', 'gioia.chiodi95', 'manas.yadav.18cse', 'kanishk', 'chiraggoyal', 'alfon_macareno', 'anjalianju1707', 'lorenzo96', 'mathan.ntmoorthy', 'mamidipakamohanasai', 'manju838', 'honey_bhardwaj', 'imadabattuni.naveenkumar.18cse', 'yash.patil.18csc', 'yeddula.suryateja.18ece', 'apeddu95', 'sanket.deshmane', 'gallus1997', 'robertocro', 'chakka.saiteja.18csc', 'gc_unica', 'penumetcha.sairahulverma.18csc', 's.argiolas17', 'krishnapriya111tl', 'motupalli.saivamsikrishna.18cse', 'cinziasalis', 'cwelch5', 'arihant.jain.18csc', 'shivam.kumar.18cse', 'pallavi.bt18', 'f.marcato', 'tejeswarareddy', 'mohammad.daim.18csc', 'christina2001', 'akanksha.gupta.18csc', 'veeramachaneni.saatwik.18csc', 'kanchrlavivek', 'rithvik', 'shivang2k', 'amarthalurupaavandileep', 'nilsgerke.ng', 'mogiligiridhar2001', 'himanshu.jalan.18cse', 'adarsh.upadhyay.18mec', 'devaharsha06', 'anant.kaul.18cse', 'r.carboni9', 'mr882', 'nallaparajuraghavendranagavarma1', 'dhruvakrishna', 'parikshit.palsania.18csc', 'koppineedikalyan', 'pranshu.sood.18cse', 'garimella.likith.18cse', 'jorge.guerrerovi', 'manyamvishal', 'akshita.2', 'saivenkatlakamsani', 'shubham04', 'aishwaryarajanbabu2002', None, 'kanavmittal', 'faisal.nazir', 'victor121222', 'venkata.manishkatragadda.18cse', 'shreyanshanchlia', 'bade.pundareekaksha.18cse', 'anirudhnannuri', 'bhavya.tuteja.18mec', 'venkata.saisreekarmp.18csc', 'mridulshukla1106', 'gelle.abhiram.18cse', 'akshat.tripathi.18cse', 'garvit.vijay.18csc']"
7,562,95,8,6,"['gc_unica', 's.argiolas17', 'nilsgerke.ng', 'f.marcato', 'lorenzo96', 'gallus1997']",88,"['edapalapati.venkataabhiram.18csc', 'gurram.raghavendradinesh.18cse', 'pramod.vangipurapu.18cse', 'bipinelmat', 'shivansh.khera.18cse', 'garine.harshavardhan.18cse', 'harshini23', 'digvijay.singh.18csc', 'varmaaditya668', 'anirudh.jilla.18csc', 'chandasingh49', 'sreeya_suresh', 'saijal.goyal.18cse', 'paidipraneethkumar', 'jesminakther', 'vishwakreddy', 'sejalsomani', 'splbt18', 'gianluca.marongiu', 'pavuluriviratchowdary', 'g3_herg14', 'orzata', 'vilekha.ghanta.18ece', 'moram.indravardhanreddy.18cse', 'gioia.chiodi95', 'manas.yadav.18cse', 'kanishk', 'chiraggoyal', 'alfon_macareno', 'anjalianju1707', 'mathan.ntmoorthy', 'mamidipakamohanasai', 'honey_bhardwaj', 'imadabattuni.naveenkumar.18cse', 'yash.patil.18csc', 'yeddula.suryateja.18ece', 'apeddu95', 'sanket.deshmane', 'robertocro', 'chakka.saiteja.18csc', 'penumetcha.sairahulverma.18csc', 'krishnapriya111tl', 'motupalli.saivamsikrishna.18cse', 'cinziasalis', 'cwelch5', 'arihant.jain.18csc', 'shivam.kumar.18cse', 'pallavi.bt18', 'tejeswarareddy', 'mohammad.daim.18csc', 'christina2001', 'akanksha.gupta.18csc', 'veeramachaneni.saatwik.18csc', 'kanchrlavivek', 'rithvik', 'shivang2k', 'amarthalurupaavandileep', 'mogiligiridhar2001', 'himanshu.jalan.18cse', 'adarsh.upadhyay.18mec', 'devaharsha06', 'r.carboni9', 'mr882', 'nallaparajuraghavendranagavarma1', 'dhruvakrishna', 'parikshit.palsania.18csc', 'koppineedikalyan', 'pranshu.sood.18cse', 'garimella.likith.18cse', 'jorge.guerrerovi', 'manyamvishal', 'akshita.2', 'saivenkatlakamsani', 'shubham04', 'aishwaryarajanbabu2002', 'kanavmittal', 'faisal.nazir', 'victor121222', 'venkata.manishkatragadda.18cse', 'shreyanshanchlia', 'bade.pundareekaksha.18cse', 'anirudhnannuri', 'bhavya.tuteja.18mec', 'venkata.saisreekarmp.18csc', 'mridulshukla1106', 'gelle.abhiram.18cse', 'akshat.tripathi.18cse', 'garvit.vijay.18csc']",2,"['stefano.lai', None]",96,"['edapalapati.venkataabhiram.18csc', 'gurram.raghavendradinesh.18cse', 'pramod.vangipurapu.18cse', 'bipinelmat', 'shivansh.khera.18cse', 'garine.harshavardhan.18cse', 'harshini23', 'digvijay.singh.18csc', 'varmaaditya668', 'anirudh.jilla.18csc', 'chandasingh49', 'sreeya_suresh', 'saijal.goyal.18cse', 'paidipraneethkumar', 'jesminakther', 'vishwakreddy', 'sejalsomani', 'splbt18', 'gianluca.marongiu', 'pavuluriviratchowdary', 'g3_herg14', 'orzata', 'vilekha.ghanta.18ece', 'moram.indravardhanreddy.18cse', 'gioia.chiodi95', 'manas.yadav.18cse', 'kanishk', 'chiraggoyal', 'alfon_macareno', 'anjalianju1707', 'lorenzo96', 'mathan.ntmoorthy', 'mamidipakamohanasai', 'honey_bhardwaj', 'imadabattuni.naveenkumar.18cse', 'yash.patil.18csc', 'yeddula.suryateja.18ece', 'apeddu95', 'sanket.deshmane', 'gallus1997', 'robertocro', 'chakka.saiteja.18csc', 'gc_unica', 'penumetcha.sairahulverma.18csc', 's.argiolas17', 'krishnapriya111tl', 'motupalli.saivamsikrishna.18cse', 'cinziasalis', 'stefano.lai', 'cwelch5', 'arihant.jain.18csc', 'shivam.kumar.18cse', 'pallavi.bt18', 'f.marcato', 'tejeswarareddy', 'mohammad.daim.18csc', 'christina2001', 'akanksha.gupta.18csc', 'veeramachaneni.saatwik.18csc', 'kanchrlavivek', 'rithvik', 'shivang2k', 'amarthalurupaavandileep', 'nilsgerke.ng', 'mogiligiridhar2001', 'himanshu.jalan.18cse', 'adarsh.upadhyay.18mec', 'devaharsha06', 'r.carboni9', 'mr882', 'nallaparajuraghavendranagavarma1', 'dhruvakrishna', 'parikshit.palsania.18csc', 'koppineedikalyan', 'pranshu.sood.18cse', 'garimella.likith.18cse', 'jorge.guerrerovi', 'manyamvishal', 'akshita.2', 'saivenkatlakamsani', 'shubham04', 'aishwaryarajanbabu2002', None, 'kanavmittal', 'faisal.nazir', 'victor121222', 'venkata.manishkatragadda.18cse', 'shreyanshanchlia', 'bade.pundareekaksha.18cse', 'anirudhnannuri', 'bhavya.tuteja.18mec', 'venkata.saisreekarmp.18csc', 'mridulshukla1106', 'gelle.abhiram.18cse', 'akshat.tripathi.18cse', 'garvit.vijay.18csc']"
7,565,95,8,3,"['sreeya_suresh', 'chandasingh49', 'krishnapriya111tl']",91,"['edapalapati.venkataabhiram.18csc', 'gurram.raghavendradinesh.18cse', 'pramod.vangipurapu.18cse', 'bipinelmat', 'shivansh.khera.18cse', 'garine.harshavardhan.18cse', 'harshini23', 'digvijay.singh.18csc', 'varmaaditya668', 'anirudh.jilla.18csc', 'saijal.goyal.18cse', 'paidipraneethkumar', 'jesminakther', 'vishwakreddy', 'sejalsomani', 'splbt18', 'gianluca.marongiu', 'pavuluriviratchowdary', 'g3_herg14', 'orzata', 'vilekha.ghanta.18ece', 'moram.indravardhanreddy.18cse', 'gioia.chiodi95', 'manas.yadav.18cse', 'kanishk', 'chiraggoyal', 'alfon_macareno', 'anjalianju1707', 'lorenzo96', 'mathan.ntmoorthy', 'mamidipakamohanasai', 'honey_bhardwaj', 'imadabattuni.naveenkumar.18cse', 'yash.patil.18csc', 'yeddula.suryateja.18ece', 'apeddu95', 'sanket.deshmane', 'gallus1997', 'robertocro', 'chakka.saiteja.18csc', 'gc_unica', 'penumetcha.sairahulverma.18csc', 's.argiolas17', 'motupalli.saivamsikrishna.18cse', 'cinziasalis', 'cwelch5', 'arihant.jain.18csc', 'shivam.kumar.18cse', 'pallavi.bt18', 'f.marcato', 'tejeswarareddy', 'mohammad.daim.18csc', 'christina2001', 'akanksha.gupta.18csc', 'veeramachaneni.saatwik.18csc', 'kanchrlavivek', 'rithvik', 'shivang2k', 'amarthalurupaavandileep', 'nilsgerke.ng', 'mogiligiridhar2001', 'himanshu.jalan.18cse', 'adarsh.upadhyay.18mec', 'devaharsha06', 'r.carboni9', 'mr882', 'nallaparajuraghavendranagavarma1', 'dhruvakrishna', 'parikshit.palsania.18csc', 'koppineedikalyan', 'pranshu.sood.18cse', 'garimella.likith.18cse', 'jorge.guerrerovi', 'manyamvishal', 'akshita.2', 'saivenkatlakamsani', 'shubham04', 'aishwaryarajanbabu2002', 'kanavmittal', 'faisal.nazir', 'victor121222', 'venkata.manishkatragadda.18cse', 'shreyanshanchlia', 'bade.pundareekaksha.18cse', 'anirudhnannuri', 'bhavya.tuteja.18mec', 'venkata.saisreekarmp.18csc', 'mridulshukla1106', 'gelle.abhiram.18cse', 'akshat.tripathi.18cse', 'garvit.vijay.18csc']",5,"['saleenanand', 'harikalatheeswaran', 'arunsamuel2002', 'ervimala', None]",99,"['edapalapati.venkataabhiram.18csc', 'gurram.raghavendradinesh.18cse', 'pramod.vangipurapu.18cse', 'bipinelmat', 'shivansh.khera.18cse', 'garine.harshavardhan.18cse', 'harshini23', 'digvijay.singh.18csc', 'varmaaditya668', 'anirudh.jilla.18csc', 'chandasingh49', 'sreeya_suresh', 'saijal.goyal.18cse', 'paidipraneethkumar', 'jesminakther', 'vishwakreddy', 'sejalsomani', 'splbt18', 'gianluca.marongiu', 'pavuluriviratchowdary', 'g3_herg14', 'orzata', 'vilekha.ghanta.18ece', 'moram.indravardhanreddy.18cse', 'gioia.chiodi95', 'manas.yadav.18cse', 'kanishk', 'chiraggoyal', 'alfon_macareno', 'anjalianju1707', 'lorenzo96', 'mathan.ntmoorthy', 'mamidipakamohanasai', 'honey_bhardwaj', 'imadabattuni.naveenkumar.18cse', 'harikalatheeswaran', 'ervimala', 'yash.patil.18csc', 'yeddula.suryateja.18ece', 'apeddu95', 'sanket.deshmane', 'gallus1997', 'robertocro', 'chakka.saiteja.18csc', 'gc_unica', 'penumetcha.sairahulverma.18csc', 's.argiolas17', 'krishnapriya111tl', 'motupalli.saivamsikrishna.18cse', 'cinziasalis', 'arunsamuel2002', 'cwelch5', 'arihant.jain.18csc', 'shivam.kumar.18cse', 'pallavi.bt18', 'f.marcato', 'tejeswarareddy', 'mohammad.daim.18csc', 'christina2001', 'akanksha.gupta.18csc', 'saleenanand', 'veeramachaneni.saatwik.18csc', 'kanchrlavivek', 'rithvik', 'shivang2k', 'amarthalurupaavandileep', 'nilsgerke.ng', 'mogiligiridhar2001', 'himanshu.jalan.18cse', 'adarsh.upadhyay.18mec', 'devaharsha06', 'r.carboni9', 'mr882', 'nallaparajuraghavendranagavarma1', 'dhruvakrishna', 'parikshit.palsania.18csc', 'koppineedikalyan', 'pranshu.sood.18cse', 'garimella.likith.18cse', 'jorge.guerrerovi', 'manyamvishal', 'akshita.2', 'saivenkatlakamsani', 'shubham04', 'aishwaryarajanbabu2002', None, 'kanavmittal', 'faisal.nazir', 'victor121222', 'venkata.manishkatragadda.18cse', 'shreyanshanchlia', 'bade.pundareekaksha.18cse', 'anirudhnannuri', 'bhavya.tuteja.18mec', 'venkata.saisreekarmp.18csc', 'mridulshukla1106', 'gelle.abhiram.18cse', 'akshat.tripathi.18cse', 'garvit.vijay.18csc']"
8,465,94,283,21,"['moshelem', 'roiaso', 'lctasende3', 'borja.bayon', 'costasdiego97', 'anapv177', 'mariapl200896', 'hrhlauraa', 'martinotero', 'jako91', 'guillermo99', 'nuriamjusc', 'martin.mg98.10', 'raul292', 'anxooo', 'aaronrivasterron', 'evakolmel', 'ainhoaab', 'sabe425', 'damianonetto', 'saradiazr']",72,"['antia.santiago', 'josemanuel.alvarez.perez', 'sergiobalboabarreiro', 'miguel.lozano.gonzalez', 'audranp', 'myriam.blanchet07', 'ireneduinkerkenrodriguez', 'jorgeexpositopatino', 'giorgiayang', 'sarad12', 'ivancambon3b', 'gemmabf', 'albersabo99', 'wz347718', 'sergiomartinez', 'saragonzalezmiguez', 'stephania23', 'martin45720', 'emescape', 'davidruiz', 'jose5loureiro', 'resmi968', 'analorenzo', 'miguelrecuna3c', 'ritav', 'javivilladamigo', 'davidcastano', 'chaems322', 'tuvieja88', 'iagofacal', 'juliia.ou', 'lidiacarcedo', 'alejandromataali', 'nazaretgarciagonzalez', 'cinthiarodrilande11', 'almalr97', 'dumas.david.97', 'jeangabriel.chenard', 'jamesjuansierra', 'foojorge', 'mmartinezsanchez', 'angietuset', 'marcobaleato', 'noeliaff', 'pedro.montysen', 'ivan1', 'gablapo97', 'jlcjuli2', 'euem789', 'yagolemacapeans', 'sabelamv11', 'luigig', 'parduxen', 'd.c.yborde', 'beluso13', 'lauravicente', 'andreairamas', 'danielm78', 'sbopp', 'sergiocabana1999', 'tomtomshoo', 'atsui75', 'cesarleo94', 'justin.hamel2', 'jacfomg', 'victorlopezpardo.liceo', 'sabela.fernandez.r', 'marniesan', 'yjh01027952607', 'lgv', 'antiapc', 'piolin991099']",262,"['ulusoy2006', 'arianebarreto', 'zse0147', 'gazerlo', 'rylandkate', 'jef325', 'huseyinu', 'fafrin2', 'reuben90', 'chrixang18', 'halilibrahimtiken', 's16c045b', 'mtakcali', 'plaggeme', 'alexander.lee', 'jhahn95', 'olivier35', 'a194117', 'newele', 'ncm0007', 'mangabera10', 'syoonhan', 'jrobinson5', 'felipemachado', 'emreyilmazel1996', 'amrita_lovelace', 'haren22', 'd093641', 'maria.irausquin', 'thboth', 'jsanmartin1', 'ervndgn59', 'kellen.wise', 'r207733', 'paezjuanagustin47', 'ogandocortes', 'pkj71794g', 'theurgeboat', 'jequito', 'cninja99', 'psuzhouy', 'caseyamick', 'magnoliajasper', '8223freret', 'enhjinhanabi', 'cartermchris1', 'rakaiit', 'ogu0001', 'berrospidavid7', 'jschewinsky', 'cdutreil', 'wingitalways', 'sbentz', 'julianyordano', 'terje', 'gabriel.pzanoni', 'tg2016', 'stiml1144', 'kodurur', 'daddysexual', 'ege.ert7', 'grantmorris656', 'v257028', 'wys142', 'u1089358', 'lenoirr', 'l201843', 'mrgiraffe', 'jaycwilson23', 'panellink1', 'briann', 'murattdo', 'kyenyarkolemuel', 'aingles', 'rossop', 'vincentdoucet22', 'octoman1080x', 'dongmingli', 'f215766', 'lkipfer', 'pmcnutt2', 'choudh23', 'burnett.william', 'lpentzke', 'testeremre70', 'dolaydemirel', 'sungjooncho', 'emani', 'krusso448', 'spazos7', 'xiaoyuzhang', 'npatta.1986', 'burak9836', 'cibranlpz', 'm241617', 'rosadourada9', 'liqizhou', 'omarloay99', 'c195673', 'justiejoseph', 'chastintruelove', 'tomasx', 'pspiotrowicz1', 'kst48', 'joejfranzo', 'sqlim94', 'phhuang', 'yesimcakmakc', 'andrew217usmc', 'asif0047', 'fpincock', 'hcha71', 'garciacarrillojudith', 'u0916393', 'sholliday643', 'hlong262', 'retrewtewrt', 'eschruba', 'charles.dambra', 'jbonez411', 'ee17resch11016', 'nfranzoni', 'jake.m.hall876', 'philippeblaise', 'lokesht123', 'sabolton', 'aravindh', 'maxguipil', 'mrbunnyman', 'also0714', 'madisonmiller', 'mollykole', 'kmerino', 'man6787', 'cancetinkaya1201', 'rajsingh', 'u6007941', 'trivellin', 'santosalexis1817', 'semmi.spado00', 'heatherleaf', 'nickm', 'mmei', 'kianamon', 'thomasspradley', 'julianawallgren', 'tserenkhand', 'leeluanling123', 'miguelcb', 'ethan.caballero', 'jack522577', 'oktayhalitekinay', 'sebrobarts', 'maxiasensio', 'hjlim9612', 'elena.gnani', 'mos_noob', 'wdeaweqwdas', 'josemanuel3', 'vritota', 'tudimubunmi', 'hj980217', 'jimenezph', 'bmirzapouebe', 't224622', 'fredysanchez2', 'clizarazo', 'jsathanand', 'u1250344', 'drogalski', 'elel30182', 'yyerim', 'dicef', 'smontero', 'cacuy', 'abaringer', 'marcantoineduval', 'ge.6cg7', 'ts992', 'jdgerling', 'baqer', 'fedele.penna', 'ronitronit119', 'davidr27', 'cbandel', 'aaroncoonu', 'k.hildenbrand', 'asdksnfksfkmd', 'ol_ac', 'blane', 'kayleneechong', 'sandip83', 'danielclapp99', 'durgaprasadkhatri2011', 'zepfan026', 'j176601', 'lobsterben13', 'fatanehjenabi', 'lorenzoholguin12', 'ana23', 'aldanafloyd', 'mstff.1clkk', 'd33r00', 'mahnoor.syed29', 'amandabrum', 'nguyendaniel', 'santox2000', 'matthew.jones98', 'poorar21', 'johnganiban', 'eminasuljic', 'yorkiiii', 'hjp44', 'cameronframpton', 'j218711', 'annikadasher', 'kaiseale', 'anujgarg939', 'alirose12', 'cactusnoh', 'lewisgf20', 'nicoladegiuseppe19', 'sungjoon.cho97', 'nsh0004', 'andresaraiva', 'arno.yu610168', 'fabio.aragao.santos', 'kaynegalie', 's16c028b', 'deguirejasmin', 'sd226', 'xiaokaizhong99', 'cheeseybacon', 'nbhat0792', 'jason.earl', 'nanobeam', 'm203442', 'jeus63', 'alexdallee17', 'ashishchr', 'nmorgan1', 'sarah.youssef', 'rynk.john', 'olga.casals', 'jeption2025', 'joshuabush', 'mtynski', 'iuri', 'arif.ozkan5806', 'ftah', 'longstreetjacob', 'johndoe2341341243', 'avivlavan', 'mrtmert98', 'sebasmarquez90', 'anshshah2011', 'lerner', 'susannareggiani', 'uuganbayaro', 'pw8', 'hamastahir19', 'i.lutticken']",355,"['ulusoy2006', 'josemanuel.alvarez.perez', 'huseyinu', 'fafrin2', 'reuben90', 'mtakcali', 'alexander.lee', 'jhahn95', 'olivier35', 'ncm0007', 'syoonhan', 'davidcastano', 'amrita_lovelace', 'mariapl200896', 'haren22', 'juliia.ou', 'thboth', 'jsanmartin1', 'ervndgn59', 'foojorge', 'r207733', 'paezjuanagustin47', 'ogandocortes', 'pkj71794g', 'theurgeboat', 'jequito', 'cninja99', 'psuzhouy', 'enhjinhanabi', 'martinotero', 'ogu0001', 'gablapo97', 'sbentz', 'julianyordano', 'guillermo99', 'terje', 'gabriel.pzanoni', 'martin.mg98.10', 'daddysexual', 'ege.ert7', 'beluso13', 'grantmorris656', 'v257028', 'wys142', 'u1089358', 'lenoirr', 'jaycwilson23', 'justin.hamel2', 'ainhoaab', 'sabe425', 'murattdo', 'kyenyarkolemuel', 'vincentdoucet22', 'octoman1080x', 'dongmingli', 'f215766', 'lkipfer', 'burnett.william', 'lpentzke', 'dolaydemirel', 'roiaso', 'emani', 'npatta.1986', 'lctasende3', 'stephania23', 'omarloay99', 'tomasx', 'pspiotrowicz1', 'alejandromataali', 'andrew217usmc', 'hcha71', 'garciacarrillojudith', 'u0916393', 'marcobaleato', 'sholliday643', 'noeliaff', 'eschruba', 'charles.dambra', 'parduxen', 'jake.m.hall876', 'anxooo', 'philippeblaise', 'lokesht123', 'sabolton', 'aravindh', 'mrbunnyman', 'also0714', 'marniesan', 'mollykole', 'man6787', 'piolin991099', 'moshelem', 'jorgeexpositopatino', 'santosalexis1817', 'sarad12', 'semmi.spado00', 'mmei', 'kianamon', 'martin45720', 'borja.bayon', 'costasdiego97', 'thomasspradley', 'julianawallgren', 'miguelrecuna3c', 'leeluanling123', 'miguelcb', 'lidiacarcedo', 'sebrobarts', 'hjlim9612', 'wdeaweqwdas', 'josemanuel3', 'vritota', 'tudimubunmi', 'jimenezph', 'jsathanand', 'euem789', 'u1250344', 'sabelamv11', 'yyerim', 'raul292', 'dicef', 'smontero', 'lauravicente', 'ts992', 'jdgerling', 'baqer', 'davidr27', 'atsui75', 'evakolmel', 'sabela.fernandez.r', 'blane', 'kayleneechong', 'sandip83', 'danielclapp99', 'durgaprasadkhatri2011', 'lobsterben13', 'saradiazr', 'lorenzoholguin12', 'ana23', 'ireneduinkerkenrodriguez', 'aldanafloyd', 'mstff.1clkk', 'mahnoor.syed29', 'amandabrum', 'nguyendaniel', 'santox2000', 'gemmabf', 'albersabo99', 'matthew.jones98', 'emescape', 'poorar21', 'resmi968', 'eminasuljic', 'analorenzo', 'javivilladamigo', 'chaems322', 'hjp44', 'annikadasher', 'kaiseale', 'anujgarg939', 'cactusnoh', 'dumas.david.97', 'nicoladegiuseppe19', 'sungjoon.cho97', 'nsh0004', 's16c028b', 'deguirejasmin', 'sd226', 'nanobeam', 'm203442', 'jeus63', 'luigig', 'sarah.youssef', 'olga.casals', 'joshuabush', 'andreairamas', 'sergiocabana1999', 'arif.ozkan5806', 'johndoe2341341243', 'mrtmert98', 'pw8', 'i.lutticken', 'arianebarreto', 'zse0147', 'gazerlo', 'rylandkate', 'sergiobalboabarreiro', 'jef325', 'chrixang18', 'halilibrahimtiken', 's16c045b', 'plaggeme', 'a194117', 'newele', 'mangabera10', 'jrobinson5', 'felipemachado', 'emreyilmazel1996', 'd093641', 'maria.irausquin', 'iagofacal', 'kellen.wise', 'caseyamick', 'mmartinezsanchez', 'magnoliajasper', '8223freret', 'angietuset', 'cartermchris1', 'rakaiit', 'berrospidavid7', 'ivan1', 'jschewinsky', 'cdutreil', 'wingitalways', 'tg2016', 'stiml1144', 'kodurur', 'danielm78', 'tomtomshoo', 'l201843', 'mrgiraffe', 'panellink1', 'briann', 'lgv', 'aingles', 'rossop', 'pmcnutt2', 'choudh23', 'testeremre70', 'myriam.blanchet07', 'sungjooncho', 'krusso448', 'spazos7', 'xiaoyuzhang', 'burak9836', 'cibranlpz', 'm241617', 'rosadourada9', 'liqizhou', 'anapv177', 'c195673', 'justiejoseph', 'chastintruelove', 'kst48', 'joejfranzo', 'sqlim94', 'cinthiarodrilande11', 'phhuang', 'yesimcakmakc', 'asif0047', 'jamesjuansierra', 'fpincock', 'hlong262', 'retrewtewrt', 'pedro.montysen', 'jlcjuli2', 'jako91', 'jbonez411', 'ee17resch11016', 'nfranzoni', 'sbopp', 'maxguipil', 'madisonmiller', 'kmerino', 'cancetinkaya1201', 'rajsingh', 'antia.santiago', 'u6007941', 'trivellin', 'miguel.lozano.gonzalez', 'audranp', 'giorgiayang', 'heatherleaf', 'nickm', 'saragonzalezmiguez', 'davidruiz', 'tserenkhand', 'ritav', 'ethan.caballero', 'jack522577', 'oktayhalitekinay', 'maxiasensio', 'elena.gnani', 'mos_noob', 'hj980217', 'bmirzapouebe', 't224622', 'fredysanchez2', 'clizarazo', 'drogalski', 'elel30182', 'cacuy', 'd.c.yborde', 'abaringer', 'marcantoineduval', 'ge.6cg7', 'aaronrivasterron', 'fedele.penna', 'ronitronit119', 'cbandel', 'cesarleo94', 'jacfomg', 'aaroncoonu', 'k.hildenbrand', 'asdksnfksfkmd', 'ol_ac', 'zepfan026', 'j176601', 'antiapc', 'fatanehjenabi', 'd33r00', 'ivancambon3b', 'wz347718', 'sergiomartinez', 'jose5loureiro', 'johnganiban', 'yorkiiii', 'cameronframpton', 'j218711', 'tuvieja88', 'nazaretgarciagonzalez', 'hrhlauraa', 'alirose12', 'almalr97', 'lewisgf20', 'jeangabriel.chenard', 'andresaraiva', 'arno.yu610168', 'fabio.aragao.santos', 'kaynegalie', 'xiaokaizhong99', 'cheeseybacon', 'nbhat0792', 'jason.earl', 'yagolemacapeans', 'alexdallee17', 'ashishchr', 'nmorgan1', 'nuriamjusc', 'rynk.john', 'jeption2025', 'mtynski', 'iuri', 'ftah', 'longstreetjacob', 'avivlavan', 'victorlopezpardo.liceo', 'sebasmarquez90', 'anshshah2011', 'lerner', 'susannareggiani', 'uuganbayaro', 'yjh01027952607', 'hamastahir19', 'damianonetto']"
8,54,94,73,1,['chaems322'],92,"['josemanuel.alvarez.perez', 'sergiobalboabarreiro', 'davidcastano', 'mariapl200896', 'iagofacal', 'juliia.ou', 'foojorge', 'mmartinezsanchez', 'angietuset', 'martinotero', 'ivan1', 'gablapo97', 'guillermo99', 'martin.mg98.10', 'beluso13', 'danielm78', 'tomtomshoo', 'justin.hamel2', 'ainhoaab', 'sabe425', 'lgv', 'myriam.blanchet07', 'roiaso', 'lctasende3', 'stephania23', 'anapv177', 'alejandromataali', 'cinthiarodrilande11', 'jamesjuansierra', 'marcobaleato', 'noeliaff', 'pedro.montysen', 'jlcjuli2', 'jako91', 'parduxen', 'anxooo', 'sbopp', 'marniesan', 'piolin991099', 'antia.santiago', 'miguel.lozano.gonzalez', 'audranp', 'moshelem', 'jorgeexpositopatino', 'giorgiayang', 'sarad12', 'saragonzalezmiguez', 'martin45720', 'borja.bayon', 'davidruiz', 'costasdiego97', 'miguelrecuna3c', 'ritav', 'lidiacarcedo', 'euem789', 'sabelamv11', 'raul292', 'd.c.yborde', 'lauravicente', 'aaronrivasterron', 'atsui75', 'cesarleo94', 'jacfomg', 'evakolmel', 'sabela.fernandez.r', 'antiapc', 'saradiazr', 'ireneduinkerkenrodriguez', 'ivancambon3b', 'gemmabf', 'albersabo99', 'wz347718', 'sergiomartinez', 'emescape', 'jose5loureiro', 'resmi968', 'analorenzo', 'javivilladamigo', 'tuvieja88', 'nazaretgarciagonzalez', 'hrhlauraa', 'almalr97', 'dumas.david.97', 'jeangabriel.chenard', 'yagolemacapeans', 'nuriamjusc', 'luigig', 'andreairamas', 'sergiocabana1999', 'victorlopezpardo.liceo', 'yjh01027952607', 'damianonetto']",72,"['trigon201', 'diana9697', 'hyeonji', 'oyesj97', 'ohjeremy', 'b615011', 'mindk24', 'sungjooncho', 'chubbypet2', 'systartup', 'hee_jun', 'yeyeye1', 'eb32862', 'minyeong', 'kalibee', 'qudgur96', 'anunshi0214', 'jkj9316', 'sou06101', 'myeonu', 'bagpag0412', 'star73733', 'cactusnoh', 'hjlim9612', 'homme0214', 'wnsgnl57', 'sungjoon.cho97', 'alstlr96qkr', 'rhdcor05', 'siggy36', 'jkr3623', 'ekdh4301', 'qor061533', 'yuseap1111', 'dltnwls4870', 'hj980217', 'jrish', 'hyeonkims97', 'tkdgjs68', 'shawutss', 'jeus63', 'kmjysys', 'paragt1026', 'xmdnlxj2bo', 'yyerim', 'daniel223977', 'wjddn308', 'ley008002', 'hwan10353', 'lidia082839', 'kevin726', 'younsk666', 'wys142', None, 'jaycho0309', 'hoonny5343', 'poby', 'ekdhafs', 'kgj0328', 'choichoi1217', 'also0714', '9704psj', 'rbdud220', 'kim980407', 'hjy0909', 'ckgk77', 'gunstux', 'man6787', 'wkm125', 'zparkwd', 'jsjjsung1996', 'tls123009']",165,"['josemanuel.alvarez.perez', 'diana9697', 'oyesj97', 'sergiobalboabarreiro', 'davidcastano', 'mariapl200896', 'iagofacal', 'juliia.ou', 'star73733', 'homme0214', 'foojorge', 'mmartinezsanchez', 'siggy36', 'angietuset', 'qor061533', 'yuseap1111', 'dltnwls4870', 'martinotero', 'ivan1', 'gablapo97', 'xmdnlxj2bo', 'guillermo99', 'martin.mg98.10', 'lidia082839', 'beluso13', 'wys142', 'danielm78', 'hoonny5343', 'tomtomshoo', 'kgj0328', 'justin.hamel2', '9704psj', 'ainhoaab', 'sabe425', 'lgv', 'trigon201', 'ohjeremy', 'b615011', 'myriam.blanchet07', 'sungjooncho', 'roiaso', 'systartup', 'yeyeye1', 'lctasende3', 'stephania23', 'kalibee', 'minyeong', 'anunshi0214', 'anapv177', 'myeonu', 'alejandromataali', 'cinthiarodrilande11', 'jamesjuansierra', 'jkr3623', 'ekdh4301', 'jrish', 'marcobaleato', 'noeliaff', 'pedro.montysen', 'hyeonkims97', 'shawutss', 'jlcjuli2', 'jako91', 'daniel223977', 'wjddn308', 'parduxen', None, 'anxooo', 'sbopp', 'ekdhafs', 'also0714', 'rbdud220', 'marniesan', 'man6787', 'wkm125', 'piolin991099', 'antia.santiago', 'miguel.lozano.gonzalez', 'audranp', 'moshelem', 'mindk24', 'jorgeexpositopatino', 'giorgiayang', 'sarad12', 'saragonzalezmiguez', 'martin45720', 'borja.bayon', 'davidruiz', 'costasdiego97', 'miguelrecuna3c', 'ritav', 'jkj9316', 'sou06101', 'lidiacarcedo', 'hjlim9612', 'wnsgnl57', 'rhdcor05', 'hj980217', 'euem789', 'kmjysys', 'paragt1026', 'sabelamv11', 'yyerim', 'raul292', 'd.c.yborde', 'hwan10353', 'lauravicente', 'kevin726', 'younsk666', 'aaronrivasterron', 'atsui75', 'cesarleo94', 'jacfomg', 'evakolmel', 'sabela.fernandez.r', 'hjy0909', 'ley008002', 'zparkwd', 'antiapc', 'jsjjsung1996', 'saradiazr', 'hyeonji', 'ireneduinkerkenrodriguez', 'ivancambon3b', 'gemmabf', 'albersabo99', 'chubbypet2', 'wz347718', 'sergiomartinez', 'hee_jun', 'emescape', 'jose5loureiro', 'eb32862', 'resmi968', 'qudgur96', 'analorenzo', 'javivilladamigo', 'chaems322', 'tuvieja88', 'nazaretgarciagonzalez', 'bagpag0412', 'hrhlauraa', 'almalr97', 'cactusnoh', 'dumas.david.97', 'jeangabriel.chenard', 'sungjoon.cho97', 'alstlr96qkr', 'tkdgjs68', 'jeus63', 'yagolemacapeans', 'nuriamjusc', 'luigig', 'jaycho0309', 'andreairamas', 'sergiocabana1999', 'poby', 'victorlopezpardo.liceo', 'choichoi1217', 'ckgk77', 'kim980407', 'gunstux', 'yjh01027952607', 'damianonetto', 'tls123009']"
8,19,94,66,1,['chaems322'],92,"['josemanuel.alvarez.perez', 'sergiobalboabarreiro', 'davidcastano', 'mariapl200896', 'iagofacal', 'juliia.ou', 'foojorge', 'mmartinezsanchez', 'angietuset', 'martinotero', 'ivan1', 'gablapo97', 'guillermo99', 'martin.mg98.10', 'beluso13', 'danielm78', 'tomtomshoo', 'justin.hamel2', 'ainhoaab', 'sabe425', 'lgv', 'myriam.blanchet07', 'roiaso', 'lctasende3', 'stephania23', 'anapv177', 'alejandromataali', 'cinthiarodrilande11', 'jamesjuansierra', 'marcobaleato', 'noeliaff', 'pedro.montysen', 'jlcjuli2', 'jako91', 'parduxen', 'anxooo', 'sbopp', 'marniesan', 'piolin991099', 'antia.santiago', 'miguel.lozano.gonzalez', 'audranp', 'moshelem', 'jorgeexpositopatino', 'giorgiayang', 'sarad12', 'saragonzalezmiguez', 'martin45720', 'borja.bayon', 'davidruiz', 'costasdiego97', 'miguelrecuna3c', 'ritav', 'lidiacarcedo', 'euem789', 'sabelamv11', 'raul292', 'd.c.yborde', 'lauravicente', 'aaronrivasterron', 'atsui75', 'cesarleo94', 'jacfomg', 'evakolmel', 'sabela.fernandez.r', 'antiapc', 'saradiazr', 'ireneduinkerkenrodriguez', 'ivancambon3b', 'gemmabf', 'albersabo99', 'wz347718', 'sergiomartinez', 'emescape', 'jose5loureiro', 'resmi968', 'analorenzo', 'javivilladamigo', 'tuvieja88', 'nazaretgarciagonzalez', 'hrhlauraa', 'almalr97', 'dumas.david.97', 'jeangabriel.chenard', 'yagolemacapeans', 'nuriamjusc', 'luigig', 'andreairamas', 'sergiocabana1999', 'victorlopezpardo.liceo', 'yjh01027952607', 'damianonetto']",65,"['man6787', 'diana9697', 'oyesj97', 'ohjeremy', 'b615011', 'mindk24', 'sungjooncho', 'kgj9056', 'systartup', 'yeyeye1', 'kimsw9506', 'eb32862', 'minyeong', 'kalibee', 'qudgur96', 'anunshi0214', 'jkj9316', 'yermin3196', 'myeonu', 'bagpag0412', 'gns09171303', 'cactusnoh', 'hjlim9612', 'sungjoon.cho97', 'wnsgnl57', 'unshi0214', 'rhdcor05', 'hcha71', 'siggy36', 'jkr3623', 'ekdh4301', 'ubspace', 'yuseap1111', 'hj980217', 'jrish', 'geunwonjeong', 'shawutss', 'jeus63', 'kmjysys', 'paragt1026', 'yyerim', 'wjddn308', 'hwan10353', 'kevin726', 'jihwanch1', 'younsk666', 'wys142', None, 'jaycho0309', 'hoonny5343', 'minsuk', 'ekdhafs', 'choichoi1217', 'also0714', 'rbdud220', 'ckgk77', 'yj_choi', 'comebacktome', 'hjy0909', 'gunstux', 'seobstantial', 'yujin', 'wkm125', 'zparkwd', 'jsjjsung1996']",158,"['josemanuel.alvarez.perez', 'diana9697', 'oyesj97', 'sergiobalboabarreiro', 'davidcastano', 'mariapl200896', 'iagofacal', 'juliia.ou', 'gns09171303', 'foojorge', 'mmartinezsanchez', 'siggy36', 'angietuset', 'yuseap1111', 'martinotero', 'ivan1', 'gablapo97', 'guillermo99', 'martin.mg98.10', 'beluso13', 'wys142', 'danielm78', 'hoonny5343', 'tomtomshoo', 'justin.hamel2', 'ainhoaab', 'sabe425', 'lgv', 'ohjeremy', 'b615011', 'myriam.blanchet07', 'sungjooncho', 'roiaso', 'systartup', 'yeyeye1', 'lctasende3', 'stephania23', 'kalibee', 'minyeong', 'anunshi0214', 'anapv177', 'myeonu', 'alejandromataali', 'cinthiarodrilande11', 'jamesjuansierra', 'hcha71', 'jkr3623', 'ekdh4301', 'jrish', 'marcobaleato', 'noeliaff', 'pedro.montysen', 'shawutss', 'jlcjuli2', 'jako91', 'wjddn308', 'parduxen', None, 'anxooo', 'sbopp', 'ekdhafs', 'also0714', 'rbdud220', 'marniesan', 'man6787', 'wkm125', 'piolin991099', 'antia.santiago', 'miguel.lozano.gonzalez', 'audranp', 'moshelem', 'mindk24', 'jorgeexpositopatino', 'giorgiayang', 'sarad12', 'kgj9056', 'saragonzalezmiguez', 'martin45720', 'borja.bayon', 'davidruiz', 'costasdiego97', 'miguelrecuna3c', 'ritav', 'jkj9316', 'lidiacarcedo', 'hjlim9612', 'wnsgnl57', 'rhdcor05', 'hj980217', 'geunwonjeong', 'euem789', 'kmjysys', 'paragt1026', 'sabelamv11', 'yyerim', 'raul292', 'd.c.yborde', 'hwan10353', 'lauravicente', 'kevin726', 'jihwanch1', 'younsk666', 'aaronrivasterron', 'atsui75', 'cesarleo94', 'jacfomg', 'evakolmel', 'sabela.fernandez.r', 'yj_choi', 'comebacktome', 'hjy0909', 'zparkwd', 'antiapc', 'jsjjsung1996', 'saradiazr', 'ireneduinkerkenrodriguez', 'ivancambon3b', 'gemmabf', 'albersabo99', 'wz347718', 'sergiomartinez', 'kimsw9506', 'emescape', 'jose5loureiro', 'eb32862', 'resmi968', 'qudgur96', 'analorenzo', 'javivilladamigo', 'chaems322', 'yermin3196', 'tuvieja88', 'nazaretgarciagonzalez', 'bagpag0412', 'hrhlauraa', 'almalr97', 'cactusnoh', 'dumas.david.97', 'jeangabriel.chenard', 'sungjoon.cho97', 'unshi0214', 'ubspace', 'jeus63', 'yagolemacapeans', 'nuriamjusc', 'luigig', 'jaycho0309', 'andreairamas', 'sergiocabana1999', 'minsuk', 'victorlopezpardo.liceo', 'choichoi1217', 'ckgk77', 'gunstux', 'seobstantial', 'yjh01027952607', 'yujin', 'damianonetto']"
8,28,94,48,39,"['antia.santiago', 'jorgeexpositopatino', 'sarad12', 'roiaso', 'ivancambon3b', 'saragonzalezmiguez', 'jose5loureiro', 'martin45720', 'lctasende3', 'costasdiego97', 'analorenzo', 'miguelrecuna3c', 'ritav', 'javivilladamigo', 'anapv177', 'mariapl200896', 'tuvieja88', 'nazaretgarciagonzalez', 'hrhlauraa', 'lidiacarcedo', 'almalr97', 'jamesjuansierra', 'mmartinezsanchez', 'angietuset', 'noeliaff', 'pedro.montysen', 'yagolemacapeans', 'jlcjuli2', 'jako91', 'guillermo99', 'nuriamjusc', 'martin.mg98.10', 'lauravicente', 'beluso13', 'anxooo', 'andreairamas', 'victorlopezpardo.liceo', 'antiapc', 'piolin991099']",54,"['josemanuel.alvarez.perez', 'sergiobalboabarreiro', 'miguel.lozano.gonzalez', 'audranp', 'myriam.blanchet07', 'moshelem', 'ireneduinkerkenrodriguez', 'giorgiayang', 'gemmabf', 'albersabo99', 'wz347718', 'sergiomartinez', 'stephania23', 'borja.bayon', 'emescape', 'davidruiz', 'resmi968', 'davidcastano', 'chaems322', 'iagofacal', 'juliia.ou', 'alejandromataali', 'cinthiarodrilande11', 'dumas.david.97', 'jeangabriel.chenard', 'foojorge', 'marcobaleato', 'martinotero', 'ivan1', 'gablapo97', 'euem789', 'sabelamv11', 'luigig', 'parduxen', 'raul292', 'd.c.yborde', 'aaronrivasterron', 'danielm78', 'sbopp', 'sergiocabana1999', 'tomtomshoo', 'atsui75', 'cesarleo94', 'justin.hamel2', 'jacfomg', 'evakolmel', 'sabela.fernandez.r', 'ainhoaab', 'marniesan', 'sabe425', 'yjh01027952607', 'lgv', 'damianonetto', 'saradiazr']",9,"['epicnonoextreme', 'braisblanco', 'pawpe', 'miguelcb', None, 'cibranlpz', 'poorar21', 'jequito', 'ogandocortes']",102,"['antia.santiago', 'josemanuel.alvarez.perez', 'sergiobalboabarreiro', 'miguel.lozano.gonzalez', 'audranp', 'moshelem', 'jorgeexpositopatino', 'giorgiayang', 'sarad12', 'saragonzalezmiguez', 'martin45720', 'borja.bayon', 'davidruiz', 'costasdiego97', 'braisblanco', 'miguelrecuna3c', 'ritav', 'davidcastano', 'mariapl200896', 'miguelcb', 'iagofacal', 'juliia.ou', 'lidiacarcedo', 'foojorge', 'ogandocortes', 'jequito', 'mmartinezsanchez', 'angietuset', 'martinotero', 'ivan1', 'gablapo97', 'euem789', 'sabelamv11', 'guillermo99', 'martin.mg98.10', 'raul292', 'd.c.yborde', 'beluso13', 'lauravicente', 'aaronrivasterron', 'danielm78', 'tomtomshoo', 'atsui75', 'cesarleo94', 'justin.hamel2', 'jacfomg', 'evakolmel', 'sabela.fernandez.r', 'ainhoaab', 'sabe425', 'lgv', 'antiapc', 'saradiazr', 'epicnonoextreme', 'ireneduinkerkenrodriguez', 'myriam.blanchet07', 'roiaso', 'ivancambon3b', 'gemmabf', 'albersabo99', 'wz347718', 'sergiomartinez', 'lctasende3', 'stephania23', 'emescape', 'jose5loureiro', 'poorar21', 'resmi968', 'cibranlpz', 'analorenzo', 'javivilladamigo', 'anapv177', 'chaems322', 'tuvieja88', 'nazaretgarciagonzalez', 'hrhlauraa', 'alejandromataali', 'cinthiarodrilande11', 'almalr97', 'dumas.david.97', 'jeangabriel.chenard', 'jamesjuansierra', 'marcobaleato', 'noeliaff', 'pedro.montysen', 'jlcjuli2', 'yagolemacapeans', 'jako91', 'damianonetto', 'nuriamjusc', 'luigig', 'parduxen', None, 'anxooo', 'andreairamas', 'pawpe', 'sbopp', 'sergiocabana1999', 'victorlopezpardo.liceo', 'marniesan', 'yjh01027952607', 'piolin991099']"
8,31,94,29,25,"['antia.santiago', 'josemanuel.alvarez.perez', 'ireneduinkerkenrodriguez', 'giorgiayang', 'albersabo99', 'sergiomartinez', 'saragonzalezmiguez', 'stephania23', 'ritav', 'javivilladamigo', 'tuvieja88', 'juliia.ou', 'angietuset', 'noeliaff', 'pedro.montysen', 'ivan1', 'jlcjuli2', 'nuriamjusc', 'raul292', 'beluso13', 'anxooo', 'jacfomg', 'evakolmel', 'ainhoaab', 'piolin991099']",68,"['sergiobalboabarreiro', 'miguel.lozano.gonzalez', 'audranp', 'myriam.blanchet07', 'moshelem', 'jorgeexpositopatino', 'roiaso', 'sarad12', 'ivancambon3b', 'gemmabf', 'wz347718', 'lctasende3', 'emescape', 'martin45720', 'borja.bayon', 'davidruiz', 'costasdiego97', 'jose5loureiro', 'resmi968', 'analorenzo', 'miguelrecuna3c', 'davidcastano', 'anapv177', 'mariapl200896', 'chaems322', 'iagofacal', 'nazaretgarciagonzalez', 'lidiacarcedo', 'alejandromataali', 'hrhlauraa', 'cinthiarodrilande11', 'almalr97', 'dumas.david.97', 'jeangabriel.chenard', 'jamesjuansierra', 'foojorge', 'mmartinezsanchez', 'marcobaleato', 'martinotero', 'gablapo97', 'euem789', 'jako91', 'yagolemacapeans', 'sabelamv11', 'guillermo99', 'martin.mg98.10', 'parduxen', 'luigig', 'd.c.yborde', 'lauravicente', 'andreairamas', 'aaronrivasterron', 'danielm78', 'sbopp', 'sergiocabana1999', 'tomtomshoo', 'atsui75', 'cesarleo94', 'justin.hamel2', 'victorlopezpardo.liceo', 'sabela.fernandez.r', 'marniesan', 'sabe425', 'yjh01027952607', 'lgv', 'antiapc', 'damianonetto', 'saradiazr']",4,"['pablobucsan', 'cibranlpz', 'miguelanxo', None]",97,"['antia.santiago', 'josemanuel.alvarez.perez', 'sergiobalboabarreiro', 'miguel.lozano.gonzalez', 'audranp', 'moshelem', 'jorgeexpositopatino', 'giorgiayang', 'sarad12', 'saragonzalezmiguez', 'martin45720', 'borja.bayon', 'davidruiz', 'costasdiego97', 'miguelrecuna3c', 'ritav', 'davidcastano', 'mariapl200896', 'iagofacal', 'juliia.ou', 'lidiacarcedo', 'foojorge', 'mmartinezsanchez', 'angietuset', 'martinotero', 'ivan1', 'gablapo97', 'euem789', 'sabelamv11', 'guillermo99', 'martin.mg98.10', 'raul292', 'd.c.yborde', 'beluso13', 'lauravicente', 'aaronrivasterron', 'danielm78', 'tomtomshoo', 'atsui75', 'cesarleo94', 'justin.hamel2', 'jacfomg', 'evakolmel', 'sabela.fernandez.r', 'ainhoaab', 'sabe425', 'lgv', 'antiapc', 'saradiazr', 'ireneduinkerkenrodriguez', 'myriam.blanchet07', 'roiaso', 'ivancambon3b', 'gemmabf', 'albersabo99', 'wz347718', 'sergiomartinez', 'lctasende3', 'stephania23', 'emescape', 'jose5loureiro', 'cibranlpz', 'resmi968', 'miguelanxo', 'analorenzo', 'pablobucsan', 'javivilladamigo', 'anapv177', 'chaems322', 'tuvieja88', 'nazaretgarciagonzalez', 'hrhlauraa', 'alejandromataali', 'cinthiarodrilande11', 'almalr97', 'dumas.david.97', 'jeangabriel.chenard', 'jamesjuansierra', 'marcobaleato', 'noeliaff', 'pedro.montysen', 'jlcjuli2', 'yagolemacapeans', 'jako91', 'damianonetto', 'nuriamjusc', 'luigig', 'parduxen', None, 'anxooo', 'andreairamas', 'sbopp', 'sergiocabana1999', 'victorlopezpardo.liceo', 'marniesan', 'yjh01027952607', 'piolin991099']"
8,48,94,28,25,"['antia.santiago', 'josemanuel.alvarez.perez', 'miguel.lozano.gonzalez', 'ireneduinkerkenrodriguez', 'giorgiayang', 'sergiomartinez', 'saragonzalezmiguez', 'stephania23', 'borja.bayon', 'lctasende3', 'ritav', 'javivilladamigo', 'tuvieja88', 'juliia.ou', 'noeliaff', 'jlcjuli2', 'sabelamv11', 'martin.mg98.10', 'beluso13', 'anxooo', 'jacfomg', 'evakolmel', 'ainhoaab', 'antiapc', 'saradiazr']",68,"['sergiobalboabarreiro', 'audranp', 'moshelem', 'myriam.blanchet07', 'jorgeexpositopatino', 'roiaso', 'sarad12', 'ivancambon3b', 'gemmabf', 'albersabo99', 'wz347718', 'emescape', 'martin45720', 'jose5loureiro', 'davidruiz', 'costasdiego97', 'resmi968', 'analorenzo', 'miguelrecuna3c', 'davidcastano', 'anapv177', 'mariapl200896', 'chaems322', 'iagofacal', 'nazaretgarciagonzalez', 'lidiacarcedo', 'alejandromataali', 'hrhlauraa', 'cinthiarodrilande11', 'almalr97', 'dumas.david.97', 'jeangabriel.chenard', 'jamesjuansierra', 'foojorge', 'mmartinezsanchez', 'angietuset', 'marcobaleato', 'martinotero', 'pedro.montysen', 'ivan1', 'gablapo97', 'euem789', 'jako91', 'yagolemacapeans', 'damianonetto', 'guillermo99', 'nuriamjusc', 'luigig', 'parduxen', 'raul292', 'd.c.yborde', 'lauravicente', 'andreairamas', 'aaronrivasterron', 'danielm78', 'sbopp', 'sergiocabana1999', 'tomtomshoo', 'atsui75', 'cesarleo94', 'justin.hamel2', 'victorlopezpardo.liceo', 'sabela.fernandez.r', 'marniesan', 'sabe425', 'yjh01027952607', 'lgv', 'piolin991099']",3,"['cibranlpz', 'tomasx', None]",96,"['antia.santiago', 'josemanuel.alvarez.perez', 'sergiobalboabarreiro', 'miguel.lozano.gonzalez', 'audranp', 'moshelem', 'jorgeexpositopatino', 'giorgiayang', 'sarad12', 'saragonzalezmiguez', 'martin45720', 'borja.bayon', 'davidruiz', 'costasdiego97', 'miguelrecuna3c', 'ritav', 'davidcastano', 'mariapl200896', 'iagofacal', 'juliia.ou', 'lidiacarcedo', 'foojorge', 'mmartinezsanchez', 'angietuset', 'martinotero', 'ivan1', 'gablapo97', 'euem789', 'sabelamv11', 'guillermo99', 'martin.mg98.10', 'raul292', 'd.c.yborde', 'beluso13', 'lauravicente', 'aaronrivasterron', 'danielm78', 'tomtomshoo', 'atsui75', 'cesarleo94', 'justin.hamel2', 'jacfomg', 'evakolmel', 'sabela.fernandez.r', 'ainhoaab', 'sabe425', 'lgv', 'antiapc', 'saradiazr', 'ireneduinkerkenrodriguez', 'myriam.blanchet07', 'roiaso', 'ivancambon3b', 'gemmabf', 'albersabo99', 'wz347718', 'sergiomartinez', 'lctasende3', 'stephania23', 'emescape', 'jose5loureiro', 'cibranlpz', 'resmi968', 'analorenzo', 'javivilladamigo', 'anapv177', 'chaems322', 'tuvieja88', 'nazaretgarciagonzalez', 'tomasx', 'hrhlauraa', 'alejandromataali', 'cinthiarodrilande11', 'almalr97', 'dumas.david.97', 'jeangabriel.chenard', 'jamesjuansierra', 'marcobaleato', 'noeliaff', 'pedro.montysen', 'jlcjuli2', 'yagolemacapeans', 'jako91', 'damianonetto', 'nuriamjusc', 'luigig', 'parduxen', None, 'anxooo', 'andreairamas', 'sbopp', 'sergiocabana1999', 'victorlopezpardo.liceo', 'marniesan', 'yjh01027952607', 'piolin991099']"
8,50,94,28,23,"['jorgeexpositopatino', 'sarad12', 'ivancambon3b', 'martin45720', 'costasdiego97', 'analorenzo', 'nazaretgarciagonzalez', 'hrhlauraa', 'lidiacarcedo', 'angietuset', 'marcobaleato', 'pedro.montysen', 'yagolemacapeans', 'jako91', 'sabelamv11', 'nuriamjusc', 'guillermo99', 'raul292', 'beluso13', 'anxooo', 'sergiocabana1999', 'antiapc', 'piolin991099']",70,"['antia.santiago', 'josemanuel.alvarez.perez', 'sergiobalboabarreiro', 'miguel.lozano.gonzalez', 'audranp', 'myriam.blanchet07', 'moshelem', 'ireneduinkerkenrodriguez', 'giorgiayang', 'roiaso', 'gemmabf', 'albersabo99', 'wz347718', 'sergiomartinez', 'lctasende3', 'stephania23', 'saragonzalezmiguez', 'borja.bayon', 'davidruiz', 'emescape', 'jose5loureiro', 'resmi968', 'miguelrecuna3c', 'ritav', 'javivilladamigo', 'davidcastano', 'anapv177', 'mariapl200896', 'chaems322', 'tuvieja88', 'iagofacal', 'juliia.ou', 'alejandromataali', 'cinthiarodrilande11', 'almalr97', 'dumas.david.97', 'jeangabriel.chenard', 'jamesjuansierra', 'foojorge', 'mmartinezsanchez', 'noeliaff', 'martinotero', 'ivan1', 'gablapo97', 'jlcjuli2', 'euem789', 'martin.mg98.10', 'parduxen', 'luigig', 'd.c.yborde', 'lauravicente', 'andreairamas', 'aaronrivasterron', 'danielm78', 'sbopp', 'tomtomshoo', 'atsui75', 'cesarleo94', 'justin.hamel2', 'jacfomg', 'evakolmel', 'victorlopezpardo.liceo', 'sabela.fernandez.r', 'ainhoaab', 'marniesan', 'sabe425', 'yjh01027952607', 'lgv', 'damianonetto', 'saradiazr']",5,"['braisblanco', 'pawpe', 'miguelcb', 'cibranlpz', None]",98,"['antia.santiago', 'josemanuel.alvarez.perez', 'sergiobalboabarreiro', 'miguel.lozano.gonzalez', 'audranp', 'moshelem', 'jorgeexpositopatino', 'giorgiayang', 'sarad12', 'saragonzalezmiguez', 'martin45720', 'borja.bayon', 'davidruiz', 'costasdiego97', 'braisblanco', 'miguelrecuna3c', 'ritav', 'davidcastano', 'mariapl200896', 'miguelcb', 'iagofacal', 'juliia.ou', 'lidiacarcedo', 'foojorge', 'mmartinezsanchez', 'angietuset', 'martinotero', 'ivan1', 'gablapo97', 'euem789', 'sabelamv11', 'guillermo99', 'martin.mg98.10', 'raul292', 'd.c.yborde', 'beluso13', 'lauravicente', 'aaronrivasterron', 'danielm78', 'tomtomshoo', 'atsui75', 'cesarleo94', 'justin.hamel2', 'jacfomg', 'evakolmel', 'sabela.fernandez.r', 'ainhoaab', 'sabe425', 'lgv', 'antiapc', 'saradiazr', 'ireneduinkerkenrodriguez', 'myriam.blanchet07', 'roiaso', 'ivancambon3b', 'gemmabf', 'albersabo99', 'wz347718', 'sergiomartinez', 'lctasende3', 'stephania23', 'emescape', 'jose5loureiro', 'cibranlpz', 'resmi968', 'analorenzo', 'javivilladamigo', 'anapv177', 'chaems322', 'tuvieja88', 'nazaretgarciagonzalez', 'hrhlauraa', 'alejandromataali', 'cinthiarodrilande11', 'almalr97', 'dumas.david.97', 'jeangabriel.chenard', 'jamesjuansierra', 'marcobaleato', 'noeliaff', 'pedro.montysen', 'jlcjuli2', 'yagolemacapeans', 'jako91', 'damianonetto', 'nuriamjusc', 'luigig', 'parduxen', None, 'anxooo', 'andreairamas', 'pawpe', 'sbopp', 'sergiocabana1999', 'victorlopezpardo.liceo', 'marniesan', 'yjh01027952607', 'piolin991099']"
8,34,94,25,13,"['aaronrivasterron', 'josemanuel.alvarez.perez', 'anapv177', 'marcobaleato', 'atsui75', 'sabela.fernandez.r', 'albersabo99', 'sabe425', 'martin.mg98.10', 'foojorge', 'saragonzalezmiguez', 'stephania23', 'davidruiz']",80,"['sergiobalboabarreiro', 'davidcastano', 'mariapl200896', 'iagofacal', 'juliia.ou', 'mmartinezsanchez', 'angietuset', 'martinotero', 'ivan1', 'gablapo97', 'guillermo99', 'beluso13', 'danielm78', 'tomtomshoo', 'justin.hamel2', 'ainhoaab', 'lgv', 'myriam.blanchet07', 'roiaso', 'lctasende3', 'alejandromataali', 'cinthiarodrilande11', 'jamesjuansierra', 'noeliaff', 'pedro.montysen', 'jlcjuli2', 'jako91', 'parduxen', 'anxooo', 'sbopp', 'marniesan', 'piolin991099', 'antia.santiago', 'miguel.lozano.gonzalez', 'audranp', 'moshelem', 'jorgeexpositopatino', 'giorgiayang', 'sarad12', 'martin45720', 'borja.bayon', 'costasdiego97', 'miguelrecuna3c', 'ritav', 'lidiacarcedo', 'euem789', 'sabelamv11', 'raul292', 'd.c.yborde', 'lauravicente', 'cesarleo94', 'jacfomg', 'evakolmel', 'antiapc', 'saradiazr', 'ireneduinkerkenrodriguez', 'ivancambon3b', 'gemmabf', 'wz347718', 'sergiomartinez', 'emescape', 'jose5loureiro', 'resmi968', 'analorenzo', 'javivilladamigo', 'chaems322', 'tuvieja88', 'nazaretgarciagonzalez', 'hrhlauraa', 'almalr97', 'dumas.david.97', 'jeangabriel.chenard', 'yagolemacapeans', 'nuriamjusc', 'luigig', 'andreairamas', 'sergiocabana1999', 'victorlopezpardo.liceo', 'yjh01027952607', 'damianonetto']",12,"['espe.ruiz1177', 'oscarguerravinuesa', 'aizquierdop310899', 'inesojeda98', 'rospalhur16', 'juaniito82', 'roberto7visosfc2010', 'agustin.aranda310', 'isabelm.gonzalez27', 'isloes12', 'noelianavarromoreno', None]",105,"['antia.santiago', 'josemanuel.alvarez.perez', 'sergiobalboabarreiro', 'miguel.lozano.gonzalez', 'audranp', 'moshelem', 'jorgeexpositopatino', 'giorgiayang', 'sarad12', 'saragonzalezmiguez', 'martin45720', 'borja.bayon', 'davidruiz', 'costasdiego97', 'miguelrecuna3c', 'ritav', 'davidcastano', 'mariapl200896', 'juaniito82', 'iagofacal', 'juliia.ou', 'lidiacarcedo', 'foojorge', 'isloes12', 'mmartinezsanchez', 'angietuset', 'martinotero', 'ivan1', 'gablapo97', 'euem789', 'sabelamv11', 'guillermo99', 'martin.mg98.10', 'raul292', 'd.c.yborde', 'beluso13', 'lauravicente', 'espe.ruiz1177', 'aaronrivasterron', 'danielm78', 'rospalhur16', 'tomtomshoo', 'atsui75', 'roberto7visosfc2010', 'cesarleo94', 'justin.hamel2', 'jacfomg', 'evakolmel', 'sabela.fernandez.r', 'ainhoaab', 'sabe425', 'lgv', 'noelianavarromoreno', 'antiapc', 'saradiazr', 'oscarguerravinuesa', 'ireneduinkerkenrodriguez', 'myriam.blanchet07', 'roiaso', 'ivancambon3b', 'gemmabf', 'albersabo99', 'wz347718', 'sergiomartinez', 'lctasende3', 'stephania23', 'emescape', 'jose5loureiro', 'resmi968', 'analorenzo', 'javivilladamigo', 'anapv177', 'chaems322', 'tuvieja88', 'nazaretgarciagonzalez', 'hrhlauraa', 'alejandromataali', 'cinthiarodrilande11', 'almalr97', 'dumas.david.97', 'jeangabriel.chenard', 'jamesjuansierra', 'aizquierdop310899', 'marcobaleato', 'noeliaff', 'pedro.montysen', 'jlcjuli2', 'yagolemacapeans', 'jako91', 'damianonetto', 'agustin.aranda310', 'nuriamjusc', 'luigig', 'parduxen', 'isabelm.gonzalez27', None, 'anxooo', 'andreairamas', 'sbopp', 'sergiocabana1999', 'inesojeda98', 'victorlopezpardo.liceo', 'marniesan', 'yjh01027952607', 'piolin991099']"
8,23,94,23,1,['chaems322'],92,"['josemanuel.alvarez.perez', 'sergiobalboabarreiro', 'davidcastano', 'mariapl200896', 'iagofacal', 'juliia.ou', 'foojorge', 'mmartinezsanchez', 'angietuset', 'martinotero', 'ivan1', 'gablapo97', 'guillermo99', 'martin.mg98.10', 'beluso13', 'danielm78', 'tomtomshoo', 'justin.hamel2', 'ainhoaab', 'sabe425', 'lgv', 'myriam.blanchet07', 'roiaso', 'lctasende3', 'stephania23', 'anapv177', 'alejandromataali', 'cinthiarodrilande11', 'jamesjuansierra', 'marcobaleato', 'noeliaff', 'pedro.montysen', 'jlcjuli2', 'jako91', 'parduxen', 'anxooo', 'sbopp', 'marniesan', 'piolin991099', 'antia.santiago', 'miguel.lozano.gonzalez', 'audranp', 'moshelem', 'jorgeexpositopatino', 'giorgiayang', 'sarad12', 'saragonzalezmiguez', 'martin45720', 'borja.bayon', 'davidruiz', 'costasdiego97', 'miguelrecuna3c', 'ritav', 'lidiacarcedo', 'euem789', 'sabelamv11', 'raul292', 'd.c.yborde', 'lauravicente', 'aaronrivasterron', 'atsui75', 'cesarleo94', 'jacfomg', 'evakolmel', 'sabela.fernandez.r', 'antiapc', 'saradiazr', 'ireneduinkerkenrodriguez', 'ivancambon3b', 'gemmabf', 'albersabo99', 'wz347718', 'sergiomartinez', 'emescape', 'jose5loureiro', 'resmi968', 'analorenzo', 'javivilladamigo', 'tuvieja88', 'nazaretgarciagonzalez', 'hrhlauraa', 'almalr97', 'dumas.david.97', 'jeangabriel.chenard', 'yagolemacapeans', 'nuriamjusc', 'luigig', 'andreairamas', 'sergiocabana1999', 'victorlopezpardo.liceo', 'yjh01027952607', 'damianonetto']",22,"['sejin1224', 'oyesj97', 'ohjeremy', 'b615011', 'mindk24', 'bumkimm', 'systartup', 'hee_jun', 'minyeong', 'qudgur96', 'hjlim9612', 'yongsik', 'paragt1026', None, 'hoonny5343', 'kdm52', 'kgj0328', '9704psj', 'yj_choi', 'seobstantial', 'yujin', 'zparkwd']",115,"['antia.santiago', 'josemanuel.alvarez.perez', 'oyesj97', 'sergiobalboabarreiro', 'miguel.lozano.gonzalez', 'audranp', 'moshelem', 'mindk24', 'jorgeexpositopatino', 'giorgiayang', 'sarad12', 'saragonzalezmiguez', 'martin45720', 'borja.bayon', 'davidruiz', 'costasdiego97', 'miguelrecuna3c', 'ritav', 'davidcastano', 'mariapl200896', 'iagofacal', 'juliia.ou', 'lidiacarcedo', 'hjlim9612', 'foojorge', 'yongsik', 'mmartinezsanchez', 'angietuset', 'martinotero', 'ivan1', 'gablapo97', 'euem789', 'paragt1026', 'sabelamv11', 'guillermo99', 'martin.mg98.10', 'raul292', 'd.c.yborde', 'beluso13', 'lauravicente', 'aaronrivasterron', 'danielm78', 'hoonny5343', 'tomtomshoo', 'atsui75', 'cesarleo94', 'justin.hamel2', 'jacfomg', 'evakolmel', 'kgj0328', 'sabela.fernandez.r', '9704psj', 'ainhoaab', 'yj_choi', 'sabe425', 'lgv', 'zparkwd', 'antiapc', 'saradiazr', 'sejin1224', 'ohjeremy', 'ireneduinkerkenrodriguez', 'myriam.blanchet07', 'b615011', 'bumkimm', 'roiaso', 'ivancambon3b', 'gemmabf', 'albersabo99', 'wz347718', 'sergiomartinez', 'systartup', 'lctasende3', 'stephania23', 'emescape', 'jose5loureiro', 'hee_jun', 'resmi968', 'minyeong', 'qudgur96', 'analorenzo', 'javivilladamigo', 'anapv177', 'chaems322', 'tuvieja88', 'nazaretgarciagonzalez', 'hrhlauraa', 'alejandromataali', 'cinthiarodrilande11', 'almalr97', 'dumas.david.97', 'jeangabriel.chenard', 'jamesjuansierra', 'marcobaleato', 'noeliaff', 'pedro.montysen', 'jlcjuli2', 'yagolemacapeans', 'jako91', 'damianonetto', 'nuriamjusc', 'luigig', 'parduxen', None, 'anxooo', 'andreairamas', 'sbopp', 'sergiocabana1999', 'kdm52', 'victorlopezpardo.liceo', 'marniesan', 'seobstantial', 'yjh01027952607', 'yujin', 'piolin991099']"
8,49,94,20,18,"['aaronrivasterron', 'josemanuel.alvarez.perez', 'davidcastano', 'atsui75', 'nazaretgarciagonzalez', 'jacfomg', 'sabela.fernandez.r', 'roiaso', 'sabelamv11', 'albersabo99', 'nuriamjusc', 'sabe425', 'foojorge', 'lctasende3', 'stephania23', 'davidruiz', 'raul292', 'saradiazr']",75,"['antia.santiago', 'sergiobalboabarreiro', 'miguel.lozano.gonzalez', 'audranp', 'moshelem', 'jorgeexpositopatino', 'giorgiayang', 'sarad12', 'saragonzalezmiguez', 'martin45720', 'borja.bayon', 'costasdiego97', 'miguelrecuna3c', 'ritav', 'mariapl200896', 'iagofacal', 'juliia.ou', 'lidiacarcedo', 'mmartinezsanchez', 'angietuset', 'martinotero', 'ivan1', 'gablapo97', 'euem789', 'guillermo99', 'martin.mg98.10', 'd.c.yborde', 'beluso13', 'lauravicente', 'danielm78', 'tomtomshoo', 'cesarleo94', 'justin.hamel2', 'evakolmel', 'ainhoaab', 'lgv', 'antiapc', 'ireneduinkerkenrodriguez', 'myriam.blanchet07', 'ivancambon3b', 'gemmabf', 'wz347718', 'sergiomartinez', 'emescape', 'jose5loureiro', 'resmi968', 'analorenzo', 'javivilladamigo', 'anapv177', 'chaems322', 'tuvieja88', 'hrhlauraa', 'alejandromataali', 'cinthiarodrilande11', 'almalr97', 'dumas.david.97', 'jeangabriel.chenard', 'jamesjuansierra', 'marcobaleato', 'noeliaff', 'pedro.montysen', 'jlcjuli2', 'yagolemacapeans', 'jako91', 'damianonetto', 'luigig', 'parduxen', 'anxooo', 'andreairamas', 'sbopp', 'sergiocabana1999', 'victorlopezpardo.liceo', 'marniesan', 'yjh01027952607', 'piolin991099']",2,"['sergiommp23', None]",95,"['antia.santiago', 'josemanuel.alvarez.perez', 'sergiobalboabarreiro', 'miguel.lozano.gonzalez', 'audranp', 'moshelem', 'jorgeexpositopatino', 'giorgiayang', 'sarad12', 'saragonzalezmiguez', 'martin45720', 'borja.bayon', 'davidruiz', 'costasdiego97', 'miguelrecuna3c', 'ritav', 'davidcastano', 'mariapl200896', 'iagofacal', 'juliia.ou', 'lidiacarcedo', 'foojorge', 'mmartinezsanchez', 'angietuset', 'martinotero', 'ivan1', 'gablapo97', 'euem789', 'sabelamv11', 'guillermo99', 'martin.mg98.10', 'raul292', 'd.c.yborde', 'beluso13', 'lauravicente', 'aaronrivasterron', 'danielm78', 'tomtomshoo', 'atsui75', 'cesarleo94', 'justin.hamel2', 'jacfomg', 'evakolmel', 'sabela.fernandez.r', 'ainhoaab', 'sabe425', 'lgv', 'antiapc', 'saradiazr', 'ireneduinkerkenrodriguez', 'myriam.blanchet07', 'roiaso', 'ivancambon3b', 'gemmabf', 'albersabo99', 'wz347718', 'sergiomartinez', 'lctasende3', 'stephania23', 'emescape', 'jose5loureiro', 'resmi968', 'analorenzo', 'javivilladamigo', 'anapv177', 'chaems322', 'tuvieja88', 'nazaretgarciagonzalez', 'hrhlauraa', 'alejandromataali', 'cinthiarodrilande11', 'almalr97', 'sergiommp23', 'dumas.david.97', 'jeangabriel.chenard', 'jamesjuansierra', 'marcobaleato', 'noeliaff', 'pedro.montysen', 'jlcjuli2', 'yagolemacapeans', 'jako91', 'damianonetto', 'nuriamjusc', 'luigig', 'parduxen', None, 'anxooo', 'andreairamas', 'sbopp', 'sergiocabana1999', 'victorlopezpardo.liceo', 'marniesan', 'yjh01027952607', 'piolin991099']"
8,36,94,19,2,"['chaems322', 'euem789']",91,"['antia.santiago', 'josemanuel.alvarez.perez', 'sergiobalboabarreiro', 'miguel.lozano.gonzalez', 'audranp', 'moshelem', 'jorgeexpositopatino', 'giorgiayang', 'sarad12', 'saragonzalezmiguez', 'martin45720', 'borja.bayon', 'davidruiz', 'costasdiego97', 'miguelrecuna3c', 'ritav', 'davidcastano', 'mariapl200896', 'iagofacal', 'juliia.ou', 'lidiacarcedo', 'foojorge', 'mmartinezsanchez', 'angietuset', 'martinotero', 'ivan1', 'gablapo97', 'sabelamv11', 'guillermo99', 'martin.mg98.10', 'raul292', 'd.c.yborde', 'beluso13', 'lauravicente', 'aaronrivasterron', 'danielm78', 'tomtomshoo', 'atsui75', 'cesarleo94', 'justin.hamel2', 'jacfomg', 'evakolmel', 'sabela.fernandez.r', 'ainhoaab', 'sabe425', 'lgv', 'antiapc', 'saradiazr', 'ireneduinkerkenrodriguez', 'myriam.blanchet07', 'roiaso', 'ivancambon3b', 'gemmabf', 'albersabo99', 'wz347718', 'sergiomartinez', 'lctasende3', 'stephania23', 'emescape', 'jose5loureiro', 'resmi968', 'analorenzo', 'javivilladamigo', 'anapv177', 'tuvieja88', 'nazaretgarciagonzalez', 'hrhlauraa', 'alejandromataali', 'cinthiarodrilande11', 'almalr97', 'dumas.david.97', 'jeangabriel.chenard', 'jamesjuansierra', 'marcobaleato', 'noeliaff', 'pedro.montysen', 'jlcjuli2', 'yagolemacapeans', 'jako91', 'damianonetto', 'nuriamjusc', 'luigig', 'parduxen', 'anxooo', 'andreairamas', 'sbopp', 'sergiocabana1999', 'victorlopezpardo.liceo', 'marniesan', 'yjh01027952607', 'piolin991099']",17,"['hoonny5343', 'oyesj97', 'ohjeremy', 'hyeonkims97', 'b615011', 'tkdgjs68', 'mindk24', 'kgj0328', 'paragt1026', '9704psj', 'hjlim9612', 'yj_choi', 'hee_jun', 'yujin', 'zparkwd', None, 'qudgur96']",110,"['antia.santiago', 'josemanuel.alvarez.perez', 'oyesj97', 'sergiobalboabarreiro', 'miguel.lozano.gonzalez', 'audranp', 'moshelem', 'mindk24', 'jorgeexpositopatino', 'giorgiayang', 'sarad12', 'saragonzalezmiguez', 'martin45720', 'borja.bayon', 'davidruiz', 'costasdiego97', 'miguelrecuna3c', 'ritav', 'davidcastano', 'mariapl200896', 'iagofacal', 'juliia.ou', 'lidiacarcedo', 'hjlim9612', 'foojorge', 'mmartinezsanchez', 'angietuset', 'martinotero', 'ivan1', 'gablapo97', 'euem789', 'paragt1026', 'sabelamv11', 'guillermo99', 'martin.mg98.10', 'raul292', 'd.c.yborde', 'beluso13', 'lauravicente', 'aaronrivasterron', 'danielm78', 'hoonny5343', 'tomtomshoo', 'atsui75', 'cesarleo94', 'justin.hamel2', 'jacfomg', 'evakolmel', 'kgj0328', 'sabela.fernandez.r', '9704psj', 'ainhoaab', 'yj_choi', 'sabe425', 'lgv', 'zparkwd', 'antiapc', 'saradiazr', 'ohjeremy', 'ireneduinkerkenrodriguez', 'myriam.blanchet07', 'b615011', 'roiaso', 'ivancambon3b', 'gemmabf', 'albersabo99', 'wz347718', 'sergiomartinez', 'hee_jun', 'lctasende3', 'stephania23', 'emescape', 'jose5loureiro', 'resmi968', 'qudgur96', 'analorenzo', 'javivilladamigo', 'anapv177', 'chaems322', 'tuvieja88', 'nazaretgarciagonzalez', 'hrhlauraa', 'alejandromataali', 'cinthiarodrilande11', 'almalr97', 'dumas.david.97', 'jeangabriel.chenard', 'jamesjuansierra', 'marcobaleato', 'noeliaff', 'pedro.montysen', 'hyeonkims97', 'tkdgjs68', 'jlcjuli2', 'yagolemacapeans', 'jako91', 'damianonetto', 'nuriamjusc', 'luigig', 'parduxen', None, 'anxooo', 'andreairamas', 'sbopp', 'sergiocabana1999', 'victorlopezpardo.liceo', 'marniesan', 'yjh01027952607', 'yujin', 'piolin991099']"
8,25,94,15,14,"['aaronrivasterron', 'sergiocabana1999', 'josemanuel.alvarez.perez', 'mariapl200896', 'davidcastano', 'ireneduinkerkenrodriguez', 'sabela.fernandez.r', 'sabelamv11', 'albersabo99', 'sabe425', 'martin.mg98.10', 'foojorge', 'stephania23', 'saradiazr']",79,"['antia.santiago', 'sergiobalboabarreiro', 'miguel.lozano.gonzalez', 'audranp', 'moshelem', 'jorgeexpositopatino', 'giorgiayang', 'sarad12', 'saragonzalezmiguez', 'martin45720', 'borja.bayon', 'davidruiz', 'costasdiego97', 'miguelrecuna3c', 'ritav', 'iagofacal', 'juliia.ou', 'lidiacarcedo', 'mmartinezsanchez', 'angietuset', 'martinotero', 'ivan1', 'gablapo97', 'euem789', 'guillermo99', 'raul292', 'd.c.yborde', 'beluso13', 'lauravicente', 'danielm78', 'tomtomshoo', 'atsui75', 'cesarleo94', 'justin.hamel2', 'jacfomg', 'evakolmel', 'ainhoaab', 'lgv', 'antiapc', 'myriam.blanchet07', 'roiaso', 'ivancambon3b', 'gemmabf', 'wz347718', 'sergiomartinez', 'lctasende3', 'emescape', 'jose5loureiro', 'resmi968', 'analorenzo', 'javivilladamigo', 'anapv177', 'chaems322', 'tuvieja88', 'nazaretgarciagonzalez', 'hrhlauraa', 'alejandromataali', 'cinthiarodrilande11', 'almalr97', 'dumas.david.97', 'jeangabriel.chenard', 'jamesjuansierra', 'marcobaleato', 'noeliaff', 'pedro.montysen', 'jlcjuli2', 'yagolemacapeans', 'jako91', 'damianonetto', 'nuriamjusc', 'luigig', 'parduxen', 'anxooo', 'andreairamas', 'sbopp', 'victorlopezpardo.liceo', 'marniesan', 'yjh01027952607', 'piolin991099']",1,[None],94,"['antia.santiago', 'josemanuel.alvarez.perez', 'sergiobalboabarreiro', 'miguel.lozano.gonzalez', 'audranp', 'moshelem', 'jorgeexpositopatino', 'giorgiayang', 'sarad12', 'saragonzalezmiguez', 'martin45720', 'borja.bayon', 'davidruiz', 'costasdiego97', 'miguelrecuna3c', 'ritav', 'davidcastano', 'mariapl200896', 'iagofacal', 'juliia.ou', 'lidiacarcedo', 'foojorge', 'mmartinezsanchez', 'angietuset', 'martinotero', 'ivan1', 'gablapo97', 'euem789', 'sabelamv11', 'guillermo99', 'martin.mg98.10', 'raul292', 'd.c.yborde', 'beluso13', 'lauravicente', 'aaronrivasterron', 'danielm78', 'tomtomshoo', 'atsui75', 'cesarleo94', 'justin.hamel2', 'jacfomg', 'evakolmel', 'sabela.fernandez.r', 'ainhoaab', 'sabe425', 'lgv', 'antiapc', 'saradiazr', 'ireneduinkerkenrodriguez', 'myriam.blanchet07', 'roiaso', 'ivancambon3b', 'gemmabf', 'albersabo99', 'wz347718', 'sergiomartinez', 'lctasende3', 'stephania23', 'emescape', 'jose5loureiro', 'resmi968', 'analorenzo', 'javivilladamigo', 'anapv177', 'chaems322', 'tuvieja88', 'nazaretgarciagonzalez', 'hrhlauraa', 'alejandromataali', 'cinthiarodrilande11', 'almalr97', 'dumas.david.97', 'jeangabriel.chenard', 'jamesjuansierra', 'marcobaleato', 'noeliaff', 'pedro.montysen', 'jlcjuli2', 'yagolemacapeans', 'jako91', 'damianonetto', 'nuriamjusc', 'luigig', 'parduxen', None, 'anxooo', 'andreairamas', 'sbopp', 'sergiocabana1999', 'victorlopezpardo.liceo', 'marniesan', 'yjh01027952607', 'piolin991099']"
8,30,94,14,1,['chaems322'],92,"['antia.santiago', 'josemanuel.alvarez.perez', 'sergiobalboabarreiro', 'miguel.lozano.gonzalez', 'audranp', 'moshelem', 'jorgeexpositopatino', 'giorgiayang', 'sarad12', 'saragonzalezmiguez', 'martin45720', 'borja.bayon', 'davidruiz', 'costasdiego97', 'miguelrecuna3c', 'ritav', 'davidcastano', 'mariapl200896', 'iagofacal', 'juliia.ou', 'lidiacarcedo', 'foojorge', 'mmartinezsanchez', 'angietuset', 'martinotero', 'ivan1', 'gablapo97', 'euem789', 'sabelamv11', 'guillermo99', 'martin.mg98.10', 'raul292', 'd.c.yborde', 'beluso13', 'lauravicente', 'aaronrivasterron', 'danielm78', 'tomtomshoo', 'atsui75', 'cesarleo94', 'justin.hamel2', 'jacfomg', 'evakolmel', 'sabela.fernandez.r', 'ainhoaab', 'sabe425', 'lgv', 'antiapc', 'saradiazr', 'ireneduinkerkenrodriguez', 'myriam.blanchet07', 'roiaso', 'ivancambon3b', 'gemmabf', 'albersabo99', 'wz347718', 'sergiomartinez', 'lctasende3', 'stephania23', 'emescape', 'jose5loureiro', 'resmi968', 'analorenzo', 'javivilladamigo', 'anapv177', 'tuvieja88', 'nazaretgarciagonzalez', 'hrhlauraa', 'alejandromataali', 'cinthiarodrilande11', 'almalr97', 'dumas.david.97', 'jeangabriel.chenard', 'jamesjuansierra', 'marcobaleato', 'noeliaff', 'pedro.montysen', 'jlcjuli2', 'yagolemacapeans', 'jako91', 'damianonetto', 'nuriamjusc', 'luigig', 'parduxen', 'anxooo', 'andreairamas', 'sbopp', 'sergiocabana1999', 'victorlopezpardo.liceo', 'marniesan', 'yjh01027952607', 'piolin991099']",13,"['oyesj97', 'tkdgjs68', 'b615011', 'mindk24', 'kgj0328', 'paragt1026', 'hjlim9612', 'yj_choi', None, 'hee_jun', 'yujin', 'zparkwd', 'minyeong']",106,"['antia.santiago', 'josemanuel.alvarez.perez', 'oyesj97', 'sergiobalboabarreiro', 'miguel.lozano.gonzalez', 'audranp', 'moshelem', 'mindk24', 'jorgeexpositopatino', 'giorgiayang', 'sarad12', 'saragonzalezmiguez', 'martin45720', 'borja.bayon', 'davidruiz', 'costasdiego97', 'miguelrecuna3c', 'ritav', 'davidcastano', 'mariapl200896', 'iagofacal', 'juliia.ou', 'lidiacarcedo', 'hjlim9612', 'foojorge', 'mmartinezsanchez', 'angietuset', 'martinotero', 'ivan1', 'gablapo97', 'euem789', 'paragt1026', 'sabelamv11', 'guillermo99', 'martin.mg98.10', 'raul292', 'd.c.yborde', 'beluso13', 'lauravicente', 'aaronrivasterron', 'danielm78', 'tomtomshoo', 'atsui75', 'cesarleo94', 'justin.hamel2', 'jacfomg', 'evakolmel', 'kgj0328', 'sabela.fernandez.r', 'ainhoaab', 'yj_choi', 'sabe425', 'lgv', 'zparkwd', 'antiapc', 'saradiazr', 'ireneduinkerkenrodriguez', 'myriam.blanchet07', 'b615011', 'roiaso', 'ivancambon3b', 'gemmabf', 'albersabo99', 'wz347718', 'sergiomartinez', 'hee_jun', 'lctasende3', 'stephania23', 'emescape', 'jose5loureiro', 'minyeong', 'resmi968', 'analorenzo', 'javivilladamigo', 'anapv177', 'chaems322', 'tuvieja88', 'nazaretgarciagonzalez', 'hrhlauraa', 'alejandromataali', 'cinthiarodrilande11', 'almalr97', 'dumas.david.97', 'jeangabriel.chenard', 'jamesjuansierra', 'marcobaleato', 'noeliaff', 'pedro.montysen', 'tkdgjs68', 'jlcjuli2', 'yagolemacapeans', 'jako91', 'damianonetto', 'nuriamjusc', 'luigig', 'parduxen', None, 'anxooo', 'andreairamas', 'sbopp', 'sergiocabana1999', 'victorlopezpardo.liceo', 'marniesan', 'yjh01027952607', 'yujin', 'piolin991099']"
8,33,94,14,1,['jacfomg'],92,"['antia.santiago', 'josemanuel.alvarez.perez', 'sergiobalboabarreiro', 'miguel.lozano.gonzalez', 'audranp', 'moshelem', 'jorgeexpositopatino', 'giorgiayang', 'sarad12', 'saragonzalezmiguez', 'martin45720', 'borja.bayon', 'davidruiz', 'costasdiego97', 'miguelrecuna3c', 'ritav', 'davidcastano', 'mariapl200896', 'iagofacal', 'juliia.ou', 'lidiacarcedo', 'foojorge', 'mmartinezsanchez', 'angietuset', 'martinotero', 'ivan1', 'gablapo97', 'euem789', 'sabelamv11', 'guillermo99', 'martin.mg98.10', 'raul292', 'd.c.yborde', 'beluso13', 'lauravicente', 'aaronrivasterron', 'danielm78', 'tomtomshoo', 'atsui75', 'cesarleo94', 'justin.hamel2', 'evakolmel', 'sabela.fernandez.r', 'ainhoaab', 'sabe425', 'lgv', 'antiapc', 'saradiazr', 'ireneduinkerkenrodriguez', 'myriam.blanchet07', 'roiaso', 'ivancambon3b', 'gemmabf', 'albersabo99', 'wz347718', 'sergiomartinez', 'lctasende3', 'stephania23', 'emescape', 'jose5loureiro', 'resmi968', 'analorenzo', 'javivilladamigo', 'anapv177', 'chaems322', 'tuvieja88', 'nazaretgarciagonzalez', 'hrhlauraa', 'alejandromataali', 'cinthiarodrilande11', 'almalr97', 'dumas.david.97', 'jeangabriel.chenard', 'jamesjuansierra', 'marcobaleato', 'noeliaff', 'pedro.montysen', 'jlcjuli2', 'yagolemacapeans', 'jako91', 'damianonetto', 'nuriamjusc', 'luigig', 'parduxen', 'anxooo', 'andreairamas', 'sbopp', 'sergiocabana1999', 'victorlopezpardo.liceo', 'marniesan', 'yjh01027952607', 'piolin991099']",13,"['adribetid99', 'maegol28899', 'jesusgq99', 'joscebtap', 'angelalopezlobo97', 'carlosmaperez', 'victorlyokc1', 'jesusmrquez96', 'alemirmar', 'fernanmorales99', 'isloes12', 'lucrodsil', None]",106,"['antia.santiago', 'josemanuel.alvarez.perez', 'maegol28899', 'sergiobalboabarreiro', 'miguel.lozano.gonzalez', 'audranp', 'moshelem', 'jorgeexpositopatino', 'giorgiayang', 'sarad12', 'saragonzalezmiguez', 'martin45720', 'borja.bayon', 'davidruiz', 'costasdiego97', 'lucrodsil', 'miguelrecuna3c', 'ritav', 'davidcastano', 'mariapl200896', 'jesusgq99', 'iagofacal', 'juliia.ou', 'lidiacarcedo', 'carlosmaperez', 'victorlyokc1', 'alemirmar', 'foojorge', 'isloes12', 'mmartinezsanchez', 'angietuset', 'martinotero', 'ivan1', 'gablapo97', 'euem789', 'sabelamv11', 'guillermo99', 'martin.mg98.10', 'raul292', 'd.c.yborde', 'beluso13', 'lauravicente', 'aaronrivasterron', 'danielm78', 'tomtomshoo', 'atsui75', 'cesarleo94', 'justin.hamel2', 'jacfomg', 'evakolmel', 'sabela.fernandez.r', 'ainhoaab', 'sabe425', 'lgv', 'antiapc', 'saradiazr', 'ireneduinkerkenrodriguez', 'myriam.blanchet07', 'roiaso', 'ivancambon3b', 'gemmabf', 'albersabo99', 'wz347718', 'sergiomartinez', 'fernanmorales99', 'lctasende3', 'stephania23', 'emescape', 'jose5loureiro', 'resmi968', 'analorenzo', 'adribetid99', 'javivilladamigo', 'anapv177', 'chaems322', 'joscebtap', 'tuvieja88', 'nazaretgarciagonzalez', 'hrhlauraa', 'alejandromataali', 'jesusmrquez96', 'cinthiarodrilande11', 'almalr97', 'dumas.david.97', 'jeangabriel.chenard', 'jamesjuansierra', 'marcobaleato', 'noeliaff', 'pedro.montysen', 'jlcjuli2', 'yagolemacapeans', 'jako91', 'damianonetto', 'nuriamjusc', 'luigig', 'parduxen', None, 'anxooo', 'andreairamas', 'sbopp', 'sergiocabana1999', 'angelalopezlobo97', 'victorlopezpardo.liceo', 'marniesan', 'yjh01027952607', 'piolin991099']"
8,57,94,13,10,"['analorenzo', 'miguelrecuna3c', 'pedro.montysen', 'lidiacarcedo', 'jako91', 'sarad12', 'cinthiarodrilande11', 'jamesjuansierra', 'lauravicente', 'mmartinezsanchez']",83,"['antia.santiago', 'josemanuel.alvarez.perez', 'sergiobalboabarreiro', 'miguel.lozano.gonzalez', 'audranp', 'moshelem', 'jorgeexpositopatino', 'giorgiayang', 'saragonzalezmiguez', 'martin45720', 'borja.bayon', 'davidruiz', 'costasdiego97', 'ritav', 'davidcastano', 'mariapl200896', 'iagofacal', 'juliia.ou', 'foojorge', 'angietuset', 'martinotero', 'ivan1', 'gablapo97', 'euem789', 'sabelamv11', 'guillermo99', 'martin.mg98.10', 'raul292', 'd.c.yborde', 'beluso13', 'aaronrivasterron', 'danielm78', 'tomtomshoo', 'atsui75', 'cesarleo94', 'justin.hamel2', 'jacfomg', 'evakolmel', 'sabela.fernandez.r', 'ainhoaab', 'sabe425', 'lgv', 'antiapc', 'saradiazr', 'ireneduinkerkenrodriguez', 'myriam.blanchet07', 'roiaso', 'ivancambon3b', 'gemmabf', 'albersabo99', 'wz347718', 'sergiomartinez', 'lctasende3', 'stephania23', 'emescape', 'jose5loureiro', 'resmi968', 'javivilladamigo', 'anapv177', 'chaems322', 'tuvieja88', 'nazaretgarciagonzalez', 'hrhlauraa', 'alejandromataali', 'almalr97', 'dumas.david.97', 'jeangabriel.chenard', 'marcobaleato', 'noeliaff', 'jlcjuli2', 'yagolemacapeans', 'damianonetto', 'nuriamjusc', 'luigig', 'parduxen', 'anxooo', 'andreairamas', 'sbopp', 'sergiocabana1999', 'victorlopezpardo.liceo', 'marniesan', 'yjh01027952607', 'piolin991099']",3,"['braisblanco', 'pawpe', None]",96,"['antia.santiago', 'josemanuel.alvarez.perez', 'sergiobalboabarreiro', 'miguel.lozano.gonzalez', 'audranp', 'moshelem', 'jorgeexpositopatino', 'giorgiayang', 'sarad12', 'saragonzalezmiguez', 'martin45720', 'borja.bayon', 'davidruiz', 'costasdiego97', 'braisblanco', 'miguelrecuna3c', 'ritav', 'davidcastano', 'mariapl200896', 'iagofacal', 'juliia.ou', 'lidiacarcedo', 'foojorge', 'mmartinezsanchez', 'angietuset', 'martinotero', 'ivan1', 'gablapo97', 'euem789', 'sabelamv11', 'guillermo99', 'martin.mg98.10', 'raul292', 'd.c.yborde', 'beluso13', 'lauravicente', 'aaronrivasterron', 'danielm78', 'tomtomshoo', 'atsui75', 'cesarleo94', 'justin.hamel2', 'jacfomg', 'evakolmel', 'sabela.fernandez.r', 'ainhoaab', 'sabe425', 'lgv', 'antiapc', 'saradiazr', 'ireneduinkerkenrodriguez', 'myriam.blanchet07', 'roiaso', 'ivancambon3b', 'gemmabf', 'albersabo99', 'wz347718', 'sergiomartinez', 'lctasende3', 'stephania23', 'emescape', 'jose5loureiro', 'resmi968', 'analorenzo', 'javivilladamigo', 'anapv177', 'chaems322', 'tuvieja88', 'nazaretgarciagonzalez', 'hrhlauraa', 'alejandromataali', 'cinthiarodrilande11', 'almalr97', 'dumas.david.97', 'jeangabriel.chenard', 'jamesjuansierra', 'marcobaleato', 'noeliaff', 'pedro.montysen', 'jlcjuli2', 'yagolemacapeans', 'jako91', 'damianonetto', 'nuriamjusc', 'luigig', 'parduxen', None, 'anxooo', 'andreairamas', 'pawpe', 'sbopp', 'sergiocabana1999', 'victorlopezpardo.liceo', 'marniesan', 'yjh01027952607', 'piolin991099']"
8,442,94,11,8,"['anxooo', 'tuvieja88', 'jako91', 'ivancambon3b', 'guillermo99', 'jamesjuansierra', 'lctasende3', 'martin45720']",85,"['antia.santiago', 'josemanuel.alvarez.perez', 'sergiobalboabarreiro', 'miguel.lozano.gonzalez', 'audranp', 'moshelem', 'jorgeexpositopatino', 'giorgiayang', 'sarad12', 'saragonzalezmiguez', 'borja.bayon', 'davidruiz', 'costasdiego97', 'miguelrecuna3c', 'ritav', 'davidcastano', 'mariapl200896', 'iagofacal', 'juliia.ou', 'lidiacarcedo', 'foojorge', 'mmartinezsanchez', 'angietuset', 'martinotero', 'ivan1', 'gablapo97', 'euem789', 'sabelamv11', 'martin.mg98.10', 'raul292', 'd.c.yborde', 'beluso13', 'lauravicente', 'aaronrivasterron', 'danielm78', 'tomtomshoo', 'atsui75', 'cesarleo94', 'justin.hamel2', 'jacfomg', 'evakolmel', 'sabela.fernandez.r', 'ainhoaab', 'sabe425', 'lgv', 'antiapc', 'saradiazr', 'ireneduinkerkenrodriguez', 'myriam.blanchet07', 'roiaso', 'gemmabf', 'albersabo99', 'wz347718', 'sergiomartinez', 'stephania23', 'emescape', 'jose5loureiro', 'resmi968', 'analorenzo', 'javivilladamigo', 'anapv177', 'chaems322', 'nazaretgarciagonzalez', 'hrhlauraa', 'alejandromataali', 'cinthiarodrilande11', 'almalr97', 'dumas.david.97', 'jeangabriel.chenard', 'marcobaleato', 'noeliaff', 'pedro.montysen', 'jlcjuli2', 'yagolemacapeans', 'damianonetto', 'nuriamjusc', 'luigig', 'parduxen', 'andreairamas', 'sbopp', 'sergiocabana1999', 'victorlopezpardo.liceo', 'marniesan', 'yjh01027952607', 'piolin991099']",3,"['ogandocortes', 'poorar21', None]",96,"['antia.santiago', 'josemanuel.alvarez.perez', 'sergiobalboabarreiro', 'miguel.lozano.gonzalez', 'audranp', 'moshelem', 'jorgeexpositopatino', 'giorgiayang', 'sarad12', 'saragonzalezmiguez', 'martin45720', 'borja.bayon', 'davidruiz', 'costasdiego97', 'miguelrecuna3c', 'ritav', 'davidcastano', 'mariapl200896', 'iagofacal', 'juliia.ou', 'lidiacarcedo', 'foojorge', 'ogandocortes', 'mmartinezsanchez', 'angietuset', 'martinotero', 'ivan1', 'gablapo97', 'euem789', 'sabelamv11', 'guillermo99', 'martin.mg98.10', 'raul292', 'd.c.yborde', 'beluso13', 'lauravicente', 'aaronrivasterron', 'danielm78', 'tomtomshoo', 'atsui75', 'cesarleo94', 'justin.hamel2', 'jacfomg', 'evakolmel', 'sabela.fernandez.r', 'ainhoaab', 'sabe425', 'lgv', 'antiapc', 'saradiazr', 'ireneduinkerkenrodriguez', 'myriam.blanchet07', 'roiaso', 'ivancambon3b', 'gemmabf', 'albersabo99', 'wz347718', 'sergiomartinez', 'lctasende3', 'stephania23', 'emescape', 'jose5loureiro', 'poorar21', 'resmi968', 'analorenzo', 'javivilladamigo', 'anapv177', 'chaems322', 'tuvieja88', 'nazaretgarciagonzalez', 'hrhlauraa', 'alejandromataali', 'cinthiarodrilande11', 'almalr97', 'dumas.david.97', 'jeangabriel.chenard', 'jamesjuansierra', 'marcobaleato', 'noeliaff', 'pedro.montysen', 'jlcjuli2', 'yagolemacapeans', 'jako91', 'damianonetto', 'nuriamjusc', 'luigig', 'parduxen', None, 'anxooo', 'andreairamas', 'sbopp', 'sergiocabana1999', 'victorlopezpardo.liceo', 'marniesan', 'yjh01027952607', 'piolin991099']"
8,26,94,10,8,"['analorenzo', 'antia.santiago', 'javivilladamigo', 'iagofacal', 'evakolmel', 'saragonzalezmiguez', 'costasdiego97', 'saradiazr']",85,"['josemanuel.alvarez.perez', 'sergiobalboabarreiro', 'miguel.lozano.gonzalez', 'audranp', 'moshelem', 'jorgeexpositopatino', 'giorgiayang', 'sarad12', 'martin45720', 'borja.bayon', 'davidruiz', 'miguelrecuna3c', 'ritav', 'davidcastano', 'mariapl200896', 'juliia.ou', 'lidiacarcedo', 'foojorge', 'mmartinezsanchez', 'angietuset', 'martinotero', 'ivan1', 'gablapo97', 'euem789', 'sabelamv11', 'guillermo99', 'martin.mg98.10', 'raul292', 'd.c.yborde', 'beluso13', 'lauravicente', 'aaronrivasterron', 'danielm78', 'tomtomshoo', 'atsui75', 'cesarleo94', 'justin.hamel2', 'jacfomg', 'sabela.fernandez.r', 'ainhoaab', 'sabe425', 'lgv', 'antiapc', 'ireneduinkerkenrodriguez', 'myriam.blanchet07', 'roiaso', 'ivancambon3b', 'gemmabf', 'albersabo99', 'wz347718', 'sergiomartinez', 'lctasende3', 'stephania23', 'emescape', 'jose5loureiro', 'resmi968', 'anapv177', 'chaems322', 'tuvieja88', 'nazaretgarciagonzalez', 'hrhlauraa', 'alejandromataali', 'cinthiarodrilande11', 'almalr97', 'dumas.david.97', 'jeangabriel.chenard', 'jamesjuansierra', 'marcobaleato', 'noeliaff', 'pedro.montysen', 'jlcjuli2', 'yagolemacapeans', 'jako91', 'damianonetto', 'nuriamjusc', 'luigig', 'parduxen', 'anxooo', 'andreairamas', 'sbopp', 'sergiocabana1999', 'victorlopezpardo.liceo', 'marniesan', 'yjh01027952607', 'piolin991099']",2,"['cibranlpz', None]",95,"['antia.santiago', 'josemanuel.alvarez.perez', 'sergiobalboabarreiro', 'miguel.lozano.gonzalez', 'audranp', 'moshelem', 'jorgeexpositopatino', 'giorgiayang', 'sarad12', 'saragonzalezmiguez', 'martin45720', 'borja.bayon', 'davidruiz', 'costasdiego97', 'miguelrecuna3c', 'ritav', 'davidcastano', 'mariapl200896', 'iagofacal', 'juliia.ou', 'lidiacarcedo', 'foojorge', 'mmartinezsanchez', 'angietuset', 'martinotero', 'ivan1', 'gablapo97', 'euem789', 'sabelamv11', 'guillermo99', 'martin.mg98.10', 'raul292', 'd.c.yborde', 'beluso13', 'lauravicente', 'aaronrivasterron', 'danielm78', 'tomtomshoo', 'atsui75', 'cesarleo94', 'justin.hamel2', 'jacfomg', 'evakolmel', 'sabela.fernandez.r', 'ainhoaab', 'sabe425', 'lgv', 'antiapc', 'saradiazr', 'ireneduinkerkenrodriguez', 'myriam.blanchet07', 'roiaso', 'ivancambon3b', 'gemmabf', 'albersabo99', 'wz347718', 'sergiomartinez', 'lctasende3', 'stephania23', 'emescape', 'jose5loureiro', 'cibranlpz', 'resmi968', 'analorenzo', 'javivilladamigo', 'anapv177', 'chaems322', 'tuvieja88', 'nazaretgarciagonzalez', 'hrhlauraa', 'alejandromataali', 'cinthiarodrilande11', 'almalr97', 'dumas.david.97', 'jeangabriel.chenard', 'jamesjuansierra', 'marcobaleato', 'noeliaff', 'pedro.montysen', 'jlcjuli2', 'yagolemacapeans', 'jako91', 'damianonetto', 'nuriamjusc', 'luigig', 'parduxen', None, 'anxooo', 'andreairamas', 'sbopp', 'sergiocabana1999', 'victorlopezpardo.liceo', 'marniesan', 'yjh01027952607', 'piolin991099']"
8,53,94,10,6,"['marcobaleato', 'mariapl200896', 'miguel.lozano.gonzalez', 'martinotero', 'victorlopezpardo.liceo', 'lgv']",87,"['antia.santiago', 'josemanuel.alvarez.perez', 'sergiobalboabarreiro', 'audranp', 'moshelem', 'jorgeexpositopatino', 'giorgiayang', 'sarad12', 'saragonzalezmiguez', 'martin45720', 'borja.bayon', 'davidruiz', 'costasdiego97', 'miguelrecuna3c', 'ritav', 'davidcastano', 'iagofacal', 'juliia.ou', 'lidiacarcedo', 'foojorge', 'mmartinezsanchez', 'angietuset', 'ivan1', 'gablapo97', 'euem789', 'sabelamv11', 'guillermo99', 'martin.mg98.10', 'raul292', 'd.c.yborde', 'beluso13', 'lauravicente', 'aaronrivasterron', 'danielm78', 'tomtomshoo', 'atsui75', 'cesarleo94', 'justin.hamel2', 'jacfomg', 'evakolmel', 'sabela.fernandez.r', 'ainhoaab', 'sabe425', 'antiapc', 'saradiazr', 'ireneduinkerkenrodriguez', 'myriam.blanchet07', 'roiaso', 'ivancambon3b', 'gemmabf', 'albersabo99', 'wz347718', 'sergiomartinez', 'lctasende3', 'stephania23', 'emescape', 'jose5loureiro', 'resmi968', 'analorenzo', 'javivilladamigo', 'anapv177', 'chaems322', 'tuvieja88', 'nazaretgarciagonzalez', 'hrhlauraa', 'alejandromataali', 'cinthiarodrilande11', 'almalr97', 'dumas.david.97', 'jeangabriel.chenard', 'jamesjuansierra', 'noeliaff', 'pedro.montysen', 'jlcjuli2', 'yagolemacapeans', 'jako91', 'damianonetto', 'nuriamjusc', 'luigig', 'parduxen', 'anxooo', 'andreairamas', 'sbopp', 'sergiocabana1999', 'marniesan', 'yjh01027952607', 'piolin991099']",4,"['braisblanco', 'xabierdoural', 'tomasx', None]",97,"['antia.santiago', 'josemanuel.alvarez.perez', 'sergiobalboabarreiro', 'miguel.lozano.gonzalez', 'audranp', 'moshelem', 'xabierdoural', 'jorgeexpositopatino', 'giorgiayang', 'sarad12', 'saragonzalezmiguez', 'martin45720', 'borja.bayon', 'davidruiz', 'costasdiego97', 'braisblanco', 'miguelrecuna3c', 'ritav', 'davidcastano', 'mariapl200896', 'iagofacal', 'juliia.ou', 'lidiacarcedo', 'foojorge', 'mmartinezsanchez', 'angietuset', 'martinotero', 'ivan1', 'gablapo97', 'euem789', 'sabelamv11', 'guillermo99', 'martin.mg98.10', 'raul292', 'd.c.yborde', 'beluso13', 'lauravicente', 'aaronrivasterron', 'danielm78', 'tomtomshoo', 'atsui75', 'cesarleo94', 'justin.hamel2', 'jacfomg', 'evakolmel', 'sabela.fernandez.r', 'ainhoaab', 'sabe425', 'lgv', 'antiapc', 'saradiazr', 'ireneduinkerkenrodriguez', 'myriam.blanchet07', 'roiaso', 'ivancambon3b', 'gemmabf', 'albersabo99', 'wz347718', 'sergiomartinez', 'lctasende3', 'stephania23', 'emescape', 'jose5loureiro', 'resmi968', 'analorenzo', 'javivilladamigo', 'anapv177', 'chaems322', 'tuvieja88', 'nazaretgarciagonzalez', 'tomasx', 'hrhlauraa', 'alejandromataali', 'cinthiarodrilande11', 'almalr97', 'dumas.david.97', 'jeangabriel.chenard', 'jamesjuansierra', 'marcobaleato', 'noeliaff', 'pedro.montysen', 'jlcjuli2', 'yagolemacapeans', 'jako91', 'damianonetto', 'nuriamjusc', 'luigig', 'parduxen', None, 'anxooo', 'andreairamas', 'sbopp', 'sergiocabana1999', 'victorlopezpardo.liceo', 'marniesan', 'yjh01027952607', 'piolin991099']"
8,40,94,9,8,"['anapv177', 'moshelem', 'ivan1', 'ireneduinkerkenrodriguez', 'jako91', 'giorgiayang', 'saragonzalezmiguez', 'davidruiz']",85,"['antia.santiago', 'josemanuel.alvarez.perez', 'sergiobalboabarreiro', 'miguel.lozano.gonzalez', 'audranp', 'jorgeexpositopatino', 'sarad12', 'martin45720', 'borja.bayon', 'costasdiego97', 'miguelrecuna3c', 'ritav', 'davidcastano', 'mariapl200896', 'iagofacal', 'juliia.ou', 'lidiacarcedo', 'foojorge', 'mmartinezsanchez', 'angietuset', 'martinotero', 'gablapo97', 'euem789', 'sabelamv11', 'guillermo99', 'martin.mg98.10', 'raul292', 'd.c.yborde', 'beluso13', 'lauravicente', 'aaronrivasterron', 'danielm78', 'tomtomshoo', 'atsui75', 'cesarleo94', 'justin.hamel2', 'jacfomg', 'evakolmel', 'sabela.fernandez.r', 'ainhoaab', 'sabe425', 'lgv', 'antiapc', 'saradiazr', 'myriam.blanchet07', 'roiaso', 'ivancambon3b', 'gemmabf', 'albersabo99', 'wz347718', 'sergiomartinez', 'lctasende3', 'stephania23', 'emescape', 'jose5loureiro', 'resmi968', 'analorenzo', 'javivilladamigo', 'chaems322', 'tuvieja88', 'nazaretgarciagonzalez', 'hrhlauraa', 'alejandromataali', 'cinthiarodrilande11', 'almalr97', 'dumas.david.97', 'jeangabriel.chenard', 'jamesjuansierra', 'marcobaleato', 'noeliaff', 'pedro.montysen', 'jlcjuli2', 'yagolemacapeans', 'damianonetto', 'nuriamjusc', 'luigig', 'parduxen', 'anxooo', 'andreairamas', 'sbopp', 'sergiocabana1999', 'victorlopezpardo.liceo', 'marniesan', 'yjh01027952607', 'piolin991099']",1,[None],94,"['antia.santiago', 'josemanuel.alvarez.perez', 'sergiobalboabarreiro', 'miguel.lozano.gonzalez', 'audranp', 'moshelem', 'jorgeexpositopatino', 'giorgiayang', 'sarad12', 'saragonzalezmiguez', 'martin45720', 'borja.bayon', 'davidruiz', 'costasdiego97', 'miguelrecuna3c', 'ritav', 'davidcastano', 'mariapl200896', 'iagofacal', 'juliia.ou', 'lidiacarcedo', 'foojorge', 'mmartinezsanchez', 'angietuset', 'martinotero', 'ivan1', 'gablapo97', 'euem789', 'sabelamv11', 'guillermo99', 'martin.mg98.10', 'raul292', 'd.c.yborde', 'beluso13', 'lauravicente', 'aaronrivasterron', 'danielm78', 'tomtomshoo', 'atsui75', 'cesarleo94', 'justin.hamel2', 'jacfomg', 'evakolmel', 'sabela.fernandez.r', 'ainhoaab', 'sabe425', 'lgv', 'antiapc', 'saradiazr', 'ireneduinkerkenrodriguez', 'myriam.blanchet07', 'roiaso', 'ivancambon3b', 'gemmabf', 'albersabo99', 'wz347718', 'sergiomartinez', 'lctasende3', 'stephania23', 'emescape', 'jose5loureiro', 'resmi968', 'analorenzo', 'javivilladamigo', 'anapv177', 'chaems322', 'tuvieja88', 'nazaretgarciagonzalez', 'hrhlauraa', 'alejandromataali', 'cinthiarodrilande11', 'almalr97', 'dumas.david.97', 'jeangabriel.chenard', 'jamesjuansierra', 'marcobaleato', 'noeliaff', 'pedro.montysen', 'jlcjuli2', 'yagolemacapeans', 'jako91', 'damianonetto', 'nuriamjusc', 'luigig', 'parduxen', None, 'anxooo', 'andreairamas', 'sbopp', 'sergiocabana1999', 'victorlopezpardo.liceo', 'marniesan', 'yjh01027952607', 'piolin991099']"
8,24,94,8,5,"['javivilladamigo', 'anapv177', 'miguel.lozano.gonzalez', 'evakolmel', 'antiapc']",88,"['antia.santiago', 'josemanuel.alvarez.perez', 'sergiobalboabarreiro', 'audranp', 'moshelem', 'jorgeexpositopatino', 'giorgiayang', 'sarad12', 'saragonzalezmiguez', 'martin45720', 'borja.bayon', 'davidruiz', 'costasdiego97', 'miguelrecuna3c', 'ritav', 'davidcastano', 'mariapl200896', 'iagofacal', 'juliia.ou', 'lidiacarcedo', 'foojorge', 'mmartinezsanchez', 'angietuset', 'martinotero', 'ivan1', 'gablapo97', 'euem789', 'sabelamv11', 'guillermo99', 'martin.mg98.10', 'raul292', 'd.c.yborde', 'beluso13', 'lauravicente', 'aaronrivasterron', 'danielm78', 'tomtomshoo', 'atsui75', 'cesarleo94', 'justin.hamel2', 'jacfomg', 'sabela.fernandez.r', 'ainhoaab', 'sabe425', 'lgv', 'saradiazr', 'ireneduinkerkenrodriguez', 'myriam.blanchet07', 'roiaso', 'ivancambon3b', 'gemmabf', 'albersabo99', 'wz347718', 'sergiomartinez', 'lctasende3', 'stephania23', 'emescape', 'jose5loureiro', 'resmi968', 'analorenzo', 'chaems322', 'tuvieja88', 'nazaretgarciagonzalez', 'hrhlauraa', 'alejandromataali', 'cinthiarodrilande11', 'almalr97', 'dumas.david.97', 'jeangabriel.chenard', 'jamesjuansierra', 'marcobaleato', 'noeliaff', 'pedro.montysen', 'jlcjuli2', 'yagolemacapeans', 'jako91', 'damianonetto', 'nuriamjusc', 'luigig', 'parduxen', 'anxooo', 'andreairamas', 'sbopp', 'sergiocabana1999', 'victorlopezpardo.liceo', 'marniesan', 'yjh01027952607', 'piolin991099']",3,"[None, 'jequito', 'miguelcb']",96,"['antia.santiago', 'josemanuel.alvarez.perez', 'sergiobalboabarreiro', 'miguel.lozano.gonzalez', 'audranp', 'moshelem', 'jorgeexpositopatino', 'giorgiayang', 'sarad12', 'saragonzalezmiguez', 'martin45720', 'borja.bayon', 'davidruiz', 'costasdiego97', 'miguelrecuna3c', 'ritav', 'davidcastano', 'mariapl200896', 'miguelcb', 'iagofacal', 'juliia.ou', 'lidiacarcedo', 'foojorge', 'jequito', 'mmartinezsanchez', 'angietuset', 'martinotero', 'ivan1', 'gablapo97', 'euem789', 'sabelamv11', 'guillermo99', 'martin.mg98.10', 'raul292', 'd.c.yborde', 'beluso13', 'lauravicente', 'aaronrivasterron', 'danielm78', 'tomtomshoo', 'atsui75', 'cesarleo94', 'justin.hamel2', 'jacfomg', 'evakolmel', 'sabela.fernandez.r', 'ainhoaab', 'sabe425', 'lgv', 'antiapc', 'saradiazr', 'ireneduinkerkenrodriguez', 'myriam.blanchet07', 'roiaso', 'ivancambon3b', 'gemmabf', 'albersabo99', 'wz347718', 'sergiomartinez', 'lctasende3', 'stephania23', 'emescape', 'jose5loureiro', 'resmi968', 'analorenzo', 'javivilladamigo', 'anapv177', 'chaems322', 'tuvieja88', 'nazaretgarciagonzalez', 'hrhlauraa', 'alejandromataali', 'cinthiarodrilande11', 'almalr97', 'dumas.david.97', 'jeangabriel.chenard', 'jamesjuansierra', 'marcobaleato', 'noeliaff', 'pedro.montysen', 'jlcjuli2', 'yagolemacapeans', 'jako91', 'damianonetto', 'nuriamjusc', 'luigig', 'parduxen', None, 'anxooo', 'andreairamas', 'sbopp', 'sergiocabana1999', 'victorlopezpardo.liceo', 'marniesan', 'yjh01027952607', 'piolin991099']"
8,41,94,8,5,"['miguelrecuna3c', 'victorlopezpardo.liceo', 'ainhoaab', 'gemmabf', 'lgv']",88,"['antia.santiago', 'josemanuel.alvarez.perez', 'sergiobalboabarreiro', 'miguel.lozano.gonzalez', 'audranp', 'moshelem', 'jorgeexpositopatino', 'giorgiayang', 'sarad12', 'saragonzalezmiguez', 'martin45720', 'borja.bayon', 'davidruiz', 'costasdiego97', 'ritav', 'davidcastano', 'mariapl200896', 'iagofacal', 'juliia.ou', 'lidiacarcedo', 'foojorge', 'mmartinezsanchez', 'angietuset', 'martinotero', 'ivan1', 'gablapo97', 'euem789', 'sabelamv11', 'guillermo99', 'martin.mg98.10', 'raul292', 'd.c.yborde', 'beluso13', 'lauravicente', 'aaronrivasterron', 'danielm78', 'tomtomshoo', 'atsui75', 'cesarleo94', 'justin.hamel2', 'jacfomg', 'evakolmel', 'sabela.fernandez.r', 'sabe425', 'antiapc', 'saradiazr', 'ireneduinkerkenrodriguez', 'myriam.blanchet07', 'roiaso', 'ivancambon3b', 'albersabo99', 'wz347718', 'sergiomartinez', 'lctasende3', 'stephania23', 'emescape', 'jose5loureiro', 'resmi968', 'analorenzo', 'javivilladamigo', 'anapv177', 'chaems322', 'tuvieja88', 'nazaretgarciagonzalez', 'hrhlauraa', 'alejandromataali', 'cinthiarodrilande11', 'almalr97', 'dumas.david.97', 'jeangabriel.chenard', 'jamesjuansierra', 'marcobaleato', 'noeliaff', 'pedro.montysen', 'jlcjuli2', 'yagolemacapeans', 'jako91', 'damianonetto', 'nuriamjusc', 'luigig', 'parduxen', 'anxooo', 'andreairamas', 'sbopp', 'sergiocabana1999', 'marniesan', 'yjh01027952607', 'piolin991099']",3,"['braisblanco', 'tomasx', None]",96,"['antia.santiago', 'josemanuel.alvarez.perez', 'sergiobalboabarreiro', 'miguel.lozano.gonzalez', 'audranp', 'moshelem', 'jorgeexpositopatino', 'giorgiayang', 'sarad12', 'saragonzalezmiguez', 'martin45720', 'borja.bayon', 'davidruiz', 'costasdiego97', 'braisblanco', 'miguelrecuna3c', 'ritav', 'davidcastano', 'mariapl200896', 'iagofacal', 'juliia.ou', 'lidiacarcedo', 'foojorge', 'mmartinezsanchez', 'angietuset', 'martinotero', 'ivan1', 'gablapo97', 'euem789', 'sabelamv11', 'guillermo99', 'martin.mg98.10', 'raul292', 'd.c.yborde', 'beluso13', 'lauravicente', 'aaronrivasterron', 'danielm78', 'tomtomshoo', 'atsui75', 'cesarleo94', 'justin.hamel2', 'jacfomg', 'evakolmel', 'sabela.fernandez.r', 'ainhoaab', 'sabe425', 'lgv', 'antiapc', 'saradiazr', 'ireneduinkerkenrodriguez', 'myriam.blanchet07', 'roiaso', 'ivancambon3b', 'gemmabf', 'albersabo99', 'wz347718', 'sergiomartinez', 'lctasende3', 'stephania23', 'emescape', 'jose5loureiro', 'resmi968', 'analorenzo', 'javivilladamigo', 'anapv177', 'chaems322', 'tuvieja88', 'nazaretgarciagonzalez', 'tomasx', 'hrhlauraa', 'alejandromataali', 'cinthiarodrilande11', 'almalr97', 'dumas.david.97', 'jeangabriel.chenard', 'jamesjuansierra', 'marcobaleato', 'noeliaff', 'pedro.montysen', 'jlcjuli2', 'yagolemacapeans', 'jako91', 'damianonetto', 'nuriamjusc', 'luigig', 'parduxen', None, 'anxooo', 'andreairamas', 'sbopp', 'sergiocabana1999', 'victorlopezpardo.liceo', 'marniesan', 'yjh01027952607', 'piolin991099']"
8,27,94,7,6,"['marcobaleato', 'mariapl200896', 'martinotero', 'cesarleo94', 'hrhlauraa', 'victorlopezpardo.liceo']",87,"['antia.santiago', 'josemanuel.alvarez.perez', 'sergiobalboabarreiro', 'miguel.lozano.gonzalez', 'audranp', 'moshelem', 'jorgeexpositopatino', 'giorgiayang', 'sarad12', 'saragonzalezmiguez', 'martin45720', 'borja.bayon', 'davidruiz', 'costasdiego97', 'miguelrecuna3c', 'ritav', 'davidcastano', 'iagofacal', 'juliia.ou', 'lidiacarcedo', 'foojorge', 'mmartinezsanchez', 'angietuset', 'ivan1', 'gablapo97', 'euem789', 'sabelamv11', 'guillermo99', 'martin.mg98.10', 'raul292', 'd.c.yborde', 'beluso13', 'lauravicente', 'aaronrivasterron', 'danielm78', 'tomtomshoo', 'atsui75', 'justin.hamel2', 'jacfomg', 'evakolmel', 'sabela.fernandez.r', 'ainhoaab', 'sabe425', 'lgv', 'antiapc', 'saradiazr', 'ireneduinkerkenrodriguez', 'myriam.blanchet07', 'roiaso', 'ivancambon3b', 'gemmabf', 'albersabo99', 'wz347718', 'sergiomartinez', 'lctasende3', 'stephania23', 'emescape', 'jose5loureiro', 'resmi968', 'analorenzo', 'javivilladamigo', 'anapv177', 'chaems322', 'tuvieja88', 'nazaretgarciagonzalez', 'alejandromataali', 'cinthiarodrilande11', 'almalr97', 'dumas.david.97', 'jeangabriel.chenard', 'jamesjuansierra', 'noeliaff', 'pedro.montysen', 'jlcjuli2', 'yagolemacapeans', 'jako91', 'damianonetto', 'nuriamjusc', 'luigig', 'parduxen', 'anxooo', 'andreairamas', 'sbopp', 'sergiocabana1999', 'marniesan', 'yjh01027952607', 'piolin991099']",1,[None],94,"['antia.santiago', 'josemanuel.alvarez.perez', 'sergiobalboabarreiro', 'miguel.lozano.gonzalez', 'audranp', 'moshelem', 'jorgeexpositopatino', 'giorgiayang', 'sarad12', 'saragonzalezmiguez', 'martin45720', 'borja.bayon', 'davidruiz', 'costasdiego97', 'miguelrecuna3c', 'ritav', 'davidcastano', 'mariapl200896', 'iagofacal', 'juliia.ou', 'lidiacarcedo', 'foojorge', 'mmartinezsanchez', 'angietuset', 'martinotero', 'ivan1', 'gablapo97', 'euem789', 'sabelamv11', 'guillermo99', 'martin.mg98.10', 'raul292', 'd.c.yborde', 'beluso13', 'lauravicente', 'aaronrivasterron', 'danielm78', 'tomtomshoo', 'atsui75', 'cesarleo94', 'justin.hamel2', 'jacfomg', 'evakolmel', 'sabela.fernandez.r', 'ainhoaab', 'sabe425', 'lgv', 'antiapc', 'saradiazr', 'ireneduinkerkenrodriguez', 'myriam.blanchet07', 'roiaso', 'ivancambon3b', 'gemmabf', 'albersabo99', 'wz347718', 'sergiomartinez', 'lctasende3', 'stephania23', 'emescape', 'jose5loureiro', 'resmi968', 'analorenzo', 'javivilladamigo', 'anapv177', 'chaems322', 'tuvieja88', 'nazaretgarciagonzalez', 'hrhlauraa', 'alejandromataali', 'cinthiarodrilande11', 'almalr97', 'dumas.david.97', 'jeangabriel.chenard', 'jamesjuansierra', 'marcobaleato', 'noeliaff', 'pedro.montysen', 'jlcjuli2', 'yagolemacapeans', 'jako91', 'damianonetto', 'nuriamjusc', 'luigig', 'parduxen', None, 'anxooo', 'andreairamas', 'sbopp', 'sergiocabana1999', 'victorlopezpardo.liceo', 'marniesan', 'yjh01027952607', 'piolin991099']"
8,482,94,7,2,"['audranp', 'myriam.blanchet07']",91,"['antia.santiago', 'josemanuel.alvarez.perez', 'sergiobalboabarreiro', 'miguel.lozano.gonzalez', 'moshelem', 'jorgeexpositopatino', 'giorgiayang', 'sarad12', 'saragonzalezmiguez', 'martin45720', 'borja.bayon', 'davidruiz', 'costasdiego97', 'miguelrecuna3c', 'ritav', 'davidcastano', 'mariapl200896', 'iagofacal', 'juliia.ou', 'lidiacarcedo', 'foojorge', 'mmartinezsanchez', 'angietuset', 'martinotero', 'ivan1', 'gablapo97', 'euem789', 'sabelamv11', 'guillermo99', 'martin.mg98.10', 'raul292', 'd.c.yborde', 'beluso13', 'lauravicente', 'aaronrivasterron', 'danielm78', 'tomtomshoo', 'atsui75', 'cesarleo94', 'justin.hamel2', 'jacfomg', 'evakolmel', 'sabela.fernandez.r', 'ainhoaab', 'sabe425', 'lgv', 'antiapc', 'saradiazr', 'ireneduinkerkenrodriguez', 'roiaso', 'ivancambon3b', 'gemmabf', 'albersabo99', 'wz347718', 'sergiomartinez', 'lctasende3', 'stephania23', 'emescape', 'jose5loureiro', 'resmi968', 'analorenzo', 'javivilladamigo', 'anapv177', 'chaems322', 'tuvieja88', 'nazaretgarciagonzalez', 'hrhlauraa', 'alejandromataali', 'cinthiarodrilande11', 'almalr97', 'dumas.david.97', 'jeangabriel.chenard', 'jamesjuansierra', 'marcobaleato', 'noeliaff', 'pedro.montysen', 'jlcjuli2', 'yagolemacapeans', 'jako91', 'damianonetto', 'nuriamjusc', 'luigig', 'parduxen', 'anxooo', 'andreairamas', 'sbopp', 'sergiocabana1999', 'victorlopezpardo.liceo', 'marniesan', 'yjh01027952607', 'piolin991099']",5,"['dompm123', 'jeson', 'fredericberthiaume1234', None, 'deguirejasmin']",98,"['antia.santiago', 'josemanuel.alvarez.perez', 'sergiobalboabarreiro', 'miguel.lozano.gonzalez', 'audranp', 'moshelem', 'fredericberthiaume1234', 'jorgeexpositopatino', 'giorgiayang', 'sarad12', 'saragonzalezmiguez', 'martin45720', 'borja.bayon', 'davidruiz', 'costasdiego97', 'miguelrecuna3c', 'ritav', 'davidcastano', 'mariapl200896', 'iagofacal', 'juliia.ou', 'lidiacarcedo', 'foojorge', 'mmartinezsanchez', 'angietuset', 'martinotero', 'ivan1', 'gablapo97', 'euem789', 'sabelamv11', 'guillermo99', 'martin.mg98.10', 'raul292', 'd.c.yborde', 'beluso13', 'lauravicente', 'aaronrivasterron', 'danielm78', 'tomtomshoo', 'atsui75', 'jeson', 'cesarleo94', 'justin.hamel2', 'jacfomg', 'evakolmel', 'sabela.fernandez.r', 'ainhoaab', 'sabe425', 'lgv', 'antiapc', 'saradiazr', 'ireneduinkerkenrodriguez', 'myriam.blanchet07', 'roiaso', 'ivancambon3b', 'gemmabf', 'albersabo99', 'wz347718', 'sergiomartinez', 'lctasende3', 'stephania23', 'emescape', 'jose5loureiro', 'resmi968', 'analorenzo', 'javivilladamigo', 'anapv177', 'chaems322', 'tuvieja88', 'nazaretgarciagonzalez', 'hrhlauraa', 'alejandromataali', 'cinthiarodrilande11', 'almalr97', 'dumas.david.97', 'jeangabriel.chenard', 'jamesjuansierra', 'deguirejasmin', 'marcobaleato', 'noeliaff', 'pedro.montysen', 'jlcjuli2', 'yagolemacapeans', 'jako91', 'damianonetto', 'nuriamjusc', 'luigig', 'parduxen', None, 'anxooo', 'andreairamas', 'sbopp', 'sergiocabana1999', 'dompm123', 'victorlopezpardo.liceo', 'marniesan', 'yjh01027952607', 'piolin991099']"
8,37,94,6,5,"['martinotero', 'hrhlauraa', 'victorlopezpardo.liceo', 'ainhoaab', 'lgv']",88,"['antia.santiago', 'josemanuel.alvarez.perez', 'sergiobalboabarreiro', 'miguel.lozano.gonzalez', 'audranp', 'moshelem', 'jorgeexpositopatino', 'giorgiayang', 'sarad12', 'saragonzalezmiguez', 'martin45720', 'borja.bayon', 'davidruiz', 'costasdiego97', 'miguelrecuna3c', 'ritav', 'davidcastano', 'mariapl200896', 'iagofacal', 'juliia.ou', 'lidiacarcedo', 'foojorge', 'mmartinezsanchez', 'angietuset', 'ivan1', 'gablapo97', 'euem789', 'sabelamv11', 'guillermo99', 'martin.mg98.10', 'raul292', 'd.c.yborde', 'beluso13', 'lauravicente', 'aaronrivasterron', 'danielm78', 'tomtomshoo', 'atsui75', 'cesarleo94', 'justin.hamel2', 'jacfomg', 'evakolmel', 'sabela.fernandez.r', 'sabe425', 'antiapc', 'saradiazr', 'ireneduinkerkenrodriguez', 'myriam.blanchet07', 'roiaso', 'ivancambon3b', 'gemmabf', 'albersabo99', 'wz347718', 'sergiomartinez', 'lctasende3', 'stephania23', 'emescape', 'jose5loureiro', 'resmi968', 'analorenzo', 'javivilladamigo', 'anapv177', 'chaems322', 'tuvieja88', 'nazaretgarciagonzalez', 'alejandromataali', 'cinthiarodrilande11', 'almalr97', 'dumas.david.97', 'jeangabriel.chenard', 'jamesjuansierra', 'marcobaleato', 'noeliaff', 'pedro.montysen', 'jlcjuli2', 'yagolemacapeans', 'jako91', 'damianonetto', 'nuriamjusc', 'luigig', 'parduxen', 'anxooo', 'andreairamas', 'sbopp', 'sergiocabana1999', 'marniesan', 'yjh01027952607', 'piolin991099']",1,[None],94,"['antia.santiago', 'josemanuel.alvarez.perez', 'sergiobalboabarreiro', 'miguel.lozano.gonzalez', 'audranp', 'moshelem', 'jorgeexpositopatino', 'giorgiayang', 'sarad12', 'saragonzalezmiguez', 'martin45720', 'borja.bayon', 'davidruiz', 'costasdiego97', 'miguelrecuna3c', 'ritav', 'davidcastano', 'mariapl200896', 'iagofacal', 'juliia.ou', 'lidiacarcedo', 'foojorge', 'mmartinezsanchez', 'angietuset', 'martinotero', 'ivan1', 'gablapo97', 'euem789', 'sabelamv11', 'guillermo99', 'martin.mg98.10', 'raul292', 'd.c.yborde', 'beluso13', 'lauravicente', 'aaronrivasterron', 'danielm78', 'tomtomshoo', 'atsui75', 'cesarleo94', 'justin.hamel2', 'jacfomg', 'evakolmel', 'sabela.fernandez.r', 'ainhoaab', 'sabe425', 'lgv', 'antiapc', 'saradiazr', 'ireneduinkerkenrodriguez', 'myriam.blanchet07', 'roiaso', 'ivancambon3b', 'gemmabf', 'albersabo99', 'wz347718', 'sergiomartinez', 'lctasende3', 'stephania23', 'emescape', 'jose5loureiro', 'resmi968', 'analorenzo', 'javivilladamigo', 'anapv177', 'chaems322', 'tuvieja88', 'nazaretgarciagonzalez', 'hrhlauraa', 'alejandromataali', 'cinthiarodrilande11', 'almalr97', 'dumas.david.97', 'jeangabriel.chenard', 'jamesjuansierra', 'marcobaleato', 'noeliaff', 'pedro.montysen', 'jlcjuli2', 'yagolemacapeans', 'jako91', 'damianonetto', 'nuriamjusc', 'luigig', 'parduxen', None, 'anxooo', 'andreairamas', 'sbopp', 'sergiocabana1999', 'victorlopezpardo.liceo', 'marniesan', 'yjh01027952607', 'piolin991099']"
8,56,94,6,4,"['andreairamas', 'stephania23', 'hrhlauraa', 'nuriamjusc']",89,"['antia.santiago', 'josemanuel.alvarez.perez', 'sergiobalboabarreiro', 'miguel.lozano.gonzalez', 'audranp', 'moshelem', 'jorgeexpositopatino', 'giorgiayang', 'sarad12', 'saragonzalezmiguez', 'martin45720', 'borja.bayon', 'davidruiz', 'costasdiego97', 'miguelrecuna3c', 'ritav', 'davidcastano', 'mariapl200896', 'iagofacal', 'juliia.ou', 'lidiacarcedo', 'foojorge', 'mmartinezsanchez', 'angietuset', 'martinotero', 'ivan1', 'gablapo97', 'euem789', 'sabelamv11', 'guillermo99', 'martin.mg98.10', 'raul292', 'd.c.yborde', 'beluso13', 'lauravicente', 'aaronrivasterron', 'danielm78', 'tomtomshoo', 'atsui75', 'cesarleo94', 'justin.hamel2', 'jacfomg', 'evakolmel', 'sabela.fernandez.r', 'ainhoaab', 'sabe425', 'lgv', 'antiapc', 'saradiazr', 'ireneduinkerkenrodriguez', 'myriam.blanchet07', 'roiaso', 'ivancambon3b', 'gemmabf', 'albersabo99', 'wz347718', 'sergiomartinez', 'lctasende3', 'emescape', 'jose5loureiro', 'resmi968', 'analorenzo', 'javivilladamigo', 'anapv177', 'chaems322', 'tuvieja88', 'nazaretgarciagonzalez', 'alejandromataali', 'cinthiarodrilande11', 'almalr97', 'dumas.david.97', 'jeangabriel.chenard', 'jamesjuansierra', 'marcobaleato', 'noeliaff', 'pedro.montysen', 'jlcjuli2', 'yagolemacapeans', 'jako91', 'damianonetto', 'luigig', 'parduxen', 'anxooo', 'sbopp', 'sergiocabana1999', 'victorlopezpardo.liceo', 'marniesan', 'yjh01027952607', 'piolin991099']",2,"['xabierdoural', None]",95,"['antia.santiago', 'josemanuel.alvarez.perez', 'sergiobalboabarreiro', 'miguel.lozano.gonzalez', 'audranp', 'moshelem', 'xabierdoural', 'jorgeexpositopatino', 'giorgiayang', 'sarad12', 'saragonzalezmiguez', 'martin45720', 'borja.bayon', 'davidruiz', 'costasdiego97', 'miguelrecuna3c', 'ritav', 'davidcastano', 'mariapl200896', 'iagofacal', 'juliia.ou', 'lidiacarcedo', 'foojorge', 'mmartinezsanchez', 'angietuset', 'martinotero', 'ivan1', 'gablapo97', 'euem789', 'sabelamv11', 'guillermo99', 'martin.mg98.10', 'raul292', 'd.c.yborde', 'beluso13', 'lauravicente', 'aaronrivasterron', 'danielm78', 'tomtomshoo', 'atsui75', 'cesarleo94', 'justin.hamel2', 'jacfomg', 'evakolmel', 'sabela.fernandez.r', 'ainhoaab', 'sabe425', 'lgv', 'antiapc', 'saradiazr', 'ireneduinkerkenrodriguez', 'myriam.blanchet07', 'roiaso', 'ivancambon3b', 'gemmabf', 'albersabo99', 'wz347718', 'sergiomartinez', 'lctasende3', 'stephania23', 'emescape', 'jose5loureiro', 'resmi968', 'analorenzo', 'javivilladamigo', 'anapv177', 'chaems322', 'tuvieja88', 'nazaretgarciagonzalez', 'hrhlauraa', 'alejandromataali', 'cinthiarodrilande11', 'almalr97', 'dumas.david.97', 'jeangabriel.chenard', 'jamesjuansierra', 'marcobaleato', 'noeliaff', 'pedro.montysen', 'jlcjuli2', 'yagolemacapeans', 'jako91', 'damianonetto', 'nuriamjusc', 'luigig', 'parduxen', None, 'anxooo', 'andreairamas', 'sbopp', 'sergiocabana1999', 'victorlopezpardo.liceo', 'marniesan', 'yjh01027952607', 'piolin991099']"
9,465,86,283,1,['pmcnutt2'],84,"['jiaruil4', 'roslend2', 'jcaulkin', 'ymyu2', 'juliawp2', 'mochsend', 'yoonjae3', 'loutris2', 'drli', 'aprudnik', 'runzezhang', 'akshays6', 'ziweny', 'michal3', 'mpgrant001', 'teb4', 'bshiang2', 'magnaye2', 'jtarnsan', 'tsibley', 'alekhb2', 'said.maabed', 'sskala2', 'zvarley2', 'jsterank', 'megangb2', 'jll4', 'xd8', 'kacperr2', 'jamesshannon', 'agdash', 'jiming2', 'dl20', 'micahpr2', 'arashakhavi', 'samuelf4', 'txyang2', 'allibur', 'zg10', 'coleck2', 'mokamura98', 'xc29', 'ncgalardi', 'jpyeon', 'karthi.madhubalan', 'vvs3', 'zyang2', 'noahrh3', 'mint', 'zeruizhc', 'bjchung', 'ziruiw2', 'alfadel2', 'bmglaser', 'rohanv2', 'vanshg2', 'rlee130', 'matteo1717', 'yilunwu', 'bremig2', 'mahsab.alrahman009', 'bsutton3', 'azatar3', 'konicek3', 'hanankhan93', 'jiapeiy2', 'joelmieres', 'schumer2', 'meeraj2', 'lauraksluk', 'jaeyong2', 'jornia2', 'luketk2', 'hmpatel4', 'jordanm7', 'weihangx', 'agrind2', 'mderka3', 'trishag3', 'mjwilkin', 'alexmf2', 'huizhit2', 'chguo2', 'jlakomy2']",282,"['ulusoy2006', 'i.lutticken', 'arianebarreto', 'zse0147', 'gazerlo', 'rylandkate', 'jef325', 'huseyinu', 'fafrin2', 'reuben90', 'chrixang18', 'halilibrahimtiken', 's16c045b', 'mtakcali', 'plaggeme', 'alexander.lee', 'jhahn95', 'olivier35', 'a194117', 'newele', 'ncm0007', 'mangabera10', 'syoonhan', 'jrobinson5', 'felipemachado', 'emreyilmazel1996', 'amrita_lovelace', 'haren22', 'mariapl200896', 'd093641', 'maria.irausquin', 'thboth', 'jsanmartin1', 'ervndgn59', 'kellen.wise', 'r207733', 'paezjuanagustin47', 'ogandocortes', 'pkj71794g', 'theurgeboat', 'jequito', 'cninja99', 'psuzhouy', 'caseyamick', 'magnoliajasper', '8223freret', 'enhjinhanabi', 'cartermchris1', 'rakaiit', 'ogu0001', 'martinotero', 'berrospidavid7', 'jschewinsky', 'cdutreil', 'wingitalways', 'sbentz', 'julianyordano', 'terje', 'gabriel.pzanoni', 'guillermo99', 'martin.mg98.10', 'tg2016', 'stiml1144', 'daddysexual', 'ege.ert7', 'kodurur', 'grantmorris656', 'v257028', 'wys142', 'u1089358', 'lenoirr', 'l201843', 'mrgiraffe', 'jaycwilson23', 'panellink1', 'briann', 'ainhoaab', 'sabe425', 'murattdo', 'kyenyarkolemuel', 'aingles', 'rossop', 'vincentdoucet22', 'octoman1080x', 'dongmingli', 'f215766', 'lkipfer', 'choudh23', 'testeremre70', 'burnett.william', 'lpentzke', 'dolaydemirel', 'sungjooncho', 'roiaso', 'emani', 'krusso448', 'spazos7', 'xiaoyuzhang', 'npatta.1986', 'burak9836', 'lctasende3', 'cibranlpz', 'm241617', 'rosadourada9', 'liqizhou', 'anapv177', 'omarloay99', 'c195673', 'justiejoseph', 'chastintruelove', 'tomasx', 'pspiotrowicz1', 'kst48', 'joejfranzo', 'sqlim94', 'phhuang', 'yesimcakmakc', 'andrew217usmc', 'asif0047', 'fpincock', 'hcha71', 'garciacarrillojudith', 'u0916393', 'sholliday643', 'hlong262', 'retrewtewrt', 'eschruba', 'charles.dambra', 'jako91', 'jbonez411', 'ee17resch11016', 'nfranzoni', 'jake.m.hall876', 'philippeblaise', 'anxooo', 'lokesht123', 'sabolton', 'aravindh', 'maxguipil', 'mrbunnyman', 'also0714', 'madisonmiller', 'mollykole', 'kmerino', 'man6787', 'cancetinkaya1201', 'rajsingh', 'u6007941', 'trivellin', 'moshelem', 'santosalexis1817', 'semmi.spado00', 'heatherleaf', 'nickm', 'mmei', 'kianamon', 'thomasspradley', 'borja.bayon', 'costasdiego97', 'julianawallgren', 'tserenkhand', 'leeluanling123', 'miguelcb', 'ethan.caballero', 'jack522577', 'oktayhalitekinay', 'sebrobarts', 'maxiasensio', 'hjlim9612', 'elena.gnani', 'mos_noob', 'wdeaweqwdas', 'josemanuel3', 'vritota', 'tudimubunmi', 'hj980217', 'jimenezph', 'bmirzapouebe', 't224622', 'fredysanchez2', 'clizarazo', 'jsathanand', 'u1250344', 'drogalski', 'elel30182', 'yyerim', 'dicef', 'raul292', 'smontero', 'cacuy', 'abaringer', 'marcantoineduval', 'ge.6cg7', 'ts992', 'jdgerling', 'baqer', 'fedele.penna', 'aaronrivasterron', 'ronitronit119', 'davidr27', 'cbandel', 'aaroncoonu', 'evakolmel', 'k.hildenbrand', 'asdksnfksfkmd', 'ol_ac', 'blane', 'kayleneechong', 'sandip83', 'danielclapp99', 'durgaprasadkhatri2011', 'zepfan026', 'j176601', 'lobsterben13', 'saradiazr', 'fatanehjenabi', 'lorenzoholguin12', 'ana23', 'aldanafloyd', 'mstff.1clkk', 'd33r00', 'mahnoor.syed29', 'amandabrum', 'nguyendaniel', 'santox2000', 'matthew.jones98', 'poorar21', 'johnganiban', 'eminasuljic', 'yorkiiii', 'hjp44', 'cameronframpton', 'j218711', 'annikadasher', 'hrhlauraa', 'kaiseale', 'anujgarg939', 'alirose12', 'cactusnoh', 'lewisgf20', 'nicoladegiuseppe19', 'sungjoon.cho97', 'nsh0004', 'andresaraiva', 'arno.yu610168', 'fabio.aragao.santos', 'kaynegalie', 's16c028b', 'deguirejasmin', 'sd226', 'xiaokaizhong99', 'cheeseybacon', 'nbhat0792', 'jason.earl', 'nanobeam', 'm203442', 'jeus63', 'alexdallee17', 'ashishchr', 'nmorgan1', 'nuriamjusc', 'sarah.youssef', 'rynk.john', 'olga.casals', 'jeption2025', 'joshuabush', 'mtynski', 'iuri', 'arif.ozkan5806', 'ftah', 'longstreetjacob', 'johndoe2341341243', 'avivlavan', 'mrtmert98', 'sebasmarquez90', 'anshshah2011', 'lerner', 'susannareggiani', 'uuganbayaro', 'pw8', 'hamastahir19', 'damianonetto']",367,"['ulusoy2006', 'huseyinu', 'jcaulkin', 'fafrin2', 'reuben90', 'mtakcali', 'ymyu2', 'juliawp2', 'mochsend', 'alexander.lee', 'jhahn95', 'olivier35', 'ncm0007', 'syoonhan', 'yoonjae3', 'amrita_lovelace', 'loutris2', 'haren22', 'mariapl200896', 'thboth', 'jsanmartin1', 'ervndgn59', 'r207733', 'paezjuanagustin47', 'ogandocortes', 'pkj71794g', 'theurgeboat', 'jequito', 'cninja99', 'psuzhouy', 'enhjinhanabi', 'ogu0001', 'martinotero', 'sbentz', 'julianyordano', 'terje', 'gabriel.pzanoni', 'guillermo99', 'martin.mg98.10', 'daddysexual', 'ege.ert7', 'grantmorris656', 'v257028', 'wys142', 'u1089358', 'lenoirr', 'jaycwilson23', 'michal3', 'ainhoaab', 'sabe425', 'murattdo', 'kyenyarkolemuel', 'mpgrant001', 'teb4', 'vincentdoucet22', 'octoman1080x', 'dongmingli', 'f215766', 'lkipfer', 'burnett.william', 'lpentzke', 'dolaydemirel', 'magnaye2', 'roiaso', 'emani', 'npatta.1986', 'lctasende3', 'said.maabed', 'omarloay99', 'tomasx', 'pspiotrowicz1', 'megangb2', 'andrew217usmc', 'kacperr2', 'hcha71', 'garciacarrillojudith', 'u0916393', 'sholliday643', 'eschruba', 'charles.dambra', 'micahpr2', 'txyang2', 'jake.m.hall876', 'philippeblaise', 'anxooo', 'allibur', 'lokesht123', 'sabolton', 'aravindh', 'mrbunnyman', 'coleck2', 'also0714', 'mollykole', 'man6787', 'xc29', 'moshelem', 'santosalexis1817', 'semmi.spado00', 'mmei', 'kianamon', 'thomasspradley', 'borja.bayon', 'costasdiego97', 'julianawallgren', 'noahrh3', 'leeluanling123', 'miguelcb', 'zeruizhc', 'sebrobarts', 'bjchung', 'hjlim9612', 'wdeaweqwdas', 'josemanuel3', 'alfadel2', 'vritota', 'tudimubunmi', 'jimenezph', 'jsathanand', 'rohanv2', 'vanshg2', 'u1250344', 'yyerim', 'dicef', 'raul292', 'smontero', 'matteo1717', 'ts992', 'jdgerling', 'baqer', 'davidr27', 'bremig2', 'evakolmel', 'blane', 'hanankhan93', 'kayleneechong', 'sandip83', 'danielclapp99', 'durgaprasadkhatri2011', 'lobsterben13', 'saradiazr', 'lorenzoholguin12', 'ana23', 'aldanafloyd', 'mstff.1clkk', 'mahnoor.syed29', 'amandabrum', 'nguyendaniel', 'santox2000', 'matthew.jones98', 'joelmieres', 'poorar21', 'eminasuljic', 'hjp44', 'annikadasher', 'kaiseale', 'anujgarg939', 'cactusnoh', 'nicoladegiuseppe19', 'sungjoon.cho97', 'nsh0004', 's16c028b', 'deguirejasmin', 'sd226', 'nanobeam', 'hmpatel4', 'weihangx', 'm203442', 'jeus63', 'trishag3', 'sarah.youssef', 'olga.casals', 'joshuabush', 'alexmf2', 'arif.ozkan5806', 'johndoe2341341243', 'huizhit2', 'mrtmert98', 'jlakomy2', 'pw8', 'i.lutticken', 'jiaruil4', 'arianebarreto', 'zse0147', 'gazerlo', 'rylandkate', 'roslend2', 'jef325', 'chrixang18', 'halilibrahimtiken', 's16c045b', 'plaggeme', 'a194117', 'newele', 'mangabera10', 'jrobinson5', 'felipemachado', 'emreyilmazel1996', 'd093641', 'maria.irausquin', 'drli', 'kellen.wise', 'aprudnik', 'caseyamick', 'magnoliajasper', '8223freret', 'cartermchris1', 'rakaiit', 'runzezhang', 'berrospidavid7', 'jschewinsky', 'cdutreil', 'wingitalways', 'akshays6', 'tg2016', 'ziweny', 'stiml1144', 'kodurur', 'l201843', 'mrgiraffe', 'panellink1', 'briann', 'pmcnutt2', 'aingles', 'rossop', 'choudh23', 'testeremre70', 'bshiang2', 'jtarnsan', 'sungjooncho', 'tsibley', 'krusso448', 'spazos7', 'alekhb2', 'xiaoyuzhang', 'burak9836', 'cibranlpz', 'm241617', 'rosadourada9', 'liqizhou', 'sskala2', 'anapv177', 'zvarley2', 'c195673', 'justiejoseph', 'chastintruelove', 'kst48', 'joejfranzo', 'sqlim94', 'jsterank', 'phhuang', 'jll4', 'yesimcakmakc', 'asif0047', 'xd8', 'fpincock', 'hlong262', 'retrewtewrt', 'jamesshannon', 'agdash', 'jiming2', 'dl20', 'jako91', 'jbonez411', 'ee17resch11016', 'arashakhavi', 'samuelf4', 'nfranzoni', 'zg10', 'maxguipil', 'madisonmiller', 'mokamura98', 'kmerino', 'cancetinkaya1201', 'ncgalardi', 'rajsingh', 'jpyeon', 'u6007941', 'trivellin', 'karthi.madhubalan', 'heatherleaf', 'vvs3', 'nickm', 'zyang2', 'tserenkhand', 'ethan.caballero', 'mint', 'jack522577', 'oktayhalitekinay', 'maxiasensio', 'elena.gnani', 'ziruiw2', 'mos_noob', 'hj980217', 'bmirzapouebe', 't224622', 'fredysanchez2', 'clizarazo', 'bmglaser', 'drogalski', 'elel30182', 'rlee130', 'cacuy', 'abaringer', 'marcantoineduval', 'ge.6cg7', 'fedele.penna', 'aaronrivasterron', 'ronitronit119', 'yilunwu', 'cbandel', 'aaroncoonu', 'k.hildenbrand', 'asdksnfksfkmd', 'ol_ac', 'mahsab.alrahman009', 'bsutton3', 'azatar3', 'konicek3', 'jiapeiy2', 'zepfan026', 'j176601', 'fatanehjenabi', 'd33r00', 'johnganiban', 'schumer2', 'yorkiiii', 'cameronframpton', 'meeraj2', 'j218711', 'lauraksluk', 'jaeyong2', 'hrhlauraa', 'alirose12', 'lewisgf20', 'andresaraiva', 'jornia2', 'arno.yu610168', 'fabio.aragao.santos', 'kaynegalie', 'luketk2', 'xiaokaizhong99', 'cheeseybacon', 'nbhat0792', 'jason.earl', 'jordanm7', 'agrind2', 'alexdallee17', 'ashishchr', 'nmorgan1', 'nuriamjusc', 'mderka3', 'rynk.john', 'mjwilkin', 'jeption2025', 'mtynski', 'iuri', 'ftah', 'longstreetjacob', 'avivlavan', 'sebasmarquez90', 'anshshah2011', 'lerner', 'susannareggiani', 'chguo2', 'uuganbayaro', 'hamastahir19', 'damianonetto']"
9,216,86,57,41,"['roslend2', 'bshiang2', 'magnaye2', 'vvs3', 'juliawp2', 'schumer2', 'yoonjae3', 'noahrh3', 'loutris2', 'meeraj2', 'jaeyong2', 'megangb2', 'jll4', 'ziruiw2', 'xd8', 'jornia2', 'kacperr2', 'luketk2', 'hmpatel4', 'jordanm7', 'rohanv2', 'vanshg2', 'dl20', 'agrind2', 'akshays6', 'mderka3', 'trishag3', 'micahpr2', 'samuelf4', 'txyang2', 'allibur', 'alexmf2', 'michal3', 'coleck2', 'huizhit2', 'bsutton3', 'azatar3', 'jiapeiy2', 'jlakomy2', 'konicek3', 'teb4']",44,"['jiaruil4', 'jpyeon', 'karthi.madhubalan', 'jtarnsan', 'jcaulkin', 'tsibley', 'joelmieres', 'ymyu2', 'alekhb2', 'mochsend', 'zyang2', 'said.maabed', 'sskala2', 'mpgrant001', 'zvarley2', 'mint', 'lauraksluk', 'drli', 'jsterank', 'zeruizhc', 'bjchung', 'aprudnik', 'alfadel2', 'xc29', 'runzezhang', 'jamesshannon', 'bmglaser', 'weihangx', 'agdash', 'jiming2', 'ziweny', 'rlee130', 'arashakhavi', 'matteo1717', 'mjwilkin', 'zg10', 'yilunwu', 'bremig2', 'mokamura98', 'mahsab.alrahman009', 'hanankhan93', 'chguo2', 'pmcnutt2', 'ncgalardi']",16,"['wx5', 'aldolp2', 'ninume2', 'hanzhi2', 'brisamm2', 'kevinkw3', 'yelin4', 'jkelle30', 'dosman3', 'asyang3', 'aswett2', None, 'kkang14', 'pgardo2', 'corynne2', 'jleeman2']",101,"['jiaruil4', 'jpyeon', 'karthi.madhubalan', 'roslend2', 'jcaulkin', 'yelin4', 'jkelle30', 'aswett2', 'ymyu2', 'vvs3', 'juliawp2', 'mochsend', 'zyang2', 'yoonjae3', 'noahrh3', 'loutris2', 'mint', 'drli', 'zeruizhc', 'bjchung', 'ziruiw2', 'aprudnik', 'jleeman2', 'alfadel2', 'ninume2', 'runzezhang', 'hanzhi2', 'bmglaser', 'rohanv2', 'vanshg2', 'dosman3', 'akshays6', 'ziweny', 'rlee130', 'pgardo2', 'matteo1717', 'yilunwu', 'bremig2', 'michal3', 'mahsab.alrahman009', 'bsutton3', 'azatar3', 'konicek3', 'hanankhan93', 'jiapeiy2', 'mpgrant001', 'pmcnutt2', 'teb4', 'corynne2', 'bshiang2', 'magnaye2', 'jtarnsan', 'tsibley', 'asyang3', 'joelmieres', 'alekhb2', 'schumer2', 'said.maabed', 'sskala2', 'wx5', 'zvarley2', 'meeraj2', 'lauraksluk', 'jaeyong2', 'brisamm2', 'jsterank', 'megangb2', 'jll4', 'xd8', 'jornia2', 'kacperr2', 'luketk2', 'aldolp2', 'hmpatel4', 'jamesshannon', 'jordanm7', 'weihangx', 'agrind2', 'agdash', 'jiming2', 'dl20', 'micahpr2', 'mderka3', 'trishag3', 'arashakhavi', 'samuelf4', 'txyang2', 'mjwilkin', None, 'allibur', 'alexmf2', 'zg10', 'kevinkw3', 'huizhit2', 'coleck2', 'mokamura98', 'chguo2', 'jlakomy2', 'kkang14', 'xc29', 'ncgalardi']"
9,47,86,49,35,"['roslend2', 'bshiang2', 'vvs3', 'juliawp2', 'schumer2', 'yoonjae3', 'noahrh3', 'meeraj2', 'jaeyong2', 'megangb2', 'jll4', 'ziruiw2', 'xd8', 'jornia2', 'hmpatel4', 'jordanm7', 'rohanv2', 'agrind2', 'dl20', 'vanshg2', 'akshays6', 'mderka3', 'micahpr2', 'trishag3', 'txyang2', 'alexmf2', 'allibur', 'michal3', 'huizhit2', 'azatar3', 'bsutton3', 'jiapeiy2', 'konicek3', 'jlakomy2', 'teb4']",50,"['jiaruil4', 'jpyeon', 'karthi.madhubalan', 'jtarnsan', 'magnaye2', 'jcaulkin', 'tsibley', 'joelmieres', 'ymyu2', 'alekhb2', 'mochsend', 'zyang2', 'said.maabed', 'sskala2', 'mpgrant001', 'loutris2', 'zvarley2', 'mint', 'lauraksluk', 'drli', 'jsterank', 'zeruizhc', 'bjchung', 'aprudnik', 'kacperr2', 'alfadel2', 'luketk2', 'xc29', 'runzezhang', 'jamesshannon', 'bmglaser', 'weihangx', 'agdash', 'jiming2', 'ziweny', 'rlee130', 'arashakhavi', 'samuelf4', 'matteo1717', 'mjwilkin', 'zg10', 'yilunwu', 'bremig2', 'coleck2', 'mokamura98', 'mahsab.alrahman009', 'hanankhan93', 'chguo2', 'pmcnutt2', 'ncgalardi']",14,"['wx5', 'jrswan2', 'jripper2', 'aldolp2', 'hanzhi2', 'brisamm2', 'kevinkw3', 'sbhujle2', 'jkelle30', 'dosman3', 'aswett2', 'kkang14', 'pw8', None]",99,"['jiaruil4', 'jpyeon', 'jripper2', 'karthi.madhubalan', 'roslend2', 'jcaulkin', 'jkelle30', 'aswett2', 'ymyu2', 'vvs3', 'juliawp2', 'mochsend', 'zyang2', 'yoonjae3', 'noahrh3', 'loutris2', 'mint', 'drli', 'zeruizhc', 'bjchung', 'ziruiw2', 'aprudnik', 'alfadel2', 'jrswan2', 'runzezhang', 'hanzhi2', 'bmglaser', 'rohanv2', 'vanshg2', 'dosman3', 'akshays6', 'ziweny', 'rlee130', 'matteo1717', 'yilunwu', 'bremig2', 'michal3', 'mahsab.alrahman009', 'bsutton3', 'azatar3', 'konicek3', 'hanankhan93', 'jiapeiy2', 'mpgrant001', 'pmcnutt2', 'teb4', 'pw8', 'bshiang2', 'magnaye2', 'jtarnsan', 'sbhujle2', 'tsibley', 'joelmieres', 'alekhb2', 'schumer2', 'said.maabed', 'sskala2', 'wx5', 'zvarley2', 'meeraj2', 'lauraksluk', 'jaeyong2', 'brisamm2', 'jsterank', 'megangb2', 'jll4', 'xd8', 'jornia2', 'kacperr2', 'luketk2', 'aldolp2', 'hmpatel4', 'jamesshannon', 'jordanm7', 'weihangx', 'agrind2', 'agdash', 'jiming2', 'dl20', 'micahpr2', 'mderka3', 'trishag3', 'arashakhavi', 'samuelf4', 'txyang2', 'mjwilkin', None, 'allibur', 'alexmf2', 'zg10', 'kevinkw3', 'huizhit2', 'coleck2', 'mokamura98', 'chguo2', 'jlakomy2', 'kkang14', 'xc29', 'ncgalardi']"
9,391,86,43,1,['juliawp2'],84,"['jiaruil4', 'roslend2', 'jcaulkin', 'ymyu2', 'mochsend', 'yoonjae3', 'loutris2', 'drli', 'aprudnik', 'runzezhang', 'akshays6', 'ziweny', 'michal3', 'mpgrant001', 'pmcnutt2', 'teb4', 'bshiang2', 'magnaye2', 'jtarnsan', 'tsibley', 'alekhb2', 'said.maabed', 'sskala2', 'zvarley2', 'jsterank', 'megangb2', 'jll4', 'xd8', 'kacperr2', 'jamesshannon', 'agdash', 'jiming2', 'dl20', 'micahpr2', 'arashakhavi', 'samuelf4', 'txyang2', 'allibur', 'zg10', 'coleck2', 'mokamura98', 'xc29', 'ncgalardi', 'jpyeon', 'karthi.madhubalan', 'vvs3', 'zyang2', 'noahrh3', 'mint', 'zeruizhc', 'bjchung', 'ziruiw2', 'alfadel2', 'bmglaser', 'rohanv2', 'vanshg2', 'rlee130', 'matteo1717', 'yilunwu', 'bremig2', 'mahsab.alrahman009', 'bsutton3', 'azatar3', 'konicek3', 'hanankhan93', 'jiapeiy2', 'joelmieres', 'schumer2', 'meeraj2', 'lauraksluk', 'jaeyong2', 'jornia2', 'luketk2', 'hmpatel4', 'jordanm7', 'weihangx', 'agrind2', 'mderka3', 'trishag3', 'mjwilkin', 'alexmf2', 'huizhit2', 'chguo2', 'jlakomy2']",42,"['mrc13', 'wrishk2', 'bnw4', 'torsr2', 'sendres2', 'jrange23', 'eoh23', 'yuchang3', 'dhamill2', 'fulcrum', 'chyu3', 'boyazhu2', 'shawnc2', 'nk13', 'jaredf2', 'ssibi2', 'jacobt6', 'iajifo2', 'msiddi60', 'niharrm2', 'ryusuke2', 'anm9', 'malonzo2', 'efalse2', 'aaguero2', 'xinzhih2', 'aleahht2', 'hanlinw3', None, 'jinyang9', 'sali93', 'dcudzi2', 'hyunbin2', 'ddejong2', 'jheaton3', 'nwa2', 'msolis27', 'benvau2', 'jalies2', 'kirajm2', 'zainab2', 'ryanlim2']",127,"['jiaruil4', 'jpyeon', 'mrc13', 'karthi.madhubalan', 'roslend2', 'bnw4', 'jcaulkin', 'jrange23', 'ymyu2', 'vvs3', 'juliawp2', 'mochsend', 'zyang2', 'yuchang3', 'yoonjae3', 'noahrh3', 'chyu3', 'boyazhu2', 'loutris2', 'mint', 'drli', 'zeruizhc', 'bjchung', 'ziruiw2', 'nk13', 'aprudnik', 'jaredf2', 'ssibi2', 'iajifo2', 'alfadel2', 'niharrm2', 'runzezhang', 'ryusuke2', 'bmglaser', 'rohanv2', 'vanshg2', 'efalse2', 'aaguero2', 'akshays6', 'ziweny', 'rlee130', 'matteo1717', 'jinyang9', 'hyunbin2', 'yilunwu', 'ddejong2', 'bremig2', 'michal3', 'jheaton3', 'jalies2', 'mahsab.alrahman009', 'bsutton3', 'azatar3', 'konicek3', 'hanankhan93', 'jiapeiy2', 'kirajm2', 'mpgrant001', 'pmcnutt2', 'teb4', 'zainab2', 'ryanlim2', 'wrishk2', 'bshiang2', 'magnaye2', 'jtarnsan', 'torsr2', 'sendres2', 'tsibley', 'joelmieres', 'alekhb2', 'eoh23', 'schumer2', 'said.maabed', 'dhamill2', 'sskala2', 'fulcrum', 'zvarley2', 'meeraj2', 'lauraksluk', 'jaeyong2', 'jsterank', 'megangb2', 'jll4', 'shawnc2', 'xd8', 'jornia2', 'kacperr2', 'jacobt6', 'luketk2', 'msiddi60', 'hmpatel4', 'jamesshannon', 'jordanm7', 'weihangx', 'agrind2', 'anm9', 'agdash', 'jiming2', 'dl20', 'malonzo2', 'xinzhih2', 'micahpr2', 'mderka3', 'trishag3', 'arashakhavi', 'samuelf4', 'txyang2', 'mjwilkin', 'aleahht2', 'hanlinw3', None, 'sali93', 'dcudzi2', 'allibur', 'alexmf2', 'zg10', 'huizhit2', 'coleck2', 'nwa2', 'msolis27', 'benvau2', 'mokamura98', 'chguo2', 'jlakomy2', 'xc29', 'ncgalardi']"
9,277,86,17,14,"['zvarley2', 'jtarnsan', 'lauraksluk', 'bmglaser', 'jcaulkin', 'jsterank', 'tsibley', 'mokamura98', 'bjchung', 'mochsend', 'ziweny', 'aprudnik', 'zyang2', 'mjwilkin']",71,"['jiaruil4', 'jpyeon', 'karthi.madhubalan', 'roslend2', 'ymyu2', 'vvs3', 'juliawp2', 'yoonjae3', 'noahrh3', 'loutris2', 'mint', 'drli', 'zeruizhc', 'ziruiw2', 'alfadel2', 'runzezhang', 'rohanv2', 'vanshg2', 'akshays6', 'rlee130', 'matteo1717', 'yilunwu', 'bremig2', 'michal3', 'mahsab.alrahman009', 'bsutton3', 'azatar3', 'konicek3', 'hanankhan93', 'jiapeiy2', 'mpgrant001', 'pmcnutt2', 'teb4', 'bshiang2', 'magnaye2', 'joelmieres', 'alekhb2', 'schumer2', 'said.maabed', 'sskala2', 'meeraj2', 'jaeyong2', 'megangb2', 'jll4', 'xd8', 'jornia2', 'kacperr2', 'luketk2', 'hmpatel4', 'jamesshannon', 'jordanm7', 'weihangx', 'agrind2', 'agdash', 'jiming2', 'dl20', 'micahpr2', 'mderka3', 'trishag3', 'arashakhavi', 'samuelf4', 'txyang2', 'allibur', 'alexmf2', 'zg10', 'huizhit2', 'coleck2', 'chguo2', 'jlakomy2', 'xc29', 'ncgalardi']",3,"['eaholm', None, 'anqiq66']",88,"['jiaruil4', 'jpyeon', 'karthi.madhubalan', 'roslend2', 'jcaulkin', 'ymyu2', 'vvs3', 'juliawp2', 'mochsend', 'zyang2', 'yoonjae3', 'noahrh3', 'loutris2', 'mint', 'drli', 'zeruizhc', 'bjchung', 'ziruiw2', 'aprudnik', 'alfadel2', 'runzezhang', 'bmglaser', 'rohanv2', 'vanshg2', 'akshays6', 'ziweny', 'rlee130', 'matteo1717', 'yilunwu', 'bremig2', 'michal3', 'mahsab.alrahman009', 'bsutton3', 'azatar3', 'konicek3', 'hanankhan93', 'jiapeiy2', 'mpgrant001', 'pmcnutt2', 'teb4', 'bshiang2', 'magnaye2', 'jtarnsan', 'tsibley', 'joelmieres', 'alekhb2', 'eaholm', 'schumer2', 'said.maabed', 'sskala2', 'zvarley2', 'meeraj2', 'anqiq66', 'lauraksluk', 'jaeyong2', 'jsterank', 'megangb2', 'jll4', 'xd8', 'jornia2', 'kacperr2', 'luketk2', 'hmpatel4', 'jamesshannon', 'jordanm7', 'weihangx', 'agrind2', 'agdash', 'jiming2', 'dl20', 'micahpr2', 'mderka3', 'trishag3', 'arashakhavi', 'samuelf4', 'txyang2', 'mjwilkin', None, 'allibur', 'alexmf2', 'zg10', 'huizhit2', 'coleck2', 'mokamura98', 'chguo2', 'jlakomy2', 'xc29', 'ncgalardi']"
9,448,86,17,12,"['alexmf2', 'allibur', 'noahrh3', 'hmpatel4', 'jordanm7', 'dl20', 'jll4', 'micahpr2', 'vvs3', 'ziruiw2', 'jornia2', 'jiapeiy2']",73,"['jiaruil4', 'jpyeon', 'karthi.madhubalan', 'roslend2', 'jcaulkin', 'ymyu2', 'juliawp2', 'mochsend', 'zyang2', 'yoonjae3', 'loutris2', 'mint', 'drli', 'zeruizhc', 'bjchung', 'aprudnik', 'alfadel2', 'runzezhang', 'bmglaser', 'rohanv2', 'vanshg2', 'akshays6', 'ziweny', 'rlee130', 'matteo1717', 'yilunwu', 'bremig2', 'michal3', 'mahsab.alrahman009', 'bsutton3', 'azatar3', 'konicek3', 'hanankhan93', 'mpgrant001', 'pmcnutt2', 'teb4', 'bshiang2', 'magnaye2', 'jtarnsan', 'tsibley', 'joelmieres', 'alekhb2', 'schumer2', 'said.maabed', 'sskala2', 'zvarley2', 'meeraj2', 'lauraksluk', 'jaeyong2', 'jsterank', 'megangb2', 'xd8', 'kacperr2', 'luketk2', 'jamesshannon', 'weihangx', 'agrind2', 'agdash', 'jiming2', 'mderka3', 'trishag3', 'arashakhavi', 'samuelf4', 'txyang2', 'mjwilkin', 'zg10', 'huizhit2', 'coleck2', 'mokamura98', 'chguo2', 'jlakomy2', 'xc29', 'ncgalardi']",5,"['aldolp2', 'jkelle30', 'aswett2', 'pw8', None]",90,"['jiaruil4', 'jpyeon', 'karthi.madhubalan', 'roslend2', 'jcaulkin', 'jkelle30', 'aswett2', 'ymyu2', 'vvs3', 'juliawp2', 'mochsend', 'zyang2', 'yoonjae3', 'noahrh3', 'loutris2', 'mint', 'drli', 'zeruizhc', 'bjchung', 'ziruiw2', 'aprudnik', 'alfadel2', 'runzezhang', 'bmglaser', 'rohanv2', 'vanshg2', 'akshays6', 'ziweny', 'rlee130', 'matteo1717', 'yilunwu', 'bremig2', 'michal3', 'mahsab.alrahman009', 'bsutton3', 'azatar3', 'konicek3', 'hanankhan93', 'jiapeiy2', 'mpgrant001', 'pmcnutt2', 'teb4', 'bshiang2', 'magnaye2', 'jtarnsan', 'tsibley', 'joelmieres', 'alekhb2', 'schumer2', 'said.maabed', 'sskala2', 'zvarley2', 'meeraj2', 'lauraksluk', 'jaeyong2', 'jsterank', 'megangb2', 'jll4', 'xd8', 'jornia2', 'kacperr2', 'luketk2', 'aldolp2', 'hmpatel4', 'jamesshannon', 'jordanm7', 'weihangx', 'agrind2', 'agdash', 'jiming2', 'dl20', 'micahpr2', 'mderka3', 'trishag3', 'arashakhavi', 'samuelf4', 'txyang2', 'mjwilkin', None, 'allibur', 'alexmf2', 'zg10', 'huizhit2', 'coleck2', 'mokamura98', 'chguo2', 'jlakomy2', 'pw8', 'xc29', 'ncgalardi']"
9,220,86,14,11,"['lauraksluk', 'jtarnsan', 'weihangx', 'bmglaser', 'jcaulkin', 'jsterank', 'tsibley', 'bjchung', 'ziweny', 'zyang2', 'mjwilkin']",74,"['jiaruil4', 'jpyeon', 'karthi.madhubalan', 'roslend2', 'ymyu2', 'vvs3', 'juliawp2', 'mochsend', 'yoonjae3', 'noahrh3', 'loutris2', 'mint', 'drli', 'zeruizhc', 'ziruiw2', 'aprudnik', 'alfadel2', 'runzezhang', 'rohanv2', 'vanshg2', 'akshays6', 'rlee130', 'matteo1717', 'yilunwu', 'bremig2', 'michal3', 'mahsab.alrahman009', 'bsutton3', 'azatar3', 'konicek3', 'hanankhan93', 'jiapeiy2', 'mpgrant001', 'pmcnutt2', 'teb4', 'bshiang2', 'magnaye2', 'joelmieres', 'alekhb2', 'schumer2', 'said.maabed', 'sskala2', 'zvarley2', 'meeraj2', 'jaeyong2', 'megangb2', 'jll4', 'xd8', 'jornia2', 'kacperr2', 'luketk2', 'hmpatel4', 'jamesshannon', 'jordanm7', 'agrind2', 'agdash', 'jiming2', 'dl20', 'micahpr2', 'mderka3', 'trishag3', 'arashakhavi', 'samuelf4', 'txyang2', 'allibur', 'alexmf2', 'zg10', 'huizhit2', 'coleck2', 'mokamura98', 'chguo2', 'jlakomy2', 'xc29', 'ncgalardi']",3,"['eaholm', None, 'anqiq66']",88,"['jiaruil4', 'jpyeon', 'karthi.madhubalan', 'roslend2', 'jcaulkin', 'ymyu2', 'vvs3', 'juliawp2', 'mochsend', 'zyang2', 'yoonjae3', 'noahrh3', 'loutris2', 'mint', 'drli', 'zeruizhc', 'bjchung', 'ziruiw2', 'aprudnik', 'alfadel2', 'runzezhang', 'bmglaser', 'rohanv2', 'vanshg2', 'akshays6', 'ziweny', 'rlee130', 'matteo1717', 'yilunwu', 'bremig2', 'michal3', 'mahsab.alrahman009', 'bsutton3', 'azatar3', 'konicek3', 'hanankhan93', 'jiapeiy2', 'mpgrant001', 'pmcnutt2', 'teb4', 'bshiang2', 'magnaye2', 'jtarnsan', 'tsibley', 'joelmieres', 'alekhb2', 'eaholm', 'schumer2', 'said.maabed', 'sskala2', 'zvarley2', 'meeraj2', 'anqiq66', 'lauraksluk', 'jaeyong2', 'jsterank', 'megangb2', 'jll4', 'xd8', 'jornia2', 'kacperr2', 'luketk2', 'hmpatel4', 'jamesshannon', 'jordanm7', 'weihangx', 'agrind2', 'agdash', 'jiming2', 'dl20', 'micahpr2', 'mderka3', 'trishag3', 'arashakhavi', 'samuelf4', 'txyang2', 'mjwilkin', None, 'allibur', 'alexmf2', 'zg10', 'huizhit2', 'coleck2', 'mokamura98', 'chguo2', 'jlakomy2', 'xc29', 'ncgalardi']"
9,218,86,13,5,"['jamesshannon', 'arashakhavi', 'mpgrant001', 'matteo1717', 'ncgalardi']",80,"['jiaruil4', 'jpyeon', 'karthi.madhubalan', 'roslend2', 'jcaulkin', 'ymyu2', 'vvs3', 'juliawp2', 'mochsend', 'zyang2', 'yoonjae3', 'noahrh3', 'loutris2', 'mint', 'drli', 'zeruizhc', 'bjchung', 'ziruiw2', 'aprudnik', 'alfadel2', 'runzezhang', 'bmglaser', 'rohanv2', 'vanshg2', 'akshays6', 'ziweny', 'rlee130', 'yilunwu', 'bremig2', 'michal3', 'mahsab.alrahman009', 'bsutton3', 'azatar3', 'konicek3', 'hanankhan93', 'jiapeiy2', 'pmcnutt2', 'teb4', 'bshiang2', 'magnaye2', 'jtarnsan', 'tsibley', 'joelmieres', 'alekhb2', 'schumer2', 'said.maabed', 'sskala2', 'zvarley2', 'meeraj2', 'lauraksluk', 'jaeyong2', 'jsterank', 'megangb2', 'jll4', 'xd8', 'jornia2', 'kacperr2', 'luketk2', 'hmpatel4', 'jordanm7', 'weihangx', 'agrind2', 'agdash', 'jiming2', 'dl20', 'micahpr2', 'mderka3', 'trishag3', 'samuelf4', 'txyang2', 'mjwilkin', 'allibur', 'alexmf2', 'zg10', 'huizhit2', 'coleck2', 'mokamura98', 'chguo2', 'jlakomy2', 'xc29']",8,"['ajleida', 'mbkivy', 'madiglozer', 'emiliochausse', 'kmlochun', 'abirken', None, 'dreihaneh']",93,"['jiaruil4', 'jpyeon', 'karthi.madhubalan', 'roslend2', 'jcaulkin', 'ymyu2', 'vvs3', 'juliawp2', 'mochsend', 'zyang2', 'yoonjae3', 'noahrh3', 'loutris2', 'mint', 'emiliochausse', 'drli', 'zeruizhc', 'bjchung', 'ziruiw2', 'aprudnik', 'alfadel2', 'runzezhang', 'bmglaser', 'rohanv2', 'vanshg2', 'akshays6', 'ziweny', 'rlee130', 'kmlochun', 'matteo1717', 'mbkivy', 'yilunwu', 'bremig2', 'michal3', 'mahsab.alrahman009', 'bsutton3', 'azatar3', 'konicek3', 'hanankhan93', 'jiapeiy2', 'mpgrant001', 'pmcnutt2', 'teb4', 'madiglozer', 'bshiang2', 'magnaye2', 'jtarnsan', 'tsibley', 'joelmieres', 'alekhb2', 'schumer2', 'said.maabed', 'sskala2', 'zvarley2', 'meeraj2', 'lauraksluk', 'jaeyong2', 'jsterank', 'megangb2', 'jll4', 'xd8', 'jornia2', 'kacperr2', 'dreihaneh', 'luketk2', 'ajleida', 'hmpatel4', 'jamesshannon', 'jordanm7', 'weihangx', 'agrind2', 'agdash', 'jiming2', 'dl20', 'micahpr2', 'mderka3', 'trishag3', 'arashakhavi', 'samuelf4', 'txyang2', 'mjwilkin', 'abirken', None, 'allibur', 'alexmf2', 'zg10', 'huizhit2', 'coleck2', 'mokamura98', 'chguo2', 'jlakomy2', 'xc29', 'ncgalardi']"
9,217,86,12,9,"['jtarnsan', 'bmglaser', 'jcaulkin', 'tsibley', 'bjchung', 'ziweny', 'mochsend', 'zyang2', 'mjwilkin']",76,"['jiaruil4', 'jpyeon', 'karthi.madhubalan', 'roslend2', 'ymyu2', 'vvs3', 'juliawp2', 'yoonjae3', 'noahrh3', 'loutris2', 'mint', 'drli', 'zeruizhc', 'ziruiw2', 'aprudnik', 'alfadel2', 'runzezhang', 'rohanv2', 'vanshg2', 'akshays6', 'rlee130', 'matteo1717', 'yilunwu', 'bremig2', 'michal3', 'mahsab.alrahman009', 'bsutton3', 'azatar3', 'konicek3', 'hanankhan93', 'jiapeiy2', 'mpgrant001', 'pmcnutt2', 'teb4', 'bshiang2', 'magnaye2', 'joelmieres', 'alekhb2', 'schumer2', 'said.maabed', 'sskala2', 'zvarley2', 'meeraj2', 'lauraksluk', 'jaeyong2', 'jsterank', 'megangb2', 'jll4', 'xd8', 'jornia2', 'kacperr2', 'luketk2', 'hmpatel4', 'jamesshannon', 'jordanm7', 'weihangx', 'agrind2', 'agdash', 'jiming2', 'dl20', 'micahpr2', 'mderka3', 'trishag3', 'arashakhavi', 'samuelf4', 'txyang2', 'allibur', 'alexmf2', 'zg10', 'huizhit2', 'coleck2', 'mokamura98', 'chguo2', 'jlakomy2', 'xc29', 'ncgalardi']",3,"['eaholm', None, 'anqiq66']",88,"['jiaruil4', 'jpyeon', 'karthi.madhubalan', 'roslend2', 'jcaulkin', 'ymyu2', 'vvs3', 'juliawp2', 'mochsend', 'zyang2', 'yoonjae3', 'noahrh3', 'loutris2', 'mint', 'drli', 'zeruizhc', 'bjchung', 'ziruiw2', 'aprudnik', 'alfadel2', 'runzezhang', 'bmglaser', 'rohanv2', 'vanshg2', 'akshays6', 'ziweny', 'rlee130', 'matteo1717', 'yilunwu', 'bremig2', 'michal3', 'mahsab.alrahman009', 'bsutton3', 'azatar3', 'konicek3', 'hanankhan93', 'jiapeiy2', 'mpgrant001', 'pmcnutt2', 'teb4', 'bshiang2', 'magnaye2', 'jtarnsan', 'tsibley', 'joelmieres', 'alekhb2', 'eaholm', 'schumer2', 'said.maabed', 'sskala2', 'zvarley2', 'meeraj2', 'anqiq66', 'lauraksluk', 'jaeyong2', 'jsterank', 'megangb2', 'jll4', 'xd8', 'jornia2', 'kacperr2', 'luketk2', 'hmpatel4', 'jamesshannon', 'jordanm7', 'weihangx', 'agrind2', 'agdash', 'jiming2', 'dl20', 'micahpr2', 'mderka3', 'trishag3', 'arashakhavi', 'samuelf4', 'txyang2', 'mjwilkin', None, 'allibur', 'alexmf2', 'zg10', 'huizhit2', 'coleck2', 'mokamura98', 'chguo2', 'jlakomy2', 'xc29', 'ncgalardi']"
9,52,86,7,4,"['bremig2', 'kacperr2', 'loutris2', 'luketk2']",81,"['jiaruil4', 'jpyeon', 'karthi.madhubalan', 'roslend2', 'jcaulkin', 'ymyu2', 'vvs3', 'juliawp2', 'mochsend', 'zyang2', 'yoonjae3', 'noahrh3', 'mint', 'drli', 'zeruizhc', 'bjchung', 'ziruiw2', 'aprudnik', 'alfadel2', 'runzezhang', 'bmglaser', 'rohanv2', 'vanshg2', 'akshays6', 'ziweny', 'rlee130', 'matteo1717', 'yilunwu', 'michal3', 'mahsab.alrahman009', 'bsutton3', 'azatar3', 'konicek3', 'hanankhan93', 'jiapeiy2', 'mpgrant001', 'pmcnutt2', 'teb4', 'bshiang2', 'magnaye2', 'jtarnsan', 'tsibley', 'joelmieres', 'alekhb2', 'schumer2', 'said.maabed', 'sskala2', 'zvarley2', 'meeraj2', 'lauraksluk', 'jaeyong2', 'jsterank', 'megangb2', 'jll4', 'xd8', 'jornia2', 'hmpatel4', 'jamesshannon', 'jordanm7', 'weihangx', 'agrind2', 'agdash', 'jiming2', 'dl20', 'micahpr2', 'mderka3', 'trishag3', 'arashakhavi', 'samuelf4', 'txyang2', 'mjwilkin', 'allibur', 'alexmf2', 'zg10', 'huizhit2', 'coleck2', 'mokamura98', 'chguo2', 'jlakomy2', 'xc29', 'ncgalardi']",3,"['pgardo2', 'asyang3', None]",88,"['jiaruil4', 'jpyeon', 'karthi.madhubalan', 'roslend2', 'jcaulkin', 'ymyu2', 'vvs3', 'juliawp2', 'mochsend', 'zyang2', 'yoonjae3', 'noahrh3', 'loutris2', 'mint', 'drli', 'zeruizhc', 'bjchung', 'ziruiw2', 'aprudnik', 'alfadel2', 'runzezhang', 'bmglaser', 'rohanv2', 'vanshg2', 'akshays6', 'ziweny', 'rlee130', 'pgardo2', 'matteo1717', 'yilunwu', 'bremig2', 'michal3', 'mahsab.alrahman009', 'bsutton3', 'azatar3', 'konicek3', 'hanankhan93', 'jiapeiy2', 'mpgrant001', 'pmcnutt2', 'teb4', 'bshiang2', 'magnaye2', 'jtarnsan', 'tsibley', 'asyang3', 'joelmieres', 'alekhb2', 'schumer2', 'said.maabed', 'sskala2', 'zvarley2', 'meeraj2', 'lauraksluk', 'jaeyong2', 'jsterank', 'megangb2', 'jll4', 'xd8', 'jornia2', 'kacperr2', 'luketk2', 'hmpatel4', 'jamesshannon', 'jordanm7', 'weihangx', 'agrind2', 'agdash', 'jiming2', 'dl20', 'micahpr2', 'mderka3', 'trishag3', 'arashakhavi', 'samuelf4', 'txyang2', 'mjwilkin', None, 'allibur', 'alexmf2', 'zg10', 'huizhit2', 'coleck2', 'mokamura98', 'chguo2', 'jlakomy2', 'xc29', 'ncgalardi']"
9,484,86,7,1,['pmcnutt2'],84,"['jiaruil4', 'jpyeon', 'karthi.madhubalan', 'roslend2', 'jcaulkin', 'ymyu2', 'vvs3', 'juliawp2', 'mochsend', 'zyang2', 'yoonjae3', 'noahrh3', 'loutris2', 'mint', 'drli', 'zeruizhc', 'bjchung', 'ziruiw2', 'aprudnik', 'alfadel2', 'runzezhang', 'bmglaser', 'rohanv2', 'vanshg2', 'akshays6', 'ziweny', 'rlee130', 'matteo1717', 'yilunwu', 'bremig2', 'michal3', 'mahsab.alrahman009', 'bsutton3', 'azatar3', 'konicek3', 'hanankhan93', 'jiapeiy2', 'mpgrant001', 'teb4', 'bshiang2', 'magnaye2', 'jtarnsan', 'tsibley', 'joelmieres', 'alekhb2', 'schumer2', 'said.maabed', 'sskala2', 'zvarley2', 'meeraj2', 'lauraksluk', 'jaeyong2', 'jsterank', 'megangb2', 'jll4', 'xd8', 'jornia2', 'kacperr2', 'luketk2', 'hmpatel4', 'jamesshannon', 'jordanm7', 'weihangx', 'agrind2', 'agdash', 'jiming2', 'dl20', 'micahpr2', 'mderka3', 'trishag3', 'arashakhavi', 'samuelf4', 'txyang2', 'mjwilkin', 'allibur', 'alexmf2', 'zg10', 'huizhit2', 'coleck2', 'mokamura98', 'chguo2', 'jlakomy2', 'xc29', 'ncgalardi']",6,"['jkelle30', 'susannareggiani', 'aswett2', 'spazos7', 'pw8', None]",91,"['jiaruil4', 'jpyeon', 'karthi.madhubalan', 'roslend2', 'jcaulkin', 'jkelle30', 'aswett2', 'ymyu2', 'vvs3', 'juliawp2', 'mochsend', 'zyang2', 'yoonjae3', 'noahrh3', 'loutris2', 'mint', 'drli', 'zeruizhc', 'bjchung', 'ziruiw2', 'aprudnik', 'alfadel2', 'runzezhang', 'bmglaser', 'rohanv2', 'vanshg2', 'akshays6', 'ziweny', 'rlee130', 'matteo1717', 'yilunwu', 'bremig2', 'michal3', 'mahsab.alrahman009', 'bsutton3', 'azatar3', 'konicek3', 'hanankhan93', 'jiapeiy2', 'mpgrant001', 'pmcnutt2', 'teb4', 'bshiang2', 'magnaye2', 'jtarnsan', 'tsibley', 'joelmieres', 'alekhb2', 'spazos7', 'schumer2', 'said.maabed', 'sskala2', 'zvarley2', 'meeraj2', 'lauraksluk', 'jaeyong2', 'jsterank', 'megangb2', 'jll4', 'xd8', 'jornia2', 'kacperr2', 'luketk2', 'hmpatel4', 'jamesshannon', 'jordanm7', 'weihangx', 'agrind2', 'agdash', 'jiming2', 'dl20', 'micahpr2', 'mderka3', 'trishag3', 'arashakhavi', 'samuelf4', 'txyang2', 'mjwilkin', None, 'allibur', 'alexmf2', 'zg10', 'huizhit2', 'coleck2', 'susannareggiani', 'mokamura98', 'chguo2', 'jlakomy2', 'pw8', 'xc29', 'ncgalardi']"
10,328,85,34,1,['carrillo.omar30'],83,"['weiqilee02', 'koayhong', 'muhammad.naziiruddin', 'ilyabelor88', 'selcukozcan26', 'yapyoonheng', 'leeshuang', 'edwardlollyphone', 'zafriazman', 'lamle', 'frosjie', 'pkjricky2', 'yuhchyn95', 'sekur11', 'quyennguyen', 'tinggf', 'leva.mfkmn2000', 'zhengyu951108', 'daisaifei', 'tzekianooi', 'khooshengxuan', 's3653997', 'soonchong2013', 'munirahshamlan', 'clphuah', 'ghazwanabd552', 'teohting', 'nxddymuslim', 'jimyu', 's3754338', 'hkdewa_01', 's3743258', 'lausheng', 'taha_mosfet', 'nurulsabrina1910', 'tanzhiwei94', 'bpng', 's3759671', 'sachindesilva914', 's3695683', 'chnglyn', 'alankhng', 'valerii', 'alaakadhim', 'vadim_mankov', 'shunxiong58', 'siudin1', 's3746851', 'joupei', 'atomfti', 'adibmddan21', 'alkufeemaher', 'zhejie95', 'prashanthpoobalan', 'stanlox', 'saumith', 'anwar.aj', 'mazohaka', 'daveclifford95', 'sachin_wicks', 'sadiaafrin1704', 'alva150', 'pavelspaliv', 'najmuddin', 'syazwanazulkhairi', 'chokyongsheng', 'puiyumlum', 'gowthamipachila', 'mtisohan', 'uyennp99', 's3716309', 's3678505', 'eng.anwar.aj', 'vinh_le_quang_1999', 'syasyafarina17', 'dmitrii', 'haseebahmed9890', 'zcan11', 'shungshung1219', 'cheyang', 'imanchow2', 'othmanhanafi', 's3697879']",33,"['jrsanne1', 'vjokeefe', 'whward1', 'eaamonoo', 'djdenzer', 'mrplatt1', 'tdmcgow1', 'mhamare', 'bbolas', 'mmblaes', 'ssalgue1', 'mesmeral', 'rlmabry', 'dokbamic', 'arouhand', 'slim47', 'udesarda', 'tlvo1', 'mkhadley', 'bpovilus', 'kgupta42', 'tlovell2', None, 'crdavi26', 'sdahal4', 'awharri8', 'ksantos5', 'rwtheilm', 'chattend', 'jeaniekim', 'hcquinn', 'mvkimbal', 'ijsxa']",117,"['shunxiong58', 'siudin1', 's3746851', 'weiqilee02', 'djdenzer', 'koayhong', 'muhammad.naziiruddin', 'mrplatt1', 'ilyabelor88', 'joupei', 'selcukozcan26', 'bbolas', 'yapyoonheng', 'leeshuang', 'rlmabry', 'mesmeral', 'edwardlollyphone', 'zafriazman', 'atomfti', 'lamle', 'slim47', 'adibmddan21', 'frosjie', 'alkufeemaher', 'pkjricky2', 'zhejie95', 'bpovilus', 'prashanthpoobalan', 'yuhchyn95', 'sekur11', 'kgupta42', 'stanlox', 'saumith', 'tinggf', 'quyennguyen', 'crdavi26', 'sdahal4', 'anwar.aj', 'mazohaka', 'awharri8', 'carrillo.omar30', 'ksantos5', 'daveclifford95', 'leva.mfkmn2000', 'sachin_wicks', 'sadiaafrin1704', 'zhengyu951108', 'hcquinn', 'mvkimbal', 'tzekianooi', 'daisaifei', 'khooshengxuan', 'jrsanne1', 'vjokeefe', 'alva150', 's3653997', 'whward1', 'soonchong2013', 'eaamonoo', 'munirahshamlan', 'clphuah', 'pavelspaliv', 'najmuddin', 'ghazwanabd552', 'teohting', 'nxddymuslim', 'jimyu', 'syazwanazulkhairi', 'tdmcgow1', 'chokyongsheng', 'mhamare', 'puiyumlum', 's3754338', 'hkdewa_01', 'gowthamipachila', 'mmblaes', 'ssalgue1', 'mtisohan', 's3743258', 'dokbamic', 'lausheng', 'uyennp99', 'arouhand', 'taha_mosfet', 's3716309', 's3678505', 'eng.anwar.aj', 'udesarda', 'tlvo1', 'vinh_le_quang_1999', 'syasyafarina17', 'nurulsabrina1910', 'mkhadley', 'tanzhiwei94', 'dmitrii', 'bpng', 'haseebahmed9890', 's3697879', 'tlovell2', None, 'zcan11', 's3759671', 'shungshung1219', 'cheyang', 'rwtheilm', 'sachindesilva914', 's3695683', 'chnglyn', 'alankhng', 'chattend', 'valerii', 'imanchow2', 'jeaniekim', 'othmanhanafi', 'alaakadhim', 'ijsxa', 'vadim_mankov']"
10,466,85,31,1,['shungshung1219'],83,"['weiqilee02', 'koayhong', 'muhammad.naziiruddin', 'ilyabelor88', 'selcukozcan26', 'yapyoonheng', 'leeshuang', 'edwardlollyphone', 'zafriazman', 'lamle', 'frosjie', 'pkjricky2', 'yuhchyn95', 'sekur11', 'quyennguyen', 'tinggf', 'carrillo.omar30', 'leva.mfkmn2000', 'zhengyu951108', 'daisaifei', 'tzekianooi', 'khooshengxuan', 's3653997', 'soonchong2013', 'munirahshamlan', 'clphuah', 'ghazwanabd552', 'teohting', 'nxddymuslim', 'jimyu', 's3754338', 'hkdewa_01', 's3743258', 'lausheng', 'taha_mosfet', 'nurulsabrina1910', 'tanzhiwei94', 'bpng', 's3759671', 'sachindesilva914', 's3695683', 'chnglyn', 'alankhng', 'valerii', 'alaakadhim', 'vadim_mankov', 'shunxiong58', 'siudin1', 's3746851', 'joupei', 'atomfti', 'adibmddan21', 'alkufeemaher', 'zhejie95', 'prashanthpoobalan', 'stanlox', 'saumith', 'anwar.aj', 'mazohaka', 'daveclifford95', 'sachin_wicks', 'sadiaafrin1704', 'alva150', 'pavelspaliv', 'najmuddin', 'syazwanazulkhairi', 'chokyongsheng', 'puiyumlum', 'gowthamipachila', 'mtisohan', 'uyennp99', 's3716309', 's3678505', 'eng.anwar.aj', 'vinh_le_quang_1999', 'syasyafarina17', 'dmitrii', 'haseebahmed9890', 'zcan11', 'cheyang', 'imanchow2', 'othmanhanafi', 's3697879']",30,"['cmrr32171', 'peter341007', 'frankpeng12345', 'weiwei30619', 'weihong', 'chen861024', 'alan69475a', 'jack522577', 'hj65419811', 'phhuang', 'arno.yu610168', 'zong_po', 'darkfalling931002', 'yzyx1998081052', 'jiff560', 'a6634141009', 'vickyy50536', 'ytliaoncu', 'jryang333', 'qixian8765', None, 'chiayen', 'osteven5706', 'olipeoplee', 'kangyan884', 'aa097879089719971231', 'edward.yen88', 'ha654321ha654321', 'unolily', 'kang1216']",114,"['cmrr32171', 'shunxiong58', 'siudin1', 's3746851', 'weiwei30619', 'unolily', 'weiqilee02', 'koayhong', 'muhammad.naziiruddin', 'ilyabelor88', 'joupei', 'selcukozcan26', 'alan69475a', 'yapyoonheng', 'jack522577', 'leeshuang', 'edwardlollyphone', 'zafriazman', 'zong_po', 'atomfti', 'darkfalling931002', 'lamle', 'yzyx1998081052', 'adibmddan21', 'frosjie', 'alkufeemaher', 'jiff560', 'pkjricky2', 'zhejie95', 'prashanthpoobalan', 'yuhchyn95', 'sekur11', 'jryang333', 'stanlox', 'saumith', 'tinggf', 'quyennguyen', 'chiayen', 'anwar.aj', 'mazohaka', 'osteven5706', 'carrillo.omar30', 'olipeoplee', 'daveclifford95', 'leva.mfkmn2000', 'sachin_wicks', 'sadiaafrin1704', 'zhengyu951108', 'aa097879089719971231', 'edward.yen88', 'ha654321ha654321', 'tzekianooi', 'daisaifei', 'khooshengxuan', 'alva150', 's3653997', 'peter341007', 'soonchong2013', 'frankpeng12345', 'munirahshamlan', 'clphuah', 'pavelspaliv', 'najmuddin', 'ghazwanabd552', 'teohting', 'nxddymuslim', 'weihong', 'jimyu', 'syazwanazulkhairi', 'chokyongsheng', 'chen861024', 'puiyumlum', 's3754338', 'hkdewa_01', 'gowthamipachila', 'hj65419811', 'mtisohan', 'phhuang', 's3743258', 'arno.yu610168', 'lausheng', 'uyennp99', 'taha_mosfet', 's3716309', 's3678505', 'eng.anwar.aj', 'vinh_le_quang_1999', 'syasyafarina17', 'nurulsabrina1910', 'a6634141009', 'vickyy50536', 'ytliaoncu', 'tanzhiwei94', 'dmitrii', 'bpng', 'haseebahmed9890', 's3697879', 'qixian8765', None, 'zcan11', 's3759671', 'shungshung1219', 'cheyang', 'kangyan884', 'sachindesilva914', 's3695683', 'chnglyn', 'alankhng', 'valerii', 'imanchow2', 'othmanhanafi', 'alaakadhim', 'vadim_mankov', 'kang1216']"
10,338,85,27,25,"['soonchong2013', 'shunxiong58', 'munirahshamlan', 'clphuah', 'weiqilee02', 'najmuddin', 'teohting', 'nxddymuslim', 'jimyu', 'syazwanazulkhairi', 'chokyongsheng', 'yapyoonheng', 'leeshuang', 'adibmddan21', 'syasyafarina17', 'zhejie95', 'tanzhiwei94', 'prashanthpoobalan', 'yuhchyn95', 'bpng', 'alankhng', 'daveclifford95', 'zhengyu951108', 'tzekianooi', 'khooshengxuan']",59,"['alva150', 's3653997', 's3746851', 'siudin1', 'pavelspaliv', 'koayhong', 'ghazwanabd552', 'muhammad.naziiruddin', 'ilyabelor88', 'joupei', 'selcukozcan26', 'puiyumlum', 's3754338', 'hkdewa_01', 'gowthamipachila', 'mtisohan', 'edwardlollyphone', 'zafriazman', 's3743258', 'atomfti', 'lausheng', 'uyennp99', 'lamle', 'taha_mosfet', 's3716309', 's3678505', 'eng.anwar.aj', 'vinh_le_quang_1999', 'frosjie', 'alkufeemaher', 'nurulsabrina1910', 'pkjricky2', 'sekur11', 'dmitrii', 'stanlox', 'haseebahmed9890', 's3697879', 'saumith', 'quyennguyen', 'tinggf', 'zcan11', 'anwar.aj', 's3759671', 'mazohaka', 'carrillo.omar30', 'shungshung1219', 'cheyang', 'sachindesilva914', 's3695683', 'chnglyn', 'leva.mfkmn2000', 'sachin_wicks', 'valerii', 'sadiaafrin1704', 'imanchow2', 'othmanhanafi', 'alaakadhim', 'daisaifei', 'vadim_mankov']",2,"[None, 'nasyikinr94']",86,"['shunxiong58', 'siudin1', 's3746851', 'weiqilee02', 'koayhong', 'muhammad.naziiruddin', 'ilyabelor88', 'joupei', 'selcukozcan26', 'yapyoonheng', 'leeshuang', 'edwardlollyphone', 'zafriazman', 'nasyikinr94', 'atomfti', 'lamle', 'adibmddan21', 'frosjie', 'alkufeemaher', 'pkjricky2', 'zhejie95', 'prashanthpoobalan', 'yuhchyn95', 'sekur11', 'stanlox', 'saumith', 'tinggf', 'quyennguyen', 'anwar.aj', 'mazohaka', 'carrillo.omar30', 'daveclifford95', 'leva.mfkmn2000', 'sachin_wicks', 'sadiaafrin1704', 'zhengyu951108', 'tzekianooi', 'daisaifei', 'khooshengxuan', 'alva150', 's3653997', 'soonchong2013', 'munirahshamlan', 'clphuah', 'pavelspaliv', 'najmuddin', 'ghazwanabd552', 'teohting', 'nxddymuslim', 'jimyu', 'syazwanazulkhairi', 'chokyongsheng', 'puiyumlum', 's3754338', 'hkdewa_01', 'gowthamipachila', 'mtisohan', 's3743258', 'lausheng', 'uyennp99', 'taha_mosfet', 's3716309', 's3678505', 'eng.anwar.aj', 'vinh_le_quang_1999', 'syasyafarina17', 'nurulsabrina1910', 'tanzhiwei94', 'dmitrii', 'bpng', 'haseebahmed9890', 's3697879', None, 'zcan11', 's3759671', 'shungshung1219', 'cheyang', 'sachindesilva914', 's3695683', 'chnglyn', 'alankhng', 'valerii', 'imanchow2', 'othmanhanafi', 'alaakadhim', 'vadim_mankov']"
10,340,85,22,16,"['s3716309', 's3759671', 's3653997', 's3754338', 'hkdewa_01', 's3746851', 'vinh_le_quang_1999', 's3695683', 'sachin_wicks', 's3743258', 'uyennp99', 's3697879', 'quyennguyen', 'saumith', 'lamle', 'tinggf']",68,"['alva150', 'soonchong2013', 'shunxiong58', 'siudin1', 'munirahshamlan', 'clphuah', 'pavelspaliv', 'weiqilee02', 'najmuddin', 'koayhong', 'ghazwanabd552', 'muhammad.naziiruddin', 'teohting', 'nxddymuslim', 'jimyu', 'syazwanazulkhairi', 'ilyabelor88', 'joupei', 'selcukozcan26', 'chokyongsheng', 'puiyumlum', 'yapyoonheng', 'gowthamipachila', 'leeshuang', 'mtisohan', 'edwardlollyphone', 'zafriazman', 'daisaifei', 'atomfti', 'lausheng', 'taha_mosfet', 'eng.anwar.aj', 'adibmddan21', 's3678505', 'frosjie', 'alkufeemaher', 'nurulsabrina1910', 'pkjricky2', 'zhejie95', 'syasyafarina17', 'tanzhiwei94', 'prashanthpoobalan', 'yuhchyn95', 'sekur11', 'dmitrii', 'bpng', 'stanlox', 'haseebahmed9890', 'zcan11', 'anwar.aj', 'mazohaka', 'carrillo.omar30', 'shungshung1219', 'cheyang', 'sachindesilva914', 'chnglyn', 'alankhng', 'daveclifford95', 'leva.mfkmn2000', 'sadiaafrin1704', 'valerii', 'zhengyu951108', 'imanchow2', 'othmanhanafi', 'alaakadhim', 'tzekianooi', 'vadim_mankov', 'khooshengxuan']",6,"['dvtruongson', 's3678595', 's3695275', 's3821185', 'thien', None]",90,"['shunxiong58', 'siudin1', 's3746851', 'weiqilee02', 's3695275', 'koayhong', 'muhammad.naziiruddin', 'ilyabelor88', 'joupei', 'selcukozcan26', 'yapyoonheng', 'leeshuang', 'edwardlollyphone', 'zafriazman', 'atomfti', 'lamle', 'adibmddan21', 'frosjie', 'alkufeemaher', 'pkjricky2', 'zhejie95', 's3678595', 'prashanthpoobalan', 'yuhchyn95', 'sekur11', 'stanlox', 'thien', 'saumith', 'tinggf', 'quyennguyen', 'anwar.aj', 'mazohaka', 'carrillo.omar30', 'daveclifford95', 'leva.mfkmn2000', 'sachin_wicks', 'sadiaafrin1704', 'zhengyu951108', 's3821185', 'tzekianooi', 'daisaifei', 'khooshengxuan', 'alva150', 's3653997', 'soonchong2013', 'munirahshamlan', 'clphuah', 'pavelspaliv', 'najmuddin', 'ghazwanabd552', 'teohting', 'nxddymuslim', 'jimyu', 'syazwanazulkhairi', 'chokyongsheng', 'puiyumlum', 's3754338', 'hkdewa_01', 'gowthamipachila', 'mtisohan', 's3743258', 'lausheng', 'uyennp99', 'taha_mosfet', 's3716309', 's3678505', 'eng.anwar.aj', 'vinh_le_quang_1999', 'syasyafarina17', 'nurulsabrina1910', 'dvtruongson', 'tanzhiwei94', 'dmitrii', 'bpng', 'haseebahmed9890', 's3697879', None, 'zcan11', 's3759671', 'shungshung1219', 'cheyang', 'sachindesilva914', 's3695683', 'chnglyn', 'alankhng', 'valerii', 'imanchow2', 'othmanhanafi', 'alaakadhim', 'vadim_mankov']"
10,331,85,20,2,"['sadiaafrin1704', 'mtisohan']",82,"['shunxiong58', 'siudin1', 's3746851', 'weiqilee02', 'koayhong', 'muhammad.naziiruddin', 'ilyabelor88', 'joupei', 'selcukozcan26', 'yapyoonheng', 'leeshuang', 'edwardlollyphone', 'zafriazman', 'atomfti', 'lamle', 'adibmddan21', 'frosjie', 'alkufeemaher', 'pkjricky2', 'zhejie95', 'prashanthpoobalan', 'yuhchyn95', 'sekur11', 'stanlox', 'saumith', 'tinggf', 'quyennguyen', 'anwar.aj', 'mazohaka', 'carrillo.omar30', 'daveclifford95', 'leva.mfkmn2000', 'sachin_wicks', 'zhengyu951108', 'tzekianooi', 'daisaifei', 'khooshengxuan', 'alva150', 's3653997', 'soonchong2013', 'munirahshamlan', 'clphuah', 'pavelspaliv', 'najmuddin', 'ghazwanabd552', 'teohting', 'nxddymuslim', 'jimyu', 'syazwanazulkhairi', 'chokyongsheng', 'puiyumlum', 's3754338', 'hkdewa_01', 'gowthamipachila', 's3743258', 'lausheng', 'uyennp99', 'taha_mosfet', 's3716309', 's3678505', 'eng.anwar.aj', 'vinh_le_quang_1999', 'syasyafarina17', 'nurulsabrina1910', 'tanzhiwei94', 'dmitrii', 'bpng', 'haseebahmed9890', 's3697879', 'zcan11', 's3759671', 'shungshung1219', 'cheyang', 'sachindesilva914', 's3695683', 'chnglyn', 'alankhng', 'valerii', 'imanchow2', 'othmanhanafi', 'alaakadhim', 'vadim_mankov']",18,"['abdullahsohailas994', 'mdmannan33', 'nazmulhasan', 'sakif04', 'tanzim', 'nazmulhossain', 'fafrin2', 'rafiul21', 'sadman', 'muslimayeasmin23', None, 'sujanmahmudd', 'farhanaakterjerin', 'trowshan', 'ooovvviii444422', 'hasanforever', 'isratmni', 'roni1234']",102,"['shunxiong58', 'siudin1', 's3746851', 'fafrin2', 'weiqilee02', 'koayhong', 'muhammad.naziiruddin', 'ilyabelor88', 'joupei', 'isratmni', 'selcukozcan26', 'nazmulhasan', 'yapyoonheng', 'leeshuang', 'edwardlollyphone', 'zafriazman', 'trowshan', 'atomfti', 'lamle', 'adibmddan21', 'mdmannan33', 'frosjie', 'alkufeemaher', 'pkjricky2', 'zhejie95', 'prashanthpoobalan', 'yuhchyn95', 'sekur11', 'stanlox', 'saumith', 'tinggf', 'quyennguyen', 'roni1234', 'anwar.aj', 'mazohaka', 'carrillo.omar30', 'daveclifford95', 'leva.mfkmn2000', 'sachin_wicks', 'sadiaafrin1704', 'zhengyu951108', 'sujanmahmudd', 'tzekianooi', 'daisaifei', 'khooshengxuan', 'abdullahsohailas994', 'alva150', 's3653997', 'soonchong2013', 'tanzim', 'nazmulhossain', 'munirahshamlan', 'clphuah', 'pavelspaliv', 'najmuddin', 'ghazwanabd552', 'teohting', 'nxddymuslim', 'jimyu', 'syazwanazulkhairi', 'hasanforever', 'chokyongsheng', 'puiyumlum', 's3754338', 'hkdewa_01', 'gowthamipachila', 'sakif04', 'rafiul21', 'mtisohan', 's3743258', 'farhanaakterjerin', 'lausheng', 'uyennp99', 'ooovvviii444422', 'taha_mosfet', 's3716309', 's3678505', 'eng.anwar.aj', 'vinh_le_quang_1999', 'syasyafarina17', 'nurulsabrina1910', 'sadman', 'tanzhiwei94', 'muslimayeasmin23', 'dmitrii', 'bpng', 'haseebahmed9890', 's3697879', None, 'zcan11', 's3759671', 'shungshung1219', 'cheyang', 'sachindesilva914', 's3695683', 'chnglyn', 'alankhng', 'valerii', 'imanchow2', 'othmanhanafi', 'alaakadhim', 'vadim_mankov']"
10,339,85,13,11,"['anwar.aj', 'cheyang', 'lausheng', 'pkjricky2', 'daveclifford95', 'edwardlollyphone', 'weiqilee02', 'teohting', 'othmanhanafi', 'jimyu', 'syazwanazulkhairi']",73,"['shunxiong58', 'siudin1', 's3746851', 'koayhong', 'muhammad.naziiruddin', 'ilyabelor88', 'joupei', 'selcukozcan26', 'yapyoonheng', 'leeshuang', 'zafriazman', 'atomfti', 'lamle', 'adibmddan21', 'frosjie', 'alkufeemaher', 'zhejie95', 'prashanthpoobalan', 'yuhchyn95', 'sekur11', 'stanlox', 'saumith', 'tinggf', 'quyennguyen', 'mazohaka', 'carrillo.omar30', 'leva.mfkmn2000', 'sachin_wicks', 'sadiaafrin1704', 'zhengyu951108', 'tzekianooi', 'daisaifei', 'khooshengxuan', 'alva150', 's3653997', 'soonchong2013', 'munirahshamlan', 'clphuah', 'pavelspaliv', 'najmuddin', 'ghazwanabd552', 'nxddymuslim', 'chokyongsheng', 'puiyumlum', 's3754338', 'hkdewa_01', 'gowthamipachila', 'mtisohan', 's3743258', 'uyennp99', 'taha_mosfet', 's3716309', 's3678505', 'eng.anwar.aj', 'vinh_le_quang_1999', 'syasyafarina17', 'nurulsabrina1910', 'tanzhiwei94', 'dmitrii', 'bpng', 'haseebahmed9890', 's3697879', 'zcan11', 's3759671', 'shungshung1219', 'sachindesilva914', 's3695683', 'chnglyn', 'alankhng', 'valerii', 'imanchow2', 'alaakadhim', 'vadim_mankov']",2,"['nurulezaila', None]",86,"['shunxiong58', 'siudin1', 's3746851', 'weiqilee02', 'koayhong', 'muhammad.naziiruddin', 'ilyabelor88', 'joupei', 'selcukozcan26', 'yapyoonheng', 'leeshuang', 'edwardlollyphone', 'zafriazman', 'atomfti', 'lamle', 'adibmddan21', 'frosjie', 'alkufeemaher', 'pkjricky2', 'zhejie95', 'prashanthpoobalan', 'yuhchyn95', 'sekur11', 'stanlox', 'saumith', 'tinggf', 'quyennguyen', 'anwar.aj', 'mazohaka', 'carrillo.omar30', 'daveclifford95', 'leva.mfkmn2000', 'sachin_wicks', 'sadiaafrin1704', 'zhengyu951108', 'tzekianooi', 'daisaifei', 'khooshengxuan', 'nurulezaila', 'alva150', 's3653997', 'soonchong2013', 'munirahshamlan', 'clphuah', 'pavelspaliv', 'najmuddin', 'ghazwanabd552', 'teohting', 'nxddymuslim', 'jimyu', 'syazwanazulkhairi', 'chokyongsheng', 'puiyumlum', 's3754338', 'hkdewa_01', 'gowthamipachila', 'mtisohan', 's3743258', 'lausheng', 'uyennp99', 'taha_mosfet', 's3716309', 's3678505', 'eng.anwar.aj', 'vinh_le_quang_1999', 'syasyafarina17', 'nurulsabrina1910', 'tanzhiwei94', 'dmitrii', 'bpng', 'haseebahmed9890', 's3697879', None, 'zcan11', 's3759671', 'shungshung1219', 'cheyang', 'sachindesilva914', 's3695683', 'chnglyn', 'alankhng', 'valerii', 'imanchow2', 'othmanhanafi', 'alaakadhim', 'vadim_mankov']"
10,534,85,13,10,"['mazohaka', 'alva150', 'pavelspaliv', 'valerii', 'sekur11', 'dmitrii', 'stanlox', 'atomfti', 'ilyabelor88', 'vadim_mankov']",74,"['shunxiong58', 'siudin1', 's3746851', 'weiqilee02', 'koayhong', 'muhammad.naziiruddin', 'joupei', 'selcukozcan26', 'yapyoonheng', 'leeshuang', 'edwardlollyphone', 'zafriazman', 'lamle', 'adibmddan21', 'frosjie', 'alkufeemaher', 'pkjricky2', 'zhejie95', 'prashanthpoobalan', 'yuhchyn95', 'saumith', 'tinggf', 'quyennguyen', 'anwar.aj', 'carrillo.omar30', 'daveclifford95', 'leva.mfkmn2000', 'sachin_wicks', 'sadiaafrin1704', 'zhengyu951108', 'tzekianooi', 'daisaifei', 'khooshengxuan', 's3653997', 'soonchong2013', 'munirahshamlan', 'clphuah', 'najmuddin', 'ghazwanabd552', 'teohting', 'nxddymuslim', 'jimyu', 'syazwanazulkhairi', 'chokyongsheng', 'puiyumlum', 's3754338', 'hkdewa_01', 'gowthamipachila', 'mtisohan', 's3743258', 'lausheng', 'uyennp99', 'taha_mosfet', 's3716309', 's3678505', 'eng.anwar.aj', 'vinh_le_quang_1999', 'syasyafarina17', 'nurulsabrina1910', 'tanzhiwei94', 'bpng', 'haseebahmed9890', 's3697879', 'zcan11', 's3759671', 'shungshung1219', 'cheyang', 'sachindesilva914', 's3695683', 'chnglyn', 'alankhng', 'imanchow2', 'othmanhanafi', 'alaakadhim']",3,"['romashudow', None, 'fmpk_john']",87,"['shunxiong58', 'siudin1', 's3746851', 'weiqilee02', 'koayhong', 'muhammad.naziiruddin', 'ilyabelor88', 'joupei', 'selcukozcan26', 'yapyoonheng', 'leeshuang', 'edwardlollyphone', 'zafriazman', 'atomfti', 'lamle', 'adibmddan21', 'frosjie', 'alkufeemaher', 'pkjricky2', 'zhejie95', 'prashanthpoobalan', 'yuhchyn95', 'sekur11', 'stanlox', 'saumith', 'tinggf', 'quyennguyen', 'anwar.aj', 'mazohaka', 'carrillo.omar30', 'daveclifford95', 'leva.mfkmn2000', 'sachin_wicks', 'sadiaafrin1704', 'zhengyu951108', 'tzekianooi', 'daisaifei', 'khooshengxuan', 'alva150', 's3653997', 'soonchong2013', 'munirahshamlan', 'clphuah', 'pavelspaliv', 'najmuddin', 'ghazwanabd552', 'teohting', 'nxddymuslim', 'jimyu', 'syazwanazulkhairi', 'romashudow', 'chokyongsheng', 'puiyumlum', 's3754338', 'hkdewa_01', 'gowthamipachila', 'fmpk_john', 'mtisohan', 's3743258', 'lausheng', 'uyennp99', 'taha_mosfet', 's3716309', 's3678505', 'eng.anwar.aj', 'vinh_le_quang_1999', 'syasyafarina17', 'nurulsabrina1910', 'tanzhiwei94', 'dmitrii', 'bpng', 'haseebahmed9890', 's3697879', None, 'zcan11', 's3759671', 'shungshung1219', 'cheyang', 'sachindesilva914', 's3695683', 'chnglyn', 'alankhng', 'valerii', 'imanchow2', 'othmanhanafi', 'alaakadhim', 'vadim_mankov']"
10,334,85,12,10,"['mazohaka', 'alva150', 'leva.mfkmn2000', 'pavelspaliv', 'valerii', 'sekur11', 'dmitrii', 'stanlox', 'atomfti', 'vadim_mankov']",74,"['shunxiong58', 'siudin1', 's3746851', 'weiqilee02', 'koayhong', 'muhammad.naziiruddin', 'ilyabelor88', 'joupei', 'selcukozcan26', 'yapyoonheng', 'leeshuang', 'edwardlollyphone', 'zafriazman', 'lamle', 'adibmddan21', 'frosjie', 'alkufeemaher', 'pkjricky2', 'zhejie95', 'prashanthpoobalan', 'yuhchyn95', 'saumith', 'tinggf', 'quyennguyen', 'anwar.aj', 'carrillo.omar30', 'daveclifford95', 'sachin_wicks', 'sadiaafrin1704', 'zhengyu951108', 'tzekianooi', 'daisaifei', 'khooshengxuan', 's3653997', 'soonchong2013', 'munirahshamlan', 'clphuah', 'najmuddin', 'ghazwanabd552', 'teohting', 'nxddymuslim', 'jimyu', 'syazwanazulkhairi', 'chokyongsheng', 'puiyumlum', 's3754338', 'hkdewa_01', 'gowthamipachila', 'mtisohan', 's3743258', 'lausheng', 'uyennp99', 'taha_mosfet', 's3716309', 's3678505', 'eng.anwar.aj', 'vinh_le_quang_1999', 'syasyafarina17', 'nurulsabrina1910', 'tanzhiwei94', 'bpng', 'haseebahmed9890', 's3697879', 'zcan11', 's3759671', 'shungshung1219', 'cheyang', 'sachindesilva914', 's3695683', 'chnglyn', 'alankhng', 'imanchow2', 'othmanhanafi', 'alaakadhim']",2,"[None, 'fmpk_john']",86,"['shunxiong58', 'siudin1', 's3746851', 'weiqilee02', 'koayhong', 'muhammad.naziiruddin', 'ilyabelor88', 'joupei', 'selcukozcan26', 'yapyoonheng', 'leeshuang', 'edwardlollyphone', 'zafriazman', 'atomfti', 'lamle', 'adibmddan21', 'frosjie', 'alkufeemaher', 'pkjricky2', 'zhejie95', 'prashanthpoobalan', 'yuhchyn95', 'sekur11', 'stanlox', 'saumith', 'tinggf', 'quyennguyen', 'anwar.aj', 'mazohaka', 'carrillo.omar30', 'daveclifford95', 'leva.mfkmn2000', 'sachin_wicks', 'sadiaafrin1704', 'zhengyu951108', 'tzekianooi', 'daisaifei', 'khooshengxuan', 'alva150', 's3653997', 'soonchong2013', 'munirahshamlan', 'clphuah', 'pavelspaliv', 'najmuddin', 'ghazwanabd552', 'teohting', 'nxddymuslim', 'jimyu', 'syazwanazulkhairi', 'chokyongsheng', 'puiyumlum', 's3754338', 'hkdewa_01', 'gowthamipachila', 'fmpk_john', 'mtisohan', 's3743258', 'lausheng', 'uyennp99', 'taha_mosfet', 's3716309', 's3678505', 'eng.anwar.aj', 'vinh_le_quang_1999', 'syasyafarina17', 'nurulsabrina1910', 'tanzhiwei94', 'dmitrii', 'bpng', 'haseebahmed9890', 's3697879', None, 'zcan11', 's3759671', 'shungshung1219', 'cheyang', 'sachindesilva914', 's3695683', 'chnglyn', 'alankhng', 'valerii', 'imanchow2', 'othmanhanafi', 'alaakadhim', 'vadim_mankov']"
10,332,85,9,1,['shungshung1219'],83,"['shunxiong58', 'siudin1', 's3746851', 'weiqilee02', 'koayhong', 'muhammad.naziiruddin', 'ilyabelor88', 'joupei', 'selcukozcan26', 'yapyoonheng', 'leeshuang', 'edwardlollyphone', 'zafriazman', 'atomfti', 'lamle', 'adibmddan21', 'frosjie', 'alkufeemaher', 'pkjricky2', 'zhejie95', 'prashanthpoobalan', 'yuhchyn95', 'sekur11', 'stanlox', 'saumith', 'tinggf', 'quyennguyen', 'anwar.aj', 'mazohaka', 'carrillo.omar30', 'daveclifford95', 'leva.mfkmn2000', 'sachin_wicks', 'sadiaafrin1704', 'zhengyu951108', 'tzekianooi', 'daisaifei', 'khooshengxuan', 'alva150', 's3653997', 'soonchong2013', 'munirahshamlan', 'clphuah', 'pavelspaliv', 'najmuddin', 'ghazwanabd552', 'teohting', 'nxddymuslim', 'jimyu', 'syazwanazulkhairi', 'chokyongsheng', 'puiyumlum', 's3754338', 'hkdewa_01', 'gowthamipachila', 'mtisohan', 's3743258', 'lausheng', 'uyennp99', 'taha_mosfet', 's3716309', 's3678505', 'eng.anwar.aj', 'vinh_le_quang_1999', 'syasyafarina17', 'nurulsabrina1910', 'tanzhiwei94', 'dmitrii', 'bpng', 'haseebahmed9890', 's3697879', 'zcan11', 's3759671', 'cheyang', 'sachindesilva914', 's3695683', 'chnglyn', 'alankhng', 'valerii', 'imanchow2', 'othmanhanafi', 'alaakadhim', 'vadim_mankov']",8,"['chiayen', 'cmrr32171', 'arrhenius78', 'jiff560', 'vickyy50536', 'ytliaoncu', 'qixian8765', None]",92,"['cmrr32171', 'shunxiong58', 'siudin1', 's3746851', 'weiqilee02', 'koayhong', 'muhammad.naziiruddin', 'ilyabelor88', 'joupei', 'selcukozcan26', 'yapyoonheng', 'leeshuang', 'edwardlollyphone', 'zafriazman', 'atomfti', 'lamle', 'adibmddan21', 'frosjie', 'alkufeemaher', 'jiff560', 'pkjricky2', 'zhejie95', 'prashanthpoobalan', 'yuhchyn95', 'sekur11', 'stanlox', 'saumith', 'tinggf', 'quyennguyen', 'chiayen', 'anwar.aj', 'mazohaka', 'carrillo.omar30', 'daveclifford95', 'leva.mfkmn2000', 'sachin_wicks', 'sadiaafrin1704', 'zhengyu951108', 'tzekianooi', 'daisaifei', 'khooshengxuan', 'alva150', 's3653997', 'soonchong2013', 'munirahshamlan', 'clphuah', 'pavelspaliv', 'najmuddin', 'ghazwanabd552', 'teohting', 'nxddymuslim', 'jimyu', 'syazwanazulkhairi', 'chokyongsheng', 'arrhenius78', 'puiyumlum', 's3754338', 'hkdewa_01', 'gowthamipachila', 'mtisohan', 's3743258', 'lausheng', 'uyennp99', 'taha_mosfet', 's3716309', 's3678505', 'eng.anwar.aj', 'vinh_le_quang_1999', 'syasyafarina17', 'nurulsabrina1910', 'vickyy50536', 'ytliaoncu', 'tanzhiwei94', 'dmitrii', 'bpng', 'haseebahmed9890', 's3697879', 'qixian8765', None, 'zcan11', 's3759671', 'shungshung1219', 'cheyang', 'sachindesilva914', 's3695683', 'chnglyn', 'alankhng', 'valerii', 'imanchow2', 'othmanhanafi', 'alaakadhim', 'vadim_mankov']"
10,149,85,8,2,"['vinh_le_quang_1999', 's3754338']",82,"['shunxiong58', 'siudin1', 's3746851', 'weiqilee02', 'koayhong', 'muhammad.naziiruddin', 'ilyabelor88', 'joupei', 'selcukozcan26', 'yapyoonheng', 'leeshuang', 'edwardlollyphone', 'zafriazman', 'atomfti', 'lamle', 'adibmddan21', 'frosjie', 'alkufeemaher', 'pkjricky2', 'zhejie95', 'prashanthpoobalan', 'yuhchyn95', 'sekur11', 'stanlox', 'saumith', 'tinggf', 'quyennguyen', 'anwar.aj', 'mazohaka', 'carrillo.omar30', 'daveclifford95', 'leva.mfkmn2000', 'sachin_wicks', 'sadiaafrin1704', 'zhengyu951108', 'tzekianooi', 'daisaifei', 'khooshengxuan', 'alva150', 's3653997', 'soonchong2013', 'munirahshamlan', 'clphuah', 'pavelspaliv', 'najmuddin', 'ghazwanabd552', 'teohting', 'nxddymuslim', 'jimyu', 'syazwanazulkhairi', 'chokyongsheng', 'puiyumlum', 'hkdewa_01', 'gowthamipachila', 'mtisohan', 's3743258', 'lausheng', 'uyennp99', 'taha_mosfet', 's3716309', 's3678505', 'eng.anwar.aj', 'syasyafarina17', 'nurulsabrina1910', 'tanzhiwei94', 'dmitrii', 'bpng', 'haseebahmed9890', 's3697879', 'zcan11', 's3759671', 'shungshung1219', 'cheyang', 'sachindesilva914', 's3695683', 'chnglyn', 'alankhng', 'valerii', 'imanchow2', 'othmanhanafi', 'alaakadhim', 'vadim_mankov']",6,"['s3479811', 's3712599', 'dvtruongson', 's3678595', 's3695275', None]",90,"['s3712599', 'shunxiong58', 'siudin1', 's3746851', 'weiqilee02', 's3695275', 'koayhong', 'muhammad.naziiruddin', 'ilyabelor88', 'joupei', 'selcukozcan26', 'yapyoonheng', 'leeshuang', 'edwardlollyphone', 'zafriazman', 'atomfti', 'lamle', 'adibmddan21', 'frosjie', 'alkufeemaher', 'pkjricky2', 'zhejie95', 's3678595', 'prashanthpoobalan', 'yuhchyn95', 'sekur11', 'stanlox', 'saumith', 'tinggf', 'quyennguyen', 'anwar.aj', 'mazohaka', 's3479811', 'carrillo.omar30', 'daveclifford95', 'leva.mfkmn2000', 'sachin_wicks', 'sadiaafrin1704', 'zhengyu951108', 'tzekianooi', 'daisaifei', 'khooshengxuan', 'alva150', 's3653997', 'soonchong2013', 'munirahshamlan', 'clphuah', 'pavelspaliv', 'najmuddin', 'ghazwanabd552', 'teohting', 'nxddymuslim', 'jimyu', 'syazwanazulkhairi', 'chokyongsheng', 'puiyumlum', 's3754338', 'hkdewa_01', 'gowthamipachila', 'mtisohan', 's3743258', 'lausheng', 'uyennp99', 'taha_mosfet', 's3716309', 's3678505', 'eng.anwar.aj', 'vinh_le_quang_1999', 'syasyafarina17', 'nurulsabrina1910', 'dvtruongson', 'tanzhiwei94', 'dmitrii', 'bpng', 'haseebahmed9890', 's3697879', None, 'zcan11', 's3759671', 'shungshung1219', 'cheyang', 'sachindesilva914', 's3695683', 'chnglyn', 'alankhng', 'valerii', 'imanchow2', 'othmanhanafi', 'alaakadhim', 'vadim_mankov']"
10,319,85,8,1,['lamle'],83,"['shunxiong58', 'siudin1', 's3746851', 'weiqilee02', 'koayhong', 'muhammad.naziiruddin', 'ilyabelor88', 'joupei', 'selcukozcan26', 'yapyoonheng', 'leeshuang', 'edwardlollyphone', 'zafriazman', 'atomfti', 'adibmddan21', 'frosjie', 'alkufeemaher', 'pkjricky2', 'zhejie95', 'prashanthpoobalan', 'yuhchyn95', 'sekur11', 'stanlox', 'saumith', 'tinggf', 'quyennguyen', 'anwar.aj', 'mazohaka', 'carrillo.omar30', 'daveclifford95', 'leva.mfkmn2000', 'sachin_wicks', 'sadiaafrin1704', 'zhengyu951108', 'tzekianooi', 'daisaifei', 'khooshengxuan', 'alva150', 's3653997', 'soonchong2013', 'munirahshamlan', 'clphuah', 'pavelspaliv', 'najmuddin', 'ghazwanabd552', 'teohting', 'nxddymuslim', 'jimyu', 'syazwanazulkhairi', 'chokyongsheng', 'puiyumlum', 's3754338', 'hkdewa_01', 'gowthamipachila', 'mtisohan', 's3743258', 'lausheng', 'uyennp99', 'taha_mosfet', 's3716309', 's3678505', 'eng.anwar.aj', 'vinh_le_quang_1999', 'syasyafarina17', 'nurulsabrina1910', 'tanzhiwei94', 'dmitrii', 'bpng', 'haseebahmed9890', 's3697879', 'zcan11', 's3759671', 'shungshung1219', 'cheyang', 'sachindesilva914', 's3695683', 'chnglyn', 'alankhng', 'valerii', 'imanchow2', 'othmanhanafi', 'alaakadhim', 'vadim_mankov']",7,"['s3678595', 'dvtruongson', 's3697331', 's3695275', 's3821185', 's3623343', None]",91,"['shunxiong58', 'siudin1', 's3746851', 'weiqilee02', 's3695275', 'koayhong', 'muhammad.naziiruddin', 'ilyabelor88', 'joupei', 'selcukozcan26', 'yapyoonheng', 'leeshuang', 'edwardlollyphone', 'zafriazman', 'atomfti', 'lamle', 'adibmddan21', 'frosjie', 'alkufeemaher', 'pkjricky2', 'zhejie95', 's3678595', 'prashanthpoobalan', 'yuhchyn95', 'sekur11', 'stanlox', 'saumith', 'tinggf', 'quyennguyen', 'anwar.aj', 'mazohaka', 'carrillo.omar30', 'daveclifford95', 'leva.mfkmn2000', 'sachin_wicks', 'sadiaafrin1704', 'zhengyu951108', 's3821185', 'tzekianooi', 'daisaifei', 'khooshengxuan', 'alva150', 's3653997', 'soonchong2013', 'munirahshamlan', 'clphuah', 'pavelspaliv', 'najmuddin', 'ghazwanabd552', 'teohting', 'nxddymuslim', 'jimyu', 'syazwanazulkhairi', 'chokyongsheng', 'puiyumlum', 's3754338', 'hkdewa_01', 'gowthamipachila', 'mtisohan', 's3743258', 'lausheng', 'uyennp99', 'taha_mosfet', 's3716309', 's3678505', 'eng.anwar.aj', 'vinh_le_quang_1999', 'syasyafarina17', 'nurulsabrina1910', 'dvtruongson', 'tanzhiwei94', 'dmitrii', 'bpng', 'haseebahmed9890', 's3697879', None, 'zcan11', 's3759671', 'shungshung1219', 'cheyang', 'sachindesilva914', 's3695683', 'chnglyn', 'alankhng', 's3697331', 'valerii', 'imanchow2', 'othmanhanafi', 's3623343', 'alaakadhim', 'vadim_mankov']"
10,336,85,8,6,"['syasyafarina17', 'nurulsabrina1910', 'pkjricky2', 'imanchow2', 'othmanhanafi', 'jimyu']",78,"['shunxiong58', 'siudin1', 's3746851', 'weiqilee02', 'koayhong', 'muhammad.naziiruddin', 'ilyabelor88', 'joupei', 'selcukozcan26', 'yapyoonheng', 'leeshuang', 'edwardlollyphone', 'zafriazman', 'atomfti', 'lamle', 'adibmddan21', 'frosjie', 'alkufeemaher', 'zhejie95', 'prashanthpoobalan', 'yuhchyn95', 'sekur11', 'stanlox', 'saumith', 'tinggf', 'quyennguyen', 'anwar.aj', 'mazohaka', 'carrillo.omar30', 'daveclifford95', 'leva.mfkmn2000', 'sachin_wicks', 'sadiaafrin1704', 'zhengyu951108', 'tzekianooi', 'daisaifei', 'khooshengxuan', 'alva150', 's3653997', 'soonchong2013', 'munirahshamlan', 'clphuah', 'pavelspaliv', 'najmuddin', 'ghazwanabd552', 'teohting', 'nxddymuslim', 'syazwanazulkhairi', 'chokyongsheng', 'puiyumlum', 's3754338', 'hkdewa_01', 'gowthamipachila', 'mtisohan', 's3743258', 'lausheng', 'uyennp99', 'taha_mosfet', 's3716309', 's3678505', 'eng.anwar.aj', 'vinh_le_quang_1999', 'tanzhiwei94', 'dmitrii', 'bpng', 'haseebahmed9890', 's3697879', 'zcan11', 's3759671', 'shungshung1219', 'cheyang', 'sachindesilva914', 's3695683', 'chnglyn', 'alankhng', 'valerii', 'alaakadhim', 'vadim_mankov']",2,"['nurulezaila', None]",86,"['shunxiong58', 'siudin1', 's3746851', 'weiqilee02', 'koayhong', 'muhammad.naziiruddin', 'ilyabelor88', 'joupei', 'selcukozcan26', 'yapyoonheng', 'leeshuang', 'edwardlollyphone', 'zafriazman', 'atomfti', 'lamle', 'adibmddan21', 'frosjie', 'alkufeemaher', 'pkjricky2', 'zhejie95', 'prashanthpoobalan', 'yuhchyn95', 'sekur11', 'stanlox', 'saumith', 'tinggf', 'quyennguyen', 'anwar.aj', 'mazohaka', 'carrillo.omar30', 'daveclifford95', 'leva.mfkmn2000', 'sachin_wicks', 'sadiaafrin1704', 'zhengyu951108', 'tzekianooi', 'daisaifei', 'khooshengxuan', 'nurulezaila', 'alva150', 's3653997', 'soonchong2013', 'munirahshamlan', 'clphuah', 'pavelspaliv', 'najmuddin', 'ghazwanabd552', 'teohting', 'nxddymuslim', 'jimyu', 'syazwanazulkhairi', 'chokyongsheng', 'puiyumlum', 's3754338', 'hkdewa_01', 'gowthamipachila', 'mtisohan', 's3743258', 'lausheng', 'uyennp99', 'taha_mosfet', 's3716309', 's3678505', 'eng.anwar.aj', 'vinh_le_quang_1999', 'syasyafarina17', 'nurulsabrina1910', 'tanzhiwei94', 'dmitrii', 'bpng', 'haseebahmed9890', 's3697879', None, 'zcan11', 's3759671', 'shungshung1219', 'cheyang', 'sachindesilva914', 's3695683', 'chnglyn', 'alankhng', 'valerii', 'imanchow2', 'othmanhanafi', 'alaakadhim', 'vadim_mankov']"
10,337,85,8,1,['shungshung1219'],83,"['shunxiong58', 'siudin1', 's3746851', 'weiqilee02', 'koayhong', 'muhammad.naziiruddin', 'ilyabelor88', 'joupei', 'selcukozcan26', 'yapyoonheng', 'leeshuang', 'edwardlollyphone', 'zafriazman', 'atomfti', 'lamle', 'adibmddan21', 'frosjie', 'alkufeemaher', 'pkjricky2', 'zhejie95', 'prashanthpoobalan', 'yuhchyn95', 'sekur11', 'stanlox', 'saumith', 'tinggf', 'quyennguyen', 'anwar.aj', 'mazohaka', 'carrillo.omar30', 'daveclifford95', 'leva.mfkmn2000', 'sachin_wicks', 'sadiaafrin1704', 'zhengyu951108', 'tzekianooi', 'daisaifei', 'khooshengxuan', 'alva150', 's3653997', 'soonchong2013', 'munirahshamlan', 'clphuah', 'pavelspaliv', 'najmuddin', 'ghazwanabd552', 'teohting', 'nxddymuslim', 'jimyu', 'syazwanazulkhairi', 'chokyongsheng', 'puiyumlum', 's3754338', 'hkdewa_01', 'gowthamipachila', 'mtisohan', 's3743258', 'lausheng', 'uyennp99', 'taha_mosfet', 's3716309', 's3678505', 'eng.anwar.aj', 'vinh_le_quang_1999', 'syasyafarina17', 'nurulsabrina1910', 'tanzhiwei94', 'dmitrii', 'bpng', 'haseebahmed9890', 's3697879', 'zcan11', 's3759671', 'cheyang', 'sachindesilva914', 's3695683', 'chnglyn', 'alankhng', 'valerii', 'imanchow2', 'othmanhanafi', 'alaakadhim', 'vadim_mankov']",7,"['cmrr32171', 'frankpeng12345', 'vickyy50536', 'ytliaoncu', 'jryang333', 'qixian8765', None]",91,"['cmrr32171', 'shunxiong58', 'siudin1', 's3746851', 'weiqilee02', 'koayhong', 'muhammad.naziiruddin', 'ilyabelor88', 'joupei', 'selcukozcan26', 'yapyoonheng', 'leeshuang', 'edwardlollyphone', 'zafriazman', 'atomfti', 'lamle', 'adibmddan21', 'frosjie', 'alkufeemaher', 'pkjricky2', 'zhejie95', 'prashanthpoobalan', 'yuhchyn95', 'sekur11', 'jryang333', 'stanlox', 'saumith', 'tinggf', 'quyennguyen', 'anwar.aj', 'mazohaka', 'carrillo.omar30', 'daveclifford95', 'leva.mfkmn2000', 'sachin_wicks', 'sadiaafrin1704', 'zhengyu951108', 'tzekianooi', 'daisaifei', 'khooshengxuan', 'alva150', 's3653997', 'soonchong2013', 'frankpeng12345', 'munirahshamlan', 'clphuah', 'pavelspaliv', 'najmuddin', 'ghazwanabd552', 'teohting', 'nxddymuslim', 'jimyu', 'syazwanazulkhairi', 'chokyongsheng', 'puiyumlum', 's3754338', 'hkdewa_01', 'gowthamipachila', 'mtisohan', 's3743258', 'lausheng', 'uyennp99', 'taha_mosfet', 's3716309', 's3678505', 'eng.anwar.aj', 'vinh_le_quang_1999', 'syasyafarina17', 'nurulsabrina1910', 'vickyy50536', 'ytliaoncu', 'tanzhiwei94', 'dmitrii', 'bpng', 'haseebahmed9890', 's3697879', 'qixian8765', None, 'zcan11', 's3759671', 'shungshung1219', 'cheyang', 'sachindesilva914', 's3695683', 'chnglyn', 'alankhng', 'valerii', 'imanchow2', 'othmanhanafi', 'alaakadhim', 'vadim_mankov']"
10,342,85,7,6,"['eng.anwar.aj', 'nurulsabrina1910', 'weiqilee02', 'imanchow2', 'zafriazman', 'othmanhanafi']",78,"['shunxiong58', 'siudin1', 's3746851', 'koayhong', 'muhammad.naziiruddin', 'ilyabelor88', 'joupei', 'selcukozcan26', 'yapyoonheng', 'leeshuang', 'edwardlollyphone', 'atomfti', 'lamle', 'adibmddan21', 'frosjie', 'alkufeemaher', 'pkjricky2', 'zhejie95', 'prashanthpoobalan', 'yuhchyn95', 'sekur11', 'stanlox', 'saumith', 'tinggf', 'quyennguyen', 'anwar.aj', 'mazohaka', 'carrillo.omar30', 'daveclifford95', 'leva.mfkmn2000', 'sachin_wicks', 'sadiaafrin1704', 'zhengyu951108', 'tzekianooi', 'daisaifei', 'khooshengxuan', 'alva150', 's3653997', 'soonchong2013', 'munirahshamlan', 'clphuah', 'pavelspaliv', 'najmuddin', 'ghazwanabd552', 'teohting', 'nxddymuslim', 'jimyu', 'syazwanazulkhairi', 'chokyongsheng', 'puiyumlum', 's3754338', 'hkdewa_01', 'gowthamipachila', 'mtisohan', 's3743258', 'lausheng', 'uyennp99', 'taha_mosfet', 's3716309', 's3678505', 'vinh_le_quang_1999', 'syasyafarina17', 'tanzhiwei94', 'dmitrii', 'bpng', 'haseebahmed9890', 's3697879', 'zcan11', 's3759671', 'shungshung1219', 'cheyang', 'sachindesilva914', 's3695683', 'chnglyn', 'alankhng', 'valerii', 'alaakadhim', 'vadim_mankov']",1,[None],85,"['shunxiong58', 'siudin1', 's3746851', 'weiqilee02', 'koayhong', 'muhammad.naziiruddin', 'ilyabelor88', 'joupei', 'selcukozcan26', 'yapyoonheng', 'leeshuang', 'edwardlollyphone', 'zafriazman', 'atomfti', 'lamle', 'adibmddan21', 'frosjie', 'alkufeemaher', 'pkjricky2', 'zhejie95', 'prashanthpoobalan', 'yuhchyn95', 'sekur11', 'stanlox', 'saumith', 'tinggf', 'quyennguyen', 'anwar.aj', 'mazohaka', 'carrillo.omar30', 'daveclifford95', 'leva.mfkmn2000', 'sachin_wicks', 'sadiaafrin1704', 'zhengyu951108', 'tzekianooi', 'daisaifei', 'khooshengxuan', 'alva150', 's3653997', 'soonchong2013', 'munirahshamlan', 'clphuah', 'pavelspaliv', 'najmuddin', 'ghazwanabd552', 'teohting', 'nxddymuslim', 'jimyu', 'syazwanazulkhairi', 'chokyongsheng', 'puiyumlum', 's3754338', 'hkdewa_01', 'gowthamipachila', 'mtisohan', 's3743258', 'lausheng', 'uyennp99', 'taha_mosfet', 's3716309', 's3678505', 'eng.anwar.aj', 'vinh_le_quang_1999', 'syasyafarina17', 'nurulsabrina1910', 'tanzhiwei94', 'dmitrii', 'bpng', 'haseebahmed9890', 's3697879', None, 'zcan11', 's3759671', 'shungshung1219', 'cheyang', 'sachindesilva914', 's3695683', 'chnglyn', 'alankhng', 'valerii', 'imanchow2', 'othmanhanafi', 'alaakadhim', 'vadim_mankov']"
11,279,71,55,51,"['rwilfong', 'mprislus', 'jennin25', 'zleung', 'nguye413', 'li2760', 'will1995', 'azami1', 'mstrezov', 'zrust', 'ddinh', 'mvankle', 'rrennick', 'apascua', 'nwojcick', 'young558', 'dhoogerl', 'reed296', 'cemsley', 'goode5', 'everly', 'bdrevala', 'james147', 'lrdavidson00', 'lgeorges', 'pagand', 'hpletche', 'montoya4', 'flint3', 'sshishik', 'reedyc', 'eschultheis17', 'tkrout', 'jmunshi', 'eunoiayvonne', 'pei13', 'will1865', 'bpoinde14', 'caterahamilton', 'olson117', 'santiagg', 'jmboyer', 'mdukeshi', 'nicej', 'gilligm', 'fzaharia', 'jgrams', 'hweilbak', 'kbakhle', 'patel801', 'chadha11']",19,"['mreuhs', 'aplumer', 'krulon', 'sthorman', 'cgoenawa', 'gong113', 'jkeuneke', 'stofilsk', 'barnet42', 'clancy2', 'aschlutt', 'chen2799', 'ams52899', 'mart1543', 'kico', 'wdelacru', 'jkirchga', 'colonb', 'zhu791']",4,"['jwat', None, 'reppertm', 'ahads']",74,"['rwilfong', 'jennin25', 'nguye413', 'zleung', 'will1995', 'zrust', 'mstrezov', 'ddinh', 'rrennick', 'cgoenawa', 'gong113', 'young558', 'apascua', 'cemsley', 'reppertm', 'everly', 'clancy2', 'bdrevala', 'james147', 'lgeorges', 'lrdavidson00', 'pagand', 'hpletche', 'montoya4', 'patel801', 'flint3', 'sshishik', 'reedyc', 'jmunshi', 'will1865', 'caterahamilton', 'santiagg', 'nicej', 'jkirchga', 'gilligm', 'jgrams', 'hweilbak', 'kbakhle', 'chadha11', 'mreuhs', 'mprislus', 'aplumer', 'krulon', 'li2760', 'azami1', 'sthorman', 'jwat', 'mvankle', 'dhoogerl', 'nwojcick', 'jkeuneke', 'goode5', 'stofilsk', 'barnet42', 'reed296', 'aschlutt', 'chen2799', 'ams52899', 'eschultheis17', 'tkrout', 'olson117', 'eunoiayvonne', 'pei13', 'bpoinde14', 'mart1543', None, 'jmboyer', 'kico', 'mdukeshi', 'wdelacru', 'ahads', 'fzaharia', 'colonb', 'zhu791']"
11,280,71,13,12,"['gong113', 'mreuhs', 'jkeuneke', 'kico', 'stofilsk', 'barnet42', 'wdelacru', 'aschlutt', 'will1865', 'zrust', 'mart1543', 'ddinh']",58,"['rwilfong', 'jennin25', 'nguye413', 'zleung', 'will1995', 'mstrezov', 'rrennick', 'cgoenawa', 'young558', 'apascua', 'cemsley', 'everly', 'clancy2', 'bdrevala', 'james147', 'lgeorges', 'lrdavidson00', 'pagand', 'hpletche', 'montoya4', 'patel801', 'flint3', 'sshishik', 'reedyc', 'jmunshi', 'caterahamilton', 'santiagg', 'nicej', 'jkirchga', 'gilligm', 'jgrams', 'hweilbak', 'kbakhle', 'chadha11', 'mprislus', 'aplumer', 'krulon', 'li2760', 'azami1', 'sthorman', 'mvankle', 'dhoogerl', 'nwojcick', 'goode5', 'reed296', 'chen2799', 'ams52899', 'eschultheis17', 'tkrout', 'olson117', 'eunoiayvonne', 'pei13', 'bpoinde14', 'jmboyer', 'mdukeshi', 'fzaharia', 'colonb', 'zhu791']",1,[None],71,"['rwilfong', 'jennin25', 'nguye413', 'zleung', 'will1995', 'zrust', 'mstrezov', 'ddinh', 'rrennick', 'cgoenawa', 'gong113', 'young558', 'apascua', 'cemsley', 'everly', 'clancy2', 'bdrevala', 'james147', 'lgeorges', 'lrdavidson00', 'pagand', 'hpletche', 'montoya4', 'patel801', 'flint3', 'sshishik', 'reedyc', 'jmunshi', 'will1865', 'caterahamilton', 'santiagg', 'nicej', 'jkirchga', 'gilligm', 'jgrams', 'hweilbak', 'kbakhle', 'chadha11', 'mreuhs', 'mprislus', 'aplumer', 'krulon', 'li2760', 'azami1', 'sthorman', 'mvankle', 'dhoogerl', 'nwojcick', 'jkeuneke', 'goode5', 'stofilsk', 'barnet42', 'reed296', 'aschlutt', 'chen2799', 'ams52899', 'eschultheis17', 'tkrout', 'olson117', 'eunoiayvonne', 'pei13', 'bpoinde14', 'mart1543', None, 'jmboyer', 'kico', 'mdukeshi', 'wdelacru', 'fzaharia', 'colonb', 'zhu791']"
12,455,69,53,20,"['irmahakim', 'shahmeen.ameer7', 'mrasadullah0', 'talha4004198', 'rizvi', 'decent.hasan18', 'abdu1', 'siddiquiayesha2000', 'muntahashams288', 'maisamahmed82', 'sfazeel15', 'saqib4002599', 'raahimsalik', '2tqjmv29', 'sayeed4002099', 'mahmood4030218', 'akram.moin3', 'toobamukhtar2011', 'rayyaan99', 'taheera.hasnain']",48,"['alvinyding', 'sharmahimani1017', 'kmv0216', 'akim58', 'djeberguendouz', 'salina408', 'm.hassanbaig24', 'jhorio1', 'sidsoma', 'drhodges', 'wardaharshad44', 'taranveerkaurmicrouiet', 'iqbal4003357', 'kevinjiang65', 'siu856031918', 'asif4001007', 'shah4003897', 'collincurtis', 'abdqureshi41', 'unaisshazan', 'wcmelton96', 'fiam23', 'gponce5', 'iqbal3902812', 'cperry27', 'meraj4000983', 'taylorgsmith', 'qaseem21125', 'salihyanikgonul', 'pardeep.tur', 'ayub4009080', 'rishabhmudgil.microuiet10', 'nisharma', 'dsrinivas11', 'ullah4005098', 'edikoraymond', 'jackajarman', 'zia4000462', 'yunfeigao', 'albertwangchuilee', 'arfarehman', 'adrianacosta1', 'gtzintzarov', 'freeva', 'nicolasfp', 'areejasad16', 'daskalakis54', 'miguetorre']",33,"['ahmad.eman7', 'faiz4000626', 'yamnaawaseem123', 'syedaliasad99', 'ayesha63', 'faryalzehra6', 'znabeel824', 'tryinghard32', 'zeeshan.h.ansari23', 'huzaifa.asad1996', 'ahmedjogiyat', 'firasat', 'ejazarmeen', 'muhammadahsanah786', 'tahseen4002169', 'waniya4002414', 'tahakhalid99', 'zahid4006555', 'jamalaafia', 'syedaurooj562', 'siddiqui4004693', 'akhter4003892', 'rehmaniffat61', 'afifa555', None, 'almas.shamim15', 'abdulsamad', 'talhaashraf41197', 'sarfaraz4001312', 'shemail88', 'bilaltehseen', 'nadeem4000465', 'mahaekram31']",101,"['irmahakim', 'sharmahimani1017', 'akim58', 'djeberguendouz', 'syedaliasad99', 'mrasadullah0', 'jhorio1', 'talha4004198', 'faryalzehra6', 'rizvi', 'decent.hasan18', 'wardaharshad44', 'taranveerkaurmicrouiet', 'tryinghard32', 'iqbal4003357', 'muntahashams288', 'huzaifa.asad1996', 'ahmedjogiyat', 'ejazarmeen', 'muhammadahsanah786', 'tahseen4002169', 'maisamahmed82', 'waniya4002414', 'tahakhalid99', 'sfazeel15', 'iqbal3902812', 'cperry27', 'meraj4000983', 'zahid4006555', 'jamalaafia', 'qaseem21125', '2tqjmv29', 'afifa555', 'sayeed4002099', 'salihyanikgonul', 'almas.shamim15', 'ayub4009080', 'rishabhmudgil.microuiet10', 'mahmood4030218', 'nisharma', 'ullah4005098', 'akram.moin3', 'jackajarman', 'arfarehman', 'adrianacosta1', 'sarfaraz4001312', 'shemail88', 'freeva', 'bilaltehseen', 'rayyaan99', 'nicolasfp', 'nadeem4000465', 'daskalakis54', 'alvinyding', 'ahmad.eman7', 'faiz4000626', 'kmv0216', 'shahmeen.ameer7', 'yamnaawaseem123', 'salina408', 'm.hassanbaig24', 'ayesha63', 'znabeel824', 'abdu1', 'siddiquiayesha2000', 'sidsoma', 'drhodges', 'kevinjiang65', 'zeeshan.h.ansari23', 'siu856031918', 'asif4001007', 'shah4003897', 'collincurtis', 'firasat', 'abdqureshi41', 'unaisshazan', 'wcmelton96', 'fiam23', 'gponce5', 'taylorgsmith', 'saqib4002599', 'syedaurooj562', 'siddiqui4004693', 'raahimsalik', 'akhter4003892', 'rehmaniffat61', None, 'pardeep.tur', 'abdulsamad', 'dsrinivas11', 'edikoraymond', 'zia4000462', 'yunfeigao', 'albertwangchuilee', 'talhaashraf41197', 'gtzintzarov', 'toobamukhtar2011', 'taheera.hasnain', 'areejasad16', 'miguetorre', 'mahaekram31']"
12,456,69,27,10,"['wardaharshad44', 'iqbal3902812', 'meraj4000983', 'arfarehman', 'asif4001007', 'shah4003897', 'm.hassanbaig24', 'abdqureshi41', 'decent.hasan18', 'ayub4009080']",58,"['alvinyding', 'irmahakim', 'sharmahimani1017', 'kmv0216', 'shahmeen.ameer7', 'akim58', 'djeberguendouz', 'mrasadullah0', 'salina408', 'jhorio1', 'talha4004198', 'rizvi', 'abdu1', 'siddiquiayesha2000', 'sidsoma', 'drhodges', 'taranveerkaurmicrouiet', 'iqbal4003357', 'kevinjiang65', 'muntahashams288', 'siu856031918', 'collincurtis', 'unaisshazan', 'wcmelton96', 'maisamahmed82', 'fiam23', 'gponce5', 'sfazeel15', 'taylorgsmith', 'cperry27', 'saqib4002599', 'qaseem21125', 'raahimsalik', '2tqjmv29', 'sayeed4002099', 'salihyanikgonul', 'pardeep.tur', 'rishabhmudgil.microuiet10', 'mahmood4030218', 'nisharma', 'dsrinivas11', 'ullah4005098', 'edikoraymond', 'akram.moin3', 'jackajarman', 'zia4000462', 'yunfeigao', 'albertwangchuilee', 'adrianacosta1', 'gtzintzarov', 'toobamukhtar2011', 'freeva', 'rayyaan99', 'taheera.hasnain', 'nicolasfp', 'areejasad16', 'daskalakis54', 'miguetorre']",17,"['irfan4007364', 'ahmshakeel99', 'anasnajeeb99', 'jamshed4000672', 'talib4005300', 'rukhsara347', 'tariqareeba.27', 'siddiqui4004693', 'ahmedjogiyat', 'hebarashid14', 'sameenalvi', 'sana.312', 'afifa555', 'mahatariq', 'eleeshba', None, 'mahaekram31']",85,"['ahmshakeel99', 'irmahakim', 'sharmahimani1017', 'akim58', 'djeberguendouz', 'mrasadullah0', 'sameenalvi', 'sana.312', 'jhorio1', 'talha4004198', 'rizvi', 'decent.hasan18', 'wardaharshad44', 'taranveerkaurmicrouiet', 'iqbal4003357', 'rukhsara347', 'muntahashams288', 'ahmedjogiyat', 'maisamahmed82', 'sfazeel15', 'iqbal3902812', 'cperry27', 'meraj4000983', 'qaseem21125', '2tqjmv29', 'afifa555', 'sayeed4002099', 'salihyanikgonul', 'ayub4009080', 'rishabhmudgil.microuiet10', 'mahmood4030218', 'nisharma', 'ullah4005098', 'akram.moin3', 'jackajarman', 'arfarehman', 'adrianacosta1', 'freeva', 'rayyaan99', 'nicolasfp', 'daskalakis54', 'mahatariq', 'irfan4007364', 'alvinyding', 'anasnajeeb99', 'kmv0216', 'shahmeen.ameer7', 'tariqareeba.27', 'salina408', 'm.hassanbaig24', 'abdu1', 'siddiquiayesha2000', 'sidsoma', 'drhodges', 'kevinjiang65', 'siu856031918', 'asif4001007', 'shah4003897', 'collincurtis', 'abdqureshi41', 'unaisshazan', 'wcmelton96', 'fiam23', 'gponce5', 'jamshed4000672', 'taylorgsmith', 'saqib4002599', 'siddiqui4004693', 'raahimsalik', None, 'pardeep.tur', 'eleeshba', 'dsrinivas11', 'edikoraymond', 'zia4000462', 'yunfeigao', 'albertwangchuilee', 'talib4005300', 'gtzintzarov', 'toobamukhtar2011', 'hebarashid14', 'taheera.hasnain', 'areejasad16', 'miguetorre', 'mahaekram31']"
12,458,69,22,11,"['sidsoma', 'alvinyding', 'dsrinivas11', 'albertwangchuilee', 'taylorgsmith', 'cperry27', 'adrianacosta1', 'kmv0216', 'akim58', 'salina408', 'miguetorre']",57,"['irmahakim', 'sharmahimani1017', 'shahmeen.ameer7', 'djeberguendouz', 'mrasadullah0', 'm.hassanbaig24', 'jhorio1', 'talha4004198', 'rizvi', 'decent.hasan18', 'abdu1', 'siddiquiayesha2000', 'drhodges', 'wardaharshad44', 'taranveerkaurmicrouiet', 'iqbal4003357', 'kevinjiang65', 'muntahashams288', 'siu856031918', 'asif4001007', 'shah4003897', 'collincurtis', 'abdqureshi41', 'unaisshazan', 'wcmelton96', 'maisamahmed82', 'fiam23', 'gponce5', 'sfazeel15', 'iqbal3902812', 'meraj4000983', 'saqib4002599', 'qaseem21125', 'raahimsalik', '2tqjmv29', 'sayeed4002099', 'salihyanikgonul', 'pardeep.tur', 'ayub4009080', 'rishabhmudgil.microuiet10', 'mahmood4030218', 'nisharma', 'edikoraymond', 'ullah4005098', 'akram.moin3', 'jackajarman', 'zia4000462', 'yunfeigao', 'arfarehman', 'gtzintzarov', 'toobamukhtar2011', 'freeva', 'rayyaan99', 'taheera.hasnain', 'nicolasfp', 'areejasad16', 'daskalakis54']",11,"['gwrgzs1', 'weslyn', 'jhwang92', 'joshuageronimo112398', 'linfengli0512', 'kennethong', 'bobo181999', 'sivan01', None, 'zxie425', 'pvenkatesh22']",79,"['irmahakim', 'sharmahimani1017', 'akim58', 'djeberguendouz', 'mrasadullah0', 'jhorio1', 'talha4004198', 'rizvi', 'decent.hasan18', 'pvenkatesh22', 'wardaharshad44', 'taranveerkaurmicrouiet', 'iqbal4003357', 'muntahashams288', 'maisamahmed82', 'sfazeel15', 'iqbal3902812', 'cperry27', 'meraj4000983', 'kennethong', 'qaseem21125', '2tqjmv29', 'sayeed4002099', 'salihyanikgonul', 'ayub4009080', 'rishabhmudgil.microuiet10', 'mahmood4030218', 'nisharma', 'sivan01', 'ullah4005098', 'gwrgzs1', 'akram.moin3', 'jackajarman', 'weslyn', 'arfarehman', 'adrianacosta1', 'freeva', 'rayyaan99', 'nicolasfp', 'jhwang92', 'daskalakis54', 'alvinyding', 'joshuageronimo112398', 'kmv0216', 'shahmeen.ameer7', 'salina408', 'm.hassanbaig24', 'abdu1', 'siddiquiayesha2000', 'sidsoma', 'drhodges', 'kevinjiang65', 'siu856031918', 'asif4001007', 'shah4003897', 'collincurtis', 'abdqureshi41', 'unaisshazan', 'wcmelton96', 'fiam23', 'zxie425', 'gponce5', 'taylorgsmith', 'linfengli0512', 'saqib4002599', 'raahimsalik', None, 'pardeep.tur', 'dsrinivas11', 'edikoraymond', 'zia4000462', 'yunfeigao', 'albertwangchuilee', 'gtzintzarov', 'bobo181999', 'toobamukhtar2011', 'taheera.hasnain', 'areejasad16', 'miguetorre']"
12,542,69,20,6,"['sfazeel15', 'akram.moin3', 'irmahakim', '2tqjmv29', 'rizvi', 'abdu1']",62,"['alvinyding', 'sharmahimani1017', 'kmv0216', 'shahmeen.ameer7', 'akim58', 'djeberguendouz', 'mrasadullah0', 'salina408', 'm.hassanbaig24', 'jhorio1', 'talha4004198', 'decent.hasan18', 'siddiquiayesha2000', 'sidsoma', 'drhodges', 'wardaharshad44', 'taranveerkaurmicrouiet', 'iqbal4003357', 'kevinjiang65', 'muntahashams288', 'siu856031918', 'asif4001007', 'shah4003897', 'collincurtis', 'abdqureshi41', 'unaisshazan', 'wcmelton96', 'maisamahmed82', 'fiam23', 'gponce5', 'iqbal3902812', 'cperry27', 'meraj4000983', 'taylorgsmith', 'saqib4002599', 'qaseem21125', 'raahimsalik', 'sayeed4002099', 'salihyanikgonul', 'pardeep.tur', 'ayub4009080', 'rishabhmudgil.microuiet10', 'mahmood4030218', 'nisharma', 'dsrinivas11', 'ullah4005098', 'edikoraymond', 'jackajarman', 'zia4000462', 'yunfeigao', 'albertwangchuilee', 'arfarehman', 'adrianacosta1', 'gtzintzarov', 'toobamukhtar2011', 'freeva', 'rayyaan99', 'taheera.hasnain', 'nicolasfp', 'areejasad16', 'daskalakis54', 'miguetorre']",14,"['shah4007007', 'ahmad.eman7', 'almas.shamim15', 'sarfaraz4001312', 'huzaifa.asad1996', 'yamnaawaseem123', 'muhammadahsanah786', 'bilaltehseen', 'akhter4003892', 'umermib', 'bushra4002917', None, 'znabeel824', 'mahaekram31']",82,"['shah4007007', 'irmahakim', 'sharmahimani1017', 'akim58', 'djeberguendouz', 'mrasadullah0', 'jhorio1', 'talha4004198', 'rizvi', 'decent.hasan18', 'wardaharshad44', 'taranveerkaurmicrouiet', 'iqbal4003357', 'muntahashams288', 'huzaifa.asad1996', 'muhammadahsanah786', 'maisamahmed82', 'sfazeel15', 'iqbal3902812', 'cperry27', 'meraj4000983', 'qaseem21125', '2tqjmv29', 'sayeed4002099', 'salihyanikgonul', 'almas.shamim15', 'ayub4009080', 'rishabhmudgil.microuiet10', 'mahmood4030218', 'nisharma', 'ullah4005098', 'akram.moin3', 'jackajarman', 'arfarehman', 'adrianacosta1', 'sarfaraz4001312', 'freeva', 'bilaltehseen', 'rayyaan99', 'nicolasfp', 'umermib', 'daskalakis54', 'alvinyding', 'ahmad.eman7', 'kmv0216', 'shahmeen.ameer7', 'yamnaawaseem123', 'salina408', 'm.hassanbaig24', 'znabeel824', 'abdu1', 'siddiquiayesha2000', 'sidsoma', 'drhodges', 'kevinjiang65', 'siu856031918', 'asif4001007', 'shah4003897', 'collincurtis', 'abdqureshi41', 'unaisshazan', 'wcmelton96', 'fiam23', 'bushra4002917', 'gponce5', 'taylorgsmith', 'saqib4002599', 'raahimsalik', 'akhter4003892', None, 'pardeep.tur', 'dsrinivas11', 'edikoraymond', 'zia4000462', 'yunfeigao', 'albertwangchuilee', 'gtzintzarov', 'toobamukhtar2011', 'taheera.hasnain', 'areejasad16', 'miguetorre', 'mahaekram31']"
12,11,69,16,8,"['sidsoma', 'alvinyding', 'dsrinivas11', 'taylorgsmith', 'cperry27', 'adrianacosta1', 'kmv0216', 'akim58']",60,"['irmahakim', 'sharmahimani1017', 'djeberguendouz', 'mrasadullah0', 'jhorio1', 'talha4004198', 'rizvi', 'decent.hasan18', 'wardaharshad44', 'taranveerkaurmicrouiet', 'iqbal4003357', 'muntahashams288', 'maisamahmed82', 'sfazeel15', 'iqbal3902812', 'meraj4000983', 'qaseem21125', '2tqjmv29', 'sayeed4002099', 'salihyanikgonul', 'ayub4009080', 'rishabhmudgil.microuiet10', 'mahmood4030218', 'nisharma', 'ullah4005098', 'akram.moin3', 'jackajarman', 'arfarehman', 'freeva', 'rayyaan99', 'nicolasfp', 'daskalakis54', 'shahmeen.ameer7', 'salina408', 'm.hassanbaig24', 'abdu1', 'siddiquiayesha2000', 'drhodges', 'kevinjiang65', 'siu856031918', 'asif4001007', 'shah4003897', 'collincurtis', 'abdqureshi41', 'unaisshazan', 'wcmelton96', 'fiam23', 'gponce5', 'saqib4002599', 'raahimsalik', 'pardeep.tur', 'edikoraymond', 'zia4000462', 'yunfeigao', 'albertwangchuilee', 'gtzintzarov', 'toobamukhtar2011', 'taheera.hasnain', 'areejasad16', 'miguetorre']",8,"['gwrgzs1', 'bobo181999', 'fallenmithos', 'jhwang92', None, 'zxie425', 'sivan01', 'chris7jin']",76,"['irmahakim', 'sharmahimani1017', 'akim58', 'djeberguendouz', 'mrasadullah0', 'jhorio1', 'talha4004198', 'rizvi', 'decent.hasan18', 'wardaharshad44', 'taranveerkaurmicrouiet', 'iqbal4003357', 'muntahashams288', 'maisamahmed82', 'sfazeel15', 'iqbal3902812', 'cperry27', 'meraj4000983', 'qaseem21125', '2tqjmv29', 'sayeed4002099', 'salihyanikgonul', 'ayub4009080', 'rishabhmudgil.microuiet10', 'mahmood4030218', 'nisharma', 'gwrgzs1', 'ullah4005098', 'sivan01', 'chris7jin', 'akram.moin3', 'jackajarman', 'arfarehman', 'adrianacosta1', 'fallenmithos', 'freeva', 'rayyaan99', 'nicolasfp', 'jhwang92', 'daskalakis54', 'alvinyding', 'kmv0216', 'shahmeen.ameer7', 'salina408', 'm.hassanbaig24', 'abdu1', 'siddiquiayesha2000', 'sidsoma', 'drhodges', 'kevinjiang65', 'siu856031918', 'asif4001007', 'shah4003897', 'collincurtis', 'abdqureshi41', 'unaisshazan', 'wcmelton96', 'fiam23', 'zxie425', 'gponce5', 'taylorgsmith', 'saqib4002599', 'raahimsalik', None, 'pardeep.tur', 'dsrinivas11', 'edikoraymond', 'zia4000462', 'yunfeigao', 'albertwangchuilee', 'gtzintzarov', 'bobo181999', 'toobamukhtar2011', 'taheera.hasnain', 'areejasad16', 'miguetorre']"
12,464,69,16,1,['gponce5'],67,"['irmahakim', 'sharmahimani1017', 'akim58', 'djeberguendouz', 'mrasadullah0', 'jhorio1', 'talha4004198', 'rizvi', 'decent.hasan18', 'wardaharshad44', 'taranveerkaurmicrouiet', 'iqbal4003357', 'muntahashams288', 'maisamahmed82', 'sfazeel15', 'iqbal3902812', 'cperry27', 'meraj4000983', 'qaseem21125', '2tqjmv29', 'sayeed4002099', 'salihyanikgonul', 'ayub4009080', 'rishabhmudgil.microuiet10', 'mahmood4030218', 'nisharma', 'ullah4005098', 'akram.moin3', 'jackajarman', 'arfarehman', 'adrianacosta1', 'freeva', 'rayyaan99', 'nicolasfp', 'daskalakis54', 'alvinyding', 'kmv0216', 'shahmeen.ameer7', 'salina408', 'm.hassanbaig24', 'abdu1', 'siddiquiayesha2000', 'sidsoma', 'drhodges', 'kevinjiang65', 'siu856031918', 'asif4001007', 'shah4003897', 'collincurtis', 'abdqureshi41', 'unaisshazan', 'wcmelton96', 'fiam23', 'taylorgsmith', 'saqib4002599', 'raahimsalik', 'pardeep.tur', 'dsrinivas11', 'edikoraymond', 'zia4000462', 'yunfeigao', 'albertwangchuilee', 'gtzintzarov', 'toobamukhtar2011', 'taheera.hasnain', 'areejasad16', 'miguetorre']",15,"['sebarraza2', 'nruizlopez', 'alethegoat', 'mortega27', 'vhcastro', 'rflores46', 'edrodriguez4', 'lggalazcarr', 'alvalles2', 'aarodriguez26', 'jecampos2', 'crpantoja', None, 'cerva015', 'ncruz2']",83,"['sebarraza2', 'alethegoat', 'irmahakim', 'sharmahimani1017', 'akim58', 'djeberguendouz', 'mrasadullah0', 'jhorio1', 'talha4004198', 'crpantoja', 'rizvi', 'decent.hasan18', 'ncruz2', 'wardaharshad44', 'taranveerkaurmicrouiet', 'iqbal4003357', 'mortega27', 'vhcastro', 'muntahashams288', 'alvalles2', 'maisamahmed82', 'nruizlopez', 'sfazeel15', 'iqbal3902812', 'cperry27', 'meraj4000983', 'rflores46', 'edrodriguez4', 'lggalazcarr', 'qaseem21125', '2tqjmv29', 'jecampos2', 'sayeed4002099', 'salihyanikgonul', 'ayub4009080', 'rishabhmudgil.microuiet10', 'mahmood4030218', 'nisharma', 'ullah4005098', 'akram.moin3', 'jackajarman', 'arfarehman', 'adrianacosta1', 'freeva', 'rayyaan99', 'nicolasfp', 'daskalakis54', 'alvinyding', 'kmv0216', 'shahmeen.ameer7', 'salina408', 'm.hassanbaig24', 'abdu1', 'siddiquiayesha2000', 'sidsoma', 'drhodges', 'kevinjiang65', 'siu856031918', 'asif4001007', 'shah4003897', 'collincurtis', 'abdqureshi41', 'unaisshazan', 'wcmelton96', 'fiam23', 'gponce5', 'taylorgsmith', 'saqib4002599', 'raahimsalik', None, 'pardeep.tur', 'cerva015', 'dsrinivas11', 'edikoraymond', 'zia4000462', 'yunfeigao', 'albertwangchuilee', 'gtzintzarov', 'toobamukhtar2011', 'aarodriguez26', 'taheera.hasnain', 'areejasad16', 'miguetorre']"
12,462,69,13,6,"['jackajarman', 'siu856031918', 'collincurtis', 'jhorio1', 'wcmelton96', 'nicolasfp']",62,"['irmahakim', 'sharmahimani1017', 'akim58', 'djeberguendouz', 'mrasadullah0', 'talha4004198', 'rizvi', 'decent.hasan18', 'wardaharshad44', 'taranveerkaurmicrouiet', 'iqbal4003357', 'muntahashams288', 'maisamahmed82', 'sfazeel15', 'iqbal3902812', 'cperry27', 'meraj4000983', 'qaseem21125', '2tqjmv29', 'sayeed4002099', 'salihyanikgonul', 'ayub4009080', 'rishabhmudgil.microuiet10', 'mahmood4030218', 'nisharma', 'ullah4005098', 'akram.moin3', 'arfarehman', 'adrianacosta1', 'freeva', 'rayyaan99', 'daskalakis54', 'alvinyding', 'kmv0216', 'shahmeen.ameer7', 'salina408', 'm.hassanbaig24', 'abdu1', 'siddiquiayesha2000', 'sidsoma', 'drhodges', 'kevinjiang65', 'asif4001007', 'shah4003897', 'abdqureshi41', 'unaisshazan', 'fiam23', 'gponce5', 'taylorgsmith', 'saqib4002599', 'raahimsalik', 'pardeep.tur', 'dsrinivas11', 'edikoraymond', 'zia4000462', 'yunfeigao', 'albertwangchuilee', 'gtzintzarov', 'toobamukhtar2011', 'taheera.hasnain', 'areejasad16', 'miguetorre']",7,"['benelectronics', 'jsathanand', 'cspencer88', 'siu854104358', 'jackmings1', None, 'stephenberg']",75,"['irmahakim', 'sharmahimani1017', 'akim58', 'djeberguendouz', 'mrasadullah0', 'jhorio1', 'talha4004198', 'rizvi', 'decent.hasan18', 'wardaharshad44', 'taranveerkaurmicrouiet', 'iqbal4003357', 'muntahashams288', 'maisamahmed82', 'stephenberg', 'sfazeel15', 'iqbal3902812', 'cperry27', 'meraj4000983', 'jsathanand', 'qaseem21125', '2tqjmv29', 'sayeed4002099', 'salihyanikgonul', 'ayub4009080', 'rishabhmudgil.microuiet10', 'mahmood4030218', 'nisharma', 'ullah4005098', 'akram.moin3', 'jackajarman', 'arfarehman', 'adrianacosta1', 'freeva', 'rayyaan99', 'nicolasfp', 'daskalakis54', 'alvinyding', 'kmv0216', 'shahmeen.ameer7', 'siu854104358', 'salina408', 'm.hassanbaig24', 'abdu1', 'siddiquiayesha2000', 'sidsoma', 'drhodges', 'kevinjiang65', 'siu856031918', 'asif4001007', 'shah4003897', 'collincurtis', 'abdqureshi41', 'unaisshazan', 'wcmelton96', 'fiam23', 'gponce5', 'benelectronics', 'taylorgsmith', 'saqib4002599', 'raahimsalik', 'jackmings1', None, 'pardeep.tur', 'dsrinivas11', 'edikoraymond', 'zia4000462', 'yunfeigao', 'albertwangchuilee', 'gtzintzarov', 'cspencer88', 'toobamukhtar2011', 'taheera.hasnain', 'areejasad16', 'miguetorre']"
12,459,69,11,1,['salihyanikgonul'],67,"['irmahakim', 'sharmahimani1017', 'akim58', 'djeberguendouz', 'mrasadullah0', 'jhorio1', 'talha4004198', 'rizvi', 'decent.hasan18', 'wardaharshad44', 'taranveerkaurmicrouiet', 'iqbal4003357', 'muntahashams288', 'maisamahmed82', 'sfazeel15', 'iqbal3902812', 'cperry27', 'meraj4000983', 'qaseem21125', '2tqjmv29', 'sayeed4002099', 'ayub4009080', 'rishabhmudgil.microuiet10', 'mahmood4030218', 'nisharma', 'ullah4005098', 'akram.moin3', 'jackajarman', 'arfarehman', 'adrianacosta1', 'freeva', 'rayyaan99', 'nicolasfp', 'daskalakis54', 'alvinyding', 'kmv0216', 'shahmeen.ameer7', 'salina408', 'm.hassanbaig24', 'abdu1', 'siddiquiayesha2000', 'sidsoma', 'drhodges', 'kevinjiang65', 'siu856031918', 'asif4001007', 'shah4003897', 'collincurtis', 'abdqureshi41', 'unaisshazan', 'wcmelton96', 'fiam23', 'gponce5', 'taylorgsmith', 'saqib4002599', 'raahimsalik', 'pardeep.tur', 'dsrinivas11', 'edikoraymond', 'zia4000462', 'yunfeigao', 'albertwangchuilee', 'gtzintzarov', 'toobamukhtar2011', 'taheera.hasnain', 'areejasad16', 'miguetorre']",10,"['marcelpakpahan19', 'dahaidar', 'naufal.nm', 'bobo181999', 'fallenmithos', 'alanhk18', 'brysa2000', 'jre31', None, 'denphi_gmail']",78,"['irmahakim', 'sharmahimani1017', 'alanhk18', 'akim58', 'djeberguendouz', 'mrasadullah0', 'jre31', 'jhorio1', 'talha4004198', 'rizvi', 'decent.hasan18', 'wardaharshad44', 'taranveerkaurmicrouiet', 'iqbal4003357', 'muntahashams288', 'maisamahmed82', 'denphi_gmail', 'marcelpakpahan19', 'sfazeel15', 'iqbal3902812', 'cperry27', 'meraj4000983', 'qaseem21125', '2tqjmv29', 'sayeed4002099', 'salihyanikgonul', 'ayub4009080', 'rishabhmudgil.microuiet10', 'mahmood4030218', 'nisharma', 'ullah4005098', 'akram.moin3', 'jackajarman', 'arfarehman', 'adrianacosta1', 'fallenmithos', 'freeva', 'rayyaan99', 'nicolasfp', 'daskalakis54', 'alvinyding', 'dahaidar', 'kmv0216', 'shahmeen.ameer7', 'brysa2000', 'salina408', 'm.hassanbaig24', 'abdu1', 'siddiquiayesha2000', 'sidsoma', 'drhodges', 'kevinjiang65', 'siu856031918', 'asif4001007', 'shah4003897', 'collincurtis', 'abdqureshi41', 'unaisshazan', 'wcmelton96', 'fiam23', 'gponce5', 'naufal.nm', 'taylorgsmith', 'saqib4002599', 'raahimsalik', None, 'pardeep.tur', 'dsrinivas11', 'edikoraymond', 'zia4000462', 'yunfeigao', 'albertwangchuilee', 'gtzintzarov', 'bobo181999', 'toobamukhtar2011', 'taheera.hasnain', 'areejasad16', 'miguetorre']"
12,543,69,11,2,"['wardaharshad44', 'irmahakim']",66,"['sharmahimani1017', 'akim58', 'djeberguendouz', 'mrasadullah0', 'jhorio1', 'talha4004198', 'rizvi', 'decent.hasan18', 'taranveerkaurmicrouiet', 'iqbal4003357', 'muntahashams288', 'maisamahmed82', 'sfazeel15', 'iqbal3902812', 'cperry27', 'meraj4000983', 'qaseem21125', '2tqjmv29', 'sayeed4002099', 'salihyanikgonul', 'ayub4009080', 'rishabhmudgil.microuiet10', 'mahmood4030218', 'nisharma', 'ullah4005098', 'akram.moin3', 'jackajarman', 'arfarehman', 'adrianacosta1', 'freeva', 'rayyaan99', 'nicolasfp', 'daskalakis54', 'alvinyding', 'kmv0216', 'shahmeen.ameer7', 'salina408', 'm.hassanbaig24', 'abdu1', 'siddiquiayesha2000', 'sidsoma', 'drhodges', 'kevinjiang65', 'siu856031918', 'asif4001007', 'shah4003897', 'collincurtis', 'abdqureshi41', 'unaisshazan', 'wcmelton96', 'fiam23', 'gponce5', 'taylorgsmith', 'saqib4002599', 'raahimsalik', 'pardeep.tur', 'dsrinivas11', 'edikoraymond', 'zia4000462', 'yunfeigao', 'albertwangchuilee', 'gtzintzarov', 'toobamukhtar2011', 'taheera.hasnain', 'areejasad16', 'miguetorre']",9,"['jamalaafia', 'rukhsara347', 'siddiqui4004693', None, 'sameenalvi', 'sana.312', 'faryalzehra6', 'mahatariq', 'abdulsamad']",77,"['irmahakim', 'sharmahimani1017', 'akim58', 'djeberguendouz', 'mrasadullah0', 'sana.312', 'sameenalvi', 'jhorio1', 'talha4004198', 'faryalzehra6', 'rizvi', 'decent.hasan18', 'wardaharshad44', 'taranveerkaurmicrouiet', 'iqbal4003357', 'rukhsara347', 'muntahashams288', 'maisamahmed82', 'sfazeel15', 'iqbal3902812', 'cperry27', 'meraj4000983', 'jamalaafia', 'qaseem21125', '2tqjmv29', 'sayeed4002099', 'salihyanikgonul', 'ayub4009080', 'rishabhmudgil.microuiet10', 'mahmood4030218', 'nisharma', 'ullah4005098', 'akram.moin3', 'jackajarman', 'arfarehman', 'adrianacosta1', 'freeva', 'rayyaan99', 'nicolasfp', 'daskalakis54', 'mahatariq', 'alvinyding', 'kmv0216', 'shahmeen.ameer7', 'salina408', 'm.hassanbaig24', 'abdu1', 'siddiquiayesha2000', 'sidsoma', 'drhodges', 'kevinjiang65', 'siu856031918', 'asif4001007', 'shah4003897', 'collincurtis', 'abdqureshi41', 'unaisshazan', 'wcmelton96', 'fiam23', 'gponce5', 'taylorgsmith', 'saqib4002599', 'siddiqui4004693', 'raahimsalik', None, 'pardeep.tur', 'abdulsamad', 'dsrinivas11', 'edikoraymond', 'zia4000462', 'yunfeigao', 'albertwangchuilee', 'gtzintzarov', 'toobamukhtar2011', 'taheera.hasnain', 'areejasad16', 'miguetorre']"
12,14,69,10,3,"['sidsoma', 'akim58', 'alvinyding']",65,"['irmahakim', 'sharmahimani1017', 'djeberguendouz', 'mrasadullah0', 'jhorio1', 'talha4004198', 'rizvi', 'decent.hasan18', 'wardaharshad44', 'taranveerkaurmicrouiet', 'iqbal4003357', 'muntahashams288', 'maisamahmed82', 'sfazeel15', 'iqbal3902812', 'cperry27', 'meraj4000983', 'qaseem21125', '2tqjmv29', 'sayeed4002099', 'salihyanikgonul', 'ayub4009080', 'rishabhmudgil.microuiet10', 'mahmood4030218', 'nisharma', 'ullah4005098', 'akram.moin3', 'jackajarman', 'arfarehman', 'adrianacosta1', 'freeva', 'rayyaan99', 'nicolasfp', 'daskalakis54', 'kmv0216', 'shahmeen.ameer7', 'salina408', 'm.hassanbaig24', 'abdu1', 'siddiquiayesha2000', 'drhodges', 'kevinjiang65', 'siu856031918', 'asif4001007', 'shah4003897', 'collincurtis', 'abdqureshi41', 'unaisshazan', 'wcmelton96', 'fiam23', 'gponce5', 'taylorgsmith', 'saqib4002599', 'raahimsalik', 'pardeep.tur', 'dsrinivas11', 'edikoraymond', 'zia4000462', 'yunfeigao', 'albertwangchuilee', 'gtzintzarov', 'toobamukhtar2011', 'taheera.hasnain', 'areejasad16', 'miguetorre']",7,"['gwrgzs1', 'weslyn', 'bobo181999', 'kennethong', 'jhwang92', None, 'zxie425']",75,"['irmahakim', 'sharmahimani1017', 'akim58', 'djeberguendouz', 'mrasadullah0', 'jhorio1', 'talha4004198', 'rizvi', 'decent.hasan18', 'wardaharshad44', 'taranveerkaurmicrouiet', 'iqbal4003357', 'muntahashams288', 'maisamahmed82', 'sfazeel15', 'iqbal3902812', 'cperry27', 'meraj4000983', 'kennethong', 'qaseem21125', '2tqjmv29', 'sayeed4002099', 'salihyanikgonul', 'ayub4009080', 'rishabhmudgil.microuiet10', 'mahmood4030218', 'nisharma', 'gwrgzs1', 'ullah4005098', 'akram.moin3', 'jackajarman', 'weslyn', 'arfarehman', 'adrianacosta1', 'freeva', 'rayyaan99', 'nicolasfp', 'jhwang92', 'daskalakis54', 'alvinyding', 'kmv0216', 'shahmeen.ameer7', 'salina408', 'm.hassanbaig24', 'abdu1', 'siddiquiayesha2000', 'sidsoma', 'drhodges', 'kevinjiang65', 'siu856031918', 'asif4001007', 'shah4003897', 'collincurtis', 'abdqureshi41', 'unaisshazan', 'wcmelton96', 'fiam23', 'zxie425', 'gponce5', 'taylorgsmith', 'saqib4002599', 'raahimsalik', None, 'pardeep.tur', 'dsrinivas11', 'edikoraymond', 'zia4000462', 'yunfeigao', 'albertwangchuilee', 'gtzintzarov', 'bobo181999', 'toobamukhtar2011', 'taheera.hasnain', 'areejasad16', 'miguetorre']"
12,195,69,7,1,['m.hassanbaig24'],67,"['irmahakim', 'sharmahimani1017', 'akim58', 'djeberguendouz', 'mrasadullah0', 'jhorio1', 'talha4004198', 'rizvi', 'decent.hasan18', 'wardaharshad44', 'taranveerkaurmicrouiet', 'iqbal4003357', 'muntahashams288', 'maisamahmed82', 'sfazeel15', 'iqbal3902812', 'cperry27', 'meraj4000983', 'qaseem21125', '2tqjmv29', 'sayeed4002099', 'salihyanikgonul', 'ayub4009080', 'rishabhmudgil.microuiet10', 'mahmood4030218', 'nisharma', 'ullah4005098', 'akram.moin3', 'jackajarman', 'arfarehman', 'adrianacosta1', 'freeva', 'rayyaan99', 'nicolasfp', 'daskalakis54', 'alvinyding', 'kmv0216', 'shahmeen.ameer7', 'salina408', 'abdu1', 'siddiquiayesha2000', 'sidsoma', 'drhodges', 'kevinjiang65', 'siu856031918', 'asif4001007', 'shah4003897', 'collincurtis', 'abdqureshi41', 'unaisshazan', 'wcmelton96', 'fiam23', 'gponce5', 'taylorgsmith', 'saqib4002599', 'raahimsalik', 'pardeep.tur', 'dsrinivas11', 'edikoraymond', 'zia4000462', 'yunfeigao', 'albertwangchuilee', 'gtzintzarov', 'toobamukhtar2011', 'taheera.hasnain', 'areejasad16', 'miguetorre']",6,"['irfan4007364', 'anasnajeeb99', 'siddiqui4004693', 'afifa555', 'mahatariq', None]",74,"['irmahakim', 'sharmahimani1017', 'akim58', 'djeberguendouz', 'mrasadullah0', 'jhorio1', 'talha4004198', 'rizvi', 'decent.hasan18', 'wardaharshad44', 'taranveerkaurmicrouiet', 'iqbal4003357', 'muntahashams288', 'maisamahmed82', 'sfazeel15', 'iqbal3902812', 'cperry27', 'meraj4000983', 'qaseem21125', '2tqjmv29', 'afifa555', 'sayeed4002099', 'salihyanikgonul', 'ayub4009080', 'rishabhmudgil.microuiet10', 'mahmood4030218', 'nisharma', 'ullah4005098', 'akram.moin3', 'jackajarman', 'arfarehman', 'adrianacosta1', 'freeva', 'rayyaan99', 'nicolasfp', 'daskalakis54', 'mahatariq', 'irfan4007364', 'alvinyding', 'anasnajeeb99', 'kmv0216', 'shahmeen.ameer7', 'salina408', 'm.hassanbaig24', 'abdu1', 'siddiquiayesha2000', 'sidsoma', 'drhodges', 'kevinjiang65', 'siu856031918', 'asif4001007', 'shah4003897', 'collincurtis', 'abdqureshi41', 'unaisshazan', 'wcmelton96', 'fiam23', 'gponce5', 'taylorgsmith', 'saqib4002599', 'siddiqui4004693', 'raahimsalik', None, 'pardeep.tur', 'dsrinivas11', 'edikoraymond', 'zia4000462', 'yunfeigao', 'albertwangchuilee', 'gtzintzarov', 'toobamukhtar2011', 'taheera.hasnain', 'areejasad16', 'miguetorre']"
12,194,69,6,2,"['toobamukhtar2011', 'muntahashams288']",66,"['irmahakim', 'sharmahimani1017', 'akim58', 'djeberguendouz', 'mrasadullah0', 'jhorio1', 'talha4004198', 'rizvi', 'decent.hasan18', 'wardaharshad44', 'taranveerkaurmicrouiet', 'iqbal4003357', 'maisamahmed82', 'sfazeel15', 'iqbal3902812', 'cperry27', 'meraj4000983', 'qaseem21125', '2tqjmv29', 'sayeed4002099', 'salihyanikgonul', 'ayub4009080', 'rishabhmudgil.microuiet10', 'mahmood4030218', 'nisharma', 'ullah4005098', 'akram.moin3', 'jackajarman', 'arfarehman', 'adrianacosta1', 'freeva', 'rayyaan99', 'nicolasfp', 'daskalakis54', 'alvinyding', 'kmv0216', 'shahmeen.ameer7', 'salina408', 'm.hassanbaig24', 'abdu1', 'siddiquiayesha2000', 'sidsoma', 'drhodges', 'kevinjiang65', 'siu856031918', 'asif4001007', 'shah4003897', 'collincurtis', 'abdqureshi41', 'unaisshazan', 'wcmelton96', 'fiam23', 'gponce5', 'taylorgsmith', 'saqib4002599', 'raahimsalik', 'pardeep.tur', 'dsrinivas11', 'edikoraymond', 'zia4000462', 'yunfeigao', 'albertwangchuilee', 'gtzintzarov', 'taheera.hasnain', 'areejasad16', 'miguetorre']",4,"['nadeem4000465', 'bilaltehseen', None, 'akhter4003892']",72,"['irmahakim', 'sharmahimani1017', 'akim58', 'djeberguendouz', 'mrasadullah0', 'jhorio1', 'talha4004198', 'rizvi', 'decent.hasan18', 'wardaharshad44', 'taranveerkaurmicrouiet', 'iqbal4003357', 'muntahashams288', 'maisamahmed82', 'sfazeel15', 'iqbal3902812', 'cperry27', 'meraj4000983', 'qaseem21125', '2tqjmv29', 'sayeed4002099', 'salihyanikgonul', 'ayub4009080', 'rishabhmudgil.microuiet10', 'mahmood4030218', 'nisharma', 'ullah4005098', 'akram.moin3', 'jackajarman', 'arfarehman', 'adrianacosta1', 'freeva', 'bilaltehseen', 'rayyaan99', 'nicolasfp', 'nadeem4000465', 'daskalakis54', 'alvinyding', 'kmv0216', 'shahmeen.ameer7', 'salina408', 'm.hassanbaig24', 'abdu1', 'siddiquiayesha2000', 'sidsoma', 'drhodges', 'kevinjiang65', 'siu856031918', 'asif4001007', 'shah4003897', 'collincurtis', 'abdqureshi41', 'unaisshazan', 'wcmelton96', 'fiam23', 'gponce5', 'taylorgsmith', 'saqib4002599', 'raahimsalik', 'akhter4003892', None, 'pardeep.tur', 'dsrinivas11', 'edikoraymond', 'zia4000462', 'yunfeigao', 'albertwangchuilee', 'gtzintzarov', 'toobamukhtar2011', 'taheera.hasnain', 'areejasad16', 'miguetorre']"
12,541,69,6,1,['irmahakim'],67,"['sharmahimani1017', 'akim58', 'djeberguendouz', 'mrasadullah0', 'jhorio1', 'talha4004198', 'rizvi', 'decent.hasan18', 'wardaharshad44', 'taranveerkaurmicrouiet', 'iqbal4003357', 'muntahashams288', 'maisamahmed82', 'sfazeel15', 'iqbal3902812', 'cperry27', 'meraj4000983', 'qaseem21125', '2tqjmv29', 'sayeed4002099', 'salihyanikgonul', 'ayub4009080', 'rishabhmudgil.microuiet10', 'mahmood4030218', 'nisharma', 'ullah4005098', 'akram.moin3', 'jackajarman', 'arfarehman', 'adrianacosta1', 'freeva', 'rayyaan99', 'nicolasfp', 'daskalakis54', 'alvinyding', 'kmv0216', 'shahmeen.ameer7', 'salina408', 'm.hassanbaig24', 'abdu1', 'siddiquiayesha2000', 'sidsoma', 'drhodges', 'kevinjiang65', 'siu856031918', 'asif4001007', 'shah4003897', 'collincurtis', 'abdqureshi41', 'unaisshazan', 'wcmelton96', 'fiam23', 'gponce5', 'taylorgsmith', 'saqib4002599', 'raahimsalik', 'pardeep.tur', 'dsrinivas11', 'edikoraymond', 'zia4000462', 'yunfeigao', 'albertwangchuilee', 'gtzintzarov', 'toobamukhtar2011', 'taheera.hasnain', 'areejasad16', 'miguetorre']",5,"['sidra4000389', 'huzaifa.asad1996', 'syedaliasad99', 'ayesha63', None]",73,"['irmahakim', 'sharmahimani1017', 'akim58', 'djeberguendouz', 'syedaliasad99', 'mrasadullah0', 'jhorio1', 'talha4004198', 'rizvi', 'decent.hasan18', 'wardaharshad44', 'taranveerkaurmicrouiet', 'iqbal4003357', 'muntahashams288', 'huzaifa.asad1996', 'maisamahmed82', 'sfazeel15', 'iqbal3902812', 'cperry27', 'meraj4000983', 'qaseem21125', '2tqjmv29', 'sayeed4002099', 'salihyanikgonul', 'ayub4009080', 'rishabhmudgil.microuiet10', 'mahmood4030218', 'nisharma', 'ullah4005098', 'akram.moin3', 'jackajarman', 'sidra4000389', 'arfarehman', 'adrianacosta1', 'freeva', 'rayyaan99', 'nicolasfp', 'daskalakis54', 'alvinyding', 'kmv0216', 'shahmeen.ameer7', 'salina408', 'm.hassanbaig24', 'ayesha63', 'abdu1', 'siddiquiayesha2000', 'sidsoma', 'drhodges', 'kevinjiang65', 'siu856031918', 'asif4001007', 'shah4003897', 'collincurtis', 'abdqureshi41', 'unaisshazan', 'wcmelton96', 'fiam23', 'gponce5', 'taylorgsmith', 'saqib4002599', 'raahimsalik', None, 'pardeep.tur', 'dsrinivas11', 'edikoraymond', 'zia4000462', 'yunfeigao', 'albertwangchuilee', 'gtzintzarov', 'toobamukhtar2011', 'taheera.hasnain', 'areejasad16', 'miguetorre']"
13,67,67,57,54,"['jebaraja', 'zalockwo', 'ericab', 'mtsai22', 'wguerre1', 'gbabic', 'crivas9', 'sahmad16', 'tradloff', 'mhabdulg', 'tconcial', 'ihoerner', 'tbooker2', 'pbui4', 'jrporti1', 'ciaguil1', 'hlecker', 'nlvaidya', 'gwarner3', 'cecook9', 'kkuang1996', 'nhlam', 'aricha47', 'yhzhang99', 'jlwill52', 'jrbrow41', 'gswerdan', 'cboughaz', 'xbrennan', 'kepears2', 'saalatt1', 'jkinkea1', 'awitthus', 'cdsalgad', 'bbrown24', 'hanunez', 'dmarti66', 'alopezs4', 'nhanelin', 'armeza3', 'aivergar', 'hstone1', 'cchasta1', 'kbosley1', 'kingheim', 'kmpullia', 'cschaire', 'kwelch10', 'cjlee29', 'jalope67', 'jhum1', 'acontr25', 'ebburrou', 'afmascar']",12,"['shong65', 'kwelch11', 'asaenz12', 'tbalu60', 'dpapis', 'savaziri', 'gmortiz3', 'kpatel61', 'radovanovic', 'ndbarron', 'dabloom2', 'aleiding']",3,"[None, 'mgoryll', 'nrosenb1']",69,"['jebaraja', 'ericab', 'wguerre1', 'gbabic', 'sahmad16', 'mgoryll', 'tradloff', 'mhabdulg', 'ihoerner', 'tbooker2', 'shong65', 'ciaguil1', 'hlecker', 'nlvaidya', 'asaenz12', 'dpapis', 'aricha47', 'yhzhang99', 'xbrennan', 'cboughaz', 'cdsalgad', 'bbrown24', 'hanunez', 'afmascar', 'kingheim', 'kwelch10', 'radovanovic', 'jhum1', 'dabloom2', 'zalockwo', 'mtsai22', 'nrosenb1', 'crivas9', 'jrporti1', 'pbui4', 'cecook9', 'gwarner3', 'kkuang1996', 'nhlam', 'jlwill52', 'jrbrow41', 'gswerdan', 'kepears2', 'saalatt1', 'jkinkea1', 'awitthus', 'tbalu60', 'dmarti66', 'alopezs4', 'savaziri', 'nhanelin', 'gmortiz3', 'armeza3', 'aivergar', 'hstone1', None, 'cchasta1', 'kwelch11', 'kbosley1', 'kmpullia', 'cschaire', 'cjlee29', 'kpatel61', 'ndbarron', 'jalope67', 'acontr25', 'ebburrou', 'tconcial', 'aleiding']"
13,69,67,9,6,"['jkinkea1', 'tbooker2', 'pbui4', 'jalope67', 'jrporti1', 'afmascar']",60,"['jebaraja', 'ericab', 'wguerre1', 'gbabic', 'sahmad16', 'tradloff', 'mhabdulg', 'ihoerner', 'shong65', 'ciaguil1', 'hlecker', 'nlvaidya', 'asaenz12', 'dpapis', 'aricha47', 'yhzhang99', 'xbrennan', 'cboughaz', 'cdsalgad', 'bbrown24', 'hanunez', 'kingheim', 'kwelch10', 'radovanovic', 'jhum1', 'dabloom2', 'zalockwo', 'mtsai22', 'crivas9', 'cecook9', 'gwarner3', 'kkuang1996', 'nhlam', 'jlwill52', 'jrbrow41', 'gswerdan', 'kepears2', 'saalatt1', 'awitthus', 'tbalu60', 'dmarti66', 'alopezs4', 'savaziri', 'nhanelin', 'gmortiz3', 'armeza3', 'aivergar', 'hstone1', 'cchasta1', 'kwelch11', 'kbosley1', 'kmpullia', 'cschaire', 'cjlee29', 'kpatel61', 'ndbarron', 'acontr25', 'ebburrou', 'tconcial', 'aleiding']",3,"[None, 'mgoryll', 'nrosenb1']",69,"['jebaraja', 'ericab', 'wguerre1', 'gbabic', 'sahmad16', 'mgoryll', 'tradloff', 'mhabdulg', 'ihoerner', 'tbooker2', 'shong65', 'ciaguil1', 'hlecker', 'nlvaidya', 'asaenz12', 'dpapis', 'aricha47', 'yhzhang99', 'xbrennan', 'cboughaz', 'cdsalgad', 'bbrown24', 'hanunez', 'afmascar', 'kingheim', 'kwelch10', 'radovanovic', 'jhum1', 'dabloom2', 'zalockwo', 'mtsai22', 'nrosenb1', 'crivas9', 'jrporti1', 'pbui4', 'cecook9', 'gwarner3', 'kkuang1996', 'nhlam', 'jlwill52', 'jrbrow41', 'gswerdan', 'kepears2', 'saalatt1', 'jkinkea1', 'awitthus', 'tbalu60', 'dmarti66', 'alopezs4', 'savaziri', 'nhanelin', 'gmortiz3', 'armeza3', 'aivergar', 'hstone1', None, 'cchasta1', 'kwelch11', 'kbosley1', 'kmpullia', 'cschaire', 'cjlee29', 'kpatel61', 'ndbarron', 'jalope67', 'acontr25', 'ebburrou', 'tconcial', 'aleiding']"
13,70,67,9,6,"['wguerre1', 'gbabic', 'hanunez', 'tradloff', 'hstone1', 'ihoerner']",60,"['jebaraja', 'ericab', 'sahmad16', 'mhabdulg', 'tbooker2', 'shong65', 'ciaguil1', 'hlecker', 'nlvaidya', 'asaenz12', 'dpapis', 'aricha47', 'yhzhang99', 'xbrennan', 'cboughaz', 'cdsalgad', 'bbrown24', 'afmascar', 'kingheim', 'kwelch10', 'radovanovic', 'jhum1', 'dabloom2', 'zalockwo', 'mtsai22', 'crivas9', 'jrporti1', 'pbui4', 'cecook9', 'gwarner3', 'kkuang1996', 'nhlam', 'jlwill52', 'jrbrow41', 'gswerdan', 'kepears2', 'saalatt1', 'jkinkea1', 'awitthus', 'tbalu60', 'dmarti66', 'alopezs4', 'savaziri', 'nhanelin', 'gmortiz3', 'armeza3', 'aivergar', 'cchasta1', 'kwelch11', 'kbosley1', 'kmpullia', 'cschaire', 'cjlee29', 'kpatel61', 'ndbarron', 'jalope67', 'acontr25', 'ebburrou', 'tconcial', 'aleiding']",3,"[None, 'mgoryll', 'nrosenb1']",69,"['jebaraja', 'ericab', 'wguerre1', 'gbabic', 'sahmad16', 'mgoryll', 'tradloff', 'mhabdulg', 'ihoerner', 'tbooker2', 'shong65', 'ciaguil1', 'hlecker', 'nlvaidya', 'asaenz12', 'dpapis', 'aricha47', 'yhzhang99', 'xbrennan', 'cboughaz', 'cdsalgad', 'bbrown24', 'hanunez', 'afmascar', 'kingheim', 'kwelch10', 'radovanovic', 'jhum1', 'dabloom2', 'zalockwo', 'mtsai22', 'nrosenb1', 'crivas9', 'jrporti1', 'pbui4', 'cecook9', 'gwarner3', 'kkuang1996', 'nhlam', 'jlwill52', 'jrbrow41', 'gswerdan', 'kepears2', 'saalatt1', 'jkinkea1', 'awitthus', 'tbalu60', 'dmarti66', 'alopezs4', 'savaziri', 'nhanelin', 'gmortiz3', 'armeza3', 'aivergar', 'hstone1', None, 'cchasta1', 'kwelch11', 'kbosley1', 'kmpullia', 'cschaire', 'cjlee29', 'kpatel61', 'ndbarron', 'jalope67', 'acontr25', 'ebburrou', 'tconcial', 'aleiding']"
14,167,66,45,31,"['estebanboada', 'eric.klozr', 'gonzalezcamilo672', 'jaiverthadrian25', 'federicoberbesi', 'j.acostac', 'juanpa12', 'm.vieda', 'luxion', 'alejocibe', 'nicolastrivino', 'davidsantiagomoncayo', 'cristianjulian132002', 'dannielmoreno', 'juan10eslav', 'juansebastiancorredor12', 'gotty', 'arizah0707', 'juancreyes201', 'd.posadap', 'danielvillarg3', 'acordero', 'karenpolania', 'camiloarango', 'sergioneuta', 'j.morenos', 'manuf.vargas36', 'c.escobarh', 'santy015', 'lcarolopez.lecl', 'felipio32']",34,"['do255', 'juanjallerl1212', 'epeloquin24', 'slburkett', 'chunhoeliew1998', 'aliceqwu', 'a01351433', 'lbruno22', 'ssorobay', 'squadbuilderzz123', 'felip3x', 'kocher1', 'vhernandezp31', 'calev', 'banerjiank21', 'joseestebanpenalozameza', 'davidsarasa.uribe', 'nidhi.joshi', 'leduardo', 'hoffnungcleaver360', 'tassanpietro', 'jpbarrero131', 's.angarita', 'jj.meza', 'ee665', 'hughmcguinne', 'lusmith', 'jacob07', 'juanzapa', 'erika.tecupacho_sanchez', 'fciccarello', 'anaarenas', 'shannob', 'croberts21']",14,"['j.mendezm', 'caiceseb', 'sergioneuta3002', 'vargasautocad', 'maidy', 'alexh1000', 'santmc98', 'dianasalcedo', 'id.escobar', 'j.padillat', 'ruedasan', 'michaels', None, 'juguibavi27']",79,"['j.mendezm', 'juanjallerl1212', 'estebanboada', 'gonzalezcamilo672', 'slburkett', 'chunhoeliew1998', 'federicoberbesi', 'j.acostac', 'lbruno22', 'ssorobay', 'juanpa12', 'michaels', 'm.vieda', 'felip3x', 'kocher1', 'vhernandezp31', 'vargasautocad', 'alejocibe', 'banerjiank21', 'joseestebanpenalozameza', 'dianasalcedo', 'j.padillat', 'cristianjulian132002', 'dannielmoreno', 'juansebastiancorredor12', 'leduardo', 'gotty', 'juancreyes201', 'acordero', 'alexh1000', 'camiloarango', 'sergioneuta', 'manuf.vargas36', 'juanzapa', 'anaarenas', 'santy015', 'karenpolania', 'croberts21', 'felipio32', 'do255', 'epeloquin24', 'eric.klozr', 'jaiverthadrian25', 'aliceqwu', 'a01351433', 'id.escobar', 'squadbuilderzz123', 'calev', 'luxion', 'nicolastrivino', 'davidsantiagomoncayo', 'ruedasan', 'davidsarasa.uribe', 'nidhi.joshi', 'caiceseb', 'juan10eslav', 'maidy', 'hoffnungcleaver360', 'santmc98', 'tassanpietro', 'arizah0707', 'd.posadap', 'danielvillarg3', 'jpbarrero131', 's.angarita', None, 'jj.meza', 'ee665', 'hughmcguinne', 'j.morenos', 'lusmith', 'jacob07', 'erika.tecupacho_sanchez', 'fciccarello', 'c.escobarh', 'shannob', 'juguibavi27', 'sergioneuta3002', 'lcarolopez.lecl']"
14,143,66,44,32,"['do255', 'eric.klozr', 'gonzalezcamilo672', 'jaiverthadrian25', 'slburkett', 'j.acostac', 'juanpa12', 'm.vieda', 'felip3x', 'vhernandezp31', 'luxion', 'alejocibe', 'nicolastrivino', 'joseestebanpenalozameza', 'cristianjulian132002', 'dannielmoreno', 'juan10eslav', 'juansebastiancorredor12', 'arizah0707', 'juancreyes201', 'jpbarrero131', 'danielvillarg3', 'd.posadap', 'acordero', 's.angarita', 'hughmcguinne', 'sergioneuta', 'manuf.vargas36', 'juanzapa', 'c.escobarh', 'santy015', 'karenpolania']",33,"['juanjallerl1212', 'estebanboada', 'epeloquin24', 'aliceqwu', 'chunhoeliew1998', 'a01351433', 'federicoberbesi', 'lbruno22', 'ssorobay', 'squadbuilderzz123', 'kocher1', 'calev', 'banerjiank21', 'davidsantiagomoncayo', 'davidsarasa.uribe', 'nidhi.joshi', 'leduardo', 'hoffnungcleaver360', 'gotty', 'tassanpietro', 'jj.meza', 'ee665', 'camiloarango', 'j.morenos', 'lusmith', 'jacob07', 'felipio32', 'erika.tecupacho_sanchez', 'fciccarello', 'anaarenas', 'shannob', 'lcarolopez.lecl', 'croberts21']",12,"['j.mendezm', 'aidanlloyd', 'maidy', 'shewlett', 'dianasalcedo', 'id.escobar', 'everaste', 'ruedasan', 'mjupina', None, 'asahag2', 'mbedollah']",77,"['j.mendezm', 'juanjallerl1212', 'estebanboada', 'gonzalezcamilo672', 'slburkett', 'chunhoeliew1998', 'federicoberbesi', 'j.acostac', 'lbruno22', 'ssorobay', 'juanpa12', 'm.vieda', 'felip3x', 'kocher1', 'vhernandezp31', 'alejocibe', 'banerjiank21', 'joseestebanpenalozameza', 'dianasalcedo', 'cristianjulian132002', 'dannielmoreno', 'juansebastiancorredor12', 'leduardo', 'aidanlloyd', 'gotty', 'juancreyes201', 'acordero', 'asahag2', 'camiloarango', 'sergioneuta', 'manuf.vargas36', 'juanzapa', 'anaarenas', 'santy015', 'karenpolania', 'croberts21', 'felipio32', 'do255', 'epeloquin24', 'eric.klozr', 'jaiverthadrian25', 'aliceqwu', 'a01351433', 'shewlett', 'id.escobar', 'squadbuilderzz123', 'mjupina', 'calev', 'luxion', 'nicolastrivino', 'davidsantiagomoncayo', 'ruedasan', 'davidsarasa.uribe', 'nidhi.joshi', 'juan10eslav', 'maidy', 'hoffnungcleaver360', 'tassanpietro', 'arizah0707', 'everaste', 'd.posadap', 'danielvillarg3', 'jpbarrero131', 's.angarita', None, 'jj.meza', 'ee665', 'hughmcguinne', 'j.morenos', 'lusmith', 'jacob07', 'erika.tecupacho_sanchez', 'fciccarello', 'c.escobarh', 'shannob', 'lcarolopez.lecl', 'mbedollah']"
14,140,66,36,27,"['lcarolopez.lecl', 'estebanboada', 'eric.klozr', 'gonzalezcamilo672', 'jaiverthadrian25', 'federicoberbesi', 'j.acostac', 'juanpa12', 'alejocibe', 'davidsantiagomoncayo', 'cristianjulian132002', 'dannielmoreno', 'juan10eslav', 'juansebastiancorredor12', 'gotty', 'arizah0707', 'juancreyes201', 'd.posadap', 'danielvillarg3', 'acordero', 'camiloarango', 'j.morenos', 'manuf.vargas36', 'c.escobarh', 'santy015', 'karenpolania', 'felipio32']",38,"['do255', 'juanjallerl1212', 'epeloquin24', 'slburkett', 'chunhoeliew1998', 'aliceqwu', 'a01351433', 'lbruno22', 'ssorobay', 'squadbuilderzz123', 'm.vieda', 'felip3x', 'kocher1', 'vhernandezp31', 'calev', 'luxion', 'banerjiank21', 'nicolastrivino', 'joseestebanpenalozameza', 'davidsarasa.uribe', 'nidhi.joshi', 'leduardo', 'hoffnungcleaver360', 'tassanpietro', 'jpbarrero131', 's.angarita', 'jj.meza', 'ee665', 'hughmcguinne', 'sergioneuta', 'lusmith', 'jacob07', 'juanzapa', 'erika.tecupacho_sanchez', 'fciccarello', 'anaarenas', 'shannob', 'croberts21']",9,"['j.mendezm', 'lumodava', 'pacodelamar', 'ms.zarate8', 'dianasalcedo', 'jorgel17', 'id.escobar', 'ruedasan', None]",74,"['j.mendezm', 'juanjallerl1212', 'estebanboada', 'gonzalezcamilo672', 'slburkett', 'chunhoeliew1998', 'federicoberbesi', 'j.acostac', 'lbruno22', 'ssorobay', 'juanpa12', 'm.vieda', 'felip3x', 'kocher1', 'vhernandezp31', 'alejocibe', 'banerjiank21', 'pacodelamar', 'joseestebanpenalozameza', 'dianasalcedo', 'jorgel17', 'cristianjulian132002', 'dannielmoreno', 'juansebastiancorredor12', 'leduardo', 'gotty', 'juancreyes201', 'acordero', 'camiloarango', 'sergioneuta', 'manuf.vargas36', 'ms.zarate8', 'juanzapa', 'anaarenas', 'santy015', 'karenpolania', 'croberts21', 'felipio32', 'do255', 'epeloquin24', 'eric.klozr', 'jaiverthadrian25', 'aliceqwu', 'a01351433', 'id.escobar', 'squadbuilderzz123', 'calev', 'luxion', 'nicolastrivino', 'davidsantiagomoncayo', 'ruedasan', 'davidsarasa.uribe', 'nidhi.joshi', 'juan10eslav', 'hoffnungcleaver360', 'tassanpietro', 'arizah0707', 'd.posadap', 'danielvillarg3', 'jpbarrero131', 's.angarita', None, 'jj.meza', 'ee665', 'hughmcguinne', 'lumodava', 'j.morenos', 'lusmith', 'jacob07', 'erika.tecupacho_sanchez', 'fciccarello', 'c.escobarh', 'shannob', 'lcarolopez.lecl']"
14,137,66,34,11,"['epeloquin24', 'kocher1', 'jaiverthadrian25', 'slburkett', 'alejocibe', 'tassanpietro', 'lbruno22', 'ssorobay', 'jpbarrero131', 'squadbuilderzz123', 'croberts21']",54,"['do255', 'juanjallerl1212', 'estebanboada', 'gonzalezcamilo672', 'eric.klozr', 'aliceqwu', 'chunhoeliew1998', 'a01351433', 'federicoberbesi', 'j.acostac', 'juanpa12', 'm.vieda', 'felip3x', 'vhernandezp31', 'calev', 'luxion', 'banerjiank21', 'nicolastrivino', 'joseestebanpenalozameza', 'davidsantiagomoncayo', 'cristianjulian132002', 'dannielmoreno', 'davidsarasa.uribe', 'nidhi.joshi', 'juan10eslav', 'juansebastiancorredor12', 'leduardo', 'hoffnungcleaver360', 'gotty', 'arizah0707', 'juancreyes201', 'acordero', 'd.posadap', 'danielvillarg3', 's.angarita', 'karenpolania', 'jj.meza', 'ee665', 'hughmcguinne', 'camiloarango', 'sergioneuta', 'manuf.vargas36', 'j.morenos', 'lusmith', 'juanzapa', 'jacob07', 'erika.tecupacho_sanchez', 'fciccarello', 'c.escobarh', 'anaarenas', 'shannob', 'santy015', 'lcarolopez.lecl', 'felipio32']",23,"['anudarid', 'booradley', 'tchk6', 'arielar', 'bayanjargal.sub', 'sidharth1994', 'turnera14', 'muujig1', 'langfahl', 'sherifms777', 'enhmanlaienhee', 'glenhwalters', 'tbpurevnorov', 'dolp', 'ordonezc3', 'lalfaihan', 'taylorolp99', 'everaste', None, 'dietzelcc', 'youngpattans2', 'quillel', 'duuyaduka89']",88,"['juanjallerl1212', 'estebanboada', 'gonzalezcamilo672', 'slburkett', 'chunhoeliew1998', 'federicoberbesi', 'j.acostac', 'tchk6', 'lbruno22', 'ssorobay', 'bayanjargal.sub', 'sidharth1994', 'juanpa12', 'turnera14', 'm.vieda', 'felip3x', 'kocher1', 'vhernandezp31', 'langfahl', 'alejocibe', 'sherifms777', 'banerjiank21', 'joseestebanpenalozameza', 'enhmanlaienhee', 'cristianjulian132002', 'dannielmoreno', 'juansebastiancorredor12', 'leduardo', 'ordonezc3', 'gotty', 'taylorolp99', 'juancreyes201', 'acordero', 'camiloarango', 'sergioneuta', 'manuf.vargas36', 'quillel', 'juanzapa', 'anaarenas', 'santy015', 'karenpolania', 'croberts21', 'felipio32', 'do255', 'epeloquin24', 'eric.klozr', 'anudarid', 'booradley', 'jaiverthadrian25', 'aliceqwu', 'a01351433', 'arielar', 'squadbuilderzz123', 'muujig1', 'calev', 'luxion', 'nicolastrivino', 'davidsantiagomoncayo', 'glenhwalters', 'davidsarasa.uribe', 'nidhi.joshi', 'tbpurevnorov', 'juan10eslav', 'dolp', 'lalfaihan', 'hoffnungcleaver360', 'tassanpietro', 'arizah0707', 'everaste', 'd.posadap', 'danielvillarg3', 'jpbarrero131', 's.angarita', None, 'jj.meza', 'dietzelcc', 'ee665', 'hughmcguinne', 'youngpattans2', 'j.morenos', 'lusmith', 'jacob07', 'erika.tecupacho_sanchez', 'fciccarello', 'c.escobarh', 'shannob', 'duuyaduka89', 'lcarolopez.lecl']"
14,141,66,23,2,"['nidhi.joshi', 'banerjiank21']",63,"['do255', 'juanjallerl1212', 'estebanboada', 'gonzalezcamilo672', 'epeloquin24', 'eric.klozr', 'jaiverthadrian25', 'slburkett', 'chunhoeliew1998', 'aliceqwu', 'a01351433', 'federicoberbesi', 'j.acostac', 'lbruno22', 'ssorobay', 'squadbuilderzz123', 'juanpa12', 'm.vieda', 'felip3x', 'kocher1', 'vhernandezp31', 'calev', 'luxion', 'alejocibe', 'nicolastrivino', 'joseestebanpenalozameza', 'davidsantiagomoncayo', 'cristianjulian132002', 'dannielmoreno', 'davidsarasa.uribe', 'juan10eslav', 'juansebastiancorredor12', 'leduardo', 'hoffnungcleaver360', 'gotty', 'tassanpietro', 'arizah0707', 'juancreyes201', 'acordero', 'd.posadap', 'danielvillarg3', 'jpbarrero131', 's.angarita', 'karenpolania', 'jj.meza', 'ee665', 'hughmcguinne', 'camiloarango', 'sergioneuta', 'manuf.vargas36', 'j.morenos', 'lusmith', 'juanzapa', 'jacob07', 'erika.tecupacho_sanchez', 'fciccarello', 'c.escobarh', 'anaarenas', 'shannob', 'felipio32', 'santy015', 'lcarolopez.lecl', 'croberts21']",21,"['shreyagirish09', 'riya.s.shah30', 'pkothari0910', 'minimicro', 'sharmi9947', 'voramegh18', 'lilscience211', 'kshameen182', 'yashsakpal0504', 'diximehta99', 'param.patel4399', 's1ddhant', 'dashita27', 'devdutt', None, 'niyatibd', 'lalita', 'sim.pawar', 'sejal0022', 'ayush2310', 'psmit']",86,"['juanjallerl1212', 'estebanboada', 'gonzalezcamilo672', 'shreyagirish09', 'slburkett', 'chunhoeliew1998', 'pkothari0910', 'federicoberbesi', 'riya.s.shah30', 'j.acostac', 'lbruno22', 'ssorobay', 'juanpa12', 'm.vieda', 'felip3x', 'sharmi9947', 'kocher1', 'voramegh18', 'vhernandezp31', 'alejocibe', 'banerjiank21', 'joseestebanpenalozameza', 'cristianjulian132002', 'dannielmoreno', 'juansebastiancorredor12', 'leduardo', 'diximehta99', 'gotty', 'juancreyes201', 'acordero', 'dashita27', 'camiloarango', 'sergioneuta', 'niyatibd', 'manuf.vargas36', 'lalita', 'juanzapa', 'anaarenas', 'sejal0022', 'santy015', 'ayush2310', 'psmit', 'karenpolania', 'croberts21', 'felipio32', 'do255', 'epeloquin24', 'eric.klozr', 'jaiverthadrian25', 'aliceqwu', 'a01351433', 'minimicro', 'squadbuilderzz123', 'lilscience211', 'calev', 'luxion', 'kshameen182', 'nicolastrivino', 'yashsakpal0504', 'davidsantiagomoncayo', 'davidsarasa.uribe', 'nidhi.joshi', 'juan10eslav', 'hoffnungcleaver360', 'tassanpietro', 'param.patel4399', 's1ddhant', 'arizah0707', 'd.posadap', 'danielvillarg3', 'jpbarrero131', 's.angarita', None, 'devdutt', 'jj.meza', 'ee665', 'hughmcguinne', 'j.morenos', 'lusmith', 'jacob07', 'erika.tecupacho_sanchez', 'fciccarello', 'c.escobarh', 'shannob', 'sim.pawar', 'lcarolopez.lecl']"
14,148,66,9,5,"['leduardo', 'hoffnungcleaver360', 'jacob07', 'erika.tecupacho_sanchez', 'anaarenas']",60,"['juanjallerl1212', 'estebanboada', 'gonzalezcamilo672', 'slburkett', 'chunhoeliew1998', 'federicoberbesi', 'j.acostac', 'lbruno22', 'ssorobay', 'juanpa12', 'm.vieda', 'felip3x', 'kocher1', 'vhernandezp31', 'alejocibe', 'banerjiank21', 'joseestebanpenalozameza', 'cristianjulian132002', 'dannielmoreno', 'juansebastiancorredor12', 'gotty', 'juancreyes201', 'acordero', 'camiloarango', 'sergioneuta', 'manuf.vargas36', 'juanzapa', 'santy015', 'karenpolania', 'croberts21', 'felipio32', 'do255', 'epeloquin24', 'eric.klozr', 'jaiverthadrian25', 'aliceqwu', 'a01351433', 'squadbuilderzz123', 'calev', 'luxion', 'nicolastrivino', 'davidsantiagomoncayo', 'davidsarasa.uribe', 'nidhi.joshi', 'juan10eslav', 'tassanpietro', 'arizah0707', 'd.posadap', 'danielvillarg3', 'jpbarrero131', 's.angarita', 'jj.meza', 'ee665', 'hughmcguinne', 'j.morenos', 'lusmith', 'fciccarello', 'c.escobarh', 'shannob', 'lcarolopez.lecl']",4,"['oscarmunozcuamtzi', 'deluisfloresfranciscoa', None, 'mbedollah']",69,"['juanjallerl1212', 'estebanboada', 'gonzalezcamilo672', 'oscarmunozcuamtzi', 'slburkett', 'chunhoeliew1998', 'federicoberbesi', 'j.acostac', 'lbruno22', 'ssorobay', 'juanpa12', 'm.vieda', 'felip3x', 'kocher1', 'vhernandezp31', 'alejocibe', 'banerjiank21', 'joseestebanpenalozameza', 'cristianjulian132002', 'dannielmoreno', 'juansebastiancorredor12', 'leduardo', 'gotty', 'juancreyes201', 'acordero', 'camiloarango', 'sergioneuta', 'manuf.vargas36', 'juanzapa', 'anaarenas', 'santy015', 'karenpolania', 'croberts21', 'felipio32', 'do255', 'epeloquin24', 'eric.klozr', 'jaiverthadrian25', 'aliceqwu', 'a01351433', 'deluisfloresfranciscoa', 'squadbuilderzz123', 'calev', 'luxion', 'nicolastrivino', 'davidsantiagomoncayo', 'davidsarasa.uribe', 'nidhi.joshi', 'juan10eslav', 'hoffnungcleaver360', 'tassanpietro', 'arizah0707', 'd.posadap', 'danielvillarg3', 'jpbarrero131', 's.angarita', None, 'jj.meza', 'ee665', 'hughmcguinne', 'j.morenos', 'lusmith', 'jacob07', 'erika.tecupacho_sanchez', 'fciccarello', 'c.escobarh', 'shannob', 'lcarolopez.lecl', 'mbedollah']"
14,139,66,7,2,"['kocher1', 'shannob']",63,"['juanjallerl1212', 'estebanboada', 'gonzalezcamilo672', 'slburkett', 'chunhoeliew1998', 'federicoberbesi', 'j.acostac', 'lbruno22', 'ssorobay', 'juanpa12', 'm.vieda', 'felip3x', 'vhernandezp31', 'alejocibe', 'banerjiank21', 'joseestebanpenalozameza', 'cristianjulian132002', 'dannielmoreno', 'juansebastiancorredor12', 'leduardo', 'gotty', 'juancreyes201', 'acordero', 'camiloarango', 'sergioneuta', 'manuf.vargas36', 'juanzapa', 'anaarenas', 'santy015', 'karenpolania', 'croberts21', 'felipio32', 'do255', 'epeloquin24', 'eric.klozr', 'jaiverthadrian25', 'aliceqwu', 'a01351433', 'squadbuilderzz123', 'calev', 'luxion', 'nicolastrivino', 'davidsantiagomoncayo', 'davidsarasa.uribe', 'nidhi.joshi', 'juan10eslav', 'hoffnungcleaver360', 'tassanpietro', 'arizah0707', 'd.posadap', 'danielvillarg3', 'jpbarrero131', 's.angarita', 'jj.meza', 'ee665', 'hughmcguinne', 'j.morenos', 'lusmith', 'jacob07', 'erika.tecupacho_sanchez', 'fciccarello', 'c.escobarh', 'lcarolopez.lecl']",5,"['drake38', 'bavenell', 'heaton4', 'zhan3108', None]",70,"['juanjallerl1212', 'estebanboada', 'gonzalezcamilo672', 'bavenell', 'slburkett', 'chunhoeliew1998', 'federicoberbesi', 'j.acostac', 'lbruno22', 'ssorobay', 'juanpa12', 'm.vieda', 'felip3x', 'kocher1', 'vhernandezp31', 'alejocibe', 'banerjiank21', 'joseestebanpenalozameza', 'cristianjulian132002', 'dannielmoreno', 'juansebastiancorredor12', 'leduardo', 'gotty', 'juancreyes201', 'acordero', 'camiloarango', 'sergioneuta', 'manuf.vargas36', 'juanzapa', 'anaarenas', 'santy015', 'karenpolania', 'croberts21', 'felipio32', 'do255', 'epeloquin24', 'eric.klozr', 'jaiverthadrian25', 'aliceqwu', 'a01351433', 'zhan3108', 'squadbuilderzz123', 'calev', 'luxion', 'heaton4', 'nicolastrivino', 'davidsantiagomoncayo', 'davidsarasa.uribe', 'nidhi.joshi', 'drake38', 'juan10eslav', 'hoffnungcleaver360', 'tassanpietro', 'arizah0707', 'd.posadap', 'danielvillarg3', 'jpbarrero131', 's.angarita', None, 'jj.meza', 'ee665', 'hughmcguinne', 'j.morenos', 'lusmith', 'jacob07', 'erika.tecupacho_sanchez', 'fciccarello', 'c.escobarh', 'shannob', 'lcarolopez.lecl']"
14,146,66,7,4,"['jacob07', 'hoffnungcleaver360', 'anaarenas', 'erika.tecupacho_sanchez']",61,"['juanjallerl1212', 'estebanboada', 'gonzalezcamilo672', 'slburkett', 'chunhoeliew1998', 'federicoberbesi', 'j.acostac', 'lbruno22', 'ssorobay', 'juanpa12', 'm.vieda', 'felip3x', 'kocher1', 'vhernandezp31', 'alejocibe', 'banerjiank21', 'joseestebanpenalozameza', 'cristianjulian132002', 'dannielmoreno', 'juansebastiancorredor12', 'leduardo', 'gotty', 'juancreyes201', 'acordero', 'camiloarango', 'sergioneuta', 'manuf.vargas36', 'juanzapa', 'santy015', 'karenpolania', 'croberts21', 'felipio32', 'do255', 'epeloquin24', 'eric.klozr', 'jaiverthadrian25', 'aliceqwu', 'a01351433', 'squadbuilderzz123', 'calev', 'luxion', 'nicolastrivino', 'davidsantiagomoncayo', 'davidsarasa.uribe', 'nidhi.joshi', 'juan10eslav', 'tassanpietro', 'arizah0707', 'd.posadap', 'danielvillarg3', 'jpbarrero131', 's.angarita', 'jj.meza', 'ee665', 'hughmcguinne', 'j.morenos', 'lusmith', 'fciccarello', 'c.escobarh', 'shannob', 'lcarolopez.lecl']",3,"['oscarmunozcuamtzi', None, 'mbedollah']",68,"['juanjallerl1212', 'estebanboada', 'gonzalezcamilo672', 'oscarmunozcuamtzi', 'slburkett', 'chunhoeliew1998', 'federicoberbesi', 'j.acostac', 'lbruno22', 'ssorobay', 'juanpa12', 'm.vieda', 'felip3x', 'kocher1', 'vhernandezp31', 'alejocibe', 'banerjiank21', 'joseestebanpenalozameza', 'cristianjulian132002', 'dannielmoreno', 'juansebastiancorredor12', 'leduardo', 'gotty', 'juancreyes201', 'acordero', 'camiloarango', 'sergioneuta', 'manuf.vargas36', 'juanzapa', 'anaarenas', 'santy015', 'karenpolania', 'croberts21', 'felipio32', 'do255', 'epeloquin24', 'eric.klozr', 'jaiverthadrian25', 'aliceqwu', 'a01351433', 'squadbuilderzz123', 'calev', 'luxion', 'nicolastrivino', 'davidsantiagomoncayo', 'davidsarasa.uribe', 'nidhi.joshi', 'juan10eslav', 'hoffnungcleaver360', 'tassanpietro', 'arizah0707', 'd.posadap', 'danielvillarg3', 'jpbarrero131', 's.angarita', None, 'jj.meza', 'ee665', 'hughmcguinne', 'j.morenos', 'lusmith', 'jacob07', 'erika.tecupacho_sanchez', 'fciccarello', 'c.escobarh', 'shannob', 'lcarolopez.lecl', 'mbedollah']"
15,622,65,39,36,"['cyzeason', 'luzgmz', 'kmbashay', 'pkhang', 'rohanr25', 'kimoreno', 'rjbecerraorozco', 'rmochizu', 'rkharper', 'ychang76', 'lozigins', 'bpli', 'jlday', 'diana5a', 'mojubran', 'gaurav01', 'desmonh', 'atmarr', 'lucachaux', 'mnorm123', 'jjdd1228', 'smg2', 'sibi', 'talp711', 'tbmashor', 'jcarlosr', 'nguyan23', 'skutney', 'arob2019', 'atumu', 'fjvilimek', 'blsaetern', 'bwbaxter', 'lenalana', 'lilmil17', 'soccerderekturn']",28,"['elnavarro510', 'afadebayo', 'dicadena', 'boysenbeary', 'tnottoson', 'dldavalos', 'jjdesant', 'nahurtad', 'macorfma', 'ander1', 'jowhall', 'jtrejo', 'dabrox', 'ltoda', 'ericmmai', 'zifan875', 'prgoradia', 'rearentr', 'winzhang', 'ejsnell', 'mebenedict', 'tcemblem', 'sktao021', 'jacqmoor', 'imajerk', 'luilui77', 'yimzhang', 'gqk2019']",3,"[None, 'ah2989', 'esim01']",67,"['elnavarro510', 'cyzeason', 'afadebayo', 'dicadena', 'boysenbeary', 'luzgmz', 'dldavalos', 'jjdesant', 'kimoreno', 'rjbecerraorozco', 'rkharper', 'dabrox', 'lozigins', 'bpli', 'diana5a', 'mojubran', 'atmarr', 'lucachaux', 'mnorm123', 'sibi', 'rearentr', 'tbmashor', 'winzhang', 'ejsnell', 'nguyan23', 'imajerk', 'arob2019', 'gqk2019', 'soccerderekturn', 'tnottoson', 'esim01', 'kmbashay', 'pkhang', 'rohanr25', 'nahurtad', 'macorfma', 'ander1', 'jowhall', 'rmochizu', 'ychang76', 'jtrejo', 'jlday', 'ltoda', 'gaurav01', 'desmonh', 'ericmmai', 'prgoradia', 'zifan875', 'ah2989', 'jjdd1228', 'smg2', 'talp711', 'mebenedict', 'tcemblem', 'jcarlosr', 'sktao021', None, 'jacqmoor', 'atumu', 'skutney', 'luilui77', 'fjvilimek', 'blsaetern', 'bwbaxter', 'yimzhang', 'lenalana', 'lilmil17']"
15,623,65,7,6,"['dicadena', 'yimzhang', 'dldavalos', 'rearentr', 'ltoda', 'sktao021']",58,"['elnavarro510', 'cyzeason', 'afadebayo', 'boysenbeary', 'luzgmz', 'jjdesant', 'kimoreno', 'rjbecerraorozco', 'rkharper', 'dabrox', 'lozigins', 'bpli', 'diana5a', 'mojubran', 'atmarr', 'lucachaux', 'mnorm123', 'sibi', 'tbmashor', 'winzhang', 'ejsnell', 'nguyan23', 'imajerk', 'arob2019', 'gqk2019', 'soccerderekturn', 'tnottoson', 'kmbashay', 'pkhang', 'rohanr25', 'nahurtad', 'macorfma', 'ander1', 'jowhall', 'rmochizu', 'ychang76', 'jtrejo', 'jlday', 'gaurav01', 'desmonh', 'ericmmai', 'prgoradia', 'zifan875', 'jjdd1228', 'smg2', 'talp711', 'mebenedict', 'tcemblem', 'jcarlosr', 'jacqmoor', 'atumu', 'skutney', 'luilui77', 'fjvilimek', 'blsaetern', 'bwbaxter', 'lenalana', 'lilmil17']",1,[None],65,"['elnavarro510', 'cyzeason', 'afadebayo', 'dicadena', 'boysenbeary', 'luzgmz', 'dldavalos', 'jjdesant', 'kimoreno', 'rjbecerraorozco', 'rkharper', 'dabrox', 'lozigins', 'bpli', 'diana5a', 'mojubran', 'atmarr', 'lucachaux', 'mnorm123', 'sibi', 'rearentr', 'tbmashor', 'winzhang', 'ejsnell', 'nguyan23', 'imajerk', 'arob2019', 'gqk2019', 'soccerderekturn', 'tnottoson', 'kmbashay', 'pkhang', 'rohanr25', 'nahurtad', 'macorfma', 'ander1', 'jowhall', 'rmochizu', 'ychang76', 'jtrejo', 'jlday', 'ltoda', 'gaurav01', 'desmonh', 'ericmmai', 'prgoradia', 'zifan875', 'jjdd1228', 'smg2', 'talp711', 'mebenedict', 'tcemblem', 'jcarlosr', 'sktao021', None, 'jacqmoor', 'atumu', 'skutney', 'luilui77', 'fjvilimek', 'blsaetern', 'bwbaxter', 'yimzhang', 'lenalana', 'lilmil17']"
16,496,62,18,17,"['fatih.ozefe.2', 'firattan7', 'tugcee416', 'sevcan.1168', 'yareenerozen', 'melis241', 'g.yesilnacar', 'alekberov752', 'ozmenne', 'oykuykaraman', 'banugencay1998', 'suaydartar', 'ilaydamelekyirtici', 'soneerkarabacak', 'baharcigdem15', 'tecimanirem', 'ezgivural93']",44,"['zeynepsimdim', 'mesutk', 'cwang122', 'logankearney6190', 'melekezgiirmak', 'unaldegirmenci44', 'zeynepaltan', 'pregnolato.costanza', 'fff28', 'nokksiempre', 'ahmnavy', 'isaac2017', 'yagmurdemircan', 'kug46.psu', 'liujwtoastoghost', 'dinckalsanem', 'yldz.busraa', 'attamemon26', 'aathiraa1993', 'tiraler', 'dilan1045', 'piaoranye', 'jpm445', 'ms2682', 'zw582', 'd00524018', 'bdruecke', 'anilozertural', 'yishayah', 'zaydo180', 'g340374c', 'rajqwerty', 'tl787', 'n.a.medvedev', 'tee22', 'jw2586', 'armyquette', 'prabeen4life', 'yc2647', 'utku.canakci', 'bugra.eyidogan', 'abdullah13524', 's.abbas.yousry', 'kshen64']",1,[None],62,"['mesutk', 'cwang122', 'suaydartar', 'unaldegirmenci44', 'zeynepaltan', 'nokksiempre', 'ahmnavy', 'isaac2017', 'kug46.psu', 'liujwtoastoghost', 'yldz.busraa', 'ilaydamelekyirtici', 'attamemon26', 'aathiraa1993', 'baharcigdem15', 'dilan1045', 'piaoranye', 'ms2682', 'zw582', 'firattan7', 'yishayah', 'oykuykaraman', 'rajqwerty', 'tl787', 'n.a.medvedev', 'jw2586', 'armyquette', 'tugcee416', 's.abbas.yousry', 'kshen64', 'zeynepsimdim', 'logankearney6190', 'melekezgiirmak', 'pregnolato.costanza', 'fff28', 'fatih.ozefe.2', 'sevcan.1168', 'yagmurdemircan', 'melis241', 'dinckalsanem', 'banugencay1998', 'soneerkarabacak', 'tiraler', 'tecimanirem', 'jpm445', 'd00524018', 'bdruecke', 'anilozertural', 'yareenerozen', 'zaydo180', 'g340374c', 'ozmenne', 'tee22', None, 'ezgivural93', 'prabeen4life', 'yc2647', 'alekberov752', 'utku.canakci', 'g.yesilnacar', 'bugra.eyidogan', 'abdullah13524']"
16,495,62,8,6,"['fff28', 'zw582', 'yc2647', 'tl787', 'jw2586', 'jpm445']",55,"['zeynepsimdim', 'mesutk', 'cwang122', 'logankearney6190', 'melekezgiirmak', 'suaydartar', 'unaldegirmenci44', 'zeynepaltan', 'pregnolato.costanza', 'fatih.ozefe.2', 'nokksiempre', 'ahmnavy', 'isaac2017', 'sevcan.1168', 'yagmurdemircan', 'kug46.psu', 'melis241', 'dinckalsanem', 'liujwtoastoghost', 'yldz.busraa', 'ilaydamelekyirtici', 'soneerkarabacak', 'banugencay1998', 'attamemon26', 'aathiraa1993', 'baharcigdem15', 'tiraler', 'tecimanirem', 'dilan1045', 'piaoranye', 'ms2682', 'firattan7', 'bdruecke', 'anilozertural', 'd00524018', 'yishayah', 'yareenerozen', 'zaydo180', 'g340374c', 'oykuykaraman', 'rajqwerty', 'ozmenne', 'n.a.medvedev', 'tee22', 'ezgivural93', 'armyquette', 'tugcee416', 'prabeen4life', 'alekberov752', 'utku.canakci', 'g.yesilnacar', 'bugra.eyidogan', 'abdullah13524', 's.abbas.yousry', 'kshen64']",2,"[None, 'hs959']",63,"['zeynepsimdim', 'mesutk', 'cwang122', 'logankearney6190', 'melekezgiirmak', 'suaydartar', 'unaldegirmenci44', 'zeynepaltan', 'pregnolato.costanza', 'fff28', 'fatih.ozefe.2', 'nokksiempre', 'ahmnavy', 'isaac2017', 'sevcan.1168', 'yagmurdemircan', 'kug46.psu', 'melis241', 'dinckalsanem', 'liujwtoastoghost', 'yldz.busraa', 'ilaydamelekyirtici', 'soneerkarabacak', 'banugencay1998', 'attamemon26', 'aathiraa1993', 'baharcigdem15', 'tiraler', 'tecimanirem', 'dilan1045', 'piaoranye', 'jpm445', 'ms2682', 'zw582', 'firattan7', 'bdruecke', 'anilozertural', 'd00524018', 'hs959', 'yishayah', 'yareenerozen', 'zaydo180', 'g340374c', 'oykuykaraman', 'rajqwerty', 'ozmenne', 'n.a.medvedev', 'tee22', 'tl787', 'jw2586', None, 'ezgivural93', 'armyquette', 'tugcee416', 'prabeen4life', 'yc2647', 'alekberov752', 'utku.canakci', 'g.yesilnacar', 'bugra.eyidogan', 'abdullah13524', 's.abbas.yousry', 'kshen64']"
16,497,62,7,6,"['anilozertural', 'zeynepsimdim', 'dinckalsanem', 'g.yesilnacar', 'oykuykaraman', 'zeynepaltan']",55,"['mesutk', 'cwang122', 'logankearney6190', 'melekezgiirmak', 'suaydartar', 'unaldegirmenci44', 'pregnolato.costanza', 'fff28', 'fatih.ozefe.2', 'nokksiempre', 'ahmnavy', 'isaac2017', 'sevcan.1168', 'yagmurdemircan', 'kug46.psu', 'melis241', 'liujwtoastoghost', 'yldz.busraa', 'ilaydamelekyirtici', 'soneerkarabacak', 'banugencay1998', 'attamemon26', 'aathiraa1993', 'baharcigdem15', 'tiraler', 'tecimanirem', 'dilan1045', 'piaoranye', 'jpm445', 'ms2682', 'zw582', 'firattan7', 'bdruecke', 'd00524018', 'yishayah', 'yareenerozen', 'zaydo180', 'g340374c', 'rajqwerty', 'ozmenne', 'n.a.medvedev', 'tee22', 'tl787', 'jw2586', 'ezgivural93', 'armyquette', 'tugcee416', 'prabeen4life', 'yc2647', 'alekberov752', 'utku.canakci', 'bugra.eyidogan', 'abdullah13524', 's.abbas.yousry', 'kshen64']",1,[None],62,"['zeynepsimdim', 'mesutk', 'cwang122', 'logankearney6190', 'melekezgiirmak', 'suaydartar', 'unaldegirmenci44', 'zeynepaltan', 'pregnolato.costanza', 'fff28', 'fatih.ozefe.2', 'nokksiempre', 'ahmnavy', 'isaac2017', 'sevcan.1168', 'yagmurdemircan', 'kug46.psu', 'melis241', 'dinckalsanem', 'liujwtoastoghost', 'yldz.busraa', 'ilaydamelekyirtici', 'soneerkarabacak', 'banugencay1998', 'attamemon26', 'aathiraa1993', 'baharcigdem15', 'tiraler', 'tecimanirem', 'dilan1045', 'piaoranye', 'jpm445', 'ms2682', 'zw582', 'firattan7', 'bdruecke', 'anilozertural', 'd00524018', 'yishayah', 'yareenerozen', 'zaydo180', 'g340374c', 'oykuykaraman', 'rajqwerty', 'ozmenne', 'n.a.medvedev', 'tee22', 'tl787', 'jw2586', None, 'ezgivural93', 'armyquette', 'tugcee416', 'prabeen4life', 'yc2647', 'alekberov752', 'utku.canakci', 'g.yesilnacar', 'bugra.eyidogan', 'abdullah13524', 's.abbas.yousry', 'kshen64']"
17,350,62,46,41,"['villarta.jabulen', 'grudzinski1', 'noahcaracuel', 't.clavijogarcia', 'c.ginter', 'banks.lomel', 'mcalderman1', 'bresnockj', 'erinvolpe', 'victor.suarez', 'dschechter', 'peytonriley', 'victoria.miller', 'mmoralesrojas', 'a.manibusan', 'justin.geils', 'jsweeney1', 'klupone', 'ahernandez5', 'matthew.daily', 'evidaltorres', 'nsonet', 'alexandrabarbosa', 'akash.ram', 'dominicksylvia', 'c.rineer', 'annahuber', 'cgandin', 'mitchell.w', 'nwilliams2', 'efranklin', 'summerhane', 'glatham', 'miles.kendall', 'i.mejiaruiz', 'benjamin.anthony', 'morgan.gunter', 'christian.chiong', 't.calvert', 'kadenelson', 'langhout.jackson']",20,"['sarah.danis', 'lolezroflmao', 'kkamalnath123', 'dinh.nhu', 'corrales.a', 'mohsinulkabir', 'p.cruzaponte', 'lkelsey', 'rashmipriyaparida', 'm.ceballos', 'tmalcolm2', 'rajmandirsingh', 'xyl0078910', 'matthewraudenbus', 'bungespunge1', 'michaelroberts', 'cse2703', 'wchen24', 'ptoma', 'gzd87']",5,"['m.poloske', 'rhennig', 'jmayer1', None, 'benjamintmarc1m']",66,"['bresnockj', 'mohsinulkabir', 'p.cruzaponte', 'lkelsey', 'victor.suarez', 'peytonriley', 'victoria.miller', 'rashmipriyaparida', 'a.manibusan', 'jsweeney1', 'klupone', 'ahernandez5', 'xyl0078910', 'm.poloske', 'alexandrabarbosa', 'akash.ram', 'benjamintmarc1m', 'c.rineer', 'annahuber', 'ptoma', 'mitchell.w', 'nwilliams2', 'glatham', 'langhout.jackson', 'gzd87', 'villarta.jabulen', 'grudzinski1', 'noahcaracuel', 't.clavijogarcia', 'sarah.danis', 'lolezroflmao', 'c.ginter', 'kkamalnath123', 'dinh.nhu', 'banks.lomel', 'corrales.a', 'mcalderman1', 'erinvolpe', 'rhennig', 'dschechter', 'mmoralesrojas', 'justin.geils', 'm.ceballos', 'tmalcolm2', 'rajmandirsingh', 'matthew.daily', 'matthewraudenbus', 'evidaltorres', 'nsonet', 'bungespunge1', 'jmayer1', 'michaelroberts', 'dominicksylvia', 'cse2703', None, 'cgandin', 'wchen24', 'efranklin', 'summerhane', 'i.mejiaruiz', 'miles.kendall', 'benjamin.anthony', 'morgan.gunter', 'christian.chiong', 't.calvert', 'kadenelson']"
17,349,62,42,41,"['villarta.jabulen', 'grudzinski1', 'noahcaracuel', 'sarah.danis', 'c.ginter', 'banks.lomel', 'dinh.nhu', 'corrales.a', 'mcalderman1', 'bresnockj', 'erinvolpe', 'victor.suarez', 'dschechter', 'peytonriley', 'victoria.miller', 'mmoralesrojas', 'a.manibusan', 'justin.geils', 'jsweeney1', 'klupone', 'ahernandez5', 'matthew.daily', 'alexandrabarbosa', 'akash.ram', 'dominicksylvia', 'c.rineer', 'annahuber', 'cgandin', 'mitchell.w', 'nwilliams2', 'efranklin', 'summerhane', 'glatham', 'miles.kendall', 'i.mejiaruiz', 'benjamin.anthony', 'morgan.gunter', 'christian.chiong', 't.calvert', 'kadenelson', 'langhout.jackson']",20,"['t.clavijogarcia', 'lolezroflmao', 'kkamalnath123', 'mohsinulkabir', 'p.cruzaponte', 'lkelsey', 'rashmipriyaparida', 'm.ceballos', 'tmalcolm2', 'rajmandirsingh', 'xyl0078910', 'matthewraudenbus', 'evidaltorres', 'nsonet', 'bungespunge1', 'michaelroberts', 'cse2703', 'wchen24', 'ptoma', 'gzd87']",1,[None],62,"['bresnockj', 'mohsinulkabir', 'p.cruzaponte', 'lkelsey', 'victor.suarez', 'peytonriley', 'victoria.miller', 'rashmipriyaparida', 'a.manibusan', 'jsweeney1', 'klupone', 'ahernandez5', 'xyl0078910', 'alexandrabarbosa', 'akash.ram', 'c.rineer', 'annahuber', 'ptoma', 'mitchell.w', 'nwilliams2', 'glatham', 'langhout.jackson', 'gzd87', 'villarta.jabulen', 'grudzinski1', 'noahcaracuel', 't.clavijogarcia', 'sarah.danis', 'lolezroflmao', 'c.ginter', 'kkamalnath123', 'dinh.nhu', 'banks.lomel', 'corrales.a', 'mcalderman1', 'erinvolpe', 'dschechter', 'mmoralesrojas', 'justin.geils', 'm.ceballos', 'tmalcolm2', 'rajmandirsingh', 'matthew.daily', 'matthewraudenbus', 'evidaltorres', 'nsonet', 'bungespunge1', 'michaelroberts', 'dominicksylvia', 'cse2703', None, 'cgandin', 'wchen24', 'efranklin', 'summerhane', 'i.mejiaruiz', 'miles.kendall', 'benjamin.anthony', 'morgan.gunter', 'christian.chiong', 't.calvert', 'kadenelson']"
18,173,61,40,17,"['thomasdonovan', 'tyler.mark', 'joseph.johnson', 'bklein1', 'brianlien', 'jherreracarrillo', 'bthompson2', 'jting', 'olivia.bergmann', 'roy.mesa', 'kylelackey', 'j.cardenas', 'kginter', 's.alderman', 'gavin.drawdy', 'hernandezv', 'perry.bechtle']",43,"['ashleydonald', 'zhewitt', 'rnowak', 'a01632193', 'caderylands', 'sergiolopez', 'j.sforza', 'brookemc28', 'cyarborough1', 'molinay', 'jjeffares13', 'bcayush', 'mariecrosby', 'justinwalsh', 'jwingen', 'yassin.labichi', 'slo5228', 'lnava', 'sgandhi', 'ehecht', 'kerstynblanco', 'msuresh', 'kennedycobb', 'kyle.james', 'dwasko', 'mwielatz', 'nowen1', 't.farrar', 'hvantassel', 'reiter.web', 'juliasthilaire', 'johnmallari', 'jbrisbourne46', 'rajeevkini', 'andrew.montiegel', 'm.mcguinness', 'm.mamun', 'ksantaniello', 'ablimitablez', 'haquem', 'carson.mcneely', 'daanish.shauib', 'liyingwu']",23,"['vallen', 'rios.ceduardo', 'cgettinger', 'cami', 'cnapoles', 't.van', 'shaynedagostino', 'docejo', 'dyuna.soledade', 'nlopezmora', 'rebeccapoole', 'robert.murtha07', 'argstanton', '8223freret', 'jrabosto', 'wkirby1', 'gyeomans', 'bgartside', 'glaumchloe', None, 'serranoh', 'jacksonpartlow', 'morganwilliams']",83,"['ashleydonald', 'zhewitt', 'tyler.mark', 'a01632193', 'caderylands', 'jherreracarrillo', 'sergiolopez', 'brookemc28', 'cgettinger', 'cami', 'molinay', 't.van', 'jjeffares13', 'thomasdonovan', 'mariecrosby', 'joseph.johnson', 'justinwalsh', 'docejo', 'dyuna.soledade', 'robert.murtha07', 'rebeccapoole', 'gavin.drawdy', '8223freret', 'kerstynblanco', 'msuresh', 'kennedycobb', 'kyle.james', 't.farrar', 'glaumchloe', 'reiter.web', 'juliasthilaire', 'johnmallari', 'jbrisbourne46', 'andrew.montiegel', 'm.mcguinness', 'm.mamun', 'ksantaniello', 'haquem', 'carson.mcneely', 'ehecht', 'morganwilliams', 'rnowak', 'vallen', 'jting', 'olivia.bergmann', 'rios.ceduardo', 'j.sforza', 'cyarborough1', 'cnapoles', 'bcayush', 'shaynedagostino', 'brianlien', 'jwingen', 'nlopezmora', 'roy.mesa', 'yassin.labichi', 'slo5228', 'lnava', 'sgandhi', 'argstanton', 'perry.bechtle', 'jrabosto', 'wkirby1', 'gyeomans', 'dwasko', 'mwielatz', 'nowen1', 'kylelackey', 'bgartside', 'j.cardenas', 'kginter', 'hvantassel', None, 'serranoh', 'rajeevkini', 'bthompson2', 'daanish.shauib', 'ablimitablez', 'jacksonpartlow', 's.alderman', 'bklein1', 'hernandezv', 'liyingwu']"
18,172,61,24,5,"['zhewitt', 'kyle.james', 'm.mcguinness', 'ksantaniello', 'sgandhi']",55,"['ashleydonald', 'tyler.mark', 'a01632193', 'caderylands', 'rnowak', 'jherreracarrillo', 'jting', 'sergiolopez', 'olivia.bergmann', 'j.sforza', 'brookemc28', 'cyarborough1', 'molinay', 'jjeffares13', 'thomasdonovan', 'bcayush', 'mariecrosby', 'joseph.johnson', 'justinwalsh', 'brianlien', 'jwingen', 'roy.mesa', 'yassin.labichi', 'slo5228', 'lnava', 'gavin.drawdy', 'perry.bechtle', 'ehecht', 'kerstynblanco', 'msuresh', 'kennedycobb', 'dwasko', 'mwielatz', 'nowen1', 'kylelackey', 't.farrar', 'j.cardenas', 'kginter', 'hvantassel', 'reiter.web', 'juliasthilaire', 'johnmallari', 'jbrisbourne46', 'rajeevkini', 'andrew.montiegel', 'bthompson2', 'daanish.shauib', 'm.mamun', 'ablimitablez', 'haquem', 'carson.mcneely', 's.alderman', 'bklein1', 'hernandezv', 'liyingwu']",19,"['rsanchezcereijo', 'exirinach', 'arodriguez30', 'btreacy', 'frankvigoa', 'nicolas.yanez', 'joel.cruz', 'sophia.corrales', 'jake.julia', 'robertkaufman1', 'brandongarver', 'kayladunnuck', 'glorber', None, 'jweichselbaumer', 'walter.sanchez', 'a.santana', 'rao.mihir', 'mcarreno']",79,"['ashleydonald', 'zhewitt', 'tyler.mark', 'a01632193', 'caderylands', 'jherreracarrillo', 'sergiolopez', 'brookemc28', 'molinay', 'jjeffares13', 'thomasdonovan', 'mariecrosby', 'joseph.johnson', 'btreacy', 'justinwalsh', 'joel.cruz', 'sophia.corrales', 'gavin.drawdy', 'kerstynblanco', 'msuresh', 'kennedycobb', 'jake.julia', 'kyle.james', 'robertkaufman1', 'brandongarver', 't.farrar', 'reiter.web', 'juliasthilaire', 'glorber', 'jweichselbaumer', 'johnmallari', 'walter.sanchez', 'jbrisbourne46', 'andrew.montiegel', 'm.mcguinness', 'a.santana', 'm.mamun', 'ksantaniello', 'haquem', 'carson.mcneely', 'ehecht', 'rnowak', 'jting', 'olivia.bergmann', 'rsanchezcereijo', 'exirinach', 'j.sforza', 'cyarborough1', 'arodriguez30', 'bcayush', 'frankvigoa', 'brianlien', 'jwingen', 'nicolas.yanez', 'roy.mesa', 'yassin.labichi', 'slo5228', 'lnava', 'sgandhi', 'perry.bechtle', 'dwasko', 'mwielatz', 'nowen1', 'kylelackey', 'j.cardenas', 'kginter', 'hvantassel', 'kayladunnuck', None, 'rajeevkini', 'bthompson2', 'daanish.shauib', 'ablimitablez', 'rao.mihir', 's.alderman', 'mcarreno', 'bklein1', 'hernandezv', 'liyingwu']"
18,154,61,20,19,"['rnowak', 'jting', 'sergiolopez', 'olivia.bergmann', 'molinay', 'justinwalsh', 'brianlien', 'jwingen', 'roy.mesa', 'slo5228', 'mwielatz', 'kginter', 'hvantassel', 'reiter.web', 'johnmallari', 'andrew.montiegel', 'daanish.shauib', 'carson.mcneely', 'bklein1']",41,"['ashleydonald', 'zhewitt', 'tyler.mark', 'a01632193', 'caderylands', 'jherreracarrillo', 'j.sforza', 'brookemc28', 'cyarborough1', 'jjeffares13', 'thomasdonovan', 'bcayush', 'mariecrosby', 'joseph.johnson', 'yassin.labichi', 'lnava', 'sgandhi', 'gavin.drawdy', 'perry.bechtle', 'kerstynblanco', 'msuresh', 'kennedycobb', 'kyle.james', 'dwasko', 'nowen1', 'kylelackey', 't.farrar', 'j.cardenas', 'juliasthilaire', 'jbrisbourne46', 'rajeevkini', 'm.mcguinness', 'bthompson2', 'm.mamun', 'ksantaniello', 'ablimitablez', 'haquem', 's.alderman', 'ehecht', 'hernandezv', 'liyingwu']",1,[None],61,"['ashleydonald', 'zhewitt', 'tyler.mark', 'a01632193', 'caderylands', 'jherreracarrillo', 'sergiolopez', 'brookemc28', 'molinay', 'jjeffares13', 'thomasdonovan', 'mariecrosby', 'joseph.johnson', 'justinwalsh', 'gavin.drawdy', 'kerstynblanco', 'msuresh', 'kennedycobb', 'kyle.james', 't.farrar', 'reiter.web', 'juliasthilaire', 'johnmallari', 'jbrisbourne46', 'andrew.montiegel', 'm.mcguinness', 'm.mamun', 'ksantaniello', 'haquem', 'carson.mcneely', 'ehecht', 'rnowak', 'jting', 'olivia.bergmann', 'j.sforza', 'cyarborough1', 'bcayush', 'brianlien', 'jwingen', 'roy.mesa', 'yassin.labichi', 'slo5228', 'lnava', 'sgandhi', 'perry.bechtle', 'dwasko', 'mwielatz', 'nowen1', 'kylelackey', 'j.cardenas', 'kginter', 'hvantassel', None, 'rajeevkini', 'bthompson2', 'daanish.shauib', 'ablimitablez', 's.alderman', 'bklein1', 'hernandezv', 'liyingwu']"
18,176,61,16,7,"['rnowak', 'justinwalsh', 'andrew.montiegel', 'jwingen', 'mwielatz', 'sergiolopez', 'hvantassel']",53,"['ashleydonald', 'zhewitt', 'tyler.mark', 'a01632193', 'caderylands', 'jherreracarrillo', 'jting', 'olivia.bergmann', 'j.sforza', 'brookemc28', 'cyarborough1', 'molinay', 'jjeffares13', 'thomasdonovan', 'bcayush', 'mariecrosby', 'joseph.johnson', 'brianlien', 'roy.mesa', 'yassin.labichi', 'slo5228', 'lnava', 'gavin.drawdy', 'sgandhi', 'perry.bechtle', 'ehecht', 'kerstynblanco', 'msuresh', 'kennedycobb', 'kyle.james', 'dwasko', 'nowen1', 'kylelackey', 't.farrar', 'j.cardenas', 'kginter', 'reiter.web', 'juliasthilaire', 'johnmallari', 'jbrisbourne46', 'rajeevkini', 'm.mcguinness', 'bthompson2', 'daanish.shauib', 'm.mamun', 'ksantaniello', 'ablimitablez', 'haquem', 'carson.mcneely', 's.alderman', 'bklein1', 'hernandezv', 'liyingwu']",9,"['dunleavy.patrick', 'natashapolito', 'rosenblumj', 'tmomplaisir', 'manaschaturvedi', 'jahyagumbs', 'bethany.baker', 'kayladunnuck', None]",69,"['ashleydonald', 'zhewitt', 'tyler.mark', 'rnowak', 'caderylands', 'a01632193', 'jherreracarrillo', 'jting', 'sergiolopez', 'olivia.bergmann', 'j.sforza', 'brookemc28', 'cyarborough1', 'molinay', 'jjeffares13', 'thomasdonovan', 'bcayush', 'mariecrosby', 'joseph.johnson', 'justinwalsh', 'brianlien', 'rosenblumj', 'jwingen', 'tmomplaisir', 'roy.mesa', 'yassin.labichi', 'slo5228', 'lnava', 'gavin.drawdy', 'sgandhi', 'perry.bechtle', 'kerstynblanco', 'dunleavy.patrick', 'msuresh', 'kennedycobb', 'bklein1', 'kyle.james', 'dwasko', 'mwielatz', 'nowen1', 'kylelackey', 't.farrar', 'j.cardenas', 'kginter', 'hvantassel', 'reiter.web', 'bethany.baker', 'kayladunnuck', 'juliasthilaire', None, 'johnmallari', 'jbrisbourne46', 'rajeevkini', 'andrew.montiegel', 'm.mcguinness', 'natashapolito', 'bthompson2', 'daanish.shauib', 'm.mamun', 'manaschaturvedi', 'ksantaniello', 'jahyagumbs', 'ablimitablez', 'haquem', 'carson.mcneely', 's.alderman', 'ehecht', 'hernandezv', 'liyingwu']"
18,155,61,14,13,"['thomasdonovan', 'tyler.mark', 'joseph.johnson', 'bklein1', 'jherreracarrillo', 'bthompson2', 'kylelackey', 'j.cardenas', 'kginter', 's.alderman', 'gavin.drawdy', 'hernandezv', 'perry.bechtle']",47,"['ashleydonald', 'zhewitt', 'rnowak', 'caderylands', 'a01632193', 'jting', 'sergiolopez', 'olivia.bergmann', 'j.sforza', 'brookemc28', 'cyarborough1', 'molinay', 'jjeffares13', 'bcayush', 'mariecrosby', 'justinwalsh', 'brianlien', 'jwingen', 'roy.mesa', 'yassin.labichi', 'slo5228', 'lnava', 'sgandhi', 'kerstynblanco', 'msuresh', 'kennedycobb', 'kyle.james', 'dwasko', 'mwielatz', 'nowen1', 't.farrar', 'hvantassel', 'reiter.web', 'juliasthilaire', 'johnmallari', 'jbrisbourne46', 'rajeevkini', 'andrew.montiegel', 'm.mcguinness', 'daanish.shauib', 'm.mamun', 'ksantaniello', 'ablimitablez', 'haquem', 'carson.mcneely', 'ehecht', 'liyingwu']",1,[None],61,"['ashleydonald', 'zhewitt', 'tyler.mark', 'rnowak', 'caderylands', 'a01632193', 'jherreracarrillo', 'jting', 'sergiolopez', 'olivia.bergmann', 'j.sforza', 'brookemc28', 'cyarborough1', 'molinay', 'jjeffares13', 'thomasdonovan', 'bcayush', 'mariecrosby', 'joseph.johnson', 'justinwalsh', 'brianlien', 'jwingen', 'roy.mesa', 'yassin.labichi', 'slo5228', 'lnava', 'gavin.drawdy', 'sgandhi', 'perry.bechtle', 'kerstynblanco', 'msuresh', 'kennedycobb', 'bklein1', 'kyle.james', 'dwasko', 'mwielatz', 'nowen1', 'kylelackey', 't.farrar', 'j.cardenas', 'kginter', 'hvantassel', 'reiter.web', 'juliasthilaire', None, 'johnmallari', 'jbrisbourne46', 'rajeevkini', 'andrew.montiegel', 'm.mcguinness', 'bthompson2', 'daanish.shauib', 'm.mamun', 'ksantaniello', 'ablimitablez', 'haquem', 'carson.mcneely', 's.alderman', 'ehecht', 'hernandezv', 'liyingwu']"
18,174,61,11,1,['caderylands'],59,"['ashleydonald', 'zhewitt', 'tyler.mark', 'rnowak', 'a01632193', 'jherreracarrillo', 'jting', 'sergiolopez', 'olivia.bergmann', 'j.sforza', 'brookemc28', 'cyarborough1', 'molinay', 'jjeffares13', 'thomasdonovan', 'bcayush', 'mariecrosby', 'joseph.johnson', 'justinwalsh', 'brianlien', 'jwingen', 'roy.mesa', 'yassin.labichi', 'slo5228', 'lnava', 'gavin.drawdy', 'sgandhi', 'perry.bechtle', 'kerstynblanco', 'msuresh', 'kennedycobb', 'bklein1', 'kyle.james', 'dwasko', 'mwielatz', 'nowen1', 'kylelackey', 't.farrar', 'j.cardenas', 'kginter', 'hvantassel', 'reiter.web', 'juliasthilaire', 'johnmallari', 'jbrisbourne46', 'rajeevkini', 'andrew.montiegel', 'm.mcguinness', 'bthompson2', 'daanish.shauib', 'm.mamun', 'ksantaniello', 'ablimitablez', 'haquem', 'carson.mcneely', 's.alderman', 'ehecht', 'hernandezv', 'liyingwu']",10,"['8223freret', 'amaldonadomartin', 'gyeomans', 'jeffdemetrio', 'rebeccapoole', 'millero', 'alainagordon', None, 'm.horn', 'yassinlabichi']",70,"['ashleydonald', 'zhewitt', 'tyler.mark', 'rnowak', 'caderylands', 'a01632193', 'amaldonadomartin', 'jherreracarrillo', 'jting', 'sergiolopez', 'olivia.bergmann', 'j.sforza', 'brookemc28', 'cyarborough1', 'molinay', 'jjeffares13', 'thomasdonovan', 'bcayush', 'mariecrosby', 'joseph.johnson', 'justinwalsh', 'brianlien', 'jeffdemetrio', 'jwingen', 'rebeccapoole', 'roy.mesa', 'yassin.labichi', 'slo5228', 'm.horn', 'lnava', 'gavin.drawdy', 'sgandhi', 'perry.bechtle', 'yassinlabichi', '8223freret', 'kerstynblanco', 'msuresh', 'kennedycobb', 'bklein1', 'gyeomans', 'kyle.james', 'dwasko', 'mwielatz', 'nowen1', 'kylelackey', 't.farrar', 'millero', 'j.cardenas', 'kginter', 'hvantassel', 'reiter.web', 'juliasthilaire', 'alainagordon', None, 'johnmallari', 'jbrisbourne46', 'rajeevkini', 'andrew.montiegel', 'm.mcguinness', 'bthompson2', 'daanish.shauib', 'm.mamun', 'ksantaniello', 'ablimitablez', 'haquem', 'carson.mcneely', 's.alderman', 'ehecht', 'hernandezv', 'liyingwu']"
18,178,61,8,3,"['j.cardenas', 'johnmallari', 'hvantassel']",57,"['ashleydonald', 'zhewitt', 'tyler.mark', 'rnowak', 'caderylands', 'a01632193', 'jherreracarrillo', 'jting', 'sergiolopez', 'olivia.bergmann', 'j.sforza', 'brookemc28', 'cyarborough1', 'molinay', 'jjeffares13', 'thomasdonovan', 'bcayush', 'mariecrosby', 'joseph.johnson', 'justinwalsh', 'brianlien', 'jwingen', 'roy.mesa', 'yassin.labichi', 'slo5228', 'lnava', 'gavin.drawdy', 'sgandhi', 'perry.bechtle', 'kerstynblanco', 'msuresh', 'kennedycobb', 'bklein1', 'kyle.james', 'dwasko', 'mwielatz', 'nowen1', 'kylelackey', 't.farrar', 'kginter', 'reiter.web', 'juliasthilaire', 'jbrisbourne46', 'rajeevkini', 'andrew.montiegel', 'm.mcguinness', 'bthompson2', 'daanish.shauib', 'm.mamun', 'ksantaniello', 'ablimitablez', 'haquem', 'carson.mcneely', 's.alderman', 'ehecht', 'hernandezv', 'liyingwu']",5,"['nicholaspech', 'ashleymitchell', 'diploadrauu', 'nguyenk2', None]",65,"['ashleydonald', 'zhewitt', 'tyler.mark', 'rnowak', 'caderylands', 'a01632193', 'jherreracarrillo', 'jting', 'sergiolopez', 'olivia.bergmann', 'j.sforza', 'brookemc28', 'cyarborough1', 'molinay', 'jjeffares13', 'thomasdonovan', 'bcayush', 'mariecrosby', 'joseph.johnson', 'justinwalsh', 'brianlien', 'jwingen', 'roy.mesa', 'yassin.labichi', 'slo5228', 'nguyenk2', 'lnava', 'gavin.drawdy', 'sgandhi', 'perry.bechtle', 'kerstynblanco', 'nicholaspech', 'msuresh', 'kennedycobb', 'bklein1', 'kyle.james', 'dwasko', 'mwielatz', 'nowen1', 'kylelackey', 't.farrar', 'j.cardenas', 'kginter', 'hvantassel', 'reiter.web', 'juliasthilaire', None, 'johnmallari', 'jbrisbourne46', 'ashleymitchell', 'rajeevkini', 'andrew.montiegel', 'm.mcguinness', 'bthompson2', 'daanish.shauib', 'm.mamun', 'ksantaniello', 'ablimitablez', 'diploadrauu', 'haquem', 'carson.mcneely', 's.alderman', 'ehecht', 'hernandezv', 'liyingwu']"
18,177,61,7,3,"['lnava', 'haquem', 'carson.mcneely']",57,"['ashleydonald', 'zhewitt', 'tyler.mark', 'rnowak', 'caderylands', 'a01632193', 'jherreracarrillo', 'jting', 'sergiolopez', 'olivia.bergmann', 'j.sforza', 'brookemc28', 'cyarborough1', 'molinay', 'jjeffares13', 'thomasdonovan', 'bcayush', 'mariecrosby', 'joseph.johnson', 'justinwalsh', 'brianlien', 'jwingen', 'roy.mesa', 'yassin.labichi', 'slo5228', 'gavin.drawdy', 'sgandhi', 'perry.bechtle', 'kerstynblanco', 'msuresh', 'kennedycobb', 'bklein1', 'kyle.james', 'dwasko', 'mwielatz', 'nowen1', 'kylelackey', 't.farrar', 'j.cardenas', 'kginter', 'hvantassel', 'reiter.web', 'juliasthilaire', 'johnmallari', 'jbrisbourne46', 'rajeevkini', 'andrew.montiegel', 'm.mcguinness', 'bthompson2', 'daanish.shauib', 'm.mamun', 'ksantaniello', 'ablimitablez', 's.alderman', 'ehecht', 'hernandezv', 'liyingwu']",4,"['lianettpineda', 'btanguay', None, 'eric.bodnar']",64,"['ashleydonald', 'zhewitt', 'tyler.mark', 'rnowak', 'caderylands', 'a01632193', 'jherreracarrillo', 'jting', 'sergiolopez', 'olivia.bergmann', 'j.sforza', 'brookemc28', 'cyarborough1', 'molinay', 'jjeffares13', 'thomasdonovan', 'bcayush', 'mariecrosby', 'joseph.johnson', 'justinwalsh', 'brianlien', 'jwingen', 'roy.mesa', 'yassin.labichi', 'slo5228', 'lnava', 'gavin.drawdy', 'sgandhi', 'perry.bechtle', 'kerstynblanco', 'msuresh', 'kennedycobb', 'bklein1', 'kyle.james', 'dwasko', 'mwielatz', 'eric.bodnar', 'nowen1', 'kylelackey', 't.farrar', 'j.cardenas', 'kginter', 'hvantassel', 'reiter.web', 'btanguay', 'juliasthilaire', None, 'johnmallari', 'lianettpineda', 'jbrisbourne46', 'rajeevkini', 'andrew.montiegel', 'm.mcguinness', 'bthompson2', 'daanish.shauib', 'm.mamun', 'ksantaniello', 'ablimitablez', 'haquem', 'carson.mcneely', 's.alderman', 'ehecht', 'hernandezv', 'liyingwu']"
18,179,61,7,5,"['mariecrosby', 'dwasko', 'nowen1', 'ehecht', 'molinay']",55,"['ashleydonald', 'zhewitt', 'tyler.mark', 'rnowak', 'caderylands', 'a01632193', 'jherreracarrillo', 'jting', 'sergiolopez', 'olivia.bergmann', 'j.sforza', 'brookemc28', 'cyarborough1', 'jjeffares13', 'thomasdonovan', 'bcayush', 'joseph.johnson', 'justinwalsh', 'brianlien', 'jwingen', 'roy.mesa', 'yassin.labichi', 'slo5228', 'lnava', 'gavin.drawdy', 'sgandhi', 'perry.bechtle', 'kerstynblanco', 'msuresh', 'kennedycobb', 'bklein1', 'kyle.james', 'mwielatz', 'kylelackey', 't.farrar', 'j.cardenas', 'kginter', 'hvantassel', 'reiter.web', 'juliasthilaire', 'johnmallari', 'jbrisbourne46', 'rajeevkini', 'andrew.montiegel', 'm.mcguinness', 'bthompson2', 'daanish.shauib', 'm.mamun', 'ksantaniello', 'ablimitablez', 'haquem', 'carson.mcneely', 's.alderman', 'hernandezv', 'liyingwu']",2,"[None, 'wkirby1']",62,"['ashleydonald', 'zhewitt', 'tyler.mark', 'rnowak', 'caderylands', 'a01632193', 'jherreracarrillo', 'jting', 'sergiolopez', 'olivia.bergmann', 'j.sforza', 'brookemc28', 'cyarborough1', 'molinay', 'jjeffares13', 'thomasdonovan', 'bcayush', 'mariecrosby', 'joseph.johnson', 'justinwalsh', 'brianlien', 'jwingen', 'roy.mesa', 'yassin.labichi', 'slo5228', 'lnava', 'gavin.drawdy', 'sgandhi', 'perry.bechtle', 'kerstynblanco', 'msuresh', 'kennedycobb', 'bklein1', 'wkirby1', 'kyle.james', 'dwasko', 'mwielatz', 'nowen1', 'kylelackey', 't.farrar', 'j.cardenas', 'kginter', 'hvantassel', 'reiter.web', 'juliasthilaire', None, 'johnmallari', 'jbrisbourne46', 'rajeevkini', 'andrew.montiegel', 'm.mcguinness', 'bthompson2', 'daanish.shauib', 'm.mamun', 'ksantaniello', 'ablimitablez', 'haquem', 'carson.mcneely', 's.alderman', 'ehecht', 'hernandezv', 'liyingwu']"
19,391,59,43,34,"['wrishk2', 'bnw4', 'torsr2', 'sendres2', 'jrange23', 'eoh23', 'yuchang3', 'dhamill2', 'fulcrum', 'chyu3', 'boyazhu2', 'shawnc2', 'nk13', 'ssibi2', 'jacobt6', 'iajifo2', 'msiddi60', 'niharrm2', 'ryusuke2', 'anm9', 'efalse2', 'aaguero2', 'xinzhih2', 'aleahht2', 'jinyang9', 'hyunbin2', 'ddejong2', 'jheaton3', 'nwa2', 'msolis27', 'benvau2', 'jalies2', 'zainab2', 'ryanlim2']",24,"['vic4', 'kirkbloom67', 'damer', 'mmj5', 'nmohrkub', 'marialc3', 'aniyogi2', 'hatoonb2', 'xianzhi2', 'dylanh5', 'raranade', 'sopfeil2', 'mozahma2', 'maritza8', 'maryama3', 'boyangy4', 'juliahd2', 'simong2', 'mkurecki', 'tkoduri2', 'pc20', 'yunzhes2', 'rsears4', 'zy26']",9,"['mrc13', 'dcudzi2', 'hanlinw3', 'malonzo2', 'kirajm2', 'jaredf2', 'juliawp2', None, 'sali93']",67,"['mrc13', 'bnw4', 'vic4', 'kirkbloom67', 'damer', 'jrange23', 'juliawp2', 'yuchang3', 'nmohrkub', 'chyu3', 'boyazhu2', 'hatoonb2', 'nk13', 'jaredf2', 'raranade', 'ssibi2', 'mozahma2', 'iajifo2', 'maryama3', 'niharrm2', 'ryusuke2', 'efalse2', 'aaguero2', 'jinyang9', 'simong2', 'hyunbin2', 'mkurecki', 'tkoduri2', 'ddejong2', 'pc20', 'jheaton3', 'jalies2', 'kirajm2', 'rsears4', 'zainab2', 'ryanlim2', 'zy26', 'wrishk2', 'torsr2', 'sendres2', 'eoh23', 'mmj5', 'dhamill2', 'fulcrum', 'marialc3', 'shawnc2', 'aniyogi2', 'xianzhi2', 'dylanh5', 'sopfeil2', 'jacobt6', 'maritza8', 'msiddi60', 'boyangy4', 'malonzo2', 'anm9', 'xinzhih2', 'juliahd2', 'aleahht2', 'hanlinw3', None, 'sali93', 'dcudzi2', 'nwa2', 'benvau2', 'msolis27', 'yunzhes2']"
19,394,59,29,3,"['mkurecki', 'nmohrkub', 'raranade']",55,"['wrishk2', 'bnw4', 'vic4', 'kirkbloom67', 'damer', 'sendres2', 'torsr2', 'jrange23', 'eoh23', 'mmj5', 'yuchang3', 'dhamill2', 'fulcrum', 'chyu3', 'boyazhu2', 'marialc3', 'shawnc2', 'aniyogi2', 'hatoonb2', 'xianzhi2', 'dylanh5', 'nk13', 'ssibi2', 'sopfeil2', 'mozahma2', 'iajifo2', 'jacobt6', 'maritza8', 'msiddi60', 'maryama3', 'niharrm2', 'boyangy4', 'ryusuke2', 'anm9', 'efalse2', 'xinzhih2', 'aaguero2', 'juliahd2', 'aleahht2', 'jinyang9', 'simong2', 'hyunbin2', 'tkoduri2', 'ddejong2', 'pc20', 'jheaton3', 'nwa2', 'benvau2', 'jalies2', 'msolis27', 'yunzhes2', 'rsears4', 'zainab2', 'ryanlim2', 'zy26']",26,"['jrsanne1', 'djdenzer', 'mrplatt1', 'tdmcgow1', 'mmblaes', 'rlmabry', 'mesmeral', 'dokbamic', 'arouhand', 'udesarda', 'tlvo1', 'mkhadley', 'bpovilus', 'kgupta42', 'tlovell2', None, 'crdavi26', 'sdahal4', 'ksantos5', 'rwtheilm', 'chattend', 'jeaniekim', 'hcquinn', 'mvkimbal', 'ijsxa', 'mdlevin2']",84,"['bnw4', 'vic4', 'kirkbloom67', 'damer', 'jrange23', 'djdenzer', 'mrplatt1', 'yuchang3', 'nmohrkub', 'chyu3', 'boyazhu2', 'rlmabry', 'mesmeral', 'hatoonb2', 'nk13', 'raranade', 'ssibi2', 'mozahma2', 'iajifo2', 'maryama3', 'niharrm2', 'ryusuke2', 'efalse2', 'aaguero2', 'bpovilus', 'kgupta42', 'jinyang9', 'simong2', 'crdavi26', 'sdahal4', 'hyunbin2', 'mkurecki', 'tkoduri2', 'ksantos5', 'ddejong2', 'pc20', 'jheaton3', 'jalies2', 'rsears4', 'zainab2', 'ryanlim2', 'mvkimbal', 'zy26', 'jrsanne1', 'wrishk2', 'torsr2', 'sendres2', 'eoh23', 'mmj5', 'tdmcgow1', 'dhamill2', 'fulcrum', 'mmblaes', 'marialc3', 'shawnc2', 'aniyogi2', 'xianzhi2', 'dylanh5', 'dokbamic', 'sopfeil2', 'jacobt6', 'arouhand', 'maritza8', 'msiddi60', 'udesarda', 'tlvo1', 'boyangy4', 'anm9', 'mkhadley', 'xinzhih2', 'juliahd2', 'aleahht2', 'tlovell2', None, 'rwtheilm', 'nwa2', 'benvau2', 'msolis27', 'chattend', 'yunzhes2', 'jeaniekim', 'hcquinn', 'ijsxa', 'mdlevin2']"
19,393,59,25,1,['kirkbloom67'],57,"['wrishk2', 'bnw4', 'vic4', 'torsr2', 'damer', 'sendres2', 'jrange23', 'eoh23', 'mmj5', 'yuchang3', 'nmohrkub', 'dhamill2', 'fulcrum', 'chyu3', 'boyazhu2', 'marialc3', 'shawnc2', 'aniyogi2', 'hatoonb2', 'xianzhi2', 'dylanh5', 'nk13', 'raranade', 'ssibi2', 'sopfeil2', 'mozahma2', 'iajifo2', 'jacobt6', 'maritza8', 'msiddi60', 'maryama3', 'niharrm2', 'boyangy4', 'ryusuke2', 'anm9', 'efalse2', 'xinzhih2', 'aaguero2', 'juliahd2', 'aleahht2', 'jinyang9', 'simong2', 'hyunbin2', 'mkurecki', 'tkoduri2', 'ddejong2', 'pc20', 'jheaton3', 'nwa2', 'benvau2', 'jalies2', 'msolis27', 'yunzhes2', 'rsears4', 'zainab2', 'ryanlim2', 'zy26']",24,"['maraimas', 'aldosolis86', 'a01025509', 'lucia_lopez.p', 'hecticcoder', 'rafael99', 'gracefulpepin', 'alonso_juarez', 'a01026877', 'joaquinbonavides', 'a01023042', 'chrisv212', 'a01022745', 'ayax.hernando', 'erickamc', 'freddy_rd99', 'a01022671', 'abigail.corts', None, 'a01022623', 'a01026852', 'a01026748', 'a01657045', 'ricardocastillejo']",82,"['maraimas', 'aldosolis86', 'a01025509', 'bnw4', 'vic4', 'kirkbloom67', 'damer', 'jrange23', 'hecticcoder', 'rafael99', 'yuchang3', 'nmohrkub', 'chyu3', 'boyazhu2', 'a01026877', 'hatoonb2', 'a01023042', 'nk13', 'raranade', 'ssibi2', 'chrisv212', 'mozahma2', 'iajifo2', 'maryama3', 'a01022745', 'niharrm2', 'ayax.hernando', 'ryusuke2', 'efalse2', 'aaguero2', 'freddy_rd99', 'jinyang9', 'simong2', 'hyunbin2', 'mkurecki', 'tkoduri2', 'ddejong2', 'pc20', 'jheaton3', 'jalies2', 'a01026748', 'rsears4', 'zainab2', 'ryanlim2', 'zy26', 'wrishk2', 'torsr2', 'lucia_lopez.p', 'sendres2', 'eoh23', 'gracefulpepin', 'mmj5', 'dhamill2', 'fulcrum', 'alonso_juarez', 'marialc3', 'joaquinbonavides', 'shawnc2', 'aniyogi2', 'xianzhi2', 'dylanh5', 'sopfeil2', 'jacobt6', 'maritza8', 'msiddi60', 'boyangy4', 'anm9', 'erickamc', 'xinzhih2', 'juliahd2', 'aleahht2', 'a01022671', 'abigail.corts', None, 'a01022623', 'a01026852', 'nwa2', 'benvau2', 'msolis27', 'yunzhes2', 'a01657045', 'ricardocastillejo']"
19,392,59,11,10,"['maritza8', 'vic4', 'marialc3', 'pc20', 'jrange23', 'rsears4', 'ssibi2', 'sopfeil2', 'iajifo2', 'simong2']",48,"['wrishk2', 'bnw4', 'kirkbloom67', 'damer', 'sendres2', 'torsr2', 'eoh23', 'mmj5', 'yuchang3', 'nmohrkub', 'dhamill2', 'fulcrum', 'chyu3', 'boyazhu2', 'shawnc2', 'aniyogi2', 'hatoonb2', 'xianzhi2', 'dylanh5', 'nk13', 'raranade', 'mozahma2', 'jacobt6', 'msiddi60', 'maryama3', 'niharrm2', 'boyangy4', 'ryusuke2', 'anm9', 'efalse2', 'xinzhih2', 'aaguero2', 'juliahd2', 'aleahht2', 'jinyang9', 'hyunbin2', 'mkurecki', 'tkoduri2', 'ddejong2', 'jheaton3', 'nwa2', 'benvau2', 'jalies2', 'msolis27', 'yunzhes2', 'zainab2', 'ryanlim2', 'zy26']",1,[None],59,"['wrishk2', 'bnw4', 'vic4', 'kirkbloom67', 'damer', 'sendres2', 'torsr2', 'jrange23', 'eoh23', 'mmj5', 'yuchang3', 'nmohrkub', 'dhamill2', 'fulcrum', 'chyu3', 'boyazhu2', 'marialc3', 'shawnc2', 'aniyogi2', 'hatoonb2', 'xianzhi2', 'dylanh5', 'nk13', 'raranade', 'ssibi2', 'sopfeil2', 'mozahma2', 'iajifo2', 'jacobt6', 'maritza8', 'msiddi60', 'maryama3', 'niharrm2', 'boyangy4', 'ryusuke2', 'anm9', 'efalse2', 'xinzhih2', 'aaguero2', 'juliahd2', 'aleahht2', None, 'jinyang9', 'simong2', 'hyunbin2', 'mkurecki', 'tkoduri2', 'ddejong2', 'pc20', 'jheaton3', 'nwa2', 'benvau2', 'jalies2', 'msolis27', 'yunzhes2', 'rsears4', 'zainab2', 'ryanlim2', 'zy26']"
20,472,57,32,16,"['seher', 'tahademiryol85', 'abdullahcamoglu675', 'yusufacoskun', 'goknur.derinoz', 'aliikazankaya', 'stsaw97', 'berksaldr', 'karaaslanmustafa4534', '1967hamzausta', 'haticeterzibali', 'mertkaggle', 'alikanadli7', 'ekim.coskun19', 'ozumkocaman9', 'ekicifatih0']",40,"['onurerks', 'yamakonurcan', 'ayvaz09', 'emircansimsek', 'neslihannayy', 'rapizor', 'raistlin', 'keryfly', 'sezkale52', 'fatihyorgun1996', 'enesdinler1', 'berkcmn', 'melikedogru22', 'bertansafak', 'osmanestbkts', 'ymenekse1', 'ufuk', 'kaankuncak', 'ceydabayrak581', 'corezyadigar26', 'kaanbjk27', 'brs21', 'alperensenyigit.as', 'kagansensazli', 'kaayaa40', 'furkan552senturk', 'ataozirmak', 'mmb', 'elembengisu', 'oguzxxx55', 'ranaoztemur', 'sayhello2rishavsagar', 'siu854440416', 'sflt317', 'furkan069906', 'anilboran0671', 'rdvanokul05', 'dumpnit', 'furkan12', 'atakanzmbr']",16,"['testeremre70', 'ozcanguclu', 'omertrbzn6197', 'flzkdndr', 'altugyaylaci', 'kadandirf', 'oktayhalitekinay', 'aslanersin32', 'serdememen', 'oknky', 'sonerkar', 'tugbakoyuncu99', 'asdadsa', 'edakartari', None, 'murat.kolcu.1926']",72,"['flzkdndr', 'onurerks', 'abdullahcamoglu675', 'ayvaz09', 'stsaw97', 'rapizor', 'raistlin', 'karaaslanmustafa4534', 'keryfly', 'sonerkar', 'sezkale52', 'ekim.coskun19', 'yusufacoskun', 'goknur.derinoz', 'kadandirf', 'oktayhalitekinay', 'bertansafak', 'tugbakoyuncu99', 'kaankuncak', 'tahademiryol85', 'corezyadigar26', 'kaanbjk27', 'brs21', 'alperensenyigit.as', 'serdememen', '1967hamzausta', 'kaayaa40', 'alikanadli7', 'ataozirmak', 'mmb', 'oknky', 'elembengisu', 'oguzxxx55', 'ozumkocaman9', 'ranaoztemur', 'sayhello2rishavsagar', 'siu854440416', 'sflt317', 'mertkaggle', 'berksaldr', 'edakartari', 'murat.kolcu.1926', 'seher', 'testeremre70', 'yamakonurcan', 'emircansimsek', 'aliikazankaya', 'neslihannayy', 'fatihyorgun1996', 'ekicifatih0', 'ozcanguclu', 'omertrbzn6197', 'enesdinler1', 'berkcmn', 'melikedogru22', 'aslanersin32', 'ymenekse1', 'osmanestbkts', 'ufuk', 'altugyaylaci', 'ceydabayrak581', 'kagansensazli', 'haticeterzibali', 'furkan552senturk', None, 'furkan069906', 'anilboran0671', 'rdvanokul05', 'dumpnit', 'furkan12', 'atakanzmbr', 'asdadsa']"
20,471,57,20,11,"['ranaoztemur', 'onurerks', 'yamakonurcan', 'melikedogru22', 'furkan069906', '1967hamzausta', 'bertansafak', 'kaayaa40', 'anilboran0671', 'furkan12', 'furkan552senturk']",45,"['seher', 'abdullahcamoglu675', 'ayvaz09', 'emircansimsek', 'aliikazankaya', 'stsaw97', 'neslihannayy', 'rapizor', 'raistlin', 'karaaslanmustafa4534', 'keryfly', 'ekim.coskun19', 'sezkale52', 'fatihyorgun1996', 'ekicifatih0', 'enesdinler1', 'berkcmn', 'yusufacoskun', 'goknur.derinoz', 'ymenekse1', 'osmanestbkts', 'ufuk', 'kaankuncak', 'tahademiryol85', 'ceydabayrak581', 'corezyadigar26', 'kaanbjk27', 'brs21', 'alperensenyigit.as', 'kagansensazli', 'haticeterzibali', 'alikanadli7', 'ataozirmak', 'mmb', 'elembengisu', 'oguzxxx55', 'ozumkocaman9', 'sayhello2rishavsagar', 'siu854440416', 'sflt317', 'rdvanokul05', 'mertkaggle', 'dumpnit', 'atakanzmbr', 'berksaldr']",9,"['ulusoy2006', 'byzayh13', 'halilalp', 'arif.ozkan5806', 'mrtmert98', 'salcaburak', None, 'murat.kolcu.1926', 'aydoganaali19']",65,"['seher', 'ulusoy2006', 'onurerks', 'abdullahcamoglu675', 'ayvaz09', 'emircansimsek', 'aliikazankaya', 'yamakonurcan', 'stsaw97', 'neslihannayy', 'rapizor', 'halilalp', 'raistlin', 'karaaslanmustafa4534', 'keryfly', 'sezkale52', 'ekim.coskun19', 'fatihyorgun1996', 'byzayh13', 'ekicifatih0', 'enesdinler1', 'berkcmn', 'yusufacoskun', 'melikedogru22', 'goknur.derinoz', 'bertansafak', 'ymenekse1', 'osmanestbkts', 'ufuk', 'kaankuncak', 'tahademiryol85', 'ceydabayrak581', 'corezyadigar26', 'kaanbjk27', 'brs21', 'alperensenyigit.as', 'kagansensazli', '1967hamzausta', 'haticeterzibali', 'kaayaa40', 'alikanadli7', 'ataozirmak', 'mmb', 'elembengisu', 'oguzxxx55', None, 'ozumkocaman9', 'ranaoztemur', 'sayhello2rishavsagar', 'arif.ozkan5806', 'siu854440416', 'atakanzmbr', 'mrtmert98', 'sflt317', 'furkan069906', 'anilboran0671', 'mertkaggle', 'dumpnit', 'rdvanokul05', 'furkan12', 'furkan552senturk', 'berksaldr', 'salcaburak', 'murat.kolcu.1926', 'aydoganaali19']"
20,473,57,17,6,"['ceydabayrak581', 'corezyadigar26', 'emircansimsek', 'keryfly', 'ataozirmak', 'ymenekse1']",50,"['seher', 'onurerks', 'abdullahcamoglu675', 'ayvaz09', 'yamakonurcan', 'aliikazankaya', 'stsaw97', 'neslihannayy', 'rapizor', 'raistlin', 'karaaslanmustafa4534', 'ekim.coskun19', 'sezkale52', 'fatihyorgun1996', 'ekicifatih0', 'enesdinler1', 'melikedogru22', 'yusufacoskun', 'berkcmn', 'goknur.derinoz', 'bertansafak', 'osmanestbkts', 'ufuk', 'kaankuncak', 'tahademiryol85', 'kaanbjk27', 'brs21', 'alperensenyigit.as', 'kagansensazli', '1967hamzausta', 'haticeterzibali', 'kaayaa40', 'alikanadli7', 'furkan552senturk', 'mmb', 'elembengisu', 'oguzxxx55', 'ozumkocaman9', 'ranaoztemur', 'sayhello2rishavsagar', 'siu854440416', 'sflt317', 'furkan069906', 'anilboran0671', 'mertkaggle', 'dumpnit', 'rdvanokul05', 'furkan12', 'atakanzmbr', 'berksaldr']",11,"['fdirisaglik', 'mmozcan4', 'mumiock.1067', 'ftah', 'panellink1', 'yunusyeo768', 'lerner', 'burakalperen87', 'talayhalil2626', None, 'tugbakoyuncu99']",67,"['seher', 'onurerks', 'abdullahcamoglu675', 'ayvaz09', 'emircansimsek', 'aliikazankaya', 'yamakonurcan', 'stsaw97', 'neslihannayy', 'rapizor', 'raistlin', 'karaaslanmustafa4534', 'keryfly', 'sezkale52', 'ekim.coskun19', 'fatihyorgun1996', 'ekicifatih0', 'enesdinler1', 'berkcmn', 'yusufacoskun', 'melikedogru22', 'goknur.derinoz', 'yunusyeo768', 'bertansafak', 'ymenekse1', 'osmanestbkts', 'tugbakoyuncu99', 'ufuk', 'kaankuncak', 'tahademiryol85', 'ceydabayrak581', 'corezyadigar26', 'mmozcan4', 'kaanbjk27', 'brs21', 'alperensenyigit.as', 'kagansensazli', '1967hamzausta', 'haticeterzibali', 'kaayaa40', 'alikanadli7', 'ataozirmak', 'mmb', 'talayhalil2626', 'elembengisu', 'oguzxxx55', None, 'ozumkocaman9', 'ranaoztemur', 'fdirisaglik', 'sayhello2rishavsagar', 'mumiock.1067', 'siu854440416', 'atakanzmbr', 'ftah', 'panellink1', 'burakalperen87', 'sflt317', 'furkan069906', 'anilboran0671', 'mertkaggle', 'dumpnit', 'rdvanokul05', 'lerner', 'furkan12', 'furkan552senturk', 'berksaldr']"
20,475,57,8,4,"['onurerks', 'kaankuncak', 'raistlin', 'dumpnit']",52,"['seher', 'abdullahcamoglu675', 'ayvaz09', 'emircansimsek', 'aliikazankaya', 'yamakonurcan', 'stsaw97', 'neslihannayy', 'rapizor', 'karaaslanmustafa4534', 'keryfly', 'sezkale52', 'ekim.coskun19', 'fatihyorgun1996', 'ekicifatih0', 'enesdinler1', 'berkcmn', 'yusufacoskun', 'melikedogru22', 'goknur.derinoz', 'bertansafak', 'ymenekse1', 'osmanestbkts', 'ufuk', 'tahademiryol85', 'ceydabayrak581', 'corezyadigar26', 'kaanbjk27', 'brs21', 'alperensenyigit.as', 'kagansensazli', '1967hamzausta', 'haticeterzibali', 'kaayaa40', 'alikanadli7', 'ataozirmak', 'mmb', 'elembengisu', 'oguzxxx55', 'ozumkocaman9', 'ranaoztemur', 'sayhello2rishavsagar', 'siu854440416', 'atakanzmbr', 'sflt317', 'furkan069906', 'anilboran0671', 'mertkaggle', 'rdvanokul05', 'furkan12', 'furkan552senturk', 'berksaldr']",4,"['halilibrahimtiken', None, 'mstff.1clkk', 'murattdo']",60,"['seher', 'onurerks', 'abdullahcamoglu675', 'ayvaz09', 'emircansimsek', 'aliikazankaya', 'yamakonurcan', 'stsaw97', 'neslihannayy', 'rapizor', 'mstff.1clkk', 'raistlin', 'karaaslanmustafa4534', 'halilibrahimtiken', 'keryfly', 'sezkale52', 'ekim.coskun19', 'fatihyorgun1996', 'ekicifatih0', 'enesdinler1', 'berkcmn', 'yusufacoskun', 'melikedogru22', 'goknur.derinoz', 'bertansafak', 'ymenekse1', 'osmanestbkts', 'ufuk', 'kaankuncak', 'tahademiryol85', 'ceydabayrak581', 'corezyadigar26', 'kaanbjk27', 'brs21', 'alperensenyigit.as', 'kagansensazli', '1967hamzausta', 'haticeterzibali', 'kaayaa40', 'alikanadli7', 'ataozirmak', 'mmb', 'elembengisu', 'oguzxxx55', None, 'ozumkocaman9', 'ranaoztemur', 'sayhello2rishavsagar', 'siu854440416', 'atakanzmbr', 'sflt317', 'furkan069906', 'anilboran0671', 'mertkaggle', 'dumpnit', 'rdvanokul05', 'murattdo', 'furkan12', 'furkan552senturk', 'berksaldr']"
20,474,57,7,2,"['rdvanokul05', 'enesdinler1']",54,"['seher', 'onurerks', 'abdullahcamoglu675', 'ayvaz09', 'emircansimsek', 'aliikazankaya', 'yamakonurcan', 'stsaw97', 'neslihannayy', 'rapizor', 'raistlin', 'karaaslanmustafa4534', 'keryfly', 'sezkale52', 'ekim.coskun19', 'fatihyorgun1996', 'ekicifatih0', 'berkcmn', 'yusufacoskun', 'melikedogru22', 'goknur.derinoz', 'bertansafak', 'ymenekse1', 'osmanestbkts', 'ufuk', 'kaankuncak', 'tahademiryol85', 'ceydabayrak581', 'corezyadigar26', 'kaanbjk27', 'brs21', 'alperensenyigit.as', 'kagansensazli', '1967hamzausta', 'haticeterzibali', 'kaayaa40', 'alikanadli7', 'ataozirmak', 'mmb', 'elembengisu', 'oguzxxx55', 'ozumkocaman9', 'ranaoztemur', 'sayhello2rishavsagar', 'siu854440416', 'atakanzmbr', 'sflt317', 'furkan069906', 'anilboran0671', 'mertkaggle', 'dumpnit', 'furkan12', 'furkan552senturk', 'berksaldr']",5,"['azazimalii', 'ogu0001', 'mtakcali', 'cancetinkaya1201', None]",61,"['seher', 'onurerks', 'abdullahcamoglu675', 'ayvaz09', 'emircansimsek', 'aliikazankaya', 'yamakonurcan', 'stsaw97', 'neslihannayy', 'rapizor', 'raistlin', 'karaaslanmustafa4534', 'keryfly', 'mtakcali', 'sezkale52', 'ekim.coskun19', 'fatihyorgun1996', 'ekicifatih0', 'enesdinler1', 'berkcmn', 'yusufacoskun', 'melikedogru22', 'goknur.derinoz', 'bertansafak', 'ymenekse1', 'osmanestbkts', 'ufuk', 'kaankuncak', 'azazimalii', 'tahademiryol85', 'ceydabayrak581', 'corezyadigar26', 'kaanbjk27', 'ogu0001', 'brs21', 'alperensenyigit.as', 'kagansensazli', '1967hamzausta', 'haticeterzibali', 'kaayaa40', 'alikanadli7', 'ataozirmak', 'mmb', 'elembengisu', 'oguzxxx55', None, 'ozumkocaman9', 'ranaoztemur', 'sayhello2rishavsagar', 'siu854440416', 'atakanzmbr', 'sflt317', 'furkan069906', 'anilboran0671', 'mertkaggle', 'dumpnit', 'rdvanokul05', 'furkan12', 'furkan552senturk', 'berksaldr', 'cancetinkaya1201']"
21,140,50,36,2,"['lumodava', 'pacodelamar']",47,"['oscarmunozcuamtzi', 's3712599', 'shreyagirish09', 'nateserc', 'jeevanprakash.ha2020', 'cnianne', 'riya.s.shah30', 'pkothari0910', 'swarajmthorat', 'deluisfloresfranciscoa', 'minimicro', 'mariola13', 'angelgordon33', 'sharmi9947', 'eshanshah', 'lilscience211', 'voramegh18', 'kshameen182', 'yashsakpal0504', 'anujachanana', 'atc427', 'noe01377', 'diximehta99', 'espinosacantea2', 'astha.mehta28', 'fg0007', 'param.patel4399', 's1ddhant', 'dibyendumaity1999', 'dashita27', 'mokshavora66', 'vyshakmenon4', 'devdutt', 'marcobolo', 's3479811', 'djpaul', 'rutikpithwa', 'lbw', 'niyatibd', 'sohamshah', 'lalita', 'vaibhavi_sonetha', 'giakyrizzi', 'sim.pawar', 'sejal0022', 'ayush2310', 'psmit']",34,"['j.mendezm', 'lcarolopez.lecl', 'estebanboada', 'eric.klozr', 'gonzalezcamilo672', 'jaiverthadrian25', 'federicoberbesi', 'j.acostac', 'id.escobar', 'juanpa12', 'alejocibe', 'dianasalcedo', 'jorgel17', 'davidsantiagomoncayo', 'cristianjulian132002', 'ruedasan', 'dannielmoreno', 'juan10eslav', 'juansebastiancorredor12', 'gotty', 'arizah0707', 'juancreyes201', 'd.posadap', 'danielvillarg3', 'acordero', None, 'camiloarango', 'j.morenos', 'manuf.vargas36', 'ms.zarate8', 'c.escobarh', 'santy015', 'karenpolania', 'felipio32']",83,"['j.mendezm', 'oscarmunozcuamtzi', 's3712599', 'estebanboada', 'gonzalezcamilo672', 'shreyagirish09', 'nateserc', 'jeevanprakash.ha2020', 'riya.s.shah30', 'pkothari0910', 'federicoberbesi', 'j.acostac', 'mariola13', 'juanpa12', 'sharmi9947', 'eshanshah', 'voramegh18', 'alejocibe', 'pacodelamar', 'dianasalcedo', 'jorgel17', 'anujachanana', 'cristianjulian132002', 'dannielmoreno', 'atc427', 'noe01377', 'diximehta99', 'juansebastiancorredor12', 'astha.mehta28', 'gotty', 'juancreyes201', 'dashita27', 'acordero', 'vyshakmenon4', 'marcobolo', 's3479811', 'djpaul', 'camiloarango', 'rutikpithwa', 'lbw', 'niyatibd', 'lalita', 'manuf.vargas36', 'ms.zarate8', 'vaibhavi_sonetha', 'sejal0022', 'ayush2310', 'santy015', 'psmit', 'karenpolania', 'felipio32', 'eric.klozr', 'jaiverthadrian25', 'cnianne', 'swarajmthorat', 'deluisfloresfranciscoa', 'minimicro', 'id.escobar', 'angelgordon33', 'lilscience211', 'kshameen182', 'yashsakpal0504', 'davidsantiagomoncayo', 'ruedasan', 'juan10eslav', 'espinosacantea2', 'fg0007', 'param.patel4399', 's1ddhant', 'arizah0707', 'dibyendumaity1999', 'd.posadap', 'danielvillarg3', 'mokshavora66', 'devdutt', None, 'lumodava', 'sohamshah', 'j.morenos', 'giakyrizzi', 'c.escobarh', 'sim.pawar', 'lcarolopez.lecl']"
21,141,50,23,20,"['shreyagirish09', 'riya.s.shah30', 'pkothari0910', 'minimicro', 'sharmi9947', 'voramegh18', 'lilscience211', 'kshameen182', 'yashsakpal0504', 'diximehta99', 'param.patel4399', 's1ddhant', 'dashita27', 'devdutt', 'niyatibd', 'lalita', 'sim.pawar', 'sejal0022', 'ayush2310', 'psmit']",29,"['oscarmunozcuamtzi', 's3712599', 'nateserc', 'jeevanprakash.ha2020', 'cnianne', 'swarajmthorat', 'deluisfloresfranciscoa', 'mariola13', 'angelgordon33', 'eshanshah', 'pacodelamar', 'anujachanana', 'atc427', 'noe01377', 'espinosacantea2', 'astha.mehta28', 'fg0007', 'dibyendumaity1999', 'mokshavora66', 'vyshakmenon4', 'marcobolo', 's3479811', 'lumodava', 'djpaul', 'rutikpithwa', 'lbw', 'sohamshah', 'vaibhavi_sonetha', 'giakyrizzi']",3,"['nidhi.joshi', None, 'banerjiank21']",52,"['oscarmunozcuamtzi', 's3712599', 'shreyagirish09', 'nateserc', 'jeevanprakash.ha2020', 'cnianne', 'riya.s.shah30', 'pkothari0910', 'swarajmthorat', 'deluisfloresfranciscoa', 'minimicro', 'mariola13', 'angelgordon33', 'sharmi9947', 'eshanshah', 'lilscience211', 'voramegh18', 'kshameen182', 'pacodelamar', 'banerjiank21', 'yashsakpal0504', 'anujachanana', 'nidhi.joshi', 'atc427', 'noe01377', 'diximehta99', 'espinosacantea2', 'astha.mehta28', 'fg0007', 'param.patel4399', 's1ddhant', 'dibyendumaity1999', 'dashita27', 'mokshavora66', 'vyshakmenon4', 'devdutt', 'marcobolo', None, 's3479811', 'lumodava', 'djpaul', 'rutikpithwa', 'lbw', 'niyatibd', 'sohamshah', 'lalita', 'vaibhavi_sonetha', 'giakyrizzi', 'sim.pawar', 'sejal0022', 'ayush2310', 'psmit']"
21,147,50,23,2,"['nateserc', 'fg0007']",47,"['oscarmunozcuamtzi', 's3712599', 'shreyagirish09', 'jeevanprakash.ha2020', 'cnianne', 'riya.s.shah30', 'pkothari0910', 'swarajmthorat', 'deluisfloresfranciscoa', 'minimicro', 'mariola13', 'angelgordon33', 'sharmi9947', 'eshanshah', 'lilscience211', 'voramegh18', 'kshameen182', 'pacodelamar', 'yashsakpal0504', 'anujachanana', 'atc427', 'noe01377', 'diximehta99', 'espinosacantea2', 'astha.mehta28', 'param.patel4399', 's1ddhant', 'dibyendumaity1999', 'dashita27', 'mokshavora66', 'vyshakmenon4', 'devdutt', 'marcobolo', 's3479811', 'lumodava', 'djpaul', 'rutikpithwa', 'lbw', 'niyatibd', 'sohamshah', 'lalita', 'vaibhavi_sonetha', 'giakyrizzi', 'sim.pawar', 'sejal0022', 'ayush2310', 'psmit']",21,"['debinger', 'shewlett', 'palermoj1207', 'evanbeers', 'mfeeher1', 'kjenkin1', 'mloparri', 'kdsouza', 'wcrites', 'jfattore', 'okenna10', 'mfantini', 'ejones32', 'apietran', 'kheist3', None, 'ptodd', 'liamhehir', 'amonica44', 'jerfaj', 'amacalu3']",70,"['oscarmunozcuamtzi', 's3712599', 'debinger', 'shreyagirish09', 'nateserc', 'amacalu3', 'jeevanprakash.ha2020', 'cnianne', 'riya.s.shah30', 'pkothari0910', 'shewlett', 'swarajmthorat', 'deluisfloresfranciscoa', 'minimicro', 'mariola13', 'angelgordon33', 'sharmi9947', 'palermoj1207', 'evanbeers', 'mfeeher1', 'eshanshah', 'lilscience211', 'voramegh18', 'kjenkin1', 'mloparri', 'kshameen182', 'pacodelamar', 'kdsouza', 'yashsakpal0504', 'anujachanana', 'wcrites', 'jfattore', 'okenna10', 'atc427', 'mfantini', 'noe01377', 'diximehta99', 'espinosacantea2', 'ejones32', 'astha.mehta28', 'fg0007', 'param.patel4399', 's1ddhant', 'dibyendumaity1999', 'dashita27', 'apietran', 'kheist3', 'mokshavora66', 'vyshakmenon4', 'devdutt', 'marcobolo', None, 'ptodd', 's3479811', 'liamhehir', 'lumodava', 'djpaul', 'rutikpithwa', 'lbw', 'niyatibd', 'sohamshah', 'lalita', 'amonica44', 'jerfaj', 'vaibhavi_sonetha', 'giakyrizzi', 'sim.pawar', 'sejal0022', 'ayush2310', 'psmit']"
21,144,50,12,3,"['nateserc', 'lbw', 'cnianne']",46,"['oscarmunozcuamtzi', 's3712599', 'shreyagirish09', 'jeevanprakash.ha2020', 'riya.s.shah30', 'pkothari0910', 'swarajmthorat', 'deluisfloresfranciscoa', 'minimicro', 'mariola13', 'angelgordon33', 'sharmi9947', 'eshanshah', 'lilscience211', 'voramegh18', 'kshameen182', 'pacodelamar', 'yashsakpal0504', 'anujachanana', 'atc427', 'noe01377', 'diximehta99', 'espinosacantea2', 'astha.mehta28', 'fg0007', 'param.patel4399', 's1ddhant', 'dibyendumaity1999', 'dashita27', 'mokshavora66', 'vyshakmenon4', 'devdutt', 'marcobolo', 's3479811', 'lumodava', 'djpaul', 'rutikpithwa', 'niyatibd', 'sohamshah', 'lalita', 'vaibhavi_sonetha', 'giakyrizzi', 'sim.pawar', 'sejal0022', 'ayush2310', 'psmit']",9,"['delaneymcl_2', 'matodunn', 'eobregon', 'shewlett', 'abisram', 'maxwellb', 'klacey23', 'erikgren', None]",58,"['oscarmunozcuamtzi', 's3712599', 'shreyagirish09', 'nateserc', 'jeevanprakash.ha2020', 'cnianne', 'riya.s.shah30', 'pkothari0910', 'shewlett', 'klacey23', 'swarajmthorat', 'deluisfloresfranciscoa', 'minimicro', 'mariola13', 'angelgordon33', 'erikgren', 'sharmi9947', 'eshanshah', 'lilscience211', 'voramegh18', 'kshameen182', 'pacodelamar', 'yashsakpal0504', 'anujachanana', 'atc427', 'delaneymcl_2', 'noe01377', 'diximehta99', 'espinosacantea2', 'astha.mehta28', 'fg0007', 'param.patel4399', 's1ddhant', 'maxwellb', 'dibyendumaity1999', 'dashita27', 'mokshavora66', 'vyshakmenon4', 'devdutt', 'marcobolo', None, 's3479811', 'lumodava', 'djpaul', 'matodunn', 'eobregon', 'rutikpithwa', 'lbw', 'niyatibd', 'sohamshah', 'lalita', 'abisram', 'vaibhavi_sonetha', 'giakyrizzi', 'sim.pawar', 'sejal0022', 'ayush2310', 'psmit']"
21,142,50,9,7,"['eshanshah', 'rutikpithwa', 'astha.mehta28', 'sohamshah', 'vaibhavi_sonetha', 'swarajmthorat', 'mokshavora66']",42,"['oscarmunozcuamtzi', 's3712599', 'shreyagirish09', 'nateserc', 'jeevanprakash.ha2020', 'cnianne', 'riya.s.shah30', 'pkothari0910', 'deluisfloresfranciscoa', 'minimicro', 'mariola13', 'angelgordon33', 'sharmi9947', 'lilscience211', 'voramegh18', 'kshameen182', 'pacodelamar', 'yashsakpal0504', 'anujachanana', 'atc427', 'noe01377', 'diximehta99', 'espinosacantea2', 'fg0007', 'param.patel4399', 's1ddhant', 'dibyendumaity1999', 'dashita27', 'vyshakmenon4', 'devdutt', 'marcobolo', 's3479811', 'lumodava', 'djpaul', 'lbw', 'niyatibd', 'lalita', 'giakyrizzi', 'sim.pawar', 'sejal0022', 'ayush2310', 'psmit']",2,"[None, 'pranaleerane']",51,"['oscarmunozcuamtzi', 's3712599', 'shreyagirish09', 'nateserc', 'jeevanprakash.ha2020', 'cnianne', 'riya.s.shah30', 'pkothari0910', 'swarajmthorat', 'deluisfloresfranciscoa', 'minimicro', 'mariola13', 'angelgordon33', 'sharmi9947', 'eshanshah', 'lilscience211', 'voramegh18', 'kshameen182', 'pacodelamar', 'yashsakpal0504', 'anujachanana', 'atc427', 'noe01377', 'diximehta99', 'espinosacantea2', 'astha.mehta28', 'fg0007', 'param.patel4399', 's1ddhant', 'dibyendumaity1999', 'dashita27', 'pranaleerane', 'mokshavora66', 'vyshakmenon4', 'devdutt', 'marcobolo', None, 's3479811', 'lumodava', 'djpaul', 'rutikpithwa', 'lbw', 'niyatibd', 'sohamshah', 'lalita', 'vaibhavi_sonetha', 'giakyrizzi', 'sim.pawar', 'sejal0022', 'ayush2310', 'psmit']"
21,148,50,9,2,"['oscarmunozcuamtzi', 'deluisfloresfranciscoa']",47,"['s3712599', 'shreyagirish09', 'nateserc', 'jeevanprakash.ha2020', 'cnianne', 'riya.s.shah30', 'pkothari0910', 'swarajmthorat', 'minimicro', 'mariola13', 'angelgordon33', 'sharmi9947', 'eshanshah', 'lilscience211', 'voramegh18', 'kshameen182', 'pacodelamar', 'yashsakpal0504', 'anujachanana', 'atc427', 'noe01377', 'diximehta99', 'espinosacantea2', 'astha.mehta28', 'fg0007', 'param.patel4399', 's1ddhant', 'dibyendumaity1999', 'dashita27', 'mokshavora66', 'vyshakmenon4', 'devdutt', 'marcobolo', 's3479811', 'lumodava', 'djpaul', 'rutikpithwa', 'lbw', 'niyatibd', 'sohamshah', 'lalita', 'vaibhavi_sonetha', 'giakyrizzi', 'sim.pawar', 'sejal0022', 'ayush2310', 'psmit']",7,"['leduardo', 'hoffnungcleaver360', 'jacob07', 'erika.tecupacho_sanchez', 'anaarenas', None, 'mbedollah']",56,"['oscarmunozcuamtzi', 's3712599', 'shreyagirish09', 'nateserc', 'jeevanprakash.ha2020', 'cnianne', 'riya.s.shah30', 'pkothari0910', 'swarajmthorat', 'deluisfloresfranciscoa', 'minimicro', 'mariola13', 'angelgordon33', 'sharmi9947', 'eshanshah', 'lilscience211', 'voramegh18', 'kshameen182', 'pacodelamar', 'yashsakpal0504', 'anujachanana', 'atc427', 'noe01377', 'diximehta99', 'espinosacantea2', 'leduardo', 'astha.mehta28', 'hoffnungcleaver360', 'fg0007', 'param.patel4399', 's1ddhant', 'dibyendumaity1999', 'dashita27', 'mokshavora66', 'vyshakmenon4', 'devdutt', 'marcobolo', None, 's3479811', 'lumodava', 'djpaul', 'rutikpithwa', 'lbw', 'niyatibd', 'sohamshah', 'lalita', 'jacob07', 'vaibhavi_sonetha', 'giakyrizzi', 'erika.tecupacho_sanchez', 'anaarenas', 'sim.pawar', 'sejal0022', 'ayush2310', 'psmit', 'mbedollah']"
21,149,50,8,2,"['s3479811', 's3712599']",47,"['oscarmunozcuamtzi', 'shreyagirish09', 'nateserc', 'jeevanprakash.ha2020', 'cnianne', 'riya.s.shah30', 'pkothari0910', 'swarajmthorat', 'deluisfloresfranciscoa', 'minimicro', 'mariola13', 'angelgordon33', 'sharmi9947', 'eshanshah', 'lilscience211', 'voramegh18', 'kshameen182', 'pacodelamar', 'yashsakpal0504', 'anujachanana', 'atc427', 'noe01377', 'diximehta99', 'espinosacantea2', 'astha.mehta28', 'fg0007', 'param.patel4399', 's1ddhant', 'dibyendumaity1999', 'dashita27', 'mokshavora66', 'vyshakmenon4', 'devdutt', 'marcobolo', 'lumodava', 'djpaul', 'rutikpithwa', 'lbw', 'niyatibd', 'sohamshah', 'lalita', 'vaibhavi_sonetha', 'giakyrizzi', 'sim.pawar', 'sejal0022', 'ayush2310', 'psmit']",6,"['vinh_le_quang_1999', 's3754338', 's3678595', 'dvtruongson', 's3695275', None]",55,"['oscarmunozcuamtzi', 's3712599', 'shreyagirish09', 'nateserc', 'jeevanprakash.ha2020', 'cnianne', 'riya.s.shah30', 'pkothari0910', 's3695275', 'swarajmthorat', 'deluisfloresfranciscoa', 'minimicro', 'mariola13', 'angelgordon33', 'sharmi9947', 'eshanshah', 'lilscience211', 'voramegh18', 's3754338', 'kshameen182', 'pacodelamar', 'yashsakpal0504', 'anujachanana', 'atc427', 'noe01377', 'diximehta99', 'espinosacantea2', 'vinh_le_quang_1999', 'astha.mehta28', 'dvtruongson', 'fg0007', 's3678595', 'param.patel4399', 's1ddhant', 'dibyendumaity1999', 'dashita27', 'mokshavora66', 'vyshakmenon4', 'devdutt', 'marcobolo', None, 's3479811', 'lumodava', 'djpaul', 'rutikpithwa', 'lbw', 'niyatibd', 'sohamshah', 'lalita', 'vaibhavi_sonetha', 'giakyrizzi', 'sim.pawar', 'sejal0022', 'ayush2310', 'psmit']"
21,146,50,7,1,['oscarmunozcuamtzi'],48,"['s3712599', 'shreyagirish09', 'nateserc', 'jeevanprakash.ha2020', 'cnianne', 'riya.s.shah30', 'pkothari0910', 'swarajmthorat', 'deluisfloresfranciscoa', 'minimicro', 'mariola13', 'angelgordon33', 'sharmi9947', 'eshanshah', 'lilscience211', 'voramegh18', 'kshameen182', 'pacodelamar', 'yashsakpal0504', 'anujachanana', 'atc427', 'noe01377', 'diximehta99', 'espinosacantea2', 'astha.mehta28', 'fg0007', 'param.patel4399', 's1ddhant', 'dibyendumaity1999', 'dashita27', 'mokshavora66', 'vyshakmenon4', 'devdutt', 'marcobolo', 's3479811', 'lumodava', 'djpaul', 'rutikpithwa', 'lbw', 'niyatibd', 'sohamshah', 'lalita', 'vaibhavi_sonetha', 'giakyrizzi', 'sim.pawar', 'sejal0022', 'ayush2310', 'psmit']",6,"['hoffnungcleaver360', 'jacob07', 'erika.tecupacho_sanchez', 'anaarenas', None, 'mbedollah']",55,"['oscarmunozcuamtzi', 's3712599', 'shreyagirish09', 'nateserc', 'jeevanprakash.ha2020', 'cnianne', 'riya.s.shah30', 'pkothari0910', 'swarajmthorat', 'deluisfloresfranciscoa', 'minimicro', 'mariola13', 'angelgordon33', 'sharmi9947', 'eshanshah', 'lilscience211', 'voramegh18', 'kshameen182', 'pacodelamar', 'yashsakpal0504', 'anujachanana', 'atc427', 'noe01377', 'diximehta99', 'espinosacantea2', 'astha.mehta28', 'hoffnungcleaver360', 'fg0007', 'param.patel4399', 's1ddhant', 'dibyendumaity1999', 'dashita27', 'mokshavora66', 'vyshakmenon4', 'devdutt', 'marcobolo', None, 's3479811', 'lumodava', 'djpaul', 'rutikpithwa', 'lbw', 'niyatibd', 'sohamshah', 'lalita', 'jacob07', 'vaibhavi_sonetha', 'giakyrizzi', 'erika.tecupacho_sanchez', 'anaarenas', 'sim.pawar', 'sejal0022', 'ayush2310', 'psmit', 'mbedollah']"
22,492,48,20,15,"['kmmumtaz20', 'ychen242', 'mhossai9', 'mdlord', 'xtang22', 'mtahir2', 'apragya', 'dkiryam', 'szhang53', 'nmahmoo3', 'zwang77', 'naimi', 'namin3', 'tcoia', 'hmei3']",32,"['xtang8', 'f.o.akhmetov', 'gozde1608', 'bastilfort', 'khabaz.fardin', 'brendenh88', 'man.kumar', 'catia.m.guarda93', 'ybuki13', 'chandanz', 'manwar18', 'h1912125', 'melania.kozdra', 'fuzalinos.shadisk', 'matamotonaoki', 'z15735182123', 'fabio.colasuonno95', 'ichenkoroma', 'dopol51', 'ntiwari', 'gucastz', 'chanwook', 'lingzhic', 'jacob_rogers', 'botaro', 'amnortz', 'shuangfei', 'kmbad99', 'matscisteph', 'gopalmarda55555', 'vahidk1992', 'haofeiliu13']",5,"['dawyman', 'hcdedmon', 'bsennik', 'knambig', None]",52,"['kmmumtaz20', 'dawyman', 'hcdedmon', 'xtang8', 'f.o.akhmetov', 'gozde1608', 'bastilfort', 'khabaz.fardin', 'brendenh88', 'catia.m.guarda93', 'man.kumar', 'ybuki13', 'ychen242', 'dkiryam', 'chandanz', 'zwang77', 'manwar18', 'h1912125', 'melania.kozdra', 'fuzalinos.shadisk', 'matamotonaoki', 'fabio.colasuonno95', 'z15735182123', 'tcoia', 'ichenkoroma', 'dopol51', 'mdlord', 'ntiwari', 'nmahmoo3', 'knambig', 'gucastz', 'chanwook', 'namin3', 'lingzhic', None, 'jacob_rogers', 'mhossai9', 'xtang22', 'mtahir2', 'botaro', 'bsennik', 'amnortz', 'apragya', 'shuangfei', 'kmbad99', 'szhang53', 'naimi', 'matscisteph', 'vahidk1992', 'gopalmarda55555', 'hmei3', 'haofeiliu13']"
23,208,47,26,19,"['cjrome', 'mooka', 'dylanae', 'lboals', 'epeachus', 'briroest', 'nmccar', 'jdtschir', 'mfparr', 'rnalbert25', 'nleginza', 'krishabh', 'dukelau', 'julisanc', 'kli_macks', 'virgiljw', 'jpmurph', 'eparlow', 'rgast']",27,"['xaris', 'andh2d', 'edinchen', 'rc3375', 'r578', 'ameliahp', 'shivabhagwat56', 'emmanuel16', 'jburgosb', 'pmcgirr06', 'smprabhu', 'hadier.abdelaziz', 'daviscjd', 'shiewani99', 'nmech', 'gdiankov', 'romanm', 'kierasbr', 'muezggt34', 'kevwankrw678', 'atsui1', 'lumssimulation', 'seanhiddleston', 'tjeerd', 'ericyi', 'zrhan', 'vashish']",7,"['wesleypa', 'spraveen', 'cablood', 'kamkbetz', 'minseok', None, 'mbow']",53,"['wesleypa', 'xaris', 'cjrome', 'mooka', 'andh2d', 'dylanae', 'edinchen', 'rc3375', 'lboals', 'epeachus', 'r578', 'briroest', 'nmccar', 'ameliahp', 'shivabhagwat56', 'mfparr', 'emmanuel16', 'jdtschir', 'jburgosb', 'rnalbert25', 'pmcgirr06', 'cablood', 'nleginza', 'smprabhu', 'kamkbetz', 'hadier.abdelaziz', 'krishabh', 'dukelau', 'julisanc', 'kli_macks', 'shiewani99', 'nmech', 'gdiankov', 'romanm', 'daviscjd', 'virgiljw', 'kierasbr', 'muezggt34', 'minseok', 'kevwankrw678', None, 'jpmurph', 'atsui1', 'eparlow', 'spraveen', 'rgast', 'lumssimulation', 'seanhiddleston', 'tjeerd', 'ericyi', 'zrhan', 'mbow', 'vashish']"
24,354,46,36,32,"['aishwaryaparulekar1', 'crce.8279.elec', 'omkarshirsat5143', 'yashkane', '8275joel', 'crce.8250.elec', 'swaruptsaju', 'rocketman99.sc', '8262sakshi', 'bhagatmounita13', 'lokeshg109', '8455shloka', 'temulkaraarti8', 'jui', 'scriptujeyarajan', '7903ambika', '8082aniket', '8268ashley', 'avidrishik', 'sebastian123', 'crce.7866.elec', 'crce.8457.elec', 'jeetsumanto123', '8463maitreya', '7611ashishyadav', 'leoncastelino', '8305anmol', 'omn', 'crce.8255.elec', 'crce.8254.elec', 'crce.8300.elec', '8122vivian']",13,"['prags101', 'manali.more2106', '8464komalshinde', 'crce.7914.elec', '7876noel', 'crce.8259.elec', 'zhuzibn', 'saurabhm1996', 'sherylcorina', 'yadneshsud', 'niketh', 'crce.8284.elec', 'siddhant.shivdikar']",4,"['anjana2444', None, 'swapnalimakdey25', 'swapnali']",49,"['prags101', 'omkarshirsat5143', 'zhuzibn', 'crce.8250.elec', 'bhagatmounita13', 'lokeshg109', 'scriptujeyarajan', '7903ambika', '8268ashley', 'avidrishik', 'sebastian123', 'swapnalimakdey25', 'crce.8457.elec', 'jeetsumanto123', 'leoncastelino', 'omn', 'crce.8255.elec', 'crce.8254.elec', 'yadneshsud', 'crce.8284.elec', '8122vivian', 'aishwaryaparulekar1', 'crce.8279.elec', 'yashkane', '8275joel', 'swapnali', 'sherylcorina', 'niketh', 'siddhant.shivdikar', 'rocketman99.sc', '8262sakshi', 'swaruptsaju', '8464komalshinde', 'crce.7914.elec', '8455shloka', '7876noel', 'temulkaraarti8', 'jui', 'anjana2444', '8082aniket', 'crce.7866.elec', None, '8463maitreya', '7611ashishyadav', 'manali.more2106', '8305anmol', 'crce.8259.elec', 'saurabhm1996', 'crce.8300.elec']"
24,355,46,6,5,"['8464komalshinde', '7876noel', 'saurabhm1996', 'crce.8284.elec', 'siddhant.shivdikar']",40,"['prags101', 'aishwaryaparulekar1', 'crce.8279.elec', 'omkarshirsat5143', 'yashkane', '8275joel', 'zhuzibn', 'crce.8250.elec', 'sherylcorina', 'niketh', 'rocketman99.sc', '8262sakshi', 'swaruptsaju', 'bhagatmounita13', 'lokeshg109', 'crce.7914.elec', '8455shloka', 'temulkaraarti8', 'jui', 'scriptujeyarajan', '7903ambika', '8268ashley', '8082aniket', 'avidrishik', 'sebastian123', 'crce.7866.elec', 'crce.8457.elec', 'jeetsumanto123', '8463maitreya', '7611ashishyadav', 'manali.more2106', '8305anmol', 'leoncastelino', 'crce.8259.elec', 'omn', 'crce.8255.elec', 'crce.8254.elec', 'crce.8300.elec', 'yadneshsud', '8122vivian']",1,[None],46,"['prags101', 'aishwaryaparulekar1', 'crce.8279.elec', 'omkarshirsat5143', 'yashkane', '8275joel', 'zhuzibn', 'crce.8250.elec', 'sherylcorina', 'niketh', 'siddhant.shivdikar', 'rocketman99.sc', '8262sakshi', 'swaruptsaju', 'bhagatmounita13', '8464komalshinde', 'lokeshg109', 'crce.7914.elec', '7876noel', '8455shloka', 'temulkaraarti8', 'jui', 'scriptujeyarajan', '7903ambika', '8268ashley', '8082aniket', 'avidrishik', 'sebastian123', 'crce.7866.elec', 'crce.8457.elec', 'jeetsumanto123', '8463maitreya', None, '7611ashishyadav', 'manali.more2106', '8305anmol', 'leoncastelino', 'crce.8284.elec', 'crce.8259.elec', 'omn', 'saurabhm1996', 'crce.8255.elec', 'crce.8254.elec', 'crce.8300.elec', 'yadneshsud', '8122vivian']"
25,408,44,22,18,"['lucanepote2000', 'ilariaferrari', 'margheritabruno0', 'alesdu12', 'vincenzopioelia', 'simona_zetta', 'culumusciu16', 'chidzahi', 'miriam.piccinini00', 'kevinetor.piccati', 'tausenrico00', 'frac98', 'silvia00', 'frakkio10', 'giuseppe00', 'davibarbero', 'christian.bodo', 'barbarazacco']",25,"['riky_casty', 'marcocapuuu', 'gervasio', 'udayashankar', 'lollo', 's269938', 'ari15', 'dylan.tepatzixahuentitla', 'valentinamarino', 'mattebogg', 's269258', 'kishore0299', 'lindafabs', 'giuseppe.divincenzo21', 's270685', 'gerardo.castagno', 'edo.bonaventura', 'davide1234', 'gabri5zero', 'giulia.cornara', 'enricovalentini', 'giuseppecurci', 'taehojung', 'mv.matteovinci', 'jaypathak050']",4,"['edoardo', 'giulianaberetta', None, 'eliabronzo03']",47,"['vincenzopioelia', 'alesdu12', 'riky_casty', 'marcocapuuu', 'gervasio', 'udayashankar', 'lollo', 'miriam.piccinini00', 's269938', 'kevinetor.piccati', 'ari15', 'dylan.tepatzixahuentitla', 'valentinamarino', 'mattebogg', 'davibarbero', 'frakkio10', 'barbarazacco', 'edoardo', 's269258', 'simona_zetta', 'kishore0299', 'lindafabs', 'frac98', 'giuseppe.divincenzo21', 's270685', 'lucanepote2000', 'margheritabruno0', 'gerardo.castagno', 'edo.bonaventura', 'davide1234', 'eliabronzo03', 'culumusciu16', 'gabri5zero', 'silvia00', 'christian.bodo', None, 'ilariaferrari', 'giulianaberetta', 'giulia.cornara', 'enricovalentini', 'giuseppecurci', 'chidzahi', 'taehojung', 'mv.matteovinci', 'tausenrico00', 'jaypathak050', 'giuseppe00']"
25,414,44,11,4,"['lucanepote2000', 'giuseppe00', 'davide1234', 'frac98']",39,"['vincenzopioelia', 'alesdu12', 'riky_casty', 'marcocapuuu', 'gervasio', 'udayashankar', 'lollo', 'miriam.piccinini00', 's269938', 'kevinetor.piccati', 'ari15', 'dylan.tepatzixahuentitla', 'valentinamarino', 'mattebogg', 'davibarbero', 'frakkio10', 'barbarazacco', 's269258', 'simona_zetta', 'kishore0299', 'lindafabs', 'giuseppe.divincenzo21', 's270685', 'margheritabruno0', 'gerardo.castagno', 'edo.bonaventura', 'culumusciu16', 'gabri5zero', 'silvia00', 'christian.bodo', 'ilariaferrari', 'giulia.cornara', 'enricovalentini', 'giuseppecurci', 'chidzahi', 'taehojung', 'mv.matteovinci', 'tausenrico00', 'jaypathak050']",7,"['lara.laganis2000', 'danilo_cammarata', 'pietrog', None, 'edoardo', 'leilarizzo', 'isaacdelpe']",50,"['vincenzopioelia', 'alesdu12', 'riky_casty', 'marcocapuuu', 'gervasio', 'udayashankar', 'lollo', 'miriam.piccinini00', 's269938', 'kevinetor.piccati', 'ari15', 'dylan.tepatzixahuentitla', 'valentinamarino', 'mattebogg', 'davibarbero', 'frakkio10', 'barbarazacco', 'leilarizzo', 'edoardo', 's269258', 'simona_zetta', 'pietrog', 'kishore0299', 'lindafabs', 'frac98', 'giuseppe.divincenzo21', 's270685', 'isaacdelpe', 'lucanepote2000', 'lara.laganis2000', 'margheritabruno0', 'gerardo.castagno', 'edo.bonaventura', 'davide1234', 'danilo_cammarata', 'culumusciu16', 'gabri5zero', 'silvia00', 'christian.bodo', None, 'ilariaferrari', 'giulia.cornara', 'enricovalentini', 'giuseppecurci', 'chidzahi', 'taehojung', 'mv.matteovinci', 'tausenrico00', 'jaypathak050', 'giuseppe00']"
25,412,44,10,6,"['lucanepote2000', 'margheritabruno0', 'culumusciu16', 'miriam.piccinini00', 'frac98', 'giuseppe00']",37,"['vincenzopioelia', 'alesdu12', 'riky_casty', 'marcocapuuu', 'gervasio', 'udayashankar', 'lollo', 's269938', 'kevinetor.piccati', 'ari15', 'dylan.tepatzixahuentitla', 'valentinamarino', 'mattebogg', 'davibarbero', 'frakkio10', 'barbarazacco', 's269258', 'simona_zetta', 'kishore0299', 'lindafabs', 'giuseppe.divincenzo21', 's270685', 'gerardo.castagno', 'edo.bonaventura', 'davide1234', 'gabri5zero', 'silvia00', 'christian.bodo', 'ilariaferrari', 'giulia.cornara', 'enricovalentini', 'giuseppecurci', 'chidzahi', 'taehojung', 'mv.matteovinci', 'tausenrico00', 'jaypathak050']",4,"['giulianaberetta', 'silviacapozzoli00', None, 'leonardo1']",47,"['vincenzopioelia', 'alesdu12', 'riky_casty', 'marcocapuuu', 'gervasio', 'udayashankar', 'lollo', 'miriam.piccinini00', 's269938', 'kevinetor.piccati', 'ari15', 'dylan.tepatzixahuentitla', 'valentinamarino', 'mattebogg', 'davibarbero', 'frakkio10', 'barbarazacco', 's269258', 'simona_zetta', 'leonardo1', 'kishore0299', 'lindafabs', 'frac98', 'giuseppe.divincenzo21', 's270685', 'lucanepote2000', 'margheritabruno0', 'gerardo.castagno', 'edo.bonaventura', 'davide1234', 'culumusciu16', 'gabri5zero', 'silviacapozzoli00', 'silvia00', 'christian.bodo', None, 'ilariaferrari', 'giulianaberetta', 'giulia.cornara', 'enricovalentini', 'giuseppecurci', 'chidzahi', 'taehojung', 'mv.matteovinci', 'tausenrico00', 'jaypathak050', 'giuseppe00']"
25,409,44,7,4,"['gerardo.castagno', 'gervasio', 'giuseppe.divincenzo21', 'enricovalentini']",39,"['vincenzopioelia', 'alesdu12', 'riky_casty', 'marcocapuuu', 'udayashankar', 'lollo', 'miriam.piccinini00', 's269938', 'kevinetor.piccati', 'ari15', 'dylan.tepatzixahuentitla', 'valentinamarino', 'mattebogg', 'davibarbero', 'frakkio10', 'barbarazacco', 's269258', 'simona_zetta', 'kishore0299', 'lindafabs', 'frac98', 's270685', 'lucanepote2000', 'margheritabruno0', 'edo.bonaventura', 'davide1234', 'culumusciu16', 'gabri5zero', 'silvia00', 'christian.bodo', 'ilariaferrari', 'giulia.cornara', 'giuseppecurci', 'chidzahi', 'taehojung', 'mv.matteovinci', 'tausenrico00', 'jaypathak050', 'giuseppe00']",3,"[None, 'antonio.ocarino', 'giubileigaia']",46,"['vincenzopioelia', 'alesdu12', 'riky_casty', 'marcocapuuu', 'gervasio', 'udayashankar', 'antonio.ocarino', 'lollo', 'miriam.piccinini00', 'giubileigaia', 's269938', 'kevinetor.piccati', 'ari15', 'dylan.tepatzixahuentitla', 'valentinamarino', 'mattebogg', 'davibarbero', 'frakkio10', 'barbarazacco', 's269258', 'simona_zetta', 'kishore0299', 'lindafabs', 'frac98', 'giuseppe.divincenzo21', 's270685', 'lucanepote2000', 'margheritabruno0', 'gerardo.castagno', 'edo.bonaventura', 'davide1234', 'culumusciu16', 'gabri5zero', 'silvia00', 'christian.bodo', None, 'ilariaferrari', 'giulia.cornara', 'enricovalentini', 'giuseppecurci', 'chidzahi', 'taehojung', 'mv.matteovinci', 'tausenrico00', 'jaypathak050', 'giuseppe00']"
25,410,44,7,6,"['ilariaferrari', 'marcocapuuu', 'mv.matteovinci', 'tausenrico00', 'giuseppe00', 'giuseppe.divincenzo21']",37,"['vincenzopioelia', 'alesdu12', 'riky_casty', 'gervasio', 'udayashankar', 'lollo', 'miriam.piccinini00', 's269938', 'kevinetor.piccati', 'ari15', 'dylan.tepatzixahuentitla', 'valentinamarino', 'mattebogg', 'davibarbero', 'frakkio10', 'barbarazacco', 's269258', 'simona_zetta', 'kishore0299', 'lindafabs', 'frac98', 's270685', 'lucanepote2000', 'margheritabruno0', 'gerardo.castagno', 'edo.bonaventura', 'davide1234', 'culumusciu16', 'gabri5zero', 'silvia00', 'christian.bodo', 'giulia.cornara', 'enricovalentini', 'giuseppecurci', 'chidzahi', 'taehojung', 'jaypathak050']",1,[None],44,"['vincenzopioelia', 'alesdu12', 'riky_casty', 'marcocapuuu', 'gervasio', 'udayashankar', 'lollo', 'miriam.piccinini00', 's269938', 'kevinetor.piccati', 'ari15', 'dylan.tepatzixahuentitla', 'valentinamarino', 'mattebogg', 'davibarbero', 'frakkio10', 'barbarazacco', 's269258', 'simona_zetta', 'kishore0299', 'lindafabs', 'frac98', 'giuseppe.divincenzo21', 's270685', 'lucanepote2000', 'margheritabruno0', 'gerardo.castagno', 'edo.bonaventura', 'davide1234', 'culumusciu16', 'gabri5zero', 'silvia00', 'christian.bodo', None, 'ilariaferrari', 'giulia.cornara', 'enricovalentini', 'giuseppecurci', 'chidzahi', 'taehojung', 'mv.matteovinci', 'tausenrico00', 'jaypathak050', 'giuseppe00']"
25,411,44,7,5,"['ilariaferrari', 'marcocapuuu', 'mattebogg', 'mv.matteovinci', 'giuseppe00']",38,"['vincenzopioelia', 'alesdu12', 'riky_casty', 'gervasio', 'udayashankar', 'lollo', 'miriam.piccinini00', 's269938', 'kevinetor.piccati', 'ari15', 'dylan.tepatzixahuentitla', 'valentinamarino', 'davibarbero', 'frakkio10', 'barbarazacco', 's269258', 'simona_zetta', 'kishore0299', 'lindafabs', 'frac98', 'giuseppe.divincenzo21', 's270685', 'lucanepote2000', 'margheritabruno0', 'gerardo.castagno', 'edo.bonaventura', 'davide1234', 'culumusciu16', 'gabri5zero', 'silvia00', 'christian.bodo', 'giulia.cornara', 'enricovalentini', 'giuseppecurci', 'chidzahi', 'taehojung', 'tausenrico00', 'jaypathak050']",2,"['giulianaberetta', None]",45,"['vincenzopioelia', 'alesdu12', 'riky_casty', 'marcocapuuu', 'gervasio', 'udayashankar', 'lollo', 'miriam.piccinini00', 's269938', 'kevinetor.piccati', 'ari15', 'dylan.tepatzixahuentitla', 'valentinamarino', 'mattebogg', 'davibarbero', 'frakkio10', 'barbarazacco', 's269258', 'simona_zetta', 'kishore0299', 'lindafabs', 'frac98', 'giuseppe.divincenzo21', 's270685', 'lucanepote2000', 'margheritabruno0', 'gerardo.castagno', 'edo.bonaventura', 'davide1234', 'culumusciu16', 'gabri5zero', 'silvia00', 'christian.bodo', None, 'ilariaferrari', 'giulianaberetta', 'giulia.cornara', 'enricovalentini', 'giuseppecurci', 'chidzahi', 'taehojung', 'mv.matteovinci', 'tausenrico00', 'jaypathak050', 'giuseppe00']"
25,413,44,7,4,"['giuseppe00', 'culumusciu16', 'margheritabruno0', 'frac98']",39,"['vincenzopioelia', 'alesdu12', 'riky_casty', 'marcocapuuu', 'gervasio', 'udayashankar', 'lollo', 'miriam.piccinini00', 's269938', 'kevinetor.piccati', 'ari15', 'dylan.tepatzixahuentitla', 'valentinamarino', 'mattebogg', 'davibarbero', 'frakkio10', 'barbarazacco', 's269258', 'simona_zetta', 'kishore0299', 'lindafabs', 'giuseppe.divincenzo21', 's270685', 'lucanepote2000', 'gerardo.castagno', 'edo.bonaventura', 'davide1234', 'gabri5zero', 'silvia00', 'christian.bodo', 'ilariaferrari', 'giulia.cornara', 'enricovalentini', 'giuseppecurci', 'chidzahi', 'taehojung', 'mv.matteovinci', 'tausenrico00', 'jaypathak050']",3,"['edoardo', None, 'leonardo1']",46,"['vincenzopioelia', 'alesdu12', 'riky_casty', 'marcocapuuu', 'gervasio', 'udayashankar', 'lollo', 'miriam.piccinini00', 's269938', 'kevinetor.piccati', 'ari15', 'dylan.tepatzixahuentitla', 'valentinamarino', 'mattebogg', 'davibarbero', 'frakkio10', 'barbarazacco', 'edoardo', 's269258', 'simona_zetta', 'leonardo1', 'kishore0299', 'lindafabs', 'frac98', 'giuseppe.divincenzo21', 's270685', 'lucanepote2000', 'margheritabruno0', 'gerardo.castagno', 'edo.bonaventura', 'davide1234', 'culumusciu16', 'gabri5zero', 'silvia00', 'christian.bodo', None, 'ilariaferrari', 'giulia.cornara', 'enricovalentini', 'giuseppecurci', 'chidzahi', 'taehojung', 'mv.matteovinci', 'tausenrico00', 'jaypathak050', 'giuseppe00']"
26,80,44,18,17,"['eddie97', 'nilamsarib081810464', 'azrulaiman', 'huzaimahb081810113', 'hziq97', 'tafa97', 'nurazwab081810444', 'fadhil123', 'aimenfatimah', 'azimighani', 'famirk65', 'nurelmiera99', 'syafiqah97', 'tasnimnasir96', 'dharmindran', 'megala97', 'sham1997']",26,"['mjopepa', 'kelvinho0313', 'prernasingh', 'muhd_amir97', 'sagundalairajendran', 'prajnay97', 'srinukp786', 'maria.karra.', 'rd8515811', 'bccsst91l16a638f', 'ranji7685', 'hmayer_cpslo', 'nishanthinir', 'iven2020', 'sheshu.nani007', 'danilodiamante', 'venky98j', 'fahmim95', 'xris1995k', 'wanalhafiz97', 'alibro', 'tanmoybaraj', 'hln_04', 'amanaltaf.exe', 'musaibrafiq51', 'athina57']",1,[None],44,"['eddie97', 'mjopepa', 'kelvinho0313', 'prernasingh', 'nurazwab081810444', 'nurelmiera99', 'nilamsarib081810464', 'muhd_amir97', 'huzaimahb081810113', 'sagundalairajendran', 'hziq97', 'prajnay97', 'syafiqah97', 'tasnimnasir96', 'srinukp786', 'maria.karra.', 'bccsst91l16a638f', 'ranji7685', 'dharmindran', 'rd8515811', 'megala97', 'azrulaiman', 'hmayer_cpslo', 'nishanthinir', 'iven2020', 'tafa97', 'aimenfatimah', 'azimighani', 'famirk65', 'sheshu.nani007', 'danilodiamante', None, 'sham1997', 'venky98j', 'fahmim95', 'xris1995k', 'wanalhafiz97', 'alibro', 'tanmoybaraj', 'hln_04', 'amanaltaf.exe', 'musaibrafiq51', 'athina57', 'fadhil123']"
26,81,44,16,3,"['rd8515811', 'venky98j', 'musaibrafiq51']",40,"['eddie97', 'mjopepa', 'kelvinho0313', 'prernasingh', 'nurazwab081810444', 'nurelmiera99', 'nilamsarib081810464', 'muhd_amir97', 'huzaimahb081810113', 'sagundalairajendran', 'hziq97', 'prajnay97', 'syafiqah97', 'tasnimnasir96', 'srinukp786', 'maria.karra.', 'bccsst91l16a638f', 'ranji7685', 'dharmindran', 'megala97', 'azrulaiman', 'hmayer_cpslo', 'nishanthinir', 'iven2020', 'tafa97', 'aimenfatimah', 'azimighani', 'famirk65', 'sheshu.nani007', 'danilodiamante', 'sham1997', 'xris1995k', 'fahmim95', 'wanalhafiz97', 'alibro', 'tanmoybaraj', 'hln_04', 'amanaltaf.exe', 'athina57', 'fadhil123']",13,"['swaroopbhogi', 'sainishubh4697', 'funuploads0401', 'prithvikrishna0', 'inderjitsingh', 'mohammadsajid', 'nishamanzoor.18', 'ateebnaseer', 'ashishphogat1801', 'sateeshdivergence', None, 'saurabhsahu38', 'sprabhat']",56,"['eddie97', 'mjopepa', 'kelvinho0313', 'prernasingh', 'nurazwab081810444', 'sainishubh4697', 'nurelmiera99', 'nishamanzoor.18', 'ashishphogat1801', 'nilamsarib081810464', 'muhd_amir97', 'huzaimahb081810113', 'sagundalairajendran', 'hziq97', 'swaroopbhogi', 'prajnay97', 'syafiqah97', 'tasnimnasir96', 'srinukp786', 'maria.karra.', 'inderjitsingh', 'bccsst91l16a638f', 'ranji7685', 'dharmindran', 'rd8515811', 'megala97', 'ateebnaseer', 'saurabhsahu38', 'azrulaiman', 'hmayer_cpslo', 'nishanthinir', 'iven2020', 'tafa97', 'funuploads0401', 'aimenfatimah', 'azimighani', 'famirk65', 'sheshu.nani007', 'danilodiamante', 'sateeshdivergence', None, 'sham1997', 'sprabhat', 'venky98j', 'fahmim95', 'xris1995k', 'wanalhafiz97', 'alibro', 'tanmoybaraj', 'hln_04', 'prithvikrishna0', 'amanaltaf.exe', 'mohammadsajid', 'musaibrafiq51', 'athina57', 'fadhil123']"
26,77,44,12,10,"['huzaimahb081810113', 'fahmim95', 'wanalhafiz97', 'tafa97', 'nurazwab081810444', 'syafiqah97', 'nurelmiera99', 'tasnimnasir96', 'fadhil123', 'megala97']",33,"['eddie97', 'mjopepa', 'kelvinho0313', 'prernasingh', 'nilamsarib081810464', 'muhd_amir97', 'sagundalairajendran', 'hziq97', 'prajnay97', 'srinukp786', 'maria.karra.', 'rd8515811', 'bccsst91l16a638f', 'ranji7685', 'dharmindran', 'hmayer_cpslo', 'azrulaiman', 'nishanthinir', 'iven2020', 'aimenfatimah', 'azimighani', 'famirk65', 'sheshu.nani007', 'danilodiamante', 'sham1997', 'venky98j', 'xris1995k', 'alibro', 'tanmoybaraj', 'hln_04', 'amanaltaf.exe', 'musaibrafiq51', 'athina57']",2,"['dyana4152', None]",45,"['eddie97', 'mjopepa', 'kelvinho0313', 'prernasingh', 'nurazwab081810444', 'nurelmiera99', 'dyana4152', 'nilamsarib081810464', 'muhd_amir97', 'huzaimahb081810113', 'sagundalairajendran', 'hziq97', 'prajnay97', 'syafiqah97', 'tasnimnasir96', 'srinukp786', 'maria.karra.', 'bccsst91l16a638f', 'ranji7685', 'dharmindran', 'rd8515811', 'megala97', 'azrulaiman', 'hmayer_cpslo', 'nishanthinir', 'iven2020', 'tafa97', 'aimenfatimah', 'azimighani', 'famirk65', 'sheshu.nani007', 'danilodiamante', None, 'sham1997', 'venky98j', 'fahmim95', 'xris1995k', 'wanalhafiz97', 'alibro', 'tanmoybaraj', 'hln_04', 'amanaltaf.exe', 'musaibrafiq51', 'athina57', 'fadhil123']"
26,78,44,10,9,"['azrulaiman', 'nilamsarib081810464', 'kelvinho0313', 'muhd_amir97', 'iven2020', 'hziq97', 'hln_04', 'famirk65', 'sham1997']",34,"['eddie97', 'mjopepa', 'prernasingh', 'nurazwab081810444', 'nurelmiera99', 'huzaimahb081810113', 'sagundalairajendran', 'prajnay97', 'syafiqah97', 'tasnimnasir96', 'srinukp786', 'maria.karra.', 'rd8515811', 'bccsst91l16a638f', 'ranji7685', 'dharmindran', 'megala97', 'hmayer_cpslo', 'nishanthinir', 'tafa97', 'aimenfatimah', 'azimighani', 'sheshu.nani007', 'danilodiamante', 'venky98j', 'fahmim95', 'xris1995k', 'wanalhafiz97', 'alibro', 'tanmoybaraj', 'amanaltaf.exe', 'musaibrafiq51', 'athina57', 'fadhil123']",1,[None],44,"['eddie97', 'mjopepa', 'kelvinho0313', 'prernasingh', 'nurazwab081810444', 'nurelmiera99', 'nilamsarib081810464', 'muhd_amir97', 'huzaimahb081810113', 'sagundalairajendran', 'hziq97', 'prajnay97', 'syafiqah97', 'tasnimnasir96', 'srinukp786', 'maria.karra.', 'bccsst91l16a638f', 'ranji7685', 'dharmindran', 'rd8515811', 'megala97', 'azrulaiman', 'hmayer_cpslo', 'nishanthinir', 'iven2020', 'tafa97', 'aimenfatimah', 'azimighani', 'famirk65', 'sheshu.nani007', 'danilodiamante', None, 'sham1997', 'venky98j', 'fahmim95', 'xris1995k', 'wanalhafiz97', 'alibro', 'tanmoybaraj', 'hln_04', 'amanaltaf.exe', 'musaibrafiq51', 'athina57', 'fadhil123']"
26,83,44,7,1,['sheshu.nani007'],42,"['eddie97', 'mjopepa', 'kelvinho0313', 'prernasingh', 'nurazwab081810444', 'nurelmiera99', 'nilamsarib081810464', 'muhd_amir97', 'huzaimahb081810113', 'sagundalairajendran', 'hziq97', 'prajnay97', 'syafiqah97', 'tasnimnasir96', 'srinukp786', 'maria.karra.', 'bccsst91l16a638f', 'ranji7685', 'dharmindran', 'rd8515811', 'megala97', 'azrulaiman', 'hmayer_cpslo', 'nishanthinir', 'iven2020', 'tafa97', 'aimenfatimah', 'azimighani', 'famirk65', 'danilodiamante', 'sham1997', 'venky98j', 'fahmim95', 'xris1995k', 'wanalhafiz97', 'alibro', 'tanmoybaraj', 'hln_04', 'amanaltaf.exe', 'musaibrafiq51', 'athina57', 'fadhil123']",6,"['ambuj.sahu.nanohubiitkgp', 'utkarsh_jais', 'manojchittimoju98', 'mehboob', None, '20mv01']",49,"['eddie97', 'mjopepa', 'kelvinho0313', 'prernasingh', 'nurazwab081810444', 'nurelmiera99', 'nilamsarib081810464', 'muhd_amir97', 'huzaimahb081810113', 'sagundalairajendran', 'hziq97', 'prajnay97', 'syafiqah97', 'tasnimnasir96', 'srinukp786', 'mehboob', 'maria.karra.', 'bccsst91l16a638f', 'ranji7685', 'dharmindran', 'rd8515811', 'megala97', 'azrulaiman', 'hmayer_cpslo', 'nishanthinir', 'iven2020', 'tafa97', 'aimenfatimah', 'azimighani', 'famirk65', 'sheshu.nani007', 'danilodiamante', None, '20mv01', 'sham1997', 'venky98j', 'fahmim95', 'xris1995k', 'wanalhafiz97', 'ambuj.sahu.nanohubiitkgp', 'alibro', 'tanmoybaraj', 'hln_04', 'utkarsh_jais', 'amanaltaf.exe', 'manojchittimoju98', 'musaibrafiq51', 'athina57', 'fadhil123']"
26,79,44,6,1,['nishanthinir'],42,"['eddie97', 'mjopepa', 'kelvinho0313', 'prernasingh', 'nurazwab081810444', 'nurelmiera99', 'nilamsarib081810464', 'muhd_amir97', 'huzaimahb081810113', 'sagundalairajendran', 'hziq97', 'prajnay97', 'syafiqah97', 'tasnimnasir96', 'srinukp786', 'maria.karra.', 'bccsst91l16a638f', 'ranji7685', 'dharmindran', 'rd8515811', 'megala97', 'azrulaiman', 'hmayer_cpslo', 'iven2020', 'tafa97', 'aimenfatimah', 'azimighani', 'famirk65', 'sheshu.nani007', 'danilodiamante', 'sham1997', 'venky98j', 'fahmim95', 'xris1995k', 'wanalhafiz97', 'alibro', 'tanmoybaraj', 'hln_04', 'amanaltaf.exe', 'musaibrafiq51', 'athina57', 'fadhil123']",5,"['krl.ece', '20mv33', '20mv34', 'jenef_98', None]",48,"['eddie97', 'mjopepa', 'kelvinho0313', 'prernasingh', 'nurazwab081810444', 'nurelmiera99', 'jenef_98', 'nilamsarib081810464', 'muhd_amir97', 'huzaimahb081810113', 'sagundalairajendran', 'hziq97', 'prajnay97', 'syafiqah97', 'tasnimnasir96', 'srinukp786', 'maria.karra.', 'bccsst91l16a638f', 'ranji7685', 'dharmindran', 'rd8515811', 'megala97', 'azrulaiman', 'hmayer_cpslo', 'krl.ece', 'nishanthinir', 'iven2020', 'tafa97', 'aimenfatimah', 'azimighani', 'famirk65', 'sheshu.nani007', '20mv34', 'danilodiamante', None, 'sham1997', 'venky98j', 'fahmim95', 'xris1995k', 'wanalhafiz97', '20mv33', 'alibro', 'tanmoybaraj', 'hln_04', 'amanaltaf.exe', 'musaibrafiq51', 'athina57', 'fadhil123']"
27,391,41,43,6,"['mrc13', 'dcudzi2', 'malonzo2', 'kirajm2', 'jaredf2', 'hanlinw3']",34,"['wesleypa', 'dikaap2', 'lct2', 'nadyarw2', 'mjn9', 'nm29', 'akhilam2', 'aakashg2', 'cablood', 'kirannk2', 'gkatsukis', 'kentlw2', 'cjmack2', 'aniketk2', 'mschulz5', 'saranyanaskar', 'jingbo2', 'maxro2', 'minseok', 'efs2', 'fbaysa2', 'shanpra', 'spraveen', 'advays2', 'myrta', 'kylievittetoe', 'vrahul', 'kaiyans3', 'suhaas2', 'eduquet2', 'bremner4', 'nollett2', 'krquinn', 'mbow']",37,"['wrishk2', 'bnw4', 'torsr2', 'sendres2', 'jrange23', 'eoh23', 'juliawp2', 'yuchang3', 'dhamill2', 'fulcrum', 'chyu3', 'boyazhu2', 'shawnc2', 'nk13', 'ssibi2', 'jacobt6', 'iajifo2', 'msiddi60', 'niharrm2', 'ryusuke2', 'anm9', 'efalse2', 'aaguero2', 'xinzhih2', 'aleahht2', None, 'jinyang9', 'sali93', 'hyunbin2', 'ddejong2', 'jheaton3', 'nwa2', 'msolis27', 'benvau2', 'jalies2', 'zainab2', 'ryanlim2']",77,"['wesleypa', 'mrc13', 'bnw4', 'jrange23', 'juliawp2', 'lct2', 'yuchang3', 'chyu3', 'boyazhu2', 'nm29', 'nk13', 'jaredf2', 'ssibi2', 'kentlw2', 'iajifo2', 'niharrm2', 'ryusuke2', 'efalse2', 'aaguero2', 'jingbo2', 'maxro2', 'efs2', 'fbaysa2', 'jinyang9', 'shanpra', 'spraveen', 'advays2', 'hyunbin2', 'vrahul', 'ddejong2', 'jheaton3', 'nollett2', 'jalies2', 'kirajm2', 'zainab2', 'ryanlim2', 'krquinn', 'wrishk2', 'dikaap2', 'torsr2', 'sendres2', 'eoh23', 'nadyarw2', 'dhamill2', 'fulcrum', 'mjn9', 'akhilam2', 'shawnc2', 'aakashg2', 'cablood', 'kirannk2', 'gkatsukis', 'jacobt6', 'cjmack2', 'msiddi60', 'aniketk2', 'malonzo2', 'mschulz5', 'saranyanaskar', 'anm9', 'xinzhih2', 'aleahht2', 'hanlinw3', 'minseok', None, 'sali93', 'dcudzi2', 'myrta', 'kylievittetoe', 'eduquet2', 'kaiyans3', 'suhaas2', 'bremner4', 'nwa2', 'msolis27', 'benvau2', 'mbow']"
27,208,41,26,5,"['wesleypa', 'spraveen', 'cablood', 'minseok', 'mbow']",35,"['mrc13', 'dikaap2', 'lct2', 'nadyarw2', 'mjn9', 'nm29', 'akhilam2', 'aakashg2', 'kirannk2', 'gkatsukis', 'jaredf2', 'kentlw2', 'cjmack2', 'aniketk2', 'malonzo2', 'mschulz5', 'saranyanaskar', 'jingbo2', 'maxro2', 'hanlinw3', 'efs2', 'fbaysa2', 'shanpra', 'dcudzi2', 'myrta', 'advays2', 'kylievittetoe', 'vrahul', 'kaiyans3', 'suhaas2', 'eduquet2', 'bremner4', 'nollett2', 'kirajm2', 'krquinn']",21,"['cjrome', 'mooka', 'dylanae', 'lboals', 'epeachus', 'briroest', 'nmccar', 'jdtschir', 'mfparr', 'rnalbert25', 'nleginza', 'kamkbetz', 'krishabh', 'dukelau', 'julisanc', 'kli_macks', 'virgiljw', None, 'jpmurph', 'eparlow', 'rgast']",61,"['wesleypa', 'mrc13', 'dikaap2', 'cjrome', 'mooka', 'dylanae', 'lboals', 'epeachus', 'lct2', 'nadyarw2', 'briroest', 'nmccar', 'jdtschir', 'mjn9', 'mfparr', 'nm29', 'akhilam2', 'rnalbert25', 'aakashg2', 'cablood', 'kirannk2', 'gkatsukis', 'nleginza', 'jaredf2', 'kamkbetz', 'kentlw2', 'krishabh', 'cjmack2', 'dukelau', 'aniketk2', 'julisanc', 'malonzo2', 'mschulz5', 'saranyanaskar', 'kli_macks', 'jingbo2', 'virgiljw', 'maxro2', 'hanlinw3', 'minseok', 'efs2', 'fbaysa2', None, 'shanpra', 'dcudzi2', 'jpmurph', 'spraveen', 'advays2', 'myrta', 'kylievittetoe', 'vrahul', 'kaiyans3', 'suhaas2', 'eduquet2', 'bremner4', 'eparlow', 'rgast', 'nollett2', 'kirajm2', 'krquinn', 'mbow']"
27,214,41,19,17,"['cjmack2', 'dcudzi2', 'mjn9', 'eduquet2', 'suhaas2', 'malonzo2', 'mschulz5', 'bremner4', 'nollett2', 'aakashg2', 'kirajm2', 'maxro2', 'hanlinw3', 'efs2', 'lct2', 'nadyarw2', 'fbaysa2']",23,"['wesleypa', 'mrc13', 'dikaap2', 'nm29', 'akhilam2', 'cablood', 'kirannk2', 'gkatsukis', 'jaredf2', 'kentlw2', 'aniketk2', 'saranyanaskar', 'jingbo2', 'minseok', 'shanpra', 'spraveen', 'advays2', 'myrta', 'kylievittetoe', 'vrahul', 'kaiyans3', 'krquinn', 'mbow']",2,"[None, 'kkang14']",42,"['wesleypa', 'mrc13', 'dikaap2', 'lct2', 'nadyarw2', 'mjn9', 'nm29', 'akhilam2', 'aakashg2', 'cablood', 'kirannk2', 'gkatsukis', 'jaredf2', 'kentlw2', 'cjmack2', 'aniketk2', 'malonzo2', 'mschulz5', 'saranyanaskar', 'jingbo2', 'maxro2', 'hanlinw3', 'minseok', 'efs2', 'fbaysa2', None, 'shanpra', 'dcudzi2', 'spraveen', 'advays2', 'myrta', 'kylievittetoe', 'vrahul', 'kaiyans3', 'suhaas2', 'eduquet2', 'bremner4', 'nollett2', 'kirajm2', 'kkang14', 'krquinn', 'mbow']"
27,213,41,7,5,"['wesleypa', 'spraveen', 'kylievittetoe', 'minseok', 'mbow']",35,"['mrc13', 'dikaap2', 'lct2', 'nadyarw2', 'mjn9', 'nm29', 'akhilam2', 'aakashg2', 'cablood', 'kirannk2', 'gkatsukis', 'jaredf2', 'kentlw2', 'cjmack2', 'aniketk2', 'malonzo2', 'mschulz5', 'saranyanaskar', 'jingbo2', 'maxro2', 'hanlinw3', 'efs2', 'fbaysa2', 'shanpra', 'dcudzi2', 'advays2', 'myrta', 'vrahul', 'kaiyans3', 'suhaas2', 'eduquet2', 'bremner4', 'nollett2', 'kirajm2', 'krquinn']",2,"[None, 'jshangraw']",42,"['wesleypa', 'mrc13', 'dikaap2', 'lct2', 'nadyarw2', 'mjn9', 'nm29', 'akhilam2', 'aakashg2', 'cablood', 'kirannk2', 'gkatsukis', 'jaredf2', 'kentlw2', 'cjmack2', 'aniketk2', 'malonzo2', 'mschulz5', 'saranyanaskar', 'jingbo2', 'maxro2', 'hanlinw3', 'minseok', 'efs2', 'jshangraw', 'fbaysa2', None, 'shanpra', 'dcudzi2', 'spraveen', 'advays2', 'myrta', 'kylievittetoe', 'vrahul', 'kaiyans3', 'suhaas2', 'eduquet2', 'bremner4', 'nollett2', 'kirajm2', 'krquinn', 'mbow']"
28,465,40,283,9,"['hj980217', 'jeus63', 'also0714', 'sungjooncho', 'cactusnoh', 'yyerim', 'sungjoon.cho97', 'man6787', 'wys142']",30,"['diana9697', 'systartup', 'yeyeye1', 'eb32862', 'kalibee', 'anunshi0214', 'jkj9316', 'yermin3196', 'sou06101', 'myeonu', 'bagpag0412', 'rhdcor05', 'jkr3623', 'ekdh4301', 'yuseap1111', 'jrish', 'shawutss', 'kmjysys', 'wjddn308', 'hwan10353', 'kevin726', 'younsk666', 'jaycho0309', 'ekdhafs', 'ckgk77', 'choichoi1217', 'rbdud220', 'hjy0909', 'gunstux', 'jsjjsung1996']",274,"['ulusoy2006', 'huseyinu', 'fafrin2', 'reuben90', 'mtakcali', 'alexander.lee', 'jhahn95', 'olivier35', 'ncm0007', 'syoonhan', 'amrita_lovelace', 'haren22', 'mariapl200896', 'thboth', 'jsanmartin1', 'ervndgn59', 'r207733', 'paezjuanagustin47', 'ogandocortes', 'pkj71794g', 'theurgeboat', 'jequito', 'cninja99', 'psuzhouy', 'enhjinhanabi', 'ogu0001', 'martinotero', 'sbentz', 'julianyordano', 'terje', 'gabriel.pzanoni', 'guillermo99', 'martin.mg98.10', 'daddysexual', 'ege.ert7', 'grantmorris656', 'v257028', 'u1089358', 'lenoirr', 'jaycwilson23', 'ainhoaab', 'sabe425', 'murattdo', 'kyenyarkolemuel', 'vincentdoucet22', 'octoman1080x', 'dongmingli', 'f215766', 'lkipfer', 'burnett.william', 'lpentzke', 'dolaydemirel', 'roiaso', 'emani', 'npatta.1986', 'lctasende3', 'omarloay99', 'tomasx', 'pspiotrowicz1', 'andrew217usmc', 'hcha71', 'garciacarrillojudith', 'u0916393', 'sholliday643', 'eschruba', 'charles.dambra', 'jake.m.hall876', 'philippeblaise', 'anxooo', 'lokesht123', 'sabolton', 'aravindh', 'mrbunnyman', 'mollykole', 'moshelem', 'santosalexis1817', 'semmi.spado00', 'mmei', 'kianamon', 'thomasspradley', 'borja.bayon', 'costasdiego97', 'julianawallgren', 'leeluanling123', 'miguelcb', 'sebrobarts', 'hjlim9612', 'wdeaweqwdas', 'josemanuel3', 'vritota', 'tudimubunmi', 'jimenezph', 'jsathanand', 'u1250344', 'dicef', 'raul292', 'smontero', 'ts992', 'jdgerling', 'baqer', 'davidr27', 'evakolmel', 'blane', 'kayleneechong', 'sandip83', 'danielclapp99', 'durgaprasadkhatri2011', 'lobsterben13', 'saradiazr', 'lorenzoholguin12', 'ana23', 'aldanafloyd', 'mstff.1clkk', 'mahnoor.syed29', 'amandabrum', 'nguyendaniel', 'santox2000', 'matthew.jones98', 'poorar21', 'eminasuljic', 'hjp44', 'annikadasher', 'kaiseale', 'anujgarg939', 'nicoladegiuseppe19', 'nsh0004', 's16c028b', 'deguirejasmin', 'sd226', 'nanobeam', 'm203442', 'sarah.youssef', 'olga.casals', 'joshuabush', 'arif.ozkan5806', 'johndoe2341341243', 'mrtmert98', 'pw8', 'i.lutticken', 'arianebarreto', 'zse0147', 'gazerlo', 'rylandkate', 'jef325', 'chrixang18', 'halilibrahimtiken', 's16c045b', 'plaggeme', 'a194117', 'newele', 'mangabera10', 'jrobinson5', 'felipemachado', 'emreyilmazel1996', 'd093641', 'maria.irausquin', 'kellen.wise', 'caseyamick', 'magnoliajasper', '8223freret', 'cartermchris1', 'rakaiit', 'berrospidavid7', 'jschewinsky', 'cdutreil', 'wingitalways', 'tg2016', 'stiml1144', 'kodurur', 'l201843', 'mrgiraffe', 'panellink1', 'briann', 'aingles', 'rossop', 'pmcnutt2', 'choudh23', 'testeremre70', 'krusso448', 'spazos7', 'xiaoyuzhang', 'burak9836', 'cibranlpz', 'm241617', 'rosadourada9', 'liqizhou', 'anapv177', 'c195673', 'justiejoseph', 'chastintruelove', 'kst48', 'joejfranzo', 'sqlim94', 'phhuang', 'yesimcakmakc', 'asif0047', 'fpincock', 'hlong262', 'retrewtewrt', 'jako91', 'jbonez411', 'ee17resch11016', 'nfranzoni', 'maxguipil', 'madisonmiller', 'kmerino', 'cancetinkaya1201', 'rajsingh', 'u6007941', 'trivellin', 'heatherleaf', 'nickm', 'tserenkhand', 'ethan.caballero', 'jack522577', 'oktayhalitekinay', 'maxiasensio', 'elena.gnani', 'mos_noob', 'bmirzapouebe', 't224622', 'fredysanchez2', 'clizarazo', 'drogalski', 'elel30182', 'cacuy', 'abaringer', 'marcantoineduval', 'ge.6cg7', 'fedele.penna', 'aaronrivasterron', 'ronitronit119', 'cbandel', 'aaroncoonu', 'k.hildenbrand', 'asdksnfksfkmd', 'ol_ac', 'zepfan026', 'j176601', 'fatanehjenabi', 'd33r00', 'johnganiban', 'yorkiiii', 'cameronframpton', 'j218711', 'hrhlauraa', 'alirose12', 'lewisgf20', 'andresaraiva', 'arno.yu610168', 'fabio.aragao.santos', 'kaynegalie', 'xiaokaizhong99', 'cheeseybacon', 'nbhat0792', 'jason.earl', 'alexdallee17', 'ashishchr', 'nmorgan1', 'nuriamjusc', 'rynk.john', 'jeption2025', 'mtynski', 'iuri', 'ftah', 'longstreetjacob', 'avivlavan', 'sebasmarquez90', 'anshshah2011', 'lerner', 'susannareggiani', 'uuganbayaro', 'hamastahir19', 'damianonetto']",313,"['ulusoy2006', 'huseyinu', 'fafrin2', 'reuben90', 'mtakcali', 'alexander.lee', 'jhahn95', 'olivier35', 'ncm0007', 'syoonhan', 'amrita_lovelace', 'haren22', 'mariapl200896', 'thboth', 'jsanmartin1', 'ervndgn59', 'r207733', 'paezjuanagustin47', 'ogandocortes', 'pkj71794g', 'theurgeboat', 'jequito', 'cninja99', 'psuzhouy', 'yuseap1111', 'enhjinhanabi', 'ogu0001', 'martinotero', 'sbentz', 'julianyordano', 'terje', 'gabriel.pzanoni', 'guillermo99', 'martin.mg98.10', 'daddysexual', 'ege.ert7', 'wys142', 'grantmorris656', 'v257028', 'u1089358', 'lenoirr', 'jaycwilson23', 'ainhoaab', 'sabe425', 'murattdo', 'kyenyarkolemuel', 'vincentdoucet22', 'octoman1080x', 'dongmingli', 'f215766', 'lkipfer', 'burnett.william', 'lpentzke', 'dolaydemirel', 'roiaso', 'emani', 'systartup', 'yeyeye1', 'npatta.1986', 'lctasende3', 'omarloay99', 'tomasx', 'pspiotrowicz1', 'andrew217usmc', 'hcha71', 'jkr3623', 'garciacarrillojudith', 'u0916393', 'jrish', 'sholliday643', 'eschruba', 'charles.dambra', 'shawutss', 'wjddn308', 'jake.m.hall876', 'philippeblaise', 'anxooo', 'lokesht123', 'sabolton', 'ekdhafs', 'aravindh', 'mrbunnyman', 'also0714', 'mollykole', 'man6787', 'moshelem', 'santosalexis1817', 'semmi.spado00', 'mmei', 'kianamon', 'thomasspradley', 'borja.bayon', 'costasdiego97', 'julianawallgren', 'leeluanling123', 'miguelcb', 'sebrobarts', 'hjlim9612', 'wdeaweqwdas', 'josemanuel3', 'rhdcor05', 'vritota', 'tudimubunmi', 'jimenezph', 'jsathanand', 'u1250344', 'yyerim', 'dicef', 'raul292', 'smontero', 'hwan10353', 'ts992', 'jdgerling', 'baqer', 'davidr27', 'evakolmel', 'blane', 'hjy0909', 'kayleneechong', 'sandip83', 'danielclapp99', 'durgaprasadkhatri2011', 'jsjjsung1996', 'lobsterben13', 'saradiazr', 'lorenzoholguin12', 'ana23', 'aldanafloyd', 'mstff.1clkk', 'mahnoor.syed29', 'amandabrum', 'nguyendaniel', 'santox2000', 'matthew.jones98', 'poorar21', 'eb32862', 'eminasuljic', 'hjp44', 'bagpag0412', 'annikadasher', 'kaiseale', 'anujgarg939', 'cactusnoh', 'nicoladegiuseppe19', 'sungjoon.cho97', 'nsh0004', 's16c028b', 'deguirejasmin', 'sd226', 'nanobeam', 'jeus63', 'm203442', 'sarah.youssef', 'olga.casals', 'joshuabush', 'jaycho0309', 'arif.ozkan5806', 'johndoe2341341243', 'mrtmert98', 'choichoi1217', 'pw8', 'i.lutticken', 'arianebarreto', 'zse0147', 'diana9697', 'gazerlo', 'rylandkate', 'jef325', 'chrixang18', 'halilibrahimtiken', 's16c045b', 'plaggeme', 'a194117', 'newele', 'mangabera10', 'jrobinson5', 'felipemachado', 'emreyilmazel1996', 'd093641', 'maria.irausquin', 'kellen.wise', 'caseyamick', 'magnoliajasper', '8223freret', 'cartermchris1', 'rakaiit', 'berrospidavid7', 'jschewinsky', 'cdutreil', 'wingitalways', 'tg2016', 'stiml1144', 'kodurur', 'l201843', 'mrgiraffe', 'panellink1', 'briann', 'aingles', 'rossop', 'pmcnutt2', 'choudh23', 'testeremre70', 'sungjooncho', 'krusso448', 'spazos7', 'xiaoyuzhang', 'burak9836', 'cibranlpz', 'kalibee', 'm241617', 'anunshi0214', 'rosadourada9', 'liqizhou', 'myeonu', 'anapv177', 'c195673', 'justiejoseph', 'chastintruelove', 'kst48', 'joejfranzo', 'sqlim94', 'phhuang', 'yesimcakmakc', 'asif0047', 'fpincock', 'ekdh4301', 'hlong262', 'retrewtewrt', 'jako91', 'jbonez411', 'ee17resch11016', 'nfranzoni', 'maxguipil', 'madisonmiller', 'rbdud220', 'kmerino', 'cancetinkaya1201', 'rajsingh', 'u6007941', 'trivellin', 'heatherleaf', 'nickm', 'tserenkhand', 'jkj9316', 'sou06101', 'ethan.caballero', 'jack522577', 'oktayhalitekinay', 'maxiasensio', 'elena.gnani', 'mos_noob', 'hj980217', 'bmirzapouebe', 't224622', 'fredysanchez2', 'clizarazo', 'kmjysys', 'drogalski', 'elel30182', 'cacuy', 'abaringer', 'kevin726', 'marcantoineduval', 'younsk666', 'ge.6cg7', 'fedele.penna', 'aaronrivasterron', 'ronitronit119', 'cbandel', 'aaroncoonu', 'k.hildenbrand', 'asdksnfksfkmd', 'ol_ac', 'zepfan026', 'j176601', 'fatanehjenabi', 'd33r00', 'johnganiban', 'yorkiiii', 'yermin3196', 'cameronframpton', 'j218711', 'hrhlauraa', 'alirose12', 'lewisgf20', 'andresaraiva', 'arno.yu610168', 'fabio.aragao.santos', 'kaynegalie', 'xiaokaizhong99', 'cheeseybacon', 'nbhat0792', 'jason.earl', 'alexdallee17', 'ashishchr', 'nmorgan1', 'nuriamjusc', 'rynk.john', 'jeption2025', 'mtynski', 'iuri', 'ftah', 'longstreetjacob', 'avivlavan', 'ckgk77', 'sebasmarquez90', 'anshshah2011', 'lerner', 'susannareggiani', 'gunstux', 'uuganbayaro', 'hamastahir19', 'damianonetto']"
28,54,40,73,38,"['diana9697', 'sungjooncho', 'systartup', 'yeyeye1', 'eb32862', 'kalibee', 'anunshi0214', 'jkj9316', 'sou06101', 'myeonu', 'bagpag0412', 'cactusnoh', 'sungjoon.cho97', 'rhdcor05', 'jkr3623', 'ekdh4301', 'hj980217', 'yuseap1111', 'jrish', 'shawutss', 'jeus63', 'kmjysys', 'yyerim', 'wjddn308', 'hwan10353', 'kevin726', 'younsk666', 'jaycho0309', 'wys142', 'ekdhafs', 'ckgk77', 'choichoi1217', 'rbdud220', 'also0714', 'hjy0909', 'gunstux', 'man6787', 'jsjjsung1996']",1,['yermin3196'],35,"['trigon201', 'hyeonji', 'oyesj97', 'ohjeremy', 'b615011', 'mindk24', 'chubbypet2', 'hee_jun', 'minyeong', 'qudgur96', 'chaems322', 'star73733', 'hjlim9612', 'homme0214', 'wnsgnl57', 'alstlr96qkr', 'siggy36', 'qor061533', 'dltnwls4870', 'hyeonkims97', 'tkdgjs68', 'paragt1026', 'xmdnlxj2bo', 'daniel223977', 'lidia082839', None, 'hoonny5343', 'poby', 'kgj0328', '9704psj', 'kim980407', 'ley008002', 'wkm125', 'zparkwd', 'tls123009']",74,"['diana9697', 'oyesj97', 'mindk24', 'jkj9316', 'sou06101', 'star73733', 'hjlim9612', 'homme0214', 'wnsgnl57', 'rhdcor05', 'siggy36', 'qor061533', 'hj980217', 'yuseap1111', 'dltnwls4870', 'kmjysys', 'paragt1026', 'xmdnlxj2bo', 'yyerim', 'hwan10353', 'kevin726', 'lidia082839', 'younsk666', 'wys142', 'hoonny5343', 'kgj0328', '9704psj', 'hjy0909', 'ley008002', 'zparkwd', 'jsjjsung1996', 'trigon201', 'hyeonji', 'ohjeremy', 'b615011', 'sungjooncho', 'chubbypet2', 'systartup', 'hee_jun', 'yeyeye1', 'eb32862', 'kalibee', 'minyeong', 'qudgur96', 'anunshi0214', 'yermin3196', 'myeonu', 'chaems322', 'bagpag0412', 'cactusnoh', 'sungjoon.cho97', 'alstlr96qkr', 'jkr3623', 'ekdh4301', 'jrish', 'hyeonkims97', 'tkdgjs68', 'shawutss', 'jeus63', 'daniel223977', 'wjddn308', None, 'jaycho0309', 'ekdhafs', 'poby', 'ckgk77', 'choichoi1217', 'rbdud220', 'also0714', 'kim980407', 'gunstux', 'man6787', 'wkm125', 'tls123009']"
28,19,40,66,38,"['diana9697', 'sungjooncho', 'systartup', 'yeyeye1', 'eb32862', 'kalibee', 'anunshi0214', 'jkj9316', 'yermin3196', 'myeonu', 'bagpag0412', 'cactusnoh', 'sungjoon.cho97', 'rhdcor05', 'jkr3623', 'ekdh4301', 'hj980217', 'yuseap1111', 'jrish', 'shawutss', 'jeus63', 'kmjysys', 'yyerim', 'wjddn308', 'hwan10353', 'kevin726', 'younsk666', 'jaycho0309', 'wys142', 'ekdhafs', 'ckgk77', 'choichoi1217', 'rbdud220', 'also0714', 'hjy0909', 'gunstux', 'man6787', 'jsjjsung1996']",1,['sou06101'],28,"['oyesj97', 'ohjeremy', 'b615011', 'mindk24', 'kgj9056', 'kimsw9506', 'minyeong', 'qudgur96', 'chaems322', 'gns09171303', 'hjlim9612', 'wnsgnl57', 'unshi0214', 'hcha71', 'siggy36', 'ubspace', 'geunwonjeong', 'paragt1026', None, 'jihwanch1', 'hoonny5343', 'minsuk', 'yj_choi', 'comebacktome', 'seobstantial', 'yujin', 'wkm125', 'zparkwd']",67,"['diana9697', 'oyesj97', 'mindk24', 'kgj9056', 'jkj9316', 'sou06101', 'gns09171303', 'hjlim9612', 'wnsgnl57', 'rhdcor05', 'siggy36', 'hj980217', 'yuseap1111', 'geunwonjeong', 'kmjysys', 'paragt1026', 'yyerim', 'hwan10353', 'kevin726', 'jihwanch1', 'younsk666', 'wys142', 'hoonny5343', 'yujin', 'hjy0909', 'yj_choi', 'comebacktome', 'zparkwd', 'jsjjsung1996', 'ohjeremy', 'b615011', 'sungjooncho', 'systartup', 'yeyeye1', 'kimsw9506', 'eb32862', 'kalibee', 'minyeong', 'qudgur96', 'anunshi0214', 'yermin3196', 'myeonu', 'chaems322', 'bagpag0412', 'cactusnoh', 'sungjoon.cho97', 'unshi0214', 'hcha71', 'jkr3623', 'ekdh4301', 'ubspace', 'jrish', 'shawutss', 'jeus63', 'wjddn308', None, 'jaycho0309', 'ekdhafs', 'minsuk', 'ckgk77', 'choichoi1217', 'rbdud220', 'also0714', 'gunstux', 'seobstantial', 'man6787', 'wkm125']"
28,431,40,33,20,"['sungjooncho', 'yeyeye1', 'eb32862', 'jkj9316', 'yermin3196', 'bagpag0412', 'cactusnoh', 'sungjoon.cho97', 'yuseap1111', 'hj980217', 'jeus63', 'yyerim', 'wjddn308', 'hwan10353', 'younsk666', 'wys142', 'choichoi1217', 'also0714', 'gunstux', 'man6787']",19,"['diana9697', 'systartup', 'kalibee', 'anunshi0214', 'sou06101', 'myeonu', 'rhdcor05', 'jkr3623', 'ekdh4301', 'jrish', 'shawutss', 'kmjysys', 'kevin726', 'jaycho0309', 'ekdhafs', 'ckgk77', 'rbdud220', 'hjy0909', 'jsjjsung1996']",13,"['hoonny5343', 'oyesj97', 'geunwonjeong', 'b615011', 'mindk24', 'paragt1026', 'kgj9056', 'comebacktome', 'seobstantial', 'zparkwd', 'hcha71', None, 'qudgur96']",52,"['diana9697', 'oyesj97', 'b615011', 'mindk24', 'sungjooncho', 'kgj9056', 'systartup', 'yeyeye1', 'eb32862', 'kalibee', 'qudgur96', 'anunshi0214', 'jkj9316', 'yermin3196', 'sou06101', 'myeonu', 'bagpag0412', 'cactusnoh', 'sungjoon.cho97', 'rhdcor05', 'hcha71', 'jkr3623', 'ekdh4301', 'hj980217', 'yuseap1111', 'jrish', 'geunwonjeong', 'shawutss', 'jeus63', 'kmjysys', 'paragt1026', 'yyerim', 'wjddn308', 'hwan10353', 'kevin726', None, 'younsk666', 'jaycho0309', 'wys142', 'hoonny5343', 'ekdhafs', 'ckgk77', 'choichoi1217', 'rbdud220', 'also0714', 'hjy0909', 'gunstux', 'comebacktome', 'seobstantial', 'man6787', 'zparkwd', 'jsjjsung1996']"
28,415,40,28,24,"['diana9697', 'sungjooncho', 'systartup', 'yeyeye1', 'anunshi0214', 'jkj9316', 'myeonu', 'bagpag0412', 'cactusnoh', 'sungjoon.cho97', 'jkr3623', 'ekdh4301', 'yuseap1111', 'hj980217', 'shawutss', 'yyerim', 'wjddn308', 'younsk666', 'jaycho0309', 'ekdhafs', 'choichoi1217', 'ckgk77', 'hjy0909', 'jsjjsung1996']",15,"['yermin3196', 'sou06101', 'jrish', 'kevin726', 'jeus63', 'also0714', 'kmjysys', 'rbdud220', 'hwan10353', 'eb32862', 'gunstux', 'man6787', 'rhdcor05', 'kalibee', 'wys142']",4,"['trigon201', None, 'star73733', 'wnsgnl57']",43,"['trigon201', 'diana9697', 'sungjooncho', 'systartup', 'yeyeye1', 'eb32862', 'kalibee', 'anunshi0214', 'jkj9316', 'yermin3196', 'sou06101', 'myeonu', 'bagpag0412', 'star73733', 'cactusnoh', 'sungjoon.cho97', 'wnsgnl57', 'rhdcor05', 'jkr3623', 'ekdh4301', 'hj980217', 'yuseap1111', 'jrish', 'shawutss', 'jeus63', 'kmjysys', 'yyerim', 'wjddn308', 'hwan10353', 'kevin726', None, 'younsk666', 'jaycho0309', 'wys142', 'ekdhafs', 'ckgk77', 'choichoi1217', 'rbdud220', 'also0714', 'hjy0909', 'gunstux', 'man6787', 'jsjjsung1996']"
28,23,40,23,1,['systartup'],38,"['diana9697', 'sungjooncho', 'yeyeye1', 'eb32862', 'kalibee', 'anunshi0214', 'jkj9316', 'yermin3196', 'sou06101', 'myeonu', 'bagpag0412', 'cactusnoh', 'sungjoon.cho97', 'rhdcor05', 'jkr3623', 'ekdh4301', 'hj980217', 'yuseap1111', 'jrish', 'shawutss', 'jeus63', 'kmjysys', 'yyerim', 'wjddn308', 'hwan10353', 'kevin726', 'younsk666', 'jaycho0309', 'wys142', 'ekdhafs', 'ckgk77', 'choichoi1217', 'rbdud220', 'also0714', 'hjy0909', 'gunstux', 'man6787', 'jsjjsung1996']",22,"['sejin1224', 'oyesj97', 'ohjeremy', 'b615011', 'mindk24', 'bumkimm', 'hee_jun', 'minyeong', 'qudgur96', 'chaems322', 'hjlim9612', 'yongsik', 'paragt1026', None, 'hoonny5343', 'kdm52', 'kgj0328', '9704psj', 'yj_choi', 'seobstantial', 'yujin', 'zparkwd']",61,"['sejin1224', 'diana9697', 'oyesj97', 'ohjeremy', 'b615011', 'mindk24', 'sungjooncho', 'bumkimm', 'systartup', 'hee_jun', 'yeyeye1', 'eb32862', 'kalibee', 'minyeong', 'qudgur96', 'anunshi0214', 'jkj9316', 'yermin3196', 'sou06101', 'myeonu', 'chaems322', 'bagpag0412', 'cactusnoh', 'hjlim9612', 'sungjoon.cho97', 'yongsik', 'rhdcor05', 'jkr3623', 'ekdh4301', 'hj980217', 'yuseap1111', 'jrish', 'shawutss', 'jeus63', 'kmjysys', 'paragt1026', 'yyerim', 'wjddn308', 'hwan10353', 'kevin726', None, 'younsk666', 'jaycho0309', 'wys142', 'hoonny5343', 'ekdhafs', 'yujin', 'kdm52', 'kgj0328', 'ckgk77', 'choichoi1217', 'rbdud220', 'also0714', '9704psj', 'hjy0909', 'gunstux', 'yj_choi', 'seobstantial', 'man6787', 'zparkwd', 'jsjjsung1996']"
29,216,39,57,1,['ninume2'],37,"['rheamvillamor', 'wendong.wang11', 'kathuria.ajay', 'wjdtjqvkdvkd', 'yanjs1618', 'fireshoot12', 'robenvictor.dispo', 'qkrwhdgkswlgjs', 'rina', 'ski03243', 'hijw97', 'rupali18feb', 'popian99', 'frog9596', 'cjswo95173', 'dlwhdgur808', 'christianjulle17', 'jsh1254', 'hideaki_murotani', 'sherlynkeh.dionio', 'minjae1204', 'mutlu', 'dlgkxor759', 'victor.biswas18', 'estse21', 'echotypist', 'nitalie', 'join97do', 'sumanbhasker89', 'mrsm1', 'dlehdduq9999', 'yangzzi98', 'minsik4594', 'want', 'vrhea19', 'zbijzz13', 'tiny8524679']",56,"['roslend2', 'bshiang2', 'magnaye2', 'yelin4', 'jkelle30', 'asyang3', 'aswett2', 'vvs3', 'juliawp2', 'schumer2', 'yoonjae3', 'wx5', 'noahrh3', 'loutris2', 'meeraj2', 'jaeyong2', 'brisamm2', 'megangb2', 'jll4', 'ziruiw2', 'jornia2', 'xd8', 'kacperr2', 'jleeman2', 'luketk2', 'aldolp2', 'hmpatel4', 'hanzhi2', 'jordanm7', 'rohanv2', 'vanshg2', 'dl20', 'dosman3', 'agrind2', 'akshays6', 'mderka3', 'trishag3', 'micahpr2', 'samuelf4', 'txyang2', 'pgardo2', None, 'allibur', 'alexmf2', 'kevinkw3', 'michal3', 'coleck2', 'huizhit2', 'bsutton3', 'azatar3', 'kkang14', 'jlakomy2', 'jiapeiy2', 'konicek3', 'teb4', 'corynne2']",94,"['wjdtjqvkdvkd', 'yanjs1618', 'roslend2', 'robenvictor.dispo', 'qkrwhdgkswlgjs', 'yelin4', 'jkelle30', 'ski03243', 'aswett2', 'vvs3', 'juliawp2', 'rupali18feb', 'yoonjae3', 'noahrh3', 'cjswo95173', 'loutris2', 'christianjulle17', 'ziruiw2', 'hideaki_murotani', 'jleeman2', 'sherlynkeh.dionio', 'ninume2', 'hanzhi2', 'rohanv2', 'dlgkxor759', 'vanshg2', 'dosman3', 'akshays6', 'pgardo2', 'join97do', 'sumanbhasker89', 'dlehdduq9999', 'yangzzi98', 'michal3', 'bsutton3', 'azatar3', 'jiapeiy2', 'konicek3', 'vrhea19', 'teb4', 'zbijzz13', 'corynne2', 'rheamvillamor', 'wendong.wang11', 'kathuria.ajay', 'bshiang2', 'fireshoot12', 'magnaye2', 'rina', 'asyang3', 'hijw97', 'schumer2', 'wx5', 'popian99', 'frog9596', 'meeraj2', 'jaeyong2', 'brisamm2', 'dlwhdgur808', 'megangb2', 'jll4', 'jornia2', 'xd8', 'jsh1254', 'kacperr2', 'luketk2', 'aldolp2', 'hmpatel4', 'jordanm7', 'minjae1204', 'agrind2', 'mutlu', 'dl20', 'victor.biswas18', 'estse21', 'mderka3', 'nitalie', 'trishag3', 'micahpr2', 'samuelf4', 'txyang2', None, 'mrsm1', 'allibur', 'alexmf2', 'kevinkw3', 'huizhit2', 'minsik4594', 'want', 'coleck2', 'kkang14', 'jlakomy2', 'echotypist', 'tiny8524679']"
29,222,39,20,15,"['popian99', 'frog9596', 'cjswo95173', 'wjdtjqvkdvkd', 'fireshoot12', 'qkrwhdgkswlgjs', 'dlgkxor759', 'rina', 'yangzzi98', 'estse21', 'ski03243', 'minsik4594', 'hijw97', 'jsh1254', 'join97do']",23,"['rheamvillamor', 'wendong.wang11', 'kathuria.ajay', 'yanjs1618', 'robenvictor.dispo', 'rupali18feb', 'dlwhdgur808', 'christianjulle17', 'hideaki_murotani', 'sherlynkeh.dionio', 'ninume2', 'minjae1204', 'mutlu', 'victor.biswas18', 'echotypist', 'nitalie', 'sumanbhasker89', 'mrsm1', 'dlehdduq9999', 'want', 'vrhea19', 'zbijzz13', 'tiny8524679']",5,"['rladmstn01254', 'qadeersial', 'chlee1579', 'ykwon722', None]",43,"['rheamvillamor', 'wendong.wang11', 'kathuria.ajay', 'wjdtjqvkdvkd', 'yanjs1618', 'fireshoot12', 'robenvictor.dispo', 'qkrwhdgkswlgjs', 'rina', 'ski03243', 'hijw97', 'ykwon722', 'popian99', 'frog9596', 'cjswo95173', 'qadeersial', 'dlwhdgur808', 'christianjulle17', 'chlee1579', 'tiny8524679', 'jsh1254', 'hideaki_murotani', 'sherlynkeh.dionio', 'rladmstn01254', 'ninume2', 'minjae1204', 'mutlu', 'dlgkxor759', 'victor.biswas18', 'estse21', 'nitalie', 'join97do', 'sumanbhasker89', None, 'vrhea19', 'mrsm1', 'dlehdduq9999', 'yangzzi98', 'minsik4594', 'want', 'echotypist', 'zbijzz13', 'rupali18feb']"
29,223,39,10,4,"['christianjulle17', 'vrhea19', 'zbijzz13', 'echotypist']",34,"['rheamvillamor', 'wendong.wang11', 'kathuria.ajay', 'wjdtjqvkdvkd', 'yanjs1618', 'fireshoot12', 'robenvictor.dispo', 'qkrwhdgkswlgjs', 'rina', 'ski03243', 'hijw97', 'rupali18feb', 'popian99', 'frog9596', 'cjswo95173', 'dlwhdgur808', 'jsh1254', 'hideaki_murotani', 'sherlynkeh.dionio', 'ninume2', 'minjae1204', 'mutlu', 'dlgkxor759', 'victor.biswas18', 'estse21', 'nitalie', 'join97do', 'sumanbhasker89', 'mrsm1', 'dlehdduq9999', 'yangzzi98', 'minsik4594', 'want', 'tiny8524679']",6,"['munioartanthonyz', 'ronazoeyyy', 'shararose.ordejan', 'rojellyn.baldago', 'angel.perante', None]",44,"['rheamvillamor', 'wendong.wang11', 'kathuria.ajay', 'wjdtjqvkdvkd', 'yanjs1618', 'munioartanthonyz', 'fireshoot12', 'robenvictor.dispo', 'qkrwhdgkswlgjs', 'rina', 'ski03243', 'hijw97', 'popian99', 'frog9596', 'cjswo95173', 'ronazoeyyy', 'dlwhdgur808', 'angel.perante', 'christianjulle17', 'tiny8524679', 'jsh1254', 'hideaki_murotani', 'sherlynkeh.dionio', 'rojellyn.baldago', 'ninume2', 'minjae1204', 'mutlu', 'dlgkxor759', 'victor.biswas18', 'estse21', 'nitalie', 'join97do', 'sumanbhasker89', None, 'vrhea19', 'mrsm1', 'shararose.ordejan', 'dlehdduq9999', 'yangzzi98', 'minsik4594', 'want', 'echotypist', 'zbijzz13', 'rupali18feb']"
30,96,38,30,28,"['michaelarena', 'reditola', 'ztillman', 'colebarker', 'erocha', 'juanrodrigue', 'c.ohalloran', 'hugo.gomez', 'boris.iliev', 'gsookai', 'jake.julia', 'kimc', 'arnoldkenneth', 'cwoodahl', 'allysonkindel', 'cholber', 'jaxsonjerger', 'jimmywatt', 'shaneauberger', 'johnmorin', 'jfranco1', 'michael.neswold', 'ihvojnik', 'matthewgerstel', 'ishamor.reid', 'ian.press', 'jovermeyer', 'aproudnik']",9,"['jvillanueva1', 'antural', 'jnunez2', 'matthewjager', 'nchowdary', 'vshiwmangal1', 'afruge', 'lichen444', 'skylarraewilson']",2,"['zabhrya_03', None]",39,"['antural', 'zabhrya_03', 'michaelarena', 'reditola', 'ztillman', 'colebarker', 'lichen444', 'skylarraewilson', 'erocha', 'juanrodrigue', 'jvillanueva1', 'c.ohalloran', 'matthewjager', 'vshiwmangal1', 'hugo.gomez', 'afruge', 'boris.iliev', 'cwoodahl', 'gsookai', 'jnunez2', 'arnoldkenneth', 'jake.julia', 'kimc', 'allysonkindel', 'nchowdary', 'cholber', 'jaxsonjerger', 'jimmywatt', 'shaneauberger', 'johnmorin', None, 'jfranco1', 'michael.neswold', 'ihvojnik', 'matthewgerstel', 'ishamor.reid', 'ian.press', 'jovermeyer', 'aproudnik']"
30,308,38,27,26,"['michaelarena', 'reditola', 'ztillman', 'colebarker', 'erocha', 'juanrodrigue', 'c.ohalloran', 'hugo.gomez', 'boris.iliev', 'gsookai', 'jake.julia', 'kimc', 'arnoldkenneth', 'cwoodahl', 'allysonkindel', 'cholber', 'jaxsonjerger', 'jimmywatt', 'shaneauberger', 'johnmorin', 'jfranco1', 'michael.neswold', 'ihvojnik', 'matthewgerstel', 'ishamor.reid', 'aproudnik']",11,"['jovermeyer', 'jvillanueva1', 'antural', 'jnunez2', 'matthewjager', 'nchowdary', 'vshiwmangal1', 'afruge', 'ian.press', 'lichen444', 'skylarraewilson']",1,[None],38,"['antural', 'michaelarena', 'reditola', 'ztillman', 'colebarker', 'lichen444', 'skylarraewilson', 'erocha', 'juanrodrigue', 'jvillanueva1', 'c.ohalloran', 'matthewjager', 'vshiwmangal1', 'hugo.gomez', 'afruge', 'boris.iliev', 'cwoodahl', 'gsookai', 'jnunez2', 'arnoldkenneth', 'jake.julia', 'kimc', 'allysonkindel', 'nchowdary', 'cholber', 'jaxsonjerger', 'jimmywatt', 'shaneauberger', 'johnmorin', None, 'jfranco1', 'michael.neswold', 'ihvojnik', 'matthewgerstel', 'ishamor.reid', 'ian.press', 'jovermeyer', 'aproudnik']"
30,172,38,24,1,['jake.julia'],36,"['antural', 'michaelarena', 'reditola', 'ztillman', 'colebarker', 'lichen444', 'skylarraewilson', 'erocha', 'juanrodrigue', 'jvillanueva1', 'c.ohalloran', 'matthewjager', 'vshiwmangal1', 'hugo.gomez', 'afruge', 'boris.iliev', 'cwoodahl', 'gsookai', 'jnunez2', 'arnoldkenneth', 'kimc', 'allysonkindel', 'nchowdary', 'cholber', 'jaxsonjerger', 'jimmywatt', 'shaneauberger', 'johnmorin', 'jfranco1', 'michael.neswold', 'ihvojnik', 'matthewgerstel', 'ishamor.reid', 'ian.press', 'jovermeyer', 'aproudnik']",23,"['zhewitt', 'rsanchezcereijo', 'exirinach', 'arodriguez30', 'btreacy', 'frankvigoa', 'nicolas.yanez', 'joel.cruz', 'sophia.corrales', 'sgandhi', 'kyle.james', 'robertkaufman1', 'brandongarver', 'kayladunnuck', 'glorber', None, 'jweichselbaumer', 'walter.sanchez', 'm.mcguinness', 'a.santana', 'ksantaniello', 'rao.mihir', 'mcarreno']",60,"['zhewitt', 'antural', 'michaelarena', 'reditola', 'rsanchezcereijo', 'exirinach', 'ztillman', 'arodriguez30', 'colebarker', 'lichen444', 'skylarraewilson', 'erocha', 'juanrodrigue', 'jvillanueva1', 'c.ohalloran', 'btreacy', 'frankvigoa', 'matthewjager', 'nicolas.yanez', 'vshiwmangal1', 'hugo.gomez', 'afruge', 'joel.cruz', 'sophia.corrales', 'sgandhi', 'boris.iliev', 'cwoodahl', 'gsookai', 'jnunez2', 'arnoldkenneth', 'jake.julia', 'kimc', 'kyle.james', 'robertkaufman1', 'allysonkindel', 'nchowdary', 'cholber', 'brandongarver', 'jaxsonjerger', 'jimmywatt', 'shaneauberger', 'johnmorin', 'kayladunnuck', 'glorber', None, 'jweichselbaumer', 'walter.sanchez', 'jfranco1', 'm.mcguinness', 'michael.neswold', 'a.santana', 'ihvojnik', 'matthewgerstel', 'ksantaniello', 'ishamor.reid', 'ian.press', 'rao.mihir', 'jovermeyer', 'mcarreno', 'aproudnik']"
30,97,38,23,21,"['michaelarena', 'reditola', 'colebarker', 'erocha', 'juanrodrigue', 'c.ohalloran', 'hugo.gomez', 'boris.iliev', 'gsookai', 'jake.julia', 'kimc', 'arnoldkenneth', 'jimmywatt', 'shaneauberger', 'johnmorin', 'jfranco1', 'michael.neswold', 'ihvojnik', 'ishamor.reid', 'jovermeyer', 'aproudnik']",16,"['jvillanueva1', 'cwoodahl', 'antural', 'jnunez2', 'matthewjager', 'allysonkindel', 'nchowdary', 'vshiwmangal1', 'cholber', 'afruge', 'matthewgerstel', 'ztillman', 'jaxsonjerger', 'ian.press', 'lichen444', 'skylarraewilson']",2,"[None, 'gcioffi']",39,"['antural', 'michaelarena', 'reditola', 'ztillman', 'colebarker', 'lichen444', 'skylarraewilson', 'erocha', 'juanrodrigue', 'jvillanueva1', 'c.ohalloran', 'matthewjager', 'vshiwmangal1', 'hugo.gomez', 'afruge', 'gcioffi', 'boris.iliev', 'cwoodahl', 'gsookai', 'jnunez2', 'arnoldkenneth', 'jake.julia', 'kimc', 'allysonkindel', 'nchowdary', 'cholber', 'jaxsonjerger', 'jimmywatt', 'shaneauberger', 'johnmorin', None, 'jfranco1', 'michael.neswold', 'ihvojnik', 'matthewgerstel', 'ishamor.reid', 'ian.press', 'jovermeyer', 'aproudnik']"
30,498,38,21,19,"['reditola', 'ztillman', 'erocha', 'hugo.gomez', 'boris.iliev', 'cwoodahl', 'gsookai', 'kimc', 'arnoldkenneth', 'allysonkindel', 'jaxsonjerger', 'shaneauberger', 'johnmorin', 'jfranco1', 'michael.neswold', 'ihvojnik', 'matthewgerstel', 'jovermeyer', 'aproudnik']",18,"['juanrodrigue', 'jvillanueva1', 'c.ohalloran', 'jake.julia', 'antural', 'jnunez2', 'matthewjager', 'michaelarena', 'nchowdary', 'vshiwmangal1', 'cholber', 'afruge', 'ishamor.reid', 'ian.press', 'jimmywatt', 'colebarker', 'lichen444', 'skylarraewilson']",2,"[None, 'gcioffi']",39,"['antural', 'michaelarena', 'reditola', 'ztillman', 'colebarker', 'lichen444', 'skylarraewilson', 'erocha', 'juanrodrigue', 'jvillanueva1', 'c.ohalloran', 'matthewjager', 'vshiwmangal1', 'hugo.gomez', 'afruge', 'gcioffi', 'boris.iliev', 'cwoodahl', 'gsookai', 'jnunez2', 'arnoldkenneth', 'jake.julia', 'kimc', 'allysonkindel', 'nchowdary', 'cholber', 'jaxsonjerger', 'jimmywatt', 'shaneauberger', 'johnmorin', None, 'jfranco1', 'michael.neswold', 'ihvojnik', 'matthewgerstel', 'ishamor.reid', 'ian.press', 'jovermeyer', 'aproudnik']"
30,312,38,20,19,"['michaelarena', 'ztillman', 'colebarker', 'juanrodrigue', 'hugo.gomez', 'boris.iliev', 'jake.julia', 'kimc', 'arnoldkenneth', 'allysonkindel', 'cholber', 'jaxsonjerger', 'shaneauberger', 'johnmorin', 'michael.neswold', 'ihvojnik', 'ishamor.reid', 'jovermeyer', 'aproudnik']",18,"['erocha', 'jvillanueva1', 'c.ohalloran', 'cwoodahl', 'gsookai', 'antural', 'jnunez2', 'jfranco1', 'matthewjager', 'reditola', 'nchowdary', 'vshiwmangal1', 'matthewgerstel', 'afruge', 'ian.press', 'jimmywatt', 'lichen444', 'skylarraewilson']",1,[None],38,"['antural', 'michaelarena', 'reditola', 'ztillman', 'colebarker', 'lichen444', 'skylarraewilson', 'erocha', 'juanrodrigue', 'jvillanueva1', 'c.ohalloran', 'matthewjager', 'vshiwmangal1', 'hugo.gomez', 'afruge', 'boris.iliev', 'cwoodahl', 'gsookai', 'jnunez2', 'arnoldkenneth', 'jake.julia', 'kimc', 'allysonkindel', 'nchowdary', 'cholber', 'jaxsonjerger', 'jimmywatt', 'shaneauberger', 'johnmorin', None, 'jfranco1', 'michael.neswold', 'ihvojnik', 'matthewgerstel', 'ishamor.reid', 'ian.press', 'jovermeyer', 'aproudnik']"
30,499,38,19,17,"['erocha', 'juanrodrigue', 'c.ohalloran', 'cwoodahl', 'jake.julia', 'kimc', 'arnoldkenneth', 'michael.neswold', 'michaelarena', 'ihvojnik', 'matthewgerstel', 'cholber', 'hugo.gomez', 'ishamor.reid', 'jimmywatt', 'johnmorin', 'colebarker']",20,"['antural', 'reditola', 'ztillman', 'lichen444', 'skylarraewilson', 'jvillanueva1', 'matthewjager', 'vshiwmangal1', 'afruge', 'boris.iliev', 'gsookai', 'jnunez2', 'allysonkindel', 'nchowdary', 'jaxsonjerger', 'shaneauberger', 'jfranco1', 'ian.press', 'jovermeyer', 'aproudnik']",2,"[None, 'gcioffi']",39,"['antural', 'michaelarena', 'reditola', 'ztillman', 'colebarker', 'lichen444', 'skylarraewilson', 'erocha', 'juanrodrigue', 'jvillanueva1', 'c.ohalloran', 'matthewjager', 'vshiwmangal1', 'hugo.gomez', 'afruge', 'gcioffi', 'boris.iliev', 'cwoodahl', 'gsookai', 'jnunez2', 'arnoldkenneth', 'jake.julia', 'kimc', 'allysonkindel', 'nchowdary', 'cholber', 'jaxsonjerger', 'jimmywatt', 'shaneauberger', 'johnmorin', None, 'jfranco1', 'michael.neswold', 'ihvojnik', 'matthewgerstel', 'ishamor.reid', 'ian.press', 'jovermeyer', 'aproudnik']"
30,309,38,7,5,"['jvillanueva1', 'matthewjager', 'vshiwmangal1', 'ian.press', 'skylarraewilson']",32,"['antural', 'michaelarena', 'reditola', 'ztillman', 'colebarker', 'lichen444', 'erocha', 'juanrodrigue', 'c.ohalloran', 'hugo.gomez', 'afruge', 'boris.iliev', 'cwoodahl', 'gsookai', 'jnunez2', 'arnoldkenneth', 'jake.julia', 'kimc', 'allysonkindel', 'nchowdary', 'cholber', 'jaxsonjerger', 'jimmywatt', 'shaneauberger', 'johnmorin', 'jfranco1', 'michael.neswold', 'ihvojnik', 'matthewgerstel', 'ishamor.reid', 'jovermeyer', 'aproudnik']",2,"[None, 'pniraula']",39,"['antural', 'michaelarena', 'reditola', 'ztillman', 'colebarker', 'lichen444', 'skylarraewilson', 'erocha', 'juanrodrigue', 'jvillanueva1', 'c.ohalloran', 'matthewjager', 'vshiwmangal1', 'hugo.gomez', 'afruge', 'boris.iliev', 'cwoodahl', 'gsookai', 'jnunez2', 'arnoldkenneth', 'jake.julia', 'kimc', 'allysonkindel', 'nchowdary', 'cholber', 'jaxsonjerger', 'jimmywatt', 'shaneauberger', 'johnmorin', 'pniraula', None, 'jfranco1', 'michael.neswold', 'ihvojnik', 'matthewgerstel', 'ishamor.reid', 'ian.press', 'jovermeyer', 'aproudnik']"
31,328,37,34,31,"['jrsanne1', 'vjokeefe', 'whward1', 'eaamonoo', 'djdenzer', 'mrplatt1', 'tdmcgow1', 'mhamare', 'bbolas', 'mmblaes', 'ssalgue1', 'mesmeral', 'rlmabry', 'dokbamic', 'arouhand', 'slim47', 'udesarda', 'tlvo1', 'mkhadley', 'bpovilus', 'kgupta42', 'crdavi26', 'sdahal4', 'awharri8', 'ksantos5', 'rwtheilm', 'chattend', 'jeaniekim', 'hcquinn', 'mvkimbal', 'tlovell2']",5,"['fgalaz', 'lcfierro', 'mhipschm', 'merodr15', 'ecperez3']",3,"[None, 'ijsxa', 'carrillo.omar30']",39,"['jrsanne1', 'vjokeefe', 'lcfierro', 'whward1', 'mhipschm', 'eaamonoo', 'merodr15', 'djdenzer', 'mrplatt1', 'tdmcgow1', 'fgalaz', 'mhamare', 'bbolas', 'mmblaes', 'rlmabry', 'mesmeral', 'ssalgue1', 'dokbamic', 'arouhand', 'slim47', 'udesarda', 'tlvo1', 'mkhadley', 'bpovilus', 'kgupta42', 'ijsxa', None, 'crdavi26', 'sdahal4', 'awharri8', 'ksantos5', 'carrillo.omar30', 'rwtheilm', 'chattend', 'ecperez3', 'jeaniekim', 'hcquinn', 'mvkimbal', 'tlovell2']"
31,100,37,33,31,"['jrsanne1', 'vjokeefe', 'whward1', 'eaamonoo', 'djdenzer', 'mrplatt1', 'tdmcgow1', 'mhamare', 'bbolas', 'mmblaes', 'ssalgue1', 'mesmeral', 'rlmabry', 'dokbamic', 'arouhand', 'slim47', 'udesarda', 'tlvo1', 'mkhadley', 'bpovilus', 'kgupta42', 'crdavi26', 'sdahal4', 'awharri8', 'ksantos5', 'rwtheilm', 'chattend', 'jeaniekim', 'hcquinn', 'mvkimbal', 'tlovell2']",5,"['fgalaz', 'lcfierro', 'mhipschm', 'merodr15', 'ecperez3']",2,"['falarson', None]",38,"['jrsanne1', 'vjokeefe', 'lcfierro', 'whward1', 'mhipschm', 'eaamonoo', 'merodr15', 'djdenzer', 'falarson', 'mrplatt1', 'tdmcgow1', 'fgalaz', 'mhamare', 'bbolas', 'mmblaes', 'rlmabry', 'mesmeral', 'ssalgue1', 'dokbamic', 'arouhand', 'slim47', 'udesarda', 'tlvo1', 'mkhadley', 'bpovilus', 'kgupta42', None, 'crdavi26', 'sdahal4', 'awharri8', 'ksantos5', 'rwtheilm', 'chattend', 'ecperez3', 'jeaniekim', 'hcquinn', 'mvkimbal', 'tlovell2']"
31,394,37,29,23,"['jrsanne1', 'djdenzer', 'mrplatt1', 'tdmcgow1', 'mmblaes', 'rlmabry', 'mesmeral', 'dokbamic', 'arouhand', 'udesarda', 'tlvo1', 'mkhadley', 'bpovilus', 'kgupta42', 'crdavi26', 'sdahal4', 'ksantos5', 'rwtheilm', 'chattend', 'jeaniekim', 'hcquinn', 'mvkimbal', 'tlovell2']",13,"['lcfierro', 'vjokeefe', 'fgalaz', 'mhamare', 'whward1', 'bbolas', 'awharri8', 'mhipschm', 'eaamonoo', 'ssalgue1', 'merodr15', 'ecperez3', 'slim47']",6,"['mkurecki', 'mdlevin2', 'raranade', None, 'ijsxa', 'nmohrkub']",42,"['jrsanne1', 'vjokeefe', 'lcfierro', 'whward1', 'mhipschm', 'eaamonoo', 'merodr15', 'djdenzer', 'mrplatt1', 'tdmcgow1', 'nmohrkub', 'fgalaz', 'mhamare', 'bbolas', 'mmblaes', 'rlmabry', 'mesmeral', 'ssalgue1', 'raranade', 'dokbamic', 'arouhand', 'slim47', 'udesarda', 'tlvo1', 'mkhadley', 'bpovilus', 'kgupta42', 'ijsxa', None, 'crdavi26', 'sdahal4', 'mkurecki', 'awharri8', 'ksantos5', 'rwtheilm', 'chattend', 'ecperez3', 'jeaniekim', 'hcquinn', 'mvkimbal', 'tlovell2', 'mdlevin2']"
32,512,37,28,2,"['namgunhee', 'pty3111']",34,"['trabalho123', 'g.secco', 'landersilva', 'idohist', 'migueloucao', 'bernardops02', 'paultmorgan28', 'hugobastos_02', 'dbwndnjs', 'victorhugobr', 'victoriagabriela', 'analaurabm', 'manoel', 'victorieq', 'annavicbz', 'arthurdfbn29', 'keeyeol', 'anacarolinalopesdecampos30', 'marcoswgomess', 'hiagozogbi', 'vanessaribeiro200228', 'felipesantosalbuquerque.fa', 'jeancostta09', 'thainamacedo2204', 'maxpasbru', 'carlos902205', 'stefany022002', 'daniellanascimento749', 'memyself', 'hdafelk', 'annaluizabonati000', 'tec.well18', 'thainamacedo22040318', 'tavares.louzada']",26,"['ojiow', 'mindk24', 'dongsun9781', 'zneet456', 'ywjwns2', 'seunghun4757', 'aodfkd', 'hilsong', 'swcho4983', 'rldud777715', 'janggyusang', 'yoonwe00', 'ji990120', 'ksh97050310', 'elel0505', 'vktmxk5190', 'dff123123', None, 'robolex', 'jin112', 'duswl2510', 'dctbelieve', 'yoona8', 'yhuj0215', 'pongdong2323', 'seongwoo']",62,"['trabalho123', 'g.secco', 'landersilva', 'ojiow', 'mindk24', 'idohist', 'dongsun9781', 'migueloucao', 'zneet456', 'bernardops02', 'paultmorgan28', 'ywjwns2', 'hugobastos_02', 'dbwndnjs', 'victorhugobr', 'victoriagabriela', 'analaurabm', 'manoel', 'seunghun4757', 'victorieq', 'aodfkd', 'annavicbz', 'hilsong', 'swcho4983', 'arthurdfbn29', 'rldud777715', 'janggyusang', 'keeyeol', 'anacarolinalopesdecampos30', 'marcoswgomess', 'yoonwe00', 'hiagozogbi', 'pty3111', 'ji990120', 'vanessaribeiro200228', 'felipesantosalbuquerque.fa', 'jeancostta09', 'thainamacedo2204', 'ksh97050310', 'maxpasbru', 'elel0505', 'namgunhee', 'carlos902205', 'stefany022002', 'vktmxk5190', 'dff123123', 'daniellanascimento749', 'memyself', None, 'robolex', 'hdafelk', 'annaluizabonati000', 'jin112', 'tec.well18', 'duswl2510', 'dctbelieve', 'yoona8', 'yhuj0215', 'pongdong2323', 'thainamacedo22040318', 'tavares.louzada', 'seongwoo']"
32,513,37,17,15,"['hiagozogbi', 'hdafelk', 'analaurabm', 'g.secco', 'jeancostta09', 'thainamacedo2204', 'maxpasbru', 'stefany022002', 'migueloucao', 'arthurdfbn29', 'bernardops02', 'hugobastos_02', 'thainamacedo22040318', 'anacarolinalopesdecampos30', 'marcoswgomess']",21,"['trabalho123', 'landersilva', 'idohist', 'paultmorgan28', 'dbwndnjs', 'victorhugobr', 'victoriagabriela', 'manoel', 'victorieq', 'annavicbz', 'keeyeol', 'pty3111', 'vanessaribeiro200228', 'felipesantosalbuquerque.fa', 'namgunhee', 'carlos902205', 'daniellanascimento749', 'memyself', 'annaluizabonati000', 'tec.well18', 'tavares.louzada']",2,"['carolinayazejy', None]",38,"['trabalho123', 'g.secco', 'landersilva', 'idohist', 'migueloucao', 'bernardops02', 'paultmorgan28', 'hugobastos_02', 'dbwndnjs', 'victorhugobr', 'victoriagabriela', 'analaurabm', 'manoel', 'victorieq', 'annavicbz', 'arthurdfbn29', 'keeyeol', 'anacarolinalopesdecampos30', 'marcoswgomess', 'carolinayazejy', 'hiagozogbi', 'pty3111', 'vanessaribeiro200228', 'felipesantosalbuquerque.fa', 'jeancostta09', 'thainamacedo2204', 'maxpasbru', 'namgunhee', 'carlos902205', 'stefany022002', 'daniellanascimento749', 'memyself', None, 'hdafelk', 'annaluizabonati000', 'tec.well18', 'thainamacedo22040318', 'tavares.louzada']"
32,511,37,8,6,"['victoriagabriela', 'felipesantosalbuquerque.fa', 'maxpasbru', 'arthurdfbn29', 'thainamacedo22040318', 'marcoswgomess']",30,"['trabalho123', 'g.secco', 'landersilva', 'idohist', 'migueloucao', 'bernardops02', 'paultmorgan28', 'hugobastos_02', 'dbwndnjs', 'victorhugobr', 'analaurabm', 'manoel', 'victorieq', 'annavicbz', 'keeyeol', 'anacarolinalopesdecampos30', 'hiagozogbi', 'pty3111', 'vanessaribeiro200228', 'jeancostta09', 'thainamacedo2204', 'namgunhee', 'carlos902205', 'stefany022002', 'daniellanascimento749', 'memyself', 'hdafelk', 'annaluizabonati000', 'tec.well18', 'tavares.louzada']",2,"[None, 'olalekan.freitas']",38,"['trabalho123', 'g.secco', 'landersilva', 'idohist', 'migueloucao', 'bernardops02', 'paultmorgan28', 'olalekan.freitas', 'hugobastos_02', 'dbwndnjs', 'victorhugobr', 'victoriagabriela', 'analaurabm', 'manoel', 'victorieq', 'annavicbz', 'arthurdfbn29', 'keeyeol', 'anacarolinalopesdecampos30', 'marcoswgomess', 'hiagozogbi', 'pty3111', 'vanessaribeiro200228', 'felipesantosalbuquerque.fa', 'jeancostta09', 'thainamacedo2204', 'maxpasbru', 'namgunhee', 'carlos902205', 'stefany022002', 'daniellanascimento749', 'memyself', None, 'hdafelk', 'annaluizabonati000', 'tec.well18', 'thainamacedo22040318', 'tavares.louzada']"
33,465,37,283,3,"['fpincock', 'u1089358', 'baqer']",33,"['lyssiann428', 'paulbrown', 'u1348448', 'u0582779', 'devendrajat773', 'fredericberthiaume1234', 'anvar', 'u2003917', 'jurek.smyrski', 'sjf0003', 'u1168279', 'u1036813', 'clairew4', 'u1083849', 'fmmkenny', 'yungggwei', 'u1201149', 'kevindiu', 'aileyvaa', 'u1251024', 'gmatteo.cossu', 'yoyoyuan', 'ddyreng1', 'u1250307', 'u1122975', 'bdevineopaney', 'ran', 'dompm123', 'manmeetg779', 'u1007283', 'benjamin.methot', 'u1298265', 'lucas_thm_de']",280,"['ulusoy2006', 'huseyinu', 'fafrin2', 'reuben90', 'mtakcali', 'alexander.lee', 'jhahn95', 'olivier35', 'ncm0007', 'syoonhan', 'amrita_lovelace', 'haren22', 'mariapl200896', 'thboth', 'jsanmartin1', 'ervndgn59', 'r207733', 'paezjuanagustin47', 'ogandocortes', 'pkj71794g', 'theurgeboat', 'jequito', 'cninja99', 'psuzhouy', 'enhjinhanabi', 'ogu0001', 'martinotero', 'sbentz', 'julianyordano', 'terje', 'gabriel.pzanoni', 'guillermo99', 'martin.mg98.10', 'daddysexual', 'ege.ert7', 'grantmorris656', 'v257028', 'wys142', 'lenoirr', 'jaycwilson23', 'ainhoaab', 'sabe425', 'murattdo', 'kyenyarkolemuel', 'vincentdoucet22', 'octoman1080x', 'dongmingli', 'f215766', 'lkipfer', 'burnett.william', 'lpentzke', 'dolaydemirel', 'roiaso', 'emani', 'npatta.1986', 'lctasende3', 'omarloay99', 'tomasx', 'pspiotrowicz1', 'andrew217usmc', 'hcha71', 'garciacarrillojudith', 'u0916393', 'sholliday643', 'eschruba', 'charles.dambra', 'jake.m.hall876', 'philippeblaise', 'anxooo', 'lokesht123', 'sabolton', 'aravindh', 'mrbunnyman', 'also0714', 'mollykole', 'man6787', 'moshelem', 'santosalexis1817', 'semmi.spado00', 'mmei', 'kianamon', 'thomasspradley', 'borja.bayon', 'costasdiego97', 'julianawallgren', 'leeluanling123', 'miguelcb', 'sebrobarts', 'hjlim9612', 'wdeaweqwdas', 'josemanuel3', 'vritota', 'tudimubunmi', 'jimenezph', 'jsathanand', 'u1250344', 'yyerim', 'dicef', 'raul292', 'smontero', 'ts992', 'jdgerling', 'davidr27', 'evakolmel', 'blane', 'kayleneechong', 'sandip83', 'danielclapp99', 'durgaprasadkhatri2011', 'lobsterben13', 'saradiazr', 'lorenzoholguin12', 'ana23', 'aldanafloyd', 'mstff.1clkk', 'mahnoor.syed29', 'amandabrum', 'nguyendaniel', 'santox2000', 'matthew.jones98', 'poorar21', 'eminasuljic', 'hjp44', 'annikadasher', 'kaiseale', 'anujgarg939', 'cactusnoh', 'nicoladegiuseppe19', 'sungjoon.cho97', 'nsh0004', 's16c028b', 'deguirejasmin', 'sd226', 'nanobeam', 'm203442', 'jeus63', 'sarah.youssef', 'olga.casals', 'joshuabush', 'arif.ozkan5806', 'johndoe2341341243', 'mrtmert98', 'pw8', 'i.lutticken', 'arianebarreto', 'zse0147', 'gazerlo', 'rylandkate', 'jef325', 'chrixang18', 'halilibrahimtiken', 's16c045b', 'plaggeme', 'a194117', 'newele', 'mangabera10', 'jrobinson5', 'felipemachado', 'emreyilmazel1996', 'd093641', 'maria.irausquin', 'kellen.wise', 'caseyamick', 'magnoliajasper', '8223freret', 'cartermchris1', 'rakaiit', 'berrospidavid7', 'jschewinsky', 'cdutreil', 'wingitalways', 'tg2016', 'stiml1144', 'kodurur', 'l201843', 'mrgiraffe', 'panellink1', 'briann', 'aingles', 'rossop', 'pmcnutt2', 'choudh23', 'testeremre70', 'sungjooncho', 'krusso448', 'spazos7', 'xiaoyuzhang', 'burak9836', 'cibranlpz', 'm241617', 'rosadourada9', 'liqizhou', 'anapv177', 'c195673', 'justiejoseph', 'chastintruelove', 'kst48', 'joejfranzo', 'sqlim94', 'phhuang', 'yesimcakmakc', 'asif0047', 'hlong262', 'retrewtewrt', 'jako91', 'jbonez411', 'ee17resch11016', 'nfranzoni', 'maxguipil', 'madisonmiller', 'kmerino', 'cancetinkaya1201', 'rajsingh', 'u6007941', 'trivellin', 'heatherleaf', 'nickm', 'tserenkhand', 'ethan.caballero', 'jack522577', 'oktayhalitekinay', 'maxiasensio', 'elena.gnani', 'mos_noob', 'hj980217', 'bmirzapouebe', 't224622', 'fredysanchez2', 'clizarazo', 'drogalski', 'elel30182', 'cacuy', 'abaringer', 'marcantoineduval', 'ge.6cg7', 'fedele.penna', 'aaronrivasterron', 'ronitronit119', 'cbandel', 'aaroncoonu', 'k.hildenbrand', 'asdksnfksfkmd', 'ol_ac', 'zepfan026', 'j176601', 'fatanehjenabi', 'd33r00', 'johnganiban', 'yorkiiii', 'cameronframpton', 'j218711', 'hrhlauraa', 'alirose12', 'lewisgf20', 'andresaraiva', 'arno.yu610168', 'fabio.aragao.santos', 'kaynegalie', 'xiaokaizhong99', 'cheeseybacon', 'nbhat0792', 'jason.earl', 'alexdallee17', 'ashishchr', 'nmorgan1', 'nuriamjusc', 'rynk.john', 'jeption2025', 'mtynski', 'iuri', 'ftah', 'longstreetjacob', 'avivlavan', 'sebasmarquez90', 'anshshah2011', 'lerner', 'susannareggiani', 'uuganbayaro', 'hamastahir19', 'damianonetto']",316,"['ulusoy2006', 'huseyinu', 'devendrajat773', 'fafrin2', 'reuben90', 'mtakcali', 'alexander.lee', 'jhahn95', 'olivier35', 'ncm0007', 'syoonhan', 'amrita_lovelace', 'haren22', 'mariapl200896', 'thboth', 'jsanmartin1', 'ervndgn59', 'u1083849', 'r207733', 'paezjuanagustin47', 'ogandocortes', 'pkj71794g', 'theurgeboat', 'jequito', 'aileyvaa', 'cninja99', 'psuzhouy', 'enhjinhanabi', 'ogu0001', 'gmatteo.cossu', 'martinotero', 'sbentz', 'julianyordano', 'terje', 'gabriel.pzanoni', 'guillermo99', 'martin.mg98.10', 'daddysexual', 'ege.ert7', 'grantmorris656', 'v257028', 'wys142', 'u1089358', 'lenoirr', 'jaycwilson23', 'ainhoaab', 'sabe425', 'murattdo', 'kyenyarkolemuel', 'vincentdoucet22', 'octoman1080x', 'dongmingli', 'f215766', 'lkipfer', 'burnett.william', 'lpentzke', 'dolaydemirel', 'u1348448', 'roiaso', 'emani', 'npatta.1986', 'lctasende3', 'omarloay99', 'tomasx', 'pspiotrowicz1', 'andrew217usmc', 'hcha71', 'garciacarrillojudith', 'u0916393', 'sholliday643', 'eschruba', 'charles.dambra', 'u1122975', 'jake.m.hall876', 'philippeblaise', 'anxooo', 'lokesht123', 'sabolton', 'aravindh', 'mrbunnyman', 'also0714', 'mollykole', 'man6787', 'benjamin.methot', 'fredericberthiaume1234', 'moshelem', 'santosalexis1817', 'semmi.spado00', 'mmei', 'kianamon', 'thomasspradley', 'borja.bayon', 'costasdiego97', 'julianawallgren', 'leeluanling123', 'miguelcb', 'sjf0003', 'sebrobarts', 'hjlim9612', 'wdeaweqwdas', 'josemanuel3', 'yungggwei', 'vritota', 'tudimubunmi', 'jimenezph', 'jsathanand', 'u1250344', 'yyerim', 'dicef', 'raul292', 'smontero', 'ts992', 'jdgerling', 'baqer', 'davidr27', 'evakolmel', 'blane', 'kayleneechong', 'sandip83', 'danielclapp99', 'durgaprasadkhatri2011', 'u1298265', 'lucas_thm_de', 'lobsterben13', 'saradiazr', 'lorenzoholguin12', 'ana23', 'aldanafloyd', 'mstff.1clkk', 'mahnoor.syed29', 'amandabrum', 'nguyendaniel', 'santox2000', 'matthew.jones98', 'poorar21', 'eminasuljic', 'hjp44', 'u2003917', 'annikadasher', 'kaiseale', 'anujgarg939', 'cactusnoh', 'nicoladegiuseppe19', 'sungjoon.cho97', 'nsh0004', 's16c028b', 'deguirejasmin', 'sd226', 'nanobeam', 'm203442', 'jeus63', 'sarah.youssef', 'olga.casals', 'joshuabush', 'arif.ozkan5806', 'johndoe2341341243', 'mrtmert98', 'pw8', 'u1007283', 'i.lutticken', 'arianebarreto', 'zse0147', 'gazerlo', 'rylandkate', 'jef325', 'chrixang18', 'halilibrahimtiken', 's16c045b', 'plaggeme', 'a194117', 'newele', 'mangabera10', 'anvar', 'jrobinson5', 'felipemachado', 'emreyilmazel1996', 'd093641', 'maria.irausquin', 'jurek.smyrski', 'kellen.wise', 'caseyamick', 'u1201149', 'magnoliajasper', '8223freret', 'cartermchris1', 'rakaiit', 'berrospidavid7', 'jschewinsky', 'cdutreil', 'wingitalways', 'tg2016', 'stiml1144', 'kodurur', 'ran', 'l201843', 'mrgiraffe', 'panellink1', 'briann', 'aingles', 'rossop', 'pmcnutt2', 'choudh23', 'lyssiann428', 'testeremre70', 'paulbrown', 'sungjooncho', 'krusso448', 'spazos7', 'xiaoyuzhang', 'burak9836', 'cibranlpz', 'm241617', 'rosadourada9', 'liqizhou', 'anapv177', 'c195673', 'justiejoseph', 'chastintruelove', 'kst48', 'joejfranzo', 'sqlim94', 'phhuang', 'yesimcakmakc', 'asif0047', 'fpincock', 'kevindiu', 'hlong262', 'retrewtewrt', 'ddyreng1', 'jako91', 'jbonez411', 'ee17resch11016', 'nfranzoni', 'bdevineopaney', 'maxguipil', 'manmeetg779', 'madisonmiller', 'kmerino', 'cancetinkaya1201', 'rajsingh', 'u6007941', 'trivellin', 'u0582779', 'heatherleaf', 'nickm', 'tserenkhand', 'ethan.caballero', 'jack522577', 'u1168279', 'oktayhalitekinay', 'maxiasensio', 'elena.gnani', 'mos_noob', 'u1036813', 'clairew4', 'fmmkenny', 'u1251024', 'hj980217', 'bmirzapouebe', 't224622', 'fredysanchez2', 'clizarazo', 'yoyoyuan', 'drogalski', 'elel30182', 'cacuy', 'abaringer', 'marcantoineduval', 'ge.6cg7', 'fedele.penna', 'aaronrivasterron', 'ronitronit119', 'cbandel', 'aaroncoonu', 'k.hildenbrand', 'asdksnfksfkmd', 'ol_ac', 'zepfan026', 'j176601', 'fatanehjenabi', 'd33r00', 'johnganiban', 'yorkiiii', 'cameronframpton', 'j218711', 'hrhlauraa', 'alirose12', 'lewisgf20', 'andresaraiva', 'arno.yu610168', 'fabio.aragao.santos', 'kaynegalie', 'xiaokaizhong99', 'cheeseybacon', 'nbhat0792', 'jason.earl', 'alexdallee17', 'ashishchr', 'nmorgan1', 'nuriamjusc', 'u1250307', 'rynk.john', 'jeption2025', 'mtynski', 'iuri', 'dompm123', 'ftah', 'longstreetjacob', 'avivlavan', 'sebasmarquez90', 'anshshah2011', 'lerner', 'susannareggiani', 'uuganbayaro', 'hamastahir19', 'damianonetto']"
33,483,37,78,1,['u2003917'],35,"['lyssiann428', 'paulbrown', 'u1348448', 'u0582779', 'devendrajat773', 'fredericberthiaume1234', 'anvar', 'jurek.smyrski', 'sjf0003', 'u1168279', 'u1036813', 'fpincock', 'clairew4', 'u1083849', 'fmmkenny', 'yungggwei', 'u1201149', 'kevindiu', 'aileyvaa', 'u1251024', 'gmatteo.cossu', 'yoyoyuan', 'ddyreng1', 'u1250307', 'u1122975', 'bdevineopaney', 'baqer', 'u1089358', 'ran', 'dompm123', 'manmeetg779', 'u1007283', 'benjamin.methot', 'u1298265', 'lucas_thm_de']",77,"['ohwayrc', 'noelng0112', 'muhamadaiman17207593', 'nida20', 'u2003966', 'nuhaa426', 'shenni', 'zuying1204', 'zamilmuazam98', 'renyic', 'aqbarshaiful', 'tangkityee', 'chinkeatchew880', 'abdulhadi', 'jxuanchia', 'tzeron2210', 'teh_mint12', 'yoanesyeo', 'abid01', 'aiman01', 'haziqian', 'leewenjun', 'yinyong0427', 'yewyung', 'aiman_nazri123', 'weimingquah5', 'theezzy', 'jaydenhon', 'iron52bat', 's2031189', 'u2003919', 'bryanleong1126', 'u2003934', 'nanododo', None, 'tanchunwei8681', 'luqmanhakim', 'saiyedharith18', 'kailoom', 'khawlinkoon', 'student17202315', 'ain.tyra01', 's2020494', 'kl.chin0622', 'pd0s__', 'chiachenng123', 'renyi0912', 'yijoelow', 'aliffizham', 'irfanzahiran01', 'thishen', 'u2003990', 'yusankoh', 'shihong5270', 'myson', 'iskandarsofian', 'zqchin26', 'u2003884', 'wei622', '17202739nazif', 'ikramnasir7', 'shafiq__', 'adeebzikri0', 'u2003882', 'aiman2001', 'kw01', 'koayzhengyin', 'regangoh0728', 'alfin01', 'fidadzli', 'zalzikri', 'syamil123', 'kj0918', 'afiq010507', 'shahrizan01', 'nghaowei613', 'tshihong12']",113,"['kailoom', 'u0582779', 'devendrajat773', 'fredericberthiaume1234', 'ohwayrc', 'khawlinkoon', 'noelng0112', 'muhamadaiman17207593', 'nida20', 'anvar', 'student17202315', 'u2003966', 'ain.tyra01', 's2020494', 'jurek.smyrski', 'sjf0003', 'u1168279', 'nuhaa426', 'shenni', 'zuying1204', 'kl.chin0622', 'pd0s__', 'chiachenng123', 'renyi0912', 'u1036813', 'clairew4', 'u1083849', 'fmmkenny', 'u1201149', 'yungggwei', 'aileyvaa', 'zamilmuazam98', 'u1251024', 'aqbarshaiful', 'renyic', 'yijoelow', 'aliffizham', 'tangkityee', 'nghaowei613', 'gmatteo.cossu', 'irfanzahiran01', 'thishen', 'yoyoyuan', 'chinkeatchew880', 'abdulhadi', 'tzeron2210', 'jxuanchia', 'teh_mint12', 'baqer', 'yoanesyeo', 'u1089358', 'ran', 'abid01', 'aiman01', 'haziqian', 'u2003990', 'yusankoh', 'shihong5270', 'myson', 'leewenjun', 'u1298265', 'lucas_thm_de', 'lyssiann428', 'yinyong0427', 'paulbrown', 'yewyung', 'iskandarsofian', 'u1348448', 'zqchin26', 'u2003884', 'tshihong12', 'wei622', '17202739nazif', 'aiman_nazri123', 'ikramnasir7', 'weimingquah5', 'shafiq__', 'theezzy', 'u2003917', 'jaydenhon', 'iron52bat', 's2031189', 'adeebzikri0', 'u2003919', 'bryanleong1126', 'u2003882', 'fpincock', 'aiman2001', 'kevindiu', 'u2003934', 'ddyreng1', 'kw01', 'u1250307', 'u1122975', 'koayzhengyin', 'nanododo', 'bdevineopaney', None, 'tanchunwei8681', 'regangoh0728', 'alfin01', 'fidadzli', 'dompm123', 'zalzikri', 'luqmanhakim', 'saiyedharith18', 'syamil123', 'manmeetg779', 'kj0918', 'afiq010507', 'shahrizan01', 'u1007283', 'benjamin.methot']"
33,478,37,21,11,"['u1251024', 'paulbrown', 'ran', 'u0582779', 'u1007283', 'yoyoyuan', 'ddyreng1', 'u1250307', 'u1122975', 'u1083849', 'u1201149']",25,"['lyssiann428', 'u1348448', 'devendrajat773', 'fredericberthiaume1234', 'anvar', 'u2003917', 'jurek.smyrski', 'sjf0003', 'u1168279', 'u1036813', 'fpincock', 'clairew4', 'fmmkenny', 'yungggwei', 'aileyvaa', 'kevindiu', 'gmatteo.cossu', 'bdevineopaney', 'baqer', 'u1089358', 'dompm123', 'manmeetg779', 'benjamin.methot', 'u1298265', 'lucas_thm_de']",10,"['yorkiiii', 'u1109841', 'u0614258', 'nanobeam', 'u1099799', 'u1250344', 'u1096218', 'shaunmckellar', 'jac3888', None]",46,"['lyssiann428', 'paulbrown', 'u1348448', 'u0582779', 'devendrajat773', 'fredericberthiaume1234', 'jac3888', 'anvar', 'yorkiiii', 'u1109841', 'u2003917', 'jurek.smyrski', 'sjf0003', 'u1168279', 'u1099799', 'u1036813', 'clairew4', 'u1083849', 'fpincock', 'fmmkenny', 'u1201149', 'yungggwei', 'kevindiu', 'aileyvaa', 'u1251024', 'u0614258', 'nanobeam', 'gmatteo.cossu', 'yoyoyuan', 'ddyreng1', 'u1250344', 'u1250307', 'u1122975', 'u1096218', 'shaunmckellar', 'bdevineopaney', None, 'baqer', 'u1089358', 'ran', 'dompm123', 'manmeetg779', 'u1007283', 'benjamin.methot', 'u1298265', 'lucas_thm_de']"
33,476,37,18,1,['u1168279'],35,"['lyssiann428', 'paulbrown', 'u1348448', 'u0582779', 'devendrajat773', 'fredericberthiaume1234', 'anvar', 'u2003917', 'jurek.smyrski', 'sjf0003', 'u1036813', 'fpincock', 'clairew4', 'u1083849', 'fmmkenny', 'yungggwei', 'u1201149', 'kevindiu', 'aileyvaa', 'u1251024', 'gmatteo.cossu', 'yoyoyuan', 'ddyreng1', 'u1250307', 'u1122975', 'bdevineopaney', 'baqer', 'u1089358', 'ran', 'dompm123', 'manmeetg779', 'u1007283', 'benjamin.methot', 'u1298265', 'lucas_thm_de']",17,"['aegomez1', 'cschlag', 'andresd1', 'jtovar', 'althea.marquez08', 'cdsalvador88', 'briann', 'bquang', 'emmonteith', 'hmorales27', 'pvdepur', 'hmdecker', 'julsnguyen1', 'xavier.m.rosario', None, 'karsan100', 'zhaowantong1968']",53,"['lyssiann428', 'paulbrown', 'u1348448', 'u0582779', 'devendrajat773', 'fredericberthiaume1234', 'cdsalvador88', 'hmorales27', 'julsnguyen1', 'anvar', 'aegomez1', 'andresd1', 'jtovar', 'u2003917', 'althea.marquez08', 'jurek.smyrski', 'sjf0003', 'u1168279', 'emmonteith', 'hmdecker', 'u1036813', 'clairew4', 'u1083849', 'fpincock', 'karsan100', 'fmmkenny', 'u1201149', 'yungggwei', 'kevindiu', 'aileyvaa', 'u1251024', 'cschlag', 'gmatteo.cossu', 'yoyoyuan', 'ddyreng1', 'u1250307', 'u1122975', 'xavier.m.rosario', 'bdevineopaney', None, 'zhaowantong1968', 'baqer', 'u1089358', 'ran', 'dompm123', 'briann', 'bquang', 'manmeetg779', 'pvdepur', 'u1007283', 'benjamin.methot', 'u1298265', 'lucas_thm_de']"
33,482,37,7,2,"['fredericberthiaume1234', 'dompm123']",34,"['lyssiann428', 'paulbrown', 'u1348448', 'u0582779', 'devendrajat773', 'anvar', 'u2003917', 'jurek.smyrski', 'sjf0003', 'u1168279', 'u1036813', 'clairew4', 'u1083849', 'fpincock', 'fmmkenny', 'u1201149', 'yungggwei', 'kevindiu', 'aileyvaa', 'u1251024', 'gmatteo.cossu', 'yoyoyuan', 'ddyreng1', 'u1250307', 'u1122975', 'bdevineopaney', 'baqer', 'u1089358', 'ran', 'manmeetg779', 'u1007283', 'benjamin.methot', 'u1298265', 'lucas_thm_de']",5,"['audranp', 'jeson', 'myriam.blanchet07', None, 'deguirejasmin']",41,"['lyssiann428', 'paulbrown', 'u1348448', 'u0582779', 'audranp', 'devendrajat773', 'fredericberthiaume1234', 'myriam.blanchet07', 'anvar', 'u2003917', 'jurek.smyrski', 'sjf0003', 'u1168279', 'u1036813', 'clairew4', 'u1083849', 'fpincock', 'fmmkenny', 'u1201149', 'yungggwei', 'kevindiu', 'aileyvaa', 'u1251024', 'deguirejasmin', 'gmatteo.cossu', 'yoyoyuan', 'ddyreng1', 'u1250307', 'u1122975', 'bdevineopaney', None, 'baqer', 'u1089358', 'ran', 'dompm123', 'jeson', 'manmeetg779', 'u1007283', 'benjamin.methot', 'u1298265', 'lucas_thm_de']"
35,243,34,7,4,"['bstegma', 'shi368', 'nthakuri', 'wils1006']",29,"['aditi', 'jimkress', 'anitavk93', 'sramishe', 'jenkin94', 'pritam.cphys', 'ethanh', 'vasuphy07', 'hirakchatterjee3', 'farrukhsaghir', 'themonk95', 'gmclachl', 'juansojo2332', 'xu967', 'rtancin', 'keshab1', 'maxwell04', 'chaman', 'cristina123', 'bhubmann', 'sshepherd637', 'mehrab', 'myawalka', 'sarthak2597', 'stefanbr', 'yashdaksh123', 'kiyoumars', 'alexie', 'jestevez3141']",3,"[None, 'leebh_purdue2021', 'kodurur']",36,"['aditi', 'jimkress', 'anitavk93', 'sramishe', 'nthakuri', 'jenkin94', 'pritam.cphys', 'ethanh', 'vasuphy07', 'hirakchatterjee3', 'farrukhsaghir', 'wils1006', 'themonk95', 'gmclachl', 'juansojo2332', 'kodurur', 'xu967', 'bstegma', 'shi368', 'rtancin', 'keshab1', None, 'leebh_purdue2021', 'maxwell04', 'chaman', 'cristina123', 'bhubmann', 'sshepherd637', 'mehrab', 'myawalka', 'sarthak2597', 'stefanbr', 'yashdaksh123', 'kiyoumars', 'alexie', 'jestevez3141']"
36,506,34,56,22,"['nkm4095', 'gmlwn4897', 'jungmin0322', 'raw1250', 'rlafbehd3', 'minsong0313', 'rlawjddus6825', 'wkwjsrjekffk', 'guswo50', 'guddnr6423', 'yeny28', 'hhw3481', 'imsad', 'rlatnals874', 'dongsun0801', 'smustudyaccout', 'gaeun0215', 'tpghks9708', 'sse09137798', 'ekdmss31', 'yejun990721', 'recomendneko']",11,"['12tmdwn', 'gabriel_l_p_silva', 'wngml99324', 'junseok8370', 'indiahong1', 'stujh00', 'olalekan.freitas', 'shalsrud9', 'choiyj5054', 'moon990802', 'thdus1442']",34,"['wogml622', 'ojiow', 'chubbypet2', 'zneet456', 'hee_jun', 'juyeon', 'dlwjdtlr97', 'seunghun4757', 'hilsong', 'jisukim0423', 'hjlim9612', 'homme0214', 'yongsik', 'yoonwe00', 'youjy1105', 'ksh97050310', 'paragt1026', 'dff123123', 'skyxz123', 'potatochip0617', None, 'ykhykh3587', 'haseungho', 'leesijin120', 'okjaegeun', 'poby', 'llssmm9710', 'kgj0328', 'tuco96', 'kim980407', 'duswl2510', 'dctbelieve', 'seobstantial', 'pongdong2323']",67,"['rlafbehd3', 'rlawjddus6825', 'zneet456', 'indiahong1', 'dlwjdtlr97', 'seunghun4757', 'hilsong', 'hjlim9612', 'homme0214', 'shalsrud9', 'yongsik', 'yeny28', 'wngml99324', 'youjy1105', 'ksh97050310', 'paragt1026', 'dongsun0801', 'choiyj5054', 'potatochip0617', 'moon990802', 'ykhykh3587', 'smustudyaccout', 'haseungho', 'leesijin120', 'llssmm9710', 'kgj0328', 'tuco96', 'sse09137798', 'stujh00', 'yejun990721', 'recomendneko', 'nkm4095', '12tmdwn', 'gmlwn4897', 'jungmin0322', 'raw1250', 'minsong0313', 'wogml622', 'ojiow', 'wkwjsrjekffk', 'chubbypet2', 'hee_jun', 'olalekan.freitas', 'juyeon', 'guswo50', 'guddnr6423', 'jisukim0423', 'thdus1442', 'yoonwe00', 'hhw3481', 'gabriel_l_p_silva', 'imsad', 'rlatnals874', 'dff123123', 'skyxz123', None, 'gaeun0215', 'okjaegeun', 'poby', 'junseok8370', 'tpghks9708', 'kim980407', 'duswl2510', 'dctbelieve', 'seobstantial', 'pongdong2323', 'ekdmss31']"
36,511,34,8,1,['olalekan.freitas'],32,"['nkm4095', '12tmdwn', 'gmlwn4897', 'jungmin0322', 'rlafbehd3', 'raw1250', 'minsong0313', 'rlawjddus6825', 'wkwjsrjekffk', 'indiahong1', 'guswo50', 'guddnr6423', 'shalsrud9', 'thdus1442', 'yeny28', 'hhw3481', 'gabriel_l_p_silva', 'wngml99324', 'imsad', 'rlatnals874', 'dongsun0801', 'choiyj5054', 'moon990802', 'gaeun0215', 'smustudyaccout', 'junseok8370', 'tpghks9708', 'sse09137798', 'stujh00', 'ekdmss31', 'yejun990721', 'recomendneko']",7,"['victoriagabriela', 'felipesantosalbuquerque.fa', 'maxpasbru', 'arthurdfbn29', 'thainamacedo22040318', None, 'marcoswgomess']",40,"['nkm4095', '12tmdwn', 'gmlwn4897', 'jungmin0322', 'rlafbehd3', 'raw1250', 'minsong0313', 'rlawjddus6825', 'wkwjsrjekffk', 'indiahong1', 'olalekan.freitas', 'guswo50', 'victoriagabriela', 'guddnr6423', 'arthurdfbn29', 'shalsrud9', 'yeny28', 'thdus1442', 'marcoswgomess', 'hhw3481', 'gabriel_l_p_silva', 'wngml99324', 'felipesantosalbuquerque.fa', 'imsad', 'maxpasbru', 'rlatnals874', 'dongsun0801', 'choiyj5054', None, 'moon990802', 'gaeun0215', 'smustudyaccout', 'junseok8370', 'tpghks9708', 'sse09137798', 'stujh00', 'ekdmss31', 'yejun990721', 'recomendneko', 'thainamacedo22040318']"
36,507,34,7,5,"['12tmdwn', 'indiahong1', 'stujh00', 'shalsrud9', 'thdus1442']",28,"['nkm4095', 'gmlwn4897', 'jungmin0322', 'rlafbehd3', 'raw1250', 'minsong0313', 'rlawjddus6825', 'wkwjsrjekffk', 'olalekan.freitas', 'guswo50', 'guddnr6423', 'yeny28', 'hhw3481', 'gabriel_l_p_silva', 'wngml99324', 'imsad', 'rlatnals874', 'dongsun0801', 'choiyj5054', 'moon990802', 'gaeun0215', 'smustudyaccout', 'junseok8370', 'tpghks9708', 'sse09137798', 'ekdmss31', 'yejun990721', 'recomendneko']",2,"[None, 'yjiwan0913']",35,"['nkm4095', '12tmdwn', 'gmlwn4897', 'jungmin0322', 'rlafbehd3', 'raw1250', 'minsong0313', 'rlawjddus6825', 'wkwjsrjekffk', 'indiahong1', 'olalekan.freitas', 'yjiwan0913', 'guswo50', 'guddnr6423', 'shalsrud9', 'yeny28', 'thdus1442', 'hhw3481', 'gabriel_l_p_silva', 'wngml99324', 'imsad', 'rlatnals874', 'dongsun0801', 'choiyj5054', None, 'moon990802', 'gaeun0215', 'smustudyaccout', 'junseok8370', 'tpghks9708', 'sse09137798', 'stujh00', 'ekdmss31', 'yejun990721', 'recomendneko']"
37,453,33,6,5,"['akampert0559', 'nherringer', 'kirills', 'atiqur.rahman', 'kavyamendu']",27,"['fcrhkdan', 'huan1746', 'caaperezru', 'liy218', 'sheikhahnafalvi', 'andrea_mucchietto', 'conejo1962', 'franceesco.danzi', 'mehta127', 'ssandhoefner3', 'shangkunwang', 'aniruddha.dive', 'linear85', 'sem2', 'naomi.helsel', 'renur', 'mkhajehvand', 'unedogled', 'tmeedh', 'zbigniew.brytan', 'kyle.reeves', 'shivangi', 'aceyhan', 'tshidhor', 'chriswalsh', 'dysasaki', 'arttucker']",1,[None],33,"['fcrhkdan', 'nherringer', 'huan1746', 'caaperezru', 'kirills', 'liy218', 'sheikhahnafalvi', 'andrea_mucchietto', 'conejo1962', 'franceesco.danzi', 'mehta127', 'ssandhoefner3', 'shangkunwang', 'kavyamendu', 'aniruddha.dive', 'linear85', 'sem2', 'akampert0559', 'naomi.helsel', 'renur', 'mkhajehvand', 'unedogled', 'tmeedh', 'zbigniew.brytan', None, 'kyle.reeves', 'shivangi', 'aceyhan', 'tshidhor', 'chriswalsh', 'atiqur.rahman', 'dysasaki', 'arttucker']"
37,454,33,6,3,"['franceesco.danzi', 'mehta127', 'tshidhor']",29,"['fcrhkdan', 'nherringer', 'huan1746', 'caaperezru', 'kirills', 'liy218', 'sheikhahnafalvi', 'andrea_mucchietto', 'conejo1962', 'ssandhoefner3', 'shangkunwang', 'kavyamendu', 'aniruddha.dive', 'linear85', 'sem2', 'akampert0559', 'naomi.helsel', 'renur', 'mkhajehvand', 'unedogled', 'tmeedh', 'zbigniew.brytan', 'kyle.reeves', 'shivangi', 'aceyhan', 'chriswalsh', 'atiqur.rahman', 'dysasaki', 'arttucker']",3,"['desai61', 'sawantk', None]",35,"['fcrhkdan', 'nherringer', 'huan1746', 'caaperezru', 'kirills', 'liy218', 'sheikhahnafalvi', 'andrea_mucchietto', 'conejo1962', 'franceesco.danzi', 'mehta127', 'ssandhoefner3', 'shangkunwang', 'kavyamendu', 'aniruddha.dive', 'linear85', 'sem2', 'akampert0559', 'naomi.helsel', 'renur', 'mkhajehvand', 'unedogled', 'tmeedh', 'zbigniew.brytan', None, 'kyle.reeves', 'shivangi', 'sawantk', 'aceyhan', 'tshidhor', 'desai61', 'chriswalsh', 'atiqur.rahman', 'dysasaki', 'arttucker']"
38,518,33,31,27,"['jcolon', 'tzeya', 'mrafin', 'vtitarenko', 'mpokharel2019', 'vstarikov', 'aelfgeeh2019', 'fdiagne', 'smohammed2019', 'kcotrina2019', 'dndeye', 'ofaruk2019', 'mdao2019', 'ralsaedi2019', 'iguzman', 'lsiby10102004', 'dmunoz2019', 'mgonzalez2019', 'aguillermo', 'aacosta2019', 'arianna.rodriguez', 'yalsaedi', 'kanysy', 'cmeran2019', 'halmulaiki2019', 'mdsyed11', 'fromero2019']",5,"['anthonyrugama', 'bcarrielit2020', 'ajan', 'davison0.0', 'jchoudhury']",4,"['mcisse2019', 'thorgarcia', None, 'melfgeeh2019']",36,"['jcolon', 'tzeya', 'bcarrielit2020', 'mrafin', 'vtitarenko', 'mpokharel2019', 'vstarikov', 'aelfgeeh2019', 'fdiagne', 'melfgeeh2019', 'smohammed2019', 'kcotrina2019', 'dndeye', 'ofaruk2019', 'mdao2019', 'ralsaedi2019', 'iguzman', 'lsiby10102004', 'dmunoz2019', 'ajan', 'mgonzalez2019', 'jchoudhury', None, 'aguillermo', 'mcisse2019', 'aacosta2019', 'arianna.rodriguez', 'yalsaedi', 'kanysy', 'anthonyrugama', 'thorgarcia', 'cmeran2019', 'halmulaiki2019', 'davison0.0', 'mdsyed11', 'fromero2019']"
38,519,33,9,7,"['mpokharel2019', 'ralsaedi2019', 'vstarikov', 'yalsaedi', 'smohammed2019', 'dndeye', 'fromero2019']",25,"['jcolon', 'tzeya', 'bcarrielit2020', 'mrafin', 'vtitarenko', 'aelfgeeh2019', 'fdiagne', 'kcotrina2019', 'ofaruk2019', 'mdao2019', 'iguzman', 'lsiby10102004', 'dmunoz2019', 'ajan', 'mgonzalez2019', 'jchoudhury', 'aguillermo', 'aacosta2019', 'arianna.rodriguez', 'kanysy', 'anthonyrugama', 'cmeran2019', 'halmulaiki2019', 'davison0.0', 'mdsyed11']",2,"['mcisse2019', None]",34,"['jcolon', 'tzeya', 'bcarrielit2020', 'mrafin', 'vtitarenko', 'mpokharel2019', 'vstarikov', 'aelfgeeh2019', 'fdiagne', 'smohammed2019', 'kcotrina2019', 'dndeye', 'ofaruk2019', 'mdao2019', 'ralsaedi2019', 'iguzman', 'lsiby10102004', 'dmunoz2019', 'ajan', 'mgonzalez2019', 'jchoudhury', None, 'aguillermo', 'mcisse2019', 'aacosta2019', 'arianna.rodriguez', 'yalsaedi', 'kanysy', 'anthonyrugama', 'cmeran2019', 'halmulaiki2019', 'davison0.0', 'mdsyed11', 'fromero2019']"
39,233,32,8,7,"['qosias', 'cortiz70', 'munozj', 'trua77', 'nhafid', 'jcaban', 'oliviara']",24,"['clee01', 'trjcarmona', 'gavrilov', 'karlosb', 'seungwanhong99', 'jiayanl', 'porterb', 'ulisesga', 'fjmartinmartinez', 'jvalenci', 'kileed', 'azizamirsaidova', 'vhooper', 'fmartinm9', 'amandamz', 'dexterj', 'fest2000', 'tsurette1', 'khan0601', 'paulinaa', 'emb9544', 'wendy.peters', 'jschuste', 'estefano']",1,[None],32,"['cortiz70', 'clee01', 'trjcarmona', 'gavrilov', 'karlosb', 'seungwanhong99', 'jiayanl', 'porterb', 'trua77', 'ulisesga', 'fjmartinmartinez', 'jvalenci', 'nhafid', 'oliviara', 'estefano', 'kileed', 'azizamirsaidova', 'vhooper', 'qosias', 'munozj', 'fmartinm9', 'amandamz', 'dexterj', 'jcaban', 'fest2000', None, 'tsurette1', 'khan0601', 'emb9544', 'wendy.peters', 'jschuste', 'paulinaa']"
40,81,32,16,5,"['prithvikrishna0', 'funuploads0401', 'mohammadsajid', 'nishamanzoor.18', 'saurabhsahu38']",26,"['souravkolya98', 'shekhartripathi1454', 'conradalf', 'pulabhanuteja', 'pallavibharti1311', 'pnvskrishna97', 'dineshallina3', 'peigo0216', 'roychowdhury1997', 'pravats123', 'mehboob', 'daniele.fasanellamasci', 'brainovzky', 'sreenumamidi6', 'tor.sandstrom2', 'th6181', 'bhavanashreeram', 'adityakalsha83', 'ramandeep.kaur', 'vemulaprashanth', 'musmau82', 'ee20m572', 'alnassar', 'utkarsh_jais', 'manojchittimoju98', 'raghava_m']",11,"['venky98j', 'swaroopbhogi', 'rd8515811', 'sainishubh4697', 'inderjitsingh', 'musaibrafiq51', 'ateebnaseer', 'ashishphogat1801', 'sateeshdivergence', None, 'sprabhat']",42,"['shekhartripathi1454', 'souravkolya98', 'sainishubh4697', 'conradalf', 'pulabhanuteja', 'nishamanzoor.18', 'pallavibharti1311', 'ashishphogat1801', 'pnvskrishna97', 'dineshallina3', 'peigo0216', 'swaroopbhogi', 'roychowdhury1997', 'pravats123', 'mehboob', 'inderjitsingh', 'ateebnaseer', 'rd8515811', 'daniele.fasanellamasci', 'saurabhsahu38', 'brainovzky', 'sreenumamidi6', 'tor.sandstrom2', 'funuploads0401', 'bhavanashreeram', 'th6181', 'sateeshdivergence', None, 'sprabhat', 'adityakalsha83', 'ramandeep.kaur', 'venky98j', 'vemulaprashanth', 'musmau82', 'prithvikrishna0', 'ee20m572', 'alnassar', 'utkarsh_jais', 'manojchittimoju98', 'raghava_m', 'mohammadsajid', 'musaibrafiq51']"
40,83,32,7,3,"['utkarsh_jais', 'manojchittimoju98', 'mehboob']",28,"['souravkolya98', 'shekhartripathi1454', 'conradalf', 'pulabhanuteja', 'nishamanzoor.18', 'pallavibharti1311', 'pnvskrishna97', 'dineshallina3', 'peigo0216', 'roychowdhury1997', 'pravats123', 'daniele.fasanellamasci', 'saurabhsahu38', 'brainovzky', 'sreenumamidi6', 'tor.sandstrom2', 'funuploads0401', 'th6181', 'bhavanashreeram', 'adityakalsha83', 'ramandeep.kaur', 'vemulaprashanth', 'musmau82', 'prithvikrishna0', 'ee20m572', 'alnassar', 'raghava_m', 'mohammadsajid']",4,"['ambuj.sahu.nanohubiitkgp', None, '20mv01', 'sheshu.nani007']",35,"['shekhartripathi1454', 'souravkolya98', 'conradalf', 'pulabhanuteja', 'nishamanzoor.18', 'pallavibharti1311', 'pnvskrishna97', 'dineshallina3', 'peigo0216', 'roychowdhury1997', 'pravats123', 'mehboob', 'daniele.fasanellamasci', 'saurabhsahu38', 'brainovzky', 'sreenumamidi6', 'tor.sandstrom2', 'funuploads0401', 'sheshu.nani007', 'bhavanashreeram', 'th6181', None, '20mv01', 'adityakalsha83', 'ramandeep.kaur', 'vemulaprashanth', 'ambuj.sahu.nanohubiitkgp', 'musmau82', 'prithvikrishna0', 'ee20m572', 'alnassar', 'utkarsh_jais', 'manojchittimoju98', 'raghava_m', 'mohammadsajid']"
40,82,32,6,2,"['manojchittimoju98', 'mehboob']",29,"['brainovzky', 'sreenumamidi6', 'tor.sandstrom2', 'shekhartripathi1454', 'souravkolya98', 'funuploads0401', 'conradalf', 'pulabhanuteja', 'nishamanzoor.18', 'pallavibharti1311', 'bhavanashreeram', 'th6181', 'pnvskrishna97', 'dineshallina3', 'peigo0216', 'adityakalsha83', 'ramandeep.kaur', 'roychowdhury1997', 'vemulaprashanth', 'musmau82', 'pravats123', 'prithvikrishna0', 'ee20m572', 'alnassar', 'utkarsh_jais', 'raghava_m', 'mohammadsajid', 'daniele.fasanellamasci', 'saurabhsahu38']",4,"['mt20ece004', 'ambuj.sahu.nanohubiitkgp', None, 'ateebnaseer']",35,"['brainovzky', 'sreenumamidi6', 'tor.sandstrom2', 'shekhartripathi1454', 'souravkolya98', 'funuploads0401', 'conradalf', 'pulabhanuteja', 'nishamanzoor.18', 'pallavibharti1311', 'bhavanashreeram', 'th6181', 'pnvskrishna97', None, 'dineshallina3', 'mt20ece004', 'peigo0216', 'adityakalsha83', 'ramandeep.kaur', 'roychowdhury1997', 'vemulaprashanth', 'ambuj.sahu.nanohubiitkgp', 'musmau82', 'pravats123', 'prithvikrishna0', 'ee20m572', 'alnassar', 'utkarsh_jais', 'manojchittimoju98', 'raghava_m', 'mehboob', 'mohammadsajid', 'ateebnaseer', 'daniele.fasanellamasci', 'saurabhsahu38']"
41,397,32,12,10,"['asgharhusain', 'ph20resch11021', 'samalmukesh276', 'ph19mscst11004', 'mukeshofficial276', 'ph19mscst11012', 'ph19mscst11013', 'ph19mscst11005', 'ph19mscst11002', 'devendraq321']",21,"['akapella', 'felvital', 'ryz123', 'itsanand121', 'benjaminwilson8720', 'ph19resch11002', 'guionaudr', 'arunkumarpatro.mst19', 'bozkan1', 'es16btech11008', 'ph19mscst11011', 'ph21resch01006', 'svetlana.satsuk', 'saiyfmac', 'cenliu', 'montanez', 'jinzewu', 'aullah8', 'mmcmaster278', 'b.harsh027', 'sarwathsara678']",2,"['anagha234', None]",33,"['anagha234', 'asgharhusain', 'akapella', 'felvital', 'ph19mscst11005', 'ryz123', 'itsanand121', 'benjaminwilson8720', 'ph19resch11002', 'guionaudr', 'ph20resch11021', 'arunkumarpatro.mst19', 'bozkan1', 'ph19mscst11012', 'es16btech11008', 'ph19mscst11011', 'ph21resch01006', 'svetlana.satsuk', 'saiyfmac', 'cenliu', 'montanez', 'ph19mscst11002', 'ph19mscst11004', None, 'jinzewu', 'aullah8', 'samalmukesh276', 'mukeshofficial276', 'mmcmaster278', 'b.harsh027', 'ph19mscst11013', 'devendraq321', 'sarwathsara678']"
42,366,31,29,19,"['pcrao', 'cmack', 'matt1251', 'kcortez8', 'nwhaynes', 'jdzhou', 'smomjian', 'rohitm99', 'cmserrao', 'wwinche', 'nioxject', 'mkanoi', 'misael21', 'smejia97', 'ajlayton', 'kmizuish', 'averyga', 'seraphineliu', 'jrgraham']",11,"['teddyyin', 'dhuang70', 'zhu19999', 'btranucd22', 'woohpun', 'csl1999', 'acastbar', 'karlo4', 'eoudogu', 'sliu2018', 'vhuynh8']",10,"['ecmcdowell', 'mramos92', 'tai417', 'pdfrench', 'seamus74', 'lama9', 'zzgzzg', 'shengyan', None, 'yuq']",40,"['pcrao', 'woohpun', 'csl1999', 'mramos92', 'cmack', 'matt1251', 'kcortez8', 'nwhaynes', 'pdfrench', 'eoudogu', 'seamus74', 'jdzhou', 'shengyan', 'smomjian', 'rohitm99', 'wwinche', 'cmserrao', 'btranucd22', 'tai417', 'acastbar', 'vhuynh8', 'nioxject', 'dhuang70', 'ecmcdowell', 'mkanoi', 'misael21', 'smejia97', 'ajlayton', 'lama9', 'zhu19999', 'teddyyin', 'zzgzzg', None, 'kmizuish', 'averyga', 'seraphineliu', 'karlo4', 'sliu2018', 'jrgraham', 'yuq']"
42,367,31,21,19,"['pcrao', 'cmack', 'matt1251', 'kcortez8', 'nwhaynes', 'jdzhou', 'rohitm99', 'cmserrao', 'wwinche', 'acastbar', 'nioxject', 'mkanoi', 'smejia97', 'ajlayton', 'kmizuish', 'averyga', 'seraphineliu', 'sliu2018', 'jrgraham']",11,"['smomjian', 'teddyyin', 'dhuang70', 'zhu19999', 'btranucd22', 'woohpun', 'csl1999', 'misael21', 'karlo4', 'eoudogu', 'vhuynh8']",2,"['sg630', None]",32,"['pcrao', 'woohpun', 'csl1999', 'cmack', 'matt1251', 'kcortez8', 'nwhaynes', 'eoudogu', 'jdzhou', 'smomjian', 'rohitm99', 'wwinche', 'cmserrao', 'btranucd22', 'acastbar', 'vhuynh8', 'nioxject', 'dhuang70', 'mkanoi', 'misael21', 'smejia97', 'ajlayton', 'zhu19999', 'teddyyin', None, 'sg630', 'kmizuish', 'averyga', 'seraphineliu', 'karlo4', 'sliu2018', 'jrgraham']"
43,465,31,283,26,"['arianebarreto', 'zse0147', 'a194117', 'mangabera10', 'ncm0007', 'm241617', 'c195673', 'kst48', 'sqlim94', 'fabio.aragao.santos', 'r207733', 'psuzhouy', 'jschewinsky', 'm203442', 'nmorgan1', 'gabriel.pzanoni', 'olga.casals', 'abaringer', 'marcantoineduval', 'v257028', 'cbandel', 'l201843', 'blane', 'j176601', 'vincentdoucet22', 'rajsingh']",4,"['aat0004', 'tshihong12', 'arw0049', 'jeson']",257,"['ulusoy2006', 'huseyinu', 'fafrin2', 'reuben90', 'mtakcali', 'alexander.lee', 'jhahn95', 'olivier35', 'syoonhan', 'amrita_lovelace', 'haren22', 'mariapl200896', 'thboth', 'jsanmartin1', 'ervndgn59', 'paezjuanagustin47', 'ogandocortes', 'pkj71794g', 'theurgeboat', 'jequito', 'cninja99', 'enhjinhanabi', 'ogu0001', 'martinotero', 'sbentz', 'julianyordano', 'terje', 'guillermo99', 'martin.mg98.10', 'daddysexual', 'ege.ert7', 'grantmorris656', 'wys142', 'u1089358', 'lenoirr', 'jaycwilson23', 'ainhoaab', 'sabe425', 'murattdo', 'kyenyarkolemuel', 'octoman1080x', 'dongmingli', 'f215766', 'lkipfer', 'burnett.william', 'lpentzke', 'dolaydemirel', 'roiaso', 'emani', 'npatta.1986', 'lctasende3', 'omarloay99', 'tomasx', 'pspiotrowicz1', 'andrew217usmc', 'hcha71', 'garciacarrillojudith', 'u0916393', 'sholliday643', 'eschruba', 'charles.dambra', 'jake.m.hall876', 'philippeblaise', 'anxooo', 'lokesht123', 'sabolton', 'aravindh', 'mrbunnyman', 'also0714', 'mollykole', 'man6787', 'moshelem', 'santosalexis1817', 'semmi.spado00', 'mmei', 'kianamon', 'thomasspradley', 'borja.bayon', 'costasdiego97', 'julianawallgren', 'leeluanling123', 'miguelcb', 'sebrobarts', 'hjlim9612', 'wdeaweqwdas', 'josemanuel3', 'vritota', 'tudimubunmi', 'jimenezph', 'jsathanand', 'u1250344', 'yyerim', 'dicef', 'raul292', 'smontero', 'ts992', 'jdgerling', 'baqer', 'davidr27', 'evakolmel', 'kayleneechong', 'sandip83', 'danielclapp99', 'durgaprasadkhatri2011', 'lobsterben13', 'saradiazr', 'lorenzoholguin12', 'ana23', 'aldanafloyd', 'mstff.1clkk', 'mahnoor.syed29', 'amandabrum', 'nguyendaniel', 'santox2000', 'matthew.jones98', 'poorar21', 'eminasuljic', 'hjp44', 'annikadasher', 'kaiseale', 'anujgarg939', 'cactusnoh', 'nicoladegiuseppe19', 'sungjoon.cho97', 'nsh0004', 's16c028b', 'deguirejasmin', 'sd226', 'nanobeam', 'jeus63', 'sarah.youssef', 'joshuabush', 'arif.ozkan5806', 'johndoe2341341243', 'mrtmert98', 'pw8', 'i.lutticken', 'gazerlo', 'rylandkate', 'jef325', 'chrixang18', 'halilibrahimtiken', 's16c045b', 'plaggeme', 'newele', 'jrobinson5', 'felipemachado', 'emreyilmazel1996', 'd093641', 'maria.irausquin', 'kellen.wise', 'caseyamick', 'magnoliajasper', '8223freret', 'cartermchris1', 'rakaiit', 'berrospidavid7', 'cdutreil', 'wingitalways', 'tg2016', 'stiml1144', 'kodurur', 'mrgiraffe', 'panellink1', 'briann', 'aingles', 'rossop', 'pmcnutt2', 'choudh23', 'testeremre70', 'sungjooncho', 'krusso448', 'spazos7', 'xiaoyuzhang', 'burak9836', 'cibranlpz', 'rosadourada9', 'liqizhou', 'anapv177', 'justiejoseph', 'chastintruelove', 'joejfranzo', 'phhuang', 'yesimcakmakc', 'asif0047', 'fpincock', 'hlong262', 'retrewtewrt', 'jako91', 'jbonez411', 'ee17resch11016', 'nfranzoni', 'maxguipil', 'madisonmiller', 'kmerino', 'cancetinkaya1201', 'u6007941', 'trivellin', 'heatherleaf', 'nickm', 'tserenkhand', 'ethan.caballero', 'jack522577', 'oktayhalitekinay', 'maxiasensio', 'elena.gnani', 'mos_noob', 'hj980217', 'bmirzapouebe', 't224622', 'fredysanchez2', 'clizarazo', 'drogalski', 'elel30182', 'cacuy', 'ge.6cg7', 'fedele.penna', 'aaronrivasterron', 'ronitronit119', 'aaroncoonu', 'k.hildenbrand', 'asdksnfksfkmd', 'ol_ac', 'zepfan026', 'fatanehjenabi', 'd33r00', 'johnganiban', 'yorkiiii', 'cameronframpton', 'j218711', 'hrhlauraa', 'alirose12', 'lewisgf20', 'andresaraiva', 'arno.yu610168', 'kaynegalie', 'xiaokaizhong99', 'cheeseybacon', 'nbhat0792', 'jason.earl', 'alexdallee17', 'ashishchr', 'nuriamjusc', 'rynk.john', 'jeption2025', 'mtynski', 'iuri', 'ftah', 'longstreetjacob', 'avivlavan', 'sebasmarquez90', 'anshshah2011', 'lerner', 'susannareggiani', 'uuganbayaro', 'hamastahir19', 'damianonetto']",287,"['ulusoy2006', 'huseyinu', 'fafrin2', 'reuben90', 'mtakcali', 'alexander.lee', 'jhahn95', 'olivier35', 'ncm0007', 'syoonhan', 'amrita_lovelace', 'haren22', 'mariapl200896', 'thboth', 'jsanmartin1', 'ervndgn59', 'r207733', 'paezjuanagustin47', 'psuzhouy', 'ogandocortes', 'pkj71794g', 'theurgeboat', 'jequito', 'cninja99', 'enhjinhanabi', 'ogu0001', 'martinotero', 'sbentz', 'julianyordano', 'terje', 'gabriel.pzanoni', 'guillermo99', 'martin.mg98.10', 'daddysexual', 'ege.ert7', 'grantmorris656', 'v257028', 'wys142', 'u1089358', 'lenoirr', 'jaycwilson23', 'ainhoaab', 'sabe425', 'murattdo', 'kyenyarkolemuel', 'vincentdoucet22', 'octoman1080x', 'dongmingli', 'f215766', 'lkipfer', 'burnett.william', 'lpentzke', 'dolaydemirel', 'roiaso', 'emani', 'npatta.1986', 'lctasende3', 'arw0049', 'omarloay99', 'tomasx', 'pspiotrowicz1', 'andrew217usmc', 'hcha71', 'garciacarrillojudith', 'u0916393', 'sholliday643', 'eschruba', 'charles.dambra', 'aat0004', 'jake.m.hall876', 'philippeblaise', 'anxooo', 'lokesht123', 'sabolton', 'aravindh', 'mrbunnyman', 'also0714', 'mollykole', 'man6787', 'moshelem', 'santosalexis1817', 'semmi.spado00', 'mmei', 'kianamon', 'thomasspradley', 'borja.bayon', 'costasdiego97', 'julianawallgren', 'leeluanling123', 'miguelcb', 'sebrobarts', 'hjlim9612', 'wdeaweqwdas', 'josemanuel3', 'vritota', 'tudimubunmi', 'jimenezph', 'jsathanand', 'u1250344', 'yyerim', 'dicef', 'raul292', 'smontero', 'ts992', 'jdgerling', 'baqer', 'davidr27', 'jeson', 'evakolmel', 'blane', 'kayleneechong', 'sandip83', 'danielclapp99', 'durgaprasadkhatri2011', 'lobsterben13', 'saradiazr', 'lorenzoholguin12', 'ana23', 'aldanafloyd', 'mstff.1clkk', 'mahnoor.syed29', 'amandabrum', 'nguyendaniel', 'santox2000', 'matthew.jones98', 'poorar21', 'eminasuljic', 'hjp44', 'annikadasher', 'kaiseale', 'anujgarg939', 'cactusnoh', 'nicoladegiuseppe19', 'sungjoon.cho97', 'nsh0004', 's16c028b', 'deguirejasmin', 'sd226', 'nanobeam', 'm203442', 'jeus63', 'sarah.youssef', 'olga.casals', 'joshuabush', 'arif.ozkan5806', 'johndoe2341341243', 'mrtmert98', 'pw8', 'i.lutticken', 'arianebarreto', 'zse0147', 'gazerlo', 'rylandkate', 'jef325', 'chrixang18', 'halilibrahimtiken', 's16c045b', 'a194117', 'plaggeme', 'newele', 'mangabera10', 'jrobinson5', 'felipemachado', 'emreyilmazel1996', 'd093641', 'maria.irausquin', 'kellen.wise', 'caseyamick', 'magnoliajasper', '8223freret', 'cartermchris1', 'rakaiit', 'berrospidavid7', 'jschewinsky', 'cdutreil', 'wingitalways', 'tg2016', 'stiml1144', 'kodurur', 'l201843', 'mrgiraffe', 'panellink1', 'briann', 'aingles', 'rossop', 'pmcnutt2', 'choudh23', 'testeremre70', 'sungjooncho', 'krusso448', 'spazos7', 'xiaoyuzhang', 'burak9836', 'cibranlpz', 'm241617', 'rosadourada9', 'liqizhou', 'anapv177', 'c195673', 'kst48', 'justiejoseph', 'chastintruelove', 'joejfranzo', 'sqlim94', 'phhuang', 'yesimcakmakc', 'asif0047', 'fpincock', 'hlong262', 'retrewtewrt', 'jako91', 'jbonez411', 'ee17resch11016', 'nfranzoni', 'maxguipil', 'madisonmiller', 'kmerino', 'cancetinkaya1201', 'rajsingh', 'u6007941', 'trivellin', 'heatherleaf', 'nickm', 'tserenkhand', 'ethan.caballero', 'jack522577', 'oktayhalitekinay', 'maxiasensio', 'elena.gnani', 'mos_noob', 'hj980217', 'bmirzapouebe', 't224622', 'fredysanchez2', 'clizarazo', 'drogalski', 'elel30182', 'cacuy', 'abaringer', 'marcantoineduval', 'ge.6cg7', 'fedele.penna', 'aaronrivasterron', 'ronitronit119', 'cbandel', 'aaroncoonu', 'k.hildenbrand', 'asdksnfksfkmd', 'ol_ac', 'zepfan026', 'j176601', 'fatanehjenabi', 'd33r00', 'johnganiban', 'yorkiiii', 'cameronframpton', 'j218711', 'hrhlauraa', 'alirose12', 'lewisgf20', 'andresaraiva', 'arno.yu610168', 'fabio.aragao.santos', 'kaynegalie', 'xiaokaizhong99', 'cheeseybacon', 'nbhat0792', 'jason.earl', 'alexdallee17', 'ashishchr', 'nmorgan1', 'nuriamjusc', 'rynk.john', 'jeption2025', 'mtynski', 'iuri', 'ftah', 'longstreetjacob', 'avivlavan', 'sebasmarquez90', 'anshshah2011', 'lerner', 'susannareggiani', 'uuganbayaro', 'hamastahir19', 'tshihong12', 'damianonetto']"
43,483,31,78,1,['tshihong12'],29,"['arianebarreto', 'zse0147', 'a194117', 'mangabera10', 'ncm0007', 'm241617', 'arw0049', 'c195673', 'kst48', 'sqlim94', 'fabio.aragao.santos', 'r207733', 'psuzhouy', 'jschewinsky', 'm203442', 'nmorgan1', 'gabriel.pzanoni', 'aat0004', 'olga.casals', 'abaringer', 'marcantoineduval', 'v257028', 'cbandel', 'l201843', 'jeson', 'blane', 'j176601', 'vincentdoucet22', 'rajsingh']",77,"['ohwayrc', 'noelng0112', 'muhamadaiman17207593', 'nida20', 'u2003966', 'nuhaa426', 'shenni', 'zuying1204', 'zamilmuazam98', 'renyic', 'aqbarshaiful', 'tangkityee', 'chinkeatchew880', 'abdulhadi', 'jxuanchia', 'tzeron2210', 'teh_mint12', 'yoanesyeo', 'abid01', 'aiman01', 'haziqian', 'leewenjun', 'yinyong0427', 'yewyung', 'aiman_nazri123', 'weimingquah5', 'theezzy', 'jaydenhon', 'iron52bat', 's2031189', 'u2003919', 'bryanleong1126', 'u2003934', 'nanododo', None, 'tanchunwei8681', 'luqmanhakim', 'saiyedharith18', 'kailoom', 'khawlinkoon', 'student17202315', 'ain.tyra01', 's2020494', 'kl.chin0622', 'pd0s__', 'chiachenng123', 'renyi0912', 'yijoelow', 'aliffizham', 'irfanzahiran01', 'thishen', 'u2003990', 'yusankoh', 'shihong5270', 'myson', 'iskandarsofian', 'zqchin26', 'u2003884', 'wei622', '17202739nazif', 'ikramnasir7', 'shafiq__', 'u2003917', 'adeebzikri0', 'u2003882', 'aiman2001', 'kw01', 'koayzhengyin', 'regangoh0728', 'alfin01', 'fidadzli', 'zalzikri', 'syamil123', 'kj0918', 'afiq010507', 'shahrizan01', 'nghaowei613']",107,"['arianebarreto', 'zse0147', 'kailoom', 'khawlinkoon', 'ohwayrc', 'noelng0112', 'muhamadaiman17207593', 'a194117', 'nida20', 'mangabera10', 'ncm0007', 'student17202315', 'u2003966', 'ain.tyra01', 's2020494', 'nuhaa426', 'shenni', 'zuying1204', 'kl.chin0622', 'pd0s__', 'chiachenng123', 'renyi0912', 'r207733', 'psuzhouy', 'zamilmuazam98', 'aqbarshaiful', 'renyic', 'yijoelow', 'aliffizham', 'tangkityee', 'jschewinsky', 'irfanzahiran01', 'thishen', 'chinkeatchew880', 'abdulhadi', 'gabriel.pzanoni', 'tzeron2210', 'abaringer', 'marcantoineduval', 'jxuanchia', 'teh_mint12', 'v257028', 'yoanesyeo', 'abid01', 'cbandel', 'l201843', 'jeson', 'aiman01', 'haziqian', 'u2003990', 'yusankoh', 'blane', 'shihong5270', 'myson', 'leewenjun', 'j176601', 'vincentdoucet22', 'yinyong0427', 'yewyung', 'iskandarsofian', 'zqchin26', 'u2003884', 'wei622', '17202739nazif', 'aiman_nazri123', 'm241617', 'ikramnasir7', 'arw0049', 'weimingquah5', 'shafiq__', 'c195673', 'kst48', 'theezzy', 'u2003917', 'jaydenhon', 'iron52bat', 'sqlim94', 's2031189', 'adeebzikri0', 'u2003919', 'bryanleong1126', 'u2003882', 'fabio.aragao.santos', 'aiman2001', 'u2003934', 'm203442', 'kw01', 'nmorgan1', 'koayzhengyin', 'aat0004', 'olga.casals', 'nanododo', None, 'tanchunwei8681', 'regangoh0728', 'alfin01', 'fidadzli', 'zalzikri', 'luqmanhakim', 'saiyedharith18', 'syamil123', 'kj0918', 'afiq010507', 'shahrizan01', 'nghaowei613', 'tshihong12', 'rajsingh']"
43,446,31,16,1,['abaringer'],29,"['arianebarreto', 'zse0147', 'a194117', 'mangabera10', 'ncm0007', 'm241617', 'arw0049', 'c195673', 'kst48', 'sqlim94', 'fabio.aragao.santos', 'r207733', 'psuzhouy', 'jschewinsky', 'm203442', 'nmorgan1', 'gabriel.pzanoni', 'aat0004', 'olga.casals', 'marcantoineduval', 'j176601', 'v257028', 'cbandel', 'l201843', 'jeson', 'blane', 'tshihong12', 'vincentdoucet22', 'rajsingh']",15,"['liqizhou', 'dicef', 'lpentzke', 'cameronframpton', 'annikadasher', 'jrobinson5', 'wingitalways', 'cacuy', 'nguyendaniel', 'jhahn95', 'kmerino', 'nfranzoni', None, 'lobsterben13', 'vritota']",45,"['tshihong12', 'arianebarreto', 'zse0147', 'lpentzke', 'nguyendaniel', 'a194117', 'jhahn95', 'mangabera10', 'ncm0007', 'm241617', 'jrobinson5', 'liqizhou', 'arw0049', 'cameronframpton', 'c195673', 'kst48', 'annikadasher', 'sqlim94', 'fabio.aragao.santos', 'r207733', 'psuzhouy', 'vritota', 'jschewinsky', 'm203442', 'wingitalways', 'nmorgan1', 'gabriel.pzanoni', 'cacuy', 'dicef', 'aat0004', 'olga.casals', 'abaringer', 'marcantoineduval', 'nfranzoni', None, 'v257028', 'lobsterben13', 'cbandel', 'l201843', 'jeson', 'blane', 'kmerino', 'j176601', 'vincentdoucet22', 'rajsingh']"
43,450,31,11,1,['kst48'],29,"['arianebarreto', 'zse0147', 'a194117', 'mangabera10', 'ncm0007', 'm241617', 'arw0049', 'c195673', 'sqlim94', 'fabio.aragao.santos', 'r207733', 'psuzhouy', 'jschewinsky', 'm203442', 'nmorgan1', 'gabriel.pzanoni', 'aat0004', 'olga.casals', 'abaringer', 'marcantoineduval', 'j176601', 'v257028', 'cbandel', 'l201843', 'jeson', 'blane', 'tshihong12', 'vincentdoucet22', 'rajsingh']",10,"['justiejoseph', 'keidixhagolli', 'fredysanchez2', 'eschruba', 'longstreetjacob', 'chrixang18', 'zepfan026', 'kaynegalie', None, 'julianawallgren']",40,"['tshihong12', 'arianebarreto', 'zse0147', 'chrixang18', 'a194117', 'mangabera10', 'ncm0007', 'm241617', 'julianawallgren', 'arw0049', 'c195673', 'kst48', 'justiejoseph', 'sqlim94', 'fabio.aragao.santos', 'r207733', 'kaynegalie', 'psuzhouy', 'fredysanchez2', 'keidixhagolli', 'eschruba', 'jschewinsky', 'm203442', 'nmorgan1', 'gabriel.pzanoni', 'aat0004', 'olga.casals', 'abaringer', 'marcantoineduval', None, 'v257028', 'cbandel', 'l201843', 'jeson', 'longstreetjacob', 'blane', 'zepfan026', 'j176601', 'vincentdoucet22', 'rajsingh']"
43,443,31,10,3,"['cbandel', 'nmorgan1', 'abaringer']",27,"['arianebarreto', 'zse0147', 'a194117', 'mangabera10', 'ncm0007', 'm241617', 'arw0049', 'c195673', 'kst48', 'sqlim94', 'fabio.aragao.santos', 'r207733', 'psuzhouy', 'jschewinsky', 'm203442', 'gabriel.pzanoni', 'aat0004', 'olga.casals', 'marcantoineduval', 'j176601', 'v257028', 'l201843', 'jeson', 'blane', 'tshihong12', 'vincentdoucet22', 'rajsingh']",7,"['cameronframpton', 'sholliday643', 'annikadasher', 'nguyendaniel', 'jhahn95', None, 'jrobinson5']",37,"['tshihong12', 'arianebarreto', 'zse0147', 'nguyendaniel', 'a194117', 'jhahn95', 'mangabera10', 'ncm0007', 'm241617', 'jrobinson5', 'arw0049', 'cameronframpton', 'c195673', 'kst48', 'annikadasher', 'sqlim94', 'fabio.aragao.santos', 'r207733', 'psuzhouy', 'sholliday643', 'jschewinsky', 'm203442', 'nmorgan1', 'gabriel.pzanoni', 'aat0004', 'olga.casals', 'abaringer', 'marcantoineduval', None, 'v257028', 'cbandel', 'l201843', 'jeson', 'blane', 'j176601', 'vincentdoucet22', 'rajsingh']"
43,444,31,8,5,"['v257028', 'arianebarreto', 'm203442', 'gabriel.pzanoni', 'r207733']",25,"['zse0147', 'a194117', 'mangabera10', 'ncm0007', 'm241617', 'arw0049', 'c195673', 'kst48', 'sqlim94', 'fabio.aragao.santos', 'psuzhouy', 'jschewinsky', 'nmorgan1', 'aat0004', 'olga.casals', 'abaringer', 'marcantoineduval', 'j176601', 'cbandel', 'l201843', 'jeson', 'blane', 'tshihong12', 'vincentdoucet22', 'rajsingh']",3,"['leeluanling123', None, 'f215766']",33,"['tshihong12', 'arianebarreto', 'zse0147', 'a194117', 'mangabera10', 'ncm0007', 'm241617', 'arw0049', 'leeluanling123', 'c195673', 'kst48', 'sqlim94', 'fabio.aragao.santos', 'r207733', 'psuzhouy', 'jschewinsky', 'm203442', 'nmorgan1', 'gabriel.pzanoni', 'aat0004', 'olga.casals', 'abaringer', 'marcantoineduval', None, 'v257028', 'cbandel', 'l201843', 'jeson', 'blane', 'j176601', 'vincentdoucet22', 'f215766', 'rajsingh']"
43,482,31,7,1,['jeson'],29,"['arianebarreto', 'zse0147', 'a194117', 'mangabera10', 'ncm0007', 'm241617', 'arw0049', 'c195673', 'kst48', 'sqlim94', 'fabio.aragao.santos', 'r207733', 'psuzhouy', 'jschewinsky', 'm203442', 'nmorgan1', 'gabriel.pzanoni', 'aat0004', 'olga.casals', 'abaringer', 'marcantoineduval', 'j176601', 'v257028', 'cbandel', 'l201843', 'blane', 'tshihong12', 'vincentdoucet22', 'rajsingh']",6,"['dompm123', 'audranp', 'fredericberthiaume1234', 'myriam.blanchet07', None, 'deguirejasmin']",36,"['arianebarreto', 'zse0147', 'audranp', 'fredericberthiaume1234', 'jschewinsky', 'myriam.blanchet07', 'm203442', 'nmorgan1', 'gabriel.pzanoni', 'a194117', 'mangabera10', 'aat0004', 'ncm0007', 'm241617', 'olga.casals', 'abaringer', 'marcantoineduval', 'v257028', 'j176601', None, 'arw0049', 'dompm123', 'c195673', 'kst48', 'cbandel', 'l201843', 'jeson', 'vincentdoucet22', 'sqlim94', 'blane', 'fabio.aragao.santos', 'r207733', 'tshihong12', 'psuzhouy', 'rajsingh', 'deguirejasmin']"
44,125,30,14,12,"['vincilird', 'elenakjm9', 'dejanmicic16', 'boundstate', 'aksela', 'potrebicljubica', 'tesovicdragana195', 'skalaandrej7', 'sladjana', 'mstrizak0', 'aleksabu0', 'anjatanovic99']",17,"['nikola.markovic', 'miroslavbogdanovic97', 'rozsiadrian', 'janajankovic', 'howland12', 'marko.markovic', 'quantumduck', 'dusan_o', 'anjalemaic', 'djox', 'hrachya.kocharyan', 'yenhungho', 'milovic.rema', 'manulinho72', 'kinde064', 'xshoka00', 'aleksandaraleksic11']",2,"['natasa', None]",31,"['miroslavbogdanovic97', 'janajankovic', 'marko.markovic', 'potrebicljubica', 'manulinho72', 'natasa', 'rozsiadrian', 'elenakjm9', 'dusan_o', 'aksela', 'milovic.rema', 'sladjana', 'kinde064', 'xshoka00', 'vincilird', 'dejanmicic16', 'hrachya.kocharyan', 'tesovicdragana195', 'anjatanovic99', 'aleksabu0', None, 'nikola.markovic', 'howland12', 'quantumduck', 'boundstate', 'anjalemaic', 'yenhungho', 'skalaandrej7', 'mstrizak0', 'djox', 'aleksandaraleksic11']"
45,234,28,15,10,"['nair40', 'gupta431', 'hao66', 'mohanp', 'msadi', 'ajacobth', 'liu2568', 'lu565', 'mbhatasa', 'jadhav3']",17,"['mdtahirpatel', 'chen2967', 'ganti', 'ebartusi', 'sbairedd', 'aleperezme', 'iryu', 'taigaom', 'storbati', 'ebilionis', 'pmangana', 'anoopanair', 'ericacarlson', 'mc2076', 'rishirelan', 'soutick2010', 'abhinandan11']",5,"['dhalbroo', 'vvivekan', 'wxie', None, 'prasad40']",32,"['gupta431', 'ganti', 'msadi', 'iryu', 'ebilionis', 'pmangana', 'abhinandan11', 'ebartusi', 'prasad40', 'lu565', 'aleperezme', 'taigaom', 'ericacarlson', 'rishirelan', 'jadhav3', 'mdtahirpatel', 'hao66', 'chen2967', 'sbairedd', 'ajacobth', 'liu2568', 'storbati', 'wxie', 'mc2076', 'mbhatasa', None, 'dhalbroo', 'nair40', 'vvivekan', 'mohanp', 'anoopanair', 'soutick2010']"
46,396,28,28,22,"['maraimas', 'aldosolis86', 'a01025509', 'lucia_lopez.p', 'a01026692', 'hecticcoder', 'rafael99', 'alonso_juarez', 'a01026877', 'joaquinbonavides', 'a01023042', 'chrisv212', 'a01656014', 'a01022745', 'freddy_rd99', 'a01026747', 'a01022671', 'abigail.corts', 'a01026852', 'a01657045', 'ricardocastillejo', 'a01027592']",5,"['a01023758', 'a01027347', 'a01026880', 'a01026748', 'gracefulpepin']",6,"['ayax.hernando', 'libetancur29', 'erickamc', 'a01021862', None, 'a01022623']",33,"['maraimas', 'aldosolis86', 'a01025509', 'a01026880', 'lucia_lopez.p', 'a01026692', 'hecticcoder', 'rafael99', 'gracefulpepin', 'a01023758', 'alonso_juarez', 'a01027347', 'a01026877', 'joaquinbonavides', 'a01023042', 'chrisv212', 'a01656014', 'a01022745', 'ayax.hernando', 'erickamc', 'freddy_rd99', 'a01026747', 'a01022671', 'abigail.corts', None, 'a01022623', 'a01026852', 'libetancur29', 'a01026748', 'a01657045', 'a01021862', 'ricardocastillejo', 'a01027592']"
46,395,28,27,22,"['maraimas', 'aldosolis86', 'a01025509', 'lucia_lopez.p', 'a01026692', 'hecticcoder', 'rafael99', 'a01023758', 'a01026877', 'joaquinbonavides', 'a01023042', 'chrisv212', 'a01656014', 'a01022745', 'freddy_rd99', 'a01022671', 'a01026747', 'abigail.corts', 'a01026852', 'a01657045', 'ricardocastillejo', 'a01027592']",5,"['alonso_juarez', 'a01027347', 'a01026880', 'a01026748', 'gracefulpepin']",5,"['ayax.hernando', 'libetancur29', 'erickamc', None, 'a01022623']",32,"['maraimas', 'aldosolis86', 'a01025509', 'a01026880', 'lucia_lopez.p', 'a01026692', 'hecticcoder', 'rafael99', 'gracefulpepin', 'a01023758', 'alonso_juarez', 'a01027347', 'a01026877', 'joaquinbonavides', 'a01023042', 'chrisv212', 'a01656014', 'a01022745', 'ayax.hernando', 'erickamc', 'freddy_rd99', 'a01026747', 'a01022671', 'abigail.corts', None, 'a01022623', 'a01026852', 'libetancur29', 'a01026748', 'a01657045', 'ricardocastillejo', 'a01027592']"
46,389,28,25,19,"['maraimas', 'lucia_lopez.p', 'hecticcoder', 'rafael99', 'alonso_juarez', 'a01023758', 'a01027347', 'a01026877', 'joaquinbonavides', 'a01023042', 'chrisv212', 'a01022745', 'freddy_rd99', 'a01022671', 'a01026747', 'a01026852', 'a01026748', 'a01657045', 'ricardocastillejo']",8,"['a01656014', 'aldosolis86', 'a01025509', 'a01026880', 'a01026692', 'abigail.corts', 'gracefulpepin', 'a01027592']",6,"['aldofabrizzio', 'ayax.hernando', 'erickamc', 'leducricardo', None, 'a01022623']",33,"['maraimas', 'aldosolis86', 'a01025509', 'a01026880', 'lucia_lopez.p', 'a01026692', 'hecticcoder', 'rafael99', 'gracefulpepin', 'leducricardo', 'a01023758', 'alonso_juarez', 'a01027347', 'aldofabrizzio', 'a01026877', 'joaquinbonavides', 'a01023042', 'chrisv212', 'a01656014', 'a01022745', 'ayax.hernando', 'erickamc', 'freddy_rd99', 'a01026747', 'a01022671', 'abigail.corts', None, 'a01022623', 'a01026852', 'a01026748', 'a01657045', 'ricardocastillejo', 'a01027592']"
46,393,28,25,20,"['maraimas', 'aldosolis86', 'a01025509', 'lucia_lopez.p', 'hecticcoder', 'rafael99', 'gracefulpepin', 'alonso_juarez', 'a01026877', 'joaquinbonavides', 'a01023042', 'chrisv212', 'a01022745', 'freddy_rd99', 'a01022671', 'abigail.corts', 'a01026852', 'a01026748', 'a01657045', 'ricardocastillejo']",7,"['a01656014', 'a01023758', 'a01027347', 'a01026880', 'a01026692', 'a01026747', 'a01027592']",5,"['ayax.hernando', 'kirkbloom67', 'erickamc', None, 'a01022623']",32,"['maraimas', 'aldosolis86', 'a01025509', 'a01026880', 'kirkbloom67', 'lucia_lopez.p', 'a01026692', 'hecticcoder', 'rafael99', 'gracefulpepin', 'a01023758', 'alonso_juarez', 'a01027347', 'a01026877', 'joaquinbonavides', 'a01023042', 'chrisv212', 'a01656014', 'a01022745', 'ayax.hernando', 'erickamc', 'freddy_rd99', 'a01026747', 'a01022671', 'abigail.corts', None, 'a01022623', 'a01026852', 'a01026748', 'a01657045', 'ricardocastillejo', 'a01027592']"
46,390,28,24,20,"['maraimas', 'aldosolis86', 'a01025509', 'lucia_lopez.p', 'hecticcoder', 'rafael99', 'gracefulpepin', 'a01027347', 'a01026877', 'joaquinbonavides', 'a01023042', 'a01022745', 'freddy_rd99', 'a01022671', 'a01026747', 'a01026852', 'a01026748', 'a01657045', 'ricardocastillejo', 'a01027592']",7,"['a01656014', 'alonso_juarez', 'a01023758', 'a01026880', 'a01026692', 'chrisv212', 'abigail.corts']",4,"['ayax.hernando', None, 'a01022623', 'aldofabrizzio']",31,"['maraimas', 'aldosolis86', 'a01025509', 'a01026880', 'lucia_lopez.p', 'a01026692', 'hecticcoder', 'rafael99', 'gracefulpepin', 'a01023758', 'alonso_juarez', 'a01027347', 'aldofabrizzio', 'a01026877', 'joaquinbonavides', 'a01023042', 'chrisv212', 'a01656014', 'a01022745', 'ayax.hernando', 'freddy_rd99', 'a01026747', 'a01022671', 'abigail.corts', None, 'a01022623', 'a01026852', 'a01026748', 'a01657045', 'ricardocastillejo', 'a01027592']"
46,387,28,17,11,"['a01026852', 'maraimas', 'a01022745', 'freddy_rd99', 'a01026748', 'hecticcoder', 'a01023042', 'a01657045', 'a01022671', 'rafael99', 'ricardocastillejo']",16,"['a01656014', 'a01023758', 'alonso_juarez', 'aldosolis86', 'a01027347', 'a01025509', 'a01026880', 'lucia_lopez.p', 'a01026877', 'joaquinbonavides', 'a01026692', 'a01026747', 'chrisv212', 'gracefulpepin', 'abigail.corts', 'a01027592']",6,"['aldofabrizzio', 'ayax.hernando', 'erickamc', 'ana4mars', None, 'a01022623']",33,"['maraimas', 'aldosolis86', 'a01025509', 'a01026880', 'lucia_lopez.p', 'a01026692', 'hecticcoder', 'rafael99', 'gracefulpepin', 'a01023758', 'alonso_juarez', 'a01027347', 'aldofabrizzio', 'a01026877', 'joaquinbonavides', 'a01023042', 'chrisv212', 'a01656014', 'a01022745', 'ayax.hernando', 'erickamc', 'freddy_rd99', 'a01026747', 'a01022671', 'abigail.corts', None, 'a01022623', 'a01026852', 'a01026748', 'a01657045', 'ana4mars', 'ricardocastillejo', 'a01027592']"
47,326,28,17,15,"['konyshevyuri', 'mvplatonov', 'max374001', 'amgubanov', 'vvzunin', 'oakutovenko', 'ivkrasikov', 'mikola170298', 'aisosnin', 'savochkin.vlad', 'olegkutovenko4', 'pasytko12', 'edzeest', 'poslednyymc', 'ivsemerin']",12,"['wndpchl', 'harithakrishnan', 'filizula1', 'grace_kuriakose', 'malinimukherjee05', 'madyomar98', 'nabilhaziq', 'truijen.brecht', 'iyukuranova', 'wongyb88', 'ashamammen', 'adewoyinadeyinka']",2,"['far1997', None]",29,"['grace_kuriakose', 'nabilhaziq', 'olegkutovenko4', 'ivsemerin', 'harithakrishnan', 'max374001', 'amgubanov', 'malinimukherjee05', 'vvzunin', 'madyomar98', 'ivkrasikov', 'aisosnin', 'truijen.brecht', 'pasytko12', 'iyukuranova', 'poslednyymc', 'wndpchl', 'konyshevyuri', 'mvplatonov', 'filizula1', 'mikola170298', 'savochkin.vlad', 'wongyb88', 'ashamammen', None, 'oakutovenko', 'far1997', 'edzeest', 'adewoyinadeyinka']"
47,325,28,7,1,['nabilhaziq'],26,"['grace_kuriakose', 'olegkutovenko4', 'ivsemerin', 'harithakrishnan', 'max374001', 'amgubanov', 'malinimukherjee05', 'vvzunin', 'edzeest', 'madyomar98', 'ivkrasikov', 'truijen.brecht', 'pasytko12', 'iyukuranova', 'poslednyymc', 'wndpchl', 'konyshevyuri', 'mvplatonov', 'filizula1', 'mikola170298', 'savochkin.vlad', 'wongyb88', 'ashamammen', 'oakutovenko', 'aisosnin', 'adewoyinadeyinka']",6,"['z.wei', 'zh18', 'zixianchew', None, 'sayeem1818', 'shunzhilok']",33,"['wndpchl', 'konyshevyuri', 'mvplatonov', 'filizula1', 'grace_kuriakose', 'mikola170298', 'zh18', 'savochkin.vlad', 'nabilhaziq', 'olegkutovenko4', 'zixianchew', 'wongyb88', 'ashamammen', None, 'sayeem1818', 'ivsemerin', 'shunzhilok', 'harithakrishnan', 'z.wei', 'max374001', 'amgubanov', 'malinimukherjee05', 'vvzunin', 'oakutovenko', 'pasytko12', 'madyomar98', 'ivkrasikov', 'edzeest', 'truijen.brecht', 'iyukuranova', 'aisosnin', 'poslednyymc', 'adewoyinadeyinka']"
47,327,28,7,2,"['savochkin.vlad', 'max374001']",25,"['grace_kuriakose', 'nabilhaziq', 'olegkutovenko4', 'ivsemerin', 'harithakrishnan', 'amgubanov', 'malinimukherjee05', 'vvzunin', 'edzeest', 'madyomar98', 'ivkrasikov', 'truijen.brecht', 'pasytko12', 'iyukuranova', 'poslednyymc', 'wndpchl', 'konyshevyuri', 'mvplatonov', 'filizula1', 'mikola170298', 'wongyb88', 'ashamammen', 'oakutovenko', 'aisosnin', 'adewoyinadeyinka']",5,"['ganekrasov', 'komrakovasofya111', 'a_klimenko', 'far1997', None]",32,"['wndpchl', 'konyshevyuri', 'mvplatonov', 'filizula1', 'grace_kuriakose', 'ganekrasov', 'a_klimenko', 'mikola170298', 'savochkin.vlad', 'nabilhaziq', 'olegkutovenko4', 'wongyb88', 'ashamammen', None, 'ivsemerin', 'harithakrishnan', 'max374001', 'amgubanov', 'komrakovasofya111', 'malinimukherjee05', 'vvzunin', 'oakutovenko', 'pasytko12', 'madyomar98', 'ivkrasikov', 'edzeest', 'far1997', 'truijen.brecht', 'iyukuranova', 'aisosnin', 'poslednyymc', 'adewoyinadeyinka']"
48,402,28,14,8,"['smselzer', 'mailen.selzer', 'gaspar.ferreyra', 'm.tecco', 'fabripusiol1833', 'franciscomerlotti', 'ferfushimi', 'broensmartin']",19,"['sahudipak311997', 'sebamb', 'fabrizioconti97', 'sebastian.bairo', 'abhishekbanerjee182', 'panchoo.olea', 'chen6587', 'santosh1998', 'jjang7', 'ugwuokehope18', 'skadi', 'ph17resch11007', 'hhj03155', 'hamzaelkilani4997', 'xiexiezaijian2', 'alessandroferretti', 'nidhichhillar1996', 'pankajphysics121212', 'solange.munoz']",6,"['fabripusiol1895', 'martin.broens', 'fer_fushimi', 'francisco.merlotti', None, 'francomelica55']",33,"['fabripusiol1895', 'sahudipak311997', 'martin.broens', 'sebamb', 'fabrizioconti97', 'm.tecco', 'sebastian.bairo', 'abhishekbanerjee182', 'chen6587', 'panchoo.olea', 'santosh1998', 'jjang7', 'ugwuokehope18', 'skadi', 'francisco.merlotti', 'solange.munoz', 'ph17resch11007', 'hhj03155', 'mailen.selzer', 'fer_fushimi', 'gaspar.ferreyra', 'hamzaelkilani4997', 'fabripusiol1833', None, 'francomelica55', 'broensmartin', 'smselzer', 'xiexiezaijian2', 'alessandroferretti', 'nidhichhillar1996', 'pankajphysics121212', 'franciscomerlotti', 'ferfushimi']"
48,403,28,11,5,"['smselzer', 'mailen.selzer', 'm.tecco', 'ferfushimi', 'broensmartin']",22,"['sahudipak311997', 'sebamb', 'fabrizioconti97', 'sebastian.bairo', 'abhishekbanerjee182', 'panchoo.olea', 'chen6587', 'santosh1998', 'jjang7', 'ugwuokehope18', 'skadi', 'ph17resch11007', 'hhj03155', 'gaspar.ferreyra', 'hamzaelkilani4997', 'fabripusiol1833', 'xiexiezaijian2', 'alessandroferretti', 'nidhichhillar1996', 'pankajphysics121212', 'franciscomerlotti', 'solange.munoz']",6,"['omarlinarez', 'vfuertes2020', 'martin.broens', 'fer_fushimi', None, 'francomelica55']",33,"['omarlinarez', 'sahudipak311997', 'martin.broens', 'sebamb', 'fabrizioconti97', 'm.tecco', 'sebastian.bairo', 'abhishekbanerjee182', 'chen6587', 'panchoo.olea', 'santosh1998', 'jjang7', 'ugwuokehope18', 'skadi', 'solange.munoz', 'ph17resch11007', 'hhj03155', 'mailen.selzer', 'fer_fushimi', 'gaspar.ferreyra', 'hamzaelkilani4997', 'fabripusiol1833', None, 'francomelica55', 'broensmartin', 'smselzer', 'vfuertes2020', 'xiexiezaijian2', 'alessandroferretti', 'nidhichhillar1996', 'pankajphysics121212', 'franciscomerlotti', 'ferfushimi']"
48,400,28,8,1,['broensmartin'],26,"['sahudipak311997', 'sebamb', 'fabrizioconti97', 'm.tecco', 'sebastian.bairo', 'abhishekbanerjee182', 'ferfushimi', 'panchoo.olea', 'chen6587', 'santosh1998', 'jjang7', 'ugwuokehope18', 'skadi', 'ph17resch11007', 'hhj03155', 'mailen.selzer', 'gaspar.ferreyra', 'hamzaelkilani4997', 'fabripusiol1833', 'smselzer', 'xiexiezaijian2', 'alessandroferretti', 'nidhichhillar1996', 'pankajphysics121212', 'franciscomerlotti', 'solange.munoz']",7,"['fabripusiol1895', 'omarlinarez', 'martin.broens', 'fer_fushimi', 'francisco.merlotti', 'olinarez', None]",34,"['fabripusiol1895', 'omarlinarez', 'sahudipak311997', 'hhj03155', 'mailen.selzer', 'martin.broens', 'sebamb', 'fabrizioconti97', 'gaspar.ferreyra', 'hamzaelkilani4997', 'm.tecco', 'fer_fushimi', 'fabripusiol1833', 'sebastian.bairo', 'abhishekbanerjee182', 'ferfushimi', 'chen6587', 'panchoo.olea', 'olinarez', None, 'broensmartin', 'santosh1998', 'jjang7', 'smselzer', 'ugwuokehope18', 'skadi', 'xiexiezaijian2', 'alessandroferretti', 'nidhichhillar1996', 'francisco.merlotti', 'pankajphysics121212', 'franciscomerlotti', 'ph17resch11007', 'solange.munoz']"
48,401,28,7,1,['broensmartin'],26,"['sahudipak311997', 'sebamb', 'fabrizioconti97', 'm.tecco', 'sebastian.bairo', 'abhishekbanerjee182', 'ferfushimi', 'panchoo.olea', 'chen6587', 'santosh1998', 'jjang7', 'ugwuokehope18', 'skadi', 'ph17resch11007', 'hhj03155', 'mailen.selzer', 'gaspar.ferreyra', 'hamzaelkilani4997', 'fabripusiol1833', 'smselzer', 'xiexiezaijian2', 'alessandroferretti', 'nidhichhillar1996', 'pankajphysics121212', 'franciscomerlotti', 'solange.munoz']",6,"['fabripusiol1895', 'martin.broens', 'fer_fushimi', 'francisco.merlotti', None, 'francomelica55']",33,"['fabripusiol1895', 'sahudipak311997', 'hhj03155', 'mailen.selzer', 'martin.broens', 'sebamb', 'fabrizioconti97', 'gaspar.ferreyra', 'hamzaelkilani4997', 'm.tecco', 'fer_fushimi', 'fabripusiol1833', 'sebastian.bairo', 'abhishekbanerjee182', 'ferfushimi', 'chen6587', 'panchoo.olea', None, 'francomelica55', 'broensmartin', 'santosh1998', 'jjang7', 'smselzer', 'ugwuokehope18', 'skadi', 'xiexiezaijian2', 'alessandroferretti', 'nidhichhillar1996', 'francisco.merlotti', 'pankajphysics121212', 'franciscomerlotti', 'ph17resch11007', 'solange.munoz']"
49,321,28,22,18,"['alqasba', 'nwayerr26', 'bader31', 'zahraa123', 'confusion.vacuum', 'q8.badoori.11', 'janano', 'mahdialeid4', 'fatmajamal', 'maleid', 'monicazaki89', 'nadakh', 'hka', 'rawandashti', 'abdullatifjarallah8', 'ziadhany', 'evilina.gh', 'kwking97']",9,"['sammedendoli.ec17', 'yousifalayoub', 'leonardmwilu139', 'engineerscottsolutions', 'diyasingh08', 'ahmeddiefy', 'amr.saber173', 'hanan.almutairi34', 'asmaa.talaat']",4,"['bilelneji', 'a.alfahad', None, 'hqassem93']",31,"['bader31', 'janano', 'nadakh', 'engineerscottsolutions', 'evilina.gh', 'asmaa.talaat', 'alqasba', 'nwayerr26', 'ahmeddiefy', 'amr.saber173', 'leonardmwilu139', 'hanan.almutairi34', 'sammedendoli.ec17', 'a.alfahad', 'maleid', 'monicazaki89', 'rawandashti', 'abdullatifjarallah8', 'diyasingh08', 'ziadhany', 'hqassem93', None, 'kwking97', 'zahraa123', 'bilelneji', 'confusion.vacuum', 'q8.badoori.11', 'fatmajamal', 'mahdialeid4', 'hka', 'yousifalayoub']"
50,463,27,34,1,['jgarcia141'],25,"['sebarraza2', 'alethegoat', 'siu854104358', 'kabransah', 'crpantoja', 'jaolivares4', 'ncruz2', 'danielmlopez15', 'shashankshandilya.microuiet', 'mortega27', 'vhcastro', 'alvalles2', 'albertomoreno17', 'stephenberg', 'nruizlopez', 'benelectronics', 'edrodriguez4', 'lggalazcarr', 'jecampos2', 'cerva015', 'cspencer88', 'nachapamills', 'kaalderete', 'subhadeepchowdhury0212', 'unknown2850']",33,"['jacoponicolini', 'kienbaumjj30', 'vtagare2', 'breddy4', 'brrmatteo', 'ivans', 'biagiocap95', 'yavuzceo', 'kramervc07', 'wkloppen', 'lewisgf20', 'hjgogoi24', 'nsh0004', 'grafap24', 'raanapooshimin', 'rflores46', 'rollagrad2012', 'aildefonso3', 'jackmings1', 'jmendez100', 'roydouek', None, 'darhodes', 'recaro13', 'ktuzinowski', 'guofu', '2stranger', 'maxguipil', 'damoldov', 'turban.', 'hammir16', 'martinolorenzini', 'savchukol20']",59,"['sebarraza2', 'jacoponicolini', 'alethegoat', 'vtagare2', 'breddy4', 'kienbaumjj30', 'siu854104358', 'kabransah', 'crpantoja', 'jaolivares4', 'brrmatteo', 'ivans', 'ncruz2', 'biagiocap95', 'yavuzceo', 'danielmlopez15', 'shashankshandilya.microuiet', 'mortega27', 'vhcastro', 'kramervc07', 'wkloppen', 'alvalles2', 'lewisgf20', 'hjgogoi24', 'nsh0004', 'albertomoreno17', 'grafap24', 'stephenberg', 'raanapooshimin', 'nruizlopez', 'benelectronics', 'rflores46', 'edrodriguez4', 'lggalazcarr', 'rollagrad2012', 'jecampos2', 'aildefonso3', 'jackmings1', 'jmendez100', 'roydouek', 'cerva015', None, 'darhodes', 'recaro13', 'ktuzinowski', 'guofu', '2stranger', 'maxguipil', 'damoldov', 'cspencer88', 'nachapamills', 'kaalderete', 'turban.', 'subhadeepchowdhury0212', 'hammir16', 'jgarcia141', 'unknown2850', 'martinolorenzini', 'savchukol20']"
50,464,27,16,12,"['sebarraza2', 'nruizlopez', 'alethegoat', 'mortega27', 'vhcastro', 'edrodriguez4', 'lggalazcarr', 'alvalles2', 'jecampos2', 'crpantoja', 'cerva015', 'ncruz2']",14,"['danielmlopez15', 'benelectronics', 'shashankshandilya.microuiet', 'cspencer88', 'nachapamills', 'kaalderete', 'siu854104358', 'subhadeepchowdhury0212', 'jgarcia141', 'unknown2850', 'kabransah', 'albertomoreno17', 'jaolivares4', 'stephenberg']",4,"['gponce5', 'rflores46', None, 'aarodriguez26']",30,"['sebarraza2', 'alethegoat', 'siu854104358', 'kabransah', 'crpantoja', 'jaolivares4', 'ncruz2', 'danielmlopez15', 'shashankshandilya.microuiet', 'mortega27', 'vhcastro', 'alvalles2', 'albertomoreno17', 'stephenberg', 'gponce5', 'nruizlopez', 'benelectronics', 'rflores46', 'edrodriguez4', 'lggalazcarr', 'jecampos2', None, 'cerva015', 'cspencer88', 'nachapamills', 'kaalderete', 'subhadeepchowdhury0212', 'jgarcia141', 'aarodriguez26', 'unknown2850']"
50,462,27,13,4,"['siu854104358', 'benelectronics', 'stephenberg', 'cspencer88']",22,"['sebarraza2', 'alethegoat', 'kabransah', 'crpantoja', 'jaolivares4', 'ncruz2', 'danielmlopez15', 'shashankshandilya.microuiet', 'mortega27', 'vhcastro', 'alvalles2', 'albertomoreno17', 'nruizlopez', 'edrodriguez4', 'lggalazcarr', 'jecampos2', 'cerva015', 'nachapamills', 'kaalderete', 'subhadeepchowdhury0212', 'jgarcia141', 'unknown2850']",9,"['jackajarman', 'jsathanand', 'siu856031918', 'collincurtis', 'jhorio1', 'jackmings1', 'wcmelton96', None, 'nicolasfp']",35,"['sebarraza2', 'alethegoat', 'siu854104358', 'kabransah', 'jhorio1', 'crpantoja', 'jaolivares4', 'ncruz2', 'danielmlopez15', 'shashankshandilya.microuiet', 'mortega27', 'vhcastro', 'alvalles2', 'siu856031918', 'collincurtis', 'albertomoreno17', 'wcmelton96', 'stephenberg', 'nruizlopez', 'benelectronics', 'jsathanand', 'edrodriguez4', 'lggalazcarr', 'jecampos2', 'jackmings1', None, 'cerva015', 'jackajarman', 'cspencer88', 'nachapamills', 'kaalderete', 'subhadeepchowdhury0212', 'jgarcia141', 'unknown2850', 'nicolasfp']"
51,601,27,17,14,"['konstantinakaramitsou02', 'mair_bot', 'basiliskontos12', 'manosxfn', 'sofiastefania123', 'konstantinos.kons', 'thsachlas', 'anastasia.a.mavrogianni', 'adamantia.koulouri', 'phrap38', 'mpourlakis.b.dimitris', 'tassosgr2002', 'athinak1112', 'chrysoulamichou']",12,"['efoula.achtzalotidou', 'antigonilatsiou', 'marianthipapad', 'aleuraa210', 'sofiakass', 'ioannachristophorou', 'kliokogia14', 'helenpapa87', 'mihalisloukopoulos', 'eden.hornung', 'ath.rapti7', 'katerinako']",3,"['sotiristoulio', None, 'kleterpos']",29,"['basiliskontos12', 'thsachlas', 'efoula.achtzalotidou', 'mair_bot', 'sotiristoulio', 'marianthipapad', 'adamantia.koulouri', 'sofiakass', 'helenpapa87', 'mihalisloukopoulos', 'chrysoulamichou', 'konstantinakaramitsou02', 'manosxfn', 'konstantinos.kons', 'kleterpos', 'anastasia.a.mavrogianni', 'phrap38', 'ioannachristophorou', 'mpourlakis.b.dimitris', 'tassosgr2002', 'ath.rapti7', 'athinak1112', 'katerinako', None, 'sofiastefania123', 'antigonilatsiou', 'aleuraa210', 'kliokogia14', 'eden.hornung']"
51,598,27,14,9,"['chrysoulamichou', 'mair_bot', 'efoula.achtzalotidou', 'phrap38', 'ioannachristophorou', 'sofiakass', 'aleuraa210', 'tassosgr2002', 'athinak1112']",17,"['konstantinakaramitsou02', 'basiliskontos12', 'manosxfn', 'sofiastefania123', 'thsachlas', 'konstantinos.kons', 'antigonilatsiou', 'marianthipapad', 'adamantia.koulouri', 'anastasia.a.mavrogianni', 'mpourlakis.b.dimitris', 'kliokogia14', 'helenpapa87', 'mihalisloukopoulos', 'eden.hornung', 'ath.rapti7', 'katerinako']",5,"['eirinikallimani1394', 'mariegaitanidou', 'georgios.boul', 'ioadi2410', None]",31,"['basiliskontos12', 'thsachlas', 'efoula.achtzalotidou', 'georgios.boul', 'mair_bot', 'marianthipapad', 'adamantia.koulouri', 'sofiakass', 'eirinikallimani1394', 'helenpapa87', 'mihalisloukopoulos', 'ioadi2410', 'chrysoulamichou', 'konstantinakaramitsou02', 'manosxfn', 'konstantinos.kons', 'anastasia.a.mavrogianni', 'phrap38', 'ioannachristophorou', 'mpourlakis.b.dimitris', 'mariegaitanidou', 'tassosgr2002', 'ath.rapti7', 'athinak1112', 'katerinako', None, 'sofiastefania123', 'antigonilatsiou', 'aleuraa210', 'kliokogia14', 'eden.hornung']"
51,597,27,11,6,"['aleuraa210', 'sofiakass', 'phrap38', 'tassosgr2002', 'athinak1112', 'chrysoulamichou']",20,"['basiliskontos12', 'thsachlas', 'efoula.achtzalotidou', 'mair_bot', 'marianthipapad', 'adamantia.koulouri', 'helenpapa87', 'mihalisloukopoulos', 'konstantinakaramitsou02', 'manosxfn', 'konstantinos.kons', 'anastasia.a.mavrogianni', 'ioannachristophorou', 'mpourlakis.b.dimitris', 'ath.rapti7', 'katerinako', 'sofiastefania123', 'antigonilatsiou', 'kliokogia14', 'eden.hornung']",5,"['etzech', 'theodorosrousopoulos', 'nikkhgeo02', 'ioadi2410', None]",31,"['etzech', 'konstantinakaramitsou02', 'basiliskontos12', 'manosxfn', 'thsachlas', 'efoula.achtzalotidou', 'konstantinos.kons', 'anastasia.a.mavrogianni', 'phrap38', 'ioannachristophorou', 'mpourlakis.b.dimitris', 'nikkhgeo02', 'tassosgr2002', 'ath.rapti7', 'athinak1112', 'katerinako', None, 'mair_bot', 'ioadi2410', 'sofiastefania123', 'theodorosrousopoulos', 'antigonilatsiou', 'marianthipapad', 'adamantia.koulouri', 'aleuraa210', 'sofiakass', 'kliokogia14', 'helenpapa87', 'mihalisloukopoulos', 'eden.hornung', 'chrysoulamichou']"
51,600,27,9,6,"['konstantinakaramitsou02', 'mair_bot', 'manosxfn', 'konstantinos.kons', 'phrap38', 'chrysoulamichou']",20,"['basiliskontos12', 'thsachlas', 'efoula.achtzalotidou', 'marianthipapad', 'adamantia.koulouri', 'sofiakass', 'helenpapa87', 'mihalisloukopoulos', 'anastasia.a.mavrogianni', 'ioannachristophorou', 'mpourlakis.b.dimitris', 'tassosgr2002', 'ath.rapti7', 'katerinako', 'athinak1112', 'sofiastefania123', 'antigonilatsiou', 'aleuraa210', 'kliokogia14', 'eden.hornung']",3,"['sotiristoulio', 'f.annetazirganou', None]",29,"['konstantinakaramitsou02', 'f.annetazirganou', 'basiliskontos12', 'manosxfn', 'thsachlas', 'efoula.achtzalotidou', 'konstantinos.kons', 'anastasia.a.mavrogianni', 'phrap38', 'ioannachristophorou', 'mpourlakis.b.dimitris', 'tassosgr2002', 'ath.rapti7', 'athinak1112', 'katerinako', None, 'mair_bot', 'sofiastefania123', 'sotiristoulio', 'antigonilatsiou', 'marianthipapad', 'adamantia.koulouri', 'aleuraa210', 'sofiakass', 'kliokogia14', 'helenpapa87', 'mihalisloukopoulos', 'eden.hornung', 'chrysoulamichou']"
51,599,27,7,5,"['konstantinakaramitsou02', 'mair_bot', 'sofiastefania123', 'phrap38', 'chrysoulamichou']",21,"['basiliskontos12', 'thsachlas', 'efoula.achtzalotidou', 'marianthipapad', 'adamantia.koulouri', 'sofiakass', 'helenpapa87', 'mihalisloukopoulos', 'manosxfn', 'konstantinos.kons', 'anastasia.a.mavrogianni', 'ioannachristophorou', 'mpourlakis.b.dimitris', 'tassosgr2002', 'ath.rapti7', 'katerinako', 'athinak1112', 'antigonilatsiou', 'aleuraa210', 'kliokogia14', 'eden.hornung']",2,"['f.annetazirganou', None]",28,"['konstantinakaramitsou02', 'f.annetazirganou', 'basiliskontos12', 'manosxfn', 'thsachlas', 'efoula.achtzalotidou', 'konstantinos.kons', 'anastasia.a.mavrogianni', 'phrap38', 'ioannachristophorou', 'mpourlakis.b.dimitris', 'tassosgr2002', 'ath.rapti7', 'athinak1112', 'katerinako', None, 'mair_bot', 'sofiastefania123', 'antigonilatsiou', 'marianthipapad', 'adamantia.koulouri', 'aleuraa210', 'sofiakass', 'kliokogia14', 'helenpapa87', 'mihalisloukopoulos', 'eden.hornung', 'chrysoulamichou']"
52,374,26,22,17,"['wyethmich', 'mnsaxena', 'aneveret', 'renjewel', 'evogelsa', 'emorywhitney102', 'ashuffin', 'gragleas', 'elicmitc', 'ragrawa', 'mfmitsch', 'fostemii', 'dasmish', 'ryan.lockard22', 'hayesde', 'ahmorrow', 'mjrandal']",8,"['austinthus', 'brebake', 'barnecle1', 'rwtow', 'gemeadow', 'marmaroma3246', 'emchow', 'proesler']",5,"['jasakadu', 'cdesroc', 'azneher', 'vjadhao', None]",30,"['renjewel', 'gemeadow', 'jasakadu', 'gragleas', 'elicmitc', 'azneher', 'proesler', 'rwtow', 'ahmorrow', 'mjrandal', 'ashuffin', 'evogelsa', 'wyethmich', 'brebake', 'barnecle1', 'emorywhitney102', 'ragrawa', 'fostemii', 'mfmitsch', 'emchow', 'hayesde', None, 'austinthus', 'mnsaxena', 'dasmish', 'cdesroc', 'marmaroma3246', 'ryan.lockard22', 'vjadhao', 'aneveret']"
52,373,26,12,7,"['mnsaxena', 'aneveret', 'dasmish', 'ragrawa', 'fostemii', 'hayesde', 'evogelsa']",18,"['austinthus', 'wyethmich', 'brebake', 'barnecle1', 'renjewel', 'gemeadow', 'rwtow', 'emorywhitney102', 'ashuffin', 'gragleas', 'elicmitc', 'mfmitsch', 'marmaroma3246', 'emchow', 'ryan.lockard22', 'proesler', 'ahmorrow', 'mjrandal']",5,"['jasakadu', 'cdesroc', 'azneher', 'vjadhao', None]",30,"['wyethmich', 'brebake', 'barnecle1', 'renjewel', 'gemeadow', 'jasakadu', 'emorywhitney102', 'ragrawa', 'gragleas', 'elicmitc', 'fostemii', 'mfmitsch', 'emchow', 'azneher', 'proesler', 'rwtow', 'hayesde', 'ahmorrow', None, 'mjrandal', 'austinthus', 'mnsaxena', 'aneveret', 'dasmish', 'ashuffin', 'cdesroc', 'marmaroma3246', 'ryan.lockard22', 'vjadhao', 'evogelsa']"
52,375,26,6,5,"['mnsaxena', 'ragrawa', 'ashuffin', 'elicmitc', 'evogelsa']",20,"['renjewel', 'gemeadow', 'gragleas', 'rwtow', 'proesler', 'ahmorrow', 'mjrandal', 'wyethmich', 'brebake', 'barnecle1', 'emorywhitney102', 'fostemii', 'mfmitsch', 'emchow', 'hayesde', 'austinthus', 'dasmish', 'marmaroma3246', 'ryan.lockard22', 'aneveret']",1,[None],26,"['wyethmich', 'brebake', 'barnecle1', 'renjewel', 'gemeadow', 'emorywhitney102', 'ragrawa', 'gragleas', 'elicmitc', 'fostemii', 'mfmitsch', 'emchow', 'proesler', 'rwtow', 'hayesde', 'ahmorrow', None, 'mjrandal', 'austinthus', 'mnsaxena', 'aneveret', 'dasmish', 'ashuffin', 'marmaroma3246', 'ryan.lockard22', 'evogelsa']"
53,122,26,14,11,"['xbubni03', 'shurtugal', 'xspina01', 'xvlasa12', 'xdvora2q', 'petka.dohnal', 'xarbei01', 'lada.kazimercikova', 'xdolez83', 'sindler.matej', 'marco_miskov']",14,"['cicka1398', 'lucas_frkan', 'pavlinskyb', 'xkamen19', 'xredrm00', 'klaudy', 'xkarze01', 'xtrnko02', 'xkarel04', 'lukas13', 'xbedli00', 'xkubic40', 'alan.lopez.becerra', 'xdvora2g']",3,"['tf.pakko', None, 'xlevdo00']",28,"['xbubni03', 'xdvora2q', 'xredrm00', 'xkarze01', 'xkarel04', 'lada.kazimercikova', 'xarbei01', 'xdolez83', 'xdvora2g', 'cicka1398', 'xvlasa12', 'lukas13', 'marco_miskov', 'xspina01', 'xlevdo00', 'lucas_frkan', 'pavlinskyb', 'klaudy', 'xtrnko02', 'xkubic40', 'sindler.matej', None, 'shurtugal', 'xkamen19', 'tf.pakko', 'xbedli00', 'petka.dohnal', 'alan.lopez.becerra']"
53,121,26,7,1,['petka.dohnal'],24,"['xbubni03', 'xdvora2q', 'xredrm00', 'xkarze01', 'xkarel04', 'lada.kazimercikova', 'xarbei01', 'xdolez83', 'xdvora2g', 'cicka1398', 'xvlasa12', 'lukas13', 'marco_miskov', 'xspina01', 'lucas_frkan', 'pavlinskyb', 'klaudy', 'xtrnko02', 'xkubic40', 'sindler.matej', 'shurtugal', 'xkamen19', 'xbedli00', 'alan.lopez.becerra']",6,"['simek', 'tf.pakko', 'zumicz', 'hadi.abdallah33', 'xtoman36', None]",31,"['xbubni03', 'xdvora2q', 'xspina01', 'lucas_frkan', 'pavlinskyb', 'simek', 'xredrm00', 'klaudy', 'xkarze01', 'xtrnko02', 'xkarel04', 'lada.kazimercikova', 'xarbei01', 'xdolez83', 'xkubic40', 'hadi.abdallah33', 'xtoman36', 'sindler.matej', 'xdvora2g', None, 'shurtugal', 'cicka1398', 'xvlasa12', 'xkamen19', 'tf.pakko', 'lukas13', 'xbedli00', 'petka.dohnal', 'zumicz', 'alan.lopez.becerra', 'marco_miskov']"
54,274,26,12,10,"['aurban', 'slr2196', 'ma4160', 'jz3157', 'aak2207', 'ys3376', 'rav2144', 'qgan22', 'awe2112', 'bhs2142']",15,"['enes1998', 'yw3553', 'roziriyaj', 'zx2315', 'ck3027', 'zy2421', 'giovanniroviello79', 'y_zhu', 'grb2120', 'tw2775', 'xinhao', 'wt2293', 'smouraki', 'ejmb', 'svc2130']",2,"[None, 'bshen0908']",27,"['enes1998', 'roziriyaj', 'zx2315', 'ck3027', 'zy2421', 'tw2775', 'ma4160', 'wt2293', 'aak2207', 'ys3376', 'svc2130', 'qgan22', None, 'slr2196', 'bhs2142', 'aurban', 'yw3553', 'bshen0908', 'giovanniroviello79', 'y_zhu', 'grb2120', 'xinhao', 'jz3157', 'smouraki', 'ejmb', 'awe2112', 'rav2144']"
54,275,26,8,6,"['ma4160', 'ys3376', 'rav2144', 'qgan22', 'awe2112', 'bhs2142']",19,"['enes1998', 'roziriyaj', 'zx2315', 'tw2775', 'svc2130', 'yw3553', 'giovanniroviello79', 'y_zhu', 'grb2120', 'jz3157', 'zy2421', 'ejmb', 'ck3027', 'wt2293', 'aak2207', 'slr2196', 'aurban', 'xinhao', 'smouraki']",2,"[None, 'bshen0908']",27,"['enes1998', 'roziriyaj', 'zx2315', 'ck3027', 'zy2421', 'tw2775', 'ma4160', 'wt2293', 'aak2207', 'ys3376', 'svc2130', 'qgan22', None, 'slr2196', 'bhs2142', 'aurban', 'yw3553', 'bshen0908', 'giovanniroviello79', 'y_zhu', 'grb2120', 'xinhao', 'jz3157', 'smouraki', 'ejmb', 'awe2112', 'rav2144']"
55,167,25,45,1,['michaels'],23,"['juanjose62976', 'sergio.gomez', 'ss728', 'af.manrique', 's.leonaviles152915', 'ibuitron', 'mangel.hc1109', 'andres201719819', 'alejandro21', 's.rodrigueza', 'juanjosearevalo', 'susme2020', 'sebuchaspinzon', 'armandosernasc', 'd0kma', 'martindanielrm15', 'snowartz', 'jaimesariasmjose', 'af.almanza10', 'santiago856', 'crishanderhr', 'criscams', 'nguerreronaranjo']",44,"['j.mendezm', 'lcarolopez.lecl', 'estebanboada', 'eric.klozr', 'gonzalezcamilo672', 'jaiverthadrian25', 'federicoberbesi', 'j.acostac', 'id.escobar', 'juanpa12', 'm.vieda', 'vargasautocad', 'luxion', 'alejocibe', 'nicolastrivino', 'dianasalcedo', 'j.padillat', 'davidsantiagomoncayo', 'cristianjulian132002', 'ruedasan', 'dannielmoreno', 'caiceseb', 'juan10eslav', 'juansebastiancorredor12', 'maidy', 'gotty', 'santmc98', 'arizah0707', 'juancreyes201', 'd.posadap', 'danielvillarg3', 'acordero', 'alexh1000', None, 'karenpolania', 'camiloarango', 'sergioneuta', 'j.morenos', 'manuf.vargas36', 'c.escobarh', 'santy015', 'sergioneuta3002', 'juguibavi27', 'felipio32']",68,"['j.mendezm', 'estebanboada', 'gonzalezcamilo672', 'federicoberbesi', 'j.acostac', 'michaels', 'juanpa12', 'ibuitron', 'm.vieda', 'vargasautocad', 'alejocibe', 'mangel.hc1109', 'dianasalcedo', 'andres201719819', 'j.padillat', 'cristianjulian132002', 'dannielmoreno', 'juanjosearevalo', 'juansebastiancorredor12', 'martindanielrm15', 'gotty', 'snowartz', 'juancreyes201', 'acordero', 'jaimesariasmjose', 'alexh1000', 'santiago856', 'camiloarango', 'sergioneuta', 'manuf.vargas36', 'nguerreronaranjo', 'santy015', 'karenpolania', 'felipio32', 'juanjose62976', 'eric.klozr', 'sergio.gomez', 'jaiverthadrian25', 'ss728', 'af.manrique', 's.leonaviles152915', 'id.escobar', 'luxion', 'nicolastrivino', 'alejandro21', 's.rodrigueza', 'davidsantiagomoncayo', 'ruedasan', 'caiceseb', 'susme2020', 'juan10eslav', 'sebuchaspinzon', 'armandosernasc', 'd0kma', 'maidy', 'santmc98', 'arizah0707', 'd.posadap', 'danielvillarg3', 'af.almanza10', None, 'crishanderhr', 'j.morenos', 'criscams', 'c.escobarh', 'juguibavi27', 'sergioneuta3002', 'lcarolopez.lecl']"
55,546,25,40,20,"['sergio.gomez', 'ss728', 's.leonaviles152915', 'michaels', 'ibuitron', 'mangel.hc1109', 'alejandro21', 's.rodrigueza', 'susme2020', 'sebuchaspinzon', 'armandosernasc', 'd0kma', 'martindanielrm15', 'snowartz', 'jaimesariasmjose', 'af.almanza10', 'santiago856', 'crishanderhr', 'criscams', 'nguerreronaranjo']",4,"['juanjosearevalo', 'andres201719819', 'juanjose62976', 'af.manrique']",20,"['j.mendezm', 'mmerchs11', 'jchavezmass', 'juan98', 'dmmr2617', 'vanvan', 'carole.lorena.mc', 'ruedasan', 'lm.gamba', 'mafetatr', 'sguerra339', 'santmc98', 'sophyav', 'ldvalderrama2000', None, 'juanfhcardona', 'adeavid', 'mividaeseltamal25', 'jdsalcedo', 'af.martinezt']",44,"['j.mendezm', 'mmerchs11', 'michaels', 'ibuitron', 'dmmr2617', 'vanvan', 'mangel.hc1109', 'andres201719819', 'lm.gamba', 'juanjosearevalo', 'sguerra339', 'martindanielrm15', 'snowartz', 'ldvalderrama2000', 'jaimesariasmjose', 'santiago856', 'mividaeseltamal25', 'jdsalcedo', 'nguerreronaranjo', 'juanjose62976', 'sergio.gomez', 'ss728', 'af.manrique', 's.leonaviles152915', 'jchavezmass', 'juan98', 'carole.lorena.mc', 'alejandro21', 's.rodrigueza', 'ruedasan', 'mafetatr', 'susme2020', 'sebuchaspinzon', 'armandosernasc', 'd0kma', 'santmc98', 'sophyav', 'af.almanza10', None, 'juanfhcardona', 'crishanderhr', 'adeavid', 'criscams', 'af.martinezt']"
55,554,25,31,15,"['susme2020', 'sebuchaspinzon', 'sergio.gomez', 'crishanderhr', 'ss728', 'armandosernasc', 'mangel.hc1109', 'd0kma', 'martindanielrm15', 'snowartz', 'criscams', 'alejandro21', 'nguerreronaranjo', 'af.almanza10', 'ibuitron']",9,"['juanjosearevalo', 'juanjose62976', 'santiago856', 'af.manrique', 'andres201719819', 's.leonaviles152915', 's.rodrigueza', 'jaimesariasmjose', 'michaels']",16,"['j.mendezm', 'dmmr2617', 'vanvan', 'sguerra339', 'mividaeseltamal25', 'jdsalcedo', 'sophyav', 'ms.zarate8', 'id.escobar', 'ldvalderrama2000', None, 'ruedasan', 'af.martinezt', 'jchavezmass', 'lm.gamba', 'juan98']",40,"['j.mendezm', 'juanjose62976', 'sergio.gomez', 'ss728', 'af.manrique', 's.leonaviles152915', 'id.escobar', 'michaels', 'jchavezmass', 'juan98', 'ibuitron', 'dmmr2617', 'af.martinezt', 'vanvan', 'mangel.hc1109', 'andres201719819', 'alejandro21', 's.rodrigueza', 'ruedasan', 'lm.gamba', 'juanjosearevalo', 'susme2020', 'sebuchaspinzon', 'armandosernasc', 'd0kma', 'martindanielrm15', 'sguerra339', 'sophyav', 'snowartz', 'ldvalderrama2000', 'jaimesariasmjose', 'af.almanza10', None, 'santiago856', 'crishanderhr', 'mividaeseltamal25', 'jdsalcedo', 'ms.zarate8', 'criscams', 'nguerreronaranjo']"
55,102,25,30,16,"['santiago856', 'sebuchaspinzon', 'crishanderhr', 'ss728', 'martindanielrm15', 'af.manrique', 'snowartz', 'criscams', 's.leonaviles152915', 'alejandro21', 's.rodrigueza', 'nguerreronaranjo', 'jaimesariasmjose', 'michaels', 'af.almanza10', 'ibuitron']",8,"['juanjosearevalo', 'susme2020', 'juanjose62976', 'sergio.gomez', 'armandosernasc', 'd0kma', 'mangel.hc1109', 'andres201719819']",14,"['dmmr2617', 'mafetatr', 'mividaeseltamal25', 'jdsalcedo', 'juanpablogomescla', 'santmc98', 'victormanuelleru', 'ldvalderrama2000', None, 'ruedasan', 'af.martinezt', 'mmerchs11', 'jchavezmass', 'lm.gamba']",38,"['juanjose62976', 'sergio.gomez', 'ss728', 'af.manrique', 's.leonaviles152915', 'victormanuelleru', 'mmerchs11', 'michaels', 'jchavezmass', 'ibuitron', 'dmmr2617', 'af.martinezt', 'mangel.hc1109', 'andres201719819', 'alejandro21', 's.rodrigueza', 'ruedasan', 'lm.gamba', 'juanjosearevalo', 'susme2020', 'mafetatr', 'sebuchaspinzon', 'armandosernasc', 'd0kma', 'martindanielrm15', 'santmc98', 'snowartz', 'ldvalderrama2000', 'jaimesariasmjose', 'af.almanza10', None, 'santiago856', 'crishanderhr', 'mividaeseltamal25', 'jdsalcedo', 'criscams', 'nguerreronaranjo', 'juanpablogomescla']"
55,298,25,21,12,"['susme2020', 'sebuchaspinzon', 'sergio.gomez', 'crishanderhr', 'armandosernasc', 'd0kma', 'mangel.hc1109', 'martindanielrm15', 'criscams', 'alejandro21', 'af.almanza10', 'ibuitron']",12,"['juanjosearevalo', 'juanjose62976', 'santiago856', 'ss728', 'af.manrique', 'snowartz', 'andres201719819', 's.leonaviles152915', 's.rodrigueza', 'nguerreronaranjo', 'jaimesariasmjose', 'michaels']",9,"['j.mendezm', 'juanfhcardona', 'mividaeseltamal25', 'sguerra339', 'santmc98', None, 'ruedasan', 'mmerchs11', 'jchavezmass']",33,"['j.mendezm', 'juanjose62976', 'sergio.gomez', 'ss728', 'af.manrique', 's.leonaviles152915', 'mmerchs11', 'michaels', 'jchavezmass', 'ibuitron', 'mangel.hc1109', 'andres201719819', 'alejandro21', 's.rodrigueza', 'ruedasan', 'juanjosearevalo', 'susme2020', 'sebuchaspinzon', 'armandosernasc', 'd0kma', 'martindanielrm15', 'santmc98', 'sguerra339', 'snowartz', 'jaimesariasmjose', 'af.almanza10', None, 'juanfhcardona', 'santiago856', 'crishanderhr', 'mividaeseltamal25', 'criscams', 'nguerreronaranjo']"
55,299,25,13,8,"['santiago856', 'sebuchaspinzon', 'crishanderhr', 'armandosernasc', 'martindanielrm15', 'd0kma', 'ss728', 'alejandro21']",16,"['juanjosearevalo', 'susme2020', 'juanjose62976', 'sergio.gomez', 'mangel.hc1109', 'af.manrique', 'snowartz', 'andres201719819', 'criscams', 's.leonaviles152915', 's.rodrigueza', 'nguerreronaranjo', 'jaimesariasmjose', 'michaels', 'af.almanza10', 'ibuitron']",5,"['j.mendezm', 'alizarazo1204', 'mividaeseltamal25', 'ruedasan', None]",29,"['j.mendezm', 'juanjosearevalo', 'susme2020', 'juanjose62976', 'sebuchaspinzon', 'sergio.gomez', 'alizarazo1204', 'ss728', 'armandosernasc', 'd0kma', 'martindanielrm15', 'af.manrique', 'snowartz', 's.leonaviles152915', 'jaimesariasmjose', 'michaels', 'af.almanza10', None, 'ibuitron', 'santiago856', 'crishanderhr', 'mividaeseltamal25', 'mangel.hc1109', 'criscams', 'andres201719819', 'alejandro21', 's.rodrigueza', 'ruedasan', 'nguerreronaranjo']"
55,555,25,11,8,"['santiago856', 'sebuchaspinzon', 'crishanderhr', 'sergio.gomez', 'martindanielrm15', 'd0kma', 'mangel.hc1109', 'alejandro21']",16,"['juanjosearevalo', 'susme2020', 'juanjose62976', 'ss728', 'armandosernasc', 'af.manrique', 'snowartz', 'andres201719819', 'criscams', 's.leonaviles152915', 's.rodrigueza', 'nguerreronaranjo', 'jaimesariasmjose', 'michaels', 'af.almanza10', 'ibuitron']",3,"['j.mendezm', 'alizarazo1204', None]",27,"['j.mendezm', 'juanjosearevalo', 'susme2020', 'juanjose62976', 'sebuchaspinzon', 'sergio.gomez', 'alizarazo1204', 'ss728', 'armandosernasc', 'd0kma', 'martindanielrm15', 'af.manrique', 'snowartz', 's.leonaviles152915', 'jaimesariasmjose', 'michaels', 'af.almanza10', None, 'ibuitron', 'santiago856', 'crishanderhr', 'mangel.hc1109', 'criscams', 'andres201719819', 'alejandro21', 's.rodrigueza', 'nguerreronaranjo']"
58,408,24,22,1,['eliabronzo03'],22,"['giubileigaia', 'heller.martin', 'leilarizzo', 'pietrog', 'leonardo1', 'victoradeshina', 'gabriele.fasolis', 'tozigbu', 'jasonjdominguez99', 'isaacdelpe', 'lara.laganis2000', 'ivan271', 'danilo_cammarata', 'naeembharmal13', 'geohwk', 'verhovez.sara', 'mhazman.hussin', 'ahtishamuhp', 'lele.17.11.2000', 'robertobellelli', 'louis.bond.lb', 'dvlom']",21,"['alesdu12', 'vincenzopioelia', 'miriam.piccinini00', 'kevinetor.piccati', 'edoardo', 'frakkio10', 'davibarbero', 'barbarazacco', 'simona_zetta', 'frac98', 'lucanepote2000', 'margheritabruno0', 'culumusciu16', 'silvia00', 'christian.bodo', None, 'giulianaberetta', 'ilariaferrari', 'chidzahi', 'tausenrico00', 'giuseppe00']",44,"['alesdu12', 'vincenzopioelia', 'giubileigaia', 'miriam.piccinini00', 'heller.martin', 'kevinetor.piccati', 'edoardo', 'davibarbero', 'frakkio10', 'leilarizzo', 'barbarazacco', 'simona_zetta', 'pietrog', 'leonardo1', 'victoradeshina', 'frac98', 'gabriele.fasolis', 'tozigbu', 'jasonjdominguez99', 'isaacdelpe', 'lara.laganis2000', 'lucanepote2000', 'margheritabruno0', 'ivan271', 'eliabronzo03', 'danilo_cammarata', 'culumusciu16', 'naeembharmal13', 'geohwk', 'silvia00', 'verhovez.sara', 'christian.bodo', None, 'giulianaberetta', 'ilariaferrari', 'mhazman.hussin', 'ahtishamuhp', 'chidzahi', 'lele.17.11.2000', 'robertobellelli', 'louis.bond.lb', 'tausenrico00', 'giuseppe00', 'dvlom']"
58,414,24,11,5,"['lara.laganis2000', 'danilo_cammarata', 'pietrog', 'leilarizzo', 'isaacdelpe']",18,"['ivan271', 'eliabronzo03', 'mhazman.hussin', 'ahtishamuhp', 'naeembharmal13', 'leonardo1', 'giubileigaia', 'victoradeshina', 'heller.martin', 'geohwk', 'lele.17.11.2000', 'robertobellelli', 'gabriele.fasolis', 'tozigbu', 'verhovez.sara', 'jasonjdominguez99', 'louis.bond.lb', 'dvlom']",6,"['lucanepote2000', 'davide1234', 'frac98', 'edoardo', 'giuseppe00', None]",29,"['lara.laganis2000', 'lucanepote2000', 'davide1234', 'ivan271', 'eliabronzo03', 'danilo_cammarata', 'naeembharmal13', 'giubileigaia', 'geohwk', 'heller.martin', 'verhovez.sara', 'edoardo', 'leilarizzo', None, 'mhazman.hussin', 'ahtishamuhp', 'pietrog', 'leonardo1', 'lele.17.11.2000', 'victoradeshina', 'robertobellelli', 'louis.bond.lb', 'giuseppe00', 'frac98', 'gabriele.fasolis', 'tozigbu', 'jasonjdominguez99', 'isaacdelpe', 'dvlom']"
58,412,24,10,1,['leonardo1'],22,"['giubileigaia', 'heller.martin', 'leilarizzo', 'pietrog', 'victoradeshina', 'gabriele.fasolis', 'tozigbu', 'jasonjdominguez99', 'isaacdelpe', 'lara.laganis2000', 'ivan271', 'eliabronzo03', 'danilo_cammarata', 'naeembharmal13', 'geohwk', 'verhovez.sara', 'mhazman.hussin', 'ahtishamuhp', 'lele.17.11.2000', 'robertobellelli', 'louis.bond.lb', 'dvlom']",9,"['lucanepote2000', 'giulianaberetta', 'margheritabruno0', 'culumusciu16', 'miriam.piccinini00', 'silviacapozzoli00', 'frac98', 'giuseppe00', None]",32,"['lara.laganis2000', 'lucanepote2000', 'margheritabruno0', 'ivan271', 'eliabronzo03', 'danilo_cammarata', 'culumusciu16', 'naeembharmal13', 'giubileigaia', 'geohwk', 'miriam.piccinini00', 'heller.martin', 'silviacapozzoli00', 'verhovez.sara', 'leilarizzo', None, 'giulianaberetta', 'mhazman.hussin', 'ahtishamuhp', 'pietrog', 'leonardo1', 'lele.17.11.2000', 'victoradeshina', 'robertobellelli', 'louis.bond.lb', 'giuseppe00', 'frac98', 'gabriele.fasolis', 'tozigbu', 'jasonjdominguez99', 'isaacdelpe', 'dvlom']"
58,409,24,7,1,['giubileigaia'],22,"['heller.martin', 'leilarizzo', 'pietrog', 'leonardo1', 'victoradeshina', 'gabriele.fasolis', 'tozigbu', 'jasonjdominguez99', 'isaacdelpe', 'lara.laganis2000', 'ivan271', 'eliabronzo03', 'danilo_cammarata', 'naeembharmal13', 'geohwk', 'verhovez.sara', 'mhazman.hussin', 'ahtishamuhp', 'lele.17.11.2000', 'robertobellelli', 'louis.bond.lb', 'dvlom']",6,"['gerardo.castagno', 'enricovalentini', 'gervasio', 'antonio.ocarino', 'giuseppe.divincenzo21', None]",29,"['lara.laganis2000', 'gerardo.castagno', 'ivan271', 'eliabronzo03', 'danilo_cammarata', 'naeembharmal13', 'gervasio', 'antonio.ocarino', 'giubileigaia', 'geohwk', 'heller.martin', 'verhovez.sara', 'leilarizzo', None, 'mhazman.hussin', 'enricovalentini', 'ahtishamuhp', 'pietrog', 'leonardo1', 'lele.17.11.2000', 'victoradeshina', 'robertobellelli', 'louis.bond.lb', 'gabriele.fasolis', 'tozigbu', 'jasonjdominguez99', 'giuseppe.divincenzo21', 'isaacdelpe', 'dvlom']"
58,413,24,7,1,['leonardo1'],22,"['giubileigaia', 'heller.martin', 'leilarizzo', 'pietrog', 'victoradeshina', 'gabriele.fasolis', 'tozigbu', 'jasonjdominguez99', 'isaacdelpe', 'lara.laganis2000', 'ivan271', 'eliabronzo03', 'danilo_cammarata', 'naeembharmal13', 'geohwk', 'verhovez.sara', 'mhazman.hussin', 'ahtishamuhp', 'lele.17.11.2000', 'robertobellelli', 'louis.bond.lb', 'dvlom']",6,"['margheritabruno0', 'culumusciu16', 'frac98', 'edoardo', 'giuseppe00', None]",29,"['lara.laganis2000', 'margheritabruno0', 'ivan271', 'eliabronzo03', 'danilo_cammarata', 'culumusciu16', 'naeembharmal13', 'giubileigaia', 'geohwk', 'heller.martin', 'verhovez.sara', 'edoardo', 'leilarizzo', None, 'mhazman.hussin', 'ahtishamuhp', 'pietrog', 'leonardo1', 'lele.17.11.2000', 'victoradeshina', 'robertobellelli', 'louis.bond.lb', 'giuseppe00', 'frac98', 'gabriele.fasolis', 'tozigbu', 'jasonjdominguez99', 'isaacdelpe', 'dvlom']"
59,119,24,7,5,"['a.a.', 'xriabo00', 'xkuklo00', 'xkondy00', 'alkallimus']",18,"['pbsorokin', 'karelchlumecky6', 'martindanek', 'xsinde15', 'xkrejc60', 'radim.cuhel', 'simek', 'xkrizd01', 'christopherborsa', 'zumicz', 'zhangzuquan89', 'marek.los998', 'radeko', 'xvaver09', 'xsanta08', 'xtoman36', 'facebookchinch', 'marco.viera']",2,"['bobo4ca1405', None]",25,"['karelchlumecky6', 'martindanek', 'simek', 'radim.cuhel', 'xkrizd01', 'xkuklo00', 'christopherborsa', 'zhangzuquan89', 'marek.los998', 'xkondy00', 'alkallimus', 'xsanta08', 'xtoman36', None, 'facebookchinch', 'marco.viera', 'bobo4ca1405', 'pbsorokin', 'xsinde15', 'a.a.', 'xkrejc60', 'xriabo00', 'zumicz', 'radeko', 'xvaver09']"
59,121,24,7,3,"['zumicz', 'xtoman36', 'simek']",20,"['karelchlumecky6', 'martindanek', 'radim.cuhel', 'xkrizd01', 'christopherborsa', 'xkondy00', 'facebookchinch', 'marco.viera', 'xsinde15', 'a.a.', 'xkrejc60', 'radeko', 'xkuklo00', 'zhangzuquan89', 'marek.los998', 'alkallimus', 'xsanta08', 'pbsorokin', 'xriabo00', 'xvaver09']",4,"['tf.pakko', 'petka.dohnal', 'hadi.abdallah33', None]",27,"['karelchlumecky6', 'martindanek', 'simek', 'radim.cuhel', 'xkrizd01', 'xkuklo00', 'christopherborsa', 'zhangzuquan89', 'hadi.abdallah33', 'marek.los998', 'xkondy00', 'alkallimus', 'xsanta08', 'xtoman36', None, 'facebookchinch', 'marco.viera', 'pbsorokin', 'xsinde15', 'a.a.', 'xkrejc60', 'xriabo00', 'tf.pakko', 'zumicz', 'petka.dohnal', 'radeko', 'xvaver09']"
60,423,23,22,20,"['sharon0426.cop09g', 'bernie1902.cop09g', 'zen.pt09', 's878072005.cop09g', 'chenhsien.cop09g', 'eric870116', 'vernalchu.cop09g', 'bangyuliu.c', 'cheaster86', 'steven60517', 'miami34345', 'ting.cop09g', 'adsqwxzc.pt09', 'joehsu.c', 'lab518assit', 'yuhang980503', 'kb02112000.cop09g', 'yuwei.cop09g', 'benny0705.pt09', 'wsr870120.cop09g']",2,"['xss246831', 'samlin']",2,"['panda980122.cop08g', None]",24,"['samlin', 'sharon0426.cop09g', 'bernie1902.cop09g', 'zen.pt09', 's878072005.cop09g', 'chenhsien.cop09g', 'eric870116', 'vernalchu.cop09g', 'bangyuliu.c', 'cheaster86', 'steven60517', 'xss246831', 'miami34345', 'ting.cop09g', None, 'adsqwxzc.pt09', 'joehsu.c', 'lab518assit', 'yuhang980503', 'kb02112000.cop09g', 'panda980122.cop08g', 'yuwei.cop09g', 'benny0705.pt09', 'wsr870120.cop09g']"
61,244,23,7,6,"['josseant.flores.cruz', 'angierodzvelez', 'jonathan.victoria', 'dianarodriguez.croem', 'bujosala', 'cardonamarti']",16,"['jlgold2', 'lucilleoliver', 'kkmehta3', 'gzmarco.1993', 'russelkm', 'zzhou436', 'ishaanamahajan', 'isabel.hortal', 'jamie.lauer', 'putnamja', 'csangyal', 'clewis26', 'cmlin', 'penterman', 'leferpe', 'k22stone']",1,[None],23,"['jlgold2', 'lucilleoliver', 'josseant.flores.cruz', 'angierodzvelez', 'kkmehta3', 'ishaanamahajan', 'bujosala', 'isabel.hortal', 'dianarodriguez.croem', 'putnamja', 'jamie.lauer', 'cardonamarti', None, 'k22stone', 'gzmarco.1993', 'russelkm', 'jonathan.victoria', 'zzhou436', 'penterman', 'csangyal', 'clewis26', 'cmlin', 'leferpe']"
61,269,23,7,6,"['josseant.flores.cruz', 'angierodzvelez', 'jonathan.victoria', 'dianarodriguez.croem', 'bujosala', 'cardonamarti']",16,"['jlgold2', 'lucilleoliver', 'kkmehta3', 'gzmarco.1993', 'russelkm', 'zzhou436', 'ishaanamahajan', 'isabel.hortal', 'jamie.lauer', 'putnamja', 'csangyal', 'clewis26', 'cmlin', 'penterman', 'leferpe', 'k22stone']",1,[None],23,"['jlgold2', 'lucilleoliver', 'josseant.flores.cruz', 'angierodzvelez', 'kkmehta3', 'ishaanamahajan', 'bujosala', 'isabel.hortal', 'dianarodriguez.croem', 'putnamja', 'jamie.lauer', 'cardonamarti', None, 'k22stone', 'gzmarco.1993', 'russelkm', 'jonathan.victoria', 'zzhou436', 'penterman', 'csangyal', 'clewis26', 'cmlin', 'leferpe']"
62,235,23,12,8,"['aprahara', 'hu518', 'niklaskjobst', 'wangjourney7', 'kelsayed', 'gupta332', 'tomlinj', 'smit4180']",14,"['jvincen5', 'ywan1240', 'jsyony37', 'mtan13', 'elijahflrs', 'danyvilla9va', 'phaluai', 'caseya', 'hzhou22', 'qingjie.li219', 'mmcbride', 'dungaram', 'zhaotian', 'jinyoung']",4,"['li3221', None, 'yifanwu', 'chunyuli']",26,"['jsyony37', 'yifanwu', 'phaluai', 'hu518', 'wangjourney7', 'qingjie.li219', 'jvincen5', 'jinyoung', None, 'gupta332', 'aprahara', 'ywan1240', 'mtan13', 'elijahflrs', 'danyvilla9va', 'chunyuli', 'caseya', 'niklaskjobst', 'li3221', 'hzhou22', 'kelsayed', 'mmcbride', 'dungaram', 'zhaotian', 'tomlinj', 'smit4180']"
62,236,23,6,1,['hu518'],21,"['jsyony37', 'wangjourney7', 'jinyoung', 'aprahara', 'ywan1240', 'danyvilla9va', 'caseya', 'niklaskjobst', 'hzhou22', 'kelsayed', 'dungaram', 'zhaotian', 'smit4180', 'phaluai', 'qingjie.li219', 'jvincen5', 'gupta332', 'mtan13', 'elijahflrs', 'mmcbride', 'tomlinj']",5,"['yifanwu', 'sorens10', 'li3221', 'hess35', None]",27,"['jsyony37', 'yifanwu', 'sorens10', 'phaluai', 'hu518', 'wangjourney7', 'qingjie.li219', 'jvincen5', 'jinyoung', 'hess35', None, 'gupta332', 'aprahara', 'ywan1240', 'mtan13', 'elijahflrs', 'danyvilla9va', 'caseya', 'niklaskjobst', 'li3221', 'hzhou22', 'kelsayed', 'mmcbride', 'dungaram', 'zhaotian', 'tomlinj', 'smit4180']"
63,361,22,198,15,"['mannin15', 'abirkeme', 'lvelky', 'wnorton', 'carls127', 'jmontbru', 'jone1616', 'cmancini', 'marykirstenreilly', 'jcarre', 'afirkan', 'ncivitan', 'hollej', 'aalnas', 'ahn87']",6,"['danie140', 'fernandovega47', 'pdigrego', 'busch8', 'toboyle', 'douh']",183,"['artierenier', 'mikav', 'li2701', 'cohland', 'bbarale', 'obriencaitlin20', 'sbukzam', 'egummers', 'allen482', 'ma592', 'dnocon', 'sgandiko', 'amarkert', 'agettel', 'pate1034', 'downeyl', 'zuckerma', 'romack0', 'lee2880', 'nrentsc', 'feng233', 'alsalea', 'sharlow', 'mistachoi9000', 'ejobe', 'lnorris', 'djstumpf', 'nafandi', 'tuckergm', 'liu2442', 'beers2', 'shagaman', 'kngupta', 'haejik', 'ebinkle', 'tsriram', 'comer13', 'ander966', 'stuff', 'harri827', 'hodge20', 'mock6', 'smahipat', 'jperata', 'armour1', 'asyrek', 'dkramper', 'wagoneb', 'kradde', 'heaton4', 'jmesa', 'mngaglia', 'ashinne', 'kzingaro', 'pbhaske', 'thoma805', 'skunduru', 'bkoszyk', 'bird12', 'voorsm', 'nortt', 'akurumba', 'mprue', 'mcalisto', 'scott479', 'lin1297', 'lregalad', 'jhaddadc', None, 'verduzm', 'rharapan', 'rvulich', 'jmavi', 'chfranci', 'lhendrik', 'lopez347', 'jmestach', 'leal6', 'tvulich', 'beck160', 'kortee', 'nbstern', 'will1941', 'mfangio', 'gfiedler', 'sconkle', 'hollowr', 'snathell', 'rkeyser', 'jade.m.meekin', 'east5', 'agarw190', 'whollan', 'gzanutta', 'zhu741', 'john2345', 'reddy62', 'oditto', 'mlannie', 'stockerm', 'kong68', 'mdewaele', 'hrubyr', 'wdobbs', 'hawkin98', 'scroskey', 'dmarcha', 'okeefee', 'dbhagwan', 'sayyala', 'fruane', 'rstaples', 'murph417', 'sweene26', 'ellis.gavin99', 'jyounkin', 'chris260', 'efrancoe', 'nfransen', 'bodhiscott', 'pan229', 'rcalistr', 'boninl', 'single0', 'afarha', 'jcavage', 'cliffos', 'russe162', 'mclassen', 'dholicz', 'esuer', 'connoll1', 'ksagar', 'dmangeri', 'gconer', 'bbondi', 'kbrayto', 'llefebvr', 'wagne267', 'ander939', 'mihsan', 'efrias', 'zhan3108', 'elamewon', 'ndroessl', 'hughe234', 'nixon21', 'aquinli', 'funkhous', 'mill2391', 'sharp82', 'rdamle', 'wheffern', 'csrafin', 'drake38', 'bdbowles', 'llwan', 'pkanugul', 'nkielkop', 'castil77', 'cleveng2', 'robin460', 'lritchis', 'carr94', 'gagnonn', 'svendsen', 'weber164', 'weber171', 'lhoppenr', 'tchen135', 'jnylen', 'rhentric', 'meyer313', 'ehultman', 'ellis125', 'mmatteso', 'zhao979', 'hshrote', 'srajarat', 'achungma', 'tprati', 'kyendru', 'jomondi']",204,"['artierenier', 'mikav', 'li2701', 'cohland', 'bbarale', 'obriencaitlin20', 'sbukzam', 'hollej', 'egummers', 'ahn87', 'allen482', 'ma592', 'wnorton', 'dnocon', 'jone1616', 'sgandiko', 'amarkert', 'agettel', 'pate1034', 'downeyl', 'zuckerma', 'romack0', 'lee2880', 'nrentsc', 'feng233', 'alsalea', 'sharlow', 'mistachoi9000', 'busch8', 'ejobe', 'lnorris', 'djstumpf', 'abirkeme', 'jmontbru', 'nafandi', 'tuckergm', 'liu2442', 'beers2', 'shagaman', 'kngupta', 'haejik', 'ebinkle', 'tsriram', 'comer13', 'ander966', 'stuff', 'harri827', 'hodge20', 'mock6', 'smahipat', 'jcarre', 'jperata', 'armour1', 'asyrek', 'dkramper', 'wagoneb', 'kradde', 'danie140', 'fernandovega47', 'heaton4', 'jmesa', 'mngaglia', 'ashinne', 'kzingaro', 'pbhaske', 'thoma805', 'skunduru', 'bkoszyk', 'bird12', 'voorsm', 'nortt', 'akurumba', 'mprue', 'mcalisto', 'scott479', 'lin1297', 'lregalad', 'jhaddadc', None, 'verduzm', 'mannin15', 'rharapan', 'rvulich', 'jmavi', 'chfranci', 'lhendrik', 'lopez347', 'jmestach', 'leal6', 'douh', 'tvulich', 'beck160', 'kortee', 'nbstern', 'will1941', 'mfangio', 'gfiedler', 'sconkle', 'hollowr', 'snathell', 'rkeyser', 'jade.m.meekin', 'east5', 'agarw190', 'whollan', 'gzanutta', 'zhu741', 'carls127', 'john2345', 'reddy62', 'oditto', 'mlannie', 'stockerm', 'kong68', 'mdewaele', 'hrubyr', 'wdobbs', 'hawkin98', 'scroskey', 'aalnas', 'dmarcha', 'okeefee', 'dbhagwan', 'sayyala', 'fruane', 'rstaples', 'murph417', 'sweene26', 'ellis.gavin99', 'jyounkin', 'chris260', 'afirkan', 'efrancoe', 'nfransen', 'bodhiscott', 'pan229', 'rcalistr', 'lvelky', 'boninl', 'single0', 'afarha', 'jcavage', 'cliffos', 'russe162', 'mclassen', 'dholicz', 'esuer', 'connoll1', 'ksagar', 'dmangeri', 'gconer', 'bbondi', 'pdigrego', 'kbrayto', 'llefebvr', 'wagne267', 'ander939', 'mihsan', 'marykirstenreilly', 'efrias', 'zhan3108', 'elamewon', 'ndroessl', 'hughe234', 'nixon21', 'aquinli', 'funkhous', 'mill2391', 'sharp82', 'cmancini', 'rdamle', 'wheffern', 'csrafin', 'drake38', 'bdbowles', 'llwan', 'pkanugul', 'nkielkop', 'castil77', 'cleveng2', 'robin460', 'lritchis', 'carr94', 'gagnonn', 'svendsen', 'weber164', 'weber171', 'lhoppenr', 'ncivitan', 'tchen135', 'jnylen', 'rhentric', 'meyer313', 'ehultman', 'ellis125', 'mmatteso', 'zhao979', 'hshrote', 'kyendru', 'srajarat', 'achungma', 'toboyle', 'tprati', 'jomondi']"
63,345,22,171,15,"['mannin15', 'abirkeme', 'lvelky', 'wnorton', 'carls127', 'jmontbru', 'jone1616', 'cmancini', 'marykirstenreilly', 'jcarre', 'afirkan', 'ncivitan', 'hollej', 'aalnas', 'ahn87']",6,"['danie140', 'fernandovega47', 'pdigrego', 'busch8', 'toboyle', 'douh']",156,"['artierenier', 'mikav', 'mkirsch', 'li2701', 'cohland', 'bbarale', 'butcher5', 'obriencaitlin20', 'sbukzam', 'egummers', 'rtrafele', 'allen482', 'dnocon', 'sgandiko', 'adoxsee', 'amarkert', 'agettel', 'pate1034', 'zuckerma', 'romack0', 'feng233', 'sharlow', 'jennin56', 'ejobe', 'lnorris', 'tdeucher', 'nafandi', 'zaloudah', 'tuckergm', 'liu2442', 'beers2', 'shagaman', 'kngupta', 'ebinkle', 'abieniek', 'tsriram', 'comer13', 'ander966', 'stuff', 'harri827', 'hodge20', 'mock6', 'smahipat', 'jperata', 'asyrek', 'dkramper', 'wagoneb', 'kradde', 'heaton4', 'mngaglia', 'ellis136', 'ashinne', 'kzingaro', 'pbhaske', 'thoma805', 'skunduru', 'bkoszyk', 'bird12', 'voorsm', 'nortt', 'akurumba', 'mprue', 'mcalisto', 'scott479', 'lin1297', None, 'verduzm', 'rharapan', 'rvulich', 'chfranci', 'lhendrik', 'lopez347', 'leal6', 'tvulich', 'mfangio', 'gfiedler', 'hollowr', 'snathell', 'jade.m.meekin', 'nrrobins', 'agarw190', 'whollan', 'gzanutta', 'zhu741', 'john2345', 'schellia', 'oditto', 'mlannie', 'stockerm', 'kong68', 'mdewaele', 'wdobbs', 'hawkin98', 'okeefee', 'dbhagwan', 'sayyala', 'fruane', 'rstaples', 'comer4', 'murph417', 'sweene26', 'chris260', 'efrancoe', 'nfransen', 'bodhiscott', 'pan229', 'ojonas', 'rcalistr', 'boninl', 'wils1064', 'huan1346', 'single0', 'afarha', 'jcavage', 'cliffos', 'mclassen', 'esuer', 'connoll1', 'ksagar', 'gconer', 'bbondi', 'kbrayto', 'llefebvr', 'wagne267', 'zhan3108', 'elamewon', 'ndroessl', 'hughe234', 'nixon21', 'amushovi', 'patra7', 'sharp82', 'rdamle', 'csrafin', 'drake38', 'llwan', 'pkanugul', 'wrigh413', 'nkielkop', 'gszyman', 'cleveng2', 'lritchis', 'gagnonn', 'svendsen', 'jnylen', 'rhentric', 'akmaksim', 'mmatteso', 'zhao979', 'jgerstei', 'srajarat', 'achungma', 'tprati', 'kyendru', 'bgrytza', 'jomondi']",177,"['artierenier', 'mikav', 'mkirsch', 'li2701', 'cohland', 'bbarale', 'butcher5', 'obriencaitlin20', 'sbukzam', 'hollej', 'egummers', 'ahn87', 'rtrafele', 'allen482', 'wnorton', 'dnocon', 'jone1616', 'sgandiko', 'adoxsee', 'amarkert', 'agettel', 'pate1034', 'zuckerma', 'romack0', 'feng233', 'sharlow', 'jennin56', 'busch8', 'ejobe', 'lnorris', 'tdeucher', 'abirkeme', 'jmontbru', 'nafandi', 'zaloudah', 'tuckergm', 'liu2442', 'beers2', 'shagaman', 'kngupta', 'ebinkle', 'abieniek', 'tsriram', 'comer13', 'ander966', 'stuff', 'harri827', 'hodge20', 'mock6', 'smahipat', 'jcarre', 'jperata', 'asyrek', 'dkramper', 'wagoneb', 'kradde', 'danie140', 'fernandovega47', 'heaton4', 'mngaglia', 'ellis136', 'ashinne', 'kzingaro', 'pbhaske', 'thoma805', 'skunduru', 'bkoszyk', 'bird12', 'voorsm', 'nortt', 'akurumba', 'mprue', 'mcalisto', 'scott479', 'lin1297', None, 'verduzm', 'mannin15', 'rharapan', 'rvulich', 'chfranci', 'lhendrik', 'lopez347', 'leal6', 'douh', 'tvulich', 'mfangio', 'gfiedler', 'hollowr', 'snathell', 'jade.m.meekin', 'nrrobins', 'agarw190', 'whollan', 'gzanutta', 'zhu741', 'carls127', 'john2345', 'schellia', 'oditto', 'mlannie', 'stockerm', 'kong68', 'mdewaele', 'wdobbs', 'hawkin98', 'aalnas', 'okeefee', 'dbhagwan', 'sayyala', 'fruane', 'rstaples', 'comer4', 'murph417', 'sweene26', 'chris260', 'afirkan', 'efrancoe', 'nfransen', 'bodhiscott', 'pan229', 'ojonas', 'rcalistr', 'lvelky', 'boninl', 'wils1064', 'huan1346', 'single0', 'afarha', 'jcavage', 'cliffos', 'mclassen', 'esuer', 'connoll1', 'ksagar', 'gconer', 'bbondi', 'pdigrego', 'kbrayto', 'llefebvr', 'wagne267', 'zhan3108', 'marykirstenreilly', 'elamewon', 'ndroessl', 'hughe234', 'nixon21', 'amushovi', 'patra7', 'sharp82', 'cmancini', 'rdamle', 'csrafin', 'drake38', 'llwan', 'pkanugul', 'wrigh413', 'nkielkop', 'gszyman', 'cleveng2', 'lritchis', 'gagnonn', 'svendsen', 'ncivitan', 'jnylen', 'rhentric', 'akmaksim', 'mmatteso', 'zhao979', 'jgerstei', 'kyendru', 'srajarat', 'achungma', 'toboyle', 'tprati', 'bgrytza', 'jomondi']"
63,625,22,159,16,"['mannin15', 'abirkeme', 'lvelky', 'wnorton', 'carls127', 'danie140', 'jmontbru', 'jone1616', 'cmancini', 'marykirstenreilly', 'jcarre', 'afirkan', 'ncivitan', 'hollej', 'aalnas', 'ahn87']",5,"['fernandovega47', 'pdigrego', 'busch8', 'douh', 'toboyle']",143,"['artierenier', 'mikav', 'mkirsch', 'thubauer', 'li2701', 'cohland', 'bbarale', 'obriencaitlin20', 'lukehendriks4', 'sbukzam', 'rtrafele', 'allen482', 'dnocon', 'adoxsee', 'agettel', 'downeyl', 'zuckerma', 'romack0', 'nrentsc', 'feng233', 'sharlow', 'jennin56', 'ejobe', 'nafandi', 'liu2442', 'beers2', 'sinha54', 'kngupta', 'ebinkle', 'tsriram', 'comer13', 'ander966', 'stuff', 'harri827', 'hodge20', 'mock6', 'smahipat', 'jperata', 'armour1', 'asyrek', 'wagoneb', 'agf2018', 'kradde', 'heaton4', 'jmesa', 'mngaglia', 'kzingaro', 'pbhaske', 'thoma805', 'skunduru', 'bkoszyk', 'bird12', 'voorsm', 'nortt', 'akurumba', 'mprue', 'mcalisto', 'lin1297', None, 'chfranci', 'lopez347', 'jmestach', 'tvulich', 'will1941', 'amelia.markert979', 'mfangio', 'gfiedler', 'hollowr', 'snathell', 'jade.m.meekin', 'nrrobins', 'agarw190', 'whollan', 'gzanutta', 'zhu741', 'john2345', 'mlannie', 'stockerm', 'kong68', 'wdobbs', 'hawkin98', 'okeefee', 'pate1082', 'sayyala', 'dbhagwan', 'fruane', 'rstaples', 'murph417', 'sweene26', 'jyounkin', 'chris260', 'efrancoe', 'nfransen', 'bodhiscott', 'pan229', 'ojonas', 'rcalistr', 'boninl', 'single0', 'afarha', 'jcavage', 'cliffos', 'russe162', 'mclassen', 'lopez344', 'connoll1', 'ksagar', 'gconer', 'bbondi', 'kbrayto', 'llefebvr', 'ander939', 'mihsan', 'zhan3108', 'elamewon', 'ndroessl', 'hughe234', 'nixon21', 'funkhous', 'sharp82', 'rdamle', 'csrafin', 'mragei', 'llwan', 'nkielkop', 'cleveng2', 'lritchis', 'gagnonn', 'svendsen', 'weber164', 'jnylen', 'rhentric', 'akmaksim', 'ellis125', 'mmatteso', 'zhao979', 'jgerstei', 'srajarat', 'achungma', 'tprati', 'kyendru', 'hmcguir', 'bgrytza']",164,"['artierenier', 'mikav', 'mkirsch', 'thubauer', 'li2701', 'cohland', 'bbarale', 'obriencaitlin20', 'lukehendriks4', 'sbukzam', 'hollej', 'ahn87', 'rtrafele', 'allen482', 'wnorton', 'dnocon', 'jone1616', 'adoxsee', 'agettel', 'downeyl', 'zuckerma', 'romack0', 'nrentsc', 'feng233', 'sharlow', 'jennin56', 'busch8', 'ejobe', 'abirkeme', 'jmontbru', 'nafandi', 'liu2442', 'beers2', 'sinha54', 'kngupta', 'ebinkle', 'tsriram', 'comer13', 'ander966', 'stuff', 'harri827', 'hodge20', 'mock6', 'smahipat', 'jcarre', 'jperata', 'armour1', 'asyrek', 'wagoneb', 'agf2018', 'kradde', 'danie140', 'fernandovega47', 'heaton4', 'jmesa', 'mngaglia', 'kzingaro', 'pbhaske', 'thoma805', 'skunduru', 'bkoszyk', 'bird12', 'voorsm', 'nortt', 'akurumba', 'mprue', 'mcalisto', 'lin1297', None, 'mannin15', 'chfranci', 'lopez347', 'jmestach', 'douh', 'tvulich', 'will1941', 'amelia.markert979', 'mfangio', 'gfiedler', 'hollowr', 'snathell', 'jade.m.meekin', 'nrrobins', 'agarw190', 'whollan', 'gzanutta', 'zhu741', 'carls127', 'john2345', 'mlannie', 'stockerm', 'kong68', 'wdobbs', 'hawkin98', 'aalnas', 'okeefee', 'pate1082', 'sayyala', 'dbhagwan', 'fruane', 'rstaples', 'murph417', 'sweene26', 'jyounkin', 'chris260', 'afirkan', 'efrancoe', 'nfransen', 'bodhiscott', 'pan229', 'ojonas', 'rcalistr', 'lvelky', 'boninl', 'single0', 'afarha', 'jcavage', 'cliffos', 'russe162', 'mclassen', 'lopez344', 'connoll1', 'ksagar', 'gconer', 'bbondi', 'pdigrego', 'kbrayto', 'llefebvr', 'ander939', 'mihsan', 'marykirstenreilly', 'zhan3108', 'elamewon', 'ndroessl', 'hughe234', 'nixon21', 'funkhous', 'sharp82', 'cmancini', 'rdamle', 'csrafin', 'mragei', 'llwan', 'nkielkop', 'cleveng2', 'lritchis', 'gagnonn', 'svendsen', 'weber164', 'ncivitan', 'jnylen', 'rhentric', 'akmaksim', 'ellis125', 'mmatteso', 'zhao979', 'jgerstei', 'kyendru', 'srajarat', 'achungma', 'toboyle', 'tprati', 'hmcguir', 'bgrytza']"
63,346,22,44,4,"['douh', 'busch8', 'toboyle', 'danie140']",17,"['mannin15', 'abirkeme', 'lvelky', 'wnorton', 'carls127', 'jmontbru', 'fernandovega47', 'pdigrego', 'jone1616', 'cmancini', 'marykirstenreilly', 'jcarre', 'afirkan', 'ncivitan', 'hollej', 'aalnas', 'ahn87']",40,"['graf9', 'adshowal', 'armour1', 'zaly', 'mart1390', 'rhodes44', 'cmestre', 'meyer292', 'smit3400', 'bwodetz', 'billing4', 'brow1511', 'hmcmilli', 'reddy62', 'jkamedul', 'annaleichty1', 'jiang650', 'pweitzel', 'pmansour', 'moeller4', 'harvey83', 'tladner', 'baxter26', 'srpirtle', 'costel12', 'tzadrave', 'see4', None, 'meyer313', 'evans251', 'michae19', 'wils1064', 'ewolfla', 'huan1346', 'yu957', 'nrobb', 'dholicz', 'hmcguir', 'lange35', 'kjabbar']",61,"['zaly', 'hollej', 'mart1390', 'rhodes44', 'ahn87', 'smit3400', 'cmestre', 'wnorton', 'carls127', 'bwodetz', 'billing4', 'jone1616', 'hmcmilli', 'reddy62', 'annaleichty1', 'aalnas', 'harvey83', 'baxter26', 'tzadrave', 'costel12', 'busch8', 'afirkan', 'abirkeme', 'lvelky', 'jmontbru', 'michae19', 'wils1064', 'ewolfla', 'huan1346', 'dholicz', 'graf9', 'pdigrego', 'marykirstenreilly', 'adshowal', 'jcarre', 'armour1', 'meyer292', 'danie140', 'fernandovega47', 'brow1511', 'cmancini', 'jkamedul', 'jiang650', 'pweitzel', 'pmansour', 'moeller4', 'tladner', 'srpirtle', 'see4', 'ncivitan', None, 'mannin15', 'meyer313', 'evans251', 'yu957', 'nrobb', 'toboyle', 'douh', 'hmcguir', 'lange35', 'kjabbar']"
63,626,22,42,2,"['douh', 'toboyle']",19,"['pdigrego', 'marykirstenreilly', 'jcarre', 'hollej', 'ahn87', 'wnorton', 'carls127', 'danie140', 'fernandovega47', 'jone1616', 'cmancini', 'aalnas', 'busch8', 'afirkan', 'ncivitan', 'mannin15', 'abirkeme', 'lvelky', 'jmontbru']",40,"['buhland', 'adshowal', 'armour1', 'zaly', 'mart1390', 'hsakiewi', 'rhodes44', 'smit3400', 'meyer292', 'aquinli', 'bwodetz', 'markhodgkiss50', 'brow1511', 'hmcmilli', 'reddy62', 'annaleichty1', 'nherbert', 'djodhani', 'jiang650', 'pweitzel', 'pmansour', 'harvey83', 'tladner', 'baxter26', 'tzadrave', 'costel12', 'duncan94', 'see4', 'wood164', None, 'evans251', 'michae19', 'chakra26', 'ewolfla', 'huan1346', 'nrobb', 'moeller4', 'sinha54', 'lange35', 'kjabbar']",61,"['pdigrego', 'buhland', 'marykirstenreilly', 'adshowal', 'jcarre', 'armour1', 'zaly', 'hollej', 'mart1390', 'rhodes44', 'ahn87', 'hsakiewi', 'aquinli', 'meyer292', 'smit3400', 'wnorton', 'carls127', 'danie140', 'fernandovega47', 'jone1616', 'bwodetz', 'markhodgkiss50', 'brow1511', 'cmancini', 'hmcmilli', 'reddy62', 'annaleichty1', 'nherbert', 'djodhani', 'jiang650', 'pweitzel', 'aalnas', 'pmansour', 'moeller4', 'harvey83', 'tladner', 'baxter26', 'tzadrave', 'costel12', 'duncan94', 'busch8', 'see4', 'ncivitan', 'afirkan', 'wood164', None, 'mannin15', 'abirkeme', 'lvelky', 'jmontbru', 'evans251', 'michae19', 'chakra26', 'ewolfla', 'huan1346', 'nrobb', 'toboyle', 'douh', 'sinha54', 'lange35', 'kjabbar']"
63,362,22,41,4,"['douh', 'busch8', 'toboyle', 'danie140']",17,"['mannin15', 'abirkeme', 'lvelky', 'wnorton', 'carls127', 'jmontbru', 'fernandovega47', 'pdigrego', 'jone1616', 'cmancini', 'marykirstenreilly', 'jcarre', 'afirkan', 'ncivitan', 'hollej', 'aalnas', 'ahn87']",37,"['wrigh496', 'adshowal', 'mart1390', 'rhodes44', 'smit3400', 'bwodetz', 'cwantz', 'brow1511', 'hmcmilli', 'jkamedul', 'annaleichty1', 'aboyina', 'nherbert', 'djodhani', 'jiang650', 'harvey83', 'tladner', 'clancy6', 'baxter26', 'tzadrave', 'costel12', 'kstirrup', 'duncan94', 'see4', 'wood164', None, 'meyer313', 'evans251', 'michae19', 'chakra26', 'ewolfla', 'huan1346', 'mhodgkis', 'nrobb', 'moeller4', 'sinha54', 'lange35']",58,"['wrigh496', 'pdigrego', 'marykirstenreilly', 'adshowal', 'jcarre', 'hollej', 'mart1390', 'rhodes44', 'ahn87', 'smit3400', 'wnorton', 'carls127', 'danie140', 'fernandovega47', 'jone1616', 'bwodetz', 'cwantz', 'brow1511', 'cmancini', 'hmcmilli', 'jkamedul', 'annaleichty1', 'aboyina', 'nherbert', 'djodhani', 'jiang650', 'aalnas', 'moeller4', 'harvey83', 'tladner', 'clancy6', 'baxter26', 'tzadrave', 'costel12', 'kstirrup', 'busch8', 'duncan94', 'see4', 'ncivitan', 'afirkan', 'wood164', None, 'mannin15', 'abirkeme', 'lvelky', 'jmontbru', 'meyer313', 'evans251', 'michae19', 'chakra26', 'ewolfla', 'huan1346', 'mhodgkis', 'nrobb', 'toboyle', 'douh', 'sinha54', 'lange35']"
63,348,22,12,2,"['ncivitan', 'lvelky']",19,"['pdigrego', 'marykirstenreilly', 'jcarre', 'hollej', 'ahn87', 'wnorton', 'carls127', 'danie140', 'fernandovega47', 'jone1616', 'cmancini', 'aalnas', 'busch8', 'afirkan', 'mannin15', 'abirkeme', 'jmontbru', 'toboyle', 'douh']",10,"['john2345', 'gconer', 'murph417', 'mclassen', 'kyendru', 'sbukzam', 'esuer', None, 'pbhaske', 'pan229']",31,"['gconer', 'pdigrego', 'murph417', 'marykirstenreilly', 'jcarre', 'busch8', 'sbukzam', 'ncivitan', 'hollej', 'afirkan', None, 'ahn87', 'pbhaske', 'pan229', 'mannin15', 'abirkeme', 'lvelky', 'wnorton', 'carls127', 'danie140', 'fernandovega47', 'jone1616', 'jmontbru', 'john2345', 'cmancini', 'kyendru', 'toboyle', 'douh', 'mclassen', 'esuer', 'aalnas']"
64,596,22,16,6,"['s282872', 'antogent', 's_288604', 'hajdariannalisa', 'giuliofiorita98', 'paolotrt']",15,"['valentin', 's288223', 'elifelbek1997', 'mstolte', 'christian.presta97', 'winiarss', 's290981', 'luisadifrancesc0', 'carlotr8', 'christianpanero2', 'ruggero', 's292609', 'acampanale16', 'raffa.tosc', 'filld97']",10,"['matteo.fasano', 'stefanomusarratubi', 'ivanballiana', 's288299', 'grossoelia98', 'lucafrancone288843', None, 'giuliab', 'ezzzzzio', 'saragigliotti']",31,"['valentin', 'mstolte', 'ivanballiana', 'christian.presta97', 'winiarss', 's290981', 'giuliofiorita98', 'ruggero', 'giuliab', None, 'paolotrt', 's_288604', 'stefanomusarratubi', 'matteo.fasano', 's288223', 'elifelbek1997', 'ezzzzzio', 's288299', 's282872', 'grossoelia98', 'antogent', 'lucafrancone288843', 'luisadifrancesc0', 'carlotr8', 'christianpanero2', 'hajdariannalisa', 'saragigliotti', 's292609', 'acampanale16', 'raffa.tosc', 'filld97']"
65,529,22,19,16,"['anescolar', 'angelajorge50', 'anacristina01', 'aramospf', 'abarjonac', 'nrodriguev', 'lmejiasm', 'delpozo.alicia01', 'aucantero', 'egallardud', 'mbarrantie', 'josecarloscorchado', 'crislb18', 'pemorgado', 'mbarrosowh', 'jadrian.antoling']",5,"['nrinconf15555', 'gmateoss22', 'lquirosh', 'n.martsinovich', 'lauravalverdeg22']",3,"[None, 'jesuspiriz1910', 'bgarciags']",24,"['jesuspiriz1910', 'angelajorge50', 'egallardud', 'jadrian.antoling', 'abarjonac', 'nrinconf15555', 'anacristina01', 'nrodriguev', 'lmejiasm', 'n.martsinovich', 'mbarrosowh', 'aramospf', 'gmateoss22', 'mbarrantie', 'josecarloscorchado', 'lquirosh', 'crislb18', 'pemorgado', None, 'anescolar', 'bgarciags', 'aucantero', 'delpozo.alicia01', 'lauravalverdeg22']"
67,305,22,23,16,"['nouramin2000', 'mazenkhaled123456789', 'mariamhanyw99', 'maged.nagyh', 'farahelgayar', 'amr171', 'scooby1', 'ahmed.mohie7', 'habibafoudah', 'mahmoudredaa358', 'omaryasser3110', 'rahmaahmeed4', 'abdelrahman99', 'mohamedeslam22.me', 'nurasakr997', 'arashad129129']",5,"['whatdulike', 'aryanlall53', 'tk.elec.99', 'deepanshu', 'hanaamr2000.hanaamr']",7,"['ammaralaa516', 'ahmedhegazyy', 'moodyhatem2015', 'ehabk137', 'nadaeleish', 'fareedadeda31', None]",28,"['whatdulike', 'mazenkhaled123456789', 'farahelgayar', 'maged.nagyh', 'amr171', 'moodyhatem2015', 'mahmoudredaa358', 'omaryasser3110', 'mohamedeslam22.me', 'nadaeleish', 'nurasakr997', 'fareedadeda31', 'scooby1', 'ammaralaa516', 'aryanlall53', 'deepanshu', 'abdelrahman99', 'arashad129129', 'ahmed.mohie7', 'ahmedhegazyy', 'ehabk137', None, 'nouramin2000', 'mariamhanyw99', 'habibafoudah', 'tk.elec.99', 'rahmaahmeed4', 'hanaamr2000.hanaamr']"
68,191,21,11,9,"['soumyagarwal1751', 'btech19eskec119', 'btech19eskec115', 'sarthakk2881', 'jainabhinandan86', 'mulkit02', 'btech19eskec110', 'tanvinemnani24', 'vidhisukhnani44']",11,"['kinrarashi27', 'rashis1555', 'ishubhamjain2001', 'tanugambhir', 'harshit.siddharth56', 'sjjain88240', 'udieshagautam', 'gauravraj79', '7374yashd', 'btech19eskec138', 'tanishavb.jain']",2,"['raghavagarwal', None]",22,"['raghavagarwal', 'kinrarashi27', 'jainabhinandan86', 'ishubhamjain2001', 'tanishavb.jain', 'btech19eskec110', 'harshit.siddharth56', 'tanvinemnani24', '7374yashd', 'btech19eskec138', 'gauravraj79', 'rashis1555', None, 'soumyagarwal1751', 'btech19eskec119', 'btech19eskec115', 'sarthakk2881', 'mulkit02', 'tanugambhir', 'sjjain88240', 'udieshagautam', 'vidhisukhnani44']"
69,616,21,22,17,"['qyshu', 'nshussain', 'haonanling', 'zhuwenli', 'jlohser', 'apereda1533', 'amirlabib', 'nwmajor', 'junwei6', 'yangli', 'dabraham', 'hcastillopinto', 'zhaik', 'staylor', 'bcar', 'yleho0', 'yuhaili']",3,"['chengzijia', 'alexallevato', 'sidsri']",5,"['indronil.ghosh27', 'nsmccabe', 'estonkevitch', 'alexagomez', None]",25,"['estonkevitch', 'junwei6', 'yuhaili', 'nsmccabe', 'apereda1533', 'alexagomez', 'hcastillopinto', 'alexallevato', 'staylor', 'bcar', 'indronil.ghosh27', 'zhuwenli', 'amirlabib', 'nwmajor', 'zhaik', None, 'yleho0', 'qyshu', 'nshussain', 'haonanling', 'jlohser', 'sidsri', 'chengzijia', 'yangli', 'dabraham']"
69,221,21,16,12,"['haonanling', 'nshussain', 'qyshu', 'zhaik', 'jlohser', 'amirlabib', 'yangli', 'hcastillopinto', 'alexallevato', 'staylor', 'bcar', 'yleho0']",8,"['zhuwenli', 'apereda1533', 'sidsri', 'nwmajor', 'chengzijia', 'junwei6', 'dabraham', 'yuhaili']",4,"['indronil.ghosh27', 'alexagomez', None, 'unknownqiyu']",24,"['indronil.ghosh27', 'zhuwenli', 'amirlabib', 'nwmajor', 'junwei6', 'zhaik', None, 'yleho0', 'yuhaili', 'unknownqiyu', 'qyshu', 'nshussain', 'haonanling', 'jlohser', 'apereda1533', 'sidsri', 'chengzijia', 'alexagomez', 'yangli', 'dabraham', 'hcastillopinto', 'alexallevato', 'staylor', 'bcar']"
69,619,21,11,8,"['qyshu', 'jlohser', 'amirlabib', 'hcastillopinto', 'staylor', 'bcar', 'yleho0', 'yuhaili']",12,"['zhaik', 'nshussain', 'haonanling', 'zhuwenli', 'apereda1533', 'sidsri', 'nwmajor', 'chengzijia', 'junwei6', 'yangli', 'dabraham', 'alexallevato']",3,"['indronil.ghosh27', 'nsmccabe', None]",23,"['indronil.ghosh27', 'zhuwenli', 'amirlabib', 'nwmajor', 'junwei6', 'zhaik', None, 'yleho0', 'yuhaili', 'qyshu', 'nshussain', 'haonanling', 'jlohser', 'nsmccabe', 'apereda1533', 'sidsri', 'chengzijia', 'yangli', 'dabraham', 'hcastillopinto', 'alexallevato', 'staylor', 'bcar']"
71,241,20,27,17,"['babaumann', 'asmangan', 'ejwilling', 'dgrinnell', 'klee385', 'aross24', 'kquillin34', 'fairach', 'ramasawmy', 'jknoelke', 'eokeefe3', 'veyssal', 'warzyn', 'wkorbitz', 'jlacy2', 'myoungberg', 'hdurfeeiv']",2,"['jemory', 'mehul.chadda100']",10,"['ibok', 'emhoward', 'rpolavarapu', 'maxschoolderman', 'ssgopalan17', 'ealmousa', 'ddmorgan', 'bafflerbach', 'szhu234', None]",29,"['kquillin34', 'ssgopalan17', 'ealmousa', 'ddmorgan', 'ibok', 'babaumann', 'asmangan', 'dgrinnell', 'aross24', 'mehul.chadda100', 'fairach', 'warzyn', 'wkorbitz', 'bafflerbach', 'ejwilling', 'rpolavarapu', 'ramasawmy', 'jemory', 'veyssal', 'eokeefe3', 'jlacy2', None, 'myoungberg', 'hdurfeeiv', 'emhoward', 'klee385', 'maxschoolderman', 'jknoelke', 'szhu234']"
71,209,20,22,16,"['babaumann', 'ejwilling', 'dgrinnell', 'klee385', 'aross24', 'kquillin34', 'fairach', 'ramasawmy', 'jknoelke', 'eokeefe3', 'veyssal', 'warzyn', 'wkorbitz', 'jlacy2', 'myoungberg', 'hdurfeeiv']",3,"['jemory', 'asmangan', 'mehul.chadda100']",6,"['ibok', 'zchen645', 'emhoward', 'yhe322', 'ddmorgan', None]",25,"['zchen645', 'yhe322', 'kquillin34', 'ddmorgan', 'ibok', 'babaumann', 'asmangan', 'dgrinnell', 'aross24', 'mehul.chadda100', 'fairach', 'warzyn', 'wkorbitz', 'ejwilling', 'ramasawmy', 'jemory', 'veyssal', 'eokeefe3', 'jlacy2', None, 'myoungberg', 'hdurfeeiv', 'emhoward', 'klee385', 'jknoelke']"
71,261,20,18,12,"['babaumann', 'ejwilling', 'dgrinnell', 'aross24', 'kquillin34', 'fairach', 'eokeefe3', 'veyssal', 'wkorbitz', 'jlacy2', 'myoungberg', 'hdurfeeiv']",7,"['asmangan', 'klee385', 'mehul.chadda100', 'ramasawmy', 'jknoelke', 'jemory', 'warzyn']",6,"['emhoward', 'rpolavarapu', 'ssgopalan17', 'ealmousa', 'bafflerbach', None]",25,"['ejwilling', 'rpolavarapu', 'kquillin34', 'ssgopalan17', 'ramasawmy', 'ealmousa', 'jemory', 'veyssal', 'eokeefe3', 'jlacy2', None, 'myoungberg', 'hdurfeeiv', 'babaumann', 'asmangan', 'emhoward', 'dgrinnell', 'klee385', 'aross24', 'mehul.chadda100', 'fairach', 'jknoelke', 'warzyn', 'wkorbitz', 'bafflerbach']"
71,242,20,6,3,"['jlacy2', 'myoungberg', 'fairach']",16,"['babaumann', 'asmangan', 'ejwilling', 'dgrinnell', 'klee385', 'aross24', 'kquillin34', 'mehul.chadda100', 'ramasawmy', 'jknoelke', 'jemory', 'veyssal', 'eokeefe3', 'warzyn', 'wkorbitz', 'hdurfeeiv']",3,"['youel', None, 'ssgopalan17']",22,"['ejwilling', 'kquillin34', 'ssgopalan17', 'ramasawmy', 'jemory', 'veyssal', 'eokeefe3', 'jlacy2', None, 'myoungberg', 'hdurfeeiv', 'youel', 'babaumann', 'asmangan', 'dgrinnell', 'klee385', 'aross24', 'mehul.chadda100', 'fairach', 'jknoelke', 'warzyn', 'wkorbitz']"
72,54,20,73,6,"['qor061533', 'dltnwls4870', 'xmdnlxj2bo', 'ley008002', 'alstlr96qkr', 'tls123009']",13,"['fcbissh', '20201207gaeun', 'chechetkin.em', 's.n.mansperger', 'ddeberry10', 'munim.sah75', 'amaliamp', 'akrnakrnawwkd', 'gabrielerebecchi96', 'daniel.loveless', 'spencwestfall', 'dsam753', 'hillmyrahim89']",67,"['trigon201', 'diana9697', 'hyeonji', 'oyesj97', 'ohjeremy', 'b615011', 'mindk24', 'sungjooncho', 'chubbypet2', 'systartup', 'hee_jun', 'yeyeye1', 'eb32862', 'minyeong', 'kalibee', 'qudgur96', 'anunshi0214', 'jkj9316', 'sou06101', 'myeonu', 'chaems322', 'bagpag0412', 'star73733', 'cactusnoh', 'hjlim9612', 'homme0214', 'wnsgnl57', 'sungjoon.cho97', 'rhdcor05', 'siggy36', 'jkr3623', 'ekdh4301', 'yuseap1111', 'hj980217', 'jrish', 'hyeonkims97', 'tkdgjs68', 'shawutss', 'jeus63', 'kmjysys', 'paragt1026', 'yyerim', 'daniel223977', 'wjddn308', 'hwan10353', 'lidia082839', 'kevin726', 'younsk666', 'wys142', None, 'jaycho0309', 'hoonny5343', 'poby', 'ekdhafs', 'kgj0328', 'choichoi1217', 'also0714', '9704psj', 'rbdud220', 'kim980407', 'hjy0909', 'ckgk77', 'gunstux', 'man6787', 'wkm125', 'zparkwd', 'jsjjsung1996']",86,"['diana9697', 'oyesj97', 'mindk24', 'daniel.loveless', 'spencwestfall', 'jkj9316', 'sou06101', 'chechetkin.em', 'star73733', 'hjlim9612', 'munim.sah75', 'homme0214', 'wnsgnl57', 'fcbissh', 'rhdcor05', 'siggy36', 'qor061533', 'dltnwls4870', 'yuseap1111', 'hj980217', 'kmjysys', 'paragt1026', 'xmdnlxj2bo', 'yyerim', 'hwan10353', 'lidia082839', 'kevin726', 'younsk666', 'wys142', 'hoonny5343', '20201207gaeun', 'kgj0328', '9704psj', 'amaliamp', 'hjy0909', 'akrnakrnawwkd', 'ley008002', 'gabrielerebecchi96', 'zparkwd', 'jsjjsung1996', 'trigon201', 'hyeonji', 'ohjeremy', 'b615011', 'sungjooncho', 'chubbypet2', 'systartup', 'hee_jun', 'yeyeye1', 'eb32862', 'dsam753', 'kalibee', 'minyeong', 'qudgur96', 'anunshi0214', 'myeonu', 'chaems322', 'bagpag0412', 'cactusnoh', 'sungjoon.cho97', 'alstlr96qkr', 'hillmyrahim89', 'jkr3623', 'ekdh4301', 'jrish', 'hyeonkims97', 'tkdgjs68', 'shawutss', 'ddeberry10', 'jeus63', 'daniel223977', 'wjddn308', None, 'jaycho0309', 'poby', 'ekdhafs', 's.n.mansperger', 'choichoi1217', 'also0714', 'rbdud220', 'kim980407', 'ckgk77', 'gunstux', 'man6787', 'wkm125', 'tls123009']"
72,61,20,7,1,['amaliamp'],18,"['fcbissh', 'qor061533', 'dltnwls4870', '20201207gaeun', 'chechetkin.em', 's.n.mansperger', 'gabrielerebecchi96', 'ddeberry10', 'xmdnlxj2bo', 'munim.sah75', 'akrnakrnawwkd', 'ley008002', 'alstlr96qkr', 'daniel.loveless', 'spencwestfall', 'dsam753', 'hillmyrahim89', 'tls123009']",6,"['patriciatr', 'silvis_rgomez', 'amaliamperales35', 'rominaabb29', None, 'sac99']",25,"['qor061533', 'dltnwls4870', 'ddeberry10', 'patriciatr', 'xmdnlxj2bo', 'amaliamperales35', 'daniel.loveless', 'spencwestfall', 'dsam753', 'rominaabb29', None, 'sac99', '20201207gaeun', 'chechetkin.em', 's.n.mansperger', 'gabrielerebecchi96', 'silvis_rgomez', 'munim.sah75', 'amaliamp', 'akrnakrnawwkd', 'ley008002', 'alstlr96qkr', 'fcbissh', 'hillmyrahim89', 'tls123009']"
73,147,20,23,17,"['okenna10', 'liamhehir', 'palermoj1207', 'debinger', 'mfeeher1', 'evanbeers', 'mfantini', 'ejones32', 'amacalu3', 'mloparri', 'amonica44', 'jerfaj', 'apietran', 'kheist3', 'wcrites', 'jfattore', 'ptodd']",2,"['asteenvo', 'cpuc']",6,"['nateserc', 'kjenkin1', 'shewlett', 'fg0007', 'kdsouza', None]",25,"['debinger', 'nateserc', 'cpuc', 'shewlett', 'evanbeers', 'mfeeher1', 'palermoj1207', 'kjenkin1', 'mloparri', 'kdsouza', 'wcrites', 'jfattore', 'okenna10', 'mfantini', 'ejones32', 'fg0007', 'apietran', 'asteenvo', 'kheist3', None, 'ptodd', 'liamhehir', 'amonica44', 'jerfaj', 'amacalu3']"
73,531,20,21,18,"['okenna10', 'liamhehir', 'palermoj1207', 'evanbeers', 'debinger', 'mfeeher1', 'mfantini', 'ejones32', 'mloparri', 'cpuc', 'amonica44', 'jerfaj', 'apietran', 'asteenvo', 'wcrites', 'jfattore', 'ptodd', 'kheist3']",1,['amacalu3'],3,"['kjenkin1', 'spark48', None]",22,"['debinger', 'cpuc', 'spark48', 'evanbeers', 'mfeeher1', 'palermoj1207', 'kjenkin1', 'mloparri', 'wcrites', 'jfattore', 'okenna10', 'mfantini', 'ejones32', 'apietran', 'asteenvo', 'kheist3', None, 'ptodd', 'liamhehir', 'amonica44', 'jerfaj', 'amacalu3']"
73,109,20,14,10,"['liamhehir', 'palermoj1207', 'debinger', 'evanbeers', 'mloparri', 'cpuc', 'jerfaj', 'apietran', 'kheist3', 'jfattore']",9,"['okenna10', 'mfeeher1', 'mfantini', 'ejones32', 'amacalu3', 'amonica44', 'asteenvo', 'wcrites', 'ptodd']",4,"['bob1329', 'kdsouza', 'jvolberg', None]",23,"['okenna10', 'debinger', 'mfantini', 'ejones32', 'amacalu3', 'cpuc', 'apietran', 'asteenvo', 'kheist3', 'jvolberg', None, 'ptodd', 'liamhehir', 'evanbeers', 'mfeeher1', 'palermoj1207', 'mloparri', 'amonica44', 'bob1329', 'jerfaj', 'kdsouza', 'wcrites', 'jfattore']"
73,421,20,14,12,"['okenna10', 'liamhehir', 'palermoj1207', 'debinger', 'evanbeers', 'mfantini', 'ejones32', 'mloparri', 'cpuc', 'jerfaj', 'kheist3', 'wcrites']",7,"['mfeeher1', 'amonica44', 'apietran', 'asteenvo', 'amacalu3', 'jfattore', 'ptodd']",2,"['kjenkin1', None]",21,"['okenna10', 'debinger', 'mfantini', 'ejones32', 'amacalu3', 'cpuc', 'apietran', 'asteenvo', 'kheist3', None, 'ptodd', 'liamhehir', 'evanbeers', 'mfeeher1', 'palermoj1207', 'kjenkin1', 'mloparri', 'amonica44', 'jerfaj', 'wcrites', 'jfattore']"
73,420,20,13,10,"['okenna10', 'liamhehir', 'palermoj1207', 'evanbeers', 'mloparri', 'apietran', 'kheist3', 'wcrites', 'jfattore', 'ptodd']",9,"['debinger', 'mfeeher1', 'mfantini', 'ejones32', 'cpuc', 'amonica44', 'jerfaj', 'asteenvo', 'amacalu3']",3,"['kjenkin1', 'spark48', None]",22,"['okenna10', 'debinger', 'mfantini', 'ejones32', 'amacalu3', 'cpuc', 'apietran', 'asteenvo', 'kheist3', 'spark48', None, 'ptodd', 'liamhehir', 'evanbeers', 'mfeeher1', 'palermoj1207', 'kjenkin1', 'mloparri', 'amonica44', 'jerfaj', 'wcrites', 'jfattore']"
73,108,20,12,7,"['mfeeher1', 'ejones32', 'amacalu3', 'amonica44', 'asteenvo', 'wcrites', 'ptodd']",12,"['okenna10', 'liamhehir', 'palermoj1207', 'evanbeers', 'debinger', 'mfantini', 'mloparri', 'cpuc', 'jerfaj', 'apietran', 'kheist3', 'jfattore']",5,"['kjenkin1', 'hdawes', 'spark48', 'mjupina', None]",24,"['okenna10', 'debinger', 'mfantini', 'ejones32', 'amacalu3', 'cpuc', 'apietran', 'asteenvo', 'kheist3', 'spark48', 'mjupina', 'hdawes', None, 'ptodd', 'liamhehir', 'evanbeers', 'mfeeher1', 'palermoj1207', 'kjenkin1', 'mloparri', 'amonica44', 'jerfaj', 'wcrites', 'jfattore']"
73,145,20,11,9,"['liamhehir', 'palermoj1207', 'mfeeher1', 'evanbeers', 'amonica44', 'apietran', 'asteenvo', 'jfattore', 'ptodd']",10,"['okenna10', 'debinger', 'mfantini', 'ejones32', 'amacalu3', 'mloparri', 'cpuc', 'jerfaj', 'kheist3', 'wcrites']",2,"['spark48', None]",21,"['okenna10', 'debinger', 'mfantini', 'ejones32', 'amacalu3', 'cpuc', 'apietran', 'asteenvo', 'kheist3', 'spark48', None, 'ptodd', 'liamhehir', 'evanbeers', 'mfeeher1', 'palermoj1207', 'mloparri', 'amonica44', 'jerfaj', 'wcrites', 'jfattore']"
73,113,20,10,8,"['okenna10', 'palermoj1207', 'debinger', 'mfantini', 'evanbeers', 'mloparri', 'apietran', 'asteenvo']",11,"['liamhehir', 'mfeeher1', 'ejones32', 'amacalu3', 'cpuc', 'amonica44', 'jerfaj', 'kheist3', 'wcrites', 'jfattore', 'ptodd']",2,"['jvolberg', None]",21,"['okenna10', 'debinger', 'mfantini', 'ejones32', 'amacalu3', 'cpuc', 'apietran', 'asteenvo', 'kheist3', 'jvolberg', None, 'ptodd', 'liamhehir', 'evanbeers', 'mfeeher1', 'palermoj1207', 'mloparri', 'amonica44', 'jerfaj', 'wcrites', 'jfattore']"
73,114,20,10,9,"['palermoj1207', 'debinger', 'mfantini', 'mloparri', 'cpuc', 'jerfaj', 'apietran', 'asteenvo', 'kheist3']",10,"['okenna10', 'liamhehir', 'evanbeers', 'mfeeher1', 'ejones32', 'amacalu3', 'amonica44', 'wcrites', 'jfattore', 'ptodd']",1,[None],20,"['okenna10', 'debinger', 'mfantini', 'ejones32', 'amacalu3', 'cpuc', 'apietran', 'asteenvo', 'kheist3', None, 'ptodd', 'liamhehir', 'evanbeers', 'mfeeher1', 'palermoj1207', 'mloparri', 'amonica44', 'jerfaj', 'wcrites', 'jfattore']"
73,418,20,10,6,"['mfeeher1', 'ejones32', 'amonica44', 'asteenvo', 'amacalu3', 'wcrites']",13,"['okenna10', 'liamhehir', 'palermoj1207', 'evanbeers', 'debinger', 'mfantini', 'mloparri', 'cpuc', 'jerfaj', 'apietran', 'kheist3', 'jfattore', 'ptodd']",4,"['kjenkin1', 'spark48', 'mjupina', None]",23,"['okenna10', 'debinger', 'mfantini', 'ejones32', 'amacalu3', 'cpuc', 'apietran', 'asteenvo', 'kheist3', 'spark48', 'mjupina', None, 'ptodd', 'liamhehir', 'evanbeers', 'mfeeher1', 'palermoj1207', 'kjenkin1', 'mloparri', 'amonica44', 'jerfaj', 'wcrites', 'jfattore']"
73,419,20,8,4,"['asteenvo', 'amacalu3', 'mfeeher1', 'ptodd']",15,"['okenna10', 'liamhehir', 'palermoj1207', 'evanbeers', 'debinger', 'mfantini', 'ejones32', 'mloparri', 'cpuc', 'amonica44', 'jerfaj', 'apietran', 'kheist3', 'wcrites', 'jfattore']",4,"['kjenkin1', 'kdsouza', 'hdawes', None]",23,"['okenna10', 'debinger', 'mfantini', 'ejones32', 'amacalu3', 'cpuc', 'apietran', 'asteenvo', 'kheist3', 'hdawes', None, 'ptodd', 'liamhehir', 'evanbeers', 'mfeeher1', 'palermoj1207', 'kjenkin1', 'mloparri', 'amonica44', 'jerfaj', 'kdsouza', 'wcrites', 'jfattore']"
73,110,20,7,3,"['okenna10', 'amacalu3', 'mfantini']",16,"['liamhehir', 'palermoj1207', 'evanbeers', 'debinger', 'mfeeher1', 'ejones32', 'mloparri', 'cpuc', 'amonica44', 'jerfaj', 'apietran', 'asteenvo', 'wcrites', 'jfattore', 'ptodd', 'kheist3']",4,"['kjenkin1', 'kdsouza', 'bob1329', None]",23,"['okenna10', 'debinger', 'mfantini', 'ejones32', 'amacalu3', 'cpuc', 'apietran', 'asteenvo', 'kheist3', None, 'ptodd', 'liamhehir', 'evanbeers', 'mfeeher1', 'palermoj1207', 'kjenkin1', 'mloparri', 'amonica44', 'bob1329', 'jerfaj', 'kdsouza', 'wcrites', 'jfattore']"
74,315,20,7,6,"['teikkhim', 'jiaxinlim', 'shrey2018', 'sutherdrogba', 'sawweiliang', 'sylvia_chieng']",13,"['aminp', 'alyamrh', 'deankoehne1', 'lihmiin96', 'nineta', 'yanatejasukmana8', 'r.senti', 's16c003b', 'dtmccormick', 'yeohiyhchyi', 'miraclegreent', 'joeyeeng00', 'paikkeang']",1,[None],20,"['aminp', 'jiaxinlim', 'deankoehne1', 'shrey2018', 'nineta', 'sawweiliang', 'sylvia_chieng', 'yanatejasukmana8', 'r.senti', 's16c003b', 'yeohiyhchyi', 'miraclegreent', 'joeyeeng00', None, 'alyamrh', 'teikkhim', 'lihmiin96', 'sutherdrogba', 'dtmccormick', 'paikkeang']"
74,317,20,7,6,"['teikkhim', 'jiaxinlim', 'shrey2018', 'sutherdrogba', 'sawweiliang', 'sylvia_chieng']",13,"['aminp', 'alyamrh', 'deankoehne1', 'lihmiin96', 'nineta', 'yanatejasukmana8', 'r.senti', 's16c003b', 'dtmccormick', 'yeohiyhchyi', 'miraclegreent', 'joeyeeng00', 'paikkeang']",1,[None],20,"['aminp', 'jiaxinlim', 'deankoehne1', 'shrey2018', 'nineta', 'sawweiliang', 'sylvia_chieng', 'yanatejasukmana8', 'r.senti', 's16c003b', 'yeohiyhchyi', 'miraclegreent', 'joeyeeng00', None, 'alyamrh', 'teikkhim', 'lihmiin96', 'sutherdrogba', 'dtmccormick', 'paikkeang']"
77,368,19,21,11,"['omarashraf', 'mohamedfaris47', 'alaawalid', 'amr_nasser99', 'myounis', 'sherif.arafat', 'abohafs', 'marionagy', 'alihassan', 'mkhalaf', 'seif.emad']",7,"['ahassannee', 'mostafa20', 'mennah_khaled', 'nalin_mishra', 'vivek1993', 'muhammad_soliman', 'ravis']",10,"['tsht5ales', 'romioshoula', 'bayoumi', 'moaazkhaled96', 'nadaamgad', 'eslam_attiaa', 'mohmedshimaa25', 'renad', None, 'ahmedalaa']",28,"['omarashraf', 'nalin_mishra', 'bayoumi', 'muhammad_soliman', 'amr_nasser99', 'alihassan', 'seif.emad', 'mostafa20', 'mohamedfaris47', 'mennah_khaled', 'tsht5ales', 'romioshoula', 'ahmedalaa', 'ahassannee', 'alaawalid', 'myounis', 'sherif.arafat', 'abohafs', 'renad', 'mohmedshimaa25', None, 'moaazkhaled96', 'vivek1993', 'nadaamgad', 'eslam_attiaa', 'ravis', 'marionagy', 'mkhalaf']"
77,537,19,13,11,"['omarashraf', 'mohamedfaris47', 'alaawalid', 'muhammad_soliman', 'myounis', 'sherif.arafat', 'amr_nasser99', 'marionagy', 'alihassan', 'mkhalaf', 'seif.emad']",7,"['ahassannee', 'mostafa20', 'mennah_khaled', 'nalin_mishra', 'vivek1993', 'abohafs', 'ravis']",2,"[None, 'bayoumi']",20,"['ahassannee', 'omarashraf', 'nalin_mishra', 'alaawalid', 'bayoumi', 'muhammad_soliman', 'amr_nasser99', 'myounis', 'sherif.arafat', 'abohafs', 'alihassan', None, 'seif.emad', 'mostafa20', 'mohamedfaris47', 'mennah_khaled', 'vivek1993', 'ravis', 'marionagy', 'mkhalaf']"
78,219,19,18,13,"['shihkual0918', 'acmoy', 'euiseop', 'zhucongx', 'cjmichae', 'menonv', 'tbarang', 'saxman25', 'rotenmax', 'zhuhao', 'wenxli', 'sfrisone', 'ajcharm']",5,"['nadvorak', 'apielack', 'haslamc', 'allendc', 'fecard']",5,"['rrwilson', 'jgoe', 'qiliang', None, 'alammari']",23,"['shihkual0918', 'acmoy', 'cjmichae', 'rrwilson', 'apielack', 'haslamc', 'tbarang', 'allendc', 'sfrisone', None, 'euiseop', 'nadvorak', 'zhucongx', 'menonv', 'jgoe', 'saxman25', 'rotenmax', 'zhuhao', 'wenxli', 'qiliang', 'ajcharm', 'alammari', 'fecard']"
78,365,19,16,12,"['shihkual0918', 'acmoy', 'euiseop', 'zhucongx', 'menonv', 'tbarang', 'saxman25', 'rotenmax', 'zhuhao', 'wenxli', 'sfrisone', 'ajcharm']",6,"['nadvorak', 'cjmichae', 'apielack', 'haslamc', 'allendc', 'fecard']",4,"['rrwilson', None, 'jgoe', 'alammari']",22,"['shihkual0918', 'acmoy', 'cjmichae', 'rrwilson', 'apielack', 'haslamc', 'tbarang', 'allendc', 'sfrisone', None, 'euiseop', 'nadvorak', 'zhucongx', 'menonv', 'jgoe', 'saxman25', 'rotenmax', 'zhuhao', 'wenxli', 'ajcharm', 'alammari', 'fecard']"
78,215,19,8,6,"['nadvorak', 'cjmichae', 'apielack', 'haslamc', 'wenxli', 'allendc']",12,"['shihkual0918', 'acmoy', 'euiseop', 'zhucongx', 'menonv', 'tbarang', 'saxman25', 'rotenmax', 'zhuhao', 'sfrisone', 'ajcharm', 'fecard']",2,"[None, 'qiliang']",20,"['shihkual0918', 'acmoy', 'cjmichae', 'apielack', 'haslamc', 'tbarang', 'allendc', 'sfrisone', None, 'euiseop', 'nadvorak', 'zhucongx', 'menonv', 'saxman25', 'rotenmax', 'zhuhao', 'wenxli', 'qiliang', 'ajcharm', 'fecard']"
79,231,19,23,17,"['hayesneukom', 'kbleffert', 'tommyblank', 'caydendoyle', 'mollyyoung', 'huntercoleman', 'codylacoursiere', 'jiddyjohnson', 'lauravelvick', 'shannoncrain', 'bettegougar', 'audreyparker', 'jerrymurphy', 'carmenwu', 'crystalbb123', 'hannahbyers', 'quinnhulse']",1,['ashtonenrriques'],6,"['lanlibsu', 'kellilucas', 'dustinnguyen90', 'emilyepstein', None, 'dylanmelander']",24,"['hayesneukom', 'codylacoursiere', 'shannoncrain', 'jerrymurphy', 'crystalbb123', 'hannahbyers', 'quinnhulse', 'kbleffert', 'lanlibsu', 'huntercoleman', 'lauravelvick', 'kellilucas', 'carmenwu', 'emilyepstein', 'dylanmelander', 'mollyyoung', 'jiddyjohnson', 'bettegougar', None, 'dustinnguyen90', 'tommyblank', 'caydendoyle', 'audreyparker', 'ashtonenrriques']"
79,608,19,22,17,"['hayesneukom', 'kbleffert', 'tommyblank', 'caydendoyle', 'mollyyoung', 'huntercoleman', 'codylacoursiere', 'jiddyjohnson', 'shannoncrain', 'bettegougar', 'audreyparker', 'jerrymurphy', 'ashtonenrriques', 'carmenwu', 'crystalbb123', 'hannahbyers', 'quinnhulse']",1,['lauravelvick'],5,"['lanlibsu', 'cademg', 'oliviamaryon', None, 'dustinnguyen90']",23,"['hayesneukom', 'cademg', 'codylacoursiere', 'shannoncrain', 'jerrymurphy', 'crystalbb123', 'hannahbyers', 'quinnhulse', 'kbleffert', 'lanlibsu', 'huntercoleman', 'lauravelvick', 'carmenwu', 'mollyyoung', 'jiddyjohnson', 'bettegougar', 'oliviamaryon', None, 'dustinnguyen90', 'tommyblank', 'caydendoyle', 'audreyparker', 'ashtonenrriques']"
79,606,19,18,14,"['hayesneukom', 'kbleffert', 'tommyblank', 'caydendoyle', 'mollyyoung', 'huntercoleman', 'jiddyjohnson', 'lauravelvick', 'audreyparker', 'jerrymurphy', 'ashtonenrriques', 'carmenwu', 'hannahbyers', 'quinnhulse']",4,"['codylacoursiere', 'crystalbb123', 'bettegougar', 'shannoncrain']",4,"['oliviamaryon', 'lanlibsu', None, 'dustinnguyen90']",22,"['hayesneukom', 'mollyyoung', 'codylacoursiere', 'jiddyjohnson', 'shannoncrain', 'bettegougar', 'oliviamaryon', 'jerrymurphy', 'crystalbb123', 'hannahbyers', None, 'quinnhulse', 'dustinnguyen90', 'kbleffert', 'lanlibsu', 'tommyblank', 'caydendoyle', 'huntercoleman', 'lauravelvick', 'audreyparker', 'ashtonenrriques', 'carmenwu']"
79,614,19,12,9,"['hayesneukom', 'tommyblank', 'caydendoyle', 'codylacoursiere', 'audreyparker', 'jerrymurphy', 'carmenwu', 'crystalbb123', 'hannahbyers']",9,"['kbleffert', 'mollyyoung', 'huntercoleman', 'jiddyjohnson', 'lauravelvick', 'shannoncrain', 'bettegougar', 'ashtonenrriques', 'quinnhulse']",3,"['oliviamaryon', 'lanlibsu', None]",21,"['hayesneukom', 'mollyyoung', 'codylacoursiere', 'jiddyjohnson', 'shannoncrain', 'bettegougar', 'oliviamaryon', 'jerrymurphy', 'crystalbb123', 'hannahbyers', None, 'quinnhulse', 'kbleffert', 'lanlibsu', 'tommyblank', 'caydendoyle', 'huntercoleman', 'lauravelvick', 'audreyparker', 'ashtonenrriques', 'carmenwu']"
80,361,19,198,15,"['lee2880', 'nbstern', 'dmangeri', 'mill2391', 'castil77', 'ehultman', 'hshrote', 'carr94', 'hrubyr', 'weber171', 'lhoppenr', 'lregalad', 'rkeyser', 'kortee', 'east5']",3,"['clancy6', 'dawyman', 'hcdedmon']",183,"['artierenier', 'mikav', 'li2701', 'cohland', 'bbarale', 'obriencaitlin20', 'sbukzam', 'egummers', 'hollej', 'ahn87', 'allen482', 'ma592', 'wnorton', 'dnocon', 'jone1616', 'sgandiko', 'amarkert', 'agettel', 'pate1034', 'downeyl', 'zuckerma', 'romack0', 'nrentsc', 'feng233', 'alsalea', 'sharlow', 'mistachoi9000', 'ejobe', 'lnorris', 'djstumpf', 'abirkeme', 'jmontbru', 'nafandi', 'tuckergm', 'liu2442', 'beers2', 'shagaman', 'kngupta', 'haejik', 'ebinkle', 'tsriram', 'comer13', 'ander966', 'stuff', 'harri827', 'hodge20', 'mock6', 'smahipat', 'jcarre', 'jperata', 'armour1', 'asyrek', 'dkramper', 'wagoneb', 'kradde', 'heaton4', 'jmesa', 'mngaglia', 'ashinne', 'kzingaro', 'pbhaske', 'thoma805', 'skunduru', 'bkoszyk', 'bird12', 'voorsm', 'nortt', 'akurumba', 'mprue', 'mcalisto', 'scott479', 'lin1297', 'jhaddadc', None, 'verduzm', 'rharapan', 'rvulich', 'mannin15', 'jmavi', 'chfranci', 'lhendrik', 'lopez347', 'jmestach', 'leal6', 'tvulich', 'beck160', 'will1941', 'mfangio', 'gfiedler', 'sconkle', 'hollowr', 'snathell', 'jade.m.meekin', 'agarw190', 'whollan', 'gzanutta', 'zhu741', 'carls127', 'john2345', 'reddy62', 'oditto', 'mlannie', 'stockerm', 'kong68', 'mdewaele', 'wdobbs', 'hawkin98', 'scroskey', 'aalnas', 'dmarcha', 'okeefee', 'dbhagwan', 'sayyala', 'fruane', 'rstaples', 'murph417', 'sweene26', 'ellis.gavin99', 'jyounkin', 'chris260', 'afirkan', 'efrancoe', 'nfransen', 'bodhiscott', 'pan229', 'rcalistr', 'lvelky', 'boninl', 'single0', 'afarha', 'jcavage', 'cliffos', 'russe162', 'mclassen', 'dholicz', 'esuer', 'connoll1', 'ksagar', 'gconer', 'bbondi', 'kbrayto', 'llefebvr', 'wagne267', 'ander939', 'mihsan', 'marykirstenreilly', 'efrias', 'zhan3108', 'elamewon', 'ndroessl', 'hughe234', 'nixon21', 'aquinli', 'funkhous', 'sharp82', 'cmancini', 'rdamle', 'wheffern', 'csrafin', 'drake38', 'bdbowles', 'llwan', 'pkanugul', 'nkielkop', 'cleveng2', 'robin460', 'lritchis', 'gagnonn', 'svendsen', 'weber164', 'tchen135', 'ncivitan', 'jnylen', 'rhentric', 'meyer313', 'ellis125', 'mmatteso', 'zhao979', 'srajarat', 'achungma', 'tprati', 'kyendru', 'jomondi']",201,"['artierenier', 'dawyman', 'mikav', 'hcdedmon', 'li2701', 'cohland', 'bbarale', 'obriencaitlin20', 'sbukzam', 'egummers', 'hollej', 'ahn87', 'allen482', 'ma592', 'wnorton', 'dnocon', 'jone1616', 'sgandiko', 'amarkert', 'agettel', 'pate1034', 'downeyl', 'zuckerma', 'lee2880', 'romack0', 'nrentsc', 'feng233', 'clancy6', 'alsalea', 'sharlow', 'mistachoi9000', 'ejobe', 'lnorris', 'djstumpf', 'abirkeme', 'jmontbru', 'nafandi', 'tuckergm', 'liu2442', 'beers2', 'shagaman', 'kngupta', 'haejik', 'ebinkle', 'tsriram', 'comer13', 'ander966', 'stuff', 'harri827', 'hodge20', 'mock6', 'smahipat', 'jcarre', 'jperata', 'armour1', 'asyrek', 'dkramper', 'wagoneb', 'kradde', 'heaton4', 'jmesa', 'mngaglia', 'ashinne', 'kzingaro', 'pbhaske', 'thoma805', 'skunduru', 'bkoszyk', 'bird12', 'voorsm', 'nortt', 'akurumba', 'mprue', 'mcalisto', 'scott479', 'lin1297', 'lregalad', 'jhaddadc', None, 'verduzm', 'rharapan', 'rvulich', 'mannin15', 'jmavi', 'chfranci', 'lhendrik', 'lopez347', 'jmestach', 'leal6', 'tvulich', 'beck160', 'kortee', 'nbstern', 'will1941', 'mfangio', 'gfiedler', 'sconkle', 'hollowr', 'snathell', 'rkeyser', 'jade.m.meekin', 'east5', 'agarw190', 'whollan', 'gzanutta', 'zhu741', 'carls127', 'john2345', 'reddy62', 'oditto', 'mlannie', 'stockerm', 'kong68', 'hrubyr', 'mdewaele', 'wdobbs', 'hawkin98', 'scroskey', 'aalnas', 'dmarcha', 'okeefee', 'dbhagwan', 'sayyala', 'fruane', 'rstaples', 'murph417', 'sweene26', 'ellis.gavin99', 'jyounkin', 'chris260', 'afirkan', 'efrancoe', 'nfransen', 'bodhiscott', 'pan229', 'rcalistr', 'lvelky', 'boninl', 'single0', 'afarha', 'jcavage', 'cliffos', 'russe162', 'mclassen', 'dholicz', 'esuer', 'connoll1', 'ksagar', 'dmangeri', 'gconer', 'bbondi', 'kbrayto', 'llefebvr', 'wagne267', 'ander939', 'mihsan', 'marykirstenreilly', 'efrias', 'zhan3108', 'elamewon', 'ndroessl', 'hughe234', 'nixon21', 'aquinli', 'funkhous', 'mill2391', 'sharp82', 'cmancini', 'rdamle', 'wheffern', 'csrafin', 'drake38', 'bdbowles', 'castil77', 'llwan', 'pkanugul', 'nkielkop', 'cleveng2', 'robin460', 'lritchis', 'carr94', 'gagnonn', 'svendsen', 'weber164', 'lhoppenr', 'weber171', 'tchen135', 'ncivitan', 'jnylen', 'rhentric', 'meyer313', 'ehultman', 'ellis125', 'mmatteso', 'zhao979', 'hshrote', 'srajarat', 'achungma', 'tprati', 'kyendru', 'jomondi']"
80,362,19,41,1,['clancy6'],17,"['lee2880', 'nbstern', 'dawyman', 'hcdedmon', 'dmangeri', 'mill2391', 'castil77', 'ehultman', 'hshrote', 'carr94', 'hrubyr', 'weber171', 'lhoppenr', 'lregalad', 'rkeyser', 'kortee', 'east5']",40,"['wrigh496', 'adshowal', 'mart1390', 'rhodes44', 'smit3400', 'bwodetz', 'cwantz', 'danie140', 'brow1511', 'hmcmilli', 'jkamedul', 'annaleichty1', 'aboyina', 'nherbert', 'djodhani', 'jiang650', 'harvey83', 'tladner', 'baxter26', 'tzadrave', 'costel12', 'kstirrup', 'duncan94', 'see4', 'busch8', 'wood164', None, 'meyer313', 'evans251', 'michae19', 'chakra26', 'ewolfla', 'huan1346', 'mhodgkis', 'nrobb', 'douh', 'moeller4', 'sinha54', 'toboyle', 'lange35']",58,"['wrigh496', 'dawyman', 'nbstern', 'hcdedmon', 'dmangeri', 'adshowal', 'rkeyser', 'mart1390', 'rhodes44', 'east5', 'smit3400', 'bwodetz', 'cwantz', 'mill2391', 'danie140', 'brow1511', 'hmcmilli', 'jkamedul', 'hrubyr', 'annaleichty1', 'aboyina', 'nherbert', 'djodhani', 'jiang650', 'lee2880', 'harvey83', 'castil77', 'clancy6', 'tladner', 'baxter26', 'tzadrave', 'costel12', 'carr94', 'kstirrup', 'duncan94', 'see4', 'lhoppenr', 'weber171', 'lregalad', 'busch8', 'wood164', None, 'lange35', 'meyer313', 'evans251', 'ehultman', 'michae19', 'chakra26', 'ewolfla', 'huan1346', 'mhodgkis', 'nrobb', 'hshrote', 'douh', 'moeller4', 'sinha54', 'toboyle', 'kortee']"
80,493,19,25,13,"['lee2880', 'nbstern', 'dmangeri', 'mill2391', 'castil77', 'ehultman', 'hshrote', 'hrubyr', 'lhoppenr', 'lregalad', 'rkeyser', 'kortee', 'east5']",5,"['dawyman', 'hcdedmon', 'clancy6', 'carr94', 'weber171']",12,"['ebinkle', 'agarw190', 'dmarcha', 'romack0', 'cliffos', 'mihsan', 'wheffern', 'scroskey', 'kngupta', 'shagaman', None, 'bodhiscott']",30,"['ebinkle', 'dawyman', 'nbstern', 'hcdedmon', 'dmangeri', 'mihsan', 'rkeyser', 'east5', 'agarw190', 'mill2391', 'hrubyr', 'wheffern', 'scroskey', 'kngupta', 'dmarcha', 'lee2880', 'romack0', 'castil77', 'clancy6', 'carr94', 'lhoppenr', 'weber171', 'lregalad', None, 'bodhiscott', 'ehultman', 'cliffos', 'hshrote', 'shagaman', 'kortee']"
80,492,19,20,2,"['dawyman', 'hcdedmon']",16,"['lee2880', 'nbstern', 'dmangeri', 'mill2391', 'castil77', 'clancy6', 'ehultman', 'hshrote', 'carr94', 'hrubyr', 'weber171', 'lhoppenr', 'lregalad', 'rkeyser', 'kortee', 'east5']",18,"['kmmumtaz20', 'ychen242', 'mhossai9', 'mdlord', 'xtang22', 'mtahir2', 'bsennik', 'apragya', 'dkiryam', 'szhang53', 'knambig', 'zwang77', 'nmahmoo3', 'naimi', 'namin3', 'tcoia', 'hmei3', None]",36,"['kmmumtaz20', 'dawyman', 'nbstern', 'hcdedmon', 'dmangeri', 'rkeyser', 'east5', 'ychen242', 'mill2391', 'dkiryam', 'zwang77', 'hrubyr', 'tcoia', 'lee2880', 'mdlord', 'castil77', 'clancy6', 'knambig', 'nmahmoo3', 'carr94', 'lhoppenr', 'weber171', 'lregalad', 'namin3', None, 'mhossai9', 'xtang22', 'mtahir2', 'ehultman', 'bsennik', 'apragya', 'szhang53', 'naimi', 'hshrote', 'hmei3', 'kortee']"
80,494,19,12,4,"['castil77', 'hrubyr', 'carr94', 'ehultman']",14,"['lee2880', 'nbstern', 'dawyman', 'hcdedmon', 'dmangeri', 'mill2391', 'clancy6', 'hshrote', 'weber171', 'lhoppenr', 'lregalad', 'rkeyser', 'kortee', 'east5']",8,"['dmarcha', 'romack0', 'chunyuli', 'yao201', 'wheffern', 'scroskey', 'shagaman', None]",26,"['dmarcha', 'lee2880', 'dawyman', 'nbstern', 'hcdedmon', 'dmangeri', 'romack0', 'castil77', 'clancy6', 'yao201', 'carr94', 'lhoppenr', 'weber171', 'lregalad', 'rkeyser', None, 'east5', 'chunyuli', 'mill2391', 'ehultman', 'hshrote', 'hrubyr', 'wheffern', 'scroskey', 'shagaman', 'kortee']"
80,363,19,6,1,['weber171'],17,"['lee2880', 'nbstern', 'dawyman', 'hcdedmon', 'dmangeri', 'mill2391', 'castil77', 'clancy6', 'ehultman', 'hshrote', 'carr94', 'hrubyr', 'lhoppenr', 'lregalad', 'rkeyser', 'kortee', 'east5']",5,"['thubauer', 'cottonb', 'baylessl', 'tschoste', None]",23,"['lee2880', 'dawyman', 'nbstern', 'hcdedmon', 'dmangeri', 'thubauer', 'castil77', 'clancy6', 'cottonb', 'carr94', 'lhoppenr', 'weber171', 'lregalad', 'rkeyser', None, 'east5', 'mill2391', 'ehultman', 'hshrote', 'hrubyr', 'baylessl', 'tschoste', 'kortee']"
81,227,18,10,8,"['robertino.pilot', 'davide.tasinato96', 'chiara1', 'nicola.marigo.3', 'angela.griggio', 'gschievano', 'leonardo98', 'francesco98']",9,"['m.pata96', 'errik', 'ester.priante', 'daniele.masi', 'gava.franc', 'marco.solda.6', 'its_mati', 'marconalesso', 'pietro.meneghini']",2,"[None, 'bonaldo.daniele']",19,"['m.pata96', 'errik', 'davide.tasinato96', 'ester.priante', 'robertino.pilot', 'chiara1', 'gava.franc', 'marco.solda.6', 'leonardo98', 'marconalesso', None, 'daniele.masi', 'nicola.marigo.3', 'angela.griggio', 'its_mati', 'gschievano', 'bonaldo.daniele', 'francesco98', 'pietro.meneghini']"
82,359,18,14,10,"['ty.sebastian', 'eddie.lam155', 'sarahforman', 'justin308', 'mackinleylove', 'cpatski', 'smirti.pokhrel', 'kevans', 'diplatmech', 'tylerkiyonaga']",7,"['rumatus3', 'smrity.romana', 'fullmetaldeets', 'mecha.engineer95', 'wally039', 'jordansmith', 'napjuma']",4,"['reimaximo', None, 'rylanndoering', 'jacksonuhryn1']",21,"['rumatus3', 'fullmetaldeets', 'mecha.engineer95', 'rylanndoering', 'jacksonuhryn1', 'eddie.lam155', 'jordansmith', 'sarahforman', 'justin308', 'cpatski', 'napjuma', None, 'smrity.romana', 'wally039', 'ty.sebastian', 'mackinleylove', 'reimaximo', 'smirti.pokhrel', 'kevans', 'diplatmech', 'tylerkiyonaga']"
83,596,18,16,4,"['s288299', 'lucafrancone288843', 'stefanomusarratubi', 'grossoelia98']",13,"['gabrielemarrocchino', 'danilo', 'fedevair98', 'anooshiravan.mostmand', 'lucapadula', 'alessandro_franceschin', 'giuseppepolito', 'lorenzogaribaldi', 'alessandro.aloi1', 'deborah96', 'lauracutaia', 'francesco_pertuso', 'paoloserafini']",12,"['matteo.fasano', 'ivanballiana', 's282872', 'antogent', None, 's_288604', 'hajdariannalisa', 'giuliofiorita98', 'giuliab', 'ezzzzzio', 'paolotrt', 'saragigliotti']",29,"['danilo', 'ivanballiana', 'lucapadula', 'alessandro_franceschin', 'giuseppepolito', 'lorenzogaribaldi', 'deborah96', 'giuliofiorita98', 'francesco_pertuso', 'giuliab', None, 'paolotrt', 'stefanomusarratubi', 's_288604', 'gabrielemarrocchino', 'matteo.fasano', 'fedevair98', 's288299', 's282872', 'anooshiravan.mostmand', 'grossoelia98', 'antogent', 'lucafrancone288843', 'alessandro.aloi1', 'hajdariannalisa', 'saragigliotti', 'lauracutaia', 'ezzzzzio', 'paoloserafini']"
84,602,17,28,14,"['yasser.daraa11', 'espinozg', 'noahmarron', 'topliffd', 'phamngo', 'brownlog', 'logbrown21', 'healym', 'dixojosh', 'nshutimw', 'duelllu', 'yougourthene', 'mancinad', 'zacharushu']",2,"['qaumyou', 'maps1214']",14,"['genordg', 'lenoirr', 'haren22', 'jenksmi', 'kaiseale', 'oldanif', 'plaggeme', 'newele', 'matiastp', 'vanderty', 'rossop', None, 'janickec', 'joshuabush']",30,"['oldanif', 'logbrown21', 'newele', 'plaggeme', 'yougourthene', 'vanderty', 'mancinad', 'haren22', 'topliffd', 'kaiseale', 'nshutimw', 'duelllu', 'maps1214', 'janickec', 'yasser.daraa11', 'espinozg', 'genordg', 'qaumyou', 'brownlog', 'healym', 'dixojosh', 'phamngo', None, 'matiastp', 'joshuabush', 'lenoirr', 'noahmarron', 'jenksmi', 'rossop', 'zacharushu']"
86,504,17,19,13,"['0909hfn', 'tjdrua456', 'grit', 'whcks10', 'lyj200345', 'kfo110513', 'aqjemrhf', 'leejungeun0310', 'rotorl144', 'donna412', 'tmdgustn11', 'jiwon6224', 'a000828ok']",3,"['sangmin19981214', 'vndksl123', 'kaiyoun121']",6,"['dudgus2009', 'kimjaegon', 'jw7yong', 'rmaejrgus1', None, 'wjstmdwls9812271']",22,"['tjdrua456', 'grit', 'whcks10', 'lyj200345', 'aqjemrhf', 'rotorl144', 'kimjaegon', 'donna412', 'rmaejrgus1', 'jiwon6224', 'a000828ok', None, '0909hfn', 'dudgus2009', 'kfo110513', 'leejungeun0310', 'vndksl123', 'kaiyoun121', 'jw7yong', 'tmdgustn11', 'sangmin19981214', 'wjstmdwls9812271']"
88,284,16,10,9,"['michael1', 'zainabkhann700', 'alf', 'ssmylie1', 'sarahattab5475', 'emilepm123', 'wcfowler', 'sarahattab11', 'amirnoor']",6,"['phanvokyhuan', 'hrishikeshclt1', 'desecoleman', 'otgonsuren1', 'mahanaurozi10', 't.m.whitton11']",1,[None],16,"['phanvokyhuan', 'sarahattab11', 'ssmylie1', 'sarahattab5475', 'desecoleman', None, 'michael1', 'hrishikeshclt1', 'zainabkhann700', 'alf', 'emilepm123', 'wcfowler', 'otgonsuren1', 'mahanaurozi10', 't.m.whitton11', 'amirnoor']"
89,530,16,14,13,"['mastrofran', 'advsteelers', 'xiexiexiewanrong', 'jdthomas2000', 'hl388', 'nicholasbhimani', 'chrisdavis367', 'xdshiro', 'gzjzb0905', 'dalelee2008', 'adrsto', 'jane.peabody13', 'burrow.damon']",2,"['sbc00171', 'tavianjin']",1,[None],16,"['mastrofran', 'chrisdavis367', 'gzjzb0905', 'dalelee2008', 'xiexiexiewanrong', None, 'tavianjin', 'jane.peabody13', 'burrow.damon', 'advsteelers', 'jdthomas2000', 'hl388', 'nicholasbhimani', 'xdshiro', 'sbc00171', 'adrsto']"
90,618,16,10,1,['rodrigofreitas'],14,"['nirajkrs.singh3', 'yeshitla12345', 'thunezac', 'whitee35', 'yongdeok', 'xieyan', 'huiju', 'jigme.wangchhuk2019', 'fudengha', 'xy891208', 'sen29', 'meltonm4', 'msretenovic', 'shashmish01']",9,"['ambred', 'ischen', 'aedecilap', 'ckiel', 'kaiguo', 'ssong64', 'sxqian', None, 'eryn']",24,"['nirajkrs.singh3', 'ambred', 'ischen', 'thunezac', 'kaiguo', 'jigme.wangchhuk2019', 'ssong64', 'meltonm4', 'msretenovic', None, 'yeshitla12345', 'whitee35', 'yongdeok', 'aedecilap', 'ckiel', 'xieyan', 'rodrigofreitas', 'huiju', 'fudengha', 'xy891208', 'sxqian', 'sen29', 'shashmish01', 'eryn']"
90,615,16,9,7,"['thunezac', 'whitee35', 'xieyan', 'fudengha', 'sen29', 'meltonm4', 'msretenovic']",8,"['nirajkrs.singh3', 'yeshitla12345', 'yongdeok', 'rodrigofreitas', 'huiju', 'jigme.wangchhuk2019', 'xy891208', 'shashmish01']",2,"['linyuhs7', None]",17,"['nirajkrs.singh3', 'thunezac', 'jigme.wangchhuk2019', 'meltonm4', 'msretenovic', None, 'linyuhs7', 'yeshitla12345', 'whitee35', 'yongdeok', 'xieyan', 'rodrigofreitas', 'huiju', 'fudengha', 'xy891208', 'sen29', 'shashmish01']"
91,331,16,20,12,"['abdullahsohailas994', 'nazmulhasan', 'sakif04', 'tanzim', 'rafiul21', 'sadman', 'sujanmahmudd', 'farhanaakterjerin', 'trowshan', 'hasanforever', 'isratmni', 'roni1234']",3,"['inasrin220', 'rafiulewu', 'ni']",8,"['mdmannan33', 'nazmulhossain', 'fafrin2', 'mtisohan', 'muslimayeasmin23', 'sadiaafrin1704', None, 'ooovvviii444422']",23,"['abdullahsohailas994', 'tanzim', 'nazmulhossain', 'fafrin2', 'hasanforever', 'isratmni', 'nazmulhasan', 'sakif04', 'rafiul21', 'mtisohan', 'farhanaakterjerin', 'trowshan', 'ooovvviii444422', 'mdmannan33', 'sadman', 'muslimayeasmin23', 'inasrin220', None, 'roni1234', 'sadiaafrin1704', 'sujanmahmudd', 'rafiulewu', 'ni']"
91,561,16,14,8,"['abdullahsohailas994', 'nazmulhasan', 'sakif04', 'rafiul21', 'sadman', 'farhanaakterjerin', 'inasrin220', 'isratmni']",7,"['tanzim', 'hasanforever', 'sujanmahmudd', 'trowshan', 'rafiulewu', 'ni', 'roni1234']",6,"['ryyan', 'saifewu', 'nazmulhossain', 'ooovvviii444422', None, 'jesminakther']",21,"['abdullahsohailas994', 'ryyan', 'tanzim', 'saifewu', 'nazmulhossain', 'sadman', 'inasrin220', None, 'hasanforever', 'isratmni', 'roni1234', 'jesminakther', 'nazmulhasan', 'sakif04', 'rafiul21', 'sujanmahmudd', 'farhanaakterjerin', 'trowshan', 'rafiulewu', 'ooovvviii444422', 'ni']"
91,535,16,13,10,"['abdullahsohailas994', 'sakif04', 'tanzim', 'rafiul21', 'sadman', 'sujanmahmudd', 'trowshan', 'inasrin220', 'hasanforever', 'isratmni']",5,"['nazmulhasan', 'farhanaakterjerin', 'rafiulewu', 'ni', 'roni1234']",3,"[None, 'ooovvviii444422', 'mezbahpulock212120']",18,"['abdullahsohailas994', 'tanzim', 'sadman', 'inasrin220', None, 'hasanforever', 'isratmni', 'roni1234', 'nazmulhasan', 'sakif04', 'rafiul21', 'mezbahpulock212120', 'sujanmahmudd', 'farhanaakterjerin', 'trowshan', 'rafiulewu', 'ooovvviii444422', 'ni']"
91,560,16,9,5,"['nazmulhasan', 'sadman', 'farhanaakterjerin', 'inasrin220', 'isratmni']",10,"['abdullahsohailas994', 'sakif04', 'tanzim', 'rafiul21', 'hasanforever', 'sujanmahmudd', 'trowshan', 'rafiulewu', 'ni', 'roni1234']",4,"[None, 'nazmulhossain', 'ooovvviii444422', 'ryyan']",19,"['abdullahsohailas994', 'ryyan', 'tanzim', 'nazmulhossain', 'sadman', 'inasrin220', None, 'hasanforever', 'isratmni', 'roni1234', 'nazmulhasan', 'sakif04', 'rafiul21', 'sujanmahmudd', 'farhanaakterjerin', 'trowshan', 'rafiulewu', 'ooovvviii444422', 'ni']"
92,324,16,20,12,"['shiruwan', 'otaibemn', 'hakemahussain', 'spring2021', 'dalal327', 'rayaanalraqibah1', 'hassanalmeirza', 'reemalb22', '111icoolboy111', 'hamadalarjani', 'halwarea', 'setstall2']",3,"['eman', 'raghad9972', 'cgilardi']",8,"['maasoumah', 'bisheryousif', 'danaalmutairi', 'd1s2roy', 'ahmedsayed.elec', 'someone811', 'hqassem93', None]",23,"['maasoumah', 'bisheryousif', 'hakemahussain', 'cgilardi', 'shiruwan', 'dalal327', 'rayaanalraqibah1', 'someone811', 'halwarea', 'setstall2', 'raghad9972', 'hqassem93', None, 'reemalb22', 'otaibemn', 'spring2021', 'd1s2roy', 'ahmedsayed.elec', 'eman', 'hassanalmeirza', '111icoolboy111', 'hamadalarjani', 'danaalmutairi']"
93,465,16,283,14,"['dicef', 'lorenzoholguin12', 'lpentzke', 'gazerlo', 'vritota', 'cdutreil', 'k.hildenbrand', 'santosalexis1817', 'cacuy', 'sebasmarquez90', 'kmerino', 'nfranzoni', 'smontero', 'garciacarrillojudith']",1,['edcast'],269,"['ulusoy2006', 'huseyinu', 'fafrin2', 'reuben90', 'mtakcali', 'alexander.lee', 'jhahn95', 'olivier35', 'ncm0007', 'syoonhan', 'amrita_lovelace', 'haren22', 'mariapl200896', 'thboth', 'jsanmartin1', 'ervndgn59', 'r207733', 'paezjuanagustin47', 'ogandocortes', 'pkj71794g', 'theurgeboat', 'jequito', 'cninja99', 'psuzhouy', 'enhjinhanabi', 'ogu0001', 'martinotero', 'sbentz', 'julianyordano', 'terje', 'gabriel.pzanoni', 'guillermo99', 'martin.mg98.10', 'daddysexual', 'ege.ert7', 'grantmorris656', 'v257028', 'wys142', 'u1089358', 'lenoirr', 'jaycwilson23', 'ainhoaab', 'sabe425', 'murattdo', 'kyenyarkolemuel', 'vincentdoucet22', 'octoman1080x', 'dongmingli', 'f215766', 'lkipfer', 'burnett.william', 'dolaydemirel', 'roiaso', 'emani', 'npatta.1986', 'lctasende3', 'omarloay99', 'tomasx', 'pspiotrowicz1', 'andrew217usmc', 'hcha71', 'u0916393', 'sholliday643', 'eschruba', 'charles.dambra', 'jake.m.hall876', 'philippeblaise', 'anxooo', 'lokesht123', 'sabolton', 'aravindh', 'mrbunnyman', 'also0714', 'mollykole', 'man6787', 'moshelem', 'semmi.spado00', 'mmei', 'kianamon', 'thomasspradley', 'borja.bayon', 'costasdiego97', 'julianawallgren', 'leeluanling123', 'miguelcb', 'sebrobarts', 'hjlim9612', 'wdeaweqwdas', 'josemanuel3', 'tudimubunmi', 'jimenezph', 'jsathanand', 'u1250344', 'yyerim', 'raul292', 'ts992', 'jdgerling', 'baqer', 'davidr27', 'evakolmel', 'blane', 'kayleneechong', 'sandip83', 'danielclapp99', 'durgaprasadkhatri2011', 'lobsterben13', 'saradiazr', 'ana23', 'aldanafloyd', 'mstff.1clkk', 'mahnoor.syed29', 'amandabrum', 'nguyendaniel', 'santox2000', 'matthew.jones98', 'poorar21', 'eminasuljic', 'hjp44', 'annikadasher', 'kaiseale', 'anujgarg939', 'cactusnoh', 'nicoladegiuseppe19', 'sungjoon.cho97', 'nsh0004', 's16c028b', 'deguirejasmin', 'sd226', 'nanobeam', 'm203442', 'jeus63', 'sarah.youssef', 'olga.casals', 'joshuabush', 'arif.ozkan5806', 'johndoe2341341243', 'mrtmert98', 'pw8', 'i.lutticken', 'arianebarreto', 'zse0147', 'rylandkate', 'jef325', 'chrixang18', 'halilibrahimtiken', 's16c045b', 'plaggeme', 'a194117', 'newele', 'mangabera10', 'jrobinson5', 'felipemachado', 'emreyilmazel1996', 'd093641', 'maria.irausquin', 'kellen.wise', 'caseyamick', 'magnoliajasper', '8223freret', 'cartermchris1', 'rakaiit', 'berrospidavid7', 'jschewinsky', 'wingitalways', 'tg2016', 'stiml1144', 'kodurur', 'l201843', 'mrgiraffe', 'panellink1', 'briann', 'aingles', 'rossop', 'pmcnutt2', 'choudh23', 'testeremre70', 'sungjooncho', 'krusso448', 'spazos7', 'xiaoyuzhang', 'burak9836', 'cibranlpz', 'm241617', 'rosadourada9', 'liqizhou', 'anapv177', 'c195673', 'justiejoseph', 'chastintruelove', 'kst48', 'joejfranzo', 'sqlim94', 'phhuang', 'yesimcakmakc', 'asif0047', 'fpincock', 'hlong262', 'retrewtewrt', 'jako91', 'jbonez411', 'ee17resch11016', 'maxguipil', 'madisonmiller', 'cancetinkaya1201', 'rajsingh', 'u6007941', 'trivellin', 'heatherleaf', 'nickm', 'tserenkhand', 'ethan.caballero', 'jack522577', 'oktayhalitekinay', 'maxiasensio', 'elena.gnani', 'mos_noob', 'hj980217', 'bmirzapouebe', 't224622', 'fredysanchez2', 'clizarazo', 'drogalski', 'elel30182', 'abaringer', 'marcantoineduval', 'ge.6cg7', 'fedele.penna', 'aaronrivasterron', 'ronitronit119', 'cbandel', 'aaroncoonu', 'asdksnfksfkmd', 'ol_ac', 'zepfan026', 'j176601', 'fatanehjenabi', 'd33r00', 'johnganiban', 'yorkiiii', 'cameronframpton', 'j218711', 'hrhlauraa', 'alirose12', 'lewisgf20', 'andresaraiva', 'arno.yu610168', 'fabio.aragao.santos', 'kaynegalie', 'xiaokaizhong99', 'cheeseybacon', 'nbhat0792', 'jason.earl', 'alexdallee17', 'ashishchr', 'nmorgan1', 'nuriamjusc', 'rynk.john', 'jeption2025', 'mtynski', 'iuri', 'ftah', 'longstreetjacob', 'avivlavan', 'anshshah2011', 'lerner', 'susannareggiani', 'uuganbayaro', 'hamastahir19', 'damianonetto']",284,"['ulusoy2006', 'huseyinu', 'fafrin2', 'reuben90', 'mtakcali', 'alexander.lee', 'jhahn95', 'olivier35', 'ncm0007', 'syoonhan', 'amrita_lovelace', 'haren22', 'mariapl200896', 'thboth', 'jsanmartin1', 'ervndgn59', 'r207733', 'paezjuanagustin47', 'ogandocortes', 'pkj71794g', 'theurgeboat', 'jequito', 'cninja99', 'psuzhouy', 'enhjinhanabi', 'ogu0001', 'martinotero', 'sbentz', 'julianyordano', 'terje', 'gabriel.pzanoni', 'guillermo99', 'martin.mg98.10', 'daddysexual', 'ege.ert7', 'grantmorris656', 'v257028', 'wys142', 'u1089358', 'lenoirr', 'jaycwilson23', 'ainhoaab', 'sabe425', 'murattdo', 'kyenyarkolemuel', 'vincentdoucet22', 'octoman1080x', 'dongmingli', 'f215766', 'lkipfer', 'lpentzke', 'burnett.william', 'dolaydemirel', 'roiaso', 'emani', 'npatta.1986', 'lctasende3', 'omarloay99', 'tomasx', 'pspiotrowicz1', 'andrew217usmc', 'hcha71', 'garciacarrillojudith', 'u0916393', 'sholliday643', 'eschruba', 'charles.dambra', 'jake.m.hall876', 'philippeblaise', 'anxooo', 'lokesht123', 'sabolton', 'aravindh', 'mrbunnyman', 'also0714', 'mollykole', 'man6787', 'moshelem', 'santosalexis1817', 'semmi.spado00', 'mmei', 'kianamon', 'thomasspradley', 'borja.bayon', 'costasdiego97', 'julianawallgren', 'leeluanling123', 'miguelcb', 'sebrobarts', 'hjlim9612', 'wdeaweqwdas', 'josemanuel3', 'vritota', 'tudimubunmi', 'jimenezph', 'jsathanand', 'u1250344', 'yyerim', 'edcast', 'smontero', 'dicef', 'raul292', 'ts992', 'jdgerling', 'baqer', 'davidr27', 'evakolmel', 'blane', 'kayleneechong', 'sandip83', 'danielclapp99', 'durgaprasadkhatri2011', 'lobsterben13', 'saradiazr', 'lorenzoholguin12', 'ana23', 'aldanafloyd', 'mstff.1clkk', 'mahnoor.syed29', 'amandabrum', 'nguyendaniel', 'santox2000', 'matthew.jones98', 'poorar21', 'eminasuljic', 'hjp44', 'annikadasher', 'kaiseale', 'anujgarg939', 'cactusnoh', 'nicoladegiuseppe19', 'sungjoon.cho97', 'nsh0004', 's16c028b', 'deguirejasmin', 'sd226', 'nanobeam', 'm203442', 'jeus63', 'sarah.youssef', 'olga.casals', 'joshuabush', 'arif.ozkan5806', 'johndoe2341341243', 'mrtmert98', 'pw8', 'i.lutticken', 'arianebarreto', 'gazerlo', 'zse0147', 'rylandkate', 'jef325', 'chrixang18', 'halilibrahimtiken', 's16c045b', 'plaggeme', 'a194117', 'newele', 'mangabera10', 'jrobinson5', 'felipemachado', 'emreyilmazel1996', 'd093641', 'maria.irausquin', 'kellen.wise', 'caseyamick', 'magnoliajasper', '8223freret', 'cartermchris1', 'rakaiit', 'berrospidavid7', 'jschewinsky', 'cdutreil', 'wingitalways', 'tg2016', 'stiml1144', 'kodurur', 'l201843', 'mrgiraffe', 'panellink1', 'briann', 'aingles', 'rossop', 'pmcnutt2', 'choudh23', 'testeremre70', 'sungjooncho', 'krusso448', 'spazos7', 'xiaoyuzhang', 'burak9836', 'cibranlpz', 'm241617', 'rosadourada9', 'liqizhou', 'anapv177', 'c195673', 'justiejoseph', 'chastintruelove', 'kst48', 'joejfranzo', 'sqlim94', 'phhuang', 'yesimcakmakc', 'asif0047', 'fpincock', 'hlong262', 'retrewtewrt', 'jako91', 'jbonez411', 'ee17resch11016', 'nfranzoni', 'maxguipil', 'madisonmiller', 'kmerino', 'cancetinkaya1201', 'rajsingh', 'u6007941', 'trivellin', 'heatherleaf', 'nickm', 'tserenkhand', 'ethan.caballero', 'jack522577', 'oktayhalitekinay', 'maxiasensio', 'elena.gnani', 'mos_noob', 'hj980217', 'bmirzapouebe', 't224622', 'fredysanchez2', 'clizarazo', 'drogalski', 'elel30182', 'cacuy', 'abaringer', 'marcantoineduval', 'ge.6cg7', 'fedele.penna', 'aaronrivasterron', 'ronitronit119', 'cbandel', 'aaroncoonu', 'k.hildenbrand', 'asdksnfksfkmd', 'ol_ac', 'zepfan026', 'j176601', 'fatanehjenabi', 'd33r00', 'johnganiban', 'yorkiiii', 'cameronframpton', 'j218711', 'hrhlauraa', 'alirose12', 'lewisgf20', 'andresaraiva', 'arno.yu610168', 'fabio.aragao.santos', 'kaynegalie', 'xiaokaizhong99', 'cheeseybacon', 'nbhat0792', 'jason.earl', 'alexdallee17', 'ashishchr', 'nmorgan1', 'nuriamjusc', 'rynk.john', 'jeption2025', 'mtynski', 'iuri', 'ftah', 'longstreetjacob', 'avivlavan', 'sebasmarquez90', 'anshshah2011', 'lerner', 'susannareggiani', 'uuganbayaro', 'hamastahir19', 'damianonetto']"
93,446,16,16,6,"['lpentzke', 'kmerino', 'cacuy', 'dicef', 'nfranzoni', 'vritota']",9,"['lorenzoholguin12', 'gazerlo', 'cdutreil', 'k.hildenbrand', 'santosalexis1817', 'sebasmarquez90', 'edcast', 'smontero', 'garciacarrillojudith']",10,"['liqizhou', 'cameronframpton', 'annikadasher', 'wingitalways', 'nguyendaniel', 'jhahn95', 'abaringer', None, 'lobsterben13', 'jrobinson5']",25,"['lorenzoholguin12', 'lpentzke', 'gazerlo', 'vritota', 'cdutreil', 'wingitalways', 'santosalexis1817', 'nguyendaniel', 'edcast', 'cacuy', 'smontero', 'nfranzoni', 'dicef', 'jhahn95', 'abaringer', None, 'jrobinson5', 'liqizhou', 'cameronframpton', 'annikadasher', 'k.hildenbrand', 'sebasmarquez90', 'kmerino', 'lobsterben13', 'garciacarrillojudith']"
93,447,16,7,5,"['lorenzoholguin12', 'sebasmarquez90', 'santosalexis1817', 'edcast', 'garciacarrillojudith']",10,"['dicef', 'lpentzke', 'gazerlo', 'cdutreil', 'k.hildenbrand', 'cacuy', 'kmerino', 'nfranzoni', 'smontero', 'vritota']",2,"[None, 'jimenezph']",17,"['lorenzoholguin12', 'lpentzke', 'gazerlo', 'vritota', 'jimenezph', 'cdutreil', 'santosalexis1817', 'edcast', 'cacuy', 'smontero', 'nfranzoni', 'dicef', None, 'k.hildenbrand', 'sebasmarquez90', 'kmerino', 'garciacarrillojudith']"
94,133,16,34,1,['dietzelcc'],14,"['wallacejc4', 'youngpattans2', 'jonesjd26', 'petropablo', 'ordonezc3', 'olearycm', 'vohp', 'quillel', 'sevenkevin', 'harry_quack', 'arielar', 'ndoumiesey', 'hossindissoms', 'buij3']",33,"['adiya.enhadiya', 'uozgur', 'jwarnky', 'charlie0513', 'heath.wells.esq', 'marco.apolinario.l', 'altantsooj', 'mhanvey', 'btmn5698', 'lillianchiu', 'turnera14', 'j.manlai0411', 'liriyanyan', 'munkhbayar518', 'glenhwalters', 'meiiqitang', 'dlincoln', 'geert', 'dolp', 'waldropj24', 'aingles', 'everaste', 'huan1318', 'kalilio', 'bburgilmaa1202', None, 'aravindh', 'chnbtgaldanmgc', 'vallejora', 'uuganbayaro', 'aymar', 'g.k41541g', 'smit4225']",48,"['adiya.enhadiya', 'uozgur', 'jwarnky', 'charlie0513', 'vohp', 'heath.wells.esq', 'arielar', 'marco.apolinario.l', 'altantsooj', 'mhanvey', 'btmn5698', 'hossindissoms', 'lillianchiu', 'buij3', 'turnera14', 'j.manlai0411', 'liriyanyan', 'jonesjd26', 'munkhbayar518', 'ndoumiesey', 'glenhwalters', 'wallacejc4', 'meiiqitang', 'dlincoln', 'petropablo', 'geert', 'dolp', 'ordonezc3', 'olearycm', 'waldropj24', 'aingles', 'harry_quack', 'everaste', 'huan1318', 'kalilio', 'bburgilmaa1202', None, 'dietzelcc', 'youngpattans2', 'aravindh', 'chnbtgaldanmgc', 'quillel', 'sevenkevin', 'vallejora', 'uuganbayaro', 'aymar', 'g.k41541g', 'smit4225']"
94,137,16,34,5,"['dietzelcc', 'youngpattans2', 'ordonezc3', 'quillel', 'arielar']",10,"['wallacejc4', 'jonesjd26', 'petropablo', 'olearycm', 'vohp', 'sevenkevin', 'harry_quack', 'ndoumiesey', 'hossindissoms', 'buij3']",29,"['anudarid', 'booradley', 'epeloquin24', 'jaiverthadrian25', 'slburkett', 'tchk6', 'lbruno22', 'ssorobay', 'bayanjargal.sub', 'sidharth1994', 'squadbuilderzz123', 'turnera14', 'muujig1', 'kocher1', 'langfahl', 'alejocibe', 'sherifms777', 'enhmanlaienhee', 'glenhwalters', 'tbpurevnorov', 'dolp', 'lalfaihan', 'tassanpietro', 'taylorolp99', 'everaste', 'jpbarrero131', None, 'duuyaduka89', 'croberts21']",44,"['anudarid', 'booradley', 'epeloquin24', 'jaiverthadrian25', 'slburkett', 'vohp', 'tchk6', 'arielar', 'lbruno22', 'ssorobay', 'bayanjargal.sub', 'hossindissoms', 'sidharth1994', 'squadbuilderzz123', 'buij3', 'turnera14', 'muujig1', 'kocher1', 'jonesjd26', 'langfahl', 'alejocibe', 'sherifms777', 'enhmanlaienhee', 'ndoumiesey', 'glenhwalters', 'tbpurevnorov', 'wallacejc4', 'petropablo', 'dolp', 'ordonezc3', 'olearycm', 'lalfaihan', 'tassanpietro', 'harry_quack', 'taylorolp99', 'everaste', 'jpbarrero131', None, 'dietzelcc', 'youngpattans2', 'quillel', 'sevenkevin', 'duuyaduka89', 'croberts21']"
94,20,16,16,10,"['wallacejc4', 'youngpattans2', 'jonesjd26', 'ordonezc3', 'olearycm', 'quillel', 'sevenkevin', 'ndoumiesey', 'hossindissoms', 'buij3']",5,"['dietzelcc', 'petropablo', 'vohp', 'harry_quack', 'arielar']",6,"['uozgur', 'bruccolern', 'dolp', 'vallejora', None, 'sayahim']",21,"['wallacejc4', 'uozgur', 'petropablo', 'bruccolern', 'dolp', 'ordonezc3', 'olearycm', 'vohp', 'harry_quack', 'arielar', 'hossindissoms', 'sayahim', None, 'buij3', 'dietzelcc', 'youngpattans2', 'jonesjd26', 'quillel', 'sevenkevin', 'vallejora', 'ndoumiesey']"
94,13,16,14,9,"['wallacejc4', 'youngpattans2', 'jonesjd26', 'ordonezc3', 'olearycm', 'quillel', 'sevenkevin', 'ndoumiesey', 'hossindissoms']",6,"['dietzelcc', 'petropablo', 'vohp', 'harry_quack', 'arielar', 'buij3']",5,"['bruccolern', 'dolp', 'sayahim', 'vallejora', None]",20,"['wallacejc4', 'petropablo', 'bruccolern', 'dolp', 'ordonezc3', 'olearycm', 'vohp', 'harry_quack', 'arielar', 'hossindissoms', 'sayahim', None, 'buij3', 'dietzelcc', 'youngpattans2', 'jonesjd26', 'quillel', 'sevenkevin', 'vallejora', 'ndoumiesey']"
94,29,16,13,10,"['wallacejc4', 'youngpattans2', 'jonesjd26', 'ordonezc3', 'olearycm', 'quillel', 'sevenkevin', 'ndoumiesey', 'hossindissoms', 'buij3']",5,"['dietzelcc', 'petropablo', 'vohp', 'harry_quack', 'arielar']",3,"['bruccolern', None, 'uozgur']",18,"['wallacejc4', 'uozgur', 'petropablo', 'bruccolern', 'ordonezc3', 'olearycm', 'vohp', 'harry_quack', 'arielar', 'hossindissoms', None, 'buij3', 'dietzelcc', 'youngpattans2', 'jonesjd26', 'quillel', 'sevenkevin', 'ndoumiesey']"
94,166,16,10,7,"['wallacejc4', 'youngpattans2', 'jonesjd26', 'ordonezc3', 'sevenkevin', 'ndoumiesey', 'hossindissoms']",8,"['dietzelcc', 'petropablo', 'olearycm', 'vohp', 'quillel', 'harry_quack', 'arielar', 'buij3']",3,"['bruccolern', 'vallejora', None]",18,"['wallacejc4', 'petropablo', 'bruccolern', 'ordonezc3', 'olearycm', 'vohp', 'harry_quack', 'arielar', 'hossindissoms', None, 'buij3', 'dietzelcc', 'youngpattans2', 'jonesjd26', 'quillel', 'sevenkevin', 'vallejora', 'ndoumiesey']"
94,12,16,8,4,"['ordonezc3', 'olearycm', 'buij3', 'quillel']",11,"['wallacejc4', 'dietzelcc', 'youngpattans2', 'jonesjd26', 'petropablo', 'vohp', 'sevenkevin', 'harry_quack', 'arielar', 'ndoumiesey', 'hossindissoms']",4,"['dolp', 'vallejora', None, 'sayahim']",19,"['wallacejc4', 'petropablo', 'dolp', 'ordonezc3', 'olearycm', 'vohp', 'harry_quack', 'arielar', 'hossindissoms', 'sayahim', None, 'buij3', 'dietzelcc', 'youngpattans2', 'jonesjd26', 'quillel', 'sevenkevin', 'vallejora', 'ndoumiesey']"
94,161,16,8,4,"['ordonezc3', 'olearycm', 'buij3', 'quillel']",11,"['wallacejc4', 'dietzelcc', 'youngpattans2', 'jonesjd26', 'petropablo', 'vohp', 'sevenkevin', 'harry_quack', 'arielar', 'ndoumiesey', 'hossindissoms']",4,"['dolp', 'vallejora', None, 'sayahim']",19,"['wallacejc4', 'petropablo', 'dolp', 'ordonezc3', 'olearycm', 'vohp', 'harry_quack', 'arielar', 'hossindissoms', 'sayahim', None, 'buij3', 'dietzelcc', 'youngpattans2', 'jonesjd26', 'quillel', 'sevenkevin', 'vallejora', 'ndoumiesey']"
94,164,16,8,6,"['youngpattans2', 'jonesjd26', 'ordonezc3', 'quillel', 'sevenkevin', 'ndoumiesey']",9,"['wallacejc4', 'dietzelcc', 'petropablo', 'olearycm', 'vohp', 'harry_quack', 'arielar', 'hossindissoms', 'buij3']",2,"['vallejora', None]",17,"['wallacejc4', 'petropablo', 'ordonezc3', 'olearycm', 'vohp', 'harry_quack', 'arielar', 'hossindissoms', None, 'buij3', 'dietzelcc', 'youngpattans2', 'jonesjd26', 'quillel', 'sevenkevin', 'vallejora', 'ndoumiesey']"
94,10,16,7,2,"['ordonezc3', 'hossindissoms']",13,"['wallacejc4', 'dietzelcc', 'youngpattans2', 'jonesjd26', 'petropablo', 'olearycm', 'vohp', 'quillel', 'sevenkevin', 'harry_quack', 'arielar', 'ndoumiesey', 'buij3']",5,"['uozgur', 'bruccolern', 'sayahim', 'vallejora', None]",20,"['wallacejc4', 'uozgur', 'petropablo', 'bruccolern', 'ordonezc3', 'olearycm', 'vohp', 'harry_quack', 'arielar', 'hossindissoms', 'sayahim', None, 'buij3', 'dietzelcc', 'youngpattans2', 'jonesjd26', 'quillel', 'sevenkevin', 'vallejora', 'ndoumiesey']"
94,160,16,7,2,"['ordonezc3', 'hossindissoms']",13,"['wallacejc4', 'dietzelcc', 'youngpattans2', 'jonesjd26', 'petropablo', 'olearycm', 'vohp', 'quillel', 'sevenkevin', 'harry_quack', 'arielar', 'ndoumiesey', 'buij3']",5,"['uozgur', 'bruccolern', 'sayahim', 'vallejora', None]",20,"['wallacejc4', 'uozgur', 'petropablo', 'bruccolern', 'ordonezc3', 'olearycm', 'vohp', 'harry_quack', 'arielar', 'hossindissoms', 'sayahim', None, 'buij3', 'dietzelcc', 'youngpattans2', 'jonesjd26', 'quillel', 'sevenkevin', 'vallejora', 'ndoumiesey']"
94,163,16,7,4,"['quillel', 'ordonezc3', 'youngpattans2', 'jonesjd26']",11,"['wallacejc4', 'dietzelcc', 'petropablo', 'olearycm', 'vohp', 'sevenkevin', 'harry_quack', 'arielar', 'ndoumiesey', 'hossindissoms', 'buij3']",3,"['dolp', 'vallejora', None]",18,"['wallacejc4', 'petropablo', 'dolp', 'ordonezc3', 'olearycm', 'vohp', 'harry_quack', 'arielar', 'hossindissoms', None, 'buij3', 'dietzelcc', 'youngpattans2', 'jonesjd26', 'quillel', 'sevenkevin', 'vallejora', 'ndoumiesey']"
95,465,15,283,7,"['haren22', 'kaiseale', 'plaggeme', 'newele', 'rossop', 'octoman1080x', 'joshuabush']",7,"['genordg', 'jenksmi', 'oldanif', 'filipinocheese', 'jonesja2', 'vanderty', 'matiastp']",276,"['ulusoy2006', 'huseyinu', 'fafrin2', 'reuben90', 'mtakcali', 'alexander.lee', 'jhahn95', 'olivier35', 'ncm0007', 'syoonhan', 'amrita_lovelace', 'mariapl200896', 'thboth', 'jsanmartin1', 'ervndgn59', 'r207733', 'paezjuanagustin47', 'ogandocortes', 'pkj71794g', 'theurgeboat', 'jequito', 'cninja99', 'psuzhouy', 'enhjinhanabi', 'ogu0001', 'martinotero', 'sbentz', 'julianyordano', 'terje', 'gabriel.pzanoni', 'guillermo99', 'martin.mg98.10', 'daddysexual', 'ege.ert7', 'grantmorris656', 'v257028', 'wys142', 'u1089358', 'lenoirr', 'jaycwilson23', 'ainhoaab', 'sabe425', 'murattdo', 'kyenyarkolemuel', 'vincentdoucet22', 'dongmingli', 'f215766', 'lkipfer', 'burnett.william', 'lpentzke', 'dolaydemirel', 'roiaso', 'emani', 'npatta.1986', 'lctasende3', 'omarloay99', 'tomasx', 'pspiotrowicz1', 'andrew217usmc', 'hcha71', 'garciacarrillojudith', 'u0916393', 'sholliday643', 'eschruba', 'charles.dambra', 'jake.m.hall876', 'philippeblaise', 'anxooo', 'lokesht123', 'sabolton', 'aravindh', 'mrbunnyman', 'also0714', 'mollykole', 'man6787', 'moshelem', 'santosalexis1817', 'semmi.spado00', 'mmei', 'kianamon', 'thomasspradley', 'borja.bayon', 'costasdiego97', 'julianawallgren', 'leeluanling123', 'miguelcb', 'sebrobarts', 'hjlim9612', 'wdeaweqwdas', 'josemanuel3', 'vritota', 'tudimubunmi', 'jimenezph', 'jsathanand', 'u1250344', 'yyerim', 'dicef', 'raul292', 'smontero', 'ts992', 'jdgerling', 'baqer', 'davidr27', 'evakolmel', 'blane', 'kayleneechong', 'sandip83', 'danielclapp99', 'durgaprasadkhatri2011', 'lobsterben13', 'saradiazr', 'lorenzoholguin12', 'ana23', 'aldanafloyd', 'mstff.1clkk', 'mahnoor.syed29', 'amandabrum', 'nguyendaniel', 'santox2000', 'matthew.jones98', 'poorar21', 'eminasuljic', 'hjp44', 'annikadasher', 'anujgarg939', 'cactusnoh', 'nicoladegiuseppe19', 'sungjoon.cho97', 'nsh0004', 's16c028b', 'deguirejasmin', 'sd226', 'nanobeam', 'm203442', 'jeus63', 'sarah.youssef', 'olga.casals', 'arif.ozkan5806', 'johndoe2341341243', 'mrtmert98', 'pw8', 'i.lutticken', 'arianebarreto', 'zse0147', 'gazerlo', 'rylandkate', 'jef325', 'chrixang18', 'halilibrahimtiken', 's16c045b', 'a194117', 'mangabera10', 'jrobinson5', 'felipemachado', 'emreyilmazel1996', 'd093641', 'maria.irausquin', 'kellen.wise', 'caseyamick', 'magnoliajasper', '8223freret', 'cartermchris1', 'rakaiit', 'berrospidavid7', 'jschewinsky', 'cdutreil', 'wingitalways', 'tg2016', 'stiml1144', 'kodurur', 'l201843', 'mrgiraffe', 'panellink1', 'briann', 'aingles', 'pmcnutt2', 'choudh23', 'testeremre70', 'sungjooncho', 'krusso448', 'spazos7', 'xiaoyuzhang', 'burak9836', 'cibranlpz', 'm241617', 'rosadourada9', 'liqizhou', 'anapv177', 'c195673', 'justiejoseph', 'chastintruelove', 'kst48', 'joejfranzo', 'sqlim94', 'phhuang', 'yesimcakmakc', 'asif0047', 'fpincock', 'hlong262', 'retrewtewrt', 'jako91', 'jbonez411', 'ee17resch11016', 'nfranzoni', 'maxguipil', 'madisonmiller', 'kmerino', 'cancetinkaya1201', 'rajsingh', 'u6007941', 'trivellin', 'heatherleaf', 'nickm', 'tserenkhand', 'ethan.caballero', 'jack522577', 'oktayhalitekinay', 'maxiasensio', 'elena.gnani', 'mos_noob', 'hj980217', 'bmirzapouebe', 't224622', 'fredysanchez2', 'clizarazo', 'drogalski', 'elel30182', 'cacuy', 'abaringer', 'marcantoineduval', 'ge.6cg7', 'fedele.penna', 'aaronrivasterron', 'ronitronit119', 'cbandel', 'aaroncoonu', 'k.hildenbrand', 'asdksnfksfkmd', 'ol_ac', 'zepfan026', 'j176601', 'fatanehjenabi', 'd33r00', 'johnganiban', 'yorkiiii', 'cameronframpton', 'j218711', 'hrhlauraa', 'alirose12', 'lewisgf20', 'andresaraiva', 'arno.yu610168', 'fabio.aragao.santos', 'kaynegalie', 'xiaokaizhong99', 'cheeseybacon', 'nbhat0792', 'jason.earl', 'alexdallee17', 'ashishchr', 'nmorgan1', 'nuriamjusc', 'rynk.john', 'jeption2025', 'mtynski', 'iuri', 'ftah', 'longstreetjacob', 'avivlavan', 'sebasmarquez90', 'anshshah2011', 'lerner', 'susannareggiani', 'uuganbayaro', 'hamastahir19', 'damianonetto']",290,"['ulusoy2006', 'huseyinu', 'fafrin2', 'reuben90', 'mtakcali', 'alexander.lee', 'jhahn95', 'olivier35', 'ncm0007', 'syoonhan', 'amrita_lovelace', 'haren22', 'mariapl200896', 'thboth', 'jsanmartin1', 'ervndgn59', 'r207733', 'paezjuanagustin47', 'ogandocortes', 'pkj71794g', 'theurgeboat', 'jequito', 'cninja99', 'psuzhouy', 'enhjinhanabi', 'ogu0001', 'martinotero', 'sbentz', 'julianyordano', 'terje', 'gabriel.pzanoni', 'guillermo99', 'martin.mg98.10', 'daddysexual', 'ege.ert7', 'grantmorris656', 'v257028', 'wys142', 'u1089358', 'lenoirr', 'jaycwilson23', 'ainhoaab', 'sabe425', 'murattdo', 'kyenyarkolemuel', 'vincentdoucet22', 'octoman1080x', 'dongmingli', 'f215766', 'lkipfer', 'burnett.william', 'lpentzke', 'dolaydemirel', 'roiaso', 'emani', 'npatta.1986', 'lctasende3', 'omarloay99', 'tomasx', 'pspiotrowicz1', 'andrew217usmc', 'hcha71', 'garciacarrillojudith', 'u0916393', 'sholliday643', 'eschruba', 'charles.dambra', 'jake.m.hall876', 'matiastp', 'philippeblaise', 'anxooo', 'lokesht123', 'sabolton', 'aravindh', 'mrbunnyman', 'also0714', 'mollykole', 'man6787', 'moshelem', 'santosalexis1817', 'oldanif', 'semmi.spado00', 'mmei', 'kianamon', 'thomasspradley', 'borja.bayon', 'costasdiego97', 'julianawallgren', 'leeluanling123', 'miguelcb', 'sebrobarts', 'hjlim9612', 'wdeaweqwdas', 'josemanuel3', 'vritota', 'tudimubunmi', 'jimenezph', 'jsathanand', 'u1250344', 'yyerim', 'dicef', 'raul292', 'smontero', 'ts992', 'jdgerling', 'baqer', 'davidr27', 'evakolmel', 'blane', 'kayleneechong', 'sandip83', 'danielclapp99', 'durgaprasadkhatri2011', 'lobsterben13', 'saradiazr', 'lorenzoholguin12', 'ana23', 'aldanafloyd', 'mstff.1clkk', 'mahnoor.syed29', 'amandabrum', 'nguyendaniel', 'santox2000', 'matthew.jones98', 'poorar21', 'eminasuljic', 'hjp44', 'annikadasher', 'kaiseale', 'anujgarg939', 'cactusnoh', 'nicoladegiuseppe19', 'sungjoon.cho97', 'nsh0004', 's16c028b', 'deguirejasmin', 'sd226', 'nanobeam', 'm203442', 'jeus63', 'sarah.youssef', 'olga.casals', 'joshuabush', 'jenksmi', 'arif.ozkan5806', 'johndoe2341341243', 'mrtmert98', 'pw8', 'i.lutticken', 'arianebarreto', 'zse0147', 'gazerlo', 'rylandkate', 'jef325', 'chrixang18', 'halilibrahimtiken', 's16c045b', 'newele', 'plaggeme', 'a194117', 'vanderty', 'mangabera10', 'jrobinson5', 'felipemachado', 'emreyilmazel1996', 'd093641', 'maria.irausquin', 'kellen.wise', 'caseyamick', 'magnoliajasper', '8223freret', 'cartermchris1', 'rakaiit', 'berrospidavid7', 'jschewinsky', 'cdutreil', 'wingitalways', 'tg2016', 'stiml1144', 'kodurur', 'l201843', 'mrgiraffe', 'panellink1', 'briann', 'aingles', 'rossop', 'pmcnutt2', 'choudh23', 'testeremre70', 'sungjooncho', 'krusso448', 'spazos7', 'xiaoyuzhang', 'burak9836', 'cibranlpz', 'm241617', 'rosadourada9', 'liqizhou', 'anapv177', 'c195673', 'justiejoseph', 'chastintruelove', 'kst48', 'joejfranzo', 'sqlim94', 'phhuang', 'yesimcakmakc', 'asif0047', 'fpincock', 'hlong262', 'retrewtewrt', 'jako91', 'jbonez411', 'ee17resch11016', 'nfranzoni', 'maxguipil', 'madisonmiller', 'kmerino', 'cancetinkaya1201', 'rajsingh', 'u6007941', 'trivellin', 'heatherleaf', 'nickm', 'tserenkhand', 'ethan.caballero', 'jack522577', 'oktayhalitekinay', 'filipinocheese', 'maxiasensio', 'elena.gnani', 'mos_noob', 'hj980217', 'bmirzapouebe', 't224622', 'fredysanchez2', 'clizarazo', 'drogalski', 'elel30182', 'jonesja2', 'cacuy', 'abaringer', 'marcantoineduval', 'ge.6cg7', 'fedele.penna', 'aaronrivasterron', 'ronitronit119', 'cbandel', 'aaroncoonu', 'k.hildenbrand', 'asdksnfksfkmd', 'ol_ac', 'zepfan026', 'j176601', 'fatanehjenabi', 'd33r00', 'johnganiban', 'yorkiiii', 'cameronframpton', 'j218711', 'hrhlauraa', 'alirose12', 'lewisgf20', 'andresaraiva', 'arno.yu610168', 'fabio.aragao.santos', 'kaynegalie', 'xiaokaizhong99', 'genordg', 'cheeseybacon', 'nbhat0792', 'jason.earl', 'alexdallee17', 'ashishchr', 'nmorgan1', 'nuriamjusc', 'rynk.john', 'jeption2025', 'mtynski', 'iuri', 'ftah', 'longstreetjacob', 'avivlavan', 'sebasmarquez90', 'anshshah2011', 'lerner', 'susannareggiani', 'uuganbayaro', 'hamastahir19', 'damianonetto']"
95,602,15,28,11,"['genordg', 'haren22', 'jenksmi', 'kaiseale', 'oldanif', 'newele', 'plaggeme', 'vanderty', 'rossop', 'matiastp', 'joshuabush']",3,"['octoman1080x', 'jonesja2', 'filipinocheese']",17,"['yasser.daraa11', 'espinozg', 'zacharushu', 'lenoirr', 'noahmarron', 'topliffd', 'phamngo', 'brownlog', 'logbrown21', 'healym', 'nshutimw', 'dixojosh', None, 'duelllu', 'yougourthene', 'mancinad', 'janickec']",31,"['oldanif', 'logbrown21', 'newele', 'plaggeme', 'yougourthene', 'vanderty', 'mancinad', 'haren22', 'topliffd', 'kaiseale', 'filipinocheese', 'nshutimw', 'duelllu', 'janickec', 'genordg', 'yasser.daraa11', 'espinozg', 'brownlog', 'healym', 'dixojosh', 'jonesja2', 'phamngo', None, 'matiastp', 'joshuabush', 'lenoirr', 'noahmarron', 'jenksmi', 'rossop', 'octoman1080x', 'zacharushu']"
95,480,15,11,8,"['genordg', 'jenksmi', 'oldanif', 'filipinocheese', 'newele', 'plaggeme', 'vanderty', 'matiastp']",6,"['haren22', 'kaiseale', 'jonesja2', 'rossop', 'octoman1080x', 'joshuabush']",3,"['mohrza', None, 'janickec']",17,"['genordg', 'mohrza', 'oldanif', 'newele', 'plaggeme', 'jonesja2', 'vanderty', None, 'matiastp', 'joshuabush', 'jenksmi', 'haren22', 'kaiseale', 'filipinocheese', 'rossop', 'octoman1080x', 'janickec']"
96,153,15,17,9,"['mariana98', 'mariatenllado16', 'silviamlc', 'antoniojcor', 'qiqizheng', 'mareksznitko13', 'elenaperez', 'jaime_milla', 'sac99']",5,"['elenagm', 'smaino', 'amaliamperales35', 'luciabertran99', 'rominaabb29']",8,"['anhe2p9', 'romero', '061962588x', '061972018x', 'mariabentabolbrinkmann', 'nandomoreno4', 'bogdancatalin99', None]",22,"['anhe2p9', 'elenagm', 'mariatenllado16', '061962588x', 'qiqizheng', 'mareksznitko13', 'amaliamperales35', 'rominaabb29', None, 'jaime_milla', 'mariana98', 'antoniojcor', 'silviamlc', 'romero', '061972018x', 'smaino', 'mariabentabolbrinkmann', 'nandomoreno4', 'bogdancatalin99', 'luciabertran99', 'elenaperez', 'sac99']"
96,59,15,14,9,"['mariatenllado16', 'mariana98', 'silviamlc', 'antoniojcor', 'qiqizheng', 'mareksznitko13', 'luciabertran99', 'elenaperez', 'jaime_milla']",5,"['elenagm', 'smaino', 'amaliamperales35', 'rominaabb29', 'sac99']",5,"['romero', '061962588x', 'nandomoreno4', 'bogdancatalin99', None]",19,"['elenagm', 'mariatenllado16', '061962588x', 'qiqizheng', 'mareksznitko13', 'amaliamperales35', 'rominaabb29', None, 'jaime_milla', 'mariana98', 'antoniojcor', 'silviamlc', 'romero', 'smaino', 'nandomoreno4', 'bogdancatalin99', 'luciabertran99', 'elenaperez', 'sac99']"
96,378,15,12,8,"['mariatenllado16', 'mariana98', 'antoniojcor', 'qiqizheng', 'mareksznitko13', 'elenaperez', 'jaime_milla', 'sac99']",6,"['elenagm', 'silviamlc', 'smaino', 'amaliamperales35', 'luciabertran99', 'rominaabb29']",4,"['061962588x', 'romero', None, '061972018x']",18,"['elenagm', 'mariatenllado16', '061962588x', 'qiqizheng', 'mareksznitko13', 'amaliamperales35', 'rominaabb29', None, 'jaime_milla', 'mariana98', 'antoniojcor', 'silviamlc', 'romero', '061972018x', 'smaino', 'luciabertran99', 'elenaperez', 'sac99']"
96,126,15,11,8,"['mariana98', 'antoniojcor', 'silviamlc', 'qiqizheng', 'mareksznitko13', 'luciabertran99', 'elenaperez', 'jaime_milla']",6,"['elenagm', 'mariatenllado16', 'smaino', 'amaliamperales35', 'rominaabb29', 'sac99']",3,"['061962588x', None, 'nandomoreno4']",17,"['elenagm', 'mariatenllado16', '061962588x', 'qiqizheng', 'mareksznitko13', 'amaliamperales35', 'rominaabb29', None, 'jaime_milla', 'mariana98', 'antoniojcor', 'silviamlc', 'smaino', 'nandomoreno4', 'luciabertran99', 'elenaperez', 'sac99']"
96,61,15,7,3,"['amaliamperales35', 'rominaabb29', 'sac99']",11,"['elenagm', 'mariana98', 'mariatenllado16', 'silviamlc', 'antoniojcor', 'qiqizheng', 'smaino', 'mareksznitko13', 'luciabertran99', 'elenaperez', 'jaime_milla']",4,"['silvis_rgomez', 'amaliamp', None, 'patriciatr']",18,"['elenagm', 'mariatenllado16', 'patriciatr', 'qiqizheng', 'mareksznitko13', 'amaliamperales35', 'rominaabb29', None, 'jaime_milla', 'mariana98', 'antoniojcor', 'silviamlc', 'smaino', 'silvis_rgomez', 'amaliamp', 'luciabertran99', 'elenaperez', 'sac99']"
97,7,15,14,5,"['youssefsamiryoussef', 'mubaraktharwat', 'salmasameh980', 'havocvictor20', 'samaar.said']",9,"['mx', 'derrell.dunn', 'lavan', 'sainikhilgodl', 'scary1321', 'giacomocappe10', 'modica1', 'adham99', 'nour.yehia70']",9,"['gengergogo', 'saraibrahim', 'abdoelanwar99', 'amy', 'bassam', 'ashraf_mohamed', 'abdelrahman98', None, 'zazotop31']",23,"['lavan', 'gengergogo', 'sainikhilgodl', 'abdoelanwar99', 'scary1321', 'mubaraktharwat', 'salmasameh980', 'adham99', 'abdelrahman98', 'havocvictor20', None, 'samaar.said', 'mx', 'derrell.dunn', 'youssefsamiryoussef', 'saraibrahim', 'amy', 'giacomocappe10', 'bassam', 'modica1', 'ashraf_mohamed', 'nour.yehia70', 'zazotop31']"
97,6,15,8,2,"['adham99', 'nour.yehia70']",12,"['mx', 'derrell.dunn', 'lavan', 'youssefsamiryoussef', 'sainikhilgodl', 'scary1321', 'mubaraktharwat', 'giacomocappe10', 'modica1', 'salmasameh980', 'havocvictor20', 'samaar.said']",6,"['gengergogo', 'saraibrahim', 'bassam', 'ashraf_mohamed', 'hamdy2411', None]",20,"['lavan', 'gengergogo', 'sainikhilgodl', 'scary1321', 'mubaraktharwat', 'salmasameh980', 'adham99', 'hamdy2411', 'havocvictor20', None, 'samaar.said', 'mx', 'derrell.dunn', 'youssefsamiryoussef', 'saraibrahim', 'giacomocappe10', 'bassam', 'modica1', 'ashraf_mohamed', 'nour.yehia70']"
98,368,15,21,8,"['tsht5ales', 'romioshoula', 'moaazkhaled96', 'nadaamgad', 'eslam_attiaa', 'mohmedshimaa25', 'renad', 'ahmedalaa']",6,"['lado.filipovic', 'jozrik', 'sarowar.hossain01', 'bernhardhaas55', 'ren___', 'eriklind']",13,"['omarashraf', 'mohamedfaris47', 'mkhalaf', 'alaawalid', 'marionagy', 'bayoumi', 'amr_nasser99', 'myounis', 'sherif.arafat', 'abohafs', 'alihassan', None, 'seif.emad']",27,"['omarashraf', 'bayoumi', 'amr_nasser99', 'ren___', 'alihassan', 'seif.emad', 'mohamedfaris47', 'tsht5ales', 'romioshoula', 'jozrik', 'sarowar.hossain01', 'eriklind', 'ahmedalaa', 'alaawalid', 'myounis', 'sherif.arafat', 'abohafs', 'renad', 'mohmedshimaa25', None, 'lado.filipovic', 'moaazkhaled96', 'nadaamgad', 'bernhardhaas55', 'eslam_attiaa', 'marionagy', 'mkhalaf']"
99,391,15,43,1,['sali93'],13,"['empn6d', 'aldofabrizzio', 'rml5gd', 'ampvdc', 'dcpang2', 'tmsbmc', 'kaneka', 'qiuhuic2', 'ziyue2', 'rali1234', 'leducricardo', 'sundong1994', 'shuming2']",42,"['mrc13', 'wrishk2', 'bnw4', 'torsr2', 'sendres2', 'jrange23', 'eoh23', 'juliawp2', 'yuchang3', 'dhamill2', 'fulcrum', 'chyu3', 'boyazhu2', 'shawnc2', 'nk13', 'jaredf2', 'ssibi2', 'jacobt6', 'iajifo2', 'msiddi60', 'niharrm2', 'ryusuke2', 'anm9', 'malonzo2', 'efalse2', 'aaguero2', 'xinzhih2', 'aleahht2', 'hanlinw3', None, 'jinyang9', 'dcudzi2', 'hyunbin2', 'ddejong2', 'jheaton3', 'nwa2', 'msolis27', 'benvau2', 'jalies2', 'kirajm2', 'zainab2', 'ryanlim2']",56,"['mrc13', 'wrishk2', 'bnw4', 'torsr2', 'sendres2', 'jrange23', 'eoh23', 'juliawp2', 'leducricardo', 'yuchang3', 'dhamill2', 'fulcrum', 'empn6d', 'chyu3', 'boyazhu2', 'aldofabrizzio', 'rml5gd', 'ampvdc', 'shawnc2', 'kaneka', 'nk13', 'ziyue2', 'jaredf2', 'ssibi2', 'jacobt6', 'iajifo2', 'msiddi60', 'niharrm2', 'ryusuke2', 'anm9', 'malonzo2', 'dcpang2', 'efalse2', 'aaguero2', 'xinzhih2', 'tmsbmc', 'aleahht2', 'hanlinw3', 'sundong1994', 'sali93', 'qiuhuic2', None, 'jinyang9', 'dcudzi2', 'hyunbin2', 'ddejong2', 'jheaton3', 'nwa2', 'msolis27', 'benvau2', 'jalies2', 'kirajm2', 'zainab2', 'rali1234', 'ryanlim2', 'shuming2']"
99,389,15,25,2,"['leducricardo', 'aldofabrizzio']",12,"['empn6d', 'rml5gd', 'ampvdc', 'dcpang2', 'tmsbmc', 'kaneka', 'qiuhuic2', 'ziyue2', 'rali1234', 'sundong1994', 'sali93', 'shuming2']",23,"['maraimas', 'lucia_lopez.p', 'hecticcoder', 'rafael99', 'alonso_juarez', 'a01023758', 'a01027347', 'a01026877', 'joaquinbonavides', 'a01023042', 'chrisv212', 'a01022745', 'ayax.hernando', 'erickamc', 'freddy_rd99', 'a01022671', 'a01026747', None, 'a01022623', 'a01026852', 'a01026748', 'a01657045', 'ricardocastillejo']",37,"['maraimas', 'lucia_lopez.p', 'hecticcoder', 'rafael99', 'leducricardo', 'empn6d', 'alonso_juarez', 'a01023758', 'a01027347', 'aldofabrizzio', 'rml5gd', 'a01026877', 'ampvdc', 'joaquinbonavides', 'a01023042', 'kaneka', 'ziyue2', 'chrisv212', 'ricardocastillejo', 'a01022745', 'ayax.hernando', 'dcpang2', 'erickamc', 'freddy_rd99', 'tmsbmc', 'a01022671', 'a01026747', 'sundong1994', 'sali93', 'qiuhuic2', None, 'a01022623', 'a01026852', 'a01026748', 'a01657045', 'rali1234', 'shuming2']"
99,390,15,24,1,['aldofabrizzio'],13,"['empn6d', 'rml5gd', 'ampvdc', 'dcpang2', 'tmsbmc', 'kaneka', 'qiuhuic2', 'ziyue2', 'rali1234', 'leducricardo', 'sundong1994', 'sali93', 'shuming2']",23,"['maraimas', 'aldosolis86', 'a01025509', 'lucia_lopez.p', 'hecticcoder', 'rafael99', 'gracefulpepin', 'a01027347', 'a01026877', 'joaquinbonavides', 'a01023042', 'a01022745', 'ayax.hernando', 'freddy_rd99', 'a01022671', 'a01026747', None, 'a01022623', 'a01026852', 'a01026748', 'a01657045', 'ricardocastillejo', 'a01027592']",37,"['maraimas', 'aldosolis86', 'a01025509', 'lucia_lopez.p', 'hecticcoder', 'rafael99', 'gracefulpepin', 'leducricardo', 'empn6d', 'a01027592', 'a01027347', 'aldofabrizzio', 'rml5gd', 'a01026877', 'ampvdc', 'joaquinbonavides', 'a01023042', 'kaneka', 'ziyue2', 'ricardocastillejo', 'a01022745', 'ayax.hernando', 'dcpang2', 'freddy_rd99', 'tmsbmc', 'a01022671', 'a01026747', 'sundong1994', 'sali93', 'qiuhuic2', None, 'a01022623', 'a01026852', 'a01026748', 'a01657045', 'rali1234', 'shuming2']"
99,387,15,17,1,['aldofabrizzio'],13,"['empn6d', 'rml5gd', 'ampvdc', 'dcpang2', 'tmsbmc', 'kaneka', 'qiuhuic2', 'ziyue2', 'rali1234', 'leducricardo', 'sundong1994', 'sali93', 'shuming2']",16,"['a01026852', 'maraimas', 'a01022745', 'ayax.hernando', 'erickamc', 'freddy_rd99', 'a01026748', 'hecticcoder', 'a01023042', 'a01657045', 'a01022671', 'ana4mars', 'rafael99', 'ricardocastillejo', None, 'a01022623']",30,"['maraimas', 'a01022745', 'ricardocastillejo', 'ayax.hernando', 'dcpang2', 'erickamc', 'freddy_rd99', 'tmsbmc', 'hecticcoder', 'a01022671', 'rafael99', 'leducricardo', 'sundong1994', 'sali93', 'qiuhuic2', None, 'a01022623', 'empn6d', 'a01026852', 'aldofabrizzio', 'rml5gd', 'ampvdc', 'a01026748', 'a01023042', 'kaneka', 'a01657045', 'ana4mars', 'ziyue2', 'rali1234', 'shuming2']"
99,388,15,9,4,"['rml5gd', 'empn6d', 'ampvdc', 'tmsbmc']",10,"['aldofabrizzio', 'dcpang2', 'kaneka', 'qiuhuic2', 'ziyue2', 'rali1234', 'leducricardo', 'sundong1994', 'sali93', 'shuming2']",5,"['atbqm9', 'smsqn9', 'jfmfx7', 'dlipke', None]",19,"['dcpang2', 'tmsbmc', 'dlipke', 'leducricardo', 'sundong1994', 'sali93', 'qiuhuic2', None, 'atbqm9', 'empn6d', 'aldofabrizzio', 'rml5gd', 'ampvdc', 'kaneka', 'smsqn9', 'ziyue2', 'jfmfx7', 'rali1234', 'shuming2']"
100,34,15,25,4,"['espe.ruiz1177', 'aizquierdop310899', 'isabelm.gonzalez27', 'isloes12']",10,"['adribetid99', 'hanaamehdisefiani', 'dariorom', 'carlosmaperez', 'jesusmrquez96', 'armoar', 'palomago1998', 'isacayrasso', 'lucrodsil', 'manups0508']",21,"['oscarguerravinuesa', 'josemanuel.alvarez.perez', 'albersabo99', 'saragonzalezmiguez', 'stephania23', 'davidruiz', 'anapv177', 'juaniito82', 'foojorge', 'marcobaleato', 'agustin.aranda310', 'martin.mg98.10', None, 'aaronrivasterron', 'inesojeda98', 'rospalhur16', 'roberto7visosfc2010', 'atsui75', 'sabela.fernandez.r', 'sabe425', 'noelianavarromoreno']",35,"['oscarguerravinuesa', 'josemanuel.alvarez.perez', 'dariorom', 'albersabo99', 'saragonzalezmiguez', 'stephania23', 'lucrodsil', 'davidruiz', 'adribetid99', 'anapv177', 'juaniito82', 'carlosmaperez', 'jesusmrquez96', 'isloes12', 'foojorge', 'aizquierdop310899', 'marcobaleato', 'agustin.aranda310', 'isabelm.gonzalez27', 'martin.mg98.10', 'isacayrasso', None, 'espe.ruiz1177', 'aaronrivasterron', 'hanaamehdisefiani', 'inesojeda98', 'rospalhur16', 'roberto7visosfc2010', 'atsui75', 'sabela.fernandez.r', 'sabe425', 'armoar', 'palomago1998', 'noelianavarromoreno', 'manups0508']"
100,150,15,17,5,"['adribetid99', 'hanaamehdisefiani', 'carlosmaperez', 'jesusmrquez96', 'lucrodsil']",9,"['espe.ruiz1177', 'aizquierdop310899', 'dariorom', 'isabelm.gonzalez27', 'isloes12', 'armoar', 'isacayrasso', 'palomago1998', 'manups0508']",12,"['carlotaarojosato1', 'maegol28899', 'joscebtap', 'jesusgq99', 'angelalopezlobo97', 'alesfc4', 'alemirmar', 'halacamacho96', 'fernanmorales99', 'aurobarroso', 'noelianavarromoreno', None]",26,"['aizquierdop310899', 'maegol28899', 'dariorom', 'halacamacho96', 'fernanmorales99', 'isabelm.gonzalez27', 'isacayrasso', 'aurobarroso', 'lucrodsil', None, 'espe.ruiz1177', 'hanaamehdisefiani', 'adribetid99', 'carlotaarojosato1', 'jesusgq99', 'joscebtap', 'angelalopezlobo97', 'carlosmaperez', 'alesfc4', 'jesusmrquez96', 'alemirmar', 'armoar', 'isloes12', 'palomago1998', 'noelianavarromoreno', 'manups0508']"
100,151,15,15,4,"['espe.ruiz1177', 'aizquierdop310899', 'isabelm.gonzalez27', 'isloes12']",10,"['adribetid99', 'hanaamehdisefiani', 'dariorom', 'carlosmaperez', 'jesusmrquez96', 'armoar', 'palomago1998', 'isacayrasso', 'lucrodsil', 'manups0508']",11,"['oscarguerravinuesa', 'inesojeda98', 'rospalhur16', 'roberto7visosfc2010', 'juaniito82', 'marparbal11', 'victorlyokc1', 'agustin.aranda310', 'pablomartinez0199', 'javier.banasco', None]",25,"['oscarguerravinuesa', 'aizquierdop310899', 'dariorom', 'marparbal11', 'agustin.aranda310', 'isabelm.gonzalez27', 'pablomartinez0199', 'isacayrasso', 'lucrodsil', None, 'espe.ruiz1177', 'hanaamehdisefiani', 'adribetid99', 'rospalhur16', 'inesojeda98', 'roberto7visosfc2010', 'juaniito82', 'carlosmaperez', 'victorlyokc1', 'jesusmrquez96', 'armoar', 'isloes12', 'palomago1998', 'javier.banasco', 'manups0508']"
100,33,15,14,5,"['adribetid99', 'carlosmaperez', 'jesusmrquez96', 'isloes12', 'lucrodsil']",9,"['espe.ruiz1177', 'hanaamehdisefiani', 'aizquierdop310899', 'dariorom', 'isabelm.gonzalez27', 'armoar', 'palomago1998', 'isacayrasso', 'manups0508']",9,"['maegol28899', 'jesusgq99', 'joscebtap', 'jacfomg', 'angelalopezlobo97', 'victorlyokc1', 'alemirmar', 'fernanmorales99', None]",23,"['aizquierdop310899', 'maegol28899', 'dariorom', 'fernanmorales99', 'isabelm.gonzalez27', 'isacayrasso', 'lucrodsil', None, 'espe.ruiz1177', 'hanaamehdisefiani', 'adribetid99', 'joscebtap', 'jesusgq99', 'jacfomg', 'angelalopezlobo97', 'carlosmaperez', 'victorlyokc1', 'jesusmrquez96', 'alemirmar', 'armoar', 'isloes12', 'palomago1998', 'manups0508']"
100,563,15,13,5,"['adribetid99', 'hanaamehdisefiani', 'carlosmaperez', 'jesusmrquez96', 'lucrodsil']",9,"['espe.ruiz1177', 'aizquierdop310899', 'dariorom', 'isabelm.gonzalez27', 'isloes12', 'armoar', 'isacayrasso', 'palomago1998', 'manups0508']",8,"['carlotaarojosato1', 'maegol28899', 'joscebtap', 'alesfc4', 'fernanmorales99', 'aurobarroso', None, 'luciafernandeztroncoso']",22,"['aizquierdop310899', 'maegol28899', 'dariorom', 'fernanmorales99', 'isabelm.gonzalez27', 'isacayrasso', 'aurobarroso', 'lucrodsil', None, 'luciafernandeztroncoso', 'espe.ruiz1177', 'hanaamehdisefiani', 'adribetid99', 'carlotaarojosato1', 'joscebtap', 'carlosmaperez', 'alesfc4', 'jesusmrquez96', 'armoar', 'isloes12', 'palomago1998', 'manups0508']"
100,376,15,12,4,"['adribetid99', 'lucrodsil', 'carlosmaperez', 'jesusmrquez96']",10,"['espe.ruiz1177', 'hanaamehdisefiani', 'aizquierdop310899', 'dariorom', 'isabelm.gonzalez27', 'isloes12', 'armoar', 'isacayrasso', 'palomago1998', 'manups0508']",8,"['maegol28899', 'jesusgq99', 'alesfc4', 'alemirmar', 'fernanmorales99', 'aurobarroso', 'noelianavarromoreno', None]",22,"['aizquierdop310899', 'maegol28899', 'dariorom', 'fernanmorales99', 'isabelm.gonzalez27', 'isacayrasso', 'aurobarroso', 'lucrodsil', None, 'espe.ruiz1177', 'hanaamehdisefiani', 'adribetid99', 'jesusgq99', 'carlosmaperez', 'alesfc4', 'jesusmrquez96', 'alemirmar', 'armoar', 'isloes12', 'palomago1998', 'noelianavarromoreno', 'manups0508']"
100,123,15,10,4,"['adribetid99', 'lucrodsil', 'carlosmaperez', 'jesusmrquez96']",10,"['espe.ruiz1177', 'hanaamehdisefiani', 'aizquierdop310899', 'dariorom', 'isabelm.gonzalez27', 'isloes12', 'armoar', 'isacayrasso', 'palomago1998', 'manups0508']",6,"['maegol28899', 'joscebtap', 'jesusgq99', 'victorlyokc1', 'alemirmar', None]",20,"['aizquierdop310899', 'maegol28899', 'dariorom', 'isabelm.gonzalez27', 'isacayrasso', 'lucrodsil', None, 'espe.ruiz1177', 'hanaamehdisefiani', 'adribetid99', 'jesusgq99', 'joscebtap', 'carlosmaperez', 'victorlyokc1', 'jesusmrquez96', 'alemirmar', 'armoar', 'isloes12', 'palomago1998', 'manups0508']"
100,564,15,10,3,"['espe.ruiz1177', 'aizquierdop310899', 'isloes12']",11,"['adribetid99', 'hanaamehdisefiani', 'dariorom', 'carlosmaperez', 'jesusmrquez96', 'isabelm.gonzalez27', 'armoar', 'palomago1998', 'isacayrasso', 'lucrodsil', 'manups0508']",7,"['oscarguerravinuesa', 'inesojeda98', 'rospalhur16', 'marparbal11', 'juaniito82', 'noelianavarromoreno', None]",21,"['oscarguerravinuesa', 'aizquierdop310899', 'dariorom', 'marparbal11', 'isabelm.gonzalez27', 'isacayrasso', 'lucrodsil', None, 'espe.ruiz1177', 'hanaamehdisefiani', 'adribetid99', 'rospalhur16', 'inesojeda98', 'juaniito82', 'carlosmaperez', 'jesusmrquez96', 'armoar', 'isloes12', 'palomago1998', 'noelianavarromoreno', 'manups0508']"
100,377,15,9,3,"['espe.ruiz1177', 'aizquierdop310899', 'isabelm.gonzalez27']",11,"['adribetid99', 'hanaamehdisefiani', 'dariorom', 'carlosmaperez', 'jesusmrquez96', 'armoar', 'isloes12', 'palomago1998', 'isacayrasso', 'lucrodsil', 'manups0508']",6,"['oscarguerravinuesa', 'inesojeda98', 'roberto7visosfc2010', 'juaniito82', 'agustin.aranda310', None]",20,"['oscarguerravinuesa', 'aizquierdop310899', 'dariorom', 'agustin.aranda310', 'isabelm.gonzalez27', 'isacayrasso', 'lucrodsil', None, 'espe.ruiz1177', 'hanaamehdisefiani', 'adribetid99', 'inesojeda98', 'roberto7visosfc2010', 'juaniito82', 'carlosmaperez', 'jesusmrquez96', 'armoar', 'isloes12', 'palomago1998', 'manups0508']"
100,152,15,7,1,['lucrodsil'],13,"['espe.ruiz1177', 'hanaamehdisefiani', 'aizquierdop310899', 'adribetid99', 'dariorom', 'carlosmaperez', 'jesusmrquez96', 'isabelm.gonzalez27', 'isloes12', 'armoar', 'isacayrasso', 'palomago1998', 'manups0508']",6,"['maegol28899', 'jesusgq99', 'joscebtap', 'angelalopezlobo97', 'fernanmorales99', None]",20,"['aizquierdop310899', 'maegol28899', 'dariorom', 'fernanmorales99', 'isabelm.gonzalez27', 'isacayrasso', 'lucrodsil', None, 'espe.ruiz1177', 'hanaamehdisefiani', 'adribetid99', 'joscebtap', 'jesusgq99', 'angelalopezlobo97', 'carlosmaperez', 'jesusmrquez96', 'armoar', 'isloes12', 'palomago1998', 'manups0508']"
100,120,15,6,1,['isabelm.gonzalez27'],13,"['espe.ruiz1177', 'hanaamehdisefiani', 'aizquierdop310899', 'adribetid99', 'dariorom', 'carlosmaperez', 'jesusmrquez96', 'armoar', 'isloes12', 'palomago1998', 'isacayrasso', 'lucrodsil', 'manups0508']",5,"['oscarguerravinuesa', 'inesojeda98', 'roberto7visosfc2010', 'juaniito82', None]",19,"['oscarguerravinuesa', 'aizquierdop310899', 'dariorom', 'isabelm.gonzalez27', 'isacayrasso', 'lucrodsil', None, 'espe.ruiz1177', 'hanaamehdisefiani', 'adribetid99', 'inesojeda98', 'roberto7visosfc2010', 'juaniito82', 'carlosmaperez', 'jesusmrquez96', 'armoar', 'isloes12', 'palomago1998', 'manups0508']"
101,538,15,7,4,"['18d070055', 'nehashree', '18d070040', 'prashants31']",10,"['anuranandas', 'spencer.travis97', 'ashutoshranjan253', 'esha.kulawe', 'kiragr1999', 'diwanprakhar', 'ratul.bnj', 'diti', 'bartonwang93', 'pradhi01']",3,"['hanifc5', 'shubhampatil2.107', None]",17,"['hanifc5', 'shubhampatil2.107', 'spencer.travis97', '18d070055', '18d070040', 'nehashree', None, 'ratul.bnj', 'anuranandas', 'ashutoshranjan253', 'esha.kulawe', 'kiragr1999', 'diwanprakhar', 'prashants31', 'diti', 'bartonwang93', 'pradhi01']"
102,366,14,29,9,"['ecmcdowell', 'mramos92', 'tai417', 'seamus74', 'pdfrench', 'lama9', 'zzgzzg', 'shengyan', 'yuq']",4,"['kgudi', 'liangyix', 'hute99', 'biuhuang']",20,"['pcrao', 'cmack', 'matt1251', 'kcortez8', 'nwhaynes', 'jdzhou', 'smomjian', 'rohitm99', 'cmserrao', 'wwinche', 'nioxject', 'mkanoi', 'misael21', 'smejia97', 'ajlayton', None, 'kmizuish', 'averyga', 'seraphineliu', 'jrgraham']",33,"['pcrao', 'mramos92', 'cmack', 'matt1251', 'pdfrench', 'seamus74', 'nwhaynes', 'kcortez8', 'jdzhou', 'shengyan', 'smomjian', 'hute99', 'rohitm99', 'cmserrao', 'wwinche', 'tai417', 'nioxject', 'liangyix', 'biuhuang', 'ecmcdowell', 'mkanoi', 'misael21', 'smejia97', 'ajlayton', 'lama9', 'zzgzzg', None, 'kgudi', 'kmizuish', 'averyga', 'seraphineliu', 'jrgraham', 'yuq']"
104,506,14,56,3,"['dlwjdtlr97', 'llssmm9710', 'ykhykh3587']",10,"['valvon', 'andyb123', 'kaisshaikh7290', 'gillesk', 'mcdougo', 'orlandb', 'picentj', 'paulinc', 'grantwt', 'dicksow']",53,"['nkm4095', 'gmlwn4897', 'jungmin0322', 'raw1250', 'rlafbehd3', 'minsong0313', 'wogml622', 'ojiow', 'rlawjddus6825', 'wkwjsrjekffk', 'chubbypet2', 'zneet456', 'hee_jun', 'juyeon', 'guswo50', 'seunghun4757', 'hilsong', 'guddnr6423', 'jisukim0423', 'hjlim9612', 'homme0214', 'yongsik', 'yeny28', 'yoonwe00', 'hhw3481', 'youjy1105', 'imsad', 'ksh97050310', 'paragt1026', 'rlatnals874', 'dff123123', 'dongsun0801', 'skyxz123', 'potatochip0617', None, 'smustudyaccout', 'gaeun0215', 'haseungho', 'leesijin120', 'okjaegeun', 'poby', 'kgj0328', 'tpghks9708', 'tuco96', 'kim980407', 'duswl2510', 'sse09137798', 'dctbelieve', 'seobstantial', 'pongdong2323', 'ekdmss31', 'yejun990721', 'recomendneko']",66,"['kaisshaikh7290', 'rlafbehd3', 'mcdougo', 'rlawjddus6825', 'grantwt', 'zneet456', 'dlwjdtlr97', 'valvon', 'seunghun4757', 'paulinc', 'hilsong', 'hjlim9612', 'homme0214', 'yongsik', 'yeny28', 'youjy1105', 'orlandb', 'ksh97050310', 'paragt1026', 'dongsun0801', 'potatochip0617', 'ykhykh3587', 'smustudyaccout', 'haseungho', 'llssmm9710', 'leesijin120', 'kgj0328', 'tuco96', 'sse09137798', 'yejun990721', 'recomendneko', 'nkm4095', 'gmlwn4897', 'jungmin0322', 'andyb123', 'raw1250', 'minsong0313', 'wogml622', 'ojiow', 'wkwjsrjekffk', 'chubbypet2', 'hee_jun', 'juyeon', 'guswo50', 'guddnr6423', 'jisukim0423', 'yoonwe00', 'hhw3481', 'gillesk', 'imsad', 'rlatnals874', 'dff123123', 'skyxz123', None, 'gaeun0215', 'okjaegeun', 'poby', 'picentj', 'tpghks9708', 'kim980407', 'duswl2510', 'dctbelieve', 'seobstantial', 'pongdong2323', 'ekdmss31', 'dicksow']"
104,505,14,7,5,"['valvon', 'picentj', 'mcdougo', 'gillesk', 'grantwt']",8,"['dlwjdtlr97', 'llssmm9710', 'andyb123', 'kaisshaikh7290', 'paulinc', 'orlandb', 'ykhykh3587', 'dicksow']",2,"['gherasi', None]",15,"['andyb123', 'kaisshaikh7290', 'gillesk', 'mcdougo', 'orlandb', 'grantwt', 'gherasi', None, 'ykhykh3587', 'dlwjdtlr97', 'llssmm9710', 'valvon', 'picentj', 'paulinc', 'dicksow']"
104,514,14,7,5,"['valvon', 'picentj', 'mcdougo', 'gillesk', 'grantwt']",8,"['dlwjdtlr97', 'llssmm9710', 'andyb123', 'kaisshaikh7290', 'paulinc', 'orlandb', 'ykhykh3587', 'dicksow']",2,"['gherasi', None]",15,"['andyb123', 'kaisshaikh7290', 'gillesk', 'mcdougo', 'orlandb', 'grantwt', 'gherasi', None, 'ykhykh3587', 'dlwjdtlr97', 'llssmm9710', 'valvon', 'picentj', 'paulinc', 'dicksow']"
105,426,14,15,1,['rt2599'],12,"['kwokkawa21', 'saikv9573sai', 'gamerdavid898', 'vijaydurgareddy9', 'oliz6845', 'arthuryimmm', 'tktkwantao', 'nagarjunabayinedi', 'jtxingcuhk', 'austincst0630', 'hamzashili', 'sun971217']",14,"['shivambutere', 'deepak1999', 'swaminiaher', 'hrishikesh.gawas99', 'pratikgodbole', 'priyankawani', 'vinkitajm', 'pranay.mestri', 'vishal001', 'shradhaj', None, 'bhaskar.vankala.bv', 'omkar1999', 'rohantambe']",27,"['saikv9573sai', 'swaminiaher', 'vijaydurgareddy9', 'hrishikesh.gawas99', 'pratikgodbole', 'arthuryimmm', 'nagarjunabayinedi', 'vinkitajm', 'pranay.mestri', 'vishal001', 'hamzashili', 'bhaskar.vankala.bv', None, 'sun971217', 'oliz6845', 'shradhaj', 'omkar1999', 'kwokkawa21', 'shivambutere', 'deepak1999', 'gamerdavid898', 'rt2599', 'priyankawani', 'tktkwantao', 'jtxingcuhk', 'austincst0630', 'rohantambe']"
105,427,14,8,7,"['kwokkawa21', 'gamerdavid898', 'arthuryimmm', 'tktkwantao', 'jtxingcuhk', 'austincst0630', 'oliz6845']",6,"['saikv9573sai', 'vijaydurgareddy9', 'nagarjunabayinedi', 'rt2599', 'hamzashili', 'sun971217']",1,[None],14,"['saikv9573sai', 'vijaydurgareddy9', 'arthuryimmm', 'nagarjunabayinedi', 'hamzashili', None, 'sun971217', 'oliz6845', 'kwokkawa21', 'gamerdavid898', 'rt2599', 'tktkwantao', 'jtxingcuhk', 'austincst0630']"
108,101,13,9,7,"['sddfasffg1223', 'oih8uyhhhkiihif5slpiojj', 'bat66ool95', 'nad23', 'alif76592', 'fatmhdnan47', 'bdalhsynly324']",5,"['jwood1985', 'sean.f1', 'nora85abrahem', 'saef.almodares', 'ktlam']",2,"[None, 'hajer.m.almalky']",14,"['jwood1985', 'bat66ool95', 'nad23', 'nora85abrahem', 'hajer.m.almalky', None, 'sddfasffg1223', 'oih8uyhhhkiihif5slpiojj', 'sean.f1', 'ktlam', 'alif76592', 'fatmhdnan47', 'saef.almodares', 'bdalhsynly324']"
109,226,13,12,7,"['k.sem1996', 'nadavgvili22', 'vano4411', 'lshliom79', 'lihigold67', 'avi.shkef', 'orelhuta']",5,"['ronbd2', 'lior', 'guyod1', 'hilayi15691', 'avielkeshet123']",5,"['niks10', 'amitsh', 'michal.balberg', 'talhaim11', None]",17,"['k.sem1996', 'orelhuta', 'niks10', 'michal.balberg', 'lior', 'lshliom79', 'lihigold67', 'hilayi15691', 'avi.shkef', 'talhaim11', None, 'ronbd2', 'guyod1', 'vano4411', 'nadavgvili22', 'amitsh', 'avielkeshet123']"
110,359,13,14,1,['reimaximo'],11,"['njm7663', 'jad1842', 'gracex', 'ymore98', 'aja5269', 'shc1518', 'jmrondinelli', 'asb5032', 'gyt1099', 'dmd7352', 'zacharyvexler2022']",13,"['rylanndoering', 'ty.sebastian', 'eddie.lam155', 'jacksonuhryn1', 'sarahforman', 'justin308', None, 'mackinleylove', 'cpatski', 'smirti.pokhrel', 'kevans', 'diplatmech', 'tylerkiyonaga']",25,"['njm7663', 'jad1842', 'gracex', 'aja5269', 'shc1518', 'jmrondinelli', 'rylanndoering', 'jacksonuhryn1', 'gyt1099', 'eddie.lam155', 'sarahforman', 'justin308', 'cpatski', 'zacharyvexler2022', None, 'ymore98', 'asb5032', 'ty.sebastian', 'dmd7352', 'mackinleylove', 'reimaximo', 'smirti.pokhrel', 'kevans', 'diplatmech', 'tylerkiyonaga']"
110,285,13,13,10,"['njm7663', 'jad1842', 'gracex', 'ymore98', 'aja5269', 'shc1518', 'asb5032', 'gyt1099', 'dmd7352', 'zacharyvexler2022']",2,"['reimaximo', 'jmrondinelli']",3,"['ved4399', 'kdm4072', None]",15,"['njm7663', 'jad1842', 'gracex', 'aja5269', 'shc1518', 'jmrondinelli', 'gyt1099', 'zacharyvexler2022', None, 'ymore98', 'ved4399', 'asb5032', 'dmd7352', 'reimaximo', 'kdm4072']"
110,360,13,11,10,"['ymore98', 'jad1842', 'gracex', 'aja5269', 'shc1518', 'njm7663', 'jmrondinelli', 'asb5032', 'gyt1099', 'dmd7352']",2,"['reimaximo', 'zacharyvexler2022']",1,[None],13,"['njm7663', 'jad1842', 'gracex', 'aja5269', 'shc1518', 'jmrondinelli', 'gyt1099', 'zacharyvexler2022', None, 'ymore98', 'asb5032', 'dmd7352', 'reimaximo']"
111,416,13,10,9,"['kzbioe209', 'lautman', 'taylor17', 'jdweiss', 'madrose', 'nj233', 'kariascaria', 'ck2514', 'nenright']",3,"['noahf', 'eajertoh3', 'markl21']",1,[None],13,"['kzbioe209', 'lautman', 'jdweiss', 'eajertoh3', 'markl21', 'kariascaria', None, 'taylor17', 'madrose', 'nj233', 'noahf', 'ck2514', 'nenright']"
111,417,13,9,8,"['kzbioe209', 'lautman', 'taylor17', 'madrose', 'nj233', 'kariascaria', 'ck2514', 'nenright']",4,"['noahf', 'jdweiss', 'eajertoh3', 'markl21']",1,[None],13,"['kzbioe209', 'lautman', 'jdweiss', 'eajertoh3', 'markl21', 'kariascaria', None, 'taylor17', 'madrose', 'nj233', 'noahf', 'ck2514', 'nenright']"
111,603,13,9,8,"['kzbioe209', 'lautman', 'taylor17', 'madrose', 'nj233', 'kariascaria', 'ck2514', 'nenright']",4,"['noahf', 'jdweiss', 'eajertoh3', 'markl21']",1,[None],13,"['kzbioe209', 'lautman', 'jdweiss', 'eajertoh3', 'markl21', 'kariascaria', None, 'taylor17', 'madrose', 'nj233', 'noahf', 'ck2514', 'nenright']"
112,624,13,8,7,"['ml2328', 'aa846', 'bem76', 'mt779', 'gef45', 'jna39', 'ljr87']",5,"['aaron.johnstonpeck', 'rhy27', 'cef93', 'wqx', 'cml66']",1,[None],13,"['aaron.johnstonpeck', 'aa846', 'bem76', 'rhy27', 'gef45', 'cef93', 'cml66', None, 'ml2328', 'mt779', 'jna39', 'wqx', 'ljr87']"
115,190,12,9,3,"['pratieekksingh05', 'rpitfootsteps', 'btech19eskec009']",8,"['gansh7121', 'malikakhandelwal03', 'riyajain21082000', 'btech19eskec056', 'parul67506jain', 'kunalv2746', 'as0081', 'mail2ankur22']",6,"['jackrayn48', 'manishabalani2001', 'rahul.ec.29', 'kumarisidhi24', 'hardiktyagi007', None]",17,"['malikakhandelwal03', 'jackrayn48', 'btech19eskec056', 'btech19eskec009', 'kumarisidhi24', 'kunalv2746', None, 'as0081', 'mail2ankur22', 'gansh7121', 'rpitfootsteps', 'riyajain21082000', 'manishabalani2001', 'pratieekksingh05', 'rahul.ec.29', 'parul67506jain', 'hardiktyagi007']"
116,385,12,13,10,"['pamequesada1216', 'dayana.acuna1996', 'jquirosn044', 'adrianacorderoretana', 'smadrigalb247', 'lf1810camacho', 'caro.vargasz97', 'ainhoacalvo21', 'kristelsolera', 'abxelvc']",1,['nikjo504'],3,"['danrodmar10', None, 'carla.gomezquiros']",14,"['pamequesada1216', 'carla.gomezquiros', 'adrianacorderoretana', 'caro.vargasz97', 'danrodmar10', None, 'kristelsolera', 'dayana.acuna1996', 'jquirosn044', 'smadrigalb247', 'lf1810camacho', 'nikjo504', 'ainhoacalvo21', 'abxelvc']"
116,386,12,12,10,"['pamequesada1216', 'dayana.acuna1996', 'jquirosn044', 'adrianacorderoretana', 'smadrigalb247', 'lf1810camacho', 'caro.vargasz97', 'ainhoacalvo21', 'kristelsolera', 'abxelvc']",1,['nikjo504'],2,"[None, 'carla.gomezquiros']",13,"['pamequesada1216', 'carla.gomezquiros', 'adrianacorderoretana', 'caro.vargasz97', None, 'kristelsolera', 'dayana.acuna1996', 'jquirosn044', 'smadrigalb247', 'lf1810camacho', 'nikjo504', 'ainhoacalvo21', 'abxelvc']"
117,343,12,7,3,"['sathikrishnas18', 'srinandhini', 'kcharankumark143']",8,"['varanasivnr', 'sannithir18', 'ssuryaa18', 'mathyamrajesha18', 'thummalakarthikeyani19', 'ummitivyshnavi', 'saicharithguturu9494', 'vangapoojitha2001']",4,"['krupadanamrock98', None, 'adarshrag', 'mohanchokkalingam']",15,"['varanasivnr', 'sannithir18', 'thummalakarthikeyani19', 'mathyamrajesha18', 'ssuryaa18', 'kcharankumark143', 'sathikrishnas18', 'krupadanamrock98', 'mohanchokkalingam', 'vangapoojitha2001', 'saicharithguturu9494', 'srinandhini', 'ummitivyshnavi', None, 'adarshrag']"
118,353,12,10,6,"['hynesm', 'lstepbac', 'sande117', 'jbucknor', 'whiteh15', 'astruckj']",5,"['render', 'rtangdan', 'lpmarcos', 'akotanga', 'lthreet']",4,"[None, 'ckrest', 'gentry9', 'quezadab']",15,"['render', 'hynesm', 'lstepbac', 'jbucknor', 'gentry9', 'ckrest', 'whiteh15', 'quezadab', None, 'astruckj', 'sande117', 'rtangdan', 'lpmarcos', 'akotanga', 'lthreet']"
121,369,12,8,5,"['zero1112002', 'mustafacannacak55', 'ryteliu', 'just_krut', 'monika2001']",6,"['jokubask', 'julcep', 'vdaugintis9', 'augmantas', 'mantassabaliauskas22', 'skaiste']",3,"[None, 'dominykasspammail', 'krisseskausk']",14,"['jokubask', 'julcep', 'vdaugintis9', 'ryteliu', 'just_krut', 'mantassabaliauskas22', 'monika2001', None, 'zero1112002', 'mustafacannacak55', 'dominykasspammail', 'augmantas', 'skaiste', 'krisseskausk']"
122,111,12,12,4,"['lajack15', 'rchang8', 'spicard2', 'mjwood2']",7,"['slyoun14', 'vdelpont', 'mgatewo1', 'galope17', 'aksklar', 'jrami112', 'llauw']",8,"['tdsmit37', 'smday2', 'mtyarter', 'ramybabagha', 'gsamuel1', None, 'jgshaffe', 'awsmit21']",19,"['aksklar', 'mjwood2', 'mtyarter', 'llauw', 'spicard2', 'ramybabagha', None, 'jgshaffe', 'slyoun14', 'vdelpont', 'mgatewo1', 'tdsmit37', 'rchang8', 'galope17', 'smday2', 'lajack15', 'jrami112', 'gsamuel1', 'awsmit21']"
122,71,12,6,3,"['lajack15', 'spicard2', 'mjwood2']",8,"['slyoun14', 'vdelpont', 'mgatewo1', 'rchang8', 'aksklar', 'galope17', 'jrami112', 'llauw']",3,"['jgshaffe', None, 'tdsmit37']",14,"['slyoun14', 'vdelpont', 'mgatewo1', 'tdsmit37', 'rchang8', 'aksklar', 'mjwood2', 'galope17', 'lajack15', 'jrami112', 'llauw', 'spicard2', None, 'jgshaffe']"
122,115,12,6,3,"['lajack15', 'spicard2', 'mjwood2']",8,"['slyoun14', 'vdelpont', 'mgatewo1', 'rchang8', 'aksklar', 'galope17', 'jrami112', 'llauw']",3,"['jgshaffe', None, 'tdsmit37']",14,"['slyoun14', 'vdelpont', 'mgatewo1', 'tdsmit37', 'rchang8', 'aksklar', 'mjwood2', 'galope17', 'lajack15', 'jrami112', 'llauw', 'spicard2', None, 'jgshaffe']"
123,46,12,12,10,"['virinchixd', 'zihuijin', 'baseteamfans', 'chizhang', 'w2698919274', 'imdad', 'david.correatski', 'kafka2339', 'chloi', 'andreasch95']",1,['haiqinxie98'],2,"['hithikshakrishnamurthy', None]",13,"['zihuijin', 'baseteamfans', 'w2698919274', None, 'andreasch95', 'kafka2339', 'virinchixd', 'imdad', 'hithikshakrishnamurthy', 'david.correatski', 'chloi', 'haiqinxie98', 'chizhang']"
123,44,12,11,8,"['virinchixd', 'zihuijin', 'baseteamfans', 'chizhang', 'david.correatski', 'chloi', 'haiqinxie98', 'kafka2339']",3,"['w2698919274', 'imdad', 'andreasch95']",3,"['gunta72', 'hithikshakrishnamurthy', None]",14,"['zihuijin', 'baseteamfans', 'w2698919274', None, 'andreasch95', 'kafka2339', 'virinchixd', 'gunta72', 'imdad', 'hithikshakrishnamurthy', 'david.correatski', 'chloi', 'haiqinxie98', 'chizhang']"
123,357,12,11,9,"['chloi', 'zihuijin', 'baseteamfans', 'chizhang', 'imdad', 'david.correatski', 'kafka2339', 'w2698919274', 'andreasch95']",2,"['virinchixd', 'haiqinxie98']",2,"['gunta72', None]",13,"['zihuijin', 'baseteamfans', 'w2698919274', None, 'andreasch95', 'kafka2339', 'virinchixd', 'gunta72', 'imdad', 'david.correatski', 'chloi', 'haiqinxie98', 'chizhang']"
124,335,12,10,8,"['smousav1', 'aelhada1', 'jzorcik1', 'zraymond', 'soni1', 'hzhan141', 'lconnor2', 'praveen210']",3,"['srichte3', 'jlucian3', 'ytian30']",2,"[None, 'mlanders']",13,"['aelhada1', 'jzorcik1', 'soni1', None, 'jlucian3', 'smousav1', 'mlanders', 'srichte3', 'zraymond', 'ytian30', 'hzhan141', 'lconnor2', 'praveen210']"
124,500,12,10,8,"['smousav1', 'aelhada1', 'jzorcik1', 'zraymond', 'soni1', 'hzhan141', 'lconnor2', 'praveen210']",3,"['srichte3', 'jlucian3', 'ytian30']",2,"[None, 'mlanders']",13,"['aelhada1', 'jzorcik1', 'soni1', None, 'jlucian3', 'smousav1', 'mlanders', 'srichte3', 'zraymond', 'ytian30', 'hzhan141', 'lconnor2', 'praveen210']"
124,509,12,9,7,"['smousav1', 'aelhada1', 'jzorcik1', 'zraymond', 'soni1', 'hzhan141', 'praveen210']",4,"['srichte3', 'jlucian3', 'lconnor2', 'ytian30']",2,"[None, 'mlanders']",13,"['aelhada1', 'jzorcik1', 'soni1', None, 'jlucian3', 'smousav1', 'mlanders', 'srichte3', 'zraymond', 'ytian30', 'hzhan141', 'lconnor2', 'praveen210']"
124,508,12,8,6,"['jlucian3', 'smousav1', 'aelhada1', 'jzorcik1', 'hzhan141', 'lconnor2']",5,"['srichte3', 'zraymond', 'ytian30', 'soni1', 'praveen210']",2,"[None, 'mlanders']",13,"['aelhada1', 'jzorcik1', 'soni1', None, 'jlucian3', 'smousav1', 'mlanders', 'srichte3', 'zraymond', 'ytian30', 'hzhan141', 'lconnor2', 'praveen210']"
125,517,12,9,7,"['muhammaduh1997', 'moazzamee16', 'ab.irfan5', 'ahmadrizvi', 'iqra_kiran', 'zaman', 'mansoorahmad156']",4,"['raoabrar199802', 'huzaifasuri', 'kashifbhatti388', 'rajahaiderali290']",2,"['nbutt', None]",13,"['raoabrar199802', 'huzaifasuri', 'kashifbhatti388', 'muhammaduh1997', 'rajahaiderali290', 'ab.irfan5', 'iqra_kiran', 'zaman', None, 'mansoorahmad156', 'moazzamee16', 'ahmadrizvi', 'nbutt']"
126,354,12,36,1,['swapnali'],10,"['newmeteor', 'younseungju', 'onegg99', 'gee04143', 'jwooch7', 'dlghgus020', 'ekfrhkd1708', 'dnjsdnjs0219', 'sookim.kr', 'dawnclass16']",35,"['aishwaryaparulekar1', 'crce.8279.elec', 'omkarshirsat5143', 'yashkane', '8275joel', 'crce.8250.elec', 'swaruptsaju', 'rocketman99.sc', '8262sakshi', 'bhagatmounita13', 'lokeshg109', '8455shloka', 'temulkaraarti8', 'jui', 'anjana2444', 'scriptujeyarajan', '7903ambika', '8082aniket', '8268ashley', 'avidrishik', 'sebastian123', 'crce.7866.elec', 'swapnalimakdey25', 'crce.8457.elec', 'jeetsumanto123', '8463maitreya', None, '7611ashishyadav', 'leoncastelino', '8305anmol', 'omn', 'crce.8255.elec', 'crce.8254.elec', 'crce.8300.elec', '8122vivian']",46,"['aishwaryaparulekar1', 'crce.8279.elec', 'newmeteor', 'omkarshirsat5143', 'onegg99', 'yashkane', 'gee04143', '8275joel', 'swapnali', 'dnjsdnjs0219', 'crce.8250.elec', 'sookim.kr', 'swaruptsaju', 'rocketman99.sc', '8262sakshi', 'bhagatmounita13', 'younseungju', 'lokeshg109', '8455shloka', 'temulkaraarti8', 'jui', 'ekfrhkd1708', 'scriptujeyarajan', 'anjana2444', '7903ambika', '8268ashley', '8082aniket', 'avidrishik', 'sebastian123', 'crce.7866.elec', 'jwooch7', 'swapnalimakdey25', 'crce.8457.elec', 'jeetsumanto123', '8463maitreya', None, '7611ashishyadav', 'leoncastelino', '8305anmol', 'dlghgus020', 'omn', 'crce.8255.elec', 'crce.8254.elec', 'crce.8300.elec', 'dawnclass16', '8122vivian']"
126,356,12,11,9,"['younseungju', 'onegg99', 'gee04143', 'jwooch7', 'dlghgus020', 'ekfrhkd1708', 'dnjsdnjs0219', 'sookim.kr', 'dawnclass16']",2,"['swapnali', 'newmeteor']",2,"[None, 'midoco']",13,"['newmeteor', 'onegg99', 'midoco', 'gee04143', 'jwooch7', 'swapnali', 'dnjsdnjs0219', 'sookim.kr', None, 'younseungju', 'dlghgus020', 'ekfrhkd1708', 'dawnclass16']"
130,151,11,15,1,['pablomartinez0199'],9,"['kimnh97', 'vkrishnan', 'pkempler', 'jagmohan', 'johncard962', 'rprinja', 'rand.fuad.nadia', 'admurillor', 'ajkalb']",14,"['espe.ruiz1177', 'oscarguerravinuesa', 'aizquierdop310899', 'inesojeda98', 'rospalhur16', 'roberto7visosfc2010', 'juaniito82', 'marparbal11', 'victorlyokc1', 'agustin.aranda310', 'isabelm.gonzalez27', 'isloes12', 'javier.banasco', None]",24,"['oscarguerravinuesa', 'aizquierdop310899', 'marparbal11', 'pkempler', 'agustin.aranda310', 'jagmohan', 'pablomartinez0199', 'isabelm.gonzalez27', 'rprinja', None, 'admurillor', 'espe.ruiz1177', 'rospalhur16', 'inesojeda98', 'roberto7visosfc2010', 'juaniito82', 'victorlyokc1', 'vkrishnan', 'kimnh97', 'johncard962', 'isloes12', 'javier.banasco', 'rand.fuad.nadia', 'ajkalb']"
132,5,11,8,7,"['reddyharshavardhan24', 'chakradhar1', 'bhuvanachandra26', 'gnanak9', 'mayaluru1999', 'shivashiva7264', '8309642056sagar']",3,"['pmi2017002', 'rahulmg.ec17', 'z.wei']",1,[None],11,"['z.wei', 'rahulmg.ec17', 'reddyharshavardhan24', 'chakradhar1', 'bhuvanachandra26', 'gnanak9', 'mayaluru1999', 'pmi2017002', None, 'shivashiva7264', '8309642056sagar']"
132,325,11,7,1,['z.wei'],9,"['rahulmg.ec17', 'reddyharshavardhan24', 'chakradhar1', 'bhuvanachandra26', 'gnanak9', 'mayaluru1999', 'pmi2017002', 'shivashiva7264', '8309642056sagar']",6,"['zh18', 'nabilhaziq', 'zixianchew', None, 'sayeem1818', 'shunzhilok']",16,"['sayeem1818', 'shunzhilok', 'z.wei', 'rahulmg.ec17', 'reddyharshavardhan24', 'chakradhar1', 'bhuvanachandra26', 'gnanak9', 'zh18', 'mayaluru1999', 'nabilhaziq', 'pmi2017002', 'zixianchew', None, 'shivashiva7264', '8309642056sagar']"
133,546,11,40,9,"['dmmr2617', 'mividaeseltamal25', 'jdsalcedo', 'sophyav', 'ldvalderrama2000', 'af.martinezt', 'mmerchs11', 'jchavezmass', 'lm.gamba']",1,['victormanuelleru'],31,"['j.mendezm', 'sergio.gomez', 'ss728', 's.leonaviles152915', 'michaels', 'juan98', 'ibuitron', 'vanvan', 'mangel.hc1109', 'carole.lorena.mc', 'alejandro21', 's.rodrigueza', 'ruedasan', 'mafetatr', 'susme2020', 'sebuchaspinzon', 'armandosernasc', 'martindanielrm15', 'd0kma', 'santmc98', 'sguerra339', 'snowartz', 'jaimesariasmjose', 'af.almanza10', None, 'juanfhcardona', 'santiago856', 'crishanderhr', 'adeavid', 'criscams', 'nguerreronaranjo']",41,"['j.mendezm', 'sergio.gomez', 'ss728', 'nguerreronaranjo', 'victormanuelleru', 's.leonaviles152915', 'mmerchs11', 'michaels', 'jchavezmass', 'juan98', 'ibuitron', 'dmmr2617', 'vanvan', 'mangel.hc1109', 'carole.lorena.mc', 'alejandro21', 's.rodrigueza', 'ruedasan', 'lm.gamba', 'mafetatr', 'susme2020', 'sebuchaspinzon', 'armandosernasc', 'martindanielrm15', 'd0kma', 'santmc98', 'sophyav', 'snowartz', 'sguerra339', 'ldvalderrama2000', 'jaimesariasmjose', 'af.almanza10', None, 'juanfhcardona', 'santiago856', 'crishanderhr', 'adeavid', 'mividaeseltamal25', 'jdsalcedo', 'criscams', 'af.martinezt']"
133,554,11,31,8,"['dmmr2617', 'mividaeseltamal25', 'jdsalcedo', 'sophyav', 'ldvalderrama2000', 'af.martinezt', 'jchavezmass', 'lm.gamba']",2,"['mmerchs11', 'victormanuelleru']",23,"['j.mendezm', 'sergio.gomez', 'ss728', 'id.escobar', 'juan98', 'ibuitron', 'vanvan', 'mangel.hc1109', 'alejandro21', 'ruedasan', 'susme2020', 'sebuchaspinzon', 'armandosernasc', 'martindanielrm15', 'd0kma', 'sguerra339', 'snowartz', None, 'af.almanza10', 'crishanderhr', 'ms.zarate8', 'criscams', 'nguerreronaranjo']",33,"['j.mendezm', 'sergio.gomez', 'ss728', 'nguerreronaranjo', 'victormanuelleru', 'id.escobar', 'mmerchs11', 'jchavezmass', 'juan98', 'ibuitron', 'dmmr2617', 'vanvan', 'mangel.hc1109', 'alejandro21', 'ruedasan', 'lm.gamba', 'susme2020', 'sebuchaspinzon', 'armandosernasc', 'martindanielrm15', 'd0kma', 'sguerra339', 'sophyav', 'snowartz', 'ldvalderrama2000', None, 'af.almanza10', 'crishanderhr', 'mividaeseltamal25', 'jdsalcedo', 'ms.zarate8', 'criscams', 'af.martinezt']"
133,102,11,30,9,"['dmmr2617', 'mividaeseltamal25', 'jdsalcedo', 'victormanuelleru', 'ldvalderrama2000', 'af.martinezt', 'mmerchs11', 'jchavezmass', 'lm.gamba']",1,['sophyav'],21,"['ss728', 'af.manrique', 's.leonaviles152915', 'michaels', 'ibuitron', 'alejandro21', 's.rodrigueza', 'ruedasan', 'mafetatr', 'sebuchaspinzon', 'martindanielrm15', 'santmc98', 'snowartz', 'jaimesariasmjose', None, 'af.almanza10', 'santiago856', 'crishanderhr', 'criscams', 'nguerreronaranjo', 'juanpablogomescla']",31,"['ss728', 'nguerreronaranjo', 'af.manrique', 'victormanuelleru', 's.leonaviles152915', 'mmerchs11', 'michaels', 'jchavezmass', 'ibuitron', 'dmmr2617', 'alejandro21', 's.rodrigueza', 'ruedasan', 'lm.gamba', 'mafetatr', 'sebuchaspinzon', 'martindanielrm15', 'santmc98', 'sophyav', 'snowartz', 'ldvalderrama2000', 'jaimesariasmjose', 'af.almanza10', None, 'santiago856', 'crishanderhr', 'mividaeseltamal25', 'jdsalcedo', 'criscams', 'af.martinezt', 'juanpablogomescla']"
133,298,11,21,3,"['mividaeseltamal25', 'jchavezmass', 'mmerchs11']",7,"['dmmr2617', 'jdsalcedo', 'sophyav', 'victormanuelleru', 'ldvalderrama2000', 'af.martinezt', 'lm.gamba']",18,"['j.mendezm', 'juanfhcardona', 'susme2020', 'sebuchaspinzon', 'sergio.gomez', 'crishanderhr', 'armandosernasc', 'd0kma', 'mangel.hc1109', 'martindanielrm15', 'santmc98', 'sguerra339', 'criscams', 'alejandro21', 'ruedasan', 'af.almanza10', None, 'ibuitron']",28,"['j.mendezm', 'susme2020', 'sebuchaspinzon', 'sergio.gomez', 'armandosernasc', 'd0kma', 'martindanielrm15', 'santmc98', 'sophyav', 'sguerra339', 'victormanuelleru', 'ldvalderrama2000', 'mmerchs11', 'jchavezmass', None, 'af.almanza10', 'ibuitron', 'dmmr2617', 'juanfhcardona', 'crishanderhr', 'mividaeseltamal25', 'jdsalcedo', 'mangel.hc1109', 'criscams', 'alejandro21', 'ruedasan', 'af.martinezt', 'lm.gamba']"
133,299,11,13,1,['mividaeseltamal25'],9,"['dmmr2617', 'jdsalcedo', 'sophyav', 'victormanuelleru', 'ldvalderrama2000', 'af.martinezt', 'mmerchs11', 'jchavezmass', 'lm.gamba']",12,"['j.mendezm', 'santiago856', 'sebuchaspinzon', 'crishanderhr', 'alizarazo1204', 'armandosernasc', 'martindanielrm15', 'd0kma', 'ss728', 'alejandro21', 'ruedasan', None]",22,"['j.mendezm', 'sebuchaspinzon', 'alizarazo1204', 'armandosernasc', 'martindanielrm15', 'd0kma', 'ss728', 'sophyav', 'victormanuelleru', 'ldvalderrama2000', 'mmerchs11', 'jchavezmass', None, 'dmmr2617', 'santiago856', 'crishanderhr', 'mividaeseltamal25', 'jdsalcedo', 'alejandro21', 'ruedasan', 'af.martinezt', 'lm.gamba']"
133,547,11,8,7,"['dmmr2617', 'mividaeseltamal25', 'jdsalcedo', 'af.martinezt', 'mmerchs11', 'jchavezmass', 'lm.gamba']",3,"['ldvalderrama2000', 'victormanuelleru', 'sophyav']",1,[None],11,"['dmmr2617', 'mividaeseltamal25', 'jdsalcedo', 'sophyav', 'victormanuelleru', 'ldvalderrama2000', None, 'af.martinezt', 'mmerchs11', 'jchavezmass', 'lm.gamba']"
134,532,11,7,5,"['caip2501', 'elo83.robert', 'andre.jacques', 'rivardje', 'fromontmaelle']",5,"['vasanth.krishna.16', 'm.puchot', 'muscato19', 'nml24', 'deltaspace']",2,"[None, 'mouny_pi']",12,"['vasanth.krishna.16', 'mouny_pi', 'caip2501', 'elo83.robert', 'm.puchot', 'muscato19', 'nml24', 'andre.jacques', None, 'deltaspace', 'rivardje', 'fromontmaelle']"
134,533,11,7,5,"['caip2501', 'elo83.robert', 'andre.jacques', 'rivardje', 'fromontmaelle']",5,"['vasanth.krishna.16', 'm.puchot', 'muscato19', 'nml24', 'deltaspace']",2,"[None, 'mouny_pi']",12,"['vasanth.krishna.16', 'mouny_pi', 'caip2501', 'elo83.robert', 'm.puchot', 'muscato19', 'nml24', 'andre.jacques', None, 'deltaspace', 'rivardje', 'fromontmaelle']"
136,140,11,36,1,['jorgel17'],9,"['delaneymcl_2', 'nick1707', 'macharyaua', 'matodunn', 'eobregon', 'abisram', 'maxwellb', 'klacey23', 'erikgren']",35,"['j.mendezm', 'lcarolopez.lecl', 'estebanboada', 'eric.klozr', 'gonzalezcamilo672', 'jaiverthadrian25', 'federicoberbesi', 'j.acostac', 'id.escobar', 'juanpa12', 'alejocibe', 'pacodelamar', 'dianasalcedo', 'davidsantiagomoncayo', 'cristianjulian132002', 'ruedasan', 'dannielmoreno', 'juan10eslav', 'juansebastiancorredor12', 'gotty', 'arizah0707', 'juancreyes201', 'd.posadap', 'danielvillarg3', 'acordero', None, 'lumodava', 'camiloarango', 'j.morenos', 'manuf.vargas36', 'ms.zarate8', 'c.escobarh', 'santy015', 'karenpolania', 'felipio32']",45,"['j.mendezm', 'lcarolopez.lecl', 'estebanboada', 'eric.klozr', 'gonzalezcamilo672', 'jaiverthadrian25', 'federicoberbesi', 'j.acostac', 'id.escobar', 'erikgren', 'juanpa12', 'santy015', 'macharyaua', 'alejocibe', 'pacodelamar', 'dianasalcedo', 'jorgel17', 'davidsantiagomoncayo', 'cristianjulian132002', 'ruedasan', 'dannielmoreno', 'juan10eslav', 'delaneymcl_2', 'juansebastiancorredor12', 'gotty', 'maxwellb', 'arizah0707', 'juancreyes201', 'd.posadap', 'danielvillarg3', 'acordero', None, 'nick1707', 'lumodava', 'matodunn', 'eobregon', 'camiloarango', 'abisram', 'j.morenos', 'manuf.vargas36', 'ms.zarate8', 'c.escobarh', 'klacey23', 'karenpolania', 'felipio32']"
136,144,11,12,7,"['delaneymcl_2', 'matodunn', 'eobregon', 'abisram', 'maxwellb', 'klacey23', 'erikgren']",3,"['jorgel17', 'nick1707', 'macharyaua']",5,"['nateserc', 'lbw', 'cnianne', 'shewlett', None]",15,"['delaneymcl_2', 'nateserc', 'cnianne', 'shewlett', 'maxwellb', 'erikgren', None, 'nick1707', 'macharyaua', 'matodunn', 'eobregon', 'lbw', 'abisram', 'jorgel17', 'klacey23']"
137,465,10,283,1,['lewisgf20'],8,"['yavuzceo', 'kienbaumjj30', 'kramervc07', 'hammir16', 'emanuele.turbanti', 'grafap24', 'ivans', 'savchukol20']",282,"['ulusoy2006', 'huseyinu', 'fafrin2', 'reuben90', 'mtakcali', 'alexander.lee', 'jhahn95', 'olivier35', 'ncm0007', 'syoonhan', 'amrita_lovelace', 'haren22', 'mariapl200896', 'thboth', 'jsanmartin1', 'ervndgn59', 'r207733', 'paezjuanagustin47', 'ogandocortes', 'pkj71794g', 'theurgeboat', 'jequito', 'cninja99', 'psuzhouy', 'enhjinhanabi', 'ogu0001', 'martinotero', 'sbentz', 'julianyordano', 'terje', 'gabriel.pzanoni', 'guillermo99', 'martin.mg98.10', 'daddysexual', 'ege.ert7', 'grantmorris656', 'v257028', 'wys142', 'u1089358', 'lenoirr', 'jaycwilson23', 'ainhoaab', 'sabe425', 'murattdo', 'kyenyarkolemuel', 'vincentdoucet22', 'octoman1080x', 'dongmingli', 'f215766', 'lkipfer', 'burnett.william', 'lpentzke', 'dolaydemirel', 'roiaso', 'emani', 'npatta.1986', 'lctasende3', 'omarloay99', 'tomasx', 'pspiotrowicz1', 'andrew217usmc', 'hcha71', 'garciacarrillojudith', 'u0916393', 'sholliday643', 'eschruba', 'charles.dambra', 'jake.m.hall876', 'philippeblaise', 'anxooo', 'lokesht123', 'sabolton', 'aravindh', 'mrbunnyman', 'also0714', 'mollykole', 'man6787', 'moshelem', 'santosalexis1817', 'semmi.spado00', 'mmei', 'kianamon', 'thomasspradley', 'borja.bayon', 'costasdiego97', 'julianawallgren', 'leeluanling123', 'miguelcb', 'sebrobarts', 'hjlim9612', 'wdeaweqwdas', 'josemanuel3', 'vritota', 'tudimubunmi', 'jimenezph', 'jsathanand', 'u1250344', 'yyerim', 'dicef', 'raul292', 'smontero', 'ts992', 'jdgerling', 'baqer', 'davidr27', 'evakolmel', 'blane', 'kayleneechong', 'sandip83', 'danielclapp99', 'durgaprasadkhatri2011', 'lobsterben13', 'saradiazr', 'lorenzoholguin12', 'ana23', 'aldanafloyd', 'mstff.1clkk', 'mahnoor.syed29', 'amandabrum', 'nguyendaniel', 'santox2000', 'matthew.jones98', 'poorar21', 'eminasuljic', 'hjp44', 'annikadasher', 'kaiseale', 'anujgarg939', 'cactusnoh', 'nicoladegiuseppe19', 'sungjoon.cho97', 'nsh0004', 's16c028b', 'deguirejasmin', 'sd226', 'nanobeam', 'm203442', 'jeus63', 'sarah.youssef', 'olga.casals', 'joshuabush', 'arif.ozkan5806', 'johndoe2341341243', 'mrtmert98', 'pw8', 'i.lutticken', 'arianebarreto', 'zse0147', 'gazerlo', 'rylandkate', 'jef325', 'chrixang18', 'halilibrahimtiken', 's16c045b', 'plaggeme', 'a194117', 'newele', 'mangabera10', 'jrobinson5', 'felipemachado', 'emreyilmazel1996', 'd093641', 'maria.irausquin', 'kellen.wise', 'caseyamick', 'magnoliajasper', '8223freret', 'cartermchris1', 'rakaiit', 'berrospidavid7', 'jschewinsky', 'cdutreil', 'wingitalways', 'tg2016', 'stiml1144', 'kodurur', 'l201843', 'mrgiraffe', 'panellink1', 'briann', 'aingles', 'rossop', 'pmcnutt2', 'choudh23', 'testeremre70', 'sungjooncho', 'krusso448', 'spazos7', 'xiaoyuzhang', 'burak9836', 'cibranlpz', 'm241617', 'rosadourada9', 'liqizhou', 'anapv177', 'c195673', 'justiejoseph', 'chastintruelove', 'kst48', 'joejfranzo', 'sqlim94', 'phhuang', 'yesimcakmakc', 'asif0047', 'fpincock', 'hlong262', 'retrewtewrt', 'jako91', 'jbonez411', 'ee17resch11016', 'nfranzoni', 'maxguipil', 'madisonmiller', 'kmerino', 'cancetinkaya1201', 'rajsingh', 'u6007941', 'trivellin', 'heatherleaf', 'nickm', 'tserenkhand', 'ethan.caballero', 'jack522577', 'oktayhalitekinay', 'maxiasensio', 'elena.gnani', 'mos_noob', 'hj980217', 'bmirzapouebe', 't224622', 'fredysanchez2', 'clizarazo', 'drogalski', 'elel30182', 'cacuy', 'abaringer', 'marcantoineduval', 'ge.6cg7', 'fedele.penna', 'aaronrivasterron', 'ronitronit119', 'cbandel', 'aaroncoonu', 'k.hildenbrand', 'asdksnfksfkmd', 'ol_ac', 'zepfan026', 'j176601', 'fatanehjenabi', 'd33r00', 'johnganiban', 'yorkiiii', 'cameronframpton', 'j218711', 'hrhlauraa', 'alirose12', 'andresaraiva', 'arno.yu610168', 'fabio.aragao.santos', 'kaynegalie', 'xiaokaizhong99', 'cheeseybacon', 'nbhat0792', 'jason.earl', 'alexdallee17', 'ashishchr', 'nmorgan1', 'nuriamjusc', 'rynk.john', 'jeption2025', 'mtynski', 'iuri', 'ftah', 'longstreetjacob', 'avivlavan', 'sebasmarquez90', 'anshshah2011', 'lerner', 'susannareggiani', 'uuganbayaro', 'hamastahir19', 'damianonetto']",291,"['ulusoy2006', 'huseyinu', 'fafrin2', 'reuben90', 'mtakcali', 'alexander.lee', 'jhahn95', 'olivier35', 'ncm0007', 'ivans', 'syoonhan', 'amrita_lovelace', 'haren22', 'mariapl200896', 'thboth', 'jsanmartin1', 'ervndgn59', 'r207733', 'paezjuanagustin47', 'ogandocortes', 'pkj71794g', 'theurgeboat', 'jequito', 'cninja99', 'psuzhouy', 'enhjinhanabi', 'ogu0001', 'martinotero', 'sbentz', 'julianyordano', 'terje', 'gabriel.pzanoni', 'guillermo99', 'martin.mg98.10', 'daddysexual', 'ege.ert7', 'grantmorris656', 'v257028', 'wys142', 'u1089358', 'lenoirr', 'jaycwilson23', 'ainhoaab', 'sabe425', 'murattdo', 'kyenyarkolemuel', 'vincentdoucet22', 'octoman1080x', 'dongmingli', 'f215766', 'lkipfer', 'burnett.william', 'lpentzke', 'dolaydemirel', 'roiaso', 'emani', 'npatta.1986', 'lctasende3', 'omarloay99', 'tomasx', 'pspiotrowicz1', 'andrew217usmc', 'hcha71', 'garciacarrillojudith', 'u0916393', 'sholliday643', 'eschruba', 'charles.dambra', 'jake.m.hall876', 'philippeblaise', 'anxooo', 'lokesht123', 'sabolton', 'aravindh', 'mrbunnyman', 'also0714', 'mollykole', 'man6787', 'kienbaumjj30', 'moshelem', 'santosalexis1817', 'semmi.spado00', 'mmei', 'kianamon', 'thomasspradley', 'borja.bayon', 'costasdiego97', 'julianawallgren', 'leeluanling123', 'miguelcb', 'sebrobarts', 'hjlim9612', 'wdeaweqwdas', 'josemanuel3', 'vritota', 'tudimubunmi', 'jimenezph', 'jsathanand', 'u1250344', 'yyerim', 'dicef', 'raul292', 'smontero', 'ts992', 'jdgerling', 'baqer', 'davidr27', 'evakolmel', 'blane', 'kayleneechong', 'sandip83', 'danielclapp99', 'durgaprasadkhatri2011', 'lobsterben13', 'saradiazr', 'lorenzoholguin12', 'ana23', 'aldanafloyd', 'mstff.1clkk', 'mahnoor.syed29', 'amandabrum', 'nguyendaniel', 'santox2000', 'matthew.jones98', 'poorar21', 'eminasuljic', 'hjp44', 'annikadasher', 'kaiseale', 'anujgarg939', 'cactusnoh', 'nicoladegiuseppe19', 'sungjoon.cho97', 'nsh0004', 's16c028b', 'deguirejasmin', 'sd226', 'nanobeam', 'm203442', 'jeus63', 'sarah.youssef', 'olga.casals', 'joshuabush', 'arif.ozkan5806', 'johndoe2341341243', 'mrtmert98', 'pw8', 'i.lutticken', 'savchukol20', 'arianebarreto', 'zse0147', 'gazerlo', 'rylandkate', 'jef325', 'chrixang18', 'halilibrahimtiken', 's16c045b', 'plaggeme', 'a194117', 'newele', 'mangabera10', 'jrobinson5', 'felipemachado', 'emreyilmazel1996', 'd093641', 'maria.irausquin', 'kellen.wise', 'grafap24', 'caseyamick', 'magnoliajasper', '8223freret', 'cartermchris1', 'rakaiit', 'berrospidavid7', 'jschewinsky', 'cdutreil', 'wingitalways', 'tg2016', 'stiml1144', 'kodurur', 'l201843', 'mrgiraffe', 'panellink1', 'briann', 'hammir16', 'aingles', 'rossop', 'pmcnutt2', 'choudh23', 'testeremre70', 'sungjooncho', 'krusso448', 'spazos7', 'xiaoyuzhang', 'burak9836', 'cibranlpz', 'm241617', 'rosadourada9', 'liqizhou', 'anapv177', 'c195673', 'justiejoseph', 'chastintruelove', 'kramervc07', 'kst48', 'joejfranzo', 'sqlim94', 'phhuang', 'yesimcakmakc', 'asif0047', 'fpincock', 'hlong262', 'retrewtewrt', 'jako91', 'jbonez411', 'ee17resch11016', 'nfranzoni', 'maxguipil', 'madisonmiller', 'kmerino', 'emanuele.turbanti', 'cancetinkaya1201', 'rajsingh', 'u6007941', 'trivellin', 'heatherleaf', 'nickm', 'yavuzceo', 'tserenkhand', 'ethan.caballero', 'jack522577', 'oktayhalitekinay', 'maxiasensio', 'elena.gnani', 'mos_noob', 'hj980217', 'bmirzapouebe', 't224622', 'fredysanchez2', 'clizarazo', 'drogalski', 'elel30182', 'cacuy', 'abaringer', 'marcantoineduval', 'ge.6cg7', 'fedele.penna', 'aaronrivasterron', 'ronitronit119', 'cbandel', 'aaroncoonu', 'k.hildenbrand', 'asdksnfksfkmd', 'ol_ac', 'zepfan026', 'j176601', 'fatanehjenabi', 'd33r00', 'johnganiban', 'yorkiiii', 'cameronframpton', 'j218711', 'hrhlauraa', 'alirose12', 'lewisgf20', 'andresaraiva', 'arno.yu610168', 'fabio.aragao.santos', 'kaynegalie', 'xiaokaizhong99', 'cheeseybacon', 'nbhat0792', 'jason.earl', 'alexdallee17', 'ashishchr', 'nmorgan1', 'nuriamjusc', 'rynk.john', 'jeption2025', 'mtynski', 'iuri', 'ftah', 'longstreetjacob', 'avivlavan', 'sebasmarquez90', 'anshshah2011', 'lerner', 'susannareggiani', 'uuganbayaro', 'hamastahir19', 'damianonetto']"
137,463,10,34,8,"['yavuzceo', 'kienbaumjj30', 'kramervc07', 'lewisgf20', 'hammir16', 'grafap24', 'ivans', 'savchukol20']",1,['emanuele.turbanti'],26,"['jacoponicolini', 'vtagare2', 'breddy4', 'brrmatteo', 'biagiocap95', 'wkloppen', 'hjgogoi24', 'nsh0004', 'raanapooshimin', 'rflores46', 'rollagrad2012', 'aildefonso3', 'jmendez100', 'jackmings1', None, 'roydouek', 'darhodes', 'recaro13', 'ktuzinowski', 'guofu', '2stranger', 'maxguipil', 'damoldov', 'turban.', 'jgarcia141', 'martinolorenzini']",35,"['jacoponicolini', 'kienbaumjj30', 'vtagare2', 'breddy4', 'brrmatteo', 'ivans', 'biagiocap95', 'yavuzceo', 'kramervc07', 'wkloppen', 'lewisgf20', 'hjgogoi24', 'nsh0004', 'grafap24', 'raanapooshimin', 'rflores46', 'rollagrad2012', 'aildefonso3', 'jackmings1', 'jmendez100', 'roydouek', None, 'darhodes', 'recaro13', 'ktuzinowski', 'guofu', '2stranger', 'maxguipil', 'damoldov', 'turban.', 'hammir16', 'jgarcia141', 'emanuele.turbanti', 'martinolorenzini', 'savchukol20']"
137,430,10,7,6,"['yavuzceo', 'kienbaumjj30', 'kramervc07', 'lewisgf20', 'grafap24', 'savchukol20']",3,"['emanuele.turbanti', 'hammir16', 'ivans']",1,[None],10,"['yavuzceo', 'kienbaumjj30', 'kramervc07', 'lewisgf20', 'hammir16', None, 'emanuele.turbanti', 'grafap24', 'ivans', 'savchukol20']"
138,575,10,32,6,"['priyankawani', 'vinkitajm', 'aakanksharozekar', 'saurabhnaikodi', 'shradhaj', 'omkar1999']",3,"['coochiemuncher', 'vishal001', 'bhaskar.vankala.bv']",26,"['mayurbhivara', 'micromechanic', 'kavita.upadhyay', 'akankshasadvelkar', 'shashankverma148', 'siddhiraut', 'shivambutere', 'satyamsawant46', 'jaimindesai', 'jaymatkar01', 'prathmesh.parab', 'gaurav2504', 'nehaknad2296', 'bagdep12', 'sarika_bukkawar', 'kshemal_gupte', 'pratikgodbole', 'shrutipatil822', 'mithil.modi', 'shivani.bhamare', None, 'sunlovesrahul', 'shilpa.kand', 'sagar.pokhariyal', 'pranavbade', 'sanika2809']",35,"['mayurbhivara', 'micromechanic', 'vinkitajm', 'vishal001', 'kavita.upadhyay', 'akankshasadvelkar', 'shashankverma148', 'saurabhnaikodi', 'siddhiraut', 'bhaskar.vankala.bv', 'shivambutere', 'satyamsawant46', 'jaimindesai', 'jaymatkar01', 'aakanksharozekar', 'prathmesh.parab', 'gaurav2504', 'nehaknad2296', 'bagdep12', 'sarika_bukkawar', 'kshemal_gupte', 'pratikgodbole', 'shrutipatil822', 'mithil.modi', 'shivani.bhamare', None, 'shradhaj', 'omkar1999', 'sunlovesrahul', 'coochiemuncher', 'shilpa.kand', 'sagar.pokhariyal', 'priyankawani', 'pranavbade', 'sanika2809']"
138,580,10,26,5,"['vinkitajm', 'vishal001', 'aakanksharozekar', 'shradhaj', 'omkar1999']",4,"['coochiemuncher', 'saurabhnaikodi', 'priyankawani', 'bhaskar.vankala.bv']",21,"['aashichaurasia1432', 'shitapvaibhav25', 'nikitapawar20999', 'shashankverma148', 'shivambutere', 'satyamsawant46', 'kmansi1612', 'nehaknad2296', 'gaurav2504', 'bagdep12', 'sarika_bukkawar', 'kshemal_gupte', 'pratikgodbole', 'mithil.modi', None, 'sandhyabhakre', 'sunnynagarji46', 'sagar.pokhariyal', 'pranavbade', 'hiwaleneha9988', 'sanika2809']",30,"['aashichaurasia1432', 'shitapvaibhav25', 'vinkitajm', 'vishal001', 'nikitapawar20999', 'shashankverma148', 'saurabhnaikodi', 'bhaskar.vankala.bv', 'shivambutere', 'satyamsawant46', 'aakanksharozekar', 'kmansi1612', 'nehaknad2296', 'gaurav2504', 'bagdep12', 'sarika_bukkawar', 'kshemal_gupte', 'pratikgodbole', 'mithil.modi', None, 'shradhaj', 'omkar1999', 'sandhyabhakre', 'coochiemuncher', 'sunnynagarji46', 'sagar.pokhariyal', 'priyankawani', 'pranavbade', 'hiwaleneha9988', 'sanika2809']"
138,426,10,15,6,"['priyankawani', 'vinkitajm', 'vishal001', 'bhaskar.vankala.bv', 'shradhaj', 'omkar1999']",3,"['coochiemuncher', 'saurabhnaikodi', 'aakanksharozekar']",9,"['shivambutere', 'deepak1999', 'swaminiaher', 'hrishikesh.gawas99', 'pratikgodbole', 'pranay.mestri', 'rt2599', None, 'rohantambe']",18,"['swaminiaher', 'hrishikesh.gawas99', 'pratikgodbole', 'vinkitajm', 'pranay.mestri', 'vishal001', 'saurabhnaikodi', None, 'bhaskar.vankala.bv', 'shradhaj', 'omkar1999', 'coochiemuncher', 'shivambutere', 'deepak1999', 'priyankawani', 'aakanksharozekar', 'rt2599', 'rohantambe']"
138,590,10,13,7,"['coochiemuncher', 'priyankawani', 'vinkitajm', 'vishal001', 'saurabhnaikodi', 'shradhaj', 'omkar1999']",2,"['aakanksharozekar', 'bhaskar.vankala.bv']",6,"['shivambutere', 'sarika_bukkawar', 'pratikgodbole', 'shashankverma148', 'pranavbade', None]",15,"['sarika_bukkawar', 'pratikgodbole', 'vinkitajm', 'vishal001', 'shashankverma148', 'saurabhnaikodi', None, 'bhaskar.vankala.bv', 'shradhaj', 'omkar1999', 'coochiemuncher', 'shivambutere', 'priyankawani', 'aakanksharozekar', 'pranavbade']"
138,425,10,12,5,"['priyankawani', 'vinkitajm', 'aakanksharozekar', 'saurabhnaikodi', 'bhaskar.vankala.bv']",4,"['coochiemuncher', 'vishal001', 'shradhaj', 'omkar1999']",7,"['rutikpanchal58', 'kshemal_gupte', 'micromechanic', 'jjb', 'vapande3006', 'vipulgawad7', None]",16,"['rutikpanchal58', 'kshemal_gupte', 'micromechanic', 'vinkitajm', 'vapande3006', 'vipulgawad7', 'vishal001', 'saurabhnaikodi', None, 'bhaskar.vankala.bv', 'shradhaj', 'omkar1999', 'coochiemuncher', 'priyankawani', 'jjb', 'aakanksharozekar']"
138,591,10,12,5,"['coochiemuncher', 'vishal001', 'aakanksharozekar', 'bhaskar.vankala.bv', 'omkar1999']",4,"['vinkitajm', 'saurabhnaikodi', 'shradhaj', 'priyankawani']",7,"['devashreedas', 'shivambutere', 'swaminiaher', 'hrishikesh.gawas99', 'pratikgodbole', 'adishetty9988', None]",16,"['devashreedas', 'swaminiaher', 'hrishikesh.gawas99', 'pratikgodbole', 'vinkitajm', 'vishal001', 'saurabhnaikodi', 'adishetty9988', None, 'bhaskar.vankala.bv', 'shradhaj', 'omkar1999', 'coochiemuncher', 'shivambutere', 'priyankawani', 'aakanksharozekar']"
138,579,10,11,7,"['priyankawani', 'vinkitajm', 'vishal001', 'aakanksharozekar', 'shradhaj', 'saurabhnaikodi', 'bhaskar.vankala.bv']",2,"['coochiemuncher', 'omkar1999']",4,"['shashankverma148', 'pranavbade', 'yadavvikas77763', None]",13,"['yadavvikas77763', 'vinkitajm', 'vishal001', 'shashankverma148', 'saurabhnaikodi', None, 'bhaskar.vankala.bv', 'shradhaj', 'omkar1999', 'coochiemuncher', 'priyankawani', 'aakanksharozekar', 'pranavbade']"
138,585,10,11,6,"['priyankawani', 'vinkitajm', 'vishal001', 'aakanksharozekar', 'saurabhnaikodi', 'shradhaj']",3,"['coochiemuncher', 'bhaskar.vankala.bv', 'omkar1999']",5,"['shivambutere', 'yadavvikas77763', 'sagar.pokhariyal', 'pranavbade', None]",14,"['yadavvikas77763', 'vinkitajm', 'vishal001', 'saurabhnaikodi', None, 'bhaskar.vankala.bv', 'shradhaj', 'omkar1999', 'coochiemuncher', 'shivambutere', 'sagar.pokhariyal', 'priyankawani', 'aakanksharozekar', 'pranavbade']"
138,573,10,6,3,"['vinkitajm', 'priyankawani', 'bhaskar.vankala.bv']",6,"['coochiemuncher', 'vishal001', 'aakanksharozekar', 'saurabhnaikodi', 'shradhaj', 'omkar1999']",3,"['abhi.jain', None, 'saikat.duttaroy']",12,"['coochiemuncher', 'priyankawani', 'saikat.duttaroy', 'vinkitajm', 'abhi.jain', 'vishal001', 'aakanksharozekar', 'bhaskar.vankala.bv', 'saurabhnaikodi', None, 'shradhaj', 'omkar1999']"
138,586,10,6,2,"['vishal001', 'omkar1999']",7,"['coochiemuncher', 'priyankawani', 'vinkitajm', 'aakanksharozekar', 'shradhaj', 'saurabhnaikodi', 'bhaskar.vankala.bv']",4,"['shashankverma148', None, 'shivambutere', 'pratikgodbole']",13,"['coochiemuncher', 'shivambutere', 'priyankawani', 'pratikgodbole', 'vinkitajm', 'vishal001', 'aakanksharozekar', 'bhaskar.vankala.bv', 'shashankverma148', 'saurabhnaikodi', None, 'shradhaj', 'omkar1999']"
138,587,10,6,1,['omkar1999'],8,"['coochiemuncher', 'priyankawani', 'vinkitajm', 'vishal001', 'aakanksharozekar', 'shradhaj', 'saurabhnaikodi', 'bhaskar.vankala.bv']",5,"['sarika_bukkawar', 'pratikgodbole', 'mithil.modi', 'shashankverma148', None]",14,"['coochiemuncher', 'sarika_bukkawar', 'priyankawani', 'pratikgodbole', 'vinkitajm', 'vishal001', 'aakanksharozekar', 'mithil.modi', 'bhaskar.vankala.bv', 'shashankverma148', 'saurabhnaikodi', None, 'shradhaj', 'omkar1999']"
139,65,10,11,7,"['cdpdqf', 'rdbbhc', 'mrmichaels', 'daskng', 'bgkd5d', 'sjw72z', 'tjsnmh']",2,"['rwbdn9', 'icmwx2']",4,"['ks29c', None, 'jjfxcm', 'jabg3c']",13,"['rdbbhc', 'icmwx2', 'jjfxcm', 'bgkd5d', 'jabg3c', None, 'cdpdqf', 'ks29c', 'mrmichaels', 'rwbdn9', 'daskng', 'sjw72z', 'tjsnmh']"
141,7,10,14,6,"['abdoelanwar99', 'amy', 'bassam', 'ashraf_mohamed', 'abdelrahman98', 'zazotop31']",3,"['ayushisharma1081', 'b515037', 'nmurugan']",8,"['gengergogo', 'youssefsamiryoussef', 'saraibrahim', 'mubaraktharwat', None, 'salmasameh980', 'havocvictor20', 'samaar.said']",17,"['nmurugan', 'gengergogo', 'abdoelanwar99', 'mubaraktharwat', 'salmasameh980', 'ayushisharma1081', 'b515037', 'abdelrahman98', 'havocvictor20', None, 'samaar.said', 'youssefsamiryoussef', 'saraibrahim', 'amy', 'bassam', 'ashraf_mohamed', 'zazotop31']"
141,6,10,8,2,"['ashraf_mohamed', 'bassam']",7,"['nmurugan', 'abdoelanwar99', 'amy', 'ayushisharma1081', 'b515037', 'abdelrahman98', 'zazotop31']",6,"['gengergogo', 'saraibrahim', 'adham99', 'hamdy2411', 'nour.yehia70', None]",15,"['hamdy2411', 'nmurugan', 'gengergogo', 'saraibrahim', 'abdoelanwar99', 'amy', 'bassam', 'adham99', 'ayushisharma1081', 'ashraf_mohamed', 'b515037', 'abdelrahman98', 'nour.yehia70', None, 'zazotop31']"
142,63,10,8,4,"['mahimasaxena1267', 'shivam25', 'negipa', 'ashutoshsingh987']",5,"['rakesh.rangit07', 'gauravsattiwale', 'pavankumarkori', 'akshat18j', 'neophyte_kk']",4,"['aseem.tiwari2018', 'kanthineelamsetty31', None, 'rjain1302']",13,"['shivam25', 'negipa', 'aseem.tiwari2018', 'rakesh.rangit07', 'gauravsattiwale', 'mahimasaxena1267', 'pavankumarkori', 'rjain1302', 'kanthineelamsetty31', 'ashutoshsingh987', 'akshat18j', None, 'neophyte_kk']"
143,345,10,171,1,['wils1064'],8,"['bhattim', 'johnobamedo', 'mccorma8', 'barlow11', 'wu1696', 'owellbor', 'smit3417', 'herna522']",170,"['artierenier', 'mikav', 'mkirsch', 'li2701', 'cohland', 'bbarale', 'butcher5', 'obriencaitlin20', 'sbukzam', 'egummers', 'hollej', 'ahn87', 'rtrafele', 'allen482', 'wnorton', 'dnocon', 'jone1616', 'sgandiko', 'adoxsee', 'amarkert', 'agettel', 'pate1034', 'zuckerma', 'romack0', 'feng233', 'sharlow', 'jennin56', 'ejobe', 'lnorris', 'tdeucher', 'abirkeme', 'jmontbru', 'nafandi', 'zaloudah', 'tuckergm', 'liu2442', 'beers2', 'shagaman', 'kngupta', 'ebinkle', 'abieniek', 'tsriram', 'comer13', 'ander966', 'stuff', 'harri827', 'hodge20', 'mock6', 'smahipat', 'jcarre', 'jperata', 'asyrek', 'dkramper', 'wagoneb', 'kradde', 'heaton4', 'mngaglia', 'ellis136', 'ashinne', 'kzingaro', 'pbhaske', 'thoma805', 'skunduru', 'bkoszyk', 'bird12', 'voorsm', 'nortt', 'akurumba', 'mprue', 'mcalisto', 'scott479', 'lin1297', None, 'verduzm', 'rharapan', 'rvulich', 'mannin15', 'chfranci', 'lhendrik', 'lopez347', 'leal6', 'tvulich', 'mfangio', 'gfiedler', 'hollowr', 'snathell', 'jade.m.meekin', 'nrrobins', 'agarw190', 'whollan', 'gzanutta', 'zhu741', 'carls127', 'john2345', 'schellia', 'oditto', 'mlannie', 'stockerm', 'kong68', 'mdewaele', 'wdobbs', 'hawkin98', 'aalnas', 'okeefee', 'dbhagwan', 'sayyala', 'fruane', 'rstaples', 'comer4', 'murph417', 'sweene26', 'chris260', 'afirkan', 'efrancoe', 'nfransen', 'bodhiscott', 'pan229', 'ojonas', 'rcalistr', 'lvelky', 'boninl', 'huan1346', 'single0', 'afarha', 'jcavage', 'cliffos', 'mclassen', 'esuer', 'connoll1', 'ksagar', 'gconer', 'bbondi', 'kbrayto', 'llefebvr', 'wagne267', 'zhan3108', 'marykirstenreilly', 'elamewon', 'ndroessl', 'hughe234', 'nixon21', 'amushovi', 'patra7', 'sharp82', 'cmancini', 'rdamle', 'csrafin', 'drake38', 'llwan', 'pkanugul', 'wrigh413', 'nkielkop', 'gszyman', 'cleveng2', 'lritchis', 'gagnonn', 'svendsen', 'ncivitan', 'jnylen', 'rhentric', 'akmaksim', 'mmatteso', 'zhao979', 'jgerstei', 'srajarat', 'achungma', 'tprati', 'kyendru', 'bgrytza', 'jomondi']",179,"['artierenier', 'mikav', 'mkirsch', 'li2701', 'cohland', 'bbarale', 'butcher5', 'obriencaitlin20', 'sbukzam', 'egummers', 'hollej', 'ahn87', 'rtrafele', 'allen482', 'johnobamedo', 'wnorton', 'dnocon', 'jone1616', 'sgandiko', 'adoxsee', 'amarkert', 'agettel', 'pate1034', 'herna522', 'zuckerma', 'romack0', 'feng233', 'sharlow', 'jennin56', 'ejobe', 'lnorris', 'tdeucher', 'abirkeme', 'jmontbru', 'nafandi', 'zaloudah', 'tuckergm', 'mccorma8', 'liu2442', 'beers2', 'shagaman', 'kngupta', 'ebinkle', 'abieniek', 'tsriram', 'comer13', 'ander966', 'stuff', 'barlow11', 'harri827', 'hodge20', 'mock6', 'smahipat', 'jcarre', 'jperata', 'asyrek', 'dkramper', 'wagoneb', 'kradde', 'heaton4', 'mngaglia', 'ellis136', 'ashinne', 'kzingaro', 'pbhaske', 'thoma805', 'skunduru', 'bkoszyk', 'bird12', 'voorsm', 'nortt', 'akurumba', 'mprue', 'mcalisto', 'scott479', 'lin1297', None, 'verduzm', 'rharapan', 'rvulich', 'mannin15', 'bhattim', 'chfranci', 'lhendrik', 'lopez347', 'leal6', 'tvulich', 'smit3417', 'mfangio', 'gfiedler', 'hollowr', 'snathell', 'jade.m.meekin', 'nrrobins', 'agarw190', 'whollan', 'gzanutta', 'zhu741', 'carls127', 'john2345', 'schellia', 'oditto', 'mlannie', 'stockerm', 'kong68', 'mdewaele', 'wu1696', 'wdobbs', 'hawkin98', 'aalnas', 'okeefee', 'dbhagwan', 'sayyala', 'fruane', 'rstaples', 'comer4', 'murph417', 'sweene26', 'chris260', 'afirkan', 'efrancoe', 'nfransen', 'bodhiscott', 'pan229', 'ojonas', 'rcalistr', 'lvelky', 'boninl', 'wils1064', 'huan1346', 'single0', 'afarha', 'jcavage', 'cliffos', 'mclassen', 'owellbor', 'esuer', 'connoll1', 'ksagar', 'gconer', 'bbondi', 'kbrayto', 'llefebvr', 'wagne267', 'zhan3108', 'marykirstenreilly', 'elamewon', 'ndroessl', 'hughe234', 'nixon21', 'amushovi', 'patra7', 'sharp82', 'cmancini', 'rdamle', 'csrafin', 'drake38', 'llwan', 'pkanugul', 'wrigh413', 'nkielkop', 'gszyman', 'cleveng2', 'lritchis', 'gagnonn', 'svendsen', 'ncivitan', 'jnylen', 'rhentric', 'akmaksim', 'mmatteso', 'zhao979', 'jgerstei', 'srajarat', 'achungma', 'tprati', 'kyendru', 'bgrytza', 'jomondi']"
143,593,10,154,6,"['mccorma8', 'barlow11', 'wu1696', 'owellbor', 'smit3417', 'herna522']",3,"['wils1064', 'bhattim', 'johnobamedo']",148,"['artierenier', 'mkirsch', 'cohland', 'sbukzam', 'egummers', 'rtrafele', 'allen482', 'ma592', 'ja37989', 'schradc', 'dnocon', 'sgandiko', 'amarkert', 'agettel', 'pate1034', 'tschoste', 'downeyl', 'zuckerma', 'nrentsc', 'alsalea', 'sharlow', 'jennin56', 'hschroad', 'ejobe', 'tdeucher', 'nafandi', 'tuckergm', 'liu2442', 'beers2', 'haejik', 'tsriram', 'comer13', 'ander966', 'stuff', 'harri827', 'hodge20', 'mock6', 'smahipat', 'jperata', 'armour1', 'asyrek', 'dkramper', 'wagoneb', 'kradde', 'heaton4', 'mngaglia', 'glancas', 'ashinne', 'pbhaske', 'skunduru', 'bkoszyk', 'bird12', 'voorsm', 'nortt', 'tladner', 'akurumba', 'mprue', 'mcalisto', 'scott479', 'lin1297', None, 'verduzm', 'jmavi', 'rvulich', 'chfranci', 'lhendrik', 'lopez347', 'leal6', 'tvulich', 'will1941', 'mfangio', 'gfiedler', 'hollowr', 'snathell', 'rhodes44', 'jade.m.meekin', 'nrrobins', 'whollan', 'gzanutta', 'zhu741', 'john2345', 'reddy62', 'oditto', 'mlannie', 'kong68', 'mdewaele', 'nherbert', 'hawkin98', 'wdobbs', 'okeefee', 'sayyala', 'fruane', 'sweene26', 'ellis.gavin99', 'jyounkin', 'chris260', 'efrancoe', 'nfransen', 'pan229', 'ojonas', 'rcalistr', 'boninl', 'single0', 'jcavage', 'russe162', 'mclassen', 'esuer', 'connoll1', 'stewa263', 'ksagar', 'mann104', 'strachan', 'gconer', 'bbondi', 'kbrayto', 'wagne267', 'ander939', 'zhan3108', 'elamewon', 'ndroessl', 'hughe234', 'nixon21', 'funkhous', 'sharp82', 'rdamle', 'csrafin', 'mragei', 'pkanugul', 'cleveng2', 'gszyman', 'lritchis', 'gagnonn', 'weber164', 'titus9', 'jnylen', 'rhentric', 'akmaksim', 'ellis125', 'mmatteso', 'zhao979', 'srajarat', 'achungma', 'tprati', 'kyendru', 'hmcguir', 'bgrytza', 'lange35', 'jomondi']",157,"['artierenier', 'mkirsch', 'cohland', 'sbukzam', 'egummers', 'rtrafele', 'allen482', 'ma592', 'ja37989', 'johnobamedo', 'schradc', 'dnocon', 'sgandiko', 'amarkert', 'agettel', 'pate1034', 'tschoste', 'downeyl', 'herna522', 'zuckerma', 'nrentsc', 'alsalea', 'sharlow', 'jennin56', 'hschroad', 'ejobe', 'tdeucher', 'nafandi', 'tuckergm', 'mccorma8', 'liu2442', 'beers2', 'haejik', 'tsriram', 'comer13', 'ander966', 'stuff', 'barlow11', 'harri827', 'hodge20', 'mock6', 'smahipat', 'jperata', 'armour1', 'asyrek', 'dkramper', 'wagoneb', 'kradde', 'heaton4', 'mngaglia', 'glancas', 'ashinne', 'pbhaske', 'skunduru', 'bkoszyk', 'bird12', 'voorsm', 'nortt', 'tladner', 'akurumba', 'mprue', 'mcalisto', 'scott479', 'lin1297', None, 'verduzm', 'jmavi', 'rvulich', 'bhattim', 'chfranci', 'lhendrik', 'lopez347', 'leal6', 'tvulich', 'smit3417', 'will1941', 'mfangio', 'gfiedler', 'hollowr', 'snathell', 'rhodes44', 'jade.m.meekin', 'nrrobins', 'whollan', 'gzanutta', 'zhu741', 'john2345', 'reddy62', 'oditto', 'mlannie', 'kong68', 'mdewaele', 'wu1696', 'nherbert', 'hawkin98', 'wdobbs', 'okeefee', 'sayyala', 'fruane', 'sweene26', 'ellis.gavin99', 'jyounkin', 'chris260', 'efrancoe', 'nfransen', 'pan229', 'ojonas', 'rcalistr', 'boninl', 'wils1064', 'single0', 'jcavage', 'russe162', 'mclassen', 'owellbor', 'esuer', 'connoll1', 'stewa263', 'ksagar', 'mann104', 'strachan', 'gconer', 'bbondi', 'kbrayto', 'wagne267', 'ander939', 'zhan3108', 'elamewon', 'ndroessl', 'hughe234', 'nixon21', 'funkhous', 'sharp82', 'rdamle', 'csrafin', 'mragei', 'pkanugul', 'cleveng2', 'gszyman', 'lritchis', 'gagnonn', 'weber164', 'titus9', 'jnylen', 'rhentric', 'akmaksim', 'ellis125', 'mmatteso', 'zhao979', 'srajarat', 'achungma', 'tprati', 'kyendru', 'hmcguir', 'bgrytza', 'lange35', 'jomondi']"
143,346,10,44,1,['wils1064'],8,"['bhattim', 'johnobamedo', 'mccorma8', 'barlow11', 'wu1696', 'owellbor', 'smit3417', 'herna522']",43,"['graf9', 'adshowal', 'armour1', 'zaly', 'mart1390', 'rhodes44', 'smit3400', 'meyer292', 'cmestre', 'dholicz', 'bwodetz', 'danie140', 'brow1511', 'hmcmilli', 'billing4', 'reddy62', 'jkamedul', 'annaleichty1', 'jiang650', 'pweitzel', 'pmansour', 'harvey83', 'tladner', 'baxter26', 'srpirtle', 'costel12', 'tzadrave', 'see4', 'busch8', None, 'meyer313', 'evans251', 'michae19', 'ewolfla', 'huan1346', 'yu957', 'nrobb', 'douh', 'moeller4', 'toboyle', 'hmcguir', 'lange35', 'kjabbar']",52,"['graf9', 'barlow11', 'adshowal', 'armour1', 'zaly', 'mart1390', 'rhodes44', 'smit3400', 'meyer292', 'cmestre', 'johnobamedo', 'bwodetz', 'danie140', 'brow1511', 'hmcmilli', 'billing4', 'reddy62', 'jkamedul', 'annaleichty1', 'wu1696', 'jiang650', 'pweitzel', 'pmansour', 'herna522', 'moeller4', 'harvey83', 'tladner', 'baxter26', 'hmcguir', 'srpirtle', 'costel12', 'tzadrave', 'see4', 'busch8', None, 'meyer313', 'evans251', 'bhattim', 'michae19', 'wils1064', 'ewolfla', 'mccorma8', 'huan1346', 'yu957', 'nrobb', 'douh', 'dholicz', 'owellbor', 'smit3417', 'toboyle', 'lange35', 'kjabbar']"
143,594,10,41,2,"['wils1064', 'barlow11']",7,"['bhattim', 'johnobamedo', 'mccorma8', 'wu1696', 'owellbor', 'smit3417', 'herna522']",39,"['strachan', 'llefebvr', 'buhland', 'adshowal', 'armour1', 'zaly', 'mart1390', 'hsakiewi', 'smit3400', 'meyer292', 'bwodetz', 'cwantz', 'brow1511', 'hmcmilli', 'oditto', 'jkamedul', 'annaleichty1', 'aboyina', 'harvey83', 'tladner', 'baxter26', 'srpirtle', 'costel12', 'tzadrave', 'duncan94', 'titus9', 'wood164', None, 'meyer313', 'evans251', 'michae19', 'chakra26', 'ewolfla', 'huan1346', 'mhodgkis', 'nrobb', 'dholicz', 'sinha54', 'lange35']",48,"['strachan', 'llefebvr', 'buhland', 'sinha54', 'barlow11', 'adshowal', 'armour1', 'zaly', 'mart1390', 'hsakiewi', 'smit3400', 'meyer292', 'johnobamedo', 'bwodetz', 'cwantz', 'brow1511', 'hmcmilli', 'oditto', 'jkamedul', 'annaleichty1', 'wu1696', 'aboyina', 'herna522', 'harvey83', 'tladner', 'baxter26', 'srpirtle', 'costel12', 'tzadrave', 'duncan94', 'titus9', 'wood164', None, 'meyer313', 'evans251', 'bhattim', 'michae19', 'wils1064', 'chakra26', 'ewolfla', 'mccorma8', 'huan1346', 'mhodgkis', 'nrobb', 'dholicz', 'owellbor', 'smit3417', 'lange35']"
144,180,10,8,7,"['tonytchou08', 'jh13585', 'dchambers0019', 'kdavis21', 'danflan21', 'masonch32', 'adesinajoseph14']",2,"['adnamusic99', 'macey.ludolph']",1,[None],10,"['tonytchou08', 'adnamusic99', 'jh13585', 'dchambers0019', 'kdavis21', 'danflan21', 'masonch32', 'adesinajoseph14', None, 'macey.ludolph']"
145,62,10,9,5,"['guoxinyan7', 'phq', 'woshihuanmouren', 'k2m', 'zhangning123']",4,"['njzy', 'gyr', 'f1909330022', 'zahng6']",4,"['yq1252273029', 'wxy678', None, 'bin08']",13,"['njzy', 'yq1252273029', 'bin08', 'guoxinyan7', 'phq', 'gyr', 'f1909330022', 'wxy678', 'woshihuanmouren', None, 'k2m', 'zahng6', 'zhangning123']"
145,452,10,8,5,"['guoxinyan7', 'phq', 'woshihuanmouren', 'k2m', 'zhangning123']",4,"['njzy', 'gyr', 'f1909330022', 'zahng6']",3,"['yq1252273029', None, 'bin08']",12,"['njzy', 'yq1252273029', 'bin08', 'guoxinyan7', 'phq', 'gyr', 'f1909330022', None, 'woshihuanmouren', 'k2m', 'zahng6', 'zhangning123']"
147,407,10,27,7,"['sumnimalimbu', 'samimab', 'jafd', 'raffbowler17', 'jackjohnston165', 'cjh1903934', 'ammazshabbir77']",2,"['jackt2000', 'willdavies12']",20,"['haggisface2000', 'annacatton', 'ellie30122000', 'nicholasrady', 'abachsh', 'stejam130', 'arcticvenom', 'geogibbs2000', 'j983612', 'tiaansell', 'fmartinmartinez', 'rlilley', 'joebray1232', None, 'cormican.cerys', 'messham.peter01', 'ddug', 'murdob99', 'jirka5599', 'stevenren0911']",29,"['haggisface2000', 'raffbowler17', 'annacatton', 'jackjohnston165', 'jackt2000', 'cjh1903934', 'ellie30122000', 'nicholasrady', 'ammazshabbir77', 'abachsh', 'stejam130', 'jafd', 'samimab', 'geogibbs2000', 'arcticvenom', 'willdavies12', 'j983612', 'sumnimalimbu', 'tiaansell', 'fmartinmartinez', 'rlilley', 'joebray1232', None, 'cormican.cerys', 'messham.peter01', 'ddug', 'murdob99', 'jirka5599', 'stevenren0911']"
147,405,10,24,6,"['sumnimalimbu', 'raffbowler17', 'jackjohnston165', 'jackt2000', 'cjh1903934', 'ammazshabbir77']",3,"['samimab', 'jafd', 'willdavies12']",18,"['haggisface2000', 'abachsh', 'stejam130', 'arcticvenom', 'annacatton', 'geogibbs2000', 'tiaansell', 'fmartinmartinez', 'hazelbarnesturner', 'messham.peter01', 'ddug', 'rlilley', 'jirka5599', 'ellie30122000', None, 'jakestubbs', 'j983612', 'stevenren0911']",27,"['haggisface2000', 'raffbowler17', 'annacatton', 'jackjohnston165', 'jackt2000', 'cjh1903934', 'ellie30122000', 'ammazshabbir77', 'abachsh', 'stejam130', 'jafd', 'samimab', 'arcticvenom', 'geogibbs2000', 'willdavies12', 'j983612', 'sumnimalimbu', 'tiaansell', 'fmartinmartinez', 'hazelbarnesturner', 'rlilley', None, 'messham.peter01', 'ddug', 'jirka5599', 'jakestubbs', 'stevenren0911']"
147,571,10,23,6,"['sumnimalimbu', 'raffbowler17', 'jackjohnston165', 'jackt2000', 'cjh1903934', 'ammazshabbir77']",3,"['samimab', 'jafd', 'willdavies12']",17,"['haggisface2000', 'stejam130', 'arcticvenom', 'annacatton', 'geogibbs2000', 'fmartinmartinez', 'hazelbarnesturner', 'messham.peter01', 'ddug', 'rlilley', 'jirka5599', 'joebray1232', 'ellie30122000', None, 'jakestubbs', 'j983612', 'stevenren0911']",26,"['haggisface2000', 'raffbowler17', 'annacatton', 'jackjohnston165', 'jackt2000', 'cjh1903934', 'ellie30122000', 'ammazshabbir77', 'stejam130', 'jafd', 'samimab', 'arcticvenom', 'geogibbs2000', 'willdavies12', 'j983612', 'sumnimalimbu', 'fmartinmartinez', 'hazelbarnesturner', 'rlilley', 'joebray1232', None, 'messham.peter01', 'ddug', 'jirka5599', 'jakestubbs', 'stevenren0911']"
147,406,10,22,4,"['jackjohnston165', 'samimab', 'raffbowler17', 'ammazshabbir77']",5,"['sumnimalimbu', 'jafd', 'willdavies12', 'jackt2000', 'cjh1903934']",18,"['haggisface2000', 'abachsh', 'stejam130', 'arcticvenom', 'annacatton', 'geogibbs2000', 'tiaansell', 'fmartinmartinez', 'messham.peter01', 'ddug', 'rlilley', 'murdob99', 'jirka5599', 'joebray1232', 'ellie30122000', None, 'j983612', 'stevenren0911']",27,"['sumnimalimbu', 'haggisface2000', 'raffbowler17', 'annacatton', 'tiaansell', 'fmartinmartinez', 'jackjohnston165', 'jackt2000', 'rlilley', 'cjh1903934', 'ellie30122000', 'joebray1232', None, 'ammazshabbir77', 'abachsh', 'stejam130', 'jafd', 'samimab', 'geogibbs2000', 'arcticvenom', 'willdavies12', 'messham.peter01', 'ddug', 'murdob99', 'jirka5599', 'j983612', 'stevenren0911']"
147,566,10,20,3,"['sumnimalimbu', 'jackt2000', 'ammazshabbir77']",6,"['samimab', 'jafd', 'raffbowler17', 'willdavies12', 'jackjohnston165', 'cjh1903934']",17,"['haggisface2000', 'abachsh', 'stejam130', 'arcticvenom', 'annacatton', 'geogibbs2000', 'tiaansell', 'fmartinmartinez', 'hazelbarnesturner', 'messham.peter01', 'ddug', 'rlilley', 'jirka5599', 'ellie30122000', None, 'j983612', 'stevenren0911']",26,"['sumnimalimbu', 'haggisface2000', 'raffbowler17', 'annacatton', 'tiaansell', 'fmartinmartinez', 'hazelbarnesturner', 'jackjohnston165', 'jackt2000', 'rlilley', 'cjh1903934', 'ellie30122000', None, 'ammazshabbir77', 'abachsh', 'stejam130', 'jafd', 'samimab', 'arcticvenom', 'geogibbs2000', 'willdavies12', 'messham.peter01', 'ddug', 'jirka5599', 'j983612', 'stevenren0911']"
147,118,10,19,4,"['sumnimalimbu', 'jackt2000', 'raffbowler17', 'ammazshabbir77']",5,"['samimab', 'jafd', 'willdavies12', 'jackjohnston165', 'cjh1903934']",15,"['haggisface2000', 'abachsh', 'stejam130', 'arcticvenom', 'annacatton', 'geogibbs2000', 'tiaansell', 'messham.peter01', 'ddug', 'rlilley', 'jirka5599', 'ellie30122000', None, 'j983612', 'stevenren0911']",24,"['sumnimalimbu', 'haggisface2000', 'raffbowler17', 'annacatton', 'tiaansell', 'jackjohnston165', 'jackt2000', 'rlilley', 'cjh1903934', 'ellie30122000', None, 'ammazshabbir77', 'abachsh', 'stejam130', 'jafd', 'samimab', 'arcticvenom', 'geogibbs2000', 'willdavies12', 'messham.peter01', 'ddug', 'jirka5599', 'j983612', 'stevenren0911']"
147,193,10,11,1,['sumnimalimbu'],8,"['samimab', 'jafd', 'raffbowler17', 'willdavies12', 'jackjohnston165', 'jackt2000', 'cjh1903934', 'ammazshabbir77']",10,"['abachsh', 'stejam130', 'geogibbs2000', 'fmartinmartinez', 'messham.peter01', 'ddug', 'rlilley', 'jirka5599', 'ellie30122000', None]",19,"['sumnimalimbu', 'raffbowler17', 'fmartinmartinez', 'jackjohnston165', 'jackt2000', 'rlilley', 'cjh1903934', 'ellie30122000', None, 'ammazshabbir77', 'abachsh', 'stejam130', 'jafd', 'samimab', 'geogibbs2000', 'willdavies12', 'messham.peter01', 'ddug', 'jirka5599']"
149,526,10,8,5,"['tabanto', 'pedrogea08', 'guillermocam', 'aloptor97', 'simbon98']",4,"['bennoymer', 'wanghao95', 'mpbland', 'ek']",3,"['nanodark', 'fmgomez', None]",12,"['nanodark', 'wanghao95', 'tabanto', 'pedrogea08', 'bennoymer', 'ek', 'simbon98', 'guillermocam', 'fmgomez', 'aloptor97', 'mpbland', None]"
152,463,10,34,5,"['recaro13', '2stranger', 'vtagare2', 'damoldov', 'roydouek']",4,"['nslee', 'krishankumarchauhan.microuiet', 'grleon', 'rakaindl']",29,"['jacoponicolini', 'kienbaumjj30', 'breddy4', 'brrmatteo', 'ivans', 'biagiocap95', 'yavuzceo', 'kramervc07', 'wkloppen', 'lewisgf20', 'hjgogoi24', 'nsh0004', 'grafap24', 'raanapooshimin', 'rflores46', 'rollagrad2012', 'aildefonso3', 'jmendez100', 'jackmings1', None, 'darhodes', 'ktuzinowski', 'guofu', 'maxguipil', 'turban.', 'hammir16', 'jgarcia141', 'martinolorenzini', 'savchukol20']",38,"['grleon', 'jacoponicolini', 'vtagare2', 'breddy4', 'kienbaumjj30', 'brrmatteo', 'ivans', 'biagiocap95', 'krishankumarchauhan.microuiet', 'yavuzceo', 'kramervc07', 'wkloppen', 'lewisgf20', 'hjgogoi24', 'nslee', 'nsh0004', 'grafap24', 'raanapooshimin', 'rflores46', 'rakaindl', 'rollagrad2012', 'aildefonso3', 'jackmings1', 'jmendez100', 'roydouek', None, 'darhodes', 'recaro13', 'ktuzinowski', '2stranger', 'guofu', 'maxguipil', 'damoldov', 'turban.', 'hammir16', 'jgarcia141', 'martinolorenzini', 'savchukol20']"
153,601,10,17,1,['sotiristoulio'],8,"['saragjolena23', 'cavid', 'georgopouloupm', 'eirinikallimani1394', 'mariegaitanidou', 'georgios.boul', 'ioadi2410', 'lagger.cyril']",16,"['konstantinakaramitsou02', 'mair_bot', 'basiliskontos12', 'manosxfn', 'sofiastefania123', 'konstantinos.kons', 'thsachlas', 'kleterpos', 'anastasia.a.mavrogianni', 'adamantia.koulouri', 'phrap38', 'mpourlakis.b.dimitris', None, 'tassosgr2002', 'athinak1112', 'chrysoulamichou']",25,"['konstantinakaramitsou02', 'saragjolena23', 'basiliskontos12', 'manosxfn', 'konstantinos.kons', 'thsachlas', 'kleterpos', 'anastasia.a.mavrogianni', 'phrap38', 'mpourlakis.b.dimitris', 'mariegaitanidou', 'georgios.boul', 'lagger.cyril', 'tassosgr2002', None, 'athinak1112', 'mair_bot', 'cavid', 'sofiastefania123', 'sotiristoulio', 'georgopouloupm', 'adamantia.koulouri', 'eirinikallimani1394', 'ioadi2410', 'chrysoulamichou']"
153,598,10,14,4,"['georgios.boul', 'ioadi2410', 'eirinikallimani1394', 'mariegaitanidou']",5,"['saragjolena23', 'cavid', 'sotiristoulio', 'georgopouloupm', 'lagger.cyril']",10,"['chrysoulamichou', 'mair_bot', 'efoula.achtzalotidou', None, 'phrap38', 'ioannachristophorou', 'sofiakass', 'aleuraa210', 'tassosgr2002', 'athinak1112']",19,"['saragjolena23', 'efoula.achtzalotidou', 'phrap38', 'ioannachristophorou', 'mariegaitanidou', 'georgios.boul', 'lagger.cyril', 'tassosgr2002', None, 'athinak1112', 'mair_bot', 'cavid', 'sotiristoulio', 'georgopouloupm', 'aleuraa210', 'eirinikallimani1394', 'sofiakass', 'ioadi2410', 'chrysoulamichou']"
153,597,10,11,1,['ioadi2410'],8,"['saragjolena23', 'cavid', 'sotiristoulio', 'georgopouloupm', 'eirinikallimani1394', 'mariegaitanidou', 'georgios.boul', 'lagger.cyril']",10,"['etzech', 'theodorosrousopoulos', None, 'phrap38', 'sofiakass', 'aleuraa210', 'nikkhgeo02', 'tassosgr2002', 'athinak1112', 'chrysoulamichou']",19,"['etzech', 'saragjolena23', 'phrap38', 'mariegaitanidou', 'georgios.boul', 'nikkhgeo02', 'lagger.cyril', 'tassosgr2002', None, 'athinak1112', 'cavid', 'sotiristoulio', 'theodorosrousopoulos', 'georgopouloupm', 'aleuraa210', 'eirinikallimani1394', 'sofiakass', 'ioadi2410', 'chrysoulamichou']"
153,600,10,9,1,['sotiristoulio'],8,"['saragjolena23', 'cavid', 'georgopouloupm', 'eirinikallimani1394', 'mariegaitanidou', 'georgios.boul', 'ioadi2410', 'lagger.cyril']",8,"['konstantinakaramitsou02', 'f.annetazirganou', 'mair_bot', 'manosxfn', 'konstantinos.kons', 'phrap38', None, 'chrysoulamichou']",17,"['konstantinakaramitsou02', 'f.annetazirganou', 'mair_bot', 'saragjolena23', 'cavid', 'manosxfn', 'sotiristoulio', 'konstantinos.kons', 'georgopouloupm', None, 'phrap38', 'eirinikallimani1394', 'mariegaitanidou', 'georgios.boul', 'ioadi2410', 'lagger.cyril', 'chrysoulamichou']"
154,404,9,7,5,"['dish1498', 'sota2668', 'etra4748', 'xuze1932', 'sasc8473']",3,"['duho3293', 'chco7711', 'camo7516']",2,"[None, 'sesh9366']",10,"['dish1498', 'sesh9366', 'sota2668', 'duho3293', 'etra4748', 'xuze1932', 'sasc8473', 'chco7711', 'camo7516', None]"
156,345,9,171,6,"['abieniek', 'zaloudah', 'comer4', 'patra7', 'schellia', 'ellis136']",2,"['ajadalla', 'cmestre']",165,"['artierenier', 'mikav', 'mkirsch', 'li2701', 'cohland', 'bbarale', 'butcher5', 'obriencaitlin20', 'sbukzam', 'egummers', 'hollej', 'ahn87', 'rtrafele', 'allen482', 'wnorton', 'dnocon', 'jone1616', 'sgandiko', 'adoxsee', 'amarkert', 'agettel', 'pate1034', 'zuckerma', 'romack0', 'feng233', 'sharlow', 'jennin56', 'ejobe', 'lnorris', 'tdeucher', 'abirkeme', 'jmontbru', 'nafandi', 'tuckergm', 'liu2442', 'beers2', 'shagaman', 'kngupta', 'ebinkle', 'tsriram', 'comer13', 'ander966', 'stuff', 'harri827', 'hodge20', 'mock6', 'smahipat', 'jcarre', 'jperata', 'asyrek', 'dkramper', 'wagoneb', 'kradde', 'heaton4', 'mngaglia', 'ashinne', 'kzingaro', 'pbhaske', 'thoma805', 'skunduru', 'bkoszyk', 'bird12', 'voorsm', 'nortt', 'akurumba', 'mprue', 'mcalisto', 'scott479', 'lin1297', None, 'verduzm', 'rharapan', 'rvulich', 'mannin15', 'chfranci', 'lhendrik', 'lopez347', 'leal6', 'tvulich', 'mfangio', 'gfiedler', 'hollowr', 'snathell', 'jade.m.meekin', 'nrrobins', 'agarw190', 'whollan', 'gzanutta', 'zhu741', 'carls127', 'john2345', 'oditto', 'mlannie', 'stockerm', 'kong68', 'mdewaele', 'wdobbs', 'hawkin98', 'aalnas', 'okeefee', 'dbhagwan', 'sayyala', 'fruane', 'rstaples', 'murph417', 'sweene26', 'chris260', 'afirkan', 'efrancoe', 'nfransen', 'bodhiscott', 'pan229', 'ojonas', 'rcalistr', 'lvelky', 'boninl', 'wils1064', 'huan1346', 'single0', 'afarha', 'jcavage', 'cliffos', 'mclassen', 'esuer', 'connoll1', 'ksagar', 'gconer', 'bbondi', 'kbrayto', 'llefebvr', 'wagne267', 'zhan3108', 'marykirstenreilly', 'elamewon', 'ndroessl', 'hughe234', 'nixon21', 'amushovi', 'sharp82', 'cmancini', 'rdamle', 'csrafin', 'drake38', 'llwan', 'pkanugul', 'wrigh413', 'nkielkop', 'gszyman', 'cleveng2', 'lritchis', 'gagnonn', 'svendsen', 'ncivitan', 'jnylen', 'rhentric', 'akmaksim', 'mmatteso', 'zhao979', 'jgerstei', 'srajarat', 'achungma', 'tprati', 'kyendru', 'bgrytza', 'jomondi']",173,"['artierenier', 'mikav', 'mkirsch', 'li2701', 'cohland', 'bbarale', 'butcher5', 'obriencaitlin20', 'sbukzam', 'egummers', 'hollej', 'ahn87', 'rtrafele', 'allen482', 'wnorton', 'dnocon', 'jone1616', 'sgandiko', 'adoxsee', 'amarkert', 'agettel', 'pate1034', 'zuckerma', 'romack0', 'feng233', 'sharlow', 'jennin56', 'ejobe', 'lnorris', 'tdeucher', 'abirkeme', 'jmontbru', 'nafandi', 'zaloudah', 'tuckergm', 'liu2442', 'beers2', 'shagaman', 'kngupta', 'ebinkle', 'abieniek', 'tsriram', 'comer13', 'ander966', 'stuff', 'harri827', 'hodge20', 'mock6', 'smahipat', 'jcarre', 'jperata', 'asyrek', 'dkramper', 'wagoneb', 'kradde', 'heaton4', 'mngaglia', 'ellis136', 'ashinne', 'kzingaro', 'pbhaske', 'thoma805', 'skunduru', 'bkoszyk', 'bird12', 'voorsm', 'nortt', 'akurumba', 'mprue', 'mcalisto', 'scott479', 'lin1297', None, 'verduzm', 'rharapan', 'rvulich', 'mannin15', 'chfranci', 'lhendrik', 'lopez347', 'leal6', 'tvulich', 'mfangio', 'gfiedler', 'hollowr', 'snathell', 'jade.m.meekin', 'cmestre', 'nrrobins', 'agarw190', 'whollan', 'gzanutta', 'zhu741', 'carls127', 'john2345', 'ajadalla', 'schellia', 'oditto', 'mlannie', 'stockerm', 'kong68', 'mdewaele', 'wdobbs', 'hawkin98', 'aalnas', 'okeefee', 'dbhagwan', 'sayyala', 'fruane', 'comer4', 'rstaples', 'murph417', 'sweene26', 'chris260', 'afirkan', 'efrancoe', 'nfransen', 'bodhiscott', 'pan229', 'ojonas', 'rcalistr', 'lvelky', 'boninl', 'wils1064', 'huan1346', 'single0', 'afarha', 'jcavage', 'cliffos', 'mclassen', 'esuer', 'connoll1', 'ksagar', 'gconer', 'bbondi', 'kbrayto', 'llefebvr', 'wagne267', 'zhan3108', 'marykirstenreilly', 'elamewon', 'ndroessl', 'hughe234', 'nixon21', 'amushovi', 'patra7', 'sharp82', 'cmancini', 'rdamle', 'csrafin', 'drake38', 'llwan', 'pkanugul', 'wrigh413', 'nkielkop', 'gszyman', 'cleveng2', 'lritchis', 'gagnonn', 'svendsen', 'ncivitan', 'jnylen', 'rhentric', 'akmaksim', 'mmatteso', 'zhao979', 'jgerstei', 'srajarat', 'achungma', 'tprati', 'kyendru', 'bgrytza', 'jomondi']"
156,346,9,44,1,['cmestre'],7,"['abieniek', 'zaloudah', 'comer4', 'patra7', 'ajadalla', 'schellia', 'ellis136']",43,"['graf9', 'adshowal', 'armour1', 'zaly', 'mart1390', 'rhodes44', 'smit3400', 'meyer292', 'dholicz', 'bwodetz', 'danie140', 'brow1511', 'hmcmilli', 'billing4', 'reddy62', 'jkamedul', 'annaleichty1', 'jiang650', 'pweitzel', 'pmansour', 'harvey83', 'tladner', 'baxter26', 'srpirtle', 'costel12', 'tzadrave', 'see4', 'busch8', None, 'meyer313', 'evans251', 'michae19', 'wils1064', 'ewolfla', 'huan1346', 'yu957', 'nrobb', 'douh', 'moeller4', 'toboyle', 'hmcguir', 'lange35', 'kjabbar']",51,"['abieniek', 'graf9', 'adshowal', 'armour1', 'zaly', 'mart1390', 'rhodes44', 'cmestre', 'smit3400', 'meyer292', 'bwodetz', 'danie140', 'brow1511', 'hmcmilli', 'billing4', 'patra7', 'reddy62', 'ajadalla', 'schellia', 'ellis136', 'jkamedul', 'annaleichty1', 'jiang650', 'pweitzel', 'pmansour', 'moeller4', 'harvey83', 'comer4', 'tladner', 'baxter26', 'srpirtle', 'costel12', 'tzadrave', 'see4', 'busch8', None, 'meyer313', 'evans251', 'michae19', 'zaloudah', 'wils1064', 'ewolfla', 'huan1346', 'yu957', 'nrobb', 'douh', 'dholicz', 'toboyle', 'hmcguir', 'lange35', 'kjabbar']"
159,398,9,7,4,"['oooooxygenhsin', 'verapan', 'llk199628', 'baykal']",4,"['apn2108', 'lzs_feyn', 'cevatron', 'njuwxz123']",3,"[None, 'lrhustc', 'baochendi']",11,"['cevatron', 'llk199628', 'baykal', 'oooooxygenhsin', 'verapan', 'njuwxz123', 'lrhustc', 'baochendi', 'lzs_feyn', 'apn2108', None]"
160,407,9,27,6,"['abachsh', 'stejam130', 'cormican.cerys', 'messham.peter01', 'jirka5599', 'ellie30122000']",2,"['perobach', 'imamhali786']",21,"['haggisface2000', 'raffbowler17', 'annacatton', 'jackjohnston165', 'cjh1903934', 'nicholasrady', 'ammazshabbir77', 'jafd', 'geogibbs2000', 'samimab', 'arcticvenom', 'j983612', 'sumnimalimbu', 'tiaansell', 'fmartinmartinez', 'rlilley', 'joebray1232', None, 'ddug', 'murdob99', 'stevenren0911']",29,"['haggisface2000', 'raffbowler17', 'annacatton', 'jackjohnston165', 'cjh1903934', 'ellie30122000', 'nicholasrady', 'ammazshabbir77', 'abachsh', 'stejam130', 'jafd', 'geogibbs2000', 'samimab', 'arcticvenom', 'perobach', 'j983612', 'sumnimalimbu', 'tiaansell', 'fmartinmartinez', 'rlilley', 'joebray1232', None, 'cormican.cerys', 'messham.peter01', 'ddug', 'murdob99', 'jirka5599', 'imamhali786', 'stevenren0911']"
160,405,9,24,5,"['abachsh', 'stejam130', 'messham.peter01', 'jirka5599', 'ellie30122000']",3,"['cormican.cerys', 'perobach', 'imamhali786']",19,"['haggisface2000', 'raffbowler17', 'annacatton', 'jackjohnston165', 'jackt2000', 'cjh1903934', 'ammazshabbir77', 'arcticvenom', 'geogibbs2000', 'j983612', 'sumnimalimbu', 'tiaansell', 'fmartinmartinez', 'hazelbarnesturner', 'rlilley', None, 'ddug', 'jakestubbs', 'stevenren0911']",27,"['haggisface2000', 'raffbowler17', 'annacatton', 'jackjohnston165', 'jackt2000', 'cjh1903934', 'ellie30122000', 'ammazshabbir77', 'abachsh', 'stejam130', 'arcticvenom', 'geogibbs2000', 'perobach', 'j983612', 'sumnimalimbu', 'tiaansell', 'fmartinmartinez', 'hazelbarnesturner', 'rlilley', None, 'cormican.cerys', 'messham.peter01', 'ddug', 'jirka5599', 'jakestubbs', 'imamhali786', 'stevenren0911']"
160,571,9,23,4,"['messham.peter01', 'ellie30122000', 'stejam130', 'jirka5599']",4,"['abachsh', 'perobach', 'imamhali786', 'cormican.cerys']",19,"['haggisface2000', 'raffbowler17', 'annacatton', 'jackjohnston165', 'jackt2000', 'cjh1903934', 'ammazshabbir77', 'arcticvenom', 'geogibbs2000', 'j983612', 'sumnimalimbu', 'fmartinmartinez', 'hazelbarnesturner', 'rlilley', 'joebray1232', None, 'ddug', 'jakestubbs', 'stevenren0911']",27,"['sumnimalimbu', 'haggisface2000', 'raffbowler17', 'annacatton', 'fmartinmartinez', 'hazelbarnesturner', 'jackjohnston165', 'jackt2000', 'rlilley', 'j983612', 'cjh1903934', 'ellie30122000', 'joebray1232', None, 'ammazshabbir77', 'abachsh', 'stejam130', 'arcticvenom', 'geogibbs2000', 'cormican.cerys', 'messham.peter01', 'ddug', 'perobach', 'jirka5599', 'jakestubbs', 'imamhali786', 'stevenren0911']"
160,406,9,22,5,"['abachsh', 'stejam130', 'messham.peter01', 'jirka5599', 'ellie30122000']",3,"['cormican.cerys', 'perobach', 'imamhali786']",17,"['haggisface2000', 'raffbowler17', 'annacatton', 'samimab', 'geogibbs2000', 'arcticvenom', 'tiaansell', 'fmartinmartinez', 'jackjohnston165', 'rlilley', 'ddug', 'murdob99', 'stevenren0911', 'joebray1232', None, 'j983612', 'ammazshabbir77']",25,"['haggisface2000', 'raffbowler17', 'annacatton', 'tiaansell', 'fmartinmartinez', 'jackjohnston165', 'rlilley', 'j983612', 'joebray1232', 'ellie30122000', None, 'ammazshabbir77', 'abachsh', 'stejam130', 'samimab', 'geogibbs2000', 'arcticvenom', 'cormican.cerys', 'messham.peter01', 'ddug', 'murdob99', 'perobach', 'jirka5599', 'imamhali786', 'stevenren0911']"
160,566,9,20,5,"['abachsh', 'stejam130', 'messham.peter01', 'jirka5599', 'ellie30122000']",3,"['cormican.cerys', 'perobach', 'imamhali786']",15,"['sumnimalimbu', 'haggisface2000', 'arcticvenom', 'annacatton', 'geogibbs2000', 'tiaansell', 'fmartinmartinez', 'hazelbarnesturner', 'ddug', 'jackt2000', 'rlilley', 'stevenren0911', None, 'j983612', 'ammazshabbir77']",23,"['sumnimalimbu', 'haggisface2000', 'annacatton', 'tiaansell', 'fmartinmartinez', 'hazelbarnesturner', 'jackt2000', 'rlilley', 'j983612', 'ellie30122000', None, 'ammazshabbir77', 'abachsh', 'stejam130', 'arcticvenom', 'geogibbs2000', 'cormican.cerys', 'messham.peter01', 'ddug', 'perobach', 'jirka5599', 'imamhali786', 'stevenren0911']"
160,118,9,19,5,"['abachsh', 'stejam130', 'messham.peter01', 'jirka5599', 'ellie30122000']",3,"['cormican.cerys', 'perobach', 'imamhali786']",14,"['sumnimalimbu', 'haggisface2000', 'raffbowler17', 'annacatton', 'arcticvenom', 'geogibbs2000', 'tiaansell', 'ddug', 'jackt2000', 'rlilley', 'stevenren0911', None, 'j983612', 'ammazshabbir77']",22,"['sumnimalimbu', 'haggisface2000', 'raffbowler17', 'annacatton', 'tiaansell', 'jackt2000', 'rlilley', 'j983612', 'ellie30122000', None, 'ammazshabbir77', 'abachsh', 'stejam130', 'arcticvenom', 'geogibbs2000', 'cormican.cerys', 'messham.peter01', 'ddug', 'perobach', 'jirka5599', 'imamhali786', 'stevenren0911']"
160,617,9,12,4,"['messham.peter01', 'abachsh', 'stejam130', 'jirka5599']",4,"['ellie30122000', 'cormican.cerys', 'perobach', 'imamhali786']",8,"['arcticvenom', 'geogibbs2000', 'annacatton', 'ddug', 'rlilley', 'murdob99', None, 'j983612']",16,"['annacatton', 'rlilley', 'j983612', 'ellie30122000', None, 'abachsh', 'stejam130', 'arcticvenom', 'geogibbs2000', 'cormican.cerys', 'messham.peter01', 'ddug', 'murdob99', 'perobach', 'jirka5599', 'imamhali786']"
160,193,9,11,5,"['abachsh', 'stejam130', 'messham.peter01', 'jirka5599', 'ellie30122000']",3,"['cormican.cerys', 'perobach', 'imamhali786']",6,"['sumnimalimbu', 'geogibbs2000', 'fmartinmartinez', 'ddug', 'rlilley', None]",14,"['sumnimalimbu', 'fmartinmartinez', 'rlilley', 'ellie30122000', None, 'abachsh', 'stejam130', 'geogibbs2000', 'cormican.cerys', 'messham.peter01', 'ddug', 'perobach', 'jirka5599', 'imamhali786']"
160,567,9,10,3,"['ellie30122000', 'abachsh', 'stejam130']",5,"['cormican.cerys', 'messham.peter01', 'perobach', 'jirka5599', 'imamhali786']",7,"['haggisface2000', 'geogibbs2000', 'tiaansell', 'fmartinmartinez', 'ddug', None, 'j983612']",15,"['haggisface2000', 'abachsh', 'stejam130', 'geogibbs2000', 'tiaansell', 'fmartinmartinez', 'cormican.cerys', 'j983612', 'messham.peter01', 'ddug', 'perobach', 'jirka5599', 'ellie30122000', None, 'imamhali786']"
161,361,9,198,4,"['djstumpf', 'mistachoi9000', 'efrias', 'robin460']",4,"['mingear', 'oelsher', 'kotakh', 'jcg4643']",194,"['artierenier', 'mikav', 'li2701', 'cohland', 'bbarale', 'obriencaitlin20', 'sbukzam', 'egummers', 'hollej', 'ahn87', 'allen482', 'ma592', 'wnorton', 'dnocon', 'jone1616', 'sgandiko', 'amarkert', 'agettel', 'pate1034', 'downeyl', 'zuckerma', 'romack0', 'lee2880', 'nrentsc', 'feng233', 'alsalea', 'sharlow', 'ejobe', 'lnorris', 'abirkeme', 'jmontbru', 'nafandi', 'tuckergm', 'liu2442', 'beers2', 'shagaman', 'kngupta', 'haejik', 'ebinkle', 'tsriram', 'comer13', 'ander966', 'stuff', 'harri827', 'hodge20', 'mock6', 'smahipat', 'jcarre', 'jperata', 'armour1', 'asyrek', 'dkramper', 'wagoneb', 'kradde', 'heaton4', 'jmesa', 'mngaglia', 'ashinne', 'kzingaro', 'pbhaske', 'thoma805', 'skunduru', 'bkoszyk', 'bird12', 'voorsm', 'nortt', 'akurumba', 'mprue', 'mcalisto', 'scott479', 'lin1297', 'lregalad', 'jhaddadc', None, 'verduzm', 'rharapan', 'rvulich', 'mannin15', 'jmavi', 'chfranci', 'lhendrik', 'lopez347', 'jmestach', 'leal6', 'tvulich', 'beck160', 'kortee', 'nbstern', 'will1941', 'mfangio', 'gfiedler', 'sconkle', 'hollowr', 'snathell', 'rkeyser', 'jade.m.meekin', 'east5', 'agarw190', 'whollan', 'gzanutta', 'zhu741', 'carls127', 'john2345', 'reddy62', 'oditto', 'mlannie', 'stockerm', 'kong68', 'mdewaele', 'hrubyr', 'wdobbs', 'hawkin98', 'scroskey', 'aalnas', 'dmarcha', 'okeefee', 'dbhagwan', 'sayyala', 'fruane', 'rstaples', 'murph417', 'sweene26', 'ellis.gavin99', 'jyounkin', 'chris260', 'afirkan', 'efrancoe', 'nfransen', 'bodhiscott', 'pan229', 'rcalistr', 'lvelky', 'boninl', 'single0', 'afarha', 'jcavage', 'cliffos', 'russe162', 'mclassen', 'dholicz', 'esuer', 'connoll1', 'ksagar', 'dmangeri', 'gconer', 'bbondi', 'kbrayto', 'llefebvr', 'wagne267', 'ander939', 'mihsan', 'marykirstenreilly', 'zhan3108', 'elamewon', 'ndroessl', 'hughe234', 'nixon21', 'aquinli', 'funkhous', 'mill2391', 'sharp82', 'cmancini', 'rdamle', 'wheffern', 'csrafin', 'drake38', 'bdbowles', 'llwan', 'pkanugul', 'nkielkop', 'castil77', 'cleveng2', 'lritchis', 'carr94', 'gagnonn', 'svendsen', 'weber164', 'weber171', 'lhoppenr', 'tchen135', 'ncivitan', 'jnylen', 'rhentric', 'meyer313', 'ehultman', 'ellis125', 'mmatteso', 'zhao979', 'hshrote', 'srajarat', 'achungma', 'tprati', 'kyendru', 'jomondi']",202,"['artierenier', 'mikav', 'li2701', 'cohland', 'bbarale', 'obriencaitlin20', 'sbukzam', 'egummers', 'hollej', 'ahn87', 'allen482', 'ma592', 'wnorton', 'dnocon', 'jone1616', 'sgandiko', 'amarkert', 'agettel', 'pate1034', 'downeyl', 'zuckerma', 'romack0', 'lee2880', 'nrentsc', 'feng233', 'alsalea', 'sharlow', 'mistachoi9000', 'ejobe', 'lnorris', 'djstumpf', 'abirkeme', 'jmontbru', 'nafandi', 'tuckergm', 'liu2442', 'beers2', 'shagaman', 'kngupta', 'haejik', 'ebinkle', 'tsriram', 'comer13', 'ander966', 'kotakh', 'stuff', 'harri827', 'hodge20', 'mock6', 'smahipat', 'jcarre', 'jperata', 'armour1', 'asyrek', 'dkramper', 'wagoneb', 'kradde', 'heaton4', 'jmesa', 'mngaglia', 'ashinne', 'kzingaro', 'pbhaske', 'thoma805', 'skunduru', 'bkoszyk', 'bird12', 'voorsm', 'nortt', 'akurumba', 'mprue', 'mcalisto', 'scott479', 'lin1297', 'lregalad', 'jhaddadc', None, 'verduzm', 'rharapan', 'rvulich', 'mannin15', 'jmavi', 'chfranci', 'lhendrik', 'jcg4643', 'lopez347', 'jmestach', 'leal6', 'tvulich', 'beck160', 'kortee', 'nbstern', 'will1941', 'mingear', 'mfangio', 'gfiedler', 'sconkle', 'hollowr', 'snathell', 'rkeyser', 'jade.m.meekin', 'east5', 'agarw190', 'whollan', 'gzanutta', 'zhu741', 'carls127', 'john2345', 'reddy62', 'oditto', 'mlannie', 'stockerm', 'kong68', 'mdewaele', 'hrubyr', 'wdobbs', 'hawkin98', 'scroskey', 'aalnas', 'dmarcha', 'okeefee', 'dbhagwan', 'sayyala', 'fruane', 'rstaples', 'murph417', 'sweene26', 'ellis.gavin99', 'jyounkin', 'chris260', 'afirkan', 'efrancoe', 'nfransen', 'bodhiscott', 'pan229', 'rcalistr', 'lvelky', 'boninl', 'single0', 'afarha', 'jcavage', 'oelsher', 'cliffos', 'russe162', 'mclassen', 'dholicz', 'esuer', 'connoll1', 'ksagar', 'dmangeri', 'gconer', 'bbondi', 'kbrayto', 'llefebvr', 'wagne267', 'ander939', 'mihsan', 'marykirstenreilly', 'efrias', 'zhan3108', 'elamewon', 'ndroessl', 'hughe234', 'nixon21', 'aquinli', 'funkhous', 'mill2391', 'sharp82', 'cmancini', 'rdamle', 'wheffern', 'csrafin', 'drake38', 'bdbowles', 'llwan', 'pkanugul', 'nkielkop', 'castil77', 'cleveng2', 'robin460', 'lritchis', 'carr94', 'gagnonn', 'svendsen', 'weber164', 'weber171', 'lhoppenr', 'tchen135', 'ncivitan', 'jnylen', 'rhentric', 'meyer313', 'ehultman', 'ellis125', 'mmatteso', 'zhao979', 'hshrote', 'srajarat', 'achungma', 'tprati', 'kyendru', 'jomondi']"
165,156,9,19,1,['essam_berikaa'],7,"['maneesuet', 'federico.frezza96', 'abhijitchatterjee', 'lauragardner2024', 'theogmh', 'jkays', 'halldorsv']",18,"['laraghanem99', 'ciungucristian99', 'jppl', 'meiiqitang', 'sundaelover', 'neroliko', 'evelynemcgill2021', 'aymar', 'michaellableu', 'andreahaniak', 'msamee', 'imhotshotricardo', 'lauriezaccarin', 'jonathan433', 'kalilio', 'alice.kazarine', 'lillianchiu', None]",26,"['laraghanem99', 'meiiqitang', 'neroliko', 'sundaelover', 'maneesuet', 'federico.frezza96', 'abhijitchatterjee', 'theogmh', 'imhotshotricardo', 'lauriezaccarin', 'kalilio', 'lillianchiu', None, 'ciungucristian99', 'jppl', 'michaellableu', 'lauragardner2024', 'andreahaniak', 'msamee', 'jkays', 'halldorsv', 'jonathan433', 'aymar', 'alice.kazarine', 'evelynemcgill2021', 'essam_berikaa']"
169,133,8,34,4,"['dlincoln', 'liriyanyan', 'charlie0513', 'geert']",3,"['guschwar', 'sbaird9', 'mcdowelle']",30,"['adiya.enhadiya', 'uozgur', 'jwarnky', 'heath.wells.esq', 'marco.apolinario.l', 'altantsooj', 'mhanvey', 'btmn5698', 'lillianchiu', 'turnera14', 'j.manlai0411', 'munkhbayar518', 'glenhwalters', 'meiiqitang', 'dolp', 'aymar', 'waldropj24', 'everaste', 'huan1318', 'kalilio', 'bburgilmaa1202', None, 'dietzelcc', 'aravindh', 'chnbtgaldanmgc', 'vallejora', 'uuganbayaro', 'aingles', 'g.k41541g', 'smit4225']",37,"['adiya.enhadiya', 'uozgur', 'jwarnky', 'charlie0513', 'heath.wells.esq', 'marco.apolinario.l', 'altantsooj', 'mhanvey', 'btmn5698', 'lillianchiu', 'turnera14', 'j.manlai0411', 'liriyanyan', 'guschwar', 'sbaird9', 'munkhbayar518', 'glenhwalters', 'meiiqitang', 'dlincoln', 'geert', 'dolp', 'waldropj24', 'aingles', 'everaste', 'huan1318', 'kalilio', 'bburgilmaa1202', None, 'dietzelcc', 'aravindh', 'chnbtgaldanmgc', 'vallejora', 'mcdowelle', 'uuganbayaro', 'aymar', 'g.k41541g', 'smit4225']"
170,286,8,9,7,"['knutas26', 'rcc221', 'priyamancheril1', 'hanningy', 'desai.misha', 'diya.shah', 'asevak25']",0,[],2,"[None, 'mer317']",9,"['knutas26', 'desai.misha', 'mer317', None, 'rcc221', 'priyamancheril1', 'hanningy', 'diya.shah', 'asevak25']"
172,84,8,7,4,"['ramaraju.34.apt', 'h20200181', 'kirannevaskar', 'noelr']",3,"['2020ht80592', 'karthickcnp', 'shivam.dcrust']",3,"[None, 'soniadeendayal7290', 'noelprashant']",10,"['karthickcnp', 'kirannevaskar', '2020ht80592', 'soniadeendayal7290', 'noelr', 'ramaraju.34.apt', 'h20200181', None, 'noelprashant', 'shivam.dcrust']"
173,62,8,9,2,"['yq1252273029', 'wxy678']",5,"['sy2677618424', 'liuyulun', 'sxbsxl555', 'hyp096', 'dazhichao']",7,"['bin08', 'guoxinyan7', 'phq', 'woshihuanmouren', 'k2m', None, 'zhangning123']",14,"['sy2677618424', 'liuyulun', 'yq1252273029', 'bin08', 'hyp096', 'wxy678', 'k2m', None, 'dazhichao', 'sxbsxl555', 'guoxinyan7', 'phq', 'woshihuanmouren', 'zhangning123']"
173,490,8,9,7,"['sy2677618424', 'liuyulun', 'yq1252273029', 'sxbsxl555', 'hyp096', 'wxy678', 'dazhichao']",0,[],2,"[None, 'bin08']",9,"['sy2677618424', 'liuyulun', 'yq1252273029', 'bin08', 'hyp096', 'wxy678', None, 'dazhichao', 'sxbsxl555']"
173,452,8,8,1,['yq1252273029'],6,"['sy2677618424', 'liuyulun', 'sxbsxl555', 'hyp096', 'wxy678', 'dazhichao']",7,"['bin08', 'guoxinyan7', 'phq', 'woshihuanmouren', 'k2m', None, 'zhangning123']",14,"['sy2677618424', 'liuyulun', 'yq1252273029', 'bin08', 'sxbsxl555', 'guoxinyan7', 'phq', 'hyp096', 'wxy678', 'woshihuanmouren', 'k2m', None, 'zhangning123', 'dazhichao']"
175,65,8,11,3,"['ks29c', 'jjfxcm', 'jabg3c']",4,"['ullrichc', 'dls1947', 'chemmiki', 'quinn305']",8,"['cdpdqf', 'rdbbhc', 'mrmichaels', 'sjw72z', 'bgkd5d', 'daskng', None, 'tjsnmh']",15,"['rdbbhc', 'jjfxcm', 'bgkd5d', 'quinn305', 'jabg3c', None, 'ullrichc', 'cdpdqf', 'ks29c', 'dls1947', 'mrmichaels', 'sjw72z', 'chemmiki', 'daskng', 'tjsnmh']"
176,501,8,7,6,"['m.tashulova', 'dani.karakuleva', 'darkonushev', 'kitanovski.anastas', 'monss0676', 'mac123']",1,['viki.najdoska88'],1,[None],8,"['m.tashulova', 'dani.karakuleva', 'viki.najdoska88', 'darkonushev', 'kitanovski.anastas', 'monss0676', None, 'mac123']"
177,34,8,25,4,"['juaniito82', 'oscarguerravinuesa', 'inesojeda98', 'agustin.aranda310']",3,"['carlotaarojosato1', 'maegol28899', 'joscebtap']",21,"['josemanuel.alvarez.perez', 'albersabo99', 'saragonzalezmiguez', 'stephania23', 'davidruiz', 'anapv177', 'foojorge', 'isloes12', 'aizquierdop310899', 'marcobaleato', 'martin.mg98.10', 'isabelm.gonzalez27', None, 'espe.ruiz1177', 'aaronrivasterron', 'rospalhur16', 'roberto7visosfc2010', 'atsui75', 'sabela.fernandez.r', 'sabe425', 'noelianavarromoreno']",28,"['oscarguerravinuesa', 'maegol28899', 'josemanuel.alvarez.perez', 'albersabo99', 'saragonzalezmiguez', 'stephania23', 'davidruiz', 'anapv177', 'joscebtap', 'juaniito82', 'isloes12', 'foojorge', 'aizquierdop310899', 'marcobaleato', 'agustin.aranda310', 'martin.mg98.10', 'isabelm.gonzalez27', None, 'espe.ruiz1177', 'aaronrivasterron', 'carlotaarojosato1', 'inesojeda98', 'rospalhur16', 'roberto7visosfc2010', 'atsui75', 'sabela.fernandez.r', 'sabe425', 'noelianavarromoreno']"
177,150,8,17,3,"['carlotaarojosato1', 'maegol28899', 'joscebtap']",4,"['juaniito82', 'oscarguerravinuesa', 'inesojeda98', 'agustin.aranda310']",14,"['adribetid99', 'hanaamehdisefiani', 'jesusgq99', 'angelalopezlobo97', 'carlosmaperez', 'alesfc4', 'jesusmrquez96', 'alemirmar', 'halacamacho96', 'fernanmorales99', 'aurobarroso', 'noelianavarromoreno', 'lucrodsil', None]",21,"['oscarguerravinuesa', 'maegol28899', 'agustin.aranda310', 'halacamacho96', 'fernanmorales99', 'lucrodsil', None, 'adribetid99', 'hanaamehdisefiani', 'carlotaarojosato1', 'inesojeda98', 'joscebtap', 'juaniito82', 'jesusgq99', 'angelalopezlobo97', 'carlosmaperez', 'alesfc4', 'jesusmrquez96', 'alemirmar', 'aurobarroso', 'noelianavarromoreno']"
177,151,8,15,4,"['juaniito82', 'oscarguerravinuesa', 'inesojeda98', 'agustin.aranda310']",3,"['carlotaarojosato1', 'maegol28899', 'joscebtap']",11,"['espe.ruiz1177', 'aizquierdop310899', 'rospalhur16', 'roberto7visosfc2010', 'marparbal11', 'victorlyokc1', 'pablomartinez0199', 'isloes12', 'isabelm.gonzalez27', 'javier.banasco', None]",18,"['oscarguerravinuesa', 'aizquierdop310899', 'maegol28899', 'marparbal11', 'agustin.aranda310', 'pablomartinez0199', 'isabelm.gonzalez27', None, 'espe.ruiz1177', 'carlotaarojosato1', 'inesojeda98', 'joscebtap', 'juaniito82', 'rospalhur16', 'roberto7visosfc2010', 'victorlyokc1', 'isloes12', 'javier.banasco']"
177,33,8,14,2,"['maegol28899', 'joscebtap']",5,"['oscarguerravinuesa', 'carlotaarojosato1', 'inesojeda98', 'juaniito82', 'agustin.aranda310']",12,"['adribetid99', 'jesusgq99', 'jacfomg', 'angelalopezlobo97', 'carlosmaperez', 'victorlyokc1', 'jesusmrquez96', 'alemirmar', 'fernanmorales99', 'isloes12', 'lucrodsil', None]",19,"['oscarguerravinuesa', 'maegol28899', 'agustin.aranda310', 'fernanmorales99', 'lucrodsil', None, 'adribetid99', 'carlotaarojosato1', 'inesojeda98', 'joscebtap', 'juaniito82', 'jesusgq99', 'jacfomg', 'angelalopezlobo97', 'carlosmaperez', 'victorlyokc1', 'jesusmrquez96', 'alemirmar', 'isloes12']"
177,563,8,13,3,"['carlotaarojosato1', 'maegol28899', 'joscebtap']",4,"['juaniito82', 'oscarguerravinuesa', 'inesojeda98', 'agustin.aranda310']",10,"['adribetid99', 'hanaamehdisefiani', 'carlosmaperez', 'alesfc4', 'jesusmrquez96', 'fernanmorales99', 'aurobarroso', 'lucrodsil', None, 'luciafernandeztroncoso']",17,"['oscarguerravinuesa', 'maegol28899', 'agustin.aranda310', 'fernanmorales99', 'lucrodsil', None, 'luciafernandeztroncoso', 'adribetid99', 'hanaamehdisefiani', 'carlotaarojosato1', 'inesojeda98', 'joscebtap', 'juaniito82', 'carlosmaperez', 'alesfc4', 'jesusmrquez96', 'aurobarroso']"
177,376,8,12,1,['maegol28899'],6,"['oscarguerravinuesa', 'carlotaarojosato1', 'inesojeda98', 'joscebtap', 'juaniito82', 'agustin.aranda310']",11,"['adribetid99', 'jesusgq99', 'alesfc4', 'carlosmaperez', 'jesusmrquez96', 'alemirmar', 'fernanmorales99', 'aurobarroso', 'noelianavarromoreno', 'lucrodsil', None]",18,"['oscarguerravinuesa', 'maegol28899', 'agustin.aranda310', 'fernanmorales99', 'lucrodsil', None, 'adribetid99', 'carlotaarojosato1', 'inesojeda98', 'joscebtap', 'juaniito82', 'jesusgq99', 'carlosmaperez', 'alesfc4', 'jesusmrquez96', 'alemirmar', 'aurobarroso', 'noelianavarromoreno']"
177,123,8,10,2,"['maegol28899', 'joscebtap']",5,"['oscarguerravinuesa', 'carlotaarojosato1', 'inesojeda98', 'juaniito82', 'agustin.aranda310']",8,"['adribetid99', 'jesusgq99', 'carlosmaperez', 'victorlyokc1', 'jesusmrquez96', 'alemirmar', 'lucrodsil', None]",15,"['oscarguerravinuesa', 'maegol28899', 'agustin.aranda310', 'lucrodsil', None, 'adribetid99', 'carlotaarojosato1', 'inesojeda98', 'joscebtap', 'juaniito82', 'jesusgq99', 'victorlyokc1', 'carlosmaperez', 'jesusmrquez96', 'alemirmar']"
177,564,8,10,3,"['juaniito82', 'oscarguerravinuesa', 'inesojeda98']",4,"['agustin.aranda310', 'carlotaarojosato1', 'maegol28899', 'joscebtap']",7,"['espe.ruiz1177', 'aizquierdop310899', 'rospalhur16', 'marparbal11', 'isloes12', 'noelianavarromoreno', None]",14,"['oscarguerravinuesa', 'aizquierdop310899', 'maegol28899', 'marparbal11', 'agustin.aranda310', None, 'espe.ruiz1177', 'carlotaarojosato1', 'inesojeda98', 'joscebtap', 'juaniito82', 'rospalhur16', 'isloes12', 'noelianavarromoreno']"
177,377,8,9,4,"['juaniito82', 'oscarguerravinuesa', 'inesojeda98', 'agustin.aranda310']",3,"['carlotaarojosato1', 'maegol28899', 'joscebtap']",5,"['espe.ruiz1177', 'aizquierdop310899', 'roberto7visosfc2010', 'isabelm.gonzalez27', None]",12,"['oscarguerravinuesa', 'aizquierdop310899', 'maegol28899', 'agustin.aranda310', 'isabelm.gonzalez27', None, 'espe.ruiz1177', 'carlotaarojosato1', 'inesojeda98', 'joscebtap', 'juaniito82', 'roberto7visosfc2010']"
177,152,8,7,2,"['maegol28899', 'joscebtap']",5,"['oscarguerravinuesa', 'carlotaarojosato1', 'inesojeda98', 'juaniito82', 'agustin.aranda310']",5,"['jesusgq99', 'angelalopezlobo97', 'fernanmorales99', 'lucrodsil', None]",12,"['oscarguerravinuesa', 'carlotaarojosato1', 'maegol28899', 'inesojeda98', 'joscebtap', 'juaniito82', 'jesusgq99', 'angelalopezlobo97', 'agustin.aranda310', 'fernanmorales99', 'lucrodsil', None]"
177,170,8,7,4,"['juaniito82', 'oscarguerravinuesa', 'inesojeda98', 'agustin.aranda310']",3,"['carlotaarojosato1', 'maegol28899', 'joscebtap']",3,"['roberto7visosfc2010', 'noelianavarromoreno', None]",10,"['oscarguerravinuesa', 'carlotaarojosato1', 'maegol28899', 'inesojeda98', 'joscebtap', 'juaniito82', 'roberto7visosfc2010', 'agustin.aranda310', 'noelianavarromoreno', None]"
177,120,8,6,3,"['juaniito82', 'oscarguerravinuesa', 'inesojeda98']",4,"['agustin.aranda310', 'carlotaarojosato1', 'maegol28899', 'joscebtap']",3,"['roberto7visosfc2010', None, 'isabelm.gonzalez27']",10,"['oscarguerravinuesa', 'carlotaarojosato1', 'maegol28899', 'inesojeda98', 'joscebtap', 'juaniito82', 'roberto7visosfc2010', 'agustin.aranda310', 'isabelm.gonzalez27', None]"
178,132,8,7,4,"['kim2978', 'snholcomb', 'apopper', 'gupta479']",3,"['billy.z.cockell', 'thesbeme', 'yusuzuki']",3,"[None, 'dgormley', 'singer15']",10,"['singer15', 'thesbeme', 'kim2978', 'yusuzuki', 'billy.z.cockell', 'dgormley', 'snholcomb', 'gupta479', None, 'apopper']"
180,324,8,20,3,"['someone811', 'bisheryousif', 'danaalmutairi']",4,"['somayasenosy94', 'abdullah.s.karar', 'dablomoataz', 'ahmed12zaky']",17,"['maasoumah', 'shiruwan', 'otaibemn', 'hakemahussain', 'spring2021', 'dalal327', 'd1s2roy', 'ahmedsayed.elec', 'rayaanalraqibah1', None, 'reemalb22', 'hassanalmeirza', '111icoolboy111', 'hamadalarjani', 'hqassem93', 'halwarea', 'setstall2']",24,"['maasoumah', 'bisheryousif', 'somayasenosy94', 'hakemahussain', 'abdullah.s.karar', 'hqassem93', None, 'dablomoataz', 'halwarea', 'reemalb22', 'shiruwan', 'otaibemn', 'spring2021', 'dalal327', 'd1s2roy', 'ahmed12zaky', 'ahmedsayed.elec', 'rayaanalraqibah1', 'hassanalmeirza', '111icoolboy111', 'someone811', 'hamadalarjani', 'danaalmutairi', 'setstall2']"
180,323,8,8,2,"['someone811', 'danaalmutairi']",5,"['bisheryousif', 'somayasenosy94', 'ahmed12zaky', 'abdullah.s.karar', 'dablomoataz']",6,"['bilelneji', 'abdullahalmohammed1', 'bashayer.almezyan', 'abduallah4454a', 'abeeraljassi', None]",13,"['bisheryousif', 'bilelneji', 'abdullahalmohammed1', 'somayasenosy94', 'bashayer.almezyan', 'abduallah4454a', 'ahmed12zaky', 'abdullah.s.karar', None, 'someone811', 'abeeraljassi', 'danaalmutairi', 'dablomoataz']"
181,575,8,32,3,"['bagdep12', 'satyamsawant46', 'akankshasadvelkar']",4,"['rajashree.pimputkar', 'anuragmandke4', 'rutikpanchal58', 'raksheshubham']",29,"['mayurbhivara', 'micromechanic', 'vinkitajm', 'kavita.upadhyay', 'shashankverma148', 'saurabhnaikodi', 'siddhiraut', 'shivambutere', 'jaimindesai', 'jaymatkar01', 'aakanksharozekar', 'prathmesh.parab', 'gaurav2504', 'nehaknad2296', 'sarika_bukkawar', 'kshemal_gupte', 'pratikgodbole', 'shrutipatil822', 'mithil.modi', 'shivani.bhamare', None, 'shradhaj', 'omkar1999', 'sunlovesrahul', 'shilpa.kand', 'sagar.pokhariyal', 'priyankawani', 'pranavbade', 'sanika2809']",36,"['mayurbhivara', 'micromechanic', 'vinkitajm', 'kavita.upadhyay', 'akankshasadvelkar', 'shashankverma148', 'sanika2809', 'saurabhnaikodi', 'anuragmandke4', 'siddhiraut', 'shivambutere', 'satyamsawant46', 'jaimindesai', 'jaymatkar01', 'aakanksharozekar', 'prathmesh.parab', 'rutikpanchal58', 'gaurav2504', 'bagdep12', 'nehaknad2296', 'sarika_bukkawar', 'kshemal_gupte', 'pratikgodbole', 'shrutipatil822', 'mithil.modi', 'shivani.bhamare', 'rajashree.pimputkar', None, 'shradhaj', 'omkar1999', 'sunlovesrahul', 'shilpa.kand', 'sagar.pokhariyal', 'priyankawani', 'pranavbade', 'raksheshubham']"
181,580,8,26,2,"['bagdep12', 'satyamsawant46']",5,"['rutikpanchal58', 'akankshasadvelkar', 'rajashree.pimputkar', 'anuragmandke4', 'raksheshubham']",24,"['aashichaurasia1432', 'shitapvaibhav25', 'vinkitajm', 'vishal001', 'nikitapawar20999', 'shashankverma148', 'shivambutere', 'aakanksharozekar', 'kmansi1612', 'nehaknad2296', 'gaurav2504', 'sarika_bukkawar', 'kshemal_gupte', 'pratikgodbole', 'mithil.modi', None, 'shradhaj', 'omkar1999', 'sandhyabhakre', 'sunnynagarji46', 'sagar.pokhariyal', 'pranavbade', 'hiwaleneha9988', 'sanika2809']",31,"['aashichaurasia1432', 'shitapvaibhav25', 'vinkitajm', 'vishal001', 'nikitapawar20999', 'akankshasadvelkar', 'shashankverma148', 'sanika2809', 'anuragmandke4', 'shivambutere', 'satyamsawant46', 'aakanksharozekar', 'kmansi1612', 'rutikpanchal58', 'nehaknad2296', 'bagdep12', 'gaurav2504', 'sarika_bukkawar', 'kshemal_gupte', 'pratikgodbole', 'mithil.modi', 'rajashree.pimputkar', None, 'shradhaj', 'sandhyabhakre', 'omkar1999', 'sunnynagarji46', 'sagar.pokhariyal', 'pranavbade', 'hiwaleneha9988', 'raksheshubham']"
181,425,8,12,1,['rutikpanchal58'],6,"['bagdep12', 'satyamsawant46', 'akankshasadvelkar', 'rajashree.pimputkar', 'anuragmandke4', 'raksheshubham']",11,"['kshemal_gupte', 'priyankawani', 'micromechanic', 'jjb', 'vinkitajm', 'vapande3006', 'vipulgawad7', 'aakanksharozekar', 'saurabhnaikodi', None, 'bhaskar.vankala.bv']",18,"['rutikpanchal58', 'bagdep12', 'kshemal_gupte', 'micromechanic', 'vinkitajm', 'vapande3006', 'vipulgawad7', 'akankshasadvelkar', 'rajashree.pimputkar', 'anuragmandke4', 'saurabhnaikodi', None, 'bhaskar.vankala.bv', 'satyamsawant46', 'priyankawani', 'jjb', 'aakanksharozekar', 'raksheshubham']"
181,424,8,10,4,"['bagdep12', 'satyamsawant46', 'rajashree.pimputkar', 'rutikpanchal58']",3,"['raksheshubham', 'anuragmandke4', 'akankshasadvelkar']",6,"['shashankg355', 'nehaknad2296', 'kshemal_gupte', 'vipulgawad7', 'nikitapawar20999', None]",13,"['rutikpanchal58', 'nehaknad2296', 'bagdep12', 'kshemal_gupte', 'vipulgawad7', 'nikitapawar20999', 'akankshasadvelkar', 'rajashree.pimputkar', 'anuragmandke4', None, 'shashankg355', 'satyamsawant46', 'raksheshubham']"
181,574,8,8,1,['akankshasadvelkar'],6,"['rutikpanchal58', 'bagdep12', 'satyamsawant46', 'rajashree.pimputkar', 'anuragmandke4', 'raksheshubham']",7,"['mayurbhivara', 'saikat.duttaroy', 'micromechanic', 'shrutipatil822', 'abhi.jain', 'jaymatkar01', None]",14,"['mayurbhivara', 'rutikpanchal58', 'bagdep12', 'satyamsawant46', 'saikat.duttaroy', 'micromechanic', 'shrutipatil822', 'abhi.jain', 'jaymatkar01', 'akankshasadvelkar', 'rajashree.pimputkar', 'anuragmandke4', None, 'raksheshubham']"
181,581,8,7,2,"['bagdep12', 'rutikpanchal58']",5,"['satyamsawant46', 'akankshasadvelkar', 'rajashree.pimputkar', 'anuragmandke4', 'raksheshubham']",5,"['shitapvaibhav25', 'kshemal_gupte', 'micromechanic', 'vipulgawad7', None]",12,"['rutikpanchal58', 'shitapvaibhav25', 'bagdep12', 'satyamsawant46', 'kshemal_gupte', 'micromechanic', 'vipulgawad7', 'akankshasadvelkar', 'rajashree.pimputkar', 'anuragmandke4', None, 'raksheshubham']"
182,402,8,14,1,['francomelica55'],6,"['leonciosam70', 'msalguero', 'narrojas', 'nayze01', 'juansebastian.chaparro.d', 'francisco.olea.d']",13,"['fabripusiol1895', 'smselzer', 'mailen.selzer', 'martin.broens', 'fer_fushimi', 'gaspar.ferreyra', 'm.tecco', 'fabripusiol1833', 'francisco.merlotti', 'franciscomerlotti', None, 'ferfushimi', 'broensmartin']",20,"['fabripusiol1895', 'msalguero', 'narrojas', 'mailen.selzer', 'martin.broens', 'fer_fushimi', 'gaspar.ferreyra', 'm.tecco', 'fabripusiol1833', None, 'francomelica55', 'francisco.olea.d', 'broensmartin', 'smselzer', 'leonciosam70', 'nayze01', 'francisco.merlotti', 'juansebastian.chaparro.d', 'franciscomerlotti', 'ferfushimi']"
182,403,8,11,1,['francomelica55'],6,"['leonciosam70', 'msalguero', 'narrojas', 'nayze01', 'juansebastian.chaparro.d', 'francisco.olea.d']",10,"['omarlinarez', 'smselzer', 'vfuertes2020', 'mailen.selzer', 'martin.broens', 'fer_fushimi', 'm.tecco', None, 'ferfushimi', 'broensmartin']",17,"['omarlinarez', 'msalguero', 'narrojas', 'mailen.selzer', 'martin.broens', 'fer_fushimi', 'm.tecco', None, 'francomelica55', 'francisco.olea.d', 'broensmartin', 'smselzer', 'leonciosam70', 'vfuertes2020', 'nayze01', 'juansebastian.chaparro.d', 'ferfushimi']"
182,399,8,9,2,"['narrojas', 'francomelica55']",5,"['leonciosam70', 'msalguero', 'nayze01', 'juansebastian.chaparro.d', 'francisco.olea.d']",7,"['omarlinarez', 'maximilianoamerlo', 'dmarcini88', 'martin.broens', 'm.salguero', 'fer_fushimi', None]",14,"['omarlinarez', 'maximilianoamerlo', 'msalguero', 'narrojas', 'martin.broens', 'm.salguero', 'fer_fushimi', None, 'francomelica55', 'francisco.olea.d', 'leonciosam70', 'nayze01', 'dmarcini88', 'juansebastian.chaparro.d']"
182,401,8,7,1,['francomelica55'],6,"['leonciosam70', 'msalguero', 'narrojas', 'nayze01', 'juansebastian.chaparro.d', 'francisco.olea.d']",6,"['fabripusiol1895', 'martin.broens', 'fer_fushimi', 'francisco.merlotti', None, 'broensmartin']",13,"['fabripusiol1895', 'leonciosam70', 'msalguero', 'nayze01', 'narrojas', 'martin.broens', 'fer_fushimi', 'francisco.merlotti', 'juansebastian.chaparro.d', None, 'francomelica55', 'francisco.olea.d', 'broensmartin']"
184,278,7,19,6,"['sasteph', 'tzhou2', 'kahale', 'aaron_lafleur', 'akb2', 'abamick']",0,[],13,"['danielmoore', 'dahelle', 'vchaluv', 'lmyhill', 'mc5', 'jcnorwo', 'hyunsol', 'wnalley', 'tcarte3', 'zroy', 'tjacks4', None, 'mbauwen']",19,"['dahelle', 'tzhou2', 'vchaluv', 'lmyhill', 'mc5', 'jcnorwo', 'wnalley', 'akb2', 'zroy', 'tjacks4', None, 'sasteph', 'danielmoore', 'kahale', 'hyunsol', 'aaron_lafleur', 'tcarte3', 'abamick', 'mbauwen']"
184,516,7,15,6,"['sasteph', 'tzhou2', 'kahale', 'aaron_lafleur', 'akb2', 'abamick']",0,[],9,"['danielmoore', 'yitaow', 'mc5', 'ohussei', 'chochuc', 'jcnorwo', 'hyunsol', 'tjacks4', None]",15,"['tzhou2', 'mc5', 'ohussei', 'chochuc', 'jcnorwo', 'akb2', 'tjacks4', None, 'sasteph', 'danielmoore', 'yitaow', 'kahale', 'hyunsol', 'aaron_lafleur', 'abamick']"
184,621,7,11,6,"['sasteph', 'tzhou2', 'kahale', 'aaron_lafleur', 'akb2', 'abamick']",0,[],5,"['dahelle', 'yitaow', 'ohussei', 'hyunsol', None]",11,"['dahelle', 'tzhou2', 'ohussei', 'akb2', None, 'sasteph', 'yitaow', 'kahale', 'hyunsol', 'aaron_lafleur', 'abamick']"
184,515,7,10,3,"['tzhou2', 'sasteph', 'kahale']",3,"['abamick', 'aaron_lafleur', 'akb2']",7,"['jbmcduf', 'yitaow', 'malek1994', 'ohussei', 'chochuc', 'hyunsol', None]",13,"['jbmcduf', 'tzhou2', 'ohussei', 'chochuc', 'akb2', None, 'sasteph', 'yitaow', 'malek1994', 'kahale', 'hyunsol', 'aaron_lafleur', 'abamick']"
184,620,7,6,4,"['aaron_lafleur', 'sasteph', 'kahale', 'akb2']",2,"['tzhou2', 'abamick']",2,"['hyunsol', None]",8,"['sasteph', 'tzhou2', 'kahale', 'hyunsol', 'aaron_lafleur', 'akb2', 'abamick', None]"
185,345,7,171,1,['jgerstei'],5,"['dhomme', 'wang3844', 'pweitzel', 'pmansour', 'kjabbar']",170,"['artierenier', 'mikav', 'mkirsch', 'li2701', 'cohland', 'bbarale', 'butcher5', 'obriencaitlin20', 'sbukzam', 'egummers', 'hollej', 'ahn87', 'rtrafele', 'allen482', 'wnorton', 'dnocon', 'jone1616', 'sgandiko', 'adoxsee', 'amarkert', 'agettel', 'pate1034', 'zuckerma', 'romack0', 'feng233', 'sharlow', 'jennin56', 'ejobe', 'lnorris', 'tdeucher', 'abirkeme', 'jmontbru', 'nafandi', 'zaloudah', 'tuckergm', 'liu2442', 'beers2', 'shagaman', 'kngupta', 'ebinkle', 'abieniek', 'tsriram', 'comer13', 'ander966', 'stuff', 'harri827', 'hodge20', 'mock6', 'smahipat', 'jcarre', 'jperata', 'asyrek', 'dkramper', 'wagoneb', 'kradde', 'heaton4', 'mngaglia', 'ellis136', 'ashinne', 'kzingaro', 'pbhaske', 'thoma805', 'skunduru', 'bkoszyk', 'bird12', 'voorsm', 'nortt', 'akurumba', 'mprue', 'mcalisto', 'scott479', 'lin1297', None, 'verduzm', 'rharapan', 'rvulich', 'mannin15', 'chfranci', 'lhendrik', 'lopez347', 'leal6', 'tvulich', 'mfangio', 'gfiedler', 'hollowr', 'snathell', 'jade.m.meekin', 'nrrobins', 'agarw190', 'whollan', 'gzanutta', 'zhu741', 'carls127', 'john2345', 'schellia', 'oditto', 'mlannie', 'stockerm', 'kong68', 'mdewaele', 'wdobbs', 'hawkin98', 'aalnas', 'okeefee', 'dbhagwan', 'sayyala', 'fruane', 'rstaples', 'comer4', 'murph417', 'sweene26', 'chris260', 'afirkan', 'efrancoe', 'nfransen', 'bodhiscott', 'pan229', 'ojonas', 'rcalistr', 'lvelky', 'boninl', 'wils1064', 'huan1346', 'single0', 'afarha', 'jcavage', 'cliffos', 'mclassen', 'esuer', 'connoll1', 'ksagar', 'gconer', 'bbondi', 'kbrayto', 'llefebvr', 'wagne267', 'zhan3108', 'marykirstenreilly', 'elamewon', 'ndroessl', 'hughe234', 'nixon21', 'amushovi', 'patra7', 'sharp82', 'cmancini', 'rdamle', 'csrafin', 'drake38', 'llwan', 'pkanugul', 'wrigh413', 'nkielkop', 'gszyman', 'cleveng2', 'lritchis', 'gagnonn', 'svendsen', 'ncivitan', 'jnylen', 'rhentric', 'akmaksim', 'mmatteso', 'zhao979', 'srajarat', 'achungma', 'tprati', 'kyendru', 'bgrytza', 'jomondi']",176,"['artierenier', 'mikav', 'mkirsch', 'li2701', 'cohland', 'bbarale', 'butcher5', 'obriencaitlin20', 'sbukzam', 'egummers', 'hollej', 'ahn87', 'rtrafele', 'allen482', 'wnorton', 'dnocon', 'jone1616', 'sgandiko', 'adoxsee', 'amarkert', 'agettel', 'pate1034', 'zuckerma', 'romack0', 'feng233', 'sharlow', 'jennin56', 'ejobe', 'lnorris', 'tdeucher', 'abirkeme', 'jmontbru', 'nafandi', 'zaloudah', 'tuckergm', 'liu2442', 'beers2', 'shagaman', 'kngupta', 'ebinkle', 'abieniek', 'tsriram', 'comer13', 'ander966', 'stuff', 'harri827', 'hodge20', 'mock6', 'smahipat', 'jcarre', 'jperata', 'asyrek', 'dkramper', 'wagoneb', 'kradde', 'heaton4', 'mngaglia', 'ellis136', 'ashinne', 'kzingaro', 'pbhaske', 'thoma805', 'skunduru', 'bkoszyk', 'bird12', 'voorsm', 'nortt', 'akurumba', 'mprue', 'mcalisto', 'scott479', 'lin1297', None, 'verduzm', 'rharapan', 'rvulich', 'mannin15', 'chfranci', 'lhendrik', 'lopez347', 'leal6', 'tvulich', 'kjabbar', 'mfangio', 'gfiedler', 'hollowr', 'snathell', 'jade.m.meekin', 'nrrobins', 'agarw190', 'whollan', 'gzanutta', 'zhu741', 'carls127', 'john2345', 'schellia', 'oditto', 'mlannie', 'stockerm', 'kong68', 'mdewaele', 'wdobbs', 'hawkin98', 'aalnas', 'okeefee', 'dbhagwan', 'sayyala', 'fruane', 'rstaples', 'comer4', 'murph417', 'sweene26', 'chris260', 'afirkan', 'efrancoe', 'nfransen', 'bodhiscott', 'pan229', 'ojonas', 'rcalistr', 'lvelky', 'boninl', 'wils1064', 'huan1346', 'single0', 'afarha', 'jcavage', 'cliffos', 'mclassen', 'esuer', 'connoll1', 'ksagar', 'gconer', 'bbondi', 'kbrayto', 'llefebvr', 'wagne267', 'zhan3108', 'marykirstenreilly', 'elamewon', 'ndroessl', 'hughe234', 'nixon21', 'amushovi', 'dhomme', 'patra7', 'sharp82', 'cmancini', 'rdamle', 'wang3844', 'csrafin', 'pweitzel', 'pmansour', 'drake38', 'llwan', 'pkanugul', 'wrigh413', 'nkielkop', 'gszyman', 'cleveng2', 'lritchis', 'gagnonn', 'svendsen', 'ncivitan', 'jnylen', 'rhentric', 'akmaksim', 'mmatteso', 'zhao979', 'jgerstei', 'srajarat', 'achungma', 'tprati', 'kyendru', 'bgrytza', 'jomondi']"
185,625,7,159,1,['jgerstei'],5,"['dhomme', 'wang3844', 'pweitzel', 'pmansour', 'kjabbar']",158,"['artierenier', 'mikav', 'mkirsch', 'thubauer', 'li2701', 'cohland', 'bbarale', 'obriencaitlin20', 'lukehendriks4', 'sbukzam', 'hollej', 'ahn87', 'rtrafele', 'allen482', 'wnorton', 'dnocon', 'jone1616', 'adoxsee', 'agettel', 'downeyl', 'zuckerma', 'romack0', 'nrentsc', 'feng233', 'sharlow', 'jennin56', 'ejobe', 'abirkeme', 'jmontbru', 'nafandi', 'liu2442', 'beers2', 'sinha54', 'kngupta', 'ebinkle', 'tsriram', 'comer13', 'ander966', 'stuff', 'harri827', 'hodge20', 'mock6', 'smahipat', 'jcarre', 'jperata', 'armour1', 'asyrek', 'wagoneb', 'agf2018', 'kradde', 'danie140', 'heaton4', 'jmesa', 'mngaglia', 'kzingaro', 'pbhaske', 'thoma805', 'skunduru', 'bkoszyk', 'bird12', 'voorsm', 'nortt', 'akurumba', 'mprue', 'mcalisto', 'lin1297', None, 'mannin15', 'chfranci', 'lopez347', 'jmestach', 'tvulich', 'will1941', 'amelia.markert979', 'mfangio', 'gfiedler', 'hollowr', 'snathell', 'jade.m.meekin', 'nrrobins', 'agarw190', 'whollan', 'gzanutta', 'zhu741', 'carls127', 'john2345', 'mlannie', 'stockerm', 'kong68', 'wdobbs', 'hawkin98', 'aalnas', 'okeefee', 'pate1082', 'sayyala', 'dbhagwan', 'fruane', 'rstaples', 'murph417', 'sweene26', 'jyounkin', 'chris260', 'afirkan', 'efrancoe', 'nfransen', 'bodhiscott', 'pan229', 'ojonas', 'rcalistr', 'lvelky', 'boninl', 'single0', 'afarha', 'jcavage', 'cliffos', 'russe162', 'mclassen', 'lopez344', 'connoll1', 'ksagar', 'gconer', 'bbondi', 'kbrayto', 'llefebvr', 'ander939', 'mihsan', 'marykirstenreilly', 'zhan3108', 'elamewon', 'ndroessl', 'hughe234', 'nixon21', 'funkhous', 'sharp82', 'cmancini', 'rdamle', 'csrafin', 'mragei', 'llwan', 'nkielkop', 'cleveng2', 'lritchis', 'gagnonn', 'svendsen', 'weber164', 'ncivitan', 'jnylen', 'rhentric', 'akmaksim', 'ellis125', 'mmatteso', 'zhao979', 'srajarat', 'achungma', 'tprati', 'kyendru', 'hmcguir', 'bgrytza']",164,"['artierenier', 'mikav', 'mkirsch', 'thubauer', 'li2701', 'cohland', 'bbarale', 'obriencaitlin20', 'lukehendriks4', 'sbukzam', 'hollej', 'ahn87', 'rtrafele', 'allen482', 'wnorton', 'dnocon', 'jone1616', 'adoxsee', 'agettel', 'downeyl', 'zuckerma', 'romack0', 'nrentsc', 'feng233', 'sharlow', 'jennin56', 'ejobe', 'abirkeme', 'jmontbru', 'nafandi', 'liu2442', 'beers2', 'sinha54', 'kngupta', 'ebinkle', 'tsriram', 'comer13', 'ander966', 'stuff', 'harri827', 'hodge20', 'mock6', 'smahipat', 'jcarre', 'jperata', 'armour1', 'asyrek', 'wagoneb', 'agf2018', 'kradde', 'danie140', 'heaton4', 'jmesa', 'mngaglia', 'kzingaro', 'pbhaske', 'thoma805', 'skunduru', 'bkoszyk', 'bird12', 'voorsm', 'nortt', 'akurumba', 'mprue', 'mcalisto', 'lin1297', None, 'mannin15', 'chfranci', 'lopez347', 'jmestach', 'tvulich', 'kjabbar', 'will1941', 'amelia.markert979', 'mfangio', 'gfiedler', 'hollowr', 'snathell', 'jade.m.meekin', 'nrrobins', 'agarw190', 'whollan', 'gzanutta', 'zhu741', 'carls127', 'john2345', 'mlannie', 'stockerm', 'kong68', 'wdobbs', 'hawkin98', 'aalnas', 'okeefee', 'pate1082', 'sayyala', 'dbhagwan', 'fruane', 'rstaples', 'murph417', 'sweene26', 'jyounkin', 'chris260', 'afirkan', 'efrancoe', 'nfransen', 'bodhiscott', 'pan229', 'ojonas', 'rcalistr', 'lvelky', 'boninl', 'single0', 'afarha', 'jcavage', 'cliffos', 'russe162', 'mclassen', 'lopez344', 'connoll1', 'ksagar', 'gconer', 'bbondi', 'kbrayto', 'llefebvr', 'ander939', 'mihsan', 'marykirstenreilly', 'zhan3108', 'elamewon', 'ndroessl', 'hughe234', 'nixon21', 'funkhous', 'dhomme', 'sharp82', 'cmancini', 'rdamle', 'wang3844', 'csrafin', 'pweitzel', 'pmansour', 'mragei', 'llwan', 'nkielkop', 'cleveng2', 'lritchis', 'gagnonn', 'svendsen', 'weber164', 'ncivitan', 'jnylen', 'rhentric', 'akmaksim', 'ellis125', 'mmatteso', 'zhao979', 'jgerstei', 'srajarat', 'achungma', 'tprati', 'kyendru', 'hmcguir', 'bgrytza']"
185,346,7,44,3,"['pweitzel', 'pmansour', 'kjabbar']",3,"['wang3844', 'jgerstei', 'dhomme']",41,"['graf9', 'adshowal', 'armour1', 'zaly', 'mart1390', 'rhodes44', 'smit3400', 'meyer292', 'cmestre', 'dholicz', 'bwodetz', 'danie140', 'brow1511', 'hmcmilli', 'billing4', 'reddy62', 'jkamedul', 'annaleichty1', 'jiang650', 'harvey83', 'tladner', 'baxter26', 'srpirtle', 'costel12', 'tzadrave', 'see4', 'busch8', None, 'meyer313', 'evans251', 'michae19', 'wils1064', 'ewolfla', 'huan1346', 'yu957', 'nrobb', 'douh', 'moeller4', 'toboyle', 'hmcguir', 'lange35']",47,"['graf9', 'adshowal', 'armour1', 'zaly', 'mart1390', 'rhodes44', 'smit3400', 'meyer292', 'cmestre', 'bwodetz', 'danie140', 'brow1511', 'hmcmilli', 'billing4', 'dhomme', 'reddy62', 'wang3844', 'jkamedul', 'annaleichty1', 'jiang650', 'pweitzel', 'pmansour', 'moeller4', 'harvey83', 'tladner', 'baxter26', 'srpirtle', 'costel12', 'tzadrave', 'see4', 'busch8', None, 'meyer313', 'evans251', 'michae19', 'wils1064', 'ewolfla', 'huan1346', 'yu957', 'nrobb', 'jgerstei', 'douh', 'dholicz', 'toboyle', 'hmcguir', 'lange35', 'kjabbar']"
185,626,7,42,3,"['pweitzel', 'pmansour', 'kjabbar']",3,"['wang3844', 'jgerstei', 'dhomme']",39,"['buhland', 'adshowal', 'armour1', 'zaly', 'mart1390', 'rhodes44', 'hsakiewi', 'aquinli', 'meyer292', 'smit3400', 'bwodetz', 'markhodgkiss50', 'brow1511', 'hmcmilli', 'reddy62', 'annaleichty1', 'nherbert', 'djodhani', 'jiang650', 'harvey83', 'tladner', 'baxter26', 'tzadrave', 'costel12', 'duncan94', 'see4', 'wood164', None, 'evans251', 'michae19', 'chakra26', 'ewolfla', 'huan1346', 'nrobb', 'douh', 'moeller4', 'sinha54', 'toboyle', 'lange35']",45,"['buhland', 'adshowal', 'armour1', 'zaly', 'mart1390', 'rhodes44', 'hsakiewi', 'aquinli', 'meyer292', 'smit3400', 'bwodetz', 'markhodgkiss50', 'brow1511', 'hmcmilli', 'dhomme', 'reddy62', 'wang3844', 'annaleichty1', 'nherbert', 'djodhani', 'jiang650', 'pweitzel', 'pmansour', 'harvey83', 'tladner', 'baxter26', 'tzadrave', 'costel12', 'duncan94', 'see4', 'wood164', None, 'evans251', 'michae19', 'chakra26', 'ewolfla', 'huan1346', 'nrobb', 'jgerstei', 'douh', 'moeller4', 'sinha54', 'toboyle', 'lange35', 'kjabbar']"
186,153,7,17,1,['anhe2p9'],5,"['severinkoenig', 'itserphun', 'aslathe', 'emladina', 'codyt17']",16,"['mariana98', 'mariatenllado16', 'romero', 'antoniojcor', 'silviamlc', '061962588x', 'qiqizheng', '061972018x', 'mareksznitko13', 'mariabentabolbrinkmann', None, 'nandomoreno4', 'bogdancatalin99', 'elenaperez', 'jaime_milla', 'sac99']",22,"['anhe2p9', 'mariatenllado16', '061962588x', 'severinkoenig', 'qiqizheng', 'mareksznitko13', 'emladina', None, 'jaime_milla', 'sac99', 'mariana98', 'romero', 'silviamlc', 'antoniojcor', '061972018x', 'mariabentabolbrinkmann', 'itserphun', 'nandomoreno4', 'bogdancatalin99', 'aslathe', 'elenaperez', 'codyt17']"
190,66,7,7,3,"['mahaja25', 'jdamle', 'dbatides']",3,"['ebeg', 'aeb', 'capece']",4,"['smit4083', None, 'carrtj02', 'capecepurdueedu']",10,"['capece', 'carrtj02', 'smit4083', 'capecepurdueedu', None, 'aeb', 'dbatides', 'mahaja25', 'ebeg', 'jdamle']"
193,461,7,12,6,"['dshin25', 'faisal_01btech17', 'sarahmathisschool', 'jarmatag', 'ahuffma2', 'forman']",0,[],6,"['thanhongphuc', 'jotaviosm', 'ktuzinowski', 'turban.', 'bobo181999', None]",12,"['jotaviosm', 'jarmatag', 'ahuffma2', 'forman', None, 'dshin25', 'thanhongphuc', 'ktuzinowski', 'faisal_01btech17', 'bobo181999', 'sarahmathisschool', 'turban.']"
193,429,7,6,5,"['dshin25', 'sarahmathisschool', 'jarmatag', 'forman', 'ahuffma2']",1,['faisal_01btech17'],1,[None],7,"['dshin25', 'faisal_01btech17', 'sarahmathisschool', 'jarmatag', 'ahuffma2', 'forman', None]"
194,291,7,7,4,"['basheer.msee162', 'muhammadbilal00751', 'danish.msee141', 'gul.hassan']",2,"['saqib.msee157', 'anismsee137']",3,"['hmasif.int3412', None, 'hammad.phdee36']",9,"['basheer.msee162', 'saqib.msee157', 'hammad.phdee36', 'hmasif.int3412', 'muhammadbilal00751', 'gul.hassan', 'danish.msee141', None, 'anismsee137']"
196,245,7,19,1,['mnoftz1157'],5,"['supermh868', 'hanse163', 'choyc', 'weber202', 'sbarber4']",18,"['jwaimin', 'fixa', 'alafzi', 'alsalea', 'qu34', 'psalek', 'rapplet', 'haejik', 'faltens', 'chientzulin', 'sconkle', 'jverduzc', 'hparmar', 'jwat', 'mfarnell', None, 'downeyl', 'jhaddadc']",24,"['jwaimin', 'hanse163', 'alsalea', 'qu34', 'psalek', 'faltens', 'choyc', 'sconkle', 'chientzulin', 'weber202', 'hparmar', 'jwat', 'alafzi', 'mfarnell', 'jhaddadc', None, 'fixa', 'supermh868', 'rapplet', 'mnoftz1157', 'jverduzc', 'sbarber4', 'downeyl', 'haejik']"
196,248,7,13,1,['mnoftz1157'],5,"['supermh868', 'hanse163', 'choyc', 'weber202', 'sbarber4']",12,"['nh_engagement', 'psalek', 'rapplet', 'chientzulin', 'ryan103', 'hnowak', 'ren102', 'yoop', 'alafzi', None, 'adams386', 'haejik']",18,"['hanse163', 'psalek', 'chientzulin', 'choyc', 'ryan103', 'weber202', 'ren102', 'alafzi', None, 'adams386', 'nh_engagement', 'supermh868', 'rapplet', 'mnoftz1157', 'hnowak', 'yoop', 'sbarber4', 'haejik']"
196,259,7,8,1,['sbarber4'],5,"['supermh868', 'hanse163', 'mnoftz1157', 'choyc', 'weber202']",7,"['norayang99', 'kdolar1', 'kcheung22', 'merazalfonso', 'qmurrayconn', None, 'jteng4']",13,"['norayang99', 'supermh868', 'kdolar1', 'hanse163', 'mnoftz1157', 'kcheung22', 'choyc', 'merazalfonso', 'qmurrayconn', 'weber202', None, 'sbarber4', 'jteng4']"
197,90,7,16,1,['skfkeoemfqh96'],5,"['shd04280', 'kihe1130', 'andreamt93', 'wjddk981215', 'hisky56']",15,"['ji990120', 'pandgi69', 'tkdgjs68', 'ojiow', 'mindk24', 'elel0505', 'qkqheks2', 'chubbypet2', 'jisukim0423', 'zneet456', 'pongdong2323', 'homme0214', 'h980703', None, 'khw971011']",21,"['shd04280', 'ji990120', 'pandgi69', 'tkdgjs68', 'ojiow', 'mindk24', 'elel0505', 'qkqheks2', 'chubbypet2', 'zneet456', 'hisky56', None, 'khw971011', 'kihe1130', 'andreamt93', 'wjddk981215', 'jisukim0423', 'skfkeoemfqh96', 'pongdong2323', 'homme0214', 'h980703']"
197,92,7,14,4,"['kihe1130', 'skfkeoemfqh96', 'wjddk981215', 'hisky56']",2,"['shd04280', 'andreamt93']",10,"['hjy950323', 'ojiow', 'dongsun9781', 'vktmxk5190', 'chungyear8252', 'h980703', 'dff123123', 'juyeon', None, 'khw971011']",16,"['shd04280', 'hjy950323', 'ojiow', 'dongsun9781', 'vktmxk5190', 'chungyear8252', 'dff123123', 'juyeon', 'hisky56', None, 'khw971011', 'kihe1130', 'andreamt93', 'wjddk981215', 'skfkeoemfqh96', 'h980703']"
197,88,7,12,1,['skfkeoemfqh96'],5,"['shd04280', 'kihe1130', 'andreamt93', 'wjddk981215', 'hisky56']",11,"['haseungho', 'okjaegeun', 'minsuk', 'poby', 'pandgi69', 'ksh97050310', 'qkqheks2', 'chubbypet2', 'jisukim0423', 'homme0214', None]",17,"['shd04280', 'pandgi69', 'ksh97050310', 'qkqheks2', 'chubbypet2', 'hisky56', None, 'kihe1130', 'haseungho', 'okjaegeun', 'andreamt93', 'wjddk981215', 'poby', 'minsuk', 'jisukim0423', 'skfkeoemfqh96', 'homme0214']"
199,192,7,10,6,"['ambred', 'aedecilap', 'ckiel', 'cgutierr', 'markland', 'eryn']",0,[],4,"['nj.foil.dude', 'chrkie22', None, 'ssong64']",10,"['chrkie22', 'ambred', 'ssong64', None, 'markland', 'aedecilap', 'ckiel', 'nj.foil.dude', 'cgutierr', 'eryn']"
199,618,7,10,4,"['aedecilap', 'eryn', 'ambred', 'ckiel']",2,"['cgutierr', 'markland']",6,"['ischen', 'kaiguo', 'rodrigofreitas', 'ssong64', 'sxqian', None]",12,"['ambred', 'ischen', 'kaiguo', 'ssong64', None, 'markland', 'aedecilap', 'ckiel', 'rodrigofreitas', 'sxqian', 'cgutierr', 'eryn']"
199,570,7,7,4,"['eryn', 'ambred', 'markland', 'ckiel']",2,"['aedecilap', 'cgutierr']",3,"['sxqian', None, 'ssong64']",9,"['ambred', 'aedecilap', 'ckiel', 'ssong64', 'sxqian', 'cgutierr', None, 'markland', 'eryn']"
199,572,7,7,4,"['aedecilap', 'ckiel', 'markland', 'eryn']",2,"['cgutierr', 'ambred']",3,"[None, 'ssong64', 'ischen']",9,"['ambred', 'ischen', 'aedecilap', 'ckiel', 'ssong64', 'cgutierr', None, 'markland', 'eryn']"
201,9,7,39,4,"['adiya.enhadiya', 'g.k41541g', 'naruka700', 'btmn5698']",2,"['dolp', 'turnera14']",35,"['anudarid', 'nymkan756', 'ganboldamarjargal51', 'bazo0306', 'altantsooj', 'bayanjargal.sub', 'gunbeeg77', 'burgilmaa1202', 'bayaraatsendee40', 'tserenkhand', 'muujig1', 'j.manlai0411', 'rentsen5555', 'enkhuush0416', 'enhmend', 'tergel0511', 'munkhbayar518', 'anar', 'slize9995', 'narmandakhnaraa3', 'tbpurevnorov', 'max1028d', 'bburgilmaa1202', 'anuk.zaya911', 'anudaridamdinsuren5', 'mandakhbayarbal', None, 'khangaridgan12', 'z.myagmarjav0002', 'chnbtgaldanmgc', 'tumennasanbuynkhishig', 'bayanjargal123456789', 'duuyaduka89', 'khuslen2605', 'uuganbayaro']",41,"['adiya.enhadiya', 'anudarid', 'nymkan756', 'ganboldamarjargal51', 'bazo0306', 'altantsooj', 'btmn5698', 'bayanjargal.sub', 'gunbeeg77', 'burgilmaa1202', 'turnera14', 'bayaraatsendee40', 'tserenkhand', 'muujig1', 'j.manlai0411', 'rentsen5555', 'enkhuush0416', 'enhmend', 'tergel0511', 'munkhbayar518', 'anar', 'slize9995', 'narmandakhnaraa3', 'tbpurevnorov', 'max1028d', 'dolp', 'naruka700', 'bburgilmaa1202', 'anuk.zaya911', 'anudaridamdinsuren5', 'mandakhbayarbal', None, 'khangaridgan12', 'z.myagmarjav0002', 'chnbtgaldanmgc', 'tumennasanbuynkhishig', 'bayanjargal123456789', 'duuyaduka89', 'khuslen2605', 'uuganbayaro', 'g.k41541g']"
201,133,7,34,5,"['adiya.enhadiya', 'dolp', 'btmn5698', 'g.k41541g', 'turnera14']",1,['naruka700'],29,"['uozgur', 'jwarnky', 'charlie0513', 'heath.wells.esq', 'marco.apolinario.l', 'altantsooj', 'mhanvey', 'lillianchiu', 'j.manlai0411', 'liriyanyan', 'munkhbayar518', 'glenhwalters', 'meiiqitang', 'dlincoln', 'geert', 'aymar', 'waldropj24', 'everaste', 'huan1318', 'kalilio', 'bburgilmaa1202', None, 'dietzelcc', 'aravindh', 'chnbtgaldanmgc', 'vallejora', 'uuganbayaro', 'aingles', 'smit4225']",35,"['adiya.enhadiya', 'uozgur', 'jwarnky', 'charlie0513', 'heath.wells.esq', 'marco.apolinario.l', 'altantsooj', 'btmn5698', 'mhanvey', 'lillianchiu', 'turnera14', 'j.manlai0411', 'liriyanyan', 'munkhbayar518', 'glenhwalters', 'meiiqitang', 'dlincoln', 'geert', 'dolp', 'waldropj24', 'aingles', 'everaste', 'huan1318', 'naruka700', 'kalilio', 'bburgilmaa1202', None, 'dietzelcc', 'aravindh', 'chnbtgaldanmgc', 'vallejora', 'uuganbayaro', 'aymar', 'g.k41541g', 'smit4225']"
201,137,7,34,2,"['dolp', 'turnera14']",4,"['adiya.enhadiya', 'g.k41541g', 'naruka700', 'btmn5698']",32,"['anudarid', 'booradley', 'epeloquin24', 'jaiverthadrian25', 'slburkett', 'tchk6', 'arielar', 'lbruno22', 'ssorobay', 'bayanjargal.sub', 'sidharth1994', 'squadbuilderzz123', 'muujig1', 'kocher1', 'langfahl', 'alejocibe', 'sherifms777', 'enhmanlaienhee', 'glenhwalters', 'tbpurevnorov', 'ordonezc3', 'lalfaihan', 'tassanpietro', 'taylorolp99', 'everaste', 'jpbarrero131', None, 'dietzelcc', 'youngpattans2', 'quillel', 'duuyaduka89', 'croberts21']",38,"['adiya.enhadiya', 'anudarid', 'booradley', 'epeloquin24', 'jaiverthadrian25', 'slburkett', 'tchk6', 'arielar', 'lbruno22', 'btmn5698', 'ssorobay', 'bayanjargal.sub', 'sidharth1994', 'squadbuilderzz123', 'turnera14', 'muujig1', 'kocher1', 'langfahl', 'alejocibe', 'sherifms777', 'enhmanlaienhee', 'glenhwalters', 'tbpurevnorov', 'dolp', 'ordonezc3', 'lalfaihan', 'tassanpietro', 'taylorolp99', 'everaste', 'jpbarrero131', 'naruka700', None, 'dietzelcc', 'youngpattans2', 'quillel', 'duuyaduka89', 'g.k41541g', 'croberts21']"
201,21,7,31,2,"['adiya.enhadiya', 'g.k41541g']",4,"['dolp', 'naruka700', 'btmn5698', 'turnera14']",29,"['anudarid', 'enhjinhanabi', 'ganboldamarjargal51', 'bulganb28', 'altantsooj', 'bayanjargal.sub', 'baigalignbt', 'bburgilmaa1202', 'gunbeeg77', 'burgilmaa1202', 'bayaraatsendee40', None, 'tserenkhand', 'muujig1', 'j.manlai0411', 'khangaridgan12', 'rentsen5555', 'r.gansainzaya', 'enhmend', 'chnbtgaldanmgc', 'tumennasanbuynkhishig', 'enhmanlaienhee', 'tergel0511', 'lkhagvabaatar', 'duuyaduka89', 'khuslen2605', 'uuganbayaro', 'slize9995', 'tbpurevnorov']",35,"['adiya.enhadiya', 'anudarid', 'ganboldamarjargal51', 'bulganb28', 'altantsooj', 'btmn5698', 'bayanjargal.sub', 'baigalignbt', 'gunbeeg77', 'burgilmaa1202', 'turnera14', 'bayaraatsendee40', 'tserenkhand', 'muujig1', 'j.manlai0411', 'rentsen5555', 'r.gansainzaya', 'enhmend', 'enhmanlaienhee', 'tergel0511', 'slize9995', 'tbpurevnorov', 'enhjinhanabi', 'dolp', 'naruka700', 'bburgilmaa1202', None, 'khangaridgan12', 'chnbtgaldanmgc', 'tumennasanbuynkhishig', 'lkhagvabaatar', 'duuyaduka89', 'khuslen2605', 'uuganbayaro', 'g.k41541g']"
201,159,7,24,4,"['adiya.enhadiya', 'g.k41541g', 'naruka700', 'btmn5698']",2,"['dolp', 'turnera14']",20,"['anudarid', 'ganboldamarjargal51', 'altantsooj', 'bayanjargal.sub', 'bayaraatsendee40', 'tserenkhand', 'muujig1', 'j.manlai0411', 'rentsen5555', 'enkhuush0416', 'enhmend', 'munkhbayar518', 'narmandakhnaraa3', 'tbpurevnorov', 'max1028d', 'bburgilmaa1202', None, 'khangaridgan12', 'z.myagmarjav0002', 'chnbtgaldanmgc']",26,"['adiya.enhadiya', 'anudarid', 'max1028d', 'dolp', 'ganboldamarjargal51', 'altantsooj', 'btmn5698', 'bayanjargal.sub', 'naruka700', 'bburgilmaa1202', None, 'bayaraatsendee40', 'turnera14', 'tserenkhand', 'muujig1', 'j.manlai0411', 'khangaridgan12', 'rentsen5555', 'enkhuush0416', 'enhmend', 'z.myagmarjav0002', 'chnbtgaldanmgc', 'munkhbayar518', 'g.k41541g', 'narmandakhnaraa3', 'tbpurevnorov']"
201,15,7,22,2,"['adiya.enhadiya', 'g.k41541g']",4,"['dolp', 'naruka700', 'btmn5698', 'turnera14']",20,"['anudarid', 'bulganb28', 'altantsooj', 'gunbeeg77', 'tserenkhand', 'muujig1', 'j.manlai0411', 'rentsen5555', 'enhmend', 'munkhbayar518', 'tbpurevnorov', 'bburgilmaa1202', None, 'mandakhbayarbal', 'khangaridgan12', 'z.myagmarjav0002', 'chnbtgaldanmgc', 'tumennasanbuynkhishig', 'lkhagvabaatar', 'khuslen2605']",26,"['adiya.enhadiya', 'anudarid', 'dolp', 'bulganb28', 'altantsooj', 'btmn5698', 'naruka700', 'bburgilmaa1202', 'gunbeeg77', None, 'turnera14', 'mandakhbayarbal', 'tserenkhand', 'muujig1', 'j.manlai0411', 'khangaridgan12', 'rentsen5555', 'enhmend', 'z.myagmarjav0002', 'chnbtgaldanmgc', 'tumennasanbuynkhishig', 'lkhagvabaatar', 'munkhbayar518', 'khuslen2605', 'g.k41541g', 'tbpurevnorov']"
201,162,7,18,1,['g.k41541g'],5,"['adiya.enhadiya', 'dolp', 'btmn5698', 'naruka700', 'turnera14']",17,"['anudarid', 'khangaridgan12', 'rentsen5555', 'z.myagmarjav0002', 'enhmend', 'chnbtgaldanmgc', 'tumennasanbuynkhishig', 'tergel0511', 'munkhbayar518', 'altantsooj', None, 'bayaraatsendee40', 'bayanjargal.sub', 'bburgilmaa1202', 'gunbeeg77', 'anudaridamdinsuren5', 'mandakhbayarbal']",23,"['adiya.enhadiya', 'anudarid', 'dolp', 'altantsooj', 'btmn5698', 'bayanjargal.sub', 'naruka700', 'bburgilmaa1202', 'gunbeeg77', 'anudaridamdinsuren5', 'turnera14', None, 'bayaraatsendee40', 'mandakhbayarbal', 'khangaridgan12', 'rentsen5555', 'z.myagmarjav0002', 'enhmend', 'chnbtgaldanmgc', 'tumennasanbuynkhishig', 'tergel0511', 'munkhbayar518', 'g.k41541g']"
201,17,7,16,2,"['adiya.enhadiya', 'g.k41541g']",4,"['dolp', 'naruka700', 'btmn5698', 'turnera14']",14,"['anudarid', 'khangaridgan12', 'muujig1', 'enhmend', 'j.manlai0411', 'chnbtgaldanmgc', 'tumennasanbuynkhishig', 'lkhagvabaatar', 'altantsooj', 'bayanjargal.sub', 'slize9995', 'bburgilmaa1202', None, 'tbpurevnorov']",20,"['adiya.enhadiya', 'anudarid', 'dolp', 'altantsooj', 'btmn5698', 'bayanjargal.sub', 'naruka700', 'bburgilmaa1202', None, 'turnera14', 'muujig1', 'j.manlai0411', 'khangaridgan12', 'enhmend', 'chnbtgaldanmgc', 'tumennasanbuynkhishig', 'lkhagvabaatar', 'slize9995', 'g.k41541g', 'tbpurevnorov']"
201,20,7,16,1,['dolp'],5,"['adiya.enhadiya', 'btmn5698', 'naruka700', 'g.k41541g', 'turnera14']",15,"['wallacejc4', 'youngpattans2', 'uozgur', 'jonesjd26', 'bruccolern', 'ordonezc3', 'olearycm', 'quillel', 'sevenkevin', 'vallejora', None, 'ndoumiesey', 'hossindissoms', 'sayahim', 'buij3']",21,"['wallacejc4', 'adiya.enhadiya', 'uozgur', 'bruccolern', 'dolp', 'ordonezc3', 'olearycm', 'btmn5698', 'naruka700', 'hossindissoms', 'sayahim', None, 'turnera14', 'buij3', 'youngpattans2', 'jonesjd26', 'quillel', 'sevenkevin', 'vallejora', 'ndoumiesey', 'g.k41541g']"
201,13,7,14,1,['dolp'],5,"['adiya.enhadiya', 'btmn5698', 'naruka700', 'g.k41541g', 'turnera14']",13,"['wallacejc4', 'youngpattans2', 'jonesjd26', 'bruccolern', 'ordonezc3', 'olearycm', 'quillel', 'sevenkevin', 'vallejora', None, 'ndoumiesey', 'hossindissoms', 'sayahim']",19,"['wallacejc4', 'adiya.enhadiya', 'bruccolern', 'dolp', 'ordonezc3', 'olearycm', 'btmn5698', 'naruka700', 'hossindissoms', 'sayahim', None, 'turnera14', 'youngpattans2', 'jonesjd26', 'quillel', 'sevenkevin', 'vallejora', 'ndoumiesey', 'g.k41541g']"
201,138,7,13,1,['naruka700'],5,"['adiya.enhadiya', 'dolp', 'btmn5698', 'g.k41541g', 'turnera14']",12,"['anudarid', 'rentsen5555', 'nymkan756', 'anuk.zaya911', 'burgilmaa1202', 'tumennasanbuynkhishig', 'munkhbayar518', 'bayaraatsendee40', 'bayanjargal.sub', 'bburgilmaa1202', None, 'anudaridamdinsuren5']",18,"['adiya.enhadiya', 'anudarid', 'nymkan756', 'dolp', 'btmn5698', 'bayanjargal.sub', 'naruka700', 'bburgilmaa1202', 'anuk.zaya911', 'anudaridamdinsuren5', 'turnera14', 'bayaraatsendee40', None, 'burgilmaa1202', 'rentsen5555', 'tumennasanbuynkhishig', 'munkhbayar518', 'g.k41541g']"
201,136,7,9,2,"['naruka700', 'btmn5698']",4,"['adiya.enhadiya', 'g.k41541g', 'dolp', 'turnera14']",7,"['tumennasanbuynkhishig', 'munkhbayar518', 'altantsooj', 'bburgilmaa1202', None, 'burgilmaa1202', 'narmandakhnaraa3']",13,"['adiya.enhadiya', 'dolp', 'tumennasanbuynkhishig', 'bburgilmaa1202', 'narmandakhnaraa3', 'munkhbayar518', 'altantsooj', 'btmn5698', 'naruka700', 'g.k41541g', None, 'burgilmaa1202', 'turnera14']"
201,12,7,8,1,['dolp'],5,"['adiya.enhadiya', 'btmn5698', 'naruka700', 'g.k41541g', 'turnera14']",7,"['ordonezc3', 'olearycm', 'quillel', 'vallejora', None, 'sayahim', 'buij3']",13,"['adiya.enhadiya', 'dolp', 'ordonezc3', 'olearycm', 'quillel', 'vallejora', None, 'buij3', 'btmn5698', 'naruka700', 'g.k41541g', 'sayahim', 'turnera14']"
201,161,7,8,1,['dolp'],5,"['adiya.enhadiya', 'btmn5698', 'naruka700', 'g.k41541g', 'turnera14']",7,"['ordonezc3', 'olearycm', 'quillel', 'vallejora', None, 'sayahim', 'buij3']",13,"['adiya.enhadiya', 'dolp', 'ordonezc3', 'olearycm', 'quillel', 'vallejora', None, 'buij3', 'btmn5698', 'naruka700', 'g.k41541g', 'sayahim', 'turnera14']"
201,163,7,7,1,['dolp'],5,"['adiya.enhadiya', 'btmn5698', 'naruka700', 'g.k41541g', 'turnera14']",6,"['youngpattans2', 'jonesjd26', 'ordonezc3', 'quillel', 'vallejora', None]",12,"['adiya.enhadiya', 'youngpattans2', 'jonesjd26', 'dolp', 'ordonezc3', 'quillel', 'vallejora', 'btmn5698', 'naruka700', 'g.k41541g', None, 'turnera14']"
202,350,7,46,3,"['jmayer1', 'm.poloske', 'benjamintmarc1m']",3,"['jackmlopez', 'va.menkudale', 'pmartinezreyes']",43,"['villarta.jabulen', 'grudzinski1', 'noahcaracuel', 't.clavijogarcia', 'c.ginter', 'banks.lomel', 'mcalderman1', 'bresnockj', 'erinvolpe', 'kadenelson', 'rhennig', 'dschechter', 'peytonriley', 'victoria.miller', 'mmoralesrojas', 'justin.geils', 'a.manibusan', 'jsweeney1', 'klupone', 'ahernandez5', 'matthew.daily', 'evidaltorres', 'nsonet', 'alexandrabarbosa', 'akash.ram', 'dominicksylvia', None, 'c.rineer', 'annahuber', 'cgandin', 'mitchell.w', 'nwilliams2', 'efranklin', 'summerhane', 'glatham', 'miles.kendall', 'i.mejiaruiz', 'benjamin.anthony', 'morgan.gunter', 'christian.chiong', 't.calvert', 'victor.suarez', 'langhout.jackson']",49,"['jackmlopez', 'villarta.jabulen', 'grudzinski1', 'noahcaracuel', 't.clavijogarcia', 'c.ginter', 'va.menkudale', 'banks.lomel', 'mcalderman1', 'bresnockj', 'erinvolpe', 'victor.suarez', 'rhennig', 'dschechter', 'peytonriley', 'victoria.miller', 'mmoralesrojas', 'justin.geils', 'a.manibusan', 'jsweeney1', 'klupone', 'ahernandez5', 'matthew.daily', 'm.poloske', 'evidaltorres', 'nsonet', 'alexandrabarbosa', 'jmayer1', 'akash.ram', 'dominicksylvia', None, 'benjamintmarc1m', 'c.rineer', 'annahuber', 'cgandin', 'mitchell.w', 'pmartinezreyes', 'nwilliams2', 'efranklin', 'summerhane', 'glatham', 'miles.kendall', 'i.mejiaruiz', 'benjamin.anthony', 'morgan.gunter', 'christian.chiong', 't.calvert', 'kadenelson', 'langhout.jackson']"
203,504,7,19,4,"['rmaejrgus1', 'kimjaegon', 'wjstmdwls9812271', 'dudgus2009']",2,"['ocean21292', 'sangun56']",15,"['0909hfn', 'tjdrua456', 'grit', 'whcks10', 'lyj200345', 'leejungeun0310', 'aqjemrhf', 'kfo110513', 'rotorl144', None, 'donna412', 'jw7yong', 'tmdgustn11', 'jiwon6224', 'a000828ok']",21,"['tjdrua456', 'grit', 'whcks10', 'lyj200345', 'aqjemrhf', 'rotorl144', 'kimjaegon', 'sangun56', 'donna412', 'rmaejrgus1', 'jiwon6224', None, 'a000828ok', '0909hfn', 'ocean21292', 'dudgus2009', 'leejungeun0310', 'kfo110513', 'jw7yong', 'tmdgustn11', 'wjstmdwls9812271']"
203,503,7,6,1,['dudgus2009'],5,"['ocean21292', 'kimjaegon', 'sangun56', 'rmaejrgus1', 'wjstmdwls9812271']",5,"['jinge032014', 'jw7yong', 'ysc722abab', 'cjaeyeong1023', None]",11,"['ocean21292', 'dudgus2009', 'kimjaegon', 'sangun56', 'jinge032014', 'jw7yong', 'ysc722abab', 'rmaejrgus1', 'cjaeyeong1023', None, 'wjstmdwls9812271']"
204,575,7,32,4,"['shilpa.kand', 'siddhiraut', 'sunlovesrahul', 'jaimindesai']",2,"['saurabhpatil', 'sara.shaikh']",28,"['mayurbhivara', 'micromechanic', 'vinkitajm', 'kavita.upadhyay', 'akankshasadvelkar', 'shashankverma148', 'saurabhnaikodi', 'shivambutere', 'satyamsawant46', 'jaymatkar01', 'aakanksharozekar', 'prathmesh.parab', 'gaurav2504', 'nehaknad2296', 'bagdep12', 'sarika_bukkawar', 'kshemal_gupte', 'pratikgodbole', 'shrutipatil822', 'mithil.modi', 'shivani.bhamare', None, 'shradhaj', 'omkar1999', 'sagar.pokhariyal', 'priyankawani', 'pranavbade', 'sanika2809']",34,"['mayurbhivara', 'sara.shaikh', 'micromechanic', 'vinkitajm', 'saurabhpatil', 'kavita.upadhyay', 'akankshasadvelkar', 'shashankverma148', 'siddhiraut', 'saurabhnaikodi', 'shivambutere', 'satyamsawant46', 'jaimindesai', 'jaymatkar01', 'aakanksharozekar', 'prathmesh.parab', 'gaurav2504', 'nehaknad2296', 'bagdep12', 'sarika_bukkawar', 'kshemal_gupte', 'pratikgodbole', 'shrutipatil822', 'mithil.modi', 'shivani.bhamare', None, 'shradhaj', 'omkar1999', 'sunlovesrahul', 'shilpa.kand', 'sagar.pokhariyal', 'priyankawani', 'pranavbade', 'sanika2809']"
204,182,7,19,4,"['siddhiraut', 'saurabhpatil', 'sara.shaikh', 'jaimindesai']",2,"['shilpa.kand', 'sunlovesrahul']",15,"['akshta.kalekar', 'sanket.bagal', 'priya.kurade', 'sarika_bukkawar', 'srathod6', 'saikat.duttaroy', 'kunal.dhumak', 'jjb', 'raj.raikar', 'sushant.devgonde', None, 'shivani.bhamare', 'dinal.varma', 'jiten.shahh', 'vivek.parmar']",21,"['sanket.bagal', 'sarika_bukkawar', 'sara.shaikh', 'saurabhpatil', 'sushant.devgonde', 'shivani.bhamare', 'dinal.varma', 'siddhiraut', 'vivek.parmar', None, 'sunlovesrahul', 'akshta.kalekar', 'priya.kurade', 'shilpa.kand', 'srathod6', 'saikat.duttaroy', 'kunal.dhumak', 'jaimindesai', 'jjb', 'raj.raikar', 'jiten.shahh']"
204,588,7,15,4,"['shilpa.kand', 'siddhiraut', 'sara.shaikh', 'sunlovesrahul']",2,"['saurabhpatil', 'jaimindesai']",11,"['akshta.kalekar', 'sanket.bagal', 'sarika_bukkawar', 'rishab.shetty', 'yashpatel', 'arpan.kumath', 'shivani.bhamare', 'arnik.gala', 'debanik', 'hussainzaki', None]",17,"['sanket.bagal', 'sarika_bukkawar', 'rishab.shetty', 'sara.shaikh', 'yashpatel', 'saurabhpatil', 'shivani.bhamare', 'arnik.gala', 'hussainzaki', 'siddhiraut', None, 'sunlovesrahul', 'akshta.kalekar', 'shilpa.kand', 'jaimindesai', 'arpan.kumath', 'debanik']"
204,582,7,13,4,"['shilpa.kand', 'sunlovesrahul', 'saurabhpatil', 'jaimindesai']",2,"['siddhiraut', 'sara.shaikh']",9,"['abhishek.tapole', 'khushi.khetia', 'sarika_bukkawar', 'sagar.pokhariyal', 'sushant.devgonde', 'mithil.modi', 'arnik.gala', 'shivani.bhamare', None]",15,"['abhishek.tapole', 'khushi.khetia', 'sarika_bukkawar', 'sara.shaikh', 'saurabhpatil', 'mithil.modi', 'arnik.gala', 'shivani.bhamare', 'sushant.devgonde', 'siddhiraut', None, 'sunlovesrahul', 'shilpa.kand', 'sagar.pokhariyal', 'jaimindesai']"
204,576,7,12,4,"['siddhiraut', 'saurabhpatil', 'sara.shaikh', 'jaimindesai']",2,"['shilpa.kand', 'sunlovesrahul']",8,"['abhishek.tapole', 'sagar.pokhariyal', 'mithil.modi', 'shivani.bhamare', 'arnik.gala', 'arpan.kumath', None, 'dinal.varma']",14,"['abhishek.tapole', 'sara.shaikh', 'saurabhpatil', 'mithil.modi', 'arnik.gala', 'shivani.bhamare', 'dinal.varma', 'siddhiraut', None, 'sunlovesrahul', 'shilpa.kand', 'sagar.pokhariyal', 'jaimindesai', 'arpan.kumath']"
206,436,6,15,2,"['apetekbasi', 'yavuzselimeskicumali']",3,"['basareyib', 'tr.burak.cetinkaya', 'michaelsloan']",13,"['ozcanguclu', 'testeremre70', 'flzkdndr', 'ege.ert7', 'mrgiraffe', 'kadandirf', 'oktayhalitekinay', 'oknky', 'wdeaweqwdas', 'burak9836', 'asdadsa', 'edakartari', None]",18,"['testeremre70', 'flzkdndr', 'apetekbasi', 'oknky', 'burak9836', 'ege.ert7', None, 'tr.burak.cetinkaya', 'ozcanguclu', 'basareyib', 'yavuzselimeskicumali', 'mrgiraffe', 'kadandirf', 'oktayhalitekinay', 'wdeaweqwdas', 'asdadsa', 'edakartari', 'michaelsloan']"
207,457,6,15,2,"['nailaamani', 'jre31']",3,"['luzadanaque', 'sanpepeweb', 'yara29']",13,"['marcelpakpahan19', 'patergio', 'naufal.nm', 'dahaidar', 's154641', 'patrickryanwijaya', 'elenasoli', 'asurawijaya', 'brysa2000', 'blestro', 'carboni235069', 'iqbaleqi21', None]",18,"['marcelpakpahan19', 'patergio', 'naufal.nm', 'dahaidar', 'patrickryanwijaya', 'elenasoli', 'asurawijaya', 'brysa2000', 'iqbaleqi21', 'jre31', 'yara29', None, 's154641', 'sanpepeweb', 'nailaamani', 'carboni235069', 'blestro', 'luzadanaque']"
207,459,6,11,1,['jre31'],4,"['luzadanaque', 'nailaamani', 'sanpepeweb', 'yara29']",10,"['marcelpakpahan19', 'dahaidar', 'naufal.nm', 'bobo181999', 'fallenmithos', 'alanhk18', 'brysa2000', 'salihyanikgonul', None, 'denphi_gmail']",15,"['marcelpakpahan19', 'dahaidar', 'naufal.nm', 'alanhk18', 'brysa2000', 'jre31', 'yara29', 'salihyanikgonul', None, 'sanpepeweb', 'nailaamani', 'bobo181999', 'fallenmithos', 'luzadanaque', 'denphi_gmail']"
208,167,6,45,2,"['j.padillat', 'juguibavi27']",3,"['khokenstad', 'pierluca.lanzi', 'calderon.p.carla']",43,"['j.mendezm', 'lcarolopez.lecl', 'estebanboada', 'eric.klozr', 'gonzalezcamilo672', 'jaiverthadrian25', 'federicoberbesi', 'j.acostac', 'id.escobar', 'juanpa12', 'michaels', 'm.vieda', 'vargasautocad', 'luxion', 'alejocibe', 'nicolastrivino', 'dianasalcedo', 'davidsantiagomoncayo', 'cristianjulian132002', 'ruedasan', 'dannielmoreno', 'caiceseb', 'juan10eslav', 'juansebastiancorredor12', 'maidy', 'gotty', 'santmc98', 'arizah0707', 'juancreyes201', 'd.posadap', 'danielvillarg3', 'acordero', 'alexh1000', None, 'camiloarango', 'sergioneuta', 'j.morenos', 'manuf.vargas36', 'c.escobarh', 'santy015', 'sergioneuta3002', 'karenpolania', 'felipio32']",48,"['j.mendezm', 'lcarolopez.lecl', 'estebanboada', 'eric.klozr', 'gonzalezcamilo672', 'jaiverthadrian25', 'federicoberbesi', 'khokenstad', 'j.acostac', 'id.escobar', 'juanpa12', 'michaels', 'm.vieda', 'vargasautocad', 'luxion', 'alejocibe', 'nicolastrivino', 'dianasalcedo', 'j.padillat', 'davidsantiagomoncayo', 'cristianjulian132002', 'ruedasan', 'dannielmoreno', 'caiceseb', 'juan10eslav', 'juansebastiancorredor12', 'maidy', 'gotty', 'santmc98', 'arizah0707', 'juancreyes201', 'd.posadap', 'danielvillarg3', 'acordero', 'calderon.p.carla', 'alexh1000', None, 'karenpolania', 'pierluca.lanzi', 'camiloarango', 'sergioneuta', 'j.morenos', 'manuf.vargas36', 'c.escobarh', 'santy015', 'sergioneuta3002', 'juguibavi27', 'felipio32']"
208,165,6,6,2,"['khokenstad', 'calderon.p.carla']",3,"['pierluca.lanzi', 'j.padillat', 'juguibavi27']",4,"['crussell2021', None, 'elyhines30', 'ryan.grady99']",9,"['crussell2021', 'pierluca.lanzi', 'elyhines30', 'ryan.grady99', 'khokenstad', 'j.padillat', 'calderon.p.carla', None, 'juguibavi27']"
210,236,6,6,1,['sorens10'],4,"['qkwnstn', 'jpy5278', 'shrivastavasatvik11', 'kotlarz.parker']",5,"['yifanwu', 'hu518', 'li3221', 'hess35', None]",10,"['qkwnstn', 'yifanwu', 'shrivastavasatvik11', 'sorens10', 'hu518', 'li3221', 'kotlarz.parker', 'jpy5278', 'hess35', None]"
214,167,6,45,2,"['alexh1000', 'sergioneuta3002']",3,"['ngaertne', 'ryantkd0', 'shenyzzj']",43,"['j.mendezm', 'lcarolopez.lecl', 'estebanboada', 'eric.klozr', 'gonzalezcamilo672', 'jaiverthadrian25', 'federicoberbesi', 'juguibavi27', 'j.acostac', 'id.escobar', 'juanpa12', 'michaels', 'm.vieda', 'vargasautocad', 'luxion', 'alejocibe', 'nicolastrivino', 'dianasalcedo', 'j.padillat', 'davidsantiagomoncayo', 'cristianjulian132002', 'ruedasan', 'dannielmoreno', 'caiceseb', 'juan10eslav', 'juansebastiancorredor12', 'maidy', 'gotty', 'santmc98', 'arizah0707', 'juancreyes201', 'd.posadap', 'danielvillarg3', 'acordero', None, 'camiloarango', 'sergioneuta', 'j.morenos', 'manuf.vargas36', 'c.escobarh', 'santy015', 'karenpolania', 'felipio32']",48,"['j.mendezm', 'estebanboada', 'eric.klozr', 'gonzalezcamilo672', 'jaiverthadrian25', 'federicoberbesi', 'j.acostac', 'id.escobar', 'juanpa12', 'michaels', 'm.vieda', 'santy015', 'vargasautocad', 'luxion', 'alejocibe', 'nicolastrivino', 'dianasalcedo', 'j.padillat', 'davidsantiagomoncayo', 'cristianjulian132002', 'ruedasan', 'dannielmoreno', 'caiceseb', 'juan10eslav', 'ryantkd0', 'juansebastiancorredor12', 'maidy', 'gotty', 'shenyzzj', 'santmc98', 'arizah0707', 'juancreyes201', 'd.posadap', 'danielvillarg3', 'acordero', 'alexh1000', None, 'karenpolania', 'camiloarango', 'sergioneuta', 'ngaertne', 'j.morenos', 'manuf.vargas36', 'c.escobarh', 'juguibavi27', 'sergioneuta3002', 'lcarolopez.lecl', 'felipio32']"
217,241,6,27,1,['szhu234'],4,"['harrywangyh', 'mjhaglund', 'mgwertzman', 'hyuan73']",26,"['ejwilling', 'rpolavarapu', 'kquillin34', 'ssgopalan17', 'ramasawmy', 'ealmousa', 'veyssal', 'ddmorgan', 'eokeefe3', 'jlacy2', None, 'myoungberg', 'hdurfeeiv', 'ibok', 'babaumann', 'asmangan', 'emhoward', 'dgrinnell', 'klee385', 'aross24', 'maxschoolderman', 'fairach', 'jknoelke', 'warzyn', 'wkorbitz', 'bafflerbach']",31,"['kquillin34', 'ssgopalan17', 'ealmousa', 'ddmorgan', 'hyuan73', 'ibok', 'babaumann', 'asmangan', 'dgrinnell', 'aross24', 'fairach', 'warzyn', 'wkorbitz', 'bafflerbach', 'ejwilling', 'rpolavarapu', 'harrywangyh', 'ramasawmy', 'mjhaglund', 'veyssal', 'eokeefe3', 'jlacy2', None, 'myoungberg', 'mgwertzman', 'hdurfeeiv', 'emhoward', 'klee385', 'maxschoolderman', 'jknoelke', 'szhu234']"
217,237,6,19,2,"['harrywangyh', 'szhu234']",3,"['mjhaglund', 'mgwertzman', 'hyuan73']",17,"['pothuri', 'tarikere', 'jbmoffitt', 'lindazeng', 'hyin55', 'rpolavarapu', 'xshi229', 'jodieritchie', 'kvbhide', 'tetakunda', 'ealmousa', 'stzeng3', 'anallamalli', 'bafflerbach', 'yrhee6', None, 'ajtepper']",22,"['tarikere', 'hyin55', 'rpolavarapu', 'harrywangyh', 'xshi229', 'jodieritchie', 'kvbhide', 'ealmousa', 'mjhaglund', 'hyuan73', 'stzeng3', None, 'ajtepper', 'mgwertzman', 'jbmoffitt', 'tetakunda', 'anallamalli', 'bafflerbach', 'yrhee6', 'szhu234', 'pothuri', 'lindazeng']"
217,250,6,14,3,"['harrywangyh', 'szhu234', 'mgwertzman']",2,"['mjhaglund', 'hyuan73']",11,"['lindazeng', 'hyin55', 'rpolavarapu', 'kudkilwar', 'tetakunda', 'ealmousa', 'msun247', 'anallamalli', 'yrhee6', None, 'ajtepper']",16,"['hyin55', 'rpolavarapu', 'harrywangyh', 'ealmousa', 'mjhaglund', 'hyuan73', None, 'ajtepper', 'mgwertzman', 'kudkilwar', 'tetakunda', 'msun247', 'anallamalli', 'yrhee6', 'szhu234', 'lindazeng']"
217,249,6,13,2,"['harrywangyh', 'szhu234']",3,"['mjhaglund', 'mgwertzman', 'hyuan73']",11,"['ctmoua2', 'tarikere', 'lindazeng', 'hyin55', 'rpolavarapu', 'jodieritchie', 'kvbhide', 'bafflerbach', 'stzeng3', None, 'ajtepper']",16,"['ctmoua2', 'tarikere', 'hyin55', 'rpolavarapu', 'harrywangyh', 'kvbhide', 'jodieritchie', 'mjhaglund', 'hyuan73', 'stzeng3', None, 'ajtepper', 'mgwertzman', 'bafflerbach', 'szhu234', 'lindazeng']"
217,240,6,12,3,"['harrywangyh', 'szhu234', 'mgwertzman']",2,"['mjhaglund', 'hyuan73']",9,"['agillian', 'mstilwell', 'rpolavarapu', 'xshi229', 'maxschoolderman', 'youel', 'bafflerbach', None, 'lindazeng']",14,"['agillian', 'mstilwell', 'rpolavarapu', 'harrywangyh', 'xshi229', 'mjhaglund', 'hyuan73', None, 'youel', 'mgwertzman', 'maxschoolderman', 'bafflerbach', 'szhu234', 'lindazeng']"
217,238,6,9,1,['szhu234'],4,"['harrywangyh', 'mjhaglund', 'mgwertzman', 'hyuan73']",8,"['hyin55', 'rpolavarapu', 'tetakunda', 'ealmousa', 'msun247', 'anallamalli', 'yrhee6', None]",13,"['hyin55', 'rpolavarapu', 'harrywangyh', 'tetakunda', 'ealmousa', 'mjhaglund', 'msun247', 'hyuan73', 'yrhee6', 'szhu234', None, 'anallamalli', 'mgwertzman']"
217,251,6,8,1,['harrywangyh'],4,"['szhu234', 'mjhaglund', 'mgwertzman', 'hyuan73']",7,"['agillian', 'hyin55', 'kudkilwar', 'rpolavarapu', 'msun247', None, 'lindazeng']",12,"['agillian', 'hyin55', 'kudkilwar', 'rpolavarapu', 'harrywangyh', 'msun247', 'mjhaglund', 'hyuan73', 'szhu234', None, 'lindazeng', 'mgwertzman']"
217,258,6,8,2,"['harrywangyh', 'szhu234']",3,"['mjhaglund', 'mgwertzman', 'hyuan73']",6,"['hyin55', 'rpolavarapu', 'bafflerbach', 'yrhee6', None, 'lindazeng']",11,"['hyin55', 'rpolavarapu', 'harrywangyh', 'mjhaglund', 'hyuan73', 'bafflerbach', 'yrhee6', 'szhu234', None, 'lindazeng', 'mgwertzman']"
217,256,6,7,1,['harrywangyh'],4,"['szhu234', 'mjhaglund', 'mgwertzman', 'hyuan73']",6,"['agillian', 'mstilwell', 'hyin55', 'bafflerbach', None, 'lindazeng']",11,"['agillian', 'mstilwell', 'hyin55', 'harrywangyh', 'mjhaglund', 'hyuan73', 'bafflerbach', 'szhu234', None, 'lindazeng', 'mgwertzman']"
224,165,6,6,3,"['crussell2021', 'elyhines30', 'ryan.grady99']",2,"['fdeezer948', 'kevinz2']",3,"['khokenstad', 'calderon.p.carla', None]",8,"['fdeezer948', 'crussell2021', 'elyhines30', 'ryan.grady99', 'khokenstad', 'kevinz2', 'calderon.p.carla', None]"
225,331,6,20,1,['muslimayeasmin23'],4,"['guibinsong', 'nuse66104', 'jalenejoyce98', 'haominl1997']",19,"['abdullahsohailas994', 'tanzim', 'nazmulhossain', 'fafrin2', 'hasanforever', 'isratmni', 'nazmulhasan', 'sakif04', 'rafiul21', 'mtisohan', 'farhanaakterjerin', 'trowshan', 'ooovvviii444422', 'mdmannan33', 'sadman', None, 'roni1234', 'sadiaafrin1704', 'sujanmahmudd']",24,"['abdullahsohailas994', 'mdmannan33', 'tanzim', 'nazmulhossain', 'fafrin2', 'sadman', 'muslimayeasmin23', None, 'hasanforever', 'isratmni', 'roni1234', 'nazmulhasan', 'sakif04', 'guibinsong', 'rafiul21', 'haominl1997', 'mtisohan', 'sadiaafrin1704', 'nuse66104', 'sujanmahmudd', 'jalenejoyce98', 'farhanaakterjerin', 'trowshan', 'ooovvviii444422']"
226,268,6,7,2,"['rzwart', 'asterberova']",3,"['bollepel', 'gjhanwar', 'kaitlynf98']",5,"['psycho231', 'claaair', 'eleut', 'paulamieras', None]",10,"['gjhanwar', 'psycho231', 'claaair', 'kaitlynf98', 'eleut', 'rzwart', 'paulamieras', 'bollepel', None, 'asterberova']"
227,223,6,10,5,"['rojellyn.baldago', 'ronazoeyyy', 'shararose.ordejan', 'munioartanthonyz', 'angel.perante']",0,[],5,"['christianjulle17', 'echotypist', 'vrhea19', 'zbijzz13', None]",10,"['rojellyn.baldago', 'ronazoeyyy', 'shararose.ordejan', 'munioartanthonyz', 'angel.perante', 'christianjulle17', 'echotypist', 'zbijzz13', None, 'vrhea19']"
229,549,6,104,2,"['sergiopozuelom', 'javilunaquesada']",3,"['laszlotg', 'alvarodelgado', 'franciscomontiel1998']",102,"['sanchezbarranquero', 'alvaroluque', 'guillermohc1998', 'jorgecaba2000', 'rubenvv', 'e.santaella99', 'azzorini', 'fidelmuriel', 'mcbsam', 'ivancamacho4a', 'p3drillo', 'marcoss1', 'kevin28', 'yakoirusta', 'nilsvanesostos899', 'juangoye', 'enriquearroyo', 'juanrocruz', 'gtorresrios', 'e.myeste', 'salva_ugr_fisica', 'davidsanserra', 'aliciaroblesp', 'ivancamacho4', 'e.guerrerosamu', 'byrey2', 'hannan', 'josemi', 'delgado.espinosa.sara', 'folgoso', 'jesusgarsan', 'e.sanmillandp', 'javigarrido.98', 'ramoro10', 'david1998', 'gaasll', 'e.estelacalaforra', 'javiubago', 'roasdgo', 'e.teresalc13', 'lydiam', 'e.juangarcas', 'rubengijon', 'auberonlc', 'fjr', 'pablovela', 'fmgomez', 'juanzim', 'guerreroalonso', 'wignerpeckart99', 'hugo512', 'f.morontam', 'josemarivm', 'edumontes_98', 'marinalc7', 'alsasa', 'e.javipostigo99', 'martalanzac', 'luciazapata', 'e.francollado', 'alejandroborj', 'javihjhj92', 'danivisa101', 'e.josemanuelrxg', 'cristinaa_gh', 'e.jjfm04', 'belenalvmon', 'pablogarra', 'e.franfer99', 'e.javihjhj92', 'duenas5a', 'e.jaimecanovas', 'carmenarias', 'e.jorgetg', 'mariadelmarsanchez', 'mparody', 'conrado', 'e.rgeo', 'sopa_de_sobre', 'setarcos', 'miguel_jimort', 'pacomorales', 'clarasansau', None, 'evajimenez', 'isabelpascual', 'marinacardenas', 'carnage', 'cobos', 'jose.lop.mol98', 'santiagocw98', 'safaa261298', 'joselux', 'jaimecanovas9', 'albertodelmv', 'pradosabad', 'e.pgosorio', 'arturosirvent', 'guillehermoso', 'josealbertoap98', 'claracd', 'juninhojuan2499']",107,"['sanchezbarranquero', 'alvaroluque', 'guillermohc1998', 'jorgecaba2000', 'rubenvv', 'e.santaella99', 'azzorini', 'fidelmuriel', 'mcbsam', 'ivancamacho4a', 'p3drillo', 'marcoss1', 'kevin28', 'yakoirusta', 'nilsvanesostos899', 'juangoye', 'enriquearroyo', 'juanrocruz', 'gtorresrios', 'e.myeste', 'salva_ugr_fisica', 'davidsanserra', 'aliciaroblesp', 'ivancamacho4', 'e.guerrerosamu', 'byrey2', 'hannan', 'josemi', 'delgado.espinosa.sara', 'folgoso', 'jesusgarsan', 'e.sanmillandp', 'javigarrido.98', 'ramoro10', 'franciscomontiel1998', 'david1998', 'gaasll', 'javilunaquesada', 'e.estelacalaforra', 'javiubago', 'roasdgo', 'e.teresalc13', 'lydiam', 'e.juangarcas', 'rubengijon', 'auberonlc', 'fjr', 'pablovela', 'sergiopozuelom', 'fmgomez', 'juanzim', 'guerreroalonso', 'wignerpeckart99', 'hugo512', 'f.morontam', 'josemarivm', 'edumontes_98', 'marinalc7', 'alsasa', 'e.javipostigo99', 'martalanzac', 'luciazapata', 'e.francollado', 'alejandroborj', 'javihjhj92', 'danivisa101', 'e.josemanuelrxg', 'cristinaa_gh', 'e.jjfm04', 'belenalvmon', 'pablogarra', 'e.franfer99', 'e.javihjhj92', 'duenas5a', 'e.jaimecanovas', 'carmenarias', 'e.jorgetg', 'mariadelmarsanchez', 'mparody', 'conrado', 'e.rgeo', 'alvarodelgado', 'sopa_de_sobre', 'setarcos', 'laszlotg', 'miguel_jimort', 'pacomorales', 'clarasansau', None, 'evajimenez', 'isabelpascual', 'marinacardenas', 'carnage', 'cobos', 'jose.lop.mol98', 'santiagocw98', 'safaa261298', 'joselux', 'jaimecanovas9', 'albertodelmv', 'pradosabad', 'e.pgosorio', 'arturosirvent', 'guillehermoso', 'josealbertoap98', 'claracd', 'juninhojuan2499']"
229,550,6,43,2,"['laszlotg', 'franciscomontiel1998']",3,"['sergiopozuelom', 'javilunaquesada', 'alvarodelgado']",41,"['josemarivm', 'e.javipostigo99', 'fidelmuriel', 'luciazapataechevarne', 'a.cazorla', 'luciazapata', 'ivancamacho4a', 'p3drillo', 'kevin28', 'miggalben', 'josett', 'yakoirusta', 'alejandroborj', 'danivisa101', 'saullopez', 'e.jjfm04', 'aliciaroblesp', 'danitlo115', 'fransanfru', 'belenalvmon', 'ursulacs', 'samialsmadisegovia1', 'e.jorgetg', 'delgado.espinosa.sara', 'folgoso', 'mariadelmarsanchez', 'ramoro10', 'sopa_de_sobre', 'e.estelacalaforra', None, 'javibolanos', 'lalaugoms', 'beacasasola1', 'santiagocw98', 'lydiam', 'e.silviagarcia12', 'jaimecanovas9', 'e.juangarcas', 'simonbonnal', 'albertodelmv', 'davidjosegg']",46,"['josemarivm', 'e.javipostigo99', 'fidelmuriel', 'luciazapataechevarne', 'a.cazorla', 'luciazapata', 'ivancamacho4a', 'p3drillo', 'kevin28', 'miggalben', 'josett', 'yakoirusta', 'alejandroborj', 'davidjosegg', 'danivisa101', 'saullopez', 'e.jjfm04', 'aliciaroblesp', 'danitlo115', 'fransanfru', 'belenalvmon', 'ursulacs', 'samialsmadisegovia1', 'e.jorgetg', 'delgado.espinosa.sara', 'folgoso', 'mariadelmarsanchez', 'ramoro10', 'alvarodelgado', 'franciscomontiel1998', 'sopa_de_sobre', 'laszlotg', 'javilunaquesada', 'e.estelacalaforra', None, 'javibolanos', 'lalaugoms', 'beacasasola1', 'santiagocw98', 'lydiam', 'e.silviagarcia12', 'jaimecanovas9', 'e.juangarcas', 'simonbonnal', 'albertodelmv', 'sergiopozuelom']"
230,278,6,19,1,['vchaluv'],4,"['gbrokaw', 'aanik', 'sdunlav', 'sowmiyar']",18,"['sasteph', 'danielmoore', 'dahelle', 'tzhou2', 'lmyhill', 'mc5', 'tcarte3', 'jcnorwo', 'kahale', 'wnalley', 'aaron_lafleur', 'akb2', 'hyunsol', 'zroy', 'abamick', 'tjacks4', None, 'mbauwen']",23,"['dahelle', 'tzhou2', 'vchaluv', 'lmyhill', 'mc5', 'jcnorwo', 'aanik', 'wnalley', 'akb2', 'zroy', 'tjacks4', None, 'gbrokaw', 'sasteph', 'danielmoore', 'sdunlav', 'sowmiyar', 'kahale', 'hyunsol', 'aaron_lafleur', 'tcarte3', 'abamick', 'mbauwen']"
232,4,6,6,2,"['sivananda993', 'pramodmartha15']",3,"['praveenabhaskar', 'serenebkj', 'faruk1983']",4,"['shaikziyauddin17', 'haniyya117006', None, 'dineshgunji154']",9,"['haniyya117006', 'faruk1983', 'serenebkj', 'sivananda993', 'shaikziyauddin17', 'dineshgunji154', 'pramodmartha15', 'praveenabhaskar', None]"
233,580,6,26,5,"['aashichaurasia1432', 'shitapvaibhav25', 'sunnynagarji46', 'hiwaleneha9988', 'sandhyabhakre']",0,[],21,"['kmansi1612', 'nehaknad2296', 'gaurav2504', 'bagdep12', 'sarika_bukkawar', 'kshemal_gupte', 'pratikgodbole', 'vinkitajm', 'vishal001', 'nikitapawar20999', 'mithil.modi', 'shashankverma148', None, 'shradhaj', 'omkar1999', 'shivambutere', 'satyamsawant46', 'sagar.pokhariyal', 'aakanksharozekar', 'pranavbade', 'sanika2809']",26,"['kmansi1612', 'aashichaurasia1432', 'shitapvaibhav25', 'nehaknad2296', 'gaurav2504', 'bagdep12', 'sarika_bukkawar', 'kshemal_gupte', 'pratikgodbole', 'vinkitajm', 'vishal001', 'nikitapawar20999', 'mithil.modi', 'shashankverma148', None, 'shradhaj', 'sandhyabhakre', 'omkar1999', 'shivambutere', 'satyamsawant46', 'sunnynagarji46', 'sagar.pokhariyal', 'aakanksharozekar', 'pranavbade', 'hiwaleneha9988', 'sanika2809']"
233,581,6,7,1,['shitapvaibhav25'],4,"['sandhyabhakre', 'sunnynagarji46', 'hiwaleneha9988', 'aashichaurasia1432']",6,"['rutikpanchal58', 'bagdep12', 'kshemal_gupte', 'micromechanic', 'vipulgawad7', None]",11,"['aashichaurasia1432', 'shitapvaibhav25', 'rutikpanchal58', 'bagdep12', 'sunnynagarji46', 'kshemal_gupte', 'micromechanic', 'vipulgawad7', None, 'hiwaleneha9988', 'sandhyabhakre']"
234,361,6,198,3,"['beck160', 'rharapan', 'lnorris']",2,"['randolr', 'jpapageo']",195,"['artierenier', 'mikav', 'li2701', 'cohland', 'bbarale', 'obriencaitlin20', 'sbukzam', 'egummers', 'hollej', 'ahn87', 'allen482', 'ma592', 'wnorton', 'dnocon', 'jone1616', 'sgandiko', 'amarkert', 'agettel', 'pate1034', 'downeyl', 'zuckerma', 'romack0', 'lee2880', 'nrentsc', 'feng233', 'alsalea', 'sharlow', 'mistachoi9000', 'ejobe', 'djstumpf', 'abirkeme', 'jmontbru', 'nafandi', 'tuckergm', 'liu2442', 'beers2', 'shagaman', 'kngupta', 'haejik', 'ebinkle', 'tsriram', 'comer13', 'ander966', 'stuff', 'harri827', 'hodge20', 'mock6', 'smahipat', 'jcarre', 'jperata', 'armour1', 'asyrek', 'dkramper', 'wagoneb', 'kradde', 'heaton4', 'jmesa', 'mngaglia', 'ashinne', 'kzingaro', 'pbhaske', 'thoma805', 'skunduru', 'bkoszyk', 'bird12', 'voorsm', 'nortt', 'akurumba', 'mprue', 'mcalisto', 'scott479', 'lin1297', 'lregalad', 'jhaddadc', None, 'verduzm', 'rvulich', 'mannin15', 'jmavi', 'chfranci', 'lhendrik', 'lopez347', 'jmestach', 'leal6', 'tvulich', 'kortee', 'nbstern', 'will1941', 'mfangio', 'gfiedler', 'sconkle', 'hollowr', 'snathell', 'rkeyser', 'jade.m.meekin', 'east5', 'agarw190', 'whollan', 'gzanutta', 'zhu741', 'carls127', 'john2345', 'reddy62', 'oditto', 'mlannie', 'stockerm', 'kong68', 'mdewaele', 'hrubyr', 'wdobbs', 'hawkin98', 'scroskey', 'aalnas', 'dmarcha', 'okeefee', 'dbhagwan', 'sayyala', 'fruane', 'rstaples', 'murph417', 'sweene26', 'ellis.gavin99', 'jyounkin', 'chris260', 'afirkan', 'efrancoe', 'nfransen', 'bodhiscott', 'pan229', 'rcalistr', 'lvelky', 'boninl', 'single0', 'afarha', 'jcavage', 'cliffos', 'russe162', 'mclassen', 'dholicz', 'esuer', 'connoll1', 'ksagar', 'dmangeri', 'gconer', 'bbondi', 'kbrayto', 'llefebvr', 'wagne267', 'ander939', 'mihsan', 'marykirstenreilly', 'efrias', 'zhan3108', 'elamewon', 'ndroessl', 'hughe234', 'nixon21', 'aquinli', 'funkhous', 'mill2391', 'sharp82', 'cmancini', 'rdamle', 'wheffern', 'csrafin', 'drake38', 'bdbowles', 'llwan', 'pkanugul', 'nkielkop', 'castil77', 'cleveng2', 'robin460', 'lritchis', 'carr94', 'gagnonn', 'svendsen', 'weber164', 'weber171', 'lhoppenr', 'tchen135', 'ncivitan', 'jnylen', 'rhentric', 'meyer313', 'ehultman', 'ellis125', 'mmatteso', 'zhao979', 'hshrote', 'srajarat', 'achungma', 'tprati', 'kyendru', 'jomondi']",200,"['artierenier', 'mikav', 'li2701', 'cohland', 'bbarale', 'obriencaitlin20', 'sbukzam', 'egummers', 'hollej', 'ahn87', 'allen482', 'ma592', 'wnorton', 'dnocon', 'jone1616', 'sgandiko', 'amarkert', 'agettel', 'pate1034', 'downeyl', 'zuckerma', 'romack0', 'lee2880', 'nrentsc', 'feng233', 'alsalea', 'sharlow', 'mistachoi9000', 'ejobe', 'lnorris', 'djstumpf', 'abirkeme', 'jmontbru', 'nafandi', 'tuckergm', 'liu2442', 'beers2', 'shagaman', 'kngupta', 'haejik', 'ebinkle', 'tsriram', 'comer13', 'ander966', 'stuff', 'harri827', 'hodge20', 'mock6', 'smahipat', 'jcarre', 'jperata', 'armour1', 'asyrek', 'dkramper', 'wagoneb', 'kradde', 'heaton4', 'jmesa', 'mngaglia', 'ashinne', 'kzingaro', 'pbhaske', 'thoma805', 'skunduru', 'bkoszyk', 'bird12', 'voorsm', 'nortt', 'akurumba', 'mprue', 'mcalisto', 'scott479', 'lin1297', 'lregalad', 'jhaddadc', None, 'verduzm', 'rharapan', 'rvulich', 'mannin15', 'jmavi', 'chfranci', 'lhendrik', 'lopez347', 'jmestach', 'leal6', 'tvulich', 'beck160', 'kortee', 'nbstern', 'will1941', 'mfangio', 'gfiedler', 'sconkle', 'hollowr', 'snathell', 'rkeyser', 'jade.m.meekin', 'east5', 'agarw190', 'whollan', 'gzanutta', 'zhu741', 'carls127', 'john2345', 'randolr', 'reddy62', 'oditto', 'mlannie', 'stockerm', 'kong68', 'mdewaele', 'hrubyr', 'wdobbs', 'hawkin98', 'scroskey', 'aalnas', 'dmarcha', 'okeefee', 'dbhagwan', 'sayyala', 'fruane', 'rstaples', 'murph417', 'sweene26', 'ellis.gavin99', 'jyounkin', 'chris260', 'afirkan', 'efrancoe', 'nfransen', 'bodhiscott', 'pan229', 'rcalistr', 'lvelky', 'boninl', 'single0', 'afarha', 'jcavage', 'cliffos', 'russe162', 'mclassen', 'dholicz', 'esuer', 'connoll1', 'ksagar', 'dmangeri', 'gconer', 'bbondi', 'kbrayto', 'llefebvr', 'wagne267', 'ander939', 'mihsan', 'marykirstenreilly', 'efrias', 'zhan3108', 'elamewon', 'ndroessl', 'hughe234', 'nixon21', 'aquinli', 'funkhous', 'mill2391', 'sharp82', 'cmancini', 'rdamle', 'wheffern', 'csrafin', 'drake38', 'bdbowles', 'llwan', 'pkanugul', 'nkielkop', 'castil77', 'cleveng2', 'robin460', 'lritchis', 'carr94', 'gagnonn', 'svendsen', 'weber164', 'weber171', 'lhoppenr', 'tchen135', 'ncivitan', 'jnylen', 'rhentric', 'meyer313', 'ehultman', 'ellis125', 'mmatteso', 'zhao979', 'hshrote', 'srajarat', 'achungma', 'tprati', 'kyendru', 'jpapageo', 'jomondi']"
234,345,6,171,2,"['rharapan', 'lnorris']",3,"['beck160', 'randolr', 'jpapageo']",169,"['artierenier', 'mikav', 'mkirsch', 'li2701', 'cohland', 'bbarale', 'butcher5', 'obriencaitlin20', 'sbukzam', 'egummers', 'hollej', 'ahn87', 'rtrafele', 'allen482', 'wnorton', 'dnocon', 'jone1616', 'sgandiko', 'adoxsee', 'amarkert', 'agettel', 'pate1034', 'zuckerma', 'romack0', 'feng233', 'sharlow', 'jennin56', 'ejobe', 'tdeucher', 'abirkeme', 'jmontbru', 'nafandi', 'zaloudah', 'tuckergm', 'liu2442', 'beers2', 'shagaman', 'kngupta', 'ebinkle', 'abieniek', 'tsriram', 'comer13', 'ander966', 'stuff', 'harri827', 'hodge20', 'mock6', 'smahipat', 'jcarre', 'jperata', 'asyrek', 'dkramper', 'wagoneb', 'kradde', 'heaton4', 'mngaglia', 'ellis136', 'ashinne', 'kzingaro', 'pbhaske', 'thoma805', 'skunduru', 'bkoszyk', 'bird12', 'voorsm', 'nortt', 'akurumba', 'mprue', 'mcalisto', 'scott479', 'lin1297', None, 'verduzm', 'rvulich', 'mannin15', 'chfranci', 'lhendrik', 'lopez347', 'leal6', 'tvulich', 'mfangio', 'gfiedler', 'hollowr', 'snathell', 'jade.m.meekin', 'nrrobins', 'agarw190', 'whollan', 'gzanutta', 'zhu741', 'carls127', 'john2345', 'schellia', 'oditto', 'mlannie', 'stockerm', 'kong68', 'mdewaele', 'wdobbs', 'hawkin98', 'aalnas', 'okeefee', 'dbhagwan', 'sayyala', 'fruane', 'rstaples', 'comer4', 'murph417', 'sweene26', 'chris260', 'afirkan', 'efrancoe', 'nfransen', 'bodhiscott', 'pan229', 'ojonas', 'rcalistr', 'lvelky', 'boninl', 'wils1064', 'huan1346', 'single0', 'afarha', 'jcavage', 'cliffos', 'mclassen', 'esuer', 'connoll1', 'ksagar', 'gconer', 'bbondi', 'kbrayto', 'llefebvr', 'wagne267', 'zhan3108', 'marykirstenreilly', 'elamewon', 'ndroessl', 'hughe234', 'nixon21', 'amushovi', 'patra7', 'sharp82', 'cmancini', 'rdamle', 'csrafin', 'drake38', 'llwan', 'pkanugul', 'wrigh413', 'nkielkop', 'gszyman', 'cleveng2', 'lritchis', 'gagnonn', 'svendsen', 'ncivitan', 'jnylen', 'rhentric', 'akmaksim', 'mmatteso', 'zhao979', 'jgerstei', 'srajarat', 'achungma', 'tprati', 'kyendru', 'bgrytza', 'jomondi']",174,"['artierenier', 'mikav', 'mkirsch', 'li2701', 'cohland', 'bbarale', 'butcher5', 'obriencaitlin20', 'sbukzam', 'egummers', 'hollej', 'ahn87', 'rtrafele', 'allen482', 'wnorton', 'dnocon', 'jone1616', 'sgandiko', 'adoxsee', 'amarkert', 'agettel', 'pate1034', 'zuckerma', 'romack0', 'feng233', 'sharlow', 'jennin56', 'ejobe', 'lnorris', 'tdeucher', 'abirkeme', 'jmontbru', 'nafandi', 'zaloudah', 'tuckergm', 'liu2442', 'beers2', 'shagaman', 'kngupta', 'ebinkle', 'abieniek', 'tsriram', 'comer13', 'ander966', 'stuff', 'harri827', 'hodge20', 'mock6', 'smahipat', 'jcarre', 'jperata', 'asyrek', 'dkramper', 'wagoneb', 'kradde', 'heaton4', 'mngaglia', 'ellis136', 'ashinne', 'kzingaro', 'pbhaske', 'thoma805', 'skunduru', 'bkoszyk', 'bird12', 'voorsm', 'nortt', 'akurumba', 'mprue', 'mcalisto', 'scott479', 'lin1297', None, 'verduzm', 'rharapan', 'rvulich', 'mannin15', 'chfranci', 'lhendrik', 'lopez347', 'leal6', 'tvulich', 'beck160', 'mfangio', 'gfiedler', 'hollowr', 'snathell', 'jade.m.meekin', 'nrrobins', 'agarw190', 'whollan', 'gzanutta', 'zhu741', 'carls127', 'john2345', 'randolr', 'schellia', 'oditto', 'mlannie', 'stockerm', 'kong68', 'mdewaele', 'wdobbs', 'hawkin98', 'aalnas', 'okeefee', 'dbhagwan', 'sayyala', 'fruane', 'rstaples', 'comer4', 'murph417', 'sweene26', 'chris260', 'afirkan', 'efrancoe', 'nfransen', 'bodhiscott', 'pan229', 'ojonas', 'rcalistr', 'lvelky', 'boninl', 'wils1064', 'huan1346', 'single0', 'afarha', 'jcavage', 'cliffos', 'mclassen', 'esuer', 'connoll1', 'ksagar', 'gconer', 'bbondi', 'kbrayto', 'llefebvr', 'wagne267', 'zhan3108', 'marykirstenreilly', 'elamewon', 'ndroessl', 'hughe234', 'nixon21', 'amushovi', 'patra7', 'sharp82', 'cmancini', 'rdamle', 'csrafin', 'drake38', 'llwan', 'pkanugul', 'wrigh413', 'nkielkop', 'gszyman', 'cleveng2', 'lritchis', 'gagnonn', 'svendsen', 'ncivitan', 'jnylen', 'rhentric', 'akmaksim', 'mmatteso', 'zhao979', 'jgerstei', 'srajarat', 'achungma', 'tprati', 'kyendru', 'bgrytza', 'jpapageo', 'jomondi']"
236,95,6,14,1,['b361user'],4,"['puneethgowdag123', 'mario.steiner', 'scarlatta98', 'srivirat99']",13,"['alan69475a', 'peter341007', 'jack522577', 'chiasheng16', 'olipeoplee', 'weiwei30619', 'peter012348', None, 'peter13391339', 'arno.yu610168', 'darkfalling931002', 'unolily', 'wree45']",18,"['peter341007', 'weiwei30619', 'arno.yu610168', 'puneethgowdag123', 'peter13391339', None, 'scarlatta98', 'alan69475a', 'srivirat99', 'olipeoplee', 'jack522577', 'chiasheng16', 'peter012348', 'mario.steiner', 'b361user', 'darkfalling931002', 'unolily', 'wree45']"
240,108,6,12,1,['hdawes'],4,"['gsamuel1', 'drsen57', 'mtyarter', 'awsmit21']",11,"['mfeeher1', 'kjenkin1', 'ejones32', 'amacalu3', 'amonica44', 'spark48', 'asteenvo', 'wcrites', 'mjupina', None, 'ptodd']",16,"['ejones32', 'amacalu3', 'mtyarter', 'asteenvo', 'spark48', 'hdawes', 'mjupina', None, 'ptodd', 'mfeeher1', 'kjenkin1', 'amonica44', 'wcrites', 'gsamuel1', 'drsen57', 'awsmit21']"
240,111,6,12,3,"['gsamuel1', 'mtyarter', 'awsmit21']",2,"['hdawes', 'drsen57']",9,"['tdsmit37', 'rchang8', 'smday2', 'mjwood2', 'lajack15', 'ramybabagha', 'spicard2', None, 'jgshaffe']",14,"['mjwood2', 'mtyarter', 'ramybabagha', 'spicard2', 'hdawes', None, 'jgshaffe', 'tdsmit37', 'rchang8', 'smday2', 'lajack15', 'gsamuel1', 'drsen57', 'awsmit21']"
240,419,6,8,1,['hdawes'],4,"['gsamuel1', 'drsen57', 'mtyarter', 'awsmit21']",7,"['mfeeher1', 'kjenkin1', 'kdsouza', 'asteenvo', 'amacalu3', None, 'ptodd']",12,"['mfeeher1', 'drsen57', 'kjenkin1', 'kdsouza', 'mtyarter', 'asteenvo', 'amacalu3', 'gsamuel1', 'hdawes', None, 'ptodd', 'awsmit21']"
241,518,6,31,1,['mcisse2019'],4,"['jdalton1', 'jchic25', 'd.hamdani1973', 'tmr0027']",30,"['jcolon', 'mdao2019', 'tzeya', 'ralsaedi2019', 'iguzman', 'mrafin', 'lsiby10102004', 'dmunoz2019', 'mgonzalez2019', 'vtitarenko', None, 'aguillermo', 'mpokharel2019', 'aacosta2019', 'vstarikov', 'aelfgeeh2019', 'arianna.rodriguez', 'yalsaedi', 'kanysy', 'fdiagne', 'thorgarcia', 'melfgeeh2019', 'cmeran2019', 'smohammed2019', 'kcotrina2019', 'halmulaiki2019', 'dndeye', 'mdsyed11', 'ofaruk2019', 'fromero2019']",35,"['jcolon', 'jchic25', 'tzeya', 'mrafin', 'jdalton1', 'vtitarenko', 'mpokharel2019', 'vstarikov', 'aelfgeeh2019', 'fdiagne', 'd.hamdani1973', 'melfgeeh2019', 'smohammed2019', 'kcotrina2019', 'dndeye', 'ofaruk2019', 'mdao2019', 'tmr0027', 'ralsaedi2019', 'iguzman', 'lsiby10102004', 'dmunoz2019', 'mgonzalez2019', None, 'aguillermo', 'mcisse2019', 'aacosta2019', 'arianna.rodriguez', 'yalsaedi', 'kanysy', 'thorgarcia', 'cmeran2019', 'halmulaiki2019', 'mdsyed11', 'fromero2019']"
241,519,6,9,1,['mcisse2019'],4,"['jdalton1', 'jchic25', 'd.hamdani1973', 'tmr0027']",8,"['mpokharel2019', 'ralsaedi2019', 'vstarikov', 'yalsaedi', 'smohammed2019', 'dndeye', None, 'fromero2019']",13,"['mcisse2019', 'mpokharel2019', 'jchic25', 'tmr0027', 'vstarikov', 'ralsaedi2019', 'yalsaedi', 'd.hamdani1973', 'smohammed2019', 'jdalton1', 'dndeye', None, 'fromero2019']"
242,491,6,8,5,"['asd12amien', 'putrinurfianana', 'fariz', 'riazoldik', 'irfanalfarizi07']",0,[],3,"[None, 'lfrancis78', 'eduardozw']",8,"['asd12amien', 'putrinurfianana', 'lfrancis78', 'fariz', 'eduardozw', 'riazoldik', 'irfanalfarizi07', None]"
243,506,6,56,5,"['yoonwe00', 'seunghun4757', 'hilsong', 'duswl2510', 'dctbelieve']",0,[],51,"['nkm4095', 'gmlwn4897', 'jungmin0322', 'raw1250', 'rlafbehd3', 'minsong0313', 'wogml622', 'ojiow', 'rlawjddus6825', 'wkwjsrjekffk', 'chubbypet2', 'zneet456', 'hee_jun', 'juyeon', 'guswo50', 'dlwjdtlr97', 'guddnr6423', 'jisukim0423', 'hjlim9612', 'homme0214', 'yongsik', 'yeny28', 'hhw3481', 'youjy1105', 'imsad', 'ksh97050310', 'paragt1026', 'rlatnals874', 'dff123123', 'dongsun0801', 'skyxz123', 'potatochip0617', None, 'ykhykh3587', 'smustudyaccout', 'gaeun0215', 'haseungho', 'leesijin120', 'okjaegeun', 'poby', 'llssmm9710', 'kgj0328', 'tpghks9708', 'tuco96', 'kim980407', 'sse09137798', 'seobstantial', 'pongdong2323', 'ekdmss31', 'yejun990721', 'recomendneko']",56,"['nkm4095', 'gmlwn4897', 'jungmin0322', 'raw1250', 'rlafbehd3', 'minsong0313', 'wogml622', 'ojiow', 'rlawjddus6825', 'wkwjsrjekffk', 'chubbypet2', 'zneet456', 'hee_jun', 'juyeon', 'guswo50', 'dlwjdtlr97', 'seunghun4757', 'hilsong', 'guddnr6423', 'jisukim0423', 'hjlim9612', 'homme0214', 'yongsik', 'yeny28', 'yoonwe00', 'hhw3481', 'youjy1105', 'imsad', 'ksh97050310', 'paragt1026', 'rlatnals874', 'dff123123', 'dongsun0801', 'skyxz123', 'potatochip0617', None, 'ykhykh3587', 'smustudyaccout', 'gaeun0215', 'haseungho', 'leesijin120', 'okjaegeun', 'poby', 'llssmm9710', 'kgj0328', 'tpghks9708', 'tuco96', 'kim980407', 'duswl2510', 'dctbelieve', 'sse09137798', 'seobstantial', 'pongdong2323', 'ekdmss31', 'yejun990721', 'recomendneko']"
243,512,6,28,5,"['yoonwe00', 'seunghun4757', 'hilsong', 'duswl2510', 'dctbelieve']",0,[],23,"['pty3111', 'ji990120', 'ojiow', 'ksh97050310', 'mindk24', 'elel0505', 'namgunhee', 'dongsun9781', 'vktmxk5190', 'zneet456', 'ywjwns2', 'dff123123', None, 'robolex', 'jin112', 'aodfkd', 'swcho4983', 'yoona8', 'yhuj0215', 'rldud777715', 'pongdong2323', 'janggyusang', 'seongwoo']",28,"['ojiow', 'mindk24', 'dongsun9781', 'zneet456', 'ywjwns2', 'seunghun4757', 'aodfkd', 'hilsong', 'swcho4983', 'rldud777715', 'janggyusang', 'yoonwe00', 'pty3111', 'ji990120', 'ksh97050310', 'elel0505', 'namgunhee', 'vktmxk5190', 'dff123123', None, 'robolex', 'jin112', 'duswl2510', 'dctbelieve', 'yoona8', 'yhuj0215', 'pongdong2323', 'seongwoo']"
243,502,6,16,5,"['yoonwe00', 'seunghun4757', 'hilsong', 'duswl2510', 'dctbelieve']",0,[],11,"['ksh97050310', 'jin112', 'elel0505', 'aodfkd', 'swcho4983', 'yoona8', 'yhuj0215', 'rldud777715', None, 'seongwoo', 'robolex']",16,"['yoonwe00', 'ksh97050310', 'elel0505', None, 'robolex', 'seunghun4757', 'jin112', 'aodfkd', 'hilsong', 'duswl2510', 'dctbelieve', 'yoona8', 'yhuj0215', 'swcho4983', 'rldud777715', 'seongwoo']"
246,237,6,19,4,"['yrhee6', 'tetakunda', 'ajtepper', 'anallamalli']",1,['msun247'],15,"['pothuri', 'tarikere', 'jbmoffitt', 'hyin55', 'rpolavarapu', 'xshi229', 'jodieritchie', 'harrywangyh', 'kvbhide', 'ealmousa', 'bafflerbach', 'stzeng3', 'szhu234', None, 'lindazeng']",20,"['tarikere', 'hyin55', 'rpolavarapu', 'xshi229', 'jodieritchie', 'harrywangyh', 'kvbhide', 'ealmousa', 'stzeng3', None, 'ajtepper', 'jbmoffitt', 'tetakunda', 'msun247', 'anallamalli', 'bafflerbach', 'yrhee6', 'szhu234', 'pothuri', 'lindazeng']"
246,250,6,14,5,"['tetakunda', 'msun247', 'anallamalli', 'yrhee6', 'ajtepper']",0,[],9,"['hyin55', 'rpolavarapu', 'kudkilwar', 'harrywangyh', 'ealmousa', 'szhu234', None, 'lindazeng', 'mgwertzman']",14,"['hyin55', 'rpolavarapu', 'harrywangyh', 'ealmousa', None, 'ajtepper', 'mgwertzman', 'kudkilwar', 'tetakunda', 'msun247', 'anallamalli', 'yrhee6', 'szhu234', 'lindazeng']"
246,249,6,13,1,['ajtepper'],4,"['yrhee6', 'msun247', 'tetakunda', 'anallamalli']",12,"['ctmoua2', 'tarikere', 'hyin55', 'rpolavarapu', 'harrywangyh', 'kvbhide', 'jodieritchie', 'bafflerbach', 'stzeng3', 'szhu234', None, 'lindazeng']",17,"['ctmoua2', 'tarikere', 'hyin55', 'rpolavarapu', 'harrywangyh', 'kvbhide', 'jodieritchie', 'stzeng3', None, 'ajtepper', 'tetakunda', 'msun247', 'anallamalli', 'bafflerbach', 'yrhee6', 'szhu234', 'lindazeng']"
246,238,6,9,4,"['yrhee6', 'msun247', 'tetakunda', 'anallamalli']",1,['ajtepper'],5,"['hyin55', 'rpolavarapu', 'ealmousa', 'szhu234', None]",10,"['hyin55', 'rpolavarapu', 'tetakunda', 'msun247', 'ealmousa', 'anallamalli', 'yrhee6', 'szhu234', None, 'ajtepper']"
246,239,6,8,1,['msun247'],4,"['yrhee6', 'tetakunda', 'ajtepper', 'anallamalli']",7,"['ctmoua2', 'agillian', 'kudkilwar', 'rpolavarapu', 'bafflerbach', None, 'lindazeng']",12,"['ctmoua2', 'lindazeng', 'agillian', 'kudkilwar', 'rpolavarapu', 'tetakunda', 'msun247', 'anallamalli', 'bafflerbach', 'yrhee6', None, 'ajtepper']"
246,251,6,8,1,['msun247'],4,"['yrhee6', 'tetakunda', 'ajtepper', 'anallamalli']",7,"['agillian', 'hyin55', 'kudkilwar', 'rpolavarapu', 'harrywangyh', None, 'lindazeng']",12,"['lindazeng', 'agillian', 'hyin55', 'kudkilwar', 'rpolavarapu', 'harrywangyh', 'tetakunda', 'msun247', 'anallamalli', 'yrhee6', None, 'ajtepper']"
246,258,6,8,1,['yrhee6'],4,"['msun247', 'tetakunda', 'ajtepper', 'anallamalli']",7,"['hyin55', 'rpolavarapu', 'harrywangyh', 'bafflerbach', 'szhu234', None, 'lindazeng']",12,"['lindazeng', 'hyin55', 'rpolavarapu', 'harrywangyh', 'tetakunda', 'msun247', 'anallamalli', 'bafflerbach', 'yrhee6', 'szhu234', None, 'ajtepper']"
