MClusterID,XClusterID,MClusterSize,XClusterSize,OverlapSize,OverlapMembers,MOnlySize,MOnlyMembers,XOnlySize,XOnlyMembers,CombinedSize,CombinedMembers
1,374,189,198,140,"['aanil', 'valenci1', 'zh1806855308', 'colli291', 'jdieffenbach1212', 'oshindel', 'john43', 'emizhiri', 'wang4340', 'schul137', 'tndesai', 'hunt143', 'baconka', 'shjaffer', 'mai20', 'parkry', 'dillon45', 'lee3757', 'dgulewic', 'porte177', 'ieckroth', 'greenerj', 'horton44', 'thoma682', 'capuano', 'ksyang', 'qlovejoy', 'xin16', 'edeyoun', 'davi1587', 'naveenvivek', 'obrie186', 'lotzj', 'sschluth', 'cferguss', 'yoon164', 'rrauer', 'rarnholt', 'wagne291', 'ksnewcom', 'fan262', 'hpavel', 'desai144', 'givenc', 'lannon', 'nguye669', 'mitra30', 'jsohi', 'cdegnan', 'mark27', 'thomp700', 'gnoel', 'brow1628', 'ntiwana', 'iaimiuwu', 'flatorre', 'zuo21', 'berger49', 'tobuchow', 'rockeke', 'sriniv96', 'sands7', 'shettin', 'evigo', 'cwichman', 'darrenmlie', 'agraw115', 'morton67', 'smit2922', 'simonz', 'lee3753', 'aileenryan', 'mrschiav', 'maladab', 'eschmelz', 'ahowse18', 'dempseyl', 'bobsitni', 'green381', 'bholtma', 'mgumin', 'jdobstaf', 'ddirckse', 'dfrohbe', 'meyer355', 'dtaveeva', 'gould27', 'pmaynard', 'garimels', 'keithpreston99', 'phill292', 'raghurar', 'pmarcum', 'zderyke', 'pdogra', 'power105', 'avanhand', 'beemanj', 'hall657', 'meyer367', 'aprasan', 'ahliu', 'gonza508', 'mdavide', 'jameskrieg451', 'apalermocollege', 'horgan', 'atakoch', 'iybarra', 'bolinge0', 'moraz', 'wild3', 'mkuether', 'houckc', 'jhaehl', 'rseshadr24', 'lseidler', 'lewis502', 'barron22', 'jpetril', 'msdhillo', 'ndegraaf', 'bmsutter', 'capece', 'fung12', 'lchittur', 'trem431', 'kevancho', 'coolrock', 'akokal', 'hannon5', 'mathew71', 'crgomezt', 'feng238', 'saxena48', 'thomas847', 'hajwani', 'cchabria', 'park843', 'rseif']",49,"['micahstevenst', 'tong89', 'wakemanj', 'wu1800', 'ahaniyur', 'greeder', 'brow1633', 'kim2836', 'malias', 'fehr0', 'jromalley44', 'lyons78', 'hamil145', 'anuhyae', 'lopez427', 'cartersjones7', 'rkoeiman', 'vander11', 'jlieberm', 'kdalkin', 'adrianchen8662', 'goldbe13', 'cstepher', 'zhan3474', 'kim3078', 'nmcnama', 'jarf99', 'good27', 'lynch113', 'jniamtan', 'kim2896', 'tcroppe', 'jdustma', 'beckz', 'tbagnoli', 'vhaight', 'nbobronn', 'vlenzi', 'hwolff', 'echattin', 'bkhaller', 'dodd3', 'li3103', 'nmccarro', 'duggan1', 'mcramerz', 'rsenapa', 'agarw162', 'abdelane']",58,"['spivakm', 'charin', 'zhan4094', 'tamnuaik', 'arora112', 'rradules', 'desai125', 'cox304', 'cagleg', 'ngolashi', 'zmacnab', 'lee1012', 'sharm558', 'gzander75', 'colem102', 'smitkpd', 'smit3776', 'wang4425', 'ryantischler', 'wdrakas', 'mcdani64', 'chi58', 'gkhot', 'chen3167', 'boesk', 'fan274', 'farrel28', 'gonza570', 'jbashor', 'sjw961117', 'herna438', 'wdeskins', 'nborina', 'chang842', 'kganbold', 'wang4623', 'pramanis', 'goyal55', 'rinnocen', 'nmarcelo', 'mehta152', None, 'arayapro', 'ewhitwor', 'thoma847', 'zanwarza', 'asbehere', 'biglera', 'suh47', 'beelern', 'eberly0', 'srosoff', 'alvaro9972', 'zapata1', 'peter621', 'ebarranc', 'kansara', 'ande1083']",247,"['aanil', 'valenci1', 'tamnuaik', 'jdieffenbach1212', 'desai125', 'oshindel', 'fehr0', 'wang4340', 'schul137', 'baconka', 'colem102', 'mai20', 'dgulewic', 'chi58', 'gkhot', 'boesk', 'sjw961117', 'horton44', 'capuano', 'tcroppe', 'qlovejoy', 'beckz', 'xin16', 'nbobronn', 'edeyoun', 'mehta152', 'lotzj', 'ewhitwor', 'duggan1', 'yoon164', 'cferguss', 'rrauer', 'rarnholt', 'fan262', 'abdelane', 'desai144', 'mitra30', 'tong89', 'spivakm', 'greeder', 'jsohi', 'thomp700', 'jromalley44', 'ntiwana', 'iaimiuwu', 'cartersjones7', 'tobuchow', 'wang4425', 'sriniv96', 'kim3078', 'sands7', 'shettin', 'simonz', 'aileenryan', 'dodd3', 'maladab', 'asbehere', 'eschmelz', 'srosoff', 'dempseyl', 'ebarranc', 'micahstevenst', 'charin', 'arora112', 'rradules', 'dfrohbe', 'dtaveeva', 'gould27', 'keithpreston99', 'phill292', 'vander11', 'kdalkin', 'power105', 'pdogra', 'zhan3474', 'nmcnama', 'farrel28', 'beemanj', 'meyer367', 'aprasan', 'pramanis', 'mdavide', 'horgan', 'mcramerz', 'eberly0', 'rsenapa', 'moraz', 'wakemanj', 'wild3', 'mkuether', 'jhaehl', 'lseidler', 'anuhyae', 'lewis502', 'jpetril', 'wdrakas', 'goldbe13', 'mcdani64', 'msdhillo', 'bmsutter', 'capece', 'lchittur', 'chang842', 'trem431', 'wang4623', 'coolrock', 'vhaight', 'vlenzi', 'nmarcelo', None, 'li3103', 'nmccarro', 'saxena48', 'thomas847', 'cchabria', 'thoma682', 'zh1806855308', 'colli291', 'ahaniyur', 'john43', 'lyons78', 'emizhiri', 'hamil145', 'ngolashi', 'lopez427', 'tndesai', 'hunt143', 'shjaffer', 'parkry', 'dillon45', 'adrianchen8662', 'lee3757', 'porte177', 'jbashor', 'ieckroth', 'greenerj', 'jniamtan', 'wdeskins', 'ksyang', 'kim2896', 'jdustma', 'davi1587', 'naveenvivek', 'obrie186', 'echattin', 'bkhaller', 'sschluth', 'agarw162', 'wagne291', 'ksnewcom', 'hpavel', 'givenc', 'fan274', 'lannon', 'nguye669', 'kansara', 'brow1633', 'cdegnan', 'cox304', 'mark27', 'gnoel', 'brow1628', 'flatorre', 'zuo21', 'berger49', 'zmacnab', 'lee1012', 'rkoeiman', 'smit3776', 'jlieberm', 'rockeke', 'cstepher', 'evigo', 'herna438', 'cwichman', 'nborina', 'darrenmlie', 'agraw115', 'kganbold', 'morton67', 'smit2922', 'lee3753', 'hwolff', 'goyal55', 'rinnocen', 'mrschiav', 'thoma847', 'biglera', 'ahowse18', 'alvaro9972', 'zapata1', 'bobsitni', 'green381', 'bholtma', 'mgumin', 'jdobstaf', 'wu1800', 'ddirckse', 'meyer355', 'kim2836', 'cagleg', 'pmaynard', 'garimels', 'sharm558', 'gzander75', 'smitkpd', 'raghurar', 'pmarcum', 'zderyke', 'avanhand', 'chen3167', 'good27', 'lynch113', 'tbagnoli', 'hall657', 'ahliu', 'gonza508', 'jameskrieg451', 'zanwarza', 'apalermocollege', 'beelern', 'atakoch', 'iybarra', 'peter621', 'bolinge0', 'zhan4094', 'houckc', 'malias', 'rseshadr24', 'barron22', 'ryantischler', 'ndegraaf', 'gonza570', 'jarf99', 'fung12', 'kevancho', 'akokal', 'hannon5', 'mathew71', 'arayapro', 'suh47', 'crgomezt', 'feng238', 'hajwani', 'park843', 'ande1083', 'rseif']"
1,618,189,198,135,"['aanil', 'valenci1', 'zh1806855308', 'ahaniyur', 'colli291', 'jdieffenbach1212', 'oshindel', 'john43', 'emizhiri', 'hamil145', 'wang4340', 'schul137', 'tndesai', 'hunt143', 'baconka', 'shjaffer', 'mai20', 'parkry', 'dillon45', 'lee3757', 'dgulewic', 'porte177', 'ieckroth', 'horton44', 'thoma682', 'capuano', 'ksyang', 'qlovejoy', 'xin16', 'edeyoun', 'davi1587', 'obrie186', 'bkhaller', 'lotzj', 'sschluth', 'cferguss', 'yoon164', 'rrauer', 'rarnholt', 'wagne291', 'ksnewcom', 'fan262', 'abdelane', 'desai144', 'givenc', 'lannon', 'nguye669', 'jsohi', 'gnoel', 'thomp700', 'brow1628', 'ntiwana', 'iaimiuwu', 'flatorre', 'berger49', 'rkoeiman', 'tobuchow', 'jlieberm', 'rockeke', 'sriniv96', 'sands7', 'shettin', 'evigo', 'cwichman', 'morton67', 'simonz', 'lee3753', 'aileenryan', 'mrschiav', 'maladab', 'eschmelz', 'ahowse18', 'dempseyl', 'bobsitni', 'green381', 'mgumin', 'bholtma', 'jdobstaf', 'wu1800', 'ddirckse', 'dfrohbe', 'meyer355', 'dtaveeva', 'gould27', 'pmaynard', 'garimels', 'phill292', 'raghurar', 'kdalkin', 'zderyke', 'pdogra', 'power105', 'zhan3474', 'good27', 'beemanj', 'hall657', 'aprasan', 'ahliu', 'gonza508', 'mdavide', 'jameskrieg451', 'apalermocollege', 'horgan', 'rsenapa', 'atakoch', 'iybarra', 'bolinge0', 'moraz', 'wild3', 'mkuether', 'houckc', 'jhaehl', 'rseshadr24', 'lseidler', 'lewis502', 'barron22', 'jpetril', 'msdhillo', 'ndegraaf', 'bmsutter', 'capece', 'fung12', 'lchittur', 'trem431', 'kevancho', 'nmccarro', 'mathew71', 'crgomezt', 'feng238', 'saxena48', 'thomas847', 'hajwani', 'cchabria', 'park843', 'rseif']",54,"['mitra30', 'tong89', 'micahstevenst', 'wakemanj', 'greeder', 'cdegnan', 'brow1633', 'mark27', 'kim2836', 'malias', 'fehr0', 'jromalley44', 'lyons78', 'anuhyae', 'lopez427', 'zuo21', 'keithpreston99', 'cartersjones7', 'vander11', 'pmarcum', 'adrianchen8662', 'avanhand', 'goldbe13', 'cstepher', 'kim3078', 'nmcnama', 'jarf99', 'lynch113', 'greenerj', 'jniamtan', 'darrenmlie', 'agraw115', 'kim2896', 'tcroppe', 'jdustma', 'beckz', 'tbagnoli', 'meyer367', 'smit2922', 'nbobronn', 'coolrock', 'hwolff', 'akokal', 'vhaight', 'naveenvivek', 'vlenzi', 'echattin', 'hannon5', 'dodd3', 'li3103', 'duggan1', 'mcramerz', 'agarw162', 'hpavel']",63,"['spivakm', 'charin', 'zhan4094', 'tamnuaik', 'zenou_tchamwa', 'arora112', 'rubenmendia', 'nmohamm', 'cox304', 'alanchi2003', 'ctroth', 'iwolson', 'zikriaanwarzai', 'zferencz', 'cox315', 'lee1012', 'gzander75', 'colem102', 'azareei', 'smitkpd', 'brasmuse', 'smit3776', 'wang4425', 'wdrakas', 'huan1626', 'jhstegma', 'gregor54', 'chen3167', 'amckibbe', 'boesk', 'gonza570', 'cmehan', 'tdeucher', 'herna438', 'gradyr', 'wdeskins', 'andrewhartman', 'kganbold', 'john2797', 'wang4623', 'eabraham', 'oelsher', 'rtischl', 'nmarcelo', 'ding284', 'mehta152', None, 'ebarranc', 'kmlennox', 'suh47', 'asbehere', 'biglera', 'beelern', 'eberly0', 'srosoff', 'green338', 'mtbailey', 'alvaro9972', 'zapata1', 'kong94', 'jstoehr', 'kansara', 'ande1083']",252,"['aanil', 'valenci1', 'tamnuaik', 'jdieffenbach1212', 'oshindel', 'fehr0', 'wang4340', 'schul137', 'baconka', 'colem102', 'mai20', 'dgulewic', 'boesk', 'horton44', 'andrewhartman', 'capuano', 'tcroppe', 'qlovejoy', 'beckz', 'xin16', 'nbobronn', 'edeyoun', 'mehta152', 'lotzj', 'duggan1', 'yoon164', 'cferguss', 'kmlennox', 'rrauer', 'rarnholt', 'fan262', 'abdelane', 'desai144', 'jstoehr', 'mitra30', 'tong89', 'spivakm', 'greeder', 'jsohi', 'thomp700', 'jromalley44', 'ntiwana', 'iaimiuwu', 'cartersjones7', 'tobuchow', 'wang4425', 'sriniv96', 'kim3078', 'sands7', 'shettin', 'simonz', 'aileenryan', 'dodd3', 'maladab', 'asbehere', 'eschmelz', 'srosoff', 'dempseyl', 'ebarranc', 'micahstevenst', 'charin', 'arora112', 'rubenmendia', 'dfrohbe', 'dtaveeva', 'gould27', 'iwolson', 'keithpreston99', 'azareei', 'phill292', 'vander11', 'kdalkin', 'power105', 'pdogra', 'huan1626', 'zhan3474', 'nmcnama', 'gradyr', 'beemanj', 'meyer367', 'aprasan', 'oelsher', 'mdavide', 'horgan', 'mcramerz', 'eberly0', 'rsenapa', 'moraz', 'wakemanj', 'wild3', 'mkuether', 'jhaehl', 'lseidler', 'anuhyae', 'lewis502', 'brasmuse', 'jpetril', 'wdrakas', 'goldbe13', 'msdhillo', 'bmsutter', 'capece', 'lchittur', 'trem431', 'john2797', 'wang4623', 'coolrock', 'vhaight', 'vlenzi', 'nmarcelo', None, 'li3103', 'nmccarro', 'saxena48', 'thomas847', 'kong94', 'cchabria', 'thoma682', 'zh1806855308', 'colli291', 'ahaniyur', 'nmohamm', 'john43', 'alanchi2003', 'lyons78', 'emizhiri', 'hamil145', 'zferencz', 'lopez427', 'tndesai', 'hunt143', 'shjaffer', 'parkry', 'dillon45', 'adrianchen8662', 'lee3757', 'porte177', 'jhstegma', 'amckibbe', 'ieckroth', 'greenerj', 'jniamtan', 'wdeskins', 'ksyang', 'kim2896', 'jdustma', 'eabraham', 'rtischl', 'davi1587', 'naveenvivek', 'obrie186', 'echattin', 'bkhaller', 'sschluth', 'agarw162', 'wagne291', 'ksnewcom', 'hpavel', 'givenc', 'lannon', 'nguye669', 'kansara', 'brow1633', 'cdegnan', 'cox304', 'mark27', 'gnoel', 'ctroth', 'brow1628', 'zikriaanwarzai', 'flatorre', 'zuo21', 'berger49', 'lee1012', 'rkoeiman', 'smit3776', 'jlieberm', 'rockeke', 'cstepher', 'evigo', 'tdeucher', 'cwichman', 'herna438', 'darrenmlie', 'agraw115', 'kganbold', 'morton67', 'smit2922', 'lee3753', 'hwolff', 'mrschiav', 'biglera', 'ahowse18', 'alvaro9972', 'zapata1', 'bobsitni', 'green381', 'bholtma', 'mgumin', 'jdobstaf', 'wu1800', 'ddirckse', 'meyer355', 'kim2836', 'pmaynard', 'garimels', 'gzander75', 'smitkpd', 'raghurar', 'pmarcum', 'zderyke', 'avanhand', 'chen3167', 'cmehan', 'good27', 'lynch113', 'tbagnoli', 'hall657', 'ahliu', 'ding284', 'gonza508', 'jameskrieg451', 'apalermocollege', 'beelern', 'atakoch', 'green338', 'mtbailey', 'iybarra', 'bolinge0', 'zhan4094', 'zenou_tchamwa', 'houckc', 'malias', 'rseshadr24', 'cox315', 'barron22', 'gregor54', 'ndegraaf', 'gonza570', 'jarf99', 'fung12', 'kevancho', 'akokal', 'hannon5', 'mathew71', 'suh47', 'crgomezt', 'feng238', 'hajwani', 'park843', 'ande1083', 'rseif']"
1,400,189,196,144,"['aanil', 'valenci1', 'zh1806855308', 'ahaniyur', 'colli291', 'jdieffenbach1212', 'oshindel', 'john43', 'emizhiri', 'hamil145', 'wang4340', 'tndesai', 'hunt143', 'shjaffer', 'mai20', 'parkry', 'dillon45', 'lee3757', 'dgulewic', 'porte177', 'ieckroth', 'horton44', 'thoma682', 'capuano', 'ksyang', 'kim2896', 'qlovejoy', 'xin16', 'edeyoun', 'davi1587', 'obrie186', 'bkhaller', 'lotzj', 'sschluth', 'cferguss', 'yoon164', 'rrauer', 'agarw162', 'rarnholt', 'wagne291', 'ksnewcom', 'fan262', 'abdelane', 'desai144', 'givenc', 'lannon', 'nguye669', 'tong89', 'jsohi', 'mark27', 'thomp700', 'gnoel', 'jromalley44', 'brow1628', 'ntiwana', 'iaimiuwu', 'flatorre', 'zuo21', 'berger49', 'cartersjones7', 'rkoeiman', 'tobuchow', 'jlieberm', 'rockeke', 'sriniv96', 'cstepher', 'sands7', 'shettin', 'evigo', 'cwichman', 'darrenmlie', 'agraw115', 'morton67', 'simonz', 'lee3753', 'hwolff', 'aileenryan', 'mrschiav', 'maladab', 'ahowse18', 'bobsitni', 'green381', 'bholtma', 'mgumin', 'jdobstaf', 'wu1800', 'ddirckse', 'dfrohbe', 'meyer355', 'kim2836', 'dtaveeva', 'gould27', 'pmaynard', 'garimels', 'phill292', 'raghurar', 'kdalkin', 'zderyke', 'pdogra', 'power105', 'tbagnoli', 'beemanj', 'hall657', 'meyer367', 'aprasan', 'ahliu', 'gonza508', 'mdavide', 'jameskrieg451', 'apalermocollege', 'horgan', 'rsenapa', 'atakoch', 'iybarra', 'bolinge0', 'moraz', 'wild3', 'mkuether', 'houckc', 'jhaehl', 'rseshadr24', 'lseidler', 'lewis502', 'barron22', 'jpetril', 'msdhillo', 'ndegraaf', 'jarf99', 'bmsutter', 'capece', 'fung12', 'lchittur', 'trem431', 'kevancho', 'coolrock', 'nmccarro', 'mathew71', 'crgomezt', 'saxena48', 'thomas847', 'hajwani', 'cchabria', 'park843', 'rseif']",45,"['mitra30', 'micahstevenst', 'wakemanj', 'greeder', 'cdegnan', 'brow1633', 'malias', 'fehr0', 'lyons78', 'anuhyae', 'lopez427', 'schul137', 'baconka', 'keithpreston99', 'vander11', 'pmarcum', 'adrianchen8662', 'avanhand', 'goldbe13', 'zhan3474', 'kim3078', 'nmcnama', 'good27', 'lynch113', 'greenerj', 'jniamtan', 'tcroppe', 'jdustma', 'beckz', 'akokal', 'smit2922', 'nbobronn', 'vhaight', 'vlenzi', 'naveenvivek', 'hannon5', 'echattin', 'li3103', 'dodd3', 'duggan1', 'eschmelz', 'mcramerz', 'feng238', 'dempseyl', 'hpavel']",52,"['spivakm', 'charin', 'greent513', 'arora112', 'rubenmendia', 'nmohamm', 'alanchi2003', 'cagleg', 'iwolson', 'yang1300', 'zferencz', 'amarkert', 'gzander75', 'sharm558', 'azareei', 'smitkpd', 'smit3776', 'npearlst', 'wang4425', 'ryantischler', 'wdrakas', 'jhstegma', 'gregor54', 'kent32', 'boesk', 'jbashor', 'gradyr', 'nborina', 'andrewhartman', 'jone2081', 'dunca108', 'kganbold', 'john2797', 'rfranco', 'wang4623', 'rtischl', 'nmarcelo', None, 'ewhitwor', 'kmlennox', 'suh47', 'asbehere', 'biglera', 'beelern', 'eberly0', 'srosoff', 'zmacnab1218', 'zapata1', 'kong94', 'ebarranc', 'kansara', 'ande1083']",241,"['aanil', 'valenci1', 'jdieffenbach1212', 'oshindel', 'fehr0', 'wang4340', 'schul137', 'baconka', 'mai20', 'dgulewic', 'kent32', 'boesk', 'horton44', 'andrewhartman', 'capuano', 'tcroppe', 'qlovejoy', 'beckz', 'xin16', 'nbobronn', 'edeyoun', 'lotzj', 'ewhitwor', 'duggan1', 'yoon164', 'cferguss', 'kmlennox', 'rrauer', 'rarnholt', 'fan262', 'abdelane', 'desai144', 'mitra30', 'tong89', 'spivakm', 'greeder', 'jsohi', 'thomp700', 'jromalley44', 'ntiwana', 'iaimiuwu', 'cartersjones7', 'tobuchow', 'wang4425', 'sriniv96', 'kim3078', 'sands7', 'shettin', 'simonz', 'aileenryan', 'dodd3', 'maladab', 'asbehere', 'eschmelz', 'srosoff', 'dempseyl', 'ebarranc', 'micahstevenst', 'charin', 'greent513', 'arora112', 'rubenmendia', 'dfrohbe', 'dtaveeva', 'gould27', 'iwolson', 'amarkert', 'keithpreston99', 'azareei', 'phill292', 'vander11', 'kdalkin', 'power105', 'pdogra', 'zhan3474', 'nmcnama', 'gradyr', 'beemanj', 'meyer367', 'aprasan', 'mdavide', 'horgan', 'mcramerz', 'eberly0', 'rsenapa', 'moraz', 'wakemanj', 'wild3', 'mkuether', 'jhaehl', 'lseidler', 'anuhyae', 'lewis502', 'jpetril', 'wdrakas', 'goldbe13', 'msdhillo', 'bmsutter', 'capece', 'lchittur', 'trem431', 'john2797', 'wang4623', 'coolrock', 'vhaight', 'vlenzi', 'nmarcelo', None, 'li3103', 'nmccarro', 'saxena48', 'thomas847', 'zmacnab1218', 'kong94', 'cchabria', 'thoma682', 'zh1806855308', 'colli291', 'ahaniyur', 'nmohamm', 'john43', 'alanchi2003', 'lyons78', 'emizhiri', 'hamil145', 'zferencz', 'lopez427', 'tndesai', 'hunt143', 'shjaffer', 'parkry', 'dillon45', 'adrianchen8662', 'lee3757', 'porte177', 'jhstegma', 'jbashor', 'ieckroth', 'greenerj', 'jniamtan', 'ksyang', 'kim2896', 'jdustma', 'rtischl', 'davi1587', 'naveenvivek', 'obrie186', 'echattin', 'bkhaller', 'sschluth', 'agarw162', 'wagne291', 'ksnewcom', 'hpavel', 'givenc', 'lannon', 'nguye669', 'kansara', 'brow1633', 'cdegnan', 'mark27', 'gnoel', 'brow1628', 'flatorre', 'zuo21', 'berger49', 'rkoeiman', 'smit3776', 'jlieberm', 'rockeke', 'npearlst', 'cstepher', 'evigo', 'cwichman', 'nborina', 'darrenmlie', 'agraw115', 'kganbold', 'morton67', 'smit2922', 'lee3753', 'hwolff', 'mrschiav', 'biglera', 'ahowse18', 'zapata1', 'bobsitni', 'green381', 'bholtma', 'mgumin', 'jdobstaf', 'wu1800', 'ddirckse', 'meyer355', 'kim2836', 'cagleg', 'pmaynard', 'yang1300', 'garimels', 'sharm558', 'gzander75', 'smitkpd', 'raghurar', 'pmarcum', 'zderyke', 'avanhand', 'good27', 'lynch113', 'dunca108', 'rfranco', 'tbagnoli', 'hall657', 'ahliu', 'gonza508', 'jameskrieg451', 'apalermocollege', 'beelern', 'atakoch', 'iybarra', 'bolinge0', 'houckc', 'malias', 'rseshadr24', 'barron22', 'ryantischler', 'gregor54', 'ndegraaf', 'jarf99', 'fung12', 'jone2081', 'kevancho', 'akokal', 'hannon5', 'mathew71', 'suh47', 'crgomezt', 'feng238', 'hajwani', 'park843', 'ande1083', 'rseif']"
1,380,189,161,119,"['aanil', 'valenci1', 'colli291', 'ahaniyur', 'jdieffenbach1212', 'oshindel', 'hamil145', 'wang4340', 'schul137', 'tndesai', 'shjaffer', 'mai20', 'dillon45', 'parkry', 'adrianchen8662', 'dgulewic', 'lee3757', 'porte177', 'ieckroth', 'greenerj', 'horton44', 'capuano', 'ksyang', 'kim2896', 'qlovejoy', 'nbobronn', 'davi1587', 'naveenvivek', 'obrie186', 'bkhaller', 'duggan1', 'sschluth', 'cferguss', 'rrauer', 'agarw162', 'rarnholt', 'wagne291', 'fan262', 'abdelane', 'ksnewcom', 'desai144', 'lannon', 'nguye669', 'mitra30', 'cdegnan', 'mark27', 'gnoel', 'thomp700', 'jromalley44', 'brow1628', 'iaimiuwu', 'flatorre', 'berger49', 'cartersjones7', 'rkoeiman', 'tobuchow', 'rockeke', 'jlieberm', 'sriniv96', 'sands7', 'shettin', 'evigo', 'cwichman', 'agraw115', 'morton67', 'simonz', 'lee3753', 'aileenryan', 'mrschiav', 'maladab', 'eschmelz', 'ahowse18', 'green381', 'mgumin', 'bholtma', 'jdobstaf', 'wu1800', 'dfrohbe', 'meyer355', 'kim2836', 'gould27', 'pmaynard', 'garimels', 'phill292', 'raghurar', 'pmarcum', 'kdalkin', 'zderyke', 'pdogra', 'beemanj', 'meyer367', 'aprasan', 'hall657', 'ahliu', 'horgan', 'atakoch', 'iybarra', 'moraz', 'mkuether', 'houckc', 'rseshadr24', 'anuhyae', 'lewis502', 'barron22', 'jpetril', 'goldbe13', 'bmsutter', 'fung12', 'trem431', 'kevancho', 'coolrock', 'nmccarro', 'feng238', 'saxena48', 'thomas847', 'hajwani', 'cchabria', 'park843', 'rseif']",70,"['micahstevenst', 'tong89', 'wakemanj', 'wild3', 'zh1806855308', 'greeder', 'jsohi', 'brow1633', 'ddirckse', 'john43', 'dtaveeva', 'malias', 'fehr0', 'jhaehl', 'lyons78', 'ntiwana', 'emizhiri', 'lseidler', 'lopez427', 'zuo21', 'hunt143', 'baconka', 'keithpreston99', 'vander11', 'power105', 'avanhand', 'cstepher', 'msdhillo', 'ndegraaf', 'zhan3474', 'kim3078', 'nmcnama', 'jarf99', 'good27', 'lynch113', 'capece', 'jniamtan', 'lchittur', 'darrenmlie', 'tcroppe', 'jdustma', 'beckz', 'tbagnoli', 'xin16', 'smit2922', 'akokal', 'vhaight', 'hwolff', 'edeyoun', 'vlenzi', 'hannon5', 'echattin', 'li3103', 'dodd3', 'gonza508', 'mdavide', 'lotzj', 'jameskrieg451', 'mathew71', 'yoon164', 'apalermocollege', 'crgomezt', 'mcramerz', 'rsenapa', 'bolinge0', 'dempseyl', 'hpavel', 'bobsitni', 'givenc', 'thoma682']",42,"['charin', 'greent513', 'tamnuaik', 'zenou_tchamwa', 'arora112', 'nmohamm', 'cox304', 'nguyenjd', 'alanchi2003', 'cagleg', 'hays13', 'ngolashi', 'roger261', 'auagashe', 'lee1012', 'sharm558', 'gzander75', 'colem102', 'smitkpd', 'wdrakas', 'chen3167', 'boesk', 'jbashor', 'sjw961117', 'nborina', 'andrewhartman', 'kganbold', 'john2797', 'eabraham', 'fgouronc', 'goyal55', 'rinnocen', 'vasilj', None, 'arayapro', 'ewhitwor', 'biglera', 'eberly0', 'alvaro9972', 'zmacnab1218', 'fan274', 'ande1083']",231,"['aanil', 'valenci1', 'tamnuaik', 'jdieffenbach1212', 'oshindel', 'fehr0', 'wang4340', 'schul137', 'baconka', 'colem102', 'mai20', 'dgulewic', 'boesk', 'sjw961117', 'horton44', 'andrewhartman', 'capuano', 'tcroppe', 'qlovejoy', 'beckz', 'xin16', 'nbobronn', 'edeyoun', 'lotzj', 'ewhitwor', 'duggan1', 'yoon164', 'cferguss', 'rrauer', 'rarnholt', 'fan262', 'abdelane', 'desai144', 'mitra30', 'tong89', 'greeder', 'jsohi', 'thomp700', 'jromalley44', 'ntiwana', 'iaimiuwu', 'roger261', 'cartersjones7', 'tobuchow', 'sriniv96', 'kim3078', 'sands7', 'shettin', 'simonz', 'aileenryan', 'dodd3', 'maladab', 'eschmelz', 'dempseyl', 'micahstevenst', 'charin', 'greent513', 'arora112', 'dfrohbe', 'dtaveeva', 'gould27', 'keithpreston99', 'phill292', 'vander11', 'kdalkin', 'power105', 'pdogra', 'zhan3474', 'nmcnama', 'beemanj', 'meyer367', 'aprasan', 'mdavide', 'horgan', 'mcramerz', 'eberly0', 'rsenapa', 'moraz', 'wakemanj', 'wild3', 'mkuether', 'jhaehl', 'lseidler', 'anuhyae', 'auagashe', 'lewis502', 'jpetril', 'wdrakas', 'goldbe13', 'msdhillo', 'bmsutter', 'capece', 'lchittur', 'trem431', 'john2797', 'coolrock', 'vhaight', 'vlenzi', None, 'li3103', 'nmccarro', 'saxena48', 'thomas847', 'zmacnab1218', 'cchabria', 'thoma682', 'zh1806855308', 'colli291', 'ahaniyur', 'nmohamm', 'john43', 'nguyenjd', 'alanchi2003', 'lyons78', 'emizhiri', 'hays13', 'hamil145', 'ngolashi', 'lopez427', 'tndesai', 'hunt143', 'shjaffer', 'parkry', 'dillon45', 'adrianchen8662', 'lee3757', 'porte177', 'jbashor', 'ieckroth', 'greenerj', 'jniamtan', 'ksyang', 'kim2896', 'jdustma', 'eabraham', 'davi1587', 'naveenvivek', 'obrie186', 'echattin', 'bkhaller', 'sschluth', 'agarw162', 'wagne291', 'ksnewcom', 'hpavel', 'givenc', 'fan274', 'lannon', 'nguye669', 'brow1633', 'cdegnan', 'cox304', 'mark27', 'gnoel', 'brow1628', 'flatorre', 'zuo21', 'berger49', 'lee1012', 'rkoeiman', 'jlieberm', 'rockeke', 'cstepher', 'evigo', 'cwichman', 'nborina', 'darrenmlie', 'agraw115', 'kganbold', 'morton67', 'smit2922', 'lee3753', 'hwolff', 'goyal55', 'rinnocen', 'mrschiav', 'biglera', 'ahowse18', 'alvaro9972', 'bobsitni', 'green381', 'bholtma', 'mgumin', 'jdobstaf', 'wu1800', 'ddirckse', 'meyer355', 'kim2836', 'cagleg', 'pmaynard', 'garimels', 'sharm558', 'gzander75', 'smitkpd', 'raghurar', 'pmarcum', 'zderyke', 'avanhand', 'chen3167', 'good27', 'lynch113', 'tbagnoli', 'hall657', 'fgouronc', 'ahliu', 'gonza508', 'jameskrieg451', 'apalermocollege', 'atakoch', 'iybarra', 'bolinge0', 'zenou_tchamwa', 'houckc', 'malias', 'rseshadr24', 'barron22', 'ndegraaf', 'jarf99', 'fung12', 'kevancho', 'akokal', 'vasilj', 'hannon5', 'mathew71', 'arayapro', 'crgomezt', 'feng238', 'hajwani', 'park843', 'ande1083', 'rseif']"
1,592,189,125,98,"['valenci1', 'colli291', 'ahaniyur', 'oshindel', 'john43', 'wang4340', 'hunt143', 'shjaffer', 'mai20', 'dillon45', 'parkry', 'dgulewic', 'greenerj', 'horton44', 'capuano', 'ksyang', 'tcroppe', 'edeyoun', 'davi1587', 'naveenvivek', 'echattin', 'bkhaller', 'lotzj', 'yoon164', 'cferguss', 'rrauer', 'rarnholt', 'fan262', 'ksnewcom', 'desai144', 'givenc', 'nguye669', 'mitra30', 'jsohi', 'cdegnan', 'mark27', 'thomp700', 'gnoel', 'jromalley44', 'brow1628', 'iaimiuwu', 'rkoeiman', 'tobuchow', 'sriniv96', 'sands7', 'shettin', 'cwichman', 'darrenmlie', 'agraw115', 'morton67', 'lee3753', 'aileenryan', 'mrschiav', 'maladab', 'eschmelz', 'bobsitni', 'bholtma', 'mgumin', 'wu1800', 'dfrohbe', 'dtaveeva', 'kim2836', 'meyer355', 'garimels', 'keithpreston99', 'raghurar', 'kdalkin', 'zderyke', 'beemanj', 'meyer367', 'aprasan', 'hall657', 'ahliu', 'gonza508', 'mdavide', 'jameskrieg451', 'horgan', 'rsenapa', 'iybarra', 'bolinge0', 'moraz', 'mkuether', 'houckc', 'lewis502', 'barron22', 'jpetril', 'msdhillo', 'ndegraaf', 'capece', 'fung12', 'lchittur', 'kevancho', 'coolrock', 'crgomezt', 'thomas847', 'cchabria', 'park843', 'rseif']",91,"['aanil', 'zh1806855308', 'jdieffenbach1212', 'fehr0', 'lyons78', 'emizhiri', 'hamil145', 'lopez427', 'schul137', 'tndesai', 'baconka', 'adrianchen8662', 'lee3757', 'porte177', 'ieckroth', 'jniamtan', 'kim2896', 'jdustma', 'beckz', 'qlovejoy', 'xin16', 'nbobronn', 'obrie186', 'duggan1', 'sschluth', 'agarw162', 'wagne291', 'abdelane', 'hpavel', 'lannon', 'tong89', 'greeder', 'brow1633', 'ntiwana', 'flatorre', 'zuo21', 'berger49', 'cartersjones7', 'jlieberm', 'rockeke', 'cstepher', 'kim3078', 'evigo', 'smit2922', 'simonz', 'hwolff', 'dodd3', 'ahowse18', 'dempseyl', 'green381', 'jdobstaf', 'micahstevenst', 'ddirckse', 'gould27', 'pmaynard', 'phill292', 'vander11', 'pmarcum', 'power105', 'pdogra', 'avanhand', 'zhan3474', 'nmcnama', 'good27', 'lynch113', 'tbagnoli', 'apalermocollege', 'mcramerz', 'atakoch', 'wakemanj', 'wild3', 'malias', 'jhaehl', 'rseshadr24', 'lseidler', 'anuhyae', 'goldbe13', 'jarf99', 'bmsutter', 'trem431', 'akokal', 'vhaight', 'vlenzi', 'hannon5', 'li3103', 'nmccarro', 'mathew71', 'feng238', 'saxena48', 'hajwani', 'thoma682']",27,"['charin', 'nmohamm', 'iwolson', 'jmavi', 'roger261', 'sharm558', 'smit3776', 'wdrakas', 'yiliuhu', 'huan1626', 'kent32', 'boesk', 'jbashor', 'herna438', 'gradyr', 'wdeskins', 'john2797', 'wang4623', 'eabraham', 'rinnocen', 'nmarcelo', None, 'arayapro', 'biglera', 'srosoff', 'alvaro9972', 'zapata1']",216,"['aanil', 'valenci1', 'jdieffenbach1212', 'oshindel', 'fehr0', 'wang4340', 'schul137', 'baconka', 'mai20', 'dgulewic', 'kent32', 'boesk', 'horton44', 'capuano', 'tcroppe', 'qlovejoy', 'beckz', 'xin16', 'nbobronn', 'edeyoun', 'lotzj', 'duggan1', 'yoon164', 'cferguss', 'rrauer', 'rarnholt', 'fan262', 'abdelane', 'desai144', 'mitra30', 'tong89', 'greeder', 'jsohi', 'thomp700', 'jromalley44', 'ntiwana', 'iaimiuwu', 'roger261', 'cartersjones7', 'tobuchow', 'sriniv96', 'kim3078', 'sands7', 'shettin', 'simonz', 'aileenryan', 'dodd3', 'maladab', 'eschmelz', 'srosoff', 'dempseyl', 'micahstevenst', 'charin', 'dfrohbe', 'dtaveeva', 'gould27', 'iwolson', 'keithpreston99', 'phill292', 'vander11', 'kdalkin', 'power105', 'pdogra', 'huan1626', 'zhan3474', 'nmcnama', 'gradyr', 'beemanj', 'meyer367', 'aprasan', 'mdavide', 'horgan', 'mcramerz', 'rsenapa', 'moraz', 'wakemanj', 'wild3', 'mkuether', 'jhaehl', 'lseidler', 'anuhyae', 'lewis502', 'jpetril', 'wdrakas', 'goldbe13', 'msdhillo', 'bmsutter', 'capece', 'lchittur', 'trem431', 'john2797', 'wang4623', 'coolrock', 'vhaight', 'vlenzi', 'nmarcelo', None, 'li3103', 'nmccarro', 'saxena48', 'thomas847', 'cchabria', 'thoma682', 'zh1806855308', 'colli291', 'ahaniyur', 'nmohamm', 'john43', 'lyons78', 'emizhiri', 'hamil145', 'lopez427', 'tndesai', 'hunt143', 'shjaffer', 'parkry', 'dillon45', 'adrianchen8662', 'lee3757', 'porte177', 'jbashor', 'ieckroth', 'greenerj', 'jniamtan', 'wdeskins', 'ksyang', 'kim2896', 'jdustma', 'eabraham', 'davi1587', 'naveenvivek', 'obrie186', 'echattin', 'bkhaller', 'sschluth', 'agarw162', 'wagne291', 'ksnewcom', 'hpavel', 'givenc', 'lannon', 'nguye669', 'brow1633', 'cdegnan', 'mark27', 'gnoel', 'brow1628', 'flatorre', 'zuo21', 'berger49', 'rkoeiman', 'smit3776', 'jlieberm', 'rockeke', 'cstepher', 'evigo', 'herna438', 'cwichman', 'darrenmlie', 'agraw115', 'morton67', 'smit2922', 'lee3753', 'hwolff', 'rinnocen', 'mrschiav', 'biglera', 'ahowse18', 'alvaro9972', 'zapata1', 'bobsitni', 'green381', 'bholtma', 'mgumin', 'jdobstaf', 'wu1800', 'ddirckse', 'meyer355', 'kim2836', 'pmaynard', 'garimels', 'sharm558', 'raghurar', 'pmarcum', 'zderyke', 'avanhand', 'good27', 'lynch113', 'tbagnoli', 'hall657', 'ahliu', 'gonza508', 'jameskrieg451', 'apalermocollege', 'atakoch', 'iybarra', 'bolinge0', 'houckc', 'malias', 'rseshadr24', 'jmavi', 'barron22', 'yiliuhu', 'ndegraaf', 'jarf99', 'fung12', 'kevancho', 'akokal', 'hannon5', 'mathew71', 'arayapro', 'crgomezt', 'feng238', 'hajwani', 'park843', 'rseif']"
1,447,189,121,90,"['aanil', 'zh1806855308', 'ahaniyur', 'colli291', 'oshindel', 'john43', 'emizhiri', 'hamil145', 'wang4340', 'schul137', 'tndesai', 'dillon45', 'lee3757', 'porte177', 'ieckroth', 'horton44', 'ksyang', 'kim2896', 'qlovejoy', 'xin16', 'naveenvivek', 'obrie186', 'bkhaller', 'sschluth', 'rrauer', 'agarw162', 'wagne291', 'fan262', 'ksnewcom', 'desai144', 'lannon', 'nguye669', 'mitra30', 'tong89', 'jsohi', 'cdegnan', 'jromalley44', 'iaimiuwu', 'zuo21', 'berger49', 'rkoeiman', 'rockeke', 'jlieberm', 'sands7', 'shettin', 'agraw115', 'morton67', 'simonz', 'lee3753', 'aileenryan', 'mrschiav', 'maladab', 'green381', 'mgumin', 'jdobstaf', 'ddirckse', 'dfrohbe', 'dtaveeva', 'meyer355', 'kim2836', 'pmaynard', 'garimels', 'keithpreston99', 'zderyke', 'power105', 'meyer367', 'aprasan', 'rsenapa', 'atakoch', 'iybarra', 'bolinge0', 'moraz', 'wild3', 'mkuether', 'houckc', 'rseshadr24', 'lseidler', 'lewis502', 'barron22', 'msdhillo', 'capece', 'fung12', 'lchittur', 'trem431', 'kevancho', 'coolrock', 'hannon5', 'cchabria', 'park843', 'thoma682']",99,"['valenci1', 'jdieffenbach1212', 'fehr0', 'lyons78', 'lopez427', 'hunt143', 'baconka', 'shjaffer', 'mai20', 'parkry', 'adrianchen8662', 'dgulewic', 'greenerj', 'jniamtan', 'capuano', 'tcroppe', 'jdustma', 'beckz', 'nbobronn', 'edeyoun', 'davi1587', 'echattin', 'lotzj', 'duggan1', 'yoon164', 'cferguss', 'rarnholt', 'abdelane', 'hpavel', 'givenc', 'greeder', 'brow1633', 'mark27', 'thomp700', 'gnoel', 'brow1628', 'ntiwana', 'flatorre', 'cartersjones7', 'tobuchow', 'sriniv96', 'cstepher', 'kim3078', 'evigo', 'cwichman', 'darrenmlie', 'smit2922', 'hwolff', 'dodd3', 'eschmelz', 'ahowse18', 'dempseyl', 'bobsitni', 'bholtma', 'micahstevenst', 'wu1800', 'gould27', 'phill292', 'vander11', 'raghurar', 'pmarcum', 'kdalkin', 'pdogra', 'avanhand', 'zhan3474', 'nmcnama', 'good27', 'lynch113', 'tbagnoli', 'beemanj', 'hall657', 'ahliu', 'gonza508', 'mdavide', 'jameskrieg451', 'apalermocollege', 'horgan', 'mcramerz', 'wakemanj', 'malias', 'jhaehl', 'anuhyae', 'jpetril', 'goldbe13', 'ndegraaf', 'jarf99', 'bmsutter', 'akokal', 'vhaight', 'vlenzi', 'li3103', 'nmccarro', 'mathew71', 'crgomezt', 'feng238', 'saxena48', 'thomas847', 'hajwani', 'rseif']",31,"['charin', 'greent513', 'kansara', 'rradules', 'nmohamm', 'nguyenjd', 'jmavi', 'zferencz', 'roger261', 'cox315', 'auagashe', 'lee1012', 'sharm558', 'tphilemo', 'smitkpd', 'smit3776', 'aedupuga', 'kent32', 'boesk', 'jbashor', 'wang4623', 'goyal55', 'mehta152', None, 'asbehere', 'biglera', 'zmacnab1218', 'zapata1', 'peter621', 'fan274', 'ande1083']",220,"['aanil', 'valenci1', 'jdieffenbach1212', 'oshindel', 'fehr0', 'wang4340', 'schul137', 'baconka', 'mai20', 'dgulewic', 'kent32', 'boesk', 'horton44', 'capuano', 'tcroppe', 'qlovejoy', 'beckz', 'xin16', 'nbobronn', 'edeyoun', 'mehta152', 'lotzj', 'duggan1', 'yoon164', 'cferguss', 'rrauer', 'rarnholt', 'fan262', 'abdelane', 'desai144', 'mitra30', 'tong89', 'greeder', 'jsohi', 'thomp700', 'jromalley44', 'ntiwana', 'iaimiuwu', 'roger261', 'cartersjones7', 'tobuchow', 'sriniv96', 'kim3078', 'sands7', 'shettin', 'simonz', 'aileenryan', 'dodd3', 'maladab', 'asbehere', 'eschmelz', 'dempseyl', 'micahstevenst', 'charin', 'greent513', 'rradules', 'dfrohbe', 'dtaveeva', 'gould27', 'keithpreston99', 'phill292', 'vander11', 'kdalkin', 'power105', 'pdogra', 'zhan3474', 'nmcnama', 'beemanj', 'meyer367', 'aprasan', 'mdavide', 'horgan', 'mcramerz', 'rsenapa', 'moraz', 'wakemanj', 'wild3', 'mkuether', 'jhaehl', 'lseidler', 'anuhyae', 'auagashe', 'tphilemo', 'lewis502', 'jpetril', 'goldbe13', 'msdhillo', 'bmsutter', 'capece', 'lchittur', 'trem431', 'wang4623', 'coolrock', 'vhaight', 'vlenzi', None, 'li3103', 'nmccarro', 'saxena48', 'thomas847', 'zmacnab1218', 'cchabria', 'thoma682', 'zh1806855308', 'colli291', 'ahaniyur', 'nmohamm', 'john43', 'nguyenjd', 'lyons78', 'emizhiri', 'hamil145', 'zferencz', 'lopez427', 'tndesai', 'hunt143', 'shjaffer', 'parkry', 'dillon45', 'adrianchen8662', 'lee3757', 'porte177', 'jbashor', 'ieckroth', 'greenerj', 'jniamtan', 'ksyang', 'kim2896', 'jdustma', 'davi1587', 'naveenvivek', 'obrie186', 'echattin', 'bkhaller', 'sschluth', 'agarw162', 'wagne291', 'ksnewcom', 'hpavel', 'givenc', 'fan274', 'lannon', 'nguye669', 'kansara', 'brow1633', 'cdegnan', 'mark27', 'gnoel', 'brow1628', 'flatorre', 'zuo21', 'berger49', 'lee1012', 'rkoeiman', 'smit3776', 'jlieberm', 'rockeke', 'cstepher', 'evigo', 'cwichman', 'darrenmlie', 'agraw115', 'morton67', 'smit2922', 'lee3753', 'hwolff', 'goyal55', 'mrschiav', 'biglera', 'ahowse18', 'zapata1', 'bobsitni', 'green381', 'bholtma', 'mgumin', 'jdobstaf', 'wu1800', 'ddirckse', 'meyer355', 'kim2836', 'pmaynard', 'garimels', 'sharm558', 'smitkpd', 'raghurar', 'pmarcum', 'aedupuga', 'zderyke', 'avanhand', 'good27', 'lynch113', 'tbagnoli', 'hall657', 'ahliu', 'gonza508', 'jameskrieg451', 'apalermocollege', 'atakoch', 'iybarra', 'peter621', 'bolinge0', 'houckc', 'malias', 'rseshadr24', 'jmavi', 'cox315', 'barron22', 'ndegraaf', 'jarf99', 'fung12', 'kevancho', 'akokal', 'hannon5', 'mathew71', 'crgomezt', 'feng238', 'hajwani', 'park843', 'ande1083', 'rseif']"
1,539,189,99,8,"['darrenmlie', 'kim2896', 'oshindel', 'kim2836', 'tbagnoli', 'ndegraaf', 'cchabria', 'bkhaller']",181,"['aanil', 'valenci1', 'zh1806855308', 'ahaniyur', 'colli291', 'jdieffenbach1212', 'john43', 'fehr0', 'lyons78', 'emizhiri', 'hamil145', 'wang4340', 'lopez427', 'schul137', 'tndesai', 'hunt143', 'baconka', 'shjaffer', 'mai20', 'parkry', 'dillon45', 'adrianchen8662', 'lee3757', 'dgulewic', 'porte177', 'ieckroth', 'greenerj', 'jniamtan', 'horton44', 'thoma682', 'capuano', 'ksyang', 'tcroppe', 'jdustma', 'beckz', 'qlovejoy', 'xin16', 'nbobronn', 'edeyoun', 'davi1587', 'naveenvivek', 'obrie186', 'echattin', 'lotzj', 'duggan1', 'sschluth', 'cferguss', 'yoon164', 'rrauer', 'agarw162', 'rarnholt', 'wagne291', 'ksnewcom', 'fan262', 'abdelane', 'hpavel', 'desai144', 'givenc', 'lannon', 'nguye669', 'mitra30', 'tong89', 'greeder', 'jsohi', 'cdegnan', 'brow1633', 'mark27', 'thomp700', 'gnoel', 'jromalley44', 'brow1628', 'ntiwana', 'iaimiuwu', 'flatorre', 'zuo21', 'berger49', 'cartersjones7', 'rkoeiman', 'tobuchow', 'jlieberm', 'rockeke', 'sriniv96', 'cstepher', 'kim3078', 'sands7', 'shettin', 'evigo', 'cwichman', 'agraw115', 'morton67', 'smit2922', 'simonz', 'lee3753', 'hwolff', 'aileenryan', 'dodd3', 'mrschiav', 'maladab', 'eschmelz', 'ahowse18', 'dempseyl', 'bobsitni', 'green381', 'bholtma', 'mgumin', 'jdobstaf', 'micahstevenst', 'wu1800', 'ddirckse', 'dfrohbe', 'meyer355', 'dtaveeva', 'gould27', 'pmaynard', 'garimels', 'keithpreston99', 'phill292', 'vander11', 'raghurar', 'pmarcum', 'kdalkin', 'zderyke', 'pdogra', 'power105', 'avanhand', 'zhan3474', 'nmcnama', 'good27', 'lynch113', 'beemanj', 'hall657', 'meyer367', 'aprasan', 'ahliu', 'gonza508', 'mdavide', 'jameskrieg451', 'apalermocollege', 'horgan', 'mcramerz', 'rsenapa', 'atakoch', 'iybarra', 'bolinge0', 'moraz', 'wakemanj', 'wild3', 'mkuether', 'houckc', 'malias', 'jhaehl', 'rseshadr24', 'lseidler', 'anuhyae', 'lewis502', 'barron22', 'jpetril', 'goldbe13', 'msdhillo', 'jarf99', 'bmsutter', 'capece', 'fung12', 'lchittur', 'trem431', 'kevancho', 'coolrock', 'akokal', 'vhaight', 'vlenzi', 'hannon5', 'li3103', 'nmccarro', 'mathew71', 'crgomezt', 'feng238', 'saxena48', 'thomas847', 'hajwani', 'park843', 'rseif']",91,"['mathury', 'nlueck', 'avneesh123', 'balaji26', 'tvrbanci', 'piaow', 'mlollino', 'vrangapr', 'clark765', 'haejik', 'conwuche', 'reyno169', 'lee3586', 'nganti', 'mkumnoon', 'aangolds', 'huan1543', 'ikraft', 'ganesh24', 'ebregi', 'ishaanjthakur', 'cox304', 'mnd0831', 'graha205', 'kmvose1', 'kurtz11', 'jrpare', 'smit3776', 'wang4425', 'rdheer', 'perryem', 'cpamatma', 'jalalfarooka', 'biglera', 'srosoff', 'ebalevic', 'robbin40', 'carsonwilliams', 'ebarranc', 'bbutzow', 'zrnelson', 'lee3441', 'ajadalla', 'pzellerh', 'eaaltone', 'huan1534', 'chatte26', 'abaccar', 'mcclur26', 'efoesch', 'saraswanlund', 'hart136', 'will2060', 'jackwalsh2133', 'chris267', 'jasinghepraneel', 'viswan11', 'perez353', 'tneidlei', 'kapurdue20', 'tboerner', 'cdswank', 'evans412', 'shi522', 'marisol', 'bmoy9000', 'beelern', 'joshi146', 'zgeorgev', 'schellir', 'auagashe', 'amou', 'patrickcooney17', 'jasiankim8601', 'pbaugh', 'eerivona', 'hrumsey', 'alecsabia', 'yates40', 'swburkh123', 'eudell', 'kmccorry', None, 'mcatter', 'msabbagh', 'mgobry', 'sharm464', 'richa482', 'mdemarco210', 'achortos', 'lin1121']",280,"['aanil', 'valenci1', 'zh1806855308', 'mathury', 'colli291', 'ahaniyur', 'jdieffenbach1212', 'oshindel', 'john43', 'nlueck', 'avneesh123', 'fehr0', 'balaji26', 'tvrbanci', 'lyons78', 'emizhiri', 'hamil145', 'wang4340', 'lopez427', 'schul137', 'tndesai', 'piaow', 'hunt143', 'baconka', 'shjaffer', 'mai20', 'parkry', 'dillon45', 'adrianchen8662', 'lee3757', 'dgulewic', 'porte177', 'mlollino', 'vrangapr', 'ieckroth', 'greenerj', 'jniamtan', 'horton44', 'thoma682', 'capuano', 'ksyang', 'kim2896', 'tcroppe', 'jdustma', 'beckz', 'qlovejoy', 'xin16', 'clark765', 'nbobronn', 'haejik', 'edeyoun', 'davi1587', 'naveenvivek', 'obrie186', 'echattin', 'bkhaller', 'nganti', 'conwuche', 'lee3586', 'lotzj', 'mkumnoon', 'duggan1', 'sschluth', 'cferguss', 'yoon164', 'rrauer', 'aangolds', 'huan1543', 'agarw162', 'rarnholt', 'wagne291', 'ksnewcom', 'fan262', 'abdelane', 'hpavel', 'rseif', 'givenc', 'lannon', 'ikraft', 'nguye669', 'mitra30', 'tong89', 'ganesh24', 'ebregi', 'ishaanjthakur', 'greeder', 'jsohi', 'cdegnan', 'brow1633', 'cox304', 'mark27', 'thomp700', 'gnoel', 'mnd0831', 'jromalley44', 'brow1628', 'ntiwana', 'iaimiuwu', 'flatorre', 'zuo21', 'berger49', 'graha205', 'kmvose1', 'kurtz11', 'cartersjones7', 'rkoeiman', 'tobuchow', 'jrpare', 'jlieberm', 'rockeke', 'smit3776', 'wang4425', 'sriniv96', 'cstepher', 'kim3078', 'sands7', 'shettin', 'evigo', 'rdheer', 'cwichman', 'perryem', 'darrenmlie', 'agraw115', 'morton67', 'cpamatma', 'smit2922', 'simonz', 'lee3753', 'hwolff', 'aileenryan', 'dodd3', 'mrschiav', 'jalalfarooka', 'maladab', 'biglera', 'eschmelz', 'ahowse18', 'srosoff', 'ebalevic', 'dempseyl', 'robbin40', 'bobsitni', 'green381', 'carsonwilliams', 'ebarranc', 'bholtma', 'mgumin', 'bbutzow', 'jdobstaf', 'micahstevenst', 'zrnelson', 'lee3441', 'wu1800', 'ajadalla', 'reyno169', 'pzellerh', 'eaaltone', 'huan1534', 'ddirckse', 'chatte26', 'dfrohbe', 'abaccar', 'meyer355', 'kim2836', 'dtaveeva', 'mcclur26', 'efoesch', 'saraswanlund', 'gould27', 'pmaynard', 'hart136', 'will2060', 'jackwalsh2133', 'chris267', 'garimels', 'jasinghepraneel', 'keithpreston99', 'phill292', 'viswan11', 'vander11', 'raghurar', 'pmarcum', 'kdalkin', 'zderyke', 'pdogra', 'power105', 'avanhand', 'zhan3474', 'nmcnama', 'perez353', 'good27', 'lynch113', 'tneidlei', 'kapurdue20', 'tboerner', 'cdswank', 'tbagnoli', 'beemanj', 'hall657', 'meyer367', 'aprasan', 'evans412', 'ahliu', 'shi522', 'gonza508', 'mdavide', 'marisol', 'jameskrieg451', 'bmoy9000', 'apalermocollege', 'horgan', 'mcramerz', 'beelern', 'rsenapa', 'atakoch', 'joshi146', 'iybarra', 'bolinge0', 'moraz', 'zgeorgev', 'wakemanj', 'wild3', 'mkuether', 'houckc', 'malias', 'schellir', 'jhaehl', 'rseshadr24', 'lseidler', 'anuhyae', 'auagashe', 'lewis502', 'amou', 'patrickcooney17', 'barron22', 'jasiankim8601', 'jpetril', 'goldbe13', 'pbaugh', 'eerivona', 'hrumsey', 'alecsabia', 'msdhillo', 'yates40', 'ndegraaf', 'jarf99', 'bmsutter', 'capece', 'fung12', 'swburkh123', 'lchittur', 'eudell', 'trem431', 'kevancho', 'coolrock', 'akokal', 'vhaight', 'vlenzi', 'kmccorry', None, 'hannon5', 'mcatter', 'li3103', 'nmccarro', 'mathew71', 'crgomezt', 'msabbagh', 'mgobry', 'feng238', 'sharm464', 'saxena48', 'richa482', 'thomas847', 'mdemarco210', 'achortos', 'hajwani', 'lin1121', 'cchabria', 'park843', 'desai144']"
1,280,189,70,2,"['kim2836', 'cchabria']",187,"['aanil', 'valenci1', 'zh1806855308', 'ahaniyur', 'colli291', 'jdieffenbach1212', 'oshindel', 'john43', 'fehr0', 'lyons78', 'emizhiri', 'hamil145', 'wang4340', 'lopez427', 'schul137', 'tndesai', 'hunt143', 'baconka', 'shjaffer', 'mai20', 'parkry', 'dillon45', 'adrianchen8662', 'lee3757', 'dgulewic', 'porte177', 'ieckroth', 'greenerj', 'jniamtan', 'horton44', 'thoma682', 'capuano', 'ksyang', 'kim2896', 'tcroppe', 'jdustma', 'beckz', 'qlovejoy', 'xin16', 'nbobronn', 'edeyoun', 'davi1587', 'naveenvivek', 'obrie186', 'echattin', 'bkhaller', 'lotzj', 'duggan1', 'sschluth', 'cferguss', 'yoon164', 'rrauer', 'agarw162', 'rarnholt', 'wagne291', 'ksnewcom', 'fan262', 'abdelane', 'hpavel', 'desai144', 'givenc', 'lannon', 'nguye669', 'mitra30', 'tong89', 'greeder', 'jsohi', 'cdegnan', 'brow1633', 'mark27', 'thomp700', 'gnoel', 'jromalley44', 'brow1628', 'ntiwana', 'iaimiuwu', 'flatorre', 'zuo21', 'berger49', 'cartersjones7', 'rkoeiman', 'tobuchow', 'jlieberm', 'rockeke', 'sriniv96', 'cstepher', 'kim3078', 'sands7', 'shettin', 'evigo', 'cwichman', 'darrenmlie', 'agraw115', 'morton67', 'smit2922', 'simonz', 'lee3753', 'hwolff', 'aileenryan', 'dodd3', 'mrschiav', 'maladab', 'eschmelz', 'ahowse18', 'dempseyl', 'bobsitni', 'green381', 'bholtma', 'mgumin', 'jdobstaf', 'micahstevenst', 'wu1800', 'ddirckse', 'dfrohbe', 'meyer355', 'dtaveeva', 'gould27', 'pmaynard', 'garimels', 'keithpreston99', 'phill292', 'vander11', 'raghurar', 'pmarcum', 'kdalkin', 'zderyke', 'pdogra', 'power105', 'avanhand', 'zhan3474', 'nmcnama', 'good27', 'lynch113', 'tbagnoli', 'beemanj', 'hall657', 'meyer367', 'aprasan', 'ahliu', 'gonza508', 'mdavide', 'jameskrieg451', 'apalermocollege', 'horgan', 'mcramerz', 'rsenapa', 'atakoch', 'iybarra', 'bolinge0', 'moraz', 'wakemanj', 'wild3', 'mkuether', 'houckc', 'malias', 'jhaehl', 'rseshadr24', 'lseidler', 'anuhyae', 'lewis502', 'barron22', 'jpetril', 'goldbe13', 'msdhillo', 'ndegraaf', 'jarf99', 'bmsutter', 'capece', 'fung12', 'lchittur', 'trem431', 'kevancho', 'coolrock', 'akokal', 'vhaight', 'vlenzi', 'hannon5', 'li3103', 'nmccarro', 'mathew71', 'crgomezt', 'feng238', 'saxena48', 'thomas847', 'hajwani', 'park843', 'rseif']",68,"['lee3441', 'spivakm', 'jverduzc', 'mademoiselle0812', 'eaaltone', 'alafzi', 'snowling', 'solimana', 'mrgiglio', 'jwat', 'nlueck', 'paul115', 'tschoste', 'sharm524', 'mahdinanohub', 'zhan2846', 'wu1254', 'piaow', 'tmahlma', 'sulli256', 'nykiel.4', 'pbaugh', 'alecsabia', 'kumar534', 'ethan2', 'pmangana', 'chen2122', 'hgrennan', 'lucywagner', 'mart1282', 'vrangapr', 'rapplet', 'hill392', 'sawantk', 'psalek', 'jbarsima', 'reppertm', 'mcclurez', 'zhan4096', 'frankzhou', 'apunnamo', 'mishra94', 'hnowak', 'almarzoa', 'dfarache', 'reyno169', 'nganti', 'ltopliff', 'jmacatan', 'kmccorry', 'ahads', 'ercikan', 'marisol', None, 'milama', 'kumar477', 'lund3', 'pandes', 'gnishibu', 'hguangshuai', 'ramey10', 'darint916', 'singh606', 'joshi146', 'wishard', 'ryan103', 'aloysius', 'bbutzow']",257,"['aanil', 'valenci1', 'zh1806855308', 'colli291', 'ahaniyur', 'jdieffenbach1212', 'oshindel', 'john43', 'nlueck', 'fehr0', 'lyons78', 'mahdinanohub', 'emizhiri', 'zhan2846', 'wu1254', 'hamil145', 'wang4340', 'lopez427', 'schul137', 'tndesai', 'piaow', 'hunt143', 'baconka', 'shjaffer', 'mai20', 'parkry', 'dillon45', 'adrianchen8662', 'lee3757', 'dgulewic', 'porte177', 'chen2122', 'mart1282', 'vrangapr', 'ieckroth', 'greenerj', 'jniamtan', 'horton44', 'thoma682', 'capuano', 'ksyang', 'kim2896', 'tcroppe', 'jdustma', 'beckz', 'qlovejoy', 'xin16', 'frankzhou', 'nbobronn', 'dfarache', 'edeyoun', 'davi1587', 'naveenvivek', 'obrie186', 'echattin', 'bkhaller', 'reyno169', 'nganti', 'ltopliff', 'lotzj', 'duggan1', 'sschluth', 'cferguss', 'yoon164', 'rrauer', 'agarw162', 'rarnholt', 'wagne291', 'ksnewcom', 'fan262', 'abdelane', 'hpavel', 'rseif', 'jmacatan', 'givenc', 'lannon', 'nguye669', 'mitra30', 'tong89', 'spivakm', 'alafzi', 'greeder', 'jsohi', 'cdegnan', 'brow1633', 'mark27', 'thomp700', 'gnoel', 'jromalley44', 'brow1628', 'paul115', 'ntiwana', 'iaimiuwu', 'flatorre', 'zuo21', 'berger49', 'tmahlma', 'cartersjones7', 'rkoeiman', 'tobuchow', 'jlieberm', 'rockeke', 'sriniv96', 'cstepher', 'kumar534', 'kim3078', 'hgrennan', 'sands7', 'rapplet', 'shettin', 'evigo', 'cwichman', 'reppertm', 'darrenmlie', 'agraw115', 'morton67', 'apunnamo', 'smit2922', 'simonz', 'lee3753', 'hwolff', 'ercikan', 'aileenryan', 'dodd3', 'mrschiav', 'kumar477', 'maladab', 'gnishibu', 'eschmelz', 'darint916', 'ahowse18', 'dempseyl', 'bobsitni', 'green381', 'bholtma', 'mgumin', 'bbutzow', 'jdobstaf', 'micahstevenst', 'lee3441', 'wu1800', 'eaaltone', 'ddirckse', 'snowling', 'solimana', 'dfrohbe', 'meyer355', 'kim2836', 'dtaveeva', 'jwat', 'gould27', 'pmaynard', 'garimels', 'keithpreston99', 'phill292', 'vander11', 'raghurar', 'pmarcum', 'kdalkin', 'zderyke', 'pdogra', 'power105', 'avanhand', 'nykiel.4', 'pmangana', 'zhan3474', 'nmcnama', 'good27', 'lynch113', 'sawantk', 'psalek', 'jbarsima', 'mcclurez', 'tbagnoli', 'beemanj', 'hall657', 'meyer367', 'aprasan', 'hnowak', 'ahliu', 'almarzoa', 'gonza508', 'mdavide', 'marisol', 'jameskrieg451', 'milama', 'apalermocollege', 'horgan', 'mcramerz', 'lund3', 'pandes', 'rsenapa', 'atakoch', 'joshi146', 'iybarra', 'bolinge0', 'aloysius', 'moraz', 'wakemanj', 'jverduzc', 'mademoiselle0812', 'wild3', 'mkuether', 'mrgiglio', 'houckc', 'malias', 'jhaehl', 'rseshadr24', 'sharm524', 'tschoste', 'lseidler', 'anuhyae', 'lewis502', 'barron22', 'jpetril', 'sulli256', 'goldbe13', 'pbaugh', 'alecsabia', 'msdhillo', 'ethan2', 'ndegraaf', 'jarf99', 'lucywagner', 'hill392', 'bmsutter', 'capece', 'fung12', 'lchittur', 'trem431', 'kevancho', 'zhan4096', 'coolrock', 'akokal', 'mishra94', 'vhaight', 'vlenzi', 'wishard', 'kmccorry', 'ahads', 'hannon5', None, 'li3103', 'nmccarro', 'mathew71', 'crgomezt', 'hguangshuai', 'ramey10', 'feng238', 'saxena48', 'singh606', 'thomas847', 'hajwani', 'cchabria', 'ryan103', 'park843', 'desai144']"
1,181,189,57,1,['hall657'],188,"['aanil', 'valenci1', 'zh1806855308', 'ahaniyur', 'colli291', 'jdieffenbach1212', 'oshindel', 'john43', 'fehr0', 'lyons78', 'emizhiri', 'hamil145', 'wang4340', 'lopez427', 'schul137', 'tndesai', 'hunt143', 'baconka', 'shjaffer', 'mai20', 'parkry', 'dillon45', 'adrianchen8662', 'lee3757', 'dgulewic', 'porte177', 'ieckroth', 'greenerj', 'jniamtan', 'horton44', 'thoma682', 'capuano', 'ksyang', 'kim2896', 'tcroppe', 'jdustma', 'beckz', 'qlovejoy', 'xin16', 'nbobronn', 'edeyoun', 'davi1587', 'naveenvivek', 'obrie186', 'echattin', 'bkhaller', 'lotzj', 'duggan1', 'sschluth', 'cferguss', 'yoon164', 'rrauer', 'agarw162', 'rarnholt', 'wagne291', 'ksnewcom', 'fan262', 'abdelane', 'hpavel', 'desai144', 'givenc', 'lannon', 'nguye669', 'mitra30', 'tong89', 'greeder', 'jsohi', 'cdegnan', 'brow1633', 'mark27', 'thomp700', 'gnoel', 'jromalley44', 'brow1628', 'ntiwana', 'iaimiuwu', 'flatorre', 'zuo21', 'berger49', 'cartersjones7', 'rkoeiman', 'tobuchow', 'jlieberm', 'rockeke', 'sriniv96', 'cstepher', 'kim3078', 'sands7', 'shettin', 'evigo', 'cwichman', 'darrenmlie', 'agraw115', 'morton67', 'smit2922', 'simonz', 'lee3753', 'hwolff', 'aileenryan', 'dodd3', 'mrschiav', 'maladab', 'eschmelz', 'ahowse18', 'dempseyl', 'bobsitni', 'green381', 'bholtma', 'mgumin', 'jdobstaf', 'micahstevenst', 'wu1800', 'ddirckse', 'dfrohbe', 'meyer355', 'kim2836', 'dtaveeva', 'gould27', 'pmaynard', 'garimels', 'keithpreston99', 'phill292', 'vander11', 'raghurar', 'pmarcum', 'kdalkin', 'zderyke', 'pdogra', 'power105', 'avanhand', 'zhan3474', 'nmcnama', 'good27', 'lynch113', 'tbagnoli', 'beemanj', 'meyer367', 'aprasan', 'ahliu', 'gonza508', 'mdavide', 'jameskrieg451', 'apalermocollege', 'horgan', 'mcramerz', 'rsenapa', 'atakoch', 'iybarra', 'bolinge0', 'moraz', 'wakemanj', 'wild3', 'mkuether', 'houckc', 'malias', 'jhaehl', 'rseshadr24', 'lseidler', 'anuhyae', 'lewis502', 'barron22', 'jpetril', 'goldbe13', 'msdhillo', 'ndegraaf', 'jarf99', 'bmsutter', 'capece', 'fung12', 'lchittur', 'trem431', 'kevancho', 'coolrock', 'akokal', 'vhaight', 'vlenzi', 'hannon5', 'li3103', 'nmccarro', 'mathew71', 'crgomezt', 'feng238', 'saxena48', 'thomas847', 'hajwani', 'cchabria', 'park843', 'rseif']",56,"['cbrelje', 'axewarrior', 'ckniffen', 'panditm', 'eric52689', 'jnickla', 'jglane', 'ericshuisyy', 'aattanas', 'kim3432', 'obishopdwenger', 'chong50', 'shafaat.saud', 'lancefernandes13', 'jabirbin', 'davidparoda8', 'bennett.adcock', 'mart1787', 'abukhater', 'sahanathota24', 'tan350', 'rdonoghu', 'braun62', 'eilersbe001', 'anthonyyijiang', 'gmacraes', 'hsu196', 'liu2595', 'spartanpanda.hs', 'elkins15', 'pveluri', 'pkolady', 'mozlu', 'li1897', 'jcapuzzi', 'bmavreno', 'malfaili', None, 'tmurarka', 'ramkumaa', 'phill225', 'dparoda', 'mtsysin', 'leung55', 'wang4878', 'jensen56', 'beelern', 'cthode', 'damshel', 'king492', 'jschweit', 'rspilker', 'jzullo', 'yang1991', 'shah123', 'ande1083']",245,"['aanil', 'valenci1', 'cbrelje', 'axewarrior', 'zh1806855308', 'colli291', 'ahaniyur', 'jdieffenbach1212', 'oshindel', 'john43', 'jglane', 'ericshuisyy', 'fehr0', 'kim3432', 'lyons78', 'emizhiri', 'obishopdwenger', 'hamil145', 'wang4340', 'lopez427', 'schul137', 'tndesai', 'shafaat.saud', 'hunt143', 'baconka', 'shjaffer', 'mai20', 'sahanathota24', 'parkry', 'dillon45', 'adrianchen8662', 'lee3757', 'dgulewic', 'porte177', 'braun62', 'spartanpanda.hs', 'ieckroth', 'greenerj', 'jniamtan', 'horton44', 'thoma682', 'capuano', 'elkins15', 'ksyang', 'kim2896', 'tcroppe', 'jdustma', 'beckz', 'qlovejoy', 'xin16', 'jcapuzzi', 'nbobronn', 'edeyoun', 'davi1587', 'naveenvivek', 'obrie186', 'echattin', 'bkhaller', 'dparoda', 'lotzj', 'duggan1', 'sschluth', 'cferguss', 'yoon164', 'rrauer', 'jensen56', 'damshel', 'king492', 'agarw162', 'rarnholt', 'wagne291', 'ksnewcom', 'fan262', 'abdelane', 'hpavel', 'rseif', 'givenc', 'yang1991', 'lannon', 'nguye669', 'mitra30', 'tong89', 'greeder', 'jsohi', 'cdegnan', 'brow1633', 'mark27', 'thomp700', 'gnoel', 'jromalley44', 'brow1628', 'ntiwana', 'iaimiuwu', 'chong50', 'flatorre', 'davidparoda8', 'zuo21', 'berger49', 'jabirbin', 'cartersjones7', 'rkoeiman', 'tobuchow', 'jlieberm', 'rockeke', 'sriniv96', 'cstepher', 'anthonyyijiang', 'kim3078', 'sands7', 'liu2595', 'shettin', 'evigo', 'cwichman', 'darrenmlie', 'agraw115', 'morton67', 'mozlu', 'smit2922', 'simonz', 'lee3753', 'hwolff', 'aileenryan', 'tmurarka', 'ramkumaa', 'dodd3', 'mrschiav', 'mtsysin', 'maladab', 'eschmelz', 'ahowse18', 'cthode', 'dempseyl', 'bobsitni', 'green381', 'bholtma', 'mgumin', 'jdobstaf', 'micahstevenst', 'wu1800', 'ddirckse', 'ckniffen', 'panditm', 'dfrohbe', 'meyer355', 'kim2836', 'dtaveeva', 'gould27', 'aattanas', 'pmaynard', 'garimels', 'keithpreston99', 'bennett.adcock', 'phill292', 'mart1787', 'vander11', 'raghurar', 'pmarcum', 'kdalkin', 'zderyke', 'pdogra', 'power105', 'avanhand', 'abukhater', 'eilersbe001', 'gmacraes', 'zhan3474', 'nmcnama', 'good27', 'lynch113', 'pkolady', 'tbagnoli', 'beemanj', 'hall657', 'meyer367', 'aprasan', 'ahliu', 'phill225', 'gonza508', 'mdavide', 'jameskrieg451', 'leung55', 'apalermocollege', 'horgan', 'mcramerz', 'beelern', 'rsenapa', 'atakoch', 'jschweit', 'iybarra', 'bolinge0', 'moraz', 'wakemanj', 'wild3', 'mkuether', 'eric52689', 'jnickla', 'houckc', 'malias', 'jhaehl', 'rseshadr24', 'lseidler', 'anuhyae', 'lancefernandes13', 'lewis502', 'barron22', 'tan350', 'rdonoghu', 'jpetril', 'goldbe13', 'msdhillo', 'ndegraaf', 'hsu196', 'jarf99', 'bmsutter', 'capece', 'fung12', 'lchittur', 'trem431', 'pveluri', 'kevancho', 'coolrock', 'akokal', 'li1897', 'vhaight', 'vlenzi', 'bmavreno', 'malfaili', None, 'hannon5', 'li3103', 'nmccarro', 'mathew71', 'crgomezt', 'wang4878', 'feng238', 'saxena48', 'thomas847', 'rspilker', 'hajwani', 'cchabria', 'jzullo', 'park843', 'shah123', 'ande1083', 'desai144']"
1,275,189,49,2,"['emizhiri', 'atakoch']",187,"['aanil', 'valenci1', 'zh1806855308', 'ahaniyur', 'colli291', 'jdieffenbach1212', 'oshindel', 'john43', 'fehr0', 'lyons78', 'hamil145', 'wang4340', 'lopez427', 'schul137', 'tndesai', 'hunt143', 'baconka', 'shjaffer', 'mai20', 'parkry', 'dillon45', 'adrianchen8662', 'lee3757', 'dgulewic', 'porte177', 'ieckroth', 'greenerj', 'jniamtan', 'horton44', 'thoma682', 'capuano', 'ksyang', 'kim2896', 'tcroppe', 'jdustma', 'beckz', 'qlovejoy', 'xin16', 'nbobronn', 'edeyoun', 'davi1587', 'naveenvivek', 'obrie186', 'echattin', 'bkhaller', 'lotzj', 'duggan1', 'sschluth', 'cferguss', 'yoon164', 'rrauer', 'agarw162', 'rarnholt', 'wagne291', 'ksnewcom', 'fan262', 'abdelane', 'hpavel', 'desai144', 'givenc', 'lannon', 'nguye669', 'mitra30', 'tong89', 'greeder', 'jsohi', 'cdegnan', 'brow1633', 'mark27', 'thomp700', 'gnoel', 'jromalley44', 'brow1628', 'ntiwana', 'iaimiuwu', 'flatorre', 'zuo21', 'berger49', 'cartersjones7', 'rkoeiman', 'tobuchow', 'jlieberm', 'rockeke', 'sriniv96', 'cstepher', 'kim3078', 'sands7', 'shettin', 'evigo', 'cwichman', 'darrenmlie', 'agraw115', 'morton67', 'smit2922', 'simonz', 'lee3753', 'hwolff', 'aileenryan', 'dodd3', 'mrschiav', 'maladab', 'eschmelz', 'ahowse18', 'dempseyl', 'bobsitni', 'green381', 'bholtma', 'mgumin', 'jdobstaf', 'micahstevenst', 'wu1800', 'ddirckse', 'dfrohbe', 'meyer355', 'kim2836', 'dtaveeva', 'gould27', 'pmaynard', 'garimels', 'keithpreston99', 'phill292', 'vander11', 'raghurar', 'pmarcum', 'kdalkin', 'zderyke', 'pdogra', 'power105', 'avanhand', 'zhan3474', 'nmcnama', 'good27', 'lynch113', 'tbagnoli', 'beemanj', 'hall657', 'meyer367', 'aprasan', 'ahliu', 'gonza508', 'mdavide', 'jameskrieg451', 'apalermocollege', 'horgan', 'mcramerz', 'rsenapa', 'iybarra', 'bolinge0', 'moraz', 'wakemanj', 'wild3', 'mkuether', 'houckc', 'malias', 'jhaehl', 'rseshadr24', 'lseidler', 'anuhyae', 'lewis502', 'barron22', 'jpetril', 'goldbe13', 'msdhillo', 'ndegraaf', 'jarf99', 'bmsutter', 'capece', 'fung12', 'lchittur', 'trem431', 'kevancho', 'coolrock', 'akokal', 'vhaight', 'vlenzi', 'hannon5', 'li3103', 'nmccarro', 'mathew71', 'crgomezt', 'feng238', 'saxena48', 'thomas847', 'hajwani', 'cchabria', 'park843', 'rseif']",47,"['jverduzc', 'faltens', 'ubajwa', 'mademoiselle0812', 'alafzi', 'snowling', 'coverstr', 'efoesch', 'paul115', 'woods158', 'lawren83', 'nandya', 'wdrakas', 'sulli256', 'nykiel.4', 'fixa', 'ethan2', 'dmoebius', 'pmangana', 'hgrennan', 'hill392', 'rapplet', 'jwaimin', 'bowerp', 'hoodjd', 'psalek', 'jbarsima', 'naik26', 'reppertm', 'mcclurez', 'ticody', 'zhan4096', 'frankzhou', 'geakins', 'pai15', 'mishra94', 'ahads', None, 'knordyke', 'gnishibu', 'pnagrani', 'darint916', 'abhivictor2', 'iyer95', 'aloysius', 'perrinm', 'yjzhuang5']",236,"['aanil', 'valenci1', 'faltens', 'ubajwa', 'zh1806855308', 'colli291', 'ahaniyur', 'jdieffenbach1212', 'oshindel', 'john43', 'fehr0', 'lyons78', 'emizhiri', 'hamil145', 'wang4340', 'lopez427', 'schul137', 'tndesai', 'lawren83', 'hunt143', 'baconka', 'shjaffer', 'mai20', 'parkry', 'dillon45', 'adrianchen8662', 'lee3757', 'dgulewic', 'porte177', 'fixa', 'ieckroth', 'greenerj', 'jniamtan', 'horton44', 'thoma682', 'capuano', 'ksyang', 'kim2896', 'tcroppe', 'jdustma', 'beckz', 'qlovejoy', 'xin16', 'frankzhou', 'nbobronn', 'edeyoun', 'davi1587', 'naveenvivek', 'obrie186', 'echattin', 'bkhaller', 'lotzj', 'duggan1', 'sschluth', 'cferguss', 'yoon164', 'rrauer', 'agarw162', 'rarnholt', 'wagne291', 'ksnewcom', 'fan262', 'abdelane', 'hpavel', 'rseif', 'givenc', 'lannon', 'perrinm', 'nguye669', 'mitra30', 'tong89', 'alafzi', 'greeder', 'jsohi', 'cdegnan', 'brow1633', 'mark27', 'thomp700', 'gnoel', 'jromalley44', 'brow1628', 'paul115', 'ntiwana', 'iaimiuwu', 'flatorre', 'zuo21', 'berger49', 'cartersjones7', 'rkoeiman', 'tobuchow', 'jlieberm', 'rockeke', 'sriniv96', 'cstepher', 'kim3078', 'hgrennan', 'sands7', 'rapplet', 'shettin', 'evigo', 'cwichman', 'reppertm', 'darrenmlie', 'agraw115', 'morton67', 'smit2922', 'simonz', 'lee3753', 'hwolff', 'aileenryan', 'dodd3', 'mrschiav', 'maladab', 'gnishibu', 'eschmelz', 'pnagrani', 'darint916', 'ahowse18', 'dempseyl', 'bobsitni', 'green381', 'iyer95', 'bholtma', 'mgumin', 'coverstr', 'jdobstaf', 'micahstevenst', 'wu1800', 'ddirckse', 'snowling', 'dfrohbe', 'meyer355', 'kim2836', 'dtaveeva', 'efoesch', 'gould27', 'pmaynard', 'garimels', 'keithpreston99', 'phill292', 'vander11', 'raghurar', 'pmarcum', 'kdalkin', 'zderyke', 'pdogra', 'power105', 'avanhand', 'nandya', 'nykiel.4', 'dmoebius', 'pmangana', 'zhan3474', 'nmcnama', 'jwaimin', 'bowerp', 'good27', 'lynch113', 'hoodjd', 'psalek', 'jbarsima', 'naik26', 'mcclurez', 'ticody', 'tbagnoli', 'geakins', 'beemanj', 'hall657', 'meyer367', 'aprasan', 'ahliu', 'gonza508', 'mdavide', 'knordyke', 'jameskrieg451', 'apalermocollege', 'horgan', 'mcramerz', 'rsenapa', 'atakoch', 'iybarra', 'bolinge0', 'aloysius', 'moraz', 'wakemanj', 'jverduzc', 'mademoiselle0812', 'wild3', 'mkuether', 'houckc', 'malias', 'jhaehl', 'rseshadr24', 'lseidler', 'woods158', 'anuhyae', 'lewis502', 'barron22', 'jpetril', 'wdrakas', 'sulli256', 'goldbe13', 'msdhillo', 'ethan2', 'ndegraaf', 'jarf99', 'hill392', 'bmsutter', 'capece', 'fung12', 'lchittur', 'trem431', 'kevancho', 'zhan4096', 'coolrock', 'akokal', 'pai15', 'mishra94', 'vhaight', 'vlenzi', 'ahads', 'hannon5', None, 'li3103', 'nmccarro', 'mathew71', 'crgomezt', 'feng238', 'saxena48', 'abhivictor2', 'thomas847', 'hajwani', 'cchabria', 'park843', 'yjzhuang5', 'desai144']"
1,619,189,45,34,"['greeder', 'kim2836', 'malias', 'fehr0', 'lyons78', 'anuhyae', 'cartersjones7', 'vander11', 'adrianchen8662', 'avanhand', 'cstepher', 'kim3078', 'lynch113', 'jniamtan', 'darrenmlie', 'agraw115', 'kim2896', 'tcroppe', 'jdustma', 'tbagnoli', 'beckz', 'vhaight', 'vlenzi', 'nbobronn', 'hwolff', 'smit2922', 'hannon5', 'echattin', 'li3103', 'dodd3', 'feng238', 'agarw162', 'dempseyl', 'hpavel']",155,"['aanil', 'valenci1', 'zh1806855308', 'colli291', 'ahaniyur', 'jdieffenbach1212', 'oshindel', 'john43', 'emizhiri', 'hamil145', 'wang4340', 'lopez427', 'schul137', 'tndesai', 'hunt143', 'baconka', 'shjaffer', 'mai20', 'parkry', 'dillon45', 'lee3757', 'dgulewic', 'porte177', 'ieckroth', 'greenerj', 'horton44', 'thoma682', 'capuano', 'ksyang', 'qlovejoy', 'xin16', 'edeyoun', 'davi1587', 'naveenvivek', 'obrie186', 'bkhaller', 'lotzj', 'duggan1', 'sschluth', 'cferguss', 'yoon164', 'rrauer', 'rarnholt', 'wagne291', 'ksnewcom', 'fan262', 'abdelane', 'rseif', 'givenc', 'lannon', 'nguye669', 'mitra30', 'tong89', 'jsohi', 'cdegnan', 'brow1633', 'mark27', 'thomp700', 'gnoel', 'jromalley44', 'brow1628', 'ntiwana', 'iaimiuwu', 'flatorre', 'zuo21', 'berger49', 'rkoeiman', 'tobuchow', 'jlieberm', 'rockeke', 'sriniv96', 'sands7', 'shettin', 'evigo', 'cwichman', 'morton67', 'simonz', 'lee3753', 'aileenryan', 'mrschiav', 'maladab', 'eschmelz', 'ahowse18', 'bobsitni', 'green381', 'bholtma', 'mgumin', 'jdobstaf', 'micahstevenst', 'wu1800', 'ddirckse', 'dfrohbe', 'meyer355', 'dtaveeva', 'gould27', 'pmaynard', 'garimels', 'keithpreston99', 'phill292', 'raghurar', 'pmarcum', 'kdalkin', 'zderyke', 'pdogra', 'power105', 'zhan3474', 'nmcnama', 'good27', 'beemanj', 'hall657', 'meyer367', 'aprasan', 'ahliu', 'gonza508', 'mdavide', 'jameskrieg451', 'apalermocollege', 'horgan', 'mcramerz', 'rsenapa', 'atakoch', 'iybarra', 'bolinge0', 'moraz', 'wakemanj', 'wild3', 'mkuether', 'houckc', 'jhaehl', 'rseshadr24', 'lseidler', 'lewis502', 'barron22', 'jpetril', 'goldbe13', 'msdhillo', 'ndegraaf', 'jarf99', 'bmsutter', 'capece', 'fung12', 'lchittur', 'trem431', 'kevancho', 'coolrock', 'akokal', 'nmccarro', 'mathew71', 'crgomezt', 'saxena48', 'thomas847', 'hajwani', 'cchabria', 'park843', 'desai144']",11,"['zhan4094', 'lmciner', 'christer913', 'nzurchin', 'ctroth', 'gregor54', 'omalle10', 'shen544', 'vasilj', None, 'alexandervanhandel']",200,"['aanil', 'valenci1', 'zh1806855308', 'colli291', 'ahaniyur', 'jdieffenbach1212', 'christer913', 'oshindel', 'john43', 'fehr0', 'lyons78', 'emizhiri', 'hamil145', 'wang4340', 'lopez427', 'schul137', 'tndesai', 'hunt143', 'baconka', 'shjaffer', 'mai20', 'parkry', 'dillon45', 'adrianchen8662', 'lee3757', 'dgulewic', 'porte177', 'ieckroth', 'greenerj', 'jniamtan', 'horton44', 'thoma682', 'capuano', 'ksyang', 'kim2896', 'tcroppe', 'jdustma', 'beckz', 'qlovejoy', 'xin16', 'nbobronn', 'edeyoun', 'davi1587', 'naveenvivek', 'obrie186', 'echattin', 'bkhaller', 'lotzj', 'duggan1', 'sschluth', 'cferguss', 'yoon164', 'rrauer', 'agarw162', 'rarnholt', 'wagne291', 'ksnewcom', 'fan262', 'abdelane', 'hpavel', 'rseif', 'givenc', 'lannon', 'nguye669', 'alexandervanhandel', 'mitra30', 'tong89', 'greeder', 'jsohi', 'cdegnan', 'brow1633', 'mark27', 'thomp700', 'gnoel', 'ctroth', 'jromalley44', 'brow1628', 'ntiwana', 'iaimiuwu', 'flatorre', 'zuo21', 'berger49', 'cartersjones7', 'rkoeiman', 'tobuchow', 'jlieberm', 'rockeke', 'sriniv96', 'cstepher', 'kim3078', 'sands7', 'shettin', 'evigo', 'cwichman', 'darrenmlie', 'agraw115', 'morton67', 'smit2922', 'simonz', 'lee3753', 'hwolff', 'aileenryan', 'dodd3', 'mrschiav', 'maladab', 'eschmelz', 'ahowse18', 'dempseyl', 'bobsitni', 'green381', 'bholtma', 'mgumin', 'jdobstaf', 'micahstevenst', 'wu1800', 'ddirckse', 'dfrohbe', 'meyer355', 'kim2836', 'dtaveeva', 'gould27', 'pmaynard', 'garimels', 'keithpreston99', 'phill292', 'vander11', 'raghurar', 'pmarcum', 'kdalkin', 'zderyke', 'pdogra', 'power105', 'avanhand', 'zhan3474', 'nmcnama', 'good27', 'lynch113', 'tbagnoli', 'beemanj', 'hall657', 'meyer367', 'aprasan', 'ahliu', 'shen544', 'gonza508', 'mdavide', 'jameskrieg451', 'apalermocollege', 'horgan', 'mcramerz', 'rsenapa', 'atakoch', 'omalle10', 'iybarra', 'bolinge0', 'moraz', 'zhan4094', 'wakemanj', 'wild3', 'mkuether', 'houckc', 'malias', 'jhaehl', 'rseshadr24', 'lseidler', 'anuhyae', 'lewis502', 'barron22', 'jpetril', 'goldbe13', 'nzurchin', 'msdhillo', 'gregor54', 'ndegraaf', 'jarf99', 'bmsutter', 'capece', 'fung12', 'lchittur', 'trem431', 'kevancho', 'coolrock', 'akokal', 'vhaight', 'vlenzi', 'vasilj', None, 'hannon5', 'li3103', 'nmccarro', 'mathew71', 'crgomezt', 'lmciner', 'feng238', 'saxena48', 'thomas847', 'hajwani', 'cchabria', 'park843', 'desai144']"
1,375,189,43,34,"['ahaniyur', 'greeder', 'kim2836', 'malias', 'fehr0', 'jromalley44', 'lyons78', 'anuhyae', 'cartersjones7', 'vander11', 'cstepher', 'kim3078', 'good27', 'lynch113', 'jniamtan', 'darrenmlie', 'kim2896', 'tcroppe', 'jdustma', 'tbagnoli', 'beckz', 'vhaight', 'vlenzi', 'nbobronn', 'hwolff', 'hannon5', 'echattin', 'li3103', 'dodd3', 'mcramerz', 'feng238', 'rsenapa', 'agarw162', 'hpavel']",155,"['aanil', 'valenci1', 'zh1806855308', 'colli291', 'jdieffenbach1212', 'oshindel', 'john43', 'emizhiri', 'hamil145', 'wang4340', 'lopez427', 'schul137', 'tndesai', 'hunt143', 'baconka', 'shjaffer', 'mai20', 'parkry', 'dillon45', 'adrianchen8662', 'lee3757', 'dgulewic', 'porte177', 'ieckroth', 'greenerj', 'horton44', 'thoma682', 'capuano', 'ksyang', 'qlovejoy', 'xin16', 'edeyoun', 'davi1587', 'naveenvivek', 'obrie186', 'bkhaller', 'lotzj', 'duggan1', 'sschluth', 'cferguss', 'yoon164', 'rrauer', 'rarnholt', 'wagne291', 'ksnewcom', 'fan262', 'abdelane', 'rseif', 'givenc', 'lannon', 'nguye669', 'mitra30', 'tong89', 'jsohi', 'cdegnan', 'brow1633', 'mark27', 'thomp700', 'gnoel', 'brow1628', 'ntiwana', 'iaimiuwu', 'flatorre', 'zuo21', 'berger49', 'rkoeiman', 'tobuchow', 'jlieberm', 'rockeke', 'sriniv96', 'sands7', 'shettin', 'evigo', 'cwichman', 'agraw115', 'morton67', 'smit2922', 'simonz', 'lee3753', 'aileenryan', 'mrschiav', 'maladab', 'eschmelz', 'ahowse18', 'dempseyl', 'bobsitni', 'green381', 'bholtma', 'mgumin', 'jdobstaf', 'micahstevenst', 'wu1800', 'ddirckse', 'dfrohbe', 'meyer355', 'dtaveeva', 'gould27', 'pmaynard', 'garimels', 'keithpreston99', 'phill292', 'raghurar', 'pmarcum', 'kdalkin', 'zderyke', 'pdogra', 'power105', 'avanhand', 'zhan3474', 'nmcnama', 'beemanj', 'hall657', 'meyer367', 'aprasan', 'ahliu', 'gonza508', 'mdavide', 'jameskrieg451', 'apalermocollege', 'horgan', 'atakoch', 'iybarra', 'bolinge0', 'moraz', 'wakemanj', 'wild3', 'mkuether', 'houckc', 'jhaehl', 'rseshadr24', 'lseidler', 'lewis502', 'barron22', 'jpetril', 'goldbe13', 'msdhillo', 'ndegraaf', 'jarf99', 'bmsutter', 'capece', 'fung12', 'lchittur', 'trem431', 'kevancho', 'coolrock', 'akokal', 'nmccarro', 'mathew71', 'crgomezt', 'saxena48', 'thomas847', 'hajwani', 'cchabria', 'park843', 'desai144']",9,"['zhan4094', 'mart1852', 'lmciner', 'green338', 'huan1626', 'ctroth', 'gregor54', None, 'vuong0']",198,"['aanil', 'valenci1', 'zh1806855308', 'colli291', 'ahaniyur', 'jdieffenbach1212', 'oshindel', 'john43', 'fehr0', 'lyons78', 'emizhiri', 'hamil145', 'wang4340', 'lopez427', 'schul137', 'tndesai', 'hunt143', 'baconka', 'shjaffer', 'mai20', 'parkry', 'dillon45', 'adrianchen8662', 'lee3757', 'dgulewic', 'porte177', 'ieckroth', 'greenerj', 'jniamtan', 'horton44', 'thoma682', 'capuano', 'ksyang', 'kim2896', 'tcroppe', 'jdustma', 'beckz', 'qlovejoy', 'xin16', 'nbobronn', 'edeyoun', 'davi1587', 'naveenvivek', 'obrie186', 'echattin', 'bkhaller', 'lotzj', 'duggan1', 'sschluth', 'cferguss', 'yoon164', 'rrauer', 'agarw162', 'rarnholt', 'wagne291', 'ksnewcom', 'fan262', 'abdelane', 'hpavel', 'rseif', 'givenc', 'lannon', 'nguye669', 'mitra30', 'tong89', 'greeder', 'jsohi', 'cdegnan', 'brow1633', 'mark27', 'thomp700', 'gnoel', 'ctroth', 'jromalley44', 'brow1628', 'ntiwana', 'iaimiuwu', 'flatorre', 'zuo21', 'berger49', 'cartersjones7', 'rkoeiman', 'tobuchow', 'jlieberm', 'rockeke', 'sriniv96', 'cstepher', 'kim3078', 'sands7', 'vuong0', 'shettin', 'evigo', 'cwichman', 'darrenmlie', 'agraw115', 'morton67', 'smit2922', 'simonz', 'lee3753', 'hwolff', 'aileenryan', 'dodd3', 'mrschiav', 'maladab', 'eschmelz', 'ahowse18', 'dempseyl', 'bobsitni', 'green381', 'bholtma', 'mgumin', 'jdobstaf', 'micahstevenst', 'wu1800', 'mart1852', 'ddirckse', 'dfrohbe', 'meyer355', 'kim2836', 'dtaveeva', 'gould27', 'pmaynard', 'garimels', 'keithpreston99', 'phill292', 'vander11', 'raghurar', 'pmarcum', 'kdalkin', 'zderyke', 'pdogra', 'power105', 'avanhand', 'huan1626', 'zhan3474', 'nmcnama', 'good27', 'lynch113', 'tbagnoli', 'beemanj', 'hall657', 'meyer367', 'aprasan', 'ahliu', 'gonza508', 'mdavide', 'jameskrieg451', 'apalermocollege', 'horgan', 'mcramerz', 'rsenapa', 'atakoch', 'green338', 'iybarra', 'bolinge0', 'moraz', 'zhan4094', 'wakemanj', 'wild3', 'mkuether', 'houckc', 'malias', 'jhaehl', 'rseshadr24', 'lseidler', 'anuhyae', 'lewis502', 'barron22', 'jpetril', 'goldbe13', 'msdhillo', 'gregor54', 'ndegraaf', 'jarf99', 'bmsutter', 'capece', 'fung12', 'lchittur', 'trem431', 'kevancho', 'coolrock', 'akokal', 'vhaight', 'vlenzi', None, 'hannon5', 'li3103', 'nmccarro', 'mathew71', 'crgomezt', 'lmciner', 'feng238', 'saxena48', 'thomas847', 'hajwani', 'cchabria', 'park843', 'desai144']"
1,401,189,40,29,"['greeder', 'malias', 'fehr0', 'lyons78', 'anuhyae', 'cartersjones7', 'avanhand', 'cstepher', 'kim3078', 'good27', 'jniamtan', 'darrenmlie', 'tcroppe', 'tbagnoli', 'beckz', 'vhaight', 'vlenzi', 'nbobronn', 'hwolff', 'smit2922', 'hannon5', 'echattin', 'li3103', 'dodd3', 'mcramerz', 'feng238', 'saxena48', 'dempseyl', 'hpavel']",160,"['aanil', 'valenci1', 'zh1806855308', 'colli291', 'ahaniyur', 'jdieffenbach1212', 'oshindel', 'john43', 'emizhiri', 'hamil145', 'wang4340', 'lopez427', 'schul137', 'tndesai', 'hunt143', 'baconka', 'shjaffer', 'mai20', 'parkry', 'dillon45', 'adrianchen8662', 'lee3757', 'dgulewic', 'porte177', 'ieckroth', 'greenerj', 'horton44', 'thoma682', 'capuano', 'ksyang', 'kim2896', 'jdustma', 'qlovejoy', 'xin16', 'edeyoun', 'davi1587', 'naveenvivek', 'obrie186', 'bkhaller', 'lotzj', 'duggan1', 'sschluth', 'cferguss', 'yoon164', 'rrauer', 'agarw162', 'rarnholt', 'wagne291', 'ksnewcom', 'fan262', 'abdelane', 'rseif', 'givenc', 'lannon', 'nguye669', 'mitra30', 'tong89', 'jsohi', 'cdegnan', 'brow1633', 'mark27', 'thomp700', 'gnoel', 'jromalley44', 'brow1628', 'ntiwana', 'iaimiuwu', 'flatorre', 'zuo21', 'berger49', 'rkoeiman', 'tobuchow', 'jlieberm', 'rockeke', 'sriniv96', 'sands7', 'shettin', 'evigo', 'cwichman', 'agraw115', 'morton67', 'simonz', 'lee3753', 'aileenryan', 'mrschiav', 'maladab', 'eschmelz', 'ahowse18', 'bobsitni', 'green381', 'bholtma', 'mgumin', 'jdobstaf', 'micahstevenst', 'wu1800', 'ddirckse', 'dfrohbe', 'meyer355', 'kim2836', 'dtaveeva', 'gould27', 'pmaynard', 'garimels', 'keithpreston99', 'phill292', 'vander11', 'raghurar', 'pmarcum', 'kdalkin', 'zderyke', 'pdogra', 'power105', 'zhan3474', 'nmcnama', 'lynch113', 'beemanj', 'hall657', 'meyer367', 'aprasan', 'ahliu', 'gonza508', 'mdavide', 'jameskrieg451', 'apalermocollege', 'horgan', 'rsenapa', 'atakoch', 'iybarra', 'bolinge0', 'moraz', 'wakemanj', 'wild3', 'mkuether', 'houckc', 'jhaehl', 'rseshadr24', 'lseidler', 'lewis502', 'barron22', 'jpetril', 'goldbe13', 'msdhillo', 'ndegraaf', 'jarf99', 'bmsutter', 'capece', 'fung12', 'lchittur', 'trem431', 'kevancho', 'coolrock', 'akokal', 'nmccarro', 'mathew71', 'crgomezt', 'thomas847', 'hajwani', 'cchabria', 'park843', 'desai144']",11,"['greent513', 'brasmuse', 'katha', 'christer913', 'huan1626', 'ctroth', 'nzurchin', 'gregor54', 'shen544', None, 'chi77233']",200,"['aanil', 'valenci1', 'zh1806855308', 'colli291', 'ahaniyur', 'jdieffenbach1212', 'christer913', 'oshindel', 'john43', 'fehr0', 'lyons78', 'emizhiri', 'hamil145', 'wang4340', 'lopez427', 'schul137', 'tndesai', 'hunt143', 'baconka', 'shjaffer', 'mai20', 'parkry', 'dillon45', 'adrianchen8662', 'lee3757', 'dgulewic', 'porte177', 'ieckroth', 'greenerj', 'jniamtan', 'horton44', 'thoma682', 'capuano', 'ksyang', 'kim2896', 'tcroppe', 'jdustma', 'beckz', 'qlovejoy', 'xin16', 'nbobronn', 'edeyoun', 'davi1587', 'naveenvivek', 'obrie186', 'echattin', 'bkhaller', 'lotzj', 'duggan1', 'sschluth', 'cferguss', 'yoon164', 'rrauer', 'agarw162', 'rarnholt', 'wagne291', 'ksnewcom', 'fan262', 'abdelane', 'hpavel', 'rseif', 'givenc', 'lannon', 'nguye669', 'mitra30', 'tong89', 'greeder', 'jsohi', 'cdegnan', 'brow1633', 'mark27', 'thomp700', 'gnoel', 'ctroth', 'jromalley44', 'brow1628', 'ntiwana', 'iaimiuwu', 'flatorre', 'zuo21', 'berger49', 'cartersjones7', 'rkoeiman', 'tobuchow', 'jlieberm', 'rockeke', 'sriniv96', 'cstepher', 'kim3078', 'sands7', 'shettin', 'evigo', 'cwichman', 'darrenmlie', 'agraw115', 'morton67', 'smit2922', 'simonz', 'lee3753', 'hwolff', 'aileenryan', 'dodd3', 'mrschiav', 'maladab', 'eschmelz', 'ahowse18', 'dempseyl', 'bobsitni', 'green381', 'bholtma', 'mgumin', 'jdobstaf', 'micahstevenst', 'greent513', 'wu1800', 'ddirckse', 'dfrohbe', 'meyer355', 'kim2836', 'dtaveeva', 'gould27', 'pmaynard', 'garimels', 'keithpreston99', 'phill292', 'vander11', 'raghurar', 'pmarcum', 'kdalkin', 'zderyke', 'pdogra', 'power105', 'avanhand', 'huan1626', 'zhan3474', 'nmcnama', 'good27', 'lynch113', 'tbagnoli', 'beemanj', 'hall657', 'meyer367', 'aprasan', 'ahliu', 'shen544', 'gonza508', 'mdavide', 'jameskrieg451', 'apalermocollege', 'horgan', 'mcramerz', 'rsenapa', 'atakoch', 'iybarra', 'bolinge0', 'moraz', 'wakemanj', 'wild3', 'mkuether', 'katha', 'houckc', 'malias', 'jhaehl', 'rseshadr24', 'lseidler', 'anuhyae', 'chi77233', 'lewis502', 'brasmuse', 'barron22', 'jpetril', 'goldbe13', 'nzurchin', 'msdhillo', 'gregor54', 'ndegraaf', 'jarf99', 'bmsutter', 'capece', 'fung12', 'lchittur', 'trem431', 'kevancho', 'coolrock', 'akokal', 'vhaight', 'vlenzi', None, 'hannon5', 'li3103', 'nmccarro', 'mathew71', 'crgomezt', 'feng238', 'saxena48', 'thomas847', 'hajwani', 'cchabria', 'park843', 'desai144']"
1,445,189,38,24,"['dtaveeva', 'rseshadr24', 'ntiwana', 'flatorre', 'zuo21', 'baconka', 'tobuchow', 'lee3757', 'porte177', 'msdhillo', 'lynch113', 'lchittur', 'hall657', 'simonz', 'ahliu', 'lee3753', 'edeyoun', 'naveenvivek', 'crgomezt', 'iybarra', 'green381', 'bolinge0', 'mgumin', 'moraz']",165,"['aanil', 'valenci1', 'zh1806855308', 'colli291', 'ahaniyur', 'jdieffenbach1212', 'oshindel', 'john43', 'fehr0', 'lyons78', 'emizhiri', 'hamil145', 'wang4340', 'lopez427', 'schul137', 'tndesai', 'hunt143', 'shjaffer', 'mai20', 'parkry', 'dillon45', 'adrianchen8662', 'dgulewic', 'ieckroth', 'greenerj', 'jniamtan', 'horton44', 'thoma682', 'capuano', 'ksyang', 'kim2896', 'tcroppe', 'jdustma', 'beckz', 'qlovejoy', 'xin16', 'nbobronn', 'davi1587', 'obrie186', 'echattin', 'bkhaller', 'lotzj', 'duggan1', 'sschluth', 'cferguss', 'yoon164', 'rrauer', 'agarw162', 'rarnholt', 'wagne291', 'ksnewcom', 'fan262', 'abdelane', 'hpavel', 'rseif', 'givenc', 'lannon', 'nguye669', 'mitra30', 'tong89', 'greeder', 'jsohi', 'cdegnan', 'brow1633', 'mark27', 'thomp700', 'gnoel', 'jromalley44', 'brow1628', 'iaimiuwu', 'berger49', 'cartersjones7', 'rkoeiman', 'jlieberm', 'rockeke', 'sriniv96', 'cstepher', 'kim3078', 'sands7', 'shettin', 'evigo', 'cwichman', 'darrenmlie', 'agraw115', 'morton67', 'smit2922', 'hwolff', 'aileenryan', 'dodd3', 'mrschiav', 'maladab', 'eschmelz', 'ahowse18', 'dempseyl', 'bobsitni', 'bholtma', 'jdobstaf', 'micahstevenst', 'wu1800', 'ddirckse', 'dfrohbe', 'meyer355', 'kim2836', 'gould27', 'pmaynard', 'garimels', 'keithpreston99', 'phill292', 'vander11', 'raghurar', 'pmarcum', 'kdalkin', 'zderyke', 'pdogra', 'power105', 'avanhand', 'zhan3474', 'nmcnama', 'good27', 'tbagnoli', 'beemanj', 'meyer367', 'aprasan', 'gonza508', 'mdavide', 'jameskrieg451', 'apalermocollege', 'horgan', 'mcramerz', 'rsenapa', 'atakoch', 'wakemanj', 'wild3', 'mkuether', 'houckc', 'malias', 'jhaehl', 'lseidler', 'anuhyae', 'lewis502', 'barron22', 'jpetril', 'goldbe13', 'ndegraaf', 'jarf99', 'bmsutter', 'capece', 'fung12', 'trem431', 'kevancho', 'coolrock', 'akokal', 'vhaight', 'vlenzi', 'hannon5', 'li3103', 'nmccarro', 'mathew71', 'feng238', 'saxena48', 'thomas847', 'hajwani', 'cchabria', 'park843', 'desai144']",14,"['wang4250', 'herna438', 'smitkpd', 'gradyr', 'aedupuga', 'beelern', 'rradules', 'alanchi2003', 'peter621', 'iwolson', 'zikriaanwarzai', 'boesk', None, 'mehta152']",203,"['aanil', 'valenci1', 'zh1806855308', 'colli291', 'ahaniyur', 'jdieffenbach1212', 'oshindel', 'john43', 'alanchi2003', 'fehr0', 'lyons78', 'emizhiri', 'hamil145', 'wang4340', 'lopez427', 'schul137', 'tndesai', 'hunt143', 'baconka', 'shjaffer', 'mai20', 'parkry', 'dillon45', 'adrianchen8662', 'lee3757', 'dgulewic', 'porte177', 'boesk', 'ieckroth', 'greenerj', 'jniamtan', 'horton44', 'thoma682', 'capuano', 'ksyang', 'kim2896', 'tcroppe', 'jdustma', 'beckz', 'qlovejoy', 'xin16', 'nbobronn', 'edeyoun', 'davi1587', 'naveenvivek', 'obrie186', 'echattin', 'bkhaller', 'mehta152', 'lotzj', 'duggan1', 'sschluth', 'cferguss', 'yoon164', 'rrauer', 'agarw162', 'rarnholt', 'wagne291', 'ksnewcom', 'fan262', 'abdelane', 'hpavel', 'rseif', 'givenc', 'lannon', 'nguye669', 'mitra30', 'tong89', 'greeder', 'jsohi', 'cdegnan', 'brow1633', 'mark27', 'thomp700', 'gnoel', 'jromalley44', 'brow1628', 'ntiwana', 'zikriaanwarzai', 'iaimiuwu', 'flatorre', 'zuo21', 'berger49', 'cartersjones7', 'rkoeiman', 'tobuchow', 'jlieberm', 'rockeke', 'sriniv96', 'cstepher', 'kim3078', 'sands7', 'shettin', 'evigo', 'herna438', 'cwichman', 'darrenmlie', 'agraw115', 'morton67', 'smit2922', 'simonz', 'lee3753', 'hwolff', 'aileenryan', 'dodd3', 'mrschiav', 'maladab', 'eschmelz', 'ahowse18', 'dempseyl', 'bobsitni', 'green381', 'bholtma', 'mgumin', 'jdobstaf', 'micahstevenst', 'wu1800', 'ddirckse', 'rradules', 'dfrohbe', 'meyer355', 'kim2836', 'dtaveeva', 'gould27', 'iwolson', 'pmaynard', 'garimels', 'keithpreston99', 'phill292', 'smitkpd', 'vander11', 'raghurar', 'pmarcum', 'kdalkin', 'zderyke', 'pdogra', 'power105', 'avanhand', 'aedupuga', 'zhan3474', 'nmcnama', 'good27', 'lynch113', 'gradyr', 'tbagnoli', 'beemanj', 'hall657', 'meyer367', 'aprasan', 'ahliu', 'gonza508', 'mdavide', 'jameskrieg451', 'apalermocollege', 'horgan', 'mcramerz', 'beelern', 'rsenapa', 'atakoch', 'iybarra', 'peter621', 'bolinge0', 'moraz', 'wakemanj', 'wild3', 'mkuether', 'houckc', 'malias', 'jhaehl', 'rseshadr24', 'lseidler', 'anuhyae', 'wang4250', 'lewis502', 'barron22', 'jpetril', 'goldbe13', 'msdhillo', 'ndegraaf', 'jarf99', 'bmsutter', 'capece', 'fung12', 'lchittur', 'trem431', 'kevancho', 'coolrock', 'akokal', 'vhaight', 'vlenzi', None, 'hannon5', 'li3103', 'nmccarro', 'mathew71', 'crgomezt', 'feng238', 'saxena48', 'thomas847', 'hajwani', 'cchabria', 'park843', 'desai144']"
1,399,189,36,6,"['mrschiav', 'baconka', 'jameskrieg451', 'greenerj', 'parkry', 'brow1628']",183,"['aanil', 'valenci1', 'zh1806855308', 'colli291', 'ahaniyur', 'jdieffenbach1212', 'oshindel', 'john43', 'fehr0', 'lyons78', 'emizhiri', 'hamil145', 'wang4340', 'lopez427', 'schul137', 'tndesai', 'hunt143', 'shjaffer', 'mai20', 'dillon45', 'adrianchen8662', 'lee3757', 'dgulewic', 'porte177', 'ieckroth', 'jniamtan', 'horton44', 'thoma682', 'capuano', 'ksyang', 'kim2896', 'tcroppe', 'jdustma', 'beckz', 'qlovejoy', 'xin16', 'nbobronn', 'edeyoun', 'davi1587', 'naveenvivek', 'obrie186', 'echattin', 'bkhaller', 'lotzj', 'duggan1', 'sschluth', 'cferguss', 'yoon164', 'rrauer', 'agarw162', 'rarnholt', 'wagne291', 'ksnewcom', 'fan262', 'abdelane', 'hpavel', 'rseif', 'givenc', 'lannon', 'nguye669', 'mitra30', 'tong89', 'greeder', 'jsohi', 'cdegnan', 'brow1633', 'mark27', 'thomp700', 'gnoel', 'jromalley44', 'ntiwana', 'iaimiuwu', 'flatorre', 'zuo21', 'berger49', 'cartersjones7', 'rkoeiman', 'tobuchow', 'jlieberm', 'rockeke', 'sriniv96', 'cstepher', 'kim3078', 'sands7', 'shettin', 'evigo', 'cwichman', 'darrenmlie', 'agraw115', 'morton67', 'smit2922', 'simonz', 'lee3753', 'hwolff', 'aileenryan', 'dodd3', 'maladab', 'eschmelz', 'ahowse18', 'dempseyl', 'bobsitni', 'green381', 'bholtma', 'mgumin', 'jdobstaf', 'micahstevenst', 'wu1800', 'ddirckse', 'dfrohbe', 'meyer355', 'kim2836', 'dtaveeva', 'gould27', 'pmaynard', 'garimels', 'keithpreston99', 'phill292', 'vander11', 'raghurar', 'pmarcum', 'kdalkin', 'zderyke', 'pdogra', 'power105', 'avanhand', 'zhan3474', 'nmcnama', 'good27', 'lynch113', 'tbagnoli', 'beemanj', 'hall657', 'meyer367', 'aprasan', 'ahliu', 'gonza508', 'mdavide', 'apalermocollege', 'horgan', 'mcramerz', 'rsenapa', 'atakoch', 'iybarra', 'bolinge0', 'moraz', 'wakemanj', 'wild3', 'mkuether', 'houckc', 'malias', 'jhaehl', 'rseshadr24', 'lseidler', 'anuhyae', 'lewis502', 'barron22', 'jpetril', 'goldbe13', 'msdhillo', 'ndegraaf', 'jarf99', 'bmsutter', 'capece', 'fung12', 'lchittur', 'trem431', 'kevancho', 'coolrock', 'akokal', 'vhaight', 'vlenzi', 'hannon5', 'li3103', 'nmccarro', 'mathew71', 'crgomezt', 'feng238', 'saxena48', 'thomas847', 'hajwani', 'cchabria', 'park843', 'desai144']",30,"['tchen135', 'charin', 'arora112', 'rubenmendia', 'ctroth', 'zikriaanwarzai', 'amarkert', 'azareei', 'brasmuse', 'npearlst', 'huan1626', 'jhstegma', 'amckibbe', 'boesk', 'cmehan', 'herna438', 'tdeucher', 'nborina', 'dunca108', 'rfranco', 'oelsher', 'shen544', 'goyal55', 'ding284', None, 'kmlennox', 'eberly0', 'mtbailey', 'kong94', 'kansara']",219,"['aanil', 'valenci1', 'zh1806855308', 'colli291', 'ahaniyur', 'jdieffenbach1212', 'oshindel', 'john43', 'fehr0', 'lyons78', 'emizhiri', 'hamil145', 'wang4340', 'lopez427', 'schul137', 'tndesai', 'hunt143', 'baconka', 'shjaffer', 'mai20', 'parkry', 'dillon45', 'adrianchen8662', 'lee3757', 'dgulewic', 'porte177', 'jhstegma', 'amckibbe', 'boesk', 'ieckroth', 'greenerj', 'jniamtan', 'horton44', 'thoma682', 'capuano', 'ksyang', 'kim2896', 'tcroppe', 'jdustma', 'beckz', 'qlovejoy', 'xin16', 'nbobronn', 'edeyoun', 'davi1587', 'naveenvivek', 'obrie186', 'echattin', 'bkhaller', 'lotzj', 'duggan1', 'sschluth', 'cferguss', 'yoon164', 'rrauer', 'kmlennox', 'agarw162', 'rarnholt', 'wagne291', 'ksnewcom', 'fan262', 'abdelane', 'hpavel', 'rseif', 'givenc', 'lannon', 'nguye669', 'mitra30', 'tong89', 'tchen135', 'kansara', 'greeder', 'jsohi', 'cdegnan', 'brow1633', 'mark27', 'thomp700', 'gnoel', 'ctroth', 'jromalley44', 'brow1628', 'ntiwana', 'zikriaanwarzai', 'iaimiuwu', 'flatorre', 'zuo21', 'berger49', 'cartersjones7', 'rkoeiman', 'tobuchow', 'jlieberm', 'rockeke', 'npearlst', 'sriniv96', 'cstepher', 'kim3078', 'sands7', 'shettin', 'evigo', 'herna438', 'cwichman', 'tdeucher', 'nborina', 'darrenmlie', 'agraw115', 'morton67', 'smit2922', 'simonz', 'lee3753', 'hwolff', 'goyal55', 'aileenryan', 'dodd3', 'mrschiav', 'maladab', 'eschmelz', 'ahowse18', 'dempseyl', 'bobsitni', 'green381', 'bholtma', 'mgumin', 'jdobstaf', 'micahstevenst', 'charin', 'wu1800', 'arora112', 'ddirckse', 'rubenmendia', 'dfrohbe', 'meyer355', 'kim2836', 'dtaveeva', 'gould27', 'pmaynard', 'amarkert', 'garimels', 'keithpreston99', 'azareei', 'phill292', 'vander11', 'raghurar', 'pmarcum', 'kdalkin', 'zderyke', 'pdogra', 'power105', 'avanhand', 'huan1626', 'zhan3474', 'nmcnama', 'cmehan', 'good27', 'lynch113', 'dunca108', 'rfranco', 'tbagnoli', 'beemanj', 'hall657', 'meyer367', 'aprasan', 'oelsher', 'ahliu', 'shen544', 'ding284', 'gonza508', 'mdavide', 'jameskrieg451', 'apalermocollege', 'horgan', 'mcramerz', 'eberly0', 'rsenapa', 'atakoch', 'mtbailey', 'iybarra', 'bolinge0', 'moraz', 'wakemanj', 'wild3', 'mkuether', 'houckc', 'malias', 'jhaehl', 'rseshadr24', 'lseidler', 'anuhyae', 'lewis502', 'brasmuse', 'barron22', 'jpetril', 'goldbe13', 'msdhillo', 'ndegraaf', 'jarf99', 'bmsutter', 'capece', 'fung12', 'lchittur', 'trem431', 'kevancho', 'coolrock', 'akokal', 'vhaight', 'vlenzi', None, 'hannon5', 'li3103', 'nmccarro', 'mathew71', 'crgomezt', 'feng238', 'saxena48', 'thomas847', 'hajwani', 'kong94', 'cchabria', 'park843', 'desai144']"
1,381,189,33,24,"['greeder', 'lyons78', 'anuhyae', 'cartersjones7', 'vander11', 'good27', 'jniamtan', 'kim2896', 'tcroppe', 'beckz', 'vhaight', 'vlenzi', 'nbobronn', 'smit2922', 'hannon5', 'echattin', 'li3103', 'dodd3', 'mcramerz', 'feng238', 'rsenapa', 'saxena48', 'dempseyl', 'hpavel']",165,"['aanil', 'valenci1', 'zh1806855308', 'colli291', 'ahaniyur', 'jdieffenbach1212', 'oshindel', 'john43', 'fehr0', 'emizhiri', 'hamil145', 'wang4340', 'lopez427', 'schul137', 'tndesai', 'hunt143', 'baconka', 'shjaffer', 'mai20', 'parkry', 'dillon45', 'adrianchen8662', 'lee3757', 'dgulewic', 'porte177', 'ieckroth', 'greenerj', 'horton44', 'thoma682', 'capuano', 'ksyang', 'jdustma', 'qlovejoy', 'xin16', 'edeyoun', 'davi1587', 'naveenvivek', 'obrie186', 'bkhaller', 'lotzj', 'duggan1', 'sschluth', 'cferguss', 'yoon164', 'rrauer', 'agarw162', 'rarnholt', 'wagne291', 'ksnewcom', 'fan262', 'abdelane', 'rseif', 'givenc', 'lannon', 'nguye669', 'mitra30', 'tong89', 'jsohi', 'cdegnan', 'brow1633', 'mark27', 'thomp700', 'gnoel', 'jromalley44', 'brow1628', 'ntiwana', 'iaimiuwu', 'flatorre', 'zuo21', 'berger49', 'rkoeiman', 'tobuchow', 'jlieberm', 'rockeke', 'sriniv96', 'cstepher', 'kim3078', 'sands7', 'shettin', 'evigo', 'cwichman', 'darrenmlie', 'agraw115', 'morton67', 'simonz', 'lee3753', 'hwolff', 'aileenryan', 'mrschiav', 'maladab', 'eschmelz', 'ahowse18', 'bobsitni', 'green381', 'bholtma', 'mgumin', 'jdobstaf', 'micahstevenst', 'wu1800', 'ddirckse', 'dfrohbe', 'meyer355', 'kim2836', 'dtaveeva', 'gould27', 'pmaynard', 'garimels', 'keithpreston99', 'phill292', 'raghurar', 'pmarcum', 'kdalkin', 'zderyke', 'pdogra', 'power105', 'avanhand', 'zhan3474', 'nmcnama', 'lynch113', 'tbagnoli', 'beemanj', 'hall657', 'meyer367', 'aprasan', 'ahliu', 'gonza508', 'mdavide', 'jameskrieg451', 'apalermocollege', 'horgan', 'atakoch', 'iybarra', 'bolinge0', 'moraz', 'wakemanj', 'wild3', 'mkuether', 'houckc', 'malias', 'jhaehl', 'rseshadr24', 'lseidler', 'lewis502', 'barron22', 'jpetril', 'goldbe13', 'msdhillo', 'ndegraaf', 'jarf99', 'bmsutter', 'capece', 'fung12', 'lchittur', 'trem431', 'kevancho', 'coolrock', 'akokal', 'nmccarro', 'mathew71', 'crgomezt', 'thomas847', 'hajwani', 'cchabria', 'park843', 'desai144']",9,"['lmciner', 'katha', 'christer913', 'huan1626', 'ctroth', 'rtischl', None, 'vuong0', 'chi77233']",198,"['aanil', 'valenci1', 'zh1806855308', 'colli291', 'ahaniyur', 'jdieffenbach1212', 'christer913', 'oshindel', 'john43', 'fehr0', 'lyons78', 'emizhiri', 'hamil145', 'wang4340', 'lopez427', 'schul137', 'tndesai', 'hunt143', 'baconka', 'shjaffer', 'mai20', 'parkry', 'dillon45', 'adrianchen8662', 'lee3757', 'dgulewic', 'porte177', 'ieckroth', 'greenerj', 'jniamtan', 'horton44', 'thoma682', 'capuano', 'ksyang', 'kim2896', 'tcroppe', 'jdustma', 'beckz', 'qlovejoy', 'xin16', 'nbobronn', 'rtischl', 'edeyoun', 'davi1587', 'naveenvivek', 'obrie186', 'echattin', 'bkhaller', 'lotzj', 'duggan1', 'sschluth', 'cferguss', 'yoon164', 'rrauer', 'agarw162', 'rarnholt', 'wagne291', 'ksnewcom', 'fan262', 'abdelane', 'hpavel', 'rseif', 'givenc', 'lannon', 'nguye669', 'mitra30', 'tong89', 'greeder', 'jsohi', 'cdegnan', 'brow1633', 'mark27', 'thomp700', 'gnoel', 'ctroth', 'jromalley44', 'brow1628', 'ntiwana', 'iaimiuwu', 'flatorre', 'zuo21', 'berger49', 'cartersjones7', 'rkoeiman', 'tobuchow', 'jlieberm', 'rockeke', 'sriniv96', 'cstepher', 'kim3078', 'sands7', 'vuong0', 'shettin', 'evigo', 'cwichman', 'darrenmlie', 'agraw115', 'morton67', 'smit2922', 'simonz', 'lee3753', 'hwolff', 'aileenryan', 'dodd3', 'mrschiav', 'maladab', 'eschmelz', 'ahowse18', 'dempseyl', 'bobsitni', 'green381', 'bholtma', 'mgumin', 'jdobstaf', 'micahstevenst', 'wu1800', 'ddirckse', 'dfrohbe', 'meyer355', 'kim2836', 'dtaveeva', 'gould27', 'pmaynard', 'garimels', 'keithpreston99', 'phill292', 'vander11', 'raghurar', 'pmarcum', 'kdalkin', 'zderyke', 'pdogra', 'power105', 'avanhand', 'huan1626', 'zhan3474', 'nmcnama', 'good27', 'lynch113', 'tbagnoli', 'beemanj', 'hall657', 'meyer367', 'aprasan', 'ahliu', 'gonza508', 'mdavide', 'jameskrieg451', 'apalermocollege', 'horgan', 'mcramerz', 'rsenapa', 'atakoch', 'iybarra', 'bolinge0', 'moraz', 'wakemanj', 'wild3', 'mkuether', 'katha', 'houckc', 'malias', 'jhaehl', 'rseshadr24', 'lseidler', 'anuhyae', 'chi77233', 'lewis502', 'barron22', 'jpetril', 'goldbe13', 'msdhillo', 'ndegraaf', 'jarf99', 'bmsutter', 'capece', 'fung12', 'lchittur', 'trem431', 'kevancho', 'coolrock', 'akokal', 'vhaight', 'vlenzi', None, 'hannon5', 'li3103', 'nmccarro', 'mathew71', 'crgomezt', 'lmciner', 'feng238', 'saxena48', 'thomas847', 'hajwani', 'cchabria', 'park843', 'desai144']"
1,379,189,32,18,"['gonza508', 'mdavide', 'hunt143', 'lynch113', 'capece', 'crgomezt', 'apalermocollege', 'jsohi', 'bholtma', 'dtaveeva', 'morton67', 'cstepher', 'hall657', 'xin16', 'bobsitni', 'ntiwana', 'givenc', 'edeyoun']",171,"['aanil', 'valenci1', 'zh1806855308', 'colli291', 'ahaniyur', 'jdieffenbach1212', 'oshindel', 'john43', 'fehr0', 'lyons78', 'emizhiri', 'hamil145', 'wang4340', 'lopez427', 'schul137', 'tndesai', 'baconka', 'shjaffer', 'mai20', 'parkry', 'dillon45', 'adrianchen8662', 'lee3757', 'dgulewic', 'porte177', 'ieckroth', 'greenerj', 'jniamtan', 'horton44', 'thoma682', 'capuano', 'ksyang', 'kim2896', 'tcroppe', 'jdustma', 'beckz', 'qlovejoy', 'nbobronn', 'davi1587', 'naveenvivek', 'obrie186', 'echattin', 'bkhaller', 'lotzj', 'duggan1', 'sschluth', 'cferguss', 'yoon164', 'rrauer', 'agarw162', 'rarnholt', 'wagne291', 'ksnewcom', 'fan262', 'abdelane', 'hpavel', 'rseif', 'lannon', 'nguye669', 'mitra30', 'tong89', 'greeder', 'cdegnan', 'brow1633', 'mark27', 'thomp700', 'gnoel', 'jromalley44', 'brow1628', 'iaimiuwu', 'flatorre', 'zuo21', 'berger49', 'cartersjones7', 'rkoeiman', 'tobuchow', 'jlieberm', 'rockeke', 'sriniv96', 'kim3078', 'sands7', 'shettin', 'evigo', 'cwichman', 'darrenmlie', 'agraw115', 'smit2922', 'simonz', 'lee3753', 'hwolff', 'aileenryan', 'dodd3', 'mrschiav', 'maladab', 'eschmelz', 'ahowse18', 'dempseyl', 'green381', 'mgumin', 'jdobstaf', 'micahstevenst', 'wu1800', 'ddirckse', 'dfrohbe', 'meyer355', 'kim2836', 'gould27', 'pmaynard', 'garimels', 'keithpreston99', 'phill292', 'vander11', 'raghurar', 'pmarcum', 'kdalkin', 'zderyke', 'pdogra', 'power105', 'avanhand', 'zhan3474', 'nmcnama', 'good27', 'tbagnoli', 'beemanj', 'meyer367', 'aprasan', 'ahliu', 'jameskrieg451', 'horgan', 'mcramerz', 'rsenapa', 'atakoch', 'iybarra', 'bolinge0', 'moraz', 'wakemanj', 'wild3', 'mkuether', 'houckc', 'malias', 'jhaehl', 'rseshadr24', 'lseidler', 'anuhyae', 'lewis502', 'barron22', 'jpetril', 'goldbe13', 'msdhillo', 'ndegraaf', 'jarf99', 'bmsutter', 'fung12', 'lchittur', 'trem431', 'kevancho', 'coolrock', 'akokal', 'vhaight', 'vlenzi', 'hannon5', 'li3103', 'nmccarro', 'mathew71', 'feng238', 'saxena48', 'thomas847', 'hajwani', 'cchabria', 'park843', 'desai144']",14,"['tamnuaik', 'herna438', 'gradyr', 'asbehere', 'beelern', 'rradules', 'eberly0', 'nmarcelo', 'zapata1', 'iwolson', 'zikriaanwarzai', 'boesk', None, 'mnietova']",203,"['aanil', 'valenci1', 'tamnuaik', 'zh1806855308', 'colli291', 'ahaniyur', 'jdieffenbach1212', 'oshindel', 'john43', 'fehr0', 'lyons78', 'emizhiri', 'hamil145', 'wang4340', 'lopez427', 'schul137', 'tndesai', 'hunt143', 'baconka', 'shjaffer', 'mai20', 'parkry', 'dillon45', 'adrianchen8662', 'lee3757', 'dgulewic', 'porte177', 'boesk', 'ieckroth', 'greenerj', 'jniamtan', 'horton44', 'thoma682', 'capuano', 'ksyang', 'kim2896', 'tcroppe', 'jdustma', 'beckz', 'qlovejoy', 'xin16', 'nbobronn', 'edeyoun', 'davi1587', 'naveenvivek', 'obrie186', 'echattin', 'bkhaller', 'lotzj', 'duggan1', 'sschluth', 'cferguss', 'yoon164', 'rrauer', 'agarw162', 'rarnholt', 'wagne291', 'ksnewcom', 'fan262', 'abdelane', 'hpavel', 'rseif', 'givenc', 'lannon', 'nguye669', 'mitra30', 'tong89', 'greeder', 'jsohi', 'cdegnan', 'brow1633', 'mark27', 'thomp700', 'gnoel', 'jromalley44', 'brow1628', 'ntiwana', 'zikriaanwarzai', 'iaimiuwu', 'flatorre', 'zuo21', 'berger49', 'cartersjones7', 'rkoeiman', 'tobuchow', 'jlieberm', 'rockeke', 'sriniv96', 'cstepher', 'kim3078', 'sands7', 'shettin', 'evigo', 'herna438', 'cwichman', 'darrenmlie', 'agraw115', 'morton67', 'smit2922', 'simonz', 'lee3753', 'hwolff', 'aileenryan', 'dodd3', 'mrschiav', 'maladab', 'asbehere', 'eschmelz', 'ahowse18', 'dempseyl', 'zapata1', 'bobsitni', 'green381', 'bholtma', 'mgumin', 'jdobstaf', 'micahstevenst', 'wu1800', 'ddirckse', 'rradules', 'dfrohbe', 'meyer355', 'kim2836', 'dtaveeva', 'gould27', 'iwolson', 'pmaynard', 'garimels', 'keithpreston99', 'phill292', 'vander11', 'raghurar', 'pmarcum', 'kdalkin', 'zderyke', 'pdogra', 'power105', 'avanhand', 'zhan3474', 'nmcnama', 'good27', 'lynch113', 'gradyr', 'tbagnoli', 'beemanj', 'hall657', 'meyer367', 'aprasan', 'ahliu', 'gonza508', 'mdavide', 'jameskrieg451', 'apalermocollege', 'horgan', 'mcramerz', 'beelern', 'eberly0', 'rsenapa', 'atakoch', 'iybarra', 'bolinge0', 'moraz', 'wakemanj', 'wild3', 'mkuether', 'houckc', 'malias', 'jhaehl', 'rseshadr24', 'lseidler', 'mnietova', 'anuhyae', 'lewis502', 'barron22', 'jpetril', 'goldbe13', 'msdhillo', 'ndegraaf', 'jarf99', 'bmsutter', 'capece', 'fung12', 'lchittur', 'trem431', 'kevancho', 'coolrock', 'akokal', 'vhaight', 'vlenzi', 'nmarcelo', None, 'hannon5', 'li3103', 'nmccarro', 'mathew71', 'crgomezt', 'feng238', 'saxena48', 'thomas847', 'hajwani', 'cchabria', 'park843', 'desai144']"
1,153,189,31,20,"['zh1806855308', 'jdieffenbach1212', 'oshindel', 'thomp700', 'jhaehl', 'lyons78', 'berger49', 'barron22', 'tobuchow', 'dgulewic', 'ksyang', 'hall657', 'ahliu', 'gonza508', 'mathew71', 'yoon164', 'wagne291', 'fan262', 'park843', 'nguye669']",169,"['aanil', 'valenci1', 'colli291', 'ahaniyur', 'john43', 'fehr0', 'emizhiri', 'hamil145', 'wang4340', 'lopez427', 'schul137', 'tndesai', 'hunt143', 'baconka', 'shjaffer', 'mai20', 'parkry', 'dillon45', 'adrianchen8662', 'lee3757', 'porte177', 'ieckroth', 'greenerj', 'jniamtan', 'horton44', 'thoma682', 'capuano', 'kim2896', 'tcroppe', 'jdustma', 'beckz', 'qlovejoy', 'xin16', 'nbobronn', 'edeyoun', 'davi1587', 'naveenvivek', 'obrie186', 'echattin', 'bkhaller', 'lotzj', 'duggan1', 'sschluth', 'cferguss', 'rrauer', 'agarw162', 'rarnholt', 'ksnewcom', 'abdelane', 'hpavel', 'rseif', 'givenc', 'lannon', 'mitra30', 'tong89', 'greeder', 'jsohi', 'cdegnan', 'brow1633', 'mark27', 'gnoel', 'jromalley44', 'brow1628', 'ntiwana', 'iaimiuwu', 'flatorre', 'zuo21', 'cartersjones7', 'rkoeiman', 'jlieberm', 'rockeke', 'sriniv96', 'cstepher', 'kim3078', 'sands7', 'shettin', 'evigo', 'cwichman', 'darrenmlie', 'agraw115', 'morton67', 'smit2922', 'simonz', 'lee3753', 'hwolff', 'aileenryan', 'dodd3', 'mrschiav', 'maladab', 'eschmelz', 'ahowse18', 'dempseyl', 'bobsitni', 'green381', 'bholtma', 'mgumin', 'jdobstaf', 'micahstevenst', 'wu1800', 'ddirckse', 'dfrohbe', 'meyer355', 'kim2836', 'dtaveeva', 'gould27', 'pmaynard', 'garimels', 'keithpreston99', 'phill292', 'vander11', 'raghurar', 'pmarcum', 'kdalkin', 'zderyke', 'pdogra', 'power105', 'avanhand', 'zhan3474', 'nmcnama', 'good27', 'lynch113', 'tbagnoli', 'beemanj', 'meyer367', 'aprasan', 'mdavide', 'jameskrieg451', 'apalermocollege', 'horgan', 'mcramerz', 'rsenapa', 'atakoch', 'iybarra', 'bolinge0', 'moraz', 'wakemanj', 'wild3', 'mkuether', 'houckc', 'malias', 'rseshadr24', 'lseidler', 'anuhyae', 'lewis502', 'jpetril', 'goldbe13', 'msdhillo', 'ndegraaf', 'jarf99', 'bmsutter', 'capece', 'fung12', 'lchittur', 'trem431', 'kevancho', 'coolrock', 'akokal', 'vhaight', 'vlenzi', 'hannon5', 'li3103', 'nmccarro', 'crgomezt', 'feng238', 'saxena48', 'thomas847', 'hajwani', 'cchabria', 'desai144']",11,"['lee1012', 'arayapro', 'sjw961117', 'suh47', 'beelern', 'kganbold', 'wdrakas', 'mehta152', 'chi58', 'peter621', None]",200,"['aanil', 'valenci1', 'zh1806855308', 'colli291', 'ahaniyur', 'jdieffenbach1212', 'oshindel', 'john43', 'fehr0', 'lyons78', 'emizhiri', 'hamil145', 'wang4340', 'lopez427', 'schul137', 'tndesai', 'hunt143', 'baconka', 'shjaffer', 'mai20', 'parkry', 'dillon45', 'adrianchen8662', 'lee3757', 'dgulewic', 'porte177', 'chi58', 'ieckroth', 'sjw961117', 'greenerj', 'jniamtan', 'horton44', 'thoma682', 'capuano', 'ksyang', 'kim2896', 'tcroppe', 'jdustma', 'beckz', 'qlovejoy', 'xin16', 'nbobronn', 'edeyoun', 'davi1587', 'naveenvivek', 'obrie186', 'echattin', 'bkhaller', 'mehta152', 'lotzj', 'duggan1', 'sschluth', 'cferguss', 'yoon164', 'rrauer', 'agarw162', 'rarnholt', 'wagne291', 'ksnewcom', 'fan262', 'abdelane', 'hpavel', 'rseif', 'givenc', 'lannon', 'nguye669', 'mitra30', 'tong89', 'greeder', 'jsohi', 'cdegnan', 'brow1633', 'mark27', 'thomp700', 'gnoel', 'jromalley44', 'brow1628', 'ntiwana', 'iaimiuwu', 'flatorre', 'zuo21', 'berger49', 'lee1012', 'cartersjones7', 'rkoeiman', 'tobuchow', 'jlieberm', 'rockeke', 'sriniv96', 'cstepher', 'kim3078', 'sands7', 'shettin', 'evigo', 'cwichman', 'darrenmlie', 'agraw115', 'kganbold', 'morton67', 'smit2922', 'simonz', 'lee3753', 'hwolff', 'aileenryan', 'dodd3', 'mrschiav', 'maladab', 'eschmelz', 'ahowse18', 'dempseyl', 'bobsitni', 'green381', 'bholtma', 'mgumin', 'jdobstaf', 'micahstevenst', 'wu1800', 'ddirckse', 'dfrohbe', 'meyer355', 'kim2836', 'dtaveeva', 'gould27', 'pmaynard', 'garimels', 'keithpreston99', 'phill292', 'vander11', 'raghurar', 'pmarcum', 'kdalkin', 'zderyke', 'pdogra', 'power105', 'avanhand', 'zhan3474', 'nmcnama', 'good27', 'lynch113', 'tbagnoli', 'beemanj', 'hall657', 'meyer367', 'aprasan', 'ahliu', 'gonza508', 'mdavide', 'jameskrieg451', 'apalermocollege', 'horgan', 'mcramerz', 'beelern', 'rsenapa', 'atakoch', 'iybarra', 'peter621', 'bolinge0', 'moraz', 'wakemanj', 'wild3', 'mkuether', 'houckc', 'malias', 'jhaehl', 'rseshadr24', 'lseidler', 'anuhyae', 'lewis502', 'barron22', 'jpetril', 'wdrakas', 'goldbe13', 'msdhillo', 'ndegraaf', 'jarf99', 'bmsutter', 'capece', 'fung12', 'lchittur', 'trem431', 'kevancho', 'coolrock', 'akokal', 'vhaight', 'vlenzi', None, 'hannon5', 'li3103', 'nmccarro', 'mathew71', 'arayapro', 'suh47', 'crgomezt', 'feng238', 'saxena48', 'thomas847', 'hajwani', 'cchabria', 'park843', 'desai144']"
1,151,189,29,12,"['gonza508', 'berger49', 'fung12', 'yoon164', 'cferguss', 'thomp700', 'givenc', 'qlovejoy', 'fan262', 'hall657', 'lyons78', 'ahliu']",177,"['aanil', 'valenci1', 'zh1806855308', 'colli291', 'ahaniyur', 'jdieffenbach1212', 'oshindel', 'john43', 'fehr0', 'emizhiri', 'hamil145', 'wang4340', 'lopez427', 'schul137', 'tndesai', 'hunt143', 'baconka', 'shjaffer', 'mai20', 'parkry', 'dillon45', 'adrianchen8662', 'lee3757', 'dgulewic', 'porte177', 'ieckroth', 'greenerj', 'jniamtan', 'horton44', 'thoma682', 'capuano', 'ksyang', 'kim2896', 'tcroppe', 'jdustma', 'beckz', 'xin16', 'nbobronn', 'edeyoun', 'davi1587', 'naveenvivek', 'obrie186', 'echattin', 'bkhaller', 'lotzj', 'duggan1', 'sschluth', 'rrauer', 'agarw162', 'rarnholt', 'wagne291', 'ksnewcom', 'abdelane', 'hpavel', 'rseif', 'lannon', 'nguye669', 'mitra30', 'tong89', 'greeder', 'jsohi', 'cdegnan', 'brow1633', 'mark27', 'gnoel', 'jromalley44', 'brow1628', 'ntiwana', 'iaimiuwu', 'flatorre', 'zuo21', 'cartersjones7', 'rkoeiman', 'tobuchow', 'jlieberm', 'rockeke', 'sriniv96', 'cstepher', 'kim3078', 'sands7', 'shettin', 'evigo', 'cwichman', 'darrenmlie', 'agraw115', 'morton67', 'smit2922', 'simonz', 'lee3753', 'hwolff', 'aileenryan', 'dodd3', 'mrschiav', 'maladab', 'eschmelz', 'ahowse18', 'dempseyl', 'bobsitni', 'green381', 'bholtma', 'mgumin', 'jdobstaf', 'micahstevenst', 'wu1800', 'ddirckse', 'dfrohbe', 'meyer355', 'kim2836', 'dtaveeva', 'gould27', 'pmaynard', 'garimels', 'keithpreston99', 'phill292', 'vander11', 'raghurar', 'pmarcum', 'kdalkin', 'zderyke', 'pdogra', 'power105', 'avanhand', 'zhan3474', 'nmcnama', 'good27', 'lynch113', 'tbagnoli', 'beemanj', 'meyer367', 'aprasan', 'mdavide', 'jameskrieg451', 'apalermocollege', 'horgan', 'mcramerz', 'rsenapa', 'atakoch', 'iybarra', 'bolinge0', 'moraz', 'wakemanj', 'wild3', 'mkuether', 'houckc', 'malias', 'jhaehl', 'rseshadr24', 'lseidler', 'anuhyae', 'lewis502', 'barron22', 'jpetril', 'goldbe13', 'msdhillo', 'ndegraaf', 'jarf99', 'bmsutter', 'capece', 'lchittur', 'trem431', 'kevancho', 'coolrock', 'akokal', 'vhaight', 'vlenzi', 'hannon5', 'li3103', 'nmccarro', 'mathew71', 'crgomezt', 'feng238', 'saxena48', 'thomas847', 'hajwani', 'cchabria', 'park843', 'desai144']",17,"['jabirbin', 'zenou_tchamwa', 'arayapro', 'herna438', 'sjw961117', 'smitkpd', 'beelern', 'farrel28', 'wdrakas', 'kganbold', 'mehta152', 'chi58', 'zikriaanwarzai', 'boesk', None, 'liu2595', 'zheng545']",206,"['aanil', 'valenci1', 'zh1806855308', 'colli291', 'ahaniyur', 'jdieffenbach1212', 'oshindel', 'john43', 'fehr0', 'lyons78', 'emizhiri', 'hamil145', 'wang4340', 'lopez427', 'schul137', 'tndesai', 'hunt143', 'baconka', 'shjaffer', 'mai20', 'parkry', 'dillon45', 'adrianchen8662', 'lee3757', 'dgulewic', 'porte177', 'chi58', 'boesk', 'ieckroth', 'sjw961117', 'greenerj', 'jniamtan', 'horton44', 'thoma682', 'capuano', 'ksyang', 'kim2896', 'tcroppe', 'jdustma', 'beckz', 'qlovejoy', 'xin16', 'nbobronn', 'edeyoun', 'davi1587', 'naveenvivek', 'obrie186', 'echattin', 'bkhaller', 'mehta152', 'lotzj', 'duggan1', 'sschluth', 'cferguss', 'yoon164', 'rrauer', 'agarw162', 'rarnholt', 'wagne291', 'ksnewcom', 'fan262', 'abdelane', 'hpavel', 'rseif', 'givenc', 'lannon', 'nguye669', 'mitra30', 'tong89', 'greeder', 'jsohi', 'cdegnan', 'brow1633', 'mark27', 'thomp700', 'gnoel', 'jromalley44', 'brow1628', 'ntiwana', 'zikriaanwarzai', 'iaimiuwu', 'flatorre', 'zuo21', 'berger49', 'jabirbin', 'cartersjones7', 'rkoeiman', 'tobuchow', 'jlieberm', 'rockeke', 'sriniv96', 'cstepher', 'kim3078', 'sands7', 'liu2595', 'shettin', 'evigo', 'herna438', 'cwichman', 'darrenmlie', 'agraw115', 'kganbold', 'morton67', 'smit2922', 'simonz', 'lee3753', 'hwolff', 'aileenryan', 'dodd3', 'mrschiav', 'maladab', 'eschmelz', 'ahowse18', 'dempseyl', 'bobsitni', 'green381', 'bholtma', 'mgumin', 'jdobstaf', 'micahstevenst', 'wu1800', 'ddirckse', 'dfrohbe', 'meyer355', 'kim2836', 'dtaveeva', 'gould27', 'pmaynard', 'garimels', 'keithpreston99', 'phill292', 'smitkpd', 'vander11', 'raghurar', 'pmarcum', 'kdalkin', 'zderyke', 'pdogra', 'power105', 'avanhand', 'zhan3474', 'nmcnama', 'farrel28', 'good27', 'lynch113', 'tbagnoli', 'beemanj', 'hall657', 'meyer367', 'aprasan', 'ahliu', 'gonza508', 'mdavide', 'jameskrieg451', 'apalermocollege', 'horgan', 'mcramerz', 'beelern', 'rsenapa', 'atakoch', 'iybarra', 'bolinge0', 'moraz', 'wakemanj', 'zenou_tchamwa', 'wild3', 'mkuether', 'houckc', 'malias', 'jhaehl', 'rseshadr24', 'lseidler', 'anuhyae', 'zheng545', 'lewis502', 'barron22', 'jpetril', 'wdrakas', 'goldbe13', 'msdhillo', 'ndegraaf', 'jarf99', 'bmsutter', 'capece', 'fung12', 'lchittur', 'trem431', 'kevancho', 'coolrock', 'akokal', 'vhaight', 'vlenzi', None, 'hannon5', 'li3103', 'nmccarro', 'mathew71', 'arayapro', 'crgomezt', 'feng238', 'saxena48', 'thomas847', 'hajwani', 'cchabria', 'park843', 'desai144']"
1,621,189,29,12,"['gonza508', 'phill292', 'crgomezt', 'yoon164', 'darrenmlie', 'john43', 'givenc', 'hajwani', 'xin16', 'ahliu', 'park843', 'wang4340']",177,"['aanil', 'valenci1', 'zh1806855308', 'colli291', 'ahaniyur', 'jdieffenbach1212', 'oshindel', 'fehr0', 'lyons78', 'emizhiri', 'hamil145', 'lopez427', 'schul137', 'tndesai', 'hunt143', 'baconka', 'shjaffer', 'mai20', 'parkry', 'dillon45', 'adrianchen8662', 'lee3757', 'dgulewic', 'porte177', 'ieckroth', 'greenerj', 'jniamtan', 'horton44', 'thoma682', 'capuano', 'ksyang', 'kim2896', 'tcroppe', 'jdustma', 'beckz', 'qlovejoy', 'nbobronn', 'edeyoun', 'davi1587', 'naveenvivek', 'obrie186', 'echattin', 'bkhaller', 'lotzj', 'duggan1', 'sschluth', 'cferguss', 'rrauer', 'agarw162', 'rarnholt', 'wagne291', 'ksnewcom', 'fan262', 'abdelane', 'hpavel', 'rseif', 'lannon', 'nguye669', 'mitra30', 'tong89', 'greeder', 'jsohi', 'cdegnan', 'brow1633', 'mark27', 'thomp700', 'gnoel', 'jromalley44', 'brow1628', 'ntiwana', 'iaimiuwu', 'flatorre', 'zuo21', 'berger49', 'cartersjones7', 'rkoeiman', 'tobuchow', 'jlieberm', 'rockeke', 'sriniv96', 'cstepher', 'kim3078', 'sands7', 'shettin', 'evigo', 'cwichman', 'agraw115', 'morton67', 'smit2922', 'simonz', 'lee3753', 'hwolff', 'aileenryan', 'dodd3', 'mrschiav', 'maladab', 'eschmelz', 'ahowse18', 'dempseyl', 'bobsitni', 'green381', 'bholtma', 'mgumin', 'jdobstaf', 'micahstevenst', 'wu1800', 'ddirckse', 'dfrohbe', 'meyer355', 'kim2836', 'dtaveeva', 'gould27', 'pmaynard', 'garimels', 'keithpreston99', 'vander11', 'raghurar', 'pmarcum', 'kdalkin', 'zderyke', 'pdogra', 'power105', 'avanhand', 'zhan3474', 'nmcnama', 'good27', 'lynch113', 'tbagnoli', 'beemanj', 'hall657', 'meyer367', 'aprasan', 'mdavide', 'jameskrieg451', 'apalermocollege', 'horgan', 'mcramerz', 'rsenapa', 'atakoch', 'iybarra', 'bolinge0', 'moraz', 'wakemanj', 'wild3', 'mkuether', 'houckc', 'malias', 'jhaehl', 'rseshadr24', 'lseidler', 'anuhyae', 'lewis502', 'barron22', 'jpetril', 'goldbe13', 'msdhillo', 'ndegraaf', 'jarf99', 'bmsutter', 'capece', 'fung12', 'lchittur', 'trem431', 'kevancho', 'coolrock', 'akokal', 'vhaight', 'vlenzi', 'hannon5', 'li3103', 'nmccarro', 'mathew71', 'feng238', 'saxena48', 'thomas847', 'cchabria', 'desai144']",17,"['amelia.markert979', 'azareei', 'smitkpd', 'tdeucher', 'kmlennox', 'asbehere', 'suh47', 'npearlst', 'beelern', 'rfranco', 'alanchi2003', 'nmarcelo', 'kong94', 'jwharry', 'boesk', None, 'amarkert']",206,"['aanil', 'valenci1', 'zh1806855308', 'colli291', 'ahaniyur', 'jdieffenbach1212', 'oshindel', 'john43', 'alanchi2003', 'fehr0', 'lyons78', 'emizhiri', 'hamil145', 'wang4340', 'lopez427', 'schul137', 'tndesai', 'hunt143', 'baconka', 'shjaffer', 'mai20', 'parkry', 'dillon45', 'adrianchen8662', 'lee3757', 'dgulewic', 'porte177', 'boesk', 'ieckroth', 'greenerj', 'jniamtan', 'horton44', 'thoma682', 'capuano', 'ksyang', 'kim2896', 'tcroppe', 'jdustma', 'beckz', 'qlovejoy', 'xin16', 'nbobronn', 'edeyoun', 'davi1587', 'naveenvivek', 'obrie186', 'echattin', 'bkhaller', 'lotzj', 'duggan1', 'sschluth', 'cferguss', 'yoon164', 'rrauer', 'kmlennox', 'agarw162', 'rarnholt', 'wagne291', 'ksnewcom', 'fan262', 'abdelane', 'hpavel', 'rseif', 'givenc', 'lannon', 'nguye669', 'mitra30', 'tong89', 'greeder', 'jsohi', 'cdegnan', 'brow1633', 'mark27', 'thomp700', 'gnoel', 'jromalley44', 'brow1628', 'ntiwana', 'jwharry', 'iaimiuwu', 'flatorre', 'zuo21', 'berger49', 'amelia.markert979', 'cartersjones7', 'rkoeiman', 'tobuchow', 'jlieberm', 'rockeke', 'npearlst', 'sriniv96', 'cstepher', 'kim3078', 'sands7', 'shettin', 'evigo', 'tdeucher', 'cwichman', 'darrenmlie', 'agraw115', 'morton67', 'smit2922', 'simonz', 'lee3753', 'hwolff', 'aileenryan', 'dodd3', 'mrschiav', 'maladab', 'asbehere', 'eschmelz', 'ahowse18', 'dempseyl', 'bobsitni', 'green381', 'bholtma', 'mgumin', 'jdobstaf', 'micahstevenst', 'wu1800', 'ddirckse', 'dfrohbe', 'meyer355', 'kim2836', 'dtaveeva', 'gould27', 'pmaynard', 'amarkert', 'garimels', 'keithpreston99', 'azareei', 'phill292', 'smitkpd', 'vander11', 'raghurar', 'pmarcum', 'kdalkin', 'zderyke', 'pdogra', 'power105', 'avanhand', 'zhan3474', 'nmcnama', 'good27', 'lynch113', 'rfranco', 'tbagnoli', 'beemanj', 'hall657', 'meyer367', 'aprasan', 'ahliu', 'gonza508', 'mdavide', 'jameskrieg451', 'apalermocollege', 'horgan', 'mcramerz', 'beelern', 'rsenapa', 'atakoch', 'iybarra', 'bolinge0', 'moraz', 'wakemanj', 'wild3', 'mkuether', 'houckc', 'malias', 'jhaehl', 'rseshadr24', 'lseidler', 'anuhyae', 'lewis502', 'barron22', 'jpetril', 'goldbe13', 'msdhillo', 'ndegraaf', 'jarf99', 'bmsutter', 'capece', 'fung12', 'lchittur', 'trem431', 'kevancho', 'coolrock', 'akokal', 'vhaight', 'vlenzi', 'nmarcelo', None, 'hannon5', 'li3103', 'nmccarro', 'mathew71', 'suh47', 'crgomezt', 'feng238', 'saxena48', 'thomas847', 'hajwani', 'kong94', 'cchabria', 'park843', 'desai144']"
1,446,189,26,19,"['fehr0', 'cartersjones7', 'vander11', 'pmarcum', 'adrianchen8662', 'good27', 'darrenmlie', 'tcroppe', 'jdustma', 'tbagnoli', 'beckz', 'smit2922', 'hwolff', 'hannon5', 'li3103', 'feng238', 'saxena48', 'dempseyl', 'hpavel']",170,"['aanil', 'valenci1', 'zh1806855308', 'colli291', 'ahaniyur', 'jdieffenbach1212', 'oshindel', 'john43', 'lyons78', 'emizhiri', 'hamil145', 'wang4340', 'lopez427', 'schul137', 'tndesai', 'hunt143', 'baconka', 'shjaffer', 'mai20', 'parkry', 'dillon45', 'lee3757', 'dgulewic', 'porte177', 'ieckroth', 'greenerj', 'jniamtan', 'horton44', 'thoma682', 'capuano', 'ksyang', 'kim2896', 'qlovejoy', 'xin16', 'nbobronn', 'edeyoun', 'davi1587', 'naveenvivek', 'obrie186', 'echattin', 'bkhaller', 'lotzj', 'duggan1', 'sschluth', 'cferguss', 'yoon164', 'rrauer', 'agarw162', 'rarnholt', 'wagne291', 'ksnewcom', 'fan262', 'abdelane', 'rseif', 'givenc', 'lannon', 'nguye669', 'mitra30', 'tong89', 'greeder', 'jsohi', 'cdegnan', 'brow1633', 'mark27', 'thomp700', 'gnoel', 'jromalley44', 'brow1628', 'ntiwana', 'iaimiuwu', 'flatorre', 'zuo21', 'berger49', 'rkoeiman', 'tobuchow', 'jlieberm', 'rockeke', 'sriniv96', 'cstepher', 'kim3078', 'sands7', 'shettin', 'evigo', 'cwichman', 'agraw115', 'morton67', 'simonz', 'lee3753', 'aileenryan', 'dodd3', 'mrschiav', 'maladab', 'eschmelz', 'ahowse18', 'bobsitni', 'green381', 'bholtma', 'mgumin', 'jdobstaf', 'micahstevenst', 'wu1800', 'ddirckse', 'dfrohbe', 'meyer355', 'kim2836', 'dtaveeva', 'gould27', 'pmaynard', 'garimels', 'keithpreston99', 'phill292', 'raghurar', 'kdalkin', 'zderyke', 'pdogra', 'power105', 'avanhand', 'zhan3474', 'nmcnama', 'lynch113', 'beemanj', 'hall657', 'meyer367', 'aprasan', 'ahliu', 'gonza508', 'mdavide', 'jameskrieg451', 'apalermocollege', 'horgan', 'mcramerz', 'rsenapa', 'atakoch', 'iybarra', 'bolinge0', 'moraz', 'wakemanj', 'wild3', 'mkuether', 'houckc', 'malias', 'jhaehl', 'rseshadr24', 'lseidler', 'anuhyae', 'lewis502', 'barron22', 'jpetril', 'goldbe13', 'msdhillo', 'ndegraaf', 'jarf99', 'bmsutter', 'capece', 'fung12', 'lchittur', 'trem431', 'kevancho', 'coolrock', 'akokal', 'vhaight', 'vlenzi', 'nmccarro', 'mathew71', 'crgomezt', 'thomas847', 'hajwani', 'cchabria', 'park843', 'desai144']",7,"['suh47', 'aedupuga', 'christer913', 'aishac', 'vuong0', None, 'chi77233']",196,"['aanil', 'valenci1', 'zh1806855308', 'colli291', 'ahaniyur', 'jdieffenbach1212', 'christer913', 'oshindel', 'john43', 'fehr0', 'lyons78', 'emizhiri', 'hamil145', 'wang4340', 'lopez427', 'schul137', 'tndesai', 'hunt143', 'baconka', 'shjaffer', 'mai20', 'parkry', 'dillon45', 'adrianchen8662', 'lee3757', 'dgulewic', 'porte177', 'ieckroth', 'greenerj', 'jniamtan', 'horton44', 'thoma682', 'capuano', 'ksyang', 'kim2896', 'tcroppe', 'jdustma', 'beckz', 'qlovejoy', 'xin16', 'nbobronn', 'edeyoun', 'davi1587', 'naveenvivek', 'obrie186', 'echattin', 'bkhaller', 'lotzj', 'duggan1', 'sschluth', 'cferguss', 'yoon164', 'rrauer', 'agarw162', 'rarnholt', 'wagne291', 'ksnewcom', 'fan262', 'abdelane', 'hpavel', 'rseif', 'aishac', 'givenc', 'lannon', 'nguye669', 'mitra30', 'tong89', 'greeder', 'jsohi', 'cdegnan', 'brow1633', 'mark27', 'thomp700', 'gnoel', 'jromalley44', 'brow1628', 'ntiwana', 'iaimiuwu', 'flatorre', 'zuo21', 'berger49', 'cartersjones7', 'rkoeiman', 'tobuchow', 'jlieberm', 'rockeke', 'sriniv96', 'cstepher', 'kim3078', 'sands7', 'vuong0', 'shettin', 'evigo', 'cwichman', 'darrenmlie', 'agraw115', 'morton67', 'smit2922', 'simonz', 'lee3753', 'hwolff', 'aileenryan', 'dodd3', 'mrschiav', 'maladab', 'eschmelz', 'ahowse18', 'dempseyl', 'bobsitni', 'green381', 'bholtma', 'mgumin', 'jdobstaf', 'micahstevenst', 'wu1800', 'ddirckse', 'dfrohbe', 'meyer355', 'kim2836', 'dtaveeva', 'gould27', 'pmaynard', 'garimels', 'keithpreston99', 'phill292', 'vander11', 'raghurar', 'pmarcum', 'kdalkin', 'zderyke', 'pdogra', 'power105', 'avanhand', 'aedupuga', 'zhan3474', 'nmcnama', 'good27', 'lynch113', 'tbagnoli', 'beemanj', 'hall657', 'meyer367', 'aprasan', 'ahliu', 'gonza508', 'mdavide', 'jameskrieg451', 'apalermocollege', 'horgan', 'mcramerz', 'rsenapa', 'atakoch', 'iybarra', 'bolinge0', 'moraz', 'wakemanj', 'wild3', 'mkuether', 'houckc', 'malias', 'jhaehl', 'rseshadr24', 'lseidler', 'anuhyae', 'chi77233', 'lewis502', 'barron22', 'jpetril', 'goldbe13', 'msdhillo', 'ndegraaf', 'jarf99', 'bmsutter', 'capece', 'fung12', 'lchittur', 'trem431', 'kevancho', 'coolrock', 'akokal', 'vhaight', 'vlenzi', None, 'hannon5', 'li3103', 'nmccarro', 'mathew71', 'suh47', 'crgomezt', 'feng238', 'saxena48', 'thomas847', 'hajwani', 'cchabria', 'park843', 'desai144']"
1,538,189,24,1,['kim2836'],188,"['aanil', 'valenci1', 'zh1806855308', 'colli291', 'ahaniyur', 'jdieffenbach1212', 'oshindel', 'john43', 'fehr0', 'lyons78', 'emizhiri', 'hamil145', 'wang4340', 'lopez427', 'schul137', 'tndesai', 'hunt143', 'baconka', 'shjaffer', 'mai20', 'parkry', 'dillon45', 'adrianchen8662', 'lee3757', 'dgulewic', 'porte177', 'ieckroth', 'greenerj', 'jniamtan', 'horton44', 'thoma682', 'capuano', 'ksyang', 'kim2896', 'tcroppe', 'jdustma', 'beckz', 'qlovejoy', 'xin16', 'nbobronn', 'edeyoun', 'davi1587', 'naveenvivek', 'obrie186', 'echattin', 'bkhaller', 'lotzj', 'duggan1', 'sschluth', 'cferguss', 'yoon164', 'rrauer', 'agarw162', 'rarnholt', 'wagne291', 'ksnewcom', 'fan262', 'abdelane', 'hpavel', 'rseif', 'givenc', 'lannon', 'nguye669', 'mitra30', 'tong89', 'greeder', 'jsohi', 'cdegnan', 'brow1633', 'mark27', 'thomp700', 'gnoel', 'jromalley44', 'brow1628', 'ntiwana', 'iaimiuwu', 'flatorre', 'zuo21', 'berger49', 'cartersjones7', 'rkoeiman', 'tobuchow', 'jlieberm', 'rockeke', 'sriniv96', 'cstepher', 'kim3078', 'sands7', 'shettin', 'evigo', 'cwichman', 'darrenmlie', 'agraw115', 'morton67', 'smit2922', 'simonz', 'lee3753', 'hwolff', 'aileenryan', 'dodd3', 'mrschiav', 'maladab', 'eschmelz', 'ahowse18', 'dempseyl', 'bobsitni', 'green381', 'bholtma', 'mgumin', 'jdobstaf', 'micahstevenst', 'wu1800', 'ddirckse', 'dfrohbe', 'meyer355', 'dtaveeva', 'gould27', 'pmaynard', 'garimels', 'keithpreston99', 'phill292', 'vander11', 'raghurar', 'pmarcum', 'kdalkin', 'zderyke', 'pdogra', 'power105', 'avanhand', 'zhan3474', 'nmcnama', 'good27', 'lynch113', 'tbagnoli', 'beemanj', 'hall657', 'meyer367', 'aprasan', 'ahliu', 'gonza508', 'mdavide', 'jameskrieg451', 'apalermocollege', 'horgan', 'mcramerz', 'rsenapa', 'atakoch', 'iybarra', 'bolinge0', 'moraz', 'wakemanj', 'wild3', 'mkuether', 'houckc', 'malias', 'jhaehl', 'rseshadr24', 'lseidler', 'anuhyae', 'lewis502', 'barron22', 'jpetril', 'goldbe13', 'msdhillo', 'ndegraaf', 'jarf99', 'bmsutter', 'capece', 'fung12', 'lchittur', 'trem431', 'kevancho', 'coolrock', 'akokal', 'vhaight', 'vlenzi', 'hannon5', 'li3103', 'nmccarro', 'mathew71', 'crgomezt', 'feng238', 'saxena48', 'thomas847', 'hajwani', 'cchabria', 'park843', 'desai144']",23,"['lee3441', 'spivakm', 'mrgiglio', 'nlueck', 'hart136', 'piaow', 'pbaugh', 'alecsabia', 'vrangapr', 'jbarsima', 'tboerner', 'almarzoa', 'nganti', 'kmccorry', 'reyno169', None, 'marisol', 'milama', 'ramey10', 'singh606', 'joshi146', 'achortos', 'bbutzow']",212,"['aanil', 'valenci1', 'zh1806855308', 'colli291', 'ahaniyur', 'jdieffenbach1212', 'oshindel', 'john43', 'nlueck', 'fehr0', 'lyons78', 'emizhiri', 'hamil145', 'wang4340', 'lopez427', 'schul137', 'tndesai', 'piaow', 'hunt143', 'baconka', 'shjaffer', 'mai20', 'parkry', 'dillon45', 'adrianchen8662', 'lee3757', 'dgulewic', 'porte177', 'vrangapr', 'ieckroth', 'greenerj', 'jniamtan', 'horton44', 'thoma682', 'capuano', 'ksyang', 'kim2896', 'tcroppe', 'jdustma', 'beckz', 'qlovejoy', 'xin16', 'nbobronn', 'edeyoun', 'davi1587', 'naveenvivek', 'obrie186', 'echattin', 'bkhaller', 'reyno169', 'nganti', 'lotzj', 'duggan1', 'sschluth', 'cferguss', 'yoon164', 'rrauer', 'agarw162', 'rarnholt', 'wagne291', 'ksnewcom', 'fan262', 'abdelane', 'hpavel', 'rseif', 'givenc', 'lannon', 'nguye669', 'mitra30', 'tong89', 'spivakm', 'greeder', 'jsohi', 'cdegnan', 'brow1633', 'mark27', 'thomp700', 'gnoel', 'jromalley44', 'brow1628', 'ntiwana', 'iaimiuwu', 'flatorre', 'zuo21', 'berger49', 'cartersjones7', 'rkoeiman', 'tobuchow', 'jlieberm', 'rockeke', 'sriniv96', 'cstepher', 'kim3078', 'sands7', 'shettin', 'evigo', 'cwichman', 'darrenmlie', 'agraw115', 'morton67', 'smit2922', 'simonz', 'lee3753', 'hwolff', 'aileenryan', 'dodd3', 'mrschiav', 'maladab', 'eschmelz', 'ahowse18', 'dempseyl', 'bobsitni', 'green381', 'bholtma', 'mgumin', 'bbutzow', 'jdobstaf', 'micahstevenst', 'lee3441', 'wu1800', 'ddirckse', 'dfrohbe', 'meyer355', 'kim2836', 'dtaveeva', 'gould27', 'pmaynard', 'hart136', 'garimels', 'keithpreston99', 'phill292', 'vander11', 'raghurar', 'pmarcum', 'kdalkin', 'zderyke', 'pdogra', 'power105', 'avanhand', 'zhan3474', 'nmcnama', 'good27', 'lynch113', 'jbarsima', 'tboerner', 'tbagnoli', 'beemanj', 'hall657', 'meyer367', 'aprasan', 'almarzoa', 'ahliu', 'gonza508', 'mdavide', 'marisol', 'jameskrieg451', 'milama', 'apalermocollege', 'horgan', 'mcramerz', 'rsenapa', 'atakoch', 'joshi146', 'iybarra', 'bolinge0', 'moraz', 'wakemanj', 'wild3', 'mkuether', 'mrgiglio', 'houckc', 'malias', 'jhaehl', 'rseshadr24', 'lseidler', 'anuhyae', 'lewis502', 'barron22', 'jpetril', 'goldbe13', 'pbaugh', 'alecsabia', 'msdhillo', 'ndegraaf', 'jarf99', 'bmsutter', 'capece', 'fung12', 'lchittur', 'trem431', 'kevancho', 'coolrock', 'akokal', 'vhaight', 'vlenzi', 'kmccorry', None, 'hannon5', 'li3103', 'nmccarro', 'mathew71', 'crgomezt', 'ramey10', 'feng238', 'saxena48', 'singh606', 'thomas847', 'achortos', 'hajwani', 'cchabria', 'park843', 'desai144']"
1,593,189,21,17,"['vlenzi', 'lynch113', 'greeder', 'pmarcum', 'darrenmlie', 'mcramerz', 'feng238', 'kim2896', 'saxena48', 'cstepher', 'tbagnoli', 'dempseyl', 'jromalley44', 'hpavel', 'lyons78', 'kim3078', 'hannon5']",172,"['aanil', 'valenci1', 'zh1806855308', 'colli291', 'ahaniyur', 'jdieffenbach1212', 'oshindel', 'john43', 'fehr0', 'emizhiri', 'hamil145', 'wang4340', 'lopez427', 'schul137', 'tndesai', 'hunt143', 'baconka', 'shjaffer', 'mai20', 'parkry', 'dillon45', 'adrianchen8662', 'lee3757', 'dgulewic', 'porte177', 'ieckroth', 'greenerj', 'jniamtan', 'horton44', 'thoma682', 'capuano', 'ksyang', 'tcroppe', 'jdustma', 'beckz', 'qlovejoy', 'xin16', 'nbobronn', 'edeyoun', 'davi1587', 'naveenvivek', 'obrie186', 'echattin', 'bkhaller', 'lotzj', 'duggan1', 'sschluth', 'cferguss', 'yoon164', 'rrauer', 'agarw162', 'rarnholt', 'wagne291', 'ksnewcom', 'fan262', 'abdelane', 'rseif', 'givenc', 'lannon', 'nguye669', 'mitra30', 'tong89', 'jsohi', 'cdegnan', 'brow1633', 'mark27', 'thomp700', 'gnoel', 'brow1628', 'ntiwana', 'iaimiuwu', 'flatorre', 'zuo21', 'berger49', 'cartersjones7', 'rkoeiman', 'tobuchow', 'jlieberm', 'rockeke', 'sriniv96', 'sands7', 'shettin', 'evigo', 'cwichman', 'agraw115', 'morton67', 'smit2922', 'simonz', 'lee3753', 'hwolff', 'aileenryan', 'dodd3', 'mrschiav', 'maladab', 'eschmelz', 'ahowse18', 'bobsitni', 'green381', 'bholtma', 'mgumin', 'jdobstaf', 'micahstevenst', 'wu1800', 'ddirckse', 'dfrohbe', 'meyer355', 'kim2836', 'dtaveeva', 'gould27', 'pmaynard', 'garimels', 'keithpreston99', 'phill292', 'vander11', 'raghurar', 'kdalkin', 'zderyke', 'pdogra', 'power105', 'avanhand', 'zhan3474', 'nmcnama', 'good27', 'beemanj', 'hall657', 'meyer367', 'aprasan', 'ahliu', 'gonza508', 'mdavide', 'jameskrieg451', 'apalermocollege', 'horgan', 'rsenapa', 'atakoch', 'iybarra', 'bolinge0', 'moraz', 'wakemanj', 'wild3', 'mkuether', 'houckc', 'malias', 'jhaehl', 'rseshadr24', 'lseidler', 'anuhyae', 'lewis502', 'barron22', 'jpetril', 'goldbe13', 'msdhillo', 'ndegraaf', 'jarf99', 'bmsutter', 'capece', 'fung12', 'lchittur', 'trem431', 'kevancho', 'coolrock', 'akokal', 'vhaight', 'li3103', 'nmccarro', 'mathew71', 'crgomezt', 'thomas847', 'hajwani', 'cchabria', 'park843', 'desai144']",4,"['aedupuga', 'nzurchin', None, 'gregor54']",193,"['aanil', 'valenci1', 'zh1806855308', 'colli291', 'ahaniyur', 'jdieffenbach1212', 'oshindel', 'john43', 'fehr0', 'lyons78', 'emizhiri', 'hamil145', 'wang4340', 'lopez427', 'schul137', 'tndesai', 'hunt143', 'baconka', 'shjaffer', 'mai20', 'parkry', 'dillon45', 'adrianchen8662', 'lee3757', 'dgulewic', 'porte177', 'ieckroth', 'greenerj', 'jniamtan', 'horton44', 'thoma682', 'capuano', 'ksyang', 'kim2896', 'tcroppe', 'jdustma', 'beckz', 'qlovejoy', 'xin16', 'nbobronn', 'edeyoun', 'davi1587', 'naveenvivek', 'obrie186', 'echattin', 'bkhaller', 'lotzj', 'duggan1', 'sschluth', 'cferguss', 'yoon164', 'rrauer', 'agarw162', 'rarnholt', 'wagne291', 'ksnewcom', 'fan262', 'abdelane', 'hpavel', 'rseif', 'givenc', 'lannon', 'nguye669', 'mitra30', 'tong89', 'greeder', 'jsohi', 'cdegnan', 'brow1633', 'mark27', 'thomp700', 'gnoel', 'jromalley44', 'brow1628', 'ntiwana', 'iaimiuwu', 'flatorre', 'zuo21', 'berger49', 'cartersjones7', 'rkoeiman', 'tobuchow', 'jlieberm', 'rockeke', 'sriniv96', 'cstepher', 'kim3078', 'sands7', 'shettin', 'evigo', 'cwichman', 'darrenmlie', 'agraw115', 'morton67', 'smit2922', 'simonz', 'lee3753', 'hwolff', 'aileenryan', 'dodd3', 'mrschiav', 'maladab', 'eschmelz', 'ahowse18', 'dempseyl', 'bobsitni', 'green381', 'bholtma', 'mgumin', 'jdobstaf', 'micahstevenst', 'wu1800', 'ddirckse', 'dfrohbe', 'meyer355', 'kim2836', 'dtaveeva', 'gould27', 'pmaynard', 'garimels', 'keithpreston99', 'phill292', 'vander11', 'raghurar', 'pmarcum', 'kdalkin', 'zderyke', 'pdogra', 'power105', 'avanhand', 'aedupuga', 'zhan3474', 'nmcnama', 'good27', 'lynch113', 'tbagnoli', 'beemanj', 'hall657', 'meyer367', 'aprasan', 'ahliu', 'gonza508', 'mdavide', 'jameskrieg451', 'apalermocollege', 'horgan', 'mcramerz', 'rsenapa', 'atakoch', 'iybarra', 'bolinge0', 'moraz', 'wakemanj', 'wild3', 'mkuether', 'houckc', 'malias', 'jhaehl', 'rseshadr24', 'lseidler', 'anuhyae', 'lewis502', 'barron22', 'jpetril', 'goldbe13', 'nzurchin', 'msdhillo', 'gregor54', 'ndegraaf', 'jarf99', 'bmsutter', 'capece', 'fung12', 'lchittur', 'trem431', 'kevancho', 'coolrock', 'akokal', 'vhaight', 'vlenzi', None, 'hannon5', 'li3103', 'nmccarro', 'mathew71', 'crgomezt', 'feng238', 'saxena48', 'thomas847', 'hajwani', 'cchabria', 'park843', 'desai144']"
1,596,189,21,10,"['valenci1', 'greenerj', 'raghurar', 'dfrohbe', 'meyer355', 'dtaveeva', 'hajwani', 'ndegraaf', 'lee3753', 'nguye669']",179,"['aanil', 'zh1806855308', 'colli291', 'ahaniyur', 'jdieffenbach1212', 'oshindel', 'john43', 'fehr0', 'lyons78', 'emizhiri', 'hamil145', 'wang4340', 'lopez427', 'schul137', 'tndesai', 'hunt143', 'baconka', 'shjaffer', 'mai20', 'parkry', 'dillon45', 'adrianchen8662', 'lee3757', 'dgulewic', 'porte177', 'ieckroth', 'jniamtan', 'horton44', 'thoma682', 'capuano', 'ksyang', 'kim2896', 'tcroppe', 'jdustma', 'beckz', 'qlovejoy', 'xin16', 'nbobronn', 'edeyoun', 'davi1587', 'naveenvivek', 'obrie186', 'echattin', 'bkhaller', 'lotzj', 'duggan1', 'sschluth', 'cferguss', 'yoon164', 'rrauer', 'agarw162', 'rarnholt', 'wagne291', 'ksnewcom', 'fan262', 'abdelane', 'hpavel', 'rseif', 'givenc', 'lannon', 'mitra30', 'tong89', 'greeder', 'jsohi', 'cdegnan', 'brow1633', 'mark27', 'thomp700', 'gnoel', 'jromalley44', 'brow1628', 'ntiwana', 'iaimiuwu', 'flatorre', 'zuo21', 'berger49', 'cartersjones7', 'rkoeiman', 'tobuchow', 'jlieberm', 'rockeke', 'sriniv96', 'cstepher', 'kim3078', 'sands7', 'shettin', 'evigo', 'cwichman', 'darrenmlie', 'agraw115', 'morton67', 'smit2922', 'simonz', 'hwolff', 'aileenryan', 'dodd3', 'mrschiav', 'maladab', 'eschmelz', 'ahowse18', 'dempseyl', 'bobsitni', 'green381', 'bholtma', 'mgumin', 'jdobstaf', 'micahstevenst', 'wu1800', 'ddirckse', 'kim2836', 'gould27', 'pmaynard', 'garimels', 'keithpreston99', 'phill292', 'vander11', 'pmarcum', 'kdalkin', 'zderyke', 'pdogra', 'power105', 'avanhand', 'zhan3474', 'nmcnama', 'good27', 'lynch113', 'tbagnoli', 'beemanj', 'hall657', 'meyer367', 'aprasan', 'ahliu', 'gonza508', 'mdavide', 'jameskrieg451', 'apalermocollege', 'horgan', 'mcramerz', 'rsenapa', 'atakoch', 'iybarra', 'bolinge0', 'moraz', 'wakemanj', 'wild3', 'mkuether', 'houckc', 'malias', 'jhaehl', 'rseshadr24', 'lseidler', 'anuhyae', 'lewis502', 'barron22', 'jpetril', 'goldbe13', 'msdhillo', 'jarf99', 'bmsutter', 'capece', 'fung12', 'lchittur', 'trem431', 'kevancho', 'coolrock', 'akokal', 'vhaight', 'vlenzi', 'hannon5', 'li3103', 'nmccarro', 'mathew71', 'crgomezt', 'feng238', 'saxena48', 'thomas847', 'cchabria', 'park843', 'desai144']",11,"['charin', 'sharm558', 'smit3776', 'cox304', 'mehta152', 'wang4623', 'nmarcelo', 'rinnocen', 'jmavi', None, 'oakinwum']",200,"['aanil', 'valenci1', 'zh1806855308', 'colli291', 'ahaniyur', 'jdieffenbach1212', 'oshindel', 'john43', 'fehr0', 'lyons78', 'emizhiri', 'hamil145', 'wang4340', 'lopez427', 'schul137', 'tndesai', 'hunt143', 'baconka', 'shjaffer', 'mai20', 'parkry', 'dillon45', 'adrianchen8662', 'lee3757', 'dgulewic', 'porte177', 'ieckroth', 'greenerj', 'jniamtan', 'horton44', 'thoma682', 'capuano', 'ksyang', 'kim2896', 'tcroppe', 'jdustma', 'beckz', 'qlovejoy', 'xin16', 'nbobronn', 'edeyoun', 'davi1587', 'naveenvivek', 'obrie186', 'echattin', 'bkhaller', 'mehta152', 'lotzj', 'duggan1', 'sschluth', 'cferguss', 'yoon164', 'rrauer', 'agarw162', 'rarnholt', 'wagne291', 'ksnewcom', 'fan262', 'abdelane', 'hpavel', 'rseif', 'givenc', 'lannon', 'nguye669', 'mitra30', 'tong89', 'greeder', 'jsohi', 'cdegnan', 'brow1633', 'cox304', 'mark27', 'thomp700', 'gnoel', 'jromalley44', 'brow1628', 'ntiwana', 'iaimiuwu', 'flatorre', 'zuo21', 'berger49', 'cartersjones7', 'rkoeiman', 'tobuchow', 'smit3776', 'jlieberm', 'rockeke', 'sriniv96', 'cstepher', 'kim3078', 'sands7', 'shettin', 'evigo', 'cwichman', 'darrenmlie', 'agraw115', 'morton67', 'smit2922', 'simonz', 'lee3753', 'hwolff', 'rinnocen', 'aileenryan', 'dodd3', 'mrschiav', 'maladab', 'eschmelz', 'ahowse18', 'dempseyl', 'bobsitni', 'green381', 'bholtma', 'mgumin', 'jdobstaf', 'micahstevenst', 'charin', 'wu1800', 'ddirckse', 'dfrohbe', 'meyer355', 'kim2836', 'dtaveeva', 'gould27', 'pmaynard', 'garimels', 'sharm558', 'keithpreston99', 'phill292', 'vander11', 'raghurar', 'pmarcum', 'kdalkin', 'zderyke', 'pdogra', 'power105', 'avanhand', 'zhan3474', 'nmcnama', 'good27', 'lynch113', 'tbagnoli', 'beemanj', 'hall657', 'meyer367', 'aprasan', 'ahliu', 'gonza508', 'mdavide', 'jameskrieg451', 'apalermocollege', 'horgan', 'mcramerz', 'rsenapa', 'atakoch', 'iybarra', 'bolinge0', 'oakinwum', 'moraz', 'wakemanj', 'wild3', 'mkuether', 'houckc', 'malias', 'jhaehl', 'rseshadr24', 'lseidler', 'jmavi', 'anuhyae', 'lewis502', 'barron22', 'jpetril', 'goldbe13', 'msdhillo', 'ndegraaf', 'jarf99', 'bmsutter', 'capece', 'fung12', 'lchittur', 'trem431', 'kevancho', 'wang4623', 'coolrock', 'akokal', 'vhaight', 'vlenzi', 'nmarcelo', None, 'hannon5', 'li3103', 'nmccarro', 'mathew71', 'crgomezt', 'feng238', 'saxena48', 'thomas847', 'hajwani', 'cchabria', 'park843', 'desai144']"
1,620,189,10,8,"['micahstevenst', 'wakemanj', 'tong89', 'duggan1', 'capuano', 'goldbe13', 'akokal', 'jarf99']",181,"['aanil', 'valenci1', 'zh1806855308', 'colli291', 'ahaniyur', 'jdieffenbach1212', 'oshindel', 'john43', 'fehr0', 'lyons78', 'emizhiri', 'hamil145', 'wang4340', 'lopez427', 'schul137', 'tndesai', 'hunt143', 'baconka', 'shjaffer', 'mai20', 'parkry', 'dillon45', 'adrianchen8662', 'lee3757', 'dgulewic', 'porte177', 'ieckroth', 'greenerj', 'jniamtan', 'horton44', 'thoma682', 'ksyang', 'kim2896', 'tcroppe', 'jdustma', 'beckz', 'qlovejoy', 'xin16', 'nbobronn', 'edeyoun', 'davi1587', 'naveenvivek', 'obrie186', 'echattin', 'bkhaller', 'lotzj', 'sschluth', 'cferguss', 'yoon164', 'rrauer', 'agarw162', 'rarnholt', 'wagne291', 'ksnewcom', 'fan262', 'abdelane', 'hpavel', 'rseif', 'givenc', 'lannon', 'nguye669', 'mitra30', 'greeder', 'jsohi', 'cdegnan', 'brow1633', 'mark27', 'thomp700', 'gnoel', 'jromalley44', 'brow1628', 'ntiwana', 'iaimiuwu', 'flatorre', 'zuo21', 'berger49', 'cartersjones7', 'rkoeiman', 'tobuchow', 'jlieberm', 'rockeke', 'sriniv96', 'cstepher', 'kim3078', 'sands7', 'shettin', 'evigo', 'cwichman', 'darrenmlie', 'agraw115', 'morton67', 'smit2922', 'simonz', 'lee3753', 'hwolff', 'aileenryan', 'dodd3', 'mrschiav', 'maladab', 'eschmelz', 'ahowse18', 'dempseyl', 'bobsitni', 'green381', 'bholtma', 'mgumin', 'jdobstaf', 'wu1800', 'ddirckse', 'dfrohbe', 'meyer355', 'kim2836', 'dtaveeva', 'gould27', 'pmaynard', 'garimels', 'keithpreston99', 'phill292', 'vander11', 'raghurar', 'pmarcum', 'kdalkin', 'zderyke', 'pdogra', 'power105', 'avanhand', 'zhan3474', 'nmcnama', 'good27', 'lynch113', 'tbagnoli', 'beemanj', 'hall657', 'meyer367', 'aprasan', 'ahliu', 'gonza508', 'mdavide', 'jameskrieg451', 'apalermocollege', 'horgan', 'mcramerz', 'rsenapa', 'atakoch', 'iybarra', 'bolinge0', 'moraz', 'wild3', 'mkuether', 'houckc', 'malias', 'jhaehl', 'rseshadr24', 'lseidler', 'anuhyae', 'lewis502', 'barron22', 'jpetril', 'msdhillo', 'ndegraaf', 'bmsutter', 'capece', 'fung12', 'lchittur', 'trem431', 'kevancho', 'coolrock', 'vhaight', 'vlenzi', 'hannon5', 'li3103', 'nmccarro', 'mathew71', 'crgomezt', 'feng238', 'saxena48', 'thomas847', 'hajwani', 'cchabria', 'park843', 'desai144']",2,"[None, 'harry787']",191,"['aanil', 'valenci1', 'zh1806855308', 'colli291', 'ahaniyur', 'jdieffenbach1212', 'oshindel', 'john43', 'fehr0', 'lyons78', 'emizhiri', 'hamil145', 'wang4340', 'lopez427', 'schul137', 'tndesai', 'hunt143', 'baconka', 'shjaffer', 'mai20', 'parkry', 'dillon45', 'adrianchen8662', 'lee3757', 'dgulewic', 'porte177', 'ieckroth', 'greenerj', 'jniamtan', 'horton44', 'thoma682', 'capuano', 'ksyang', 'kim2896', 'tcroppe', 'jdustma', 'beckz', 'qlovejoy', 'xin16', 'nbobronn', 'edeyoun', 'davi1587', 'naveenvivek', 'obrie186', 'echattin', 'bkhaller', 'lotzj', 'duggan1', 'sschluth', 'cferguss', 'yoon164', 'rrauer', 'agarw162', 'rarnholt', 'wagne291', 'ksnewcom', 'fan262', 'abdelane', 'hpavel', 'rseif', 'givenc', 'lannon', 'nguye669', 'mitra30', 'tong89', 'greeder', 'jsohi', 'cdegnan', 'brow1633', 'mark27', 'thomp700', 'gnoel', 'jromalley44', 'brow1628', 'ntiwana', 'iaimiuwu', 'flatorre', 'zuo21', 'berger49', 'cartersjones7', 'rkoeiman', 'tobuchow', 'jlieberm', 'rockeke', 'sriniv96', 'cstepher', 'kim3078', 'sands7', 'shettin', 'evigo', 'cwichman', 'darrenmlie', 'agraw115', 'morton67', 'smit2922', 'simonz', 'lee3753', 'hwolff', 'aileenryan', 'dodd3', 'mrschiav', 'maladab', 'eschmelz', 'ahowse18', 'dempseyl', 'bobsitni', 'green381', 'bholtma', 'mgumin', 'jdobstaf', 'micahstevenst', 'wu1800', 'ddirckse', 'dfrohbe', 'meyer355', 'kim2836', 'dtaveeva', 'gould27', 'pmaynard', 'garimels', 'keithpreston99', 'phill292', 'vander11', 'raghurar', 'pmarcum', 'kdalkin', 'zderyke', 'pdogra', 'power105', 'avanhand', 'zhan3474', 'nmcnama', 'good27', 'lynch113', 'tbagnoli', 'beemanj', 'hall657', 'meyer367', 'aprasan', 'ahliu', 'gonza508', 'mdavide', 'jameskrieg451', 'apalermocollege', 'horgan', 'mcramerz', 'rsenapa', 'atakoch', 'iybarra', 'bolinge0', 'moraz', 'wakemanj', 'harry787', 'wild3', 'mkuether', 'houckc', 'malias', 'jhaehl', 'rseshadr24', 'lseidler', 'anuhyae', 'lewis502', 'barron22', 'jpetril', 'goldbe13', 'msdhillo', 'ndegraaf', 'jarf99', 'bmsutter', 'capece', 'fung12', 'lchittur', 'trem431', 'kevancho', 'coolrock', 'akokal', 'vhaight', 'vlenzi', None, 'hannon5', 'li3103', 'nmccarro', 'mathew71', 'crgomezt', 'feng238', 'saxena48', 'thomas847', 'hajwani', 'cchabria', 'park843', 'desai144']"
1,402,189,9,6,"['micahstevenst', 'wakemanj', 'capuano', 'goldbe13', 'akokal', 'zhan3474']",183,"['aanil', 'valenci1', 'zh1806855308', 'colli291', 'ahaniyur', 'jdieffenbach1212', 'oshindel', 'john43', 'fehr0', 'lyons78', 'emizhiri', 'hamil145', 'wang4340', 'lopez427', 'schul137', 'tndesai', 'hunt143', 'baconka', 'shjaffer', 'mai20', 'parkry', 'dillon45', 'adrianchen8662', 'lee3757', 'dgulewic', 'porte177', 'ieckroth', 'greenerj', 'jniamtan', 'horton44', 'thoma682', 'ksyang', 'kim2896', 'tcroppe', 'jdustma', 'beckz', 'qlovejoy', 'xin16', 'nbobronn', 'edeyoun', 'davi1587', 'naveenvivek', 'obrie186', 'echattin', 'bkhaller', 'lotzj', 'duggan1', 'sschluth', 'cferguss', 'yoon164', 'rrauer', 'agarw162', 'rarnholt', 'wagne291', 'ksnewcom', 'fan262', 'abdelane', 'hpavel', 'rseif', 'givenc', 'lannon', 'nguye669', 'mitra30', 'tong89', 'greeder', 'jsohi', 'cdegnan', 'brow1633', 'mark27', 'thomp700', 'gnoel', 'jromalley44', 'brow1628', 'ntiwana', 'iaimiuwu', 'flatorre', 'zuo21', 'berger49', 'cartersjones7', 'rkoeiman', 'tobuchow', 'jlieberm', 'rockeke', 'sriniv96', 'cstepher', 'kim3078', 'sands7', 'shettin', 'evigo', 'cwichman', 'darrenmlie', 'agraw115', 'morton67', 'smit2922', 'simonz', 'lee3753', 'hwolff', 'aileenryan', 'dodd3', 'mrschiav', 'maladab', 'eschmelz', 'ahowse18', 'dempseyl', 'bobsitni', 'green381', 'bholtma', 'mgumin', 'jdobstaf', 'wu1800', 'ddirckse', 'dfrohbe', 'meyer355', 'kim2836', 'dtaveeva', 'gould27', 'pmaynard', 'garimels', 'keithpreston99', 'phill292', 'vander11', 'raghurar', 'pmarcum', 'kdalkin', 'zderyke', 'pdogra', 'power105', 'avanhand', 'nmcnama', 'good27', 'lynch113', 'tbagnoli', 'beemanj', 'hall657', 'meyer367', 'aprasan', 'ahliu', 'gonza508', 'mdavide', 'jameskrieg451', 'apalermocollege', 'horgan', 'mcramerz', 'rsenapa', 'atakoch', 'iybarra', 'bolinge0', 'moraz', 'wild3', 'mkuether', 'houckc', 'malias', 'jhaehl', 'rseshadr24', 'lseidler', 'anuhyae', 'lewis502', 'barron22', 'jpetril', 'msdhillo', 'ndegraaf', 'jarf99', 'bmsutter', 'capece', 'fung12', 'lchittur', 'trem431', 'kevancho', 'coolrock', 'vhaight', 'vlenzi', 'hannon5', 'li3103', 'nmccarro', 'mathew71', 'crgomezt', 'feng238', 'saxena48', 'thomas847', 'hajwani', 'cchabria', 'park843', 'desai144']",3,"['amckibbe', None, 'harry787']",192,"['aanil', 'valenci1', 'zh1806855308', 'colli291', 'ahaniyur', 'jdieffenbach1212', 'oshindel', 'john43', 'fehr0', 'lyons78', 'emizhiri', 'hamil145', 'wang4340', 'lopez427', 'schul137', 'tndesai', 'hunt143', 'baconka', 'shjaffer', 'mai20', 'parkry', 'dillon45', 'adrianchen8662', 'lee3757', 'dgulewic', 'porte177', 'amckibbe', 'ieckroth', 'greenerj', 'jniamtan', 'horton44', 'thoma682', 'capuano', 'ksyang', 'kim2896', 'tcroppe', 'jdustma', 'beckz', 'qlovejoy', 'xin16', 'nbobronn', 'edeyoun', 'davi1587', 'naveenvivek', 'obrie186', 'echattin', 'bkhaller', 'lotzj', 'duggan1', 'sschluth', 'cferguss', 'yoon164', 'rrauer', 'agarw162', 'rarnholt', 'wagne291', 'ksnewcom', 'fan262', 'abdelane', 'hpavel', 'rseif', 'givenc', 'lannon', 'nguye669', 'mitra30', 'tong89', 'greeder', 'jsohi', 'cdegnan', 'brow1633', 'mark27', 'thomp700', 'gnoel', 'jromalley44', 'brow1628', 'ntiwana', 'iaimiuwu', 'flatorre', 'zuo21', 'berger49', 'cartersjones7', 'rkoeiman', 'tobuchow', 'jlieberm', 'rockeke', 'sriniv96', 'cstepher', 'kim3078', 'sands7', 'shettin', 'evigo', 'cwichman', 'darrenmlie', 'agraw115', 'morton67', 'smit2922', 'simonz', 'lee3753', 'hwolff', 'aileenryan', 'dodd3', 'mrschiav', 'maladab', 'eschmelz', 'ahowse18', 'dempseyl', 'bobsitni', 'green381', 'bholtma', 'mgumin', 'jdobstaf', 'micahstevenst', 'wu1800', 'ddirckse', 'dfrohbe', 'meyer355', 'kim2836', 'dtaveeva', 'gould27', 'pmaynard', 'garimels', 'keithpreston99', 'phill292', 'vander11', 'raghurar', 'pmarcum', 'kdalkin', 'zderyke', 'pdogra', 'power105', 'avanhand', 'zhan3474', 'nmcnama', 'good27', 'lynch113', 'tbagnoli', 'beemanj', 'hall657', 'meyer367', 'aprasan', 'ahliu', 'gonza508', 'mdavide', 'jameskrieg451', 'apalermocollege', 'horgan', 'mcramerz', 'rsenapa', 'atakoch', 'iybarra', 'bolinge0', 'moraz', 'wakemanj', 'harry787', 'wild3', 'mkuether', 'houckc', 'malias', 'jhaehl', 'rseshadr24', 'lseidler', 'anuhyae', 'lewis502', 'barron22', 'jpetril', 'goldbe13', 'msdhillo', 'ndegraaf', 'jarf99', 'bmsutter', 'capece', 'fung12', 'lchittur', 'trem431', 'kevancho', 'coolrock', 'akokal', 'vhaight', 'vlenzi', None, 'hannon5', 'li3103', 'nmccarro', 'mathew71', 'crgomezt', 'feng238', 'saxena48', 'thomas847', 'hajwani', 'cchabria', 'park843', 'desai144']"
1,376,189,8,6,"['tong89', 'duggan1', 'goldbe13', 'akokal', 'zhan3474', 'jarf99']",183,"['aanil', 'valenci1', 'zh1806855308', 'colli291', 'ahaniyur', 'jdieffenbach1212', 'oshindel', 'john43', 'fehr0', 'lyons78', 'emizhiri', 'hamil145', 'wang4340', 'lopez427', 'schul137', 'tndesai', 'hunt143', 'baconka', 'shjaffer', 'mai20', 'parkry', 'dillon45', 'adrianchen8662', 'lee3757', 'dgulewic', 'porte177', 'ieckroth', 'greenerj', 'jniamtan', 'horton44', 'thoma682', 'capuano', 'ksyang', 'kim2896', 'tcroppe', 'jdustma', 'beckz', 'qlovejoy', 'xin16', 'nbobronn', 'edeyoun', 'davi1587', 'naveenvivek', 'obrie186', 'echattin', 'bkhaller', 'lotzj', 'sschluth', 'cferguss', 'yoon164', 'rrauer', 'agarw162', 'rarnholt', 'wagne291', 'ksnewcom', 'fan262', 'abdelane', 'hpavel', 'rseif', 'givenc', 'lannon', 'nguye669', 'mitra30', 'greeder', 'jsohi', 'cdegnan', 'brow1633', 'mark27', 'thomp700', 'gnoel', 'jromalley44', 'brow1628', 'ntiwana', 'iaimiuwu', 'flatorre', 'zuo21', 'berger49', 'cartersjones7', 'rkoeiman', 'tobuchow', 'jlieberm', 'rockeke', 'sriniv96', 'cstepher', 'kim3078', 'sands7', 'shettin', 'evigo', 'cwichman', 'darrenmlie', 'agraw115', 'morton67', 'smit2922', 'simonz', 'lee3753', 'hwolff', 'aileenryan', 'dodd3', 'mrschiav', 'maladab', 'eschmelz', 'ahowse18', 'dempseyl', 'bobsitni', 'green381', 'bholtma', 'mgumin', 'jdobstaf', 'micahstevenst', 'wu1800', 'ddirckse', 'dfrohbe', 'meyer355', 'kim2836', 'dtaveeva', 'gould27', 'pmaynard', 'garimels', 'keithpreston99', 'phill292', 'vander11', 'raghurar', 'pmarcum', 'kdalkin', 'zderyke', 'pdogra', 'power105', 'avanhand', 'nmcnama', 'good27', 'lynch113', 'tbagnoli', 'beemanj', 'hall657', 'meyer367', 'aprasan', 'ahliu', 'gonza508', 'mdavide', 'jameskrieg451', 'apalermocollege', 'horgan', 'mcramerz', 'rsenapa', 'atakoch', 'iybarra', 'bolinge0', 'moraz', 'wakemanj', 'wild3', 'mkuether', 'houckc', 'malias', 'jhaehl', 'rseshadr24', 'lseidler', 'anuhyae', 'lewis502', 'barron22', 'jpetril', 'msdhillo', 'ndegraaf', 'bmsutter', 'capece', 'fung12', 'lchittur', 'trem431', 'kevancho', 'coolrock', 'vhaight', 'vlenzi', 'hannon5', 'li3103', 'nmccarro', 'mathew71', 'crgomezt', 'feng238', 'saxena48', 'thomas847', 'hajwani', 'cchabria', 'park843', 'desai144']",2,"['li3479', None]",191,"['aanil', 'valenci1', 'zh1806855308', 'colli291', 'ahaniyur', 'jdieffenbach1212', 'oshindel', 'john43', 'fehr0', 'lyons78', 'emizhiri', 'hamil145', 'wang4340', 'lopez427', 'schul137', 'tndesai', 'hunt143', 'baconka', 'shjaffer', 'mai20', 'parkry', 'dillon45', 'adrianchen8662', 'lee3757', 'dgulewic', 'porte177', 'li3479', 'ieckroth', 'greenerj', 'jniamtan', 'horton44', 'thoma682', 'capuano', 'ksyang', 'kim2896', 'tcroppe', 'jdustma', 'beckz', 'qlovejoy', 'xin16', 'nbobronn', 'edeyoun', 'davi1587', 'naveenvivek', 'obrie186', 'echattin', 'bkhaller', 'lotzj', 'duggan1', 'sschluth', 'cferguss', 'yoon164', 'rrauer', 'agarw162', 'rarnholt', 'wagne291', 'ksnewcom', 'fan262', 'abdelane', 'hpavel', 'rseif', 'givenc', 'lannon', 'nguye669', 'mitra30', 'tong89', 'greeder', 'jsohi', 'cdegnan', 'brow1633', 'mark27', 'thomp700', 'gnoel', 'jromalley44', 'brow1628', 'ntiwana', 'iaimiuwu', 'flatorre', 'zuo21', 'berger49', 'cartersjones7', 'rkoeiman', 'tobuchow', 'jlieberm', 'rockeke', 'sriniv96', 'cstepher', 'kim3078', 'sands7', 'shettin', 'evigo', 'cwichman', 'darrenmlie', 'agraw115', 'morton67', 'smit2922', 'simonz', 'lee3753', 'hwolff', 'aileenryan', 'dodd3', 'mrschiav', 'maladab', 'eschmelz', 'ahowse18', 'dempseyl', 'bobsitni', 'green381', 'bholtma', 'mgumin', 'jdobstaf', 'micahstevenst', 'wu1800', 'ddirckse', 'dfrohbe', 'meyer355', 'kim2836', 'dtaveeva', 'gould27', 'pmaynard', 'garimels', 'keithpreston99', 'phill292', 'vander11', 'raghurar', 'pmarcum', 'kdalkin', 'zderyke', 'pdogra', 'power105', 'avanhand', 'zhan3474', 'nmcnama', 'good27', 'lynch113', 'tbagnoli', 'beemanj', 'hall657', 'meyer367', 'aprasan', 'ahliu', 'gonza508', 'mdavide', 'jameskrieg451', 'apalermocollege', 'horgan', 'mcramerz', 'rsenapa', 'atakoch', 'iybarra', 'bolinge0', 'moraz', 'wakemanj', 'wild3', 'mkuether', 'houckc', 'malias', 'jhaehl', 'rseshadr24', 'lseidler', 'anuhyae', 'lewis502', 'barron22', 'jpetril', 'goldbe13', 'msdhillo', 'ndegraaf', 'jarf99', 'bmsutter', 'capece', 'fung12', 'lchittur', 'trem431', 'kevancho', 'coolrock', 'akokal', 'vhaight', 'vlenzi', None, 'hannon5', 'li3103', 'nmccarro', 'mathew71', 'crgomezt', 'feng238', 'saxena48', 'thomas847', 'hajwani', 'cchabria', 'park843', 'desai144']"
1,378,189,8,5,"['apalermocollege', 'lchittur', 'dgulewic', 'park843', 'aileenryan']",184,"['aanil', 'valenci1', 'zh1806855308', 'colli291', 'ahaniyur', 'jdieffenbach1212', 'oshindel', 'john43', 'fehr0', 'lyons78', 'emizhiri', 'hamil145', 'wang4340', 'lopez427', 'schul137', 'tndesai', 'hunt143', 'baconka', 'shjaffer', 'mai20', 'parkry', 'dillon45', 'adrianchen8662', 'lee3757', 'porte177', 'ieckroth', 'greenerj', 'jniamtan', 'horton44', 'thoma682', 'capuano', 'ksyang', 'kim2896', 'tcroppe', 'jdustma', 'beckz', 'qlovejoy', 'xin16', 'nbobronn', 'edeyoun', 'davi1587', 'naveenvivek', 'obrie186', 'echattin', 'bkhaller', 'lotzj', 'duggan1', 'sschluth', 'cferguss', 'yoon164', 'rrauer', 'agarw162', 'rarnholt', 'wagne291', 'ksnewcom', 'fan262', 'abdelane', 'hpavel', 'rseif', 'givenc', 'lannon', 'nguye669', 'mitra30', 'tong89', 'greeder', 'jsohi', 'cdegnan', 'brow1633', 'mark27', 'thomp700', 'gnoel', 'jromalley44', 'brow1628', 'ntiwana', 'iaimiuwu', 'flatorre', 'zuo21', 'berger49', 'cartersjones7', 'rkoeiman', 'tobuchow', 'jlieberm', 'rockeke', 'sriniv96', 'cstepher', 'kim3078', 'sands7', 'shettin', 'evigo', 'cwichman', 'darrenmlie', 'agraw115', 'morton67', 'smit2922', 'simonz', 'lee3753', 'hwolff', 'dodd3', 'mrschiav', 'maladab', 'eschmelz', 'ahowse18', 'dempseyl', 'bobsitni', 'green381', 'bholtma', 'mgumin', 'jdobstaf', 'micahstevenst', 'wu1800', 'ddirckse', 'dfrohbe', 'meyer355', 'kim2836', 'dtaveeva', 'gould27', 'pmaynard', 'garimels', 'keithpreston99', 'phill292', 'vander11', 'raghurar', 'pmarcum', 'kdalkin', 'zderyke', 'pdogra', 'power105', 'avanhand', 'zhan3474', 'nmcnama', 'good27', 'lynch113', 'tbagnoli', 'beemanj', 'hall657', 'meyer367', 'aprasan', 'ahliu', 'gonza508', 'mdavide', 'jameskrieg451', 'horgan', 'mcramerz', 'rsenapa', 'atakoch', 'iybarra', 'bolinge0', 'moraz', 'wakemanj', 'wild3', 'mkuether', 'houckc', 'malias', 'jhaehl', 'rseshadr24', 'lseidler', 'anuhyae', 'lewis502', 'barron22', 'jpetril', 'goldbe13', 'msdhillo', 'ndegraaf', 'jarf99', 'bmsutter', 'capece', 'fung12', 'trem431', 'kevancho', 'coolrock', 'akokal', 'vhaight', 'vlenzi', 'hannon5', 'li3103', 'nmccarro', 'mathew71', 'crgomezt', 'feng238', 'saxena48', 'thomas847', 'hajwani', 'cchabria', 'desai144']",3,"['arayapro', None, 'istookey']",192,"['aanil', 'valenci1', 'zh1806855308', 'colli291', 'ahaniyur', 'jdieffenbach1212', 'oshindel', 'john43', 'fehr0', 'lyons78', 'emizhiri', 'hamil145', 'wang4340', 'lopez427', 'schul137', 'tndesai', 'hunt143', 'baconka', 'shjaffer', 'mai20', 'parkry', 'dillon45', 'adrianchen8662', 'lee3757', 'dgulewic', 'porte177', 'ieckroth', 'istookey', 'greenerj', 'jniamtan', 'horton44', 'thoma682', 'capuano', 'ksyang', 'kim2896', 'tcroppe', 'jdustma', 'beckz', 'qlovejoy', 'xin16', 'nbobronn', 'edeyoun', 'davi1587', 'naveenvivek', 'obrie186', 'echattin', 'bkhaller', 'lotzj', 'duggan1', 'sschluth', 'cferguss', 'yoon164', 'rrauer', 'agarw162', 'rarnholt', 'wagne291', 'ksnewcom', 'fan262', 'abdelane', 'hpavel', 'rseif', 'givenc', 'lannon', 'nguye669', 'mitra30', 'tong89', 'greeder', 'jsohi', 'cdegnan', 'brow1633', 'mark27', 'thomp700', 'gnoel', 'jromalley44', 'brow1628', 'ntiwana', 'iaimiuwu', 'flatorre', 'zuo21', 'berger49', 'cartersjones7', 'rkoeiman', 'tobuchow', 'jlieberm', 'rockeke', 'sriniv96', 'cstepher', 'kim3078', 'sands7', 'shettin', 'evigo', 'cwichman', 'darrenmlie', 'agraw115', 'morton67', 'smit2922', 'simonz', 'lee3753', 'hwolff', 'aileenryan', 'dodd3', 'mrschiav', 'maladab', 'eschmelz', 'ahowse18', 'dempseyl', 'bobsitni', 'green381', 'bholtma', 'mgumin', 'jdobstaf', 'micahstevenst', 'wu1800', 'ddirckse', 'dfrohbe', 'meyer355', 'kim2836', 'dtaveeva', 'gould27', 'pmaynard', 'garimels', 'keithpreston99', 'phill292', 'vander11', 'raghurar', 'pmarcum', 'kdalkin', 'zderyke', 'pdogra', 'power105', 'avanhand', 'zhan3474', 'nmcnama', 'good27', 'lynch113', 'tbagnoli', 'beemanj', 'hall657', 'meyer367', 'aprasan', 'ahliu', 'gonza508', 'mdavide', 'jameskrieg451', 'apalermocollege', 'horgan', 'mcramerz', 'rsenapa', 'atakoch', 'iybarra', 'bolinge0', 'moraz', 'wakemanj', 'wild3', 'mkuether', 'houckc', 'malias', 'jhaehl', 'rseshadr24', 'lseidler', 'anuhyae', 'lewis502', 'barron22', 'jpetril', 'goldbe13', 'msdhillo', 'ndegraaf', 'jarf99', 'bmsutter', 'capece', 'fung12', 'lchittur', 'trem431', 'kevancho', 'coolrock', 'akokal', 'vhaight', 'vlenzi', None, 'hannon5', 'li3103', 'nmccarro', 'mathew71', 'arayapro', 'crgomezt', 'feng238', 'saxena48', 'thomas847', 'hajwani', 'cchabria', 'park843', 'desai144']"
1,276,189,7,5,"['kdalkin', 'jlieberm', 'atakoch', 'abdelane', 'hamil145']",184,"['aanil', 'valenci1', 'zh1806855308', 'colli291', 'ahaniyur', 'jdieffenbach1212', 'oshindel', 'john43', 'fehr0', 'lyons78', 'emizhiri', 'wang4340', 'lopez427', 'schul137', 'tndesai', 'hunt143', 'baconka', 'shjaffer', 'mai20', 'parkry', 'dillon45', 'adrianchen8662', 'lee3757', 'dgulewic', 'porte177', 'ieckroth', 'greenerj', 'jniamtan', 'horton44', 'thoma682', 'capuano', 'ksyang', 'kim2896', 'tcroppe', 'jdustma', 'beckz', 'qlovejoy', 'xin16', 'nbobronn', 'edeyoun', 'davi1587', 'naveenvivek', 'obrie186', 'echattin', 'bkhaller', 'lotzj', 'duggan1', 'sschluth', 'cferguss', 'yoon164', 'rrauer', 'agarw162', 'rarnholt', 'wagne291', 'ksnewcom', 'fan262', 'hpavel', 'rseif', 'givenc', 'lannon', 'nguye669', 'mitra30', 'tong89', 'greeder', 'jsohi', 'cdegnan', 'brow1633', 'mark27', 'thomp700', 'gnoel', 'jromalley44', 'brow1628', 'ntiwana', 'iaimiuwu', 'flatorre', 'zuo21', 'berger49', 'cartersjones7', 'rkoeiman', 'tobuchow', 'rockeke', 'sriniv96', 'cstepher', 'kim3078', 'sands7', 'shettin', 'evigo', 'cwichman', 'darrenmlie', 'agraw115', 'morton67', 'smit2922', 'simonz', 'lee3753', 'hwolff', 'aileenryan', 'dodd3', 'mrschiav', 'maladab', 'eschmelz', 'ahowse18', 'dempseyl', 'bobsitni', 'green381', 'bholtma', 'mgumin', 'jdobstaf', 'micahstevenst', 'wu1800', 'ddirckse', 'dfrohbe', 'meyer355', 'kim2836', 'dtaveeva', 'gould27', 'pmaynard', 'garimels', 'keithpreston99', 'phill292', 'vander11', 'raghurar', 'pmarcum', 'zderyke', 'pdogra', 'power105', 'avanhand', 'zhan3474', 'nmcnama', 'good27', 'lynch113', 'tbagnoli', 'beemanj', 'hall657', 'meyer367', 'aprasan', 'ahliu', 'gonza508', 'mdavide', 'jameskrieg451', 'apalermocollege', 'horgan', 'mcramerz', 'rsenapa', 'iybarra', 'bolinge0', 'moraz', 'wakemanj', 'wild3', 'mkuether', 'houckc', 'malias', 'jhaehl', 'rseshadr24', 'lseidler', 'anuhyae', 'lewis502', 'barron22', 'jpetril', 'goldbe13', 'msdhillo', 'ndegraaf', 'jarf99', 'bmsutter', 'capece', 'fung12', 'lchittur', 'trem431', 'kevancho', 'coolrock', 'akokal', 'vhaight', 'vlenzi', 'hannon5', 'li3103', 'nmccarro', 'mathew71', 'crgomezt', 'feng238', 'saxena48', 'thomas847', 'hajwani', 'cchabria', 'park843', 'desai144']",2,"['rapplet', None]",191,"['aanil', 'valenci1', 'zh1806855308', 'colli291', 'ahaniyur', 'jdieffenbach1212', 'oshindel', 'john43', 'fehr0', 'lyons78', 'emizhiri', 'hamil145', 'wang4340', 'lopez427', 'schul137', 'tndesai', 'hunt143', 'baconka', 'shjaffer', 'mai20', 'parkry', 'dillon45', 'adrianchen8662', 'lee3757', 'dgulewic', 'porte177', 'ieckroth', 'greenerj', 'jniamtan', 'horton44', 'thoma682', 'capuano', 'ksyang', 'kim2896', 'tcroppe', 'jdustma', 'beckz', 'qlovejoy', 'xin16', 'nbobronn', 'edeyoun', 'davi1587', 'naveenvivek', 'obrie186', 'echattin', 'bkhaller', 'lotzj', 'duggan1', 'sschluth', 'cferguss', 'yoon164', 'rrauer', 'agarw162', 'rarnholt', 'wagne291', 'ksnewcom', 'fan262', 'abdelane', 'hpavel', 'rseif', 'givenc', 'lannon', 'nguye669', 'mitra30', 'tong89', 'greeder', 'jsohi', 'cdegnan', 'brow1633', 'mark27', 'thomp700', 'gnoel', 'jromalley44', 'brow1628', 'ntiwana', 'iaimiuwu', 'flatorre', 'zuo21', 'berger49', 'cartersjones7', 'rkoeiman', 'tobuchow', 'jlieberm', 'rockeke', 'sriniv96', 'cstepher', 'kim3078', 'sands7', 'rapplet', 'shettin', 'evigo', 'cwichman', 'darrenmlie', 'agraw115', 'morton67', 'smit2922', 'simonz', 'lee3753', 'hwolff', 'aileenryan', 'dodd3', 'mrschiav', 'maladab', 'eschmelz', 'ahowse18', 'dempseyl', 'bobsitni', 'green381', 'bholtma', 'mgumin', 'jdobstaf', 'micahstevenst', 'wu1800', 'ddirckse', 'dfrohbe', 'meyer355', 'kim2836', 'dtaveeva', 'gould27', 'pmaynard', 'garimels', 'keithpreston99', 'phill292', 'vander11', 'raghurar', 'pmarcum', 'kdalkin', 'zderyke', 'pdogra', 'power105', 'avanhand', 'zhan3474', 'nmcnama', 'good27', 'lynch113', 'tbagnoli', 'beemanj', 'hall657', 'meyer367', 'aprasan', 'ahliu', 'gonza508', 'mdavide', 'jameskrieg451', 'apalermocollege', 'horgan', 'mcramerz', 'rsenapa', 'atakoch', 'iybarra', 'bolinge0', 'moraz', 'wakemanj', 'wild3', 'mkuether', 'houckc', 'malias', 'jhaehl', 'rseshadr24', 'lseidler', 'anuhyae', 'lewis502', 'barron22', 'jpetril', 'goldbe13', 'msdhillo', 'ndegraaf', 'jarf99', 'bmsutter', 'capece', 'fung12', 'lchittur', 'trem431', 'kevancho', 'coolrock', 'akokal', 'vhaight', 'vlenzi', None, 'hannon5', 'li3103', 'nmccarro', 'mathew71', 'crgomezt', 'feng238', 'saxena48', 'thomas847', 'hajwani', 'cchabria', 'park843', 'desai144']"
1,594,189,7,4,"['tong89', 'wakemanj', 'duggan1', 'zhan3474']",185,"['aanil', 'valenci1', 'zh1806855308', 'colli291', 'ahaniyur', 'jdieffenbach1212', 'oshindel', 'john43', 'fehr0', 'lyons78', 'emizhiri', 'hamil145', 'wang4340', 'lopez427', 'schul137', 'tndesai', 'hunt143', 'baconka', 'shjaffer', 'mai20', 'parkry', 'dillon45', 'adrianchen8662', 'lee3757', 'dgulewic', 'porte177', 'ieckroth', 'greenerj', 'jniamtan', 'horton44', 'thoma682', 'capuano', 'ksyang', 'kim2896', 'tcroppe', 'jdustma', 'beckz', 'qlovejoy', 'xin16', 'nbobronn', 'edeyoun', 'davi1587', 'naveenvivek', 'obrie186', 'echattin', 'bkhaller', 'lotzj', 'sschluth', 'cferguss', 'yoon164', 'rrauer', 'agarw162', 'rarnholt', 'wagne291', 'ksnewcom', 'fan262', 'abdelane', 'hpavel', 'rseif', 'givenc', 'lannon', 'nguye669', 'mitra30', 'greeder', 'jsohi', 'cdegnan', 'brow1633', 'mark27', 'thomp700', 'gnoel', 'jromalley44', 'brow1628', 'ntiwana', 'iaimiuwu', 'flatorre', 'zuo21', 'berger49', 'cartersjones7', 'rkoeiman', 'tobuchow', 'jlieberm', 'rockeke', 'sriniv96', 'cstepher', 'kim3078', 'sands7', 'shettin', 'evigo', 'cwichman', 'darrenmlie', 'agraw115', 'morton67', 'smit2922', 'simonz', 'lee3753', 'hwolff', 'aileenryan', 'dodd3', 'mrschiav', 'maladab', 'eschmelz', 'ahowse18', 'dempseyl', 'bobsitni', 'green381', 'bholtma', 'mgumin', 'jdobstaf', 'micahstevenst', 'wu1800', 'ddirckse', 'dfrohbe', 'meyer355', 'kim2836', 'dtaveeva', 'gould27', 'pmaynard', 'garimels', 'keithpreston99', 'phill292', 'vander11', 'raghurar', 'pmarcum', 'kdalkin', 'zderyke', 'pdogra', 'power105', 'avanhand', 'nmcnama', 'good27', 'lynch113', 'tbagnoli', 'beemanj', 'hall657', 'meyer367', 'aprasan', 'ahliu', 'gonza508', 'mdavide', 'jameskrieg451', 'apalermocollege', 'horgan', 'mcramerz', 'rsenapa', 'atakoch', 'iybarra', 'bolinge0', 'moraz', 'wild3', 'mkuether', 'houckc', 'malias', 'jhaehl', 'rseshadr24', 'lseidler', 'anuhyae', 'lewis502', 'barron22', 'jpetril', 'goldbe13', 'msdhillo', 'ndegraaf', 'jarf99', 'bmsutter', 'capece', 'fung12', 'lchittur', 'trem431', 'kevancho', 'coolrock', 'akokal', 'vhaight', 'vlenzi', 'hannon5', 'li3103', 'nmccarro', 'mathew71', 'crgomezt', 'feng238', 'saxena48', 'thomas847', 'hajwani', 'cchabria', 'park843', 'desai144']",3,"['li3479', None, 'eabraham']",192,"['aanil', 'valenci1', 'zh1806855308', 'colli291', 'ahaniyur', 'jdieffenbach1212', 'oshindel', 'john43', 'fehr0', 'lyons78', 'emizhiri', 'hamil145', 'wang4340', 'lopez427', 'schul137', 'tndesai', 'hunt143', 'baconka', 'shjaffer', 'mai20', 'parkry', 'dillon45', 'adrianchen8662', 'lee3757', 'dgulewic', 'porte177', 'li3479', 'ieckroth', 'greenerj', 'jniamtan', 'horton44', 'thoma682', 'capuano', 'ksyang', 'kim2896', 'tcroppe', 'jdustma', 'beckz', 'qlovejoy', 'xin16', 'nbobronn', 'eabraham', 'edeyoun', 'davi1587', 'naveenvivek', 'obrie186', 'echattin', 'bkhaller', 'lotzj', 'duggan1', 'sschluth', 'cferguss', 'yoon164', 'rrauer', 'agarw162', 'rarnholt', 'wagne291', 'ksnewcom', 'fan262', 'abdelane', 'hpavel', 'rseif', 'givenc', 'lannon', 'nguye669', 'mitra30', 'tong89', 'greeder', 'jsohi', 'cdegnan', 'brow1633', 'mark27', 'thomp700', 'gnoel', 'jromalley44', 'brow1628', 'ntiwana', 'iaimiuwu', 'flatorre', 'zuo21', 'berger49', 'cartersjones7', 'rkoeiman', 'tobuchow', 'jlieberm', 'rockeke', 'sriniv96', 'cstepher', 'kim3078', 'sands7', 'shettin', 'evigo', 'cwichman', 'darrenmlie', 'agraw115', 'morton67', 'smit2922', 'simonz', 'lee3753', 'hwolff', 'aileenryan', 'dodd3', 'mrschiav', 'maladab', 'eschmelz', 'ahowse18', 'dempseyl', 'bobsitni', 'green381', 'bholtma', 'mgumin', 'jdobstaf', 'micahstevenst', 'wu1800', 'ddirckse', 'dfrohbe', 'meyer355', 'kim2836', 'dtaveeva', 'gould27', 'pmaynard', 'garimels', 'keithpreston99', 'phill292', 'vander11', 'raghurar', 'pmarcum', 'kdalkin', 'zderyke', 'pdogra', 'power105', 'avanhand', 'zhan3474', 'nmcnama', 'good27', 'lynch113', 'tbagnoli', 'beemanj', 'hall657', 'meyer367', 'aprasan', 'ahliu', 'gonza508', 'mdavide', 'jameskrieg451', 'apalermocollege', 'horgan', 'mcramerz', 'rsenapa', 'atakoch', 'iybarra', 'bolinge0', 'moraz', 'wakemanj', 'wild3', 'mkuether', 'houckc', 'malias', 'jhaehl', 'rseshadr24', 'lseidler', 'anuhyae', 'lewis502', 'barron22', 'jpetril', 'goldbe13', 'msdhillo', 'ndegraaf', 'jarf99', 'bmsutter', 'capece', 'fung12', 'lchittur', 'trem431', 'kevancho', 'coolrock', 'akokal', 'vhaight', 'vlenzi', None, 'hannon5', 'li3103', 'nmccarro', 'mathew71', 'crgomezt', 'feng238', 'saxena48', 'thomas847', 'hajwani', 'cchabria', 'park843', 'desai144']"
1,595,189,7,4,"['edeyoun', 'lynch113', 'rseif', 'crgomezt']",185,"['aanil', 'valenci1', 'zh1806855308', 'colli291', 'ahaniyur', 'jdieffenbach1212', 'oshindel', 'john43', 'fehr0', 'lyons78', 'emizhiri', 'hamil145', 'wang4340', 'lopez427', 'schul137', 'tndesai', 'hunt143', 'baconka', 'shjaffer', 'mai20', 'parkry', 'dillon45', 'adrianchen8662', 'lee3757', 'dgulewic', 'porte177', 'ieckroth', 'greenerj', 'jniamtan', 'horton44', 'thoma682', 'capuano', 'ksyang', 'kim2896', 'tcroppe', 'jdustma', 'beckz', 'qlovejoy', 'xin16', 'nbobronn', 'davi1587', 'naveenvivek', 'obrie186', 'echattin', 'bkhaller', 'lotzj', 'duggan1', 'sschluth', 'cferguss', 'yoon164', 'rrauer', 'agarw162', 'rarnholt', 'wagne291', 'ksnewcom', 'fan262', 'abdelane', 'hpavel', 'givenc', 'lannon', 'nguye669', 'mitra30', 'tong89', 'greeder', 'jsohi', 'cdegnan', 'brow1633', 'mark27', 'thomp700', 'gnoel', 'jromalley44', 'brow1628', 'ntiwana', 'iaimiuwu', 'flatorre', 'zuo21', 'berger49', 'cartersjones7', 'rkoeiman', 'tobuchow', 'jlieberm', 'rockeke', 'sriniv96', 'cstepher', 'kim3078', 'sands7', 'shettin', 'evigo', 'cwichman', 'darrenmlie', 'agraw115', 'morton67', 'smit2922', 'simonz', 'lee3753', 'hwolff', 'aileenryan', 'dodd3', 'mrschiav', 'maladab', 'eschmelz', 'ahowse18', 'dempseyl', 'bobsitni', 'green381', 'bholtma', 'mgumin', 'jdobstaf', 'micahstevenst', 'wu1800', 'ddirckse', 'dfrohbe', 'meyer355', 'kim2836', 'dtaveeva', 'gould27', 'pmaynard', 'garimels', 'keithpreston99', 'phill292', 'vander11', 'raghurar', 'pmarcum', 'kdalkin', 'zderyke', 'pdogra', 'power105', 'avanhand', 'zhan3474', 'nmcnama', 'good27', 'tbagnoli', 'beemanj', 'hall657', 'meyer367', 'aprasan', 'ahliu', 'gonza508', 'mdavide', 'jameskrieg451', 'apalermocollege', 'horgan', 'mcramerz', 'rsenapa', 'atakoch', 'iybarra', 'bolinge0', 'moraz', 'wakemanj', 'wild3', 'mkuether', 'houckc', 'malias', 'jhaehl', 'rseshadr24', 'lseidler', 'anuhyae', 'lewis502', 'barron22', 'jpetril', 'goldbe13', 'msdhillo', 'ndegraaf', 'jarf99', 'bmsutter', 'capece', 'fung12', 'lchittur', 'trem431', 'kevancho', 'coolrock', 'akokal', 'vhaight', 'vlenzi', 'hannon5', 'li3103', 'nmccarro', 'mathew71', 'feng238', 'saxena48', 'thomas847', 'hajwani', 'cchabria', 'park843', 'desai144']",3,"['rinnocen', None, 'gradyr']",192,"['aanil', 'valenci1', 'zh1806855308', 'colli291', 'ahaniyur', 'jdieffenbach1212', 'oshindel', 'john43', 'fehr0', 'lyons78', 'emizhiri', 'hamil145', 'wang4340', 'lopez427', 'schul137', 'tndesai', 'hunt143', 'baconka', 'shjaffer', 'mai20', 'parkry', 'dillon45', 'adrianchen8662', 'lee3757', 'dgulewic', 'porte177', 'ieckroth', 'greenerj', 'jniamtan', 'horton44', 'thoma682', 'capuano', 'ksyang', 'kim2896', 'tcroppe', 'jdustma', 'beckz', 'qlovejoy', 'xin16', 'nbobronn', 'edeyoun', 'davi1587', 'naveenvivek', 'obrie186', 'echattin', 'bkhaller', 'lotzj', 'duggan1', 'sschluth', 'cferguss', 'yoon164', 'rrauer', 'agarw162', 'rarnholt', 'wagne291', 'ksnewcom', 'fan262', 'abdelane', 'hpavel', 'rseif', 'givenc', 'lannon', 'nguye669', 'mitra30', 'tong89', 'greeder', 'jsohi', 'cdegnan', 'brow1633', 'mark27', 'thomp700', 'gnoel', 'jromalley44', 'brow1628', 'ntiwana', 'iaimiuwu', 'flatorre', 'zuo21', 'berger49', 'cartersjones7', 'rkoeiman', 'tobuchow', 'jlieberm', 'rockeke', 'sriniv96', 'cstepher', 'kim3078', 'sands7', 'shettin', 'evigo', 'cwichman', 'darrenmlie', 'agraw115', 'morton67', 'smit2922', 'simonz', 'lee3753', 'hwolff', 'rinnocen', 'aileenryan', 'dodd3', 'mrschiav', 'maladab', 'eschmelz', 'ahowse18', 'dempseyl', 'bobsitni', 'green381', 'bholtma', 'mgumin', 'jdobstaf', 'micahstevenst', 'wu1800', 'ddirckse', 'dfrohbe', 'meyer355', 'kim2836', 'dtaveeva', 'gould27', 'pmaynard', 'garimels', 'keithpreston99', 'phill292', 'vander11', 'raghurar', 'pmarcum', 'kdalkin', 'zderyke', 'pdogra', 'power105', 'avanhand', 'zhan3474', 'nmcnama', 'good27', 'lynch113', 'gradyr', 'tbagnoli', 'beemanj', 'hall657', 'meyer367', 'aprasan', 'ahliu', 'gonza508', 'mdavide', 'jameskrieg451', 'apalermocollege', 'horgan', 'mcramerz', 'rsenapa', 'atakoch', 'iybarra', 'bolinge0', 'moraz', 'wakemanj', 'wild3', 'mkuether', 'houckc', 'malias', 'jhaehl', 'rseshadr24', 'lseidler', 'anuhyae', 'lewis502', 'barron22', 'jpetril', 'goldbe13', 'msdhillo', 'ndegraaf', 'jarf99', 'bmsutter', 'capece', 'fung12', 'lchittur', 'trem431', 'kevancho', 'coolrock', 'akokal', 'vhaight', 'vlenzi', None, 'hannon5', 'li3103', 'nmccarro', 'mathew71', 'crgomezt', 'feng238', 'saxena48', 'thomas847', 'hajwani', 'cchabria', 'park843', 'desai144']"
1,155,189,6,4,"['gonza508', 'hall657', 'fung12', 'lyons78']",185,"['aanil', 'valenci1', 'zh1806855308', 'colli291', 'ahaniyur', 'jdieffenbach1212', 'oshindel', 'john43', 'fehr0', 'emizhiri', 'hamil145', 'wang4340', 'lopez427', 'schul137', 'tndesai', 'hunt143', 'baconka', 'shjaffer', 'mai20', 'parkry', 'dillon45', 'adrianchen8662', 'lee3757', 'dgulewic', 'porte177', 'ieckroth', 'greenerj', 'jniamtan', 'horton44', 'thoma682', 'capuano', 'ksyang', 'kim2896', 'tcroppe', 'jdustma', 'beckz', 'qlovejoy', 'xin16', 'nbobronn', 'edeyoun', 'davi1587', 'naveenvivek', 'obrie186', 'echattin', 'bkhaller', 'lotzj', 'duggan1', 'sschluth', 'cferguss', 'yoon164', 'rrauer', 'agarw162', 'rarnholt', 'wagne291', 'ksnewcom', 'fan262', 'abdelane', 'hpavel', 'rseif', 'givenc', 'lannon', 'nguye669', 'mitra30', 'tong89', 'greeder', 'jsohi', 'cdegnan', 'brow1633', 'mark27', 'thomp700', 'gnoel', 'jromalley44', 'brow1628', 'ntiwana', 'iaimiuwu', 'flatorre', 'zuo21', 'berger49', 'cartersjones7', 'rkoeiman', 'tobuchow', 'jlieberm', 'rockeke', 'sriniv96', 'cstepher', 'kim3078', 'sands7', 'shettin', 'evigo', 'cwichman', 'darrenmlie', 'agraw115', 'morton67', 'smit2922', 'simonz', 'lee3753', 'hwolff', 'aileenryan', 'dodd3', 'mrschiav', 'maladab', 'eschmelz', 'ahowse18', 'dempseyl', 'bobsitni', 'green381', 'bholtma', 'mgumin', 'jdobstaf', 'micahstevenst', 'wu1800', 'ddirckse', 'dfrohbe', 'meyer355', 'kim2836', 'dtaveeva', 'gould27', 'pmaynard', 'garimels', 'keithpreston99', 'phill292', 'vander11', 'raghurar', 'pmarcum', 'kdalkin', 'zderyke', 'pdogra', 'power105', 'avanhand', 'zhan3474', 'nmcnama', 'good27', 'lynch113', 'tbagnoli', 'beemanj', 'meyer367', 'aprasan', 'ahliu', 'mdavide', 'jameskrieg451', 'apalermocollege', 'horgan', 'mcramerz', 'rsenapa', 'atakoch', 'iybarra', 'bolinge0', 'moraz', 'wakemanj', 'wild3', 'mkuether', 'houckc', 'malias', 'jhaehl', 'rseshadr24', 'lseidler', 'anuhyae', 'lewis502', 'barron22', 'jpetril', 'goldbe13', 'msdhillo', 'ndegraaf', 'jarf99', 'bmsutter', 'capece', 'lchittur', 'trem431', 'kevancho', 'coolrock', 'akokal', 'vhaight', 'vlenzi', 'hannon5', 'li3103', 'nmccarro', 'mathew71', 'crgomezt', 'feng238', 'saxena48', 'thomas847', 'hajwani', 'cchabria', 'park843', 'desai144']",2,"[None, 'kganbold']",191,"['aanil', 'valenci1', 'zh1806855308', 'colli291', 'ahaniyur', 'jdieffenbach1212', 'oshindel', 'john43', 'fehr0', 'lyons78', 'emizhiri', 'hamil145', 'wang4340', 'lopez427', 'schul137', 'tndesai', 'hunt143', 'baconka', 'shjaffer', 'mai20', 'parkry', 'dillon45', 'adrianchen8662', 'lee3757', 'dgulewic', 'porte177', 'ieckroth', 'greenerj', 'jniamtan', 'horton44', 'thoma682', 'capuano', 'ksyang', 'kim2896', 'tcroppe', 'jdustma', 'beckz', 'qlovejoy', 'xin16', 'nbobronn', 'edeyoun', 'davi1587', 'naveenvivek', 'obrie186', 'echattin', 'bkhaller', 'lotzj', 'duggan1', 'sschluth', 'cferguss', 'yoon164', 'rrauer', 'agarw162', 'rarnholt', 'wagne291', 'ksnewcom', 'fan262', 'abdelane', 'hpavel', 'rseif', 'givenc', 'lannon', 'nguye669', 'mitra30', 'tong89', 'greeder', 'jsohi', 'cdegnan', 'brow1633', 'mark27', 'thomp700', 'gnoel', 'jromalley44', 'brow1628', 'ntiwana', 'iaimiuwu', 'flatorre', 'zuo21', 'berger49', 'cartersjones7', 'rkoeiman', 'tobuchow', 'jlieberm', 'rockeke', 'sriniv96', 'cstepher', 'kim3078', 'sands7', 'shettin', 'evigo', 'cwichman', 'darrenmlie', 'agraw115', 'kganbold', 'morton67', 'smit2922', 'simonz', 'lee3753', 'hwolff', 'aileenryan', 'dodd3', 'mrschiav', 'maladab', 'eschmelz', 'ahowse18', 'dempseyl', 'bobsitni', 'green381', 'bholtma', 'mgumin', 'jdobstaf', 'micahstevenst', 'wu1800', 'ddirckse', 'dfrohbe', 'meyer355', 'kim2836', 'dtaveeva', 'gould27', 'pmaynard', 'garimels', 'keithpreston99', 'phill292', 'vander11', 'raghurar', 'pmarcum', 'kdalkin', 'zderyke', 'pdogra', 'power105', 'avanhand', 'zhan3474', 'nmcnama', 'good27', 'lynch113', 'tbagnoli', 'beemanj', 'hall657', 'meyer367', 'aprasan', 'ahliu', 'gonza508', 'mdavide', 'jameskrieg451', 'apalermocollege', 'horgan', 'mcramerz', 'rsenapa', 'atakoch', 'iybarra', 'bolinge0', 'moraz', 'wakemanj', 'wild3', 'mkuether', 'houckc', 'malias', 'jhaehl', 'rseshadr24', 'lseidler', 'anuhyae', 'lewis502', 'barron22', 'jpetril', 'goldbe13', 'msdhillo', 'ndegraaf', 'jarf99', 'bmsutter', 'capece', 'fung12', 'lchittur', 'trem431', 'kevancho', 'coolrock', 'akokal', 'vhaight', 'vlenzi', None, 'hannon5', 'li3103', 'nmccarro', 'mathew71', 'crgomezt', 'feng238', 'saxena48', 'thomas847', 'hajwani', 'cchabria', 'park843', 'desai144']"
1,377,189,6,5,"['kdalkin', 'jlieberm', 'atakoch', 'abdelane', 'hamil145']",184,"['aanil', 'valenci1', 'zh1806855308', 'colli291', 'ahaniyur', 'jdieffenbach1212', 'oshindel', 'john43', 'fehr0', 'lyons78', 'emizhiri', 'wang4340', 'lopez427', 'schul137', 'tndesai', 'hunt143', 'baconka', 'shjaffer', 'mai20', 'parkry', 'dillon45', 'adrianchen8662', 'lee3757', 'dgulewic', 'porte177', 'ieckroth', 'greenerj', 'jniamtan', 'horton44', 'thoma682', 'capuano', 'ksyang', 'kim2896', 'tcroppe', 'jdustma', 'beckz', 'qlovejoy', 'xin16', 'nbobronn', 'edeyoun', 'davi1587', 'naveenvivek', 'obrie186', 'echattin', 'bkhaller', 'lotzj', 'duggan1', 'sschluth', 'cferguss', 'yoon164', 'rrauer', 'agarw162', 'rarnholt', 'wagne291', 'ksnewcom', 'fan262', 'hpavel', 'rseif', 'givenc', 'lannon', 'nguye669', 'mitra30', 'tong89', 'greeder', 'jsohi', 'cdegnan', 'brow1633', 'mark27', 'thomp700', 'gnoel', 'jromalley44', 'brow1628', 'ntiwana', 'iaimiuwu', 'flatorre', 'zuo21', 'berger49', 'cartersjones7', 'rkoeiman', 'tobuchow', 'rockeke', 'sriniv96', 'cstepher', 'kim3078', 'sands7', 'shettin', 'evigo', 'cwichman', 'darrenmlie', 'agraw115', 'morton67', 'smit2922', 'simonz', 'lee3753', 'hwolff', 'aileenryan', 'dodd3', 'mrschiav', 'maladab', 'eschmelz', 'ahowse18', 'dempseyl', 'bobsitni', 'green381', 'bholtma', 'mgumin', 'jdobstaf', 'micahstevenst', 'wu1800', 'ddirckse', 'dfrohbe', 'meyer355', 'kim2836', 'dtaveeva', 'gould27', 'pmaynard', 'garimels', 'keithpreston99', 'phill292', 'vander11', 'raghurar', 'pmarcum', 'zderyke', 'pdogra', 'power105', 'avanhand', 'zhan3474', 'nmcnama', 'good27', 'lynch113', 'tbagnoli', 'beemanj', 'hall657', 'meyer367', 'aprasan', 'ahliu', 'gonza508', 'mdavide', 'jameskrieg451', 'apalermocollege', 'horgan', 'mcramerz', 'rsenapa', 'iybarra', 'bolinge0', 'moraz', 'wakemanj', 'wild3', 'mkuether', 'houckc', 'malias', 'jhaehl', 'rseshadr24', 'lseidler', 'anuhyae', 'lewis502', 'barron22', 'jpetril', 'goldbe13', 'msdhillo', 'ndegraaf', 'jarf99', 'bmsutter', 'capece', 'fung12', 'lchittur', 'trem431', 'kevancho', 'coolrock', 'akokal', 'vhaight', 'vlenzi', 'hannon5', 'li3103', 'nmccarro', 'mathew71', 'crgomezt', 'feng238', 'saxena48', 'thomas847', 'hajwani', 'cchabria', 'park843', 'desai144']",1,[None],190,"['aanil', 'valenci1', 'zh1806855308', 'colli291', 'ahaniyur', 'jdieffenbach1212', 'oshindel', 'john43', 'fehr0', 'lyons78', 'emizhiri', 'hamil145', 'wang4340', 'lopez427', 'schul137', 'tndesai', 'hunt143', 'baconka', 'shjaffer', 'mai20', 'parkry', 'dillon45', 'adrianchen8662', 'lee3757', 'dgulewic', 'porte177', 'ieckroth', 'greenerj', 'jniamtan', 'horton44', 'thoma682', 'capuano', 'ksyang', 'kim2896', 'tcroppe', 'jdustma', 'beckz', 'qlovejoy', 'xin16', 'nbobronn', 'edeyoun', 'davi1587', 'naveenvivek', 'obrie186', 'echattin', 'bkhaller', 'lotzj', 'duggan1', 'sschluth', 'cferguss', 'yoon164', 'rrauer', 'agarw162', 'rarnholt', 'wagne291', 'ksnewcom', 'fan262', 'abdelane', 'hpavel', 'rseif', 'givenc', 'lannon', 'nguye669', 'mitra30', 'tong89', 'greeder', 'jsohi', 'cdegnan', 'brow1633', 'mark27', 'thomp700', 'gnoel', 'jromalley44', 'brow1628', 'ntiwana', 'iaimiuwu', 'flatorre', 'zuo21', 'berger49', 'cartersjones7', 'rkoeiman', 'tobuchow', 'jlieberm', 'rockeke', 'sriniv96', 'cstepher', 'kim3078', 'sands7', 'shettin', 'evigo', 'cwichman', 'darrenmlie', 'agraw115', 'morton67', 'smit2922', 'simonz', 'lee3753', 'hwolff', 'aileenryan', 'dodd3', 'mrschiav', 'maladab', 'eschmelz', 'ahowse18', 'dempseyl', 'bobsitni', 'green381', 'bholtma', 'mgumin', 'jdobstaf', 'micahstevenst', 'wu1800', 'ddirckse', 'dfrohbe', 'meyer355', 'kim2836', 'dtaveeva', 'gould27', 'pmaynard', 'garimels', 'keithpreston99', 'phill292', 'vander11', 'raghurar', 'pmarcum', 'kdalkin', 'zderyke', 'pdogra', 'power105', 'avanhand', 'zhan3474', 'nmcnama', 'good27', 'lynch113', 'tbagnoli', 'beemanj', 'hall657', 'meyer367', 'aprasan', 'ahliu', 'gonza508', 'mdavide', 'jameskrieg451', 'apalermocollege', 'horgan', 'mcramerz', 'rsenapa', 'atakoch', 'iybarra', 'bolinge0', 'moraz', 'wakemanj', 'wild3', 'mkuether', 'houckc', 'malias', 'jhaehl', 'rseshadr24', 'lseidler', 'anuhyae', 'lewis502', 'barron22', 'jpetril', 'goldbe13', 'msdhillo', 'ndegraaf', 'jarf99', 'bmsutter', 'capece', 'fung12', 'lchittur', 'trem431', 'kevancho', 'coolrock', 'akokal', 'vhaight', 'vlenzi', None, 'hannon5', 'li3103', 'nmccarro', 'mathew71', 'crgomezt', 'feng238', 'saxena48', 'thomas847', 'hajwani', 'cchabria', 'park843', 'desai144']"
2,439,159,93,90,"['genzo', 'alessandro00', 's284818a', 'francesco.travaglio2001', 'zante00', 'murandefrancesco', 'lorenzoaime92', 'davide_putorti', 'alessandrospongano12', 'lubertinonunzia', 'federica', 'agnese_carignano', 'mariocol2000', 'luciarisoli', 'samueltron9', 'tommisabba', 'polpol', 'angela.scarlino4', 'niccabeus', 'luca_remondino', 's203837', 'edoardo02', 'nicola2001', 'davide_indorato_01', 'simonelp01', 'robertaleo81', 's281136', 'andreadellabate02', 'enrico_pavese', 'valerio.actis.d.c', 's282301', 'matteshala', 'camagnaluca01', 'tommy_dugo', 'sabatocarlotta', 'marta.leonetti16', 'giorgiogio783', 'alessandronuti99', 'francescomonni01', 'francesca.agli', 'critelli.samuele', 'jade00', 'boggiedown', 'evacatoggio', 'guglielmo24', 'matteorossi', 'giac416', 'gennysanzone346', 'spampione17', 'arlind189', 'giorgiamazzaro', 'alessandra', 'federicadelvecchio', 'luigidimola001', 'and.cur15', 'andrea00.piovano', 'ferrarogae01', 'federicoarnaudo', 'lolloleli', 'mrem13', 'ildottore01', 'nikychristillin', 'lorenzo_delaurentis_01', 'ale.tarro.g', 'lebuosky', 'venerito', 'giovannipellegrinoo', 'marco.cavallo', 'carladevittorio', 'dimitricresp', 'albertocibelli01', 'lorynova01', 'sara262', 'gabriele.beltrone', 'michelangelo01', 'piaiamatteo', 'ciroccoantonio', 'gferri', 'paoloarc', 'lorenzo.lucia01', 's281478', 'silviacostanza.sc', 'bergesiogregory', 'gabriele.franzon', 'fratsapp', 'maurolubrini01', 'politos281228', 'alanv', 'dorimidori', 'kwamedisplab5']",68,"['studente', 'giulia0101', 'soliminemichele001', 'giorgio17', 'alessandrorusso', 'stefanope01', 's284562', 'alessandroiannitti01', 'matteovergaro', 'leonardo.p', 'daevid', 'yogi', 'havdalatal1', 'mayojaved', 's285104', 'gabrielesanna52', 'lexuss', 'maurof', 'ippinoclaudioun1', 'simone.gallareto', 'davidegiovine', 'letizia_bricco', 'andrea.bll', 's286564', 'alessandro11', 'elisasacco01', 'matteobrilli4', 'grandisofia29', 'yifeileeece', 'reddysrikiran', 'giorgia.strobbia', 'samuele.capello.2001', 'naor.vardi', 'anubi01', 'emanuelebarbera', 'giuliaferrara', 'lorriz', 'attanasiogabriele', '00mhking00', 'vale09', 'francescacosta14', 'puck_01', 'guglielmogiordano', 'peppece14', 'alessiabruno890', 'marcopennazio', 'jcanepa', 'tommasomontedoro', 'anishdasjw', 'vinceolly70', 'diletta.', 'ali.sedici10', 'emanuele.staiessi', 'camanuelsa', 'alessandro.se00', 'nicobcdr69', 'paolino.da01', 'giusepperinaldo01', 'ss283300', 'cancado', 'francescabrovia', 'edoardo.iacobazzi', 'ludovicarizzo29', 'lorenzogiangreco', 'simone12', 'sabrina.gobbo16', 'lriccardo', 'lorenzo01']",3,"['gabsimulation4', None, 'giulianaberetta']",161,"['genzo', 'studente', 'alessandro00', 's284818a', 'francesco.travaglio2001', 'mayojaved', 'zante00', 'murandefrancesco', 'gabrielesanna52', 'havdalatal1', 's285104', 'lorenzoaime92', 'davide_putorti', 'alessandrospongano12', 'alessandro11', 'grandisofia29', 'lubertinonunzia', 'giorgia.strobbia', 'federica', 'agnese_carignano', 'mariocol2000', 'samueltron9', 'luciarisoli', 'emanuelebarbera', 'polpol', 'tommisabba', 'puck_01', 'angela.scarlino4', 'niccabeus', 'luca_remondino', 'edoardo02', 'jcanepa', 'nicola2001', 's203837', 'anishdasjw', 'davide_indorato_01', 'simonelp01', 'robertaleo81', 'emanuele.staiessi', 's281136', 'andreadellabate02', 'enrico_pavese', 'valerio.actis.d.c', 'paolino.da01', 'ss283300', 'francescabrovia', 's282301', 'matteshala', 'lriccardo', 'giulia0101', 'soliminemichele001', 'camagnaluca01', 'giorgio17', 'stefanope01', 'lexuss', 'tommy_dugo', 'maurof', 'sabatocarlotta', 'marta.leonetti16', 'letizia_bricco', 'giorgiogio783', 's286564', 'samuele.capello.2001', 'anubi01', 'giuliaferrara', 'attanasiogabriele', 'alessandronuti99', 'vale09', 'francescomonni01', 'francesca.agli', 'guglielmogiordano', 'francescacosta14', 'critelli.samuele', 'evacatoggio', 'jade00', 'boggiedown', 'camanuelsa', 'giulianaberetta', 'guglielmo24', 'alessandro.se00', 'matteorossi', 'cancado', 'giac416', 'spampione17', 'gennysanzone346', 'ludovicarizzo29', 'sabrina.gobbo16', 'lorenzo01', 'arlind189', 's284562', 'alessandroiannitti01', 'leonardo.p', 'giorgiamazzaro', 'alessandra', 'federicadelvecchio', 'ippinoclaudioun1', 'and.cur15', 'luigidimola001', 'andrea.bll', 'andrea00.piovano', 'reddysrikiran', 'ferrarogae01', 'naor.vardi', 'federicoarnaudo', 'lolloleli', 'mrem13', 'ildottore01', 'nikychristillin', 'tommasomontedoro', 'lorenzo_delaurentis_01', 'vinceolly70', 'diletta.', 'ale.tarro.g', 'lebuosky', 'venerito', 'giusepperinaldo01', 'edoardo.iacobazzi', 'lorenzogiangreco', 'giovannipellegrinoo', 'marco.cavallo', 'nicobcdr69', 'carladevittorio', 'alessandrorusso', 'matteovergaro', 'daevid', 'yogi', 'dimitricresp', 'albertocibelli01', 'lorynova01', 'simone.gallareto', 'davidegiovine', 'gabriele.beltrone', 'sara262', 'elisasacco01', 'matteobrilli4', 'michelangelo01', 'piaiamatteo', 'yifeileeece', 'ciroccoantonio', 'gferri', 'paoloarc', 'lorenzo.lucia01', 'lorriz', '00mhking00', 's281478', 'peppece14', 'silviacostanza.sc', 'alessiabruno890', 'bergesiogregory', 'gabriele.franzon', 'fratsapp', 'marcopennazio', 'maurolubrini01', 'ali.sedici10', 'politos281228', 'alanv', None, 'dorimidori', 'gabsimulation4', 'simone12', 'kwamedisplab5']"
2,440,159,28,27,"['giorgio17', 'daevid', 'lexuss', 'murandefrancesco', 'lorynova01', 'simone.gallareto', 'davidegiovine', 'and.cur15', 'elisasacco01', 'andrea.bll', 'matteobrilli4', 'grandisofia29', 'giorgia.strobbia', 'federicoarnaudo', 'lorriz', 'guglielmogiordano', 'tommasomontedoro', 'diletta.', 'evacatoggio', 'guglielmo24', 'alessandro.se00', 'paolino.da01', 'giusepperinaldo01', 'cancado', 'spampione17', 'edoardo.iacobazzi', 'lorenzo01']",131,"['genzo', 'studente', 'alessandro00', 's284818a', 'francesco.travaglio2001', 'mayojaved', 'zante00', 'gabrielesanna52', 'havdalatal1', 's285104', 'lorenzoaime92', 'davide_putorti', 'alessandrospongano12', 'alessandro11', 'lubertinonunzia', 'federica', 'agnese_carignano', 'mariocol2000', 'samueltron9', 'luciarisoli', 'emanuelebarbera', 'polpol', 'tommisabba', 'puck_01', 'angela.scarlino4', 'niccabeus', 'luca_remondino', 'edoardo02', 'jcanepa', 'nicola2001', 's203837', 'anishdasjw', 'davide_indorato_01', 'simonelp01', 'robertaleo81', 'emanuele.staiessi', 's281136', 'andreadellabate02', 'enrico_pavese', 'valerio.actis.d.c', 'ss283300', 'francescabrovia', 's282301', 'matteshala', 'lriccardo', 'giulia0101', 'soliminemichele001', 'camagnaluca01', 'stefanope01', 'tommy_dugo', 'maurof', 'sabatocarlotta', 'marta.leonetti16', 'letizia_bricco', 'giorgiogio783', 's286564', 'samuele.capello.2001', 'anubi01', 'giuliaferrara', 'attanasiogabriele', 'alessandronuti99', 'vale09', 'francescomonni01', 'francesca.agli', 'francescacosta14', 'critelli.samuele', 'jade00', 'boggiedown', 'camanuelsa', 'matteorossi', 'giac416', 'gennysanzone346', 'ludovicarizzo29', 'sabrina.gobbo16', 'arlind189', 's284562', 'alessandroiannitti01', 'leonardo.p', 'giorgiamazzaro', 'alessandra', 'federicadelvecchio', 'ippinoclaudioun1', 'luigidimola001', 'andrea00.piovano', 'reddysrikiran', 'ferrarogae01', 'naor.vardi', 'lolloleli', 'mrem13', 'ildottore01', 'nikychristillin', 'lorenzo_delaurentis_01', 'vinceolly70', 'ale.tarro.g', 'lebuosky', 'venerito', 'lorenzogiangreco', 'giovannipellegrinoo', 'marco.cavallo', 'nicobcdr69', 'carladevittorio', 'alessandrorusso', 'matteovergaro', 'yogi', 'dimitricresp', 'albertocibelli01', 'gabriele.beltrone', 'sara262', 'michelangelo01', 'piaiamatteo', 'yifeileeece', 'ciroccoantonio', 'gferri', 'paoloarc', 'lorenzo.lucia01', '00mhking00', 's281478', 'peppece14', 'silviacostanza.sc', 'alessiabruno890', 'bergesiogregory', 'gabriele.franzon', 'fratsapp', 'marcopennazio', 'maurolubrini01', 'ali.sedici10', 'politos281228', 'alanv', 'dorimidori', 'simone12', 'kwamedisplab5']",1,[None],159,"['genzo', 'studente', 'alessandro00', 's284818a', 'francesco.travaglio2001', 'mayojaved', 'zante00', 'murandefrancesco', 'gabrielesanna52', 'havdalatal1', 's285104', 'lorenzoaime92', 'davide_putorti', 'alessandrospongano12', 'alessandro11', 'grandisofia29', 'lubertinonunzia', 'giorgia.strobbia', 'federica', 'agnese_carignano', 'mariocol2000', 'samueltron9', 'luciarisoli', 'emanuelebarbera', 'polpol', 'tommisabba', 'puck_01', 'angela.scarlino4', 'niccabeus', 'luca_remondino', 'edoardo02', 'jcanepa', 'nicola2001', 's203837', 'anishdasjw', 'davide_indorato_01', 'simonelp01', 'robertaleo81', 'emanuele.staiessi', 's281136', 'andreadellabate02', 'enrico_pavese', 'valerio.actis.d.c', 'paolino.da01', 'ss283300', 'francescabrovia', 's282301', 'matteshala', 'lriccardo', 'giulia0101', 'soliminemichele001', 'camagnaluca01', 'giorgio17', 'stefanope01', 'lexuss', 'tommy_dugo', 'maurof', 'sabatocarlotta', 'marta.leonetti16', 'letizia_bricco', 'giorgiogio783', 's286564', 'samuele.capello.2001', 'anubi01', 'giuliaferrara', 'attanasiogabriele', 'alessandronuti99', 'vale09', 'francescomonni01', 'francesca.agli', 'guglielmogiordano', 'francescacosta14', 'critelli.samuele', 'evacatoggio', 'jade00', 'boggiedown', 'camanuelsa', 'guglielmo24', 'alessandro.se00', 'matteorossi', 'cancado', 'giac416', 'spampione17', 'gennysanzone346', 'ludovicarizzo29', 'sabrina.gobbo16', 'lorenzo01', 'arlind189', 's284562', 'alessandroiannitti01', 'leonardo.p', 'giorgiamazzaro', 'alessandra', 'federicadelvecchio', 'ippinoclaudioun1', 'and.cur15', 'luigidimola001', 'andrea.bll', 'andrea00.piovano', 'reddysrikiran', 'ferrarogae01', 'naor.vardi', 'federicoarnaudo', 'lolloleli', 'mrem13', 'ildottore01', 'nikychristillin', 'tommasomontedoro', 'lorenzo_delaurentis_01', 'vinceolly70', 'diletta.', 'ale.tarro.g', 'lebuosky', 'venerito', 'giusepperinaldo01', 'edoardo.iacobazzi', 'lorenzogiangreco', 'giovannipellegrinoo', 'marco.cavallo', 'nicobcdr69', 'carladevittorio', 'alessandrorusso', 'matteovergaro', 'daevid', 'yogi', 'dimitricresp', 'albertocibelli01', 'lorynova01', 'simone.gallareto', 'davidegiovine', 'gabriele.beltrone', 'sara262', 'elisasacco01', 'matteobrilli4', 'michelangelo01', 'piaiamatteo', 'yifeileeece', 'ciroccoantonio', 'gferri', 'paoloarc', 'lorenzo.lucia01', 'lorriz', '00mhking00', 's281478', 'peppece14', 'silviacostanza.sc', 'alessiabruno890', 'bergesiogregory', 'gabriele.franzon', 'fratsapp', 'marcopennazio', 'maurolubrini01', 'ali.sedici10', 'politos281228', 'alanv', None, 'dorimidori', 'simone12', 'kwamedisplab5']"
2,441,159,12,11,"['attanasiogabriele', 'studente', 's286564', 'alessandroiannitti01', 'edoardo02', 's285104', 'critelli.samuele', 'nicobcdr69', 'lolloleli', 'diletta.', 'jade00']",147,"['genzo', 'alessandro00', 's284818a', 'francesco.travaglio2001', 'mayojaved', 'zante00', 'murandefrancesco', 'gabrielesanna52', 'havdalatal1', 'lorenzoaime92', 'davide_putorti', 'alessandrospongano12', 'alessandro11', 'grandisofia29', 'lubertinonunzia', 'giorgia.strobbia', 'federica', 'agnese_carignano', 'mariocol2000', 'samueltron9', 'luciarisoli', 'emanuelebarbera', 'polpol', 'tommisabba', 'puck_01', 'angela.scarlino4', 'niccabeus', 'luca_remondino', 'jcanepa', 'nicola2001', 's203837', 'anishdasjw', 'davide_indorato_01', 'simonelp01', 'robertaleo81', 'emanuele.staiessi', 's281136', 'andreadellabate02', 'enrico_pavese', 'valerio.actis.d.c', 'paolino.da01', 'ss283300', 'francescabrovia', 's282301', 'matteshala', 'lriccardo', 'giulia0101', 'soliminemichele001', 'camagnaluca01', 'giorgio17', 'stefanope01', 'lexuss', 'tommy_dugo', 'maurof', 'sabatocarlotta', 'marta.leonetti16', 'letizia_bricco', 'giorgiogio783', 'samuele.capello.2001', 'anubi01', 'giuliaferrara', 'alessandronuti99', 'vale09', 'francescomonni01', 'francesca.agli', 'guglielmogiordano', 'francescacosta14', 'evacatoggio', 'boggiedown', 'camanuelsa', 'guglielmo24', 'alessandro.se00', 'matteorossi', 'cancado', 'giac416', 'spampione17', 'gennysanzone346', 'ludovicarizzo29', 'sabrina.gobbo16', 'lorenzo01', 'arlind189', 's284562', 'leonardo.p', 'giorgiamazzaro', 'alessandra', 'federicadelvecchio', 'ippinoclaudioun1', 'and.cur15', 'luigidimola001', 'andrea.bll', 'andrea00.piovano', 'reddysrikiran', 'ferrarogae01', 'naor.vardi', 'federicoarnaudo', 'mrem13', 'ildottore01', 'nikychristillin', 'tommasomontedoro', 'lorenzo_delaurentis_01', 'vinceolly70', 'ale.tarro.g', 'lebuosky', 'venerito', 'giusepperinaldo01', 'edoardo.iacobazzi', 'lorenzogiangreco', 'giovannipellegrinoo', 'marco.cavallo', 'carladevittorio', 'alessandrorusso', 'matteovergaro', 'daevid', 'yogi', 'dimitricresp', 'albertocibelli01', 'lorynova01', 'simone.gallareto', 'davidegiovine', 'gabriele.beltrone', 'sara262', 'elisasacco01', 'matteobrilli4', 'michelangelo01', 'piaiamatteo', 'yifeileeece', 'ciroccoantonio', 'gferri', 'paoloarc', 'lorenzo.lucia01', 'lorriz', '00mhking00', 's281478', 'peppece14', 'silviacostanza.sc', 'alessiabruno890', 'bergesiogregory', 'gabriele.franzon', 'fratsapp', 'marcopennazio', 'maurolubrini01', 'ali.sedici10', 'politos281228', 'alanv', 'dorimidori', 'simone12', 'kwamedisplab5']",1,[None],159,"['genzo', 'studente', 'alessandro00', 's284818a', 'francesco.travaglio2001', 'mayojaved', 'zante00', 'murandefrancesco', 'gabrielesanna52', 'havdalatal1', 's285104', 'lorenzoaime92', 'davide_putorti', 'alessandrospongano12', 'alessandro11', 'grandisofia29', 'lubertinonunzia', 'giorgia.strobbia', 'federica', 'agnese_carignano', 'mariocol2000', 'samueltron9', 'luciarisoli', 'emanuelebarbera', 'polpol', 'tommisabba', 'puck_01', 'angela.scarlino4', 'niccabeus', 'luca_remondino', 'edoardo02', 'jcanepa', 'nicola2001', 's203837', 'anishdasjw', 'davide_indorato_01', 'simonelp01', 'robertaleo81', 'emanuele.staiessi', 's281136', 'andreadellabate02', 'enrico_pavese', 'valerio.actis.d.c', 'paolino.da01', 'ss283300', 'francescabrovia', 's282301', 'matteshala', 'lriccardo', 'giulia0101', 'soliminemichele001', 'camagnaluca01', 'giorgio17', 'stefanope01', 'lexuss', 'tommy_dugo', 'maurof', 'sabatocarlotta', 'marta.leonetti16', 'letizia_bricco', 'giorgiogio783', 's286564', 'samuele.capello.2001', 'anubi01', 'giuliaferrara', 'attanasiogabriele', 'alessandronuti99', 'vale09', 'francescomonni01', 'francesca.agli', 'guglielmogiordano', 'francescacosta14', 'critelli.samuele', 'evacatoggio', 'jade00', 'boggiedown', 'camanuelsa', 'guglielmo24', 'alessandro.se00', 'matteorossi', 'cancado', 'giac416', 'spampione17', 'gennysanzone346', 'ludovicarizzo29', 'sabrina.gobbo16', 'lorenzo01', 'arlind189', 's284562', 'alessandroiannitti01', 'leonardo.p', 'giorgiamazzaro', 'alessandra', 'federicadelvecchio', 'ippinoclaudioun1', 'and.cur15', 'luigidimola001', 'andrea.bll', 'andrea00.piovano', 'reddysrikiran', 'ferrarogae01', 'naor.vardi', 'federicoarnaudo', 'lolloleli', 'mrem13', 'ildottore01', 'nikychristillin', 'tommasomontedoro', 'lorenzo_delaurentis_01', 'vinceolly70', 'diletta.', 'ale.tarro.g', 'lebuosky', 'venerito', 'giusepperinaldo01', 'edoardo.iacobazzi', 'lorenzogiangreco', 'giovannipellegrinoo', 'marco.cavallo', 'nicobcdr69', 'carladevittorio', 'alessandrorusso', 'matteovergaro', 'daevid', 'yogi', 'dimitricresp', 'albertocibelli01', 'lorynova01', 'simone.gallareto', 'davidegiovine', 'gabriele.beltrone', 'sara262', 'elisasacco01', 'matteobrilli4', 'michelangelo01', 'piaiamatteo', 'yifeileeece', 'ciroccoantonio', 'gferri', 'paoloarc', 'lorenzo.lucia01', 'lorriz', '00mhking00', 's281478', 'peppece14', 'silviacostanza.sc', 'alessiabruno890', 'bergesiogregory', 'gabriele.franzon', 'fratsapp', 'marcopennazio', 'maurolubrini01', 'ali.sedici10', 'politos281228', 'alanv', None, 'dorimidori', 'simone12', 'kwamedisplab5']"
2,442,159,9,8,"['giulia0101', 'giac416', 'giorgia.strobbia', 'lorenzogiangreco', 'tommasomontedoro', 'giovannipellegrinoo', 'maurof', 'lorriz']",150,"['genzo', 'studente', 'alessandro00', 's284818a', 'francesco.travaglio2001', 'mayojaved', 'zante00', 'murandefrancesco', 'gabrielesanna52', 'havdalatal1', 's285104', 'lorenzoaime92', 'davide_putorti', 'alessandrospongano12', 'alessandro11', 'grandisofia29', 'lubertinonunzia', 'federica', 'agnese_carignano', 'mariocol2000', 'samueltron9', 'luciarisoli', 'emanuelebarbera', 'polpol', 'tommisabba', 'puck_01', 'angela.scarlino4', 'niccabeus', 'luca_remondino', 'edoardo02', 'jcanepa', 'nicola2001', 's203837', 'anishdasjw', 'davide_indorato_01', 'simonelp01', 'robertaleo81', 'emanuele.staiessi', 's281136', 'andreadellabate02', 'enrico_pavese', 'valerio.actis.d.c', 'paolino.da01', 'ss283300', 'francescabrovia', 's282301', 'matteshala', 'lriccardo', 'soliminemichele001', 'camagnaluca01', 'giorgio17', 'stefanope01', 'lexuss', 'tommy_dugo', 'sabatocarlotta', 'marta.leonetti16', 'letizia_bricco', 'giorgiogio783', 's286564', 'samuele.capello.2001', 'anubi01', 'giuliaferrara', 'attanasiogabriele', 'alessandronuti99', 'vale09', 'francescomonni01', 'francesca.agli', 'guglielmogiordano', 'francescacosta14', 'critelli.samuele', 'evacatoggio', 'jade00', 'boggiedown', 'camanuelsa', 'guglielmo24', 'alessandro.se00', 'matteorossi', 'cancado', 'spampione17', 'gennysanzone346', 'ludovicarizzo29', 'sabrina.gobbo16', 'lorenzo01', 'arlind189', 's284562', 'alessandroiannitti01', 'leonardo.p', 'giorgiamazzaro', 'alessandra', 'federicadelvecchio', 'ippinoclaudioun1', 'and.cur15', 'luigidimola001', 'andrea.bll', 'andrea00.piovano', 'reddysrikiran', 'ferrarogae01', 'naor.vardi', 'federicoarnaudo', 'lolloleli', 'mrem13', 'ildottore01', 'nikychristillin', 'lorenzo_delaurentis_01', 'vinceolly70', 'diletta.', 'ale.tarro.g', 'lebuosky', 'venerito', 'giusepperinaldo01', 'edoardo.iacobazzi', 'marco.cavallo', 'nicobcdr69', 'carladevittorio', 'alessandrorusso', 'matteovergaro', 'daevid', 'yogi', 'dimitricresp', 'albertocibelli01', 'lorynova01', 'simone.gallareto', 'davidegiovine', 'gabriele.beltrone', 'sara262', 'elisasacco01', 'matteobrilli4', 'michelangelo01', 'piaiamatteo', 'yifeileeece', 'ciroccoantonio', 'gferri', 'paoloarc', 'lorenzo.lucia01', '00mhking00', 's281478', 'peppece14', 'silviacostanza.sc', 'alessiabruno890', 'bergesiogregory', 'gabriele.franzon', 'fratsapp', 'marcopennazio', 'maurolubrini01', 'ali.sedici10', 'politos281228', 'alanv', 'dorimidori', 'simone12', 'kwamedisplab5']",1,[None],159,"['genzo', 'studente', 'alessandro00', 's284818a', 'francesco.travaglio2001', 'mayojaved', 'zante00', 'murandefrancesco', 'gabrielesanna52', 'havdalatal1', 's285104', 'lorenzoaime92', 'davide_putorti', 'alessandrospongano12', 'alessandro11', 'grandisofia29', 'lubertinonunzia', 'giorgia.strobbia', 'federica', 'agnese_carignano', 'mariocol2000', 'samueltron9', 'luciarisoli', 'emanuelebarbera', 'polpol', 'tommisabba', 'puck_01', 'angela.scarlino4', 'niccabeus', 'luca_remondino', 'edoardo02', 'jcanepa', 'nicola2001', 's203837', 'anishdasjw', 'davide_indorato_01', 'simonelp01', 'robertaleo81', 'emanuele.staiessi', 's281136', 'andreadellabate02', 'enrico_pavese', 'valerio.actis.d.c', 'paolino.da01', 'ss283300', 'francescabrovia', 's282301', 'matteshala', 'lriccardo', 'giulia0101', 'soliminemichele001', 'camagnaluca01', 'giorgio17', 'stefanope01', 'lexuss', 'tommy_dugo', 'maurof', 'sabatocarlotta', 'marta.leonetti16', 'letizia_bricco', 'giorgiogio783', 's286564', 'samuele.capello.2001', 'anubi01', 'giuliaferrara', 'attanasiogabriele', 'alessandronuti99', 'vale09', 'francescomonni01', 'francesca.agli', 'guglielmogiordano', 'francescacosta14', 'critelli.samuele', 'evacatoggio', 'jade00', 'boggiedown', 'camanuelsa', 'guglielmo24', 'alessandro.se00', 'matteorossi', 'cancado', 'giac416', 'spampione17', 'gennysanzone346', 'ludovicarizzo29', 'sabrina.gobbo16', 'lorenzo01', 'arlind189', 's284562', 'alessandroiannitti01', 'leonardo.p', 'giorgiamazzaro', 'alessandra', 'federicadelvecchio', 'ippinoclaudioun1', 'and.cur15', 'luigidimola001', 'andrea.bll', 'andrea00.piovano', 'reddysrikiran', 'ferrarogae01', 'naor.vardi', 'federicoarnaudo', 'lolloleli', 'mrem13', 'ildottore01', 'nikychristillin', 'tommasomontedoro', 'lorenzo_delaurentis_01', 'vinceolly70', 'diletta.', 'ale.tarro.g', 'lebuosky', 'venerito', 'giusepperinaldo01', 'edoardo.iacobazzi', 'lorenzogiangreco', 'giovannipellegrinoo', 'marco.cavallo', 'nicobcdr69', 'carladevittorio', 'alessandrorusso', 'matteovergaro', 'daevid', 'yogi', 'dimitricresp', 'albertocibelli01', 'lorynova01', 'simone.gallareto', 'davidegiovine', 'gabriele.beltrone', 'sara262', 'elisasacco01', 'matteobrilli4', 'michelangelo01', 'piaiamatteo', 'yifeileeece', 'ciroccoantonio', 'gferri', 'paoloarc', 'lorenzo.lucia01', 'lorriz', '00mhking00', 's281478', 'peppece14', 'silviacostanza.sc', 'alessiabruno890', 'bergesiogregory', 'gabriele.franzon', 'fratsapp', 'marcopennazio', 'maurolubrini01', 'ali.sedici10', 'politos281228', 'alanv', None, 'dorimidori', 'simone12', 'kwamedisplab5']"
3,5,142,69,67,"['essamottoman', 'yossefibr282', 'zezonar88', 'mat3ellimeen75', 'manar444', 'zainab2000', '3boda2001', 'dinaatefff92', 'ssohila422', 'bolabolbol832', 'nourhanhussein156', 'mariam.ahmed.2721', 'mo32000a', 'seifbibers', 'mostafamahmoud19p9995', 'shehab2040', 'loayabdalla', 'aemad430', 'shehababaas123', 'emadsohila111', 'ayman.mahmoud104', 'yasmeenaly99', 'fatma.hazem19', 'hilopto98', 'muhammadshaheen', 'mariammhaanyy', 'amira.mohmeed3', 'ahm_kam', 'hazemmohamed3570', 'yosefsami', 'pollyhossam', 'yasmin.eldeep2001', 'youssef.amr.ya', 'lightholmes80', 'abdurrahmannasser10', 'hadeermuhammed189', 'fouadamr60', 'avraiem1804', 'abdullahali1234', 'medomohamed3213', 'mernalabib211', 'nadeen999', 'eslammosllah8', 'fatma.ali.2028', 'ilgerby', 'karim25401', 'omaralzayat2100', 'omarmagdy99', 'om1803173', 'mokamedkh21', 'ahmedassyk.k', 'hisham.khaled.ahmed', 'eng.ahmed.adel.mourad', 'thanaashabana02', 'midoashraf88', 'mostafa55', 'minamorcos200', 'ahmed_khaled_samir', 'tifo920', '20ahmedhossam20', 'reemmohamed.rm38', 'noureldinseddik', 'mariamnader', 'alialouka2000', 'abdelrahmanmohyoussef', 'tasneemasad19', 'ibrahimshawky419']",74,"['shuyu.shi', 'atanvir504', 'rene.denifl', 'ctg', 'mbhuiyan191053', 'mrahaman192023', 'mennays485', 'cvelezcu', 'spaik8', 'mahmoududk', 'ssourov191063', 'shadman_shakib', 'akmr1212', 'yuseap1111', 'mislam181084', 'mnion191060', 'hshikder192018', 'terje', 'ktalha181034', 'aferdousi181027', 'bsarna192005', 'aymanzafar', 'minsuk', 'martinboules80', 'yaseensalah', 'petersau', 'jaeyun0709', 'rrafi191030', 'deividfariadesouza', 'mpaul191017', 'ngukaka1258', 'lshteren', 'youssefacer10', 'ddickjr', 'tianchen.wei', 'danielemad', 'rsaimoon191003', 'julien.klauner', 'kaypukaypu', 'dafrawy21', 'ucfaly75', 'balber756', 'bbtn', 'mjsatamu', 'nsharmin192003', 'fpapon191035', 'arthurvdgb102', 'majednashaat', 'tamal_7922', 'hagothecarrier96', 'pate1421', 'tklauner', 'marpuedor', 'comebacktome', 'mrahman191034', 'mdrashed', 'sadidmuneer', 'rabab1801214', 'arahaman191004', 'tifa004', 'fariahaiderchowdhury1098', 'eyadcataract20', 'adham.ibrahim.gamil', 'svemurus', 'minhaztopu', 'binhpham', 'raselbuet08', 'arifulislam99', 'hughmcguinne', 'ahmed.tarek', 'roshan.mohyeldeen', '15055954444a', 'kshitizsingh', 'ramask']",2,"[None, 'mh2207128']",143,"['shuyu.shi', 'yossefibr282', 'rene.denifl', 'mat3ellimeen75', 'mrahaman192023', 'zainab2000', 'manar444', 'ssourov191063', 'mo32000a', 'mnion191060', 'hshikder192018', 'ahm_kam', 'hazemmohamed3570', 'ngukaka1258', 'rsaimoon191003', 'kaypukaypu', 'abdurrahmannasser10', 'ucfaly75', 'eslammosllah8', 'ilgerby', 'pate1421', 'marpuedor', 'om1803173', 'ahmedassyk.k', 'hisham.khaled.ahmed', 'eng.ahmed.adel.mourad', 'fariahaiderchowdhury1098', 'adham.ibrahim.gamil', 'mostafa55', 'tifo920', 'hughmcguinne', 'ahmed.tarek', 'mariamnader', 'alialouka2000', '15055954444a', 'kshitizsingh', 'atanvir504', 'ctg', 'dinaatefff92', 'mariam.ahmed.2721', 'shadman_shakib', 'seifbibers', 'bsarna192005', 'aymanzafar', 'ayman.mahmoud104', 'yasmeenaly99', 'fatma.hazem19', 'hilopto98', 'yaseensalah', 'jaeyun0709', 'rrafi191030', 'mpaul191017', 'pollyhossam', 'lshteren', 'yasmin.eldeep2001', 'ddickjr', 'hadeermuhammed189', 'fouadamr60', 'avraiem1804', 'abdelrahmanmohyoussef', 'bbtn', 'omaralzayat2100', 'karim25401', 'tklauner', 'mrahman191034', 'mdrashed', 'sadidmuneer', 'rabab1801214', 'tifa004', 'eyadcataract20', 'raselbuet08', 'reemmohamed.rm38', 'arifulislam99', 'arthurvdgb102', 'ramask', 'essamottoman', 'mbhuiyan191053', 'mennays485', 'cvelezcu', '3boda2001', 'spaik8', 'bolabolbol832', 'akmr1212', 'yuseap1111', 'shehab2040', 'loayabdalla', 'aemad430', 'aferdousi181027', 'martinboules80', 'amira.mohmeed3', 'mariammhaanyy', 'youssefacer10', 'tianchen.wei', 'julien.klauner', 'dafrawy21', 'mernalabib211', 'majednashaat', 'tamal_7922', 'hagothecarrier96', 'omarmagdy99', 'mokamedkh21', 'arahaman191004', 'minhaztopu', 'minamorcos200', 'zezonar88', 'ssohila422', 'mahmoududk', 'nourhanhussein156', 'mislam181084', 'terje', 'ktalha181034', 'mostafamahmoud19p9995', 'shehababaas123', 'emadsohila111', 'minsuk', 'petersau', 'muhammadshaheen', 'deividfariadesouza', 'yosefsami', 'danielemad', 'mh2207128', 'youssef.amr.ya', 'abdullahali1234', 'medomohamed3213', 'nadeen999', 'balber756', 'mjsatamu', 'fatma.ali.2028', 'fpapon191035', 'nsharmin192003', 'comebacktome', None, 'thanaashabana02', 'svemurus', 'midoashraf88', 'binhpham', 'ahmed_khaled_samir', '20ahmedhossam20', 'noureldinseddik', 'roshan.mohyeldeen', 'lightholmes80', 'tasneemasad19', 'ibrahimshawky419']"
3,7,142,21,18,"['atanvir504', 'fariahaiderchowdhury1098', 'rrafi191030', 'mrahaman192023', 'mpaul191017', 'fpapon191035', 'minhaztopu', 'arifulislam99', 'shadman_shakib', 'mislam181084', 'ktalha181034', 'hshikder192018', 'rsaimoon191003', 'arahaman191004', 'mdrashed', 'bsarna192005', 'sadidmuneer', 'aymanzafar']",123,"['shuyu.shi', 'yossefibr282', 'rene.denifl', 'mat3ellimeen75', 'zainab2000', 'manar444', 'ssourov191063', 'mo32000a', 'mnion191060', 'ahm_kam', 'hazemmohamed3570', 'ngukaka1258', 'kaypukaypu', 'abdurrahmannasser10', 'ucfaly75', 'eslammosllah8', 'ilgerby', 'pate1421', 'marpuedor', 'om1803173', 'ahmedassyk.k', 'hisham.khaled.ahmed', 'eng.ahmed.adel.mourad', 'adham.ibrahim.gamil', 'mostafa55', 'tifo920', 'hughmcguinne', 'ahmed.tarek', 'mariamnader', 'alialouka2000', '15055954444a', 'kshitizsingh', 'ctg', 'dinaatefff92', 'mariam.ahmed.2721', 'seifbibers', 'ayman.mahmoud104', 'yasmeenaly99', 'fatma.hazem19', 'hilopto98', 'yaseensalah', 'jaeyun0709', 'pollyhossam', 'lshteren', 'yasmin.eldeep2001', 'ddickjr', 'hadeermuhammed189', 'fouadamr60', 'avraiem1804', 'abdelrahmanmohyoussef', 'bbtn', 'omaralzayat2100', 'karim25401', 'tklauner', 'mrahman191034', 'rabab1801214', 'tifa004', 'eyadcataract20', 'raselbuet08', 'reemmohamed.rm38', 'arthurvdgb102', 'ramask', 'essamottoman', 'mbhuiyan191053', 'mennays485', 'cvelezcu', '3boda2001', 'spaik8', 'bolabolbol832', 'akmr1212', 'yuseap1111', 'shehab2040', 'loayabdalla', 'aemad430', 'aferdousi181027', 'martinboules80', 'amira.mohmeed3', 'mariammhaanyy', 'youssefacer10', 'tianchen.wei', 'julien.klauner', 'dafrawy21', 'mernalabib211', 'majednashaat', 'tamal_7922', 'hagothecarrier96', 'omarmagdy99', 'mokamedkh21', 'minamorcos200', 'zezonar88', 'ssohila422', 'mahmoududk', 'nourhanhussein156', 'terje', 'mostafamahmoud19p9995', 'shehababaas123', 'emadsohila111', 'minsuk', 'petersau', 'muhammadshaheen', 'deividfariadesouza', 'yosefsami', 'danielemad', 'youssef.amr.ya', 'abdullahali1234', 'medomohamed3213', 'nadeen999', 'balber756', 'mjsatamu', 'fatma.ali.2028', 'nsharmin192003', 'comebacktome', 'thanaashabana02', 'svemurus', 'midoashraf88', 'binhpham', 'ahmed_khaled_samir', '20ahmedhossam20', 'noureldinseddik', 'roshan.mohyeldeen', 'lightholmes80', 'tasneemasad19', 'ibrahimshawky419']",3,"['mhnafeez84', 'sishrak163006', None]",144,"['shuyu.shi', 'yossefibr282', 'rene.denifl', 'mat3ellimeen75', 'mrahaman192023', 'zainab2000', 'manar444', 'ssourov191063', 'mo32000a', 'mnion191060', 'hshikder192018', 'mhnafeez84', 'ahm_kam', 'hazemmohamed3570', 'ngukaka1258', 'rsaimoon191003', 'kaypukaypu', 'abdurrahmannasser10', 'ucfaly75', 'eslammosllah8', 'ilgerby', 'pate1421', 'marpuedor', 'om1803173', 'ahmedassyk.k', 'hisham.khaled.ahmed', 'eng.ahmed.adel.mourad', 'fariahaiderchowdhury1098', 'adham.ibrahim.gamil', 'mostafa55', 'tifo920', 'hughmcguinne', 'ahmed.tarek', 'mariamnader', 'alialouka2000', '15055954444a', 'kshitizsingh', 'atanvir504', 'ctg', 'dinaatefff92', 'mariam.ahmed.2721', 'shadman_shakib', 'seifbibers', 'bsarna192005', 'aymanzafar', 'ayman.mahmoud104', 'yasmeenaly99', 'fatma.hazem19', 'hilopto98', 'yaseensalah', 'jaeyun0709', 'rrafi191030', 'mpaul191017', 'pollyhossam', 'lshteren', 'yasmin.eldeep2001', 'ddickjr', 'hadeermuhammed189', 'fouadamr60', 'avraiem1804', 'abdelrahmanmohyoussef', 'bbtn', 'omaralzayat2100', 'karim25401', 'tklauner', 'mrahman191034', 'mdrashed', 'sadidmuneer', 'rabab1801214', 'tifa004', 'eyadcataract20', 'raselbuet08', 'reemmohamed.rm38', 'arifulislam99', 'arthurvdgb102', 'ramask', 'essamottoman', 'mbhuiyan191053', 'mennays485', 'cvelezcu', '3boda2001', 'spaik8', 'bolabolbol832', 'akmr1212', 'yuseap1111', 'shehab2040', 'loayabdalla', 'aemad430', 'aferdousi181027', 'martinboules80', 'amira.mohmeed3', 'mariammhaanyy', 'youssefacer10', 'tianchen.wei', 'julien.klauner', 'dafrawy21', 'mernalabib211', 'majednashaat', 'tamal_7922', 'hagothecarrier96', 'omarmagdy99', 'mokamedkh21', 'arahaman191004', 'minhaztopu', 'minamorcos200', 'zezonar88', 'ssohila422', 'mahmoududk', 'nourhanhussein156', 'mislam181084', 'terje', 'ktalha181034', 'mostafamahmoud19p9995', 'shehababaas123', 'emadsohila111', 'minsuk', 'sishrak163006', 'petersau', 'muhammadshaheen', 'deividfariadesouza', 'yosefsami', 'danielemad', 'youssef.amr.ya', 'abdullahali1234', 'medomohamed3213', 'nadeen999', 'balber756', 'mjsatamu', 'fatma.ali.2028', 'fpapon191035', 'nsharmin192003', 'comebacktome', None, 'thanaashabana02', 'svemurus', 'midoashraf88', 'binhpham', 'ahmed_khaled_samir', '20ahmedhossam20', 'noureldinseddik', 'roshan.mohyeldeen', 'lightholmes80', 'tasneemasad19', 'ibrahimshawky419']"
3,143,142,17,2,"['shuyu.shi', 'tianchen.wei']",139,"['yossefibr282', 'rene.denifl', 'mat3ellimeen75', 'mrahaman192023', 'zainab2000', 'manar444', 'ssourov191063', 'mo32000a', 'mnion191060', 'hshikder192018', 'ahm_kam', 'hazemmohamed3570', 'ngukaka1258', 'rsaimoon191003', 'kaypukaypu', 'abdurrahmannasser10', 'ucfaly75', 'eslammosllah8', 'ilgerby', 'pate1421', 'marpuedor', 'om1803173', 'ahmedassyk.k', 'hisham.khaled.ahmed', 'eng.ahmed.adel.mourad', 'fariahaiderchowdhury1098', 'adham.ibrahim.gamil', 'mostafa55', 'tifo920', 'hughmcguinne', 'ahmed.tarek', 'mariamnader', 'alialouka2000', '15055954444a', 'kshitizsingh', 'atanvir504', 'ctg', 'dinaatefff92', 'mariam.ahmed.2721', 'shadman_shakib', 'seifbibers', 'bsarna192005', 'aymanzafar', 'ayman.mahmoud104', 'yasmeenaly99', 'fatma.hazem19', 'hilopto98', 'yaseensalah', 'jaeyun0709', 'rrafi191030', 'mpaul191017', 'pollyhossam', 'lshteren', 'yasmin.eldeep2001', 'ddickjr', 'hadeermuhammed189', 'fouadamr60', 'avraiem1804', 'abdelrahmanmohyoussef', 'bbtn', 'omaralzayat2100', 'karim25401', 'tklauner', 'mrahman191034', 'mdrashed', 'sadidmuneer', 'rabab1801214', 'tifa004', 'eyadcataract20', 'raselbuet08', 'reemmohamed.rm38', 'arifulislam99', 'arthurvdgb102', 'ramask', 'essamottoman', 'mbhuiyan191053', 'mennays485', 'cvelezcu', '3boda2001', 'spaik8', 'bolabolbol832', 'akmr1212', 'yuseap1111', 'shehab2040', 'loayabdalla', 'aemad430', 'aferdousi181027', 'martinboules80', 'amira.mohmeed3', 'mariammhaanyy', 'youssefacer10', 'julien.klauner', 'dafrawy21', 'mernalabib211', 'majednashaat', 'tamal_7922', 'hagothecarrier96', 'omarmagdy99', 'mokamedkh21', 'arahaman191004', 'minhaztopu', 'minamorcos200', 'zezonar88', 'ssohila422', 'mahmoududk', 'nourhanhussein156', 'mislam181084', 'terje', 'ktalha181034', 'mostafamahmoud19p9995', 'shehababaas123', 'emadsohila111', 'minsuk', 'petersau', 'muhammadshaheen', 'deividfariadesouza', 'yosefsami', 'danielemad', 'youssef.amr.ya', 'abdullahali1234', 'medomohamed3213', 'nadeen999', 'balber756', 'mjsatamu', 'fatma.ali.2028', 'fpapon191035', 'nsharmin192003', 'comebacktome', 'thanaashabana02', 'svemurus', 'midoashraf88', 'binhpham', 'ahmed_khaled_samir', '20ahmedhossam20', 'noureldinseddik', 'roshan.mohyeldeen', 'lightholmes80', 'tasneemasad19', 'ibrahimshawky419']",15,"['jinyiliu', 'rfneed', 'npassalacquaalva', 'jrichman1999', 'kmerino', 'lizhiyun', 'johnganiban', 'jonathanmichalik', 'dicef', 'adityaraghavan', 'kanhu', 'longhunter', 'wuyefeng', None, 'adrivera0912']",156,"['shuyu.shi', 'yossefibr282', 'rene.denifl', 'mat3ellimeen75', 'mrahaman192023', 'zainab2000', 'manar444', 'ssourov191063', 'mo32000a', 'mnion191060', 'hshikder192018', 'kanhu', 'npassalacquaalva', 'kmerino', 'ahm_kam', 'hazemmohamed3570', 'ngukaka1258', 'rsaimoon191003', 'kaypukaypu', 'abdurrahmannasser10', 'ucfaly75', 'jrichman1999', 'eslammosllah8', 'ilgerby', 'johnganiban', 'pate1421', 'marpuedor', 'om1803173', 'ahmedassyk.k', 'hisham.khaled.ahmed', 'eng.ahmed.adel.mourad', 'fariahaiderchowdhury1098', 'adham.ibrahim.gamil', 'mostafa55', 'tifo920', 'hughmcguinne', 'ahmed.tarek', 'mariamnader', 'alialouka2000', '15055954444a', 'kshitizsingh', 'jinyiliu', 'atanvir504', 'ctg', 'dinaatefff92', 'mariam.ahmed.2721', 'shadman_shakib', 'seifbibers', 'bsarna192005', 'aymanzafar', 'ayman.mahmoud104', 'yasmeenaly99', 'fatma.hazem19', 'hilopto98', 'yaseensalah', 'jaeyun0709', 'rrafi191030', 'mpaul191017', 'pollyhossam', 'lshteren', 'yasmin.eldeep2001', 'ddickjr', 'hadeermuhammed189', 'fouadamr60', 'avraiem1804', 'abdelrahmanmohyoussef', 'bbtn', 'omaralzayat2100', 'karim25401', 'tklauner', 'mrahman191034', 'longhunter', 'mdrashed', 'sadidmuneer', 'rabab1801214', 'tifa004', 'eyadcataract20', 'raselbuet08', 'reemmohamed.rm38', 'arifulislam99', 'dicef', 'adityaraghavan', 'arthurvdgb102', 'ramask', 'adrivera0912', 'essamottoman', 'mbhuiyan191053', 'mennays485', 'cvelezcu', '3boda2001', 'spaik8', 'lizhiyun', 'bolabolbol832', 'akmr1212', 'yuseap1111', 'shehab2040', 'loayabdalla', 'aemad430', 'aferdousi181027', 'martinboules80', 'amira.mohmeed3', 'mariammhaanyy', 'youssefacer10', 'tianchen.wei', 'julien.klauner', 'wuyefeng', 'dafrawy21', 'mernalabib211', 'majednashaat', 'tamal_7922', 'hagothecarrier96', 'omarmagdy99', 'mokamedkh21', 'arahaman191004', 'minhaztopu', 'minamorcos200', 'zezonar88', 'rfneed', 'ssohila422', 'mahmoududk', 'nourhanhussein156', 'mislam181084', 'terje', 'ktalha181034', 'mostafamahmoud19p9995', 'shehababaas123', 'emadsohila111', 'minsuk', 'petersau', 'muhammadshaheen', 'deividfariadesouza', 'yosefsami', 'jonathanmichalik', 'danielemad', 'youssef.amr.ya', 'abdullahali1234', 'medomohamed3213', 'nadeen999', 'balber756', 'mjsatamu', 'fatma.ali.2028', 'fpapon191035', 'nsharmin192003', 'comebacktome', None, 'thanaashabana02', 'svemurus', 'midoashraf88', 'binhpham', 'ahmed_khaled_samir', '20ahmedhossam20', 'noureldinseddik', 'roshan.mohyeldeen', 'lightholmes80', 'tasneemasad19', 'ibrahimshawky419']"
3,6,142,7,5,"['eslammosllah8', 'danielemad', 'youssefacer10', 'omarmagdy99', 'aemad430']",136,"['shuyu.shi', 'yossefibr282', 'rene.denifl', 'mat3ellimeen75', 'mrahaman192023', 'zainab2000', 'manar444', 'ssourov191063', 'mo32000a', 'mnion191060', 'hshikder192018', 'ahm_kam', 'hazemmohamed3570', 'ngukaka1258', 'rsaimoon191003', 'kaypukaypu', 'abdurrahmannasser10', 'ucfaly75', 'ilgerby', 'pate1421', 'marpuedor', 'om1803173', 'ahmedassyk.k', 'hisham.khaled.ahmed', 'eng.ahmed.adel.mourad', 'fariahaiderchowdhury1098', 'adham.ibrahim.gamil', 'mostafa55', 'tifo920', 'hughmcguinne', 'ahmed.tarek', 'mariamnader', 'alialouka2000', '15055954444a', 'kshitizsingh', 'atanvir504', 'ctg', 'dinaatefff92', 'mariam.ahmed.2721', 'shadman_shakib', 'seifbibers', 'bsarna192005', 'aymanzafar', 'ayman.mahmoud104', 'yasmeenaly99', 'fatma.hazem19', 'hilopto98', 'yaseensalah', 'jaeyun0709', 'rrafi191030', 'mpaul191017', 'pollyhossam', 'lshteren', 'yasmin.eldeep2001', 'ddickjr', 'hadeermuhammed189', 'fouadamr60', 'avraiem1804', 'abdelrahmanmohyoussef', 'bbtn', 'omaralzayat2100', 'karim25401', 'tklauner', 'mrahman191034', 'mdrashed', 'sadidmuneer', 'rabab1801214', 'tifa004', 'eyadcataract20', 'raselbuet08', 'reemmohamed.rm38', 'arifulislam99', 'arthurvdgb102', 'ramask', 'essamottoman', 'mbhuiyan191053', 'mennays485', 'cvelezcu', '3boda2001', 'spaik8', 'bolabolbol832', 'akmr1212', 'yuseap1111', 'shehab2040', 'loayabdalla', 'aferdousi181027', 'martinboules80', 'amira.mohmeed3', 'mariammhaanyy', 'tianchen.wei', 'julien.klauner', 'dafrawy21', 'mernalabib211', 'majednashaat', 'tamal_7922', 'hagothecarrier96', 'mokamedkh21', 'arahaman191004', 'minhaztopu', 'minamorcos200', 'zezonar88', 'ssohila422', 'mahmoududk', 'nourhanhussein156', 'mislam181084', 'terje', 'ktalha181034', 'mostafamahmoud19p9995', 'shehababaas123', 'emadsohila111', 'minsuk', 'petersau', 'muhammadshaheen', 'deividfariadesouza', 'yosefsami', 'youssef.amr.ya', 'abdullahali1234', 'medomohamed3213', 'nadeen999', 'balber756', 'mjsatamu', 'fatma.ali.2028', 'fpapon191035', 'nsharmin192003', 'comebacktome', 'thanaashabana02', 'svemurus', 'midoashraf88', 'binhpham', 'ahmed_khaled_samir', '20ahmedhossam20', 'noureldinseddik', 'roshan.mohyeldeen', 'lightholmes80', 'tasneemasad19', 'ibrahimshawky419']",2,"[None, 'mh2207128']",143,"['shuyu.shi', 'yossefibr282', 'rene.denifl', 'mat3ellimeen75', 'mrahaman192023', 'zainab2000', 'manar444', 'ssourov191063', 'mo32000a', 'mnion191060', 'hshikder192018', 'ahm_kam', 'hazemmohamed3570', 'ngukaka1258', 'rsaimoon191003', 'kaypukaypu', 'abdurrahmannasser10', 'ucfaly75', 'eslammosllah8', 'ilgerby', 'pate1421', 'marpuedor', 'om1803173', 'ahmedassyk.k', 'hisham.khaled.ahmed', 'eng.ahmed.adel.mourad', 'fariahaiderchowdhury1098', 'adham.ibrahim.gamil', 'mostafa55', 'tifo920', 'hughmcguinne', 'ahmed.tarek', 'mariamnader', 'alialouka2000', '15055954444a', 'kshitizsingh', 'atanvir504', 'ctg', 'dinaatefff92', 'mariam.ahmed.2721', 'shadman_shakib', 'seifbibers', 'bsarna192005', 'aymanzafar', 'ayman.mahmoud104', 'yasmeenaly99', 'fatma.hazem19', 'hilopto98', 'yaseensalah', 'jaeyun0709', 'rrafi191030', 'mpaul191017', 'pollyhossam', 'lshteren', 'yasmin.eldeep2001', 'ddickjr', 'hadeermuhammed189', 'fouadamr60', 'avraiem1804', 'abdelrahmanmohyoussef', 'bbtn', 'omaralzayat2100', 'karim25401', 'tklauner', 'mrahman191034', 'mdrashed', 'sadidmuneer', 'rabab1801214', 'tifa004', 'eyadcataract20', 'raselbuet08', 'reemmohamed.rm38', 'arifulislam99', 'arthurvdgb102', 'ramask', 'essamottoman', 'mbhuiyan191053', 'mennays485', 'cvelezcu', '3boda2001', 'spaik8', 'bolabolbol832', 'akmr1212', 'yuseap1111', 'shehab2040', 'loayabdalla', 'aemad430', 'aferdousi181027', 'martinboules80', 'amira.mohmeed3', 'mariammhaanyy', 'youssefacer10', 'tianchen.wei', 'julien.klauner', 'dafrawy21', 'mernalabib211', 'majednashaat', 'tamal_7922', 'hagothecarrier96', 'omarmagdy99', 'mokamedkh21', 'arahaman191004', 'minhaztopu', 'minamorcos200', 'zezonar88', 'ssohila422', 'mahmoududk', 'nourhanhussein156', 'mislam181084', 'terje', 'ktalha181034', 'mostafamahmoud19p9995', 'shehababaas123', 'emadsohila111', 'minsuk', 'petersau', 'muhammadshaheen', 'deividfariadesouza', 'yosefsami', 'danielemad', 'mh2207128', 'youssef.amr.ya', 'abdullahali1234', 'medomohamed3213', 'nadeen999', 'balber756', 'mjsatamu', 'fatma.ali.2028', 'fpapon191035', 'nsharmin192003', 'comebacktome', None, 'thanaashabana02', 'svemurus', 'midoashraf88', 'binhpham', 'ahmed_khaled_samir', '20ahmedhossam20', 'noureldinseddik', 'roshan.mohyeldeen', 'lightholmes80', 'tasneemasad19', 'ibrahimshawky419']"
4,514,124,183,2,"['leesh941222', 'pygayoung07']",121,"['omarelmarsafy1906', 'rlchykoo', 'our1109', 'mshadow990320', 'sebbie', 'cty0613', 'simonaz', 'snubilee1', 'dhdldkrak', 'skecprk03', 'yeudas', 'ksj9802', 'dongvin', 'juyun39', 'el0940', 'yennth', 'rawatvaishali54', 'a.hasanbq', 'giantsteps58', 'qudwns2692', 'dndudron', 'choi1023', 'nim8244', 'mohanad21', 'daeeun4531', 'samselim', 'jasonkimi', 'h22313902', 'nenimepic', 'anstjddns211', 'joon5159', 'twotwo7768', 'snfndwl9', 'nabil.emara2', 'maxbailey1836', 'kareemkarkar42', 'mookeemail', 'gabrielmaranhao10', 'sonss1998', 'hkr2345', 'hse06130', 'lpjh525', 'mookeemail05', 'jns225', 'kimyoonchan77', 'gric', 'shpark0923', 'potato9977', 'sherifms777', 'salmaamsayedd', 'tannerjackson_2024', 'nouranhamdy022', 'hyunseo', 'thsskawn1018', 'kky4670', 'ryumija2', 'jimin01', 'csms987', 'takbay', 'shn0915', 'shouvra', 'nugg3tz69', 'tafazulijaz1972', 'leeyuchan', 'lsz836', 'nawaltopno.etc', 'cotmd98', 'eom5810', 'ahmedtamer200286', 'lms', 'dydgk79', 'khaledfayed7', 'dao10320', 'acrylic753', 'importantman57', 'dgl756', 'osama19', 'hugoaya', 'tryitbro', 'qkrals018', 'mohammed321', 'ybband903', 'hvs278', 'wodbs0117', 'b815184', 'harmony', 'mariammaher2497', 'x007007', 'bb7235', 'goddisasterman', 'davidnoh12', 'lbenzaghta01', 'dltjdbs3', 'haejeong', 'bb8415', 'seokyoon', 'ypd679', 'dise8988', 'mohamedalameldinn', 'rwanhesham', 'rktnejddjfl', 'mauro.henrique', 'castlecow', 'elsislove', 'trevorpeyton', 'brandon5944', 'leehyukjoo', 'sgoolla', 'yybb_lee', 'hanju1203', 'j.e.evans', 'kmg6702', 'jjs990424', 'samuelberehe', 'nam37633', 'lha17049', 'gwan00', 'rmsdyd7680', 'jooyn1234', 'eb32862', 'woong']",181,"['kangha6211', 'pygayoung4705', 'pc20', 'rlaehrud5292', 'aarondh2', 'lsh843223', 'mmj5', 'eoh23', 'unikwakhj', 'yjchoi0315', 'mariam.jama', 'yangdan2', 'chan4184', 'rvplank2', 'junyoung0735', 'dhamill2', 'nourankassem97', 'cauvaido1610', 'phisicsmusic', 'jiaqihriver', 'bonfimguilherme1711', 'walterwagner', 'changhwa2970', 'aatrey3', 'wodyd909', 'jalies2', 'owenwat', 'asadsfawdga', 'ddejong2', 'ssibi2', 'meiyuezhang', 'anishas4', 'hanlinw3', 'hooni6708', 'dlstj989', 'choijinyoung5933', 'depew2', 'jaredf2', 'sclee1002', 'hado0416', 'tcr18ec019', 'ljs020104a', 'mplanoster', 'tjricks2', 'amaloto2', 'ritinjoseph', 'ryanwm2', 'soc06016', 'riverhorse', 'butters', 'ellayeji11', 'syc0428', 'dwh0015', 'sa06093', 'hermione369', 'fede14', 'choejihun6785', 'ksjin0807', 'tagomez2', 'torsr2', 'damer', 'hug6901', 'witamoment', 'danayun2', 'wkxa54', 'mozahma2', 'ols3060178', 'poor9876', 'hyunsulee0709', 'ethan.dunn', 'nhj25136', 'ssethi7', 'jea03', 'gbear7615', 'gcangi2', 'atlantic092407', 'bsj99977', 'fraga80', 'sas0091', 'ajscott5', 'shirgef', 'anm9', 'ahmed.nael.elnokrashy', 'maryama3', 'ohsangmin', 'ahmed.yassien.cu', 'sally0460', 'krzysztofwarga', 'haoran7', 'kijukiju7215', 'unikwakhj1', 'sachinchandra.gsc', 'wdhdlstjd164', 'shim.syeon', 'fdoyrldan', 'j2218109', 'sabolton', 'keithmse304', 'lovenmin', 'seongbin', 'wogus5807', 'timtk85', 'susannareggiani', 'aniyogi2', 'nk13', 'jpalmer1028', 'ghsmx01', 'gweado12', 'rmb0034', 'xianzhi2', 'jpchang', 'oblue4848', 'dlxodus0725', 'wg6076', 'turalazer', 'lb16', 'youfuq2', 'zudsyd', 'hlm0017', 'jinyang9', 'rhffha12345', 'ericy3', 'inquisitivestudent', 'luis.lanzetta', 'wrishk2', 'yutube1058', 'varuns5', 'huidonjeong', 'yunzhes2', 'abhirs2', 'jimmy1100a', 'jecano', 'soo8355a', 'efs2', 'karoche3', 'dongjinwi', 'btaing08', 'fpqldhdntk', 'hgrf', 'thswngh793', 'sopfeil2', 'eliz2000s', 'shlomib', 'hatoonb2', 'simong2', 'minking0007', 'rjf5', 'kms92313', 'patergio', 'leeseongjae450', 'acevans4', 'wkdgns599', 'zainab2', 'chyu3', 'mhamed.lemrabit', 'dmayorga', 'eilamy', 'rsears4', 'pjs970918', 'beetle0720', 'gcoupe9171', 'sali93', 'acm990922', None, 'yanjia', 'boyangy4', 'hah610115', 'jaehong3', 'jacobt6', 'mhyun1234567', 'ggr7', 'alvin2373', 'shawnc2', 'wyik2', 'ryusuke2', 'fshyti2', 'ehdgns9904', '928chan928', 'marialc3', 'shin19764', 'kaylalh3']",304,"['kangha6211', 'pygayoung4705', 'rlchykoo', 'pc20', 'aarondh2', 'rlaehrud5292', 'lsh843223', 'sebbie', 'simonaz', 'snubilee1', 'dhdldkrak', 'mariam.jama', 'chan4184', 'skecprk03', 'yeudas', 'nourankassem97', 'juyun39', 'cauvaido1610', 'jiaqihriver', 'owenwat', 'giantsteps58', 'ddejong2', 'dndudron', 'ssibi2', 'meiyuezhang', 'nim8244', 'mohanad21', 'depew2', 'daeeun4531', 'samselim', 'hado0416', 'ljs020104a', 'tcr18ec019', 'anstjddns211', 'mplanoster', 'joon5159', 'ritinjoseph', 'soc06016', 'nabil.emara2', 'maxbailey1836', 'mookeemail', 'hermione369', 'fede14', 'choejihun6785', 'ksjin0807', 'gabrielmaranhao10', 'torsr2', 'damer', 'witamoment', 'danayun2', 'mozahma2', 'lpjh525', 'jns225', 'kimyoonchan77', 'ethan.dunn', 'shpark0923', 'potato9977', 'jea03', 'gcangi2', 'tannerjackson_2024', 'atlantic092407', 'hyunseo', 'sas0091', 'thsskawn1018', 'ryumija2', 'anm9', 'maryama3', 'ohsangmin', 'ahmed.yassien.cu', 'jimin01', 'krzysztofwarga', 'kijukiju7215', 'shn0915', 'unikwakhj1', 'shouvra', 'sachinchandra.gsc', 'wdhdlstjd164', 'nugg3tz69', 'shim.syeon', 'keithmse304', 'wogus5807', 'nk13', 'jpalmer1028', 'ghsmx01', 'gweado12', 'cotmd98', 'jpchang', 'eom5810', 'ahmedtamer200286', 'turalazer', 'lms', 'youfuq2', 'zudsyd', 'hlm0017', 'jinyang9', 'rhffha12345', 'osama19', 'hugoaya', 'tryitbro', 'inquisitivestudent', 'luis.lanzetta', 'qkrals018', 'mohammed321', 'wrishk2', 'ybband903', 'yutube1058', 'varuns5', 'yunzhes2', 'soo8355a', 'karoche3', 'mariammaher2497', 'x007007', 'bb7235', 'dongjinwi', 'btaing08', 'lbenzaghta01', 'haejeong', 'hgrf', 'sopfeil2', 'seokyoon', 'ypd679', 'simong2', 'mohamedalameldinn', 'rktnejddjfl', 'minking0007', 'rjf5', 'kms92313', 'mauro.henrique', 'elsislove', 'wkdgns599', 'brandon5944', 'zainab2', 'chyu3', 'pygayoung07', 'yybb_lee', 'hanju1203', 'dmayorga', 'j.e.evans', 'jjs990424', 'beetle0720', 'lha17049', 'sali93', 'gwan00', None, 'boyangy4', 'hah610115', 'jaehong3', 'rmsdyd7680', 'mhyun1234567', 'shawnc2', 'wyik2', 'ehdgns9904', 'shin19764', 'marialc3', 'eb32862', 'woong', 'omarelmarsafy1906', 'our1109', 'mshadow990320', 'cty0613', 'mmj5', 'eoh23', 'yjchoi0315', 'unikwakhj', 'yangdan2', 'rvplank2', 'junyoung0735', 'dhamill2', 'ksj9802', 'dongvin', 'el0940', 'phisicsmusic', 'yennth', 'bonfimguilherme1711', 'walterwagner', 'changhwa2970', 'aatrey3', 'wodyd909', 'rawatvaishali54', 'jalies2', 'asadsfawdga', 'a.hasanbq', 'qudwns2692', 'choi1023', 'anishas4', 'hanlinw3', 'hooni6708', 'dlstj989', 'choijinyoung5933', 'jaredf2', 'sclee1002', 'jasonkimi', 'h22313902', 'nenimepic', 'tjricks2', 'amaloto2', 'ryanwm2', 'twotwo7768', 'riverhorse', 'butters', 'ellayeji11', 'snfndwl9', 'syc0428', 'kareemkarkar42', 'dwh0015', 'sa06093', 'tagomez2', 'sonss1998', 'hug6901', 'hkr2345', 'hse06130', 'wkxa54', 'mookeemail05', 'ols3060178', 'poor9876', 'gric', 'hyunsulee0709', 'nhj25136', 'sherifms777', 'ssethi7', 'gbear7615', 'salmaamsayedd', 'nouranhamdy022', 'bsj99977', 'fraga80', 'kky4670', 'ajscott5', 'shirgef', 'ahmed.nael.elnokrashy', 'csms987', 'sally0460', 'takbay', 'haoran7', 'tafazulijaz1972', 'fdoyrldan', 'leeyuchan', 'j2218109', 'sabolton', 'lovenmin', 'seongbin', 'timtk85', 'susannareggiani', 'aniyogi2', 'lsz836', 'nawaltopno.etc', 'rmb0034', 'xianzhi2', 'oblue4848', 'dlxodus0725', 'wg6076', 'lb16', 'dydgk79', 'khaledfayed7', 'dao10320', 'acrylic753', 'importantman57', 'ericy3', 'hvs278', 'wodbs0117', 'huidonjeong', 'jimmy1100a', 'abhirs2', 'b815184', 'jecano', 'efs2', 'harmony', 'goddisasterman', 'davidnoh12', 'dltjdbs3', 'fpqldhdntk', 'thswngh793', 'bb8415', 'eliz2000s', 'dise8988', 'leesh941222', 'shlomib', 'hatoonb2', 'rwanhesham', 'patergio', 'castlecow', 'leeseongjae450', 'trevorpeyton', 'acevans4', 'leehyukjoo', 'sgoolla', 'mhamed.lemrabit', 'eilamy', 'kmg6702', 'nam37633', 'samuelberehe', 'rsears4', 'pjs970918', 'gcoupe9171', 'acm990922', 'yanjia', 'jacobt6', 'ggr7', 'jooyn1234', 'alvin2373', 'ryusuke2', 'fshyti2', '928chan928', 'kaylalh3', 'dgl756']"
4,61,124,128,79,"['rlchykoo', 'our1109', 'mshadow990320', 'sebbie', 'cty0613', 'snubilee1', 'dhdldkrak', 'skecprk03', 'ksj9802', 'dongvin', 'juyun39', 'el0940', 'qudwns2692', 'dndudron', 'choi1023', 'nim8244', 'daeeun4531', 'jasonkimi', 'h22313902', 'nenimepic', 'anstjddns211', 'joon5159', 'twotwo7768', 'snfndwl9', 'mookeemail', 'sonss1998', 'hkr2345', 'hse06130', 'lpjh525', 'mookeemail05', 'kimyoonchan77', 'gric', 'shpark0923', 'potato9977', 'hyunseo', 'thsskawn1018', 'kky4670', 'ryumija2', 'jimin01', 'csms987', 'shn0915', 'leeyuchan', 'cotmd98', 'eom5810', 'lms', 'dydgk79', 'dao10320', 'acrylic753', 'tryitbro', 'qkrals018', 'ybband903', 'wodbs0117', 'b815184', 'x007007', 'bb7235', 'goddisasterman', 'davidnoh12', 'dltjdbs3', 'haejeong', 'bb8415', 'seokyoon', 'dise8988', 'leesh941222', 'rktnejddjfl', 'castlecow', 'elsislove', 'brandon5944', 'leehyukjoo', 'yybb_lee', 'hanju1203', 'kmg6702', 'jjs990424', 'nam37633', 'lha17049', 'gwan00', 'rmsdyd7680', 'jooyn1234', 'eb32862', 'woong']",44,"['kareemkarkar42', 'nugg3tz69', 'tafazulijaz1972', 'omarelmarsafy1906', 'gabrielmaranhao10', 'ypd679', 'simonaz', 'lsz836', 'mohamedalameldinn', 'nawaltopno.etc', 'rwanhesham', 'jns225', 'yeudas', 'ahmedtamer200286', 'mauro.henrique', 'lbenzaghta01', 'khaledfayed7', 'yennth', 'sherifms777', 'trevorpeyton', 'salmaamsayedd', 'tannerjackson_2024', 'nouranhamdy022', 'importantman57', 'dgl756', 'rawatvaishali54', 'osama19', 'a.hasanbq', 'giantsteps58', 'hugoaya', 'sgoolla', 'pygayoung07', 'j.e.evans', 'mohammed321', 'samuelberehe', 'hvs278', 'mohanad21', 'samselim', 'takbay', 'harmony', 'mariammaher2497', 'shouvra', 'nabil.emara2', 'maxbailey1836']",49,"['cccrck', 'b815173', 'j2218109', 'hermione369', 'sa06093', 'choejihun6785', 'seongbin', 'ohseunghwa0802', 'jennyoo8848', 'b815101', 'unikwakhj', 'jiwon', 'wkxa54', 'tkwls6642', 'ols3060178', 'mentaly', 'wg6076', 'thqudgns0309', 'nanosshhnn525', 'jiko8693', 'chiefsuk99', 'jea03', 'gbear7615', 'did905', 'taehan2005', 'cindyyj0102', 'bsj99977', 'ruddnjs3323', 'jina', 'beetle0720', 'sgu20181516', 'sclee1002', 'ohsangmin', 'tkddud127', 'huidonjeong', 'sgu20161489', 'acm990922', 'sunainasaini30', None, 'chojunhee', 'sjssl1201', 'kijukiju7215', 'dlwjdrnr1408', 'soc06016', 'rnjsgh0247', '928chan928', 'kdh225', 'wdhdlstjd164', 'pky2237']",172,"['omarelmarsafy1906', 'rlchykoo', 'our1109', 'mshadow990320', 'sebbie', 'cty0613', 'simonaz', 'unikwakhj', 'snubilee1', 'dhdldkrak', 'skecprk03', 'yeudas', 'mentaly', 'ksj9802', 'dongvin', 'juyun39', 'el0940', 'nanosshhnn525', 'yennth', 'chiefsuk99', 'taehan2005', 'rawatvaishali54', 'a.hasanbq', 'giantsteps58', 'qudwns2692', 'ruddnjs3323', 'dndudron', 'choi1023', 'nim8244', 'mohanad21', 'daeeun4531', 'samselim', 'sclee1002', 'jasonkimi', 'h22313902', 'nenimepic', 'anstjddns211', 'joon5159', 'twotwo7768', 'soc06016', 'snfndwl9', 'nabil.emara2', 'maxbailey1836', 'pky2237', 'kareemkarkar42', 'cccrck', 'b815173', 'mookeemail', 'hermione369', 'sa06093', 'choejihun6785', 'gabrielmaranhao10', 'sonss1998', 'ohseunghwa0802', 'hkr2345', 'hse06130', 'wkxa54', 'jiwon', 'tkwls6642', 'lpjh525', 'mookeemail05', 'jns225', 'kimyoonchan77', 'ols3060178', 'gric', 'woong', 'shpark0923', 'potato9977', 'sherifms777', 'jea03', 'gbear7615', 'salmaamsayedd', 'tannerjackson_2024', 'nouranhamdy022', 'bsj99977', 'hyunseo', 'thsskawn1018', 'kky4670', 'ryumija2', 'ohsangmin', 'jimin01', 'csms987', 'takbay', 'kijukiju7215', 'shn0915', 'dlwjdrnr1408', 'shouvra', 'rnjsgh0247', 'wdhdlstjd164', 'nugg3tz69', 'tafazulijaz1972', 'leeyuchan', 'j2218109', 'seongbin', 'jennyoo8848', 'lsz836', 'nawaltopno.etc', 'cotmd98', 'eom5810', 'ahmedtamer200286', 'wg6076', 'thqudgns0309', 'lms', 'dydgk79', 'khaledfayed7', 'jiko8693', 'dao10320', 'acrylic753', 'importantman57', 'osama19', 'hugoaya', 'tryitbro', 'qkrals018', 'mohammed321', 'sgu20181516', 'ybband903', 'hvs278', 'tkddud127', 'wodbs0117', 'huidonjeong', 'b815184', 'sjssl1201', 'harmony', 'mariammaher2497', 'x007007', 'bb7235', 'goddisasterman', 'davidnoh12', 'lbenzaghta01', 'dltjdbs3', 'haejeong', 'bb8415', 'seokyoon', 'ypd679', 'leesh941222', 'dise8988', 'b815101', 'mohamedalameldinn', 'rwanhesham', 'rktnejddjfl', 'mauro.henrique', 'castlecow', 'elsislove', 'trevorpeyton', 'did905', 'brandon5944', 'leehyukjoo', 'cindyyj0102', 'sgoolla', 'pygayoung07', 'yybb_lee', 'jina', 'hanju1203', 'j.e.evans', 'kmg6702', 'jjs990424', 'samuelberehe', 'nam37633', 'lha17049', 'beetle0720', 'sgu20161489', 'gwan00', 'acm990922', 'sunainasaini30', None, 'chojunhee', 'rmsdyd7680', 'jooyn1234', '928chan928', 'kdh225', 'eb32862', 'dgl756']"
4,48,124,103,19,"['sebbie', 'dise8988', 'leesh941222', 'hkr2345', 'mookeemail05', 'lms', 'dydgk79', 'elsislove', 'yennth', 'leehyukjoo', 'hyunseo', 'pygayoung07', 'yybb_lee', 'tryitbro', 'gwan00', 'b815184', 'nenimepic', 'anstjddns211', 'snfndwl9']",104,"['omarelmarsafy1906', 'rlchykoo', 'our1109', 'mshadow990320', 'cty0613', 'simonaz', 'snubilee1', 'dhdldkrak', 'skecprk03', 'yeudas', 'ksj9802', 'dongvin', 'juyun39', 'el0940', 'rawatvaishali54', 'a.hasanbq', 'giantsteps58', 'qudwns2692', 'dndudron', 'choi1023', 'nim8244', 'mohanad21', 'daeeun4531', 'samselim', 'jasonkimi', 'h22313902', 'joon5159', 'twotwo7768', 'nabil.emara2', 'maxbailey1836', 'kareemkarkar42', 'mookeemail', 'gabrielmaranhao10', 'sonss1998', 'hse06130', 'lpjh525', 'jns225', 'kimyoonchan77', 'gric', 'shpark0923', 'potato9977', 'sherifms777', 'salmaamsayedd', 'tannerjackson_2024', 'nouranhamdy022', 'thsskawn1018', 'kky4670', 'ryumija2', 'jimin01', 'csms987', 'takbay', 'shn0915', 'shouvra', 'nugg3tz69', 'tafazulijaz1972', 'leeyuchan', 'lsz836', 'nawaltopno.etc', 'cotmd98', 'eom5810', 'ahmedtamer200286', 'khaledfayed7', 'dao10320', 'acrylic753', 'importantman57', 'dgl756', 'osama19', 'hugoaya', 'qkrals018', 'mohammed321', 'ybband903', 'hvs278', 'wodbs0117', 'harmony', 'mariammaher2497', 'x007007', 'bb7235', 'goddisasterman', 'davidnoh12', 'lbenzaghta01', 'dltjdbs3', 'haejeong', 'bb8415', 'seokyoon', 'ypd679', 'mohamedalameldinn', 'rwanhesham', 'rktnejddjfl', 'mauro.henrique', 'castlecow', 'trevorpeyton', 'brandon5944', 'sgoolla', 'hanju1203', 'j.e.evans', 'kmg6702', 'jjs990424', 'samuelberehe', 'nam37633', 'lha17049', 'rmsdyd7680', 'jooyn1234', 'eb32862', 'woong']",84,"['kangha6211', 'pygayoung4705', 'rlaehrud5292', 'lsh843223', 'unikwakhj', 'chan4184', 'mentaly', 'junyoung0735', 'phisicsmusic', 'changhwa2970', 'wodyd909', 'asadsfawdga', 'choijinyoung5933', 'hooni6708', 'dlstj989', 'hado0416', 'sclee1002', 'soc06016', 'ellayeji11', 'pky2237', 'syc0428', 'cccrck', 'hermione369', 'sa06093', 'ksjin0807', 'choejihun6785', 'hug6901', 'wkxa54', 'jiwon', 'ols3060178', 'poor9876', 'nhj25136', 'jea03', 'gbear7615', 'bsj99977', 'atlantic092407', 'ohsangmin', '819blue', 'sally0460', 'kijukiju7215', 'unikwakhj1', 'wansikhwang', 'rnjsgh0247', 'wdhdlstjd164', 'shim.syeon', 'pcwkcw81', 'j2218109', 'lovenmin', 'seongbin', 'ghsmx01', 'gweado12', 'oblue4848', 'dlxodus0725', 'wg6076', 'turalazer', 'jiko8693', 'zudsyd', 'rhffha12345', 'jiseong0217', 'yutube1058', 'huidonjeong', 'jimmy1100a', 'soo8355a', 'dongjinwi', 'fpqldhdntk', 'hgrf', 'thswngh793', 'minking0007', 'kms92313', 'leeseongjae450', 'unist1999', 'wkdgns599', 'pjs970918', 'beetle0720', 'gcoupe9171', 'acm990922', None, 'hah610115', 'mhyun1234567', 'alvin2373', 'ehdgns9904', '928chan928', 'pkkcjfdn', 'shin19764']",207,"['kangha6211', 'omarelmarsafy1906', 'pygayoung4705', 'rlchykoo', 'rlaehrud5292', 'our1109', 'lsh843223', 'mshadow990320', 'sebbie', 'cty0613', 'simonaz', 'unikwakhj', 'snubilee1', 'dhdldkrak', 'chan4184', 'skecprk03', 'yeudas', 'mentaly', 'junyoung0735', 'ksj9802', 'dongvin', 'juyun39', 'el0940', 'phisicsmusic', 'yennth', 'changhwa2970', 'wodyd909', 'rawatvaishali54', 'asadsfawdga', 'a.hasanbq', 'giantsteps58', 'qudwns2692', 'dndudron', 'choi1023', 'nim8244', 'choijinyoung5933', 'hooni6708', 'dlstj989', 'mohanad21', 'daeeun4531', 'samselim', 'sclee1002', 'hado0416', 'jasonkimi', 'h22313902', 'nenimepic', 'anstjddns211', 'joon5159', 'twotwo7768', 'soc06016', 'ellayeji11', 'snfndwl9', 'nabil.emara2', 'maxbailey1836', 'pky2237', 'syc0428', 'kareemkarkar42', 'cccrck', 'mookeemail', 'hermione369', 'sa06093', 'ksjin0807', 'choejihun6785', 'gabrielmaranhao10', 'sonss1998', 'hug6901', 'hkr2345', 'hse06130', 'wkxa54', 'jiwon', 'lpjh525', 'mookeemail05', 'jns225', 'kimyoonchan77', 'ols3060178', 'poor9876', 'gric', 'woong', 'nhj25136', 'shpark0923', 'potato9977', 'sherifms777', 'jea03', 'gbear7615', 'salmaamsayedd', 'tannerjackson_2024', 'nouranhamdy022', 'bsj99977', 'hyunseo', 'atlantic092407', 'thsskawn1018', 'kky4670', 'ryumija2', 'ohsangmin', '819blue', 'jimin01', 'csms987', 'sally0460', 'takbay', 'kijukiju7215', 'shn0915', 'unikwakhj1', 'shouvra', 'wansikhwang', 'rnjsgh0247', 'wdhdlstjd164', 'nugg3tz69', 'tafazulijaz1972', 'shim.syeon', 'pcwkcw81', 'leeyuchan', 'j2218109', 'lovenmin', 'seongbin', 'lsz836', 'ghsmx01', 'gweado12', 'nawaltopno.etc', 'cotmd98', 'eom5810', 'oblue4848', 'ahmedtamer200286', 'dlxodus0725', 'wg6076', 'turalazer', 'lms', 'dydgk79', 'khaledfayed7', 'jiko8693', 'zudsyd', 'dao10320', 'rhffha12345', 'acrylic753', 'importantman57', 'jiseong0217', 'osama19', 'hugoaya', 'tryitbro', 'qkrals018', 'mohammed321', 'ybband903', 'hvs278', 'yutube1058', 'wodbs0117', 'huidonjeong', 'jimmy1100a', 'b815184', 'soo8355a', 'harmony', 'mariammaher2497', 'x007007', 'bb7235', 'dongjinwi', 'goddisasterman', 'davidnoh12', 'lbenzaghta01', 'dltjdbs3', 'fpqldhdntk', 'haejeong', 'hgrf', 'thswngh793', 'bb8415', 'seokyoon', 'ypd679', 'leesh941222', 'dise8988', 'mohamedalameldinn', 'rwanhesham', 'rktnejddjfl', 'minking0007', 'kms92313', 'mauro.henrique', 'castlecow', 'leeseongjae450', 'elsislove', 'trevorpeyton', 'unist1999', 'wkdgns599', 'brandon5944', 'leehyukjoo', 'sgoolla', 'pygayoung07', 'yybb_lee', 'hanju1203', 'j.e.evans', 'kmg6702', 'jjs990424', 'samuelberehe', 'nam37633', 'lha17049', 'pjs970918', 'beetle0720', 'gcoupe9171', 'gwan00', 'acm990922', None, 'hah610115', 'rmsdyd7680', 'mhyun1234567', 'jooyn1234', 'alvin2373', 'ehdgns9904', '928chan928', 'pkkcjfdn', 'shin19764', 'eb32862', 'dgl756']"
4,481,124,90,13,"['b815184', 'mookeemail05', 'nenimepic', 'pygayoung07', 'anstjddns211', 'lms', 'dydgk79', 'sebbie', 'elsislove', 'dise8988', 'leesh941222', 'hkr2345', 'leehyukjoo']",110,"['omarelmarsafy1906', 'rlchykoo', 'our1109', 'mshadow990320', 'cty0613', 'simonaz', 'snubilee1', 'dhdldkrak', 'skecprk03', 'yeudas', 'ksj9802', 'dongvin', 'juyun39', 'el0940', 'yennth', 'rawatvaishali54', 'a.hasanbq', 'giantsteps58', 'qudwns2692', 'dndudron', 'choi1023', 'nim8244', 'mohanad21', 'daeeun4531', 'samselim', 'jasonkimi', 'h22313902', 'joon5159', 'twotwo7768', 'snfndwl9', 'nabil.emara2', 'maxbailey1836', 'kareemkarkar42', 'mookeemail', 'gabrielmaranhao10', 'sonss1998', 'hse06130', 'lpjh525', 'jns225', 'kimyoonchan77', 'gric', 'shpark0923', 'potato9977', 'sherifms777', 'salmaamsayedd', 'tannerjackson_2024', 'nouranhamdy022', 'hyunseo', 'thsskawn1018', 'kky4670', 'ryumija2', 'jimin01', 'csms987', 'takbay', 'shn0915', 'shouvra', 'nugg3tz69', 'tafazulijaz1972', 'leeyuchan', 'lsz836', 'nawaltopno.etc', 'cotmd98', 'eom5810', 'ahmedtamer200286', 'khaledfayed7', 'dao10320', 'acrylic753', 'importantman57', 'dgl756', 'osama19', 'hugoaya', 'tryitbro', 'qkrals018', 'mohammed321', 'ybband903', 'hvs278', 'wodbs0117', 'harmony', 'mariammaher2497', 'x007007', 'bb7235', 'goddisasterman', 'davidnoh12', 'lbenzaghta01', 'dltjdbs3', 'haejeong', 'bb8415', 'seokyoon', 'ypd679', 'mohamedalameldinn', 'rwanhesham', 'rktnejddjfl', 'mauro.henrique', 'castlecow', 'trevorpeyton', 'brandon5944', 'sgoolla', 'yybb_lee', 'hanju1203', 'j.e.evans', 'kmg6702', 'jjs990424', 'samuelberehe', 'nam37633', 'lha17049', 'gwan00', 'rmsdyd7680', 'jooyn1234', 'eb32862', 'woong']",77,"['kangha6211', 'pygayoung4705', 'rlaehrud5292', 'lsh843223', 'unikwakhj', 'chan4184', 'junyoung0735', 'cauvaido1610', 'phisicsmusic', 'changhwa2970', 'wodyd909', 'asadsfawdga', 'choijinyoung5933', 'hooni6708', 'dlstj989', 'hado0416', 'ljs020104a', 'sclee1002', 'soc06016', 'ellayeji11', 'syc0428', 'hermione369', 'sa06093', 'ksjin0807', 'choejihun6785', 'wkxa54', 'ols3060178', 'poor9876', 'hyunsulee0709', 'nhj25136', 'jea03', 'gbear7615', 'bsj99977', 'atlantic092407', 'ohsangmin', 'sally0460', 'kijukiju7215', 'unikwakhj1', 'wdhdlstjd164', 'shim.syeon', 'j2218109', 'lovenmin', 'seongbin', 'ghsmx01', 'gweado12', 'oblue4848', 'dlxodus0725', 'wg6076', 'turalazer', 'jiko8693', 'zudsyd', 'rhffha12345', 'jiseong0217', 'yutube1058', 'huidonjeong', 'jimmy1100a', 'soo8355a', 'dongjinwi', 'fpqldhdntk', 'hgrf', 'thswngh793', 'minking0007', 'kms92313', 'leeseongjae450', 'unist1999', 'wkdgns599', 'pjs970918', 'beetle0720', 'gcoupe9171', 'acm990922', None, 'hah610115', 'alvin2373', 'ehdgns9904', '928chan928', 'pkkcjfdn', 'shin19764']",200,"['kangha6211', 'omarelmarsafy1906', 'pygayoung4705', 'rlchykoo', 'rlaehrud5292', 'our1109', 'lsh843223', 'mshadow990320', 'sebbie', 'cty0613', 'simonaz', 'unikwakhj', 'snubilee1', 'dhdldkrak', 'chan4184', 'skecprk03', 'yeudas', 'junyoung0735', 'ksj9802', 'dongvin', 'juyun39', 'el0940', 'cauvaido1610', 'phisicsmusic', 'yennth', 'changhwa2970', 'wodyd909', 'rawatvaishali54', 'asadsfawdga', 'a.hasanbq', 'giantsteps58', 'qudwns2692', 'dndudron', 'choi1023', 'nim8244', 'choijinyoung5933', 'hooni6708', 'dlstj989', 'mohanad21', 'daeeun4531', 'samselim', 'sclee1002', 'ljs020104a', 'hado0416', 'jasonkimi', 'h22313902', 'nenimepic', 'anstjddns211', 'joon5159', 'twotwo7768', 'soc06016', 'ellayeji11', 'snfndwl9', 'nabil.emara2', 'maxbailey1836', 'syc0428', 'kareemkarkar42', 'mookeemail', 'hermione369', 'sa06093', 'ksjin0807', 'choejihun6785', 'gabrielmaranhao10', 'sonss1998', 'hkr2345', 'hse06130', 'wkxa54', 'lpjh525', 'mookeemail05', 'jns225', 'kimyoonchan77', 'ols3060178', 'poor9876', 'gric', 'hyunsulee0709', 'woong', 'nhj25136', 'shpark0923', 'potato9977', 'sherifms777', 'jea03', 'gbear7615', 'salmaamsayedd', 'tannerjackson_2024', 'nouranhamdy022', 'bsj99977', 'hyunseo', 'atlantic092407', 'thsskawn1018', 'kky4670', 'ryumija2', 'ohsangmin', 'jimin01', 'csms987', 'sally0460', 'takbay', 'kijukiju7215', 'shn0915', 'unikwakhj1', 'shouvra', 'wdhdlstjd164', 'nugg3tz69', 'tafazulijaz1972', 'shim.syeon', 'leeyuchan', 'j2218109', 'lovenmin', 'seongbin', 'lsz836', 'ghsmx01', 'gweado12', 'nawaltopno.etc', 'cotmd98', 'eom5810', 'oblue4848', 'ahmedtamer200286', 'dlxodus0725', 'wg6076', 'turalazer', 'lms', 'dydgk79', 'khaledfayed7', 'jiko8693', 'zudsyd', 'dao10320', 'rhffha12345', 'acrylic753', 'importantman57', 'jiseong0217', 'osama19', 'hugoaya', 'tryitbro', 'qkrals018', 'mohammed321', 'ybband903', 'hvs278', 'yutube1058', 'wodbs0117', 'huidonjeong', 'jimmy1100a', 'b815184', 'soo8355a', 'harmony', 'mariammaher2497', 'x007007', 'bb7235', 'dongjinwi', 'goddisasterman', 'davidnoh12', 'lbenzaghta01', 'dltjdbs3', 'fpqldhdntk', 'haejeong', 'hgrf', 'thswngh793', 'bb8415', 'seokyoon', 'ypd679', 'leesh941222', 'dise8988', 'mohamedalameldinn', 'rwanhesham', 'rktnejddjfl', 'minking0007', 'kms92313', 'mauro.henrique', 'castlecow', 'leeseongjae450', 'elsislove', 'trevorpeyton', 'unist1999', 'wkdgns599', 'brandon5944', 'leehyukjoo', 'sgoolla', 'pygayoung07', 'yybb_lee', 'hanju1203', 'j.e.evans', 'kmg6702', 'jjs990424', 'samuelberehe', 'nam37633', 'lha17049', 'pjs970918', 'beetle0720', 'gcoupe9171', 'gwan00', 'acm990922', None, 'hah610115', 'rmsdyd7680', 'jooyn1234', 'alvin2373', 'ehdgns9904', '928chan928', 'pkkcjfdn', 'shin19764', 'eb32862', 'dgl756']"
4,486,124,45,40,"['leeyuchan', 'rlchykoo', 'our1109', 'sebbie', 'dise8988', 'sonss1998', 'hkr2345', 'hse06130', 'snubilee1', 'cotmd98', 'eom5810', 'mookeemail05', 'gric', 'dydgk79', 'dongvin', 'el0940', 'elsislove', 'shpark0923', 'davidnoh12', 'potato9977', 'tryitbro', 'thsskawn1018', 'qkrals018', 'lha17049', 'ybband903', 'ryumija2', 'daeeun4531', 'wodbs0117', 'b815184', 'h22313902', 'nenimepic', 'anstjddns211', 'shn0915', 'x007007', 'bb7235', 'joon5159', 'goddisasterman', 'snfndwl9', 'eb32862', 'woong']",83,"['omarelmarsafy1906', 'mshadow990320', 'cty0613', 'simonaz', 'dhdldkrak', 'skecprk03', 'yeudas', 'ksj9802', 'juyun39', 'yennth', 'rawatvaishali54', 'a.hasanbq', 'giantsteps58', 'qudwns2692', 'dndudron', 'choi1023', 'nim8244', 'mohanad21', 'samselim', 'jasonkimi', 'twotwo7768', 'nabil.emara2', 'kareemkarkar42', 'mookeemail', 'gabrielmaranhao10', 'lpjh525', 'jns225', 'kimyoonchan77', 'sherifms777', 'salmaamsayedd', 'tannerjackson_2024', 'nouranhamdy022', 'hyunseo', 'kky4670', 'jimin01', 'csms987', 'takbay', 'shouvra', 'nugg3tz69', 'tafazulijaz1972', 'lsz836', 'nawaltopno.etc', 'ahmedtamer200286', 'lms', 'khaledfayed7', 'dao10320', 'acrylic753', 'importantman57', 'dgl756', 'osama19', 'hugoaya', 'mohammed321', 'hvs278', 'harmony', 'mariammaher2497', 'lbenzaghta01', 'dltjdbs3', 'haejeong', 'bb8415', 'seokyoon', 'ypd679', 'leesh941222', 'mohamedalameldinn', 'rwanhesham', 'rktnejddjfl', 'mauro.henrique', 'castlecow', 'trevorpeyton', 'brandon5944', 'leehyukjoo', 'sgoolla', 'pygayoung07', 'yybb_lee', 'hanju1203', 'j.e.evans', 'kmg6702', 'jjs990424', 'samuelberehe', 'nam37633', 'gwan00', 'rmsdyd7680', 'jooyn1234', 'maxbailey1836']",5,"['sjssl1201', 'jina', 'jiko8693', 'did905', None]",128,"['omarelmarsafy1906', 'rlchykoo', 'our1109', 'mshadow990320', 'sebbie', 'cty0613', 'simonaz', 'snubilee1', 'dhdldkrak', 'skecprk03', 'yeudas', 'ksj9802', 'dongvin', 'juyun39', 'el0940', 'yennth', 'rawatvaishali54', 'a.hasanbq', 'giantsteps58', 'qudwns2692', 'dndudron', 'choi1023', 'nim8244', 'mohanad21', 'daeeun4531', 'samselim', 'jasonkimi', 'h22313902', 'nenimepic', 'anstjddns211', 'joon5159', 'twotwo7768', 'snfndwl9', 'nabil.emara2', 'maxbailey1836', 'kareemkarkar42', 'mookeemail', 'gabrielmaranhao10', 'sonss1998', 'hkr2345', 'hse06130', 'lpjh525', 'mookeemail05', 'jns225', 'kimyoonchan77', 'gric', 'woong', 'shpark0923', 'potato9977', 'sherifms777', 'salmaamsayedd', 'tannerjackson_2024', 'nouranhamdy022', 'hyunseo', 'thsskawn1018', 'kky4670', 'ryumija2', 'jimin01', 'csms987', 'takbay', 'shn0915', 'shouvra', 'nugg3tz69', 'tafazulijaz1972', 'leeyuchan', 'lsz836', 'nawaltopno.etc', 'cotmd98', 'eom5810', 'ahmedtamer200286', 'lms', 'dydgk79', 'khaledfayed7', 'jiko8693', 'dao10320', 'acrylic753', 'importantman57', 'osama19', 'hugoaya', 'tryitbro', 'qkrals018', 'mohammed321', 'ybband903', 'hvs278', 'wodbs0117', 'b815184', 'sjssl1201', 'harmony', 'mariammaher2497', 'x007007', 'bb7235', 'goddisasterman', 'davidnoh12', 'lbenzaghta01', 'dltjdbs3', 'haejeong', 'bb8415', 'seokyoon', 'ypd679', 'leesh941222', 'dise8988', 'mohamedalameldinn', 'rwanhesham', 'rktnejddjfl', 'mauro.henrique', 'castlecow', 'elsislove', 'trevorpeyton', 'did905', 'brandon5944', 'leehyukjoo', 'sgoolla', 'pygayoung07', 'yybb_lee', 'jina', 'hanju1203', 'j.e.evans', 'kmg6702', 'jjs990424', 'samuelberehe', 'nam37633', 'lha17049', 'gwan00', None, 'rmsdyd7680', 'jooyn1234', 'eb32862', 'dgl756']"
4,520,124,36,9,"['b815184', 'jns225', 'dise8988', 'ypd679', 'trevorpeyton', 'samuelberehe', 'hvs278', 'nouranhamdy022', 'tannerjackson_2024']",114,"['omarelmarsafy1906', 'rlchykoo', 'our1109', 'mshadow990320', 'sebbie', 'cty0613', 'simonaz', 'snubilee1', 'dhdldkrak', 'skecprk03', 'yeudas', 'ksj9802', 'dongvin', 'juyun39', 'el0940', 'yennth', 'rawatvaishali54', 'a.hasanbq', 'giantsteps58', 'qudwns2692', 'dndudron', 'choi1023', 'nim8244', 'mohanad21', 'daeeun4531', 'samselim', 'jasonkimi', 'h22313902', 'nenimepic', 'anstjddns211', 'joon5159', 'twotwo7768', 'snfndwl9', 'nabil.emara2', 'maxbailey1836', 'kareemkarkar42', 'mookeemail', 'gabrielmaranhao10', 'sonss1998', 'hkr2345', 'hse06130', 'lpjh525', 'mookeemail05', 'kimyoonchan77', 'gric', 'shpark0923', 'potato9977', 'sherifms777', 'salmaamsayedd', 'hyunseo', 'thsskawn1018', 'kky4670', 'ryumija2', 'jimin01', 'csms987', 'takbay', 'shn0915', 'shouvra', 'nugg3tz69', 'tafazulijaz1972', 'leeyuchan', 'lsz836', 'nawaltopno.etc', 'cotmd98', 'eom5810', 'ahmedtamer200286', 'lms', 'dydgk79', 'khaledfayed7', 'dao10320', 'acrylic753', 'importantman57', 'dgl756', 'osama19', 'hugoaya', 'tryitbro', 'qkrals018', 'mohammed321', 'ybband903', 'wodbs0117', 'harmony', 'mariammaher2497', 'x007007', 'bb7235', 'goddisasterman', 'davidnoh12', 'lbenzaghta01', 'dltjdbs3', 'haejeong', 'bb8415', 'seokyoon', 'leesh941222', 'mohamedalameldinn', 'rwanhesham', 'rktnejddjfl', 'mauro.henrique', 'castlecow', 'elsislove', 'brandon5944', 'leehyukjoo', 'sgoolla', 'pygayoung07', 'yybb_lee', 'hanju1203', 'j.e.evans', 'kmg6702', 'jjs990424', 'nam37633', 'lha17049', 'gwan00', 'rmsdyd7680', 'jooyn1234', 'eb32862', 'woong']",27,"['rlaehrud5292', 'cschelz', 'abdelrahmanmedhat', 'nkd929', 'youssefroushdy29', 'shiranwaelali', 'gmarti78', 'gfb', 'kareemnabil779', 'liux16aalto', 'marco.duca.1', 'garumull', 'zikamahmoud2002', 'jina', 'feth.ceylan', 'andrewosama82', 'dmayorga', None, 'anagoldpez', 'daniel.loveless', 'kolliaspatrick', 'amoxes', 'mokhtarfadl2', 'emmettsills3', 'omarbakr234', 'hussienbetity73', 'quimii1']",150,"['omarelmarsafy1906', 'rlchykoo', 'rlaehrud5292', 'our1109', 'mshadow990320', 'sebbie', 'cty0613', 'simonaz', 'abdelrahmanmedhat', 'snubilee1', 'dhdldkrak', 'skecprk03', 'yeudas', 'ksj9802', 'dongvin', 'juyun39', 'el0940', 'yennth', 'rawatvaishali54', 'a.hasanbq', 'giantsteps58', 'qudwns2692', 'zikamahmoud2002', 'dndudron', 'choi1023', 'nim8244', 'mohanad21', 'daeeun4531', 'samselim', 'jasonkimi', 'h22313902', 'nenimepic', 'anstjddns211', 'joon5159', 'twotwo7768', 'snfndwl9', 'nabil.emara2', 'maxbailey1836', 'kareemkarkar42', 'mookeemail', 'gabrielmaranhao10', 'sonss1998', 'hkr2345', 'hse06130', 'nkd929', 'lpjh525', 'mookeemail05', 'jns225', 'kimyoonchan77', 'gric', 'woong', 'shpark0923', 'potato9977', 'sherifms777', 'salmaamsayedd', 'tannerjackson_2024', 'nouranhamdy022', 'marco.duca.1', 'garumull', 'hyunseo', 'andrewosama82', 'thsskawn1018', 'kky4670', 'ryumija2', 'jimin01', 'csms987', 'takbay', 'kolliaspatrick', 'shn0915', 'mokhtarfadl2', 'shouvra', 'emmettsills3', 'omarbakr234', 'nugg3tz69', 'tafazulijaz1972', 'leeyuchan', 'cschelz', 'lsz836', 'nawaltopno.etc', 'cotmd98', 'eom5810', 'youssefroushdy29', 'ahmedtamer200286', 'lms', 'dydgk79', 'khaledfayed7', 'gfb', 'dao10320', 'acrylic753', 'importantman57', 'osama19', 'hugoaya', 'tryitbro', 'feth.ceylan', 'qkrals018', 'mohammed321', 'ybband903', 'hvs278', 'wodbs0117', 'b815184', 'harmony', 'mariammaher2497', 'x007007', 'bb7235', 'goddisasterman', 'hussienbetity73', 'quimii1', 'davidnoh12', 'lbenzaghta01', 'dltjdbs3', 'haejeong', 'bb8415', 'seokyoon', 'ypd679', 'leesh941222', 'dise8988', 'mohamedalameldinn', 'rwanhesham', 'rktnejddjfl', 'shiranwaelali', 'mauro.henrique', 'gmarti78', 'castlecow', 'elsislove', 'kareemnabil779', 'trevorpeyton', 'liux16aalto', 'brandon5944', 'leehyukjoo', 'sgoolla', 'pygayoung07', 'yybb_lee', 'jina', 'hanju1203', 'dmayorga', 'j.e.evans', 'kmg6702', 'jjs990424', 'samuelberehe', 'nam37633', 'lha17049', 'gwan00', 'anagoldpez', None, 'daniel.loveless', 'rmsdyd7680', 'jooyn1234', 'amoxes', 'eb32862', 'dgl756']"
4,64,124,26,13,"['kareemkarkar42', 'osama19', 'ahmedtamer200286', 'nabil.emara2', 'mariammaher2497', 'khaledfayed7', 'mohammed321', 'mohanad21', 'salmaamsayedd', 'nouranhamdy022', 'mohamedalameldinn', 'importantman57', 'rwanhesham']",110,"['nugg3tz69', 'tafazulijaz1972', 'omarelmarsafy1906', 'leeyuchan', 'rlchykoo', 'our1109', 'mshadow990320', 'sebbie', 'cty0613', 'simonaz', 'lsz836', 'snubilee1', 'dhdldkrak', 'nawaltopno.etc', 'cotmd98', 'eom5810', 'skecprk03', 'yeudas', 'ksj9802', 'dongvin', 'juyun39', 'el0940', 'lms', 'dydgk79', 'yennth', 'dao10320', 'acrylic753', 'dgl756', 'rawatvaishali54', 'a.hasanbq', 'giantsteps58', 'qudwns2692', 'hugoaya', 'tryitbro', 'dndudron', 'choi1023', 'nim8244', 'qkrals018', 'ybband903', 'hvs278', 'daeeun4531', 'samselim', 'wodbs0117', 'jasonkimi', 'h22313902', 'b815184', 'nenimepic', 'anstjddns211', 'harmony', 'x007007', 'joon5159', 'bb7235', 'twotwo7768', 'goddisasterman', 'snfndwl9', 'davidnoh12', 'lbenzaghta01', 'dltjdbs3', 'haejeong', 'mookeemail', 'bb8415', 'seokyoon', 'gabrielmaranhao10', 'ypd679', 'sonss1998', 'leesh941222', 'dise8988', 'hkr2345', 'hse06130', 'rktnejddjfl', 'lpjh525', 'mookeemail05', 'jns225', 'kimyoonchan77', 'mauro.henrique', 'gric', 'woong', 'castlecow', 'elsislove', 'shpark0923', 'trevorpeyton', 'potato9977', 'sherifms777', 'brandon5944', 'leehyukjoo', 'tannerjackson_2024', 'hyunseo', 'sgoolla', 'pygayoung07', 'yybb_lee', 'hanju1203', 'thsskawn1018', 'kky4670', 'j.e.evans', 'kmg6702', 'jjs990424', 'samuelberehe', 'nam37633', 'lha17049', 'ryumija2', 'gwan00', 'jimin01', 'csms987', 'takbay', 'rmsdyd7680', 'jooyn1234', 'shn0915', 'shouvra', 'eb32862', 'maxbailey1836']",13,"['ezzelden123456789', 'shiranwaelali', 'zikamahmoud2002', 'hussienbetity73', 'andrewosama82', 'ammar_shouhan01', 'mokhtarfadl2', 'kareemnabil779', 'abdelrahmanmedhat', 'omarbakr234', None, 'omar10canada', 'youssefroushdy29']",136,"['nugg3tz69', 'tafazulijaz1972', 'omarelmarsafy1906', 'leeyuchan', 'rlchykoo', 'our1109', 'mshadow990320', 'sebbie', 'cty0613', 'simonaz', 'abdelrahmanmedhat', 'lsz836', 'snubilee1', 'dhdldkrak', 'nawaltopno.etc', 'cotmd98', 'eom5810', 'youssefroushdy29', 'skecprk03', 'yeudas', 'ahmedtamer200286', 'ksj9802', 'dongvin', 'juyun39', 'el0940', 'lms', 'dydgk79', 'khaledfayed7', 'yennth', 'dao10320', 'acrylic753', 'importantman57', 'dgl756', 'omar10canada', 'rawatvaishali54', 'osama19', 'a.hasanbq', 'giantsteps58', 'qudwns2692', 'hugoaya', 'tryitbro', 'zikamahmoud2002', 'dndudron', 'choi1023', 'nim8244', 'qkrals018', 'mohammed321', 'ybband903', 'mohanad21', 'hvs278', 'daeeun4531', 'samselim', 'wodbs0117', 'jasonkimi', 'h22313902', 'b815184', 'nenimepic', 'anstjddns211', 'harmony', 'mariammaher2497', 'x007007', 'joon5159', 'bb7235', 'twotwo7768', 'goddisasterman', 'snfndwl9', 'nabil.emara2', 'hussienbetity73', 'davidnoh12', 'lbenzaghta01', 'kareemkarkar42', 'dltjdbs3', 'haejeong', 'mookeemail', 'bb8415', 'seokyoon', 'gabrielmaranhao10', 'ypd679', 'sonss1998', 'leesh941222', 'dise8988', 'hkr2345', 'hse06130', 'mohamedalameldinn', 'rwanhesham', 'rktnejddjfl', 'lpjh525', 'mookeemail05', 'jns225', 'kimyoonchan77', 'mauro.henrique', 'shiranwaelali', 'gric', 'woong', 'castlecow', 'elsislove', 'shpark0923', 'trevorpeyton', 'potato9977', 'sherifms777', 'kareemnabil779', 'brandon5944', 'salmaamsayedd', 'leehyukjoo', 'tannerjackson_2024', 'nouranhamdy022', 'ammar_shouhan01', 'hyunseo', 'sgoolla', 'pygayoung07', 'yybb_lee', 'hanju1203', 'thsskawn1018', 'kky4670', 'j.e.evans', 'andrewosama82', 'kmg6702', 'jjs990424', 'samuelberehe', 'nam37633', 'lha17049', 'ryumija2', 'gwan00', None, 'jimin01', 'csms987', 'ezzelden123456789', 'takbay', 'rmsdyd7680', 'jooyn1234', 'shn0915', 'mokhtarfadl2', 'shouvra', 'omarbakr234', 'eb32862', 'maxbailey1836']"
4,488,124,17,6,"['mariammaher2497', 'mohamedalameldinn', 'mohammed321', 'salmaamsayedd', 'nouranhamdy022', 'rwanhesham']",117,"['nugg3tz69', 'tafazulijaz1972', 'omarelmarsafy1906', 'leeyuchan', 'rlchykoo', 'our1109', 'mshadow990320', 'sebbie', 'cty0613', 'simonaz', 'lsz836', 'snubilee1', 'dhdldkrak', 'nawaltopno.etc', 'cotmd98', 'eom5810', 'skecprk03', 'yeudas', 'ahmedtamer200286', 'ksj9802', 'dongvin', 'juyun39', 'el0940', 'lms', 'dydgk79', 'khaledfayed7', 'yennth', 'dao10320', 'acrylic753', 'importantman57', 'dgl756', 'rawatvaishali54', 'osama19', 'a.hasanbq', 'giantsteps58', 'qudwns2692', 'hugoaya', 'tryitbro', 'dndudron', 'choi1023', 'nim8244', 'qkrals018', 'ybband903', 'mohanad21', 'hvs278', 'daeeun4531', 'samselim', 'wodbs0117', 'jasonkimi', 'h22313902', 'b815184', 'nenimepic', 'anstjddns211', 'harmony', 'x007007', 'joon5159', 'bb7235', 'twotwo7768', 'goddisasterman', 'snfndwl9', 'nabil.emara2', 'davidnoh12', 'lbenzaghta01', 'kareemkarkar42', 'dltjdbs3', 'haejeong', 'mookeemail', 'bb8415', 'seokyoon', 'gabrielmaranhao10', 'ypd679', 'sonss1998', 'leesh941222', 'dise8988', 'hkr2345', 'hse06130', 'rktnejddjfl', 'lpjh525', 'mookeemail05', 'jns225', 'kimyoonchan77', 'mauro.henrique', 'gric', 'woong', 'castlecow', 'elsislove', 'shpark0923', 'trevorpeyton', 'potato9977', 'sherifms777', 'brandon5944', 'leehyukjoo', 'tannerjackson_2024', 'hyunseo', 'sgoolla', 'pygayoung07', 'yybb_lee', 'hanju1203', 'thsskawn1018', 'kky4670', 'j.e.evans', 'kmg6702', 'jjs990424', 'samuelberehe', 'nam37633', 'lha17049', 'ryumija2', 'gwan00', 'jimin01', 'csms987', 'takbay', 'rmsdyd7680', 'jooyn1234', 'shn0915', 'shouvra', 'eb32862', 'maxbailey1836']",11,"['shiranwaelali', 'zikamahmoud2002', 'andrewosama82', 'mokhtarfadl2', 'youssefroushdy29', 'kareemnabil779', 'abdelrahmanmedhat', 'omarbakr234', 'hussienbetity73', None, 'ammar_shouhan01']",134,"['nugg3tz69', 'tafazulijaz1972', 'omarelmarsafy1906', 'leeyuchan', 'rlchykoo', 'our1109', 'mshadow990320', 'sebbie', 'cty0613', 'simonaz', 'abdelrahmanmedhat', 'lsz836', 'snubilee1', 'dhdldkrak', 'nawaltopno.etc', 'cotmd98', 'eom5810', 'youssefroushdy29', 'skecprk03', 'yeudas', 'ahmedtamer200286', 'ksj9802', 'dongvin', 'juyun39', 'el0940', 'lms', 'dydgk79', 'khaledfayed7', 'yennth', 'dao10320', 'acrylic753', 'importantman57', 'dgl756', 'rawatvaishali54', 'osama19', 'a.hasanbq', 'giantsteps58', 'qudwns2692', 'hugoaya', 'tryitbro', 'zikamahmoud2002', 'dndudron', 'choi1023', 'nim8244', 'qkrals018', 'mohammed321', 'ybband903', 'mohanad21', 'hvs278', 'daeeun4531', 'samselim', 'wodbs0117', 'jasonkimi', 'h22313902', 'b815184', 'nenimepic', 'anstjddns211', 'harmony', 'mariammaher2497', 'x007007', 'joon5159', 'bb7235', 'twotwo7768', 'goddisasterman', 'snfndwl9', 'nabil.emara2', 'hussienbetity73', 'davidnoh12', 'lbenzaghta01', 'kareemkarkar42', 'dltjdbs3', 'haejeong', 'mookeemail', 'bb8415', 'seokyoon', 'gabrielmaranhao10', 'ypd679', 'sonss1998', 'leesh941222', 'dise8988', 'hkr2345', 'hse06130', 'mohamedalameldinn', 'rwanhesham', 'rktnejddjfl', 'lpjh525', 'mookeemail05', 'jns225', 'kimyoonchan77', 'mauro.henrique', 'shiranwaelali', 'gric', 'woong', 'castlecow', 'elsislove', 'shpark0923', 'trevorpeyton', 'potato9977', 'sherifms777', 'kareemnabil779', 'brandon5944', 'salmaamsayedd', 'leehyukjoo', 'tannerjackson_2024', 'nouranhamdy022', 'ammar_shouhan01', 'hyunseo', 'sgoolla', 'pygayoung07', 'yybb_lee', 'hanju1203', 'thsskawn1018', 'kky4670', 'j.e.evans', 'andrewosama82', 'kmg6702', 'jjs990424', 'samuelberehe', 'nam37633', 'lha17049', 'ryumija2', 'gwan00', None, 'jimin01', 'csms987', 'takbay', 'rmsdyd7680', 'jooyn1234', 'shn0915', 'mokhtarfadl2', 'shouvra', 'omarbakr234', 'eb32862', 'maxbailey1836']"
4,59,124,12,4,"['importantman57', 'nouranhamdy022', 'sherifms777', 'samselim']",119,"['nugg3tz69', 'tafazulijaz1972', 'omarelmarsafy1906', 'leeyuchan', 'rlchykoo', 'our1109', 'mshadow990320', 'sebbie', 'cty0613', 'simonaz', 'lsz836', 'snubilee1', 'dhdldkrak', 'nawaltopno.etc', 'cotmd98', 'eom5810', 'skecprk03', 'yeudas', 'ahmedtamer200286', 'ksj9802', 'dongvin', 'juyun39', 'el0940', 'lms', 'dydgk79', 'khaledfayed7', 'yennth', 'dao10320', 'acrylic753', 'dgl756', 'rawatvaishali54', 'osama19', 'a.hasanbq', 'giantsteps58', 'qudwns2692', 'hugoaya', 'tryitbro', 'dndudron', 'choi1023', 'nim8244', 'qkrals018', 'mohammed321', 'ybband903', 'mohanad21', 'hvs278', 'daeeun4531', 'wodbs0117', 'jasonkimi', 'h22313902', 'b815184', 'nenimepic', 'anstjddns211', 'harmony', 'mariammaher2497', 'x007007', 'joon5159', 'bb7235', 'twotwo7768', 'goddisasterman', 'snfndwl9', 'nabil.emara2', 'davidnoh12', 'lbenzaghta01', 'kareemkarkar42', 'dltjdbs3', 'haejeong', 'mookeemail', 'bb8415', 'seokyoon', 'gabrielmaranhao10', 'ypd679', 'sonss1998', 'leesh941222', 'dise8988', 'hkr2345', 'hse06130', 'mohamedalameldinn', 'rwanhesham', 'rktnejddjfl', 'lpjh525', 'mookeemail05', 'jns225', 'kimyoonchan77', 'mauro.henrique', 'gric', 'woong', 'castlecow', 'elsislove', 'shpark0923', 'trevorpeyton', 'potato9977', 'brandon5944', 'salmaamsayedd', 'leehyukjoo', 'tannerjackson_2024', 'hyunseo', 'sgoolla', 'pygayoung07', 'yybb_lee', 'hanju1203', 'thsskawn1018', 'kky4670', 'j.e.evans', 'kmg6702', 'jjs990424', 'samuelberehe', 'nam37633', 'lha17049', 'ryumija2', 'gwan00', 'jimin01', 'csms987', 'takbay', 'rmsdyd7680', 'jooyn1234', 'shn0915', 'shouvra', 'eb32862', 'maxbailey1836']",8,"['shadenshehab', 'dinakamel', 'tmikhail', 'ahmed.nael.elnokrashy', 'antoniosfarouk', None, 'islam_mohamed', 'amina.hzm']",131,"['nugg3tz69', 'tafazulijaz1972', 'omarelmarsafy1906', 'leeyuchan', 'rlchykoo', 'our1109', 'mshadow990320', 'sebbie', 'cty0613', 'simonaz', 'lsz836', 'snubilee1', 'dhdldkrak', 'nawaltopno.etc', 'cotmd98', 'eom5810', 'skecprk03', 'yeudas', 'ahmedtamer200286', 'ksj9802', 'dongvin', 'juyun39', 'el0940', 'lms', 'dydgk79', 'khaledfayed7', 'yennth', 'dao10320', 'acrylic753', 'importantman57', 'dgl756', 'rawatvaishali54', 'osama19', 'a.hasanbq', 'giantsteps58', 'qudwns2692', 'hugoaya', 'tryitbro', 'dndudron', 'choi1023', 'nim8244', 'qkrals018', 'mohammed321', 'dinakamel', 'ybband903', 'mohanad21', 'hvs278', 'tmikhail', 'daeeun4531', 'samselim', 'wodbs0117', 'jasonkimi', 'h22313902', 'b815184', 'nenimepic', 'anstjddns211', 'harmony', 'mariammaher2497', 'x007007', 'joon5159', 'bb7235', 'twotwo7768', 'goddisasterman', 'snfndwl9', 'nabil.emara2', 'davidnoh12', 'lbenzaghta01', 'kareemkarkar42', 'dltjdbs3', 'haejeong', 'mookeemail', 'bb8415', 'seokyoon', 'gabrielmaranhao10', 'ypd679', 'sonss1998', 'leesh941222', 'dise8988', 'hkr2345', 'hse06130', 'mohamedalameldinn', 'rwanhesham', 'rktnejddjfl', 'amina.hzm', 'lpjh525', 'mookeemail05', 'jns225', 'kimyoonchan77', 'mauro.henrique', 'gric', 'woong', 'castlecow', 'elsislove', 'shpark0923', 'trevorpeyton', 'potato9977', 'sherifms777', 'brandon5944', 'salmaamsayedd', 'leehyukjoo', 'tannerjackson_2024', 'nouranhamdy022', 'islam_mohamed', 'hyunseo', 'sgoolla', 'pygayoung07', 'yybb_lee', 'hanju1203', 'thsskawn1018', 'kky4670', 'j.e.evans', 'kmg6702', 'jjs990424', 'samuelberehe', 'nam37633', 'lha17049', 'ryumija2', 'ahmed.nael.elnokrashy', 'antoniosfarouk', 'gwan00', None, 'jimin01', 'csms987', 'takbay', 'rmsdyd7680', 'jooyn1234', 'shn0915', 'shadenshehab', 'shouvra', 'eb32862', 'maxbailey1836']"
4,329,124,12,4,"['rktnejddjfl', 'gwan00', 'nim8244', 'brandon5944']",119,"['nugg3tz69', 'tafazulijaz1972', 'omarelmarsafy1906', 'leeyuchan', 'rlchykoo', 'our1109', 'mshadow990320', 'sebbie', 'cty0613', 'simonaz', 'lsz836', 'snubilee1', 'dhdldkrak', 'nawaltopno.etc', 'cotmd98', 'eom5810', 'skecprk03', 'yeudas', 'ahmedtamer200286', 'ksj9802', 'dongvin', 'juyun39', 'el0940', 'lms', 'dydgk79', 'khaledfayed7', 'yennth', 'dao10320', 'acrylic753', 'importantman57', 'dgl756', 'rawatvaishali54', 'osama19', 'a.hasanbq', 'giantsteps58', 'qudwns2692', 'hugoaya', 'tryitbro', 'dndudron', 'choi1023', 'qkrals018', 'mohammed321', 'ybband903', 'mohanad21', 'hvs278', 'daeeun4531', 'samselim', 'wodbs0117', 'jasonkimi', 'h22313902', 'b815184', 'nenimepic', 'anstjddns211', 'harmony', 'mariammaher2497', 'x007007', 'joon5159', 'bb7235', 'twotwo7768', 'goddisasterman', 'snfndwl9', 'nabil.emara2', 'davidnoh12', 'lbenzaghta01', 'kareemkarkar42', 'dltjdbs3', 'haejeong', 'mookeemail', 'bb8415', 'seokyoon', 'gabrielmaranhao10', 'ypd679', 'sonss1998', 'leesh941222', 'dise8988', 'hkr2345', 'hse06130', 'mohamedalameldinn', 'rwanhesham', 'lpjh525', 'mookeemail05', 'jns225', 'kimyoonchan77', 'mauro.henrique', 'gric', 'woong', 'castlecow', 'elsislove', 'shpark0923', 'trevorpeyton', 'potato9977', 'sherifms777', 'salmaamsayedd', 'leehyukjoo', 'tannerjackson_2024', 'nouranhamdy022', 'hyunseo', 'sgoolla', 'pygayoung07', 'yybb_lee', 'hanju1203', 'thsskawn1018', 'kky4670', 'j.e.evans', 'kmg6702', 'jjs990424', 'samuelberehe', 'nam37633', 'lha17049', 'ryumija2', 'jimin01', 'csms987', 'takbay', 'rmsdyd7680', 'jooyn1234', 'shn0915', 'shouvra', 'eb32862', 'maxbailey1836']",8,"['dcqor123', 'ruddnjs3323', 'psj', 'nanosshhnn525', 'jiko8693', 'kdh225', None, 'cindyyj0102']",131,"['nugg3tz69', 'tafazulijaz1972', 'omarelmarsafy1906', 'leeyuchan', 'rlchykoo', 'our1109', 'mshadow990320', 'sebbie', 'cty0613', 'simonaz', 'lsz836', 'snubilee1', 'dhdldkrak', 'nawaltopno.etc', 'cotmd98', 'eom5810', 'skecprk03', 'yeudas', 'ahmedtamer200286', 'ksj9802', 'dongvin', 'juyun39', 'el0940', 'lms', 'dydgk79', 'khaledfayed7', 'nanosshhnn525', 'yennth', 'jiko8693', 'dao10320', 'acrylic753', 'importantman57', 'dgl756', 'rawatvaishali54', 'osama19', 'a.hasanbq', 'giantsteps58', 'qudwns2692', 'hugoaya', 'tryitbro', 'ruddnjs3323', 'dndudron', 'psj', 'choi1023', 'nim8244', 'qkrals018', 'mohammed321', 'ybband903', 'mohanad21', 'hvs278', 'daeeun4531', 'samselim', 'wodbs0117', 'jasonkimi', 'h22313902', 'b815184', 'nenimepic', 'anstjddns211', 'harmony', 'mariammaher2497', 'x007007', 'joon5159', 'bb7235', 'twotwo7768', 'goddisasterman', 'snfndwl9', 'nabil.emara2', 'davidnoh12', 'lbenzaghta01', 'kareemkarkar42', 'dltjdbs3', 'haejeong', 'mookeemail', 'bb8415', 'seokyoon', 'gabrielmaranhao10', 'ypd679', 'sonss1998', 'leesh941222', 'dise8988', 'hkr2345', 'hse06130', 'mohamedalameldinn', 'rwanhesham', 'rktnejddjfl', 'lpjh525', 'mookeemail05', 'jns225', 'kimyoonchan77', 'mauro.henrique', 'gric', 'woong', 'castlecow', 'elsislove', 'shpark0923', 'trevorpeyton', 'potato9977', 'sherifms777', 'brandon5944', 'salmaamsayedd', 'leehyukjoo', 'tannerjackson_2024', 'nouranhamdy022', 'cindyyj0102', 'hyunseo', 'sgoolla', 'pygayoung07', 'yybb_lee', 'hanju1203', 'thsskawn1018', 'kky4670', 'j.e.evans', 'kmg6702', 'jjs990424', 'samuelberehe', 'nam37633', 'lha17049', 'ryumija2', 'gwan00', None, 'jimin01', 'csms987', 'dcqor123', 'takbay', 'rmsdyd7680', 'jooyn1234', 'shn0915', 'shouvra', 'kdh225', 'eb32862', 'maxbailey1836']"
4,346,124,11,1,['ybband903'],122,"['nugg3tz69', 'tafazulijaz1972', 'omarelmarsafy1906', 'leeyuchan', 'rlchykoo', 'our1109', 'mshadow990320', 'sebbie', 'cty0613', 'simonaz', 'lsz836', 'snubilee1', 'dhdldkrak', 'nawaltopno.etc', 'cotmd98', 'eom5810', 'skecprk03', 'yeudas', 'ahmedtamer200286', 'ksj9802', 'dongvin', 'juyun39', 'el0940', 'lms', 'dydgk79', 'khaledfayed7', 'yennth', 'dao10320', 'acrylic753', 'importantman57', 'dgl756', 'rawatvaishali54', 'osama19', 'a.hasanbq', 'giantsteps58', 'qudwns2692', 'hugoaya', 'tryitbro', 'dndudron', 'choi1023', 'nim8244', 'qkrals018', 'mohammed321', 'mohanad21', 'hvs278', 'daeeun4531', 'samselim', 'wodbs0117', 'jasonkimi', 'h22313902', 'b815184', 'nenimepic', 'anstjddns211', 'harmony', 'mariammaher2497', 'x007007', 'joon5159', 'bb7235', 'twotwo7768', 'goddisasterman', 'snfndwl9', 'nabil.emara2', 'davidnoh12', 'lbenzaghta01', 'kareemkarkar42', 'dltjdbs3', 'haejeong', 'mookeemail', 'bb8415', 'seokyoon', 'gabrielmaranhao10', 'ypd679', 'sonss1998', 'leesh941222', 'dise8988', 'hkr2345', 'hse06130', 'mohamedalameldinn', 'rwanhesham', 'rktnejddjfl', 'lpjh525', 'mookeemail05', 'jns225', 'kimyoonchan77', 'mauro.henrique', 'gric', 'woong', 'castlecow', 'elsislove', 'shpark0923', 'trevorpeyton', 'potato9977', 'sherifms777', 'brandon5944', 'salmaamsayedd', 'leehyukjoo', 'tannerjackson_2024', 'nouranhamdy022', 'hyunseo', 'sgoolla', 'pygayoung07', 'yybb_lee', 'hanju1203', 'thsskawn1018', 'kky4670', 'j.e.evans', 'kmg6702', 'jjs990424', 'samuelberehe', 'nam37633', 'lha17049', 'ryumija2', 'gwan00', 'jimin01', 'csms987', 'takbay', 'rmsdyd7680', 'jooyn1234', 'shn0915', 'shouvra', 'eb32862', 'maxbailey1836']",10,"['dcqor123', 'psj', 'nanosshhnn525', 'babamba', 'jiko8693', 'sim1541', 'kdh225', 'leejung9811', None, 'cindyyj0102']",133,"['nugg3tz69', 'tafazulijaz1972', 'omarelmarsafy1906', 'leeyuchan', 'rlchykoo', 'our1109', 'mshadow990320', 'sebbie', 'cty0613', 'simonaz', 'lsz836', 'snubilee1', 'dhdldkrak', 'nawaltopno.etc', 'cotmd98', 'eom5810', 'skecprk03', 'yeudas', 'ahmedtamer200286', 'ksj9802', 'dongvin', 'juyun39', 'el0940', 'lms', 'dydgk79', 'khaledfayed7', 'nanosshhnn525', 'yennth', 'jiko8693', 'sim1541', 'dao10320', 'acrylic753', 'importantman57', 'dgl756', 'rawatvaishali54', 'osama19', 'a.hasanbq', 'giantsteps58', 'qudwns2692', 'hugoaya', 'tryitbro', 'dndudron', 'psj', 'choi1023', 'nim8244', 'qkrals018', 'mohammed321', 'ybband903', 'mohanad21', 'hvs278', 'daeeun4531', 'samselim', 'leejung9811', 'wodbs0117', 'jasonkimi', 'h22313902', 'b815184', 'nenimepic', 'anstjddns211', 'harmony', 'mariammaher2497', 'x007007', 'joon5159', 'bb7235', 'twotwo7768', 'goddisasterman', 'snfndwl9', 'nabil.emara2', 'davidnoh12', 'lbenzaghta01', 'kareemkarkar42', 'dltjdbs3', 'haejeong', 'mookeemail', 'bb8415', 'seokyoon', 'gabrielmaranhao10', 'ypd679', 'sonss1998', 'leesh941222', 'dise8988', 'hkr2345', 'hse06130', 'mohamedalameldinn', 'rwanhesham', 'rktnejddjfl', 'lpjh525', 'mookeemail05', 'jns225', 'kimyoonchan77', 'mauro.henrique', 'gric', 'woong', 'castlecow', 'elsislove', 'shpark0923', 'trevorpeyton', 'potato9977', 'sherifms777', 'brandon5944', 'salmaamsayedd', 'leehyukjoo', 'tannerjackson_2024', 'nouranhamdy022', 'cindyyj0102', 'hyunseo', 'sgoolla', 'pygayoung07', 'yybb_lee', 'hanju1203', 'thsskawn1018', 'kky4670', 'j.e.evans', 'kmg6702', 'jjs990424', 'samuelberehe', 'nam37633', 'lha17049', 'babamba', 'ryumija2', 'gwan00', None, 'jimin01', 'csms987', 'dcqor123', 'takbay', 'rmsdyd7680', 'jooyn1234', 'shn0915', 'shouvra', 'kdh225', 'eb32862', 'maxbailey1836']"
4,62,124,7,4,"['samuelberehe', 'trevorpeyton', 'hvs278', 'tannerjackson_2024']",119,"['nugg3tz69', 'tafazulijaz1972', 'omarelmarsafy1906', 'leeyuchan', 'rlchykoo', 'our1109', 'mshadow990320', 'sebbie', 'cty0613', 'simonaz', 'lsz836', 'snubilee1', 'dhdldkrak', 'nawaltopno.etc', 'cotmd98', 'eom5810', 'skecprk03', 'yeudas', 'ahmedtamer200286', 'ksj9802', 'dongvin', 'juyun39', 'el0940', 'lms', 'dydgk79', 'khaledfayed7', 'yennth', 'dao10320', 'acrylic753', 'importantman57', 'dgl756', 'rawatvaishali54', 'osama19', 'a.hasanbq', 'giantsteps58', 'qudwns2692', 'hugoaya', 'tryitbro', 'dndudron', 'choi1023', 'nim8244', 'qkrals018', 'mohammed321', 'ybband903', 'mohanad21', 'daeeun4531', 'samselim', 'wodbs0117', 'jasonkimi', 'h22313902', 'b815184', 'nenimepic', 'anstjddns211', 'harmony', 'mariammaher2497', 'x007007', 'joon5159', 'bb7235', 'twotwo7768', 'goddisasterman', 'snfndwl9', 'nabil.emara2', 'davidnoh12', 'lbenzaghta01', 'kareemkarkar42', 'dltjdbs3', 'haejeong', 'mookeemail', 'bb8415', 'seokyoon', 'gabrielmaranhao10', 'ypd679', 'sonss1998', 'leesh941222', 'dise8988', 'hkr2345', 'hse06130', 'mohamedalameldinn', 'rwanhesham', 'rktnejddjfl', 'lpjh525', 'mookeemail05', 'jns225', 'kimyoonchan77', 'mauro.henrique', 'gric', 'woong', 'castlecow', 'elsislove', 'shpark0923', 'potato9977', 'sherifms777', 'brandon5944', 'salmaamsayedd', 'leehyukjoo', 'nouranhamdy022', 'hyunseo', 'sgoolla', 'pygayoung07', 'yybb_lee', 'hanju1203', 'thsskawn1018', 'kky4670', 'j.e.evans', 'kmg6702', 'jjs990424', 'nam37633', 'lha17049', 'ryumija2', 'gwan00', 'jimin01', 'csms987', 'takbay', 'rmsdyd7680', 'jooyn1234', 'shn0915', 'shouvra', 'eb32862', 'maxbailey1836']",3,"[None, 'nkd929', 'daniel.loveless']",126,"['nugg3tz69', 'tafazulijaz1972', 'omarelmarsafy1906', 'leeyuchan', 'rlchykoo', 'our1109', 'mshadow990320', 'sebbie', 'cty0613', 'simonaz', 'lsz836', 'snubilee1', 'dhdldkrak', 'nawaltopno.etc', 'cotmd98', 'eom5810', 'skecprk03', 'yeudas', 'ahmedtamer200286', 'ksj9802', 'dongvin', 'juyun39', 'el0940', 'lms', 'dydgk79', 'khaledfayed7', 'yennth', 'dao10320', 'acrylic753', 'importantman57', 'dgl756', 'rawatvaishali54', 'osama19', 'a.hasanbq', 'giantsteps58', 'qudwns2692', 'hugoaya', 'tryitbro', 'dndudron', 'choi1023', 'nim8244', 'qkrals018', 'mohammed321', 'ybband903', 'mohanad21', 'hvs278', 'daeeun4531', 'samselim', 'wodbs0117', 'jasonkimi', 'h22313902', 'b815184', 'nenimepic', 'anstjddns211', 'harmony', 'mariammaher2497', 'x007007', 'joon5159', 'bb7235', 'twotwo7768', 'goddisasterman', 'snfndwl9', 'nabil.emara2', 'davidnoh12', 'lbenzaghta01', 'kareemkarkar42', 'dltjdbs3', 'haejeong', 'mookeemail', 'bb8415', 'seokyoon', 'gabrielmaranhao10', 'ypd679', 'sonss1998', 'leesh941222', 'dise8988', 'hkr2345', 'hse06130', 'mohamedalameldinn', 'rwanhesham', 'rktnejddjfl', 'nkd929', 'lpjh525', 'mookeemail05', 'jns225', 'kimyoonchan77', 'mauro.henrique', 'gric', 'woong', 'castlecow', 'elsislove', 'shpark0923', 'trevorpeyton', 'potato9977', 'sherifms777', 'brandon5944', 'salmaamsayedd', 'leehyukjoo', 'tannerjackson_2024', 'nouranhamdy022', 'hyunseo', 'sgoolla', 'pygayoung07', 'yybb_lee', 'hanju1203', 'thsskawn1018', 'kky4670', 'j.e.evans', 'kmg6702', 'jjs990424', 'samuelberehe', 'nam37633', 'lha17049', 'ryumija2', 'gwan00', None, 'daniel.loveless', 'jimin01', 'csms987', 'takbay', 'rmsdyd7680', 'jooyn1234', 'shn0915', 'shouvra', 'eb32862', 'maxbailey1836']"
4,204,124,7,2,"['sherifms777', 'samselim']",121,"['nugg3tz69', 'tafazulijaz1972', 'omarelmarsafy1906', 'leeyuchan', 'rlchykoo', 'our1109', 'mshadow990320', 'sebbie', 'cty0613', 'simonaz', 'lsz836', 'snubilee1', 'dhdldkrak', 'nawaltopno.etc', 'cotmd98', 'eom5810', 'skecprk03', 'yeudas', 'ahmedtamer200286', 'ksj9802', 'dongvin', 'juyun39', 'el0940', 'lms', 'dydgk79', 'khaledfayed7', 'yennth', 'dao10320', 'acrylic753', 'importantman57', 'dgl756', 'rawatvaishali54', 'osama19', 'a.hasanbq', 'giantsteps58', 'qudwns2692', 'hugoaya', 'tryitbro', 'dndudron', 'choi1023', 'nim8244', 'qkrals018', 'mohammed321', 'ybband903', 'mohanad21', 'hvs278', 'daeeun4531', 'wodbs0117', 'jasonkimi', 'h22313902', 'b815184', 'nenimepic', 'anstjddns211', 'harmony', 'mariammaher2497', 'x007007', 'joon5159', 'bb7235', 'twotwo7768', 'goddisasterman', 'snfndwl9', 'nabil.emara2', 'davidnoh12', 'lbenzaghta01', 'kareemkarkar42', 'dltjdbs3', 'haejeong', 'mookeemail', 'bb8415', 'seokyoon', 'gabrielmaranhao10', 'ypd679', 'sonss1998', 'leesh941222', 'dise8988', 'hkr2345', 'hse06130', 'mohamedalameldinn', 'rwanhesham', 'rktnejddjfl', 'lpjh525', 'mookeemail05', 'jns225', 'kimyoonchan77', 'mauro.henrique', 'gric', 'woong', 'castlecow', 'elsislove', 'shpark0923', 'trevorpeyton', 'potato9977', 'brandon5944', 'salmaamsayedd', 'leehyukjoo', 'tannerjackson_2024', 'nouranhamdy022', 'hyunseo', 'sgoolla', 'pygayoung07', 'yybb_lee', 'hanju1203', 'thsskawn1018', 'kky4670', 'j.e.evans', 'kmg6702', 'jjs990424', 'samuelberehe', 'nam37633', 'lha17049', 'ryumija2', 'gwan00', 'jimin01', 'csms987', 'takbay', 'rmsdyd7680', 'jooyn1234', 'shn0915', 'shouvra', 'eb32862', 'maxbailey1836']",5,"['shadenshehab', 'dinakamel', 'antoniosfarouk', None, 'amina.hzm']",128,"['nugg3tz69', 'tafazulijaz1972', 'omarelmarsafy1906', 'leeyuchan', 'rlchykoo', 'our1109', 'mshadow990320', 'sebbie', 'cty0613', 'simonaz', 'lsz836', 'snubilee1', 'dhdldkrak', 'nawaltopno.etc', 'cotmd98', 'eom5810', 'skecprk03', 'yeudas', 'ahmedtamer200286', 'ksj9802', 'dongvin', 'juyun39', 'el0940', 'lms', 'dydgk79', 'khaledfayed7', 'yennth', 'dao10320', 'acrylic753', 'importantman57', 'dgl756', 'rawatvaishali54', 'osama19', 'a.hasanbq', 'giantsteps58', 'qudwns2692', 'hugoaya', 'tryitbro', 'dndudron', 'choi1023', 'nim8244', 'qkrals018', 'mohammed321', 'dinakamel', 'ybband903', 'mohanad21', 'hvs278', 'daeeun4531', 'samselim', 'wodbs0117', 'jasonkimi', 'h22313902', 'b815184', 'nenimepic', 'anstjddns211', 'harmony', 'mariammaher2497', 'x007007', 'joon5159', 'bb7235', 'twotwo7768', 'goddisasterman', 'snfndwl9', 'nabil.emara2', 'davidnoh12', 'lbenzaghta01', 'kareemkarkar42', 'dltjdbs3', 'haejeong', 'mookeemail', 'bb8415', 'seokyoon', 'gabrielmaranhao10', 'ypd679', 'sonss1998', 'leesh941222', 'dise8988', 'hkr2345', 'hse06130', 'mohamedalameldinn', 'rwanhesham', 'rktnejddjfl', 'amina.hzm', 'lpjh525', 'mookeemail05', 'jns225', 'kimyoonchan77', 'mauro.henrique', 'gric', 'woong', 'castlecow', 'elsislove', 'shpark0923', 'trevorpeyton', 'potato9977', 'sherifms777', 'brandon5944', 'salmaamsayedd', 'leehyukjoo', 'tannerjackson_2024', 'nouranhamdy022', 'hyunseo', 'sgoolla', 'pygayoung07', 'yybb_lee', 'hanju1203', 'thsskawn1018', 'kky4670', 'j.e.evans', 'kmg6702', 'jjs990424', 'samuelberehe', 'nam37633', 'lha17049', 'ryumija2', 'antoniosfarouk', 'gwan00', None, 'jimin01', 'csms987', 'takbay', 'rmsdyd7680', 'jooyn1234', 'shn0915', 'shadenshehab', 'shouvra', 'eb32862', 'maxbailey1836']"
4,485,124,7,3,"['nouranhamdy022', 'sherifms777', 'samselim']",120,"['nugg3tz69', 'tafazulijaz1972', 'omarelmarsafy1906', 'leeyuchan', 'rlchykoo', 'our1109', 'mshadow990320', 'sebbie', 'cty0613', 'simonaz', 'lsz836', 'snubilee1', 'dhdldkrak', 'nawaltopno.etc', 'cotmd98', 'eom5810', 'skecprk03', 'yeudas', 'ahmedtamer200286', 'ksj9802', 'dongvin', 'juyun39', 'el0940', 'lms', 'dydgk79', 'khaledfayed7', 'yennth', 'dao10320', 'acrylic753', 'importantman57', 'dgl756', 'rawatvaishali54', 'osama19', 'a.hasanbq', 'giantsteps58', 'qudwns2692', 'hugoaya', 'tryitbro', 'dndudron', 'choi1023', 'nim8244', 'qkrals018', 'mohammed321', 'ybband903', 'mohanad21', 'hvs278', 'daeeun4531', 'wodbs0117', 'jasonkimi', 'h22313902', 'b815184', 'nenimepic', 'anstjddns211', 'harmony', 'mariammaher2497', 'x007007', 'joon5159', 'bb7235', 'twotwo7768', 'goddisasterman', 'snfndwl9', 'nabil.emara2', 'davidnoh12', 'lbenzaghta01', 'kareemkarkar42', 'dltjdbs3', 'haejeong', 'mookeemail', 'bb8415', 'seokyoon', 'gabrielmaranhao10', 'ypd679', 'sonss1998', 'leesh941222', 'dise8988', 'hkr2345', 'hse06130', 'mohamedalameldinn', 'rwanhesham', 'rktnejddjfl', 'lpjh525', 'mookeemail05', 'jns225', 'kimyoonchan77', 'mauro.henrique', 'gric', 'woong', 'castlecow', 'elsislove', 'shpark0923', 'trevorpeyton', 'potato9977', 'brandon5944', 'salmaamsayedd', 'leehyukjoo', 'tannerjackson_2024', 'hyunseo', 'sgoolla', 'pygayoung07', 'yybb_lee', 'hanju1203', 'thsskawn1018', 'kky4670', 'j.e.evans', 'kmg6702', 'jjs990424', 'samuelberehe', 'nam37633', 'lha17049', 'ryumija2', 'gwan00', 'jimin01', 'csms987', 'takbay', 'rmsdyd7680', 'jooyn1234', 'shn0915', 'shouvra', 'eb32862', 'maxbailey1836']",4,"['dinakamel', None, 'islam_mohamed', 'shadenshehab']",127,"['nugg3tz69', 'tafazulijaz1972', 'omarelmarsafy1906', 'leeyuchan', 'rlchykoo', 'our1109', 'mshadow990320', 'sebbie', 'cty0613', 'simonaz', 'lsz836', 'snubilee1', 'dhdldkrak', 'nawaltopno.etc', 'cotmd98', 'eom5810', 'skecprk03', 'yeudas', 'ahmedtamer200286', 'ksj9802', 'dongvin', 'juyun39', 'el0940', 'lms', 'dydgk79', 'khaledfayed7', 'yennth', 'dao10320', 'acrylic753', 'importantman57', 'dgl756', 'rawatvaishali54', 'osama19', 'a.hasanbq', 'giantsteps58', 'qudwns2692', 'hugoaya', 'tryitbro', 'dndudron', 'choi1023', 'nim8244', 'qkrals018', 'mohammed321', 'dinakamel', 'ybband903', 'mohanad21', 'hvs278', 'daeeun4531', 'samselim', 'wodbs0117', 'jasonkimi', 'h22313902', 'b815184', 'nenimepic', 'anstjddns211', 'harmony', 'mariammaher2497', 'x007007', 'joon5159', 'bb7235', 'twotwo7768', 'goddisasterman', 'snfndwl9', 'nabil.emara2', 'davidnoh12', 'lbenzaghta01', 'kareemkarkar42', 'dltjdbs3', 'haejeong', 'mookeemail', 'bb8415', 'seokyoon', 'gabrielmaranhao10', 'ypd679', 'sonss1998', 'leesh941222', 'dise8988', 'hkr2345', 'hse06130', 'mohamedalameldinn', 'rwanhesham', 'rktnejddjfl', 'lpjh525', 'mookeemail05', 'jns225', 'kimyoonchan77', 'mauro.henrique', 'gric', 'woong', 'castlecow', 'elsislove', 'shpark0923', 'trevorpeyton', 'potato9977', 'sherifms777', 'brandon5944', 'salmaamsayedd', 'leehyukjoo', 'tannerjackson_2024', 'nouranhamdy022', 'islam_mohamed', 'hyunseo', 'sgoolla', 'pygayoung07', 'yybb_lee', 'hanju1203', 'thsskawn1018', 'kky4670', 'j.e.evans', 'kmg6702', 'jjs990424', 'samuelberehe', 'nam37633', 'lha17049', 'ryumija2', 'gwan00', None, 'jimin01', 'csms987', 'takbay', 'rmsdyd7680', 'jooyn1234', 'shn0915', 'shadenshehab', 'shouvra', 'eb32862', 'maxbailey1836']"
4,487,124,7,4,"['samuelberehe', 'trevorpeyton', 'hvs278', 'tannerjackson_2024']",119,"['nugg3tz69', 'tafazulijaz1972', 'omarelmarsafy1906', 'leeyuchan', 'rlchykoo', 'our1109', 'mshadow990320', 'sebbie', 'cty0613', 'simonaz', 'lsz836', 'snubilee1', 'dhdldkrak', 'nawaltopno.etc', 'cotmd98', 'eom5810', 'skecprk03', 'yeudas', 'ahmedtamer200286', 'ksj9802', 'dongvin', 'juyun39', 'el0940', 'lms', 'dydgk79', 'khaledfayed7', 'yennth', 'dao10320', 'acrylic753', 'importantman57', 'dgl756', 'rawatvaishali54', 'osama19', 'a.hasanbq', 'giantsteps58', 'qudwns2692', 'hugoaya', 'tryitbro', 'dndudron', 'choi1023', 'nim8244', 'qkrals018', 'mohammed321', 'ybband903', 'mohanad21', 'daeeun4531', 'samselim', 'wodbs0117', 'jasonkimi', 'h22313902', 'b815184', 'nenimepic', 'anstjddns211', 'harmony', 'mariammaher2497', 'x007007', 'joon5159', 'bb7235', 'twotwo7768', 'goddisasterman', 'snfndwl9', 'nabil.emara2', 'davidnoh12', 'lbenzaghta01', 'kareemkarkar42', 'dltjdbs3', 'haejeong', 'mookeemail', 'bb8415', 'seokyoon', 'gabrielmaranhao10', 'ypd679', 'sonss1998', 'leesh941222', 'dise8988', 'hkr2345', 'hse06130', 'mohamedalameldinn', 'rwanhesham', 'rktnejddjfl', 'lpjh525', 'mookeemail05', 'jns225', 'kimyoonchan77', 'mauro.henrique', 'gric', 'woong', 'castlecow', 'elsislove', 'shpark0923', 'potato9977', 'sherifms777', 'brandon5944', 'salmaamsayedd', 'leehyukjoo', 'nouranhamdy022', 'hyunseo', 'sgoolla', 'pygayoung07', 'yybb_lee', 'hanju1203', 'thsskawn1018', 'kky4670', 'j.e.evans', 'kmg6702', 'jjs990424', 'nam37633', 'lha17049', 'ryumija2', 'gwan00', 'jimin01', 'csms987', 'takbay', 'rmsdyd7680', 'jooyn1234', 'shn0915', 'shouvra', 'eb32862', 'maxbailey1836']",3,"[None, 'nkd929', 'daniel.loveless']",126,"['nugg3tz69', 'tafazulijaz1972', 'omarelmarsafy1906', 'leeyuchan', 'rlchykoo', 'our1109', 'mshadow990320', 'sebbie', 'cty0613', 'simonaz', 'lsz836', 'snubilee1', 'dhdldkrak', 'nawaltopno.etc', 'cotmd98', 'eom5810', 'skecprk03', 'yeudas', 'ahmedtamer200286', 'ksj9802', 'dongvin', 'juyun39', 'el0940', 'lms', 'dydgk79', 'khaledfayed7', 'yennth', 'dao10320', 'acrylic753', 'importantman57', 'dgl756', 'rawatvaishali54', 'osama19', 'a.hasanbq', 'giantsteps58', 'qudwns2692', 'hugoaya', 'tryitbro', 'dndudron', 'choi1023', 'nim8244', 'qkrals018', 'mohammed321', 'ybband903', 'mohanad21', 'hvs278', 'daeeun4531', 'samselim', 'wodbs0117', 'jasonkimi', 'h22313902', 'b815184', 'nenimepic', 'anstjddns211', 'harmony', 'mariammaher2497', 'x007007', 'joon5159', 'bb7235', 'twotwo7768', 'goddisasterman', 'snfndwl9', 'nabil.emara2', 'davidnoh12', 'lbenzaghta01', 'kareemkarkar42', 'dltjdbs3', 'haejeong', 'mookeemail', 'bb8415', 'seokyoon', 'gabrielmaranhao10', 'ypd679', 'sonss1998', 'leesh941222', 'dise8988', 'hkr2345', 'hse06130', 'mohamedalameldinn', 'rwanhesham', 'rktnejddjfl', 'nkd929', 'lpjh525', 'mookeemail05', 'jns225', 'kimyoonchan77', 'mauro.henrique', 'gric', 'woong', 'castlecow', 'elsislove', 'shpark0923', 'trevorpeyton', 'potato9977', 'sherifms777', 'brandon5944', 'salmaamsayedd', 'leehyukjoo', 'tannerjackson_2024', 'nouranhamdy022', 'hyunseo', 'sgoolla', 'pygayoung07', 'yybb_lee', 'hanju1203', 'thsskawn1018', 'kky4670', 'j.e.evans', 'kmg6702', 'jjs990424', 'samuelberehe', 'nam37633', 'lha17049', 'ryumija2', 'gwan00', None, 'daniel.loveless', 'jimin01', 'csms987', 'takbay', 'rmsdyd7680', 'jooyn1234', 'shn0915', 'shouvra', 'eb32862', 'maxbailey1836']"
5,500,108,206,17,"['guete', 'pietro.capuzzo99', 'ceciriveralamelas', 'mariaci99', 'laura_pn', 'javipm12', 'zanoni', 'sofiacobas', 'saducio', 'luisgue99', 'cheng1105', 'samumonin', 'teijeiroalex', 'miguelcou', 'sergiorr15', 'silveira', 'pancho5110']",90,"['pratt.335', 'sankalpsingh4u', 'fran_gb', 'josephconhale', 'vasdvasdfew', 'saglamahmetutku', 'pedrobf9', 'carloslamas', 'bayaraa0330', 'koltondrake', 'eheadj', 'sakshijaiswal8109', 'mgfgg17', 'piovac', 'jmipose', 'garomo', 'shrutik', 'pabloperezpicos00', 'lobwedge', 'hisoo', 'daanioompi09', 'lidialozano23', 'a01096083057', 'matt.iqbunns', 'ojiow', 'qzhang.phys', 'parduxen', 'nmkrishna.123', 'aldirin1', 'leandroabuga', 'nivedha07', 'jpfeser', 'jzhong2', 'dhakshana', 'tito_moares2000', 'vanesasomoza', 'altantsooj', 'gabri_om6', 'saraj31', 'omargamal99', 'valverde.rivera.pablo', 'mmartinezsanchez', 'alvaromagdalena', 'ee20btech11013', '11ajeetksingh', 'dong0095', 'rachaelsia1171103108', 'ramonbouzon', 'stefanocasalini1979', 'g.oteromoreiraa', 'pcwkcw81', 'danaromera', '21pn32', 'apintos2', 'bearhoon8590', 'mohammed_taha', 'mateogomezmendez', 'abhay.chopde', 'celsoaenllecurras', 'markint28', 'yoolims', 'qkrrjsxor12', 'syerci', 'elene97', 'almalr97', 'fengweiqiezi', 'sergioyesidg', 'tulikachawla1', 'paulaanteloriveiro3', 'carmen20', 'mariaci9799', 'marcos.suarez.vazquez', 'cvillar_', '21pn02', 'yeow0071', 'inesgarciaiglesias', 'sameh_rehan', 'john1973', 'adrianrg4', 'rafal.lewandkow', 'myeonu', 'jose5loureiro', 'azf1181303550', 'chl53277', 'sgu20161489', 'duswn6123', 'evaabalde', 'moshelem', 'migf17', 'josesp']",189,"['antlomb', 'villarta.jabulen', 'jymbarnes11', 'jsweeney1', 'andreadominguezrodriguez4', 'jasonkkgukeghost', 'alright2555', 'nzhu2000', 'uni_homework', 'silvermoon0314', 'a110521014', 'peak11', 'noahmarron1127', 'a3pa3p', 'oalvidrez', 'alam1', 'glatham3211', 'athena.120245141', 'mcalderman1', 'jerry41707', 'b361user', 'blair.haydon', 'mierdatrabajos', 'fenqs', 'iliasosner21', 'samugomezbis', 'gonza801', 'nicholasdwilliams', 'yellowkitie777', 'akzafonsa', 'eray0206', 'poby', 'sjiang701', 'gregmik', 'charming', 'jiaolh', 'sunrh0215', 'dizarmejzini', 'shantu.ghose', 'jwozny', 'riverhorse', 'mj02280430', 'grudzinski1', 'osvy', 'molkon', 'b12345215', 'dwh0015', 'a022354s', 'sl90', 'youngg', 'kartd0103399', 'tkdqls0417', 'eva008air', 'alekdudko', 'apkaye16', 'wuyu825', 'alexander.lassooij', 'hmfx1', 'bell.1495', 'h.a.mahmod', 'milk9925', 'chengrai', 'zzxxccvv.102510', 'ptoma', 'a0989925595', 'sas0091', 'kejun626', 'simpip', 'gnicezw', 'antia.santiago', 't.clavijogarcia', 'a6634141009', 'yujuchen03207', 'boan', 'm_flores4', 'jmayer1', 'lucaseduoli', 'easonyz', 'kavanagh', 'siddhantjn01', 'william.zhangqingyang', 'cakeohero', 'krzysztofwarga', 'shadeedl', 'tbmiller', 'mbeekman', 'qqdonald', 'elecstudent', 'dinh.nhu', 'arrhenius78', 'adamshick2525', 'manjakavahoaka', 'yhu104', 'davidcg', 'alessandroverdolotti', 'dkdznl17', 'vincenzoortosecco', 'ktulley96', 'hbenisty', 'jimmy1231237', 'glen', 'akash.ram', 'aattanas', 'anapv177', 'y_li44', 'rmb0034', 'edwardmirkin', 'mmduraiphy', 'asma00', 'zx5691782', 'light24685132', 'ratishjuneja2000', 'hlm0017', 'c.rineer', 'danielw', 'zhaoguoyu06', 'klupone', 'ahughes1', 'aflolb28', 'b615206', 's110521064', 'michaelroberts', 'bb7665247', 'a19990217', 'spacetimecodedata03207', 'elena.gnani', 'azsxdcpeter13579', 'noahcaracuel', 'candy0930', 'pasquale124', 'dhruvpatel1999ca', 'rborgesr', 'zic12345', 'italo.nunziata', 'dramaqueen13', 'santiagopendon', 'sone107208001', 'mateo1610', 'kris_yah', 'gaelle.lucasleclin', 'ws210019', 'pablobucsan', 'benlai900102', 'krzysztof.szolajski', 'ncu110521149', 'k3850305', 'ha654321ha654321', 'peytonr19', 'we1.chen', 'francescopoziello', 'genoveffapiscitelli', 'unaiplacer2d', 'erinvolpe', 'kqinglu', 'jerry10430296', 'a109521014', 'dquinte1', 'tan350', 'antoniopati2233', 'd0988222760', 'camilamore93', 'icebear828', 'kidd33sm', 'gary070825', 'rathodprashnt', 'yago', 'cgandin', 'ardavan_p', 'blank7', 'zhanghaosen328', 'savannah.horowitz', 'walter100259', 'rich.young76', 'weining7', 'jkujawsk', 'doli327', 'rain19980505', 'cct0005', 'markrichardwong', 'jaraisehh', 'april20190710', 'msolis5', 'swirtner', 'syenhsi', 'leman.for.search', 'jzullo', 'mdgolamzakaria3', 'shah123', 'tsaitsungyu']",296,"['guete', 'pratt.335', 'villarta.jabulen', 'alright2555', 'uni_homework', 'a110521014', 'miguelcou', 'a3pa3p', 'alam1', 'saglamahmetutku', 'glatham3211', 'athena.120245141', 'mcalderman1', 'carloslamas', 'bayaraa0330', 'eheadj', 'blair.haydon', 'sakshijaiswal8109', 'mgfgg17', 'piovac', 'nicholasdwilliams', 'shrutik', 'pabloperezpicos00', 'poby', 'charming', 'lobwedge', 'daanioompi09', 'zanoni', 'lidialozano23', 'matt.iqbunns', 'grudzinski1', 'molkon', 'qzhang.phys', 'b12345215', 'parduxen', 'nmkrishna.123', 'sl90', 'aldirin1', 'youngg', 'nivedha07', 'kartd0103399', 'tkdqls0417', 'eva008air', 'alekdudko', 'apkaye16', 'tito_moares2000', 'zzxxccvv.102510', 'ptoma', 'sas0091', 'kejun626', 'simpip', 'gabri_om6', 'gnicezw', 'omargamal99', 'antia.santiago', 'valverde.rivera.pablo', 'yujuchen03207', 'teijeiroalex', 'boan', 'jmayer1', 'easonyz', 'alvaromagdalena', 'kavanagh', 'ee20btech11013', 'william.zhangqingyang', 'cakeohero', 'krzysztofwarga', 'dong0095', 'mbeekman', 'qqdonald', 'elecstudent', 'dinh.nhu', 'ramonbouzon', 'davidcg', 'pcwkcw81', 'hbenisty', 'jimmy1231237', 'mohammed_taha', 'aattanas', 'anapv177', 'mmduraiphy', 'asma00', 'abhay.chopde', 'zx5691782', 'light24685132', 'laura_pn', 'celsoaenllecurras', 'markint28', 'hlm0017', 'danielw', 'zhaoguoyu06', 'ahughes1', 'aflolb28', 'b615206', 'syerci', 's110521064', 'michaelroberts', 'a19990217', 'spacetimecodedata03207', 'elena.gnani', 'azsxdcpeter13579', 'candy0930', 'almalr97', 'pasquale124', 'sergioyesidg', 'rborgesr', 'dramaqueen13', 'sone107208001', 'gaelle.lucasleclin', 'benlai900102', 'krzysztof.szolajski', 'ncu110521149', 'k3850305', 'ha654321ha654321', '21pn02', 'we1.chen', 'yeow0071', 'inesgarciaiglesias', 'francescopoziello', 'genoveffapiscitelli', 'erinvolpe', 'adrianrg4', 'rafal.lewandkow', 'jerry10430296', 'a109521014', 'tan350', 'antoniopati2233', 'd0988222760', 'yago', 'ardavan_p', 'blank7', 'zhanghaosen328', 'savannah.horowitz', 'walter100259', 'rich.young76', 'jkujawsk', 'jose5loureiro', 'duswn6123', 'rain19980505', 'evaabalde', 'jaraisehh', 'migf17', 'msolis5', 'swirtner', 'syenhsi', 'sofiacobas', 'josesp', 'jzullo', 'antlomb', 'jymbarnes11', 'jsweeney1', 'andreadominguezrodriguez4', 'sankalpsingh4u', 'jasonkkgukeghost', 'fran_gb', 'nzhu2000', 'silvermoon0314', 'josephconhale', 'vasdvasdfew', 'peak11', 'noahmarron1127', 'oalvidrez', 'pedrobf9', 'jerry41707', 'b361user', 'koltondrake', 'mierdatrabajos', 'fenqs', 'iliasosner21', 'samugomezbis', 'gonza801', 'jmipose', 'garomo', 'yellowkitie777', 'akzafonsa', 'eray0206', 'pancho5110', 'sjiang701', 'gregmik', 'jiaolh', 'sunrh0215', 'dizarmejzini', 'hisoo', 'shantu.ghose', 'jwozny', 'a01096083057', 'riverhorse', 'ojiow', 'mj02280430', 'osvy', 'dwh0015', 'a022354s', 'luisgue99', 'leandroabuga', 'samumonin', 'jpfeser', 'jzhong2', 'mariaci99', 'wuyu825', 'alexander.lassooij', 'dhakshana', 'hmfx1', 'cheng1105', 'bell.1495', 'vanesasomoza', 'h.a.mahmod', 'milk9925', 'chengrai', 'a0989925595', 'altantsooj', 'javipm12', 'saraj31', 't.clavijogarcia', 'a6634141009', 'm_flores4', 'lucaseduoli', 'mmartinezsanchez', 'siddhantjn01', '11ajeetksingh', 'shadeedl', 'rachaelsia1171103108', 'tbmiller', 'arrhenius78', 'stefanocasalini1979', 'adamshick2525', 'g.oteromoreiraa', 'manjakavahoaka', 'yhu104', 'alessandroverdolotti', 'dkdznl17', 'danaromera', 'vincenzoortosecco', 'ktulley96', '21pn32', 'apintos2', 'glen', 'bearhoon8590', 'akash.ram', 'y_li44', 'rmb0034', 'sergiorr15', 'edwardmirkin', 'mateogomezmendez', 'ratishjuneja2000', 'saducio', 'yoolims', 'c.rineer', 'qkrrjsxor12', 'klupone', 'bb7665247', 'elene97', 'noahcaracuel', 'fengweiqiezi', 'tulikachawla1', 'silveira', 'dhruvpatel1999ca', 'paulaanteloriveiro3', 'zic12345', 'italo.nunziata', 'santiagopendon', 'carmen20', 'mateo1610', 'kris_yah', 'ws210019', 'ceciriveralamelas', 'mariaci9799', 'pablobucsan', 'marcos.suarez.vazquez', 'peytonr19', 'cvillar_', 'unaiplacer2d', 'sameh_rehan', 'john1973', 'kqinglu', 'dquinte1', 'camilamore93', 'icebear828', 'kidd33sm', 'gary070825', 'rathodprashnt', 'cgandin', 'pietro.capuzzo99', 'myeonu', 'weining7', 'doli327', 'azf1181303550', 'chl53277', 'sgu20161489', 'cct0005', 'markrichardwong', 'moshelem', 'april20190710', 'leman.for.search', 'mdgolamzakaria3', 'shah123', 'tsaitsungyu']"
5,61,108,128,1,['sgu20161489'],106,"['guete', 'pratt.335', 'sankalpsingh4u', 'fran_gb', 'josephconhale', 'miguelcou', 'vasdvasdfew', 'saglamahmetutku', 'pedrobf9', 'carloslamas', 'bayaraa0330', 'koltondrake', 'eheadj', 'sakshijaiswal8109', 'mgfgg17', 'piovac', 'jmipose', 'garomo', 'shrutik', 'pabloperezpicos00', 'pancho5110', 'lobwedge', 'hisoo', 'daanioompi09', 'zanoni', 'lidialozano23', 'a01096083057', 'matt.iqbunns', 'ojiow', 'qzhang.phys', 'parduxen', 'nmkrishna.123', 'luisgue99', 'aldirin1', 'leandroabuga', 'samumonin', 'nivedha07', 'jpfeser', 'jzhong2', 'mariaci99', 'dhakshana', 'cheng1105', 'tito_moares2000', 'vanesasomoza', 'altantsooj', 'javipm12', 'gabri_om6', 'saraj31', 'omargamal99', 'valverde.rivera.pablo', 'teijeiroalex', 'mmartinezsanchez', 'alvaromagdalena', 'ee20btech11013', '11ajeetksingh', 'dong0095', 'rachaelsia1171103108', 'ramonbouzon', 'stefanocasalini1979', 'g.oteromoreiraa', 'pcwkcw81', 'danaromera', '21pn32', 'apintos2', 'bearhoon8590', 'mohammed_taha', 'sergiorr15', 'mateogomezmendez', 'abhay.chopde', 'laura_pn', 'celsoaenllecurras', 'markint28', 'saducio', 'yoolims', 'qkrrjsxor12', 'syerci', 'elene97', 'almalr97', 'fengweiqiezi', 'sergioyesidg', 'tulikachawla1', 'silveira', 'paulaanteloriveiro3', 'carmen20', 'ceciriveralamelas', 'mariaci9799', 'marcos.suarez.vazquez', 'cvillar_', '21pn02', 'yeow0071', 'inesgarciaiglesias', 'sameh_rehan', 'john1973', 'adrianrg4', 'rafal.lewandkow', 'pietro.capuzzo99', 'myeonu', 'jose5loureiro', 'azf1181303550', 'chl53277', 'duswn6123', 'evaabalde', 'moshelem', 'migf17', 'sofiacobas', 'josesp']",127,"['rlchykoo', 'our1109', 'mshadow990320', 'sebbie', 'cty0613', 'unikwakhj', 'snubilee1', 'dhdldkrak', 'skecprk03', 'mentaly', 'juyun39', 'ksj9802', 'nanosshhnn525', 'el0940', 'dongvin', 'chiefsuk99', 'taehan2005', 'ruddnjs3323', 'qudwns2692', 'dndudron', 'choi1023', 'nim8244', 'daeeun4531', 'sclee1002', 'jasonkimi', 'h22313902', 'nenimepic', 'anstjddns211', 'joon5159', 'soc06016', 'twotwo7768', 'snfndwl9', 'pky2237', 'cccrck', 'b815173', 'mookeemail', 'hermione369', 'sa06093', 'choejihun6785', 'ohseunghwa0802', 'sonss1998', 'hse06130', 'hkr2345', 'wkxa54', 'jiwon', 'tkwls6642', 'lpjh525', 'ols3060178', 'kimyoonchan77', 'mookeemail05', 'gric', 'shpark0923', 'potato9977', 'jea03', 'gbear7615', 'bsj99977', 'hyunseo', 'thsskawn1018', 'kky4670', 'ryumija2', 'ohsangmin', 'jimin01', 'csms987', 'kijukiju7215', 'shn0915', 'dlwjdrnr1408', 'rnjsgh0247', 'wdhdlstjd164', 'leeyuchan', 'j2218109', 'seongbin', 'jennyoo8848', 'cotmd98', 'eom5810', 'wg6076', 'thqudgns0309', 'lms', 'dydgk79', 'jiko8693', 'dao10320', 'acrylic753', 'tryitbro', 'qkrals018', 'sgu20181516', 'ybband903', 'tkddud127', 'huidonjeong', 'wodbs0117', 'b815184', 'sjssl1201', 'x007007', 'bb7235', 'goddisasterman', 'davidnoh12', 'dltjdbs3', 'haejeong', 'bb8415', 'seokyoon', 'dise8988', 'leesh941222', 'b815101', 'rktnejddjfl', 'castlecow', 'elsislove', 'did905', 'brandon5944', 'leehyukjoo', 'cindyyj0102', 'yybb_lee', 'jina', 'hanju1203', 'kmg6702', 'nam37633', 'jjs990424', 'beetle0720', 'lha17049', 'acm990922', 'sunainasaini30', 'gwan00', None, 'chojunhee', 'rmsdyd7680', 'jooyn1234', '928chan928', 'kdh225', 'eb32862', 'woong']",234,"['guete', 'pratt.335', 'rlchykoo', 'sankalpsingh4u', 'our1109', 'fran_gb', 'mshadow990320', 'sebbie', 'cty0613', 'unikwakhj', 'snubilee1', 'josephconhale', 'miguelcou', 'vasdvasdfew', 'dhdldkrak', 'saglamahmetutku', 'pedrobf9', 'skecprk03', 'mentaly', 'juyun39', 'ksj9802', 'nanosshhnn525', 'el0940', 'dongvin', 'carloslamas', 'bayaraa0330', 'koltondrake', 'eheadj', 'chiefsuk99', 'taehan2005', 'sakshijaiswal8109', 'mgfgg17', 'ruddnjs3323', 'qudwns2692', 'piovac', 'dndudron', 'jmipose', 'choi1023', 'nim8244', 'garomo', 'shrutik', 'pabloperezpicos00', 'daeeun4531', 'sclee1002', 'pancho5110', 'jasonkimi', 'h22313902', 'nenimepic', 'anstjddns211', 'lobwedge', 'hisoo', 'daanioompi09', 'zanoni', 'lidialozano23', 'joon5159', 'soc06016', 'twotwo7768', 'a01096083057', 'matt.iqbunns', 'ojiow', 'snfndwl9', 'pky2237', 'qzhang.phys', 'cccrck', 'b815173', 'mookeemail', 'hermione369', 'sa06093', 'choejihun6785', 'parduxen', 'nmkrishna.123', 'ohseunghwa0802', 'luisgue99', 'aldirin1', 'leandroabuga', 'sonss1998', 'samumonin', 'nivedha07', 'jpfeser', 'hse06130', 'hkr2345', 'wkxa54', 'jiwon', 'tkwls6642', 'jzhong2', 'lpjh525', 'ols3060178', 'mariaci99', 'kimyoonchan77', 'mookeemail05', 'gric', 'dhakshana', 'shpark0923', 'potato9977', 'cheng1105', 'jea03', 'tito_moares2000', 'gbear7615', 'vanesasomoza', 'bsj99977', 'hyunseo', 'thsskawn1018', 'kky4670', 'altantsooj', 'javipm12', 'gabri_om6', 'saraj31', 'omargamal99', 'valverde.rivera.pablo', 'ryumija2', 'teijeiroalex', 'ohsangmin', 'mmartinezsanchez', 'alvaromagdalena', 'jimin01', 'csms987', 'ee20btech11013', 'kijukiju7215', '11ajeetksingh', 'shn0915', 'dong0095', 'rachaelsia1171103108', 'dlwjdrnr1408', 'rnjsgh0247', 'ramonbouzon', 'wdhdlstjd164', 'stefanocasalini1979', 'g.oteromoreiraa', 'pcwkcw81', 'danaromera', 'leeyuchan', 'j2218109', '21pn32', 'seongbin', 'apintos2', 'bearhoon8590', 'jennyoo8848', 'mohammed_taha', 'sergiorr15', 'cotmd98', 'eom5810', 'mateogomezmendez', 'wg6076', 'thqudgns0309', 'abhay.chopde', 'lms', 'dydgk79', 'laura_pn', 'celsoaenllecurras', 'markint28', 'jiko8693', 'saducio', 'yoolims', 'dao10320', 'qkrrjsxor12', 'acrylic753', 'syerci', 'tryitbro', 'qkrals018', 'elene97', 'sgu20181516', 'almalr97', 'fengweiqiezi', 'ybband903', 'sergioyesidg', 'tulikachawla1', 'tkddud127', 'huidonjeong', 'silveira', 'wodbs0117', 'b815184', 'paulaanteloriveiro3', 'sjssl1201', 'x007007', 'bb7235', 'carmen20', 'goddisasterman', 'ceciriveralamelas', 'mariaci9799', 'davidnoh12', 'dltjdbs3', 'haejeong', 'marcos.suarez.vazquez', 'bb8415', 'seokyoon', 'cvillar_', 'dise8988', 'leesh941222', '21pn02', 'b815101', 'yeow0071', 'inesgarciaiglesias', 'sameh_rehan', 'john1973', 'adrianrg4', 'rafal.lewandkow', 'rktnejddjfl', 'castlecow', 'elsislove', 'did905', 'brandon5944', 'leehyukjoo', 'cindyyj0102', 'pietro.capuzzo99', 'myeonu', 'yybb_lee', 'jina', 'hanju1203', 'kmg6702', 'nam37633', 'jjs990424', 'beetle0720', 'lha17049', 'jose5loureiro', 'azf1181303550', 'chl53277', 'sgu20161489', 'duswn6123', 'acm990922', 'evaabalde', 'sunainasaini30', 'gwan00', None, 'chojunhee', 'rmsdyd7680', 'jooyn1234', 'moshelem', 'migf17', 'sofiacobas', '928chan928', 'kdh225', 'josesp', 'eb32862', 'woong']"
5,48,108,103,1,['pcwkcw81'],106,"['guete', 'pratt.335', 'sankalpsingh4u', 'fran_gb', 'josephconhale', 'miguelcou', 'vasdvasdfew', 'saglamahmetutku', 'pedrobf9', 'carloslamas', 'bayaraa0330', 'koltondrake', 'eheadj', 'sakshijaiswal8109', 'mgfgg17', 'piovac', 'jmipose', 'garomo', 'shrutik', 'pabloperezpicos00', 'pancho5110', 'lobwedge', 'hisoo', 'daanioompi09', 'zanoni', 'lidialozano23', 'a01096083057', 'matt.iqbunns', 'ojiow', 'qzhang.phys', 'parduxen', 'nmkrishna.123', 'luisgue99', 'aldirin1', 'leandroabuga', 'samumonin', 'nivedha07', 'jpfeser', 'jzhong2', 'mariaci99', 'dhakshana', 'cheng1105', 'tito_moares2000', 'vanesasomoza', 'altantsooj', 'javipm12', 'gabri_om6', 'saraj31', 'omargamal99', 'valverde.rivera.pablo', 'teijeiroalex', 'mmartinezsanchez', 'alvaromagdalena', 'ee20btech11013', '11ajeetksingh', 'dong0095', 'rachaelsia1171103108', 'ramonbouzon', 'stefanocasalini1979', 'g.oteromoreiraa', 'danaromera', '21pn32', 'apintos2', 'bearhoon8590', 'mohammed_taha', 'sergiorr15', 'mateogomezmendez', 'abhay.chopde', 'laura_pn', 'celsoaenllecurras', 'markint28', 'saducio', 'yoolims', 'qkrrjsxor12', 'syerci', 'elene97', 'almalr97', 'fengweiqiezi', 'sergioyesidg', 'tulikachawla1', 'silveira', 'paulaanteloriveiro3', 'carmen20', 'ceciriveralamelas', 'mariaci9799', 'marcos.suarez.vazquez', 'cvillar_', '21pn02', 'yeow0071', 'inesgarciaiglesias', 'sameh_rehan', 'john1973', 'adrianrg4', 'rafal.lewandkow', 'pietro.capuzzo99', 'myeonu', 'jose5loureiro', 'azf1181303550', 'chl53277', 'sgu20161489', 'duswn6123', 'evaabalde', 'moshelem', 'migf17', 'sofiacobas', 'josesp']",102,"['kangha6211', 'pygayoung4705', 'rlaehrud5292', 'lsh843223', 'sebbie', 'unikwakhj', 'chan4184', 'mentaly', 'junyoung0735', 'phisicsmusic', 'yennth', 'changhwa2970', 'wodyd909', 'asadsfawdga', 'choijinyoung5933', 'hooni6708', 'dlstj989', 'hado0416', 'sclee1002', 'nenimepic', 'anstjddns211', 'soc06016', 'ellayeji11', 'snfndwl9', 'pky2237', 'syc0428', 'cccrck', 'hermione369', 'sa06093', 'ksjin0807', 'choejihun6785', 'hug6901', 'hkr2345', 'wkxa54', 'jiwon', 'ols3060178', 'poor9876', 'mookeemail05', 'nhj25136', 'jea03', 'gbear7615', 'bsj99977', 'atlantic092407', 'hyunseo', 'ohsangmin', '819blue', 'sally0460', 'kijukiju7215', 'unikwakhj1', 'wansikhwang', 'rnjsgh0247', 'wdhdlstjd164', 'shim.syeon', 'j2218109', 'lovenmin', 'seongbin', 'ghsmx01', 'gweado12', 'oblue4848', 'dlxodus0725', 'wg6076', 'turalazer', 'lms', 'dydgk79', 'jiko8693', 'zudsyd', 'rhffha12345', 'jiseong0217', 'tryitbro', 'yutube1058', 'huidonjeong', 'jimmy1100a', 'b815184', 'soo8355a', 'dongjinwi', 'fpqldhdntk', 'hgrf', 'thswngh793', 'dise8988', 'leesh941222', 'minking0007', 'kms92313', 'leeseongjae450', 'elsislove', 'unist1999', 'wkdgns599', 'leehyukjoo', 'pygayoung07', 'yybb_lee', 'pjs970918', 'beetle0720', 'gcoupe9171', 'acm990922', 'gwan00', None, 'hah610115', 'mhyun1234567', 'alvin2373', 'ehdgns9904', '928chan928', 'pkkcjfdn', 'shin19764']",209,"['guete', 'pratt.335', 'kangha6211', 'pygayoung4705', 'rlaehrud5292', 'sankalpsingh4u', 'lsh843223', 'fran_gb', 'sebbie', 'unikwakhj', 'josephconhale', 'miguelcou', 'vasdvasdfew', 'saglamahmetutku', 'pedrobf9', 'chan4184', 'mentaly', 'junyoung0735', 'carloslamas', 'phisicsmusic', 'yennth', 'bayaraa0330', 'koltondrake', 'eheadj', 'sakshijaiswal8109', 'changhwa2970', 'mgfgg17', 'wodyd909', 'asadsfawdga', 'piovac', 'jmipose', 'choijinyoung5933', 'garomo', 'hooni6708', 'shrutik', 'dlstj989', 'pabloperezpicos00', 'sclee1002', 'hado0416', 'pancho5110', 'nenimepic', 'anstjddns211', 'lobwedge', 'hisoo', 'daanioompi09', 'zanoni', 'lidialozano23', 'soc06016', 'a01096083057', 'matt.iqbunns', 'ojiow', 'ellayeji11', 'snfndwl9', 'pky2237', 'syc0428', 'qzhang.phys', 'cccrck', 'hermione369', 'sa06093', 'ksjin0807', 'choejihun6785', 'parduxen', 'nmkrishna.123', 'luisgue99', 'aldirin1', 'leandroabuga', 'hug6901', 'samumonin', 'nivedha07', 'jpfeser', 'hkr2345', 'wkxa54', 'jiwon', 'jzhong2', 'ols3060178', 'poor9876', 'mariaci99', 'mookeemail05', 'nhj25136', 'dhakshana', 'cheng1105', 'jea03', 'tito_moares2000', 'gbear7615', 'vanesasomoza', 'bsj99977', 'atlantic092407', 'hyunseo', 'altantsooj', 'javipm12', 'gabri_om6', 'saraj31', 'omargamal99', 'valverde.rivera.pablo', 'teijeiroalex', 'ohsangmin', '819blue', 'mmartinezsanchez', 'alvaromagdalena', 'sally0460', 'ee20btech11013', 'kijukiju7215', '11ajeetksingh', 'dong0095', 'rachaelsia1171103108', 'unikwakhj1', 'wansikhwang', 'rnjsgh0247', 'ramonbouzon', 'wdhdlstjd164', 'stefanocasalini1979', 'g.oteromoreiraa', 'shim.syeon', 'pcwkcw81', 'danaromera', 'j2218109', 'lovenmin', '21pn32', 'seongbin', 'apintos2', 'bearhoon8590', 'mohammed_taha', 'ghsmx01', 'gweado12', 'sergiorr15', 'oblue4848', 'mateogomezmendez', 'dlxodus0725', 'wg6076', 'turalazer', 'abhay.chopde', 'lms', 'dydgk79', 'laura_pn', 'celsoaenllecurras', 'markint28', 'jiko8693', 'saducio', 'zudsyd', 'yoolims', 'qkrrjsxor12', 'rhffha12345', 'jiseong0217', 'syerci', 'tryitbro', 'elene97', 'almalr97', 'fengweiqiezi', 'sergioyesidg', 'yutube1058', 'tulikachawla1', 'huidonjeong', 'jimmy1100a', 'silveira', 'b815184', 'paulaanteloriveiro3', 'soo8355a', 'dongjinwi', 'carmen20', 'ceciriveralamelas', 'mariaci9799', 'fpqldhdntk', 'hgrf', 'marcos.suarez.vazquez', 'thswngh793', 'cvillar_', 'dise8988', 'leesh941222', '21pn02', 'yeow0071', 'inesgarciaiglesias', 'sameh_rehan', 'john1973', 'adrianrg4', 'rafal.lewandkow', 'minking0007', 'kms92313', 'leeseongjae450', 'elsislove', 'unist1999', 'wkdgns599', 'leehyukjoo', 'pietro.capuzzo99', 'myeonu', 'pygayoung07', 'yybb_lee', 'pjs970918', 'beetle0720', 'gcoupe9171', 'jose5loureiro', 'azf1181303550', 'chl53277', 'sgu20161489', 'duswn6123', 'acm990922', 'evaabalde', 'gwan00', None, 'hah610115', 'mhyun1234567', 'alvin2373', 'moshelem', 'migf17', 'sofiacobas', 'ehdgns9904', '928chan928', 'pkkcjfdn', 'shin19764', 'josesp']"
5,22,108,102,11,"['myeonu', 'pcwkcw81', 'bearhoon8590', 'a01096083057', 'yoolims', 'ojiow', 'qkrrjsxor12', 'chl53277', 'sgu20161489', 'duswn6123', 'vasdvasdfew']",96,"['guete', 'pratt.335', 'sankalpsingh4u', 'fran_gb', 'josephconhale', 'miguelcou', 'saglamahmetutku', 'pedrobf9', 'carloslamas', 'bayaraa0330', 'koltondrake', 'eheadj', 'sakshijaiswal8109', 'mgfgg17', 'piovac', 'jmipose', 'garomo', 'shrutik', 'pabloperezpicos00', 'pancho5110', 'lobwedge', 'hisoo', 'daanioompi09', 'zanoni', 'lidialozano23', 'matt.iqbunns', 'qzhang.phys', 'parduxen', 'nmkrishna.123', 'luisgue99', 'aldirin1', 'leandroabuga', 'samumonin', 'nivedha07', 'jpfeser', 'jzhong2', 'mariaci99', 'dhakshana', 'cheng1105', 'tito_moares2000', 'vanesasomoza', 'altantsooj', 'javipm12', 'gabri_om6', 'saraj31', 'omargamal99', 'valverde.rivera.pablo', 'teijeiroalex', 'mmartinezsanchez', 'alvaromagdalena', 'ee20btech11013', '11ajeetksingh', 'dong0095', 'rachaelsia1171103108', 'ramonbouzon', 'stefanocasalini1979', 'g.oteromoreiraa', 'danaromera', '21pn32', 'apintos2', 'mohammed_taha', 'sergiorr15', 'mateogomezmendez', 'abhay.chopde', 'laura_pn', 'celsoaenllecurras', 'markint28', 'saducio', 'syerci', 'elene97', 'almalr97', 'fengweiqiezi', 'sergioyesidg', 'tulikachawla1', 'silveira', 'paulaanteloriveiro3', 'carmen20', 'ceciriveralamelas', 'mariaci9799', 'marcos.suarez.vazquez', 'cvillar_', '21pn02', 'yeow0071', 'inesgarciaiglesias', 'sameh_rehan', 'john1973', 'adrianrg4', 'rafal.lewandkow', 'pietro.capuzzo99', 'jose5loureiro', 'azf1181303550', 'evaabalde', 'moshelem', 'migf17', 'sofiacobas', 'josesp']",91,"['kangha6211', 'pygayoung4705', 'rlaehrud5292', 'lsh843223', 'popfun07', 'unikwakhj', 'junyoung0735', 'phisicsmusic', 'wodyd909', 'asadsfawdga', 'hooni6708', 'dlstj989', 'hado0416', 'sclee1002', 'poby', 'soc06016', 'ellayeji11', 'syc0428', 'ryu3581', 'hermione369', 'sa06093', 'ksjin0807', 'choejihun6785', 'ohseunghwa0802', 'wkxa54', 'ols3060178', 'poor9876', 'nhj25136', 'jea03', 'gbear7615', 'pho8749', 'bsj99977', 'atlantic092407', 'ljh333', 'huyaya98', 'ohsangmin', '819blue', 'sally0460', 'kijukiju7215', 'wolol005', 'unikwakhj1', 'ddsh1302', 'xuvi1212', 'sh20000606', 'wdhdlstjd164', 'dkdznl17', 'shim.syeon', 'lovenmin', 'seongbin', 'mayjinho', 'ghsmx01', 'oblue4848', 'dlxodus0725', 'wg6076', 'turalazer', 'minzzai2418', 'zudsyd', 'rhffha12345', 'sgu20181516', 'ab8907', 'yutube1058', 'huidonjeong', 'jimmy1100a', 'doubljhyeon', 'dongjinwi', 'hgrf', 'thswngh793', 'kyt99999', 'b715063minbyeongmoon', 'minking0007', 'leeseongjae450', 'unist1999', 'wkdgns599', 'beetle0720', 'ymca119', 'doli327', 'wkdgns588', 'gcoupe9171', 'zang1119', 'acm990922', None, 'hah610115', 'mhyun1234567', 'alvin2373', 'uniesrev0a', 'ckap00128', 'ehdgns9904', '928chan928', 'pkkcjfdn', 'shin19764', 'leeyeonghun']",198,"['guete', 'pratt.335', 'kangha6211', 'pygayoung4705', 'rlaehrud5292', 'sankalpsingh4u', 'lsh843223', 'fran_gb', 'popfun07', 'unikwakhj', 'josephconhale', 'miguelcou', 'vasdvasdfew', 'saglamahmetutku', 'pedrobf9', 'junyoung0735', 'carloslamas', 'phisicsmusic', 'gcoupe9171', 'bayaraa0330', 'koltondrake', 'eheadj', 'sakshijaiswal8109', 'mgfgg17', 'wodyd909', 'asadsfawdga', 'piovac', 'jmipose', 'garomo', 'hooni6708', 'shrutik', 'dlstj989', 'pabloperezpicos00', 'sclee1002', 'hado0416', 'poby', 'pancho5110', 'lobwedge', 'hisoo', 'daanioompi09', 'zanoni', 'lidialozano23', 'soc06016', 'a01096083057', 'matt.iqbunns', 'ojiow', 'ellayeji11', 'syc0428', 'ryu3581', 'qzhang.phys', 'hermione369', 'sa06093', 'ksjin0807', 'choejihun6785', 'parduxen', 'nmkrishna.123', 'ohseunghwa0802', 'luisgue99', 'aldirin1', 'leandroabuga', 'samumonin', 'nivedha07', 'jpfeser', 'wkxa54', 'jzhong2', 'ols3060178', 'poor9876', 'mariaci99', 'nhj25136', 'dhakshana', 'cheng1105', 'jea03', 'tito_moares2000', 'gbear7615', 'vanesasomoza', 'pho8749', 'bsj99977', 'atlantic092407', 'ljh333', 'altantsooj', 'javipm12', 'gabri_om6', 'saraj31', 'omargamal99', 'huyaya98', 'valverde.rivera.pablo', 'teijeiroalex', 'ohsangmin', '819blue', 'mmartinezsanchez', 'alvaromagdalena', 'sally0460', 'ee20btech11013', 'kijukiju7215', '11ajeetksingh', 'wolol005', 'dong0095', 'rachaelsia1171103108', 'unikwakhj1', 'ddsh1302', 'xuvi1212', 'ramonbouzon', 'sh20000606', 'wdhdlstjd164', 'stefanocasalini1979', 'g.oteromoreiraa', 'dkdznl17', 'pcwkcw81', 'danaromera', 'shim.syeon', 'lovenmin', '21pn32', 'seongbin', 'apintos2', 'bearhoon8590', 'mohammed_taha', 'mayjinho', 'ghsmx01', 'sergiorr15', 'oblue4848', 'mateogomezmendez', 'dlxodus0725', 'wg6076', 'turalazer', 'abhay.chopde', 'minzzai2418', 'laura_pn', 'celsoaenllecurras', 'markint28', 'saducio', 'zudsyd', 'yoolims', 'qkrrjsxor12', 'rhffha12345', 'syerci', 'elene97', 'sgu20181516', 'almalr97', 'fengweiqiezi', 'ab8907', 'sergioyesidg', 'yutube1058', 'tulikachawla1', 'huidonjeong', 'jimmy1100a', 'silveira', 'paulaanteloriveiro3', 'doubljhyeon', 'dongjinwi', 'carmen20', 'ceciriveralamelas', 'mariaci9799', 'hgrf', 'marcos.suarez.vazquez', 'thswngh793', 'kyt99999', 'b715063minbyeongmoon', 'cvillar_', '21pn02', 'yeow0071', 'inesgarciaiglesias', 'sameh_rehan', 'john1973', 'adrianrg4', 'rafal.lewandkow', 'minking0007', 'leeseongjae450', 'unist1999', 'wkdgns599', 'pietro.capuzzo99', 'myeonu', 'beetle0720', 'ymca119', 'doli327', 'jose5loureiro', 'azf1181303550', 'chl53277', 'sgu20161489', 'duswn6123', 'wkdgns588', 'evaabalde', 'acm990922', 'zang1119', None, 'hah610115', 'mhyun1234567', 'alvin2373', 'moshelem', 'migf17', 'uniesrev0a', 'ckap00128', 'sofiacobas', 'ehdgns9904', '928chan928', 'pkkcjfdn', 'shin19764', 'josesp', 'leeyeonghun']"
5,14,108,66,2,"['bayaraa0330', 'altantsooj']",105,"['guete', 'pratt.335', 'sankalpsingh4u', 'fran_gb', 'josephconhale', 'miguelcou', 'vasdvasdfew', 'saglamahmetutku', 'pedrobf9', 'carloslamas', 'koltondrake', 'eheadj', 'sakshijaiswal8109', 'mgfgg17', 'piovac', 'jmipose', 'garomo', 'shrutik', 'pabloperezpicos00', 'pancho5110', 'lobwedge', 'hisoo', 'daanioompi09', 'zanoni', 'lidialozano23', 'a01096083057', 'matt.iqbunns', 'ojiow', 'qzhang.phys', 'parduxen', 'nmkrishna.123', 'luisgue99', 'aldirin1', 'leandroabuga', 'samumonin', 'nivedha07', 'jpfeser', 'jzhong2', 'mariaci99', 'dhakshana', 'cheng1105', 'tito_moares2000', 'vanesasomoza', 'javipm12', 'gabri_om6', 'saraj31', 'omargamal99', 'valverde.rivera.pablo', 'teijeiroalex', 'mmartinezsanchez', 'alvaromagdalena', 'ee20btech11013', '11ajeetksingh', 'dong0095', 'rachaelsia1171103108', 'ramonbouzon', 'stefanocasalini1979', 'g.oteromoreiraa', 'pcwkcw81', 'danaromera', '21pn32', 'apintos2', 'bearhoon8590', 'mohammed_taha', 'sergiorr15', 'mateogomezmendez', 'abhay.chopde', 'laura_pn', 'celsoaenllecurras', 'markint28', 'saducio', 'yoolims', 'qkrrjsxor12', 'syerci', 'elene97', 'almalr97', 'fengweiqiezi', 'sergioyesidg', 'tulikachawla1', 'silveira', 'paulaanteloriveiro3', 'carmen20', 'ceciriveralamelas', 'mariaci9799', 'marcos.suarez.vazquez', 'cvillar_', '21pn02', 'yeow0071', 'inesgarciaiglesias', 'sameh_rehan', 'john1973', 'adrianrg4', 'rafal.lewandkow', 'pietro.capuzzo99', 'myeonu', 'jose5loureiro', 'azf1181303550', 'chl53277', 'sgu20161489', 'duswn6123', 'evaabalde', 'moshelem', 'migf17', 'sofiacobas', 'josesp']",64,"['kh.me011230', 'telmen', 'jadambajaak874', 'lnyamdorj467', 'koyunchuluun', 'jiigee2001', 'murun', 'enkhtur.ga', 'adiya.enhadiya', 'mnkymgaa', 'boji', 'b.chimedragchaa', 'khostushig', 'toto0511', 'bayaraatsendee40', 'minom474', 'sisihub', 'dddashnyam17', 'burenzaya', 'tengisbold21', 'rdnbt0129', 'uugii02', 'odsaihankhulan', 'hongorotgon0801', 'batuukb802', 'altka180', 'enkhdelkhiitemuujin', 'sh.dulguun813', 'sodoosodko49', 'huhtumur4', 'gazegamer813', 'etrade409', 'aagi217', 'bileg716', 'zulaazulsar121', 'btemuulen803', 'sodoosaresoda', 'kayou', 'samka', 'maralmaa.choisronjaw', 'azjargal.azka12', 'baterdene', 'azmo29', 'ariunbold', 'tengis.odgerel', 'banudari17', 'nanohub55', 'bolderdenekhuyag', 'a.zoloo168', 'boogii', None, 'ban0929', 'purevdasherkhembayar', 'kezi', 'anuk.zaya911', 'sleepy02', 'khulan', 'naruka700', 'gerelmaa', 'asaikhna2', 'mandakhbayarbal', 'bayaraa', 'delgermurn', 'munkhbayar.b1337']",171,"['guete', 'pratt.335', 'kh.me011230', 'jadambajaak874', 'sankalpsingh4u', 'koyunchuluun', 'fran_gb', 'adiya.enhadiya', 'josephconhale', 'miguelcou', 'vasdvasdfew', 'sisihub', 'saglamahmetutku', 'pedrobf9', 'batuukb802', 'carloslamas', 'bayaraa0330', 'koltondrake', 'eheadj', 'sakshijaiswal8109', 'mgfgg17', 'btemuulen803', 'samka', 'piovac', 'jmipose', 'azmo29', 'garomo', 'shrutik', 'nanohub55', 'pabloperezpicos00', 'boogii', 'pancho5110', 'lobwedge', 'sleepy02', 'hisoo', 'daanioompi09', 'zanoni', 'lidialozano23', 'khulan', 'gerelmaa', 'a01096083057', 'matt.iqbunns', 'ojiow', 'delgermurn', 'qzhang.phys', 'parduxen', 'nmkrishna.123', 'mnkymgaa', 'luisgue99', 'aldirin1', 'leandroabuga', 'samumonin', 'nivedha07', 'jpfeser', 'minom474', 'jzhong2', 'mariaci99', 'odsaihankhulan', 'hongorotgon0801', 'sodoosodko49', 'dhakshana', 'cheng1105', 'aagi217', 'tito_moares2000', 'vanesasomoza', 'bileg716', 'altantsooj', 'javipm12', 'gabri_om6', 'saraj31', 'omargamal99', 'ariunbold', 'valverde.rivera.pablo', 'tengis.odgerel', 'teijeiroalex', 'mmartinezsanchez', 'alvaromagdalena', 'ee20btech11013', '11ajeetksingh', 'anuk.zaya911', 'dong0095', 'rachaelsia1171103108', 'bayaraa', 'ramonbouzon', 'stefanocasalini1979', 'g.oteromoreiraa', 'munkhbayar.b1337', 'altka180', 'telmen', 'pcwkcw81', 'danaromera', 'lnyamdorj467', '21pn32', 'apintos2', 'bearhoon8590', 'b.chimedragchaa', 'mohammed_taha', 'bayaraatsendee40', 'sergiorr15', 'dddashnyam17', 'tengisbold21', 'uugii02', 'mateogomezmendez', 'abhay.chopde', 'enkhdelkhiitemuujin', 'sh.dulguun813', 'laura_pn', 'celsoaenllecurras', 'huhtumur4', 'markint28', 'gazegamer813', 'saducio', 'yoolims', 'qkrrjsxor12', 'zulaazulsar121', 'syerci', 'kayou', 'azjargal.azka12', 'elene97', 'almalr97', 'fengweiqiezi', 'banudari17', 'sergioyesidg', 'tulikachawla1', 'silveira', 'ban0929', 'purevdasherkhembayar', 'paulaanteloriveiro3', 'carmen20', 'asaikhna2', 'ceciriveralamelas', 'mariaci9799', 'murun', 'marcos.suarez.vazquez', 'jiigee2001', 'cvillar_', 'enkhtur.ga', '21pn02', 'boji', 'khostushig', 'yeow0071', 'inesgarciaiglesias', 'toto0511', 'sameh_rehan', 'john1973', 'adrianrg4', 'rafal.lewandkow', 'burenzaya', 'rdnbt0129', 'etrade409', 'pietro.capuzzo99', 'myeonu', 'sodoosaresoda', 'maralmaa.choisronjaw', 'baterdene', 'bolderdenekhuyag', 'a.zoloo168', 'jose5loureiro', 'azf1181303550', 'chl53277', 'sgu20161489', 'duswn6123', None, 'evaabalde', 'kezi', 'moshelem', 'migf17', 'naruka700', 'mandakhbayarbal', 'sofiacobas', 'josesp']"
5,49,108,47,30,"['danaromera', 'fran_gb', 'cvillar_', 'luisgue99', 'leandroabuga', 'samumonin', 'sergiorr15', 'adrianrg4', 'pedrobf9', 'mateogomezmendez', 'celsoaenllecurras', 'markint28', 'carloslamas', 'saducio', 'tito_moares2000', 'vanesasomoza', 'jmipose', 'javipm12', 'gabri_om6', 'saraj31', 'pabloperezpicos00', 'pancho5110', 'alvaromagdalena', 'evaabalde', 'daanioompi09', 'lidialozano23', 'carmen20', 'josesp', 'ceciriveralamelas', 'g.oteromoreiraa']",77,"['guete', 'pratt.335', 'sankalpsingh4u', 'josephconhale', 'miguelcou', 'vasdvasdfew', 'saglamahmetutku', 'bayaraa0330', 'koltondrake', 'eheadj', 'sakshijaiswal8109', 'mgfgg17', 'piovac', 'garomo', 'shrutik', 'lobwedge', 'hisoo', 'zanoni', 'a01096083057', 'matt.iqbunns', 'ojiow', 'qzhang.phys', 'parduxen', 'nmkrishna.123', 'aldirin1', 'nivedha07', 'jpfeser', 'jzhong2', 'mariaci99', 'dhakshana', 'cheng1105', 'altantsooj', 'omargamal99', 'valverde.rivera.pablo', 'teijeiroalex', 'mmartinezsanchez', 'ee20btech11013', '11ajeetksingh', 'dong0095', 'rachaelsia1171103108', 'ramonbouzon', 'stefanocasalini1979', 'pcwkcw81', '21pn32', 'apintos2', 'bearhoon8590', 'mohammed_taha', 'abhay.chopde', 'laura_pn', 'yoolims', 'qkrrjsxor12', 'syerci', 'elene97', 'almalr97', 'fengweiqiezi', 'sergioyesidg', 'tulikachawla1', 'silveira', 'paulaanteloriveiro3', 'mariaci9799', 'marcos.suarez.vazquez', '21pn02', 'yeow0071', 'inesgarciaiglesias', 'sameh_rehan', 'john1973', 'rafal.lewandkow', 'pietro.capuzzo99', 'myeonu', 'jose5loureiro', 'azf1181303550', 'chl53277', 'sgu20161489', 'duswn6123', 'moshelem', 'migf17', 'sofiacobas']",17,"['ivan.pineiro.hermo', 'vernardorevoyo', 'alexandre1999usc2022', 'reyesfernandez99', 'epicnonoextreme', 'carme9santamarinha', 'abel_22', 'urko', 'santiagopendon', 'alfredofernandezrod', 'carmefguerra', 'anapv177', 'samugomezbis', 'yago.radziunas', None, 'cesarleo94', 'pablomapa54']",124,"['guete', 'pratt.335', 'sankalpsingh4u', 'fran_gb', 'alfredofernandezrod', 'josephconhale', 'miguelcou', 'vasdvasdfew', 'cesarleo94', 'saglamahmetutku', 'pedrobf9', 'carloslamas', 'bayaraa0330', 'koltondrake', 'eheadj', 'sakshijaiswal8109', 'samugomezbis', 'mgfgg17', 'piovac', 'jmipose', 'garomo', 'shrutik', 'pabloperezpicos00', 'pancho5110', 'lobwedge', 'reyesfernandez99', 'carme9santamarinha', 'hisoo', 'daanioompi09', 'zanoni', 'lidialozano23', 'a01096083057', 'matt.iqbunns', 'ojiow', 'qzhang.phys', 'vernardorevoyo', 'parduxen', 'nmkrishna.123', 'luisgue99', 'aldirin1', 'leandroabuga', 'samumonin', 'nivedha07', 'jpfeser', 'jzhong2', 'mariaci99', 'dhakshana', 'cheng1105', 'tito_moares2000', 'vanesasomoza', 'pablomapa54', 'alexandre1999usc2022', 'altantsooj', 'javipm12', 'gabri_om6', 'saraj31', 'omargamal99', 'valverde.rivera.pablo', 'teijeiroalex', 'mmartinezsanchez', 'alvaromagdalena', 'ee20btech11013', '11ajeetksingh', 'dong0095', 'rachaelsia1171103108', 'epicnonoextreme', 'abel_22', 'ramonbouzon', 'stefanocasalini1979', 'g.oteromoreiraa', 'pcwkcw81', 'danaromera', '21pn32', 'apintos2', 'bearhoon8590', 'mohammed_taha', 'anapv177', 'sergiorr15', 'mateogomezmendez', 'abhay.chopde', 'laura_pn', 'celsoaenllecurras', 'markint28', 'saducio', 'yoolims', 'qkrrjsxor12', 'syerci', 'elene97', 'almalr97', 'fengweiqiezi', 'sergioyesidg', 'tulikachawla1', 'silveira', 'paulaanteloriveiro3', 'santiagopendon', 'carmen20', 'ceciriveralamelas', 'mariaci9799', 'yago.radziunas', 'marcos.suarez.vazquez', 'cvillar_', 'urko', '21pn02', 'yeow0071', 'inesgarciaiglesias', 'sameh_rehan', 'john1973', 'adrianrg4', 'rafal.lewandkow', 'ivan.pineiro.hermo', 'pietro.capuzzo99', 'myeonu', 'jose5loureiro', 'azf1181303550', 'chl53277', 'sgu20161489', 'duswn6123', None, 'evaabalde', 'moshelem', 'migf17', 'sofiacobas', 'carmefguerra', 'josesp']"
5,28,108,38,23,"['danaromera', 'marcos.suarez.vazquez', 'samumonin', 'adrianrg4', 'mateogomezmendez', 'markint28', 'carloslamas', 'saducio', 'tito_moares2000', 'vanesasomoza', 'javipm12', 'garomo', 'saraj31', 'gabri_om6', 'almalr97', 'pabloperezpicos00', 'teijeiroalex', 'jose5loureiro', 'pancho5110', 'paulaanteloriveiro3', 'lidialozano23', 'carmen20', 'ceciriveralamelas']",84,"['guete', 'pratt.335', 'sankalpsingh4u', 'fran_gb', 'josephconhale', 'miguelcou', 'vasdvasdfew', 'saglamahmetutku', 'pedrobf9', 'bayaraa0330', 'koltondrake', 'eheadj', 'sakshijaiswal8109', 'mgfgg17', 'piovac', 'jmipose', 'shrutik', 'lobwedge', 'hisoo', 'daanioompi09', 'zanoni', 'a01096083057', 'matt.iqbunns', 'ojiow', 'qzhang.phys', 'parduxen', 'nmkrishna.123', 'luisgue99', 'aldirin1', 'leandroabuga', 'nivedha07', 'jpfeser', 'jzhong2', 'mariaci99', 'dhakshana', 'cheng1105', 'altantsooj', 'omargamal99', 'valverde.rivera.pablo', 'mmartinezsanchez', 'alvaromagdalena', 'ee20btech11013', '11ajeetksingh', 'dong0095', 'rachaelsia1171103108', 'ramonbouzon', 'stefanocasalini1979', 'g.oteromoreiraa', 'pcwkcw81', '21pn32', 'apintos2', 'bearhoon8590', 'mohammed_taha', 'sergiorr15', 'abhay.chopde', 'laura_pn', 'celsoaenllecurras', 'yoolims', 'qkrrjsxor12', 'syerci', 'elene97', 'fengweiqiezi', 'sergioyesidg', 'tulikachawla1', 'silveira', 'mariaci9799', 'cvillar_', '21pn02', 'yeow0071', 'inesgarciaiglesias', 'sameh_rehan', 'john1973', 'rafal.lewandkow', 'pietro.capuzzo99', 'myeonu', 'azf1181303550', 'chl53277', 'sgu20161489', 'duswn6123', 'evaabalde', 'moshelem', 'migf17', 'sofiacobas', 'josesp']",15,"['ivan.pineiro.hermo', 'vernardorevoyo', 'alexandre1999usc2022', 'andreadominguezrodriguez4', 'carme9santamarinha', 'urko', 'r3msd', 'santiagopendon', 'carmefguerra', 'mierdatrabajos', 'samugomezbis', 'yago.radziunas', None, 'cesarleo94', 'pablomapa54']",122,"['guete', 'pratt.335', 'pcwkcw81', 'danaromera', 'andreadominguezrodriguez4', 'sankalpsingh4u', '21pn32', 'fran_gb', 'r3msd', 'apintos2', 'bearhoon8590', 'mohammed_taha', 'josephconhale', 'miguelcou', 'vasdvasdfew', 'sergiorr15', 'cesarleo94', 'saglamahmetutku', 'pedrobf9', 'mateogomezmendez', 'abhay.chopde', 'laura_pn', 'celsoaenllecurras', 'carloslamas', 'markint28', 'saducio', 'bayaraa0330', 'koltondrake', 'eheadj', 'yoolims', 'qkrrjsxor12', 'sakshijaiswal8109', 'mierdatrabajos', 'mgfgg17', 'samugomezbis', 'syerci', 'piovac', 'jmipose', 'josesp', 'elene97', 'garomo', 'shrutik', 'almalr97', 'fengweiqiezi', 'pabloperezpicos00', 'sergioyesidg', 'tulikachawla1', 'silveira', 'pancho5110', 'paulaanteloriveiro3', 'lobwedge', 'carme9santamarinha', 'hisoo', 'daanioompi09', 'zanoni', 'lidialozano23', 'carmen20', 'santiagopendon', 'a01096083057', 'matt.iqbunns', 'ojiow', 'ceciriveralamelas', 'mariaci9799', 'yago.radziunas', 'qzhang.phys', 'marcos.suarez.vazquez', 'vernardorevoyo', 'parduxen', 'cvillar_', 'urko', 'nmkrishna.123', '21pn02', 'luisgue99', 'aldirin1', 'leandroabuga', 'yeow0071', 'samumonin', 'nivedha07', 'jpfeser', 'inesgarciaiglesias', 'sameh_rehan', 'john1973', 'adrianrg4', 'rafal.lewandkow', 'ivan.pineiro.hermo', 'jzhong2', 'mariaci99', 'dhakshana', 'cheng1105', 'tito_moares2000', 'vanesasomoza', 'pablomapa54', 'pietro.capuzzo99', 'myeonu', 'alexandre1999usc2022', 'altantsooj', 'javipm12', 'gabri_om6', 'saraj31', 'omargamal99', 'valverde.rivera.pablo', 'teijeiroalex', 'jose5loureiro', 'azf1181303550', 'chl53277', 'mmartinezsanchez', 'sgu20161489', 'duswn6123', 'alvaromagdalena', 'evaabalde', None, 'ee20btech11013', '11ajeetksingh', 'dong0095', 'rachaelsia1171103108', 'moshelem', 'migf17', 'sofiacobas', 'ramonbouzon', 'carmefguerra', 'stefanocasalini1979', 'g.oteromoreiraa']"
5,57,108,32,1,['altantsooj'],106,"['guete', 'pratt.335', 'sankalpsingh4u', 'fran_gb', 'josephconhale', 'miguelcou', 'vasdvasdfew', 'saglamahmetutku', 'pedrobf9', 'carloslamas', 'bayaraa0330', 'koltondrake', 'eheadj', 'sakshijaiswal8109', 'mgfgg17', 'piovac', 'jmipose', 'garomo', 'shrutik', 'pabloperezpicos00', 'pancho5110', 'lobwedge', 'hisoo', 'daanioompi09', 'zanoni', 'lidialozano23', 'a01096083057', 'matt.iqbunns', 'ojiow', 'qzhang.phys', 'parduxen', 'nmkrishna.123', 'luisgue99', 'aldirin1', 'leandroabuga', 'samumonin', 'nivedha07', 'jpfeser', 'jzhong2', 'mariaci99', 'dhakshana', 'cheng1105', 'tito_moares2000', 'vanesasomoza', 'javipm12', 'gabri_om6', 'saraj31', 'omargamal99', 'valverde.rivera.pablo', 'teijeiroalex', 'mmartinezsanchez', 'alvaromagdalena', 'ee20btech11013', '11ajeetksingh', 'dong0095', 'rachaelsia1171103108', 'ramonbouzon', 'stefanocasalini1979', 'g.oteromoreiraa', 'pcwkcw81', 'danaromera', '21pn32', 'apintos2', 'bearhoon8590', 'mohammed_taha', 'sergiorr15', 'mateogomezmendez', 'abhay.chopde', 'laura_pn', 'celsoaenllecurras', 'markint28', 'saducio', 'yoolims', 'qkrrjsxor12', 'syerci', 'elene97', 'almalr97', 'fengweiqiezi', 'sergioyesidg', 'tulikachawla1', 'silveira', 'paulaanteloriveiro3', 'carmen20', 'ceciriveralamelas', 'mariaci9799', 'marcos.suarez.vazquez', 'cvillar_', '21pn02', 'yeow0071', 'inesgarciaiglesias', 'sameh_rehan', 'john1973', 'adrianrg4', 'rafal.lewandkow', 'pietro.capuzzo99', 'myeonu', 'jose5loureiro', 'azf1181303550', 'chl53277', 'sgu20161489', 'duswn6123', 'evaabalde', 'moshelem', 'migf17', 'sofiacobas', 'josesp']",31,"['telmen', 'jadambajaak874', 'jiigee2001', 'koyunchuluun', 'murun', 'enkhtur.ga', 'adiya.enhadiya', 'munkhbayar.b1337', 'minom474', 'sisihub', 'dddashnyam17', 'burenzaya', 'tengisbold21', 'rdnbt0129', 'sodoosodko49', 'sh.dulguun813', 'bileg716', 'zulaazulsar121', 'btemuulen803', 'maralmaa.choisronjaw', 'azjargal.azka12', 'baterdene', 'azmo29', 'ariunbold', 'bolderdenekhuyag', 'a.zoloo168', 'boogii', None, 'sleepy02', 'khulan', 'altka180']",138,"['guete', 'pratt.335', 'telmen', 'pcwkcw81', 'danaromera', 'jadambajaak874', 'sankalpsingh4u', '21pn32', 'koyunchuluun', 'fran_gb', 'apintos2', 'adiya.enhadiya', 'bearhoon8590', 'mohammed_taha', 'josephconhale', 'miguelcou', 'vasdvasdfew', 'sergiorr15', 'sisihub', 'dddashnyam17', 'tengisbold21', 'saglamahmetutku', 'pedrobf9', 'mateogomezmendez', 'abhay.chopde', 'altka180', 'sh.dulguun813', 'laura_pn', 'celsoaenllecurras', 'carloslamas', 'markint28', 'saducio', 'bayaraa0330', 'koltondrake', 'eheadj', 'yoolims', 'qkrrjsxor12', 'sakshijaiswal8109', 'mgfgg17', 'zulaazulsar121', 'btemuulen803', 'syerci', 'piovac', 'jmipose', 'azjargal.azka12', 'josesp', 'elene97', 'garomo', 'azmo29', 'shrutik', 'almalr97', 'fengweiqiezi', 'pabloperezpicos00', 'sergioyesidg', 'tulikachawla1', 'boogii', 'silveira', 'pancho5110', 'paulaanteloriveiro3', 'lobwedge', 'sleepy02', 'hisoo', 'daanioompi09', 'zanoni', 'lidialozano23', 'carmen20', 'khulan', 'a01096083057', 'matt.iqbunns', 'ojiow', 'ceciriveralamelas', 'mariaci9799', 'murun', 'qzhang.phys', 'marcos.suarez.vazquez', 'jiigee2001', 'parduxen', 'cvillar_', 'enkhtur.ga', 'nmkrishna.123', '21pn02', 'luisgue99', 'aldirin1', 'leandroabuga', 'yeow0071', 'samumonin', 'nivedha07', 'jpfeser', 'inesgarciaiglesias', 'sameh_rehan', 'john1973', 'adrianrg4', 'rafal.lewandkow', 'minom474', 'rdnbt0129', 'burenzaya', 'jzhong2', 'mariaci99', 'sodoosodko49', 'dhakshana', 'cheng1105', 'tito_moares2000', 'vanesasomoza', 'bileg716', 'munkhbayar.b1337', 'pietro.capuzzo99', 'myeonu', 'maralmaa.choisronjaw', 'altantsooj', 'javipm12', 'gabri_om6', 'saraj31', 'omargamal99', 'baterdene', 'valverde.rivera.pablo', 'ariunbold', 'bolderdenekhuyag', 'a.zoloo168', 'teijeiroalex', 'jose5loureiro', 'azf1181303550', 'chl53277', 'mmartinezsanchez', 'sgu20161489', 'duswn6123', 'alvaromagdalena', 'evaabalde', None, 'ee20btech11013', '11ajeetksingh', 'dong0095', 'rachaelsia1171103108', 'moshelem', 'migf17', 'sofiacobas', 'ramonbouzon', 'stefanocasalini1979', 'g.oteromoreiraa']"
5,30,108,22,14,"['pedrobf9', 'ceciriveralamelas', 'marcos.suarez.vazquez', 'mgfgg17', 'migf17', 'gabri_om6', 'sofiacobas', 'luisgue99', 'cheng1105', 'valverde.rivera.pablo', 'inesgarciaiglesias', 'jose5loureiro', 'mariaci9799', 'g.oteromoreiraa']",93,"['guete', 'pratt.335', 'pcwkcw81', 'danaromera', 'sankalpsingh4u', '21pn32', 'fran_gb', 'apintos2', 'bearhoon8590', 'mohammed_taha', 'josephconhale', 'miguelcou', 'vasdvasdfew', 'sergiorr15', 'saglamahmetutku', 'mateogomezmendez', 'abhay.chopde', 'laura_pn', 'celsoaenllecurras', 'carloslamas', 'markint28', 'saducio', 'bayaraa0330', 'koltondrake', 'eheadj', 'yoolims', 'qkrrjsxor12', 'sakshijaiswal8109', 'syerci', 'piovac', 'jmipose', 'josesp', 'elene97', 'garomo', 'shrutik', 'almalr97', 'fengweiqiezi', 'pabloperezpicos00', 'sergioyesidg', 'tulikachawla1', 'silveira', 'pancho5110', 'paulaanteloriveiro3', 'lobwedge', 'hisoo', 'daanioompi09', 'zanoni', 'lidialozano23', 'carmen20', 'a01096083057', 'matt.iqbunns', 'ojiow', 'qzhang.phys', 'parduxen', 'cvillar_', 'nmkrishna.123', '21pn02', 'aldirin1', 'leandroabuga', 'yeow0071', 'samumonin', 'nivedha07', 'jpfeser', 'sameh_rehan', 'john1973', 'adrianrg4', 'rafal.lewandkow', 'jzhong2', 'mariaci99', 'dhakshana', 'tito_moares2000', 'vanesasomoza', 'pietro.capuzzo99', 'myeonu', 'altantsooj', 'javipm12', 'saraj31', 'omargamal99', 'teijeiroalex', 'azf1181303550', 'chl53277', 'mmartinezsanchez', 'sgu20161489', 'duswn6123', 'alvaromagdalena', 'evaabalde', 'ee20btech11013', '11ajeetksingh', 'dong0095', 'rachaelsia1171103108', 'moshelem', 'ramonbouzon', 'stefanocasalini1979']",8,"['andreadominguezrodriguez4', 'carme9santamarinha', 'jositxumanu00', 'camilamore93', 'davidbua', 'mierdatrabajos', 'unaiplacer2d', None]",115,"['guete', 'pratt.335', 'pcwkcw81', 'danaromera', 'andreadominguezrodriguez4', 'sankalpsingh4u', '21pn32', 'fran_gb', 'apintos2', 'bearhoon8590', 'mohammed_taha', 'josephconhale', 'miguelcou', 'vasdvasdfew', 'sergiorr15', 'saglamahmetutku', 'pedrobf9', 'mateogomezmendez', 'abhay.chopde', 'laura_pn', 'celsoaenllecurras', 'carloslamas', 'markint28', 'saducio', 'davidbua', 'bayaraa0330', 'koltondrake', 'eheadj', 'yoolims', 'qkrrjsxor12', 'sakshijaiswal8109', 'mierdatrabajos', 'mgfgg17', 'syerci', 'piovac', 'jmipose', 'josesp', 'elene97', 'garomo', 'jositxumanu00', 'shrutik', 'almalr97', 'fengweiqiezi', 'pabloperezpicos00', 'sergioyesidg', 'tulikachawla1', 'silveira', 'pancho5110', 'paulaanteloriveiro3', 'lobwedge', 'carme9santamarinha', 'hisoo', 'daanioompi09', 'zanoni', 'lidialozano23', 'carmen20', 'a01096083057', 'matt.iqbunns', 'ojiow', 'ceciriveralamelas', 'mariaci9799', 'qzhang.phys', 'marcos.suarez.vazquez', 'parduxen', 'cvillar_', 'nmkrishna.123', '21pn02', 'luisgue99', 'aldirin1', 'leandroabuga', 'yeow0071', 'samumonin', 'nivedha07', 'jpfeser', 'inesgarciaiglesias', 'sameh_rehan', 'john1973', 'adrianrg4', 'rafal.lewandkow', 'unaiplacer2d', 'jzhong2', 'mariaci99', 'dhakshana', 'camilamore93', 'cheng1105', 'tito_moares2000', 'vanesasomoza', 'pietro.capuzzo99', 'myeonu', 'altantsooj', 'javipm12', 'gabri_om6', 'saraj31', 'omargamal99', 'valverde.rivera.pablo', 'teijeiroalex', 'jose5loureiro', 'azf1181303550', 'chl53277', 'mmartinezsanchez', 'sgu20161489', 'duswn6123', 'alvaromagdalena', 'evaabalde', None, 'ee20btech11013', '11ajeetksingh', 'dong0095', 'rachaelsia1171103108', 'moshelem', 'migf17', 'sofiacobas', 'ramonbouzon', 'stefanocasalini1979', 'g.oteromoreiraa']"
5,54,108,21,14,"['pedrobf9', 'samumonin', 'g.oteromoreiraa', 'jmipose', 'migf17', 'daanioompi09', 'carmen20', 'sofiacobas', 'luisgue99', 'cheng1105', 'valverde.rivera.pablo', 'inesgarciaiglesias', 'jose5loureiro', 'adrianrg4']",93,"['guete', 'pratt.335', 'pcwkcw81', 'danaromera', 'sankalpsingh4u', '21pn32', 'fran_gb', 'apintos2', 'bearhoon8590', 'mohammed_taha', 'josephconhale', 'miguelcou', 'vasdvasdfew', 'sergiorr15', 'saglamahmetutku', 'mateogomezmendez', 'abhay.chopde', 'laura_pn', 'celsoaenllecurras', 'carloslamas', 'markint28', 'saducio', 'bayaraa0330', 'koltondrake', 'eheadj', 'yoolims', 'qkrrjsxor12', 'sakshijaiswal8109', 'mgfgg17', 'syerci', 'piovac', 'josesp', 'elene97', 'garomo', 'shrutik', 'almalr97', 'fengweiqiezi', 'pabloperezpicos00', 'sergioyesidg', 'tulikachawla1', 'silveira', 'pancho5110', 'paulaanteloriveiro3', 'lobwedge', 'hisoo', 'zanoni', 'lidialozano23', 'a01096083057', 'matt.iqbunns', 'ojiow', 'ceciriveralamelas', 'mariaci9799', 'qzhang.phys', 'marcos.suarez.vazquez', 'parduxen', 'cvillar_', 'nmkrishna.123', '21pn02', 'aldirin1', 'leandroabuga', 'yeow0071', 'nivedha07', 'jpfeser', 'sameh_rehan', 'john1973', 'rafal.lewandkow', 'jzhong2', 'mariaci99', 'dhakshana', 'tito_moares2000', 'vanesasomoza', 'pietro.capuzzo99', 'myeonu', 'altantsooj', 'javipm12', 'gabri_om6', 'saraj31', 'omargamal99', 'teijeiroalex', 'azf1181303550', 'chl53277', 'mmartinezsanchez', 'sgu20161489', 'duswn6123', 'alvaromagdalena', 'evaabalde', 'ee20btech11013', '11ajeetksingh', 'dong0095', 'rachaelsia1171103108', 'moshelem', 'ramonbouzon', 'stefanocasalini1979']",7,"['dramaqueen13', 'epicnonoextreme', 'antia.santiago', 'sergiobalboabarreiro', 'anapv177', 'samugomezbis', None]",114,"['guete', 'pratt.335', 'pcwkcw81', 'danaromera', 'sankalpsingh4u', '21pn32', 'fran_gb', 'apintos2', 'bearhoon8590', 'mohammed_taha', 'anapv177', 'josephconhale', 'miguelcou', 'vasdvasdfew', 'sergiorr15', 'saglamahmetutku', 'pedrobf9', 'mateogomezmendez', 'abhay.chopde', 'laura_pn', 'celsoaenllecurras', 'carloslamas', 'markint28', 'saducio', 'bayaraa0330', 'koltondrake', 'eheadj', 'yoolims', 'qkrrjsxor12', 'sakshijaiswal8109', 'samugomezbis', 'mgfgg17', 'syerci', 'piovac', 'jmipose', 'josesp', 'elene97', 'garomo', 'shrutik', 'almalr97', 'fengweiqiezi', 'pabloperezpicos00', 'sergioyesidg', 'tulikachawla1', 'silveira', 'pancho5110', 'paulaanteloriveiro3', 'dramaqueen13', 'lobwedge', 'hisoo', 'daanioompi09', 'zanoni', 'lidialozano23', 'carmen20', 'a01096083057', 'matt.iqbunns', 'ojiow', 'ceciriveralamelas', 'mariaci9799', 'qzhang.phys', 'marcos.suarez.vazquez', 'parduxen', 'cvillar_', 'nmkrishna.123', '21pn02', 'luisgue99', 'aldirin1', 'leandroabuga', 'yeow0071', 'samumonin', 'nivedha07', 'jpfeser', 'inesgarciaiglesias', 'sameh_rehan', 'john1973', 'adrianrg4', 'rafal.lewandkow', 'jzhong2', 'mariaci99', 'dhakshana', 'cheng1105', 'tito_moares2000', 'vanesasomoza', 'pietro.capuzzo99', 'myeonu', 'altantsooj', 'javipm12', 'gabri_om6', 'saraj31', 'omargamal99', 'antia.santiago', 'valverde.rivera.pablo', 'teijeiroalex', 'jose5loureiro', 'azf1181303550', 'chl53277', 'mmartinezsanchez', 'sgu20161489', 'duswn6123', 'alvaromagdalena', 'evaabalde', 'sergiobalboabarreiro', None, 'ee20btech11013', '11ajeetksingh', 'dong0095', 'rachaelsia1171103108', 'moshelem', 'migf17', 'epicnonoextreme', 'sofiacobas', 'ramonbouzon', 'stefanocasalini1979', 'g.oteromoreiraa']"
5,37,108,18,12,"['guete', 'ceciriveralamelas', 'migf17', 'laura_pn', 'sofiacobas', 'luisgue99', 'leandroabuga', 'valverde.rivera.pablo', 'cheng1105', 'vanesasomoza', 'mariaci9799', 'mmartinezsanchez']",95,"['pratt.335', 'pcwkcw81', 'danaromera', 'sankalpsingh4u', '21pn32', 'fran_gb', 'apintos2', 'bearhoon8590', 'mohammed_taha', 'josephconhale', 'miguelcou', 'vasdvasdfew', 'sergiorr15', 'saglamahmetutku', 'pedrobf9', 'mateogomezmendez', 'abhay.chopde', 'celsoaenllecurras', 'carloslamas', 'markint28', 'saducio', 'bayaraa0330', 'koltondrake', 'eheadj', 'yoolims', 'qkrrjsxor12', 'sakshijaiswal8109', 'mgfgg17', 'syerci', 'piovac', 'jmipose', 'josesp', 'elene97', 'garomo', 'shrutik', 'almalr97', 'fengweiqiezi', 'pabloperezpicos00', 'sergioyesidg', 'tulikachawla1', 'silveira', 'pancho5110', 'paulaanteloriveiro3', 'lobwedge', 'hisoo', 'daanioompi09', 'zanoni', 'lidialozano23', 'carmen20', 'a01096083057', 'matt.iqbunns', 'ojiow', 'qzhang.phys', 'marcos.suarez.vazquez', 'parduxen', 'cvillar_', 'nmkrishna.123', '21pn02', 'aldirin1', 'yeow0071', 'samumonin', 'nivedha07', 'jpfeser', 'inesgarciaiglesias', 'sameh_rehan', 'john1973', 'adrianrg4', 'rafal.lewandkow', 'jzhong2', 'mariaci99', 'dhakshana', 'tito_moares2000', 'pietro.capuzzo99', 'myeonu', 'altantsooj', 'javipm12', 'gabri_om6', 'saraj31', 'omargamal99', 'teijeiroalex', 'jose5loureiro', 'azf1181303550', 'chl53277', 'sgu20161489', 'duswn6123', 'alvaromagdalena', 'evaabalde', 'ee20btech11013', '11ajeetksingh', 'dong0095', 'rachaelsia1171103108', 'moshelem', 'ramonbouzon', 'stefanocasalini1979', 'g.oteromoreiraa']",6,"['dramaqueen13', 'carme9santamarinha', 'davidbua', 'unaiplacer2d', None, 'pablobucsan']",113,"['guete', 'pratt.335', 'pcwkcw81', 'danaromera', 'sankalpsingh4u', '21pn32', 'fran_gb', 'apintos2', 'bearhoon8590', 'mohammed_taha', 'josephconhale', 'miguelcou', 'vasdvasdfew', 'sergiorr15', 'saglamahmetutku', 'pedrobf9', 'mateogomezmendez', 'abhay.chopde', 'laura_pn', 'celsoaenllecurras', 'carloslamas', 'markint28', 'saducio', 'davidbua', 'bayaraa0330', 'koltondrake', 'eheadj', 'yoolims', 'qkrrjsxor12', 'sakshijaiswal8109', 'mgfgg17', 'syerci', 'piovac', 'jmipose', 'josesp', 'elene97', 'garomo', 'shrutik', 'almalr97', 'fengweiqiezi', 'pabloperezpicos00', 'sergioyesidg', 'tulikachawla1', 'silveira', 'pancho5110', 'paulaanteloriveiro3', 'dramaqueen13', 'lobwedge', 'carme9santamarinha', 'hisoo', 'daanioompi09', 'zanoni', 'lidialozano23', 'carmen20', 'a01096083057', 'matt.iqbunns', 'ojiow', 'ceciriveralamelas', 'mariaci9799', 'pablobucsan', 'qzhang.phys', 'marcos.suarez.vazquez', 'parduxen', 'cvillar_', 'nmkrishna.123', '21pn02', 'luisgue99', 'aldirin1', 'leandroabuga', 'yeow0071', 'samumonin', 'nivedha07', 'jpfeser', 'inesgarciaiglesias', 'sameh_rehan', 'john1973', 'adrianrg4', 'rafal.lewandkow', 'unaiplacer2d', 'jzhong2', 'mariaci99', 'dhakshana', 'cheng1105', 'tito_moares2000', 'vanesasomoza', 'pietro.capuzzo99', 'myeonu', 'altantsooj', 'javipm12', 'gabri_om6', 'saraj31', 'omargamal99', 'valverde.rivera.pablo', 'teijeiroalex', 'jose5loureiro', 'azf1181303550', 'chl53277', 'mmartinezsanchez', 'sgu20161489', 'duswn6123', 'alvaromagdalena', 'evaabalde', None, 'ee20btech11013', '11ajeetksingh', 'dong0095', 'rachaelsia1171103108', 'moshelem', 'migf17', 'sofiacobas', 'ramonbouzon', 'stefanocasalini1979', 'g.oteromoreiraa']"
5,31,108,15,10,"['paulaanteloriveiro3', 'jose5loureiro', 'celsoaenllecurras', 'markint28', 'apintos2', 'carmen20', 'samumonin', 'vanesasomoza', 'josesp', 'evaabalde']",97,"['guete', 'pratt.335', 'pcwkcw81', 'danaromera', 'sankalpsingh4u', '21pn32', 'fran_gb', 'bearhoon8590', 'mohammed_taha', 'josephconhale', 'miguelcou', 'vasdvasdfew', 'sergiorr15', 'saglamahmetutku', 'pedrobf9', 'mateogomezmendez', 'abhay.chopde', 'laura_pn', 'carloslamas', 'saducio', 'bayaraa0330', 'koltondrake', 'eheadj', 'yoolims', 'qkrrjsxor12', 'sakshijaiswal8109', 'mgfgg17', 'syerci', 'piovac', 'jmipose', 'elene97', 'garomo', 'shrutik', 'almalr97', 'fengweiqiezi', 'pabloperezpicos00', 'sergioyesidg', 'tulikachawla1', 'silveira', 'pancho5110', 'lobwedge', 'hisoo', 'daanioompi09', 'zanoni', 'lidialozano23', 'a01096083057', 'matt.iqbunns', 'ojiow', 'ceciriveralamelas', 'mariaci9799', 'qzhang.phys', 'marcos.suarez.vazquez', 'parduxen', 'cvillar_', 'nmkrishna.123', '21pn02', 'luisgue99', 'aldirin1', 'leandroabuga', 'yeow0071', 'nivedha07', 'jpfeser', 'inesgarciaiglesias', 'sameh_rehan', 'john1973', 'adrianrg4', 'rafal.lewandkow', 'jzhong2', 'mariaci99', 'dhakshana', 'cheng1105', 'tito_moares2000', 'pietro.capuzzo99', 'myeonu', 'altantsooj', 'javipm12', 'gabri_om6', 'saraj31', 'omargamal99', 'valverde.rivera.pablo', 'teijeiroalex', 'azf1181303550', 'chl53277', 'mmartinezsanchez', 'sgu20161489', 'duswn6123', 'alvaromagdalena', 'ee20btech11013', '11ajeetksingh', 'dong0095', 'rachaelsia1171103108', 'moshelem', 'migf17', 'sofiacobas', 'ramonbouzon', 'stefanocasalini1979', 'g.oteromoreiraa']",5,"['jpazpintor', 'carmefguerra', 'johnpedrojavier12', None, 'pablomapa54']",112,"['guete', 'pratt.335', 'pcwkcw81', 'danaromera', 'sankalpsingh4u', '21pn32', 'fran_gb', 'apintos2', 'bearhoon8590', 'mohammed_taha', 'josephconhale', 'miguelcou', 'vasdvasdfew', 'sergiorr15', 'saglamahmetutku', 'pedrobf9', 'mateogomezmendez', 'abhay.chopde', 'laura_pn', 'celsoaenllecurras', 'jpazpintor', 'carloslamas', 'markint28', 'saducio', 'bayaraa0330', 'koltondrake', 'eheadj', 'yoolims', 'qkrrjsxor12', 'sakshijaiswal8109', 'mgfgg17', 'syerci', 'piovac', 'jmipose', 'josesp', 'elene97', 'garomo', 'shrutik', 'almalr97', 'fengweiqiezi', 'pabloperezpicos00', 'johnpedrojavier12', 'sergioyesidg', 'tulikachawla1', 'silveira', 'pancho5110', 'paulaanteloriveiro3', 'lobwedge', 'hisoo', 'daanioompi09', 'zanoni', 'lidialozano23', 'carmen20', 'a01096083057', 'matt.iqbunns', 'ojiow', 'ceciriveralamelas', 'mariaci9799', 'qzhang.phys', 'marcos.suarez.vazquez', 'parduxen', 'cvillar_', 'nmkrishna.123', '21pn02', 'luisgue99', 'aldirin1', 'leandroabuga', 'yeow0071', 'samumonin', 'nivedha07', 'jpfeser', 'inesgarciaiglesias', 'sameh_rehan', 'john1973', 'adrianrg4', 'rafal.lewandkow', 'jzhong2', 'mariaci99', 'dhakshana', 'cheng1105', 'tito_moares2000', 'vanesasomoza', 'pablomapa54', 'pietro.capuzzo99', 'myeonu', 'altantsooj', 'javipm12', 'gabri_om6', 'saraj31', 'omargamal99', 'valverde.rivera.pablo', 'teijeiroalex', 'jose5loureiro', 'azf1181303550', 'chl53277', 'mmartinezsanchez', 'sgu20161489', 'duswn6123', 'alvaromagdalena', 'evaabalde', None, 'ee20btech11013', '11ajeetksingh', 'dong0095', 'rachaelsia1171103108', 'moshelem', 'migf17', 'sofiacobas', 'ramonbouzon', 'carmefguerra', 'stefanocasalini1979', 'g.oteromoreiraa']"
5,39,108,14,10,"['guete', 'mariaci99', 'jmipose', 'carmen20', 'sofiacobas', 'ramonbouzon', 'mariaci9799', 'sergiorr15', 'adrianrg4', 'pancho5110']",97,"['pratt.335', 'pcwkcw81', 'danaromera', 'sankalpsingh4u', '21pn32', 'fran_gb', 'apintos2', 'bearhoon8590', 'mohammed_taha', 'josephconhale', 'miguelcou', 'vasdvasdfew', 'saglamahmetutku', 'pedrobf9', 'mateogomezmendez', 'abhay.chopde', 'laura_pn', 'celsoaenllecurras', 'carloslamas', 'markint28', 'saducio', 'bayaraa0330', 'koltondrake', 'eheadj', 'yoolims', 'qkrrjsxor12', 'sakshijaiswal8109', 'mgfgg17', 'syerci', 'piovac', 'josesp', 'elene97', 'garomo', 'shrutik', 'almalr97', 'fengweiqiezi', 'pabloperezpicos00', 'sergioyesidg', 'tulikachawla1', 'silveira', 'paulaanteloriveiro3', 'lobwedge', 'hisoo', 'daanioompi09', 'zanoni', 'lidialozano23', 'a01096083057', 'matt.iqbunns', 'ojiow', 'ceciriveralamelas', 'qzhang.phys', 'marcos.suarez.vazquez', 'parduxen', 'cvillar_', 'nmkrishna.123', '21pn02', 'luisgue99', 'aldirin1', 'leandroabuga', 'yeow0071', 'samumonin', 'nivedha07', 'jpfeser', 'inesgarciaiglesias', 'sameh_rehan', 'john1973', 'rafal.lewandkow', 'jzhong2', 'dhakshana', 'cheng1105', 'tito_moares2000', 'vanesasomoza', 'pietro.capuzzo99', 'myeonu', 'altantsooj', 'javipm12', 'gabri_om6', 'saraj31', 'omargamal99', 'valverde.rivera.pablo', 'teijeiroalex', 'jose5loureiro', 'azf1181303550', 'chl53277', 'mmartinezsanchez', 'sgu20161489', 'duswn6123', 'alvaromagdalena', 'evaabalde', 'ee20btech11013', '11ajeetksingh', 'dong0095', 'rachaelsia1171103108', 'moshelem', 'migf17', 'stefanocasalini1979', 'g.oteromoreiraa']",4,"['carme9santamarinha', None, 'abel_22', 'joselovski']",111,"['guete', 'pratt.335', 'pcwkcw81', 'danaromera', 'sankalpsingh4u', '21pn32', 'fran_gb', 'apintos2', 'bearhoon8590', 'mohammed_taha', 'josephconhale', 'miguelcou', 'vasdvasdfew', 'sergiorr15', 'saglamahmetutku', 'pedrobf9', 'mateogomezmendez', 'abhay.chopde', 'laura_pn', 'celsoaenllecurras', 'carloslamas', 'markint28', 'saducio', 'bayaraa0330', 'koltondrake', 'eheadj', 'yoolims', 'qkrrjsxor12', 'sakshijaiswal8109', 'mgfgg17', 'syerci', 'piovac', 'jmipose', 'josesp', 'elene97', 'garomo', 'shrutik', 'almalr97', 'fengweiqiezi', 'pabloperezpicos00', 'sergioyesidg', 'tulikachawla1', 'silveira', 'pancho5110', 'paulaanteloriveiro3', 'lobwedge', 'carme9santamarinha', 'hisoo', 'daanioompi09', 'zanoni', 'lidialozano23', 'carmen20', 'a01096083057', 'matt.iqbunns', 'ojiow', 'ceciriveralamelas', 'mariaci9799', 'qzhang.phys', 'marcos.suarez.vazquez', 'parduxen', 'cvillar_', 'nmkrishna.123', '21pn02', 'luisgue99', 'aldirin1', 'leandroabuga', 'yeow0071', 'samumonin', 'nivedha07', 'jpfeser', 'inesgarciaiglesias', 'sameh_rehan', 'john1973', 'adrianrg4', 'rafal.lewandkow', 'jzhong2', 'mariaci99', 'dhakshana', 'cheng1105', 'tito_moares2000', 'vanesasomoza', 'pietro.capuzzo99', 'myeonu', 'altantsooj', 'javipm12', 'gabri_om6', 'saraj31', 'omargamal99', 'valverde.rivera.pablo', 'teijeiroalex', 'jose5loureiro', 'azf1181303550', 'chl53277', 'mmartinezsanchez', 'sgu20161489', 'duswn6123', 'alvaromagdalena', 'evaabalde', None, 'ee20btech11013', '11ajeetksingh', 'dong0095', 'rachaelsia1171103108', 'moshelem', 'migf17', 'abel_22', 'sofiacobas', 'ramonbouzon', 'stefanocasalini1979', 'g.oteromoreiraa', 'joselovski']"
5,56,108,13,9,"['paulaanteloriveiro3', 'mariaci99', 'laura_pn', 'markint28', 'leandroabuga', 'samumonin', 'josesp', 'adrianrg4', 'pancho5110']",98,"['guete', 'pratt.335', 'pcwkcw81', 'danaromera', 'sankalpsingh4u', '21pn32', 'fran_gb', 'apintos2', 'bearhoon8590', 'mohammed_taha', 'josephconhale', 'miguelcou', 'vasdvasdfew', 'sergiorr15', 'saglamahmetutku', 'pedrobf9', 'mateogomezmendez', 'abhay.chopde', 'celsoaenllecurras', 'carloslamas', 'saducio', 'bayaraa0330', 'koltondrake', 'eheadj', 'yoolims', 'qkrrjsxor12', 'sakshijaiswal8109', 'mgfgg17', 'syerci', 'piovac', 'jmipose', 'elene97', 'garomo', 'shrutik', 'almalr97', 'fengweiqiezi', 'pabloperezpicos00', 'sergioyesidg', 'tulikachawla1', 'silveira', 'lobwedge', 'hisoo', 'daanioompi09', 'zanoni', 'lidialozano23', 'carmen20', 'a01096083057', 'matt.iqbunns', 'ojiow', 'ceciriveralamelas', 'mariaci9799', 'qzhang.phys', 'marcos.suarez.vazquez', 'parduxen', 'cvillar_', 'nmkrishna.123', '21pn02', 'luisgue99', 'aldirin1', 'yeow0071', 'nivedha07', 'jpfeser', 'inesgarciaiglesias', 'sameh_rehan', 'john1973', 'rafal.lewandkow', 'jzhong2', 'dhakshana', 'cheng1105', 'tito_moares2000', 'vanesasomoza', 'pietro.capuzzo99', 'myeonu', 'altantsooj', 'javipm12', 'gabri_om6', 'saraj31', 'omargamal99', 'valverde.rivera.pablo', 'teijeiroalex', 'jose5loureiro', 'azf1181303550', 'chl53277', 'mmartinezsanchez', 'sgu20161489', 'duswn6123', 'alvaromagdalena', 'evaabalde', 'ee20btech11013', '11ajeetksingh', 'dong0095', 'rachaelsia1171103108', 'moshelem', 'migf17', 'sofiacobas', 'ramonbouzon', 'stefanocasalini1979', 'g.oteromoreiraa']",4,"['unaiplacer2d', 'urko', None, 'alexandre1999usc2022']",111,"['guete', 'pratt.335', 'pcwkcw81', 'danaromera', 'sankalpsingh4u', '21pn32', 'fran_gb', 'apintos2', 'bearhoon8590', 'mohammed_taha', 'josephconhale', 'miguelcou', 'vasdvasdfew', 'sergiorr15', 'saglamahmetutku', 'pedrobf9', 'mateogomezmendez', 'abhay.chopde', 'laura_pn', 'celsoaenllecurras', 'carloslamas', 'markint28', 'saducio', 'bayaraa0330', 'koltondrake', 'eheadj', 'yoolims', 'qkrrjsxor12', 'sakshijaiswal8109', 'mgfgg17', 'syerci', 'piovac', 'jmipose', 'josesp', 'elene97', 'garomo', 'shrutik', 'almalr97', 'fengweiqiezi', 'pabloperezpicos00', 'sergioyesidg', 'tulikachawla1', 'silveira', 'pancho5110', 'paulaanteloriveiro3', 'lobwedge', 'hisoo', 'daanioompi09', 'zanoni', 'lidialozano23', 'carmen20', 'a01096083057', 'matt.iqbunns', 'ojiow', 'ceciriveralamelas', 'mariaci9799', 'qzhang.phys', 'marcos.suarez.vazquez', 'parduxen', 'cvillar_', 'urko', 'nmkrishna.123', '21pn02', 'luisgue99', 'aldirin1', 'leandroabuga', 'yeow0071', 'samumonin', 'nivedha07', 'jpfeser', 'inesgarciaiglesias', 'sameh_rehan', 'john1973', 'adrianrg4', 'rafal.lewandkow', 'unaiplacer2d', 'jzhong2', 'mariaci99', 'dhakshana', 'cheng1105', 'tito_moares2000', 'vanesasomoza', 'pietro.capuzzo99', 'myeonu', 'alexandre1999usc2022', 'altantsooj', 'javipm12', 'gabri_om6', 'saraj31', 'omargamal99', 'valverde.rivera.pablo', 'teijeiroalex', 'jose5loureiro', 'azf1181303550', 'chl53277', 'mmartinezsanchez', 'sgu20161489', 'duswn6123', 'alvaromagdalena', 'evaabalde', None, 'ee20btech11013', '11ajeetksingh', 'dong0095', 'rachaelsia1171103108', 'moshelem', 'migf17', 'sofiacobas', 'ramonbouzon', 'stefanocasalini1979', 'g.oteromoreiraa']"
5,13,108,12,1,['john1973'],106,"['guete', 'pratt.335', 'pcwkcw81', 'danaromera', 'sankalpsingh4u', '21pn32', 'fran_gb', 'apintos2', 'bearhoon8590', 'mohammed_taha', 'josephconhale', 'miguelcou', 'vasdvasdfew', 'sergiorr15', 'saglamahmetutku', 'pedrobf9', 'mateogomezmendez', 'abhay.chopde', 'laura_pn', 'celsoaenllecurras', 'carloslamas', 'markint28', 'saducio', 'bayaraa0330', 'koltondrake', 'eheadj', 'yoolims', 'qkrrjsxor12', 'sakshijaiswal8109', 'mgfgg17', 'syerci', 'piovac', 'jmipose', 'josesp', 'elene97', 'garomo', 'shrutik', 'almalr97', 'fengweiqiezi', 'pabloperezpicos00', 'sergioyesidg', 'tulikachawla1', 'silveira', 'pancho5110', 'paulaanteloriveiro3', 'lobwedge', 'hisoo', 'daanioompi09', 'zanoni', 'lidialozano23', 'carmen20', 'a01096083057', 'matt.iqbunns', 'ojiow', 'ceciriveralamelas', 'mariaci9799', 'qzhang.phys', 'marcos.suarez.vazquez', 'parduxen', 'cvillar_', 'nmkrishna.123', '21pn02', 'luisgue99', 'aldirin1', 'leandroabuga', 'yeow0071', 'samumonin', 'nivedha07', 'jpfeser', 'inesgarciaiglesias', 'sameh_rehan', 'adrianrg4', 'rafal.lewandkow', 'jzhong2', 'mariaci99', 'dhakshana', 'cheng1105', 'tito_moares2000', 'vanesasomoza', 'pietro.capuzzo99', 'myeonu', 'altantsooj', 'javipm12', 'gabri_om6', 'saraj31', 'omargamal99', 'valverde.rivera.pablo', 'teijeiroalex', 'jose5loureiro', 'azf1181303550', 'chl53277', 'mmartinezsanchez', 'sgu20161489', 'duswn6123', 'alvaromagdalena', 'evaabalde', 'ee20btech11013', '11ajeetksingh', 'dong0095', 'rachaelsia1171103108', 'moshelem', 'migf17', 'sofiacobas', 'ramonbouzon', 'stefanocasalini1979', 'g.oteromoreiraa']",11,"['kirshe_tiongco05', 'justinekylealitao', 'allinamariemorales', 'jancelmabuyog14', 'pattie', 'lachicaestevan23', 'jekylhyde32', 'kris_yah', 'marii', None, 'akirakaiba']",118,"['guete', 'pratt.335', 'pcwkcw81', 'danaromera', 'allinamariemorales', 'jancelmabuyog14', 'sankalpsingh4u', '21pn32', 'fran_gb', 'apintos2', 'bearhoon8590', 'mohammed_taha', 'josephconhale', 'miguelcou', 'vasdvasdfew', 'sergiorr15', 'saglamahmetutku', 'pedrobf9', 'mateogomezmendez', 'abhay.chopde', 'laura_pn', 'celsoaenllecurras', 'carloslamas', 'markint28', 'saducio', 'bayaraa0330', 'koltondrake', 'eheadj', 'yoolims', 'qkrrjsxor12', 'sakshijaiswal8109', 'mgfgg17', 'justinekylealitao', 'syerci', 'piovac', 'jmipose', 'josesp', 'elene97', 'garomo', 'lachicaestevan23', 'shrutik', 'akirakaiba', 'almalr97', 'fengweiqiezi', 'pabloperezpicos00', 'sergioyesidg', 'tulikachawla1', 'silveira', 'pancho5110', 'paulaanteloriveiro3', 'lobwedge', 'pattie', 'hisoo', 'daanioompi09', 'zanoni', 'lidialozano23', 'carmen20', 'jekylhyde32', 'kris_yah', 'a01096083057', 'matt.iqbunns', 'ojiow', 'ceciriveralamelas', 'mariaci9799', 'qzhang.phys', 'marcos.suarez.vazquez', 'parduxen', 'cvillar_', 'nmkrishna.123', '21pn02', 'luisgue99', 'aldirin1', 'leandroabuga', 'yeow0071', 'samumonin', 'nivedha07', 'jpfeser', 'inesgarciaiglesias', 'sameh_rehan', 'john1973', 'adrianrg4', 'rafal.lewandkow', 'jzhong2', 'mariaci99', 'dhakshana', 'cheng1105', 'tito_moares2000', 'vanesasomoza', 'pietro.capuzzo99', 'myeonu', 'kirshe_tiongco05', 'altantsooj', 'javipm12', 'gabri_om6', 'saraj31', 'omargamal99', 'valverde.rivera.pablo', 'teijeiroalex', 'jose5loureiro', 'azf1181303550', 'chl53277', 'mmartinezsanchez', 'sgu20161489', 'duswn6123', 'alvaromagdalena', 'evaabalde', 'marii', None, 'ee20btech11013', '11ajeetksingh', 'dong0095', 'rachaelsia1171103108', 'moshelem', 'migf17', 'sofiacobas', 'ramonbouzon', 'stefanocasalini1979', 'g.oteromoreiraa']"
5,47,108,9,4,"['nivedha07', '21pn32', 'dhakshana', '21pn02']",103,"['guete', 'pratt.335', 'pcwkcw81', 'danaromera', 'sankalpsingh4u', 'fran_gb', 'apintos2', 'bearhoon8590', 'mohammed_taha', 'josephconhale', 'miguelcou', 'vasdvasdfew', 'sergiorr15', 'saglamahmetutku', 'pedrobf9', 'mateogomezmendez', 'abhay.chopde', 'laura_pn', 'celsoaenllecurras', 'carloslamas', 'markint28', 'saducio', 'bayaraa0330', 'koltondrake', 'eheadj', 'yoolims', 'qkrrjsxor12', 'sakshijaiswal8109', 'mgfgg17', 'syerci', 'piovac', 'jmipose', 'josesp', 'elene97', 'garomo', 'shrutik', 'almalr97', 'fengweiqiezi', 'pabloperezpicos00', 'sergioyesidg', 'tulikachawla1', 'silveira', 'pancho5110', 'paulaanteloriveiro3', 'lobwedge', 'hisoo', 'daanioompi09', 'zanoni', 'lidialozano23', 'carmen20', 'a01096083057', 'matt.iqbunns', 'ojiow', 'ceciriveralamelas', 'mariaci9799', 'qzhang.phys', 'marcos.suarez.vazquez', 'parduxen', 'cvillar_', 'nmkrishna.123', 'luisgue99', 'aldirin1', 'leandroabuga', 'yeow0071', 'samumonin', 'jpfeser', 'inesgarciaiglesias', 'sameh_rehan', 'john1973', 'adrianrg4', 'rafal.lewandkow', 'jzhong2', 'mariaci99', 'cheng1105', 'tito_moares2000', 'vanesasomoza', 'pietro.capuzzo99', 'myeonu', 'altantsooj', 'javipm12', 'gabri_om6', 'saraj31', 'omargamal99', 'valverde.rivera.pablo', 'teijeiroalex', 'jose5loureiro', 'azf1181303550', 'chl53277', 'mmartinezsanchez', 'sgu20161489', 'duswn6123', 'alvaromagdalena', 'evaabalde', 'ee20btech11013', '11ajeetksingh', 'dong0095', 'rachaelsia1171103108', 'moshelem', 'migf17', 'sofiacobas', 'ramonbouzon', 'stefanocasalini1979', 'g.oteromoreiraa']",5,"['nithyamathi423', 'abirami21pn01', 'nithyapriya', None, 'priyajawahar1999']",112,"['guete', 'pratt.335', 'pcwkcw81', 'danaromera', 'sankalpsingh4u', '21pn32', 'fran_gb', 'apintos2', 'bearhoon8590', 'mohammed_taha', 'josephconhale', 'miguelcou', 'vasdvasdfew', 'sergiorr15', 'saglamahmetutku', 'pedrobf9', 'mateogomezmendez', 'abhay.chopde', 'laura_pn', 'celsoaenllecurras', 'carloslamas', 'markint28', 'saducio', 'bayaraa0330', 'koltondrake', 'eheadj', 'yoolims', 'qkrrjsxor12', 'sakshijaiswal8109', 'mgfgg17', 'syerci', 'piovac', 'jmipose', 'josesp', 'elene97', 'garomo', 'shrutik', 'almalr97', 'fengweiqiezi', 'pabloperezpicos00', 'sergioyesidg', 'tulikachawla1', 'silveira', 'pancho5110', 'paulaanteloriveiro3', 'lobwedge', 'hisoo', 'daanioompi09', 'zanoni', 'lidialozano23', 'carmen20', 'a01096083057', 'matt.iqbunns', 'ojiow', 'ceciriveralamelas', 'mariaci9799', 'qzhang.phys', 'nithyamathi423', 'marcos.suarez.vazquez', 'parduxen', 'cvillar_', 'nmkrishna.123', '21pn02', 'luisgue99', 'aldirin1', 'leandroabuga', 'yeow0071', 'samumonin', 'nivedha07', 'jpfeser', 'inesgarciaiglesias', 'sameh_rehan', 'john1973', 'adrianrg4', 'rafal.lewandkow', 'jzhong2', 'mariaci99', 'abirami21pn01', 'dhakshana', 'cheng1105', 'tito_moares2000', 'vanesasomoza', 'priyajawahar1999', 'pietro.capuzzo99', 'myeonu', 'altantsooj', 'javipm12', 'gabri_om6', 'saraj31', 'omargamal99', 'valverde.rivera.pablo', 'teijeiroalex', 'jose5loureiro', 'azf1181303550', 'chl53277', 'mmartinezsanchez', 'sgu20161489', 'duswn6123', 'alvaromagdalena', 'evaabalde', 'nithyapriya', None, 'ee20btech11013', '11ajeetksingh', 'dong0095', 'rachaelsia1171103108', 'moshelem', 'migf17', 'sofiacobas', 'ramonbouzon', 'stefanocasalini1979', 'g.oteromoreiraa']"
5,41,108,8,1,['john1973'],106,"['guete', 'pratt.335', 'pcwkcw81', 'danaromera', 'sankalpsingh4u', '21pn32', 'fran_gb', 'apintos2', 'bearhoon8590', 'mohammed_taha', 'josephconhale', 'miguelcou', 'vasdvasdfew', 'sergiorr15', 'saglamahmetutku', 'pedrobf9', 'mateogomezmendez', 'abhay.chopde', 'laura_pn', 'celsoaenllecurras', 'carloslamas', 'markint28', 'saducio', 'bayaraa0330', 'koltondrake', 'eheadj', 'yoolims', 'qkrrjsxor12', 'sakshijaiswal8109', 'mgfgg17', 'syerci', 'piovac', 'jmipose', 'josesp', 'elene97', 'garomo', 'shrutik', 'almalr97', 'fengweiqiezi', 'pabloperezpicos00', 'sergioyesidg', 'tulikachawla1', 'silveira', 'pancho5110', 'paulaanteloriveiro3', 'lobwedge', 'hisoo', 'daanioompi09', 'zanoni', 'lidialozano23', 'carmen20', 'a01096083057', 'matt.iqbunns', 'ojiow', 'ceciriveralamelas', 'mariaci9799', 'qzhang.phys', 'marcos.suarez.vazquez', 'parduxen', 'cvillar_', 'nmkrishna.123', '21pn02', 'luisgue99', 'aldirin1', 'leandroabuga', 'yeow0071', 'samumonin', 'nivedha07', 'jpfeser', 'inesgarciaiglesias', 'sameh_rehan', 'adrianrg4', 'rafal.lewandkow', 'jzhong2', 'mariaci99', 'dhakshana', 'cheng1105', 'tito_moares2000', 'vanesasomoza', 'pietro.capuzzo99', 'myeonu', 'altantsooj', 'javipm12', 'gabri_om6', 'saraj31', 'omargamal99', 'valverde.rivera.pablo', 'teijeiroalex', 'jose5loureiro', 'azf1181303550', 'chl53277', 'mmartinezsanchez', 'sgu20161489', 'duswn6123', 'alvaromagdalena', 'evaabalde', 'ee20btech11013', '11ajeetksingh', 'dong0095', 'rachaelsia1171103108', 'moshelem', 'migf17', 'sofiacobas', 'ramonbouzon', 'stefanocasalini1979', 'g.oteromoreiraa']",7,"['justinekylealitao', 'juleseldwinimportante', 'pattie', 'lachicaestevan23', 'kris_yah', '0jomertadena', None]",114,"['guete', 'pratt.335', 'pcwkcw81', 'danaromera', 'sankalpsingh4u', '21pn32', 'fran_gb', 'apintos2', 'bearhoon8590', 'mohammed_taha', 'josephconhale', 'miguelcou', 'vasdvasdfew', 'sergiorr15', 'saglamahmetutku', 'pedrobf9', 'mateogomezmendez', 'abhay.chopde', 'laura_pn', 'celsoaenllecurras', 'carloslamas', 'markint28', 'saducio', 'bayaraa0330', 'koltondrake', 'eheadj', 'yoolims', 'qkrrjsxor12', 'sakshijaiswal8109', 'mgfgg17', '0jomertadena', 'justinekylealitao', 'syerci', 'piovac', 'jmipose', 'josesp', 'elene97', 'garomo', 'lachicaestevan23', 'shrutik', 'almalr97', 'fengweiqiezi', 'pabloperezpicos00', 'sergioyesidg', 'tulikachawla1', 'silveira', 'pancho5110', 'paulaanteloriveiro3', 'lobwedge', 'juleseldwinimportante', 'pattie', 'hisoo', 'daanioompi09', 'zanoni', 'lidialozano23', 'carmen20', 'kris_yah', 'a01096083057', 'matt.iqbunns', 'ojiow', 'ceciriveralamelas', 'mariaci9799', 'qzhang.phys', 'marcos.suarez.vazquez', 'parduxen', 'cvillar_', 'nmkrishna.123', '21pn02', 'luisgue99', 'aldirin1', 'leandroabuga', 'yeow0071', 'samumonin', 'nivedha07', 'jpfeser', 'inesgarciaiglesias', 'sameh_rehan', 'john1973', 'adrianrg4', 'rafal.lewandkow', 'jzhong2', 'mariaci99', 'dhakshana', 'cheng1105', 'tito_moares2000', 'vanesasomoza', 'pietro.capuzzo99', 'myeonu', 'altantsooj', 'javipm12', 'gabri_om6', 'saraj31', 'omargamal99', 'valverde.rivera.pablo', 'teijeiroalex', 'jose5loureiro', 'azf1181303550', 'chl53277', 'mmartinezsanchez', 'sgu20161489', 'duswn6123', 'alvaromagdalena', 'evaabalde', None, 'ee20btech11013', '11ajeetksingh', 'dong0095', 'rachaelsia1171103108', 'moshelem', 'migf17', 'sofiacobas', 'ramonbouzon', 'stefanocasalini1979', 'g.oteromoreiraa']"
5,476,108,8,6,"['mariaci9799', 'laura_pn', 'sofiacobas', 'cheng1105', 'leandroabuga', 'ceciriveralamelas']",101,"['guete', 'pratt.335', 'pcwkcw81', 'danaromera', 'sankalpsingh4u', '21pn32', 'fran_gb', 'apintos2', 'bearhoon8590', 'mohammed_taha', 'josephconhale', 'miguelcou', 'vasdvasdfew', 'sergiorr15', 'saglamahmetutku', 'pedrobf9', 'mateogomezmendez', 'abhay.chopde', 'celsoaenllecurras', 'carloslamas', 'markint28', 'saducio', 'bayaraa0330', 'koltondrake', 'eheadj', 'yoolims', 'qkrrjsxor12', 'sakshijaiswal8109', 'mgfgg17', 'syerci', 'piovac', 'jmipose', 'josesp', 'elene97', 'garomo', 'shrutik', 'almalr97', 'fengweiqiezi', 'pabloperezpicos00', 'sergioyesidg', 'tulikachawla1', 'silveira', 'pancho5110', 'paulaanteloriveiro3', 'lobwedge', 'hisoo', 'daanioompi09', 'zanoni', 'lidialozano23', 'carmen20', 'a01096083057', 'matt.iqbunns', 'ojiow', 'qzhang.phys', 'marcos.suarez.vazquez', 'parduxen', 'cvillar_', 'nmkrishna.123', '21pn02', 'luisgue99', 'aldirin1', 'yeow0071', 'samumonin', 'nivedha07', 'jpfeser', 'inesgarciaiglesias', 'sameh_rehan', 'john1973', 'adrianrg4', 'rafal.lewandkow', 'jzhong2', 'mariaci99', 'dhakshana', 'tito_moares2000', 'vanesasomoza', 'pietro.capuzzo99', 'myeonu', 'altantsooj', 'javipm12', 'gabri_om6', 'saraj31', 'omargamal99', 'valverde.rivera.pablo', 'teijeiroalex', 'jose5loureiro', 'azf1181303550', 'chl53277', 'mmartinezsanchez', 'sgu20161489', 'duswn6123', 'alvaromagdalena', 'evaabalde', 'ee20btech11013', '11ajeetksingh', 'dong0095', 'rachaelsia1171103108', 'moshelem', 'migf17', 'ramonbouzon', 'stefanocasalini1979', 'g.oteromoreiraa']",2,"[None, 'pablobucsan']",109,"['guete', 'pratt.335', 'pcwkcw81', 'danaromera', 'sankalpsingh4u', '21pn32', 'fran_gb', 'apintos2', 'bearhoon8590', 'mohammed_taha', 'josephconhale', 'miguelcou', 'vasdvasdfew', 'sergiorr15', 'saglamahmetutku', 'pedrobf9', 'mateogomezmendez', 'abhay.chopde', 'laura_pn', 'celsoaenllecurras', 'carloslamas', 'markint28', 'saducio', 'bayaraa0330', 'koltondrake', 'eheadj', 'yoolims', 'qkrrjsxor12', 'sakshijaiswal8109', 'mgfgg17', 'syerci', 'piovac', 'jmipose', 'josesp', 'elene97', 'garomo', 'shrutik', 'almalr97', 'fengweiqiezi', 'pabloperezpicos00', 'sergioyesidg', 'tulikachawla1', 'silveira', 'pancho5110', 'paulaanteloriveiro3', 'lobwedge', 'hisoo', 'daanioompi09', 'zanoni', 'lidialozano23', 'carmen20', 'a01096083057', 'matt.iqbunns', 'ojiow', 'ceciriveralamelas', 'mariaci9799', 'pablobucsan', 'qzhang.phys', 'marcos.suarez.vazquez', 'parduxen', 'cvillar_', 'nmkrishna.123', '21pn02', 'luisgue99', 'aldirin1', 'leandroabuga', 'yeow0071', 'samumonin', 'nivedha07', 'jpfeser', 'inesgarciaiglesias', 'sameh_rehan', 'john1973', 'adrianrg4', 'rafal.lewandkow', 'jzhong2', 'mariaci99', 'dhakshana', 'cheng1105', 'tito_moares2000', 'vanesasomoza', 'pietro.capuzzo99', 'myeonu', 'altantsooj', 'javipm12', 'gabri_om6', 'saraj31', 'omargamal99', 'valverde.rivera.pablo', 'teijeiroalex', 'jose5loureiro', 'azf1181303550', 'chl53277', 'mmartinezsanchez', 'sgu20161489', 'duswn6123', 'alvaromagdalena', 'evaabalde', None, 'ee20btech11013', '11ajeetksingh', 'dong0095', 'rachaelsia1171103108', 'moshelem', 'migf17', 'sofiacobas', 'ramonbouzon', 'stefanocasalini1979', 'g.oteromoreiraa']"
5,45,108,7,4,"['dong0095', 'yeow0071', 'fengweiqiezi', 'elene97']",103,"['guete', 'pratt.335', 'pcwkcw81', 'danaromera', 'sankalpsingh4u', '21pn32', 'fran_gb', 'apintos2', 'bearhoon8590', 'mohammed_taha', 'josephconhale', 'miguelcou', 'vasdvasdfew', 'sergiorr15', 'saglamahmetutku', 'pedrobf9', 'mateogomezmendez', 'abhay.chopde', 'laura_pn', 'celsoaenllecurras', 'carloslamas', 'markint28', 'saducio', 'bayaraa0330', 'koltondrake', 'eheadj', 'yoolims', 'qkrrjsxor12', 'sakshijaiswal8109', 'mgfgg17', 'syerci', 'piovac', 'jmipose', 'josesp', 'garomo', 'shrutik', 'almalr97', 'pabloperezpicos00', 'sergioyesidg', 'tulikachawla1', 'silveira', 'pancho5110', 'paulaanteloriveiro3', 'lobwedge', 'hisoo', 'daanioompi09', 'zanoni', 'lidialozano23', 'carmen20', 'a01096083057', 'matt.iqbunns', 'ojiow', 'ceciriveralamelas', 'mariaci9799', 'qzhang.phys', 'marcos.suarez.vazquez', 'parduxen', 'cvillar_', 'nmkrishna.123', '21pn02', 'luisgue99', 'aldirin1', 'leandroabuga', 'samumonin', 'nivedha07', 'jpfeser', 'inesgarciaiglesias', 'sameh_rehan', 'john1973', 'adrianrg4', 'rafal.lewandkow', 'jzhong2', 'mariaci99', 'dhakshana', 'cheng1105', 'tito_moares2000', 'vanesasomoza', 'pietro.capuzzo99', 'myeonu', 'altantsooj', 'javipm12', 'gabri_om6', 'saraj31', 'omargamal99', 'valverde.rivera.pablo', 'teijeiroalex', 'jose5loureiro', 'azf1181303550', 'chl53277', 'mmartinezsanchez', 'sgu20161489', 'duswn6123', 'alvaromagdalena', 'evaabalde', 'ee20btech11013', '11ajeetksingh', 'rachaelsia1171103108', 'moshelem', 'migf17', 'sofiacobas', 'ramonbouzon', 'stefanocasalini1979', 'g.oteromoreiraa']",3,"['hernyi', None, 'e190082']",110,"['guete', 'pratt.335', 'pcwkcw81', 'danaromera', 'sankalpsingh4u', '21pn32', 'fran_gb', 'apintos2', 'bearhoon8590', 'mohammed_taha', 'josephconhale', 'miguelcou', 'vasdvasdfew', 'sergiorr15', 'saglamahmetutku', 'pedrobf9', 'mateogomezmendez', 'abhay.chopde', 'laura_pn', 'celsoaenllecurras', 'carloslamas', 'markint28', 'saducio', 'bayaraa0330', 'koltondrake', 'eheadj', 'yoolims', 'qkrrjsxor12', 'sakshijaiswal8109', 'mgfgg17', 'syerci', 'piovac', 'jmipose', 'josesp', 'elene97', 'garomo', 'shrutik', 'almalr97', 'fengweiqiezi', 'pabloperezpicos00', 'sergioyesidg', 'tulikachawla1', 'silveira', 'pancho5110', 'paulaanteloriveiro3', 'lobwedge', 'hisoo', 'daanioompi09', 'zanoni', 'lidialozano23', 'carmen20', 'a01096083057', 'matt.iqbunns', 'ojiow', 'ceciriveralamelas', 'mariaci9799', 'qzhang.phys', 'marcos.suarez.vazquez', 'parduxen', 'cvillar_', 'nmkrishna.123', '21pn02', 'luisgue99', 'aldirin1', 'leandroabuga', 'yeow0071', 'samumonin', 'nivedha07', 'jpfeser', 'inesgarciaiglesias', 'sameh_rehan', 'john1973', 'adrianrg4', 'rafal.lewandkow', 'jzhong2', 'mariaci99', 'e190082', 'dhakshana', 'cheng1105', 'tito_moares2000', 'vanesasomoza', 'pietro.capuzzo99', 'myeonu', 'hernyi', 'altantsooj', 'javipm12', 'gabri_om6', 'saraj31', 'omargamal99', 'valverde.rivera.pablo', 'teijeiroalex', 'jose5loureiro', 'azf1181303550', 'chl53277', 'mmartinezsanchez', 'sgu20161489', 'duswn6123', 'alvaromagdalena', 'evaabalde', None, 'ee20btech11013', '11ajeetksingh', 'dong0095', 'rachaelsia1171103108', 'moshelem', 'migf17', 'sofiacobas', 'ramonbouzon', 'stefanocasalini1979', 'g.oteromoreiraa']"
5,477,108,7,5,"['guete', 'mariaci99', 'carmen20', 'mariaci9799', 'sergiorr15']",102,"['pratt.335', 'pcwkcw81', 'danaromera', 'sankalpsingh4u', '21pn32', 'fran_gb', 'apintos2', 'bearhoon8590', 'mohammed_taha', 'josephconhale', 'miguelcou', 'vasdvasdfew', 'saglamahmetutku', 'pedrobf9', 'mateogomezmendez', 'abhay.chopde', 'laura_pn', 'celsoaenllecurras', 'carloslamas', 'markint28', 'saducio', 'bayaraa0330', 'koltondrake', 'eheadj', 'yoolims', 'qkrrjsxor12', 'sakshijaiswal8109', 'mgfgg17', 'syerci', 'piovac', 'jmipose', 'josesp', 'elene97', 'garomo', 'shrutik', 'almalr97', 'fengweiqiezi', 'pabloperezpicos00', 'sergioyesidg', 'tulikachawla1', 'silveira', 'pancho5110', 'paulaanteloriveiro3', 'lobwedge', 'hisoo', 'daanioompi09', 'zanoni', 'lidialozano23', 'a01096083057', 'matt.iqbunns', 'ojiow', 'ceciriveralamelas', 'qzhang.phys', 'marcos.suarez.vazquez', 'parduxen', 'cvillar_', 'nmkrishna.123', '21pn02', 'luisgue99', 'aldirin1', 'leandroabuga', 'yeow0071', 'samumonin', 'nivedha07', 'jpfeser', 'inesgarciaiglesias', 'sameh_rehan', 'john1973', 'adrianrg4', 'rafal.lewandkow', 'jzhong2', 'dhakshana', 'cheng1105', 'tito_moares2000', 'vanesasomoza', 'pietro.capuzzo99', 'myeonu', 'altantsooj', 'javipm12', 'gabri_om6', 'saraj31', 'omargamal99', 'valverde.rivera.pablo', 'teijeiroalex', 'jose5loureiro', 'azf1181303550', 'chl53277', 'mmartinezsanchez', 'sgu20161489', 'duswn6123', 'alvaromagdalena', 'evaabalde', 'ee20btech11013', '11ajeetksingh', 'dong0095', 'rachaelsia1171103108', 'moshelem', 'migf17', 'sofiacobas', 'ramonbouzon', 'stefanocasalini1979', 'g.oteromoreiraa']",2,"[None, 'joselovski']",109,"['guete', 'pratt.335', 'pcwkcw81', 'danaromera', 'sankalpsingh4u', '21pn32', 'fran_gb', 'apintos2', 'bearhoon8590', 'mohammed_taha', 'josephconhale', 'miguelcou', 'vasdvasdfew', 'sergiorr15', 'saglamahmetutku', 'pedrobf9', 'mateogomezmendez', 'abhay.chopde', 'laura_pn', 'celsoaenllecurras', 'carloslamas', 'markint28', 'saducio', 'bayaraa0330', 'koltondrake', 'eheadj', 'yoolims', 'qkrrjsxor12', 'sakshijaiswal8109', 'mgfgg17', 'syerci', 'piovac', 'jmipose', 'josesp', 'elene97', 'garomo', 'shrutik', 'almalr97', 'fengweiqiezi', 'pabloperezpicos00', 'sergioyesidg', 'tulikachawla1', 'silveira', 'pancho5110', 'paulaanteloriveiro3', 'lobwedge', 'hisoo', 'daanioompi09', 'zanoni', 'lidialozano23', 'carmen20', 'a01096083057', 'matt.iqbunns', 'ojiow', 'ceciriveralamelas', 'mariaci9799', 'qzhang.phys', 'marcos.suarez.vazquez', 'parduxen', 'cvillar_', 'nmkrishna.123', '21pn02', 'luisgue99', 'aldirin1', 'leandroabuga', 'yeow0071', 'samumonin', 'nivedha07', 'jpfeser', 'inesgarciaiglesias', 'sameh_rehan', 'john1973', 'adrianrg4', 'rafal.lewandkow', 'jzhong2', 'mariaci99', 'dhakshana', 'cheng1105', 'tito_moares2000', 'vanesasomoza', 'pietro.capuzzo99', 'myeonu', 'altantsooj', 'javipm12', 'gabri_om6', 'saraj31', 'omargamal99', 'valverde.rivera.pablo', 'teijeiroalex', 'jose5loureiro', 'azf1181303550', 'chl53277', 'mmartinezsanchez', 'sgu20161489', 'duswn6123', 'alvaromagdalena', 'evaabalde', None, 'ee20btech11013', '11ajeetksingh', 'dong0095', 'rachaelsia1171103108', 'moshelem', 'migf17', 'sofiacobas', 'ramonbouzon', 'stefanocasalini1979', 'g.oteromoreiraa', 'joselovski']"
6,121,98,103,97,"['skrrr', 'e.jaimebarony', 'guillermuorden', 'laurafg2011', 'jsanchezmedina', 'martaallue', 'jesusquima', 'jangel_0', 'mariaortegarivas25', 'acanort', 'jandrovm', 'arturiyoo', 'malmurenc', 'sergiolarios', 'elenamarriv', 'fcojavieralias', 'jose06sm', 'jlbarbero1', 'josemiguel', 'luciabravo.10', 'jfortagarcia', 'luishc', 'cayetano_vico', 'eloyprietopanadero', 'javier_gamero', 'jaimerbaron', 'miguelclavero', 'l3mon3', 'lugzaf', 'alejandrocomitre99', 'vitic12', 'carlosruru', '3bpilarperez', 'mbolivarpelaez', 'crisvgarcia', 'manumms', 'veluvic', 'javibravo10', 'carloos_alvaro', 'emmamoso', 'etovar98', 'beajimenezm', 'marialuisabc', 'deathclockthegreat', 'aaronbenitez2110', 'cristobalv', 'sara_mg13', 'maravillas', 'e.taladrid', 'hectorzalama', 'mariamrqz99', 'cabrerajulian', 'gemares', 'amedinarull', 'jaliriopiar', 'alejandroorozco', 'e.adrianarcexd', 'aliciamm99correougres', 'reivaj013', 'fpacheco', 'antoniodavidbastida', 'mcalatrava', 'reyesgc', 'eiglesias', 'ccasash', 'leobczz', 'arturomorenopuga', 'ricardoms', 'franfernandezdiaz99', 'clarahernandez.clase6', 'xabisinv99', 'aldana5f', 'pinchaos2000', 'jlbarbero', 'jimenezpedro', 'mariaalvarez17', 'carlosccamino', 'diegoibros', 'anamartin', 'e.jandrovm', 'gaufer', 'e.ortegarivas', 'josejavier', 'alvaroml', 'jaimerojas', 'gerardo.martin.cgr', 'luispelegrina', 'victorbr1551', 'sergiomuni0702', 'jafojov', 'joserp1406', 'jpgimenez99', 'ramonmr', 'e.fjsaez', 'andsube', 'psevilla', 'vcarran10']",0,[],6,"['fmgomez', 'adriancanellaortiz', 'danielujacc', 'pablogarra', 'elenafernandezga', None]",103,"['e.jaimebarony', 'skrrr', 'guillermuorden', 'laurafg2011', 'jsanchezmedina', 'martaallue', 'jesusquima', 'jangel_0', 'mariaortegarivas25', 'acanort', 'jandrovm', 'arturiyoo', 'malmurenc', 'sergiolarios', 'elenamarriv', 'fcojavieralias', 'jose06sm', 'jlbarbero1', 'josemiguel', 'luciabravo.10', 'jfortagarcia', 'luishc', 'cayetano_vico', 'eloyprietopanadero', 'adriancanellaortiz', 'javier_gamero', 'jaimerbaron', 'miguelclavero', 'l3mon3', 'fmgomez', 'lugzaf', 'alejandrocomitre99', 'vitic12', 'carlosruru', '3bpilarperez', 'elenafernandezga', 'mbolivarpelaez', 'crisvgarcia', 'manumms', 'veluvic', 'javibravo10', 'carloos_alvaro', 'emmamoso', 'etovar98', 'beajimenezm', 'marialuisabc', 'deathclockthegreat', 'aaronbenitez2110', 'cristobalv', 'sara_mg13', 'maravillas', 'e.taladrid', 'hectorzalama', 'mariamrqz99', 'cabrerajulian', 'gemares', 'amedinarull', 'jaliriopiar', 'alejandroorozco', 'e.adrianarcexd', 'aliciamm99correougres', 'reivaj013', 'fpacheco', 'antoniodavidbastida', 'mcalatrava', 'reyesgc', 'eiglesias', 'ccasash', 'pablogarra', 'leobczz', 'arturomorenopuga', 'franfernandezdiaz99', 'ricardoms', 'clarahernandez.clase6', 'xabisinv99', 'aldana5f', 'pinchaos2000', 'jlbarbero', 'jimenezpedro', 'mariaalvarez17', 'carlosccamino', 'diegoibros', 'anamartin', 'e.jandrovm', 'gaufer', 'e.ortegarivas', 'josejavier', 'alvaroml', 'jaimerojas', 'gerardo.martin.cgr', 'luispelegrina', 'victorbr1551', 'sergiomuni0702', 'jafojov', 'joserp1406', 'jpgimenez99', None, 'ramonmr', 'e.fjsaez', 'danielujacc', 'andsube', 'psevilla', 'vcarran10']"
7,242,86,37,25,"['mwessel', 'tdaffner', 'parey', 'bobbyliu233', 'imccrayjones', 'roemig', 'cgiese4', 'kjepson', 'aapplebee', 'cllukas', 'boulier', 'koets', 'epdavis4', 'ndcurtis', 'aaflores2', 'nliu77', 'lvucicevic35', 'mrjohnson26', 'masengale', 'bcjohnson7', 'cejohnson35', 'nsteppke', 'gtong4', 'itmiller', 'rcatton']",60,"['kpintoy1', 'dli58', 'alex.s.burger', 'aessani', 'anirudhguruvula11', 'moralist', 'yimingwang0817', 'maple12138', 'jimmyisme', 'calphon', 'anzeanpan', 'ashishsharma.physics', 'zijunzhou', 'phil5', 'simple', 'pstaszel', 'luyidi', 'pengbo', 'm.surajreddy95', 'lizidao', 'chuichung', 'hjunghyun', 'nkrienke', 'zihan666', 'emin1997', 'shassell', 'zorowangtt', 'lhrh', 'formerlydance', 'hhuo2', 'afligelman', 'sradhakrishnan1', 'jramirez3', 'sumar1', 'suniliitd14', 'wildbrain5', 'michaeltaberyhs', 'dorisdong', 'dakellyad', 'nirvana0925', 'sbalki', 'yuewu123', 'acui1', 'pppeter', 'christwt', 'qfy754875409', 'huruochen', 'banana', 'youn9', 'whn0136', 'zfh258', 'xbhd234', 'cuibeal', 'plutosra1n', 'zhangxuyi', 'lybyyzy', 'thethreeroads', 'drysdale123', 'volcazhang2001', 'mburrill']",12,"['cli653', 'ywang2283', 'mjanquart', 'asumlin', 'rjswanson', 'brlarson4', 'depoy', None, 'xliu759', 'zvolpe', 'ksprecker', 'wtbowman']",97,"['mwessel', 'alex.s.burger', 'tdaffner', 'aessani', 'anirudhguruvula11', 'parey', 'yimingwang0817', 'calphon', 'jimmyisme', 'anzeanpan', 'depoy', 'pstaszel', 'zvolpe', 'm.surajreddy95', 'bobbyliu233', 'chuichung', 'hjunghyun', 'cgiese4', 'emin1997', 'shassell', 'aapplebee', 'zorowangtt', 'boulier', 'hhuo2', 'afligelman', 'xliu759', 'sradhakrishnan1', 'epdavis4', 'ksprecker', 'ndcurtis', 'sumar1', 'suniliitd14', 'aaflores2', 'wildbrain5', 'mjanquart', 'dorisdong', 'nliu77', 'nirvana0925', 'acui1', 'christwt', 'qfy754875409', 'huruochen', 'whn0136', 'zfh258', 'xbhd234', 'cejohnson35', 'plutosra1n', 'lybyyzy', 'thethreeroads', 'nsteppke', 'itmiller', 'volcazhang2001', 'kpintoy1', 'dli58', 'maple12138', 'moralist', 'zijunzhou', 'phil5', 'asumlin', 'simple', 'ashishsharma.physics', 'brlarson4', 'luyidi', 'pengbo', 'lizidao', 'imccrayjones', 'roemig', 'nkrienke', 'zihan666', 'kjepson', 'cllukas', 'lhrh', 'formerlydance', 'koets', 'jramirez3', 'wtbowman', 'ywang2283', 'michaeltaberyhs', 'dakellyad', 'lvucicevic35', 'mrjohnson26', 'sbalki', 'yuewu123', 'pppeter', None, 'masengale', 'cli653', 'banana', 'youn9', 'bcjohnson7', 'cuibeal', 'zhangxuyi', 'rjswanson', 'drysdale123', 'gtong4', 'rcatton', 'mburrill']"
7,281,86,35,24,"['mwessel', 'tdaffner', 'parey', 'bobbyliu233', 'imccrayjones', 'roemig', 'cgiese4', 'aapplebee', 'cllukas', 'boulier', 'koets', 'epdavis4', 'ndcurtis', 'aaflores2', 'nliu77', 'lvucicevic35', 'mrjohnson26', 'masengale', 'bcjohnson7', 'cejohnson35', 'nsteppke', 'gtong4', 'itmiller', 'rcatton']",61,"['kpintoy1', 'dli58', 'alex.s.burger', 'aessani', 'anirudhguruvula11', 'moralist', 'yimingwang0817', 'maple12138', 'jimmyisme', 'calphon', 'anzeanpan', 'ashishsharma.physics', 'zijunzhou', 'phil5', 'simple', 'pstaszel', 'luyidi', 'pengbo', 'm.surajreddy95', 'lizidao', 'chuichung', 'hjunghyun', 'nkrienke', 'zihan666', 'emin1997', 'shassell', 'kjepson', 'zorowangtt', 'lhrh', 'formerlydance', 'hhuo2', 'afligelman', 'sradhakrishnan1', 'jramirez3', 'sumar1', 'suniliitd14', 'wildbrain5', 'michaeltaberyhs', 'dorisdong', 'dakellyad', 'nirvana0925', 'sbalki', 'yuewu123', 'acui1', 'pppeter', 'christwt', 'qfy754875409', 'huruochen', 'banana', 'youn9', 'whn0136', 'zfh258', 'xbhd234', 'cuibeal', 'plutosra1n', 'zhangxuyi', 'lybyyzy', 'thethreeroads', 'drysdale123', 'volcazhang2001', 'mburrill']",11,"['cli653', 'ywang2283', 'mjanquart', 'asumlin', 'rjswanson', 'depoy', None, 'xliu759', 'bafflerbach', 'zvolpe', 'ksprecker']",96,"['mwessel', 'alex.s.burger', 'tdaffner', 'aessani', 'anirudhguruvula11', 'parey', 'yimingwang0817', 'calphon', 'jimmyisme', 'anzeanpan', 'depoy', 'pstaszel', 'bafflerbach', 'zvolpe', 'm.surajreddy95', 'bobbyliu233', 'chuichung', 'hjunghyun', 'cgiese4', 'emin1997', 'shassell', 'aapplebee', 'zorowangtt', 'boulier', 'hhuo2', 'afligelman', 'xliu759', 'sradhakrishnan1', 'epdavis4', 'ksprecker', 'ndcurtis', 'sumar1', 'suniliitd14', 'aaflores2', 'wildbrain5', 'mjanquart', 'dorisdong', 'nliu77', 'nirvana0925', 'acui1', 'christwt', 'qfy754875409', 'huruochen', 'whn0136', 'zfh258', 'xbhd234', 'cejohnson35', 'plutosra1n', 'lybyyzy', 'thethreeroads', 'nsteppke', 'itmiller', 'volcazhang2001', 'kpintoy1', 'dli58', 'maple12138', 'moralist', 'zijunzhou', 'phil5', 'asumlin', 'simple', 'ashishsharma.physics', 'luyidi', 'pengbo', 'lizidao', 'imccrayjones', 'roemig', 'nkrienke', 'zihan666', 'kjepson', 'cllukas', 'lhrh', 'formerlydance', 'koets', 'jramirez3', 'ywang2283', 'michaeltaberyhs', 'dakellyad', 'lvucicevic35', 'mrjohnson26', 'sbalki', 'yuewu123', 'pppeter', None, 'masengale', 'cli653', 'banana', 'youn9', 'bcjohnson7', 'cuibeal', 'zhangxuyi', 'rjswanson', 'drysdale123', 'gtong4', 'rcatton', 'mburrill']"
7,603,86,30,18,"['huruochen', 'lizidao', 'banana', 'wildbrain5', 'maple12138', 'zihan666', 'zfh258', 'zijunzhou', 'phil5', 'dorisdong', 'plutosra1n', 'zhangxuyi', 'lhrh', 'lybyyzy', 'luyidi', 'yuewu123', 'pengbo', 'christwt']",67,"['mwessel', 'kpintoy1', 'alex.s.burger', 'dli58', 'tdaffner', 'aessani', 'anirudhguruvula11', 'moralist', 'parey', 'yimingwang0817', 'calphon', 'jimmyisme', 'anzeanpan', 'ashishsharma.physics', 'simple', 'pstaszel', 'm.surajreddy95', 'bobbyliu233', 'chuichung', 'hjunghyun', 'imccrayjones', 'roemig', 'nkrienke', 'cgiese4', 'emin1997', 'shassell', 'rcatton', 'kjepson', 'aapplebee', 'cllukas', 'zorowangtt', 'boulier', 'formerlydance', 'koets', 'hhuo2', 'afligelman', 'sradhakrishnan1', 'epdavis4', 'jramirez3', 'ndcurtis', 'sumar1', 'suniliitd14', 'aaflores2', 'michaeltaberyhs', 'dakellyad', 'nliu77', 'lvucicevic35', 'mrjohnson26', 'nirvana0925', 'sbalki', 'acui1', 'pppeter', 'masengale', 'qfy754875409', 'youn9', 'whn0136', 'bcjohnson7', 'xbhd234', 'cuibeal', 'cejohnson35', 'thethreeroads', 'drysdale123', 'gtong4', 'nsteppke', 'itmiller', 'volcazhang2001', 'mburrill']",12,"['hanjinlu010609', 'zxldragon', 'yvetteyang1031', 'xiwang', 'giuseppe..', 'fjiang', 'qq851684545', 'florence', None, 'meixinwang', 'xinwenjiang', 'summerxia']",97,"['mwessel', 'alex.s.burger', 'tdaffner', 'aessani', 'anirudhguruvula11', 'parey', 'yimingwang0817', 'calphon', 'jimmyisme', 'anzeanpan', 'pstaszel', 'florence', 'm.surajreddy95', 'bobbyliu233', 'chuichung', 'hjunghyun', 'cgiese4', 'emin1997', 'shassell', 'xiwang', 'aapplebee', 'zorowangtt', 'boulier', 'hhuo2', 'afligelman', 'sradhakrishnan1', 'epdavis4', 'meixinwang', 'ndcurtis', 'sumar1', 'suniliitd14', 'aaflores2', 'wildbrain5', 'dorisdong', 'nliu77', 'nirvana0925', 'acui1', 'christwt', 'qfy754875409', 'huruochen', 'whn0136', 'zfh258', 'xbhd234', 'cejohnson35', 'plutosra1n', 'lybyyzy', 'thethreeroads', 'nsteppke', 'itmiller', 'volcazhang2001', 'xinwenjiang', 'kpintoy1', 'dli58', 'maple12138', 'moralist', 'zijunzhou', 'phil5', 'simple', 'ashishsharma.physics', 'qq851684545', 'luyidi', 'pengbo', 'summerxia', 'hanjinlu010609', 'lizidao', 'zxldragon', 'imccrayjones', 'roemig', 'nkrienke', 'zihan666', 'kjepson', 'giuseppe..', 'cllukas', 'lhrh', 'formerlydance', 'koets', 'jramirez3', 'michaeltaberyhs', 'dakellyad', 'lvucicevic35', 'mrjohnson26', 'fjiang', 'sbalki', 'yuewu123', 'pppeter', None, 'masengale', 'banana', 'youn9', 'bcjohnson7', 'yvetteyang1031', 'cuibeal', 'zhangxuyi', 'drysdale123', 'gtong4', 'rcatton', 'mburrill']"
7,246,86,27,19,"['zijunzhou', 'pengbo', 'lizidao', 'zihan666', 'formerlydance', 'lhrh', 'wildbrain5', 'dorisdong', 'nirvana0925', 'christwt', 'huruochen', 'whn0136', 'banana', 'zfh258', 'xbhd234', 'plutosra1n', 'zhangxuyi', 'lybyyzy', 'volcazhang2001']",66,"['mwessel', 'kpintoy1', 'alex.s.burger', 'dli58', 'tdaffner', 'aessani', 'anirudhguruvula11', 'moralist', 'parey', 'yimingwang0817', 'calphon', 'jimmyisme', 'anzeanpan', 'ashishsharma.physics', 'maple12138', 'phil5', 'simple', 'pstaszel', 'luyidi', 'm.surajreddy95', 'bobbyliu233', 'chuichung', 'hjunghyun', 'imccrayjones', 'roemig', 'nkrienke', 'cgiese4', 'emin1997', 'shassell', 'kjepson', 'aapplebee', 'cllukas', 'zorowangtt', 'boulier', 'koets', 'hhuo2', 'afligelman', 'sradhakrishnan1', 'epdavis4', 'jramirez3', 'ndcurtis', 'sumar1', 'suniliitd14', 'aaflores2', 'michaeltaberyhs', 'dakellyad', 'nliu77', 'lvucicevic35', 'mrjohnson26', 'sbalki', 'yuewu123', 'acui1', 'pppeter', 'masengale', 'qfy754875409', 'youn9', 'bcjohnson7', 'cuibeal', 'cejohnson35', 'thethreeroads', 'drysdale123', 'gtong4', 'nsteppke', 'itmiller', 'rcatton', 'mburrill']",8,"['hanjinlu010609', 'yvetteyang1031', 'giuseppe..', 'fjiang', 'florence', None, 'meixinwang', 'summerxia']",93,"['mwessel', 'alex.s.burger', 'tdaffner', 'aessani', 'anirudhguruvula11', 'parey', 'yimingwang0817', 'calphon', 'jimmyisme', 'anzeanpan', 'pstaszel', 'florence', 'm.surajreddy95', 'bobbyliu233', 'chuichung', 'hjunghyun', 'cgiese4', 'emin1997', 'shassell', 'aapplebee', 'zorowangtt', 'boulier', 'hhuo2', 'afligelman', 'sradhakrishnan1', 'epdavis4', 'meixinwang', 'ndcurtis', 'sumar1', 'suniliitd14', 'aaflores2', 'wildbrain5', 'dorisdong', 'nliu77', 'nirvana0925', 'acui1', 'christwt', 'qfy754875409', 'huruochen', 'whn0136', 'zfh258', 'xbhd234', 'cejohnson35', 'plutosra1n', 'lybyyzy', 'thethreeroads', 'nsteppke', 'itmiller', 'volcazhang2001', 'kpintoy1', 'dli58', 'maple12138', 'moralist', 'zijunzhou', 'phil5', 'simple', 'ashishsharma.physics', 'luyidi', 'pengbo', 'summerxia', 'hanjinlu010609', 'lizidao', 'imccrayjones', 'roemig', 'nkrienke', 'zihan666', 'kjepson', 'giuseppe..', 'cllukas', 'lhrh', 'formerlydance', 'koets', 'jramirez3', 'michaeltaberyhs', 'dakellyad', 'lvucicevic35', 'mrjohnson26', 'fjiang', 'sbalki', 'yuewu123', 'pppeter', None, 'masengale', 'banana', 'youn9', 'bcjohnson7', 'yvetteyang1031', 'cuibeal', 'zhangxuyi', 'drysdale123', 'gtong4', 'rcatton', 'mburrill']"
7,249,86,25,15,"['whn0136', 'youn9', 'banana', 'wildbrain5', 'zihan666', 'zijunzhou', 'dorisdong', 'jimmyisme', 'plutosra1n', 'zhangxuyi', 'lybyyzy', 'yuewu123', 'pengbo', 'pppeter', 'christwt']",70,"['mwessel', 'kpintoy1', 'alex.s.burger', 'dli58', 'tdaffner', 'aessani', 'anirudhguruvula11', 'moralist', 'parey', 'yimingwang0817', 'calphon', 'anzeanpan', 'maple12138', 'ashishsharma.physics', 'phil5', 'simple', 'pstaszel', 'luyidi', 'm.surajreddy95', 'bobbyliu233', 'lizidao', 'chuichung', 'hjunghyun', 'imccrayjones', 'roemig', 'nkrienke', 'cgiese4', 'emin1997', 'shassell', 'rcatton', 'kjepson', 'aapplebee', 'cllukas', 'lhrh', 'boulier', 'zorowangtt', 'formerlydance', 'koets', 'hhuo2', 'afligelman', 'sradhakrishnan1', 'epdavis4', 'jramirez3', 'ndcurtis', 'sumar1', 'suniliitd14', 'aaflores2', 'michaeltaberyhs', 'dakellyad', 'nliu77', 'lvucicevic35', 'mrjohnson26', 'nirvana0925', 'sbalki', 'acui1', 'masengale', 'qfy754875409', 'huruochen', 'bcjohnson7', 'zfh258', 'xbhd234', 'cuibeal', 'cejohnson35', 'thethreeroads', 'drysdale123', 'gtong4', 'nsteppke', 'itmiller', 'volcazhang2001', 'mburrill']",10,"['hanjinlu010609', 'yvetteyang1031', 'comrade2056', 'giuseppe..', 'fjiang', 'qq851684545', 'florence', 'husky', None, 'meixinwang']",95,"['mwessel', 'alex.s.burger', 'tdaffner', 'aessani', 'anirudhguruvula11', 'parey', 'yimingwang0817', 'calphon', 'jimmyisme', 'anzeanpan', 'pstaszel', 'florence', 'm.surajreddy95', 'bobbyliu233', 'chuichung', 'hjunghyun', 'cgiese4', 'emin1997', 'shassell', 'aapplebee', 'zorowangtt', 'boulier', 'hhuo2', 'afligelman', 'sradhakrishnan1', 'epdavis4', 'meixinwang', 'ndcurtis', 'sumar1', 'suniliitd14', 'aaflores2', 'wildbrain5', 'dorisdong', 'nliu77', 'nirvana0925', 'acui1', 'christwt', 'qfy754875409', 'huruochen', 'whn0136', 'zfh258', 'xbhd234', 'cejohnson35', 'plutosra1n', 'lybyyzy', 'thethreeroads', 'nsteppke', 'husky', 'itmiller', 'volcazhang2001', 'kpintoy1', 'dli58', 'maple12138', 'moralist', 'zijunzhou', 'phil5', 'simple', 'ashishsharma.physics', 'qq851684545', 'luyidi', 'pengbo', 'hanjinlu010609', 'lizidao', 'imccrayjones', 'roemig', 'nkrienke', 'zihan666', 'comrade2056', 'kjepson', 'giuseppe..', 'cllukas', 'lhrh', 'formerlydance', 'koets', 'jramirez3', 'michaeltaberyhs', 'dakellyad', 'lvucicevic35', 'mrjohnson26', 'fjiang', 'sbalki', 'yuewu123', 'pppeter', None, 'masengale', 'banana', 'youn9', 'bcjohnson7', 'yvetteyang1031', 'cuibeal', 'zhangxuyi', 'drysdale123', 'gtong4', 'rcatton', 'mburrill']"
7,602,86,24,14,"['huruochen', 'lizidao', 'banana', 'wildbrain5', 'zihan666', 'yimingwang0817', 'zijunzhou', 'dorisdong', 'simple', 'zhangxuyi', 'lybyyzy', 'yuewu123', 'pengbo', 'christwt']",71,"['mwessel', 'kpintoy1', 'alex.s.burger', 'dli58', 'tdaffner', 'aessani', 'anirudhguruvula11', 'moralist', 'parey', 'maple12138', 'calphon', 'jimmyisme', 'anzeanpan', 'ashishsharma.physics', 'phil5', 'pstaszel', 'luyidi', 'm.surajreddy95', 'bobbyliu233', 'chuichung', 'hjunghyun', 'imccrayjones', 'roemig', 'nkrienke', 'cgiese4', 'emin1997', 'shassell', 'rcatton', 'kjepson', 'aapplebee', 'cllukas', 'lhrh', 'boulier', 'zorowangtt', 'formerlydance', 'koets', 'hhuo2', 'afligelman', 'sradhakrishnan1', 'epdavis4', 'jramirez3', 'ndcurtis', 'sumar1', 'suniliitd14', 'aaflores2', 'michaeltaberyhs', 'dakellyad', 'nliu77', 'lvucicevic35', 'mrjohnson26', 'nirvana0925', 'sbalki', 'acui1', 'pppeter', 'masengale', 'qfy754875409', 'youn9', 'whn0136', 'bcjohnson7', 'zfh258', 'xbhd234', 'cuibeal', 'cejohnson35', 'plutosra1n', 'thethreeroads', 'drysdale123', 'gtong4', 'nsteppke', 'itmiller', 'volcazhang2001', 'mburrill']",10,"['hanjinlu010609', 'zxldragon', 'yvetteyang1031', 'giuseppe..', 'fjiang', 'qq851684545', 'florence', 'youn99', None, 'meixinwang']",95,"['mwessel', 'alex.s.burger', 'tdaffner', 'aessani', 'anirudhguruvula11', 'parey', 'yimingwang0817', 'calphon', 'jimmyisme', 'anzeanpan', 'pstaszel', 'florence', 'm.surajreddy95', 'bobbyliu233', 'chuichung', 'hjunghyun', 'cgiese4', 'emin1997', 'shassell', 'aapplebee', 'zorowangtt', 'boulier', 'hhuo2', 'afligelman', 'sradhakrishnan1', 'epdavis4', 'meixinwang', 'ndcurtis', 'sumar1', 'suniliitd14', 'aaflores2', 'wildbrain5', 'dorisdong', 'nliu77', 'nirvana0925', 'acui1', 'youn99', 'christwt', 'qfy754875409', 'huruochen', 'whn0136', 'zfh258', 'xbhd234', 'cejohnson35', 'plutosra1n', 'lybyyzy', 'thethreeroads', 'nsteppke', 'itmiller', 'volcazhang2001', 'kpintoy1', 'dli58', 'maple12138', 'moralist', 'zijunzhou', 'phil5', 'simple', 'ashishsharma.physics', 'qq851684545', 'luyidi', 'pengbo', 'hanjinlu010609', 'lizidao', 'zxldragon', 'imccrayjones', 'roemig', 'nkrienke', 'zihan666', 'kjepson', 'giuseppe..', 'cllukas', 'lhrh', 'formerlydance', 'koets', 'jramirez3', 'michaeltaberyhs', 'dakellyad', 'lvucicevic35', 'mrjohnson26', 'fjiang', 'sbalki', 'yuewu123', 'pppeter', None, 'masengale', 'banana', 'youn9', 'bcjohnson7', 'yvetteyang1031', 'cuibeal', 'zhangxuyi', 'drysdale123', 'gtong4', 'rcatton', 'mburrill']"
7,247,86,23,15,"['huruochen', 'banana', 'wildbrain5', 'zihan666', 'zfh258', 'xbhd234', 'zijunzhou', 'phil5', 'dorisdong', 'zhangxuyi', 'plutosra1n', 'lybyyzy', 'yuewu123', 'pengbo', 'christwt']",70,"['mwessel', 'kpintoy1', 'alex.s.burger', 'dli58', 'tdaffner', 'aessani', 'anirudhguruvula11', 'moralist', 'parey', 'yimingwang0817', 'calphon', 'jimmyisme', 'anzeanpan', 'ashishsharma.physics', 'maple12138', 'simple', 'pstaszel', 'luyidi', 'm.surajreddy95', 'bobbyliu233', 'lizidao', 'chuichung', 'hjunghyun', 'imccrayjones', 'roemig', 'nkrienke', 'cgiese4', 'emin1997', 'shassell', 'rcatton', 'kjepson', 'aapplebee', 'cllukas', 'lhrh', 'boulier', 'zorowangtt', 'formerlydance', 'koets', 'hhuo2', 'afligelman', 'sradhakrishnan1', 'epdavis4', 'jramirez3', 'ndcurtis', 'sumar1', 'suniliitd14', 'aaflores2', 'michaeltaberyhs', 'dakellyad', 'nliu77', 'lvucicevic35', 'mrjohnson26', 'nirvana0925', 'sbalki', 'acui1', 'pppeter', 'masengale', 'qfy754875409', 'youn9', 'whn0136', 'bcjohnson7', 'cuibeal', 'cejohnson35', 'thethreeroads', 'drysdale123', 'gtong4', 'nsteppke', 'itmiller', 'volcazhang2001', 'mburrill']",8,"['hanjinlu010609', 'yvetteyang1031', 'fjiang', 'qq851684545', 'florence', None, 'meixinwang', 'summerxia']",93,"['mwessel', 'alex.s.burger', 'tdaffner', 'aessani', 'anirudhguruvula11', 'parey', 'yimingwang0817', 'calphon', 'jimmyisme', 'anzeanpan', 'pstaszel', 'florence', 'm.surajreddy95', 'bobbyliu233', 'chuichung', 'hjunghyun', 'cgiese4', 'emin1997', 'shassell', 'aapplebee', 'zorowangtt', 'boulier', 'hhuo2', 'afligelman', 'sradhakrishnan1', 'epdavis4', 'meixinwang', 'ndcurtis', 'sumar1', 'suniliitd14', 'aaflores2', 'wildbrain5', 'dorisdong', 'nliu77', 'nirvana0925', 'acui1', 'christwt', 'qfy754875409', 'huruochen', 'whn0136', 'zfh258', 'xbhd234', 'cejohnson35', 'plutosra1n', 'lybyyzy', 'thethreeroads', 'nsteppke', 'itmiller', 'volcazhang2001', 'kpintoy1', 'dli58', 'maple12138', 'moralist', 'zijunzhou', 'phil5', 'simple', 'ashishsharma.physics', 'qq851684545', 'luyidi', 'pengbo', 'summerxia', 'hanjinlu010609', 'lizidao', 'imccrayjones', 'roemig', 'nkrienke', 'zihan666', 'kjepson', 'cllukas', 'lhrh', 'formerlydance', 'koets', 'jramirez3', 'michaeltaberyhs', 'dakellyad', 'lvucicevic35', 'mrjohnson26', 'fjiang', 'sbalki', 'yuewu123', 'pppeter', None, 'masengale', 'banana', 'youn9', 'bcjohnson7', 'yvetteyang1031', 'cuibeal', 'zhangxuyi', 'drysdale123', 'gtong4', 'rcatton', 'mburrill']"
7,243,86,18,16,"['kpintoy1', 'sumar1', 'dli58', 'hjunghyun', 'aessani', 'emin1997', 'moralist', 'shassell', 'afligelman', 'pstaszel', 'hhuo2', 'sbalki', 'acui1', 'sradhakrishnan1', 'jramirez3', 'mburrill']",69,"['mwessel', 'alex.s.burger', 'tdaffner', 'anirudhguruvula11', 'parey', 'yimingwang0817', 'calphon', 'jimmyisme', 'anzeanpan', 'm.surajreddy95', 'bobbyliu233', 'chuichung', 'cgiese4', 'aapplebee', 'zorowangtt', 'boulier', 'epdavis4', 'ndcurtis', 'suniliitd14', 'aaflores2', 'wildbrain5', 'dorisdong', 'nliu77', 'nirvana0925', 'christwt', 'qfy754875409', 'huruochen', 'whn0136', 'zfh258', 'xbhd234', 'cejohnson35', 'plutosra1n', 'lybyyzy', 'thethreeroads', 'nsteppke', 'itmiller', 'volcazhang2001', 'maple12138', 'zijunzhou', 'phil5', 'simple', 'ashishsharma.physics', 'luyidi', 'pengbo', 'lizidao', 'imccrayjones', 'roemig', 'nkrienke', 'zihan666', 'kjepson', 'cllukas', 'lhrh', 'formerlydance', 'koets', 'michaeltaberyhs', 'dakellyad', 'lvucicevic35', 'mrjohnson26', 'yuewu123', 'pppeter', 'masengale', 'banana', 'youn9', 'bcjohnson7', 'cuibeal', 'zhangxuyi', 'drysdale123', 'gtong4', 'rcatton']",2,"[None, 'skashi18']",87,"['mwessel', 'alex.s.burger', 'tdaffner', 'aessani', 'anirudhguruvula11', 'parey', 'yimingwang0817', 'calphon', 'jimmyisme', 'anzeanpan', 'pstaszel', 'skashi18', 'm.surajreddy95', 'bobbyliu233', 'chuichung', 'hjunghyun', 'cgiese4', 'emin1997', 'shassell', 'aapplebee', 'zorowangtt', 'boulier', 'hhuo2', 'afligelman', 'sradhakrishnan1', 'epdavis4', 'ndcurtis', 'sumar1', 'suniliitd14', 'aaflores2', 'wildbrain5', 'dorisdong', 'nliu77', 'nirvana0925', 'acui1', 'christwt', 'qfy754875409', 'huruochen', 'whn0136', 'zfh258', 'xbhd234', 'cejohnson35', 'plutosra1n', 'lybyyzy', 'thethreeroads', 'nsteppke', 'itmiller', 'volcazhang2001', 'kpintoy1', 'dli58', 'maple12138', 'moralist', 'zijunzhou', 'phil5', 'simple', 'ashishsharma.physics', 'luyidi', 'pengbo', 'lizidao', 'imccrayjones', 'roemig', 'nkrienke', 'zihan666', 'kjepson', 'cllukas', 'lhrh', 'formerlydance', 'koets', 'jramirez3', 'michaeltaberyhs', 'dakellyad', 'lvucicevic35', 'mrjohnson26', 'sbalki', 'yuewu123', 'pppeter', None, 'masengale', 'banana', 'youn9', 'bcjohnson7', 'cuibeal', 'zhangxuyi', 'drysdale123', 'gtong4', 'rcatton', 'mburrill']"
7,248,86,16,14,"['kpintoy1', 'sumar1', 'dli58', 'hjunghyun', 'aessani', 'emin1997', 'afligelman', 'shassell', 'hhuo2', 'sbalki', 'acui1', 'sradhakrishnan1', 'jramirez3', 'mburrill']",71,"['mwessel', 'alex.s.burger', 'tdaffner', 'anirudhguruvula11', 'parey', 'yimingwang0817', 'calphon', 'jimmyisme', 'anzeanpan', 'pstaszel', 'm.surajreddy95', 'bobbyliu233', 'chuichung', 'cgiese4', 'aapplebee', 'zorowangtt', 'boulier', 'epdavis4', 'ndcurtis', 'suniliitd14', 'aaflores2', 'wildbrain5', 'dorisdong', 'nliu77', 'nirvana0925', 'christwt', 'qfy754875409', 'huruochen', 'whn0136', 'zfh258', 'xbhd234', 'cejohnson35', 'plutosra1n', 'lybyyzy', 'thethreeroads', 'nsteppke', 'itmiller', 'volcazhang2001', 'maple12138', 'moralist', 'zijunzhou', 'phil5', 'simple', 'ashishsharma.physics', 'luyidi', 'pengbo', 'lizidao', 'imccrayjones', 'roemig', 'nkrienke', 'zihan666', 'kjepson', 'cllukas', 'lhrh', 'formerlydance', 'koets', 'michaeltaberyhs', 'dakellyad', 'lvucicevic35', 'mrjohnson26', 'yuewu123', 'pppeter', 'masengale', 'banana', 'youn9', 'bcjohnson7', 'cuibeal', 'zhangxuyi', 'drysdale123', 'gtong4', 'rcatton']",2,"[None, 'skashi18']",87,"['mwessel', 'alex.s.burger', 'tdaffner', 'aessani', 'anirudhguruvula11', 'parey', 'yimingwang0817', 'calphon', 'jimmyisme', 'anzeanpan', 'pstaszel', 'skashi18', 'm.surajreddy95', 'bobbyliu233', 'chuichung', 'hjunghyun', 'cgiese4', 'emin1997', 'shassell', 'aapplebee', 'zorowangtt', 'boulier', 'hhuo2', 'afligelman', 'sradhakrishnan1', 'epdavis4', 'ndcurtis', 'sumar1', 'suniliitd14', 'aaflores2', 'wildbrain5', 'dorisdong', 'nliu77', 'nirvana0925', 'acui1', 'christwt', 'qfy754875409', 'huruochen', 'whn0136', 'zfh258', 'xbhd234', 'cejohnson35', 'plutosra1n', 'lybyyzy', 'thethreeroads', 'nsteppke', 'itmiller', 'volcazhang2001', 'kpintoy1', 'dli58', 'maple12138', 'moralist', 'zijunzhou', 'phil5', 'simple', 'ashishsharma.physics', 'luyidi', 'pengbo', 'lizidao', 'imccrayjones', 'roemig', 'nkrienke', 'zihan666', 'kjepson', 'cllukas', 'lhrh', 'formerlydance', 'koets', 'jramirez3', 'michaeltaberyhs', 'dakellyad', 'lvucicevic35', 'mrjohnson26', 'sbalki', 'yuewu123', 'pppeter', None, 'masengale', 'banana', 'youn9', 'bcjohnson7', 'cuibeal', 'zhangxuyi', 'drysdale123', 'gtong4', 'rcatton', 'mburrill']"
7,605,86,9,3,"['zijunzhou', 'christwt', 'plutosra1n']",82,"['mwessel', 'alex.s.burger', 'tdaffner', 'aessani', 'anirudhguruvula11', 'parey', 'yimingwang0817', 'calphon', 'jimmyisme', 'anzeanpan', 'pstaszel', 'm.surajreddy95', 'bobbyliu233', 'chuichung', 'hjunghyun', 'cgiese4', 'emin1997', 'shassell', 'aapplebee', 'zorowangtt', 'boulier', 'hhuo2', 'afligelman', 'sradhakrishnan1', 'epdavis4', 'ndcurtis', 'sumar1', 'suniliitd14', 'aaflores2', 'wildbrain5', 'dorisdong', 'nliu77', 'nirvana0925', 'acui1', 'qfy754875409', 'huruochen', 'whn0136', 'zfh258', 'xbhd234', 'cejohnson35', 'lybyyzy', 'thethreeroads', 'nsteppke', 'itmiller', 'volcazhang2001', 'kpintoy1', 'dli58', 'maple12138', 'moralist', 'phil5', 'simple', 'ashishsharma.physics', 'luyidi', 'pengbo', 'lizidao', 'imccrayjones', 'roemig', 'nkrienke', 'zihan666', 'kjepson', 'cllukas', 'lhrh', 'formerlydance', 'koets', 'jramirez3', 'michaeltaberyhs', 'dakellyad', 'lvucicevic35', 'mrjohnson26', 'sbalki', 'yuewu123', 'pppeter', 'masengale', 'banana', 'youn9', 'bcjohnson7', 'cuibeal', 'zhangxuyi', 'drysdale123', 'gtong4', 'rcatton', 'mburrill']",6,"['xiwang', 'fjiang', 'minerbanana', 'florence', None, 'xinwenjiang']",91,"['mwessel', 'alex.s.burger', 'tdaffner', 'aessani', 'anirudhguruvula11', 'parey', 'yimingwang0817', 'calphon', 'jimmyisme', 'anzeanpan', 'pstaszel', 'florence', 'm.surajreddy95', 'bobbyliu233', 'chuichung', 'hjunghyun', 'cgiese4', 'emin1997', 'shassell', 'xiwang', 'aapplebee', 'zorowangtt', 'boulier', 'hhuo2', 'afligelman', 'sradhakrishnan1', 'epdavis4', 'ndcurtis', 'sumar1', 'suniliitd14', 'aaflores2', 'wildbrain5', 'dorisdong', 'nliu77', 'nirvana0925', 'acui1', 'christwt', 'qfy754875409', 'huruochen', 'whn0136', 'zfh258', 'xbhd234', 'cejohnson35', 'plutosra1n', 'lybyyzy', 'thethreeroads', 'nsteppke', 'itmiller', 'volcazhang2001', 'xinwenjiang', 'kpintoy1', 'dli58', 'maple12138', 'moralist', 'zijunzhou', 'phil5', 'simple', 'ashishsharma.physics', 'luyidi', 'pengbo', 'lizidao', 'imccrayjones', 'roemig', 'nkrienke', 'zihan666', 'kjepson', 'cllukas', 'lhrh', 'formerlydance', 'koets', 'minerbanana', 'jramirez3', 'michaeltaberyhs', 'dakellyad', 'lvucicevic35', 'mrjohnson26', 'fjiang', 'sbalki', 'yuewu123', 'pppeter', None, 'masengale', 'banana', 'youn9', 'bcjohnson7', 'cuibeal', 'zhangxuyi', 'drysdale123', 'gtong4', 'rcatton', 'mburrill']"
7,241,86,8,4,"['alex.s.burger', 'cuibeal', 'michaeltaberyhs', 'drysdale123']",81,"['mwessel', 'tdaffner', 'aessani', 'anirudhguruvula11', 'parey', 'yimingwang0817', 'calphon', 'jimmyisme', 'anzeanpan', 'pstaszel', 'm.surajreddy95', 'bobbyliu233', 'chuichung', 'hjunghyun', 'cgiese4', 'emin1997', 'shassell', 'aapplebee', 'zorowangtt', 'boulier', 'hhuo2', 'afligelman', 'sradhakrishnan1', 'epdavis4', 'ndcurtis', 'sumar1', 'suniliitd14', 'aaflores2', 'wildbrain5', 'dorisdong', 'nliu77', 'nirvana0925', 'acui1', 'christwt', 'qfy754875409', 'huruochen', 'whn0136', 'zfh258', 'xbhd234', 'cejohnson35', 'plutosra1n', 'lybyyzy', 'thethreeroads', 'nsteppke', 'itmiller', 'volcazhang2001', 'kpintoy1', 'dli58', 'maple12138', 'moralist', 'zijunzhou', 'phil5', 'simple', 'ashishsharma.physics', 'luyidi', 'pengbo', 'lizidao', 'imccrayjones', 'roemig', 'nkrienke', 'zihan666', 'kjepson', 'cllukas', 'lhrh', 'formerlydance', 'koets', 'jramirez3', 'dakellyad', 'lvucicevic35', 'mrjohnson26', 'sbalki', 'yuewu123', 'pppeter', 'masengale', 'banana', 'youn9', 'bcjohnson7', 'zhangxuyi', 'gtong4', 'rcatton', 'mburrill']",4,"['juana1234', None, 'tangs1', 'guzmanja']",89,"['mwessel', 'alex.s.burger', 'tdaffner', 'aessani', 'anirudhguruvula11', 'parey', 'yimingwang0817', 'calphon', 'jimmyisme', 'anzeanpan', 'pstaszel', 'm.surajreddy95', 'bobbyliu233', 'chuichung', 'hjunghyun', 'cgiese4', 'emin1997', 'shassell', 'aapplebee', 'zorowangtt', 'boulier', 'hhuo2', 'juana1234', 'afligelman', 'sradhakrishnan1', 'epdavis4', 'ndcurtis', 'sumar1', 'suniliitd14', 'aaflores2', 'wildbrain5', 'dorisdong', 'nliu77', 'nirvana0925', 'acui1', 'christwt', 'qfy754875409', 'huruochen', 'whn0136', 'zfh258', 'xbhd234', 'cejohnson35', 'plutosra1n', 'lybyyzy', 'thethreeroads', 'nsteppke', 'itmiller', 'volcazhang2001', 'kpintoy1', 'dli58', 'maple12138', 'moralist', 'zijunzhou', 'phil5', 'simple', 'ashishsharma.physics', 'luyidi', 'guzmanja', 'pengbo', 'lizidao', 'imccrayjones', 'tangs1', 'roemig', 'nkrienke', 'zihan666', 'kjepson', 'cllukas', 'lhrh', 'formerlydance', 'koets', 'jramirez3', 'michaeltaberyhs', 'dakellyad', 'lvucicevic35', 'mrjohnson26', 'sbalki', 'yuewu123', 'pppeter', None, 'masengale', 'banana', 'youn9', 'bcjohnson7', 'cuibeal', 'zhangxuyi', 'drysdale123', 'gtong4', 'rcatton', 'mburrill']"
7,250,86,8,4,"['huruochen', 'phil5', 'zfh258', 'plutosra1n']",81,"['mwessel', 'alex.s.burger', 'tdaffner', 'aessani', 'anirudhguruvula11', 'parey', 'yimingwang0817', 'calphon', 'jimmyisme', 'anzeanpan', 'pstaszel', 'm.surajreddy95', 'bobbyliu233', 'chuichung', 'hjunghyun', 'cgiese4', 'emin1997', 'shassell', 'aapplebee', 'zorowangtt', 'boulier', 'hhuo2', 'afligelman', 'sradhakrishnan1', 'epdavis4', 'ndcurtis', 'sumar1', 'suniliitd14', 'aaflores2', 'wildbrain5', 'dorisdong', 'nliu77', 'nirvana0925', 'acui1', 'christwt', 'qfy754875409', 'whn0136', 'xbhd234', 'cejohnson35', 'lybyyzy', 'thethreeroads', 'nsteppke', 'itmiller', 'volcazhang2001', 'kpintoy1', 'dli58', 'maple12138', 'moralist', 'zijunzhou', 'simple', 'ashishsharma.physics', 'luyidi', 'pengbo', 'lizidao', 'imccrayjones', 'roemig', 'nkrienke', 'zihan666', 'kjepson', 'cllukas', 'lhrh', 'formerlydance', 'koets', 'jramirez3', 'michaeltaberyhs', 'dakellyad', 'lvucicevic35', 'mrjohnson26', 'sbalki', 'yuewu123', 'pppeter', 'masengale', 'banana', 'youn9', 'bcjohnson7', 'cuibeal', 'zhangxuyi', 'drysdale123', 'gtong4', 'rcatton', 'mburrill']",4,"['xinwenjiang', 'fjiang', None, 'giuseppe..']",89,"['mwessel', 'alex.s.burger', 'tdaffner', 'aessani', 'anirudhguruvula11', 'parey', 'yimingwang0817', 'calphon', 'jimmyisme', 'anzeanpan', 'pstaszel', 'm.surajreddy95', 'bobbyliu233', 'chuichung', 'hjunghyun', 'cgiese4', 'emin1997', 'shassell', 'aapplebee', 'zorowangtt', 'boulier', 'hhuo2', 'afligelman', 'sradhakrishnan1', 'epdavis4', 'ndcurtis', 'sumar1', 'suniliitd14', 'aaflores2', 'wildbrain5', 'dorisdong', 'nliu77', 'nirvana0925', 'acui1', 'christwt', 'qfy754875409', 'huruochen', 'whn0136', 'zfh258', 'xbhd234', 'cejohnson35', 'plutosra1n', 'lybyyzy', 'thethreeroads', 'nsteppke', 'itmiller', 'volcazhang2001', 'xinwenjiang', 'kpintoy1', 'dli58', 'maple12138', 'moralist', 'zijunzhou', 'phil5', 'simple', 'ashishsharma.physics', 'luyidi', 'pengbo', 'lizidao', 'imccrayjones', 'roemig', 'nkrienke', 'zihan666', 'kjepson', 'giuseppe..', 'cllukas', 'lhrh', 'formerlydance', 'koets', 'jramirez3', 'michaeltaberyhs', 'dakellyad', 'lvucicevic35', 'mrjohnson26', 'fjiang', 'sbalki', 'yuewu123', 'pppeter', None, 'masengale', 'banana', 'youn9', 'bcjohnson7', 'cuibeal', 'zhangxuyi', 'drysdale123', 'gtong4', 'rcatton', 'mburrill']"
7,239,86,7,3,"['cuibeal', 'michaeltaberyhs', 'drysdale123']",82,"['mwessel', 'alex.s.burger', 'tdaffner', 'aessani', 'anirudhguruvula11', 'parey', 'yimingwang0817', 'calphon', 'jimmyisme', 'anzeanpan', 'pstaszel', 'm.surajreddy95', 'bobbyliu233', 'chuichung', 'hjunghyun', 'cgiese4', 'emin1997', 'shassell', 'aapplebee', 'zorowangtt', 'boulier', 'hhuo2', 'afligelman', 'sradhakrishnan1', 'epdavis4', 'ndcurtis', 'sumar1', 'suniliitd14', 'aaflores2', 'wildbrain5', 'dorisdong', 'nliu77', 'nirvana0925', 'acui1', 'christwt', 'qfy754875409', 'huruochen', 'whn0136', 'zfh258', 'xbhd234', 'cejohnson35', 'plutosra1n', 'lybyyzy', 'thethreeroads', 'nsteppke', 'itmiller', 'volcazhang2001', 'kpintoy1', 'dli58', 'maple12138', 'moralist', 'zijunzhou', 'phil5', 'simple', 'ashishsharma.physics', 'luyidi', 'pengbo', 'lizidao', 'imccrayjones', 'roemig', 'nkrienke', 'zihan666', 'kjepson', 'cllukas', 'lhrh', 'formerlydance', 'koets', 'jramirez3', 'dakellyad', 'lvucicevic35', 'mrjohnson26', 'sbalki', 'yuewu123', 'pppeter', 'masengale', 'banana', 'youn9', 'bcjohnson7', 'zhangxuyi', 'gtong4', 'rcatton', 'mburrill']",4,"['juana1234', None, 'tangs1', 'guzmanja']",89,"['mwessel', 'alex.s.burger', 'tdaffner', 'aessani', 'anirudhguruvula11', 'parey', 'yimingwang0817', 'calphon', 'jimmyisme', 'anzeanpan', 'pstaszel', 'm.surajreddy95', 'bobbyliu233', 'chuichung', 'hjunghyun', 'cgiese4', 'emin1997', 'shassell', 'aapplebee', 'zorowangtt', 'boulier', 'hhuo2', 'juana1234', 'afligelman', 'sradhakrishnan1', 'epdavis4', 'ndcurtis', 'sumar1', 'suniliitd14', 'aaflores2', 'wildbrain5', 'dorisdong', 'nliu77', 'nirvana0925', 'acui1', 'christwt', 'qfy754875409', 'huruochen', 'whn0136', 'zfh258', 'xbhd234', 'cejohnson35', 'plutosra1n', 'lybyyzy', 'thethreeroads', 'nsteppke', 'itmiller', 'volcazhang2001', 'kpintoy1', 'dli58', 'maple12138', 'moralist', 'zijunzhou', 'phil5', 'simple', 'ashishsharma.physics', 'luyidi', 'guzmanja', 'pengbo', 'lizidao', 'imccrayjones', 'tangs1', 'roemig', 'nkrienke', 'zihan666', 'kjepson', 'cllukas', 'lhrh', 'formerlydance', 'koets', 'jramirez3', 'michaeltaberyhs', 'dakellyad', 'lvucicevic35', 'mrjohnson26', 'sbalki', 'yuewu123', 'pppeter', None, 'masengale', 'banana', 'youn9', 'bcjohnson7', 'cuibeal', 'zhangxuyi', 'drysdale123', 'gtong4', 'rcatton', 'mburrill']"
7,244,86,7,4,"['alex.s.burger', 'cuibeal', 'chuichung', 'drysdale123']",81,"['mwessel', 'tdaffner', 'aessani', 'anirudhguruvula11', 'parey', 'yimingwang0817', 'calphon', 'jimmyisme', 'anzeanpan', 'pstaszel', 'm.surajreddy95', 'bobbyliu233', 'hjunghyun', 'cgiese4', 'emin1997', 'shassell', 'aapplebee', 'zorowangtt', 'boulier', 'hhuo2', 'afligelman', 'sradhakrishnan1', 'epdavis4', 'ndcurtis', 'sumar1', 'suniliitd14', 'aaflores2', 'wildbrain5', 'dorisdong', 'nliu77', 'nirvana0925', 'acui1', 'christwt', 'qfy754875409', 'huruochen', 'whn0136', 'zfh258', 'xbhd234', 'cejohnson35', 'plutosra1n', 'lybyyzy', 'thethreeroads', 'nsteppke', 'itmiller', 'volcazhang2001', 'kpintoy1', 'dli58', 'maple12138', 'moralist', 'zijunzhou', 'phil5', 'simple', 'ashishsharma.physics', 'luyidi', 'pengbo', 'lizidao', 'imccrayjones', 'roemig', 'nkrienke', 'zihan666', 'kjepson', 'cllukas', 'lhrh', 'formerlydance', 'koets', 'jramirez3', 'michaeltaberyhs', 'dakellyad', 'lvucicevic35', 'mrjohnson26', 'sbalki', 'yuewu123', 'pppeter', 'masengale', 'banana', 'youn9', 'bcjohnson7', 'zhangxuyi', 'gtong4', 'rcatton', 'mburrill']",3,"[None, 'juana1234', 'guzmanja']",88,"['mwessel', 'alex.s.burger', 'tdaffner', 'aessani', 'anirudhguruvula11', 'parey', 'yimingwang0817', 'calphon', 'jimmyisme', 'anzeanpan', 'pstaszel', 'm.surajreddy95', 'bobbyliu233', 'chuichung', 'hjunghyun', 'cgiese4', 'emin1997', 'shassell', 'aapplebee', 'zorowangtt', 'boulier', 'hhuo2', 'juana1234', 'afligelman', 'sradhakrishnan1', 'epdavis4', 'ndcurtis', 'sumar1', 'suniliitd14', 'aaflores2', 'wildbrain5', 'dorisdong', 'nliu77', 'nirvana0925', 'acui1', 'christwt', 'qfy754875409', 'huruochen', 'whn0136', 'zfh258', 'xbhd234', 'cejohnson35', 'plutosra1n', 'lybyyzy', 'thethreeroads', 'nsteppke', 'itmiller', 'volcazhang2001', 'kpintoy1', 'dli58', 'maple12138', 'moralist', 'zijunzhou', 'phil5', 'simple', 'ashishsharma.physics', 'luyidi', 'guzmanja', 'pengbo', 'lizidao', 'imccrayjones', 'roemig', 'nkrienke', 'zihan666', 'kjepson', 'cllukas', 'lhrh', 'formerlydance', 'koets', 'jramirez3', 'michaeltaberyhs', 'dakellyad', 'lvucicevic35', 'mrjohnson26', 'sbalki', 'yuewu123', 'pppeter', None, 'masengale', 'banana', 'youn9', 'bcjohnson7', 'cuibeal', 'zhangxuyi', 'drysdale123', 'gtong4', 'rcatton', 'mburrill']"
7,245,86,7,6,"['alex.s.burger', 'chuichung', 'michaeltaberyhs', 'anirudhguruvula11', 'cuibeal', 'drysdale123']",79,"['mwessel', 'tdaffner', 'aessani', 'parey', 'yimingwang0817', 'calphon', 'jimmyisme', 'anzeanpan', 'pstaszel', 'm.surajreddy95', 'bobbyliu233', 'hjunghyun', 'cgiese4', 'emin1997', 'shassell', 'aapplebee', 'zorowangtt', 'boulier', 'hhuo2', 'afligelman', 'sradhakrishnan1', 'epdavis4', 'ndcurtis', 'sumar1', 'suniliitd14', 'aaflores2', 'wildbrain5', 'dorisdong', 'nliu77', 'nirvana0925', 'acui1', 'christwt', 'qfy754875409', 'huruochen', 'whn0136', 'zfh258', 'xbhd234', 'cejohnson35', 'plutosra1n', 'lybyyzy', 'thethreeroads', 'nsteppke', 'itmiller', 'volcazhang2001', 'kpintoy1', 'dli58', 'maple12138', 'moralist', 'zijunzhou', 'phil5', 'simple', 'ashishsharma.physics', 'luyidi', 'pengbo', 'lizidao', 'imccrayjones', 'roemig', 'nkrienke', 'zihan666', 'kjepson', 'cllukas', 'lhrh', 'formerlydance', 'koets', 'jramirez3', 'dakellyad', 'lvucicevic35', 'mrjohnson26', 'sbalki', 'yuewu123', 'pppeter', 'masengale', 'banana', 'youn9', 'bcjohnson7', 'zhangxuyi', 'gtong4', 'rcatton', 'mburrill']",1,[None],86,"['mwessel', 'alex.s.burger', 'tdaffner', 'aessani', 'anirudhguruvula11', 'parey', 'yimingwang0817', 'calphon', 'jimmyisme', 'anzeanpan', 'pstaszel', 'm.surajreddy95', 'bobbyliu233', 'chuichung', 'hjunghyun', 'cgiese4', 'emin1997', 'shassell', 'aapplebee', 'zorowangtt', 'boulier', 'hhuo2', 'afligelman', 'sradhakrishnan1', 'epdavis4', 'ndcurtis', 'sumar1', 'suniliitd14', 'aaflores2', 'wildbrain5', 'dorisdong', 'nliu77', 'nirvana0925', 'acui1', 'christwt', 'qfy754875409', 'huruochen', 'whn0136', 'zfh258', 'xbhd234', 'cejohnson35', 'plutosra1n', 'lybyyzy', 'thethreeroads', 'nsteppke', 'itmiller', 'volcazhang2001', 'kpintoy1', 'dli58', 'maple12138', 'moralist', 'zijunzhou', 'phil5', 'simple', 'ashishsharma.physics', 'luyidi', 'pengbo', 'lizidao', 'imccrayjones', 'roemig', 'nkrienke', 'zihan666', 'kjepson', 'cllukas', 'lhrh', 'formerlydance', 'koets', 'jramirez3', 'michaeltaberyhs', 'dakellyad', 'lvucicevic35', 'mrjohnson26', 'sbalki', 'yuewu123', 'pppeter', None, 'masengale', 'banana', 'youn9', 'bcjohnson7', 'cuibeal', 'zhangxuyi', 'drysdale123', 'gtong4', 'rcatton', 'mburrill']"
7,251,86,7,3,"['alex.s.burger', 'cuibeal', 'drysdale123']",82,"['mwessel', 'tdaffner', 'aessani', 'anirudhguruvula11', 'parey', 'yimingwang0817', 'calphon', 'jimmyisme', 'anzeanpan', 'pstaszel', 'm.surajreddy95', 'bobbyliu233', 'chuichung', 'hjunghyun', 'cgiese4', 'emin1997', 'shassell', 'aapplebee', 'zorowangtt', 'boulier', 'hhuo2', 'afligelman', 'sradhakrishnan1', 'epdavis4', 'ndcurtis', 'sumar1', 'suniliitd14', 'aaflores2', 'wildbrain5', 'dorisdong', 'nliu77', 'nirvana0925', 'acui1', 'christwt', 'qfy754875409', 'huruochen', 'whn0136', 'zfh258', 'xbhd234', 'cejohnson35', 'plutosra1n', 'lybyyzy', 'thethreeroads', 'nsteppke', 'itmiller', 'volcazhang2001', 'kpintoy1', 'dli58', 'maple12138', 'moralist', 'zijunzhou', 'phil5', 'simple', 'ashishsharma.physics', 'luyidi', 'pengbo', 'lizidao', 'imccrayjones', 'roemig', 'nkrienke', 'zihan666', 'kjepson', 'cllukas', 'lhrh', 'formerlydance', 'koets', 'jramirez3', 'michaeltaberyhs', 'dakellyad', 'lvucicevic35', 'mrjohnson26', 'sbalki', 'yuewu123', 'pppeter', 'masengale', 'banana', 'youn9', 'bcjohnson7', 'zhangxuyi', 'gtong4', 'rcatton', 'mburrill']",4,"['juana1234', None, 'tangs1', 'guzmanja']",89,"['mwessel', 'alex.s.burger', 'tdaffner', 'aessani', 'anirudhguruvula11', 'parey', 'yimingwang0817', 'calphon', 'jimmyisme', 'anzeanpan', 'pstaszel', 'm.surajreddy95', 'bobbyliu233', 'chuichung', 'hjunghyun', 'cgiese4', 'emin1997', 'shassell', 'aapplebee', 'zorowangtt', 'boulier', 'hhuo2', 'juana1234', 'afligelman', 'sradhakrishnan1', 'epdavis4', 'ndcurtis', 'sumar1', 'suniliitd14', 'aaflores2', 'wildbrain5', 'dorisdong', 'nliu77', 'nirvana0925', 'acui1', 'christwt', 'qfy754875409', 'huruochen', 'whn0136', 'zfh258', 'xbhd234', 'cejohnson35', 'plutosra1n', 'lybyyzy', 'thethreeroads', 'nsteppke', 'itmiller', 'volcazhang2001', 'kpintoy1', 'dli58', 'maple12138', 'moralist', 'zijunzhou', 'phil5', 'simple', 'ashishsharma.physics', 'luyidi', 'guzmanja', 'pengbo', 'lizidao', 'imccrayjones', 'tangs1', 'roemig', 'nkrienke', 'zihan666', 'kjepson', 'cllukas', 'lhrh', 'formerlydance', 'koets', 'jramirez3', 'michaeltaberyhs', 'dakellyad', 'lvucicevic35', 'mrjohnson26', 'sbalki', 'yuewu123', 'pppeter', None, 'masengale', 'banana', 'youn9', 'bcjohnson7', 'cuibeal', 'zhangxuyi', 'drysdale123', 'gtong4', 'rcatton', 'mburrill']"
8,314,79,65,63,"['liu2529', 'irimer', 'simpso91', 'hawki102', 'ander942', 'nmast17', 'sravya.amb', 'aadebisi', 'meyer328', 'ma612', 'nboose', 'nshewman', 'cpatchan', 'payne101', 'feltona', 'lynch127', 'winne', 'nguye561', 'lee3230', 'lehman39', 'graber13', 'wang4510', 'ldurnil', 'tsai121', 'egoodpas', 'yang1915', 'lgregora', 'daltonpolleyswims19', 'gteran', 'chen3144', 'onyou119165', 'ocbooth', 'yuan257', 'briggs33', 'zilin', 'hessong', 'chang654', 'tintinsmarty', 'acheruka', 'hamil143', 'davi1188', 'psambath', 'nguye478', 'nisaacs', 'rvaranas', 'grigsby', 'mccart96', 'kang309', 'sander3', 'jpaluru', 'massa2', 'zhou1018', 'mooreo', 'etobin', 'gangmin0211', 'valent35', 'kendria', 'probst1', 'mradowsk', 'clark578', 'franks9', 'dwaheed', 'huan1428']",15,"['duwhitt', 'samuelt', 'ckidwel', 'akasch', 'cebube', 'cstobier', 'revankar', 'ieichman', 'thomp578', 'rooney8', 'hardin26', 'swestend', 'biovino', 'apinopou', 'cook322']",2,"[None, 'nguye486']",80,"['duwhitt', 'samuelt', 'ckidwel', 'liu2529', 'simpso91', 'ander942', 'sravya.amb', 'ieichman', 'ma612', 'nshewman', 'feltona', 'wang4510', 'tsai121', 'lgregora', 'rooney8', 'daltonpolleyswims19', 'swestend', 'chen3144', 'ocbooth', 'zilin', 'davi1188', 'rvaranas', 'akasch', 'sander3', 'massa2', 'jpaluru', 'zhou1018', 'etobin', 'franks9', 'clark578', 'gteran', 'dwaheed', 'cook322', 'irimer', 'hawki102', 'nmast17', 'revankar', 'aadebisi', 'meyer328', 'nboose', 'cpatchan', 'payne101', 'lynch127', 'winne', 'nguye561', 'lee3230', 'lehman39', 'graber13', 'ldurnil', 'egoodpas', 'yang1915', 'hardin26', 'apinopou', 'onyou119165', 'yuan257', 'cebube', 'briggs33', 'nguye486', 'hessong', 'chang654', 'tintinsmarty', 'hamil143', 'acheruka', 'psambath', 'nguye478', None, 'nisaacs', 'grigsby', 'mccart96', 'kang309', 'gangmin0211', 'mooreo', 'valent35', 'kendria', 'probst1', 'mradowsk', 'thomp578', 'biovino', 'huan1428', 'cstobier']"
8,315,79,7,6,"['ckidwel', 'irimer', 'ieichman', 'thomp578', 'biovino', 'cstobier']",72,"['duwhitt', 'samuelt', 'liu2529', 'simpso91', 'ander942', 'sravya.amb', 'ma612', 'nshewman', 'feltona', 'wang4510', 'tsai121', 'lgregora', 'rooney8', 'daltonpolleyswims19', 'swestend', 'chen3144', 'ocbooth', 'zilin', 'davi1188', 'rvaranas', 'akasch', 'sander3', 'massa2', 'jpaluru', 'zhou1018', 'etobin', 'franks9', 'clark578', 'gteran', 'dwaheed', 'cook322', 'hawki102', 'nmast17', 'revankar', 'aadebisi', 'meyer328', 'nboose', 'cpatchan', 'payne101', 'lynch127', 'winne', 'nguye561', 'lee3230', 'lehman39', 'graber13', 'ldurnil', 'egoodpas', 'yang1915', 'hardin26', 'apinopou', 'onyou119165', 'yuan257', 'cebube', 'briggs33', 'hessong', 'chang654', 'tintinsmarty', 'hamil143', 'acheruka', 'psambath', 'nguye478', 'nisaacs', 'grigsby', 'mccart96', 'kang309', 'gangmin0211', 'mooreo', 'valent35', 'kendria', 'probst1', 'mradowsk', 'huan1428']",1,[None],79,"['duwhitt', 'samuelt', 'ckidwel', 'liu2529', 'simpso91', 'ander942', 'sravya.amb', 'ieichman', 'ma612', 'nshewman', 'feltona', 'wang4510', 'tsai121', 'lgregora', 'rooney8', 'daltonpolleyswims19', 'swestend', 'chen3144', 'ocbooth', 'zilin', 'davi1188', 'rvaranas', 'akasch', 'sander3', 'massa2', 'jpaluru', 'zhou1018', 'etobin', 'franks9', 'clark578', 'gteran', 'dwaheed', 'cook322', 'irimer', 'hawki102', 'nmast17', 'revankar', 'aadebisi', 'meyer328', 'nboose', 'cpatchan', 'payne101', 'lynch127', 'winne', 'nguye561', 'lee3230', 'lehman39', 'graber13', 'ldurnil', 'egoodpas', 'yang1915', 'hardin26', 'apinopou', 'onyou119165', 'yuan257', 'cebube', 'briggs33', 'hessong', 'chang654', 'tintinsmarty', 'hamil143', 'acheruka', 'psambath', 'nguye478', None, 'nisaacs', 'grigsby', 'mccart96', 'kang309', 'gangmin0211', 'mooreo', 'valent35', 'kendria', 'probst1', 'mradowsk', 'thomp578', 'biovino', 'huan1428', 'cstobier']"
9,61,76,128,1,['sunainasaini30'],74,"['bosa11353', 'sangwon72909066', 'ghjeon99', 'optimussh0809', 'kled', 'wlstn7600', 'lhy4923429', 'c27883', 'choeinho1', '2studybig', 'ilovehanbin08', 'eunse001116', 'maxwell_demon', 'ysc981226', 'jyl001130', 'hyeinpark49', 'gksakfn2814', 'kych1508', 'pee1488', 'iseul', 'zzmm1042', 'bch1014', 'pje', 'chanhwihoi', 'a72008578', 'wsj96123', 'ppooppplus33', 'rkdtjsdbr12', 'hm2918', 'clgur0226', 'julia44394439', 'varun.sirigadde', 'tiger.m', 'kowshik', 'lwj2034', 'm860721', 'resm5710', 'hjjang1998', 'leegeonmin', 'ahi', 'didtnghd6624', 'sksud0511', 'msoltani', 'jehmin19', 'hakseop1', 'wndud', 'x60211', 'qowzas', 'chomin1202', 'rhkrrjs99', 'dlalsrms5', 'yeojy1209', 'zong_po', 'kyb97899789', 'hchae31', 'cy1665', 'ohsh981223', 'jyhm12345', 'wwyhs1030', 'jeonghyeongim724', 'z1594826', 'joow0039', 'ghdrms320', 'cys99220', 'ahndasom9', 'phillihp0716', 'arpitthakur7486', 'thrhq989', 'hood9797', 'khsgn1256', 'infinite7477', 'taibari123', 'lyslys1027', 'mcj9558']",127,"['rlchykoo', 'our1109', 'mshadow990320', 'sebbie', 'cty0613', 'unikwakhj', 'snubilee1', 'dhdldkrak', 'skecprk03', 'mentaly', 'juyun39', 'ksj9802', 'nanosshhnn525', 'el0940', 'dongvin', 'chiefsuk99', 'taehan2005', 'ruddnjs3323', 'qudwns2692', 'dndudron', 'choi1023', 'nim8244', 'daeeun4531', 'sclee1002', 'jasonkimi', 'h22313902', 'nenimepic', 'anstjddns211', 'joon5159', 'soc06016', 'twotwo7768', 'snfndwl9', 'pky2237', 'cccrck', 'b815173', 'mookeemail', 'hermione369', 'sa06093', 'choejihun6785', 'ohseunghwa0802', 'sonss1998', 'hse06130', 'hkr2345', 'wkxa54', 'jiwon', 'tkwls6642', 'lpjh525', 'ols3060178', 'kimyoonchan77', 'mookeemail05', 'gric', 'shpark0923', 'potato9977', 'jea03', 'gbear7615', 'bsj99977', 'hyunseo', 'thsskawn1018', 'kky4670', 'ryumija2', 'ohsangmin', 'jimin01', 'csms987', 'kijukiju7215', 'shn0915', 'dlwjdrnr1408', 'rnjsgh0247', 'wdhdlstjd164', 'leeyuchan', 'j2218109', 'seongbin', 'jennyoo8848', 'cotmd98', 'eom5810', 'wg6076', 'thqudgns0309', 'lms', 'dydgk79', 'jiko8693', 'dao10320', 'acrylic753', 'tryitbro', 'qkrals018', 'sgu20181516', 'ybband903', 'tkddud127', 'huidonjeong', 'wodbs0117', 'b815184', 'sjssl1201', 'x007007', 'bb7235', 'goddisasterman', 'davidnoh12', 'dltjdbs3', 'haejeong', 'bb8415', 'seokyoon', 'dise8988', 'leesh941222', 'b815101', 'rktnejddjfl', 'castlecow', 'elsislove', 'did905', 'brandon5944', 'leehyukjoo', 'cindyyj0102', 'yybb_lee', 'jina', 'hanju1203', 'kmg6702', 'nam37633', 'jjs990424', 'beetle0720', 'lha17049', 'sgu20161489', 'acm990922', 'gwan00', None, 'chojunhee', 'rmsdyd7680', 'jooyn1234', '928chan928', 'kdh225', 'eb32862', 'woong']",202,"['bosa11353', 'sangwon72909066', 'ghjeon99', 'rlchykoo', 'kled', 'wlstn7600', 'our1109', 'mshadow990320', 'sebbie', 'cty0613', 'unikwakhj', 'hyeinpark49', 'snubilee1', 'dhdldkrak', 'skecprk03', 'mentaly', 'pee1488', 'pje', 'juyun39', 'ksj9802', 'nanosshhnn525', 'el0940', 'dongvin', 'chanhwihoi', 'chiefsuk99', 'taehan2005', 'ruddnjs3323', 'qudwns2692', 'dndudron', 'hjjang1998', 'choi1023', 'nim8244', 'msoltani', 'sksud0511', 'daeeun4531', 'sclee1002', 'jasonkimi', 'h22313902', 'hchae31', 'nenimepic', 'cy1665', 'anstjddns211', 'wwyhs1030', 'jeonghyeongim724', 'z1594826', 'joow0039', 'joon5159', 'soc06016', 'twotwo7768', 'thrhq989', 'hood9797', 'snfndwl9', 'pky2237', 'lyslys1027', 'cccrck', 'b815173', 'mookeemail', 'hermione369', 'sa06093', 'choejihun6785', 'choeinho1', 'ohseunghwa0802', 'sonss1998', 'eunse001116', 'ysc981226', 'hse06130', 'hkr2345', 'wkxa54', 'jiwon', 'tkwls6642', 'lpjh525', 'ols3060178', 'kimyoonchan77', 'mookeemail05', 'bch1014', 'gric', 'shpark0923', 'potato9977', 'jea03', 'gbear7615', 'ppooppplus33', 'rkdtjsdbr12', 'hm2918', 'clgur0226', 'varun.sirigadde', 'bsj99977', 'hyunseo', 'kowshik', 'thsskawn1018', 'm860721', 'leegeonmin', 'kky4670', 'jehmin19', 'hakseop1', 'wndud', 'ryumija2', 'chomin1202', 'ohsangmin', 'yeojy1209', 'jimin01', 'kyb97899789', 'csms987', 'jyhm12345', 'kijukiju7215', 'shn0915', 'dlwjdrnr1408', 'rnjsgh0247', 'phillihp0716', 'wdhdlstjd164', 'khsgn1256', 'leeyuchan', 'j2218109', 'optimussh0809', 'seongbin', 'lhy4923429', 'c27883', 'jennyoo8848', 'ilovehanbin08', 'maxwell_demon', 'jyl001130', 'cotmd98', 'eom5810', 'gksakfn2814', 'kych1508', 'wg6076', 'thqudgns0309', 'lms', 'dydgk79', 'jiko8693', 'a72008578', 'wsj96123', 'dao10320', 'acrylic753', 'tryitbro', 'lwj2034', 'resm5710', 'qkrals018', 'didtnghd6624', 'sgu20181516', 'ybband903', 'x60211', 'tkddud127', 'huidonjeong', 'dlalsrms5', 'wodbs0117', 'zong_po', 'b815184', 'sjssl1201', 'ohsh981223', 'x007007', 'bb7235', 'ahndasom9', 'arpitthakur7486', 'goddisasterman', 'infinite7477', 'taibari123', 'davidnoh12', 'mcj9558', 'dltjdbs3', 'haejeong', 'bb8415', 'seokyoon', '2studybig', 'dise8988', 'leesh941222', 'b815101', 'rktnejddjfl', 'iseul', 'zzmm1042', 'castlecow', 'elsislove', 'did905', 'brandon5944', 'leehyukjoo', 'cindyyj0102', 'julia44394439', 'tiger.m', 'yybb_lee', 'jina', 'hanju1203', 'ahi', 'kmg6702', 'nam37633', 'jjs990424', 'beetle0720', 'lha17049', 'qowzas', 'rhkrrjs99', 'sgu20161489', 'sunainasaini30', 'acm990922', 'gwan00', None, 'chojunhee', 'rmsdyd7680', 'jooyn1234', 'ghdrms320', 'cys99220', '928chan928', 'kdh225', 'eb32862', 'woong']"
9,99,76,70,66,"['bosa11353', 'sangwon72909066', 'ghjeon99', 'optimussh0809', 'kled', 'wlstn7600', 'lhy4923429', 'choeinho1', '2studybig', 'ilovehanbin08', 'eunse001116', 'ysc981226', 'jyl001130', 'hyeinpark49', 'gksakfn2814', 'kych1508', 'pee1488', 'iseul', 'zzmm1042', 'bch1014', 'pje', 'chanhwihoi', 'a72008578', 'wsj96123', 'ppooppplus33', 'rkdtjsdbr12', 'hm2918', 'clgur0226', 'julia44394439', 'tiger.m', 'lwj2034', 'resm5710', 'hjjang1998', 'ahi', 'leegeonmin', 'didtnghd6624', 'sksud0511', 'jehmin19', 'hakseop1', 'wndud', 'x60211', 'qowzas', 'chomin1202', 'rhkrrjs99', 'dlalsrms5', 'sunainasaini30', 'yeojy1209', 'kyb97899789', 'ohsh981223', 'cy1665', 'jyhm12345', 'wwyhs1030', 'jeonghyeongim724', 'z1594826', 'joow0039', 'ghdrms320', 'cys99220', 'ahndasom9', 'phillihp0716', 'thrhq989', 'hood9797', 'khsgn1256', 'infinite7477', 'taibari123', 'lyslys1027', 'mcj9558']",9,"['zong_po', 'hchae31', 'kowshik', 'm860721', 'c27883', 'msoltani', 'maxwell_demon', 'arpitthakur7486', 'varun.sirigadde']",4,"['feihoom82', None, 'leeyeonghun', 'ldh990927']",79,"['bosa11353', 'sangwon72909066', 'ghjeon99', 'optimussh0809', 'kled', 'wlstn7600', 'lhy4923429', 'c27883', 'ilovehanbin08', 'maxwell_demon', 'ldh990927', 'jyl001130', 'hyeinpark49', 'gksakfn2814', 'kych1508', 'pee1488', 'pje', 'chanhwihoi', 'a72008578', 'wsj96123', 'lwj2034', 'resm5710', 'hjjang1998', 'didtnghd6624', 'sksud0511', 'msoltani', 'x60211', 'dlalsrms5', 'zong_po', 'hchae31', 'cy1665', 'ohsh981223', 'wwyhs1030', 'jeonghyeongim724', 'z1594826', 'joow0039', 'ahndasom9', 'arpitthakur7486', 'thrhq989', 'hood9797', 'infinite7477', 'taibari123', 'lyslys1027', 'mcj9558', 'choeinho1', '2studybig', 'eunse001116', 'ysc981226', 'iseul', 'zzmm1042', 'bch1014', 'ppooppplus33', 'rkdtjsdbr12', 'hm2918', 'clgur0226', 'julia44394439', 'varun.sirigadde', 'tiger.m', 'kowshik', 'm860721', 'leegeonmin', 'ahi', 'jehmin19', 'hakseop1', 'wndud', 'qowzas', 'chomin1202', 'rhkrrjs99', 'sunainasaini30', None, 'yeojy1209', 'kyb97899789', 'jyhm12345', 'ghdrms320', 'cys99220', 'feihoom82', 'phillihp0716', 'khsgn1256', 'leeyeonghun']"
10,205,76,38,26,"['iantunesseidel', 'alexissturm', 'skashman11', 'juanecheverri', 'jacob.vetter', 'g.barnes30', 'jakegreenwell', 'hui.ouyang', 'sophiabaccari', 'aoberdorfer', 'anthony.trow', 'dtindel', 'joshua.cotton', 'naslan', 'malekshehab', 'adisaharding', 'j.sammartino', 'mgiangaspro', 'j.muldoon', 'lazaro.fuentes', 'yhrynchenko', 'bbevacquabailey', 'jacobburdick', 'sydney.sylvester', 'ryangains', 'stephenchang']",49,"['trevorsmith036', 'omkar.pansare', 'elianagosiker', 'aayushsynth', 'benjaminjones', 'seth.brown', 'pkempler', 'j.bennett1', 'pinokchy2019', 'angel7wonderzxw', 'g.cavagliano', 'abdelcabrera', 'jorgeotero', 'darius.beaty', 'jordan.driggers', 'ernestolopez', 'wilsonl1', 'k.yelvington', 'andresespinosa', 'jlavrador', 'andres.salazar', 'dylanking', 'wendystein', 'i.chung', 'ambar.aballoruiz', 'valerielewis', 'pcfens', 'lingyuqiao', 's.whitacre', 'jeslin22', 'cmbkennesaw', 'hbrujis', 'dromanchuk', 'kellypohan', 'jesusramos', 'luka.bjellos', 'roshdy.aa', 'evanpurutcuoglu', 'pordonez', 'lin.y', 'dasivann', 'a.inverardi', 'harrisp', 'g.lopez', 'adrian.gonzalezs', 'akashabir1', 'elioenaiporto', 'erikagreen', 'haris.mahmood']",12,"['tyler.vasco', 'wuy2', 'huntleymoore', 'padron.sebastian', 'coleaiken', 'ttaft', 'lmjones9', 'odorotych', 'mianarinejit', 'hipper', None, 'astridgarrido']",87,"['trevorsmith036', 'iantunesseidel', 'huntleymoore', 'padron.sebastian', 'g.barnes30', 'g.cavagliano', 'hui.ouyang', 'jorgeotero', 'sophiabaccari', 'anthony.trow', 'darius.beaty', 'wuy2', 'naslan', 'wilsonl1', 'k.yelvington', 'andresespinosa', 'andres.salazar', 'wendystein', 'malekshehab', 'i.chung', 'valerielewis', 'pcfens', 'lingyuqiao', 'j.muldoon', 'ttaft', 'lmjones9', 'lazaro.fuentes', 'cmbkennesaw', 'hbrujis', 'dromanchuk', 'kellypohan', 'jesusramos', 'luka.bjellos', 'bbevacquabailey', 'roshdy.aa', 'jacobburdick', 'lin.y', 'dasivann', 'odorotych', 'sydney.sylvester', 'g.lopez', 'mianarinejit', 'akashabir1', 'stephenchang', 'elioenaiporto', 'erikagreen', 'astridgarrido', 'omkar.pansare', 'aayushsynth', 'elianagosiker', 'benjaminjones', 'alexissturm', 'skashman11', 'seth.brown', 'pkempler', 'jacob.vetter', 'juanecheverri', 'j.bennett1', 'pinokchy2019', 'jakegreenwell', 'angel7wonderzxw', 'abdelcabrera', 'aoberdorfer', 'jordan.driggers', 'dtindel', 'ernestolopez', 'joshua.cotton', 'coleaiken', 'jlavrador', 'dylanking', 'adisaharding', 'ambar.aballoruiz', 'j.sammartino', 'mgiangaspro', 's.whitacre', 'jeslin22', 'hipper', None, 'yhrynchenko', 'evanpurutcuoglu', 'pordonez', 'tyler.vasco', 'a.inverardi', 'harrisp', 'adrian.gonzalezs', 'ryangains', 'haris.mahmood']"
10,207,76,15,11,"['omkar.pansare', 'jorgeotero', 'pordonez', 'iantunesseidel', 'a.inverardi', 'andresespinosa', 'k.yelvington', 'g.lopez', 'adrian.gonzalezs', 'kellypohan', 'luka.bjellos']",64,"['trevorsmith036', 'g.barnes30', 'g.cavagliano', 'hui.ouyang', 'sophiabaccari', 'anthony.trow', 'darius.beaty', 'naslan', 'wilsonl1', 'andres.salazar', 'wendystein', 'malekshehab', 'i.chung', 'valerielewis', 'pcfens', 'lingyuqiao', 'j.muldoon', 'lazaro.fuentes', 'cmbkennesaw', 'hbrujis', 'dromanchuk', 'jesusramos', 'bbevacquabailey', 'roshdy.aa', 'jacobburdick', 'lin.y', 'dasivann', 'sydney.sylvester', 'akashabir1', 'stephenchang', 'elioenaiporto', 'erikagreen', 'aayushsynth', 'elianagosiker', 'benjaminjones', 'alexissturm', 'skashman11', 'seth.brown', 'pkempler', 'jacob.vetter', 'juanecheverri', 'j.bennett1', 'pinokchy2019', 'jakegreenwell', 'angel7wonderzxw', 'abdelcabrera', 'aoberdorfer', 'jordan.driggers', 'dtindel', 'ernestolopez', 'joshua.cotton', 'jlavrador', 'dylanking', 'adisaharding', 'ambar.aballoruiz', 'j.sammartino', 'mgiangaspro', 's.whitacre', 'jeslin22', 'yhrynchenko', 'evanpurutcuoglu', 'harrisp', 'ryangains', 'haris.mahmood']",4,"[None, 'pnavarrete1', 'spopuri', 'ana.grisanti']",79,"['trevorsmith036', 'iantunesseidel', 'g.barnes30', 'g.cavagliano', 'hui.ouyang', 'jorgeotero', 'sophiabaccari', 'anthony.trow', 'darius.beaty', 'naslan', 'wilsonl1', 'k.yelvington', 'andresespinosa', 'andres.salazar', 'wendystein', 'malekshehab', 'i.chung', 'valerielewis', 'pcfens', 'lingyuqiao', 'j.muldoon', 'lazaro.fuentes', 'cmbkennesaw', 'hbrujis', 'dromanchuk', 'kellypohan', 'jesusramos', 'luka.bjellos', 'pnavarrete1', 'bbevacquabailey', 'roshdy.aa', 'jacobburdick', 'lin.y', 'dasivann', 'sydney.sylvester', 'g.lopez', 'akashabir1', 'stephenchang', 'elioenaiporto', 'erikagreen', 'ana.grisanti', 'omkar.pansare', 'aayushsynth', 'elianagosiker', 'benjaminjones', 'alexissturm', 'skashman11', 'seth.brown', 'pkempler', 'jacob.vetter', 'juanecheverri', 'j.bennett1', 'pinokchy2019', 'jakegreenwell', 'spopuri', 'angel7wonderzxw', 'abdelcabrera', 'aoberdorfer', 'jordan.driggers', 'dtindel', 'ernestolopez', 'joshua.cotton', 'jlavrador', 'dylanking', 'adisaharding', 'ambar.aballoruiz', 'j.sammartino', 'mgiangaspro', 's.whitacre', 'jeslin22', None, 'yhrynchenko', 'evanpurutcuoglu', 'pordonez', 'a.inverardi', 'harrisp', 'adrian.gonzalezs', 'ryangains', 'haris.mahmood']"
10,206,76,10,5,"['dylanking', 'aoberdorfer', 'darius.beaty', 'jordan.driggers', 'k.yelvington']",70,"['trevorsmith036', 'iantunesseidel', 'g.barnes30', 'g.cavagliano', 'hui.ouyang', 'jorgeotero', 'sophiabaccari', 'anthony.trow', 'naslan', 'wilsonl1', 'andresespinosa', 'andres.salazar', 'wendystein', 'malekshehab', 'i.chung', 'valerielewis', 'pcfens', 'lingyuqiao', 'j.muldoon', 'lazaro.fuentes', 'cmbkennesaw', 'hbrujis', 'dromanchuk', 'kellypohan', 'jesusramos', 'luka.bjellos', 'bbevacquabailey', 'roshdy.aa', 'jacobburdick', 'lin.y', 'dasivann', 'sydney.sylvester', 'g.lopez', 'akashabir1', 'stephenchang', 'elioenaiporto', 'erikagreen', 'omkar.pansare', 'aayushsynth', 'elianagosiker', 'benjaminjones', 'alexissturm', 'skashman11', 'seth.brown', 'pkempler', 'jacob.vetter', 'juanecheverri', 'j.bennett1', 'pinokchy2019', 'jakegreenwell', 'angel7wonderzxw', 'abdelcabrera', 'dtindel', 'ernestolopez', 'joshua.cotton', 'jlavrador', 'adisaharding', 'ambar.aballoruiz', 'j.sammartino', 'mgiangaspro', 's.whitacre', 'jeslin22', 'yhrynchenko', 'evanpurutcuoglu', 'pordonez', 'a.inverardi', 'harrisp', 'adrian.gonzalezs', 'ryangains', 'haris.mahmood']",5,"['brandon.carr', 'nkappaz', 'j.gilvary', 'cpamintuan', None]",80,"['trevorsmith036', 'iantunesseidel', 'g.barnes30', 'cpamintuan', 'g.cavagliano', 'hui.ouyang', 'jorgeotero', 'sophiabaccari', 'anthony.trow', 'darius.beaty', 'naslan', 'nkappaz', 'wilsonl1', 'k.yelvington', 'andresespinosa', 'andres.salazar', 'wendystein', 'malekshehab', 'i.chung', 'valerielewis', 'pcfens', 'lingyuqiao', 'j.muldoon', 'lazaro.fuentes', 'cmbkennesaw', 'hbrujis', 'dromanchuk', 'kellypohan', 'jesusramos', 'luka.bjellos', 'bbevacquabailey', 'roshdy.aa', 'jacobburdick', 'lin.y', 'dasivann', 'sydney.sylvester', 'g.lopez', 'akashabir1', 'stephenchang', 'elioenaiporto', 'erikagreen', 'omkar.pansare', 'aayushsynth', 'elianagosiker', 'brandon.carr', 'benjaminjones', 'alexissturm', 'skashman11', 'seth.brown', 'pkempler', 'jacob.vetter', 'juanecheverri', 'j.bennett1', 'pinokchy2019', 'jakegreenwell', 'angel7wonderzxw', 'abdelcabrera', 'aoberdorfer', 'jordan.driggers', 'dtindel', 'ernestolopez', 'joshua.cotton', 'jlavrador', 'dylanking', 'adisaharding', 'ambar.aballoruiz', 'j.sammartino', 'mgiangaspro', 's.whitacre', 'jeslin22', None, 'yhrynchenko', 'evanpurutcuoglu', 'pordonez', 'a.inverardi', 'harrisp', 'j.gilvary', 'adrian.gonzalezs', 'ryangains', 'haris.mahmood']"
10,208,76,10,4,"['g.cavagliano', 'lin.y', 'seth.brown', 'haris.mahmood']",71,"['trevorsmith036', 'iantunesseidel', 'g.barnes30', 'hui.ouyang', 'jorgeotero', 'sophiabaccari', 'anthony.trow', 'darius.beaty', 'naslan', 'wilsonl1', 'k.yelvington', 'andresespinosa', 'andres.salazar', 'wendystein', 'malekshehab', 'i.chung', 'valerielewis', 'pcfens', 'lingyuqiao', 'j.muldoon', 'lazaro.fuentes', 'cmbkennesaw', 'hbrujis', 'dromanchuk', 'kellypohan', 'jesusramos', 'luka.bjellos', 'bbevacquabailey', 'roshdy.aa', 'jacobburdick', 'dasivann', 'sydney.sylvester', 'g.lopez', 'akashabir1', 'stephenchang', 'elioenaiporto', 'erikagreen', 'omkar.pansare', 'aayushsynth', 'elianagosiker', 'benjaminjones', 'alexissturm', 'skashman11', 'pkempler', 'jacob.vetter', 'juanecheverri', 'j.bennett1', 'pinokchy2019', 'jakegreenwell', 'angel7wonderzxw', 'abdelcabrera', 'aoberdorfer', 'jordan.driggers', 'dtindel', 'ernestolopez', 'joshua.cotton', 'jlavrador', 'dylanking', 'adisaharding', 'ambar.aballoruiz', 'j.sammartino', 'mgiangaspro', 's.whitacre', 'jeslin22', 'yhrynchenko', 'evanpurutcuoglu', 'pordonez', 'a.inverardi', 'harrisp', 'adrian.gonzalezs', 'ryangains']",6,"['samuel.orozco', 'ttaft', 'emiliepursel', 'leandrosanchez', '8223freret', None]",81,"['trevorsmith036', 'iantunesseidel', 'g.barnes30', 'g.cavagliano', 'hui.ouyang', 'jorgeotero', 'sophiabaccari', 'anthony.trow', 'darius.beaty', 'naslan', 'wilsonl1', 'k.yelvington', 'andresespinosa', 'andres.salazar', 'wendystein', 'malekshehab', 'i.chung', 'valerielewis', 'pcfens', 'lingyuqiao', 'j.muldoon', 'ttaft', 'lazaro.fuentes', 'emiliepursel', 'cmbkennesaw', 'hbrujis', 'dromanchuk', 'kellypohan', 'jesusramos', 'luka.bjellos', '8223freret', 'bbevacquabailey', 'roshdy.aa', 'jacobburdick', 'lin.y', 'dasivann', 'sydney.sylvester', 'g.lopez', 'akashabir1', 'stephenchang', 'elioenaiporto', 'erikagreen', 'omkar.pansare', 'aayushsynth', 'elianagosiker', 'samuel.orozco', 'benjaminjones', 'alexissturm', 'skashman11', 'seth.brown', 'pkempler', 'jacob.vetter', 'juanecheverri', 'j.bennett1', 'pinokchy2019', 'jakegreenwell', 'angel7wonderzxw', 'abdelcabrera', 'aoberdorfer', 'jordan.driggers', 'dtindel', 'ernestolopez', 'joshua.cotton', 'jlavrador', 'dylanking', 'adisaharding', 'ambar.aballoruiz', 'j.sammartino', 'mgiangaspro', 's.whitacre', 'jeslin22', 'leandrosanchez', None, 'yhrynchenko', 'evanpurutcuoglu', 'pordonez', 'a.inverardi', 'harrisp', 'adrian.gonzalezs', 'ryangains', 'haris.mahmood']"
10,209,76,7,6,"['omkar.pansare', 'dasivann', 'k.yelvington', 'g.lopez', 'kellypohan', 'luka.bjellos']",69,"['trevorsmith036', 'iantunesseidel', 'g.barnes30', 'g.cavagliano', 'hui.ouyang', 'jorgeotero', 'sophiabaccari', 'anthony.trow', 'darius.beaty', 'naslan', 'wilsonl1', 'andresespinosa', 'andres.salazar', 'wendystein', 'malekshehab', 'i.chung', 'valerielewis', 'pcfens', 'lingyuqiao', 'j.muldoon', 'lazaro.fuentes', 'cmbkennesaw', 'hbrujis', 'dromanchuk', 'jesusramos', 'bbevacquabailey', 'roshdy.aa', 'jacobburdick', 'lin.y', 'sydney.sylvester', 'akashabir1', 'stephenchang', 'elioenaiporto', 'erikagreen', 'aayushsynth', 'elianagosiker', 'benjaminjones', 'alexissturm', 'skashman11', 'seth.brown', 'pkempler', 'jacob.vetter', 'juanecheverri', 'j.bennett1', 'pinokchy2019', 'jakegreenwell', 'angel7wonderzxw', 'abdelcabrera', 'aoberdorfer', 'jordan.driggers', 'dtindel', 'ernestolopez', 'joshua.cotton', 'jlavrador', 'dylanking', 'adisaharding', 'ambar.aballoruiz', 'j.sammartino', 'mgiangaspro', 's.whitacre', 'jeslin22', 'yhrynchenko', 'evanpurutcuoglu', 'pordonez', 'a.inverardi', 'harrisp', 'adrian.gonzalezs', 'ryangains', 'haris.mahmood']",1,[None],76,"['trevorsmith036', 'iantunesseidel', 'g.barnes30', 'g.cavagliano', 'hui.ouyang', 'jorgeotero', 'sophiabaccari', 'anthony.trow', 'darius.beaty', 'naslan', 'wilsonl1', 'k.yelvington', 'andresespinosa', 'andres.salazar', 'wendystein', 'malekshehab', 'i.chung', 'valerielewis', 'pcfens', 'lingyuqiao', 'j.muldoon', 'lazaro.fuentes', 'cmbkennesaw', 'hbrujis', 'dromanchuk', 'kellypohan', 'jesusramos', 'luka.bjellos', 'bbevacquabailey', 'roshdy.aa', 'jacobburdick', 'lin.y', 'dasivann', 'sydney.sylvester', 'g.lopez', 'akashabir1', 'stephenchang', 'elioenaiporto', 'erikagreen', 'omkar.pansare', 'aayushsynth', 'elianagosiker', 'benjaminjones', 'alexissturm', 'skashman11', 'seth.brown', 'pkempler', 'jacob.vetter', 'juanecheverri', 'j.bennett1', 'pinokchy2019', 'jakegreenwell', 'angel7wonderzxw', 'abdelcabrera', 'aoberdorfer', 'jordan.driggers', 'dtindel', 'ernestolopez', 'joshua.cotton', 'jlavrador', 'dylanking', 'adisaharding', 'ambar.aballoruiz', 'j.sammartino', 'mgiangaspro', 's.whitacre', 'jeslin22', None, 'yhrynchenko', 'evanpurutcuoglu', 'pordonez', 'a.inverardi', 'harrisp', 'adrian.gonzalezs', 'ryangains', 'haris.mahmood']"
10,211,76,6,3,"['lin.y', 'wendystein', 'haris.mahmood']",72,"['trevorsmith036', 'iantunesseidel', 'g.barnes30', 'g.cavagliano', 'hui.ouyang', 'jorgeotero', 'sophiabaccari', 'anthony.trow', 'darius.beaty', 'naslan', 'wilsonl1', 'k.yelvington', 'andresespinosa', 'andres.salazar', 'malekshehab', 'i.chung', 'valerielewis', 'pcfens', 'lingyuqiao', 'j.muldoon', 'lazaro.fuentes', 'cmbkennesaw', 'hbrujis', 'dromanchuk', 'kellypohan', 'jesusramos', 'luka.bjellos', 'bbevacquabailey', 'roshdy.aa', 'jacobburdick', 'dasivann', 'sydney.sylvester', 'g.lopez', 'akashabir1', 'stephenchang', 'elioenaiporto', 'erikagreen', 'omkar.pansare', 'aayushsynth', 'elianagosiker', 'benjaminjones', 'alexissturm', 'skashman11', 'seth.brown', 'pkempler', 'jacob.vetter', 'juanecheverri', 'j.bennett1', 'pinokchy2019', 'jakegreenwell', 'angel7wonderzxw', 'abdelcabrera', 'aoberdorfer', 'jordan.driggers', 'dtindel', 'ernestolopez', 'joshua.cotton', 'jlavrador', 'dylanking', 'adisaharding', 'ambar.aballoruiz', 'j.sammartino', 'mgiangaspro', 's.whitacre', 'jeslin22', 'yhrynchenko', 'evanpurutcuoglu', 'pordonez', 'a.inverardi', 'harrisp', 'adrian.gonzalezs', 'ryangains']",3,"['ttaft', None, 'leandrosanchez']",78,"['trevorsmith036', 'iantunesseidel', 'g.barnes30', 'g.cavagliano', 'hui.ouyang', 'jorgeotero', 'sophiabaccari', 'anthony.trow', 'darius.beaty', 'naslan', 'wilsonl1', 'k.yelvington', 'andresespinosa', 'andres.salazar', 'wendystein', 'malekshehab', 'i.chung', 'valerielewis', 'pcfens', 'lingyuqiao', 'j.muldoon', 'ttaft', 'lazaro.fuentes', 'cmbkennesaw', 'hbrujis', 'dromanchuk', 'kellypohan', 'jesusramos', 'luka.bjellos', 'bbevacquabailey', 'roshdy.aa', 'jacobburdick', 'lin.y', 'dasivann', 'sydney.sylvester', 'g.lopez', 'akashabir1', 'stephenchang', 'elioenaiporto', 'erikagreen', 'omkar.pansare', 'aayushsynth', 'elianagosiker', 'benjaminjones', 'alexissturm', 'skashman11', 'seth.brown', 'pkempler', 'jacob.vetter', 'juanecheverri', 'j.bennett1', 'pinokchy2019', 'jakegreenwell', 'angel7wonderzxw', 'abdelcabrera', 'aoberdorfer', 'jordan.driggers', 'dtindel', 'ernestolopez', 'joshua.cotton', 'jlavrador', 'dylanking', 'adisaharding', 'ambar.aballoruiz', 'j.sammartino', 'mgiangaspro', 's.whitacre', 'jeslin22', 'leandrosanchez', None, 'yhrynchenko', 'evanpurutcuoglu', 'pordonez', 'a.inverardi', 'harrisp', 'adrian.gonzalezs', 'ryangains', 'haris.mahmood']"
11,539,68,99,64,"['ajadalla', 'ganesh24', 'ebregi', 'pzellerh', 'huan1534', 'ishaanjthakur', 'chatte26', 'mathury', 'zgeorgev', 'abaccar', 'mcclur26', 'avneesh123', 'schellir', 'mnd0831', 'balaji26', 'saraswanlund', 'tvrbanci', 'hart136', 'will2060', 'jackwalsh2133', 'chris267', 'graha205', 'kmvose1', 'jasinghepraneel', 'amou', 'viswan11', 'patrickcooney17', 'jrpare', 'jasiankim8601', 'eerivona', 'hrumsey', 'yates40', 'mlollino', 'perez353', 'tneidlei', 'kapurdue20', 'perryem', 'swburkh123', 'eudell', 'tboerner', 'cdswank', 'clark765', 'evans412', 'cpamatma', 'shi522', 'conwuche', 'lee3586', 'mcatter', 'mkumnoon', 'aangolds', 'jalalfarooka', 'bmoy9000', 'msabbagh', 'mgobry', 'huan1543', 'sharm464', 'richa482', 'lin1121', 'mdemarco210', 'robbin40', 'ebalevic', 'carsonwilliams', 'ikraft', 'zrnelson']",3,"['jpwitt', 'inoren', 'rpfleder']",35,"['lee3441', 'eaaltone', 'oshindel', 'nlueck', 'cox304', 'kim2836', 'efoesch', 'piaow', 'auagashe', 'kurtz11', 'smit3776', 'wang4425', 'pbaugh', 'alecsabia', 'ndegraaf', 'vrangapr', 'rdheer', 'cchabria', 'darrenmlie', 'kim2896', 'tbagnoli', 'haejik', 'reyno169', 'nganti', 'kmccorry', None, 'bkhaller', 'marisol', 'biglera', 'beelern', 'srosoff', 'joshi146', 'achortos', 'ebarranc', 'bbutzow']",102,"['mathury', 'oshindel', 'nlueck', 'avneesh123', 'balaji26', 'tvrbanci', 'piaow', 'mlollino', 'vrangapr', 'kim2896', 'clark765', 'haejik', 'conwuche', 'nganti', 'lee3586', 'reyno169', 'bkhaller', 'mkumnoon', 'aangolds', 'huan1543', 'ikraft', 'ganesh24', 'ebregi', 'ishaanjthakur', 'cox304', 'mnd0831', 'graha205', 'kmvose1', 'kurtz11', 'jrpare', 'smit3776', 'wang4425', 'rdheer', 'perryem', 'darrenmlie', 'cpamatma', 'jalalfarooka', 'rpfleder', 'biglera', 'srosoff', 'ebalevic', 'robbin40', 'carsonwilliams', 'ebarranc', 'bbutzow', 'zrnelson', 'lee3441', 'ajadalla', 'pzellerh', 'huan1534', 'eaaltone', 'chatte26', 'abaccar', 'mcclur26', 'kim2836', 'efoesch', 'saraswanlund', 'hart136', 'will2060', 'jackwalsh2133', 'chris267', 'jasinghepraneel', 'viswan11', 'perez353', 'tneidlei', 'kapurdue20', 'tboerner', 'cdswank', 'tbagnoli', 'evans412', 'shi522', 'jpwitt', 'marisol', 'bmoy9000', 'beelern', 'joshi146', 'zgeorgev', 'schellir', 'auagashe', 'amou', 'patrickcooney17', 'jasiankim8601', 'eerivona', 'pbaugh', 'hrumsey', 'alecsabia', 'yates40', 'ndegraaf', 'swburkh123', 'eudell', 'kmccorry', None, 'mcatter', 'msabbagh', 'mgobry', 'sharm464', 'richa482', 'lin1121', 'mdemarco210', 'achortos', 'cchabria', 'inoren']"
11,538,68,24,2,"['tboerner', 'hart136']",65,"['ajadalla', 'ganesh24', 'ebregi', 'pzellerh', 'huan1534', 'ishaanjthakur', 'chatte26', 'mathury', 'zgeorgev', 'abaccar', 'mcclur26', 'avneesh123', 'schellir', 'mnd0831', 'balaji26', 'saraswanlund', 'tvrbanci', 'will2060', 'jackwalsh2133', 'chris267', 'graha205', 'kmvose1', 'jasinghepraneel', 'amou', 'viswan11', 'patrickcooney17', 'jrpare', 'jasiankim8601', 'eerivona', 'hrumsey', 'yates40', 'mlollino', 'perez353', 'tneidlei', 'kapurdue20', 'perryem', 'swburkh123', 'eudell', 'cdswank', 'clark765', 'evans412', 'cpamatma', 'shi522', 'conwuche', 'lee3586', 'mcatter', 'mkumnoon', 'jpwitt', 'aangolds', 'jalalfarooka', 'bmoy9000', 'rpfleder', 'msabbagh', 'mgobry', 'huan1543', 'sharm464', 'richa482', 'lin1121', 'mdemarco210', 'robbin40', 'ebalevic', 'carsonwilliams', 'inoren', 'ikraft', 'zrnelson']",22,"['lee3441', 'spivakm', 'mrgiglio', 'nlueck', 'kim2836', 'piaow', 'pbaugh', 'alecsabia', 'vrangapr', 'jbarsima', 'almarzoa', 'nganti', 'kmccorry', 'reyno169', None, 'marisol', 'milama', 'ramey10', 'singh606', 'joshi146', 'achortos', 'bbutzow']",89,"['lee3441', 'ajadalla', 'pzellerh', 'huan1534', 'chatte26', 'mathury', 'abaccar', 'mcclur26', 'avneesh123', 'nlueck', 'kim2836', 'balaji26', 'saraswanlund', 'tvrbanci', 'hart136', 'will2060', 'jackwalsh2133', 'piaow', 'chris267', 'jasinghepraneel', 'viswan11', 'mlollino', 'vrangapr', 'perez353', 'tneidlei', 'kapurdue20', 'jbarsima', 'tboerner', 'cdswank', 'clark765', 'evans412', 'almarzoa', 'shi522', 'conwuche', 'lee3586', 'reyno169', 'nganti', 'mkumnoon', 'jpwitt', 'aangolds', 'marisol', 'milama', 'bmoy9000', 'huan1543', 'joshi146', 'ikraft', 'zgeorgev', 'spivakm', 'ganesh24', 'ebregi', 'ishaanjthakur', 'mrgiglio', 'schellir', 'mnd0831', 'graha205', 'kmvose1', 'amou', 'patrickcooney17', 'jrpare', 'jasiankim8601', 'eerivona', 'pbaugh', 'hrumsey', 'alecsabia', 'yates40', 'perryem', 'swburkh123', 'eudell', 'cpamatma', 'kmccorry', None, 'mcatter', 'jalalfarooka', 'rpfleder', 'msabbagh', 'mgobry', 'ramey10', 'sharm464', 'richa482', 'lin1121', 'mdemarco210', 'robbin40', 'ebalevic', 'singh606', 'achortos', 'carsonwilliams', 'inoren', 'bbutzow', 'zrnelson']"
12,187,66,47,35,"['u1165725', 'u1301409', 'u1199004', 'u1296469', 'u1267306', 'u1377774', 'u1237713', 'u1243945', 'u1202047', 'u1310266', 'u0987000', 'u0763701', 'u1388855', 'blairf07', 'u1252939', 'u0848035', 'u1307643', 'u1082083', 'u1244098', 'u1258653', 'u1356604', 'u1300908', 'u1080485', 'u1333467', 'u1388116', 'u1315626', 'u1363450', 'u1317618', 'u1347846', 'u1326182', 'u1151793', 'u1376180', 'u1098999', 'u1350362', 'u1189825']",30,"['skhan36', 'wood23.jacob', 'dbullavilla', 'rafatulhaq123', 'std_23320', 'std_23404', 'gonzalezvidalca', 'mattmems', 'amirnatan', 'axm1767', 'u1020624', 'narendarkumaroad', 'yl', 'aamir.chaandyo', 'laurapedrazam123', 'dobrescuta', 'u1230449', 'std_23315', 'u0911956', 'std_23313', 'aemmert1', 'u1341912', 'kaseyq', 'jea4661', 'std_23340', 'u1166557', 'govardhan5', 'std_23342', 'elamaj103', 'yizhic']",12,"['u1301463', 'u1306914', 'u1186528', 'u1192000', 'u1276618', 'u1125575', 'u1053545', 'u1243302', 'u1298467', None, 'u1236914', 'cakeman376']",77,"['u1301409', 'u1296469', 'u1267306', 'dbullavilla', 'rafatulhaq123', 'std_23320', 'std_23404', 'u1243945', 'u1310266', 'narendarkumaroad', 'laurapedrazam123', 'u1276618', 'u1053545', 'u1252939', 'u0848035', 'u0911956', 'u1306914', 'u1258653', 'u1125575', 'u1356604', 'aemmert1', 'u1300908', 'u1341912', 'u1080485', 'jea4661', 'u1388116', 'u1315626', 'u1317618', 'govardhan5', 'u1326182', 'std_23342', 'yizhic', 'u1243302', 'cakeman376', 'u1165725', 'skhan36', 'u1199004', 'wood23.jacob', 'u1377774', 'gonzalezvidalca', 'mattmems', 'amirnatan', 'axm1767', 'u1237713', 'u1020624', 'u1202047', 'yl', 'u0987000', 'aamir.chaandyo', 'u0763701', 'u1186528', 'u1388855', 'dobrescuta', 'blairf07', 'u1230449', 'std_23315', 'u1236914', 'u1307643', 'std_23313', 'u1082083', 'u1192000', 'u1244098', 'kaseyq', None, 'std_23340', 'u1333467', 'u1301463', 'u1363450', 'u1166557', 'u1298467', 'u1347846', 'elamaj103', 'u1151793', 'u1376180', 'u1098999', 'u1350362', 'u1189825']"
12,188,66,13,1,['gonzalezvidalca'],64,"['u1301409', 'u1296469', 'u1267306', 'dbullavilla', 'rafatulhaq123', 'std_23320', 'std_23404', 'u1243945', 'u1310266', 'narendarkumaroad', 'laurapedrazam123', 'u1252939', 'u0848035', 'u0911956', 'u1258653', 'u1356604', 'aemmert1', 'u1300908', 'u1341912', 'u1080485', 'jea4661', 'u1388116', 'u1315626', 'u1317618', 'govardhan5', 'u1326182', 'std_23342', 'yizhic', 'u1165725', 'skhan36', 'u1199004', 'wood23.jacob', 'u1377774', 'mattmems', 'amirnatan', 'axm1767', 'u1237713', 'u1020624', 'u1202047', 'yl', 'u0987000', 'aamir.chaandyo', 'u0763701', 'u1388855', 'dobrescuta', 'blairf07', 'u1230449', 'std_23315', 'u1307643', 'std_23313', 'u1082083', 'u1244098', 'kaseyq', 'std_23340', 'u1333467', 'u1363450', 'u1166557', 'u1347846', 'elamaj103', 'u1151793', 'u1376180', 'u1098999', 'u1350362', 'u1189825']",12,"['fabi.green246', 'cusx6172021', 'urielvesa24', 'ahh37600', 'leonardo08san03', 'wililuna9999', 'gu5tav0amadorg0mez12', None, 'leonel.p.r03', 'recobabrayan126', 'urieltz_19', '2461852468zjdla']",77,"['u1301409', 'u1296469', 'u1267306', 'cusx6172021', 'dbullavilla', 'rafatulhaq123', 'std_23320', 'std_23404', 'u1243945', 'recobabrayan126', 'u1310266', 'narendarkumaroad', 'fabi.green246', 'urielvesa24', 'laurapedrazam123', 'u1252939', 'urieltz_19', 'u0848035', 'u0911956', 'u1258653', 'u1356604', 'aemmert1', 'u1300908', 'u1341912', 'u1080485', 'leonel.p.r03', 'jea4661', 'u1388116', 'u1315626', 'u1317618', 'govardhan5', 'u1326182', 'std_23342', 'yizhic', 'u1165725', 'skhan36', 'u1199004', 'leonardo08san03', 'wood23.jacob', 'u1377774', 'gu5tav0amadorg0mez12', 'gonzalezvidalca', 'mattmems', 'amirnatan', 'axm1767', 'u1237713', '2461852468zjdla', 'u1020624', 'u1202047', 'yl', 'u0987000', 'aamir.chaandyo', 'u0763701', 'u1388855', 'dobrescuta', 'blairf07', 'u1230449', 'std_23315', 'u1307643', 'std_23313', 'u1082083', 'u1244098', 'ahh37600', 'wililuna9999', 'kaseyq', None, 'std_23340', 'u1333467', 'u1363450', 'u1166557', 'u1347846', 'elamaj103', 'u1151793', 'u1376180', 'u1098999', 'u1350362', 'u1189825']"
12,195,66,12,2,"['dbullavilla', 'laurapedrazam123']",63,"['u1301409', 'u1296469', 'u1267306', 'rafatulhaq123', 'std_23320', 'std_23404', 'u1243945', 'u1310266', 'narendarkumaroad', 'u1252939', 'u0848035', 'u0911956', 'u1258653', 'u1356604', 'aemmert1', 'u1300908', 'u1341912', 'u1080485', 'jea4661', 'u1388116', 'u1315626', 'u1317618', 'govardhan5', 'u1326182', 'std_23342', 'yizhic', 'u1165725', 'skhan36', 'u1199004', 'wood23.jacob', 'u1377774', 'gonzalezvidalca', 'mattmems', 'amirnatan', 'axm1767', 'u1237713', 'u1020624', 'u1202047', 'yl', 'u0987000', 'aamir.chaandyo', 'u0763701', 'u1388855', 'dobrescuta', 'blairf07', 'u1230449', 'std_23315', 'u1307643', 'std_23313', 'u1082083', 'u1244098', 'kaseyq', 'std_23340', 'u1333467', 'u1363450', 'u1166557', 'u1347846', 'elamaj103', 'u1151793', 'u1376180', 'u1098999', 'u1350362', 'u1189825']",10,"['armandopapaya.45', 'leandriino06', 'pfonsecamen', 'whormazadia', 'alejandro123654', 'jeremy23mateo', 'sergio.cespedes', 'karenclavijo002', 'samirromerom47', None]",75,"['u1301409', 'armandopapaya.45', 'u1296469', 'u1267306', 'alejandro123654', 'dbullavilla', 'rafatulhaq123', 'std_23320', 'std_23404', 'u1243945', 'u1310266', 'pfonsecamen', 'narendarkumaroad', 'laurapedrazam123', 'u1252939', 'u0848035', 'u0911956', 'leandriino06', 'u1258653', 'u1356604', 'aemmert1', 'u1300908', 'u1341912', 'u1080485', 'jea4661', 'u1388116', 'u1315626', 'u1317618', 'govardhan5', 'u1326182', 'std_23342', 'yizhic', 'u1165725', 'skhan36', 'u1199004', 'whormazadia', 'wood23.jacob', 'u1377774', 'gonzalezvidalca', 'mattmems', 'amirnatan', 'axm1767', 'u1237713', 'karenclavijo002', 'u1020624', 'u1202047', 'yl', 'u0987000', 'aamir.chaandyo', 'u0763701', 'u1388855', 'sergio.cespedes', 'dobrescuta', 'blairf07', 'u1230449', 'std_23315', 'u1307643', 'std_23313', 'u1082083', 'u1244098', 'kaseyq', None, 'std_23340', 'u1333467', 'u1363450', 'u1166557', 'u1347846', 'elamaj103', 'u1151793', 'jeremy23mateo', 'u1376180', 'samirromerom47', 'u1098999', 'u1350362', 'u1189825']"
12,200,66,6,1,['rafatulhaq123'],64,"['u1301409', 'u1296469', 'u1267306', 'dbullavilla', 'std_23320', 'std_23404', 'u1243945', 'u1310266', 'narendarkumaroad', 'laurapedrazam123', 'u1252939', 'u0848035', 'u0911956', 'u1258653', 'u1356604', 'aemmert1', 'u1300908', 'u1341912', 'u1080485', 'jea4661', 'u1388116', 'u1315626', 'u1317618', 'govardhan5', 'u1326182', 'std_23342', 'yizhic', 'u1165725', 'skhan36', 'u1199004', 'wood23.jacob', 'u1377774', 'gonzalezvidalca', 'mattmems', 'amirnatan', 'axm1767', 'u1237713', 'u1020624', 'u1202047', 'yl', 'u0987000', 'aamir.chaandyo', 'u0763701', 'u1388855', 'dobrescuta', 'blairf07', 'u1230449', 'std_23315', 'u1307643', 'std_23313', 'u1082083', 'u1244098', 'kaseyq', 'std_23340', 'u1333467', 'u1363450', 'u1166557', 'u1347846', 'elamaj103', 'u1151793', 'u1376180', 'u1098999', 'u1350362', 'u1189825']",5,"['mahmodulhassan', 'himel', 'niloy2018226162', None, 'smabsar']",70,"['u1301409', 'u1296469', 'u1267306', 'dbullavilla', 'rafatulhaq123', 'std_23320', 'std_23404', 'u1243945', 'u1310266', 'narendarkumaroad', 'laurapedrazam123', 'u1252939', 'u0848035', 'u0911956', 'u1258653', 'u1356604', 'aemmert1', 'u1300908', 'u1341912', 'u1080485', 'niloy2018226162', 'jea4661', 'smabsar', 'u1388116', 'u1315626', 'u1317618', 'govardhan5', 'u1326182', 'std_23342', 'yizhic', 'u1165725', 'skhan36', 'u1199004', 'himel', 'wood23.jacob', 'u1377774', 'gonzalezvidalca', 'mattmems', 'amirnatan', 'axm1767', 'u1237713', 'u1020624', 'u1202047', 'yl', 'u0987000', 'aamir.chaandyo', 'u0763701', 'u1388855', 'dobrescuta', 'blairf07', 'u1230449', 'std_23315', 'u1307643', 'std_23313', 'u1082083', 'mahmodulhassan', 'u1244098', 'kaseyq', None, 'std_23340', 'u1333467', 'u1363450', 'u1166557', 'u1347846', 'elamaj103', 'u1151793', 'u1376180', 'u1098999', 'u1350362', 'u1189825']"
13,608,64,52,6,"['bridgettekaycee.cruz.pharma', 'roxyyy', 'jecalvarez2022', 'franzesybile99', 'raemonjames.arcinue.pharma', 'ldelacruz129']",57,"['uiyengar', 'taylott2', 'vcsmith', 'kaeleenovich', 'jmmeans', 'connermc42', 'mrkaram', 'jettmain04', 'jasonfh', 'marodri8', 'tsukumizu1', 'sunil.vbarma', 'sandeepdhakal', 'ahrens', 'maxwelqp', 'gmalubag', 'tsukumizu2', 'janl2', 'reyesj10', 'asegger', 'whao4', 'dosilla', 'satvik.gm', 'kimelizer.hipolito.pharma', 'mgasaman', 'hapathak', 'tcmorse', 'xiwang', 'jayellerose.bautista.pharma', 'tairan', 'greginat', 'haoyas4', 'saldanm4', 'minerbanana', 'rodrigofreitas', 'shaylabp', 'kbuggy', 'jannem1', 'lnobrien', 'varelaa2', 'vergara2', 'etracy', 'claudirf', 'twakuta', 'ccngo', 'janetarmenta121', 'mkrivici', 'kwandyk', 'sudajogi', 'rjtaylo1', 'nicorino23', 'hu_lirong', 'luxturna', 'sohyun929', 'sidrus', 'rychang1', 'kjgates']",46,"['jcaasi28', 'elladenese.maglaqui', 'leannenoleen', 'riyanvillanueva', 'roycemarjheane.arcigal.pharma', 'annvictoria913', 'sophiallison', 'eularussea.velasquez.pharma', 'daniellelozanes', 'ryne21', 'nicoleclarence', 'marikojoycedimasuay30612', 'j.martin', 'jhonjustin.rotulo.pharma', 'irwinrommel.vergara.pharma', 'rodrigojohn.nogoy.pharma', 'mlb1', 'reinaaramiroo', 'allien', 'angelomarquise.callanta.pharma', 'origenes', 'psychevillegas', 'kennethvictor.mamawag.pharma', 'mylesdlcrz', 'eenlim', 'pampilemon03', 'aubreyclaire.gomez.pharma', 'ncloleii', 'louierince.suyo.pharma', 'biochemistyarn', 'reyaneivy14', 'ycagallardo', 'airadacasin', 'sophiagutierrez60', 'sophiamarie.castillo.pharma', None, 'mikad98', 'fenilouizbeth.batula', 'stephenmnl', 'christinejoy.villanueva', 'algo4', 'jeongeun.ha.pharma', 'vincetyrell.yongco.pharma', 'alexandrapineda00', 'raymundsennuel.limbo', 'charlesnylxon.noriega.pharma']",109,"['jcaasi28', 'uiyengar', 'vcsmith', 'bridgettekaycee.cruz.pharma', 'taylott2', 'kaeleenovich', 'jmmeans', 'elladenese.maglaqui', 'connermc42', 'mrkaram', 'jettmain04', 'jasonfh', 'riyanvillanueva', 'marodri8', 'annvictoria913', 'eularussea.velasquez.pharma', 'sunil.vbarma', 'nicoleclarence', 'reyesj10', 'marikojoycedimasuay30612', 'asegger', 'satvik.gm', 'kimelizer.hipolito.pharma', 'irwinrommel.vergara.pharma', 'tcmorse', 'xiwang', 'mlb1', 'reinaaramiroo', 'allien', 'haoyas4', 'saldanm4', 'psychevillegas', 'kennethvictor.mamawag.pharma', 'mylesdlcrz', 'shaylabp', 'kbuggy', 'aubreyclaire.gomez.pharma', 'louierince.suyo.pharma', 'lnobrien', 'biochemistyarn', 'twakuta', 'ccngo', 'janetarmenta121', 'mkrivici', 'ycagallardo', 'ldelacruz129', 'airadacasin', 'sophiagutierrez60', 'sudajogi', 'fenilouizbeth.batula', 'stephenmnl', 'nicorino23', 'christinejoy.villanueva', 'hu_lirong', 'algo4', 'jeongeun.ha.pharma', 'rychang1', 'vincetyrell.yongco.pharma', 'raymundsennuel.limbo', 'pampilemon03', 'charlesnylxon.noriega.pharma', 'leannenoleen', 'roycemarjheane.arcigal.pharma', 'tsukumizu1', 'sophiallison', 'daniellelozanes', 'sandeepdhakal', 'franzesybile99', 'ryne21', 'maxwelqp', 'gmalubag', 'ahrens', 'tsukumizu2', 'janl2', 'j.martin', 'whao4', 'dosilla', 'roxyyy', 'jhonjustin.rotulo.pharma', 'mgasaman', 'hapathak', 'rodrigojohn.nogoy.pharma', 'jayellerose.bautista.pharma', 'tairan', 'greginat', 'origenes', 'minerbanana', 'raemonjames.arcinue.pharma', 'rodrigofreitas', 'eenlim', 'ncloleii', 'jannem1', 'reyaneivy14', 'varelaa2', 'vergara2', 'etracy', 'claudirf', 'kwandyk', 'sophiamarie.castillo.pharma', None, 'rjtaylo1', 'mikad98', 'jecalvarez2022', 'luxturna', 'sohyun929', 'sidrus', 'alexandrapineda00', 'kjgates', 'angelomarquise.callanta.pharma']"
13,604,64,41,38,"['uiyengar', 'taylott2', 'vcsmith', 'jmmeans', 'connermc42', 'mrkaram', 'jasonfh', 'tsukumizu1', 'maxwelqp', 'gmalubag', 'ahrens', 'tsukumizu2', 'reyesj10', 'janl2', 'asegger', 'whao4', 'mgasaman', 'hapathak', 'tcmorse', 'tairan', 'greginat', 'haoyas4', 'saldanm4', 'shaylabp', 'kbuggy', 'jannem1', 'lnobrien', 'varelaa2', 'vergara2', 'etracy', 'twakuta', 'ccngo', 'janetarmenta121', 'mkrivici', 'kwandyk', 'sidrus', 'rychang1', 'kjgates']",25,"['bridgettekaycee.cruz.pharma', 'kaeleenovich', 'jettmain04', 'marodri8', 'sunil.vbarma', 'sandeepdhakal', 'franzesybile99', 'dosilla', 'roxyyy', 'satvik.gm', 'kimelizer.hipolito.pharma', 'xiwang', 'jayellerose.bautista.pharma', 'minerbanana', 'raemonjames.arcinue.pharma', 'rodrigofreitas', 'claudirf', 'ldelacruz129', 'sudajogi', 'rjtaylo1', 'nicorino23', 'hu_lirong', 'jecalvarez2022', 'luxturna', 'sohyun929']",3,"['kenttn1', None, 'cgroome']",66,"['uiyengar', 'vcsmith', 'bridgettekaycee.cruz.pharma', 'taylott2', 'kaeleenovich', 'jmmeans', 'kenttn1', 'connermc42', 'mrkaram', 'jettmain04', 'jasonfh', 'marodri8', 'sunil.vbarma', 'reyesj10', 'asegger', 'satvik.gm', 'kimelizer.hipolito.pharma', 'tcmorse', 'xiwang', 'haoyas4', 'saldanm4', 'shaylabp', 'kbuggy', 'lnobrien', 'twakuta', 'ccngo', 'janetarmenta121', 'mkrivici', 'ldelacruz129', 'sudajogi', 'nicorino23', 'hu_lirong', 'rychang1', 'tsukumizu1', 'sandeepdhakal', 'franzesybile99', 'maxwelqp', 'gmalubag', 'ahrens', 'tsukumizu2', 'janl2', 'whao4', 'dosilla', 'roxyyy', 'mgasaman', 'hapathak', 'jayellerose.bautista.pharma', 'tairan', 'greginat', 'minerbanana', 'raemonjames.arcinue.pharma', 'rodrigofreitas', 'jannem1', 'varelaa2', 'vergara2', 'etracy', 'claudirf', 'kwandyk', None, 'rjtaylo1', 'jecalvarez2022', 'luxturna', 'sohyun929', 'sidrus', 'kjgates', 'cgroome']"
13,603,64,30,1,['xiwang'],62,"['uiyengar', 'bridgettekaycee.cruz.pharma', 'vcsmith', 'taylott2', 'kaeleenovich', 'jmmeans', 'connermc42', 'mrkaram', 'jettmain04', 'jasonfh', 'marodri8', 'tsukumizu1', 'sunil.vbarma', 'sandeepdhakal', 'franzesybile99', 'ahrens', 'maxwelqp', 'gmalubag', 'reyesj10', 'tsukumizu2', 'janl2', 'asegger', 'whao4', 'dosilla', 'roxyyy', 'satvik.gm', 'kimelizer.hipolito.pharma', 'mgasaman', 'hapathak', 'tcmorse', 'jayellerose.bautista.pharma', 'tairan', 'greginat', 'haoyas4', 'saldanm4', 'minerbanana', 'raemonjames.arcinue.pharma', 'rodrigofreitas', 'shaylabp', 'kbuggy', 'jannem1', 'lnobrien', 'varelaa2', 'vergara2', 'etracy', 'claudirf', 'twakuta', 'ccngo', 'janetarmenta121', 'mkrivici', 'kwandyk', 'ldelacruz129', 'sudajogi', 'rjtaylo1', 'nicorino23', 'hu_lirong', 'jecalvarez2022', 'luxturna', 'sohyun929', 'sidrus', 'rychang1', 'kjgates']",29,"['maple12138', 'zijunzhou', 'phil5', 'qq851684545', 'florence', 'luyidi', 'pengbo', 'summerxia', 'hanjinlu010609', 'lizidao', 'zxldragon', 'zihan666', 'giuseppe..', 'lhrh', 'meixinwang', 'wildbrain5', 'dorisdong', 'fjiang', 'yuewu123', None, 'christwt', 'huruochen', 'banana', 'zfh258', 'yvetteyang1031', 'plutosra1n', 'zhangxuyi', 'lybyyzy', 'xinwenjiang']",92,"['uiyengar', 'vcsmith', 'bridgettekaycee.cruz.pharma', 'taylott2', 'kaeleenovich', 'jmmeans', 'connermc42', 'mrkaram', 'jettmain04', 'jasonfh', 'marodri8', 'sunil.vbarma', 'florence', 'reyesj10', 'asegger', 'satvik.gm', 'kimelizer.hipolito.pharma', 'tcmorse', 'xiwang', 'haoyas4', 'saldanm4', 'shaylabp', 'meixinwang', 'kbuggy', 'lnobrien', 'wildbrain5', 'dorisdong', 'twakuta', 'ccngo', 'janetarmenta121', 'mkrivici', 'ldelacruz129', 'sudajogi', 'christwt', 'huruochen', 'nicorino23', 'hu_lirong', 'zfh258', 'plutosra1n', 'lybyyzy', 'rychang1', 'xinwenjiang', 'maple12138', 'zijunzhou', 'phil5', 'tsukumizu1', 'qq851684545', 'sandeepdhakal', 'franzesybile99', 'luyidi', 'maxwelqp', 'gmalubag', 'ahrens', 'tsukumizu2', 'janl2', 'pengbo', 'summerxia', 'hanjinlu010609', 'whao4', 'dosilla', 'roxyyy', 'lizidao', 'mgasaman', 'zxldragon', 'hapathak', 'zihan666', 'jayellerose.bautista.pharma', 'tairan', 'giuseppe..', 'greginat', 'lhrh', 'minerbanana', 'raemonjames.arcinue.pharma', 'rodrigofreitas', 'jannem1', 'varelaa2', 'vergara2', 'etracy', 'claudirf', 'fjiang', 'kwandyk', 'yuewu123', None, 'rjtaylo1', 'banana', 'jecalvarez2022', 'luxturna', 'yvetteyang1031', 'sohyun929', 'zhangxuyi', 'sidrus', 'kjgates']"
13,606,64,30,4,"['luxturna', 'sohyun929', 'rjtaylo1', 'haoyas4']",59,"['uiyengar', 'bridgettekaycee.cruz.pharma', 'vcsmith', 'taylott2', 'kaeleenovich', 'jmmeans', 'connermc42', 'mrkaram', 'jettmain04', 'jasonfh', 'marodri8', 'tsukumizu1', 'sunil.vbarma', 'sandeepdhakal', 'franzesybile99', 'ahrens', 'maxwelqp', 'gmalubag', 'reyesj10', 'tsukumizu2', 'janl2', 'asegger', 'whao4', 'dosilla', 'roxyyy', 'satvik.gm', 'kimelizer.hipolito.pharma', 'mgasaman', 'hapathak', 'tcmorse', 'xiwang', 'jayellerose.bautista.pharma', 'tairan', 'greginat', 'saldanm4', 'minerbanana', 'raemonjames.arcinue.pharma', 'rodrigofreitas', 'shaylabp', 'kbuggy', 'jannem1', 'lnobrien', 'varelaa2', 'vergara2', 'etracy', 'claudirf', 'twakuta', 'ccngo', 'janetarmenta121', 'mkrivici', 'kwandyk', 'ldelacruz129', 'sudajogi', 'nicorino23', 'hu_lirong', 'jecalvarez2022', 'sidrus', 'rychang1', 'kjgates']",26,"['johnny798', 'akurisa', 'x839wang', 'jma120', 'xinyuez', 'deliachu', 'yuzhengx', 'qicong', 'natalie1997927', 'chenhaoyue', 'sachin10101101', 'zishang1998', 'sssg3', 'rogerfed21', 'kedeliu', 'atharvasurya99', None, 'ytsheu20', 'liweny1', 'sseth28', 'srishtimittal', 'wenhaozou', 'penggeng', 'vinayakshrote99', 'suemura', 'ycc1999']",89,"['uiyengar', 'vcsmith', 'bridgettekaycee.cruz.pharma', 'taylott2', 'kaeleenovich', 'jmmeans', 'johnny798', 'connermc42', 'mrkaram', 'jettmain04', 'jasonfh', 'marodri8', 'akurisa', 'sunil.vbarma', 'x839wang', 'jma120', 'reyesj10', 'asegger', 'satvik.gm', 'kimelizer.hipolito.pharma', 'tcmorse', 'xiwang', 'yuzhengx', 'haoyas4', 'saldanm4', 'natalie1997927', 'shaylabp', 'kbuggy', 'lnobrien', 'rogerfed21', 'twakuta', 'ccngo', 'janetarmenta121', 'mkrivici', 'ldelacruz129', 'atharvasurya99', 'sudajogi', 'nicorino23', 'hu_lirong', 'liweny1', 'sseth28', 'rychang1', 'wenhaozou', 'penggeng', 'suemura', 'tsukumizu1', 'sandeepdhakal', 'franzesybile99', 'maxwelqp', 'gmalubag', 'ahrens', 'tsukumizu2', 'janl2', 'xinyuez', 'deliachu', 'whao4', 'dosilla', 'roxyyy', 'mgasaman', 'hapathak', 'jayellerose.bautista.pharma', 'tairan', 'greginat', 'qicong', 'minerbanana', 'raemonjames.arcinue.pharma', 'chenhaoyue', 'rodrigofreitas', 'sachin10101101', 'jannem1', 'zishang1998', 'varelaa2', 'sssg3', 'vergara2', 'etracy', 'claudirf', 'kwandyk', 'kedeliu', None, 'rjtaylo1', 'ytsheu20', 'jecalvarez2022', 'luxturna', 'srishtimittal', 'sohyun929', 'sidrus', 'vinayakshrote99', 'ycc1999', 'kjgates']"
13,607,64,24,5,"['jannem1', 'connermc42', 'claudirf', 'marodri8', 'janetarmenta121']",58,"['uiyengar', 'bridgettekaycee.cruz.pharma', 'vcsmith', 'taylott2', 'kaeleenovich', 'jmmeans', 'mrkaram', 'jettmain04', 'jasonfh', 'tsukumizu1', 'sunil.vbarma', 'sandeepdhakal', 'franzesybile99', 'ahrens', 'maxwelqp', 'gmalubag', 'tsukumizu2', 'janl2', 'reyesj10', 'asegger', 'whao4', 'dosilla', 'roxyyy', 'satvik.gm', 'kimelizer.hipolito.pharma', 'mgasaman', 'hapathak', 'tcmorse', 'xiwang', 'jayellerose.bautista.pharma', 'tairan', 'greginat', 'haoyas4', 'saldanm4', 'minerbanana', 'raemonjames.arcinue.pharma', 'rodrigofreitas', 'shaylabp', 'kbuggy', 'lnobrien', 'varelaa2', 'vergara2', 'etracy', 'twakuta', 'ccngo', 'mkrivici', 'kwandyk', 'ldelacruz129', 'sudajogi', 'rjtaylo1', 'nicorino23', 'hu_lirong', 'jecalvarez2022', 'luxturna', 'sohyun929', 'sidrus', 'rychang1', 'kjgates']",19,"['sierragr', 'kiranamak', 'bo_ni', 'nyssa', 'a01', 'laurynk', 'klei', 'shuyangz', 'dgrewal', 'vallejod', 'yuz712', 'anagarajan25', 'atharvasurya99', None, 'victimofphysics', 'bni', 'ellieav', 'dharanijaya09', 'suemura']",82,"['kiranamak', 'uiyengar', 'vcsmith', 'bridgettekaycee.cruz.pharma', 'taylott2', 'kaeleenovich', 'jmmeans', 'bo_ni', 'connermc42', 'mrkaram', 'jettmain04', 'jasonfh', 'marodri8', 'nyssa', 'sunil.vbarma', 'reyesj10', 'a01', 'asegger', 'satvik.gm', 'kimelizer.hipolito.pharma', 'tcmorse', 'xiwang', 'haoyas4', 'laurynk', 'saldanm4', 'dgrewal', 'shaylabp', 'kbuggy', 'lnobrien', 'twakuta', 'ccngo', 'janetarmenta121', 'mkrivici', 'ldelacruz129', 'atharvasurya99', 'sudajogi', 'nicorino23', 'hu_lirong', 'rychang1', 'suemura', 'sierragr', 'tsukumizu1', 'sandeepdhakal', 'franzesybile99', 'maxwelqp', 'gmalubag', 'ahrens', 'tsukumizu2', 'janl2', 'whao4', 'dosilla', 'roxyyy', 'mgasaman', 'hapathak', 'jayellerose.bautista.pharma', 'tairan', 'greginat', 'klei', 'shuyangz', 'minerbanana', 'raemonjames.arcinue.pharma', 'rodrigofreitas', 'jannem1', 'varelaa2', 'vergara2', 'etracy', 'claudirf', 'vallejod', 'yuz712', 'kwandyk', 'anagarajan25', None, 'rjtaylo1', 'victimofphysics', 'jecalvarez2022', 'luxturna', 'bni', 'sohyun929', 'ellieav', 'sidrus', 'dharanijaya09', 'kjgates']"
13,601,64,14,2,"['sandeepdhakal', 'kaeleenovich']",61,"['uiyengar', 'vcsmith', 'bridgettekaycee.cruz.pharma', 'taylott2', 'jmmeans', 'connermc42', 'mrkaram', 'jettmain04', 'jasonfh', 'marodri8', 'tsukumizu1', 'sunil.vbarma', 'franzesybile99', 'maxwelqp', 'gmalubag', 'ahrens', 'reyesj10', 'tsukumizu2', 'janl2', 'asegger', 'whao4', 'dosilla', 'roxyyy', 'satvik.gm', 'kimelizer.hipolito.pharma', 'mgasaman', 'hapathak', 'tcmorse', 'xiwang', 'jayellerose.bautista.pharma', 'tairan', 'greginat', 'haoyas4', 'saldanm4', 'minerbanana', 'raemonjames.arcinue.pharma', 'rodrigofreitas', 'shaylabp', 'kbuggy', 'jannem1', 'lnobrien', 'varelaa2', 'vergara2', 'etracy', 'claudirf', 'twakuta', 'ccngo', 'janetarmenta121', 'mkrivici', 'kwandyk', 'ldelacruz129', 'sudajogi', 'rjtaylo1', 'nicorino23', 'hu_lirong', 'jecalvarez2022', 'luxturna', 'sohyun929', 'sidrus', 'rychang1', 'kjgates']",12,"['tristanolsen', 'nickwikert', 'tommyblank', 'cademg', 'brianjaques', 'dylanmelander', 'ryanfinkelstein', 'willjohanson', 'caydendoyle', 'lanlibsu', 'kyleholloway', None]",75,"['uiyengar', 'vcsmith', 'bridgettekaycee.cruz.pharma', 'taylott2', 'kaeleenovich', 'jmmeans', 'connermc42', 'mrkaram', 'jettmain04', 'jasonfh', 'marodri8', 'sunil.vbarma', 'kyleholloway', 'reyesj10', 'asegger', 'nickwikert', 'tommyblank', 'satvik.gm', 'kimelizer.hipolito.pharma', 'tcmorse', 'xiwang', 'haoyas4', 'saldanm4', 'shaylabp', 'kbuggy', 'lnobrien', 'dylanmelander', 'twakuta', 'ccngo', 'janetarmenta121', 'mkrivici', 'ldelacruz129', 'sudajogi', 'nicorino23', 'cademg', 'hu_lirong', 'ryanfinkelstein', 'lanlibsu', 'rychang1', 'caydendoyle', 'tsukumizu1', 'sandeepdhakal', 'franzesybile99', 'maxwelqp', 'gmalubag', 'ahrens', 'tsukumizu2', 'janl2', 'whao4', 'dosilla', 'roxyyy', 'mgasaman', 'brianjaques', 'hapathak', 'jayellerose.bautista.pharma', 'tairan', 'greginat', 'minerbanana', 'raemonjames.arcinue.pharma', 'rodrigofreitas', 'jannem1', 'varelaa2', 'willjohanson', 'vergara2', 'etracy', 'claudirf', 'kwandyk', None, 'rjtaylo1', 'tristanolsen', 'jecalvarez2022', 'luxturna', 'sohyun929', 'sidrus', 'kjgates']"
13,610,64,13,1,['greginat'],62,"['uiyengar', 'vcsmith', 'bridgettekaycee.cruz.pharma', 'taylott2', 'kaeleenovich', 'jmmeans', 'connermc42', 'mrkaram', 'jettmain04', 'jasonfh', 'marodri8', 'tsukumizu1', 'sunil.vbarma', 'sandeepdhakal', 'franzesybile99', 'maxwelqp', 'gmalubag', 'ahrens', 'reyesj10', 'tsukumizu2', 'janl2', 'asegger', 'whao4', 'dosilla', 'roxyyy', 'satvik.gm', 'kimelizer.hipolito.pharma', 'mgasaman', 'hapathak', 'tcmorse', 'xiwang', 'jayellerose.bautista.pharma', 'tairan', 'haoyas4', 'saldanm4', 'minerbanana', 'raemonjames.arcinue.pharma', 'rodrigofreitas', 'shaylabp', 'kbuggy', 'jannem1', 'lnobrien', 'varelaa2', 'vergara2', 'etracy', 'claudirf', 'twakuta', 'ccngo', 'janetarmenta121', 'mkrivici', 'kwandyk', 'ldelacruz129', 'sudajogi', 'rjtaylo1', 'nicorino23', 'hu_lirong', 'jecalvarez2022', 'luxturna', 'sohyun929', 'sidrus', 'rychang1', 'kjgates']",12,"['ryanzedt', 'lclarke1', 'nwvarghe', 'csuwoko', 'vramosve', 'cathyc7', 'javenega', 'friendm1', 'kenttn1', 'carinall', None, 'cgroome']",75,"['uiyengar', 'vcsmith', 'bridgettekaycee.cruz.pharma', 'taylott2', 'kaeleenovich', 'jmmeans', 'kenttn1', 'connermc42', 'mrkaram', 'jettmain04', 'jasonfh', 'marodri8', 'tsukumizu1', 'javenega', 'sunil.vbarma', 'sandeepdhakal', 'franzesybile99', 'maxwelqp', 'gmalubag', 'ahrens', 'reyesj10', 'tsukumizu2', 'janl2', 'carinall', 'asegger', 'whao4', 'dosilla', 'roxyyy', 'ryanzedt', 'satvik.gm', 'kimelizer.hipolito.pharma', 'mgasaman', 'hapathak', 'tcmorse', 'xiwang', 'jayellerose.bautista.pharma', 'tairan', 'greginat', 'haoyas4', 'saldanm4', 'minerbanana', 'raemonjames.arcinue.pharma', 'rodrigofreitas', 'shaylabp', 'kbuggy', 'jannem1', 'lnobrien', 'lclarke1', 'nwvarghe', 'varelaa2', 'vergara2', 'etracy', 'claudirf', 'twakuta', 'ccngo', 'janetarmenta121', 'mkrivici', 'kwandyk', 'ldelacruz129', 'friendm1', 'cathyc7', 'sudajogi', None, 'rjtaylo1', 'nicorino23', 'hu_lirong', 'jecalvarez2022', 'luxturna', 'csuwoko', 'sohyun929', 'vramosve', 'sidrus', 'rychang1', 'kjgates', 'cgroome']"
13,605,64,9,2,"['xiwang', 'minerbanana']",61,"['uiyengar', 'vcsmith', 'bridgettekaycee.cruz.pharma', 'taylott2', 'kaeleenovich', 'jmmeans', 'connermc42', 'mrkaram', 'jettmain04', 'jasonfh', 'marodri8', 'tsukumizu1', 'sunil.vbarma', 'sandeepdhakal', 'franzesybile99', 'maxwelqp', 'gmalubag', 'ahrens', 'reyesj10', 'tsukumizu2', 'janl2', 'asegger', 'whao4', 'dosilla', 'roxyyy', 'satvik.gm', 'kimelizer.hipolito.pharma', 'mgasaman', 'hapathak', 'tcmorse', 'jayellerose.bautista.pharma', 'tairan', 'greginat', 'haoyas4', 'saldanm4', 'raemonjames.arcinue.pharma', 'rodrigofreitas', 'shaylabp', 'kbuggy', 'jannem1', 'lnobrien', 'varelaa2', 'vergara2', 'etracy', 'claudirf', 'twakuta', 'ccngo', 'janetarmenta121', 'mkrivici', 'kwandyk', 'ldelacruz129', 'sudajogi', 'rjtaylo1', 'nicorino23', 'hu_lirong', 'jecalvarez2022', 'luxturna', 'sohyun929', 'sidrus', 'rychang1', 'kjgates']",7,"['zijunzhou', 'plutosra1n', 'fjiang', 'florence', None, 'christwt', 'xinwenjiang']",70,"['uiyengar', 'vcsmith', 'bridgettekaycee.cruz.pharma', 'taylott2', 'kaeleenovich', 'jmmeans', 'connermc42', 'mrkaram', 'jettmain04', 'jasonfh', 'zijunzhou', 'marodri8', 'tsukumizu1', 'sunil.vbarma', 'florence', 'sandeepdhakal', 'franzesybile99', 'maxwelqp', 'gmalubag', 'ahrens', 'reyesj10', 'tsukumizu2', 'janl2', 'asegger', 'whao4', 'dosilla', 'roxyyy', 'satvik.gm', 'kimelizer.hipolito.pharma', 'mgasaman', 'hapathak', 'tcmorse', 'xiwang', 'jayellerose.bautista.pharma', 'tairan', 'greginat', 'haoyas4', 'saldanm4', 'minerbanana', 'raemonjames.arcinue.pharma', 'rodrigofreitas', 'shaylabp', 'kbuggy', 'jannem1', 'lnobrien', 'varelaa2', 'vergara2', 'etracy', 'claudirf', 'fjiang', 'twakuta', 'ccngo', 'janetarmenta121', 'mkrivici', 'kwandyk', 'ldelacruz129', 'sudajogi', 'christwt', 'rjtaylo1', None, 'nicorino23', 'hu_lirong', 'jecalvarez2022', 'luxturna', 'sohyun929', 'plutosra1n', 'sidrus', 'rychang1', 'kjgates', 'xinwenjiang']"
13,609,64,8,3,"['asegger', 'maxwelqp', 'janl2']",60,"['uiyengar', 'vcsmith', 'bridgettekaycee.cruz.pharma', 'taylott2', 'kaeleenovich', 'jmmeans', 'connermc42', 'mrkaram', 'jettmain04', 'jasonfh', 'marodri8', 'tsukumizu1', 'sunil.vbarma', 'sandeepdhakal', 'franzesybile99', 'gmalubag', 'ahrens', 'reyesj10', 'tsukumizu2', 'whao4', 'dosilla', 'roxyyy', 'satvik.gm', 'kimelizer.hipolito.pharma', 'mgasaman', 'hapathak', 'tcmorse', 'xiwang', 'jayellerose.bautista.pharma', 'tairan', 'greginat', 'haoyas4', 'saldanm4', 'minerbanana', 'raemonjames.arcinue.pharma', 'rodrigofreitas', 'shaylabp', 'kbuggy', 'jannem1', 'lnobrien', 'varelaa2', 'vergara2', 'etracy', 'claudirf', 'twakuta', 'ccngo', 'janetarmenta121', 'mkrivici', 'kwandyk', 'ldelacruz129', 'sudajogi', 'rjtaylo1', 'nicorino23', 'hu_lirong', 'jecalvarez2022', 'luxturna', 'sohyun929', 'sidrus', 'rychang1', 'kjgates']",5,"['abaighm', 'gjorquer', None, 'hpascua1', 'cgroome']",68,"['uiyengar', 'vcsmith', 'bridgettekaycee.cruz.pharma', 'taylott2', 'kaeleenovich', 'jmmeans', 'connermc42', 'mrkaram', 'jettmain04', 'jasonfh', 'marodri8', 'tsukumizu1', 'sunil.vbarma', 'sandeepdhakal', 'franzesybile99', 'maxwelqp', 'gmalubag', 'ahrens', 'reyesj10', 'tsukumizu2', 'janl2', 'hpascua1', 'asegger', 'whao4', 'dosilla', 'roxyyy', 'satvik.gm', 'kimelizer.hipolito.pharma', 'mgasaman', 'hapathak', 'abaighm', 'tcmorse', 'xiwang', 'jayellerose.bautista.pharma', 'tairan', 'greginat', 'haoyas4', 'gjorquer', 'saldanm4', 'minerbanana', 'raemonjames.arcinue.pharma', 'rodrigofreitas', 'shaylabp', 'kbuggy', 'jannem1', 'lnobrien', 'varelaa2', 'vergara2', 'etracy', 'claudirf', 'twakuta', 'ccngo', 'janetarmenta121', 'mkrivici', 'kwandyk', 'ldelacruz129', 'sudajogi', None, 'rjtaylo1', 'nicorino23', 'hu_lirong', 'jecalvarez2022', 'luxturna', 'sohyun929', 'sidrus', 'rychang1', 'kjgates', 'cgroome']"
14,76,63,29,25,"['stjepan', 'mirela', 'jufilip', 'ivanafrankovic', 'pborjan', 'josip', 'mflajsig', 'ksolaja', 'tomovukadin', 'htkalcevic', 'nikolabudimir2709', 'nikolina.jukic4', 'nikolajambrovic81', 'iva234', 'mario.marusic77', 'marko11', 'mislav.bui', 'gabrielmarink', 'danijela_kljajic', 'filipkusetic', 'lovro.brzovic', 'jakovvrdoljak017', 'tony1999', 'imemijejura', 'fmiki']",37,"['bz1379', 'ahmedtarek98', 'b081910385', 'tanyajaiswal27', 'stefanza7', 'marcodl', 'firdauzrash', '8ybo998', 'syahmi97', 'halimhasni', 'daksh.jain3', 'djogot', 'b081910344', 'valeriaraimondi99', 'kimos32', 'amirahnakhlis19', 'svnsp', 'arif121', 'geetha0802', 'lelqmn', 'marika.bonarrigo', 'dyana4152', 'fikrimokhtar', 'rosarioleone', 'saranooty7', 'ajaygollapudi403', 'marruu', 'krishnapn', 'shahrule63', 'vstejavictorious', 'amsyar', 'muhamadhakimie21', 'nrshaajh_', 'c36n732', 'concetto', 'lea.cvitkusic', 'zadosalah']",4,"['jakovac.fran', 'antonio.peter.st1', None, 'nikolakauzljar']",66,"['bz1379', 'b081910385', 'mirela', 'jufilip', 'ivanafrankovic', 'pborjan', 'syahmi97', 'valeriaraimondi99', 'mflajsig', 'kimos32', 'amirahnakhlis19', 'tomovukadin', 'antonio.peter.st1', 'nikolina.jukic4', 'nikolajambrovic81', 'nikolabudimir2709', 'lelqmn', 'mario.marusic77', 'marko11', 'ajaygollapudi403', 'krishnapn', 'shahrule63', 'vstejavictorious', 'amsyar', 'nrshaajh_', 'lea.cvitkusic', 'zadosalah', 'ahmedtarek98', 'stjepan', 'tanyajaiswal27', 'stefanza7', 'marcodl', 'firdauzrash', 'nikolakauzljar', '8ybo998', 'halimhasni', 'daksh.jain3', 'djogot', 'josip', 'b081910344', 'svnsp', 'ksolaja', 'arif121', 'htkalcevic', 'iva234', 'geetha0802', 'marika.bonarrigo', 'dyana4152', 'mislav.bui', 'fikrimokhtar', 'rosarioleone', 'saranooty7', 'marruu', 'gabrielmarink', 'danijela_kljajic', 'filipkusetic', None, 'muhamadhakimie21', 'lovro.brzovic', 'jakovac.fran', 'c36n732', 'jakovvrdoljak017', 'tony1999', 'concetto', 'imemijejura', 'fmiki']"
14,77,63,12,11,"['ivanafrankovic', 'mario.marusic77', 'mislav.bui', 'jakovvrdoljak017', 'stjepan', 'tony1999', 'filipkusetic', 'gabrielmarink', 'josip', 'lea.cvitkusic', 'tomovukadin']",51,"['bz1379', 'ahmedtarek98', 'b081910385', 'tanyajaiswal27', 'stefanza7', 'mirela', 'marcodl', 'jufilip', 'firdauzrash', '8ybo998', 'pborjan', 'syahmi97', 'halimhasni', 'daksh.jain3', 'djogot', 'b081910344', 'valeriaraimondi99', 'mflajsig', 'svnsp', 'ksolaja', 'arif121', 'amirahnakhlis19', 'kimos32', 'nikolina.jukic4', 'nikolajambrovic81', 'htkalcevic', 'nikolabudimir2709', 'iva234', 'geetha0802', 'lelqmn', 'marko11', 'dyana4152', 'marika.bonarrigo', 'fikrimokhtar', 'rosarioleone', 'marruu', 'ajaygollapudi403', 'krishnapn', 'saranooty7', 'shahrule63', 'vstejavictorious', 'amsyar', 'danijela_kljajic', 'muhamadhakimie21', 'nrshaajh_', 'lovro.brzovic', 'c36n732', 'concetto', 'zadosalah', 'imemijejura', 'fmiki']",1,[None],63,"['bz1379', 'ahmedtarek98', 'b081910385', 'stjepan', 'tanyajaiswal27', 'stefanza7', 'mirela', 'marcodl', 'jufilip', 'firdauzrash', '8ybo998', 'ivanafrankovic', 'pborjan', 'syahmi97', 'halimhasni', 'daksh.jain3', 'djogot', 'josip', 'b081910344', 'valeriaraimondi99', 'mflajsig', 'svnsp', 'ksolaja', 'arif121', 'tomovukadin', 'amirahnakhlis19', 'kimos32', 'nikolina.jukic4', 'nikolajambrovic81', 'htkalcevic', 'nikolabudimir2709', 'iva234', 'geetha0802', 'lelqmn', 'mario.marusic77', 'marko11', 'dyana4152', 'mislav.bui', 'marika.bonarrigo', 'fikrimokhtar', 'rosarioleone', 'marruu', 'gabrielmarink', 'ajaygollapudi403', 'krishnapn', 'saranooty7', 'shahrule63', 'vstejavictorious', 'amsyar', 'danijela_kljajic', 'filipkusetic', None, 'muhamadhakimie21', 'nrshaajh_', 'lovro.brzovic', 'c36n732', 'jakovvrdoljak017', 'tony1999', 'concetto', 'lea.cvitkusic', 'zadosalah', 'imemijejura', 'fmiki']"
14,83,63,7,1,['tanyajaiswal27'],61,"['bz1379', 'ahmedtarek98', 'b081910385', 'stjepan', 'stefanza7', 'mirela', 'marcodl', 'jufilip', 'firdauzrash', '8ybo998', 'ivanafrankovic', 'pborjan', 'syahmi97', 'halimhasni', 'daksh.jain3', 'djogot', 'josip', 'b081910344', 'valeriaraimondi99', 'mflajsig', 'svnsp', 'ksolaja', 'arif121', 'tomovukadin', 'amirahnakhlis19', 'kimos32', 'nikolina.jukic4', 'nikolajambrovic81', 'htkalcevic', 'nikolabudimir2709', 'iva234', 'geetha0802', 'lelqmn', 'mario.marusic77', 'marko11', 'dyana4152', 'mislav.bui', 'marika.bonarrigo', 'fikrimokhtar', 'rosarioleone', 'marruu', 'gabrielmarink', 'ajaygollapudi403', 'krishnapn', 'saranooty7', 'shahrule63', 'vstejavictorious', 'amsyar', 'danijela_kljajic', 'filipkusetic', 'muhamadhakimie21', 'nrshaajh_', 'lovro.brzovic', 'c36n732', 'jakovvrdoljak017', 'tony1999', 'concetto', 'lea.cvitkusic', 'zadosalah', 'imemijejura', 'fmiki']",6,"['bandanapal505', 'janvigupta2309', 'saumyamishra9999', 'vinayak_kapur', 'divyasharma', None]",68,"['bz1379', 'ahmedtarek98', 'b081910385', 'stjepan', 'tanyajaiswal27', 'stefanza7', 'mirela', 'marcodl', 'jufilip', 'firdauzrash', '8ybo998', 'ivanafrankovic', 'pborjan', 'syahmi97', 'halimhasni', 'daksh.jain3', 'djogot', 'saumyamishra9999', 'josip', 'vinayak_kapur', 'b081910344', 'valeriaraimondi99', 'mflajsig', 'divyasharma', 'svnsp', 'ksolaja', 'arif121', 'tomovukadin', 'amirahnakhlis19', 'kimos32', 'nikolina.jukic4', 'nikolajambrovic81', 'htkalcevic', 'nikolabudimir2709', 'bandanapal505', 'iva234', 'geetha0802', 'lelqmn', 'mario.marusic77', 'marko11', 'dyana4152', 'mislav.bui', 'marika.bonarrigo', 'fikrimokhtar', 'rosarioleone', 'marruu', 'gabrielmarink', 'ajaygollapudi403', 'krishnapn', 'saranooty7', 'shahrule63', 'vstejavictorious', 'amsyar', 'danijela_kljajic', 'filipkusetic', None, 'muhamadhakimie21', 'nrshaajh_', 'lovro.brzovic', 'c36n732', 'janvigupta2309', 'jakovvrdoljak017', 'tony1999', 'concetto', 'lea.cvitkusic', 'zadosalah', 'imemijejura', 'fmiki']"
14,75,63,6,5,"['b081910385', 'fikrimokhtar', 'dyana4152', 'amsyar', 'muhamadhakimie21']",57,"['bz1379', 'ahmedtarek98', 'stjepan', 'tanyajaiswal27', 'stefanza7', 'mirela', 'marcodl', 'jufilip', 'firdauzrash', '8ybo998', 'ivanafrankovic', 'pborjan', 'syahmi97', 'halimhasni', 'daksh.jain3', 'djogot', 'josip', 'b081910344', 'valeriaraimondi99', 'mflajsig', 'svnsp', 'ksolaja', 'arif121', 'tomovukadin', 'amirahnakhlis19', 'kimos32', 'nikolina.jukic4', 'nikolajambrovic81', 'htkalcevic', 'nikolabudimir2709', 'iva234', 'geetha0802', 'lelqmn', 'mario.marusic77', 'marko11', 'mislav.bui', 'marika.bonarrigo', 'rosarioleone', 'marruu', 'gabrielmarink', 'ajaygollapudi403', 'krishnapn', 'saranooty7', 'shahrule63', 'vstejavictorious', 'danijela_kljajic', 'filipkusetic', 'nrshaajh_', 'lovro.brzovic', 'c36n732', 'jakovvrdoljak017', 'tony1999', 'concetto', 'lea.cvitkusic', 'zadosalah', 'imemijejura', 'fmiki']",1,[None],63,"['bz1379', 'ahmedtarek98', 'b081910385', 'stjepan', 'tanyajaiswal27', 'stefanza7', 'mirela', 'marcodl', 'jufilip', 'firdauzrash', '8ybo998', 'ivanafrankovic', 'pborjan', 'syahmi97', 'halimhasni', 'daksh.jain3', 'djogot', 'josip', 'b081910344', 'valeriaraimondi99', 'mflajsig', 'svnsp', 'ksolaja', 'arif121', 'tomovukadin', 'amirahnakhlis19', 'kimos32', 'nikolina.jukic4', 'nikolajambrovic81', 'htkalcevic', 'nikolabudimir2709', 'iva234', 'geetha0802', 'lelqmn', 'mario.marusic77', 'marko11', 'dyana4152', 'mislav.bui', 'marika.bonarrigo', 'fikrimokhtar', 'rosarioleone', 'marruu', 'gabrielmarink', 'ajaygollapudi403', 'krishnapn', 'saranooty7', 'shahrule63', 'vstejavictorious', 'amsyar', 'danijela_kljajic', 'filipkusetic', None, 'muhamadhakimie21', 'nrshaajh_', 'lovro.brzovic', 'c36n732', 'jakovvrdoljak017', 'tony1999', 'concetto', 'lea.cvitkusic', 'zadosalah', 'imemijejura', 'fmiki']"
15,514,56,183,55,"['pc20', 'sopfeil2', 'aarondh2', 'keithmse304', 'tagomez2', 'torsr2', 'damer', 'aniyogi2', 'nk13', 'mmj5', 'hatoonb2', 'simong2', 'xianzhi2', 'danayun2', 'mozahma2', 'rjf5', 'rvplank2', 'dhamill2', 'youfuq2', 'ssethi7', 'acevans4', 'jinyang9', 'zainab2', 'gcangi2', 'aatrey3', 'jalies2', 'ddejong2', 'ericy3', 'ssibi2', 'ajscott5', 'anishas4', 'hanlinw3', 'rsears4', 'wrishk2', 'depew2', 'anm9', 'sali93', 'jaredf2', 'yunzhes2', 'abhirs2', 'boyangy4', 'jaehong3', 'jacobt6', 'efs2', 'haoran7', 'tjricks2', 'amaloto2', 'karoche3', 'ryusuke2', 'shawnc2', 'ryanwm2', 'wyik2', 'fshyti2', 'marialc3', 'kaylalh3']",0,[],128,"['kangha6211', 'pygayoung4705', 'rlaehrud5292', 'lsh843223', 'eoh23', 'unikwakhj', 'yjchoi0315', 'mariam.jama', 'yangdan2', 'chan4184', 'junyoung0735', 'nourankassem97', 'cauvaido1610', 'phisicsmusic', 'jiaqihriver', 'bonfimguilherme1711', 'changhwa2970', 'wodyd909', 'walterwagner', 'owenwat', 'asadsfawdga', 'meiyuezhang', 'choijinyoung5933', 'hooni6708', 'dlstj989', 'sclee1002', 'hado0416', 'ljs020104a', 'tcr18ec019', 'mplanoster', 'ritinjoseph', 'soc06016', 'riverhorse', 'butters', 'ellayeji11', 'syc0428', 'dwh0015', 'sa06093', 'hermione369', 'fede14', 'choejihun6785', 'ksjin0807', 'hug6901', 'witamoment', 'wkxa54', 'ols3060178', 'poor9876', 'hyunsulee0709', 'ethan.dunn', 'nhj25136', 'jea03', 'gbear7615', 'atlantic092407', 'bsj99977', 'fraga80', 'sas0091', 'shirgef', 'ahmed.nael.elnokrashy', 'maryama3', 'ohsangmin', 'ahmed.yassien.cu', 'sally0460', 'krzysztofwarga', 'kijukiju7215', 'unikwakhj1', 'sachinchandra.gsc', 'wdhdlstjd164', 'shim.syeon', 'fdoyrldan', 'j2218109', 'sabolton', 'lovenmin', 'seongbin', 'wogus5807', 'timtk85', 'susannareggiani', 'jpalmer1028', 'ghsmx01', 'gweado12', 'rmb0034', 'jpchang', 'oblue4848', 'dlxodus0725', 'wg6076', 'turalazer', 'lb16', 'zudsyd', 'hlm0017', 'rhffha12345', 'inquisitivestudent', 'luis.lanzetta', 'yutube1058', 'varuns5', 'huidonjeong', 'jimmy1100a', 'jecano', 'soo8355a', 'dongjinwi', 'btaing08', 'fpqldhdntk', 'hgrf', 'thswngh793', 'eliz2000s', 'shlomib', 'leesh941222', 'minking0007', 'kms92313', 'patergio', 'leeseongjae450', 'wkdgns599', 'chyu3', 'mhamed.lemrabit', 'pygayoung07', 'dmayorga', 'eilamy', 'pjs970918', 'beetle0720', 'gcoupe9171', 'acm990922', None, 'yanjia', 'hah610115', 'mhyun1234567', 'ggr7', 'alvin2373', 'ehdgns9904', '928chan928', 'shin19764']",183,"['kangha6211', 'pygayoung4705', 'pc20', 'aarondh2', 'rlaehrud5292', 'lsh843223', 'mmj5', 'eoh23', 'yjchoi0315', 'unikwakhj', 'mariam.jama', 'yangdan2', 'chan4184', 'rvplank2', 'junyoung0735', 'dhamill2', 'nourankassem97', 'cauvaido1610', 'phisicsmusic', 'jiaqihriver', 'bonfimguilherme1711', 'walterwagner', 'changhwa2970', 'aatrey3', 'jalies2', 'wodyd909', 'owenwat', 'asadsfawdga', 'ddejong2', 'ssibi2', 'meiyuezhang', 'anishas4', 'hanlinw3', 'hooni6708', 'dlstj989', 'choijinyoung5933', 'depew2', 'jaredf2', 'sclee1002', 'hado0416', 'tcr18ec019', 'ljs020104a', 'mplanoster', 'tjricks2', 'amaloto2', 'ryanwm2', 'ritinjoseph', 'soc06016', 'riverhorse', 'butters', 'ellayeji11', 'syc0428', 'dwh0015', 'sa06093', 'hermione369', 'fede14', 'choejihun6785', 'ksjin0807', 'tagomez2', 'torsr2', 'damer', 'hug6901', 'witamoment', 'danayun2', 'wkxa54', 'mozahma2', 'ols3060178', 'poor9876', 'hyunsulee0709', 'ethan.dunn', 'nhj25136', 'ssethi7', 'jea03', 'gbear7615', 'gcangi2', 'atlantic092407', 'bsj99977', 'fraga80', 'sas0091', 'ajscott5', 'shirgef', 'anm9', 'ahmed.nael.elnokrashy', 'maryama3', 'ohsangmin', 'ahmed.yassien.cu', 'sally0460', 'krzysztofwarga', 'haoran7', 'kijukiju7215', 'unikwakhj1', 'sachinchandra.gsc', 'wdhdlstjd164', 'shim.syeon', 'fdoyrldan', 'j2218109', 'sabolton', 'keithmse304', 'lovenmin', 'seongbin', 'wogus5807', 'timtk85', 'susannareggiani', 'aniyogi2', 'nk13', 'jpalmer1028', 'ghsmx01', 'gweado12', 'rmb0034', 'xianzhi2', 'jpchang', 'oblue4848', 'dlxodus0725', 'wg6076', 'turalazer', 'lb16', 'youfuq2', 'zudsyd', 'hlm0017', 'jinyang9', 'rhffha12345', 'ericy3', 'inquisitivestudent', 'luis.lanzetta', 'wrishk2', 'yutube1058', 'yunzhes2', 'varuns5', 'huidonjeong', 'abhirs2', 'jimmy1100a', 'jecano', 'soo8355a', 'efs2', 'karoche3', 'dongjinwi', 'btaing08', 'fpqldhdntk', 'hgrf', 'thswngh793', 'sopfeil2', 'eliz2000s', 'shlomib', 'leesh941222', 'hatoonb2', 'simong2', 'minking0007', 'rjf5', 'kms92313', 'patergio', 'leeseongjae450', 'acevans4', 'wkdgns599', 'zainab2', 'chyu3', 'mhamed.lemrabit', 'pygayoung07', 'dmayorga', 'eilamy', 'rsears4', 'pjs970918', 'beetle0720', 'gcoupe9171', 'sali93', 'acm990922', None, 'boyangy4', 'yanjia', 'jaehong3', 'hah610115', 'jacobt6', 'mhyun1234567', 'ggr7', 'alvin2373', 'ryusuke2', 'shawnc2', 'wyik2', 'fshyti2', 'ehdgns9904', '928chan928', 'marialc3', 'shin19764', 'kaylalh3']"
15,253,56,61,47,"['pc20', 'sopfeil2', 'aarondh2', 'keithmse304', 'tagomez2', 'torsr2', 'damer', 'aniyogi2', 'nk13', 'mmj5', 'hatoonb2', 'simong2', 'xianzhi2', 'danayun2', 'rvplank2', 'dhamill2', 'youfuq2', 'ssethi7', 'acevans4', 'jinyang9', 'zainab2', 'jalies2', 'ddejong2', 'ericy3', 'ssibi2', 'ajscott5', 'anishas4', 'rsears4', 'wrishk2', 'depew2', 'sali93', 'jaredf2', 'yunzhes2', 'abhirs2', 'boyangy4', 'jacobt6', 'efs2', 'haoran7', 'tjricks2', 'amaloto2', 'karoche3', 'ryusuke2', 'ryanwm2', 'wyik2', 'fshyti2', 'marialc3', 'kaylalh3']",8,"['jaehong3', 'rjf5', 'shawnc2', 'hanlinw3', 'anm9', 'gcangi2', 'aatrey3', 'mozahma2']",14,"['sujays2', 'xinzhih2', 'benvau2', 'efalse2', 'mrc13', 'msolis27', 'kirannk2', 'ameindl2', 'lzaczek2', 'ziruiw2', 'chyu3', 'malramadan123', None, 'jnb4']",69,"['sujays2', 'pc20', 'keithmse304', 'aarondh2', 'benvau2', 'msolis27', 'aniyogi2', 'nk13', 'mmj5', 'xianzhi2', 'jnb4', 'rvplank2', 'dhamill2', 'youfuq2', 'jinyang9', 'ziruiw2', 'aatrey3', 'jalies2', 'ddejong2', 'ericy3', 'ssibi2', 'efalse2', 'anishas4', 'hanlinw3', 'wrishk2', 'depew2', 'ameindl2', 'jaredf2', 'yunzhes2', 'abhirs2', 'efs2', 'xinzhih2', 'tjricks2', 'amaloto2', 'karoche3', 'ryanwm2', 'mrc13', 'malramadan123', 'sopfeil2', 'tagomez2', 'torsr2', 'damer', 'hatoonb2', 'simong2', 'danayun2', 'mozahma2', 'rjf5', 'ssethi7', 'acevans4', 'zainab2', 'gcangi2', 'chyu3', 'ajscott5', 'rsears4', 'anm9', 'sali93', None, 'boyangy4', 'jaehong3', 'jacobt6', 'haoran7', 'ryusuke2', 'shawnc2', 'wyik2', 'fshyti2', 'marialc3', 'kirannk2', 'lzaczek2', 'kaylalh3']"
15,50,56,55,47,"['pc20', 'aarondh2', 'keithmse304', 'sopfeil2', 'tagomez2', 'torsr2', 'damer', 'aniyogi2', 'nk13', 'hatoonb2', 'simong2', 'xianzhi2', 'danayun2', 'mozahma2', 'rvplank2', 'dhamill2', 'youfuq2', 'ssethi7', 'acevans4', 'jinyang9', 'zainab2', 'aatrey3', 'jalies2', 'ddejong2', 'ajscott5', 'ssibi2', 'anishas4', 'rsears4', 'wrishk2', 'depew2', 'anm9', 'sali93', 'jaredf2', 'yunzhes2', 'boyangy4', 'jaehong3', 'jacobt6', 'efs2', 'haoran7', 'amaloto2', 'tjricks2', 'karoche3', 'ryusuke2', 'ryanwm2', 'wyik2', 'fshyti2', 'kaylalh3']",8,"['rjf5', 'ericy3', 'shawnc2', 'hanlinw3', 'marialc3', 'mmj5', 'gcangi2', 'abhirs2']",8,"['sujays2', 'xinzhih2', 'ritinjoseph', 'eoh23', 'maryama3', 'varuns5', None, 'yangdan2']",63,"['sujays2', 'pc20', 'keithmse304', 'aarondh2', 'aniyogi2', 'nk13', 'mmj5', 'eoh23', 'xianzhi2', 'yangdan2', 'rvplank2', 'dhamill2', 'youfuq2', 'jinyang9', 'aatrey3', 'jalies2', 'ddejong2', 'ericy3', 'ssibi2', 'anishas4', 'hanlinw3', 'wrishk2', 'depew2', 'jaredf2', 'yunzhes2', 'varuns5', 'abhirs2', 'efs2', 'xinzhih2', 'tjricks2', 'amaloto2', 'karoche3', 'ryanwm2', 'ritinjoseph', 'sopfeil2', 'tagomez2', 'torsr2', 'damer', 'hatoonb2', 'simong2', 'danayun2', 'mozahma2', 'rjf5', 'ssethi7', 'acevans4', 'zainab2', 'gcangi2', 'ajscott5', 'rsears4', 'anm9', 'sali93', 'maryama3', None, 'boyangy4', 'jaehong3', 'jacobt6', 'haoran7', 'ryusuke2', 'shawnc2', 'wyik2', 'fshyti2', 'marialc3', 'kaylalh3']"
15,482,56,55,47,"['pc20', 'aarondh2', 'keithmse304', 'sopfeil2', 'tagomez2', 'torsr2', 'damer', 'aniyogi2', 'nk13', 'hatoonb2', 'simong2', 'xianzhi2', 'danayun2', 'mozahma2', 'rvplank2', 'dhamill2', 'youfuq2', 'ssethi7', 'acevans4', 'jinyang9', 'zainab2', 'aatrey3', 'jalies2', 'ddejong2', 'ajscott5', 'ssibi2', 'anishas4', 'rsears4', 'wrishk2', 'depew2', 'anm9', 'sali93', 'jaredf2', 'yunzhes2', 'boyangy4', 'jaehong3', 'jacobt6', 'efs2', 'haoran7', 'tjricks2', 'amaloto2', 'karoche3', 'ryusuke2', 'ryanwm2', 'wyik2', 'fshyti2', 'kaylalh3']",8,"['rjf5', 'ericy3', 'shawnc2', 'hanlinw3', 'marialc3', 'mmj5', 'gcangi2', 'abhirs2']",8,"['sujays2', 'xinzhih2', 'ritinjoseph', 'eoh23', 'maryama3', 'varuns5', None, 'yangdan2']",63,"['sujays2', 'pc20', 'keithmse304', 'aarondh2', 'aniyogi2', 'nk13', 'mmj5', 'eoh23', 'xianzhi2', 'yangdan2', 'rvplank2', 'dhamill2', 'youfuq2', 'jinyang9', 'aatrey3', 'jalies2', 'ddejong2', 'ericy3', 'ssibi2', 'anishas4', 'hanlinw3', 'wrishk2', 'depew2', 'jaredf2', 'yunzhes2', 'varuns5', 'abhirs2', 'efs2', 'xinzhih2', 'tjricks2', 'amaloto2', 'karoche3', 'ryanwm2', 'ritinjoseph', 'sopfeil2', 'tagomez2', 'torsr2', 'damer', 'hatoonb2', 'simong2', 'danayun2', 'mozahma2', 'rjf5', 'ssethi7', 'acevans4', 'zainab2', 'gcangi2', 'ajscott5', 'rsears4', 'anm9', 'sali93', 'maryama3', None, 'boyangy4', 'jaehong3', 'jacobt6', 'haoran7', 'ryusuke2', 'shawnc2', 'wyik2', 'fshyti2', 'marialc3', 'kaylalh3']"
15,483,56,12,8,"['rjf5', 'ericy3', 'shawnc2', 'hanlinw3', 'anm9', 'mmj5', 'gcangi2', 'abhirs2']",47,"['pc20', 'keithmse304', 'aarondh2', 'sopfeil2', 'tagomez2', 'torsr2', 'damer', 'aniyogi2', 'nk13', 'hatoonb2', 'simong2', 'xianzhi2', 'danayun2', 'mozahma2', 'rvplank2', 'dhamill2', 'youfuq2', 'ssethi7', 'acevans4', 'jinyang9', 'zainab2', 'aatrey3', 'jalies2', 'ddejong2', 'ssibi2', 'ajscott5', 'anishas4', 'rsears4', 'wrishk2', 'depew2', 'sali93', 'jaredf2', 'yunzhes2', 'boyangy4', 'jaehong3', 'jacobt6', 'efs2', 'haoran7', 'tjricks2', 'amaloto2', 'karoche3', 'ryusuke2', 'ryanwm2', 'wyik2', 'fshyti2', 'marialc3', 'kaylalh3']",4,"['chyu3', 'witamoment', None, 'sas0091']",59,"['pc20', 'keithmse304', 'aarondh2', 'sopfeil2', 'tagomez2', 'torsr2', 'damer', 'aniyogi2', 'nk13', 'mmj5', 'hatoonb2', 'simong2', 'witamoment', 'xianzhi2', 'danayun2', 'mozahma2', 'rjf5', 'rvplank2', 'dhamill2', 'youfuq2', 'ssethi7', 'acevans4', 'jinyang9', 'zainab2', 'gcangi2', 'chyu3', 'aatrey3', 'jalies2', 'ddejong2', 'sas0091', 'ericy3', 'ssibi2', 'ajscott5', 'anishas4', 'hanlinw3', 'rsears4', 'wrishk2', 'depew2', 'anm9', 'sali93', 'jaredf2', 'yunzhes2', None, 'abhirs2', 'boyangy4', 'jaehong3', 'jacobt6', 'efs2', 'haoran7', 'tjricks2', 'amaloto2', 'karoche3', 'ryusuke2', 'shawnc2', 'ryanwm2', 'wyik2', 'fshyti2', 'marialc3', 'kaylalh3']"
15,52,56,11,8,"['rjf5', 'ericy3', 'shawnc2', 'hanlinw3', 'mmj5', 'anm9', 'gcangi2', 'abhirs2']",47,"['pc20', 'keithmse304', 'aarondh2', 'sopfeil2', 'tagomez2', 'torsr2', 'damer', 'aniyogi2', 'nk13', 'hatoonb2', 'simong2', 'xianzhi2', 'danayun2', 'mozahma2', 'rvplank2', 'dhamill2', 'youfuq2', 'ssethi7', 'acevans4', 'jinyang9', 'zainab2', 'aatrey3', 'jalies2', 'ddejong2', 'ssibi2', 'ajscott5', 'anishas4', 'rsears4', 'wrishk2', 'depew2', 'sali93', 'jaredf2', 'yunzhes2', 'boyangy4', 'jaehong3', 'jacobt6', 'efs2', 'haoran7', 'tjricks2', 'amaloto2', 'karoche3', 'ryusuke2', 'ryanwm2', 'wyik2', 'fshyti2', 'marialc3', 'kaylalh3']",3,"['chyu3', None, 'sas0091']",58,"['pc20', 'keithmse304', 'aarondh2', 'sopfeil2', 'tagomez2', 'torsr2', 'damer', 'aniyogi2', 'nk13', 'mmj5', 'hatoonb2', 'simong2', 'xianzhi2', 'danayun2', 'mozahma2', 'rjf5', 'rvplank2', 'dhamill2', 'youfuq2', 'ssethi7', 'acevans4', 'jinyang9', 'zainab2', 'gcangi2', 'chyu3', 'aatrey3', 'jalies2', 'ddejong2', 'sas0091', 'ericy3', 'ssibi2', 'ajscott5', 'anishas4', 'hanlinw3', 'rsears4', 'wrishk2', 'depew2', 'anm9', 'sali93', 'jaredf2', 'yunzhes2', None, 'abhirs2', 'boyangy4', 'jaehong3', 'jacobt6', 'efs2', 'haoran7', 'tjricks2', 'amaloto2', 'karoche3', 'ryusuke2', 'shawnc2', 'ryanwm2', 'wyik2', 'fshyti2', 'marialc3', 'kaylalh3']"
15,254,56,11,9,"['jaehong3', 'rjf5', 'rvplank2', 'keithmse304', 'ericy3', 'shawnc2', 'hanlinw3', 'mmj5', 'gcangi2']",46,"['pc20', 'aarondh2', 'sopfeil2', 'tagomez2', 'torsr2', 'damer', 'aniyogi2', 'nk13', 'hatoonb2', 'simong2', 'xianzhi2', 'danayun2', 'mozahma2', 'dhamill2', 'youfuq2', 'ssethi7', 'acevans4', 'jinyang9', 'zainab2', 'aatrey3', 'jalies2', 'ddejong2', 'ssibi2', 'ajscott5', 'anishas4', 'rsears4', 'wrishk2', 'depew2', 'anm9', 'sali93', 'jaredf2', 'yunzhes2', 'abhirs2', 'boyangy4', 'jacobt6', 'efs2', 'haoran7', 'tjricks2', 'amaloto2', 'karoche3', 'ryusuke2', 'ryanwm2', 'wyik2', 'fshyti2', 'marialc3', 'kaylalh3']",2,"[None, 'wkwak2']",57,"['pc20', 'keithmse304', 'aarondh2', 'sopfeil2', 'tagomez2', 'torsr2', 'damer', 'aniyogi2', 'nk13', 'mmj5', 'hatoonb2', 'simong2', 'xianzhi2', 'danayun2', 'mozahma2', 'rjf5', 'rvplank2', 'dhamill2', 'youfuq2', 'ssethi7', 'acevans4', 'jinyang9', 'wkwak2', 'zainab2', 'gcangi2', 'aatrey3', 'jalies2', 'ddejong2', 'ericy3', 'ssibi2', 'ajscott5', 'anishas4', 'hanlinw3', 'rsears4', 'wrishk2', 'depew2', 'anm9', 'sali93', 'jaredf2', 'yunzhes2', None, 'abhirs2', 'boyangy4', 'jaehong3', 'jacobt6', 'efs2', 'haoran7', 'tjricks2', 'amaloto2', 'karoche3', 'ryusuke2', 'shawnc2', 'ryanwm2', 'wyik2', 'fshyti2', 'marialc3', 'kaylalh3']"
16,351,56,28,24,"['goldm.eldesouky', 'moahrafmousa', 'khaledsoud7', 'khaled.7ammouda', 'bayoumi', 'mahmoudramadan218', 'mhosni', 'mhefnawy', 'ibrahim.mostafa', 'mohamedwalled', 'mohammedeldesouky96', 'abdullah19', 'mustafaelsayed', 'ahmed_hossam', 'mahmoudfathy', 'nehalmohamed', 'tnthassan', 'aelgazzar', 'tareknasser1999', 'mohamedroshdy', 'john.wafeek', 'elshaf3y', 'tareq1999', 'ahmedalaa']",31,"['roni1234', 'nabilah325', 'adib1234', 'rahim06aidol', 'm_mansour', 'nurulhaidahhamizan0207', 'izatulamira16', 'jzchan', 'ngkin', 'puiyenlpy', 'adibmd', 'afwan1999', 'hirosaka', 'lavender9946', 'nurhidayah.abubakar', 'gcqian96', 'chunhoeliew1998', 'noratiqahmuin', 'ahmedhashem', 'salahnassar', 'mingyi', 'haziqchai', 'ameruddin5185', 'rakinalmamun', 'cwooi1998', 'gineshraj', 'wrm1711', 'aziranatasha1999', 'arvindran1999', 'simonkoaykl', 'yuanjie96']",4,"['bassantmo', 'adelrahmanmomen', 'moh1998hattem', None]",59,"['roni1234', 'goldm.eldesouky', 'nabilah325', 'moh1998hattem', 'adib1234', 'moahrafmousa', 'rahim06aidol', 'nurulhaidahhamizan0207', 'bayoumi', 'mahmoudramadan218', 'izatulamira16', 'mohamedwalled', 'mohammedeldesouky96', 'adibmd', 'afwan1999', 'bassantmo', 'abdullah19', 'mustafaelsayed', 'ahmed_hossam', 'nurhidayah.abubakar', 'adelrahmanmomen', 'gcqian96', 'chunhoeliew1998', 'noratiqahmuin', 'ahmedhashem', 'tnthassan', 'ameruddin5185', 'gineshraj', 'tareknasser1999', 'wrm1711', 'elshaf3y', 'tareq1999', 'aziranatasha1999', 'yuanjie96', 'ahmedalaa', 'khaledsoud7', 'khaled.7ammouda', 'm_mansour', 'mhosni', 'jzchan', 'mhefnawy', 'ibrahim.mostafa', 'ngkin', 'puiyenlpy', 'hirosaka', 'lavender9946', 'mahmoudfathy', 'nehalmohamed', 'salahnassar', 'mingyi', 'haziqchai', None, 'aelgazzar', 'rakinalmamun', 'cwooi1998', 'mohamedroshdy', 'john.wafeek', 'simonkoaykl', 'arvindran1999']"
16,350,56,17,14,"['nabilah325', 'adib1234', 'ameruddin5185', 'rahim06aidol', 'nurhidayah.abubakar', 'gineshraj', 'nurulhaidahhamizan0207', 'wrm1711', 'aziranatasha1999', 'arvindran1999', 'afwan1999', 'adibmd', 'haziqchai', 'izatulamira16']",41,"['roni1234', 'goldm.eldesouky', 'moahrafmousa', 'khaledsoud7', 'khaled.7ammouda', 'm_mansour', 'bayoumi', 'mahmoudramadan218', 'mhosni', 'jzchan', 'mhefnawy', 'ibrahim.mostafa', 'ngkin', 'mohamedwalled', 'puiyenlpy', 'mohammedeldesouky96', 'abdullah19', 'hirosaka', 'mustafaelsayed', 'lavender9946', 'ahmed_hossam', 'mahmoudfathy', 'nehalmohamed', 'gcqian96', 'chunhoeliew1998', 'noratiqahmuin', 'ahmedhashem', 'salahnassar', 'mingyi', 'tnthassan', 'aelgazzar', 'rakinalmamun', 'cwooi1998', 'tareknasser1999', 'mohamedroshdy', 'john.wafeek', 'elshaf3y', 'tareq1999', 'simonkoaykl', 'yuanjie96', 'ahmedalaa']",3,"['amirahsyafirahrizal', None, 'nurulezaila']",58,"['roni1234', 'goldm.eldesouky', 'nabilah325', 'adib1234', 'moahrafmousa', 'khaledsoud7', 'rahim06aidol', 'khaled.7ammouda', 'm_mansour', 'nurulhaidahhamizan0207', 'bayoumi', 'mahmoudramadan218', 'amirahsyafirahrizal', 'ahmedalaa', 'izatulamira16', 'mhosni', 'jzchan', 'mhefnawy', 'ibrahim.mostafa', 'ngkin', 'mohamedwalled', 'puiyenlpy', 'mohammedeldesouky96', 'adibmd', 'afwan1999', 'abdullah19', 'hirosaka', 'mustafaelsayed', 'lavender9946', 'ahmed_hossam', 'mahmoudfathy', 'nurhidayah.abubakar', 'nehalmohamed', 'gcqian96', 'chunhoeliew1998', 'noratiqahmuin', 'ahmedhashem', 'salahnassar', 'mingyi', 'haziqchai', None, 'tnthassan', 'aelgazzar', 'nurulezaila', 'ameruddin5185', 'rakinalmamun', 'cwooi1998', 'gineshraj', 'tareknasser1999', 'mohamedroshdy', 'wrm1711', 'john.wafeek', 'elshaf3y', 'tareq1999', 'aziranatasha1999', 'arvindran1999', 'simonkoaykl', 'yuanjie96']"
16,352,56,8,7,"['tnthassan', 'mhefnawy', 'm_mansour', 'salahnassar', 'elshaf3y', 'tareq1999', 'ahmedalaa']",48,"['roni1234', 'goldm.eldesouky', 'nabilah325', 'adib1234', 'moahrafmousa', 'khaledsoud7', 'rahim06aidol', 'khaled.7ammouda', 'nurulhaidahhamizan0207', 'bayoumi', 'mahmoudramadan218', 'izatulamira16', 'mhosni', 'jzchan', 'ibrahim.mostafa', 'ngkin', 'mohamedwalled', 'puiyenlpy', 'mohammedeldesouky96', 'adibmd', 'afwan1999', 'abdullah19', 'hirosaka', 'mustafaelsayed', 'lavender9946', 'ahmed_hossam', 'mahmoudfathy', 'nurhidayah.abubakar', 'nehalmohamed', 'gcqian96', 'chunhoeliew1998', 'noratiqahmuin', 'ahmedhashem', 'mingyi', 'haziqchai', 'aelgazzar', 'ameruddin5185', 'rakinalmamun', 'cwooi1998', 'gineshraj', 'tareknasser1999', 'mohamedroshdy', 'wrm1711', 'john.wafeek', 'aziranatasha1999', 'arvindran1999', 'simonkoaykl', 'yuanjie96']",1,[None],56,"['roni1234', 'goldm.eldesouky', 'nabilah325', 'adib1234', 'moahrafmousa', 'khaledsoud7', 'rahim06aidol', 'khaled.7ammouda', 'm_mansour', 'nurulhaidahhamizan0207', 'bayoumi', 'mahmoudramadan218', 'ahmedalaa', 'izatulamira16', 'mhosni', 'jzchan', 'mhefnawy', 'ibrahim.mostafa', 'ngkin', 'mohamedwalled', 'puiyenlpy', 'mohammedeldesouky96', 'adibmd', 'afwan1999', 'abdullah19', 'hirosaka', 'mustafaelsayed', 'lavender9946', 'ahmed_hossam', 'mahmoudfathy', 'nurhidayah.abubakar', 'nehalmohamed', 'gcqian96', 'chunhoeliew1998', 'noratiqahmuin', 'ahmedhashem', 'salahnassar', 'mingyi', 'haziqchai', None, 'tnthassan', 'aelgazzar', 'ameruddin5185', 'rakinalmamun', 'cwooi1998', 'gineshraj', 'tareknasser1999', 'mohamedroshdy', 'wrm1711', 'john.wafeek', 'elshaf3y', 'tareq1999', 'aziranatasha1999', 'arvindran1999', 'simonkoaykl', 'yuanjie96']"
17,310,55,47,44,"['js5936', 'lc3602', 'xl3063', 'dg3064', 'ck3072', 'hsm2153', 'yvonne', 'hh2863', 'wycq2022', 'ma4160', 'ak4574', 'mehtaab', 'ssv2131', 'kt2795', 'zhangyux', 'yz3953', 'jss2305', 'rl3226', 'jx2466', 'js5937', 'zz906324474', 'nrs2171', 'aps2222', 'yk2953', 'jj3135', 'fn2221', 'aurban', 'jes2313', 'yh3289', 'kunalgaikwad', 'mx2260', 'abedalhazmi', 'ce2433', 'jcb2283', 'dj2606', 'wd2332', 'nm3078', 'mf3430', 'kmb2285', 'gfwang', 'samaygarg', 'mz2814', 'aa4838', 'anshika_aa4816']",10,"['hussain.tajj', 'maytham.alzayer', 'jihoonl', 'mkarni254', 'rps2159', 'matheusleao882', 'jv2754', 'njagaa', 'luciane.silva', 'agh2175']",3,"['ht2566', None, 'xinhao']",57,"['ck3072', 'xinhao', 'hsm2153', 'yvonne', 'ht2566', 'hh2863', 'wycq2022', 'jihoonl', 'mehtaab', 'matheusleao882', 'zhangyux', 'rl3226', 'luciane.silva', 'agh2175', 'zz906324474', 'nrs2171', 'hussain.tajj', 'yk2953', 'jes2313', 'yh3289', 'rps2159', 'abedalhazmi', 'dj2606', 'mkarni254', 'mf3430', 'kmb2285', 'gfwang', 'samaygarg', 'mz2814', 'aps2222', 'anshika_aa4816', 'js5936', 'xl3063', 'lc3602', 'dg3064', 'jv2754', 'njagaa', 'ma4160', 'ak4574', 'ssv2131', 'kt2795', 'yz3953', 'jss2305', 'jx2466', 'js5937', 'jj3135', 'fn2221', 'aurban', 'mx2260', None, 'ce2433', 'maytham.alzayer', 'jcb2283', 'wd2332', 'nm3078', 'kunalgaikwad', 'aa4838']"
18,612,50,23,20,"['booth26', 'ho171', 'madden26', 'dbouche', 'lester13', 'swimtowin2000', 'amidkiff', 'pike16', 'ackerm12', 'patel919', 'meeks18', 'nromick', 'chand', 'cshr', 'jlamia', 'lee2986', 'ldepasq', 'larsen16', 'ezolcak', 'czigan']",29,"['cviney', 'landam', 'sellierh', 'ciprianrizescu2001', 'vishal868panchal', 'jreagan', 'm.safikhani92', 'marmorierung', 'nicoeim', 'carltw20', 'iamzaki', 'lwilliams40', 'bpowell5', 'ybhan', 'aolszewski', 'rvilla12', 'afaddoul', 'jlopez553', 'msajjad', 'schiodini85', 'brow1798', 'mcampbell24', 'alisonlop', 'anton17', 'eberardocamorlinga522', 'thaikelly49', 'hill434', 'dcollinson', 'biancalarios']",3,"['slater16', None, 'uchung']",52,"['cviney', 'booth26', 'landam', 'sellierh', 'ho171', 'ciprianrizescu2001', 'jreagan', 'm.safikhani92', 'vishal868panchal', 'slater16', 'madden26', 'dbouche', 'marmorierung', 'nicoeim', 'swimtowin2000', 'lester13', 'amidkiff', 'pike16', 'carltw20', 'ackerm12', 'patel919', 'iamzaki', 'lwilliams40', 'meeks18', 'nromick', 'chand', 'bpowell5', 'ybhan', 'aolszewski', 'cshr', 'rvilla12', 'afaddoul', 'jlamia', 'jlopez553', 'msajjad', 'lee2986', 'schiodini85', 'brow1798', None, 'ldepasq', 'uchung', 'larsen16', 'mcampbell24', 'alisonlop', 'anton17', 'eberardocamorlinga522', 'ezolcak', 'thaikelly49', 'czigan', 'hill434', 'dcollinson', 'biancalarios']"
18,611,50,15,12,"['cviney', 'mcampbell24', 'alisonlop', 'eberardocamorlinga522', 'bpowell5', 'jreagan', 'thaikelly49', 'aolszewski', 'rvilla12', 'jlopez553', 'biancalarios', 'lwilliams40']",37,"['booth26', 'landam', 'sellierh', 'ciprianrizescu2001', 'ho171', 'vishal868panchal', 'm.safikhani92', 'madden26', 'dbouche', 'marmorierung', 'nicoeim', 'swimtowin2000', 'lester13', 'amidkiff', 'pike16', 'carltw20', 'ackerm12', 'patel919', 'iamzaki', 'meeks18', 'nromick', 'chand', 'ybhan', 'cshr', 'afaddoul', 'jlamia', 'msajjad', 'lee2986', 'schiodini85', 'brow1798', 'ldepasq', 'larsen16', 'anton17', 'ezolcak', 'czigan', 'hill434', 'dcollinson']",3,"[None, 'aashworth', 'oscarpacas0']",52,"['cviney', 'booth26', 'landam', 'sellierh', 'ho171', 'ciprianrizescu2001', 'jreagan', 'm.safikhani92', 'vishal868panchal', 'madden26', 'dbouche', 'marmorierung', 'oscarpacas0', 'aashworth', 'nicoeim', 'swimtowin2000', 'lester13', 'amidkiff', 'pike16', 'carltw20', 'ackerm12', 'patel919', 'iamzaki', 'lwilliams40', 'meeks18', 'nromick', 'chand', 'bpowell5', 'ybhan', 'aolszewski', 'cshr', 'rvilla12', 'afaddoul', 'jlamia', 'jlopez553', 'msajjad', 'lee2986', 'schiodini85', 'brow1798', None, 'ldepasq', 'larsen16', 'mcampbell24', 'alisonlop', 'anton17', 'eberardocamorlinga522', 'ezolcak', 'thaikelly49', 'czigan', 'hill434', 'dcollinson', 'biancalarios']"
19,187,50,47,7,"['u1186528', 'u1276618', 'u1125575', 'u1243302', 'u1298467', 'u1236914', 'cakeman376']",42,"['bpuentes', 'whormazadia', 'cusx6172021', 'alejandro123654', 'akdrubo', 'leonardo08san03', 'gu5tav0amadorg0mez12', 'andresmogotes2003', 'adil108', 'zaharovych_bi', 'karenclavijo002', 'sumeyratek', 'recobabrayan126', '2461852468zjdla', 'chechoa501111', 'pfonsecamen', 'fabi.green246', 'robert0731', 'tatianagonzalez99', 'siam161143', 'leggart', 'urielvesa24', 'sergio.cespedes', 'urieltz_19', 'drianogarci', 'leandriino06', 'peria004', 'karkhani', 'ahh37600', 'm.morenob', 'leonel.p.r03', 'shadahamed', 'smita.s', 'karenfdez83', 'juanse8425', 'jeremy23mateo', 'zayvargas619', 'olhamamai2020', 'daniel07gonzalvarado', 'kateryna.poliakova.bi.2020', 'samirromerom47', 'salsaverde']",40,"['u1165725', 'u1301409', 'u1199004', 'u1296469', 'u1267306', 'u1377774', 'u1237713', 'u1243945', 'u1202047', 'u1310266', 'u0987000', 'u0763701', 'u1388855', 'u1053545', 'blairf07', 'u1252939', 'u0848035', 'u1307643', 'u1082083', 'u1306914', 'u1192000', 'u1244098', 'u1258653', 'u1356604', 'u1300908', 'u1080485', None, 'u1333467', 'u1388116', 'u1315626', 'u1363450', 'u1301463', 'u1317618', 'u1347846', 'u1326182', 'u1151793', 'u1376180', 'u1098999', 'u1350362', 'u1189825']",89,"['u1301409', 'u1296469', 'cusx6172021', 'alejandro123654', 'u1267306', 'adil108', 'zaharovych_bi', 'sumeyratek', 'recobabrayan126', 'u1243945', 'u1098999', 'chechoa501111', 'u1310266', 'pfonsecamen', 'fabi.green246', 'robert0731', 'tatianagonzalez99', 'urielvesa24', 'u1276618', 'u1053545', 'u1252939', 'urieltz_19', 'u0848035', 'leandriino06', 'peria004', 'u1306914', 'u1258653', 'u1125575', 'u1356604', 'u1300908', 'leonel.p.r03', 'u1080485', 'smita.s', 'karenfdez83', 'u1388116', 'u1315626', 'juanse8425', 'u1317618', 'u1326182', 'zayvargas619', 'u1243302', 'kateryna.poliakova.bi.2020', 'cakeman376', 'u1165725', 'bpuentes', 'whormazadia', 'u1199004', 'akdrubo', 'leonardo08san03', 'u1377774', 'gu5tav0amadorg0mez12', 'andresmogotes2003', 'karenclavijo002', 'u1237713', '2461852468zjdla', 'u1202047', 'u0987000', 'u1186528', 'siam161143', 'leggart', 'u0763701', 'u1388855', 'sergio.cespedes', 'blairf07', 'u1236914', 'u1307643', 'drianogarci', 'u1082083', 'karkhani', 'u1192000', 'u1244098', 'ahh37600', 'm.morenob', 'shadahamed', None, 'u1333467', 'u1301463', 'u1363450', 'u1347846', 'jeremy23mateo', 'u1151793', 'olhamamai2020', 'u1376180', 'daniel07gonzalvarado', 'samirromerom47', 'u1298467', 'u1350362', 'salsaverde', 'u1189825']"
19,184,50,26,1,['salsaverde'],48,"['bpuentes', 'whormazadia', 'cusx6172021', 'alejandro123654', 'akdrubo', 'leonardo08san03', 'gu5tav0amadorg0mez12', 'andresmogotes2003', 'adil108', 'zaharovych_bi', 'karenclavijo002', 'sumeyratek', 'recobabrayan126', '2461852468zjdla', 'chechoa501111', 'pfonsecamen', 'fabi.green246', 'robert0731', 'tatianagonzalez99', 'u1186528', 'siam161143', 'urielvesa24', 'leggart', 'u1276618', 'sergio.cespedes', 'urieltz_19', 'u1236914', 'drianogarci', 'leandriino06', 'peria004', 'karkhani', 'ahh37600', 'm.morenob', 'u1125575', 'leonel.p.r03', 'shadahamed', 'smita.s', 'karenfdez83', 'juanse8425', 'jeremy23mateo', 'zayvargas619', 'olhamamai2020', 'daniel07gonzalvarado', 'u1243302', 'kateryna.poliakova.bi.2020', 'samirromerom47', 'u1298467', 'cakeman376']",25,"['jrkamins', 'gachan1', 'rishid', 'yuvrajsc', 'eomartin', 'dingzhao', 'gsabraham', 'allison', 'mahgoubm', 'nmwilkerson', 'cjccarlson', 'heydrich', 'sdvoroch', 'gejaeger', 'kaylin18', 'noshea', 'courtck1', 'ylin0413', 'mikeymvn', None, 'tichada', 'jnhale', 'ewhorn', 'rcastelo', 'tdsun']",74,"['bpuentes', 'whormazadia', 'jrkamins', 'yuvrajsc', 'cusx6172021', 'alejandro123654', 'rishid', 'akdrubo', 'leonardo08san03', 'gachan1', 'gu5tav0amadorg0mez12', 'eomartin', 'andresmogotes2003', 'dingzhao', 'adil108', 'zaharovych_bi', 'karenclavijo002', 'sumeyratek', 'recobabrayan126', '2461852468zjdla', 'chechoa501111', 'pfonsecamen', 'fabi.green246', 'robert0731', 'gsabraham', 'allison', 'tatianagonzalez99', 'u1186528', 'siam161143', 'urielvesa24', 'leggart', 'u1276618', 'sergio.cespedes', 'mahgoubm', 'tdsun', 'nmwilkerson', 'cjccarlson', 'heydrich', 'urieltz_19', 'u1236914', 'sdvoroch', 'gejaeger', 'kaylin18', 'drianogarci', 'leandriino06', 'peria004', 'karkhani', 'noshea', 'courtck1', 'ahh37600', 'm.morenob', 'u1125575', 'ylin0413', 'mikeymvn', 'leonel.p.r03', 'shadahamed', 'smita.s', 'karenfdez83', None, 'tichada', 'juanse8425', 'jnhale', 'jeremy23mateo', 'zayvargas619', 'olhamamai2020', 'daniel07gonzalvarado', 'ewhorn', 'u1243302', 'kateryna.poliakova.bi.2020', 'samirromerom47', 'u1298467', 'rcastelo', 'salsaverde', 'cakeman376']"
19,164,50,24,3,"['leandriino06', 'whormazadia', 'chechoa501111']",46,"['bpuentes', 'cusx6172021', 'alejandro123654', 'akdrubo', 'leonardo08san03', 'gu5tav0amadorg0mez12', 'andresmogotes2003', 'adil108', 'zaharovych_bi', 'karenclavijo002', 'sumeyratek', 'recobabrayan126', '2461852468zjdla', 'pfonsecamen', 'fabi.green246', 'robert0731', 'tatianagonzalez99', 'u1186528', 'siam161143', 'urielvesa24', 'leggart', 'u1276618', 'sergio.cespedes', 'urieltz_19', 'u1236914', 'drianogarci', 'peria004', 'karkhani', 'ahh37600', 'm.morenob', 'u1125575', 'leonel.p.r03', 'shadahamed', 'smita.s', 'karenfdez83', 'juanse8425', 'jeremy23mateo', 'zayvargas619', 'olhamamai2020', 'daniel07gonzalvarado', 'u1243302', 'kateryna.poliakova.bi.2020', 'samirromerom47', 'u1298467', 'salsaverde', 'cakeman376']",21,"['annikal', 'knightnb', 'suverian1', 'burenzaya', 'batuukb802', 'claytons2', 'mlnauman', 'alsharieffa', 'dustinhl', 'salazarm2', 'harooonm2', 'm_flores4', 'vallejora2', 'patelda23', None, 'jdzhu49', 'caudillsj', 'dawkinsm2', 'caitlincramer12', 'rkhoie131', 'youngkd']",70,"['annikal', 'bpuentes', 'whormazadia', 'knightnb', 'cusx6172021', 'alejandro123654', 'akdrubo', 'leonardo08san03', 'gu5tav0amadorg0mez12', 'suverian1', 'andresmogotes2003', 'adil108', 'zaharovych_bi', 'karenclavijo002', 'sumeyratek', 'recobabrayan126', '2461852468zjdla', 'chechoa501111', 'burenzaya', 'pfonsecamen', 'fabi.green246', 'robert0731', 'tatianagonzalez99', 'u1186528', 'siam161143', 'urielvesa24', 'leggart', 'u1276618', 'sergio.cespedes', 'batuukb802', 'claytons2', 'mlnauman', 'alsharieffa', 'urieltz_19', 'u1236914', 'drianogarci', 'leandriino06', 'dustinhl', 'peria004', 'karkhani', 'salazarm2', 'ahh37600', 'm.morenob', 'harooonm2', 'u1125575', 'leonel.p.r03', 'shadahamed', 'm_flores4', 'vallejora2', 'patelda23', 'smita.s', 'karenfdez83', None, 'jdzhu49', 'juanse8425', 'caudillsj', 'jeremy23mateo', 'dawkinsm2', 'zayvargas619', 'olhamamai2020', 'caitlincramer12', 'daniel07gonzalvarado', 'rkhoie131', 'youngkd', 'u1243302', 'kateryna.poliakova.bi.2020', 'samirromerom47', 'u1298467', 'salsaverde', 'cakeman376']"
19,165,50,21,8,"['drianogarci', 'leandriino06', 'whormazadia', 'alejandro123654', 'jeremy23mateo', 'sergio.cespedes', 'karenclavijo002', 'samirromerom47']",41,"['bpuentes', 'cusx6172021', 'akdrubo', 'leonardo08san03', 'gu5tav0amadorg0mez12', 'andresmogotes2003', 'adil108', 'zaharovych_bi', 'sumeyratek', 'recobabrayan126', '2461852468zjdla', 'chechoa501111', 'pfonsecamen', 'fabi.green246', 'robert0731', 'tatianagonzalez99', 'u1186528', 'siam161143', 'urielvesa24', 'leggart', 'u1276618', 'urieltz_19', 'u1236914', 'peria004', 'karkhani', 'ahh37600', 'm.morenob', 'u1125575', 'leonel.p.r03', 'shadahamed', 'smita.s', 'karenfdez83', 'juanse8425', 'zayvargas619', 'olhamamai2020', 'daniel07gonzalvarado', 'u1243302', 'kateryna.poliakova.bi.2020', 'u1298467', 'salsaverde', 'cakeman376']",13,"['gilarmando09', 'countrycontreras', 'angie.cely', 'armandopapaya.45', 'jorgeluislb08', 'sebastian.caor', 'davitcito11', 'milton891227', 'sebastiangarzon20', 'francisco.santamaria095', 'maria.paladines', 'sxnrxk03', None]",62,"['armandopapaya.45', 'bpuentes', 'whormazadia', 'cusx6172021', 'alejandro123654', 'akdrubo', 'leonardo08san03', 'gu5tav0amadorg0mez12', 'davitcito11', 'andresmogotes2003', 'milton891227', 'sebastiangarzon20', 'adil108', 'zaharovych_bi', 'francisco.santamaria095', 'karenclavijo002', 'sumeyratek', 'recobabrayan126', '2461852468zjdla', 'chechoa501111', 'gilarmando09', 'countrycontreras', 'pfonsecamen', 'fabi.green246', 'robert0731', 'tatianagonzalez99', 'u1186528', 'siam161143', 'urielvesa24', 'leggart', 'u1276618', 'sergio.cespedes', 'urieltz_19', 'u1236914', 'sxnrxk03', 'drianogarci', 'leandriino06', 'peria004', 'karkhani', 'ahh37600', 'm.morenob', 'u1125575', 'leonel.p.r03', 'shadahamed', 'smita.s', 'karenfdez83', None, 'angie.cely', 'juanse8425', 'jeremy23mateo', 'jorgeluislb08', 'zayvargas619', 'olhamamai2020', 'sebastian.caor', 'daniel07gonzalvarado', 'maria.paladines', 'u1243302', 'kateryna.poliakova.bi.2020', 'samirromerom47', 'u1298467', 'salsaverde', 'cakeman376']"
19,154,50,19,8,"['cusx6172021', 'urielvesa24', 'ahh37600', 'gu5tav0amadorg0mez12', 'leonel.p.r03', 'recobabrayan126', 'urieltz_19', '2461852468zjdla']",41,"['bpuentes', 'whormazadia', 'alejandro123654', 'akdrubo', 'leonardo08san03', 'andresmogotes2003', 'adil108', 'zaharovych_bi', 'karenclavijo002', 'sumeyratek', 'chechoa501111', 'pfonsecamen', 'fabi.green246', 'robert0731', 'tatianagonzalez99', 'u1186528', 'siam161143', 'leggart', 'u1276618', 'sergio.cespedes', 'u1236914', 'drianogarci', 'leandriino06', 'peria004', 'karkhani', 'm.morenob', 'u1125575', 'shadahamed', 'smita.s', 'karenfdez83', 'juanse8425', 'jeremy23mateo', 'zayvargas619', 'olhamamai2020', 'daniel07gonzalvarado', 'u1243302', 'kateryna.poliakova.bi.2020', 'samirromerom47', 'u1298467', 'salsaverde', 'cakeman376']",11,"['vazquezmisael64', 'jodfa2', 'fabianf', 'jacome.alexa02', 'wililuna9999', 'jesuszempoaltecatl89', 'fabianmartinezromero24', 'mbedollah', 'axitas13', None, 'gabrielbadilloch13']",60,"['bpuentes', 'whormazadia', 'cusx6172021', 'alejandro123654', 'akdrubo', 'leonardo08san03', 'gu5tav0amadorg0mez12', 'andresmogotes2003', 'fabianmartinezromero24', 'adil108', 'zaharovych_bi', 'karenclavijo002', 'sumeyratek', 'recobabrayan126', '2461852468zjdla', 'chechoa501111', 'pfonsecamen', 'fabi.green246', 'robert0731', 'tatianagonzalez99', 'u1186528', 'siam161143', 'urielvesa24', 'leggart', 'u1276618', 'sergio.cespedes', 'jodfa2', 'urieltz_19', 'u1236914', 'drianogarci', 'leandriino06', 'peria004', 'karkhani', 'vazquezmisael64', 'ahh37600', 'm.morenob', 'u1125575', 'wililuna9999', 'leonel.p.r03', 'shadahamed', 'mbedollah', 'axitas13', 'smita.s', 'karenfdez83', None, 'juanse8425', 'fabianf', 'jeremy23mateo', 'zayvargas619', 'olhamamai2020', 'jacome.alexa02', 'daniel07gonzalvarado', 'jesuszempoaltecatl89', 'u1243302', 'kateryna.poliakova.bi.2020', 'samirromerom47', 'u1298467', 'salsaverde', 'gabrielbadilloch13', 'cakeman376']"
19,156,50,18,15,"['fabi.green246', 'u1186528', 'leggart', 'leonardo08san03', 'urielvesa24', 'u1276618', 'salsaverde', 'u1125575', 'smita.s', '2461852468zjdla', 'u1243302', 'leonel.p.r03', 'u1298467', 'u1236914', 'cakeman376']",34,"['bpuentes', 'whormazadia', 'cusx6172021', 'alejandro123654', 'akdrubo', 'gu5tav0amadorg0mez12', 'andresmogotes2003', 'adil108', 'zaharovych_bi', 'karenclavijo002', 'sumeyratek', 'recobabrayan126', 'chechoa501111', 'pfonsecamen', 'robert0731', 'tatianagonzalez99', 'siam161143', 'sergio.cespedes', 'urieltz_19', 'drianogarci', 'leandriino06', 'peria004', 'karkhani', 'ahh37600', 'm.morenob', 'shadahamed', 'karenfdez83', 'juanse8425', 'jeremy23mateo', 'zayvargas619', 'olhamamai2020', 'daniel07gonzalvarado', 'kateryna.poliakova.bi.2020', 'samirromerom47']",3,"['abhirupp', None, 'wililuna9999']",52,"['bpuentes', 'whormazadia', 'cusx6172021', 'alejandro123654', 'akdrubo', 'leonardo08san03', 'gu5tav0amadorg0mez12', 'andresmogotes2003', 'adil108', 'zaharovych_bi', 'karenclavijo002', 'sumeyratek', 'recobabrayan126', '2461852468zjdla', 'chechoa501111', 'pfonsecamen', 'fabi.green246', 'robert0731', 'tatianagonzalez99', 'u1186528', 'siam161143', 'urielvesa24', 'leggart', 'u1276618', 'sergio.cespedes', 'urieltz_19', 'u1236914', 'drianogarci', 'leandriino06', 'peria004', 'karkhani', 'ahh37600', 'm.morenob', 'u1125575', 'wililuna9999', 'abhirupp', 'leonel.p.r03', 'shadahamed', 'smita.s', 'karenfdez83', None, 'juanse8425', 'jeremy23mateo', 'zayvargas619', 'olhamamai2020', 'daniel07gonzalvarado', 'u1243302', 'kateryna.poliakova.bi.2020', 'samirromerom47', 'u1298467', 'salsaverde', 'cakeman376']"
19,171,50,17,2,"['alejandro123654', 'pfonsecamen']",47,"['bpuentes', 'whormazadia', 'cusx6172021', 'akdrubo', 'leonardo08san03', 'gu5tav0amadorg0mez12', 'andresmogotes2003', 'adil108', 'zaharovych_bi', 'karenclavijo002', 'sumeyratek', 'recobabrayan126', '2461852468zjdla', 'chechoa501111', 'robert0731', 'fabi.green246', 'tatianagonzalez99', 'u1186528', 'siam161143', 'urielvesa24', 'leggart', 'u1276618', 'sergio.cespedes', 'urieltz_19', 'u1236914', 'drianogarci', 'leandriino06', 'peria004', 'karkhani', 'ahh37600', 'm.morenob', 'u1125575', 'leonel.p.r03', 'shadahamed', 'smita.s', 'karenfdez83', 'juanse8425', 'jeremy23mateo', 'zayvargas619', 'olhamamai2020', 'daniel07gonzalvarado', 'u1243302', 'kateryna.poliakova.bi.2020', 'samirromerom47', 'u1298467', 'salsaverde', 'cakeman376']",15,"['angie.cely', 'romehazz', 'cristiancorr', 'ds.carmona', 'marioalejandroruizsarmiento', 'mateofm1904', 'dianavtorresj', 'camilo0802', 'callita291076', 'fernandaortiz99', 'as.gomez', 'jpineroscharry', 'davidsrreyes', None, 'alejandra.as365']",64,"['bpuentes', 'whormazadia', 'cusx6172021', 'alejandro123654', 'akdrubo', 'leonardo08san03', 'gu5tav0amadorg0mez12', 'alejandra.as365', 'andresmogotes2003', 'dianavtorresj', 'camilo0802', 'adil108', 'zaharovych_bi', 'callita291076', 'karenclavijo002', 'sumeyratek', 'recobabrayan126', '2461852468zjdla', 'chechoa501111', 'pfonsecamen', 'fabi.green246', 'robert0731', 'tatianagonzalez99', 'u1186528', 'siam161143', 'urielvesa24', 'leggart', 'u1276618', 'sergio.cespedes', 'mateofm1904', 'as.gomez', 'jpineroscharry', 'urieltz_19', 'u1236914', 'romehazz', 'drianogarci', 'leandriino06', 'peria004', 'karkhani', 'cristiancorr', 'ds.carmona', 'ahh37600', 'm.morenob', 'u1125575', 'fernandaortiz99', 'leonel.p.r03', 'shadahamed', 'smita.s', 'karenfdez83', None, 'angie.cely', 'juanse8425', 'marioalejandroruizsarmiento', 'jeremy23mateo', 'zayvargas619', 'olhamamai2020', 'daniel07gonzalvarado', 'u1243302', 'kateryna.poliakova.bi.2020', 'samirromerom47', 'u1298467', 'davidsrreyes', 'salsaverde', 'cakeman376']"
19,162,50,16,3,"['pfonsecamen', 'drianogarci', 'robert0731']",46,"['bpuentes', 'whormazadia', 'cusx6172021', 'alejandro123654', 'akdrubo', 'leonardo08san03', 'gu5tav0amadorg0mez12', 'andresmogotes2003', 'adil108', 'zaharovych_bi', 'karenclavijo002', 'sumeyratek', 'recobabrayan126', '2461852468zjdla', 'chechoa501111', 'fabi.green246', 'tatianagonzalez99', 'u1186528', 'siam161143', 'urielvesa24', 'leggart', 'u1276618', 'sergio.cespedes', 'urieltz_19', 'u1236914', 'leandriino06', 'peria004', 'karkhani', 'ahh37600', 'm.morenob', 'u1125575', 'leonel.p.r03', 'shadahamed', 'smita.s', 'karenfdez83', 'juanse8425', 'jeremy23mateo', 'zayvargas619', 'olhamamai2020', 'daniel07gonzalvarado', 'u1243302', 'kateryna.poliakova.bi.2020', 'samirromerom47', 'u1298467', 'salsaverde', 'cakeman376']",13,"['countrycontreras', 'mzamoraflor', 'derlycamilagaona', 'sebastian.caor', 'davitcito11', 'milton891227', 'mpabonhurt1', 'francisco.santamaria095', 'santibarbosa2022', 'olman.suarez', None, 'kimber', 'karenchaparro1998']",62,"['bpuentes', 'whormazadia', 'mzamoraflor', 'cusx6172021', 'alejandro123654', 'akdrubo', 'leonardo08san03', 'gu5tav0amadorg0mez12', 'davitcito11', 'andresmogotes2003', 'milton891227', 'mpabonhurt1', 'adil108', 'zaharovych_bi', 'francisco.santamaria095', 'karenclavijo002', 'sumeyratek', 'recobabrayan126', '2461852468zjdla', 'chechoa501111', 'countrycontreras', 'pfonsecamen', 'fabi.green246', 'robert0731', 'tatianagonzalez99', 'u1186528', 'siam161143', 'urielvesa24', 'leggart', 'u1276618', 'sergio.cespedes', 'derlycamilagaona', 'urieltz_19', 'u1236914', 'kimber', 'karenchaparro1998', 'drianogarci', 'leandriino06', 'peria004', 'karkhani', 'ahh37600', 'm.morenob', 'u1125575', 'santibarbosa2022', 'leonel.p.r03', 'shadahamed', 'olman.suarez', 'smita.s', 'karenfdez83', None, 'juanse8425', 'jeremy23mateo', 'sebastian.caor', 'zayvargas619', 'olhamamai2020', 'daniel07gonzalvarado', 'u1243302', 'kateryna.poliakova.bi.2020', 'samirromerom47', 'u1298467', 'salsaverde', 'cakeman376']"
19,169,50,16,4,"['siam161143', 'akdrubo', 'zayvargas619', 'shadahamed']",45,"['bpuentes', 'whormazadia', 'cusx6172021', 'alejandro123654', 'leonardo08san03', 'gu5tav0amadorg0mez12', 'andresmogotes2003', 'adil108', 'zaharovych_bi', 'karenclavijo002', 'sumeyratek', 'recobabrayan126', '2461852468zjdla', 'chechoa501111', 'pfonsecamen', 'fabi.green246', 'robert0731', 'tatianagonzalez99', 'u1186528', 'leggart', 'urielvesa24', 'u1276618', 'sergio.cespedes', 'urieltz_19', 'u1236914', 'drianogarci', 'leandriino06', 'peria004', 'karkhani', 'ahh37600', 'm.morenob', 'u1125575', 'leonel.p.r03', 'smita.s', 'karenfdez83', 'juanse8425', 'jeremy23mateo', 'olhamamai2020', 'daniel07gonzalvarado', 'u1243302', 'kateryna.poliakova.bi.2020', 'samirromerom47', 'u1298467', 'salsaverde', 'cakeman376']",12,"['j2218109', 'rlaehrud5292', 'ksjin0807', 'sodoosodko49', 'choejihun6785', 'susannareggiani', 'soc06016', 'zudsyd', '928chan928', 'rhffha12345', None, 'antwerp23']",61,"['bpuentes', 'whormazadia', 'j2218109', 'rlaehrud5292', 'cusx6172021', 'alejandro123654', 'ksjin0807', 'akdrubo', 'leonardo08san03', 'choejihun6785', 'gu5tav0amadorg0mez12', 'susannareggiani', 'andresmogotes2003', 'adil108', 'zaharovych_bi', 'karenclavijo002', 'sumeyratek', 'recobabrayan126', '2461852468zjdla', 'chechoa501111', 'pfonsecamen', 'fabi.green246', 'robert0731', 'tatianagonzalez99', 'u1186528', 'siam161143', 'urielvesa24', 'leggart', 'u1276618', 'sergio.cespedes', 'sodoosodko49', 'zudsyd', 'rhffha12345', 'urieltz_19', 'u1236914', 'drianogarci', 'leandriino06', 'peria004', 'karkhani', 'ahh37600', 'm.morenob', 'u1125575', 'leonel.p.r03', 'shadahamed', 'smita.s', 'karenfdez83', None, 'juanse8425', 'jeremy23mateo', 'zayvargas619', 'olhamamai2020', 'daniel07gonzalvarado', 'soc06016', '928chan928', 'u1243302', 'kateryna.poliakova.bi.2020', 'samirromerom47', 'u1298467', 'salsaverde', 'antwerp23', 'cakeman376']"
19,188,50,13,10,"['fabi.green246', 'cusx6172021', 'urielvesa24', 'ahh37600', 'leonardo08san03', 'gu5tav0amadorg0mez12', 'leonel.p.r03', 'recobabrayan126', 'urieltz_19', '2461852468zjdla']",39,"['bpuentes', 'whormazadia', 'alejandro123654', 'akdrubo', 'andresmogotes2003', 'adil108', 'zaharovych_bi', 'karenclavijo002', 'sumeyratek', 'chechoa501111', 'pfonsecamen', 'robert0731', 'tatianagonzalez99', 'u1186528', 'siam161143', 'leggart', 'u1276618', 'sergio.cespedes', 'u1236914', 'drianogarci', 'leandriino06', 'peria004', 'karkhani', 'm.morenob', 'u1125575', 'shadahamed', 'smita.s', 'karenfdez83', 'juanse8425', 'jeremy23mateo', 'zayvargas619', 'olhamamai2020', 'daniel07gonzalvarado', 'u1243302', 'kateryna.poliakova.bi.2020', 'samirromerom47', 'u1298467', 'salsaverde', 'cakeman376']",3,"['gonzalezvidalca', None, 'wililuna9999']",52,"['bpuentes', 'whormazadia', 'cusx6172021', 'alejandro123654', 'akdrubo', 'leonardo08san03', 'gu5tav0amadorg0mez12', 'andresmogotes2003', 'gonzalezvidalca', 'adil108', 'zaharovych_bi', 'karenclavijo002', 'sumeyratek', 'recobabrayan126', '2461852468zjdla', 'chechoa501111', 'pfonsecamen', 'fabi.green246', 'robert0731', 'tatianagonzalez99', 'u1186528', 'siam161143', 'urielvesa24', 'leggart', 'u1276618', 'sergio.cespedes', 'urieltz_19', 'u1236914', 'drianogarci', 'leandriino06', 'peria004', 'karkhani', 'ahh37600', 'm.morenob', 'u1125575', 'wililuna9999', 'leonel.p.r03', 'shadahamed', 'smita.s', 'karenfdez83', None, 'juanse8425', 'jeremy23mateo', 'zayvargas619', 'olhamamai2020', 'daniel07gonzalvarado', 'u1243302', 'kateryna.poliakova.bi.2020', 'samirromerom47', 'u1298467', 'salsaverde', 'cakeman376']"
19,160,50,12,1,['zaharovych_bi'],48,"['bpuentes', 'whormazadia', 'cusx6172021', 'alejandro123654', 'akdrubo', 'leonardo08san03', 'gu5tav0amadorg0mez12', 'andresmogotes2003', 'adil108', 'karenclavijo002', 'sumeyratek', 'recobabrayan126', '2461852468zjdla', 'chechoa501111', 'pfonsecamen', 'fabi.green246', 'robert0731', 'tatianagonzalez99', 'u1186528', 'siam161143', 'urielvesa24', 'leggart', 'u1276618', 'sergio.cespedes', 'urieltz_19', 'u1236914', 'drianogarci', 'leandriino06', 'peria004', 'karkhani', 'ahh37600', 'm.morenob', 'u1125575', 'leonel.p.r03', 'shadahamed', 'smita.s', 'karenfdez83', 'juanse8425', 'jeremy23mateo', 'zayvargas619', 'olhamamai2020', 'daniel07gonzalvarado', 'u1243302', 'kateryna.poliakova.bi.2020', 'samirromerom47', 'u1298467', 'salsaverde', 'cakeman376']",11,"['knightnb', 'jiigee2001', 'salazarm2', 'harooonm2', 'ariunbold', 'rkhoie131', 'bayaraa', 'gazegamer813', 'alsharieffa', None, 'burenzaya']",60,"['bpuentes', 'whormazadia', 'knightnb', 'cusx6172021', 'alejandro123654', 'jiigee2001', 'akdrubo', 'leonardo08san03', 'gu5tav0amadorg0mez12', 'andresmogotes2003', 'adil108', 'zaharovych_bi', 'karenclavijo002', 'sumeyratek', 'recobabrayan126', '2461852468zjdla', 'chechoa501111', 'burenzaya', 'pfonsecamen', 'fabi.green246', 'robert0731', 'tatianagonzalez99', 'u1186528', 'siam161143', 'urielvesa24', 'leggart', 'u1276618', 'sergio.cespedes', 'gazegamer813', 'alsharieffa', 'urieltz_19', 'u1236914', 'drianogarci', 'leandriino06', 'peria004', 'karkhani', 'salazarm2', 'ahh37600', 'm.morenob', 'harooonm2', 'u1125575', 'ariunbold', 'leonel.p.r03', 'shadahamed', 'smita.s', 'karenfdez83', None, 'juanse8425', 'jeremy23mateo', 'zayvargas619', 'olhamamai2020', 'rkhoie131', 'daniel07gonzalvarado', 'bayaraa', 'u1243302', 'kateryna.poliakova.bi.2020', 'samirromerom47', 'u1298467', 'salsaverde', 'cakeman376']"
19,167,50,12,9,"['drianogarci', 'leandriino06', 'whormazadia', 'alejandro123654', 'm.morenob', 'jeremy23mateo', 'sergio.cespedes', 'andresmogotes2003', 'samirromerom47']",40,"['bpuentes', 'cusx6172021', 'akdrubo', 'leonardo08san03', 'gu5tav0amadorg0mez12', 'adil108', 'zaharovych_bi', 'karenclavijo002', 'sumeyratek', 'recobabrayan126', '2461852468zjdla', 'chechoa501111', 'pfonsecamen', 'fabi.green246', 'robert0731', 'tatianagonzalez99', 'u1186528', 'siam161143', 'urielvesa24', 'leggart', 'u1276618', 'urieltz_19', 'u1236914', 'peria004', 'karkhani', 'ahh37600', 'u1125575', 'leonel.p.r03', 'shadahamed', 'smita.s', 'karenfdez83', 'juanse8425', 'zayvargas619', 'olhamamai2020', 'daniel07gonzalvarado', 'u1243302', 'kateryna.poliakova.bi.2020', 'u1298467', 'salsaverde', 'cakeman376']",3,"['juandavids542', None, 'fernandaortiz99']",52,"['bpuentes', 'whormazadia', 'cusx6172021', 'alejandro123654', 'akdrubo', 'leonardo08san03', 'gu5tav0amadorg0mez12', 'andresmogotes2003', 'adil108', 'zaharovych_bi', 'karenclavijo002', 'sumeyratek', 'recobabrayan126', 'juandavids542', '2461852468zjdla', 'chechoa501111', 'pfonsecamen', 'fabi.green246', 'robert0731', 'tatianagonzalez99', 'u1186528', 'siam161143', 'urielvesa24', 'leggart', 'u1276618', 'sergio.cespedes', 'urieltz_19', 'u1236914', 'drianogarci', 'leandriino06', 'peria004', 'karkhani', 'ahh37600', 'm.morenob', 'u1125575', 'fernandaortiz99', 'leonel.p.r03', 'shadahamed', 'smita.s', 'karenfdez83', None, 'juanse8425', 'jeremy23mateo', 'zayvargas619', 'olhamamai2020', 'daniel07gonzalvarado', 'u1243302', 'kateryna.poliakova.bi.2020', 'samirromerom47', 'u1298467', 'salsaverde', 'cakeman376']"
19,195,50,12,8,"['leandriino06', 'pfonsecamen', 'whormazadia', 'alejandro123654', 'jeremy23mateo', 'sergio.cespedes', 'karenclavijo002', 'samirromerom47']",41,"['bpuentes', 'cusx6172021', 'akdrubo', 'leonardo08san03', 'gu5tav0amadorg0mez12', 'andresmogotes2003', 'adil108', 'zaharovych_bi', 'sumeyratek', 'recobabrayan126', '2461852468zjdla', 'chechoa501111', 'robert0731', 'fabi.green246', 'tatianagonzalez99', 'u1186528', 'siam161143', 'urielvesa24', 'leggart', 'u1276618', 'urieltz_19', 'u1236914', 'drianogarci', 'peria004', 'karkhani', 'ahh37600', 'm.morenob', 'u1125575', 'leonel.p.r03', 'shadahamed', 'smita.s', 'karenfdez83', 'juanse8425', 'zayvargas619', 'olhamamai2020', 'daniel07gonzalvarado', 'u1243302', 'kateryna.poliakova.bi.2020', 'u1298467', 'salsaverde', 'cakeman376']",4,"['armandopapaya.45', 'dbullavilla', 'laurapedrazam123', None]",53,"['armandopapaya.45', 'bpuentes', 'whormazadia', 'cusx6172021', 'alejandro123654', 'akdrubo', 'leonardo08san03', 'dbullavilla', 'gu5tav0amadorg0mez12', 'andresmogotes2003', 'adil108', 'zaharovych_bi', 'karenclavijo002', 'sumeyratek', 'recobabrayan126', '2461852468zjdla', 'chechoa501111', 'pfonsecamen', 'fabi.green246', 'robert0731', 'tatianagonzalez99', 'u1186528', 'siam161143', 'urielvesa24', 'leggart', 'u1276618', 'sergio.cespedes', 'laurapedrazam123', 'urieltz_19', 'u1236914', 'drianogarci', 'leandriino06', 'peria004', 'karkhani', 'ahh37600', 'm.morenob', 'u1125575', 'leonel.p.r03', 'shadahamed', 'smita.s', 'karenfdez83', None, 'juanse8425', 'jeremy23mateo', 'zayvargas619', 'olhamamai2020', 'daniel07gonzalvarado', 'u1243302', 'kateryna.poliakova.bi.2020', 'samirromerom47', 'u1298467', 'salsaverde', 'cakeman376']"
19,193,50,11,3,"['robert0731', 'drianogarci', 'pfonsecamen']",46,"['bpuentes', 'whormazadia', 'cusx6172021', 'alejandro123654', 'akdrubo', 'leonardo08san03', 'gu5tav0amadorg0mez12', 'andresmogotes2003', 'adil108', 'zaharovych_bi', 'karenclavijo002', 'sumeyratek', 'recobabrayan126', '2461852468zjdla', 'chechoa501111', 'fabi.green246', 'tatianagonzalez99', 'u1186528', 'siam161143', 'urielvesa24', 'leggart', 'u1276618', 'sergio.cespedes', 'urieltz_19', 'u1236914', 'leandriino06', 'peria004', 'karkhani', 'ahh37600', 'm.morenob', 'u1125575', 'leonel.p.r03', 'shadahamed', 'smita.s', 'karenfdez83', 'juanse8425', 'jeremy23mateo', 'zayvargas619', 'olhamamai2020', 'daniel07gonzalvarado', 'u1243302', 'kateryna.poliakova.bi.2020', 'samirromerom47', 'u1298467', 'salsaverde', 'cakeman376']",8,"['mzamoraflor', 'derlycamilagaona', 'mpabonhurt1', 'santibarbosa2022', 'olman.suarez', None, 'kimber', 'karenchaparro1998']",57,"['bpuentes', 'whormazadia', 'mzamoraflor', 'cusx6172021', 'alejandro123654', 'akdrubo', 'leonardo08san03', 'gu5tav0amadorg0mez12', 'andresmogotes2003', 'mpabonhurt1', 'adil108', 'zaharovych_bi', 'karenclavijo002', 'sumeyratek', 'recobabrayan126', '2461852468zjdla', 'chechoa501111', 'pfonsecamen', 'fabi.green246', 'robert0731', 'tatianagonzalez99', 'u1186528', 'siam161143', 'urielvesa24', 'leggart', 'u1276618', 'sergio.cespedes', 'derlycamilagaona', 'urieltz_19', 'u1236914', 'kimber', 'karenchaparro1998', 'drianogarci', 'leandriino06', 'peria004', 'karkhani', 'ahh37600', 'm.morenob', 'u1125575', 'santibarbosa2022', 'leonel.p.r03', 'shadahamed', 'olman.suarez', 'smita.s', 'karenfdez83', None, 'juanse8425', 'jeremy23mateo', 'zayvargas619', 'olhamamai2020', 'daniel07gonzalvarado', 'u1243302', 'kateryna.poliakova.bi.2020', 'samirromerom47', 'u1298467', 'salsaverde', 'cakeman376']"
19,197,50,9,8,"['juanse8425', 'leandriino06', 'pfonsecamen', 'whormazadia', 'jeremy23mateo', 'm.morenob', 'andresmogotes2003', 'samirromerom47']",41,"['bpuentes', 'cusx6172021', 'alejandro123654', 'akdrubo', 'leonardo08san03', 'gu5tav0amadorg0mez12', 'adil108', 'zaharovych_bi', 'karenclavijo002', 'sumeyratek', 'recobabrayan126', '2461852468zjdla', 'chechoa501111', 'fabi.green246', 'robert0731', 'tatianagonzalez99', 'u1186528', 'siam161143', 'urielvesa24', 'leggart', 'u1276618', 'sergio.cespedes', 'urieltz_19', 'u1236914', 'drianogarci', 'peria004', 'karkhani', 'ahh37600', 'u1125575', 'leonel.p.r03', 'shadahamed', 'smita.s', 'karenfdez83', 'zayvargas619', 'olhamamai2020', 'daniel07gonzalvarado', 'u1243302', 'kateryna.poliakova.bi.2020', 'u1298467', 'salsaverde', 'cakeman376']",1,[None],50,"['bpuentes', 'whormazadia', 'cusx6172021', 'alejandro123654', 'akdrubo', 'leonardo08san03', 'gu5tav0amadorg0mez12', 'andresmogotes2003', 'adil108', 'zaharovych_bi', 'karenclavijo002', 'sumeyratek', 'recobabrayan126', '2461852468zjdla', 'chechoa501111', 'pfonsecamen', 'fabi.green246', 'robert0731', 'tatianagonzalez99', 'u1186528', 'siam161143', 'urielvesa24', 'leggart', 'u1276618', 'sergio.cespedes', 'urieltz_19', 'u1236914', 'drianogarci', 'leandriino06', 'peria004', 'karkhani', 'ahh37600', 'm.morenob', 'u1125575', 'leonel.p.r03', 'shadahamed', 'smita.s', 'karenfdez83', None, 'juanse8425', 'jeremy23mateo', 'zayvargas619', 'olhamamai2020', 'daniel07gonzalvarado', 'u1243302', 'kateryna.poliakova.bi.2020', 'samirromerom47', 'u1298467', 'salsaverde', 'cakeman376']"
19,161,50,8,1,['olhamamai2020'],48,"['bpuentes', 'whormazadia', 'cusx6172021', 'alejandro123654', 'akdrubo', 'leonardo08san03', 'gu5tav0amadorg0mez12', 'andresmogotes2003', 'adil108', 'zaharovych_bi', 'karenclavijo002', 'sumeyratek', 'recobabrayan126', '2461852468zjdla', 'chechoa501111', 'pfonsecamen', 'fabi.green246', 'robert0731', 'tatianagonzalez99', 'u1186528', 'siam161143', 'urielvesa24', 'leggart', 'u1276618', 'sergio.cespedes', 'urieltz_19', 'u1236914', 'drianogarci', 'leandriino06', 'peria004', 'karkhani', 'ahh37600', 'm.morenob', 'u1125575', 'leonel.p.r03', 'shadahamed', 'smita.s', 'karenfdez83', 'juanse8425', 'jeremy23mateo', 'zayvargas619', 'daniel07gonzalvarado', 'u1243302', 'kateryna.poliakova.bi.2020', 'samirromerom47', 'u1298467', 'salsaverde', 'cakeman376']",7,"['stanislav.vyshtaliuk.bi.2020', 'nataliakhanchuk2111', 'demian.smyk.bi.2020', 'nastia.pavlyshyn.bi.2020', 'iryna.melnyk.bi.2020', 'oleksandra.chyrko.bi.2020', None]",56,"['bpuentes', 'whormazadia', 'stanislav.vyshtaliuk.bi.2020', 'cusx6172021', 'alejandro123654', 'akdrubo', 'leonardo08san03', 'gu5tav0amadorg0mez12', 'oleksandra.chyrko.bi.2020', 'andresmogotes2003', 'adil108', 'zaharovych_bi', 'karenclavijo002', 'sumeyratek', 'recobabrayan126', '2461852468zjdla', 'chechoa501111', 'pfonsecamen', 'fabi.green246', 'robert0731', 'tatianagonzalez99', 'u1186528', 'siam161143', 'urielvesa24', 'leggart', 'u1276618', 'sergio.cespedes', 'urieltz_19', 'u1236914', 'drianogarci', 'leandriino06', 'peria004', 'karkhani', 'ahh37600', 'm.morenob', 'demian.smyk.bi.2020', 'u1125575', 'iryna.melnyk.bi.2020', 'leonel.p.r03', 'shadahamed', 'smita.s', 'karenfdez83', None, 'juanse8425', 'nataliakhanchuk2111', 'jeremy23mateo', 'zayvargas619', 'olhamamai2020', 'nastia.pavlyshyn.bi.2020', 'daniel07gonzalvarado', 'u1243302', 'kateryna.poliakova.bi.2020', 'samirromerom47', 'u1298467', 'salsaverde', 'cakeman376']"
19,168,50,6,4,"['leandriino06', 'whormazadia', 'zayvargas619', 'chechoa501111']",45,"['bpuentes', 'cusx6172021', 'alejandro123654', 'akdrubo', 'leonardo08san03', 'gu5tav0amadorg0mez12', 'andresmogotes2003', 'adil108', 'zaharovych_bi', 'karenclavijo002', 'sumeyratek', 'recobabrayan126', '2461852468zjdla', 'pfonsecamen', 'fabi.green246', 'robert0731', 'tatianagonzalez99', 'u1186528', 'siam161143', 'urielvesa24', 'leggart', 'u1276618', 'sergio.cespedes', 'urieltz_19', 'u1236914', 'drianogarci', 'peria004', 'karkhani', 'ahh37600', 'm.morenob', 'u1125575', 'leonel.p.r03', 'shadahamed', 'smita.s', 'karenfdez83', 'juanse8425', 'jeremy23mateo', 'olhamamai2020', 'daniel07gonzalvarado', 'u1243302', 'kateryna.poliakova.bi.2020', 'samirromerom47', 'u1298467', 'salsaverde', 'cakeman376']",2,"[None, 'mraine']",51,"['bpuentes', 'whormazadia', 'cusx6172021', 'alejandro123654', 'akdrubo', 'leonardo08san03', 'gu5tav0amadorg0mez12', 'andresmogotes2003', 'adil108', 'zaharovych_bi', 'karenclavijo002', 'sumeyratek', 'recobabrayan126', '2461852468zjdla', 'chechoa501111', 'pfonsecamen', 'fabi.green246', 'robert0731', 'tatianagonzalez99', 'u1186528', 'siam161143', 'urielvesa24', 'leggart', 'u1276618', 'sergio.cespedes', 'urieltz_19', 'u1236914', 'drianogarci', 'leandriino06', 'peria004', 'karkhani', 'ahh37600', 'm.morenob', 'u1125575', 'leonel.p.r03', 'shadahamed', 'smita.s', 'karenfdez83', None, 'mraine', 'juanse8425', 'jeremy23mateo', 'zayvargas619', 'olhamamai2020', 'daniel07gonzalvarado', 'u1243302', 'kateryna.poliakova.bi.2020', 'samirromerom47', 'u1298467', 'salsaverde', 'cakeman376']"
20,341,48,13,12,"['weitingchong0829', 'sugania9616', 'haojaden', 'hkiat.jing', 'joamine', 'yeongyang1010', 'nanohub776', 'syafawati96', 'p102558', 'cheechung', 'puimunlo96', 'tengjy96']",35,"['stephenc', 'ennisnellman', 'jwong110', 'lyx', 'wxp500536', 'shuai.18', 'mayana21', 'gchubeta', 'shikai.foo97', 'chongwenzhu45', 'talemu7', 'hiantonio', 'bfettah', 'daya143', 'zhashim86', 'alimahmoodkhsal', 'dtmccormick', 'fshahrim', 'ericongcheechung930226', 'manasp18', 'ktjktj03', 'ravirajk17', 'danielkm', 'azewede', 'nadianasir', 'damondeng1999', 'rjash', 'tsuki1314', 'chingping0313', 'ahenriq4', 'matyo', 'anubhab18', 'cni', 'lsb4467', 'apotter5']",1,[None],48,"['stephenc', 'haojaden', 'ennisnellman', 'hkiat.jing', 'jwong110', 'lyx', 'wxp500536', 'shuai.18', 'mayana21', 'gchubeta', 'p102558', 'cheechung', 'puimunlo96', 'tengjy96', 'shikai.foo97', 'chongwenzhu45', 'talemu7', 'hiantonio', 'bfettah', 'daya143', 'zhashim86', 'alimahmoodkhsal', 'dtmccormick', 'fshahrim', 'ericongcheechung930226', 'manasp18', 'ktjktj03', 'ravirajk17', 'weitingchong0829', 'danielkm', 'azewede', 'nadianasir', 'damondeng1999', 'joamine', 'yeongyang1010', 'rjash', 'tsuki1314', 'syafawati96', 'nanohub776', 'chingping0313', 'ahenriq4', 'sugania9616', None, 'matyo', 'anubhab18', 'cni', 'lsb4467', 'apotter5']"
20,343,48,11,10,"['matyo', 'stephenc', 'bfettah', 'azewede', 'jwong110', 'rjash', 'cni', 'gchubeta', 'ahenriq4', 'apotter5']",37,"['haojaden', 'ennisnellman', 'hkiat.jing', 'lyx', 'wxp500536', 'shuai.18', 'mayana21', 'p102558', 'cheechung', 'puimunlo96', 'tengjy96', 'shikai.foo97', 'chongwenzhu45', 'talemu7', 'hiantonio', 'daya143', 'zhashim86', 'alimahmoodkhsal', 'dtmccormick', 'fshahrim', 'ericongcheechung930226', 'manasp18', 'ktjktj03', 'ravirajk17', 'weitingchong0829', 'danielkm', 'nadianasir', 'damondeng1999', 'joamine', 'yeongyang1010', 'nanohub776', 'tsuki1314', 'syafawati96', 'chingping0313', 'sugania9616', 'anubhab18', 'lsb4467']",1,[None],48,"['stephenc', 'haojaden', 'ennisnellman', 'hkiat.jing', 'jwong110', 'lyx', 'wxp500536', 'shuai.18', 'mayana21', 'gchubeta', 'p102558', 'cheechung', 'puimunlo96', 'tengjy96', 'shikai.foo97', 'chongwenzhu45', 'talemu7', 'hiantonio', 'bfettah', 'daya143', 'zhashim86', 'alimahmoodkhsal', 'dtmccormick', 'fshahrim', 'ericongcheechung930226', 'manasp18', 'ktjktj03', 'ravirajk17', 'weitingchong0829', 'danielkm', 'azewede', 'nadianasir', 'damondeng1999', 'joamine', 'yeongyang1010', 'rjash', 'tsuki1314', 'syafawati96', 'nanohub776', 'chingping0313', 'ahenriq4', 'sugania9616', None, 'matyo', 'anubhab18', 'cni', 'lsb4467', 'apotter5']"
20,340,48,10,9,"['weitingchong0829', 'hkiat.jing', 'nadianasir', 'joamine', 'yeongyang1010', 'fshahrim', 'nanohub776', 'syafawati96', 'puimunlo96']",38,"['stephenc', 'haojaden', 'ennisnellman', 'jwong110', 'lyx', 'wxp500536', 'shuai.18', 'mayana21', 'gchubeta', 'p102558', 'cheechung', 'tengjy96', 'shikai.foo97', 'chongwenzhu45', 'talemu7', 'hiantonio', 'bfettah', 'daya143', 'zhashim86', 'alimahmoodkhsal', 'dtmccormick', 'ericongcheechung930226', 'manasp18', 'ktjktj03', 'ravirajk17', 'danielkm', 'azewede', 'damondeng1999', 'rjash', 'tsuki1314', 'chingping0313', 'ahenriq4', 'sugania9616', 'matyo', 'anubhab18', 'cni', 'lsb4467', 'apotter5']",1,[None],48,"['stephenc', 'haojaden', 'ennisnellman', 'hkiat.jing', 'jwong110', 'lyx', 'wxp500536', 'shuai.18', 'mayana21', 'gchubeta', 'p102558', 'cheechung', 'puimunlo96', 'tengjy96', 'shikai.foo97', 'chongwenzhu45', 'talemu7', 'hiantonio', 'bfettah', 'daya143', 'zhashim86', 'alimahmoodkhsal', 'dtmccormick', 'fshahrim', 'ericongcheechung930226', 'manasp18', 'ktjktj03', 'ravirajk17', 'weitingchong0829', 'danielkm', 'azewede', 'nadianasir', 'damondeng1999', 'joamine', 'yeongyang1010', 'rjash', 'tsuki1314', 'syafawati96', 'nanohub776', 'chingping0313', 'ahenriq4', 'sugania9616', None, 'matyo', 'anubhab18', 'cni', 'lsb4467', 'apotter5']"
20,342,48,7,5,"['anubhab18', 'daya143', 'mayana21', 'manasp18', 'ravirajk17']",42,"['stephenc', 'haojaden', 'ennisnellman', 'hkiat.jing', 'jwong110', 'lyx', 'wxp500536', 'shuai.18', 'gchubeta', 'p102558', 'cheechung', 'puimunlo96', 'tengjy96', 'shikai.foo97', 'chongwenzhu45', 'talemu7', 'hiantonio', 'bfettah', 'zhashim86', 'alimahmoodkhsal', 'dtmccormick', 'fshahrim', 'ericongcheechung930226', 'ktjktj03', 'weitingchong0829', 'danielkm', 'azewede', 'nadianasir', 'damondeng1999', 'joamine', 'yeongyang1010', 'rjash', 'tsuki1314', 'syafawati96', 'nanohub776', 'chingping0313', 'ahenriq4', 'sugania9616', 'matyo', 'cni', 'lsb4467', 'apotter5']",2,"[None, 'nalin28']",49,"['stephenc', 'haojaden', 'ennisnellman', 'hkiat.jing', 'jwong110', 'lyx', 'wxp500536', 'shuai.18', 'mayana21', 'gchubeta', 'p102558', 'cheechung', 'puimunlo96', 'tengjy96', 'shikai.foo97', 'chongwenzhu45', 'talemu7', 'hiantonio', 'bfettah', 'daya143', 'zhashim86', 'alimahmoodkhsal', 'dtmccormick', 'fshahrim', 'ericongcheechung930226', 'manasp18', 'ktjktj03', 'ravirajk17', 'weitingchong0829', 'danielkm', 'azewede', 'nadianasir', 'damondeng1999', 'joamine', 'yeongyang1010', 'rjash', 'tsuki1314', 'syafawati96', 'nanohub776', 'chingping0313', 'ahenriq4', 'sugania9616', None, 'matyo', 'anubhab18', 'nalin28', 'cni', 'lsb4467', 'apotter5']"
21,101,47,44,38,"['avela1', 'shelleyb123', 'taylorgerke', 'joshuafitts727', 'zbison', 'huangw1', 'paulx2', 'edward.scott', 'carolinemilner', 'gcadima', 'garyquilligan', 'pgomezmenaldo', 'juanorozco', 'cclaude', 'emmageon', 'thamid.ahmed', 'gregn19', 'adr453', 'ryan.brown', 'abaldino', 'andrewkraus', 'antillj', 'jonathanfeitel', 'ngazda', 'charlotte.smith', 'cbellas0821', 'davidcarvajal', 'keilonwilliams', 'jacktberkowitz', 'k.fredrick', 'em.olsson', 'fallon.roznowski', 'john.michaelis', 'cprieto0508', 'dfalt901', 'liut', 'vclose', 'pierrea']",8,"['cruizroversi', 'snook0116', 'kvntndi', 'prestonnewsome', 'mccreaw', 'rashb03103', 'johnmanherz', 'madisonhall']",6,"['nbretas2', 'sdjuraskovic', 'collind1125', 'ekretsinger', 'sfreites', None]",52,"['taylorgerke', 'zbison', 'paulx2', 'edward.scott', 'carolinemilner', 'pgomezmenaldo', 'madisonhall', 'juanorozco', 'cclaude', 'thamid.ahmed', 'johnmanherz', 'abaldino', 'snook0116', 'sdjuraskovic', 'andrewkraus', 'antillj', 'cbellas0821', 'jacktberkowitz', 'collind1125', 'jonathanfeitel', 'avela1', 'nbretas2', 'shelleyb123', 'joshuafitts727', 'huangw1', 'prestonnewsome', 'gcadima', 'garyquilligan', 'kvntndi', 'emmageon', 'gregn19', 'adr453', 'ryan.brown', 'mccreaw', 'ngazda', 'sfreites', 'charlotte.smith', 'ekretsinger', None, 'rashb03103', 'keilonwilliams', 'davidcarvajal', 'cruizroversi', 'fallon.roznowski', 'k.fredrick', 'em.olsson', 'john.michaelis', 'cprieto0508', 'dfalt901', 'vclose', 'liut', 'pierrea']"
21,528,47,39,36,"['avela1', 'shelleyb123', 'zbison', 'joshuafitts727', 'taylorgerke', 'huangw1', 'paulx2', 'carolinemilner', 'gcadima', 'garyquilligan', 'pgomezmenaldo', 'juanorozco', 'madisonhall', 'cclaude', 'emmageon', 'thamid.ahmed', 'gregn19', 'adr453', 'ryan.brown', 'abaldino', 'snook0116', 'andrewkraus', 'antillj', 'ngazda', 'charlotte.smith', 'cbellas0821', 'davidcarvajal', 'keilonwilliams', 'jacktberkowitz', 'k.fredrick', 'em.olsson', 'fallon.roznowski', 'john.michaelis', 'dfalt901', 'vclose', 'jonathanfeitel']",10,"['cruizroversi', 'kvntndi', 'prestonnewsome', 'mccreaw', 'edward.scott', 'cprieto0508', 'liut', 'johnmanherz', 'pierrea', 'rashb03103']",3,"['sfreites', None, 'ekretsinger']",49,"['taylorgerke', 'zbison', 'paulx2', 'edward.scott', 'carolinemilner', 'pgomezmenaldo', 'madisonhall', 'juanorozco', 'cclaude', 'thamid.ahmed', 'johnmanherz', 'abaldino', 'snook0116', 'andrewkraus', 'antillj', 'cbellas0821', 'jacktberkowitz', 'jonathanfeitel', 'avela1', 'shelleyb123', 'joshuafitts727', 'huangw1', 'prestonnewsome', 'gcadima', 'garyquilligan', 'kvntndi', 'emmageon', 'gregn19', 'adr453', 'ryan.brown', 'mccreaw', 'ngazda', 'sfreites', 'charlotte.smith', 'ekretsinger', None, 'rashb03103', 'keilonwilliams', 'davidcarvajal', 'cruizroversi', 'fallon.roznowski', 'k.fredrick', 'em.olsson', 'john.michaelis', 'cprieto0508', 'dfalt901', 'vclose', 'liut', 'pierrea']"
21,337,47,27,25,"['avela1', 'zbison', 'joshuafitts727', 'huangw1', 'paulx2', 'edward.scott', 'gcadima', 'garyquilligan', 'pgomezmenaldo', 'juanorozco', 'cclaude', 'thamid.ahmed', 'adr453', 'ryan.brown', 'antillj', 'charlotte.smith', 'cbellas0821', 'keilonwilliams', 'jacktberkowitz', 'k.fredrick', 'fallon.roznowski', 'john.michaelis', 'dfalt901', 'vclose', 'jonathanfeitel']",21,"['shelleyb123', 'taylorgerke', 'prestonnewsome', 'carolinemilner', 'madisonhall', 'kvntndi', 'emmageon', 'johnmanherz', 'gregn19', 'abaldino', 'snook0116', 'mccreaw', 'andrewkraus', 'ngazda', 'rashb03103', 'davidcarvajal', 'cruizroversi', 'em.olsson', 'cprieto0508', 'liut', 'pierrea']",2,"[None, 'cdunton']",48,"['avela1', 'shelleyb123', 'taylorgerke', 'zbison', 'joshuafitts727', 'huangw1', 'prestonnewsome', 'paulx2', 'edward.scott', 'carolinemilner', 'gcadima', 'garyquilligan', 'pgomezmenaldo', 'madisonhall', 'juanorozco', 'cclaude', 'kvntndi', 'emmageon', 'thamid.ahmed', 'johnmanherz', 'gregn19', 'adr453', 'ryan.brown', 'abaldino', 'snook0116', 'mccreaw', 'andrewkraus', 'antillj', 'ngazda', 'charlotte.smith', None, 'rashb03103', 'cbellas0821', 'keilonwilliams', 'davidcarvajal', 'cruizroversi', 'jacktberkowitz', 'k.fredrick', 'em.olsson', 'fallon.roznowski', 'cdunton', 'john.michaelis', 'cprieto0508', 'dfalt901', 'vclose', 'liut', 'pierrea', 'jonathanfeitel']"
21,336,47,14,13,"['avela1', 'davidcarvajal', 'abaldino', 'taylorgerke', 'jacktberkowitz', 'em.olsson', 'andrewkraus', 'emmageon', 'gregn19', 'gcadima', 'ngazda', 'madisonhall', 'juanorozco']",33,"['shelleyb123', 'zbison', 'joshuafitts727', 'huangw1', 'prestonnewsome', 'paulx2', 'edward.scott', 'carolinemilner', 'garyquilligan', 'pgomezmenaldo', 'cclaude', 'kvntndi', 'thamid.ahmed', 'johnmanherz', 'adr453', 'ryan.brown', 'snook0116', 'mccreaw', 'antillj', 'jonathanfeitel', 'charlotte.smith', 'rashb03103', 'cbellas0821', 'keilonwilliams', 'cruizroversi', 'fallon.roznowski', 'k.fredrick', 'john.michaelis', 'cprieto0508', 'dfalt901', 'vclose', 'liut', 'pierrea']",1,[None],47,"['avela1', 'shelleyb123', 'taylorgerke', 'zbison', 'joshuafitts727', 'huangw1', 'prestonnewsome', 'paulx2', 'edward.scott', 'carolinemilner', 'gcadima', 'garyquilligan', 'pgomezmenaldo', 'madisonhall', 'juanorozco', 'cclaude', 'kvntndi', 'emmageon', 'thamid.ahmed', 'johnmanherz', 'gregn19', 'adr453', 'ryan.brown', 'abaldino', 'snook0116', 'mccreaw', 'andrewkraus', 'antillj', 'ngazda', 'charlotte.smith', None, 'rashb03103', 'cbellas0821', 'keilonwilliams', 'davidcarvajal', 'cruizroversi', 'jacktberkowitz', 'k.fredrick', 'em.olsson', 'fallon.roznowski', 'john.michaelis', 'cprieto0508', 'dfalt901', 'vclose', 'liut', 'pierrea', 'jonathanfeitel']"
21,338,47,11,8,"['cruizroversi', 'mccreaw', 'prestonnewsome', 'cprieto0508', 'liut', 'johnmanherz', 'pierrea', 'rashb03103']",38,"['avela1', 'shelleyb123', 'taylorgerke', 'joshuafitts727', 'zbison', 'huangw1', 'paulx2', 'edward.scott', 'carolinemilner', 'gcadima', 'garyquilligan', 'pgomezmenaldo', 'juanorozco', 'madisonhall', 'cclaude', 'kvntndi', 'emmageon', 'thamid.ahmed', 'gregn19', 'adr453', 'ryan.brown', 'abaldino', 'snook0116', 'andrewkraus', 'antillj', 'ngazda', 'charlotte.smith', 'cbellas0821', 'keilonwilliams', 'davidcarvajal', 'jacktberkowitz', 'k.fredrick', 'em.olsson', 'fallon.roznowski', 'john.michaelis', 'dfalt901', 'vclose', 'jonathanfeitel']",3,"['cdunton', None, 'arieldavid']",49,"['avela1', 'shelleyb123', 'arieldavid', 'taylorgerke', 'zbison', 'joshuafitts727', 'huangw1', 'prestonnewsome', 'paulx2', 'edward.scott', 'carolinemilner', 'gcadima', 'garyquilligan', 'pgomezmenaldo', 'madisonhall', 'juanorozco', 'cclaude', 'kvntndi', 'emmageon', 'thamid.ahmed', 'johnmanherz', 'gregn19', 'adr453', 'ryan.brown', 'abaldino', 'snook0116', 'mccreaw', 'andrewkraus', 'antillj', 'ngazda', 'charlotte.smith', None, 'rashb03103', 'cbellas0821', 'keilonwilliams', 'davidcarvajal', 'cruizroversi', 'jacktberkowitz', 'k.fredrick', 'em.olsson', 'fallon.roznowski', 'cdunton', 'john.michaelis', 'cprieto0508', 'dfalt901', 'vclose', 'liut', 'pierrea', 'jonathanfeitel']"
21,529,47,10,7,"['jacktberkowitz', 'prestonnewsome', 'cprieto0508', 'edward.scott', 'liut', 'johnmanherz', 'pierrea']",39,"['avela1', 'shelleyb123', 'taylorgerke', 'zbison', 'joshuafitts727', 'huangw1', 'paulx2', 'carolinemilner', 'gcadima', 'garyquilligan', 'pgomezmenaldo', 'madisonhall', 'juanorozco', 'cclaude', 'kvntndi', 'emmageon', 'thamid.ahmed', 'gregn19', 'adr453', 'ryan.brown', 'abaldino', 'snook0116', 'mccreaw', 'andrewkraus', 'antillj', 'ngazda', 'charlotte.smith', 'rashb03103', 'cbellas0821', 'keilonwilliams', 'davidcarvajal', 'cruizroversi', 'k.fredrick', 'em.olsson', 'fallon.roznowski', 'john.michaelis', 'dfalt901', 'vclose', 'jonathanfeitel']",3,"[None, 'ekretsinger', 'cdunton']",49,"['avela1', 'shelleyb123', 'taylorgerke', 'zbison', 'joshuafitts727', 'huangw1', 'prestonnewsome', 'paulx2', 'edward.scott', 'carolinemilner', 'gcadima', 'garyquilligan', 'pgomezmenaldo', 'madisonhall', 'juanorozco', 'cclaude', 'kvntndi', 'emmageon', 'thamid.ahmed', 'johnmanherz', 'gregn19', 'adr453', 'ryan.brown', 'abaldino', 'snook0116', 'mccreaw', 'andrewkraus', 'antillj', 'ngazda', 'charlotte.smith', 'ekretsinger', None, 'rashb03103', 'cbellas0821', 'keilonwilliams', 'davidcarvajal', 'cruizroversi', 'jacktberkowitz', 'k.fredrick', 'em.olsson', 'fallon.roznowski', 'cdunton', 'john.michaelis', 'cprieto0508', 'dfalt901', 'vclose', 'liut', 'pierrea', 'jonathanfeitel']"
21,100,47,7,6,"['cruizroversi', 'prestonnewsome', 'cprieto0508', 'carolinemilner', 'madisonhall', 'rashb03103']",40,"['avela1', 'shelleyb123', 'taylorgerke', 'zbison', 'joshuafitts727', 'huangw1', 'paulx2', 'edward.scott', 'gcadima', 'garyquilligan', 'pgomezmenaldo', 'juanorozco', 'cclaude', 'kvntndi', 'emmageon', 'thamid.ahmed', 'johnmanherz', 'gregn19', 'adr453', 'ryan.brown', 'abaldino', 'snook0116', 'mccreaw', 'andrewkraus', 'antillj', 'ngazda', 'charlotte.smith', 'cbellas0821', 'keilonwilliams', 'davidcarvajal', 'jacktberkowitz', 'k.fredrick', 'em.olsson', 'fallon.roznowski', 'john.michaelis', 'dfalt901', 'vclose', 'liut', 'pierrea', 'jonathanfeitel']",1,[None],47,"['avela1', 'shelleyb123', 'taylorgerke', 'zbison', 'joshuafitts727', 'huangw1', 'prestonnewsome', 'paulx2', 'edward.scott', 'carolinemilner', 'gcadima', 'garyquilligan', 'pgomezmenaldo', 'madisonhall', 'juanorozco', 'cclaude', 'kvntndi', 'emmageon', 'thamid.ahmed', 'johnmanherz', 'gregn19', 'adr453', 'ryan.brown', 'abaldino', 'snook0116', 'mccreaw', 'andrewkraus', 'antillj', 'ngazda', 'charlotte.smith', None, 'rashb03103', 'cbellas0821', 'keilonwilliams', 'davidcarvajal', 'cruizroversi', 'jacktberkowitz', 'k.fredrick', 'em.olsson', 'fallon.roznowski', 'john.michaelis', 'cprieto0508', 'dfalt901', 'vclose', 'liut', 'pierrea', 'jonathanfeitel']"
21,102,47,6,4,"['cprieto0508', 'johnmanherz', 'prestonnewsome', 'cruizroversi']",42,"['avela1', 'shelleyb123', 'taylorgerke', 'zbison', 'joshuafitts727', 'huangw1', 'paulx2', 'edward.scott', 'carolinemilner', 'gcadima', 'garyquilligan', 'pgomezmenaldo', 'madisonhall', 'juanorozco', 'cclaude', 'kvntndi', 'emmageon', 'thamid.ahmed', 'gregn19', 'adr453', 'ryan.brown', 'abaldino', 'snook0116', 'mccreaw', 'andrewkraus', 'antillj', 'ngazda', 'charlotte.smith', 'rashb03103', 'cbellas0821', 'keilonwilliams', 'davidcarvajal', 'jacktberkowitz', 'k.fredrick', 'em.olsson', 'fallon.roznowski', 'john.michaelis', 'dfalt901', 'vclose', 'liut', 'pierrea', 'jonathanfeitel']",2,"[None, 'arieldavid']",48,"['avela1', 'shelleyb123', 'arieldavid', 'taylorgerke', 'zbison', 'joshuafitts727', 'huangw1', 'prestonnewsome', 'paulx2', 'edward.scott', 'carolinemilner', 'gcadima', 'garyquilligan', 'pgomezmenaldo', 'madisonhall', 'juanorozco', 'cclaude', 'kvntndi', 'emmageon', 'thamid.ahmed', 'johnmanherz', 'gregn19', 'adr453', 'ryan.brown', 'abaldino', 'snook0116', 'mccreaw', 'andrewkraus', 'antillj', 'ngazda', 'charlotte.smith', None, 'rashb03103', 'cbellas0821', 'keilonwilliams', 'davidcarvajal', 'cruizroversi', 'jacktberkowitz', 'k.fredrick', 'em.olsson', 'fallon.roznowski', 'john.michaelis', 'cprieto0508', 'dfalt901', 'vclose', 'liut', 'pierrea', 'jonathanfeitel']"
22,617,46,37,36,"['srg254', 'kmc372', 'agj24', 'yy689', 'mjs689', 'wlm68', 'rpd82', 'bwm54', 'kdp47', 'dk585', 'eyc47', 'jjjxu', 'ka487', 'yg227', 'cbs254', 'jk2362', 'sp828', 'as3555', 'ml2337', 'jc2773', 'lameesa25', 'jem473', 'min22', 'jjb389', 'saa289', 'atb75', 'al882', 'kk687', 'cam487', 'dml343', 'mak434', 'kay25', 'hwt22', 'mw842', 'cte24', 'mml259']",9,"['harilb2', 'rangarohit.s', 'cml66', 'bdh74', 'aymerich', 'marcello.condorelli', 'helloarpan', 'biduri', 'biswas34']",1,[None],46,"['srg254', 'kmc372', 'yy689', 'bdh74', 'wlm68', 'rpd82', 'dk585', 'kdp47', 'eyc47', 'jjjxu', 'yg227', 'sp828', 'as3555', 'harilb2', 'rangarohit.s', 'saa289', 'atb75', 'al882', 'cam487', 'mak434', 'cte24', 'biswas34', 'agj24', 'mjs689', 'aymerich', 'bwm54', 'ka487', 'cbs254', 'jk2362', 'helloarpan', 'ml2337', 'jc2773', 'lameesa25', 'jem473', 'min22', 'jjb389', 'biduri', 'kk687', None, 'cml66', 'dml343', 'kay25', 'hwt22', 'marcello.condorelli', 'mw842', 'mml259']"
23,181,45,57,1,['dparoda'],43,"['drclinton', 'gachan1', 'yuvrajsc', 'thomas.kral', 'std_23358', 'eomartin', 'dingzhao', 'bhoch12', 'song488', 'djmannin', 'rhglenn', 'el', '2217942154lbc', 'alaemohammad', 'mahgoubm', 'imdohert', 'hanatran', 'tobor12', 'u1053545', 'dmwells', 'akponce', 'jttaketa', 'heydrich', 'gejaeger', 'agu0107', 'kaylin18', 'kjhkjhkorea', 'u1306914', 'noshea', 'liubenny', 'shadesh415237', 'u1192000', 'ylin0413', 'vitbui', 'dansiyao', 'eeaceves', 'jnhale', 'mkalmeid', 'shahadudoy16', 'axelcordonnier0810', 'ewhorn', 'rcastelo', 'jmkiser']",56,"['cbrelje', 'axewarrior', 'ckniffen', 'panditm', 'eric52689', 'jnickla', 'jglane', 'ericshuisyy', 'aattanas', 'kim3432', 'obishopdwenger', 'chong50', 'shafaat.saud', 'lancefernandes13', 'jabirbin', 'davidparoda8', 'bennett.adcock', 'mart1787', 'abukhater', 'sahanathota24', 'tan350', 'rdonoghu', 'braun62', 'eilersbe001', 'anthonyyijiang', 'gmacraes', 'hsu196', 'liu2595', 'spartanpanda.hs', 'elkins15', 'pveluri', 'pkolady', 'mozlu', 'li1897', 'jcapuzzi', 'hall657', 'bmavreno', 'malfaili', None, 'tmurarka', 'ramkumaa', 'phill225', 'mtsysin', 'leung55', 'wang4878', 'jensen56', 'beelern', 'cthode', 'damshel', 'king492', 'jschweit', 'rspilker', 'jzullo', 'yang1991', 'shah123', 'ande1083']",100,"['drclinton', 'cbrelje', 'axewarrior', 'gachan1', 'yuvrajsc', 'ckniffen', 'panditm', 'eomartin', 'jglane', 'ericshuisyy', 'dingzhao', 'aattanas', 'kim3432', 'obishopdwenger', 'bhoch12', 'shafaat.saud', 'el', '2217942154lbc', 'bennett.adcock', 'mart1787', 'abukhater', 'mahgoubm', 'sahanathota24', 'imdohert', 'braun62', 'u1053545', 'eilersbe001', 'dmwells', 'gmacraes', 'agu0107', 'kaylin18', 'spartanpanda.hs', 'kjhkjhkorea', 'u1306914', 'noshea', 'elkins15', 'liubenny', 'ylin0413', 'pkolady', 'jcapuzzi', 'hall657', 'vitbui', 'dparoda', 'dansiyao', 'phill225', 'leung55', 'jnhale', 'jensen56', 'beelern', 'shahadudoy16', 'damshel', 'king492', 'jschweit', 'axelcordonnier0810', 'ewhorn', 'yang1991', 'jmkiser', 'thomas.kral', 'std_23358', 'eric52689', 'jnickla', 'chong50', 'song488', 'davidparoda8', 'djmannin', 'rhglenn', 'jabirbin', 'lancefernandes13', 'alaemohammad', 'hanatran', 'tan350', 'rdonoghu', 'tobor12', 'anthonyyijiang', 'akponce', 'jttaketa', 'hsu196', 'heydrich', 'liu2595', 'gejaeger', 'u1192000', 'shadesh415237', 'pveluri', 'mozlu', 'li1897', 'bmavreno', 'malfaili', None, 'tmurarka', 'ramkumaa', 'eeaceves', 'mtsysin', 'wang4878', 'mkalmeid', 'cthode', 'rspilker', 'rcastelo', 'jzullo', 'shah123', 'ande1083']"
23,187,45,47,3,"['u1053545', 'u1192000', 'u1306914']",41,"['drclinton', 'gachan1', 'yuvrajsc', 'thomas.kral', 'std_23358', 'eomartin', 'dingzhao', 'bhoch12', 'song488', 'djmannin', 'rhglenn', 'el', '2217942154lbc', 'alaemohammad', 'mahgoubm', 'imdohert', 'hanatran', 'tobor12', 'dmwells', 'akponce', 'jttaketa', 'heydrich', 'gejaeger', 'agu0107', 'kaylin18', 'kjhkjhkorea', 'noshea', 'liubenny', 'shadesh415237', 'ylin0413', 'vitbui', 'dparoda', 'dansiyao', 'eeaceves', 'jnhale', 'mkalmeid', 'shahadudoy16', 'axelcordonnier0810', 'ewhorn', 'rcastelo', 'jmkiser']",44,"['u1165725', 'u1301409', 'u1199004', 'u1296469', 'u1267306', 'u1377774', 'u1237713', 'u1243945', 'u1098999', 'u1202047', 'u1310266', 'u0987000', 'u0763701', 'u1186528', 'u1388855', 'u1276618', 'blairf07', 'u1252939', 'u1236914', 'u1307643', 'u0848035', 'u1082083', 'u1244098', 'u1258653', 'u1125575', 'u1356604', 'u1300908', 'u1080485', None, 'u1333467', 'u1388116', 'u1315626', 'u1363450', 'u1301463', 'u1317618', 'u1347846', 'u1326182', 'u1151793', 'u1376180', 'u1243302', 'u1298467', 'u1350362', 'u1189825', 'cakeman376']",88,"['u1301409', 'drclinton', 'u1296469', 'gachan1', 'yuvrajsc', 'u1267306', 'eomartin', 'dingzhao', 'u1243945', 'bhoch12', 'u1098999', 'u1310266', 'el', '2217942154lbc', 'mahgoubm', 'imdohert', 'u1276618', 'u1053545', 'dmwells', 'u1252939', 'agu0107', 'kaylin18', 'u0848035', 'kjhkjhkorea', 'u1306914', 'noshea', 'liubenny', 'u1258653', 'u1125575', 'ylin0413', 'u1356604', 'u1300908', 'u1080485', 'vitbui', 'dparoda', 'dansiyao', 'u1388116', 'u1315626', 'u1317618', 'jnhale', 'u1326182', 'shahadudoy16', 'axelcordonnier0810', 'ewhorn', 'u1243302', 'jmkiser', 'cakeman376', 'u1165725', 'u1199004', 'thomas.kral', 'std_23358', 'u1377774', 'u1237713', 'song488', 'djmannin', 'rhglenn', 'u1202047', 'alaemohammad', 'u0987000', 'u0763701', 'hanatran', 'u1186528', 'u1388855', 'tobor12', 'blairf07', 'akponce', 'jttaketa', 'heydrich', 'u1236914', 'gejaeger', 'u1307643', 'u1082083', 'u1192000', 'shadesh415237', 'u1244098', None, 'u1333467', 'u1301463', 'eeaceves', 'u1363450', 'u1347846', 'mkalmeid', 'u1151793', 'u1376180', 'rcastelo', 'u1298467', 'u1350362', 'u1189825']"
23,184,45,26,13,"['noshea', 'gachan1', 'mahgoubm', 'yuvrajsc', 'jnhale', 'eomartin', 'ylin0413', 'dingzhao', 'ewhorn', 'rcastelo', 'heydrich', 'gejaeger', 'kaylin18']",31,"['drclinton', 'thomas.kral', 'std_23358', 'bhoch12', 'song488', 'djmannin', 'rhglenn', 'el', '2217942154lbc', 'alaemohammad', 'imdohert', 'hanatran', 'tobor12', 'u1053545', 'dmwells', 'akponce', 'jttaketa', 'agu0107', 'kjhkjhkorea', 'u1306914', 'liubenny', 'shadesh415237', 'u1192000', 'vitbui', 'dparoda', 'dansiyao', 'eeaceves', 'mkalmeid', 'shahadudoy16', 'axelcordonnier0810', 'jmkiser']",13,"['tichada', 'jrkamins', 'allison', 'gsabraham', 'rishid', 'courtck1', 'salsaverde', 'mikeymvn', 'nmwilkerson', 'cjccarlson', 'tdsun', None, 'sdvoroch']",57,"['drclinton', 'jrkamins', 'thomas.kral', 'gachan1', 'yuvrajsc', 'rishid', 'std_23358', 'eomartin', 'dingzhao', 'bhoch12', 'song488', 'djmannin', 'rhglenn', 'el', '2217942154lbc', 'alaemohammad', 'gsabraham', 'allison', 'mahgoubm', 'imdohert', 'hanatran', 'tobor12', 'u1053545', 'nmwilkerson', 'dmwells', 'akponce', 'jttaketa', 'cjccarlson', 'heydrich', 'sdvoroch', 'gejaeger', 'agu0107', 'kaylin18', 'kjhkjhkorea', 'u1306914', 'noshea', 'liubenny', 'shadesh415237', 'u1192000', 'courtck1', 'ylin0413', 'mikeymvn', 'vitbui', 'dparoda', None, 'dansiyao', 'tichada', 'eeaceves', 'jnhale', 'mkalmeid', 'shahadudoy16', 'axelcordonnier0810', 'ewhorn', 'rcastelo', 'tdsun', 'salsaverde', 'jmkiser']"
23,183,45,13,7,"['rhglenn', 'el', 'eeaceves', 'hanatran', 'imdohert', 'dmwells', 'akponce']",37,"['drclinton', 'gachan1', 'yuvrajsc', 'thomas.kral', 'std_23358', 'eomartin', 'dingzhao', 'bhoch12', 'song488', 'djmannin', '2217942154lbc', 'alaemohammad', 'mahgoubm', 'tobor12', 'u1053545', 'jttaketa', 'heydrich', 'gejaeger', 'agu0107', 'kaylin18', 'kjhkjhkorea', 'u1306914', 'noshea', 'liubenny', 'shadesh415237', 'u1192000', 'ylin0413', 'vitbui', 'dparoda', 'dansiyao', 'jnhale', 'mkalmeid', 'shahadudoy16', 'axelcordonnier0810', 'ewhorn', 'rcastelo', 'jmkiser']",6,"['lareuter', 'geoplatka', 'mihuq', 'sudu2003', None, 'kkmcmann']",50,"['mihuq', 'geoplatka', 'drclinton', 'thomas.kral', 'gachan1', 'yuvrajsc', 'std_23358', 'eomartin', 'dingzhao', 'bhoch12', 'sudu2003', 'song488', 'kkmcmann', 'djmannin', 'rhglenn', 'el', '2217942154lbc', 'alaemohammad', 'mahgoubm', 'imdohert', 'hanatran', 'tobor12', 'u1053545', 'dmwells', 'akponce', 'jttaketa', 'heydrich', 'gejaeger', 'agu0107', 'kaylin18', 'kjhkjhkorea', 'u1306914', 'noshea', 'liubenny', 'shadesh415237', 'u1192000', 'ylin0413', 'vitbui', 'dparoda', None, 'dansiyao', 'lareuter', 'eeaceves', 'jnhale', 'mkalmeid', 'shahadudoy16', 'axelcordonnier0810', 'ewhorn', 'rcastelo', 'jmkiser']"
23,185,45,6,4,"['liubenny', 'drclinton', 'vitbui', 'mkalmeid']",40,"['thomas.kral', 'gachan1', 'yuvrajsc', 'std_23358', 'eomartin', 'dingzhao', 'bhoch12', 'song488', 'djmannin', 'rhglenn', 'el', '2217942154lbc', 'alaemohammad', 'mahgoubm', 'imdohert', 'hanatran', 'tobor12', 'u1053545', 'dmwells', 'akponce', 'jttaketa', 'heydrich', 'gejaeger', 'agu0107', 'kaylin18', 'kjhkjhkorea', 'u1306914', 'noshea', 'shadesh415237', 'u1192000', 'ylin0413', 'dparoda', 'dansiyao', 'eeaceves', 'jnhale', 'shahadudoy16', 'axelcordonnier0810', 'ewhorn', 'rcastelo', 'jmkiser']",2,"['qtran8', None]",46,"['drclinton', 'thomas.kral', 'gachan1', 'yuvrajsc', 'std_23358', 'eomartin', 'qtran8', 'dingzhao', 'bhoch12', 'song488', 'djmannin', 'rhglenn', 'el', '2217942154lbc', 'alaemohammad', 'mahgoubm', 'imdohert', 'hanatran', 'tobor12', 'u1053545', 'dmwells', 'akponce', 'jttaketa', 'heydrich', 'gejaeger', 'agu0107', 'kaylin18', 'kjhkjhkorea', 'u1306914', 'noshea', 'liubenny', 'shadesh415237', 'u1192000', 'ylin0413', 'vitbui', 'dparoda', None, 'dansiyao', 'eeaceves', 'jnhale', 'mkalmeid', 'shahadudoy16', 'axelcordonnier0810', 'ewhorn', 'rcastelo', 'jmkiser']"
24,365,42,45,36,"['cjx123', 'nrzkha9', 'u2103061', 'chebeepbeep', 'u2000878', 'u2000663', 'jasontankmj', 'erictee0917', 'tanszeching', 'cyx0214', 'omarfaheem', 'kyvonne2002', 'jasontee2001', 'u2103074', 'fitriabuyazid4', 'u2103167', 'tahmid', 'khaw', 's2119347', 'wanammarizzat', 'syedilhan12', 'atulzolq', 'haziqteknik123', 'bryan_lly', 'u2000829', 'cjy', 'u2103102', 'u2103189', 'u2103120', 'harissonvr46', 'u2103104', 'izuan.tyt', 'dengyaokua', 'fathulammar', 'shien329', 'u2000449']",5,"['morak', 'muhammadajrulmukminin', 'chimaer1218', 'jvemired', 'salehuddin098']",9,"['luqmankamarsham', 'yikjia157', 'faizazuki7477', 'alghazali89', 'izzanurbalqis21', 'jiahuilim96', 'haqime22', None, 'munken123']",50,"['chebeepbeep', 'jiahuilim96', 'cyx0214', 'haqime22', 'u2103074', 'fitriabuyazid4', 'tahmid', 'wanammarizzat', 'syedilhan12', 'haziqteknik123', 'bryan_lly', 'luqmankamarsham', 'yikjia157', 'cjy', 'dengyaokua', 'chimaer1218', 'fathulammar', 'cjx123', 'nrzkha9', 'u2103061', 'u2000878', 'faizazuki7477', 'alghazali89', 'u2000663', 'jasontankmj', 'erictee0917', 'jvemired', 'tanszeching', 'morak', 'omarfaheem', 'muhammadajrulmukminin', 'izzanurbalqis21', 'kyvonne2002', 'jasontee2001', 'munken123', 'u2103167', 'khaw', 's2119347', 'atulzolq', None, 'u2000829', 'u2103102', 'u2103189', 'u2103120', 'harissonvr46', 'u2103104', 'izuan.tyt', 'salehuddin098', 'shien329', 'u2000449']"
24,372,42,14,8,"['nrzkha9', 'fitriabuyazid4', 'tahmid', 'u2103167', 'u2103189', 'harissonvr46', 'u2000663', 'u2000449']",33,"['cjx123', 'u2103061', 'chebeepbeep', 'u2000878', 'jasontankmj', 'erictee0917', 'jvemired', 'tanszeching', 'cyx0214', 'morak', 'omarfaheem', 'muhammadajrulmukminin', 'kyvonne2002', 'jasontee2001', 'u2103074', 'khaw', 's2119347', 'wanammarizzat', 'syedilhan12', 'atulzolq', 'haziqteknik123', 'bryan_lly', 'u2000829', 'cjy', 'u2103102', 'u2103120', 'u2103104', 'izuan.tyt', 'dengyaokua', 'chimaer1218', 'salehuddin098', 'fathulammar', 'shien329']",6,"['luqmankamarsham', 's2124379', 'izzanurbalqis21', 'haqime22', None, 'munken123']",47,"['cjx123', 'nrzkha9', 'u2103061', 'chebeepbeep', 'u2000878', 'u2000663', 'jasontankmj', 'erictee0917', 'jvemired', 'tanszeching', 'cyx0214', 'haqime22', 's2124379', 'morak', 'omarfaheem', 'muhammadajrulmukminin', 'izzanurbalqis21', 'kyvonne2002', 'jasontee2001', 'u2103074', 'fitriabuyazid4', 'munken123', 'u2103167', 'tahmid', 'khaw', 's2119347', 'wanammarizzat', 'syedilhan12', 'atulzolq', 'haziqteknik123', None, 'bryan_lly', 'u2000829', 'luqmankamarsham', 'cjy', 'u2103102', 'u2103189', 'u2103120', 'harissonvr46', 'u2103104', 'izuan.tyt', 'dengyaokua', 'chimaer1218', 'salehuddin098', 'fathulammar', 'shien329', 'u2000449']"
24,367,42,8,3,"['dengyaokua', 'muhammadajrulmukminin', 'salehuddin098']",38,"['cjx123', 'nrzkha9', 'u2103061', 'chebeepbeep', 'u2000878', 'u2000663', 'jasontankmj', 'erictee0917', 'jvemired', 'tanszeching', 'cyx0214', 'morak', 'omarfaheem', 'kyvonne2002', 'jasontee2001', 'u2103074', 'fitriabuyazid4', 'u2103167', 'tahmid', 'khaw', 's2119347', 'wanammarizzat', 'syedilhan12', 'atulzolq', 'haziqteknik123', 'bryan_lly', 'u2000829', 'cjy', 'u2103102', 'u2103189', 'u2103120', 'harissonvr46', 'u2103104', 'izuan.tyt', 'chimaer1218', 'fathulammar', 'shien329', 'u2000449']",5,"['laihoong', 'muhaimin97', 'liangjun', 'jasonpoung', None]",46,"['cjx123', 'nrzkha9', 'u2103061', 'chebeepbeep', 'u2000878', 'u2000663', 'jasontankmj', 'erictee0917', 'jvemired', 'tanszeching', 'cyx0214', 'morak', 'omarfaheem', 'muhammadajrulmukminin', 'liangjun', 'kyvonne2002', 'jasontee2001', 'u2103074', 'fitriabuyazid4', 'laihoong', 'muhaimin97', 'u2103167', 'tahmid', 'khaw', 's2119347', 'wanammarizzat', 'syedilhan12', 'jasonpoung', 'atulzolq', 'haziqteknik123', None, 'bryan_lly', 'u2000829', 'cjy', 'u2103102', 'u2103189', 'u2103120', 'harissonvr46', 'u2103104', 'izuan.tyt', 'dengyaokua', 'chimaer1218', 'salehuddin098', 'fathulammar', 'shien329', 'u2000449']"
24,519,42,7,1,['jvemired'],40,"['cjx123', 'nrzkha9', 'u2103061', 'chebeepbeep', 'u2000878', 'u2000663', 'jasontankmj', 'erictee0917', 'tanszeching', 'cyx0214', 'morak', 'omarfaheem', 'muhammadajrulmukminin', 'kyvonne2002', 'jasontee2001', 'u2103074', 'fitriabuyazid4', 'u2103167', 'tahmid', 'khaw', 's2119347', 'wanammarizzat', 'syedilhan12', 'atulzolq', 'haziqteknik123', 'bryan_lly', 'u2000829', 'cjy', 'u2103102', 'u2103189', 'u2103120', 'harissonvr46', 'u2103104', 'izuan.tyt', 'dengyaokua', 'chimaer1218', 'salehuddin098', 'fathulammar', 'shien329', 'u2000449']",6,"['pnolas10', 'konkarkrutika', 'dshetty27', 'aberde', None, 'vasileska']",47,"['cjx123', 'nrzkha9', 'u2103061', 'chebeepbeep', 'u2000878', 'pnolas10', 'u2000663', 'jasontankmj', 'erictee0917', 'jvemired', 'tanszeching', 'cyx0214', 'konkarkrutika', 'morak', 'omarfaheem', 'muhammadajrulmukminin', 'kyvonne2002', 'dshetty27', 'jasontee2001', 'u2103074', 'fitriabuyazid4', 'u2103167', 'tahmid', 'khaw', 's2119347', 'wanammarizzat', 'syedilhan12', 'aberde', 'atulzolq', 'haziqteknik123', None, 'bryan_lly', 'u2000829', 'cjy', 'u2103102', 'u2103189', 'u2103120', 'harissonvr46', 'u2103104', 'izuan.tyt', 'dengyaokua', 'chimaer1218', 'salehuddin098', 'fathulammar', 'shien329', 'u2000449', 'vasileska']"
26,181,38,57,15,"['elkins15', 'ckniffen', 'rdonoghu', 'eric52689', 'damshel', 'ericshuisyy', 'jglane', 'pkolady', 'li1897', 'tmurarka', 'hsu196', 'bmavreno', 'chong50', 'liu2595', 'ramkumaa']",22,"['ridha', 'james.lloydhughes', 'jrkamins', 'brampras', 'rishid', 'smolensk', 'jheimlic', 'prakharpandey1198', 'allison', 'gsabraham', 'nish.s1995', 'cjccarlson', 'mlwaldorf', 'shemayat', 'mikeymvn', 'nkim1218', 'suyetani', 'ntrpy', 'mpires20', 'michaellauria01', 'atkins27', 'tdsun']",42,"['cbrelje', 'axewarrior', 'panditm', 'jnickla', 'aattanas', 'kim3432', 'obishopdwenger', 'shafaat.saud', 'lancefernandes13', 'jabirbin', 'davidparoda8', 'bennett.adcock', 'mart1787', 'abukhater', 'sahanathota24', 'tan350', 'braun62', 'eilersbe001', 'anthonyyijiang', 'gmacraes', 'spartanpanda.hs', 'pveluri', 'mozlu', 'jcapuzzi', 'hall657', 'malfaili', None, 'dparoda', 'phill225', 'mtsysin', 'leung55', 'wang4878', 'jensen56', 'beelern', 'cthode', 'king492', 'jschweit', 'rspilker', 'jzullo', 'yang1991', 'shah123', 'ande1083']",79,"['cbrelje', 'james.lloydhughes', 'jrkamins', 'axewarrior', 'ckniffen', 'smolensk', 'panditm', 'ericshuisyy', 'jglane', 'aattanas', 'kim3432', 'jheimlic', 'prakharpandey1198', 'obishopdwenger', 'shafaat.saud', 'bennett.adcock', 'gsabraham', 'mart1787', 'abukhater', 'sahanathota24', 'braun62', 'eilersbe001', 'gmacraes', 'mlwaldorf', 'spartanpanda.hs', 'elkins15', 'pkolady', 'mikeymvn', 'jcapuzzi', 'hall657', 'dparoda', 'phill225', 'suyetani', 'leung55', 'jensen56', 'beelern', 'damshel', 'king492', 'jschweit', 'atkins27', 'tdsun', 'yang1991', 'ridha', 'brampras', 'rishid', 'eric52689', 'jnickla', 'chong50', 'davidparoda8', 'jabirbin', 'lancefernandes13', 'allison', 'tan350', 'rdonoghu', 'nish.s1995', 'anthonyyijiang', 'cjccarlson', 'hsu196', 'liu2595', 'shemayat', 'pveluri', 'mozlu', 'li1897', 'bmavreno', 'malfaili', 'nkim1218', None, 'ramkumaa', 'tmurarka', 'ntrpy', 'mtsysin', 'mpires20', 'wang4878', 'michaellauria01', 'cthode', 'rspilker', 'jzullo', 'shah123', 'ande1083']"
26,150,38,45,21,"['brampras', 'rishid', 'ckniffen', 'eric52689', 'jheimlic', 'allison', 'gsabraham', 'rdonoghu', 'mlwaldorf', 'liu2595', 'shemayat', 'elkins15', 'pkolady', 'mikeymvn', 'li1897', 'nkim1218', 'tmurarka', 'suyetani', 'mpires20', 'atkins27', 'tdsun']",16,"['ridha', 'ntrpy', 'james.lloydhughes', 'jrkamins', 'bmavreno', 'smolensk', 'michaellauria01', 'damshel', 'nish.s1995', 'ericshuisyy', 'jglane', 'cjccarlson', 'hsu196', 'prakharpandey1198', 'chong50', 'ramkumaa']",24,"['panditm', 'gunta72', 'herndonas', 'bhurrle', 'pfdeng', 'imran.majid', 'jabirbin', 'swoper', 'lachan7', 'pmaturana', 'braun62', 'xuewang', 'aorubu', 'aksamija', 'courtck1', 'mozlu', 'xie279', 'mahdielectricalmaster', None, 'accancio', 'multiferroics', 'king492', 'fbland', 'shah123']",61,"['james.lloydhughes', 'jrkamins', 'ckniffen', 'smolensk', 'panditm', 'ericshuisyy', 'jglane', 'bhurrle', 'jheimlic', 'prakharpandey1198', 'gsabraham', 'lachan7', 'pmaturana', 'braun62', 'xuewang', 'aorubu', 'mlwaldorf', 'aksamija', 'elkins15', 'courtck1', 'pkolady', 'mikeymvn', 'suyetani', 'multiferroics', 'damshel', 'king492', 'atkins27', 'tdsun', 'ridha', 'brampras', 'rishid', 'eric52689', 'herndonas', 'gunta72', 'pfdeng', 'imran.majid', 'chong50', 'jabirbin', 'swoper', 'allison', 'rdonoghu', 'nish.s1995', 'cjccarlson', 'hsu196', 'liu2595', 'shemayat', 'mozlu', 'li1897', 'xie279', 'bmavreno', 'mahdielectricalmaster', 'nkim1218', None, 'ramkumaa', 'tmurarka', 'ntrpy', 'mpires20', 'accancio', 'michaellauria01', 'fbland', 'shah123']"
26,151,38,29,1,['liu2595'],36,"['ridha', 'james.lloydhughes', 'jrkamins', 'brampras', 'rishid', 'ckniffen', 'smolensk', 'eric52689', 'ericshuisyy', 'jglane', 'jheimlic', 'prakharpandey1198', 'chong50', 'allison', 'gsabraham', 'rdonoghu', 'nish.s1995', 'cjccarlson', 'hsu196', 'mlwaldorf', 'shemayat', 'elkins15', 'pkolady', 'mikeymvn', 'li1897', 'bmavreno', 'nkim1218', 'ramkumaa', 'tmurarka', 'suyetani', 'ntrpy', 'mpires20', 'michaellauria01', 'damshel', 'atkins27', 'tdsun']",28,"['zenou_tchamwa', 'thomp700', 'lyons78', 'zikriaanwarzai', 'zheng545', 'jabirbin', 'berger49', 'smitkpd', 'wdrakas', 'chi58', 'farrel28', 'boesk', 'herna438', 'fung12', 'sjw961117', 'kganbold', 'qlovejoy', 'hall657', 'ahliu', None, 'mehta152', 'gonza508', 'arayapro', 'yoon164', 'cferguss', 'beelern', 'fan262', 'givenc']",65,"['ridha', 'zenou_tchamwa', 'james.lloydhughes', 'jrkamins', 'brampras', 'rishid', 'ckniffen', 'smolensk', 'eric52689', 'ericshuisyy', 'jglane', 'thomp700', 'jheimlic', 'prakharpandey1198', 'lyons78', 'zikriaanwarzai', 'chong50', 'zheng545', 'jabirbin', 'berger49', 'allison', 'gsabraham', 'smitkpd', 'rdonoghu', 'wdrakas', 'nish.s1995', 'chi58', 'cjccarlson', 'hsu196', 'mlwaldorf', 'boesk', 'farrel28', 'liu2595', 'shemayat', 'herna438', 'fung12', 'sjw961117', 'elkins15', 'kganbold', 'pkolady', 'mikeymvn', 'li1897', 'qlovejoy', 'hall657', 'bmavreno', 'ahliu', 'nkim1218', None, 'ramkumaa', 'tmurarka', 'mehta152', 'suyetani', 'ntrpy', 'gonza508', 'arayapro', 'yoon164', 'mpires20', 'cferguss', 'michaellauria01', 'beelern', 'damshel', 'fan262', 'atkins27', 'tdsun', 'givenc']"
26,184,38,26,7,"['jrkamins', 'allison', 'gsabraham', 'rishid', 'mikeymvn', 'cjccarlson', 'tdsun']",30,"['ridha', 'james.lloydhughes', 'brampras', 'ckniffen', 'smolensk', 'eric52689', 'ericshuisyy', 'jglane', 'jheimlic', 'prakharpandey1198', 'chong50', 'rdonoghu', 'nish.s1995', 'hsu196', 'mlwaldorf', 'liu2595', 'shemayat', 'elkins15', 'pkolady', 'li1897', 'bmavreno', 'nkim1218', 'ramkumaa', 'tmurarka', 'suyetani', 'ntrpy', 'mpires20', 'michaellauria01', 'damshel', 'atkins27']",19,"['gachan1', 'yuvrajsc', 'eomartin', 'dingzhao', 'mahgoubm', 'nmwilkerson', 'heydrich', 'sdvoroch', 'gejaeger', 'kaylin18', 'noshea', 'courtck1', 'ylin0413', None, 'tichada', 'jnhale', 'ewhorn', 'rcastelo', 'salsaverde']",56,"['ridha', 'james.lloydhughes', 'jrkamins', 'brampras', 'yuvrajsc', 'rishid', 'ckniffen', 'smolensk', 'gachan1', 'eric52689', 'ericshuisyy', 'jglane', 'eomartin', 'dingzhao', 'jheimlic', 'prakharpandey1198', 'chong50', 'allison', 'gsabraham', 'mahgoubm', 'rdonoghu', 'nish.s1995', 'nmwilkerson', 'cjccarlson', 'hsu196', 'heydrich', 'mlwaldorf', 'liu2595', 'sdvoroch', 'gejaeger', 'shemayat', 'kaylin18', 'noshea', 'elkins15', 'courtck1', 'pkolady', 'mikeymvn', 'li1897', 'ylin0413', 'bmavreno', 'nkim1218', None, 'ramkumaa', 'tmurarka', 'suyetani', 'ntrpy', 'tichada', 'mpires20', 'jnhale', 'michaellauria01', 'damshel', 'atkins27', 'ewhorn', 'rcastelo', 'tdsun', 'salsaverde']"
26,147,38,18,16,"['elkins15', 'ramkumaa', 'ckniffen', 'smolensk', 'rdonoghu', 'eric52689', 'jheimlic', 'damshel', 'jglane', 'pkolady', 'li1897', 'atkins27', 'hsu196', 'chong50', 'tmurarka', 'shemayat']",21,"['ridha', 'james.lloydhughes', 'jrkamins', 'brampras', 'rishid', 'ericshuisyy', 'prakharpandey1198', 'allison', 'gsabraham', 'nish.s1995', 'cjccarlson', 'mlwaldorf', 'liu2595', 'mikeymvn', 'bmavreno', 'nkim1218', 'suyetani', 'ntrpy', 'mpires20', 'michaellauria01', 'tdsun']",2,"[None, 'vivekkaundun17']",39,"['ridha', 'james.lloydhughes', 'jrkamins', 'brampras', 'rishid', 'ckniffen', 'smolensk', 'eric52689', 'ericshuisyy', 'jglane', 'jheimlic', 'prakharpandey1198', 'chong50', 'allison', 'gsabraham', 'rdonoghu', 'nish.s1995', 'cjccarlson', 'hsu196', 'mlwaldorf', 'liu2595', 'shemayat', 'elkins15', 'pkolady', 'mikeymvn', 'li1897', 'bmavreno', 'nkim1218', None, 'ramkumaa', 'tmurarka', 'suyetani', 'ntrpy', 'mpires20', 'michaellauria01', 'damshel', 'atkins27', 'tdsun', 'vivekkaundun17']"
26,148,38,13,5,"['pkolady', 'ericshuisyy', 'bmavreno', 'chong50', 'ramkumaa']",32,"['ridha', 'james.lloydhughes', 'jrkamins', 'brampras', 'rishid', 'ckniffen', 'smolensk', 'eric52689', 'jglane', 'jheimlic', 'prakharpandey1198', 'allison', 'gsabraham', 'rdonoghu', 'nish.s1995', 'cjccarlson', 'hsu196', 'mlwaldorf', 'liu2595', 'shemayat', 'elkins15', 'mikeymvn', 'li1897', 'nkim1218', 'tmurarka', 'suyetani', 'ntrpy', 'mpires20', 'michaellauria01', 'damshel', 'atkins27', 'tdsun']",8,"['jabirbin', 'gradyr', 'sahanathota24', 'panditm', 'liu2476', None, 'shah123', 'zheng545']",45,"['ridha', 'james.lloydhughes', 'jrkamins', 'brampras', 'rishid', 'ckniffen', 'smolensk', 'panditm', 'eric52689', 'ericshuisyy', 'jglane', 'jheimlic', 'prakharpandey1198', 'chong50', 'zheng545', 'jabirbin', 'allison', 'gsabraham', 'sahanathota24', 'rdonoghu', 'nish.s1995', 'liu2476', 'cjccarlson', 'hsu196', 'mlwaldorf', 'liu2595', 'shemayat', 'gradyr', 'elkins15', 'pkolady', 'mikeymvn', 'li1897', 'bmavreno', 'nkim1218', None, 'ramkumaa', 'tmurarka', 'suyetani', 'ntrpy', 'mpires20', 'michaellauria01', 'damshel', 'atkins27', 'tdsun', 'shah123']"
27,218,38,34,22,"['gamreshalaka', '2018.roshan.indulkar', '2018.amey.advirkar', 'ratul01', '2018.sanika.indulkar', '2018.shruti.parab', 'ie2016.shyam.munankar', 'sumedh13', '2018.deepti.singh', 'prajot7869', '2018.saurav.pandit', 'srishti241', '2018.dhruvi.chauhan', 'shash23', '2018.sahil.amundkar', '2018.shalaka.gamare', '2018.paras.dhekale', 'vivekpalande01', '2018.jaie.vengurlekar', '2018.rutuja.shejwal', '2018.rayan.shaikh', 'prashanth34']",15,"['kanchanbajaj415', '2018.rohini.mane', '2018.siddhesh.patkar', '2018.abhishek.tupe', 'vedant48', 'varunpg28', '2018.rohit.gwalani', '2018.gauri.karale', '2018.pranil.ghadi', '2018.jayant.chaudhari', '2018.gaurav.ghugare', 'ketakipurohit19', '2018.vaishnavi.harihara', '2018.shlok.jagushte', 'shchaudhari']",12,"['swapnalimakdey25', '2018.ritik.choudhary', 'et2016.kaushik.kartikeya', 'chaitanyajoshi', '2018.suyog.sawant', 'abhi06', '2018.kishori.lad', 'rajtalashilkar', '2018.mohd.ansari', 'hritikvivekpatil', 'binsypinto', None]",49,"['2018.abhishek.tupe', '2018.suyog.sawant', '2018.roshan.indulkar', 'gamreshalaka', '2018.amey.advirkar', '2018.jayant.chaudhari', 'ratul01', '2018.sanika.indulkar', 'binsypinto', '2018.shruti.parab', 'ie2016.shyam.munankar', '2018.ritik.choudhary', '2018.siddhesh.patkar', 'et2016.kaushik.kartikeya', 'chaitanyajoshi', '2018.kishori.lad', 'sumedh13', 'vedant48', 'varunpg28', '2018.deepti.singh', 'prajot7869', '2018.gauri.karale', '2018.saurav.pandit', 'swapnalimakdey25', '2018.rohini.mane', 'abhi06', 'srishti241', 'rajtalashilkar', '2018.mohd.ansari', '2018.rohit.gwalani', '2018.dhruvi.chauhan', 'shash23', 'hritikvivekpatil', '2018.gaurav.ghugare', 'ketakipurohit19', '2018.sahil.amundkar', None, '2018.vaishnavi.harihara', 'shchaudhari', 'kanchanbajaj415', '2018.shalaka.gamare', '2018.paras.dhekale', 'vivekpalande01', '2018.jaie.vengurlekar', '2018.pranil.ghadi', '2018.rutuja.shejwal', '2018.rayan.shaikh', 'prashanth34', '2018.shlok.jagushte']"
27,216,38,21,15,"['2018.abhishek.tupe', 'gamreshalaka', '2018.roshan.indulkar', 'sumedh13', 'srishti241', '2018.rayan.shaikh', '2018.deepti.singh', '2018.dhruvi.chauhan', 'shash23', '2018.rutuja.shejwal', 'ratul01', '2018.sahil.amundkar', 'prashanth34', '2018.shruti.parab', 'ie2016.shyam.munankar']",22,"['2018.amey.advirkar', '2018.jayant.chaudhari', '2018.sanika.indulkar', '2018.siddhesh.patkar', 'vedant48', 'varunpg28', 'prajot7869', '2018.gauri.karale', '2018.saurav.pandit', '2018.rohini.mane', '2018.rohit.gwalani', '2018.gaurav.ghugare', 'ketakipurohit19', '2018.vaishnavi.harihara', 'shchaudhari', 'kanchanbajaj415', '2018.shalaka.gamare', '2018.paras.dhekale', 'vivekpalande01', '2018.jaie.vengurlekar', '2018.pranil.ghadi', '2018.shlok.jagushte']",6,"['2018.shatrunjay.palkar', 'shindepratik', 'preet2018', 'rajtalashilkar', '2018.harshal.jouras', None]",43,"['2018.abhishek.tupe', '2018.roshan.indulkar', 'gamreshalaka', '2018.amey.advirkar', '2018.jayant.chaudhari', 'ratul01', '2018.sanika.indulkar', '2018.shruti.parab', 'ie2016.shyam.munankar', '2018.siddhesh.patkar', 'sumedh13', 'vedant48', 'preet2018', 'varunpg28', '2018.deepti.singh', 'prajot7869', '2018.gauri.karale', '2018.saurav.pandit', '2018.harshal.jouras', '2018.rohini.mane', 'srishti241', 'rajtalashilkar', '2018.rohit.gwalani', '2018.dhruvi.chauhan', 'shash23', '2018.gaurav.ghugare', 'ketakipurohit19', '2018.sahil.amundkar', None, '2018.vaishnavi.harihara', 'shchaudhari', 'kanchanbajaj415', '2018.shalaka.gamare', '2018.paras.dhekale', 'vivekpalande01', '2018.shatrunjay.palkar', 'shindepratik', '2018.jaie.vengurlekar', '2018.pranil.ghadi', '2018.rutuja.shejwal', '2018.rayan.shaikh', 'prashanth34', '2018.shlok.jagushte']"
27,217,38,16,10,"['gamreshalaka', '2018.deepti.singh', 'prajot7869', '2018.gauri.karale', '2018.dhruvi.chauhan', '2018.rutuja.shejwal', '2018.rayan.shaikh', '2018.sanika.indulkar', '2018.sahil.amundkar', 'ie2016.shyam.munankar']",27,"['2018.abhishek.tupe', '2018.roshan.indulkar', '2018.amey.advirkar', '2018.jayant.chaudhari', 'ratul01', '2018.shruti.parab', '2018.siddhesh.patkar', 'sumedh13', 'vedant48', 'varunpg28', '2018.saurav.pandit', '2018.rohini.mane', 'srishti241', '2018.rohit.gwalani', 'shash23', '2018.gaurav.ghugare', 'ketakipurohit19', '2018.vaishnavi.harihara', 'shchaudhari', 'kanchanbajaj415', '2018.shalaka.gamare', '2018.paras.dhekale', 'vivekpalande01', '2018.jaie.vengurlekar', '2018.pranil.ghadi', 'prashanth34', '2018.shlok.jagushte']",6,"['bhairavi_chavan', 'manasipatankar', 'rajtalashilkar', 'hritik827', None, 'pradyumnapalav74']",43,"['bhairavi_chavan', '2018.abhishek.tupe', '2018.roshan.indulkar', 'gamreshalaka', 'manasipatankar', '2018.amey.advirkar', '2018.jayant.chaudhari', 'hritik827', 'ratul01', '2018.sanika.indulkar', '2018.shruti.parab', 'ie2016.shyam.munankar', '2018.siddhesh.patkar', 'sumedh13', 'vedant48', 'varunpg28', '2018.deepti.singh', 'prajot7869', '2018.gauri.karale', '2018.saurav.pandit', '2018.rohini.mane', 'srishti241', 'rajtalashilkar', '2018.rohit.gwalani', '2018.dhruvi.chauhan', 'shash23', '2018.gaurav.ghugare', 'ketakipurohit19', '2018.sahil.amundkar', None, '2018.vaishnavi.harihara', 'pradyumnapalav74', 'shchaudhari', 'kanchanbajaj415', '2018.shalaka.gamare', '2018.paras.dhekale', 'vivekpalande01', '2018.jaie.vengurlekar', '2018.pranil.ghadi', '2018.rutuja.shejwal', '2018.rayan.shaikh', 'prashanth34', '2018.shlok.jagushte']"
27,215,38,14,10,"['2018.paras.dhekale', '2018.roshan.indulkar', 'srishti241', 'sumedh13', '2018.amey.advirkar', '2018.gauri.karale', '2018.jaie.vengurlekar', '2018.gaurav.ghugare', '2018.shruti.parab', 'ie2016.shyam.munankar']",27,"['2018.abhishek.tupe', 'gamreshalaka', '2018.jayant.chaudhari', 'ratul01', '2018.sanika.indulkar', '2018.siddhesh.patkar', 'vedant48', 'varunpg28', '2018.deepti.singh', 'prajot7869', '2018.saurav.pandit', '2018.rohini.mane', '2018.rohit.gwalani', '2018.dhruvi.chauhan', 'shash23', 'ketakipurohit19', '2018.sahil.amundkar', '2018.vaishnavi.harihara', 'shchaudhari', 'kanchanbajaj415', '2018.shalaka.gamare', 'vivekpalande01', '2018.pranil.ghadi', '2018.rutuja.shejwal', '2018.rayan.shaikh', 'prashanth34', '2018.shlok.jagushte']",4,"['pradyumna_74', None, '2018.shubham.bhosale', 'deeptisingh']",41,"['pradyumna_74', '2018.abhishek.tupe', '2018.roshan.indulkar', 'gamreshalaka', '2018.amey.advirkar', '2018.jayant.chaudhari', 'ratul01', '2018.sanika.indulkar', '2018.shubham.bhosale', '2018.shruti.parab', 'ie2016.shyam.munankar', '2018.siddhesh.patkar', 'sumedh13', 'vedant48', 'varunpg28', '2018.deepti.singh', 'prajot7869', '2018.gauri.karale', '2018.saurav.pandit', '2018.rohini.mane', 'srishti241', '2018.rohit.gwalani', '2018.dhruvi.chauhan', 'shash23', '2018.gaurav.ghugare', 'ketakipurohit19', '2018.sahil.amundkar', None, '2018.vaishnavi.harihara', 'shchaudhari', 'kanchanbajaj415', '2018.shalaka.gamare', '2018.paras.dhekale', 'vivekpalande01', 'deeptisingh', '2018.jaie.vengurlekar', '2018.pranil.ghadi', '2018.rutuja.shejwal', '2018.rayan.shaikh', 'prashanth34', '2018.shlok.jagushte']"
28,326,38,56,36,"['martinezbrighettatiana', 'jpbarrero131', 'j.morenos', 'waweno137', 'danielvillarg', 'y.ramirezc', 'juanfelipecaicedo11', 'vhernandezp31', 'japlatap1', 'juanzapa', 'sergio.gomez', 'correaln47', 'juan10eslav', 'c.escobarh', 'j.pulidos', 'danielpantoja', 'acordero', 'sinis16', 'estaban250212', 'marish', 'sebastianmoya2002', 'l.rubuic', 'arizah0707', 'guayacansebastian', 'cahc232', 's.guerrero3', 'felip3x', 'karenpolania', 'jorge339', 'anjuloma', 'juancardona543', 'julipa02', 'nicolasdiaz200308', 'yesopi', 'gonzalezcamilo672', 'a.pulidog8135']",1,['pacodelamar'],20,"['felipio32', 'santiagoamayagarcia', 'f.alvarezl', 'mi.angel1310', 'camilo0802', 'yesid.pinerosp', 'diamondchief', 'jfvillavisanb', 'juancreyes201', 'juanjallerl1212', 'juansebastiancorredor12', 'andresfcord', 'cristiancorr', 'gabrielsaavedra995', 'danielhurtado981215', None, 'catalinamcristancho', 'mafetatr', 'juguibavi27', 'g.gonzalezc']",57,"['martinezbrighettatiana', 'j.morenos', 'danielvillarg', 'camilo0802', 'japlatap1', 'juan10eslav', 'c.escobarh', 'juancreyes201', 'danielpantoja', 'acordero', 'juansebastiancorredor12', 'gabrielsaavedra995', 'sebastianmoya2002', 'l.rubuic', 'guayacansebastian', 'karenpolania', 'mafetatr', 'anjuloma', 'yesopi', 'g.gonzalezc', 'a.pulidog8135', 'felipio32', 'jpbarrero131', 'santiagoamayagarcia', 'f.alvarezl', 'waweno137', 'mi.angel1310', 'yesid.pinerosp', 'y.ramirezc', 'juanfelipecaicedo11', 'vhernandezp31', 'juanzapa', 'sergio.gomez', 'pacodelamar', 'correaln47', 'diamondchief', 'jfvillavisanb', 'j.pulidos', 'juanjallerl1212', 'sinis16', 'estaban250212', 'marish', 'andresfcord', 'cristiancorr', 'arizah0707', 'cahc232', 'danielhurtado981215', 's.guerrero3', None, 'felip3x', 'catalinamcristancho', 'jorge339', 'juancardona543', 'julipa02', 'nicolasdiaz200308', 'juguibavi27', 'gonzalezcamilo672']"
28,560,38,52,36,"['martinezbrighettatiana', 'jpbarrero131', 'waweno137', 'danielvillarg', 'y.ramirezc', 'juanfelipecaicedo11', 'vhernandezp31', 'japlatap1', 'juanzapa', 'sergio.gomez', 'pacodelamar', 'correaln47', 'juan10eslav', 'c.escobarh', 'j.pulidos', 'danielpantoja', 'acordero', 'sinis16', 'estaban250212', 'marish', 'sebastianmoya2002', 'l.rubuic', 'arizah0707', 'guayacansebastian', 'cahc232', 's.guerrero3', 'felip3x', 'karenpolania', 'jorge339', 'anjuloma', 'juancardona543', 'julipa02', 'nicolasdiaz200308', 'yesopi', 'gonzalezcamilo672', 'a.pulidog8135']",1,['j.morenos'],16,"['n.rincon4', 'sanvarp1', 's.leonaviles152915', 'juan.yate.alcala', 'v13angela', 'f.alvarezl', 'jorgel17', 'camilo0802', 'juancreyes201', None, 'alejo060801', 'danielhurtado981215', 'trivix22', 'ccabrales2609', 'kevinsantamaria', 'alejosalgadom']",53,"['martinezbrighettatiana', 'j.morenos', 'danielvillarg', 'camilo0802', 'japlatap1', 'juan10eslav', 'c.escobarh', 'juancreyes201', 'danielpantoja', 'acordero', 'v13angela', 'sebastianmoya2002', 'l.rubuic', 'guayacansebastian', 'juan.yate.alcala', 'karenpolania', 'anjuloma', 'yesopi', 'ccabrales2609', 'jorgel17', 'a.pulidog8135', 'n.rincon4', 'sanvarp1', 'jpbarrero131', 'f.alvarezl', 'waweno137', 'y.ramirezc', 'juanfelipecaicedo11', 'trivix22', 'vhernandezp31', 'juanzapa', 'sergio.gomez', 'pacodelamar', 'correaln47', 's.leonaviles152915', 'j.pulidos', 'alejo060801', 'sinis16', 'estaban250212', 'marish', 'arizah0707', 'cahc232', 'danielhurtado981215', 's.guerrero3', None, 'felip3x', 'jorge339', 'juancardona543', 'julipa02', 'nicolasdiaz200308', 'gonzalezcamilo672', 'kevinsantamaria', 'alejosalgadom']"
28,561,38,45,25,"['jpbarrero131', 'waweno137', 'danielvillarg', 'y.ramirezc', 'juanfelipecaicedo11', 'vhernandezp31', 'japlatap1', 'juanzapa', 'sergio.gomez', 'c.escobarh', 'acordero', 'sinis16', 'estaban250212', 'marish', 'arizah0707', 'cahc232', 'guayacansebastian', 'karenpolania', 'jorge339', 'anjuloma', 'juancardona543', 'julipa02', 'yesopi', 'gonzalezcamilo672', 'a.pulidog8135']",12,"['martinezbrighettatiana', 'felip3x', 'pacodelamar', 'correaln47', 'j.morenos', 'juan10eslav', 'sebastianmoya2002', 'l.rubuic', 'nicolasdiaz200308', 'j.pulidos', 's.guerrero3', 'danielpantoja']",20,"['n.rincon4', 'sanvarp1', 'felipio32', 'santiagoamayagarcia', 'f.alvarezl', 'camilo0802', 'yesid.pinerosp', 'diamondchief', 'jfvillavisanb', 'juancreyes201', 'juanjallerl1212', 'cristiancorr', 'gabrielsaavedra995', 'jorgel17', 'danielhurtado981215', None, 'mafetatr', 'g.gonzalezc', 'kevinsantamaria', 'alejosalgadom']",57,"['martinezbrighettatiana', 'j.morenos', 'danielvillarg', 'camilo0802', 'japlatap1', 'juan10eslav', 'c.escobarh', 'juancreyes201', 'danielpantoja', 'acordero', 'gabrielsaavedra995', 'sebastianmoya2002', 'l.rubuic', 'guayacansebastian', 'karenpolania', 'mafetatr', 'anjuloma', 'yesopi', 'g.gonzalezc', 'jorgel17', 'a.pulidog8135', 'n.rincon4', 'sanvarp1', 'felipio32', 'jpbarrero131', 'santiagoamayagarcia', 'f.alvarezl', 'waweno137', 'yesid.pinerosp', 'y.ramirezc', 'juanfelipecaicedo11', 'vhernandezp31', 'juanzapa', 'sergio.gomez', 'pacodelamar', 'correaln47', 'diamondchief', 'jfvillavisanb', 'j.pulidos', 'juanjallerl1212', 'sinis16', 'estaban250212', 'marish', 'cristiancorr', 'arizah0707', 'cahc232', 'danielhurtado981215', 's.guerrero3', None, 'felip3x', 'jorge339', 'juancardona543', 'julipa02', 'nicolasdiaz200308', 'gonzalezcamilo672', 'kevinsantamaria', 'alejosalgadom']"
28,219,38,6,4,"['julipa02', 'nicolasdiaz200308', 'y.ramirezc', 'anjuloma']",33,"['martinezbrighettatiana', 'jpbarrero131', 'j.morenos', 'waweno137', 'danielvillarg', 'juanfelipecaicedo11', 'vhernandezp31', 'japlatap1', 'juanzapa', 'sergio.gomez', 'pacodelamar', 'correaln47', 'juan10eslav', 'c.escobarh', 'j.pulidos', 'danielpantoja', 'acordero', 'sinis16', 'estaban250212', 'marish', 'sebastianmoya2002', 'l.rubuic', 'arizah0707', 'guayacansebastian', 'cahc232', 's.guerrero3', 'felip3x', 'karenpolania', 'jorge339', 'juancardona543', 'yesopi', 'gonzalezcamilo672', 'a.pulidog8135']",2,"[None, 'catalinamcristancho']",39,"['martinezbrighettatiana', 'jpbarrero131', 'j.morenos', 'waweno137', 'danielvillarg', 'y.ramirezc', 'juanfelipecaicedo11', 'vhernandezp31', 'japlatap1', 'juanzapa', 'sergio.gomez', 'pacodelamar', 'correaln47', 'juan10eslav', 'c.escobarh', 'j.pulidos', 'danielpantoja', 'acordero', 'sinis16', 'estaban250212', 'marish', 'sebastianmoya2002', 'l.rubuic', 'arizah0707', 'guayacansebastian', 'cahc232', 's.guerrero3', None, 'felip3x', 'catalinamcristancho', 'karenpolania', 'jorge339', 'anjuloma', 'juancardona543', 'julipa02', 'nicolasdiaz200308', 'yesopi', 'gonzalezcamilo672', 'a.pulidog8135']"
29,234,37,35,33,"['cuijingyuan', 'pox1255', 'dldls131', 'shmun', 'paulcin', 'ysunnchoi', 'gyu8632', 'dasfsaasdf', 'eksals77', 'hcmin1105', 'limhb1017', 'shonhs0731', 'liszt33', 'ryanpark7', 'portmoody2', 'seongmin0708', 'justids', 'ycan1', 'homer623', 'sjkim', 'jintador700', 'seungbin0h', 'liszt333', 'kthppp', 'jungjh980330', 'nsu6001', 'kjgraphene', 'km950501', 'jiho2353', 'ttoo35', 'kimmy1110', 'sarchaan', 'chnunu']",3,"['hhemachitti', 'lleeoo1227', 'harshiyazubaida123']",2,"[None, 'fekolab121']",38,"['cuijingyuan', 'pox1255', 'dldls131', 'shmun', 'paulcin', 'fekolab121', 'ysunnchoi', 'gyu8632', 'dasfsaasdf', 'eksals77', 'limhb1017', 'hcmin1105', 'shonhs0731', 'liszt33', 'ryanpark7', 'portmoody2', 'seongmin0708', 'justids', 'harshiyazubaida123', 'ycan1', 'homer623', 'sjkim', 'jintador700', 'hhemachitti', 'seungbin0h', 'liszt333', 'kthppp', 'jungjh980330', None, 'kimmy1110', 'nsu6001', 'kjgraphene', 'km950501', 'jiho2353', 'ttoo35', 'lleeoo1227', 'sarchaan', 'chnunu']"
30,512,36,36,31,"['u1030652', 'u0939954', 'tyler.roybal73', 'u0960369', 'u0996599', 'halibyte', 'kaseykemp0910', 'williamscamposano', 'mmalinosky', 'tataserebryany', 'u1081888', 'u1228807', 'tjcoe11', 'u1037344', 'u1313270', 'u0714849', 'u1248801', 'u1098664', 'u1167853', 'u1033377', 'u0379307', 'u1231201', 'u1174158', 'u1031328', 'u1170693', 'u1169721', 'dbporter99', 'compuguy99', 'u1052421', 'u0941988', 'u1186007']",4,"['trongkhoithai', 'campanellogabriele99', 'u0867358', 'coltoncoon96']",5,"['u0613876', 'aidenliu000', 'u1215463', None, 'u1213141']",40,"['u1030652', 'trongkhoithai', 'u0939954', 'tyler.roybal73', 'u0960369', 'u0996599', 'halibyte', 'coltoncoon96', 'kaseykemp0910', 'williamscamposano', 'mmalinosky', 'tataserebryany', 'aidenliu000', 'u1081888', 'u1228807', 'tjcoe11', 'u1213141', 'u0613876', 'u1037344', 'u1313270', 'u0714849', 'u1248801', 'u1098664', 'u1167853', 'u0867358', 'campanellogabriele99', 'u1033377', None, 'u0379307', 'u1231201', 'u1174158', 'u1031328', 'u1170693', 'u1169721', 'dbporter99', 'compuguy99', 'u1052421', 'u0941988', 'u1215463', 'u1186007']"
30,513,36,28,1,['trongkhoithai'],34,"['u1030652', 'u0939954', 'tyler.roybal73', 'u0960369', 'u0996599', 'halibyte', 'coltoncoon96', 'kaseykemp0910', 'williamscamposano', 'mmalinosky', 'tataserebryany', 'u1081888', 'u1228807', 'tjcoe11', 'u1037344', 'u1313270', 'u0714849', 'u1248801', 'u1098664', 'u1167853', 'u0867358', 'campanellogabriele99', 'u1033377', 'u0379307', 'u1231201', 'u1174158', 'u1031328', 'u1170693', 'u1169721', 'dbporter99', 'compuguy99', 'u1052421', 'u0941988', 'u1186007']",27,"['juliafleming01', 'fdoyrldan', 'smr453', 'jfkoo1', 'linkcool200', 'kjl346', 'timtk85', 'abr73', 'leocohen', 'legowars1999', 'lra36', 'eah342', 'jmf394', 'rw667', 'lat86', 'mdbowe01', 'dbosket', 'eak339', 'lauradouglas', None, 'bms368', 'sara.kasumova', 'fjf28', 'luyang', 'jayantdubey', 'oli8749', 'gin23']",62,"['u1030652', 'fdoyrldan', 'juliafleming01', 'smr453', 'jfkoo1', 'trongkhoithai', 'linkcool200', 'kjl346', 'u0939954', 'timtk85', 'tyler.roybal73', 'u0960369', 'u0996599', 'halibyte', 'abr73', 'coltoncoon96', 'leocohen', 'kaseykemp0910', 'legowars1999', 'lra36', 'eah342', 'williamscamposano', 'jmf394', 'mmalinosky', 'tataserebryany', 'u1081888', 'rw667', 'lat86', 'u1228807', 'tjcoe11', 'mdbowe01', 'u1037344', 'jayantdubey', 'u1313270', 'dbosket', 'u0714849', 'eak339', 'u1248801', 'u1098664', 'u1167853', 'u0867358', 'campanellogabriele99', 'lauradouglas', 'u1033377', None, 'u0379307', 'u1231201', 'bms368', 'u1174158', 'u1031328', 'u1170693', 'u1169721', 'dbporter99', 'compuguy99', 'u1052421', 'u0941988', 'sara.kasumova', 'fjf28', 'luyang', 'u1186007', 'oli8749', 'gin23']"
31,514,36,183,35,"['fpqldhdntk', 'pygayoung4705', 'hermione369', 'lovenmin', 'seongbin', 'wogus5807', 'hug6901', 'unikwakhj', 'wkxa54', 'minking0007', 'oblue4848', 'ols3060178', 'poor9876', 'wg6076', 'turalazer', 'nhj25136', 'phisicsmusic', 'jea03', 'gbear7615', 'changhwa2970', 'atlantic092407', 'bsj99977', 'choijinyoung5933', 'hooni6708', 'dlstj989', 'gcoupe9171', 'yutube1058', 'hado0416', 'sclee1002', 'huidonjeong', 'soo8355a', 'kijukiju7215', 'dongjinwi', 'ehdgns9904', '928chan928']",0,[],148,"['kangha6211', 'pc20', 'aarondh2', 'rlaehrud5292', 'lsh843223', 'mmj5', 'eoh23', 'yjchoi0315', 'mariam.jama', 'yangdan2', 'chan4184', 'rvplank2', 'junyoung0735', 'dhamill2', 'nourankassem97', 'cauvaido1610', 'jiaqihriver', 'bonfimguilherme1711', 'walterwagner', 'aatrey3', 'wodyd909', 'jalies2', 'owenwat', 'asadsfawdga', 'ddejong2', 'ssibi2', 'meiyuezhang', 'anishas4', 'hanlinw3', 'depew2', 'jaredf2', 'tcr18ec019', 'ljs020104a', 'mplanoster', 'tjricks2', 'amaloto2', 'ritinjoseph', 'ryanwm2', 'soc06016', 'riverhorse', 'butters', 'ellayeji11', 'syc0428', 'dwh0015', 'sa06093', 'fede14', 'choejihun6785', 'ksjin0807', 'tagomez2', 'torsr2', 'damer', 'witamoment', 'danayun2', 'mozahma2', 'hyunsulee0709', 'ethan.dunn', 'ssethi7', 'gcangi2', 'fraga80', 'sas0091', 'ajscott5', 'shirgef', 'anm9', 'ahmed.nael.elnokrashy', 'maryama3', 'ohsangmin', 'ahmed.yassien.cu', 'sally0460', 'krzysztofwarga', 'haoran7', 'unikwakhj1', 'sachinchandra.gsc', 'wdhdlstjd164', 'shim.syeon', 'fdoyrldan', 'j2218109', 'sabolton', 'keithmse304', 'timtk85', 'susannareggiani', 'aniyogi2', 'nk13', 'jpalmer1028', 'ghsmx01', 'gweado12', 'rmb0034', 'xianzhi2', 'jpchang', 'dlxodus0725', 'lb16', 'youfuq2', 'zudsyd', 'hlm0017', 'jinyang9', 'rhffha12345', 'ericy3', 'inquisitivestudent', 'luis.lanzetta', 'wrishk2', 'varuns5', 'yunzhes2', 'abhirs2', 'jimmy1100a', 'jecano', 'efs2', 'karoche3', 'btaing08', 'hgrf', 'thswngh793', 'sopfeil2', 'eliz2000s', 'shlomib', 'leesh941222', 'hatoonb2', 'simong2', 'rjf5', 'kms92313', 'patergio', 'leeseongjae450', 'acevans4', 'wkdgns599', 'zainab2', 'chyu3', 'mhamed.lemrabit', 'pygayoung07', 'dmayorga', 'eilamy', 'rsears4', 'pjs970918', 'beetle0720', 'sali93', 'acm990922', None, 'yanjia', 'boyangy4', 'hah610115', 'jaehong3', 'jacobt6', 'mhyun1234567', 'ggr7', 'alvin2373', 'shawnc2', 'wyik2', 'ryusuke2', 'fshyti2', 'marialc3', 'shin19764', 'kaylalh3']",183,"['kangha6211', 'pygayoung4705', 'pc20', 'aarondh2', 'rlaehrud5292', 'lsh843223', 'mmj5', 'eoh23', 'unikwakhj', 'yjchoi0315', 'mariam.jama', 'yangdan2', 'chan4184', 'rvplank2', 'junyoung0735', 'dhamill2', 'nourankassem97', 'cauvaido1610', 'phisicsmusic', 'jiaqihriver', 'bonfimguilherme1711', 'changhwa2970', 'walterwagner', 'aatrey3', 'wodyd909', 'jalies2', 'owenwat', 'asadsfawdga', 'ddejong2', 'ssibi2', 'meiyuezhang', 'choijinyoung5933', 'anishas4', 'hooni6708', 'dlstj989', 'hanlinw3', 'depew2', 'hado0416', 'sclee1002', 'jaredf2', 'tcr18ec019', 'ljs020104a', 'mplanoster', 'tjricks2', 'amaloto2', 'ritinjoseph', 'ryanwm2', 'soc06016', 'riverhorse', 'butters', 'ellayeji11', 'syc0428', 'hermione369', 'dwh0015', 'sa06093', 'fede14', 'choejihun6785', 'ksjin0807', 'tagomez2', 'torsr2', 'damer', 'hug6901', 'witamoment', 'danayun2', 'wkxa54', 'mozahma2', 'ols3060178', 'poor9876', 'hyunsulee0709', 'ethan.dunn', 'nhj25136', 'ssethi7', 'jea03', 'gbear7615', 'gcangi2', 'atlantic092407', 'bsj99977', 'fraga80', 'sas0091', 'ajscott5', 'shirgef', 'anm9', 'ahmed.nael.elnokrashy', 'maryama3', 'ohsangmin', 'ahmed.yassien.cu', 'sally0460', 'kijukiju7215', 'krzysztofwarga', 'haoran7', 'unikwakhj1', 'sachinchandra.gsc', 'wdhdlstjd164', 'shim.syeon', 'fdoyrldan', 'j2218109', 'sabolton', 'keithmse304', 'lovenmin', 'seongbin', 'wogus5807', 'timtk85', 'susannareggiani', 'aniyogi2', 'nk13', 'jpalmer1028', 'ghsmx01', 'gweado12', 'rmb0034', 'xianzhi2', 'jpchang', 'oblue4848', 'wg6076', 'dlxodus0725', 'turalazer', 'lb16', 'youfuq2', 'zudsyd', 'hlm0017', 'jinyang9', 'rhffha12345', 'ericy3', 'inquisitivestudent', 'luis.lanzetta', 'wrishk2', 'yutube1058', 'huidonjeong', 'varuns5', 'yunzhes2', 'abhirs2', 'jimmy1100a', 'jecano', 'soo8355a', 'efs2', 'karoche3', 'dongjinwi', 'btaing08', 'fpqldhdntk', 'hgrf', 'thswngh793', 'sopfeil2', 'eliz2000s', 'shlomib', 'leesh941222', 'hatoonb2', 'simong2', 'minking0007', 'rjf5', 'kms92313', 'patergio', 'leeseongjae450', 'acevans4', 'wkdgns599', 'zainab2', 'chyu3', 'mhamed.lemrabit', 'pygayoung07', 'dmayorga', 'eilamy', 'rsears4', 'pjs970918', 'beetle0720', 'gcoupe9171', 'sali93', 'acm990922', None, 'yanjia', 'boyangy4', 'hah610115', 'jaehong3', 'jacobt6', 'mhyun1234567', 'ggr7', 'alvin2373', 'shawnc2', 'wyik2', 'ryusuke2', 'fshyti2', 'ehdgns9904', '928chan928', 'marialc3', 'shin19764', 'kaylalh3']"
31,61,36,128,13,"['bsj99977', 'ols3060178', 'hermione369', 'wg6076', 'kijukiju7215', 'seongbin', '928chan928', 'jea03', 'gbear7615', 'unikwakhj', 'sclee1002', 'huidonjeong', 'wkxa54']",22,"['fpqldhdntk', 'pygayoung4705', 'lovenmin', 'wogus5807', 'hug6901', 'minking0007', 'oblue4848', 'poor9876', 'turalazer', 'nhj25136', 'phisicsmusic', 'changhwa2970', 'atlantic092407', 'choijinyoung5933', 'hooni6708', 'dlstj989', 'gcoupe9171', 'yutube1058', 'hado0416', 'soo8355a', 'dongjinwi', 'ehdgns9904']",115,"['rlchykoo', 'our1109', 'mshadow990320', 'sebbie', 'cty0613', 'snubilee1', 'dhdldkrak', 'skecprk03', 'mentaly', 'juyun39', 'ksj9802', 'nanosshhnn525', 'el0940', 'dongvin', 'chiefsuk99', 'taehan2005', 'ruddnjs3323', 'qudwns2692', 'dndudron', 'choi1023', 'nim8244', 'daeeun4531', 'jasonkimi', 'h22313902', 'nenimepic', 'anstjddns211', 'joon5159', 'soc06016', 'twotwo7768', 'snfndwl9', 'pky2237', 'cccrck', 'b815173', 'mookeemail', 'sa06093', 'choejihun6785', 'ohseunghwa0802', 'sonss1998', 'hse06130', 'hkr2345', 'jiwon', 'tkwls6642', 'lpjh525', 'mookeemail05', 'kimyoonchan77', 'gric', 'shpark0923', 'potato9977', 'hyunseo', 'thsskawn1018', 'kky4670', 'ryumija2', 'ohsangmin', 'jimin01', 'csms987', 'shn0915', 'dlwjdrnr1408', 'rnjsgh0247', 'wdhdlstjd164', 'leeyuchan', 'j2218109', 'jennyoo8848', 'cotmd98', 'eom5810', 'thqudgns0309', 'lms', 'dydgk79', 'jiko8693', 'dao10320', 'acrylic753', 'tryitbro', 'qkrals018', 'sgu20181516', 'ybband903', 'tkddud127', 'wodbs0117', 'b815184', 'sjssl1201', 'x007007', 'bb7235', 'goddisasterman', 'davidnoh12', 'dltjdbs3', 'haejeong', 'bb8415', 'seokyoon', 'dise8988', 'leesh941222', 'b815101', 'rktnejddjfl', 'castlecow', 'elsislove', 'did905', 'brandon5944', 'leehyukjoo', 'cindyyj0102', 'yybb_lee', 'jina', 'hanju1203', 'kmg6702', 'nam37633', 'jjs990424', 'beetle0720', 'lha17049', 'sgu20161489', 'acm990922', 'sunainasaini30', 'gwan00', None, 'chojunhee', 'rmsdyd7680', 'jooyn1234', 'kdh225', 'eb32862', 'woong']",150,"['pygayoung4705', 'rlchykoo', 'our1109', 'mshadow990320', 'sebbie', 'cty0613', 'unikwakhj', 'snubilee1', 'dhdldkrak', 'skecprk03', 'mentaly', 'juyun39', 'ksj9802', 'nanosshhnn525', 'el0940', 'dongvin', 'phisicsmusic', 'chiefsuk99', 'taehan2005', 'changhwa2970', 'ruddnjs3323', 'qudwns2692', 'dndudron', 'choi1023', 'choijinyoung5933', 'nim8244', 'hooni6708', 'dlstj989', 'daeeun4531', 'hado0416', 'sclee1002', 'jasonkimi', 'h22313902', 'nenimepic', 'anstjddns211', 'joon5159', 'soc06016', 'twotwo7768', 'snfndwl9', 'pky2237', 'cccrck', 'b815173', 'hermione369', 'mookeemail', 'sa06093', 'choejihun6785', 'ohseunghwa0802', 'sonss1998', 'hug6901', 'hse06130', 'hkr2345', 'wkxa54', 'jiwon', 'tkwls6642', 'lpjh525', 'ols3060178', 'poor9876', 'kimyoonchan77', 'mookeemail05', 'gric', 'nhj25136', 'shpark0923', 'potato9977', 'jea03', 'gbear7615', 'atlantic092407', 'bsj99977', 'hyunseo', 'thsskawn1018', 'kky4670', 'ryumija2', 'ohsangmin', 'jimin01', 'csms987', 'kijukiju7215', 'shn0915', 'dlwjdrnr1408', 'rnjsgh0247', 'wdhdlstjd164', 'leeyuchan', 'j2218109', 'lovenmin', 'seongbin', 'wogus5807', 'jennyoo8848', 'cotmd98', 'eom5810', 'oblue4848', 'wg6076', 'turalazer', 'thqudgns0309', 'lms', 'dydgk79', 'jiko8693', 'dao10320', 'acrylic753', 'tryitbro', 'qkrals018', 'sgu20181516', 'ybband903', 'yutube1058', 'tkddud127', 'huidonjeong', 'wodbs0117', 'b815184', 'soo8355a', 'sjssl1201', 'x007007', 'bb7235', 'dongjinwi', 'goddisasterman', 'davidnoh12', 'dltjdbs3', 'fpqldhdntk', 'haejeong', 'bb8415', 'seokyoon', 'dise8988', 'leesh941222', 'b815101', 'minking0007', 'rktnejddjfl', 'castlecow', 'elsislove', 'did905', 'brandon5944', 'leehyukjoo', 'cindyyj0102', 'yybb_lee', 'jina', 'hanju1203', 'kmg6702', 'nam37633', 'jjs990424', 'beetle0720', 'lha17049', 'gcoupe9171', 'sgu20161489', 'acm990922', 'sunainasaini30', 'gwan00', None, 'chojunhee', 'rmsdyd7680', 'jooyn1234', 'ehdgns9904', '928chan928', 'kdh225', 'eb32862', 'woong']"
31,48,36,103,34,"['fpqldhdntk', 'pygayoung4705', 'hermione369', 'lovenmin', 'seongbin', 'hug6901', 'unikwakhj', 'wkxa54', 'minking0007', 'oblue4848', 'ols3060178', 'poor9876', 'wg6076', 'turalazer', 'nhj25136', 'phisicsmusic', 'jea03', 'gbear7615', 'changhwa2970', 'atlantic092407', 'bsj99977', 'choijinyoung5933', 'hooni6708', 'dlstj989', 'gcoupe9171', 'yutube1058', 'hado0416', 'sclee1002', 'huidonjeong', 'soo8355a', 'kijukiju7215', 'dongjinwi', 'ehdgns9904', '928chan928']",1,['wogus5807'],69,"['kangha6211', 'cccrck', 'shim.syeon', 'pcwkcw81', 'j2218109', 'hgrf', 'rlaehrud5292', 'sa06093', 'ksjin0807', 'lsh843223', 'choejihun6785', 'thswngh793', 'sebbie', 'dise8988', 'leesh941222', 'hkr2345', 'ghsmx01', 'gweado12', 'jiwon', 'chan4184', 'mookeemail05', 'mentaly', 'kms92313', 'dlxodus0725', 'junyoung0735', 'lms', 'dydgk79', 'leeseongjae450', 'elsislove', 'jiko8693', 'yennth', 'zudsyd', 'unist1999', 'wkdgns599', 'rhffha12345', 'leehyukjoo', 'wodyd909', 'jiseong0217', 'asadsfawdga', 'hyunseo', 'pygayoung07', 'yybb_lee', 'tryitbro', 'pjs970918', 'beetle0720', 'ohsangmin', '819blue', 'acm990922', 'jimmy1100a', 'gwan00', None, 'b815184', 'hah610115', 'sally0460', 'nenimepic', 'mhyun1234567', 'anstjddns211', 'alvin2373', 'unikwakhj1', 'soc06016', 'wansikhwang', 'rnjsgh0247', 'pkkcjfdn', 'shin19764', 'ellayeji11', 'wdhdlstjd164', 'snfndwl9', 'pky2237', 'syc0428']",104,"['kangha6211', 'pygayoung4705', 'rlaehrud5292', 'lsh843223', 'sebbie', 'unikwakhj', 'chan4184', 'mentaly', 'junyoung0735', 'phisicsmusic', 'yennth', 'changhwa2970', 'wodyd909', 'asadsfawdga', 'choijinyoung5933', 'hooni6708', 'dlstj989', 'hado0416', 'sclee1002', 'nenimepic', 'anstjddns211', 'soc06016', 'ellayeji11', 'snfndwl9', 'pky2237', 'syc0428', 'cccrck', 'hermione369', 'sa06093', 'ksjin0807', 'choejihun6785', 'hug6901', 'hkr2345', 'wkxa54', 'jiwon', 'ols3060178', 'poor9876', 'mookeemail05', 'nhj25136', 'jea03', 'gbear7615', 'atlantic092407', 'bsj99977', 'hyunseo', 'ohsangmin', '819blue', 'sally0460', 'kijukiju7215', 'unikwakhj1', 'wansikhwang', 'rnjsgh0247', 'wdhdlstjd164', 'shim.syeon', 'pcwkcw81', 'j2218109', 'lovenmin', 'seongbin', 'wogus5807', 'ghsmx01', 'gweado12', 'oblue4848', 'wg6076', 'dlxodus0725', 'turalazer', 'lms', 'dydgk79', 'jiko8693', 'zudsyd', 'rhffha12345', 'jiseong0217', 'tryitbro', 'yutube1058', 'huidonjeong', 'jimmy1100a', 'b815184', 'soo8355a', 'dongjinwi', 'fpqldhdntk', 'hgrf', 'thswngh793', 'dise8988', 'leesh941222', 'minking0007', 'kms92313', 'leeseongjae450', 'elsislove', 'unist1999', 'wkdgns599', 'leehyukjoo', 'pygayoung07', 'yybb_lee', 'pjs970918', 'beetle0720', 'gcoupe9171', 'acm990922', 'gwan00', None, 'hah610115', 'mhyun1234567', 'alvin2373', 'ehdgns9904', '928chan928', 'pkkcjfdn', 'shin19764']"
31,22,36,102,29,"['pygayoung4705', 'hermione369', 'lovenmin', 'seongbin', 'unikwakhj', 'wkxa54', 'minking0007', 'oblue4848', 'ols3060178', 'poor9876', 'wg6076', 'turalazer', 'nhj25136', 'phisicsmusic', 'jea03', 'gbear7615', 'atlantic092407', 'bsj99977', 'hooni6708', 'dlstj989', 'gcoupe9171', 'yutube1058', 'hado0416', 'sclee1002', 'huidonjeong', 'kijukiju7215', 'dongjinwi', 'ehdgns9904', '928chan928']",6,"['fpqldhdntk', 'soo8355a', 'choijinyoung5933', 'wogus5807', 'hug6901', 'changhwa2970']",73,"['kangha6211', 'dkdznl17', 'pcwkcw81', 'shim.syeon', 'hgrf', 'thswngh793', 'rlaehrud5292', 'sa06093', 'ksjin0807', 'lsh843223', 'choejihun6785', 'kyt99999', 'b715063minbyeongmoon', 'ohseunghwa0802', 'popfun07', 'bearhoon8590', 'mayjinho', 'ghsmx01', 'vasdvasdfew', 'dlxodus0725', 'junyoung0735', 'minzzai2418', 'leeseongjae450', 'zudsyd', 'yoolims', 'unist1999', 'rhffha12345', 'qkrrjsxor12', 'wkdgns599', 'wodyd909', 'leeyeonghun', 'pho8749', 'asadsfawdga', 'ljh333', 'myeonu', 'beetle0720', 'sgu20181516', 'huyaya98', 'ymca119', 'ab8907', 'doli327', 'wkdgns588', 'ohsangmin', '819blue', 'chl53277', 'poby', 'jimmy1100a', 'sgu20161489', 'acm990922', 'zang1119', 'duswn6123', 'sally0460', None, 'hah610115', 'mhyun1234567', 'doubljhyeon', 'wolol005', 'alvin2373', 'unikwakhj1', 'ddsh1302', 'xuvi1212', 'uniesrev0a', 'ckap00128', 'soc06016', 'shin19764', 'a01096083057', 'sh20000606', 'ojiow', 'ellayeji11', 'wdhdlstjd164', 'pkkcjfdn', 'syc0428', 'ryu3581']",108,"['kangha6211', 'pygayoung4705', 'rlaehrud5292', 'lsh843223', 'popfun07', 'unikwakhj', 'vasdvasdfew', 'junyoung0735', 'phisicsmusic', 'changhwa2970', 'wodyd909', 'asadsfawdga', 'choijinyoung5933', 'hooni6708', 'dlstj989', 'hado0416', 'sclee1002', 'poby', 'soc06016', 'a01096083057', 'ojiow', 'ellayeji11', 'syc0428', 'ryu3581', 'hermione369', 'sa06093', 'ksjin0807', 'choejihun6785', 'ohseunghwa0802', 'hug6901', 'wkxa54', 'ols3060178', 'poor9876', 'nhj25136', 'jea03', 'gbear7615', 'pho8749', 'atlantic092407', 'bsj99977', 'ljh333', 'huyaya98', 'ohsangmin', '819blue', 'sally0460', 'kijukiju7215', 'wolol005', 'unikwakhj1', 'ddsh1302', 'xuvi1212', 'sh20000606', 'wdhdlstjd164', 'dkdznl17', 'pcwkcw81', 'shim.syeon', 'lovenmin', 'seongbin', 'wogus5807', 'bearhoon8590', 'mayjinho', 'ghsmx01', 'oblue4848', 'wg6076', 'dlxodus0725', 'turalazer', 'minzzai2418', 'zudsyd', 'yoolims', 'rhffha12345', 'qkrrjsxor12', 'sgu20181516', 'ab8907', 'yutube1058', 'huidonjeong', 'jimmy1100a', 'soo8355a', 'doubljhyeon', 'dongjinwi', 'fpqldhdntk', 'hgrf', 'thswngh793', 'kyt99999', 'b715063minbyeongmoon', 'minking0007', 'leeseongjae450', 'unist1999', 'wkdgns599', 'myeonu', 'beetle0720', 'ymca119', 'gcoupe9171', 'doli327', 'wkdgns588', 'chl53277', 'sgu20161489', 'acm990922', 'zang1119', 'duswn6123', None, 'hah610115', 'mhyun1234567', 'alvin2373', 'uniesrev0a', 'ckap00128', 'ehdgns9904', '928chan928', 'pkkcjfdn', 'shin19764', 'leeyeonghun']"
31,481,36,90,33,"['fpqldhdntk', 'pygayoung4705', 'hermione369', 'lovenmin', 'seongbin', 'unikwakhj', 'wkxa54', 'minking0007', 'oblue4848', 'ols3060178', 'poor9876', 'wg6076', 'turalazer', 'nhj25136', 'phisicsmusic', 'jea03', 'gbear7615', 'changhwa2970', 'atlantic092407', 'bsj99977', 'choijinyoung5933', 'hooni6708', 'dlstj989', 'gcoupe9171', 'yutube1058', 'hado0416', 'sclee1002', 'huidonjeong', 'soo8355a', 'kijukiju7215', 'dongjinwi', 'ehdgns9904', '928chan928']",2,"['wogus5807', 'hug6901']",57,"['kangha6211', 'shim.syeon', 'hgrf', 'j2218109', 'thswngh793', 'rlaehrud5292', 'sa06093', 'ksjin0807', 'lsh843223', 'choejihun6785', 'sebbie', 'dise8988', 'leesh941222', 'hkr2345', 'ghsmx01', 'gweado12', 'chan4184', 'mookeemail05', 'kms92313', 'dlxodus0725', 'junyoung0735', 'hyunsulee0709', 'cauvaido1610', 'lms', 'dydgk79', 'leeseongjae450', 'elsislove', 'jiko8693', 'zudsyd', 'unist1999', 'wkdgns599', 'rhffha12345', 'leehyukjoo', 'wodyd909', 'jiseong0217', 'asadsfawdga', 'pygayoung07', 'pjs970918', 'beetle0720', 'ohsangmin', 'ljs020104a', 'acm990922', 'jimmy1100a', None, 'b815184', 'hah610115', 'sally0460', 'nenimepic', 'anstjddns211', 'alvin2373', 'unikwakhj1', 'soc06016', 'shin19764', 'pkkcjfdn', 'ellayeji11', 'wdhdlstjd164', 'syc0428']",92,"['kangha6211', 'shim.syeon', 'pygayoung4705', 'j2218109', 'rlaehrud5292', 'lovenmin', 'seongbin', 'lsh843223', 'wogus5807', 'sebbie', 'unikwakhj', 'ghsmx01', 'gweado12', 'oblue4848', 'chan4184', 'wg6076', 'junyoung0735', 'turalazer', 'dlxodus0725', 'cauvaido1610', 'lms', 'dydgk79', 'jiko8693', 'phisicsmusic', 'zudsyd', 'rhffha12345', 'changhwa2970', 'wodyd909', 'jiseong0217', 'asadsfawdga', 'choijinyoung5933', 'hooni6708', 'dlstj989', 'yutube1058', 'hado0416', 'sclee1002', 'huidonjeong', 'ljs020104a', 'jimmy1100a', 'b815184', 'soo8355a', 'nenimepic', 'anstjddns211', 'dongjinwi', 'soc06016', 'ellayeji11', 'syc0428', 'fpqldhdntk', 'hgrf', 'thswngh793', 'hermione369', 'sa06093', 'ksjin0807', 'choejihun6785', 'dise8988', 'leesh941222', 'hug6901', 'hkr2345', 'minking0007', 'wkxa54', 'kms92313', 'ols3060178', 'poor9876', 'mookeemail05', 'hyunsulee0709', 'nhj25136', 'leeseongjae450', 'elsislove', 'unist1999', 'jea03', 'gbear7615', 'wkdgns599', 'leehyukjoo', 'atlantic092407', 'bsj99977', 'pygayoung07', 'pjs970918', 'beetle0720', 'gcoupe9171', 'ohsangmin', 'acm990922', None, 'hah610115', 'sally0460', 'kijukiju7215', 'alvin2373', 'unikwakhj1', 'ehdgns9904', '928chan928', 'pkkcjfdn', 'shin19764', 'wdhdlstjd164']"
31,297,36,86,35,"['fpqldhdntk', 'pygayoung4705', 'hermione369', 'lovenmin', 'seongbin', 'wogus5807', 'hug6901', 'unikwakhj', 'wkxa54', 'minking0007', 'oblue4848', 'ols3060178', 'poor9876', 'wg6076', 'turalazer', 'nhj25136', 'phisicsmusic', 'jea03', 'gbear7615', 'changhwa2970', 'atlantic092407', 'bsj99977', 'choijinyoung5933', 'hooni6708', 'dlstj989', 'gcoupe9171', 'yutube1058', 'hado0416', 'sclee1002', 'huidonjeong', 'soo8355a', 'kijukiju7215', 'dongjinwi', 'ehdgns9904', '928chan928']",0,[],51,"['kangha6211', 'shim.syeon', 'hgrf', 'j2218109', 'thswngh793', 'rlaehrud5292', 'sa06093', 'ksjin0807', 'lsh843223', 'choejihun6785', 'kyt99999', 'yijiri1', 'denphi_gmail', 'mayjinho', 'ghsmx01', 'gweado12', 'burenzaya', 'chan4184', 'kms92313', 'dlxodus0725', 'junyoung0735', 'minzzai2418', 'leeseongjae450', 'zudsyd', 'unist1999', 'rhffha12345', 'asadsfawdga', 'beetle0720', 'ymca119', 'bolderdenekhuyag', 'ab8907', 'wkdgns588', 'ohsangmin', '819blue', 'ljs020104a', 'jimmy1100a', 'acm990922', None, 'hah610115', 'mhyun1234567', 'alvin2373', 'unikwakhj1', 'xuvi1212', 'ckap00128', 'soc06016', 'shin19764', 'pkkcjfdn', 'ellayeji11', 'wdhdlstjd164', 'murun', 'ryu3581']",86,"['kangha6211', 'shim.syeon', 'pygayoung4705', 'j2218109', 'rlaehrud5292', 'lovenmin', 'seongbin', 'lsh843223', 'wogus5807', 'yijiri1', 'unikwakhj', 'denphi_gmail', 'mayjinho', 'ghsmx01', 'gweado12', 'oblue4848', 'chan4184', 'wg6076', 'junyoung0735', 'turalazer', 'dlxodus0725', 'minzzai2418', 'phisicsmusic', 'zudsyd', 'rhffha12345', 'changhwa2970', 'asadsfawdga', 'choijinyoung5933', 'hooni6708', 'dlstj989', 'ab8907', 'yutube1058', 'hado0416', 'sclee1002', 'huidonjeong', 'ljs020104a', 'jimmy1100a', 'soo8355a', 'dongjinwi', 'soc06016', 'ellayeji11', 'murun', 'ryu3581', 'fpqldhdntk', 'hgrf', 'thswngh793', 'hermione369', 'sa06093', 'kyt99999', 'ksjin0807', 'choejihun6785', 'hug6901', 'minking0007', 'wkxa54', 'burenzaya', 'kms92313', 'ols3060178', 'poor9876', 'nhj25136', 'leeseongjae450', 'unist1999', 'jea03', 'gbear7615', 'atlantic092407', 'bsj99977', 'beetle0720', 'ymca119', 'bolderdenekhuyag', 'gcoupe9171', 'wkdgns588', 'ohsangmin', '819blue', 'acm990922', None, 'hah610115', 'mhyun1234567', 'kijukiju7215', 'alvin2373', 'unikwakhj1', 'xuvi1212', 'ckap00128', 'ehdgns9904', '928chan928', 'pkkcjfdn', 'shin19764', 'wdhdlstjd164']"
31,199,36,43,13,"['bsj99977', 'ols3060178', 'hermione369', 'wg6076', 'seongbin', 'dlstj989', 'gcoupe9171', 'ehdgns9904', 'jea03', 'gbear7615', '928chan928', 'unikwakhj', 'wkxa54']",22,"['fpqldhdntk', 'pygayoung4705', 'lovenmin', 'wogus5807', 'hug6901', 'minking0007', 'oblue4848', 'poor9876', 'turalazer', 'nhj25136', 'phisicsmusic', 'changhwa2970', 'atlantic092407', 'choijinyoung5933', 'hooni6708', 'yutube1058', 'sclee1002', 'hado0416', 'huidonjeong', 'soo8355a', 'kijukiju7215', 'dongjinwi']",30,"['kangha6211', 'shim.syeon', 'hgrf', 'sa06093', 'kyt99999', 'rlaehrud5292', 'choejihun6785', 'ghsmx01', 'dlxodus0725', 'junyoung0735', 'leeseongjae450', 'zudsyd', 'unist1999', 'rhffha12345', 'beetle0720', 'ymca119', None, 'jimmy1100a', 'hah610115', 'sally0460', 'ddsh1302', 'uniesrev0a', 'ckap00128', 'soc06016', 'shin19764', 'pkkcjfdn', 'ellayeji11', 'wdhdlstjd164', 'syc0428', 'ryu3581']",65,"['kangha6211', 'shim.syeon', 'pygayoung4705', 'rlaehrud5292', 'lovenmin', 'seongbin', 'wogus5807', 'unikwakhj', 'ghsmx01', 'oblue4848', 'wg6076', 'dlxodus0725', 'turalazer', 'junyoung0735', 'phisicsmusic', 'zudsyd', 'rhffha12345', 'changhwa2970', 'choijinyoung5933', 'hooni6708', 'dlstj989', 'yutube1058', 'hado0416', 'sclee1002', 'huidonjeong', 'jimmy1100a', 'soo8355a', 'dongjinwi', 'soc06016', 'ellayeji11', 'syc0428', 'ryu3581', 'fpqldhdntk', 'hgrf', 'hermione369', 'sa06093', 'kyt99999', 'choejihun6785', 'hug6901', 'minking0007', 'wkxa54', 'ols3060178', 'poor9876', 'nhj25136', 'leeseongjae450', 'unist1999', 'jea03', 'gbear7615', 'atlantic092407', 'bsj99977', 'beetle0720', 'ymca119', 'gcoupe9171', None, 'hah610115', 'sally0460', 'kijukiju7215', 'ddsh1302', 'uniesrev0a', 'ckap00128', 'ehdgns9904', '928chan928', 'pkkcjfdn', 'shin19764', 'wdhdlstjd164']"
31,307,36,40,17,"['atlantic092407', 'bsj99977', 'wg6076', 'hermione369', 'seongbin', 'hooni6708', 'dlstj989', 'dongjinwi', 'gcoupe9171', 'ehdgns9904', '928chan928', 'gbear7615', 'unikwakhj', 'yutube1058', 'sclee1002', 'huidonjeong', 'wkxa54']",18,"['fpqldhdntk', 'oblue4848', 'ols3060178', 'pygayoung4705', 'poor9876', 'soo8355a', 'kijukiju7215', 'lovenmin', 'turalazer', 'wogus5807', 'nhj25136', 'choijinyoung5933', 'phisicsmusic', 'jea03', 'hug6901', 'hado0416', 'changhwa2970', 'minking0007']",23,"['kangha6211', 'shim.syeon', 'hgrf', 'thswngh793', 'kyt99999', 'ghsmx01', 'zudsyd', 'beetle0720', 'ymca119', 'ab8907', '819blue', None, 'hah610115', 'mhyun1234567', 'alvin2373', 'unikwakhj1', 'xuvi1212', 'ckap00128', 'soc06016', 'pkkcjfdn', 'ellayeji11', 'wdhdlstjd164', 'ryu3581']",58,"['fpqldhdntk', 'kangha6211', 'shim.syeon', 'pygayoung4705', 'hgrf', 'hermione369', 'thswngh793', 'lovenmin', 'kyt99999', 'seongbin', 'wogus5807', 'hug6901', 'unikwakhj', 'ghsmx01', 'minking0007', 'wkxa54', 'oblue4848', 'ols3060178', 'poor9876', 'wg6076', 'turalazer', 'nhj25136', 'phisicsmusic', 'zudsyd', 'jea03', 'gbear7615', 'changhwa2970', 'atlantic092407', 'bsj99977', 'choijinyoung5933', 'hooni6708', 'dlstj989', 'beetle0720', 'ymca119', 'ab8907', 'gcoupe9171', 'yutube1058', 'hado0416', 'sclee1002', 'huidonjeong', '819blue', None, 'hah610115', 'soo8355a', 'mhyun1234567', 'kijukiju7215', 'alvin2373', 'unikwakhj1', 'xuvi1212', 'dongjinwi', 'ckap00128', 'soc06016', 'ehdgns9904', '928chan928', 'pkkcjfdn', 'ellayeji11', 'wdhdlstjd164', 'ryu3581']"
31,35,36,36,15,"['fpqldhdntk', 'atlantic092407', 'bsj99977', 'ols3060178', 'pygayoung4705', 'soo8355a', 'kijukiju7215', 'turalazer', 'dongjinwi', 'sclee1002', 'phisicsmusic', 'ehdgns9904', 'gcoupe9171', 'hado0416', 'minking0007']",20,"['hermione369', 'lovenmin', 'seongbin', 'wogus5807', 'hug6901', 'unikwakhj', 'wkxa54', 'oblue4848', 'poor9876', 'wg6076', 'nhj25136', 'jea03', 'gbear7615', 'changhwa2970', 'choijinyoung5933', 'hooni6708', 'dlstj989', 'yutube1058', 'huidonjeong', '928chan928']",21,"['hgrf', 'thswngh793', 'lsh843223', 'mayjinho', 'kms92313', 'junyoung0735', 'minzzai2418', 'leeseongjae450', 'zudsyd', 'unist1999', 'wkdgns599', 'asadsfawdga', 'beetle0720', 'wkdgns588', 'acm990922', None, 'hah610115', 'soc06016', 'shin19764', 'ellayeji11', 'wdhdlstjd164']",56,"['fpqldhdntk', 'pygayoung4705', 'hgrf', 'hermione369', 'thswngh793', 'lovenmin', 'seongbin', 'lsh843223', 'wogus5807', 'hug6901', 'unikwakhj', 'mayjinho', 'minking0007', 'wkxa54', 'oblue4848', 'ols3060178', 'poor9876', 'kms92313', 'wg6076', 'junyoung0735', 'turalazer', 'minzzai2418', 'nhj25136', 'leeseongjae450', 'phisicsmusic', 'zudsyd', 'jea03', 'gbear7615', 'unist1999', 'wkdgns599', 'changhwa2970', 'asadsfawdga', 'atlantic092407', 'bsj99977', 'choijinyoung5933', 'hooni6708', 'dlstj989', 'beetle0720', 'gcoupe9171', 'yutube1058', 'hado0416', 'sclee1002', 'huidonjeong', 'wkdgns588', 'acm990922', None, 'hah610115', 'soo8355a', 'kijukiju7215', 'dongjinwi', 'soc06016', 'ehdgns9904', '928chan928', 'shin19764', 'ellayeji11', 'wdhdlstjd164']"
31,51,36,21,12,"['atlantic092407', 'poor9876', 'hermione369', 'wg6076', 'seongbin', 'wogus5807', '928chan928', 'jea03', 'gbear7615', 'hug6901', 'yutube1058', 'sclee1002']",23,"['fpqldhdntk', 'pygayoung4705', 'lovenmin', 'unikwakhj', 'wkxa54', 'minking0007', 'oblue4848', 'ols3060178', 'turalazer', 'nhj25136', 'phisicsmusic', 'changhwa2970', 'bsj99977', 'choijinyoung5933', 'hooni6708', 'dlstj989', 'gcoupe9171', 'hado0416', 'huidonjeong', 'soo8355a', 'kijukiju7215', 'dongjinwi', 'ehdgns9904']",9,"['hah610115', 'alvin2373', 'choejihun6785', 'wodyd909', 'soc06016', 'rhffha12345', 'ohsangmin', 'acm990922', None]",44,"['fpqldhdntk', 'pygayoung4705', 'hermione369', 'lovenmin', 'seongbin', 'choejihun6785', 'wogus5807', 'hug6901', 'unikwakhj', 'minking0007', 'wkxa54', 'oblue4848', 'ols3060178', 'poor9876', 'wg6076', 'turalazer', 'nhj25136', 'phisicsmusic', 'jea03', 'gbear7615', 'rhffha12345', 'changhwa2970', 'wodyd909', 'atlantic092407', 'bsj99977', 'choijinyoung5933', 'hooni6708', 'dlstj989', 'gcoupe9171', 'yutube1058', 'hado0416', 'sclee1002', 'huidonjeong', 'ohsangmin', 'acm990922', None, 'hah610115', 'soo8355a', 'kijukiju7215', 'alvin2373', 'dongjinwi', 'soc06016', 'ehdgns9904', '928chan928']"
31,27,36,19,6,"['atlantic092407', 'soo8355a', 'kijukiju7215', 'turalazer', 'phisicsmusic', 'sclee1002']",29,"['fpqldhdntk', 'pygayoung4705', 'hermione369', 'lovenmin', 'seongbin', 'wogus5807', 'hug6901', 'unikwakhj', 'wkxa54', 'minking0007', 'oblue4848', 'ols3060178', 'poor9876', 'wg6076', 'nhj25136', 'jea03', 'gbear7615', 'changhwa2970', 'bsj99977', 'choijinyoung5933', 'hooni6708', 'dlstj989', 'gcoupe9171', 'yutube1058', 'hado0416', 'huidonjeong', 'dongjinwi', 'ehdgns9904', '928chan928']",13,"['asadsfawdga', 'hah610115', 'kms92313', 'thswngh793', 'alvin2373', 'minzzai2418', 'lsh843223', 'hsw', 'eovud4406', 'wkdgns588', 'mayjinho', None, 'kevin610774']",48,"['fpqldhdntk', 'pygayoung4705', 'thswngh793', 'hermione369', 'lovenmin', 'seongbin', 'lsh843223', 'wogus5807', 'eovud4406', 'hug6901', 'unikwakhj', 'mayjinho', 'minking0007', 'wkxa54', 'kevin610774', 'oblue4848', 'ols3060178', 'poor9876', 'kms92313', 'wg6076', 'turalazer', 'minzzai2418', 'nhj25136', 'phisicsmusic', 'jea03', 'gbear7615', 'changhwa2970', 'asadsfawdga', 'atlantic092407', 'bsj99977', 'hsw', 'choijinyoung5933', 'hooni6708', 'dlstj989', 'gcoupe9171', 'yutube1058', 'hado0416', 'sclee1002', 'huidonjeong', 'wkdgns588', None, 'hah610115', 'soo8355a', 'kijukiju7215', 'alvin2373', 'dongjinwi', 'ehdgns9904', '928chan928']"
31,484,36,19,11,"['poor9876', 'hermione369', 'wg6076', 'seongbin', 'wogus5807', '928chan928', 'jea03', 'gbear7615', 'hug6901', 'yutube1058', 'sclee1002']",24,"['fpqldhdntk', 'pygayoung4705', 'lovenmin', 'unikwakhj', 'wkxa54', 'minking0007', 'oblue4848', 'ols3060178', 'turalazer', 'nhj25136', 'phisicsmusic', 'changhwa2970', 'atlantic092407', 'bsj99977', 'choijinyoung5933', 'hooni6708', 'dlstj989', 'gcoupe9171', 'hado0416', 'huidonjeong', 'soo8355a', 'kijukiju7215', 'dongjinwi', 'ehdgns9904']",8,"['hah610115', 'alvin2373', 'choejihun6785', 'wodyd909', 'rhffha12345', 'ohsangmin', 'acm990922', None]",43,"['fpqldhdntk', 'pygayoung4705', 'hermione369', 'lovenmin', 'seongbin', 'choejihun6785', 'wogus5807', 'hug6901', 'unikwakhj', 'minking0007', 'wkxa54', 'oblue4848', 'ols3060178', 'poor9876', 'wg6076', 'turalazer', 'nhj25136', 'phisicsmusic', 'jea03', 'gbear7615', 'rhffha12345', 'changhwa2970', 'wodyd909', 'atlantic092407', 'bsj99977', 'choijinyoung5933', 'hooni6708', 'dlstj989', 'gcoupe9171', 'yutube1058', 'hado0416', 'sclee1002', 'huidonjeong', 'ohsangmin', 'acm990922', None, 'hah610115', 'soo8355a', 'kijukiju7215', 'alvin2373', 'dongjinwi', 'ehdgns9904', '928chan928']"
31,172,36,18,7,"['oblue4848', 'soo8355a', 'dlstj989', 'ehdgns9904', '928chan928', 'gcoupe9171', 'sclee1002']",28,"['fpqldhdntk', 'pygayoung4705', 'hermione369', 'lovenmin', 'seongbin', 'wogus5807', 'hug6901', 'unikwakhj', 'wkxa54', 'minking0007', 'ols3060178', 'poor9876', 'wg6076', 'turalazer', 'nhj25136', 'phisicsmusic', 'jea03', 'gbear7615', 'changhwa2970', 'atlantic092407', 'bsj99977', 'choijinyoung5933', 'hooni6708', 'yutube1058', 'hado0416', 'huidonjeong', 'kijukiju7215', 'dongjinwi']",11,"['sally0460', 'thswngh793', 'kyt99999', 'ksjin0807', 'soc06016', 'pkkcjfdn', 'ghsmx01', 'ljs020104a', None, 'jimmy1100a', 'kevin610774']",46,"['fpqldhdntk', 'pygayoung4705', 'thswngh793', 'hermione369', 'lovenmin', 'kyt99999', 'seongbin', 'ksjin0807', 'wogus5807', 'hug6901', 'unikwakhj', 'ghsmx01', 'minking0007', 'wkxa54', 'kevin610774', 'oblue4848', 'ols3060178', 'poor9876', 'wg6076', 'turalazer', 'nhj25136', 'phisicsmusic', 'jea03', 'gbear7615', 'changhwa2970', 'atlantic092407', 'bsj99977', 'choijinyoung5933', 'hooni6708', 'dlstj989', 'gcoupe9171', 'yutube1058', 'hado0416', 'sclee1002', 'huidonjeong', 'jimmy1100a', 'ljs020104a', None, 'sally0460', 'soo8355a', 'kijukiju7215', 'dongjinwi', 'soc06016', 'ehdgns9904', '928chan928', 'pkkcjfdn']"
31,202,36,18,6,"['atlantic092407', 'soo8355a', 'kijukiju7215', 'turalazer', 'phisicsmusic', 'sclee1002']",29,"['fpqldhdntk', 'pygayoung4705', 'hermione369', 'lovenmin', 'seongbin', 'wogus5807', 'hug6901', 'unikwakhj', 'wkxa54', 'minking0007', 'oblue4848', 'ols3060178', 'poor9876', 'wg6076', 'nhj25136', 'jea03', 'gbear7615', 'changhwa2970', 'bsj99977', 'choijinyoung5933', 'hooni6708', 'dlstj989', 'gcoupe9171', 'yutube1058', 'hado0416', 'huidonjeong', 'dongjinwi', 'ehdgns9904', '928chan928']",12,"['asadsfawdga', 'hah610115', 'kms92313', 'thswngh793', 'alvin2373', 'minzzai2418', 'lsh843223', 'eovud4406', 'wkdgns588', 'mayjinho', None, 'kevin610774']",47,"['fpqldhdntk', 'pygayoung4705', 'thswngh793', 'hermione369', 'lovenmin', 'seongbin', 'lsh843223', 'wogus5807', 'eovud4406', 'hug6901', 'unikwakhj', 'mayjinho', 'minking0007', 'wkxa54', 'kevin610774', 'oblue4848', 'ols3060178', 'poor9876', 'kms92313', 'wg6076', 'turalazer', 'minzzai2418', 'nhj25136', 'phisicsmusic', 'jea03', 'gbear7615', 'changhwa2970', 'asadsfawdga', 'atlantic092407', 'bsj99977', 'choijinyoung5933', 'hooni6708', 'dlstj989', 'gcoupe9171', 'yutube1058', 'hado0416', 'sclee1002', 'huidonjeong', 'wkdgns588', None, 'hah610115', 'soo8355a', 'kijukiju7215', 'alvin2373', 'dongjinwi', 'ehdgns9904', '928chan928']"
31,169,36,16,1,['928chan928'],34,"['fpqldhdntk', 'pygayoung4705', 'hermione369', 'lovenmin', 'seongbin', 'wogus5807', 'hug6901', 'unikwakhj', 'wkxa54', 'minking0007', 'oblue4848', 'ols3060178', 'poor9876', 'wg6076', 'turalazer', 'nhj25136', 'phisicsmusic', 'jea03', 'gbear7615', 'changhwa2970', 'atlantic092407', 'bsj99977', 'choijinyoung5933', 'hooni6708', 'dlstj989', 'gcoupe9171', 'yutube1058', 'hado0416', 'sclee1002', 'huidonjeong', 'soo8355a', 'kijukiju7215', 'dongjinwi', 'ehdgns9904']",15,"['j2218109', 'rlaehrud5292', 'ksjin0807', 'choejihun6785', 'akdrubo', 'siam161143', 'sodoosodko49', 'zayvargas619', 'susannareggiani', 'soc06016', 'zudsyd', 'rhffha12345', 'shadahamed', None, 'antwerp23']",50,"['fpqldhdntk', 'pygayoung4705', 'j2218109', 'hermione369', 'rlaehrud5292', 'lovenmin', 'ksjin0807', 'seongbin', 'choejihun6785', 'akdrubo', 'wogus5807', 'susannareggiani', 'hug6901', 'unikwakhj', 'minking0007', 'wkxa54', 'oblue4848', 'ols3060178', 'poor9876', 'wg6076', 'turalazer', 'siam161143', 'sodoosodko49', 'nhj25136', 'phisicsmusic', 'zudsyd', 'jea03', 'gbear7615', 'rhffha12345', 'changhwa2970', 'atlantic092407', 'bsj99977', 'choijinyoung5933', 'hooni6708', 'dlstj989', 'gcoupe9171', 'yutube1058', 'hado0416', 'sclee1002', 'huidonjeong', 'shadahamed', None, 'soo8355a', 'kijukiju7215', 'zayvargas619', 'dongjinwi', 'soc06016', 'ehdgns9904', '928chan928', 'antwerp23']"
31,309,36,15,8,"['atlantic092407', 'soo8355a', 'ols3060178', 'kijukiju7215', 'turalazer', 'phisicsmusic', 'sclee1002', 'minking0007']",27,"['fpqldhdntk', 'pygayoung4705', 'hermione369', 'lovenmin', 'seongbin', 'wogus5807', 'hug6901', 'unikwakhj', 'wkxa54', 'oblue4848', 'poor9876', 'wg6076', 'nhj25136', 'jea03', 'gbear7615', 'changhwa2970', 'bsj99977', 'choijinyoung5933', 'hooni6708', 'dlstj989', 'gcoupe9171', 'yutube1058', 'hado0416', 'huidonjeong', 'dongjinwi', 'ehdgns9904', '928chan928']",7,"['kms92313', 'thswngh793', 'junyoung0735', 'minzzai2418', 'unist1999', 'wkdgns588', None]",42,"['fpqldhdntk', 'pygayoung4705', 'thswngh793', 'hermione369', 'lovenmin', 'seongbin', 'wogus5807', 'hug6901', 'unikwakhj', 'minking0007', 'wkxa54', 'oblue4848', 'ols3060178', 'poor9876', 'kms92313', 'wg6076', 'junyoung0735', 'turalazer', 'minzzai2418', 'nhj25136', 'phisicsmusic', 'unist1999', 'jea03', 'gbear7615', 'changhwa2970', 'atlantic092407', 'bsj99977', 'choijinyoung5933', 'hooni6708', 'dlstj989', 'gcoupe9171', 'yutube1058', 'hado0416', 'sclee1002', 'huidonjeong', 'wkdgns588', None, 'soo8355a', 'kijukiju7215', 'dongjinwi', 'ehdgns9904', '928chan928']"
31,305,36,11,2,"['928chan928', 'jea03']",33,"['fpqldhdntk', 'pygayoung4705', 'hermione369', 'lovenmin', 'seongbin', 'wogus5807', 'hug6901', 'unikwakhj', 'wkxa54', 'minking0007', 'oblue4848', 'ols3060178', 'poor9876', 'wg6076', 'turalazer', 'nhj25136', 'phisicsmusic', 'gbear7615', 'changhwa2970', 'atlantic092407', 'bsj99977', 'choijinyoung5933', 'hooni6708', 'dlstj989', 'gcoupe9171', 'yutube1058', 'hado0416', 'sclee1002', 'huidonjeong', 'soo8355a', 'kijukiju7215', 'dongjinwi', 'ehdgns9904']",9,"['hgrf', 'dlxodus0725', 'doubljhyeon', 'b715063minbyeongmoon', 'sa06093', 'choejihun6785', 'shin19764', 'rhffha12345', None]",44,"['fpqldhdntk', 'pygayoung4705', 'hgrf', 'hermione369', 'sa06093', 'lovenmin', 'b715063minbyeongmoon', 'seongbin', 'choejihun6785', 'wogus5807', 'hug6901', 'unikwakhj', 'minking0007', 'wkxa54', 'oblue4848', 'ols3060178', 'poor9876', 'wg6076', 'dlxodus0725', 'turalazer', 'nhj25136', 'phisicsmusic', 'jea03', 'gbear7615', 'rhffha12345', 'changhwa2970', 'atlantic092407', 'bsj99977', 'choijinyoung5933', 'hooni6708', 'dlstj989', 'gcoupe9171', 'yutube1058', 'hado0416', 'sclee1002', 'huidonjeong', None, 'soo8355a', 'kijukiju7215', 'doubljhyeon', 'dongjinwi', 'ehdgns9904', '928chan928', 'shin19764']"
31,23,36,8,2,"['turalazer', 'atlantic092407']",33,"['fpqldhdntk', 'pygayoung4705', 'hermione369', 'lovenmin', 'seongbin', 'wogus5807', 'hug6901', 'unikwakhj', 'wkxa54', 'minking0007', 'oblue4848', 'ols3060178', 'poor9876', 'wg6076', 'nhj25136', 'phisicsmusic', 'jea03', 'gbear7615', 'changhwa2970', 'bsj99977', 'choijinyoung5933', 'hooni6708', 'dlstj989', 'gcoupe9171', 'yutube1058', 'hado0416', 'sclee1002', 'huidonjeong', 'soo8355a', 'kijukiju7215', 'dongjinwi', 'ehdgns9904', '928chan928']",6,"['kms92313', 'thswngh793', 'minzzai2418', 'lsh843223', 'mayjinho', None]",41,"['fpqldhdntk', 'pygayoung4705', 'thswngh793', 'hermione369', 'lovenmin', 'seongbin', 'lsh843223', 'wogus5807', 'hug6901', 'unikwakhj', 'mayjinho', 'minking0007', 'wkxa54', 'oblue4848', 'ols3060178', 'poor9876', 'kms92313', 'wg6076', 'turalazer', 'minzzai2418', 'nhj25136', 'phisicsmusic', 'jea03', 'gbear7615', 'changhwa2970', 'atlantic092407', 'bsj99977', 'choijinyoung5933', 'hooni6708', 'dlstj989', 'gcoupe9171', 'yutube1058', 'hado0416', 'sclee1002', 'huidonjeong', None, 'soo8355a', 'kijukiju7215', 'dongjinwi', 'ehdgns9904', '928chan928']"
31,36,36,8,6,"['poor9876', 'pygayoung4705', 'lovenmin', 'wogus5807', 'hug6901', 'huidonjeong']",29,"['fpqldhdntk', 'hermione369', 'seongbin', 'unikwakhj', 'wkxa54', 'minking0007', 'oblue4848', 'ols3060178', 'wg6076', 'turalazer', 'nhj25136', 'phisicsmusic', 'jea03', 'gbear7615', 'changhwa2970', 'atlantic092407', 'bsj99977', 'choijinyoung5933', 'hooni6708', 'dlstj989', 'gcoupe9171', 'yutube1058', 'hado0416', 'sclee1002', 'soo8355a', 'kijukiju7215', 'dongjinwi', 'ehdgns9904', '928chan928']",2,"[None, 'rlaehrud5292']",37,"['fpqldhdntk', 'pygayoung4705', 'hermione369', 'rlaehrud5292', 'lovenmin', 'seongbin', 'wogus5807', 'hug6901', 'unikwakhj', 'minking0007', 'wkxa54', 'oblue4848', 'ols3060178', 'poor9876', 'wg6076', 'turalazer', 'nhj25136', 'phisicsmusic', 'jea03', 'gbear7615', 'changhwa2970', 'atlantic092407', 'bsj99977', 'choijinyoung5933', 'hooni6708', 'dlstj989', 'gcoupe9171', 'yutube1058', 'hado0416', 'sclee1002', 'huidonjeong', None, 'soo8355a', 'kijukiju7215', 'dongjinwi', 'ehdgns9904', '928chan928']"
31,38,36,8,6,"['poor9876', 'pygayoung4705', 'lovenmin', 'wogus5807', 'hug6901', 'huidonjeong']",29,"['fpqldhdntk', 'hermione369', 'seongbin', 'unikwakhj', 'wkxa54', 'minking0007', 'oblue4848', 'ols3060178', 'wg6076', 'turalazer', 'nhj25136', 'phisicsmusic', 'jea03', 'gbear7615', 'changhwa2970', 'atlantic092407', 'bsj99977', 'choijinyoung5933', 'hooni6708', 'dlstj989', 'gcoupe9171', 'yutube1058', 'hado0416', 'sclee1002', 'soo8355a', 'kijukiju7215', 'dongjinwi', 'ehdgns9904', '928chan928']",2,"[None, 'rlaehrud5292']",37,"['fpqldhdntk', 'pygayoung4705', 'hermione369', 'rlaehrud5292', 'lovenmin', 'seongbin', 'wogus5807', 'hug6901', 'unikwakhj', 'minking0007', 'wkxa54', 'oblue4848', 'ols3060178', 'poor9876', 'wg6076', 'turalazer', 'nhj25136', 'phisicsmusic', 'jea03', 'gbear7615', 'changhwa2970', 'atlantic092407', 'bsj99977', 'choijinyoung5933', 'hooni6708', 'dlstj989', 'gcoupe9171', 'yutube1058', 'hado0416', 'sclee1002', 'huidonjeong', None, 'soo8355a', 'kijukiju7215', 'dongjinwi', 'ehdgns9904', '928chan928']"
31,201,36,8,2,"['turalazer', 'atlantic092407']",33,"['fpqldhdntk', 'pygayoung4705', 'hermione369', 'lovenmin', 'seongbin', 'wogus5807', 'hug6901', 'unikwakhj', 'wkxa54', 'minking0007', 'oblue4848', 'ols3060178', 'poor9876', 'wg6076', 'nhj25136', 'phisicsmusic', 'jea03', 'gbear7615', 'changhwa2970', 'bsj99977', 'choijinyoung5933', 'hooni6708', 'dlstj989', 'gcoupe9171', 'yutube1058', 'hado0416', 'sclee1002', 'huidonjeong', 'soo8355a', 'kijukiju7215', 'dongjinwi', 'ehdgns9904', '928chan928']",6,"['kms92313', 'thswngh793', 'minzzai2418', 'lsh843223', 'mayjinho', None]",41,"['fpqldhdntk', 'pygayoung4705', 'thswngh793', 'hermione369', 'lovenmin', 'seongbin', 'lsh843223', 'wogus5807', 'hug6901', 'unikwakhj', 'mayjinho', 'minking0007', 'wkxa54', 'oblue4848', 'ols3060178', 'poor9876', 'kms92313', 'wg6076', 'turalazer', 'minzzai2418', 'nhj25136', 'phisicsmusic', 'jea03', 'gbear7615', 'changhwa2970', 'atlantic092407', 'bsj99977', 'choijinyoung5933', 'hooni6708', 'dlstj989', 'gcoupe9171', 'yutube1058', 'hado0416', 'sclee1002', 'huidonjeong', None, 'soo8355a', 'kijukiju7215', 'dongjinwi', 'ehdgns9904', '928chan928']"
31,308,36,7,5,"['poor9876', 'pygayoung4705', 'lovenmin', 'hug6901', 'huidonjeong']",30,"['fpqldhdntk', 'hermione369', 'seongbin', 'wogus5807', 'unikwakhj', 'minking0007', 'wkxa54', 'oblue4848', 'ols3060178', 'wg6076', 'turalazer', 'nhj25136', 'phisicsmusic', 'jea03', 'gbear7615', 'changhwa2970', 'atlantic092407', 'bsj99977', 'choijinyoung5933', 'hooni6708', 'dlstj989', 'gcoupe9171', 'yutube1058', 'hado0416', 'sclee1002', 'soo8355a', 'kijukiju7215', 'dongjinwi', 'ehdgns9904', '928chan928']",2,"[None, 'rlaehrud5292']",37,"['fpqldhdntk', 'pygayoung4705', 'hermione369', 'rlaehrud5292', 'lovenmin', 'seongbin', 'wogus5807', 'hug6901', 'unikwakhj', 'minking0007', 'wkxa54', 'oblue4848', 'ols3060178', 'poor9876', 'wg6076', 'turalazer', 'nhj25136', 'phisicsmusic', 'jea03', 'gbear7615', 'changhwa2970', 'atlantic092407', 'bsj99977', 'choijinyoung5933', 'hooni6708', 'dlstj989', 'gcoupe9171', 'yutube1058', 'hado0416', 'sclee1002', 'huidonjeong', None, 'soo8355a', 'kijukiju7215', 'dongjinwi', 'ehdgns9904', '928chan928']"
31,29,36,6,3,"['yutube1058', 'choijinyoung5933', 'hug6901']",32,"['fpqldhdntk', 'pygayoung4705', 'hermione369', 'lovenmin', 'seongbin', 'wogus5807', 'unikwakhj', 'minking0007', 'wkxa54', 'oblue4848', 'ols3060178', 'poor9876', 'wg6076', 'turalazer', 'nhj25136', 'phisicsmusic', 'jea03', 'gbear7615', 'changhwa2970', 'atlantic092407', 'bsj99977', 'hooni6708', 'dlstj989', 'gcoupe9171', 'hado0416', 'sclee1002', 'huidonjeong', 'soo8355a', 'kijukiju7215', 'dongjinwi', 'ehdgns9904', '928chan928']",3,"['acm990922', None, 'ellayeji11']",38,"['fpqldhdntk', 'pygayoung4705', 'hermione369', 'lovenmin', 'seongbin', 'wogus5807', 'hug6901', 'unikwakhj', 'minking0007', 'wkxa54', 'oblue4848', 'ols3060178', 'poor9876', 'wg6076', 'turalazer', 'nhj25136', 'phisicsmusic', 'jea03', 'gbear7615', 'changhwa2970', 'atlantic092407', 'bsj99977', 'choijinyoung5933', 'hooni6708', 'dlstj989', 'gcoupe9171', 'yutube1058', 'hado0416', 'sclee1002', 'huidonjeong', 'acm990922', None, 'soo8355a', 'kijukiju7215', 'dongjinwi', 'ehdgns9904', '928chan928', 'ellayeji11']"
31,203,36,6,3,"['yutube1058', 'choijinyoung5933', 'hug6901']",32,"['fpqldhdntk', 'pygayoung4705', 'hermione369', 'lovenmin', 'seongbin', 'wogus5807', 'unikwakhj', 'minking0007', 'wkxa54', 'oblue4848', 'ols3060178', 'poor9876', 'wg6076', 'turalazer', 'nhj25136', 'phisicsmusic', 'jea03', 'gbear7615', 'changhwa2970', 'atlantic092407', 'bsj99977', 'hooni6708', 'dlstj989', 'gcoupe9171', 'hado0416', 'sclee1002', 'huidonjeong', 'soo8355a', 'kijukiju7215', 'dongjinwi', 'ehdgns9904', '928chan928']",3,"['acm990922', None, 'ellayeji11']",38,"['fpqldhdntk', 'pygayoung4705', 'hermione369', 'lovenmin', 'seongbin', 'wogus5807', 'hug6901', 'unikwakhj', 'minking0007', 'wkxa54', 'oblue4848', 'ols3060178', 'poor9876', 'wg6076', 'turalazer', 'nhj25136', 'phisicsmusic', 'jea03', 'gbear7615', 'changhwa2970', 'atlantic092407', 'bsj99977', 'choijinyoung5933', 'hooni6708', 'dlstj989', 'gcoupe9171', 'yutube1058', 'hado0416', 'sclee1002', 'huidonjeong', 'acm990922', None, 'soo8355a', 'kijukiju7215', 'dongjinwi', 'ehdgns9904', '928chan928', 'ellayeji11']"
32,597,35,34,32,"['s306246', 'mat2300', 'giorgio_gioanola', 'ossamatalu', 'ilariagiaccardo', 'storage89', 's301643', 'vinzr239', 'silvia_pierri', 'luciapera', 'gabriele_peyrani', 's305546', 's303671', 'guizzo.gioele', 'francescocallea_98', 'davide_2022', 'davide_forte', 'fassinodavide', 's304713', 'matthieubidaut', 's303892', 'marcoppola', 's296157', 'walter_zambelli', 'francescalaboranti', 'alevile', 'trezza97', 'francesco.gallo303096', 'michele.bruno1999', 'sahand.sarvari1994', 'punit2polito', 'ib.baha9']",2,"['s301944', 'fcolli26']",2,"['andreamor', None]",36,"['s306246', 'mat2300', 'ossamatalu', 'giorgio_gioanola', 'ilariagiaccardo', 'fcolli26', 'storage89', 's301643', 'vinzr239', 'silvia_pierri', 'luciapera', 'gabriele_peyrani', 's305546', 's303671', 'francescocallea_98', 'guizzo.gioele', 'davide_2022', 'davide_forte', 'fassinodavide', 's304713', 'matthieubidaut', 's303892', 'marcoppola', 's296157', 'andreamor', 'walter_zambelli', 'francescalaboranti', 'alevile', 'trezza97', 'francesco.gallo303096', None, 'sahand.sarvari1994', 'michele.bruno1999', 'punit2polito', 's301944', 'ib.baha9']"
33,393,35,38,33,"['stdy3c8', 'ruchipendse', 'inorganicsynthesis', 'jgk23', 'nickyramos99', 'gavro', 'anshudwibhashi', 'oar5', 'cnmachado21', 'denizacil', 'jona_than', 'tinycutewxy', 'blerner', 'rhbarnette', 'megan.richards', 'brittany.n.smith', 'tesslipsky', 'seb.will44', 'waterdragon2145', 'lrp25', 'thivya.sivarajah', 'katieche12', 'bzhang09', 'roadrunner07.patrick', 'sp333', 'ensoshin21', 'megon98', 'montanalee2018', 'pballentine', 'priyarathin123', 'chloew0808', 'aelajne', 'tw266']",1,['qilin.zheng'],5,"['farisyugi', 'bmcole', None, 'faris.albarghouthi', 'simg48']",39,"['stdy3c8', 'ruchipendse', 'inorganicsynthesis', 'jgk23', 'nickyramos99', 'gavro', 'anshudwibhashi', 'oar5', 'cnmachado21', 'denizacil', 'jona_than', 'tinycutewxy', 'blerner', 'simg48', 'rhbarnette', 'megan.richards', 'brittany.n.smith', 'tesslipsky', 'seb.will44', 'qilin.zheng', 'waterdragon2145', 'lrp25', 'thivya.sivarajah', 'faris.albarghouthi', 'katieche12', 'bzhang09', 'farisyugi', 'roadrunner07.patrick', 'sp333', 'ensoshin21', 'megon98', None, 'montanalee2018', 'pballentine', 'priyarathin123', 'chloew0808', 'aelajne', 'tw266', 'bmcole']"
33,3,35,36,32,"['stdy3c8', 'inorganicsynthesis', 'jgk23', 'gavro', 'nickyramos99', 'anshudwibhashi', 'oar5', 'cnmachado21', 'denizacil', 'jona_than', 'tinycutewxy', 'blerner', 'megan.richards', 'brittany.n.smith', 'tesslipsky', 'seb.will44', 'qilin.zheng', 'waterdragon2145', 'lrp25', 'thivya.sivarajah', 'katieche12', 'bzhang09', 'roadrunner07.patrick', 'sp333', 'ensoshin21', 'megon98', 'montanalee2018', 'pballentine', 'priyarathin123', 'chloew0808', 'aelajne', 'tw266']",2,"['rhbarnette', 'ruchipendse']",4,"['aarondfranklin', None, 'blc29', 'simg48']",38,"['stdy3c8', 'ruchipendse', 'inorganicsynthesis', 'jgk23', 'nickyramos99', 'gavro', 'anshudwibhashi', 'oar5', 'cnmachado21', 'denizacil', 'jona_than', 'tinycutewxy', 'blerner', 'simg48', 'rhbarnette', 'megan.richards', 'brittany.n.smith', 'tesslipsky', 'seb.will44', 'qilin.zheng', 'waterdragon2145', 'lrp25', 'thivya.sivarajah', 'aarondfranklin', 'katieche12', 'blc29', 'bzhang09', 'roadrunner07.patrick', 'sp333', 'ensoshin21', 'megon98', None, 'montanalee2018', 'pballentine', 'priyarathin123', 'chloew0808', 'aelajne', 'tw266']"
33,388,35,35,33,"['stdy3c8', 'ruchipendse', 'inorganicsynthesis', 'jgk23', 'nickyramos99', 'gavro', 'anshudwibhashi', 'oar5', 'cnmachado21', 'denizacil', 'jona_than', 'tinycutewxy', 'blerner', 'rhbarnette', 'megan.richards', 'brittany.n.smith', 'tesslipsky', 'seb.will44', 'qilin.zheng', 'waterdragon2145', 'thivya.sivarajah', 'katieche12', 'bzhang09', 'roadrunner07.patrick', 'sp333', 'ensoshin21', 'megon98', 'montanalee2018', 'pballentine', 'priyarathin123', 'chloew0808', 'aelajne', 'tw266']",1,['lrp25'],2,"[None, 'simg48']",36,"['stdy3c8', 'ruchipendse', 'inorganicsynthesis', 'jgk23', 'nickyramos99', 'gavro', 'anshudwibhashi', 'oar5', 'cnmachado21', 'denizacil', 'jona_than', 'tinycutewxy', 'blerner', 'simg48', 'rhbarnette', 'megan.richards', 'brittany.n.smith', 'tesslipsky', 'seb.will44', 'qilin.zheng', 'waterdragon2145', 'lrp25', 'thivya.sivarajah', 'katieche12', 'bzhang09', 'roadrunner07.patrick', 'sp333', 'ensoshin21', 'megon98', None, 'montanalee2018', 'pballentine', 'priyarathin123', 'chloew0808', 'aelajne', 'tw266']"
33,136,35,30,28,"['stdy3c8', 'ruchipendse', 'inorganicsynthesis', 'jgk23', 'nickyramos99', 'gavro', 'anshudwibhashi', 'cnmachado21', 'denizacil', 'jona_than', 'megan.richards', 'tesslipsky', 'seb.will44', 'qilin.zheng', 'waterdragon2145', 'thivya.sivarajah', 'katieche12', 'bzhang09', 'roadrunner07.patrick', 'sp333', 'ensoshin21', 'megon98', 'montanalee2018', 'pballentine', 'chloew0808', 'priyarathin123', 'aelajne', 'tw266']",6,"['rhbarnette', 'brittany.n.smith', 'oar5', 'tinycutewxy', 'lrp25', 'blerner']",2,"[None, 'simg48']",36,"['stdy3c8', 'ruchipendse', 'inorganicsynthesis', 'jgk23', 'nickyramos99', 'gavro', 'anshudwibhashi', 'oar5', 'cnmachado21', 'denizacil', 'jona_than', 'tinycutewxy', 'blerner', 'simg48', 'rhbarnette', 'megan.richards', 'brittany.n.smith', 'tesslipsky', 'seb.will44', 'qilin.zheng', 'waterdragon2145', 'lrp25', 'thivya.sivarajah', 'katieche12', 'bzhang09', 'roadrunner07.patrick', 'sp333', 'ensoshin21', 'megon98', None, 'montanalee2018', 'pballentine', 'priyarathin123', 'chloew0808', 'aelajne', 'tw266']"
33,347,35,23,20,"['stdy3c8', 'inorganicsynthesis', 'nickyramos99', 'anshudwibhashi', 'cnmachado21', 'denizacil', 'jona_than', 'megan.richards', 'seb.will44', 'qilin.zheng', 'waterdragon2145', 'bzhang09', 'roadrunner07.patrick', 'sp333', 'ensoshin21', 'megon98', 'montanalee2018', 'pballentine', 'aelajne', 'tw266']",14,"['rhbarnette', 'katieche12', 'ruchipendse', 'jgk23', 'gavro', 'priyarathin123', 'chloew0808', 'oar5', 'brittany.n.smith', 'tesslipsky', 'thivya.sivarajah', 'tinycutewxy', 'lrp25', 'blerner']",3,"['aarondfranklin', None, 'simg48']",37,"['stdy3c8', 'ruchipendse', 'inorganicsynthesis', 'jgk23', 'nickyramos99', 'gavro', 'anshudwibhashi', 'oar5', 'cnmachado21', 'denizacil', 'jona_than', 'tinycutewxy', 'blerner', 'simg48', 'rhbarnette', 'megan.richards', 'brittany.n.smith', 'tesslipsky', 'seb.will44', 'qilin.zheng', 'waterdragon2145', 'lrp25', 'thivya.sivarajah', 'aarondfranklin', 'katieche12', 'bzhang09', 'roadrunner07.patrick', 'sp333', 'ensoshin21', 'megon98', None, 'montanalee2018', 'pballentine', 'priyarathin123', 'chloew0808', 'aelajne', 'tw266']"
33,4,35,10,8,"['stdy3c8', 'rhbarnette', 'nickyramos99', 'priyarathin123', 'pballentine', 'tw266', 'tinycutewxy', 'montanalee2018']",26,"['ruchipendse', 'inorganicsynthesis', 'jgk23', 'gavro', 'anshudwibhashi', 'oar5', 'cnmachado21', 'denizacil', 'jona_than', 'blerner', 'megan.richards', 'brittany.n.smith', 'tesslipsky', 'seb.will44', 'qilin.zheng', 'waterdragon2145', 'thivya.sivarajah', 'lrp25', 'katieche12', 'bzhang09', 'roadrunner07.patrick', 'sp333', 'ensoshin21', 'megon98', 'chloew0808', 'aelajne']",2,"[None, 'simg48']",36,"['stdy3c8', 'ruchipendse', 'inorganicsynthesis', 'jgk23', 'nickyramos99', 'gavro', 'anshudwibhashi', 'oar5', 'cnmachado21', 'denizacil', 'jona_than', 'tinycutewxy', 'blerner', 'simg48', 'rhbarnette', 'megan.richards', 'brittany.n.smith', 'tesslipsky', 'seb.will44', 'qilin.zheng', 'waterdragon2145', 'lrp25', 'thivya.sivarajah', 'katieche12', 'bzhang09', 'roadrunner07.patrick', 'sp333', 'ensoshin21', 'megon98', None, 'montanalee2018', 'pballentine', 'priyarathin123', 'chloew0808', 'aelajne', 'tw266']"
34,500,34,206,2,"['klupone', 'mcalderman1']",31,"['jrporti1', 'qman3399', 'seif', 'corrales.a', 'morgan.gunter', 'miles.kendall', 'gtoenjes', 'chuichui123', 'mitchell.arivator', 'nsonet', 'kbb00008', 'mmoralesrojas1', 'kalo', 't.calvert', 'kadenelson', 'riccardo.farina.1', 'anayshernandez', 'langhout.jackson', 'dschechter', 'rookielazye', 'justingentner', 'mscrow', 'banks.lomel', 'a.manibusan', 'zzx', 'annahuber', 'dominicksylvia', 'banks32', 'magdalena.weger.mw', 'liudavid', 'chiajen']",204,"['guete', 'antlomb', 'jymbarnes11', 'villarta.jabulen', 'jsweeney1', 'andreadominguezrodriguez4', 'jasonkkgukeghost', 'alright2555', 'nzhu2000', 'uni_homework', 'silvermoon0314', 'a110521014', 'miguelcou', 'peak11', 'noahmarron1127', 'oalvidrez', 'a3pa3p', 'alam1', 'glatham3211', 'athena.120245141', 'jerry41707', 'b361user', 'blair.haydon', 'mierdatrabajos', 'fenqs', 'iliasosner21', 'samugomezbis', 'gonza801', 'nicholasdwilliams', 'yellowkitie777', 'akzafonsa', 'eray0206', 'poby', 'pancho5110', 'sjiang701', 'gregmik', 'charming', 'jiaolh', 'sunrh0215', 'dizarmejzini', 'zanoni', 'shantu.ghose', 'jwozny', 'riverhorse', 'mj02280430', 'grudzinski1', 'osvy', 'molkon', 'b12345215', 'dwh0015', 'a022354s', 'luisgue99', 'youngg', 'sl90', 'samumonin', 'kartd0103399', 'tkdqls0417', 'eva008air', 'alekdudko', 'mariaci99', 'apkaye16', 'wuyu825', 'alexander.lassooij', 'hmfx1', 'cheng1105', 'bell.1495', 'h.a.mahmod', 'milk9925', 'chengrai', 'zzxxccvv.102510', 'ptoma', 'a0989925595', 'sas0091', 'kejun626', 'simpip', 'javipm12', 'gnicezw', 'antia.santiago', 't.clavijogarcia', 'a6634141009', 'yujuchen03207', 'boan', 'teijeiroalex', 'm_flores4', 'jmayer1', 'lucaseduoli', 'easonyz', 'kavanagh', 'siddhantjn01', 'william.zhangqingyang', 'cakeohero', 'krzysztofwarga', 'shadeedl', 'tbmiller', 'mbeekman', 'qqdonald', 'elecstudent', 'dinh.nhu', 'arrhenius78', 'adamshick2525', 'manjakavahoaka', 'yhu104', 'davidcg', 'alessandroverdolotti', 'dkdznl17', 'vincenzoortosecco', 'ktulley96', 'hbenisty', 'jimmy1231237', 'glen', 'akash.ram', 'aattanas', 'anapv177', 'y_li44', 'rmb0034', 'sergiorr15', 'edwardmirkin', 'mmduraiphy', 'asma00', 'zx5691782', 'light24685132', 'laura_pn', 'ratishjuneja2000', 'saducio', 'hlm0017', 'c.rineer', 'danielw', 'zhaoguoyu06', 'ahughes1', 'aflolb28', 'b615206', 's110521064', 'michaelroberts', 'bb7665247', 'a19990217', 'spacetimecodedata03207', 'elena.gnani', 'azsxdcpeter13579', 'noahcaracuel', 'candy0930', 'pasquale124', 'silveira', 'dhruvpatel1999ca', 'rborgesr', 'zic12345', 'italo.nunziata', 'dramaqueen13', 'santiagopendon', 'sone107208001', 'mateo1610', 'kris_yah', 'gaelle.lucasleclin', 'ws210019', 'ceciriveralamelas', 'pablobucsan', 'benlai900102', 'krzysztof.szolajski', 'ncu110521149', 'k3850305', 'ha654321ha654321', 'peytonr19', 'we1.chen', 'francescopoziello', 'genoveffapiscitelli', 'unaiplacer2d', 'erinvolpe', 'kqinglu', 'jerry10430296', 'a109521014', 'dquinte1', 'tan350', 'antoniopati2233', 'd0988222760', 'camilamore93', 'icebear828', 'kidd33sm', 'gary070825', 'rathodprashnt', 'yago', 'cgandin', 'ardavan_p', 'blank7', 'pietro.capuzzo99', 'zhanghaosen328', 'savannah.horowitz', 'walter100259', 'rich.young76', 'weining7', 'jkujawsk', 'doli327', 'rain19980505', 'cct0005', 'markrichardwong', 'jaraisehh', 'april20190710', 'msolis5', 'swirtner', 'syenhsi', 'sofiacobas', 'leman.for.search', 'jzullo', 'mdgolamzakaria3', 'shah123', 'tsaitsungyu']",237,"['guete', 'jrporti1', 'antlomb', 'jymbarnes11', 'villarta.jabulen', 'jsweeney1', 'andreadominguezrodriguez4', 'jasonkkgukeghost', 'alright2555', 'nzhu2000', 'uni_homework', 'silvermoon0314', 'a110521014', 'miguelcou', 'nsonet', 'peak11', 'noahmarron1127', 'oalvidrez', 'a3pa3p', 'alam1', 'glatham3211', 'athena.120245141', 'mcalderman1', 'jerry41707', 'b361user', 'langhout.jackson', 'blair.haydon', 'mierdatrabajos', 'fenqs', 'iliasosner21', 'samugomezbis', 'gonza801', 'nicholasdwilliams', 'zzx', 'yellowkitie777', 'annahuber', 'akzafonsa', 'dominicksylvia', 'eray0206', 'poby', 'pancho5110', 'sjiang701', 'gregmik', 'charming', 'jiaolh', 'sunrh0215', 'dizarmejzini', 'zanoni', 'shantu.ghose', 'jwozny', 'riverhorse', 'mj02280430', 'grudzinski1', 'osvy', 'molkon', 'b12345215', 'seif', 'dwh0015', 'corrales.a', 'morgan.gunter', 'miles.kendall', 'a022354s', 'luisgue99', 'chuichui123', 'youngg', 'sl90', 'samumonin', 'kartd0103399', 'tkdqls0417', 'eva008air', 'alekdudko', 'mariaci99', 'apkaye16', 'wuyu825', 'alexander.lassooij', 'hmfx1', 'kadenelson', 'anayshernandez', 'cheng1105', 'bell.1495', 'h.a.mahmod', 'milk9925', 'chengrai', 'justingentner', 'mscrow', 'zzxxccvv.102510', 'ptoma', 'a0989925595', 'sas0091', 'kejun626', 'simpip', 'a.manibusan', 'javipm12', 'gnicezw', 'antia.santiago', 't.clavijogarcia', 'a6634141009', 'yujuchen03207', 'boan', 'teijeiroalex', 'm_flores4', 'jmayer1', 'lucaseduoli', 'easonyz', 'kavanagh', 'siddhantjn01', 'william.zhangqingyang', 'cakeohero', 'krzysztofwarga', 'magdalena.weger.mw', 'shadeedl', 'tbmiller', 'mbeekman', 'qqdonald', 'elecstudent', 'dinh.nhu', 'arrhenius78', 'adamshick2525', 'manjakavahoaka', 'liudavid', 'yhu104', 'davidcg', 'alessandroverdolotti', 'dkdznl17', 'vincenzoortosecco', 'ktulley96', 'hbenisty', 'jimmy1231237', 'glen', 'akash.ram', 'aattanas', 'anapv177', 'y_li44', 'mitchell.arivator', 'rmb0034', 'sergiorr15', 'edwardmirkin', 'mmduraiphy', 'asma00', 'zx5691782', 'light24685132', 'laura_pn', 't.calvert', 'ratishjuneja2000', 'saducio', 'hlm0017', 'c.rineer', 'danielw', 'dschechter', 'rookielazye', 'zhaoguoyu06', 'klupone', 'ahughes1', 'aflolb28', 'b615206', 's110521064', 'michaelroberts', 'banks.lomel', 'bb7665247', 'a19990217', 'spacetimecodedata03207', 'elena.gnani', 'azsxdcpeter13579', 'noahcaracuel', 'candy0930', 'pasquale124', 'silveira', 'dhruvpatel1999ca', 'rborgesr', 'zic12345', 'banks32', 'italo.nunziata', 'dramaqueen13', 'santiagopendon', 'sone107208001', 'mateo1610', 'kris_yah', 'gaelle.lucasleclin', 'ws210019', 'ceciriveralamelas', 'pablobucsan', 'chiajen', 'qman3399', 'benlai900102', 'krzysztof.szolajski', 'ncu110521149', 'k3850305', 'ha654321ha654321', 'peytonr19', 'gtoenjes', 'we1.chen', 'francescopoziello', 'genoveffapiscitelli', 'unaiplacer2d', 'kbb00008', 'erinvolpe', 'kqinglu', 'jerry10430296', 'a109521014', 'mmoralesrojas1', 'dquinte1', 'tan350', 'kalo', 'antoniopati2233', 'd0988222760', 'camilamore93', 'riccardo.farina.1', 'icebear828', 'kidd33sm', 'gary070825', 'rathodprashnt', 'yago', 'cgandin', 'ardavan_p', 'blank7', 'pietro.capuzzo99', 'zhanghaosen328', 'savannah.horowitz', 'walter100259', 'rich.young76', 'weining7', 'jkujawsk', 'doli327', 'rain19980505', 'cct0005', 'markrichardwong', 'jaraisehh', 'april20190710', 'msolis5', 'swirtner', 'syenhsi', 'sofiacobas', 'leman.for.search', 'jzullo', 'mdgolamzakaria3', 'shah123', 'tsaitsungyu']"
34,499,34,88,33,"['jrporti1', 'qman3399', 'seif', 'corrales.a', 'morgan.gunter', 'miles.kendall', 'gtoenjes', 'chuichui123', 'mitchell.arivator', 'nsonet', 'kbb00008', 'mcalderman1', 'mmoralesrojas1', 'kalo', 't.calvert', 'kadenelson', 'riccardo.farina.1', 'anayshernandez', 'langhout.jackson', 'dschechter', 'rookielazye', 'klupone', 'justingentner', 'mscrow', 'banks.lomel', 'a.manibusan', 'zzx', 'annahuber', 'dominicksylvia', 'banks32', 'magdalena.weger.mw', 'liudavid', 'chiajen']",0,[],55,"['molkon', 'villarta.jabulen', 'antlomb', 'benlai900102', 'duke715', 'jasonkkgukeghost', 'link051436', 'jimmy1231237', 'ncu110521149', 'peytonr19', 'a022354s', 'zzzdy0', 'radharaman696', 'youngg', 'stockburger', 'we1.chen', 'erinvolpe', 'c.ginter', 'a3pa3p', 'jerry10430296', 'athena.120245141', 'zx5691782', 'wuyu825', 'jerry41707', 'a109521014', 'hmfx1', 'icebear828', 'c.rineer', 'danielw', 'eserafimbortolazzo', 'milk9925', 'gary070825', 'cgandin', 'ahughes1', 'hongkunlisam', 'michaelroberts', 'bb7665247', 'spacetimecodedata03207', 'noahcaracuel', 'hgalindo', 'yidiwu', 'boan', 'jmayer1', 'eray0206', '8223freret', 'easonyz', 'chengzez', None, 'yanjia', 'zic12345', 'syenhsi', 'dinh.nhu', 'sone107208001', 'arrhenius78', 'leman.for.search']",88,"['jrporti1', 'villarta.jabulen', 'antlomb', 'duke715', 'jasonkkgukeghost', 'jimmy1231237', 'zzzdy0', 'radharaman696', 'stockburger', 'mitchell.arivator', 'nsonet', 'c.ginter', 'a3pa3p', 'athena.120245141', 'zx5691782', 'mcalderman1', 'jerry41707', 't.calvert', 'langhout.jackson', 'c.rineer', 'dschechter', 'rookielazye', 'eserafimbortolazzo', 'klupone', 'danielw', 'ahughes1', 'hongkunlisam', 'banks.lomel', 'michaelroberts', 'bb7665247', 'spacetimecodedata03207', 'zzx', 'noahcaracuel', 'annahuber', 'hgalindo', 'dominicksylvia', '8223freret', 'eray0206', 'chengzez', 'zic12345', 'banks32', 'sone107208001', 'chiajen', 'molkon', 'qman3399', 'benlai900102', 'seif', 'corrales.a', 'ncu110521149', 'link051436', 'peytonr19', 'morgan.gunter', 'miles.kendall', 'gtoenjes', 'a022354s', 'chuichui123', 'youngg', 'we1.chen', 'kbb00008', 'erinvolpe', 'jerry10430296', 'a109521014', 'mmoralesrojas1', 'wuyu825', 'kalo', 'hmfx1', 'kadenelson', 'riccardo.farina.1', 'anayshernandez', 'icebear828', 'milk9925', 'gary070825', 'cgandin', 'justingentner', 'mscrow', 'a.manibusan', 'yidiwu', 'boan', 'jmayer1', None, 'easonyz', 'yanjia', 'magdalena.weger.mw', 'syenhsi', 'dinh.nhu', 'arrhenius78', 'leman.for.search', 'liudavid']"
34,496,34,68,6,"['banks32', 'magdalena.weger.mw', 'a.manibusan', 'zzx', 'rookielazye', 'justingentner']",27,"['jrporti1', 'qman3399', 'seif', 'corrales.a', 'morgan.gunter', 'miles.kendall', 'gtoenjes', 'chuichui123', 'mitchell.arivator', 'nsonet', 'kbb00008', 'mcalderman1', 'mmoralesrojas1', 'kalo', 't.calvert', 'kadenelson', 'riccardo.farina.1', 'anayshernandez', 'langhout.jackson', 'dschechter', 'klupone', 'mscrow', 'banks.lomel', 'annahuber', 'dominicksylvia', 'liudavid', 'chiajen']",62,"['sandip.kollol', 'dkhacha', 'duke715', 'cgmares', 'cschelz', 'alessandra_150344', 'jrraposo1', 'stockburger', 'radharaman696', 'ironman113311', 'zhangtiantian', 'valerio_nori', 'shaowei.lin', 'erinvolpe', 'bilibilisatoki', 'karimhuet', 'c.ginter', 'yliu205', 'mkessle3', 'socal434', 'mmanahil', 'wuyu825', 'griffmcthrustin', 'srcaldwe', 'tong', 'jpwolinski', 'cequinon', 'yiyang.gu2000', 'dbztoddy', 'annaswan', 'cgandin', 'abhilashad0308', 'nrapose', 'vijayshekhawat45', 'lucasrabelo', 'reenasoubam21', 'aaron1123', 'xpreservedegg', 'hongkunlisam', 'rajveersingh2004', 'bphobbs1', 'dyoung', 'mkhimich', 'jerrywx', 'gregorpobegen', 'gadelmon', 'babu143', 'mwbrady', None, 'gaoxuansg', 'wangyuxin204900', 'lprielinger', 'palimole', 'lightrains', 'cezaryborowski', 'fangxg0505', 'morisett', 'jkonrath', 'arrhenius78', 'agraef', 'maviolet', 'jguisa']",95,"['sandip.kollol', 'jrporti1', 'duke715', 'cschelz', 'alessandra_150344', 'jrraposo1', 'stockburger', 'radharaman696', 'valerio_nori', 'mitchell.arivator', 'nsonet', 'bilibilisatoki', 'karimhuet', 'c.ginter', 'yliu205', 'mkessle3', 'socal434', 'mcalderman1', 'srcaldwe', 'tong', 't.calvert', 'jpwolinski', 'langhout.jackson', 'yiyang.gu2000', 'dschechter', 'rookielazye', 'dbztoddy', 'klupone', 'abhilashad0308', 'nrapose', 'lucasrabelo', 'hongkunlisam', 'banks.lomel', 'rajveersingh2004', 'bphobbs1', 'zzx', 'mkhimich', 'annahuber', 'gregorpobegen', 'dominicksylvia', 'mwbrady', 'gaoxuansg', 'banks32', 'palimole', 'lightrains', 'cezaryborowski', 'fangxg0505', 'jkonrath', 'agraef', 'jguisa', 'chiajen', 'qman3399', 'dkhacha', 'seif', 'corrales.a', 'cgmares', 'morgan.gunter', 'miles.kendall', 'gtoenjes', 'ironman113311', 'chuichui123', 'zhangtiantian', 'shaowei.lin', 'kbb00008', 'erinvolpe', 'mmanahil', 'mmoralesrojas1', 'wuyu825', 'griffmcthrustin', 'kalo', 'kadenelson', 'riccardo.farina.1', 'anayshernandez', 'cequinon', 'annaswan', 'cgandin', 'justingentner', 'mscrow', 'vijayshekhawat45', 'reenasoubam21', 'aaron1123', 'xpreservedegg', 'a.manibusan', 'dyoung', 'jerrywx', 'gadelmon', 'babu143', None, 'wangyuxin204900', 'lprielinger', 'magdalena.weger.mw', 'morisett', 'arrhenius78', 'maviolet', 'liudavid']"
34,464,34,35,17,"['qman3399', 'banks32', 'corrales.a', 'banks.lomel', 'mcalderman1', 'mmoralesrojas1', 'a.manibusan', 'miles.kendall', 'gtoenjes', 'morgan.gunter', 't.calvert', 'kadenelson', 'anayshernandez', 'annahuber', 'dominicksylvia', 'dschechter', 'nsonet']",16,"['jrporti1', 'seif', 'magdalena.weger.mw', 'mscrow', 'kalo', 'zzx', 'liudavid', 'riccardo.farina.1', 'chuichui123', 'langhout.jackson', 'rookielazye', 'klupone', 'mitchell.arivator', 'kbb00008', 'justingentner', 'chiajen']",18,"['molkon', 'villarta.jabulen', 'ahughes1', 'michaelroberts', 'alexandrabarbosa', 'klupone1', 'peytonr19', 'noahcaracuel', 'dinh.nhu', 'beastlbros', 'youngg', 'c.rineer', None, 'justin.geils', 'jmayer1', '8223freret', 'erinvolpe', 'c.ginter']",51,"['molkon', 'jrporti1', 'qman3399', 'villarta.jabulen', 'seif', 'corrales.a', 'peytonr19', 'morgan.gunter', 'miles.kendall', 'gtoenjes', 'chuichui123', 'youngg', 'mitchell.arivator', 'kbb00008', 'nsonet', 'erinvolpe', 'c.ginter', 'mcalderman1', 'mmoralesrojas1', 'kalo', 't.calvert', 'kadenelson', 'riccardo.farina.1', 'anayshernandez', 'langhout.jackson', 'c.rineer', 'dschechter', 'rookielazye', 'klupone', 'justingentner', 'mscrow', 'ahughes1', 'michaelroberts', 'banks.lomel', 'a.manibusan', 'zzx', 'noahcaracuel', 'annahuber', 'beastlbros', 'dominicksylvia', 'jmayer1', '8223freret', None, 'alexandrabarbosa', 'banks32', 'magdalena.weger.mw', 'klupone1', 'dinh.nhu', 'justin.geils', 'liudavid', 'chiajen']"
34,470,34,10,5,"['seif', 'kalo', 'liudavid', 'mscrow', 'chiajen']",28,"['jrporti1', 'qman3399', 'corrales.a', 'miles.kendall', 'morgan.gunter', 'gtoenjes', 'chuichui123', 'mitchell.arivator', 'nsonet', 'kbb00008', 'mcalderman1', 'mmoralesrojas1', 't.calvert', 'kadenelson', 'riccardo.farina.1', 'anayshernandez', 'langhout.jackson', 'dschechter', 'rookielazye', 'klupone', 'justingentner', 'banks.lomel', 'a.manibusan', 'zzx', 'annahuber', 'dominicksylvia', 'banks32', 'magdalena.weger.mw']",5,"['hgalindo', 'yidiwu', 'chengzez', None, 'easonyz']",38,"['jrporti1', 'qman3399', 'seif', 'corrales.a', 'morgan.gunter', 'miles.kendall', 'gtoenjes', 'chuichui123', 'mitchell.arivator', 'kbb00008', 'nsonet', 'mcalderman1', 'mmoralesrojas1', 'kalo', 't.calvert', 'kadenelson', 'riccardo.farina.1', 'anayshernandez', 'langhout.jackson', 'dschechter', 'rookielazye', 'klupone', 'justingentner', 'mscrow', 'banks.lomel', 'a.manibusan', 'zzx', 'annahuber', 'hgalindo', 'yidiwu', 'dominicksylvia', 'chengzez', None, 'easonyz', 'banks32', 'magdalena.weger.mw', 'liudavid', 'chiajen']"
34,502,34,10,1,['chuichui123'],32,"['jrporti1', 'qman3399', 'seif', 'corrales.a', 'morgan.gunter', 'miles.kendall', 'gtoenjes', 'mitchell.arivator', 'nsonet', 'kbb00008', 'mcalderman1', 'mmoralesrojas1', 'kalo', 't.calvert', 'kadenelson', 'riccardo.farina.1', 'anayshernandez', 'langhout.jackson', 'dschechter', 'rookielazye', 'klupone', 'justingentner', 'mscrow', 'banks.lomel', 'a.manibusan', 'zzx', 'annahuber', 'dominicksylvia', 'banks32', 'magdalena.weger.mw', 'liudavid', 'chiajen']",9,"['nakiriaya', 'ldy1', 'flexible573', 'zzzdy0', 'cenlh', 'a15015897412', None, 'yunting1566', 'jiwei00111']",42,"['jrporti1', 'qman3399', 'seif', 'corrales.a', 'morgan.gunter', 'miles.kendall', 'gtoenjes', 'zzzdy0', 'chuichui123', 'a15015897412', 'mitchell.arivator', 'kbb00008', 'nsonet', 'yunting1566', 'mcalderman1', 'mmoralesrojas1', 'kalo', 't.calvert', 'kadenelson', 'riccardo.farina.1', 'anayshernandez', 'langhout.jackson', 'dschechter', 'rookielazye', 'klupone', 'justingentner', 'mscrow', 'banks.lomel', 'a.manibusan', 'zzx', 'annahuber', 'dominicksylvia', None, 'jiwei00111', 'flexible573', 'nakiriaya', 'banks32', 'ldy1', 'magdalena.weger.mw', 'cenlh', 'liudavid', 'chiajen']"
34,467,34,8,1,['chuichui123'],32,"['jrporti1', 'qman3399', 'seif', 'corrales.a', 'morgan.gunter', 'miles.kendall', 'gtoenjes', 'mitchell.arivator', 'nsonet', 'kbb00008', 'mcalderman1', 'mmoralesrojas1', 'kalo', 't.calvert', 'kadenelson', 'riccardo.farina.1', 'anayshernandez', 'langhout.jackson', 'dschechter', 'rookielazye', 'klupone', 'justingentner', 'mscrow', 'banks.lomel', 'a.manibusan', 'zzx', 'annahuber', 'dominicksylvia', 'banks32', 'magdalena.weger.mw', 'liudavid', 'chiajen']",7,"['zzzdy0', 'candy0930', 'cenlh', 'a15015897412', None, 'yunting1566', 'flexible573']",40,"['jrporti1', 'qman3399', 'seif', 'corrales.a', 'morgan.gunter', 'miles.kendall', 'gtoenjes', 'zzzdy0', 'chuichui123', 'a15015897412', 'mitchell.arivator', 'kbb00008', 'nsonet', 'yunting1566', 'mcalderman1', 'mmoralesrojas1', 'kalo', 't.calvert', 'kadenelson', 'riccardo.farina.1', 'anayshernandez', 'langhout.jackson', 'dschechter', 'rookielazye', 'klupone', 'justingentner', 'mscrow', 'banks.lomel', 'a.manibusan', 'zzx', 'annahuber', 'candy0930', 'dominicksylvia', None, 'flexible573', 'banks32', 'magdalena.weger.mw', 'cenlh', 'liudavid', 'chiajen']"
34,465,34,7,4,"['kadenelson', 'mitchell.arivator', 'langhout.jackson', 'miles.kendall']",29,"['jrporti1', 'qman3399', 'seif', 'corrales.a', 'morgan.gunter', 'gtoenjes', 'chuichui123', 'kbb00008', 'nsonet', 'mcalderman1', 'mmoralesrojas1', 'kalo', 't.calvert', 'riccardo.farina.1', 'anayshernandez', 'dschechter', 'rookielazye', 'klupone', 'justingentner', 'mscrow', 'banks.lomel', 'a.manibusan', 'zzx', 'annahuber', 'dominicksylvia', 'banks32', 'magdalena.weger.mw', 'liudavid', 'chiajen']",3,"['lkelsey', 'akash.ram', None]",36,"['jrporti1', 'qman3399', 'seif', 'corrales.a', 'morgan.gunter', 'miles.kendall', 'gtoenjes', 'akash.ram', 'chuichui123', 'lkelsey', 'mitchell.arivator', 'kbb00008', 'nsonet', 'mcalderman1', 'mmoralesrojas1', 'kalo', 't.calvert', 'kadenelson', 'riccardo.farina.1', 'anayshernandez', 'langhout.jackson', 'dschechter', 'rookielazye', 'klupone', 'justingentner', 'mscrow', 'banks.lomel', 'a.manibusan', 'zzx', 'annahuber', 'dominicksylvia', None, 'banks32', 'magdalena.weger.mw', 'liudavid', 'chiajen']"
35,499,34,88,1,['hongkunlisam'],32,"['sandip.kollol', 'cgmares', 'ironman113311', 'shaowei.lin', 'zhangtiantian', 'bilibilisatoki', 'mmanahil', 'yliu205', 'mkessle3', 'socal434', 'griffmcthrustin', 'srcaldwe', 'tong', 'dbztoddy', 'annaswan', 'yiyang.gu2000', 'vijayshekhawat45', 'aaron1123', 'xpreservedegg', 'bphobbs1', 'mkhimich', 'jerrywx', 'gadelmon', 'pldcalender.mb', 'gaoxuansg', 'wangyuxin204900', 'lprielinger', 'palimole', 'lightrains', 'fangxg0505', 'agraef', 'jguisa']",87,"['villarta.jabulen', 'antlomb', 'jrporti1', 'duke715', 'jasonkkgukeghost', 'radharaman696', 'nsonet', 'c.ginter', 'a3pa3p', 'athena.120245141', 'mcalderman1', 'jerry41707', 'langhout.jackson', 'eserafimbortolazzo', 'zzx', 'annahuber', 'hgalindo', 'dominicksylvia', '8223freret', 'eray0206', 'molkon', 'seif', 'corrales.a', 'link051436', 'miles.kendall', 'a022354s', 'morgan.gunter', 'youngg', 'chuichui123', 'wuyu825', 'hmfx1', 'kadenelson', 'anayshernandez', 'milk9925', 'justingentner', 'mscrow', 'a.manibusan', 'boan', 'jmayer1', 'easonyz', 'magdalena.weger.mw', 'dinh.nhu', 'arrhenius78', 'liudavid', 'jimmy1231237', 'zzzdy0', 'stockburger', 'mitchell.arivator', 'zx5691782', 't.calvert', 'c.rineer', 'danielw', 'dschechter', 'rookielazye', 'klupone', 'ahughes1', 'michaelroberts', 'banks.lomel', 'bb7665247', 'spacetimecodedata03207', 'noahcaracuel', 'chengzez', 'zic12345', 'banks32', 'sone107208001', 'chiajen', 'qman3399', 'benlai900102', 'ncu110521149', 'peytonr19', 'gtoenjes', 'we1.chen', 'erinvolpe', 'kbb00008', 'jerry10430296', 'a109521014', 'mmoralesrojas1', 'kalo', 'riccardo.farina.1', 'icebear828', 'gary070825', 'cgandin', 'yidiwu', None, 'yanjia', 'syenhsi', 'leman.for.search']",120,"['sandip.kollol', 'villarta.jabulen', 'jrporti1', 'antlomb', 'duke715', 'jasonkkgukeghost', 'jimmy1231237', 'zzzdy0', 'radharaman696', 'stockburger', 'mitchell.arivator', 'bilibilisatoki', 'nsonet', 'c.ginter', 'a3pa3p', 'yliu205', 'mkessle3', 'socal434', 'athena.120245141', 'zx5691782', 'mcalderman1', 'jerry41707', 'srcaldwe', 'tong', 't.calvert', 'langhout.jackson', 'dbztoddy', 'yiyang.gu2000', 'eserafimbortolazzo', 'c.rineer', 'danielw', 'dschechter', 'rookielazye', 'klupone', 'ahughes1', 'hongkunlisam', 'banks.lomel', 'michaelroberts', 'bphobbs1', 'bb7665247', 'spacetimecodedata03207', 'mkhimich', 'zzx', 'noahcaracuel', 'annahuber', 'hgalindo', 'pldcalender.mb', 'dominicksylvia', '8223freret', 'eray0206', 'gaoxuansg', 'chengzez', 'zic12345', 'banks32', 'palimole', 'lightrains', 'sone107208001', 'fangxg0505', 'agraef', 'jguisa', 'chiajen', 'molkon', 'qman3399', 'benlai900102', 'seif', 'corrales.a', 'ncu110521149', 'cgmares', 'link051436', 'peytonr19', 'miles.kendall', 'a022354s', 'morgan.gunter', 'gtoenjes', 'ironman113311', 'youngg', 'shaowei.lin', 'zhangtiantian', 'chuichui123', 'we1.chen', 'erinvolpe', 'kbb00008', 'mmanahil', 'jerry10430296', 'a109521014', 'wuyu825', 'mmoralesrojas1', 'griffmcthrustin', 'kalo', 'hmfx1', 'kadenelson', 'riccardo.farina.1', 'anayshernandez', 'icebear828', 'annaswan', 'milk9925', 'gary070825', 'cgandin', 'justingentner', 'mscrow', 'vijayshekhawat45', 'aaron1123', 'xpreservedegg', 'a.manibusan', 'jerrywx', 'gadelmon', 'yidiwu', 'boan', 'jmayer1', None, 'easonyz', 'yanjia', 'wangyuxin204900', 'lprielinger', 'magdalena.weger.mw', 'syenhsi', 'dinh.nhu', 'arrhenius78', 'leman.for.search', 'liudavid']"
35,496,34,68,32,"['sandip.kollol', 'cgmares', 'ironman113311', 'shaowei.lin', 'zhangtiantian', 'bilibilisatoki', 'mmanahil', 'yliu205', 'mkessle3', 'socal434', 'griffmcthrustin', 'srcaldwe', 'tong', 'dbztoddy', 'annaswan', 'yiyang.gu2000', 'vijayshekhawat45', 'aaron1123', 'xpreservedegg', 'hongkunlisam', 'bphobbs1', 'mkhimich', 'jerrywx', 'gadelmon', 'gaoxuansg', 'wangyuxin204900', 'lprielinger', 'palimole', 'lightrains', 'fangxg0505', 'agraef', 'jguisa']",1,['pldcalender.mb'],36,"['dkhacha', 'duke715', 'cschelz', 'alessandra_150344', 'jrraposo1', 'stockburger', 'radharaman696', 'valerio_nori', 'erinvolpe', 'karimhuet', 'c.ginter', 'wuyu825', 'jpwolinski', 'cequinon', 'rookielazye', 'cgandin', 'justingentner', 'abhilashad0308', 'nrapose', 'reenasoubam21', 'lucasrabelo', 'rajveersingh2004', 'a.manibusan', 'dyoung', 'zzx', 'gregorpobegen', 'babu143', 'mwbrady', None, 'banks32', 'magdalena.weger.mw', 'cezaryborowski', 'morisett', 'jkonrath', 'arrhenius78', 'maviolet']",69,"['sandip.kollol', 'duke715', 'cschelz', 'alessandra_150344', 'jrraposo1', 'stockburger', 'radharaman696', 'valerio_nori', 'bilibilisatoki', 'karimhuet', 'c.ginter', 'yliu205', 'mkessle3', 'socal434', 'srcaldwe', 'tong', 'jpwolinski', 'dbztoddy', 'yiyang.gu2000', 'rookielazye', 'abhilashad0308', 'nrapose', 'lucasrabelo', 'hongkunlisam', 'rajveersingh2004', 'bphobbs1', 'mkhimich', 'zzx', 'pldcalender.mb', 'gregorpobegen', 'mwbrady', 'gaoxuansg', 'banks32', 'palimole', 'lightrains', 'cezaryborowski', 'fangxg0505', 'jkonrath', 'agraef', 'jguisa', 'dkhacha', 'cgmares', 'ironman113311', 'shaowei.lin', 'zhangtiantian', 'erinvolpe', 'mmanahil', 'wuyu825', 'griffmcthrustin', 'cequinon', 'annaswan', 'cgandin', 'justingentner', 'vijayshekhawat45', 'aaron1123', 'xpreservedegg', 'reenasoubam21', 'a.manibusan', 'dyoung', 'jerrywx', 'gadelmon', 'babu143', None, 'wangyuxin204900', 'lprielinger', 'magdalena.weger.mw', 'morisett', 'arrhenius78', 'maviolet']"
35,462,34,7,2,"['bphobbs1', 'mmanahil']",31,"['sandip.kollol', 'cgmares', 'ironman113311', 'shaowei.lin', 'zhangtiantian', 'bilibilisatoki', 'yliu205', 'mkessle3', 'socal434', 'griffmcthrustin', 'srcaldwe', 'tong', 'dbztoddy', 'annaswan', 'yiyang.gu2000', 'vijayshekhawat45', 'aaron1123', 'xpreservedegg', 'hongkunlisam', 'mkhimich', 'jerrywx', 'gadelmon', 'pldcalender.mb', 'gaoxuansg', 'wangyuxin204900', 'lprielinger', 'palimole', 'lightrains', 'fangxg0505', 'agraef', 'jguisa']",5,"['nmohan14', 'junk029374', 'mdbaab', 'driver31', None]",38,"['sandip.kollol', 'nmohan14', 'cgmares', 'ironman113311', 'shaowei.lin', 'zhangtiantian', 'driver31', 'bilibilisatoki', 'mmanahil', 'yliu205', 'mkessle3', 'socal434', 'junk029374', 'griffmcthrustin', 'srcaldwe', 'tong', 'dbztoddy', 'annaswan', 'yiyang.gu2000', 'vijayshekhawat45', 'aaron1123', 'xpreservedegg', 'hongkunlisam', 'bphobbs1', 'mkhimich', 'mdbaab', 'jerrywx', 'gadelmon', 'pldcalender.mb', None, 'gaoxuansg', 'wangyuxin204900', 'lprielinger', 'palimole', 'lightrains', 'fangxg0505', 'agraef', 'jguisa']"
36,181,34,57,13,"['malfaili', 'bennett.adcock', 'axewarrior', 'mtsysin', 'leung55', 'jnickla', 'pveluri', 'cthode', 'jschweit', 'anthonyyijiang', 'jcapuzzi', 'obishopdwenger', 'spartanpanda.hs']",20,"['ykhona91', 'jone1415', 'samueljaiwanthricky', 'barak.hirshberg', 'jacob.esquenet', 'smanspencer', 'nmwilkerson', 'dvish006', 'essam_berikaa', 'kdhemc', 'cmagdall', 'connor.jbryan', 'apg.rocha', 'sg630', 'bivol.antonia', 'goki.eda', 'carolinepq_b', 'chen3273', 'wrongcheathealy2', 'adelouis']",44,"['cbrelje', 'ckniffen', 'panditm', 'eric52689', 'jglane', 'ericshuisyy', 'aattanas', 'kim3432', 'chong50', 'shafaat.saud', 'lancefernandes13', 'jabirbin', 'davidparoda8', 'mart1787', 'abukhater', 'sahanathota24', 'tan350', 'rdonoghu', 'braun62', 'eilersbe001', 'gmacraes', 'hsu196', 'liu2595', 'elkins15', 'pkolady', 'mozlu', 'li1897', 'hall657', 'bmavreno', None, 'tmurarka', 'ramkumaa', 'phill225', 'dparoda', 'wang4878', 'jensen56', 'beelern', 'damshel', 'king492', 'rspilker', 'jzullo', 'yang1991', 'shah123', 'ande1083']",77,"['cbrelje', 'axewarrior', 'ckniffen', 'panditm', 'jglane', 'ericshuisyy', 'aattanas', 'jone1415', 'kim3432', 'obishopdwenger', 'shafaat.saud', 'bennett.adcock', 'mart1787', 'abukhater', 'sahanathota24', 'braun62', 'smanspencer', 'eilersbe001', 'dvish006', 'gmacraes', 'spartanpanda.hs', 'kdhemc', 'elkins15', 'pkolady', 'jcapuzzi', 'hall657', 'dparoda', 'phill225', 'bivol.antonia', 'leung55', 'jensen56', 'beelern', 'damshel', 'king492', 'goki.eda', 'jschweit', 'wrongcheathealy2', 'adelouis', 'yang1991', 'ykhona91', 'jnickla', 'eric52689', 'chong50', 'davidparoda8', 'jabirbin', 'lancefernandes13', 'samueljaiwanthricky', 'barak.hirshberg', 'jacob.esquenet', 'tan350', 'rdonoghu', 'anthonyyijiang', 'nmwilkerson', 'essam_berikaa', 'hsu196', 'liu2595', 'cmagdall', 'connor.jbryan', 'pveluri', 'apg.rocha', 'mozlu', 'li1897', 'bmavreno', 'malfaili', 'sg630', None, 'tmurarka', 'ramkumaa', 'mtsysin', 'wang4878', 'cthode', 'rspilker', 'carolinepq_b', 'chen3273', 'jzullo', 'shah123', 'ande1083']"
36,184,34,26,1,['nmwilkerson'],32,"['ykhona91', 'axewarrior', 'jnickla', 'jone1415', 'obishopdwenger', 'bennett.adcock', 'samueljaiwanthricky', 'barak.hirshberg', 'jacob.esquenet', 'smanspencer', 'anthonyyijiang', 'dvish006', 'essam_berikaa', 'spartanpanda.hs', 'kdhemc', 'cmagdall', 'connor.jbryan', 'pveluri', 'apg.rocha', 'jcapuzzi', 'malfaili', 'sg630', 'bivol.antonia', 'mtsysin', 'leung55', 'cthode', 'goki.eda', 'jschweit', 'carolinepq_b', 'chen3273', 'wrongcheathealy2', 'adelouis']",25,"['jrkamins', 'gachan1', 'rishid', 'yuvrajsc', 'eomartin', 'dingzhao', 'gsabraham', 'allison', 'mahgoubm', 'cjccarlson', 'heydrich', 'sdvoroch', 'gejaeger', 'kaylin18', 'noshea', 'courtck1', 'ylin0413', 'mikeymvn', None, 'tichada', 'jnhale', 'ewhorn', 'rcastelo', 'tdsun', 'salsaverde']",58,"['ykhona91', 'jrkamins', 'axewarrior', 'yuvrajsc', 'rishid', 'gachan1', 'jnickla', 'eomartin', 'dingzhao', 'jone1415', 'obishopdwenger', 'bennett.adcock', 'gsabraham', 'samueljaiwanthricky', 'barak.hirshberg', 'jacob.esquenet', 'allison', 'mahgoubm', 'tdsun', 'smanspencer', 'anthonyyijiang', 'nmwilkerson', 'dvish006', 'cjccarlson', 'essam_berikaa', 'heydrich', 'sdvoroch', 'gejaeger', 'spartanpanda.hs', 'kaylin18', 'kdhemc', 'cmagdall', 'noshea', 'courtck1', 'connor.jbryan', 'pveluri', 'apg.rocha', 'ylin0413', 'mikeymvn', 'jcapuzzi', 'malfaili', 'sg630', None, 'tichada', 'bivol.antonia', 'mtsysin', 'leung55', 'jnhale', 'cthode', 'goki.eda', 'jschweit', 'carolinepq_b', 'chen3273', 'wrongcheathealy2', 'adelouis', 'ewhorn', 'rcastelo', 'salsaverde']"
37,70,32,27,26,"['lalasummer11', 'f74096328', 'yc617', 'jiahe', 'shuang730', 'ztajzeusz', 'ben2002chou', 'patrick201303', 'ericli816', 'jesse', 'e24106775', 'ryanchen', 'tsai.carlos.2018', 'f74106246', 'aninlord', 'purdueasstcsie', 'willisdu', 'rongrong910', 'e14106294', 'e14091198', 'a0922340410', 'williamchang0605', 'shengtai0911', 'lyh120502', 'spring200190', 'albert_fu']",5,"['lsu910323', 'e14101862', 'mark2000', 'linxinying614', 'jsjdj']",1,[None],32,"['lalasummer11', 'f74096328', 'yc617', 'jiahe', 'shuang730', 'ztajzeusz', 'ben2002chou', 'patrick201303', 'ericli816', 'jesse', 'ryanchen', 'e24106775', 'f74106246', 'tsai.carlos.2018', 'aninlord', 'linxinying614', 'purdueasstcsie', 'jsjdj', 'rongrong910', 'willisdu', 'e14106294', 'e14091198', 'a0922340410', 'mark2000', 'williamchang0605', None, 'shengtai0911', 'e14101862', 'lsu910323', 'lyh120502', 'spring200190', 'albert_fu']"
37,212,32,22,21,"['f74096328', 'yc617', 'jiahe', 'shuang730', 'ben2002chou', 'patrick201303', 'ericli816', 'jesse', 'e24106775', 'ryanchen', 'tsai.carlos.2018', 'f74106246', 'aninlord', 'purdueasstcsie', 'willisdu', 'e14091198', 'a0922340410', 'williamchang0605', 'shengtai0911', 'spring200190', 'albert_fu']",10,"['lalasummer11', 'rongrong910', 'e14106294', 'e14101862', 'lsu910323', 'ztajzeusz', 'mark2000', 'lyh120502', 'linxinying614', 'jsjdj']",1,[None],32,"['lalasummer11', 'f74096328', 'yc617', 'jiahe', 'shuang730', 'ztajzeusz', 'ben2002chou', 'patrick201303', 'ericli816', 'jesse', 'ryanchen', 'e24106775', 'f74106246', 'tsai.carlos.2018', 'aninlord', 'linxinying614', 'purdueasstcsie', 'jsjdj', 'rongrong910', 'willisdu', 'e14106294', 'e14091198', 'a0922340410', 'mark2000', 'williamchang0605', None, 'shengtai0911', 'e14101862', 'lsu910323', 'lyh120502', 'spring200190', 'albert_fu']"
37,72,32,12,11,"['rongrong910', 'ericli816', 'lsu910323', 'e14101862', 'e14106294', 'lalasummer11', 'ztajzeusz', 'mark2000', 'lyh120502', 'linxinying614', 'jsjdj']",20,"['f74096328', 'yc617', 'jiahe', 'shuang730', 'ben2002chou', 'patrick201303', 'jesse', 'ryanchen', 'e24106775', 'f74106246', 'tsai.carlos.2018', 'aninlord', 'purdueasstcsie', 'willisdu', 'e14091198', 'a0922340410', 'williamchang0605', 'shengtai0911', 'spring200190', 'albert_fu']",1,[None],32,"['lalasummer11', 'f74096328', 'yc617', 'jiahe', 'shuang730', 'ztajzeusz', 'ben2002chou', 'patrick201303', 'ericli816', 'jesse', 'ryanchen', 'e24106775', 'f74106246', 'tsai.carlos.2018', 'aninlord', 'linxinying614', 'purdueasstcsie', 'jsjdj', 'rongrong910', 'willisdu', 'e14106294', 'e14091198', 'a0922340410', 'mark2000', 'williamchang0605', None, 'shengtai0911', 'e14101862', 'lsu910323', 'lyh120502', 'spring200190', 'albert_fu']"
37,214,32,11,10,"['rongrong910', 'lalasummer11', 'lsu910323', 'e14106294', 'e14101862', 'ztajzeusz', 'mark2000', 'lyh120502', 'linxinying614', 'jsjdj']",21,"['f74096328', 'yc617', 'jiahe', 'shuang730', 'ben2002chou', 'patrick201303', 'ericli816', 'jesse', 'ryanchen', 'e24106775', 'f74106246', 'tsai.carlos.2018', 'aninlord', 'purdueasstcsie', 'willisdu', 'e14091198', 'a0922340410', 'williamchang0605', 'shengtai0911', 'spring200190', 'albert_fu']",1,[None],32,"['lalasummer11', 'f74096328', 'yc617', 'jiahe', 'shuang730', 'ztajzeusz', 'ben2002chou', 'patrick201303', 'ericli816', 'jesse', 'ryanchen', 'e24106775', 'f74106246', 'tsai.carlos.2018', 'aninlord', 'linxinying614', 'purdueasstcsie', 'jsjdj', 'rongrong910', 'willisdu', 'e14106294', 'e14091198', 'a0922340410', 'mark2000', 'williamchang0605', None, 'shengtai0911', 'e14101862', 'lsu910323', 'lyh120502', 'spring200190', 'albert_fu']"
38,512,32,36,1,['aidenliu000'],30,"['sampreeth.20ec', 'vignesh.20cs103', 'fettigt', 'slabaugj', 'shambhu.20ec', 'hframey', 'perschbt', 'daenzebr', 'parulsingh123', 'gulockj', 'osburnjo', 'glattc', 'carlsoja', 'samdejong7', 'nishibay', 'ry0004', 'inkrf', 'amarjeet.20cs008', 'sfollo28', 'haddrile', 'vighneshnaik716', 'ianlilly12', 'millesa4', 'hooveand', 'kk18894661449', 'vinke', 'saven.ec', 'hadhiameen', 'scolaj', 'emrekocal']",35,"['u1030652', 'u0939954', 'tyler.roybal73', 'u0960369', 'u0996599', 'halibyte', 'kaseykemp0910', 'williamscamposano', 'mmalinosky', 'tataserebryany', 'u1081888', 'u1228807', 'tjcoe11', 'u1213141', 'u0613876', 'u1037344', 'u1313270', 'u0714849', 'u1167853', 'u1098664', 'u1248801', 'u1033377', None, 'u1231201', 'u0379307', 'u1174158', 'u1031328', 'u1170693', 'u1169721', 'dbporter99', 'compuguy99', 'u1052421', 'u0941988', 'u1215463', 'u1186007']",66,"['vignesh.20cs103', 'hframey', 'tyler.roybal73', 'u0960369', 'u0996599', 'parulsingh123', 'mmalinosky', 'tataserebryany', 'u1081888', 'osburnjo', 'samdejong7', 'ry0004', 'u0613876', 'inkrf', 'u1313270', 'sfollo28', 'u0714849', 'haddrile', 'u1248801', 'vighneshnaik716', 'u1033377', 'millesa4', 'hooveand', 'u1031328', 'u1170693', 'u1169721', 'kk18894661449', 'vinke', 'compuguy99', 'u1052421', 'u0941988', 'sampreeth.20ec', 'u1030652', 'slabaugj', 'fettigt', 'shambhu.20ec', 'perschbt', 'u0939954', 'halibyte', 'kaseykemp0910', 'williamscamposano', 'daenzebr', 'aidenliu000', 'gulockj', 'glattc', 'u1228807', 'carlsoja', 'tjcoe11', 'nishibay', 'u1213141', 'amarjeet.20cs008', 'u1037344', 'u1167853', 'u1098664', 'ianlilly12', None, 'u1231201', 'u0379307', 'u1174158', 'dbporter99', 'saven.ec', 'hadhiameen', 'scolaj', 'emrekocal', 'u1215463', 'u1186007']"
38,545,32,31,1,['hframey'],30,"['sampreeth.20ec', 'vignesh.20cs103', 'fettigt', 'slabaugj', 'shambhu.20ec', 'perschbt', 'daenzebr', 'parulsingh123', 'aidenliu000', 'gulockj', 'osburnjo', 'glattc', 'carlsoja', 'samdejong7', 'nishibay', 'ry0004', 'inkrf', 'amarjeet.20cs008', 'sfollo28', 'haddrile', 'vighneshnaik716', 'ianlilly12', 'millesa4', 'hooveand', 'kk18894661449', 'vinke', 'saven.ec', 'hadhiameen', 'scolaj', 'emrekocal']",30,"['hdelagarz', 'mjbaezabald', 'jmgranados3', 'jealmanza', 'adiaz53', 'neduran', 'stella', 'jochoa15', 'vmmorales2', 'uaponceluna', 'ejdominguez5', 'nachapamills', 'ajasso7', 'carivas2', 'jachavez29', 'ksmedina1', 'alopez157', 'ssrangel', 'cjmeyer', 'sorayamoncada', 'rpadilla12', None, 'cecardenas3', 'mttomlinson', 'oemiranda', 'anajera7', 'tuyennguyen0403', 'tbmiller', 'iscontreras1', 'bryanromero']",61,"['sampreeth.20ec', 'vignesh.20cs103', 'slabaugj', 'fettigt', 'shambhu.20ec', 'hframey', 'perschbt', 'hdelagarz', 'mjbaezabald', 'daenzebr', 'parulsingh123', 'jmgranados3', 'aidenliu000', 'gulockj', 'jealmanza', 'osburnjo', 'glattc', 'adiaz53', 'carlsoja', 'samdejong7', 'nishibay', 'neduran', 'stella', 'jochoa15', 'ry0004', 'vmmorales2', 'inkrf', 'amarjeet.20cs008', 'uaponceluna', 'ejdominguez5', 'nachapamills', 'ajasso7', 'sfollo28', 'carivas2', 'jachavez29', 'haddrile', 'vighneshnaik716', 'ksmedina1', 'ssrangel', 'alopez157', 'ianlilly12', 'cjmeyer', 'sorayamoncada', 'millesa4', 'hooveand', 'rpadilla12', None, 'cecardenas3', 'mttomlinson', 'oemiranda', 'anajera7', 'kk18894661449', 'vinke', 'saven.ec', 'hadhiameen', 'tuyennguyen0403', 'tbmiller', 'scolaj', 'iscontreras1', 'emrekocal', 'bryanromero']"
38,506,32,24,1,['hframey'],30,"['sampreeth.20ec', 'vignesh.20cs103', 'fettigt', 'slabaugj', 'shambhu.20ec', 'perschbt', 'daenzebr', 'parulsingh123', 'aidenliu000', 'gulockj', 'osburnjo', 'glattc', 'carlsoja', 'samdejong7', 'nishibay', 'ry0004', 'inkrf', 'amarjeet.20cs008', 'sfollo28', 'haddrile', 'vighneshnaik716', 'ianlilly12', 'millesa4', 'hooveand', 'kk18894661449', 'vinke', 'saven.ec', 'hadhiameen', 'scolaj', 'emrekocal']",23,"['hdelagarz', 'jmgranados3', 'jealmanza', 'adiaz53', 'neduran', 'aiulloa', 'jochoa15', 'nachapamills', 'carivas2', 'jachavez29', 'brrodriguez5', 'aymontoya', 'ksmedina1', 'alopez157', 'sorayamoncada', None, 'cecardenas3', 'oemiranda', 'anajera7', 'tuyennguyen0403', 'iscontreras1', 'vaibarra', 'jminjares5']",54,"['sampreeth.20ec', 'vignesh.20cs103', 'slabaugj', 'fettigt', 'shambhu.20ec', 'hframey', 'perschbt', 'hdelagarz', 'daenzebr', 'parulsingh123', 'jmgranados3', 'aidenliu000', 'gulockj', 'jealmanza', 'osburnjo', 'glattc', 'adiaz53', 'carlsoja', 'samdejong7', 'nishibay', 'neduran', 'aiulloa', 'jochoa15', 'ry0004', 'inkrf', 'amarjeet.20cs008', 'nachapamills', 'sfollo28', 'carivas2', 'jachavez29', 'brrodriguez5', 'aymontoya', 'haddrile', 'vighneshnaik716', 'ksmedina1', 'alopez157', 'ianlilly12', 'sorayamoncada', None, 'millesa4', 'hooveand', 'cecardenas3', 'oemiranda', 'anajera7', 'kk18894661449', 'vinke', 'saven.ec', 'hadhiameen', 'tuyennguyen0403', 'iscontreras1', 'scolaj', 'vaibarra', 'emrekocal', 'jminjares5']"
38,508,32,17,15,"['inkrf', 'daenzebr', 'fettigt', 'slabaugj', 'perschbt', 'sfollo28', 'gulockj', 'haddrile', 'osburnjo', 'glattc', 'carlsoja', 'ianlilly12', 'nishibay', 'millesa4', 'hooveand']",16,"['sampreeth.20ec', 'ry0004', 'vignesh.20cs103', 'parulsingh123', 'amarjeet.20cs008', 'shambhu.20ec', 'hframey', 'aidenliu000', 'kk18894661449', 'vinke', 'saven.ec', 'hadhiameen', 'scolaj', 'vighneshnaik716', 'emrekocal', 'samdejong7']",2,"[None, 'jiaolh']",33,"['sampreeth.20ec', 'vignesh.20cs103', 'slabaugj', 'fettigt', 'shambhu.20ec', 'hframey', 'perschbt', 'daenzebr', 'parulsingh123', 'aidenliu000', 'gulockj', 'osburnjo', 'glattc', 'carlsoja', 'samdejong7', 'nishibay', 'ry0004', 'inkrf', 'amarjeet.20cs008', 'sfollo28', 'haddrile', 'vighneshnaik716', 'ianlilly12', None, 'millesa4', 'hooveand', 'jiaolh', 'kk18894661449', 'vinke', 'saven.ec', 'hadhiameen', 'scolaj', 'emrekocal']"
38,509,32,14,10,"['daenzebr', 'slabaugj', 'sfollo28', 'vinke', 'scolaj', 'glattc', 'samdejong7', 'ianlilly12', 'millesa4', 'hooveand']",21,"['sampreeth.20ec', 'vignesh.20cs103', 'fettigt', 'shambhu.20ec', 'hframey', 'perschbt', 'parulsingh123', 'aidenliu000', 'gulockj', 'osburnjo', 'carlsoja', 'nishibay', 'ry0004', 'inkrf', 'amarjeet.20cs008', 'haddrile', 'vighneshnaik716', 'kk18894661449', 'saven.ec', 'hadhiameen', 'emrekocal']",4,"['lucasthered', None, 'inkrf_edu', 'noahmarron1127']",35,"['sampreeth.20ec', 'vignesh.20cs103', 'inkrf_edu', 'slabaugj', 'fettigt', 'shambhu.20ec', 'hframey', 'perschbt', 'noahmarron1127', 'daenzebr', 'parulsingh123', 'aidenliu000', 'gulockj', 'osburnjo', 'glattc', 'carlsoja', 'samdejong7', 'lucasthered', 'nishibay', 'ry0004', 'inkrf', 'amarjeet.20cs008', 'sfollo28', 'haddrile', 'vighneshnaik716', 'ianlilly12', None, 'millesa4', 'hooveand', 'kk18894661449', 'vinke', 'saven.ec', 'hadhiameen', 'scolaj', 'emrekocal']"
38,504,32,11,1,['kk18894661449'],30,"['sampreeth.20ec', 'vignesh.20cs103', 'fettigt', 'slabaugj', 'shambhu.20ec', 'hframey', 'perschbt', 'daenzebr', 'parulsingh123', 'aidenliu000', 'gulockj', 'osburnjo', 'glattc', 'carlsoja', 'samdejong7', 'nishibay', 'ry0004', 'inkrf', 'amarjeet.20cs008', 'sfollo28', 'haddrile', 'vighneshnaik716', 'ianlilly12', 'millesa4', 'hooveand', 'vinke', 'saven.ec', 'hadhiameen', 'scolaj', 'emrekocal']",10,"['gerongzhang3', 'ldy1', 'kaomagnhn', 'wyt4', 'xiong', 'sikshan', None, 'yunting1566', 'lsd', 'flexible573']",41,"['sampreeth.20ec', 'vignesh.20cs103', 'slabaugj', 'fettigt', 'shambhu.20ec', 'hframey', 'perschbt', 'wyt4', 'yunting1566', 'lsd', 'xiong', 'daenzebr', 'parulsingh123', 'gerongzhang3', 'aidenliu000', 'gulockj', 'osburnjo', 'glattc', 'carlsoja', 'samdejong7', 'sikshan', 'nishibay', 'ry0004', 'inkrf', 'amarjeet.20cs008', 'sfollo28', 'haddrile', 'vighneshnaik716', 'ianlilly12', None, 'millesa4', 'hooveand', 'flexible573', 'ldy1', 'kk18894661449', 'vinke', 'saven.ec', 'hadhiameen', 'scolaj', 'emrekocal', 'kaomagnhn']"
39,373,32,33,28,"['marius.schoettle', 'matao1984', 'rwells', 'adg49', 'kweidem', 'erinsnanohub', 'ljr.1959', 'tlscksdud3', 'jturnley', 'jooyoung1012000', 'wetterhase1989', 'ahm531', 'lsaha1', 'yig0222', 'yujsyoon', 'kevcruse96', 'js2176', 'cnowak275', 'ar2071', 'fraenzine', 'mrr333', 'mkgnguyen', 'blakelock', 'elihoenig', 'simone.de.liberato', 'aayushthapa', 'bijil.subhash', 'jiacjustc']",3,"['aarozz', 'hharb', 'nemomc']",5,"['amannodi', 'jonasj', 'knomura', 'anirbanchandra1', None]",36,"['kweidem', 'amannodi', 'wetterhase1989', 'yujsyoon', 'js2176', 'kevcruse96', 'ar2071', 'mrr333', 'mkgnguyen', 'aayushthapa', 'jiacjustc', 'jonasj', 'marius.schoettle', 'matao1984', 'rwells', 'adg49', 'nemomc', 'erinsnanohub', 'ljr.1959', 'tlscksdud3', 'jturnley', 'jooyoung1012000', 'aarozz', 'ahm531', 'lsaha1', 'yig0222', 'cnowak275', 'hharb', 'anirbanchandra1', None, 'fraenzine', 'blakelock', 'elihoenig', 'simone.de.liberato', 'bijil.subhash', 'knomura']"
41,608,30,52,23,"['jcaasi28', 'riyanvillanueva', 'annvictoria913', 'nicoleclarence', 'eularussea.velasquez.pharma', 'daniellelozanes', 'marikojoycedimasuay30612', 'j.martin', 'rodrigojohn.nogoy.pharma', 'reinaaramiroo', 'psychevillegas', 'kennethvictor.mamawag.pharma', 'mylesdlcrz', 'aubreyclaire.gomez.pharma', 'ncloleii', 'biochemistyarn', 'ycagallardo', 'sophiagutierrez60', 'fenilouizbeth.batula', 'jeongeun.ha.pharma', 'alexandrapineda00', 'raymundsennuel.limbo', 'angelomarquise.callanta.pharma']",6,"['jrivero00', 'earlbernard.gonzales.pharma', 'elianangelo.abellanosa.pharma', 'juzleenpaulette.bracewell.pharma', 'aiveejoy.nacor', 'jmgsioson000']",29,"['bridgettekaycee.cruz.pharma', 'elladenese.maglaqui', 'leannenoleen', 'roycemarjheane.arcigal.pharma', 'sophiallison', 'ryne21', 'franzesybile99', 'jhonjustin.rotulo.pharma', 'roxyyy', 'irwinrommel.vergara.pharma', 'mlb1', 'allien', 'origenes', 'raemonjames.arcinue.pharma', 'eenlim', 'louierince.suyo.pharma', 'reyaneivy14', 'airadacasin', 'ldelacruz129', 'sophiamarie.castillo.pharma', None, 'mikad98', 'stephenmnl', 'christinejoy.villanueva', 'algo4', 'jecalvarez2022', 'vincetyrell.yongco.pharma', 'pampilemon03', 'charlesnylxon.noriega.pharma']",58,"['jcaasi28', 'bridgettekaycee.cruz.pharma', 'elladenese.maglaqui', 'riyanvillanueva', 'annvictoria913', 'eularussea.velasquez.pharma', 'nicoleclarence', 'marikojoycedimasuay30612', 'irwinrommel.vergara.pharma', 'reinaaramiroo', 'mlb1', 'allien', 'juzleenpaulette.bracewell.pharma', 'psychevillegas', 'aiveejoy.nacor', 'kennethvictor.mamawag.pharma', 'mylesdlcrz', 'aubreyclaire.gomez.pharma', 'louierince.suyo.pharma', 'biochemistyarn', 'ycagallardo', 'airadacasin', 'sophiagutierrez60', 'ldelacruz129', 'fenilouizbeth.batula', 'stephenmnl', 'christinejoy.villanueva', 'algo4', 'jeongeun.ha.pharma', 'vincetyrell.yongco.pharma', 'raymundsennuel.limbo', 'pampilemon03', 'charlesnylxon.noriega.pharma', 'leannenoleen', 'roycemarjheane.arcigal.pharma', 'elianangelo.abellanosa.pharma', 'sophiallison', 'daniellelozanes', 'ryne21', 'franzesybile99', 'j.martin', 'jhonjustin.rotulo.pharma', 'roxyyy', 'jrivero00', 'rodrigojohn.nogoy.pharma', 'origenes', 'raemonjames.arcinue.pharma', 'eenlim', 'ncloleii', 'reyaneivy14', 'earlbernard.gonzales.pharma', 'sophiamarie.castillo.pharma', None, 'mikad98', 'jmgsioson000', 'jecalvarez2022', 'alexandrapineda00', 'angelomarquise.callanta.pharma']"
41,438,30,42,21,"['riyanvillanueva', 'elianangelo.abellanosa.pharma', 'annvictoria913', 'nicoleclarence', 'marikojoycedimasuay30612', 'jrivero00', 'rodrigojohn.nogoy.pharma', 'reinaaramiroo', 'juzleenpaulette.bracewell.pharma', 'psychevillegas', 'mylesdlcrz', 'aubreyclaire.gomez.pharma', 'ncloleii', 'biochemistyarn', 'earlbernard.gonzales.pharma', 'ycagallardo', 'sophiagutierrez60', 'jeongeun.ha.pharma', 'alexandrapineda00', 'raymundsennuel.limbo', 'angelomarquise.callanta.pharma']",8,"['j.martin', 'jcaasi28', 'eularussea.velasquez.pharma', 'aiveejoy.nacor', 'daniellelozanes', 'kennethvictor.mamawag.pharma', 'jmgsioson000', 'fenilouizbeth.batula']",21,"['elladenese.maglaqui', 'roycemarjheane.arcigal.pharma', 'sophiallison', 'ryne21', 'jhonjustin.rotulo.pharma', 'irwinrommel.vergara.pharma', 'mlb1', 'allien', 'origenes', 'eenlim', 'louierince.suyo.pharma', 'reyaneivy14', 'airadacasin', 'sophiamarie.castillo.pharma', None, 'mikad98', 'stephenmnl', 'christinejoy.villanueva', 'algo4', 'pampilemon03', 'charlesnylxon.noriega.pharma']",50,"['jcaasi28', 'elladenese.maglaqui', 'riyanvillanueva', 'annvictoria913', 'eularussea.velasquez.pharma', 'nicoleclarence', 'marikojoycedimasuay30612', 'irwinrommel.vergara.pharma', 'reinaaramiroo', 'mlb1', 'allien', 'juzleenpaulette.bracewell.pharma', 'psychevillegas', 'aiveejoy.nacor', 'kennethvictor.mamawag.pharma', 'mylesdlcrz', 'aubreyclaire.gomez.pharma', 'louierince.suyo.pharma', 'biochemistyarn', 'ycagallardo', 'airadacasin', 'sophiagutierrez60', 'fenilouizbeth.batula', 'stephenmnl', 'christinejoy.villanueva', 'algo4', 'jeongeun.ha.pharma', 'raymundsennuel.limbo', 'pampilemon03', 'charlesnylxon.noriega.pharma', 'roycemarjheane.arcigal.pharma', 'elianangelo.abellanosa.pharma', 'sophiallison', 'daniellelozanes', 'ryne21', 'j.martin', 'jhonjustin.rotulo.pharma', 'jrivero00', 'rodrigojohn.nogoy.pharma', 'origenes', 'eenlim', 'ncloleii', 'reyaneivy14', 'earlbernard.gonzales.pharma', 'sophiamarie.castillo.pharma', None, 'mikad98', 'jmgsioson000', 'alexandrapineda00', 'angelomarquise.callanta.pharma']"
41,319,30,26,21,"['jcaasi28', 'elianangelo.abellanosa.pharma', 'annvictoria913', 'daniellelozanes', 'marikojoycedimasuay30612', 'jrivero00', 'rodrigojohn.nogoy.pharma', 'juzleenpaulette.bracewell.pharma', 'psychevillegas', 'kennethvictor.mamawag.pharma', 'aubreyclaire.gomez.pharma', 'biochemistyarn', 'earlbernard.gonzales.pharma', 'ycagallardo', 'sophiagutierrez60', 'fenilouizbeth.batula', 'jmgsioson000', 'jeongeun.ha.pharma', 'alexandrapineda00', 'raymundsennuel.limbo', 'angelomarquise.callanta.pharma']",8,"['j.martin', 'ncloleii', 'riyanvillanueva', 'reinaaramiroo', 'nicoleclarence', 'eularussea.velasquez.pharma', 'aiveejoy.nacor', 'mylesdlcrz']",5,"['jhonjustin.rotulo.pharma', 'eenlim', 'christinejoy.villanueva', 'vincetyrell.yongco.pharma', None]",34,"['jcaasi28', 'riyanvillanueva', 'elianangelo.abellanosa.pharma', 'annvictoria913', 'eularussea.velasquez.pharma', 'nicoleclarence', 'daniellelozanes', 'marikojoycedimasuay30612', 'j.martin', 'jhonjustin.rotulo.pharma', 'jrivero00', 'rodrigojohn.nogoy.pharma', 'reinaaramiroo', 'juzleenpaulette.bracewell.pharma', 'psychevillegas', 'aiveejoy.nacor', 'kennethvictor.mamawag.pharma', 'mylesdlcrz', 'eenlim', 'aubreyclaire.gomez.pharma', 'ncloleii', 'biochemistyarn', 'earlbernard.gonzales.pharma', 'ycagallardo', 'sophiagutierrez60', None, 'fenilouizbeth.batula', 'jmgsioson000', 'christinejoy.villanueva', 'jeongeun.ha.pharma', 'vincetyrell.yongco.pharma', 'alexandrapineda00', 'raymundsennuel.limbo', 'angelomarquise.callanta.pharma']"
41,320,30,23,17,"['aubreyclaire.gomez.pharma', 'jcaasi28', 'ncloleii', 'biochemistyarn', 'fenilouizbeth.batula', 'jrivero00', 'riyanvillanueva', 'rodrigojohn.nogoy.pharma', 'earlbernard.gonzales.pharma', 'jeongeun.ha.pharma', 'alexandrapineda00', 'kennethvictor.mamawag.pharma', 'sophiagutierrez60', 'raymundsennuel.limbo', 'mylesdlcrz', 'marikojoycedimasuay30612', 'jmgsioson000']",12,"['j.martin', 'reinaaramiroo', 'elianangelo.abellanosa.pharma', 'annvictoria913', 'nicoleclarence', 'eularussea.velasquez.pharma', 'daniellelozanes', 'juzleenpaulette.bracewell.pharma', 'psychevillegas', 'aiveejoy.nacor', 'ycagallardo', 'angelomarquise.callanta.pharma']",6,"['jhonjustin.rotulo.pharma', 'sophiallison', 'airadacasin', 'pampilemon03', 'charlesnylxon.noriega.pharma', None]",35,"['jcaasi28', 'riyanvillanueva', 'charlesnylxon.noriega.pharma', 'elianangelo.abellanosa.pharma', 'annvictoria913', 'eularussea.velasquez.pharma', 'nicoleclarence', 'daniellelozanes', 'sophiallison', 'marikojoycedimasuay30612', 'j.martin', 'jhonjustin.rotulo.pharma', 'jrivero00', 'rodrigojohn.nogoy.pharma', 'reinaaramiroo', 'juzleenpaulette.bracewell.pharma', 'psychevillegas', 'aiveejoy.nacor', 'kennethvictor.mamawag.pharma', 'mylesdlcrz', 'pampilemon03', 'aubreyclaire.gomez.pharma', 'ncloleii', 'biochemistyarn', 'earlbernard.gonzales.pharma', 'ycagallardo', 'airadacasin', 'sophiagutierrez60', None, 'fenilouizbeth.batula', 'jmgsioson000', 'jeongeun.ha.pharma', 'alexandrapineda00', 'raymundsennuel.limbo', 'angelomarquise.callanta.pharma']"
41,318,30,20,14,"['jcaasi28', 'biochemistyarn', 'fenilouizbeth.batula', 'jrivero00', 'rodrigojohn.nogoy.pharma', 'earlbernard.gonzales.pharma', 'jeongeun.ha.pharma', 'elianangelo.abellanosa.pharma', 'annvictoria913', 'psychevillegas', 'sophiagutierrez60', 'raymundsennuel.limbo', 'marikojoycedimasuay30612', 'jmgsioson000']",15,"['j.martin', 'aubreyclaire.gomez.pharma', 'ncloleii', 'riyanvillanueva', 'reinaaramiroo', 'juzleenpaulette.bracewell.pharma', 'alexandrapineda00', 'nicoleclarence', 'eularussea.velasquez.pharma', 'daniellelozanes', 'aiveejoy.nacor', 'kennethvictor.mamawag.pharma', 'ycagallardo', 'mylesdlcrz', 'angelomarquise.callanta.pharma']",6,"['edgarclydelopez09', 'christinejoy.villanueva', 'vincetyrell.yongco.pharma', 'jppaulin', None, 'eenlim']",35,"['jcaasi28', 'edgarclydelopez09', 'riyanvillanueva', 'elianangelo.abellanosa.pharma', 'annvictoria913', 'eularussea.velasquez.pharma', 'nicoleclarence', 'daniellelozanes', 'marikojoycedimasuay30612', 'j.martin', 'jrivero00', 'rodrigojohn.nogoy.pharma', 'reinaaramiroo', 'juzleenpaulette.bracewell.pharma', 'psychevillegas', 'aiveejoy.nacor', 'kennethvictor.mamawag.pharma', 'jppaulin', 'mylesdlcrz', 'eenlim', 'aubreyclaire.gomez.pharma', 'ncloleii', 'biochemistyarn', 'earlbernard.gonzales.pharma', 'ycagallardo', 'sophiagutierrez60', None, 'fenilouizbeth.batula', 'jmgsioson000', 'christinejoy.villanueva', 'jeongeun.ha.pharma', 'vincetyrell.yongco.pharma', 'alexandrapineda00', 'raymundsennuel.limbo', 'angelomarquise.callanta.pharma']"
41,437,30,13,2,"['annvictoria913', 'jeongeun.ha.pharma']",27,"['jcaasi28', 'riyanvillanueva', 'elianangelo.abellanosa.pharma', 'nicoleclarence', 'eularussea.velasquez.pharma', 'daniellelozanes', 'marikojoycedimasuay30612', 'j.martin', 'jrivero00', 'rodrigojohn.nogoy.pharma', 'reinaaramiroo', 'juzleenpaulette.bracewell.pharma', 'psychevillegas', 'aiveejoy.nacor', 'kennethvictor.mamawag.pharma', 'mylesdlcrz', 'aubreyclaire.gomez.pharma', 'ncloleii', 'biochemistyarn', 'earlbernard.gonzales.pharma', 'ycagallardo', 'sophiagutierrez60', 'fenilouizbeth.batula', 'jmgsioson000', 'alexandrapineda00', 'raymundsennuel.limbo', 'angelomarquise.callanta.pharma']",11,"['thicamina', 'louierince.suyo.pharma', 'leannenoleen', 'irwinrommel.vergara.pharma', None, 'aria8', 'pampilemon03', 'sophiamarie.castillo.pharma', 'charlesnylxon.noriega.pharma', 'eenlim', 'mikad98']",40,"['jcaasi28', 'leannenoleen', 'riyanvillanueva', 'charlesnylxon.noriega.pharma', 'elianangelo.abellanosa.pharma', 'annvictoria913', 'eularussea.velasquez.pharma', 'nicoleclarence', 'daniellelozanes', 'marikojoycedimasuay30612', 'j.martin', 'irwinrommel.vergara.pharma', 'jrivero00', 'rodrigojohn.nogoy.pharma', 'reinaaramiroo', 'juzleenpaulette.bracewell.pharma', 'psychevillegas', 'aiveejoy.nacor', 'kennethvictor.mamawag.pharma', 'mylesdlcrz', 'eenlim', 'pampilemon03', 'aubreyclaire.gomez.pharma', 'ncloleii', 'thicamina', 'biochemistyarn', 'louierince.suyo.pharma', 'earlbernard.gonzales.pharma', 'ycagallardo', 'sophiagutierrez60', 'sophiamarie.castillo.pharma', None, 'mikad98', 'fenilouizbeth.batula', 'jmgsioson000', 'jeongeun.ha.pharma', 'alexandrapineda00', 'aria8', 'raymundsennuel.limbo', 'angelomarquise.callanta.pharma']"
42,205,29,38,11,"['tyler.vasco', 'wuy2', 'huntleymoore', 'padron.sebastian', 'coleaiken', 'lmjones9', 'ttaft', 'odorotych', 'mianarinejit', 'hipper', 'astridgarrido']",17,"['ruiz.j', 'brandon.carr', 'andrewiacovano', 'n.gutierrez', 'brooke.tanguay', 'samuel.orozco', 'jmills1', 'nkappaz', 'williamsobczak', 'behnameshqi', 'cpamintuan', 'emiliepursel', 'leandrosanchez', 'j.gilvary', 'pnavarrete1', 'spopuri', 'ana.grisanti']",27,"['iantunesseidel', 'alexissturm', 'skashman11', 'juanecheverri', 'jacob.vetter', 'g.barnes30', 'jakegreenwell', 'hui.ouyang', 'sophiabaccari', 'aoberdorfer', 'anthony.trow', 'dtindel', 'joshua.cotton', 'naslan', 'malekshehab', 'adisaharding', 'j.sammartino', 'mgiangaspro', 'j.muldoon', 'lazaro.fuentes', None, 'yhrynchenko', 'bbevacquabailey', 'jacobburdick', 'sydney.sylvester', 'ryangains', 'stephenchang']",55,"['iantunesseidel', 'huntleymoore', 'padron.sebastian', 'g.barnes30', 'cpamintuan', 'hui.ouyang', 'sophiabaccari', 'andrewiacovano', 'n.gutierrez', 'wuy2', 'anthony.trow', 'naslan', 'nkappaz', 'behnameshqi', 'ruiz.j', 'malekshehab', 'j.muldoon', 'lmjones9', 'ttaft', 'lazaro.fuentes', 'emiliepursel', 'pnavarrete1', 'bbevacquabailey', 'jacobburdick', 'odorotych', 'sydney.sylvester', 'mianarinejit', 'stephenchang', 'astridgarrido', 'brooke.tanguay', 'ana.grisanti', 'brandon.carr', 'samuel.orozco', 'alexissturm', 'skashman11', 'juanecheverri', 'jacob.vetter', 'williamsobczak', 'jakegreenwell', 'spopuri', 'aoberdorfer', 'dtindel', 'coleaiken', 'joshua.cotton', 'adisaharding', 'j.sammartino', 'mgiangaspro', 'jmills1', 'leandrosanchez', 'hipper', None, 'yhrynchenko', 'tyler.vasco', 'j.gilvary', 'ryangains']"
42,177,29,16,14,"['ruiz.j', 'jmills1', 'padron.sebastian', 'huntleymoore', 'samuel.orozco', 'lmjones9', 'odorotych', 'emiliepursel', 'leandrosanchez', 'behnameshqi', 'mianarinejit', 'pnavarrete1', 'brooke.tanguay', 'ana.grisanti']",14,"['andrewiacovano', 'brandon.carr', 'tyler.vasco', 'n.gutierrez', 'wuy2', 'coleaiken', 'ttaft', 'nkappaz', 'williamsobczak', 'j.gilvary', 'cpamintuan', 'hipper', 'astridgarrido', 'spopuri']",2,"[None, 'otrejot']",30,"['brandon.carr', 'samuel.orozco', 'huntleymoore', 'padron.sebastian', 'williamsobczak', 'cpamintuan', 'spopuri', 'andrewiacovano', 'n.gutierrez', 'wuy2', 'coleaiken', 'nkappaz', 'behnameshqi', 'ruiz.j', 'jmills1', 'otrejot', 'lmjones9', 'ttaft', 'emiliepursel', 'leandrosanchez', 'hipper', 'pnavarrete1', None, 'tyler.vasco', 'odorotych', 'j.gilvary', 'mianarinejit', 'astridgarrido', 'brooke.tanguay', 'ana.grisanti']"
42,207,29,15,3,"['pnavarrete1', 'spopuri', 'ana.grisanti']",25,"['brandon.carr', 'samuel.orozco', 'padron.sebastian', 'huntleymoore', 'williamsobczak', 'cpamintuan', 'andrewiacovano', 'n.gutierrez', 'wuy2', 'coleaiken', 'nkappaz', 'behnameshqi', 'ruiz.j', 'jmills1', 'lmjones9', 'ttaft', 'emiliepursel', 'leandrosanchez', 'hipper', 'tyler.vasco', 'odorotych', 'j.gilvary', 'mianarinejit', 'astridgarrido', 'brooke.tanguay']",12,"['omkar.pansare', 'jorgeotero', 'pordonez', 'iantunesseidel', 'a.inverardi', 'andresespinosa', 'k.yelvington', 'g.lopez', 'adrian.gonzalezs', 'kellypohan', None, 'luka.bjellos']",40,"['omkar.pansare', 'brandon.carr', 'iantunesseidel', 'samuel.orozco', 'huntleymoore', 'padron.sebastian', 'williamsobczak', 'cpamintuan', 'spopuri', 'jorgeotero', 'andrewiacovano', 'n.gutierrez', 'wuy2', 'coleaiken', 'nkappaz', 'andresespinosa', 'behnameshqi', 'k.yelvington', 'ruiz.j', 'jmills1', 'lmjones9', 'ttaft', 'emiliepursel', 'leandrosanchez', 'hipper', 'pnavarrete1', 'kellypohan', None, 'luka.bjellos', 'pordonez', 'tyler.vasco', 'odorotych', 'a.inverardi', 'j.gilvary', 'g.lopez', 'mianarinejit', 'adrian.gonzalezs', 'astridgarrido', 'brooke.tanguay', 'ana.grisanti']"
42,206,29,10,4,"['nkappaz', 'cpamintuan', 'j.gilvary', 'brandon.carr']",24,"['samuel.orozco', 'padron.sebastian', 'huntleymoore', 'williamsobczak', 'spopuri', 'andrewiacovano', 'n.gutierrez', 'wuy2', 'coleaiken', 'behnameshqi', 'ruiz.j', 'jmills1', 'lmjones9', 'ttaft', 'emiliepursel', 'leandrosanchez', 'hipper', 'pnavarrete1', 'tyler.vasco', 'odorotych', 'mianarinejit', 'astridgarrido', 'brooke.tanguay', 'ana.grisanti']",6,"['dylanking', 'aoberdorfer', 'darius.beaty', 'jordan.driggers', 'k.yelvington', None]",34,"['brandon.carr', 'samuel.orozco', 'huntleymoore', 'padron.sebastian', 'williamsobczak', 'cpamintuan', 'spopuri', 'aoberdorfer', 'andrewiacovano', 'n.gutierrez', 'wuy2', 'darius.beaty', 'jordan.driggers', 'coleaiken', 'nkappaz', 'k.yelvington', 'behnameshqi', 'ruiz.j', 'dylanking', 'jmills1', 'lmjones9', 'ttaft', 'emiliepursel', 'leandrosanchez', 'hipper', 'pnavarrete1', None, 'tyler.vasco', 'odorotych', 'j.gilvary', 'mianarinejit', 'astridgarrido', 'brooke.tanguay', 'ana.grisanti']"
42,208,29,10,4,"['ttaft', 'samuel.orozco', 'emiliepursel', 'leandrosanchez']",24,"['brandon.carr', 'huntleymoore', 'padron.sebastian', 'williamsobczak', 'cpamintuan', 'spopuri', 'andrewiacovano', 'n.gutierrez', 'wuy2', 'coleaiken', 'nkappaz', 'behnameshqi', 'ruiz.j', 'jmills1', 'lmjones9', 'hipper', 'pnavarrete1', 'tyler.vasco', 'odorotych', 'j.gilvary', 'mianarinejit', 'astridgarrido', 'brooke.tanguay', 'ana.grisanti']",6,"['g.cavagliano', 'lin.y', 'seth.brown', '8223freret', None, 'haris.mahmood']",34,"['brandon.carr', 'samuel.orozco', 'huntleymoore', 'padron.sebastian', 'seth.brown', 'williamsobczak', 'cpamintuan', 'haris.mahmood', 'spopuri', 'g.cavagliano', 'andrewiacovano', 'n.gutierrez', 'wuy2', 'coleaiken', 'nkappaz', 'behnameshqi', 'ruiz.j', 'jmills1', 'lmjones9', 'ttaft', 'emiliepursel', 'leandrosanchez', 'hipper', 'pnavarrete1', '8223freret', None, 'tyler.vasco', 'lin.y', 'odorotych', 'j.gilvary', 'mianarinejit', 'astridgarrido', 'brooke.tanguay', 'ana.grisanti']"
42,178,29,9,7,"['tyler.vasco', 'wuy2', 'padron.sebastian', 'coleaiken', 'ttaft', 'hipper', 'astridgarrido']",21,"['brandon.carr', 'samuel.orozco', 'huntleymoore', 'williamsobczak', 'cpamintuan', 'spopuri', 'andrewiacovano', 'n.gutierrez', 'nkappaz', 'behnameshqi', 'ruiz.j', 'jmills1', 'lmjones9', 'emiliepursel', 'leandrosanchez', 'pnavarrete1', 'odorotych', 'j.gilvary', 'mianarinejit', 'brooke.tanguay', 'ana.grisanti']",2,"[None, 'aconrado']",30,"['ruiz.j', 'brandon.carr', 'samuel.orozco', 'huntleymoore', 'padron.sebastian', 'jmills1', 'lmjones9', 'ttaft', 'aconrado', 'williamsobczak', 'emiliepursel', 'cpamintuan', 'leandrosanchez', 'hipper', 'pnavarrete1', None, 'spopuri', 'andrewiacovano', 'tyler.vasco', 'n.gutierrez', 'wuy2', 'coleaiken', 'odorotych', 'nkappaz', 'behnameshqi', 'j.gilvary', 'mianarinejit', 'astridgarrido', 'brooke.tanguay', 'ana.grisanti']"
42,211,29,6,2,"['ttaft', 'leandrosanchez']",26,"['ruiz.j', 'brandon.carr', 'samuel.orozco', 'huntleymoore', 'padron.sebastian', 'jmills1', 'lmjones9', 'williamsobczak', 'emiliepursel', 'cpamintuan', 'hipper', 'pnavarrete1', 'spopuri', 'andrewiacovano', 'tyler.vasco', 'n.gutierrez', 'wuy2', 'coleaiken', 'odorotych', 'nkappaz', 'behnameshqi', 'j.gilvary', 'mianarinejit', 'astridgarrido', 'brooke.tanguay', 'ana.grisanti']",4,"['lin.y', None, 'wendystein', 'haris.mahmood']",32,"['ruiz.j', 'wendystein', 'brandon.carr', 'samuel.orozco', 'huntleymoore', 'padron.sebastian', 'jmills1', 'lmjones9', 'ttaft', 'williamsobczak', 'emiliepursel', 'cpamintuan', 'leandrosanchez', 'hipper', 'pnavarrete1', None, 'spopuri', 'haris.mahmood', 'andrewiacovano', 'tyler.vasco', 'n.gutierrez', 'wuy2', 'lin.y', 'coleaiken', 'odorotych', 'nkappaz', 'behnameshqi', 'j.gilvary', 'mianarinejit', 'astridgarrido', 'brooke.tanguay', 'ana.grisanti']"
43,452,29,40,27,"['gswann', 'rguerrer0', 'kieran6', 'blestran', 'jpaul7', 'lmcnama6', 'thoo01', 'smeals', 'rlamber6', 'mjupina', 'cjung5', 'sgorelen', 'mspecht2', 'isavarin', 'klardas', 'dherrer2', 'cplourd1', 'ageorg18', 'jholly01', 'ricardog', 'cgrazi04', 'iqian', 'mbury2', 'sbartolo', 'eddiepoakley', 'mcaste04', 'rmurra18']",1,['jramospu'],13,"['hstrintz', 'jjanavel', 'cjung1126', 'ktully7', 'adamhine', 'adantoni', 'mgirard3', 'vpatel03', 'hdawes', 'jangofoot1', None, 'mraine', 'akang8']",41,"['gswann', 'rguerrer0', 'jpaul7', 'thoo01', 'smeals', 'adamhine', 'jramospu', 'sgorelen', 'mspecht2', 'jjanavel', 'hstrintz', 'dherrer2', 'mraine', 'ricardog', 'cgrazi04', 'mbury2', 'mgirard3', 'sbartolo', 'mcaste04', 'jangofoot1', 'rmurra18', 'kieran6', 'blestran', 'lmcnama6', 'rlamber6', 'adantoni', 'mjupina', 'cjung5', 'akang8', 'isavarin', 'klardas', 'hdawes', None, 'cjung1126', 'cplourd1', 'ageorg18', 'jholly01', 'ktully7', 'iqian', 'vpatel03', 'eddiepoakley']"
43,118,29,39,26,"['gswann', 'rguerrer0', 'kieran6', 'blestran', 'jpaul7', 'lmcnama6', 'thoo01', 'smeals', 'rlamber6', 'mjupina', 'sgorelen', 'mspecht2', 'isavarin', 'klardas', 'dherrer2', 'cplourd1', 'ageorg18', 'jholly01', 'ricardog', 'cgrazi04', 'iqian', 'mbury2', 'sbartolo', 'eddiepoakley', 'mcaste04', 'rmurra18']",2,"['cjung5', 'jramospu']",13,"['hstrintz', 'jjanavel', 'cjung1126', 'ktully7', 'adamhine', 'adantoni', 'mgirard3', 'vpatel03', 'hdawes', 'jangofoot1', None, 'mraine', 'akang8']",41,"['gswann', 'rguerrer0', 'jpaul7', 'thoo01', 'smeals', 'adamhine', 'jramospu', 'sgorelen', 'mspecht2', 'jjanavel', 'hstrintz', 'dherrer2', 'mraine', 'ricardog', 'cgrazi04', 'mbury2', 'mgirard3', 'sbartolo', 'mcaste04', 'jangofoot1', 'rmurra18', 'kieran6', 'blestran', 'lmcnama6', 'rlamber6', 'adantoni', 'mjupina', 'cjung5', 'akang8', 'isavarin', 'klardas', 'hdawes', None, 'cjung1126', 'cplourd1', 'ageorg18', 'jholly01', 'ktully7', 'iqian', 'vpatel03', 'eddiepoakley']"
43,552,29,33,24,"['gswann', 'rguerrer0', 'jpaul7', 'blestran', 'lmcnama6', 'thoo01', 'smeals', 'rlamber6', 'mjupina', 'cjung5', 'sgorelen', 'mspecht2', 'isavarin', 'klardas', 'dherrer2', 'cplourd1', 'ageorg18', 'jholly01', 'ricardog', 'cgrazi04', 'mbury2', 'eddiepoakley', 'mcaste04', 'rmurra18']",4,"['jramospu', 'iqian', 'sbartolo', 'kieran6']",9,"['hstrintz', 'jjanavel', 'ktully7', 'adamhine', 'mgirard3', 'vpatel03', None, 'mraine', 'akang8']",37,"['gswann', 'rguerrer0', 'kieran6', 'blestran', 'jpaul7', 'lmcnama6', 'thoo01', 'smeals', 'rlamber6', 'adamhine', 'mjupina', 'cjung5', 'jramospu', 'sgorelen', 'akang8', 'mspecht2', 'isavarin', 'jjanavel', 'klardas', 'hstrintz', 'dherrer2', None, 'mraine', 'cplourd1', 'ageorg18', 'jholly01', 'ricardog', 'ktully7', 'cgrazi04', 'iqian', 'mbury2', 'mgirard3', 'sbartolo', 'vpatel03', 'eddiepoakley', 'mcaste04', 'rmurra18']"
43,157,29,32,25,"['gswann', 'rguerrer0', 'kieran6', 'blestran', 'jpaul7', 'lmcnama6', 'thoo01', 'smeals', 'mjupina', 'cjung5', 'sgorelen', 'mspecht2', 'isavarin', 'klardas', 'dherrer2', 'cplourd1', 'ageorg18', 'jholly01', 'ricardog', 'cgrazi04', 'mbury2', 'sbartolo', 'eddiepoakley', 'mcaste04', 'rmurra18']",3,"['iqian', 'jramospu', 'rlamber6']",7,"['hstrintz', 'jjanavel', 'adamhine', 'mgirard3', None, 'mraine', 'akang8']",35,"['gswann', 'rguerrer0', 'kieran6', 'blestran', 'jpaul7', 'lmcnama6', 'thoo01', 'smeals', 'rlamber6', 'adamhine', 'mjupina', 'cjung5', 'jramospu', 'sgorelen', 'akang8', 'mspecht2', 'isavarin', 'jjanavel', 'klardas', 'hstrintz', 'dherrer2', None, 'mraine', 'cplourd1', 'ageorg18', 'jholly01', 'ricardog', 'cgrazi04', 'iqian', 'mbury2', 'mgirard3', 'sbartolo', 'eddiepoakley', 'mcaste04', 'rmurra18']"
43,553,29,15,9,"['ageorg18', 'jholly01', 'rlamber6', 'iqian', 'rguerrer0', 'sbartolo', 'mcaste04', 'cjung5', 'rmurra18']",19,"['gswann', 'kieran6', 'blestran', 'jpaul7', 'lmcnama6', 'thoo01', 'smeals', 'mjupina', 'jramospu', 'sgorelen', 'mspecht2', 'isavarin', 'klardas', 'dherrer2', 'cplourd1', 'ricardog', 'cgrazi04', 'mbury2', 'eddiepoakley']",6,"['jjanavel', 'adamhine', 'mgirard3', None, 'cjung1126', 'akang8']",34,"['gswann', 'rguerrer0', 'kieran6', 'blestran', 'jpaul7', 'lmcnama6', 'thoo01', 'smeals', 'rlamber6', 'adamhine', 'mjupina', 'cjung5', 'jramospu', 'sgorelen', 'akang8', 'mspecht2', 'isavarin', 'jjanavel', 'klardas', 'dherrer2', None, 'cjung1126', 'cplourd1', 'ageorg18', 'jholly01', 'ricardog', 'cgrazi04', 'iqian', 'mbury2', 'mgirard3', 'sbartolo', 'eddiepoakley', 'mcaste04', 'rmurra18']"
43,166,29,14,11,"['cplourd1', 'lmcnama6', 'isavarin', 'klardas', 'smeals', 'rlamber6', 'mbury2', 'iqian', 'sbartolo', 'cjung5', 'blestran']",17,"['ageorg18', 'mspecht2', 'thoo01', 'jholly01', 'ricardog', 'mcaste04', 'cgrazi04', 'gswann', 'rguerrer0', 'kieran6', 'eddiepoakley', 'mjupina', 'dherrer2', 'rmurra18', 'jpaul7', 'jramospu', 'sgorelen']",3,"[None, 'hstrintz', 'akang8']",31,"['gswann', 'rguerrer0', 'kieran6', 'blestran', 'jpaul7', 'lmcnama6', 'thoo01', 'smeals', 'rlamber6', 'mjupina', 'cjung5', 'jramospu', 'sgorelen', 'akang8', 'mspecht2', 'isavarin', 'hstrintz', 'klardas', 'dherrer2', None, 'cplourd1', 'ageorg18', 'jholly01', 'ricardog', 'cgrazi04', 'iqian', 'mbury2', 'sbartolo', 'eddiepoakley', 'mcaste04', 'rmurra18']"
43,453,29,8,5,"['ageorg18', 'jholly01', 'rlamber6', 'rguerrer0', 'cjung5']",23,"['gswann', 'kieran6', 'blestran', 'jpaul7', 'lmcnama6', 'thoo01', 'smeals', 'mjupina', 'jramospu', 'sgorelen', 'mspecht2', 'isavarin', 'klardas', 'dherrer2', 'cplourd1', 'ricardog', 'cgrazi04', 'iqian', 'mbury2', 'sbartolo', 'eddiepoakley', 'mcaste04', 'rmurra18']",3,"['mgirard3', None, 'akang8']",31,"['mspecht2', 'akang8', 'isavarin', 'klardas', 'gswann', 'rguerrer0', 'kieran6', 'dherrer2', None, 'blestran', 'jpaul7', 'cplourd1', 'ageorg18', 'lmcnama6', 'thoo01', 'jholly01', 'ricardog', 'smeals', 'cgrazi04', 'rlamber6', 'iqian', 'mbury2', 'mgirard3', 'sbartolo', 'eddiepoakley', 'mjupina', 'mcaste04', 'cjung5', 'rmurra18', 'jramospu', 'sgorelen']"
43,120,29,7,4,"['cgrazi04', 'cjung5', 'isavarin', 'jholly01']",24,"['gswann', 'rguerrer0', 'kieran6', 'blestran', 'jpaul7', 'lmcnama6', 'thoo01', 'smeals', 'rlamber6', 'mjupina', 'jramospu', 'sgorelen', 'mspecht2', 'klardas', 'dherrer2', 'cplourd1', 'ageorg18', 'ricardog', 'iqian', 'mbury2', 'sbartolo', 'eddiepoakley', 'mcaste04', 'rmurra18']",3,"['mgirard3', None, 'akang8']",31,"['mspecht2', 'akang8', 'isavarin', 'klardas', 'gswann', 'rguerrer0', 'kieran6', 'dherrer2', None, 'blestran', 'jpaul7', 'cplourd1', 'ageorg18', 'lmcnama6', 'thoo01', 'jholly01', 'ricardog', 'smeals', 'cgrazi04', 'rlamber6', 'iqian', 'mbury2', 'mgirard3', 'sbartolo', 'eddiepoakley', 'mjupina', 'mcaste04', 'cjung5', 'rmurra18', 'jramospu', 'sgorelen']"
44,500,29,206,26,"['davidcg', 'jymbarnes11', 'dwh0015', 'nzhu2000', 'uni_homework', 'kqinglu', 'peak11', 'noahmarron1127', 'alekdudko', 'asma00', 'alexander.lassooij', 'ratishjuneja2000', 'hlm0017', 'iliasosner21', 'zhaoguoyu06', 'zhanghaosen328', 'cct0005', 'sjiang701', 'siddhantjn01', 'jiaolh', 'william.zhangqingyang', 'markrichardwong', 'sunrh0215', 'jaraisehh', 'april20190710', 'yhu104']",2,"['inkrf_edu', 'si00003']",180,"['guete', 'antlomb', 'villarta.jabulen', 'jsweeney1', 'andreadominguezrodriguez4', 'jasonkkgukeghost', 'alright2555', 'silvermoon0314', 'a110521014', 'miguelcou', 'oalvidrez', 'a3pa3p', 'alam1', 'glatham3211', 'athena.120245141', 'mcalderman1', 'jerry41707', 'b361user', 'blair.haydon', 'mierdatrabajos', 'fenqs', 'samugomezbis', 'gonza801', 'nicholasdwilliams', 'yellowkitie777', 'akzafonsa', 'eray0206', 'poby', 'pancho5110', 'gregmik', 'charming', 'dizarmejzini', 'zanoni', 'shantu.ghose', 'jwozny', 'riverhorse', 'mj02280430', 'grudzinski1', 'osvy', 'molkon', 'b12345215', 'a022354s', 'luisgue99', 'youngg', 'sl90', 'samumonin', 'kartd0103399', 'tkdqls0417', 'eva008air', 'mariaci99', 'apkaye16', 'wuyu825', 'hmfx1', 'cheng1105', 'bell.1495', 'h.a.mahmod', 'milk9925', 'chengrai', 'zzxxccvv.102510', 'ptoma', 'a0989925595', 'sas0091', 'kejun626', 'simpip', 'javipm12', 'gnicezw', 'antia.santiago', 't.clavijogarcia', 'a6634141009', 'yujuchen03207', 'boan', 'teijeiroalex', 'm_flores4', 'jmayer1', 'lucaseduoli', 'easonyz', 'kavanagh', 'cakeohero', 'krzysztofwarga', 'shadeedl', 'tbmiller', 'mbeekman', 'qqdonald', 'elecstudent', 'dinh.nhu', 'arrhenius78', 'adamshick2525', 'manjakavahoaka', 'alessandroverdolotti', 'dkdznl17', 'vincenzoortosecco', 'ktulley96', 'hbenisty', 'jimmy1231237', 'glen', 'akash.ram', 'aattanas', 'anapv177', 'y_li44', 'rmb0034', 'sergiorr15', 'edwardmirkin', 'mmduraiphy', 'zx5691782', 'light24685132', 'laura_pn', 'saducio', 'c.rineer', 'danielw', 'klupone', 'ahughes1', 'aflolb28', 'b615206', 's110521064', 'michaelroberts', 'bb7665247', 'a19990217', 'spacetimecodedata03207', 'elena.gnani', 'azsxdcpeter13579', 'noahcaracuel', 'candy0930', 'pasquale124', 'silveira', 'dhruvpatel1999ca', 'rborgesr', 'zic12345', 'italo.nunziata', 'dramaqueen13', 'santiagopendon', 'sone107208001', 'mateo1610', 'kris_yah', 'gaelle.lucasleclin', 'ws210019', 'ceciriveralamelas', 'pablobucsan', 'benlai900102', 'krzysztof.szolajski', 'ncu110521149', 'k3850305', 'ha654321ha654321', 'peytonr19', 'we1.chen', 'francescopoziello', 'genoveffapiscitelli', 'unaiplacer2d', 'erinvolpe', 'jerry10430296', 'a109521014', 'dquinte1', 'tan350', 'antoniopati2233', 'd0988222760', 'camilamore93', 'icebear828', 'kidd33sm', 'gary070825', 'rathodprashnt', 'yago', 'cgandin', 'ardavan_p', 'blank7', 'pietro.capuzzo99', 'savannah.horowitz', 'walter100259', 'rich.young76', 'weining7', 'jkujawsk', 'doli327', 'rain19980505', 'msolis5', 'swirtner', 'syenhsi', 'sofiacobas', 'leman.for.search', 'jzullo', 'mdgolamzakaria3', 'shah123', 'tsaitsungyu']",208,"['guete', 'jymbarnes11', 'antlomb', 'villarta.jabulen', 'jsweeney1', 'andreadominguezrodriguez4', 'jasonkkgukeghost', 'alright2555', 'nzhu2000', 'uni_homework', 'silvermoon0314', 'a110521014', 'miguelcou', 'peak11', 'noahmarron1127', 'oalvidrez', 'a3pa3p', 'alam1', 'glatham3211', 'athena.120245141', 'mcalderman1', 'jerry41707', 'b361user', 'blair.haydon', 'mierdatrabajos', 'fenqs', 'iliasosner21', 'samugomezbis', 'gonza801', 'nicholasdwilliams', 'yellowkitie777', 'akzafonsa', 'eray0206', 'poby', 'pancho5110', 'sjiang701', 'gregmik', 'charming', 'jiaolh', 'sunrh0215', 'dizarmejzini', 'si00003', 'zanoni', 'shantu.ghose', 'jwozny', 'riverhorse', 'mj02280430', 'grudzinski1', 'osvy', 'molkon', 'b12345215', 'dwh0015', 'a022354s', 'luisgue99', 'youngg', 'sl90', 'samumonin', 'kartd0103399', 'tkdqls0417', 'eva008air', 'alekdudko', 'mariaci99', 'apkaye16', 'wuyu825', 'alexander.lassooij', 'hmfx1', 'cheng1105', 'bell.1495', 'h.a.mahmod', 'milk9925', 'chengrai', 'zzxxccvv.102510', 'ptoma', 'a0989925595', 'sas0091', 'kejun626', 'simpip', 'javipm12', 'gnicezw', 'antia.santiago', 't.clavijogarcia', 'a6634141009', 'yujuchen03207', 'boan', 'teijeiroalex', 'm_flores4', 'jmayer1', 'lucaseduoli', 'easonyz', 'kavanagh', 'siddhantjn01', 'william.zhangqingyang', 'cakeohero', 'krzysztofwarga', 'shadeedl', 'tbmiller', 'mbeekman', 'qqdonald', 'elecstudent', 'dinh.nhu', 'arrhenius78', 'adamshick2525', 'manjakavahoaka', 'yhu104', 'davidcg', 'alessandroverdolotti', 'dkdznl17', 'vincenzoortosecco', 'ktulley96', 'hbenisty', 'jimmy1231237', 'glen', 'akash.ram', 'aattanas', 'anapv177', 'y_li44', 'rmb0034', 'sergiorr15', 'edwardmirkin', 'mmduraiphy', 'asma00', 'zx5691782', 'light24685132', 'laura_pn', 'ratishjuneja2000', 'saducio', 'hlm0017', 'c.rineer', 'danielw', 'zhaoguoyu06', 'klupone', 'ahughes1', 'aflolb28', 'b615206', 's110521064', 'michaelroberts', 'bb7665247', 'a19990217', 'spacetimecodedata03207', 'elena.gnani', 'azsxdcpeter13579', 'noahcaracuel', 'candy0930', 'pasquale124', 'silveira', 'dhruvpatel1999ca', 'rborgesr', 'zic12345', 'italo.nunziata', 'dramaqueen13', 'santiagopendon', 'sone107208001', 'mateo1610', 'kris_yah', 'gaelle.lucasleclin', 'ws210019', 'ceciriveralamelas', 'pablobucsan', 'inkrf_edu', 'benlai900102', 'krzysztof.szolajski', 'ncu110521149', 'k3850305', 'ha654321ha654321', 'peytonr19', 'we1.chen', 'francescopoziello', 'genoveffapiscitelli', 'unaiplacer2d', 'erinvolpe', 'kqinglu', 'jerry10430296', 'a109521014', 'dquinte1', 'tan350', 'antoniopati2233', 'd0988222760', 'camilamore93', 'icebear828', 'kidd33sm', 'gary070825', 'rathodprashnt', 'yago', 'cgandin', 'ardavan_p', 'zhanghaosen328', 'blank7', 'pietro.capuzzo99', 'savannah.horowitz', 'walter100259', 'rich.young76', 'weining7', 'jkujawsk', 'doli327', 'rain19980505', 'cct0005', 'markrichardwong', 'jaraisehh', 'april20190710', 'msolis5', 'swirtner', 'syenhsi', 'sofiacobas', 'leman.for.search', 'jzullo', 'mdgolamzakaria3', 'shah123', 'tsaitsungyu']"
44,514,29,183,2,"['hlm0017', 'dwh0015']",26,"['davidcg', 'jymbarnes11', 'inkrf_edu', 'nzhu2000', 'uni_homework', 'kqinglu', 'peak11', 'noahmarron1127', 'alekdudko', 'asma00', 'alexander.lassooij', 'ratishjuneja2000', 'iliasosner21', 'zhaoguoyu06', 'zhanghaosen328', 'cct0005', 'sjiang701', 'siddhantjn01', 'jiaolh', 'william.zhangqingyang', 'markrichardwong', 'sunrh0215', 'jaraisehh', 'april20190710', 'si00003', 'yhu104']",181,"['kangha6211', 'pygayoung4705', 'pc20', 'aarondh2', 'rlaehrud5292', 'lsh843223', 'mmj5', 'eoh23', 'yjchoi0315', 'unikwakhj', 'mariam.jama', 'yangdan2', 'chan4184', 'rvplank2', 'junyoung0735', 'dhamill2', 'nourankassem97', 'cauvaido1610', 'phisicsmusic', 'jiaqihriver', 'bonfimguilherme1711', 'walterwagner', 'changhwa2970', 'aatrey3', 'wodyd909', 'jalies2', 'owenwat', 'asadsfawdga', 'ddejong2', 'ssibi2', 'meiyuezhang', 'anishas4', 'hanlinw3', 'hooni6708', 'dlstj989', 'choijinyoung5933', 'depew2', 'jaredf2', 'sclee1002', 'hado0416', 'tcr18ec019', 'ljs020104a', 'mplanoster', 'tjricks2', 'amaloto2', 'ritinjoseph', 'ryanwm2', 'soc06016', 'riverhorse', 'butters', 'ellayeji11', 'syc0428', 'sa06093', 'hermione369', 'fede14', 'choejihun6785', 'ksjin0807', 'tagomez2', 'torsr2', 'damer', 'hug6901', 'witamoment', 'danayun2', 'wkxa54', 'mozahma2', 'ols3060178', 'poor9876', 'hyunsulee0709', 'ethan.dunn', 'nhj25136', 'ssethi7', 'jea03', 'gbear7615', 'gcangi2', 'atlantic092407', 'bsj99977', 'fraga80', 'sas0091', 'ajscott5', 'shirgef', 'anm9', 'ahmed.nael.elnokrashy', 'maryama3', 'ohsangmin', 'ahmed.yassien.cu', 'sally0460', 'krzysztofwarga', 'haoran7', 'kijukiju7215', 'unikwakhj1', 'sachinchandra.gsc', 'wdhdlstjd164', 'shim.syeon', 'fdoyrldan', 'j2218109', 'sabolton', 'keithmse304', 'lovenmin', 'seongbin', 'wogus5807', 'timtk85', 'susannareggiani', 'aniyogi2', 'nk13', 'jpalmer1028', 'ghsmx01', 'gweado12', 'rmb0034', 'xianzhi2', 'jpchang', 'oblue4848', 'dlxodus0725', 'wg6076', 'turalazer', 'lb16', 'youfuq2', 'zudsyd', 'jinyang9', 'rhffha12345', 'ericy3', 'inquisitivestudent', 'luis.lanzetta', 'wrishk2', 'yutube1058', 'varuns5', 'huidonjeong', 'yunzhes2', 'abhirs2', 'jimmy1100a', 'jecano', 'soo8355a', 'efs2', 'karoche3', 'dongjinwi', 'btaing08', 'fpqldhdntk', 'hgrf', 'thswngh793', 'sopfeil2', 'eliz2000s', 'shlomib', 'leesh941222', 'hatoonb2', 'simong2', 'minking0007', 'rjf5', 'kms92313', 'patergio', 'leeseongjae450', 'acevans4', 'wkdgns599', 'zainab2', 'chyu3', 'mhamed.lemrabit', 'pygayoung07', 'dmayorga', 'eilamy', 'rsears4', 'pjs970918', 'beetle0720', 'gcoupe9171', 'sali93', 'acm990922', None, 'yanjia', 'boyangy4', 'hah610115', 'jaehong3', 'jacobt6', 'mhyun1234567', 'ggr7', 'alvin2373', 'shawnc2', 'wyik2', 'ryusuke2', 'fshyti2', 'ehdgns9904', '928chan928', 'marialc3', 'shin19764', 'kaylalh3']",209,"['jymbarnes11', 'kangha6211', 'pygayoung4705', 'pc20', 'aarondh2', 'rlaehrud5292', 'lsh843223', 'nzhu2000', 'uni_homework', 'mmj5', 'eoh23', 'yjchoi0315', 'unikwakhj', 'mariam.jama', 'peak11', 'noahmarron1127', 'yangdan2', 'chan4184', 'rvplank2', 'junyoung0735', 'dhamill2', 'nourankassem97', 'cauvaido1610', 'phisicsmusic', 'jiaqihriver', 'bonfimguilherme1711', 'iliasosner21', 'walterwagner', 'changhwa2970', 'aatrey3', 'wodyd909', 'jalies2', 'owenwat', 'asadsfawdga', 'ddejong2', 'ssibi2', 'meiyuezhang', 'anishas4', 'hanlinw3', 'hooni6708', 'dlstj989', 'choijinyoung5933', 'depew2', 'jaredf2', 'sclee1002', 'hado0416', 'tcr18ec019', 'ljs020104a', 'sjiang701', 'jiaolh', 'sunrh0215', 'mplanoster', 'tjricks2', 'amaloto2', 'si00003', 'ritinjoseph', 'ryanwm2', 'soc06016', 'riverhorse', 'butters', 'ellayeji11', 'syc0428', 'dwh0015', 'sa06093', 'hermione369', 'fede14', 'choejihun6785', 'ksjin0807', 'tagomez2', 'torsr2', 'damer', 'hug6901', 'witamoment', 'danayun2', 'wkxa54', 'mozahma2', 'ols3060178', 'alekdudko', 'poor9876', 'hyunsulee0709', 'alexander.lassooij', 'ethan.dunn', 'nhj25136', 'ssethi7', 'jea03', 'gbear7615', 'gcangi2', 'atlantic092407', 'bsj99977', 'fraga80', 'sas0091', 'ajscott5', 'shirgef', 'anm9', 'ahmed.nael.elnokrashy', 'maryama3', 'ohsangmin', 'ahmed.yassien.cu', 'sally0460', 'siddhantjn01', 'william.zhangqingyang', 'krzysztofwarga', 'haoran7', 'kijukiju7215', 'unikwakhj1', 'sachinchandra.gsc', 'wdhdlstjd164', 'yhu104', 'davidcg', 'shim.syeon', 'fdoyrldan', 'j2218109', 'sabolton', 'keithmse304', 'lovenmin', 'seongbin', 'wogus5807', 'timtk85', 'susannareggiani', 'aniyogi2', 'nk13', 'jpalmer1028', 'ghsmx01', 'gweado12', 'rmb0034', 'xianzhi2', 'jpchang', 'oblue4848', 'dlxodus0725', 'asma00', 'wg6076', 'turalazer', 'lb16', 'youfuq2', 'ratishjuneja2000', 'zudsyd', 'hlm0017', 'jinyang9', 'rhffha12345', 'zhaoguoyu06', 'ericy3', 'inquisitivestudent', 'luis.lanzetta', 'wrishk2', 'yutube1058', 'varuns5', 'huidonjeong', 'yunzhes2', 'abhirs2', 'jimmy1100a', 'jecano', 'soo8355a', 'efs2', 'karoche3', 'dongjinwi', 'btaing08', 'fpqldhdntk', 'inkrf_edu', 'hgrf', 'thswngh793', 'sopfeil2', 'eliz2000s', 'shlomib', 'leesh941222', 'hatoonb2', 'simong2', 'kqinglu', 'minking0007', 'rjf5', 'kms92313', 'patergio', 'leeseongjae450', 'acevans4', 'wkdgns599', 'zainab2', 'chyu3', 'zhanghaosen328', 'mhamed.lemrabit', 'pygayoung07', 'dmayorga', 'eilamy', 'rsears4', 'pjs970918', 'beetle0720', 'gcoupe9171', 'sali93', 'acm990922', None, 'cct0005', 'yanjia', 'boyangy4', 'hah610115', 'jaehong3', 'jacobt6', 'mhyun1234567', 'markrichardwong', 'ggr7', 'alvin2373', 'jaraisehh', 'april20190710', 'shawnc2', 'wyik2', 'ryusuke2', 'fshyti2', 'ehdgns9904', '928chan928', 'marialc3', 'shin19764', 'kaylalh3']"
44,511,29,42,2,"['hlm0017', 'dwh0015']",26,"['davidcg', 'jymbarnes11', 'inkrf_edu', 'nzhu2000', 'uni_homework', 'kqinglu', 'peak11', 'noahmarron1127', 'alekdudko', 'asma00', 'alexander.lassooij', 'ratishjuneja2000', 'iliasosner21', 'zhaoguoyu06', 'zhanghaosen328', 'cct0005', 'sjiang701', 'siddhantjn01', 'jiaolh', 'william.zhangqingyang', 'markrichardwong', 'sunrh0215', 'jaraisehh', 'april20190710', 'si00003', 'yhu104']",40,"['villarta.jabulen', 'jsweeney1', 'wpreecs', 'rlaehrud5292', 'hbenisty', 'qtran8', 'igarrid1', 'gweado12', 'rmb0034', 'mariam.jama', 'jpchang', 'alnassar', 'kms92313', 'awborche', 'melukowski', 'zegreen1', 'patergio', 'ethan.dunn', 'bridenou', 'sscrosati', 'rhffha12345', 'owenwat', 'u0613876', 'ptoma', 'm.ceballos', 'sas0091', 'danielpruschki', 'ahmed.nael.elnokrashy', None, 'summerhane', 'znajac', 'nesrine1fradi', 'cpalsule', 'dkorakakis', 'p.cruzaponte', 'cruppeli', 'morisett', 'ehagood', 'i.mejiaruiz', 'oli8749']",68,"['davidcg', 'jymbarnes11', 'villarta.jabulen', 'jsweeney1', 'rlaehrud5292', 'hbenisty', 'nzhu2000', 'uni_homework', 'igarrid1', 'gweado12', 'mariam.jama', 'rmb0034', 'peak11', 'noahmarron1127', 'jpchang', 'asma00', 'melukowski', 'bridenou', 'ratishjuneja2000', 'hlm0017', 'rhffha12345', 'iliasosner21', 'zhaoguoyu06', 'owenwat', 'u0613876', 'm.ceballos', 'sjiang701', 'znajac', 'jiaolh', 'sunrh0215', 'nesrine1fradi', 'cpalsule', 'si00003', 'dkorakakis', 'p.cruzaponte', 'cruppeli', 'oli8749', 'inkrf_edu', 'dwh0015', 'wpreecs', 'qtran8', 'kqinglu', 'alnassar', 'kms92313', 'alekdudko', 'awborche', 'zegreen1', 'patergio', 'alexander.lassooij', 'ethan.dunn', 'sscrosati', 'zhanghaosen328', 'ptoma', 'sas0091', 'danielpruschki', 'ahmed.nael.elnokrashy', None, 'cct0005', 'summerhane', 'siddhantjn01', 'william.zhangqingyang', 'markrichardwong', 'jaraisehh', 'april20190710', 'morisett', 'ehagood', 'i.mejiaruiz', 'yhu104']"
44,474,29,25,17,"['davidcg', 'jymbarnes11', 'siddhantjn01', 'alekdudko', 'william.zhangqingyang', 'markrichardwong', 'sunrh0215', 'jaraisehh', 'alexander.lassooij', 'nzhu2000', 'sjiang701', 'uni_homework', 'iliasosner21', 'ratishjuneja2000', 'zhaoguoyu06', 'peak11', 'zhanghaosen328']",11,"['inkrf_edu', 'jiaolh', 'dwh0015', 'asma00', 'april20190710', 'si00003', 'yhu104', 'cct0005', 'hlm0017', 'kqinglu', 'noahmarron1127']",8,"['aflolb28', 'shadeedl', 'elecstudent', 'weining7', 'yellowkitie777', None, 'dhruvpatel1999ca', 'ardavan_p']",36,"['davidcg', 'jymbarnes11', 'inkrf_edu', 'dwh0015', 'nzhu2000', 'uni_homework', 'peak11', 'kqinglu', 'noahmarron1127', 'alekdudko', 'asma00', 'alexander.lassooij', 'ratishjuneja2000', 'hlm0017', 'iliasosner21', 'zhaoguoyu06', 'ardavan_p', 'zhanghaosen328', 'aflolb28', 'weining7', 'yellowkitie777', None, 'cct0005', 'dhruvpatel1999ca', 'sjiang701', 'siddhantjn01', 'jiaolh', 'william.zhangqingyang', 'markrichardwong', 'sunrh0215', 'jaraisehh', 'shadeedl', 'april20190710', 'si00003', 'elecstudent', 'yhu104']"
44,508,29,17,1,['jiaolh'],27,"['davidcg', 'jymbarnes11', 'inkrf_edu', 'dwh0015', 'nzhu2000', 'uni_homework', 'kqinglu', 'peak11', 'noahmarron1127', 'alekdudko', 'asma00', 'alexander.lassooij', 'ratishjuneja2000', 'hlm0017', 'iliasosner21', 'zhaoguoyu06', 'zhanghaosen328', 'cct0005', 'sjiang701', 'siddhantjn01', 'william.zhangqingyang', 'markrichardwong', 'sunrh0215', 'jaraisehh', 'april20190710', 'si00003', 'yhu104']",16,"['inkrf', 'daenzebr', 'fettigt', 'slabaugj', 'perschbt', 'sfollo28', 'gulockj', 'haddrile', 'osburnjo', 'glattc', 'carlsoja', 'ianlilly12', 'nishibay', None, 'millesa4', 'hooveand']",44,"['davidcg', 'jymbarnes11', 'inkrf_edu', 'dwh0015', 'slabaugj', 'fettigt', 'perschbt', 'nzhu2000', 'uni_homework', 'peak11', 'kqinglu', 'noahmarron1127', 'alekdudko', 'daenzebr', 'asma00', 'alexander.lassooij', 'gulockj', 'ratishjuneja2000', 'osburnjo', 'glattc', 'hlm0017', 'carlsoja', 'iliasosner21', 'zhaoguoyu06', 'nishibay', 'zhanghaosen328', 'inkrf', 'sfollo28', 'haddrile', 'ianlilly12', None, 'cct0005', 'millesa4', 'sjiang701', 'hooveand', 'siddhantjn01', 'jiaolh', 'william.zhangqingyang', 'markrichardwong', 'sunrh0215', 'jaraisehh', 'april20190710', 'si00003', 'yhu104']"
44,509,29,14,2,"['inkrf_edu', 'noahmarron1127']",26,"['davidcg', 'jymbarnes11', 'dwh0015', 'nzhu2000', 'uni_homework', 'kqinglu', 'peak11', 'alekdudko', 'asma00', 'alexander.lassooij', 'ratishjuneja2000', 'hlm0017', 'iliasosner21', 'zhaoguoyu06', 'zhanghaosen328', 'cct0005', 'sjiang701', 'siddhantjn01', 'jiaolh', 'william.zhangqingyang', 'markrichardwong', 'sunrh0215', 'jaraisehh', 'april20190710', 'si00003', 'yhu104']",12,"['daenzebr', 'slabaugj', 'sfollo28', 'vinke', 'scolaj', 'glattc', 'samdejong7', 'lucasthered', 'ianlilly12', None, 'millesa4', 'hooveand']",40,"['davidcg', 'jymbarnes11', 'inkrf_edu', 'dwh0015', 'slabaugj', 'nzhu2000', 'uni_homework', 'peak11', 'kqinglu', 'noahmarron1127', 'alekdudko', 'daenzebr', 'asma00', 'alexander.lassooij', 'ratishjuneja2000', 'glattc', 'hlm0017', 'samdejong7', 'iliasosner21', 'zhaoguoyu06', 'lucasthered', 'zhanghaosen328', 'sfollo28', 'ianlilly12', None, 'cct0005', 'millesa4', 'sjiang701', 'hooveand', 'siddhantjn01', 'jiaolh', 'william.zhangqingyang', 'markrichardwong', 'sunrh0215', 'jaraisehh', 'april20190710', 'si00003', 'vinke', 'scolaj', 'yhu104']"
46,258,28,15,14,"['abeshinzo1214', 'keh2437', 'mok05225', 'ykwon722', 'kjh185500', 'gbsdlek70', 'jksung1014', 'b819040', 'sdhej15', 'shpmame20', 'yechan', 'kongtaeja', '9846dongju', 'forsythia3123']",13,"['kerriy86', 'n82atalie', '210khw', 'tjsdnd7329', 'afsana', 'b719008', 'gayathriyuvaraj0', 'sunflower123', 'jangsjnaver98', 'lshuni2vi', 'qsx125125', 'b719121', 'kwakjm12']",1,[None],28,"['abeshinzo1214', 'keh2437', 'gbsdlek70', 'tjsdnd7329', 'sdhej15', 'kwakjm12', 'b819040', '9846dongju', 'jksung1014', 'shpmame20', 'jangsjnaver98', 'lshuni2vi', 'yechan', 'kerriy86', 'mok05225', 'n82atalie', 'ykwon722', 'kjh185500', 'b719008', 'sunflower123', 'qsx125125', 'b719121', 'forsythia3123', None, '210khw', 'afsana', 'gayathriyuvaraj0', 'kongtaeja']"
46,259,28,14,13,"['kerriy86', 'n82atalie', 'ykwon722', 'gbsdlek70', '210khw', 'tjsdnd7329', 'b719008', 'sdhej15', 'jangsjnaver98', 'lshuni2vi', 'qsx125125', 'b719121', 'kwakjm12']",14,"['abeshinzo1214', 'keh2437', 'kongtaeja', 'mok05225', 'kjh185500', 'afsana', 'jksung1014', 'gayathriyuvaraj0', 'shpmame20', 'sunflower123', 'yechan', 'b819040', '9846dongju', 'forsythia3123']",1,[None],28,"['abeshinzo1214', 'keh2437', 'gbsdlek70', 'tjsdnd7329', 'sdhej15', 'kwakjm12', 'b819040', '9846dongju', 'jksung1014', 'shpmame20', 'jangsjnaver98', 'lshuni2vi', 'yechan', 'kerriy86', 'mok05225', 'n82atalie', 'ykwon722', 'kjh185500', 'b719008', 'sunflower123', 'qsx125125', 'b719121', 'forsythia3123', None, '210khw', 'afsana', 'gayathriyuvaraj0', 'kongtaeja']"
49,282,27,15,12,"['zoeryaemi22', 'cornelio.manucat.pharma', 'marianne.fabrigas.pharma', 'jeanneloree.valderama.pharma', 'martinjoshua.delossantos.pharma', 'justinsoquila', 'nikkielaine.baria.pharma', 'joahannareminajes', 'ppgmendoza', 'mikaela_arcadio', 'kirsten0719', 'linuscarpio']",14,"['gayledaphneuy', 'christinaramone.jaucian.pharma', 'dukesebastianulaso', 'karinamari.bitao.pharma', 'fjbaron', 'aldrei.castill0', 'amadorlopezhueros', 'jeffreymabanag22', 'mikayla1004', 'idontknowwhy.official', 'haraxidopoulou', 'appoluz.almario.pharma', 'lanceaarongosioco', 'jiaxuanli']",3,"[None, 'troyedward.ramos.pharma', 'nicoleaudrey22']",29,"['marianne.fabrigas.pharma', 'christinaramone.jaucian.pharma', 'cornelio.manucat.pharma', 'fjbaron', 'justinsoquila', 'amadorlopezhueros', 'troyedward.ramos.pharma', 'appoluz.almario.pharma', 'linuscarpio', 'jeanneloree.valderama.pharma', 'karinamari.bitao.pharma', 'joahannareminajes', 'jeffreymabanag22', 'mikayla1004', 'idontknowwhy.official', 'jiaxuanli', 'zoeryaemi22', 'dukesebastianulaso', 'martinjoshua.delossantos.pharma', 'nikkielaine.baria.pharma', 'ppgmendoza', 'haraxidopoulou', 'nicoleaudrey22', 'lanceaarongosioco', None, 'aldrei.castill0', 'gayledaphneuy', 'kirsten0719', 'mikaela_arcadio']"
50,165,27,21,9,"['gilarmando09', 'countrycontreras', 'jorgeluislb08', 'davitcito11', 'milton891227', 'sebastiangarzon20', 'francisco.santamaria095', 'maria.paladines', 'sxnrxk03']",17,"['sumanb', 'smejia', 'mirsaad', 'stanislav.vyshtaliuk.bi.2020', 'dummel235', 'lmortimore', 'nataliakhanchuk2111', 'alqasabi', 'emmaeg', 'emagic2022', 'juliovc', 'juliovcab', 'yong', 'carrac', 'fernandaortiz99', 'ibraturunov', 'rajueee012']",12,"['angie.cely', 'drianogarci', 'armandopapaya.45', 'leandriino06', 'whormazadia', 'alejandro123654', 'jeremy23mateo', 'sebastian.caor', 'sergio.cespedes', 'karenclavijo002', 'samirromerom47', None]",38,"['sumanb', 'armandopapaya.45', 'stanislav.vyshtaliuk.bi.2020', 'whormazadia', 'alejandro123654', 'alqasabi', 'emagic2022', 'davitcito11', 'milton891227', 'rajueee012', 'sebastiangarzon20', 'juliovcab', 'francisco.santamaria095', 'karenclavijo002', 'gilarmando09', 'countrycontreras', 'sergio.cespedes', 'ibraturunov', 'sxnrxk03', 'drianogarci', 'leandriino06', 'emmaeg', 'juliovc', 'fernandaortiz99', None, 'angie.cely', 'smejia', 'mirsaad', 'dummel235', 'nataliakhanchuk2111', 'jeremy23mateo', 'jorgeluislb08', 'sebastian.caor', 'yong', 'maria.paladines', 'carrac', 'samirromerom47', 'lmortimore']"
50,171,27,17,1,['fernandaortiz99'],25,"['sumanb', 'stanislav.vyshtaliuk.bi.2020', 'alqasabi', 'emagic2022', 'davitcito11', 'milton891227', 'sebastiangarzon20', 'juliovcab', 'francisco.santamaria095', 'gilarmando09', 'countrycontreras', 'ibraturunov', 'sxnrxk03', 'emmaeg', 'juliovc', 'smejia', 'mirsaad', 'dummel235', 'lmortimore', 'nataliakhanchuk2111', 'jorgeluislb08', 'yong', 'maria.paladines', 'carrac', 'rajueee012']",16,"['angie.cely', 'romehazz', 'pfonsecamen', 'cristiancorr', 'ds.carmona', 'alejandro123654', 'marioalejandroruizsarmiento', 'mateofm1904', 'dianavtorresj', 'camilo0802', 'callita291076', 'as.gomez', 'jpineroscharry', 'davidsrreyes', None, 'alejandra.as365']",42,"['sumanb', 'stanislav.vyshtaliuk.bi.2020', 'alejandro123654', 'alqasabi', 'emagic2022', 'davitcito11', 'milton891227', 'rajueee012', 'sebastiangarzon20', 'juliovcab', 'francisco.santamaria095', 'dianavtorresj', 'camilo0802', 'callita291076', 'gilarmando09', 'countrycontreras', 'pfonsecamen', 'mateofm1904', 'as.gomez', 'jpineroscharry', 'ibraturunov', 'sxnrxk03', 'romehazz', 'cristiancorr', 'ds.carmona', 'emmaeg', 'juliovc', 'fernandaortiz99', None, 'angie.cely', 'smejia', 'mirsaad', 'dummel235', 'nataliakhanchuk2111', 'marioalejandroruizsarmiento', 'jorgeluislb08', 'yong', 'maria.paladines', 'carrac', 'davidsrreyes', 'lmortimore', 'alejandra.as365']"
50,162,27,16,4,"['countrycontreras', 'francisco.santamaria095', 'milton891227', 'davitcito11']",22,"['sumanb', 'stanislav.vyshtaliuk.bi.2020', 'alqasabi', 'emagic2022', 'sebastiangarzon20', 'juliovcab', 'gilarmando09', 'ibraturunov', 'sxnrxk03', 'emmaeg', 'juliovc', 'fernandaortiz99', 'smejia', 'mirsaad', 'dummel235', 'lmortimore', 'nataliakhanchuk2111', 'jorgeluislb08', 'yong', 'maria.paladines', 'carrac', 'rajueee012']",12,"['drianogarci', 'pfonsecamen', 'robert0731', 'mzamoraflor', 'derlycamilagaona', 'sebastian.caor', 'mpabonhurt1', 'santibarbosa2022', 'olman.suarez', None, 'kimber', 'karenchaparro1998']",38,"['sumanb', 'stanislav.vyshtaliuk.bi.2020', 'mzamoraflor', 'alqasabi', 'emagic2022', 'davitcito11', 'milton891227', 'rajueee012', 'sebastiangarzon20', 'juliovcab', 'francisco.santamaria095', 'mpabonhurt1', 'gilarmando09', 'countrycontreras', 'robert0731', 'pfonsecamen', 'derlycamilagaona', 'ibraturunov', 'sxnrxk03', 'kimber', 'karenchaparro1998', 'drianogarci', 'emmaeg', 'juliovc', 'fernandaortiz99', 'santibarbosa2022', 'olman.suarez', None, 'smejia', 'mirsaad', 'dummel235', 'nataliakhanchuk2111', 'jorgeluislb08', 'sebastian.caor', 'yong', 'maria.paladines', 'carrac', 'lmortimore']"
50,163,27,16,4,"['alqasabi', 'smejia', 'mirsaad', 'emmaeg']",22,"['sumanb', 'stanislav.vyshtaliuk.bi.2020', 'emagic2022', 'davitcito11', 'milton891227', 'sebastiangarzon20', 'juliovcab', 'francisco.santamaria095', 'gilarmando09', 'countrycontreras', 'ibraturunov', 'sxnrxk03', 'juliovc', 'fernandaortiz99', 'lmortimore', 'dummel235', 'nataliakhanchuk2111', 'jorgeluislb08', 'yong', 'maria.paladines', 'carrac', 'rajueee012']",12,"['lepeters', 'mlnauman', 'hashil3431', 'snagle', 'levansw', 'stephsyn', 'alhusain', 'jvrooyen', 'cmedgar', None, 'bellal', 'alsicher']",38,"['sumanb', 'stanislav.vyshtaliuk.bi.2020', 'alqasabi', 'emagic2022', 'davitcito11', 'milton891227', 'rajueee012', 'sebastiangarzon20', 'juliovcab', 'francisco.santamaria095', 'levansw', 'stephsyn', 'alhusain', 'gilarmando09', 'countrycontreras', 'lepeters', 'mlnauman', 'ibraturunov', 'sxnrxk03', 'bellal', 'emmaeg', 'juliovc', 'fernandaortiz99', 'cmedgar', None, 'alsicher', 'smejia', 'mirsaad', 'dummel235', 'nataliakhanchuk2111', 'jorgeluislb08', 'yong', 'maria.paladines', 'carrac', 'hashil3431', 'snagle', 'jvrooyen', 'lmortimore']"
50,167,27,12,1,['fernandaortiz99'],25,"['sumanb', 'stanislav.vyshtaliuk.bi.2020', 'alqasabi', 'emagic2022', 'davitcito11', 'milton891227', 'sebastiangarzon20', 'juliovcab', 'francisco.santamaria095', 'gilarmando09', 'countrycontreras', 'ibraturunov', 'sxnrxk03', 'emmaeg', 'juliovc', 'smejia', 'mirsaad', 'dummel235', 'lmortimore', 'nataliakhanchuk2111', 'jorgeluislb08', 'yong', 'maria.paladines', 'carrac', 'rajueee012']",11,"['drianogarci', 'leandriino06', 'whormazadia', 'alejandro123654', 'm.morenob', 'jeremy23mateo', 'sergio.cespedes', 'andresmogotes2003', 'samirromerom47', 'juandavids542', None]",37,"['sumanb', 'stanislav.vyshtaliuk.bi.2020', 'whormazadia', 'alejandro123654', 'alqasabi', 'emagic2022', 'davitcito11', 'milton891227', 'rajueee012', 'sebastiangarzon20', 'juliovcab', 'francisco.santamaria095', 'andresmogotes2003', 'juandavids542', 'gilarmando09', 'countrycontreras', 'sergio.cespedes', 'ibraturunov', 'sxnrxk03', 'drianogarci', 'leandriino06', 'emmaeg', 'm.morenob', 'juliovc', 'fernandaortiz99', None, 'smejia', 'mirsaad', 'dummel235', 'nataliakhanchuk2111', 'jeremy23mateo', 'jorgeluislb08', 'yong', 'maria.paladines', 'carrac', 'samirromerom47', 'lmortimore']"
50,161,27,8,2,"['nataliakhanchuk2111', 'stanislav.vyshtaliuk.bi.2020']",24,"['sumanb', 'alqasabi', 'emagic2022', 'davitcito11', 'milton891227', 'sebastiangarzon20', 'juliovcab', 'francisco.santamaria095', 'gilarmando09', 'countrycontreras', 'ibraturunov', 'sxnrxk03', 'emmaeg', 'juliovc', 'fernandaortiz99', 'smejia', 'mirsaad', 'dummel235', 'lmortimore', 'jorgeluislb08', 'yong', 'maria.paladines', 'carrac', 'rajueee012']",6,"['demian.smyk.bi.2020', 'olhamamai2020', 'oleksandra.chyrko.bi.2020', 'iryna.melnyk.bi.2020', 'nastia.pavlyshyn.bi.2020', None]",32,"['sumanb', 'stanislav.vyshtaliuk.bi.2020', 'alqasabi', 'emmaeg', 'emagic2022', 'demian.smyk.bi.2020', 'davitcito11', 'milton891227', 'juliovc', 'sebastiangarzon20', 'juliovcab', 'francisco.santamaria095', 'fernandaortiz99', 'iryna.melnyk.bi.2020', 'oleksandra.chyrko.bi.2020', None, 'gilarmando09', 'countrycontreras', 'smejia', 'mirsaad', 'dummel235', 'lmortimore', 'nataliakhanchuk2111', 'sxnrxk03', 'jorgeluislb08', 'olhamamai2020', 'nastia.pavlyshyn.bi.2020', 'yong', 'maria.paladines', 'carrac', 'ibraturunov', 'rajueee012']"
51,456,26,25,14,"['jaykaye5571', 'eyoav5', 'damfain67', 'benfarjoon.learn', 'haimozer', 'hadaryaakov1997', 'artyomtorg2016', 'guyshaul8', 'bar.elias97', 'eladnahum5', 'm.b.d', 'nikol25.mulokandov', 'orioriori2000', 'yaronlagami']",11,"['doravitan111', 'dekelari', 'maxborovskh', 'lironnarkis', 'matanelbaz2626', 'orelashvili', 'ilnafarash', 'meshi98022', 'ilana.p283', 'shahar.618', 'dvirheler16']",11,"['ravid.elmakies25', 'adirs666', 'pazshon1', 'tavor1994', 'mikeyonosov', 'idaniluz', 'nivc27', 'aviyasirmakesh12345', 'orcohenz126', None, 'ofirr1963']",36,"['eyoav5', 'damfain67', 'maxborovskh', 'lironnarkis', 'hadaryaakov1997', 'guyshaul8', 'meshi98022', 'nivc27', 'aviyasirmakesh12345', 'ilana.p283', 'shahar.618', 'jaykaye5571', 'adirs666', 'benfarjoon.learn', 'dekelari', 'pazshon1', 'matanelbaz2626', 'idaniluz', 'artyomtorg2016', 'm.b.d', 'nikol25.mulokandov', 'yaronlagami', 'ravid.elmakies25', 'tavor1994', 'mikeyonosov', 'ilnafarash', 'bar.elias97', 'eladnahum5', None, 'ofirr1963', 'orioriori2000', 'doravitan111', 'haimozer', 'orelashvili', 'orcohenz126', 'dvirheler16']"
51,516,26,24,19,"['eyoav5', 'damfain67', 'maxborovskh', 'hadaryaakov1997', 'guyshaul8', 'meshi98022', 'ilana.p283', 'shahar.618', 'jaykaye5571', 'benfarjoon.learn', 'dekelari', 'artyomtorg2016', 'm.b.d', 'yaronlagami', 'ilnafarash', 'bar.elias97', 'eladnahum5', 'orioriori2000', 'dvirheler16']",6,"['doravitan111', 'haimozer', 'matanelbaz2626', 'lironnarkis', 'orelashvili', 'nikol25.mulokandov']",5,"['maorkayra6', 'cactusdotcom', 'ayalma', 'erezmakdusipanel', None]",30,"['eyoav5', 'maorkayra6', 'cactusdotcom', 'damfain67', 'maxborovskh', 'lironnarkis', 'hadaryaakov1997', 'guyshaul8', 'meshi98022', 'ilana.p283', 'shahar.618', 'jaykaye5571', 'benfarjoon.learn', 'dekelari', 'matanelbaz2626', 'artyomtorg2016', 'm.b.d', 'nikol25.mulokandov', 'yaronlagami', 'ilnafarash', 'bar.elias97', 'eladnahum5', None, 'orioriori2000', 'ayalma', 'doravitan111', 'haimozer', 'orelashvili', 'erezmakdusipanel', 'dvirheler16']"
52,138,26,12,10,"['djurdja999', 'darija.puja18', 'sanjatomanova46', 'ivancejic5', 'mirenh', 'dejanpejic254', 'mina.ana.opacic', 'nikolasormaz', 'ivan.milin32', 'milcavasic']",15,"['xmosne02', 'hygaforcarnew', 'stefa723', 'xraffa00', 'nsafron1', 'miljana26', 'savic.al.10', 'rgargi', 'darkog7', 'petarstamenkovic35', 'sancobot', 'michalzajicek96', 'makaa000', 'oticek001', 'djuricanatasa37']",2,"[None, 'natasa']",27,"['sanjatomanova46', 'savic.al.10', 'miljana26', 'mirenh', 'dejanpejic254', 'darkog7', 'sancobot', 'michalzajicek96', None, 'oticek001', 'nikolasormaz', 'djuricanatasa37', 'djurdja999', 'darija.puja18', 'hygaforcarnew', 'stefa723', 'xraffa00', 'nsafron1', 'ivancejic5', 'natasa', 'rgargi', 'mina.ana.opacic', 'petarstamenkovic35', 'makaa000', 'ivan.milin32', 'milcavasic', 'xmosne02']"
52,137,26,10,6,"['ivancejic5', 'mina.ana.opacic', 'petarstamenkovic35', 'makaa000', 'milcavasic', 'djuricanatasa37']",19,"['miljana26', 'mirenh', 'darkog7', 'michalzajicek96', 'nikolasormaz', 'oticek001', 'hygaforcarnew', 'stefa723', 'xraffa00', 'nsafron1', 'ivan.milin32', 'sanjatomanova46', 'savic.al.10', 'dejanpejic254', 'sancobot', 'darija.puja18', 'rgargi', 'djurdja999', 'xmosne02']",4,"['nemanjazarkovic00', 'mateja8000', 'natasa', None]",29,"['sanjatomanova46', 'savic.al.10', 'miljana26', 'mateja8000', 'mirenh', 'dejanpejic254', 'darkog7', 'sancobot', 'michalzajicek96', None, 'oticek001', 'nikolasormaz', 'djuricanatasa37', 'djurdja999', 'darija.puja18', 'hygaforcarnew', 'stefa723', 'xraffa00', 'nsafron1', 'ivancejic5', 'nemanjazarkovic00', 'rgargi', 'natasa', 'mina.ana.opacic', 'petarstamenkovic35', 'makaa000', 'ivan.milin32', 'milcavasic', 'xmosne02']"
53,130,23,62,22,"['lschonau', 'townsj', 'yap1', 'hamil175', 'vwendt', 'cox302', 'tremblay', 'kim2918', 'ravichak', 'bohlinh', 'maugeld', 'song498', 'tao134', 'graha162', 'fvanwink', 'fan123', 'smaddur', 'larso101', 'dvicker', 'miles70', 'cdoniere', 'bement0']",0,[],40,"['cmauser', 'snowling', 'jeremyszilagyi', 'collett', 'kim1947', 'hjuh', 'huff49', 'woods158', 'eloper', 'lee3120', 'eoverly', 'suh56', 'ajurgons', 'perry179', 'yiliuhu', 'cdhuffma', 'le133', 'jdaliber', 'ewestrat', 'mgodsey', 'edagget', 'chen3141', 'hoodjd', 'robin451', 'ckayrou', 'mculliso', 'czensho', 'branch4', 'jone1719', 'raderc', 'ridgea', 'stephae', 'huff51', None, 'royer4', 'zbuford', 'cokuszki', 'knordyke', 'pstroik', 'iyer95']",62,"['cmauser', 'lschonau', 'snowling', 'jeremyszilagyi', 'hamil175', 'collett', 'cox302', 'huff49', 'lee3120', 'ajurgons', 'perry179', 'kim2918', 'cdhuffma', 'le133', 'ewestrat', 'maugeld', 'edagget', 'chen3141', 'hoodjd', 'mculliso', 'branch4', 'song498', 'tao134', 'graha162', 'ridgea', 'fvanwink', 'huff51', 'fan123', 'knordyke', 'smaddur', 'larso101', 'miles70', 'cdoniere', 'bement0', 'townsj', 'yap1', 'vwendt', 'kim1947', 'hjuh', 'woods158', 'eloper', 'eoverly', 'suh56', 'tremblay', 'ravichak', 'yiliuhu', 'jdaliber', 'bohlinh', 'mgodsey', 'robin451', 'ckayrou', 'czensho', 'jone1719', 'raderc', 'stephae', None, 'royer4', 'zbuford', 'cokuszki', 'dvicker', 'pstroik', 'iyer95']"
53,129,23,60,21,"['lschonau', 'townsj', 'yap1', 'hamil175', 'vwendt', 'cox302', 'tremblay', 'kim2918', 'ravichak', 'bohlinh', 'maugeld', 'song498', 'tao134', 'graha162', 'fvanwink', 'fan123', 'smaddur', 'larso101', 'dvicker', 'miles70', 'bement0']",1,['cdoniere'],39,"['cmauser', 'snowling', 'jeremyszilagyi', 'collett', 'kim1947', 'hjuh', 'huff49', 'woods158', 'eloper', 'lee3120', 'eoverly', 'suh56', 'ajurgons', 'perry179', 'cdhuffma', 'le133', 'jdaliber', 'ewestrat', 'hill392', 'mgodsey', 'edagget', 'bowerp', 'chen3141', 'hoodjd', 'robin451', 'ckayrou', 'mculliso', 'czensho', 'jone1719', 'raderc', 'ridgea', 'stephae', 'huff51', None, 'royer4', 'zbuford', 'cokuszki', 'knordyke', 'iyer95']",61,"['cmauser', 'lschonau', 'snowling', 'jeremyszilagyi', 'hamil175', 'collett', 'cox302', 'huff49', 'lee3120', 'ajurgons', 'perry179', 'kim2918', 'cdhuffma', 'le133', 'ewestrat', 'maugeld', 'edagget', 'bowerp', 'chen3141', 'hoodjd', 'mculliso', 'song498', 'tao134', 'graha162', 'ridgea', 'fvanwink', 'huff51', 'fan123', 'knordyke', 'smaddur', 'larso101', 'miles70', 'cdoniere', 'bement0', 'townsj', 'yap1', 'vwendt', 'kim1947', 'hjuh', 'woods158', 'eloper', 'eoverly', 'suh56', 'tremblay', 'ravichak', 'jdaliber', 'bohlinh', 'hill392', 'mgodsey', 'robin451', 'ckayrou', 'czensho', 'jone1719', 'raderc', 'stephae', None, 'royer4', 'zbuford', 'cokuszki', 'dvicker', 'iyer95']"
53,128,23,39,4,"['cdoniere', 'graha162', 'vwendt', 'larso101']",18,"['smaddur', 'lschonau', 'tremblay', 'dvicker', 'miles70', 'townsj', 'kim2918', 'yap1', 'ravichak', 'hamil175', 'song498', 'tao134', 'bement0', 'cox302', 'fvanwink', 'bohlinh', 'maugeld', 'fan123']",35,"['cmauser', 'kim1947', 'huff49', 'woods158', 'eloper', 'eoverly', 'ajurgons', 'suh56', 'perry179', 'cdhuffma', 'le133', 'jdaliber', 'ewestrat', 'mgodsey', 'hill392', 'edagget', 'tgrotzer', 'bowerp', 'chen3141', 'robin451', 'ckayrou', 'mculliso', 'czensho', 'branch4', 'jone1719', 'raderc', 'ridgea', 'stephae', 'huff51', None, 'royer4', 'zbuford', 'cokuszki', 'pstroik', 'iyer95']",57,"['cmauser', 'lschonau', 'townsj', 'yap1', 'hamil175', 'vwendt', 'kim1947', 'cox302', 'huff49', 'woods158', 'eloper', 'eoverly', 'ajurgons', 'tremblay', 'suh56', 'perry179', 'kim2918', 'ravichak', 'cdhuffma', 'le133', 'jdaliber', 'ewestrat', 'bohlinh', 'mgodsey', 'hill392', 'maugeld', 'edagget', 'tgrotzer', 'bowerp', 'chen3141', 'robin451', 'ckayrou', 'mculliso', 'czensho', 'branch4', 'song498', 'tao134', 'graha162', 'jone1719', 'raderc', 'ridgea', 'stephae', 'fvanwink', 'huff51', None, 'royer4', 'fan123', 'zbuford', 'cokuszki', 'smaddur', 'larso101', 'dvicker', 'miles70', 'cdoniere', 'pstroik', 'iyer95', 'bement0']"
53,134,23,38,13,"['smaddur', 'lschonau', 'tremblay', 'townsj', 'kim2918', 'hamil175', 'graha162', 'bement0', 'vwendt', 'cdoniere', 'fvanwink', 'maugeld', 'fan123']",9,"['larso101', 'dvicker', 'miles70', 'ravichak', 'yap1', 'song498', 'tao134', 'cox302', 'bohlinh']",25,"['cmauser', 'snowling', 'collett', 'kim1947', 'lee3120', 'eoverly', 'suh56', 'ajurgons', 'yiliuhu', 'cdhuffma', 'le133', 'jdaliber', 'ewestrat', 'chen3141', 'ckayrou', 'mculliso', 'branch4', 'raderc', 'stephae', 'huff51', None, 'zbuford', 'cokuszki', 'knordyke', 'pstroik']",47,"['cmauser', 'lschonau', 'snowling', 'townsj', 'yap1', 'hamil175', 'collett', 'vwendt', 'kim1947', 'cox302', 'lee3120', 'eoverly', 'suh56', 'tremblay', 'ajurgons', 'kim2918', 'ravichak', 'yiliuhu', 'cdhuffma', 'le133', 'jdaliber', 'ewestrat', 'bohlinh', 'maugeld', 'chen3141', 'ckayrou', 'mculliso', 'branch4', 'song498', 'tao134', 'graha162', 'raderc', 'stephae', 'fvanwink', 'huff51', None, 'fan123', 'zbuford', 'cokuszki', 'smaddur', 'knordyke', 'larso101', 'dvicker', 'miles70', 'cdoniere', 'pstroik', 'bement0']"
53,132,23,22,13,"['smaddur', 'larso101', 'tremblay', 'miles70', 'kim2918', 'townsj', 'yap1', 'graha162', 'bement0', 'vwendt', 'bohlinh', 'maugeld', 'fan123']",9,"['lschonau', 'dvicker', 'ravichak', 'hamil175', 'song498', 'tao134', 'cdoniere', 'cox302', 'fvanwink']",9,"['zbuford', 'suh56', 'ckayrou', 'jeremyszilagyi', 'kbreathi', 'pstroik', 'lee3120', None, 'edagget']",31,"['lschonau', 'townsj', 'jeremyszilagyi', 'yap1', 'hamil175', 'vwendt', 'cox302', 'lee3120', 'suh56', 'tremblay', 'kim2918', 'ravichak', 'bohlinh', 'maugeld', 'edagget', 'ckayrou', 'song498', 'tao134', 'graha162', 'kbreathi', 'fvanwink', None, 'fan123', 'zbuford', 'smaddur', 'larso101', 'dvicker', 'miles70', 'cdoniere', 'pstroik', 'bement0']"
53,131,23,21,3,"['tao134', 'cdoniere', 'maugeld']",19,"['lschonau', 'townsj', 'yap1', 'hamil175', 'vwendt', 'cox302', 'tremblay', 'kim2918', 'ravichak', 'bohlinh', 'song498', 'graha162', 'fvanwink', 'fan123', 'smaddur', 'larso101', 'dvicker', 'miles70', 'bement0']",18,"['cokuszki', 'cmauser', 'ajurgons', 'eoverly', 'mgodsey', 'mculliso', 'czensho', 'branch4', 'cdhuffma', 'le133', 'jdaliber', 'raderc', 'iyer95', 'stephae', 'huff49', 'eloper', None, 'edagget']",40,"['cmauser', 'lschonau', 'townsj', 'yap1', 'hamil175', 'vwendt', 'cox302', 'huff49', 'eloper', 'ajurgons', 'eoverly', 'tremblay', 'kim2918', 'ravichak', 'cdhuffma', 'le133', 'jdaliber', 'bohlinh', 'mgodsey', 'maugeld', 'edagget', 'mculliso', 'czensho', 'branch4', 'song498', 'tao134', 'graha162', 'raderc', 'stephae', 'fvanwink', None, 'fan123', 'cokuszki', 'smaddur', 'larso101', 'dvicker', 'miles70', 'cdoniere', 'iyer95', 'bement0']"
53,135,23,11,1,['bohlinh'],21,"['lschonau', 'townsj', 'yap1', 'hamil175', 'vwendt', 'cox302', 'tremblay', 'kim2918', 'ravichak', 'maugeld', 'song498', 'tao134', 'graha162', 'fvanwink', 'fan123', 'smaddur', 'larso101', 'dvicker', 'miles70', 'cdoniere', 'bement0']",10,"['robin451', 'perry179', 'jeremyszilagyi', 'collett', 'pstroik', 'huff49', 'woods158', 'hill392', None, 'royer4']",32,"['lschonau', 'robin451', 'townsj', 'jeremyszilagyi', 'yap1', 'hamil175', 'song498', 'tao134', 'graha162', 'vwendt', 'bement0', 'collett', 'cox302', 'fvanwink', 'woods158', 'huff49', None, 'royer4', 'fan123', 'smaddur', 'larso101', 'tremblay', 'dvicker', 'miles70', 'perry179', 'kim2918', 'ravichak', 'cdoniere', 'pstroik', 'bohlinh', 'hill392', 'maugeld']"
53,133,23,6,1,['townsj'],21,"['lschonau', 'yap1', 'hamil175', 'vwendt', 'cox302', 'tremblay', 'kim2918', 'ravichak', 'bohlinh', 'maugeld', 'song498', 'tao134', 'graha162', 'fvanwink', 'fan123', 'smaddur', 'larso101', 'dvicker', 'miles70', 'cdoniere', 'bement0']",5,"['pstroik', 'iyer95', 'eloper', None, 'huff51']",27,"['lschonau', 'townsj', 'yap1', 'hamil175', 'song498', 'tao134', 'graha162', 'vwendt', 'bement0', 'cox302', 'fvanwink', 'eloper', None, 'huff51', 'fan123', 'smaddur', 'larso101', 'tremblay', 'dvicker', 'miles70', 'kim2918', 'ravichak', 'cdoniere', 'pstroik', 'iyer95', 'bohlinh', 'maugeld']"
54,431,23,12,5,"['lobitonunezz', 'broensignacio', 'cuervobroens', 'usuarioalmananohub', 'coloradobroens']",17,"['pinolat', 'vlaf', 'griselda.paola', 'vfuertes2020', 't21139', 'wangti95', 'fanstic', 'abby264', 'francomelica55', 'raghavchitlangia98265', 'eugebian', 'fnm', 'melicafranco', 'ardavic', 'razbeh', 'matteo.boselli97', 'galiy_sha']",7,"['broenscolo', 'broensalmendra', 'mailen.selzer', 'smselzer', 'martin.broens', 'broensmartin', None]",29,"['pinolat', 'vfuertes2020', 't21139', 'fanstic', 'abby264', 'eugebian', 'mailen.selzer', 'martin.broens', 'razbeh', 'coloradobroens', 'broensignacio', None, 'vlaf', 'griselda.paola', 'lobitonunezz', 'wangti95', 'cuervobroens', 'francomelica55', 'fnm', 'broenscolo', 'raghavchitlangia98265', 'broensalmendra', 'smselzer', 'ardavic', 'usuarioalmananohub', 'broensmartin', 'melicafranco', 'matteo.boselli97', 'galiy_sha']"
54,432,23,11,5,"['lobitonunezz', 'broensignacio', 'cuervobroens', 'usuarioalmananohub', 'coloradobroens']",17,"['pinolat', 'vlaf', 'griselda.paola', 'vfuertes2020', 't21139', 'wangti95', 'fanstic', 'abby264', 'francomelica55', 'raghavchitlangia98265', 'eugebian', 'fnm', 'melicafranco', 'ardavic', 'razbeh', 'matteo.boselli97', 'galiy_sha']",6,"['broenscolo', 'broensalmendra', 'mailen.selzer', 'smselzer', 'broensmartin', None]",28,"['pinolat', 'vfuertes2020', 't21139', 'fanstic', 'abby264', 'eugebian', 'mailen.selzer', 'razbeh', 'coloradobroens', 'broensignacio', None, 'vlaf', 'griselda.paola', 'lobitonunezz', 'wangti95', 'cuervobroens', 'francomelica55', 'fnm', 'broenscolo', 'raghavchitlangia98265', 'broensalmendra', 'smselzer', 'ardavic', 'usuarioalmananohub', 'broensmartin', 'melicafranco', 'matteo.boselli97', 'galiy_sha']"
54,430,23,10,3,"['fnm', 'francomelica55', 'broensignacio']",19,"['vfuertes2020', 't21139', 'fanstic', 'abby264', 'coloradobroens', 'lobitonunezz', 'wangti95', 'raghavchitlangia98265', 'matteo.boselli97', 'galiy_sha', 'pinolat', 'eugebian', 'razbeh', 'vlaf', 'griselda.paola', 'cuervobroens', 'ardavic', 'usuarioalmananohub', 'melicafranco']",7,"['broenscolo', 'broensalmendra', 'mailen.selzer', 'smselzer', 'martin.broens', 'broensmartin', None]",29,"['pinolat', 'vfuertes2020', 't21139', 'fanstic', 'abby264', 'eugebian', 'mailen.selzer', 'martin.broens', 'razbeh', 'coloradobroens', 'broensignacio', None, 'vlaf', 'griselda.paola', 'lobitonunezz', 'wangti95', 'cuervobroens', 'francomelica55', 'fnm', 'broenscolo', 'raghavchitlangia98265', 'broensalmendra', 'smselzer', 'ardavic', 'usuarioalmananohub', 'broensmartin', 'melicafranco', 'matteo.boselli97', 'galiy_sha']"
54,434,23,10,2,"['broensignacio', 'vfuertes2020']",20,"['t21139', 'fanstic', 'abby264', 'coloradobroens', 'lobitonunezz', 'wangti95', 'francomelica55', 'raghavchitlangia98265', 'matteo.boselli97', 'galiy_sha', 'pinolat', 'eugebian', 'razbeh', 'vlaf', 'griselda.paola', 'cuervobroens', 'fnm', 'ardavic', 'usuarioalmananohub', 'melicafranco']",8,"['broenscolo', 'broensalmendra', 'mailen.selzer', 'smselzer', 'martin.broens', 'dmarcini88', 'broensmartin', None]",30,"['pinolat', 'vfuertes2020', 't21139', 'fanstic', 'abby264', 'eugebian', 'mailen.selzer', 'martin.broens', 'razbeh', 'coloradobroens', 'broensignacio', None, 'vlaf', 'griselda.paola', 'lobitonunezz', 'wangti95', 'cuervobroens', 'francomelica55', 'fnm', 'broenscolo', 'raghavchitlangia98265', 'broensalmendra', 'smselzer', 'ardavic', 'usuarioalmananohub', 'dmarcini88', 'broensmartin', 'melicafranco', 'matteo.boselli97', 'galiy_sha']"
55,403,22,21,19,"['declankopper', 'ladelp', 'dabilek', 'zwiggins', 'ivyn2000', 'dkhuckabaa', 'kevrr12', 'j1487250', 'tjteoh', 'alond705', 'zmohamma', 'dlnvss', 'saikshin', 'andrewkc', 'aabhallalevine', 'chuyreye', 'ektamura', 'cyrusjh', 'oericok']",2,"['kendraody3', 'valeriar']",2,"[None, 'burakericok']",23,"['cyrusjh', 'ladelp', 'dabilek', 'zwiggins', 'ivyn2000', 'dkhuckabaa', 'kevrr12', 'j1487250', 'tjteoh', 'alond705', 'zmohamma', 'dlnvss', 'burakericok', 'kendraody3', None, 'saikshin', 'andrewkc', 'valeriar', 'aabhallalevine', 'chuyreye', 'ektamura', 'declankopper', 'oericok']"
55,404,22,17,16,"['declankopper', 'dkhuckabaa', 'saikshin', 'zmohamma', 'andrewkc', 'dabilek', 'valeriar', 'aabhallalevine', 'dlnvss', 'j1487250', 'chuyreye', 'tjteoh', 'ivyn2000', 'zwiggins', 'ektamura', 'cyrusjh']",5,"['kevrr12', 'ladelp', 'kendraody3', 'alond705', 'oericok']",1,[None],22,"['cyrusjh', 'ladelp', 'dabilek', 'zwiggins', 'ivyn2000', 'dkhuckabaa', 'kevrr12', 'j1487250', 'tjteoh', 'alond705', 'zmohamma', 'dlnvss', 'kendraody3', None, 'saikshin', 'andrewkc', 'valeriar', 'aabhallalevine', 'chuyreye', 'ektamura', 'declankopper', 'oericok']"
56,316,22,15,13,"['gabriel.pagan9', 'claralys95hs', 'osvaldo.rios4', 'alondra.gonzalez12', 'jorge.garcia50', 'michaelalvarez', 'heidy.sierra1', 'isidelmartir', 'alexmora', 'iliomar.rodriguez', 'jomar.cardona', 'yang.li', 'erick.mendez']",8,"['daniherrera3146', 'hwang76', 'yvonne.aviles', 'emanuellopez', 'alysaalejandro', 'acamacho01', 'nicole.melendez9', 'caroisa7']",2,"['omsuarez', None]",23,"['claralys95hs', 'daniherrera3146', 'omsuarez', 'alondra.gonzalez12', 'jorge.garcia50', 'heidy.sierra1', 'yvonne.aviles', 'isidelmartir', 'emanuellopez', 'nicole.melendez9', 'caroisa7', None, 'yang.li', 'gabriel.pagan9', 'osvaldo.rios4', 'hwang76', 'michaelalvarez', 'iliomar.rodriguez', 'alexmora', 'alysaalejandro', 'acamacho01', 'jomar.cardona', 'erick.mendez']"
56,317,22,7,6,"['daniherrera3146', 'yvonne.aviles', 'emanuellopez', 'acamacho01', 'nicole.melendez9', 'caroisa7']",15,"['gabriel.pagan9', 'claralys95hs', 'osvaldo.rios4', 'hwang76', 'alondra.gonzalez12', 'michaelalvarez', 'heidy.sierra1', 'iliomar.rodriguez', 'alexmora', 'jorge.garcia50', 'isidelmartir', 'alysaalejandro', 'jomar.cardona', 'yang.li', 'erick.mendez']",1,[None],22,"['claralys95hs', 'daniherrera3146', 'alondra.gonzalez12', 'jorge.garcia50', 'heidy.sierra1', 'yvonne.aviles', 'isidelmartir', 'emanuellopez', 'nicole.melendez9', 'caroisa7', None, 'yang.li', 'gabriel.pagan9', 'osvaldo.rios4', 'hwang76', 'michaelalvarez', 'iliomar.rodriguez', 'alexmora', 'alysaalejandro', 'acamacho01', 'jomar.cardona', 'erick.mendez']"
57,130,22,62,21,"['cmauser', 'kim1947', 'huff49', 'woods158', 'ajurgons', 'eoverly', 'perry179', 'cdhuffma', 'le133', 'jdaliber', 'chen3141', 'robin451', 'ckayrou', 'mculliso', 'branch4', 'raderc', 'stephae', 'huff51', 'royer4', 'zbuford', 'cokuszki']",0,[],41,"['lschonau', 'snowling', 'townsj', 'jeremyszilagyi', 'yap1', 'hamil175', 'collett', 'vwendt', 'cox302', 'hjuh', 'lee3120', 'eloper', 'suh56', 'tremblay', 'kim2918', 'ravichak', 'yiliuhu', 'ewestrat', 'bohlinh', 'mgodsey', 'edagget', 'maugeld', 'hoodjd', 'czensho', 'song498', 'jone1719', 'tao134', 'graha162', 'ridgea', 'fvanwink', None, 'fan123', 'knordyke', 'smaddur', 'larso101', 'dvicker', 'miles70', 'cdoniere', 'pstroik', 'iyer95', 'bement0']",62,"['cmauser', 'lschonau', 'snowling', 'jeremyszilagyi', 'hamil175', 'collett', 'cox302', 'huff49', 'lee3120', 'ajurgons', 'perry179', 'kim2918', 'cdhuffma', 'le133', 'ewestrat', 'edagget', 'maugeld', 'chen3141', 'hoodjd', 'mculliso', 'branch4', 'song498', 'tao134', 'graha162', 'ridgea', 'fvanwink', 'huff51', 'fan123', 'knordyke', 'smaddur', 'larso101', 'miles70', 'cdoniere', 'bement0', 'townsj', 'yap1', 'vwendt', 'kim1947', 'hjuh', 'woods158', 'eloper', 'eoverly', 'suh56', 'tremblay', 'ravichak', 'yiliuhu', 'jdaliber', 'bohlinh', 'mgodsey', 'robin451', 'ckayrou', 'czensho', 'raderc', 'jone1719', 'stephae', None, 'royer4', 'zbuford', 'cokuszki', 'dvicker', 'pstroik', 'iyer95']"
57,129,22,60,20,"['cmauser', 'kim1947', 'huff49', 'woods158', 'ajurgons', 'eoverly', 'perry179', 'cdhuffma', 'le133', 'jdaliber', 'chen3141', 'robin451', 'ckayrou', 'mculliso', 'raderc', 'stephae', 'huff51', 'royer4', 'zbuford', 'cokuszki']",1,['branch4'],40,"['lschonau', 'snowling', 'townsj', 'jeremyszilagyi', 'yap1', 'hamil175', 'collett', 'vwendt', 'cox302', 'hjuh', 'lee3120', 'eloper', 'suh56', 'tremblay', 'kim2918', 'ravichak', 'ewestrat', 'bohlinh', 'hill392', 'mgodsey', 'edagget', 'maugeld', 'bowerp', 'hoodjd', 'czensho', 'song498', 'jone1719', 'tao134', 'graha162', 'ridgea', 'fvanwink', None, 'fan123', 'knordyke', 'smaddur', 'larso101', 'dvicker', 'miles70', 'iyer95', 'bement0']",61,"['cmauser', 'lschonau', 'snowling', 'jeremyszilagyi', 'hamil175', 'collett', 'cox302', 'huff49', 'lee3120', 'ajurgons', 'perry179', 'kim2918', 'cdhuffma', 'le133', 'ewestrat', 'edagget', 'maugeld', 'chen3141', 'bowerp', 'hoodjd', 'mculliso', 'branch4', 'song498', 'tao134', 'graha162', 'ridgea', 'fvanwink', 'huff51', 'fan123', 'knordyke', 'smaddur', 'larso101', 'miles70', 'bement0', 'townsj', 'yap1', 'vwendt', 'kim1947', 'hjuh', 'woods158', 'eloper', 'eoverly', 'suh56', 'tremblay', 'ravichak', 'jdaliber', 'bohlinh', 'hill392', 'mgodsey', 'robin451', 'ckayrou', 'czensho', 'raderc', 'jone1719', 'stephae', None, 'royer4', 'zbuford', 'cokuszki', 'dvicker', 'iyer95']"
57,275,22,49,1,['woods158'],20,"['cmauser', 'kim1947', 'huff49', 'ajurgons', 'eoverly', 'perry179', 'cdhuffma', 'le133', 'jdaliber', 'chen3141', 'robin451', 'ckayrou', 'mculliso', 'branch4', 'raderc', 'stephae', 'huff51', 'royer4', 'zbuford', 'cokuszki']",48,"['jverduzc', 'faltens', 'ubajwa', 'mademoiselle0812', 'alafzi', 'snowling', 'coverstr', 'efoesch', 'paul115', 'emizhiri', 'lawren83', 'nandya', 'wdrakas', 'sulli256', 'nykiel.4', 'fixa', 'ethan2', 'dmoebius', 'pmangana', 'hgrennan', 'hill392', 'rapplet', 'jwaimin', 'bowerp', 'hoodjd', 'psalek', 'jbarsima', 'naik26', 'reppertm', 'mcclurez', 'ticody', 'zhan4096', 'frankzhou', 'geakins', 'pai15', 'mishra94', 'ahads', None, 'knordyke', 'gnishibu', 'pnagrani', 'darint916', 'atakoch', 'abhivictor2', 'iyer95', 'aloysius', 'perrinm', 'yjzhuang5']",69,"['faltens', 'cmauser', 'ubajwa', 'snowling', 'efoesch', 'huff49', 'emizhiri', 'lawren83', 'ajurgons', 'nandya', 'perry179', 'nykiel.4', 'cdhuffma', 'le133', 'fixa', 'dmoebius', 'pmangana', 'jwaimin', 'chen3141', 'bowerp', 'hoodjd', 'psalek', 'jbarsima', 'naik26', 'mculliso', 'mcclurez', 'ticody', 'branch4', 'frankzhou', 'geakins', 'huff51', 'knordyke', 'atakoch', 'aloysius', 'perrinm', 'jverduzc', 'mademoiselle0812', 'alafzi', 'kim1947', 'paul115', 'woods158', 'eoverly', 'wdrakas', 'sulli256', 'jdaliber', 'ethan2', 'hgrennan', 'hill392', 'rapplet', 'robin451', 'ckayrou', 'reppertm', 'zhan4096', 'raderc', 'pai15', 'mishra94', 'stephae', 'ahads', None, 'royer4', 'zbuford', 'cokuszki', 'gnishibu', 'pnagrani', 'darint916', 'abhivictor2', 'iyer95', 'coverstr', 'yjzhuang5']"
57,128,22,39,21,"['cmauser', 'kim1947', 'huff49', 'woods158', 'ajurgons', 'eoverly', 'perry179', 'cdhuffma', 'le133', 'jdaliber', 'chen3141', 'robin451', 'ckayrou', 'mculliso', 'branch4', 'raderc', 'stephae', 'huff51', 'royer4', 'zbuford', 'cokuszki']",0,[],18,"['tgrotzer', 'bowerp', 'suh56', 'larso101', 'czensho', 'eloper', 'jone1719', 'graha162', 'vwendt', 'hill392', 'ridgea', 'cdoniere', 'ewestrat', 'pstroik', 'iyer95', 'mgodsey', None, 'edagget']",39,"['cmauser', 'vwendt', 'kim1947', 'huff49', 'woods158', 'eloper', 'ajurgons', 'eoverly', 'suh56', 'perry179', 'cdhuffma', 'le133', 'jdaliber', 'ewestrat', 'mgodsey', 'hill392', 'edagget', 'tgrotzer', 'chen3141', 'bowerp', 'robin451', 'ckayrou', 'mculliso', 'czensho', 'branch4', 'raderc', 'jone1719', 'graha162', 'ridgea', 'stephae', 'huff51', None, 'royer4', 'zbuford', 'cokuszki', 'larso101', 'cdoniere', 'pstroik', 'iyer95']"
57,134,22,38,16,"['chen3141', 'zbuford', 'cokuszki', 'cmauser', 'ajurgons', 'eoverly', 'ckayrou', 'mculliso', 'branch4', 'cdhuffma', 'le133', 'jdaliber', 'raderc', 'kim1947', 'stephae', 'huff51']",5,"['robin451', 'perry179', 'huff49', 'woods158', 'royer4']",22,"['lschonau', 'snowling', 'townsj', 'hamil175', 'collett', 'vwendt', 'lee3120', 'suh56', 'tremblay', 'kim2918', 'yiliuhu', 'ewestrat', 'maugeld', 'graha162', 'fvanwink', None, 'fan123', 'knordyke', 'smaddur', 'cdoniere', 'pstroik', 'bement0']",43,"['cmauser', 'lschonau', 'snowling', 'townsj', 'hamil175', 'collett', 'vwendt', 'kim1947', 'huff49', 'woods158', 'lee3120', 'ajurgons', 'eoverly', 'suh56', 'tremblay', 'perry179', 'kim2918', 'yiliuhu', 'cdhuffma', 'le133', 'jdaliber', 'ewestrat', 'maugeld', 'chen3141', 'robin451', 'ckayrou', 'mculliso', 'branch4', 'raderc', 'graha162', 'stephae', 'fvanwink', 'huff51', None, 'royer4', 'fan123', 'zbuford', 'cokuszki', 'smaddur', 'knordyke', 'cdoniere', 'pstroik', 'bement0']"
57,132,22,22,2,"['zbuford', 'ckayrou']",19,"['cmauser', 'kim1947', 'huff49', 'woods158', 'ajurgons', 'eoverly', 'perry179', 'cdhuffma', 'le133', 'jdaliber', 'chen3141', 'robin451', 'mculliso', 'branch4', 'raderc', 'stephae', 'huff51', 'royer4', 'cokuszki']",20,"['townsj', 'jeremyszilagyi', 'yap1', 'vwendt', 'lee3120', 'suh56', 'tremblay', 'kim2918', 'bohlinh', 'edagget', 'maugeld', 'kbreathi', 'graha162', None, 'fan123', 'smaddur', 'larso101', 'miles70', 'pstroik', 'bement0']",41,"['cmauser', 'townsj', 'jeremyszilagyi', 'yap1', 'vwendt', 'kim1947', 'huff49', 'woods158', 'lee3120', 'ajurgons', 'eoverly', 'suh56', 'tremblay', 'perry179', 'kim2918', 'cdhuffma', 'le133', 'jdaliber', 'bohlinh', 'maugeld', 'edagget', 'chen3141', 'robin451', 'ckayrou', 'mculliso', 'branch4', 'raderc', 'kbreathi', 'graha162', 'stephae', 'huff51', None, 'royer4', 'fan123', 'zbuford', 'cokuszki', 'smaddur', 'larso101', 'miles70', 'pstroik', 'bement0']"
57,131,22,21,12,"['cokuszki', 'cmauser', 'ajurgons', 'eoverly', 'mculliso', 'branch4', 'cdhuffma', 'le133', 'jdaliber', 'raderc', 'stephae', 'huff49']",9,"['chen3141', 'zbuford', 'robin451', 'ckayrou', 'perry179', 'kim1947', 'woods158', 'huff51', 'royer4']",9,"['mgodsey', 'czensho', 'tao134', 'cdoniere', 'maugeld', 'iyer95', 'eloper', None, 'edagget']",30,"['cmauser', 'kim1947', 'huff49', 'woods158', 'eloper', 'ajurgons', 'eoverly', 'perry179', 'cdhuffma', 'le133', 'jdaliber', 'mgodsey', 'maugeld', 'edagget', 'chen3141', 'robin451', 'ckayrou', 'mculliso', 'czensho', 'branch4', 'raderc', 'tao134', 'stephae', 'huff51', None, 'royer4', 'zbuford', 'cokuszki', 'cdoniere', 'iyer95']"
57,127,22,17,9,"['chen3141', 'zbuford', 'cmauser', 'ckayrou', 'mculliso', 'branch4', 'jdaliber', 'woods158', 'huff51']",12,"['cokuszki', 'ajurgons', 'eoverly', 'robin451', 'perry179', 'cdhuffma', 'le133', 'raderc', 'kim1947', 'stephae', 'huff49', 'royer4']",8,"['tgrotzer', 'suh56', 'reppertm', 'czensho', 'eloper', 'collett', 'hill392', None]",29,"['cmauser', 'collett', 'kim1947', 'huff49', 'woods158', 'eloper', 'ajurgons', 'eoverly', 'suh56', 'perry179', 'cdhuffma', 'le133', 'jdaliber', 'hill392', 'tgrotzer', 'chen3141', 'robin451', 'ckayrou', 'reppertm', 'mculliso', 'czensho', 'branch4', 'raderc', 'stephae', 'huff51', None, 'royer4', 'zbuford', 'cokuszki']"
57,135,22,11,5,"['robin451', 'perry179', 'huff49', 'woods158', 'royer4']",16,"['chen3141', 'zbuford', 'cokuszki', 'cmauser', 'ajurgons', 'eoverly', 'ckayrou', 'mculliso', 'branch4', 'cdhuffma', 'le133', 'jdaliber', 'raderc', 'kim1947', 'stephae', 'huff51']",6,"['jeremyszilagyi', 'collett', 'pstroik', 'bohlinh', 'hill392', None]",27,"['chen3141', 'cmauser', 'robin451', 'ckayrou', 'mculliso', 'jeremyszilagyi', 'branch4', 'raderc', 'collett', 'kim1947', 'stephae', 'huff49', 'woods158', 'huff51', None, 'royer4', 'zbuford', 'cokuszki', 'ajurgons', 'eoverly', 'perry179', 'cdhuffma', 'le133', 'jdaliber', 'pstroik', 'bohlinh', 'hill392']"
57,133,22,6,1,['huff51'],20,"['cmauser', 'kim1947', 'huff49', 'woods158', 'ajurgons', 'eoverly', 'perry179', 'cdhuffma', 'le133', 'jdaliber', 'chen3141', 'robin451', 'ckayrou', 'mculliso', 'branch4', 'raderc', 'stephae', 'royer4', 'zbuford', 'cokuszki']",5,"['townsj', 'pstroik', 'iyer95', 'eloper', None]",26,"['chen3141', 'cmauser', 'robin451', 'ckayrou', 'mculliso', 'townsj', 'branch4', 'raderc', 'kim1947', 'stephae', 'huff49', 'woods158', 'eloper', 'huff51', None, 'royer4', 'zbuford', 'cokuszki', 'ajurgons', 'eoverly', 'perry179', 'cdhuffma', 'le133', 'jdaliber', 'pstroik', 'iyer95']"
58,551,22,17,15,"['adiazay', 'mperezsu', 'cparedesn', 'yellowone16', 'martaaamr2', 'joseehrb', 'cbarrigaf', 'iogallar18', 'mmuozsq', 'trejito', 'soficalmon', 'josecarloscorchado', 'alnuezr', 'alvaro.ejido', 'maritoflow']",6,"['nnmansourin1', 'rociopirizduran06', 'imogen', 'n.martsinovich', 'maretios01hernandezpacheco', 'egagopri']",2,"[None, 'nleonmol']",23,"['cparedesn', 'yellowone16', 'joseehrb', 'rociopirizduran06', 'maretios01hernandezpacheco', 'egagopri', 'alvaro.ejido', 'adiazay', 'nnmansourin1', 'martaaamr2', 'iogallar18', 'mmuozsq', 'trejito', 'soficalmon', 'josecarloscorchado', 'alnuezr', None, 'maritoflow', 'mperezsu', 'cbarrigaf', 'imogen', 'n.martsinovich', 'nleonmol']"
58,550,22,12,1,['imogen'],20,"['cparedesn', 'yellowone16', 'joseehrb', 'rociopirizduran06', 'maretios01hernandezpacheco', 'egagopri', 'alvaro.ejido', 'adiazay', 'nnmansourin1', 'martaaamr2', 'iogallar18', 'mmuozsq', 'trejito', 'soficalmon', 'josecarloscorchado', 'alnuezr', 'maritoflow', 'mperezsu', 'cbarrigaf', 'n.martsinovich']",11,"['marshaallss', 'mark.newell4', 'jacobwag', 'sandyuni', 'hallamgreene', 'ezlliot', None, 'mnikoniuk88', 'tailer01', 'joemangan180', 'carina98gill']",32,"['adiazay', 'nnmansourin1', 'cparedesn', 'yellowone16', 'martaaamr2', 'joseehrb', 'iogallar18', 'hallamgreene', 'mmuozsq', 'trejito', 'soficalmon', 'josecarloscorchado', 'alnuezr', 'mnikoniuk88', 'joemangan180', None, 'maritoflow', 'mperezsu', 'rociopirizduran06', 'mark.newell4', 'cbarrigaf', 'imogen', 'n.martsinovich', 'jacobwag', 'sandyuni', 'ezlliot', 'maretios01hernandezpacheco', 'egagopri', 'alvaro.ejido', 'tailer01', 'marshaallss', 'carina98gill']"
59,424,21,20,15,"['acarbajalsaucedo', 'frankbenalfred1', 'sergioaop29', 'kevinlb.qfb', 'lorenaduarte', 'camilacce', 'vanerma05', 'patmtz', 'nayellivl84', 'pauxim', 'julianenciso', 'nrecadena', 'andpineda5', 'arelymartineztorres', 'mariaelenacruzmaya']",5,"['karla.guerrero', 'alina.torres', 'ccolina', 'dfmp44', 'qjavn90']",5,"['carolinacafe', 'edgardogutierrez', 'adriromo_31', 'madariaga15', None]",25,"['carolinacafe', 'lorenaduarte', 'dfmp44', 'qjavn90', 'alina.torres', 'sergioaop29', 'nayellivl84', 'pauxim', 'arelymartineztorres', 'acarbajalsaucedo', 'edgardogutierrez', 'adriromo_31', 'vanerma05', 'nrecadena', 'andpineda5', 'madariaga15', None, 'mariaelenacruzmaya', 'karla.guerrero', 'frankbenalfred1', 'kevinlb.qfb', 'ccolina', 'camilacce', 'patmtz', 'julianenciso']"
59,527,21,19,16,"['acarbajalsaucedo', 'frankbenalfred1', 'sergioaop29', 'kevinlb.qfb', 'lorenaduarte', 'camilacce', 'vanerma05', 'patmtz', 'nayellivl84', 'qjavn90', 'pauxim', 'julianenciso', 'nrecadena', 'andpineda5', 'arelymartineztorres', 'mariaelenacruzmaya']",4,"['dfmp44', 'ccolina', 'karla.guerrero', 'alina.torres']",3,"['karlagp11', None, 'csoriano_co']",23,"['lorenaduarte', 'dfmp44', 'qjavn90', 'alina.torres', 'sergioaop29', 'nayellivl84', 'pauxim', 'arelymartineztorres', 'acarbajalsaucedo', 'vanerma05', 'nrecadena', 'andpineda5', 'karlagp11', None, 'mariaelenacruzmaya', 'karla.guerrero', 'frankbenalfred1', 'csoriano_co', 'kevinlb.qfb', 'ccolina', 'camilacce', 'patmtz', 'julianenciso']"
60,148,21,13,1,['liu2476'],19,"['virenkumar2772', 'mohmmedzzz47', 'stuti1812', 'adilparmar580', 'nidhip', 'nidhu0210', 'sharvareegaddime', 'dniraj0109', 'vaishnaviyache12', 'alnimsaj01', 'vismaydevjee', 'ehushubham', 'pranavsakre', 'garima.iyer', 'wongjon', 'smore0316', 'pranavother267', 'vatsalds', 'shubh']",12,"['jabirbin', 'gradyr', 'sahanathota24', 'ramkumaa', 'panditm', 'pkolady', 'ericshuisyy', None, 'bmavreno', 'chong50', 'shah123', 'zheng545']",32,"['gradyr', 'virenkumar2772', 'panditm', 'garima.iyer', 'pkolady', 'ericshuisyy', 'mohmmedzzz47', 'stuti1812', 'wongjon', 'adilparmar580', 'smore0316', 'bmavreno', 'zheng545', 'nidhip', 'chong50', 'jabirbin', 'pranavother267', None, 'ramkumaa', 'sahanathota24', 'nidhu0210', 'shah123', 'liu2476', 'sharvareegaddime', 'dniraj0109', 'vaishnaviyache12', 'vatsalds', 'alnimsaj01', 'shubh', 'vismaydevjee', 'ehushubham', 'pranavsakre']"
60,149,21,11,8,"['virenkumar2772', 'nidhu0210', 'dniraj0109', 'vatsalds', 'shubh', 'ehushubham', 'pranavsakre', 'nidhip']",12,"['pranavother267', 'mohmmedzzz47', 'garima.iyer', 'sharvareegaddime', 'liu2476', 'vaishnaviyache12', 'alnimsaj01', 'vismaydevjee', 'stuti1812', 'wongjon', 'adilparmar580', 'smore0316']",3,"['skbd1980', 'aartipandey04998', None]",23,"['virenkumar2772', 'garima.iyer', 'mohmmedzzz47', 'stuti1812', 'wongjon', 'adilparmar580', 'smore0316', None, 'nidhip', 'pranavother267', 'nidhu0210', 'skbd1980', 'aartipandey04998', 'liu2476', 'sharvareegaddime', 'dniraj0109', 'vaishnaviyache12', 'vatsalds', 'alnimsaj01', 'shubh', 'vismaydevjee', 'ehushubham', 'pranavsakre']"
61,411,21,11,9,"['saiddawela11', 'samuelsoliman99', 'zxw5377', 'gns5153', 'lmd6063', 'kdh5501', 'nmd5719', 'bpr5384', 'binish343']",11,"['khd5077', 'sfr5614', 'rob_carrillo', 'rmm6678', 'giov.esposito19', 'ndriscoll', 'knr5313', 'm.vincent', 'cmj5816', 'mng14', 'gav5115']",2,"['kma6206', None]",22,"['saiddawela11', 'kma6206', 'khd5077', 'zxw5377', 'rmm6678', 'bpr5384', 'lmd6063', 'giov.esposito19', 'ndriscoll', 'm.vincent', None, 'binish343', 'samuelsoliman99', 'sfr5614', 'rob_carrillo', 'gns5153', 'kdh5501', 'nmd5719', 'knr5313', 'cmj5816', 'mng14', 'gav5115']"
62,87,21,20,16,"['drai_me21', 'rishabhsharma699', 'singhpratibha433', 'rrohit_mtech21', 'ssrivastava_mtech21', 'jessicabhat9', 'piyushlionhearts', 'vinayak_kapur', 'taadhithan_mtech21', 'tejasangeeth123', 'rajnish1ece', 'srikiranreddy', 'mjhanwar_mtech21', 'tsingh_mtech21', 'divynish18', 'sjoshi_mtech21']",4,"['jaskiran.gope', 'mahima007', 'musibausolomon15', 'gurmandeepsingh']",4,"['divyasharma', 'ubajpai_mtech21', None, 'avneet']",24,"['musibausolomon15', 'singhpratibha433', 'avneet', 'rrohit_mtech21', 'srikiranreddy', 'sjoshi_mtech21', 'divynish18', 'drai_me21', 'rishabhsharma699', 'piyushlionhearts', 'vinayak_kapur', 'divyasharma', 'tsingh_mtech21', 'jaskiran.gope', 'ubajpai_mtech21', 'ssrivastava_mtech21', 'gurmandeepsingh', 'taadhithan_mtech21', 'tejasangeeth123', None, 'mahima007', 'jessicabhat9', 'rajnish1ece', 'mjhanwar_mtech21']"
62,91,21,19,15,"['jaskiran.gope', 'drai_me21', 'rishabhsharma699', 'singhpratibha433', 'rrohit_mtech21', 'jessicabhat9', 'piyushlionhearts', 'vinayak_kapur', 'taadhithan_mtech21', 'tejasangeeth123', 'rajnish1ece', 'srikiranreddy', 'mjhanwar_mtech21', 'tsingh_mtech21', 'sjoshi_mtech21']",5,"['musibausolomon15', 'mahima007', 'ssrivastava_mtech21', 'gurmandeepsingh', 'divynish18']",4,"['ubajpai_mtech21', 'myush', None, 'avneet']",24,"['musibausolomon15', 'singhpratibha433', 'avneet', 'rrohit_mtech21', 'srikiranreddy', 'sjoshi_mtech21', 'divynish18', 'drai_me21', 'rishabhsharma699', 'piyushlionhearts', 'vinayak_kapur', 'tsingh_mtech21', 'jaskiran.gope', 'ubajpai_mtech21', 'ssrivastava_mtech21', 'gurmandeepsingh', 'taadhithan_mtech21', 'tejasangeeth123', None, 'myush', 'mahima007', 'jessicabhat9', 'rajnish1ece', 'mjhanwar_mtech21']"
62,95,21,19,16,"['jaskiran.gope', 'drai_me21', 'rishabhsharma699', 'singhpratibha433', 'rrohit_mtech21', 'ssrivastava_mtech21', 'piyushlionhearts', 'vinayak_kapur', 'gurmandeepsingh', 'taadhithan_mtech21', 'tejasangeeth123', 'rajnish1ece', 'srikiranreddy', 'mjhanwar_mtech21', 'tsingh_mtech21', 'sjoshi_mtech21']",4,"['mahima007', 'jessicabhat9', 'musibausolomon15', 'divynish18']",3,"['ubajpai_mtech21', 'myush', None]",23,"['musibausolomon15', 'singhpratibha433', 'rrohit_mtech21', 'srikiranreddy', 'sjoshi_mtech21', 'divynish18', 'drai_me21', 'rishabhsharma699', 'piyushlionhearts', 'vinayak_kapur', 'tsingh_mtech21', 'jaskiran.gope', 'ubajpai_mtech21', 'ssrivastava_mtech21', 'gurmandeepsingh', 'taadhithan_mtech21', 'tejasangeeth123', None, 'myush', 'mahima007', 'jessicabhat9', 'rajnish1ece', 'mjhanwar_mtech21']"
62,84,21,15,12,"['drai_me21', 'singhpratibha433', 'rrohit_mtech21', 'jessicabhat9', 'ssrivastava_mtech21', 'piyushlionhearts', 'taadhithan_mtech21', 'vinayak_kapur', 'rajnish1ece', 'mjhanwar_mtech21', 'tejasangeeth123', 'sjoshi_mtech21']",8,"['jaskiran.gope', 'rishabhsharma699', 'musibausolomon15', 'mahima007', 'gurmandeepsingh', 'srikiranreddy', 'tsingh_mtech21', 'divynish18']",3,"['jgope_mtech21', None, 'avneet']",23,"['jaskiran.gope', 'jgope_mtech21', 'musibausolomon15', 'singhpratibha433', 'avneet', 'rrohit_mtech21', 'ssrivastava_mtech21', 'gurmandeepsingh', 'taadhithan_mtech21', 'srikiranreddy', 'tejasangeeth123', None, 'sjoshi_mtech21', 'divynish18', 'drai_me21', 'rishabhsharma699', 'mahima007', 'jessicabhat9', 'piyushlionhearts', 'vinayak_kapur', 'rajnish1ece', 'mjhanwar_mtech21', 'tsingh_mtech21']"
62,93,21,14,10,"['singhpratibha433', 'ssrivastava_mtech21', 'jessicabhat9', 'rrohit_mtech21', 'piyushlionhearts', 'gurmandeepsingh', 'taadhithan_mtech21', 'tsingh_mtech21', 'tejasangeeth123', 'divynish18']",10,"['jaskiran.gope', 'drai_me21', 'rishabhsharma699', 'musibausolomon15', 'mahima007', 'rajnish1ece', 'vinayak_kapur', 'srikiranreddy', 'mjhanwar_mtech21', 'sjoshi_mtech21']",4,"['ankitagupta9268', 'ubajpai_mtech21', 'dosgary03', None]",24,"['jaskiran.gope', 'ubajpai_mtech21', 'musibausolomon15', 'singhpratibha433', 'rrohit_mtech21', 'ssrivastava_mtech21', 'gurmandeepsingh', 'taadhithan_mtech21', 'dosgary03', 'srikiranreddy', 'tejasangeeth123', None, 'sjoshi_mtech21', 'divynish18', 'drai_me21', 'rishabhsharma699', 'mahima007', 'jessicabhat9', 'piyushlionhearts', 'vinayak_kapur', 'rajnish1ece', 'mjhanwar_mtech21', 'ankitagupta9268', 'tsingh_mtech21']"
62,96,21,14,6,"['rishabhsharma699', 'jessicabhat9', 'gurmandeepsingh', 'piyushlionhearts', 'mjhanwar_mtech21', 'sjoshi_mtech21']",14,"['jaskiran.gope', 'drai_me21', 'musibausolomon15', 'singhpratibha433', 'mahima007', 'rrohit_mtech21', 'ssrivastava_mtech21', 'rajnish1ece', 'vinayak_kapur', 'taadhithan_mtech21', 'tejasangeeth123', 'srikiranreddy', 'tsingh_mtech21', 'divynish18']",8,"['bandanapal505', 'janvigupta2309', 'saumyamishra9999', 'karthickcnp', 'divyasharma', 'katikala.himabindu', 'shivadw31', None]",28,"['jaskiran.gope', 'bandanapal505', 'musibausolomon15', 'singhpratibha433', 'rrohit_mtech21', 'ssrivastava_mtech21', 'gurmandeepsingh', 'taadhithan_mtech21', 'katikala.himabindu', 'srikiranreddy', 'tejasangeeth123', None, 'sjoshi_mtech21', 'divynish18', 'drai_me21', 'rishabhsharma699', 'janvigupta2309', 'mahima007', 'jessicabhat9', 'saumyamishra9999', 'piyushlionhearts', 'vinayak_kapur', 'rajnish1ece', 'karthickcnp', 'divyasharma', 'shivadw31', 'mjhanwar_mtech21', 'tsingh_mtech21']"
62,79,21,13,11,"['jaskiran.gope', 'drai_me21', 'singhpratibha433', 'ssrivastava_mtech21', 'rrohit_mtech21', 'jessicabhat9', 'rajnish1ece', 'taadhithan_mtech21', 'vinayak_kapur', 'mjhanwar_mtech21', 'sjoshi_mtech21']",9,"['rishabhsharma699', 'musibausolomon15', 'mahima007', 'piyushlionhearts', 'gurmandeepsingh', 'tejasangeeth123', 'srikiranreddy', 'tsingh_mtech21', 'divynish18']",2,"[None, 'avneet']",22,"['jaskiran.gope', 'musibausolomon15', 'singhpratibha433', 'avneet', 'rrohit_mtech21', 'ssrivastava_mtech21', 'gurmandeepsingh', 'taadhithan_mtech21', 'srikiranreddy', 'tejasangeeth123', None, 'sjoshi_mtech21', 'divynish18', 'drai_me21', 'rishabhsharma699', 'mahima007', 'jessicabhat9', 'piyushlionhearts', 'vinayak_kapur', 'rajnish1ece', 'mjhanwar_mtech21', 'tsingh_mtech21']"
62,98,21,13,11,"['rishabhsharma699', 'singhpratibha433', 'rrohit_mtech21', 'sjoshi_mtech21', 'piyushlionhearts', 'gurmandeepsingh', 'vinayak_kapur', 'srikiranreddy', 'tsingh_mtech21', 'tejasangeeth123', 'divynish18']",9,"['jaskiran.gope', 'drai_me21', 'musibausolomon15', 'mahima007', 'ssrivastava_mtech21', 'jessicabhat9', 'rajnish1ece', 'taadhithan_mtech21', 'mjhanwar_mtech21']",2,"['jgope_mtech21', None]",22,"['jaskiran.gope', 'jgope_mtech21', 'musibausolomon15', 'singhpratibha433', 'rrohit_mtech21', 'ssrivastava_mtech21', 'gurmandeepsingh', 'taadhithan_mtech21', 'srikiranreddy', 'tejasangeeth123', None, 'sjoshi_mtech21', 'divynish18', 'drai_me21', 'rishabhsharma699', 'mahima007', 'jessicabhat9', 'piyushlionhearts', 'vinayak_kapur', 'rajnish1ece', 'mjhanwar_mtech21', 'tsingh_mtech21']"
62,80,21,9,1,['mahima007'],19,"['musibausolomon15', 'singhpratibha433', 'rrohit_mtech21', 'srikiranreddy', 'divynish18', 'sjoshi_mtech21', 'drai_me21', 'rishabhsharma699', 'piyushlionhearts', 'vinayak_kapur', 'tsingh_mtech21', 'jaskiran.gope', 'ssrivastava_mtech21', 'gurmandeepsingh', 'taadhithan_mtech21', 'tejasangeeth123', 'jessicabhat9', 'rajnish1ece', 'mjhanwar_mtech21']",8,"['shriya.prakash', 'emarishikataria2000', 'sowmya_1999', 'nitya4264', 'kundu.saran16', 'iqra019mtece21', 'shubhamsoft1299', None]",28,"['jaskiran.gope', 'musibausolomon15', 'singhpratibha433', 'emarishikataria2000', 'sowmya_1999', 'rrohit_mtech21', 'ssrivastava_mtech21', 'gurmandeepsingh', 'taadhithan_mtech21', 'srikiranreddy', 'tejasangeeth123', None, 'sjoshi_mtech21', 'divynish18', 'shriya.prakash', 'drai_me21', 'rishabhsharma699', 'mahima007', 'jessicabhat9', 'piyushlionhearts', 'vinayak_kapur', 'rajnish1ece', 'nitya4264', 'kundu.saran16', 'iqra019mtece21', 'mjhanwar_mtech21', 'shubhamsoft1299', 'tsingh_mtech21']"
62,82,21,9,1,['mahima007'],19,"['musibausolomon15', 'singhpratibha433', 'rrohit_mtech21', 'srikiranreddy', 'divynish18', 'sjoshi_mtech21', 'drai_me21', 'rishabhsharma699', 'piyushlionhearts', 'vinayak_kapur', 'tsingh_mtech21', 'jaskiran.gope', 'ssrivastava_mtech21', 'gurmandeepsingh', 'taadhithan_mtech21', 'tejasangeeth123', 'jessicabhat9', 'rajnish1ece', 'mjhanwar_mtech21']",8,"['shriya.prakash', 'emarishikataria2000', 'sowmya_1999', 'nitya4264', 'divyasharma', 'kundu.saran16', 'iqra019mtece21', None]",28,"['jaskiran.gope', 'musibausolomon15', 'singhpratibha433', 'emarishikataria2000', 'sowmya_1999', 'rrohit_mtech21', 'ssrivastava_mtech21', 'gurmandeepsingh', 'taadhithan_mtech21', 'srikiranreddy', 'tejasangeeth123', None, 'sjoshi_mtech21', 'divynish18', 'shriya.prakash', 'drai_me21', 'rishabhsharma699', 'mahima007', 'jessicabhat9', 'piyushlionhearts', 'vinayak_kapur', 'rajnish1ece', 'nitya4264', 'divyasharma', 'kundu.saran16', 'iqra019mtece21', 'mjhanwar_mtech21', 'tsingh_mtech21']"
62,89,21,9,7,"['rishabhsharma699', 'singhpratibha433', 'ssrivastava_mtech21', 'rajnish1ece', 'taadhithan_mtech21', 'vinayak_kapur', 'divynish18']",13,"['jaskiran.gope', 'drai_me21', 'musibausolomon15', 'mahima007', 'rrohit_mtech21', 'jessicabhat9', 'piyushlionhearts', 'gurmandeepsingh', 'tejasangeeth123', 'srikiranreddy', 'mjhanwar_mtech21', 'tsingh_mtech21', 'sjoshi_mtech21']",2,"['divyasharma', None]",22,"['jaskiran.gope', 'musibausolomon15', 'singhpratibha433', 'rrohit_mtech21', 'ssrivastava_mtech21', 'gurmandeepsingh', 'taadhithan_mtech21', 'srikiranreddy', 'tejasangeeth123', None, 'sjoshi_mtech21', 'divynish18', 'drai_me21', 'rishabhsharma699', 'mahima007', 'jessicabhat9', 'piyushlionhearts', 'vinayak_kapur', 'rajnish1ece', 'divyasharma', 'mjhanwar_mtech21', 'tsingh_mtech21']"
62,97,21,9,1,['mahima007'],19,"['musibausolomon15', 'singhpratibha433', 'rrohit_mtech21', 'srikiranreddy', 'divynish18', 'sjoshi_mtech21', 'drai_me21', 'rishabhsharma699', 'piyushlionhearts', 'vinayak_kapur', 'tsingh_mtech21', 'jaskiran.gope', 'ssrivastava_mtech21', 'gurmandeepsingh', 'taadhithan_mtech21', 'tejasangeeth123', 'jessicabhat9', 'rajnish1ece', 'mjhanwar_mtech21']",8,"['deepakiitkgp04', 'shriya.prakash', 'janvigupta2309', 'sowmya_1999', 'nitya4264', 'isha.threshold', 'iqra019mtece21', None]",28,"['jaskiran.gope', 'deepakiitkgp04', 'musibausolomon15', 'singhpratibha433', 'sowmya_1999', 'rrohit_mtech21', 'ssrivastava_mtech21', 'gurmandeepsingh', 'taadhithan_mtech21', 'isha.threshold', 'srikiranreddy', 'tejasangeeth123', None, 'sjoshi_mtech21', 'divynish18', 'shriya.prakash', 'drai_me21', 'rishabhsharma699', 'janvigupta2309', 'mahima007', 'jessicabhat9', 'piyushlionhearts', 'vinayak_kapur', 'rajnish1ece', 'nitya4264', 'iqra019mtece21', 'mjhanwar_mtech21', 'tsingh_mtech21']"
62,78,21,7,6,"['singhpratibha433', 'rrohit_mtech21', 'jessicabhat9', 'ssrivastava_mtech21', 'mjhanwar_mtech21', 'tsingh_mtech21']",14,"['jaskiran.gope', 'drai_me21', 'rishabhsharma699', 'musibausolomon15', 'mahima007', 'sjoshi_mtech21', 'piyushlionhearts', 'vinayak_kapur', 'gurmandeepsingh', 'taadhithan_mtech21', 'rajnish1ece', 'srikiranreddy', 'tejasangeeth123', 'divynish18']",1,[None],21,"['jaskiran.gope', 'musibausolomon15', 'singhpratibha433', 'rrohit_mtech21', 'ssrivastava_mtech21', 'gurmandeepsingh', 'taadhithan_mtech21', 'srikiranreddy', 'tejasangeeth123', None, 'sjoshi_mtech21', 'divynish18', 'drai_me21', 'rishabhsharma699', 'mahima007', 'jessicabhat9', 'piyushlionhearts', 'vinayak_kapur', 'rajnish1ece', 'mjhanwar_mtech21', 'tsingh_mtech21']"
62,81,21,7,2,"['drai_me21', 'tsingh_mtech21']",18,"['jaskiran.gope', 'rishabhsharma699', 'musibausolomon15', 'singhpratibha433', 'mahima007', 'rrohit_mtech21', 'ssrivastava_mtech21', 'jessicabhat9', 'piyushlionhearts', 'vinayak_kapur', 'gurmandeepsingh', 'taadhithan_mtech21', 'rajnish1ece', 'srikiranreddy', 'mjhanwar_mtech21', 'tejasangeeth123', 'divynish18', 'sjoshi_mtech21']",5,"['bandanapal505', 'saumyamishra9999', 'sshivani', 'divyasharma', None]",25,"['jaskiran.gope', 'bandanapal505', 'musibausolomon15', 'singhpratibha433', 'rrohit_mtech21', 'ssrivastava_mtech21', 'gurmandeepsingh', 'taadhithan_mtech21', 'sshivani', 'srikiranreddy', 'tejasangeeth123', None, 'sjoshi_mtech21', 'divynish18', 'drai_me21', 'rishabhsharma699', 'mahima007', 'jessicabhat9', 'saumyamishra9999', 'piyushlionhearts', 'vinayak_kapur', 'rajnish1ece', 'divyasharma', 'mjhanwar_mtech21', 'tsingh_mtech21']"
62,83,21,7,1,['vinayak_kapur'],19,"['musibausolomon15', 'singhpratibha433', 'rrohit_mtech21', 'srikiranreddy', 'divynish18', 'sjoshi_mtech21', 'drai_me21', 'rishabhsharma699', 'piyushlionhearts', 'tsingh_mtech21', 'jaskiran.gope', 'ssrivastava_mtech21', 'gurmandeepsingh', 'taadhithan_mtech21', 'tejasangeeth123', 'mahima007', 'jessicabhat9', 'rajnish1ece', 'mjhanwar_mtech21']",6,"['bandanapal505', 'janvigupta2309', 'tanyajaiswal27', 'saumyamishra9999', 'divyasharma', None]",26,"['jaskiran.gope', 'bandanapal505', 'musibausolomon15', 'singhpratibha433', 'tanyajaiswal27', 'rrohit_mtech21', 'ssrivastava_mtech21', 'gurmandeepsingh', 'taadhithan_mtech21', 'srikiranreddy', 'tejasangeeth123', None, 'sjoshi_mtech21', 'divynish18', 'drai_me21', 'rishabhsharma699', 'janvigupta2309', 'mahima007', 'jessicabhat9', 'saumyamishra9999', 'piyushlionhearts', 'vinayak_kapur', 'rajnish1ece', 'divyasharma', 'mjhanwar_mtech21', 'tsingh_mtech21']"
62,86,21,6,1,['ssrivastava_mtech21'],19,"['musibausolomon15', 'singhpratibha433', 'rrohit_mtech21', 'srikiranreddy', 'divynish18', 'sjoshi_mtech21', 'drai_me21', 'rishabhsharma699', 'piyushlionhearts', 'vinayak_kapur', 'tsingh_mtech21', 'jaskiran.gope', 'gurmandeepsingh', 'taadhithan_mtech21', 'tejasangeeth123', 'mahima007', 'jessicabhat9', 'rajnish1ece', 'mjhanwar_mtech21']",5,"['bandanapal505', 'janvigupta2309', 'saumyamishra9999', 'divyasharma', None]",25,"['jaskiran.gope', 'bandanapal505', 'musibausolomon15', 'singhpratibha433', 'rrohit_mtech21', 'ssrivastava_mtech21', 'gurmandeepsingh', 'taadhithan_mtech21', 'srikiranreddy', 'tejasangeeth123', None, 'sjoshi_mtech21', 'divynish18', 'drai_me21', 'rishabhsharma699', 'janvigupta2309', 'mahima007', 'jessicabhat9', 'saumyamishra9999', 'piyushlionhearts', 'vinayak_kapur', 'rajnish1ece', 'divyasharma', 'mjhanwar_mtech21', 'tsingh_mtech21']"
63,608,21,52,15,"['jhonjustin.rotulo.pharma', 'louierince.suyo.pharma', 'stephenmnl', 'elladenese.maglaqui', 'reyaneivy14', 'leannenoleen', 'algo4', 'roycemarjheane.arcigal.pharma', 'mlb1', 'airadacasin', 'ryne21', 'pampilemon03', 'sophiamarie.castillo.pharma', 'charlesnylxon.noriega.pharma', 'mikad98']",5,"['thicamina', 'ryanlester.momo.pharma', 'zandramikaela', 'paulakate.so.pharma', 'romelpaulhilario']",37,"['jcaasi28', 'bridgettekaycee.cruz.pharma', 'riyanvillanueva', 'annvictoria913', 'sophiallison', 'eularussea.velasquez.pharma', 'daniellelozanes', 'nicoleclarence', 'franzesybile99', 'marikojoycedimasuay30612', 'j.martin', 'roxyyy', 'irwinrommel.vergara.pharma', 'rodrigojohn.nogoy.pharma', 'reinaaramiroo', 'allien', 'origenes', 'psychevillegas', 'kennethvictor.mamawag.pharma', 'raemonjames.arcinue.pharma', 'mylesdlcrz', 'eenlim', 'aubreyclaire.gomez.pharma', 'ncloleii', 'biochemistyarn', 'ycagallardo', 'sophiagutierrez60', 'ldelacruz129', None, 'fenilouizbeth.batula', 'christinejoy.villanueva', 'jecalvarez2022', 'jeongeun.ha.pharma', 'vincetyrell.yongco.pharma', 'alexandrapineda00', 'raymundsennuel.limbo', 'angelomarquise.callanta.pharma']",57,"['jcaasi28', 'bridgettekaycee.cruz.pharma', 'elladenese.maglaqui', 'riyanvillanueva', 'annvictoria913', 'eularussea.velasquez.pharma', 'nicoleclarence', 'marikojoycedimasuay30612', 'irwinrommel.vergara.pharma', 'mlb1', 'reinaaramiroo', 'allien', 'psychevillegas', 'kennethvictor.mamawag.pharma', 'mylesdlcrz', 'thicamina', 'louierince.suyo.pharma', 'aubreyclaire.gomez.pharma', 'biochemistyarn', 'ycagallardo', 'airadacasin', 'zandramikaela', 'sophiagutierrez60', 'ldelacruz129', 'fenilouizbeth.batula', 'stephenmnl', 'christinejoy.villanueva', 'algo4', 'jeongeun.ha.pharma', 'vincetyrell.yongco.pharma', 'pampilemon03', 'raymundsennuel.limbo', 'charlesnylxon.noriega.pharma', 'leannenoleen', 'roycemarjheane.arcigal.pharma', 'sophiallison', 'daniellelozanes', 'ryne21', 'franzesybile99', 'j.martin', 'jhonjustin.rotulo.pharma', 'roxyyy', 'rodrigojohn.nogoy.pharma', 'origenes', 'raemonjames.arcinue.pharma', 'eenlim', 'romelpaulhilario', 'ncloleii', 'reyaneivy14', 'sophiamarie.castillo.pharma', 'paulakate.so.pharma', None, 'mikad98', 'ryanlester.momo.pharma', 'jecalvarez2022', 'alexandrapineda00', 'angelomarquise.callanta.pharma']"
63,438,21,42,14,"['jhonjustin.rotulo.pharma', 'louierince.suyo.pharma', 'stephenmnl', 'elladenese.maglaqui', 'reyaneivy14', 'algo4', 'roycemarjheane.arcigal.pharma', 'mlb1', 'airadacasin', 'ryne21', 'pampilemon03', 'sophiamarie.castillo.pharma', 'charlesnylxon.noriega.pharma', 'mikad98']",6,"['thicamina', 'leannenoleen', 'ryanlester.momo.pharma', 'zandramikaela', 'paulakate.so.pharma', 'romelpaulhilario']",28,"['riyanvillanueva', 'elianangelo.abellanosa.pharma', 'annvictoria913', 'nicoleclarence', 'sophiallison', 'marikojoycedimasuay30612', 'irwinrommel.vergara.pharma', 'jrivero00', 'rodrigojohn.nogoy.pharma', 'reinaaramiroo', 'allien', 'juzleenpaulette.bracewell.pharma', 'origenes', 'psychevillegas', 'mylesdlcrz', 'eenlim', 'aubreyclaire.gomez.pharma', 'ncloleii', 'biochemistyarn', 'earlbernard.gonzales.pharma', 'ycagallardo', 'sophiagutierrez60', None, 'christinejoy.villanueva', 'jeongeun.ha.pharma', 'alexandrapineda00', 'raymundsennuel.limbo', 'angelomarquise.callanta.pharma']",48,"['elladenese.maglaqui', 'leannenoleen', 'riyanvillanueva', 'roycemarjheane.arcigal.pharma', 'elianangelo.abellanosa.pharma', 'annvictoria913', 'sophiallison', 'nicoleclarence', 'ryne21', 'marikojoycedimasuay30612', 'jhonjustin.rotulo.pharma', 'irwinrommel.vergara.pharma', 'jrivero00', 'rodrigojohn.nogoy.pharma', 'mlb1', 'reinaaramiroo', 'allien', 'angelomarquise.callanta.pharma', 'juzleenpaulette.bracewell.pharma', 'origenes', 'psychevillegas', 'mylesdlcrz', 'eenlim', 'romelpaulhilario', 'raymundsennuel.limbo', 'thicamina', 'louierince.suyo.pharma', 'aubreyclaire.gomez.pharma', 'ncloleii', 'reyaneivy14', 'biochemistyarn', 'earlbernard.gonzales.pharma', 'ycagallardo', 'airadacasin', 'zandramikaela', 'sophiagutierrez60', 'sophiamarie.castillo.pharma', 'paulakate.so.pharma', None, 'mikad98', 'stephenmnl', 'christinejoy.villanueva', 'algo4', 'ryanlester.momo.pharma', 'jeongeun.ha.pharma', 'alexandrapineda00', 'pampilemon03', 'charlesnylxon.noriega.pharma']"
63,319,21,26,1,['jhonjustin.rotulo.pharma'],19,"['elladenese.maglaqui', 'leannenoleen', 'roycemarjheane.arcigal.pharma', 'ryne21', 'mlb1', 'romelpaulhilario', 'thicamina', 'louierince.suyo.pharma', 'reyaneivy14', 'airadacasin', 'zandramikaela', 'sophiamarie.castillo.pharma', 'paulakate.so.pharma', 'mikad98', 'stephenmnl', 'algo4', 'ryanlester.momo.pharma', 'pampilemon03', 'charlesnylxon.noriega.pharma']",25,"['jcaasi28', 'elianangelo.abellanosa.pharma', 'annvictoria913', 'daniellelozanes', 'marikojoycedimasuay30612', 'jrivero00', 'rodrigojohn.nogoy.pharma', 'juzleenpaulette.bracewell.pharma', 'psychevillegas', 'kennethvictor.mamawag.pharma', 'eenlim', 'aubreyclaire.gomez.pharma', 'biochemistyarn', 'earlbernard.gonzales.pharma', 'ycagallardo', 'sophiagutierrez60', None, 'fenilouizbeth.batula', 'jmgsioson000', 'christinejoy.villanueva', 'jeongeun.ha.pharma', 'vincetyrell.yongco.pharma', 'alexandrapineda00', 'raymundsennuel.limbo', 'angelomarquise.callanta.pharma']",45,"['jcaasi28', 'elladenese.maglaqui', 'leannenoleen', 'roycemarjheane.arcigal.pharma', 'elianangelo.abellanosa.pharma', 'annvictoria913', 'daniellelozanes', 'ryne21', 'marikojoycedimasuay30612', 'jhonjustin.rotulo.pharma', 'jrivero00', 'rodrigojohn.nogoy.pharma', 'mlb1', 'angelomarquise.callanta.pharma', 'juzleenpaulette.bracewell.pharma', 'psychevillegas', 'kennethvictor.mamawag.pharma', 'eenlim', 'romelpaulhilario', 'raymundsennuel.limbo', 'thicamina', 'louierince.suyo.pharma', 'aubreyclaire.gomez.pharma', 'biochemistyarn', 'reyaneivy14', 'earlbernard.gonzales.pharma', 'ycagallardo', 'airadacasin', 'zandramikaela', 'sophiagutierrez60', 'sophiamarie.castillo.pharma', 'paulakate.so.pharma', None, 'mikad98', 'jmgsioson000', 'fenilouizbeth.batula', 'stephenmnl', 'christinejoy.villanueva', 'algo4', 'ryanlester.momo.pharma', 'jeongeun.ha.pharma', 'vincetyrell.yongco.pharma', 'alexandrapineda00', 'pampilemon03', 'charlesnylxon.noriega.pharma']"
63,320,21,23,4,"['pampilemon03', 'jhonjustin.rotulo.pharma', 'charlesnylxon.noriega.pharma', 'airadacasin']",16,"['thicamina', 'louierince.suyo.pharma', 'stephenmnl', 'elladenese.maglaqui', 'reyaneivy14', 'leannenoleen', 'algo4', 'ryanlester.momo.pharma', 'roycemarjheane.arcigal.pharma', 'mlb1', 'ryne21', 'zandramikaela', 'sophiamarie.castillo.pharma', 'paulakate.so.pharma', 'romelpaulhilario', 'mikad98']",19,"['jcaasi28', 'riyanvillanueva', 'sophiallison', 'marikojoycedimasuay30612', 'jrivero00', 'rodrigojohn.nogoy.pharma', 'kennethvictor.mamawag.pharma', 'mylesdlcrz', 'aubreyclaire.gomez.pharma', 'ncloleii', 'biochemistyarn', 'earlbernard.gonzales.pharma', 'sophiagutierrez60', None, 'fenilouizbeth.batula', 'jmgsioson000', 'jeongeun.ha.pharma', 'alexandrapineda00', 'raymundsennuel.limbo']",39,"['jcaasi28', 'elladenese.maglaqui', 'leannenoleen', 'riyanvillanueva', 'roycemarjheane.arcigal.pharma', 'sophiallison', 'ryne21', 'marikojoycedimasuay30612', 'jhonjustin.rotulo.pharma', 'jrivero00', 'rodrigojohn.nogoy.pharma', 'mlb1', 'kennethvictor.mamawag.pharma', 'mylesdlcrz', 'raymundsennuel.limbo', 'romelpaulhilario', 'thicamina', 'louierince.suyo.pharma', 'aubreyclaire.gomez.pharma', 'ncloleii', 'reyaneivy14', 'biochemistyarn', 'earlbernard.gonzales.pharma', 'airadacasin', 'zandramikaela', 'sophiagutierrez60', 'sophiamarie.castillo.pharma', 'paulakate.so.pharma', None, 'mikad98', 'jmgsioson000', 'fenilouizbeth.batula', 'stephenmnl', 'algo4', 'ryanlester.momo.pharma', 'jeongeun.ha.pharma', 'alexandrapineda00', 'pampilemon03', 'charlesnylxon.noriega.pharma']"
63,437,21,13,7,"['thicamina', 'louierince.suyo.pharma', 'leannenoleen', 'pampilemon03', 'sophiamarie.castillo.pharma', 'charlesnylxon.noriega.pharma', 'mikad98']",13,"['jhonjustin.rotulo.pharma', 'stephenmnl', 'elladenese.maglaqui', 'reyaneivy14', 'algo4', 'ryanlester.momo.pharma', 'roycemarjheane.arcigal.pharma', 'mlb1', 'airadacasin', 'ryne21', 'zandramikaela', 'paulakate.so.pharma', 'romelpaulhilario']",6,"['irwinrommel.vergara.pharma', 'jeongeun.ha.pharma', 'annvictoria913', 'aria8', None, 'eenlim']",26,"['thicamina', 'louierince.suyo.pharma', 'elladenese.maglaqui', 'reyaneivy14', 'leannenoleen', 'roycemarjheane.arcigal.pharma', 'annvictoria913', 'airadacasin', 'ryne21', 'zandramikaela', 'sophiamarie.castillo.pharma', 'paulakate.so.pharma', None, 'mikad98', 'jhonjustin.rotulo.pharma', 'stephenmnl', 'algo4', 'ryanlester.momo.pharma', 'irwinrommel.vergara.pharma', 'mlb1', 'jeongeun.ha.pharma', 'aria8', 'pampilemon03', 'charlesnylxon.noriega.pharma', 'eenlim', 'romelpaulhilario']"
64,539,20,99,14,"['lee3441', 'kurtz11', 'nganti', 'eaaltone', 'bbutzow', 'nlueck', 'pbaugh', 'joshi146', 'alecsabia', 'achortos', 'reyno169', 'kmccorry', 'piaow', 'vrangapr']",5,"['milama', 'ramey10', 'ozgen', 'mrgiglio', 'almarzoa']",85,"['ajadalla', 'pzellerh', 'huan1534', 'mathury', 'chatte26', 'abaccar', 'oshindel', 'avneesh123', 'mcclur26', 'kim2836', 'balaji26', 'efoesch', 'tvrbanci', 'saraswanlund', 'hart136', 'will2060', 'jackwalsh2133', 'chris267', 'jasinghepraneel', 'viswan11', 'mlollino', 'perez353', 'tneidlei', 'kapurdue20', 'cchabria', 'tboerner', 'kim2896', 'cdswank', 'tbagnoli', 'clark765', 'evans412', 'haejik', 'conwuche', 'lee3586', 'shi522', 'bkhaller', 'mkumnoon', 'marisol', 'aangolds', 'bmoy9000', 'beelern', 'huan1543', 'ikraft', 'zgeorgev', 'ganesh24', 'ebregi', 'ishaanjthakur', 'cox304', 'mnd0831', 'schellir', 'auagashe', 'graha205', 'kmvose1', 'amou', 'patrickcooney17', 'jrpare', 'smit3776', 'jasiankim8601', 'wang4425', 'eerivona', 'hrumsey', 'yates40', 'ndegraaf', 'rdheer', 'perryem', 'swburkh123', 'eudell', 'darrenmlie', 'cpamatma', None, 'mcatter', 'jalalfarooka', 'biglera', 'msabbagh', 'mgobry', 'srosoff', 'sharm464', 'ebalevic', 'richa482', 'mdemarco210', 'robbin40', 'lin1121', 'carsonwilliams', 'ebarranc', 'zrnelson']",104,"['lee3441', 'ajadalla', 'pzellerh', 'eaaltone', 'huan1534', 'mathury', 'chatte26', 'abaccar', 'oshindel', 'nlueck', 'avneesh123', 'mcclur26', 'kim2836', 'balaji26', 'efoesch', 'tvrbanci', 'saraswanlund', 'hart136', 'piaow', 'will2060', 'jackwalsh2133', 'chris267', 'jasinghepraneel', 'viswan11', 'vrangapr', 'mlollino', 'perez353', 'tneidlei', 'kapurdue20', 'cchabria', 'tboerner', 'kim2896', 'cdswank', 'tbagnoli', 'clark765', 'evans412', 'almarzoa', 'haejik', 'reyno169', 'nganti', 'conwuche', 'lee3586', 'shi522', 'bkhaller', 'mkumnoon', 'marisol', 'aangolds', 'milama', 'bmoy9000', 'beelern', 'huan1543', 'joshi146', 'ikraft', 'zgeorgev', 'ganesh24', 'ebregi', 'ishaanjthakur', 'ozgen', 'mrgiglio', 'cox304', 'mnd0831', 'schellir', 'auagashe', 'graha205', 'kmvose1', 'kurtz11', 'amou', 'patrickcooney17', 'jrpare', 'smit3776', 'jasiankim8601', 'wang4425', 'pbaugh', 'eerivona', 'hrumsey', 'alecsabia', 'yates40', 'ndegraaf', 'rdheer', 'perryem', 'swburkh123', 'eudell', 'darrenmlie', 'cpamatma', 'kmccorry', None, 'mcatter', 'jalalfarooka', 'biglera', 'msabbagh', 'mgobry', 'ramey10', 'srosoff', 'sharm464', 'ebalevic', 'richa482', 'achortos', 'robbin40', 'mdemarco210', 'lin1121', 'carsonwilliams', 'ebarranc', 'bbutzow', 'zrnelson']"
64,280,20,70,16,"['lee3441', 'milama', 'nganti', 'eaaltone', 'ramey10', 'mrgiglio', 'bbutzow', 'nlueck', 'pbaugh', 'joshi146', 'alecsabia', 'almarzoa', 'reyno169', 'kmccorry', 'piaow', 'vrangapr']",3,"['kurtz11', 'ozgen', 'achortos']",54,"['spivakm', 'jverduzc', 'mademoiselle0812', 'alafzi', 'snowling', 'solimana', 'jwat', 'kim2836', 'paul115', 'tschoste', 'sharm524', 'mahdinanohub', 'zhan2846', 'wu1254', 'tmahlma', 'sulli256', 'nykiel.4', 'kumar534', 'ethan2', 'pmangana', 'chen2122', 'hgrennan', 'lucywagner', 'mart1282', 'rapplet', 'hill392', 'sawantk', 'psalek', 'jbarsima', 'reppertm', 'cchabria', 'mcclurez', 'zhan4096', 'frankzhou', 'apunnamo', 'mishra94', 'hnowak', 'dfarache', 'ltopliff', 'jmacatan', 'ahads', 'ercikan', None, 'marisol', 'kumar477', 'lund3', 'pandes', 'gnishibu', 'hguangshuai', 'darint916', 'singh606', 'wishard', 'ryan103', 'aloysius']",73,"['lee3441', 'eaaltone', 'snowling', 'solimana', 'nlueck', 'jwat', 'kim2836', 'mahdinanohub', 'zhan2846', 'wu1254', 'piaow', 'nykiel.4', 'pmangana', 'chen2122', 'vrangapr', 'mart1282', 'sawantk', 'psalek', 'jbarsima', 'cchabria', 'mcclurez', 'frankzhou', 'hnowak', 'almarzoa', 'dfarache', 'reyno169', 'nganti', 'ltopliff', 'marisol', 'milama', 'lund3', 'pandes', 'joshi146', 'jmacatan', 'aloysius', 'spivakm', 'jverduzc', 'mademoiselle0812', 'alafzi', 'ozgen', 'mrgiglio', 'sharm524', 'paul115', 'tschoste', 'kurtz11', 'tmahlma', 'sulli256', 'pbaugh', 'alecsabia', 'kumar534', 'ethan2', 'hgrennan', 'lucywagner', 'rapplet', 'hill392', 'reppertm', 'zhan4096', 'apunnamo', 'mishra94', 'kmccorry', 'ahads', 'ercikan', None, 'kumar477', 'gnishibu', 'hguangshuai', 'ramey10', 'darint916', 'singh606', 'achortos', 'wishard', 'ryan103', 'bbutzow']"
64,538,20,24,16,"['lee3441', 'milama', 'nganti', 'ramey10', 'mrgiglio', 'bbutzow', 'pbaugh', 'nlueck', 'joshi146', 'alecsabia', 'achortos', 'almarzoa', 'reyno169', 'kmccorry', 'piaow', 'vrangapr']",3,"['kurtz11', 'ozgen', 'eaaltone']",8,"['spivakm', 'marisol', 'jbarsima', 'tboerner', 'kim2836', 'singh606', 'hart136', None]",27,"['lee3441', 'spivakm', 'eaaltone', 'ozgen', 'mrgiglio', 'nlueck', 'kim2836', 'hart136', 'piaow', 'kurtz11', 'pbaugh', 'alecsabia', 'vrangapr', 'jbarsima', 'tboerner', 'almarzoa', 'reyno169', 'nganti', 'kmccorry', None, 'marisol', 'milama', 'ramey10', 'singh606', 'joshi146', 'achortos', 'bbutzow']"
65,14,20,66,6,"['kayou', 'odsaihankhulan', 'enkhdelkhiitemuujin', 'huhtumur4', 'mandakhbayarbal', 'banudari17']",13,"['sheisalyestacion', 'salterm', 'aldrinantony', 'jancelmabuyog14', 'ashtonrathje', 'antonius.a.ghaly', 'jerryvcb', 'radiahz', 'akirakaiba', 'shameema', 'johnobamedo', 'allenjoseph', 'yz12307110307']",60,"['kh.me011230', 'telmen', 'jadambajaak874', 'lnyamdorj467', 'koyunchuluun', 'jiigee2001', 'murun', 'enkhtur.ga', 'adiya.enhadiya', 'mnkymgaa', 'boji', 'b.chimedragchaa', 'khostushig', 'toto0511', 'bayaraatsendee40', 'minom474', 'sisihub', 'dddashnyam17', 'burenzaya', 'tengisbold21', 'rdnbt0129', 'uugii02', 'hongorotgon0801', 'batuukb802', 'altka180', 'sh.dulguun813', 'sodoosodko49', 'gazegamer813', 'bayaraa0330', 'etrade409', 'aagi217', 'bileg716', 'zulaazulsar121', 'btemuulen803', 'sodoosaresoda', 'samka', 'maralmaa.choisronjaw', 'azjargal.azka12', 'baterdene', 'azmo29', 'altantsooj', 'ariunbold', 'tengis.odgerel', 'bolderdenekhuyag', 'nanohub55', 'a.zoloo168', 'boogii', None, 'ban0929', 'purevdasherkhembayar', 'kezi', 'anuk.zaya911', 'sleepy02', 'khulan', 'naruka700', 'gerelmaa', 'asaikhna2', 'bayaraa', 'delgermurn', 'munkhbayar.b1337']",79,"['kh.me011230', 'telmen', 'jancelmabuyog14', 'jadambajaak874', 'lnyamdorj467', 'koyunchuluun', 'jerryvcb', 'adiya.enhadiya', 'b.chimedragchaa', 'bayaraatsendee40', 'sisihub', 'dddashnyam17', 'tengisbold21', 'sheisalyestacion', 'uugii02', 'batuukb802', 'altka180', 'enkhdelkhiitemuujin', 'sh.dulguun813', 'huhtumur4', 'gazegamer813', 'bayaraa0330', 'allenjoseph', 'yz12307110307', 'zulaazulsar121', 'btemuulen803', 'kayou', 'samka', 'azjargal.azka12', 'azmo29', 'banudari17', 'nanohub55', 'boogii', 'ban0929', 'purevdasherkhembayar', 'sleepy02', 'khulan', 'gerelmaa', 'radiahz', 'asaikhna2', 'johnobamedo', 'delgermurn', 'murun', 'salterm', 'ashtonrathje', 'jiigee2001', 'enkhtur.ga', 'mnkymgaa', 'boji', 'khostushig', 'toto0511', 'munkhbayar.b1337', 'minom474', 'burenzaya', 'rdnbt0129', 'odsaihankhulan', 'hongorotgon0801', 'sodoosodko49', 'etrade409', 'aagi217', 'bileg716', 'sodoosaresoda', 'aldrinantony', 'maralmaa.choisronjaw', 'baterdene', 'altantsooj', 'ariunbold', 'tengis.odgerel', 'bolderdenekhuyag', 'a.zoloo168', None, 'kezi', 'anuk.zaya911', 'antonius.a.ghaly', 'naruka700', 'mandakhbayarbal', 'bayaraa', 'shameema', 'akirakaiba']"
65,191,20,27,5,"['kayou', 'odsaihankhulan', 'enkhdelkhiitemuujin', 'huhtumur4', 'banudari17']",14,"['sheisalyestacion', 'salterm', 'aldrinantony', 'jancelmabuyog14', 'ashtonrathje', 'antonius.a.ghaly', 'jerryvcb', 'mandakhbayarbal', 'radiahz', 'akirakaiba', 'shameema', 'johnobamedo', 'allenjoseph', 'yz12307110307']",22,"['jiigee2001', 'koyunchuluun', 'murun', 'enkhtur.ga', 'adiya.enhadiya', 'khostushig', 'dddashnyam17', 'burenzaya', 'gazegamer813', 'aagi217', 'zulaazulsar121', 'maralmaa.choisronjaw', 'azjargal.azka12', 'baterdene', 'ariunbold', 'bolderdenekhuyag', 'a.zoloo168', None, 'ban0929', 'anuk.zaya911', 'bayaraa', 'altka180']",41,"['salterm', 'jancelmabuyog14', 'ashtonrathje', 'jiigee2001', 'koyunchuluun', 'jerryvcb', 'murun', 'enkhtur.ga', 'adiya.enhadiya', 'khostushig', 'dddashnyam17', 'burenzaya', 'sheisalyestacion', 'odsaihankhulan', 'altka180', 'enkhdelkhiitemuujin', 'huhtumur4', 'gazegamer813', 'aagi217', 'allenjoseph', 'yz12307110307', 'zulaazulsar121', 'aldrinantony', 'kayou', 'maralmaa.choisronjaw', 'azjargal.azka12', 'baterdene', 'ariunbold', 'banudari17', 'bolderdenekhuyag', 'a.zoloo168', None, 'ban0929', 'anuk.zaya911', 'antonius.a.ghaly', 'mandakhbayarbal', 'radiahz', 'bayaraa', 'shameema', 'johnobamedo', 'akirakaiba']"
65,15,20,20,4,"['ashtonrathje', 'radiahz', 'salterm', 'shameema']",15,"['sheisalyestacion', 'aldrinantony', 'odsaihankhulan', 'kayou', 'jancelmabuyog14', 'enkhdelkhiitemuujin', 'antonius.a.ghaly', 'jerryvcb', 'huhtumur4', 'mandakhbayarbal', 'akirakaiba', 'banudari17', 'johnobamedo', 'allenjoseph', 'yz12307110307']",16,"['caudillsj', 'dustinhl', 'knightnb', 'salazarm2', 'dawkinsm2', 'claytons2', 'suchemj', 'bordenkirdm', 'afilalhe', 'youngkd', 'alsharieffa', 'vallejora2', 'buienm', 'patelda23', None, 'yeattsba']",35,"['salterm', 'jancelmabuyog14', 'ashtonrathje', 'knightnb', 'jerryvcb', 'suchemj', 'bordenkirdm', 'afilalhe', 'buienm', 'yeattsba', 'sheisalyestacion', 'odsaihankhulan', 'enkhdelkhiitemuujin', 'huhtumur4', 'claytons2', 'alsharieffa', 'allenjoseph', 'yz12307110307', 'aldrinantony', 'kayou', 'dustinhl', 'salazarm2', 'banudari17', 'vallejora2', 'patelda23', None, 'caudillsj', 'antonius.a.ghaly', 'dawkinsm2', 'mandakhbayarbal', 'radiahz', 'youngkd', 'shameema', 'johnobamedo', 'akirakaiba']"
65,192,20,18,4,"['ashtonrathje', 'radiahz', 'salterm', 'shameema']",15,"['sheisalyestacion', 'aldrinantony', 'odsaihankhulan', 'kayou', 'jancelmabuyog14', 'enkhdelkhiitemuujin', 'antonius.a.ghaly', 'jerryvcb', 'huhtumur4', 'mandakhbayarbal', 'akirakaiba', 'banudari17', 'johnobamedo', 'allenjoseph', 'yz12307110307']",14,"['caudillsj', 'dustinhl', 'knightnb', 'salazarm2', 'dawkinsm2', 'claytons2', 'suchemj', 'bordenkirdm', 'youngkd', 'alsharieffa', 'vallejora2', 'patelda23', None, 'yeattsba']",33,"['salterm', 'aldrinantony', 'kayou', 'dustinhl', 'jancelmabuyog14', 'ashtonrathje', 'knightnb', 'salazarm2', 'jerryvcb', 'akirakaiba', 'suchemj', 'banudari17', 'bordenkirdm', 'vallejora2', 'patelda23', None, 'yeattsba', 'sheisalyestacion', 'caudillsj', 'odsaihankhulan', 'enkhdelkhiitemuujin', 'antonius.a.ghaly', 'dawkinsm2', 'huhtumur4', 'claytons2', 'mandakhbayarbal', 'radiahz', 'youngkd', 'shameema', 'johnobamedo', 'alsharieffa', 'allenjoseph', 'yz12307110307']"
65,11,20,13,1,['huhtumur4'],18,"['sheisalyestacion', 'salterm', 'aldrinantony', 'odsaihankhulan', 'kayou', 'jancelmabuyog14', 'ashtonrathje', 'enkhdelkhiitemuujin', 'antonius.a.ghaly', 'jerryvcb', 'mandakhbayarbal', 'radiahz', 'akirakaiba', 'banudari17', 'shameema', 'johnobamedo', 'allenjoseph', 'yz12307110307']",12,"['telmen', 'azmo29', 'ariunbold', 'enkhtur.ga', 'adiya.enhadiya', 'gazegamer813', 'gerelmaa', 'a.zoloo168', 'batbayr', None, 'munkhbayar.b1337', 'ban0929']",31,"['salterm', 'telmen', 'aldrinantony', 'kayou', 'jancelmabuyog14', 'ashtonrathje', 'jerryvcb', 'azmo29', 'ariunbold', 'enkhtur.ga', 'akirakaiba', 'adiya.enhadiya', 'banudari17', 'a.zoloo168', 'batbayr', 'munkhbayar.b1337', None, 'ban0929', 'sheisalyestacion', 'odsaihankhulan', 'enkhdelkhiitemuujin', 'antonius.a.ghaly', 'huhtumur4', 'mandakhbayarbal', 'radiahz', 'gazegamer813', 'gerelmaa', 'shameema', 'johnobamedo', 'allenjoseph', 'yz12307110307']"
65,189,20,13,1,['huhtumur4'],18,"['sheisalyestacion', 'salterm', 'aldrinantony', 'odsaihankhulan', 'kayou', 'jancelmabuyog14', 'ashtonrathje', 'enkhdelkhiitemuujin', 'antonius.a.ghaly', 'jerryvcb', 'mandakhbayarbal', 'radiahz', 'akirakaiba', 'banudari17', 'shameema', 'johnobamedo', 'allenjoseph', 'yz12307110307']",12,"['telmen', 'azmo29', 'ariunbold', 'enkhtur.ga', 'adiya.enhadiya', 'gazegamer813', 'gerelmaa', 'a.zoloo168', 'batbayr', None, 'munkhbayar.b1337', 'ban0929']",31,"['salterm', 'telmen', 'aldrinantony', 'kayou', 'jancelmabuyog14', 'ashtonrathje', 'jerryvcb', 'azmo29', 'ariunbold', 'enkhtur.ga', 'akirakaiba', 'adiya.enhadiya', 'banudari17', 'a.zoloo168', 'batbayr', 'munkhbayar.b1337', None, 'ban0929', 'sheisalyestacion', 'odsaihankhulan', 'enkhdelkhiitemuujin', 'antonius.a.ghaly', 'huhtumur4', 'mandakhbayarbal', 'radiahz', 'gazegamer813', 'gerelmaa', 'shameema', 'johnobamedo', 'allenjoseph', 'yz12307110307']"
65,13,20,12,2,"['akirakaiba', 'jancelmabuyog14']",17,"['sheisalyestacion', 'salterm', 'aldrinantony', 'odsaihankhulan', 'kayou', 'ashtonrathje', 'enkhdelkhiitemuujin', 'antonius.a.ghaly', 'jerryvcb', 'huhtumur4', 'mandakhbayarbal', 'radiahz', 'banudari17', 'shameema', 'johnobamedo', 'allenjoseph', 'yz12307110307']",10,"['kirshe_tiongco05', 'justinekylealitao', 'allinamariemorales', 'pattie', 'lachicaestevan23', 'jekylhyde32', 'kris_yah', 'marii', 'john1973', None]",29,"['salterm', 'kirshe_tiongco05', 'aldrinantony', 'kayou', 'justinekylealitao', 'jancelmabuyog14', 'ashtonrathje', 'allinamariemorales', 'jerryvcb', 'lachicaestevan23', 'akirakaiba', 'banudari17', 'marii', 'john1973', None, 'sheisalyestacion', 'odsaihankhulan', 'enkhdelkhiitemuujin', 'antonius.a.ghaly', 'pattie', 'huhtumur4', 'mandakhbayarbal', 'radiahz', 'jekylhyde32', 'kris_yah', 'shameema', 'johnobamedo', 'allenjoseph', 'yz12307110307']"
65,190,20,10,2,"['akirakaiba', 'jancelmabuyog14']",17,"['sheisalyestacion', 'salterm', 'aldrinantony', 'odsaihankhulan', 'kayou', 'ashtonrathje', 'enkhdelkhiitemuujin', 'antonius.a.ghaly', 'jerryvcb', 'huhtumur4', 'mandakhbayarbal', 'radiahz', 'banudari17', 'shameema', 'johnobamedo', 'allenjoseph', 'yz12307110307']",8,"['kirshe_tiongco05', 'justinekylealitao', 'allinamariemorales', 'pattie', 'jekylhyde32', 'kris_yah', 'marii', None]",27,"['salterm', 'kirshe_tiongco05', 'aldrinantony', 'kayou', 'justinekylealitao', 'jancelmabuyog14', 'ashtonrathje', 'allinamariemorales', 'jerryvcb', 'akirakaiba', 'banudari17', 'marii', None, 'sheisalyestacion', 'odsaihankhulan', 'enkhdelkhiitemuujin', 'antonius.a.ghaly', 'pattie', 'huhtumur4', 'mandakhbayarbal', 'radiahz', 'jekylhyde32', 'kris_yah', 'shameema', 'johnobamedo', 'allenjoseph', 'yz12307110307']"
66,322,20,15,11,"['tmz5520', 'knl2958', 'att4584', 'jla3887', 'djv1563', 'jzu8011', 'lhw2032', 'lgg0630', 'skg3125', 'cmw7160', 'amr9096']",8,"['holger.scriba', 'funkadelic', 'n.shichijo', 'hunter.kalynchuk', 'jmrondinelli', 'umer', 'intekhab1995', 'andreas77']",4,"['jbm9480', 'mpbland', None, 'ajw3572']",23,"['knl2958', 'tmz5520', 'att4584', 'jla3887', 'holger.scriba', 'jbm9480', 'hunter.kalynchuk', 'umer', 'intekhab1995', 'skg3125', 'andreas77', None, 'ajw3572', 'funkadelic', 'djv1563', 'n.shichijo', 'jzu8011', 'lhw2032', 'lgg0630', 'jmrondinelli', 'cmw7160', 'mpbland', 'amr9096']"
66,398,20,13,12,"['knl2958', 'tmz5520', 'att4584', 'jla3887', 'djv1563', 'jzu8011', 'lhw2032', 'lgg0630', 'jmrondinelli', 'skg3125', 'cmw7160', 'amr9096']",7,"['holger.scriba', 'funkadelic', 'n.shichijo', 'hunter.kalynchuk', 'umer', 'intekhab1995', 'andreas77']",1,[None],20,"['knl2958', 'tmz5520', 'att4584', 'jla3887', 'holger.scriba', 'hunter.kalynchuk', 'umer', 'intekhab1995', 'skg3125', 'andreas77', None, 'funkadelic', 'djv1563', 'n.shichijo', 'jzu8011', 'lhw2032', 'lgg0630', 'jmrondinelli', 'cmw7160', 'amr9096']"
67,416,19,29,18,"['mcook1011', 'ceearlo22', 'leonjerkovich', 'jhallett', 'georgia07', '1andrewkearns', 'kakika5713', 'nreem2001', 'sean100', 'lilachen50', 'ninka.zatkova', 'aureliahreading', 'ak7', 'ttsvakayi', 'bradleypeirce15', 'omang', 'krizt0an', 'aimedunbar']",0,[],11,"['benj01', 'benenglish', 'ellamccusker', 'farahsagal42', 'lower.z', 'lewisswatridge', None, 'riddickoliver', 'davol', 'olliehackland', 'dominic']",29,"['1andrewkearns', 'kakika5713', 'farahsagal42', 'aureliahreading', 'ttsvakayi', 'krizt0an', 'olliehackland', 'ceearlo22', 'jhallett', 'benj01', 'nreem2001', 'sean100', 'ninka.zatkova', 'lewisswatridge', 'omang', 'aimedunbar', 'leonjerkovich', 'lilachen50', 'riddickoliver', 'georgia07', 'davol', None, 'dominic', 'mcook1011', 'benenglish', 'ellamccusker', 'lower.z', 'ak7', 'bradleypeirce15']"
68,598,19,16,13,"['attamemon26', 'lucabergamasco', 'thomaszaragkas', 'ezgiinci', 'mallikarjun.madagalam', 'andjela', 'marina.97.p', 'vanja.ralic', 'spoljarickaandrea', 'gbeltran', 'muslumkaplan24', 'mmdar', 'ferdinando_ursi']",5,"['karanmann94', 'miks.bleija', 'd.szewczyk', 'ojassam6', 'iza.stepinska']",3,"['matteo.fasano', 'aleribe', None]",21,"['karanmann94', 'attamemon26', 'ezgiinci', 'd.szewczyk', 'spoljarickaandrea', 'mmdar', None, 'thomaszaragkas', 'miks.bleija', 'lucabergamasco', 'mallikarjun.madagalam', 'andjela', 'matteo.fasano', 'marina.97.p', 'aleribe', 'vanja.ralic', 'ojassam6', 'iza.stepinska', 'gbeltran', 'muslumkaplan24', 'ferdinando_ursi']"
69,382,19,18,3,"['wmadyda', 'a.santana', 'lindsibaugher']",15,"['kmiller7', 'mroberts2', 'slucente', 'tyjenkins', 'jasonloch', 'kaveha', 'abordas', 'cami', 'fcorboferreira', 'seelan_ece', 'sihanghui', 'connormoore', 'qzt3192', 'jweichselbaumer', 'ccheck']",15,"['jma2', 'madelyn.mckinley', 'jwgillispie', 'langhamsarah', 'victoria.miller', 'jacob.rothenberg', 'lucas.suhre', 'dyuna.soledade', 'olivia.miller', 'alexjohnson', 'sgandhi', None, 'shane.barrera', 'liyingwu', 'diego.machado']",33,"['jma2', 'a.santana', 'lindsibaugher', 'slucente', 'madelyn.mckinley', 'tyjenkins', 'langhamsarah', 'jasonloch', 'victoria.miller', 'jwgillispie', 'kaveha', 'abordas', 'sihanghui', 'olivia.miller', 'ccheck', 'sgandhi', None, 'liyingwu', 'jacob.rothenberg', 'kmiller7', 'mroberts2', 'lucas.suhre', 'dyuna.soledade', 'cami', 'wmadyda', 'fcorboferreira', 'connormoore', 'seelan_ece', 'qzt3192', 'alexjohnson', 'jweichselbaumer', 'shane.barrera', 'diego.machado']"
69,383,19,18,9,"['kmiller7', 'a.santana', 'lindsibaugher', 'tyjenkins', 'jasonloch', 'fcorboferreira', 'wmadyda', 'connormoore', 'jweichselbaumer']",9,"['mroberts2', 'slucente', 'kaveha', 'abordas', 'cami', 'seelan_ece', 'sihanghui', 'qzt3192', 'ccheck']",9,"['jma2', 'madelyn.mckinley', 'jacob.rothenberg', 'lucas.suhre', 'laurenrozic', 'alexjohnson', 'sgandhi', None, 'shane.barrera']",27,"['jma2', 'a.santana', 'lindsibaugher', 'slucente', 'madelyn.mckinley', 'tyjenkins', 'jasonloch', 'kaveha', 'abordas', 'laurenrozic', 'sihanghui', 'ccheck', 'sgandhi', None, 'jacob.rothenberg', 'kmiller7', 'mroberts2', 'lucas.suhre', 'cami', 'wmadyda', 'fcorboferreira', 'connormoore', 'seelan_ece', 'qzt3192', 'alexjohnson', 'jweichselbaumer', 'shane.barrera']"
69,384,19,7,3,"['cami', 'sihanghui', 'abordas']",15,"['kmiller7', 'a.santana', 'lindsibaugher', 'slucente', 'tyjenkins', 'mroberts2', 'jasonloch', 'kaveha', 'fcorboferreira', 'wmadyda', 'seelan_ece', 'connormoore', 'qzt3192', 'jweichselbaumer', 'ccheck']",4,"['diego.machado', None, 'shane.barrera', 'olivia.miller']",22,"['a.santana', 'lindsibaugher', 'slucente', 'tyjenkins', 'jasonloch', 'kaveha', 'abordas', 'sihanghui', 'diego.machado', 'ccheck', None, 'kmiller7', 'mroberts2', 'cami', 'wmadyda', 'fcorboferreira', 'connormoore', 'seelan_ece', 'qzt3192', 'jweichselbaumer', 'shane.barrera', 'olivia.miller']"
70,606,19,30,15,"['zishang1998', 'ytsheu20', 'sssg3', 'liweny1', 'srishtimittal', 'qicong', 'penggeng', 'x839wang', 'suemura', 'kedeliu', 'atharvasurya99', 'jma120', 'sachin10101101', 'xinyuez', 'deliachu']",3,"['anagarajan25', 'abhijeetgangan', 'yuz712']",15,"['johnny798', 'luxturna', 'sseth28', 'yuzhengx', 'rogerfed21', 'sohyun929', 'haoyas4', 'akurisa', 'wenhaozou', 'vinayakshrote99', 'natalie1997927', 'ycc1999', 'chenhaoyue', None, 'rjtaylo1']",33,"['johnny798', 'akurisa', 'x839wang', 'jma120', 'xinyuez', 'deliachu', 'yuzhengx', 'haoyas4', 'qicong', 'abhijeetgangan', 'natalie1997927', 'chenhaoyue', 'sachin10101101', 'zishang1998', 'sssg3', 'rogerfed21', 'yuz712', 'anagarajan25', 'atharvasurya99', 'kedeliu', None, 'rjtaylo1', 'ytsheu20', 'liweny1', 'luxturna', 'srishtimittal', 'sseth28', 'sohyun929', 'penggeng', 'wenhaozou', 'vinayakshrote99', 'suemura', 'ycc1999']"
70,255,19,25,15,"['zishang1998', 'ytsheu20', 'sssg3', 'liweny1', 'srishtimittal', 'qicong', 'penggeng', 'x839wang', 'suemura', 'kedeliu', 'atharvasurya99', 'jma120', 'sachin10101101', 'xinyuez', 'deliachu']",3,"['anagarajan25', 'abhijeetgangan', 'yuz712']",10,"['johnny798', 'sseth28', 'yuzhengx', 'rogerfed21', 'akurisa', 'vinayakshrote99', 'natalie1997927', 'ycc1999', 'chenhaoyue', None]",28,"['johnny798', 'akurisa', 'x839wang', 'jma120', 'xinyuez', 'deliachu', 'yuzhengx', 'qicong', 'abhijeetgangan', 'natalie1997927', 'chenhaoyue', 'sachin10101101', 'zishang1998', 'sssg3', 'rogerfed21', 'yuz712', 'anagarajan25', 'atharvasurya99', 'kedeliu', None, 'ytsheu20', 'liweny1', 'sseth28', 'srishtimittal', 'penggeng', 'vinayakshrote99', 'suemura', 'ycc1999']"
70,607,19,24,4,"['anagarajan25', 'atharvasurya99', 'suemura', 'yuz712']",14,"['zishang1998', 'ytsheu20', 'sssg3', 'liweny1', 'srishtimittal', 'qicong', 'penggeng', 'abhijeetgangan', 'x839wang', 'kedeliu', 'jma120', 'sachin10101101', 'xinyuez', 'deliachu']",20,"['sierragr', 'kiranamak', 'bo_ni', 'connermc42', 'marodri8', 'nyssa', 'a01', 'laurynk', 'klei', 'shuyangz', 'dgrewal', 'jannem1', 'claudirf', 'vallejod', 'janetarmenta121', None, 'victimofphysics', 'bni', 'ellieav', 'dharanijaya09']",38,"['sierragr', 'kiranamak', 'bo_ni', 'connermc42', 'marodri8', 'nyssa', 'x839wang', 'jma120', 'xinyuez', 'deliachu', 'a01', 'laurynk', 'qicong', 'klei', 'shuyangz', 'abhijeetgangan', 'dgrewal', 'sachin10101101', 'jannem1', 'zishang1998', 'sssg3', 'claudirf', 'vallejod', 'yuz712', 'janetarmenta121', 'anagarajan25', 'atharvasurya99', 'kedeliu', None, 'ytsheu20', 'liweny1', 'victimofphysics', 'srishtimittal', 'bni', 'ellieav', 'dharanijaya09', 'penggeng', 'suemura']"
70,614,19,23,14,"['zishang1998', 'liweny1', 'srishtimittal', 'kedeliu', 'qicong', 'penggeng', 'abhijeetgangan', 'x839wang', 'anagarajan25', 'atharvasurya99', 'jma120', 'sachin10101101', 'xinyuez', 'deliachu']",4,"['sssg3', 'suemura', 'yuz712', 'ytsheu20']",9,"['johnny798', 'yuzhengx', 'rogerfed21', 'dharanijaya09', 'akurisa', 'wenhaozou', 'chenhaoyue', 'sseth', None]",27,"['johnny798', 'akurisa', 'x839wang', 'jma120', 'xinyuez', 'deliachu', 'yuzhengx', 'qicong', 'abhijeetgangan', 'chenhaoyue', 'sachin10101101', 'zishang1998', 'sssg3', 'rogerfed21', 'yuz712', 'anagarajan25', 'atharvasurya99', 'kedeliu', 'sseth', None, 'ytsheu20', 'liweny1', 'srishtimittal', 'dharanijaya09', 'penggeng', 'wenhaozou', 'suemura']"
70,257,19,16,5,"['qicong', 'x839wang', 'kedeliu', 'atharvasurya99', 'xinyuez']",13,"['zishang1998', 'ytsheu20', 'sssg3', 'liweny1', 'srishtimittal', 'yuz712', 'penggeng', 'abhijeetgangan', 'suemura', 'anagarajan25', 'jma120', 'sachin10101101', 'deliachu']",11,"['geng', 'johnny798', 'yuzhengx', 'rogerfed21', 'dharanijaya09', 'akurisa', 'wenhaozou', 'chenhaoyue', 'barryhu98', None, 'sseth']",29,"['zishang1998', 'johnny798', 'sssg3', 'rogerfed21', 'yuz712', 'akurisa', 'x839wang', 'anagarajan25', 'atharvasurya99', 'kedeliu', 'jma120', 'barryhu98', None, 'xinyuez', 'deliachu', 'sseth', 'geng', 'ytsheu20', 'liweny1', 'srishtimittal', 'yuzhengx', 'dharanijaya09', 'qicong', 'penggeng', 'wenhaozou', 'abhijeetgangan', 'suemura', 'chenhaoyue', 'sachin10101101']"
70,256,19,11,2,"['qicong', 'atharvasurya99']",16,"['zishang1998', 'ytsheu20', 'sssg3', 'liweny1', 'srishtimittal', 'yuz712', 'kedeliu', 'penggeng', 'abhijeetgangan', 'x839wang', 'suemura', 'anagarajan25', 'jma120', 'sachin10101101', 'xinyuez', 'deliachu']",9,"['johnny798', 'yuzhengx', 'rogerfed21', 'akurisa', 'ycc1999', 'chenhaoyue', 'barryhu98', None, 'sseth']",27,"['zishang1998', 'johnny798', 'sssg3', 'rogerfed21', 'yuz712', 'akurisa', 'x839wang', 'anagarajan25', 'atharvasurya99', 'kedeliu', 'jma120', 'barryhu98', None, 'xinyuez', 'deliachu', 'sseth', 'ytsheu20', 'liweny1', 'srishtimittal', 'yuzhengx', 'qicong', 'penggeng', 'abhijeetgangan', 'suemura', 'ycc1999', 'chenhaoyue', 'sachin10101101']"
70,613,19,10,5,"['ytsheu20', 'sssg3', 'liweny1', 'penggeng', 'jma120']",13,"['zishang1998', 'srishtimittal', 'yuz712', 'kedeliu', 'qicong', 'abhijeetgangan', 'x839wang', 'suemura', 'anagarajan25', 'atharvasurya99', 'sachin10101101', 'xinyuez', 'deliachu']",5,"['johnny798', 'rogerfed21', 'wenhaozou', 'ycc1999', None]",23,"['zishang1998', 'johnny798', 'sssg3', 'rogerfed21', 'yuz712', 'x839wang', 'anagarajan25', 'atharvasurya99', 'kedeliu', 'jma120', None, 'xinyuez', 'deliachu', 'ytsheu20', 'liweny1', 'srishtimittal', 'qicong', 'penggeng', 'wenhaozou', 'abhijeetgangan', 'suemura', 'ycc1999', 'sachin10101101']"
71,416,19,29,9,"['benj01', 'benenglish', 'ellamccusker', 'farahsagal42', 'lower.z', 'riddickoliver', 'davol', 'olliehackland', 'dominic']",9,"['igroover00', 'joshuajameskay', 'nathaniel.b.holbrook', 'josh6105', 'emmakfreakley', 'slcurry06', 'cottonrl5', 'asummers322', 'maddy.stanisha']",20,"['1andrewkearns', 'kakika5713', 'aureliahreading', 'ttsvakayi', 'krizt0an', 'ceearlo22', 'jhallett', 'nreem2001', 'sean100', 'ninka.zatkova', 'lewisswatridge', 'aimedunbar', 'leonjerkovich', 'lilachen50', 'georgia07', None, 'mcook1011', 'bradleypeirce15', 'ak7', 'omang']",38,"['nathaniel.b.holbrook', '1andrewkearns', 'farahsagal42', 'kakika5713', 'emmakfreakley', 'slcurry06', 'cottonrl5', 'asummers322', 'aureliahreading', 'ttsvakayi', 'krizt0an', 'olliehackland', 'ceearlo22', 'benj01', 'jhallett', 'nreem2001', 'sean100', 'ninka.zatkova', 'lewisswatridge', 'aimedunbar', 'leonjerkovich', 'lilachen50', 'riddickoliver', 'georgia07', 'maddy.stanisha', 'davol', None, 'dominic', 'mcook1011', 'igroover00', 'joshuajameskay', 'josh6105', 'benenglish', 'ellamccusker', 'lower.z', 'bradleypeirce15', 'ak7', 'omang']"
71,417,19,9,8,"['benj01', 'joshuajameskay', 'josh6105', 'ellamccusker', 'lower.z', 'riddickoliver', 'davol', 'olliehackland']",10,"['igroover00', 'nathaniel.b.holbrook', 'benenglish', 'farahsagal42', 'emmakfreakley', 'slcurry06', 'cottonrl5', 'asummers322', 'maddy.stanisha', 'dominic']",1,[None],19,"['nathaniel.b.holbrook', 'farahsagal42', 'emmakfreakley', 'slcurry06', 'cottonrl5', 'asummers322', 'riddickoliver', 'maddy.stanisha', 'olliehackland', 'davol', 'dominic', None, 'benj01', 'igroover00', 'joshuajameskay', 'josh6105', 'benenglish', 'ellamccusker', 'lower.z']"
72,151,19,29,1,['zheng545'],17,"['dozin.tiziana', 'jmoon', 'vazquezmisael64', 'karlamontiel758', 'krishnaarturo', 'jodfa2', 'u1360208', 'nallepz', 'awkerrx', 'areeshasiddiqui2000', 'hassaankhan271', 'jeyziller91', 'awkerr', 'enerlen1213', 'victorponce_67', 'fabianmartinezromero24', 'alyssaho']",28,"['zenou_tchamwa', 'thomp700', 'lyons78', 'zikriaanwarzai', 'jabirbin', 'berger49', 'smitkpd', 'wdrakas', 'chi58', 'farrel28', 'boesk', 'liu2595', 'herna438', 'fung12', 'sjw961117', 'kganbold', 'qlovejoy', 'hall657', 'ahliu', None, 'mehta152', 'gonza508', 'arayapro', 'yoon164', 'cferguss', 'beelern', 'fan262', 'givenc']",46,"['zenou_tchamwa', 'krishnaarturo', 'areeshasiddiqui2000', 'thomp700', 'lyons78', 'zikriaanwarzai', 'alyssaho', 'victorponce_67', 'zheng545', 'jabirbin', 'berger49', 'karlamontiel758', 'smitkpd', 'jodfa2', 'u1360208', 'wdrakas', 'chi58', 'boesk', 'farrel28', 'liu2595', 'dozin.tiziana', 'jmoon', 'vazquezmisael64', 'herna438', 'fung12', 'sjw961117', 'nallepz', 'kganbold', 'awkerrx', 'qlovejoy', 'hall657', 'ahliu', 'enerlen1213', None, 'mehta152', 'gonza508', 'arayapro', 'yoon164', 'cferguss', 'beelern', 'hassaankhan271', 'jeyziller91', 'fan262', 'awkerr', 'givenc', 'fabianmartinezromero24']"
72,154,19,19,3,"['jodfa2', 'vazquezmisael64', 'fabianmartinezromero24']",15,"['dozin.tiziana', 'jmoon', 'karlamontiel758', 'krishnaarturo', 'u1360208', 'nallepz', 'awkerrx', 'areeshasiddiqui2000', 'hassaankhan271', 'jeyziller91', 'awkerr', 'enerlen1213', 'victorponce_67', 'zheng545', 'alyssaho']",16,"['cusx6172021', 'urielvesa24', 'ahh37600', 'mbedollah', 'fabianf', 'gu5tav0amadorg0mez12', 'wililuna9999', 'jacome.alexa02', 'jesuszempoaltecatl89', None, 'leonel.p.r03', 'recobabrayan126', 'axitas13', 'urieltz_19', '2461852468zjdla', 'gabrielbadilloch13']",34,"['dozin.tiziana', 'jmoon', 'vazquezmisael64', 'krishnaarturo', 'cusx6172021', 'gabrielbadilloch13', 'ahh37600', 'nallepz', 'awkerrx', 'areeshasiddiqui2000', 'gu5tav0amadorg0mez12', 'wililuna9999', 'leonel.p.r03', 'recobabrayan126', 'enerlen1213', 'alyssaho', 'victorponce_67', 'zheng545', '2461852468zjdla', 'mbedollah', 'axitas13', None, 'karlamontiel758', 'jodfa2', 'u1360208', 'urielvesa24', 'fabianf', 'jacome.alexa02', 'jesuszempoaltecatl89', 'hassaankhan271', 'jeyziller91', 'awkerr', 'urieltz_19', 'fabianmartinezromero24']"
72,148,19,13,1,['zheng545'],17,"['dozin.tiziana', 'jmoon', 'vazquezmisael64', 'karlamontiel758', 'krishnaarturo', 'jodfa2', 'u1360208', 'nallepz', 'awkerrx', 'areeshasiddiqui2000', 'hassaankhan271', 'jeyziller91', 'awkerr', 'enerlen1213', 'victorponce_67', 'fabianmartinezromero24', 'alyssaho']",12,"['jabirbin', 'gradyr', 'sahanathota24', 'panditm', 'liu2476', 'pkolady', 'ericshuisyy', None, 'bmavreno', 'chong50', 'shah123', 'ramkumaa']",30,"['dozin.tiziana', 'jmoon', 'vazquezmisael64', 'krishnaarturo', 'gradyr', 'panditm', 'nallepz', 'awkerrx', 'areeshasiddiqui2000', 'pkolady', 'ericshuisyy', 'bmavreno', 'enerlen1213', 'alyssaho', 'victorponce_67', 'zheng545', 'chong50', None, 'jabirbin', 'ramkumaa', 'karlamontiel758', 'sahanathota24', 'jodfa2', 'u1360208', 'liu2476', 'hassaankhan271', 'jeyziller91', 'awkerr', 'shah123', 'fabianmartinezromero24']"
73,165,19,21,2,"['angie.cely', 'sebastian.caor']",16,"['amisharastogi', 'romehazz', 'sanasaeed', 'ds.carmona', 'demian.smyk.bi.2020', 'dianavtorresj', 'callita291076', 'alinayousafzai1999', 'as.gomez', 'estivensuarez2003', 'jpineroscharry', 'davidsrreyes', 'alina.ivaniuk.bi.2020', 'alejandra.as365', 'daria.prasol.bi.2020', 'dhanvin1302']",19,"['armandopapaya.45', 'whormazadia', 'alejandro123654', 'davitcito11', 'milton891227', 'sebastiangarzon20', 'francisco.santamaria095', 'karenclavijo002', 'gilarmando09', 'countrycontreras', 'sergio.cespedes', 'sxnrxk03', 'drianogarci', 'leandriino06', None, 'jeremy23mateo', 'jorgeluislb08', 'maria.paladines', 'samirromerom47']",37,"['armandopapaya.45', 'sanasaeed', 'whormazadia', 'alejandro123654', 'davitcito11', 'milton891227', 'dianavtorresj', 'sebastiangarzon20', 'francisco.santamaria095', 'callita291076', 'karenclavijo002', 'alina.ivaniuk.bi.2020', 'gilarmando09', 'countrycontreras', 'sergio.cespedes', 'as.gomez', 'jpineroscharry', 'sxnrxk03', 'amisharastogi', 'romehazz', 'drianogarci', 'leandriino06', 'ds.carmona', 'demian.smyk.bi.2020', 'alinayousafzai1999', 'estivensuarez2003', 'dhanvin1302', None, 'angie.cely', 'jeremy23mateo', 'sebastian.caor', 'jorgeluislb08', 'maria.paladines', 'davidsrreyes', 'samirromerom47', 'alejandra.as365', 'daria.prasol.bi.2020']"
73,171,19,17,9,"['angie.cely', 'romehazz', 'ds.carmona', 'dianavtorresj', 'callita291076', 'as.gomez', 'jpineroscharry', 'davidsrreyes', 'alejandra.as365']",9,"['amisharastogi', 'sanasaeed', 'sebastian.caor', 'demian.smyk.bi.2020', 'alinayousafzai1999', 'estivensuarez2003', 'alina.ivaniuk.bi.2020', 'daria.prasol.bi.2020', 'dhanvin1302']",8,"['pfonsecamen', 'cristiancorr', 'alejandro123654', 'marioalejandroruizsarmiento', 'mateofm1904', 'camilo0802', 'fernandaortiz99', None]",26,"['amisharastogi', 'romehazz', 'sanasaeed', 'cristiancorr', 'ds.carmona', 'alejandro123654', 'demian.smyk.bi.2020', 'dianavtorresj', 'camilo0802', 'callita291076', 'alinayousafzai1999', 'fernandaortiz99', 'estivensuarez2003', 'dhanvin1302', 'alina.ivaniuk.bi.2020', None, 'angie.cely', 'pfonsecamen', 'marioalejandroruizsarmiento', 'mateofm1904', 'sebastian.caor', 'as.gomez', 'jpineroscharry', 'davidsrreyes', 'alejandra.as365', 'daria.prasol.bi.2020']"
73,162,19,16,1,['sebastian.caor'],17,"['angie.cely', 'amisharastogi', 'romehazz', 'sanasaeed', 'ds.carmona', 'demian.smyk.bi.2020', 'dianavtorresj', 'callita291076', 'alinayousafzai1999', 'as.gomez', 'estivensuarez2003', 'jpineroscharry', 'davidsrreyes', 'alina.ivaniuk.bi.2020', 'alejandra.as365', 'daria.prasol.bi.2020', 'dhanvin1302']",15,"['countrycontreras', 'drianogarci', 'pfonsecamen', 'robert0731', 'mzamoraflor', 'derlycamilagaona', 'davitcito11', 'milton891227', 'mpabonhurt1', 'francisco.santamaria095', 'santibarbosa2022', 'olman.suarez', None, 'kimber', 'karenchaparro1998']",33,"['amisharastogi', 'romehazz', 'drianogarci', 'sanasaeed', 'ds.carmona', 'mzamoraflor', 'karenchaparro1998', 'demian.smyk.bi.2020', 'davitcito11', 'milton891227', 'dianavtorresj', 'mpabonhurt1', 'callita291076', 'alinayousafzai1999', 'francisco.santamaria095', 'estivensuarez2003', 'dhanvin1302', 'santibarbosa2022', 'olman.suarez', 'alina.ivaniuk.bi.2020', None, 'angie.cely', 'countrycontreras', 'robert0731', 'pfonsecamen', 'derlycamilagaona', 'sebastian.caor', 'kimber', 'as.gomez', 'jpineroscharry', 'davidsrreyes', 'alejandra.as365', 'daria.prasol.bi.2020']"
73,161,19,8,1,['demian.smyk.bi.2020'],17,"['angie.cely', 'amisharastogi', 'romehazz', 'sanasaeed', 'ds.carmona', 'sebastian.caor', 'dianavtorresj', 'callita291076', 'alinayousafzai1999', 'as.gomez', 'estivensuarez2003', 'jpineroscharry', 'davidsrreyes', 'alina.ivaniuk.bi.2020', 'alejandra.as365', 'daria.prasol.bi.2020', 'dhanvin1302']",7,"['stanislav.vyshtaliuk.bi.2020', 'nataliakhanchuk2111', 'olhamamai2020', 'nastia.pavlyshyn.bi.2020', 'iryna.melnyk.bi.2020', 'oleksandra.chyrko.bi.2020', None]",25,"['amisharastogi', 'romehazz', 'sanasaeed', 'stanislav.vyshtaliuk.bi.2020', 'ds.carmona', 'demian.smyk.bi.2020', 'oleksandra.chyrko.bi.2020', 'iryna.melnyk.bi.2020', 'dianavtorresj', 'callita291076', 'alinayousafzai1999', 'estivensuarez2003', 'dhanvin1302', 'alina.ivaniuk.bi.2020', None, 'angie.cely', 'nataliakhanchuk2111', 'sebastian.caor', 'olhamamai2020', 'nastia.pavlyshyn.bi.2020', 'as.gomez', 'jpineroscharry', 'davidsrreyes', 'alejandra.as365', 'daria.prasol.bi.2020']"
74,253,19,61,1,['mrc13'],17,"['12346785tom', 'yuling', 'ivankrsic', 'bhuvi15598', 'prod.imsxsad', 'pmphotopoulos', 'rdesutte', 'keith.galway', 'ryjn', 'sahaagnimitra', 'msheng4', 'kyletung', 'nankun1995', 'aalattar', 'jmminar', 'itamar.schreier', 'radovanovic']",60,"['sujays2', 'pc20', 'aarondh2', 'keithmse304', 'sopfeil2', 'benvau2', 'tagomez2', 'torsr2', 'damer', 'msolis27', 'aniyogi2', 'nk13', 'mmj5', 'hatoonb2', 'simong2', 'xianzhi2', 'jnb4', 'danayun2', 'rvplank2', 'dhamill2', 'youfuq2', 'ssethi7', 'acevans4', 'jinyang9', 'ziruiw2', 'zainab2', 'chyu3', 'jalies2', 'ddejong2', 'ericy3', 'ajscott5', 'ssibi2', 'efalse2', 'anishas4', 'rsears4', 'wrishk2', 'depew2', 'ameindl2', 'sali93', 'jaredf2', 'yunzhes2', None, 'abhirs2', 'boyangy4', 'jacobt6', 'efs2', 'xinzhih2', 'haoran7', 'amaloto2', 'tjricks2', 'karoche3', 'ryusuke2', 'ryanwm2', 'wyik2', 'fshyti2', 'marialc3', 'kirannk2', 'lzaczek2', 'malramadan123', 'kaylalh3']",78,"['sujays2', 'pc20', 'keithmse304', 'aarondh2', 'benvau2', 'msolis27', 'aniyogi2', 'nk13', 'mmj5', 'aalattar', 'jnb4', 'xianzhi2', 'rvplank2', 'dhamill2', 'pmphotopoulos', 'youfuq2', 'jinyang9', 'nankun1995', 'ziruiw2', 'jalies2', '12346785tom', 'ddejong2', 'bhuvi15598', 'ericy3', 'ssibi2', 'efalse2', 'anishas4', 'wrishk2', 'depew2', 'ameindl2', 'jaredf2', 'yunzhes2', 'abhirs2', 'efs2', 'xinzhih2', 'ivankrsic', 'amaloto2', 'tjricks2', 'rdesutte', 'keith.galway', 'ryjn', 'karoche3', 'ryanwm2', 'mrc13', 'itamar.schreier', 'malramadan123', 'kyletung', 'sopfeil2', 'tagomez2', 'torsr2', 'damer', 'prod.imsxsad', 'hatoonb2', 'simong2', 'danayun2', 'ssethi7', 'acevans4', 'zainab2', 'chyu3', 'radovanovic', 'ajscott5', 'sahaagnimitra', 'rsears4', 'msheng4', 'jmminar', 'sali93', None, 'boyangy4', 'jacobt6', 'yuling', 'haoran7', 'ryusuke2', 'wyik2', 'fshyti2', 'marialc3', 'kirannk2', 'lzaczek2', 'kaylalh3']"
74,43,19,8,4,"['msheng4', 'aalattar', 'nankun1995', 'ivankrsic']",14,"['12346785tom', 'yuling', 'bhuvi15598', 'pmphotopoulos', 'rdesutte', 'keith.galway', 'ryjn', 'sahaagnimitra', 'mrc13', 'kyletung', 'prod.imsxsad', 'jmminar', 'itamar.schreier', 'radovanovic']",4,"['xiner.shen0124', None, 'gunta72', 'elochukwu']",22,"['12346785tom', 'bhuvi15598', 'sahaagnimitra', 'msheng4', 'kyletung', 'aalattar', 'prod.imsxsad', 'jmminar', None, 'elochukwu', 'xiner.shen0124', 'yuling', 'ivankrsic', 'pmphotopoulos', 'rdesutte', 'keith.galway', 'ryjn', 'mrc13', 'nankun1995', 'itamar.schreier', 'gunta72', 'radovanovic']"
75,237,19,17,13,"['harsha888', 'lokesh2000', 'ryand1234', '18209670958zy', 'bharatsilaparasetty', 'jcheng1213', 'poornimadiya16', 'onlydavidhu', 'sreedharnani98', 'kurianst', 'bgyash', 'pranavi04', 'dmurphy60']",5,"['ashukla1969', 'donall2022', 'lundyr22', 'muj44t', 'mshahili2016']",4,"['j.kohanoff', None, 'smcvyren', 'myrta']",22,"['ashukla1969', 'ryand1234', 'sreedharnani98', 'lundyr22', 'myrta', 'muj44t', 'smcvyren', None, 'mshahili2016', 'j.kohanoff', 'harsha888', 'lokesh2000', 'bharatsilaparasetty', 'donall2022', '18209670958zy', 'jcheng1213', 'poornimadiya16', 'onlydavidhu', 'kurianst', 'bgyash', 'pranavi04', 'dmurphy60']"
76,577,19,22,14,"['sudarshansangle12', 'margishg', 'hrithikmud', 'smitk53', 'rajashree.pimputkar', 'amanvk308', 'pranavingle108', 'aatmajawadye2000', 'vineethvk155', 'shubhamkhamkar65', 'nitinjadhav', 'abhijeetprabhu0', 'yashambetkar', 'psh.308']",4,"['ashutosh.khade', 'preetmantri.mp', 'chinmaybhoir', 'devchaudhari12']",8,"['sanchitakhadtar01', 'tanvijadhav0102', 'ashutoshghate', 'rohan468', 'kshitijgaikwad', None, 'gayatrideoghare', 'snehaadak']",26,"['margishg', 'amanvk308', 'nitinjadhav', 'abhijeetprabhu0', 'smitk53', 'hrithikmud', 'pranavingle108', 'sanchitakhadtar01', 'vineethvk155', 'tanvijadhav0102', 'ashutoshghate', 'preetmantri.mp', 'psh.308', 'ashutosh.khade', 'sudarshansangle12', 'rajashree.pimputkar', 'rohan468', 'kshitijgaikwad', None, 'snehaadak', 'gayatrideoghare', 'devchaudhari12', 'aatmajawadye2000', 'shubhamkhamkar65', 'chinmaybhoir', 'yashambetkar']"
76,582,19,22,4,"['psh.308', 'nitinjadhav', 'devchaudhari12', 'amanvk308']",14,"['ashutosh.khade', 'sudarshansangle12', 'margishg', 'hrithikmud', 'smitk53', 'rajashree.pimputkar', 'pranavingle108', 'aatmajawadye2000', 'vineethvk155', 'shubhamkhamkar65', 'preetmantri.mp', 'chinmaybhoir', 'yashambetkar', 'abhijeetprabhu0']",18,"['ruthvilohar', 'vapande3006', 'sumitkadwadkar11', 'sanchitakhadtar01', 'shrutisharma', 'tanvijadhav0102', 'samiraarte', 'ashutoshghate', 'mandarbhise.29', 'rohan468', 'shailendramaurya', 'amitshahu009', 'sakshiarte', 'adityasingh721', None, 'kalyanikoli', 'kshitijgaikwad', 'snehaadak']",36,"['margishg', 'vapande3006', 'amanvk308', 'sakshiarte', 'adityasingh721', 'nitinjadhav', 'abhijeetprabhu0', 'smitk53', 'hrithikmud', 'pranavingle108', 'sumitkadwadkar11', 'sanchitakhadtar01', 'vineethvk155', 'tanvijadhav0102', 'ashutoshghate', 'amitshahu009', 'preetmantri.mp', 'psh.308', 'ashutosh.khade', 'sudarshansangle12', 'rajashree.pimputkar', 'mandarbhise.29', 'rohan468', 'kshitijgaikwad', None, 'snehaadak', 'ruthvilohar', 'devchaudhari12', 'aatmajawadye2000', 'shrutisharma', 'samiraarte', 'shubhamkhamkar65', 'shailendramaurya', 'kalyanikoli', 'chinmaybhoir', 'yashambetkar']"
76,457,19,16,9,"['margishg', 'hrithikmud', 'pranavingle108', 'smitk53', 'rajashree.pimputkar', 'aatmajawadye2000', 'vineethvk155', 'yashambetkar', 'abhijeetprabhu0']",9,"['ashutosh.khade', 'sudarshansangle12', 'devchaudhari12', 'amanvk308', 'shubhamkhamkar65', 'nitinjadhav', 'preetmantri.mp', 'chinmaybhoir', 'psh.308']",7,"['sanket.study99', 'javedptl', 'yashashreedahiphale', 'uddhav.m93', 'shubhamaheme', None, 'pranalivaydande23']",25,"['ashutosh.khade', 'sanket.study99', 'sudarshansangle12', 'margishg', 'rajashree.pimputkar', 'amanvk308', None, 'pranalivaydande23', 'nitinjadhav', 'abhijeetprabhu0', 'smitk53', 'hrithikmud', 'pranavingle108', 'devchaudhari12', 'aatmajawadye2000', 'javedptl', 'yashashreedahiphale', 'vineethvk155', 'uddhav.m93', 'shubhamkhamkar65', 'shubhamaheme', 'preetmantri.mp', 'chinmaybhoir', 'yashambetkar', 'psh.308']"
76,588,19,15,1,['psh.308'],17,"['ashutosh.khade', 'sudarshansangle12', 'margishg', 'hrithikmud', 'smitk53', 'rajashree.pimputkar', 'amanvk308', 'pranavingle108', 'devchaudhari12', 'aatmajawadye2000', 'vineethvk155', 'shubhamkhamkar65', 'abhijeetprabhu0', 'preetmantri.mp', 'chinmaybhoir', 'yashambetkar', 'nitinjadhav']",14,"['panwalkarutkarsh', 'parth.gaikwad123', 'saishnar5129', 'javedptl', 'shrutisharma', 'tanvijadhav0102', 'siddhesh19103', 'anusingh7303', 'rishirajdabhane452', 'rohan468', 'parthpgov', 'shreymistry97697', 'oshelke40', None]",32,"['ashutosh.khade', 'sudarshansangle12', 'margishg', 'panwalkarutkarsh', 'rajashree.pimputkar', 'amanvk308', 'siddhesh19103', 'anusingh7303', 'rohan468', 'oshelke40', None, 'nitinjadhav', 'abhijeetprabhu0', 'smitk53', 'hrithikmud', 'pranavingle108', 'devchaudhari12', 'aatmajawadye2000', 'parth.gaikwad123', 'saishnar5129', 'vineethvk155', 'javedptl', 'shrutisharma', 'tanvijadhav0102', 'shubhamkhamkar65', 'rishirajdabhane452', 'parthpgov', 'shreymistry97697', 'preetmantri.mp', 'chinmaybhoir', 'yashambetkar', 'psh.308']"
76,586,19,14,2,"['chinmaybhoir', 'devchaudhari12']",16,"['ashutosh.khade', 'sudarshansangle12', 'margishg', 'hrithikmud', 'smitk53', 'rajashree.pimputkar', 'amanvk308', 'pranavingle108', 'aatmajawadye2000', 'vineethvk155', 'shubhamkhamkar65', 'nitinjadhav', 'abhijeetprabhu0', 'preetmantri.mp', 'yashambetkar', 'psh.308']",12,"['vapande3006', 'lishaminat547421', 'ajinkya009', 'prasadkalekar', 'surabhilaharia02', 'nishad9mhatre', 'sanikakhedekar', 'rakshanda', 'dipaliballal123', 'kshitijgaikwad', 'harshinibarapatre', None]",30,"['ashutosh.khade', 'sudarshansangle12', 'margishg', 'vapande3006', 'rajashree.pimputkar', 'amanvk308', 'nishad9mhatre', 'rakshanda', 'dipaliballal123', 'kshitijgaikwad', None, 'nitinjadhav', 'abhijeetprabhu0', 'smitk53', 'hrithikmud', 'pranavingle108', 'devchaudhari12', 'aatmajawadye2000', 'lishaminat547421', 'ajinkya009', 'vineethvk155', 'prasadkalekar', 'surabhilaharia02', 'sanikakhedekar', 'shubhamkhamkar65', 'harshinibarapatre', 'preetmantri.mp', 'chinmaybhoir', 'yashambetkar', 'psh.308']"
76,581,19,11,8,"['sudarshansangle12', 'smitk53', 'aatmajawadye2000', 'pranavingle108', 'rajashree.pimputkar', 'margishg', 'vineethvk155', 'abhijeetprabhu0']",10,"['ashutosh.khade', 'devchaudhari12', 'hrithikmud', 'amanvk308', 'shubhamkhamkar65', 'nitinjadhav', 'preetmantri.mp', 'chinmaybhoir', 'yashambetkar', 'psh.308']",3,"['shubhamaheme', None, 'pranalivaydande23']",21,"['ashutosh.khade', 'sudarshansangle12', 'margishg', 'rajashree.pimputkar', 'amanvk308', None, 'pranalivaydande23', 'nitinjadhav', 'abhijeetprabhu0', 'smitk53', 'hrithikmud', 'pranavingle108', 'devchaudhari12', 'aatmajawadye2000', 'vineethvk155', 'shubhamkhamkar65', 'shubhamaheme', 'preetmantri.mp', 'chinmaybhoir', 'yashambetkar', 'psh.308']"
76,576,19,10,1,['devchaudhari12'],17,"['ashutosh.khade', 'sudarshansangle12', 'margishg', 'hrithikmud', 'smitk53', 'rajashree.pimputkar', 'amanvk308', 'pranavingle108', 'aatmajawadye2000', 'vineethvk155', 'shubhamkhamkar65', 'nitinjadhav', 'abhijeetprabhu0', 'preetmantri.mp', 'chinmaybhoir', 'yashambetkar', 'psh.308']",9,"['vapande3006', 'ajinkya009', 'himanshujain', 'nishad9mhatre', 'krishnachavan706', 'saurabhsingh1', 'siddesh927300', None, 'gayatrideoghare']",27,"['ashutosh.khade', 'sudarshansangle12', 'margishg', 'vapande3006', 'rajashree.pimputkar', 'amanvk308', 'himanshujain', 'nishad9mhatre', 'siddesh927300', None, 'gayatrideoghare', 'nitinjadhav', 'abhijeetprabhu0', 'smitk53', 'hrithikmud', 'pranavingle108', 'devchaudhari12', 'aatmajawadye2000', 'ajinkya009', 'vineethvk155', 'shubhamkhamkar65', 'krishnachavan706', 'saurabhsingh1', 'preetmantri.mp', 'chinmaybhoir', 'yashambetkar', 'psh.308']"
76,458,19,9,2,"['chinmaybhoir', 'devchaudhari12']",16,"['ashutosh.khade', 'sudarshansangle12', 'margishg', 'hrithikmud', 'smitk53', 'rajashree.pimputkar', 'amanvk308', 'pranavingle108', 'aatmajawadye2000', 'vineethvk155', 'shubhamkhamkar65', 'nitinjadhav', 'abhijeetprabhu0', 'preetmantri.mp', 'yashambetkar', 'psh.308']",7,"['vapande3006', 'ajinkya009', 'mahendra84', 'sanikakhedekar', 'saurabhsingh1', 'harshinibarapatre', None]",25,"['ashutosh.khade', 'sudarshansangle12', 'margishg', 'vapande3006', 'rajashree.pimputkar', 'amanvk308', None, 'nitinjadhav', 'abhijeetprabhu0', 'smitk53', 'hrithikmud', 'pranavingle108', 'devchaudhari12', 'aatmajawadye2000', 'mahendra84', 'ajinkya009', 'vineethvk155', 'sanikakhedekar', 'shubhamkhamkar65', 'saurabhsingh1', 'harshinibarapatre', 'preetmantri.mp', 'chinmaybhoir', 'yashambetkar', 'psh.308']"
76,580,19,9,1,['rajashree.pimputkar'],17,"['ashutosh.khade', 'sudarshansangle12', 'margishg', 'hrithikmud', 'smitk53', 'amanvk308', 'pranavingle108', 'devchaudhari12', 'aatmajawadye2000', 'vineethvk155', 'shubhamkhamkar65', 'nitinjadhav', 'abhijeetprabhu0', 'preetmantri.mp', 'chinmaybhoir', 'yashambetkar', 'psh.308']",8,"['vapande3006', 'ajinkya009', 'prasadkalekar', 'nishad9mhatre', 'krishnachavan706', 'saurabhsingh1', None, 'gayatrideoghare']",26,"['ashutosh.khade', 'sudarshansangle12', 'margishg', 'vapande3006', 'rajashree.pimputkar', 'amanvk308', 'nishad9mhatre', None, 'gayatrideoghare', 'nitinjadhav', 'abhijeetprabhu0', 'smitk53', 'hrithikmud', 'pranavingle108', 'devchaudhari12', 'aatmajawadye2000', 'ajinkya009', 'prasadkalekar', 'vineethvk155', 'shubhamkhamkar65', 'krishnachavan706', 'saurabhsingh1', 'preetmantri.mp', 'chinmaybhoir', 'yashambetkar', 'psh.308']"
76,583,19,7,3,"['yashambetkar', 'vineethvk155', 'pranavingle108']",15,"['ashutosh.khade', 'sudarshansangle12', 'margishg', 'hrithikmud', 'smitk53', 'rajashree.pimputkar', 'amanvk308', 'devchaudhari12', 'aatmajawadye2000', 'shubhamkhamkar65', 'nitinjadhav', 'abhijeetprabhu0', 'preetmantri.mp', 'chinmaybhoir', 'psh.308']",4,"['kalpesh.naik', 'simranjeetkaur.18', None, 'prashant.khedkar']",22,"['ashutosh.khade', 'sudarshansangle12', 'margishg', 'simranjeetkaur.18', 'rajashree.pimputkar', 'amanvk308', None, 'nitinjadhav', 'abhijeetprabhu0', 'smitk53', 'hrithikmud', 'pranavingle108', 'devchaudhari12', 'aatmajawadye2000', 'prashant.khedkar', 'vineethvk155', 'shubhamkhamkar65', 'kalpesh.naik', 'preetmantri.mp', 'chinmaybhoir', 'yashambetkar', 'psh.308']"
76,590,19,7,3,"['vineethvk155', 'aatmajawadye2000', 'abhijeetprabhu0']",15,"['ashutosh.khade', 'sudarshansangle12', 'margishg', 'hrithikmud', 'smitk53', 'rajashree.pimputkar', 'amanvk308', 'pranavingle108', 'devchaudhari12', 'shubhamkhamkar65', 'nitinjadhav', 'preetmantri.mp', 'chinmaybhoir', 'yashambetkar', 'psh.308']",4,"['ganeshvhatkar1092', 'sanketkoli937', None, 'javedptl']",22,"['ashutosh.khade', 'sudarshansangle12', 'margishg', 'rajashree.pimputkar', 'amanvk308', None, 'nitinjadhav', 'abhijeetprabhu0', 'smitk53', 'hrithikmud', 'pranavingle108', 'devchaudhari12', 'aatmajawadye2000', 'javedptl', 'vineethvk155', 'ganeshvhatkar1092', 'shubhamkhamkar65', 'sanketkoli937', 'preetmantri.mp', 'chinmaybhoir', 'yashambetkar', 'psh.308']"
76,591,19,7,6,"['margishg', 'pranavingle108', 'amanvk308', 'vineethvk155', 'preetmantri.mp', 'nitinjadhav']",12,"['ashutosh.khade', 'sudarshansangle12', 'smitk53', 'hrithikmud', 'devchaudhari12', 'rajashree.pimputkar', 'aatmajawadye2000', 'shubhamkhamkar65', 'abhijeetprabhu0', 'chinmaybhoir', 'yashambetkar', 'psh.308']",1,[None],19,"['ashutosh.khade', 'sudarshansangle12', 'margishg', 'rajashree.pimputkar', 'amanvk308', None, 'nitinjadhav', 'abhijeetprabhu0', 'smitk53', 'hrithikmud', 'pranavingle108', 'devchaudhari12', 'aatmajawadye2000', 'vineethvk155', 'shubhamkhamkar65', 'preetmantri.mp', 'chinmaybhoir', 'yashambetkar', 'psh.308']"
77,414,18,18,12,"['dehansen', 'thommoor', 'paeaton', 'oreomodi', 'middletc', 'kaufmazc', 'ryanherr', 'cooyoung', 'dmc2', 'kzgrise', 'etatman', 'jonott']",5,"['ncm1', 'halkaabi', 'ajfunari', 'josbella', 'mroesle']",6,"['dawsthom', 'katestin', 'inavarre', 'cookce', None, 'jayermi']",23,"['dawsthom', 'ncm1', 'oreomodi', 'cooyoung', 'kaufmazc', 'cookce', 'kzgrise', 'josbella', 'jayermi', None, 'dehansen', 'thommoor', 'katestin', 'paeaton', 'halkaabi', 'middletc', 'ryanherr', 'inavarre', 'dmc2', 'ajfunari', 'mroesle', 'etatman', 'jonott']"
77,415,18,16,13,"['dehansen', 'thommoor', 'ncm1', 'paeaton', 'oreomodi', 'middletc', 'kaufmazc', 'ryanherr', 'cooyoung', 'kzgrise', 'mroesle', 'etatman', 'jonott']",4,"['ajfunari', 'josbella', 'dmc2', 'halkaabi']",3,"[None, 'jayermi', 'vikramjadhao']",20,"['ncm1', 'oreomodi', 'cooyoung', 'kaufmazc', 'kzgrise', 'josbella', 'jayermi', None, 'dehansen', 'thommoor', 'paeaton', 'halkaabi', 'middletc', 'ryanherr', 'dmc2', 'ajfunari', 'vikramjadhao', 'mroesle', 'etatman', 'jonott']"
77,448,18,12,1,['halkaabi'],16,"['dehansen', 'thommoor', 'ncm1', 'paeaton', 'oreomodi', 'middletc', 'kaufmazc', 'ryanherr', 'cooyoung', 'dmc2', 'kzgrise', 'ajfunari', 'josbella', 'mroesle', 'etatman', 'jonott']",11,"['algodfre', 'mjrandal', 'hddrabek01', 'ethnguye', 'nonwibb', 'etmeldr', 'yubri', 'hayesde', None, 'jayermi', 'mathcancer']",28,"['algodfre', 'ncm1', 'mathcancer', 'mjrandal', 'oreomodi', 'cooyoung', 'kaufmazc', 'hddrabek01', 'etmeldr', 'yubri', 'hayesde', 'kzgrise', 'josbella', 'jayermi', None, 'dehansen', 'thommoor', 'paeaton', 'halkaabi', 'middletc', 'ryanherr', 'dmc2', 'ethnguye', 'nonwibb', 'ajfunari', 'mroesle', 'etatman', 'jonott']"
77,413,18,7,3,"['ncm1', 'mroesle', 'paeaton']",14,"['dehansen', 'thommoor', 'halkaabi', 'oreomodi', 'kaufmazc', 'middletc', 'ryanherr', 'cooyoung', 'dmc2', 'kzgrise', 'ajfunari', 'josbella', 'etatman', 'jonott']",4,"[None, 'algodfre', 'vikramjadhao', 'jayermi']",21,"['algodfre', 'ncm1', 'oreomodi', 'cooyoung', 'kaufmazc', 'kzgrise', 'josbella', 'jayermi', None, 'dehansen', 'thommoor', 'paeaton', 'halkaabi', 'middletc', 'ryanherr', 'dmc2', 'ajfunari', 'vikramjadhao', 'mroesle', 'etatman', 'jonott']"
78,522,18,21,17,"['iamjinniiez', 'jzhou42', 'cslee', 'mgaskil', 'amreyno4', 'nrajend', 'rerainer', 'hbabayo', 'yliu257', 'dgarci23', 'marsharvey', 'nmazumd2', 'jlu36', 'fjahura', 'yuhan123', 'syoun', 'ctpricha']",0,[],4,"['mzhao', None, 'hcdedmon', 'enford']",21,"['iamjinniiez', 'amreyno4', 'rerainer', 'nmazumd2', 'enford', 'cslee', 'yliu257', 'syoun', 'jzhou42', 'hcdedmon', 'mgaskil', 'nrajend', 'dgarci23', 'jlu36', 'fjahura', 'yuhan123', None, 'ctpricha', 'hbabayo', 'mzhao', 'marsharvey']"
78,524,18,21,17,"['iamjinniiez', 'jzhou42', 'cslee', 'mgaskil', 'amreyno4', 'nrajend', 'rerainer', 'hbabayo', 'yliu257', 'dgarci23', 'marsharvey', 'nmazumd2', 'jlu36', 'fjahura', 'yuhan123', 'syoun', 'ctpricha']",0,[],4,"['bozdemi2', 'pmugale', None, 'hcdedmon']",21,"['iamjinniiez', 'amreyno4', 'rerainer', 'nmazumd2', 'cslee', 'bozdemi2', 'yliu257', 'syoun', 'jzhou42', 'hcdedmon', 'mgaskil', 'nrajend', 'dgarci23', 'jlu36', 'fjahura', 'yuhan123', None, 'ctpricha', 'hbabayo', 'marsharvey', 'pmugale']"
79,427,18,18,16,"['a01024080', 'a01028743', 'a01382657', 'a01023652', 'a01023921', 'a01028945', 'a00828421', 'ayax.hernando', 'a01028147', 'a01027109', 'a01023849', 'a01028345', 'a01028317', 'a01029165', 'gabriel_gonzalezf', 'andresalvelais']",1,['vanshg2'],2,"['a01028718', None]",19,"['a01028743', 'a01023652', 'a01023921', 'a00828421', 'ayax.hernando', 'a01027109', 'vanshg2', 'a01029165', None, 'andresalvelais', 'a01024080', 'a01382657', 'a01028945', 'a01028147', 'a01023849', 'a01028345', 'a01028317', 'a01028718', 'gabriel_gonzalezf']"
80,313,18,11,8,"['daniya.davis2021', 'stazhereforu', 'sucharita.niyogi2020', 'sathish_m', 'meenakshil17', 'barkha3132', 'pointprashant', 'shalmali.sudhindra2020']",9,"['sukumaranpillair', 'lokeshzen23', 'kthomasanju', 'nssandy100', 'ozgurkeles', 'ravikumarphy96', 'mr.adeelahmed1212', 'gpindine', 'jhalak.20mmz0010']",3,"['sankhadeep.bose', None, 'parameshphysics']",20,"['sankhadeep.bose', 'parameshphysics', 'lokeshzen23', 'stazhereforu', 'kthomasanju', 'sathish_m', 'ravikumarphy96', 'barkha3132', 'mr.adeelahmed1212', 'pointprashant', None, 'jhalak.20mmz0010', 'daniya.davis2021', 'sukumaranpillair', 'sucharita.niyogi2020', 'ozgurkeles', 'nssandy100', 'meenakshil17', 'gpindine', 'shalmali.sudhindra2020']"
81,105,18,11,9,"['estabrq.a.kazm1', 'nuooralhuda97', 'alaa.alssalman', 'estabrq98', 'huda33620', 'hananabbas96h', 'pokatharay', 'zozoflower524', 'nad23']",8,"['r10943081', 'mahamadeliyas', 'vedanthsibbalavedanth', '192012109.sse', 'bharathyadav14300', 'ramank2', 'd_dick', 'mhsn.mahmoudi']",2,"['aliahmed', None]",19,"['estabrq.a.kazm1', 'nuooralhuda97', 'vedanthsibbalavedanth', 'huda33620', '192012109.sse', 'bharathyadav14300', 'ramank2', 'zozoflower524', 'nad23', None, 'r10943081', 'alaa.alssalman', 'estabrq98', 'mahamadeliyas', 'aliahmed', 'hananabbas96h', 'pokatharay', 'd_dick', 'mhsn.mahmoudi']"
82,500,18,206,13,"['alessandroverdolotti', 'dkdznl17', 'vincenzoortosecco', 'italo.nunziata', 'andreadominguezrodriguez4', 'simpip', 'camilamore93', 'mateo1610', 'akzafonsa', 'pasquale124', 'francescopoziello', 'genoveffapiscitelli', 'poby']",4,"['ridipalo', 'gprodan', 'stefano_parascandolo98', 'jositxumanu00']",193,"['guete', 'antlomb', 'jymbarnes11', 'villarta.jabulen', 'jsweeney1', 'jasonkkgukeghost', 'alright2555', 'nzhu2000', 'uni_homework', 'silvermoon0314', 'a110521014', 'miguelcou', 'peak11', 'noahmarron1127', 'oalvidrez', 'a3pa3p', 'alam1', 'glatham3211', 'athena.120245141', 'mcalderman1', 'jerry41707', 'b361user', 'blair.haydon', 'mierdatrabajos', 'fenqs', 'iliasosner21', 'samugomezbis', 'gonza801', 'nicholasdwilliams', 'yellowkitie777', 'eray0206', 'pancho5110', 'sjiang701', 'gregmik', 'charming', 'jiaolh', 'sunrh0215', 'dizarmejzini', 'zanoni', 'shantu.ghose', 'jwozny', 'riverhorse', 'mj02280430', 'grudzinski1', 'osvy', 'molkon', 'b12345215', 'dwh0015', 'a022354s', 'luisgue99', 'youngg', 'sl90', 'samumonin', 'kartd0103399', 'tkdqls0417', 'eva008air', 'alekdudko', 'mariaci99', 'apkaye16', 'wuyu825', 'alexander.lassooij', 'hmfx1', 'cheng1105', 'bell.1495', 'h.a.mahmod', 'milk9925', 'chengrai', 'zzxxccvv.102510', 'ptoma', 'a0989925595', 'sas0091', 'kejun626', 'javipm12', 'gnicezw', 'antia.santiago', 't.clavijogarcia', 'a6634141009', 'yujuchen03207', 'boan', 'teijeiroalex', 'm_flores4', 'jmayer1', 'lucaseduoli', 'easonyz', 'kavanagh', 'siddhantjn01', 'william.zhangqingyang', 'cakeohero', 'krzysztofwarga', 'shadeedl', 'tbmiller', 'mbeekman', 'qqdonald', 'elecstudent', 'dinh.nhu', 'arrhenius78', 'adamshick2525', 'manjakavahoaka', 'yhu104', 'davidcg', 'ktulley96', 'hbenisty', 'jimmy1231237', 'glen', 'akash.ram', 'aattanas', 'anapv177', 'y_li44', 'rmb0034', 'sergiorr15', 'edwardmirkin', 'mmduraiphy', 'asma00', 'zx5691782', 'light24685132', 'laura_pn', 'ratishjuneja2000', 'saducio', 'hlm0017', 'c.rineer', 'danielw', 'zhaoguoyu06', 'klupone', 'ahughes1', 'aflolb28', 'b615206', 's110521064', 'michaelroberts', 'bb7665247', 'a19990217', 'spacetimecodedata03207', 'elena.gnani', 'azsxdcpeter13579', 'noahcaracuel', 'candy0930', 'silveira', 'dhruvpatel1999ca', 'rborgesr', 'zic12345', 'dramaqueen13', 'santiagopendon', 'sone107208001', 'kris_yah', 'gaelle.lucasleclin', 'ws210019', 'ceciriveralamelas', 'pablobucsan', 'benlai900102', 'krzysztof.szolajski', 'ncu110521149', 'k3850305', 'ha654321ha654321', 'peytonr19', 'we1.chen', 'unaiplacer2d', 'erinvolpe', 'kqinglu', 'jerry10430296', 'a109521014', 'dquinte1', 'tan350', 'antoniopati2233', 'd0988222760', 'icebear828', 'kidd33sm', 'gary070825', 'rathodprashnt', 'yago', 'cgandin', 'ardavan_p', 'blank7', 'pietro.capuzzo99', 'zhanghaosen328', 'savannah.horowitz', 'walter100259', 'rich.young76', 'weining7', 'jkujawsk', 'doli327', 'rain19980505', 'cct0005', 'markrichardwong', 'jaraisehh', 'april20190710', 'msolis5', 'swirtner', 'syenhsi', 'sofiacobas', 'leman.for.search', 'jzullo', 'mdgolamzakaria3', 'shah123', 'tsaitsungyu']",210,"['guete', 'antlomb', 'jymbarnes11', 'villarta.jabulen', 'jsweeney1', 'andreadominguezrodriguez4', 'jasonkkgukeghost', 'alright2555', 'nzhu2000', 'uni_homework', 'silvermoon0314', 'a110521014', 'miguelcou', 'peak11', 'noahmarron1127', 'oalvidrez', 'a3pa3p', 'alam1', 'glatham3211', 'athena.120245141', 'mcalderman1', 'jerry41707', 'b361user', 'blair.haydon', 'mierdatrabajos', 'fenqs', 'iliasosner21', 'samugomezbis', 'gonza801', 'nicholasdwilliams', 'yellowkitie777', 'akzafonsa', 'eray0206', 'poby', 'pancho5110', 'sjiang701', 'gregmik', 'charming', 'jiaolh', 'sunrh0215', 'dizarmejzini', 'zanoni', 'shantu.ghose', 'jwozny', 'riverhorse', 'mj02280430', 'grudzinski1', 'osvy', 'molkon', 'b12345215', 'dwh0015', 'a022354s', 'luisgue99', 'youngg', 'sl90', 'samumonin', 'kartd0103399', 'tkdqls0417', 'eva008air', 'alekdudko', 'mariaci99', 'apkaye16', 'wuyu825', 'alexander.lassooij', 'hmfx1', 'cheng1105', 'bell.1495', 'h.a.mahmod', 'milk9925', 'chengrai', 'zzxxccvv.102510', 'ptoma', 'a0989925595', 'sas0091', 'kejun626', 'simpip', 'stefano_parascandolo98', 'javipm12', 'gnicezw', 'antia.santiago', 't.clavijogarcia', 'a6634141009', 'yujuchen03207', 'boan', 'teijeiroalex', 'm_flores4', 'jmayer1', 'lucaseduoli', 'easonyz', 'kavanagh', 'siddhantjn01', 'william.zhangqingyang', 'cakeohero', 'krzysztofwarga', 'shadeedl', 'ridipalo', 'tbmiller', 'mbeekman', 'qqdonald', 'elecstudent', 'dinh.nhu', 'arrhenius78', 'adamshick2525', 'manjakavahoaka', 'yhu104', 'davidcg', 'alessandroverdolotti', 'dkdznl17', 'vincenzoortosecco', 'ktulley96', 'hbenisty', 'jimmy1231237', 'glen', 'akash.ram', 'aattanas', 'anapv177', 'gprodan', 'y_li44', 'rmb0034', 'sergiorr15', 'edwardmirkin', 'mmduraiphy', 'asma00', 'zx5691782', 'light24685132', 'laura_pn', 'ratishjuneja2000', 'saducio', 'hlm0017', 'c.rineer', 'danielw', 'zhaoguoyu06', 'klupone', 'ahughes1', 'aflolb28', 'b615206', 's110521064', 'michaelroberts', 'bb7665247', 'a19990217', 'spacetimecodedata03207', 'elena.gnani', 'azsxdcpeter13579', 'jositxumanu00', 'noahcaracuel', 'candy0930', 'pasquale124', 'silveira', 'dhruvpatel1999ca', 'rborgesr', 'zic12345', 'italo.nunziata', 'dramaqueen13', 'santiagopendon', 'mateo1610', 'sone107208001', 'kris_yah', 'gaelle.lucasleclin', 'ws210019', 'ceciriveralamelas', 'pablobucsan', 'benlai900102', 'krzysztof.szolajski', 'ncu110521149', 'k3850305', 'ha654321ha654321', 'peytonr19', 'we1.chen', 'francescopoziello', 'genoveffapiscitelli', 'unaiplacer2d', 'erinvolpe', 'kqinglu', 'jerry10430296', 'a109521014', 'dquinte1', 'tan350', 'antoniopati2233', 'd0988222760', 'camilamore93', 'icebear828', 'kidd33sm', 'gary070825', 'rathodprashnt', 'yago', 'cgandin', 'ardavan_p', 'blank7', 'pietro.capuzzo99', 'zhanghaosen328', 'savannah.horowitz', 'walter100259', 'rich.young76', 'weining7', 'jkujawsk', 'doli327', 'rain19980505', 'cct0005', 'markrichardwong', 'jaraisehh', 'april20190710', 'msolis5', 'swirtner', 'syenhsi', 'sofiacobas', 'leman.for.search', 'jzullo', 'mdgolamzakaria3', 'shah123', 'tsaitsungyu']"
82,22,18,102,2,"['dkdznl17', 'poby']",15,"['alessandroverdolotti', 'vincenzoortosecco', 'italo.nunziata', 'andreadominguezrodriguez4', 'simpip', 'stefano_parascandolo98', 'ridipalo', 'jositxumanu00', 'camilamore93', 'mateo1610', 'akzafonsa', 'pasquale124', 'francescopoziello', 'genoveffapiscitelli', 'gprodan']",100,"['kangha6211', 'pcwkcw81', 'pygayoung4705', 'shim.syeon', 'rlaehrud5292', 'lovenmin', 'lsh843223', 'seongbin', 'popfun07', 'bearhoon8590', 'unikwakhj', 'mayjinho', 'ghsmx01', 'vasdvasdfew', 'oblue4848', 'dlxodus0725', 'junyoung0735', 'wg6076', 'turalazer', 'minzzai2418', 'phisicsmusic', 'zudsyd', 'yoolims', 'rhffha12345', 'qkrrjsxor12', 'wodyd909', 'asadsfawdga', 'hooni6708', 'dlstj989', 'sgu20181516', 'ab8907', 'yutube1058', 'sclee1002', 'hado0416', 'huidonjeong', 'jimmy1100a', 'doubljhyeon', 'dongjinwi', 'soc06016', 'a01096083057', 'ojiow', 'ellayeji11', 'syc0428', 'ryu3581', 'hgrf', 'thswngh793', 'hermione369', 'sa06093', 'kyt99999', 'ksjin0807', 'choejihun6785', 'b715063minbyeongmoon', 'ohseunghwa0802', 'wkxa54', 'minking0007', 'ols3060178', 'poor9876', 'nhj25136', 'leeseongjae450', 'unist1999', 'jea03', 'gbear7615', 'wkdgns599', 'pho8749', 'bsj99977', 'atlantic092407', 'ljh333', 'myeonu', 'beetle0720', 'huyaya98', 'ymca119', 'doli327', 'wkdgns588', 'ohsangmin', '819blue', 'chl53277', 'sgu20161489', 'acm990922', 'zang1119', 'duswn6123', 'gcoupe9171', None, 'sally0460', 'hah610115', 'mhyun1234567', 'kijukiju7215', 'wolol005', 'alvin2373', 'unikwakhj1', 'ddsh1302', 'xuvi1212', 'uniesrev0a', 'ckap00128', 'ehdgns9904', '928chan928', 'sh20000606', 'pkkcjfdn', 'shin19764', 'wdhdlstjd164', 'leeyeonghun']",117,"['alessandroverdolotti', 'dkdznl17', 'kangha6211', 'pygayoung4705', 'vincenzoortosecco', 'pcwkcw81', 'andreadominguezrodriguez4', 'rlaehrud5292', 'shim.syeon', 'lsh843223', 'lovenmin', 'seongbin', 'popfun07', 'bearhoon8590', 'unikwakhj', 'mayjinho', 'ghsmx01', 'gprodan', 'vasdvasdfew', 'oblue4848', 'dlxodus0725', 'junyoung0735', 'wg6076', 'turalazer', 'minzzai2418', 'phisicsmusic', 'zudsyd', 'yoolims', 'rhffha12345', 'qkrrjsxor12', 'wodyd909', 'asadsfawdga', 'jositxumanu00', 'hooni6708', 'dlstj989', 'sgu20181516', 'akzafonsa', 'pasquale124', 'ab8907', 'yutube1058', 'sclee1002', 'hado0416', 'huidonjeong', 'poby', 'jimmy1100a', 'doubljhyeon', 'italo.nunziata', 'dongjinwi', 'mateo1610', 'soc06016', 'a01096083057', 'ojiow', 'ellayeji11', 'syc0428', 'ryu3581', 'hgrf', 'thswngh793', 'hermione369', 'sa06093', 'kyt99999', 'ksjin0807', 'choejihun6785', 'b715063minbyeongmoon', 'ohseunghwa0802', 'francescopoziello', 'genoveffapiscitelli', 'wkxa54', 'minking0007', 'ols3060178', 'poor9876', 'nhj25136', 'leeseongjae450', 'camilamore93', 'unist1999', 'jea03', 'gbear7615', 'wkdgns599', 'pho8749', 'bsj99977', 'atlantic092407', 'ljh333', 'myeonu', 'simpip', 'stefano_parascandolo98', 'beetle0720', 'huyaya98', 'ymca119', 'doli327', 'wkdgns588', 'ohsangmin', '819blue', 'chl53277', 'sgu20161489', 'acm990922', 'zang1119', 'duswn6123', 'gcoupe9171', None, 'sally0460', 'hah610115', 'mhyun1234567', 'kijukiju7215', 'wolol005', 'alvin2373', 'unikwakhj1', 'ddsh1302', 'ridipalo', 'xuvi1212', 'uniesrev0a', 'ckap00128', 'ehdgns9904', '928chan928', 'sh20000606', 'pkkcjfdn', 'shin19764', 'wdhdlstjd164', 'leeyeonghun']"
82,28,18,38,1,['andreadominguezrodriguez4'],16,"['alessandroverdolotti', 'dkdznl17', 'vincenzoortosecco', 'italo.nunziata', 'simpip', 'stefano_parascandolo98', 'ridipalo', 'jositxumanu00', 'camilamore93', 'mateo1610', 'akzafonsa', 'pasquale124', 'francescopoziello', 'genoveffapiscitelli', 'gprodan', 'poby']",37,"['danaromera', 'vernardorevoyo', 'marcos.suarez.vazquez', 'urko', 'r3msd', 'samumonin', 'cesarleo94', 'adrianrg4', 'ivan.pineiro.hermo', 'mateogomezmendez', 'markint28', 'carloslamas', 'saducio', 'tito_moares2000', 'mierdatrabajos', 'vanesasomoza', 'samugomezbis', 'pablomapa54', 'alexandre1999usc2022', 'javipm12', 'garomo', 'saraj31', 'gabri_om6', 'almalr97', 'pabloperezpicos00', 'teijeiroalex', 'jose5loureiro', None, 'pancho5110', 'paulaanteloriveiro3', 'carme9santamarinha', 'lidialozano23', 'carmen20', 'santiagopendon', 'yago.radziunas', 'carmefguerra', 'ceciriveralamelas']",54,"['alessandroverdolotti', 'dkdznl17', 'danaromera', 'vincenzoortosecco', 'vernardorevoyo', 'andreadominguezrodriguez4', 'marcos.suarez.vazquez', 'urko', 'r3msd', 'francescopoziello', 'genoveffapiscitelli', 'samumonin', 'gprodan', 'cesarleo94', 'adrianrg4', 'ivan.pineiro.hermo', 'mateogomezmendez', 'camilamore93', 'markint28', 'carloslamas', 'saducio', 'tito_moares2000', 'mierdatrabajos', 'vanesasomoza', 'samugomezbis', 'pablomapa54', 'alexandre1999usc2022', 'simpip', 'stefano_parascandolo98', 'javipm12', 'jositxumanu00', 'garomo', 'saraj31', 'gabri_om6', 'akzafonsa', 'pasquale124', 'almalr97', 'pabloperezpicos00', 'teijeiroalex', 'jose5loureiro', 'poby', None, 'pancho5110', 'paulaanteloriveiro3', 'italo.nunziata', 'ridipalo', 'carme9santamarinha', 'lidialozano23', 'carmen20', 'mateo1610', 'santiagopendon', 'yago.radziunas', 'carmefguerra', 'ceciriveralamelas']"
82,30,18,22,3,"['camilamore93', 'jositxumanu00', 'andreadominguezrodriguez4']",14,"['alessandroverdolotti', 'dkdznl17', 'vincenzoortosecco', 'italo.nunziata', 'simpip', 'stefano_parascandolo98', 'ridipalo', 'mateo1610', 'akzafonsa', 'pasquale124', 'francescopoziello', 'genoveffapiscitelli', 'gprodan', 'poby']",19,"['marcos.suarez.vazquez', 'luisgue99', 'inesgarciaiglesias', 'unaiplacer2d', 'pedrobf9', 'mariaci9799', 'davidbua', 'cheng1105', 'mierdatrabajos', 'mgfgg17', 'gabri_om6', 'valverde.rivera.pablo', 'jose5loureiro', None, 'migf17', 'carme9santamarinha', 'sofiacobas', 'ceciriveralamelas', 'g.oteromoreiraa']",36,"['alessandroverdolotti', 'dkdznl17', 'ceciriveralamelas', 'vincenzoortosecco', 'marcos.suarez.vazquez', 'andreadominguezrodriguez4', 'luisgue99', 'francescopoziello', 'genoveffapiscitelli', 'inesgarciaiglesias', 'gprodan', 'unaiplacer2d', 'pedrobf9', 'camilamore93', 'davidbua', 'cheng1105', 'mierdatrabajos', 'mgfgg17', 'simpip', 'stefano_parascandolo98', 'jositxumanu00', 'gabri_om6', 'akzafonsa', 'pasquale124', 'valverde.rivera.pablo', 'jose5loureiro', 'poby', None, 'italo.nunziata', 'migf17', 'ridipalo', 'carme9santamarinha', 'mateo1610', 'sofiacobas', 'mariaci9799', 'g.oteromoreiraa']"
82,24,18,16,10,"['alessandroverdolotti', 'vincenzoortosecco', 'italo.nunziata', 'simpip', 'stefano_parascandolo98', 'ridipalo', 'mateo1610', 'pasquale124', 'francescopoziello', 'genoveffapiscitelli']",7,"['dkdznl17', 'andreadominguezrodriguez4', 'jositxumanu00', 'camilamore93', 'akzafonsa', 'gprodan', 'poby']",6,"['gregmik', 'krzysztofwarga', 'krzysztof.szolajski', 'antoniopati2233', 'jwozny', None]",23,"['alessandroverdolotti', 'dkdznl17', 'vincenzoortosecco', 'andreadominguezrodriguez4', 'krzysztof.szolajski', 'simpip', 'stefano_parascandolo98', 'jositxumanu00', 'akzafonsa', 'pasquale124', 'francescopoziello', 'genoveffapiscitelli', 'gprodan', 'poby', None, 'gregmik', 'krzysztofwarga', 'italo.nunziata', 'antoniopati2233', 'ridipalo', 'camilamore93', 'mateo1610', 'jwozny']"
82,471,18,16,10,"['alessandroverdolotti', 'vincenzoortosecco', 'italo.nunziata', 'simpip', 'stefano_parascandolo98', 'ridipalo', 'mateo1610', 'pasquale124', 'francescopoziello', 'genoveffapiscitelli']",7,"['dkdznl17', 'andreadominguezrodriguez4', 'jositxumanu00', 'camilamore93', 'akzafonsa', 'gprodan', 'poby']",6,"['gregmik', 'krzysztofwarga', 'krzysztof.szolajski', 'antoniopati2233', 'jwozny', None]",23,"['alessandroverdolotti', 'dkdznl17', 'vincenzoortosecco', 'andreadominguezrodriguez4', 'krzysztof.szolajski', 'simpip', 'stefano_parascandolo98', 'jositxumanu00', 'akzafonsa', 'pasquale124', 'francescopoziello', 'genoveffapiscitelli', 'gprodan', 'poby', None, 'gregmik', 'krzysztofwarga', 'italo.nunziata', 'antoniopati2233', 'ridipalo', 'camilamore93', 'mateo1610', 'jwozny']"
82,503,18,16,1,['camilamore93'],16,"['alessandroverdolotti', 'dkdznl17', 'vincenzoortosecco', 'italo.nunziata', 'andreadominguezrodriguez4', 'simpip', 'stefano_parascandolo98', 'ridipalo', 'jositxumanu00', 'mateo1610', 'akzafonsa', 'pasquale124', 'francescopoziello', 'genoveffapiscitelli', 'gprodan', 'poby']",15,"['apkaye16', 'dramaqueen13', 'jlee304', 'ktulley96', 'msolis5', 'bonniedx3311595', 'candy0930', 'cenlh', 'blair.haydon', 'm_flores4', 'jkonrath', 'manuel707', 'kidd33sm', None, 'hkittur']",32,"['alessandroverdolotti', 'dkdznl17', 'vincenzoortosecco', 'andreadominguezrodriguez4', 'jlee304', 'simpip', 'ktulley96', 'stefano_parascandolo98', 'jositxumanu00', 'candy0930', 'akzafonsa', 'pasquale124', 'francescopoziello', 'genoveffapiscitelli', 'm_flores4', 'gprodan', 'poby', None, 'italo.nunziata', 'apkaye16', 'dramaqueen13', 'ridipalo', 'msolis5', 'bonniedx3311595', 'camilamore93', 'mateo1610', 'cenlh', 'blair.haydon', 'jkonrath', 'manuel707', 'kidd33sm', 'hkittur']"
82,26,18,7,5,"['alessandroverdolotti', 'simpip', 'stefano_parascandolo98', 'ridipalo', 'genoveffapiscitelli']",12,"['dkdznl17', 'vincenzoortosecco', 'italo.nunziata', 'andreadominguezrodriguez4', 'jositxumanu00', 'camilamore93', 'mateo1610', 'akzafonsa', 'pasquale124', 'francescopoziello', 'gprodan', 'poby']",2,"['antoniopati2233', None]",19,"['alessandroverdolotti', 'dkdznl17', 'vincenzoortosecco', 'andreadominguezrodriguez4', 'simpip', 'stefano_parascandolo98', 'jositxumanu00', 'akzafonsa', 'pasquale124', 'francescopoziello', 'genoveffapiscitelli', 'gprodan', 'poby', None, 'italo.nunziata', 'antoniopati2233', 'ridipalo', 'camilamore93', 'mateo1610']"
82,32,18,6,2,"['dkdznl17', 'poby']",15,"['alessandroverdolotti', 'vincenzoortosecco', 'italo.nunziata', 'andreadominguezrodriguez4', 'simpip', 'stefano_parascandolo98', 'ridipalo', 'jositxumanu00', 'camilamore93', 'mateo1610', 'akzafonsa', 'pasquale124', 'francescopoziello', 'genoveffapiscitelli', 'gprodan']",4,"['b615206', None, 'tkdqls0417', 'doli327']",21,"['alessandroverdolotti', 'dkdznl17', 'b615206', 'vincenzoortosecco', 'andreadominguezrodriguez4', 'simpip', 'stefano_parascandolo98', 'jositxumanu00', 'akzafonsa', 'pasquale124', 'francescopoziello', 'genoveffapiscitelli', 'doli327', 'gprodan', 'poby', None, 'tkdqls0417', 'italo.nunziata', 'ridipalo', 'camilamore93', 'mateo1610']"
82,473,18,6,2,"['dkdznl17', 'poby']",15,"['alessandroverdolotti', 'vincenzoortosecco', 'italo.nunziata', 'andreadominguezrodriguez4', 'simpip', 'stefano_parascandolo98', 'ridipalo', 'jositxumanu00', 'camilamore93', 'mateo1610', 'akzafonsa', 'pasquale124', 'francescopoziello', 'genoveffapiscitelli', 'gprodan']",4,"['b615206', None, 'tkdqls0417', 'doli327']",21,"['alessandroverdolotti', 'dkdznl17', 'b615206', 'vincenzoortosecco', 'andreadominguezrodriguez4', 'simpip', 'stefano_parascandolo98', 'jositxumanu00', 'akzafonsa', 'pasquale124', 'francescopoziello', 'genoveffapiscitelli', 'doli327', 'gprodan', 'poby', None, 'tkdqls0417', 'italo.nunziata', 'ridipalo', 'camilamore93', 'mateo1610']"
83,534,17,10,7,"['youjiwoo7611', 'rabbit617', 'a01087240961', 'park990629', 'jewon8965', 'jjangv202', 'lms991023']",9,"['jihwan4215', 'sksmsdiwndmsdl2001', 'dmswjdtn1236', 'iojang9999', 'xd8285', 'junhangim376', 'cyslym97', 'kims980527', 'myeonggicheon']",3,"['sjh1234586', 'katepark0201', None]",19,"['jihwan4215', 'sksmsdiwndmsdl2001', 'rabbit617', 'iojang9999', 'sjh1234586', 'xd8285', 'a01087240961', 'kims980527', None, 'myeonggicheon', 'lms991023', 'youjiwoo7611', 'dmswjdtn1236', 'junhangim376', 'katepark0201', 'cyslym97', 'park990629', 'jewon8965', 'jjangv202']"
83,532,17,9,1,['sksmsdiwndmsdl2001'],15,"['jihwan4215', 'youjiwoo7611', 'rabbit617', 'myeonggicheon', 'dmswjdtn1236', 'iojang9999', 'xd8285', 'a01087240961', 'junhangim376', 'cyslym97', 'park990629', 'kims980527', 'jewon8965', 'jjangv202', 'lms991023']",8,"['xodls005', 'skyxz123', 'sjh1234586', 'katepark0201', 'minhyuk0208', None, 'choi99766682', 'jhlee77lee']",24,"['jihwan4215', 'sksmsdiwndmsdl2001', 'rabbit617', 'xodls005', 'iojang9999', 'sjh1234586', 'xd8285', 'a01087240961', 'minhyuk0208', 'kims980527', None, 'myeonggicheon', 'jhlee77lee', 'lms991023', 'youjiwoo7611', 'dmswjdtn1236', 'skyxz123', 'junhangim376', 'katepark0201', 'cyslym97', 'park990629', 'choi99766682', 'jewon8965', 'jjangv202']"
83,535,17,9,8,"['jihwan4215', 'sksmsdiwndmsdl2001', 'dmswjdtn1236', 'iojang9999', 'xd8285', 'cyslym97', 'kims980527', 'myeonggicheon']",8,"['youjiwoo7611', 'rabbit617', 'a01087240961', 'junhangim376', 'park990629', 'jewon8965', 'jjangv202', 'lms991023']",1,[None],17,"['jihwan4215', 'sksmsdiwndmsdl2001', 'rabbit617', 'iojang9999', 'xd8285', 'a01087240961', 'kims980527', None, 'myeonggicheon', 'lms991023', 'youjiwoo7611', 'dmswjdtn1236', 'junhangim376', 'cyslym97', 'park990629', 'jewon8965', 'jjangv202']"
83,533,17,6,4,"['park990629', 'myeonggicheon', 'jewon8965', 'lms991023']",12,"['jihwan4215', 'youjiwoo7611', 'sksmsdiwndmsdl2001', 'rabbit617', 'dmswjdtn1236', 'iojang9999', 'xd8285', 'a01087240961', 'junhangim376', 'cyslym97', 'kims980527', 'jjangv202']",2,"['katepark0201', None]",18,"['jihwan4215', 'sksmsdiwndmsdl2001', 'rabbit617', 'iojang9999', 'xd8285', 'a01087240961', 'kims980527', None, 'myeonggicheon', 'lms991023', 'youjiwoo7611', 'dmswjdtn1236', 'junhangim376', 'katepark0201', 'cyslym97', 'park990629', 'jewon8965', 'jjangv202']"
84,286,17,10,4,"['black161', 'abaniiss', 'katnyp', 'mhoeper']",12,"['wajinhakim', 'danielkorol02', 'annabeella2006', 'lojeen', 'rayjaeng', 'hunt136', 'ava.hallberg', 'julianblandino589', 'sophiacathey', 'rbrk', 'ajin', 'jxu94']",6,"['jverduzc', 'psalek', 'jbarsima', 'nykiel.4', None, 'ahads']",22,"['jverduzc', 'annabeella2006', 'abaniiss', 'jbarsima', 'rayjaeng', 'black161', 'hunt136', 'psalek', 'ava.hallberg', 'sophiacathey', 'rbrk', 'ahads', None, 'wajinhakim', 'danielkorol02', 'lojeen', 'nykiel.4', 'julianblandino589', 'jxu94', 'ajin', 'katnyp', 'mhoeper']"
84,284,17,8,6,"['danielkorol02', 'annabeella2006', 'lojeen', 'julianblandino589', 'sophiacathey', 'ajin']",10,"['wajinhakim', 'abaniiss', 'rayjaeng', 'black161', 'hunt136', 'ava.hallberg', 'rbrk', 'jxu94', 'katnyp', 'mhoeper']",2,"['val2331', None]",18,"['annabeella2006', 'abaniiss', 'rayjaeng', 'black161', 'hunt136', 'ava.hallberg', 'sophiacathey', 'rbrk', 'val2331', None, 'wajinhakim', 'danielkorol02', 'lojeen', 'julianblandino589', 'jxu94', 'ajin', 'katnyp', 'mhoeper']"
84,287,17,8,5,"['danielkorol02', 'annabeella2006', 'lojeen', 'julianblandino589', 'sophiacathey']",11,"['wajinhakim', 'abaniiss', 'rayjaeng', 'black161', 'hunt136', 'ava.hallberg', 'rbrk', 'ajin', 'jxu94', 'katnyp', 'mhoeper']",3,"['val2331', None, 'jaredjc51']",19,"['annabeella2006', 'abaniiss', 'rayjaeng', 'black161', 'hunt136', 'ava.hallberg', 'sophiacathey', 'rbrk', 'val2331', None, 'wajinhakim', 'danielkorol02', 'lojeen', 'jaredjc51', 'julianblandino589', 'jxu94', 'ajin', 'katnyp', 'mhoeper']"
84,285,17,7,4,"['julianblandino589', 'annabeella2006', 'ajin', 'lojeen']",12,"['wajinhakim', 'danielkorol02', 'abaniiss', 'rayjaeng', 'black161', 'hunt136', 'ava.hallberg', 'sophiacathey', 'rbrk', 'jxu94', 'katnyp', 'mhoeper']",3,"['val2331', None, 'jaredjc51']",19,"['annabeella2006', 'abaniiss', 'rayjaeng', 'black161', 'hunt136', 'ava.hallberg', 'sophiacathey', 'rbrk', 'val2331', None, 'wajinhakim', 'danielkorol02', 'lojeen', 'jaredjc51', 'julianblandino589', 'jxu94', 'ajin', 'katnyp', 'mhoeper']"
85,565,17,12,1,['naquibuddinsarkar'],15,"['simonecarta98', 'ziddachiara', 'aureplacido1995', 'martinaputzu.97', 'tegova', 'sra80016', 'gc_unica', 'meemtabassum2', 'morenoz', 'lorenzo96', 'gloriaserra', 'mannaleo', 'stefano.lai', 'bharath123', 'serif23yildiz']",11,"['asiforko11', 'hassan21', 'abrar57', 'seeamoonha', 'kamrul739', 'fahim42', 'shuvo', 'mahmudurrahman4687', 'anika', 'mohtasim', None]",27,"['sra80016', 'naquibuddinsarkar', 'meemtabassum2', 'morenoz', 'gloriaserra', 'mannaleo', 'anika', 'mohtasim', None, 'simonecarta98', 'ziddachiara', 'aureplacido1995', 'martinaputzu.97', 'asiforko11', 'hassan21', 'tegova', 'gc_unica', 'abrar57', 'seeamoonha', 'kamrul739', 'fahim42', 'lorenzo96', 'shuvo', 'mahmudurrahman4687', 'stefano.lai', 'bharath123', 'serif23yildiz']"
85,564,17,11,1,['sra80016'],15,"['simonecarta98', 'ziddachiara', 'aureplacido1995', 'martinaputzu.97', 'tegova', 'naquibuddinsarkar', 'gc_unica', 'meemtabassum2', 'morenoz', 'lorenzo96', 'gloriaserra', 'mannaleo', 'stefano.lai', 'bharath123', 'serif23yildiz']",10,"['hassan21', 'abrar57', 'kamrul739', 'fahim42', 'ryyan', 'raihanuladib', 'anika', 'mohtasim', None, 'redwan001']",26,"['sra80016', 'naquibuddinsarkar', 'meemtabassum2', 'morenoz', 'ryyan', 'redwan001', 'gloriaserra', 'mannaleo', 'anika', 'mohtasim', None, 'simonecarta98', 'ziddachiara', 'aureplacido1995', 'martinaputzu.97', 'hassan21', 'tegova', 'gc_unica', 'abrar57', 'kamrul739', 'fahim42', 'lorenzo96', 'raihanuladib', 'stefano.lai', 'bharath123', 'serif23yildiz']"
85,566,17,10,9,"['simonecarta98', 'ziddachiara', 'martinaputzu.97', 'gc_unica', 'morenoz', 'gloriaserra', 'stefano.lai', 'mannaleo', 'serif23yildiz']",7,"['aureplacido1995', 'tegova', 'sra80016', 'naquibuddinsarkar', 'meemtabassum2', 'lorenzo96', 'bharath123']",1,[None],17,"['sra80016', 'naquibuddinsarkar', 'meemtabassum2', 'morenoz', 'gloriaserra', 'mannaleo', None, 'simonecarta98', 'ziddachiara', 'aureplacido1995', 'martinaputzu.97', 'tegova', 'gc_unica', 'lorenzo96', 'stefano.lai', 'bharath123', 'serif23yildiz']"
85,568,17,9,8,"['simonecarta98', 'ziddachiara', 'aureplacido1995', 'martinaputzu.97', 'lorenzo96', 'stefano.lai', 'mannaleo', 'serif23yildiz']",8,"['tegova', 'sra80016', 'naquibuddinsarkar', 'gc_unica', 'meemtabassum2', 'morenoz', 'gloriaserra', 'bharath123']",1,[None],17,"['sra80016', 'naquibuddinsarkar', 'meemtabassum2', 'morenoz', 'gloriaserra', 'mannaleo', None, 'simonecarta98', 'ziddachiara', 'aureplacido1995', 'martinaputzu.97', 'tegova', 'gc_unica', 'lorenzo96', 'stefano.lai', 'bharath123', 'serif23yildiz']"
85,567,17,8,7,"['ziddachiara', 'aureplacido1995', 'martinaputzu.97', 'gc_unica', 'lorenzo96', 'mannaleo', 'serif23yildiz']",9,"['simonecarta98', 'tegova', 'sra80016', 'naquibuddinsarkar', 'meemtabassum2', 'morenoz', 'gloriaserra', 'stefano.lai', 'bharath123']",1,[None],17,"['sra80016', 'naquibuddinsarkar', 'meemtabassum2', 'morenoz', 'gloriaserra', 'mannaleo', None, 'simonecarta98', 'ziddachiara', 'aureplacido1995', 'martinaputzu.97', 'tegova', 'gc_unica', 'lorenzo96', 'stefano.lai', 'bharath123', 'serif23yildiz']"
86,253,17,61,6,"['benvau2', 'efalse2', 'msolis27', 'kirannk2', 'ziruiw2', 'malramadan123']",10,"['cuiao1011', 'vidyasaraswathia', 'nedicbojana', 'surajkhalate21', 'cyriacvipin', 'kamalsoliman', 'sekharphy', 'wkwak2', 'youchenglong2019', 'b10104023']",55,"['sujays2', 'pc20', 'aarondh2', 'keithmse304', 'sopfeil2', 'tagomez2', 'torsr2', 'damer', 'aniyogi2', 'nk13', 'mmj5', 'hatoonb2', 'simong2', 'xianzhi2', 'jnb4', 'danayun2', 'rvplank2', 'dhamill2', 'youfuq2', 'ssethi7', 'acevans4', 'jinyang9', 'zainab2', 'chyu3', 'jalies2', 'ddejong2', 'ericy3', 'ajscott5', 'ssibi2', 'anishas4', 'rsears4', 'wrishk2', 'depew2', 'ameindl2', 'sali93', 'jaredf2', 'yunzhes2', None, 'abhirs2', 'boyangy4', 'jacobt6', 'efs2', 'xinzhih2', 'haoran7', 'amaloto2', 'tjricks2', 'karoche3', 'ryusuke2', 'ryanwm2', 'wyik2', 'mrc13', 'fshyti2', 'marialc3', 'lzaczek2', 'kaylalh3']",71,"['sujays2', 'pc20', 'benvau2', 'keithmse304', 'aarondh2', 'kamalsoliman', 'msolis27', 'aniyogi2', 'nk13', 'mmj5', 'youchenglong2019', 'jnb4', 'xianzhi2', 'rvplank2', 'dhamill2', 'youfuq2', 'jinyang9', 'ziruiw2', 'jalies2', 'ddejong2', 'ericy3', 'efalse2', 'ssibi2', 'anishas4', 'wrishk2', 'depew2', 'ameindl2', 'jaredf2', 'yunzhes2', 'abhirs2', 'efs2', 'xinzhih2', 'amaloto2', 'tjricks2', 'karoche3', 'ryanwm2', 'cyriacvipin', 'mrc13', 'sekharphy', 'malramadan123', 'vidyasaraswathia', 'sopfeil2', 'nedicbojana', 'tagomez2', 'torsr2', 'damer', 'hatoonb2', 'simong2', 'danayun2', 'ssethi7', 'acevans4', 'wkwak2', 'zainab2', 'chyu3', 'cuiao1011', 'ajscott5', 'rsears4', 'sali93', None, 'boyangy4', 'jacobt6', 'haoran7', 'surajkhalate21', 'ryusuke2', 'wyik2', 'fshyti2', 'kirannk2', 'marialc3', 'lzaczek2', 'kaylalh3', 'b10104023']"
86,254,17,11,1,['wkwak2'],15,"['cuiao1011', 'vidyasaraswathia', 'benvau2', 'efalse2', 'nedicbojana', 'surajkhalate21', 'cyriacvipin', 'kamalsoliman', 'msolis27', 'kirannk2', 'sekharphy', 'ziruiw2', 'youchenglong2019', 'malramadan123', 'b10104023']",10,"['jaehong3', 'rjf5', 'rvplank2', 'keithmse304', 'ericy3', 'shawnc2', 'hanlinw3', 'mmj5', 'gcangi2', None]",26,"['cuiao1011', 'benvau2', 'vidyasaraswathia', 'keithmse304', 'efalse2', 'nedicbojana', 'ericy3', 'hanlinw3', 'kamalsoliman', 'msolis27', 'mmj5', 'youchenglong2019', None, 'jaehong3', 'rjf5', 'rvplank2', 'surajkhalate21', 'shawnc2', 'cyriacvipin', 'kirannk2', 'sekharphy', 'wkwak2', 'ziruiw2', 'gcangi2', 'malramadan123', 'b10104023']"
87,365,17,45,2,"['alghazali89', 'yikjia157']",14,"['jiunhaok', 'edmundchuang', 'aditimahale200', 'muhaimin97', 'itshanafi', 'vyasatnanohub2015', 'stalinyeo97', 'gankinsian831', 'afiqahrazak16', 'liangjun', 'jasonpoung', 'kuanyanc', 'muhammadaslamkhan211044', 'mzulhaikal2']",43,"['nrzkha9', 'cjx123', 'u2103061', 'chebeepbeep', 'u2000878', 'faizazuki7477', 'u2000663', 'jasontankmj', 'erictee0917', 'tanszeching', 'cyx0214', 'jiahuilim96', 'haqime22', 'omarfaheem', 'izzanurbalqis21', 'kyvonne2002', 'munken123', 'jasontee2001', 'u2103074', 'fitriabuyazid4', 'u2103167', 'tahmid', 'khaw', 's2119347', 'wanammarizzat', 'syedilhan12', 'atulzolq', 'haziqteknik123', None, 'bryan_lly', 'u2000829', 'luqmankamarsham', 'u2103102', 'cjy', 'u2103189', 'harissonvr46', 'u2103120', 'u2103104', 'izuan.tyt', 'dengyaokua', 'fathulammar', 'shien329', 'u2000449']",59,"['nrzkha9', 'cjx123', 'jiunhaok', 'u2103061', 'chebeepbeep', 'u2000878', 'vyasatnanohub2015', 'faizazuki7477', 'alghazali89', 'gankinsian831', 'u2000663', 'jasontankmj', 'erictee0917', 'tanszeching', 'cyx0214', 'jiahuilim96', 'haqime22', 'omarfaheem', 'itshanafi', 'liangjun', 'izzanurbalqis21', 'kyvonne2002', 'kuanyanc', 'jasontee2001', 'munken123', 'u2103074', 'fitriabuyazid4', 'muhaimin97', 'u2103167', 'tahmid', 'khaw', 's2119347', 'wanammarizzat', 'jasonpoung', 'syedilhan12', 'atulzolq', 'haziqteknik123', 'muhammadaslamkhan211044', None, 'mzulhaikal2', 'bryan_lly', 'edmundchuang', 'aditimahale200', 'u2000829', 'yikjia157', 'luqmankamarsham', 'u2103102', 'cjy', 'u2103189', 'harissonvr46', 'u2103120', 'stalinyeo97', 'afiqahrazak16', 'u2103104', 'izuan.tyt', 'dengyaokua', 'fathulammar', 'shien329', 'u2000449']"
87,367,17,8,3,"['liangjun', 'jasonpoung', 'muhaimin97']",13,"['jiunhaok', 'edmundchuang', 'aditimahale200', 'yikjia157', 'itshanafi', 'vyasatnanohub2015', 'alghazali89', 'stalinyeo97', 'gankinsian831', 'afiqahrazak16', 'kuanyanc', 'muhammadaslamkhan211044', 'mzulhaikal2']",5,"['laihoong', 'muhammadajrulmukminin', 'dengyaokua', 'salehuddin098', None]",21,"['laihoong', 'jiunhaok', 'muhaimin97', 'vyasatnanohub2015', 'alghazali89', 'gankinsian831', 'jasonpoung', None, 'muhammadaslamkhan211044', 'mzulhaikal2', 'edmundchuang', 'aditimahale200', 'yikjia157', 'itshanafi', 'muhammadajrulmukminin', 'stalinyeo97', 'afiqahrazak16', 'liangjun', 'dengyaokua', 'salehuddin098', 'kuanyanc']"
87,362,17,7,4,"['liangjun', 'kuanyanc', 'jasonpoung', 'gankinsian831']",12,"['jiunhaok', 'edmundchuang', 'aditimahale200', 'yikjia157', 'muhaimin97', 'itshanafi', 'vyasatnanohub2015', 'alghazali89', 'stalinyeo97', 'afiqahrazak16', 'muhammadaslamkhan211044', 'mzulhaikal2']",3,"['jonathan96sia', None, 'puay_yu13']",19,"['jiunhaok', 'muhaimin97', 'vyasatnanohub2015', 'alghazali89', 'gankinsian831', 'jonathan96sia', 'jasonpoung', None, 'muhammadaslamkhan211044', 'puay_yu13', 'mzulhaikal2', 'edmundchuang', 'aditimahale200', 'yikjia157', 'itshanafi', 'stalinyeo97', 'afiqahrazak16', 'liangjun', 'kuanyanc']"
87,364,17,7,3,"['kuanyanc', 'jasonpoung', 'yikjia157']",13,"['jiunhaok', 'edmundchuang', 'aditimahale200', 'muhaimin97', 'itshanafi', 'vyasatnanohub2015', 'alghazali89', 'stalinyeo97', 'gankinsian831', 'afiqahrazak16', 'liangjun', 'muhammadaslamkhan211044', 'mzulhaikal2']",4,"['jonathan96sia', 'chainhuiwong1996', None, 'puay_yu13']",20,"['jiunhaok', 'muhaimin97', 'vyasatnanohub2015', 'alghazali89', 'gankinsian831', 'jonathan96sia', 'jasonpoung', None, 'muhammadaslamkhan211044', 'puay_yu13', 'mzulhaikal2', 'edmundchuang', 'aditimahale200', 'yikjia157', 'itshanafi', 'stalinyeo97', 'afiqahrazak16', 'liangjun', 'chainhuiwong1996', 'kuanyanc']"
90,418,16,16,14,"['neelnidamarthy01', 'aeb', 'sonij', 'ntrapp', 'hkatis', 'lee3202', 'singh447', 'hmanivan', 'shin226', 'wang3936', 'avila35', 'priest3', 'hong283', 'sgsinger']",1,['ander878'],2,"[None, '928randy']",17,"['aeb', 'ntrapp', 'lee3202', 'wang3936', 'avila35', 'shin226', None, 'sgsinger', '928randy', 'neelnidamarthy01', 'sonij', 'hkatis', 'singh447', 'hmanivan', 'ander878', 'priest3', 'hong283']"
90,386,16,11,10,"['neelnidamarthy01', 'hkatis', 'ntrapp', 'lee3202', 'wang3936', 'avila35', 'ander878', 'priest3', 'hong283', 'sgsinger']",5,"['aeb', 'sonij', 'singh447', 'hmanivan', 'shin226']",1,[None],16,"['aeb', 'ntrapp', 'lee3202', 'wang3936', 'avila35', 'shin226', None, 'sgsinger', 'neelnidamarthy01', 'sonij', 'hkatis', 'singh447', 'hmanivan', 'ander878', 'priest3', 'hong283']"
90,74,16,8,5,"['singh447', 'avila35', 'wang3936', 'ander878', 'hong283']",10,"['neelnidamarthy01', 'aeb', 'sonij', 'hkatis', 'ntrapp', 'lee3202', 'hmanivan', 'priest3', 'shin226', 'sgsinger']",3,"['frederickvanetti', 'dflornes', None]",18,"['aeb', 'ntrapp', 'lee3202', 'wang3936', 'avila35', 'dflornes', 'shin226', 'frederickvanetti', None, 'sgsinger', 'neelnidamarthy01', 'sonij', 'hkatis', 'singh447', 'hmanivan', 'ander878', 'priest3', 'hong283']"
90,73,16,7,3,"['neelnidamarthy01', 'avila35', 'ntrapp']",12,"['aeb', 'sonij', 'hkatis', 'singh447', 'lee3202', 'hmanivan', 'shin226', 'wang3936', 'ander878', 'priest3', 'hong283', 'sgsinger']",4,"['stewa360', 'bohlmann', 'dcyze', None]",19,"['aeb', 'bohlmann', 'ntrapp', 'lee3202', 'wang3936', 'avila35', 'shin226', None, 'sgsinger', 'neelnidamarthy01', 'sonij', 'hkatis', 'singh447', 'hmanivan', 'ander878', 'priest3', 'hong283', 'dcyze', 'stewa360']"
91,456,16,25,10,"['ravid.elmakies25', 'adirs666', 'tavor1994', 'pazshon1', 'mikeyonosov', 'idaniluz', 'aviyasirmakesh12345', 'nivc27', 'orcohenz126', 'ofirr1963']",5,"['eliranizhakov23', 'oct8via', 'erezmakdusi', 'davidb5852', 'snirdayan1997']",15,"['jaykaye5571', 'eyoav5', 'damfain67', 'benfarjoon.learn', 'haimozer', 'hadaryaakov1997', 'artyomtorg2016', 'guyshaul8', 'bar.elias97', 'eladnahum5', None, 'm.b.d', 'nikol25.mulokandov', 'orioriori2000', 'yaronlagami']",30,"['eyoav5', 'eliranizhakov23', 'damfain67', 'hadaryaakov1997', 'guyshaul8', 'aviyasirmakesh12345', 'nivc27', 'jaykaye5571', 'adirs666', 'benfarjoon.learn', 'pazshon1', 'idaniluz', 'artyomtorg2016', 'davidb5852', 'm.b.d', 'nikol25.mulokandov', 'yaronlagami', 'ravid.elmakies25', 'oct8via', 'tavor1994', 'mikeyonosov', 'bar.elias97', 'eladnahum5', None, 'ofirr1963', 'orioriori2000', 'snirdayan1997', 'erezmakdusi', 'haimozer', 'orcohenz126']"
93,318,15,20,1,['edgarclydelopez09'],13,"['not0sure', 'sfrache', 'kt.vu', 'reubschucky', 'ganeshgowri', 'nakaboua', 'anusha.20ec012', '20mv33', 'chrisk76', 'saliljoshi', 'rajeshwarsh', 'benny16n', 'alcarius']",19,"['jcaasi28', 'elianangelo.abellanosa.pharma', 'annvictoria913', 'marikojoycedimasuay30612', 'jrivero00', 'rodrigojohn.nogoy.pharma', 'psychevillegas', 'jppaulin', 'eenlim', 'biochemistyarn', 'earlbernard.gonzales.pharma', 'sophiagutierrez60', None, 'fenilouizbeth.batula', 'jmgsioson000', 'christinejoy.villanueva', 'jeongeun.ha.pharma', 'vincetyrell.yongco.pharma', 'raymundsennuel.limbo']",33,"['jcaasi28', 'edgarclydelopez09', 'not0sure', 'elianangelo.abellanosa.pharma', 'annvictoria913', 'marikojoycedimasuay30612', 'jrivero00', 'rodrigojohn.nogoy.pharma', 'kt.vu', 'anusha.20ec012', '20mv33', 'chrisk76', 'saliljoshi', 'rajeshwarsh', 'psychevillegas', 'jppaulin', 'eenlim', 'biochemistyarn', 'sfrache', 'earlbernard.gonzales.pharma', 'reubschucky', 'ganeshgowri', 'sophiagutierrez60', 'nakaboua', None, 'jmgsioson000', 'fenilouizbeth.batula', 'christinejoy.villanueva', 'jeongeun.ha.pharma', 'vincetyrell.yongco.pharma', 'raymundsennuel.limbo', 'benny16n', 'alcarius']"
94,223,15,16,13,"['wzhang2', 'budhathokisamir244', 'niklin', 'jugalsahoo', 'timdenney', 'jparke71', 'lyang43', 'hirst17', 'wj249', 'kinston', 'santiagosalinasp', 'tjlawton', 'cwestmark']",1,['apoorvsh'],3,"['hiyer647', None, 'buehler']",17,"['wzhang2', 'budhathokisamir244', 'niklin', 'timdenney', 'hiyer647', 'lyang43', 'hirst17', 'wj249', 'buehler', 'tjlawton', 'cwestmark', None, 'apoorvsh', 'jugalsahoo', 'jparke71', 'kinston', 'santiagosalinasp']"
94,573,15,15,13,"['wzhang2', 'budhathokisamir244', 'niklin', 'jugalsahoo', 'timdenney', 'jparke71', 'lyang43', 'hirst17', 'wj249', 'kinston', 'santiagosalinasp', 'tjlawton', 'cwestmark']",1,['apoorvsh'],2,"['hiyer647', None]",16,"['wzhang2', 'budhathokisamir244', 'niklin', 'timdenney', 'hiyer647', 'lyang43', 'hirst17', 'wj249', 'tjlawton', 'cwestmark', None, 'apoorvsh', 'jugalsahoo', 'jparke71', 'kinston', 'santiagosalinasp']"
95,406,15,15,11,"['andrewsc5', 'simpsoni1', 'khanh2', 'tpitser46', 'sponoriginal001', 'bungertt', 'nelsonl1', 'kruzyke', 'barahonad', 'iamjmajor', 'jeanjaquetb']",3,"['swampdogline', 'mayl', 'rss2020509']",4,"['millerp6', None, 'estradaortiza', 'sartwellt']",18,"['tpitser46', 'kruzyke', 'nelsonl1', 'swampdogline', 'millerp6', 'rss2020509', None, 'andrewsc5', 'estradaortiza', 'simpsoni1', 'khanh2', 'sponoriginal001', 'bungertt', 'barahonad', 'iamjmajor', 'mayl', 'jeanjaquetb', 'sartwellt']"
96,288,15,14,8,"['ayala138', 'jailen.doyle', 'yellowfox101', 'treniciaevans', 'alanabell', 'teira.young', 'kendall.wise', 'datjuan.harris']",6,"['lassanda34', 'giveit2god', 'baer31', 'armcdona', 'annag4', 'korin']",6,"['devin.cox', 'zariaevans', 'mformaverick', 'tomekiasimeon', None, 'macoi.hollins']",20,"['giveit2god', 'devin.cox', 'armcdona', 'jailen.doyle', 'alanabell', 'teira.young', None, 'korin', 'macoi.hollins', 'lassanda34', 'zariaevans', 'baer31', 'ayala138', 'yellowfox101', 'treniciaevans', 'mformaverick', 'annag4', 'kendall.wise', 'tomekiasimeon', 'datjuan.harris']"
98,520,15,36,3,"['garumull', 'emmettsills3', 'anagoldpez']",11,"['jlorti16', 'djmcclur', 'aberde', 'kkonkar', 'josburn2', 'shaber2', 'josecj8590', 'dshetty27', 'smural39', 'vkandhag', 'pclillie']",33,"['rlaehrud5292', 'cschelz', 'dise8988', 'ypd679', 'abdelrahmanmedhat', 'nkd929', 'youssefroushdy29', 'shiranwaelali', 'jns225', 'gmarti78', 'gfb', 'kareemnabil779', 'trevorpeyton', 'liux16aalto', 'nouranhamdy022', 'marco.duca.1', 'tannerjackson_2024', 'zikamahmoud2002', 'jina', 'feth.ceylan', 'andrewosama82', 'dmayorga', 'samuelberehe', 'hvs278', None, 'daniel.loveless', 'b815184', 'kolliaspatrick', 'amoxes', 'mokhtarfadl2', 'omarbakr234', 'hussienbetity73', 'quimii1']",47,"['jlorti16', 'rlaehrud5292', 'shaber2', 'cschelz', 'dise8988', 'ypd679', 'abdelrahmanmedhat', 'nkd929', 'vkandhag', 'youssefroushdy29', 'shiranwaelali', 'jns225', 'gmarti78', 'gfb', 'kareemnabil779', 'trevorpeyton', 'liux16aalto', 'dshetty27', 'tannerjackson_2024', 'marco.duca.1', 'nouranhamdy022', 'pclillie', 'garumull', 'zikamahmoud2002', 'jina', 'feth.ceylan', 'djmcclur', 'andrewosama82', 'dmayorga', 'josburn2', 'samuelberehe', 'hvs278', 'aberde', 'smural39', 'anagoldpez', None, 'daniel.loveless', 'b815184', 'kolliaspatrick', 'kkonkar', 'amoxes', 'mokhtarfadl2', 'josecj8590', 'emmettsills3', 'omarbakr234', 'hussienbetity73', 'quimii1']"
98,324,15,8,4,"['kkonkar', 'vkandhag', 'dshetty27', 'aberde']",10,"['garumull', 'jlorti16', 'djmcclur', 'josburn2', 'shaber2', 'josecj8590', 'emmettsills3', 'smural39', 'anagoldpez', 'pclillie']",4,"[None, 'sachinchandra.gsc', 'pnolas10', 'asrira14']",18,"['garumull', 'jlorti16', 'djmcclur', 'josburn2', 'shaber2', 'pnolas10', 'aberde', 'smural39', 'anagoldpez', None, 'vkandhag', 'asrira14', 'kkonkar', 'josecj8590', 'emmettsills3', 'sachinchandra.gsc', 'dshetty27', 'pclillie']"
98,368,15,7,5,"['kkonkar', 'dshetty27', 'aberde', 'smural39', 'vkandhag']",9,"['garumull', 'jlorti16', 'djmcclur', 'josburn2', 'shaber2', 'josecj8590', 'emmettsills3', 'anagoldpez', 'pclillie']",2,"[None, 'vasileska']",16,"['garumull', 'jlorti16', 'djmcclur', 'josburn2', 'shaber2', 'aberde', 'smural39', 'anagoldpez', None, 'vkandhag', 'kkonkar', 'josecj8590', 'emmettsills3', 'dshetty27', 'vasileska', 'pclillie']"
98,519,15,7,2,"['aberde', 'dshetty27']",12,"['garumull', 'jlorti16', 'djmcclur', 'kkonkar', 'josburn2', 'shaber2', 'josecj8590', 'emmettsills3', 'smural39', 'anagoldpez', 'vkandhag', 'pclillie']",5,"['pnolas10', 'jvemired', 'konkarkrutika', None, 'vasileska']",19,"['garumull', 'jlorti16', 'djmcclur', 'josburn2', 'shaber2', 'pnolas10', 'jvemired', 'konkarkrutika', 'aberde', 'smural39', 'anagoldpez', None, 'vkandhag', 'kkonkar', 'josecj8590', 'emmettsills3', 'dshetty27', 'vasileska', 'pclillie']"
100,382,14,18,11,"['jacob.rothenberg', 'madelyn.mckinley', 'jwgillispie', 'langhamsarah', 'victoria.miller', 'jma2', 'dyuna.soledade', 'olivia.miller', 'alexjohnson', 'sgandhi', 'diego.machado']",2,"['rse2017002', 'kavroulakisioannis']",7,"['a.santana', 'lindsibaugher', 'lucas.suhre', 'wmadyda', None, 'shane.barrera', 'liyingwu']",20,"['jma2', 'madelyn.mckinley', 'langhamsarah', 'victoria.miller', 'jwgillispie', 'lindsibaugher', 'a.santana', 'olivia.miller', 'sgandhi', None, 'liyingwu', 'jacob.rothenberg', 'lucas.suhre', 'rse2017002', 'kavroulakisioannis', 'dyuna.soledade', 'wmadyda', 'alexjohnson', 'shane.barrera', 'diego.machado']"
100,383,14,18,5,"['jma2', 'jacob.rothenberg', 'madelyn.mckinley', 'alexjohnson', 'sgandhi']",8,"['jwgillispie', 'langhamsarah', 'victoria.miller', 'rse2017002', 'kavroulakisioannis', 'dyuna.soledade', 'olivia.miller', 'diego.machado']",13,"['kmiller7', 'a.santana', 'lindsibaugher', 'lucas.suhre', 'tyjenkins', 'jasonloch', 'laurenrozic', 'fcorboferreira', 'wmadyda', 'connormoore', 'jweichselbaumer', None, 'shane.barrera']",26,"['jma2', 'madelyn.mckinley', 'langhamsarah', 'victoria.miller', 'jwgillispie', 'a.santana', 'lindsibaugher', 'tyjenkins', 'jasonloch', 'laurenrozic', 'olivia.miller', 'sgandhi', None, 'jacob.rothenberg', 'kmiller7', 'lucas.suhre', 'rse2017002', 'kavroulakisioannis', 'dyuna.soledade', 'fcorboferreira', 'wmadyda', 'connormoore', 'alexjohnson', 'jweichselbaumer', 'shane.barrera', 'diego.machado']"
100,384,14,7,2,"['diego.machado', 'olivia.miller']",11,"['jacob.rothenberg', 'madelyn.mckinley', 'jwgillispie', 'langhamsarah', 'victoria.miller', 'jma2', 'rse2017002', 'kavroulakisioannis', 'dyuna.soledade', 'alexjohnson', 'sgandhi']",5,"['abordas', 'cami', 'sihanghui', None, 'shane.barrera']",18,"['jma2', 'madelyn.mckinley', 'langhamsarah', 'victoria.miller', 'jwgillispie', 'abordas', 'olivia.miller', 'sihanghui', 'sgandhi', None, 'jacob.rothenberg', 'rse2017002', 'kavroulakisioannis', 'dyuna.soledade', 'cami', 'alexjohnson', 'shane.barrera', 'diego.machado']"
101,563,14,12,10,"['saad012', 'abdullahhadi', 'hasibul11', 'nuhash27', 'sohaira114', 'razia.moury', 'hasanhabib16', 'mafruza', 'rjfaysal29', 'jahinahnaf98']",3,"['seen', 'ananna.khan1', 'abdul.siddiki']",2,"['reza001', None]",15,"['seen', 'reza001', 'sohaira114', 'mafruza', 'rjfaysal29', 'jahinahnaf98', None, 'abdul.siddiki', 'saad012', 'hasibul11', 'abdullahhadi', 'nuhash27', 'razia.moury', 'hasanhabib16', 'ananna.khan1']"
102,2,14,15,11,"['gdirienz', 'kaelonmc', 'paul.g.abdelmessih', 'andrewjfish', 'derek.d.mulholland', 'edward.j.wedgbury', 'vinersj', 'eric.l.zhang', 'adam.b.levin', 'cheysirota', 'william1drake1']",2,"['matthew.j.mcgowan', 'valentjg']",4,"['franked1', 'diana.florencio', 'petersongcy', None]",17,"['petersongcy', 'kaelonmc', 'paul.g.abdelmessih', 'derek.d.mulholland', 'franked1', 'valentjg', 'adam.b.levin', 'matthew.j.mcgowan', 'cheysirota', None, 'william1drake1', 'gdirienz', 'andrewjfish', 'edward.j.wedgbury', 'vinersj', 'diana.florencio', 'eric.l.zhang']"
102,1,14,13,2,"['matthew.j.mcgowan', 'valentjg']",11,"['gdirienz', 'kaelonmc', 'paul.g.abdelmessih', 'andrewjfish', 'derek.d.mulholland', 'edward.j.wedgbury', 'vinersj', 'eric.l.zhang', 'adam.b.levin', 'cheysirota', 'william1drake1']",11,"['petersongcy', 'lauren.m.grohowski', 'alicemb00', 'andydu', 'franked1', 'eric475', 'profcgdl', 'laurenc0621', 'adamfortner', 'diana.florencio', None]",24,"['petersongcy', 'kaelonmc', 'paul.g.abdelmessih', 'alicemb00', 'andydu', 'derek.d.mulholland', 'franked1', 'valentjg', 'profcgdl', 'adam.b.levin', 'matthew.j.mcgowan', 'cheysirota', None, 'william1drake1', 'gdirienz', 'lauren.m.grohowski', 'andrewjfish', 'edward.j.wedgbury', 'vinersj', 'eric475', 'laurenc0621', 'adamfortner', 'diana.florencio', 'eric.l.zhang']"
103,435,14,10,7,"['solange.munoz', 'erikamehring', 'jchierici', 'myriamtorres', 'sol.3.92', 'fpantano73', 'abolano']",6,"['bolozubaankesari', 'armaanmm', 'akapella', 'vividaboin', 't222949m', 'kungang717']",3,"['fabripusiol1833', None, 'dmarcini88']",16,"['armaanmm', 'jchierici', 'vividaboin', 't222949m', 'fabripusiol1833', None, 'kungang717', 'bolozubaankesari', 'akapella', 'solange.munoz', 'erikamehring', 'myriamtorres', 'sol.3.92', 'dmarcini88', 'fpantano73', 'abolano']"
103,436,14,8,1,['t222949m'],12,"['bolozubaankesari', 'armaanmm', 'akapella', 'solange.munoz', 'erikamehring', 'jchierici', 'vividaboin', 'myriamtorres', 'sol.3.92', 'fpantano73', 'abolano', 'kungang717']",7,"['kkunihiro', 'nsgn2357', 'junjun1231', 'raremetal5347', None, 'ryou24', 'tsr34025']",20,"['armaanmm', 'kkunihiro', 'jchierici', 'junjun1231', 'raremetal5347', 'vividaboin', 't222949m', 'ryou24', 'kungang717', None, 'tsr34025', 'bolozubaankesari', 'akapella', 'solange.munoz', 'erikamehring', 'nsgn2357', 'myriamtorres', 'sol.3.92', 'fpantano73', 'abolano']"
105,500,14,206,12,"['edwardmirkin', 'savannah.horowitz', 'michaelroberts', 'dquinte1', 'antoniopati2233', 'gnicezw', 'sl90', 'youngg', 'c.rineer', 'lucaseduoli', 'mdgolamzakaria3', 'osvy']",1,['pedrox'],194,"['guete', 'antlomb', 'jymbarnes11', 'villarta.jabulen', 'jsweeney1', 'andreadominguezrodriguez4', 'jasonkkgukeghost', 'alright2555', 'nzhu2000', 'uni_homework', 'silvermoon0314', 'a110521014', 'miguelcou', 'peak11', 'noahmarron1127', 'oalvidrez', 'a3pa3p', 'alam1', 'glatham3211', 'athena.120245141', 'mcalderman1', 'jerry41707', 'b361user', 'blair.haydon', 'mierdatrabajos', 'fenqs', 'iliasosner21', 'samugomezbis', 'gonza801', 'nicholasdwilliams', 'yellowkitie777', 'akzafonsa', 'eray0206', 'poby', 'pancho5110', 'sjiang701', 'gregmik', 'charming', 'jiaolh', 'sunrh0215', 'dizarmejzini', 'zanoni', 'shantu.ghose', 'jwozny', 'riverhorse', 'mj02280430', 'grudzinski1', 'molkon', 'b12345215', 'dwh0015', 'a022354s', 'luisgue99', 'samumonin', 'kartd0103399', 'tkdqls0417', 'eva008air', 'alekdudko', 'mariaci99', 'apkaye16', 'wuyu825', 'alexander.lassooij', 'hmfx1', 'cheng1105', 'bell.1495', 'h.a.mahmod', 'milk9925', 'chengrai', 'zzxxccvv.102510', 'ptoma', 'a0989925595', 'sas0091', 'kejun626', 'simpip', 'javipm12', 'antia.santiago', 't.clavijogarcia', 'a6634141009', 'yujuchen03207', 'boan', 'teijeiroalex', 'm_flores4', 'jmayer1', 'easonyz', 'kavanagh', 'siddhantjn01', 'william.zhangqingyang', 'cakeohero', 'krzysztofwarga', 'shadeedl', 'tbmiller', 'mbeekman', 'qqdonald', 'elecstudent', 'dinh.nhu', 'arrhenius78', 'adamshick2525', 'manjakavahoaka', 'yhu104', 'davidcg', 'alessandroverdolotti', 'dkdznl17', 'vincenzoortosecco', 'ktulley96', 'hbenisty', 'jimmy1231237', 'glen', 'akash.ram', 'aattanas', 'anapv177', 'y_li44', 'rmb0034', 'sergiorr15', 'mmduraiphy', 'asma00', 'zx5691782', 'light24685132', 'laura_pn', 'ratishjuneja2000', 'saducio', 'hlm0017', 'danielw', 'zhaoguoyu06', 'klupone', 'ahughes1', 'aflolb28', 'b615206', 's110521064', 'bb7665247', 'a19990217', 'spacetimecodedata03207', 'elena.gnani', 'azsxdcpeter13579', 'noahcaracuel', 'candy0930', 'pasquale124', 'silveira', 'dhruvpatel1999ca', 'rborgesr', 'zic12345', 'italo.nunziata', 'dramaqueen13', 'santiagopendon', 'sone107208001', 'mateo1610', 'kris_yah', 'gaelle.lucasleclin', 'ws210019', 'ceciriveralamelas', 'pablobucsan', 'benlai900102', 'krzysztof.szolajski', 'ncu110521149', 'k3850305', 'ha654321ha654321', 'peytonr19', 'we1.chen', 'francescopoziello', 'genoveffapiscitelli', 'unaiplacer2d', 'erinvolpe', 'kqinglu', 'jerry10430296', 'a109521014', 'tan350', 'd0988222760', 'camilamore93', 'icebear828', 'kidd33sm', 'gary070825', 'rathodprashnt', 'yago', 'cgandin', 'ardavan_p', 'blank7', 'pietro.capuzzo99', 'zhanghaosen328', 'walter100259', 'rich.young76', 'weining7', 'jkujawsk', 'doli327', 'rain19980505', 'cct0005', 'markrichardwong', 'jaraisehh', 'april20190710', 'msolis5', 'swirtner', 'syenhsi', 'sofiacobas', 'leman.for.search', 'jzullo', 'shah123', 'tsaitsungyu']",207,"['guete', 'antlomb', 'jymbarnes11', 'villarta.jabulen', 'jsweeney1', 'andreadominguezrodriguez4', 'jasonkkgukeghost', 'alright2555', 'nzhu2000', 'uni_homework', 'silvermoon0314', 'a110521014', 'miguelcou', 'peak11', 'noahmarron1127', 'oalvidrez', 'a3pa3p', 'alam1', 'glatham3211', 'athena.120245141', 'mcalderman1', 'jerry41707', 'b361user', 'blair.haydon', 'mierdatrabajos', 'fenqs', 'iliasosner21', 'samugomezbis', 'gonza801', 'nicholasdwilliams', 'yellowkitie777', 'akzafonsa', 'eray0206', 'poby', 'pancho5110', 'sjiang701', 'gregmik', 'charming', 'jiaolh', 'sunrh0215', 'dizarmejzini', 'zanoni', 'shantu.ghose', 'jwozny', 'riverhorse', 'mj02280430', 'grudzinski1', 'osvy', 'molkon', 'b12345215', 'dwh0015', 'a022354s', 'sl90', 'youngg', 'luisgue99', 'samumonin', 'kartd0103399', 'tkdqls0417', 'eva008air', 'alekdudko', 'mariaci99', 'apkaye16', 'wuyu825', 'alexander.lassooij', 'hmfx1', 'cheng1105', 'bell.1495', 'h.a.mahmod', 'milk9925', 'chengrai', 'zzxxccvv.102510', 'ptoma', 'a0989925595', 'sas0091', 'kejun626', 'simpip', 'javipm12', 'gnicezw', 'antia.santiago', 't.clavijogarcia', 'a6634141009', 'yujuchen03207', 'lucaseduoli', 'boan', 'teijeiroalex', 'm_flores4', 'jmayer1', 'easonyz', 'kavanagh', 'siddhantjn01', 'william.zhangqingyang', 'cakeohero', 'krzysztofwarga', 'shadeedl', 'tbmiller', 'mbeekman', 'qqdonald', 'elecstudent', 'dinh.nhu', 'arrhenius78', 'adamshick2525', 'manjakavahoaka', 'yhu104', 'davidcg', 'alessandroverdolotti', 'dkdznl17', 'vincenzoortosecco', 'ktulley96', 'hbenisty', 'jimmy1231237', 'glen', 'akash.ram', 'aattanas', 'anapv177', 'y_li44', 'rmb0034', 'sergiorr15', 'edwardmirkin', 'mmduraiphy', 'asma00', 'zx5691782', 'light24685132', 'laura_pn', 'ratishjuneja2000', 'saducio', 'hlm0017', 'c.rineer', 'danielw', 'zhaoguoyu06', 'klupone', 'ahughes1', 'aflolb28', 'b615206', 's110521064', 'michaelroberts', 'bb7665247', 'pedrox', 'a19990217', 'spacetimecodedata03207', 'elena.gnani', 'azsxdcpeter13579', 'noahcaracuel', 'candy0930', 'pasquale124', 'silveira', 'dhruvpatel1999ca', 'rborgesr', 'zic12345', 'italo.nunziata', 'dramaqueen13', 'santiagopendon', 'sone107208001', 'mateo1610', 'kris_yah', 'gaelle.lucasleclin', 'ws210019', 'ceciriveralamelas', 'pablobucsan', 'benlai900102', 'krzysztof.szolajski', 'ncu110521149', 'k3850305', 'ha654321ha654321', 'peytonr19', 'we1.chen', 'francescopoziello', 'genoveffapiscitelli', 'unaiplacer2d', 'erinvolpe', 'kqinglu', 'jerry10430296', 'a109521014', 'dquinte1', 'antoniopati2233', 'tan350', 'd0988222760', 'camilamore93', 'icebear828', 'kidd33sm', 'gary070825', 'rathodprashnt', 'yago', 'cgandin', 'ardavan_p', 'blank7', 'pietro.capuzzo99', 'zhanghaosen328', 'savannah.horowitz', 'walter100259', 'rich.young76', 'weining7', 'jkujawsk', 'doli327', 'rain19980505', 'cct0005', 'markrichardwong', 'jaraisehh', 'april20190710', 'msolis5', 'swirtner', 'syenhsi', 'sofiacobas', 'leman.for.search', 'jzullo', 'mdgolamzakaria3', 'shah123', 'tsaitsungyu']"
105,499,14,88,3,"['youngg', 'c.rineer', 'michaelroberts']",10,"['edwardmirkin', 'savannah.horowitz', 'pedrox', 'dquinte1', 'antoniopati2233', 'gnicezw', 'sl90', 'lucaseduoli', 'mdgolamzakaria3', 'osvy']",85,"['villarta.jabulen', 'jrporti1', 'antlomb', 'duke715', 'jasonkkgukeghost', 'jimmy1231237', 'zzzdy0', 'radharaman696', 'stockburger', 'mitchell.arivator', 'nsonet', 'c.ginter', 'a3pa3p', 'athena.120245141', 'zx5691782', 'mcalderman1', 'jerry41707', 't.calvert', 'langhout.jackson', 'eserafimbortolazzo', 'danielw', 'dschechter', 'rookielazye', 'klupone', 'ahughes1', 'hongkunlisam', 'banks.lomel', 'bb7665247', 'spacetimecodedata03207', 'zzx', 'noahcaracuel', 'annahuber', 'hgalindo', 'dominicksylvia', '8223freret', 'eray0206', 'chengzez', 'zic12345', 'banks32', 'sone107208001', 'chiajen', 'molkon', 'qman3399', 'benlai900102', 'seif', 'corrales.a', 'ncu110521149', 'link051436', 'peytonr19', 'miles.kendall', 'a022354s', 'morgan.gunter', 'gtoenjes', 'chuichui123', 'we1.chen', 'erinvolpe', 'kbb00008', 'jerry10430296', 'a109521014', 'wuyu825', 'mmoralesrojas1', 'kalo', 'hmfx1', 'kadenelson', 'riccardo.farina.1', 'anayshernandez', 'icebear828', 'milk9925', 'gary070825', 'cgandin', 'justingentner', 'mscrow', 'a.manibusan', 'yidiwu', 'boan', 'jmayer1', None, 'easonyz', 'yanjia', 'magdalena.weger.mw', 'syenhsi', 'dinh.nhu', 'arrhenius78', 'leman.for.search', 'liudavid']",98,"['villarta.jabulen', 'jrporti1', 'antlomb', 'duke715', 'jasonkkgukeghost', 'jimmy1231237', 'zzzdy0', 'radharaman696', 'stockburger', 'mitchell.arivator', 'nsonet', 'c.ginter', 'a3pa3p', 'edwardmirkin', 'athena.120245141', 'zx5691782', 'mcalderman1', 'jerry41707', 't.calvert', 'c.rineer', 'langhout.jackson', 'eserafimbortolazzo', 'danielw', 'dschechter', 'rookielazye', 'klupone', 'ahughes1', 'michaelroberts', 'hongkunlisam', 'pedrox', 'banks.lomel', 'bb7665247', 'spacetimecodedata03207', 'zzx', 'noahcaracuel', 'annahuber', 'hgalindo', 'dominicksylvia', '8223freret', 'eray0206', 'chengzez', 'zic12345', 'banks32', 'sone107208001', 'osvy', 'molkon', 'chiajen', 'qman3399', 'benlai900102', 'seif', 'corrales.a', 'ncu110521149', 'link051436', 'peytonr19', 'miles.kendall', 'a022354s', 'morgan.gunter', 'gtoenjes', 'sl90', 'youngg', 'chuichui123', 'we1.chen', 'erinvolpe', 'kbb00008', 'jerry10430296', 'a109521014', 'dquinte1', 'antoniopati2233', 'wuyu825', 'mmoralesrojas1', 'hmfx1', 'kalo', 'kadenelson', 'riccardo.farina.1', 'anayshernandez', 'icebear828', 'milk9925', 'gary070825', 'cgandin', 'justingentner', 'mscrow', 'savannah.horowitz', 'a.manibusan', 'gnicezw', 'yidiwu', 'lucaseduoli', 'boan', 'jmayer1', None, 'easonyz', 'yanjia', 'magdalena.weger.mw', 'syenhsi', 'dinh.nhu', 'arrhenius78', 'leman.for.search', 'mdgolamzakaria3', 'liudavid']"
105,464,14,35,3,"['youngg', 'c.rineer', 'michaelroberts']",10,"['edwardmirkin', 'savannah.horowitz', 'pedrox', 'dquinte1', 'antoniopati2233', 'gnicezw', 'sl90', 'lucaseduoli', 'mdgolamzakaria3', 'osvy']",32,"['molkon', 'villarta.jabulen', 'qman3399', 'corrales.a', 'peytonr19', 'morgan.gunter', 'gtoenjes', 'miles.kendall', 'erinvolpe', 'nsonet', 'c.ginter', 'mmoralesrojas1', 'mcalderman1', 't.calvert', 'kadenelson', 'anayshernandez', 'dschechter', 'ahughes1', 'banks.lomel', 'a.manibusan', 'noahcaracuel', 'annahuber', 'beastlbros', 'dominicksylvia', 'jmayer1', '8223freret', None, 'alexandrabarbosa', 'banks32', 'klupone1', 'dinh.nhu', 'justin.geils']",45,"['molkon', 'villarta.jabulen', 'qman3399', 'corrales.a', 'peytonr19', 'morgan.gunter', 'gtoenjes', 'miles.kendall', 'sl90', 'youngg', 'nsonet', 'erinvolpe', 'c.ginter', 'edwardmirkin', 'dquinte1', 'antoniopati2233', 'mmoralesrojas1', 'mcalderman1', 't.calvert', 'kadenelson', 'anayshernandez', 'c.rineer', 'dschechter', 'ahughes1', 'savannah.horowitz', 'michaelroberts', 'banks.lomel', 'pedrox', 'a.manibusan', 'gnicezw', 'noahcaracuel', 'annahuber', 'beastlbros', 'lucaseduoli', 'dominicksylvia', 'jmayer1', '8223freret', None, 'alexandrabarbosa', 'banks32', 'klupone1', 'dinh.nhu', 'justin.geils', 'mdgolamzakaria3', 'osvy']"
105,24,14,16,1,['antoniopati2233'],12,"['edwardmirkin', 'savannah.horowitz', 'michaelroberts', 'pedrox', 'dquinte1', 'gnicezw', 'sl90', 'youngg', 'c.rineer', 'lucaseduoli', 'mdgolamzakaria3', 'osvy']",15,"['gregmik', 'alessandroverdolotti', 'vincenzoortosecco', 'krzysztofwarga', 'krzysztof.szolajski', 'italo.nunziata', 'simpip', 'stefano_parascandolo98', 'ridipalo', 'mateo1610', 'jwozny', 'pasquale124', 'francescopoziello', 'genoveffapiscitelli', None]",28,"['alessandroverdolotti', 'vincenzoortosecco', 'savannah.horowitz', 'michaelroberts', 'krzysztof.szolajski', 'pedrox', 'simpip', 'stefano_parascandolo98', 'gnicezw', 'sl90', 'youngg', 'pasquale124', 'lucaseduoli', 'francescopoziello', 'genoveffapiscitelli', None, 'edwardmirkin', 'gregmik', 'krzysztofwarga', 'italo.nunziata', 'dquinte1', 'antoniopati2233', 'ridipalo', 'mateo1610', 'jwozny', 'c.rineer', 'mdgolamzakaria3', 'osvy']"
105,471,14,16,1,['antoniopati2233'],12,"['edwardmirkin', 'savannah.horowitz', 'michaelroberts', 'pedrox', 'dquinte1', 'gnicezw', 'sl90', 'youngg', 'c.rineer', 'lucaseduoli', 'mdgolamzakaria3', 'osvy']",15,"['gregmik', 'alessandroverdolotti', 'vincenzoortosecco', 'krzysztofwarga', 'krzysztof.szolajski', 'italo.nunziata', 'simpip', 'stefano_parascandolo98', 'ridipalo', 'mateo1610', 'jwozny', 'pasquale124', 'francescopoziello', 'genoveffapiscitelli', None]",28,"['alessandroverdolotti', 'vincenzoortosecco', 'savannah.horowitz', 'michaelroberts', 'krzysztof.szolajski', 'pedrox', 'simpip', 'stefano_parascandolo98', 'gnicezw', 'sl90', 'youngg', 'pasquale124', 'lucaseduoli', 'francescopoziello', 'genoveffapiscitelli', None, 'edwardmirkin', 'gregmik', 'krzysztofwarga', 'italo.nunziata', 'dquinte1', 'antoniopati2233', 'ridipalo', 'mateo1610', 'jwozny', 'c.rineer', 'mdgolamzakaria3', 'osvy']"
105,472,14,12,3,"['edwardmirkin', 'savannah.horowitz', 'michaelroberts']",10,"['pedrox', 'dquinte1', 'antoniopati2233', 'gnicezw', 'sl90', 'youngg', 'c.rineer', 'lucaseduoli', 'mdgolamzakaria3', 'osvy']",9,"['molkon', 'villarta.jabulen', 'glatham3211', 'peytonr19', 'nicholasdwilliams', 't.clavijogarcia', None, 'grudzinski1', 'erinvolpe']",22,"['molkon', 'villarta.jabulen', 'savannah.horowitz', 'michaelroberts', 'pedrox', 'peytonr19', 'nicholasdwilliams', 'gnicezw', 't.clavijogarcia', 'sl90', 'youngg', 'lucaseduoli', 'erinvolpe', None, 'edwardmirkin', 'glatham3211', 'dquinte1', 'antoniopati2233', 'c.rineer', 'mdgolamzakaria3', 'grudzinski1', 'osvy']"
105,26,14,7,1,['antoniopati2233'],12,"['edwardmirkin', 'savannah.horowitz', 'michaelroberts', 'pedrox', 'dquinte1', 'gnicezw', 'sl90', 'youngg', 'c.rineer', 'lucaseduoli', 'mdgolamzakaria3', 'osvy']",6,"['alessandroverdolotti', 'simpip', 'stefano_parascandolo98', 'ridipalo', 'genoveffapiscitelli', None]",19,"['alessandroverdolotti', 'savannah.horowitz', 'michaelroberts', 'pedrox', 'simpip', 'stefano_parascandolo98', 'gnicezw', 'sl90', 'youngg', 'lucaseduoli', 'genoveffapiscitelli', None, 'edwardmirkin', 'dquinte1', 'antoniopati2233', 'ridipalo', 'c.rineer', 'mdgolamzakaria3', 'osvy']"
107,87,14,20,3,"['divyasharma', 'ubajpai_mtech21', 'avneet']",10,"['bandanapal505', 'shriya.prakash', 'myush', 'janvigupta2309', 'sowmya_1999', 'saumyamishra9999', 'jessicalai890715', 'eddie032999', 'iqra019mtece21', 'kumariminoti']",17,"['drai_me21', 'rishabhsharma699', 'singhpratibha433', 'rrohit_mtech21', 'ssrivastava_mtech21', 'jessicabhat9', 'piyushlionhearts', 'vinayak_kapur', 'taadhithan_mtech21', 'tejasangeeth123', 'rajnish1ece', None, 'srikiranreddy', 'mjhanwar_mtech21', 'tsingh_mtech21', 'divynish18', 'sjoshi_mtech21']",30,"['avneet', 'singhpratibha433', 'sowmya_1999', 'rrohit_mtech21', 'jessicalai890715', 'srikiranreddy', 'divynish18', 'sjoshi_mtech21', 'shriya.prakash', 'drai_me21', 'rishabhsharma699', 'saumyamishra9999', 'piyushlionhearts', 'divyasharma', 'vinayak_kapur', 'iqra019mtece21', 'tsingh_mtech21', 'bandanapal505', 'ubajpai_mtech21', 'ssrivastava_mtech21', 'taadhithan_mtech21', 'eddie032999', 'kumariminoti', 'tejasangeeth123', None, 'myush', 'janvigupta2309', 'jessicabhat9', 'rajnish1ece', 'mjhanwar_mtech21']"
107,91,14,19,3,"['ubajpai_mtech21', 'myush', 'avneet']",10,"['bandanapal505', 'shriya.prakash', 'janvigupta2309', 'sowmya_1999', 'saumyamishra9999', 'jessicalai890715', 'divyasharma', 'eddie032999', 'iqra019mtece21', 'kumariminoti']",16,"['jaskiran.gope', 'drai_me21', 'rishabhsharma699', 'singhpratibha433', 'rrohit_mtech21', 'jessicabhat9', 'piyushlionhearts', 'vinayak_kapur', 'taadhithan_mtech21', 'tejasangeeth123', 'rajnish1ece', 'srikiranreddy', 'mjhanwar_mtech21', 'tsingh_mtech21', None, 'sjoshi_mtech21']",29,"['avneet', 'singhpratibha433', 'sowmya_1999', 'rrohit_mtech21', 'jessicalai890715', 'srikiranreddy', 'sjoshi_mtech21', 'shriya.prakash', 'drai_me21', 'rishabhsharma699', 'saumyamishra9999', 'piyushlionhearts', 'divyasharma', 'vinayak_kapur', 'iqra019mtece21', 'tsingh_mtech21', 'bandanapal505', 'jaskiran.gope', 'ubajpai_mtech21', 'taadhithan_mtech21', 'eddie032999', 'kumariminoti', 'tejasangeeth123', None, 'myush', 'janvigupta2309', 'jessicabhat9', 'rajnish1ece', 'mjhanwar_mtech21']"
107,95,14,19,2,"['ubajpai_mtech21', 'myush']",11,"['bandanapal505', 'shriya.prakash', 'avneet', 'janvigupta2309', 'sowmya_1999', 'saumyamishra9999', 'jessicalai890715', 'divyasharma', 'eddie032999', 'iqra019mtece21', 'kumariminoti']",17,"['jaskiran.gope', 'drai_me21', 'rishabhsharma699', 'singhpratibha433', 'rrohit_mtech21', 'ssrivastava_mtech21', 'piyushlionhearts', 'vinayak_kapur', 'gurmandeepsingh', 'taadhithan_mtech21', 'tejasangeeth123', 'rajnish1ece', 'srikiranreddy', 'mjhanwar_mtech21', 'tsingh_mtech21', None, 'sjoshi_mtech21']",30,"['avneet', 'singhpratibha433', 'sowmya_1999', 'rrohit_mtech21', 'jessicalai890715', 'srikiranreddy', 'sjoshi_mtech21', 'shriya.prakash', 'drai_me21', 'rishabhsharma699', 'saumyamishra9999', 'piyushlionhearts', 'divyasharma', 'vinayak_kapur', 'iqra019mtece21', 'tsingh_mtech21', 'bandanapal505', 'jaskiran.gope', 'ubajpai_mtech21', 'ssrivastava_mtech21', 'gurmandeepsingh', 'taadhithan_mtech21', 'eddie032999', 'kumariminoti', 'tejasangeeth123', None, 'myush', 'janvigupta2309', 'rajnish1ece', 'mjhanwar_mtech21']"
107,84,14,15,1,['avneet'],12,"['bandanapal505', 'shriya.prakash', 'ubajpai_mtech21', 'myush', 'janvigupta2309', 'sowmya_1999', 'saumyamishra9999', 'jessicalai890715', 'divyasharma', 'eddie032999', 'iqra019mtece21', 'kumariminoti']",14,"['jgope_mtech21', 'drai_me21', 'singhpratibha433', 'rrohit_mtech21', 'ssrivastava_mtech21', 'jessicabhat9', 'piyushlionhearts', 'taadhithan_mtech21', 'vinayak_kapur', 'rajnish1ece', 'mjhanwar_mtech21', 'tejasangeeth123', None, 'sjoshi_mtech21']",27,"['bandanapal505', 'jgope_mtech21', 'ubajpai_mtech21', 'avneet', 'singhpratibha433', 'sowmya_1999', 'ssrivastava_mtech21', 'rrohit_mtech21', 'jessicalai890715', 'taadhithan_mtech21', 'eddie032999', 'kumariminoti', 'tejasangeeth123', None, 'sjoshi_mtech21', 'shriya.prakash', 'drai_me21', 'myush', 'janvigupta2309', 'jessicabhat9', 'saumyamishra9999', 'piyushlionhearts', 'divyasharma', 'vinayak_kapur', 'rajnish1ece', 'iqra019mtece21', 'mjhanwar_mtech21']"
107,93,14,14,1,['ubajpai_mtech21'],12,"['bandanapal505', 'shriya.prakash', 'myush', 'avneet', 'janvigupta2309', 'sowmya_1999', 'saumyamishra9999', 'jessicalai890715', 'divyasharma', 'eddie032999', 'iqra019mtece21', 'kumariminoti']",13,"['singhpratibha433', 'tsingh_mtech21', 'ssrivastava_mtech21', 'jessicabhat9', 'rrohit_mtech21', 'piyushlionhearts', 'gurmandeepsingh', 'taadhithan_mtech21', 'dosgary03', 'ankitagupta9268', 'tejasangeeth123', None, 'divynish18']",26,"['bandanapal505', 'ubajpai_mtech21', 'avneet', 'singhpratibha433', 'sowmya_1999', 'rrohit_mtech21', 'ssrivastava_mtech21', 'jessicalai890715', 'gurmandeepsingh', 'taadhithan_mtech21', 'dosgary03', 'eddie032999', 'kumariminoti', 'tejasangeeth123', None, 'divynish18', 'shriya.prakash', 'myush', 'janvigupta2309', 'jessicabhat9', 'saumyamishra9999', 'piyushlionhearts', 'divyasharma', 'iqra019mtece21', 'ankitagupta9268', 'tsingh_mtech21']"
107,96,14,14,4,"['bandanapal505', 'divyasharma', 'saumyamishra9999', 'janvigupta2309']",9,"['shriya.prakash', 'ubajpai_mtech21', 'myush', 'avneet', 'sowmya_1999', 'jessicalai890715', 'eddie032999', 'iqra019mtece21', 'kumariminoti']",10,"['rishabhsharma699', 'jessicabhat9', 'gurmandeepsingh', 'karthickcnp', 'piyushlionhearts', 'katikala.himabindu', 'shivadw31', 'mjhanwar_mtech21', None, 'sjoshi_mtech21']",23,"['bandanapal505', 'ubajpai_mtech21', 'avneet', 'sowmya_1999', 'jessicalai890715', 'gurmandeepsingh', 'eddie032999', 'katikala.himabindu', 'kumariminoti', None, 'sjoshi_mtech21', 'shriya.prakash', 'myush', 'rishabhsharma699', 'janvigupta2309', 'jessicabhat9', 'saumyamishra9999', 'piyushlionhearts', 'divyasharma', 'karthickcnp', 'iqra019mtece21', 'shivadw31', 'mjhanwar_mtech21']"
107,79,14,13,1,['avneet'],12,"['bandanapal505', 'shriya.prakash', 'ubajpai_mtech21', 'myush', 'janvigupta2309', 'sowmya_1999', 'saumyamishra9999', 'jessicalai890715', 'divyasharma', 'eddie032999', 'iqra019mtece21', 'kumariminoti']",12,"['jaskiran.gope', 'drai_me21', 'singhpratibha433', 'ssrivastava_mtech21', 'rrohit_mtech21', 'jessicabhat9', 'rajnish1ece', 'taadhithan_mtech21', 'vinayak_kapur', 'mjhanwar_mtech21', None, 'sjoshi_mtech21']",25,"['bandanapal505', 'jaskiran.gope', 'ubajpai_mtech21', 'avneet', 'singhpratibha433', 'sowmya_1999', 'ssrivastava_mtech21', 'rrohit_mtech21', 'jessicalai890715', 'taadhithan_mtech21', 'eddie032999', 'kumariminoti', None, 'sjoshi_mtech21', 'shriya.prakash', 'drai_me21', 'myush', 'janvigupta2309', 'jessicabhat9', 'saumyamishra9999', 'rajnish1ece', 'divyasharma', 'vinayak_kapur', 'iqra019mtece21', 'mjhanwar_mtech21']"
107,88,14,13,1,['eddie032999'],12,"['bandanapal505', 'shriya.prakash', 'ubajpai_mtech21', 'myush', 'avneet', 'janvigupta2309', 'sowmya_1999', 'saumyamishra9999', 'jessicalai890715', 'divyasharma', 'iqra019mtece21', 'kumariminoti']",12,"['zzxxccvv.102510', 'zic12345', 'bbig0407tw', 'cakeohero', 'charlie94038', 'jimmy1231237', 'we1.chen', 'salimhussain289', None, 'ws210019', 'chengrai', 'que87c']",25,"['bandanapal505', 'zzxxccvv.102510', 'ubajpai_mtech21', 'avneet', 'sowmya_1999', 'jimmy1231237', 'jessicalai890715', 'eddie032999', 'we1.chen', 'kumariminoti', None, 'shriya.prakash', 'zic12345', 'myush', 'bbig0407tw', 'janvigupta2309', 'cakeohero', 'charlie94038', 'saumyamishra9999', 'divyasharma', 'salimhussain289', 'iqra019mtece21', 'ws210019', 'chengrai', 'que87c']"
107,80,14,9,3,"['sowmya_1999', 'shriya.prakash', 'iqra019mtece21']",10,"['bandanapal505', 'ubajpai_mtech21', 'myush', 'janvigupta2309', 'avneet', 'saumyamishra9999', 'jessicalai890715', 'divyasharma', 'eddie032999', 'kumariminoti']",6,"['emarishikataria2000', 'mahima007', 'nitya4264', 'kundu.saran16', 'shubhamsoft1299', None]",19,"['bandanapal505', 'ubajpai_mtech21', 'avneet', 'emarishikataria2000', 'sowmya_1999', 'jessicalai890715', 'eddie032999', 'kumariminoti', None, 'shriya.prakash', 'myush', 'janvigupta2309', 'mahima007', 'saumyamishra9999', 'nitya4264', 'divyasharma', 'kundu.saran16', 'iqra019mtece21', 'shubhamsoft1299']"
107,82,14,9,4,"['sowmya_1999', 'shriya.prakash', 'iqra019mtece21', 'divyasharma']",9,"['bandanapal505', 'ubajpai_mtech21', 'myush', 'janvigupta2309', 'avneet', 'saumyamishra9999', 'jessicalai890715', 'eddie032999', 'kumariminoti']",5,"['emarishikataria2000', 'mahima007', 'nitya4264', 'kundu.saran16', None]",18,"['bandanapal505', 'ubajpai_mtech21', 'avneet', 'emarishikataria2000', 'sowmya_1999', 'jessicalai890715', 'eddie032999', 'kumariminoti', None, 'shriya.prakash', 'myush', 'janvigupta2309', 'mahima007', 'saumyamishra9999', 'nitya4264', 'divyasharma', 'kundu.saran16', 'iqra019mtece21']"
107,89,14,9,1,['divyasharma'],12,"['bandanapal505', 'shriya.prakash', 'ubajpai_mtech21', 'myush', 'avneet', 'janvigupta2309', 'sowmya_1999', 'saumyamishra9999', 'jessicalai890715', 'eddie032999', 'iqra019mtece21', 'kumariminoti']",8,"['rishabhsharma699', 'singhpratibha433', 'ssrivastava_mtech21', 'rajnish1ece', 'taadhithan_mtech21', 'vinayak_kapur', None, 'divynish18']",21,"['bandanapal505', 'ubajpai_mtech21', 'avneet', 'singhpratibha433', 'sowmya_1999', 'ssrivastava_mtech21', 'jessicalai890715', 'taadhithan_mtech21', 'eddie032999', 'kumariminoti', None, 'divynish18', 'shriya.prakash', 'myush', 'rishabhsharma699', 'janvigupta2309', 'saumyamishra9999', 'rajnish1ece', 'divyasharma', 'vinayak_kapur', 'iqra019mtece21']"
107,97,14,9,4,"['sowmya_1999', 'shriya.prakash', 'janvigupta2309', 'iqra019mtece21']",9,"['bandanapal505', 'ubajpai_mtech21', 'myush', 'avneet', 'saumyamishra9999', 'jessicalai890715', 'divyasharma', 'eddie032999', 'kumariminoti']",5,"['deepakiitkgp04', 'mahima007', 'nitya4264', 'isha.threshold', None]",18,"['bandanapal505', 'deepakiitkgp04', 'ubajpai_mtech21', 'avneet', 'sowmya_1999', 'jessicalai890715', 'isha.threshold', 'eddie032999', 'kumariminoti', None, 'shriya.prakash', 'myush', 'janvigupta2309', 'mahima007', 'saumyamishra9999', 'nitya4264', 'divyasharma', 'iqra019mtece21']"
107,81,14,7,3,"['bandanapal505', 'divyasharma', 'saumyamishra9999']",10,"['shriya.prakash', 'ubajpai_mtech21', 'myush', 'avneet', 'janvigupta2309', 'sowmya_1999', 'jessicalai890715', 'eddie032999', 'iqra019mtece21', 'kumariminoti']",4,"['sshivani', 'drai_me21', 'tsingh_mtech21', None]",17,"['bandanapal505', 'ubajpai_mtech21', 'avneet', 'sowmya_1999', 'jessicalai890715', 'sshivani', 'eddie032999', 'kumariminoti', None, 'shriya.prakash', 'drai_me21', 'myush', 'janvigupta2309', 'saumyamishra9999', 'divyasharma', 'iqra019mtece21', 'tsingh_mtech21']"
107,83,14,7,4,"['bandanapal505', 'divyasharma', 'saumyamishra9999', 'janvigupta2309']",9,"['shriya.prakash', 'ubajpai_mtech21', 'myush', 'avneet', 'sowmya_1999', 'jessicalai890715', 'eddie032999', 'iqra019mtece21', 'kumariminoti']",3,"['tanyajaiswal27', None, 'vinayak_kapur']",16,"['bandanapal505', 'ubajpai_mtech21', 'avneet', 'sowmya_1999', 'tanyajaiswal27', 'jessicalai890715', 'eddie032999', 'kumariminoti', None, 'shriya.prakash', 'myush', 'janvigupta2309', 'saumyamishra9999', 'divyasharma', 'vinayak_kapur', 'iqra019mtece21']"
107,86,14,6,4,"['bandanapal505', 'divyasharma', 'saumyamishra9999', 'janvigupta2309']",9,"['shriya.prakash', 'ubajpai_mtech21', 'myush', 'avneet', 'sowmya_1999', 'jessicalai890715', 'eddie032999', 'iqra019mtece21', 'kumariminoti']",2,"['ssrivastava_mtech21', None]",15,"['bandanapal505', 'ubajpai_mtech21', 'avneet', 'sowmya_1999', 'ssrivastava_mtech21', 'jessicalai890715', 'eddie032999', 'kumariminoti', None, 'shriya.prakash', 'myush', 'janvigupta2309', 'saumyamishra9999', 'divyasharma', 'iqra019mtece21']"
107,94,14,6,1,['eddie032999'],12,"['bandanapal505', 'shriya.prakash', 'ubajpai_mtech21', 'myush', 'avneet', 'janvigupta2309', 'sowmya_1999', 'saumyamishra9999', 'jessicalai890715', 'divyasharma', 'iqra019mtece21', 'kumariminoti']",5,"['bbig0407tw', 'walter100259', 'a6634141009', None, 'que87c']",18,"['bandanapal505', 'ubajpai_mtech21', 'avneet', 'walter100259', 'sowmya_1999', 'jessicalai890715', 'eddie032999', 'a6634141009', 'kumariminoti', None, 'shriya.prakash', 'myush', 'bbig0407tw', 'janvigupta2309', 'saumyamishra9999', 'divyasharma', 'iqra019mtece21', 'que87c']"
109,423,13,16,11,"['hm46', 'mohammadal99', 'arejf1999', 'dashtyart1', 'ezzmagdy44', 'aseelalabdulhadi', 'alkouh.khaled', 'hanan_hamad', 'generalngzeem', 'zahraaali', 'sibaalqattan']",1,['ziads.moghalees'],5,"['bilaljaba', 'fatmaalbloushi4520', 'wadhha', 'sayedmy88', None]",17,"['ezzmagdy44', 'ziads.moghalees', 'aseelalabdulhadi', 'generalngzeem', None, 'sibaalqattan', 'hm46', 'mohammadal99', 'fatmaalbloushi4520', 'wadhha', 'arejf1999', 'dashtyart1', 'sayedmy88', 'alkouh.khaled', 'hanan_hamad', 'bilaljaba', 'zahraaali']"
110,451,13,11,10,"['zzirui', 'zhaoxiaohong', 'sahil.sahni', 'fhuizar', 'bfoda', 'jeffwang1001', 'orman.michael', 'bfuller2', 'ibishara', 'pantea']",2,"['nick.b.peterson', 'ay.kumar23']",1,[None],13,"['zhaoxiaohong', 'fhuizar', 'jeffwang1001', 'orman.michael', 'ay.kumar23', 'nick.b.peterson', None, 'zzirui', 'sahil.sahni', 'bfoda', 'bfuller2', 'ibishara', 'pantea']"
111,531,13,6,5,"['prasenjitghosh244', 'rajeshnits1849106', 'priyankamondal931', 'sajalss.17', 'ashujjwal']",7,"['shwetajoshi965', 'shakilahammadc', 'kndeepika7', 'punambarman1998', 'rajuceram', 'pilaniap', 'elmajoshy981']",1,[None],13,"['prasenjitghosh244', 'rajeshnits1849106', 'priyankamondal931', 'shakilahammadc', 'sajalss.17', 'pilaniap', 'kndeepika7', 'punambarman1998', 'rajuceram', 'ashujjwal', 'shwetajoshi965', 'elmajoshy981', None]"
112,331,13,22,10,"['mohd.ft7y.taha', 'noura.hesham181', 'remongerges74', 'sa3dmohamedsa3dmohamed12', 'mariz99', 'radwamohamed2052000', 'georgesemi', 'osamamohamed666', 'amgaddalia90', 'bodysoly26']",2,"['mohamed.muelsayed', 'omarabdelbary']",12,"['ahmeed.aly2051', 'ahmed9891', 'ahmedpro200', 'ahmed_nasef', 'mohmedhosam1986', 'mohammedkaramali1', 'areda', 'shadyengineer12345', 'mariamhnmahmed', 'seifallh', None, 'salahadel762']",24,"['noura.hesham181', 'remongerges74', 'sa3dmohamedsa3dmohamed12', 'mohammedkaramali1', 'ahmed9891', 'omarabdelbary', 'ahmed_nasef', 'areda', 'mariz99', 'amgaddalia90', 'salahadel762', 'mariamhnmahmed', 'mohamed.muelsayed', 'mohd.ft7y.taha', 'seifallh', None, 'ahmeed.aly2051', 'ahmedpro200', 'mohmedhosam1986', 'shadyengineer12345', 'radwamohamed2052000', 'georgesemi', 'osamamohamed666', 'bodysoly26']"
113,514,13,183,2,"['jecano', 'eliz2000s']",10,"['kennethtjhan', 'thechiyun', 'liorgadayev', 'ayalma', 'danak', 'maorkayra6', 'mschwartz722', 'zxzx', 'erezmakdusipanel', 'nahedemad1990']",181,"['kangha6211', 'pygayoung4705', 'pc20', 'aarondh2', 'rlaehrud5292', 'lsh843223', 'mmj5', 'eoh23', 'yjchoi0315', 'unikwakhj', 'mariam.jama', 'yangdan2', 'chan4184', 'rvplank2', 'junyoung0735', 'dhamill2', 'nourankassem97', 'cauvaido1610', 'phisicsmusic', 'jiaqihriver', 'bonfimguilherme1711', 'walterwagner', 'changhwa2970', 'aatrey3', 'wodyd909', 'jalies2', 'owenwat', 'asadsfawdga', 'ddejong2', 'ssibi2', 'meiyuezhang', 'anishas4', 'hanlinw3', 'hooni6708', 'dlstj989', 'choijinyoung5933', 'depew2', 'jaredf2', 'sclee1002', 'hado0416', 'tcr18ec019', 'ljs020104a', 'mplanoster', 'tjricks2', 'amaloto2', 'ritinjoseph', 'ryanwm2', 'soc06016', 'riverhorse', 'butters', 'ellayeji11', 'syc0428', 'dwh0015', 'sa06093', 'hermione369', 'fede14', 'choejihun6785', 'ksjin0807', 'tagomez2', 'torsr2', 'damer', 'hug6901', 'witamoment', 'danayun2', 'wkxa54', 'mozahma2', 'ols3060178', 'poor9876', 'hyunsulee0709', 'ethan.dunn', 'nhj25136', 'ssethi7', 'jea03', 'gbear7615', 'gcangi2', 'atlantic092407', 'bsj99977', 'fraga80', 'sas0091', 'ajscott5', 'shirgef', 'anm9', 'ahmed.nael.elnokrashy', 'maryama3', 'ohsangmin', 'ahmed.yassien.cu', 'sally0460', 'krzysztofwarga', 'haoran7', 'kijukiju7215', 'unikwakhj1', 'sachinchandra.gsc', 'wdhdlstjd164', 'shim.syeon', 'fdoyrldan', 'j2218109', 'sabolton', 'keithmse304', 'lovenmin', 'seongbin', 'wogus5807', 'timtk85', 'susannareggiani', 'aniyogi2', 'nk13', 'jpalmer1028', 'ghsmx01', 'gweado12', 'rmb0034', 'xianzhi2', 'jpchang', 'oblue4848', 'dlxodus0725', 'wg6076', 'turalazer', 'lb16', 'youfuq2', 'zudsyd', 'hlm0017', 'jinyang9', 'rhffha12345', 'ericy3', 'inquisitivestudent', 'luis.lanzetta', 'wrishk2', 'yutube1058', 'varuns5', 'huidonjeong', 'yunzhes2', 'abhirs2', 'jimmy1100a', 'soo8355a', 'efs2', 'karoche3', 'dongjinwi', 'btaing08', 'fpqldhdntk', 'hgrf', 'thswngh793', 'sopfeil2', 'shlomib', 'leesh941222', 'hatoonb2', 'simong2', 'minking0007', 'rjf5', 'kms92313', 'patergio', 'leeseongjae450', 'acevans4', 'wkdgns599', 'zainab2', 'chyu3', 'mhamed.lemrabit', 'pygayoung07', 'dmayorga', 'eilamy', 'rsears4', 'pjs970918', 'beetle0720', 'gcoupe9171', 'sali93', 'acm990922', None, 'yanjia', 'boyangy4', 'hah610115', 'jaehong3', 'jacobt6', 'mhyun1234567', 'ggr7', 'alvin2373', 'shawnc2', 'wyik2', 'ryusuke2', 'fshyti2', 'ehdgns9904', '928chan928', 'marialc3', 'shin19764', 'kaylalh3']",193,"['kangha6211', 'pygayoung4705', 'pc20', 'aarondh2', 'rlaehrud5292', 'mschwartz722', 'lsh843223', 'mmj5', 'eoh23', 'yjchoi0315', 'unikwakhj', 'mariam.jama', 'yangdan2', 'chan4184', 'rvplank2', 'junyoung0735', 'dhamill2', 'nourankassem97', 'cauvaido1610', 'phisicsmusic', 'jiaqihriver', 'bonfimguilherme1711', 'walterwagner', 'changhwa2970', 'aatrey3', 'wodyd909', 'jalies2', 'owenwat', 'asadsfawdga', 'ddejong2', 'ssibi2', 'meiyuezhang', 'anishas4', 'hanlinw3', 'hooni6708', 'dlstj989', 'choijinyoung5933', 'depew2', 'jaredf2', 'sclee1002', 'hado0416', 'tcr18ec019', 'ljs020104a', 'mplanoster', 'tjricks2', 'amaloto2', 'ritinjoseph', 'ryanwm2', 'soc06016', 'riverhorse', 'butters', 'ellayeji11', 'syc0428', 'dwh0015', 'sa06093', 'hermione369', 'fede14', 'choejihun6785', 'ksjin0807', 'tagomez2', 'torsr2', 'damer', 'hug6901', 'witamoment', 'danayun2', 'wkxa54', 'mozahma2', 'ols3060178', 'poor9876', 'hyunsulee0709', 'ethan.dunn', 'nhj25136', 'ssethi7', 'jea03', 'gbear7615', 'gcangi2', 'kennethtjhan', 'atlantic092407', 'bsj99977', 'danak', 'fraga80', 'sas0091', 'ajscott5', 'shirgef', 'anm9', 'ahmed.nael.elnokrashy', 'maryama3', 'ohsangmin', 'ahmed.yassien.cu', 'liorgadayev', 'sally0460', 'krzysztofwarga', 'haoran7', 'kijukiju7215', 'unikwakhj1', 'erezmakdusipanel', 'sachinchandra.gsc', 'wdhdlstjd164', 'shim.syeon', 'fdoyrldan', 'j2218109', 'sabolton', 'keithmse304', 'lovenmin', 'seongbin', 'wogus5807', 'timtk85', 'susannareggiani', 'aniyogi2', 'nk13', 'jpalmer1028', 'ghsmx01', 'gweado12', 'rmb0034', 'xianzhi2', 'jpchang', 'oblue4848', 'dlxodus0725', 'wg6076', 'turalazer', 'lb16', 'youfuq2', 'zudsyd', 'hlm0017', 'jinyang9', 'rhffha12345', 'ericy3', 'inquisitivestudent', 'luis.lanzetta', 'wrishk2', 'yutube1058', 'varuns5', 'huidonjeong', 'yunzhes2', 'abhirs2', 'jimmy1100a', 'jecano', 'ayalma', 'soo8355a', 'efs2', 'karoche3', 'dongjinwi', 'btaing08', 'nahedemad1990', 'fpqldhdntk', 'thechiyun', 'maorkayra6', 'hgrf', 'thswngh793', 'sopfeil2', 'eliz2000s', 'shlomib', 'leesh941222', 'hatoonb2', 'simong2', 'minking0007', 'rjf5', 'kms92313', 'zxzx', 'patergio', 'leeseongjae450', 'acevans4', 'wkdgns599', 'zainab2', 'chyu3', 'mhamed.lemrabit', 'pygayoung07', 'dmayorga', 'eilamy', 'rsears4', 'pjs970918', 'beetle0720', 'gcoupe9171', 'sali93', 'acm990922', None, 'yanjia', 'boyangy4', 'hah610115', 'jaehong3', 'jacobt6', 'mhyun1234567', 'ggr7', 'alvin2373', 'shawnc2', 'wyik2', 'ryusuke2', 'fshyti2', 'ehdgns9904', '928chan928', 'marialc3', 'shin19764', 'kaylalh3']"
113,516,13,24,3,"['maorkayra6', 'ayalma', 'erezmakdusipanel']",9,"['kennethtjhan', 'thechiyun', 'jecano', 'danak', 'liorgadayev', 'mschwartz722', 'eliz2000s', 'zxzx', 'nahedemad1990']",21,"['eyoav5', 'cactusdotcom', 'damfain67', 'maxborovskh', 'hadaryaakov1997', 'guyshaul8', 'meshi98022', 'ilana.p283', 'shahar.618', 'jaykaye5571', 'benfarjoon.learn', 'dekelari', 'artyomtorg2016', 'm.b.d', 'yaronlagami', 'ilnafarash', 'bar.elias97', 'eladnahum5', None, 'orioriori2000', 'dvirheler16']",33,"['thechiyun', 'maorkayra6', 'cactusdotcom', 'eyoav5', 'damfain67', 'mschwartz722', 'eliz2000s', 'maxborovskh', 'hadaryaakov1997', 'guyshaul8', 'meshi98022', 'ilana.p283', 'shahar.618', 'jaykaye5571', 'benfarjoon.learn', 'zxzx', 'dekelari', 'artyomtorg2016', 'm.b.d', 'yaronlagami', 'kennethtjhan', 'danak', 'ilnafarash', 'bar.elias97', 'eladnahum5', None, 'orioriori2000', 'liorgadayev', 'jecano', 'ayalma', 'erezmakdusipanel', 'nahedemad1990', 'dvirheler16']"
114,266,13,19,7,"['chan.sabrina33', 'xmo50288', 'marco.caldarone99', 'jamesalen', 'elmozj99', 'agerkis', 'talaal24']",5,"['bill8480', 'ajesson', 'amareshwar', 'ahsandashey', 'thateng']",12,"['brianzhang514', 'kalilio', 'nileash98', 'ivisterp22', 'tainaz', 'zaffarrayan', 'bartolucci.davide11', 'kathyyim', 'fahimrezai89', None, 'vasily.piccone', 'andy08']",24,"['chan.sabrina33', 'kalilio', 'bill8480', 'xmo50288', 'brianzhang514', 'zaffarrayan', 'marco.caldarone99', 'kathyyim', 'amareshwar', 'agerkis', 'fahimrezai89', None, 'thateng', 'andy08', 'vasily.piccone', 'nileash98', 'ivisterp22', 'ajesson', 'tainaz', 'bartolucci.davide11', 'jamesalen', 'elmozj99', 'talaal24', 'ahsandashey']"
114,265,13,7,1,['elmozj99'],11,"['chan.sabrina33', 'bill8480', 'xmo50288', 'ajesson', 'marco.caldarone99', 'jamesalen', 'amareshwar', 'agerkis', 'talaal24', 'ahsandashey', 'thateng']",6,"['brianzhang514', 'ivisterp22', 'vivekkaundun', 'fahimrezai89', None, 'andy08']",18,"['chan.sabrina33', 'brianzhang514', 'bill8480', 'xmo50288', 'marco.caldarone99', 'amareshwar', 'agerkis', 'vivekkaundun', 'fahimrezai89', None, 'thateng', 'andy08', 'ivisterp22', 'ajesson', 'jamesalen', 'elmozj99', 'talaal24', 'ahsandashey']"
115,551,13,17,1,['nleonmol'],11,"['lsmith22', 'marshaallss', 'mark.newell4', 'jacobwag', 'sandyuni', 'hallamgreene', 'ezlliot', 'mnikoniuk88', 'tailer01', 'joemangan180', 'carina98gill']",16,"['adiazay', 'mperezsu', 'cparedesn', 'yellowone16', 'martaaamr2', 'joseehrb', 'cbarrigaf', 'iogallar18', 'mmuozsq', 'trejito', 'soficalmon', 'josecarloscorchado', 'alnuezr', 'alvaro.ejido', None, 'maritoflow']",28,"['adiazay', 'lsmith22', 'cparedesn', 'yellowone16', 'martaaamr2', 'joseehrb', 'iogallar18', 'hallamgreene', 'mmuozsq', 'trejito', 'soficalmon', 'josecarloscorchado', 'alnuezr', 'mnikoniuk88', 'joemangan180', None, 'maritoflow', 'mperezsu', 'mark.newell4', 'cbarrigaf', 'jacobwag', 'sandyuni', 'ezlliot', 'nleonmol', 'alvaro.ejido', 'tailer01', 'marshaallss', 'carina98gill']"
115,550,13,12,10,"['marshaallss', 'mark.newell4', 'jacobwag', 'sandyuni', 'hallamgreene', 'ezlliot', 'mnikoniuk88', 'tailer01', 'joemangan180', 'carina98gill']",2,"['lsmith22', 'nleonmol']",2,"['imogen', None]",14,"['lsmith22', 'hallamgreene', 'mnikoniuk88', 'joemangan180', None, 'mark.newell4', 'imogen', 'jacobwag', 'sandyuni', 'ezlliot', 'nleonmol', 'tailer01', 'marshaallss', 'carina98gill']"
116,270,13,20,8,"['ydai69', 'yingjiedai', 'abhupatiraju', 'wzhang556', 'akarnik', 'adey6', 'ddjacobson', 'li986']",4,"['jdtucker', 'skota4', 'bozemans', 'shinji1111']",12,"['cli643', 'jsu49', 'byri', 'kmplaczkowsk', 'zhuang453', 'zzhou443', 'sle7', 'bafflerbach', 'yliu897', None, 'bli392', 'jkang96']",24,"['yingjiedai', 'wzhang556', 'kmplaczkowsk', 'ddjacobson', 'sle7', 'zzhou443', 'bafflerbach', 'yliu897', 'bli392', 'jkang96', 'jdtucker', 'skota4', 'akarnik', 'bozemans', 'byri', 'cli643', 'abhupatiraju', 'zhuang453', None, 'li986', 'ydai69', 'jsu49', 'adey6', 'shinji1111']"
116,271,13,12,4,"['adey6', 'abhupatiraju', 'akarnik', 'li986']",8,"['ydai69', 'jdtucker', 'yingjiedai', 'skota4', 'wzhang556', 'bozemans', 'ddjacobson', 'shinji1111']",8,"['shreymodi', 'jsu49', 'adi2814', 'zhuang453', 'zzhou443', None, 'bli392', 'jkang96']",20,"['shreymodi', 'yingjiedai', 'abhupatiraju', 'wzhang556', 'adi2814', 'zhuang453', 'ddjacobson', 'zzhou443', 'bli392', None, 'li986', 'jkang96', 'ydai69', 'jdtucker', 'jsu49', 'skota4', 'akarnik', 'bozemans', 'adey6', 'shinji1111']"
116,278,13,8,5,"['abhupatiraju', 'wzhang556', 'akarnik', 'adey6', 'ddjacobson']",7,"['ydai69', 'jdtucker', 'yingjiedai', 'skota4', 'bozemans', 'li986', 'shinji1111']",3,"[None, 'bli392', 'sle7']",15,"['yingjiedai', 'abhupatiraju', 'wzhang556', 'ddjacobson', 'sle7', 'bli392', None, 'li986', 'ydai69', 'jdtucker', 'skota4', 'akarnik', 'bozemans', 'adey6', 'shinji1111']"
116,277,13,7,4,"['abhupatiraju', 'wzhang556', 'akarnik', 'yingjiedai']",8,"['ydai69', 'jdtucker', 'skota4', 'bozemans', 'adey6', 'ddjacobson', 'li986', 'shinji1111']",3,"['bli392', None, 'sle7']",15,"['yingjiedai', 'abhupatiraju', 'wzhang556', 'ddjacobson', 'sle7', None, 'bli392', 'li986', 'ydai69', 'jdtucker', 'skota4', 'akarnik', 'bozemans', 'adey6', 'shinji1111']"
116,279,13,7,5,"['wzhang556', 'akarnik', 'adey6', 'ddjacobson', 'li986']",7,"['ydai69', 'jdtucker', 'yingjiedai', 'skota4', 'abhupatiraju', 'bozemans', 'shinji1111']",2,"[None, 'sle7']",14,"['yingjiedai', 'abhupatiraju', 'wzhang556', 'ddjacobson', 'sle7', None, 'li986', 'ydai69', 'jdtucker', 'skota4', 'akarnik', 'bozemans', 'adey6', 'shinji1111']"
117,616,13,15,10,"['hazypensieve', 'vychen', 'cmc2374', 'ajlind', 'cremers', 'nalge26', 'shliulethe', 'vbarnard', 'vbarnard1', 'lahoang']",2,"['wchakrab1994', 'shimc97']",5,"['captainmalick', 'rkabennett', 'xiangjinwu', None, 'jay632']",17,"['wchakrab1994', 'captainmalick', 'hazypensieve', 'cmc2374', 'vychen', 'cremers', 'ajlind', 'xiangjinwu', None, 'jay632', 'shimc97', 'rkabennett', 'nalge26', 'shliulethe', 'vbarnard', 'vbarnard1', 'lahoang']"
118,462,13,7,1,['mdbaab'],11,"['xavier.guerrero.cis', 'agramber', 'waltervh', 'mseo22', 'bettyctai', 'pavithramihiraj', 'prasadwc98', 'suseeboon', 'jkim491', 'manjulata571980', 'pbologna']",6,"['nmohan14', 'junk029374', 'bphobbs1', 'driver31', None, 'mmanahil']",18,"['xavier.guerrero.cis', 'nmohan14', 'pavithramihiraj', 'bphobbs1', 'prasadwc98', 'mdbaab', 'driver31', 'suseeboon', None, 'mmanahil', 'agramber', 'junk029374', 'waltervh', 'mseo22', 'bettyctai', 'jkim491', 'manjulata571980', 'pbologna']"
120,268,12,14,11,"['aashikrahman', 'osman315', 'kiranreddy14m', 'saadamjad', 'wrexall87', 'ken_weightman', 'chaitanyabalusu', 'miguelgarka', 'a3a6a9ay', 'ajjulambo', 'ggizer']",0,[],3,"['as112344567789', None, 'gifletchers']",14,"['aashikrahman', 'kiranreddy14m', 'ken_weightman', 'miguelgarka', 'as112344567789', None, 'ggizer', 'gifletchers', 'osman315', 'saadamjad', 'wrexall87', 'chaitanyabalusu', 'a3a6a9ay', 'ajjulambo']"
120,392,12,11,10,"['aashikrahman', 'osman315', 'kiranreddy14m', 'saadamjad', 'wrexall87', 'ken_weightman', 'chaitanyabalusu', 'miguelgarka', 'a3a6a9ay', 'ajjulambo']",1,['ggizer'],1,[None],12,"['aashikrahman', 'kiranreddy14m', 'ken_weightman', 'miguelgarka', None, 'ggizer', 'osman315', 'saadamjad', 'wrexall87', 'chaitanyabalusu', 'a3a6a9ay', 'ajjulambo']"
121,117,12,13,10,"['cmandta', 'thetpaing', 'fbailon', 'ttttduong16', 'springtea12', 'msin2', 'xsun34', 'mzzhang2014', 'mthongchine', 'kperez87']",1,['ne1son'],3,"[None, 'odouglin', 'mtongaonkar']",14,"['cmandta', 'mtongaonkar', 'ttttduong16', 'odouglin', 'msin2', 'xsun34', None, 'kperez87', 'ne1son', 'thetpaing', 'fbailon', 'springtea12', 'mzzhang2014', 'mthongchine']"
122,385,12,12,10,"['bakirhaljevac', 'shkbljkica', 'amina.mevic17', 'hsinanovic', 'dnuhic1', 'eldar.civgin', 'milos', 'enam', 'nedina_m', 'ajsaaa']",1,['mmborgohain'],2,"['aksamija', None]",13,"['shkbljkica', 'dnuhic1', None, 'ajsaaa', 'bakirhaljevac', 'amina.mevic17', 'mmborgohain', 'eldar.civgin', 'milos', 'enam', 'nedina_m', 'aksamija', 'hsinanovic']"
123,408,12,11,10,"['liam.vrac', 'mhmmdghanem', 'mxz123123', 'emmanuel.bourgon', 'romualdsop152000', 'p.michel549', 'cloge', 'e_g63', 'comastet', 'brains_maker']",1,['myriam'],1,[None],12,"['mxz123123', 'emmanuel.bourgon', 'romualdsop152000', 'cloge', 'myriam', None, 'brains_maker', 'liam.vrac', 'mhmmdghanem', 'p.michel549', 'e_g63', 'comastet']"
124,449,12,16,11,"['sandersen12', 'vivzhong', 'ahannum', 'zanecn', 'variztia', 'alexbradfield', 'laraweed', 'nancyammar', 'cce5246', 'jmanasse', 'cfleeter']",0,[],5,"['junqin.zhu30', 'cneimeth', 'bwu9', 'jlucero', None]",16,"['sandersen12', 'junqin.zhu30', 'vivzhong', 'ahannum', 'bwu9', 'laraweed', 'jlucero', None, 'alexbradfield', 'zanecn', 'variztia', 'cneimeth', 'nancyammar', 'cce5246', 'jmanasse', 'cfleeter']"
124,450,12,16,11,"['sandersen12', 'vivzhong', 'ahannum', 'zanecn', 'variztia', 'alexbradfield', 'laraweed', 'nancyammar', 'cce5246', 'jmanasse', 'cfleeter']",0,[],5,"['junqin.zhu30', 'cneimeth', 'bwu9', 'jlucero', None]",16,"['sandersen12', 'junqin.zhu30', 'vivzhong', 'ahannum', 'bwu9', 'laraweed', 'jlucero', None, 'alexbradfield', 'zanecn', 'variztia', 'cneimeth', 'nancyammar', 'cce5246', 'jmanasse', 'cfleeter']"
124,599,12,15,10,"['sandersen12', 'vivzhong', 'ahannum', 'zanecn', 'variztia', 'alexbradfield', 'laraweed', 'cce5246', 'jmanasse', 'nancyammar']",1,['cfleeter'],5,"['junqin.zhu30', 'cneimeth', 'bwu9', 'jlucero', None]",16,"['sandersen12', 'junqin.zhu30', 'vivzhong', 'ahannum', 'bwu9', 'laraweed', 'jlucero', None, 'alexbradfield', 'zanecn', 'variztia', 'cneimeth', 'nancyammar', 'cce5246', 'jmanasse', 'cfleeter']"
127,524,12,21,2,"['bozdemi2', 'pmugale']",9,"['emilian.tuca', 'katchinn', 'st732', 'yersultan', 'babaev.pa', 'agmille4', 'gaa78', 'tkthabisokunene', 'yy462']",19,"['iamjinniiez', 'amreyno4', 'rerainer', 'nmazumd2', 'cslee', 'yliu257', 'syoun', 'jzhou42', 'hcdedmon', 'mgaskil', 'nrajend', 'dgarci23', 'jlu36', 'fjahura', 'yuhan123', None, 'ctpricha', 'hbabayo', 'marsharvey']",30,"['iamjinniiez', 'amreyno4', 'rerainer', 'nmazumd2', 'agmille4', 'tkthabisokunene', 'cslee', 'bozdemi2', 'st732', 'yersultan', 'yliu257', 'gaa78', 'syoun', 'yy462', 'jzhou42', 'hcdedmon', 'mgaskil', 'nrajend', 'dgarci23', 'babaev.pa', 'jlu36', 'fjahura', 'yuhan123', None, 'ctpricha', 'emilian.tuca', 'hbabayo', 'marsharvey', 'pmugale', 'katchinn']"
127,523,12,10,2,"['yy462', 'gaa78']",9,"['emilian.tuca', 'bozdemi2', 'st732', 'yersultan', 'babaev.pa', 'pmugale', 'agmille4', 'tkthabisokunene', 'katchinn']",8,"['jingjieyeo', 'jd784', 'jerlyhan', 'kw545', 'nm466', 'hanfengzhai', None, 'za37']",19,"['jingjieyeo', 'jd784', 'jerlyhan', 'babaev.pa', 'agmille4', 'kw545', 'nm466', 'tkthabisokunene', 'hanfengzhai', None, 'za37', 'emilian.tuca', 'katchinn', 'bozdemi2', 'st732', 'yersultan', 'pmugale', 'gaa78', 'yy462']"
128,491,12,17,7,"['falaksher343', 'harisahmed1947', 'avinash0909123', 'yahia.muhammad03', 'kenskyama', 'sarbashis.das', 'felucco']",4,"['elsayedibrahim442002', 'mahmoud.mustafa.nasr', 'ahmedseif', 'boubou']",10,"['paragt1026', 'michal234713', 'falaksher900', 'kinszkola', 'novov16', 'hubertt', 'jakubredner', 'playstation17player', None, 'maniekhehe2137']",21,"['harisahmed1947', 'jakubredner', 'michal234713', 'avinash0909123', 'kinszkola', 'mahmoud.mustafa.nasr', 'novov16', 'hubertt', 'kenskyama', 'sarbashis.das', 'felucco', 'yahia.muhammad03', None, 'maniekhehe2137', 'falaksher343', 'ahmedseif', 'paragt1026', 'boubou', 'falaksher900', 'elsayedibrahim442002', 'playstation17player']"
128,493,12,6,1,['boubou'],10,"['falaksher343', 'ahmedseif', 'harisahmed1947', 'avinash0909123', 'yahia.muhammad03', 'mahmoud.mustafa.nasr', 'kenskyama', 'sarbashis.das', 'elsayedibrahim442002', 'felucco']",5,"['lb16', 'cromus', 'gregorpobegen', None, 'souravdev74']",16,"['falaksher343', 'ahmedseif', 'harisahmed1947', 'boubou', 'lb16', 'avinash0909123', 'mahmoud.mustafa.nasr', 'cromus', 'kenskyama', 'gregorpobegen', 'sarbashis.das', 'elsayedibrahim442002', 'felucco', None, 'yahia.muhammad03', 'souravdev74']"
129,500,12,206,1,['bell.1495'],10,"['u0613876', 'melukowski', 'danielpruschki', 'dkorakakis', 'p.cruzaponte', 'i.mejiaruiz', 'u1215463', 'lucasthered', 'summerhane', 'u1213141']",205,"['guete', 'antlomb', 'jymbarnes11', 'villarta.jabulen', 'jsweeney1', 'andreadominguezrodriguez4', 'jasonkkgukeghost', 'alright2555', 'nzhu2000', 'uni_homework', 'silvermoon0314', 'a110521014', 'miguelcou', 'peak11', 'noahmarron1127', 'oalvidrez', 'a3pa3p', 'alam1', 'glatham3211', 'athena.120245141', 'mcalderman1', 'jerry41707', 'b361user', 'blair.haydon', 'mierdatrabajos', 'fenqs', 'iliasosner21', 'samugomezbis', 'gonza801', 'nicholasdwilliams', 'yellowkitie777', 'akzafonsa', 'eray0206', 'poby', 'pancho5110', 'sjiang701', 'gregmik', 'charming', 'jiaolh', 'sunrh0215', 'dizarmejzini', 'zanoni', 'shantu.ghose', 'jwozny', 'riverhorse', 'mj02280430', 'grudzinski1', 'osvy', 'molkon', 'b12345215', 'dwh0015', 'a022354s', 'luisgue99', 'youngg', 'sl90', 'samumonin', 'kartd0103399', 'tkdqls0417', 'eva008air', 'alekdudko', 'mariaci99', 'apkaye16', 'wuyu825', 'alexander.lassooij', 'hmfx1', 'cheng1105', 'h.a.mahmod', 'milk9925', 'chengrai', 'zzxxccvv.102510', 'ptoma', 'a0989925595', 'sas0091', 'kejun626', 'simpip', 'javipm12', 'gnicezw', 'antia.santiago', 't.clavijogarcia', 'a6634141009', 'yujuchen03207', 'boan', 'teijeiroalex', 'm_flores4', 'jmayer1', 'lucaseduoli', 'easonyz', 'kavanagh', 'siddhantjn01', 'william.zhangqingyang', 'cakeohero', 'krzysztofwarga', 'shadeedl', 'tbmiller', 'mbeekman', 'qqdonald', 'elecstudent', 'dinh.nhu', 'arrhenius78', 'adamshick2525', 'manjakavahoaka', 'yhu104', 'davidcg', 'alessandroverdolotti', 'dkdznl17', 'vincenzoortosecco', 'ktulley96', 'hbenisty', 'jimmy1231237', 'glen', 'akash.ram', 'aattanas', 'anapv177', 'y_li44', 'rmb0034', 'sergiorr15', 'edwardmirkin', 'mmduraiphy', 'asma00', 'zx5691782', 'light24685132', 'laura_pn', 'ratishjuneja2000', 'saducio', 'hlm0017', 'c.rineer', 'danielw', 'zhaoguoyu06', 'klupone', 'ahughes1', 'aflolb28', 'b615206', 's110521064', 'michaelroberts', 'bb7665247', 'a19990217', 'spacetimecodedata03207', 'elena.gnani', 'azsxdcpeter13579', 'noahcaracuel', 'candy0930', 'pasquale124', 'silveira', 'dhruvpatel1999ca', 'rborgesr', 'zic12345', 'italo.nunziata', 'dramaqueen13', 'santiagopendon', 'sone107208001', 'mateo1610', 'kris_yah', 'gaelle.lucasleclin', 'ws210019', 'ceciriveralamelas', 'pablobucsan', 'benlai900102', 'krzysztof.szolajski', 'ncu110521149', 'k3850305', 'ha654321ha654321', 'peytonr19', 'we1.chen', 'francescopoziello', 'genoveffapiscitelli', 'unaiplacer2d', 'erinvolpe', 'kqinglu', 'jerry10430296', 'a109521014', 'dquinte1', 'tan350', 'antoniopati2233', 'd0988222760', 'camilamore93', 'icebear828', 'kidd33sm', 'gary070825', 'rathodprashnt', 'yago', 'cgandin', 'ardavan_p', 'blank7', 'pietro.capuzzo99', 'zhanghaosen328', 'savannah.horowitz', 'walter100259', 'rich.young76', 'weining7', 'jkujawsk', 'doli327', 'rain19980505', 'cct0005', 'markrichardwong', 'jaraisehh', 'april20190710', 'msolis5', 'swirtner', 'syenhsi', 'sofiacobas', 'leman.for.search', 'jzullo', 'mdgolamzakaria3', 'shah123', 'tsaitsungyu']",216,"['guete', 'antlomb', 'jymbarnes11', 'villarta.jabulen', 'jsweeney1', 'andreadominguezrodriguez4', 'jasonkkgukeghost', 'alright2555', 'nzhu2000', 'uni_homework', 'silvermoon0314', 'a110521014', 'miguelcou', 'peak11', 'noahmarron1127', 'oalvidrez', 'a3pa3p', 'alam1', 'glatham3211', 'melukowski', 'athena.120245141', 'mcalderman1', 'jerry41707', 'b361user', 'blair.haydon', 'mierdatrabajos', 'fenqs', 'iliasosner21', 'samugomezbis', 'gonza801', 'u0613876', 'nicholasdwilliams', 'yellowkitie777', 'akzafonsa', 'eray0206', 'poby', 'pancho5110', 'sjiang701', 'gregmik', 'charming', 'jiaolh', 'sunrh0215', 'dizarmejzini', 'zanoni', 'shantu.ghose', 'jwozny', 'riverhorse', 'mj02280430', 'grudzinski1', 'osvy', 'molkon', 'b12345215', 'dwh0015', 'a022354s', 'luisgue99', 'youngg', 'sl90', 'samumonin', 'kartd0103399', 'tkdqls0417', 'eva008air', 'alekdudko', 'mariaci99', 'apkaye16', 'wuyu825', 'alexander.lassooij', 'hmfx1', 'cheng1105', 'bell.1495', 'lucasthered', 'h.a.mahmod', 'milk9925', 'chengrai', 'zzxxccvv.102510', 'ptoma', 'a0989925595', 'sas0091', 'kejun626', 'simpip', 'javipm12', 'gnicezw', 'antia.santiago', 't.clavijogarcia', 'a6634141009', 'yujuchen03207', 'boan', 'teijeiroalex', 'm_flores4', 'jmayer1', 'lucaseduoli', 'easonyz', 'kavanagh', 'siddhantjn01', 'william.zhangqingyang', 'cakeohero', 'krzysztofwarga', 'shadeedl', 'tbmiller', 'mbeekman', 'qqdonald', 'elecstudent', 'dinh.nhu', 'arrhenius78', 'u1215463', 'adamshick2525', 'manjakavahoaka', 'yhu104', 'davidcg', 'alessandroverdolotti', 'dkdznl17', 'vincenzoortosecco', 'ktulley96', 'hbenisty', 'jimmy1231237', 'glen', 'akash.ram', 'aattanas', 'anapv177', 'y_li44', 'rmb0034', 'sergiorr15', 'edwardmirkin', 'mmduraiphy', 'asma00', 'zx5691782', 'light24685132', 'laura_pn', 'ratishjuneja2000', 'saducio', 'hlm0017', 'c.rineer', 'danielw', 'zhaoguoyu06', 'klupone', 'ahughes1', 'aflolb28', 'b615206', 's110521064', 'michaelroberts', 'bb7665247', 'a19990217', 'spacetimecodedata03207', 'elena.gnani', 'azsxdcpeter13579', 'noahcaracuel', 'candy0930', 'pasquale124', 'silveira', 'dhruvpatel1999ca', 'rborgesr', 'zic12345', 'italo.nunziata', 'dramaqueen13', 'santiagopendon', 'sone107208001', 'dkorakakis', 'p.cruzaponte', 'mateo1610', 'kris_yah', 'gaelle.lucasleclin', 'ws210019', 'ceciriveralamelas', 'pablobucsan', 'benlai900102', 'krzysztof.szolajski', 'ncu110521149', 'k3850305', 'ha654321ha654321', 'peytonr19', 'we1.chen', 'francescopoziello', 'genoveffapiscitelli', 'unaiplacer2d', 'erinvolpe', 'kqinglu', 'jerry10430296', 'a109521014', 'dquinte1', 'tan350', 'antoniopati2233', 'd0988222760', 'camilamore93', 'icebear828', 'kidd33sm', 'gary070825', 'rathodprashnt', 'yago', 'u1213141', 'cgandin', 'ardavan_p', 'blank7', 'pietro.capuzzo99', 'zhanghaosen328', 'savannah.horowitz', 'walter100259', 'danielpruschki', 'rich.young76', 'weining7', 'jkujawsk', 'doli327', 'rain19980505', 'summerhane', 'cct0005', 'markrichardwong', 'jaraisehh', 'april20190710', 'msolis5', 'swirtner', 'syenhsi', 'sofiacobas', 'i.mejiaruiz', 'leman.for.search', 'jzullo', 'mdgolamzakaria3', 'shah123', 'tsaitsungyu']"
129,511,12,42,7,"['u0613876', 'melukowski', 'danielpruschki', 'dkorakakis', 'p.cruzaponte', 'i.mejiaruiz', 'summerhane']",4,"['u1215463', 'lucasthered', 'bell.1495', 'u1213141']",35,"['villarta.jabulen', 'jsweeney1', 'wpreecs', 'dwh0015', 'rlaehrud5292', 'hbenisty', 'qtran8', 'igarrid1', 'gweado12', 'rmb0034', 'mariam.jama', 'jpchang', 'alnassar', 'kms92313', 'awborche', 'zegreen1', 'patergio', 'ethan.dunn', 'bridenou', 'sscrosati', 'hlm0017', 'rhffha12345', 'owenwat', 'ptoma', 'm.ceballos', 'sas0091', 'ahmed.nael.elnokrashy', None, 'znajac', 'nesrine1fradi', 'cpalsule', 'cruppeli', 'morisett', 'ehagood', 'oli8749']",46,"['villarta.jabulen', 'jsweeney1', 'dwh0015', 'wpreecs', 'rlaehrud5292', 'hbenisty', 'qtran8', 'igarrid1', 'gweado12', 'mariam.jama', 'rmb0034', 'alnassar', 'jpchang', 'kms92313', 'awborche', 'melukowski', 'zegreen1', 'patergio', 'ethan.dunn', 'bridenou', 'sscrosati', 'hlm0017', 'bell.1495', 'rhffha12345', 'lucasthered', 'u1213141', 'owenwat', 'u0613876', 'ptoma', 'm.ceballos', 'sas0091', 'danielpruschki', 'ahmed.nael.elnokrashy', None, 'summerhane', 'znajac', 'nesrine1fradi', 'cpalsule', 'dkorakakis', 'p.cruzaponte', 'cruppeli', 'i.mejiaruiz', 'morisett', 'ehagood', 'u1215463', 'oli8749']"
129,512,12,36,3,"['u1215463', 'u0613876', 'u1213141']",8,"['melukowski', 'danielpruschki', 'dkorakakis', 'p.cruzaponte', 'bell.1495', 'i.mejiaruiz', 'lucasthered', 'summerhane']",33,"['u1030652', 'u0939954', 'tyler.roybal73', 'u0960369', 'u0996599', 'halibyte', 'kaseykemp0910', 'williamscamposano', 'mmalinosky', 'tataserebryany', 'aidenliu000', 'u1081888', 'u1228807', 'tjcoe11', 'u1037344', 'u1313270', 'u0714849', 'u1167853', 'u1098664', 'u1248801', 'u1033377', None, 'u1231201', 'u0379307', 'u1174158', 'u1031328', 'u1170693', 'u1169721', 'dbporter99', 'compuguy99', 'u1052421', 'u0941988', 'u1186007']",44,"['u1030652', 'u0939954', 'tyler.roybal73', 'u0960369', 'u0996599', 'halibyte', 'kaseykemp0910', 'williamscamposano', 'mmalinosky', 'melukowski', 'tataserebryany', 'aidenliu000', 'u1081888', 'bell.1495', 'u1228807', 'tjcoe11', 'lucasthered', 'u1213141', 'u0613876', 'u1037344', 'u1313270', 'danielpruschki', 'u0714849', 'u1167853', 'u1098664', 'u1248801', 'u1033377', 'summerhane', None, 'u1231201', 'u0379307', 'u1174158', 'u1031328', 'u1170693', 'u1169721', 'dbporter99', 'compuguy99', 'u1052421', 'u0941988', 'dkorakakis', 'p.cruzaponte', 'i.mejiaruiz', 'u1215463', 'u1186007']"
129,509,12,14,1,['lucasthered'],10,"['u0613876', 'melukowski', 'danielpruschki', 'dkorakakis', 'p.cruzaponte', 'bell.1495', 'i.mejiaruiz', 'u1215463', 'summerhane', 'u1213141']",13,"['inkrf_edu', 'daenzebr', 'slabaugj', 'sfollo28', 'vinke', 'scolaj', 'glattc', 'samdejong7', 'hooveand', 'ianlilly12', None, 'millesa4', 'noahmarron1127']",24,"['u0613876', 'samdejong7', 'inkrf_edu', 'slabaugj', 'danielpruschki', 'sfollo28', 'ianlilly12', None, 'summerhane', 'noahmarron1127', 'millesa4', 'hooveand', 'daenzebr', 'melukowski', 'vinke', 'dkorakakis', 'p.cruzaponte', 'scolaj', 'bell.1495', 'i.mejiaruiz', 'glattc', 'u1215463', 'lucasthered', 'u1213141']"
129,480,12,6,5,"['u0613876', 'melukowski', 'danielpruschki', 'u1215463', 'u1213141']",6,"['dkorakakis', 'p.cruzaponte', 'i.mejiaruiz', 'bell.1495', 'lucasthered', 'summerhane']",1,[None],12,"['u0613876', 'melukowski', 'danielpruschki', 'dkorakakis', 'p.cruzaponte', 'bell.1495', 'i.mejiaruiz', 'u1215463', 'lucasthered', None, 'summerhane', 'u1213141']"
130,540,12,28,2,"['aga101298', 'manas43.mp']",9,"['terencebaker510', 'priya.26', 'mzmatt', 'dullahan', 'fmkimeu', 'orringclarke', 'valentina.salinas', 'karthiga.jordan', 'owellbor']",26,"['cbrelje', 'panditm', 'pfdeng', 'aattanas', 'shafaat.saud', 'lancefernandes13', 'jabirbin', 'mart1787', 'sahanathota24', 'tan350', 'braun62', 'lance.fernandes', 'btriplet', 'gmacraes', 'gonza801', 'parmar0', 'tan213', 'gekco', 'mozlu', None, 'wang4878', 'hsiao35', 'rspilker', 'jzullo', 'yang1991', 'shah123']",37,"['cbrelje', 'terencebaker510', 'mzmatt', 'panditm', 'dullahan', 'pfdeng', 'aattanas', 'karthiga.jordan', 'shafaat.saud', 'lancefernandes13', 'jabirbin', 'manas43.mp', 'mart1787', 'sahanathota24', 'tan350', 'braun62', 'lance.fernandes', 'aga101298', 'btriplet', 'gmacraes', 'gonza801', 'parmar0', 'priya.26', 'tan213', 'gekco', 'mozlu', 'fmkimeu', None, 'wang4878', 'hsiao35', 'orringclarke', 'rspilker', 'valentina.salinas', 'jzullo', 'yang1991', 'shah123', 'owellbor']"
131,180,11,11,9,"['wuwilliam.1', 'darrenrchang', 'ally', 'f74106238', 'e24096857', 'joikh8', 'cheezad', 'g1123243', 'johnny92227']",1,['soonerrui'],2,"['anachiap', None]",12,"['anachiap', 'wuwilliam.1', 'darrenrchang', 'f74106238', 'e24096857', 'joikh8', 'cheezad', None, 'soonerrui', 'ally', 'g1123243', 'johnny92227']"
131,71,11,10,8,"['wuwilliam.1', 'darrenrchang', 'ally', 'f74106238', 'e24096857', 'joikh8', 'g1123243', 'johnny92227']",2,"['cheezad', 'soonerrui']",2,"['anachiap', None]",12,"['anachiap', 'wuwilliam.1', 'darrenrchang', 'f74106238', 'e24096857', 'joikh8', 'cheezad', None, 'soonerrui', 'ally', 'g1123243', 'johnny92227']"
131,213,11,10,8,"['wuwilliam.1', 'darrenrchang', 'ally', 'f74106238', 'e24096857', 'joikh8', 'g1123243', 'johnny92227']",2,"['cheezad', 'soonerrui']",2,"['anachiap', None]",12,"['anachiap', 'wuwilliam.1', 'darrenrchang', 'f74106238', 'e24096857', 'joikh8', 'cheezad', None, 'soonerrui', 'ally', 'g1123243', 'johnny92227']"
132,125,11,9,6,"['abinayamanikandan48', 'alishalia', 'kiruthika11', 'humashankar44', 'harshaaburi', 'sundeeps106']",4,"['humashankar', 'jyothichidupudi0607', '192019014.sse', 'vmanasapriya6']",3,"[None, 'manikanta47071', '192019033.sse']",13,"['192019014.sse', 'manikanta47071', 'abinayamanikandan48', 'humashankar', 'humashankar44', None, '192019033.sse', 'vmanasapriya6', 'jyothichidupudi0607', 'alishalia', 'kiruthika11', 'harshaaburi', 'sundeeps106']"
132,126,11,8,4,"['alishalia', 'vmanasapriya6', 'abinayamanikandan48', 'sundeeps106']",6,"['192019014.sse', 'kiruthika11', 'jyothichidupudi0607', 'humashankar', 'humashankar44', 'harshaaburi']",4,"['thabares', None, '192019033.sse', 'ajarunesh854']",14,"['192019014.sse', 'kiruthika11', '192019033.sse', 'ajarunesh854', 'thabares', 'abinayamanikandan48', 'vmanasapriya6', 'jyothichidupudi0607', None, 'alishalia', 'humashankar', 'humashankar44', 'harshaaburi', 'sundeeps106']"
133,601,11,14,9,"['tristanolsen', 'nickwikert', 'cademg', 'brianjaques', 'dylanmelander', 'ryanfinkelstein', 'willjohanson', 'caydendoyle', 'kyleholloway']",1,['tannermauseth'],5,"['tommyblank', 'kaeleenovich', 'lanlibsu', 'sandeepdhakal', None]",15,"['kaeleenovich', 'dylanmelander', 'willjohanson', 'caydendoyle', 'kyleholloway', 'sandeepdhakal', None, 'tristanolsen', 'nickwikert', 'cademg', 'tommyblank', 'tannermauseth', 'brianjaques', 'ryanfinkelstein', 'lanlibsu']"
134,143,11,17,10,"['jinyiliu', 'jrichman1999', 'kmerino', 'lizhiyun', 'johnganiban', 'jonathanmichalik', 'dicef', 'kanhu', 'longhunter', 'adrivera0912']",0,[],7,"['shuyu.shi', 'npassalacquaalva', 'rfneed', 'adityaraghavan', 'tianchen.wei', 'wuyefeng', None]",17,"['shuyu.shi', 'jinyiliu', 'rfneed', 'jrichman1999', 'lizhiyun', 'johnganiban', 'kanhu', 'longhunter', None, 'npassalacquaalva', 'kmerino', 'jonathanmichalik', 'dicef', 'tianchen.wei', 'adityaraghavan', 'wuyefeng', 'adrivera0912']"
135,610,11,13,9,"['ryanzedt', 'nwvarghe', 'lclarke1', 'csuwoko', 'vramosve', 'javenega', 'friendm1', 'cathyc7', 'carinall']",1,['abiaggne'],4,"['kenttn1', None, 'greginat', 'cgroome']",14,"['nwvarghe', 'lclarke1', 'javenega', 'abiaggne', 'friendm1', 'cathyc7', 'carinall', None, 'ryanzedt', 'csuwoko', 'vramosve', 'greginat', 'kenttn1', 'cgroome']"
136,218,11,34,6,"['2018.ritik.choudhary', 'et2016.kaushik.kartikeya', 'chaitanyajoshi', '2018.suyog.sawant', '2018.kishori.lad', 'hritikvivekpatil']",4,"['2018_aman_singh', '2018.shubham.kaspale', 'rishabh10', '2018.tushar.wanave']",28,"['gamreshalaka', '2018.roshan.indulkar', '2018.amey.advirkar', 'ratul01', 'binsypinto', '2018.sanika.indulkar', '2018.shruti.parab', 'ie2016.shyam.munankar', 'sumedh13', '2018.deepti.singh', 'prajot7869', '2018.saurav.pandit', 'swapnalimakdey25', 'abhi06', 'srishti241', 'rajtalashilkar', '2018.mohd.ansari', '2018.dhruvi.chauhan', 'shash23', '2018.sahil.amundkar', None, '2018.shalaka.gamare', '2018.paras.dhekale', 'vivekpalande01', '2018.jaie.vengurlekar', '2018.rutuja.shejwal', '2018.rayan.shaikh', 'prashanth34']",38,"['2018.suyog.sawant', 'gamreshalaka', '2018.roshan.indulkar', '2018.amey.advirkar', '2018_aman_singh', 'ratul01', '2018.sanika.indulkar', 'binsypinto', '2018.shruti.parab', '2018.tushar.wanave', 'ie2016.shyam.munankar', '2018.ritik.choudhary', 'et2016.kaushik.kartikeya', 'chaitanyajoshi', '2018.kishori.lad', 'sumedh13', '2018.deepti.singh', 'prajot7869', '2018.saurav.pandit', 'swapnalimakdey25', 'rishabh10', 'abhi06', '2018.shubham.kaspale', 'srishti241', 'rajtalashilkar', '2018.mohd.ansari', '2018.dhruvi.chauhan', 'hritikvivekpatil', 'shash23', '2018.sahil.amundkar', None, '2018.shalaka.gamare', '2018.paras.dhekale', 'vivekpalande01', '2018.jaie.vengurlekar', '2018.rutuja.shejwal', '2018.rayan.shaikh', 'prashanth34']"
137,2,11,15,3,"['franked1', 'diana.florencio', 'petersongcy']",7,"['lauren.m.grohowski', 'alicemb00', 'andydu', 'eric475', 'profcgdl', 'laurenc0621', 'adamfortner']",12,"['gdirienz', 'kaelonmc', 'paul.g.abdelmessih', 'andrewjfish', 'edward.j.wedgbury', 'derek.d.mulholland', 'vinersj', 'eric.l.zhang', 'adam.b.levin', 'cheysirota', None, 'william1drake1']",22,"['petersongcy', 'kaelonmc', 'paul.g.abdelmessih', 'alicemb00', 'andydu', 'derek.d.mulholland', 'franked1', 'profcgdl', 'adam.b.levin', 'cheysirota', None, 'william1drake1', 'gdirienz', 'lauren.m.grohowski', 'andrewjfish', 'edward.j.wedgbury', 'vinersj', 'eric475', 'laurenc0621', 'adamfortner', 'diana.florencio', 'eric.l.zhang']"
137,1,11,13,10,"['petersongcy', 'lauren.m.grohowski', 'alicemb00', 'andydu', 'franked1', 'profcgdl', 'eric475', 'laurenc0621', 'adamfortner', 'diana.florencio']",0,[],3,"['matthew.j.mcgowan', 'valentjg', None]",13,"['petersongcy', 'alicemb00', 'andydu', 'franked1', 'profcgdl', 'valentjg', 'matthew.j.mcgowan', None, 'lauren.m.grohowski', 'eric475', 'laurenc0621', 'adamfortner', 'diana.florencio']"
138,588,11,15,9,"['panwalkarutkarsh', 'parth.gaikwad123', 'saishnar5129', 'siddhesh19103', 'anusingh7303', 'rishirajdabhane452', 'parthpgov', 'shreymistry97697', 'oshelke40']",1,['shivamdali'],6,"['javedptl', 'shrutisharma', 'tanvijadhav0102', 'rohan468', None, 'psh.308']",16,"['panwalkarutkarsh', 'siddhesh19103', 'shivamdali', 'anusingh7303', 'rohan468', 'oshelke40', None, 'parth.gaikwad123', 'saishnar5129', 'javedptl', 'shrutisharma', 'tanvijadhav0102', 'rishirajdabhane452', 'parthpgov', 'shreymistry97697', 'psh.308']"
138,589,11,10,7,"['panwalkarutkarsh', 'parth.gaikwad123', 'saishnar5129', 'siddhesh19103', 'shivamdali', 'rishirajdabhane452', 'parthpgov']",3,"['anusingh7303', 'oshelke40', 'shreymistry97697']",3,"['rohitbaikar', None, 'rohan468']",13,"['panwalkarutkarsh', 'siddhesh19103', 'shivamdali', 'anusingh7303', 'rohan468', 'oshelke40', None, 'parth.gaikwad123', 'saishnar5129', 'rohitbaikar', 'rishirajdabhane452', 'parthpgov', 'shreymistry97697']"
140,311,11,12,5,"['jgj2', 'mjone45', 'belbrec', 'jha5', 'mtaghiz']",5,"['rpoojar', 'jwjeffr', 'akarwar', 'pkonyre', 'pmhatre']",7,"['lmorand', 'cmwltrs', 'anewt22', 'asaltzs', 'dsarker', None, 'mnahava']",17,"['rpoojar', 'lmorand', 'jwjeffr', 'mjone45', 'jha5', 'asaltzs', 'mtaghiz', 'anewt22', None, 'pmhatre', 'jgj2', 'cmwltrs', 'akarwar', 'belbrec', 'pkonyre', 'dsarker', 'mnahava']"
140,312,11,9,5,"['rpoojar', 'akarwar', 'pkonyre', 'jha5', 'pmhatre']",5,"['jgj2', 'jwjeffr', 'mjone45', 'belbrec', 'mtaghiz']",4,"['nkarthi', 'dsarker', None, 'pbasutk']",14,"['rpoojar', 'jwjeffr', 'mjone45', 'jha5', 'mtaghiz', None, 'pmhatre', 'pbasutk', 'jgj2', 'akarwar', 'nkarthi', 'belbrec', 'pkonyre', 'dsarker']"
141,514,11,183,1,['btaing08'],9,"['xyttyxyx', 'romam', 'spencergoldrich', 'dbpark2', 'harshitranjan20', 'taylorgsmith', 'mounikadudala', 'konkarkrutika', 'jjchang1004']",182,"['kangha6211', 'pygayoung4705', 'pc20', 'aarondh2', 'rlaehrud5292', 'lsh843223', 'mmj5', 'eoh23', 'yjchoi0315', 'unikwakhj', 'mariam.jama', 'yangdan2', 'chan4184', 'rvplank2', 'junyoung0735', 'dhamill2', 'nourankassem97', 'cauvaido1610', 'phisicsmusic', 'jiaqihriver', 'bonfimguilherme1711', 'walterwagner', 'changhwa2970', 'aatrey3', 'wodyd909', 'jalies2', 'owenwat', 'asadsfawdga', 'ddejong2', 'ssibi2', 'meiyuezhang', 'anishas4', 'hanlinw3', 'hooni6708', 'dlstj989', 'choijinyoung5933', 'depew2', 'jaredf2', 'sclee1002', 'hado0416', 'tcr18ec019', 'ljs020104a', 'mplanoster', 'tjricks2', 'amaloto2', 'ritinjoseph', 'ryanwm2', 'soc06016', 'riverhorse', 'butters', 'ellayeji11', 'syc0428', 'dwh0015', 'sa06093', 'hermione369', 'fede14', 'choejihun6785', 'ksjin0807', 'tagomez2', 'torsr2', 'damer', 'hug6901', 'witamoment', 'danayun2', 'wkxa54', 'mozahma2', 'ols3060178', 'poor9876', 'hyunsulee0709', 'ethan.dunn', 'nhj25136', 'ssethi7', 'jea03', 'gbear7615', 'gcangi2', 'atlantic092407', 'bsj99977', 'fraga80', 'sas0091', 'ajscott5', 'shirgef', 'anm9', 'ahmed.nael.elnokrashy', 'maryama3', 'ohsangmin', 'ahmed.yassien.cu', 'sally0460', 'krzysztofwarga', 'haoran7', 'kijukiju7215', 'unikwakhj1', 'sachinchandra.gsc', 'wdhdlstjd164', 'shim.syeon', 'fdoyrldan', 'j2218109', 'sabolton', 'keithmse304', 'lovenmin', 'seongbin', 'wogus5807', 'timtk85', 'susannareggiani', 'aniyogi2', 'nk13', 'jpalmer1028', 'ghsmx01', 'gweado12', 'rmb0034', 'xianzhi2', 'jpchang', 'oblue4848', 'dlxodus0725', 'wg6076', 'turalazer', 'lb16', 'youfuq2', 'zudsyd', 'hlm0017', 'jinyang9', 'rhffha12345', 'ericy3', 'inquisitivestudent', 'luis.lanzetta', 'wrishk2', 'yutube1058', 'varuns5', 'huidonjeong', 'yunzhes2', 'abhirs2', 'jimmy1100a', 'jecano', 'soo8355a', 'efs2', 'karoche3', 'dongjinwi', 'fpqldhdntk', 'hgrf', 'thswngh793', 'sopfeil2', 'eliz2000s', 'shlomib', 'leesh941222', 'hatoonb2', 'simong2', 'minking0007', 'rjf5', 'kms92313', 'patergio', 'leeseongjae450', 'acevans4', 'wkdgns599', 'zainab2', 'chyu3', 'mhamed.lemrabit', 'pygayoung07', 'dmayorga', 'eilamy', 'rsears4', 'pjs970918', 'beetle0720', 'gcoupe9171', 'sali93', 'acm990922', None, 'yanjia', 'boyangy4', 'hah610115', 'jaehong3', 'jacobt6', 'mhyun1234567', 'ggr7', 'alvin2373', 'shawnc2', 'wyik2', 'ryusuke2', 'fshyti2', 'ehdgns9904', '928chan928', 'marialc3', 'shin19764', 'kaylalh3']",192,"['kangha6211', 'pygayoung4705', 'pc20', 'aarondh2', 'rlaehrud5292', 'lsh843223', 'harshitranjan20', 'mounikadudala', 'mmj5', 'eoh23', 'yjchoi0315', 'unikwakhj', 'mariam.jama', 'yangdan2', 'chan4184', 'rvplank2', 'junyoung0735', 'dhamill2', 'nourankassem97', 'cauvaido1610', 'phisicsmusic', 'jiaqihriver', 'bonfimguilherme1711', 'walterwagner', 'changhwa2970', 'aatrey3', 'wodyd909', 'jalies2', 'owenwat', 'asadsfawdga', 'romam', 'ddejong2', 'ssibi2', 'meiyuezhang', 'anishas4', 'hanlinw3', 'hooni6708', 'dlstj989', 'choijinyoung5933', 'depew2', 'jaredf2', 'sclee1002', 'hado0416', 'tcr18ec019', 'ljs020104a', 'dbpark2', 'mplanoster', 'tjricks2', 'amaloto2', 'ritinjoseph', 'ryanwm2', 'soc06016', 'riverhorse', 'butters', 'ellayeji11', 'syc0428', 'dwh0015', 'sa06093', 'hermione369', 'fede14', 'choejihun6785', 'ksjin0807', 'tagomez2', 'torsr2', 'damer', 'hug6901', 'witamoment', 'danayun2', 'wkxa54', 'mozahma2', 'ols3060178', 'poor9876', 'hyunsulee0709', 'ethan.dunn', 'nhj25136', 'ssethi7', 'jea03', 'gbear7615', 'gcangi2', 'atlantic092407', 'bsj99977', 'fraga80', 'sas0091', 'ajscott5', 'shirgef', 'anm9', 'ahmed.nael.elnokrashy', 'maryama3', 'ohsangmin', 'ahmed.yassien.cu', 'sally0460', 'krzysztofwarga', 'haoran7', 'kijukiju7215', 'unikwakhj1', 'sachinchandra.gsc', 'wdhdlstjd164', 'shim.syeon', 'fdoyrldan', 'j2218109', 'sabolton', 'keithmse304', 'lovenmin', 'seongbin', 'wogus5807', 'timtk85', 'susannareggiani', 'aniyogi2', 'konkarkrutika', 'nk13', 'jpalmer1028', 'ghsmx01', 'gweado12', 'rmb0034', 'xianzhi2', 'jpchang', 'oblue4848', 'dlxodus0725', 'wg6076', 'turalazer', 'lb16', 'youfuq2', 'zudsyd', 'hlm0017', 'jinyang9', 'jjchang1004', 'rhffha12345', 'ericy3', 'inquisitivestudent', 'luis.lanzetta', 'wrishk2', 'yutube1058', 'varuns5', 'huidonjeong', 'yunzhes2', 'abhirs2', 'jimmy1100a', 'jecano', 'soo8355a', 'efs2', 'karoche3', 'dongjinwi', 'btaing08', 'fpqldhdntk', 'hgrf', 'thswngh793', 'sopfeil2', 'eliz2000s', 'shlomib', 'leesh941222', 'hatoonb2', 'simong2', 'minking0007', 'xyttyxyx', 'rjf5', 'spencergoldrich', 'kms92313', 'patergio', 'leeseongjae450', 'acevans4', 'wkdgns599', 'zainab2', 'chyu3', 'mhamed.lemrabit', 'pygayoung07', 'dmayorga', 'eilamy', 'rsears4', 'pjs970918', 'beetle0720', 'gcoupe9171', 'sali93', 'acm990922', None, 'yanjia', 'boyangy4', 'hah610115', 'jaehong3', 'jacobt6', 'mhyun1234567', 'ggr7', 'alvin2373', 'taylorgsmith', 'shawnc2', 'wyik2', 'ryusuke2', 'fshyti2', 'ehdgns9904', '928chan928', 'marialc3', 'shin19764', 'kaylalh3']"
141,60,11,8,6,"['xyttyxyx', 'dbpark2', 'romam', 'harshitranjan20', 'mounikadudala', 'jjchang1004']",4,"['btaing08', 'spencergoldrich', 'konkarkrutika', 'taylorgsmith']",2,"['owenwat', None]",12,"['owenwat', 'xyttyxyx', 'romam', 'spencergoldrich', 'dbpark2', 'harshitranjan20', 'taylorgsmith', 'mounikadudala', 'konkarkrutika', 'btaing08', 'jjchang1004', None]"
141,518,11,8,6,"['xyttyxyx', 'dbpark2', 'romam', 'harshitranjan20', 'mounikadudala', 'jjchang1004']",4,"['btaing08', 'spencergoldrich', 'konkarkrutika', 'taylorgsmith']",2,"['owenwat', None]",12,"['owenwat', 'xyttyxyx', 'romam', 'spencergoldrich', 'dbpark2', 'harshitranjan20', 'taylorgsmith', 'mounikadudala', 'konkarkrutika', 'btaing08', 'jjchang1004', None]"
141,519,11,7,1,['konkarkrutika'],9,"['xyttyxyx', 'romam', 'spencergoldrich', 'dbpark2', 'harshitranjan20', 'taylorgsmith', 'mounikadudala', 'btaing08', 'jjchang1004']",6,"['pnolas10', 'jvemired', 'dshetty27', 'aberde', None, 'vasileska']",16,"['xyttyxyx', 'romam', 'spencergoldrich', 'dbpark2', 'harshitranjan20', 'taylorgsmith', 'mounikadudala', 'pnolas10', 'konkarkrutika', 'btaing08', 'jjchang1004', 'jvemired', 'aberde', 'dshetty27', None, 'vasileska']"
142,164,11,24,1,['mlnauman'],9,"['lepeters', 'hashil3431', 'snagle', 'jvrooyen', 'stephsyn', 'alhusain', 'cmedgar', 'bellal', 'seanwehmer']",23,"['annikal', 'whormazadia', 'knightnb', 'suverian1', 'burenzaya', 'chechoa501111', 'batuukb802', 'claytons2', 'alsharieffa', 'leandriino06', 'dustinhl', 'salazarm2', 'harooonm2', 'm_flores4', 'vallejora2', 'patelda23', None, 'jdzhu49', 'caudillsj', 'dawkinsm2', 'caitlincramer12', 'rkhoie131', 'youngkd']",33,"['annikal', 'whormazadia', 'knightnb', 'suverian1', 'stephsyn', 'alhusain', 'chechoa501111', 'burenzaya', 'lepeters', 'batuukb802', 'claytons2', 'mlnauman', 'alsharieffa', 'bellal', 'leandriino06', 'dustinhl', 'salazarm2', 'harooonm2', 'm_flores4', 'vallejora2', 'patelda23', 'cmedgar', None, 'seanwehmer', 'jdzhu49', 'caudillsj', 'dawkinsm2', 'caitlincramer12', 'rkhoie131', 'hashil3431', 'youngkd', 'jvrooyen', 'snagle']"
142,163,11,16,9,"['lepeters', 'mlnauman', 'hashil3431', 'snagle', 'jvrooyen', 'stephsyn', 'alhusain', 'cmedgar', 'bellal']",1,['seanwehmer'],7,"['smejia', 'mirsaad', 'alqasabi', 'emmaeg', 'levansw', None, 'alsicher']",17,"['alqasabi', 'emmaeg', 'levansw', 'stephsyn', 'alhusain', 'cmedgar', None, 'seanwehmer', 'alsicher', 'smejia', 'mirsaad', 'lepeters', 'mlnauman', 'hashil3431', 'jvrooyen', 'snagle', 'bellal']"
142,579,11,10,7,"['lepeters', 'jvrooyen', 'snagle', 'stephsyn', 'cmedgar', 'bellal', 'seanwehmer']",3,"['mlnauman', 'alhusain', 'hashil3431']",3,"['hashil', None, 'shewlett']",13,"['hashil', 'shewlett', 'stephsyn', 'alhusain', 'cmedgar', None, 'seanwehmer', 'lepeters', 'mlnauman', 'hashil3431', 'jvrooyen', 'snagle', 'bellal']"
144,536,11,11,6,"['markburd', 'eastonm', 'craig.wentka', 'jacobbrown', 'drowilson', 'prattke04']",4,"['ksh97050310', 'adnivog', 'mo.dib', 'cocoyriv']",5,"['wolfmm', 'yankee6628', 'ramirera', 'pattertc', None]",15,"['yankee6628', 'jacobbrown', 'ramirera', 'drowilson', 'adnivog', None, 'prattke04', 'mo.dib', 'wolfmm', 'markburd', 'cocoyriv', 'eastonm', 'craig.wentka', 'ksh97050310', 'pattertc']"
145,164,10,24,1,['annikal'],8,"['mzamoraflor', 'derlycamilagaona', 'oleksandra.chyrko.bi.2020', 'mpabonhurt1', 'santibarbosa2022', 'olman.suarez', 'kimber', 'karenchaparro1998']",23,"['whormazadia', 'knightnb', 'suverian1', 'burenzaya', 'chechoa501111', 'batuukb802', 'claytons2', 'mlnauman', 'alsharieffa', 'leandriino06', 'dustinhl', 'salazarm2', 'harooonm2', 'm_flores4', 'vallejora2', 'patelda23', None, 'jdzhu49', 'caudillsj', 'dawkinsm2', 'caitlincramer12', 'rkhoie131', 'youngkd']",32,"['annikal', 'whormazadia', 'mzamoraflor', 'knightnb', 'oleksandra.chyrko.bi.2020', 'suverian1', 'mpabonhurt1', 'chechoa501111', 'burenzaya', 'batuukb802', 'derlycamilagaona', 'claytons2', 'mlnauman', 'alsharieffa', 'kimber', 'karenchaparro1998', 'leandriino06', 'dustinhl', 'salazarm2', 'harooonm2', 'santibarbosa2022', 'm_flores4', 'olman.suarez', 'vallejora2', 'patelda23', None, 'jdzhu49', 'caudillsj', 'dawkinsm2', 'caitlincramer12', 'rkhoie131', 'youngkd']"
145,162,10,16,7,"['mzamoraflor', 'derlycamilagaona', 'mpabonhurt1', 'santibarbosa2022', 'olman.suarez', 'kimber', 'karenchaparro1998']",2,"['annikal', 'oleksandra.chyrko.bi.2020']",9,"['countrycontreras', 'drianogarci', 'pfonsecamen', 'robert0731', 'sebastian.caor', 'davitcito11', 'milton891227', 'francisco.santamaria095', None]",18,"['drianogarci', 'annikal', 'mzamoraflor', 'oleksandra.chyrko.bi.2020', 'davitcito11', 'milton891227', 'mpabonhurt1', 'francisco.santamaria095', 'santibarbosa2022', 'olman.suarez', None, 'countrycontreras', 'robert0731', 'pfonsecamen', 'derlycamilagaona', 'sebastian.caor', 'kimber', 'karenchaparro1998']"
145,193,10,11,7,"['mzamoraflor', 'derlycamilagaona', 'mpabonhurt1', 'santibarbosa2022', 'olman.suarez', 'kimber', 'karenchaparro1998']",2,"['annikal', 'oleksandra.chyrko.bi.2020']",4,"['robert0731', 'drianogarci', 'pfonsecamen', None]",13,"['drianogarci', 'annikal', 'mzamoraflor', 'oleksandra.chyrko.bi.2020', 'mpabonhurt1', 'santibarbosa2022', 'olman.suarez', None, 'pfonsecamen', 'robert0731', 'derlycamilagaona', 'kimber', 'karenchaparro1998']"
145,161,10,8,1,['oleksandra.chyrko.bi.2020'],8,"['annikal', 'mzamoraflor', 'derlycamilagaona', 'mpabonhurt1', 'santibarbosa2022', 'olman.suarez', 'kimber', 'karenchaparro1998']",7,"['stanislav.vyshtaliuk.bi.2020', 'nataliakhanchuk2111', 'demian.smyk.bi.2020', 'olhamamai2020', 'nastia.pavlyshyn.bi.2020', 'iryna.melnyk.bi.2020', None]",16,"['annikal', 'stanislav.vyshtaliuk.bi.2020', 'mzamoraflor', 'nataliakhanchuk2111', 'derlycamilagaona', 'demian.smyk.bi.2020', 'olhamamai2020', 'oleksandra.chyrko.bi.2020', 'nastia.pavlyshyn.bi.2020', 'iryna.melnyk.bi.2020', 'mpabonhurt1', 'santibarbosa2022', 'olman.suarez', None, 'kimber', 'karenchaparro1998']"
146,390,10,8,2,"['sudheerjkulkarni', 'crce.8540.elec']",7,"['felin21', 'crce.8535.elec', 'aarunaku0604', 'allanjose0703', 'noeljames0710', '23ritikapatil', 'kaleaniruddha68']",6,"['swapnalimakdey25', 'crce.8573.elec', 'pankajgharge25', 'varunbabu2', None, 'albynvarghese']",15,"['swapnalimakdey25', 'crce.8540.elec', 'felin21', 'crce.8573.elec', 'crce.8535.elec', 'pankajgharge25', 'sudheerjkulkarni', 'aarunaku0604', 'allanjose0703', 'varunbabu2', 'noeljames0710', '23ritikapatil', None, 'kaleaniruddha68', 'albynvarghese']"
146,391,10,8,5,"['felin21', 'allanjose0703', 'noeljames0710', '23ritikapatil', 'kaleaniruddha68']",4,"['sudheerjkulkarni', 'crce.8540.elec', 'aarunaku0604', 'crce.8535.elec']",3,"['crce.8577.elec', None, 'kaushil']",12,"['crce.8540.elec', 'felin21', 'crce.8535.elec', 'sudheerjkulkarni', 'aarunaku0604', 'allanjose0703', None, 'noeljames0710', '23ritikapatil', 'crce.8577.elec', 'kaleaniruddha68', 'kaushil']"
147,361,10,13,9,"['ygao115', 'pmullen1', 'htan13', 'achigat1', 'oyoung1', 'jshultz72', 'rchen95', 'eharkne1', 'mrezaie1']",0,[],4,"['pfernan4', None, 'willgrant', 'zahra.rafiee']",13,"['ygao115', 'willgrant', 'pmullen1', 'pfernan4', None, 'mrezaie1', 'zahra.rafiee', 'jshultz72', 'htan13', 'achigat1', 'oyoung1', 'rchen95', 'eharkne1']"
147,537,10,13,9,"['ygao115', 'pmullen1', 'htan13', 'achigat1', 'oyoung1', 'jshultz72', 'rchen95', 'eharkne1', 'mrezaie1']",0,[],4,"['pfernan4', None, 'willgrant', 'zahra.rafiee']",13,"['ygao115', 'willgrant', 'pmullen1', 'pfernan4', None, 'mrezaie1', 'zahra.rafiee', 'jshultz72', 'htan13', 'achigat1', 'oyoung1', 'rchen95', 'eharkne1']"
147,530,10,8,6,"['jshultz72', 'htan13', 'achigat1', 'oyoung1', 'pmullen1', 'eharkne1']",3,"['ygao115', 'mrezaie1', 'rchen95']",2,"[None, 'willgrant']",11,"['ygao115', 'willgrant', 'pmullen1', 'htan13', 'achigat1', 'oyoung1', 'jshultz72', 'rchen95', 'eharkne1', None, 'mrezaie1']"
148,444,10,6,2,"['kzojer', 'rykath']",7,"['johsa91', 'tu16niedef', 'vasudeva_g12', 'gary.butler.1998', 'jasmanchai96', 'codeforbrains', 'sandra.fis13']",4,"['nanohubber', 'michi_t', 'mssflo', None]",13,"['kzojer', 'johsa91', 'mssflo', 'tu16niedef', 'rykath', 'nanohubber', 'vasudeva_g12', 'jasmanchai96', 'gary.butler.1998', 'codeforbrains', 'sandra.fis13', 'michi_t', None]"
151,556,10,14,6,"['hassan21', 'abrar57', 'kamrul739', 'fahim42', 'anika', 'mohtasim']",3,"['2019180029stdewubdedu', 'raihanuladib', 'redwan001']",8,"['srasul', 'sajalahammed54', 'saykathassansajib', 'seeamoonha', 'mahmudurrahman4687', 'ryyan', 'ashik022', None]",17,"['srasul', 'sajalahammed54', 'saykathassansajib', 'ryyan', 'ashik022', 'anika', 'mohtasim', None, 'hassan21', 'abrar57', 'seeamoonha', '2019180029stdewubdedu', 'fahim42', 'kamrul739', 'mahmudurrahman4687', 'raihanuladib', 'redwan001']"
151,565,10,12,6,"['hassan21', 'abrar57', 'kamrul739', 'fahim42', 'anika', 'mohtasim']",3,"['2019180029stdewubdedu', 'raihanuladib', 'redwan001']",6,"['asiforko11', 'naquibuddinsarkar', 'seeamoonha', 'shuvo', 'mahmudurrahman4687', None]",15,"['naquibuddinsarkar', 'anika', 'mohtasim', None, 'asiforko11', 'hassan21', 'abrar57', 'seeamoonha', '2019180029stdewubdedu', 'fahim42', 'kamrul739', 'shuvo', 'raihanuladib', 'mahmudurrahman4687', 'redwan001']"
151,564,10,11,8,"['hassan21', 'abrar57', 'kamrul739', 'fahim42', 'raihanuladib', 'anika', 'mohtasim', 'redwan001']",1,['2019180029stdewubdedu'],3,"['sra80016', 'ryyan', None]",12,"['sra80016', 'ryyan', 'anika', 'mohtasim', None, 'hassan21', 'abrar57', '2019180029stdewubdedu', 'fahim42', 'kamrul739', 'raihanuladib', 'redwan001']"
153,556,10,14,3,"['srasul', 'sajalahammed54', 'ashik022']",6,"['arun.aikanalil', 'wl01240124', 'sakibahmed15', 'hassan20', 'meggi', 'mghoneim']",11,"['hassan21', 'saykathassansajib', 'abrar57', 'seeamoonha', 'kamrul739', 'fahim42', 'ryyan', 'mahmudurrahman4687', 'anika', 'mohtasim', None]",20,"['srasul', 'wl01240124', 'sajalahammed54', 'saykathassansajib', 'ryyan', 'ashik022', 'anika', 'mghoneim', 'mohtasim', None, 'arun.aikanalil', 'hassan21', 'abrar57', 'sakibahmed15', 'seeamoonha', 'kamrul739', 'fahim42', 'mahmudurrahman4687', 'hassan20', 'meggi']"
154,331,10,22,8,"['ahmeed.aly2051', 'ahmed9891', 'mohmedhosam1986', 'mohammedkaramali1', 'shadyengineer12345', 'areda', 'mariamhnmahmed', 'salahadel762']",1,['saisambasivasss999'],14,"['mohd.ft7y.taha', 'noura.hesham181', 'remongerges74', 'ahmedpro200', 'ahmed_nasef', 'sa3dmohamedsa3dmohamed12', 'mariz99', 'radwamohamed2052000', 'georgesemi', 'osamamohamed666', 'amgaddalia90', 'bodysoly26', 'seifallh', None]",23,"['mohd.ft7y.taha', 'noura.hesham181', 'remongerges74', 'sa3dmohamedsa3dmohamed12', 'mohammedkaramali1', 'saisambasivasss999', 'seifallh', None, 'ahmeed.aly2051', 'ahmed9891', 'ahmedpro200', 'mohmedhosam1986', 'ahmed_nasef', 'shadyengineer12345', 'areda', 'mariz99', 'mariamhnmahmed', 'radwamohamed2052000', 'georgesemi', 'osamamohamed666', 'amgaddalia90', 'bodysoly26', 'salahadel762']"
155,280,10,70,1,['solimana'],8,"['cisinsnu', 'noah667', 'cannarozzi.michele98', 'yuhosua', 'bobium', 'zhaozichen', 'amberbroek2001', 'elielfrances.toledo.pharma']",69,"['lee3441', 'eaaltone', 'snowling', 'jwat', 'kim2836', 'nlueck', 'mahdinanohub', 'zhan2846', 'wu1254', 'piaow', 'nykiel.4', 'pmangana', 'chen2122', 'mart1282', 'vrangapr', 'sawantk', 'psalek', 'jbarsima', 'cchabria', 'mcclurez', 'frankzhou', 'hnowak', 'almarzoa', 'dfarache', 'reyno169', 'nganti', 'ltopliff', 'marisol', 'milama', 'lund3', 'pandes', 'joshi146', 'jmacatan', 'aloysius', 'spivakm', 'jverduzc', 'mademoiselle0812', 'alafzi', 'mrgiglio', 'sharm524', 'paul115', 'tschoste', 'tmahlma', 'sulli256', 'pbaugh', 'alecsabia', 'kumar534', 'ethan2', 'hgrennan', 'lucywagner', 'rapplet', 'hill392', 'reppertm', 'zhan4096', 'apunnamo', 'mishra94', 'kmccorry', 'ahads', 'ercikan', None, 'kumar477', 'gnishibu', 'hguangshuai', 'ramey10', 'darint916', 'singh606', 'wishard', 'ryan103', 'bbutzow']",78,"['lee3441', 'eaaltone', 'snowling', 'solimana', 'noah667', 'jwat', 'kim2836', 'yuhosua', 'nlueck', 'mahdinanohub', 'zhan2846', 'wu1254', 'piaow', 'nykiel.4', 'zhaozichen', 'pmangana', 'chen2122', 'mart1282', 'vrangapr', 'sawantk', 'psalek', 'jbarsima', 'cchabria', 'mcclurez', 'frankzhou', 'hnowak', 'almarzoa', 'amberbroek2001', 'dfarache', 'reyno169', 'nganti', 'ltopliff', 'marisol', 'milama', 'lund3', 'pandes', 'joshi146', 'jmacatan', 'aloysius', 'spivakm', 'jverduzc', 'mademoiselle0812', 'alafzi', 'mrgiglio', 'cannarozzi.michele98', 'sharm524', 'paul115', 'tschoste', 'tmahlma', 'sulli256', 'pbaugh', 'bobium', 'alecsabia', 'kumar534', 'ethan2', 'hgrennan', 'lucywagner', 'elielfrances.toledo.pharma', 'rapplet', 'hill392', 'reppertm', 'zhan4096', 'apunnamo', 'mishra94', 'kmccorry', 'ahads', 'ercikan', None, 'kumar477', 'cisinsnu', 'gnishibu', 'hguangshuai', 'ramey10', 'darint916', 'singh606', 'wishard', 'ryan103', 'bbutzow']"
157,520,9,36,7,"['shiranwaelali', 'zikamahmoud2002', 'andrewosama82', 'mokhtarfadl2', 'omarbakr234', 'hussienbetity73', 'youssefroushdy29']",1,['ammar_shouhan01'],29,"['rlaehrud5292', 'cschelz', 'dise8988', 'ypd679', 'abdelrahmanmedhat', 'nkd929', 'jns225', 'gmarti78', 'gfb', 'kareemnabil779', 'trevorpeyton', 'liux16aalto', 'tannerjackson_2024', 'marco.duca.1', 'nouranhamdy022', 'garumull', 'jina', 'feth.ceylan', 'dmayorga', 'samuelberehe', 'hvs278', 'anagoldpez', None, 'daniel.loveless', 'b815184', 'kolliaspatrick', 'amoxes', 'emmettsills3', 'quimii1']",37,"['rlaehrud5292', 'cschelz', 'dise8988', 'ypd679', 'abdelrahmanmedhat', 'nkd929', 'youssefroushdy29', 'shiranwaelali', 'jns225', 'gmarti78', 'gfb', 'kareemnabil779', 'trevorpeyton', 'liux16aalto', 'tannerjackson_2024', 'marco.duca.1', 'nouranhamdy022', 'ammar_shouhan01', 'garumull', 'zikamahmoud2002', 'jina', 'feth.ceylan', 'andrewosama82', 'dmayorga', 'samuelberehe', 'hvs278', 'anagoldpez', None, 'daniel.loveless', 'b815184', 'kolliaspatrick', 'amoxes', 'mokhtarfadl2', 'emmettsills3', 'omarbakr234', 'hussienbetity73', 'quimii1']"
157,64,9,26,8,"['shiranwaelali', 'zikamahmoud2002', 'andrewosama82', 'mokhtarfadl2', 'youssefroushdy29', 'omarbakr234', 'hussienbetity73', 'ammar_shouhan01']",0,[],18,"['kareemkarkar42', 'osama19', 'ezzelden123456789', 'ahmedtamer200286', 'nabil.emara2', 'mariammaher2497', 'khaledfayed7', 'mohammed321', 'kareemnabil779', 'mohanad21', 'abdelrahmanmedhat', None, 'salmaamsayedd', 'nouranhamdy022', 'mohamedalameldinn', 'importantman57', 'omar10canada', 'rwanhesham']",26,"['kareemkarkar42', 'abdelrahmanmedhat', 'mohamedalameldinn', 'rwanhesham', 'youssefroushdy29', 'shiranwaelali', 'ahmedtamer200286', 'khaledfayed7', 'kareemnabil779', 'salmaamsayedd', 'nouranhamdy022', 'importantman57', 'omar10canada', 'ammar_shouhan01', 'osama19', 'zikamahmoud2002', 'andrewosama82', 'mohammed321', 'mohanad21', None, 'ezzelden123456789', 'mariammaher2497', 'mokhtarfadl2', 'omarbakr234', 'nabil.emara2', 'hussienbetity73']"
157,488,9,17,8,"['shiranwaelali', 'zikamahmoud2002', 'andrewosama82', 'mokhtarfadl2', 'youssefroushdy29', 'omarbakr234', 'hussienbetity73', 'ammar_shouhan01']",0,[],9,"['mariammaher2497', 'mohammed321', 'mohamedalameldinn', 'kareemnabil779', 'abdelrahmanmedhat', 'salmaamsayedd', 'nouranhamdy022', None, 'rwanhesham']",17,"['zikamahmoud2002', 'andrewosama82', 'mohammed321', 'abdelrahmanmedhat', 'mohamedalameldinn', None, 'rwanhesham', 'youssefroushdy29', 'shiranwaelali', 'mariammaher2497', 'mokhtarfadl2', 'kareemnabil779', 'omarbakr234', 'salmaamsayedd', 'nouranhamdy022', 'hussienbetity73', 'ammar_shouhan01']"
157,521,9,6,3,"['ammar_shouhan01', 'omarbakr234', 'andrewosama82']",5,"['shiranwaelali', 'zikamahmoud2002', 'mokhtarfadl2', 'hussienbetity73', 'youssefroushdy29']",3,"['ezzelden123456789', None, 'omar10canada']",11,"['ezzelden123456789', 'shiranwaelali', 'zikamahmoud2002', 'andrewosama82', 'ammar_shouhan01', 'mokhtarfadl2', None, 'omarbakr234', 'hussienbetity73', 'omar10canada', 'youssefroushdy29']"
158,242,9,37,7,"['ywang2283', 'mjanquart', 'rjswanson', 'depoy', 'xliu759', 'zvolpe', 'ksprecker']",1,['skashi18'],30,"['mwessel', 'tdaffner', 'parey', 'asumlin', 'brlarson4', 'bobbyliu233', 'imccrayjones', 'roemig', 'cgiese4', 'kjepson', 'aapplebee', 'cllukas', 'boulier', 'koets', 'wtbowman', 'epdavis4', 'ndcurtis', 'aaflores2', 'nliu77', 'lvucicevic35', 'mrjohnson26', None, 'masengale', 'cli653', 'bcjohnson7', 'cejohnson35', 'nsteppke', 'gtong4', 'itmiller', 'rcatton']",38,"['mwessel', 'tdaffner', 'parey', 'asumlin', 'brlarson4', 'depoy', 'skashi18', 'zvolpe', 'bobbyliu233', 'imccrayjones', 'roemig', 'cgiese4', 'kjepson', 'aapplebee', 'cllukas', 'boulier', 'koets', 'xliu759', 'ksprecker', 'wtbowman', 'epdavis4', 'ndcurtis', 'ywang2283', 'mjanquart', 'aaflores2', 'nliu77', 'lvucicevic35', 'mrjohnson26', None, 'masengale', 'cli653', 'bcjohnson7', 'cejohnson35', 'rjswanson', 'nsteppke', 'gtong4', 'itmiller', 'rcatton']"
158,281,9,35,7,"['ywang2283', 'mjanquart', 'rjswanson', 'depoy', 'xliu759', 'zvolpe', 'ksprecker']",1,['skashi18'],28,"['mwessel', 'tdaffner', 'parey', 'asumlin', 'bafflerbach', 'bobbyliu233', 'imccrayjones', 'roemig', 'cgiese4', 'aapplebee', 'cllukas', 'boulier', 'koets', 'epdavis4', 'ndcurtis', 'aaflores2', 'nliu77', 'lvucicevic35', 'mrjohnson26', None, 'masengale', 'cli653', 'bcjohnson7', 'cejohnson35', 'nsteppke', 'gtong4', 'itmiller', 'rcatton']",36,"['mwessel', 'tdaffner', 'parey', 'asumlin', 'depoy', 'skashi18', 'bafflerbach', 'zvolpe', 'bobbyliu233', 'imccrayjones', 'roemig', 'cgiese4', 'aapplebee', 'cllukas', 'boulier', 'koets', 'xliu759', 'ksprecker', 'epdavis4', 'ndcurtis', 'ywang2283', 'mjanquart', 'aaflores2', 'nliu77', 'lvucicevic35', 'mrjohnson26', None, 'masengale', 'cli653', 'bcjohnson7', 'cejohnson35', 'rjswanson', 'nsteppke', 'gtong4', 'itmiller', 'rcatton']"
158,243,9,18,1,['skashi18'],7,"['ywang2283', 'mjanquart', 'rjswanson', 'depoy', 'xliu759', 'zvolpe', 'ksprecker']",17,"['kpintoy1', 'sumar1', 'dli58', 'hjunghyun', 'aessani', 'emin1997', 'moralist', 'shassell', 'afligelman', 'pstaszel', 'hhuo2', 'sbalki', 'acui1', 'sradhakrishnan1', None, 'jramirez3', 'mburrill']",25,"['kpintoy1', 'sumar1', 'dli58', 'ywang2283', 'mjanquart', 'aessani', 'moralist', 'depoy', 'pstaszel', 'skashi18', 'sbalki', 'acui1', 'zvolpe', None, 'hjunghyun', 'emin1997', 'afligelman', 'shassell', 'rjswanson', 'hhuo2', 'xliu759', 'sradhakrishnan1', 'ksprecker', 'jramirez3', 'mburrill']"
158,248,9,16,1,['skashi18'],7,"['ywang2283', 'mjanquart', 'rjswanson', 'depoy', 'xliu759', 'zvolpe', 'ksprecker']",15,"['kpintoy1', 'sumar1', 'dli58', 'hjunghyun', 'aessani', 'emin1997', 'afligelman', 'shassell', 'hhuo2', 'sbalki', 'acui1', 'sradhakrishnan1', None, 'jramirez3', 'mburrill']",23,"['kpintoy1', 'sumar1', 'dli58', 'ywang2283', 'mjanquart', 'aessani', 'depoy', 'skashi18', 'sbalki', 'acui1', 'zvolpe', None, 'hjunghyun', 'emin1997', 'afligelman', 'shassell', 'rjswanson', 'hhuo2', 'xliu759', 'sradhakrishnan1', 'ksprecker', 'jramirez3', 'mburrill']"
160,462,9,7,3,"['nmohan14', 'junk029374', 'driver31']",5,"['oliverq', 'phy.chenw', 'jiayuyao', 'deep29jariwala', 'toomywwz']",4,"['mdbaab', 'bphobbs1', None, 'mmanahil']",12,"['nmohan14', 'junk029374', 'oliverq', 'phy.chenw', 'bphobbs1', 'jiayuyao', 'deep29jariwala', 'mdbaab', 'driver31', None, 'toomywwz', 'mmanahil']"
162,612,9,23,1,['slater16'],7,"['fahmianwar3', 'sspeller', 'jialinshi', 'zhaishenghang', 'ludwing_94', 'wyhappycalm', 'ingob']",22,"['booth26', 'ho171', 'madden26', 'dbouche', 'lester13', 'swimtowin2000', 'amidkiff', 'pike16', 'ackerm12', 'patel919', 'meeks18', 'nromick', 'chand', 'cshr', 'jlamia', 'lee2986', 'uchung', None, 'ldepasq', 'larsen16', 'ezolcak', 'czigan']",30,"['fahmianwar3', 'booth26', 'nromick', 'chand', 'ho171', 'slater16', 'cshr', 'sspeller', 'jialinshi', 'madden26', 'ludwing_94', 'dbouche', 'jlamia', 'wyhappycalm', 'ingob', 'lee2986', None, 'uchung', 'ldepasq', 'larsen16', 'ezolcak', 'lester13', 'swimtowin2000', 'czigan', 'amidkiff', 'zhaishenghang', 'pike16', 'ackerm12', 'patel919', 'meeks18']"
163,270,9,20,6,"['jsu49', 'jkang96', 'kmplaczkowsk', 'zhuang453', 'zzhou443', 'byri']",2,"['fbwmalang123', 'carlagren']",14,"['ydai69', 'cli643', 'yingjiedai', 'abhupatiraju', 'wzhang556', 'akarnik', 'adey6', 'ddjacobson', 'sle7', 'bafflerbach', 'yliu897', None, 'bli392', 'li986']",22,"['cli643', 'yingjiedai', 'abhupatiraju', 'wzhang556', 'kmplaczkowsk', 'carlagren', 'zhuang453', 'fbwmalang123', 'ddjacobson', 'zzhou443', 'sle7', 'bafflerbach', 'yliu897', 'bli392', None, 'jkang96', 'li986', 'ydai69', 'jsu49', 'akarnik', 'adey6', 'byri']"
163,271,9,12,4,"['zhuang453', 'jsu49', 'zzhou443', 'jkang96']",4,"['fbwmalang123', 'byri', 'kmplaczkowsk', 'carlagren']",8,"['shreymodi', 'abhupatiraju', 'akarnik', 'adi2814', 'adey6', None, 'bli392', 'li986']",16,"['shreymodi', 'abhupatiraju', 'kmplaczkowsk', 'carlagren', 'adi2814', 'zhuang453', 'fbwmalang123', 'zzhou443', 'bli392', None, 'jkang96', 'li986', 'jsu49', 'akarnik', 'adey6', 'byri']"
164,618,9,198,7,"['kmlennox', 'azareei', 'mtbailey', 'kong94', 'oelsher', 'amckibbe', 'ding284']",1,['amarkert'],191,"['aanil', 'valenci1', 'tamnuaik', 'zh1806855308', 'ahaniyur', 'colli291', 'jdieffenbach1212', 'nmohamm', 'oshindel', 'john43', 'alanchi2003', 'emizhiri', 'zferencz', 'wang4340', 'hamil145', 'schul137', 'tndesai', 'hunt143', 'baconka', 'colem102', 'shjaffer', 'mai20', 'dillon45', 'parkry', 'dgulewic', 'lee3757', 'porte177', 'jhstegma', 'boesk', 'ieckroth', 'horton44', 'wdeskins', 'andrewhartman', 'capuano', 'thoma682', 'ksyang', 'qlovejoy', 'xin16', 'eabraham', 'rtischl', 'edeyoun', 'davi1587', 'mehta152', 'obrie186', 'bkhaller', 'lotzj', 'yoon164', 'sschluth', 'cferguss', 'rrauer', 'rarnholt', 'wagne291', 'fan262', 'abdelane', 'ksnewcom', 'rseif', 'jstoehr', 'givenc', 'lannon', 'nguye669', 'spivakm', 'kansara', 'jsohi', 'cox304', 'gnoel', 'thomp700', 'ctroth', 'brow1628', 'ntiwana', 'zikriaanwarzai', 'iaimiuwu', 'flatorre', 'lee1012', 'berger49', 'rkoeiman', 'smit3776', 'tobuchow', 'rockeke', 'jlieberm', 'wang4425', 'sriniv96', 'sands7', 'shettin', 'evigo', 'tdeucher', 'cwichman', 'herna438', 'kganbold', 'morton67', 'simonz', 'lee3753', 'aileenryan', 'mrschiav', 'asbehere', 'biglera', 'eschmelz', 'maladab', 'ahowse18', 'srosoff', 'dempseyl', 'alvaro9972', 'zapata1', 'green381', 'bobsitni', 'ebarranc', 'bholtma', 'mgumin', 'jdobstaf', 'charin', 'wu1800', 'arora112', 'ddirckse', 'rubenmendia', 'dfrohbe', 'dtaveeva', 'meyer355', 'gould27', 'iwolson', 'pmaynard', 'garimels', 'gzander75', 'smitkpd', 'phill292', 'raghurar', 'kdalkin', 'zderyke', 'pdogra', 'power105', 'huan1626', 'zhan3474', 'chen3167', 'cmehan', 'good27', 'gradyr', 'beemanj', 'hall657', 'aprasan', 'ahliu', 'gonza508', 'mdavide', 'jameskrieg451', 'horgan', 'apalermocollege', 'beelern', 'eberly0', 'rsenapa', 'atakoch', 'green338', 'iybarra', 'bolinge0', 'moraz', 'zhan4094', 'zenou_tchamwa', 'wild3', 'mkuether', 'houckc', 'rseshadr24', 'jhaehl', 'lseidler', 'cox315', 'lewis502', 'brasmuse', 'barron22', 'jpetril', 'wdrakas', 'msdhillo', 'gregor54', 'ndegraaf', 'gonza570', 'bmsutter', 'capece', 'fung12', 'lchittur', 'trem431', 'john2797', 'kevancho', 'wang4623', 'nmarcelo', None, 'nmccarro', 'mathew71', 'suh47', 'crgomezt', 'feng238', 'saxena48', 'thomas847', 'hajwani', 'cchabria', 'park843', 'ande1083', 'desai144']",199,"['aanil', 'valenci1', 'tamnuaik', 'zh1806855308', 'ahaniyur', 'colli291', 'jdieffenbach1212', 'nmohamm', 'oshindel', 'john43', 'alanchi2003', 'emizhiri', 'zferencz', 'wang4340', 'hamil145', 'schul137', 'tndesai', 'hunt143', 'baconka', 'colem102', 'shjaffer', 'mai20', 'dillon45', 'parkry', 'dgulewic', 'lee3757', 'porte177', 'jhstegma', 'amckibbe', 'boesk', 'ieckroth', 'horton44', 'wdeskins', 'andrewhartman', 'capuano', 'ksyang', 'qlovejoy', 'xin16', 'eabraham', 'rtischl', 'edeyoun', 'davi1587', 'mehta152', 'obrie186', 'bkhaller', 'lotzj', 'kmlennox', 'yoon164', 'sschluth', 'cferguss', 'rrauer', 'rarnholt', 'wagne291', 'fan262', 'abdelane', 'ksnewcom', 'rseif', 'desai144', 'jstoehr', 'givenc', 'lannon', 'nguye669', 'spivakm', 'jsohi', 'cox304', 'gnoel', 'thomp700', 'ctroth', 'brow1628', 'ntiwana', 'zikriaanwarzai', 'iaimiuwu', 'flatorre', 'lee1012', 'berger49', 'rkoeiman', 'smit3776', 'tobuchow', 'rockeke', 'jlieberm', 'wang4425', 'sriniv96', 'sands7', 'shettin', 'evigo', 'tdeucher', 'cwichman', 'herna438', 'kganbold', 'morton67', 'simonz', 'lee3753', 'aileenryan', 'mrschiav', 'asbehere', 'biglera', 'eschmelz', 'maladab', 'ahowse18', 'srosoff', 'dempseyl', 'alvaro9972', 'zapata1', 'green381', 'bobsitni', 'ebarranc', 'bholtma', 'mgumin', 'jdobstaf', 'charin', 'wu1800', 'arora112', 'ddirckse', 'rubenmendia', 'dfrohbe', 'dtaveeva', 'meyer355', 'gould27', 'iwolson', 'pmaynard', 'amarkert', 'garimels', 'gzander75', 'azareei', 'smitkpd', 'phill292', 'raghurar', 'kdalkin', 'zderyke', 'pdogra', 'power105', 'huan1626', 'zhan3474', 'chen3167', 'cmehan', 'good27', 'gradyr', 'beemanj', 'hall657', 'aprasan', 'oelsher', 'ahliu', 'ding284', 'gonza508', 'mdavide', 'jameskrieg451', 'horgan', 'apalermocollege', 'beelern', 'eberly0', 'rsenapa', 'atakoch', 'green338', 'mtbailey', 'iybarra', 'bolinge0', 'moraz', 'zhan4094', 'zenou_tchamwa', 'wild3', 'mkuether', 'houckc', 'rseshadr24', 'jhaehl', 'lseidler', 'cox315', 'lewis502', 'brasmuse', 'barron22', 'jpetril', 'wdrakas', 'msdhillo', 'gregor54', 'ndegraaf', 'gonza570', 'bmsutter', 'capece', 'fung12', 'lchittur', 'trem431', 'john2797', 'kevancho', 'wang4623', 'nmarcelo', None, 'nmccarro', 'mathew71', 'suh47', 'crgomezt', 'park843', 'feng238', 'saxena48', 'thomas847', 'hajwani', 'kong94', 'cchabria', 'kansara', 'ande1083', 'thoma682']"
164,400,9,196,4,"['kong94', 'kmlennox', 'amarkert', 'azareei']",4,"['oelsher', 'mtbailey', 'ding284', 'amckibbe']",192,"['aanil', 'valenci1', 'zh1806855308', 'ahaniyur', 'colli291', 'jdieffenbach1212', 'nmohamm', 'oshindel', 'john43', 'alanchi2003', 'emizhiri', 'zferencz', 'wang4340', 'hamil145', 'tndesai', 'hunt143', 'shjaffer', 'mai20', 'dillon45', 'parkry', 'dgulewic', 'lee3757', 'porte177', 'jhstegma', 'kent32', 'boesk', 'jbashor', 'ieckroth', 'horton44', 'thoma682', 'andrewhartman', 'capuano', 'ksyang', 'kim2896', 'qlovejoy', 'xin16', 'rtischl', 'edeyoun', 'davi1587', 'obrie186', 'bkhaller', 'lotzj', 'ewhitwor', 'yoon164', 'sschluth', 'cferguss', 'rrauer', 'agarw162', 'rarnholt', 'wagne291', 'fan262', 'abdelane', 'ksnewcom', 'rseif', 'givenc', 'lannon', 'nguye669', 'spivakm', 'tong89', 'kansara', 'jsohi', 'mark27', 'gnoel', 'thomp700', 'jromalley44', 'brow1628', 'ntiwana', 'iaimiuwu', 'flatorre', 'zuo21', 'berger49', 'cartersjones7', 'rkoeiman', 'smit3776', 'tobuchow', 'rockeke', 'jlieberm', 'npearlst', 'wang4425', 'sriniv96', 'cstepher', 'sands7', 'shettin', 'evigo', 'cwichman', 'nborina', 'darrenmlie', 'agraw115', 'kganbold', 'morton67', 'simonz', 'hwolff', 'lee3753', 'aileenryan', 'mrschiav', 'asbehere', 'biglera', 'maladab', 'ahowse18', 'srosoff', 'zapata1', 'green381', 'bobsitni', 'ebarranc', 'bholtma', 'mgumin', 'jdobstaf', 'charin', 'greent513', 'wu1800', 'arora112', 'ddirckse', 'rubenmendia', 'dfrohbe', 'dtaveeva', 'meyer355', 'kim2836', 'cagleg', 'gould27', 'iwolson', 'pmaynard', 'yang1300', 'garimels', 'sharm558', 'gzander75', 'smitkpd', 'phill292', 'raghurar', 'kdalkin', 'zderyke', 'pdogra', 'power105', 'gradyr', 'dunca108', 'rfranco', 'tbagnoli', 'beemanj', 'meyer367', 'aprasan', 'hall657', 'ahliu', 'gonza508', 'mdavide', 'jameskrieg451', 'horgan', 'apalermocollege', 'beelern', 'eberly0', 'rsenapa', 'atakoch', 'iybarra', 'bolinge0', 'moraz', 'wild3', 'mkuether', 'houckc', 'rseshadr24', 'jhaehl', 'lseidler', 'lewis502', 'barron22', 'jpetril', 'ryantischler', 'wdrakas', 'msdhillo', 'gregor54', 'ndegraaf', 'jarf99', 'bmsutter', 'capece', 'fung12', 'lchittur', 'jone2081', 'trem431', 'john2797', 'kevancho', 'wang4623', 'coolrock', 'nmarcelo', None, 'nmccarro', 'mathew71', 'suh47', 'crgomezt', 'saxena48', 'thomas847', 'zmacnab1218', 'hajwani', 'cchabria', 'park843', 'ande1083', 'desai144']",200,"['aanil', 'valenci1', 'zh1806855308', 'ahaniyur', 'colli291', 'jdieffenbach1212', 'nmohamm', 'oshindel', 'john43', 'alanchi2003', 'emizhiri', 'zferencz', 'wang4340', 'hamil145', 'tndesai', 'hunt143', 'shjaffer', 'mai20', 'dillon45', 'parkry', 'dgulewic', 'lee3757', 'porte177', 'jhstegma', 'kent32', 'amckibbe', 'boesk', 'jbashor', 'ieckroth', 'horton44', 'andrewhartman', 'capuano', 'ksyang', 'kim2896', 'qlovejoy', 'xin16', 'rtischl', 'edeyoun', 'davi1587', 'obrie186', 'bkhaller', 'lotzj', 'ewhitwor', 'kmlennox', 'yoon164', 'sschluth', 'cferguss', 'rrauer', 'agarw162', 'rarnholt', 'wagne291', 'fan262', 'abdelane', 'ksnewcom', 'rseif', 'desai144', 'givenc', 'lannon', 'nguye669', 'spivakm', 'tong89', 'jsohi', 'mark27', 'gnoel', 'thomp700', 'jromalley44', 'brow1628', 'ntiwana', 'iaimiuwu', 'flatorre', 'zuo21', 'berger49', 'cartersjones7', 'rkoeiman', 'smit3776', 'tobuchow', 'rockeke', 'jlieberm', 'npearlst', 'wang4425', 'sriniv96', 'cstepher', 'sands7', 'shettin', 'evigo', 'cwichman', 'nborina', 'darrenmlie', 'agraw115', 'kganbold', 'morton67', 'simonz', 'hwolff', 'lee3753', 'aileenryan', 'mrschiav', 'asbehere', 'biglera', 'maladab', 'ahowse18', 'srosoff', 'zapata1', 'green381', 'bobsitni', 'ebarranc', 'bholtma', 'mgumin', 'jdobstaf', 'charin', 'greent513', 'wu1800', 'arora112', 'ddirckse', 'rubenmendia', 'dfrohbe', 'dtaveeva', 'meyer355', 'kim2836', 'cagleg', 'gould27', 'iwolson', 'pmaynard', 'yang1300', 'amarkert', 'garimels', 'sharm558', 'gzander75', 'azareei', 'smitkpd', 'phill292', 'raghurar', 'kdalkin', 'zderyke', 'pdogra', 'power105', 'gradyr', 'dunca108', 'rfranco', 'tbagnoli', 'beemanj', 'meyer367', 'aprasan', 'hall657', 'oelsher', 'ahliu', 'ding284', 'gonza508', 'mdavide', 'jameskrieg451', 'horgan', 'apalermocollege', 'beelern', 'eberly0', 'rsenapa', 'atakoch', 'mtbailey', 'iybarra', 'bolinge0', 'moraz', 'wild3', 'mkuether', 'houckc', 'rseshadr24', 'jhaehl', 'lseidler', 'lewis502', 'barron22', 'jpetril', 'ryantischler', 'wdrakas', 'msdhillo', 'gregor54', 'ndegraaf', 'jarf99', 'bmsutter', 'capece', 'fung12', 'lchittur', 'jone2081', 'trem431', 'john2797', 'kevancho', 'wang4623', 'coolrock', 'nmarcelo', None, 'nmccarro', 'mathew71', 'suh47', 'crgomezt', 'park843', 'saxena48', 'thomas847', 'zmacnab1218', 'kong94', 'hajwani', 'cchabria', 'kansara', 'ande1083', 'thoma682']"
164,399,9,36,8,"['kmlennox', 'azareei', 'mtbailey', 'kong94', 'oelsher', 'amckibbe', 'ding284', 'amarkert']",0,[],28,"['tchen135', 'charin', 'arora112', 'rubenmendia', 'ctroth', 'brow1628', 'zikriaanwarzai', 'baconka', 'brasmuse', 'parkry', 'npearlst', 'huan1626', 'jhstegma', 'boesk', 'cmehan', 'herna438', 'greenerj', 'tdeucher', 'nborina', 'dunca108', 'rfranco', 'shen544', 'goyal55', None, 'mrschiav', 'jameskrieg451', 'eberly0', 'kansara']",36,"['tchen135', 'charin', 'arora112', 'rubenmendia', 'ctroth', 'brow1628', 'zikriaanwarzai', 'amarkert', 'baconka', 'azareei', 'brasmuse', 'parkry', 'npearlst', 'huan1626', 'jhstegma', 'amckibbe', 'boesk', 'cmehan', 'herna438', 'greenerj', 'tdeucher', 'nborina', 'dunca108', 'rfranco', 'oelsher', 'shen544', 'goyal55', 'ding284', None, 'mrschiav', 'jameskrieg451', 'kmlennox', 'eberly0', 'mtbailey', 'kong94', 'kansara']"
164,621,9,29,4,"['kong94', 'kmlennox', 'amarkert', 'azareei']",4,"['oelsher', 'mtbailey', 'ding284', 'amckibbe']",25,"['john43', 'alanchi2003', 'jwharry', 'wang4340', 'amelia.markert979', 'smitkpd', 'phill292', 'npearlst', 'boesk', 'tdeucher', 'darrenmlie', 'rfranco', 'xin16', 'ahliu', 'nmarcelo', None, 'gonza508', 'suh47', 'crgomezt', 'yoon164', 'asbehere', 'beelern', 'hajwani', 'givenc', 'park843']",33,"['john43', 'alanchi2003', 'jwharry', 'amarkert', 'wang4340', 'amelia.markert979', 'azareei', 'smitkpd', 'phill292', 'npearlst', 'amckibbe', 'boesk', 'tdeucher', 'darrenmlie', 'rfranco', 'xin16', 'oelsher', 'ahliu', 'nmarcelo', 'ding284', None, 'gonza508', 'kmlennox', 'crgomezt', 'yoon164', 'asbehere', 'suh47', 'beelern', 'mtbailey', 'hajwani', 'kong94', 'givenc', 'park843']"
164,525,9,15,7,"['kmlennox', 'azareei', 'kong94', 'oelsher', 'amckibbe', 'ding284', 'amarkert']",1,['mtbailey'],8,"['nborina', 'dunca108', 'yao201', 'npearlst', 'ctroth', 'li3479', 'kansara', None]",16,"['nborina', 'dunca108', 'ctroth', 'oelsher', 'ding284', 'amarkert', 'yao201', None, 'azareei', 'kmlennox', 'npearlst', 'mtbailey', 'kong94', 'amckibbe', 'li3479', 'kansara']"
164,402,9,9,1,['amckibbe'],7,"['kmlennox', 'azareei', 'mtbailey', 'kong94', 'oelsher', 'ding284', 'amarkert']",8,"['micahstevenst', 'wakemanj', 'harry787', 'capuano', 'goldbe13', 'akokal', 'zhan3474', None]",16,"['micahstevenst', 'wakemanj', 'azareei', 'kmlennox', 'harry787', 'capuano', 'goldbe13', 'mtbailey', 'akokal', 'kong94', None, 'zhan3474', 'oelsher', 'amckibbe', 'ding284', 'amarkert']"
164,526,9,9,3,"['ding284', 'amarkert', 'kong94']",5,"['kmlennox', 'azareei', 'mtbailey', 'oelsher', 'amckibbe']",6,"['chunyuli', 'nborina', 'jone2081', 'rubenmendia', 'npearlst', None]",14,"['azareei', 'kmlennox', 'chunyuli', 'nborina', 'jone2081', 'rubenmendia', 'npearlst', 'mtbailey', 'kong94', None, 'oelsher', 'amckibbe', 'ding284', 'amarkert']"
165,436,9,8,4,"['raremetal5347', 'junjun1231', 'ryou24', 'tsr34025']",4,"['cenliu', 'jamal9235', 'jmang88', 'andrej.smrecnik']",4,"['t222949m', None, 'kkunihiro', 'nsgn2357']",12,"['cenliu', 'kkunihiro', 'nsgn2357', 'jamal9235', 'junjun1231', 'raremetal5347', 'andrej.smrecnik', 't222949m', None, 'ryou24', 'jmang88', 'tsr34025']"
168,81,9,7,1,['sshivani'],7,"['ujwal1711', 'vitalianobolognino', 'kaushikkunal1998', 'sangeetamangesh', 'sachinsachdeva49', 'modakaparajita18', 'kaiyu0916']",6,"['bandanapal505', 'drai_me21', 'saumyamishra9999', 'divyasharma', 'tsingh_mtech21', None]",14,"['bandanapal505', 'drai_me21', 'ujwal1711', 'vitalianobolognino', 'kaushikkunal1998', 'sangeetamangesh', 'sachinsachdeva49', 'saumyamishra9999', 'modakaparajita18', 'sshivani', 'divyasharma', None, 'tsingh_mtech21', 'kaiyu0916']"
169,164,9,24,8,"['knightnb', 'salazarm2', 'dawkinsm2', 'harooonm2', 'youngkd', 'alsharieffa', 'vallejora2', 'jdzhu49']",0,[],16,"['caudillsj', 'annikal', 'leandriino06', 'whormazadia', 'dustinhl', 'batuukb802', 'claytons2', 'suverian1', 'caitlincramer12', 'mlnauman', 'rkhoie131', 'chechoa501111', 'm_flores4', 'patelda23', None, 'burenzaya']",24,"['annikal', 'whormazadia', 'knightnb', 'suverian1', 'chechoa501111', 'burenzaya', 'batuukb802', 'claytons2', 'mlnauman', 'alsharieffa', 'leandriino06', 'dustinhl', 'salazarm2', 'harooonm2', 'm_flores4', 'vallejora2', 'patelda23', None, 'jdzhu49', 'caudillsj', 'dawkinsm2', 'caitlincramer12', 'rkhoie131', 'youngkd']"
169,15,9,20,6,"['knightnb', 'salazarm2', 'dawkinsm2', 'youngkd', 'alsharieffa', 'vallejora2']",2,"['harooonm2', 'jdzhu49']",14,"['salterm', 'caudillsj', 'dustinhl', 'ashtonrathje', 'claytons2', 'radiahz', 'suchemj', 'bordenkirdm', 'afilalhe', 'shameema', 'buienm', 'patelda23', None, 'yeattsba']",22,"['salterm', 'dustinhl', 'knightnb', 'ashtonrathje', 'salazarm2', 'harooonm2', 'suchemj', 'bordenkirdm', 'afilalhe', 'vallejora2', 'buienm', 'patelda23', None, 'yeattsba', 'jdzhu49', 'caudillsj', 'dawkinsm2', 'claytons2', 'radiahz', 'youngkd', 'shameema', 'alsharieffa']"
169,192,9,18,6,"['knightnb', 'salazarm2', 'dawkinsm2', 'youngkd', 'alsharieffa', 'vallejora2']",2,"['harooonm2', 'jdzhu49']",12,"['caudillsj', 'salterm', 'dustinhl', 'ashtonrathje', 'claytons2', 'radiahz', 'suchemj', 'bordenkirdm', 'shameema', 'patelda23', None, 'yeattsba']",20,"['salterm', 'dustinhl', 'knightnb', 'ashtonrathje', 'salazarm2', 'harooonm2', 'suchemj', 'bordenkirdm', 'vallejora2', 'patelda23', None, 'yeattsba', 'jdzhu49', 'caudillsj', 'dawkinsm2', 'claytons2', 'radiahz', 'youngkd', 'shameema', 'alsharieffa']"
169,160,9,12,4,"['salazarm2', 'harooonm2', 'alsharieffa', 'knightnb']",4,"['youngkd', 'dawkinsm2', 'jdzhu49', 'vallejora2']",8,"['jiigee2001', 'ariunbold', 'rkhoie131', 'bayaraa', 'gazegamer813', 'zaharovych_bi', None, 'burenzaya']",16,"['knightnb', 'jiigee2001', 'salazarm2', 'harooonm2', 'ariunbold', 'zaharovych_bi', 'vallejora2', None, 'jdzhu49', 'burenzaya', 'dawkinsm2', 'rkhoie131', 'bayaraa', 'gazegamer813', 'youngkd', 'alsharieffa']"
172,225,8,9,6,"['helinlz2', 'raftery3', 'sanat.pandey', 'ycchiu2', 'yitengw2', 'mkraman2']",1,['leyangl2'],3,"[None, 'nduggar2', 'marwan00e']",10,"['raftery3', 'sanat.pandey', None, 'mkraman2', 'marwan00e', 'helinlz2', 'leyangl2', 'nduggar2', 'ycchiu2', 'yitengw2']"
172,264,8,9,6,"['helinlz2', 'leyangl2', 'sanat.pandey', 'ycchiu2', 'yitengw2', 'mkraman2']",1,['raftery3'],3,"['meladl2', None, 'nduggar2']",10,"['raftery3', 'sanat.pandey', None, 'mkraman2', 'helinlz2', 'leyangl2', 'nduggar2', 'meladl2', 'ycchiu2', 'yitengw2']"
173,460,8,8,6,"['hl.jp.1999', 'tamwh29', 'jonlau39', 'ivan1214', 'predator8128', 'francis52868']",1,['siddheshbelvate'],2,"[None, 'chiayihsu']",9,"['hl.jp.1999', 'siddheshbelvate', 'tamwh29', 'jonlau39', 'ivan1214', 'chiayihsu', None, 'predator8128', 'francis52868']"
173,461,8,8,1,['siddheshbelvate'],6,"['hl.jp.1999', 'tamwh29', 'jonlau39', 'ivan1214', 'predator8128', 'francis52868']",7,"['ruthvilohar', 'vapande3006', 'shubhamkadam', 'mithiljoshi', 'nishadkolheict', None, 'snehaadak']",14,"['hl.jp.1999', 'snehaadak', 'ruthvilohar', 'siddheshbelvate', 'vapande3006', 'tamwh29', 'shubhamkadam', 'mithiljoshi', 'jonlau39', 'ivan1214', 'nishadkolheict', None, 'predator8128', 'francis52868']"
174,14,8,66,5,"['kh.me011230', 'kezi', 'boji', 'etrade409', 'nanohub55']",2,"['nitig', 'zhuzhou2018']",61,"['telmen', 'jadambajaak874', 'lnyamdorj467', 'koyunchuluun', 'adiya.enhadiya', 'b.chimedragchaa', 'bayaraatsendee40', 'sisihub', 'dddashnyam17', 'tengisbold21', 'uugii02', 'batuukb802', 'altka180', 'enkhdelkhiitemuujin', 'sh.dulguun813', 'huhtumur4', 'gazegamer813', 'bayaraa0330', 'zulaazulsar121', 'btemuulen803', 'kayou', 'samka', 'azjargal.azka12', 'azmo29', 'banudari17', 'boogii', 'ban0929', 'purevdasherkhembayar', 'sleepy02', 'khulan', 'gerelmaa', 'asaikhna2', 'delgermurn', 'murun', 'jiigee2001', 'enkhtur.ga', 'mnkymgaa', 'khostushig', 'toto0511', 'minom474', 'burenzaya', 'rdnbt0129', 'odsaihankhulan', 'hongorotgon0801', 'sodoosodko49', 'aagi217', 'bileg716', 'sodoosaresoda', 'maralmaa.choisronjaw', 'baterdene', 'altantsooj', 'ariunbold', 'tengis.odgerel', 'bolderdenekhuyag', 'a.zoloo168', None, 'anuk.zaya911', 'naruka700', 'mandakhbayarbal', 'bayaraa', 'munkhbayar.b1337']",68,"['kh.me011230', 'telmen', 'jadambajaak874', 'lnyamdorj467', 'koyunchuluun', 'adiya.enhadiya', 'b.chimedragchaa', 'bayaraatsendee40', 'sisihub', 'dddashnyam17', 'tengisbold21', 'uugii02', 'batuukb802', 'altka180', 'enkhdelkhiitemuujin', 'sh.dulguun813', 'huhtumur4', 'gazegamer813', 'bayaraa0330', 'zulaazulsar121', 'btemuulen803', 'kayou', 'samka', 'azjargal.azka12', 'azmo29', 'banudari17', 'nanohub55', 'boogii', 'ban0929', 'purevdasherkhembayar', 'sleepy02', 'khulan', 'gerelmaa', 'asaikhna2', 'delgermurn', 'murun', 'jiigee2001', 'enkhtur.ga', 'mnkymgaa', 'boji', 'khostushig', 'toto0511', 'minom474', 'burenzaya', 'rdnbt0129', 'odsaihankhulan', 'hongorotgon0801', 'sodoosodko49', 'etrade409', 'aagi217', 'bileg716', 'sodoosaresoda', 'maralmaa.choisronjaw', 'baterdene', 'altantsooj', 'ariunbold', 'tengis.odgerel', 'bolderdenekhuyag', 'zhuzhou2018', 'a.zoloo168', None, 'kezi', 'anuk.zaya911', 'naruka700', 'mandakhbayarbal', 'bayaraa', 'nitig', 'munkhbayar.b1337']"
177,427,8,18,1,['a01028718'],6,"['matteopau', 'derprofi', 'adamdamato2', 'zjpf34', 'mjck82', 'rjosh009']",17,"['a01024080', 'a01028743', 'a01382657', 'a01023652', 'a01023921', 'a01028147', 'a00828421', 'ayax.hernando', 'a01023849', 'a01027109', 'a01028345', 'a01028945', 'a01028317', 'a01029165', 'gabriel_gonzalezf', None, 'andresalvelais']",24,"['a01028743', 'matteopau', 'a01023652', 'a01023921', 'a00828421', 'zjpf34', 'ayax.hernando', 'a01027109', 'a01029165', None, 'mjck82', 'andresalvelais', 'a01024080', 'derprofi', 'a01382657', 'a01028945', 'a01028147', 'adamdamato2', 'a01023849', 'a01028345', 'a01028317', 'a01028718', 'gabriel_gonzalezf', 'rjosh009']"
177,428,8,7,1,['mjck82'],6,"['matteopau', 'derprofi', 'adamdamato2', 'zjpf34', 'a01028718', 'rjosh009']",6,"['dlipke', 'nmgqkq', 'erscz8', 'ejs2q3', 'mlnmr', None]",13,"['dlipke', 'nmgqkq', 'matteopau', 'erscz8', 'derprofi', 'ejs2q3', 'mlnmr', 'adamdamato2', 'zjpf34', 'a01028718', None, 'mjck82', 'rjosh009']"
177,429,8,7,2,"['zjpf34', 'mjck82']",5,"['matteopau', 'derprofi', 'adamdamato2', 'a01028718', 'rjosh009']",5,"['dlipke', 'nmgqkq', 'ejs2q3', 'mlnmr', None]",12,"['dlipke', 'nmgqkq', 'matteopau', 'derprofi', 'ejs2q3', 'mlnmr', 'adamdamato2', 'zjpf34', 'a01028718', None, 'mjck82', 'rjosh009']"
178,22,8,102,2,"['huyaya98', 'pho8749']",5,"['onion1228', 'banerjee', 'joselovski', 'bepisinusoidale', 'deepakraj']",100,"['kangha6211', 'dkdznl17', 'pcwkcw81', 'pygayoung4705', 'shim.syeon', 'rlaehrud5292', 'lovenmin', 'lsh843223', 'seongbin', 'popfun07', 'bearhoon8590', 'unikwakhj', 'mayjinho', 'ghsmx01', 'vasdvasdfew', 'oblue4848', 'dlxodus0725', 'junyoung0735', 'wg6076', 'turalazer', 'minzzai2418', 'phisicsmusic', 'zudsyd', 'yoolims', 'rhffha12345', 'qkrrjsxor12', 'wodyd909', 'asadsfawdga', 'hooni6708', 'dlstj989', 'sgu20181516', 'ab8907', 'yutube1058', 'sclee1002', 'hado0416', 'huidonjeong', 'poby', 'jimmy1100a', 'doubljhyeon', 'dongjinwi', 'soc06016', 'a01096083057', 'ojiow', 'ellayeji11', 'syc0428', 'ryu3581', 'hgrf', 'thswngh793', 'hermione369', 'sa06093', 'kyt99999', 'ksjin0807', 'choejihun6785', 'b715063minbyeongmoon', 'ohseunghwa0802', 'wkxa54', 'minking0007', 'ols3060178', 'poor9876', 'nhj25136', 'leeseongjae450', 'unist1999', 'jea03', 'gbear7615', 'wkdgns599', 'bsj99977', 'atlantic092407', 'ljh333', 'myeonu', 'beetle0720', 'ymca119', 'doli327', 'wkdgns588', 'ohsangmin', '819blue', 'chl53277', 'sgu20161489', 'acm990922', 'zang1119', 'duswn6123', 'gcoupe9171', None, 'sally0460', 'hah610115', 'mhyun1234567', 'kijukiju7215', 'wolol005', 'alvin2373', 'unikwakhj1', 'ddsh1302', 'xuvi1212', 'uniesrev0a', 'ckap00128', 'ehdgns9904', '928chan928', 'sh20000606', 'pkkcjfdn', 'shin19764', 'wdhdlstjd164', 'leeyeonghun']",107,"['kangha6211', 'dkdznl17', 'pcwkcw81', 'pygayoung4705', 'shim.syeon', 'rlaehrud5292', 'lovenmin', 'lsh843223', 'seongbin', 'popfun07', 'bearhoon8590', 'unikwakhj', 'mayjinho', 'ghsmx01', 'vasdvasdfew', 'oblue4848', 'dlxodus0725', 'junyoung0735', 'wg6076', 'turalazer', 'minzzai2418', 'phisicsmusic', 'zudsyd', 'yoolims', 'rhffha12345', 'qkrrjsxor12', 'wodyd909', 'deepakraj', 'asadsfawdga', 'hooni6708', 'dlstj989', 'sgu20181516', 'bepisinusoidale', 'ab8907', 'yutube1058', 'sclee1002', 'hado0416', 'huidonjeong', 'poby', 'jimmy1100a', 'doubljhyeon', 'dongjinwi', 'soc06016', 'a01096083057', 'ojiow', 'ellayeji11', 'syc0428', 'ryu3581', 'hgrf', 'banerjee', 'hermione369', 'sa06093', 'thswngh793', 'ksjin0807', 'choejihun6785', 'kyt99999', 'b715063minbyeongmoon', 'ohseunghwa0802', 'wkxa54', 'minking0007', 'onion1228', 'ols3060178', 'poor9876', 'nhj25136', 'leeseongjae450', 'unist1999', 'jea03', 'gbear7615', 'wkdgns599', 'pho8749', 'bsj99977', 'atlantic092407', 'ljh333', 'myeonu', 'beetle0720', 'huyaya98', 'ymca119', 'doli327', 'wkdgns588', 'ohsangmin', '819blue', 'chl53277', 'sgu20161489', 'acm990922', 'zang1119', 'duswn6123', 'gcoupe9171', None, 'sally0460', 'hah610115', 'mhyun1234567', 'kijukiju7215', 'wolol005', 'alvin2373', 'unikwakhj1', 'ddsh1302', 'xuvi1212', 'uniesrev0a', 'ckap00128', 'ehdgns9904', '928chan928', 'sh20000606', 'pkkcjfdn', 'shin19764', 'wdhdlstjd164', 'leeyeonghun', 'joselovski']"
178,39,8,14,1,['joselovski'],6,"['onion1228', 'banerjee', 'bepisinusoidale', 'huyaya98', 'pho8749', 'deepakraj']",13,"['guete', 'mariaci99', 'jmipose', 'abel_22', 'carme9santamarinha', 'carmen20', 'sofiacobas', 'ramonbouzon', None, 'mariaci9799', 'sergiorr15', 'adrianrg4', 'pancho5110']",20,"['guete', 'banerjee', 'deepakraj', 'jmipose', 'joselovski', 'bepisinusoidale', 'huyaya98', 'sergiorr15', None, 'adrianrg4', 'pancho5110', 'onion1228', 'mariaci99', 'abel_22', 'carme9santamarinha', 'carmen20', 'sofiacobas', 'ramonbouzon', 'mariaci9799', 'pho8749']"
178,477,8,7,1,['joselovski'],6,"['onion1228', 'banerjee', 'bepisinusoidale', 'huyaya98', 'pho8749', 'deepakraj']",6,"['guete', 'mariaci99', 'sergiorr15', 'carmen20', 'mariaci9799', None]",13,"['guete', 'onion1228', 'banerjee', 'mariaci99', 'sergiorr15', 'deepakraj', 'joselovski', 'carmen20', 'bepisinusoidale', 'huyaya98', 'mariaci9799', None, 'pho8749']"
178,478,8,7,3,"['onion1228', 'huyaya98', 'pho8749']",4,"['bepisinusoidale', 'banerjee', 'deepakraj', 'joselovski']",4,"['ohseunghwa0802', 'wodyd909', None, 'doli327']",11,"['onion1228', 'banerjee', 'deepakraj', 'joselovski', 'ohseunghwa0802', 'bepisinusoidale', 'huyaya98', 'doli327', 'wodyd909', None, 'pho8749']"
179,323,8,7,6,"['fadhil.ananta09', 'annisaseptyana', 'cynthiaprr', 'rusdisaga', 'taufiqulkhakim.18023', 'febryan']",1,['arfridua'],1,[None],8,"['arfridua', 'fadhil.ananta09', 'annisaseptyana', 'cynthiaprr', 'rusdisaga', None, 'taufiqulkhakim.18023', 'febryan']"
181,175,8,18,7,"['lorlopdia', 'agustobio', 'atakancavusoglu', 'rajivv', 'vikyosava', 'aleemoyanoo', 'rosss14']",0,[],11,"['cristinamontilla99', 'leiremurillolarrey5', 'microynano2022', 'miguel.corralesarce', 'romero', 'natalia09', 'lauranunezj', 'martagamr', 'alvamalaga12', 'carmendv8', None]",18,"['cristinamontilla99', 'leiremurillolarrey5', 'lauranunezj', 'vikyosava', 'rosss14', None, 'lorlopdia', 'agustobio', 'atakancavusoglu', 'microynano2022', 'miguel.corralesarce', 'romero', 'natalia09', 'martagamr', 'rajivv', 'alvamalaga12', 'aleemoyanoo', 'carmendv8']"
181,422,8,15,6,"['lorlopdia', 'atakancavusoglu', 'rajivv', 'vikyosava', 'aleemoyanoo', 'rosss14']",1,['agustobio'],9,"['leiremurillolarrey5', 'microynano2022', 'miguel.corralesarce', 'romero', 'cristinm_99', 'natalia09', 'alvamalaga12', 'martalawapa', None]",16,"['leiremurillolarrey5', 'cristinm_99', 'vikyosava', 'martalawapa', 'rosss14', None, 'lorlopdia', 'agustobio', 'atakancavusoglu', 'microynano2022', 'miguel.corralesarce', 'romero', 'natalia09', 'rajivv', 'alvamalaga12', 'aleemoyanoo']"
181,63,8,14,6,"['lorlopdia', 'atakancavusoglu', 'rajivv', 'vikyosava', 'aleemoyanoo', 'rosss14']",1,['agustobio'],8,"['pacomula00000', 'microynano2022', 'romero', 'juan26diaz', 'martagamr', 'alvamalaga12', 'carmendv8', None]",15,"['pacomula00000', 'vikyosava', 'rosss14', None, 'lorlopdia', 'agustobio', 'atakancavusoglu', 'microynano2022', 'juan26diaz', 'romero', 'martagamr', 'rajivv', 'alvamalaga12', 'aleemoyanoo', 'carmendv8']"
181,139,8,14,6,"['lorlopdia', 'atakancavusoglu', 'rajivv', 'vikyosava', 'aleemoyanoo', 'rosss14']",1,['agustobio'],8,"['pacomula00000', 'pabloaguilarrrrrr14', 'microynano2022', 'romero', 'martagamr', 'alvamalaga12', 'carmendv8', None]",15,"['pacomula00000', 'vikyosava', 'rosss14', None, 'lorlopdia', 'agustobio', 'atakancavusoglu', 'pabloaguilarrrrrr14', 'microynano2022', 'romero', 'martagamr', 'rajivv', 'alvamalaga12', 'aleemoyanoo', 'carmendv8']"
181,176,8,14,6,"['lorlopdia', 'atakancavusoglu', 'rajivv', 'vikyosava', 'aleemoyanoo', 'rosss14']",1,['agustobio'],8,"['leiremurillolarrey5', 'natalia09', 'microynano2022', 'miguel.corralesarce', 'cristinm_99', 'alvamalaga12', 'martalawapa', None]",15,"['leiremurillolarrey5', 'cristinm_99', 'vikyosava', 'martalawapa', 'rosss14', None, 'lorlopdia', 'agustobio', 'atakancavusoglu', 'microynano2022', 'miguel.corralesarce', 'natalia09', 'rajivv', 'alvamalaga12', 'aleemoyanoo']"
181,65,8,13,6,"['lorlopdia', 'atakancavusoglu', 'rajivv', 'vikyosava', 'aleemoyanoo', 'rosss14']",1,['agustobio'],7,"['pacomula00000', 'carlosgarrido', 'pabloaguilarrrrrr14', 'miguel.corralesarce', 'alvamalaga12', 'lauranunezj', None]",14,"['pacomula00000', 'vikyosava', 'rosss14', None, 'carlosgarrido', 'lorlopdia', 'agustobio', 'atakancavusoglu', 'pabloaguilarrrrrr14', 'miguel.corralesarce', 'rajivv', 'alvamalaga12', 'aleemoyanoo', 'lauranunezj']"
181,179,8,10,3,"['aleemoyanoo', 'rajivv', 'lorlopdia']",4,"['agustobio', 'atakancavusoglu', 'vikyosava', 'rosss14']",7,"['pacomula00000', 'microynano2022', 'miguel.corralesarce', 'martagamr', 'alvamalaga12', 'carmendv8', None]",14,"['pacomula00000', 'vikyosava', 'rosss14', None, 'lorlopdia', 'agustobio', 'atakancavusoglu', 'microynano2022', 'miguel.corralesarce', 'martagamr', 'rajivv', 'alvamalaga12', 'aleemoyanoo', 'carmendv8']"
183,273,8,8,3,"['radu.cavache', 'alexandruliviu17', 'gabriela.gheorghe']",4,"['ana_maria.stoicescu', 'ciolanevelin', 'paulgabrielm', 'tudorletitia04']",5,"['craciun.costi8', 'andrazzn', 'anghelgabrielacatalina', 'beitaiulian', None]",12,"['radu.cavache', 'craciun.costi8', 'alexandruliviu17', 'andrazzn', 'beitaiulian', 'ciolanevelin', 'anghelgabrielacatalina', 'paulgabrielm', 'gabriela.gheorghe', 'tudorletitia04', 'ana_maria.stoicescu', None]"
183,353,8,8,5,"['radu.cavache', 'alexandruliviu17', 'ciolanevelin', 'gabriela.gheorghe', 'ana_maria.stoicescu']",2,"['tudorletitia04', 'paulgabrielm']",3,"['beitaiulian', 'craciun.costi8', None]",10,"['radu.cavache', 'craciun.costi8', 'alexandruliviu17', 'beitaiulian', 'ciolanevelin', 'paulgabrielm', 'gabriela.gheorghe', 'tudorletitia04', 'ana_maria.stoicescu', None]"
183,272,8,7,4,"['ana_maria.stoicescu', 'ciolanevelin', 'alexandruliviu17', 'tudorletitia04']",3,"['radu.cavache', 'paulgabrielm', 'gabriela.gheorghe']",3,"['craciun.costi8', None, 'andreeaopincariu08']",10,"['radu.cavache', 'craciun.costi8', 'alexandruliviu17', 'ciolanevelin', 'paulgabrielm', 'gabriela.gheorghe', 'andreeaopincariu08', 'tudorletitia04', 'ana_maria.stoicescu', None]"
184,405,8,12,6,"['mskenne', 'kmukh', 'kerrilee.chintersingh', 'jrs8d', 'mquevedo', 'ivarreimanis']",1,['sieverse'],6,"['faltens', 'swlee49', 'dfbahr', 'revastreet', 'sgsrini', None]",13,"['faltens', 'sieverse', 'mskenne', 'kmukh', 'sgsrini', None, 'mquevedo', 'swlee49', 'dfbahr', 'revastreet', 'kerrilee.chintersingh', 'jrs8d', 'ivarreimanis']"
185,464,8,35,4,"['beastlbros', 'klupone1', 'justin.geils', 'alexandrabarbosa']",3,"['lkelsey', 'acamac27', 'jccabre2']",31,"['molkon', 'villarta.jabulen', 'qman3399', 'corrales.a', 'peytonr19', 'morgan.gunter', 'gtoenjes', 'miles.kendall', 'youngg', 'nsonet', 'erinvolpe', 'c.ginter', 'mmoralesrojas1', 'mcalderman1', 't.calvert', 'kadenelson', 'anayshernandez', 'c.rineer', 'dschechter', 'ahughes1', 'michaelroberts', 'banks.lomel', 'a.manibusan', 'noahcaracuel', 'annahuber', 'dominicksylvia', 'jmayer1', '8223freret', None, 'banks32', 'dinh.nhu']",38,"['molkon', 'villarta.jabulen', 'qman3399', 'corrales.a', 'peytonr19', 'jccabre2', 'morgan.gunter', 'gtoenjes', 'miles.kendall', 'youngg', 'lkelsey', 'nsonet', 'erinvolpe', 'c.ginter', 'mmoralesrojas1', 'mcalderman1', 't.calvert', 'kadenelson', 'anayshernandez', 'c.rineer', 'dschechter', 'ahughes1', 'michaelroberts', 'banks.lomel', 'a.manibusan', 'noahcaracuel', 'annahuber', 'beastlbros', 'dominicksylvia', 'jmayer1', '8223freret', None, 'alexandrabarbosa', 'acamac27', 'banks32', 'klupone1', 'dinh.nhu', 'justin.geils']"
185,465,8,7,1,['lkelsey'],6,"['acamac27', 'klupone1', 'jccabre2', 'beastlbros', 'justin.geils', 'alexandrabarbosa']",6,"['miles.kendall', 'akash.ram', 'kadenelson', 'langhout.jackson', 'mitchell.arivator', None]",13,"['acamac27', 'klupone1', 'jccabre2', 'miles.kendall', 'akash.ram', 'kadenelson', 'beastlbros', 'justin.geils', 'langhout.jackson', 'lkelsey', 'mitchell.arivator', None, 'alexandrabarbosa']"
187,523,8,10,5,"['jd784', 'jerlyhan', 'kw545', 'nm466', 'za37']",2,"['tb1996ps', 'alvaro3899']",5,"['jingjieyeo', 'gaa78', 'hanfengzhai', None, 'yy462']",12,"['jd784', 'jingjieyeo', 'jerlyhan', 'tb1996ps', 'kw545', 'alvaro3899', 'nm466', 'hanfengzhai', None, 'za37', 'gaa78', 'yy462']"
188,414,8,18,2,"['dawsthom', 'cookce']",5,"['mishtha.saxena99', 'logcleav', 'zaismit', 'carmhern', 'alshamsm']",16,"['dehansen', 'thommoor', 'katestin', 'paeaton', 'oreomodi', 'middletc', 'kaufmazc', 'inavarre', 'ryanherr', 'cooyoung', 'dmc2', 'kzgrise', None, 'jayermi', 'etatman', 'jonott']",23,"['dawsthom', 'zaismit', 'oreomodi', 'cooyoung', 'kaufmazc', 'carmhern', 'alshamsm', 'cookce', 'kzgrise', 'jayermi', None, 'mishtha.saxena99', 'dehansen', 'logcleav', 'thommoor', 'katestin', 'paeaton', 'middletc', 'inavarre', 'ryanherr', 'dmc2', 'etatman', 'jonott']"
191,22,8,102,1,['wolol005'],6,"['giuseppelotta428', 'dl.young1990', 'yangyangxu', 'janklos', 'francesco.rinaldi', 'savas']",101,"['kangha6211', 'dkdznl17', 'pcwkcw81', 'pygayoung4705', 'shim.syeon', 'rlaehrud5292', 'lovenmin', 'lsh843223', 'seongbin', 'popfun07', 'bearhoon8590', 'unikwakhj', 'mayjinho', 'ghsmx01', 'vasdvasdfew', 'oblue4848', 'dlxodus0725', 'junyoung0735', 'wg6076', 'turalazer', 'minzzai2418', 'phisicsmusic', 'zudsyd', 'yoolims', 'rhffha12345', 'qkrrjsxor12', 'wodyd909', 'asadsfawdga', 'hooni6708', 'dlstj989', 'sgu20181516', 'ab8907', 'yutube1058', 'sclee1002', 'hado0416', 'huidonjeong', 'poby', 'jimmy1100a', 'doubljhyeon', 'dongjinwi', 'soc06016', 'a01096083057', 'ojiow', 'ellayeji11', 'syc0428', 'ryu3581', 'hgrf', 'thswngh793', 'hermione369', 'sa06093', 'kyt99999', 'ksjin0807', 'choejihun6785', 'b715063minbyeongmoon', 'ohseunghwa0802', 'wkxa54', 'minking0007', 'ols3060178', 'poor9876', 'nhj25136', 'leeseongjae450', 'unist1999', 'jea03', 'gbear7615', 'wkdgns599', 'pho8749', 'bsj99977', 'atlantic092407', 'ljh333', 'myeonu', 'beetle0720', 'huyaya98', 'ymca119', 'doli327', 'wkdgns588', 'ohsangmin', '819blue', 'chl53277', 'sgu20161489', 'acm990922', 'zang1119', 'duswn6123', 'gcoupe9171', None, 'sally0460', 'hah610115', 'mhyun1234567', 'kijukiju7215', 'alvin2373', 'unikwakhj1', 'ddsh1302', 'xuvi1212', 'uniesrev0a', 'ckap00128', 'ehdgns9904', '928chan928', 'sh20000606', 'pkkcjfdn', 'shin19764', 'wdhdlstjd164', 'leeyeonghun']",108,"['kangha6211', 'dkdznl17', 'giuseppelotta428', 'pygayoung4705', 'pcwkcw81', 'shim.syeon', 'rlaehrud5292', 'lovenmin', 'lsh843223', 'seongbin', 'popfun07', 'bearhoon8590', 'unikwakhj', 'mayjinho', 'ghsmx01', 'vasdvasdfew', 'oblue4848', 'dlxodus0725', 'junyoung0735', 'wg6076', 'turalazer', 'minzzai2418', 'phisicsmusic', 'zudsyd', 'yoolims', 'rhffha12345', 'qkrrjsxor12', 'savas', 'wodyd909', 'asadsfawdga', 'hooni6708', 'dlstj989', 'sgu20181516', 'ab8907', 'yutube1058', 'francesco.rinaldi', 'sclee1002', 'hado0416', 'poby', 'huidonjeong', 'jimmy1100a', 'doubljhyeon', 'janklos', 'dongjinwi', 'soc06016', 'a01096083057', 'ojiow', 'ellayeji11', 'syc0428', 'ryu3581', 'hgrf', 'thswngh793', 'hermione369', 'sa06093', 'kyt99999', 'ksjin0807', 'choejihun6785', 'b715063minbyeongmoon', 'yangyangxu', 'ohseunghwa0802', 'wkxa54', 'minking0007', 'ols3060178', 'poor9876', 'nhj25136', 'leeseongjae450', 'unist1999', 'jea03', 'gbear7615', 'wkdgns599', 'pho8749', 'bsj99977', 'atlantic092407', 'ljh333', 'myeonu', 'dl.young1990', 'beetle0720', 'huyaya98', 'ymca119', 'doli327', 'wkdgns588', 'ohsangmin', '819blue', 'chl53277', 'sgu20161489', 'acm990922', 'zang1119', 'duswn6123', 'gcoupe9171', None, 'sally0460', 'hah610115', 'mhyun1234567', 'kijukiju7215', 'wolol005', 'alvin2373', 'unikwakhj1', 'ddsh1302', 'xuvi1212', 'uniesrev0a', 'ckap00128', 'ehdgns9904', '928chan928', 'sh20000606', 'pkkcjfdn', 'shin19764', 'wdhdlstjd164', 'leeyeonghun']"
194,252,7,6,3,"['karwan', 'tjerk', 'fleurbethlehem']",3,"['ms.pourbafrani', 'lukevdmeer', 'indybadu']",3,"['lokradon', None, 'martijn.van.leusen']",9,"['tjerk', 'ms.pourbafrani', 'lukevdmeer', 'karwan', 'lokradon', 'martijn.van.leusen', 'fleurbethlehem', None, 'indybadu']"
196,410,7,18,4,"['sathiswarank19', 'priyadharshiniv19', 'ramisabegumz19', 'kiruanna2002']",2,"['kirubhaharant19', 'ajaye27030']",14,"['saipllav402', 'lakshmananr18', 'sanjaipandian0031', 'ngathersh', 'sanjaybhargav315', 'pruthvinathreddy2', 'vigneshraja07.vr', 'priyadharshiniamutha', 'nithishnatural', 'santhoshkumarj', 'koteshkumar203', None, 'arunumesh1', 'kalyantpk']",20,"['lakshmananr18', 'ngathersh', 'pruthvinathreddy2', 'vigneshraja07.vr', 'kirubhaharant19', 'santhoshkumarj', None, 'sathiswarank19', 'saipllav402', 'ajaye27030', 'sanjaipandian0031', 'priyadharshiniv19', 'ramisabegumz19', 'sanjaybhargav315', 'priyadharshiniamutha', 'nithishnatural', 'kiruanna2002', 'koteshkumar203', 'arunumesh1', 'kalyantpk']"
196,236,7,16,4,"['sathiswarank19', 'priyadharshiniv19', 'ramisabegumz19', 'kiruanna2002']",2,"['kirubhaharant19', 'ajaye27030']",12,"['saipllav402', 'kullaibunny090', 'sanjaipandian0031', 'ngathersh', 'komathireddys18', 'pruthvinathreddy2', 'gjanu', 'praveshalex01', 'dumplakondarayudu', 'm2466256', None, 'm.n.s.a372001']",18,"['ngathersh', 'pruthvinathreddy2', 'gjanu', 'kirubhaharant19', None, 'm.n.s.a372001', 'sathiswarank19', 'saipllav402', 'ajaye27030', 'kullaibunny090', 'sanjaipandian0031', 'priyadharshiniv19', 'ramisabegumz19', 'komathireddys18', 'praveshalex01', 'kiruanna2002', 'dumplakondarayudu', 'm2466256']"
196,67,7,12,3,"['priyadharshiniv19', 'ramisabegumz19', 'kiruanna2002']",3,"['kirubhaharant19', 'sathiswarank19', 'ajaye27030']",9,"['pallesaireddy63022', 'ngathersh', 'sanjaybhargav315', 'vigneshraja07.vr', 'nithishnatural', 'gjanu', 'jaivignesh939', 'santhoshkumarj', None]",15,"['ngathersh', 'vigneshraja07.vr', 'gjanu', 'kirubhaharant19', 'jaivignesh939', 'santhoshkumarj', None, 'sathiswarank19', 'ajaye27030', 'pallesaireddy63022', 'priyadharshiniv19', 'ramisabegumz19', 'sanjaybhargav315', 'nithishnatural', 'kiruanna2002']"
199,356,7,8,6,"['parmajmadhura21', 'snehalmane072', 'patilakanksha10', 'swarupachougule1', 'aditi_patil', 'sawantaishwarya1999']",0,[],2,"[None, 'shailaja']",8,"['parmajmadhura21', 'snehalmane072', 'patilakanksha10', 'swarupachougule1', 'shailaja', 'aditi_patil', None, 'sawantaishwarya1999']"
200,216,7,21,4,"['shindepratik', '2018.harshal.jouras', 'preet2018', '2018.shatrunjay.palkar']",2,"['2018.grusha.shetty', '2018.nishant.suryawanshi']",17,"['prashanth34', '2018.abhishek.tupe', 'gamreshalaka', '2018.roshan.indulkar', 'sumedh13', 'srishti241', 'rajtalashilkar', '2018.rayan.shaikh', '2018.deepti.singh', '2018.dhruvi.chauhan', 'shash23', '2018.rutuja.shejwal', 'ratul01', '2018.sahil.amundkar', None, '2018.shruti.parab', 'ie2016.shyam.munankar']",23,"['2018.abhishek.tupe', '2018.nishant.suryawanshi', 'gamreshalaka', '2018.roshan.indulkar', 'srishti241', 'rajtalashilkar', '2018.dhruvi.chauhan', 'shash23', 'ratul01', '2018.sahil.amundkar', None, '2018.shruti.parab', 'ie2016.shyam.munankar', '2018.shatrunjay.palkar', 'shindepratik', 'sumedh13', 'preet2018', '2018.deepti.singh', '2018.rutuja.shejwal', '2018.rayan.shaikh', '2018.harshal.jouras', '2018.grusha.shetty', 'prashanth34']"
203,275,7,49,3,"['naik26', 'ubajwa', 'jwaimin']",3,"['tinycollazo', 'gzmarco.1993', 'silent_lamb']",46,"['jverduzc', 'faltens', 'mademoiselle0812', 'alafzi', 'snowling', 'efoesch', 'paul115', 'emizhiri', 'woods158', 'lawren83', 'nandya', 'wdrakas', 'sulli256', 'nykiel.4', 'fixa', 'ethan2', 'dmoebius', 'pmangana', 'hgrennan', 'hill392', 'rapplet', 'aloysius', 'bowerp', 'hoodjd', 'psalek', 'jbarsima', 'reppertm', 'mcclurez', 'ticody', 'zhan4096', 'frankzhou', 'geakins', 'pai15', 'mishra94', 'ahads', None, 'knordyke', 'gnishibu', 'pnagrani', 'darint916', 'atakoch', 'abhivictor2', 'iyer95', 'coverstr', 'perrinm', 'yjzhuang5']",52,"['jverduzc', 'faltens', 'ubajwa', 'mademoiselle0812', 'alafzi', 'snowling', 'coverstr', 'efoesch', 'paul115', 'emizhiri', 'woods158', 'lawren83', 'nandya', 'gzmarco.1993', 'wdrakas', 'sulli256', 'nykiel.4', 'fixa', 'ethan2', 'dmoebius', 'pmangana', 'hgrennan', 'silent_lamb', 'hill392', 'rapplet', 'jwaimin', 'tinycollazo', 'bowerp', 'hoodjd', 'psalek', 'jbarsima', 'naik26', 'reppertm', 'mcclurez', 'ticody', 'zhan4096', 'frankzhou', 'geakins', 'pai15', 'mishra94', 'ahads', None, 'knordyke', 'gnishibu', 'pnagrani', 'darint916', 'atakoch', 'abhivictor2', 'iyer95', 'aloysius', 'perrinm', 'yjzhuang5']"
203,274,7,6,1,['ubajwa'],5,"['tinycollazo', 'naik26', 'gzmarco.1993', 'silent_lamb', 'jwaimin']",5,"['jverduzc', 'rapplet', 'alafzi', 'ethan2', None]",11,"['tinycollazo', 'jverduzc', 'rapplet', 'ubajwa', 'alafzi', 'naik26', 'gzmarco.1993', 'ethan2', 'silent_lamb', None, 'jwaimin']"
204,431,7,12,5,"['broensalmendra', 'mailen.selzer', 'martin.broens', 'smselzer', 'broensmartin']",1,['eesha276'],7,"['coloradobroens', 'lobitonunezz', 'broenscolo', 'cuervobroens', 'usuarioalmananohub', None, 'broensignacio']",13,"['mailen.selzer', 'martin.broens', 'eesha276', 'broensignacio', None, 'coloradobroens', 'lobitonunezz', 'broenscolo', 'cuervobroens', 'broensalmendra', 'smselzer', 'usuarioalmananohub', 'broensmartin']"
204,432,7,11,4,"['smselzer', 'broensalmendra', 'mailen.selzer', 'broensmartin']",2,"['martin.broens', 'eesha276']",7,"['coloradobroens', 'lobitonunezz', 'broenscolo', 'cuervobroens', 'usuarioalmananohub', None, 'broensignacio']",13,"['mailen.selzer', 'martin.broens', 'eesha276', 'broensignacio', None, 'coloradobroens', 'lobitonunezz', 'broenscolo', 'cuervobroens', 'broensalmendra', 'smselzer', 'usuarioalmananohub', 'broensmartin']"
204,430,7,10,5,"['broensalmendra', 'mailen.selzer', 'martin.broens', 'smselzer', 'broensmartin']",1,['eesha276'],5,"['broenscolo', 'fnm', 'francomelica55', None, 'broensignacio']",11,"['mailen.selzer', 'martin.broens', 'eesha276', 'broensignacio', None, 'broenscolo', 'fnm', 'broensalmendra', 'francomelica55', 'smselzer', 'broensmartin']"
204,434,7,10,5,"['broensalmendra', 'mailen.selzer', 'martin.broens', 'smselzer', 'broensmartin']",1,['eesha276'],5,"['broensignacio', 'vfuertes2020', 'broenscolo', 'dmarcini88', None]",11,"['vfuertes2020', 'mailen.selzer', 'martin.broens', 'eesha276', 'broensignacio', None, 'broenscolo', 'broensalmendra', 'smselzer', 'dmarcini88', 'broensmartin']"
204,433,7,7,5,"['broensalmendra', 'mailen.selzer', 'martin.broens', 'smselzer', 'broensmartin']",1,['eesha276'],2,"['broenscolo', None]",8,"['broenscolo', 'broensalmendra', 'mailen.selzer', 'martin.broens', 'smselzer', 'eesha276', 'broensmartin', None]"
205,448,7,12,4,"['yubri', 'hayesde', 'ethnguye', 'etmeldr']",2,"['rtlockar', 'ashuffin']",8,"['algodfre', 'mjrandal', 'halkaabi', 'hddrabek01', 'nonwibb', None, 'jayermi', 'mathcancer']",14,"['algodfre', 'mjrandal', 'ashuffin', 'hddrabek01', 'yubri', 'etmeldr', 'hayesde', 'jayermi', None, 'rtlockar', 'halkaabi', 'ethnguye', 'nonwibb', 'mathcancer']"
207,215,7,14,3,"['pradyumna_74', '2018.shubham.bhosale', 'deeptisingh']",3,"['2018.mrunali.shingre', 'adityalimkar', 'sahilamondkar678']",11,"['2018.paras.dhekale', '2018.roshan.indulkar', 'srishti241', 'sumedh13', '2018.amey.advirkar', '2018.gauri.karale', '2018.jaie.vengurlekar', '2018.gaurav.ghugare', None, '2018.shruti.parab', 'ie2016.shyam.munankar']",17,"['pradyumna_74', '2018.roshan.indulkar', 'srishti241', '2018.amey.advirkar', '2018.gaurav.ghugare', None, '2018.shruti.parab', 'ie2016.shyam.munankar', 'deeptisingh', '2018.paras.dhekale', '2018.mrunali.shingre', 'sumedh13', 'adityalimkar', '2018.gauri.karale', '2018.jaie.vengurlekar', 'sahilamondkar678', '2018.shubham.bhosale']"
215,181,7,57,1,['abukhater'],5,"['shjin', 'bghawkin', 'twopowerten', 'essmppp', 'mhnafeez84']",56,"['cbrelje', 'axewarrior', 'ckniffen', 'panditm', 'eric52689', 'jnickla', 'jglane', 'ericshuisyy', 'aattanas', 'kim3432', 'obishopdwenger', 'chong50', 'shafaat.saud', 'davidparoda8', 'jabirbin', 'lancefernandes13', 'bennett.adcock', 'mart1787', 'sahanathota24', 'tan350', 'rdonoghu', 'braun62', 'eilersbe001', 'anthonyyijiang', 'gmacraes', 'hsu196', 'liu2595', 'spartanpanda.hs', 'elkins15', 'pveluri', 'pkolady', 'mozlu', 'li1897', 'jcapuzzi', 'hall657', 'bmavreno', 'malfaili', None, 'tmurarka', 'ramkumaa', 'phill225', 'dparoda', 'mtsysin', 'leung55', 'wang4878', 'jensen56', 'beelern', 'cthode', 'damshel', 'king492', 'jschweit', 'rspilker', 'jzullo', 'yang1991', 'shah123', 'ande1083']",62,"['shjin', 'cbrelje', 'axewarrior', 'ckniffen', 'panditm', 'eric52689', 'jnickla', 'jglane', 'ericshuisyy', 'twopowerten', 'aattanas', 'kim3432', 'mhnafeez84', 'obishopdwenger', 'chong50', 'shafaat.saud', 'davidparoda8', 'jabirbin', 'lancefernandes13', 'bennett.adcock', 'mart1787', 'abukhater', 'sahanathota24', 'tan350', 'rdonoghu', 'braun62', 'eilersbe001', 'anthonyyijiang', 'gmacraes', 'essmppp', 'hsu196', 'liu2595', 'spartanpanda.hs', 'bghawkin', 'elkins15', 'pveluri', 'pkolady', 'mozlu', 'li1897', 'jcapuzzi', 'hall657', 'bmavreno', 'malfaili', None, 'tmurarka', 'ramkumaa', 'phill225', 'dparoda', 'mtsysin', 'leung55', 'wang4878', 'jensen56', 'beelern', 'cthode', 'damshel', 'king492', 'jschweit', 'rspilker', 'jzullo', 'yang1991', 'shah123', 'ande1083']"
215,7,7,21,1,['mhnafeez84'],5,"['shjin', 'bghawkin', 'abukhater', 'twopowerten', 'essmppp']",20,"['atanvir504', 'mrahaman192023', 'shadman_shakib', 'mislam181084', 'ktalha181034', 'hshikder192018', 'bsarna192005', 'aymanzafar', 'sishrak163006', 'rrafi191030', 'mpaul191017', 'rsaimoon191003', 'fpapon191035', 'arahaman191004', 'sadidmuneer', 'mdrashed', None, 'fariahaiderchowdhury1098', 'minhaztopu', 'arifulislam99']",26,"['shjin', 'atanvir504', 'bghawkin', 'mrahaman192023', 'fpapon191035', 'shadman_shakib', 'mislam181084', 'ktalha181034', 'twopowerten', 'hshikder192018', 'mhnafeez84', 'bsarna192005', 'arahaman191004', None, 'aymanzafar', 'sadidmuneer', 'mdrashed', 'sishrak163006', 'fariahaiderchowdhury1098', 'abukhater', 'rrafi191030', 'mpaul191017', 'minhaztopu', 'arifulislam99', 'rsaimoon191003', 'essmppp']"
218,280,7,70,1,['wishard'],5,"['jochemboelema01', 'vassolianta', 'annagol', 'raoulrsd', 'theodoratoka']",69,"['lee3441', 'eaaltone', 'snowling', 'solimana', 'jwat', 'kim2836', 'nlueck', 'mahdinanohub', 'zhan2846', 'wu1254', 'piaow', 'nykiel.4', 'pmangana', 'chen2122', 'mart1282', 'vrangapr', 'sawantk', 'psalek', 'jbarsima', 'cchabria', 'mcclurez', 'frankzhou', 'hnowak', 'almarzoa', 'dfarache', 'reyno169', 'nganti', 'ltopliff', 'marisol', 'milama', 'lund3', 'pandes', 'joshi146', 'jmacatan', 'aloysius', 'spivakm', 'jverduzc', 'mademoiselle0812', 'alafzi', 'mrgiglio', 'sharm524', 'paul115', 'tschoste', 'tmahlma', 'sulli256', 'pbaugh', 'alecsabia', 'kumar534', 'ethan2', 'hgrennan', 'lucywagner', 'rapplet', 'hill392', 'reppertm', 'zhan4096', 'apunnamo', 'mishra94', 'kmccorry', 'ahads', 'ercikan', None, 'kumar477', 'gnishibu', 'hguangshuai', 'ramey10', 'darint916', 'singh606', 'ryan103', 'bbutzow']",75,"['lee3441', 'vassolianta', 'eaaltone', 'snowling', 'solimana', 'jwat', 'kim2836', 'nlueck', 'mahdinanohub', 'zhan2846', 'wu1254', 'piaow', 'raoulrsd', 'nykiel.4', 'pmangana', 'chen2122', 'mart1282', 'vrangapr', 'annagol', 'sawantk', 'psalek', 'jbarsima', 'cchabria', 'mcclurez', 'frankzhou', 'hnowak', 'almarzoa', 'dfarache', 'reyno169', 'nganti', 'ltopliff', 'jochemboelema01', 'marisol', 'milama', 'lund3', 'pandes', 'joshi146', 'jmacatan', 'aloysius', 'spivakm', 'jverduzc', 'mademoiselle0812', 'alafzi', 'theodoratoka', 'mrgiglio', 'sharm524', 'paul115', 'tschoste', 'tmahlma', 'sulli256', 'pbaugh', 'alecsabia', 'kumar534', 'ethan2', 'hgrennan', 'lucywagner', 'rapplet', 'hill392', 'reppertm', 'zhan4096', 'apunnamo', 'mishra94', 'kmccorry', 'ahads', 'ercikan', None, 'kumar477', 'gnishibu', 'hguangshuai', 'ramey10', 'darint916', 'singh606', 'wishard', 'ryan103', 'bbutzow']"
219,280,7,70,1,['paul115'],5,"['jdang15', 'eaintmyetche', 'jjimenez48', 'wyukun07', 'amartinez401']",69,"['lee3441', 'eaaltone', 'snowling', 'solimana', 'jwat', 'kim2836', 'nlueck', 'mahdinanohub', 'zhan2846', 'wu1254', 'piaow', 'nykiel.4', 'pmangana', 'chen2122', 'mart1282', 'vrangapr', 'sawantk', 'psalek', 'jbarsima', 'cchabria', 'mcclurez', 'frankzhou', 'hnowak', 'almarzoa', 'dfarache', 'reyno169', 'nganti', 'ltopliff', 'marisol', 'milama', 'lund3', 'pandes', 'joshi146', 'jmacatan', 'aloysius', 'spivakm', 'jverduzc', 'mademoiselle0812', 'alafzi', 'mrgiglio', 'sharm524', 'tschoste', 'tmahlma', 'sulli256', 'pbaugh', 'alecsabia', 'kumar534', 'ethan2', 'hgrennan', 'lucywagner', 'rapplet', 'hill392', 'reppertm', 'zhan4096', 'apunnamo', 'mishra94', 'kmccorry', 'ahads', 'ercikan', None, 'kumar477', 'gnishibu', 'hguangshuai', 'ramey10', 'darint916', 'singh606', 'wishard', 'ryan103', 'bbutzow']",75,"['lee3441', 'eaaltone', 'snowling', 'solimana', 'jwat', 'kim2836', 'nlueck', 'mahdinanohub', 'zhan2846', 'wu1254', 'piaow', 'nykiel.4', 'pmangana', 'chen2122', 'mart1282', 'vrangapr', 'sawantk', 'psalek', 'jbarsima', 'cchabria', 'mcclurez', 'frankzhou', 'hnowak', 'almarzoa', 'dfarache', 'reyno169', 'nganti', 'ltopliff', 'marisol', 'milama', 'lund3', 'pandes', 'joshi146', 'jmacatan', 'aloysius', 'spivakm', 'jverduzc', 'mademoiselle0812', 'alafzi', 'wyukun07', 'mrgiglio', 'paul115', 'sharm524', 'tschoste', 'tmahlma', 'sulli256', 'pbaugh', 'alecsabia', 'kumar534', 'ethan2', 'hgrennan', 'lucywagner', 'rapplet', 'hill392', 'jdang15', 'eaintmyetche', 'reppertm', 'zhan4096', 'apunnamo', 'mishra94', 'kmccorry', 'ahads', 'ercikan', None, 'kumar477', 'jjimenez48', 'gnishibu', 'hguangshuai', 'ramey10', 'darint916', 'amartinez401', 'singh606', 'wishard', 'ryan103', 'bbutzow']"
219,275,7,49,1,['paul115'],5,"['jdang15', 'eaintmyetche', 'jjimenez48', 'wyukun07', 'amartinez401']",48,"['jverduzc', 'faltens', 'ubajwa', 'mademoiselle0812', 'alafzi', 'snowling', 'efoesch', 'emizhiri', 'woods158', 'lawren83', 'nandya', 'wdrakas', 'sulli256', 'nykiel.4', 'fixa', 'ethan2', 'dmoebius', 'pmangana', 'hgrennan', 'hill392', 'rapplet', 'aloysius', 'jwaimin', 'bowerp', 'hoodjd', 'psalek', 'jbarsima', 'naik26', 'reppertm', 'mcclurez', 'ticody', 'zhan4096', 'frankzhou', 'geakins', 'pai15', 'mishra94', 'ahads', None, 'knordyke', 'gnishibu', 'pnagrani', 'darint916', 'atakoch', 'abhivictor2', 'iyer95', 'coverstr', 'perrinm', 'yjzhuang5']",54,"['jverduzc', 'faltens', 'ubajwa', 'mademoiselle0812', 'alafzi', 'snowling', 'coverstr', 'wyukun07', 'efoesch', 'paul115', 'emizhiri', 'woods158', 'lawren83', 'nandya', 'wdrakas', 'sulli256', 'nykiel.4', 'fixa', 'ethan2', 'dmoebius', 'pmangana', 'hgrennan', 'hill392', 'rapplet', 'jwaimin', 'bowerp', 'jdang15', 'eaintmyetche', 'hoodjd', 'psalek', 'jbarsima', 'naik26', 'reppertm', 'mcclurez', 'ticody', 'zhan4096', 'frankzhou', 'geakins', 'pai15', 'mishra94', 'ahads', None, 'knordyke', 'jjimenez48', 'gnishibu', 'pnagrani', 'darint916', 'amartinez401', 'atakoch', 'abhivictor2', 'iyer95', 'aloysius', 'perrinm', 'yjzhuang5']"
222,545,7,31,6,"['ejdominguez5', 'jachavez29', 'iscontreras1', 'jealmanza', 'alopez157', 'rpadilla12']",0,[],25,"['jochoa15', 'vmmorales2', 'uaponceluna', 'nachapamills', 'ajasso7', 'hframey', 'carivas2', 'hdelagarz', 'ksmedina1', 'ssrangel', 'cjmeyer', 'sorayamoncada', None, 'mjbaezabald', 'cecardenas3', 'bryanromero', 'mttomlinson', 'jmgranados3', 'oemiranda', 'anajera7', 'tuyennguyen0403', 'tbmiller', 'adiaz53', 'neduran', 'stella']",31,"['hframey', 'hdelagarz', 'mjbaezabald', 'jmgranados3', 'jealmanza', 'adiaz53', 'neduran', 'stella', 'jochoa15', 'vmmorales2', 'uaponceluna', 'ejdominguez5', 'nachapamills', 'ajasso7', 'jachavez29', 'carivas2', 'ksmedina1', 'alopez157', 'ssrangel', 'cjmeyer', 'sorayamoncada', 'rpadilla12', None, 'cecardenas3', 'mttomlinson', 'oemiranda', 'anajera7', 'tuyennguyen0403', 'tbmiller', 'iscontreras1', 'bryanromero']"
222,506,7,24,4,"['jealmanza', 'jachavez29', 'iscontreras1', 'alopez157']",2,"['rpadilla12', 'ejdominguez5']",20,"['hframey', 'hdelagarz', 'jmgranados3', 'adiaz53', 'neduran', 'aiulloa', 'jochoa15', 'nachapamills', 'carivas2', 'brrodriguez5', 'aymontoya', 'ksmedina1', 'sorayamoncada', None, 'cecardenas3', 'oemiranda', 'anajera7', 'tuyennguyen0403', 'vaibarra', 'jminjares5']",26,"['jochoa15', 'ejdominguez5', 'nachapamills', 'hframey', 'jachavez29', 'carivas2', 'brrodriguez5', 'aymontoya', 'hdelagarz', 'ksmedina1', 'alopez157', 'sorayamoncada', None, 'rpadilla12', 'cecardenas3', 'oemiranda', 'jmgranados3', 'anajera7', 'tuyennguyen0403', 'iscontreras1', 'jealmanza', 'vaibarra', 'adiaz53', 'neduran', 'jminjares5', 'aiulloa']"
222,562,7,23,6,"['ejdominguez5', 'jachavez29', 'iscontreras1', 'jealmanza', 'alopez157', 'rpadilla12']",0,[],17,"['jochoa15', 'uaponceluna', 'oemiranda', 'jmgranados3', 'tuyennguyen0403', 'brrodriguez5', 'aymontoya', 'hdelagarz', 'jminjares5', 'juanhouses16', 'ksmedina1', 'ssrangel', 'evelynf1998', 'neduran', None, 'bryanromero', 'aiulloa']",23,"['jochoa15', 'uaponceluna', 'ejdominguez5', 'jachavez29', 'brrodriguez5', 'aymontoya', 'hdelagarz', 'juanhouses16', 'ksmedina1', 'alopez157', 'ssrangel', 'evelynf1998', None, 'rpadilla12', 'oemiranda', 'jmgranados3', 'tuyennguyen0403', 'iscontreras1', 'jealmanza', 'neduran', 'jminjares5', 'bryanromero', 'aiulloa']"
222,261,7,20,6,"['ejdominguez5', 'jachavez29', 'iscontreras1', 'jealmanza', 'alopez157', 'rpadilla12']",0,[],14,"['jochoa15', 'sorayamoncada', 'oemiranda', 'jmgranados3', 'brrodriguez5', 'aymontoya', 'jminjares5', 'juanhouses16', 'ssrangel', 'evelynf1998', 'neduran', None, 'bryanromero', 'aiulloa']",20,"['jochoa15', 'ejdominguez5', 'jachavez29', 'brrodriguez5', 'aymontoya', 'juanhouses16', 'alopez157', 'ssrangel', 'evelynf1998', 'sorayamoncada', None, 'rpadilla12', 'oemiranda', 'jmgranados3', 'iscontreras1', 'jealmanza', 'neduran', 'jminjares5', 'bryanromero', 'aiulloa']"
222,122,7,7,2,"['jealmanza', 'jachavez29']",4,"['alopez157', 'rpadilla12', 'ejdominguez5', 'iscontreras1']",5,"['oemiranda', 'tuyennguyen0403', 'ssrangel', None, 'bryanromero']",11,"['ejdominguez5', 'oemiranda', 'jachavez29', 'tuyennguyen0403', 'iscontreras1', 'jealmanza', 'ssrangel', 'alopez157', None, 'rpadilla12', 'bryanromero']"
223,607,7,24,6,"['kiranamak', 'victimofphysics', 'klei', 'shuyangz', 'dgrewal', 'a01']",0,[],18,"['sierragr', 'bo_ni', 'jannem1', 'bni', 'connermc42', 'claudirf', 'vallejod', 'yuz712', 'marodri8', 'laurynk', 'ellieav', 'dharanijaya09', 'nyssa', 'suemura', 'janetarmenta121', 'anagarajan25', 'atharvasurya99', None]",24,"['kiranamak', 'sierragr', 'bo_ni', 'jannem1', 'connermc42', 'claudirf', 'vallejod', 'yuz712', 'marodri8', 'nyssa', 'janetarmenta121', 'anagarajan25', 'atharvasurya99', None, 'a01', 'victimofphysics', 'bni', 'ellieav', 'klei', 'laurynk', 'shuyangz', 'dharanijaya09', 'suemura', 'dgrewal']"
223,222,7,16,5,"['kiranamak', 'victimofphysics', 'shuyangz', 'dgrewal', 'a01']",1,['klei'],11,"['sierragr', 'pamadeo', 'bni', 'vallejod', 'ellieav', 'laurynk', 'vganeles', 'mguo42', 'nyssa', None, 'udohth2020']",17,"['kiranamak', 'sierragr', 'pamadeo', 'vallejod', 'vganeles', 'nyssa', 'udohth2020', None, 'a01', 'victimofphysics', 'bni', 'ellieav', 'klei', 'laurynk', 'shuyangz', 'mguo42', 'dgrewal']"
223,146,7,13,6,"['kiranamak', 'victimofphysics', 'klei', 'shuyangz', 'dgrewal', 'a01']",0,[],7,"['sierragr', 'pamadeo', 'vallejod', 'ellieav', 'vganeles', 'nyssa', None]",13,"['kiranamak', 'sierragr', 'pamadeo', 'vallejod', 'vganeles', 'nyssa', None, 'a01', 'victimofphysics', 'ellieav', 'klei', 'shuyangz', 'dgrewal']"
223,221,7,13,5,"['kiranamak', 'klei', 'shuyangz', 'dgrewal', 'a01']",1,['victimofphysics'],8,"['bo_ni', 'bni', 'vallejod', 'ellieav', 'laurynk', 'nyssa', None, 'udohth2020']",14,"['kiranamak', 'bo_ni', 'vallejod', 'nyssa', 'udohth2020', None, 'a01', 'victimofphysics', 'bni', 'ellieav', 'klei', 'laurynk', 'shuyangz', 'dgrewal']"
223,569,7,8,6,"['kiranamak', 'victimofphysics', 'klei', 'shuyangz', 'dgrewal', 'a01']",0,[],2,"[None, 'bni']",8,"['kiranamak', 'victimofphysics', 'bni', 'klei', 'shuyangz', 'dgrewal', None, 'a01']"
223,570,7,7,5,"['kiranamak', 'victimofphysics', 'klei', 'shuyangz', 'a01']",1,['dgrewal'],2,"[None, 'bni']",8,"['kiranamak', 'victimofphysics', 'bni', 'klei', 'shuyangz', 'dgrewal', None, 'a01']"
223,572,7,7,5,"['kiranamak', 'klei', 'shuyangz', 'dgrewal', 'a01']",1,['victimofphysics'],2,"[None, 'ellieav']",8,"['kiranamak', 'victimofphysics', 'ellieav', 'klei', 'shuyangz', 'dgrewal', None, 'a01']"
223,571,7,6,4,"['kiranamak', 'shuyangz', 'dgrewal', 'klei']",2,"['a01', 'victimofphysics']",2,"[None, 'bni']",8,"['kiranamak', 'victimofphysics', 'bni', 'klei', 'shuyangz', 'dgrewal', None, 'a01']"
224,389,6,12,3,"['crce.8573.elec', 'varunbabu2', 'albynvarghese']",2,"['crce.8577.elec', 'kaushil']",9,"['swapnalimakdey25', 'prathmesh.patil', 'nikesh.chauhan', 'chiraghegde', 'savvy_v', 'pankajgharge25', 'crce.8755.elec', None, 'jdmalde']",14,"['swapnalimakdey25', 'chiraghegde', 'crce.8573.elec', 'pankajgharge25', 'crce.8755.elec', None, 'kaushil', 'albynvarghese', 'prathmesh.patil', 'nikesh.chauhan', 'savvy_v', 'varunbabu2', 'crce.8577.elec', 'jdmalde']"
224,390,6,8,3,"['crce.8573.elec', 'varunbabu2', 'albynvarghese']",2,"['crce.8577.elec', 'kaushil']",5,"['swapnalimakdey25', 'crce.8540.elec', 'pankajgharge25', 'sudheerjkulkarni', None]",10,"['swapnalimakdey25', 'crce.8540.elec', 'crce.8573.elec', 'pankajgharge25', 'sudheerjkulkarni', 'varunbabu2', 'crce.8577.elec', None, 'kaushil', 'albynvarghese']"
224,391,6,8,2,"['crce.8577.elec', 'kaushil']",3,"['crce.8573.elec', 'varunbabu2', 'albynvarghese']",6,"['felin21', 'allanjose0703', 'noeljames0710', '23ritikapatil', None, 'kaleaniruddha68']",11,"['felin21', 'crce.8573.elec', 'allanjose0703', None, 'varunbabu2', 'noeljames0710', '23ritikapatil', 'crce.8577.elec', 'kaleaniruddha68', 'kaushil', 'albynvarghese']"
225,383,6,18,1,['laurenrozic'],4,"['raizzamarie.rivas', 'oil1972arana', 'ayinetmulat2017', 'marcaaron.obach']",17,"['jma2', 'madelyn.mckinley', 'a.santana', 'lindsibaugher', 'jacob.rothenberg', 'tyjenkins', 'kmiller7', 'jasonloch', 'lucas.suhre', 'fcorboferreira', 'wmadyda', 'connormoore', 'alexjohnson', 'jweichselbaumer', 'sgandhi', None, 'shane.barrera']",22,"['oil1972arana', 'jma2', 'a.santana', 'madelyn.mckinley', 'lindsibaugher', 'tyjenkins', 'jasonloch', 'laurenrozic', 'raizzamarie.rivas', 'sgandhi', None, 'jacob.rothenberg', 'kmiller7', 'lucas.suhre', 'marcaaron.obach', 'fcorboferreira', 'wmadyda', 'connormoore', 'alexjohnson', 'jweichselbaumer', 'ayinetmulat2017', 'shane.barrera']"
227,280,6,70,4,"['sharm524', 'sawantk', 'wu1254', 'chen2122']",1,['georgios.boul'],66,"['lee3441', 'eaaltone', 'snowling', 'solimana', 'jwat', 'kim2836', 'nlueck', 'mahdinanohub', 'zhan2846', 'piaow', 'nykiel.4', 'pmangana', 'mart1282', 'vrangapr', 'psalek', 'jbarsima', 'cchabria', 'mcclurez', 'frankzhou', 'hnowak', 'almarzoa', 'dfarache', 'reyno169', 'nganti', 'ltopliff', 'marisol', 'milama', 'lund3', 'pandes', 'joshi146', 'jmacatan', 'aloysius', 'spivakm', 'jverduzc', 'mademoiselle0812', 'alafzi', 'mrgiglio', 'paul115', 'tschoste', 'tmahlma', 'sulli256', 'pbaugh', 'alecsabia', 'kumar534', 'ethan2', 'hgrennan', 'lucywagner', 'rapplet', 'hill392', 'reppertm', 'zhan4096', 'apunnamo', 'mishra94', 'kmccorry', 'ahads', 'ercikan', None, 'kumar477', 'gnishibu', 'hguangshuai', 'ramey10', 'darint916', 'singh606', 'wishard', 'ryan103', 'bbutzow']",71,"['lee3441', 'eaaltone', 'snowling', 'solimana', 'jwat', 'kim2836', 'nlueck', 'mahdinanohub', 'zhan2846', 'wu1254', 'piaow', 'nykiel.4', 'pmangana', 'chen2122', 'mart1282', 'vrangapr', 'sawantk', 'psalek', 'jbarsima', 'cchabria', 'mcclurez', 'frankzhou', 'hnowak', 'almarzoa', 'dfarache', 'reyno169', 'nganti', 'ltopliff', 'marisol', 'milama', 'lund3', 'pandes', 'georgios.boul', 'joshi146', 'jmacatan', 'aloysius', 'spivakm', 'jverduzc', 'mademoiselle0812', 'alafzi', 'mrgiglio', 'sharm524', 'paul115', 'tschoste', 'tmahlma', 'sulli256', 'pbaugh', 'alecsabia', 'kumar534', 'ethan2', 'hgrennan', 'lucywagner', 'rapplet', 'hill392', 'reppertm', 'zhan4096', 'apunnamo', 'mishra94', 'kmccorry', 'ahads', 'ercikan', None, 'kumar477', 'gnishibu', 'hguangshuai', 'ramey10', 'darint916', 'singh606', 'wishard', 'ryan103', 'bbutzow']"
229,615,6,9,5,"['wu1696', 'jamesbarnard', 'fowlerh', 'asanjuan', 'chiang91']",0,[],4,"['redwing', None, 'murra191', 'dhe48']",9,"['murra191', 'dhe48', 'wu1696', 'redwing', 'jamesbarnard', 'fowlerh', 'asanjuan', 'chiang91', None]"
231,565,6,12,1,['asiforko11'],4,"['ciktat', 'ashiquerahman117', 'brisingr2404', 'meemahaque1ewua']",11,"['hassan21', 'naquibuddinsarkar', 'abrar57', 'seeamoonha', 'kamrul739', 'fahim42', 'shuvo', 'mahmudurrahman4687', 'anika', 'mohtasim', None]",16,"['naquibuddinsarkar', 'anika', 'ciktat', 'ashiquerahman117', 'mohtasim', None, 'asiforko11', 'hassan21', 'abrar57', 'brisingr2404', 'seeamoonha', 'kamrul739', 'fahim42', 'shuvo', 'mahmudurrahman4687', 'meemahaque1ewua']"
239,560,6,52,5,"['s.leonaviles152915', 'juan.yate.alcala', 'v13angela', 'trivix22', 'ccabrales2609']",0,[],47,"['martinezbrighettatiana', 'n.rincon4', 'sanvarp1', 'jpbarrero131', 'f.alvarezl', 'waweno137', 'danielvillarg', 'camilo0802', 'y.ramirezc', 'juanfelipecaicedo11', 'kevinsantamaria', 'vhernandezp31', 'juanzapa', 'japlatap1', 'sergio.gomez', 'pacodelamar', 'correaln47', 'juan10eslav', 'c.escobarh', 'juancreyes201', 'j.pulidos', 'alejo060801', 'danielpantoja', 'acordero', 'marish', 'estaban250212', 'sinis16', 'sebastianmoya2002', 'l.rubuic', 'arizah0707', 'guayacansebastian', 'danielhurtado981215', 's.guerrero3', 'cahc232', None, 'felip3x', 'karenpolania', 'jorge339', 'anjuloma', 'juancardona543', 'julipa02', 'nicolasdiaz200308', 'yesopi', 'gonzalezcamilo672', 'jorgel17', 'a.pulidog8135', 'alejosalgadom']",52,"['martinezbrighettatiana', 'n.rincon4', 'sanvarp1', 'alejosalgadom', 'jpbarrero131', 'f.alvarezl', 'waweno137', 'danielvillarg', 'camilo0802', 'y.ramirezc', 'juanfelipecaicedo11', 'trivix22', 'vhernandezp31', 'juanzapa', 'japlatap1', 'sergio.gomez', 's.leonaviles152915', 'pacodelamar', 'correaln47', 'juan10eslav', 'c.escobarh', 'juancreyes201', 'j.pulidos', 'alejo060801', 'danielpantoja', 'acordero', 'marish', 'estaban250212', 'sinis16', 'v13angela', 'sebastianmoya2002', 'l.rubuic', 'jorgel17', 'arizah0707', 'guayacansebastian', 'danielhurtado981215', 's.guerrero3', 'cahc232', None, 'felip3x', 'juan.yate.alcala', 'karenpolania', 'jorge339', 'anjuloma', 'juancardona543', 'julipa02', 'nicolasdiaz200308', 'yesopi', 'ccabrales2609', 'kevinsantamaria', 'a.pulidog8135', 'gonzalezcamilo672']"
241,600,6,11,5,"['pschellhorn2478', 'jlreece', 'emaher4006', 'michele027', 'cbayran9433']",0,[],6,"['mic027', 'nbehymer2775', 'sbravo', 'ysahan0965', 'xuwenwu', None]",11,"['nbehymer2775', 'pschellhorn2478', 'jlreece', 'emaher4006', 'michele027', None, 'mic027', 'sbravo', 'ysahan0965', 'xuwenwu', 'cbayran9433']"
241,321,6,9,5,"['pschellhorn2478', 'jlreece', 'emaher4006', 'michele027', 'cbayran9433']",0,[],4,"['nbehymer2775', 'xuwenwu', None, 'sbravo']",9,"['nbehymer2775', 'sbravo', 'pschellhorn2478', None, 'xuwenwu', 'jlreece', 'emaher4006', 'michele027', 'cbayran9433']"
246,603,6,30,5,"['yvetteyang1031', 'giuseppe..', 'fjiang', 'meixinwang', 'summerxia']",0,[],25,"['wildbrain5', 'maple12138', 'zijunzhou', 'phil5', 'dorisdong', 'qq851684545', 'florence', 'luyidi', 'yuewu123', 'pengbo', None, 'christwt', 'hanjinlu010609', 'lizidao', 'huruochen', 'zxldragon', 'banana', 'zihan666', 'zfh258', 'xiwang', 'plutosra1n', 'zhangxuyi', 'lhrh', 'lybyyzy', 'xinwenjiang']",30,"['maple12138', 'zijunzhou', 'phil5', 'qq851684545', 'florence', 'luyidi', 'pengbo', 'summerxia', 'hanjinlu010609', 'lizidao', 'zxldragon', 'zihan666', 'xiwang', 'giuseppe..', 'lhrh', 'meixinwang', 'wildbrain5', 'dorisdong', 'fjiang', 'yuewu123', None, 'christwt', 'huruochen', 'banana', 'zfh258', 'yvetteyang1031', 'plutosra1n', 'zhangxuyi', 'lybyyzy', 'xinwenjiang']"
246,246,6,27,5,"['yvetteyang1031', 'giuseppe..', 'fjiang', 'meixinwang', 'summerxia']",0,[],22,"['wildbrain5', 'zijunzhou', 'dorisdong', 'florence', 'nirvana0925', 'pengbo', None, 'christwt', 'hanjinlu010609', 'lizidao', 'huruochen', 'whn0136', 'banana', 'zihan666', 'zfh258', 'xbhd234', 'plutosra1n', 'zhangxuyi', 'formerlydance', 'lhrh', 'lybyyzy', 'volcazhang2001']",27,"['zijunzhou', 'florence', 'pengbo', 'summerxia', 'hanjinlu010609', 'lizidao', 'zihan666', 'giuseppe..', 'formerlydance', 'lhrh', 'meixinwang', 'wildbrain5', 'dorisdong', 'fjiang', 'nirvana0925', None, 'christwt', 'huruochen', 'whn0136', 'banana', 'zfh258', 'yvetteyang1031', 'xbhd234', 'plutosra1n', 'zhangxuyi', 'lybyyzy', 'volcazhang2001']"
246,249,6,25,4,"['yvetteyang1031', 'fjiang', 'meixinwang', 'giuseppe..']",1,['summerxia'],21,"['wildbrain5', 'zijunzhou', 'dorisdong', 'jimmyisme', 'qq851684545', 'florence', 'yuewu123', 'pengbo', 'pppeter', None, 'christwt', 'hanjinlu010609', 'whn0136', 'youn9', 'banana', 'zihan666', 'comrade2056', 'plutosra1n', 'zhangxuyi', 'lybyyzy', 'husky']",26,"['wildbrain5', 'zijunzhou', 'dorisdong', 'jimmyisme', 'fjiang', 'qq851684545', 'florence', 'yuewu123', 'pengbo', 'pppeter', None, 'christwt', 'summerxia', 'hanjinlu010609', 'whn0136', 'youn9', 'banana', 'zihan666', 'yvetteyang1031', 'comrade2056', 'giuseppe..', 'plutosra1n', 'zhangxuyi', 'lybyyzy', 'husky', 'meixinwang']"
246,602,6,24,4,"['yvetteyang1031', 'fjiang', 'meixinwang', 'giuseppe..']",1,['summerxia'],20,"['wildbrain5', 'yimingwang0817', 'zijunzhou', 'dorisdong', 'simple', 'qq851684545', 'florence', 'yuewu123', 'pengbo', 'youn99', None, 'christwt', 'hanjinlu010609', 'lizidao', 'huruochen', 'zxldragon', 'banana', 'zihan666', 'zhangxuyi', 'lybyyzy']",25,"['wildbrain5', 'yimingwang0817', 'zijunzhou', 'dorisdong', 'simple', 'fjiang', 'qq851684545', 'florence', 'yuewu123', 'pengbo', 'youn99', None, 'christwt', 'summerxia', 'hanjinlu010609', 'lizidao', 'huruochen', 'zxldragon', 'banana', 'zihan666', 'yvetteyang1031', 'giuseppe..', 'zhangxuyi', 'lybyyzy', 'meixinwang']"
246,247,6,23,4,"['yvetteyang1031', 'fjiang', 'meixinwang', 'summerxia']",1,['giuseppe..'],19,"['zijunzhou', 'phil5', 'qq851684545', 'florence', 'pengbo', 'hanjinlu010609', 'zihan666', 'wildbrain5', 'dorisdong', 'yuewu123', 'christwt', None, 'huruochen', 'banana', 'zfh258', 'xbhd234', 'zhangxuyi', 'plutosra1n', 'lybyyzy']",24,"['wildbrain5', 'zijunzhou', 'phil5', 'dorisdong', 'fjiang', 'qq851684545', 'florence', 'yuewu123', 'pengbo', None, 'christwt', 'summerxia', 'hanjinlu010609', 'huruochen', 'banana', 'zihan666', 'yvetteyang1031', 'zfh258', 'xbhd234', 'giuseppe..', 'zhangxuyi', 'plutosra1n', 'lybyyzy', 'meixinwang']"
246,605,6,9,1,['fjiang'],4,"['yvetteyang1031', 'meixinwang', 'giuseppe..', 'summerxia']",8,"['xiwang', 'zijunzhou', 'plutosra1n', 'minerbanana', 'florence', None, 'christwt', 'xinwenjiang']",13,"['yvetteyang1031', 'xiwang', 'zijunzhou', 'giuseppe..', 'plutosra1n', 'fjiang', 'minerbanana', 'florence', 'christwt', None, 'meixinwang', 'xinwenjiang', 'summerxia']"
246,250,6,8,2,"['fjiang', 'giuseppe..']",3,"['yvetteyang1031', 'meixinwang', 'summerxia']",6,"['huruochen', 'zfh258', 'phil5', 'plutosra1n', None, 'xinwenjiang']",11,"['huruochen', 'zfh258', 'yvetteyang1031', 'phil5', 'giuseppe..', 'plutosra1n', 'fjiang', None, 'meixinwang', 'xinwenjiang', 'summerxia']"
247,428,6,7,5,"['dlipke', 'nmgqkq', 'erscz8', 'ejs2q3', 'mlnmr']",0,[],2,"[None, 'mjck82']",7,"['dlipke', 'nmgqkq', 'erscz8', 'ejs2q3', 'mlnmr', None, 'mjck82']"
247,429,6,7,4,"['dlipke', 'nmgqkq', 'ejs2q3', 'mlnmr']",1,['erscz8'],3,"['zjpf34', None, 'mjck82']",8,"['dlipke', 'nmgqkq', 'erscz8', 'ejs2q3', 'mlnmr', 'zjpf34', None, 'mjck82']"
249,582,6,22,2,"['amitshahu009', 'ruthvilohar']",3,"['shubhamkadam', 'sandhyayadav', 'sanikakhedekar']",20,"['vapande3006', 'amanvk308', 'sakshiarte', 'adityasingh721', 'nitinjadhav', 'sumitkadwadkar11', 'sanchitakhadtar01', 'tanvijadhav0102', 'ashutoshghate', 'psh.308', 'mandarbhise.29', 'rohan468', 'kshitijgaikwad', 'snehaadak', None, 'devchaudhari12', 'shrutisharma', 'samiraarte', 'shailendramaurya', 'kalyanikoli']",25,"['vapande3006', 'amanvk308', 'mandarbhise.29', 'rohan468', 'sakshiarte', 'adityasingh721', 'kshitijgaikwad', None, 'snehaadak', 'nitinjadhav', 'kalyanikoli', 'ruthvilohar', 'sumitkadwadkar11', 'sanchitakhadtar01', 'devchaudhari12', 'shrutisharma', 'shubhamkadam', 'sandhyayadav', 'sanikakhedekar', 'tanvijadhav0102', 'ashutoshghate', 'samiraarte', 'shailendramaurya', 'amitshahu009', 'psh.308']"
249,585,6,15,4,"['shubhamkadam', 'sandhyayadav', 'ruthvilohar', 'amitshahu009']",1,['sanikakhedekar'],11,"['vapande3006', 'lishaminat547421', 'surabhilaharia02', 'rakshanda', 'shailendramaurya', 'nishadkolheict', 'kshitijgaikwad', 'harshinibarapatre', 'adityasingh721', None, 'snehaadak']",16,"['vapande3006', 'rakshanda', 'nishadkolheict', 'kshitijgaikwad', 'adityasingh721', None, 'snehaadak', 'ruthvilohar', 'lishaminat547421', 'shubhamkadam', 'sandhyayadav', 'surabhilaharia02', 'sanikakhedekar', 'shailendramaurya', 'amitshahu009', 'harshinibarapatre']"
249,586,6,14,1,['sanikakhedekar'],4,"['shubhamkadam', 'sandhyayadav', 'ruthvilohar', 'amitshahu009']",13,"['vapande3006', 'devchaudhari12', 'lishaminat547421', 'ajinkya009', 'prasadkalekar', 'surabhilaharia02', 'nishad9mhatre', 'rakshanda', 'dipaliballal123', 'kshitijgaikwad', 'harshinibarapatre', None, 'chinmaybhoir']",18,"['vapande3006', 'nishad9mhatre', 'rakshanda', 'dipaliballal123', 'kshitijgaikwad', None, 'ruthvilohar', 'lishaminat547421', 'devchaudhari12', 'ajinkya009', 'shubhamkadam', 'sandhyayadav', 'prasadkalekar', 'surabhilaharia02', 'sanikakhedekar', 'amitshahu009', 'harshinibarapatre', 'chinmaybhoir']"
249,587,6,13,5,"['ruthvilohar', 'shubhamkadam', 'sandhyayadav', 'sanikakhedekar', 'amitshahu009']",0,[],8,"['vapande3006', 'shailendramaurya', 'nishadkolheict', 'kshitijgaikwad', 'harshinibarapatre', 'adityasingh721', None, 'snehaadak']",13,"['vapande3006', 'nishadkolheict', 'kshitijgaikwad', 'adityasingh721', None, 'snehaadak', 'ruthvilohar', 'shubhamkadam', 'sandhyayadav', 'sanikakhedekar', 'shailendramaurya', 'amitshahu009', 'harshinibarapatre']"
249,458,6,9,1,['sanikakhedekar'],4,"['shubhamkadam', 'sandhyayadav', 'ruthvilohar', 'amitshahu009']",8,"['vapande3006', 'devchaudhari12', 'mahendra84', 'ajinkya009', 'saurabhsingh1', 'harshinibarapatre', None, 'chinmaybhoir']",13,"['ruthvilohar', 'vapande3006', 'devchaudhari12', 'mahendra84', 'ajinkya009', 'shubhamkadam', 'sandhyayadav', 'sanikakhedekar', 'saurabhsingh1', 'amitshahu009', 'harshinibarapatre', None, 'chinmaybhoir']"
249,461,6,8,2,"['shubhamkadam', 'ruthvilohar']",3,"['amitshahu009', 'sandhyayadav', 'sanikakhedekar']",6,"['siddheshbelvate', 'vapande3006', 'mithiljoshi', 'nishadkolheict', None, 'snehaadak']",11,"['ruthvilohar', 'vapande3006', 'siddheshbelvate', 'shubhamkadam', 'sandhyayadav', 'mithiljoshi', 'sanikakhedekar', 'nishadkolheict', 'amitshahu009', None, 'snehaadak']"
249,574,6,8,1,['amitshahu009'],4,"['shubhamkadam', 'sandhyayadav', 'ruthvilohar', 'sanikakhedekar']",7,"['vapande3006', 'lishaminat547421', None, 'shailendramaurya', 'sakshiarte', 'adityasingh721', 'karneshwar2525']",12,"['ruthvilohar', 'vapande3006', 'lishaminat547421', 'shubhamkadam', 'sandhyayadav', 'sanikakhedekar', None, 'shailendramaurya', 'amitshahu009', 'sakshiarte', 'adityasingh721', 'karneshwar2525']"
250,420,6,21,3,"['reem_alb', 'solo6eer', 'qaisdaheer']",2,"['osaid.ucv2016', 'osaid.ucv2019']",18,"['mr.meldaly', 'fahad29137', 'a.alfahad', 'ahmad_alsultan', 'zesmaeel01', 'hadixal3nzi', 'aljeeransa', 'dragon7192', 'bilaljaba', 'azizshatti12', 'sabeekaaldahash', 'sayedmy88', 'metal_gear4', 'snaideh', 'hussainalshatti', 'moalshatti', 'momoalrashidy3', None]",23,"['mr.meldaly', 'a.alfahad', 'ahmad_alsultan', 'zesmaeel01', 'aljeeransa', 'dragon7192', 'metal_gear4', 'reem_alb', 'solo6eer', None, 'osaid.ucv2019', 'fahad29137', 'qaisdaheer', 'hadixal3nzi', 'azizshatti12', 'sabeekaaldahash', 'sayedmy88', 'moalshatti', 'snaideh', 'hussainalshatti', 'momoalrashidy3', 'bilaljaba', 'osaid.ucv2016']"
250,421,6,9,2,"['reem_alb', 'qaisdaheer']",3,"['solo6eer', 'osaid.ucv2016', 'osaid.ucv2019']",7,"['zesmaeel01', 'moalshatti', 'sayedmy88', 'momoalrashidy3', 'rashaelenzi42', None, 'bilaljaba']",12,"['bilaljaba', 'zesmaeel01', 'qaisdaheer', 'moalshatti', 'sayedmy88', 'reem_alb', 'momoalrashidy3', 'rashaelenzi42', None, 'solo6eer', 'osaid.ucv2016', 'osaid.ucv2019']"
252,200,6,6,3,"['himel', 'niloy2018226162', 'smabsar']",2,"['justinasj', 'hrtcezys']",3,"[None, 'rafatulhaq123', 'mahmodulhassan']",8,"['mahmodulhassan', 'justinasj', 'himel', 'rafatulhaq123', 'hrtcezys', 'niloy2018226162', None, 'smabsar']"
253,327,6,7,5,"['nadaelhossainii', 'midosaies', 'yasminfayed44', 'amrsamy1072', 'mohamed_ahmed_kamal']",0,[],2,"['yasmeen44', None]",7,"['nadaelhossainii', 'midosaies', 'yasmeen44', 'yasminfayed44', None, 'amrsamy1072', 'mohamed_ahmed_kamal']"
253,332,6,7,5,"['nadaelhossainii', 'midosaies', 'yasminfayed44', 'amrsamy1072', 'mohamed_ahmed_kamal']",0,[],2,"['yasmeen44', None]",7,"['nadaelhossainii', 'midosaies', 'yasmeen44', 'yasminfayed44', None, 'amrsamy1072', 'mohamed_ahmed_kamal']"
254,96,6,14,1,['katikala.himabindu'],4,"['jodogo', 'oca', 'chuanjung.lin', 'ms41829323']",13,"['bandanapal505', 'rishabhsharma699', 'janvigupta2309', 'jessicabhat9', 'saumyamishra9999', 'gurmandeepsingh', 'karthickcnp', 'divyasharma', 'piyushlionhearts', 'shivadw31', 'mjhanwar_mtech21', None, 'sjoshi_mtech21']",18,"['bandanapal505', 'chuanjung.lin', 'gurmandeepsingh', 'katikala.himabindu', 'oca', None, 'sjoshi_mtech21', 'rishabhsharma699', 'janvigupta2309', 'jessicabhat9', 'saumyamishra9999', 'jodogo', 'karthickcnp', 'divyasharma', 'piyushlionhearts', 'ms41829323', 'shivadw31', 'mjhanwar_mtech21']"
256,582,6,22,3,"['mandarbhise.29', 'kalyanikoli', 'sumitkadwadkar11']",2,"['guzma', 'rishabhsingh5200']",19,"['vapande3006', 'amanvk308', 'sakshiarte', 'adityasingh721', 'nitinjadhav', 'sanchitakhadtar01', 'tanvijadhav0102', 'ashutoshghate', 'amitshahu009', 'psh.308', 'rohan468', 'kshitijgaikwad', 'snehaadak', None, 'ruthvilohar', 'devchaudhari12', 'shrutisharma', 'samiraarte', 'shailendramaurya']",24,"['vapande3006', 'amanvk308', 'psh.308', 'mandarbhise.29', 'rishabhsingh5200', 'rohan468', 'sakshiarte', 'adityasingh721', 'kshitijgaikwad', None, 'snehaadak', 'nitinjadhav', 'ruthvilohar', 'sumitkadwadkar11', 'sanchitakhadtar01', 'devchaudhari12', 'shrutisharma', 'tanvijadhav0102', 'samiraarte', 'guzma', 'ashutoshghate', 'shailendramaurya', 'kalyanikoli', 'amitshahu009']"
257,363,6,13,1,['anikar300'],4,"['laihoong', 'dy349', 'cdl63', 'piisgreek']",12,"['eah342', 'bms368', 'dbrown19', 'dbosket', 'eak339', 'rw667', 'sara.kasumova', 'lat86', 'fjf28', 'jayantdubey', None, 'legowars1999']",17,"['laihoong', 'dy349', 'dbrown19', 'dbosket', 'eak339', 'piisgreek', None, 'legowars1999', 'bms368', 'eah342', 'rw667', 'sara.kasumova', 'lat86', 'anikar300', 'fjf28', 'jayantdubey', 'cdl63']"
257,366,6,13,1,['dy349'],4,"['laihoong', 'cdl63', 'anikar300', 'piisgreek']",12,"['bms368', 'juliafleming01', 'gin23', 'lauradouglas', 'dbosket', 'rw667', 'sara.kasumova', 'eyobgrainge00', 'luyang', 'mdbowe01', None, 'legowars1999']",17,"['laihoong', 'dy349', 'juliafleming01', 'dbosket', 'piisgreek', 'lauradouglas', None, 'bms368', 'legowars1999', 'rw667', 'sara.kasumova', 'anikar300', 'eyobgrainge00', 'luyang', 'mdbowe01', 'cdl63', 'gin23']"
257,349,6,10,1,['dy349'],4,"['laihoong', 'cdl63', 'anikar300', 'piisgreek']",9,"['lra36', 'juliafleming01', 'aes442', 'lauradouglas', 'dbosket', 'r1ckyp0m', 'luyang', None, 'gin23']",14,"['lra36', 'laihoong', 'dy349', 'juliafleming01', 'aes442', 'lauradouglas', 'dbosket', 'r1ckyp0m', 'anikar300', 'piisgreek', 'luyang', None, 'cdl63', 'gin23']"
257,367,6,8,1,['laihoong'],4,"['dy349', 'cdl63', 'anikar300', 'piisgreek']",7,"['muhaimin97', 'muhammadajrulmukminin', 'liangjun', 'dengyaokua', 'salehuddin098', 'jasonpoung', None]",12,"['laihoong', 'dy349', 'muhaimin97', 'muhammadajrulmukminin', 'liangjun', 'dengyaokua', 'anikar300', 'salehuddin098', 'piisgreek', 'jasonpoung', None, 'cdl63']"
258,14,6,66,5,"['lnyamdorj467', 'mnkymgaa', 'tengis.odgerel', 'b.chimedragchaa', 'toto0511']",0,[],61,"['kh.me011230', 'telmen', 'jadambajaak874', 'koyunchuluun', 'adiya.enhadiya', 'bayaraatsendee40', 'sisihub', 'dddashnyam17', 'tengisbold21', 'uugii02', 'batuukb802', 'altka180', 'enkhdelkhiitemuujin', 'sh.dulguun813', 'huhtumur4', 'gazegamer813', 'bayaraa0330', 'zulaazulsar121', 'btemuulen803', 'kayou', 'samka', 'azjargal.azka12', 'azmo29', 'banudari17', 'nanohub55', 'boogii', 'ban0929', 'purevdasherkhembayar', 'sleepy02', 'khulan', 'gerelmaa', 'asaikhna2', 'delgermurn', 'murun', 'jiigee2001', 'enkhtur.ga', 'boji', 'khostushig', 'minom474', 'burenzaya', 'rdnbt0129', 'odsaihankhulan', 'hongorotgon0801', 'sodoosodko49', 'etrade409', 'aagi217', 'bileg716', 'sodoosaresoda', 'maralmaa.choisronjaw', 'baterdene', 'altantsooj', 'ariunbold', 'bolderdenekhuyag', 'a.zoloo168', None, 'kezi', 'anuk.zaya911', 'naruka700', 'mandakhbayarbal', 'bayaraa', 'munkhbayar.b1337']",66,"['kh.me011230', 'telmen', 'jadambajaak874', 'lnyamdorj467', 'koyunchuluun', 'adiya.enhadiya', 'b.chimedragchaa', 'bayaraatsendee40', 'sisihub', 'dddashnyam17', 'tengisbold21', 'uugii02', 'batuukb802', 'altka180', 'enkhdelkhiitemuujin', 'sh.dulguun813', 'huhtumur4', 'gazegamer813', 'bayaraa0330', 'zulaazulsar121', 'btemuulen803', 'kayou', 'samka', 'azjargal.azka12', 'azmo29', 'banudari17', 'nanohub55', 'boogii', 'ban0929', 'purevdasherkhembayar', 'sleepy02', 'khulan', 'gerelmaa', 'asaikhna2', 'delgermurn', 'murun', 'jiigee2001', 'enkhtur.ga', 'mnkymgaa', 'boji', 'khostushig', 'toto0511', 'minom474', 'burenzaya', 'rdnbt0129', 'odsaihankhulan', 'hongorotgon0801', 'sodoosodko49', 'etrade409', 'aagi217', 'bileg716', 'sodoosaresoda', 'maralmaa.choisronjaw', 'baterdene', 'altantsooj', 'ariunbold', 'tengis.odgerel', 'bolderdenekhuyag', 'a.zoloo168', None, 'kezi', 'anuk.zaya911', 'naruka700', 'mandakhbayarbal', 'bayaraa', 'munkhbayar.b1337']"
262,374,6,198,5,"['thoma847', 'chang842', 'mcdani64', 'pramanis', 'gkhot']",0,[],193,"['aanil', 'valenci1', 'tamnuaik', 'zh1806855308', 'colli291', 'jdieffenbach1212', 'desai125', 'oshindel', 'john43', 'emizhiri', 'wang4340', 'ngolashi', 'schul137', 'tndesai', 'hunt143', 'baconka', 'colem102', 'shjaffer', 'mai20', 'dillon45', 'parkry', 'dgulewic', 'lee3757', 'porte177', 'chi58', 'boesk', 'jbashor', 'ieckroth', 'sjw961117', 'greenerj', 'horton44', 'wdeskins', 'thoma682', 'capuano', 'ksyang', 'qlovejoy', 'xin16', 'edeyoun', 'davi1587', 'naveenvivek', 'obrie186', 'mehta152', 'lotzj', 'ewhitwor', 'yoon164', 'sschluth', 'cferguss', 'rrauer', 'rarnholt', 'wagne291', 'fan262', 'ksnewcom', 'hpavel', 'rseif', 'givenc', 'fan274', 'lannon', 'nguye669', 'mitra30', 'spivakm', 'kansara', 'jsohi', 'cdegnan', 'cox304', 'mark27', 'gnoel', 'thomp700', 'brow1628', 'ntiwana', 'iaimiuwu', 'flatorre', 'zuo21', 'berger49', 'zmacnab', 'lee1012', 'smit3776', 'tobuchow', 'rockeke', 'wang4425', 'sriniv96', 'sands7', 'shettin', 'evigo', 'herna438', 'cwichman', 'nborina', 'darrenmlie', 'agraw115', 'kganbold', 'morton67', 'smit2922', 'simonz', 'lee3753', 'goyal55', 'rinnocen', 'aileenryan', 'mrschiav', 'asbehere', 'biglera', 'eschmelz', 'maladab', 'ahowse18', 'srosoff', 'dempseyl', 'alvaro9972', 'zapata1', 'green381', 'bobsitni', 'ebarranc', 'mgumin', 'bholtma', 'jdobstaf', 'charin', 'arora112', 'ddirckse', 'rradules', 'dfrohbe', 'dtaveeva', 'meyer355', 'cagleg', 'gould27', 'pmaynard', 'garimels', 'sharm558', 'keithpreston99', 'gzander75', 'smitkpd', 'phill292', 'raghurar', 'pmarcum', 'zderyke', 'pdogra', 'power105', 'avanhand', 'chen3167', 'farrel28', 'beemanj', 'meyer367', 'aprasan', 'hall657', 'ahliu', 'gonza508', 'mdavide', 'jameskrieg451', 'zanwarza', 'horgan', 'apalermocollege', 'beelern', 'eberly0', 'atakoch', 'iybarra', 'peter621', 'bolinge0', 'moraz', 'zhan4094', 'wild3', 'mkuether', 'houckc', 'rseshadr24', 'jhaehl', 'lseidler', 'lewis502', 'barron22', 'jpetril', 'ryantischler', 'wdrakas', 'msdhillo', 'ndegraaf', 'gonza570', 'bmsutter', 'capece', 'fung12', 'lchittur', 'trem431', 'kevancho', 'wang4623', 'coolrock', 'akokal', 'nmarcelo', None, 'hannon5', 'arayapro', 'mathew71', 'suh47', 'crgomezt', 'feng238', 'saxena48', 'thomas847', 'hajwani', 'cchabria', 'park843', 'ande1083', 'desai144']",198,"['aanil', 'valenci1', 'tamnuaik', 'zh1806855308', 'colli291', 'jdieffenbach1212', 'desai125', 'oshindel', 'john43', 'emizhiri', 'wang4340', 'ngolashi', 'schul137', 'tndesai', 'hunt143', 'baconka', 'colem102', 'shjaffer', 'mai20', 'dillon45', 'parkry', 'dgulewic', 'lee3757', 'porte177', 'chi58', 'gkhot', 'boesk', 'jbashor', 'ieckroth', 'sjw961117', 'greenerj', 'horton44', 'wdeskins', 'capuano', 'ksyang', 'qlovejoy', 'xin16', 'edeyoun', 'davi1587', 'naveenvivek', 'obrie186', 'mehta152', 'lotzj', 'ewhitwor', 'yoon164', 'sschluth', 'cferguss', 'rrauer', 'rarnholt', 'wagne291', 'fan262', 'ksnewcom', 'hpavel', 'rseif', 'desai144', 'givenc', 'fan274', 'lannon', 'nguye669', 'mitra30', 'spivakm', 'jsohi', 'cdegnan', 'cox304', 'mark27', 'gnoel', 'thomp700', 'brow1628', 'ntiwana', 'iaimiuwu', 'flatorre', 'zuo21', 'berger49', 'zmacnab', 'lee1012', 'smit3776', 'tobuchow', 'rockeke', 'wang4425', 'sriniv96', 'sands7', 'shettin', 'evigo', 'herna438', 'cwichman', 'nborina', 'darrenmlie', 'agraw115', 'kganbold', 'morton67', 'smit2922', 'simonz', 'lee3753', 'goyal55', 'rinnocen', 'aileenryan', 'mrschiav', 'thoma847', 'asbehere', 'biglera', 'eschmelz', 'maladab', 'ahowse18', 'srosoff', 'dempseyl', 'alvaro9972', 'zapata1', 'green381', 'bobsitni', 'ebarranc', 'mgumin', 'bholtma', 'jdobstaf', 'charin', 'arora112', 'ddirckse', 'rradules', 'dfrohbe', 'dtaveeva', 'meyer355', 'cagleg', 'gould27', 'pmaynard', 'garimels', 'sharm558', 'keithpreston99', 'gzander75', 'smitkpd', 'phill292', 'raghurar', 'pmarcum', 'zderyke', 'pdogra', 'power105', 'avanhand', 'chen3167', 'farrel28', 'beemanj', 'meyer367', 'pramanis', 'aprasan', 'hall657', 'ahliu', 'gonza508', 'mdavide', 'jameskrieg451', 'zanwarza', 'horgan', 'apalermocollege', 'beelern', 'eberly0', 'atakoch', 'iybarra', 'peter621', 'bolinge0', 'moraz', 'zhan4094', 'wild3', 'mkuether', 'houckc', 'rseshadr24', 'jhaehl', 'lseidler', 'lewis502', 'barron22', 'jpetril', 'ryantischler', 'wdrakas', 'mcdani64', 'msdhillo', 'ndegraaf', 'gonza570', 'bmsutter', 'capece', 'fung12', 'chang842', 'lchittur', 'trem431', 'kevancho', 'wang4623', 'coolrock', 'akokal', 'nmarcelo', None, 'hannon5', 'arayapro', 'mathew71', 'suh47', 'crgomezt', 'park843', 'feng238', 'saxena48', 'thomas847', 'hajwani', 'cchabria', 'kansara', 'ande1083', 'thoma682']"
264,266,6,19,5,"['ivisterp22', 'tainaz', 'bartolucci.davide11', 'kathyyim', 'vasily.piccone']",0,[],14,"['chan.sabrina33', 'kalilio', 'xmo50288', 'brianzhang514', 'nileash98', 'zaffarrayan', 'marco.caldarone99', 'jamesalen', 'talaal24', 'agerkis', 'elmozj99', 'fahimrezai89', None, 'andy08']",19,"['chan.sabrina33', 'kalilio', 'xmo50288', 'brianzhang514', 'zaffarrayan', 'marco.caldarone99', 'kathyyim', 'agerkis', 'fahimrezai89', None, 'vasily.piccone', 'andy08', 'ivisterp22', 'nileash98', 'tainaz', 'bartolucci.davide11', 'jamesalen', 'talaal24', 'elmozj99']"
264,182,6,12,4,"['kathyyim', 'tainaz', 'vasily.piccone', 'bartolucci.davide11']",1,['ivisterp22'],8,"['brianzhang514', 'rayanzaffar', 'kalilio', 'avaican', 'fahimrezai89', None, 'irenema1512', 'andy08']",13,"['brianzhang514', 'kalilio', 'avaican', 'kathyyim', 'fahimrezai89', None, 'vasily.piccone', 'andy08', 'ivisterp22', 'rayanzaffar', 'tainaz', 'bartolucci.davide11', 'irenema1512']"
264,290,6,12,5,"['ivisterp22', 'tainaz', 'bartolucci.davide11', 'kathyyim', 'vasily.piccone']",0,[],7,"['rayanzaffar', 'kalilio', 'avaican', 'yunfanliang97', None, 'irenema1512', 'andy08']",12,"['kalilio', 'avaican', 'kathyyim', 'yunfanliang97', None, 'vasily.piccone', 'andy08', 'ivisterp22', 'rayanzaffar', 'tainaz', 'bartolucci.davide11', 'irenema1512']"
264,298,6,12,5,"['ivisterp22', 'tainaz', 'bartolucci.davide11', 'kathyyim', 'vasily.piccone']",0,[],7,"['rayanzaffar', 'kalilio', 'avaican', 'fahimrezai89', None, 'irenema1512', 'andy08']",12,"['kalilio', 'avaican', 'kathyyim', 'fahimrezai89', None, 'vasily.piccone', 'andy08', 'ivisterp22', 'rayanzaffar', 'tainaz', 'bartolucci.davide11', 'irenema1512']"
264,265,6,7,1,['ivisterp22'],4,"['kathyyim', 'tainaz', 'vasily.piccone', 'bartolucci.davide11']",6,"['brianzhang514', 'elmozj99', 'vivekkaundun', 'fahimrezai89', None, 'andy08']",11,"['ivisterp22', 'brianzhang514', 'andy08', 'tainaz', 'bartolucci.davide11', 'kathyyim', 'elmozj99', 'vivekkaundun', 'fahimrezai89', None, 'vasily.piccone']"
265,500,6,206,1,['glen'],4,"['jedojellyo236', 'siu856014058', 'akshatha.ec', 'mountain']",205,"['guete', 'antlomb', 'jymbarnes11', 'villarta.jabulen', 'jsweeney1', 'andreadominguezrodriguez4', 'jasonkkgukeghost', 'alright2555', 'nzhu2000', 'uni_homework', 'silvermoon0314', 'a110521014', 'miguelcou', 'peak11', 'noahmarron1127', 'oalvidrez', 'a3pa3p', 'alam1', 'glatham3211', 'athena.120245141', 'mcalderman1', 'jerry41707', 'b361user', 'blair.haydon', 'mierdatrabajos', 'fenqs', 'iliasosner21', 'samugomezbis', 'gonza801', 'nicholasdwilliams', 'yellowkitie777', 'akzafonsa', 'eray0206', 'poby', 'pancho5110', 'sjiang701', 'gregmik', 'charming', 'jiaolh', 'sunrh0215', 'dizarmejzini', 'zanoni', 'shantu.ghose', 'jwozny', 'riverhorse', 'mj02280430', 'grudzinski1', 'osvy', 'molkon', 'b12345215', 'dwh0015', 'a022354s', 'luisgue99', 'youngg', 'sl90', 'samumonin', 'kartd0103399', 'tkdqls0417', 'eva008air', 'alekdudko', 'mariaci99', 'apkaye16', 'wuyu825', 'alexander.lassooij', 'hmfx1', 'cheng1105', 'bell.1495', 'h.a.mahmod', 'milk9925', 'chengrai', 'zzxxccvv.102510', 'ptoma', 'a0989925595', 'sas0091', 'kejun626', 'simpip', 'javipm12', 'gnicezw', 'antia.santiago', 't.clavijogarcia', 'a6634141009', 'yujuchen03207', 'boan', 'teijeiroalex', 'm_flores4', 'jmayer1', 'lucaseduoli', 'easonyz', 'kavanagh', 'siddhantjn01', 'william.zhangqingyang', 'cakeohero', 'krzysztofwarga', 'shadeedl', 'tbmiller', 'mbeekman', 'qqdonald', 'elecstudent', 'dinh.nhu', 'arrhenius78', 'adamshick2525', 'manjakavahoaka', 'yhu104', 'davidcg', 'alessandroverdolotti', 'dkdznl17', 'vincenzoortosecco', 'ktulley96', 'hbenisty', 'jimmy1231237', 'akash.ram', 'aattanas', 'anapv177', 'y_li44', 'rmb0034', 'sergiorr15', 'edwardmirkin', 'mmduraiphy', 'asma00', 'zx5691782', 'light24685132', 'laura_pn', 'ratishjuneja2000', 'saducio', 'hlm0017', 'c.rineer', 'danielw', 'zhaoguoyu06', 'klupone', 'ahughes1', 'aflolb28', 'b615206', 's110521064', 'michaelroberts', 'bb7665247', 'a19990217', 'spacetimecodedata03207', 'elena.gnani', 'azsxdcpeter13579', 'noahcaracuel', 'candy0930', 'pasquale124', 'silveira', 'dhruvpatel1999ca', 'rborgesr', 'zic12345', 'italo.nunziata', 'dramaqueen13', 'santiagopendon', 'sone107208001', 'mateo1610', 'kris_yah', 'gaelle.lucasleclin', 'ws210019', 'ceciriveralamelas', 'pablobucsan', 'benlai900102', 'krzysztof.szolajski', 'ncu110521149', 'k3850305', 'ha654321ha654321', 'peytonr19', 'we1.chen', 'francescopoziello', 'genoveffapiscitelli', 'unaiplacer2d', 'erinvolpe', 'kqinglu', 'jerry10430296', 'a109521014', 'dquinte1', 'tan350', 'antoniopati2233', 'd0988222760', 'camilamore93', 'icebear828', 'kidd33sm', 'gary070825', 'rathodprashnt', 'yago', 'cgandin', 'ardavan_p', 'blank7', 'pietro.capuzzo99', 'zhanghaosen328', 'savannah.horowitz', 'walter100259', 'rich.young76', 'weining7', 'jkujawsk', 'doli327', 'rain19980505', 'cct0005', 'markrichardwong', 'jaraisehh', 'april20190710', 'msolis5', 'swirtner', 'syenhsi', 'sofiacobas', 'leman.for.search', 'jzullo', 'mdgolamzakaria3', 'shah123', 'tsaitsungyu']",210,"['guete', 'antlomb', 'jymbarnes11', 'villarta.jabulen', 'jsweeney1', 'andreadominguezrodriguez4', 'jasonkkgukeghost', 'alright2555', 'nzhu2000', 'uni_homework', 'silvermoon0314', 'a110521014', 'miguelcou', 'peak11', 'noahmarron1127', 'oalvidrez', 'a3pa3p', 'alam1', 'glatham3211', 'athena.120245141', 'mcalderman1', 'jerry41707', 'b361user', 'blair.haydon', 'mierdatrabajos', 'fenqs', 'iliasosner21', 'samugomezbis', 'gonza801', 'akshatha.ec', 'nicholasdwilliams', 'mountain', 'yellowkitie777', 'akzafonsa', 'eray0206', 'poby', 'pancho5110', 'sjiang701', 'gregmik', 'charming', 'jiaolh', 'sunrh0215', 'dizarmejzini', 'zanoni', 'shantu.ghose', 'jwozny', 'riverhorse', 'mj02280430', 'grudzinski1', 'osvy', 'molkon', 'b12345215', 'dwh0015', 'a022354s', 'luisgue99', 'youngg', 'sl90', 'samumonin', 'kartd0103399', 'tkdqls0417', 'eva008air', 'alekdudko', 'mariaci99', 'apkaye16', 'wuyu825', 'alexander.lassooij', 'hmfx1', 'cheng1105', 'bell.1495', 'h.a.mahmod', 'milk9925', 'chengrai', 'zzxxccvv.102510', 'ptoma', 'a0989925595', 'sas0091', 'kejun626', 'simpip', 'javipm12', 'gnicezw', 'antia.santiago', 't.clavijogarcia', 'a6634141009', 'yujuchen03207', 'boan', 'teijeiroalex', 'm_flores4', 'jmayer1', 'lucaseduoli', 'easonyz', 'kavanagh', 'siddhantjn01', 'william.zhangqingyang', 'cakeohero', 'krzysztofwarga', 'shadeedl', 'tbmiller', 'mbeekman', 'qqdonald', 'elecstudent', 'dinh.nhu', 'arrhenius78', 'adamshick2525', 'manjakavahoaka', 'yhu104', 'davidcg', 'alessandroverdolotti', 'dkdznl17', 'vincenzoortosecco', 'ktulley96', 'hbenisty', 'jimmy1231237', 'glen', 'akash.ram', 'aattanas', 'anapv177', 'y_li44', 'rmb0034', 'sergiorr15', 'edwardmirkin', 'mmduraiphy', 'asma00', 'zx5691782', 'light24685132', 'laura_pn', 'ratishjuneja2000', 'saducio', 'hlm0017', 'c.rineer', 'danielw', 'zhaoguoyu06', 'klupone', 'ahughes1', 'aflolb28', 'b615206', 's110521064', 'michaelroberts', 'bb7665247', 'a19990217', 'spacetimecodedata03207', 'elena.gnani', 'azsxdcpeter13579', 'noahcaracuel', 'candy0930', 'pasquale124', 'silveira', 'dhruvpatel1999ca', 'rborgesr', 'zic12345', 'italo.nunziata', 'dramaqueen13', 'santiagopendon', 'sone107208001', 'mateo1610', 'kris_yah', 'gaelle.lucasleclin', 'ws210019', 'ceciriveralamelas', 'pablobucsan', 'benlai900102', 'krzysztof.szolajski', 'jedojellyo236', 'ncu110521149', 'k3850305', 'ha654321ha654321', 'peytonr19', 'we1.chen', 'francescopoziello', 'genoveffapiscitelli', 'unaiplacer2d', 'erinvolpe', 'kqinglu', 'jerry10430296', 'a109521014', 'dquinte1', 'tan350', 'antoniopati2233', 'd0988222760', 'camilamore93', 'icebear828', 'siu856014058', 'kidd33sm', 'gary070825', 'rathodprashnt', 'yago', 'cgandin', 'ardavan_p', 'blank7', 'pietro.capuzzo99', 'zhanghaosen328', 'savannah.horowitz', 'walter100259', 'rich.young76', 'weining7', 'jkujawsk', 'doli327', 'rain19980505', 'cct0005', 'markrichardwong', 'jaraisehh', 'april20190710', 'msolis5', 'swirtner', 'syenhsi', 'sofiacobas', 'leman.for.search', 'jzullo', 'mdgolamzakaria3', 'shah123', 'tsaitsungyu']"
265,501,6,13,1,['mountain'],4,"['akshatha.ec', 'jedojellyo236', 'siu856014058', 'glen']",12,"['rqmentlalala', 'tzh13415775912', 'kaomagnhn', 'link051436', 'wyt4', 'midasfu0', 'lem850779617', 'henry998', 'jokerwang777', 'xiong', None, 'lsd']",17,"['rqmentlalala', 'tzh13415775912', 'jedojellyo236', 'link051436', 'mountain', 'wyt4', 'glen', 'henry998', 'midasfu0', None, 'lsd', 'kaomagnhn', 'lem850779617', 'siu856014058', 'jokerwang777', 'xiong', 'akshatha.ec']"
265,498,6,7,2,"['jedojellyo236', 'siu856014058']",3,"['glen', 'akshatha.ec', 'mountain']",5,"['js9183218', 'denae2131', 'loveyourself1114', None, 'fallslarissa12']",10,"['jedojellyo236', 'loveyourself1114', 'mountain', 'glen', 'siu856014058', 'denae2131', 'js9183218', None, 'akshatha.ec', 'fallslarissa12']"
268,280,6,70,1,['tmahlma'],4,"['landryj', 'coverstr', 'kamilagb9899', 'jmarsico']",69,"['lee3441', 'eaaltone', 'snowling', 'solimana', 'jwat', 'kim2836', 'nlueck', 'mahdinanohub', 'zhan2846', 'wu1254', 'piaow', 'nykiel.4', 'pmangana', 'chen2122', 'mart1282', 'vrangapr', 'sawantk', 'psalek', 'jbarsima', 'cchabria', 'mcclurez', 'frankzhou', 'hnowak', 'almarzoa', 'dfarache', 'reyno169', 'nganti', 'ltopliff', 'marisol', 'milama', 'lund3', 'pandes', 'joshi146', 'jmacatan', 'aloysius', 'spivakm', 'jverduzc', 'mademoiselle0812', 'alafzi', 'mrgiglio', 'sharm524', 'paul115', 'tschoste', 'sulli256', 'pbaugh', 'alecsabia', 'kumar534', 'ethan2', 'hgrennan', 'lucywagner', 'rapplet', 'hill392', 'reppertm', 'zhan4096', 'apunnamo', 'mishra94', 'kmccorry', 'ahads', 'ercikan', None, 'kumar477', 'gnishibu', 'hguangshuai', 'ramey10', 'darint916', 'singh606', 'wishard', 'ryan103', 'bbutzow']",74,"['lee3441', 'eaaltone', 'snowling', 'solimana', 'jwat', 'kim2836', 'nlueck', 'mahdinanohub', 'zhan2846', 'wu1254', 'piaow', 'kamilagb9899', 'nykiel.4', 'pmangana', 'chen2122', 'mart1282', 'vrangapr', 'sawantk', 'psalek', 'jbarsima', 'cchabria', 'mcclurez', 'frankzhou', 'hnowak', 'almarzoa', 'dfarache', 'reyno169', 'nganti', 'ltopliff', 'marisol', 'milama', 'lund3', 'pandes', 'joshi146', 'jmacatan', 'aloysius', 'spivakm', 'jverduzc', 'mademoiselle0812', 'alafzi', 'mrgiglio', 'sharm524', 'paul115', 'tschoste', 'tmahlma', 'sulli256', 'pbaugh', 'alecsabia', 'kumar534', 'ethan2', 'hgrennan', 'lucywagner', 'rapplet', 'hill392', 'reppertm', 'zhan4096', 'apunnamo', 'mishra94', 'kmccorry', 'ahads', 'ercikan', None, 'kumar477', 'gnishibu', 'hguangshuai', 'ramey10', 'darint916', 'ryan103', 'jmarsico', 'singh606', 'wishard', 'landryj', 'coverstr', 'bbutzow']"
268,275,6,49,1,['coverstr'],4,"['landryj', 'tmahlma', 'kamilagb9899', 'jmarsico']",48,"['jverduzc', 'faltens', 'ubajwa', 'mademoiselle0812', 'alafzi', 'snowling', 'efoesch', 'paul115', 'emizhiri', 'woods158', 'lawren83', 'nandya', 'wdrakas', 'sulli256', 'nykiel.4', 'fixa', 'ethan2', 'dmoebius', 'pmangana', 'hgrennan', 'hill392', 'rapplet', 'aloysius', 'jwaimin', 'bowerp', 'hoodjd', 'psalek', 'jbarsima', 'naik26', 'reppertm', 'mcclurez', 'ticody', 'zhan4096', 'frankzhou', 'geakins', 'pai15', 'mishra94', 'ahads', None, 'knordyke', 'gnishibu', 'pnagrani', 'darint916', 'atakoch', 'abhivictor2', 'iyer95', 'perrinm', 'yjzhuang5']",53,"['jverduzc', 'faltens', 'ubajwa', 'mademoiselle0812', 'alafzi', 'snowling', 'efoesch', 'paul115', 'emizhiri', 'woods158', 'lawren83', 'tmahlma', 'kamilagb9899', 'nandya', 'wdrakas', 'sulli256', 'nykiel.4', 'fixa', 'ethan2', 'dmoebius', 'pmangana', 'hgrennan', 'hill392', 'rapplet', 'aloysius', 'jwaimin', 'bowerp', 'hoodjd', 'psalek', 'jbarsima', 'naik26', 'reppertm', 'mcclurez', 'ticody', 'zhan4096', 'frankzhou', 'geakins', 'pai15', 'mishra94', 'iyer95', 'ahads', None, 'knordyke', 'gnishibu', 'pnagrani', 'darint916', 'jmarsico', 'atakoch', 'abhivictor2', 'landryj', 'coverstr', 'perrinm', 'yjzhuang5']"
