MClusterID,XClusterID,MClusterSize,XClusterSize,OverlapSize,OverlapMembers,MOnlySize,MOnlyMembers,XOnlySize,XOnlyMembers,CombinedSize,CombinedMembers
1,205,281,270,24,"['foojorge', 'xoangon', 'jdanivc', 'aloptor', 'mmartinezsanchez', 'uxiavelca', 'juansans98', 'exareivaj', 'pablosande98', 'clara.landesa', 'manuel10suarez10', 'martinzapatamartinez', 'myez', 'caetano.eirea', 'miguel_fernandez', 'isaac.dominguez4444', 'marniesan', 'qumo4329', 'juanjoseo', 'iagomillanentenza', 'xoanmayo', 'lidiadom', 'samuelfl', 'fofi94']",257,"['marinabm', 'andrei.luneow01031999', 'alyabra.alejandro', 'noxis986', 'miguellopezcardenas98', 'uutty2010', 'clarahernandez05f', 'emixose', 'juanjotromp', 'alejandromo1610', 'albertoccz', 'anderson.bi', 'lauragdevesa', 'elmanguito', 'alex_varela_17', 'jameslin', 'qwe', 'xxy0501', '9.genest.gabriel', 'simoncarloscartamil', 'e.lucasnavarrog', 'joannesy', 'alicia.mosq', 'isaac.carrillo', 'songy', 'carterkirkendoll', 'wang.yaoz', 'plmolina4', 'davidga568', '836054323_wj', 'dalder', 'gmedina', 'andreasorroche', 'sergiocalo.barranha', 'victortorressuch', 'hariprasanna', 'ch2922', 'campamarin', 'laurenp', 'jbalderasfernandez', 'akamsali', 'alecorti.pardo', 'leoncc', 'kennyxsy', 'niravsurajlal', 'enriquevaliente17', 'elisa.vicenteei', 'anamconrado', 'paula.mourino', 'tonybocadillosgrandes', 'alexsanchezcast', 'comeseetake', 'chrispvnofficial', 'danielfdezcalo', 'sangkyu.sun', 'rysw5590', 'miguelpinocarmona', 'hit.kamble', 'pablolopezexposito', 'rakki.datta', 'rubenortega', 'julioug1', 'liuman961021', 'dariogarciaredecillas', 'ralfli', 'zakizhou', 'fernando_ibarra', 'chenxi', 'joeanszxc', 'chwi7664', 'anselmoantorcha', 'michaelcameronmcdonald', 'h_elmenier', 'maurobn98', 'valeriamg', 'wangjianed_1992', 'fran.mosquera.pena', 'fabiolajsanlop', 'luisbarrios', 'dyoh5119', 'iagopardo97', 'jesslyn', 'e.jojusalo', 'lucamonduzzi96', 'kong2020', 'bgutierrez', 'clarachapela10', 'martin.gutierrez', 'ejg98', 'limengyuanli66', 'guojunxiong25', 'manucro10', 'hamza32amar', 'shikhararvind', 'zhs002', 'choikj', 'ee5502', 'pmvd95', 'nivedaksubramanian', 'yingxue58', 'e.ivanlopgar1997', 'henglund', 'abdulhaiyum.f', 'haominl1997', 'elena.j.g', 'yuxian123', 'david.garrido', 'j.guedegar', 'wtq77', 'juancarlosroutrera', 'japrz', 'rayoaki7', 'danidm', 'savas', 'alsyaari', 'anar4331', 'ergobe3', 'mari.paucom', 'ionemanuelmoralesrosales', 'jerome.alag', 'albertortepin', 'zhang.jiayu', 'lluisgonzaga96', 'nuriamj', 'melonlzheng', 'sohamsawant912', 'fabiola.santos', 'sebastianvromero', 'shihhaotsai', 'pablo.garcia.bas', 'albertoangulo', 'dariogarred', 'andrea.mendez', 'mgupta15', 'miaocx714', 'praveens013', 'wanghb', 'zewei', 'e.fisicahamza', 'xiaolei', 'chenyue', 'jgm2096', 'miri23', 'gonzavt15', 'esteban.figueroa', 'p.suarez97', 'isaferjim', 'shizhan.flood', 'brendaorea15', 'thunaung', 'watashi.legion', 'sergiogrcsnchz', 'aidan.rooney17', 'brunolopez', 'facundobonfiglio', 'costasdiego97', 'juanariza', 'austinz', 'francisxavgr', 'guyu', 'ero15953', 'alyabra', 'thackettt', 'savardbastien', 'zihang', 'sotmas', 'floren_ff', 'hdelatorre3524', 'justinegiroux', '2015soham.sawant', 'veronica.castro', 'cxiuqi1', 'mihai.pislaru.fisica', 'ryu.j', 'mihaipx', 'antonionito1993', 'guoxg46', 'angelaturnes', 'jaimedmj', 'dulguun_021', 'soddy1996', 'al16do06', 'ivan1', 'gonzalogbb', 'aliraza2013ee360', 'paula.bolboreta', 'amirbadshah224', 'lianyi96', 'xxxxiaofan', 'bulganb28', 'sstty7', 'pablomd', 'hewutanyuan', 'antonio98y', 'luisgfloreslarrea', 'tergel1999', 'e0427406', 'blasern', 'yzarni89', 'antoinelegare', 'arturocastro94', 'alyabra.vargas', 'nuriatellado', 'berzasnon', 'dang.e', 'pedrogea08', 'danidrivas98', 'melissa5', 'pedrobeko98', 'bellmanz', 'xiaode', 'cristinacostas', 'cmoadne', 'roberto.nava', 'martin32', 'zhaoyu960207', 'policon', 'iagomoscer', 'elviracastillo', 'cytuslll1997', 'mordor', 'claudia.puga', 'ludoba2912', 'feijoomartina', 'essheh', 'junwen', 'mariamfontan', 'pablosempredepor97', 'xhan009', 'chenxiwang', 'carlosbesadaromero', 'adec', 'isafdez', 'stgermain.b', 'pablocrespo11', 'agarviespi', 'sylim1', 'chenre', 'edgarmtz', 'elmu6301', 'salamghgh20', 'jinfengleong', 'prra6646', 'aledes', 'lluissanuy', 'pablojosecalvo', 'christsun', 'albacosta', 'wmy', 'gkkk6', 'jiaqi.guoguo', 'gbatzorig268', 'a997154508', 'dja19951995', 'ottoridemar', 'bingshengliu', 'chema']",246,"['5dustkd', 'siyuezheng', 'josedamiangarcianoya', 'emilioar', 'daniel.robin22', 'nerwin', 'yassminsabry', 'vetterd', 'andrea.oldham97', 'doog9601', 'rricardo0324', 'mehdibandali', 'carlosvigo1997', 'jmy0002', 'koakhyunji', 'mocha7411', 'yjn3492', 'socrat', 'alskdjfh6161', 'mertyamanoglu', 'ziyue2', 'bassel0elgharbawy0', 'gekco', 'rachel.blaydes', 'kirollos.morcos.km', 'xfiles', 'chzh1341', 'kesu1234', 'ganaaa12a', 'kunge0054', 'finnclements', 'coopjord', 'georgeckchen', 'soddi1621', 'hs960531', 'estalin', 'rachelgjohnson', 'antoramp', 'alberto4', 'ye02', 'dhkswk96', 'junzed2', 'ghobashy445', 'xogus102929', 'graceml2', 'rsp79', 'gipes', 'cmoauro2', 'kendalhiatt', 'marshallfrye', 'vandelei', 'b.benson', 'giacomo.munari.1', 'ignaciomilani', 'toast', '123whdxor', 'zlapvmf', 'nakkulab', 'jeandavid', 'lsj4677', 'petercp2', 'raymondzhou227', 'm0650104.ee06g', 'johnlanghout', 'lhc33820933', 'jasperdeconinck', 'tnqls3409', 'bobbimatheson', 'sabintandukar', 'spazos', 'bsusol2', 'matthewdailey', 'u0543041', 'macks', 'jesusgiraldez', 'giacomo.bego', 'u1201859', 'ana.rmteo', 'immmin6677', 'dbister', 'dangover94', 'genius_p', 'corozco', 'titanking231', 'glevita2', 'dish1498', 'qottkf6194', 'wodnjssnsk12', 'qwerty0637', 'nes1011', 'ghtlstnf7', 'eunice98k', 'k66773659', 'emt2', 'zaubin42', 'eserafimbortolazzo', 'franktib2', 'sallysong683', 'giung0227', 'cbnuleejinwoo', 'declanb', 'axelbelgarde', 'n3b3x', 'cbo3', 'anamichelena', 'dale7283', 'nshamsi', 'cjsxodnd12', 'dnlek12', 'thddpwls257', 'danielm78', 'ardisch123', 'ybso1566', 'rygr8576', 'jedelkind0117', 'boody456366', 'antonio25', 'bha00001', 'zrm0001', 'jenniferperez1', 'pedro.julian', 'leesk4869', 'jiaolh', 'parkface94', 'cjs476', 'b.isenberg', 'blake.ballou08', 'msubullies1', 'sgu20151463', 'anstjd1542', 'hyerim100600', 'jrichman99', 'aht47', 'roychoudhuryaditya2019', 'u0360918', 'philg', 'mattmattmerrill', 'navya.k.shastri', 'yoonek6719', 'jakubpepas', 'dbeciri45', 'logankraus', 'u1121281', 'sukjunyeo', 'jaephago', 'qncowlf10', 'rbb0001', 'mauro_sg', 'idargu90', 'hancheyn', 'alw0039', 'yougyeongo', 'student1000', 'chvk4161', 'palzmq', 'mcdonald.josh', 'mitchell.shields99', 'lukebidulka', 'chohyundong12', 'pablocl', 'gcxmoffice1994', 'dorxlqmdkdlel', 'bw02203', 'itskatomall', 'ludovick', 'beper53', 'jlkirk', 'pichoncillo1', 'ohh99o9', 'dmeyer1998', 'htj1104', 'cicalesej', 'anais3', 'ophelie10', 'eogn1004', 'taylordavis678', 'u1285150', 'jboniuk98', 'matthewleemle2', 'hellbomber101', 'supernhtr', 'ryuhoin2002', 'e.pmcrespo', 'dldnals2020', 'marcospascualin', 'juho4523', 'sschneider874', 'qkslqksl951', 'danielcondetorres', 'tristram', 'mis5660', 'mtanzi', 'rohdej', 'kyserch', 'guillermocam', 'byeolguri', 'nargene', 'aanupam3', 'rhrna007', 'aia00001', 'jhryu1994', 'chdu6864', 'lwang82', 'wjdekgus77', 'therahuul', 'sherwmit', 'ylanbdr', 'josig2011', 'dariushkim', 'kepco2020a', 'foghel96', 'yoojeong9925', 'tjtks4730', 'hayejord', 'naitix', 'suyoneee', 'tonni1912', 'mikesnure', 'bbatuhanbilecen', 'khfrum', 'jn12su27', 'piri940511', 'andreagcoto', 'gonserr', 'sumintnals', 'adp5383', 'tpollei', 'latourem', 'hyerim1006000', 'adrianhochgesang', 'ezsamsuntung', 'thomas.poulin', 'anstpdlffj3', 'reyda', 'martinperezmaneiro', 'tmdorsey', 'smdesrochers', 'shabnashreej', 'sportmonkey584', 'jonathan.balent', 'sooooooy314', 'abal2474', 'hjshook', 'francike', 'iflueck2', 'ekdms0894']",527,"['marinabm', '5dustkd', 'miguellopezcardenas98', 'daniel.robin22', 'nerwin', 'yassminsabry', 'vetterd', 'andrea.oldham97', 'doog9601', 'clarahernandez05f', 'emixose', 'albertoccz', 'rricardo0324', 'lauragdevesa', 'alex_varela_17', 'uxiavelca', 'mehdibandali', 'carlosvigo1997', 'yjn3492', 'xxy0501', '9.genest.gabriel', 'simoncarloscartamil', 'joannesy', 'alicia.mosq', 'isaac.carrillo', 'carterkirkendoll', 'bassel0elgharbawy0', 'dalder', 'gmedina', 'rachel.blaydes', 'kirollos.morcos.km', 'victortorressuch', 'alecorti.pardo', 'campamarin', 'chzh1341', 'kunge0054', 'enriquevaliente17', 'elisa.vicenteei', 'miguel_fernandez', 'finnclements', 'miguelpinocarmona', 'pablolopezexposito', 'soddi1621', 'hs960531', 'estalin', 'antoramp', 'alberto4', 'dhkswk96', 'ghobashy445', 'dariogarciaredecillas', 'graceml2', 'gipes', 'fernando_ibarra', 'kendalhiatt', 'chenxi', 'joeanszxc', 'marshallfrye', 'chwi7664', 'foojorge', 'michaelcameronmcdonald', '123whdxor', 'maurobn98', 'aloptor', 'lsj4677', 'luisbarrios', 'iagopardo97', 'jesslyn', 'guojunxiong25', 'juansans98', 'bgutierrez', 'kong2020', 'martin.gutierrez', 'clarachapela10', 'limengyuanli66', 'johnlanghout', 'lhc33820933', 'manucro10', 'jasperdeconinck', 'hamza32amar', 'zhs002', 'choikj', 'bobbimatheson', 'ee5502', 'pmvd95', 'nivedaksubramanian', 'spazos', 'matthewdailey', 'u0543041', 'macks', 'yingxue58', 'myez', 'giacomo.bego', 'henglund', 'elena.j.g', 'ana.rmteo', 'immmin6677', 'dangover94', 'yuxian123', 'j.guedegar', 'corozco', 'wtq77', 'glevita2', 'dish1498', 'titanking231', 'marniesan', 'rayoaki7', 'qottkf6194', 'danidm', 'savas', 'juanjoseo', 'alsyaari', 'ionemanuelmoralesrosales', 'jerome.alag', 'eunice98k', 'k66773659', 'zhang.jiayu', 'lluisgonzaga96', 'nuriamj', 'sohamsawant912', 'shihhaotsai', 'fabiola.santos', 'emt2', 'zaubin42', 'eserafimbortolazzo', 'franktib2', 'cbnuleejinwoo', 'praveens013', 'wanghb', 'cbo3', 'e.fisicahamza', 'xiaolei', 'chenyue', 'nshamsi', 'cjsxodnd12', 'miri23', 'dnlek12', 'gonzavt15', 'p.suarez97', 'isaferjim', 'brendaorea15', 'thunaung', 'aidan.rooney17', 'brunolopez', 'rygr8576', 'boody456366', 'juanariza', 'antonio25', 'bha00001', 'guyu', 'zrm0001', 'jenniferperez1', 'ero15953', 'alyabra', 'floren_ff', 'hdelatorre3524', 'justinegiroux', 'leesk4869', 'jiaolh', '2015soham.sawant', 'veronica.castro', 'parkface94', 'anstjd1542', 'msubullies1', 'ryu.j', 'angelaturnes', 'guoxg46', 'hyerim100600', 'jrichman99', 'jaimedmj', 'aht47', 'caetano.eirea', 'philg', 'mattmattmerrill', 'jakubpepas', 'yoonek6719', 'dbeciri45', 'u1121281', 'gonzalogbb', 'mauro_sg', 'qncowlf10', 'idargu90', 'sstty7', 'pablomd', 'yougyeongo', 'student1000', 'chvk4161', 'mitchell.shields99', 'antonio98y', 'luisgfloreslarrea', 'tergel1999', 'chohyundong12', 'ludovick', 'e0427406', 'blasern', 'gcxmoffice1994', 'itskatomall', 'arturocastro94', 'alyabra.vargas', 'jlkirk', 'pichoncillo1', 'htj1104', 'pedrogea08', 'anais3', 'danidrivas98', 'ophelie10', 'melissa5', 'eogn1004', 'bellmanz', 'xiaode', 'hellbomber101', 'supernhtr', 'ryuhoin2002', 'e.pmcrespo', 'zhaoyu960207', 'marcospascualin', 'juho4523', 'danielcondetorres', 'iagomoscer', 'pablosande98', 'mtanzi', 'kyserch', 'guillermocam', 'cytuslll1997', 'mordor', 'aanupam3', 'claudia.puga', 'feijoomartina', 'rhrna007', 'essheh', 'aia00001', 'mariamfontan', 'lwang82', 'wjdekgus77', 'pablosempredepor97', 'josig2011', 'dariushkim', 'xhan009', 'kepco2020a', 'hayejord', 'tjtks4730', 'tonni1912', 'naitix', 'bbatuhanbilecen', 'pablocrespo11', 'khfrum', 'agarviespi', 'sylim1', 'piri940511', 'gonserr', 'iagomillanentenza', 'elmu6301', 'salamghgh20', 'adp5383', 'tpollei', 'jinfengleong', 'prra6646', 'aledes', 'lluissanuy', 'ezsamsuntung', 'pablojosecalvo', 'christsun', 'wmy', 'reyda', 'martinperezmaneiro', 'gkkk6', 'tmdorsey', 'smdesrochers', 'jonathan.balent', 'jiaqi.guoguo', 'hjshook', 'francike', 'iflueck2', 'ottoridemar', 'dang.e', 'bingshengliu', 'chema', 'josedamiangarcianoya', 'andrei.luneow01031999', 'alyabra.alejandro', 'siyuezheng', 'emilioar', 'noxis986', 'uutty2010', 'anderson.bi', 'juanjotromp', 'alejandromo1610', 'elmanguito', 'jameslin', 'qwe', 'jmy0002', 'koakhyunji', 'mocha7411', 'socrat', 'alskdjfh6161', 'wang.yaoz', 'e.lucasnavarrog', 'songy', 'thackettt', 'plmolina4', 'davidga568', 'mertyamanoglu', 'ziyue2', 'gekco', '836054323_wj', 'andreasorroche', 'sergiocalo.barranha', 'hariprasanna', 'ch2922', 'akamsali', 'laurenp', 'jbalderasfernandez', 'kesu1234', 'ganaaa12a', 'leoncc', 'kennyxsy', 'niravsurajlal', 'anamconrado', 'paula.mourino', 'tonybocadillosgrandes', 'alexsanchezcast', 'comeseetake', 'chrispvnofficial', 'danielfdezcalo', 'sangkyu.sun', 'rysw5590', 'coopjord', 'georgeckchen', 'hit.kamble', 'rakki.datta', 'xogus102929', 'rubenortega', 'rachelgjohnson', 'ye02', 'julioug1', 'junzed2', 'liuman961021', 'ralfli', 'zakizhou', 'rsp79', 'cmoauro2', 'vandelei', 'xoangon', 'anselmoantorcha', 'b.benson', 'giacomo.munari.1', 'ignaciomilani', 'h_elmenier', 'valeriamg', 'toast', 'zlapvmf', 'nakkulab', 'wangjianed_1992', 'jeandavid', 'fran.mosquera.pena', 'fabiolajsanlop', 'petercp2', 'dyoh5119', 'mmartinezsanchez', 'raymondzhou227', 'm0650104.ee06g', 'e.jojusalo', 'lucamonduzzi96', 'ejg98', 'tnqls3409', 'shikhararvind', 'manuel10suarez10', 'sabintandukar', 'bsusol2', 'martinzapatamartinez', 'jesusgiraldez', 'e.ivanlopgar1997', 'abdulhaiyum.f', 'u1201859', 'haominl1997', 'dbister', 'david.garrido', 'genius_p', 'isaac.dominguez4444', 'juancarlosroutrera', 'japrz', 'wodnjssnsk12', 'ergobe3', 'anar4331', 'qwerty0637', 'mari.paucom', 'lidiadom', 'nes1011', 'albertortepin', 'samuelfl', 'ghtlstnf7', 'melonlzheng', 'pablo.garcia.bas', 'sebastianvromero', 'albertoangulo', 'dariogarred', 'andrea.mendez', 'mgupta15', 'miaocx714', 'zewei', 'fofi94', 'sallysong683', 'giung0227', 'axelbelgarde', 'declanb', 'n3b3x', 'anamichelena', 'dale7283', 'jgm2096', 'thddpwls257', 'danielm78', 'esteban.figueroa', 'shizhan.flood', 'ardisch123', 'watashi.legion', 'sergiogrcsnchz', 'ybso1566', 'jedelkind0117', 'facundobonfiglio', 'exareivaj', 'costasdiego97', 'austinz', 'francisxavgr', 'savardbastien', 'pedro.julian', 'zihang', 'sotmas', 'cjs476', 'cxiuqi1', 'mihai.pislaru.fisica', 'b.isenberg', 'mihaipx', 'blake.ballou08', 'antonionito1993', 'sgu20151463', 'roychoudhuryaditya2019', 'dulguun_021', 'u0360918', 'soddy1996', 'navya.k.shastri', 'al16do06', 'ivan1', 'logankraus', 'aliraza2013ee360', 'paula.bolboreta', 'amirbadshah224', 'sukjunyeo', 'lianyi96', 'xxxxiaofan', 'qumo4329', 'bulganb28', 'jaephago', 'rbb0001', 'hancheyn', 'alw0039', 'palzmq', 'mcdonald.josh', 'hewutanyuan', 'lukebidulka', 'bw02203', 'pablocl', 'beper53', 'dorxlqmdkdlel', 'yzarni89', 'antoinelegare', 'ohh99o9', 'nuriatellado', 'berzasnon', 'dmeyer1998', 'cicalesej', 'jdanivc', 'taylordavis678', 'pedrobeko98', 'u1285150', 'jboniuk98', 'matthewleemle2', 'cristinacostas', 'cmoadne', 'roberto.nava', 'martin32', 'dldnals2020', 'policon', 'sschneider874', 'qkslqksl951', 'tristram', 'elviracastillo', 'mis5660', 'rohdej', 'byeolguri', 'clara.landesa', 'nargene', 'ludoba2912', 'jhryu1994', 'junwen', 'chdu6864', 'therahuul', 'sherwmit', 'ylanbdr', 'chenxiwang', 'carlosbesadaromero', 'adec', 'isafdez', 'foghel96', 'yoojeong9925', 'suyoneee', 'stgermain.b', 'mikesnure', 'jn12su27', 'andreagcoto', 'sumintnals', 'chenre', 'edgarmtz', 'adrianhochgesang', 'latourem', 'hyerim1006000', 'xoanmayo', 'albacosta', 'thomas.poulin', 'anstpdlffj3', 'shabnashreej', 'sportmonkey584', 'sooooooy314', 'gbatzorig268', 'abal2474', 'a997154508', 'xfiles', 'dja19951995', 'ekdms0894']"
1,12,281,52,52,"['chenyue', 'uutty2010', 'wangjianed_1992', 'xiaode', 'thunaung', 'cmoadne', 'zhaoyu960207', 'policon', 'jesslyn', 'kong2020', 'limengyuanli66', 'jameslin', 'austinz', 'qwe', 'francisxavgr', 'guyu', 'cytuslll1997', 'joannesy', 'songy', 'zihang', 'ee5502', '836054323_wj', '2015soham.sawant', 'cxiuqi1', 'guoxg46', 'ch2922', 'xhan009', 'kennyxsy', 'yuxian123', 'wtq77', 'sylim1', 'comeseetake', 'alsyaari', 'jinfengleong', 'jerome.alag', 'hewutanyuan', 'liuman961021', 'wmy', 'ralfli', 'sohamsawant912', 'shihhaotsai', 'e0427406', 'zakizhou', 'yzarni89', 'christsun', 'gkkk6', 'jiaqi.guoguo', 'miaocx714', 'praveens013', 'wanghb', 'joeanszxc', 'xiaolei']",229,"['marinabm', 'miguellopezcardenas98', 'clarahernandez05f', 'emixose', 'albertoccz', 'lauragdevesa', 'alex_varela_17', 'uxiavelca', 'xxy0501', '9.genest.gabriel', 'simoncarloscartamil', 'alicia.mosq', 'isaac.carrillo', 'carterkirkendoll', 'dalder', 'gmedina', 'victortorressuch', 'alecorti.pardo', 'campamarin', 'enriquevaliente17', 'elisa.vicenteei', 'miguel_fernandez', 'miguelpinocarmona', 'pablolopezexposito', 'dariogarciaredecillas', 'fernando_ibarra', 'chenxi', 'chwi7664', 'foojorge', 'michaelcameronmcdonald', 'maurobn98', 'aloptor', 'luisbarrios', 'iagopardo97', 'guojunxiong25', 'juansans98', 'bgutierrez', 'martin.gutierrez', 'clarachapela10', 'manucro10', 'hamza32amar', 'zhs002', 'choikj', 'pmvd95', 'nivedaksubramanian', 'yingxue58', 'myez', 'henglund', 'elena.j.g', 'j.guedegar', 'marniesan', 'rayoaki7', 'danidm', 'savas', 'juanjoseo', 'ionemanuelmoralesrosales', 'zhang.jiayu', 'lluisgonzaga96', 'nuriamj', 'fabiola.santos', 'e.fisicahamza', 'miri23', 'gonzavt15', 'p.suarez97', 'isaferjim', 'brendaorea15', 'aidan.rooney17', 'brunolopez', 'juanariza', 'ero15953', 'alyabra', 'floren_ff', 'hdelatorre3524', 'justinegiroux', 'veronica.castro', 'ryu.j', 'angelaturnes', 'jaimedmj', 'caetano.eirea', 'gonzalogbb', 'sstty7', 'pablomd', 'antonio98y', 'luisgfloreslarrea', 'tergel1999', 'blasern', 'arturocastro94', 'alyabra.vargas', 'pedrogea08', 'danidrivas98', 'melissa5', 'bellmanz', 'iagomoscer', 'pablosande98', 'mordor', 'claudia.puga', 'feijoomartina', 'essheh', 'mariamfontan', 'pablosempredepor97', 'pablocrespo11', 'agarviespi', 'iagomillanentenza', 'elmu6301', 'salamghgh20', 'prra6646', 'aledes', 'lluissanuy', 'pablojosecalvo', 'ottoridemar', 'dang.e', 'bingshengliu', 'chema', 'andrei.luneow01031999', 'alyabra.alejandro', 'noxis986', 'anderson.bi', 'juanjotromp', 'alejandromo1610', 'elmanguito', 'wang.yaoz', 'e.lucasnavarrog', 'thackettt', 'plmolina4', 'davidga568', 'andreasorroche', 'sergiocalo.barranha', 'hariprasanna', 'akamsali', 'laurenp', 'jbalderasfernandez', 'leoncc', 'niravsurajlal', 'anamconrado', 'paula.mourino', 'tonybocadillosgrandes', 'alexsanchezcast', 'chrispvnofficial', 'danielfdezcalo', 'sangkyu.sun', 'rysw5590', 'hit.kamble', 'rakki.datta', 'rubenortega', 'julioug1', 'xoangon', 'anselmoantorcha', 'h_elmenier', 'valeriamg', 'fran.mosquera.pena', 'fabiolajsanlop', 'dyoh5119', 'mmartinezsanchez', 'e.jojusalo', 'lucamonduzzi96', 'ejg98', 'shikhararvind', 'manuel10suarez10', 'martinzapatamartinez', 'e.ivanlopgar1997', 'abdulhaiyum.f', 'haominl1997', 'david.garrido', 'isaac.dominguez4444', 'juancarlosroutrera', 'japrz', 'ergobe3', 'anar4331', 'mari.paucom', 'lidiadom', 'albertortepin', 'samuelfl', 'melonlzheng', 'pablo.garcia.bas', 'sebastianvromero', 'albertoangulo', 'dariogarred', 'andrea.mendez', 'mgupta15', 'zewei', 'fofi94', 'jgm2096', 'esteban.figueroa', 'shizhan.flood', 'watashi.legion', 'sergiogrcsnchz', 'facundobonfiglio', 'exareivaj', 'costasdiego97', 'savardbastien', 'sotmas', 'mihai.pislaru.fisica', 'mihaipx', 'antonionito1993', 'dulguun_021', 'soddy1996', 'al16do06', 'ivan1', 'aliraza2013ee360', 'paula.bolboreta', 'amirbadshah224', 'lianyi96', 'xxxxiaofan', 'qumo4329', 'bulganb28', 'antoinelegare', 'nuriatellado', 'berzasnon', 'jdanivc', 'pedrobeko98', 'cristinacostas', 'roberto.nava', 'martin32', 'elviracastillo', 'clara.landesa', 'ludoba2912', 'junwen', 'chenxiwang', 'carlosbesadaromero', 'adec', 'isafdez', 'stgermain.b', 'chenre', 'edgarmtz', 'xoanmayo', 'albacosta', 'gbatzorig268', 'a997154508', 'dja19951995']",0,[],281,"['marinabm', 'miguellopezcardenas98', 'clarahernandez05f', 'emixose', 'albertoccz', 'lauragdevesa', 'alex_varela_17', 'uxiavelca', 'xxy0501', '9.genest.gabriel', 'simoncarloscartamil', 'joannesy', 'alicia.mosq', 'isaac.carrillo', 'carterkirkendoll', 'dalder', 'gmedina', 'victortorressuch', 'alecorti.pardo', 'campamarin', 'enriquevaliente17', 'elisa.vicenteei', 'miguel_fernandez', 'miguelpinocarmona', 'pablolopezexposito', 'dariogarciaredecillas', 'fernando_ibarra', 'chenxi', 'joeanszxc', 'chwi7664', 'foojorge', 'michaelcameronmcdonald', 'maurobn98', 'aloptor', 'luisbarrios', 'iagopardo97', 'jesslyn', 'guojunxiong25', 'juansans98', 'bgutierrez', 'kong2020', 'martin.gutierrez', 'clarachapela10', 'limengyuanli66', 'manucro10', 'hamza32amar', 'zhs002', 'choikj', 'ee5502', 'pmvd95', 'nivedaksubramanian', 'yingxue58', 'myez', 'henglund', 'elena.j.g', 'yuxian123', 'j.guedegar', 'wtq77', 'marniesan', 'rayoaki7', 'danidm', 'savas', 'juanjoseo', 'alsyaari', 'ionemanuelmoralesrosales', 'jerome.alag', 'zhang.jiayu', 'lluisgonzaga96', 'nuriamj', 'sohamsawant912', 'shihhaotsai', 'fabiola.santos', 'praveens013', 'wanghb', 'e.fisicahamza', 'xiaolei', 'chenyue', 'miri23', 'gonzavt15', 'p.suarez97', 'isaferjim', 'brendaorea15', 'thunaung', 'aidan.rooney17', 'brunolopez', 'juanariza', 'guyu', 'ero15953', 'alyabra', 'floren_ff', 'hdelatorre3524', 'justinegiroux', '2015soham.sawant', 'veronica.castro', 'ryu.j', 'angelaturnes', 'guoxg46', 'jaimedmj', 'caetano.eirea', 'gonzalogbb', 'sstty7', 'pablomd', 'antonio98y', 'luisgfloreslarrea', 'tergel1999', 'e0427406', 'blasern', 'arturocastro94', 'alyabra.vargas', 'pedrogea08', 'danidrivas98', 'melissa5', 'bellmanz', 'xiaode', 'zhaoyu960207', 'iagomoscer', 'pablosande98', 'cytuslll1997', 'mordor', 'claudia.puga', 'feijoomartina', 'essheh', 'mariamfontan', 'pablosempredepor97', 'xhan009', 'pablocrespo11', 'agarviespi', 'sylim1', 'iagomillanentenza', 'elmu6301', 'salamghgh20', 'jinfengleong', 'prra6646', 'aledes', 'lluissanuy', 'pablojosecalvo', 'christsun', 'wmy', 'gkkk6', 'jiaqi.guoguo', 'ottoridemar', 'dang.e', 'bingshengliu', 'chema', 'andrei.luneow01031999', 'alyabra.alejandro', 'noxis986', 'uutty2010', 'anderson.bi', 'juanjotromp', 'alejandromo1610', 'elmanguito', 'jameslin', 'qwe', 'wang.yaoz', 'e.lucasnavarrog', 'songy', 'thackettt', 'plmolina4', 'davidga568', '836054323_wj', 'andreasorroche', 'sergiocalo.barranha', 'hariprasanna', 'ch2922', 'akamsali', 'laurenp', 'jbalderasfernandez', 'leoncc', 'kennyxsy', 'niravsurajlal', 'anamconrado', 'paula.mourino', 'tonybocadillosgrandes', 'alexsanchezcast', 'comeseetake', 'chrispvnofficial', 'danielfdezcalo', 'sangkyu.sun', 'rysw5590', 'hit.kamble', 'rakki.datta', 'rubenortega', 'julioug1', 'liuman961021', 'ralfli', 'zakizhou', 'xoangon', 'anselmoantorcha', 'h_elmenier', 'valeriamg', 'wangjianed_1992', 'fran.mosquera.pena', 'fabiolajsanlop', 'dyoh5119', 'mmartinezsanchez', 'e.jojusalo', 'lucamonduzzi96', 'ejg98', 'shikhararvind', 'manuel10suarez10', 'martinzapatamartinez', 'e.ivanlopgar1997', 'abdulhaiyum.f', 'haominl1997', 'david.garrido', 'isaac.dominguez4444', 'juancarlosroutrera', 'japrz', 'ergobe3', 'anar4331', 'mari.paucom', 'lidiadom', 'albertortepin', 'samuelfl', 'melonlzheng', 'pablo.garcia.bas', 'sebastianvromero', 'albertoangulo', 'dariogarred', 'andrea.mendez', 'mgupta15', 'miaocx714', 'zewei', 'fofi94', 'jgm2096', 'esteban.figueroa', 'shizhan.flood', 'watashi.legion', 'sergiogrcsnchz', 'facundobonfiglio', 'exareivaj', 'costasdiego97', 'austinz', 'francisxavgr', 'savardbastien', 'zihang', 'sotmas', 'cxiuqi1', 'mihai.pislaru.fisica', 'mihaipx', 'antonionito1993', 'dulguun_021', 'soddy1996', 'al16do06', 'ivan1', 'aliraza2013ee360', 'paula.bolboreta', 'amirbadshah224', 'lianyi96', 'xxxxiaofan', 'qumo4329', 'bulganb28', 'hewutanyuan', 'yzarni89', 'antoinelegare', 'nuriatellado', 'berzasnon', 'jdanivc', 'pedrobeko98', 'cristinacostas', 'cmoadne', 'roberto.nava', 'martin32', 'policon', 'elviracastillo', 'clara.landesa', 'ludoba2912', 'junwen', 'chenxiwang', 'carlosbesadaromero', 'adec', 'isafdez', 'stgermain.b', 'chenre', 'edgarmtz', 'xoanmayo', 'albacosta', 'gbatzorig268', 'a997154508', 'dja19951995']"
1,20,281,35,30,"['danidrivas98', 'jdanivc', 'pedrobeko98', 'p.suarez97', 'emixose', 'mmartinezsanchez', 'facundobonfiglio', 'alex_varela_17', 'exareivaj', 'costasdiego97', 'pablosande98', 'iagomoscer', 'clarachapela10', 'simoncarloscartamil', 'alicia.mosq', 'ludoba2912', 'martinzapatamartinez', 'myez', 'angelaturnes', 'miguel_fernandez', 'tonybocadillosgrandes', 'paula.mourino', 'marniesan', 'juanjoseo', 'xoanmayo', 'samuelfl', 'albacosta', 'arturocastro94', 'nuriatellado', 'fofi94']",251,"['marinabm', 'miguellopezcardenas98', 'clarahernandez05f', 'albertoccz', 'lauragdevesa', 'uxiavelca', 'xxy0501', '9.genest.gabriel', 'joannesy', 'isaac.carrillo', 'carterkirkendoll', 'dalder', 'gmedina', 'victortorressuch', 'alecorti.pardo', 'campamarin', 'enriquevaliente17', 'elisa.vicenteei', 'miguelpinocarmona', 'pablolopezexposito', 'dariogarciaredecillas', 'fernando_ibarra', 'chenxi', 'joeanszxc', 'chwi7664', 'foojorge', 'michaelcameronmcdonald', 'maurobn98', 'aloptor', 'luisbarrios', 'iagopardo97', 'jesslyn', 'guojunxiong25', 'juansans98', 'bgutierrez', 'kong2020', 'martin.gutierrez', 'limengyuanli66', 'manucro10', 'hamza32amar', 'zhs002', 'choikj', 'ee5502', 'pmvd95', 'nivedaksubramanian', 'yingxue58', 'henglund', 'elena.j.g', 'yuxian123', 'j.guedegar', 'wtq77', 'rayoaki7', 'danidm', 'savas', 'alsyaari', 'ionemanuelmoralesrosales', 'jerome.alag', 'zhang.jiayu', 'lluisgonzaga96', 'nuriamj', 'sohamsawant912', 'shihhaotsai', 'fabiola.santos', 'praveens013', 'wanghb', 'e.fisicahamza', 'xiaolei', 'chenyue', 'miri23', 'gonzavt15', 'isaferjim', 'brendaorea15', 'thunaung', 'aidan.rooney17', 'brunolopez', 'juanariza', 'guyu', 'ero15953', 'alyabra', 'floren_ff', 'hdelatorre3524', 'justinegiroux', '2015soham.sawant', 'veronica.castro', 'ryu.j', 'guoxg46', 'jaimedmj', 'caetano.eirea', 'gonzalogbb', 'sstty7', 'pablomd', 'antonio98y', 'luisgfloreslarrea', 'tergel1999', 'e0427406', 'blasern', 'alyabra.vargas', 'pedrogea08', 'melissa5', 'bellmanz', 'xiaode', 'zhaoyu960207', 'cytuslll1997', 'mordor', 'claudia.puga', 'feijoomartina', 'essheh', 'mariamfontan', 'pablosempredepor97', 'xhan009', 'pablocrespo11', 'agarviespi', 'sylim1', 'iagomillanentenza', 'elmu6301', 'salamghgh20', 'jinfengleong', 'prra6646', 'aledes', 'lluissanuy', 'pablojosecalvo', 'christsun', 'wmy', 'gkkk6', 'jiaqi.guoguo', 'ottoridemar', 'dang.e', 'bingshengliu', 'chema', 'andrei.luneow01031999', 'alyabra.alejandro', 'noxis986', 'uutty2010', 'anderson.bi', 'juanjotromp', 'alejandromo1610', 'elmanguito', 'jameslin', 'qwe', 'wang.yaoz', 'e.lucasnavarrog', 'songy', 'thackettt', 'plmolina4', 'davidga568', '836054323_wj', 'andreasorroche', 'sergiocalo.barranha', 'hariprasanna', 'ch2922', 'akamsali', 'laurenp', 'jbalderasfernandez', 'leoncc', 'kennyxsy', 'niravsurajlal', 'anamconrado', 'alexsanchezcast', 'comeseetake', 'chrispvnofficial', 'danielfdezcalo', 'sangkyu.sun', 'rysw5590', 'hit.kamble', 'rakki.datta', 'rubenortega', 'julioug1', 'liuman961021', 'ralfli', 'zakizhou', 'xoangon', 'anselmoantorcha', 'h_elmenier', 'valeriamg', 'wangjianed_1992', 'fran.mosquera.pena', 'fabiolajsanlop', 'dyoh5119', 'e.jojusalo', 'lucamonduzzi96', 'ejg98', 'shikhararvind', 'manuel10suarez10', 'e.ivanlopgar1997', 'abdulhaiyum.f', 'haominl1997', 'david.garrido', 'isaac.dominguez4444', 'juancarlosroutrera', 'japrz', 'ergobe3', 'anar4331', 'mari.paucom', 'lidiadom', 'albertortepin', 'melonlzheng', 'pablo.garcia.bas', 'sebastianvromero', 'albertoangulo', 'dariogarred', 'andrea.mendez', 'mgupta15', 'miaocx714', 'zewei', 'jgm2096', 'esteban.figueroa', 'shizhan.flood', 'watashi.legion', 'sergiogrcsnchz', 'austinz', 'francisxavgr', 'savardbastien', 'zihang', 'sotmas', 'cxiuqi1', 'mihai.pislaru.fisica', 'mihaipx', 'antonionito1993', 'dulguun_021', 'soddy1996', 'al16do06', 'ivan1', 'aliraza2013ee360', 'paula.bolboreta', 'amirbadshah224', 'lianyi96', 'xxxxiaofan', 'qumo4329', 'bulganb28', 'hewutanyuan', 'yzarni89', 'antoinelegare', 'berzasnon', 'cristinacostas', 'cmoadne', 'roberto.nava', 'martin32', 'policon', 'elviracastillo', 'clara.landesa', 'junwen', 'chenxiwang', 'carlosbesadaromero', 'adec', 'isafdez', 'stgermain.b', 'chenre', 'edgarmtz', 'gbatzorig268', 'a997154508', 'dja19951995']",5,"['maxistral', 'josedamiangarcianoya', 'daviland97', 'martinperezmaneiro', 'xoel98']",286,"['maxistral', 'marinabm', 'miguellopezcardenas98', 'clarahernandez05f', 'emixose', 'albertoccz', 'lauragdevesa', 'alex_varela_17', 'uxiavelca', 'xxy0501', '9.genest.gabriel', 'simoncarloscartamil', 'joannesy', 'alicia.mosq', 'isaac.carrillo', 'carterkirkendoll', 'dalder', 'gmedina', 'victortorressuch', 'alecorti.pardo', 'campamarin', 'enriquevaliente17', 'elisa.vicenteei', 'miguel_fernandez', 'miguelpinocarmona', 'pablolopezexposito', 'dariogarciaredecillas', 'fernando_ibarra', 'chenxi', 'joeanszxc', 'chwi7664', 'foojorge', 'michaelcameronmcdonald', 'maurobn98', 'aloptor', 'luisbarrios', 'iagopardo97', 'jesslyn', 'guojunxiong25', 'juansans98', 'bgutierrez', 'kong2020', 'martin.gutierrez', 'clarachapela10', 'limengyuanli66', 'manucro10', 'hamza32amar', 'zhs002', 'choikj', 'ee5502', 'pmvd95', 'nivedaksubramanian', 'yingxue58', 'myez', 'henglund', 'elena.j.g', 'yuxian123', 'j.guedegar', 'wtq77', 'marniesan', 'rayoaki7', 'danidm', 'savas', 'juanjoseo', 'alsyaari', 'ionemanuelmoralesrosales', 'jerome.alag', 'zhang.jiayu', 'lluisgonzaga96', 'nuriamj', 'sohamsawant912', 'shihhaotsai', 'fabiola.santos', 'praveens013', 'wanghb', 'e.fisicahamza', 'xiaolei', 'chenyue', 'miri23', 'gonzavt15', 'p.suarez97', 'isaferjim', 'brendaorea15', 'thunaung', 'aidan.rooney17', 'brunolopez', 'juanariza', 'guyu', 'ero15953', 'alyabra', 'floren_ff', 'hdelatorre3524', 'justinegiroux', '2015soham.sawant', 'veronica.castro', 'ryu.j', 'angelaturnes', 'guoxg46', 'jaimedmj', 'caetano.eirea', 'gonzalogbb', 'sstty7', 'pablomd', 'antonio98y', 'luisgfloreslarrea', 'tergel1999', 'e0427406', 'blasern', 'arturocastro94', 'alyabra.vargas', 'pedrogea08', 'danidrivas98', 'melissa5', 'bellmanz', 'xiaode', 'zhaoyu960207', 'iagomoscer', 'pablosande98', 'cytuslll1997', 'mordor', 'claudia.puga', 'feijoomartina', 'essheh', 'mariamfontan', 'pablosempredepor97', 'xhan009', 'pablocrespo11', 'agarviespi', 'sylim1', 'iagomillanentenza', 'elmu6301', 'salamghgh20', 'jinfengleong', 'prra6646', 'aledes', 'lluissanuy', 'pablojosecalvo', 'christsun', 'wmy', 'martinperezmaneiro', 'gkkk6', 'jiaqi.guoguo', 'xoel98', 'ottoridemar', 'dang.e', 'bingshengliu', 'chema', 'josedamiangarcianoya', 'andrei.luneow01031999', 'alyabra.alejandro', 'noxis986', 'uutty2010', 'anderson.bi', 'juanjotromp', 'alejandromo1610', 'elmanguito', 'jameslin', 'qwe', 'wang.yaoz', 'e.lucasnavarrog', 'songy', 'thackettt', 'plmolina4', 'davidga568', '836054323_wj', 'andreasorroche', 'sergiocalo.barranha', 'hariprasanna', 'ch2922', 'akamsali', 'laurenp', 'jbalderasfernandez', 'leoncc', 'kennyxsy', 'niravsurajlal', 'anamconrado', 'paula.mourino', 'tonybocadillosgrandes', 'alexsanchezcast', 'comeseetake', 'chrispvnofficial', 'danielfdezcalo', 'sangkyu.sun', 'rysw5590', 'hit.kamble', 'rakki.datta', 'rubenortega', 'julioug1', 'liuman961021', 'ralfli', 'zakizhou', 'xoangon', 'anselmoantorcha', 'h_elmenier', 'valeriamg', 'wangjianed_1992', 'fran.mosquera.pena', 'fabiolajsanlop', 'dyoh5119', 'mmartinezsanchez', 'e.jojusalo', 'lucamonduzzi96', 'ejg98', 'shikhararvind', 'manuel10suarez10', 'martinzapatamartinez', 'e.ivanlopgar1997', 'abdulhaiyum.f', 'haominl1997', 'david.garrido', 'isaac.dominguez4444', 'juancarlosroutrera', 'japrz', 'ergobe3', 'anar4331', 'mari.paucom', 'lidiadom', 'albertortepin', 'samuelfl', 'melonlzheng', 'pablo.garcia.bas', 'sebastianvromero', 'albertoangulo', 'dariogarred', 'andrea.mendez', 'mgupta15', 'miaocx714', 'zewei', 'fofi94', 'jgm2096', 'esteban.figueroa', 'shizhan.flood', 'watashi.legion', 'sergiogrcsnchz', 'facundobonfiglio', 'exareivaj', 'costasdiego97', 'austinz', 'francisxavgr', 'savardbastien', 'zihang', 'sotmas', 'cxiuqi1', 'mihai.pislaru.fisica', 'mihaipx', 'antonionito1993', 'dulguun_021', 'soddy1996', 'al16do06', 'ivan1', 'aliraza2013ee360', 'paula.bolboreta', 'amirbadshah224', 'lianyi96', 'xxxxiaofan', 'qumo4329', 'bulganb28', 'hewutanyuan', 'daviland97', 'yzarni89', 'antoinelegare', 'nuriatellado', 'berzasnon', 'jdanivc', 'pedrobeko98', 'cristinacostas', 'cmoadne', 'roberto.nava', 'martin32', 'policon', 'elviracastillo', 'clara.landesa', 'ludoba2912', 'junwen', 'chenxiwang', 'carlosbesadaromero', 'adec', 'isafdez', 'stgermain.b', 'chenre', 'edgarmtz', 'xoanmayo', 'albacosta', 'gbatzorig268', 'a997154508', 'dja19951995']"
1,28,281,28,24,"['danidrivas98', 'pedrobeko98', 'p.suarez97', 'fran.mosquera.pena', 'emixose', 'cristinacostas', 'mmartinezsanchez', 'facundobonfiglio', 'iagopardo97', 'iagomoscer', 'clarachapela10', 'pablosande98', 'simoncarloscartamil', 'alicia.mosq', 'ludoba2912', 'martinzapatamartinez', 'myez', 'angelaturnes', 'tonybocadillosgrandes', 'albacosta', 'nuriamj', 'arturocastro94', 'nuriatellado', 'fofi94']",257,"['marinabm', 'miguellopezcardenas98', 'clarahernandez05f', 'albertoccz', 'lauragdevesa', 'alex_varela_17', 'uxiavelca', 'xxy0501', '9.genest.gabriel', 'joannesy', 'isaac.carrillo', 'carterkirkendoll', 'dalder', 'gmedina', 'victortorressuch', 'alecorti.pardo', 'campamarin', 'enriquevaliente17', 'elisa.vicenteei', 'miguel_fernandez', 'miguelpinocarmona', 'pablolopezexposito', 'dariogarciaredecillas', 'fernando_ibarra', 'chenxi', 'joeanszxc', 'chwi7664', 'foojorge', 'michaelcameronmcdonald', 'maurobn98', 'aloptor', 'luisbarrios', 'jesslyn', 'guojunxiong25', 'juansans98', 'bgutierrez', 'kong2020', 'martin.gutierrez', 'limengyuanli66', 'manucro10', 'hamza32amar', 'zhs002', 'choikj', 'ee5502', 'pmvd95', 'nivedaksubramanian', 'yingxue58', 'henglund', 'elena.j.g', 'yuxian123', 'j.guedegar', 'wtq77', 'marniesan', 'rayoaki7', 'danidm', 'savas', 'juanjoseo', 'alsyaari', 'ionemanuelmoralesrosales', 'jerome.alag', 'zhang.jiayu', 'lluisgonzaga96', 'sohamsawant912', 'shihhaotsai', 'fabiola.santos', 'praveens013', 'wanghb', 'e.fisicahamza', 'xiaolei', 'chenyue', 'miri23', 'gonzavt15', 'isaferjim', 'brendaorea15', 'thunaung', 'aidan.rooney17', 'brunolopez', 'juanariza', 'guyu', 'ero15953', 'alyabra', 'floren_ff', 'hdelatorre3524', 'justinegiroux', '2015soham.sawant', 'veronica.castro', 'ryu.j', 'guoxg46', 'jaimedmj', 'caetano.eirea', 'gonzalogbb', 'sstty7', 'pablomd', 'antonio98y', 'luisgfloreslarrea', 'tergel1999', 'e0427406', 'blasern', 'alyabra.vargas', 'pedrogea08', 'melissa5', 'bellmanz', 'xiaode', 'zhaoyu960207', 'cytuslll1997', 'mordor', 'claudia.puga', 'feijoomartina', 'essheh', 'mariamfontan', 'pablosempredepor97', 'xhan009', 'pablocrespo11', 'agarviespi', 'sylim1', 'iagomillanentenza', 'elmu6301', 'salamghgh20', 'jinfengleong', 'prra6646', 'aledes', 'lluissanuy', 'pablojosecalvo', 'christsun', 'wmy', 'gkkk6', 'jiaqi.guoguo', 'ottoridemar', 'dang.e', 'bingshengliu', 'chema', 'andrei.luneow01031999', 'alyabra.alejandro', 'noxis986', 'uutty2010', 'anderson.bi', 'juanjotromp', 'alejandromo1610', 'elmanguito', 'jameslin', 'qwe', 'wang.yaoz', 'e.lucasnavarrog', 'songy', 'thackettt', 'plmolina4', 'davidga568', '836054323_wj', 'andreasorroche', 'sergiocalo.barranha', 'hariprasanna', 'ch2922', 'akamsali', 'laurenp', 'jbalderasfernandez', 'leoncc', 'kennyxsy', 'niravsurajlal', 'anamconrado', 'paula.mourino', 'alexsanchezcast', 'comeseetake', 'chrispvnofficial', 'danielfdezcalo', 'sangkyu.sun', 'rysw5590', 'hit.kamble', 'rakki.datta', 'rubenortega', 'julioug1', 'liuman961021', 'ralfli', 'zakizhou', 'xoangon', 'anselmoantorcha', 'h_elmenier', 'valeriamg', 'wangjianed_1992', 'fabiolajsanlop', 'dyoh5119', 'e.jojusalo', 'lucamonduzzi96', 'ejg98', 'shikhararvind', 'manuel10suarez10', 'e.ivanlopgar1997', 'abdulhaiyum.f', 'haominl1997', 'david.garrido', 'isaac.dominguez4444', 'juancarlosroutrera', 'japrz', 'ergobe3', 'anar4331', 'mari.paucom', 'lidiadom', 'albertortepin', 'samuelfl', 'melonlzheng', 'pablo.garcia.bas', 'sebastianvromero', 'albertoangulo', 'dariogarred', 'andrea.mendez', 'mgupta15', 'miaocx714', 'zewei', 'jgm2096', 'esteban.figueroa', 'shizhan.flood', 'watashi.legion', 'sergiogrcsnchz', 'exareivaj', 'costasdiego97', 'austinz', 'francisxavgr', 'savardbastien', 'zihang', 'sotmas', 'cxiuqi1', 'mihai.pislaru.fisica', 'mihaipx', 'antonionito1993', 'dulguun_021', 'soddy1996', 'al16do06', 'ivan1', 'aliraza2013ee360', 'paula.bolboreta', 'amirbadshah224', 'lianyi96', 'xxxxiaofan', 'qumo4329', 'bulganb28', 'hewutanyuan', 'yzarni89', 'antoinelegare', 'berzasnon', 'jdanivc', 'cmoadne', 'roberto.nava', 'martin32', 'policon', 'elviracastillo', 'clara.landesa', 'junwen', 'chenxiwang', 'carlosbesadaromero', 'adec', 'isafdez', 'stgermain.b', 'chenre', 'edgarmtz', 'xoanmayo', 'gbatzorig268', 'a997154508', 'dja19951995']",4,"['maxistral', 'daviland97', 'josedamiangarcianoya', 'xoel98']",285,"['maxistral', 'marinabm', 'miguellopezcardenas98', 'clarahernandez05f', 'emixose', 'albertoccz', 'lauragdevesa', 'alex_varela_17', 'uxiavelca', 'xxy0501', '9.genest.gabriel', 'simoncarloscartamil', 'joannesy', 'alicia.mosq', 'isaac.carrillo', 'carterkirkendoll', 'dalder', 'gmedina', 'victortorressuch', 'alecorti.pardo', 'campamarin', 'enriquevaliente17', 'elisa.vicenteei', 'miguel_fernandez', 'miguelpinocarmona', 'pablolopezexposito', 'dariogarciaredecillas', 'fernando_ibarra', 'chenxi', 'joeanszxc', 'chwi7664', 'foojorge', 'michaelcameronmcdonald', 'maurobn98', 'aloptor', 'luisbarrios', 'iagopardo97', 'jesslyn', 'guojunxiong25', 'juansans98', 'bgutierrez', 'kong2020', 'martin.gutierrez', 'clarachapela10', 'limengyuanli66', 'manucro10', 'hamza32amar', 'zhs002', 'choikj', 'ee5502', 'pmvd95', 'nivedaksubramanian', 'yingxue58', 'myez', 'henglund', 'elena.j.g', 'yuxian123', 'j.guedegar', 'wtq77', 'marniesan', 'rayoaki7', 'danidm', 'savas', 'juanjoseo', 'alsyaari', 'ionemanuelmoralesrosales', 'jerome.alag', 'zhang.jiayu', 'lluisgonzaga96', 'nuriamj', 'sohamsawant912', 'shihhaotsai', 'fabiola.santos', 'praveens013', 'wanghb', 'e.fisicahamza', 'xiaolei', 'chenyue', 'miri23', 'gonzavt15', 'p.suarez97', 'isaferjim', 'brendaorea15', 'thunaung', 'aidan.rooney17', 'brunolopez', 'juanariza', 'guyu', 'ero15953', 'alyabra', 'floren_ff', 'hdelatorre3524', 'justinegiroux', '2015soham.sawant', 'veronica.castro', 'ryu.j', 'angelaturnes', 'guoxg46', 'jaimedmj', 'caetano.eirea', 'gonzalogbb', 'sstty7', 'pablomd', 'antonio98y', 'luisgfloreslarrea', 'tergel1999', 'e0427406', 'blasern', 'arturocastro94', 'alyabra.vargas', 'pedrogea08', 'danidrivas98', 'melissa5', 'bellmanz', 'xiaode', 'zhaoyu960207', 'iagomoscer', 'pablosande98', 'cytuslll1997', 'mordor', 'claudia.puga', 'feijoomartina', 'essheh', 'mariamfontan', 'pablosempredepor97', 'xhan009', 'pablocrespo11', 'agarviespi', 'sylim1', 'iagomillanentenza', 'elmu6301', 'salamghgh20', 'jinfengleong', 'prra6646', 'aledes', 'lluissanuy', 'pablojosecalvo', 'christsun', 'wmy', 'gkkk6', 'jiaqi.guoguo', 'xoel98', 'ottoridemar', 'dang.e', 'bingshengliu', 'chema', 'josedamiangarcianoya', 'andrei.luneow01031999', 'alyabra.alejandro', 'noxis986', 'uutty2010', 'anderson.bi', 'juanjotromp', 'alejandromo1610', 'elmanguito', 'jameslin', 'qwe', 'wang.yaoz', 'e.lucasnavarrog', 'songy', 'thackettt', 'plmolina4', 'davidga568', '836054323_wj', 'andreasorroche', 'sergiocalo.barranha', 'hariprasanna', 'ch2922', 'akamsali', 'laurenp', 'jbalderasfernandez', 'leoncc', 'kennyxsy', 'niravsurajlal', 'anamconrado', 'paula.mourino', 'tonybocadillosgrandes', 'alexsanchezcast', 'comeseetake', 'chrispvnofficial', 'danielfdezcalo', 'sangkyu.sun', 'rysw5590', 'hit.kamble', 'rakki.datta', 'rubenortega', 'julioug1', 'liuman961021', 'ralfli', 'zakizhou', 'xoangon', 'anselmoantorcha', 'h_elmenier', 'valeriamg', 'wangjianed_1992', 'fran.mosquera.pena', 'fabiolajsanlop', 'dyoh5119', 'mmartinezsanchez', 'e.jojusalo', 'lucamonduzzi96', 'ejg98', 'shikhararvind', 'manuel10suarez10', 'martinzapatamartinez', 'e.ivanlopgar1997', 'abdulhaiyum.f', 'haominl1997', 'david.garrido', 'isaac.dominguez4444', 'juancarlosroutrera', 'japrz', 'ergobe3', 'anar4331', 'mari.paucom', 'lidiadom', 'albertortepin', 'samuelfl', 'melonlzheng', 'pablo.garcia.bas', 'sebastianvromero', 'albertoangulo', 'dariogarred', 'andrea.mendez', 'mgupta15', 'miaocx714', 'zewei', 'fofi94', 'jgm2096', 'esteban.figueroa', 'shizhan.flood', 'watashi.legion', 'sergiogrcsnchz', 'facundobonfiglio', 'exareivaj', 'costasdiego97', 'austinz', 'francisxavgr', 'savardbastien', 'zihang', 'sotmas', 'cxiuqi1', 'mihai.pislaru.fisica', 'mihaipx', 'antonionito1993', 'dulguun_021', 'soddy1996', 'al16do06', 'ivan1', 'aliraza2013ee360', 'paula.bolboreta', 'amirbadshah224', 'lianyi96', 'xxxxiaofan', 'qumo4329', 'bulganb28', 'hewutanyuan', 'daviland97', 'yzarni89', 'antoinelegare', 'nuriatellado', 'berzasnon', 'jdanivc', 'pedrobeko98', 'cristinacostas', 'cmoadne', 'roberto.nava', 'martin32', 'policon', 'elviracastillo', 'clara.landesa', 'ludoba2912', 'junwen', 'chenxiwang', 'carlosbesadaromero', 'adec', 'isafdez', 'stgermain.b', 'chenre', 'edgarmtz', 'xoanmayo', 'albacosta', 'gbatzorig268', 'a997154508', 'dja19951995']"
1,17,281,20,16,"['myez', 'xoangon', 'angelaturnes', 'exareivaj', 'costasdiego97', 'jdanivc', 'pablosande98', 'samuelfl', 'carlosbesadaromero', 'miguel_fernandez', 'p.suarez97', 'marniesan', 'feijoomartina', 'fofi94', 'martinzapatamartinez', 'mmartinezsanchez']",265,"['marinabm', 'miguellopezcardenas98', 'clarahernandez05f', 'emixose', 'albertoccz', 'lauragdevesa', 'alex_varela_17', 'uxiavelca', 'xxy0501', '9.genest.gabriel', 'simoncarloscartamil', 'joannesy', 'alicia.mosq', 'isaac.carrillo', 'carterkirkendoll', 'dalder', 'gmedina', 'victortorressuch', 'alecorti.pardo', 'campamarin', 'enriquevaliente17', 'elisa.vicenteei', 'miguelpinocarmona', 'pablolopezexposito', 'dariogarciaredecillas', 'fernando_ibarra', 'chenxi', 'joeanszxc', 'chwi7664', 'foojorge', 'michaelcameronmcdonald', 'maurobn98', 'aloptor', 'luisbarrios', 'iagopardo97', 'jesslyn', 'guojunxiong25', 'juansans98', 'bgutierrez', 'kong2020', 'martin.gutierrez', 'clarachapela10', 'limengyuanli66', 'manucro10', 'hamza32amar', 'zhs002', 'choikj', 'ee5502', 'pmvd95', 'nivedaksubramanian', 'yingxue58', 'henglund', 'elena.j.g', 'yuxian123', 'j.guedegar', 'wtq77', 'rayoaki7', 'danidm', 'savas', 'juanjoseo', 'alsyaari', 'ionemanuelmoralesrosales', 'jerome.alag', 'zhang.jiayu', 'lluisgonzaga96', 'nuriamj', 'sohamsawant912', 'shihhaotsai', 'fabiola.santos', 'praveens013', 'wanghb', 'e.fisicahamza', 'xiaolei', 'chenyue', 'miri23', 'gonzavt15', 'isaferjim', 'brendaorea15', 'thunaung', 'aidan.rooney17', 'brunolopez', 'juanariza', 'guyu', 'ero15953', 'alyabra', 'floren_ff', 'hdelatorre3524', 'justinegiroux', '2015soham.sawant', 'veronica.castro', 'ryu.j', 'guoxg46', 'jaimedmj', 'caetano.eirea', 'gonzalogbb', 'sstty7', 'pablomd', 'antonio98y', 'luisgfloreslarrea', 'tergel1999', 'e0427406', 'blasern', 'arturocastro94', 'alyabra.vargas', 'pedrogea08', 'danidrivas98', 'melissa5', 'bellmanz', 'xiaode', 'zhaoyu960207', 'iagomoscer', 'cytuslll1997', 'mordor', 'claudia.puga', 'essheh', 'mariamfontan', 'pablosempredepor97', 'xhan009', 'pablocrespo11', 'agarviespi', 'sylim1', 'iagomillanentenza', 'elmu6301', 'salamghgh20', 'jinfengleong', 'prra6646', 'aledes', 'lluissanuy', 'pablojosecalvo', 'christsun', 'wmy', 'gkkk6', 'jiaqi.guoguo', 'ottoridemar', 'dang.e', 'bingshengliu', 'chema', 'andrei.luneow01031999', 'alyabra.alejandro', 'noxis986', 'uutty2010', 'anderson.bi', 'juanjotromp', 'alejandromo1610', 'elmanguito', 'jameslin', 'qwe', 'wang.yaoz', 'e.lucasnavarrog', 'songy', 'thackettt', 'plmolina4', 'davidga568', '836054323_wj', 'andreasorroche', 'sergiocalo.barranha', 'hariprasanna', 'ch2922', 'akamsali', 'laurenp', 'jbalderasfernandez', 'leoncc', 'kennyxsy', 'niravsurajlal', 'anamconrado', 'paula.mourino', 'tonybocadillosgrandes', 'alexsanchezcast', 'comeseetake', 'chrispvnofficial', 'danielfdezcalo', 'sangkyu.sun', 'rysw5590', 'hit.kamble', 'rakki.datta', 'rubenortega', 'julioug1', 'liuman961021', 'ralfli', 'zakizhou', 'anselmoantorcha', 'h_elmenier', 'valeriamg', 'wangjianed_1992', 'fran.mosquera.pena', 'fabiolajsanlop', 'dyoh5119', 'e.jojusalo', 'lucamonduzzi96', 'ejg98', 'shikhararvind', 'manuel10suarez10', 'e.ivanlopgar1997', 'abdulhaiyum.f', 'haominl1997', 'david.garrido', 'isaac.dominguez4444', 'juancarlosroutrera', 'japrz', 'ergobe3', 'anar4331', 'mari.paucom', 'lidiadom', 'albertortepin', 'melonlzheng', 'pablo.garcia.bas', 'sebastianvromero', 'albertoangulo', 'dariogarred', 'andrea.mendez', 'mgupta15', 'miaocx714', 'zewei', 'jgm2096', 'esteban.figueroa', 'shizhan.flood', 'watashi.legion', 'sergiogrcsnchz', 'facundobonfiglio', 'austinz', 'francisxavgr', 'savardbastien', 'zihang', 'sotmas', 'cxiuqi1', 'mihai.pislaru.fisica', 'mihaipx', 'antonionito1993', 'dulguun_021', 'soddy1996', 'al16do06', 'ivan1', 'aliraza2013ee360', 'paula.bolboreta', 'amirbadshah224', 'lianyi96', 'xxxxiaofan', 'qumo4329', 'bulganb28', 'hewutanyuan', 'yzarni89', 'antoinelegare', 'nuriatellado', 'berzasnon', 'pedrobeko98', 'cristinacostas', 'cmoadne', 'roberto.nava', 'martin32', 'policon', 'elviracastillo', 'clara.landesa', 'ludoba2912', 'junwen', 'chenxiwang', 'adec', 'isafdez', 'stgermain.b', 'chenre', 'edgarmtz', 'xoanmayo', 'albacosta', 'gbatzorig268', 'a997154508', 'dja19951995']",4,"['maxistral', 'pedrotouris', 'xoel98', 'ana.rmteo']",285,"['maxistral', 'marinabm', 'miguellopezcardenas98', 'clarahernandez05f', 'emixose', 'albertoccz', 'lauragdevesa', 'alex_varela_17', 'uxiavelca', 'xxy0501', '9.genest.gabriel', 'simoncarloscartamil', 'joannesy', 'alicia.mosq', 'isaac.carrillo', 'carterkirkendoll', 'dalder', 'gmedina', 'victortorressuch', 'alecorti.pardo', 'campamarin', 'enriquevaliente17', 'elisa.vicenteei', 'miguel_fernandez', 'pedrotouris', 'miguelpinocarmona', 'pablolopezexposito', 'dariogarciaredecillas', 'fernando_ibarra', 'chenxi', 'joeanszxc', 'chwi7664', 'foojorge', 'michaelcameronmcdonald', 'maurobn98', 'aloptor', 'luisbarrios', 'iagopardo97', 'jesslyn', 'guojunxiong25', 'juansans98', 'bgutierrez', 'kong2020', 'martin.gutierrez', 'clarachapela10', 'limengyuanli66', 'manucro10', 'hamza32amar', 'zhs002', 'choikj', 'ee5502', 'pmvd95', 'nivedaksubramanian', 'yingxue58', 'myez', 'henglund', 'elena.j.g', 'ana.rmteo', 'yuxian123', 'j.guedegar', 'wtq77', 'marniesan', 'rayoaki7', 'danidm', 'savas', 'juanjoseo', 'alsyaari', 'ionemanuelmoralesrosales', 'jerome.alag', 'zhang.jiayu', 'lluisgonzaga96', 'nuriamj', 'sohamsawant912', 'shihhaotsai', 'fabiola.santos', 'praveens013', 'wanghb', 'e.fisicahamza', 'xiaolei', 'chenyue', 'miri23', 'gonzavt15', 'p.suarez97', 'isaferjim', 'brendaorea15', 'thunaung', 'aidan.rooney17', 'brunolopez', 'juanariza', 'guyu', 'ero15953', 'alyabra', 'floren_ff', 'hdelatorre3524', 'justinegiroux', '2015soham.sawant', 'veronica.castro', 'ryu.j', 'angelaturnes', 'guoxg46', 'jaimedmj', 'caetano.eirea', 'gonzalogbb', 'sstty7', 'pablomd', 'antonio98y', 'luisgfloreslarrea', 'tergel1999', 'e0427406', 'blasern', 'arturocastro94', 'alyabra.vargas', 'pedrogea08', 'danidrivas98', 'melissa5', 'bellmanz', 'xiaode', 'zhaoyu960207', 'iagomoscer', 'pablosande98', 'cytuslll1997', 'mordor', 'claudia.puga', 'feijoomartina', 'essheh', 'mariamfontan', 'pablosempredepor97', 'xhan009', 'pablocrespo11', 'agarviespi', 'sylim1', 'iagomillanentenza', 'elmu6301', 'salamghgh20', 'jinfengleong', 'prra6646', 'aledes', 'lluissanuy', 'pablojosecalvo', 'christsun', 'wmy', 'gkkk6', 'jiaqi.guoguo', 'xoel98', 'ottoridemar', 'dang.e', 'bingshengliu', 'chema', 'andrei.luneow01031999', 'alyabra.alejandro', 'noxis986', 'uutty2010', 'anderson.bi', 'juanjotromp', 'alejandromo1610', 'elmanguito', 'jameslin', 'qwe', 'wang.yaoz', 'e.lucasnavarrog', 'songy', 'thackettt', 'plmolina4', 'davidga568', '836054323_wj', 'andreasorroche', 'sergiocalo.barranha', 'hariprasanna', 'ch2922', 'akamsali', 'laurenp', 'jbalderasfernandez', 'leoncc', 'kennyxsy', 'niravsurajlal', 'anamconrado', 'paula.mourino', 'tonybocadillosgrandes', 'alexsanchezcast', 'comeseetake', 'chrispvnofficial', 'danielfdezcalo', 'sangkyu.sun', 'rysw5590', 'hit.kamble', 'rakki.datta', 'rubenortega', 'julioug1', 'liuman961021', 'ralfli', 'zakizhou', 'xoangon', 'anselmoantorcha', 'h_elmenier', 'valeriamg', 'wangjianed_1992', 'fran.mosquera.pena', 'fabiolajsanlop', 'dyoh5119', 'mmartinezsanchez', 'e.jojusalo', 'lucamonduzzi96', 'ejg98', 'shikhararvind', 'manuel10suarez10', 'martinzapatamartinez', 'e.ivanlopgar1997', 'abdulhaiyum.f', 'haominl1997', 'david.garrido', 'isaac.dominguez4444', 'juancarlosroutrera', 'japrz', 'ergobe3', 'anar4331', 'mari.paucom', 'lidiadom', 'albertortepin', 'samuelfl', 'melonlzheng', 'pablo.garcia.bas', 'sebastianvromero', 'albertoangulo', 'dariogarred', 'andrea.mendez', 'mgupta15', 'miaocx714', 'zewei', 'fofi94', 'jgm2096', 'esteban.figueroa', 'shizhan.flood', 'watashi.legion', 'sergiogrcsnchz', 'facundobonfiglio', 'exareivaj', 'costasdiego97', 'austinz', 'francisxavgr', 'savardbastien', 'zihang', 'sotmas', 'cxiuqi1', 'mihai.pislaru.fisica', 'mihaipx', 'antonionito1993', 'dulguun_021', 'soddy1996', 'al16do06', 'ivan1', 'aliraza2013ee360', 'paula.bolboreta', 'amirbadshah224', 'lianyi96', 'xxxxiaofan', 'qumo4329', 'bulganb28', 'hewutanyuan', 'yzarni89', 'antoinelegare', 'nuriatellado', 'berzasnon', 'jdanivc', 'pedrobeko98', 'cristinacostas', 'cmoadne', 'roberto.nava', 'martin32', 'policon', 'elviracastillo', 'clara.landesa', 'ludoba2912', 'junwen', 'chenxiwang', 'carlosbesadaromero', 'adec', 'isafdez', 'stgermain.b', 'chenre', 'edgarmtz', 'xoanmayo', 'albacosta', 'gbatzorig268', 'a997154508', 'dja19951995']"
1,11,281,16,12,"['ergobe3', 'andreasorroche', 'e.ivanlopgar1997', 'mariamfontan', 'pablo.garcia.bas', 'elisa.vicenteei', 'juancarlosroutrera', 'alexsanchezcast', 'sergiogrcsnchz', 'pmvd95', 'albertoccz', 'e.fisicahamza']",269,"['marinabm', 'miguellopezcardenas98', 'clarahernandez05f', 'emixose', 'lauragdevesa', 'alex_varela_17', 'uxiavelca', 'xxy0501', '9.genest.gabriel', 'simoncarloscartamil', 'joannesy', 'alicia.mosq', 'isaac.carrillo', 'carterkirkendoll', 'dalder', 'gmedina', 'victortorressuch', 'alecorti.pardo', 'campamarin', 'enriquevaliente17', 'miguel_fernandez', 'miguelpinocarmona', 'pablolopezexposito', 'dariogarciaredecillas', 'fernando_ibarra', 'chenxi', 'joeanszxc', 'chwi7664', 'foojorge', 'michaelcameronmcdonald', 'maurobn98', 'aloptor', 'luisbarrios', 'iagopardo97', 'jesslyn', 'guojunxiong25', 'juansans98', 'bgutierrez', 'kong2020', 'martin.gutierrez', 'clarachapela10', 'limengyuanli66', 'manucro10', 'hamza32amar', 'zhs002', 'choikj', 'ee5502', 'nivedaksubramanian', 'yingxue58', 'myez', 'henglund', 'elena.j.g', 'yuxian123', 'j.guedegar', 'wtq77', 'marniesan', 'rayoaki7', 'danidm', 'savas', 'juanjoseo', 'alsyaari', 'ionemanuelmoralesrosales', 'jerome.alag', 'zhang.jiayu', 'lluisgonzaga96', 'nuriamj', 'sohamsawant912', 'shihhaotsai', 'fabiola.santos', 'praveens013', 'wanghb', 'xiaolei', 'chenyue', 'miri23', 'gonzavt15', 'p.suarez97', 'isaferjim', 'brendaorea15', 'thunaung', 'aidan.rooney17', 'brunolopez', 'juanariza', 'guyu', 'ero15953', 'alyabra', 'floren_ff', 'hdelatorre3524', 'justinegiroux', '2015soham.sawant', 'veronica.castro', 'ryu.j', 'angelaturnes', 'guoxg46', 'jaimedmj', 'caetano.eirea', 'gonzalogbb', 'sstty7', 'pablomd', 'antonio98y', 'luisgfloreslarrea', 'tergel1999', 'e0427406', 'blasern', 'arturocastro94', 'alyabra.vargas', 'pedrogea08', 'danidrivas98', 'melissa5', 'bellmanz', 'xiaode', 'zhaoyu960207', 'iagomoscer', 'pablosande98', 'cytuslll1997', 'mordor', 'claudia.puga', 'feijoomartina', 'essheh', 'pablosempredepor97', 'xhan009', 'pablocrespo11', 'agarviespi', 'sylim1', 'iagomillanentenza', 'elmu6301', 'salamghgh20', 'jinfengleong', 'prra6646', 'aledes', 'lluissanuy', 'pablojosecalvo', 'christsun', 'wmy', 'gkkk6', 'jiaqi.guoguo', 'ottoridemar', 'dang.e', 'bingshengliu', 'chema', 'andrei.luneow01031999', 'alyabra.alejandro', 'noxis986', 'uutty2010', 'anderson.bi', 'juanjotromp', 'alejandromo1610', 'elmanguito', 'jameslin', 'qwe', 'wang.yaoz', 'e.lucasnavarrog', 'songy', 'thackettt', 'plmolina4', 'davidga568', '836054323_wj', 'sergiocalo.barranha', 'hariprasanna', 'ch2922', 'akamsali', 'laurenp', 'jbalderasfernandez', 'leoncc', 'kennyxsy', 'niravsurajlal', 'anamconrado', 'paula.mourino', 'tonybocadillosgrandes', 'comeseetake', 'chrispvnofficial', 'danielfdezcalo', 'sangkyu.sun', 'rysw5590', 'hit.kamble', 'rakki.datta', 'rubenortega', 'julioug1', 'liuman961021', 'ralfli', 'zakizhou', 'xoangon', 'anselmoantorcha', 'h_elmenier', 'valeriamg', 'wangjianed_1992', 'fran.mosquera.pena', 'fabiolajsanlop', 'dyoh5119', 'mmartinezsanchez', 'e.jojusalo', 'lucamonduzzi96', 'ejg98', 'shikhararvind', 'manuel10suarez10', 'martinzapatamartinez', 'abdulhaiyum.f', 'haominl1997', 'david.garrido', 'isaac.dominguez4444', 'japrz', 'anar4331', 'mari.paucom', 'lidiadom', 'albertortepin', 'samuelfl', 'melonlzheng', 'sebastianvromero', 'albertoangulo', 'dariogarred', 'andrea.mendez', 'mgupta15', 'miaocx714', 'zewei', 'fofi94', 'jgm2096', 'esteban.figueroa', 'shizhan.flood', 'watashi.legion', 'facundobonfiglio', 'exareivaj', 'costasdiego97', 'austinz', 'francisxavgr', 'savardbastien', 'zihang', 'sotmas', 'cxiuqi1', 'mihai.pislaru.fisica', 'mihaipx', 'antonionito1993', 'dulguun_021', 'soddy1996', 'al16do06', 'ivan1', 'aliraza2013ee360', 'paula.bolboreta', 'amirbadshah224', 'lianyi96', 'xxxxiaofan', 'qumo4329', 'bulganb28', 'hewutanyuan', 'yzarni89', 'antoinelegare', 'nuriatellado', 'berzasnon', 'jdanivc', 'pedrobeko98', 'cristinacostas', 'cmoadne', 'roberto.nava', 'martin32', 'policon', 'elviracastillo', 'clara.landesa', 'ludoba2912', 'junwen', 'chenxiwang', 'carlosbesadaromero', 'adec', 'isafdez', 'stgermain.b', 'chenre', 'edgarmtz', 'xoanmayo', 'albacosta', 'gbatzorig268', 'a997154508', 'dja19951995']",4,"['miguelrm', 'marioherreroglez34', 'luciavilchezz', 'pichoncillo1']",285,"['marinabm', 'miguellopezcardenas98', 'clarahernandez05f', 'emixose', 'albertoccz', 'lauragdevesa', 'alex_varela_17', 'uxiavelca', 'xxy0501', '9.genest.gabriel', 'simoncarloscartamil', 'joannesy', 'alicia.mosq', 'isaac.carrillo', 'carterkirkendoll', 'dalder', 'gmedina', 'victortorressuch', 'alecorti.pardo', 'campamarin', 'enriquevaliente17', 'elisa.vicenteei', 'miguel_fernandez', 'miguelpinocarmona', 'pablolopezexposito', 'dariogarciaredecillas', 'fernando_ibarra', 'chenxi', 'joeanszxc', 'chwi7664', 'foojorge', 'michaelcameronmcdonald', 'maurobn98', 'aloptor', 'luisbarrios', 'iagopardo97', 'jesslyn', 'guojunxiong25', 'juansans98', 'bgutierrez', 'kong2020', 'martin.gutierrez', 'clarachapela10', 'limengyuanli66', 'manucro10', 'hamza32amar', 'zhs002', 'choikj', 'ee5502', 'pmvd95', 'nivedaksubramanian', 'yingxue58', 'myez', 'henglund', 'elena.j.g', 'miguelrm', 'yuxian123', 'j.guedegar', 'wtq77', 'marniesan', 'rayoaki7', 'danidm', 'savas', 'juanjoseo', 'alsyaari', 'ionemanuelmoralesrosales', 'jerome.alag', 'zhang.jiayu', 'lluisgonzaga96', 'nuriamj', 'sohamsawant912', 'shihhaotsai', 'fabiola.santos', 'praveens013', 'wanghb', 'e.fisicahamza', 'xiaolei', 'chenyue', 'luciavilchezz', 'miri23', 'gonzavt15', 'p.suarez97', 'isaferjim', 'brendaorea15', 'thunaung', 'aidan.rooney17', 'brunolopez', 'juanariza', 'guyu', 'ero15953', 'alyabra', 'floren_ff', 'hdelatorre3524', 'justinegiroux', '2015soham.sawant', 'veronica.castro', 'ryu.j', 'angelaturnes', 'guoxg46', 'jaimedmj', 'caetano.eirea', 'gonzalogbb', 'sstty7', 'pablomd', 'antonio98y', 'luisgfloreslarrea', 'tergel1999', 'e0427406', 'blasern', 'arturocastro94', 'alyabra.vargas', 'pichoncillo1', 'pedrogea08', 'danidrivas98', 'melissa5', 'bellmanz', 'xiaode', 'zhaoyu960207', 'iagomoscer', 'pablosande98', 'cytuslll1997', 'mordor', 'claudia.puga', 'feijoomartina', 'essheh', 'mariamfontan', 'pablosempredepor97', 'xhan009', 'pablocrespo11', 'agarviespi', 'sylim1', 'iagomillanentenza', 'elmu6301', 'salamghgh20', 'jinfengleong', 'prra6646', 'aledes', 'lluissanuy', 'pablojosecalvo', 'christsun', 'wmy', 'gkkk6', 'jiaqi.guoguo', 'ottoridemar', 'dang.e', 'bingshengliu', 'chema', 'andrei.luneow01031999', 'alyabra.alejandro', 'noxis986', 'uutty2010', 'anderson.bi', 'juanjotromp', 'alejandromo1610', 'elmanguito', 'jameslin', 'qwe', 'wang.yaoz', 'e.lucasnavarrog', 'songy', 'thackettt', 'plmolina4', 'davidga568', '836054323_wj', 'andreasorroche', 'sergiocalo.barranha', 'marioherreroglez34', 'hariprasanna', 'ch2922', 'akamsali', 'laurenp', 'jbalderasfernandez', 'leoncc', 'kennyxsy', 'niravsurajlal', 'anamconrado', 'paula.mourino', 'tonybocadillosgrandes', 'alexsanchezcast', 'comeseetake', 'chrispvnofficial', 'danielfdezcalo', 'sangkyu.sun', 'rysw5590', 'hit.kamble', 'rakki.datta', 'rubenortega', 'julioug1', 'liuman961021', 'ralfli', 'zakizhou', 'xoangon', 'anselmoantorcha', 'h_elmenier', 'valeriamg', 'wangjianed_1992', 'fran.mosquera.pena', 'fabiolajsanlop', 'dyoh5119', 'mmartinezsanchez', 'e.jojusalo', 'lucamonduzzi96', 'ejg98', 'shikhararvind', 'manuel10suarez10', 'martinzapatamartinez', 'e.ivanlopgar1997', 'abdulhaiyum.f', 'haominl1997', 'david.garrido', 'isaac.dominguez4444', 'juancarlosroutrera', 'japrz', 'ergobe3', 'anar4331', 'mari.paucom', 'lidiadom', 'albertortepin', 'samuelfl', 'melonlzheng', 'pablo.garcia.bas', 'sebastianvromero', 'albertoangulo', 'dariogarred', 'andrea.mendez', 'mgupta15', 'miaocx714', 'zewei', 'fofi94', 'jgm2096', 'esteban.figueroa', 'shizhan.flood', 'watashi.legion', 'sergiogrcsnchz', 'facundobonfiglio', 'exareivaj', 'costasdiego97', 'austinz', 'francisxavgr', 'savardbastien', 'zihang', 'sotmas', 'cxiuqi1', 'mihai.pislaru.fisica', 'mihaipx', 'antonionito1993', 'dulguun_021', 'soddy1996', 'al16do06', 'ivan1', 'aliraza2013ee360', 'paula.bolboreta', 'amirbadshah224', 'lianyi96', 'xxxxiaofan', 'qumo4329', 'bulganb28', 'hewutanyuan', 'yzarni89', 'antoinelegare', 'nuriatellado', 'berzasnon', 'jdanivc', 'pedrobeko98', 'cristinacostas', 'cmoadne', 'roberto.nava', 'martin32', 'policon', 'elviracastillo', 'clara.landesa', 'ludoba2912', 'junwen', 'chenxiwang', 'carlosbesadaromero', 'adec', 'isafdez', 'stgermain.b', 'chenre', 'edgarmtz', 'xoanmayo', 'albacosta', 'gbatzorig268', 'a997154508', 'dja19951995']"
1,21,281,15,13,"['xoanmayo', 'xoangon', 'alex_varela_17', 'antonionito1993', 'pablosempredepor97', 'clara.landesa', 'j.guedegar', 'isaferjim', 'davidga568', 'emixose', 'danielfdezcalo', 'pmvd95', 'juanjoseo']",268,"['marinabm', 'miguellopezcardenas98', 'clarahernandez05f', 'albertoccz', 'lauragdevesa', 'uxiavelca', 'xxy0501', '9.genest.gabriel', 'simoncarloscartamil', 'joannesy', 'alicia.mosq', 'isaac.carrillo', 'carterkirkendoll', 'dalder', 'gmedina', 'victortorressuch', 'alecorti.pardo', 'campamarin', 'enriquevaliente17', 'elisa.vicenteei', 'miguel_fernandez', 'miguelpinocarmona', 'pablolopezexposito', 'dariogarciaredecillas', 'fernando_ibarra', 'chenxi', 'joeanszxc', 'chwi7664', 'foojorge', 'michaelcameronmcdonald', 'maurobn98', 'aloptor', 'luisbarrios', 'iagopardo97', 'jesslyn', 'guojunxiong25', 'juansans98', 'bgutierrez', 'kong2020', 'martin.gutierrez', 'clarachapela10', 'limengyuanli66', 'manucro10', 'hamza32amar', 'zhs002', 'choikj', 'ee5502', 'nivedaksubramanian', 'yingxue58', 'myez', 'henglund', 'elena.j.g', 'yuxian123', 'wtq77', 'marniesan', 'rayoaki7', 'danidm', 'savas', 'alsyaari', 'ionemanuelmoralesrosales', 'jerome.alag', 'zhang.jiayu', 'lluisgonzaga96', 'nuriamj', 'sohamsawant912', 'shihhaotsai', 'fabiola.santos', 'praveens013', 'wanghb', 'e.fisicahamza', 'xiaolei', 'chenyue', 'miri23', 'gonzavt15', 'p.suarez97', 'brendaorea15', 'thunaung', 'aidan.rooney17', 'brunolopez', 'juanariza', 'guyu', 'ero15953', 'alyabra', 'floren_ff', 'hdelatorre3524', 'justinegiroux', '2015soham.sawant', 'veronica.castro', 'ryu.j', 'angelaturnes', 'guoxg46', 'jaimedmj', 'caetano.eirea', 'gonzalogbb', 'sstty7', 'pablomd', 'antonio98y', 'luisgfloreslarrea', 'tergel1999', 'e0427406', 'blasern', 'arturocastro94', 'alyabra.vargas', 'pedrogea08', 'danidrivas98', 'melissa5', 'bellmanz', 'xiaode', 'zhaoyu960207', 'iagomoscer', 'pablosande98', 'cytuslll1997', 'mordor', 'claudia.puga', 'feijoomartina', 'essheh', 'mariamfontan', 'xhan009', 'pablocrespo11', 'agarviespi', 'sylim1', 'iagomillanentenza', 'elmu6301', 'salamghgh20', 'jinfengleong', 'prra6646', 'aledes', 'lluissanuy', 'pablojosecalvo', 'christsun', 'wmy', 'gkkk6', 'jiaqi.guoguo', 'ottoridemar', 'dang.e', 'bingshengliu', 'chema', 'andrei.luneow01031999', 'alyabra.alejandro', 'noxis986', 'uutty2010', 'anderson.bi', 'juanjotromp', 'alejandromo1610', 'elmanguito', 'jameslin', 'qwe', 'wang.yaoz', 'e.lucasnavarrog', 'songy', 'thackettt', 'plmolina4', '836054323_wj', 'andreasorroche', 'sergiocalo.barranha', 'hariprasanna', 'ch2922', 'akamsali', 'laurenp', 'jbalderasfernandez', 'leoncc', 'kennyxsy', 'niravsurajlal', 'anamconrado', 'paula.mourino', 'tonybocadillosgrandes', 'alexsanchezcast', 'comeseetake', 'chrispvnofficial', 'sangkyu.sun', 'rysw5590', 'hit.kamble', 'rakki.datta', 'rubenortega', 'julioug1', 'liuman961021', 'ralfli', 'zakizhou', 'anselmoantorcha', 'h_elmenier', 'valeriamg', 'wangjianed_1992', 'fran.mosquera.pena', 'fabiolajsanlop', 'dyoh5119', 'mmartinezsanchez', 'e.jojusalo', 'lucamonduzzi96', 'ejg98', 'shikhararvind', 'manuel10suarez10', 'martinzapatamartinez', 'e.ivanlopgar1997', 'abdulhaiyum.f', 'haominl1997', 'david.garrido', 'isaac.dominguez4444', 'juancarlosroutrera', 'japrz', 'ergobe3', 'anar4331', 'mari.paucom', 'lidiadom', 'albertortepin', 'samuelfl', 'melonlzheng', 'pablo.garcia.bas', 'sebastianvromero', 'albertoangulo', 'dariogarred', 'andrea.mendez', 'mgupta15', 'miaocx714', 'zewei', 'fofi94', 'jgm2096', 'esteban.figueroa', 'shizhan.flood', 'watashi.legion', 'sergiogrcsnchz', 'facundobonfiglio', 'exareivaj', 'costasdiego97', 'austinz', 'francisxavgr', 'savardbastien', 'zihang', 'sotmas', 'cxiuqi1', 'mihai.pislaru.fisica', 'mihaipx', 'dulguun_021', 'soddy1996', 'al16do06', 'ivan1', 'aliraza2013ee360', 'paula.bolboreta', 'amirbadshah224', 'lianyi96', 'xxxxiaofan', 'qumo4329', 'bulganb28', 'hewutanyuan', 'yzarni89', 'antoinelegare', 'nuriatellado', 'berzasnon', 'jdanivc', 'pedrobeko98', 'cristinacostas', 'cmoadne', 'roberto.nava', 'martin32', 'policon', 'elviracastillo', 'ludoba2912', 'junwen', 'chenxiwang', 'carlosbesadaromero', 'adec', 'isafdez', 'stgermain.b', 'chenre', 'edgarmtz', 'albacosta', 'gbatzorig268', 'a997154508', 'dja19951995']",2,"['antonio25', 'dique']",283,"['marinabm', 'miguellopezcardenas98', 'clarahernandez05f', 'emixose', 'albertoccz', 'lauragdevesa', 'alex_varela_17', 'uxiavelca', 'xxy0501', '9.genest.gabriel', 'simoncarloscartamil', 'joannesy', 'alicia.mosq', 'isaac.carrillo', 'carterkirkendoll', 'dalder', 'gmedina', 'victortorressuch', 'alecorti.pardo', 'campamarin', 'enriquevaliente17', 'elisa.vicenteei', 'miguel_fernandez', 'miguelpinocarmona', 'pablolopezexposito', 'dariogarciaredecillas', 'fernando_ibarra', 'chenxi', 'joeanszxc', 'chwi7664', 'foojorge', 'michaelcameronmcdonald', 'maurobn98', 'aloptor', 'luisbarrios', 'iagopardo97', 'jesslyn', 'guojunxiong25', 'juansans98', 'bgutierrez', 'kong2020', 'martin.gutierrez', 'clarachapela10', 'limengyuanli66', 'manucro10', 'hamza32amar', 'zhs002', 'choikj', 'ee5502', 'pmvd95', 'nivedaksubramanian', 'yingxue58', 'myez', 'henglund', 'elena.j.g', 'yuxian123', 'j.guedegar', 'wtq77', 'marniesan', 'rayoaki7', 'danidm', 'savas', 'juanjoseo', 'alsyaari', 'ionemanuelmoralesrosales', 'jerome.alag', 'zhang.jiayu', 'lluisgonzaga96', 'nuriamj', 'sohamsawant912', 'shihhaotsai', 'fabiola.santos', 'praveens013', 'wanghb', 'e.fisicahamza', 'xiaolei', 'chenyue', 'miri23', 'gonzavt15', 'p.suarez97', 'isaferjim', 'brendaorea15', 'thunaung', 'aidan.rooney17', 'brunolopez', 'juanariza', 'antonio25', 'guyu', 'ero15953', 'alyabra', 'floren_ff', 'hdelatorre3524', 'justinegiroux', '2015soham.sawant', 'veronica.castro', 'ryu.j', 'angelaturnes', 'guoxg46', 'jaimedmj', 'caetano.eirea', 'gonzalogbb', 'sstty7', 'pablomd', 'antonio98y', 'luisgfloreslarrea', 'tergel1999', 'e0427406', 'blasern', 'arturocastro94', 'alyabra.vargas', 'pedrogea08', 'danidrivas98', 'melissa5', 'bellmanz', 'xiaode', 'zhaoyu960207', 'iagomoscer', 'pablosande98', 'cytuslll1997', 'mordor', 'claudia.puga', 'feijoomartina', 'essheh', 'mariamfontan', 'pablosempredepor97', 'xhan009', 'pablocrespo11', 'agarviespi', 'sylim1', 'iagomillanentenza', 'elmu6301', 'salamghgh20', 'jinfengleong', 'prra6646', 'aledes', 'lluissanuy', 'pablojosecalvo', 'christsun', 'wmy', 'gkkk6', 'jiaqi.guoguo', 'ottoridemar', 'dang.e', 'bingshengliu', 'chema', 'andrei.luneow01031999', 'alyabra.alejandro', 'noxis986', 'uutty2010', 'anderson.bi', 'juanjotromp', 'alejandromo1610', 'elmanguito', 'jameslin', 'qwe', 'wang.yaoz', 'e.lucasnavarrog', 'songy', 'thackettt', 'plmolina4', 'davidga568', '836054323_wj', 'andreasorroche', 'sergiocalo.barranha', 'hariprasanna', 'ch2922', 'akamsali', 'laurenp', 'jbalderasfernandez', 'leoncc', 'kennyxsy', 'niravsurajlal', 'anamconrado', 'paula.mourino', 'tonybocadillosgrandes', 'alexsanchezcast', 'comeseetake', 'chrispvnofficial', 'danielfdezcalo', 'sangkyu.sun', 'rysw5590', 'hit.kamble', 'rakki.datta', 'rubenortega', 'julioug1', 'liuman961021', 'ralfli', 'zakizhou', 'xoangon', 'anselmoantorcha', 'h_elmenier', 'valeriamg', 'wangjianed_1992', 'fran.mosquera.pena', 'fabiolajsanlop', 'dyoh5119', 'mmartinezsanchez', 'e.jojusalo', 'lucamonduzzi96', 'ejg98', 'shikhararvind', 'manuel10suarez10', 'martinzapatamartinez', 'e.ivanlopgar1997', 'abdulhaiyum.f', 'haominl1997', 'david.garrido', 'isaac.dominguez4444', 'juancarlosroutrera', 'japrz', 'ergobe3', 'anar4331', 'mari.paucom', 'lidiadom', 'albertortepin', 'samuelfl', 'melonlzheng', 'pablo.garcia.bas', 'sebastianvromero', 'albertoangulo', 'dariogarred', 'andrea.mendez', 'mgupta15', 'miaocx714', 'zewei', 'fofi94', 'jgm2096', 'esteban.figueroa', 'shizhan.flood', 'watashi.legion', 'sergiogrcsnchz', 'facundobonfiglio', 'exareivaj', 'costasdiego97', 'austinz', 'francisxavgr', 'savardbastien', 'dique', 'zihang', 'sotmas', 'cxiuqi1', 'mihai.pislaru.fisica', 'mihaipx', 'antonionito1993', 'dulguun_021', 'soddy1996', 'al16do06', 'ivan1', 'aliraza2013ee360', 'paula.bolboreta', 'amirbadshah224', 'lianyi96', 'xxxxiaofan', 'qumo4329', 'bulganb28', 'hewutanyuan', 'yzarni89', 'antoinelegare', 'nuriatellado', 'berzasnon', 'jdanivc', 'pedrobeko98', 'cristinacostas', 'cmoadne', 'roberto.nava', 'martin32', 'policon', 'elviracastillo', 'clara.landesa', 'ludoba2912', 'junwen', 'chenxiwang', 'carlosbesadaromero', 'adec', 'isafdez', 'stgermain.b', 'chenre', 'edgarmtz', 'xoanmayo', 'albacosta', 'gbatzorig268', 'a997154508', 'dja19951995']"
1,9,281,14,1,['sstty7'],280,"['marinabm', 'miguellopezcardenas98', 'clarahernandez05f', 'emixose', 'albertoccz', 'lauragdevesa', 'alex_varela_17', 'uxiavelca', 'xxy0501', '9.genest.gabriel', 'simoncarloscartamil', 'joannesy', 'alicia.mosq', 'isaac.carrillo', 'carterkirkendoll', 'dalder', 'gmedina', 'victortorressuch', 'alecorti.pardo', 'campamarin', 'enriquevaliente17', 'elisa.vicenteei', 'miguel_fernandez', 'miguelpinocarmona', 'pablolopezexposito', 'dariogarciaredecillas', 'fernando_ibarra', 'chenxi', 'joeanszxc', 'chwi7664', 'foojorge', 'michaelcameronmcdonald', 'maurobn98', 'aloptor', 'luisbarrios', 'iagopardo97', 'jesslyn', 'guojunxiong25', 'juansans98', 'bgutierrez', 'kong2020', 'martin.gutierrez', 'clarachapela10', 'limengyuanli66', 'manucro10', 'hamza32amar', 'zhs002', 'choikj', 'ee5502', 'pmvd95', 'nivedaksubramanian', 'yingxue58', 'myez', 'henglund', 'elena.j.g', 'yuxian123', 'j.guedegar', 'wtq77', 'marniesan', 'rayoaki7', 'danidm', 'savas', 'juanjoseo', 'alsyaari', 'ionemanuelmoralesrosales', 'jerome.alag', 'zhang.jiayu', 'lluisgonzaga96', 'nuriamj', 'sohamsawant912', 'shihhaotsai', 'fabiola.santos', 'praveens013', 'wanghb', 'e.fisicahamza', 'xiaolei', 'chenyue', 'miri23', 'gonzavt15', 'p.suarez97', 'isaferjim', 'brendaorea15', 'thunaung', 'aidan.rooney17', 'brunolopez', 'juanariza', 'guyu', 'ero15953', 'alyabra', 'floren_ff', 'hdelatorre3524', 'justinegiroux', '2015soham.sawant', 'veronica.castro', 'ryu.j', 'angelaturnes', 'guoxg46', 'jaimedmj', 'caetano.eirea', 'gonzalogbb', 'pablomd', 'antonio98y', 'luisgfloreslarrea', 'tergel1999', 'e0427406', 'blasern', 'arturocastro94', 'alyabra.vargas', 'pedrogea08', 'danidrivas98', 'melissa5', 'bellmanz', 'xiaode', 'zhaoyu960207', 'iagomoscer', 'pablosande98', 'cytuslll1997', 'mordor', 'claudia.puga', 'feijoomartina', 'essheh', 'mariamfontan', 'pablosempredepor97', 'xhan009', 'pablocrespo11', 'agarviespi', 'sylim1', 'iagomillanentenza', 'elmu6301', 'salamghgh20', 'jinfengleong', 'prra6646', 'aledes', 'lluissanuy', 'pablojosecalvo', 'christsun', 'wmy', 'gkkk6', 'jiaqi.guoguo', 'ottoridemar', 'dang.e', 'bingshengliu', 'chema', 'andrei.luneow01031999', 'alyabra.alejandro', 'noxis986', 'uutty2010', 'anderson.bi', 'juanjotromp', 'alejandromo1610', 'elmanguito', 'jameslin', 'qwe', 'wang.yaoz', 'e.lucasnavarrog', 'songy', 'thackettt', 'plmolina4', 'davidga568', '836054323_wj', 'andreasorroche', 'sergiocalo.barranha', 'hariprasanna', 'ch2922', 'akamsali', 'laurenp', 'jbalderasfernandez', 'leoncc', 'kennyxsy', 'niravsurajlal', 'anamconrado', 'paula.mourino', 'tonybocadillosgrandes', 'alexsanchezcast', 'comeseetake', 'chrispvnofficial', 'danielfdezcalo', 'sangkyu.sun', 'rysw5590', 'hit.kamble', 'rakki.datta', 'rubenortega', 'julioug1', 'liuman961021', 'ralfli', 'zakizhou', 'xoangon', 'anselmoantorcha', 'h_elmenier', 'valeriamg', 'wangjianed_1992', 'fran.mosquera.pena', 'fabiolajsanlop', 'dyoh5119', 'mmartinezsanchez', 'e.jojusalo', 'lucamonduzzi96', 'ejg98', 'shikhararvind', 'manuel10suarez10', 'martinzapatamartinez', 'e.ivanlopgar1997', 'abdulhaiyum.f', 'haominl1997', 'david.garrido', 'isaac.dominguez4444', 'juancarlosroutrera', 'japrz', 'ergobe3', 'anar4331', 'mari.paucom', 'lidiadom', 'albertortepin', 'samuelfl', 'melonlzheng', 'pablo.garcia.bas', 'sebastianvromero', 'albertoangulo', 'dariogarred', 'andrea.mendez', 'mgupta15', 'miaocx714', 'zewei', 'fofi94', 'jgm2096', 'esteban.figueroa', 'shizhan.flood', 'watashi.legion', 'sergiogrcsnchz', 'facundobonfiglio', 'exareivaj', 'costasdiego97', 'austinz', 'francisxavgr', 'savardbastien', 'zihang', 'sotmas', 'cxiuqi1', 'mihai.pislaru.fisica', 'mihaipx', 'antonionito1993', 'dulguun_021', 'soddy1996', 'al16do06', 'ivan1', 'aliraza2013ee360', 'paula.bolboreta', 'amirbadshah224', 'lianyi96', 'xxxxiaofan', 'qumo4329', 'bulganb28', 'hewutanyuan', 'yzarni89', 'antoinelegare', 'nuriatellado', 'berzasnon', 'jdanivc', 'pedrobeko98', 'cristinacostas', 'cmoadne', 'roberto.nava', 'martin32', 'policon', 'elviracastillo', 'clara.landesa', 'ludoba2912', 'junwen', 'chenxiwang', 'carlosbesadaromero', 'adec', 'isafdez', 'stgermain.b', 'chenre', 'edgarmtz', 'xoanmayo', 'albacosta', 'gbatzorig268', 'a997154508', 'dja19951995']",13,"['eb32862', 'dangover94', 'anstpdlffj3', 'dorxlqmdkdlel', 'kangtoltol', 'yujincho', 'siggy36', 'jaephago', 'kimys4u', 'minho9534', 'kimyoungkyen', 'qjjh1217', 'sjhoon96']",294,"['marinabm', 'miguellopezcardenas98', 'clarahernandez05f', 'emixose', 'albertoccz', 'lauragdevesa', 'alex_varela_17', 'uxiavelca', 'xxy0501', '9.genest.gabriel', 'simoncarloscartamil', 'joannesy', 'alicia.mosq', 'isaac.carrillo', 'carterkirkendoll', 'dalder', 'gmedina', 'victortorressuch', 'alecorti.pardo', 'campamarin', 'enriquevaliente17', 'elisa.vicenteei', 'miguel_fernandez', 'miguelpinocarmona', 'pablolopezexposito', 'dariogarciaredecillas', 'fernando_ibarra', 'chenxi', 'joeanszxc', 'chwi7664', 'foojorge', 'michaelcameronmcdonald', 'maurobn98', 'aloptor', 'luisbarrios', 'iagopardo97', 'jesslyn', 'guojunxiong25', 'juansans98', 'bgutierrez', 'kong2020', 'martin.gutierrez', 'clarachapela10', 'limengyuanli66', 'manucro10', 'hamza32amar', 'zhs002', 'choikj', 'ee5502', 'pmvd95', 'nivedaksubramanian', 'yingxue58', 'myez', 'henglund', 'elena.j.g', 'dangover94', 'yuxian123', 'j.guedegar', 'wtq77', 'marniesan', 'rayoaki7', 'danidm', 'savas', 'juanjoseo', 'alsyaari', 'ionemanuelmoralesrosales', 'jerome.alag', 'zhang.jiayu', 'lluisgonzaga96', 'nuriamj', 'sohamsawant912', 'shihhaotsai', 'fabiola.santos', 'praveens013', 'wanghb', 'kangtoltol', 'e.fisicahamza', 'xiaolei', 'chenyue', 'miri23', 'gonzavt15', 'p.suarez97', 'isaferjim', 'brendaorea15', 'thunaung', 'siggy36', 'aidan.rooney17', 'minho9534', 'brunolopez', 'juanariza', 'guyu', 'ero15953', 'alyabra', 'floren_ff', 'hdelatorre3524', 'justinegiroux', '2015soham.sawant', 'veronica.castro', 'qjjh1217', 'ryu.j', 'angelaturnes', 'guoxg46', 'jaimedmj', 'caetano.eirea', 'gonzalogbb', 'sstty7', 'pablomd', 'antonio98y', 'luisgfloreslarrea', 'tergel1999', 'e0427406', 'blasern', 'arturocastro94', 'alyabra.vargas', 'eb32862', 'pedrogea08', 'danidrivas98', 'melissa5', 'bellmanz', 'xiaode', 'zhaoyu960207', 'iagomoscer', 'pablosande98', 'cytuslll1997', 'mordor', 'claudia.puga', 'feijoomartina', 'essheh', 'mariamfontan', 'pablosempredepor97', 'xhan009', 'pablocrespo11', 'agarviespi', 'sylim1', 'iagomillanentenza', 'elmu6301', 'salamghgh20', 'jinfengleong', 'prra6646', 'aledes', 'lluissanuy', 'pablojosecalvo', 'christsun', 'wmy', 'gkkk6', 'jiaqi.guoguo', 'ottoridemar', 'dang.e', 'bingshengliu', 'chema', 'andrei.luneow01031999', 'alyabra.alejandro', 'noxis986', 'uutty2010', 'anderson.bi', 'juanjotromp', 'alejandromo1610', 'elmanguito', 'jameslin', 'qwe', 'wang.yaoz', 'e.lucasnavarrog', 'songy', 'thackettt', 'plmolina4', 'davidga568', 'yujincho', '836054323_wj', 'andreasorroche', 'sergiocalo.barranha', 'hariprasanna', 'ch2922', 'akamsali', 'laurenp', 'jbalderasfernandez', 'leoncc', 'kennyxsy', 'niravsurajlal', 'anamconrado', 'paula.mourino', 'tonybocadillosgrandes', 'alexsanchezcast', 'comeseetake', 'chrispvnofficial', 'danielfdezcalo', 'sangkyu.sun', 'rysw5590', 'hit.kamble', 'rakki.datta', 'rubenortega', 'julioug1', 'liuman961021', 'ralfli', 'zakizhou', 'kimyoungkyen', 'sjhoon96', 'xoangon', 'anselmoantorcha', 'h_elmenier', 'valeriamg', 'wangjianed_1992', 'fran.mosquera.pena', 'fabiolajsanlop', 'dyoh5119', 'mmartinezsanchez', 'e.jojusalo', 'lucamonduzzi96', 'ejg98', 'shikhararvind', 'manuel10suarez10', 'martinzapatamartinez', 'e.ivanlopgar1997', 'abdulhaiyum.f', 'haominl1997', 'david.garrido', 'isaac.dominguez4444', 'juancarlosroutrera', 'japrz', 'ergobe3', 'anar4331', 'mari.paucom', 'lidiadom', 'albertortepin', 'samuelfl', 'melonlzheng', 'pablo.garcia.bas', 'sebastianvromero', 'albertoangulo', 'dariogarred', 'andrea.mendez', 'mgupta15', 'miaocx714', 'zewei', 'fofi94', 'kimys4u', 'jgm2096', 'esteban.figueroa', 'shizhan.flood', 'watashi.legion', 'sergiogrcsnchz', 'facundobonfiglio', 'exareivaj', 'costasdiego97', 'austinz', 'francisxavgr', 'savardbastien', 'zihang', 'sotmas', 'cxiuqi1', 'mihai.pislaru.fisica', 'mihaipx', 'antonionito1993', 'dulguun_021', 'soddy1996', 'al16do06', 'ivan1', 'aliraza2013ee360', 'paula.bolboreta', 'amirbadshah224', 'jaephago', 'lianyi96', 'xxxxiaofan', 'qumo4329', 'bulganb28', 'hewutanyuan', 'dorxlqmdkdlel', 'yzarni89', 'antoinelegare', 'nuriatellado', 'berzasnon', 'jdanivc', 'pedrobeko98', 'cristinacostas', 'cmoadne', 'roberto.nava', 'martin32', 'policon', 'elviracastillo', 'clara.landesa', 'ludoba2912', 'junwen', 'chenxiwang', 'carlosbesadaromero', 'adec', 'isafdez', 'stgermain.b', 'chenre', 'edgarmtz', 'xoanmayo', 'albacosta', 'anstpdlffj3', 'gbatzorig268', 'a997154508', 'dja19951995']"
1,15,281,14,13,"['mari.paucom', 'martin.gutierrez', 'luisgfloreslarrea', 'isaac.carrillo', 'alyabra', 'fabiola.santos', 'esteban.figueroa', 'brendaorea15', 'claudia.puga', 'fernando_ibarra', 'roberto.nava', 'edgarmtz', 'veronica.castro']",268,"['marinabm', 'miguellopezcardenas98', 'clarahernandez05f', 'emixose', 'albertoccz', 'lauragdevesa', 'alex_varela_17', 'uxiavelca', 'xxy0501', '9.genest.gabriel', 'simoncarloscartamil', 'joannesy', 'alicia.mosq', 'carterkirkendoll', 'dalder', 'gmedina', 'victortorressuch', 'alecorti.pardo', 'campamarin', 'enriquevaliente17', 'elisa.vicenteei', 'miguel_fernandez', 'miguelpinocarmona', 'pablolopezexposito', 'dariogarciaredecillas', 'chenxi', 'joeanszxc', 'chwi7664', 'foojorge', 'michaelcameronmcdonald', 'maurobn98', 'aloptor', 'luisbarrios', 'iagopardo97', 'jesslyn', 'guojunxiong25', 'juansans98', 'bgutierrez', 'kong2020', 'clarachapela10', 'limengyuanli66', 'manucro10', 'hamza32amar', 'zhs002', 'choikj', 'ee5502', 'pmvd95', 'nivedaksubramanian', 'yingxue58', 'myez', 'henglund', 'elena.j.g', 'yuxian123', 'j.guedegar', 'wtq77', 'marniesan', 'rayoaki7', 'danidm', 'savas', 'juanjoseo', 'alsyaari', 'ionemanuelmoralesrosales', 'jerome.alag', 'zhang.jiayu', 'lluisgonzaga96', 'nuriamj', 'sohamsawant912', 'shihhaotsai', 'praveens013', 'wanghb', 'e.fisicahamza', 'xiaolei', 'chenyue', 'miri23', 'gonzavt15', 'p.suarez97', 'isaferjim', 'thunaung', 'aidan.rooney17', 'brunolopez', 'juanariza', 'guyu', 'ero15953', 'floren_ff', 'hdelatorre3524', 'justinegiroux', '2015soham.sawant', 'ryu.j', 'angelaturnes', 'guoxg46', 'jaimedmj', 'caetano.eirea', 'gonzalogbb', 'sstty7', 'pablomd', 'antonio98y', 'tergel1999', 'e0427406', 'blasern', 'arturocastro94', 'alyabra.vargas', 'pedrogea08', 'danidrivas98', 'melissa5', 'bellmanz', 'xiaode', 'zhaoyu960207', 'iagomoscer', 'pablosande98', 'cytuslll1997', 'mordor', 'feijoomartina', 'essheh', 'mariamfontan', 'pablosempredepor97', 'xhan009', 'pablocrespo11', 'agarviespi', 'sylim1', 'iagomillanentenza', 'elmu6301', 'salamghgh20', 'jinfengleong', 'prra6646', 'aledes', 'lluissanuy', 'pablojosecalvo', 'christsun', 'wmy', 'gkkk6', 'jiaqi.guoguo', 'ottoridemar', 'dang.e', 'bingshengliu', 'chema', 'andrei.luneow01031999', 'alyabra.alejandro', 'noxis986', 'uutty2010', 'anderson.bi', 'juanjotromp', 'alejandromo1610', 'elmanguito', 'jameslin', 'qwe', 'wang.yaoz', 'e.lucasnavarrog', 'songy', 'thackettt', 'plmolina4', 'davidga568', '836054323_wj', 'andreasorroche', 'sergiocalo.barranha', 'hariprasanna', 'ch2922', 'akamsali', 'laurenp', 'jbalderasfernandez', 'leoncc', 'kennyxsy', 'niravsurajlal', 'anamconrado', 'paula.mourino', 'tonybocadillosgrandes', 'alexsanchezcast', 'comeseetake', 'chrispvnofficial', 'danielfdezcalo', 'sangkyu.sun', 'rysw5590', 'hit.kamble', 'rakki.datta', 'rubenortega', 'julioug1', 'liuman961021', 'ralfli', 'zakizhou', 'xoangon', 'anselmoantorcha', 'h_elmenier', 'valeriamg', 'wangjianed_1992', 'fran.mosquera.pena', 'fabiolajsanlop', 'dyoh5119', 'mmartinezsanchez', 'e.jojusalo', 'lucamonduzzi96', 'ejg98', 'shikhararvind', 'manuel10suarez10', 'martinzapatamartinez', 'e.ivanlopgar1997', 'abdulhaiyum.f', 'haominl1997', 'david.garrido', 'isaac.dominguez4444', 'juancarlosroutrera', 'japrz', 'ergobe3', 'anar4331', 'lidiadom', 'albertortepin', 'samuelfl', 'melonlzheng', 'pablo.garcia.bas', 'sebastianvromero', 'albertoangulo', 'dariogarred', 'andrea.mendez', 'mgupta15', 'miaocx714', 'zewei', 'fofi94', 'jgm2096', 'shizhan.flood', 'watashi.legion', 'sergiogrcsnchz', 'facundobonfiglio', 'exareivaj', 'costasdiego97', 'austinz', 'francisxavgr', 'savardbastien', 'zihang', 'sotmas', 'cxiuqi1', 'mihai.pislaru.fisica', 'mihaipx', 'antonionito1993', 'dulguun_021', 'soddy1996', 'al16do06', 'ivan1', 'aliraza2013ee360', 'paula.bolboreta', 'amirbadshah224', 'lianyi96', 'xxxxiaofan', 'qumo4329', 'bulganb28', 'hewutanyuan', 'yzarni89', 'antoinelegare', 'nuriatellado', 'berzasnon', 'jdanivc', 'pedrobeko98', 'cristinacostas', 'cmoadne', 'martin32', 'policon', 'elviracastillo', 'clara.landesa', 'ludoba2912', 'junwen', 'chenxiwang', 'carlosbesadaromero', 'adec', 'isafdez', 'stgermain.b', 'chenre', 'xoanmayo', 'albacosta', 'gbatzorig268', 'a997154508', 'dja19951995']",1,['andreallanas'],282,"['marinabm', 'miguellopezcardenas98', 'clarahernandez05f', 'emixose', 'albertoccz', 'lauragdevesa', 'alex_varela_17', 'uxiavelca', 'xxy0501', '9.genest.gabriel', 'simoncarloscartamil', 'joannesy', 'alicia.mosq', 'isaac.carrillo', 'carterkirkendoll', 'dalder', 'gmedina', 'victortorressuch', 'alecorti.pardo', 'campamarin', 'enriquevaliente17', 'elisa.vicenteei', 'miguel_fernandez', 'miguelpinocarmona', 'pablolopezexposito', 'dariogarciaredecillas', 'fernando_ibarra', 'chenxi', 'joeanszxc', 'chwi7664', 'foojorge', 'michaelcameronmcdonald', 'maurobn98', 'aloptor', 'luisbarrios', 'iagopardo97', 'jesslyn', 'guojunxiong25', 'juansans98', 'bgutierrez', 'kong2020', 'martin.gutierrez', 'clarachapela10', 'limengyuanli66', 'manucro10', 'hamza32amar', 'zhs002', 'choikj', 'ee5502', 'pmvd95', 'nivedaksubramanian', 'yingxue58', 'myez', 'henglund', 'elena.j.g', 'yuxian123', 'j.guedegar', 'wtq77', 'marniesan', 'rayoaki7', 'danidm', 'savas', 'juanjoseo', 'alsyaari', 'ionemanuelmoralesrosales', 'jerome.alag', 'zhang.jiayu', 'lluisgonzaga96', 'nuriamj', 'sohamsawant912', 'shihhaotsai', 'fabiola.santos', 'praveens013', 'wanghb', 'e.fisicahamza', 'xiaolei', 'chenyue', 'miri23', 'gonzavt15', 'p.suarez97', 'isaferjim', 'brendaorea15', 'thunaung', 'aidan.rooney17', 'brunolopez', 'juanariza', 'guyu', 'ero15953', 'alyabra', 'floren_ff', 'hdelatorre3524', 'justinegiroux', 'andreallanas', '2015soham.sawant', 'veronica.castro', 'ryu.j', 'angelaturnes', 'guoxg46', 'jaimedmj', 'caetano.eirea', 'gonzalogbb', 'sstty7', 'pablomd', 'antonio98y', 'luisgfloreslarrea', 'tergel1999', 'e0427406', 'blasern', 'arturocastro94', 'alyabra.vargas', 'pedrogea08', 'danidrivas98', 'melissa5', 'bellmanz', 'xiaode', 'zhaoyu960207', 'iagomoscer', 'pablosande98', 'cytuslll1997', 'mordor', 'claudia.puga', 'feijoomartina', 'essheh', 'mariamfontan', 'pablosempredepor97', 'xhan009', 'pablocrespo11', 'agarviespi', 'sylim1', 'iagomillanentenza', 'elmu6301', 'salamghgh20', 'jinfengleong', 'prra6646', 'aledes', 'lluissanuy', 'pablojosecalvo', 'christsun', 'wmy', 'gkkk6', 'jiaqi.guoguo', 'ottoridemar', 'dang.e', 'bingshengliu', 'chema', 'andrei.luneow01031999', 'alyabra.alejandro', 'noxis986', 'uutty2010', 'anderson.bi', 'juanjotromp', 'alejandromo1610', 'elmanguito', 'jameslin', 'qwe', 'wang.yaoz', 'e.lucasnavarrog', 'songy', 'thackettt', 'plmolina4', 'davidga568', '836054323_wj', 'andreasorroche', 'sergiocalo.barranha', 'hariprasanna', 'ch2922', 'akamsali', 'laurenp', 'jbalderasfernandez', 'leoncc', 'kennyxsy', 'niravsurajlal', 'anamconrado', 'paula.mourino', 'tonybocadillosgrandes', 'alexsanchezcast', 'comeseetake', 'chrispvnofficial', 'danielfdezcalo', 'sangkyu.sun', 'rysw5590', 'hit.kamble', 'rakki.datta', 'rubenortega', 'julioug1', 'liuman961021', 'ralfli', 'zakizhou', 'xoangon', 'anselmoantorcha', 'h_elmenier', 'valeriamg', 'wangjianed_1992', 'fran.mosquera.pena', 'fabiolajsanlop', 'dyoh5119', 'mmartinezsanchez', 'e.jojusalo', 'lucamonduzzi96', 'ejg98', 'shikhararvind', 'manuel10suarez10', 'martinzapatamartinez', 'e.ivanlopgar1997', 'abdulhaiyum.f', 'haominl1997', 'david.garrido', 'isaac.dominguez4444', 'juancarlosroutrera', 'japrz', 'ergobe3', 'anar4331', 'mari.paucom', 'lidiadom', 'albertortepin', 'samuelfl', 'melonlzheng', 'pablo.garcia.bas', 'sebastianvromero', 'albertoangulo', 'dariogarred', 'andrea.mendez', 'mgupta15', 'miaocx714', 'zewei', 'fofi94', 'jgm2096', 'esteban.figueroa', 'shizhan.flood', 'watashi.legion', 'sergiogrcsnchz', 'facundobonfiglio', 'exareivaj', 'costasdiego97', 'austinz', 'francisxavgr', 'savardbastien', 'zihang', 'sotmas', 'cxiuqi1', 'mihai.pislaru.fisica', 'mihaipx', 'antonionito1993', 'dulguun_021', 'soddy1996', 'al16do06', 'ivan1', 'aliraza2013ee360', 'paula.bolboreta', 'amirbadshah224', 'lianyi96', 'xxxxiaofan', 'qumo4329', 'bulganb28', 'hewutanyuan', 'yzarni89', 'antoinelegare', 'nuriatellado', 'berzasnon', 'jdanivc', 'pedrobeko98', 'cristinacostas', 'cmoadne', 'roberto.nava', 'martin32', 'policon', 'elviracastillo', 'clara.landesa', 'ludoba2912', 'junwen', 'chenxiwang', 'carlosbesadaromero', 'adec', 'isafdez', 'stgermain.b', 'chenre', 'edgarmtz', 'xoanmayo', 'albacosta', 'gbatzorig268', 'a997154508', 'dja19951995']"
1,18,281,13,13,"['henglund', 'hariprasanna', 'haominl1997', 'chenxiwang', 'niravsurajlal', 'shikhararvind', 'thackettt', 'sotmas', 'nivedaksubramanian', 'ottoridemar', 'xxxxiaofan', 'brunolopez', 'junwen']",268,"['marinabm', 'miguellopezcardenas98', 'clarahernandez05f', 'emixose', 'albertoccz', 'lauragdevesa', 'alex_varela_17', 'uxiavelca', 'xxy0501', '9.genest.gabriel', 'simoncarloscartamil', 'joannesy', 'alicia.mosq', 'isaac.carrillo', 'carterkirkendoll', 'dalder', 'gmedina', 'victortorressuch', 'alecorti.pardo', 'campamarin', 'enriquevaliente17', 'elisa.vicenteei', 'miguel_fernandez', 'miguelpinocarmona', 'pablolopezexposito', 'dariogarciaredecillas', 'fernando_ibarra', 'chenxi', 'joeanszxc', 'chwi7664', 'foojorge', 'michaelcameronmcdonald', 'maurobn98', 'aloptor', 'luisbarrios', 'iagopardo97', 'jesslyn', 'guojunxiong25', 'juansans98', 'bgutierrez', 'kong2020', 'martin.gutierrez', 'clarachapela10', 'limengyuanli66', 'manucro10', 'hamza32amar', 'zhs002', 'choikj', 'ee5502', 'pmvd95', 'yingxue58', 'myez', 'elena.j.g', 'yuxian123', 'j.guedegar', 'wtq77', 'marniesan', 'rayoaki7', 'danidm', 'savas', 'juanjoseo', 'alsyaari', 'ionemanuelmoralesrosales', 'jerome.alag', 'zhang.jiayu', 'lluisgonzaga96', 'nuriamj', 'sohamsawant912', 'shihhaotsai', 'fabiola.santos', 'praveens013', 'wanghb', 'e.fisicahamza', 'xiaolei', 'chenyue', 'miri23', 'gonzavt15', 'p.suarez97', 'isaferjim', 'brendaorea15', 'thunaung', 'aidan.rooney17', 'juanariza', 'guyu', 'ero15953', 'alyabra', 'floren_ff', 'hdelatorre3524', 'justinegiroux', '2015soham.sawant', 'veronica.castro', 'ryu.j', 'angelaturnes', 'guoxg46', 'jaimedmj', 'caetano.eirea', 'gonzalogbb', 'sstty7', 'pablomd', 'antonio98y', 'luisgfloreslarrea', 'tergel1999', 'e0427406', 'blasern', 'arturocastro94', 'alyabra.vargas', 'pedrogea08', 'danidrivas98', 'melissa5', 'bellmanz', 'xiaode', 'zhaoyu960207', 'iagomoscer', 'pablosande98', 'cytuslll1997', 'mordor', 'claudia.puga', 'feijoomartina', 'essheh', 'mariamfontan', 'pablosempredepor97', 'xhan009', 'pablocrespo11', 'agarviespi', 'sylim1', 'iagomillanentenza', 'elmu6301', 'salamghgh20', 'jinfengleong', 'prra6646', 'aledes', 'lluissanuy', 'pablojosecalvo', 'christsun', 'wmy', 'gkkk6', 'jiaqi.guoguo', 'dang.e', 'bingshengliu', 'chema', 'andrei.luneow01031999', 'alyabra.alejandro', 'noxis986', 'uutty2010', 'anderson.bi', 'juanjotromp', 'alejandromo1610', 'elmanguito', 'jameslin', 'qwe', 'wang.yaoz', 'e.lucasnavarrog', 'songy', 'plmolina4', 'davidga568', '836054323_wj', 'andreasorroche', 'sergiocalo.barranha', 'ch2922', 'akamsali', 'laurenp', 'jbalderasfernandez', 'leoncc', 'kennyxsy', 'anamconrado', 'paula.mourino', 'tonybocadillosgrandes', 'alexsanchezcast', 'comeseetake', 'chrispvnofficial', 'danielfdezcalo', 'sangkyu.sun', 'rysw5590', 'hit.kamble', 'rakki.datta', 'rubenortega', 'julioug1', 'liuman961021', 'ralfli', 'zakizhou', 'xoangon', 'anselmoantorcha', 'h_elmenier', 'valeriamg', 'wangjianed_1992', 'fran.mosquera.pena', 'fabiolajsanlop', 'dyoh5119', 'mmartinezsanchez', 'e.jojusalo', 'lucamonduzzi96', 'ejg98', 'manuel10suarez10', 'martinzapatamartinez', 'e.ivanlopgar1997', 'abdulhaiyum.f', 'david.garrido', 'isaac.dominguez4444', 'juancarlosroutrera', 'japrz', 'ergobe3', 'anar4331', 'mari.paucom', 'lidiadom', 'albertortepin', 'samuelfl', 'melonlzheng', 'pablo.garcia.bas', 'sebastianvromero', 'albertoangulo', 'dariogarred', 'andrea.mendez', 'mgupta15', 'miaocx714', 'zewei', 'fofi94', 'jgm2096', 'esteban.figueroa', 'shizhan.flood', 'watashi.legion', 'sergiogrcsnchz', 'facundobonfiglio', 'exareivaj', 'costasdiego97', 'austinz', 'francisxavgr', 'savardbastien', 'zihang', 'cxiuqi1', 'mihai.pislaru.fisica', 'mihaipx', 'antonionito1993', 'dulguun_021', 'soddy1996', 'al16do06', 'ivan1', 'aliraza2013ee360', 'paula.bolboreta', 'amirbadshah224', 'lianyi96', 'qumo4329', 'bulganb28', 'hewutanyuan', 'yzarni89', 'antoinelegare', 'nuriatellado', 'berzasnon', 'jdanivc', 'pedrobeko98', 'cristinacostas', 'cmoadne', 'roberto.nava', 'martin32', 'policon', 'elviracastillo', 'clara.landesa', 'ludoba2912', 'carlosbesadaromero', 'adec', 'isafdez', 'stgermain.b', 'chenre', 'edgarmtz', 'xoanmayo', 'albacosta', 'gbatzorig268', 'a997154508', 'dja19951995']",0,[],281,"['marinabm', 'miguellopezcardenas98', 'clarahernandez05f', 'emixose', 'albertoccz', 'lauragdevesa', 'alex_varela_17', 'uxiavelca', 'xxy0501', '9.genest.gabriel', 'simoncarloscartamil', 'joannesy', 'alicia.mosq', 'isaac.carrillo', 'carterkirkendoll', 'dalder', 'gmedina', 'victortorressuch', 'alecorti.pardo', 'campamarin', 'enriquevaliente17', 'elisa.vicenteei', 'miguel_fernandez', 'miguelpinocarmona', 'pablolopezexposito', 'dariogarciaredecillas', 'fernando_ibarra', 'chenxi', 'joeanszxc', 'chwi7664', 'foojorge', 'michaelcameronmcdonald', 'maurobn98', 'aloptor', 'luisbarrios', 'iagopardo97', 'jesslyn', 'guojunxiong25', 'juansans98', 'bgutierrez', 'kong2020', 'martin.gutierrez', 'clarachapela10', 'limengyuanli66', 'manucro10', 'hamza32amar', 'zhs002', 'choikj', 'ee5502', 'pmvd95', 'nivedaksubramanian', 'yingxue58', 'myez', 'henglund', 'elena.j.g', 'yuxian123', 'j.guedegar', 'wtq77', 'marniesan', 'rayoaki7', 'danidm', 'savas', 'juanjoseo', 'alsyaari', 'ionemanuelmoralesrosales', 'jerome.alag', 'zhang.jiayu', 'lluisgonzaga96', 'nuriamj', 'sohamsawant912', 'shihhaotsai', 'fabiola.santos', 'praveens013', 'wanghb', 'e.fisicahamza', 'xiaolei', 'chenyue', 'miri23', 'gonzavt15', 'p.suarez97', 'isaferjim', 'brendaorea15', 'thunaung', 'aidan.rooney17', 'brunolopez', 'juanariza', 'guyu', 'ero15953', 'alyabra', 'floren_ff', 'hdelatorre3524', 'justinegiroux', '2015soham.sawant', 'veronica.castro', 'ryu.j', 'angelaturnes', 'guoxg46', 'jaimedmj', 'caetano.eirea', 'gonzalogbb', 'sstty7', 'pablomd', 'antonio98y', 'luisgfloreslarrea', 'tergel1999', 'e0427406', 'blasern', 'arturocastro94', 'alyabra.vargas', 'pedrogea08', 'danidrivas98', 'melissa5', 'bellmanz', 'xiaode', 'zhaoyu960207', 'iagomoscer', 'pablosande98', 'cytuslll1997', 'mordor', 'claudia.puga', 'feijoomartina', 'essheh', 'mariamfontan', 'pablosempredepor97', 'xhan009', 'pablocrespo11', 'agarviespi', 'sylim1', 'iagomillanentenza', 'elmu6301', 'salamghgh20', 'jinfengleong', 'prra6646', 'aledes', 'lluissanuy', 'pablojosecalvo', 'christsun', 'wmy', 'gkkk6', 'jiaqi.guoguo', 'ottoridemar', 'dang.e', 'bingshengliu', 'chema', 'andrei.luneow01031999', 'alyabra.alejandro', 'noxis986', 'uutty2010', 'anderson.bi', 'juanjotromp', 'alejandromo1610', 'elmanguito', 'jameslin', 'qwe', 'wang.yaoz', 'e.lucasnavarrog', 'songy', 'thackettt', 'plmolina4', 'davidga568', '836054323_wj', 'andreasorroche', 'sergiocalo.barranha', 'hariprasanna', 'ch2922', 'akamsali', 'laurenp', 'jbalderasfernandez', 'leoncc', 'kennyxsy', 'niravsurajlal', 'anamconrado', 'paula.mourino', 'tonybocadillosgrandes', 'alexsanchezcast', 'comeseetake', 'chrispvnofficial', 'danielfdezcalo', 'sangkyu.sun', 'rysw5590', 'hit.kamble', 'rakki.datta', 'rubenortega', 'julioug1', 'liuman961021', 'ralfli', 'zakizhou', 'xoangon', 'anselmoantorcha', 'h_elmenier', 'valeriamg', 'wangjianed_1992', 'fran.mosquera.pena', 'fabiolajsanlop', 'dyoh5119', 'mmartinezsanchez', 'e.jojusalo', 'lucamonduzzi96', 'ejg98', 'shikhararvind', 'manuel10suarez10', 'martinzapatamartinez', 'e.ivanlopgar1997', 'abdulhaiyum.f', 'haominl1997', 'david.garrido', 'isaac.dominguez4444', 'juancarlosroutrera', 'japrz', 'ergobe3', 'anar4331', 'mari.paucom', 'lidiadom', 'albertortepin', 'samuelfl', 'melonlzheng', 'pablo.garcia.bas', 'sebastianvromero', 'albertoangulo', 'dariogarred', 'andrea.mendez', 'mgupta15', 'miaocx714', 'zewei', 'fofi94', 'jgm2096', 'esteban.figueroa', 'shizhan.flood', 'watashi.legion', 'sergiogrcsnchz', 'facundobonfiglio', 'exareivaj', 'costasdiego97', 'austinz', 'francisxavgr', 'savardbastien', 'zihang', 'sotmas', 'cxiuqi1', 'mihai.pislaru.fisica', 'mihaipx', 'antonionito1993', 'dulguun_021', 'soddy1996', 'al16do06', 'ivan1', 'aliraza2013ee360', 'paula.bolboreta', 'amirbadshah224', 'lianyi96', 'xxxxiaofan', 'qumo4329', 'bulganb28', 'hewutanyuan', 'yzarni89', 'antoinelegare', 'nuriatellado', 'berzasnon', 'jdanivc', 'pedrobeko98', 'cristinacostas', 'cmoadne', 'roberto.nava', 'martin32', 'policon', 'elviracastillo', 'clara.landesa', 'ludoba2912', 'junwen', 'chenxiwang', 'carlosbesadaromero', 'adec', 'isafdez', 'stgermain.b', 'chenre', 'edgarmtz', 'xoanmayo', 'albacosta', 'gbatzorig268', 'a997154508', 'dja19951995']"
1,19,281,13,7,"['foojorge', 'juansans98', 'uxiavelca', 'noxis986', 'isaac.dominguez4444', 'iagomillanentenza', 'juanjoseo']",274,"['marinabm', 'miguellopezcardenas98', 'clarahernandez05f', 'emixose', 'albertoccz', 'lauragdevesa', 'alex_varela_17', 'xxy0501', '9.genest.gabriel', 'simoncarloscartamil', 'joannesy', 'alicia.mosq', 'isaac.carrillo', 'carterkirkendoll', 'dalder', 'gmedina', 'victortorressuch', 'alecorti.pardo', 'campamarin', 'enriquevaliente17', 'elisa.vicenteei', 'miguel_fernandez', 'miguelpinocarmona', 'pablolopezexposito', 'dariogarciaredecillas', 'fernando_ibarra', 'chenxi', 'joeanszxc', 'chwi7664', 'michaelcameronmcdonald', 'maurobn98', 'aloptor', 'luisbarrios', 'iagopardo97', 'jesslyn', 'guojunxiong25', 'bgutierrez', 'kong2020', 'martin.gutierrez', 'clarachapela10', 'limengyuanli66', 'manucro10', 'hamza32amar', 'zhs002', 'choikj', 'ee5502', 'pmvd95', 'nivedaksubramanian', 'yingxue58', 'myez', 'henglund', 'elena.j.g', 'yuxian123', 'j.guedegar', 'wtq77', 'marniesan', 'rayoaki7', 'danidm', 'savas', 'alsyaari', 'ionemanuelmoralesrosales', 'jerome.alag', 'zhang.jiayu', 'lluisgonzaga96', 'nuriamj', 'sohamsawant912', 'shihhaotsai', 'fabiola.santos', 'praveens013', 'wanghb', 'e.fisicahamza', 'xiaolei', 'chenyue', 'miri23', 'gonzavt15', 'p.suarez97', 'isaferjim', 'brendaorea15', 'thunaung', 'aidan.rooney17', 'brunolopez', 'juanariza', 'guyu', 'ero15953', 'alyabra', 'floren_ff', 'hdelatorre3524', 'justinegiroux', '2015soham.sawant', 'veronica.castro', 'ryu.j', 'angelaturnes', 'guoxg46', 'jaimedmj', 'caetano.eirea', 'gonzalogbb', 'sstty7', 'pablomd', 'antonio98y', 'luisgfloreslarrea', 'tergel1999', 'e0427406', 'blasern', 'arturocastro94', 'alyabra.vargas', 'pedrogea08', 'danidrivas98', 'melissa5', 'bellmanz', 'xiaode', 'zhaoyu960207', 'iagomoscer', 'pablosande98', 'cytuslll1997', 'mordor', 'claudia.puga', 'feijoomartina', 'essheh', 'mariamfontan', 'pablosempredepor97', 'xhan009', 'pablocrespo11', 'agarviespi', 'sylim1', 'elmu6301', 'salamghgh20', 'jinfengleong', 'prra6646', 'aledes', 'lluissanuy', 'pablojosecalvo', 'christsun', 'wmy', 'gkkk6', 'jiaqi.guoguo', 'ottoridemar', 'dang.e', 'bingshengliu', 'chema', 'andrei.luneow01031999', 'alyabra.alejandro', 'uutty2010', 'anderson.bi', 'juanjotromp', 'alejandromo1610', 'elmanguito', 'jameslin', 'qwe', 'wang.yaoz', 'e.lucasnavarrog', 'songy', 'thackettt', 'plmolina4', 'davidga568', '836054323_wj', 'andreasorroche', 'sergiocalo.barranha', 'hariprasanna', 'ch2922', 'akamsali', 'laurenp', 'jbalderasfernandez', 'leoncc', 'kennyxsy', 'niravsurajlal', 'anamconrado', 'paula.mourino', 'tonybocadillosgrandes', 'alexsanchezcast', 'comeseetake', 'chrispvnofficial', 'danielfdezcalo', 'sangkyu.sun', 'rysw5590', 'hit.kamble', 'rakki.datta', 'rubenortega', 'julioug1', 'liuman961021', 'ralfli', 'zakizhou', 'xoangon', 'anselmoantorcha', 'h_elmenier', 'valeriamg', 'wangjianed_1992', 'fran.mosquera.pena', 'fabiolajsanlop', 'dyoh5119', 'mmartinezsanchez', 'e.jojusalo', 'lucamonduzzi96', 'ejg98', 'shikhararvind', 'manuel10suarez10', 'martinzapatamartinez', 'e.ivanlopgar1997', 'abdulhaiyum.f', 'haominl1997', 'david.garrido', 'juancarlosroutrera', 'japrz', 'ergobe3', 'anar4331', 'mari.paucom', 'lidiadom', 'albertortepin', 'samuelfl', 'melonlzheng', 'pablo.garcia.bas', 'sebastianvromero', 'albertoangulo', 'dariogarred', 'andrea.mendez', 'mgupta15', 'miaocx714', 'zewei', 'fofi94', 'jgm2096', 'esteban.figueroa', 'shizhan.flood', 'watashi.legion', 'sergiogrcsnchz', 'facundobonfiglio', 'exareivaj', 'costasdiego97', 'austinz', 'francisxavgr', 'savardbastien', 'zihang', 'sotmas', 'cxiuqi1', 'mihai.pislaru.fisica', 'mihaipx', 'antonionito1993', 'dulguun_021', 'soddy1996', 'al16do06', 'ivan1', 'aliraza2013ee360', 'paula.bolboreta', 'amirbadshah224', 'lianyi96', 'xxxxiaofan', 'qumo4329', 'bulganb28', 'hewutanyuan', 'yzarni89', 'antoinelegare', 'nuriatellado', 'berzasnon', 'jdanivc', 'pedrobeko98', 'cristinacostas', 'cmoadne', 'roberto.nava', 'martin32', 'policon', 'elviracastillo', 'clara.landesa', 'ludoba2912', 'junwen', 'chenxiwang', 'carlosbesadaromero', 'adec', 'isafdez', 'stgermain.b', 'chenre', 'edgarmtz', 'xoanmayo', 'albacosta', 'gbatzorig268', 'a997154508', 'dja19951995']",6,"['jesusgiraldez', 'xie2', 'danielcondetorres', 'andreagcoto', 'albertosanchezberti', 'fsuarez']",287,"['marinabm', 'miguellopezcardenas98', 'clarahernandez05f', 'emixose', 'albertoccz', 'lauragdevesa', 'alex_varela_17', 'uxiavelca', 'xxy0501', '9.genest.gabriel', 'simoncarloscartamil', 'joannesy', 'alicia.mosq', 'isaac.carrillo', 'carterkirkendoll', 'dalder', 'gmedina', 'victortorressuch', 'alecorti.pardo', 'campamarin', 'enriquevaliente17', 'elisa.vicenteei', 'miguel_fernandez', 'miguelpinocarmona', 'pablolopezexposito', 'dariogarciaredecillas', 'fernando_ibarra', 'chenxi', 'joeanszxc', 'chwi7664', 'foojorge', 'michaelcameronmcdonald', 'maurobn98', 'aloptor', 'luisbarrios', 'iagopardo97', 'jesslyn', 'guojunxiong25', 'juansans98', 'bgutierrez', 'kong2020', 'martin.gutierrez', 'clarachapela10', 'limengyuanli66', 'manucro10', 'hamza32amar', 'zhs002', 'choikj', 'ee5502', 'pmvd95', 'nivedaksubramanian', 'yingxue58', 'myez', 'henglund', 'elena.j.g', 'yuxian123', 'j.guedegar', 'wtq77', 'marniesan', 'rayoaki7', 'danidm', 'savas', 'juanjoseo', 'alsyaari', 'ionemanuelmoralesrosales', 'jerome.alag', 'zhang.jiayu', 'lluisgonzaga96', 'nuriamj', 'sohamsawant912', 'shihhaotsai', 'fabiola.santos', 'praveens013', 'wanghb', 'e.fisicahamza', 'xiaolei', 'chenyue', 'miri23', 'gonzavt15', 'p.suarez97', 'isaferjim', 'brendaorea15', 'thunaung', 'aidan.rooney17', 'brunolopez', 'juanariza', 'guyu', 'ero15953', 'alyabra', 'floren_ff', 'hdelatorre3524', 'justinegiroux', '2015soham.sawant', 'veronica.castro', 'ryu.j', 'angelaturnes', 'guoxg46', 'jaimedmj', 'caetano.eirea', 'gonzalogbb', 'sstty7', 'pablomd', 'antonio98y', 'luisgfloreslarrea', 'tergel1999', 'e0427406', 'blasern', 'arturocastro94', 'alyabra.vargas', 'pedrogea08', 'danidrivas98', 'melissa5', 'bellmanz', 'xiaode', 'zhaoyu960207', 'danielcondetorres', 'iagomoscer', 'pablosande98', 'cytuslll1997', 'mordor', 'claudia.puga', 'feijoomartina', 'essheh', 'mariamfontan', 'pablosempredepor97', 'xhan009', 'pablocrespo11', 'agarviespi', 'sylim1', 'iagomillanentenza', 'elmu6301', 'salamghgh20', 'jinfengleong', 'prra6646', 'aledes', 'lluissanuy', 'pablojosecalvo', 'christsun', 'wmy', 'gkkk6', 'jiaqi.guoguo', 'ottoridemar', 'dang.e', 'bingshengliu', 'chema', 'andrei.luneow01031999', 'alyabra.alejandro', 'noxis986', 'uutty2010', 'anderson.bi', 'juanjotromp', 'alejandromo1610', 'elmanguito', 'jameslin', 'qwe', 'wang.yaoz', 'e.lucasnavarrog', 'songy', 'thackettt', 'plmolina4', 'davidga568', '836054323_wj', 'andreasorroche', 'sergiocalo.barranha', 'hariprasanna', 'ch2922', 'akamsali', 'laurenp', 'jbalderasfernandez', 'leoncc', 'kennyxsy', 'niravsurajlal', 'anamconrado', 'paula.mourino', 'tonybocadillosgrandes', 'alexsanchezcast', 'comeseetake', 'chrispvnofficial', 'danielfdezcalo', 'sangkyu.sun', 'rysw5590', 'hit.kamble', 'rakki.datta', 'rubenortega', 'xie2', 'julioug1', 'liuman961021', 'ralfli', 'zakizhou', 'xoangon', 'anselmoantorcha', 'h_elmenier', 'valeriamg', 'wangjianed_1992', 'fran.mosquera.pena', 'fabiolajsanlop', 'albertosanchezberti', 'dyoh5119', 'mmartinezsanchez', 'e.jojusalo', 'lucamonduzzi96', 'ejg98', 'shikhararvind', 'manuel10suarez10', 'martinzapatamartinez', 'jesusgiraldez', 'e.ivanlopgar1997', 'abdulhaiyum.f', 'haominl1997', 'david.garrido', 'isaac.dominguez4444', 'juancarlosroutrera', 'japrz', 'ergobe3', 'anar4331', 'mari.paucom', 'lidiadom', 'albertortepin', 'samuelfl', 'melonlzheng', 'pablo.garcia.bas', 'sebastianvromero', 'albertoangulo', 'dariogarred', 'andrea.mendez', 'mgupta15', 'miaocx714', 'zewei', 'fofi94', 'jgm2096', 'esteban.figueroa', 'shizhan.flood', 'watashi.legion', 'sergiogrcsnchz', 'facundobonfiglio', 'exareivaj', 'costasdiego97', 'austinz', 'francisxavgr', 'savardbastien', 'zihang', 'sotmas', 'cxiuqi1', 'mihai.pislaru.fisica', 'mihaipx', 'antonionito1993', 'dulguun_021', 'soddy1996', 'al16do06', 'ivan1', 'aliraza2013ee360', 'paula.bolboreta', 'amirbadshah224', 'lianyi96', 'xxxxiaofan', 'qumo4329', 'bulganb28', 'hewutanyuan', 'yzarni89', 'antoinelegare', 'nuriatellado', 'berzasnon', 'fsuarez', 'jdanivc', 'pedrobeko98', 'cristinacostas', 'cmoadne', 'roberto.nava', 'martin32', 'policon', 'elviracastillo', 'clara.landesa', 'ludoba2912', 'junwen', 'chenxiwang', 'carlosbesadaromero', 'adec', 'isafdez', 'stgermain.b', 'andreagcoto', 'chenre', 'edgarmtz', 'xoanmayo', 'albacosta', 'gbatzorig268', 'a997154508', 'dja19951995']"
1,22,281,11,10,"['yingxue58', 'ryu.j', 'laurenp', 'zhang.jiayu', 'leoncc', 'wang.yaoz', 'shizhan.flood', 'chenre', 'dang.e', 'bingshengliu']",271,"['marinabm', 'miguellopezcardenas98', 'clarahernandez05f', 'emixose', 'albertoccz', 'lauragdevesa', 'alex_varela_17', 'uxiavelca', 'xxy0501', '9.genest.gabriel', 'simoncarloscartamil', 'joannesy', 'alicia.mosq', 'isaac.carrillo', 'carterkirkendoll', 'dalder', 'gmedina', 'victortorressuch', 'alecorti.pardo', 'campamarin', 'enriquevaliente17', 'elisa.vicenteei', 'miguel_fernandez', 'miguelpinocarmona', 'pablolopezexposito', 'dariogarciaredecillas', 'fernando_ibarra', 'chenxi', 'joeanszxc', 'chwi7664', 'foojorge', 'michaelcameronmcdonald', 'maurobn98', 'aloptor', 'luisbarrios', 'iagopardo97', 'jesslyn', 'guojunxiong25', 'juansans98', 'bgutierrez', 'kong2020', 'martin.gutierrez', 'clarachapela10', 'limengyuanli66', 'manucro10', 'hamza32amar', 'zhs002', 'choikj', 'ee5502', 'pmvd95', 'nivedaksubramanian', 'myez', 'henglund', 'elena.j.g', 'yuxian123', 'j.guedegar', 'wtq77', 'marniesan', 'rayoaki7', 'danidm', 'savas', 'juanjoseo', 'alsyaari', 'ionemanuelmoralesrosales', 'jerome.alag', 'lluisgonzaga96', 'nuriamj', 'sohamsawant912', 'shihhaotsai', 'fabiola.santos', 'praveens013', 'wanghb', 'e.fisicahamza', 'xiaolei', 'chenyue', 'miri23', 'gonzavt15', 'p.suarez97', 'isaferjim', 'brendaorea15', 'thunaung', 'aidan.rooney17', 'brunolopez', 'juanariza', 'guyu', 'ero15953', 'alyabra', 'floren_ff', 'hdelatorre3524', 'justinegiroux', '2015soham.sawant', 'veronica.castro', 'angelaturnes', 'guoxg46', 'jaimedmj', 'caetano.eirea', 'gonzalogbb', 'sstty7', 'pablomd', 'antonio98y', 'luisgfloreslarrea', 'tergel1999', 'e0427406', 'blasern', 'arturocastro94', 'alyabra.vargas', 'pedrogea08', 'danidrivas98', 'melissa5', 'bellmanz', 'xiaode', 'zhaoyu960207', 'iagomoscer', 'pablosande98', 'cytuslll1997', 'mordor', 'claudia.puga', 'feijoomartina', 'essheh', 'mariamfontan', 'pablosempredepor97', 'xhan009', 'pablocrespo11', 'agarviespi', 'sylim1', 'iagomillanentenza', 'elmu6301', 'salamghgh20', 'jinfengleong', 'prra6646', 'aledes', 'lluissanuy', 'pablojosecalvo', 'christsun', 'wmy', 'gkkk6', 'jiaqi.guoguo', 'ottoridemar', 'chema', 'andrei.luneow01031999', 'alyabra.alejandro', 'noxis986', 'uutty2010', 'anderson.bi', 'juanjotromp', 'alejandromo1610', 'elmanguito', 'jameslin', 'qwe', 'e.lucasnavarrog', 'songy', 'thackettt', 'plmolina4', 'davidga568', '836054323_wj', 'andreasorroche', 'sergiocalo.barranha', 'hariprasanna', 'ch2922', 'akamsali', 'jbalderasfernandez', 'kennyxsy', 'niravsurajlal', 'anamconrado', 'paula.mourino', 'tonybocadillosgrandes', 'alexsanchezcast', 'comeseetake', 'chrispvnofficial', 'danielfdezcalo', 'sangkyu.sun', 'rysw5590', 'hit.kamble', 'rakki.datta', 'rubenortega', 'julioug1', 'liuman961021', 'ralfli', 'zakizhou', 'xoangon', 'anselmoantorcha', 'h_elmenier', 'valeriamg', 'wangjianed_1992', 'fran.mosquera.pena', 'fabiolajsanlop', 'dyoh5119', 'mmartinezsanchez', 'e.jojusalo', 'lucamonduzzi96', 'ejg98', 'shikhararvind', 'manuel10suarez10', 'martinzapatamartinez', 'e.ivanlopgar1997', 'abdulhaiyum.f', 'haominl1997', 'david.garrido', 'isaac.dominguez4444', 'juancarlosroutrera', 'japrz', 'ergobe3', 'anar4331', 'mari.paucom', 'lidiadom', 'albertortepin', 'samuelfl', 'melonlzheng', 'pablo.garcia.bas', 'sebastianvromero', 'albertoangulo', 'dariogarred', 'andrea.mendez', 'mgupta15', 'miaocx714', 'zewei', 'fofi94', 'jgm2096', 'esteban.figueroa', 'watashi.legion', 'sergiogrcsnchz', 'facundobonfiglio', 'exareivaj', 'costasdiego97', 'austinz', 'francisxavgr', 'savardbastien', 'zihang', 'sotmas', 'cxiuqi1', 'mihai.pislaru.fisica', 'mihaipx', 'antonionito1993', 'dulguun_021', 'soddy1996', 'al16do06', 'ivan1', 'aliraza2013ee360', 'paula.bolboreta', 'amirbadshah224', 'lianyi96', 'xxxxiaofan', 'qumo4329', 'bulganb28', 'hewutanyuan', 'yzarni89', 'antoinelegare', 'nuriatellado', 'berzasnon', 'jdanivc', 'pedrobeko98', 'cristinacostas', 'cmoadne', 'roberto.nava', 'martin32', 'policon', 'elviracastillo', 'clara.landesa', 'ludoba2912', 'junwen', 'chenxiwang', 'carlosbesadaromero', 'adec', 'isafdez', 'stgermain.b', 'edgarmtz', 'xoanmayo', 'albacosta', 'gbatzorig268', 'a997154508', 'dja19951995']",1,['yu.c'],282,"['marinabm', 'miguellopezcardenas98', 'clarahernandez05f', 'emixose', 'albertoccz', 'lauragdevesa', 'alex_varela_17', 'uxiavelca', 'xxy0501', '9.genest.gabriel', 'simoncarloscartamil', 'joannesy', 'alicia.mosq', 'isaac.carrillo', 'carterkirkendoll', 'dalder', 'gmedina', 'victortorressuch', 'alecorti.pardo', 'campamarin', 'enriquevaliente17', 'elisa.vicenteei', 'miguel_fernandez', 'miguelpinocarmona', 'pablolopezexposito', 'dariogarciaredecillas', 'fernando_ibarra', 'chenxi', 'joeanszxc', 'chwi7664', 'foojorge', 'michaelcameronmcdonald', 'maurobn98', 'aloptor', 'luisbarrios', 'iagopardo97', 'jesslyn', 'guojunxiong25', 'juansans98', 'bgutierrez', 'kong2020', 'martin.gutierrez', 'clarachapela10', 'limengyuanli66', 'manucro10', 'hamza32amar', 'zhs002', 'choikj', 'ee5502', 'pmvd95', 'nivedaksubramanian', 'yingxue58', 'myez', 'henglund', 'elena.j.g', 'yuxian123', 'j.guedegar', 'wtq77', 'marniesan', 'rayoaki7', 'danidm', 'savas', 'juanjoseo', 'alsyaari', 'ionemanuelmoralesrosales', 'jerome.alag', 'zhang.jiayu', 'lluisgonzaga96', 'nuriamj', 'sohamsawant912', 'shihhaotsai', 'fabiola.santos', 'praveens013', 'wanghb', 'e.fisicahamza', 'xiaolei', 'chenyue', 'miri23', 'gonzavt15', 'p.suarez97', 'isaferjim', 'brendaorea15', 'thunaung', 'aidan.rooney17', 'brunolopez', 'juanariza', 'guyu', 'ero15953', 'alyabra', 'floren_ff', 'hdelatorre3524', 'justinegiroux', '2015soham.sawant', 'veronica.castro', 'ryu.j', 'angelaturnes', 'guoxg46', 'jaimedmj', 'caetano.eirea', 'gonzalogbb', 'sstty7', 'pablomd', 'antonio98y', 'luisgfloreslarrea', 'tergel1999', 'e0427406', 'blasern', 'arturocastro94', 'alyabra.vargas', 'yu.c', 'pedrogea08', 'danidrivas98', 'melissa5', 'bellmanz', 'xiaode', 'zhaoyu960207', 'iagomoscer', 'pablosande98', 'cytuslll1997', 'mordor', 'claudia.puga', 'feijoomartina', 'essheh', 'mariamfontan', 'pablosempredepor97', 'xhan009', 'pablocrespo11', 'agarviespi', 'sylim1', 'iagomillanentenza', 'elmu6301', 'salamghgh20', 'jinfengleong', 'prra6646', 'aledes', 'lluissanuy', 'pablojosecalvo', 'christsun', 'wmy', 'gkkk6', 'jiaqi.guoguo', 'ottoridemar', 'dang.e', 'bingshengliu', 'chema', 'andrei.luneow01031999', 'alyabra.alejandro', 'noxis986', 'uutty2010', 'anderson.bi', 'juanjotromp', 'alejandromo1610', 'elmanguito', 'jameslin', 'qwe', 'wang.yaoz', 'e.lucasnavarrog', 'songy', 'thackettt', 'plmolina4', 'davidga568', '836054323_wj', 'andreasorroche', 'sergiocalo.barranha', 'hariprasanna', 'ch2922', 'akamsali', 'laurenp', 'jbalderasfernandez', 'leoncc', 'kennyxsy', 'niravsurajlal', 'anamconrado', 'paula.mourino', 'tonybocadillosgrandes', 'alexsanchezcast', 'comeseetake', 'chrispvnofficial', 'danielfdezcalo', 'sangkyu.sun', 'rysw5590', 'hit.kamble', 'rakki.datta', 'rubenortega', 'julioug1', 'liuman961021', 'ralfli', 'zakizhou', 'xoangon', 'anselmoantorcha', 'h_elmenier', 'valeriamg', 'wangjianed_1992', 'fran.mosquera.pena', 'fabiolajsanlop', 'dyoh5119', 'mmartinezsanchez', 'e.jojusalo', 'lucamonduzzi96', 'ejg98', 'shikhararvind', 'manuel10suarez10', 'martinzapatamartinez', 'e.ivanlopgar1997', 'abdulhaiyum.f', 'haominl1997', 'david.garrido', 'isaac.dominguez4444', 'juancarlosroutrera', 'japrz', 'ergobe3', 'anar4331', 'mari.paucom', 'lidiadom', 'albertortepin', 'samuelfl', 'melonlzheng', 'pablo.garcia.bas', 'sebastianvromero', 'albertoangulo', 'dariogarred', 'andrea.mendez', 'mgupta15', 'miaocx714', 'zewei', 'fofi94', 'jgm2096', 'esteban.figueroa', 'shizhan.flood', 'watashi.legion', 'sergiogrcsnchz', 'facundobonfiglio', 'exareivaj', 'costasdiego97', 'austinz', 'francisxavgr', 'savardbastien', 'zihang', 'sotmas', 'cxiuqi1', 'mihai.pislaru.fisica', 'mihaipx', 'antonionito1993', 'dulguun_021', 'soddy1996', 'al16do06', 'ivan1', 'aliraza2013ee360', 'paula.bolboreta', 'amirbadshah224', 'lianyi96', 'xxxxiaofan', 'qumo4329', 'bulganb28', 'hewutanyuan', 'yzarni89', 'antoinelegare', 'nuriatellado', 'berzasnon', 'jdanivc', 'pedrobeko98', 'cristinacostas', 'cmoadne', 'roberto.nava', 'martin32', 'policon', 'elviracastillo', 'clara.landesa', 'ludoba2912', 'junwen', 'chenxiwang', 'carlosbesadaromero', 'adec', 'isafdez', 'stgermain.b', 'chenre', 'edgarmtz', 'xoanmayo', 'albacosta', 'gbatzorig268', 'a997154508', 'dja19951995']"
1,210,281,11,6,"['angelaturnes', 'xoangon', 'myez', 'nuriamj', 'miguel_fernandez', 'p.suarez97']",275,"['marinabm', 'miguellopezcardenas98', 'clarahernandez05f', 'emixose', 'albertoccz', 'lauragdevesa', 'alex_varela_17', 'uxiavelca', 'xxy0501', '9.genest.gabriel', 'simoncarloscartamil', 'joannesy', 'alicia.mosq', 'isaac.carrillo', 'carterkirkendoll', 'dalder', 'gmedina', 'victortorressuch', 'alecorti.pardo', 'campamarin', 'enriquevaliente17', 'elisa.vicenteei', 'miguelpinocarmona', 'pablolopezexposito', 'dariogarciaredecillas', 'fernando_ibarra', 'chenxi', 'joeanszxc', 'chwi7664', 'foojorge', 'michaelcameronmcdonald', 'maurobn98', 'aloptor', 'luisbarrios', 'iagopardo97', 'jesslyn', 'guojunxiong25', 'juansans98', 'bgutierrez', 'kong2020', 'martin.gutierrez', 'clarachapela10', 'limengyuanli66', 'manucro10', 'hamza32amar', 'zhs002', 'choikj', 'ee5502', 'pmvd95', 'nivedaksubramanian', 'yingxue58', 'henglund', 'elena.j.g', 'yuxian123', 'j.guedegar', 'wtq77', 'marniesan', 'rayoaki7', 'danidm', 'savas', 'juanjoseo', 'alsyaari', 'ionemanuelmoralesrosales', 'jerome.alag', 'zhang.jiayu', 'lluisgonzaga96', 'sohamsawant912', 'shihhaotsai', 'fabiola.santos', 'praveens013', 'wanghb', 'e.fisicahamza', 'xiaolei', 'chenyue', 'miri23', 'gonzavt15', 'isaferjim', 'brendaorea15', 'thunaung', 'aidan.rooney17', 'brunolopez', 'juanariza', 'guyu', 'ero15953', 'alyabra', 'floren_ff', 'hdelatorre3524', 'justinegiroux', '2015soham.sawant', 'veronica.castro', 'ryu.j', 'guoxg46', 'jaimedmj', 'caetano.eirea', 'gonzalogbb', 'sstty7', 'pablomd', 'antonio98y', 'luisgfloreslarrea', 'tergel1999', 'e0427406', 'blasern', 'arturocastro94', 'alyabra.vargas', 'pedrogea08', 'danidrivas98', 'melissa5', 'bellmanz', 'xiaode', 'zhaoyu960207', 'iagomoscer', 'pablosande98', 'cytuslll1997', 'mordor', 'claudia.puga', 'feijoomartina', 'essheh', 'mariamfontan', 'pablosempredepor97', 'xhan009', 'pablocrespo11', 'agarviespi', 'sylim1', 'iagomillanentenza', 'elmu6301', 'salamghgh20', 'jinfengleong', 'prra6646', 'aledes', 'lluissanuy', 'pablojosecalvo', 'christsun', 'wmy', 'gkkk6', 'jiaqi.guoguo', 'ottoridemar', 'dang.e', 'bingshengliu', 'chema', 'andrei.luneow01031999', 'alyabra.alejandro', 'noxis986', 'uutty2010', 'anderson.bi', 'juanjotromp', 'alejandromo1610', 'elmanguito', 'jameslin', 'qwe', 'wang.yaoz', 'e.lucasnavarrog', 'songy', 'thackettt', 'plmolina4', 'davidga568', '836054323_wj', 'andreasorroche', 'sergiocalo.barranha', 'hariprasanna', 'ch2922', 'akamsali', 'laurenp', 'jbalderasfernandez', 'leoncc', 'kennyxsy', 'niravsurajlal', 'anamconrado', 'paula.mourino', 'tonybocadillosgrandes', 'alexsanchezcast', 'comeseetake', 'chrispvnofficial', 'danielfdezcalo', 'sangkyu.sun', 'rysw5590', 'hit.kamble', 'rakki.datta', 'rubenortega', 'julioug1', 'liuman961021', 'ralfli', 'zakizhou', 'anselmoantorcha', 'h_elmenier', 'valeriamg', 'wangjianed_1992', 'fran.mosquera.pena', 'fabiolajsanlop', 'dyoh5119', 'mmartinezsanchez', 'e.jojusalo', 'lucamonduzzi96', 'ejg98', 'shikhararvind', 'manuel10suarez10', 'martinzapatamartinez', 'e.ivanlopgar1997', 'abdulhaiyum.f', 'haominl1997', 'david.garrido', 'isaac.dominguez4444', 'juancarlosroutrera', 'japrz', 'ergobe3', 'anar4331', 'mari.paucom', 'lidiadom', 'albertortepin', 'samuelfl', 'melonlzheng', 'pablo.garcia.bas', 'sebastianvromero', 'albertoangulo', 'dariogarred', 'andrea.mendez', 'mgupta15', 'miaocx714', 'zewei', 'fofi94', 'jgm2096', 'esteban.figueroa', 'shizhan.flood', 'watashi.legion', 'sergiogrcsnchz', 'facundobonfiglio', 'exareivaj', 'costasdiego97', 'austinz', 'francisxavgr', 'savardbastien', 'zihang', 'sotmas', 'cxiuqi1', 'mihai.pislaru.fisica', 'mihaipx', 'antonionito1993', 'dulguun_021', 'soddy1996', 'al16do06', 'ivan1', 'aliraza2013ee360', 'paula.bolboreta', 'amirbadshah224', 'lianyi96', 'xxxxiaofan', 'qumo4329', 'bulganb28', 'hewutanyuan', 'yzarni89', 'antoinelegare', 'nuriatellado', 'berzasnon', 'jdanivc', 'pedrobeko98', 'cristinacostas', 'cmoadne', 'roberto.nava', 'martin32', 'policon', 'elviracastillo', 'clara.landesa', 'ludoba2912', 'junwen', 'chenxiwang', 'carlosbesadaromero', 'adec', 'isafdez', 'stgermain.b', 'chenre', 'edgarmtz', 'xoanmayo', 'albacosta', 'gbatzorig268', 'a997154508', 'dja19951995']",5,"['pedrogz', 'josedamiangarcianoya', 'ana.rmteo', 'pedrotouris', 'mauro_sg']",286,"['marinabm', 'miguellopezcardenas98', 'clarahernandez05f', 'emixose', 'albertoccz', 'lauragdevesa', 'alex_varela_17', 'uxiavelca', 'xxy0501', '9.genest.gabriel', 'simoncarloscartamil', 'joannesy', 'alicia.mosq', 'isaac.carrillo', 'carterkirkendoll', 'dalder', 'gmedina', 'victortorressuch', 'alecorti.pardo', 'campamarin', 'enriquevaliente17', 'elisa.vicenteei', 'miguel_fernandez', 'pedrotouris', 'miguelpinocarmona', 'pablolopezexposito', 'dariogarciaredecillas', 'fernando_ibarra', 'chenxi', 'joeanszxc', 'chwi7664', 'foojorge', 'michaelcameronmcdonald', 'maurobn98', 'aloptor', 'luisbarrios', 'iagopardo97', 'jesslyn', 'guojunxiong25', 'juansans98', 'bgutierrez', 'kong2020', 'martin.gutierrez', 'clarachapela10', 'limengyuanli66', 'manucro10', 'hamza32amar', 'zhs002', 'choikj', 'ee5502', 'pmvd95', 'nivedaksubramanian', 'yingxue58', 'myez', 'henglund', 'elena.j.g', 'ana.rmteo', 'yuxian123', 'j.guedegar', 'wtq77', 'marniesan', 'rayoaki7', 'danidm', 'savas', 'juanjoseo', 'alsyaari', 'ionemanuelmoralesrosales', 'jerome.alag', 'zhang.jiayu', 'lluisgonzaga96', 'nuriamj', 'sohamsawant912', 'shihhaotsai', 'fabiola.santos', 'praveens013', 'wanghb', 'e.fisicahamza', 'xiaolei', 'chenyue', 'miri23', 'gonzavt15', 'p.suarez97', 'isaferjim', 'brendaorea15', 'thunaung', 'aidan.rooney17', 'brunolopez', 'juanariza', 'guyu', 'ero15953', 'alyabra', 'floren_ff', 'hdelatorre3524', 'justinegiroux', '2015soham.sawant', 'veronica.castro', 'ryu.j', 'angelaturnes', 'guoxg46', 'pedrogz', 'jaimedmj', 'caetano.eirea', 'gonzalogbb', 'mauro_sg', 'sstty7', 'pablomd', 'antonio98y', 'luisgfloreslarrea', 'tergel1999', 'e0427406', 'blasern', 'arturocastro94', 'alyabra.vargas', 'pedrogea08', 'danidrivas98', 'melissa5', 'bellmanz', 'xiaode', 'zhaoyu960207', 'iagomoscer', 'pablosande98', 'cytuslll1997', 'mordor', 'claudia.puga', 'feijoomartina', 'essheh', 'mariamfontan', 'pablosempredepor97', 'xhan009', 'pablocrespo11', 'agarviespi', 'sylim1', 'iagomillanentenza', 'elmu6301', 'salamghgh20', 'jinfengleong', 'prra6646', 'aledes', 'lluissanuy', 'pablojosecalvo', 'christsun', 'wmy', 'gkkk6', 'jiaqi.guoguo', 'ottoridemar', 'dang.e', 'bingshengliu', 'chema', 'josedamiangarcianoya', 'andrei.luneow01031999', 'alyabra.alejandro', 'noxis986', 'uutty2010', 'anderson.bi', 'juanjotromp', 'alejandromo1610', 'elmanguito', 'jameslin', 'qwe', 'wang.yaoz', 'e.lucasnavarrog', 'songy', 'thackettt', 'plmolina4', 'davidga568', '836054323_wj', 'andreasorroche', 'sergiocalo.barranha', 'hariprasanna', 'ch2922', 'akamsali', 'laurenp', 'jbalderasfernandez', 'leoncc', 'kennyxsy', 'niravsurajlal', 'anamconrado', 'paula.mourino', 'tonybocadillosgrandes', 'alexsanchezcast', 'comeseetake', 'chrispvnofficial', 'danielfdezcalo', 'sangkyu.sun', 'rysw5590', 'hit.kamble', 'rakki.datta', 'rubenortega', 'julioug1', 'liuman961021', 'ralfli', 'zakizhou', 'xoangon', 'anselmoantorcha', 'h_elmenier', 'valeriamg', 'wangjianed_1992', 'fran.mosquera.pena', 'fabiolajsanlop', 'dyoh5119', 'mmartinezsanchez', 'e.jojusalo', 'lucamonduzzi96', 'ejg98', 'shikhararvind', 'manuel10suarez10', 'martinzapatamartinez', 'e.ivanlopgar1997', 'abdulhaiyum.f', 'haominl1997', 'david.garrido', 'isaac.dominguez4444', 'juancarlosroutrera', 'japrz', 'ergobe3', 'anar4331', 'mari.paucom', 'lidiadom', 'albertortepin', 'samuelfl', 'melonlzheng', 'pablo.garcia.bas', 'sebastianvromero', 'albertoangulo', 'dariogarred', 'andrea.mendez', 'mgupta15', 'miaocx714', 'zewei', 'fofi94', 'jgm2096', 'esteban.figueroa', 'shizhan.flood', 'watashi.legion', 'sergiogrcsnchz', 'facundobonfiglio', 'exareivaj', 'costasdiego97', 'austinz', 'francisxavgr', 'savardbastien', 'zihang', 'sotmas', 'cxiuqi1', 'mihai.pislaru.fisica', 'mihaipx', 'antonionito1993', 'dulguun_021', 'soddy1996', 'al16do06', 'ivan1', 'aliraza2013ee360', 'paula.bolboreta', 'amirbadshah224', 'lianyi96', 'xxxxiaofan', 'qumo4329', 'bulganb28', 'hewutanyuan', 'yzarni89', 'antoinelegare', 'nuriatellado', 'berzasnon', 'jdanivc', 'pedrobeko98', 'cristinacostas', 'cmoadne', 'roberto.nava', 'martin32', 'policon', 'elviracastillo', 'clara.landesa', 'ludoba2912', 'junwen', 'chenxiwang', 'carlosbesadaromero', 'adec', 'isafdez', 'stgermain.b', 'chenre', 'edgarmtz', 'xoanmayo', 'albacosta', 'gbatzorig268', 'a997154508', 'dja19951995']"
1,16,281,10,3,"['qumo4329', 'elmu6301', 'chwi7664']",278,"['marinabm', 'miguellopezcardenas98', 'clarahernandez05f', 'emixose', 'albertoccz', 'lauragdevesa', 'alex_varela_17', 'uxiavelca', 'xxy0501', '9.genest.gabriel', 'simoncarloscartamil', 'joannesy', 'alicia.mosq', 'isaac.carrillo', 'carterkirkendoll', 'dalder', 'gmedina', 'victortorressuch', 'alecorti.pardo', 'campamarin', 'enriquevaliente17', 'elisa.vicenteei', 'miguel_fernandez', 'miguelpinocarmona', 'pablolopezexposito', 'dariogarciaredecillas', 'fernando_ibarra', 'chenxi', 'joeanszxc', 'foojorge', 'michaelcameronmcdonald', 'maurobn98', 'aloptor', 'luisbarrios', 'iagopardo97', 'jesslyn', 'guojunxiong25', 'juansans98', 'bgutierrez', 'kong2020', 'martin.gutierrez', 'clarachapela10', 'limengyuanli66', 'manucro10', 'hamza32amar', 'zhs002', 'choikj', 'ee5502', 'pmvd95', 'nivedaksubramanian', 'yingxue58', 'myez', 'henglund', 'elena.j.g', 'yuxian123', 'j.guedegar', 'wtq77', 'marniesan', 'rayoaki7', 'danidm', 'savas', 'juanjoseo', 'alsyaari', 'ionemanuelmoralesrosales', 'jerome.alag', 'zhang.jiayu', 'lluisgonzaga96', 'nuriamj', 'sohamsawant912', 'shihhaotsai', 'fabiola.santos', 'praveens013', 'wanghb', 'e.fisicahamza', 'xiaolei', 'chenyue', 'miri23', 'gonzavt15', 'p.suarez97', 'isaferjim', 'brendaorea15', 'thunaung', 'aidan.rooney17', 'brunolopez', 'juanariza', 'guyu', 'ero15953', 'alyabra', 'floren_ff', 'hdelatorre3524', 'justinegiroux', '2015soham.sawant', 'veronica.castro', 'ryu.j', 'angelaturnes', 'guoxg46', 'jaimedmj', 'caetano.eirea', 'gonzalogbb', 'sstty7', 'pablomd', 'antonio98y', 'luisgfloreslarrea', 'tergel1999', 'e0427406', 'blasern', 'arturocastro94', 'alyabra.vargas', 'pedrogea08', 'danidrivas98', 'melissa5', 'bellmanz', 'xiaode', 'zhaoyu960207', 'iagomoscer', 'pablosande98', 'cytuslll1997', 'mordor', 'claudia.puga', 'feijoomartina', 'essheh', 'mariamfontan', 'pablosempredepor97', 'xhan009', 'pablocrespo11', 'agarviespi', 'sylim1', 'iagomillanentenza', 'salamghgh20', 'jinfengleong', 'prra6646', 'aledes', 'lluissanuy', 'pablojosecalvo', 'christsun', 'wmy', 'gkkk6', 'jiaqi.guoguo', 'ottoridemar', 'dang.e', 'bingshengliu', 'chema', 'andrei.luneow01031999', 'alyabra.alejandro', 'noxis986', 'uutty2010', 'anderson.bi', 'juanjotromp', 'alejandromo1610', 'elmanguito', 'jameslin', 'qwe', 'wang.yaoz', 'e.lucasnavarrog', 'songy', 'thackettt', 'plmolina4', 'davidga568', '836054323_wj', 'andreasorroche', 'sergiocalo.barranha', 'hariprasanna', 'ch2922', 'akamsali', 'laurenp', 'jbalderasfernandez', 'leoncc', 'kennyxsy', 'niravsurajlal', 'anamconrado', 'paula.mourino', 'tonybocadillosgrandes', 'alexsanchezcast', 'comeseetake', 'chrispvnofficial', 'danielfdezcalo', 'sangkyu.sun', 'rysw5590', 'hit.kamble', 'rakki.datta', 'rubenortega', 'julioug1', 'liuman961021', 'ralfli', 'zakizhou', 'xoangon', 'anselmoantorcha', 'h_elmenier', 'valeriamg', 'wangjianed_1992', 'fran.mosquera.pena', 'fabiolajsanlop', 'dyoh5119', 'mmartinezsanchez', 'e.jojusalo', 'lucamonduzzi96', 'ejg98', 'shikhararvind', 'manuel10suarez10', 'martinzapatamartinez', 'e.ivanlopgar1997', 'abdulhaiyum.f', 'haominl1997', 'david.garrido', 'isaac.dominguez4444', 'juancarlosroutrera', 'japrz', 'ergobe3', 'anar4331', 'mari.paucom', 'lidiadom', 'albertortepin', 'samuelfl', 'melonlzheng', 'pablo.garcia.bas', 'sebastianvromero', 'albertoangulo', 'dariogarred', 'andrea.mendez', 'mgupta15', 'miaocx714', 'zewei', 'fofi94', 'jgm2096', 'esteban.figueroa', 'shizhan.flood', 'watashi.legion', 'sergiogrcsnchz', 'facundobonfiglio', 'exareivaj', 'costasdiego97', 'austinz', 'francisxavgr', 'savardbastien', 'zihang', 'sotmas', 'cxiuqi1', 'mihai.pislaru.fisica', 'mihaipx', 'antonionito1993', 'dulguun_021', 'soddy1996', 'al16do06', 'ivan1', 'aliraza2013ee360', 'paula.bolboreta', 'amirbadshah224', 'lianyi96', 'xxxxiaofan', 'bulganb28', 'hewutanyuan', 'yzarni89', 'antoinelegare', 'nuriatellado', 'berzasnon', 'jdanivc', 'pedrobeko98', 'cristinacostas', 'cmoadne', 'roberto.nava', 'martin32', 'policon', 'elviracastillo', 'clara.landesa', 'ludoba2912', 'junwen', 'chenxiwang', 'carlosbesadaromero', 'adec', 'isafdez', 'stgermain.b', 'chenre', 'edgarmtz', 'xoanmayo', 'albacosta', 'gbatzorig268', 'a997154508', 'dja19951995']",7,"['dale7283', 'chzh1341', 'kesu1234', 'dish1498', 'abal2474', 'n3b3x', 'chdu6864']",288,"['marinabm', 'miguellopezcardenas98', 'clarahernandez05f', 'emixose', 'albertoccz', 'lauragdevesa', 'alex_varela_17', 'uxiavelca', 'xxy0501', '9.genest.gabriel', 'simoncarloscartamil', 'joannesy', 'alicia.mosq', 'isaac.carrillo', 'carterkirkendoll', 'dalder', 'gmedina', 'victortorressuch', 'alecorti.pardo', 'campamarin', 'chzh1341', 'enriquevaliente17', 'elisa.vicenteei', 'miguel_fernandez', 'miguelpinocarmona', 'pablolopezexposito', 'dariogarciaredecillas', 'fernando_ibarra', 'chenxi', 'joeanszxc', 'chwi7664', 'foojorge', 'michaelcameronmcdonald', 'maurobn98', 'aloptor', 'luisbarrios', 'iagopardo97', 'jesslyn', 'guojunxiong25', 'juansans98', 'bgutierrez', 'kong2020', 'martin.gutierrez', 'clarachapela10', 'limengyuanli66', 'manucro10', 'hamza32amar', 'zhs002', 'choikj', 'ee5502', 'pmvd95', 'nivedaksubramanian', 'yingxue58', 'myez', 'henglund', 'elena.j.g', 'yuxian123', 'j.guedegar', 'wtq77', 'dish1498', 'marniesan', 'rayoaki7', 'danidm', 'savas', 'juanjoseo', 'alsyaari', 'ionemanuelmoralesrosales', 'jerome.alag', 'zhang.jiayu', 'lluisgonzaga96', 'nuriamj', 'sohamsawant912', 'shihhaotsai', 'fabiola.santos', 'praveens013', 'wanghb', 'e.fisicahamza', 'xiaolei', 'chenyue', 'miri23', 'gonzavt15', 'p.suarez97', 'isaferjim', 'brendaorea15', 'thunaung', 'aidan.rooney17', 'brunolopez', 'juanariza', 'guyu', 'ero15953', 'alyabra', 'floren_ff', 'hdelatorre3524', 'justinegiroux', '2015soham.sawant', 'veronica.castro', 'ryu.j', 'angelaturnes', 'guoxg46', 'jaimedmj', 'caetano.eirea', 'gonzalogbb', 'sstty7', 'pablomd', 'antonio98y', 'luisgfloreslarrea', 'tergel1999', 'e0427406', 'blasern', 'arturocastro94', 'alyabra.vargas', 'pedrogea08', 'danidrivas98', 'melissa5', 'bellmanz', 'xiaode', 'zhaoyu960207', 'iagomoscer', 'pablosande98', 'cytuslll1997', 'mordor', 'claudia.puga', 'feijoomartina', 'essheh', 'mariamfontan', 'pablosempredepor97', 'xhan009', 'pablocrespo11', 'agarviespi', 'sylim1', 'iagomillanentenza', 'elmu6301', 'salamghgh20', 'jinfengleong', 'prra6646', 'aledes', 'lluissanuy', 'pablojosecalvo', 'christsun', 'wmy', 'gkkk6', 'jiaqi.guoguo', 'ottoridemar', 'dang.e', 'bingshengliu', 'chema', 'andrei.luneow01031999', 'alyabra.alejandro', 'noxis986', 'uutty2010', 'anderson.bi', 'juanjotromp', 'alejandromo1610', 'elmanguito', 'jameslin', 'qwe', 'wang.yaoz', 'e.lucasnavarrog', 'songy', 'thackettt', 'plmolina4', 'davidga568', '836054323_wj', 'andreasorroche', 'sergiocalo.barranha', 'hariprasanna', 'ch2922', 'akamsali', 'laurenp', 'jbalderasfernandez', 'kesu1234', 'leoncc', 'kennyxsy', 'niravsurajlal', 'anamconrado', 'paula.mourino', 'tonybocadillosgrandes', 'alexsanchezcast', 'comeseetake', 'chrispvnofficial', 'danielfdezcalo', 'sangkyu.sun', 'rysw5590', 'hit.kamble', 'rakki.datta', 'rubenortega', 'julioug1', 'liuman961021', 'ralfli', 'zakizhou', 'xoangon', 'anselmoantorcha', 'h_elmenier', 'valeriamg', 'wangjianed_1992', 'fran.mosquera.pena', 'fabiolajsanlop', 'dyoh5119', 'mmartinezsanchez', 'e.jojusalo', 'lucamonduzzi96', 'ejg98', 'shikhararvind', 'manuel10suarez10', 'martinzapatamartinez', 'e.ivanlopgar1997', 'abdulhaiyum.f', 'haominl1997', 'david.garrido', 'isaac.dominguez4444', 'juancarlosroutrera', 'japrz', 'ergobe3', 'anar4331', 'mari.paucom', 'lidiadom', 'albertortepin', 'samuelfl', 'melonlzheng', 'pablo.garcia.bas', 'sebastianvromero', 'albertoangulo', 'dariogarred', 'andrea.mendez', 'mgupta15', 'miaocx714', 'zewei', 'fofi94', 'n3b3x', 'dale7283', 'jgm2096', 'esteban.figueroa', 'shizhan.flood', 'watashi.legion', 'sergiogrcsnchz', 'facundobonfiglio', 'exareivaj', 'costasdiego97', 'austinz', 'francisxavgr', 'savardbastien', 'zihang', 'sotmas', 'cxiuqi1', 'mihai.pislaru.fisica', 'mihaipx', 'antonionito1993', 'dulguun_021', 'soddy1996', 'al16do06', 'ivan1', 'aliraza2013ee360', 'paula.bolboreta', 'amirbadshah224', 'lianyi96', 'xxxxiaofan', 'qumo4329', 'bulganb28', 'hewutanyuan', 'yzarni89', 'antoinelegare', 'nuriatellado', 'berzasnon', 'jdanivc', 'pedrobeko98', 'cristinacostas', 'cmoadne', 'roberto.nava', 'martin32', 'policon', 'elviracastillo', 'clara.landesa', 'ludoba2912', 'junwen', 'chdu6864', 'chenxiwang', 'carlosbesadaromero', 'adec', 'isafdez', 'stgermain.b', 'chenre', 'edgarmtz', 'xoanmayo', 'albacosta', 'gbatzorig268', 'abal2474', 'a997154508', 'dja19951995']"
1,23,281,8,7,"['bgutierrez', 'alyabra.alejandro', 'isaac.carrillo', 'ero15953', 'alyabra.vargas', 'edgarmtz', 'veronica.castro']",274,"['marinabm', 'miguellopezcardenas98', 'clarahernandez05f', 'emixose', 'albertoccz', 'lauragdevesa', 'alex_varela_17', 'uxiavelca', 'xxy0501', '9.genest.gabriel', 'simoncarloscartamil', 'joannesy', 'alicia.mosq', 'carterkirkendoll', 'dalder', 'gmedina', 'victortorressuch', 'alecorti.pardo', 'campamarin', 'enriquevaliente17', 'elisa.vicenteei', 'miguel_fernandez', 'miguelpinocarmona', 'pablolopezexposito', 'dariogarciaredecillas', 'fernando_ibarra', 'chenxi', 'joeanszxc', 'chwi7664', 'foojorge', 'michaelcameronmcdonald', 'maurobn98', 'aloptor', 'luisbarrios', 'iagopardo97', 'jesslyn', 'guojunxiong25', 'juansans98', 'kong2020', 'martin.gutierrez', 'clarachapela10', 'limengyuanli66', 'manucro10', 'hamza32amar', 'zhs002', 'choikj', 'ee5502', 'pmvd95', 'nivedaksubramanian', 'yingxue58', 'myez', 'henglund', 'elena.j.g', 'yuxian123', 'j.guedegar', 'wtq77', 'marniesan', 'rayoaki7', 'danidm', 'savas', 'juanjoseo', 'alsyaari', 'ionemanuelmoralesrosales', 'jerome.alag', 'zhang.jiayu', 'lluisgonzaga96', 'nuriamj', 'sohamsawant912', 'shihhaotsai', 'fabiola.santos', 'praveens013', 'wanghb', 'e.fisicahamza', 'xiaolei', 'chenyue', 'miri23', 'gonzavt15', 'p.suarez97', 'isaferjim', 'brendaorea15', 'thunaung', 'aidan.rooney17', 'brunolopez', 'juanariza', 'guyu', 'alyabra', 'floren_ff', 'hdelatorre3524', 'justinegiroux', '2015soham.sawant', 'ryu.j', 'angelaturnes', 'guoxg46', 'jaimedmj', 'caetano.eirea', 'gonzalogbb', 'sstty7', 'pablomd', 'antonio98y', 'luisgfloreslarrea', 'tergel1999', 'e0427406', 'blasern', 'arturocastro94', 'pedrogea08', 'danidrivas98', 'melissa5', 'bellmanz', 'xiaode', 'zhaoyu960207', 'iagomoscer', 'pablosande98', 'cytuslll1997', 'mordor', 'claudia.puga', 'feijoomartina', 'essheh', 'mariamfontan', 'pablosempredepor97', 'xhan009', 'pablocrespo11', 'agarviespi', 'sylim1', 'iagomillanentenza', 'elmu6301', 'salamghgh20', 'jinfengleong', 'prra6646', 'aledes', 'lluissanuy', 'pablojosecalvo', 'christsun', 'wmy', 'gkkk6', 'jiaqi.guoguo', 'ottoridemar', 'dang.e', 'bingshengliu', 'chema', 'andrei.luneow01031999', 'noxis986', 'uutty2010', 'anderson.bi', 'juanjotromp', 'alejandromo1610', 'elmanguito', 'jameslin', 'qwe', 'wang.yaoz', 'e.lucasnavarrog', 'songy', 'thackettt', 'plmolina4', 'davidga568', '836054323_wj', 'andreasorroche', 'sergiocalo.barranha', 'hariprasanna', 'ch2922', 'akamsali', 'laurenp', 'jbalderasfernandez', 'leoncc', 'kennyxsy', 'niravsurajlal', 'anamconrado', 'paula.mourino', 'tonybocadillosgrandes', 'alexsanchezcast', 'comeseetake', 'chrispvnofficial', 'danielfdezcalo', 'sangkyu.sun', 'rysw5590', 'hit.kamble', 'rakki.datta', 'rubenortega', 'julioug1', 'liuman961021', 'ralfli', 'zakizhou', 'xoangon', 'anselmoantorcha', 'h_elmenier', 'valeriamg', 'wangjianed_1992', 'fran.mosquera.pena', 'fabiolajsanlop', 'dyoh5119', 'mmartinezsanchez', 'e.jojusalo', 'lucamonduzzi96', 'ejg98', 'shikhararvind', 'manuel10suarez10', 'martinzapatamartinez', 'e.ivanlopgar1997', 'abdulhaiyum.f', 'haominl1997', 'david.garrido', 'isaac.dominguez4444', 'juancarlosroutrera', 'japrz', 'ergobe3', 'anar4331', 'mari.paucom', 'lidiadom', 'albertortepin', 'samuelfl', 'melonlzheng', 'pablo.garcia.bas', 'sebastianvromero', 'albertoangulo', 'dariogarred', 'andrea.mendez', 'mgupta15', 'miaocx714', 'zewei', 'fofi94', 'jgm2096', 'esteban.figueroa', 'shizhan.flood', 'watashi.legion', 'sergiogrcsnchz', 'facundobonfiglio', 'exareivaj', 'costasdiego97', 'austinz', 'francisxavgr', 'savardbastien', 'zihang', 'sotmas', 'cxiuqi1', 'mihai.pislaru.fisica', 'mihaipx', 'antonionito1993', 'dulguun_021', 'soddy1996', 'al16do06', 'ivan1', 'aliraza2013ee360', 'paula.bolboreta', 'amirbadshah224', 'lianyi96', 'xxxxiaofan', 'qumo4329', 'bulganb28', 'hewutanyuan', 'yzarni89', 'antoinelegare', 'nuriatellado', 'berzasnon', 'jdanivc', 'pedrobeko98', 'cristinacostas', 'cmoadne', 'roberto.nava', 'martin32', 'policon', 'elviracastillo', 'clara.landesa', 'ludoba2912', 'junwen', 'chenxiwang', 'carlosbesadaromero', 'adec', 'isafdez', 'stgermain.b', 'chenre', 'xoanmayo', 'albacosta', 'gbatzorig268', 'a997154508', 'dja19951995']",1,['andreallanas'],282,"['marinabm', 'miguellopezcardenas98', 'clarahernandez05f', 'emixose', 'albertoccz', 'lauragdevesa', 'alex_varela_17', 'uxiavelca', 'xxy0501', '9.genest.gabriel', 'simoncarloscartamil', 'joannesy', 'alicia.mosq', 'isaac.carrillo', 'carterkirkendoll', 'dalder', 'gmedina', 'victortorressuch', 'alecorti.pardo', 'campamarin', 'enriquevaliente17', 'elisa.vicenteei', 'miguel_fernandez', 'miguelpinocarmona', 'pablolopezexposito', 'dariogarciaredecillas', 'fernando_ibarra', 'chenxi', 'joeanszxc', 'chwi7664', 'foojorge', 'michaelcameronmcdonald', 'maurobn98', 'aloptor', 'luisbarrios', 'iagopardo97', 'jesslyn', 'guojunxiong25', 'juansans98', 'bgutierrez', 'kong2020', 'martin.gutierrez', 'clarachapela10', 'limengyuanli66', 'manucro10', 'hamza32amar', 'zhs002', 'choikj', 'ee5502', 'pmvd95', 'nivedaksubramanian', 'yingxue58', 'myez', 'henglund', 'elena.j.g', 'yuxian123', 'j.guedegar', 'wtq77', 'marniesan', 'rayoaki7', 'danidm', 'savas', 'juanjoseo', 'alsyaari', 'ionemanuelmoralesrosales', 'jerome.alag', 'zhang.jiayu', 'lluisgonzaga96', 'nuriamj', 'sohamsawant912', 'shihhaotsai', 'fabiola.santos', 'praveens013', 'wanghb', 'e.fisicahamza', 'xiaolei', 'chenyue', 'miri23', 'gonzavt15', 'p.suarez97', 'isaferjim', 'brendaorea15', 'thunaung', 'aidan.rooney17', 'brunolopez', 'juanariza', 'guyu', 'ero15953', 'alyabra', 'floren_ff', 'hdelatorre3524', 'justinegiroux', 'andreallanas', '2015soham.sawant', 'veronica.castro', 'ryu.j', 'angelaturnes', 'guoxg46', 'jaimedmj', 'caetano.eirea', 'gonzalogbb', 'sstty7', 'pablomd', 'antonio98y', 'luisgfloreslarrea', 'tergel1999', 'e0427406', 'blasern', 'arturocastro94', 'alyabra.vargas', 'pedrogea08', 'danidrivas98', 'melissa5', 'bellmanz', 'xiaode', 'zhaoyu960207', 'iagomoscer', 'pablosande98', 'cytuslll1997', 'mordor', 'claudia.puga', 'feijoomartina', 'essheh', 'mariamfontan', 'pablosempredepor97', 'xhan009', 'pablocrespo11', 'agarviespi', 'sylim1', 'iagomillanentenza', 'elmu6301', 'salamghgh20', 'jinfengleong', 'prra6646', 'aledes', 'lluissanuy', 'pablojosecalvo', 'christsun', 'wmy', 'gkkk6', 'jiaqi.guoguo', 'ottoridemar', 'dang.e', 'bingshengliu', 'chema', 'andrei.luneow01031999', 'alyabra.alejandro', 'noxis986', 'uutty2010', 'anderson.bi', 'juanjotromp', 'alejandromo1610', 'elmanguito', 'jameslin', 'qwe', 'wang.yaoz', 'e.lucasnavarrog', 'songy', 'thackettt', 'plmolina4', 'davidga568', '836054323_wj', 'andreasorroche', 'sergiocalo.barranha', 'hariprasanna', 'ch2922', 'akamsali', 'laurenp', 'jbalderasfernandez', 'leoncc', 'kennyxsy', 'niravsurajlal', 'anamconrado', 'paula.mourino', 'tonybocadillosgrandes', 'alexsanchezcast', 'comeseetake', 'chrispvnofficial', 'danielfdezcalo', 'sangkyu.sun', 'rysw5590', 'hit.kamble', 'rakki.datta', 'rubenortega', 'julioug1', 'liuman961021', 'ralfli', 'zakizhou', 'xoangon', 'anselmoantorcha', 'h_elmenier', 'valeriamg', 'wangjianed_1992', 'fran.mosquera.pena', 'fabiolajsanlop', 'dyoh5119', 'mmartinezsanchez', 'e.jojusalo', 'lucamonduzzi96', 'ejg98', 'shikhararvind', 'manuel10suarez10', 'martinzapatamartinez', 'e.ivanlopgar1997', 'abdulhaiyum.f', 'haominl1997', 'david.garrido', 'isaac.dominguez4444', 'juancarlosroutrera', 'japrz', 'ergobe3', 'anar4331', 'mari.paucom', 'lidiadom', 'albertortepin', 'samuelfl', 'melonlzheng', 'pablo.garcia.bas', 'sebastianvromero', 'albertoangulo', 'dariogarred', 'andrea.mendez', 'mgupta15', 'miaocx714', 'zewei', 'fofi94', 'jgm2096', 'esteban.figueroa', 'shizhan.flood', 'watashi.legion', 'sergiogrcsnchz', 'facundobonfiglio', 'exareivaj', 'costasdiego97', 'austinz', 'francisxavgr', 'savardbastien', 'zihang', 'sotmas', 'cxiuqi1', 'mihai.pislaru.fisica', 'mihaipx', 'antonionito1993', 'dulguun_021', 'soddy1996', 'al16do06', 'ivan1', 'aliraza2013ee360', 'paula.bolboreta', 'amirbadshah224', 'lianyi96', 'xxxxiaofan', 'qumo4329', 'bulganb28', 'hewutanyuan', 'yzarni89', 'antoinelegare', 'nuriatellado', 'berzasnon', 'jdanivc', 'pedrobeko98', 'cristinacostas', 'cmoadne', 'roberto.nava', 'martin32', 'policon', 'elviracastillo', 'clara.landesa', 'ludoba2912', 'junwen', 'chenxiwang', 'carlosbesadaromero', 'adec', 'isafdez', 'stgermain.b', 'chenre', 'edgarmtz', 'xoanmayo', 'albacosta', 'gbatzorig268', 'a997154508', 'dja19951995']"
1,29,281,8,5,"['ejg98', 'julioug1', 'miguellopezcardenas98', 'dariogarred', 'pmvd95']",276,"['marinabm', 'clarahernandez05f', 'emixose', 'albertoccz', 'lauragdevesa', 'alex_varela_17', 'uxiavelca', 'xxy0501', '9.genest.gabriel', 'simoncarloscartamil', 'joannesy', 'alicia.mosq', 'isaac.carrillo', 'carterkirkendoll', 'dalder', 'gmedina', 'victortorressuch', 'alecorti.pardo', 'campamarin', 'enriquevaliente17', 'elisa.vicenteei', 'miguel_fernandez', 'miguelpinocarmona', 'pablolopezexposito', 'dariogarciaredecillas', 'fernando_ibarra', 'chenxi', 'joeanszxc', 'chwi7664', 'foojorge', 'michaelcameronmcdonald', 'maurobn98', 'aloptor', 'luisbarrios', 'iagopardo97', 'jesslyn', 'guojunxiong25', 'juansans98', 'bgutierrez', 'kong2020', 'martin.gutierrez', 'clarachapela10', 'limengyuanli66', 'manucro10', 'hamza32amar', 'zhs002', 'choikj', 'ee5502', 'nivedaksubramanian', 'yingxue58', 'myez', 'henglund', 'elena.j.g', 'yuxian123', 'j.guedegar', 'wtq77', 'marniesan', 'rayoaki7', 'danidm', 'savas', 'juanjoseo', 'alsyaari', 'ionemanuelmoralesrosales', 'jerome.alag', 'zhang.jiayu', 'lluisgonzaga96', 'nuriamj', 'sohamsawant912', 'shihhaotsai', 'fabiola.santos', 'praveens013', 'wanghb', 'e.fisicahamza', 'xiaolei', 'chenyue', 'miri23', 'gonzavt15', 'p.suarez97', 'isaferjim', 'brendaorea15', 'thunaung', 'aidan.rooney17', 'brunolopez', 'juanariza', 'guyu', 'ero15953', 'alyabra', 'floren_ff', 'hdelatorre3524', 'justinegiroux', '2015soham.sawant', 'veronica.castro', 'ryu.j', 'angelaturnes', 'guoxg46', 'jaimedmj', 'caetano.eirea', 'gonzalogbb', 'sstty7', 'pablomd', 'antonio98y', 'luisgfloreslarrea', 'tergel1999', 'e0427406', 'blasern', 'arturocastro94', 'alyabra.vargas', 'pedrogea08', 'danidrivas98', 'melissa5', 'bellmanz', 'xiaode', 'zhaoyu960207', 'iagomoscer', 'pablosande98', 'cytuslll1997', 'mordor', 'claudia.puga', 'feijoomartina', 'essheh', 'mariamfontan', 'pablosempredepor97', 'xhan009', 'pablocrespo11', 'agarviespi', 'sylim1', 'iagomillanentenza', 'elmu6301', 'salamghgh20', 'jinfengleong', 'prra6646', 'aledes', 'lluissanuy', 'pablojosecalvo', 'christsun', 'wmy', 'gkkk6', 'jiaqi.guoguo', 'ottoridemar', 'dang.e', 'bingshengliu', 'chema', 'andrei.luneow01031999', 'alyabra.alejandro', 'noxis986', 'uutty2010', 'anderson.bi', 'juanjotromp', 'alejandromo1610', 'elmanguito', 'jameslin', 'qwe', 'wang.yaoz', 'e.lucasnavarrog', 'songy', 'thackettt', 'plmolina4', 'davidga568', '836054323_wj', 'andreasorroche', 'sergiocalo.barranha', 'hariprasanna', 'ch2922', 'akamsali', 'laurenp', 'jbalderasfernandez', 'leoncc', 'kennyxsy', 'niravsurajlal', 'anamconrado', 'paula.mourino', 'tonybocadillosgrandes', 'alexsanchezcast', 'comeseetake', 'chrispvnofficial', 'danielfdezcalo', 'sangkyu.sun', 'rysw5590', 'hit.kamble', 'rakki.datta', 'rubenortega', 'liuman961021', 'ralfli', 'zakizhou', 'xoangon', 'anselmoantorcha', 'h_elmenier', 'valeriamg', 'wangjianed_1992', 'fran.mosquera.pena', 'fabiolajsanlop', 'dyoh5119', 'mmartinezsanchez', 'e.jojusalo', 'lucamonduzzi96', 'shikhararvind', 'manuel10suarez10', 'martinzapatamartinez', 'e.ivanlopgar1997', 'abdulhaiyum.f', 'haominl1997', 'david.garrido', 'isaac.dominguez4444', 'juancarlosroutrera', 'japrz', 'ergobe3', 'anar4331', 'mari.paucom', 'lidiadom', 'albertortepin', 'samuelfl', 'melonlzheng', 'pablo.garcia.bas', 'sebastianvromero', 'albertoangulo', 'andrea.mendez', 'mgupta15', 'miaocx714', 'zewei', 'fofi94', 'jgm2096', 'esteban.figueroa', 'shizhan.flood', 'watashi.legion', 'sergiogrcsnchz', 'facundobonfiglio', 'exareivaj', 'costasdiego97', 'austinz', 'francisxavgr', 'savardbastien', 'zihang', 'sotmas', 'cxiuqi1', 'mihai.pislaru.fisica', 'mihaipx', 'antonionito1993', 'dulguun_021', 'soddy1996', 'al16do06', 'ivan1', 'aliraza2013ee360', 'paula.bolboreta', 'amirbadshah224', 'lianyi96', 'xxxxiaofan', 'qumo4329', 'bulganb28', 'hewutanyuan', 'yzarni89', 'antoinelegare', 'nuriatellado', 'berzasnon', 'jdanivc', 'pedrobeko98', 'cristinacostas', 'cmoadne', 'roberto.nava', 'martin32', 'policon', 'elviracastillo', 'clara.landesa', 'ludoba2912', 'junwen', 'chenxiwang', 'carlosbesadaromero', 'adec', 'isafdez', 'stgermain.b', 'chenre', 'edgarmtz', 'xoanmayo', 'albacosta', 'gbatzorig268', 'a997154508', 'dja19951995']",3,"['darkrising', 'elena_lopez', 'emilioar']",284,"['marinabm', 'miguellopezcardenas98', 'clarahernandez05f', 'emixose', 'albertoccz', 'lauragdevesa', 'alex_varela_17', 'uxiavelca', 'xxy0501', '9.genest.gabriel', 'simoncarloscartamil', 'joannesy', 'alicia.mosq', 'isaac.carrillo', 'carterkirkendoll', 'dalder', 'gmedina', 'victortorressuch', 'alecorti.pardo', 'campamarin', 'enriquevaliente17', 'elisa.vicenteei', 'miguel_fernandez', 'miguelpinocarmona', 'pablolopezexposito', 'dariogarciaredecillas', 'fernando_ibarra', 'chenxi', 'joeanszxc', 'chwi7664', 'foojorge', 'michaelcameronmcdonald', 'maurobn98', 'aloptor', 'luisbarrios', 'iagopardo97', 'jesslyn', 'guojunxiong25', 'juansans98', 'bgutierrez', 'kong2020', 'martin.gutierrez', 'clarachapela10', 'limengyuanli66', 'manucro10', 'hamza32amar', 'zhs002', 'choikj', 'ee5502', 'pmvd95', 'nivedaksubramanian', 'yingxue58', 'myez', 'henglund', 'elena.j.g', 'yuxian123', 'j.guedegar', 'wtq77', 'marniesan', 'rayoaki7', 'danidm', 'savas', 'juanjoseo', 'alsyaari', 'ionemanuelmoralesrosales', 'jerome.alag', 'zhang.jiayu', 'lluisgonzaga96', 'nuriamj', 'sohamsawant912', 'shihhaotsai', 'fabiola.santos', 'praveens013', 'wanghb', 'elena_lopez', 'e.fisicahamza', 'xiaolei', 'chenyue', 'miri23', 'gonzavt15', 'p.suarez97', 'isaferjim', 'brendaorea15', 'thunaung', 'aidan.rooney17', 'brunolopez', 'juanariza', 'guyu', 'ero15953', 'alyabra', 'floren_ff', 'hdelatorre3524', 'justinegiroux', 'darkrising', '2015soham.sawant', 'veronica.castro', 'ryu.j', 'angelaturnes', 'guoxg46', 'jaimedmj', 'caetano.eirea', 'gonzalogbb', 'sstty7', 'pablomd', 'antonio98y', 'luisgfloreslarrea', 'tergel1999', 'e0427406', 'blasern', 'arturocastro94', 'alyabra.vargas', 'pedrogea08', 'danidrivas98', 'melissa5', 'bellmanz', 'xiaode', 'zhaoyu960207', 'iagomoscer', 'pablosande98', 'cytuslll1997', 'mordor', 'claudia.puga', 'feijoomartina', 'essheh', 'mariamfontan', 'pablosempredepor97', 'xhan009', 'pablocrespo11', 'agarviespi', 'sylim1', 'iagomillanentenza', 'elmu6301', 'salamghgh20', 'jinfengleong', 'prra6646', 'aledes', 'lluissanuy', 'pablojosecalvo', 'christsun', 'wmy', 'gkkk6', 'jiaqi.guoguo', 'ottoridemar', 'dang.e', 'bingshengliu', 'chema', 'andrei.luneow01031999', 'alyabra.alejandro', 'emilioar', 'noxis986', 'uutty2010', 'anderson.bi', 'juanjotromp', 'alejandromo1610', 'elmanguito', 'jameslin', 'qwe', 'wang.yaoz', 'e.lucasnavarrog', 'songy', 'thackettt', 'plmolina4', 'davidga568', '836054323_wj', 'andreasorroche', 'sergiocalo.barranha', 'hariprasanna', 'ch2922', 'akamsali', 'laurenp', 'jbalderasfernandez', 'leoncc', 'kennyxsy', 'niravsurajlal', 'anamconrado', 'paula.mourino', 'tonybocadillosgrandes', 'alexsanchezcast', 'comeseetake', 'chrispvnofficial', 'danielfdezcalo', 'sangkyu.sun', 'rysw5590', 'hit.kamble', 'rakki.datta', 'rubenortega', 'julioug1', 'liuman961021', 'ralfli', 'zakizhou', 'xoangon', 'anselmoantorcha', 'h_elmenier', 'valeriamg', 'wangjianed_1992', 'fran.mosquera.pena', 'fabiolajsanlop', 'dyoh5119', 'mmartinezsanchez', 'e.jojusalo', 'lucamonduzzi96', 'ejg98', 'shikhararvind', 'manuel10suarez10', 'martinzapatamartinez', 'e.ivanlopgar1997', 'abdulhaiyum.f', 'haominl1997', 'david.garrido', 'isaac.dominguez4444', 'juancarlosroutrera', 'japrz', 'ergobe3', 'anar4331', 'mari.paucom', 'lidiadom', 'albertortepin', 'samuelfl', 'melonlzheng', 'pablo.garcia.bas', 'sebastianvromero', 'albertoangulo', 'dariogarred', 'andrea.mendez', 'mgupta15', 'miaocx714', 'zewei', 'fofi94', 'jgm2096', 'esteban.figueroa', 'shizhan.flood', 'watashi.legion', 'sergiogrcsnchz', 'facundobonfiglio', 'exareivaj', 'costasdiego97', 'austinz', 'francisxavgr', 'savardbastien', 'zihang', 'sotmas', 'cxiuqi1', 'mihai.pislaru.fisica', 'mihaipx', 'antonionito1993', 'dulguun_021', 'soddy1996', 'al16do06', 'ivan1', 'aliraza2013ee360', 'paula.bolboreta', 'amirbadshah224', 'lianyi96', 'xxxxiaofan', 'qumo4329', 'bulganb28', 'hewutanyuan', 'yzarni89', 'antoinelegare', 'nuriatellado', 'berzasnon', 'jdanivc', 'pedrobeko98', 'cristinacostas', 'cmoadne', 'roberto.nava', 'martin32', 'policon', 'elviracastillo', 'clara.landesa', 'ludoba2912', 'junwen', 'chenxiwang', 'carlosbesadaromero', 'adec', 'isafdez', 'stgermain.b', 'chenre', 'edgarmtz', 'xoanmayo', 'albacosta', 'gbatzorig268', 'a997154508', 'dja19951995']"
1,33,281,8,5,"['ejg98', 'julioug1', 'alexsanchezcast', 'dariogarred', 'plmolina4']",276,"['marinabm', 'miguellopezcardenas98', 'clarahernandez05f', 'emixose', 'albertoccz', 'lauragdevesa', 'alex_varela_17', 'uxiavelca', 'xxy0501', '9.genest.gabriel', 'simoncarloscartamil', 'joannesy', 'alicia.mosq', 'isaac.carrillo', 'carterkirkendoll', 'dalder', 'gmedina', 'victortorressuch', 'alecorti.pardo', 'campamarin', 'enriquevaliente17', 'elisa.vicenteei', 'miguel_fernandez', 'miguelpinocarmona', 'pablolopezexposito', 'dariogarciaredecillas', 'fernando_ibarra', 'chenxi', 'joeanszxc', 'chwi7664', 'foojorge', 'michaelcameronmcdonald', 'maurobn98', 'aloptor', 'luisbarrios', 'iagopardo97', 'jesslyn', 'guojunxiong25', 'juansans98', 'bgutierrez', 'kong2020', 'martin.gutierrez', 'clarachapela10', 'limengyuanli66', 'manucro10', 'hamza32amar', 'zhs002', 'choikj', 'ee5502', 'pmvd95', 'nivedaksubramanian', 'yingxue58', 'myez', 'henglund', 'elena.j.g', 'yuxian123', 'j.guedegar', 'wtq77', 'marniesan', 'rayoaki7', 'danidm', 'savas', 'juanjoseo', 'alsyaari', 'ionemanuelmoralesrosales', 'jerome.alag', 'zhang.jiayu', 'lluisgonzaga96', 'nuriamj', 'sohamsawant912', 'shihhaotsai', 'fabiola.santos', 'praveens013', 'wanghb', 'e.fisicahamza', 'xiaolei', 'chenyue', 'miri23', 'gonzavt15', 'p.suarez97', 'isaferjim', 'brendaorea15', 'thunaung', 'aidan.rooney17', 'brunolopez', 'juanariza', 'guyu', 'ero15953', 'alyabra', 'floren_ff', 'hdelatorre3524', 'justinegiroux', '2015soham.sawant', 'veronica.castro', 'ryu.j', 'angelaturnes', 'guoxg46', 'jaimedmj', 'caetano.eirea', 'gonzalogbb', 'sstty7', 'pablomd', 'antonio98y', 'luisgfloreslarrea', 'tergel1999', 'e0427406', 'blasern', 'arturocastro94', 'alyabra.vargas', 'pedrogea08', 'danidrivas98', 'melissa5', 'bellmanz', 'xiaode', 'zhaoyu960207', 'iagomoscer', 'pablosande98', 'cytuslll1997', 'mordor', 'claudia.puga', 'feijoomartina', 'essheh', 'mariamfontan', 'pablosempredepor97', 'xhan009', 'pablocrespo11', 'agarviespi', 'sylim1', 'iagomillanentenza', 'elmu6301', 'salamghgh20', 'jinfengleong', 'prra6646', 'aledes', 'lluissanuy', 'pablojosecalvo', 'christsun', 'wmy', 'gkkk6', 'jiaqi.guoguo', 'ottoridemar', 'dang.e', 'bingshengliu', 'chema', 'andrei.luneow01031999', 'alyabra.alejandro', 'noxis986', 'uutty2010', 'anderson.bi', 'juanjotromp', 'alejandromo1610', 'elmanguito', 'jameslin', 'qwe', 'wang.yaoz', 'e.lucasnavarrog', 'songy', 'thackettt', 'davidga568', '836054323_wj', 'andreasorroche', 'sergiocalo.barranha', 'hariprasanna', 'ch2922', 'akamsali', 'laurenp', 'jbalderasfernandez', 'leoncc', 'kennyxsy', 'niravsurajlal', 'anamconrado', 'paula.mourino', 'tonybocadillosgrandes', 'comeseetake', 'chrispvnofficial', 'danielfdezcalo', 'sangkyu.sun', 'rysw5590', 'hit.kamble', 'rakki.datta', 'rubenortega', 'liuman961021', 'ralfli', 'zakizhou', 'xoangon', 'anselmoantorcha', 'h_elmenier', 'valeriamg', 'wangjianed_1992', 'fran.mosquera.pena', 'fabiolajsanlop', 'dyoh5119', 'mmartinezsanchez', 'e.jojusalo', 'lucamonduzzi96', 'shikhararvind', 'manuel10suarez10', 'martinzapatamartinez', 'e.ivanlopgar1997', 'abdulhaiyum.f', 'haominl1997', 'david.garrido', 'isaac.dominguez4444', 'juancarlosroutrera', 'japrz', 'ergobe3', 'anar4331', 'mari.paucom', 'lidiadom', 'albertortepin', 'samuelfl', 'melonlzheng', 'pablo.garcia.bas', 'sebastianvromero', 'albertoangulo', 'andrea.mendez', 'mgupta15', 'miaocx714', 'zewei', 'fofi94', 'jgm2096', 'esteban.figueroa', 'shizhan.flood', 'watashi.legion', 'sergiogrcsnchz', 'facundobonfiglio', 'exareivaj', 'costasdiego97', 'austinz', 'francisxavgr', 'savardbastien', 'zihang', 'sotmas', 'cxiuqi1', 'mihai.pislaru.fisica', 'mihaipx', 'antonionito1993', 'dulguun_021', 'soddy1996', 'al16do06', 'ivan1', 'aliraza2013ee360', 'paula.bolboreta', 'amirbadshah224', 'lianyi96', 'xxxxiaofan', 'qumo4329', 'bulganb28', 'hewutanyuan', 'yzarni89', 'antoinelegare', 'nuriatellado', 'berzasnon', 'jdanivc', 'pedrobeko98', 'cristinacostas', 'cmoadne', 'roberto.nava', 'martin32', 'policon', 'elviracastillo', 'clara.landesa', 'ludoba2912', 'junwen', 'chenxiwang', 'carlosbesadaromero', 'adec', 'isafdez', 'stgermain.b', 'chenre', 'edgarmtz', 'xoanmayo', 'albacosta', 'gbatzorig268', 'a997154508', 'dja19951995']",3,"['darkrising', 'elena_lopez', 'emilioar']",284,"['marinabm', 'miguellopezcardenas98', 'clarahernandez05f', 'emixose', 'albertoccz', 'lauragdevesa', 'alex_varela_17', 'uxiavelca', 'xxy0501', '9.genest.gabriel', 'simoncarloscartamil', 'joannesy', 'alicia.mosq', 'isaac.carrillo', 'carterkirkendoll', 'dalder', 'gmedina', 'victortorressuch', 'alecorti.pardo', 'campamarin', 'enriquevaliente17', 'elisa.vicenteei', 'miguel_fernandez', 'miguelpinocarmona', 'pablolopezexposito', 'dariogarciaredecillas', 'fernando_ibarra', 'chenxi', 'joeanszxc', 'chwi7664', 'foojorge', 'michaelcameronmcdonald', 'maurobn98', 'aloptor', 'luisbarrios', 'iagopardo97', 'jesslyn', 'guojunxiong25', 'juansans98', 'bgutierrez', 'kong2020', 'martin.gutierrez', 'clarachapela10', 'limengyuanli66', 'manucro10', 'hamza32amar', 'zhs002', 'choikj', 'ee5502', 'pmvd95', 'nivedaksubramanian', 'yingxue58', 'myez', 'henglund', 'elena.j.g', 'yuxian123', 'j.guedegar', 'wtq77', 'marniesan', 'rayoaki7', 'danidm', 'savas', 'juanjoseo', 'alsyaari', 'ionemanuelmoralesrosales', 'jerome.alag', 'zhang.jiayu', 'lluisgonzaga96', 'nuriamj', 'sohamsawant912', 'shihhaotsai', 'fabiola.santos', 'praveens013', 'wanghb', 'elena_lopez', 'e.fisicahamza', 'xiaolei', 'chenyue', 'miri23', 'gonzavt15', 'p.suarez97', 'isaferjim', 'brendaorea15', 'thunaung', 'aidan.rooney17', 'brunolopez', 'juanariza', 'guyu', 'ero15953', 'alyabra', 'floren_ff', 'hdelatorre3524', 'justinegiroux', 'darkrising', '2015soham.sawant', 'veronica.castro', 'ryu.j', 'angelaturnes', 'guoxg46', 'jaimedmj', 'caetano.eirea', 'gonzalogbb', 'sstty7', 'pablomd', 'antonio98y', 'luisgfloreslarrea', 'tergel1999', 'e0427406', 'blasern', 'arturocastro94', 'alyabra.vargas', 'pedrogea08', 'danidrivas98', 'melissa5', 'bellmanz', 'xiaode', 'zhaoyu960207', 'iagomoscer', 'pablosande98', 'cytuslll1997', 'mordor', 'claudia.puga', 'feijoomartina', 'essheh', 'mariamfontan', 'pablosempredepor97', 'xhan009', 'pablocrespo11', 'agarviespi', 'sylim1', 'iagomillanentenza', 'elmu6301', 'salamghgh20', 'jinfengleong', 'prra6646', 'aledes', 'lluissanuy', 'pablojosecalvo', 'christsun', 'wmy', 'gkkk6', 'jiaqi.guoguo', 'ottoridemar', 'dang.e', 'bingshengliu', 'chema', 'andrei.luneow01031999', 'alyabra.alejandro', 'emilioar', 'noxis986', 'uutty2010', 'anderson.bi', 'juanjotromp', 'alejandromo1610', 'elmanguito', 'jameslin', 'qwe', 'wang.yaoz', 'e.lucasnavarrog', 'songy', 'thackettt', 'plmolina4', 'davidga568', '836054323_wj', 'andreasorroche', 'sergiocalo.barranha', 'hariprasanna', 'ch2922', 'akamsali', 'laurenp', 'jbalderasfernandez', 'leoncc', 'kennyxsy', 'niravsurajlal', 'anamconrado', 'paula.mourino', 'tonybocadillosgrandes', 'alexsanchezcast', 'comeseetake', 'chrispvnofficial', 'danielfdezcalo', 'sangkyu.sun', 'rysw5590', 'hit.kamble', 'rakki.datta', 'rubenortega', 'julioug1', 'liuman961021', 'ralfli', 'zakizhou', 'xoangon', 'anselmoantorcha', 'h_elmenier', 'valeriamg', 'wangjianed_1992', 'fran.mosquera.pena', 'fabiolajsanlop', 'dyoh5119', 'mmartinezsanchez', 'e.jojusalo', 'lucamonduzzi96', 'ejg98', 'shikhararvind', 'manuel10suarez10', 'martinzapatamartinez', 'e.ivanlopgar1997', 'abdulhaiyum.f', 'haominl1997', 'david.garrido', 'isaac.dominguez4444', 'juancarlosroutrera', 'japrz', 'ergobe3', 'anar4331', 'mari.paucom', 'lidiadom', 'albertortepin', 'samuelfl', 'melonlzheng', 'pablo.garcia.bas', 'sebastianvromero', 'albertoangulo', 'dariogarred', 'andrea.mendez', 'mgupta15', 'miaocx714', 'zewei', 'fofi94', 'jgm2096', 'esteban.figueroa', 'shizhan.flood', 'watashi.legion', 'sergiogrcsnchz', 'facundobonfiglio', 'exareivaj', 'costasdiego97', 'austinz', 'francisxavgr', 'savardbastien', 'zihang', 'sotmas', 'cxiuqi1', 'mihai.pislaru.fisica', 'mihaipx', 'antonionito1993', 'dulguun_021', 'soddy1996', 'al16do06', 'ivan1', 'aliraza2013ee360', 'paula.bolboreta', 'amirbadshah224', 'lianyi96', 'xxxxiaofan', 'qumo4329', 'bulganb28', 'hewutanyuan', 'yzarni89', 'antoinelegare', 'nuriatellado', 'berzasnon', 'jdanivc', 'pedrobeko98', 'cristinacostas', 'cmoadne', 'roberto.nava', 'martin32', 'policon', 'elviracastillo', 'clara.landesa', 'ludoba2912', 'junwen', 'chenxiwang', 'carlosbesadaromero', 'adec', 'isafdez', 'stgermain.b', 'chenre', 'edgarmtz', 'xoanmayo', 'albacosta', 'gbatzorig268', 'a997154508', 'dja19951995']"
1,188,281,8,5,"['xoanmayo', 'danidrivas98', 'pablosande98', 'arturocastro94', 'martinzapatamartinez']",276,"['marinabm', 'miguellopezcardenas98', 'clarahernandez05f', 'emixose', 'albertoccz', 'lauragdevesa', 'alex_varela_17', 'uxiavelca', 'xxy0501', '9.genest.gabriel', 'simoncarloscartamil', 'joannesy', 'alicia.mosq', 'isaac.carrillo', 'carterkirkendoll', 'dalder', 'gmedina', 'victortorressuch', 'alecorti.pardo', 'campamarin', 'enriquevaliente17', 'elisa.vicenteei', 'miguel_fernandez', 'miguelpinocarmona', 'pablolopezexposito', 'dariogarciaredecillas', 'fernando_ibarra', 'chenxi', 'joeanszxc', 'chwi7664', 'foojorge', 'michaelcameronmcdonald', 'maurobn98', 'aloptor', 'luisbarrios', 'iagopardo97', 'jesslyn', 'guojunxiong25', 'juansans98', 'bgutierrez', 'kong2020', 'martin.gutierrez', 'clarachapela10', 'limengyuanli66', 'manucro10', 'hamza32amar', 'zhs002', 'choikj', 'ee5502', 'pmvd95', 'nivedaksubramanian', 'yingxue58', 'myez', 'henglund', 'elena.j.g', 'yuxian123', 'j.guedegar', 'wtq77', 'marniesan', 'rayoaki7', 'danidm', 'savas', 'juanjoseo', 'alsyaari', 'ionemanuelmoralesrosales', 'jerome.alag', 'zhang.jiayu', 'lluisgonzaga96', 'nuriamj', 'sohamsawant912', 'shihhaotsai', 'fabiola.santos', 'praveens013', 'wanghb', 'e.fisicahamza', 'xiaolei', 'chenyue', 'miri23', 'gonzavt15', 'p.suarez97', 'isaferjim', 'brendaorea15', 'thunaung', 'aidan.rooney17', 'brunolopez', 'juanariza', 'guyu', 'ero15953', 'alyabra', 'floren_ff', 'hdelatorre3524', 'justinegiroux', '2015soham.sawant', 'veronica.castro', 'ryu.j', 'angelaturnes', 'guoxg46', 'jaimedmj', 'caetano.eirea', 'gonzalogbb', 'sstty7', 'pablomd', 'antonio98y', 'luisgfloreslarrea', 'tergel1999', 'e0427406', 'blasern', 'alyabra.vargas', 'pedrogea08', 'melissa5', 'bellmanz', 'xiaode', 'zhaoyu960207', 'iagomoscer', 'cytuslll1997', 'mordor', 'claudia.puga', 'feijoomartina', 'essheh', 'mariamfontan', 'pablosempredepor97', 'xhan009', 'pablocrespo11', 'agarviespi', 'sylim1', 'iagomillanentenza', 'elmu6301', 'salamghgh20', 'jinfengleong', 'prra6646', 'aledes', 'lluissanuy', 'pablojosecalvo', 'christsun', 'wmy', 'gkkk6', 'jiaqi.guoguo', 'ottoridemar', 'dang.e', 'bingshengliu', 'chema', 'andrei.luneow01031999', 'alyabra.alejandro', 'noxis986', 'uutty2010', 'anderson.bi', 'juanjotromp', 'alejandromo1610', 'elmanguito', 'jameslin', 'qwe', 'wang.yaoz', 'e.lucasnavarrog', 'songy', 'thackettt', 'plmolina4', 'davidga568', '836054323_wj', 'andreasorroche', 'sergiocalo.barranha', 'hariprasanna', 'ch2922', 'akamsali', 'laurenp', 'jbalderasfernandez', 'leoncc', 'kennyxsy', 'niravsurajlal', 'anamconrado', 'paula.mourino', 'tonybocadillosgrandes', 'alexsanchezcast', 'comeseetake', 'chrispvnofficial', 'danielfdezcalo', 'sangkyu.sun', 'rysw5590', 'hit.kamble', 'rakki.datta', 'rubenortega', 'julioug1', 'liuman961021', 'ralfli', 'zakizhou', 'xoangon', 'anselmoantorcha', 'h_elmenier', 'valeriamg', 'wangjianed_1992', 'fran.mosquera.pena', 'fabiolajsanlop', 'dyoh5119', 'mmartinezsanchez', 'e.jojusalo', 'lucamonduzzi96', 'ejg98', 'shikhararvind', 'manuel10suarez10', 'e.ivanlopgar1997', 'abdulhaiyum.f', 'haominl1997', 'david.garrido', 'isaac.dominguez4444', 'juancarlosroutrera', 'japrz', 'ergobe3', 'anar4331', 'mari.paucom', 'lidiadom', 'albertortepin', 'samuelfl', 'melonlzheng', 'pablo.garcia.bas', 'sebastianvromero', 'albertoangulo', 'dariogarred', 'andrea.mendez', 'mgupta15', 'miaocx714', 'zewei', 'fofi94', 'jgm2096', 'esteban.figueroa', 'shizhan.flood', 'watashi.legion', 'sergiogrcsnchz', 'facundobonfiglio', 'exareivaj', 'costasdiego97', 'austinz', 'francisxavgr', 'savardbastien', 'zihang', 'sotmas', 'cxiuqi1', 'mihai.pislaru.fisica', 'mihaipx', 'antonionito1993', 'dulguun_021', 'soddy1996', 'al16do06', 'ivan1', 'aliraza2013ee360', 'paula.bolboreta', 'amirbadshah224', 'lianyi96', 'xxxxiaofan', 'qumo4329', 'bulganb28', 'hewutanyuan', 'yzarni89', 'antoinelegare', 'nuriatellado', 'berzasnon', 'jdanivc', 'pedrobeko98', 'cristinacostas', 'cmoadne', 'roberto.nava', 'martin32', 'policon', 'elviracastillo', 'clara.landesa', 'ludoba2912', 'junwen', 'chenxiwang', 'carlosbesadaromero', 'adec', 'isafdez', 'stgermain.b', 'chenre', 'edgarmtz', 'albacosta', 'gbatzorig268', 'a997154508', 'dja19951995']",3,"['daviland97', 'xoel98', 'martinperezmaneiro']",284,"['marinabm', 'miguellopezcardenas98', 'clarahernandez05f', 'emixose', 'albertoccz', 'lauragdevesa', 'alex_varela_17', 'uxiavelca', 'xxy0501', '9.genest.gabriel', 'simoncarloscartamil', 'joannesy', 'alicia.mosq', 'isaac.carrillo', 'carterkirkendoll', 'dalder', 'gmedina', 'victortorressuch', 'alecorti.pardo', 'campamarin', 'enriquevaliente17', 'elisa.vicenteei', 'miguel_fernandez', 'miguelpinocarmona', 'pablolopezexposito', 'dariogarciaredecillas', 'fernando_ibarra', 'chenxi', 'joeanszxc', 'chwi7664', 'foojorge', 'michaelcameronmcdonald', 'maurobn98', 'aloptor', 'luisbarrios', 'iagopardo97', 'jesslyn', 'guojunxiong25', 'juansans98', 'bgutierrez', 'kong2020', 'martin.gutierrez', 'clarachapela10', 'limengyuanli66', 'manucro10', 'hamza32amar', 'zhs002', 'choikj', 'ee5502', 'pmvd95', 'nivedaksubramanian', 'yingxue58', 'myez', 'henglund', 'elena.j.g', 'yuxian123', 'j.guedegar', 'wtq77', 'marniesan', 'rayoaki7', 'danidm', 'savas', 'juanjoseo', 'alsyaari', 'ionemanuelmoralesrosales', 'jerome.alag', 'zhang.jiayu', 'lluisgonzaga96', 'nuriamj', 'sohamsawant912', 'shihhaotsai', 'fabiola.santos', 'praveens013', 'wanghb', 'e.fisicahamza', 'xiaolei', 'chenyue', 'miri23', 'gonzavt15', 'p.suarez97', 'isaferjim', 'brendaorea15', 'thunaung', 'aidan.rooney17', 'brunolopez', 'juanariza', 'guyu', 'ero15953', 'alyabra', 'floren_ff', 'hdelatorre3524', 'justinegiroux', '2015soham.sawant', 'veronica.castro', 'ryu.j', 'angelaturnes', 'guoxg46', 'jaimedmj', 'caetano.eirea', 'gonzalogbb', 'sstty7', 'pablomd', 'antonio98y', 'luisgfloreslarrea', 'tergel1999', 'e0427406', 'blasern', 'arturocastro94', 'alyabra.vargas', 'pedrogea08', 'danidrivas98', 'melissa5', 'bellmanz', 'xiaode', 'zhaoyu960207', 'iagomoscer', 'pablosande98', 'cytuslll1997', 'mordor', 'claudia.puga', 'feijoomartina', 'essheh', 'mariamfontan', 'pablosempredepor97', 'xhan009', 'pablocrespo11', 'agarviespi', 'sylim1', 'iagomillanentenza', 'elmu6301', 'salamghgh20', 'jinfengleong', 'prra6646', 'aledes', 'lluissanuy', 'pablojosecalvo', 'christsun', 'wmy', 'martinperezmaneiro', 'gkkk6', 'jiaqi.guoguo', 'xoel98', 'ottoridemar', 'dang.e', 'bingshengliu', 'chema', 'andrei.luneow01031999', 'alyabra.alejandro', 'noxis986', 'uutty2010', 'anderson.bi', 'juanjotromp', 'alejandromo1610', 'elmanguito', 'jameslin', 'qwe', 'wang.yaoz', 'e.lucasnavarrog', 'songy', 'thackettt', 'plmolina4', 'davidga568', '836054323_wj', 'andreasorroche', 'sergiocalo.barranha', 'hariprasanna', 'ch2922', 'akamsali', 'laurenp', 'jbalderasfernandez', 'leoncc', 'kennyxsy', 'niravsurajlal', 'anamconrado', 'paula.mourino', 'tonybocadillosgrandes', 'alexsanchezcast', 'comeseetake', 'chrispvnofficial', 'danielfdezcalo', 'sangkyu.sun', 'rysw5590', 'hit.kamble', 'rakki.datta', 'rubenortega', 'julioug1', 'liuman961021', 'ralfli', 'zakizhou', 'xoangon', 'anselmoantorcha', 'h_elmenier', 'valeriamg', 'wangjianed_1992', 'fran.mosquera.pena', 'fabiolajsanlop', 'dyoh5119', 'mmartinezsanchez', 'e.jojusalo', 'lucamonduzzi96', 'ejg98', 'shikhararvind', 'manuel10suarez10', 'martinzapatamartinez', 'e.ivanlopgar1997', 'abdulhaiyum.f', 'haominl1997', 'david.garrido', 'isaac.dominguez4444', 'juancarlosroutrera', 'japrz', 'ergobe3', 'anar4331', 'mari.paucom', 'lidiadom', 'albertortepin', 'samuelfl', 'melonlzheng', 'pablo.garcia.bas', 'sebastianvromero', 'albertoangulo', 'dariogarred', 'andrea.mendez', 'mgupta15', 'miaocx714', 'zewei', 'fofi94', 'jgm2096', 'esteban.figueroa', 'shizhan.flood', 'watashi.legion', 'sergiogrcsnchz', 'facundobonfiglio', 'exareivaj', 'costasdiego97', 'austinz', 'francisxavgr', 'savardbastien', 'zihang', 'sotmas', 'cxiuqi1', 'mihai.pislaru.fisica', 'mihaipx', 'antonionito1993', 'dulguun_021', 'soddy1996', 'al16do06', 'ivan1', 'aliraza2013ee360', 'paula.bolboreta', 'amirbadshah224', 'lianyi96', 'xxxxiaofan', 'qumo4329', 'bulganb28', 'hewutanyuan', 'daviland97', 'yzarni89', 'antoinelegare', 'nuriatellado', 'berzasnon', 'jdanivc', 'pedrobeko98', 'cristinacostas', 'cmoadne', 'roberto.nava', 'martin32', 'policon', 'elviracastillo', 'clara.landesa', 'ludoba2912', 'junwen', 'chenxiwang', 'carlosbesadaromero', 'adec', 'isafdez', 'stgermain.b', 'chenre', 'edgarmtz', 'xoanmayo', 'albacosta', 'gbatzorig268', 'a997154508', 'dja19951995']"
1,207,281,8,6,"['angelaturnes', 'xoangon', 'juansans98', 'nuriamj', 'sebastianvromero', 'iagomillanentenza']",275,"['marinabm', 'miguellopezcardenas98', 'clarahernandez05f', 'emixose', 'albertoccz', 'lauragdevesa', 'alex_varela_17', 'uxiavelca', 'xxy0501', '9.genest.gabriel', 'simoncarloscartamil', 'joannesy', 'alicia.mosq', 'isaac.carrillo', 'carterkirkendoll', 'dalder', 'gmedina', 'victortorressuch', 'alecorti.pardo', 'campamarin', 'enriquevaliente17', 'elisa.vicenteei', 'miguel_fernandez', 'miguelpinocarmona', 'pablolopezexposito', 'dariogarciaredecillas', 'fernando_ibarra', 'chenxi', 'joeanszxc', 'chwi7664', 'foojorge', 'michaelcameronmcdonald', 'maurobn98', 'aloptor', 'luisbarrios', 'iagopardo97', 'jesslyn', 'guojunxiong25', 'bgutierrez', 'kong2020', 'martin.gutierrez', 'clarachapela10', 'limengyuanli66', 'manucro10', 'hamza32amar', 'zhs002', 'choikj', 'ee5502', 'pmvd95', 'nivedaksubramanian', 'yingxue58', 'myez', 'henglund', 'elena.j.g', 'yuxian123', 'j.guedegar', 'wtq77', 'marniesan', 'rayoaki7', 'danidm', 'savas', 'juanjoseo', 'alsyaari', 'ionemanuelmoralesrosales', 'jerome.alag', 'zhang.jiayu', 'lluisgonzaga96', 'sohamsawant912', 'shihhaotsai', 'fabiola.santos', 'praveens013', 'wanghb', 'e.fisicahamza', 'xiaolei', 'chenyue', 'miri23', 'gonzavt15', 'p.suarez97', 'isaferjim', 'brendaorea15', 'thunaung', 'aidan.rooney17', 'brunolopez', 'juanariza', 'guyu', 'ero15953', 'alyabra', 'floren_ff', 'hdelatorre3524', 'justinegiroux', '2015soham.sawant', 'veronica.castro', 'ryu.j', 'guoxg46', 'jaimedmj', 'caetano.eirea', 'gonzalogbb', 'sstty7', 'pablomd', 'antonio98y', 'luisgfloreslarrea', 'tergel1999', 'e0427406', 'blasern', 'arturocastro94', 'alyabra.vargas', 'pedrogea08', 'danidrivas98', 'melissa5', 'bellmanz', 'xiaode', 'zhaoyu960207', 'iagomoscer', 'pablosande98', 'cytuslll1997', 'mordor', 'claudia.puga', 'feijoomartina', 'essheh', 'mariamfontan', 'pablosempredepor97', 'xhan009', 'pablocrespo11', 'agarviespi', 'sylim1', 'elmu6301', 'salamghgh20', 'jinfengleong', 'prra6646', 'aledes', 'lluissanuy', 'pablojosecalvo', 'christsun', 'wmy', 'gkkk6', 'jiaqi.guoguo', 'ottoridemar', 'dang.e', 'bingshengliu', 'chema', 'andrei.luneow01031999', 'alyabra.alejandro', 'noxis986', 'uutty2010', 'anderson.bi', 'juanjotromp', 'alejandromo1610', 'elmanguito', 'jameslin', 'qwe', 'wang.yaoz', 'e.lucasnavarrog', 'songy', 'thackettt', 'plmolina4', 'davidga568', '836054323_wj', 'andreasorroche', 'sergiocalo.barranha', 'hariprasanna', 'ch2922', 'akamsali', 'laurenp', 'jbalderasfernandez', 'leoncc', 'kennyxsy', 'niravsurajlal', 'anamconrado', 'paula.mourino', 'tonybocadillosgrandes', 'alexsanchezcast', 'comeseetake', 'chrispvnofficial', 'danielfdezcalo', 'sangkyu.sun', 'rysw5590', 'hit.kamble', 'rakki.datta', 'rubenortega', 'julioug1', 'liuman961021', 'ralfli', 'zakizhou', 'anselmoantorcha', 'h_elmenier', 'valeriamg', 'wangjianed_1992', 'fran.mosquera.pena', 'fabiolajsanlop', 'dyoh5119', 'mmartinezsanchez', 'e.jojusalo', 'lucamonduzzi96', 'ejg98', 'shikhararvind', 'manuel10suarez10', 'martinzapatamartinez', 'e.ivanlopgar1997', 'abdulhaiyum.f', 'haominl1997', 'david.garrido', 'isaac.dominguez4444', 'juancarlosroutrera', 'japrz', 'ergobe3', 'anar4331', 'mari.paucom', 'lidiadom', 'albertortepin', 'samuelfl', 'melonlzheng', 'pablo.garcia.bas', 'albertoangulo', 'dariogarred', 'andrea.mendez', 'mgupta15', 'miaocx714', 'zewei', 'fofi94', 'jgm2096', 'esteban.figueroa', 'shizhan.flood', 'watashi.legion', 'sergiogrcsnchz', 'facundobonfiglio', 'exareivaj', 'costasdiego97', 'austinz', 'francisxavgr', 'savardbastien', 'zihang', 'sotmas', 'cxiuqi1', 'mihai.pislaru.fisica', 'mihaipx', 'antonionito1993', 'dulguun_021', 'soddy1996', 'al16do06', 'ivan1', 'aliraza2013ee360', 'paula.bolboreta', 'amirbadshah224', 'lianyi96', 'xxxxiaofan', 'qumo4329', 'bulganb28', 'hewutanyuan', 'yzarni89', 'antoinelegare', 'nuriatellado', 'berzasnon', 'jdanivc', 'pedrobeko98', 'cristinacostas', 'cmoadne', 'roberto.nava', 'martin32', 'policon', 'elviracastillo', 'clara.landesa', 'ludoba2912', 'junwen', 'chenxiwang', 'carlosbesadaromero', 'adec', 'isafdez', 'stgermain.b', 'chenre', 'edgarmtz', 'xoanmayo', 'albacosta', 'gbatzorig268', 'a997154508', 'dja19951995']",2,"['mauro_sg', 'danielcondetorres']",283,"['marinabm', 'miguellopezcardenas98', 'clarahernandez05f', 'emixose', 'albertoccz', 'lauragdevesa', 'alex_varela_17', 'uxiavelca', 'xxy0501', '9.genest.gabriel', 'simoncarloscartamil', 'joannesy', 'alicia.mosq', 'isaac.carrillo', 'carterkirkendoll', 'dalder', 'gmedina', 'victortorressuch', 'alecorti.pardo', 'campamarin', 'enriquevaliente17', 'elisa.vicenteei', 'miguel_fernandez', 'miguelpinocarmona', 'pablolopezexposito', 'dariogarciaredecillas', 'fernando_ibarra', 'chenxi', 'joeanszxc', 'chwi7664', 'foojorge', 'michaelcameronmcdonald', 'maurobn98', 'aloptor', 'luisbarrios', 'iagopardo97', 'jesslyn', 'guojunxiong25', 'juansans98', 'bgutierrez', 'kong2020', 'martin.gutierrez', 'clarachapela10', 'limengyuanli66', 'manucro10', 'hamza32amar', 'zhs002', 'choikj', 'ee5502', 'pmvd95', 'nivedaksubramanian', 'yingxue58', 'myez', 'henglund', 'elena.j.g', 'yuxian123', 'j.guedegar', 'wtq77', 'marniesan', 'rayoaki7', 'danidm', 'savas', 'juanjoseo', 'alsyaari', 'ionemanuelmoralesrosales', 'jerome.alag', 'zhang.jiayu', 'lluisgonzaga96', 'nuriamj', 'sohamsawant912', 'shihhaotsai', 'fabiola.santos', 'praveens013', 'wanghb', 'e.fisicahamza', 'xiaolei', 'chenyue', 'miri23', 'gonzavt15', 'p.suarez97', 'isaferjim', 'brendaorea15', 'thunaung', 'aidan.rooney17', 'brunolopez', 'juanariza', 'guyu', 'ero15953', 'alyabra', 'floren_ff', 'hdelatorre3524', 'justinegiroux', '2015soham.sawant', 'veronica.castro', 'ryu.j', 'angelaturnes', 'guoxg46', 'jaimedmj', 'caetano.eirea', 'gonzalogbb', 'mauro_sg', 'sstty7', 'pablomd', 'antonio98y', 'luisgfloreslarrea', 'tergel1999', 'e0427406', 'blasern', 'arturocastro94', 'alyabra.vargas', 'pedrogea08', 'danidrivas98', 'melissa5', 'bellmanz', 'xiaode', 'zhaoyu960207', 'danielcondetorres', 'iagomoscer', 'pablosande98', 'cytuslll1997', 'mordor', 'claudia.puga', 'feijoomartina', 'essheh', 'mariamfontan', 'pablosempredepor97', 'xhan009', 'pablocrespo11', 'agarviespi', 'sylim1', 'iagomillanentenza', 'elmu6301', 'salamghgh20', 'jinfengleong', 'prra6646', 'aledes', 'lluissanuy', 'pablojosecalvo', 'christsun', 'wmy', 'gkkk6', 'jiaqi.guoguo', 'ottoridemar', 'dang.e', 'bingshengliu', 'chema', 'andrei.luneow01031999', 'alyabra.alejandro', 'noxis986', 'uutty2010', 'anderson.bi', 'juanjotromp', 'alejandromo1610', 'elmanguito', 'jameslin', 'qwe', 'wang.yaoz', 'e.lucasnavarrog', 'songy', 'thackettt', 'plmolina4', 'davidga568', '836054323_wj', 'andreasorroche', 'sergiocalo.barranha', 'hariprasanna', 'ch2922', 'akamsali', 'laurenp', 'jbalderasfernandez', 'leoncc', 'kennyxsy', 'niravsurajlal', 'anamconrado', 'paula.mourino', 'tonybocadillosgrandes', 'alexsanchezcast', 'comeseetake', 'chrispvnofficial', 'danielfdezcalo', 'sangkyu.sun', 'rysw5590', 'hit.kamble', 'rakki.datta', 'rubenortega', 'julioug1', 'liuman961021', 'ralfli', 'zakizhou', 'xoangon', 'anselmoantorcha', 'h_elmenier', 'valeriamg', 'wangjianed_1992', 'fran.mosquera.pena', 'fabiolajsanlop', 'dyoh5119', 'mmartinezsanchez', 'e.jojusalo', 'lucamonduzzi96', 'ejg98', 'shikhararvind', 'manuel10suarez10', 'martinzapatamartinez', 'e.ivanlopgar1997', 'abdulhaiyum.f', 'haominl1997', 'david.garrido', 'isaac.dominguez4444', 'juancarlosroutrera', 'japrz', 'ergobe3', 'anar4331', 'mari.paucom', 'lidiadom', 'albertortepin', 'samuelfl', 'melonlzheng', 'pablo.garcia.bas', 'sebastianvromero', 'albertoangulo', 'dariogarred', 'andrea.mendez', 'mgupta15', 'miaocx714', 'zewei', 'fofi94', 'jgm2096', 'esteban.figueroa', 'shizhan.flood', 'watashi.legion', 'sergiogrcsnchz', 'facundobonfiglio', 'exareivaj', 'costasdiego97', 'austinz', 'francisxavgr', 'savardbastien', 'zihang', 'sotmas', 'cxiuqi1', 'mihai.pislaru.fisica', 'mihaipx', 'antonionito1993', 'dulguun_021', 'soddy1996', 'al16do06', 'ivan1', 'aliraza2013ee360', 'paula.bolboreta', 'amirbadshah224', 'lianyi96', 'xxxxiaofan', 'qumo4329', 'bulganb28', 'hewutanyuan', 'yzarni89', 'antoinelegare', 'nuriatellado', 'berzasnon', 'jdanivc', 'pedrobeko98', 'cristinacostas', 'cmoadne', 'roberto.nava', 'martin32', 'policon', 'elviracastillo', 'clara.landesa', 'ludoba2912', 'junwen', 'chenxiwang', 'carlosbesadaromero', 'adec', 'isafdez', 'stgermain.b', 'chenre', 'edgarmtz', 'xoanmayo', 'albacosta', 'gbatzorig268', 'a997154508', 'dja19951995']"
1,7,281,7,2,"['watashi.legion', 'gbatzorig268']",279,"['marinabm', 'miguellopezcardenas98', 'clarahernandez05f', 'emixose', 'albertoccz', 'lauragdevesa', 'alex_varela_17', 'uxiavelca', 'xxy0501', '9.genest.gabriel', 'simoncarloscartamil', 'joannesy', 'alicia.mosq', 'isaac.carrillo', 'carterkirkendoll', 'dalder', 'gmedina', 'victortorressuch', 'alecorti.pardo', 'campamarin', 'enriquevaliente17', 'elisa.vicenteei', 'miguel_fernandez', 'miguelpinocarmona', 'pablolopezexposito', 'dariogarciaredecillas', 'fernando_ibarra', 'chenxi', 'joeanszxc', 'chwi7664', 'foojorge', 'michaelcameronmcdonald', 'maurobn98', 'aloptor', 'luisbarrios', 'iagopardo97', 'jesslyn', 'guojunxiong25', 'juansans98', 'bgutierrez', 'kong2020', 'martin.gutierrez', 'clarachapela10', 'limengyuanli66', 'manucro10', 'hamza32amar', 'zhs002', 'choikj', 'ee5502', 'pmvd95', 'nivedaksubramanian', 'yingxue58', 'myez', 'henglund', 'elena.j.g', 'yuxian123', 'j.guedegar', 'wtq77', 'marniesan', 'rayoaki7', 'danidm', 'savas', 'juanjoseo', 'alsyaari', 'ionemanuelmoralesrosales', 'jerome.alag', 'zhang.jiayu', 'lluisgonzaga96', 'nuriamj', 'sohamsawant912', 'shihhaotsai', 'fabiola.santos', 'praveens013', 'wanghb', 'e.fisicahamza', 'xiaolei', 'chenyue', 'miri23', 'gonzavt15', 'p.suarez97', 'isaferjim', 'brendaorea15', 'thunaung', 'aidan.rooney17', 'brunolopez', 'juanariza', 'guyu', 'ero15953', 'alyabra', 'floren_ff', 'hdelatorre3524', 'justinegiroux', '2015soham.sawant', 'veronica.castro', 'ryu.j', 'angelaturnes', 'guoxg46', 'jaimedmj', 'caetano.eirea', 'gonzalogbb', 'sstty7', 'pablomd', 'antonio98y', 'luisgfloreslarrea', 'tergel1999', 'e0427406', 'blasern', 'arturocastro94', 'alyabra.vargas', 'pedrogea08', 'danidrivas98', 'melissa5', 'bellmanz', 'xiaode', 'zhaoyu960207', 'iagomoscer', 'pablosande98', 'cytuslll1997', 'mordor', 'claudia.puga', 'feijoomartina', 'essheh', 'mariamfontan', 'pablosempredepor97', 'xhan009', 'pablocrespo11', 'agarviespi', 'sylim1', 'iagomillanentenza', 'elmu6301', 'salamghgh20', 'jinfengleong', 'prra6646', 'aledes', 'lluissanuy', 'pablojosecalvo', 'christsun', 'wmy', 'gkkk6', 'jiaqi.guoguo', 'ottoridemar', 'dang.e', 'bingshengliu', 'chema', 'andrei.luneow01031999', 'alyabra.alejandro', 'noxis986', 'uutty2010', 'anderson.bi', 'juanjotromp', 'alejandromo1610', 'elmanguito', 'jameslin', 'qwe', 'wang.yaoz', 'e.lucasnavarrog', 'songy', 'thackettt', 'plmolina4', 'davidga568', '836054323_wj', 'andreasorroche', 'sergiocalo.barranha', 'hariprasanna', 'ch2922', 'akamsali', 'laurenp', 'jbalderasfernandez', 'leoncc', 'kennyxsy', 'niravsurajlal', 'anamconrado', 'paula.mourino', 'tonybocadillosgrandes', 'alexsanchezcast', 'comeseetake', 'chrispvnofficial', 'danielfdezcalo', 'sangkyu.sun', 'rysw5590', 'hit.kamble', 'rakki.datta', 'rubenortega', 'julioug1', 'liuman961021', 'ralfli', 'zakizhou', 'xoangon', 'anselmoantorcha', 'h_elmenier', 'valeriamg', 'wangjianed_1992', 'fran.mosquera.pena', 'fabiolajsanlop', 'dyoh5119', 'mmartinezsanchez', 'e.jojusalo', 'lucamonduzzi96', 'ejg98', 'shikhararvind', 'manuel10suarez10', 'martinzapatamartinez', 'e.ivanlopgar1997', 'abdulhaiyum.f', 'haominl1997', 'david.garrido', 'isaac.dominguez4444', 'juancarlosroutrera', 'japrz', 'ergobe3', 'anar4331', 'mari.paucom', 'lidiadom', 'albertortepin', 'samuelfl', 'melonlzheng', 'pablo.garcia.bas', 'sebastianvromero', 'albertoangulo', 'dariogarred', 'andrea.mendez', 'mgupta15', 'miaocx714', 'zewei', 'fofi94', 'jgm2096', 'esteban.figueroa', 'shizhan.flood', 'sergiogrcsnchz', 'facundobonfiglio', 'exareivaj', 'costasdiego97', 'austinz', 'francisxavgr', 'savardbastien', 'zihang', 'sotmas', 'cxiuqi1', 'mihai.pislaru.fisica', 'mihaipx', 'antonionito1993', 'dulguun_021', 'soddy1996', 'al16do06', 'ivan1', 'aliraza2013ee360', 'paula.bolboreta', 'amirbadshah224', 'lianyi96', 'xxxxiaofan', 'qumo4329', 'bulganb28', 'hewutanyuan', 'yzarni89', 'antoinelegare', 'nuriatellado', 'berzasnon', 'jdanivc', 'pedrobeko98', 'cristinacostas', 'cmoadne', 'roberto.nava', 'martin32', 'policon', 'elviracastillo', 'clara.landesa', 'ludoba2912', 'junwen', 'chenxiwang', 'carlosbesadaromero', 'adec', 'isafdez', 'stgermain.b', 'chenre', 'edgarmtz', 'xoanmayo', 'albacosta', 'a997154508', 'dja19951995']",5,"['tsogooanurad', 'ochirhuyag', 'atilyacez', 'delegbayanmunkh9', 'max1028d']",286,"['marinabm', 'miguellopezcardenas98', 'clarahernandez05f', 'emixose', 'albertoccz', 'lauragdevesa', 'alex_varela_17', 'uxiavelca', 'xxy0501', '9.genest.gabriel', 'simoncarloscartamil', 'joannesy', 'alicia.mosq', 'isaac.carrillo', 'carterkirkendoll', 'dalder', 'gmedina', 'victortorressuch', 'alecorti.pardo', 'campamarin', 'enriquevaliente17', 'elisa.vicenteei', 'miguel_fernandez', 'miguelpinocarmona', 'pablolopezexposito', 'dariogarciaredecillas', 'fernando_ibarra', 'chenxi', 'joeanszxc', 'chwi7664', 'foojorge', 'michaelcameronmcdonald', 'maurobn98', 'aloptor', 'luisbarrios', 'iagopardo97', 'jesslyn', 'guojunxiong25', 'juansans98', 'bgutierrez', 'kong2020', 'martin.gutierrez', 'clarachapela10', 'limengyuanli66', 'manucro10', 'hamza32amar', 'zhs002', 'choikj', 'ee5502', 'pmvd95', 'nivedaksubramanian', 'yingxue58', 'myez', 'henglund', 'elena.j.g', 'yuxian123', 'j.guedegar', 'delegbayanmunkh9', 'wtq77', 'marniesan', 'rayoaki7', 'danidm', 'savas', 'juanjoseo', 'alsyaari', 'ionemanuelmoralesrosales', 'jerome.alag', 'zhang.jiayu', 'lluisgonzaga96', 'nuriamj', 'sohamsawant912', 'shihhaotsai', 'fabiola.santos', 'atilyacez', 'praveens013', 'wanghb', 'max1028d', 'e.fisicahamza', 'xiaolei', 'chenyue', 'miri23', 'gonzavt15', 'p.suarez97', 'isaferjim', 'brendaorea15', 'thunaung', 'aidan.rooney17', 'brunolopez', 'juanariza', 'guyu', 'ero15953', 'alyabra', 'floren_ff', 'hdelatorre3524', 'justinegiroux', '2015soham.sawant', 'veronica.castro', 'ryu.j', 'angelaturnes', 'guoxg46', 'jaimedmj', 'caetano.eirea', 'gonzalogbb', 'sstty7', 'pablomd', 'antonio98y', 'luisgfloreslarrea', 'tergel1999', 'e0427406', 'blasern', 'arturocastro94', 'alyabra.vargas', 'pedrogea08', 'danidrivas98', 'melissa5', 'bellmanz', 'xiaode', 'zhaoyu960207', 'iagomoscer', 'pablosande98', 'cytuslll1997', 'mordor', 'claudia.puga', 'feijoomartina', 'essheh', 'mariamfontan', 'pablosempredepor97', 'xhan009', 'pablocrespo11', 'agarviespi', 'sylim1', 'iagomillanentenza', 'elmu6301', 'salamghgh20', 'jinfengleong', 'prra6646', 'aledes', 'lluissanuy', 'pablojosecalvo', 'christsun', 'wmy', 'gkkk6', 'jiaqi.guoguo', 'ottoridemar', 'dang.e', 'bingshengliu', 'chema', 'andrei.luneow01031999', 'alyabra.alejandro', 'noxis986', 'uutty2010', 'anderson.bi', 'juanjotromp', 'alejandromo1610', 'elmanguito', 'jameslin', 'qwe', 'wang.yaoz', 'e.lucasnavarrog', 'songy', 'thackettt', 'plmolina4', 'davidga568', '836054323_wj', 'andreasorroche', 'sergiocalo.barranha', 'hariprasanna', 'ch2922', 'akamsali', 'laurenp', 'jbalderasfernandez', 'leoncc', 'kennyxsy', 'niravsurajlal', 'anamconrado', 'paula.mourino', 'tonybocadillosgrandes', 'alexsanchezcast', 'comeseetake', 'chrispvnofficial', 'danielfdezcalo', 'sangkyu.sun', 'rysw5590', 'hit.kamble', 'rakki.datta', 'rubenortega', 'julioug1', 'liuman961021', 'ralfli', 'zakizhou', 'xoangon', 'anselmoantorcha', 'h_elmenier', 'valeriamg', 'wangjianed_1992', 'fran.mosquera.pena', 'fabiolajsanlop', 'dyoh5119', 'mmartinezsanchez', 'e.jojusalo', 'lucamonduzzi96', 'ejg98', 'shikhararvind', 'manuel10suarez10', 'martinzapatamartinez', 'e.ivanlopgar1997', 'abdulhaiyum.f', 'haominl1997', 'david.garrido', 'isaac.dominguez4444', 'juancarlosroutrera', 'japrz', 'ergobe3', 'anar4331', 'mari.paucom', 'lidiadom', 'albertortepin', 'samuelfl', 'melonlzheng', 'pablo.garcia.bas', 'sebastianvromero', 'albertoangulo', 'dariogarred', 'andrea.mendez', 'mgupta15', 'miaocx714', 'zewei', 'fofi94', 'jgm2096', 'esteban.figueroa', 'shizhan.flood', 'watashi.legion', 'sergiogrcsnchz', 'facundobonfiglio', 'exareivaj', 'costasdiego97', 'austinz', 'francisxavgr', 'savardbastien', 'zihang', 'sotmas', 'cxiuqi1', 'mihai.pislaru.fisica', 'mihaipx', 'antonionito1993', 'dulguun_021', 'soddy1996', 'al16do06', 'ivan1', 'aliraza2013ee360', 'paula.bolboreta', 'amirbadshah224', 'lianyi96', 'xxxxiaofan', 'qumo4329', 'bulganb28', 'tsogooanurad', 'hewutanyuan', 'yzarni89', 'antoinelegare', 'nuriatellado', 'berzasnon', 'ochirhuyag', 'jdanivc', 'pedrobeko98', 'cristinacostas', 'cmoadne', 'roberto.nava', 'martin32', 'policon', 'elviracastillo', 'clara.landesa', 'ludoba2912', 'junwen', 'chenxiwang', 'carlosbesadaromero', 'adec', 'isafdez', 'stgermain.b', 'chenre', 'edgarmtz', 'xoanmayo', 'albacosta', 'gbatzorig268', 'a997154508', 'dja19951995']"
1,10,281,7,2,"['isaferjim', 'rubenortega']",279,"['marinabm', 'miguellopezcardenas98', 'clarahernandez05f', 'emixose', 'albertoccz', 'lauragdevesa', 'alex_varela_17', 'uxiavelca', 'xxy0501', '9.genest.gabriel', 'simoncarloscartamil', 'joannesy', 'alicia.mosq', 'isaac.carrillo', 'carterkirkendoll', 'dalder', 'gmedina', 'victortorressuch', 'alecorti.pardo', 'campamarin', 'enriquevaliente17', 'elisa.vicenteei', 'miguel_fernandez', 'miguelpinocarmona', 'pablolopezexposito', 'dariogarciaredecillas', 'fernando_ibarra', 'chenxi', 'joeanszxc', 'chwi7664', 'foojorge', 'michaelcameronmcdonald', 'maurobn98', 'aloptor', 'luisbarrios', 'iagopardo97', 'jesslyn', 'guojunxiong25', 'juansans98', 'bgutierrez', 'kong2020', 'martin.gutierrez', 'clarachapela10', 'limengyuanli66', 'manucro10', 'hamza32amar', 'zhs002', 'choikj', 'ee5502', 'pmvd95', 'nivedaksubramanian', 'yingxue58', 'myez', 'henglund', 'elena.j.g', 'yuxian123', 'j.guedegar', 'wtq77', 'marniesan', 'rayoaki7', 'danidm', 'savas', 'juanjoseo', 'alsyaari', 'ionemanuelmoralesrosales', 'jerome.alag', 'zhang.jiayu', 'lluisgonzaga96', 'nuriamj', 'sohamsawant912', 'shihhaotsai', 'fabiola.santos', 'praveens013', 'wanghb', 'e.fisicahamza', 'xiaolei', 'chenyue', 'miri23', 'gonzavt15', 'p.suarez97', 'brendaorea15', 'thunaung', 'aidan.rooney17', 'brunolopez', 'juanariza', 'guyu', 'ero15953', 'alyabra', 'floren_ff', 'hdelatorre3524', 'justinegiroux', '2015soham.sawant', 'veronica.castro', 'ryu.j', 'angelaturnes', 'guoxg46', 'jaimedmj', 'caetano.eirea', 'gonzalogbb', 'sstty7', 'pablomd', 'antonio98y', 'luisgfloreslarrea', 'tergel1999', 'e0427406', 'blasern', 'arturocastro94', 'alyabra.vargas', 'pedrogea08', 'danidrivas98', 'melissa5', 'bellmanz', 'xiaode', 'zhaoyu960207', 'iagomoscer', 'pablosande98', 'cytuslll1997', 'mordor', 'claudia.puga', 'feijoomartina', 'essheh', 'mariamfontan', 'pablosempredepor97', 'xhan009', 'pablocrespo11', 'agarviespi', 'sylim1', 'iagomillanentenza', 'elmu6301', 'salamghgh20', 'jinfengleong', 'prra6646', 'aledes', 'lluissanuy', 'pablojosecalvo', 'christsun', 'wmy', 'gkkk6', 'jiaqi.guoguo', 'ottoridemar', 'dang.e', 'bingshengliu', 'chema', 'andrei.luneow01031999', 'alyabra.alejandro', 'noxis986', 'uutty2010', 'anderson.bi', 'juanjotromp', 'alejandromo1610', 'elmanguito', 'jameslin', 'qwe', 'wang.yaoz', 'e.lucasnavarrog', 'songy', 'thackettt', 'plmolina4', 'davidga568', '836054323_wj', 'andreasorroche', 'sergiocalo.barranha', 'hariprasanna', 'ch2922', 'akamsali', 'laurenp', 'jbalderasfernandez', 'leoncc', 'kennyxsy', 'niravsurajlal', 'anamconrado', 'paula.mourino', 'tonybocadillosgrandes', 'alexsanchezcast', 'comeseetake', 'chrispvnofficial', 'danielfdezcalo', 'sangkyu.sun', 'rysw5590', 'hit.kamble', 'rakki.datta', 'julioug1', 'liuman961021', 'ralfli', 'zakizhou', 'xoangon', 'anselmoantorcha', 'h_elmenier', 'valeriamg', 'wangjianed_1992', 'fran.mosquera.pena', 'fabiolajsanlop', 'dyoh5119', 'mmartinezsanchez', 'e.jojusalo', 'lucamonduzzi96', 'ejg98', 'shikhararvind', 'manuel10suarez10', 'martinzapatamartinez', 'e.ivanlopgar1997', 'abdulhaiyum.f', 'haominl1997', 'david.garrido', 'isaac.dominguez4444', 'juancarlosroutrera', 'japrz', 'ergobe3', 'anar4331', 'mari.paucom', 'lidiadom', 'albertortepin', 'samuelfl', 'melonlzheng', 'pablo.garcia.bas', 'sebastianvromero', 'albertoangulo', 'dariogarred', 'andrea.mendez', 'mgupta15', 'miaocx714', 'zewei', 'fofi94', 'jgm2096', 'esteban.figueroa', 'shizhan.flood', 'watashi.legion', 'sergiogrcsnchz', 'facundobonfiglio', 'exareivaj', 'costasdiego97', 'austinz', 'francisxavgr', 'savardbastien', 'zihang', 'sotmas', 'cxiuqi1', 'mihai.pislaru.fisica', 'mihaipx', 'antonionito1993', 'dulguun_021', 'soddy1996', 'al16do06', 'ivan1', 'aliraza2013ee360', 'paula.bolboreta', 'amirbadshah224', 'lianyi96', 'xxxxiaofan', 'qumo4329', 'bulganb28', 'hewutanyuan', 'yzarni89', 'antoinelegare', 'nuriatellado', 'berzasnon', 'jdanivc', 'pedrobeko98', 'cristinacostas', 'cmoadne', 'roberto.nava', 'martin32', 'policon', 'elviracastillo', 'clara.landesa', 'ludoba2912', 'junwen', 'chenxiwang', 'carlosbesadaromero', 'adec', 'isafdez', 'stgermain.b', 'chenre', 'edgarmtz', 'xoanmayo', 'albacosta', 'gbatzorig268', 'a997154508', 'dja19951995']",5,"['fmgomez', 'antonio25', 'daviland97', 'selena', 'dique']",286,"['marinabm', 'miguellopezcardenas98', 'clarahernandez05f', 'emixose', 'albertoccz', 'lauragdevesa', 'alex_varela_17', 'uxiavelca', 'xxy0501', '9.genest.gabriel', 'simoncarloscartamil', 'joannesy', 'alicia.mosq', 'isaac.carrillo', 'carterkirkendoll', 'dalder', 'gmedina', 'victortorressuch', 'alecorti.pardo', 'campamarin', 'enriquevaliente17', 'elisa.vicenteei', 'miguel_fernandez', 'miguelpinocarmona', 'pablolopezexposito', 'dariogarciaredecillas', 'fernando_ibarra', 'chenxi', 'joeanszxc', 'chwi7664', 'foojorge', 'michaelcameronmcdonald', 'maurobn98', 'aloptor', 'luisbarrios', 'iagopardo97', 'jesslyn', 'guojunxiong25', 'juansans98', 'bgutierrez', 'kong2020', 'martin.gutierrez', 'clarachapela10', 'limengyuanli66', 'manucro10', 'hamza32amar', 'zhs002', 'choikj', 'ee5502', 'pmvd95', 'nivedaksubramanian', 'yingxue58', 'myez', 'henglund', 'elena.j.g', 'yuxian123', 'j.guedegar', 'wtq77', 'marniesan', 'rayoaki7', 'danidm', 'savas', 'juanjoseo', 'alsyaari', 'ionemanuelmoralesrosales', 'jerome.alag', 'zhang.jiayu', 'lluisgonzaga96', 'nuriamj', 'sohamsawant912', 'shihhaotsai', 'fabiola.santos', 'praveens013', 'wanghb', 'e.fisicahamza', 'xiaolei', 'chenyue', 'miri23', 'gonzavt15', 'p.suarez97', 'isaferjim', 'brendaorea15', 'thunaung', 'aidan.rooney17', 'brunolopez', 'juanariza', 'antonio25', 'guyu', 'ero15953', 'alyabra', 'floren_ff', 'hdelatorre3524', 'justinegiroux', '2015soham.sawant', 'veronica.castro', 'ryu.j', 'angelaturnes', 'guoxg46', 'jaimedmj', 'caetano.eirea', 'gonzalogbb', 'sstty7', 'pablomd', 'antonio98y', 'luisgfloreslarrea', 'tergel1999', 'e0427406', 'blasern', 'arturocastro94', 'alyabra.vargas', 'pedrogea08', 'danidrivas98', 'melissa5', 'bellmanz', 'xiaode', 'zhaoyu960207', 'iagomoscer', 'pablosande98', 'cytuslll1997', 'mordor', 'claudia.puga', 'feijoomartina', 'essheh', 'mariamfontan', 'pablosempredepor97', 'xhan009', 'pablocrespo11', 'agarviespi', 'sylim1', 'iagomillanentenza', 'elmu6301', 'salamghgh20', 'jinfengleong', 'prra6646', 'aledes', 'lluissanuy', 'pablojosecalvo', 'christsun', 'wmy', 'gkkk6', 'jiaqi.guoguo', 'ottoridemar', 'dang.e', 'bingshengliu', 'chema', 'andrei.luneow01031999', 'alyabra.alejandro', 'noxis986', 'uutty2010', 'anderson.bi', 'juanjotromp', 'alejandromo1610', 'elmanguito', 'jameslin', 'qwe', 'wang.yaoz', 'e.lucasnavarrog', 'songy', 'thackettt', 'plmolina4', 'davidga568', '836054323_wj', 'fmgomez', 'andreasorroche', 'sergiocalo.barranha', 'hariprasanna', 'ch2922', 'akamsali', 'laurenp', 'jbalderasfernandez', 'leoncc', 'kennyxsy', 'niravsurajlal', 'anamconrado', 'paula.mourino', 'tonybocadillosgrandes', 'alexsanchezcast', 'comeseetake', 'chrispvnofficial', 'danielfdezcalo', 'sangkyu.sun', 'rysw5590', 'hit.kamble', 'rakki.datta', 'rubenortega', 'julioug1', 'liuman961021', 'ralfli', 'zakizhou', 'xoangon', 'anselmoantorcha', 'h_elmenier', 'valeriamg', 'wangjianed_1992', 'fran.mosquera.pena', 'fabiolajsanlop', 'dyoh5119', 'mmartinezsanchez', 'e.jojusalo', 'lucamonduzzi96', 'ejg98', 'shikhararvind', 'manuel10suarez10', 'martinzapatamartinez', 'e.ivanlopgar1997', 'abdulhaiyum.f', 'haominl1997', 'david.garrido', 'isaac.dominguez4444', 'juancarlosroutrera', 'japrz', 'ergobe3', 'anar4331', 'mari.paucom', 'lidiadom', 'albertortepin', 'samuelfl', 'melonlzheng', 'pablo.garcia.bas', 'sebastianvromero', 'albertoangulo', 'dariogarred', 'andrea.mendez', 'mgupta15', 'miaocx714', 'zewei', 'fofi94', 'jgm2096', 'esteban.figueroa', 'shizhan.flood', 'watashi.legion', 'sergiogrcsnchz', 'facundobonfiglio', 'exareivaj', 'costasdiego97', 'austinz', 'francisxavgr', 'savardbastien', 'dique', 'zihang', 'sotmas', 'cxiuqi1', 'mihai.pislaru.fisica', 'mihaipx', 'antonionito1993', 'dulguun_021', 'soddy1996', 'al16do06', 'ivan1', 'aliraza2013ee360', 'paula.bolboreta', 'amirbadshah224', 'lianyi96', 'xxxxiaofan', 'qumo4329', 'bulganb28', 'hewutanyuan', 'daviland97', 'yzarni89', 'antoinelegare', 'nuriatellado', 'berzasnon', 'jdanivc', 'pedrobeko98', 'cristinacostas', 'cmoadne', 'roberto.nava', 'martin32', 'policon', 'elviracastillo', 'clara.landesa', 'ludoba2912', 'junwen', 'chenxiwang', 'carlosbesadaromero', 'adec', 'isafdez', 'selena', 'stgermain.b', 'chenre', 'edgarmtz', 'xoanmayo', 'albacosta', 'gbatzorig268', 'a997154508', 'dja19951995']"
1,13,281,7,5,"['marinabm', 'elena.j.g', 'julioug1', 'miguellopezcardenas98', 'dariogarred']",276,"['clarahernandez05f', 'emixose', 'albertoccz', 'lauragdevesa', 'alex_varela_17', 'uxiavelca', 'xxy0501', '9.genest.gabriel', 'simoncarloscartamil', 'joannesy', 'alicia.mosq', 'isaac.carrillo', 'carterkirkendoll', 'dalder', 'gmedina', 'victortorressuch', 'alecorti.pardo', 'campamarin', 'enriquevaliente17', 'elisa.vicenteei', 'miguel_fernandez', 'miguelpinocarmona', 'pablolopezexposito', 'dariogarciaredecillas', 'fernando_ibarra', 'chenxi', 'joeanszxc', 'chwi7664', 'foojorge', 'michaelcameronmcdonald', 'maurobn98', 'aloptor', 'luisbarrios', 'iagopardo97', 'jesslyn', 'guojunxiong25', 'juansans98', 'bgutierrez', 'kong2020', 'martin.gutierrez', 'clarachapela10', 'limengyuanli66', 'manucro10', 'hamza32amar', 'zhs002', 'choikj', 'ee5502', 'pmvd95', 'nivedaksubramanian', 'yingxue58', 'myez', 'henglund', 'yuxian123', 'j.guedegar', 'wtq77', 'marniesan', 'rayoaki7', 'danidm', 'savas', 'juanjoseo', 'alsyaari', 'ionemanuelmoralesrosales', 'jerome.alag', 'zhang.jiayu', 'lluisgonzaga96', 'nuriamj', 'sohamsawant912', 'shihhaotsai', 'fabiola.santos', 'praveens013', 'wanghb', 'e.fisicahamza', 'xiaolei', 'chenyue', 'miri23', 'gonzavt15', 'p.suarez97', 'isaferjim', 'brendaorea15', 'thunaung', 'aidan.rooney17', 'brunolopez', 'juanariza', 'guyu', 'ero15953', 'alyabra', 'floren_ff', 'hdelatorre3524', 'justinegiroux', '2015soham.sawant', 'veronica.castro', 'ryu.j', 'angelaturnes', 'guoxg46', 'jaimedmj', 'caetano.eirea', 'gonzalogbb', 'sstty7', 'pablomd', 'antonio98y', 'luisgfloreslarrea', 'tergel1999', 'e0427406', 'blasern', 'arturocastro94', 'alyabra.vargas', 'pedrogea08', 'danidrivas98', 'melissa5', 'bellmanz', 'xiaode', 'zhaoyu960207', 'iagomoscer', 'pablosande98', 'cytuslll1997', 'mordor', 'claudia.puga', 'feijoomartina', 'essheh', 'mariamfontan', 'pablosempredepor97', 'xhan009', 'pablocrespo11', 'agarviespi', 'sylim1', 'iagomillanentenza', 'elmu6301', 'salamghgh20', 'jinfengleong', 'prra6646', 'aledes', 'lluissanuy', 'pablojosecalvo', 'christsun', 'wmy', 'gkkk6', 'jiaqi.guoguo', 'ottoridemar', 'dang.e', 'bingshengliu', 'chema', 'andrei.luneow01031999', 'alyabra.alejandro', 'noxis986', 'uutty2010', 'anderson.bi', 'juanjotromp', 'alejandromo1610', 'elmanguito', 'jameslin', 'qwe', 'wang.yaoz', 'e.lucasnavarrog', 'songy', 'thackettt', 'plmolina4', 'davidga568', '836054323_wj', 'andreasorroche', 'sergiocalo.barranha', 'hariprasanna', 'ch2922', 'akamsali', 'laurenp', 'jbalderasfernandez', 'leoncc', 'kennyxsy', 'niravsurajlal', 'anamconrado', 'paula.mourino', 'tonybocadillosgrandes', 'alexsanchezcast', 'comeseetake', 'chrispvnofficial', 'danielfdezcalo', 'sangkyu.sun', 'rysw5590', 'hit.kamble', 'rakki.datta', 'rubenortega', 'liuman961021', 'ralfli', 'zakizhou', 'xoangon', 'anselmoantorcha', 'h_elmenier', 'valeriamg', 'wangjianed_1992', 'fran.mosquera.pena', 'fabiolajsanlop', 'dyoh5119', 'mmartinezsanchez', 'e.jojusalo', 'lucamonduzzi96', 'ejg98', 'shikhararvind', 'manuel10suarez10', 'martinzapatamartinez', 'e.ivanlopgar1997', 'abdulhaiyum.f', 'haominl1997', 'david.garrido', 'isaac.dominguez4444', 'juancarlosroutrera', 'japrz', 'ergobe3', 'anar4331', 'mari.paucom', 'lidiadom', 'albertortepin', 'samuelfl', 'melonlzheng', 'pablo.garcia.bas', 'sebastianvromero', 'albertoangulo', 'andrea.mendez', 'mgupta15', 'miaocx714', 'zewei', 'fofi94', 'jgm2096', 'esteban.figueroa', 'shizhan.flood', 'watashi.legion', 'sergiogrcsnchz', 'facundobonfiglio', 'exareivaj', 'costasdiego97', 'austinz', 'francisxavgr', 'savardbastien', 'zihang', 'sotmas', 'cxiuqi1', 'mihai.pislaru.fisica', 'mihaipx', 'antonionito1993', 'dulguun_021', 'soddy1996', 'al16do06', 'ivan1', 'aliraza2013ee360', 'paula.bolboreta', 'amirbadshah224', 'lianyi96', 'xxxxiaofan', 'qumo4329', 'bulganb28', 'hewutanyuan', 'yzarni89', 'antoinelegare', 'nuriatellado', 'berzasnon', 'jdanivc', 'pedrobeko98', 'cristinacostas', 'cmoadne', 'roberto.nava', 'martin32', 'policon', 'elviracastillo', 'clara.landesa', 'ludoba2912', 'junwen', 'chenxiwang', 'carlosbesadaromero', 'adec', 'isafdez', 'stgermain.b', 'chenre', 'edgarmtz', 'xoanmayo', 'albacosta', 'gbatzorig268', 'a997154508', 'dja19951995']",2,"['elena_lopez', 'emilioar']",283,"['marinabm', 'miguellopezcardenas98', 'clarahernandez05f', 'emixose', 'albertoccz', 'lauragdevesa', 'alex_varela_17', 'uxiavelca', 'xxy0501', '9.genest.gabriel', 'simoncarloscartamil', 'joannesy', 'alicia.mosq', 'isaac.carrillo', 'carterkirkendoll', 'dalder', 'gmedina', 'victortorressuch', 'alecorti.pardo', 'campamarin', 'enriquevaliente17', 'elisa.vicenteei', 'miguel_fernandez', 'miguelpinocarmona', 'pablolopezexposito', 'dariogarciaredecillas', 'fernando_ibarra', 'chenxi', 'joeanszxc', 'chwi7664', 'foojorge', 'michaelcameronmcdonald', 'maurobn98', 'aloptor', 'luisbarrios', 'iagopardo97', 'jesslyn', 'guojunxiong25', 'juansans98', 'bgutierrez', 'kong2020', 'martin.gutierrez', 'clarachapela10', 'limengyuanli66', 'manucro10', 'hamza32amar', 'zhs002', 'choikj', 'ee5502', 'pmvd95', 'nivedaksubramanian', 'yingxue58', 'myez', 'henglund', 'elena.j.g', 'yuxian123', 'j.guedegar', 'wtq77', 'marniesan', 'rayoaki7', 'danidm', 'savas', 'juanjoseo', 'alsyaari', 'ionemanuelmoralesrosales', 'jerome.alag', 'zhang.jiayu', 'lluisgonzaga96', 'nuriamj', 'sohamsawant912', 'shihhaotsai', 'fabiola.santos', 'praveens013', 'wanghb', 'elena_lopez', 'e.fisicahamza', 'xiaolei', 'chenyue', 'miri23', 'gonzavt15', 'p.suarez97', 'isaferjim', 'brendaorea15', 'thunaung', 'aidan.rooney17', 'brunolopez', 'juanariza', 'guyu', 'ero15953', 'alyabra', 'floren_ff', 'hdelatorre3524', 'justinegiroux', '2015soham.sawant', 'veronica.castro', 'ryu.j', 'angelaturnes', 'guoxg46', 'jaimedmj', 'caetano.eirea', 'gonzalogbb', 'sstty7', 'pablomd', 'antonio98y', 'luisgfloreslarrea', 'tergel1999', 'e0427406', 'blasern', 'arturocastro94', 'alyabra.vargas', 'pedrogea08', 'danidrivas98', 'melissa5', 'bellmanz', 'xiaode', 'zhaoyu960207', 'iagomoscer', 'pablosande98', 'cytuslll1997', 'mordor', 'claudia.puga', 'feijoomartina', 'essheh', 'mariamfontan', 'pablosempredepor97', 'xhan009', 'pablocrespo11', 'agarviespi', 'sylim1', 'iagomillanentenza', 'elmu6301', 'salamghgh20', 'jinfengleong', 'prra6646', 'aledes', 'lluissanuy', 'pablojosecalvo', 'christsun', 'wmy', 'gkkk6', 'jiaqi.guoguo', 'ottoridemar', 'dang.e', 'bingshengliu', 'chema', 'andrei.luneow01031999', 'alyabra.alejandro', 'emilioar', 'noxis986', 'uutty2010', 'anderson.bi', 'juanjotromp', 'alejandromo1610', 'elmanguito', 'jameslin', 'qwe', 'wang.yaoz', 'e.lucasnavarrog', 'songy', 'thackettt', 'plmolina4', 'davidga568', '836054323_wj', 'andreasorroche', 'sergiocalo.barranha', 'hariprasanna', 'ch2922', 'akamsali', 'laurenp', 'jbalderasfernandez', 'leoncc', 'kennyxsy', 'niravsurajlal', 'anamconrado', 'paula.mourino', 'tonybocadillosgrandes', 'alexsanchezcast', 'comeseetake', 'chrispvnofficial', 'danielfdezcalo', 'sangkyu.sun', 'rysw5590', 'hit.kamble', 'rakki.datta', 'rubenortega', 'julioug1', 'liuman961021', 'ralfli', 'zakizhou', 'xoangon', 'anselmoantorcha', 'h_elmenier', 'valeriamg', 'wangjianed_1992', 'fran.mosquera.pena', 'fabiolajsanlop', 'dyoh5119', 'mmartinezsanchez', 'e.jojusalo', 'lucamonduzzi96', 'ejg98', 'shikhararvind', 'manuel10suarez10', 'martinzapatamartinez', 'e.ivanlopgar1997', 'abdulhaiyum.f', 'haominl1997', 'david.garrido', 'isaac.dominguez4444', 'juancarlosroutrera', 'japrz', 'ergobe3', 'anar4331', 'mari.paucom', 'lidiadom', 'albertortepin', 'samuelfl', 'melonlzheng', 'pablo.garcia.bas', 'sebastianvromero', 'albertoangulo', 'dariogarred', 'andrea.mendez', 'mgupta15', 'miaocx714', 'zewei', 'fofi94', 'jgm2096', 'esteban.figueroa', 'shizhan.flood', 'watashi.legion', 'sergiogrcsnchz', 'facundobonfiglio', 'exareivaj', 'costasdiego97', 'austinz', 'francisxavgr', 'savardbastien', 'zihang', 'sotmas', 'cxiuqi1', 'mihai.pislaru.fisica', 'mihaipx', 'antonionito1993', 'dulguun_021', 'soddy1996', 'al16do06', 'ivan1', 'aliraza2013ee360', 'paula.bolboreta', 'amirbadshah224', 'lianyi96', 'xxxxiaofan', 'qumo4329', 'bulganb28', 'hewutanyuan', 'yzarni89', 'antoinelegare', 'nuriatellado', 'berzasnon', 'jdanivc', 'pedrobeko98', 'cristinacostas', 'cmoadne', 'roberto.nava', 'martin32', 'policon', 'elviracastillo', 'clara.landesa', 'ludoba2912', 'junwen', 'chenxiwang', 'carlosbesadaromero', 'adec', 'isafdez', 'stgermain.b', 'chenre', 'edgarmtz', 'xoanmayo', 'albacosta', 'gbatzorig268', 'a997154508', 'dja19951995']"
1,208,281,7,5,"['danidrivas98', 'albacosta', 'arturocastro94', 'nuriatellado', 'martinzapatamartinez']",276,"['marinabm', 'miguellopezcardenas98', 'clarahernandez05f', 'emixose', 'albertoccz', 'lauragdevesa', 'alex_varela_17', 'uxiavelca', 'xxy0501', '9.genest.gabriel', 'simoncarloscartamil', 'joannesy', 'alicia.mosq', 'isaac.carrillo', 'carterkirkendoll', 'dalder', 'gmedina', 'victortorressuch', 'alecorti.pardo', 'campamarin', 'enriquevaliente17', 'elisa.vicenteei', 'miguel_fernandez', 'miguelpinocarmona', 'pablolopezexposito', 'dariogarciaredecillas', 'fernando_ibarra', 'chenxi', 'joeanszxc', 'chwi7664', 'foojorge', 'michaelcameronmcdonald', 'maurobn98', 'aloptor', 'luisbarrios', 'iagopardo97', 'jesslyn', 'guojunxiong25', 'juansans98', 'bgutierrez', 'kong2020', 'martin.gutierrez', 'clarachapela10', 'limengyuanli66', 'manucro10', 'hamza32amar', 'zhs002', 'choikj', 'ee5502', 'pmvd95', 'nivedaksubramanian', 'yingxue58', 'myez', 'henglund', 'elena.j.g', 'yuxian123', 'j.guedegar', 'wtq77', 'marniesan', 'rayoaki7', 'danidm', 'savas', 'juanjoseo', 'alsyaari', 'ionemanuelmoralesrosales', 'jerome.alag', 'zhang.jiayu', 'lluisgonzaga96', 'nuriamj', 'sohamsawant912', 'shihhaotsai', 'fabiola.santos', 'praveens013', 'wanghb', 'e.fisicahamza', 'xiaolei', 'chenyue', 'miri23', 'gonzavt15', 'p.suarez97', 'isaferjim', 'brendaorea15', 'thunaung', 'aidan.rooney17', 'brunolopez', 'juanariza', 'guyu', 'ero15953', 'alyabra', 'floren_ff', 'hdelatorre3524', 'justinegiroux', '2015soham.sawant', 'veronica.castro', 'ryu.j', 'angelaturnes', 'guoxg46', 'jaimedmj', 'caetano.eirea', 'gonzalogbb', 'sstty7', 'pablomd', 'antonio98y', 'luisgfloreslarrea', 'tergel1999', 'e0427406', 'blasern', 'alyabra.vargas', 'pedrogea08', 'melissa5', 'bellmanz', 'xiaode', 'zhaoyu960207', 'iagomoscer', 'pablosande98', 'cytuslll1997', 'mordor', 'claudia.puga', 'feijoomartina', 'essheh', 'mariamfontan', 'pablosempredepor97', 'xhan009', 'pablocrespo11', 'agarviespi', 'sylim1', 'iagomillanentenza', 'elmu6301', 'salamghgh20', 'jinfengleong', 'prra6646', 'aledes', 'lluissanuy', 'pablojosecalvo', 'christsun', 'wmy', 'gkkk6', 'jiaqi.guoguo', 'ottoridemar', 'dang.e', 'bingshengliu', 'chema', 'andrei.luneow01031999', 'alyabra.alejandro', 'noxis986', 'uutty2010', 'anderson.bi', 'juanjotromp', 'alejandromo1610', 'elmanguito', 'jameslin', 'qwe', 'wang.yaoz', 'e.lucasnavarrog', 'songy', 'thackettt', 'plmolina4', 'davidga568', '836054323_wj', 'andreasorroche', 'sergiocalo.barranha', 'hariprasanna', 'ch2922', 'akamsali', 'laurenp', 'jbalderasfernandez', 'leoncc', 'kennyxsy', 'niravsurajlal', 'anamconrado', 'paula.mourino', 'tonybocadillosgrandes', 'alexsanchezcast', 'comeseetake', 'chrispvnofficial', 'danielfdezcalo', 'sangkyu.sun', 'rysw5590', 'hit.kamble', 'rakki.datta', 'rubenortega', 'julioug1', 'liuman961021', 'ralfli', 'zakizhou', 'xoangon', 'anselmoantorcha', 'h_elmenier', 'valeriamg', 'wangjianed_1992', 'fran.mosquera.pena', 'fabiolajsanlop', 'dyoh5119', 'mmartinezsanchez', 'e.jojusalo', 'lucamonduzzi96', 'ejg98', 'shikhararvind', 'manuel10suarez10', 'e.ivanlopgar1997', 'abdulhaiyum.f', 'haominl1997', 'david.garrido', 'isaac.dominguez4444', 'juancarlosroutrera', 'japrz', 'ergobe3', 'anar4331', 'mari.paucom', 'lidiadom', 'albertortepin', 'samuelfl', 'melonlzheng', 'pablo.garcia.bas', 'sebastianvromero', 'albertoangulo', 'dariogarred', 'andrea.mendez', 'mgupta15', 'miaocx714', 'zewei', 'fofi94', 'jgm2096', 'esteban.figueroa', 'shizhan.flood', 'watashi.legion', 'sergiogrcsnchz', 'facundobonfiglio', 'exareivaj', 'costasdiego97', 'austinz', 'francisxavgr', 'savardbastien', 'zihang', 'sotmas', 'cxiuqi1', 'mihai.pislaru.fisica', 'mihaipx', 'antonionito1993', 'dulguun_021', 'soddy1996', 'al16do06', 'ivan1', 'aliraza2013ee360', 'paula.bolboreta', 'amirbadshah224', 'lianyi96', 'xxxxiaofan', 'qumo4329', 'bulganb28', 'hewutanyuan', 'yzarni89', 'antoinelegare', 'berzasnon', 'jdanivc', 'pedrobeko98', 'cristinacostas', 'cmoadne', 'roberto.nava', 'martin32', 'policon', 'elviracastillo', 'clara.landesa', 'ludoba2912', 'junwen', 'chenxiwang', 'carlosbesadaromero', 'adec', 'isafdez', 'stgermain.b', 'chenre', 'edgarmtz', 'xoanmayo', 'gbatzorig268', 'a997154508', 'dja19951995']",2,"['pedrotouris', 'martinperezmaneiro']",283,"['marinabm', 'miguellopezcardenas98', 'clarahernandez05f', 'emixose', 'albertoccz', 'lauragdevesa', 'alex_varela_17', 'uxiavelca', 'xxy0501', '9.genest.gabriel', 'simoncarloscartamil', 'joannesy', 'alicia.mosq', 'isaac.carrillo', 'carterkirkendoll', 'dalder', 'gmedina', 'victortorressuch', 'alecorti.pardo', 'campamarin', 'enriquevaliente17', 'elisa.vicenteei', 'miguel_fernandez', 'pedrotouris', 'miguelpinocarmona', 'pablolopezexposito', 'dariogarciaredecillas', 'fernando_ibarra', 'chenxi', 'joeanszxc', 'chwi7664', 'foojorge', 'michaelcameronmcdonald', 'maurobn98', 'aloptor', 'luisbarrios', 'iagopardo97', 'jesslyn', 'guojunxiong25', 'juansans98', 'bgutierrez', 'kong2020', 'martin.gutierrez', 'clarachapela10', 'limengyuanli66', 'manucro10', 'hamza32amar', 'zhs002', 'choikj', 'ee5502', 'pmvd95', 'nivedaksubramanian', 'yingxue58', 'myez', 'henglund', 'elena.j.g', 'yuxian123', 'j.guedegar', 'wtq77', 'marniesan', 'rayoaki7', 'danidm', 'savas', 'juanjoseo', 'alsyaari', 'ionemanuelmoralesrosales', 'jerome.alag', 'zhang.jiayu', 'lluisgonzaga96', 'nuriamj', 'sohamsawant912', 'shihhaotsai', 'fabiola.santos', 'praveens013', 'wanghb', 'e.fisicahamza', 'xiaolei', 'chenyue', 'miri23', 'gonzavt15', 'p.suarez97', 'isaferjim', 'brendaorea15', 'thunaung', 'aidan.rooney17', 'brunolopez', 'juanariza', 'guyu', 'ero15953', 'alyabra', 'floren_ff', 'hdelatorre3524', 'justinegiroux', '2015soham.sawant', 'veronica.castro', 'ryu.j', 'angelaturnes', 'guoxg46', 'jaimedmj', 'caetano.eirea', 'gonzalogbb', 'sstty7', 'pablomd', 'antonio98y', 'luisgfloreslarrea', 'tergel1999', 'e0427406', 'blasern', 'arturocastro94', 'alyabra.vargas', 'pedrogea08', 'danidrivas98', 'melissa5', 'bellmanz', 'xiaode', 'zhaoyu960207', 'iagomoscer', 'pablosande98', 'cytuslll1997', 'mordor', 'claudia.puga', 'feijoomartina', 'essheh', 'mariamfontan', 'pablosempredepor97', 'xhan009', 'pablocrespo11', 'agarviespi', 'sylim1', 'iagomillanentenza', 'elmu6301', 'salamghgh20', 'jinfengleong', 'prra6646', 'aledes', 'lluissanuy', 'pablojosecalvo', 'christsun', 'wmy', 'martinperezmaneiro', 'gkkk6', 'jiaqi.guoguo', 'ottoridemar', 'dang.e', 'bingshengliu', 'chema', 'andrei.luneow01031999', 'alyabra.alejandro', 'noxis986', 'uutty2010', 'anderson.bi', 'juanjotromp', 'alejandromo1610', 'elmanguito', 'jameslin', 'qwe', 'wang.yaoz', 'e.lucasnavarrog', 'songy', 'thackettt', 'plmolina4', 'davidga568', '836054323_wj', 'andreasorroche', 'sergiocalo.barranha', 'hariprasanna', 'ch2922', 'akamsali', 'laurenp', 'jbalderasfernandez', 'leoncc', 'kennyxsy', 'niravsurajlal', 'anamconrado', 'paula.mourino', 'tonybocadillosgrandes', 'alexsanchezcast', 'comeseetake', 'chrispvnofficial', 'danielfdezcalo', 'sangkyu.sun', 'rysw5590', 'hit.kamble', 'rakki.datta', 'rubenortega', 'julioug1', 'liuman961021', 'ralfli', 'zakizhou', 'xoangon', 'anselmoantorcha', 'h_elmenier', 'valeriamg', 'wangjianed_1992', 'fran.mosquera.pena', 'fabiolajsanlop', 'dyoh5119', 'mmartinezsanchez', 'e.jojusalo', 'lucamonduzzi96', 'ejg98', 'shikhararvind', 'manuel10suarez10', 'martinzapatamartinez', 'e.ivanlopgar1997', 'abdulhaiyum.f', 'haominl1997', 'david.garrido', 'isaac.dominguez4444', 'juancarlosroutrera', 'japrz', 'ergobe3', 'anar4331', 'mari.paucom', 'lidiadom', 'albertortepin', 'samuelfl', 'melonlzheng', 'pablo.garcia.bas', 'sebastianvromero', 'albertoangulo', 'dariogarred', 'andrea.mendez', 'mgupta15', 'miaocx714', 'zewei', 'fofi94', 'jgm2096', 'esteban.figueroa', 'shizhan.flood', 'watashi.legion', 'sergiogrcsnchz', 'facundobonfiglio', 'exareivaj', 'costasdiego97', 'austinz', 'francisxavgr', 'savardbastien', 'zihang', 'sotmas', 'cxiuqi1', 'mihai.pislaru.fisica', 'mihaipx', 'antonionito1993', 'dulguun_021', 'soddy1996', 'al16do06', 'ivan1', 'aliraza2013ee360', 'paula.bolboreta', 'amirbadshah224', 'lianyi96', 'xxxxiaofan', 'qumo4329', 'bulganb28', 'hewutanyuan', 'yzarni89', 'antoinelegare', 'nuriatellado', 'berzasnon', 'jdanivc', 'pedrobeko98', 'cristinacostas', 'cmoadne', 'roberto.nava', 'martin32', 'policon', 'elviracastillo', 'clara.landesa', 'ludoba2912', 'junwen', 'chenxiwang', 'carlosbesadaromero', 'adec', 'isafdez', 'stgermain.b', 'chenre', 'edgarmtz', 'xoanmayo', 'albacosta', 'gbatzorig268', 'a997154508', 'dja19951995']"
1,26,281,6,5,"['juansans98', 'caetano.eirea', 'miri23', 'sebastianvromero', 'iagomillanentenza']",276,"['marinabm', 'miguellopezcardenas98', 'clarahernandez05f', 'emixose', 'albertoccz', 'lauragdevesa', 'alex_varela_17', 'uxiavelca', 'xxy0501', '9.genest.gabriel', 'simoncarloscartamil', 'joannesy', 'alicia.mosq', 'isaac.carrillo', 'carterkirkendoll', 'dalder', 'gmedina', 'victortorressuch', 'alecorti.pardo', 'campamarin', 'enriquevaliente17', 'elisa.vicenteei', 'miguel_fernandez', 'miguelpinocarmona', 'pablolopezexposito', 'dariogarciaredecillas', 'fernando_ibarra', 'chenxi', 'joeanszxc', 'chwi7664', 'foojorge', 'michaelcameronmcdonald', 'maurobn98', 'aloptor', 'luisbarrios', 'iagopardo97', 'jesslyn', 'guojunxiong25', 'bgutierrez', 'kong2020', 'martin.gutierrez', 'clarachapela10', 'limengyuanli66', 'manucro10', 'hamza32amar', 'zhs002', 'choikj', 'ee5502', 'pmvd95', 'nivedaksubramanian', 'yingxue58', 'myez', 'henglund', 'elena.j.g', 'yuxian123', 'j.guedegar', 'wtq77', 'marniesan', 'rayoaki7', 'danidm', 'savas', 'juanjoseo', 'alsyaari', 'ionemanuelmoralesrosales', 'jerome.alag', 'zhang.jiayu', 'lluisgonzaga96', 'nuriamj', 'sohamsawant912', 'shihhaotsai', 'fabiola.santos', 'praveens013', 'wanghb', 'e.fisicahamza', 'xiaolei', 'chenyue', 'gonzavt15', 'p.suarez97', 'isaferjim', 'brendaorea15', 'thunaung', 'aidan.rooney17', 'brunolopez', 'juanariza', 'guyu', 'ero15953', 'alyabra', 'floren_ff', 'hdelatorre3524', 'justinegiroux', '2015soham.sawant', 'veronica.castro', 'ryu.j', 'angelaturnes', 'guoxg46', 'jaimedmj', 'gonzalogbb', 'sstty7', 'pablomd', 'antonio98y', 'luisgfloreslarrea', 'tergel1999', 'e0427406', 'blasern', 'arturocastro94', 'alyabra.vargas', 'pedrogea08', 'danidrivas98', 'melissa5', 'bellmanz', 'xiaode', 'zhaoyu960207', 'iagomoscer', 'pablosande98', 'cytuslll1997', 'mordor', 'claudia.puga', 'feijoomartina', 'essheh', 'mariamfontan', 'pablosempredepor97', 'xhan009', 'pablocrespo11', 'agarviespi', 'sylim1', 'elmu6301', 'salamghgh20', 'jinfengleong', 'prra6646', 'aledes', 'lluissanuy', 'pablojosecalvo', 'christsun', 'wmy', 'gkkk6', 'jiaqi.guoguo', 'ottoridemar', 'dang.e', 'bingshengliu', 'chema', 'andrei.luneow01031999', 'alyabra.alejandro', 'noxis986', 'uutty2010', 'anderson.bi', 'juanjotromp', 'alejandromo1610', 'elmanguito', 'jameslin', 'qwe', 'wang.yaoz', 'e.lucasnavarrog', 'songy', 'thackettt', 'plmolina4', 'davidga568', '836054323_wj', 'andreasorroche', 'sergiocalo.barranha', 'hariprasanna', 'ch2922', 'akamsali', 'laurenp', 'jbalderasfernandez', 'leoncc', 'kennyxsy', 'niravsurajlal', 'anamconrado', 'paula.mourino', 'tonybocadillosgrandes', 'alexsanchezcast', 'comeseetake', 'chrispvnofficial', 'danielfdezcalo', 'sangkyu.sun', 'rysw5590', 'hit.kamble', 'rakki.datta', 'rubenortega', 'julioug1', 'liuman961021', 'ralfli', 'zakizhou', 'xoangon', 'anselmoantorcha', 'h_elmenier', 'valeriamg', 'wangjianed_1992', 'fran.mosquera.pena', 'fabiolajsanlop', 'dyoh5119', 'mmartinezsanchez', 'e.jojusalo', 'lucamonduzzi96', 'ejg98', 'shikhararvind', 'manuel10suarez10', 'martinzapatamartinez', 'e.ivanlopgar1997', 'abdulhaiyum.f', 'haominl1997', 'david.garrido', 'isaac.dominguez4444', 'juancarlosroutrera', 'japrz', 'ergobe3', 'anar4331', 'mari.paucom', 'lidiadom', 'albertortepin', 'samuelfl', 'melonlzheng', 'pablo.garcia.bas', 'albertoangulo', 'dariogarred', 'andrea.mendez', 'mgupta15', 'miaocx714', 'zewei', 'fofi94', 'jgm2096', 'esteban.figueroa', 'shizhan.flood', 'watashi.legion', 'sergiogrcsnchz', 'facundobonfiglio', 'exareivaj', 'costasdiego97', 'austinz', 'francisxavgr', 'savardbastien', 'zihang', 'sotmas', 'cxiuqi1', 'mihai.pislaru.fisica', 'mihaipx', 'antonionito1993', 'dulguun_021', 'soddy1996', 'al16do06', 'ivan1', 'aliraza2013ee360', 'paula.bolboreta', 'amirbadshah224', 'lianyi96', 'xxxxiaofan', 'qumo4329', 'bulganb28', 'hewutanyuan', 'yzarni89', 'antoinelegare', 'nuriatellado', 'berzasnon', 'jdanivc', 'pedrobeko98', 'cristinacostas', 'cmoadne', 'roberto.nava', 'martin32', 'policon', 'elviracastillo', 'clara.landesa', 'ludoba2912', 'junwen', 'chenxiwang', 'carlosbesadaromero', 'adec', 'isafdez', 'stgermain.b', 'chenre', 'edgarmtz', 'xoanmayo', 'albacosta', 'gbatzorig268', 'a997154508', 'dja19951995']",1,['jesusgiraldez'],282,"['marinabm', 'miguellopezcardenas98', 'clarahernandez05f', 'emixose', 'albertoccz', 'lauragdevesa', 'alex_varela_17', 'uxiavelca', 'xxy0501', '9.genest.gabriel', 'simoncarloscartamil', 'joannesy', 'alicia.mosq', 'isaac.carrillo', 'carterkirkendoll', 'dalder', 'gmedina', 'victortorressuch', 'alecorti.pardo', 'campamarin', 'enriquevaliente17', 'elisa.vicenteei', 'miguel_fernandez', 'miguelpinocarmona', 'pablolopezexposito', 'dariogarciaredecillas', 'fernando_ibarra', 'chenxi', 'joeanszxc', 'chwi7664', 'foojorge', 'michaelcameronmcdonald', 'maurobn98', 'aloptor', 'luisbarrios', 'iagopardo97', 'jesslyn', 'guojunxiong25', 'juansans98', 'bgutierrez', 'kong2020', 'martin.gutierrez', 'clarachapela10', 'limengyuanli66', 'manucro10', 'hamza32amar', 'zhs002', 'choikj', 'ee5502', 'pmvd95', 'nivedaksubramanian', 'yingxue58', 'myez', 'henglund', 'elena.j.g', 'yuxian123', 'j.guedegar', 'wtq77', 'marniesan', 'rayoaki7', 'danidm', 'savas', 'juanjoseo', 'alsyaari', 'ionemanuelmoralesrosales', 'jerome.alag', 'zhang.jiayu', 'lluisgonzaga96', 'nuriamj', 'sohamsawant912', 'shihhaotsai', 'fabiola.santos', 'praveens013', 'wanghb', 'e.fisicahamza', 'xiaolei', 'chenyue', 'miri23', 'gonzavt15', 'p.suarez97', 'isaferjim', 'brendaorea15', 'thunaung', 'aidan.rooney17', 'brunolopez', 'juanariza', 'guyu', 'ero15953', 'alyabra', 'floren_ff', 'hdelatorre3524', 'justinegiroux', '2015soham.sawant', 'veronica.castro', 'ryu.j', 'angelaturnes', 'guoxg46', 'jaimedmj', 'caetano.eirea', 'gonzalogbb', 'sstty7', 'pablomd', 'antonio98y', 'luisgfloreslarrea', 'tergel1999', 'e0427406', 'blasern', 'arturocastro94', 'alyabra.vargas', 'pedrogea08', 'danidrivas98', 'melissa5', 'bellmanz', 'xiaode', 'zhaoyu960207', 'iagomoscer', 'pablosande98', 'cytuslll1997', 'mordor', 'claudia.puga', 'feijoomartina', 'essheh', 'mariamfontan', 'pablosempredepor97', 'xhan009', 'pablocrespo11', 'agarviespi', 'sylim1', 'iagomillanentenza', 'elmu6301', 'salamghgh20', 'jinfengleong', 'prra6646', 'aledes', 'lluissanuy', 'pablojosecalvo', 'christsun', 'wmy', 'gkkk6', 'jiaqi.guoguo', 'ottoridemar', 'dang.e', 'bingshengliu', 'chema', 'andrei.luneow01031999', 'alyabra.alejandro', 'noxis986', 'uutty2010', 'anderson.bi', 'juanjotromp', 'alejandromo1610', 'elmanguito', 'jameslin', 'qwe', 'wang.yaoz', 'e.lucasnavarrog', 'songy', 'thackettt', 'plmolina4', 'davidga568', '836054323_wj', 'andreasorroche', 'sergiocalo.barranha', 'hariprasanna', 'ch2922', 'akamsali', 'laurenp', 'jbalderasfernandez', 'leoncc', 'kennyxsy', 'niravsurajlal', 'anamconrado', 'paula.mourino', 'tonybocadillosgrandes', 'alexsanchezcast', 'comeseetake', 'chrispvnofficial', 'danielfdezcalo', 'sangkyu.sun', 'rysw5590', 'hit.kamble', 'rakki.datta', 'rubenortega', 'julioug1', 'liuman961021', 'ralfli', 'zakizhou', 'xoangon', 'anselmoantorcha', 'h_elmenier', 'valeriamg', 'wangjianed_1992', 'fran.mosquera.pena', 'fabiolajsanlop', 'dyoh5119', 'mmartinezsanchez', 'e.jojusalo', 'lucamonduzzi96', 'ejg98', 'shikhararvind', 'manuel10suarez10', 'martinzapatamartinez', 'jesusgiraldez', 'e.ivanlopgar1997', 'abdulhaiyum.f', 'haominl1997', 'david.garrido', 'isaac.dominguez4444', 'juancarlosroutrera', 'japrz', 'ergobe3', 'anar4331', 'mari.paucom', 'lidiadom', 'albertortepin', 'samuelfl', 'melonlzheng', 'pablo.garcia.bas', 'sebastianvromero', 'albertoangulo', 'dariogarred', 'andrea.mendez', 'mgupta15', 'miaocx714', 'zewei', 'fofi94', 'jgm2096', 'esteban.figueroa', 'shizhan.flood', 'watashi.legion', 'sergiogrcsnchz', 'facundobonfiglio', 'exareivaj', 'costasdiego97', 'austinz', 'francisxavgr', 'savardbastien', 'zihang', 'sotmas', 'cxiuqi1', 'mihai.pislaru.fisica', 'mihaipx', 'antonionito1993', 'dulguun_021', 'soddy1996', 'al16do06', 'ivan1', 'aliraza2013ee360', 'paula.bolboreta', 'amirbadshah224', 'lianyi96', 'xxxxiaofan', 'qumo4329', 'bulganb28', 'hewutanyuan', 'yzarni89', 'antoinelegare', 'nuriatellado', 'berzasnon', 'jdanivc', 'pedrobeko98', 'cristinacostas', 'cmoadne', 'roberto.nava', 'martin32', 'policon', 'elviracastillo', 'clara.landesa', 'ludoba2912', 'junwen', 'chenxiwang', 'carlosbesadaromero', 'adec', 'isafdez', 'stgermain.b', 'chenre', 'edgarmtz', 'xoanmayo', 'albacosta', 'gbatzorig268', 'a997154508', 'dja19951995']"
2,171,243,7,6,"['wangxinjunsdu', 'wbbeeson', 'olafvanterve', 'enrique.cobas', 'dohar001', 'dgporter']",237,"['oommfylhuang', 'harrywang003', 'sd538', 'pomme', 'jaivardr', 'yingyingwu', 'rcbhatt', 'prendevl', '234gauravshukla', 'rjangid', 'abirshadman', 'liacompton', 'ebhatia', 'fenx', 'abbasah', 'subhashreesatapathy059', 'zenobius01', 'iaharris', 'kurdulla', 'nishthavats', 'eduardo.saavedra.d', 'songck107', 'ansar.awan4256', 'moditma', 'dmarcini88', 'jonathongeorgesmith98', 'kateel18', 'mzubair', 'k18111003', 'gabomicro9', 'eloi.haltz', 'devkapil108', 'arunabhmukherjee2', 'h4ren', 'crong', 'sherry96', 'dmitry_glydelov', 'nadim.chow', 'yuhuastonefu', 'koolman2', 'ssebold', 'sini300', 'kkhuang95', 'drdario_usf', 'cristopher.morales', 'ffranco', 'jamal9235', 'minaxiiiserm', 'souravsh92', 'eravera', 'anamhanif', 'fredrendell7', 'pooh6836', 'coiodilia', 'sabantirpanci', 'raghavposti', 'ricop234', 'msilva6', 'viratmehta', 'hohldag', 'mohammed920721', 'm7deeb', 'noeminovello', 'arnayiciar', 'rdutra87', 'yuhang', 'polinadybina', 'kevon20', 'samoberdick', 'fritchb', 'karetta', 'ph19resch11002', 'litsardakis', 'abhilash.mishra', 'monicam.salazarc', 'smcvitie', 'vg264', 'pietro.carrara', 'daichangting', 'oscariglesias', 'diegoalba', 'jehong', 'anija_mary_04', 'durgamadhab', 'fabel', 'maccallumr', 'nirjharb', 'zriedel2', 'mmishner', 'fedorov.andrei', 'chaos57', 'sutapa12', 'kawakami.15', 'prabhanjandk', 'miss.namrata08', 'changming', 'ankitphy', 'jmhong', 'abhimahour72', 'lee02752', 'cristirotarescu10', 'frantze', 'pmcgary', 'jisoo.moon.mr', 'dearsomesh', 'maximelecomte', 'dedicated9q', 'astuart7', 'eckbergc', 'danilasl', 'mattcarey', 'majednashaat', 'fabiasta229', 'ahight', 'zhou0528', 'franciscoayalarodriguez', 'joelin20202', 'huan1746', 'dlwzxdl', 'rrawat', 'jeremy93808', 'margostaruch', 'wsgyzyl', 'robinchiu', 'cmoralesc', 'jychoi607', 'rlt013', 'yx322', 'djesahell', '9azazel', 'cenxiaoquan', 'davidnavasotero', 'tao123', 'bazilevich', 'mazheng2016', 'bangarhimanshu9', 'cenxiaoxiao', 'mmvf', 'enboz1', 'remi.lierdeman', 'colehardy4059', 'jinukurian13', 'pedro.david.28', 'jx750', 'wfang3', 'jpsinnecker', 'ariam.mora', 'fugutian', 'alfredo_garcia_arribas', 'abhisek602', 'ec2886', 'semori', 'd.k.de.wal', 'jiangsheng0908', 'pradeep1', 'xxu50', 'prashanthchitimireddy', 'yl664', 'mhdguimaraes', 'scooter', 'sladak', 'kang_wang', 'dguarisco', '2017312xie', 'ql63', 'muduli.ps', 'cenxiao', 'junyiwu2', 'matia90', 'wagled', 'mohamad.neari', 'p_das', 'emilie.jue', 'farenheit.200', 'liux1872', 'akashtfl15', 'claudia.negrete', 'sai.mu1986321', 'bloom261', 'chaurasiyaavinash679', 'sayakdg1', 'nunocacoilo', 'christian.rinaldi', 'jsshim2', 'bnepal2020', 'jpdomann', 'liuxiaocen', 'debi_rianto', 'cpsaroud', 'bcmcgold', 'ericliu1986', 'cheekibreeki', 'das.shekhar89', 'phacl', 'dvaz', 'kwiegand', 'm_golebiewski', 'dmechael', 'nishashahi', 'eduardo.fernandez', 'apokhrel', 'mmwinchell', 'agrama', '945247824a', 'crrcrrc', 'cenliu', 'joshchou', 'vipulsharma110', 'mguo016', 'inyang180', 'venug012', 'loic.adrien.broyer', 'vanbeeksimon', 'imuwys', 'jrsoruco', 'ph19resch02004', 'hjang', 'adamgw', 'mdrogers', 'sreya.pal64', 'cheng.1360', 'jyotisaini26021992', 'zxiao2015', 'alishirisich', 'szanjani16', 'zhang_qi', 'fjrdz7', 'veronica.bahoz', 'ssandhoefner3', 'gabriel.chaves', 'physicsjc', 'njaggi', 'rotarescucristian', 'smithd22', 'kpmondal', 'fvilsmeier', 'mamangyuan']",1,['mjdonahue'],244,"['oommfylhuang', 'harrywang003', 'sd538', 'pomme', 'jaivardr', 'yingyingwu', 'rcbhatt', 'prendevl', '234gauravshukla', 'rjangid', 'abirshadman', 'liacompton', 'ebhatia', 'fenx', 'abbasah', 'subhashreesatapathy059', 'zenobius01', 'iaharris', 'kurdulla', 'nishthavats', 'eduardo.saavedra.d', 'songck107', 'ansar.awan4256', 'moditma', 'dmarcini88', 'jonathongeorgesmith98', 'kateel18', 'mzubair', 'k18111003', 'gabomicro9', 'eloi.haltz', 'devkapil108', 'arunabhmukherjee2', 'olafvanterve', 'h4ren', 'crong', 'sherry96', 'dmitry_glydelov', 'nadim.chow', 'yuhuastonefu', 'koolman2', 'ssebold', 'sini300', 'kkhuang95', 'drdario_usf', 'cristopher.morales', 'ffranco', 'jamal9235', 'minaxiiiserm', 'souravsh92', 'eravera', 'anamhanif', 'fredrendell7', 'pooh6836', 'coiodilia', 'sabantirpanci', 'raghavposti', 'ricop234', 'msilva6', 'viratmehta', 'hohldag', 'mohammed920721', 'm7deeb', 'noeminovello', 'arnayiciar', 'rdutra87', 'yuhang', 'polinadybina', 'kevon20', 'samoberdick', 'fritchb', 'karetta', 'ph19resch11002', 'litsardakis', 'abhilash.mishra', 'monicam.salazarc', 'smcvitie', 'vg264', 'pietro.carrara', 'daichangting', 'oscariglesias', 'diegoalba', 'jehong', 'anija_mary_04', 'durgamadhab', 'fabel', 'maccallumr', 'nirjharb', 'zriedel2', 'mmishner', 'fedorov.andrei', 'chaos57', 'sutapa12', 'kawakami.15', 'prabhanjandk', 'miss.namrata08', 'changming', 'ankitphy', 'jmhong', 'abhimahour72', 'lee02752', 'cristirotarescu10', 'frantze', 'pmcgary', 'jisoo.moon.mr', 'dearsomesh', 'maximelecomte', 'dedicated9q', 'astuart7', 'eckbergc', 'danilasl', 'mattcarey', 'majednashaat', 'fabiasta229', 'ahight', 'zhou0528', 'franciscoayalarodriguez', 'joelin20202', 'huan1746', 'dlwzxdl', 'rrawat', 'jeremy93808', 'margostaruch', 'wsgyzyl', 'robinchiu', 'cmoralesc', 'jychoi607', 'rlt013', 'yx322', 'djesahell', '9azazel', 'cenxiaoquan', 'davidnavasotero', 'tao123', 'bazilevich', 'mazheng2016', 'bangarhimanshu9', 'cenxiaoxiao', 'mmvf', 'enboz1', 'remi.lierdeman', 'colehardy4059', 'jinukurian13', 'pedro.david.28', 'jx750', 'wfang3', 'dgporter', 'jpsinnecker', 'ariam.mora', 'fugutian', 'alfredo_garcia_arribas', 'abhisek602', 'ec2886', 'semori', 'd.k.de.wal', 'jiangsheng0908', 'pradeep1', 'xxu50', 'prashanthchitimireddy', 'yl664', 'mhdguimaraes', 'scooter', 'sladak', 'kang_wang', 'dguarisco', '2017312xie', 'ql63', 'muduli.ps', 'cenxiao', 'junyiwu2', 'matia90', 'wangxinjunsdu', 'wagled', 'mohamad.neari', 'p_das', 'emilie.jue', 'farenheit.200', 'liux1872', 'akashtfl15', 'claudia.negrete', 'sai.mu1986321', 'bloom261', 'chaurasiyaavinash679', 'sayakdg1', 'nunocacoilo', 'christian.rinaldi', 'wbbeeson', 'jsshim2', 'bnepal2020', 'jpdomann', 'liuxiaocen', 'debi_rianto', 'cpsaroud', 'bcmcgold', 'ericliu1986', 'cheekibreeki', 'das.shekhar89', 'phacl', 'dvaz', 'kwiegand', 'm_golebiewski', 'dmechael', 'nishashahi', 'eduardo.fernandez', 'apokhrel', 'mmwinchell', 'agrama', '945247824a', 'crrcrrc', 'cenliu', 'joshchou', 'vipulsharma110', 'mguo016', 'inyang180', 'venug012', 'loic.adrien.broyer', 'vanbeeksimon', 'imuwys', 'jrsoruco', 'ph19resch02004', 'hjang', 'adamgw', 'mdrogers', 'sreya.pal64', 'cheng.1360', 'jyotisaini26021992', 'zxiao2015', 'alishirisich', 'szanjani16', 'mjdonahue', 'zhang_qi', 'fjrdz7', 'enrique.cobas', 'dohar001', 'veronica.bahoz', 'ssandhoefner3', 'gabriel.chaves', 'physicsjc', 'njaggi', 'rotarescucristian', 'smithd22', 'kpmondal', 'fvilsmeier', 'mamangyuan']"
2,172,243,7,5,"['oommfylhuang', 'jehong', 'fenx', 'jmhong', 'hohldag']",238,"['harrywang003', 'sd538', 'pomme', 'jaivardr', 'yingyingwu', 'rcbhatt', 'prendevl', '234gauravshukla', 'rjangid', 'abirshadman', 'liacompton', 'ebhatia', 'abbasah', 'subhashreesatapathy059', 'zenobius01', 'iaharris', 'kurdulla', 'nishthavats', 'eduardo.saavedra.d', 'songck107', 'ansar.awan4256', 'moditma', 'dmarcini88', 'jonathongeorgesmith98', 'kateel18', 'mzubair', 'k18111003', 'gabomicro9', 'eloi.haltz', 'devkapil108', 'arunabhmukherjee2', 'olafvanterve', 'h4ren', 'crong', 'sherry96', 'dmitry_glydelov', 'nadim.chow', 'yuhuastonefu', 'koolman2', 'ssebold', 'sini300', 'kkhuang95', 'drdario_usf', 'cristopher.morales', 'ffranco', 'jamal9235', 'minaxiiiserm', 'souravsh92', 'eravera', 'anamhanif', 'fredrendell7', 'pooh6836', 'coiodilia', 'sabantirpanci', 'raghavposti', 'ricop234', 'msilva6', 'viratmehta', 'mohammed920721', 'm7deeb', 'noeminovello', 'arnayiciar', 'rdutra87', 'yuhang', 'polinadybina', 'kevon20', 'samoberdick', 'fritchb', 'karetta', 'ph19resch11002', 'litsardakis', 'abhilash.mishra', 'monicam.salazarc', 'smcvitie', 'vg264', 'pietro.carrara', 'daichangting', 'oscariglesias', 'diegoalba', 'anija_mary_04', 'durgamadhab', 'fabel', 'maccallumr', 'nirjharb', 'zriedel2', 'mmishner', 'fedorov.andrei', 'chaos57', 'sutapa12', 'kawakami.15', 'prabhanjandk', 'miss.namrata08', 'changming', 'ankitphy', 'abhimahour72', 'lee02752', 'cristirotarescu10', 'frantze', 'pmcgary', 'jisoo.moon.mr', 'dearsomesh', 'maximelecomte', 'dedicated9q', 'astuart7', 'eckbergc', 'danilasl', 'mattcarey', 'majednashaat', 'fabiasta229', 'ahight', 'zhou0528', 'franciscoayalarodriguez', 'joelin20202', 'huan1746', 'dlwzxdl', 'rrawat', 'jeremy93808', 'margostaruch', 'wsgyzyl', 'robinchiu', 'cmoralesc', 'jychoi607', 'rlt013', 'yx322', 'djesahell', '9azazel', 'cenxiaoquan', 'davidnavasotero', 'tao123', 'bazilevich', 'mazheng2016', 'bangarhimanshu9', 'cenxiaoxiao', 'mmvf', 'enboz1', 'remi.lierdeman', 'colehardy4059', 'jinukurian13', 'pedro.david.28', 'jx750', 'wfang3', 'dgporter', 'jpsinnecker', 'ariam.mora', 'fugutian', 'alfredo_garcia_arribas', 'abhisek602', 'ec2886', 'semori', 'd.k.de.wal', 'jiangsheng0908', 'pradeep1', 'xxu50', 'prashanthchitimireddy', 'yl664', 'mhdguimaraes', 'scooter', 'sladak', 'kang_wang', 'dguarisco', '2017312xie', 'ql63', 'muduli.ps', 'cenxiao', 'junyiwu2', 'matia90', 'wangxinjunsdu', 'wagled', 'mohamad.neari', 'p_das', 'emilie.jue', 'farenheit.200', 'liux1872', 'akashtfl15', 'claudia.negrete', 'sai.mu1986321', 'bloom261', 'chaurasiyaavinash679', 'sayakdg1', 'nunocacoilo', 'christian.rinaldi', 'wbbeeson', 'jsshim2', 'bnepal2020', 'jpdomann', 'liuxiaocen', 'debi_rianto', 'cpsaroud', 'bcmcgold', 'ericliu1986', 'cheekibreeki', 'das.shekhar89', 'phacl', 'dvaz', 'kwiegand', 'm_golebiewski', 'dmechael', 'nishashahi', 'eduardo.fernandez', 'apokhrel', 'mmwinchell', 'agrama', '945247824a', 'crrcrrc', 'cenliu', 'joshchou', 'vipulsharma110', 'mguo016', 'inyang180', 'venug012', 'loic.adrien.broyer', 'vanbeeksimon', 'imuwys', 'jrsoruco', 'ph19resch02004', 'hjang', 'adamgw', 'mdrogers', 'sreya.pal64', 'cheng.1360', 'jyotisaini26021992', 'zxiao2015', 'alishirisich', 'szanjani16', 'zhang_qi', 'fjrdz7', 'enrique.cobas', 'dohar001', 'veronica.bahoz', 'ssandhoefner3', 'gabriel.chaves', 'physicsjc', 'njaggi', 'rotarescucristian', 'smithd22', 'kpmondal', 'fvilsmeier', 'mamangyuan']",2,"['justicofking', 'yenlin.jack.huang']",245,"['oommfylhuang', 'harrywang003', 'sd538', 'pomme', 'jaivardr', 'yingyingwu', 'rcbhatt', 'prendevl', '234gauravshukla', 'rjangid', 'abirshadman', 'liacompton', 'ebhatia', 'fenx', 'abbasah', 'subhashreesatapathy059', 'zenobius01', 'iaharris', 'kurdulla', 'nishthavats', 'eduardo.saavedra.d', 'songck107', 'ansar.awan4256', 'moditma', 'dmarcini88', 'jonathongeorgesmith98', 'kateel18', 'mzubair', 'k18111003', 'gabomicro9', 'eloi.haltz', 'devkapil108', 'arunabhmukherjee2', 'olafvanterve', 'h4ren', 'crong', 'sherry96', 'dmitry_glydelov', 'nadim.chow', 'yuhuastonefu', 'koolman2', 'ssebold', 'sini300', 'kkhuang95', 'drdario_usf', 'cristopher.morales', 'ffranco', 'jamal9235', 'minaxiiiserm', 'souravsh92', 'eravera', 'anamhanif', 'fredrendell7', 'pooh6836', 'coiodilia', 'sabantirpanci', 'raghavposti', 'ricop234', 'msilva6', 'viratmehta', 'hohldag', 'mohammed920721', 'm7deeb', 'noeminovello', 'arnayiciar', 'rdutra87', 'yuhang', 'polinadybina', 'kevon20', 'samoberdick', 'fritchb', 'karetta', 'ph19resch11002', 'litsardakis', 'abhilash.mishra', 'monicam.salazarc', 'smcvitie', 'vg264', 'pietro.carrara', 'daichangting', 'oscariglesias', 'diegoalba', 'jehong', 'anija_mary_04', 'durgamadhab', 'fabel', 'maccallumr', 'nirjharb', 'zriedel2', 'mmishner', 'fedorov.andrei', 'chaos57', 'sutapa12', 'kawakami.15', 'prabhanjandk', 'miss.namrata08', 'changming', 'ankitphy', 'jmhong', 'abhimahour72', 'lee02752', 'cristirotarescu10', 'frantze', 'pmcgary', 'jisoo.moon.mr', 'justicofking', 'dearsomesh', 'maximelecomte', 'dedicated9q', 'astuart7', 'eckbergc', 'danilasl', 'mattcarey', 'majednashaat', 'fabiasta229', 'ahight', 'zhou0528', 'franciscoayalarodriguez', 'joelin20202', 'huan1746', 'dlwzxdl', 'rrawat', 'jeremy93808', 'margostaruch', 'wsgyzyl', 'robinchiu', 'cmoralesc', 'jychoi607', 'rlt013', 'yx322', 'djesahell', '9azazel', 'cenxiaoquan', 'davidnavasotero', 'tao123', 'bazilevich', 'mazheng2016', 'bangarhimanshu9', 'cenxiaoxiao', 'mmvf', 'enboz1', 'remi.lierdeman', 'colehardy4059', 'jinukurian13', 'pedro.david.28', 'jx750', 'wfang3', 'dgporter', 'jpsinnecker', 'ariam.mora', 'fugutian', 'alfredo_garcia_arribas', 'abhisek602', 'ec2886', 'semori', 'd.k.de.wal', 'jiangsheng0908', 'pradeep1', 'xxu50', 'prashanthchitimireddy', 'yl664', 'mhdguimaraes', 'scooter', 'sladak', 'kang_wang', 'dguarisco', '2017312xie', 'ql63', 'muduli.ps', 'cenxiao', 'junyiwu2', 'matia90', 'wangxinjunsdu', 'wagled', 'mohamad.neari', 'yenlin.jack.huang', 'p_das', 'emilie.jue', 'farenheit.200', 'liux1872', 'akashtfl15', 'claudia.negrete', 'sai.mu1986321', 'bloom261', 'chaurasiyaavinash679', 'sayakdg1', 'nunocacoilo', 'christian.rinaldi', 'wbbeeson', 'jsshim2', 'bnepal2020', 'jpdomann', 'liuxiaocen', 'debi_rianto', 'cpsaroud', 'bcmcgold', 'ericliu1986', 'cheekibreeki', 'das.shekhar89', 'phacl', 'dvaz', 'kwiegand', 'm_golebiewski', 'dmechael', 'nishashahi', 'eduardo.fernandez', 'apokhrel', 'mmwinchell', 'agrama', '945247824a', 'crrcrrc', 'cenliu', 'joshchou', 'vipulsharma110', 'mguo016', 'inyang180', 'venug012', 'loic.adrien.broyer', 'vanbeeksimon', 'imuwys', 'jrsoruco', 'ph19resch02004', 'hjang', 'adamgw', 'mdrogers', 'sreya.pal64', 'cheng.1360', 'jyotisaini26021992', 'zxiao2015', 'alishirisich', 'szanjani16', 'zhang_qi', 'fjrdz7', 'enrique.cobas', 'dohar001', 'veronica.bahoz', 'ssandhoefner3', 'gabriel.chaves', 'physicsjc', 'njaggi', 'rotarescucristian', 'smithd22', 'kpmondal', 'fvilsmeier', 'mamangyuan']"
2,170,243,6,6,"['semori', 'jpdomann', 'pooh6836', 'fjrdz7', 'smithd22', 'wsgyzyl']",237,"['oommfylhuang', 'harrywang003', 'sd538', 'pomme', 'jaivardr', 'yingyingwu', 'rcbhatt', 'prendevl', '234gauravshukla', 'rjangid', 'abirshadman', 'liacompton', 'ebhatia', 'fenx', 'abbasah', 'subhashreesatapathy059', 'zenobius01', 'iaharris', 'kurdulla', 'nishthavats', 'eduardo.saavedra.d', 'songck107', 'ansar.awan4256', 'moditma', 'dmarcini88', 'jonathongeorgesmith98', 'kateel18', 'mzubair', 'k18111003', 'gabomicro9', 'eloi.haltz', 'devkapil108', 'arunabhmukherjee2', 'olafvanterve', 'h4ren', 'crong', 'sherry96', 'dmitry_glydelov', 'nadim.chow', 'yuhuastonefu', 'koolman2', 'ssebold', 'sini300', 'kkhuang95', 'drdario_usf', 'cristopher.morales', 'ffranco', 'jamal9235', 'minaxiiiserm', 'souravsh92', 'eravera', 'anamhanif', 'fredrendell7', 'coiodilia', 'sabantirpanci', 'raghavposti', 'ricop234', 'msilva6', 'viratmehta', 'hohldag', 'mohammed920721', 'm7deeb', 'noeminovello', 'arnayiciar', 'rdutra87', 'yuhang', 'polinadybina', 'kevon20', 'samoberdick', 'fritchb', 'karetta', 'ph19resch11002', 'litsardakis', 'abhilash.mishra', 'monicam.salazarc', 'smcvitie', 'vg264', 'pietro.carrara', 'daichangting', 'oscariglesias', 'diegoalba', 'jehong', 'anija_mary_04', 'durgamadhab', 'fabel', 'maccallumr', 'nirjharb', 'zriedel2', 'mmishner', 'fedorov.andrei', 'chaos57', 'sutapa12', 'kawakami.15', 'prabhanjandk', 'miss.namrata08', 'changming', 'ankitphy', 'jmhong', 'abhimahour72', 'lee02752', 'cristirotarescu10', 'frantze', 'pmcgary', 'jisoo.moon.mr', 'dearsomesh', 'maximelecomte', 'dedicated9q', 'astuart7', 'eckbergc', 'danilasl', 'mattcarey', 'majednashaat', 'fabiasta229', 'ahight', 'zhou0528', 'franciscoayalarodriguez', 'joelin20202', 'huan1746', 'dlwzxdl', 'rrawat', 'jeremy93808', 'margostaruch', 'robinchiu', 'cmoralesc', 'jychoi607', 'rlt013', 'yx322', 'djesahell', '9azazel', 'cenxiaoquan', 'davidnavasotero', 'tao123', 'bazilevich', 'mazheng2016', 'bangarhimanshu9', 'cenxiaoxiao', 'mmvf', 'enboz1', 'remi.lierdeman', 'colehardy4059', 'jinukurian13', 'pedro.david.28', 'jx750', 'wfang3', 'dgporter', 'jpsinnecker', 'ariam.mora', 'fugutian', 'alfredo_garcia_arribas', 'abhisek602', 'ec2886', 'd.k.de.wal', 'jiangsheng0908', 'pradeep1', 'xxu50', 'prashanthchitimireddy', 'yl664', 'mhdguimaraes', 'scooter', 'sladak', 'kang_wang', 'dguarisco', '2017312xie', 'ql63', 'muduli.ps', 'cenxiao', 'junyiwu2', 'matia90', 'wangxinjunsdu', 'wagled', 'mohamad.neari', 'p_das', 'emilie.jue', 'farenheit.200', 'liux1872', 'akashtfl15', 'claudia.negrete', 'sai.mu1986321', 'bloom261', 'chaurasiyaavinash679', 'sayakdg1', 'nunocacoilo', 'christian.rinaldi', 'wbbeeson', 'jsshim2', 'bnepal2020', 'liuxiaocen', 'debi_rianto', 'cpsaroud', 'bcmcgold', 'ericliu1986', 'cheekibreeki', 'das.shekhar89', 'phacl', 'dvaz', 'kwiegand', 'm_golebiewski', 'dmechael', 'nishashahi', 'eduardo.fernandez', 'apokhrel', 'mmwinchell', 'agrama', '945247824a', 'crrcrrc', 'cenliu', 'joshchou', 'vipulsharma110', 'mguo016', 'inyang180', 'venug012', 'loic.adrien.broyer', 'vanbeeksimon', 'imuwys', 'jrsoruco', 'ph19resch02004', 'hjang', 'adamgw', 'mdrogers', 'sreya.pal64', 'cheng.1360', 'jyotisaini26021992', 'zxiao2015', 'alishirisich', 'szanjani16', 'zhang_qi', 'enrique.cobas', 'dohar001', 'veronica.bahoz', 'ssandhoefner3', 'gabriel.chaves', 'physicsjc', 'njaggi', 'rotarescucristian', 'kpmondal', 'fvilsmeier', 'mamangyuan']",0,[],243,"['oommfylhuang', 'harrywang003', 'sd538', 'pomme', 'jaivardr', 'yingyingwu', 'rcbhatt', 'prendevl', '234gauravshukla', 'rjangid', 'abirshadman', 'liacompton', 'ebhatia', 'fenx', 'abbasah', 'subhashreesatapathy059', 'zenobius01', 'iaharris', 'kurdulla', 'nishthavats', 'eduardo.saavedra.d', 'songck107', 'ansar.awan4256', 'moditma', 'dmarcini88', 'jonathongeorgesmith98', 'kateel18', 'mzubair', 'k18111003', 'gabomicro9', 'eloi.haltz', 'devkapil108', 'arunabhmukherjee2', 'olafvanterve', 'h4ren', 'crong', 'sherry96', 'dmitry_glydelov', 'nadim.chow', 'yuhuastonefu', 'koolman2', 'ssebold', 'sini300', 'kkhuang95', 'drdario_usf', 'cristopher.morales', 'ffranco', 'jamal9235', 'minaxiiiserm', 'souravsh92', 'eravera', 'anamhanif', 'fredrendell7', 'pooh6836', 'coiodilia', 'sabantirpanci', 'raghavposti', 'ricop234', 'msilva6', 'viratmehta', 'hohldag', 'mohammed920721', 'm7deeb', 'noeminovello', 'arnayiciar', 'rdutra87', 'yuhang', 'polinadybina', 'kevon20', 'samoberdick', 'fritchb', 'karetta', 'ph19resch11002', 'litsardakis', 'abhilash.mishra', 'monicam.salazarc', 'smcvitie', 'vg264', 'pietro.carrara', 'daichangting', 'oscariglesias', 'diegoalba', 'jehong', 'anija_mary_04', 'durgamadhab', 'fabel', 'maccallumr', 'nirjharb', 'zriedel2', 'mmishner', 'fedorov.andrei', 'chaos57', 'sutapa12', 'kawakami.15', 'prabhanjandk', 'miss.namrata08', 'changming', 'ankitphy', 'jmhong', 'abhimahour72', 'lee02752', 'cristirotarescu10', 'frantze', 'pmcgary', 'jisoo.moon.mr', 'dearsomesh', 'maximelecomte', 'dedicated9q', 'astuart7', 'eckbergc', 'danilasl', 'mattcarey', 'majednashaat', 'fabiasta229', 'ahight', 'zhou0528', 'franciscoayalarodriguez', 'joelin20202', 'huan1746', 'dlwzxdl', 'rrawat', 'jeremy93808', 'margostaruch', 'wsgyzyl', 'robinchiu', 'cmoralesc', 'jychoi607', 'rlt013', 'yx322', 'djesahell', '9azazel', 'cenxiaoquan', 'davidnavasotero', 'tao123', 'bazilevich', 'mazheng2016', 'bangarhimanshu9', 'cenxiaoxiao', 'mmvf', 'enboz1', 'remi.lierdeman', 'colehardy4059', 'jinukurian13', 'pedro.david.28', 'jx750', 'wfang3', 'dgporter', 'jpsinnecker', 'ariam.mora', 'fugutian', 'alfredo_garcia_arribas', 'abhisek602', 'ec2886', 'semori', 'd.k.de.wal', 'jiangsheng0908', 'pradeep1', 'xxu50', 'prashanthchitimireddy', 'yl664', 'mhdguimaraes', 'scooter', 'sladak', 'kang_wang', 'dguarisco', '2017312xie', 'ql63', 'muduli.ps', 'cenxiao', 'junyiwu2', 'matia90', 'wangxinjunsdu', 'wagled', 'mohamad.neari', 'p_das', 'emilie.jue', 'farenheit.200', 'liux1872', 'akashtfl15', 'claudia.negrete', 'sai.mu1986321', 'bloom261', 'chaurasiyaavinash679', 'sayakdg1', 'nunocacoilo', 'christian.rinaldi', 'wbbeeson', 'jsshim2', 'bnepal2020', 'jpdomann', 'liuxiaocen', 'debi_rianto', 'cpsaroud', 'bcmcgold', 'ericliu1986', 'cheekibreeki', 'das.shekhar89', 'phacl', 'dvaz', 'kwiegand', 'm_golebiewski', 'dmechael', 'nishashahi', 'eduardo.fernandez', 'apokhrel', 'mmwinchell', 'agrama', '945247824a', 'crrcrrc', 'cenliu', 'joshchou', 'vipulsharma110', 'mguo016', 'inyang180', 'venug012', 'loic.adrien.broyer', 'vanbeeksimon', 'imuwys', 'jrsoruco', 'ph19resch02004', 'hjang', 'adamgw', 'mdrogers', 'sreya.pal64', 'cheng.1360', 'jyotisaini26021992', 'zxiao2015', 'alishirisich', 'szanjani16', 'zhang_qi', 'fjrdz7', 'enrique.cobas', 'dohar001', 'veronica.bahoz', 'ssandhoefner3', 'gabriel.chaves', 'physicsjc', 'njaggi', 'rotarescucristian', 'smithd22', 'kpmondal', 'fvilsmeier', 'mamangyuan']"
2,173,243,6,5,"['miss.namrata08', 'devkapil108', 'nishthavats', 'kpmondal', 'vipulsharma110']",238,"['oommfylhuang', 'harrywang003', 'sd538', 'pomme', 'jaivardr', 'yingyingwu', 'rcbhatt', 'prendevl', '234gauravshukla', 'rjangid', 'abirshadman', 'liacompton', 'ebhatia', 'fenx', 'abbasah', 'subhashreesatapathy059', 'zenobius01', 'iaharris', 'kurdulla', 'eduardo.saavedra.d', 'songck107', 'ansar.awan4256', 'moditma', 'dmarcini88', 'jonathongeorgesmith98', 'kateel18', 'mzubair', 'k18111003', 'gabomicro9', 'eloi.haltz', 'arunabhmukherjee2', 'olafvanterve', 'h4ren', 'crong', 'sherry96', 'dmitry_glydelov', 'nadim.chow', 'yuhuastonefu', 'koolman2', 'ssebold', 'sini300', 'kkhuang95', 'drdario_usf', 'cristopher.morales', 'ffranco', 'jamal9235', 'minaxiiiserm', 'souravsh92', 'eravera', 'anamhanif', 'fredrendell7', 'pooh6836', 'coiodilia', 'sabantirpanci', 'raghavposti', 'ricop234', 'msilva6', 'viratmehta', 'hohldag', 'mohammed920721', 'm7deeb', 'noeminovello', 'arnayiciar', 'rdutra87', 'yuhang', 'polinadybina', 'kevon20', 'samoberdick', 'fritchb', 'karetta', 'ph19resch11002', 'litsardakis', 'abhilash.mishra', 'monicam.salazarc', 'smcvitie', 'vg264', 'pietro.carrara', 'daichangting', 'oscariglesias', 'diegoalba', 'jehong', 'anija_mary_04', 'durgamadhab', 'fabel', 'maccallumr', 'nirjharb', 'zriedel2', 'mmishner', 'fedorov.andrei', 'chaos57', 'sutapa12', 'kawakami.15', 'prabhanjandk', 'changming', 'ankitphy', 'jmhong', 'abhimahour72', 'lee02752', 'cristirotarescu10', 'frantze', 'pmcgary', 'jisoo.moon.mr', 'dearsomesh', 'maximelecomte', 'dedicated9q', 'astuart7', 'eckbergc', 'danilasl', 'mattcarey', 'majednashaat', 'fabiasta229', 'ahight', 'zhou0528', 'franciscoayalarodriguez', 'joelin20202', 'huan1746', 'dlwzxdl', 'rrawat', 'jeremy93808', 'margostaruch', 'wsgyzyl', 'robinchiu', 'cmoralesc', 'jychoi607', 'rlt013', 'yx322', 'djesahell', '9azazel', 'cenxiaoquan', 'davidnavasotero', 'tao123', 'bazilevich', 'mazheng2016', 'bangarhimanshu9', 'cenxiaoxiao', 'mmvf', 'enboz1', 'remi.lierdeman', 'colehardy4059', 'jinukurian13', 'pedro.david.28', 'jx750', 'wfang3', 'dgporter', 'jpsinnecker', 'ariam.mora', 'fugutian', 'alfredo_garcia_arribas', 'abhisek602', 'ec2886', 'semori', 'd.k.de.wal', 'jiangsheng0908', 'pradeep1', 'xxu50', 'prashanthchitimireddy', 'yl664', 'mhdguimaraes', 'scooter', 'sladak', 'kang_wang', 'dguarisco', '2017312xie', 'ql63', 'muduli.ps', 'cenxiao', 'junyiwu2', 'matia90', 'wangxinjunsdu', 'wagled', 'mohamad.neari', 'p_das', 'emilie.jue', 'farenheit.200', 'liux1872', 'akashtfl15', 'claudia.negrete', 'sai.mu1986321', 'bloom261', 'chaurasiyaavinash679', 'sayakdg1', 'nunocacoilo', 'christian.rinaldi', 'wbbeeson', 'jsshim2', 'bnepal2020', 'jpdomann', 'liuxiaocen', 'debi_rianto', 'cpsaroud', 'bcmcgold', 'ericliu1986', 'cheekibreeki', 'das.shekhar89', 'phacl', 'dvaz', 'kwiegand', 'm_golebiewski', 'dmechael', 'nishashahi', 'eduardo.fernandez', 'apokhrel', 'mmwinchell', 'agrama', '945247824a', 'crrcrrc', 'cenliu', 'joshchou', 'mguo016', 'inyang180', 'venug012', 'loic.adrien.broyer', 'vanbeeksimon', 'imuwys', 'jrsoruco', 'ph19resch02004', 'hjang', 'adamgw', 'mdrogers', 'sreya.pal64', 'cheng.1360', 'jyotisaini26021992', 'zxiao2015', 'alishirisich', 'szanjani16', 'zhang_qi', 'fjrdz7', 'enrique.cobas', 'dohar001', 'veronica.bahoz', 'ssandhoefner3', 'gabriel.chaves', 'physicsjc', 'njaggi', 'rotarescucristian', 'smithd22', 'fvilsmeier', 'mamangyuan']",1,['yogesh30394'],244,"['oommfylhuang', 'harrywang003', 'sd538', 'pomme', 'jaivardr', 'yingyingwu', 'rcbhatt', 'prendevl', '234gauravshukla', 'rjangid', 'abirshadman', 'liacompton', 'ebhatia', 'fenx', 'abbasah', 'subhashreesatapathy059', 'zenobius01', 'iaharris', 'kurdulla', 'nishthavats', 'eduardo.saavedra.d', 'songck107', 'ansar.awan4256', 'moditma', 'dmarcini88', 'jonathongeorgesmith98', 'kateel18', 'mzubair', 'k18111003', 'gabomicro9', 'eloi.haltz', 'devkapil108', 'arunabhmukherjee2', 'olafvanterve', 'h4ren', 'crong', 'sherry96', 'dmitry_glydelov', 'nadim.chow', 'yuhuastonefu', 'koolman2', 'ssebold', 'sini300', 'kkhuang95', 'drdario_usf', 'cristopher.morales', 'ffranco', 'jamal9235', 'minaxiiiserm', 'souravsh92', 'eravera', 'anamhanif', 'fredrendell7', 'pooh6836', 'coiodilia', 'sabantirpanci', 'raghavposti', 'ricop234', 'msilva6', 'viratmehta', 'hohldag', 'mohammed920721', 'm7deeb', 'noeminovello', 'arnayiciar', 'rdutra87', 'yuhang', 'polinadybina', 'kevon20', 'samoberdick', 'fritchb', 'karetta', 'ph19resch11002', 'litsardakis', 'abhilash.mishra', 'monicam.salazarc', 'smcvitie', 'vg264', 'pietro.carrara', 'daichangting', 'oscariglesias', 'diegoalba', 'jehong', 'anija_mary_04', 'durgamadhab', 'fabel', 'maccallumr', 'nirjharb', 'zriedel2', 'mmishner', 'fedorov.andrei', 'chaos57', 'sutapa12', 'kawakami.15', 'prabhanjandk', 'miss.namrata08', 'changming', 'ankitphy', 'jmhong', 'abhimahour72', 'lee02752', 'cristirotarescu10', 'frantze', 'pmcgary', 'jisoo.moon.mr', 'dearsomesh', 'maximelecomte', 'dedicated9q', 'astuart7', 'eckbergc', 'danilasl', 'mattcarey', 'majednashaat', 'fabiasta229', 'ahight', 'zhou0528', 'franciscoayalarodriguez', 'joelin20202', 'huan1746', 'dlwzxdl', 'rrawat', 'jeremy93808', 'margostaruch', 'wsgyzyl', 'robinchiu', 'cmoralesc', 'jychoi607', 'rlt013', 'yx322', 'djesahell', '9azazel', 'cenxiaoquan', 'davidnavasotero', 'tao123', 'bazilevich', 'mazheng2016', 'bangarhimanshu9', 'cenxiaoxiao', 'mmvf', 'enboz1', 'remi.lierdeman', 'colehardy4059', 'jinukurian13', 'pedro.david.28', 'jx750', 'wfang3', 'dgporter', 'jpsinnecker', 'ariam.mora', 'fugutian', 'alfredo_garcia_arribas', 'abhisek602', 'ec2886', 'semori', 'd.k.de.wal', 'jiangsheng0908', 'pradeep1', 'xxu50', 'prashanthchitimireddy', 'yl664', 'mhdguimaraes', 'scooter', 'sladak', 'kang_wang', 'dguarisco', '2017312xie', 'ql63', 'muduli.ps', 'cenxiao', 'junyiwu2', 'matia90', 'wangxinjunsdu', 'wagled', 'mohamad.neari', 'p_das', 'emilie.jue', 'farenheit.200', 'liux1872', 'akashtfl15', 'claudia.negrete', 'sai.mu1986321', 'bloom261', 'chaurasiyaavinash679', 'sayakdg1', 'nunocacoilo', 'christian.rinaldi', 'wbbeeson', 'jsshim2', 'bnepal2020', 'jpdomann', 'liuxiaocen', 'debi_rianto', 'cpsaroud', 'bcmcgold', 'ericliu1986', 'cheekibreeki', 'das.shekhar89', 'phacl', 'dvaz', 'kwiegand', 'm_golebiewski', 'dmechael', 'nishashahi', 'eduardo.fernandez', 'apokhrel', 'mmwinchell', 'agrama', '945247824a', 'crrcrrc', 'cenliu', 'joshchou', 'vipulsharma110', 'mguo016', 'inyang180', 'venug012', 'loic.adrien.broyer', 'vanbeeksimon', 'imuwys', 'jrsoruco', 'ph19resch02004', 'hjang', 'adamgw', 'mdrogers', 'sreya.pal64', 'cheng.1360', 'yogesh30394', 'jyotisaini26021992', 'zxiao2015', 'alishirisich', 'szanjani16', 'zhang_qi', 'fjrdz7', 'enrique.cobas', 'dohar001', 'veronica.bahoz', 'ssandhoefner3', 'gabriel.chaves', 'physicsjc', 'njaggi', 'rotarescucristian', 'smithd22', 'kpmondal', 'fvilsmeier', 'mamangyuan']"
2,174,243,6,3,"['oommfylhuang', 'iaharris', 'hjang']",240,"['harrywang003', 'sd538', 'pomme', 'jaivardr', 'yingyingwu', 'rcbhatt', 'prendevl', '234gauravshukla', 'rjangid', 'abirshadman', 'liacompton', 'ebhatia', 'fenx', 'abbasah', 'subhashreesatapathy059', 'zenobius01', 'kurdulla', 'nishthavats', 'eduardo.saavedra.d', 'songck107', 'ansar.awan4256', 'moditma', 'dmarcini88', 'jonathongeorgesmith98', 'kateel18', 'mzubair', 'k18111003', 'gabomicro9', 'eloi.haltz', 'devkapil108', 'arunabhmukherjee2', 'olafvanterve', 'h4ren', 'crong', 'sherry96', 'dmitry_glydelov', 'nadim.chow', 'yuhuastonefu', 'koolman2', 'ssebold', 'sini300', 'kkhuang95', 'drdario_usf', 'cristopher.morales', 'ffranco', 'jamal9235', 'minaxiiiserm', 'souravsh92', 'eravera', 'anamhanif', 'fredrendell7', 'pooh6836', 'coiodilia', 'sabantirpanci', 'raghavposti', 'ricop234', 'msilva6', 'viratmehta', 'hohldag', 'mohammed920721', 'm7deeb', 'noeminovello', 'arnayiciar', 'rdutra87', 'yuhang', 'polinadybina', 'kevon20', 'samoberdick', 'fritchb', 'karetta', 'ph19resch11002', 'litsardakis', 'abhilash.mishra', 'monicam.salazarc', 'smcvitie', 'vg264', 'pietro.carrara', 'daichangting', 'oscariglesias', 'diegoalba', 'jehong', 'anija_mary_04', 'durgamadhab', 'fabel', 'maccallumr', 'nirjharb', 'zriedel2', 'mmishner', 'fedorov.andrei', 'chaos57', 'sutapa12', 'kawakami.15', 'prabhanjandk', 'miss.namrata08', 'changming', 'ankitphy', 'jmhong', 'abhimahour72', 'lee02752', 'cristirotarescu10', 'frantze', 'pmcgary', 'jisoo.moon.mr', 'dearsomesh', 'maximelecomte', 'dedicated9q', 'astuart7', 'eckbergc', 'danilasl', 'mattcarey', 'majednashaat', 'fabiasta229', 'ahight', 'zhou0528', 'franciscoayalarodriguez', 'joelin20202', 'huan1746', 'dlwzxdl', 'rrawat', 'jeremy93808', 'margostaruch', 'wsgyzyl', 'robinchiu', 'cmoralesc', 'jychoi607', 'rlt013', 'yx322', 'djesahell', '9azazel', 'cenxiaoquan', 'davidnavasotero', 'tao123', 'bazilevich', 'mazheng2016', 'bangarhimanshu9', 'cenxiaoxiao', 'mmvf', 'enboz1', 'remi.lierdeman', 'colehardy4059', 'jinukurian13', 'pedro.david.28', 'jx750', 'wfang3', 'dgporter', 'jpsinnecker', 'ariam.mora', 'fugutian', 'alfredo_garcia_arribas', 'abhisek602', 'ec2886', 'semori', 'd.k.de.wal', 'jiangsheng0908', 'pradeep1', 'xxu50', 'prashanthchitimireddy', 'yl664', 'mhdguimaraes', 'scooter', 'sladak', 'kang_wang', 'dguarisco', '2017312xie', 'ql63', 'muduli.ps', 'cenxiao', 'junyiwu2', 'matia90', 'wangxinjunsdu', 'wagled', 'mohamad.neari', 'p_das', 'emilie.jue', 'farenheit.200', 'liux1872', 'akashtfl15', 'claudia.negrete', 'sai.mu1986321', 'bloom261', 'chaurasiyaavinash679', 'sayakdg1', 'nunocacoilo', 'christian.rinaldi', 'wbbeeson', 'jsshim2', 'bnepal2020', 'jpdomann', 'liuxiaocen', 'debi_rianto', 'cpsaroud', 'bcmcgold', 'ericliu1986', 'cheekibreeki', 'das.shekhar89', 'phacl', 'dvaz', 'kwiegand', 'm_golebiewski', 'dmechael', 'nishashahi', 'eduardo.fernandez', 'apokhrel', 'mmwinchell', 'agrama', '945247824a', 'crrcrrc', 'cenliu', 'joshchou', 'vipulsharma110', 'mguo016', 'inyang180', 'venug012', 'loic.adrien.broyer', 'vanbeeksimon', 'imuwys', 'jrsoruco', 'ph19resch02004', 'adamgw', 'mdrogers', 'sreya.pal64', 'cheng.1360', 'jyotisaini26021992', 'zxiao2015', 'alishirisich', 'szanjani16', 'zhang_qi', 'fjrdz7', 'enrique.cobas', 'dohar001', 'veronica.bahoz', 'ssandhoefner3', 'gabriel.chaves', 'physicsjc', 'njaggi', 'rotarescucristian', 'smithd22', 'kpmondal', 'fvilsmeier', 'mamangyuan']",3,"['justicofking', 'yenlin.jack.huang', 'yu.c']",246,"['oommfylhuang', 'harrywang003', 'sd538', 'pomme', 'jaivardr', 'yingyingwu', 'rcbhatt', 'prendevl', '234gauravshukla', 'rjangid', 'abirshadman', 'liacompton', 'ebhatia', 'fenx', 'abbasah', 'subhashreesatapathy059', 'zenobius01', 'iaharris', 'kurdulla', 'nishthavats', 'eduardo.saavedra.d', 'songck107', 'ansar.awan4256', 'moditma', 'dmarcini88', 'jonathongeorgesmith98', 'kateel18', 'mzubair', 'k18111003', 'gabomicro9', 'eloi.haltz', 'devkapil108', 'arunabhmukherjee2', 'olafvanterve', 'h4ren', 'crong', 'sherry96', 'dmitry_glydelov', 'nadim.chow', 'yuhuastonefu', 'koolman2', 'ssebold', 'sini300', 'kkhuang95', 'drdario_usf', 'cristopher.morales', 'ffranco', 'jamal9235', 'minaxiiiserm', 'souravsh92', 'eravera', 'anamhanif', 'fredrendell7', 'pooh6836', 'coiodilia', 'sabantirpanci', 'raghavposti', 'ricop234', 'msilva6', 'viratmehta', 'hohldag', 'mohammed920721', 'm7deeb', 'noeminovello', 'arnayiciar', 'rdutra87', 'yuhang', 'polinadybina', 'kevon20', 'samoberdick', 'fritchb', 'karetta', 'ph19resch11002', 'litsardakis', 'abhilash.mishra', 'monicam.salazarc', 'smcvitie', 'vg264', 'pietro.carrara', 'daichangting', 'oscariglesias', 'diegoalba', 'jehong', 'anija_mary_04', 'durgamadhab', 'fabel', 'maccallumr', 'nirjharb', 'zriedel2', 'mmishner', 'fedorov.andrei', 'chaos57', 'sutapa12', 'kawakami.15', 'prabhanjandk', 'miss.namrata08', 'changming', 'ankitphy', 'jmhong', 'abhimahour72', 'lee02752', 'cristirotarescu10', 'frantze', 'pmcgary', 'jisoo.moon.mr', 'justicofking', 'dearsomesh', 'maximelecomte', 'dedicated9q', 'astuart7', 'eckbergc', 'danilasl', 'mattcarey', 'majednashaat', 'fabiasta229', 'ahight', 'zhou0528', 'franciscoayalarodriguez', 'joelin20202', 'huan1746', 'dlwzxdl', 'rrawat', 'jeremy93808', 'margostaruch', 'wsgyzyl', 'robinchiu', 'cmoralesc', 'jychoi607', 'rlt013', 'yx322', 'djesahell', '9azazel', 'cenxiaoquan', 'davidnavasotero', 'tao123', 'bazilevich', 'mazheng2016', 'bangarhimanshu9', 'cenxiaoxiao', 'mmvf', 'enboz1', 'remi.lierdeman', 'colehardy4059', 'jinukurian13', 'pedro.david.28', 'jx750', 'wfang3', 'dgporter', 'jpsinnecker', 'ariam.mora', 'fugutian', 'alfredo_garcia_arribas', 'abhisek602', 'ec2886', 'semori', 'd.k.de.wal', 'jiangsheng0908', 'pradeep1', 'xxu50', 'prashanthchitimireddy', 'yl664', 'mhdguimaraes', 'scooter', 'sladak', 'kang_wang', 'dguarisco', '2017312xie', 'ql63', 'muduli.ps', 'cenxiao', 'junyiwu2', 'matia90', 'wangxinjunsdu', 'wagled', 'mohamad.neari', 'yenlin.jack.huang', 'p_das', 'emilie.jue', 'farenheit.200', 'liux1872', 'akashtfl15', 'claudia.negrete', 'sai.mu1986321', 'bloom261', 'chaurasiyaavinash679', 'sayakdg1', 'nunocacoilo', 'yu.c', 'christian.rinaldi', 'wbbeeson', 'jsshim2', 'bnepal2020', 'jpdomann', 'liuxiaocen', 'debi_rianto', 'cpsaroud', 'bcmcgold', 'ericliu1986', 'cheekibreeki', 'das.shekhar89', 'phacl', 'dvaz', 'kwiegand', 'm_golebiewski', 'dmechael', 'nishashahi', 'eduardo.fernandez', 'apokhrel', 'mmwinchell', 'agrama', '945247824a', 'crrcrrc', 'cenliu', 'joshchou', 'vipulsharma110', 'mguo016', 'inyang180', 'venug012', 'loic.adrien.broyer', 'vanbeeksimon', 'imuwys', 'jrsoruco', 'ph19resch02004', 'hjang', 'adamgw', 'mdrogers', 'sreya.pal64', 'cheng.1360', 'jyotisaini26021992', 'zxiao2015', 'alishirisich', 'szanjani16', 'zhang_qi', 'fjrdz7', 'enrique.cobas', 'dohar001', 'veronica.bahoz', 'ssandhoefner3', 'gabriel.chaves', 'physicsjc', 'njaggi', 'rotarescucristian', 'smithd22', 'kpmondal', 'fvilsmeier', 'mamangyuan']"
2,175,243,6,5,"['cenxiaoxiao', 'liuxiaocen', 'cenxiaoquan', 'cenliu', 'cenxiao']",238,"['oommfylhuang', 'harrywang003', 'sd538', 'pomme', 'jaivardr', 'yingyingwu', 'rcbhatt', 'prendevl', '234gauravshukla', 'rjangid', 'abirshadman', 'liacompton', 'ebhatia', 'fenx', 'abbasah', 'subhashreesatapathy059', 'zenobius01', 'iaharris', 'kurdulla', 'nishthavats', 'eduardo.saavedra.d', 'songck107', 'ansar.awan4256', 'moditma', 'dmarcini88', 'jonathongeorgesmith98', 'kateel18', 'mzubair', 'k18111003', 'gabomicro9', 'eloi.haltz', 'devkapil108', 'arunabhmukherjee2', 'olafvanterve', 'h4ren', 'crong', 'sherry96', 'dmitry_glydelov', 'nadim.chow', 'yuhuastonefu', 'koolman2', 'ssebold', 'sini300', 'kkhuang95', 'drdario_usf', 'cristopher.morales', 'ffranco', 'jamal9235', 'minaxiiiserm', 'souravsh92', 'eravera', 'anamhanif', 'fredrendell7', 'pooh6836', 'coiodilia', 'sabantirpanci', 'raghavposti', 'ricop234', 'msilva6', 'viratmehta', 'hohldag', 'mohammed920721', 'm7deeb', 'noeminovello', 'arnayiciar', 'rdutra87', 'yuhang', 'polinadybina', 'kevon20', 'samoberdick', 'fritchb', 'karetta', 'ph19resch11002', 'litsardakis', 'abhilash.mishra', 'monicam.salazarc', 'smcvitie', 'vg264', 'pietro.carrara', 'daichangting', 'oscariglesias', 'diegoalba', 'jehong', 'anija_mary_04', 'durgamadhab', 'fabel', 'maccallumr', 'nirjharb', 'zriedel2', 'mmishner', 'fedorov.andrei', 'chaos57', 'sutapa12', 'kawakami.15', 'prabhanjandk', 'miss.namrata08', 'changming', 'ankitphy', 'jmhong', 'abhimahour72', 'lee02752', 'cristirotarescu10', 'frantze', 'pmcgary', 'jisoo.moon.mr', 'dearsomesh', 'maximelecomte', 'dedicated9q', 'astuart7', 'eckbergc', 'danilasl', 'mattcarey', 'majednashaat', 'fabiasta229', 'ahight', 'zhou0528', 'franciscoayalarodriguez', 'joelin20202', 'huan1746', 'dlwzxdl', 'rrawat', 'jeremy93808', 'margostaruch', 'wsgyzyl', 'robinchiu', 'cmoralesc', 'jychoi607', 'rlt013', 'yx322', 'djesahell', '9azazel', 'davidnavasotero', 'tao123', 'bazilevich', 'mazheng2016', 'bangarhimanshu9', 'mmvf', 'enboz1', 'remi.lierdeman', 'colehardy4059', 'jinukurian13', 'pedro.david.28', 'jx750', 'wfang3', 'dgporter', 'jpsinnecker', 'ariam.mora', 'fugutian', 'alfredo_garcia_arribas', 'abhisek602', 'ec2886', 'semori', 'd.k.de.wal', 'jiangsheng0908', 'pradeep1', 'xxu50', 'prashanthchitimireddy', 'yl664', 'mhdguimaraes', 'scooter', 'sladak', 'kang_wang', 'dguarisco', '2017312xie', 'ql63', 'muduli.ps', 'junyiwu2', 'matia90', 'wangxinjunsdu', 'wagled', 'mohamad.neari', 'p_das', 'emilie.jue', 'farenheit.200', 'liux1872', 'akashtfl15', 'claudia.negrete', 'sai.mu1986321', 'bloom261', 'chaurasiyaavinash679', 'sayakdg1', 'nunocacoilo', 'christian.rinaldi', 'wbbeeson', 'jsshim2', 'bnepal2020', 'jpdomann', 'debi_rianto', 'cpsaroud', 'bcmcgold', 'ericliu1986', 'cheekibreeki', 'das.shekhar89', 'phacl', 'dvaz', 'kwiegand', 'm_golebiewski', 'dmechael', 'nishashahi', 'eduardo.fernandez', 'apokhrel', 'mmwinchell', 'agrama', '945247824a', 'crrcrrc', 'joshchou', 'vipulsharma110', 'mguo016', 'inyang180', 'venug012', 'loic.adrien.broyer', 'vanbeeksimon', 'imuwys', 'jrsoruco', 'ph19resch02004', 'hjang', 'adamgw', 'mdrogers', 'sreya.pal64', 'cheng.1360', 'jyotisaini26021992', 'zxiao2015', 'alishirisich', 'szanjani16', 'zhang_qi', 'fjrdz7', 'enrique.cobas', 'dohar001', 'veronica.bahoz', 'ssandhoefner3', 'gabriel.chaves', 'physicsjc', 'njaggi', 'rotarescucristian', 'smithd22', 'kpmondal', 'fvilsmeier', 'mamangyuan']",1,['liuxiaoquan123'],244,"['oommfylhuang', 'harrywang003', 'sd538', 'pomme', 'jaivardr', 'yingyingwu', 'rcbhatt', 'prendevl', '234gauravshukla', 'rjangid', 'abirshadman', 'liacompton', 'ebhatia', 'fenx', 'abbasah', 'subhashreesatapathy059', 'zenobius01', 'iaharris', 'kurdulla', 'nishthavats', 'eduardo.saavedra.d', 'songck107', 'ansar.awan4256', 'moditma', 'dmarcini88', 'jonathongeorgesmith98', 'kateel18', 'mzubair', 'k18111003', 'gabomicro9', 'eloi.haltz', 'devkapil108', 'arunabhmukherjee2', 'olafvanterve', 'h4ren', 'crong', 'sherry96', 'dmitry_glydelov', 'nadim.chow', 'yuhuastonefu', 'koolman2', 'ssebold', 'sini300', 'kkhuang95', 'drdario_usf', 'cristopher.morales', 'ffranco', 'jamal9235', 'minaxiiiserm', 'souravsh92', 'eravera', 'anamhanif', 'fredrendell7', 'pooh6836', 'coiodilia', 'sabantirpanci', 'raghavposti', 'ricop234', 'msilva6', 'viratmehta', 'hohldag', 'mohammed920721', 'm7deeb', 'noeminovello', 'arnayiciar', 'rdutra87', 'yuhang', 'polinadybina', 'kevon20', 'samoberdick', 'fritchb', 'karetta', 'ph19resch11002', 'litsardakis', 'abhilash.mishra', 'monicam.salazarc', 'smcvitie', 'vg264', 'pietro.carrara', 'daichangting', 'oscariglesias', 'diegoalba', 'jehong', 'anija_mary_04', 'durgamadhab', 'fabel', 'maccallumr', 'nirjharb', 'zriedel2', 'mmishner', 'fedorov.andrei', 'chaos57', 'sutapa12', 'kawakami.15', 'prabhanjandk', 'miss.namrata08', 'changming', 'ankitphy', 'jmhong', 'abhimahour72', 'lee02752', 'cristirotarescu10', 'frantze', 'pmcgary', 'jisoo.moon.mr', 'dearsomesh', 'maximelecomte', 'dedicated9q', 'astuart7', 'eckbergc', 'danilasl', 'mattcarey', 'majednashaat', 'fabiasta229', 'ahight', 'zhou0528', 'franciscoayalarodriguez', 'liuxiaoquan123', 'joelin20202', 'huan1746', 'dlwzxdl', 'rrawat', 'jeremy93808', 'margostaruch', 'wsgyzyl', 'robinchiu', 'cmoralesc', 'jychoi607', 'rlt013', 'yx322', 'djesahell', '9azazel', 'cenxiaoquan', 'davidnavasotero', 'tao123', 'bazilevich', 'mazheng2016', 'bangarhimanshu9', 'cenxiaoxiao', 'mmvf', 'enboz1', 'remi.lierdeman', 'colehardy4059', 'jinukurian13', 'pedro.david.28', 'jx750', 'wfang3', 'dgporter', 'jpsinnecker', 'ariam.mora', 'fugutian', 'alfredo_garcia_arribas', 'abhisek602', 'ec2886', 'semori', 'd.k.de.wal', 'jiangsheng0908', 'pradeep1', 'xxu50', 'prashanthchitimireddy', 'yl664', 'mhdguimaraes', 'scooter', 'sladak', 'kang_wang', 'dguarisco', '2017312xie', 'ql63', 'muduli.ps', 'cenxiao', 'junyiwu2', 'matia90', 'wangxinjunsdu', 'wagled', 'mohamad.neari', 'p_das', 'emilie.jue', 'farenheit.200', 'liux1872', 'akashtfl15', 'claudia.negrete', 'sai.mu1986321', 'bloom261', 'chaurasiyaavinash679', 'sayakdg1', 'nunocacoilo', 'christian.rinaldi', 'wbbeeson', 'jsshim2', 'bnepal2020', 'jpdomann', 'liuxiaocen', 'debi_rianto', 'cpsaroud', 'bcmcgold', 'ericliu1986', 'cheekibreeki', 'das.shekhar89', 'phacl', 'dvaz', 'kwiegand', 'm_golebiewski', 'dmechael', 'nishashahi', 'eduardo.fernandez', 'apokhrel', 'mmwinchell', 'agrama', '945247824a', 'crrcrrc', 'cenliu', 'joshchou', 'vipulsharma110', 'mguo016', 'inyang180', 'venug012', 'loic.adrien.broyer', 'vanbeeksimon', 'imuwys', 'jrsoruco', 'ph19resch02004', 'hjang', 'adamgw', 'mdrogers', 'sreya.pal64', 'cheng.1360', 'jyotisaini26021992', 'zxiao2015', 'alishirisich', 'szanjani16', 'zhang_qi', 'fjrdz7', 'enrique.cobas', 'dohar001', 'veronica.bahoz', 'ssandhoefner3', 'gabriel.chaves', 'physicsjc', 'njaggi', 'rotarescucristian', 'smithd22', 'kpmondal', 'fvilsmeier', 'mamangyuan']"
3,66,195,225,144,"['zubik', 'cwidak', 'bwitchie', 'allnic21', 'baile261', 'amcgoff', 'lm45000', 'chiang56', 'george92', 'jhulsize', 'dewittl', 'lmackin', 'freyg', 'mmshank16', 'dmassow', 'peter514', 'gct246', 'zfrank64', 'jfitzhu', 'verma52', 'bamorim', 'ewilhite', 'bcasler', 'ali113', 'smit3177', 'stark22', 'mtrivell', 'xul9044', 'kbebris', 'tpownell', 'hill399', 'tdarmon20', 'racroth35', 'vkolar', 'agrillo', 'efeldman', 'rroggema', 'ithakor', 'nkhuu', 'gao499', 'saboa', 'ltoy', 'patel731', 'jlorah', 'ellis99', 'hillej', 'ecave', 'adams410', 'jin376', 'glevine', 'abhalcha', 'lee2614', 'iyengar1', 'cmenden', 'dragoneye', 'ftangpoo', 'jeigenbr', 'cvasq69', 'davidsml', 'wisler0', 'jmacatan', 'bkeel', 'kzeligso', 'mmohdzai', 'apanuga', 'li2722', 'mohdshah', 'rumplem', 'cregers', 'engc', 'etitheyeti98', 'marito', 'amoravec', 'lawrencr', 'adamdmiller17', 'ceckste', 'bullock8', 'msulaima', 'rathi4', 'rweedon', 'cccyyj720', 'xu1085', 'li3604', 'uuraechu', 'bowman96', 'gcesar', 'goodma27', 'slillig', 'mart1180', 'abosshar', 'dlarocco', 'white559', 'msargen', 'akick', 'pickera', 'lthursto', 'lrigsbee', 'kinserc', 'xose.amo', 'hschennu', 'aperitor', 'ccurto', 'yang1865', 'mfess', 'tglavan', 'bgrandst', 'gezbbl7', 'terry51', 'jaloi', 'mart1391', 'gupta393', 'natoli0', 'chao26', 'sedgerto', 'eloewe', 'choi333', 'mcginn1', 'klipiszk', 'sgrzych', 'schuman1', 'wonhyukdo', 'singer15', 'mart1380', 'daviskahmann', 'ghosh36', 'chen2122', 'hsmoke', 'awoodwa', 'colewilloughby1125', 'woo49', 'kozelr', 'cheeseballs99', 'bcaffert', 'malhamm', 'ander754', 'rhinesj', 'deshmukp', 'koverley', 'edreifue', 'nwegh2017', 'awennin', 'anniebreidinger', 'tnoor', 'harri670']",51,"['tuckerz', 'aleidli', 'rturk8292', 'sanjiv3damo', 'mill2119', 'harbinz', 'lyanni', 'kswartzb', 'wning', 'fergu101', 'ferree1', 'slosing', 'akansky', 'tl0120', 'abelkiew', 'mgubbi', 'nikitasridhar14', 'coolnikitav', 'pcastagn', 'nabdrahn', '17scotta', 'jboulayd', 'jonathanlimp87', 'rutherfb', 'everbru', 'behrr', 'richg', 'kumar212', 'jbuehrle', 'nail', 'payne71', 'ctsioli', 'cdtorres', 'vudayamo', 'kvansan', 'pillai7', 'jnasiboov', 'dkuen', 'gmantey', 'alotaib6', 'gavinneyman', 'tu37', 'ross217', 'eashburn', 'mpisoni', 'bpolinsk', 'atruver', 'li2709', 'stapletl', 'epiergal', 'egarayev']",81,"['redmanr', 'smit3184', 'mtbarrette01', 'aaprelik', 'flore170', 'psmading', 'boyle49', 'ltopliff', 'ericshen628', 'cibrahim', 'rdrager', 'wade59', 'patel784', 'wertzm', 'akapko', 'choyc', 'lauerc', 'justindcambridge', 'schro118', 'zhao988', 'liu2512', 'richtern', 'ashwarts', 'abreidin', 'jo46', 'lowe77.purdue', 'hgrover', 'layyar', 'nfei', 'shethm', 'mann78', 'zhan2846', 'hall363', 'pcase', 'stewa238', 'peck28', 'dleoni', 'roj', 'winstontinople', 'iczajkow', 'suixiong8', 'ghais', 'cblackm', 'cho372', 'moore763', 'jess24', 'kiefern', 'brewer66', 'gnishibu', 'nhuntine', 'kmotwan', 'wang3138', 'deane1', 'girouxm', 'davidrgowan', 'jvanben', 'nnoraziz', 'lswentor', 'dixon82', 'ttayeb', 'sanjivdamodaran', 'butzz', 'abano', 'hopkin43', 'jone1573', 'thornt21', 'qpitter', 'jmickow', 'pattiya2002', 'bernarm', 'dunca108', 'smit3458', 'abora', 'konerua', 'siu2', 'lregalad', 'yao201', 'gleasonb', 's1p6a1r8a', 'dangratz99', 'mheighwa']",276,"['cwidak', 'redmanr', 'flore170', 'allnic21', 'baile261', 'psmading', 'chiang56', 'ltopliff', 'slosing', 'mmshank16', 'ericshen628', 'dmassow', 'gct246', 'zfrank64', 'jfitzhu', 'ewilhite', 'bcasler', 'smit3177', 'patel784', 'xul9044', 'wade59', 'behrr', 'wertzm', 'kumar212', 'nail', 'hill399', 'vudayamo', 'alotaib6', 'racroth35', 'efeldman', 'ithakor', 'justindcambridge', 'gao499', 'saboa', 'patel731', 'zhao988', 'liu2512', 'ellis99', 'hillej', 'ashwarts', 'aleidli', 'abreidin', 'jo46', 'ecave', 'lowe77.purdue', 'mill2119', 'harbinz', 'wning', 'fergu101', 'nfei', 'akansky', 'jin376', 'abelkiew', 'glevine', 'abhalcha', 'lee2614', 'zhan2846', 'dragoneye', 'cmenden', 'rutherfb', 'everbru', 'ctsioli', 'wisler0', 'kvansan', 'gmantey', 'li2722', 'mohdshah', 'rumplem', 'ghais', 'etitheyeti98', 'marito', 'amoravec', 'lawrencr', 'ceckste', 'msulaima', 'rathi4', 'jess24', 'lyanni', 'kswartzb', 'bowman96', 'goodma27', 'slillig', 'kiefern', 'brewer66', 'mart1180', 'white559', 'dlarocco', 'kmotwan', 'jboulayd', 'kinserc', 'xose.amo', 'wang3138', 'ccurto', 'yang1865', 'deane1', 'davidrgowan', 'gezbbl7', 'jvanben', 'terry51', 'nnoraziz', 'epiergal', 'jaloi', 'mart1391', 'gupta393', 'sanjivdamodaran', 'sanjiv3damo', 'butzz', 'chao26', 'sedgerto', 'abano', 'choi333', 'ferree1', 'sgrzych', 'schuman1', 'thornt21', 'wonhyukdo', 'singer15', 'mgubbi', 'qpitter', 'pattiya2002', 'dunca108', 'chen2122', '17scotta', 'colewilloughby1125', 'pillai7', 'kozelr', 'abora', 'cheeseballs99', 'bcaffert', 'malhamm', 'siu2', 'ander754', 'rhinesj', 'atruver', 'deshmukp', 'koverley', 'gleasonb', 's1p6a1r8a', 'awennin', 'anniebreidinger', 'mheighwa', 'zubik', 'smit3184', 'mtbarrette01', 'aaprelik', 'bwitchie', 'amcgoff', 'lm45000', 'george92', 'jhulsize', 'boyle49', 'dewittl', 'lmackin', 'freyg', 'cibrahim', 'peter514', 'verma52', 'bamorim', 'ali113', 'rdrager', 'mtrivell', 'stark22', 'jonathanlimp87', 'kbebris', 'tpownell', 'akapko', 'payne71', 'choyc', 'tdarmon20', 'lauerc', 'vkolar', 'agrillo', 'eashburn', 'rroggema', 'nkhuu', 'schro118', 'ltoy', 'li2709', 'jlorah', 'richtern', 'tuckerz', 'rturk8292', 'adams410', 'hgrover', 'layyar', 'shethm', 'nikitasridhar14', 'coolnikitav', 'mann78', 'iyengar1', 'ftangpoo', 'nabdrahn', 'jeigenbr', 'hall363', 'cvasq69', 'stewa238', 'pcase', 'jbuehrle', 'peck28', 'davidsml', 'dleoni', 'roj', 'jmacatan', 'bkeel', 'winstontinople', 'kzeligso', 'ross217', 'mmohdzai', 'apanuga', 'iczajkow', 'cregers', 'bpolinsk', 'suixiong8', 'engc', 'cblackm', 'cho372', 'moore763', 'adamdmiller17', 'egarayev', 'bullock8', 'rweedon', 'cccyyj720', 'xu1085', 'li3604', 'uuraechu', 'gcesar', 'tl0120', 'abosshar', 'msargen', 'gnishibu', 'nhuntine', 'akick', 'pickera', 'lthursto', 'lrigsbee', 'richg', 'cdtorres', 'hschennu', 'jnasiboov', 'gavinneyman', 'aperitor', 'mfess', 'mpisoni', 'tglavan', 'girouxm', 'bgrandst', 'lswentor', 'dixon82', 'natoli0', 'ttayeb', 'eloewe', 'hopkin43', 'mcginn1', 'klipiszk', 'jone1573', 'mart1380', 'jmickow', 'daviskahmann', 'ghosh36', 'pcastagn', 'bernarm', 'hsmoke', 'awoodwa', 'woo49', 'smit3458', 'dkuen', 'tu37', 'konerua', 'lregalad', 'yao201', 'edreifue', 'dangratz99', 'nwegh2017', 'stapletl', 'tnoor', 'harri670']"
3,108,195,73,1,['mtrivell'],194,"['zubik', 'cwidak', 'bwitchie', 'allnic21', 'baile261', 'amcgoff', 'lm45000', 'chiang56', 'george92', 'jhulsize', 'dewittl', 'slosing', 'lmackin', 'freyg', 'mmshank16', 'dmassow', 'peter514', 'gct246', 'zfrank64', 'jfitzhu', 'verma52', 'bamorim', 'ewilhite', 'bcasler', 'ali113', 'smit3177', 'stark22', 'jonathanlimp87', 'xul9044', 'kbebris', 'tpownell', 'behrr', 'kumar212', 'nail', 'payne71', 'hill399', 'vudayamo', 'tdarmon20', 'alotaib6', 'racroth35', 'vkolar', 'agrillo', 'efeldman', 'eashburn', 'rroggema', 'ithakor', 'nkhuu', 'gao499', 'saboa', 'ltoy', 'patel731', 'li2709', 'jlorah', 'ellis99', 'tuckerz', 'hillej', 'aleidli', 'rturk8292', 'ecave', 'adams410', 'mill2119', 'harbinz', 'wning', 'fergu101', 'akansky', 'jin376', 'abelkiew', 'glevine', 'abhalcha', 'nikitasridhar14', 'lee2614', 'coolnikitav', 'iyengar1', 'cmenden', 'dragoneye', 'ftangpoo', 'nabdrahn', 'jeigenbr', 'rutherfb', 'everbru', 'cvasq69', 'jbuehrle', 'ctsioli', 'davidsml', 'wisler0', 'kvansan', 'gmantey', 'jmacatan', 'bkeel', 'kzeligso', 'ross217', 'mmohdzai', 'apanuga', 'li2722', 'bpolinsk', 'mohdshah', 'rumplem', 'cregers', 'engc', 'etitheyeti98', 'marito', 'amoravec', 'lawrencr', 'adamdmiller17', 'egarayev', 'bullock8', 'msulaima', 'ceckste', 'rathi4', 'lyanni', 'rweedon', 'kswartzb', 'cccyyj720', 'xu1085', 'li3604', 'uuraechu', 'bowman96', 'gcesar', 'goodma27', 'slillig', 'tl0120', 'mart1180', 'abosshar', 'dlarocco', 'white559', 'msargen', 'akick', 'jboulayd', 'pickera', 'lthursto', 'lrigsbee', 'richg', 'kinserc', 'xose.amo', 'cdtorres', 'hschennu', 'jnasiboov', 'gavinneyman', 'aperitor', 'ccurto', 'yang1865', 'mfess', 'mpisoni', 'tglavan', 'bgrandst', 'gezbbl7', 'terry51', 'epiergal', 'jaloi', 'mart1391', 'gupta393', 'natoli0', 'sanjiv3damo', 'chao26', 'sedgerto', 'eloewe', 'choi333', 'ferree1', 'mcginn1', 'klipiszk', 'sgrzych', 'schuman1', 'wonhyukdo', 'singer15', 'mgubbi', 'mart1380', 'daviskahmann', 'ghosh36', 'pcastagn', 'chen2122', '17scotta', 'hsmoke', 'awoodwa', 'colewilloughby1125', 'woo49', 'pillai7', 'kozelr', 'dkuen', 'cheeseballs99', 'tu37', 'bcaffert', 'malhamm', 'ander754', 'rhinesj', 'atruver', 'deshmukp', 'koverley', 'edreifue', 'nwegh2017', 'awennin', 'stapletl', 'anniebreidinger', 'tnoor', 'harri670']",72,"['byant', 'kkoradiy', 'sah1', 'ncnweb_outreach2', 'ncnweb_outreach1', 'peter496', 'hu509', 'deshpan3', 'ganeshm', 'rojas23', 'bhartant', 'smit3159', 'gchsong', 'matar', 'patkip', 'osantang', 'lowe52', 'dbenham', 'fvora', 'jianwen97', 'aidanc_purdue', 'jo30', 'jmeneze', 'kswiatk', 'ununez', 'ssaradhi', 'li2736', 'jverduzc', 'shanks5', 'faltens', 'dewey2', 'pnagrani', 'rnaon', 'callahap', 'satishbgowda', 'gtribe', 'petrosky', 'kulkar72', 'lgreenle', 'vogel30', 'ericks23', 'desai61', 'owen22', 'jpdero2', 'anaon', 'jung248', 'alafzi', 'wang4084', 'titus9', 'dfarache', 'askipwor', 'skarumur', 'conley39', 'aavlani', 'ja37989', 'han602', 'mcclurez', 'tan254', 'bmodel', 'sharm284', 'eheikens', 'savetian', 'jpiazza', 'yao201', 'mademoiselle0812', 'ford.l.piano.guitar', 'paulmather', 'jstalba', 'reyno105', 'mfarnell', 'zprofio', 'abuganza']",267,"['zubik', 'cwidak', 'ncnweb_outreach2', 'bwitchie', 'deshpan3', 'allnic21', 'baile261', 'amcgoff', 'lm45000', 'chiang56', 'george92', 'bhartant', 'jhulsize', 'fvora', 'dewittl', 'slosing', 'lmackin', 'freyg', 'mmshank16', 'dmassow', 'peter514', 'gct246', 'zfrank64', 'jfitzhu', 'verma52', 'bamorim', 'ewilhite', 'bcasler', 'ali113', 'jpdero2', 'smit3177', 'stark22', 'mtrivell', 'jonathanlimp87', 'xul9044', 'kbebris', 'tpownell', 'behrr', 'wang4084', 'titus9', 'dfarache', 'kumar212', 'nail', 'payne71', 'hill399', 'vudayamo', 'tdarmon20', 'alotaib6', 'racroth35', 'vkolar', 'agrillo', 'efeldman', 'han602', 'eashburn', 'rroggema', 'bmodel', 'ithakor', 'nkhuu', 'gao499', 'saboa', 'ltoy', 'patel731', 'li2709', 'jlorah', 'ellis99', 'tuckerz', 'hillej', 'aleidli', 'rturk8292', 'kkoradiy', 'ecave', 'adams410', 'ganeshm', 'gchsong', 'mill2119', 'harbinz', 'matar', 'wning', 'lowe52', 'fergu101', 'ununez', 'akansky', 'li2736', 'shanks5', 'jverduzc', 'jin376', 'abelkiew', 'glevine', 'dewey2', 'abhalcha', 'nikitasridhar14', 'lee2614', 'coolnikitav', 'kulkar72', 'iyengar1', 'cmenden', 'dragoneye', 'ftangpoo', 'nabdrahn', 'vogel30', 'jeigenbr', 'rutherfb', 'everbru', 'cvasq69', 'jbuehrle', 'ctsioli', 'davidsml', 'wisler0', 'kvansan', 'gmantey', 'jmacatan', 'bkeel', 'kzeligso', 'ross217', 'mmohdzai', 'apanuga', 'li2722', 'bpolinsk', 'mohdshah', 'rumplem', 'cregers', 'engc', 'jpiazza', 'etitheyeti98', 'ford.l.piano.guitar', 'paulmather', 'marito', 'jstalba', 'amoravec', 'lawrencr', 'adamdmiller17', 'egarayev', 'bullock8', 'msulaima', 'ceckste', 'byant', 'rathi4', 'abuganza', 'ncnweb_outreach1', 'hu509', 'smit3159', 'lyanni', 'rweedon', 'kswartzb', 'cccyyj720', 'patkip', 'xu1085', 'osantang', 'li3604', 'dbenham', 'uuraechu', 'bowman96', 'jianwen97', 'gcesar', 'goodma27', 'slillig', 'tl0120', 'faltens', 'pnagrani', 'rnaon', 'callahap', 'gtribe', 'mart1180', 'petrosky', 'abosshar', 'dlarocco', 'white559', 'lgreenle', 'msargen', 'jung248', 'akick', 'jboulayd', 'anaon', 'pickera', 'lthursto', 'lrigsbee', 'richg', 'askipwor', 'kinserc', 'xose.amo', 'cdtorres', 'skarumur', 'conley39', 'hschennu', 'jnasiboov', 'aavlani', 'gavinneyman', 'aperitor', 'ccurto', 'tan254', 'yang1865', 'mfess', 'mpisoni', 'eheikens', 'tglavan', 'savetian', 'bgrandst', 'gezbbl7', 'reyno105', 'terry51', 'epiergal', 'jaloi', 'mart1391', 'gupta393', 'sah1', 'natoli0', 'peter496', 'sanjiv3damo', 'rojas23', 'chao26', 'sedgerto', 'eloewe', 'choi333', 'kswiatk', 'ferree1', 'mcginn1', 'klipiszk', 'aidanc_purdue', 'sgrzych', 'jo30', 'jmeneze', 'ssaradhi', 'schuman1', 'wonhyukdo', 'singer15', 'mgubbi', 'satishbgowda', 'mart1380', 'daviskahmann', 'ghosh36', 'pcastagn', 'ericks23', 'desai61', 'owen22', 'chen2122', '17scotta', 'alafzi', 'hsmoke', 'awoodwa', 'colewilloughby1125', 'woo49', 'pillai7', 'kozelr', 'dkuen', 'cheeseballs99', 'ja37989', 'tu37', 'bcaffert', 'mcclurez', 'malhamm', 'ander754', 'rhinesj', 'sharm284', 'atruver', 'deshmukp', 'yao201', 'koverley', 'edreifue', 'mademoiselle0812', 'nwegh2017', 'awennin', 'mfarnell', 'stapletl', 'zprofio', 'anniebreidinger', 'tnoor', 'harri670']"
3,54,195,44,40,"['msulaima', 'zubik', 'bullock8', 'rturk8292', 'aleidli', 'amcgoff', 'sedgerto', 'chao26', 'cccyyj720', 'wning', 'li3604', 'uuraechu', 'jin376', 'abelkiew', 'white559', 'zfrank64', 'dlarocco', 'daviskahmann', 'cmenden', 'ewilhite', '17scotta', 'jeigenbr', 'rutherfb', 'colewilloughby1125', 'nail', 'davidsml', 'cdtorres', 'jnasiboov', 'gmantey', 'ccurto', 'efeldman', 'yang1865', 'mmohdzai', 'mpisoni', 'cregers', 'li2722', 'deshmukp', 'amoravec', 'epiergal', 'jaloi']",155,"['cwidak', 'bwitchie', 'allnic21', 'baile261', 'lm45000', 'chiang56', 'george92', 'jhulsize', 'dewittl', 'slosing', 'lmackin', 'freyg', 'mmshank16', 'dmassow', 'peter514', 'gct246', 'jfitzhu', 'verma52', 'bamorim', 'bcasler', 'ali113', 'smit3177', 'stark22', 'mtrivell', 'jonathanlimp87', 'xul9044', 'kbebris', 'tpownell', 'behrr', 'kumar212', 'payne71', 'hill399', 'vudayamo', 'tdarmon20', 'alotaib6', 'racroth35', 'vkolar', 'agrillo', 'eashburn', 'rroggema', 'ithakor', 'nkhuu', 'gao499', 'saboa', 'ltoy', 'patel731', 'li2709', 'jlorah', 'ellis99', 'tuckerz', 'hillej', 'ecave', 'adams410', 'mill2119', 'harbinz', 'fergu101', 'akansky', 'glevine', 'abhalcha', 'nikitasridhar14', 'lee2614', 'coolnikitav', 'iyengar1', 'dragoneye', 'ftangpoo', 'nabdrahn', 'everbru', 'cvasq69', 'jbuehrle', 'ctsioli', 'wisler0', 'kvansan', 'jmacatan', 'bkeel', 'kzeligso', 'ross217', 'apanuga', 'bpolinsk', 'mohdshah', 'rumplem', 'engc', 'etitheyeti98', 'marito', 'lawrencr', 'adamdmiller17', 'egarayev', 'ceckste', 'rathi4', 'lyanni', 'rweedon', 'kswartzb', 'xu1085', 'bowman96', 'gcesar', 'goodma27', 'slillig', 'tl0120', 'mart1180', 'abosshar', 'msargen', 'akick', 'jboulayd', 'pickera', 'lthursto', 'lrigsbee', 'richg', 'kinserc', 'xose.amo', 'hschennu', 'gavinneyman', 'aperitor', 'mfess', 'tglavan', 'bgrandst', 'gezbbl7', 'terry51', 'mart1391', 'gupta393', 'natoli0', 'sanjiv3damo', 'eloewe', 'choi333', 'ferree1', 'mcginn1', 'klipiszk', 'sgrzych', 'schuman1', 'wonhyukdo', 'singer15', 'mgubbi', 'mart1380', 'ghosh36', 'pcastagn', 'chen2122', 'hsmoke', 'awoodwa', 'woo49', 'pillai7', 'kozelr', 'dkuen', 'cheeseballs99', 'tu37', 'bcaffert', 'malhamm', 'ander754', 'rhinesj', 'atruver', 'koverley', 'edreifue', 'nwegh2017', 'awennin', 'stapletl', 'anniebreidinger', 'tnoor', 'harri670']",4,"['uasoluka', 'mohanc', 'bernarm', 'ydichenk']",199,"['zubik', 'cwidak', 'bwitchie', 'allnic21', 'baile261', 'amcgoff', 'lm45000', 'chiang56', 'george92', 'jhulsize', 'dewittl', 'slosing', 'lmackin', 'freyg', 'mmshank16', 'dmassow', 'peter514', 'gct246', 'zfrank64', 'jfitzhu', 'verma52', 'bamorim', 'ewilhite', 'bcasler', 'ali113', 'smit3177', 'stark22', 'mtrivell', 'jonathanlimp87', 'xul9044', 'kbebris', 'tpownell', 'behrr', 'kumar212', 'nail', 'payne71', 'hill399', 'vudayamo', 'tdarmon20', 'alotaib6', 'racroth35', 'vkolar', 'agrillo', 'efeldman', 'eashburn', 'rroggema', 'ithakor', 'nkhuu', 'gao499', 'saboa', 'ltoy', 'patel731', 'li2709', 'jlorah', 'ellis99', 'tuckerz', 'hillej', 'aleidli', 'rturk8292', 'ecave', 'adams410', 'mill2119', 'harbinz', 'wning', 'fergu101', 'akansky', 'jin376', 'abelkiew', 'glevine', 'abhalcha', 'nikitasridhar14', 'lee2614', 'coolnikitav', 'iyengar1', 'cmenden', 'dragoneye', 'ftangpoo', 'nabdrahn', 'jeigenbr', 'rutherfb', 'everbru', 'uasoluka', 'cvasq69', 'jbuehrle', 'ctsioli', 'davidsml', 'wisler0', 'kvansan', 'gmantey', 'jmacatan', 'bkeel', 'kzeligso', 'ross217', 'mmohdzai', 'apanuga', 'li2722', 'bpolinsk', 'mohdshah', 'rumplem', 'cregers', 'engc', 'etitheyeti98', 'marito', 'amoravec', 'lawrencr', 'adamdmiller17', 'egarayev', 'bullock8', 'msulaima', 'ceckste', 'rathi4', 'lyanni', 'rweedon', 'kswartzb', 'cccyyj720', 'xu1085', 'li3604', 'uuraechu', 'bowman96', 'gcesar', 'goodma27', 'slillig', 'tl0120', 'mart1180', 'abosshar', 'dlarocco', 'white559', 'msargen', 'akick', 'jboulayd', 'pickera', 'lthursto', 'lrigsbee', 'richg', 'kinserc', 'xose.amo', 'cdtorres', 'hschennu', 'jnasiboov', 'gavinneyman', 'aperitor', 'ccurto', 'yang1865', 'mfess', 'mpisoni', 'tglavan', 'bgrandst', 'gezbbl7', 'terry51', 'epiergal', 'jaloi', 'mart1391', 'gupta393', 'natoli0', 'sanjiv3damo', 'chao26', 'sedgerto', 'eloewe', 'choi333', 'ydichenk', 'ferree1', 'mcginn1', 'klipiszk', 'sgrzych', 'schuman1', 'wonhyukdo', 'singer15', 'mgubbi', 'mart1380', 'daviskahmann', 'ghosh36', 'pcastagn', 'bernarm', 'chen2122', '17scotta', 'hsmoke', 'awoodwa', 'colewilloughby1125', 'woo49', 'pillai7', 'kozelr', 'dkuen', 'cheeseballs99', 'tu37', 'bcaffert', 'malhamm', 'ander754', 'rhinesj', 'atruver', 'mohanc', 'deshmukp', 'koverley', 'edreifue', 'nwegh2017', 'awennin', 'stapletl', 'anniebreidinger', 'tnoor', 'harri670']"
3,65,195,30,5,"['bullock8', 'gupta393', 'awoodwa', 'dragoneye', 'bamorim']",190,"['zubik', 'cwidak', 'bwitchie', 'allnic21', 'baile261', 'amcgoff', 'lm45000', 'chiang56', 'george92', 'jhulsize', 'dewittl', 'slosing', 'lmackin', 'freyg', 'mmshank16', 'dmassow', 'peter514', 'gct246', 'zfrank64', 'jfitzhu', 'verma52', 'ewilhite', 'bcasler', 'ali113', 'smit3177', 'stark22', 'mtrivell', 'jonathanlimp87', 'xul9044', 'kbebris', 'tpownell', 'behrr', 'kumar212', 'nail', 'payne71', 'hill399', 'vudayamo', 'tdarmon20', 'alotaib6', 'racroth35', 'vkolar', 'agrillo', 'efeldman', 'eashburn', 'rroggema', 'ithakor', 'nkhuu', 'gao499', 'saboa', 'ltoy', 'patel731', 'li2709', 'jlorah', 'ellis99', 'tuckerz', 'hillej', 'aleidli', 'rturk8292', 'ecave', 'adams410', 'mill2119', 'harbinz', 'wning', 'fergu101', 'akansky', 'jin376', 'abelkiew', 'glevine', 'abhalcha', 'nikitasridhar14', 'lee2614', 'coolnikitav', 'iyengar1', 'cmenden', 'ftangpoo', 'nabdrahn', 'jeigenbr', 'rutherfb', 'everbru', 'cvasq69', 'jbuehrle', 'ctsioli', 'davidsml', 'wisler0', 'kvansan', 'gmantey', 'jmacatan', 'bkeel', 'kzeligso', 'ross217', 'mmohdzai', 'apanuga', 'li2722', 'bpolinsk', 'mohdshah', 'rumplem', 'cregers', 'engc', 'etitheyeti98', 'marito', 'amoravec', 'lawrencr', 'adamdmiller17', 'egarayev', 'msulaima', 'ceckste', 'rathi4', 'lyanni', 'rweedon', 'kswartzb', 'cccyyj720', 'xu1085', 'li3604', 'uuraechu', 'bowman96', 'gcesar', 'goodma27', 'slillig', 'tl0120', 'mart1180', 'abosshar', 'dlarocco', 'white559', 'msargen', 'akick', 'jboulayd', 'pickera', 'lthursto', 'lrigsbee', 'richg', 'kinserc', 'xose.amo', 'cdtorres', 'hschennu', 'jnasiboov', 'gavinneyman', 'aperitor', 'ccurto', 'yang1865', 'mfess', 'mpisoni', 'tglavan', 'bgrandst', 'gezbbl7', 'terry51', 'epiergal', 'jaloi', 'mart1391', 'natoli0', 'sanjiv3damo', 'chao26', 'sedgerto', 'eloewe', 'choi333', 'ferree1', 'mcginn1', 'klipiszk', 'sgrzych', 'schuman1', 'wonhyukdo', 'singer15', 'mgubbi', 'mart1380', 'daviskahmann', 'ghosh36', 'pcastagn', 'chen2122', '17scotta', 'hsmoke', 'colewilloughby1125', 'woo49', 'pillai7', 'kozelr', 'dkuen', 'cheeseballs99', 'tu37', 'bcaffert', 'malhamm', 'ander754', 'rhinesj', 'atruver', 'deshmukp', 'koverley', 'edreifue', 'nwegh2017', 'awennin', 'stapletl', 'anniebreidinger', 'tnoor', 'harri670']",25,"['jone1429', 'selkin', 'dobos', 'zhangruichao2000', 'levy27', 'eponsdel', 'ander568', 'yingningfan', 'noh12', 'gkao', 'scottkenning3', 'bmirvish', 'stubbsj15', 'cdeppen', 'jingxinwang8', 'son27', 'lauerc', 'rollere', 'jonescw79', 'kimura', 'yuminghym', 'liueddyxinlue', 'hsymond', 'gutman', 'richtern']",220,"['zubik', 'cwidak', 'bwitchie', 'allnic21', 'baile261', 'amcgoff', 'lm45000', 'chiang56', 'george92', 'jhulsize', 'zhangruichao2000', 'dewittl', 'slosing', 'lmackin', 'freyg', 'mmshank16', 'dmassow', 'peter514', 'gct246', 'yingningfan', 'zfrank64', 'jfitzhu', 'verma52', 'bamorim', 'ewilhite', 'bcasler', 'ali113', 'gkao', 'smit3177', 'stark22', 'mtrivell', 'jonathanlimp87', 'xul9044', 'kbebris', 'tpownell', 'behrr', 'jingxinwang8', 'kumar212', 'nail', 'payne71', 'hill399', 'vudayamo', 'lauerc', 'tdarmon20', 'alotaib6', 'racroth35', 'vkolar', 'agrillo', 'efeldman', 'eashburn', 'rroggema', 'ithakor', 'nkhuu', 'gao499', 'saboa', 'ltoy', 'patel731', 'li2709', 'jlorah', 'richtern', 'ellis99', 'tuckerz', 'hillej', 'aleidli', 'rturk8292', 'ecave', 'adams410', 'mill2119', 'harbinz', 'wning', 'fergu101', 'akansky', 'levy27', 'jin376', 'abelkiew', 'glevine', 'abhalcha', 'nikitasridhar14', 'lee2614', 'coolnikitav', 'iyengar1', 'cmenden', 'dragoneye', 'ftangpoo', 'nabdrahn', 'scottkenning3', 'jeigenbr', 'rutherfb', 'everbru', 'cvasq69', 'jbuehrle', 'ctsioli', 'davidsml', 'wisler0', 'kvansan', 'gmantey', 'jmacatan', 'bkeel', 'kzeligso', 'ross217', 'mmohdzai', 'apanuga', 'li2722', 'bpolinsk', 'mohdshah', 'rumplem', 'cregers', 'engc', 'etitheyeti98', 'marito', 'amoravec', 'gutman', 'lawrencr', 'adamdmiller17', 'egarayev', 'bullock8', 'msulaima', 'ceckste', 'rathi4', 'jone1429', 'lyanni', 'rweedon', 'kswartzb', 'cccyyj720', 'xu1085', 'selkin', 'li3604', 'dobos', 'uuraechu', 'bowman96', 'gcesar', 'goodma27', 'slillig', 'tl0120', 'ander568', 'mart1180', 'abosshar', 'dlarocco', 'white559', 'msargen', 'akick', 'jboulayd', 'bmirvish', 'pickera', 'cdeppen', 'lthursto', 'lrigsbee', 'richg', 'kinserc', 'xose.amo', 'cdtorres', 'hschennu', 'jnasiboov', 'gavinneyman', 'aperitor', 'ccurto', 'rollere', 'jonescw79', 'yang1865', 'mfess', 'mpisoni', 'tglavan', 'bgrandst', 'gezbbl7', 'liueddyxinlue', 'hsymond', 'terry51', 'epiergal', 'jaloi', 'mart1391', 'gupta393', 'natoli0', 'sanjiv3damo', 'chao26', 'sedgerto', 'eloewe', 'choi333', 'ferree1', 'mcginn1', 'klipiszk', 'sgrzych', 'schuman1', 'eponsdel', 'wonhyukdo', 'singer15', 'mgubbi', 'mart1380', 'daviskahmann', 'ghosh36', 'pcastagn', 'noh12', 'chen2122', '17scotta', 'stubbsj15', 'hsmoke', 'awoodwa', 'colewilloughby1125', 'woo49', 'pillai7', 'kozelr', 'dkuen', 'son27', 'cheeseballs99', 'tu37', 'bcaffert', 'malhamm', 'kimura', 'ander754', 'rhinesj', 'atruver', 'deshmukp', 'koverley', 'edreifue', 'yuminghym', 'nwegh2017', 'awennin', 'stapletl', 'anniebreidinger', 'tnoor', 'harri670']"
3,120,195,24,22,"['mart1391', 'sanjiv3damo', 'ferree1', 'lmackin', 'akansky', 'singer15', 'coolnikitav', 'gct246', 'bamorim', 'smit3177', 'everbru', 'pickera', 'awoodwa', 'lrigsbee', 'richg', 'kumar212', 'ross217', 'nkhuu', 'koverley', 'etitheyeti98', 'stapletl', 'anniebreidinger']",173,"['zubik', 'cwidak', 'bwitchie', 'allnic21', 'baile261', 'amcgoff', 'lm45000', 'chiang56', 'george92', 'jhulsize', 'dewittl', 'slosing', 'freyg', 'mmshank16', 'dmassow', 'peter514', 'zfrank64', 'jfitzhu', 'verma52', 'ewilhite', 'bcasler', 'ali113', 'stark22', 'mtrivell', 'jonathanlimp87', 'xul9044', 'kbebris', 'tpownell', 'behrr', 'nail', 'payne71', 'hill399', 'vudayamo', 'tdarmon20', 'alotaib6', 'racroth35', 'vkolar', 'agrillo', 'efeldman', 'eashburn', 'rroggema', 'ithakor', 'gao499', 'saboa', 'ltoy', 'patel731', 'li2709', 'jlorah', 'ellis99', 'tuckerz', 'hillej', 'aleidli', 'rturk8292', 'ecave', 'adams410', 'mill2119', 'harbinz', 'wning', 'fergu101', 'jin376', 'abelkiew', 'glevine', 'abhalcha', 'nikitasridhar14', 'lee2614', 'iyengar1', 'cmenden', 'dragoneye', 'ftangpoo', 'nabdrahn', 'jeigenbr', 'rutherfb', 'cvasq69', 'jbuehrle', 'ctsioli', 'davidsml', 'wisler0', 'kvansan', 'gmantey', 'jmacatan', 'bkeel', 'kzeligso', 'mmohdzai', 'apanuga', 'li2722', 'bpolinsk', 'mohdshah', 'rumplem', 'cregers', 'engc', 'marito', 'amoravec', 'lawrencr', 'adamdmiller17', 'egarayev', 'bullock8', 'msulaima', 'ceckste', 'rathi4', 'lyanni', 'rweedon', 'kswartzb', 'cccyyj720', 'xu1085', 'li3604', 'uuraechu', 'bowman96', 'gcesar', 'goodma27', 'slillig', 'tl0120', 'mart1180', 'abosshar', 'dlarocco', 'white559', 'msargen', 'akick', 'jboulayd', 'lthursto', 'kinserc', 'xose.amo', 'cdtorres', 'hschennu', 'jnasiboov', 'gavinneyman', 'aperitor', 'ccurto', 'yang1865', 'mfess', 'mpisoni', 'tglavan', 'bgrandst', 'gezbbl7', 'terry51', 'epiergal', 'jaloi', 'gupta393', 'natoli0', 'chao26', 'sedgerto', 'eloewe', 'choi333', 'mcginn1', 'klipiszk', 'sgrzych', 'schuman1', 'wonhyukdo', 'mgubbi', 'mart1380', 'daviskahmann', 'ghosh36', 'pcastagn', 'chen2122', '17scotta', 'hsmoke', 'colewilloughby1125', 'woo49', 'pillai7', 'kozelr', 'dkuen', 'cheeseballs99', 'tu37', 'bcaffert', 'malhamm', 'ander754', 'rhinesj', 'atruver', 'deshmukp', 'edreifue', 'nwegh2017', 'awennin', 'tnoor', 'harri670']",2,"['sraeisi', 'zhan3624']",197,"['zubik', 'cwidak', 'bwitchie', 'allnic21', 'baile261', 'amcgoff', 'lm45000', 'chiang56', 'george92', 'jhulsize', 'dewittl', 'slosing', 'lmackin', 'freyg', 'mmshank16', 'dmassow', 'peter514', 'gct246', 'zfrank64', 'jfitzhu', 'verma52', 'bamorim', 'ewilhite', 'bcasler', 'ali113', 'smit3177', 'stark22', 'mtrivell', 'jonathanlimp87', 'xul9044', 'kbebris', 'tpownell', 'behrr', 'kumar212', 'nail', 'payne71', 'hill399', 'vudayamo', 'tdarmon20', 'alotaib6', 'racroth35', 'vkolar', 'agrillo', 'efeldman', 'eashburn', 'rroggema', 'ithakor', 'nkhuu', 'gao499', 'saboa', 'ltoy', 'patel731', 'li2709', 'jlorah', 'ellis99', 'tuckerz', 'hillej', 'aleidli', 'rturk8292', 'ecave', 'adams410', 'mill2119', 'harbinz', 'wning', 'fergu101', 'akansky', 'jin376', 'abelkiew', 'glevine', 'abhalcha', 'nikitasridhar14', 'lee2614', 'coolnikitav', 'iyengar1', 'cmenden', 'dragoneye', 'ftangpoo', 'nabdrahn', 'jeigenbr', 'rutherfb', 'everbru', 'cvasq69', 'jbuehrle', 'ctsioli', 'davidsml', 'wisler0', 'kvansan', 'gmantey', 'jmacatan', 'bkeel', 'kzeligso', 'ross217', 'mmohdzai', 'apanuga', 'li2722', 'bpolinsk', 'mohdshah', 'rumplem', 'cregers', 'engc', 'etitheyeti98', 'marito', 'amoravec', 'lawrencr', 'adamdmiller17', 'egarayev', 'bullock8', 'msulaima', 'ceckste', 'rathi4', 'lyanni', 'rweedon', 'kswartzb', 'cccyyj720', 'xu1085', 'li3604', 'uuraechu', 'bowman96', 'gcesar', 'goodma27', 'slillig', 'tl0120', 'mart1180', 'abosshar', 'dlarocco', 'white559', 'msargen', 'akick', 'jboulayd', 'pickera', 'lthursto', 'lrigsbee', 'richg', 'kinserc', 'xose.amo', 'cdtorres', 'hschennu', 'jnasiboov', 'gavinneyman', 'aperitor', 'ccurto', 'yang1865', 'mfess', 'mpisoni', 'tglavan', 'bgrandst', 'gezbbl7', 'terry51', 'zhan3624', 'epiergal', 'jaloi', 'mart1391', 'gupta393', 'natoli0', 'sanjiv3damo', 'chao26', 'sedgerto', 'eloewe', 'choi333', 'ferree1', 'mcginn1', 'klipiszk', 'sgrzych', 'schuman1', 'wonhyukdo', 'singer15', 'mgubbi', 'mart1380', 'daviskahmann', 'ghosh36', 'pcastagn', 'chen2122', '17scotta', 'hsmoke', 'awoodwa', 'colewilloughby1125', 'woo49', 'pillai7', 'kozelr', 'dkuen', 'cheeseballs99', 'tu37', 'bcaffert', 'malhamm', 'ander754', 'rhinesj', 'atruver', 'sraeisi', 'deshmukp', 'koverley', 'edreifue', 'nwegh2017', 'awennin', 'stapletl', 'anniebreidinger', 'tnoor', 'harri670']"
3,72,195,23,15,"['ross217', 'jonathanlimp87', 'rroggema', 'ctsioli', 'ellis99', 'harbinz', 'kvansan', 'ferree1', 'egarayev', 'kswartzb', 'xu1085', 'nabdrahn', 'fergu101', 'tu37', 'slosing']",180,"['zubik', 'cwidak', 'bwitchie', 'allnic21', 'baile261', 'amcgoff', 'lm45000', 'chiang56', 'george92', 'jhulsize', 'dewittl', 'lmackin', 'freyg', 'mmshank16', 'dmassow', 'peter514', 'gct246', 'zfrank64', 'jfitzhu', 'verma52', 'bamorim', 'ewilhite', 'bcasler', 'ali113', 'smit3177', 'stark22', 'mtrivell', 'xul9044', 'kbebris', 'tpownell', 'behrr', 'kumar212', 'nail', 'payne71', 'hill399', 'vudayamo', 'tdarmon20', 'alotaib6', 'racroth35', 'vkolar', 'agrillo', 'efeldman', 'eashburn', 'ithakor', 'nkhuu', 'gao499', 'saboa', 'ltoy', 'patel731', 'li2709', 'jlorah', 'tuckerz', 'hillej', 'aleidli', 'rturk8292', 'ecave', 'adams410', 'mill2119', 'wning', 'akansky', 'jin376', 'abelkiew', 'glevine', 'abhalcha', 'nikitasridhar14', 'lee2614', 'coolnikitav', 'iyengar1', 'cmenden', 'dragoneye', 'ftangpoo', 'jeigenbr', 'rutherfb', 'everbru', 'cvasq69', 'jbuehrle', 'davidsml', 'wisler0', 'gmantey', 'jmacatan', 'bkeel', 'kzeligso', 'mmohdzai', 'apanuga', 'li2722', 'bpolinsk', 'mohdshah', 'rumplem', 'cregers', 'engc', 'etitheyeti98', 'marito', 'amoravec', 'lawrencr', 'adamdmiller17', 'bullock8', 'msulaima', 'ceckste', 'rathi4', 'lyanni', 'rweedon', 'cccyyj720', 'li3604', 'uuraechu', 'bowman96', 'gcesar', 'goodma27', 'slillig', 'tl0120', 'mart1180', 'abosshar', 'dlarocco', 'white559', 'msargen', 'akick', 'jboulayd', 'pickera', 'lthursto', 'lrigsbee', 'richg', 'kinserc', 'xose.amo', 'cdtorres', 'hschennu', 'jnasiboov', 'gavinneyman', 'aperitor', 'ccurto', 'yang1865', 'mfess', 'mpisoni', 'tglavan', 'bgrandst', 'gezbbl7', 'terry51', 'epiergal', 'jaloi', 'mart1391', 'gupta393', 'natoli0', 'sanjiv3damo', 'chao26', 'sedgerto', 'eloewe', 'choi333', 'mcginn1', 'klipiszk', 'sgrzych', 'schuman1', 'wonhyukdo', 'singer15', 'mgubbi', 'mart1380', 'daviskahmann', 'ghosh36', 'pcastagn', 'chen2122', '17scotta', 'hsmoke', 'awoodwa', 'colewilloughby1125', 'woo49', 'pillai7', 'kozelr', 'dkuen', 'cheeseballs99', 'bcaffert', 'malhamm', 'ander754', 'rhinesj', 'atruver', 'deshmukp', 'koverley', 'edreifue', 'nwegh2017', 'awennin', 'stapletl', 'anniebreidinger', 'tnoor', 'harri670']",8,"['daveguo614', 'schro118', 'smit2827', 'doherty6', 'nnoraziz', 'rollere', 'sharp52', 'dzadoks']",203,"['zubik', 'cwidak', 'bwitchie', 'allnic21', 'baile261', 'amcgoff', 'lm45000', 'chiang56', 'george92', 'jhulsize', 'dewittl', 'slosing', 'lmackin', 'freyg', 'mmshank16', 'dmassow', 'peter514', 'gct246', 'zfrank64', 'jfitzhu', 'verma52', 'bamorim', 'ewilhite', 'bcasler', 'ali113', 'dzadoks', 'smit3177', 'stark22', 'mtrivell', 'jonathanlimp87', 'xul9044', 'kbebris', 'tpownell', 'behrr', 'kumar212', 'nail', 'payne71', 'hill399', 'vudayamo', 'tdarmon20', 'alotaib6', 'racroth35', 'vkolar', 'agrillo', 'efeldman', 'eashburn', 'rroggema', 'ithakor', 'nkhuu', 'schro118', 'gao499', 'saboa', 'ltoy', 'patel731', 'li2709', 'jlorah', 'ellis99', 'tuckerz', 'hillej', 'aleidli', 'rturk8292', 'ecave', 'adams410', 'mill2119', 'harbinz', 'wning', 'fergu101', 'akansky', 'jin376', 'abelkiew', 'glevine', 'abhalcha', 'nikitasridhar14', 'lee2614', 'coolnikitav', 'iyengar1', 'cmenden', 'dragoneye', 'ftangpoo', 'nabdrahn', 'sharp52', 'jeigenbr', 'rutherfb', 'everbru', 'cvasq69', 'jbuehrle', 'ctsioli', 'davidsml', 'wisler0', 'kvansan', 'gmantey', 'jmacatan', 'bkeel', 'kzeligso', 'ross217', 'mmohdzai', 'apanuga', 'li2722', 'bpolinsk', 'mohdshah', 'rumplem', 'cregers', 'engc', 'etitheyeti98', 'marito', 'amoravec', 'lawrencr', 'adamdmiller17', 'egarayev', 'bullock8', 'msulaima', 'ceckste', 'daveguo614', 'rathi4', 'lyanni', 'smit2827', 'rweedon', 'kswartzb', 'cccyyj720', 'xu1085', 'li3604', 'uuraechu', 'bowman96', 'gcesar', 'goodma27', 'slillig', 'tl0120', 'mart1180', 'abosshar', 'dlarocco', 'white559', 'doherty6', 'msargen', 'akick', 'jboulayd', 'pickera', 'lthursto', 'lrigsbee', 'richg', 'kinserc', 'xose.amo', 'cdtorres', 'hschennu', 'jnasiboov', 'gavinneyman', 'aperitor', 'ccurto', 'rollere', 'yang1865', 'mfess', 'mpisoni', 'tglavan', 'bgrandst', 'gezbbl7', 'terry51', 'nnoraziz', 'epiergal', 'jaloi', 'mart1391', 'gupta393', 'natoli0', 'sanjiv3damo', 'chao26', 'sedgerto', 'eloewe', 'choi333', 'ferree1', 'mcginn1', 'klipiszk', 'sgrzych', 'schuman1', 'wonhyukdo', 'singer15', 'mgubbi', 'mart1380', 'daviskahmann', 'ghosh36', 'pcastagn', 'chen2122', '17scotta', 'hsmoke', 'awoodwa', 'colewilloughby1125', 'woo49', 'pillai7', 'kozelr', 'dkuen', 'cheeseballs99', 'tu37', 'bcaffert', 'malhamm', 'ander754', 'rhinesj', 'atruver', 'deshmukp', 'koverley', 'edreifue', 'nwegh2017', 'awennin', 'stapletl', 'anniebreidinger', 'tnoor', 'harri670']"
3,148,195,20,18,"['cwidak', 'jonathanlimp87', 'rroggema', 'vkolar', 'slillig', 'behrr', 'lthursto', 'engc', 'hill399', 'patel731', 'abosshar', 'hschennu', 'marito', 'nwegh2017', 'terry51', 'jmacatan', 'klipiszk', 'egarayev']",177,"['zubik', 'bwitchie', 'allnic21', 'baile261', 'amcgoff', 'lm45000', 'chiang56', 'george92', 'jhulsize', 'dewittl', 'slosing', 'lmackin', 'freyg', 'mmshank16', 'dmassow', 'peter514', 'gct246', 'zfrank64', 'jfitzhu', 'verma52', 'bamorim', 'ewilhite', 'bcasler', 'ali113', 'smit3177', 'stark22', 'mtrivell', 'xul9044', 'kbebris', 'tpownell', 'kumar212', 'nail', 'payne71', 'vudayamo', 'tdarmon20', 'alotaib6', 'racroth35', 'agrillo', 'efeldman', 'eashburn', 'ithakor', 'nkhuu', 'gao499', 'saboa', 'ltoy', 'li2709', 'jlorah', 'ellis99', 'tuckerz', 'hillej', 'aleidli', 'rturk8292', 'ecave', 'adams410', 'mill2119', 'harbinz', 'wning', 'fergu101', 'akansky', 'jin376', 'abelkiew', 'glevine', 'abhalcha', 'nikitasridhar14', 'lee2614', 'coolnikitav', 'iyengar1', 'cmenden', 'dragoneye', 'ftangpoo', 'nabdrahn', 'jeigenbr', 'rutherfb', 'everbru', 'cvasq69', 'jbuehrle', 'ctsioli', 'davidsml', 'wisler0', 'kvansan', 'gmantey', 'bkeel', 'kzeligso', 'ross217', 'mmohdzai', 'apanuga', 'li2722', 'bpolinsk', 'mohdshah', 'rumplem', 'cregers', 'etitheyeti98', 'amoravec', 'lawrencr', 'adamdmiller17', 'bullock8', 'msulaima', 'ceckste', 'rathi4', 'lyanni', 'rweedon', 'kswartzb', 'cccyyj720', 'xu1085', 'li3604', 'uuraechu', 'bowman96', 'gcesar', 'goodma27', 'tl0120', 'mart1180', 'dlarocco', 'white559', 'msargen', 'akick', 'jboulayd', 'pickera', 'lrigsbee', 'richg', 'kinserc', 'xose.amo', 'cdtorres', 'jnasiboov', 'gavinneyman', 'aperitor', 'ccurto', 'yang1865', 'mfess', 'mpisoni', 'tglavan', 'bgrandst', 'gezbbl7', 'epiergal', 'jaloi', 'mart1391', 'gupta393', 'natoli0', 'sanjiv3damo', 'chao26', 'sedgerto', 'eloewe', 'choi333', 'ferree1', 'mcginn1', 'sgrzych', 'schuman1', 'wonhyukdo', 'singer15', 'mgubbi', 'mart1380', 'daviskahmann', 'ghosh36', 'pcastagn', 'chen2122', '17scotta', 'hsmoke', 'awoodwa', 'colewilloughby1125', 'woo49', 'pillai7', 'kozelr', 'dkuen', 'cheeseballs99', 'tu37', 'bcaffert', 'malhamm', 'ander754', 'rhinesj', 'atruver', 'deshmukp', 'koverley', 'edreifue', 'awennin', 'stapletl', 'anniebreidinger', 'tnoor', 'harri670']",2,"['hhansen', 'emarches']",197,"['zubik', 'cwidak', 'bwitchie', 'allnic21', 'baile261', 'amcgoff', 'lm45000', 'chiang56', 'george92', 'jhulsize', 'dewittl', 'slosing', 'lmackin', 'freyg', 'mmshank16', 'dmassow', 'peter514', 'gct246', 'zfrank64', 'jfitzhu', 'verma52', 'bamorim', 'ewilhite', 'bcasler', 'ali113', 'smit3177', 'stark22', 'mtrivell', 'jonathanlimp87', 'xul9044', 'kbebris', 'tpownell', 'behrr', 'kumar212', 'nail', 'payne71', 'hill399', 'vudayamo', 'tdarmon20', 'alotaib6', 'racroth35', 'vkolar', 'agrillo', 'efeldman', 'eashburn', 'rroggema', 'ithakor', 'nkhuu', 'gao499', 'saboa', 'ltoy', 'patel731', 'li2709', 'jlorah', 'ellis99', 'tuckerz', 'hillej', 'aleidli', 'rturk8292', 'ecave', 'adams410', 'mill2119', 'harbinz', 'wning', 'fergu101', 'akansky', 'jin376', 'abelkiew', 'glevine', 'abhalcha', 'nikitasridhar14', 'lee2614', 'coolnikitav', 'iyengar1', 'cmenden', 'dragoneye', 'ftangpoo', 'nabdrahn', 'emarches', 'jeigenbr', 'rutherfb', 'everbru', 'cvasq69', 'jbuehrle', 'ctsioli', 'davidsml', 'wisler0', 'hhansen', 'kvansan', 'gmantey', 'jmacatan', 'bkeel', 'kzeligso', 'ross217', 'mmohdzai', 'apanuga', 'li2722', 'bpolinsk', 'mohdshah', 'rumplem', 'cregers', 'engc', 'etitheyeti98', 'marito', 'amoravec', 'lawrencr', 'adamdmiller17', 'egarayev', 'bullock8', 'msulaima', 'ceckste', 'rathi4', 'lyanni', 'rweedon', 'kswartzb', 'cccyyj720', 'xu1085', 'li3604', 'uuraechu', 'bowman96', 'gcesar', 'goodma27', 'slillig', 'tl0120', 'mart1180', 'abosshar', 'dlarocco', 'white559', 'msargen', 'akick', 'jboulayd', 'pickera', 'lthursto', 'lrigsbee', 'richg', 'kinserc', 'xose.amo', 'cdtorres', 'hschennu', 'jnasiboov', 'gavinneyman', 'aperitor', 'ccurto', 'yang1865', 'mfess', 'mpisoni', 'tglavan', 'bgrandst', 'gezbbl7', 'terry51', 'epiergal', 'jaloi', 'mart1391', 'gupta393', 'natoli0', 'sanjiv3damo', 'chao26', 'sedgerto', 'eloewe', 'choi333', 'ferree1', 'mcginn1', 'klipiszk', 'sgrzych', 'schuman1', 'wonhyukdo', 'singer15', 'mgubbi', 'mart1380', 'daviskahmann', 'ghosh36', 'pcastagn', 'chen2122', '17scotta', 'hsmoke', 'awoodwa', 'colewilloughby1125', 'woo49', 'pillai7', 'kozelr', 'dkuen', 'cheeseballs99', 'tu37', 'bcaffert', 'malhamm', 'ander754', 'rhinesj', 'atruver', 'deshmukp', 'koverley', 'edreifue', 'nwegh2017', 'awennin', 'stapletl', 'anniebreidinger', 'tnoor', 'harri670']"
3,118,195,19,16,"['cwidak', 'jonathanlimp87', 'rroggema', 'slillig', 'behrr', 'lthursto', 'engc', 'patel731', 'abosshar', 'hschennu', 'marito', 'nwegh2017', 'terry51', 'jmacatan', 'vkolar', 'egarayev']",179,"['zubik', 'bwitchie', 'allnic21', 'baile261', 'amcgoff', 'lm45000', 'chiang56', 'george92', 'jhulsize', 'dewittl', 'slosing', 'lmackin', 'freyg', 'mmshank16', 'dmassow', 'peter514', 'gct246', 'zfrank64', 'jfitzhu', 'verma52', 'bamorim', 'ewilhite', 'bcasler', 'ali113', 'smit3177', 'stark22', 'mtrivell', 'xul9044', 'kbebris', 'tpownell', 'kumar212', 'nail', 'payne71', 'hill399', 'vudayamo', 'tdarmon20', 'alotaib6', 'racroth35', 'agrillo', 'efeldman', 'eashburn', 'ithakor', 'nkhuu', 'gao499', 'saboa', 'ltoy', 'li2709', 'jlorah', 'ellis99', 'tuckerz', 'hillej', 'aleidli', 'rturk8292', 'ecave', 'adams410', 'mill2119', 'harbinz', 'wning', 'fergu101', 'akansky', 'jin376', 'abelkiew', 'glevine', 'abhalcha', 'nikitasridhar14', 'lee2614', 'coolnikitav', 'iyengar1', 'cmenden', 'dragoneye', 'ftangpoo', 'nabdrahn', 'jeigenbr', 'rutherfb', 'everbru', 'cvasq69', 'jbuehrle', 'ctsioli', 'davidsml', 'wisler0', 'kvansan', 'gmantey', 'bkeel', 'kzeligso', 'ross217', 'mmohdzai', 'apanuga', 'li2722', 'bpolinsk', 'mohdshah', 'rumplem', 'cregers', 'etitheyeti98', 'amoravec', 'lawrencr', 'adamdmiller17', 'bullock8', 'msulaima', 'ceckste', 'rathi4', 'lyanni', 'rweedon', 'kswartzb', 'cccyyj720', 'xu1085', 'li3604', 'uuraechu', 'bowman96', 'gcesar', 'goodma27', 'tl0120', 'mart1180', 'dlarocco', 'white559', 'msargen', 'akick', 'jboulayd', 'pickera', 'lrigsbee', 'richg', 'kinserc', 'xose.amo', 'cdtorres', 'jnasiboov', 'gavinneyman', 'aperitor', 'ccurto', 'yang1865', 'mfess', 'mpisoni', 'tglavan', 'bgrandst', 'gezbbl7', 'epiergal', 'jaloi', 'mart1391', 'gupta393', 'natoli0', 'sanjiv3damo', 'chao26', 'sedgerto', 'eloewe', 'choi333', 'ferree1', 'mcginn1', 'klipiszk', 'sgrzych', 'schuman1', 'wonhyukdo', 'singer15', 'mgubbi', 'mart1380', 'daviskahmann', 'ghosh36', 'pcastagn', 'chen2122', '17scotta', 'hsmoke', 'awoodwa', 'colewilloughby1125', 'woo49', 'pillai7', 'kozelr', 'dkuen', 'cheeseballs99', 'tu37', 'bcaffert', 'malhamm', 'ander754', 'rhinesj', 'atruver', 'deshmukp', 'koverley', 'edreifue', 'awennin', 'stapletl', 'anniebreidinger', 'tnoor', 'harri670']",3,"['nwegh', 'jmickow', 'patel784']",198,"['zubik', 'cwidak', 'bwitchie', 'allnic21', 'baile261', 'amcgoff', 'lm45000', 'chiang56', 'george92', 'jhulsize', 'dewittl', 'slosing', 'lmackin', 'freyg', 'mmshank16', 'dmassow', 'peter514', 'gct246', 'zfrank64', 'jfitzhu', 'verma52', 'bamorim', 'ewilhite', 'bcasler', 'ali113', 'smit3177', 'stark22', 'mtrivell', 'jonathanlimp87', 'xul9044', 'kbebris', 'tpownell', 'behrr', 'patel784', 'kumar212', 'nail', 'payne71', 'hill399', 'vudayamo', 'tdarmon20', 'alotaib6', 'racroth35', 'vkolar', 'agrillo', 'efeldman', 'eashburn', 'rroggema', 'ithakor', 'nkhuu', 'gao499', 'saboa', 'ltoy', 'patel731', 'li2709', 'jlorah', 'ellis99', 'tuckerz', 'hillej', 'aleidli', 'rturk8292', 'ecave', 'adams410', 'mill2119', 'harbinz', 'wning', 'fergu101', 'akansky', 'jin376', 'abelkiew', 'glevine', 'abhalcha', 'nikitasridhar14', 'lee2614', 'coolnikitav', 'iyengar1', 'cmenden', 'dragoneye', 'ftangpoo', 'nabdrahn', 'jeigenbr', 'rutherfb', 'everbru', 'cvasq69', 'jbuehrle', 'ctsioli', 'davidsml', 'wisler0', 'kvansan', 'gmantey', 'jmacatan', 'bkeel', 'kzeligso', 'ross217', 'mmohdzai', 'apanuga', 'li2722', 'bpolinsk', 'mohdshah', 'rumplem', 'cregers', 'engc', 'etitheyeti98', 'marito', 'amoravec', 'lawrencr', 'adamdmiller17', 'egarayev', 'bullock8', 'msulaima', 'ceckste', 'rathi4', 'lyanni', 'rweedon', 'kswartzb', 'cccyyj720', 'xu1085', 'li3604', 'uuraechu', 'bowman96', 'gcesar', 'goodma27', 'slillig', 'tl0120', 'mart1180', 'abosshar', 'dlarocco', 'white559', 'msargen', 'akick', 'jboulayd', 'nwegh', 'pickera', 'lthursto', 'lrigsbee', 'richg', 'kinserc', 'xose.amo', 'cdtorres', 'hschennu', 'jnasiboov', 'gavinneyman', 'aperitor', 'ccurto', 'yang1865', 'mfess', 'mpisoni', 'tglavan', 'bgrandst', 'gezbbl7', 'terry51', 'epiergal', 'jaloi', 'mart1391', 'gupta393', 'natoli0', 'sanjiv3damo', 'chao26', 'sedgerto', 'eloewe', 'choi333', 'ferree1', 'mcginn1', 'klipiszk', 'sgrzych', 'schuman1', 'wonhyukdo', 'singer15', 'mgubbi', 'mart1380', 'jmickow', 'daviskahmann', 'ghosh36', 'pcastagn', 'chen2122', '17scotta', 'hsmoke', 'awoodwa', 'colewilloughby1125', 'woo49', 'pillai7', 'kozelr', 'dkuen', 'cheeseballs99', 'tu37', 'bcaffert', 'malhamm', 'ander754', 'rhinesj', 'atruver', 'deshmukp', 'koverley', 'edreifue', 'nwegh2017', 'awennin', 'stapletl', 'anniebreidinger', 'tnoor', 'harri670']"
3,55,195,15,11,"['tuckerz', 'cvasq69', 'tu37', 'gezbbl7', 'kvansan', 'awennin', 'aperitor', 'nabdrahn', 'mcginn1', 'ellis99', 'dewittl']",184,"['zubik', 'cwidak', 'bwitchie', 'allnic21', 'baile261', 'amcgoff', 'lm45000', 'chiang56', 'george92', 'jhulsize', 'slosing', 'lmackin', 'freyg', 'mmshank16', 'dmassow', 'peter514', 'gct246', 'zfrank64', 'jfitzhu', 'verma52', 'bamorim', 'ewilhite', 'bcasler', 'ali113', 'smit3177', 'stark22', 'mtrivell', 'jonathanlimp87', 'xul9044', 'kbebris', 'tpownell', 'behrr', 'kumar212', 'nail', 'payne71', 'hill399', 'vudayamo', 'tdarmon20', 'alotaib6', 'racroth35', 'vkolar', 'agrillo', 'efeldman', 'eashburn', 'rroggema', 'ithakor', 'nkhuu', 'gao499', 'saboa', 'ltoy', 'patel731', 'li2709', 'jlorah', 'hillej', 'aleidli', 'rturk8292', 'ecave', 'adams410', 'mill2119', 'harbinz', 'wning', 'fergu101', 'akansky', 'jin376', 'abelkiew', 'glevine', 'abhalcha', 'nikitasridhar14', 'lee2614', 'coolnikitav', 'iyengar1', 'cmenden', 'dragoneye', 'ftangpoo', 'jeigenbr', 'rutherfb', 'everbru', 'jbuehrle', 'ctsioli', 'davidsml', 'wisler0', 'gmantey', 'jmacatan', 'bkeel', 'kzeligso', 'ross217', 'mmohdzai', 'apanuga', 'li2722', 'bpolinsk', 'mohdshah', 'rumplem', 'cregers', 'engc', 'etitheyeti98', 'marito', 'amoravec', 'lawrencr', 'adamdmiller17', 'egarayev', 'bullock8', 'msulaima', 'ceckste', 'rathi4', 'lyanni', 'rweedon', 'kswartzb', 'cccyyj720', 'xu1085', 'li3604', 'uuraechu', 'bowman96', 'gcesar', 'goodma27', 'slillig', 'tl0120', 'mart1180', 'abosshar', 'dlarocco', 'white559', 'msargen', 'akick', 'jboulayd', 'pickera', 'lthursto', 'lrigsbee', 'richg', 'kinserc', 'xose.amo', 'cdtorres', 'hschennu', 'jnasiboov', 'gavinneyman', 'ccurto', 'yang1865', 'mfess', 'mpisoni', 'tglavan', 'bgrandst', 'terry51', 'epiergal', 'jaloi', 'mart1391', 'gupta393', 'natoli0', 'sanjiv3damo', 'chao26', 'sedgerto', 'eloewe', 'choi333', 'ferree1', 'klipiszk', 'sgrzych', 'schuman1', 'wonhyukdo', 'singer15', 'mgubbi', 'mart1380', 'daviskahmann', 'ghosh36', 'pcastagn', 'chen2122', '17scotta', 'hsmoke', 'awoodwa', 'colewilloughby1125', 'woo49', 'pillai7', 'kozelr', 'dkuen', 'cheeseballs99', 'bcaffert', 'malhamm', 'ander754', 'rhinesj', 'atruver', 'deshmukp', 'koverley', 'edreifue', 'nwegh2017', 'stapletl', 'anniebreidinger', 'tnoor', 'harri670']",4,"['oalkayya', 'childs4', 'rollere', 'asarnowski']",199,"['zubik', 'cwidak', 'bwitchie', 'allnic21', 'baile261', 'amcgoff', 'lm45000', 'chiang56', 'george92', 'jhulsize', 'dewittl', 'slosing', 'lmackin', 'freyg', 'mmshank16', 'dmassow', 'peter514', 'gct246', 'zfrank64', 'jfitzhu', 'verma52', 'bamorim', 'ewilhite', 'bcasler', 'ali113', 'smit3177', 'stark22', 'mtrivell', 'jonathanlimp87', 'xul9044', 'kbebris', 'tpownell', 'behrr', 'kumar212', 'nail', 'payne71', 'hill399', 'vudayamo', 'tdarmon20', 'alotaib6', 'racroth35', 'vkolar', 'agrillo', 'efeldman', 'eashburn', 'rroggema', 'ithakor', 'nkhuu', 'gao499', 'saboa', 'ltoy', 'patel731', 'li2709', 'jlorah', 'ellis99', 'tuckerz', 'hillej', 'aleidli', 'rturk8292', 'ecave', 'adams410', 'mill2119', 'harbinz', 'wning', 'fergu101', 'akansky', 'jin376', 'abelkiew', 'glevine', 'abhalcha', 'nikitasridhar14', 'lee2614', 'coolnikitav', 'asarnowski', 'iyengar1', 'cmenden', 'dragoneye', 'ftangpoo', 'nabdrahn', 'jeigenbr', 'rutherfb', 'everbru', 'cvasq69', 'jbuehrle', 'ctsioli', 'davidsml', 'wisler0', 'kvansan', 'gmantey', 'jmacatan', 'bkeel', 'kzeligso', 'ross217', 'mmohdzai', 'apanuga', 'li2722', 'bpolinsk', 'mohdshah', 'rumplem', 'cregers', 'engc', 'etitheyeti98', 'marito', 'amoravec', 'lawrencr', 'adamdmiller17', 'egarayev', 'bullock8', 'msulaima', 'ceckste', 'rathi4', 'lyanni', 'rweedon', 'kswartzb', 'cccyyj720', 'xu1085', 'li3604', 'uuraechu', 'bowman96', 'gcesar', 'goodma27', 'slillig', 'tl0120', 'mart1180', 'abosshar', 'dlarocco', 'white559', 'oalkayya', 'msargen', 'akick', 'jboulayd', 'pickera', 'lthursto', 'lrigsbee', 'richg', 'kinserc', 'xose.amo', 'cdtorres', 'hschennu', 'jnasiboov', 'gavinneyman', 'aperitor', 'ccurto', 'rollere', 'yang1865', 'mfess', 'mpisoni', 'tglavan', 'bgrandst', 'gezbbl7', 'terry51', 'epiergal', 'jaloi', 'mart1391', 'gupta393', 'natoli0', 'sanjiv3damo', 'chao26', 'sedgerto', 'eloewe', 'choi333', 'ferree1', 'mcginn1', 'klipiszk', 'sgrzych', 'schuman1', 'wonhyukdo', 'singer15', 'mgubbi', 'mart1380', 'daviskahmann', 'ghosh36', 'pcastagn', 'chen2122', '17scotta', 'hsmoke', 'awoodwa', 'colewilloughby1125', 'woo49', 'pillai7', 'kozelr', 'dkuen', 'cheeseballs99', 'tu37', 'bcaffert', 'malhamm', 'childs4', 'ander754', 'rhinesj', 'atruver', 'deshmukp', 'koverley', 'edreifue', 'nwegh2017', 'awennin', 'stapletl', 'anniebreidinger', 'tnoor', 'harri670']"
3,119,195,13,12,"['hsmoke', 'dmassow', 'tdarmon20', 'adamdmiller17', 'kozelr', 'hill399', 'zfrank64', 'amoravec', 'verma52', 'harri670', 'epiergal', 'sgrzych']",183,"['zubik', 'cwidak', 'bwitchie', 'allnic21', 'baile261', 'amcgoff', 'lm45000', 'chiang56', 'george92', 'jhulsize', 'dewittl', 'slosing', 'lmackin', 'freyg', 'mmshank16', 'peter514', 'gct246', 'jfitzhu', 'bamorim', 'ewilhite', 'bcasler', 'ali113', 'smit3177', 'stark22', 'mtrivell', 'jonathanlimp87', 'xul9044', 'kbebris', 'tpownell', 'behrr', 'kumar212', 'nail', 'payne71', 'vudayamo', 'alotaib6', 'racroth35', 'vkolar', 'agrillo', 'efeldman', 'eashburn', 'rroggema', 'ithakor', 'nkhuu', 'gao499', 'saboa', 'ltoy', 'patel731', 'li2709', 'jlorah', 'ellis99', 'tuckerz', 'hillej', 'aleidli', 'rturk8292', 'ecave', 'adams410', 'mill2119', 'harbinz', 'wning', 'fergu101', 'akansky', 'jin376', 'abelkiew', 'glevine', 'abhalcha', 'nikitasridhar14', 'lee2614', 'coolnikitav', 'iyengar1', 'cmenden', 'dragoneye', 'ftangpoo', 'nabdrahn', 'jeigenbr', 'rutherfb', 'everbru', 'cvasq69', 'jbuehrle', 'ctsioli', 'davidsml', 'wisler0', 'kvansan', 'gmantey', 'jmacatan', 'bkeel', 'kzeligso', 'ross217', 'mmohdzai', 'apanuga', 'li2722', 'bpolinsk', 'mohdshah', 'rumplem', 'cregers', 'engc', 'etitheyeti98', 'marito', 'lawrencr', 'egarayev', 'bullock8', 'msulaima', 'ceckste', 'rathi4', 'lyanni', 'rweedon', 'kswartzb', 'cccyyj720', 'xu1085', 'li3604', 'uuraechu', 'bowman96', 'gcesar', 'goodma27', 'slillig', 'tl0120', 'mart1180', 'abosshar', 'dlarocco', 'white559', 'msargen', 'akick', 'jboulayd', 'pickera', 'lthursto', 'lrigsbee', 'richg', 'kinserc', 'xose.amo', 'cdtorres', 'hschennu', 'jnasiboov', 'gavinneyman', 'aperitor', 'ccurto', 'yang1865', 'mfess', 'mpisoni', 'tglavan', 'bgrandst', 'gezbbl7', 'terry51', 'jaloi', 'mart1391', 'gupta393', 'natoli0', 'sanjiv3damo', 'chao26', 'sedgerto', 'eloewe', 'choi333', 'ferree1', 'mcginn1', 'klipiszk', 'schuman1', 'wonhyukdo', 'singer15', 'mgubbi', 'mart1380', 'daviskahmann', 'ghosh36', 'pcastagn', 'chen2122', '17scotta', 'awoodwa', 'colewilloughby1125', 'woo49', 'pillai7', 'dkuen', 'cheeseballs99', 'tu37', 'bcaffert', 'malhamm', 'ander754', 'rhinesj', 'atruver', 'deshmukp', 'koverley', 'edreifue', 'nwegh2017', 'awennin', 'stapletl', 'anniebreidinger', 'tnoor']",1,['mdroege'],196,"['zubik', 'cwidak', 'bwitchie', 'allnic21', 'baile261', 'amcgoff', 'lm45000', 'chiang56', 'george92', 'jhulsize', 'dewittl', 'slosing', 'lmackin', 'freyg', 'mmshank16', 'dmassow', 'peter514', 'gct246', 'zfrank64', 'jfitzhu', 'verma52', 'bamorim', 'ewilhite', 'bcasler', 'ali113', 'smit3177', 'stark22', 'mtrivell', 'jonathanlimp87', 'xul9044', 'kbebris', 'tpownell', 'behrr', 'kumar212', 'nail', 'payne71', 'hill399', 'vudayamo', 'tdarmon20', 'alotaib6', 'racroth35', 'vkolar', 'agrillo', 'efeldman', 'eashburn', 'rroggema', 'ithakor', 'nkhuu', 'gao499', 'saboa', 'ltoy', 'patel731', 'li2709', 'jlorah', 'ellis99', 'tuckerz', 'hillej', 'aleidli', 'rturk8292', 'ecave', 'adams410', 'mill2119', 'harbinz', 'wning', 'fergu101', 'akansky', 'jin376', 'abelkiew', 'glevine', 'abhalcha', 'nikitasridhar14', 'lee2614', 'coolnikitav', 'iyengar1', 'cmenden', 'dragoneye', 'ftangpoo', 'nabdrahn', 'jeigenbr', 'rutherfb', 'everbru', 'mdroege', 'cvasq69', 'jbuehrle', 'ctsioli', 'davidsml', 'wisler0', 'kvansan', 'gmantey', 'jmacatan', 'bkeel', 'kzeligso', 'ross217', 'mmohdzai', 'apanuga', 'li2722', 'bpolinsk', 'mohdshah', 'rumplem', 'cregers', 'engc', 'etitheyeti98', 'marito', 'amoravec', 'lawrencr', 'adamdmiller17', 'egarayev', 'bullock8', 'msulaima', 'ceckste', 'rathi4', 'lyanni', 'rweedon', 'kswartzb', 'cccyyj720', 'xu1085', 'li3604', 'uuraechu', 'bowman96', 'gcesar', 'goodma27', 'slillig', 'tl0120', 'mart1180', 'abosshar', 'dlarocco', 'white559', 'msargen', 'akick', 'jboulayd', 'pickera', 'lthursto', 'lrigsbee', 'richg', 'kinserc', 'xose.amo', 'cdtorres', 'hschennu', 'jnasiboov', 'gavinneyman', 'aperitor', 'ccurto', 'yang1865', 'mfess', 'mpisoni', 'tglavan', 'bgrandst', 'gezbbl7', 'terry51', 'epiergal', 'jaloi', 'mart1391', 'gupta393', 'natoli0', 'sanjiv3damo', 'chao26', 'sedgerto', 'eloewe', 'choi333', 'ferree1', 'mcginn1', 'klipiszk', 'sgrzych', 'schuman1', 'wonhyukdo', 'singer15', 'mgubbi', 'mart1380', 'daviskahmann', 'ghosh36', 'pcastagn', 'chen2122', '17scotta', 'hsmoke', 'awoodwa', 'colewilloughby1125', 'woo49', 'pillai7', 'kozelr', 'dkuen', 'cheeseballs99', 'tu37', 'bcaffert', 'malhamm', 'ander754', 'rhinesj', 'atruver', 'deshmukp', 'koverley', 'edreifue', 'nwegh2017', 'awennin', 'stapletl', 'anniebreidinger', 'tnoor', 'harri670']"
3,110,195,10,1,['harbinz'],194,"['zubik', 'cwidak', 'bwitchie', 'allnic21', 'baile261', 'amcgoff', 'lm45000', 'chiang56', 'george92', 'jhulsize', 'dewittl', 'slosing', 'lmackin', 'freyg', 'mmshank16', 'dmassow', 'peter514', 'gct246', 'zfrank64', 'jfitzhu', 'verma52', 'bamorim', 'ewilhite', 'bcasler', 'ali113', 'smit3177', 'stark22', 'mtrivell', 'jonathanlimp87', 'xul9044', 'kbebris', 'tpownell', 'behrr', 'kumar212', 'nail', 'payne71', 'hill399', 'vudayamo', 'tdarmon20', 'alotaib6', 'racroth35', 'vkolar', 'agrillo', 'efeldman', 'eashburn', 'rroggema', 'ithakor', 'nkhuu', 'gao499', 'saboa', 'ltoy', 'patel731', 'li2709', 'jlorah', 'ellis99', 'tuckerz', 'hillej', 'aleidli', 'rturk8292', 'ecave', 'adams410', 'mill2119', 'wning', 'fergu101', 'akansky', 'jin376', 'abelkiew', 'glevine', 'abhalcha', 'nikitasridhar14', 'lee2614', 'coolnikitav', 'iyengar1', 'cmenden', 'dragoneye', 'ftangpoo', 'nabdrahn', 'jeigenbr', 'rutherfb', 'everbru', 'cvasq69', 'jbuehrle', 'ctsioli', 'davidsml', 'wisler0', 'kvansan', 'gmantey', 'jmacatan', 'bkeel', 'kzeligso', 'ross217', 'mmohdzai', 'apanuga', 'li2722', 'bpolinsk', 'mohdshah', 'rumplem', 'cregers', 'engc', 'etitheyeti98', 'marito', 'amoravec', 'lawrencr', 'adamdmiller17', 'egarayev', 'bullock8', 'msulaima', 'ceckste', 'rathi4', 'lyanni', 'rweedon', 'kswartzb', 'cccyyj720', 'xu1085', 'li3604', 'uuraechu', 'bowman96', 'gcesar', 'goodma27', 'slillig', 'tl0120', 'mart1180', 'abosshar', 'dlarocco', 'white559', 'msargen', 'akick', 'jboulayd', 'pickera', 'lthursto', 'lrigsbee', 'richg', 'kinserc', 'xose.amo', 'cdtorres', 'hschennu', 'jnasiboov', 'gavinneyman', 'aperitor', 'ccurto', 'yang1865', 'mfess', 'mpisoni', 'tglavan', 'bgrandst', 'gezbbl7', 'terry51', 'epiergal', 'jaloi', 'mart1391', 'gupta393', 'natoli0', 'sanjiv3damo', 'chao26', 'sedgerto', 'eloewe', 'choi333', 'ferree1', 'mcginn1', 'klipiszk', 'sgrzych', 'schuman1', 'wonhyukdo', 'singer15', 'mgubbi', 'mart1380', 'daviskahmann', 'ghosh36', 'pcastagn', 'chen2122', '17scotta', 'hsmoke', 'awoodwa', 'colewilloughby1125', 'woo49', 'pillai7', 'kozelr', 'dkuen', 'cheeseballs99', 'tu37', 'bcaffert', 'malhamm', 'ander754', 'rhinesj', 'atruver', 'deshmukp', 'koverley', 'edreifue', 'nwegh2017', 'awennin', 'stapletl', 'anniebreidinger', 'tnoor', 'harri670']",9,"['sritapaswi2007', 'jiang402', 'cmousoul', 'hsvalladares88', 'bageesey', 'ho141', 'markleightonfisher', 'llosadar', 'cedrichan']",204,"['zubik', 'cwidak', 'bwitchie', 'allnic21', 'baile261', 'amcgoff', 'lm45000', 'chiang56', 'george92', 'jhulsize', 'dewittl', 'slosing', 'lmackin', 'freyg', 'mmshank16', 'dmassow', 'peter514', 'gct246', 'zfrank64', 'jfitzhu', 'verma52', 'bamorim', 'ewilhite', 'bcasler', 'ali113', 'smit3177', 'stark22', 'mtrivell', 'jonathanlimp87', 'xul9044', 'kbebris', 'tpownell', 'behrr', 'kumar212', 'nail', 'payne71', 'hill399', 'vudayamo', 'tdarmon20', 'alotaib6', 'racroth35', 'vkolar', 'agrillo', 'efeldman', 'eashburn', 'rroggema', 'ithakor', 'nkhuu', 'gao499', 'saboa', 'ltoy', 'patel731', 'li2709', 'jlorah', 'ellis99', 'tuckerz', 'hillej', 'aleidli', 'rturk8292', 'sritapaswi2007', 'jiang402', 'ecave', 'cmousoul', 'adams410', 'hsvalladares88', 'mill2119', 'harbinz', 'wning', 'fergu101', 'akansky', 'jin376', 'abelkiew', 'glevine', 'abhalcha', 'ho141', 'nikitasridhar14', 'lee2614', 'coolnikitav', 'iyengar1', 'cmenden', 'dragoneye', 'ftangpoo', 'nabdrahn', 'jeigenbr', 'rutherfb', 'everbru', 'cvasq69', 'jbuehrle', 'ctsioli', 'davidsml', 'wisler0', 'llosadar', 'kvansan', 'cedrichan', 'gmantey', 'jmacatan', 'bkeel', 'kzeligso', 'ross217', 'mmohdzai', 'apanuga', 'li2722', 'bpolinsk', 'mohdshah', 'rumplem', 'cregers', 'engc', 'etitheyeti98', 'marito', 'amoravec', 'lawrencr', 'adamdmiller17', 'egarayev', 'bullock8', 'msulaima', 'ceckste', 'rathi4', 'lyanni', 'rweedon', 'kswartzb', 'cccyyj720', 'xu1085', 'li3604', 'uuraechu', 'bowman96', 'gcesar', 'goodma27', 'slillig', 'tl0120', 'mart1180', 'abosshar', 'dlarocco', 'white559', 'msargen', 'akick', 'jboulayd', 'pickera', 'lthursto', 'lrigsbee', 'richg', 'kinserc', 'xose.amo', 'cdtorres', 'hschennu', 'jnasiboov', 'gavinneyman', 'aperitor', 'ccurto', 'yang1865', 'mfess', 'mpisoni', 'tglavan', 'bgrandst', 'gezbbl7', 'terry51', 'epiergal', 'jaloi', 'mart1391', 'gupta393', 'natoli0', 'sanjiv3damo', 'chao26', 'sedgerto', 'eloewe', 'choi333', 'ferree1', 'mcginn1', 'klipiszk', 'sgrzych', 'schuman1', 'wonhyukdo', 'singer15', 'mgubbi', 'markleightonfisher', 'mart1380', 'daviskahmann', 'ghosh36', 'pcastagn', 'chen2122', '17scotta', 'hsmoke', 'awoodwa', 'colewilloughby1125', 'woo49', 'pillai7', 'kozelr', 'dkuen', 'cheeseballs99', 'tu37', 'bcaffert', 'malhamm', 'ander754', 'rhinesj', 'atruver', 'deshmukp', 'koverley', 'edreifue', 'bageesey', 'nwegh2017', 'awennin', 'stapletl', 'anniebreidinger', 'tnoor', 'harri670']"
3,149,195,10,10,"['hsmoke', 'dmassow', 'tdarmon20', 'jbuehrle', 'kozelr', 'hill399', 'verma52', 'harri670', 'adamdmiller17', 'sgrzych']",185,"['zubik', 'cwidak', 'bwitchie', 'allnic21', 'baile261', 'amcgoff', 'lm45000', 'chiang56', 'george92', 'jhulsize', 'dewittl', 'slosing', 'lmackin', 'freyg', 'mmshank16', 'peter514', 'gct246', 'zfrank64', 'jfitzhu', 'bamorim', 'ewilhite', 'bcasler', 'ali113', 'smit3177', 'stark22', 'mtrivell', 'jonathanlimp87', 'xul9044', 'kbebris', 'tpownell', 'behrr', 'kumar212', 'nail', 'payne71', 'vudayamo', 'alotaib6', 'racroth35', 'vkolar', 'agrillo', 'efeldman', 'eashburn', 'rroggema', 'ithakor', 'nkhuu', 'gao499', 'saboa', 'ltoy', 'patel731', 'li2709', 'jlorah', 'ellis99', 'tuckerz', 'hillej', 'aleidli', 'rturk8292', 'ecave', 'adams410', 'mill2119', 'harbinz', 'wning', 'fergu101', 'akansky', 'jin376', 'abelkiew', 'glevine', 'abhalcha', 'nikitasridhar14', 'lee2614', 'coolnikitav', 'iyengar1', 'cmenden', 'dragoneye', 'ftangpoo', 'nabdrahn', 'jeigenbr', 'rutherfb', 'everbru', 'cvasq69', 'ctsioli', 'davidsml', 'wisler0', 'kvansan', 'gmantey', 'jmacatan', 'bkeel', 'kzeligso', 'ross217', 'mmohdzai', 'apanuga', 'li2722', 'bpolinsk', 'mohdshah', 'rumplem', 'cregers', 'engc', 'etitheyeti98', 'marito', 'amoravec', 'lawrencr', 'egarayev', 'bullock8', 'msulaima', 'ceckste', 'rathi4', 'lyanni', 'rweedon', 'kswartzb', 'cccyyj720', 'xu1085', 'li3604', 'uuraechu', 'bowman96', 'gcesar', 'goodma27', 'slillig', 'tl0120', 'mart1180', 'abosshar', 'dlarocco', 'white559', 'msargen', 'akick', 'jboulayd', 'pickera', 'lthursto', 'lrigsbee', 'richg', 'kinserc', 'xose.amo', 'cdtorres', 'hschennu', 'jnasiboov', 'gavinneyman', 'aperitor', 'ccurto', 'yang1865', 'mfess', 'mpisoni', 'tglavan', 'bgrandst', 'gezbbl7', 'terry51', 'epiergal', 'jaloi', 'mart1391', 'gupta393', 'natoli0', 'sanjiv3damo', 'chao26', 'sedgerto', 'eloewe', 'choi333', 'ferree1', 'mcginn1', 'klipiszk', 'schuman1', 'wonhyukdo', 'singer15', 'mgubbi', 'mart1380', 'daviskahmann', 'ghosh36', 'pcastagn', 'chen2122', '17scotta', 'awoodwa', 'colewilloughby1125', 'woo49', 'pillai7', 'dkuen', 'cheeseballs99', 'tu37', 'bcaffert', 'malhamm', 'ander754', 'rhinesj', 'atruver', 'deshmukp', 'koverley', 'edreifue', 'nwegh2017', 'awennin', 'stapletl', 'anniebreidinger', 'tnoor']",0,[],195,"['zubik', 'cwidak', 'bwitchie', 'allnic21', 'baile261', 'amcgoff', 'lm45000', 'chiang56', 'george92', 'jhulsize', 'dewittl', 'slosing', 'lmackin', 'freyg', 'mmshank16', 'dmassow', 'peter514', 'gct246', 'zfrank64', 'jfitzhu', 'verma52', 'bamorim', 'ewilhite', 'bcasler', 'ali113', 'smit3177', 'stark22', 'mtrivell', 'jonathanlimp87', 'xul9044', 'kbebris', 'tpownell', 'behrr', 'kumar212', 'nail', 'payne71', 'hill399', 'vudayamo', 'tdarmon20', 'alotaib6', 'racroth35', 'vkolar', 'agrillo', 'efeldman', 'eashburn', 'rroggema', 'ithakor', 'nkhuu', 'gao499', 'saboa', 'ltoy', 'patel731', 'li2709', 'jlorah', 'ellis99', 'tuckerz', 'hillej', 'aleidli', 'rturk8292', 'ecave', 'adams410', 'mill2119', 'harbinz', 'wning', 'fergu101', 'akansky', 'jin376', 'abelkiew', 'glevine', 'abhalcha', 'nikitasridhar14', 'lee2614', 'coolnikitav', 'iyengar1', 'cmenden', 'dragoneye', 'ftangpoo', 'nabdrahn', 'jeigenbr', 'rutherfb', 'everbru', 'cvasq69', 'jbuehrle', 'ctsioli', 'davidsml', 'wisler0', 'kvansan', 'gmantey', 'jmacatan', 'bkeel', 'kzeligso', 'ross217', 'mmohdzai', 'apanuga', 'li2722', 'bpolinsk', 'mohdshah', 'rumplem', 'cregers', 'engc', 'etitheyeti98', 'marito', 'amoravec', 'lawrencr', 'adamdmiller17', 'egarayev', 'bullock8', 'msulaima', 'ceckste', 'rathi4', 'lyanni', 'rweedon', 'kswartzb', 'cccyyj720', 'xu1085', 'li3604', 'uuraechu', 'bowman96', 'gcesar', 'goodma27', 'slillig', 'tl0120', 'mart1180', 'abosshar', 'dlarocco', 'white559', 'msargen', 'akick', 'jboulayd', 'pickera', 'lthursto', 'lrigsbee', 'richg', 'kinserc', 'xose.amo', 'cdtorres', 'hschennu', 'jnasiboov', 'gavinneyman', 'aperitor', 'ccurto', 'yang1865', 'mfess', 'mpisoni', 'tglavan', 'bgrandst', 'gezbbl7', 'terry51', 'epiergal', 'jaloi', 'mart1391', 'gupta393', 'natoli0', 'sanjiv3damo', 'chao26', 'sedgerto', 'eloewe', 'choi333', 'ferree1', 'mcginn1', 'klipiszk', 'sgrzych', 'schuman1', 'wonhyukdo', 'singer15', 'mgubbi', 'mart1380', 'daviskahmann', 'ghosh36', 'pcastagn', 'chen2122', '17scotta', 'hsmoke', 'awoodwa', 'colewilloughby1125', 'woo49', 'pillai7', 'kozelr', 'dkuen', 'cheeseballs99', 'tu37', 'bcaffert', 'malhamm', 'ander754', 'rhinesj', 'atruver', 'deshmukp', 'koverley', 'edreifue', 'nwegh2017', 'awennin', 'stapletl', 'anniebreidinger', 'tnoor', 'harri670']"
3,67,195,8,1,['koverley'],194,"['zubik', 'cwidak', 'bwitchie', 'allnic21', 'baile261', 'amcgoff', 'lm45000', 'chiang56', 'george92', 'jhulsize', 'dewittl', 'slosing', 'lmackin', 'freyg', 'mmshank16', 'dmassow', 'peter514', 'gct246', 'zfrank64', 'jfitzhu', 'verma52', 'bamorim', 'ewilhite', 'bcasler', 'ali113', 'smit3177', 'stark22', 'mtrivell', 'jonathanlimp87', 'xul9044', 'kbebris', 'tpownell', 'behrr', 'kumar212', 'nail', 'payne71', 'hill399', 'vudayamo', 'tdarmon20', 'alotaib6', 'racroth35', 'vkolar', 'agrillo', 'efeldman', 'eashburn', 'rroggema', 'ithakor', 'nkhuu', 'gao499', 'saboa', 'ltoy', 'patel731', 'li2709', 'jlorah', 'ellis99', 'tuckerz', 'hillej', 'aleidli', 'rturk8292', 'ecave', 'adams410', 'mill2119', 'harbinz', 'wning', 'fergu101', 'akansky', 'jin376', 'abelkiew', 'glevine', 'abhalcha', 'nikitasridhar14', 'lee2614', 'coolnikitav', 'iyengar1', 'cmenden', 'dragoneye', 'ftangpoo', 'nabdrahn', 'jeigenbr', 'rutherfb', 'everbru', 'cvasq69', 'jbuehrle', 'ctsioli', 'davidsml', 'wisler0', 'kvansan', 'gmantey', 'jmacatan', 'bkeel', 'kzeligso', 'ross217', 'mmohdzai', 'apanuga', 'li2722', 'bpolinsk', 'mohdshah', 'rumplem', 'cregers', 'engc', 'etitheyeti98', 'marito', 'amoravec', 'lawrencr', 'adamdmiller17', 'egarayev', 'bullock8', 'msulaima', 'ceckste', 'rathi4', 'lyanni', 'rweedon', 'kswartzb', 'cccyyj720', 'xu1085', 'li3604', 'uuraechu', 'bowman96', 'gcesar', 'goodma27', 'slillig', 'tl0120', 'mart1180', 'abosshar', 'dlarocco', 'white559', 'msargen', 'akick', 'jboulayd', 'pickera', 'lthursto', 'lrigsbee', 'richg', 'kinserc', 'xose.amo', 'cdtorres', 'hschennu', 'jnasiboov', 'gavinneyman', 'aperitor', 'ccurto', 'yang1865', 'mfess', 'mpisoni', 'tglavan', 'bgrandst', 'gezbbl7', 'terry51', 'epiergal', 'jaloi', 'mart1391', 'gupta393', 'natoli0', 'sanjiv3damo', 'chao26', 'sedgerto', 'eloewe', 'choi333', 'ferree1', 'mcginn1', 'klipiszk', 'sgrzych', 'schuman1', 'wonhyukdo', 'singer15', 'mgubbi', 'mart1380', 'daviskahmann', 'ghosh36', 'pcastagn', 'chen2122', '17scotta', 'hsmoke', 'awoodwa', 'colewilloughby1125', 'woo49', 'pillai7', 'kozelr', 'dkuen', 'cheeseballs99', 'tu37', 'bcaffert', 'malhamm', 'ander754', 'rhinesj', 'atruver', 'deshmukp', 'edreifue', 'nwegh2017', 'awennin', 'stapletl', 'anniebreidinger', 'tnoor', 'harri670']",7,"['dixon82', 'obalican', 'koverley1', 'hansonni', 'cho372', 'yount', 'sharp52']",202,"['zubik', 'cwidak', 'bwitchie', 'allnic21', 'baile261', 'amcgoff', 'lm45000', 'chiang56', 'george92', 'jhulsize', 'yount', 'dewittl', 'slosing', 'lmackin', 'freyg', 'mmshank16', 'dmassow', 'peter514', 'gct246', 'zfrank64', 'jfitzhu', 'verma52', 'bamorim', 'ewilhite', 'bcasler', 'ali113', 'smit3177', 'stark22', 'mtrivell', 'jonathanlimp87', 'xul9044', 'kbebris', 'tpownell', 'behrr', 'kumar212', 'nail', 'payne71', 'hill399', 'vudayamo', 'tdarmon20', 'alotaib6', 'racroth35', 'vkolar', 'agrillo', 'efeldman', 'eashburn', 'rroggema', 'ithakor', 'nkhuu', 'gao499', 'saboa', 'ltoy', 'patel731', 'li2709', 'jlorah', 'ellis99', 'tuckerz', 'hillej', 'aleidli', 'rturk8292', 'ecave', 'adams410', 'mill2119', 'harbinz', 'wning', 'fergu101', 'akansky', 'hansonni', 'jin376', 'abelkiew', 'glevine', 'abhalcha', 'nikitasridhar14', 'lee2614', 'coolnikitav', 'iyengar1', 'cmenden', 'dragoneye', 'ftangpoo', 'nabdrahn', 'sharp52', 'jeigenbr', 'rutherfb', 'everbru', 'cvasq69', 'jbuehrle', 'ctsioli', 'davidsml', 'wisler0', 'kvansan', 'gmantey', 'jmacatan', 'bkeel', 'kzeligso', 'ross217', 'mmohdzai', 'apanuga', 'li2722', 'bpolinsk', 'mohdshah', 'rumplem', 'cregers', 'engc', 'cho372', 'etitheyeti98', 'marito', 'amoravec', 'lawrencr', 'adamdmiller17', 'egarayev', 'bullock8', 'msulaima', 'ceckste', 'rathi4', 'lyanni', 'rweedon', 'kswartzb', 'cccyyj720', 'xu1085', 'li3604', 'uuraechu', 'bowman96', 'gcesar', 'goodma27', 'slillig', 'tl0120', 'mart1180', 'abosshar', 'dlarocco', 'white559', 'msargen', 'akick', 'jboulayd', 'pickera', 'lthursto', 'lrigsbee', 'richg', 'kinserc', 'xose.amo', 'cdtorres', 'hschennu', 'jnasiboov', 'gavinneyman', 'aperitor', 'ccurto', 'yang1865', 'mfess', 'mpisoni', 'obalican', 'tglavan', 'bgrandst', 'gezbbl7', 'terry51', 'epiergal', 'jaloi', 'mart1391', 'gupta393', 'dixon82', 'natoli0', 'sanjiv3damo', 'chao26', 'sedgerto', 'eloewe', 'choi333', 'ferree1', 'mcginn1', 'klipiszk', 'sgrzych', 'schuman1', 'koverley1', 'wonhyukdo', 'singer15', 'mgubbi', 'mart1380', 'daviskahmann', 'ghosh36', 'pcastagn', 'chen2122', '17scotta', 'hsmoke', 'awoodwa', 'colewilloughby1125', 'woo49', 'pillai7', 'kozelr', 'dkuen', 'cheeseballs99', 'tu37', 'bcaffert', 'malhamm', 'ander754', 'rhinesj', 'atruver', 'deshmukp', 'koverley', 'edreifue', 'nwegh2017', 'awennin', 'stapletl', 'anniebreidinger', 'tnoor', 'harri670']"
3,69,195,7,3,"['mcginn1', 'efeldman', 'etitheyeti98']",192,"['zubik', 'cwidak', 'bwitchie', 'allnic21', 'baile261', 'amcgoff', 'lm45000', 'chiang56', 'george92', 'jhulsize', 'dewittl', 'slosing', 'lmackin', 'freyg', 'mmshank16', 'dmassow', 'peter514', 'gct246', 'zfrank64', 'jfitzhu', 'verma52', 'bamorim', 'ewilhite', 'bcasler', 'ali113', 'smit3177', 'stark22', 'mtrivell', 'jonathanlimp87', 'xul9044', 'kbebris', 'tpownell', 'behrr', 'kumar212', 'nail', 'payne71', 'hill399', 'vudayamo', 'tdarmon20', 'alotaib6', 'racroth35', 'vkolar', 'agrillo', 'eashburn', 'rroggema', 'ithakor', 'nkhuu', 'gao499', 'saboa', 'ltoy', 'patel731', 'li2709', 'jlorah', 'ellis99', 'tuckerz', 'hillej', 'aleidli', 'rturk8292', 'ecave', 'adams410', 'mill2119', 'harbinz', 'wning', 'fergu101', 'akansky', 'jin376', 'abelkiew', 'glevine', 'abhalcha', 'nikitasridhar14', 'lee2614', 'coolnikitav', 'iyengar1', 'cmenden', 'dragoneye', 'ftangpoo', 'nabdrahn', 'jeigenbr', 'rutherfb', 'everbru', 'cvasq69', 'jbuehrle', 'ctsioli', 'davidsml', 'wisler0', 'kvansan', 'gmantey', 'jmacatan', 'bkeel', 'kzeligso', 'ross217', 'mmohdzai', 'apanuga', 'li2722', 'bpolinsk', 'mohdshah', 'rumplem', 'cregers', 'engc', 'marito', 'amoravec', 'lawrencr', 'adamdmiller17', 'egarayev', 'bullock8', 'msulaima', 'ceckste', 'rathi4', 'lyanni', 'rweedon', 'kswartzb', 'cccyyj720', 'xu1085', 'li3604', 'uuraechu', 'bowman96', 'gcesar', 'goodma27', 'slillig', 'tl0120', 'mart1180', 'abosshar', 'dlarocco', 'white559', 'msargen', 'akick', 'jboulayd', 'pickera', 'lthursto', 'lrigsbee', 'richg', 'kinserc', 'xose.amo', 'cdtorres', 'hschennu', 'jnasiboov', 'gavinneyman', 'aperitor', 'ccurto', 'yang1865', 'mfess', 'mpisoni', 'tglavan', 'bgrandst', 'gezbbl7', 'terry51', 'epiergal', 'jaloi', 'mart1391', 'gupta393', 'natoli0', 'sanjiv3damo', 'chao26', 'sedgerto', 'eloewe', 'choi333', 'ferree1', 'klipiszk', 'sgrzych', 'schuman1', 'wonhyukdo', 'singer15', 'mgubbi', 'mart1380', 'daviskahmann', 'ghosh36', 'pcastagn', 'chen2122', '17scotta', 'hsmoke', 'awoodwa', 'colewilloughby1125', 'woo49', 'pillai7', 'kozelr', 'dkuen', 'cheeseballs99', 'tu37', 'bcaffert', 'malhamm', 'ander754', 'rhinesj', 'atruver', 'deshmukp', 'koverley', 'edreifue', 'nwegh2017', 'awennin', 'stapletl', 'anniebreidinger', 'tnoor', 'harri670']",4,"['guicx', 'jdiego1216', 'kfuria', 'olugbenga82']",199,"['zubik', 'cwidak', 'bwitchie', 'allnic21', 'baile261', 'amcgoff', 'lm45000', 'chiang56', 'george92', 'jhulsize', 'dewittl', 'slosing', 'lmackin', 'freyg', 'mmshank16', 'dmassow', 'peter514', 'gct246', 'zfrank64', 'jfitzhu', 'verma52', 'bamorim', 'ewilhite', 'bcasler', 'ali113', 'smit3177', 'stark22', 'mtrivell', 'jonathanlimp87', 'xul9044', 'kbebris', 'tpownell', 'behrr', 'kumar212', 'nail', 'payne71', 'hill399', 'vudayamo', 'tdarmon20', 'alotaib6', 'racroth35', 'vkolar', 'agrillo', 'efeldman', 'eashburn', 'rroggema', 'ithakor', 'nkhuu', 'gao499', 'saboa', 'ltoy', 'patel731', 'li2709', 'jlorah', 'ellis99', 'tuckerz', 'hillej', 'aleidli', 'rturk8292', 'ecave', 'adams410', 'mill2119', 'harbinz', 'wning', 'fergu101', 'akansky', 'guicx', 'jin376', 'abelkiew', 'glevine', 'abhalcha', 'nikitasridhar14', 'lee2614', 'coolnikitav', 'iyengar1', 'cmenden', 'dragoneye', 'ftangpoo', 'nabdrahn', 'jeigenbr', 'rutherfb', 'everbru', 'cvasq69', 'jbuehrle', 'ctsioli', 'davidsml', 'wisler0', 'kvansan', 'gmantey', 'jmacatan', 'bkeel', 'kzeligso', 'ross217', 'mmohdzai', 'apanuga', 'li2722', 'bpolinsk', 'mohdshah', 'rumplem', 'cregers', 'engc', 'etitheyeti98', 'marito', 'amoravec', 'lawrencr', 'adamdmiller17', 'egarayev', 'bullock8', 'msulaima', 'ceckste', 'rathi4', 'lyanni', 'rweedon', 'kswartzb', 'cccyyj720', 'xu1085', 'li3604', 'uuraechu', 'bowman96', 'gcesar', 'goodma27', 'slillig', 'tl0120', 'mart1180', 'abosshar', 'dlarocco', 'white559', 'msargen', 'akick', 'jboulayd', 'jdiego1216', 'pickera', 'lthursto', 'lrigsbee', 'richg', 'kinserc', 'xose.amo', 'cdtorres', 'hschennu', 'jnasiboov', 'gavinneyman', 'aperitor', 'ccurto', 'yang1865', 'mfess', 'mpisoni', 'tglavan', 'kfuria', 'bgrandst', 'gezbbl7', 'terry51', 'epiergal', 'jaloi', 'mart1391', 'gupta393', 'natoli0', 'sanjiv3damo', 'chao26', 'sedgerto', 'eloewe', 'choi333', 'ferree1', 'mcginn1', 'klipiszk', 'sgrzych', 'schuman1', 'olugbenga82', 'wonhyukdo', 'singer15', 'mgubbi', 'mart1380', 'daviskahmann', 'ghosh36', 'pcastagn', 'chen2122', '17scotta', 'hsmoke', 'awoodwa', 'colewilloughby1125', 'woo49', 'pillai7', 'kozelr', 'dkuen', 'cheeseballs99', 'tu37', 'bcaffert', 'malhamm', 'ander754', 'rhinesj', 'atruver', 'deshmukp', 'koverley', 'edreifue', 'nwegh2017', 'awennin', 'stapletl', 'anniebreidinger', 'tnoor', 'harri670']"
3,85,195,6,4,"['bwitchie', 'hill399', 'dlarocco', 'mtrivell']",191,"['zubik', 'cwidak', 'allnic21', 'baile261', 'amcgoff', 'lm45000', 'chiang56', 'george92', 'jhulsize', 'dewittl', 'slosing', 'lmackin', 'freyg', 'mmshank16', 'dmassow', 'peter514', 'gct246', 'zfrank64', 'jfitzhu', 'verma52', 'bamorim', 'ewilhite', 'bcasler', 'ali113', 'smit3177', 'stark22', 'jonathanlimp87', 'xul9044', 'kbebris', 'tpownell', 'behrr', 'kumar212', 'nail', 'payne71', 'vudayamo', 'tdarmon20', 'alotaib6', 'racroth35', 'vkolar', 'agrillo', 'efeldman', 'eashburn', 'rroggema', 'ithakor', 'nkhuu', 'gao499', 'saboa', 'ltoy', 'patel731', 'li2709', 'jlorah', 'ellis99', 'tuckerz', 'hillej', 'aleidli', 'rturk8292', 'ecave', 'adams410', 'mill2119', 'harbinz', 'wning', 'fergu101', 'akansky', 'jin376', 'abelkiew', 'glevine', 'abhalcha', 'nikitasridhar14', 'lee2614', 'coolnikitav', 'iyengar1', 'cmenden', 'dragoneye', 'ftangpoo', 'nabdrahn', 'jeigenbr', 'rutherfb', 'everbru', 'cvasq69', 'jbuehrle', 'ctsioli', 'davidsml', 'wisler0', 'kvansan', 'gmantey', 'jmacatan', 'bkeel', 'kzeligso', 'ross217', 'mmohdzai', 'apanuga', 'li2722', 'bpolinsk', 'mohdshah', 'rumplem', 'cregers', 'engc', 'etitheyeti98', 'marito', 'amoravec', 'lawrencr', 'adamdmiller17', 'egarayev', 'bullock8', 'msulaima', 'ceckste', 'rathi4', 'lyanni', 'rweedon', 'kswartzb', 'cccyyj720', 'xu1085', 'li3604', 'uuraechu', 'bowman96', 'gcesar', 'goodma27', 'slillig', 'tl0120', 'mart1180', 'abosshar', 'white559', 'msargen', 'akick', 'jboulayd', 'pickera', 'lthursto', 'lrigsbee', 'richg', 'kinserc', 'xose.amo', 'cdtorres', 'hschennu', 'jnasiboov', 'gavinneyman', 'aperitor', 'ccurto', 'yang1865', 'mfess', 'mpisoni', 'tglavan', 'bgrandst', 'gezbbl7', 'terry51', 'epiergal', 'jaloi', 'mart1391', 'gupta393', 'natoli0', 'sanjiv3damo', 'chao26', 'sedgerto', 'eloewe', 'choi333', 'ferree1', 'mcginn1', 'klipiszk', 'sgrzych', 'schuman1', 'wonhyukdo', 'singer15', 'mgubbi', 'mart1380', 'daviskahmann', 'ghosh36', 'pcastagn', 'chen2122', '17scotta', 'hsmoke', 'awoodwa', 'colewilloughby1125', 'woo49', 'pillai7', 'kozelr', 'dkuen', 'cheeseballs99', 'tu37', 'bcaffert', 'malhamm', 'ander754', 'rhinesj', 'atruver', 'deshmukp', 'koverley', 'edreifue', 'nwegh2017', 'awennin', 'stapletl', 'anniebreidinger', 'tnoor', 'harri670']",2,"['brewer66', 'mheighwa']",197,"['zubik', 'cwidak', 'bwitchie', 'allnic21', 'baile261', 'amcgoff', 'lm45000', 'chiang56', 'george92', 'jhulsize', 'dewittl', 'slosing', 'lmackin', 'freyg', 'mmshank16', 'dmassow', 'peter514', 'gct246', 'zfrank64', 'jfitzhu', 'verma52', 'bamorim', 'ewilhite', 'bcasler', 'ali113', 'smit3177', 'stark22', 'mtrivell', 'jonathanlimp87', 'xul9044', 'kbebris', 'tpownell', 'behrr', 'kumar212', 'nail', 'payne71', 'hill399', 'vudayamo', 'tdarmon20', 'alotaib6', 'racroth35', 'vkolar', 'agrillo', 'efeldman', 'eashburn', 'rroggema', 'ithakor', 'nkhuu', 'gao499', 'saboa', 'ltoy', 'patel731', 'li2709', 'jlorah', 'ellis99', 'tuckerz', 'hillej', 'aleidli', 'rturk8292', 'ecave', 'adams410', 'mill2119', 'harbinz', 'wning', 'fergu101', 'akansky', 'jin376', 'abelkiew', 'glevine', 'abhalcha', 'nikitasridhar14', 'lee2614', 'coolnikitav', 'iyengar1', 'cmenden', 'dragoneye', 'ftangpoo', 'nabdrahn', 'jeigenbr', 'rutherfb', 'everbru', 'cvasq69', 'jbuehrle', 'ctsioli', 'davidsml', 'wisler0', 'kvansan', 'gmantey', 'jmacatan', 'bkeel', 'kzeligso', 'ross217', 'mmohdzai', 'apanuga', 'li2722', 'bpolinsk', 'mohdshah', 'rumplem', 'cregers', 'engc', 'etitheyeti98', 'marito', 'amoravec', 'lawrencr', 'adamdmiller17', 'egarayev', 'bullock8', 'msulaima', 'ceckste', 'rathi4', 'lyanni', 'rweedon', 'kswartzb', 'cccyyj720', 'xu1085', 'li3604', 'uuraechu', 'bowman96', 'gcesar', 'goodma27', 'slillig', 'tl0120', 'brewer66', 'mart1180', 'abosshar', 'dlarocco', 'white559', 'msargen', 'akick', 'jboulayd', 'mheighwa', 'pickera', 'lthursto', 'lrigsbee', 'richg', 'kinserc', 'xose.amo', 'cdtorres', 'hschennu', 'jnasiboov', 'gavinneyman', 'aperitor', 'ccurto', 'yang1865', 'mfess', 'mpisoni', 'tglavan', 'bgrandst', 'gezbbl7', 'terry51', 'epiergal', 'jaloi', 'mart1391', 'gupta393', 'natoli0', 'sanjiv3damo', 'chao26', 'sedgerto', 'eloewe', 'choi333', 'ferree1', 'mcginn1', 'klipiszk', 'sgrzych', 'schuman1', 'wonhyukdo', 'singer15', 'mgubbi', 'mart1380', 'daviskahmann', 'ghosh36', 'pcastagn', 'chen2122', '17scotta', 'hsmoke', 'awoodwa', 'colewilloughby1125', 'woo49', 'pillai7', 'kozelr', 'dkuen', 'cheeseballs99', 'tu37', 'bcaffert', 'malhamm', 'ander754', 'rhinesj', 'atruver', 'deshmukp', 'koverley', 'edreifue', 'nwegh2017', 'awennin', 'stapletl', 'anniebreidinger', 'tnoor', 'harri670']"
3,124,195,6,6,"['kbebris', 'natoli0', 'rumplem', 'lm45000', 'davidsml', 'gavinneyman']",189,"['zubik', 'cwidak', 'bwitchie', 'allnic21', 'baile261', 'amcgoff', 'chiang56', 'george92', 'jhulsize', 'dewittl', 'slosing', 'lmackin', 'freyg', 'mmshank16', 'dmassow', 'peter514', 'gct246', 'zfrank64', 'jfitzhu', 'verma52', 'bamorim', 'ewilhite', 'bcasler', 'ali113', 'smit3177', 'stark22', 'mtrivell', 'jonathanlimp87', 'xul9044', 'tpownell', 'behrr', 'kumar212', 'nail', 'payne71', 'hill399', 'vudayamo', 'tdarmon20', 'alotaib6', 'racroth35', 'vkolar', 'agrillo', 'efeldman', 'eashburn', 'rroggema', 'ithakor', 'nkhuu', 'gao499', 'saboa', 'ltoy', 'patel731', 'li2709', 'jlorah', 'ellis99', 'tuckerz', 'hillej', 'aleidli', 'rturk8292', 'ecave', 'adams410', 'mill2119', 'harbinz', 'wning', 'fergu101', 'akansky', 'jin376', 'abelkiew', 'glevine', 'abhalcha', 'nikitasridhar14', 'lee2614', 'coolnikitav', 'iyengar1', 'cmenden', 'dragoneye', 'ftangpoo', 'nabdrahn', 'jeigenbr', 'rutherfb', 'everbru', 'cvasq69', 'jbuehrle', 'ctsioli', 'wisler0', 'kvansan', 'gmantey', 'jmacatan', 'bkeel', 'kzeligso', 'ross217', 'mmohdzai', 'apanuga', 'li2722', 'bpolinsk', 'mohdshah', 'cregers', 'engc', 'etitheyeti98', 'marito', 'amoravec', 'lawrencr', 'adamdmiller17', 'egarayev', 'bullock8', 'msulaima', 'ceckste', 'rathi4', 'lyanni', 'rweedon', 'kswartzb', 'cccyyj720', 'xu1085', 'li3604', 'uuraechu', 'bowman96', 'gcesar', 'goodma27', 'slillig', 'tl0120', 'mart1180', 'abosshar', 'dlarocco', 'white559', 'msargen', 'akick', 'jboulayd', 'pickera', 'lthursto', 'lrigsbee', 'richg', 'kinserc', 'xose.amo', 'cdtorres', 'hschennu', 'jnasiboov', 'aperitor', 'ccurto', 'yang1865', 'mfess', 'mpisoni', 'tglavan', 'bgrandst', 'gezbbl7', 'terry51', 'epiergal', 'jaloi', 'mart1391', 'gupta393', 'sanjiv3damo', 'chao26', 'sedgerto', 'eloewe', 'choi333', 'ferree1', 'mcginn1', 'klipiszk', 'sgrzych', 'schuman1', 'wonhyukdo', 'singer15', 'mgubbi', 'mart1380', 'daviskahmann', 'ghosh36', 'pcastagn', 'chen2122', '17scotta', 'hsmoke', 'awoodwa', 'colewilloughby1125', 'woo49', 'pillai7', 'kozelr', 'dkuen', 'cheeseballs99', 'tu37', 'bcaffert', 'malhamm', 'ander754', 'rhinesj', 'atruver', 'deshmukp', 'koverley', 'edreifue', 'nwegh2017', 'awennin', 'stapletl', 'anniebreidinger', 'tnoor', 'harri670']",0,[],195,"['zubik', 'cwidak', 'bwitchie', 'allnic21', 'baile261', 'amcgoff', 'lm45000', 'chiang56', 'george92', 'jhulsize', 'dewittl', 'slosing', 'lmackin', 'freyg', 'mmshank16', 'dmassow', 'peter514', 'gct246', 'zfrank64', 'jfitzhu', 'verma52', 'bamorim', 'ewilhite', 'bcasler', 'ali113', 'smit3177', 'stark22', 'mtrivell', 'jonathanlimp87', 'xul9044', 'kbebris', 'tpownell', 'behrr', 'kumar212', 'nail', 'payne71', 'hill399', 'vudayamo', 'tdarmon20', 'alotaib6', 'racroth35', 'vkolar', 'agrillo', 'efeldman', 'eashburn', 'rroggema', 'ithakor', 'nkhuu', 'gao499', 'saboa', 'ltoy', 'patel731', 'li2709', 'jlorah', 'ellis99', 'tuckerz', 'hillej', 'aleidli', 'rturk8292', 'ecave', 'adams410', 'mill2119', 'harbinz', 'wning', 'fergu101', 'akansky', 'jin376', 'abelkiew', 'glevine', 'abhalcha', 'nikitasridhar14', 'lee2614', 'coolnikitav', 'iyengar1', 'cmenden', 'dragoneye', 'ftangpoo', 'nabdrahn', 'jeigenbr', 'rutherfb', 'everbru', 'cvasq69', 'jbuehrle', 'ctsioli', 'davidsml', 'wisler0', 'kvansan', 'gmantey', 'jmacatan', 'bkeel', 'kzeligso', 'ross217', 'mmohdzai', 'apanuga', 'li2722', 'bpolinsk', 'mohdshah', 'rumplem', 'cregers', 'engc', 'etitheyeti98', 'marito', 'amoravec', 'lawrencr', 'adamdmiller17', 'egarayev', 'bullock8', 'msulaima', 'ceckste', 'rathi4', 'lyanni', 'rweedon', 'kswartzb', 'cccyyj720', 'xu1085', 'li3604', 'uuraechu', 'bowman96', 'gcesar', 'goodma27', 'slillig', 'tl0120', 'mart1180', 'abosshar', 'dlarocco', 'white559', 'msargen', 'akick', 'jboulayd', 'pickera', 'lthursto', 'lrigsbee', 'richg', 'kinserc', 'xose.amo', 'cdtorres', 'hschennu', 'jnasiboov', 'gavinneyman', 'aperitor', 'ccurto', 'yang1865', 'mfess', 'mpisoni', 'tglavan', 'bgrandst', 'gezbbl7', 'terry51', 'epiergal', 'jaloi', 'mart1391', 'gupta393', 'natoli0', 'sanjiv3damo', 'chao26', 'sedgerto', 'eloewe', 'choi333', 'ferree1', 'mcginn1', 'klipiszk', 'sgrzych', 'schuman1', 'wonhyukdo', 'singer15', 'mgubbi', 'mart1380', 'daviskahmann', 'ghosh36', 'pcastagn', 'chen2122', '17scotta', 'hsmoke', 'awoodwa', 'colewilloughby1125', 'woo49', 'pillai7', 'kozelr', 'dkuen', 'cheeseballs99', 'tu37', 'bcaffert', 'malhamm', 'ander754', 'rhinesj', 'atruver', 'deshmukp', 'koverley', 'edreifue', 'nwegh2017', 'awennin', 'stapletl', 'anniebreidinger', 'tnoor', 'harri670']"
3,150,195,6,6,"['hillej', 'kbebris', 'tpownell', 'natoli0', 'lm45000', 'gavinneyman']",189,"['zubik', 'cwidak', 'bwitchie', 'allnic21', 'baile261', 'amcgoff', 'chiang56', 'george92', 'jhulsize', 'dewittl', 'slosing', 'lmackin', 'freyg', 'mmshank16', 'dmassow', 'peter514', 'gct246', 'zfrank64', 'jfitzhu', 'verma52', 'bamorim', 'ewilhite', 'bcasler', 'ali113', 'smit3177', 'stark22', 'mtrivell', 'jonathanlimp87', 'xul9044', 'behrr', 'kumar212', 'nail', 'payne71', 'hill399', 'vudayamo', 'tdarmon20', 'alotaib6', 'racroth35', 'vkolar', 'agrillo', 'efeldman', 'eashburn', 'rroggema', 'ithakor', 'nkhuu', 'gao499', 'saboa', 'ltoy', 'patel731', 'li2709', 'jlorah', 'ellis99', 'tuckerz', 'aleidli', 'rturk8292', 'ecave', 'adams410', 'mill2119', 'harbinz', 'wning', 'fergu101', 'akansky', 'jin376', 'abelkiew', 'glevine', 'abhalcha', 'nikitasridhar14', 'lee2614', 'coolnikitav', 'iyengar1', 'cmenden', 'dragoneye', 'ftangpoo', 'nabdrahn', 'jeigenbr', 'rutherfb', 'everbru', 'cvasq69', 'jbuehrle', 'ctsioli', 'davidsml', 'wisler0', 'kvansan', 'gmantey', 'jmacatan', 'bkeel', 'kzeligso', 'ross217', 'mmohdzai', 'apanuga', 'li2722', 'bpolinsk', 'mohdshah', 'rumplem', 'cregers', 'engc', 'etitheyeti98', 'marito', 'amoravec', 'lawrencr', 'adamdmiller17', 'egarayev', 'bullock8', 'msulaima', 'ceckste', 'rathi4', 'lyanni', 'rweedon', 'kswartzb', 'cccyyj720', 'xu1085', 'li3604', 'uuraechu', 'bowman96', 'gcesar', 'goodma27', 'slillig', 'tl0120', 'mart1180', 'abosshar', 'dlarocco', 'white559', 'msargen', 'akick', 'jboulayd', 'pickera', 'lthursto', 'lrigsbee', 'richg', 'kinserc', 'xose.amo', 'cdtorres', 'hschennu', 'jnasiboov', 'aperitor', 'ccurto', 'yang1865', 'mfess', 'mpisoni', 'tglavan', 'bgrandst', 'gezbbl7', 'terry51', 'epiergal', 'jaloi', 'mart1391', 'gupta393', 'sanjiv3damo', 'chao26', 'sedgerto', 'eloewe', 'choi333', 'ferree1', 'mcginn1', 'klipiszk', 'sgrzych', 'schuman1', 'wonhyukdo', 'singer15', 'mgubbi', 'mart1380', 'daviskahmann', 'ghosh36', 'pcastagn', 'chen2122', '17scotta', 'hsmoke', 'awoodwa', 'colewilloughby1125', 'woo49', 'pillai7', 'kozelr', 'dkuen', 'cheeseballs99', 'tu37', 'bcaffert', 'malhamm', 'ander754', 'rhinesj', 'atruver', 'deshmukp', 'koverley', 'edreifue', 'nwegh2017', 'awennin', 'stapletl', 'anniebreidinger', 'tnoor', 'harri670']",0,[],195,"['zubik', 'cwidak', 'bwitchie', 'allnic21', 'baile261', 'amcgoff', 'lm45000', 'chiang56', 'george92', 'jhulsize', 'dewittl', 'slosing', 'lmackin', 'freyg', 'mmshank16', 'dmassow', 'peter514', 'gct246', 'zfrank64', 'jfitzhu', 'verma52', 'bamorim', 'ewilhite', 'bcasler', 'ali113', 'smit3177', 'stark22', 'mtrivell', 'jonathanlimp87', 'xul9044', 'kbebris', 'tpownell', 'behrr', 'kumar212', 'nail', 'payne71', 'hill399', 'vudayamo', 'tdarmon20', 'alotaib6', 'racroth35', 'vkolar', 'agrillo', 'efeldman', 'eashburn', 'rroggema', 'ithakor', 'nkhuu', 'gao499', 'saboa', 'ltoy', 'patel731', 'li2709', 'jlorah', 'ellis99', 'tuckerz', 'hillej', 'aleidli', 'rturk8292', 'ecave', 'adams410', 'mill2119', 'harbinz', 'wning', 'fergu101', 'akansky', 'jin376', 'abelkiew', 'glevine', 'abhalcha', 'nikitasridhar14', 'lee2614', 'coolnikitav', 'iyengar1', 'cmenden', 'dragoneye', 'ftangpoo', 'nabdrahn', 'jeigenbr', 'rutherfb', 'everbru', 'cvasq69', 'jbuehrle', 'ctsioli', 'davidsml', 'wisler0', 'kvansan', 'gmantey', 'jmacatan', 'bkeel', 'kzeligso', 'ross217', 'mmohdzai', 'apanuga', 'li2722', 'bpolinsk', 'mohdshah', 'rumplem', 'cregers', 'engc', 'etitheyeti98', 'marito', 'amoravec', 'lawrencr', 'adamdmiller17', 'egarayev', 'bullock8', 'msulaima', 'ceckste', 'rathi4', 'lyanni', 'rweedon', 'kswartzb', 'cccyyj720', 'xu1085', 'li3604', 'uuraechu', 'bowman96', 'gcesar', 'goodma27', 'slillig', 'tl0120', 'mart1180', 'abosshar', 'dlarocco', 'white559', 'msargen', 'akick', 'jboulayd', 'pickera', 'lthursto', 'lrigsbee', 'richg', 'kinserc', 'xose.amo', 'cdtorres', 'hschennu', 'jnasiboov', 'gavinneyman', 'aperitor', 'ccurto', 'yang1865', 'mfess', 'mpisoni', 'tglavan', 'bgrandst', 'gezbbl7', 'terry51', 'epiergal', 'jaloi', 'mart1391', 'gupta393', 'natoli0', 'sanjiv3damo', 'chao26', 'sedgerto', 'eloewe', 'choi333', 'ferree1', 'mcginn1', 'klipiszk', 'sgrzych', 'schuman1', 'wonhyukdo', 'singer15', 'mgubbi', 'mart1380', 'daviskahmann', 'ghosh36', 'pcastagn', 'chen2122', '17scotta', 'hsmoke', 'awoodwa', 'colewilloughby1125', 'woo49', 'pillai7', 'kozelr', 'dkuen', 'cheeseballs99', 'tu37', 'bcaffert', 'malhamm', 'ander754', 'rhinesj', 'atruver', 'deshmukp', 'koverley', 'edreifue', 'nwegh2017', 'awennin', 'stapletl', 'anniebreidinger', 'tnoor', 'harri670']"
3,76,195,5,4,"['aperitor', 'kinserc', 'fergu101', 'sanjiv3damo']",191,"['zubik', 'cwidak', 'bwitchie', 'allnic21', 'baile261', 'amcgoff', 'lm45000', 'chiang56', 'george92', 'jhulsize', 'dewittl', 'slosing', 'lmackin', 'freyg', 'mmshank16', 'dmassow', 'peter514', 'gct246', 'zfrank64', 'jfitzhu', 'verma52', 'bamorim', 'ewilhite', 'bcasler', 'ali113', 'smit3177', 'stark22', 'mtrivell', 'jonathanlimp87', 'xul9044', 'kbebris', 'tpownell', 'behrr', 'kumar212', 'nail', 'payne71', 'hill399', 'vudayamo', 'tdarmon20', 'alotaib6', 'racroth35', 'vkolar', 'agrillo', 'efeldman', 'eashburn', 'rroggema', 'ithakor', 'nkhuu', 'gao499', 'saboa', 'ltoy', 'patel731', 'li2709', 'jlorah', 'ellis99', 'tuckerz', 'hillej', 'aleidli', 'rturk8292', 'ecave', 'adams410', 'mill2119', 'harbinz', 'wning', 'akansky', 'jin376', 'abelkiew', 'glevine', 'abhalcha', 'nikitasridhar14', 'lee2614', 'coolnikitav', 'iyengar1', 'cmenden', 'dragoneye', 'ftangpoo', 'nabdrahn', 'jeigenbr', 'rutherfb', 'everbru', 'cvasq69', 'jbuehrle', 'ctsioli', 'davidsml', 'wisler0', 'kvansan', 'gmantey', 'jmacatan', 'bkeel', 'kzeligso', 'ross217', 'mmohdzai', 'apanuga', 'li2722', 'bpolinsk', 'mohdshah', 'rumplem', 'cregers', 'engc', 'etitheyeti98', 'marito', 'amoravec', 'lawrencr', 'adamdmiller17', 'egarayev', 'bullock8', 'msulaima', 'ceckste', 'rathi4', 'lyanni', 'rweedon', 'kswartzb', 'cccyyj720', 'xu1085', 'li3604', 'uuraechu', 'bowman96', 'gcesar', 'goodma27', 'slillig', 'tl0120', 'mart1180', 'abosshar', 'dlarocco', 'white559', 'msargen', 'akick', 'jboulayd', 'pickera', 'lthursto', 'lrigsbee', 'richg', 'xose.amo', 'cdtorres', 'hschennu', 'jnasiboov', 'gavinneyman', 'ccurto', 'yang1865', 'mfess', 'mpisoni', 'tglavan', 'bgrandst', 'gezbbl7', 'terry51', 'epiergal', 'jaloi', 'mart1391', 'gupta393', 'natoli0', 'chao26', 'sedgerto', 'eloewe', 'choi333', 'ferree1', 'mcginn1', 'klipiszk', 'sgrzych', 'schuman1', 'wonhyukdo', 'singer15', 'mgubbi', 'mart1380', 'daviskahmann', 'ghosh36', 'pcastagn', 'chen2122', '17scotta', 'hsmoke', 'awoodwa', 'colewilloughby1125', 'woo49', 'pillai7', 'kozelr', 'dkuen', 'cheeseballs99', 'tu37', 'bcaffert', 'malhamm', 'ander754', 'rhinesj', 'atruver', 'deshmukp', 'koverley', 'edreifue', 'nwegh2017', 'awennin', 'stapletl', 'anniebreidinger', 'tnoor', 'harri670']",1,['butchko'],196,"['zubik', 'cwidak', 'bwitchie', 'allnic21', 'baile261', 'amcgoff', 'lm45000', 'chiang56', 'george92', 'jhulsize', 'dewittl', 'slosing', 'lmackin', 'freyg', 'mmshank16', 'dmassow', 'peter514', 'gct246', 'zfrank64', 'jfitzhu', 'verma52', 'bamorim', 'ewilhite', 'bcasler', 'ali113', 'smit3177', 'stark22', 'mtrivell', 'jonathanlimp87', 'xul9044', 'kbebris', 'tpownell', 'behrr', 'kumar212', 'nail', 'payne71', 'hill399', 'vudayamo', 'tdarmon20', 'alotaib6', 'racroth35', 'vkolar', 'agrillo', 'efeldman', 'eashburn', 'rroggema', 'ithakor', 'nkhuu', 'gao499', 'saboa', 'ltoy', 'patel731', 'li2709', 'jlorah', 'ellis99', 'tuckerz', 'hillej', 'aleidli', 'rturk8292', 'ecave', 'adams410', 'mill2119', 'harbinz', 'wning', 'fergu101', 'akansky', 'jin376', 'abelkiew', 'glevine', 'abhalcha', 'nikitasridhar14', 'lee2614', 'coolnikitav', 'iyengar1', 'cmenden', 'dragoneye', 'ftangpoo', 'nabdrahn', 'jeigenbr', 'rutherfb', 'everbru', 'cvasq69', 'jbuehrle', 'ctsioli', 'davidsml', 'wisler0', 'kvansan', 'gmantey', 'jmacatan', 'bkeel', 'kzeligso', 'ross217', 'mmohdzai', 'apanuga', 'li2722', 'bpolinsk', 'mohdshah', 'rumplem', 'cregers', 'engc', 'etitheyeti98', 'marito', 'amoravec', 'lawrencr', 'adamdmiller17', 'egarayev', 'bullock8', 'msulaima', 'ceckste', 'rathi4', 'butchko', 'lyanni', 'rweedon', 'kswartzb', 'cccyyj720', 'xu1085', 'li3604', 'uuraechu', 'bowman96', 'gcesar', 'goodma27', 'slillig', 'tl0120', 'mart1180', 'abosshar', 'dlarocco', 'white559', 'msargen', 'akick', 'jboulayd', 'pickera', 'lthursto', 'lrigsbee', 'richg', 'kinserc', 'xose.amo', 'cdtorres', 'hschennu', 'jnasiboov', 'gavinneyman', 'aperitor', 'ccurto', 'yang1865', 'mfess', 'mpisoni', 'tglavan', 'bgrandst', 'gezbbl7', 'terry51', 'epiergal', 'jaloi', 'mart1391', 'gupta393', 'natoli0', 'sanjiv3damo', 'chao26', 'sedgerto', 'eloewe', 'choi333', 'ferree1', 'mcginn1', 'klipiszk', 'sgrzych', 'schuman1', 'wonhyukdo', 'singer15', 'mgubbi', 'mart1380', 'daviskahmann', 'ghosh36', 'pcastagn', 'chen2122', '17scotta', 'hsmoke', 'awoodwa', 'colewilloughby1125', 'woo49', 'pillai7', 'kozelr', 'dkuen', 'cheeseballs99', 'tu37', 'bcaffert', 'malhamm', 'ander754', 'rhinesj', 'atruver', 'deshmukp', 'koverley', 'edreifue', 'nwegh2017', 'awennin', 'stapletl', 'anniebreidinger', 'tnoor', 'harri670']"
3,121,195,5,3,"['mmshank16', 'bowman96', 'kinserc']",192,"['zubik', 'cwidak', 'bwitchie', 'allnic21', 'baile261', 'amcgoff', 'lm45000', 'chiang56', 'george92', 'jhulsize', 'dewittl', 'slosing', 'lmackin', 'freyg', 'dmassow', 'peter514', 'gct246', 'zfrank64', 'jfitzhu', 'verma52', 'bamorim', 'ewilhite', 'bcasler', 'ali113', 'smit3177', 'stark22', 'mtrivell', 'jonathanlimp87', 'xul9044', 'kbebris', 'tpownell', 'behrr', 'kumar212', 'nail', 'payne71', 'hill399', 'vudayamo', 'tdarmon20', 'alotaib6', 'racroth35', 'vkolar', 'agrillo', 'efeldman', 'eashburn', 'rroggema', 'ithakor', 'nkhuu', 'gao499', 'saboa', 'ltoy', 'patel731', 'li2709', 'jlorah', 'ellis99', 'tuckerz', 'hillej', 'aleidli', 'rturk8292', 'ecave', 'adams410', 'mill2119', 'harbinz', 'wning', 'fergu101', 'akansky', 'jin376', 'abelkiew', 'glevine', 'abhalcha', 'nikitasridhar14', 'lee2614', 'coolnikitav', 'iyengar1', 'cmenden', 'dragoneye', 'ftangpoo', 'nabdrahn', 'jeigenbr', 'rutherfb', 'everbru', 'cvasq69', 'jbuehrle', 'ctsioli', 'davidsml', 'wisler0', 'kvansan', 'gmantey', 'jmacatan', 'bkeel', 'kzeligso', 'ross217', 'mmohdzai', 'apanuga', 'li2722', 'bpolinsk', 'mohdshah', 'rumplem', 'cregers', 'engc', 'etitheyeti98', 'marito', 'amoravec', 'lawrencr', 'adamdmiller17', 'egarayev', 'bullock8', 'msulaima', 'ceckste', 'rathi4', 'lyanni', 'rweedon', 'kswartzb', 'cccyyj720', 'xu1085', 'li3604', 'uuraechu', 'gcesar', 'goodma27', 'slillig', 'tl0120', 'mart1180', 'abosshar', 'dlarocco', 'white559', 'msargen', 'akick', 'jboulayd', 'pickera', 'lthursto', 'lrigsbee', 'richg', 'xose.amo', 'cdtorres', 'hschennu', 'jnasiboov', 'gavinneyman', 'aperitor', 'ccurto', 'yang1865', 'mfess', 'mpisoni', 'tglavan', 'bgrandst', 'gezbbl7', 'terry51', 'epiergal', 'jaloi', 'mart1391', 'gupta393', 'natoli0', 'sanjiv3damo', 'chao26', 'sedgerto', 'eloewe', 'choi333', 'ferree1', 'mcginn1', 'klipiszk', 'sgrzych', 'schuman1', 'wonhyukdo', 'singer15', 'mgubbi', 'mart1380', 'daviskahmann', 'ghosh36', 'pcastagn', 'chen2122', '17scotta', 'hsmoke', 'awoodwa', 'colewilloughby1125', 'woo49', 'pillai7', 'kozelr', 'dkuen', 'cheeseballs99', 'tu37', 'bcaffert', 'malhamm', 'ander754', 'rhinesj', 'atruver', 'deshmukp', 'koverley', 'edreifue', 'nwegh2017', 'awennin', 'stapletl', 'anniebreidinger', 'tnoor', 'harri670']",2,"['gleasonb', 'bstegma']",197,"['zubik', 'cwidak', 'bwitchie', 'allnic21', 'baile261', 'amcgoff', 'lm45000', 'chiang56', 'george92', 'jhulsize', 'dewittl', 'slosing', 'lmackin', 'freyg', 'mmshank16', 'dmassow', 'peter514', 'gct246', 'zfrank64', 'jfitzhu', 'verma52', 'bamorim', 'ewilhite', 'bcasler', 'ali113', 'smit3177', 'stark22', 'mtrivell', 'jonathanlimp87', 'xul9044', 'kbebris', 'tpownell', 'behrr', 'kumar212', 'nail', 'payne71', 'hill399', 'vudayamo', 'tdarmon20', 'alotaib6', 'racroth35', 'vkolar', 'agrillo', 'efeldman', 'eashburn', 'rroggema', 'ithakor', 'nkhuu', 'gao499', 'saboa', 'ltoy', 'patel731', 'li2709', 'jlorah', 'ellis99', 'tuckerz', 'hillej', 'aleidli', 'rturk8292', 'ecave', 'adams410', 'mill2119', 'harbinz', 'wning', 'fergu101', 'akansky', 'jin376', 'abelkiew', 'glevine', 'abhalcha', 'nikitasridhar14', 'lee2614', 'coolnikitav', 'iyengar1', 'cmenden', 'dragoneye', 'ftangpoo', 'nabdrahn', 'jeigenbr', 'rutherfb', 'everbru', 'cvasq69', 'jbuehrle', 'ctsioli', 'davidsml', 'wisler0', 'kvansan', 'gmantey', 'jmacatan', 'bkeel', 'kzeligso', 'ross217', 'mmohdzai', 'apanuga', 'li2722', 'bpolinsk', 'mohdshah', 'rumplem', 'cregers', 'engc', 'etitheyeti98', 'marito', 'amoravec', 'lawrencr', 'adamdmiller17', 'egarayev', 'bullock8', 'msulaima', 'ceckste', 'rathi4', 'lyanni', 'rweedon', 'kswartzb', 'cccyyj720', 'xu1085', 'li3604', 'uuraechu', 'bowman96', 'gcesar', 'goodma27', 'slillig', 'tl0120', 'mart1180', 'abosshar', 'dlarocco', 'white559', 'msargen', 'akick', 'jboulayd', 'pickera', 'lthursto', 'lrigsbee', 'richg', 'kinserc', 'xose.amo', 'cdtorres', 'hschennu', 'jnasiboov', 'gavinneyman', 'aperitor', 'ccurto', 'yang1865', 'mfess', 'mpisoni', 'bstegma', 'tglavan', 'bgrandst', 'gezbbl7', 'terry51', 'epiergal', 'jaloi', 'mart1391', 'gupta393', 'natoli0', 'sanjiv3damo', 'chao26', 'sedgerto', 'eloewe', 'choi333', 'ferree1', 'mcginn1', 'klipiszk', 'sgrzych', 'schuman1', 'wonhyukdo', 'singer15', 'mgubbi', 'mart1380', 'daviskahmann', 'ghosh36', 'pcastagn', 'chen2122', '17scotta', 'hsmoke', 'awoodwa', 'colewilloughby1125', 'woo49', 'pillai7', 'kozelr', 'dkuen', 'cheeseballs99', 'tu37', 'bcaffert', 'malhamm', 'ander754', 'rhinesj', 'atruver', 'deshmukp', 'koverley', 'edreifue', 'gleasonb', 'nwegh2017', 'awennin', 'stapletl', 'anniebreidinger', 'tnoor', 'harri670']"
3,122,195,5,3,"['li2709', 'chen2122', 'iyengar1']",192,"['zubik', 'cwidak', 'bwitchie', 'allnic21', 'baile261', 'amcgoff', 'lm45000', 'chiang56', 'george92', 'jhulsize', 'dewittl', 'slosing', 'lmackin', 'freyg', 'mmshank16', 'dmassow', 'peter514', 'gct246', 'zfrank64', 'jfitzhu', 'verma52', 'bamorim', 'ewilhite', 'bcasler', 'ali113', 'smit3177', 'stark22', 'mtrivell', 'jonathanlimp87', 'xul9044', 'kbebris', 'tpownell', 'behrr', 'kumar212', 'nail', 'payne71', 'hill399', 'vudayamo', 'tdarmon20', 'alotaib6', 'racroth35', 'vkolar', 'agrillo', 'efeldman', 'eashburn', 'rroggema', 'ithakor', 'nkhuu', 'gao499', 'saboa', 'ltoy', 'patel731', 'jlorah', 'ellis99', 'tuckerz', 'hillej', 'aleidli', 'rturk8292', 'ecave', 'adams410', 'mill2119', 'harbinz', 'wning', 'fergu101', 'akansky', 'jin376', 'abelkiew', 'glevine', 'abhalcha', 'nikitasridhar14', 'lee2614', 'coolnikitav', 'cmenden', 'dragoneye', 'ftangpoo', 'nabdrahn', 'jeigenbr', 'rutherfb', 'everbru', 'cvasq69', 'jbuehrle', 'ctsioli', 'davidsml', 'wisler0', 'kvansan', 'gmantey', 'jmacatan', 'bkeel', 'kzeligso', 'ross217', 'mmohdzai', 'apanuga', 'li2722', 'bpolinsk', 'mohdshah', 'rumplem', 'cregers', 'engc', 'etitheyeti98', 'marito', 'amoravec', 'lawrencr', 'adamdmiller17', 'egarayev', 'bullock8', 'msulaima', 'ceckste', 'rathi4', 'lyanni', 'rweedon', 'kswartzb', 'cccyyj720', 'xu1085', 'li3604', 'uuraechu', 'bowman96', 'gcesar', 'goodma27', 'slillig', 'tl0120', 'mart1180', 'abosshar', 'dlarocco', 'white559', 'msargen', 'akick', 'jboulayd', 'pickera', 'lthursto', 'lrigsbee', 'richg', 'kinserc', 'xose.amo', 'cdtorres', 'hschennu', 'jnasiboov', 'gavinneyman', 'aperitor', 'ccurto', 'yang1865', 'mfess', 'mpisoni', 'tglavan', 'bgrandst', 'gezbbl7', 'terry51', 'epiergal', 'jaloi', 'mart1391', 'gupta393', 'natoli0', 'sanjiv3damo', 'chao26', 'sedgerto', 'eloewe', 'choi333', 'ferree1', 'mcginn1', 'klipiszk', 'sgrzych', 'schuman1', 'wonhyukdo', 'singer15', 'mgubbi', 'mart1380', 'daviskahmann', 'ghosh36', 'pcastagn', '17scotta', 'hsmoke', 'awoodwa', 'colewilloughby1125', 'woo49', 'pillai7', 'kozelr', 'dkuen', 'cheeseballs99', 'tu37', 'bcaffert', 'malhamm', 'ander754', 'rhinesj', 'atruver', 'deshmukp', 'koverley', 'edreifue', 'nwegh2017', 'awennin', 'stapletl', 'anniebreidinger', 'tnoor', 'harri670']",2,"['wen88', 'yao201']",197,"['zubik', 'cwidak', 'bwitchie', 'allnic21', 'baile261', 'amcgoff', 'lm45000', 'chiang56', 'george92', 'jhulsize', 'dewittl', 'slosing', 'lmackin', 'freyg', 'mmshank16', 'dmassow', 'peter514', 'gct246', 'zfrank64', 'jfitzhu', 'verma52', 'bamorim', 'ewilhite', 'bcasler', 'ali113', 'smit3177', 'stark22', 'mtrivell', 'jonathanlimp87', 'xul9044', 'kbebris', 'tpownell', 'behrr', 'kumar212', 'nail', 'payne71', 'hill399', 'vudayamo', 'tdarmon20', 'alotaib6', 'racroth35', 'vkolar', 'agrillo', 'efeldman', 'eashburn', 'rroggema', 'ithakor', 'nkhuu', 'gao499', 'saboa', 'ltoy', 'patel731', 'li2709', 'jlorah', 'ellis99', 'tuckerz', 'hillej', 'aleidli', 'rturk8292', 'ecave', 'adams410', 'mill2119', 'harbinz', 'wen88', 'wning', 'fergu101', 'akansky', 'jin376', 'abelkiew', 'glevine', 'abhalcha', 'nikitasridhar14', 'lee2614', 'coolnikitav', 'iyengar1', 'cmenden', 'dragoneye', 'ftangpoo', 'nabdrahn', 'jeigenbr', 'rutherfb', 'everbru', 'cvasq69', 'jbuehrle', 'ctsioli', 'davidsml', 'wisler0', 'kvansan', 'gmantey', 'jmacatan', 'bkeel', 'kzeligso', 'ross217', 'mmohdzai', 'apanuga', 'li2722', 'bpolinsk', 'mohdshah', 'rumplem', 'cregers', 'engc', 'etitheyeti98', 'marito', 'amoravec', 'lawrencr', 'adamdmiller17', 'egarayev', 'bullock8', 'msulaima', 'ceckste', 'rathi4', 'lyanni', 'rweedon', 'kswartzb', 'cccyyj720', 'xu1085', 'li3604', 'uuraechu', 'bowman96', 'gcesar', 'goodma27', 'slillig', 'tl0120', 'mart1180', 'abosshar', 'dlarocco', 'white559', 'msargen', 'akick', 'jboulayd', 'pickera', 'lthursto', 'lrigsbee', 'richg', 'kinserc', 'xose.amo', 'cdtorres', 'hschennu', 'jnasiboov', 'gavinneyman', 'aperitor', 'ccurto', 'yang1865', 'mfess', 'mpisoni', 'tglavan', 'bgrandst', 'gezbbl7', 'terry51', 'epiergal', 'jaloi', 'mart1391', 'gupta393', 'natoli0', 'sanjiv3damo', 'chao26', 'sedgerto', 'eloewe', 'choi333', 'ferree1', 'mcginn1', 'klipiszk', 'sgrzych', 'schuman1', 'wonhyukdo', 'singer15', 'mgubbi', 'mart1380', 'daviskahmann', 'ghosh36', 'pcastagn', 'chen2122', '17scotta', 'hsmoke', 'awoodwa', 'colewilloughby1125', 'woo49', 'pillai7', 'kozelr', 'dkuen', 'cheeseballs99', 'tu37', 'bcaffert', 'malhamm', 'ander754', 'rhinesj', 'atruver', 'deshmukp', 'yao201', 'koverley', 'edreifue', 'nwegh2017', 'awennin', 'stapletl', 'anniebreidinger', 'tnoor', 'harri670']"
3,123,195,5,3,"['stark22', 'msargen', 'bgrandst']",192,"['zubik', 'cwidak', 'bwitchie', 'allnic21', 'baile261', 'amcgoff', 'lm45000', 'chiang56', 'george92', 'jhulsize', 'dewittl', 'slosing', 'lmackin', 'freyg', 'mmshank16', 'dmassow', 'peter514', 'gct246', 'zfrank64', 'jfitzhu', 'verma52', 'bamorim', 'ewilhite', 'bcasler', 'ali113', 'smit3177', 'mtrivell', 'jonathanlimp87', 'xul9044', 'kbebris', 'tpownell', 'behrr', 'kumar212', 'nail', 'payne71', 'hill399', 'vudayamo', 'tdarmon20', 'alotaib6', 'racroth35', 'vkolar', 'agrillo', 'efeldman', 'eashburn', 'rroggema', 'ithakor', 'nkhuu', 'gao499', 'saboa', 'ltoy', 'patel731', 'li2709', 'jlorah', 'ellis99', 'tuckerz', 'hillej', 'aleidli', 'rturk8292', 'ecave', 'adams410', 'mill2119', 'harbinz', 'wning', 'fergu101', 'akansky', 'jin376', 'abelkiew', 'glevine', 'abhalcha', 'nikitasridhar14', 'lee2614', 'coolnikitav', 'iyengar1', 'cmenden', 'dragoneye', 'ftangpoo', 'nabdrahn', 'jeigenbr', 'rutherfb', 'everbru', 'cvasq69', 'jbuehrle', 'ctsioli', 'davidsml', 'wisler0', 'kvansan', 'gmantey', 'jmacatan', 'bkeel', 'kzeligso', 'ross217', 'mmohdzai', 'apanuga', 'li2722', 'bpolinsk', 'mohdshah', 'rumplem', 'cregers', 'engc', 'etitheyeti98', 'marito', 'amoravec', 'lawrencr', 'adamdmiller17', 'egarayev', 'bullock8', 'msulaima', 'ceckste', 'rathi4', 'lyanni', 'rweedon', 'kswartzb', 'cccyyj720', 'xu1085', 'li3604', 'uuraechu', 'bowman96', 'gcesar', 'goodma27', 'slillig', 'tl0120', 'mart1180', 'abosshar', 'dlarocco', 'white559', 'akick', 'jboulayd', 'pickera', 'lthursto', 'lrigsbee', 'richg', 'kinserc', 'xose.amo', 'cdtorres', 'hschennu', 'jnasiboov', 'gavinneyman', 'aperitor', 'ccurto', 'yang1865', 'mfess', 'mpisoni', 'tglavan', 'gezbbl7', 'terry51', 'epiergal', 'jaloi', 'mart1391', 'gupta393', 'natoli0', 'sanjiv3damo', 'chao26', 'sedgerto', 'eloewe', 'choi333', 'ferree1', 'mcginn1', 'klipiszk', 'sgrzych', 'schuman1', 'wonhyukdo', 'singer15', 'mgubbi', 'mart1380', 'daviskahmann', 'ghosh36', 'pcastagn', 'chen2122', '17scotta', 'hsmoke', 'awoodwa', 'colewilloughby1125', 'woo49', 'pillai7', 'kozelr', 'dkuen', 'cheeseballs99', 'tu37', 'bcaffert', 'malhamm', 'ander754', 'rhinesj', 'atruver', 'deshmukp', 'koverley', 'edreifue', 'nwegh2017', 'awennin', 'stapletl', 'anniebreidinger', 'tnoor', 'harri670']",2,"['xu1020', 'kgp22']",197,"['zubik', 'cwidak', 'bwitchie', 'allnic21', 'baile261', 'amcgoff', 'lm45000', 'chiang56', 'george92', 'jhulsize', 'dewittl', 'slosing', 'lmackin', 'freyg', 'mmshank16', 'dmassow', 'peter514', 'gct246', 'zfrank64', 'jfitzhu', 'verma52', 'bamorim', 'ewilhite', 'bcasler', 'ali113', 'smit3177', 'stark22', 'mtrivell', 'jonathanlimp87', 'xul9044', 'kbebris', 'tpownell', 'behrr', 'kgp22', 'kumar212', 'nail', 'payne71', 'hill399', 'vudayamo', 'tdarmon20', 'alotaib6', 'racroth35', 'vkolar', 'agrillo', 'efeldman', 'eashburn', 'rroggema', 'ithakor', 'nkhuu', 'gao499', 'saboa', 'ltoy', 'patel731', 'li2709', 'jlorah', 'ellis99', 'tuckerz', 'hillej', 'aleidli', 'rturk8292', 'ecave', 'adams410', 'mill2119', 'harbinz', 'wning', 'fergu101', 'xu1020', 'akansky', 'jin376', 'abelkiew', 'glevine', 'abhalcha', 'nikitasridhar14', 'lee2614', 'coolnikitav', 'iyengar1', 'cmenden', 'dragoneye', 'ftangpoo', 'nabdrahn', 'jeigenbr', 'rutherfb', 'everbru', 'cvasq69', 'jbuehrle', 'ctsioli', 'davidsml', 'wisler0', 'kvansan', 'gmantey', 'jmacatan', 'bkeel', 'kzeligso', 'ross217', 'mmohdzai', 'apanuga', 'li2722', 'bpolinsk', 'mohdshah', 'rumplem', 'cregers', 'engc', 'etitheyeti98', 'marito', 'amoravec', 'lawrencr', 'adamdmiller17', 'egarayev', 'bullock8', 'msulaima', 'ceckste', 'rathi4', 'lyanni', 'rweedon', 'kswartzb', 'cccyyj720', 'xu1085', 'li3604', 'uuraechu', 'bowman96', 'gcesar', 'goodma27', 'slillig', 'tl0120', 'mart1180', 'abosshar', 'dlarocco', 'white559', 'msargen', 'akick', 'jboulayd', 'pickera', 'lthursto', 'lrigsbee', 'richg', 'kinserc', 'xose.amo', 'cdtorres', 'hschennu', 'jnasiboov', 'gavinneyman', 'aperitor', 'ccurto', 'yang1865', 'mfess', 'mpisoni', 'tglavan', 'bgrandst', 'gezbbl7', 'terry51', 'epiergal', 'jaloi', 'mart1391', 'gupta393', 'natoli0', 'sanjiv3damo', 'chao26', 'sedgerto', 'eloewe', 'choi333', 'ferree1', 'mcginn1', 'klipiszk', 'sgrzych', 'schuman1', 'wonhyukdo', 'singer15', 'mgubbi', 'mart1380', 'daviskahmann', 'ghosh36', 'pcastagn', 'chen2122', '17scotta', 'hsmoke', 'awoodwa', 'colewilloughby1125', 'woo49', 'pillai7', 'kozelr', 'dkuen', 'cheeseballs99', 'tu37', 'bcaffert', 'malhamm', 'ander754', 'rhinesj', 'atruver', 'deshmukp', 'koverley', 'edreifue', 'nwegh2017', 'awennin', 'stapletl', 'anniebreidinger', 'tnoor', 'harri670']"
3,147,195,5,4,"['cmenden', 'kumar212', 'natoli0', 'edreifue']",191,"['zubik', 'cwidak', 'bwitchie', 'allnic21', 'baile261', 'amcgoff', 'lm45000', 'chiang56', 'george92', 'jhulsize', 'dewittl', 'slosing', 'lmackin', 'freyg', 'mmshank16', 'dmassow', 'peter514', 'gct246', 'zfrank64', 'jfitzhu', 'verma52', 'bamorim', 'ewilhite', 'bcasler', 'ali113', 'smit3177', 'stark22', 'mtrivell', 'jonathanlimp87', 'xul9044', 'kbebris', 'tpownell', 'behrr', 'nail', 'payne71', 'hill399', 'vudayamo', 'tdarmon20', 'alotaib6', 'racroth35', 'vkolar', 'agrillo', 'efeldman', 'eashburn', 'rroggema', 'ithakor', 'nkhuu', 'gao499', 'saboa', 'ltoy', 'patel731', 'li2709', 'jlorah', 'ellis99', 'tuckerz', 'hillej', 'aleidli', 'rturk8292', 'ecave', 'adams410', 'mill2119', 'harbinz', 'wning', 'fergu101', 'akansky', 'jin376', 'abelkiew', 'glevine', 'abhalcha', 'nikitasridhar14', 'lee2614', 'coolnikitav', 'iyengar1', 'dragoneye', 'ftangpoo', 'nabdrahn', 'jeigenbr', 'rutherfb', 'everbru', 'cvasq69', 'jbuehrle', 'ctsioli', 'davidsml', 'wisler0', 'kvansan', 'gmantey', 'jmacatan', 'bkeel', 'kzeligso', 'ross217', 'mmohdzai', 'apanuga', 'li2722', 'bpolinsk', 'mohdshah', 'rumplem', 'cregers', 'engc', 'etitheyeti98', 'marito', 'amoravec', 'lawrencr', 'adamdmiller17', 'egarayev', 'bullock8', 'msulaima', 'ceckste', 'rathi4', 'lyanni', 'rweedon', 'kswartzb', 'cccyyj720', 'xu1085', 'li3604', 'uuraechu', 'bowman96', 'gcesar', 'goodma27', 'slillig', 'tl0120', 'mart1180', 'abosshar', 'dlarocco', 'white559', 'msargen', 'akick', 'jboulayd', 'pickera', 'lthursto', 'lrigsbee', 'richg', 'kinserc', 'xose.amo', 'cdtorres', 'hschennu', 'jnasiboov', 'gavinneyman', 'aperitor', 'ccurto', 'yang1865', 'mfess', 'mpisoni', 'tglavan', 'bgrandst', 'gezbbl7', 'terry51', 'epiergal', 'jaloi', 'mart1391', 'gupta393', 'sanjiv3damo', 'chao26', 'sedgerto', 'eloewe', 'choi333', 'ferree1', 'mcginn1', 'klipiszk', 'sgrzych', 'schuman1', 'wonhyukdo', 'singer15', 'mgubbi', 'mart1380', 'daviskahmann', 'ghosh36', 'pcastagn', 'chen2122', '17scotta', 'hsmoke', 'awoodwa', 'colewilloughby1125', 'woo49', 'pillai7', 'kozelr', 'dkuen', 'cheeseballs99', 'tu37', 'bcaffert', 'malhamm', 'ander754', 'rhinesj', 'atruver', 'deshmukp', 'koverley', 'nwegh2017', 'awennin', 'stapletl', 'anniebreidinger', 'tnoor', 'harri670']",1,['srothsch'],196,"['zubik', 'cwidak', 'bwitchie', 'allnic21', 'baile261', 'amcgoff', 'lm45000', 'chiang56', 'george92', 'jhulsize', 'dewittl', 'slosing', 'lmackin', 'freyg', 'mmshank16', 'dmassow', 'peter514', 'gct246', 'zfrank64', 'jfitzhu', 'verma52', 'bamorim', 'ewilhite', 'bcasler', 'ali113', 'smit3177', 'stark22', 'mtrivell', 'jonathanlimp87', 'xul9044', 'kbebris', 'tpownell', 'behrr', 'kumar212', 'nail', 'payne71', 'hill399', 'vudayamo', 'tdarmon20', 'alotaib6', 'racroth35', 'vkolar', 'agrillo', 'efeldman', 'eashburn', 'rroggema', 'ithakor', 'nkhuu', 'gao499', 'saboa', 'ltoy', 'patel731', 'li2709', 'jlorah', 'ellis99', 'tuckerz', 'hillej', 'aleidli', 'rturk8292', 'ecave', 'adams410', 'mill2119', 'harbinz', 'wning', 'fergu101', 'akansky', 'jin376', 'abelkiew', 'glevine', 'abhalcha', 'nikitasridhar14', 'lee2614', 'coolnikitav', 'iyengar1', 'cmenden', 'dragoneye', 'ftangpoo', 'nabdrahn', 'jeigenbr', 'rutherfb', 'everbru', 'cvasq69', 'jbuehrle', 'ctsioli', 'davidsml', 'wisler0', 'srothsch', 'kvansan', 'gmantey', 'jmacatan', 'bkeel', 'kzeligso', 'ross217', 'mmohdzai', 'apanuga', 'li2722', 'bpolinsk', 'mohdshah', 'rumplem', 'cregers', 'engc', 'etitheyeti98', 'marito', 'amoravec', 'lawrencr', 'adamdmiller17', 'egarayev', 'bullock8', 'msulaima', 'ceckste', 'rathi4', 'lyanni', 'rweedon', 'kswartzb', 'cccyyj720', 'xu1085', 'li3604', 'uuraechu', 'bowman96', 'gcesar', 'goodma27', 'slillig', 'tl0120', 'mart1180', 'abosshar', 'dlarocco', 'white559', 'msargen', 'akick', 'jboulayd', 'pickera', 'lthursto', 'lrigsbee', 'richg', 'kinserc', 'xose.amo', 'cdtorres', 'hschennu', 'jnasiboov', 'gavinneyman', 'aperitor', 'ccurto', 'yang1865', 'mfess', 'mpisoni', 'tglavan', 'bgrandst', 'gezbbl7', 'terry51', 'epiergal', 'jaloi', 'mart1391', 'gupta393', 'natoli0', 'sanjiv3damo', 'chao26', 'sedgerto', 'eloewe', 'choi333', 'ferree1', 'mcginn1', 'klipiszk', 'sgrzych', 'schuman1', 'wonhyukdo', 'singer15', 'mgubbi', 'mart1380', 'daviskahmann', 'ghosh36', 'pcastagn', 'chen2122', '17scotta', 'hsmoke', 'awoodwa', 'colewilloughby1125', 'woo49', 'pillai7', 'kozelr', 'dkuen', 'cheeseballs99', 'tu37', 'bcaffert', 'malhamm', 'ander754', 'rhinesj', 'atruver', 'deshmukp', 'koverley', 'edreifue', 'nwegh2017', 'awennin', 'stapletl', 'anniebreidinger', 'tnoor', 'harri670']"
4,205,136,270,9,"['alberto4', 'junzed2', 'emt2', 'glevita2', 'ziyue2', 'cmoauro2', 'bsusol2', 'iflueck2', 'cbo3']",127,"['mheikka', 'vtagare2', 'krizzy560', 'mmalini', 'nickho', 'davidmylesrosser', 'jeffrey', 'nmccar', 'mooka', 'hyunukch', 'anirula2', 'mstryk', 'cwcobb', 'mbow', 'drrost', 'jpmurph', 'maruf007', 'hjr2', 'ljparrish', 'eleini', 'almaemar', 'mattkrock', 'austylan', 'tleonar', 'dromar98', 'putueka', 'rnalbert25', 'cablood', 'shdubaisi', 'karthi.madhubalan', 'vkm2', 'jtkach2', 'rwtham2', 'josue.clavijo', 'zwoerner', 'gourdin.1', 'rylandwjolliffe', 'eparlow', 'dwebster600', 'kioupakis', 'derkn', 'jscholtz', 'mpikul', 'cjrome', 'cokane', 'binx12358', 'kamkbetz', 'jkubota2', 'lukedoherty', 'jsysev', 'nhuotari', 'livadluc', 'dylanae', 'phd.physics2018', 'savvag44', 'nickrubl', 'wesleypa', 'zefangye', 'seyryu1', 'lewynb', 'smprabhu', 'huyvanle1998', 'lsienko2', 'kylievittetoe', 'hulasyr', 'vguarino', 'jshangraw', 'shahzadakhtar2124', 'syu19', 'kevwankrw678', 'jzwesley', 'georgeli', 'shriyasi', 'ak37', 'islamber', 'kpantig4', 'srnelson', 'zainsou', 'brycebitter', 'tz11', 'sendmesugar', 'afreel4', 'cvia', 'klfoley24', 'isaachong', 'jinsong4', 'domanus2', 'fouroulou', 'conanw2', 'ns23', 'anunez38', 'bryce.veit', 'atsui1', 'tsehgal2', 'aagoulas', 'jspielma', 'paulnneuburger', 'yapandrew110', 'swdoctor', 'deboraj1121990', 'aaronr', 'shanpra', 'ssutyak2', 'lboals', 'cvipong', 'ealonso1995', 'zhengc8', 'amyrm20', 'rgast', 'anilt2001t', 'palcal2', 'mbusse1', 'kbb2', 'mattvillena', 'kierasbr', 'mattnalty97', 'epeachus', 'minseok', 'daviscjd', 'shirani', 'yxluan', 'spraveen', 'ajcharm', 'andreagiaccherini', 'phsecretan', 'nleginza', 'dukelau']",261,"['5dustkd', 'siyuezheng', 'josedamiangarcianoya', 'emilioar', 'daniel.robin22', 'nerwin', 'yassminsabry', 'vetterd', 'andrea.oldham97', 'doog9601', 'rricardo0324', 'uxiavelca', 'mehdibandali', 'carlosvigo1997', 'jmy0002', 'koakhyunji', 'mocha7411', 'yjn3492', 'socrat', 'alskdjfh6161', 'mertyamanoglu', 'bassel0elgharbawy0', 'gekco', 'rachel.blaydes', 'kirollos.morcos.km', 'xfiles', 'chzh1341', 'kesu1234', 'ganaaa12a', 'kunge0054', 'finnclements', 'miguel_fernandez', 'coopjord', 'georgeckchen', 'soddi1621', 'hs960531', 'estalin', 'rachelgjohnson', 'antoramp', 'ye02', 'xogus102929', 'dhkswk96', 'ghobashy445', 'graceml2', 'rsp79', 'gipes', 'kendalhiatt', 'marshallfrye', 'foojorge', 'vandelei', 'xoangon', 'b.benson', 'giacomo.munari.1', 'ignaciomilani', 'toast', '123whdxor', 'zlapvmf', 'nakkulab', 'aloptor', 'jeandavid', 'lsj4677', 'petercp2', 'raymondzhou227', 'mmartinezsanchez', 'm0650104.ee06g', 'johnlanghout', 'lhc33820933', 'juansans98', 'jasperdeconinck', 'tnqls3409', 'bobbimatheson', 'sabintandukar', 'manuel10suarez10', 'spazos', 'martinzapatamartinez', 'matthewdailey', 'u0543041', 'macks', 'jesusgiraldez', 'myez', 'giacomo.bego', 'u1201859', 'ana.rmteo', 'immmin6677', 'dbister', 'dangover94', 'genius_p', 'isaac.dominguez4444', 'corozco', 'titanking231', 'dish1498', 'qottkf6194', 'marniesan', 'wodnjssnsk12', 'juanjoseo', 'qwerty0637', 'nes1011', 'lidiadom', 'ghtlstnf7', 'eunice98k', 'k66773659', 'samuelfl', 'zaubin42', 'eserafimbortolazzo', 'franktib2', 'sallysong683', 'giung0227', 'cbnuleejinwoo', 'fofi94', 'axelbelgarde', 'declanb', 'n3b3x', 'anamichelena', 'dale7283', 'nshamsi', 'cjsxodnd12', 'dnlek12', 'thddpwls257', 'danielm78', 'ardisch123', 'ybso1566', 'rygr8576', 'jedelkind0117', 'boody456366', 'exareivaj', 'antonio25', 'bha00001', 'zrm0001', 'jenniferperez1', 'pedro.julian', 'leesk4869', 'jiaolh', 'parkface94', 'cjs476', 'b.isenberg', 'blake.ballou08', 'msubullies1', 'sgu20151463', 'anstjd1542', 'hyerim100600', 'jrichman99', 'aht47', 'roychoudhuryaditya2019', 'caetano.eirea', 'u0360918', 'philg', 'mattmattmerrill', 'navya.k.shastri', 'yoonek6719', 'jakubpepas', 'dbeciri45', 'logankraus', 'u1121281', 'sukjunyeo', 'jaephago', 'qncowlf10', 'rbb0001', 'qumo4329', 'mauro_sg', 'idargu90', 'hancheyn', 'alw0039', 'yougyeongo', 'student1000', 'chvk4161', 'palzmq', 'mcdonald.josh', 'mitchell.shields99', 'lukebidulka', 'chohyundong12', 'pablocl', 'gcxmoffice1994', 'dorxlqmdkdlel', 'bw02203', 'itskatomall', 'ludovick', 'beper53', 'jlkirk', 'pichoncillo1', 'ohh99o9', 'dmeyer1998', 'htj1104', 'cicalesej', 'anais3', 'ophelie10', 'jdanivc', 'eogn1004', 'taylordavis678', 'u1285150', 'jboniuk98', 'matthewleemle2', 'hellbomber101', 'supernhtr', 'ryuhoin2002', 'e.pmcrespo', 'dldnals2020', 'marcospascualin', 'juho4523', 'sschneider874', 'qkslqksl951', 'danielcondetorres', 'tristram', 'pablosande98', 'mis5660', 'mtanzi', 'rohdej', 'kyserch', 'guillermocam', 'clara.landesa', 'nargene', 'byeolguri', 'aanupam3', 'rhrna007', 'aia00001', 'jhryu1994', 'chdu6864', 'lwang82', 'wjdekgus77', 'therahuul', 'sherwmit', 'ylanbdr', 'josig2011', 'dariushkim', 'kepco2020a', 'foghel96', 'yoojeong9925', 'tjtks4730', 'hayejord', 'naitix', 'suyoneee', 'tonni1912', 'mikesnure', 'bbatuhanbilecen', 'khfrum', 'jn12su27', 'piri940511', 'andreagcoto', 'gonserr', 'sumintnals', 'iagomillanentenza', 'adp5383', 'tpollei', 'latourem', 'hyerim1006000', 'adrianhochgesang', 'xoanmayo', 'ezsamsuntung', 'thomas.poulin', 'anstpdlffj3', 'reyda', 'martinperezmaneiro', 'tmdorsey', 'smdesrochers', 'shabnashreej', 'sportmonkey584', 'jonathan.balent', 'sooooooy314', 'abal2474', 'hjshook', 'francike', 'ekdms0894']",397,"['5dustkd', 'daniel.robin22', 'nerwin', 'yassminsabry', 'mmalini', 'vetterd', 'andrea.oldham97', 'nickho', 'doog9601', 'jeffrey', 'rricardo0324', 'uxiavelca', 'hyunukch', 'mehdibandali', 'carlosvigo1997', 'yjn3492', 'bassel0elgharbawy0', 'cwcobb', 'rachel.blaydes', 'kirollos.morcos.km', 'chzh1341', 'maruf007', 'kunge0054', 'ljparrish', 'finnclements', 'miguel_fernandez', 'eleini', 'almaemar', 'soddi1621', 'hs960531', 'estalin', 'antoramp', 'alberto4', 'austylan', 'dhkswk96', 'ghobashy445', 'putueka', 'graceml2', 'gipes', 'shdubaisi', 'karthi.madhubalan', 'kendalhiatt', 'rwtham2', 'marshallfrye', 'foojorge', 'josue.clavijo', '123whdxor', 'rylandwjolliffe', 'aloptor', 'kioupakis', 'lsj4677', 'derkn', 'mpikul', 'cokane', 'johnlanghout', 'lhc33820933', 'juansans98', 'kamkbetz', 'jasperdeconinck', 'lukedoherty', 'bobbimatheson', 'spazos', 'nhuotari', 'matthewdailey', 'u0543041', 'macks', 'giacomo.bego', 'dylanae', 'myez', 'savvag44', 'ana.rmteo', 'immmin6677', 'dangover94', 'nickrubl', 'corozco', 'titanking231', 'glevita2', 'dish1498', 'qottkf6194', 'smprabhu', 'marniesan', 'huyvanle1998', 'juanjoseo', 'lsienko2', 'eunice98k', 'k66773659', 'emt2', 'shahzadakhtar2124', 'zaubin42', 'eserafimbortolazzo', 'franktib2', 'cbnuleejinwoo', 'cbo3', 'syu19', 'nshamsi', 'cjsxodnd12', 'dnlek12', 'rygr8576', 'boody456366', 'shriyasi', 'antonio25', 'ak37', 'bha00001', 'islamber', 'zrm0001', 'jenniferperez1', 'leesk4869', 'jiaolh', 'parkface94', 'anstjd1542', 'hyerim100600', 'msubullies1', 'jrichman99', 'aht47', 'caetano.eirea', 'philg', 'tz11', 'mattmattmerrill', 'yoonek6719', 'jakubpepas', 'afreel4', 'dbeciri45', 'u1121281', 'mauro_sg', 'qncowlf10', 'isaachong', 'idargu90', 'yougyeongo', 'student1000', 'jinsong4', 'chvk4161', 'domanus2', 'mitchell.shields99', 'chohyundong12', 'ludovick', 'gcxmoffice1994', 'itskatomall', 'jlkirk', 'pichoncillo1', 'ns23', 'anunez38', 'htj1104', 'atsui1', 'anais3', 'ophelie10', 'eogn1004', 'tsehgal2', 'paulnneuburger', 'hellbomber101', 'supernhtr', 'ryuhoin2002', 'e.pmcrespo', 'marcospascualin', 'juho4523', 'danielcondetorres', 'pablosande98', 'mtanzi', 'kyserch', 'guillermocam', 'lboals', 'cvipong', 'aanupam3', 'zhengc8', 'rhrna007', 'aia00001', 'lwang82', 'wjdekgus77', 'anilt2001t', 'josig2011', 'dariushkim', 'kepco2020a', 'hayejord', 'mattvillena', 'tjtks4730', 'tonni1912', 'naitix', 'bbatuhanbilecen', 'khfrum', 'piri940511', 'minseok', 'gonserr', 'iagomillanentenza', 'adp5383', 'tpollei', 'ezsamsuntung', 'shirani', 'spraveen', 'reyda', 'martinperezmaneiro', 'tmdorsey', 'ajcharm', 'smdesrochers', 'jonathan.balent', 'hjshook', 'nleginza', 'francike', 'iflueck2', 'dukelau', 'josedamiangarcianoya', 'mheikka', 'siyuezheng', 'emilioar', 'vtagare2', 'krizzy560', 'davidmylesrosser', 'nmccar', 'mooka', 'jmy0002', 'koakhyunji', 'mocha7411', 'socrat', 'alskdjfh6161', 'anirula2', 'mertyamanoglu', 'ziyue2', 'mstryk', 'gekco', 'mbow', 'drrost', 'jpmurph', 'kesu1234', 'ganaaa12a', 'hjr2', 'coopjord', 'georgeckchen', 'mattkrock', 'xogus102929', 'rachelgjohnson', 'ye02', 'junzed2', 'tleonar', 'dromar98', 'rnalbert25', 'rsp79', 'cablood', 'cmoauro2', 'vkm2', 'jtkach2', 'vandelei', 'xoangon', 'b.benson', 'zwoerner', 'giacomo.munari.1', 'ignaciomilani', 'gourdin.1', 'eparlow', 'toast', 'zlapvmf', 'nakkulab', 'dwebster600', 'jeandavid', 'petercp2', 'raymondzhou227', 'mmartinezsanchez', 'm0650104.ee06g', 'jscholtz', 'cjrome', 'binx12358', 'jkubota2', 'tnqls3409', 'jsysev', 'manuel10suarez10', 'sabintandukar', 'bsusol2', 'livadluc', 'martinzapatamartinez', 'jesusgiraldez', 'phd.physics2018', 'u1201859', 'dbister', 'wesleypa', 'genius_p', 'zefangye', 'seyryu1', 'isaac.dominguez4444', 'lewynb', 'wodnjssnsk12', 'kylievittetoe', 'hulasyr', 'qwerty0637', 'vguarino', 'jshangraw', 'nes1011', 'lidiadom', 'ghtlstnf7', 'samuelfl', 'sallysong683', 'giung0227', 'fofi94', 'declanb', 'axelbelgarde', 'n3b3x', 'anamichelena', 'dale7283', 'kevwankrw678', 'thddpwls257', 'danielm78', 'ardisch123', 'jzwesley', 'ybso1566', 'jedelkind0117', 'exareivaj', 'georgeli', 'srnelson', 'kpantig4', 'pedro.julian', 'zainsou', 'cjs476', 'b.isenberg', 'blake.ballou08', 'sgu20151463', 'roychoudhuryaditya2019', 'u0360918', 'brycebitter', 'navya.k.shastri', 'sendmesugar', 'logankraus', 'sukjunyeo', 'jaephago', 'cvia', 'klfoley24', 'rbb0001', 'qumo4329', 'hancheyn', 'alw0039', 'palzmq', 'mcdonald.josh', 'lukebidulka', 'bw02203', 'pablocl', 'beper53', 'dorxlqmdkdlel', 'fouroulou', 'ohh99o9', 'conanw2', 'dmeyer1998', 'cicalesej', 'bryce.veit', 'jdanivc', 'taylordavis678', 'aagoulas', 'u1285150', 'jspielma', 'jboniuk98', 'matthewleemle2', 'yapandrew110', 'swdoctor', 'dldnals2020', 'deboraj1121990', 'sschneider874', 'qkslqksl951', 'tristram', 'aaronr', 'shanpra', 'mis5660', 'ssutyak2', 'rohdej', 'clara.landesa', 'byeolguri', 'nargene', 'ealonso1995', 'amyrm20', 'rgast', 'jhryu1994', 'chdu6864', 'therahuul', 'sherwmit', 'palcal2', 'mbusse1', 'ylanbdr', 'kbb2', 'foghel96', 'yoojeong9925', 'kierasbr', 'mattnalty97', 'suyoneee', 'mikesnure', 'epeachus', 'jn12su27', 'andreagcoto', 'sumintnals', 'adrianhochgesang', 'latourem', 'hyerim1006000', 'xoanmayo', 'daviscjd', 'yxluan', 'thomas.poulin', 'anstpdlffj3', 'shabnashreej', 'andreagiaccherini', 'sportmonkey584', 'phsecretan', 'sooooooy314', 'abal2474', 'xfiles', 'ekdms0894']"
4,211,136,51,1,['ziyue2'],135,"['mheikka', 'vtagare2', 'krizzy560', 'mmalini', 'nickho', 'davidmylesrosser', 'jeffrey', 'nmccar', 'mooka', 'hyunukch', 'anirula2', 'mstryk', 'cwcobb', 'mbow', 'drrost', 'jpmurph', 'maruf007', 'hjr2', 'ljparrish', 'eleini', 'almaemar', 'mattkrock', 'alberto4', 'austylan', 'junzed2', 'tleonar', 'dromar98', 'putueka', 'rnalbert25', 'cablood', 'shdubaisi', 'karthi.madhubalan', 'cmoauro2', 'vkm2', 'jtkach2', 'rwtham2', 'josue.clavijo', 'zwoerner', 'gourdin.1', 'rylandwjolliffe', 'eparlow', 'dwebster600', 'kioupakis', 'derkn', 'jscholtz', 'mpikul', 'cjrome', 'cokane', 'binx12358', 'kamkbetz', 'jkubota2', 'lukedoherty', 'jsysev', 'bsusol2', 'nhuotari', 'livadluc', 'dylanae', 'phd.physics2018', 'savvag44', 'nickrubl', 'wesleypa', 'zefangye', 'seyryu1', 'glevita2', 'lewynb', 'smprabhu', 'huyvanle1998', 'lsienko2', 'kylievittetoe', 'hulasyr', 'vguarino', 'jshangraw', 'emt2', 'shahzadakhtar2124', 'cbo3', 'syu19', 'kevwankrw678', 'jzwesley', 'georgeli', 'shriyasi', 'ak37', 'islamber', 'kpantig4', 'srnelson', 'zainsou', 'brycebitter', 'tz11', 'sendmesugar', 'afreel4', 'cvia', 'klfoley24', 'isaachong', 'jinsong4', 'domanus2', 'fouroulou', 'conanw2', 'ns23', 'anunez38', 'bryce.veit', 'atsui1', 'tsehgal2', 'aagoulas', 'jspielma', 'paulnneuburger', 'yapandrew110', 'swdoctor', 'deboraj1121990', 'aaronr', 'shanpra', 'ssutyak2', 'lboals', 'cvipong', 'ealonso1995', 'zhengc8', 'amyrm20', 'rgast', 'anilt2001t', 'palcal2', 'mbusse1', 'kbb2', 'mattvillena', 'kierasbr', 'mattnalty97', 'epeachus', 'minseok', 'daviscjd', 'shirani', 'yxluan', 'spraveen', 'ajcharm', 'andreagiaccherini', 'phsecretan', 'nleginza', 'iflueck2', 'dukelau']",50,"['d169774', 'emilioar', 'fedeenav', 'tflong71', 'michael.breeding31', 'jboniuk98', 'thalesrogerio', 'oozaku', 'ecegeekece', 'profjanser', 'judgeofduty', 'petercp2', 'jte55', 'mbatra310', 'a212269', 'anaya.g2623', 'daglis', 'pedro.julian', 'aia00001', 'cjs476', 'mvp55', 'macks', 'lwang82', 'manolisc23', 'blake.ballou08', 'aht47', 'v206586', 'roychoudhuryaditya2019', 'ganaaa12a', 'mattmattmerrill', 'finnclements', 'rileymccarthy27', 'mikesnure', 'rbb0001', 'fredysanchez2', 'andrew2016', 'izumi98077', 'alw0039', 'rburkins1', 'fosbackta17', 'sjl328', 'npd54', 'r204952', 'e.sdavidm', 'rsp79', 'hjshook', 'hrilina12', 'ganassinandrea', 'i217947', 'nicaponti']",186,"['mheikka', 'emilioar', 'vtagare2', 'krizzy560', 'mmalini', 'nickho', 'davidmylesrosser', 'profjanser', 'jeffrey', 'nmccar', 'mooka', 'a212269', 'hyunukch', 'daglis', 'anirula2', 'ziyue2', 'mstryk', 'cwcobb', 'mbow', 'drrost', 'v206586', 'jpmurph', 'maruf007', 'ganaaa12a', 'hjr2', 'ljparrish', 'finnclements', 'eleini', 'almaemar', 'mattkrock', 'alberto4', 'austylan', 'junzed2', 'tleonar', 'dromar98', 'fosbackta17', 'putueka', 'rnalbert25', 'e.sdavidm', 'rsp79', 'cablood', 'shdubaisi', 'cmoauro2', 'karthi.madhubalan', 'vkm2', 'jtkach2', 'i217947', 'nicaponti', 'rwtham2', 'josue.clavijo', 'zwoerner', 'gourdin.1', 'rylandwjolliffe', 'eparlow', 'michael.breeding31', 'dwebster600', 'thalesrogerio', 'kioupakis', 'petercp2', 'derkn', 'jscholtz', 'mpikul', 'cjrome', 'cokane', 'binx12358', 'kamkbetz', 'jkubota2', 'lukedoherty', 'jsysev', 'bsusol2', 'nhuotari', 'livadluc', 'macks', 'manolisc23', 'dylanae', 'phd.physics2018', 'savvag44', 'nickrubl', 'wesleypa', 'zefangye', 'seyryu1', 'glevita2', 'lewynb', 'rileymccarthy27', 'smprabhu', 'huyvanle1998', 'fredysanchez2', 'izumi98077', 'lsienko2', 'kylievittetoe', 'hulasyr', 'vguarino', 'jshangraw', 'emt2', 'shahzadakhtar2124', 'cbo3', 'syu19', 'fedeenav', 'kevwankrw678', 'jzwesley', 'oozaku', 'judgeofduty', 'georgeli', 'shriyasi', 'ak37', 'anaya.g2623', 'islamber', 'kpantig4', 'srnelson', 'pedro.julian', 'zainsou', 'cjs476', 'mvp55', 'blake.ballou08', 'aht47', 'roychoudhuryaditya2019', 'brycebitter', 'tz11', 'mattmattmerrill', 'sendmesugar', 'afreel4', 'cvia', 'klfoley24', 'isaachong', 'rbb0001', 'alw0039', 'jinsong4', 'rburkins1', 'domanus2', 'sjl328', 'npd54', 'r204952', 'fouroulou', 'hrilina12', 'conanw2', 'ns23', 'anunez38', 'bryce.veit', 'atsui1', 'd169774', 'tsehgal2', 'tflong71', 'aagoulas', 'jspielma', 'paulnneuburger', 'jboniuk98', 'yapandrew110', 'swdoctor', 'ecegeekece', 'deboraj1121990', 'jte55', 'mbatra310', 'aaronr', 'shanpra', 'ssutyak2', 'lboals', 'cvipong', 'ealonso1995', 'zhengc8', 'amyrm20', 'rgast', 'aia00001', 'lwang82', 'anilt2001t', 'palcal2', 'mbusse1', 'kbb2', 'mattvillena', 'kierasbr', 'mattnalty97', 'mikesnure', 'epeachus', 'minseok', 'andrew2016', 'daviscjd', 'shirani', 'yxluan', 'spraveen', 'ajcharm', 'andreagiaccherini', 'phsecretan', 'hjshook', 'nleginza', 'ganassinandrea', 'iflueck2', 'dukelau']"
4,94,136,43,19,"['eparlow', 'aagoulas', 'jspielma', 'jzwesley', 'nickho', 'kioupakis', 'jscholtz', 'cokane', 'shriyasi', 'lboals', 'mstryk', 'zainsou', 'dylanae', 'smprabhu', 'alberto4', 'yxluan', 'rnalbert25', 'shdubaisi', 'nleginza']",117,"['mheikka', 'vtagare2', 'krizzy560', 'mmalini', 'davidmylesrosser', 'jeffrey', 'nmccar', 'mooka', 'hyunukch', 'anirula2', 'ziyue2', 'cwcobb', 'mbow', 'drrost', 'jpmurph', 'maruf007', 'hjr2', 'ljparrish', 'eleini', 'almaemar', 'mattkrock', 'austylan', 'junzed2', 'tleonar', 'dromar98', 'putueka', 'cablood', 'karthi.madhubalan', 'cmoauro2', 'vkm2', 'jtkach2', 'rwtham2', 'josue.clavijo', 'zwoerner', 'gourdin.1', 'rylandwjolliffe', 'dwebster600', 'derkn', 'mpikul', 'cjrome', 'binx12358', 'kamkbetz', 'jkubota2', 'lukedoherty', 'jsysev', 'bsusol2', 'nhuotari', 'livadluc', 'phd.physics2018', 'savvag44', 'nickrubl', 'wesleypa', 'zefangye', 'seyryu1', 'glevita2', 'lewynb', 'huyvanle1998', 'lsienko2', 'kylievittetoe', 'hulasyr', 'vguarino', 'jshangraw', 'emt2', 'shahzadakhtar2124', 'cbo3', 'syu19', 'kevwankrw678', 'georgeli', 'ak37', 'islamber', 'kpantig4', 'srnelson', 'brycebitter', 'tz11', 'sendmesugar', 'afreel4', 'cvia', 'klfoley24', 'isaachong', 'jinsong4', 'domanus2', 'fouroulou', 'conanw2', 'ns23', 'anunez38', 'bryce.veit', 'atsui1', 'tsehgal2', 'paulnneuburger', 'yapandrew110', 'swdoctor', 'deboraj1121990', 'aaronr', 'shanpra', 'ssutyak2', 'cvipong', 'ealonso1995', 'zhengc8', 'amyrm20', 'rgast', 'anilt2001t', 'palcal2', 'mbusse1', 'kbb2', 'mattvillena', 'kierasbr', 'mattnalty97', 'epeachus', 'minseok', 'daviscjd', 'shirani', 'spraveen', 'ajcharm', 'andreagiaccherini', 'phsecretan', 'iflueck2', 'dukelau']",24,"['lutianx', 'dbyin', 'greeleyd', 'mtaheri', 'cgiger', 'zbk', 'chahuang', 'gladaaro', 'gbruno527', 'zhuhao', 'hhlien', 'caitaot', 'taoyuhu', 'ariwu', 'metink', 'mainmark', 'sudeepm', 'yuchuw', 'jiayinyu', 'qiliang', 'linchtn', 'blanzyt', 'maxpow', 'jiaminw']",160,"['mheikka', 'vtagare2', 'mtaheri', 'krizzy560', 'mmalini', 'zbk', 'nickho', 'davidmylesrosser', 'gbruno527', 'jeffrey', 'nmccar', 'mooka', 'hyunukch', 'anirula2', 'ziyue2', 'mstryk', 'cwcobb', 'mbow', 'drrost', 'metink', 'jpmurph', 'maruf007', 'sudeepm', 'hjr2', 'ljparrish', 'eleini', 'almaemar', 'mattkrock', 'qiliang', 'alberto4', 'austylan', 'junzed2', 'tleonar', 'dromar98', 'putueka', 'rnalbert25', 'cablood', 'shdubaisi', 'cmoauro2', 'karthi.madhubalan', 'vkm2', 'jtkach2', 'maxpow', 'rwtham2', 'josue.clavijo', 'lutianx', 'zwoerner', 'gourdin.1', 'rylandwjolliffe', 'eparlow', 'dwebster600', 'chahuang', 'kioupakis', 'derkn', 'jscholtz', 'mpikul', 'cjrome', 'cokane', 'binx12358', 'kamkbetz', 'jkubota2', 'lukedoherty', 'jsysev', 'bsusol2', 'nhuotari', 'livadluc', 'dylanae', 'phd.physics2018', 'savvag44', 'nickrubl', 'wesleypa', 'zefangye', 'seyryu1', 'glevita2', 'lewynb', 'smprabhu', 'huyvanle1998', 'lsienko2', 'kylievittetoe', 'hulasyr', 'vguarino', 'jshangraw', 'emt2', 'shahzadakhtar2124', 'cbo3', 'syu19', 'kevwankrw678', 'jzwesley', 'gladaaro', 'zhuhao', 'georgeli', 'shriyasi', 'ak37', 'islamber', 'kpantig4', 'srnelson', 'caitaot', 'zainsou', 'brycebitter', 'tz11', 'sendmesugar', 'afreel4', 'jiayinyu', 'cvia', 'klfoley24', 'isaachong', 'jinsong4', 'domanus2', 'fouroulou', 'conanw2', 'ns23', 'anunez38', 'bryce.veit', 'atsui1', 'tsehgal2', 'aagoulas', 'dbyin', 'greeleyd', 'jspielma', 'paulnneuburger', 'cgiger', 'yapandrew110', 'swdoctor', 'deboraj1121990', 'aaronr', 'shanpra', 'ssutyak2', 'lboals', 'cvipong', 'ealonso1995', 'hhlien', 'zhengc8', 'taoyuhu', 'amyrm20', 'rgast', 'ariwu', 'anilt2001t', 'palcal2', 'mbusse1', 'kbb2', 'mainmark', 'mattvillena', 'yuchuw', 'kierasbr', 'mattnalty97', 'epeachus', 'minseok', 'daviscjd', 'linchtn', 'shirani', 'yxluan', 'spraveen', 'blanzyt', 'ajcharm', 'andreagiaccherini', 'phsecretan', 'nleginza', 'iflueck2', 'dukelau', 'jiaminw']"
4,27,136,22,15,"['jinsong4', 'palcal2', 'domanus2', 'shirani', 'junzed2', 'jkubota2', 'hjr2', 'ssutyak2', 'emt2', 'ziyue2', 'ns23', 'vkm2', 'conanw2', 'anunez38', 'cbo3']",121,"['mheikka', 'vtagare2', 'krizzy560', 'mmalini', 'nickho', 'davidmylesrosser', 'jeffrey', 'nmccar', 'mooka', 'hyunukch', 'anirula2', 'mstryk', 'cwcobb', 'mbow', 'drrost', 'jpmurph', 'maruf007', 'ljparrish', 'eleini', 'almaemar', 'mattkrock', 'alberto4', 'austylan', 'tleonar', 'dromar98', 'putueka', 'rnalbert25', 'cablood', 'shdubaisi', 'cmoauro2', 'karthi.madhubalan', 'jtkach2', 'rwtham2', 'josue.clavijo', 'zwoerner', 'gourdin.1', 'rylandwjolliffe', 'eparlow', 'dwebster600', 'kioupakis', 'derkn', 'jscholtz', 'mpikul', 'cjrome', 'cokane', 'binx12358', 'kamkbetz', 'lukedoherty', 'jsysev', 'bsusol2', 'nhuotari', 'livadluc', 'dylanae', 'phd.physics2018', 'savvag44', 'nickrubl', 'wesleypa', 'zefangye', 'seyryu1', 'glevita2', 'lewynb', 'smprabhu', 'huyvanle1998', 'lsienko2', 'kylievittetoe', 'hulasyr', 'vguarino', 'jshangraw', 'shahzadakhtar2124', 'syu19', 'kevwankrw678', 'jzwesley', 'georgeli', 'shriyasi', 'ak37', 'islamber', 'kpantig4', 'srnelson', 'zainsou', 'brycebitter', 'tz11', 'sendmesugar', 'afreel4', 'cvia', 'klfoley24', 'isaachong', 'fouroulou', 'bryce.veit', 'atsui1', 'tsehgal2', 'aagoulas', 'jspielma', 'paulnneuburger', 'yapandrew110', 'swdoctor', 'deboraj1121990', 'aaronr', 'shanpra', 'lboals', 'cvipong', 'ealonso1995', 'zhengc8', 'amyrm20', 'rgast', 'anilt2001t', 'mbusse1', 'kbb2', 'mattvillena', 'kierasbr', 'mattnalty97', 'epeachus', 'minseok', 'daviscjd', 'yxluan', 'spraveen', 'ajcharm', 'andreagiaccherini', 'phsecretan', 'nleginza', 'iflueck2', 'dukelau']",7,"['jgruber3', 'zhuoran8', 'naisong2', 'pwalke9', 'jillmcar', 'haibog2', 'blakerc2']",143,"['jgruber3', 'mheikka', 'vtagare2', 'krizzy560', 'mmalini', 'nickho', 'davidmylesrosser', 'jeffrey', 'nmccar', 'mooka', 'hyunukch', 'anirula2', 'ziyue2', 'mstryk', 'cwcobb', 'mbow', 'drrost', 'jpmurph', 'maruf007', 'hjr2', 'ljparrish', 'eleini', 'almaemar', 'mattkrock', 'alberto4', 'austylan', 'junzed2', 'zhuoran8', 'tleonar', 'dromar98', 'putueka', 'rnalbert25', 'cablood', 'shdubaisi', 'cmoauro2', 'karthi.madhubalan', 'vkm2', 'jtkach2', 'rwtham2', 'josue.clavijo', 'zwoerner', 'gourdin.1', 'rylandwjolliffe', 'eparlow', 'dwebster600', 'pwalke9', 'kioupakis', 'derkn', 'jscholtz', 'mpikul', 'cjrome', 'cokane', 'binx12358', 'kamkbetz', 'jkubota2', 'lukedoherty', 'jsysev', 'bsusol2', 'nhuotari', 'livadluc', 'dylanae', 'phd.physics2018', 'savvag44', 'nickrubl', 'wesleypa', 'zefangye', 'seyryu1', 'glevita2', 'lewynb', 'smprabhu', 'jillmcar', 'huyvanle1998', 'lsienko2', 'kylievittetoe', 'hulasyr', 'vguarino', 'jshangraw', 'emt2', 'shahzadakhtar2124', 'cbo3', 'syu19', 'kevwankrw678', 'jzwesley', 'blakerc2', 'georgeli', 'shriyasi', 'ak37', 'islamber', 'kpantig4', 'srnelson', 'zainsou', 'naisong2', 'brycebitter', 'tz11', 'sendmesugar', 'afreel4', 'cvia', 'klfoley24', 'isaachong', 'jinsong4', 'domanus2', 'fouroulou', 'conanw2', 'ns23', 'anunez38', 'bryce.veit', 'atsui1', 'tsehgal2', 'aagoulas', 'jspielma', 'paulnneuburger', 'yapandrew110', 'swdoctor', 'deboraj1121990', 'aaronr', 'shanpra', 'ssutyak2', 'lboals', 'cvipong', 'ealonso1995', 'zhengc8', 'amyrm20', 'rgast', 'anilt2001t', 'palcal2', 'mbusse1', 'kbb2', 'mattvillena', 'kierasbr', 'mattnalty97', 'epeachus', 'minseok', 'haibog2', 'daviscjd', 'shirani', 'yxluan', 'spraveen', 'ajcharm', 'andreagiaccherini', 'phsecretan', 'nleginza', 'iflueck2', 'dukelau']"
4,168,136,22,1,['glevita2'],135,"['mheikka', 'vtagare2', 'krizzy560', 'mmalini', 'nickho', 'davidmylesrosser', 'jeffrey', 'nmccar', 'mooka', 'hyunukch', 'anirula2', 'ziyue2', 'mstryk', 'cwcobb', 'mbow', 'drrost', 'jpmurph', 'maruf007', 'hjr2', 'ljparrish', 'eleini', 'almaemar', 'mattkrock', 'alberto4', 'austylan', 'junzed2', 'tleonar', 'dromar98', 'putueka', 'rnalbert25', 'cablood', 'shdubaisi', 'cmoauro2', 'karthi.madhubalan', 'vkm2', 'jtkach2', 'rwtham2', 'josue.clavijo', 'zwoerner', 'gourdin.1', 'rylandwjolliffe', 'eparlow', 'dwebster600', 'kioupakis', 'derkn', 'jscholtz', 'mpikul', 'cjrome', 'cokane', 'binx12358', 'kamkbetz', 'jkubota2', 'lukedoherty', 'jsysev', 'bsusol2', 'nhuotari', 'livadluc', 'dylanae', 'phd.physics2018', 'savvag44', 'nickrubl', 'wesleypa', 'zefangye', 'seyryu1', 'lewynb', 'smprabhu', 'huyvanle1998', 'lsienko2', 'kylievittetoe', 'hulasyr', 'vguarino', 'jshangraw', 'emt2', 'shahzadakhtar2124', 'cbo3', 'syu19', 'kevwankrw678', 'jzwesley', 'georgeli', 'shriyasi', 'ak37', 'islamber', 'kpantig4', 'srnelson', 'zainsou', 'brycebitter', 'tz11', 'sendmesugar', 'afreel4', 'cvia', 'klfoley24', 'isaachong', 'jinsong4', 'domanus2', 'fouroulou', 'conanw2', 'ns23', 'anunez38', 'bryce.veit', 'atsui1', 'tsehgal2', 'aagoulas', 'jspielma', 'paulnneuburger', 'yapandrew110', 'swdoctor', 'deboraj1121990', 'aaronr', 'shanpra', 'ssutyak2', 'lboals', 'cvipong', 'ealonso1995', 'zhengc8', 'amyrm20', 'rgast', 'anilt2001t', 'palcal2', 'mbusse1', 'kbb2', 'mattvillena', 'kierasbr', 'mattnalty97', 'epeachus', 'minseok', 'daviscjd', 'shirani', 'yxluan', 'spraveen', 'ajcharm', 'andreagiaccherini', 'phsecretan', 'nleginza', 'iflueck2', 'dukelau']",21,"['dlee230', 'khalilo2', 'ziruiw2', 'huizhit2', 'hanzhi2', 'xuwenting2000', 'jihoonp2', 'dl20', 'ymyu2', 'msaada2', 'noahrh3', 'jiaruil4', 'haibog2', 'azatar3', 'zhuoran8', 'bonianp2', 'adamato2', 'konicek3', 'graceml2', 'magnaye2', 'haoyuli3']",157,"['mheikka', 'dlee230', 'vtagare2', 'krizzy560', 'mmalini', 'nickho', 'davidmylesrosser', 'jeffrey', 'nmccar', 'mooka', 'hyunukch', 'hanzhi2', 'anirula2', 'ziyue2', 'mstryk', 'cwcobb', 'mbow', 'drrost', 'jpmurph', 'maruf007', 'hjr2', 'ljparrish', 'msaada2', 'eleini', 'almaemar', 'mattkrock', 'alberto4', 'austylan', 'junzed2', 'zhuoran8', 'tleonar', 'dromar98', 'putueka', 'rnalbert25', 'konicek3', 'graceml2', 'cablood', 'shdubaisi', 'cmoauro2', 'karthi.madhubalan', 'vkm2', 'jtkach2', 'rwtham2', 'josue.clavijo', 'zwoerner', 'gourdin.1', 'rylandwjolliffe', 'eparlow', 'dwebster600', 'kioupakis', 'derkn', 'jscholtz', 'mpikul', 'cjrome', 'cokane', 'binx12358', 'kamkbetz', 'jkubota2', 'lukedoherty', 'jsysev', 'bsusol2', 'nhuotari', 'livadluc', 'dylanae', 'phd.physics2018', 'savvag44', 'ymyu2', 'nickrubl', 'wesleypa', 'zefangye', 'seyryu1', 'glevita2', 'lewynb', 'smprabhu', 'jiaruil4', 'huyvanle1998', 'lsienko2', 'azatar3', 'kylievittetoe', 'hulasyr', 'vguarino', 'jshangraw', 'emt2', 'shahzadakhtar2124', 'haoyuli3', 'cbo3', 'syu19', 'kevwankrw678', 'khalilo2', 'jzwesley', 'huizhit2', 'georgeli', 'shriyasi', 'ak37', 'islamber', 'kpantig4', 'srnelson', 'xuwenting2000', 'zainsou', 'jihoonp2', 'dl20', 'brycebitter', 'tz11', 'sendmesugar', 'afreel4', 'noahrh3', 'cvia', 'klfoley24', 'isaachong', 'jinsong4', 'domanus2', 'bonianp2', 'adamato2', 'fouroulou', 'magnaye2', 'conanw2', 'ns23', 'anunez38', 'bryce.veit', 'atsui1', 'tsehgal2', 'aagoulas', 'jspielma', 'paulnneuburger', 'ziruiw2', 'yapandrew110', 'swdoctor', 'deboraj1121990', 'aaronr', 'shanpra', 'ssutyak2', 'lboals', 'cvipong', 'ealonso1995', 'zhengc8', 'amyrm20', 'rgast', 'anilt2001t', 'palcal2', 'mbusse1', 'kbb2', 'mattvillena', 'kierasbr', 'mattnalty97', 'epeachus', 'minseok', 'haibog2', 'daviscjd', 'shirani', 'yxluan', 'spraveen', 'ajcharm', 'andreagiaccherini', 'phsecretan', 'nleginza', 'iflueck2', 'dukelau']"
4,98,136,18,15,"['vguarino', 'mbusse1', 'aaronr', 'mattvillena', 'sendmesugar', 'kpantig4', 'cvipong', 'paulnneuburger', 'dwebster600', 'krizzy560', 'lukedoherty', 'isaachong', 'mattkrock', 'derkn', 'bryce.veit']",121,"['mheikka', 'vtagare2', 'mmalini', 'nickho', 'davidmylesrosser', 'jeffrey', 'nmccar', 'mooka', 'hyunukch', 'anirula2', 'ziyue2', 'mstryk', 'cwcobb', 'mbow', 'drrost', 'jpmurph', 'maruf007', 'hjr2', 'ljparrish', 'eleini', 'almaemar', 'alberto4', 'austylan', 'junzed2', 'tleonar', 'dromar98', 'putueka', 'rnalbert25', 'cablood', 'shdubaisi', 'cmoauro2', 'karthi.madhubalan', 'vkm2', 'jtkach2', 'rwtham2', 'josue.clavijo', 'zwoerner', 'gourdin.1', 'rylandwjolliffe', 'eparlow', 'kioupakis', 'jscholtz', 'mpikul', 'cjrome', 'cokane', 'binx12358', 'kamkbetz', 'jkubota2', 'jsysev', 'bsusol2', 'nhuotari', 'livadluc', 'dylanae', 'phd.physics2018', 'savvag44', 'nickrubl', 'wesleypa', 'zefangye', 'seyryu1', 'glevita2', 'lewynb', 'smprabhu', 'huyvanle1998', 'lsienko2', 'kylievittetoe', 'hulasyr', 'jshangraw', 'emt2', 'shahzadakhtar2124', 'cbo3', 'syu19', 'kevwankrw678', 'jzwesley', 'georgeli', 'shriyasi', 'ak37', 'islamber', 'srnelson', 'zainsou', 'brycebitter', 'tz11', 'afreel4', 'cvia', 'klfoley24', 'jinsong4', 'domanus2', 'fouroulou', 'conanw2', 'ns23', 'anunez38', 'atsui1', 'tsehgal2', 'aagoulas', 'jspielma', 'yapandrew110', 'swdoctor', 'deboraj1121990', 'shanpra', 'ssutyak2', 'lboals', 'ealonso1995', 'zhengc8', 'amyrm20', 'rgast', 'anilt2001t', 'palcal2', 'kbb2', 'kierasbr', 'mattnalty97', 'epeachus', 'minseok', 'daviscjd', 'shirani', 'yxluan', 'spraveen', 'ajcharm', 'andreagiaccherini', 'phsecretan', 'nleginza', 'iflueck2', 'dukelau']",3,"['mbkivy', 'wemma', 'jschaefer9']",139,"['mheikka', 'vtagare2', 'krizzy560', 'mmalini', 'nickho', 'davidmylesrosser', 'jeffrey', 'nmccar', 'mooka', 'hyunukch', 'anirula2', 'ziyue2', 'mstryk', 'cwcobb', 'mbow', 'drrost', 'jpmurph', 'maruf007', 'mbkivy', 'hjr2', 'ljparrish', 'eleini', 'almaemar', 'mattkrock', 'alberto4', 'austylan', 'junzed2', 'tleonar', 'dromar98', 'putueka', 'rnalbert25', 'cablood', 'shdubaisi', 'cmoauro2', 'karthi.madhubalan', 'vkm2', 'jtkach2', 'rwtham2', 'josue.clavijo', 'zwoerner', 'gourdin.1', 'rylandwjolliffe', 'eparlow', 'dwebster600', 'kioupakis', 'derkn', 'jscholtz', 'mpikul', 'cjrome', 'cokane', 'binx12358', 'kamkbetz', 'jkubota2', 'lukedoherty', 'jsysev', 'bsusol2', 'nhuotari', 'livadluc', 'dylanae', 'phd.physics2018', 'savvag44', 'nickrubl', 'wesleypa', 'zefangye', 'seyryu1', 'glevita2', 'lewynb', 'smprabhu', 'huyvanle1998', 'lsienko2', 'kylievittetoe', 'hulasyr', 'vguarino', 'jshangraw', 'emt2', 'shahzadakhtar2124', 'cbo3', 'syu19', 'kevwankrw678', 'jzwesley', 'georgeli', 'shriyasi', 'ak37', 'islamber', 'kpantig4', 'srnelson', 'zainsou', 'brycebitter', 'tz11', 'sendmesugar', 'afreel4', 'cvia', 'klfoley24', 'isaachong', 'jinsong4', 'wemma', 'domanus2', 'fouroulou', 'conanw2', 'ns23', 'anunez38', 'bryce.veit', 'atsui1', 'tsehgal2', 'aagoulas', 'jspielma', 'paulnneuburger', 'yapandrew110', 'swdoctor', 'jschaefer9', 'deboraj1121990', 'aaronr', 'shanpra', 'ssutyak2', 'lboals', 'cvipong', 'ealonso1995', 'zhengc8', 'amyrm20', 'rgast', 'anilt2001t', 'palcal2', 'mbusse1', 'kbb2', 'mattvillena', 'kierasbr', 'mattnalty97', 'epeachus', 'minseok', 'daviscjd', 'shirani', 'yxluan', 'spraveen', 'ajcharm', 'andreagiaccherini', 'phsecretan', 'nleginza', 'iflueck2', 'dukelau']"
4,97,136,15,9,"['palcal2', 'kbb2', 'emt2', 'afreel4', 'cmoauro2', 'bsusol2', 'jtkach2', 'almaemar', 'lsienko2']",127,"['mheikka', 'vtagare2', 'krizzy560', 'mmalini', 'nickho', 'davidmylesrosser', 'jeffrey', 'nmccar', 'mooka', 'hyunukch', 'anirula2', 'ziyue2', 'mstryk', 'cwcobb', 'mbow', 'drrost', 'jpmurph', 'maruf007', 'hjr2', 'ljparrish', 'eleini', 'mattkrock', 'alberto4', 'austylan', 'junzed2', 'tleonar', 'dromar98', 'putueka', 'rnalbert25', 'cablood', 'shdubaisi', 'karthi.madhubalan', 'vkm2', 'rwtham2', 'josue.clavijo', 'zwoerner', 'gourdin.1', 'rylandwjolliffe', 'eparlow', 'dwebster600', 'kioupakis', 'derkn', 'jscholtz', 'mpikul', 'cjrome', 'cokane', 'binx12358', 'kamkbetz', 'jkubota2', 'lukedoherty', 'jsysev', 'nhuotari', 'livadluc', 'dylanae', 'phd.physics2018', 'savvag44', 'nickrubl', 'wesleypa', 'zefangye', 'seyryu1', 'glevita2', 'lewynb', 'smprabhu', 'huyvanle1998', 'kylievittetoe', 'hulasyr', 'vguarino', 'jshangraw', 'shahzadakhtar2124', 'cbo3', 'syu19', 'kevwankrw678', 'jzwesley', 'georgeli', 'shriyasi', 'ak37', 'islamber', 'kpantig4', 'srnelson', 'zainsou', 'brycebitter', 'tz11', 'sendmesugar', 'cvia', 'klfoley24', 'isaachong', 'jinsong4', 'domanus2', 'fouroulou', 'conanw2', 'ns23', 'anunez38', 'bryce.veit', 'atsui1', 'tsehgal2', 'aagoulas', 'jspielma', 'paulnneuburger', 'yapandrew110', 'swdoctor', 'deboraj1121990', 'aaronr', 'shanpra', 'ssutyak2', 'lboals', 'cvipong', 'ealonso1995', 'zhengc8', 'amyrm20', 'rgast', 'anilt2001t', 'mbusse1', 'mattvillena', 'kierasbr', 'mattnalty97', 'epeachus', 'minseok', 'daviscjd', 'shirani', 'yxluan', 'spraveen', 'ajcharm', 'andreagiaccherini', 'phsecretan', 'nleginza', 'iflueck2', 'dukelau']",6,"['lckb552', 'lucasrc2', 'joshuas8', 'wjsthdgkrl', 'petercp2', 'blakerc2']",142,"['mheikka', 'vtagare2', 'krizzy560', 'mmalini', 'nickho', 'davidmylesrosser', 'jeffrey', 'nmccar', 'mooka', 'hyunukch', 'anirula2', 'ziyue2', 'mstryk', 'cwcobb', 'mbow', 'drrost', 'jpmurph', 'maruf007', 'hjr2', 'ljparrish', 'eleini', 'almaemar', 'mattkrock', 'alberto4', 'austylan', 'junzed2', 'tleonar', 'dromar98', 'joshuas8', 'putueka', 'rnalbert25', 'cablood', 'shdubaisi', 'cmoauro2', 'karthi.madhubalan', 'vkm2', 'jtkach2', 'wjsthdgkrl', 'rwtham2', 'josue.clavijo', 'zwoerner', 'gourdin.1', 'rylandwjolliffe', 'eparlow', 'dwebster600', 'kioupakis', 'petercp2', 'derkn', 'jscholtz', 'mpikul', 'cjrome', 'cokane', 'binx12358', 'kamkbetz', 'jkubota2', 'lukedoherty', 'jsysev', 'bsusol2', 'nhuotari', 'livadluc', 'dylanae', 'phd.physics2018', 'savvag44', 'lucasrc2', 'nickrubl', 'wesleypa', 'zefangye', 'seyryu1', 'glevita2', 'lewynb', 'smprabhu', 'huyvanle1998', 'lsienko2', 'kylievittetoe', 'hulasyr', 'vguarino', 'jshangraw', 'emt2', 'shahzadakhtar2124', 'cbo3', 'syu19', 'lckb552', 'kevwankrw678', 'jzwesley', 'blakerc2', 'georgeli', 'shriyasi', 'ak37', 'islamber', 'kpantig4', 'srnelson', 'zainsou', 'brycebitter', 'tz11', 'sendmesugar', 'afreel4', 'cvia', 'klfoley24', 'isaachong', 'jinsong4', 'domanus2', 'fouroulou', 'conanw2', 'ns23', 'anunez38', 'bryce.veit', 'atsui1', 'tsehgal2', 'aagoulas', 'jspielma', 'paulnneuburger', 'yapandrew110', 'swdoctor', 'deboraj1121990', 'aaronr', 'shanpra', 'ssutyak2', 'lboals', 'cvipong', 'ealonso1995', 'zhengc8', 'amyrm20', 'rgast', 'anilt2001t', 'palcal2', 'mbusse1', 'kbb2', 'mattvillena', 'kierasbr', 'mattnalty97', 'epeachus', 'minseok', 'daviscjd', 'shirani', 'yxluan', 'spraveen', 'ajcharm', 'andreagiaccherini', 'phsecretan', 'nleginza', 'iflueck2', 'dukelau']"
4,95,136,13,13,"['kylievittetoe', 'alberto4', 'austylan', 'mheikka', 'kevwankrw678', 'spraveen', 'ajcharm', 'lboals', 'mmalini', 'shdubaisi', 'lewynb', 'mbow', 'jeffrey']",123,"['vtagare2', 'krizzy560', 'nickho', 'davidmylesrosser', 'nmccar', 'mooka', 'hyunukch', 'anirula2', 'ziyue2', 'mstryk', 'cwcobb', 'drrost', 'jpmurph', 'maruf007', 'hjr2', 'ljparrish', 'eleini', 'almaemar', 'mattkrock', 'junzed2', 'tleonar', 'dromar98', 'putueka', 'rnalbert25', 'cablood', 'cmoauro2', 'karthi.madhubalan', 'vkm2', 'jtkach2', 'rwtham2', 'josue.clavijo', 'zwoerner', 'gourdin.1', 'rylandwjolliffe', 'eparlow', 'dwebster600', 'kioupakis', 'derkn', 'jscholtz', 'mpikul', 'cjrome', 'cokane', 'binx12358', 'kamkbetz', 'jkubota2', 'lukedoherty', 'jsysev', 'bsusol2', 'nhuotari', 'livadluc', 'dylanae', 'phd.physics2018', 'savvag44', 'nickrubl', 'wesleypa', 'zefangye', 'seyryu1', 'glevita2', 'smprabhu', 'huyvanle1998', 'lsienko2', 'hulasyr', 'vguarino', 'jshangraw', 'emt2', 'shahzadakhtar2124', 'cbo3', 'syu19', 'jzwesley', 'georgeli', 'shriyasi', 'ak37', 'islamber', 'kpantig4', 'srnelson', 'zainsou', 'brycebitter', 'tz11', 'sendmesugar', 'afreel4', 'cvia', 'klfoley24', 'isaachong', 'jinsong4', 'domanus2', 'fouroulou', 'conanw2', 'ns23', 'anunez38', 'bryce.veit', 'atsui1', 'tsehgal2', 'aagoulas', 'jspielma', 'paulnneuburger', 'yapandrew110', 'swdoctor', 'deboraj1121990', 'aaronr', 'shanpra', 'ssutyak2', 'cvipong', 'ealonso1995', 'zhengc8', 'amyrm20', 'rgast', 'anilt2001t', 'palcal2', 'mbusse1', 'kbb2', 'mattvillena', 'kierasbr', 'mattnalty97', 'epeachus', 'minseok', 'daviscjd', 'shirani', 'yxluan', 'andreagiaccherini', 'phsecretan', 'nleginza', 'iflueck2', 'dukelau']",0,[],136,"['mheikka', 'vtagare2', 'krizzy560', 'mmalini', 'nickho', 'davidmylesrosser', 'jeffrey', 'nmccar', 'mooka', 'hyunukch', 'anirula2', 'ziyue2', 'mstryk', 'cwcobb', 'mbow', 'drrost', 'jpmurph', 'maruf007', 'hjr2', 'ljparrish', 'eleini', 'almaemar', 'mattkrock', 'alberto4', 'austylan', 'junzed2', 'tleonar', 'dromar98', 'putueka', 'rnalbert25', 'cablood', 'shdubaisi', 'cmoauro2', 'karthi.madhubalan', 'vkm2', 'jtkach2', 'rwtham2', 'josue.clavijo', 'zwoerner', 'gourdin.1', 'rylandwjolliffe', 'eparlow', 'dwebster600', 'kioupakis', 'derkn', 'jscholtz', 'mpikul', 'cjrome', 'cokane', 'binx12358', 'kamkbetz', 'jkubota2', 'lukedoherty', 'jsysev', 'bsusol2', 'nhuotari', 'livadluc', 'dylanae', 'phd.physics2018', 'savvag44', 'nickrubl', 'wesleypa', 'zefangye', 'seyryu1', 'glevita2', 'lewynb', 'smprabhu', 'huyvanle1998', 'lsienko2', 'kylievittetoe', 'hulasyr', 'vguarino', 'jshangraw', 'emt2', 'shahzadakhtar2124', 'cbo3', 'syu19', 'kevwankrw678', 'jzwesley', 'georgeli', 'shriyasi', 'ak37', 'islamber', 'kpantig4', 'srnelson', 'zainsou', 'brycebitter', 'tz11', 'sendmesugar', 'afreel4', 'cvia', 'klfoley24', 'isaachong', 'jinsong4', 'domanus2', 'fouroulou', 'conanw2', 'ns23', 'anunez38', 'bryce.veit', 'atsui1', 'tsehgal2', 'aagoulas', 'jspielma', 'paulnneuburger', 'yapandrew110', 'swdoctor', 'deboraj1121990', 'aaronr', 'shanpra', 'ssutyak2', 'lboals', 'cvipong', 'ealonso1995', 'zhengc8', 'amyrm20', 'rgast', 'anilt2001t', 'palcal2', 'mbusse1', 'kbb2', 'mattvillena', 'kierasbr', 'mattnalty97', 'epeachus', 'minseok', 'daviscjd', 'shirani', 'yxluan', 'spraveen', 'ajcharm', 'andreagiaccherini', 'phsecretan', 'nleginza', 'iflueck2', 'dukelau']"
4,91,136,11,1,['eleini'],135,"['mheikka', 'vtagare2', 'krizzy560', 'mmalini', 'nickho', 'davidmylesrosser', 'jeffrey', 'nmccar', 'mooka', 'hyunukch', 'anirula2', 'ziyue2', 'mstryk', 'cwcobb', 'mbow', 'drrost', 'jpmurph', 'maruf007', 'hjr2', 'ljparrish', 'almaemar', 'mattkrock', 'alberto4', 'austylan', 'junzed2', 'tleonar', 'dromar98', 'putueka', 'rnalbert25', 'cablood', 'shdubaisi', 'cmoauro2', 'karthi.madhubalan', 'vkm2', 'jtkach2', 'rwtham2', 'josue.clavijo', 'zwoerner', 'gourdin.1', 'rylandwjolliffe', 'eparlow', 'dwebster600', 'kioupakis', 'derkn', 'jscholtz', 'mpikul', 'cjrome', 'cokane', 'binx12358', 'kamkbetz', 'jkubota2', 'lukedoherty', 'jsysev', 'bsusol2', 'nhuotari', 'livadluc', 'dylanae', 'phd.physics2018', 'savvag44', 'nickrubl', 'wesleypa', 'zefangye', 'seyryu1', 'glevita2', 'lewynb', 'smprabhu', 'huyvanle1998', 'lsienko2', 'kylievittetoe', 'hulasyr', 'vguarino', 'jshangraw', 'emt2', 'shahzadakhtar2124', 'cbo3', 'syu19', 'kevwankrw678', 'jzwesley', 'georgeli', 'shriyasi', 'ak37', 'islamber', 'kpantig4', 'srnelson', 'zainsou', 'brycebitter', 'tz11', 'sendmesugar', 'afreel4', 'cvia', 'klfoley24', 'isaachong', 'jinsong4', 'domanus2', 'fouroulou', 'conanw2', 'ns23', 'anunez38', 'bryce.veit', 'atsui1', 'tsehgal2', 'aagoulas', 'jspielma', 'paulnneuburger', 'yapandrew110', 'swdoctor', 'deboraj1121990', 'aaronr', 'shanpra', 'ssutyak2', 'lboals', 'cvipong', 'ealonso1995', 'zhengc8', 'amyrm20', 'rgast', 'anilt2001t', 'palcal2', 'mbusse1', 'kbb2', 'mattvillena', 'kierasbr', 'mattnalty97', 'epeachus', 'minseok', 'daviscjd', 'shirani', 'yxluan', 'spraveen', 'ajcharm', 'andreagiaccherini', 'phsecretan', 'nleginza', 'iflueck2', 'dukelau']",10,"['scollard', 'grfedele', 'keonbe', 'wesf', 'lpmarks', 'ralsmith', 'narceci', 'danevans', 'reisnerd', 'optalmad']",146,"['mheikka', 'vtagare2', 'krizzy560', 'mmalini', 'nickho', 'davidmylesrosser', 'jeffrey', 'nmccar', 'mooka', 'hyunukch', 'anirula2', 'ziyue2', 'mstryk', 'cwcobb', 'mbow', 'drrost', 'jpmurph', 'maruf007', 'hjr2', 'ljparrish', 'eleini', 'almaemar', 'mattkrock', 'alberto4', 'austylan', 'junzed2', 'tleonar', 'dromar98', 'putueka', 'rnalbert25', 'cablood', 'shdubaisi', 'cmoauro2', 'karthi.madhubalan', 'vkm2', 'jtkach2', 'danevans', 'rwtham2', 'josue.clavijo', 'zwoerner', 'gourdin.1', 'rylandwjolliffe', 'eparlow', 'ralsmith', 'dwebster600', 'kioupakis', 'derkn', 'jscholtz', 'mpikul', 'cjrome', 'cokane', 'binx12358', 'kamkbetz', 'jkubota2', 'lukedoherty', 'jsysev', 'bsusol2', 'nhuotari', 'livadluc', 'dylanae', 'phd.physics2018', 'savvag44', 'nickrubl', 'wesleypa', 'zefangye', 'seyryu1', 'glevita2', 'lewynb', 'smprabhu', 'huyvanle1998', 'lsienko2', 'kylievittetoe', 'hulasyr', 'scollard', 'vguarino', 'jshangraw', 'emt2', 'shahzadakhtar2124', 'cbo3', 'syu19', 'kevwankrw678', 'lpmarks', 'jzwesley', 'narceci', 'reisnerd', 'georgeli', 'shriyasi', 'ak37', 'wesf', 'islamber', 'kpantig4', 'srnelson', 'zainsou', 'brycebitter', 'tz11', 'sendmesugar', 'afreel4', 'cvia', 'klfoley24', 'isaachong', 'jinsong4', 'domanus2', 'fouroulou', 'conanw2', 'ns23', 'anunez38', 'bryce.veit', 'atsui1', 'tsehgal2', 'aagoulas', 'jspielma', 'paulnneuburger', 'yapandrew110', 'swdoctor', 'deboraj1121990', 'aaronr', 'shanpra', 'ssutyak2', 'lboals', 'cvipong', 'ealonso1995', 'zhengc8', 'amyrm20', 'rgast', 'anilt2001t', 'palcal2', 'mbusse1', 'kbb2', 'mattvillena', 'kierasbr', 'mattnalty97', 'epeachus', 'minseok', 'grfedele', 'daviscjd', 'shirani', 'keonbe', 'yxluan', 'spraveen', 'ajcharm', 'andreagiaccherini', 'phsecretan', 'nleginza', 'iflueck2', 'optalmad', 'dukelau']"
4,96,136,10,6,"['kbb2', 'emt2', 'cmoauro2', 'jtkach2', 'iflueck2', 'lsienko2']",130,"['mheikka', 'vtagare2', 'krizzy560', 'mmalini', 'nickho', 'davidmylesrosser', 'jeffrey', 'nmccar', 'mooka', 'hyunukch', 'anirula2', 'ziyue2', 'mstryk', 'cwcobb', 'mbow', 'drrost', 'jpmurph', 'maruf007', 'hjr2', 'ljparrish', 'eleini', 'almaemar', 'mattkrock', 'alberto4', 'austylan', 'junzed2', 'tleonar', 'dromar98', 'putueka', 'rnalbert25', 'cablood', 'shdubaisi', 'karthi.madhubalan', 'vkm2', 'rwtham2', 'josue.clavijo', 'zwoerner', 'gourdin.1', 'rylandwjolliffe', 'eparlow', 'dwebster600', 'kioupakis', 'derkn', 'jscholtz', 'mpikul', 'cjrome', 'cokane', 'binx12358', 'kamkbetz', 'jkubota2', 'lukedoherty', 'jsysev', 'bsusol2', 'nhuotari', 'livadluc', 'dylanae', 'phd.physics2018', 'savvag44', 'nickrubl', 'wesleypa', 'zefangye', 'seyryu1', 'glevita2', 'lewynb', 'smprabhu', 'huyvanle1998', 'kylievittetoe', 'hulasyr', 'vguarino', 'jshangraw', 'shahzadakhtar2124', 'cbo3', 'syu19', 'kevwankrw678', 'jzwesley', 'georgeli', 'shriyasi', 'ak37', 'islamber', 'kpantig4', 'srnelson', 'zainsou', 'brycebitter', 'tz11', 'sendmesugar', 'afreel4', 'cvia', 'klfoley24', 'isaachong', 'jinsong4', 'domanus2', 'fouroulou', 'conanw2', 'ns23', 'anunez38', 'bryce.veit', 'atsui1', 'tsehgal2', 'aagoulas', 'jspielma', 'paulnneuburger', 'yapandrew110', 'swdoctor', 'deboraj1121990', 'aaronr', 'shanpra', 'ssutyak2', 'lboals', 'cvipong', 'ealonso1995', 'zhengc8', 'amyrm20', 'rgast', 'anilt2001t', 'palcal2', 'mbusse1', 'mattvillena', 'kierasbr', 'mattnalty97', 'epeachus', 'minseok', 'daviscjd', 'shirani', 'yxluan', 'spraveen', 'ajcharm', 'andreagiaccherini', 'phsecretan', 'nleginza', 'dukelau']",4,"['lucasrc2', 'joshuas8', 'lckb552', 'blakerc2']",140,"['mheikka', 'vtagare2', 'krizzy560', 'mmalini', 'nickho', 'davidmylesrosser', 'jeffrey', 'nmccar', 'mooka', 'hyunukch', 'anirula2', 'ziyue2', 'mstryk', 'cwcobb', 'mbow', 'drrost', 'jpmurph', 'maruf007', 'hjr2', 'ljparrish', 'eleini', 'almaemar', 'mattkrock', 'alberto4', 'austylan', 'junzed2', 'tleonar', 'dromar98', 'joshuas8', 'putueka', 'rnalbert25', 'cablood', 'shdubaisi', 'cmoauro2', 'karthi.madhubalan', 'vkm2', 'jtkach2', 'rwtham2', 'josue.clavijo', 'zwoerner', 'gourdin.1', 'rylandwjolliffe', 'eparlow', 'dwebster600', 'kioupakis', 'derkn', 'jscholtz', 'mpikul', 'cjrome', 'cokane', 'binx12358', 'kamkbetz', 'jkubota2', 'lukedoherty', 'jsysev', 'bsusol2', 'nhuotari', 'livadluc', 'dylanae', 'phd.physics2018', 'savvag44', 'lucasrc2', 'nickrubl', 'wesleypa', 'zefangye', 'seyryu1', 'glevita2', 'lewynb', 'smprabhu', 'huyvanle1998', 'lsienko2', 'kylievittetoe', 'hulasyr', 'vguarino', 'jshangraw', 'emt2', 'shahzadakhtar2124', 'cbo3', 'syu19', 'lckb552', 'kevwankrw678', 'jzwesley', 'blakerc2', 'georgeli', 'shriyasi', 'ak37', 'islamber', 'kpantig4', 'srnelson', 'zainsou', 'brycebitter', 'tz11', 'sendmesugar', 'afreel4', 'cvia', 'klfoley24', 'isaachong', 'jinsong4', 'domanus2', 'fouroulou', 'conanw2', 'ns23', 'anunez38', 'bryce.veit', 'atsui1', 'tsehgal2', 'aagoulas', 'jspielma', 'paulnneuburger', 'yapandrew110', 'swdoctor', 'deboraj1121990', 'aaronr', 'shanpra', 'ssutyak2', 'lboals', 'cvipong', 'ealonso1995', 'zhengc8', 'amyrm20', 'rgast', 'anilt2001t', 'palcal2', 'mbusse1', 'kbb2', 'mattvillena', 'kierasbr', 'mattnalty97', 'epeachus', 'minseok', 'daviscjd', 'shirani', 'yxluan', 'spraveen', 'ajcharm', 'andreagiaccherini', 'phsecretan', 'nleginza', 'iflueck2', 'dukelau']"
4,31,136,7,3,"['kbb2', 'jtkach2', 'lsienko2']",133,"['mheikka', 'vtagare2', 'krizzy560', 'mmalini', 'nickho', 'davidmylesrosser', 'jeffrey', 'nmccar', 'mooka', 'hyunukch', 'anirula2', 'ziyue2', 'mstryk', 'cwcobb', 'mbow', 'drrost', 'jpmurph', 'maruf007', 'hjr2', 'ljparrish', 'eleini', 'almaemar', 'mattkrock', 'alberto4', 'austylan', 'junzed2', 'tleonar', 'dromar98', 'putueka', 'rnalbert25', 'cablood', 'shdubaisi', 'cmoauro2', 'karthi.madhubalan', 'vkm2', 'rwtham2', 'josue.clavijo', 'zwoerner', 'gourdin.1', 'rylandwjolliffe', 'eparlow', 'dwebster600', 'kioupakis', 'derkn', 'jscholtz', 'mpikul', 'cjrome', 'cokane', 'binx12358', 'kamkbetz', 'jkubota2', 'lukedoherty', 'jsysev', 'bsusol2', 'nhuotari', 'livadluc', 'dylanae', 'phd.physics2018', 'savvag44', 'nickrubl', 'wesleypa', 'zefangye', 'seyryu1', 'glevita2', 'lewynb', 'smprabhu', 'huyvanle1998', 'kylievittetoe', 'hulasyr', 'vguarino', 'jshangraw', 'emt2', 'shahzadakhtar2124', 'cbo3', 'syu19', 'kevwankrw678', 'jzwesley', 'georgeli', 'shriyasi', 'ak37', 'islamber', 'kpantig4', 'srnelson', 'zainsou', 'brycebitter', 'tz11', 'sendmesugar', 'afreel4', 'cvia', 'klfoley24', 'isaachong', 'jinsong4', 'domanus2', 'fouroulou', 'conanw2', 'ns23', 'anunez38', 'bryce.veit', 'atsui1', 'tsehgal2', 'aagoulas', 'jspielma', 'paulnneuburger', 'yapandrew110', 'swdoctor', 'deboraj1121990', 'aaronr', 'shanpra', 'ssutyak2', 'lboals', 'cvipong', 'ealonso1995', 'zhengc8', 'amyrm20', 'rgast', 'anilt2001t', 'palcal2', 'mbusse1', 'mattvillena', 'kierasbr', 'mattnalty97', 'epeachus', 'minseok', 'daviscjd', 'shirani', 'yxluan', 'spraveen', 'ajcharm', 'andreagiaccherini', 'phsecretan', 'nleginza', 'iflueck2', 'dukelau']",4,"['wjsthdgkrl', 'joshuas8', 'lckb552', 'blakerc2']",140,"['mheikka', 'vtagare2', 'krizzy560', 'mmalini', 'nickho', 'davidmylesrosser', 'jeffrey', 'nmccar', 'mooka', 'hyunukch', 'anirula2', 'ziyue2', 'mstryk', 'cwcobb', 'mbow', 'drrost', 'jpmurph', 'maruf007', 'hjr2', 'ljparrish', 'eleini', 'almaemar', 'mattkrock', 'alberto4', 'austylan', 'junzed2', 'tleonar', 'dromar98', 'joshuas8', 'putueka', 'rnalbert25', 'cablood', 'shdubaisi', 'cmoauro2', 'karthi.madhubalan', 'vkm2', 'jtkach2', 'wjsthdgkrl', 'rwtham2', 'josue.clavijo', 'zwoerner', 'gourdin.1', 'rylandwjolliffe', 'eparlow', 'dwebster600', 'kioupakis', 'derkn', 'jscholtz', 'mpikul', 'cjrome', 'cokane', 'binx12358', 'kamkbetz', 'jkubota2', 'lukedoherty', 'jsysev', 'bsusol2', 'nhuotari', 'livadluc', 'dylanae', 'phd.physics2018', 'savvag44', 'nickrubl', 'wesleypa', 'zefangye', 'seyryu1', 'glevita2', 'lewynb', 'smprabhu', 'huyvanle1998', 'lsienko2', 'kylievittetoe', 'hulasyr', 'vguarino', 'jshangraw', 'emt2', 'shahzadakhtar2124', 'cbo3', 'syu19', 'lckb552', 'kevwankrw678', 'jzwesley', 'blakerc2', 'georgeli', 'shriyasi', 'ak37', 'islamber', 'kpantig4', 'srnelson', 'zainsou', 'brycebitter', 'tz11', 'sendmesugar', 'afreel4', 'cvia', 'klfoley24', 'isaachong', 'jinsong4', 'domanus2', 'fouroulou', 'conanw2', 'ns23', 'anunez38', 'bryce.veit', 'atsui1', 'tsehgal2', 'aagoulas', 'jspielma', 'paulnneuburger', 'yapandrew110', 'swdoctor', 'deboraj1121990', 'aaronr', 'shanpra', 'ssutyak2', 'lboals', 'cvipong', 'ealonso1995', 'zhengc8', 'amyrm20', 'rgast', 'anilt2001t', 'palcal2', 'mbusse1', 'kbb2', 'mattvillena', 'kierasbr', 'mattnalty97', 'epeachus', 'minseok', 'daviscjd', 'shirani', 'yxluan', 'spraveen', 'ajcharm', 'andreagiaccherini', 'phsecretan', 'nleginza', 'iflueck2', 'dukelau']"
4,30,136,6,4,"['afreel4', 'bsusol2', 'emt2', 'cmoauro2']",132,"['mheikka', 'vtagare2', 'krizzy560', 'mmalini', 'nickho', 'davidmylesrosser', 'jeffrey', 'nmccar', 'mooka', 'hyunukch', 'anirula2', 'ziyue2', 'mstryk', 'cwcobb', 'mbow', 'drrost', 'jpmurph', 'maruf007', 'hjr2', 'ljparrish', 'eleini', 'almaemar', 'mattkrock', 'alberto4', 'austylan', 'junzed2', 'tleonar', 'dromar98', 'putueka', 'rnalbert25', 'cablood', 'shdubaisi', 'karthi.madhubalan', 'vkm2', 'jtkach2', 'rwtham2', 'josue.clavijo', 'zwoerner', 'gourdin.1', 'rylandwjolliffe', 'eparlow', 'dwebster600', 'kioupakis', 'derkn', 'jscholtz', 'mpikul', 'cjrome', 'cokane', 'binx12358', 'kamkbetz', 'jkubota2', 'lukedoherty', 'jsysev', 'nhuotari', 'livadluc', 'dylanae', 'phd.physics2018', 'savvag44', 'nickrubl', 'wesleypa', 'zefangye', 'seyryu1', 'glevita2', 'lewynb', 'smprabhu', 'huyvanle1998', 'lsienko2', 'kylievittetoe', 'hulasyr', 'vguarino', 'jshangraw', 'shahzadakhtar2124', 'cbo3', 'syu19', 'kevwankrw678', 'jzwesley', 'georgeli', 'shriyasi', 'ak37', 'islamber', 'kpantig4', 'srnelson', 'zainsou', 'brycebitter', 'tz11', 'sendmesugar', 'cvia', 'klfoley24', 'isaachong', 'jinsong4', 'domanus2', 'fouroulou', 'conanw2', 'ns23', 'anunez38', 'bryce.veit', 'atsui1', 'tsehgal2', 'aagoulas', 'jspielma', 'paulnneuburger', 'yapandrew110', 'swdoctor', 'deboraj1121990', 'aaronr', 'shanpra', 'ssutyak2', 'lboals', 'cvipong', 'ealonso1995', 'zhengc8', 'amyrm20', 'rgast', 'anilt2001t', 'palcal2', 'mbusse1', 'kbb2', 'mattvillena', 'kierasbr', 'mattnalty97', 'epeachus', 'minseok', 'daviscjd', 'shirani', 'yxluan', 'spraveen', 'ajcharm', 'andreagiaccherini', 'phsecretan', 'nleginza', 'iflueck2', 'dukelau']",2,"['petercp2', 'kevins2']",138,"['mheikka', 'vtagare2', 'krizzy560', 'mmalini', 'nickho', 'davidmylesrosser', 'jeffrey', 'nmccar', 'mooka', 'hyunukch', 'anirula2', 'ziyue2', 'mstryk', 'cwcobb', 'mbow', 'drrost', 'jpmurph', 'maruf007', 'hjr2', 'ljparrish', 'eleini', 'almaemar', 'mattkrock', 'alberto4', 'austylan', 'junzed2', 'tleonar', 'dromar98', 'putueka', 'rnalbert25', 'cablood', 'shdubaisi', 'cmoauro2', 'karthi.madhubalan', 'vkm2', 'jtkach2', 'rwtham2', 'josue.clavijo', 'zwoerner', 'gourdin.1', 'rylandwjolliffe', 'eparlow', 'dwebster600', 'kioupakis', 'petercp2', 'derkn', 'jscholtz', 'mpikul', 'cjrome', 'cokane', 'binx12358', 'kamkbetz', 'jkubota2', 'lukedoherty', 'jsysev', 'bsusol2', 'nhuotari', 'livadluc', 'dylanae', 'phd.physics2018', 'savvag44', 'nickrubl', 'wesleypa', 'zefangye', 'seyryu1', 'glevita2', 'lewynb', 'smprabhu', 'huyvanle1998', 'lsienko2', 'kylievittetoe', 'hulasyr', 'vguarino', 'jshangraw', 'emt2', 'shahzadakhtar2124', 'cbo3', 'syu19', 'kevwankrw678', 'jzwesley', 'georgeli', 'shriyasi', 'ak37', 'islamber', 'kpantig4', 'srnelson', 'zainsou', 'brycebitter', 'tz11', 'sendmesugar', 'afreel4', 'cvia', 'klfoley24', 'isaachong', 'jinsong4', 'domanus2', 'fouroulou', 'conanw2', 'ns23', 'anunez38', 'bryce.veit', 'atsui1', 'tsehgal2', 'aagoulas', 'jspielma', 'paulnneuburger', 'yapandrew110', 'kevins2', 'swdoctor', 'deboraj1121990', 'aaronr', 'shanpra', 'ssutyak2', 'lboals', 'cvipong', 'ealonso1995', 'zhengc8', 'amyrm20', 'rgast', 'anilt2001t', 'palcal2', 'mbusse1', 'kbb2', 'mattvillena', 'kierasbr', 'mattnalty97', 'epeachus', 'minseok', 'daviscjd', 'shirani', 'yxluan', 'spraveen', 'ajcharm', 'andreagiaccherini', 'phsecretan', 'nleginza', 'iflueck2', 'dukelau']"
5,231,135,59,57,"['claudia.concaro', 'giorgiabove', 'vitov', 'amedeo.testori96', 'albi', 'martagottardello19', 'francesco97', 'francescopetrosino', 'francescoarena', 'matteop97', 'albipobbe', 'gabrymarro97', 's278949', 'lollogianni', 'lorenzo.oberti.96', 'danielepalamara', 'simone.filippi', 'hafsasiddiqi', 'cafi', 's280259', 'vero.alessandro95', 'andrealagrasta95', 'lmisso172', 'lucaturco', 'angelopettigiani', 'ariannarolando', 'lulambertino', 'matteoschiavone', 'giovanni.chiappetto', 'misso.1711001', 'fedegalla1996', 's278189', 'irina1204', 'galileopardi536', 'edobeduglio', 'lucabarotto', 'marcobosco22', 'cecilia96', 'andreamoglianesi', 'lom271211', 'clo.concaro', 'gabriele97', 'pietro.ognibene94', 'massimilianom', 'francescagrillo', 'francesco.alagna97', 'flavioguida97', 'fedgiraldo', 'simopramo8', 'arneodo.luca', 'turin', 'grimaldialberto97', 'dolivaw05', 'giuseppesassone96', 'rocco.sorace98', 'martina.dattesi', 'vittoriogrossi.11']",78,"['leoca', 'camsod', 'alfonsogdr', 'lorenzo_bramante', 'fabiomargaria', 'giorgio.rivero', 'leo.erika.5', 'stefanopalmieri96', 'andrealamberti5e', 'lucamala97', 'gianmarco.lorenti', 'energeticipolito2020', 'andreacalzo97', 'lau19', 'ibrahimt', 's269903', 'polacco.raffaele', 'filipporacanella', 'camifassio97', 'daniele.perrot14', 'ivan.milan96', 'damianopalazzolo', 'massimiliano3596', 'edoardorossi', 'simonape', 'andrea.falco', 'miguel.depascual', 'riccardo96ronco', 'carlo.donofrio26', 'ludovica.cortoni', 'riccasuso', 'pietroquaglia', 'francesco.giuseppe.lefosse', 'valeria_', 'alessandroredrouge', 'giulla97', 'fradecandia', 'enricocolore97', 'ema.dargenzio', 'conte0897', 'gabriele', 'porcelliadamo', 'giovanni0507', 's279739', 'francescosuperchi', 'salvatorecutrale94', 'stefaniavalenza', 'aounqureshi', 'adeletaramasso20', 's276023', 'mariella.provenz', 'mattecer', 'eliseo94', 'albevargiu0', 'federicopuleo', 'alessandrogasperoni', 'elenagerbino', 'ciccullomanuel', 'lorenzo.santini', 'marcodesideriols', 'francesca23', 'andrea.margaira', 'giuseppepolito', 'helena.sguerrero25', 'enricagarello', 'daniele.ferrara.95', 'francescavalli', 'itamarco97', 'abellelli09', 'silvia.dimatteo62', 'andrea97', 'giacomotelesca1997', 'noe.giachi', 'ilaria_tagliaferri', 'abdallahyousif', 'pierluigiciasullo', 'ele95.ed', 'paola.d.campli']",2,"['roberta', 'matteo.fasano']",137,"['amedeo.testori96', 'martagottardello19', 'leoca', 'camsod', 'alfonsogdr', 'lorenzo_bramante', 'gabrymarro97', 'danielepalamara', 'fabiomargaria', 'giorgio.rivero', 'hafsasiddiqi', 'leo.erika.5', 'vero.alessandro95', 'stefanopalmieri96', 'giovanni.chiappetto', 'andrealamberti5e', 'irina1204', 'galileopardi536', 'cecilia96', 'lucamala97', 'gianmarco.lorenti', 'energeticipolito2020', 'simopramo8', 'dolivaw05', 'andreacalzo97', 'lau19', 'ibrahimt', 's269903', 'vitov', 'polacco.raffaele', 'francesco97', 'filipporacanella', 'francescoarena', 'camifassio97', 'albipobbe', 's278949', 'lorenzo.oberti.96', 'daniele.perrot14', 'lmisso172', 'ivan.milan96', 'angelopettigiani', 'damianopalazzolo', 'massimiliano3596', 'lulambertino', 'matteoschiavone', 'misso.1711001', 'edoardorossi', 'andreamoglianesi', 'matteo.fasano', 'pietro.ognibene94', 'simonape', 'andrea.falco', 'massimilianom', 'francescagrillo', 'miguel.depascual', 'fedgiraldo', 'riccardo96ronco', 'carlo.donofrio26', 'grimaldialberto97', 'ludovica.cortoni', 'riccasuso', 'martina.dattesi', 'pietroquaglia', 'roberta', 'francesco.giuseppe.lefosse', 'claudia.concaro', 'valeria_', 'albi', 'alessandroredrouge', 'giulla97', 'fradecandia', 'enricocolore97', 'lollogianni', 'ema.dargenzio', 'andrealagrasta95', 'lucaturco', 'conte0897', 'gabriele', 'porcelliadamo', 'giovanni0507', 's279739', 'francescosuperchi', 'salvatorecutrale94', 'stefaniavalenza', 'aounqureshi', 'lucabarotto', 'marcobosco22', 'adeletaramasso20', 's276023', 'mariella.provenz', 'mattecer', 'clo.concaro', 'eliseo94', 'albevargiu0', 'federicopuleo', 'turin', 'alessandrogasperoni', 'rocco.sorace98', 'elenagerbino', 'giorgiabove', 'ciccullomanuel', 'lorenzo.santini', 'francescopetrosino', 'marcodesideriols', 'matteop97', 'francesca23', 'andrea.margaira', 'giuseppepolito', 's280259', 'simone.filippi', 'cafi', 'helena.sguerrero25', 'ariannarolando', 'enricagarello', 'daniele.ferrara.95', 'fedegalla1996', 's278189', 'edobeduglio', 'francescavalli', 'itamarco97', 'abellelli09', 'silvia.dimatteo62', 'andrea97', 'lom271211', 'giacomotelesca1997', 'noe.giachi', 'gabriele97', 'francesco.alagna97', 'flavioguida97', 'ilaria_tagliaferri', 'abdallahyousif', 'arneodo.luca', 'pierluigiciasullo', 'ele95.ed', 'giuseppesassone96', 'paola.d.campli', 'vittoriogrossi.11']"
5,233,135,9,8,"['lulambertino', 'andrea.margaira', 'misso.1711001', 'albi', 's278189', 'simopramo8', 'lmisso172', 'lucaturco']",127,"['amedeo.testori96', 'martagottardello19', 'leoca', 'camsod', 'alfonsogdr', 'lorenzo_bramante', 'gabrymarro97', 'danielepalamara', 'fabiomargaria', 'giorgio.rivero', 'hafsasiddiqi', 'leo.erika.5', 'vero.alessandro95', 'stefanopalmieri96', 'giovanni.chiappetto', 'andrealamberti5e', 'irina1204', 'galileopardi536', 'cecilia96', 'lucamala97', 'gianmarco.lorenti', 'energeticipolito2020', 'dolivaw05', 'andreacalzo97', 'lau19', 'ibrahimt', 's269903', 'vitov', 'polacco.raffaele', 'francesco97', 'filipporacanella', 'francescoarena', 'camifassio97', 'albipobbe', 's278949', 'lorenzo.oberti.96', 'daniele.perrot14', 'ivan.milan96', 'angelopettigiani', 'damianopalazzolo', 'massimiliano3596', 'matteoschiavone', 'edoardorossi', 'andreamoglianesi', 'pietro.ognibene94', 'simonape', 'andrea.falco', 'massimilianom', 'francescagrillo', 'miguel.depascual', 'fedgiraldo', 'riccardo96ronco', 'carlo.donofrio26', 'grimaldialberto97', 'ludovica.cortoni', 'riccasuso', 'martina.dattesi', 'pietroquaglia', 'francesco.giuseppe.lefosse', 'claudia.concaro', 'valeria_', 'alessandroredrouge', 'giulla97', 'fradecandia', 'enricocolore97', 'lollogianni', 'ema.dargenzio', 'andrealagrasta95', 'conte0897', 'gabriele', 'porcelliadamo', 'giovanni0507', 's279739', 'francescosuperchi', 'salvatorecutrale94', 'stefaniavalenza', 'aounqureshi', 'lucabarotto', 'marcobosco22', 'adeletaramasso20', 's276023', 'mariella.provenz', 'mattecer', 'clo.concaro', 'eliseo94', 'albevargiu0', 'federicopuleo', 'turin', 'alessandrogasperoni', 'rocco.sorace98', 'elenagerbino', 'giorgiabove', 'ciccullomanuel', 'lorenzo.santini', 'francescopetrosino', 'marcodesideriols', 'matteop97', 'francesca23', 'giuseppepolito', 's280259', 'simone.filippi', 'cafi', 'helena.sguerrero25', 'ariannarolando', 'enricagarello', 'daniele.ferrara.95', 'fedegalla1996', 'edobeduglio', 'francescavalli', 'itamarco97', 'abellelli09', 'silvia.dimatteo62', 'andrea97', 'lom271211', 'giacomotelesca1997', 'noe.giachi', 'gabriele97', 'francesco.alagna97', 'flavioguida97', 'ilaria_tagliaferri', 'abdallahyousif', 'arneodo.luca', 'pierluigiciasullo', 'ele95.ed', 'giuseppesassone96', 'paola.d.campli', 'vittoriogrossi.11']",1,['matteo.fasano'],136,"['amedeo.testori96', 'martagottardello19', 'leoca', 'camsod', 'alfonsogdr', 'lorenzo_bramante', 'gabrymarro97', 'danielepalamara', 'fabiomargaria', 'giorgio.rivero', 'hafsasiddiqi', 'leo.erika.5', 'vero.alessandro95', 'stefanopalmieri96', 'giovanni.chiappetto', 'andrealamberti5e', 'irina1204', 'galileopardi536', 'cecilia96', 'lucamala97', 'gianmarco.lorenti', 'energeticipolito2020', 'simopramo8', 'dolivaw05', 'andreacalzo97', 'lau19', 'ibrahimt', 's269903', 'vitov', 'polacco.raffaele', 'francesco97', 'filipporacanella', 'francescoarena', 'camifassio97', 'albipobbe', 's278949', 'lorenzo.oberti.96', 'daniele.perrot14', 'lmisso172', 'ivan.milan96', 'angelopettigiani', 'damianopalazzolo', 'massimiliano3596', 'lulambertino', 'matteoschiavone', 'misso.1711001', 'edoardorossi', 'andreamoglianesi', 'matteo.fasano', 'pietro.ognibene94', 'simonape', 'andrea.falco', 'massimilianom', 'francescagrillo', 'miguel.depascual', 'fedgiraldo', 'riccardo96ronco', 'carlo.donofrio26', 'grimaldialberto97', 'ludovica.cortoni', 'riccasuso', 'martina.dattesi', 'pietroquaglia', 'francesco.giuseppe.lefosse', 'claudia.concaro', 'valeria_', 'albi', 'alessandroredrouge', 'giulla97', 'fradecandia', 'enricocolore97', 'lollogianni', 'ema.dargenzio', 'andrealagrasta95', 'lucaturco', 'conte0897', 'gabriele', 'porcelliadamo', 'giovanni0507', 's279739', 'francescosuperchi', 'salvatorecutrale94', 'stefaniavalenza', 'aounqureshi', 'lucabarotto', 'marcobosco22', 'adeletaramasso20', 's276023', 'mariella.provenz', 'mattecer', 'clo.concaro', 'eliseo94', 'albevargiu0', 'federicopuleo', 'turin', 'alessandrogasperoni', 'rocco.sorace98', 'elenagerbino', 'giorgiabove', 'ciccullomanuel', 'lorenzo.santini', 'francescopetrosino', 'marcodesideriols', 'matteop97', 'francesca23', 'andrea.margaira', 'giuseppepolito', 's280259', 'simone.filippi', 'cafi', 'helena.sguerrero25', 'ariannarolando', 'enricagarello', 'daniele.ferrara.95', 'fedegalla1996', 's278189', 'edobeduglio', 'francescavalli', 'itamarco97', 'abellelli09', 'silvia.dimatteo62', 'andrea97', 'lom271211', 'giacomotelesca1997', 'noe.giachi', 'gabriele97', 'francesco.alagna97', 'flavioguida97', 'ilaria_tagliaferri', 'abdallahyousif', 'arneodo.luca', 'pierluigiciasullo', 'ele95.ed', 'giuseppesassone96', 'paola.d.campli', 'vittoriogrossi.11']"
5,232,135,7,7,"['daniele.perrot14', 'eliseo94', 'lucamala97', 'silvia.dimatteo62', 'elenagerbino', 'ibrahimt', 'simonape']",128,"['amedeo.testori96', 'martagottardello19', 'leoca', 'camsod', 'alfonsogdr', 'lorenzo_bramante', 'gabrymarro97', 'danielepalamara', 'fabiomargaria', 'giorgio.rivero', 'hafsasiddiqi', 'leo.erika.5', 'vero.alessandro95', 'stefanopalmieri96', 'giovanni.chiappetto', 'andrealamberti5e', 'irina1204', 'galileopardi536', 'cecilia96', 'gianmarco.lorenti', 'energeticipolito2020', 'simopramo8', 'dolivaw05', 'andreacalzo97', 'lau19', 's269903', 'vitov', 'polacco.raffaele', 'francesco97', 'filipporacanella', 'francescoarena', 'camifassio97', 'albipobbe', 's278949', 'lorenzo.oberti.96', 'lmisso172', 'ivan.milan96', 'angelopettigiani', 'damianopalazzolo', 'massimiliano3596', 'lulambertino', 'matteoschiavone', 'misso.1711001', 'edoardorossi', 'andreamoglianesi', 'pietro.ognibene94', 'andrea.falco', 'massimilianom', 'francescagrillo', 'miguel.depascual', 'fedgiraldo', 'riccardo96ronco', 'carlo.donofrio26', 'grimaldialberto97', 'ludovica.cortoni', 'riccasuso', 'martina.dattesi', 'pietroquaglia', 'francesco.giuseppe.lefosse', 'claudia.concaro', 'valeria_', 'albi', 'alessandroredrouge', 'giulla97', 'fradecandia', 'enricocolore97', 'lollogianni', 'ema.dargenzio', 'andrealagrasta95', 'lucaturco', 'conte0897', 'gabriele', 'porcelliadamo', 'giovanni0507', 's279739', 'francescosuperchi', 'salvatorecutrale94', 'stefaniavalenza', 'aounqureshi', 'lucabarotto', 'marcobosco22', 'adeletaramasso20', 's276023', 'mariella.provenz', 'mattecer', 'clo.concaro', 'albevargiu0', 'federicopuleo', 'turin', 'alessandrogasperoni', 'rocco.sorace98', 'giorgiabove', 'ciccullomanuel', 'lorenzo.santini', 'francescopetrosino', 'marcodesideriols', 'matteop97', 'francesca23', 'andrea.margaira', 'giuseppepolito', 's280259', 'simone.filippi', 'cafi', 'helena.sguerrero25', 'ariannarolando', 'enricagarello', 'daniele.ferrara.95', 'fedegalla1996', 's278189', 'edobeduglio', 'francescavalli', 'itamarco97', 'abellelli09', 'andrea97', 'lom271211', 'giacomotelesca1997', 'noe.giachi', 'gabriele97', 'francesco.alagna97', 'flavioguida97', 'ilaria_tagliaferri', 'abdallahyousif', 'arneodo.luca', 'pierluigiciasullo', 'ele95.ed', 'giuseppesassone96', 'paola.d.campli', 'vittoriogrossi.11']",0,[],135,"['amedeo.testori96', 'martagottardello19', 'leoca', 'camsod', 'alfonsogdr', 'lorenzo_bramante', 'gabrymarro97', 'danielepalamara', 'fabiomargaria', 'giorgio.rivero', 'hafsasiddiqi', 'leo.erika.5', 'vero.alessandro95', 'stefanopalmieri96', 'giovanni.chiappetto', 'andrealamberti5e', 'irina1204', 'galileopardi536', 'cecilia96', 'lucamala97', 'gianmarco.lorenti', 'energeticipolito2020', 'simopramo8', 'dolivaw05', 'andreacalzo97', 'lau19', 'ibrahimt', 's269903', 'vitov', 'polacco.raffaele', 'francesco97', 'filipporacanella', 'francescoarena', 'camifassio97', 'albipobbe', 's278949', 'lorenzo.oberti.96', 'daniele.perrot14', 'lmisso172', 'ivan.milan96', 'angelopettigiani', 'damianopalazzolo', 'massimiliano3596', 'lulambertino', 'matteoschiavone', 'misso.1711001', 'edoardorossi', 'andreamoglianesi', 'pietro.ognibene94', 'simonape', 'andrea.falco', 'massimilianom', 'francescagrillo', 'miguel.depascual', 'fedgiraldo', 'riccardo96ronco', 'carlo.donofrio26', 'grimaldialberto97', 'ludovica.cortoni', 'riccasuso', 'martina.dattesi', 'pietroquaglia', 'francesco.giuseppe.lefosse', 'claudia.concaro', 'valeria_', 'albi', 'alessandroredrouge', 'giulla97', 'fradecandia', 'enricocolore97', 'lollogianni', 'ema.dargenzio', 'andrealagrasta95', 'lucaturco', 'conte0897', 'gabriele', 'porcelliadamo', 'giovanni0507', 's279739', 'francescosuperchi', 'salvatorecutrale94', 'stefaniavalenza', 'aounqureshi', 'lucabarotto', 'marcobosco22', 'adeletaramasso20', 's276023', 'mariella.provenz', 'mattecer', 'clo.concaro', 'eliseo94', 'albevargiu0', 'federicopuleo', 'turin', 'alessandrogasperoni', 'rocco.sorace98', 'elenagerbino', 'giorgiabove', 'ciccullomanuel', 'lorenzo.santini', 'francescopetrosino', 'marcodesideriols', 'matteop97', 'francesca23', 'andrea.margaira', 'giuseppepolito', 's280259', 'simone.filippi', 'cafi', 'helena.sguerrero25', 'ariannarolando', 'enricagarello', 'daniele.ferrara.95', 'fedegalla1996', 's278189', 'edobeduglio', 'francescavalli', 'itamarco97', 'abellelli09', 'silvia.dimatteo62', 'andrea97', 'lom271211', 'giacomotelesca1997', 'noe.giachi', 'gabriele97', 'francesco.alagna97', 'flavioguida97', 'ilaria_tagliaferri', 'abdallahyousif', 'arneodo.luca', 'pierluigiciasullo', 'ele95.ed', 'giuseppesassone96', 'paola.d.campli', 'vittoriogrossi.11']"
5,234,135,6,5,"['andrea.margaira', 's278189', 'andrealamberti5e', 'lucaturco', 'francesca23']",130,"['amedeo.testori96', 'martagottardello19', 'leoca', 'camsod', 'alfonsogdr', 'lorenzo_bramante', 'gabrymarro97', 'danielepalamara', 'fabiomargaria', 'giorgio.rivero', 'hafsasiddiqi', 'leo.erika.5', 'vero.alessandro95', 'stefanopalmieri96', 'giovanni.chiappetto', 'irina1204', 'galileopardi536', 'cecilia96', 'lucamala97', 'gianmarco.lorenti', 'energeticipolito2020', 'simopramo8', 'dolivaw05', 'andreacalzo97', 'lau19', 'ibrahimt', 's269903', 'vitov', 'polacco.raffaele', 'francesco97', 'filipporacanella', 'francescoarena', 'camifassio97', 'albipobbe', 's278949', 'lorenzo.oberti.96', 'daniele.perrot14', 'lmisso172', 'ivan.milan96', 'angelopettigiani', 'damianopalazzolo', 'massimiliano3596', 'lulambertino', 'matteoschiavone', 'misso.1711001', 'edoardorossi', 'andreamoglianesi', 'pietro.ognibene94', 'simonape', 'andrea.falco', 'massimilianom', 'francescagrillo', 'miguel.depascual', 'fedgiraldo', 'riccardo96ronco', 'carlo.donofrio26', 'grimaldialberto97', 'ludovica.cortoni', 'riccasuso', 'martina.dattesi', 'pietroquaglia', 'francesco.giuseppe.lefosse', 'claudia.concaro', 'valeria_', 'albi', 'alessandroredrouge', 'giulla97', 'fradecandia', 'enricocolore97', 'lollogianni', 'ema.dargenzio', 'andrealagrasta95', 'conte0897', 'gabriele', 'porcelliadamo', 'giovanni0507', 's279739', 'francescosuperchi', 'salvatorecutrale94', 'stefaniavalenza', 'aounqureshi', 'lucabarotto', 'marcobosco22', 'adeletaramasso20', 's276023', 'mariella.provenz', 'mattecer', 'clo.concaro', 'eliseo94', 'albevargiu0', 'federicopuleo', 'turin', 'alessandrogasperoni', 'rocco.sorace98', 'elenagerbino', 'giorgiabove', 'ciccullomanuel', 'lorenzo.santini', 'francescopetrosino', 'marcodesideriols', 'matteop97', 'giuseppepolito', 's280259', 'simone.filippi', 'cafi', 'helena.sguerrero25', 'ariannarolando', 'enricagarello', 'daniele.ferrara.95', 'fedegalla1996', 'edobeduglio', 'francescavalli', 'itamarco97', 'abellelli09', 'silvia.dimatteo62', 'andrea97', 'lom271211', 'giacomotelesca1997', 'noe.giachi', 'gabriele97', 'francesco.alagna97', 'flavioguida97', 'ilaria_tagliaferri', 'abdallahyousif', 'arneodo.luca', 'pierluigiciasullo', 'ele95.ed', 'giuseppesassone96', 'paola.d.campli', 'vittoriogrossi.11']",1,['matteo.fasano'],136,"['amedeo.testori96', 'martagottardello19', 'leoca', 'camsod', 'alfonsogdr', 'lorenzo_bramante', 'gabrymarro97', 'danielepalamara', 'fabiomargaria', 'giorgio.rivero', 'hafsasiddiqi', 'leo.erika.5', 'vero.alessandro95', 'stefanopalmieri96', 'giovanni.chiappetto', 'andrealamberti5e', 'irina1204', 'galileopardi536', 'cecilia96', 'lucamala97', 'gianmarco.lorenti', 'energeticipolito2020', 'simopramo8', 'dolivaw05', 'andreacalzo97', 'lau19', 'ibrahimt', 's269903', 'vitov', 'polacco.raffaele', 'francesco97', 'filipporacanella', 'francescoarena', 'camifassio97', 'albipobbe', 's278949', 'lorenzo.oberti.96', 'daniele.perrot14', 'lmisso172', 'ivan.milan96', 'angelopettigiani', 'damianopalazzolo', 'massimiliano3596', 'lulambertino', 'matteoschiavone', 'misso.1711001', 'edoardorossi', 'andreamoglianesi', 'matteo.fasano', 'pietro.ognibene94', 'simonape', 'andrea.falco', 'massimilianom', 'francescagrillo', 'miguel.depascual', 'fedgiraldo', 'riccardo96ronco', 'carlo.donofrio26', 'grimaldialberto97', 'ludovica.cortoni', 'riccasuso', 'martina.dattesi', 'pietroquaglia', 'francesco.giuseppe.lefosse', 'claudia.concaro', 'valeria_', 'albi', 'alessandroredrouge', 'giulla97', 'fradecandia', 'enricocolore97', 'lollogianni', 'ema.dargenzio', 'andrealagrasta95', 'lucaturco', 'conte0897', 'gabriele', 'porcelliadamo', 'giovanni0507', 's279739', 'francescosuperchi', 'salvatorecutrale94', 'stefaniavalenza', 'aounqureshi', 'lucabarotto', 'marcobosco22', 'adeletaramasso20', 's276023', 'mariella.provenz', 'mattecer', 'clo.concaro', 'eliseo94', 'albevargiu0', 'federicopuleo', 'turin', 'alessandrogasperoni', 'rocco.sorace98', 'elenagerbino', 'giorgiabove', 'ciccullomanuel', 'lorenzo.santini', 'francescopetrosino', 'marcodesideriols', 'matteop97', 'francesca23', 'andrea.margaira', 'giuseppepolito', 's280259', 'simone.filippi', 'cafi', 'helena.sguerrero25', 'ariannarolando', 'enricagarello', 'daniele.ferrara.95', 'fedegalla1996', 's278189', 'edobeduglio', 'francescavalli', 'itamarco97', 'abellelli09', 'silvia.dimatteo62', 'andrea97', 'lom271211', 'giacomotelesca1997', 'noe.giachi', 'gabriele97', 'francesco.alagna97', 'flavioguida97', 'ilaria_tagliaferri', 'abdallahyousif', 'arneodo.luca', 'pierluigiciasullo', 'ele95.ed', 'giuseppesassone96', 'paola.d.campli', 'vittoriogrossi.11']"
6,205,131,270,5,"['taylordavis678', 'u0360918', 'gipes', 'gonserr', 'latourem']",126,"['emil96', 'dudeinblue1', 'mustafaozer', 'burcakguner98', 'u0903539', 'nicolecam', 'erickvfc', 'u0916112', 'michael.hany.mofeed', 'nickbrowne', 'yzhan224', 'tylerqwong', 'tasneemfatema123', 'youyouli', 'kasimyasinozveren', 'j8', 'alexsey2001', 'jong', 'wendy01.02', 'tsuchinoko.ls', 'khanoz', 'u1129087', 'olesya25', 'kieranlumb', 'u1275153', 'lioucasse38', 'saranya1992', 'henrycran', 'sabriagus26', 'daniellistudent', 'u1246265', 'salemvin25', 'u1008149', 'townleya', 'johngim1', 'mharis', 'halesz', 'daanyaal.sobani', 'mcan.ozata', 'kronder77', 'cd_bonamis', 'robertlupoiu', 'u0540664', 'mertcan.bayindir', 'u1142708', 'kutluhanucar1997', 'ismail.bikmazi', 'vejay25090', 'brendonbk81', 'agustaf', 'mimaamin28', 'shaunmckellar', 'hcaslan7', 'elec315s', 'u0934438', 'm.alix.foster', 'u0984834', 'cagatayc06', 'did', 'andresvl', 'vogecap240', 'jakecronin97', 'u0813032', 'engfersoy', 'shayakchakrabarti', 'meowmurm', 'gulsakadioglu', 'ulkubaladin', 'apunch', 'u0759716', 'u0914596', 'u1208445', 'abdulrahman.elmashed', 'sherlock.ashrafi', 'chaewoon07', 'u1020447', 'u1073244', 'jfakidis', 'myst0406', 'marianoroldan12', 'frenchmathew', 'thel0rd59', 'u0839673', 'ortegaj2', 'u1172821', 'bnazkaymaz', 'kayusuf97', 'nsener45', 'u1198840', 'u0973796', 'u1097560', 'brownb4', 'yazan99', 'harry171717171', 'rozhansa', 'jseitz4', 'duldul', 'brian.burton93', 'jerryl1996', 'blus07', 'neil01', 'rudnev5530', 'u0953149', 'u1109386', 'u0764878', 'danartur99', 'u1131539', 'u1222263', 'liliyamerzlova777', 'c841272', 'isikk.alperen', 'u0304786', 'clay2of4', 'aes_op', 'jadencoelho', 'learner_shreya', 'klechshevskaya', 'u0825246', 'johnkm37', 'u1190640', 'ahmedramzyha', 'u1119648', 'marco.ravaro', 'robinss3', 'sambedry', 'remnantemmitt']",265,"['5dustkd', 'siyuezheng', 'josedamiangarcianoya', 'emilioar', 'daniel.robin22', 'nerwin', 'yassminsabry', 'vetterd', 'andrea.oldham97', 'doog9601', 'rricardo0324', 'uxiavelca', 'mehdibandali', 'carlosvigo1997', 'jmy0002', 'koakhyunji', 'mocha7411', 'yjn3492', 'socrat', 'alskdjfh6161', 'mertyamanoglu', 'ziyue2', 'bassel0elgharbawy0', 'gekco', 'rachel.blaydes', 'kirollos.morcos.km', 'xfiles', 'chzh1341', 'kesu1234', 'ganaaa12a', 'kunge0054', 'finnclements', 'miguel_fernandez', 'coopjord', 'georgeckchen', 'soddi1621', 'hs960531', 'estalin', 'rachelgjohnson', 'antoramp', 'alberto4', 'ye02', 'dhkswk96', 'junzed2', 'ghobashy445', 'xogus102929', 'graceml2', 'rsp79', 'cmoauro2', 'kendalhiatt', 'marshallfrye', 'foojorge', 'vandelei', 'xoangon', 'b.benson', 'giacomo.munari.1', 'ignaciomilani', 'toast', '123whdxor', 'zlapvmf', 'nakkulab', 'aloptor', 'jeandavid', 'lsj4677', 'petercp2', 'raymondzhou227', 'mmartinezsanchez', 'm0650104.ee06g', 'johnlanghout', 'lhc33820933', 'juansans98', 'jasperdeconinck', 'tnqls3409', 'bobbimatheson', 'sabintandukar', 'manuel10suarez10', 'spazos', 'bsusol2', 'martinzapatamartinez', 'matthewdailey', 'u0543041', 'macks', 'jesusgiraldez', 'myez', 'giacomo.bego', 'u1201859', 'ana.rmteo', 'immmin6677', 'dbister', 'dangover94', 'genius_p', 'isaac.dominguez4444', 'corozco', 'glevita2', 'dish1498', 'titanking231', 'marniesan', 'qottkf6194', 'wodnjssnsk12', 'juanjoseo', 'qwerty0637', 'nes1011', 'lidiadom', 'ghtlstnf7', 'eunice98k', 'k66773659', 'samuelfl', 'emt2', 'zaubin42', 'eserafimbortolazzo', 'franktib2', 'sallysong683', 'giung0227', 'cbnuleejinwoo', 'fofi94', 'axelbelgarde', 'declanb', 'cbo3', 'n3b3x', 'anamichelena', 'dale7283', 'nshamsi', 'cjsxodnd12', 'dnlek12', 'thddpwls257', 'danielm78', 'ardisch123', 'ybso1566', 'rygr8576', 'jedelkind0117', 'boody456366', 'exareivaj', 'antonio25', 'bha00001', 'zrm0001', 'jenniferperez1', 'pedro.julian', 'leesk4869', 'jiaolh', 'parkface94', 'cjs476', 'b.isenberg', 'blake.ballou08', 'msubullies1', 'sgu20151463', 'anstjd1542', 'hyerim100600', 'jrichman99', 'aht47', 'roychoudhuryaditya2019', 'caetano.eirea', 'philg', 'mattmattmerrill', 'navya.k.shastri', 'yoonek6719', 'jakubpepas', 'dbeciri45', 'logankraus', 'u1121281', 'sukjunyeo', 'jaephago', 'qncowlf10', 'rbb0001', 'qumo4329', 'mauro_sg', 'idargu90', 'hancheyn', 'alw0039', 'yougyeongo', 'student1000', 'chvk4161', 'palzmq', 'mcdonald.josh', 'mitchell.shields99', 'lukebidulka', 'chohyundong12', 'pablocl', 'gcxmoffice1994', 'dorxlqmdkdlel', 'bw02203', 'itskatomall', 'ludovick', 'beper53', 'jlkirk', 'pichoncillo1', 'ohh99o9', 'dmeyer1998', 'htj1104', 'cicalesej', 'anais3', 'ophelie10', 'jdanivc', 'eogn1004', 'u1285150', 'jboniuk98', 'matthewleemle2', 'hellbomber101', 'supernhtr', 'ryuhoin2002', 'e.pmcrespo', 'dldnals2020', 'marcospascualin', 'juho4523', 'sschneider874', 'qkslqksl951', 'danielcondetorres', 'tristram', 'pablosande98', 'mis5660', 'mtanzi', 'rohdej', 'kyserch', 'guillermocam', 'clara.landesa', 'nargene', 'byeolguri', 'aanupam3', 'rhrna007', 'aia00001', 'jhryu1994', 'chdu6864', 'lwang82', 'wjdekgus77', 'therahuul', 'sherwmit', 'ylanbdr', 'josig2011', 'dariushkim', 'kepco2020a', 'foghel96', 'yoojeong9925', 'tjtks4730', 'hayejord', 'naitix', 'suyoneee', 'tonni1912', 'mikesnure', 'bbatuhanbilecen', 'khfrum', 'jn12su27', 'piri940511', 'andreagcoto', 'sumintnals', 'iagomillanentenza', 'adp5383', 'tpollei', 'adrianhochgesang', 'hyerim1006000', 'xoanmayo', 'ezsamsuntung', 'thomas.poulin', 'anstpdlffj3', 'reyda', 'martinperezmaneiro', 'tmdorsey', 'smdesrochers', 'shabnashreej', 'sportmonkey584', 'jonathan.balent', 'sooooooy314', 'abal2474', 'hjshook', 'francike', 'iflueck2', 'ekdms0894']",396,"['mustafaozer', '5dustkd', 'u0903539', 'daniel.robin22', 'nerwin', 'yassminsabry', 'vetterd', 'andrea.oldham97', 'doog9601', 'u0916112', 'rricardo0324', 'uxiavelca', 'nickbrowne', 'yzhan224', 'mehdibandali', 'tylerqwong', 'tasneemfatema123', 'carlosvigo1997', 'kasimyasinozveren', 'yjn3492', 'j8', 'alexsey2001', 'bassel0elgharbawy0', 'rachel.blaydes', 'kirollos.morcos.km', 'chzh1341', 'kunge0054', 'jong', 'wendy01.02', 'finnclements', 'miguel_fernandez', 'khanoz', 'u1275153', 'soddi1621', 'hs960531', 'estalin', 'antoramp', 'alberto4', 'lioucasse38', 'dhkswk96', 'ghobashy445', 'saranya1992', 'graceml2', 'gipes', 'kendalhiatt', 'marshallfrye', 'foojorge', 'townleya', '123whdxor', 'johngim1', 'aloptor', 'lsj4677', 'halesz', 'johnlanghout', 'lhc33820933', 'juansans98', 'jasperdeconinck', 'robertlupoiu', 'bobbimatheson', 'spazos', 'matthewdailey', 'u0543041', 'macks', 'brendonbk81', 'myez', 'giacomo.bego', 'ana.rmteo', 'immmin6677', 'agustaf', 'dangover94', 'corozco', 'titanking231', 'glevita2', 'hcaslan7', 'elec315s', 'dish1498', 'marniesan', 'u0934438', 'qottkf6194', 'juanjoseo', 'u0984834', 'cagatayc06', 'eunice98k', 'k66773659', 'did', 'emt2', 'zaubin42', 'eserafimbortolazzo', 'franktib2', 'cbnuleejinwoo', 'cbo3', 'nshamsi', 'jakecronin97', 'cjsxodnd12', 'dnlek12', 'u0813032', 'shayakchakrabarti', 'rygr8576', 'meowmurm', 'gulsakadioglu', 'boody456366', 'u0759716', 'antonio25', 'bha00001', 'zrm0001', 'jenniferperez1', 'u1208445', 'leesk4869', 'jiaolh', 'parkface94', 'anstjd1542', 'hyerim100600', 'msubullies1', 'u1020447', 'jrichman99', 'aht47', 'u1073244', 'caetano.eirea', 'philg', 'mattmattmerrill', 'jakubpepas', 'yoonek6719', 'dbeciri45', 'u1121281', 'myst0406', 'marianoroldan12', 'mauro_sg', 'qncowlf10', 'frenchmathew', 'idargu90', 'thel0rd59', 'yougyeongo', 'student1000', 'chvk4161', 'mitchell.shields99', 'chohyundong12', 'ludovick', 'gcxmoffice1994', 'itskatomall', 'kayusuf97', 'jlkirk', 'pichoncillo1', 'nsener45', 'htj1104', 'u1198840', 'anais3', 'brownb4', 'harry171717171', 'ophelie10', 'eogn1004', 'duldul', 'brian.burton93', 'hellbomber101', 'supernhtr', 'ryuhoin2002', 'e.pmcrespo', 'u0953149', 'marcospascualin', 'juho4523', 'danielcondetorres', 'pablosande98', 'u0764878', 'danartur99', 'mtanzi', 'u1131539', 'u1222263', 'kyserch', 'guillermocam', 'liliyamerzlova777', 'aanupam3', 'c841272', 'isikk.alperen', 'rhrna007', 'aia00001', 'u0304786', 'lwang82', 'wjdekgus77', 'learner_shreya', 'josig2011', 'dariushkim', 'kepco2020a', 'hayejord', 'tjtks4730', 'tonni1912', 'naitix', 'bbatuhanbilecen', 'johnkm37', 'khfrum', 'u1190640', 'piri940511', 'gonserr', 'iagomillanentenza', 'adp5383', 'tpollei', 'ezsamsuntung', 'reyda', 'martinperezmaneiro', 'tmdorsey', 'smdesrochers', 'jonathan.balent', 'hjshook', 'sambedry', 'francike', 'iflueck2', 'emil96', 'dudeinblue1', 'josedamiangarcianoya', 'burcakguner98', 'siyuezheng', 'emilioar', 'nicolecam', 'erickvfc', 'michael.hany.mofeed', 'jmy0002', 'youyouli', 'koakhyunji', 'mocha7411', 'socrat', 'alskdjfh6161', 'mertyamanoglu', 'ziyue2', 'gekco', 'kesu1234', 'ganaaa12a', 'tsuchinoko.ls', 'u1129087', 'coopjord', 'georgeckchen', 'olesya25', 'kieranlumb', 'xogus102929', 'rachelgjohnson', 'ye02', 'junzed2', 'henrycran', 'rsp79', 'sabriagus26', 'cmoauro2', 'daniellistudent', 'u1246265', 'vandelei', 'salemvin25', 'xoangon', 'b.benson', 'u1008149', 'giacomo.munari.1', 'ignaciomilani', 'toast', 'zlapvmf', 'nakkulab', 'jeandavid', 'mharis', 'petercp2', 'raymondzhou227', 'mmartinezsanchez', 'm0650104.ee06g', 'daanyaal.sobani', 'mcan.ozata', 'kronder77', 'tnqls3409', 'cd_bonamis', 'u0540664', 'mertcan.bayindir', 'u1142708', 'kutluhanucar1997', 'sabintandukar', 'ismail.bikmazi', 'manuel10suarez10', 'bsusol2', 'martinzapatamartinez', 'vejay25090', 'jesusgiraldez', 'u1201859', 'dbister', 'mimaamin28', 'genius_p', 'shaunmckellar', 'isaac.dominguez4444', 'wodnjssnsk12', 'm.alix.foster', 'qwerty0637', 'nes1011', 'lidiadom', 'ghtlstnf7', 'samuelfl', 'andresvl', 'sallysong683', 'giung0227', 'fofi94', 'declanb', 'axelbelgarde', 'n3b3x', 'anamichelena', 'dale7283', 'vogecap240', 'thddpwls257', 'danielm78', 'ardisch123', 'engfersoy', 'ybso1566', 'jedelkind0117', 'ulkubaladin', 'apunch', 'exareivaj', 'u0914596', 'pedro.julian', 'abdulrahman.elmashed', 'sherlock.ashrafi', 'cjs476', 'b.isenberg', 'blake.ballou08', 'sgu20151463', 'chaewoon07', 'roychoudhuryaditya2019', 'u0360918', 'jfakidis', 'navya.k.shastri', 'logankraus', 'sukjunyeo', 'jaephago', 'rbb0001', 'qumo4329', 'hancheyn', 'alw0039', 'u0839673', 'ortegaj2', 'palzmq', 'mcdonald.josh', 'lukebidulka', 'u1172821', 'pablocl', 'bw02203', 'dorxlqmdkdlel', 'beper53', 'bnazkaymaz', 'ohh99o9', 'dmeyer1998', 'cicalesej', 'u0973796', 'u1097560', 'yazan99', 'jdanivc', 'rozhansa', 'taylordavis678', 'jseitz4', 'u1285150', 'jboniuk98', 'jerryl1996', 'blus07', 'matthewleemle2', 'neil01', 'rudnev5530', 'dldnals2020', 'u1109386', 'sschneider874', 'qkslqksl951', 'tristram', 'mis5660', 'rohdej', 'byeolguri', 'clara.landesa', 'nargene', 'jhryu1994', 'chdu6864', 'clay2of4', 'therahuul', 'aes_op', 'sherwmit', 'jadencoelho', 'ylanbdr', 'foghel96', 'klechshevskaya', 'yoojeong9925', 'suyoneee', 'u0825246', 'mikesnure', 'jn12su27', 'andreagcoto', 'ahmedramzyha', 'sumintnals', 'adrianhochgesang', 'latourem', 'hyerim1006000', 'xoanmayo', 'u1119648', 'marco.ravaro', 'thomas.poulin', 'anstpdlffj3', 'shabnashreej', 'sportmonkey584', 'sooooooy314', 'abal2474', 'robinss3', 'xfiles', 'remnantemmitt', 'ekdms0894']"
6,187,131,45,29,"['vogecap240', 'jakecronin97', 'yazan99', 'rozhansa', 'nicolecam', 'johngim1', 'neil01', 'erickvfc', 'shayakchakrabarti', 'apunch', 'danartur99', 'daanyaal.sobani', 'tylerqwong', 'youyouli', 'cd_bonamis', 'j8', 'brendonbk81', 'aes_op', 'jadencoelho', 'jfakidis', 'mimaamin28', 'tsuchinoko.ls', 'johnkm37', 'elec315s', 'marianoroldan12', 'andresvl', 'kayusuf97', 'daniellistudent', 'sambedry']",102,"['emil96', 'dudeinblue1', 'mustafaozer', 'burcakguner98', 'u0903539', 'u0916112', 'michael.hany.mofeed', 'nickbrowne', 'yzhan224', 'tasneemfatema123', 'kasimyasinozveren', 'alexsey2001', 'jong', 'wendy01.02', 'khanoz', 'u1129087', 'olesya25', 'u1275153', 'kieranlumb', 'lioucasse38', 'saranya1992', 'henrycran', 'sabriagus26', 'gipes', 'u1246265', 'salemvin25', 'u1008149', 'townleya', 'mharis', 'halesz', 'mcan.ozata', 'kronder77', 'robertlupoiu', 'u0540664', 'mertcan.bayindir', 'u1142708', 'kutluhanucar1997', 'ismail.bikmazi', 'vejay25090', 'agustaf', 'shaunmckellar', 'hcaslan7', 'u0934438', 'm.alix.foster', 'u0984834', 'cagatayc06', 'did', 'u0813032', 'engfersoy', 'meowmurm', 'gulsakadioglu', 'ulkubaladin', 'u0759716', 'u1208445', 'u0914596', 'abdulrahman.elmashed', 'sherlock.ashrafi', 'chaewoon07', 'u1020447', 'u1073244', 'u0360918', 'myst0406', 'frenchmathew', 'thel0rd59', 'u0839673', 'ortegaj2', 'u1172821', 'bnazkaymaz', 'nsener45', 'u1198840', 'u0973796', 'u1097560', 'brownb4', 'harry171717171', 'taylordavis678', 'jseitz4', 'duldul', 'brian.burton93', 'jerryl1996', 'blus07', 'rudnev5530', 'u0953149', 'u1109386', 'u0764878', 'u1131539', 'u1222263', 'liliyamerzlova777', 'c841272', 'isikk.alperen', 'u0304786', 'clay2of4', 'learner_shreya', 'klechshevskaya', 'u0825246', 'u1190640', 'ahmedramzyha', 'gonserr', 'latourem', 'u1119648', 'marco.ravaro', 'robinss3', 'remnantemmitt']",16,"['estalinalvarezalvarez', 'kirollos.morcos.km', 'therahuul', 'estalin', 'killuaonizuka1999', 'eunice98k', 'lingyiw9954', 'cd_bon', 'gcxmoffice1994', 'tylervrd', 'matthewleemle2', 'zkkazi99', 'mitchellgg', 'georgeckchen', 'sallysong683', 'csparkes']",147,"['emil96', 'dudeinblue1', 'mustafaozer', 'burcakguner98', 'u0903539', 'nicolecam', 'erickvfc', 'u0916112', 'michael.hany.mofeed', 'nickbrowne', 'yzhan224', 'tylerqwong', 'tasneemfatema123', 'youyouli', 'kasimyasinozveren', 'zkkazi99', 'j8', 'alexsey2001', 'kirollos.morcos.km', 'jong', 'wendy01.02', 'tsuchinoko.ls', 'tylervrd', 'khanoz', 'u1129087', 'georgeckchen', 'olesya25', 'kieranlumb', 'u1275153', 'estalin', 'lioucasse38', 'killuaonizuka1999', 'saranya1992', 'henrycran', 'sabriagus26', 'gipes', 'daniellistudent', 'u1246265', 'salemvin25', 'u1008149', 'johngim1', 'mharis', 'halesz', 'daanyaal.sobani', 'mcan.ozata', 'kronder77', 'cd_bonamis', 'robertlupoiu', 'u0540664', 'mertcan.bayindir', 'u1142708', 'kutluhanucar1997', 'ismail.bikmazi', 'vejay25090', 'brendonbk81', 'lingyiw9954', 'agustaf', 'mimaamin28', 'shaunmckellar', 'hcaslan7', 'elec315s', 'u0934438', 'm.alix.foster', 'u0984834', 'cagatayc06', 'eunice98k', 'did', 'andresvl', 'sallysong683', 'vogecap240', 'jakecronin97', 'u0813032', 'engfersoy', 'shayakchakrabarti', 'meowmurm', 'gulsakadioglu', 'ulkubaladin', 'apunch', 'estalinalvarezalvarez', 'u0759716', 'u1208445', 'u0914596', 'abdulrahman.elmashed', 'sherlock.ashrafi', 'chaewoon07', 'u1020447', 'u1073244', 'u0360918', 'jfakidis', 'myst0406', 'marianoroldan12', 'frenchmathew', 'thel0rd59', 'u0839673', 'ortegaj2', 'u1172821', 'gcxmoffice1994', 'bnazkaymaz', 'kayusuf97', 'mitchellgg', 'nsener45', 'u1198840', 'u0973796', 'u1097560', 'brownb4', 'yazan99', 'harry171717171', 'rozhansa', 'remnantemmitt', 'taylordavis678', 'jseitz4', 'duldul', 'brian.burton93', 'jerryl1996', 'blus07', 'matthewleemle2', 'neil01', 'rudnev5530', 'u0953149', 'csparkes', 'u1109386', 'u0764878', 'danartur99', 'u1131539', 'u1222263', 'cd_bon', 'liliyamerzlova777', 'c841272', 'isikk.alperen', 'u0304786', 'clay2of4', 'therahuul', 'aes_op', 'jadencoelho', 'learner_shreya', 'klechshevskaya', 'u0825246', 'johnkm37', 'u1190640', 'ahmedramzyha', 'gonserr', 'latourem', 'u1119648', 'marco.ravaro', 'robinss3', 'sambedry', 'townleya']"
6,209,131,34,30,"['dudeinblue1', 'u1198840', 'u1097560', 'harry171717171', 'brian.burton93', 'u0813032', 'mharis', 'u0953149', 'u0916112', 'u0759716', 'u1222263', 'u0540664', 'u1208445', 'u0914596', 'u1142708', 'u0304786', 'u1020447', 'u1073244', 'agustaf', 'shaunmckellar', 'u1190640', 'u1129087', 'u0934438', 'u1275153', 'u1119648', 'u0839673', 'u0984834', 'u1172821', 'henrycran', 'remnantemmitt']",101,"['emil96', 'mustafaozer', 'burcakguner98', 'u0903539', 'nicolecam', 'erickvfc', 'michael.hany.mofeed', 'nickbrowne', 'yzhan224', 'tylerqwong', 'tasneemfatema123', 'youyouli', 'kasimyasinozveren', 'j8', 'alexsey2001', 'jong', 'wendy01.02', 'tsuchinoko.ls', 'khanoz', 'olesya25', 'kieranlumb', 'lioucasse38', 'saranya1992', 'sabriagus26', 'gipes', 'daniellistudent', 'u1246265', 'salemvin25', 'u1008149', 'johngim1', 'halesz', 'daanyaal.sobani', 'mcan.ozata', 'kronder77', 'cd_bonamis', 'robertlupoiu', 'mertcan.bayindir', 'kutluhanucar1997', 'ismail.bikmazi', 'vejay25090', 'brendonbk81', 'mimaamin28', 'hcaslan7', 'elec315s', 'm.alix.foster', 'cagatayc06', 'did', 'andresvl', 'vogecap240', 'jakecronin97', 'engfersoy', 'shayakchakrabarti', 'meowmurm', 'gulsakadioglu', 'ulkubaladin', 'apunch', 'abdulrahman.elmashed', 'sherlock.ashrafi', 'chaewoon07', 'u0360918', 'jfakidis', 'myst0406', 'marianoroldan12', 'frenchmathew', 'thel0rd59', 'ortegaj2', 'bnazkaymaz', 'kayusuf97', 'nsener45', 'u0973796', 'brownb4', 'yazan99', 'rozhansa', 'taylordavis678', 'jseitz4', 'duldul', 'jerryl1996', 'blus07', 'neil01', 'rudnev5530', 'u1109386', 'u0764878', 'danartur99', 'u1131539', 'liliyamerzlova777', 'c841272', 'isikk.alperen', 'clay2of4', 'aes_op', 'jadencoelho', 'learner_shreya', 'klechshevskaya', 'u0825246', 'johnkm37', 'ahmedramzyha', 'gonserr', 'latourem', 'marco.ravaro', 'robinss3', 'sambedry', 'townleya']",4,"['u1114754', 'u1121281', 'matthewdailey', 'u0543041']",135,"['emil96', 'dudeinblue1', 'mustafaozer', 'burcakguner98', 'u0903539', 'nicolecam', 'erickvfc', 'u0916112', 'michael.hany.mofeed', 'nickbrowne', 'yzhan224', 'tylerqwong', 'tasneemfatema123', 'youyouli', 'kasimyasinozveren', 'j8', 'alexsey2001', 'jong', 'wendy01.02', 'tsuchinoko.ls', 'khanoz', 'u1129087', 'olesya25', 'kieranlumb', 'u1275153', 'lioucasse38', 'saranya1992', 'henrycran', 'sabriagus26', 'gipes', 'daniellistudent', 'u1246265', 'salemvin25', 'u1008149', 'johngim1', 'mharis', 'halesz', 'daanyaal.sobani', 'mcan.ozata', 'kronder77', 'cd_bonamis', 'robertlupoiu', 'u0540664', 'mertcan.bayindir', 'u1142708', 'kutluhanucar1997', 'ismail.bikmazi', 'matthewdailey', 'u0543041', 'vejay25090', 'brendonbk81', 'agustaf', 'mimaamin28', 'shaunmckellar', 'hcaslan7', 'elec315s', 'u0934438', 'm.alix.foster', 'u0984834', 'cagatayc06', 'did', 'andresvl', 'vogecap240', 'jakecronin97', 'u0813032', 'engfersoy', 'u1114754', 'shayakchakrabarti', 'meowmurm', 'gulsakadioglu', 'ulkubaladin', 'apunch', 'u0759716', 'u1208445', 'u0914596', 'abdulrahman.elmashed', 'sherlock.ashrafi', 'chaewoon07', 'u1020447', 'u1073244', 'u0360918', 'jfakidis', 'u1121281', 'myst0406', 'marianoroldan12', 'frenchmathew', 'thel0rd59', 'u0839673', 'ortegaj2', 'u1172821', 'bnazkaymaz', 'kayusuf97', 'nsener45', 'u1198840', 'u0973796', 'u1097560', 'brownb4', 'yazan99', 'harry171717171', 'rozhansa', 'remnantemmitt', 'taylordavis678', 'jseitz4', 'duldul', 'brian.burton93', 'jerryl1996', 'blus07', 'neil01', 'rudnev5530', 'u0953149', 'u1109386', 'u0764878', 'danartur99', 'u1131539', 'u1222263', 'liliyamerzlova777', 'c841272', 'isikk.alperen', 'u0304786', 'clay2of4', 'aes_op', 'jadencoelho', 'learner_shreya', 'klechshevskaya', 'u0825246', 'johnkm37', 'u1190640', 'ahmedramzyha', 'gonserr', 'latourem', 'u1119648', 'marco.ravaro', 'robinss3', 'sambedry', 'townleya']"
6,202,131,29,4,"['ismail.bikmazi', 'mustafaozer', 'bnazkaymaz', 'mertcan.bayindir']",127,"['emil96', 'dudeinblue1', 'burcakguner98', 'u0903539', 'nicolecam', 'erickvfc', 'u0916112', 'michael.hany.mofeed', 'nickbrowne', 'yzhan224', 'tylerqwong', 'tasneemfatema123', 'youyouli', 'kasimyasinozveren', 'j8', 'alexsey2001', 'jong', 'wendy01.02', 'tsuchinoko.ls', 'khanoz', 'u1129087', 'olesya25', 'kieranlumb', 'u1275153', 'lioucasse38', 'saranya1992', 'henrycran', 'sabriagus26', 'gipes', 'daniellistudent', 'u1246265', 'salemvin25', 'u1008149', 'johngim1', 'mharis', 'halesz', 'daanyaal.sobani', 'mcan.ozata', 'kronder77', 'cd_bonamis', 'robertlupoiu', 'u0540664', 'u1142708', 'kutluhanucar1997', 'vejay25090', 'brendonbk81', 'agustaf', 'mimaamin28', 'shaunmckellar', 'hcaslan7', 'elec315s', 'u0934438', 'm.alix.foster', 'u0984834', 'cagatayc06', 'did', 'andresvl', 'vogecap240', 'jakecronin97', 'u0813032', 'engfersoy', 'shayakchakrabarti', 'meowmurm', 'gulsakadioglu', 'ulkubaladin', 'apunch', 'u0759716', 'u1208445', 'u0914596', 'abdulrahman.elmashed', 'sherlock.ashrafi', 'chaewoon07', 'u1020447', 'u1073244', 'u0360918', 'jfakidis', 'myst0406', 'marianoroldan12', 'frenchmathew', 'thel0rd59', 'u0839673', 'ortegaj2', 'u1172821', 'kayusuf97', 'nsener45', 'u1198840', 'u0973796', 'u1097560', 'brownb4', 'yazan99', 'harry171717171', 'rozhansa', 'remnantemmitt', 'taylordavis678', 'jseitz4', 'duldul', 'brian.burton93', 'jerryl1996', 'blus07', 'neil01', 'rudnev5530', 'u0953149', 'u1109386', 'u0764878', 'danartur99', 'u1131539', 'u1222263', 'liliyamerzlova777', 'c841272', 'isikk.alperen', 'u0304786', 'clay2of4', 'aes_op', 'jadencoelho', 'learner_shreya', 'klechshevskaya', 'u0825246', 'johnkm37', 'u1190640', 'ahmedramzyha', 'gonserr', 'latourem', 'u1119648', 'marco.ravaro', 'robinss3', 'sambedry', 'townleya']",25,"['sercankerpisci', 'jrspike', 'zhang389', 'abusobit', 'mcychan', 'fdirisaglik', 'm.emreoruc', 'mohamed33', 'hga', 'gabriele.scarpiello', 'sercankerpisci26', 'berkin1689', 'osmanesat', 'fanluzhang.au', 'wellpast', 'bozkurtyunusemre61', 'sefakahriman77', 'hakkierkankygsz', 'kubra1234880', 'mstmst', 'georgeckchen', 'emre.ibil', 'harundvc', 'eliffsu.koc', 'farhia33']",156,"['emil96', 'dudeinblue1', 'mustafaozer', 'burcakguner98', 'jrspike', 'u0903539', 'zhang389', 'nicolecam', 'abusobit', 'erickvfc', 'u0916112', 'michael.hany.mofeed', 'mcychan', 'fdirisaglik', 'mohamed33', 'nickbrowne', 'yzhan224', 'tylerqwong', 'tasneemfatema123', 'youyouli', 'kasimyasinozveren', 'j8', 'alexsey2001', 'jong', 'wendy01.02', 'tsuchinoko.ls', 'kubra1234880', 'khanoz', 'u1129087', 'mstmst', 'georgeckchen', 'olesya25', 'kieranlumb', 'u1275153', 'lioucasse38', 'saranya1992', 'emre.ibil', 'henrycran', 'sabriagus26', 'gipes', 'daniellistudent', 'u1246265', 'farhia33', 'salemvin25', 'u1008149', 'johngim1', 'mharis', 'halesz', 'hga', 'daanyaal.sobani', 'mcan.ozata', 'kronder77', 'cd_bonamis', 'robertlupoiu', 'u0540664', 'mertcan.bayindir', 'u1142708', 'kutluhanucar1997', 'ismail.bikmazi', 'vejay25090', 'brendonbk81', 'sefakahriman77', 'agustaf', 'hakkierkankygsz', 'mimaamin28', 'shaunmckellar', 'hcaslan7', 'elec315s', 'u0934438', 'm.alix.foster', 'u0984834', 'cagatayc06', 'did', 'andresvl', 'vogecap240', 'jakecronin97', 'u0813032', 'engfersoy', 'shayakchakrabarti', 'meowmurm', 'gulsakadioglu', 'ulkubaladin', 'apunch', 'u0759716', 'u1208445', 'u0914596', 'abdulrahman.elmashed', 'sercankerpisci26', 'berkin1689', 'sherlock.ashrafi', 'osmanesat', 'fanluzhang.au', 'chaewoon07', 'u1020447', 'u1073244', 'u0360918', 'jfakidis', 'myst0406', 'marianoroldan12', 'frenchmathew', 'thel0rd59', 'u0839673', 'ortegaj2', 'u1172821', 'bnazkaymaz', 'kayusuf97', 'nsener45', 'eliffsu.koc', 'u1198840', 'u0973796', 'u1097560', 'brownb4', 'yazan99', 'harry171717171', 'rozhansa', 'remnantemmitt', 'taylordavis678', 'sercankerpisci', 'jseitz4', 'duldul', 'brian.burton93', 'jerryl1996', 'blus07', 'neil01', 'rudnev5530', 'u0953149', 'u1109386', 'm.emreoruc', 'u0764878', 'danartur99', 'u1131539', 'u1222263', 'liliyamerzlova777', 'gabriele.scarpiello', 'c841272', 'isikk.alperen', 'wellpast', 'u0304786', 'clay2of4', 'bozkurtyunusemre61', 'aes_op', 'jadencoelho', 'learner_shreya', 'klechshevskaya', 'u0825246', 'johnkm37', 'u1190640', 'ahmedramzyha', 'gonserr', 'latourem', 'u1119648', 'marco.ravaro', 'harundvc', 'robinss3', 'sambedry', 'townleya']"
6,203,131,28,16,"['gulsakadioglu', 'burcakguner98', 'mcan.ozata', 'kronder77', 'ismail.bikmazi', 'duldul', 'mertcan.bayindir', 'bnazkaymaz', 'hcaslan7', 'blus07', 'engfersoy', 'kutluhanucar1997', 'isikk.alperen', 'khanoz', 'thel0rd59', 'nsener45']",115,"['emil96', 'dudeinblue1', 'mustafaozer', 'u0903539', 'nicolecam', 'erickvfc', 'u0916112', 'michael.hany.mofeed', 'nickbrowne', 'yzhan224', 'tylerqwong', 'tasneemfatema123', 'youyouli', 'kasimyasinozveren', 'j8', 'alexsey2001', 'jong', 'wendy01.02', 'tsuchinoko.ls', 'u1129087', 'olesya25', 'kieranlumb', 'u1275153', 'lioucasse38', 'saranya1992', 'henrycran', 'sabriagus26', 'gipes', 'daniellistudent', 'u1246265', 'salemvin25', 'u1008149', 'johngim1', 'mharis', 'halesz', 'daanyaal.sobani', 'cd_bonamis', 'robertlupoiu', 'u0540664', 'u1142708', 'vejay25090', 'brendonbk81', 'agustaf', 'mimaamin28', 'shaunmckellar', 'elec315s', 'u0934438', 'm.alix.foster', 'u0984834', 'cagatayc06', 'did', 'andresvl', 'vogecap240', 'jakecronin97', 'u0813032', 'shayakchakrabarti', 'meowmurm', 'ulkubaladin', 'apunch', 'u0759716', 'u1208445', 'u0914596', 'abdulrahman.elmashed', 'sherlock.ashrafi', 'chaewoon07', 'u1020447', 'u1073244', 'u0360918', 'jfakidis', 'myst0406', 'marianoroldan12', 'frenchmathew', 'u0839673', 'ortegaj2', 'u1172821', 'kayusuf97', 'u1198840', 'u0973796', 'u1097560', 'brownb4', 'yazan99', 'harry171717171', 'rozhansa', 'remnantemmitt', 'taylordavis678', 'jseitz4', 'brian.burton93', 'jerryl1996', 'neil01', 'rudnev5530', 'u0953149', 'u1109386', 'u0764878', 'danartur99', 'u1131539', 'u1222263', 'liliyamerzlova777', 'c841272', 'u0304786', 'clay2of4', 'aes_op', 'jadencoelho', 'learner_shreya', 'klechshevskaya', 'u0825246', 'johnkm37', 'u1190640', 'ahmedramzyha', 'gonserr', 'latourem', 'u1119648', 'marco.ravaro', 'robinss3', 'sambedry', 'townleya']",12,"['bozkurtyunusemre61', 'hga', 'sefakahriman77', 'varansamet', 'muvafikmelikkaya', 'hakkierkankygsz', 'raiserwarrior', 'engin_ulgerr', 'berkin1689', '1998fuci', 'farhia33', 'fdirisaglik']",143,"['emil96', 'dudeinblue1', 'mustafaozer', 'burcakguner98', 'u0903539', 'nicolecam', 'erickvfc', 'u0916112', 'michael.hany.mofeed', 'fdirisaglik', 'nickbrowne', 'yzhan224', 'tylerqwong', 'tasneemfatema123', 'youyouli', 'kasimyasinozveren', 'j8', 'alexsey2001', '1998fuci', 'muvafikmelikkaya', 'jong', 'wendy01.02', 'tsuchinoko.ls', 'raiserwarrior', 'khanoz', 'u1129087', 'olesya25', 'kieranlumb', 'u1275153', 'lioucasse38', 'saranya1992', 'henrycran', 'sabriagus26', 'gipes', 'daniellistudent', 'u1246265', 'farhia33', 'salemvin25', 'u1008149', 'johngim1', 'engin_ulgerr', 'mharis', 'halesz', 'hga', 'daanyaal.sobani', 'mcan.ozata', 'kronder77', 'cd_bonamis', 'robertlupoiu', 'u0540664', 'mertcan.bayindir', 'u1142708', 'kutluhanucar1997', 'ismail.bikmazi', 'vejay25090', 'brendonbk81', 'sefakahriman77', 'agustaf', 'hakkierkankygsz', 'mimaamin28', 'shaunmckellar', 'hcaslan7', 'elec315s', 'u0934438', 'm.alix.foster', 'u0984834', 'cagatayc06', 'did', 'andresvl', 'vogecap240', 'jakecronin97', 'u0813032', 'engfersoy', 'shayakchakrabarti', 'meowmurm', 'gulsakadioglu', 'ulkubaladin', 'apunch', 'u0759716', 'u1208445', 'u0914596', 'abdulrahman.elmashed', 'berkin1689', 'sherlock.ashrafi', 'chaewoon07', 'u1020447', 'u1073244', 'u0360918', 'jfakidis', 'myst0406', 'marianoroldan12', 'frenchmathew', 'thel0rd59', 'u0839673', 'ortegaj2', 'u1172821', 'bnazkaymaz', 'kayusuf97', 'nsener45', 'u1198840', 'u0973796', 'u1097560', 'brownb4', 'yazan99', 'harry171717171', 'rozhansa', 'remnantemmitt', 'taylordavis678', 'jseitz4', 'duldul', 'brian.burton93', 'jerryl1996', 'blus07', 'neil01', 'rudnev5530', 'u0953149', 'u1109386', 'u0764878', 'danartur99', 'varansamet', 'u1131539', 'u1222263', 'liliyamerzlova777', 'c841272', 'isikk.alperen', 'u0304786', 'clay2of4', 'bozkurtyunusemre61', 'aes_op', 'jadencoelho', 'learner_shreya', 'klechshevskaya', 'u0825246', 'johnkm37', 'u1190640', 'ahmedramzyha', 'gonserr', 'latourem', 'u1119648', 'marco.ravaro', 'robinss3', 'sambedry', 'townleya']"
6,185,131,11,5,"['ulkubaladin', 'cagatayc06', 'burcakguner98', 'kasimyasinozveren', 'sabriagus26']",126,"['emil96', 'dudeinblue1', 'mustafaozer', 'u0903539', 'nicolecam', 'erickvfc', 'u0916112', 'michael.hany.mofeed', 'nickbrowne', 'yzhan224', 'tylerqwong', 'tasneemfatema123', 'youyouli', 'j8', 'alexsey2001', 'jong', 'wendy01.02', 'tsuchinoko.ls', 'khanoz', 'u1129087', 'olesya25', 'kieranlumb', 'u1275153', 'lioucasse38', 'saranya1992', 'henrycran', 'gipes', 'daniellistudent', 'u1246265', 'salemvin25', 'u1008149', 'johngim1', 'mharis', 'halesz', 'daanyaal.sobani', 'mcan.ozata', 'kronder77', 'cd_bonamis', 'robertlupoiu', 'u0540664', 'mertcan.bayindir', 'u1142708', 'kutluhanucar1997', 'ismail.bikmazi', 'vejay25090', 'brendonbk81', 'agustaf', 'mimaamin28', 'shaunmckellar', 'hcaslan7', 'elec315s', 'u0934438', 'm.alix.foster', 'u0984834', 'did', 'andresvl', 'vogecap240', 'jakecronin97', 'u0813032', 'engfersoy', 'shayakchakrabarti', 'meowmurm', 'gulsakadioglu', 'apunch', 'u0759716', 'u1208445', 'u0914596', 'abdulrahman.elmashed', 'sherlock.ashrafi', 'chaewoon07', 'u1020447', 'u1073244', 'u0360918', 'jfakidis', 'myst0406', 'marianoroldan12', 'frenchmathew', 'thel0rd59', 'u0839673', 'ortegaj2', 'u1172821', 'bnazkaymaz', 'kayusuf97', 'nsener45', 'u1198840', 'u0973796', 'u1097560', 'brownb4', 'yazan99', 'harry171717171', 'rozhansa', 'remnantemmitt', 'taylordavis678', 'jseitz4', 'duldul', 'brian.burton93', 'jerryl1996', 'blus07', 'neil01', 'rudnev5530', 'u0953149', 'u1109386', 'u0764878', 'danartur99', 'u1131539', 'u1222263', 'liliyamerzlova777', 'c841272', 'isikk.alperen', 'u0304786', 'clay2of4', 'aes_op', 'jadencoelho', 'learner_shreya', 'klechshevskaya', 'u0825246', 'johnkm37', 'u1190640', 'ahmedramzyha', 'gonserr', 'latourem', 'u1119648', 'marco.ravaro', 'robinss3', 'sambedry', 'townleya']",6,"['zfurkanyldz', 'd.k.bozkurt', 'raiserwarrior', 'o.erdogan5494', 'mstmst', 'samo92']",137,"['emil96', 'dudeinblue1', 'mustafaozer', 'burcakguner98', 'u0903539', 'nicolecam', 'erickvfc', 'u0916112', 'michael.hany.mofeed', 'samo92', 'nickbrowne', 'yzhan224', 'zfurkanyldz', 'tylerqwong', 'tasneemfatema123', 'youyouli', 'kasimyasinozveren', 'j8', 'alexsey2001', 'jong', 'wendy01.02', 'tsuchinoko.ls', 'raiserwarrior', 'khanoz', 'u1129087', 'mstmst', 'olesya25', 'kieranlumb', 'u1275153', 'lioucasse38', 'saranya1992', 'henrycran', 'sabriagus26', 'gipes', 'daniellistudent', 'u1246265', 'salemvin25', 'u1008149', 'johngim1', 'mharis', 'halesz', 'daanyaal.sobani', 'mcan.ozata', 'kronder77', 'cd_bonamis', 'robertlupoiu', 'u0540664', 'mertcan.bayindir', 'u1142708', 'kutluhanucar1997', 'ismail.bikmazi', 'vejay25090', 'brendonbk81', 'agustaf', 'mimaamin28', 'shaunmckellar', 'hcaslan7', 'elec315s', 'u0934438', 'm.alix.foster', 'u0984834', 'cagatayc06', 'did', 'andresvl', 'vogecap240', 'jakecronin97', 'd.k.bozkurt', 'u0813032', 'engfersoy', 'shayakchakrabarti', 'meowmurm', 'gulsakadioglu', 'ulkubaladin', 'apunch', 'u0759716', 'u1208445', 'u0914596', 'abdulrahman.elmashed', 'sherlock.ashrafi', 'chaewoon07', 'u1020447', 'u1073244', 'u0360918', 'jfakidis', 'myst0406', 'marianoroldan12', 'frenchmathew', 'thel0rd59', 'u0839673', 'ortegaj2', 'u1172821', 'bnazkaymaz', 'kayusuf97', 'nsener45', 'u1198840', 'u0973796', 'u1097560', 'brownb4', 'yazan99', 'harry171717171', 'rozhansa', 'remnantemmitt', 'taylordavis678', 'jseitz4', 'duldul', 'brian.burton93', 'jerryl1996', 'blus07', 'o.erdogan5494', 'neil01', 'rudnev5530', 'u0953149', 'u1109386', 'u0764878', 'danartur99', 'u1131539', 'u1222263', 'liliyamerzlova777', 'c841272', 'isikk.alperen', 'u0304786', 'clay2of4', 'aes_op', 'jadencoelho', 'learner_shreya', 'klechshevskaya', 'u0825246', 'johnkm37', 'u1190640', 'ahmedramzyha', 'gonserr', 'latourem', 'u1119648', 'marco.ravaro', 'robinss3', 'sambedry', 'townleya']"
6,206,131,7,3,"['gonserr', 'brownb4', 'latourem']",128,"['emil96', 'dudeinblue1', 'mustafaozer', 'burcakguner98', 'u0903539', 'nicolecam', 'erickvfc', 'u0916112', 'michael.hany.mofeed', 'nickbrowne', 'yzhan224', 'tylerqwong', 'tasneemfatema123', 'youyouli', 'kasimyasinozveren', 'j8', 'alexsey2001', 'jong', 'wendy01.02', 'tsuchinoko.ls', 'khanoz', 'u1129087', 'olesya25', 'kieranlumb', 'u1275153', 'lioucasse38', 'saranya1992', 'henrycran', 'sabriagus26', 'gipes', 'daniellistudent', 'u1246265', 'salemvin25', 'u1008149', 'johngim1', 'mharis', 'halesz', 'daanyaal.sobani', 'mcan.ozata', 'kronder77', 'cd_bonamis', 'robertlupoiu', 'u0540664', 'mertcan.bayindir', 'u1142708', 'kutluhanucar1997', 'ismail.bikmazi', 'vejay25090', 'brendonbk81', 'agustaf', 'mimaamin28', 'shaunmckellar', 'hcaslan7', 'elec315s', 'u0934438', 'm.alix.foster', 'u0984834', 'cagatayc06', 'did', 'andresvl', 'vogecap240', 'jakecronin97', 'u0813032', 'engfersoy', 'shayakchakrabarti', 'meowmurm', 'gulsakadioglu', 'ulkubaladin', 'apunch', 'u0759716', 'u1208445', 'u0914596', 'abdulrahman.elmashed', 'sherlock.ashrafi', 'chaewoon07', 'u1020447', 'u1073244', 'u0360918', 'jfakidis', 'myst0406', 'marianoroldan12', 'frenchmathew', 'thel0rd59', 'u0839673', 'ortegaj2', 'u1172821', 'bnazkaymaz', 'kayusuf97', 'nsener45', 'u1198840', 'u0973796', 'u1097560', 'yazan99', 'harry171717171', 'rozhansa', 'remnantemmitt', 'taylordavis678', 'jseitz4', 'duldul', 'brian.burton93', 'jerryl1996', 'blus07', 'neil01', 'rudnev5530', 'u0953149', 'u1109386', 'u0764878', 'danartur99', 'u1131539', 'u1222263', 'liliyamerzlova777', 'c841272', 'isikk.alperen', 'u0304786', 'clay2of4', 'aes_op', 'jadencoelho', 'learner_shreya', 'klechshevskaya', 'u0825246', 'johnkm37', 'u1190640', 'ahmedramzyha', 'u1119648', 'marco.ravaro', 'robinss3', 'sambedry', 'townleya']",4,"['nakkulab', 'ludovick', 'sherwmit', 'rohdej']",135,"['emil96', 'dudeinblue1', 'mustafaozer', 'burcakguner98', 'u0903539', 'nicolecam', 'erickvfc', 'u0916112', 'michael.hany.mofeed', 'nickbrowne', 'yzhan224', 'tylerqwong', 'tasneemfatema123', 'youyouli', 'kasimyasinozveren', 'j8', 'alexsey2001', 'jong', 'wendy01.02', 'tsuchinoko.ls', 'khanoz', 'u1129087', 'olesya25', 'kieranlumb', 'u1275153', 'lioucasse38', 'saranya1992', 'henrycran', 'sabriagus26', 'gipes', 'daniellistudent', 'u1246265', 'salemvin25', 'u1008149', 'nakkulab', 'johngim1', 'mharis', 'halesz', 'daanyaal.sobani', 'mcan.ozata', 'kronder77', 'cd_bonamis', 'robertlupoiu', 'u0540664', 'mertcan.bayindir', 'u1142708', 'kutluhanucar1997', 'ismail.bikmazi', 'vejay25090', 'brendonbk81', 'agustaf', 'mimaamin28', 'shaunmckellar', 'hcaslan7', 'elec315s', 'u0934438', 'm.alix.foster', 'u0984834', 'cagatayc06', 'did', 'andresvl', 'vogecap240', 'jakecronin97', 'u0813032', 'engfersoy', 'shayakchakrabarti', 'meowmurm', 'gulsakadioglu', 'ulkubaladin', 'apunch', 'u0759716', 'u1208445', 'u0914596', 'abdulrahman.elmashed', 'sherlock.ashrafi', 'chaewoon07', 'u1020447', 'u1073244', 'u0360918', 'jfakidis', 'myst0406', 'marianoroldan12', 'frenchmathew', 'thel0rd59', 'u0839673', 'ortegaj2', 'ludovick', 'u1172821', 'bnazkaymaz', 'kayusuf97', 'nsener45', 'u1198840', 'u0973796', 'u1097560', 'brownb4', 'yazan99', 'harry171717171', 'rozhansa', 'remnantemmitt', 'taylordavis678', 'jseitz4', 'duldul', 'brian.burton93', 'jerryl1996', 'blus07', 'neil01', 'rudnev5530', 'u0953149', 'u1109386', 'u0764878', 'danartur99', 'u1131539', 'u1222263', 'rohdej', 'liliyamerzlova777', 'c841272', 'isikk.alperen', 'u0304786', 'clay2of4', 'aes_op', 'sherwmit', 'jadencoelho', 'learner_shreya', 'klechshevskaya', 'u0825246', 'johnkm37', 'u1190640', 'ahmedramzyha', 'gonserr', 'latourem', 'u1119648', 'marco.ravaro', 'robinss3', 'sambedry', 'townleya']"
7,221,117,122,113,"['dldbsrl1811', 'seoyeon5754', 'dudwls9436', 'gowls2', 'toma746', 'gks7ruf', 'vincentajs', 'dlwovy2020', 'chy4789', 'juyeon1998', 'hana990722', 'dydtjrdl155', 'wjdvy4236', 'starrycity1234', 'kyu3699', 'jsp1219', 'jy0314jy', 'chozza58', 'limkh4921', 'sbp5168', 'garumon123', 'wnsdud3965', 'tjdrnr0616', 'ljb6469', 'leeyj0515', 'hyerim', 'yerimpark0124', 'iipopo30', 'jcg40626038', 'pcr507', 'dpdldptm2562', 'tkdgus893', 'tjdrnr06165098', 'qaz16720511', 'dbtpfk0820', 'jeongdaeun1203', 'guseocjf1234', 'smk0412', 'cktmdrb1638', 'wjdckgml99', 'pellucid3030', 'wsji9404', 'didalf017', 'gayeong0099', 'frost', 'wldud0869', 'ja3ngx', 'soeun1841', 'gundam602', 'minhwanjeon0410', 'eocjsaudrla', 'jsee86', 'esther2388', 'khodid35', 'jmleeh2', 'choiboeun8189', 'shwlsdk98', 'sjh6224', 'jsub9753', 'lakgh123', 'alsdn9709', 'alsrud5976', 'gwjubu', 'rabbit9327', 'pjm9725', 'sdss1143', 'ppddgg1358', 'elwkdnjs96', 'ssomda', 'uuhgyfv', 'wjlee0510', 'dbstj214', 'tiase97', 'tjseodkr', 'sehyung', 'jisu990613', 'yjjch118', 'johnlee3140', 'yhj971210', 'mike621', 'kyouyoung722', 'ktw1305', 'wlsgydl22', 'jongchul1992', 'kong96', 'a01035377113', 'kda1100', 'dltnghdpp', 'yunie9853', 'uk051317', 'comewis', 'heoygi4921', 'eunju99615', 'wlgmlwkd34', 'gksmf0543', 'lwaouora', 'wjdwodhks18', 'a76002779', 'rkdgus1977', 'leesangjun', 'zerotae4758', 'seojinlee5204', 'xogh0727', 'dudwls94367', 'cksrb7334', 'leehyemin', 'junseok424', 'dkdkcjy777', 'tjseodk', 'ssh919', 'gmlwls0855', 'sksvotm98', 'kgmghks']",4,"['nightfury805', 'xodlr0517', 'dudtn9866', 'whoni98']",9,"['mijung', 'k1006rnskgus', 'serm55', 'subin99599', 'ehdrl200', 'tndnjs211', 'kyo0888', 'jungju511', 'rlfqudvy4631']",126,"['dldbsrl1811', 'seoyeon5754', 'dudwls9436', 'gowls2', 'toma746', 'gks7ruf', 'vincentajs', 'dlwovy2020', 'chy4789', 'juyeon1998', 'hana990722', 'starrycity1234', 'kyu3699', 'jsp1219', 'dydtjrdl155', 'wjdvy4236', 'mijung', 'jy0314jy', 'chozza58', 'limkh4921', 'sbp5168', 'garumon123', 'wnsdud3965', 'tjdrnr0616', 'ljb6469', 'leeyj0515', 'hyerim', 'yerimpark0124', 'iipopo30', 'jcg40626038', 'pcr507', 'dpdldptm2562', 'tkdgus893', 'tjdrnr06165098', 'qaz16720511', 'dbtpfk0820', 'jeongdaeun1203', 'guseocjf1234', 'smk0412', 'cktmdrb1638', 'wjdckgml99', 'pellucid3030', 'wsji9404', 'didalf017', 'gayeong0099', 'frost', 'wldud0869', 'ja3ngx', 'soeun1841', 'gundam602', 'minhwanjeon0410', 'eocjsaudrla', 'jsee86', 'esther2388', 'khodid35', 'jmleeh2', 'choiboeun8189', 'shwlsdk98', 'sjh6224', 'jsub9753', 'lakgh123', 'alsdn9709', 'alsrud5976', 'gwjubu', 'rabbit9327', 'pjm9725', 'sdss1143', 'ppddgg1358', 'elwkdnjs96', 'ssomda', 'dudtn9866', 'uuhgyfv', 'wjlee0510', 'dbstj214', 'tiase97', 'tjseodkr', 'serm55', 'ehdrl200', 'kyo0888', 'sehyung', 'jisu990613', 'yjjch118', 'jungju511', 'johnlee3140', 'yhj971210', 'mike621', 'kyouyoung722', 'ktw1305', 'wlsgydl22', 'rlfqudvy4631', 'jongchul1992', 'kong96', 'tndnjs211', 'a01035377113', 'kda1100', 'dltnghdpp', 'yunie9853', 'uk051317', 'k1006rnskgus', 'comewis', 'heoygi4921', 'eunju99615', 'whoni98', 'wlgmlwkd34', 'gksmf0543', 'lwaouora', 'nightfury805', 'wjdwodhks18', 'xodlr0517', 'rkdgus1977', 'a76002779', 'leesangjun', 'zerotae4758', 'seojinlee5204', 'xogh0727', 'dudwls94367', 'cksrb7334', 'leehyemin', 'subin99599', 'junseok424', 'dkdkcjy777', 'tjseodk', 'ssh919', 'gmlwls0855', 'sksvotm98', 'kgmghks']"
7,197,117,6,1,['wjdvy4236'],116,"['dldbsrl1811', 'seoyeon5754', 'gwjubu', 'dudwls9436', 'gowls2', 'toma746', 'gks7ruf', 'vincentajs', 'dlwovy2020', 'chy4789', 'rabbit9327', 'pjm9725', 'juyeon1998', 'sdss1143', 'ppddgg1358', 'hana990722', 'elwkdnjs96', 'ssomda', 'dudtn9866', 'starrycity1234', 'kyu3699', 'jsp1219', 'dydtjrdl155', 'uuhgyfv', 'jy0314jy', 'chozza58', 'wjlee0510', 'limkh4921', 'sbp5168', 'garumon123', 'wnsdud3965', 'dbstj214', 'tjdrnr0616', 'ljb6469', 'tiase97', 'leeyj0515', 'hyerim', 'tjseodkr', 'kgmghks', 'sehyung', 'jisu990613', 'yjjch118', 'yerimpark0124', 'johnlee3140', 'yhj971210', 'iipopo30', 'jcg40626038', 'mike621', 'kyouyoung722', 'pcr507', 'dpdldptm2562', 'tkdgus893', 'ktw1305', 'wlsgydl22', 'tjdrnr06165098', 'jongchul1992', 'qaz16720511', 'dbtpfk0820', 'jeongdaeun1203', 'kong96', 'guseocjf1234', 'smk0412', 'a01035377113', 'kda1100', 'cktmdrb1638', 'dltnghdpp', 'yunie9853', 'uk051317', 'wjdckgml99', 'comewis', 'heoygi4921', 'pellucid3030', 'wsji9404', 'eunju99615', 'whoni98', 'wlgmlwkd34', 'didalf017', 'gksmf0543', 'gayeong0099', 'frost', 'lwaouora', 'wldud0869', 'ja3ngx', 'nightfury805', 'wjdwodhks18', 'xodlr0517', 'rkdgus1977', 'a76002779', 'soeun1841', 'gundam602', 'leesangjun', 'minhwanjeon0410', 'zerotae4758', 'eocjsaudrla', 'seojinlee5204', 'jsee86', 'xogh0727', 'esther2388', 'khodid35', 'jmleeh2', 'dudwls94367', 'cksrb7334', 'leehyemin', 'choiboeun8189', 'shwlsdk98', 'junseok424', 'dkdkcjy777', 'sjh6224', 'tjseodk', 'jsub9753', 'ssh919', 'gmlwls0855', 'sksvotm98', 'lakgh123', 'alsdn9709', 'alsrud5976']",5,"['serm55', 'subin99599', 'ehdrl200', 'tndnjs211', 'jungju511']",122,"['dldbsrl1811', 'seoyeon5754', 'gwjubu', 'dudwls9436', 'gowls2', 'toma746', 'gks7ruf', 'vincentajs', 'dlwovy2020', 'chy4789', 'rabbit9327', 'pjm9725', 'juyeon1998', 'sdss1143', 'ppddgg1358', 'hana990722', 'elwkdnjs96', 'ssomda', 'dudtn9866', 'starrycity1234', 'kyu3699', 'jsp1219', 'dydtjrdl155', 'wjdvy4236', 'uuhgyfv', 'jy0314jy', 'chozza58', 'wjlee0510', 'limkh4921', 'sbp5168', 'garumon123', 'wnsdud3965', 'dbstj214', 'tjdrnr0616', 'ljb6469', 'tiase97', 'leeyj0515', 'hyerim', 'tjseodkr', 'kgmghks', 'serm55', 'ehdrl200', 'sehyung', 'jisu990613', 'yjjch118', 'jungju511', 'yerimpark0124', 'johnlee3140', 'yhj971210', 'iipopo30', 'jcg40626038', 'mike621', 'kyouyoung722', 'pcr507', 'dpdldptm2562', 'tkdgus893', 'ktw1305', 'wlsgydl22', 'tjdrnr06165098', 'jongchul1992', 'qaz16720511', 'dbtpfk0820', 'jeongdaeun1203', 'kong96', 'guseocjf1234', 'tndnjs211', 'smk0412', 'a01035377113', 'kda1100', 'cktmdrb1638', 'dltnghdpp', 'yunie9853', 'uk051317', 'wjdckgml99', 'comewis', 'heoygi4921', 'pellucid3030', 'wsji9404', 'eunju99615', 'whoni98', 'wlgmlwkd34', 'didalf017', 'gksmf0543', 'gayeong0099', 'frost', 'lwaouora', 'wldud0869', 'ja3ngx', 'nightfury805', 'wjdwodhks18', 'xodlr0517', 'rkdgus1977', 'a76002779', 'soeun1841', 'gundam602', 'leesangjun', 'minhwanjeon0410', 'zerotae4758', 'eocjsaudrla', 'seojinlee5204', 'jsee86', 'xogh0727', 'esther2388', 'khodid35', 'jmleeh2', 'dudwls94367', 'cksrb7334', 'leehyemin', 'subin99599', 'choiboeun8189', 'shwlsdk98', 'junseok424', 'dkdkcjy777', 'sjh6224', 'tjseodk', 'jsub9753', 'ssh919', 'gmlwls0855', 'sksvotm98', 'lakgh123', 'alsdn9709', 'alsrud5976']"
8,205,105,270,1,['mikesnure'],104,"['vmmartinez2811', 'dominguilherme', 'christian.konishi', 'pietro1704', 'gabriel_dutra', 'j170582', 'g169127', 'thiagoms', 'a212269', 'b194658', 'larafalquetob', 'l171941', 'daglis', 'h236651', 'y225901', 'g172185', 'v206586', 'lcnzg', 'jkruse', 'juangalvez', 'isa.caroline930', 'g155646', 'm222059', 'joaoppagnan', 'c214570', 'josehenriquerecio', 'yalenanarvaez', 'leyte', 'gianluca.foti', 'camilahyfhgf', 'i217947', 'f171043', 'lucask', 'davidhallo88', 'gnsoares', 'thalesrogerio', 'juliombb', 'cauan_newton', 'h174308', 'luizeduardoaraujozucchi', 'serodio', 'g171932', 'mathepionorio', 'palmirasara', 'ppalves10', 'v207054', 'v225162', 'gabriella', 'znut', 'm156531', 'r204993', 'i175460', 'd169448', 'thiagolim42', 'oozaku', 'prafael18', 'i199092', 'cristiano.urban.slack', 'davicarvalho', 'anaya.g2623', 'm175011', 'juststopmenow', 'j199681', 'd169649', 'frerappa', 'evenysle', 'g216116', 'igorp.lopes', 'j123765', 'diogoteles08', 'r204952', 'm222157', 'sciecode', 'hrilina12', 'joe.stifler', 'lostinsocorro', 'aaaaaaaa1', 'w188684', 'mathbulhoes', 'd169774', 'marcosdiaz', 'matheusgmmendonca', 'ecegeekece', 'kie190507', 'heigon77', 'oozakudesu', 'maronato', 'mbatra310', 'joaopedro', 'magodocona', 'ramireguilherme', 'pengchenucla', 'i174932', 'matsano', 'odeiofeec', 'jee304419', 'andreispurim', 'kadus27', 'b167869', 'r186454', 'tanpeihan0511', 'fernandobrsales', 'g172497', 'l201332']",269,"['5dustkd', 'siyuezheng', 'josedamiangarcianoya', 'emilioar', 'daniel.robin22', 'nerwin', 'yassminsabry', 'vetterd', 'andrea.oldham97', 'doog9601', 'rricardo0324', 'uxiavelca', 'mehdibandali', 'carlosvigo1997', 'jmy0002', 'koakhyunji', 'mocha7411', 'yjn3492', 'socrat', 'alskdjfh6161', 'mertyamanoglu', 'ziyue2', 'bassel0elgharbawy0', 'gekco', 'rachel.blaydes', 'kirollos.morcos.km', 'xfiles', 'chzh1341', 'kesu1234', 'ganaaa12a', 'kunge0054', 'finnclements', 'miguel_fernandez', 'coopjord', 'georgeckchen', 'soddi1621', 'hs960531', 'estalin', 'rachelgjohnson', 'antoramp', 'alberto4', 'ye02', 'dhkswk96', 'junzed2', 'ghobashy445', 'xogus102929', 'graceml2', 'rsp79', 'gipes', 'cmoauro2', 'kendalhiatt', 'marshallfrye', 'foojorge', 'vandelei', 'xoangon', 'b.benson', 'giacomo.munari.1', 'ignaciomilani', 'toast', '123whdxor', 'zlapvmf', 'nakkulab', 'aloptor', 'jeandavid', 'lsj4677', 'petercp2', 'raymondzhou227', 'mmartinezsanchez', 'm0650104.ee06g', 'johnlanghout', 'lhc33820933', 'juansans98', 'jasperdeconinck', 'tnqls3409', 'bobbimatheson', 'sabintandukar', 'manuel10suarez10', 'spazos', 'bsusol2', 'martinzapatamartinez', 'matthewdailey', 'u0543041', 'macks', 'jesusgiraldez', 'myez', 'giacomo.bego', 'u1201859', 'ana.rmteo', 'immmin6677', 'dbister', 'dangover94', 'genius_p', 'isaac.dominguez4444', 'corozco', 'glevita2', 'dish1498', 'titanking231', 'marniesan', 'qottkf6194', 'wodnjssnsk12', 'juanjoseo', 'qwerty0637', 'nes1011', 'lidiadom', 'ghtlstnf7', 'eunice98k', 'k66773659', 'samuelfl', 'emt2', 'zaubin42', 'eserafimbortolazzo', 'franktib2', 'sallysong683', 'giung0227', 'cbnuleejinwoo', 'fofi94', 'axelbelgarde', 'declanb', 'cbo3', 'n3b3x', 'anamichelena', 'dale7283', 'nshamsi', 'cjsxodnd12', 'dnlek12', 'thddpwls257', 'danielm78', 'ardisch123', 'ybso1566', 'rygr8576', 'jedelkind0117', 'boody456366', 'exareivaj', 'antonio25', 'bha00001', 'zrm0001', 'jenniferperez1', 'pedro.julian', 'leesk4869', 'jiaolh', 'parkface94', 'cjs476', 'b.isenberg', 'blake.ballou08', 'msubullies1', 'sgu20151463', 'anstjd1542', 'hyerim100600', 'jrichman99', 'aht47', 'roychoudhuryaditya2019', 'caetano.eirea', 'u0360918', 'philg', 'mattmattmerrill', 'navya.k.shastri', 'yoonek6719', 'jakubpepas', 'dbeciri45', 'logankraus', 'u1121281', 'sukjunyeo', 'jaephago', 'qncowlf10', 'rbb0001', 'qumo4329', 'mauro_sg', 'idargu90', 'hancheyn', 'alw0039', 'yougyeongo', 'student1000', 'chvk4161', 'palzmq', 'mcdonald.josh', 'mitchell.shields99', 'lukebidulka', 'chohyundong12', 'pablocl', 'gcxmoffice1994', 'dorxlqmdkdlel', 'bw02203', 'itskatomall', 'ludovick', 'beper53', 'jlkirk', 'pichoncillo1', 'ohh99o9', 'dmeyer1998', 'htj1104', 'cicalesej', 'anais3', 'ophelie10', 'jdanivc', 'eogn1004', 'taylordavis678', 'u1285150', 'jboniuk98', 'matthewleemle2', 'hellbomber101', 'supernhtr', 'ryuhoin2002', 'e.pmcrespo', 'dldnals2020', 'marcospascualin', 'juho4523', 'sschneider874', 'qkslqksl951', 'danielcondetorres', 'tristram', 'pablosande98', 'mis5660', 'mtanzi', 'rohdej', 'kyserch', 'guillermocam', 'clara.landesa', 'nargene', 'byeolguri', 'aanupam3', 'rhrna007', 'aia00001', 'jhryu1994', 'chdu6864', 'lwang82', 'wjdekgus77', 'therahuul', 'sherwmit', 'ylanbdr', 'josig2011', 'dariushkim', 'kepco2020a', 'foghel96', 'yoojeong9925', 'tjtks4730', 'hayejord', 'naitix', 'suyoneee', 'tonni1912', 'bbatuhanbilecen', 'khfrum', 'jn12su27', 'piri940511', 'andreagcoto', 'gonserr', 'sumintnals', 'iagomillanentenza', 'adp5383', 'tpollei', 'latourem', 'hyerim1006000', 'adrianhochgesang', 'xoanmayo', 'ezsamsuntung', 'thomas.poulin', 'anstpdlffj3', 'reyda', 'martinperezmaneiro', 'tmdorsey', 'smdesrochers', 'shabnashreej', 'sportmonkey584', 'jonathan.balent', 'sooooooy314', 'abal2474', 'hjshook', 'francike', 'iflueck2', 'ekdms0894']",374,"['5dustkd', 'pietro1704', 'daniel.robin22', 'nerwin', 'yassminsabry', 'vetterd', 'andrea.oldham97', 'j170582', 'doog9601', 'g169127', 'rricardo0324', 'uxiavelca', 'b194658', 'mehdibandali', 'carlosvigo1997', 'yjn3492', 'l171941', 'daglis', 'bassel0elgharbawy0', 'h236651', 'y225901', 'rachel.blaydes', 'kirollos.morcos.km', 'chzh1341', 'kunge0054', 'jkruse', 'finnclements', 'miguel_fernandez', 'soddi1621', 'hs960531', 'estalin', 'antoramp', 'alberto4', 'dhkswk96', 'yalenanarvaez', 'ghobashy445', 'leyte', 'graceml2', 'gipes', 'gianluca.foti', 'camilahyfhgf', 'kendalhiatt', 'marshallfrye', 'foojorge', '123whdxor', 'davidhallo88', 'aloptor', 'thalesrogerio', 'lsj4677', 'johnlanghout', 'lhc33820933', 'juansans98', 'cauan_newton', 'jasperdeconinck', 'luizeduardoaraujozucchi', 'bobbimatheson', 'g171932', 'spazos', 'matthewdailey', 'u0543041', 'macks', 'giacomo.bego', 'myez', 'ana.rmteo', 'ppalves10', 'immmin6677', 'dangover94', 'corozco', 'v207054', 'glevita2', 'dish1498', 'titanking231', 'marniesan', 'qottkf6194', 'v225162', 'juanjoseo', 'znut', 'eunice98k', 'k66773659', 'emt2', 'zaubin42', 'eserafimbortolazzo', 'm156531', 'franktib2', 'cbnuleejinwoo', 'cbo3', 'nshamsi', 'r204993', 'cjsxodnd12', 'dnlek12', 'd169448', 'rygr8576', 'boody456366', 'cristiano.urban.slack', 'antonio25', 'bha00001', 'zrm0001', 'jenniferperez1', 'leesk4869', 'jiaolh', 'j199681', 'parkface94', 'd169649', 'anstjd1542', 'frerappa', 'msubullies1', 'hyerim100600', 'jrichman99', 'aht47', 'caetano.eirea', 'philg', 'mattmattmerrill', 'jakubpepas', 'yoonek6719', 'igorp.lopes', 'dbeciri45', 'u1121281', 'mauro_sg', 'qncowlf10', 'idargu90', 'yougyeongo', 'student1000', 'chvk4161', 'mitchell.shields99', 'chohyundong12', 'ludovick', 'gcxmoffice1994', 'itskatomall', 'jlkirk', 'sciecode', 'lostinsocorro', 'pichoncillo1', 'aaaaaaaa1', 'htj1104', 'w188684', 'd169774', 'anais3', 'ophelie10', 'eogn1004', 'matheusgmmendonca', 'hellbomber101', 'supernhtr', 'ryuhoin2002', 'e.pmcrespo', 'ecegeekece', 'marcospascualin', 'juho4523', 'danielcondetorres', 'pablosande98', 'mtanzi', 'kyserch', 'guillermocam', 'odeiofeec', 'aanupam3', 'jee304419', 'rhrna007', 'aia00001', 'lwang82', 'wjdekgus77', 'josig2011', 'dariushkim', 'kepco2020a', 'hayejord', 'tonni1912', 'tjtks4730', 'b167869', 'naitix', 'bbatuhanbilecen', 'khfrum', 'piri940511', 'gonserr', 'iagomillanentenza', 'adp5383', 'tpollei', 'ezsamsuntung', 'reyda', 'martinperezmaneiro', 'tmdorsey', 'smdesrochers', 'jonathan.balent', 'hjshook', 'l201332', 'francike', 'iflueck2', 'vmmartinez2811', 'dominguilherme', 'christian.konishi', 'josedamiangarcianoya', 'siyuezheng', 'emilioar', 'gabriel_dutra', 'thiagoms', 'a212269', 'larafalquetob', 'jmy0002', 'koakhyunji', 'mocha7411', 'socrat', 'alskdjfh6161', 'mertyamanoglu', 'ziyue2', 'gekco', 'g172185', 'v206586', 'kesu1234', 'ganaaa12a', 'lcnzg', 'juangalvez', 'isa.caroline930', 'g155646', 'm222059', 'coopjord', 'georgeckchen', 'joaoppagnan', 'c214570', 'josehenriquerecio', 'xogus102929', 'rachelgjohnson', 'ye02', 'junzed2', 'rsp79', 'cmoauro2', 'i217947', 'vandelei', 'xoangon', 'b.benson', 'giacomo.munari.1', 'ignaciomilani', 'toast', 'zlapvmf', 'nakkulab', 'f171043', 'lucask', 'gnsoares', 'jeandavid', 'juliombb', 'petercp2', 'raymondzhou227', 'mmartinezsanchez', 'm0650104.ee06g', 'tnqls3409', 'h174308', 'serodio', 'sabintandukar', 'manuel10suarez10', 'bsusol2', 'martinzapatamartinez', 'mathepionorio', 'jesusgiraldez', 'u1201859', 'palmirasara', 'dbister', 'genius_p', 'isaac.dominguez4444', 'wodnjssnsk12', 'gabriella', 'qwerty0637', 'nes1011', 'lidiadom', 'ghtlstnf7', 'samuelfl', 'sallysong683', 'giung0227', 'fofi94', 'declanb', 'axelbelgarde', 'n3b3x', 'anamichelena', 'dale7283', 'i175460', 'thddpwls257', 'danielm78', 'ardisch123', 'thiagolim42', 'oozaku', 'ybso1566', 'prafael18', 'jedelkind0117', 'exareivaj', 'i199092', 'davicarvalho', 'anaya.g2623', 'm175011', 'pedro.julian', 'juststopmenow', 'cjs476', 'b.isenberg', 'blake.ballou08', 'sgu20151463', 'roychoudhuryaditya2019', 'u0360918', 'evenysle', 'navya.k.shastri', 'g216116', 'logankraus', 'sukjunyeo', 'jaephago', 'rbb0001', 'qumo4329', 'j123765', 'hancheyn', 'alw0039', 'diogoteles08', 'palzmq', 'mcdonald.josh', 'lukebidulka', 'bw02203', 'r204952', 'pablocl', 'dorxlqmdkdlel', 'beper53', 'm222157', 'hrilina12', 'joe.stifler', 'ohh99o9', 'dmeyer1998', 'cicalesej', 'mathbulhoes', 'jdanivc', 'taylordavis678', 'u1285150', 'marcosdiaz', 'jboniuk98', 'matthewleemle2', 'dldnals2020', 'kie190507', 'heigon77', 'oozakudesu', 'maronato', 'mbatra310', 'joaopedro', 'magodocona', 'ramireguilherme', 'sschneider874', 'pengchenucla', 'qkslqksl951', 'i174932', 'tristram', 'mis5660', 'matsano', 'rohdej', 'byeolguri', 'clara.landesa', 'nargene', 'andreispurim', 'jhryu1994', 'chdu6864', 'therahuul', 'sherwmit', 'ylanbdr', 'foghel96', 'yoojeong9925', 'kadus27', 'suyoneee', 'mikesnure', 'jn12su27', 'andreagcoto', 'sumintnals', 'r186454', 'tanpeihan0511', 'adrianhochgesang', 'latourem', 'hyerim1006000', 'xoanmayo', 'fernandobrsales', 'thomas.poulin', 'anstpdlffj3', 'shabnashreej', 'g172497', 'sportmonkey584', 'sooooooy314', 'abal2474', 'xfiles', 'ekdms0894']"
8,212,105,113,96,"['vmmartinez2811', 'dominguilherme', 'christian.konishi', 'pietro1704', 'gabriel_dutra', 'j170582', 'g169127', 'thiagoms', 'a212269', 'b194658', 'larafalquetob', 'l171941', 'daglis', 'h236651', 'y225901', 'g172185', 'v206586', 'lcnzg', 'jkruse', 'juangalvez', 'isa.caroline930', 'g155646', 'm222059', 'joaoppagnan', 'c214570', 'josehenriquerecio', 'leyte', 'camilahyfhgf', 'i217947', 'f171043', 'lucask', 'gnsoares', 'thalesrogerio', 'juliombb', 'cauan_newton', 'h174308', 'luizeduardoaraujozucchi', 'serodio', 'g171932', 'mathepionorio', 'palmirasara', 'ppalves10', 'v207054', 'v225162', 'gabriella', 'm156531', 'r204993', 'i175460', 'd169448', 'thiagolim42', 'oozaku', 'prafael18', 'i199092', 'cristiano.urban.slack', 'davicarvalho', 'm175011', 'juststopmenow', 'j199681', 'd169649', 'frerappa', 'evenysle', 'g216116', 'igorp.lopes', 'j123765', 'diogoteles08', 'r204952', 'm222157', 'sciecode', 'hrilina12', 'joe.stifler', 'lostinsocorro', 'aaaaaaaa1', 'w188684', 'mathbulhoes', 'd169774', 'marcosdiaz', 'matheusgmmendonca', 'ecegeekece', 'heigon77', 'oozakudesu', 'maronato', 'mbatra310', 'joaopedro', 'magodocona', 'ramireguilherme', 'pengchenucla', 'i174932', 'matsano', 'odeiofeec', 'andreispurim', 'kadus27', 'b167869', 'r186454', 'fernandobrsales', 'g172497', 'l201332']",9,"['znut', 'yalenanarvaez', 'anaya.g2623', 'davidhallo88', 'mikesnure', 'gianluca.foti', 'jee304419', 'tanpeihan0511', 'kie190507']",17,"['ctjett', 'lwang82', 'ganassinandrea', 'acabellocano', 'gtzintzarov', 'fedeenav', 'luccassa', 'jasperdeconinck', 'drbburcham', 'zanoni', 'michael.breeding31', 'dtononi', 'pedro.julian', 'mbcoppag', 'bdniels1', 'jsimmon9', 'msueker']",122,"['vmmartinez2811', 'dominguilherme', 'christian.konishi', 'pietro1704', 'gabriel_dutra', 'j170582', 'g169127', 'thiagoms', 'a212269', 'b194658', 'larafalquetob', 'l171941', 'daglis', 'mbcoppag', 'h236651', 'y225901', 'g172185', 'v206586', 'lcnzg', 'jkruse', 'juangalvez', 'isa.caroline930', 'g155646', 'm222059', 'joaoppagnan', 'c214570', 'josehenriquerecio', 'yalenanarvaez', 'dtononi', 'leyte', 'gianluca.foti', 'camilahyfhgf', 'i217947', 'luccassa', 'f171043', 'lucask', 'michael.breeding31', 'davidhallo88', 'gnsoares', 'thalesrogerio', 'juliombb', 'cauan_newton', 'jasperdeconinck', 'h174308', 'luizeduardoaraujozucchi', 'serodio', 'g171932', 'bdniels1', 'mathepionorio', 'palmirasara', 'ppalves10', 'v207054', 'v225162', 'gabriella', 'znut', 'm156531', 'r204993', 'i175460', 'fedeenav', 'd169448', 'thiagolim42', 'oozaku', 'prafael18', 'i199092', 'cristiano.urban.slack', 'davicarvalho', 'anaya.g2623', 'm175011', 'pedro.julian', 'juststopmenow', 'msueker', 'j199681', 'd169649', 'frerappa', 'ganassinandrea', 'gtzintzarov', 'evenysle', 'g216116', 'igorp.lopes', 'j123765', 'diogoteles08', 'r204952', 'm222157', 'sciecode', 'hrilina12', 'lostinsocorro', 'joe.stifler', 'aaaaaaaa1', 'acabellocano', 'w188684', 'mathbulhoes', 'd169774', 'marcosdiaz', 'matheusgmmendonca', 'ecegeekece', 'jsimmon9', 'kie190507', 'heigon77', 'oozakudesu', 'maronato', 'mbatra310', 'joaopedro', 'magodocona', 'ramireguilherme', 'pengchenucla', 'i174932', 'matsano', 'odeiofeec', 'jee304419', 'ctjett', 'andreispurim', 'lwang82', 'kadus27', 'zanoni', 'b167869', 'mikesnure', 'r186454', 'tanpeihan0511', 'fernandobrsales', 'drbburcham', 'g172497', 'l201332']"
8,211,105,51,13,"['mbatra310', 'd169774', 'a212269', 'v206586', 'anaya.g2623', 'r204952', 'hrilina12', 'mikesnure', 'daglis', 'thalesrogerio', 'oozaku', 'ecegeekece', 'i217947']",92,"['vmmartinez2811', 'dominguilherme', 'christian.konishi', 'pietro1704', 'gabriel_dutra', 'j170582', 'g169127', 'thiagoms', 'b194658', 'larafalquetob', 'l171941', 'h236651', 'y225901', 'g172185', 'lcnzg', 'jkruse', 'juangalvez', 'isa.caroline930', 'g155646', 'm222059', 'joaoppagnan', 'c214570', 'josehenriquerecio', 'yalenanarvaez', 'leyte', 'gianluca.foti', 'camilahyfhgf', 'f171043', 'lucask', 'davidhallo88', 'gnsoares', 'juliombb', 'cauan_newton', 'h174308', 'luizeduardoaraujozucchi', 'serodio', 'g171932', 'mathepionorio', 'palmirasara', 'ppalves10', 'v207054', 'v225162', 'gabriella', 'znut', 'm156531', 'r204993', 'i175460', 'd169448', 'thiagolim42', 'prafael18', 'i199092', 'cristiano.urban.slack', 'davicarvalho', 'm175011', 'juststopmenow', 'j199681', 'd169649', 'frerappa', 'evenysle', 'g216116', 'igorp.lopes', 'j123765', 'diogoteles08', 'm222157', 'sciecode', 'lostinsocorro', 'joe.stifler', 'aaaaaaaa1', 'w188684', 'mathbulhoes', 'marcosdiaz', 'matheusgmmendonca', 'kie190507', 'heigon77', 'oozakudesu', 'maronato', 'joaopedro', 'ramireguilherme', 'magodocona', 'pengchenucla', 'i174932', 'matsano', 'odeiofeec', 'jee304419', 'andreispurim', 'kadus27', 'b167869', 'r186454', 'tanpeihan0511', 'fernandobrsales', 'g172497', 'l201332']",38,"['emilioar', 'fedeenav', 'tflong71', 'michael.breeding31', 'jboniuk98', 'profjanser', 'judgeofduty', 'petercp2', 'jte55', 'pedro.julian', 'ziyue2', 'aia00001', 'cjs476', 'mvp55', 'manolisc23', 'lwang82', 'blake.ballou08', 'macks', 'aht47', 'roychoudhuryaditya2019', 'ganaaa12a', 'mattmattmerrill', 'finnclements', 'rileymccarthy27', 'rbb0001', 'fredysanchez2', 'andrew2016', 'izumi98077', 'alw0039', 'rburkins1', 'fosbackta17', 'sjl328', 'npd54', 'e.sdavidm', 'rsp79', 'hjshook', 'ganassinandrea', 'nicaponti']",143,"['vmmartinez2811', 'dominguilherme', 'christian.konishi', 'emilioar', 'pietro1704', 'gabriel_dutra', 'j170582', 'profjanser', 'g169127', 'thiagoms', 'a212269', 'b194658', 'larafalquetob', 'l171941', 'daglis', 'ziyue2', 'h236651', 'y225901', 'g172185', 'v206586', 'ganaaa12a', 'lcnzg', 'jkruse', 'juangalvez', 'isa.caroline930', 'g155646', 'finnclements', 'm222059', 'joaoppagnan', 'c214570', 'josehenriquerecio', 'yalenanarvaez', 'fosbackta17', 'leyte', 'e.sdavidm', 'rsp79', 'gianluca.foti', 'camilahyfhgf', 'i217947', 'nicaponti', 'f171043', 'lucask', 'michael.breeding31', 'davidhallo88', 'gnsoares', 'thalesrogerio', 'juliombb', 'petercp2', 'cauan_newton', 'h174308', 'luizeduardoaraujozucchi', 'serodio', 'g171932', 'mathepionorio', 'macks', 'manolisc23', 'palmirasara', 'ppalves10', 'rileymccarthy27', 'v207054', 'v225162', 'fredysanchez2', 'gabriella', 'izumi98077', 'znut', 'm156531', 'r204993', 'i175460', 'fedeenav', 'd169448', 'thiagolim42', 'oozaku', 'prafael18', 'judgeofduty', 'i199092', 'cristiano.urban.slack', 'davicarvalho', 'anaya.g2623', 'm175011', 'pedro.julian', 'juststopmenow', 'j199681', 'cjs476', 'd169649', 'mvp55', 'frerappa', 'blake.ballou08', 'ganassinandrea', 'aht47', 'roychoudhuryaditya2019', 'evenysle', 'mattmattmerrill', 'g216116', 'igorp.lopes', 'rbb0001', 'j123765', 'alw0039', 'rburkins1', 'diogoteles08', 'sjl328', 'r204952', 'npd54', 'm222157', 'sciecode', 'hrilina12', 'lostinsocorro', 'joe.stifler', 'aaaaaaaa1', 'w188684', 'mathbulhoes', 'd169774', 'tflong71', 'marcosdiaz', 'matheusgmmendonca', 'jboniuk98', 'ecegeekece', 'kie190507', 'heigon77', 'oozakudesu', 'maronato', 'mbatra310', 'joaopedro', 'magodocona', 'ramireguilherme', 'jte55', 'pengchenucla', 'i174932', 'matsano', 'odeiofeec', 'jee304419', 'andreispurim', 'aia00001', 'lwang82', 'kadus27', 'b167869', 'mikesnure', 'r186454', 'tanpeihan0511', 'andrew2016', 'fernandobrsales', 'g172497', 'hjshook', 'l201332']"
8,193,105,37,35,"['mathbulhoes', 'w188684', 'd169774', 'i175460', 'matheusgmmendonca', 'thiagolim42', 'gabriel_dutra', 'oozaku', 'juliombb', 'heigon77', 'joaopedro', 'oozakudesu', 'g169127', 'i199092', 'h174308', 'm175011', 'odeiofeec', 'j199681', 'y225901', 'mathepionorio', 'd169649', 'g172185', 'frerappa', 'b167869', 'igorp.lopes', 'v207054', 'aaaaaaaa1', 'joaoppagnan', 'j123765', 'josehenriquerecio', 'diogoteles08', 'g172497', 'm222157', 'joe.stifler', 'i217947']",70,"['vmmartinez2811', 'dominguilherme', 'christian.konishi', 'r204993', 'pietro1704', 'd169448', 'f171043', 'lucask', 'marcosdiaz', 'davidhallo88', 'gnsoares', 'j170582', 'thalesrogerio', 'ecegeekece', 'prafael18', 'kie190507', 'maronato', 'thiagoms', 'mbatra310', 'ramireguilherme', 'a212269', 'magodocona', 'pengchenucla', 'b194658', 'cauan_newton', 'larafalquetob', 'cristiano.urban.slack', 'davicarvalho', 'anaya.g2623', 'l171941', 'i174932', 'matsano', 'daglis', 'luizeduardoaraujozucchi', 'serodio', 'g171932', 'juststopmenow', 'jee304419', 'h236651', 'andreispurim', 'palmirasara', 'v206586', 'ppalves10', 'lcnzg', 'jkruse', 'juangalvez', 'isa.caroline930', 'g155646', 'evenysle', 'g216116', 'm222059', 'kadus27', 'mikesnure', 'v225162', 'r186454', 'tanpeihan0511', 'gabriella', 'c214570', 'fernandobrsales', 'znut', 'yalenanarvaez', 'r204952', 'leyte', 'hrilina12', 'gianluca.foti', 'm156531', 'camilahyfhgf', 'sciecode', 'lostinsocorro', 'l201332']",2,"['voltafruett', 'desbasj001']",107,"['vmmartinez2811', 'dominguilherme', 'christian.konishi', 'r204993', 'i175460', 'pietro1704', 'd169448', 'thiagolim42', 'gabriel_dutra', 'j170582', 'oozaku', 'prafael18', 'g169127', 'thiagoms', 'a212269', 'desbasj001', 'i199092', 'b194658', 'cristiano.urban.slack', 'larafalquetob', 'davicarvalho', 'anaya.g2623', 'l171941', 'm175011', 'daglis', 'juststopmenow', 'h236651', 'j199681', 'y225901', 'd169649', 'g172185', 'frerappa', 'v206586', 'lcnzg', 'jkruse', 'juangalvez', 'isa.caroline930', 'g155646', 'evenysle', 'g216116', 'm222059', 'igorp.lopes', 'joaoppagnan', 'c214570', 'josehenriquerecio', 'j123765', 'diogoteles08', 'yalenanarvaez', 'r204952', 'leyte', 'gianluca.foti', 'm222157', 'camilahyfhgf', 'sciecode', 'hrilina12', 'lostinsocorro', 'i217947', 'joe.stifler', 'aaaaaaaa1', 'w188684', 'mathbulhoes', 'd169774', 'voltafruett', 'f171043', 'lucask', 'marcosdiaz', 'davidhallo88', 'matheusgmmendonca', 'gnsoares', 'thalesrogerio', 'juliombb', 'ecegeekece', 'kie190507', 'heigon77', 'oozakudesu', 'maronato', 'mbatra310', 'joaopedro', 'magodocona', 'ramireguilherme', 'pengchenucla', 'cauan_newton', 'i174932', 'matsano', 'h174308', 'odeiofeec', 'luizeduardoaraujozucchi', 'serodio', 'g171932', 'jee304419', 'andreispurim', 'mathepionorio', 'palmirasara', 'ppalves10', 'kadus27', 'b167869', 'mikesnure', 'v207054', 'v225162', 'r186454', 'tanpeihan0511', 'gabriella', 'fernandobrsales', 'znut', 'g172497', 'm156531', 'l201332']"
8,194,105,24,22,"['w188684', 'vmmartinez2811', 'dominguilherme', 'christian.konishi', 'r204993', 'pietro1704', 'f171043', 'juliombb', 'g169127', 'thiagoms', 'maronato', 'a212269', 'cauan_newton', 'matsano', 'palmirasara', 'v206586', 'ppalves10', 'm222059', 'c214570', 'r204952', 'sciecode', 'l201332']",83,"['i175460', 'd169448', 'thiagolim42', 'gabriel_dutra', 'j170582', 'oozaku', 'prafael18', 'i199092', 'b194658', 'cristiano.urban.slack', 'larafalquetob', 'davicarvalho', 'anaya.g2623', 'l171941', 'm175011', 'daglis', 'juststopmenow', 'h236651', 'j199681', 'y225901', 'd169649', 'g172185', 'frerappa', 'lcnzg', 'jkruse', 'juangalvez', 'isa.caroline930', 'g155646', 'evenysle', 'g216116', 'igorp.lopes', 'joaoppagnan', 'josehenriquerecio', 'j123765', 'diogoteles08', 'yalenanarvaez', 'leyte', 'gianluca.foti', 'm222157', 'camilahyfhgf', 'hrilina12', 'lostinsocorro', 'i217947', 'joe.stifler', 'aaaaaaaa1', 'mathbulhoes', 'd169774', 'lucask', 'marcosdiaz', 'davidhallo88', 'matheusgmmendonca', 'gnsoares', 'thalesrogerio', 'ecegeekece', 'kie190507', 'heigon77', 'oozakudesu', 'mbatra310', 'joaopedro', 'magodocona', 'ramireguilherme', 'pengchenucla', 'i174932', 'h174308', 'odeiofeec', 'luizeduardoaraujozucchi', 'serodio', 'g171932', 'jee304419', 'andreispurim', 'mathepionorio', 'kadus27', 'b167869', 'mikesnure', 'v207054', 'v225162', 'r186454', 'tanpeihan0511', 'gabriella', 'fernandobrsales', 'znut', 'g172497', 'm156531']",2,"['well33488', 'rodolfopoloniandrietta']",107,"['vmmartinez2811', 'dominguilherme', 'christian.konishi', 'r204993', 'i175460', 'pietro1704', 'd169448', 'thiagolim42', 'gabriel_dutra', 'j170582', 'oozaku', 'prafael18', 'g169127', 'thiagoms', 'a212269', 'i199092', 'b194658', 'cristiano.urban.slack', 'larafalquetob', 'davicarvalho', 'anaya.g2623', 'l171941', 'm175011', 'daglis', 'juststopmenow', 'h236651', 'j199681', 'y225901', 'd169649', 'g172185', 'frerappa', 'v206586', 'lcnzg', 'jkruse', 'juangalvez', 'isa.caroline930', 'g155646', 'evenysle', 'g216116', 'm222059', 'igorp.lopes', 'joaoppagnan', 'c214570', 'josehenriquerecio', 'j123765', 'diogoteles08', 'yalenanarvaez', 'r204952', 'rodolfopoloniandrietta', 'leyte', 'gianluca.foti', 'm222157', 'camilahyfhgf', 'sciecode', 'hrilina12', 'lostinsocorro', 'i217947', 'joe.stifler', 'aaaaaaaa1', 'w188684', 'mathbulhoes', 'd169774', 'f171043', 'lucask', 'marcosdiaz', 'davidhallo88', 'matheusgmmendonca', 'gnsoares', 'thalesrogerio', 'juliombb', 'ecegeekece', 'kie190507', 'heigon77', 'oozakudesu', 'maronato', 'mbatra310', 'joaopedro', 'magodocona', 'ramireguilherme', 'pengchenucla', 'cauan_newton', 'i174932', 'matsano', 'h174308', 'odeiofeec', 'luizeduardoaraujozucchi', 'serodio', 'g171932', 'jee304419', 'andreispurim', 'mathepionorio', 'palmirasara', 'ppalves10', 'kadus27', 'b167869', 'mikesnure', 'v207054', 'v225162', 'r186454', 'tanpeihan0511', 'gabriella', 'fernandobrsales', 'znut', 'well33488', 'g172497', 'm156531', 'l201332']"
8,213,105,24,1,['kie190507'],104,"['vmmartinez2811', 'dominguilherme', 'christian.konishi', 'r204993', 'i175460', 'pietro1704', 'd169448', 'thiagolim42', 'gabriel_dutra', 'j170582', 'oozaku', 'prafael18', 'g169127', 'thiagoms', 'a212269', 'i199092', 'b194658', 'cristiano.urban.slack', 'larafalquetob', 'davicarvalho', 'anaya.g2623', 'l171941', 'm175011', 'daglis', 'juststopmenow', 'h236651', 'j199681', 'y225901', 'd169649', 'g172185', 'frerappa', 'v206586', 'lcnzg', 'jkruse', 'juangalvez', 'isa.caroline930', 'g155646', 'evenysle', 'g216116', 'm222059', 'igorp.lopes', 'joaoppagnan', 'c214570', 'josehenriquerecio', 'j123765', 'diogoteles08', 'yalenanarvaez', 'r204952', 'leyte', 'gianluca.foti', 'm222157', 'camilahyfhgf', 'sciecode', 'hrilina12', 'lostinsocorro', 'i217947', 'joe.stifler', 'aaaaaaaa1', 'w188684', 'mathbulhoes', 'd169774', 'f171043', 'lucask', 'marcosdiaz', 'davidhallo88', 'matheusgmmendonca', 'gnsoares', 'thalesrogerio', 'juliombb', 'ecegeekece', 'heigon77', 'oozakudesu', 'maronato', 'mbatra310', 'joaopedro', 'magodocona', 'ramireguilherme', 'pengchenucla', 'cauan_newton', 'i174932', 'matsano', 'h174308', 'odeiofeec', 'luizeduardoaraujozucchi', 'serodio', 'g171932', 'jee304419', 'andreispurim', 'mathepionorio', 'palmirasara', 'ppalves10', 'kadus27', 'b167869', 'mikesnure', 'v207054', 'v225162', 'r186454', 'tanpeihan0511', 'gabriella', 'fernandobrsales', 'znut', 'g172497', 'm156531', 'l201332']",23,"['ridhwan', 'tharshini.balakrishnan', 'conanloke', 'tanhongjian', 'kie190016', 'm.aliffhaikal', 'zhixian293', 'balquis', 'niksyahmiadlibinabdulhalim', 'aliffshafiq63', 'kie190064', 'beh1017', 'doubledotp', 'hui_ting0111', 'wongzhiyong13', 'cassielim99', 'cheah', 'sharifah_fatmadiana', 'kie190027', 'aidaaqilah', 'aimansanusi20', 'abudegracia', 'kie190019']",128,"['vmmartinez2811', 'dominguilherme', 'christian.konishi', 'r204993', 'i175460', 'pietro1704', 'd169448', 'thiagolim42', 'gabriel_dutra', 'j170582', 'oozaku', 'prafael18', 'conanloke', 'g169127', 'thiagoms', 'a212269', 'i199092', 'b194658', 'cristiano.urban.slack', 'larafalquetob', 'davicarvalho', 'kie190016', 'anaya.g2623', 'l171941', 'm175011', 'daglis', 'juststopmenow', 'h236651', 'j199681', 'y225901', 'd169649', 'g172185', 'frerappa', 'kie190064', 'v206586', 'lcnzg', 'jkruse', 'juangalvez', 'isa.caroline930', 'g155646', 'evenysle', 'g216116', 'm222059', 'igorp.lopes', 'wongzhiyong13', 'cassielim99', 'cheah', 'joaoppagnan', 'c214570', 'josehenriquerecio', 'j123765', 'sharifah_fatmadiana', 'diogoteles08', 'yalenanarvaez', 'kie190027', 'aidaaqilah', 'r204952', 'leyte', 'gianluca.foti', 'm222157', 'camilahyfhgf', 'sciecode', 'hrilina12', 'lostinsocorro', 'i217947', 'joe.stifler', 'aaaaaaaa1', 'kie190019', 'w188684', 'mathbulhoes', 'd169774', 'ridhwan', 'tharshini.balakrishnan', 'f171043', 'lucask', 'marcosdiaz', 'davidhallo88', 'matheusgmmendonca', 'gnsoares', 'thalesrogerio', 'juliombb', 'ecegeekece', 'kie190507', 'heigon77', 'oozakudesu', 'maronato', 'mbatra310', 'joaopedro', 'magodocona', 'ramireguilherme', 'tanhongjian', 'pengchenucla', 'cauan_newton', 'i174932', 'matsano', 'm.aliffhaikal', 'h174308', 'odeiofeec', 'luizeduardoaraujozucchi', 'serodio', 'g171932', 'jee304419', 'zhixian293', 'balquis', 'andreispurim', 'mathepionorio', 'niksyahmiadlibinabdulhalim', 'aliffshafiq63', 'beh1017', 'palmirasara', 'ppalves10', 'kadus27', 'b167869', 'mikesnure', 'v207054', 'doubledotp', 'hui_ting0111', 'v225162', 'r186454', 'tanpeihan0511', 'gabriella', 'fernandobrsales', 'znut', 'aimansanusi20', 'abudegracia', 'g172497', 'm156531', 'l201332']"
8,195,105,11,11,"['diogoteles08', 'i199092', 'isa.caroline930', 'mathepionorio', 'l171941', 'gabriel_dutra', 'juststopmenow', 'm156531', 'j199681', 'd169649', 'josehenriquerecio']",94,"['vmmartinez2811', 'dominguilherme', 'christian.konishi', 'r204993', 'i175460', 'pietro1704', 'd169448', 'thiagolim42', 'j170582', 'oozaku', 'prafael18', 'g169127', 'thiagoms', 'a212269', 'b194658', 'cristiano.urban.slack', 'larafalquetob', 'davicarvalho', 'anaya.g2623', 'm175011', 'daglis', 'h236651', 'y225901', 'g172185', 'frerappa', 'v206586', 'lcnzg', 'jkruse', 'juangalvez', 'g155646', 'evenysle', 'g216116', 'm222059', 'igorp.lopes', 'joaoppagnan', 'c214570', 'j123765', 'yalenanarvaez', 'r204952', 'leyte', 'gianluca.foti', 'm222157', 'camilahyfhgf', 'sciecode', 'hrilina12', 'lostinsocorro', 'i217947', 'joe.stifler', 'aaaaaaaa1', 'w188684', 'mathbulhoes', 'd169774', 'f171043', 'lucask', 'marcosdiaz', 'davidhallo88', 'matheusgmmendonca', 'gnsoares', 'thalesrogerio', 'juliombb', 'ecegeekece', 'kie190507', 'heigon77', 'oozakudesu', 'maronato', 'mbatra310', 'joaopedro', 'magodocona', 'ramireguilherme', 'pengchenucla', 'cauan_newton', 'i174932', 'matsano', 'h174308', 'odeiofeec', 'luizeduardoaraujozucchi', 'serodio', 'g171932', 'jee304419', 'andreispurim', 'palmirasara', 'ppalves10', 'kadus27', 'b167869', 'mikesnure', 'v207054', 'v225162', 'r186454', 'tanpeihan0511', 'gabriella', 'fernandobrsales', 'znut', 'g172497', 'l201332']",0,[],105,"['vmmartinez2811', 'dominguilherme', 'christian.konishi', 'r204993', 'i175460', 'pietro1704', 'd169448', 'thiagolim42', 'gabriel_dutra', 'j170582', 'oozaku', 'prafael18', 'g169127', 'thiagoms', 'a212269', 'i199092', 'b194658', 'cristiano.urban.slack', 'larafalquetob', 'davicarvalho', 'anaya.g2623', 'l171941', 'm175011', 'daglis', 'juststopmenow', 'h236651', 'j199681', 'y225901', 'd169649', 'g172185', 'frerappa', 'v206586', 'lcnzg', 'jkruse', 'juangalvez', 'isa.caroline930', 'g155646', 'evenysle', 'g216116', 'm222059', 'igorp.lopes', 'joaoppagnan', 'c214570', 'josehenriquerecio', 'j123765', 'diogoteles08', 'yalenanarvaez', 'r204952', 'leyte', 'gianluca.foti', 'm222157', 'camilahyfhgf', 'sciecode', 'hrilina12', 'lostinsocorro', 'i217947', 'joe.stifler', 'aaaaaaaa1', 'w188684', 'mathbulhoes', 'd169774', 'f171043', 'lucask', 'marcosdiaz', 'davidhallo88', 'matheusgmmendonca', 'gnsoares', 'thalesrogerio', 'juliombb', 'ecegeekece', 'kie190507', 'heigon77', 'oozakudesu', 'maronato', 'mbatra310', 'joaopedro', 'magodocona', 'ramireguilherme', 'pengchenucla', 'cauan_newton', 'i174932', 'matsano', 'h174308', 'odeiofeec', 'luizeduardoaraujozucchi', 'serodio', 'g171932', 'jee304419', 'andreispurim', 'mathepionorio', 'palmirasara', 'ppalves10', 'kadus27', 'b167869', 'mikesnure', 'v207054', 'v225162', 'r186454', 'tanpeihan0511', 'gabriella', 'fernandobrsales', 'znut', 'g172497', 'm156531', 'l201332']"
8,196,105,8,6,"['ramireguilherme', 'juangalvez', 'marcosdiaz', 'matheusgmmendonca', 'luizeduardoaraujozucchi', 'serodio']",99,"['vmmartinez2811', 'dominguilherme', 'christian.konishi', 'r204993', 'i175460', 'pietro1704', 'd169448', 'thiagolim42', 'gabriel_dutra', 'j170582', 'oozaku', 'prafael18', 'g169127', 'thiagoms', 'a212269', 'i199092', 'b194658', 'cristiano.urban.slack', 'larafalquetob', 'davicarvalho', 'anaya.g2623', 'l171941', 'm175011', 'daglis', 'juststopmenow', 'h236651', 'j199681', 'y225901', 'd169649', 'g172185', 'frerappa', 'v206586', 'lcnzg', 'jkruse', 'isa.caroline930', 'g155646', 'evenysle', 'g216116', 'm222059', 'igorp.lopes', 'joaoppagnan', 'c214570', 'josehenriquerecio', 'j123765', 'diogoteles08', 'yalenanarvaez', 'r204952', 'leyte', 'gianluca.foti', 'm222157', 'camilahyfhgf', 'sciecode', 'hrilina12', 'lostinsocorro', 'i217947', 'joe.stifler', 'aaaaaaaa1', 'w188684', 'mathbulhoes', 'd169774', 'f171043', 'lucask', 'davidhallo88', 'gnsoares', 'thalesrogerio', 'juliombb', 'ecegeekece', 'kie190507', 'heigon77', 'oozakudesu', 'maronato', 'mbatra310', 'joaopedro', 'magodocona', 'pengchenucla', 'cauan_newton', 'i174932', 'matsano', 'h174308', 'odeiofeec', 'g171932', 'jee304419', 'andreispurim', 'mathepionorio', 'palmirasara', 'ppalves10', 'kadus27', 'b167869', 'mikesnure', 'v207054', 'v225162', 'r186454', 'tanpeihan0511', 'gabriella', 'fernandobrsales', 'znut', 'g172497', 'm156531', 'l201332']",2,"['t206043', 'a190710']",107,"['vmmartinez2811', 'dominguilherme', 'christian.konishi', 'r204993', 'i175460', 'pietro1704', 'd169448', 'thiagolim42', 'gabriel_dutra', 'j170582', 'oozaku', 'prafael18', 'g169127', 'thiagoms', 'a212269', 'i199092', 'b194658', 'cristiano.urban.slack', 'larafalquetob', 'davicarvalho', 't206043', 'anaya.g2623', 'l171941', 'm175011', 'daglis', 'juststopmenow', 'a190710', 'h236651', 'j199681', 'y225901', 'd169649', 'g172185', 'frerappa', 'v206586', 'lcnzg', 'jkruse', 'juangalvez', 'isa.caroline930', 'g155646', 'evenysle', 'g216116', 'm222059', 'igorp.lopes', 'joaoppagnan', 'c214570', 'josehenriquerecio', 'j123765', 'diogoteles08', 'yalenanarvaez', 'r204952', 'leyte', 'gianluca.foti', 'm222157', 'camilahyfhgf', 'sciecode', 'hrilina12', 'lostinsocorro', 'i217947', 'joe.stifler', 'aaaaaaaa1', 'w188684', 'mathbulhoes', 'd169774', 'f171043', 'lucask', 'marcosdiaz', 'davidhallo88', 'matheusgmmendonca', 'gnsoares', 'thalesrogerio', 'juliombb', 'ecegeekece', 'kie190507', 'heigon77', 'oozakudesu', 'maronato', 'mbatra310', 'joaopedro', 'magodocona', 'ramireguilherme', 'pengchenucla', 'cauan_newton', 'i174932', 'matsano', 'h174308', 'odeiofeec', 'luizeduardoaraujozucchi', 'serodio', 'g171932', 'jee304419', 'andreispurim', 'mathepionorio', 'palmirasara', 'ppalves10', 'kadus27', 'b167869', 'mikesnure', 'v207054', 'v225162', 'r186454', 'tanpeihan0511', 'gabriella', 'fernandobrsales', 'znut', 'g172497', 'm156531', 'l201332']"
8,214,105,8,6,"['pengchenucla', 'yalenanarvaez', 'davidhallo88', 'gianluca.foti', 'tanpeihan0511', 'kie190507']",99,"['vmmartinez2811', 'dominguilherme', 'christian.konishi', 'r204993', 'i175460', 'pietro1704', 'd169448', 'thiagolim42', 'gabriel_dutra', 'j170582', 'oozaku', 'prafael18', 'g169127', 'thiagoms', 'a212269', 'i199092', 'b194658', 'cristiano.urban.slack', 'larafalquetob', 'davicarvalho', 'anaya.g2623', 'l171941', 'm175011', 'daglis', 'juststopmenow', 'h236651', 'j199681', 'y225901', 'd169649', 'g172185', 'frerappa', 'v206586', 'lcnzg', 'jkruse', 'juangalvez', 'isa.caroline930', 'g155646', 'evenysle', 'g216116', 'm222059', 'igorp.lopes', 'joaoppagnan', 'c214570', 'josehenriquerecio', 'j123765', 'diogoteles08', 'r204952', 'leyte', 'm222157', 'camilahyfhgf', 'sciecode', 'hrilina12', 'lostinsocorro', 'i217947', 'joe.stifler', 'aaaaaaaa1', 'w188684', 'mathbulhoes', 'd169774', 'f171043', 'lucask', 'marcosdiaz', 'matheusgmmendonca', 'gnsoares', 'thalesrogerio', 'juliombb', 'ecegeekece', 'heigon77', 'oozakudesu', 'maronato', 'mbatra310', 'joaopedro', 'magodocona', 'ramireguilherme', 'cauan_newton', 'i174932', 'matsano', 'h174308', 'odeiofeec', 'luizeduardoaraujozucchi', 'serodio', 'g171932', 'jee304419', 'andreispurim', 'mathepionorio', 'palmirasara', 'ppalves10', 'kadus27', 'b167869', 'mikesnure', 'v207054', 'v225162', 'r186454', 'gabriella', 'fernandobrsales', 'znut', 'g172497', 'm156531', 'l201332']",2,"['drbburcham', 'sharifah_fatmadiana']",107,"['vmmartinez2811', 'dominguilherme', 'christian.konishi', 'r204993', 'i175460', 'pietro1704', 'd169448', 'thiagolim42', 'gabriel_dutra', 'j170582', 'oozaku', 'prafael18', 'g169127', 'thiagoms', 'a212269', 'i199092', 'b194658', 'cristiano.urban.slack', 'larafalquetob', 'davicarvalho', 'anaya.g2623', 'l171941', 'm175011', 'daglis', 'juststopmenow', 'h236651', 'j199681', 'y225901', 'd169649', 'g172185', 'frerappa', 'v206586', 'lcnzg', 'jkruse', 'juangalvez', 'isa.caroline930', 'g155646', 'evenysle', 'g216116', 'm222059', 'igorp.lopes', 'joaoppagnan', 'c214570', 'josehenriquerecio', 'j123765', 'sharifah_fatmadiana', 'diogoteles08', 'yalenanarvaez', 'r204952', 'leyte', 'gianluca.foti', 'm222157', 'camilahyfhgf', 'sciecode', 'hrilina12', 'lostinsocorro', 'i217947', 'joe.stifler', 'aaaaaaaa1', 'w188684', 'mathbulhoes', 'd169774', 'f171043', 'lucask', 'marcosdiaz', 'davidhallo88', 'matheusgmmendonca', 'gnsoares', 'thalesrogerio', 'juliombb', 'ecegeekece', 'kie190507', 'heigon77', 'oozakudesu', 'maronato', 'mbatra310', 'joaopedro', 'magodocona', 'ramireguilherme', 'pengchenucla', 'cauan_newton', 'i174932', 'matsano', 'h174308', 'odeiofeec', 'luizeduardoaraujozucchi', 'serodio', 'g171932', 'jee304419', 'andreispurim', 'mathepionorio', 'palmirasara', 'ppalves10', 'kadus27', 'b167869', 'mikesnure', 'v207054', 'v225162', 'r186454', 'tanpeihan0511', 'gabriella', 'fernandobrsales', 'znut', 'drbburcham', 'g172497', 'm156531', 'l201332']"
9,64,95,37,31,"['kstrin01', 'nkondrath', 'owenward', 'sebastianczaja7', 'bbode', 'jkuchler', 'smutkus', 'cpuc', 'tylereaslick', 'michael.davidshofer', 'rogunjimi', 'wschaff1', 'mrossign', 'renato.maritato', 'jhalsey3', 'pjhennessey24', 'gzimmer', 'hdawes', 'cesarnr21', 'jgiganti', 'kpastirk', 'mquinan1', 'cscaring', 'gdavis12', 'cjohns85', 'ryanhaack04', 'agarci33', 'mclark47', 'kdelawde', 'obohorqu', 'jcieslik']",64,"['sgu20131429', 'jone1429', 'brioschima', 'rrayarot', 'tolerl', 'archboldalan', 'isaskey', 'brace1', 'ellingtj', 'selkin', 'yousifalayoub', 'adeel_ali', 'zhangruichao2000', 'biomed1998', 'dobos', 'norbittron88', 'levy27', 'chutoratarac', 'eponsdel', 'lakaiola1128', 'jimmievsalazar', 'ander568', 'numsontechno', 'ezthunder001', 'yingningfan', 'parryc', 'jack.cieslik', 'lalshawi', 'neha3007', 'cpkaschalk', 'jinalkapadia29', 'noh12', 'gkao', 'arunkhanna00', 'scottkenning3', 'ray41705', 'smourtza', 'john2381', 'bmirvish', 'stubbsj15', 'andreaaddison91', 'cdeppen', 'jingxinwang8', 'arambhi2510', 'doannguyen.1', 'sasha9', 'jonescw79', 'benbcasler', 'kimura', 'reasato', 'jahnaviak.11', 'jfcorrigan', 'shreyadevkar12', 'anuradha.saxena.work', 'mittman.eric', 'shivamkundan1', 'yuminghym', 'acemagna', 'liueddyxinlue', 'hsymond', 'federico.frezza96', '649899757b', 'gutman', 'mmerchs11']",6,"['mgallagher3712', 'pdethlef', 'nconkli1', 'brutongaster', 'jpauls1', 'augustusbonacci55']",101,"['sgu20131429', 'kstrin01', 'jone1429', 'brioschima', 'pdethlef', 'owenward', 'archboldalan', 'jkuchler', 'selkin', 'cpuc', 'adeel_ali', 'zhangruichao2000', 'rogunjimi', 'biomed1998', 'tylereaslick', 'dobos', 'mrossign', 'renato.maritato', 'norbittron88', 'pjhennessey24', 'gzimmer', 'ander568', 'numsontechno', 'ezthunder001', 'yingningfan', 'brutongaster', 'lalshawi', 'hdawes', 'jinalkapadia29', 'gkao', 'jgiganti', 'ray41705', 'bmirvish', 'cscaring', 'andreaaddison91', 'cdeppen', 'jingxinwang8', 'cjohns85', 'gdavis12', 'arambhi2510', 'jonescw79', 'benbcasler', 'mgallagher3712', 'jahnaviak.11', 'shreyadevkar12', 'nconkli1', 'acemagna', 'liueddyxinlue', 'hsymond', 'jcieslik', 'rrayarot', 'nkondrath', 'tolerl', 'sebastianczaja7', 'bbode', 'isaskey', 'brace1', 'smutkus', 'jpauls1', 'ellingtj', 'yousifalayoub', 'michael.davidshofer', 'augustusbonacci55', 'wschaff1', 'levy27', 'chutoratarac', 'eponsdel', 'lakaiola1128', 'jhalsey3', 'jimmievsalazar', 'parryc', 'jack.cieslik', 'neha3007', 'cpkaschalk', 'cesarnr21', 'noh12', 'arunkhanna00', 'scottkenning3', 'kpastirk', 'mquinan1', 'smourtza', 'john2381', 'stubbsj15', 'doannguyen.1', 'sasha9', 'kimura', 'reasato', 'jfcorrigan', 'anuradha.saxena.work', 'ryanhaack04', 'mittman.eric', 'agarci33', 'shivamkundan1', 'yuminghym', 'mclark47', 'federico.frezza96', '649899757b', 'kdelawde', 'gutman', 'mmerchs11', 'obohorqu']"
9,65,95,30,21,"['jone1429', 'selkin', 'dobos', 'zhangruichao2000', 'levy27', 'eponsdel', 'ander568', 'yingningfan', 'noh12', 'gkao', 'scottkenning3', 'bmirvish', 'stubbsj15', 'cdeppen', 'jingxinwang8', 'jonescw79', 'kimura', 'yuminghym', 'liueddyxinlue', 'hsymond', 'gutman']",74,"['sgu20131429', 'kstrin01', 'brioschima', 'rrayarot', 'nkondrath', 'tolerl', 'owenward', 'sebastianczaja7', 'bbode', 'archboldalan', 'jkuchler', 'isaskey', 'brace1', 'smutkus', 'ellingtj', 'cpuc', 'yousifalayoub', 'adeel_ali', 'michael.davidshofer', 'biomed1998', 'rogunjimi', 'wschaff1', 'tylereaslick', 'mrossign', 'renato.maritato', 'norbittron88', 'chutoratarac', 'lakaiola1128', 'pjhennessey24', 'jhalsey3', 'jimmievsalazar', 'gzimmer', 'numsontechno', 'ezthunder001', 'parryc', 'jack.cieslik', 'lalshawi', 'neha3007', 'hdawes', 'cpkaschalk', 'cesarnr21', 'jinalkapadia29', 'arunkhanna00', 'jgiganti', 'ray41705', 'mquinan1', 'kpastirk', 'smourtza', 'cscaring', 'john2381', 'andreaaddison91', 'cjohns85', 'gdavis12', 'arambhi2510', 'doannguyen.1', 'sasha9', 'benbcasler', 'reasato', 'jahnaviak.11', 'jfcorrigan', 'shreyadevkar12', 'anuradha.saxena.work', 'ryanhaack04', 'agarci33', 'mittman.eric', 'shivamkundan1', 'acemagna', 'mclark47', 'federico.frezza96', '649899757b', 'kdelawde', 'mmerchs11', 'obohorqu', 'jcieslik']",9,"['bullock8', 'gupta393', 'awoodwa', 'son27', 'dragoneye', 'lauerc', 'richtern', 'bamorim', 'rollere']",104,"['bullock8', 'sgu20131429', 'kstrin01', 'jone1429', 'brioschima', 'owenward', 'archboldalan', 'jkuchler', 'selkin', 'cpuc', 'adeel_ali', 'zhangruichao2000', 'rogunjimi', 'biomed1998', 'tylereaslick', 'dobos', 'mrossign', 'renato.maritato', 'norbittron88', 'pjhennessey24', 'gzimmer', 'ander568', 'numsontechno', 'ezthunder001', 'yingningfan', 'lalshawi', 'hdawes', 'jinalkapadia29', 'bamorim', 'gkao', 'jgiganti', 'ray41705', 'bmirvish', 'cscaring', 'andreaaddison91', 'cdeppen', 'jingxinwang8', 'cjohns85', 'gdavis12', 'arambhi2510', 'lauerc', 'rollere', 'jonescw79', 'benbcasler', 'jahnaviak.11', 'shreyadevkar12', 'acemagna', 'liueddyxinlue', 'hsymond', 'richtern', 'jcieslik', 'gupta393', 'rrayarot', 'nkondrath', 'tolerl', 'sebastianczaja7', 'bbode', 'isaskey', 'brace1', 'smutkus', 'ellingtj', 'yousifalayoub', 'michael.davidshofer', 'wschaff1', 'levy27', 'chutoratarac', 'eponsdel', 'lakaiola1128', 'jhalsey3', 'jimmievsalazar', 'parryc', 'jack.cieslik', 'neha3007', 'dragoneye', 'cpkaschalk', 'cesarnr21', 'noh12', 'arunkhanna00', 'scottkenning3', 'kpastirk', 'mquinan1', 'smourtza', 'john2381', 'stubbsj15', 'awoodwa', 'son27', 'doannguyen.1', 'sasha9', 'kimura', 'reasato', 'jfcorrigan', 'anuradha.saxena.work', 'ryanhaack04', 'mittman.eric', 'agarci33', 'shivamkundan1', 'yuminghym', 'mclark47', 'federico.frezza96', '649899757b', 'kdelawde', 'gutman', 'mmerchs11', 'obohorqu']"
10,229,71,25,24,"['santimarting', 'spammm072', 'lyr', 'francesco96', 'gabriele.bossettini', 'stefano.belliardo', 'libanese', 'alesalve', 'francesco_lucherini', 'vincenzomaria', 's276114', 'stramaele', 'sergiodg97', 'carmelobua', 'andreaf93', 'bettamin.dario', 'sreeharshatetta', 'mclpazzagli', 'nikoleballa', 'ertarallo95', 'minguccio', 'loui3zhang97', 'alessandrocasto', 'samuelemancuso']",47,"['samuele.renda', 'pierm96', 'manplaza', 'castagnamatteo790', 'salvocar97', 'mister_moran', 'dariodicensi', 'stefano.dagostino97', 'sambuddy96', 'nitinnair98', 'tohid.mohseni', 'oscaralejo.mena', 'carlo.galfione', 'arav1396', 'st.felicioni', 'edoardo97', 'gio97', 'dariobas', 'mat96pr', 'paoloporfino', 'dodo301297', 'gendes', 'marselballa22', 'jgreg96', 'luigi108', 'elisabettacasto6', 'giuseppe97', 'alihijazi', 'caty9619', 'andrea9gallo', 'caoyang', 'robb25', 'stefanotrentini1997', 'marco.castaldi501', 'assylbek_kairov', 'ricuccipasquale95', 'cecilia.pierp', 'bilal.yosafzai57', 'donatoalessandro.isernia', '10enricogiglio', 'werle.jeremy38', 'alexandercage97', 'lacchiffo', 'onurhan276776', 'matteomercuri', 'sevda16', 'cataluccigiulio']",1,['matteo.fasano'],72,"['santimarting', 'salvocar97', 'lyr', 'gabriele.bossettini', 'francesco96', 'dariodicensi', 'vincenzomaria', 'sambuddy96', 'tohid.mohseni', 's276114', 'stramaele', 'sergiodg97', 'carmelobua', 'edoardo97', 'gio97', 'mat96pr', 'marselballa22', 'jgreg96', 'mclpazzagli', 'luigi108', 'elisabettacasto6', 'nikoleballa', 'caty9619', 'caoyang', 'stefanotrentini1997', 'marco.castaldi501', 'assylbek_kairov', 'ricuccipasquale95', 'bilal.yosafzai57', 'alexandercage97', 'lacchiffo', 'alessandrocasto', 'onurhan276776', 'sevda16', 'samuelemancuso', 'samuele.renda', 'pierm96', 'manplaza', 'castagnamatteo790', 'mister_moran', 'spammm072', 'stefano.belliardo', 'libanese', 'alesalve', 'stefano.dagostino97', 'francesco_lucherini', 'nitinnair98', 'oscaralejo.mena', 'carlo.galfione', 'arav1396', 'st.felicioni', 'dariobas', 'andreaf93', 'dodo301297', 'paoloporfino', 'gendes', 'bettamin.dario', 'sreeharshatetta', 'matteo.fasano', 'giuseppe97', 'alihijazi', 'ertarallo95', 'minguccio', 'andrea9gallo', 'robb25', '10enricogiglio', 'werle.jeremy38', 'cecilia.pierp', 'donatoalessandro.isernia', 'loui3zhang97', 'matteomercuri', 'cataluccigiulio']"
10,230,71,7,6,"['robb25', 'assylbek_kairov', 'lacchiffo', 'tohid.mohseni', 'matteomercuri', 'cataluccigiulio']",65,"['santimarting', 'salvocar97', 'lyr', 'gabriele.bossettini', 'francesco96', 'dariodicensi', 'vincenzomaria', 'sambuddy96', 's276114', 'stramaele', 'sergiodg97', 'carmelobua', 'edoardo97', 'gio97', 'mat96pr', 'marselballa22', 'jgreg96', 'mclpazzagli', 'luigi108', 'elisabettacasto6', 'nikoleballa', 'caty9619', 'caoyang', 'stefanotrentini1997', 'marco.castaldi501', 'ricuccipasquale95', 'bilal.yosafzai57', 'alexandercage97', 'alessandrocasto', 'onurhan276776', 'sevda16', 'samuelemancuso', 'samuele.renda', 'pierm96', 'manplaza', 'castagnamatteo790', 'mister_moran', 'spammm072', 'stefano.belliardo', 'libanese', 'alesalve', 'stefano.dagostino97', 'francesco_lucherini', 'nitinnair98', 'oscaralejo.mena', 'carlo.galfione', 'arav1396', 'st.felicioni', 'dariobas', 'andreaf93', 'dodo301297', 'paoloporfino', 'gendes', 'bettamin.dario', 'sreeharshatetta', 'giuseppe97', 'alihijazi', 'ertarallo95', 'minguccio', 'andrea9gallo', '10enricogiglio', 'werle.jeremy38', 'cecilia.pierp', 'donatoalessandro.isernia', 'loui3zhang97']",1,['matteo.fasano'],72,"['santimarting', 'salvocar97', 'lyr', 'gabriele.bossettini', 'francesco96', 'dariodicensi', 'vincenzomaria', 'sambuddy96', 'tohid.mohseni', 's276114', 'stramaele', 'sergiodg97', 'carmelobua', 'edoardo97', 'gio97', 'mat96pr', 'marselballa22', 'jgreg96', 'mclpazzagli', 'luigi108', 'elisabettacasto6', 'nikoleballa', 'caty9619', 'caoyang', 'stefanotrentini1997', 'marco.castaldi501', 'assylbek_kairov', 'ricuccipasquale95', 'bilal.yosafzai57', 'alexandercage97', 'lacchiffo', 'alessandrocasto', 'onurhan276776', 'sevda16', 'samuelemancuso', 'samuele.renda', 'pierm96', 'manplaza', 'castagnamatteo790', 'mister_moran', 'spammm072', 'stefano.belliardo', 'libanese', 'alesalve', 'stefano.dagostino97', 'francesco_lucherini', 'nitinnair98', 'oscaralejo.mena', 'carlo.galfione', 'arav1396', 'st.felicioni', 'dariobas', 'andreaf93', 'dodo301297', 'paoloporfino', 'gendes', 'bettamin.dario', 'sreeharshatetta', 'matteo.fasano', 'giuseppe97', 'alihijazi', 'ertarallo95', 'minguccio', 'andrea9gallo', 'robb25', '10enricogiglio', 'werle.jeremy38', 'cecilia.pierp', 'donatoalessandro.isernia', 'loui3zhang97', 'matteomercuri', 'cataluccigiulio']"
11,205,70,270,55,"['anamichelena', 'siyuezheng', 'b.benson', 'ignaciomilani', 'u1285150', 'vetterd', 'matthewleemle2', 'jedelkind0117', 'rricardo0324', 'sschneider874', 'mtanzi', 'rohdej', 'kyserch', 'jenniferperez1', 'bobbimatheson', 'bassel0elgharbawy0', 'matthewdailey', 'u0543041', 'b.isenberg', 'msubullies1', 'sgu20151463', 'therahuul', 'rachel.blaydes', 'ylanbdr', 'sherwmit', 'u1201859', 'jrichman99', 'kirollos.morcos.km', 'hayejord', 'dbister', 'dbeciri45', 'naitix', 'jakubpepas', 'bbatuhanbilecen', 'u1121281', 'coopjord', 'hancheyn', 'estalin', 'student1000', 'nes1011', 'rachelgjohnson', 'mcdonald.josh', 'mitchell.shields99', 'ghobashy445', 'lukebidulka', 'ludovick', 'reyda', 'itskatomall', 'gcxmoffice1994', 'sportmonkey584', 'jonathan.balent', 'eserafimbortolazzo', 'sallysong683', 'francike', 'cicalesej']",15,"['estalinalvarezalvarez', 'sgu20171498', 'cciraci', 'edwhitlock', 'killuaonizuka1999', 'lingyiw9954', 'cd_bon', 'turin1366', 'msiq14', 'tylervrd', 'zkkazi99', 'pupochek', 'petershn', 'mitchellgg', 'csparkes']",215,"['5dustkd', 'josedamiangarcianoya', 'emilioar', 'daniel.robin22', 'nerwin', 'yassminsabry', 'andrea.oldham97', 'doog9601', 'uxiavelca', 'mehdibandali', 'carlosvigo1997', 'jmy0002', 'koakhyunji', 'mocha7411', 'yjn3492', 'socrat', 'alskdjfh6161', 'mertyamanoglu', 'ziyue2', 'gekco', 'chzh1341', 'kesu1234', 'ganaaa12a', 'kunge0054', 'finnclements', 'miguel_fernandez', 'georgeckchen', 'soddi1621', 'hs960531', 'xogus102929', 'antoramp', 'alberto4', 'ye02', 'dhkswk96', 'junzed2', 'graceml2', 'rsp79', 'gipes', 'cmoauro2', 'kendalhiatt', 'marshallfrye', 'foojorge', 'vandelei', 'xoangon', 'giacomo.munari.1', '123whdxor', 'toast', 'zlapvmf', 'nakkulab', 'aloptor', 'jeandavid', 'lsj4677', 'petercp2', 'raymondzhou227', 'mmartinezsanchez', 'm0650104.ee06g', 'johnlanghout', 'lhc33820933', 'juansans98', 'jasperdeconinck', 'tnqls3409', 'manuel10suarez10', 'sabintandukar', 'spazos', 'bsusol2', 'martinzapatamartinez', 'macks', 'jesusgiraldez', 'myez', 'giacomo.bego', 'ana.rmteo', 'immmin6677', 'dangover94', 'genius_p', 'isaac.dominguez4444', 'corozco', 'glevita2', 'dish1498', 'titanking231', 'marniesan', 'qottkf6194', 'wodnjssnsk12', 'juanjoseo', 'qwerty0637', 'lidiadom', 'ghtlstnf7', 'eunice98k', 'k66773659', 'samuelfl', 'emt2', 'zaubin42', 'franktib2', 'declanb', 'giung0227', 'cbnuleejinwoo', 'fofi94', 'axelbelgarde', 'n3b3x', 'cbo3', 'dale7283', 'nshamsi', 'cjsxodnd12', 'dnlek12', 'thddpwls257', 'danielm78', 'ardisch123', 'ybso1566', 'rygr8576', 'boody456366', 'exareivaj', 'antonio25', 'bha00001', 'zrm0001', 'pedro.julian', 'leesk4869', 'jiaolh', 'parkface94', 'cjs476', 'anstjd1542', 'blake.ballou08', 'hyerim100600', 'aht47', 'roychoudhuryaditya2019', 'caetano.eirea', 'u0360918', 'philg', 'mattmattmerrill', 'navya.k.shastri', 'yoonek6719', 'logankraus', 'sukjunyeo', 'jaephago', 'qncowlf10', 'rbb0001', 'qumo4329', 'mauro_sg', 'idargu90', 'alw0039', 'yougyeongo', 'chvk4161', 'palzmq', 'chohyundong12', 'bw02203', 'pablocl', 'beper53', 'dorxlqmdkdlel', 'jlkirk', 'pichoncillo1', 'ohh99o9', 'dmeyer1998', 'htj1104', 'anais3', 'ophelie10', 'jdanivc', 'eogn1004', 'taylordavis678', 'jboniuk98', 'hellbomber101', 'supernhtr', 'ryuhoin2002', 'e.pmcrespo', 'dldnals2020', 'marcospascualin', 'juho4523', 'tristram', 'qkslqksl951', 'danielcondetorres', 'pablosande98', 'mis5660', 'byeolguri', 'guillermocam', 'clara.landesa', 'nargene', 'aanupam3', 'rhrna007', 'aia00001', 'jhryu1994', 'chdu6864', 'lwang82', 'wjdekgus77', 'josig2011', 'dariushkim', 'kepco2020a', 'foghel96', 'yoojeong9925', 'tjtks4730', 'tonni1912', 'suyoneee', 'mikesnure', 'khfrum', 'jn12su27', 'piri940511', 'andreagcoto', 'gonserr', 'sumintnals', 'iagomillanentenza', 'adp5383', 'tpollei', 'latourem', 'hyerim1006000', 'adrianhochgesang', 'xoanmayo', 'ezsamsuntung', 'thomas.poulin', 'anstpdlffj3', 'shabnashreej', 'martinperezmaneiro', 'tmdorsey', 'smdesrochers', 'sooooooy314', 'abal2474', 'hjshook', 'xfiles', 'iflueck2', 'ekdms0894']",285,"['5dustkd', 'daniel.robin22', 'nerwin', 'yassminsabry', 'vetterd', 'andrea.oldham97', 'doog9601', 'rricardo0324', 'uxiavelca', 'mehdibandali', 'carlosvigo1997', 'yjn3492', 'zkkazi99', 'bassel0elgharbawy0', 'rachel.blaydes', 'kirollos.morcos.km', 'chzh1341', 'kunge0054', 'finnclements', 'miguel_fernandez', 'soddi1621', 'hs960531', 'estalin', 'antoramp', 'alberto4', 'dhkswk96', 'ghobashy445', 'graceml2', 'gipes', 'kendalhiatt', 'marshallfrye', 'foojorge', '123whdxor', 'aloptor', 'lsj4677', 'johnlanghout', 'lhc33820933', 'juansans98', 'jasperdeconinck', 'bobbimatheson', 'spazos', 'matthewdailey', 'u0543041', 'macks', 'giacomo.bego', 'myez', 'ana.rmteo', 'immmin6677', 'dangover94', 'corozco', 'titanking231', 'glevita2', 'dish1498', 'qottkf6194', 'marniesan', 'juanjoseo', 'eunice98k', 'k66773659', 'emt2', 'zaubin42', 'eserafimbortolazzo', 'franktib2', 'cbnuleejinwoo', 'cbo3', 'nshamsi', 'cjsxodnd12', 'dnlek12', 'msiq14', 'rygr8576', 'boody456366', 'antonio25', 'bha00001', 'zrm0001', 'jenniferperez1', 'leesk4869', 'jiaolh', 'parkface94', 'anstjd1542', 'hyerim100600', 'msubullies1', 'jrichman99', 'aht47', 'caetano.eirea', 'dbeciri45', 'philg', 'jakubpepas', 'mattmattmerrill', 'yoonek6719', 'u1121281', 'mauro_sg', 'qncowlf10', 'idargu90', 'yougyeongo', 'student1000', 'chvk4161', 'edwhitlock', 'mitchell.shields99', 'ludovick', 'chohyundong12', 'itskatomall', 'gcxmoffice1994', 'jlkirk', 'pichoncillo1', 'htj1104', 'anais3', 'ophelie10', 'eogn1004', 'hellbomber101', 'supernhtr', 'ryuhoin2002', 'e.pmcrespo', 'marcospascualin', 'juho4523', 'danielcondetorres', 'pablosande98', 'mtanzi', 'cd_bon', 'kyserch', 'guillermocam', 'aanupam3', 'rhrna007', 'aia00001', 'lwang82', 'wjdekgus77', 'josig2011', 'dariushkim', 'kepco2020a', 'hayejord', 'tonni1912', 'tjtks4730', 'naitix', 'bbatuhanbilecen', 'khfrum', 'piri940511', 'gonserr', 'iagomillanentenza', 'adp5383', 'tpollei', 'ezsamsuntung', 'reyda', 'martinperezmaneiro', 'tmdorsey', 'smdesrochers', 'jonathan.balent', 'hjshook', 'francike', 'iflueck2', 'cciraci', 'siyuezheng', 'josedamiangarcianoya', 'emilioar', 'jmy0002', 'koakhyunji', 'mocha7411', 'socrat', 'alskdjfh6161', 'mertyamanoglu', 'ziyue2', 'gekco', 'kesu1234', 'ganaaa12a', 'tylervrd', 'coopjord', 'georgeckchen', 'xogus102929', 'rachelgjohnson', 'ye02', 'killuaonizuka1999', 'junzed2', 'rsp79', 'cmoauro2', 'vandelei', 'xoangon', 'b.benson', 'giacomo.munari.1', 'ignaciomilani', 'toast', 'zlapvmf', 'nakkulab', 'turin1366', 'jeandavid', 'petercp2', 'raymondzhou227', 'mmartinezsanchez', 'm0650104.ee06g', 'tnqls3409', 'manuel10suarez10', 'sabintandukar', 'bsusol2', 'martinzapatamartinez', 'jesusgiraldez', 'u1201859', 'lingyiw9954', 'dbister', 'genius_p', 'isaac.dominguez4444', 'wodnjssnsk12', 'qwerty0637', 'nes1011', 'lidiadom', 'ghtlstnf7', 'samuelfl', 'sallysong683', 'giung0227', 'fofi94', 'declanb', 'axelbelgarde', 'n3b3x', 'anamichelena', 'dale7283', 'thddpwls257', 'danielm78', 'ardisch123', 'ybso1566', 'jedelkind0117', 'estalinalvarezalvarez', 'exareivaj', 'pedro.julian', 'cjs476', 'b.isenberg', 'blake.ballou08', 'sgu20151463', 'roychoudhuryaditya2019', 'u0360918', 'navya.k.shastri', 'logankraus', 'sukjunyeo', 'jaephago', 'rbb0001', 'qumo4329', 'hancheyn', 'alw0039', 'sgu20171498', 'mcdonald.josh', 'palzmq', 'lukebidulka', 'bw02203', 'pablocl', 'beper53', 'dorxlqmdkdlel', 'mitchellgg', 'ohh99o9', 'dmeyer1998', 'cicalesej', 'jdanivc', 'taylordavis678', 'u1285150', 'jboniuk98', 'matthewleemle2', 'petershn', 'csparkes', 'dldnals2020', 'sschneider874', 'qkslqksl951', 'tristram', 'mis5660', 'rohdej', 'byeolguri', 'clara.landesa', 'nargene', 'pupochek', 'jhryu1994', 'chdu6864', 'therahuul', 'ylanbdr', 'sherwmit', 'foghel96', 'yoojeong9925', 'suyoneee', 'mikesnure', 'jn12su27', 'andreagcoto', 'sumintnals', 'adrianhochgesang', 'latourem', 'hyerim1006000', 'xoanmayo', 'thomas.poulin', 'anstpdlffj3', 'shabnashreej', 'sportmonkey584', 'sooooooy314', 'abal2474', 'xfiles', 'ekdms0894']"
11,187,70,45,14,"['estalinalvarezalvarez', 'kirollos.morcos.km', 'therahuul', 'estalin', 'killuaonizuka1999', 'lingyiw9954', 'cd_bon', 'gcxmoffice1994', 'tylervrd', 'matthewleemle2', 'zkkazi99', 'mitchellgg', 'sallysong683', 'csparkes']",56,"['anamichelena', 'cciraci', 'siyuezheng', 'b.benson', 'ignaciomilani', 'u1285150', 'turin1366', 'msiq14', 'vetterd', 'petershn', 'jedelkind0117', 'rricardo0324', 'sschneider874', 'mtanzi', 'rohdej', 'kyserch', 'jenniferperez1', 'bobbimatheson', 'pupochek', 'bassel0elgharbawy0', 'matthewdailey', 'b.isenberg', 'u0543041', 'msubullies1', 'sgu20151463', 'rachel.blaydes', 'u1201859', 'ylanbdr', 'sherwmit', 'jrichman99', 'hayejord', 'dbister', 'dbeciri45', 'naitix', 'jakubpepas', 'bbatuhanbilecen', 'u1121281', 'coopjord', 'hancheyn', 'student1000', 'sgu20171498', 'nes1011', 'rachelgjohnson', 'mcdonald.josh', 'edwhitlock', 'mitchell.shields99', 'ghobashy445', 'lukebidulka', 'ludovick', 'reyda', 'itskatomall', 'sportmonkey584', 'jonathan.balent', 'eserafimbortolazzo', 'francike', 'cicalesej']",31,"['vogecap240', 'jakecronin97', 'yazan99', 'rozhansa', 'nicolecam', 'johngim1', 'neil01', 'erickvfc', 'shayakchakrabarti', 'apunch', 'danartur99', 'daanyaal.sobani', 'tylerqwong', 'youyouli', 'cd_bonamis', 'j8', 'brendonbk81', 'aes_op', 'jadencoelho', 'jfakidis', 'mimaamin28', 'tsuchinoko.ls', 'johnkm37', 'elec315s', 'marianoroldan12', 'georgeckchen', 'eunice98k', 'andresvl', 'kayusuf97', 'daniellistudent', 'sambedry']",101,"['anamichelena', 'cciraci', 'vogecap240', 'siyuezheng', 'jakecronin97', 'nicolecam', 'msiq14', 'vetterd', 'erickvfc', 'shayakchakrabarti', 'jedelkind0117', 'rricardo0324', 'estalinalvarezalvarez', 'apunch', 'tylerqwong', 'youyouli', 'jenniferperez1', 'zkkazi99', 'j8', 'bassel0elgharbawy0', 'b.isenberg', 'rachel.blaydes', 'msubullies1', 'sgu20151463', 'kirollos.morcos.km', 'jrichman99', 'jfakidis', 'dbeciri45', 'jakubpepas', 'tsuchinoko.ls', 'tylervrd', 'u1121281', 'coopjord', 'marianoroldan12', 'georgeckchen', 'hancheyn', 'estalin', 'student1000', 'sgu20171498', 'rachelgjohnson', 'mcdonald.josh', 'killuaonizuka1999', 'edwhitlock', 'mitchell.shields99', 'ghobashy445', 'lukebidulka', 'ludovick', 'itskatomall', 'gcxmoffice1994', 'kayusuf97', 'mitchellgg', 'daniellistudent', 'cicalesej', 'yazan99', 'b.benson', 'ignaciomilani', 'rozhansa', 'u1285150', 'turin1366', 'johngim1', 'matthewleemle2', 'sambedry', 'petershn', 'neil01', 'csparkes', 'sschneider874', 'danartur99', 'daanyaal.sobani', 'mtanzi', 'cd_bon', 'rohdej', 'kyserch', 'cd_bonamis', 'bobbimatheson', 'pupochek', 'matthewdailey', 'u0543041', 'brendonbk81', 'therahuul', 'u1201859', 'ylanbdr', 'sherwmit', 'aes_op', 'jadencoelho', 'lingyiw9954', 'dbister', 'hayejord', 'mimaamin28', 'naitix', 'bbatuhanbilecen', 'johnkm37', 'elec315s', 'nes1011', 'eunice98k', 'reyda', 'andresvl', 'sportmonkey584', 'jonathan.balent', 'eserafimbortolazzo', 'sallysong683', 'francike']"
11,209,70,34,3,"['u1121281', 'matthewdailey', 'u0543041']",67,"['anamichelena', 'cciraci', 'siyuezheng', 'b.benson', 'ignaciomilani', 'u1285150', 'turin1366', 'msiq14', 'vetterd', 'matthewleemle2', 'petershn', 'csparkes', 'jedelkind0117', 'rricardo0324', 'estalinalvarezalvarez', 'sschneider874', 'mtanzi', 'cd_bon', 'rohdej', 'kyserch', 'jenniferperez1', 'zkkazi99', 'bobbimatheson', 'pupochek', 'bassel0elgharbawy0', 'b.isenberg', 'rachel.blaydes', 'msubullies1', 'sgu20151463', 'therahuul', 'u1201859', 'ylanbdr', 'sherwmit', 'jrichman99', 'kirollos.morcos.km', 'lingyiw9954', 'dbister', 'hayejord', 'dbeciri45', 'naitix', 'jakubpepas', 'bbatuhanbilecen', 'tylervrd', 'coopjord', 'hancheyn', 'estalin', 'student1000', 'sgu20171498', 'nes1011', 'mcdonald.josh', 'killuaonizuka1999', 'edwhitlock', 'mitchell.shields99', 'rachelgjohnson', 'ghobashy445', 'lukebidulka', 'ludovick', 'reyda', 'itskatomall', 'gcxmoffice1994', 'sportmonkey584', 'mitchellgg', 'jonathan.balent', 'eserafimbortolazzo', 'sallysong683', 'francike', 'cicalesej']",31,"['dudeinblue1', 'u1198840', 'u1097560', 'harry171717171', 'brian.burton93', 'u0813032', 'u1114754', 'mharis', 'u0953149', 'u0916112', 'u0759716', 'u1222263', 'u0540664', 'u1208445', 'u0914596', 'u1142708', 'u0304786', 'u1020447', 'u1073244', 'agustaf', 'shaunmckellar', 'u1190640', 'u1129087', 'u0934438', 'u1275153', 'u1119648', 'u0839673', 'u0984834', 'u1172821', 'henrycran', 'remnantemmitt']",101,"['anamichelena', 'dudeinblue1', 'cciraci', 'siyuezheng', 'msiq14', 'vetterd', 'u0813032', 'u1114754', 'u0916112', 'jedelkind0117', 'rricardo0324', 'estalinalvarezalvarez', 'u0759716', 'jenniferperez1', 'u1208445', 'u0914596', 'zkkazi99', 'bassel0elgharbawy0', 'b.isenberg', 'rachel.blaydes', 'msubullies1', 'sgu20151463', 'kirollos.morcos.km', 'jrichman99', 'u1020447', 'u1073244', 'dbeciri45', 'jakubpepas', 'tylervrd', 'u1121281', 'coopjord', 'u1129087', 'u1275153', 'hancheyn', 'estalin', 'student1000', 'sgu20171498', 'rachelgjohnson', 'mcdonald.josh', 'killuaonizuka1999', 'edwhitlock', 'mitchell.shields99', 'ghobashy445', 'u0839673', 'lukebidulka', 'ludovick', 'u1172821', 'itskatomall', 'gcxmoffice1994', 'henrycran', 'mitchellgg', 'cicalesej', 'u1198840', 'u1097560', 'harry171717171', 'b.benson', 'ignaciomilani', 'u1285150', 'turin1366', 'brian.burton93', 'matthewleemle2', 'petershn', 'mharis', 'u0953149', 'csparkes', 'sschneider874', 'mtanzi', 'u1222263', 'cd_bon', 'rohdej', 'kyserch', 'u0540664', 'bobbimatheson', 'pupochek', 'u1142708', 'matthewdailey', 'u0543041', 'u0304786', 'therahuul', 'u1201859', 'ylanbdr', 'sherwmit', 'lingyiw9954', 'dbister', 'hayejord', 'agustaf', 'naitix', 'shaunmckellar', 'bbatuhanbilecen', 'u1190640', 'u0934438', 'nes1011', 'u1119648', 'u0984834', 'reyda', 'sportmonkey584', 'jonathan.balent', 'eserafimbortolazzo', 'sallysong683', 'francike', 'remnantemmitt']"
11,186,70,19,11,"['anamichelena', 'rricardo0324', 'rachelgjohnson', 'ylanbdr', 'siyuezheng', 'mcdonald.josh', 'mtanzi', 'dbister', 'reyda', 'sportmonkey584', 'bobbimatheson']",59,"['cciraci', 'b.benson', 'ignaciomilani', 'u1285150', 'turin1366', 'msiq14', 'vetterd', 'matthewleemle2', 'petershn', 'csparkes', 'jedelkind0117', 'estalinalvarezalvarez', 'sschneider874', 'cd_bon', 'rohdej', 'kyserch', 'jenniferperez1', 'zkkazi99', 'pupochek', 'bassel0elgharbawy0', 'matthewdailey', 'b.isenberg', 'u0543041', 'msubullies1', 'sgu20151463', 'therahuul', 'rachel.blaydes', 'sherwmit', 'u1201859', 'jrichman99', 'kirollos.morcos.km', 'lingyiw9954', 'hayejord', 'dbeciri45', 'naitix', 'jakubpepas', 'bbatuhanbilecen', 'tylervrd', 'u1121281', 'coopjord', 'hancheyn', 'estalin', 'student1000', 'sgu20171498', 'nes1011', 'edwhitlock', 'killuaonizuka1999', 'mitchell.shields99', 'ghobashy445', 'lukebidulka', 'ludovick', 'itskatomall', 'gcxmoffice1994', 'mitchellgg', 'jonathan.balent', 'eserafimbortolazzo', 'sallysong683', 'francike', 'cicalesej']",8,"['johnlanghout', 'cetolaj', 'dariushkim', 'sydneyhiggins', 'megahnb', 'nerwin', 'josephwilliams11', 'rocioborroto']",78,"['anamichelena', 'cciraci', 'siyuezheng', 'msiq14', 'nerwin', 'vetterd', 'jedelkind0117', 'rricardo0324', 'estalinalvarezalvarez', 'jenniferperez1', 'zkkazi99', 'bassel0elgharbawy0', 'b.isenberg', 'rachel.blaydes', 'msubullies1', 'sgu20151463', 'kirollos.morcos.km', 'jrichman99', 'dbeciri45', 'jakubpepas', 'tylervrd', 'u1121281', 'coopjord', 'hancheyn', 'estalin', 'student1000', 'sgu20171498', 'rachelgjohnson', 'mcdonald.josh', 'killuaonizuka1999', 'edwhitlock', 'mitchell.shields99', 'ghobashy445', 'lukebidulka', 'ludovick', 'itskatomall', 'gcxmoffice1994', 'mitchellgg', 'cicalesej', 'cetolaj', 'b.benson', 'ignaciomilani', 'megahnb', 'u1285150', 'turin1366', 'matthewleemle2', 'petershn', 'csparkes', 'rocioborroto', 'sschneider874', 'johnlanghout', 'mtanzi', 'cd_bon', 'rohdej', 'kyserch', 'bobbimatheson', 'pupochek', 'matthewdailey', 'u0543041', 'therahuul', 'u1201859', 'ylanbdr', 'sherwmit', 'dariushkim', 'lingyiw9954', 'dbister', 'hayejord', 'sydneyhiggins', 'naitix', 'bbatuhanbilecen', 'nes1011', 'reyda', 'sportmonkey584', 'jonathan.balent', 'eserafimbortolazzo', 'sallysong683', 'josephwilliams11', 'francike']"
11,189,70,8,6,"['msubullies1', 'hayejord', 'vetterd', 'coopjord', 'francike', 'hancheyn']",64,"['anamichelena', 'cciraci', 'siyuezheng', 'msiq14', 'jedelkind0117', 'rricardo0324', 'estalinalvarezalvarez', 'jenniferperez1', 'zkkazi99', 'bassel0elgharbawy0', 'b.isenberg', 'rachel.blaydes', 'sgu20151463', 'kirollos.morcos.km', 'jrichman99', 'dbeciri45', 'jakubpepas', 'tylervrd', 'u1121281', 'estalin', 'student1000', 'sgu20171498', 'rachelgjohnson', 'mcdonald.josh', 'killuaonizuka1999', 'edwhitlock', 'mitchell.shields99', 'ghobashy445', 'lukebidulka', 'ludovick', 'itskatomall', 'gcxmoffice1994', 'mitchellgg', 'cicalesej', 'b.benson', 'ignaciomilani', 'u1285150', 'turin1366', 'matthewleemle2', 'petershn', 'csparkes', 'sschneider874', 'mtanzi', 'cd_bon', 'rohdej', 'kyserch', 'bobbimatheson', 'pupochek', 'matthewdailey', 'u0543041', 'therahuul', 'u1201859', 'ylanbdr', 'sherwmit', 'lingyiw9954', 'dbister', 'naitix', 'bbatuhanbilecen', 'nes1011', 'reyda', 'sportmonkey584', 'jonathan.balent', 'eserafimbortolazzo', 'sallysong683']",2,"['vandelei', 'jiaolh']",72,"['anamichelena', 'cciraci', 'siyuezheng', 'msiq14', 'vetterd', 'jedelkind0117', 'rricardo0324', 'estalinalvarezalvarez', 'jenniferperez1', 'zkkazi99', 'bassel0elgharbawy0', 'jiaolh', 'b.isenberg', 'rachel.blaydes', 'msubullies1', 'sgu20151463', 'kirollos.morcos.km', 'jrichman99', 'dbeciri45', 'jakubpepas', 'tylervrd', 'u1121281', 'coopjord', 'hancheyn', 'estalin', 'student1000', 'sgu20171498', 'rachelgjohnson', 'mcdonald.josh', 'killuaonizuka1999', 'edwhitlock', 'mitchell.shields99', 'ghobashy445', 'lukebidulka', 'ludovick', 'itskatomall', 'gcxmoffice1994', 'mitchellgg', 'cicalesej', 'vandelei', 'b.benson', 'ignaciomilani', 'u1285150', 'turin1366', 'matthewleemle2', 'petershn', 'csparkes', 'sschneider874', 'mtanzi', 'cd_bon', 'rohdej', 'kyserch', 'bobbimatheson', 'pupochek', 'matthewdailey', 'u0543041', 'therahuul', 'u1201859', 'ylanbdr', 'sherwmit', 'lingyiw9954', 'dbister', 'hayejord', 'naitix', 'bbatuhanbilecen', 'nes1011', 'reyda', 'sportmonkey584', 'jonathan.balent', 'eserafimbortolazzo', 'sallysong683', 'francike']"
11,206,70,7,3,"['ludovick', 'sherwmit', 'rohdej']",67,"['anamichelena', 'cciraci', 'siyuezheng', 'msiq14', 'vetterd', 'jedelkind0117', 'rricardo0324', 'estalinalvarezalvarez', 'jenniferperez1', 'zkkazi99', 'bassel0elgharbawy0', 'b.isenberg', 'rachel.blaydes', 'msubullies1', 'sgu20151463', 'kirollos.morcos.km', 'jrichman99', 'dbeciri45', 'jakubpepas', 'tylervrd', 'u1121281', 'coopjord', 'hancheyn', 'estalin', 'student1000', 'sgu20171498', 'rachelgjohnson', 'mcdonald.josh', 'killuaonizuka1999', 'edwhitlock', 'mitchell.shields99', 'ghobashy445', 'lukebidulka', 'itskatomall', 'gcxmoffice1994', 'mitchellgg', 'cicalesej', 'b.benson', 'ignaciomilani', 'u1285150', 'turin1366', 'matthewleemle2', 'petershn', 'csparkes', 'sschneider874', 'mtanzi', 'cd_bon', 'kyserch', 'bobbimatheson', 'pupochek', 'matthewdailey', 'u0543041', 'therahuul', 'u1201859', 'ylanbdr', 'lingyiw9954', 'dbister', 'hayejord', 'naitix', 'bbatuhanbilecen', 'nes1011', 'reyda', 'sportmonkey584', 'jonathan.balent', 'eserafimbortolazzo', 'sallysong683', 'francike']",4,"['gonserr', 'nakkulab', 'brownb4', 'latourem']",74,"['anamichelena', 'cciraci', 'siyuezheng', 'msiq14', 'vetterd', 'jedelkind0117', 'rricardo0324', 'estalinalvarezalvarez', 'jenniferperez1', 'zkkazi99', 'bassel0elgharbawy0', 'b.isenberg', 'rachel.blaydes', 'msubullies1', 'sgu20151463', 'kirollos.morcos.km', 'jrichman99', 'dbeciri45', 'jakubpepas', 'tylervrd', 'u1121281', 'coopjord', 'hancheyn', 'estalin', 'student1000', 'sgu20171498', 'rachelgjohnson', 'mcdonald.josh', 'killuaonizuka1999', 'edwhitlock', 'mitchell.shields99', 'ghobashy445', 'lukebidulka', 'ludovick', 'itskatomall', 'gcxmoffice1994', 'mitchellgg', 'cicalesej', 'brownb4', 'b.benson', 'ignaciomilani', 'u1285150', 'nakkulab', 'turin1366', 'matthewleemle2', 'petershn', 'csparkes', 'sschneider874', 'mtanzi', 'cd_bon', 'rohdej', 'kyserch', 'bobbimatheson', 'pupochek', 'matthewdailey', 'u0543041', 'therahuul', 'u1201859', 'ylanbdr', 'sherwmit', 'lingyiw9954', 'dbister', 'hayejord', 'naitix', 'bbatuhanbilecen', 'gonserr', 'latourem', 'nes1011', 'reyda', 'sportmonkey584', 'jonathan.balent', 'eserafimbortolazzo', 'sallysong683', 'francike']"
12,91,60,11,8,"['scollard', 'grfedele', 'wesf', 'lpmarks', 'ralsmith', 'danevans', 'reisnerd', 'optalmad']",52,"['tianlel', 'ebrufsky', 'jess_elizabeth', 'cjmichae', 'sloanluk', 'elaasser1', 'yaoxy14', 'vtatagari', 'alexshaw', 'm.r.asherloo1997', 'lapthai', 'moralist', 'andyjinzihao', '08ramkha', 'jowokypt12121890', 'jeilers', 'vkov', 'barnaonu', 'asasa', 'ahmad.azizan1596', 'tbarang', 'yibo888', 'shuozh', 'hector.arbelo', 'kenmp', 'kcrawf', 'dshah515', 'talamin', 'ysf999', 'jzhang108', 'saxman25', 'chrisowen830', 'cdonahu', 'ccafmeyer1310', 'nikaren', 'reshmirao3179', 'cauvaido1610', 'alone196733', 'kmaxie', 'lobbiam', 'pratik30', 'jli206', 'tonix', 'lwight', 'okdemir.samet', 'odonnelc', 'andressa_yasmim', 'brokawat', 'adam.kwiatkowski', 'bwatson7', 'asd133577', 'apdoyle']",3,"['keonbe', 'eleini', 'narceci']",63,"['tianlel', 'lpmarks', 'ebrufsky', 'ralsmith', 'jess_elizabeth', 'narceci', 'cjmichae', 'reisnerd', 'sloanluk', 'elaasser1', 'yaoxy14', 'vtatagari', 'alexshaw', 'wesf', 'm.r.asherloo1997', 'lapthai', 'moralist', 'andyjinzihao', '08ramkha', 'jowokypt12121890', 'jeilers', 'vkov', 'barnaonu', 'asasa', 'ahmad.azizan1596', 'tbarang', 'yibo888', 'shuozh', 'hector.arbelo', 'kenmp', 'kcrawf', 'dshah515', 'talamin', 'ysf999', 'jzhang108', 'saxman25', 'chrisowen830', 'cdonahu', 'ccafmeyer1310', 'nikaren', 'reshmirao3179', 'cauvaido1610', 'alone196733', 'eleini', 'kmaxie', 'lobbiam', 'pratik30', 'jli206', 'tonix', 'grfedele', 'scollard', 'lwight', 'okdemir.samet', 'keonbe', 'odonnelc', 'andressa_yasmim', 'brokawat', 'adam.kwiatkowski', 'bwatson7', 'asd133577', 'danevans', 'optalmad', 'apdoyle']"
12,92,60,10,9,"['talamin', 'vtatagari', 'jzhang108', 'm.r.asherloo1997', 'moralist', 'bwatson7', 'andressa_yasmim', 'alone196733', 'jli206']",51,"['tianlel', 'lpmarks', 'ebrufsky', 'ralsmith', 'jess_elizabeth', 'cjmichae', 'reisnerd', 'sloanluk', 'elaasser1', 'yaoxy14', 'alexshaw', 'wesf', 'lapthai', 'andyjinzihao', '08ramkha', 'jowokypt12121890', 'jeilers', 'vkov', 'barnaonu', 'asasa', 'ahmad.azizan1596', 'tbarang', 'yibo888', 'shuozh', 'hector.arbelo', 'kenmp', 'kcrawf', 'dshah515', 'ysf999', 'saxman25', 'chrisowen830', 'cdonahu', 'ccafmeyer1310', 'nikaren', 'reshmirao3179', 'cauvaido1610', 'kmaxie', 'lobbiam', 'pratik30', 'tonix', 'grfedele', 'scollard', 'lwight', 'okdemir.samet', 'odonnelc', 'brokawat', 'adam.kwiatkowski', 'asd133577', 'danevans', 'optalmad', 'apdoyle']",1,['cchen138'],61,"['tianlel', 'lpmarks', 'ebrufsky', 'ralsmith', 'jess_elizabeth', 'cjmichae', 'reisnerd', 'sloanluk', 'elaasser1', 'yaoxy14', 'vtatagari', 'alexshaw', 'wesf', 'm.r.asherloo1997', 'lapthai', 'moralist', 'andyjinzihao', '08ramkha', 'jowokypt12121890', 'jeilers', 'vkov', 'barnaonu', 'asasa', 'cchen138', 'ahmad.azizan1596', 'tbarang', 'yibo888', 'shuozh', 'hector.arbelo', 'kenmp', 'kcrawf', 'dshah515', 'talamin', 'ysf999', 'jzhang108', 'saxman25', 'chrisowen830', 'cdonahu', 'ccafmeyer1310', 'nikaren', 'reshmirao3179', 'cauvaido1610', 'alone196733', 'kmaxie', 'lobbiam', 'pratik30', 'jli206', 'tonix', 'grfedele', 'scollard', 'lwight', 'okdemir.samet', 'odonnelc', 'andressa_yasmim', 'brokawat', 'adam.kwiatkowski', 'bwatson7', 'asd133577', 'danevans', 'optalmad', 'apdoyle']"
12,90,60,6,5,"['jess_elizabeth', 'andyjinzihao', '08ramkha', 'reshmirao3179', 'yibo888']",55,"['tianlel', 'lpmarks', 'ebrufsky', 'ralsmith', 'cjmichae', 'reisnerd', 'sloanluk', 'elaasser1', 'yaoxy14', 'vtatagari', 'alexshaw', 'wesf', 'm.r.asherloo1997', 'lapthai', 'moralist', 'jowokypt12121890', 'jeilers', 'vkov', 'barnaonu', 'asasa', 'ahmad.azizan1596', 'tbarang', 'shuozh', 'hector.arbelo', 'kenmp', 'kcrawf', 'dshah515', 'talamin', 'ysf999', 'jzhang108', 'saxman25', 'chrisowen830', 'cdonahu', 'ccafmeyer1310', 'nikaren', 'cauvaido1610', 'alone196733', 'kmaxie', 'lobbiam', 'pratik30', 'jli206', 'tonix', 'grfedele', 'scollard', 'lwight', 'okdemir.samet', 'odonnelc', 'andressa_yasmim', 'brokawat', 'adam.kwiatkowski', 'bwatson7', 'asd133577', 'danevans', 'optalmad', 'apdoyle']",1,['asd2815775'],61,"['tianlel', 'asd2815775', 'lpmarks', 'ebrufsky', 'ralsmith', 'jess_elizabeth', 'cjmichae', 'reisnerd', 'sloanluk', 'elaasser1', 'yaoxy14', 'vtatagari', 'alexshaw', 'wesf', 'm.r.asherloo1997', 'lapthai', 'moralist', 'andyjinzihao', '08ramkha', 'jowokypt12121890', 'jeilers', 'vkov', 'barnaonu', 'asasa', 'ahmad.azizan1596', 'tbarang', 'yibo888', 'shuozh', 'hector.arbelo', 'kenmp', 'kcrawf', 'dshah515', 'talamin', 'ysf999', 'jzhang108', 'saxman25', 'chrisowen830', 'cdonahu', 'ccafmeyer1310', 'nikaren', 'reshmirao3179', 'cauvaido1610', 'alone196733', 'kmaxie', 'lobbiam', 'pratik30', 'jli206', 'tonix', 'grfedele', 'scollard', 'lwight', 'okdemir.samet', 'odonnelc', 'andressa_yasmim', 'brokawat', 'adam.kwiatkowski', 'bwatson7', 'asd133577', 'danevans', 'optalmad', 'apdoyle']"
13,205,54,270,53,"['5dustkd', 'cjsxodnd12', 'zlapvmf', 'dnlek12', '123whdxor', 'eogn1004', 'thddpwls257', 'doog9601', 'lsj4677', 'juho4523', 'qkslqksl951', 'lhc33820933', 'bha00001', 'tnqls3409', 'mis5660', 'koakhyunji', 'mocha7411', 'yjn3492', 'nargene', 'leesk4869', 'rhrna007', 'anstjd1542', 'wjdekgus77', 'josig2011', 'kepco2020a', 'immmin6677', 'yoojeong9925', 'tjtks4730', 'genius_p', 'yoonek6719', 'qottkf6194', 'jn12su27', 'sumintnals', 'sukjunyeo', 'wodnjssnsk12', 'qncowlf10', 'idargu90', 'soddi1621', 'hs960531', 'xogus102929', 'qwerty0637', 'chvk4161', 'ye02', 'palzmq', 'dhkswk96', 'k66773659', 'cbnuleejinwoo', 'htj1104', 'bw02203', 'chohyundong12', 'ohh99o9', 'giung0227', 'ekdms0894']",1,['qowoans94'],217,"['daniel.robin22', 'nerwin', 'yassminsabry', 'vetterd', 'andrea.oldham97', 'rricardo0324', 'uxiavelca', 'mehdibandali', 'carlosvigo1997', 'bassel0elgharbawy0', 'rachel.blaydes', 'kirollos.morcos.km', 'chzh1341', 'kunge0054', 'finnclements', 'miguel_fernandez', 'estalin', 'antoramp', 'alberto4', 'ghobashy445', 'graceml2', 'gipes', 'kendalhiatt', 'marshallfrye', 'foojorge', 'aloptor', 'johnlanghout', 'juansans98', 'jasperdeconinck', 'bobbimatheson', 'spazos', 'matthewdailey', 'u0543041', 'macks', 'giacomo.bego', 'myez', 'ana.rmteo', 'dangover94', 'corozco', 'titanking231', 'glevita2', 'dish1498', 'marniesan', 'juanjoseo', 'eunice98k', 'emt2', 'zaubin42', 'eserafimbortolazzo', 'franktib2', 'cbo3', 'nshamsi', 'rygr8576', 'boody456366', 'antonio25', 'zrm0001', 'jenniferperez1', 'jiaolh', 'parkface94', 'hyerim100600', 'msubullies1', 'jrichman99', 'aht47', 'caetano.eirea', 'philg', 'mattmattmerrill', 'jakubpepas', 'dbeciri45', 'u1121281', 'mauro_sg', 'yougyeongo', 'student1000', 'mitchell.shields99', 'ludovick', 'gcxmoffice1994', 'itskatomall', 'jlkirk', 'pichoncillo1', 'anais3', 'ophelie10', 'hellbomber101', 'supernhtr', 'ryuhoin2002', 'e.pmcrespo', 'marcospascualin', 'danielcondetorres', 'pablosande98', 'mtanzi', 'kyserch', 'guillermocam', 'aanupam3', 'aia00001', 'lwang82', 'dariushkim', 'hayejord', 'tonni1912', 'naitix', 'bbatuhanbilecen', 'khfrum', 'piri940511', 'gonserr', 'iagomillanentenza', 'adp5383', 'tpollei', 'ezsamsuntung', 'reyda', 'martinperezmaneiro', 'tmdorsey', 'smdesrochers', 'jonathan.balent', 'hjshook', 'francike', 'iflueck2', 'josedamiangarcianoya', 'siyuezheng', 'emilioar', 'jmy0002', 'socrat', 'alskdjfh6161', 'mertyamanoglu', 'ziyue2', 'gekco', 'kesu1234', 'ganaaa12a', 'coopjord', 'georgeckchen', 'rachelgjohnson', 'junzed2', 'rsp79', 'cmoauro2', 'vandelei', 'xoangon', 'b.benson', 'giacomo.munari.1', 'ignaciomilani', 'toast', 'nakkulab', 'jeandavid', 'petercp2', 'raymondzhou227', 'mmartinezsanchez', 'm0650104.ee06g', 'manuel10suarez10', 'sabintandukar', 'bsusol2', 'martinzapatamartinez', 'jesusgiraldez', 'u1201859', 'dbister', 'isaac.dominguez4444', 'nes1011', 'lidiadom', 'ghtlstnf7', 'samuelfl', 'sallysong683', 'fofi94', 'declanb', 'axelbelgarde', 'n3b3x', 'anamichelena', 'dale7283', 'danielm78', 'ardisch123', 'ybso1566', 'jedelkind0117', 'exareivaj', 'pedro.julian', 'cjs476', 'b.isenberg', 'blake.ballou08', 'sgu20151463', 'roychoudhuryaditya2019', 'u0360918', 'navya.k.shastri', 'logankraus', 'jaephago', 'rbb0001', 'qumo4329', 'hancheyn', 'alw0039', 'mcdonald.josh', 'lukebidulka', 'pablocl', 'beper53', 'dorxlqmdkdlel', 'dmeyer1998', 'cicalesej', 'jdanivc', 'taylordavis678', 'u1285150', 'jboniuk98', 'matthewleemle2', 'dldnals2020', 'sschneider874', 'tristram', 'rohdej', 'byeolguri', 'clara.landesa', 'jhryu1994', 'chdu6864', 'therahuul', 'sherwmit', 'ylanbdr', 'foghel96', 'suyoneee', 'mikesnure', 'andreagcoto', 'adrianhochgesang', 'latourem', 'hyerim1006000', 'xoanmayo', 'thomas.poulin', 'anstpdlffj3', 'shabnashreej', 'sportmonkey584', 'sooooooy314', 'abal2474', 'xfiles']",271,"['5dustkd', 'daniel.robin22', 'nerwin', 'yassminsabry', 'vetterd', 'doog9601', 'andrea.oldham97', 'rricardo0324', 'uxiavelca', 'mehdibandali', 'carlosvigo1997', 'yjn3492', 'bassel0elgharbawy0', 'rachel.blaydes', 'kirollos.morcos.km', 'chzh1341', 'kunge0054', 'finnclements', 'miguel_fernandez', 'soddi1621', 'hs960531', 'estalin', 'antoramp', 'alberto4', 'dhkswk96', 'ghobashy445', 'graceml2', 'gipes', 'qowoans94', 'kendalhiatt', 'marshallfrye', 'foojorge', '123whdxor', 'aloptor', 'lsj4677', 'johnlanghout', 'lhc33820933', 'juansans98', 'jasperdeconinck', 'bobbimatheson', 'spazos', 'matthewdailey', 'u0543041', 'macks', 'giacomo.bego', 'myez', 'ana.rmteo', 'immmin6677', 'dangover94', 'corozco', 'titanking231', 'qottkf6194', 'glevita2', 'dish1498', 'marniesan', 'juanjoseo', 'eunice98k', 'k66773659', 'emt2', 'zaubin42', 'eserafimbortolazzo', 'franktib2', 'cbnuleejinwoo', 'cbo3', 'nshamsi', 'cjsxodnd12', 'dnlek12', 'rygr8576', 'boody456366', 'antonio25', 'bha00001', 'zrm0001', 'jenniferperez1', 'leesk4869', 'anstjd1542', 'jiaolh', 'parkface94', 'hyerim100600', 'msubullies1', 'jrichman99', 'aht47', 'caetano.eirea', 'philg', 'mattmattmerrill', 'jakubpepas', 'yoonek6719', 'dbeciri45', 'u1121281', 'mauro_sg', 'qncowlf10', 'idargu90', 'yougyeongo', 'student1000', 'chvk4161', 'mitchell.shields99', 'chohyundong12', 'ludovick', 'gcxmoffice1994', 'itskatomall', 'jlkirk', 'pichoncillo1', 'htj1104', 'anais3', 'ophelie10', 'eogn1004', 'hellbomber101', 'supernhtr', 'ryuhoin2002', 'e.pmcrespo', 'marcospascualin', 'juho4523', 'danielcondetorres', 'pablosande98', 'mtanzi', 'kyserch', 'guillermocam', 'aanupam3', 'rhrna007', 'aia00001', 'lwang82', 'wjdekgus77', 'josig2011', 'dariushkim', 'kepco2020a', 'hayejord', 'tonni1912', 'tjtks4730', 'naitix', 'bbatuhanbilecen', 'khfrum', 'piri940511', 'gonserr', 'iagomillanentenza', 'adp5383', 'tpollei', 'ezsamsuntung', 'reyda', 'martinperezmaneiro', 'tmdorsey', 'smdesrochers', 'jonathan.balent', 'hjshook', 'francike', 'iflueck2', 'josedamiangarcianoya', 'siyuezheng', 'emilioar', 'jmy0002', 'koakhyunji', 'mocha7411', 'socrat', 'alskdjfh6161', 'mertyamanoglu', 'ziyue2', 'gekco', 'kesu1234', 'ganaaa12a', 'coopjord', 'georgeckchen', 'xogus102929', 'rachelgjohnson', 'ye02', 'junzed2', 'rsp79', 'cmoauro2', 'vandelei', 'xoangon', 'zlapvmf', 'b.benson', 'giacomo.munari.1', 'ignaciomilani', 'toast', 'nakkulab', 'jeandavid', 'petercp2', 'raymondzhou227', 'mmartinezsanchez', 'm0650104.ee06g', 'tnqls3409', 'manuel10suarez10', 'sabintandukar', 'bsusol2', 'martinzapatamartinez', 'jesusgiraldez', 'u1201859', 'dbister', 'genius_p', 'isaac.dominguez4444', 'wodnjssnsk12', 'qwerty0637', 'nes1011', 'lidiadom', 'ghtlstnf7', 'samuelfl', 'sallysong683', 'giung0227', 'fofi94', 'declanb', 'axelbelgarde', 'n3b3x', 'anamichelena', 'dale7283', 'thddpwls257', 'danielm78', 'ardisch123', 'ybso1566', 'jedelkind0117', 'exareivaj', 'pedro.julian', 'cjs476', 'b.isenberg', 'blake.ballou08', 'sgu20151463', 'roychoudhuryaditya2019', 'u0360918', 'navya.k.shastri', 'logankraus', 'sukjunyeo', 'jaephago', 'rbb0001', 'qumo4329', 'hancheyn', 'alw0039', 'palzmq', 'mcdonald.josh', 'bw02203', 'lukebidulka', 'pablocl', 'beper53', 'dorxlqmdkdlel', 'ohh99o9', 'dmeyer1998', 'cicalesej', 'jdanivc', 'taylordavis678', 'u1285150', 'jboniuk98', 'matthewleemle2', 'dldnals2020', 'sschneider874', 'qkslqksl951', 'tristram', 'mis5660', 'rohdej', 'byeolguri', 'clara.landesa', 'nargene', 'jhryu1994', 'chdu6864', 'therahuul', 'sherwmit', 'ylanbdr', 'foghel96', 'yoojeong9925', 'suyoneee', 'mikesnure', 'jn12su27', 'sumintnals', 'andreagcoto', 'adrianhochgesang', 'latourem', 'hyerim1006000', 'xoanmayo', 'thomas.poulin', 'anstpdlffj3', 'shabnashreej', 'sportmonkey584', 'sooooooy314', 'abal2474', 'xfiles', 'ekdms0894']"
13,190,54,42,31,"['zlapvmf', 'cjsxodnd12', 'eogn1004', 'thddpwls257', 'doog9601', 'lsj4677', 'tnqls3409', 'koakhyunji', 'mocha7411', 'yjn3492', 'nargene', 'leesk4869', 'anstjd1542', 'wjdekgus77', 'josig2011', 'yoojeong9925', 'yoonek6719', 'qottkf6194', 'jn12su27', 'sukjunyeo', 'wodnjssnsk12', 'qncowlf10', 'hs960531', 'xogus102929', 'chvk4161', 'ye02', 'dhkswk96', 'k66773659', 'bw02203', 'qowoans94', 'giung0227']",23,"['5dustkd', '123whdxor', 'dnlek12', 'juho4523', 'qkslqksl951', 'lhc33820933', 'bha00001', 'mis5660', 'rhrna007', 'kepco2020a', 'immmin6677', 'tjtks4730', 'genius_p', 'sumintnals', 'idargu90', 'soddi1621', 'qwerty0637', 'htj1104', 'palzmq', 'chohyundong12', 'ohh99o9', 'cbnuleejinwoo', 'ekdms0894']",11,"['hj49500494', 'ghtlstnf7', 'kunge0054', 'byeolguri', 'ryuhoin2002', 'ybso1566', 'hyerim1006000', 'dldnals2020', 'jhryu1994', 'hyerim100600', 'yougyeongo']",65,"['5dustkd', 'cjsxodnd12', 'dnlek12', 'thddpwls257', 'doog9601', 'ybso1566', 'bha00001', 'koakhyunji', 'mocha7411', 'yjn3492', 'leesk4869', 'anstjd1542', 'hyerim100600', 'kunge0054', 'yoonek6719', 'sukjunyeo', 'qncowlf10', 'idargu90', 'soddi1621', 'hs960531', 'yougyeongo', 'xogus102929', 'chvk4161', 'ye02', 'palzmq', 'dhkswk96', 'cbnuleejinwoo', 'bw02203', 'chohyundong12', 'qowoans94', 'ohh99o9', 'htj1104', 'zlapvmf', '123whdxor', 'eogn1004', 'ryuhoin2002', 'lsj4677', 'dldnals2020', 'juho4523', 'qkslqksl951', 'lhc33820933', 'mis5660', 'tnqls3409', 'byeolguri', 'nargene', 'rhrna007', 'jhryu1994', 'wjdekgus77', 'hj49500494', 'josig2011', 'kepco2020a', 'immmin6677', 'yoojeong9925', 'tjtks4730', 'genius_p', 'qottkf6194', 'jn12su27', 'sumintnals', 'wodnjssnsk12', 'hyerim1006000', 'qwerty0637', 'ghtlstnf7', 'k66773659', 'giung0227', 'ekdms0894']"
13,49,54,38,31,"['5dustkd', '123whdxor', 'dnlek12', 'thddpwls257', 'lsj4677', 'juho4523', 'qkslqksl951', 'mis5660', 'bha00001', 'tnqls3409', 'nargene', 'leesk4869', 'rhrna007', 'kepco2020a', 'immmin6677', 'genius_p', 'qottkf6194', 'wodnjssnsk12', 'idargu90', 'soddi1621', 'hs960531', 'qwerty0637', 'chvk4161', 'palzmq', 'cbnuleejinwoo', 'chohyundong12', 'bw02203', 'qowoans94', 'ohh99o9', 'giung0227', 'htj1104']",23,"['zlapvmf', 'cjsxodnd12', 'eogn1004', 'doog9601', 'lhc33820933', 'koakhyunji', 'mocha7411', 'yjn3492', 'anstjd1542', 'wjdekgus77', 'josig2011', 'yoojeong9925', 'tjtks4730', 'yoonek6719', 'jn12su27', 'sumintnals', 'sukjunyeo', 'qncowlf10', 'xogus102929', 'ye02', 'dhkswk96', 'k66773659', 'ekdms0894']",7,"['zeesoo1', 'hansangpil', 'suyoneee', 'piri940511', 'ybso1566', 'chltnwjd8530', 'dldnals2020']",61,"['5dustkd', 'cjsxodnd12', 'dnlek12', 'thddpwls257', 'doog9601', 'ybso1566', 'bha00001', 'koakhyunji', 'mocha7411', 'yjn3492', 'leesk4869', 'anstjd1542', 'hansangpil', 'yoonek6719', 'sukjunyeo', 'qncowlf10', 'idargu90', 'soddi1621', 'hs960531', 'xogus102929', 'chvk4161', 'ye02', 'palzmq', 'dhkswk96', 'cbnuleejinwoo', 'bw02203', 'chohyundong12', 'qowoans94', 'ohh99o9', 'htj1104', 'zlapvmf', '123whdxor', 'eogn1004', 'lsj4677', 'dldnals2020', 'juho4523', 'qkslqksl951', 'lhc33820933', 'mis5660', 'tnqls3409', 'nargene', 'rhrna007', 'wjdekgus77', 'zeesoo1', 'josig2011', 'kepco2020a', 'immmin6677', 'yoojeong9925', 'tjtks4730', 'genius_p', 'suyoneee', 'qottkf6194', 'jn12su27', 'sumintnals', 'piri940511', 'wodnjssnsk12', 'chltnwjd8530', 'qwerty0637', 'k66773659', 'giung0227', 'ekdms0894']"
13,50,54,12,11,"['qwerty0637', 'qkslqksl951', 'dhkswk96', 'josig2011', 'kepco2020a', 'mis5660', 'yoojeong9925', 'thddpwls257', 'yjn3492', 'yoonek6719', 'nargene']",43,"['5dustkd', 'zlapvmf', '123whdxor', 'dnlek12', 'cjsxodnd12', 'eogn1004', 'doog9601', 'ekdms0894', 'lsj4677', 'juho4523', 'lhc33820933', 'bha00001', 'tnqls3409', 'koakhyunji', 'mocha7411', 'leesk4869', 'rhrna007', 'anstjd1542', 'wjdekgus77', 'immmin6677', 'tjtks4730', 'genius_p', 'qottkf6194', 'jn12su27', 'giung0227', 'sumintnals', 'sukjunyeo', 'wodnjssnsk12', 'qncowlf10', 'idargu90', 'soddi1621', 'hs960531', 'xogus102929', 'chvk4161', 'ye02', 'palzmq', 'k66773659', 'bw02203', 'chohyundong12', 'qowoans94', 'ohh99o9', 'cbnuleejinwoo', 'htj1104']",1,['ryuhoin2002'],55,"['5dustkd', 'zlapvmf', '123whdxor', 'dnlek12', 'cjsxodnd12', 'eogn1004', 'thddpwls257', 'doog9601', 'ryuhoin2002', 'ekdms0894', 'lsj4677', 'juho4523', 'qkslqksl951', 'lhc33820933', 'bha00001', 'tnqls3409', 'mis5660', 'koakhyunji', 'mocha7411', 'yjn3492', 'nargene', 'leesk4869', 'rhrna007', 'anstjd1542', 'wjdekgus77', 'josig2011', 'kepco2020a', 'immmin6677', 'yoojeong9925', 'tjtks4730', 'genius_p', 'yoonek6719', 'qottkf6194', 'jn12su27', 'giung0227', 'sumintnals', 'sukjunyeo', 'wodnjssnsk12', 'qncowlf10', 'idargu90', 'soddi1621', 'hs960531', 'xogus102929', 'qwerty0637', 'chvk4161', 'ye02', 'palzmq', 'dhkswk96', 'k66773659', 'bw02203', 'chohyundong12', 'qowoans94', 'ohh99o9', 'cbnuleejinwoo', 'htj1104']"
13,145,54,7,6,"['eogn1004', 'mis5660', 'koakhyunji', 'leesk4869', 'anstjd1542', 'lsj4677']",48,"['5dustkd', 'zlapvmf', '123whdxor', 'dnlek12', 'cjsxodnd12', 'thddpwls257', 'doog9601', 'ekdms0894', 'juho4523', 'qkslqksl951', 'lhc33820933', 'bha00001', 'tnqls3409', 'mocha7411', 'yjn3492', 'nargene', 'rhrna007', 'wjdekgus77', 'josig2011', 'kepco2020a', 'immmin6677', 'yoojeong9925', 'tjtks4730', 'genius_p', 'yoonek6719', 'qottkf6194', 'jn12su27', 'giung0227', 'sumintnals', 'sukjunyeo', 'wodnjssnsk12', 'qncowlf10', 'idargu90', 'soddi1621', 'hs960531', 'xogus102929', 'qwerty0637', 'chvk4161', 'ye02', 'palzmq', 'dhkswk96', 'k66773659', 'bw02203', 'chohyundong12', 'qowoans94', 'ohh99o9', 'cbnuleejinwoo', 'htj1104']",1,['jhryu1994'],55,"['5dustkd', 'zlapvmf', '123whdxor', 'dnlek12', 'cjsxodnd12', 'eogn1004', 'thddpwls257', 'doog9601', 'ekdms0894', 'lsj4677', 'juho4523', 'qkslqksl951', 'lhc33820933', 'bha00001', 'tnqls3409', 'mis5660', 'koakhyunji', 'mocha7411', 'yjn3492', 'nargene', 'leesk4869', 'rhrna007', 'anstjd1542', 'jhryu1994', 'wjdekgus77', 'josig2011', 'kepco2020a', 'immmin6677', 'yoojeong9925', 'tjtks4730', 'genius_p', 'yoonek6719', 'qottkf6194', 'jn12su27', 'giung0227', 'sumintnals', 'sukjunyeo', 'wodnjssnsk12', 'qncowlf10', 'idargu90', 'soddi1621', 'hs960531', 'xogus102929', 'qwerty0637', 'chvk4161', 'ye02', 'palzmq', 'dhkswk96', 'k66773659', 'bw02203', 'chohyundong12', 'qowoans94', 'ohh99o9', 'cbnuleejinwoo', 'htj1104']"
13,138,54,6,4,"['qwerty0637', 'immmin6677', 'genius_p', 'htj1104']",50,"['5dustkd', 'zlapvmf', '123whdxor', 'dnlek12', 'cjsxodnd12', 'eogn1004', 'thddpwls257', 'doog9601', 'ekdms0894', 'lsj4677', 'juho4523', 'qkslqksl951', 'lhc33820933', 'bha00001', 'tnqls3409', 'mis5660', 'koakhyunji', 'mocha7411', 'yjn3492', 'nargene', 'leesk4869', 'rhrna007', 'anstjd1542', 'wjdekgus77', 'josig2011', 'kepco2020a', 'yoojeong9925', 'tjtks4730', 'yoonek6719', 'qottkf6194', 'jn12su27', 'giung0227', 'sumintnals', 'sukjunyeo', 'wodnjssnsk12', 'qncowlf10', 'idargu90', 'soddi1621', 'hs960531', 'xogus102929', 'chvk4161', 'ye02', 'palzmq', 'dhkswk96', 'k66773659', 'bw02203', 'chohyundong12', 'qowoans94', 'ohh99o9', 'cbnuleejinwoo']",2,"['dhwjdtjrg', 'dldnals2020']",56,"['5dustkd', 'zlapvmf', '123whdxor', 'dnlek12', 'cjsxodnd12', 'eogn1004', 'thddpwls257', 'doog9601', 'ekdms0894', 'lsj4677', 'dldnals2020', 'juho4523', 'qkslqksl951', 'lhc33820933', 'bha00001', 'tnqls3409', 'mis5660', 'koakhyunji', 'mocha7411', 'yjn3492', 'nargene', 'leesk4869', 'rhrna007', 'anstjd1542', 'wjdekgus77', 'josig2011', 'kepco2020a', 'immmin6677', 'yoojeong9925', 'tjtks4730', 'dhwjdtjrg', 'genius_p', 'yoonek6719', 'qottkf6194', 'jn12su27', 'giung0227', 'sumintnals', 'sukjunyeo', 'wodnjssnsk12', 'qncowlf10', 'idargu90', 'soddi1621', 'hs960531', 'xogus102929', 'qwerty0637', 'chvk4161', 'ye02', 'palzmq', 'dhkswk96', 'k66773659', 'bw02203', 'chohyundong12', 'qowoans94', 'ohh99o9', 'cbnuleejinwoo', 'htj1104']"
14,168,51,22,18,"['azatar3', 'jihoonp2', 'dl20', 'dlee230', 'ymyu2', 'khalilo2', 'msaada2', 'bonianp2', 'hanzhi2', 'adamato2', 'konicek3', 'ziruiw2', 'noahrh3', 'magnaye2', 'jiaruil4', 'haoyuli3', 'xuwenting2000', 'huizhit2']",33,"['loutris2', 'bsutton3', 'jaeyong2', 'mlarson7', 'rdelara2', 'corynne2', 'alexmf2', 'acnunes2', 'alfadel2', 'kacperr2', 'sbhujle2', 'zg10', 'bremig2', 'dosman3', 'jlakomy2', 'schumer2', 'jkelle30', 'raetaylor', 'aeburke4', 'pmcnutt2', 'mabdal6', 'ninume2', 'meeraj2', 'aatass2', 'depew2', 'nathane3', 'ericli4', 'luketk2', 'trishag3', 'zanh2', 'mderka3', 'tjoung2', 'jordanm7']",4,"['haibog2', 'glevita2', 'graceml2', 'zhuoran8']",55,"['loutris2', 'bsutton3', 'jaeyong2', 'mlarson7', 'khalilo2', 'corynne2', 'rdelara2', 'dlee230', 'alexmf2', 'ziruiw2', 'acnunes2', 'alfadel2', 'sbhujle2', 'kacperr2', 'huizhit2', 'zg10', 'bremig2', 'dosman3', 'jlakomy2', 'schumer2', 'hanzhi2', 'jkelle30', 'raetaylor', 'aeburke4', 'pmcnutt2', 'mabdal6', 'xuwenting2000', 'ninume2', 'meeraj2', 'jihoonp2', 'aatass2', 'dl20', 'depew2', 'ymyu2', 'msaada2', 'glevita2', 'noahrh3', 'jiaruil4', 'haibog2', 'nathane3', 'ericli4', 'azatar3', 'zhuoran8', 'bonianp2', 'adamato2', 'luketk2', 'konicek3', 'graceml2', 'trishag3', 'magnaye2', 'zanh2', 'haoyuli3', 'mderka3', 'tjoung2', 'jordanm7']"
14,167,51,16,15,"['loutris2', 'bremig2', 'aatass2', 'dosman3', 'alexmf2', 'jkelle30', 'aeburke4', 'mabdal6', 'zanh2', 'kacperr2', 'mderka3', 'ericli4', 'ninume2', 'jordanm7', 'meeraj2']",36,"['bsutton3', 'jaeyong2', 'mlarson7', 'khalilo2', 'corynne2', 'rdelara2', 'dlee230', 'ziruiw2', 'acnunes2', 'alfadel2', 'sbhujle2', 'huizhit2', 'zg10', 'jlakomy2', 'schumer2', 'hanzhi2', 'raetaylor', 'pmcnutt2', 'xuwenting2000', 'jihoonp2', 'dl20', 'depew2', 'ymyu2', 'msaada2', 'noahrh3', 'jiaruil4', 'nathane3', 'azatar3', 'bonianp2', 'adamato2', 'luketk2', 'konicek3', 'trishag3', 'magnaye2', 'haoyuli3', 'tjoung2']",1,['pgardo2'],52,"['loutris2', 'bsutton3', 'jaeyong2', 'mlarson7', 'khalilo2', 'corynne2', 'rdelara2', 'dlee230', 'alexmf2', 'ziruiw2', 'acnunes2', 'alfadel2', 'sbhujle2', 'kacperr2', 'huizhit2', 'zg10', 'bremig2', 'dosman3', 'jlakomy2', 'schumer2', 'hanzhi2', 'jkelle30', 'raetaylor', 'aeburke4', 'pmcnutt2', 'mabdal6', 'xuwenting2000', 'ninume2', 'meeraj2', 'jihoonp2', 'aatass2', 'dl20', 'depew2', 'pgardo2', 'ymyu2', 'msaada2', 'noahrh3', 'jiaruil4', 'nathane3', 'ericli4', 'azatar3', 'bonianp2', 'adamato2', 'luketk2', 'konicek3', 'trishag3', 'magnaye2', 'zanh2', 'haoyuli3', 'mderka3', 'tjoung2', 'jordanm7']"
15,53,48,6,4,"['tnguye22', 'barrano247', 'elisacrisci', 'kleinstreuernc']",44,"['bobbiethomas21', 'fortouna.yannick974', 'rors10', 'bsherry', 'asbellftw', 'lpetruc', 'aanchal.abn', 'msdennen', 'private91', 'nmemmos', 'yohance.osborne', 'smatthe2', 'mariascience', 'temitope746', 'eleason', 'cfaccini', 'vtran0410', 'lagger.cyril', 'mblinov', 'abchitnis', 'kb08802', 'nanc.ventura', 'tonyguy', 'nplonsk2', 'monika1920', 'anthonyjmorciglio', 'riyagarg28', 'mssaha', 'jaurban', 'joaoclcarvalho', 'nfatima', 'juanattard', 'ahoerter', 'phytang', 'kwatana6', 'stepien', 'drcfrowlatt', 'henschlmr', 'babu.12', 'j.toledo.mx', 'jwburton', 'averycbradley', 'marcellam.torres', 'binzhang']",2,"['afriasd', 'lilshay1999.lr']",50,"['bobbiethomas21', 'fortouna.yannick974', 'afriasd', 'rors10', 'bsherry', 'kleinstreuernc', 'asbellftw', 'lpetruc', 'aanchal.abn', 'msdennen', 'private91', 'nmemmos', 'yohance.osborne', 'smatthe2', 'mariascience', 'temitope746', 'eleason', 'cfaccini', 'lilshay1999.lr', 'vtran0410', 'lagger.cyril', 'mblinov', 'abchitnis', 'kb08802', 'nanc.ventura', 'tonyguy', 'nplonsk2', 'monika1920', 'anthonyjmorciglio', 'riyagarg28', 'mssaha', 'jaurban', 'joaoclcarvalho', 'elisacrisci', 'nfatima', 'juanattard', 'ahoerter', 'phytang', 'kwatana6', 'stepien', 'drcfrowlatt', 'henschlmr', 'babu.12', 'j.toledo.mx', 'tnguye22', 'jwburton', 'averycbradley', 'marcellam.torres', 'binzhang', 'barrano247']"
16,213,48,24,18,"['aliffshafiq63', 'ridhwan', 'kie190064', 'beh1017', 'tharshini.balakrishnan', 'cheah', 'aidaaqilah', 'kie190016', 'aimansanusi20', 'm.aliffhaikal', 'abudegracia', 'doubledotp', 'hui_ting0111', 'wongzhiyong13', 'cassielim99', 'balquis', 'kie190019', 'niksyahmiadlibinabdulhalim']",30,"['chanyoenghin', 'kie190065', 'ste2', 'mabdullah478', 'aharonelnatan', 'leongeezheng', 'khairul.d.e.0204', 'didwldnd777', 'fleckn2', 'kie190033', 'hasanshakir', 'pablomartinhigueras', 'amosleecs', 'wondwosent', 'sohyonghou1221', 'csar36', 'mfaix707', 'kevin4749', 'themsd15849', 'zheyau0717', 'wee', 'ngjinen2', 'zaismadimf', 'kie190030', 'robotbuildinglt', 'koi', 'stm1912ds', 'alexanderfong11', 'chanjingxian13351', 'wxb15386613499']",6,"['sharifah_fatmadiana', 'tanhongjian', 'kie190027', 'zhixian293', 'conanloke', 'kie190507']",54,"['ridhwan', 'chanyoenghin', 'kie190065', 'tharshini.balakrishnan', 'ste2', 'mabdullah478', 'aharonelnatan', 'leongeezheng', 'khairul.d.e.0204', 'conanloke', 'kie190507', 'fleckn2', 'didwldnd777', 'tanhongjian', 'kie190016', 'm.aliffhaikal', 'kie190033', 'hasanshakir', 'zhixian293', 'pablomartinhigueras', 'amosleecs', 'balquis', 'niksyahmiadlibinabdulhalim', 'wondwosent', 'aliffshafiq63', 'kie190064', 'beh1017', 'sohyonghou1221', 'csar36', 'mfaix707', 'kevin4749', 'doubledotp', 'themsd15849', 'wongzhiyong13', 'hui_ting0111', 'cassielim99', 'zheyau0717', 'cheah', 'wee', 'ngjinen2', 'zaismadimf', 'sharifah_fatmadiana', 'kie190027', 'aimansanusi20', 'robotbuildinglt', 'abudegracia', 'koi', 'aidaaqilah', 'stm1912ds', 'kie190030', 'alexanderfong11', 'chanjingxian13351', 'wxb15386613499', 'kie190019']"
17,46,46,32,31,"['gjategao', 'rkoliver', 'naturne1', 'odorr', 'crogelba', 'dcfarr', 'phays1', 'ajgarc30', 'rsailus', 'bibarram', 'afabraha', 'dpastorm', 'mrodart2', 'bakenne3', 'ttbulen', 'lfowkes', 'yzenkov', 'twanless', 'lsingh7', 'eaamonoo', 'bryanibarramercado', 'jawrig18', 'jjdyck', 'kayleswo', 'xxzamuzaxx', 'lzpowers', 'plbrown5', 'mdlevin2', 'aplantz', 'sfisco', 'rdelloli']",15,"['mohammadyaqoop62', 'trackiraq6874', 'smorenoa', 'cristinaherz', 'aville17', 'kadimkh8', 'aliahmed22_21', 'pankajkumarcollege', 'jcbonner', 'mkurecki', 'electrical1362', 'jburchar', 'setrusse', 'msc.rusul', 'pawar.38']",1,['ijsxa'],47,"['smorenoa', 'naturne1', 'crogelba', 'dcfarr', 'ajgarc30', 'bibarram', 'dpastorm', 'mkurecki', 'msc.rusul', 'trackiraq6874', 'bakenne3', 'ttbulen', 'lsingh7', 'jcbonner', 'jawrig18', 'electrical1362', 'xxzamuzaxx', 'lzpowers', 'setrusse', 'mdlevin2', 'sfisco', 'kadimkh8', 'rdelloli', 'pawar.38', 'gjategao', 'mohammadyaqoop62', 'cristinaherz', 'rkoliver', 'pankajkumarcollege', 'ijsxa', 'odorr', 'jburchar', 'phays1', 'rsailus', 'aville17', 'afabraha', 'mrodart2', 'lfowkes', 'yzenkov', 'twanless', 'eaamonoo', 'bryanibarramercado', 'jjdyck', 'kayleswo', 'plbrown5', 'aplantz', 'aliahmed22_21']"
19,82,44,16,11,"['2016.vinita.chanchlani', '2016.siddhant.nashte', '2016.prathamesh.kulkarni', 'kajollandge26', 'phosphophyllite', 'onkar7798', '2016.sachin.varak', 'aditya159896', 'paritoshdixit84', '2016.aditi.jadhav', '2016.saloni.salvi']",33,"['poojakindre', 'vindhya1234', '2016.rohit.shelke', '2016.aniket.salgaonkar', '2016.srujana.kotur', '2016.akshara.thaivalappil', '2016.abhishek.sambherao', '2016.jay.sonawane', '2016.vinayak.lohote', 'utkarsh0604', '2016.sairaj.rikame', '2016.varenya.bhatt', 'akshaya169', 'chshoaib7', 'patilashish6517', '2016.abhik.mirdha', 'ritanshu', 'janvi20', '2016.sachin.nair', '2016.kajal.ghadge', 'rutujaghatge', 'sarika.kuhikar', '2016.aditya.pawar', 'ej2014.nikita.kamble', 'anish.jha', 'sid_04', '2016.amol.shinde', '2016.heman.parashar', '2016.shantanu.suryavanshi', 'ritanshu.agrawal', '2016.anurag.mishra', 'anuragmishra575', '2016.manthan.sonawane']",5,"['manthannaik571', '2016.jasraj.choulkar', '2016.saloni.karale', '2016.bhagyashree.brahmankar', 'eq2014.jiwane.taksham']",49,"['poojakindre', '2016.vinita.chanchlani', 'vindhya1234', '2016.rohit.shelke', '2016.aniket.salgaonkar', 'manthannaik571', '2016.srujana.kotur', '2016.akshara.thaivalappil', 'aditya159896', '2016.abhishek.sambherao', '2016.jay.sonawane', '2016.vinayak.lohote', 'kajollandge26', 'phosphophyllite', 'utkarsh0604', '2016.sairaj.rikame', '2016.varenya.bhatt', '2016.saloni.karale', 'onkar7798', 'akshaya169', 'chshoaib7', 'patilashish6517', '2016.abhik.mirdha', 'ritanshu', 'janvi20', '2016.sachin.nair', '2016.kajal.ghadge', '2016.siddhant.nashte', 'rutujaghatge', 'sarika.kuhikar', '2016.aditya.pawar', 'ej2014.nikita.kamble', '2016.jasraj.choulkar', 'anish.jha', 'sid_04', '2016.saloni.salvi', 'paritoshdixit84', '2016.amol.shinde', '2016.heman.parashar', '2016.shantanu.suryavanshi', '2016.prathamesh.kulkarni', 'ritanshu.agrawal', '2016.anurag.mishra', 'anuragmishra575', '2016.sachin.varak', '2016.bhagyashree.brahmankar', '2016.manthan.sonawane', '2016.aditi.jadhav', 'eq2014.jiwane.taksham']"
19,78,44,13,13,"['poojakindre', '2016.vinita.chanchlani', 'vindhya1234', 'rutujaghatge', 'kajollandge26', '2016.prathamesh.kulkarni', 'utkarsh0604', 'phosphophyllite', '2016.srujana.kotur', 'onkar7798', 'aditya159896', '2016.aditi.jadhav', 'paritoshdixit84']",31,"['2016.rohit.shelke', '2016.aniket.salgaonkar', '2016.akshara.thaivalappil', '2016.abhishek.sambherao', '2016.jay.sonawane', '2016.vinayak.lohote', '2016.sairaj.rikame', '2016.varenya.bhatt', 'akshaya169', 'chshoaib7', 'patilashish6517', '2016.abhik.mirdha', 'ritanshu', 'janvi20', '2016.sachin.nair', '2016.kajal.ghadge', '2016.siddhant.nashte', 'sarika.kuhikar', '2016.aditya.pawar', 'ej2014.nikita.kamble', 'anish.jha', 'sid_04', '2016.saloni.salvi', '2016.amol.shinde', '2016.heman.parashar', '2016.shantanu.suryavanshi', 'ritanshu.agrawal', '2016.anurag.mishra', 'anuragmishra575', '2016.sachin.varak', '2016.manthan.sonawane']",0,[],44,"['poojakindre', '2016.vinita.chanchlani', 'vindhya1234', '2016.rohit.shelke', '2016.aniket.salgaonkar', '2016.srujana.kotur', '2016.akshara.thaivalappil', 'aditya159896', '2016.abhishek.sambherao', '2016.jay.sonawane', '2016.vinayak.lohote', 'kajollandge26', 'phosphophyllite', 'utkarsh0604', '2016.sairaj.rikame', '2016.varenya.bhatt', 'onkar7798', 'akshaya169', 'chshoaib7', 'patilashish6517', '2016.abhik.mirdha', 'ritanshu', 'janvi20', '2016.sachin.nair', '2016.kajal.ghadge', '2016.siddhant.nashte', 'rutujaghatge', 'sarika.kuhikar', '2016.aditya.pawar', 'ej2014.nikita.kamble', 'anish.jha', 'sid_04', '2016.saloni.salvi', 'paritoshdixit84', '2016.amol.shinde', '2016.heman.parashar', '2016.shantanu.suryavanshi', '2016.prathamesh.kulkarni', 'ritanshu.agrawal', '2016.anurag.mishra', 'anuragmishra575', '2016.sachin.varak', '2016.manthan.sonawane', '2016.aditi.jadhav']"
19,80,44,10,10,"['2016.amol.shinde', '2016.abhik.mirdha', '2016.sachin.nair', '2016.heman.parashar', '2016.shantanu.suryavanshi', '2016.aniket.salgaonkar', 'onkar7798', 'aditya159896', '2016.abhishek.sambherao', '2016.saloni.salvi']",34,"['poojakindre', '2016.vinita.chanchlani', 'vindhya1234', '2016.rohit.shelke', '2016.srujana.kotur', '2016.akshara.thaivalappil', '2016.jay.sonawane', '2016.vinayak.lohote', 'kajollandge26', 'phosphophyllite', 'utkarsh0604', '2016.sairaj.rikame', '2016.varenya.bhatt', 'akshaya169', 'chshoaib7', 'patilashish6517', 'ritanshu', 'janvi20', '2016.kajal.ghadge', '2016.siddhant.nashte', 'rutujaghatge', 'sarika.kuhikar', '2016.aditya.pawar', 'ej2014.nikita.kamble', 'anish.jha', 'sid_04', 'paritoshdixit84', '2016.prathamesh.kulkarni', 'ritanshu.agrawal', '2016.anurag.mishra', 'anuragmishra575', '2016.sachin.varak', '2016.manthan.sonawane', '2016.aditi.jadhav']",0,[],44,"['poojakindre', '2016.vinita.chanchlani', 'vindhya1234', '2016.rohit.shelke', '2016.aniket.salgaonkar', '2016.srujana.kotur', '2016.akshara.thaivalappil', 'aditya159896', '2016.abhishek.sambherao', '2016.jay.sonawane', '2016.vinayak.lohote', 'kajollandge26', 'phosphophyllite', 'utkarsh0604', '2016.sairaj.rikame', '2016.varenya.bhatt', 'onkar7798', 'akshaya169', 'chshoaib7', 'patilashish6517', '2016.abhik.mirdha', 'ritanshu', 'janvi20', '2016.sachin.nair', '2016.kajal.ghadge', '2016.siddhant.nashte', 'rutujaghatge', 'sarika.kuhikar', '2016.aditya.pawar', 'ej2014.nikita.kamble', 'anish.jha', 'sid_04', '2016.saloni.salvi', 'paritoshdixit84', '2016.amol.shinde', '2016.heman.parashar', '2016.shantanu.suryavanshi', '2016.prathamesh.kulkarni', 'ritanshu.agrawal', '2016.anurag.mishra', 'anuragmishra575', '2016.sachin.varak', '2016.manthan.sonawane', '2016.aditi.jadhav']"
19,81,44,9,8,"['2016.abhik.mirdha', '2016.heman.parashar', '2016.siddhant.nashte', 'vindhya1234', '2016.aditya.pawar', 'anuragmishra575', '2016.sachin.varak', '2016.akshara.thaivalappil']",36,"['poojakindre', '2016.vinita.chanchlani', '2016.rohit.shelke', '2016.aniket.salgaonkar', '2016.srujana.kotur', 'aditya159896', '2016.abhishek.sambherao', '2016.jay.sonawane', '2016.vinayak.lohote', 'kajollandge26', 'phosphophyllite', 'utkarsh0604', '2016.sairaj.rikame', '2016.varenya.bhatt', 'onkar7798', 'akshaya169', 'chshoaib7', 'patilashish6517', 'ritanshu', 'janvi20', '2016.sachin.nair', '2016.kajal.ghadge', 'rutujaghatge', 'sarika.kuhikar', 'ej2014.nikita.kamble', 'anish.jha', 'sid_04', '2016.saloni.salvi', 'paritoshdixit84', '2016.amol.shinde', '2016.shantanu.suryavanshi', '2016.prathamesh.kulkarni', 'ritanshu.agrawal', '2016.anurag.mishra', '2016.manthan.sonawane', '2016.aditi.jadhav']",1,['2016.hrishikesh.warrier'],45,"['poojakindre', '2016.vinita.chanchlani', 'vindhya1234', '2016.rohit.shelke', '2016.aniket.salgaonkar', '2016.srujana.kotur', '2016.akshara.thaivalappil', 'aditya159896', '2016.abhishek.sambherao', '2016.jay.sonawane', '2016.vinayak.lohote', 'kajollandge26', 'phosphophyllite', 'utkarsh0604', '2016.sairaj.rikame', '2016.varenya.bhatt', 'onkar7798', 'akshaya169', 'chshoaib7', 'patilashish6517', '2016.abhik.mirdha', 'ritanshu', 'janvi20', '2016.sachin.nair', '2016.kajal.ghadge', '2016.siddhant.nashte', 'rutujaghatge', 'sarika.kuhikar', '2016.aditya.pawar', 'ej2014.nikita.kamble', 'anish.jha', 'sid_04', '2016.hrishikesh.warrier', '2016.saloni.salvi', 'paritoshdixit84', '2016.amol.shinde', '2016.heman.parashar', '2016.shantanu.suryavanshi', '2016.prathamesh.kulkarni', 'ritanshu.agrawal', '2016.anurag.mishra', 'anuragmishra575', '2016.sachin.varak', '2016.manthan.sonawane', '2016.aditi.jadhav']"
19,79,44,5,5,"['poojakindre', 'janvi20', 'sarika.kuhikar', 'aditya159896', 'sid_04']",39,"['2016.vinita.chanchlani', 'vindhya1234', '2016.rohit.shelke', '2016.aniket.salgaonkar', '2016.srujana.kotur', '2016.akshara.thaivalappil', '2016.abhishek.sambherao', '2016.jay.sonawane', '2016.vinayak.lohote', 'kajollandge26', 'phosphophyllite', 'utkarsh0604', '2016.sairaj.rikame', '2016.varenya.bhatt', 'onkar7798', 'akshaya169', 'chshoaib7', 'patilashish6517', '2016.abhik.mirdha', 'ritanshu', '2016.sachin.nair', '2016.kajal.ghadge', '2016.siddhant.nashte', 'rutujaghatge', '2016.aditya.pawar', 'ej2014.nikita.kamble', 'anish.jha', '2016.saloni.salvi', 'paritoshdixit84', '2016.amol.shinde', '2016.heman.parashar', '2016.shantanu.suryavanshi', '2016.prathamesh.kulkarni', 'ritanshu.agrawal', '2016.anurag.mishra', 'anuragmishra575', '2016.sachin.varak', '2016.manthan.sonawane', '2016.aditi.jadhav']",0,[],44,"['poojakindre', '2016.vinita.chanchlani', 'vindhya1234', '2016.rohit.shelke', '2016.aniket.salgaonkar', '2016.srujana.kotur', '2016.akshara.thaivalappil', 'aditya159896', '2016.abhishek.sambherao', '2016.jay.sonawane', '2016.vinayak.lohote', 'kajollandge26', 'phosphophyllite', 'utkarsh0604', '2016.sairaj.rikame', '2016.varenya.bhatt', 'onkar7798', 'akshaya169', 'chshoaib7', 'patilashish6517', '2016.abhik.mirdha', 'ritanshu', 'janvi20', '2016.sachin.nair', '2016.kajal.ghadge', '2016.siddhant.nashte', 'rutujaghatge', 'sarika.kuhikar', '2016.aditya.pawar', 'ej2014.nikita.kamble', 'anish.jha', 'sid_04', '2016.saloni.salvi', 'paritoshdixit84', '2016.amol.shinde', '2016.heman.parashar', '2016.shantanu.suryavanshi', '2016.prathamesh.kulkarni', 'ritanshu.agrawal', '2016.anurag.mishra', 'anuragmishra575', '2016.sachin.varak', '2016.manthan.sonawane', '2016.aditi.jadhav']"
20,66,42,225,28,"['dixon82', 'smit3184', 'mtbarrette01', 'aaprelik', 'psmading', 'butzz', 'hopkin43', 'nfei', 'cibrahim', 'shethm', 'kiefern', 'jmickow', 'nhuntine', 'patel784', 'hall363', 'pcase', 'abora', 'wang3138', 'lauerc', 'siu2', 'davidrgowan', 'cblackm', 'gleasonb', 'cho372', 'dangratz99', 'zhao988', 'liu2512', 'richtern']",14,"['daveguo614', 'kocher1', 'hansonni', 'kerre', 'nielsenk', 'kfuria', 'wagne236', 'smit2827', 'jiang655', 'doherty6', 'elikroller', 'yount', 'sharp52', 'chung189']",197,"['cwidak', 'zubik', 'redmanr', 'bwitchie', 'flore170', 'baile261', 'amcgoff', 'chiang56', 'lm45000', 'george92', 'allnic21', 'jhulsize', 'boyle49', 'ltopliff', 'dewittl', 'lmackin', 'freyg', 'ericshen628', 'mmshank16', 'dmassow', 'peter514', 'gct246', 'zfrank64', 'jfitzhu', 'verma52', 'bamorim', 'ewilhite', 'ali113', 'bcasler', 'rdrager', 'stark22', 'xul9044', 'smit3177', 'kbebris', 'mtrivell', 'tpownell', 'wade59', 'wertzm', 'akapko', 'hill399', 'choyc', 'tdarmon20', 'racroth35', 'agrillo', 'vkolar', 'efeldman', 'rroggema', 'ithakor', 'justindcambridge', 'nkhuu', 'schro118', 'gao499', 'saboa', 'ltoy', 'patel731', 'jlorah', 'ellis99', 'hillej', 'ashwarts', 'abreidin', 'jo46', 'ecave', 'lowe77.purdue', 'adams410', 'hgrover', 'layyar', 'jin376', 'glevine', 'abhalcha', 'mann78', 'lee2614', 'zhan2846', 'iyengar1', 'dragoneye', 'ftangpoo', 'cmenden', 'jeigenbr', 'cvasq69', 'stewa238', 'peck28', 'davidsml', 'wisler0', 'dleoni', 'roj', 'bkeel', 'winstontinople', 'jmacatan', 'kzeligso', 'apanuga', 'iczajkow', 'mmohdzai', 'cregers', 'rumplem', 'ghais', 'suixiong8', 'mohdshah', 'engc', 'li2722', 'etitheyeti98', 'marito', 'amoravec', 'moore763', 'lawrencr', 'adamdmiller17', 'ceckste', 'msulaima', 'bullock8', 'rathi4', 'jess24', 'rweedon', 'cccyyj720', 'xu1085', 'li3604', 'uuraechu', 'bowman96', 'gcesar', 'slillig', 'goodma27', 'brewer66', 'mart1180', 'abosshar', 'white559', 'dlarocco', 'msargen', 'gnishibu', 'kmotwan', 'akick', 'mheighwa', 'pickera', 'lthursto', 'lrigsbee', 'kinserc', 'xose.amo', 'hschennu', 'aperitor', 'ccurto', 'mfess', 'deane1', 'yang1865', 'tglavan', 'girouxm', 'bgrandst', 'gezbbl7', 'jvanben', 'terry51', 'nnoraziz', 'lswentor', 'jaloi', 'mart1391', 'gupta393', 'natoli0', 'ttayeb', 'sanjivdamodaran', 'sedgerto', 'chao26', 'abano', 'eloewe', 'choi333', 'mcginn1', 'klipiszk', 'sgrzych', 'schuman1', 'jone1573', 'thornt21', 'wonhyukdo', 'singer15', 'mart1380', 'qpitter', 'daviskahmann', 'ghosh36', 'pattiya2002', 'bernarm', 'dunca108', 'chen2122', 'hsmoke', 'awoodwa', 'colewilloughby1125', 'woo49', 'smit3458', 'kozelr', 'cheeseballs99', 'bcaffert', 'konerua', 'malhamm', 'ander754', 'rhinesj', 'lregalad', 'deshmukp', 'yao201', 'edreifue', 'koverley', 's1p6a1r8a', 'awennin', 'nwegh2017', 'anniebreidinger', 'tnoor', 'harri670']",239,"['cwidak', 'redmanr', 'flore170', 'psmading', 'baile261', 'allnic21', 'chiang56', 'ltopliff', 'yount', 'ericshen628', 'mmshank16', 'dmassow', 'gct246', 'zfrank64', 'jfitzhu', 'ewilhite', 'bcasler', 'patel784', 'smit3177', 'xul9044', 'wade59', 'wertzm', 'hill399', 'racroth35', 'efeldman', 'ithakor', 'justindcambridge', 'gao499', 'saboa', 'patel731', 'zhao988', 'liu2512', 'ellis99', 'hillej', 'ashwarts', 'abreidin', 'jo46', 'ecave', 'lowe77.purdue', 'nfei', 'jin376', 'glevine', 'abhalcha', 'lee2614', 'zhan2846', 'dragoneye', 'cmenden', 'sharp52', 'wisler0', 'mohdshah', 'rumplem', 'ghais', 'li2722', 'etitheyeti98', 'marito', 'amoravec', 'lawrencr', 'ceckste', 'daveguo614', 'msulaima', 'rathi4', 'jess24', 'smit2827', 'bowman96', 'goodma27', 'slillig', 'kiefern', 'brewer66', 'mart1180', 'white559', 'dlarocco', 'kmotwan', 'kinserc', 'xose.amo', 'wang3138', 'elikroller', 'ccurto', 'yang1865', 'deane1', 'davidrgowan', 'gezbbl7', 'jvanben', 'terry51', 'nnoraziz', 'jaloi', 'mart1391', 'gupta393', 'sanjivdamodaran', 'butzz', 'sedgerto', 'chao26', 'abano', 'choi333', 'sgrzych', 'schuman1', 'thornt21', 'wonhyukdo', 'singer15', 'qpitter', 'pattiya2002', 'dunca108', 'chen2122', 'colewilloughby1125', 'kozelr', 'abora', 'cheeseballs99', 'bcaffert', 'siu2', 'malhamm', 'ander754', 'rhinesj', 'deshmukp', 'gleasonb', 'koverley', 's1p6a1r8a', 'awennin', 'mheighwa', 'chung189', 'anniebreidinger', 'zubik', 'smit3184', 'mtbarrette01', 'aaprelik', 'bwitchie', 'amcgoff', 'lm45000', 'wagne236', 'george92', 'jhulsize', 'boyle49', 'dewittl', 'lmackin', 'freyg', 'cibrahim', 'peter514', 'verma52', 'bamorim', 'ali113', 'rdrager', 'mtrivell', 'stark22', 'kbebris', 'tpownell', 'akapko', 'jiang655', 'lauerc', 'choyc', 'tdarmon20', 'agrillo', 'vkolar', 'rroggema', 'nkhuu', 'schro118', 'ltoy', 'jlorah', 'richtern', 'adams410', 'hgrover', 'layyar', 'hansonni', 'shethm', 'mann78', 'iyengar1', 'ftangpoo', 'jeigenbr', 'hall363', 'pcase', 'cvasq69', 'stewa238', 'peck28', 'davidsml', 'dleoni', 'roj', 'bkeel', 'winstontinople', 'jmacatan', 'kzeligso', 'apanuga', 'iczajkow', 'mmohdzai', 'cregers', 'suixiong8', 'nielsenk', 'engc', 'cblackm', 'cho372', 'moore763', 'adamdmiller17', 'bullock8', 'rweedon', 'cccyyj720', 'xu1085', 'li3604', 'uuraechu', 'gcesar', 'abosshar', 'doherty6', 'msargen', 'gnishibu', 'nhuntine', 'akick', 'pickera', 'lthursto', 'lrigsbee', 'hschennu', 'aperitor', 'mfess', 'tglavan', 'girouxm', 'kfuria', 'bgrandst', 'lswentor', 'dixon82', 'natoli0', 'ttayeb', 'eloewe', 'hopkin43', 'mcginn1', 'klipiszk', 'kocher1', 'jone1573', 'mart1380', 'jmickow', 'daviskahmann', 'ghosh36', 'bernarm', 'hsmoke', 'awoodwa', 'kerre', 'woo49', 'smit3458', 'konerua', 'lregalad', 'yao201', 'edreifue', 'dangratz99', 'nwegh2017', 'tnoor', 'harri670']"
20,65,42,30,2,"['richtern', 'lauerc']",40,"['daveguo614', 'dixon82', 'smit3184', 'mtbarrette01', 'aaprelik', 'psmading', 'butzz', 'wagne236', 'smit2827', 'hopkin43', 'yount', 'nfei', 'kocher1', 'cibrahim', 'hansonni', 'kiefern', 'shethm', 'jmickow', 'doherty6', 'nhuntine', 'sharp52', 'patel784', 'hall363', 'pcase', 'kerre', 'abora', 'wang3138', 'jiang655', 'elikroller', 'siu2', 'davidrgowan', 'nielsenk', 'kfuria', 'cblackm', 'gleasonb', 'cho372', 'dangratz99', 'zhao988', 'liu2512', 'chung189']",28,"['bullock8', 'gupta393', 'jone1429', 'selkin', 'dobos', 'zhangruichao2000', 'levy27', 'eponsdel', 'ander568', 'yingningfan', 'dragoneye', 'noh12', 'bamorim', 'gkao', 'scottkenning3', 'bmirvish', 'stubbsj15', 'awoodwa', 'cdeppen', 'jingxinwang8', 'son27', 'rollere', 'jonescw79', 'kimura', 'yuminghym', 'liueddyxinlue', 'hsymond', 'gutman']",70,"['daveguo614', 'dixon82', 'bullock8', 'gupta393', 'smit3184', 'mtbarrette01', 'jone1429', 'aaprelik', 'psmading', 'butzz', 'wagne236', 'smit2827', 'hopkin43', 'selkin', 'yount', 'nfei', 'zhangruichao2000', 'dobos', 'kocher1', 'levy27', 'cibrahim', 'hansonni', 'kiefern', 'shethm', 'eponsdel', 'ander568', 'yingningfan', 'jmickow', 'dragoneye', 'doherty6', 'bamorim', 'nhuntine', 'sharp52', 'noh12', 'gkao', 'patel784', 'scottkenning3', 'hall363', 'bmirvish', 'stubbsj15', 'awoodwa', 'cdeppen', 'pcase', 'jingxinwang8', 'kerre', 'abora', 'wang3138', 'jiang655', 'son27', 'lauerc', 'elikroller', 'rollere', 'jonescw79', 'siu2', 'kimura', 'davidrgowan', 'nielsenk', 'kfuria', 'cblackm', 'gleasonb', 'cho372', 'yuminghym', 'liueddyxinlue', 'dangratz99', 'hsymond', 'zhao988', 'liu2512', 'gutman', 'richtern', 'chung189']"
20,72,42,23,4,"['daveguo614', 'smit2827', 'sharp52', 'doherty6']",38,"['dixon82', 'smit3184', 'mtbarrette01', 'aaprelik', 'psmading', 'butzz', 'wagne236', 'hopkin43', 'yount', 'nfei', 'kocher1', 'cibrahim', 'hansonni', 'kiefern', 'shethm', 'jmickow', 'nhuntine', 'patel784', 'hall363', 'pcase', 'kerre', 'abora', 'wang3138', 'jiang655', 'lauerc', 'elikroller', 'siu2', 'davidrgowan', 'nielsenk', 'kfuria', 'cblackm', 'gleasonb', 'cho372', 'dangratz99', 'zhao988', 'liu2512', 'richtern', 'chung189']",19,"['harbinz', 'kswartzb', 'xu1085', 'ferree1', 'fergu101', 'slosing', 'nabdrahn', 'dzadoks', 'jonathanlimp87', 'ctsioli', 'kvansan', 'rollere', 'tu37', 'ross217', 'rroggema', 'schro118', 'nnoraziz', 'ellis99', 'egarayev']",61,"['daveguo614', 'dixon82', 'smit3184', 'mtbarrette01', 'aaprelik', 'psmading', 'butzz', 'wagne236', 'harbinz', 'smit2827', 'hopkin43', 'kswartzb', 'xu1085', 'yount', 'nfei', 'fergu101', 'ferree1', 'slosing', 'kocher1', 'cibrahim', 'hansonni', 'kiefern', 'shethm', 'jmickow', 'doherty6', 'nabdrahn', 'nhuntine', 'sharp52', 'dzadoks', 'patel784', 'jonathanlimp87', 'hall363', 'pcase', 'kerre', 'ctsioli', 'abora', 'wang3138', 'jiang655', 'kvansan', 'lauerc', 'elikroller', 'rollere', 'tu37', 'siu2', 'ross217', 'rroggema', 'schro118', 'davidrgowan', 'nielsenk', 'kfuria', 'cblackm', 'gleasonb', 'cho372', 'dangratz99', 'zhao988', 'liu2512', 'nnoraziz', 'richtern', 'ellis99', 'chung189', 'egarayev']"
20,118,42,19,2,"['jmickow', 'patel784']",40,"['daveguo614', 'dixon82', 'smit3184', 'mtbarrette01', 'aaprelik', 'psmading', 'butzz', 'wagne236', 'smit2827', 'hopkin43', 'yount', 'nfei', 'kocher1', 'cibrahim', 'hansonni', 'kiefern', 'shethm', 'doherty6', 'nhuntine', 'sharp52', 'hall363', 'pcase', 'kerre', 'abora', 'wang3138', 'jiang655', 'lauerc', 'elikroller', 'siu2', 'davidrgowan', 'nielsenk', 'kfuria', 'cblackm', 'gleasonb', 'cho372', 'dangratz99', 'zhao988', 'liu2512', 'richtern', 'chung189']",17,"['cwidak', 'jonathanlimp87', 'nwegh', 'rroggema', 'slillig', 'behrr', 'lthursto', 'engc', 'patel731', 'abosshar', 'hschennu', 'marito', 'nwegh2017', 'terry51', 'jmacatan', 'vkolar', 'egarayev']",59,"['daveguo614', 'dixon82', 'cwidak', 'smit3184', 'mtbarrette01', 'aaprelik', 'psmading', 'butzz', 'wagne236', 'smit2827', 'hopkin43', 'yount', 'nfei', 'kocher1', 'slillig', 'cibrahim', 'hansonni', 'kiefern', 'shethm', 'abosshar', 'jmickow', 'doherty6', 'nhuntine', 'sharp52', 'patel784', 'jonathanlimp87', 'hall363', 'nwegh', 'behrr', 'pcase', 'lthursto', 'kerre', 'abora', 'wang3138', 'jiang655', 'hschennu', 'lauerc', 'elikroller', 'jmacatan', 'vkolar', 'siu2', 'rroggema', 'davidrgowan', 'nielsenk', 'kfuria', 'cblackm', 'gleasonb', 'cho372', 'engc', 'dangratz99', 'patel731', 'marito', 'zhao988', 'liu2512', 'nwegh2017', 'terry51', 'richtern', 'chung189', 'egarayev']"
20,67,42,8,5,"['dixon82', 'hansonni', 'cho372', 'yount', 'sharp52']",37,"['daveguo614', 'smit3184', 'mtbarrette01', 'aaprelik', 'psmading', 'butzz', 'wagne236', 'smit2827', 'hopkin43', 'nfei', 'kocher1', 'cibrahim', 'kiefern', 'shethm', 'jmickow', 'doherty6', 'nhuntine', 'patel784', 'hall363', 'pcase', 'kerre', 'abora', 'wang3138', 'jiang655', 'lauerc', 'elikroller', 'siu2', 'davidrgowan', 'nielsenk', 'kfuria', 'cblackm', 'gleasonb', 'dangratz99', 'zhao988', 'liu2512', 'richtern', 'chung189']",3,"['koverley', 'obalican', 'koverley1']",45,"['daveguo614', 'dixon82', 'smit3184', 'mtbarrette01', 'aaprelik', 'psmading', 'butzz', 'wagne236', 'smit2827', 'hopkin43', 'yount', 'nfei', 'kocher1', 'cibrahim', 'hansonni', 'kiefern', 'shethm', 'koverley1', 'jmickow', 'doherty6', 'nhuntine', 'sharp52', 'patel784', 'hall363', 'pcase', 'kerre', 'abora', 'wang3138', 'jiang655', 'lauerc', 'elikroller', 'siu2', 'obalican', 'davidrgowan', 'nielsenk', 'kfuria', 'cblackm', 'gleasonb', 'cho372', 'koverley', 'dangratz99', 'zhao988', 'liu2512', 'richtern', 'chung189']"
20,69,42,7,1,['kfuria'],41,"['daveguo614', 'dixon82', 'smit3184', 'mtbarrette01', 'aaprelik', 'psmading', 'butzz', 'wagne236', 'smit2827', 'hopkin43', 'yount', 'nfei', 'kocher1', 'cibrahim', 'hansonni', 'kiefern', 'shethm', 'jmickow', 'doherty6', 'nhuntine', 'sharp52', 'patel784', 'hall363', 'pcase', 'kerre', 'abora', 'wang3138', 'jiang655', 'lauerc', 'elikroller', 'siu2', 'davidrgowan', 'nielsenk', 'cblackm', 'gleasonb', 'cho372', 'dangratz99', 'zhao988', 'liu2512', 'richtern', 'chung189']",6,"['jdiego1216', 'olugbenga82', 'guicx', 'etitheyeti98', 'mcginn1', 'efeldman']",48,"['daveguo614', 'dixon82', 'smit3184', 'mtbarrette01', 'aaprelik', 'psmading', 'butzz', 'wagne236', 'smit2827', 'hopkin43', 'yount', 'nfei', 'mcginn1', 'kocher1', 'cibrahim', 'hansonni', 'kiefern', 'shethm', 'olugbenga82', 'guicx', 'jmickow', 'doherty6', 'nhuntine', 'sharp52', 'patel784', 'jdiego1216', 'hall363', 'pcase', 'kerre', 'abora', 'wang3138', 'jiang655', 'lauerc', 'elikroller', 'siu2', 'efeldman', 'davidrgowan', 'nielsenk', 'kfuria', 'cblackm', 'gleasonb', 'cho372', 'etitheyeti98', 'dangratz99', 'zhao988', 'liu2512', 'richtern', 'chung189']"
20,121,42,5,1,['gleasonb'],41,"['daveguo614', 'dixon82', 'smit3184', 'mtbarrette01', 'aaprelik', 'psmading', 'butzz', 'wagne236', 'smit2827', 'hopkin43', 'yount', 'nfei', 'kocher1', 'cibrahim', 'hansonni', 'kiefern', 'shethm', 'jmickow', 'doherty6', 'nhuntine', 'sharp52', 'patel784', 'hall363', 'pcase', 'kerre', 'abora', 'wang3138', 'jiang655', 'lauerc', 'elikroller', 'siu2', 'davidrgowan', 'nielsenk', 'kfuria', 'cblackm', 'cho372', 'dangratz99', 'zhao988', 'liu2512', 'richtern', 'chung189']",4,"['kinserc', 'mmshank16', 'bowman96', 'bstegma']",46,"['daveguo614', 'dixon82', 'smit3184', 'mtbarrette01', 'aaprelik', 'psmading', 'butzz', 'wagne236', 'smit2827', 'hopkin43', 'yount', 'nfei', 'bowman96', 'kocher1', 'mmshank16', 'cibrahim', 'hansonni', 'kiefern', 'shethm', 'jmickow', 'doherty6', 'nhuntine', 'sharp52', 'patel784', 'hall363', 'pcase', 'kerre', 'kinserc', 'abora', 'wang3138', 'jiang655', 'lauerc', 'elikroller', 'siu2', 'bstegma', 'davidrgowan', 'nielsenk', 'kfuria', 'cblackm', 'gleasonb', 'cho372', 'dangratz99', 'zhao988', 'liu2512', 'richtern', 'chung189']"
21,100,41,34,12,"['cse2703', 'kmei94', 'jialunz', 'nigelcarcher', 'nigelcarcher1', 'mkoizumi', 'dbutts', 'tzyk4707', 'rajashreebhatta', 'chanyinshing', 'flymetothemoon', 'terenetwo']",29,"['jesseschimpf', 'attilarektor1', 'baizhehe', 'erikjensen1984', 'simonmontoyabedoya', 'cmcelfresh', 'maiteik', 'monetalberts', 'oliviamaryon', 'vicoy', 'priyaganesh124', 'tic_ticboom', 'tuckerpeace', 'dilloneyer', 'claireadams', 'kevinsaythavy', 'jasminecox', 'kendranoneman', 'sarah.syjh', 'donaldkellis', 'bkkarki', 'trentgarrett', 'nathantokarz', 'jasonpowell1', 'lathanataraj1', 'arielweltner', 'egraugnard', 'henrikunold', 'yong.ai']",22,"['kingforever10', 'jchang96', 'yangliu0607', 'shivangag97', 'csroberts95', 'shushujie', 'huynhkenny', 'zjx80028003', 'mjackson518', 'maddala0312', 'myless', 'jariztoy', 'sphu', 'qmduong0', 'ziqinghan', 'akampe', 'etfusselman', 'yuzhoula', 'aaalrasheed', 'manoj158aravind', 'scc27', 'anniz19']",63,"['jesseschimpf', 'attilarektor1', 'kingforever10', 'jchang96', 'yangliu0607', 'shivangag97', 'dbutts', 'rajashreebhatta', 'baizhehe', 'csroberts95', 'erikjensen1984', 'shushujie', 'simonmontoyabedoya', 'cmcelfresh', 'huynhkenny', 'maiteik', 'monetalberts', 'zjx80028003', 'oliviamaryon', 'vicoy', 'anniz19', 'kmei94', 'priyaganesh124', 'mjackson518', 'mkoizumi', 'tzyk4707', 'tic_ticboom', 'maddala0312', 'flymetothemoon', 'myless', 'terenetwo', 'tuckerpeace', 'jariztoy', 'nigelcarcher', 'nigelcarcher1', 'jialunz', 'claireadams', 'kevinsaythavy', 'dilloneyer', 'jasminecox', 'sphu', 'kendranoneman', 'sarah.syjh', 'qmduong0', 'donaldkellis', 'ziqinghan', 'akampe', 'etfusselman', 'yuzhoula', 'bkkarki', 'aaalrasheed', 'cse2703', 'trentgarrett', 'nathantokarz', 'jasonpowell1', 'manoj158aravind', 'lathanataraj1', 'arielweltner', 'egraugnard', 'chanyinshing', 'scc27', 'henrikunold', 'yong.ai']"
21,238,41,20,13,"['bkkarki', 'oliviamaryon', 'jesseschimpf', 'attilarektor1', 'jasonpowell1', 'claireadams', 'kevinsaythavy', 'kendranoneman', 'arielweltner', 'egraugnard', 'erikjensen1984', 'henrikunold', 'monetalberts']",28,"['dbutts', 'rajashreebhatta', 'baizhehe', 'simonmontoyabedoya', 'cmcelfresh', 'maiteik', 'vicoy', 'kmei94', 'priyaganesh124', 'mkoizumi', 'tzyk4707', 'tic_ticboom', 'flymetothemoon', 'terenetwo', 'tuckerpeace', 'nigelcarcher', 'nigelcarcher1', 'jialunz', 'dilloneyer', 'jasminecox', 'sarah.syjh', 'donaldkellis', 'cse2703', 'trentgarrett', 'nathantokarz', 'lathanataraj1', 'chanyinshing', 'yong.ai']",7,"['hunterg54', 'tylerwebb508', 'jadamsmiller', 'alimustafa', 'raiflyon', 'jameslamb', 'jiheonkwon']",48,"['jesseschimpf', 'attilarektor1', 'dbutts', 'rajashreebhatta', 'baizhehe', 'erikjensen1984', 'tylerwebb508', 'simonmontoyabedoya', 'cmcelfresh', 'raiflyon', 'maiteik', 'monetalberts', 'oliviamaryon', 'vicoy', 'kmei94', 'priyaganesh124', 'mkoizumi', 'tzyk4707', 'tic_ticboom', 'flymetothemoon', 'alimustafa', 'terenetwo', 'tuckerpeace', 'nigelcarcher', 'nigelcarcher1', 'jialunz', 'claireadams', 'kevinsaythavy', 'dilloneyer', 'jasminecox', 'hunterg54', 'kendranoneman', 'sarah.syjh', 'jadamsmiller', 'donaldkellis', 'jiheonkwon', 'bkkarki', 'cse2703', 'trentgarrett', 'nathantokarz', 'jasonpowell1', 'lathanataraj1', 'arielweltner', 'egraugnard', 'chanyinshing', 'henrikunold', 'jameslamb', 'yong.ai']"
21,241,41,19,4,"['flymetothemoon', 'nigelcarcher1', 'jialunz', 'kmei94']",37,"['jesseschimpf', 'attilarektor1', 'dbutts', 'rajashreebhatta', 'baizhehe', 'erikjensen1984', 'simonmontoyabedoya', 'cmcelfresh', 'maiteik', 'monetalberts', 'oliviamaryon', 'vicoy', 'priyaganesh124', 'mkoizumi', 'tzyk4707', 'tic_ticboom', 'terenetwo', 'tuckerpeace', 'nigelcarcher', 'dilloneyer', 'claireadams', 'kevinsaythavy', 'jasminecox', 'kendranoneman', 'sarah.syjh', 'donaldkellis', 'bkkarki', 'cse2703', 'trentgarrett', 'nathantokarz', 'jasonpowell1', 'lathanataraj1', 'arielweltner', 'egraugnard', 'chanyinshing', 'henrikunold', 'yong.ai']",15,"['aaalrasheed', 'kingforever10', 'jchang96', 'manoj158aravind', 'ziqinghan', 'zhangao9706', 'csroberts95', 'jariztoy', 'maddala0312', 'qmduong0', 'shushujie', 'anniz19', 'akampe', 'kayleejin', 'zjx80028003']",56,"['jesseschimpf', 'attilarektor1', 'kingforever10', 'jchang96', 'dbutts', 'rajashreebhatta', 'baizhehe', 'csroberts95', 'erikjensen1984', 'shushujie', 'simonmontoyabedoya', 'cmcelfresh', 'maiteik', 'monetalberts', 'zjx80028003', 'oliviamaryon', 'vicoy', 'anniz19', 'kmei94', 'priyaganesh124', 'mkoizumi', 'tzyk4707', 'tic_ticboom', 'maddala0312', 'flymetothemoon', 'terenetwo', 'tuckerpeace', 'jariztoy', 'nigelcarcher', 'nigelcarcher1', 'jialunz', 'claireadams', 'kevinsaythavy', 'dilloneyer', 'jasminecox', 'kendranoneman', 'sarah.syjh', 'zhangao9706', 'qmduong0', 'donaldkellis', 'akampe', 'ziqinghan', 'kayleejin', 'bkkarki', 'aaalrasheed', 'cse2703', 'trentgarrett', 'nathantokarz', 'jasonpowell1', 'manoj158aravind', 'lathanataraj1', 'arielweltner', 'egraugnard', 'chanyinshing', 'henrikunold', 'yong.ai']"
21,239,41,11,10,"['oliviamaryon', 'trentgarrett', 'nathantokarz', 'jasonpowell1', 'jasminecox', 'tic_ticboom', 'henrikunold', 'donaldkellis', 'tuckerpeace', 'monetalberts']",31,"['jesseschimpf', 'attilarektor1', 'dbutts', 'rajashreebhatta', 'baizhehe', 'erikjensen1984', 'simonmontoyabedoya', 'cmcelfresh', 'maiteik', 'vicoy', 'kmei94', 'priyaganesh124', 'mkoizumi', 'tzyk4707', 'flymetothemoon', 'terenetwo', 'nigelcarcher', 'nigelcarcher1', 'jialunz', 'claireadams', 'kevinsaythavy', 'dilloneyer', 'kendranoneman', 'sarah.syjh', 'bkkarki', 'cse2703', 'lathanataraj1', 'arielweltner', 'egraugnard', 'chanyinshing', 'yong.ai']",1,['jameslamb'],42,"['jesseschimpf', 'attilarektor1', 'dbutts', 'rajashreebhatta', 'baizhehe', 'erikjensen1984', 'simonmontoyabedoya', 'cmcelfresh', 'maiteik', 'monetalberts', 'oliviamaryon', 'vicoy', 'kmei94', 'priyaganesh124', 'mkoizumi', 'tzyk4707', 'tic_ticboom', 'flymetothemoon', 'terenetwo', 'tuckerpeace', 'nigelcarcher', 'nigelcarcher1', 'jialunz', 'claireadams', 'kevinsaythavy', 'dilloneyer', 'jasminecox', 'kendranoneman', 'sarah.syjh', 'donaldkellis', 'bkkarki', 'cse2703', 'trentgarrett', 'nathantokarz', 'jasonpowell1', 'lathanataraj1', 'arielweltner', 'egraugnard', 'chanyinshing', 'henrikunold', 'jameslamb', 'yong.ai']"
21,222,41,6,3,"['arielweltner', 'erikjensen1984', 'trentgarrett']",38,"['jesseschimpf', 'attilarektor1', 'dbutts', 'rajashreebhatta', 'baizhehe', 'simonmontoyabedoya', 'cmcelfresh', 'maiteik', 'monetalberts', 'oliviamaryon', 'vicoy', 'kmei94', 'priyaganesh124', 'mkoizumi', 'tzyk4707', 'tic_ticboom', 'flymetothemoon', 'terenetwo', 'tuckerpeace', 'nigelcarcher', 'nigelcarcher1', 'jialunz', 'claireadams', 'kevinsaythavy', 'dilloneyer', 'jasminecox', 'kendranoneman', 'sarah.syjh', 'donaldkellis', 'bkkarki', 'cse2703', 'nathantokarz', 'jasonpowell1', 'lathanataraj1', 'egraugnard', 'chanyinshing', 'henrikunold', 'yong.ai']",3,"['alimustafa', 'jameslamb', 'hunterg54']",44,"['jesseschimpf', 'attilarektor1', 'dbutts', 'rajashreebhatta', 'baizhehe', 'erikjensen1984', 'simonmontoyabedoya', 'cmcelfresh', 'maiteik', 'monetalberts', 'oliviamaryon', 'vicoy', 'kmei94', 'priyaganesh124', 'mkoizumi', 'tzyk4707', 'tic_ticboom', 'flymetothemoon', 'alimustafa', 'terenetwo', 'tuckerpeace', 'nigelcarcher', 'nigelcarcher1', 'jialunz', 'claireadams', 'kevinsaythavy', 'dilloneyer', 'jasminecox', 'hunterg54', 'kendranoneman', 'sarah.syjh', 'donaldkellis', 'bkkarki', 'cse2703', 'trentgarrett', 'nathantokarz', 'jasonpowell1', 'lathanataraj1', 'arielweltner', 'egraugnard', 'chanyinshing', 'henrikunold', 'jameslamb', 'yong.ai']"
21,242,41,6,3,"['tzyk4707', 'chanyinshing', 'jialunz']",38,"['jesseschimpf', 'attilarektor1', 'dbutts', 'rajashreebhatta', 'baizhehe', 'erikjensen1984', 'simonmontoyabedoya', 'cmcelfresh', 'maiteik', 'monetalberts', 'oliviamaryon', 'vicoy', 'kmei94', 'priyaganesh124', 'mkoizumi', 'tic_ticboom', 'flymetothemoon', 'terenetwo', 'tuckerpeace', 'nigelcarcher', 'nigelcarcher1', 'claireadams', 'kevinsaythavy', 'dilloneyer', 'jasminecox', 'kendranoneman', 'sarah.syjh', 'donaldkellis', 'bkkarki', 'cse2703', 'trentgarrett', 'nathantokarz', 'jasonpowell1', 'lathanataraj1', 'arielweltner', 'egraugnard', 'henrikunold', 'yong.ai']",3,"['yangliu0607', 'theiawu', 'kingforever10']",44,"['jesseschimpf', 'attilarektor1', 'kingforever10', 'dbutts', 'rajashreebhatta', 'baizhehe', 'erikjensen1984', 'simonmontoyabedoya', 'cmcelfresh', 'maiteik', 'monetalberts', 'oliviamaryon', 'vicoy', 'kmei94', 'priyaganesh124', 'mkoizumi', 'tzyk4707', 'tic_ticboom', 'flymetothemoon', 'terenetwo', 'tuckerpeace', 'nigelcarcher', 'nigelcarcher1', 'jialunz', 'claireadams', 'kevinsaythavy', 'dilloneyer', 'jasminecox', 'kendranoneman', 'sarah.syjh', 'donaldkellis', 'theiawu', 'bkkarki', 'cse2703', 'trentgarrett', 'nathantokarz', 'jasonpowell1', 'lathanataraj1', 'arielweltner', 'egraugnard', 'chanyinshing', 'yangliu0607', 'henrikunold', 'yong.ai']"
22,131,40,22,19,"['delmoral1999', 'aleixespada', 'paulamaynou', 'isaacexma', 'julia.partal', 'xavier.x1000', 'paula.maynou', 'evadelalamofillat9', 'roberto.fagotto', 'pau.asensio', 'quimii1', 'ritagrimalt11', 'muntsasales', 'aniol.vellvehi', 'andreeaioana.kapas', 'josecarlo', 'rutxi8', 'rjansa125', 'marcalblasco']",21,"['rbertolan', 'sara.perezma', 'dvelik001', 'diegodelavega', 'sergio.herce', 'marcdurang', 'marcdominguezgonzalez123', 'enriccg', 'colomeri', 'josebamiren.ormaetxea', 'elenaperalcatalan', 'annafortuno', 'rbalsina', 'rebecapirvu', 'laia.elcantodelloco.aviles', 'laura.remacha', 'manel.mercader99', 'giselasdfghjkl', 'helena.pereda', 'jsergo', 'irantzu.arenaza']",3,"['mrm24', 'devilbattles99', 'paz.aragon']",43,"['rbertolan', 'sara.perezma', 'dvelik001', 'diegodelavega', 'delmoral1999', 'aleixespada', 'paulamaynou', 'isaacexma', 'julia.partal', 'xavier.x1000', 'sergio.herce', 'marcdurang', 'marcdominguezgonzalez123', 'paula.maynou', 'evadelalamofillat9', 'enriccg', 'roberto.fagotto', 'pau.asensio', 'paz.aragon', 'quimii1', 'ritagrimalt11', 'muntsasales', 'colomeri', 'aniol.vellvehi', 'josebamiren.ormaetxea', 'elenaperalcatalan', 'annafortuno', 'andreeaioana.kapas', 'josecarlo', 'rbalsina', 'rebecapirvu', 'rutxi8', 'laia.elcantodelloco.aviles', 'rjansa125', 'laura.remacha', 'manel.mercader99', 'giselasdfghjkl', 'helena.pereda', 'mrm24', 'jsergo', 'marcalblasco', 'irantzu.arenaza', 'devilbattles99']"
22,132,40,6,6,"['dvelik001', 'rbalsina', 'xavier.x1000', 'marcdurang', 'colomeri', 'manel.mercader99']",34,"['rbertolan', 'sara.perezma', 'diegodelavega', 'delmoral1999', 'aleixespada', 'paulamaynou', 'isaacexma', 'julia.partal', 'sergio.herce', 'marcdominguezgonzalez123', 'paula.maynou', 'evadelalamofillat9', 'enriccg', 'roberto.fagotto', 'pau.asensio', 'quimii1', 'ritagrimalt11', 'muntsasales', 'aniol.vellvehi', 'josebamiren.ormaetxea', 'elenaperalcatalan', 'annafortuno', 'andreeaioana.kapas', 'josecarlo', 'rebecapirvu', 'rutxi8', 'laia.elcantodelloco.aviles', 'rjansa125', 'laura.remacha', 'giselasdfghjkl', 'helena.pereda', 'jsergo', 'marcalblasco', 'irantzu.arenaza']",0,[],40,"['rbertolan', 'sara.perezma', 'dvelik001', 'diegodelavega', 'delmoral1999', 'aleixespada', 'paulamaynou', 'isaacexma', 'julia.partal', 'xavier.x1000', 'sergio.herce', 'marcdurang', 'marcdominguezgonzalez123', 'paula.maynou', 'evadelalamofillat9', 'enriccg', 'roberto.fagotto', 'pau.asensio', 'quimii1', 'ritagrimalt11', 'muntsasales', 'colomeri', 'aniol.vellvehi', 'josebamiren.ormaetxea', 'elenaperalcatalan', 'annafortuno', 'andreeaioana.kapas', 'josecarlo', 'rbalsina', 'rebecapirvu', 'rutxi8', 'laia.elcantodelloco.aviles', 'rjansa125', 'laura.remacha', 'manel.mercader99', 'giselasdfghjkl', 'helena.pereda', 'jsergo', 'marcalblasco', 'irantzu.arenaza']"
23,117,39,7,6,"['rcontrac', 'freder26', 'wu1432', 'bsalil', 'wang4506', 'nkedir']",33,"['fang217', 'benjaminyxz', 'ddemelom', 'lbrennan', 'wdeskins', 'mohanc21', 'ayaeger', 'christin3508', 'memari2298', 'le', 'mehrsa', 'suresh9', 'montoyar', 'junghyun', 'brucep1997', 'bhatta23', 'kgp22', 'hkubtan', 'ramakrishna93', 'dunca128', 'hnamocat', 'yesol1017', 'nwinner', 'emeka29', 'jjoffe', 'exf112', 'mshewale', 'ali.salar', 'esoufler', 'akhilvijay', 'nsritong', 'meyers18', 'zliu987']",1,['brajabif'],40,"['wu1432', 'fang217', 'benjaminyxz', 'ddemelom', 'lbrennan', 'wdeskins', 'mohanc21', 'ayaeger', 'christin3508', 'memari2298', 'freder26', 'bsalil', 'le', 'mehrsa', 'suresh9', 'montoyar', 'junghyun', 'brucep1997', 'brajabif', 'bhatta23', 'kgp22', 'hkubtan', 'ramakrishna93', 'dunca128', 'nkedir', 'hnamocat', 'yesol1017', 'nwinner', 'rcontrac', 'emeka29', 'jjoffe', 'exf112', 'wang4506', 'mshewale', 'ali.salar', 'esoufler', 'akhilvijay', 'nsritong', 'meyers18', 'zliu987']"
23,123,39,5,1,['kgp22'],38,"['wu1432', 'fang217', 'benjaminyxz', 'ddemelom', 'lbrennan', 'wdeskins', 'mohanc21', 'ayaeger', 'christin3508', 'memari2298', 'freder26', 'bsalil', 'le', 'mehrsa', 'suresh9', 'montoyar', 'junghyun', 'brucep1997', 'bhatta23', 'hkubtan', 'ramakrishna93', 'dunca128', 'nkedir', 'hnamocat', 'yesol1017', 'nwinner', 'rcontrac', 'emeka29', 'jjoffe', 'exf112', 'wang4506', 'mshewale', 'ali.salar', 'esoufler', 'akhilvijay', 'nsritong', 'meyers18', 'zliu987']",4,"['stark22', 'msargen', 'bgrandst', 'xu1020']",43,"['wu1432', 'fang217', 'benjaminyxz', 'ddemelom', 'lbrennan', 'wdeskins', 'mohanc21', 'ayaeger', 'christin3508', 'xu1020', 'memari2298', 'freder26', 'bsalil', 'le', 'mehrsa', 'suresh9', 'montoyar', 'junghyun', 'msargen', 'brucep1997', 'stark22', 'bhatta23', 'kgp22', 'hkubtan', 'ramakrishna93', 'dunca128', 'nkedir', 'hnamocat', 'yesol1017', 'nwinner', 'rcontrac', 'emeka29', 'jjoffe', 'exf112', 'wang4506', 'bgrandst', 'mshewale', 'ali.salar', 'esoufler', 'akhilvijay', 'nsritong', 'meyers18', 'zliu987']"
24,108,39,73,26,"['byant', 'hu509', 'deshpan3', 'rojas23', 'bhartant', 'smit3159', 'matar', 'patkip', 'lowe52', 'kswiatk', 'fvora', 'ununez', 'jmeneze', 'shanks5', 'li2736', 'lgreenle', 'owen22', 'askipwor', 'aavlani', 'bmodel', 'sharm284', 'eheikens', 'jpiazza', 'reyno105', 'zprofio', 'abuganza']",13,"['oceanlui', 'jmaillet', 'citychiriver', 'qq935964554', 'a16089459d', 'askalamtor', 'zongrui', 'berryshao', 'pikachu1998', 'cdunteman', 'louistan98', 'suz304', '16096619d']",47,"['kkoradiy', 'sah1', 'ncnweb_outreach2', 'ncnweb_outreach1', 'peter496', 'ganeshm', 'gchsong', 'osantang', 'dbenham', 'jianwen97', 'aidanc_purdue', 'jo30', 'ssaradhi', 'jverduzc', 'faltens', 'dewey2', 'pnagrani', 'rnaon', 'callahap', 'satishbgowda', 'gtribe', 'petrosky', 'kulkar72', 'vogel30', 'ericks23', 'desai61', 'jung248', 'jpdero2', 'anaon', 'mtrivell', 'alafzi', 'wang4084', 'titus9', 'dfarache', 'skarumur', 'conley39', 'ja37989', 'han602', 'mcclurez', 'tan254', 'savetian', 'yao201', 'mademoiselle0812', 'ford.l.piano.guitar', 'paulmather', 'jstalba', 'mfarnell']",86,"['byant', 'citychiriver', 'ncnweb_outreach2', 'ncnweb_outreach1', 'hu509', 'deshpan3', 'bhartant', 'smit3159', 'patkip', 'osantang', 'suz304', 'fvora', 'dbenham', 'jianwen97', 'qq935964554', 'faltens', 'lgreenle', 'pnagrani', 'rnaon', 'callahap', 'gtribe', 'petrosky', 'jung248', 'jpdero2', 'anaon', 'mtrivell', 'jmaillet', 'wang4084', 'titus9', 'dfarache', 'askipwor', 'berryshao', 'skarumur', 'conley39', 'aavlani', 'cdunteman', 'han602', 'tan254', 'bmodel', 'eheikens', 'askalamtor', 'savetian', 'reyno105', 'kkoradiy', 'sah1', 'peter496', 'ganeshm', 'rojas23', 'gchsong', 'matar', 'lowe52', 'kswiatk', 'ununez', '16096619d', 'jmeneze', 'aidanc_purdue', 'jo30', 'shanks5', 'li2736', 'a16089459d', 'ssaradhi', 'jverduzc', 'dewey2', 'satishbgowda', 'kulkar72', 'vogel30', 'ericks23', 'owen22', 'zongrui', 'desai61', 'alafzi', 'ja37989', 'louistan98', 'mcclurez', 'oceanlui', 'sharm284', 'jpiazza', 'yao201', 'mademoiselle0812', 'ford.l.piano.guitar', 'paulmather', 'pikachu1998', 'jstalba', 'mfarnell', 'zprofio', 'abuganza']"
24,111,39,6,2,"['hu509', 'bhartant']",37,"['byant', 'citychiriver', 'deshpan3', 'rojas23', 'smit3159', 'matar', 'patkip', 'lowe52', 'suz304', 'fvora', 'ununez', '16096619d', 'jmeneze', 'kswiatk', 'shanks5', 'qq935964554', 'a16089459d', 'li2736', 'lgreenle', 'owen22', 'zongrui', 'jmaillet', 'askipwor', 'berryshao', 'aavlani', 'cdunteman', 'louistan98', 'oceanlui', 'bmodel', 'sharm284', 'eheikens', 'askalamtor', 'jpiazza', 'reyno105', 'pikachu1998', 'zprofio', 'abuganza']",4,"['lpl', 'ian.strachan9', 'seey', 'tmarconi']",43,"['byant', 'citychiriver', 'hu509', 'deshpan3', 'rojas23', 'bhartant', 'smit3159', 'seey', 'matar', 'patkip', 'lowe52', 'suz304', 'fvora', 'ununez', '16096619d', 'jmeneze', 'kswiatk', 'lpl', 'shanks5', 'qq935964554', 'a16089459d', 'li2736', 'tmarconi', 'lgreenle', 'owen22', 'zongrui', 'jmaillet', 'askipwor', 'berryshao', 'aavlani', 'cdunteman', 'louistan98', 'ian.strachan9', 'oceanlui', 'bmodel', 'sharm284', 'eheikens', 'askalamtor', 'jpiazza', 'reyno105', 'pikachu1998', 'zprofio', 'abuganza']"
24,112,39,5,1,['eheikens'],38,"['byant', 'citychiriver', 'hu509', 'deshpan3', 'rojas23', 'bhartant', 'smit3159', 'matar', 'patkip', 'lowe52', 'suz304', 'fvora', 'ununez', '16096619d', 'jmeneze', 'kswiatk', 'shanks5', 'qq935964554', 'a16089459d', 'li2736', 'lgreenle', 'owen22', 'zongrui', 'jmaillet', 'askipwor', 'berryshao', 'aavlani', 'cdunteman', 'louistan98', 'oceanlui', 'bmodel', 'sharm284', 'askalamtor', 'jpiazza', 'reyno105', 'pikachu1998', 'zprofio', 'abuganza']",4,"['ericks23', 'nh_engagement', 'white494', 'krishn73']",43,"['byant', 'citychiriver', 'hu509', 'deshpan3', 'rojas23', 'bhartant', 'smit3159', 'matar', 'patkip', 'lowe52', 'suz304', 'fvora', 'ununez', '16096619d', 'jmeneze', 'kswiatk', 'nh_engagement', 'shanks5', 'qq935964554', 'a16089459d', 'li2736', 'krishn73', 'lgreenle', 'ericks23', 'owen22', 'zongrui', 'jmaillet', 'white494', 'askipwor', 'berryshao', 'aavlani', 'cdunteman', 'louistan98', 'oceanlui', 'bmodel', 'sharm284', 'eheikens', 'askalamtor', 'jpiazza', 'reyno105', 'pikachu1998', 'zprofio', 'abuganza']"
25,153,37,49,35,"['aaa504035787', 'awodell12', 'enakshi', 'faris.albarghouthi', 'uzoigweamauche', 'divmalhotrawork', 'brooke.z.keene', 'brianbosem', 'ari_carri', 'blc29', 'moarabi', 'lindamanyenga', 'sanmitra.roni', 'nano512', 'atm54', 'davidliu729', 'nightshadequeen', 'shihenglu94', 'charlotteroh', 's4rahlim', 'jonahhk', 'martincala', 'ashwinmahendra98', 'ak398', 'vagpan88', 'hah36', '108claire', 'luciamees2016', 'acanning24', 'vivianqw', 'joyqiaoyili', 'lae26', 'joanna.li', 'allencao', 'jmedway614']",2,"['shaochunhung', 'mooonliite']",14,"['mbelissary1', 'ebakretsbew', 'nicemice77', 'amartzz', 'kurisil00', 'brendancheng97', 'horn1720', 'aarondfranklin', 'hannahwilen', 'hattan.abuzaid', 'memelord123', 'marianitaben', 'angiechristinelei', 'dl232']",51,"['awodell12', 'hattan.abuzaid', 'shaochunhung', 'blc29', 'moarabi', 'atm54', 'davidliu729', 'amartzz', 'aarondfranklin', 'hannahwilen', 'nightshadequeen', 'brendancheng97', 'martincala', 'ashwinmahendra98', 'hah36', 'luciamees2016', 'acanning24', 'joyqiaoyili', 'lae26', 'allencao', 'jmedway614', 'vagpan88', 'mooonliite', 'brooke.z.keene', 'aaa504035787', 'enakshi', 'faris.albarghouthi', 'uzoigweamauche', 'divmalhotrawork', 'marianitaben', 'brianbosem', 'ari_carri', 'dl232', 'lindamanyenga', 'sanmitra.roni', 'nano512', 'nicemice77', 'angiechristinelei', 'mbelissary1', 'ebakretsbew', 'horn1720', 'shihenglu94', 'charlotteroh', 's4rahlim', 'jonahhk', 'ak398', '108claire', 'kurisil00', 'vivianqw', 'memelord123', 'joanna.li']"
25,156,37,7,6,"['nano512', 'acanning24', 'joyqiaoyili', 'divmalhotrawork', 'shaochunhung', 'jonahhk']",31,"['aaa504035787', 'awodell12', 'enakshi', 'faris.albarghouthi', 'uzoigweamauche', 'brianbosem', 'ari_carri', 'blc29', 'jmedway614', 'moarabi', 'lindamanyenga', 'sanmitra.roni', 'atm54', 'davidliu729', 'nightshadequeen', 'shihenglu94', 'charlotteroh', 's4rahlim', 'martincala', 'ashwinmahendra98', 'ak398', 'vagpan88', 'mooonliite', 'hah36', '108claire', 'luciamees2016', 'vivianqw', 'lae26', 'joanna.li', 'allencao', 'brooke.z.keene']",1,['hattan.abuzaid'],38,"['aaa504035787', 'awodell12', 'enakshi', 'faris.albarghouthi', 'uzoigweamauche', 'divmalhotrawork', 'hattan.abuzaid', 'shaochunhung', 'brianbosem', 'ari_carri', 'blc29', 'jmedway614', 'moarabi', 'lindamanyenga', 'sanmitra.roni', 'nano512', 'atm54', 'davidliu729', 'nightshadequeen', 'shihenglu94', 'charlotteroh', 's4rahlim', 'jonahhk', 'martincala', 'ashwinmahendra98', 'ak398', 'vagpan88', 'mooonliite', 'hah36', '108claire', 'luciamees2016', 'acanning24', 'vivianqw', 'joyqiaoyili', 'lae26', 'joanna.li', 'allencao', 'brooke.z.keene']"
27,55,32,15,1,['asarnowski'],31,"['jiang402', 'elacr', 'sarahywang', 'adhikarp', 'wyss', 'fionayjx27', 'silapaku', 'zhong150', 'wl0021', 'agulyuk', 'lee3489', 'rderakhs7', 'kmgrove', 'vostwal', 'joshua.thomas.paul', 'henry01234567', 'llosadar', 'cedrichan', 'kstirrup', 'lrajendr', 'drs378', 'jmlin', 'twang28', 'sding7', 'kuhn48', 'carr94', 'ahmad31', 'zhan3736', 'vkoranne', 'hamed0', 'avasiukh']",14,"['tuckerz', 'childs4', 'mcginn1', 'cvasq69', 'tu37', 'gezbbl7', 'oalkayya', 'awennin', 'kvansan', 'aperitor', 'nabdrahn', 'rollere', 'ellis99', 'dewittl']",46,"['tuckerz', 'jiang402', 'elacr', 'sarahywang', 'adhikarp', 'wyss', 'fionayjx27', 'silapaku', 'zhong150', 'wl0021', 'agulyuk', 'mcginn1', 'dewittl', 'lee3489', 'kmgrove', 'oalkayya', 'asarnowski', 'nabdrahn', 'avasiukh', 'vostwal', 'joshua.thomas.paul', 'henry01234567', 'cvasq69', 'llosadar', 'kvansan', 'cedrichan', 'kstirrup', 'lrajendr', 'aperitor', 'rollere', 'tu37', 'drs378', 'jmlin', 'twang28', 'sding7', 'childs4', 'kuhn48', 'carr94', 'ahmad31', 'zhan3736', 'vkoranne', 'gezbbl7', 'awennin', 'hamed0', 'ellis99', 'rderakhs7']"
27,110,32,10,3,"['llosadar', 'jiang402', 'cedrichan']",29,"['elacr', 'sarahywang', 'adhikarp', 'wyss', 'fionayjx27', 'silapaku', 'zhong150', 'wl0021', 'agulyuk', 'lee3489', 'rderakhs7', 'kmgrove', 'asarnowski', 'vostwal', 'joshua.thomas.paul', 'henry01234567', 'kstirrup', 'lrajendr', 'drs378', 'jmlin', 'twang28', 'sding7', 'kuhn48', 'carr94', 'ahmad31', 'zhan3736', 'vkoranne', 'hamed0', 'avasiukh']",7,"['sritapaswi2007', 'cmousoul', 'hsvalladares88', 'ho141', 'bageesey', 'markleightonfisher', 'harbinz']",39,"['sritapaswi2007', 'jiang402', 'elacr', 'sarahywang', 'adhikarp', 'cmousoul', 'wyss', 'hsvalladares88', 'fionayjx27', 'silapaku', 'zhong150', 'harbinz', 'wl0021', 'agulyuk', 'lee3489', 'ho141', 'markleightonfisher', 'kmgrove', 'asarnowski', 'avasiukh', 'vostwal', 'joshua.thomas.paul', 'henry01234567', 'llosadar', 'cedrichan', 'kstirrup', 'lrajendr', 'drs378', 'jmlin', 'twang28', 'sding7', 'kuhn48', 'carr94', 'ahmad31', 'zhan3736', 'vkoranne', 'bageesey', 'hamed0', 'rderakhs7']"
28,56,31,21,18,"['0woodm', 'kgvale', 'nanorefugee', 'insect', 'jm973934', 'benkennard27', 'mbartle', 'evans.jac', 'willhknight99', 'elliswillis', 'ilaydagwillim1', 'tristanalbion', 'rhys2000', 'georgespencer', 'utu10', 'shannon96', 'sophiepowell3', 'samalex']",13,"['bigmatty69', 'adamdawe26', 'victoriabiard99', 'aliaziz98', 'ijames99', 'georgefox99', 'neo12', 'bengrabham', 'ethantull', 'ethantull09', 'reagan23', 'marshmelon', 'ayanamirei']",3,"['victoria.baird7', 'albormeha2', 'fmartinmartinez']",34,"['bigmatty69', 'nanorefugee', 'insect', 'jm973934', 'georgefox99', 'neo12', 'ilaydagwillim1', 'rhys2000', 'utu10', 'ethantull', 'victoria.baird7', 'ethantull09', 'victoriabiard99', 'aliaziz98', 'elliswillis', 'albormeha2', 'tristanalbion', 'bengrabham', 'marshmelon', 'ayanamirei', 'fmartinmartinez', 'kgvale', 'benkennard27', 'willhknight99', 'sophiepowell3', 'reagan23', 'samalex', '0woodm', 'adamdawe26', 'mbartle', 'evans.jac', 'georgespencer', 'shannon96', 'ijames99']"
28,176,31,11,8,"['nanorefugee', 'evans.jac', 'elliswillis', 'ilaydagwillim1', 'rhys2000', 'bengrabham', 'utu10', 'sophiepowell3']",23,"['bigmatty69', 'insect', 'jm973934', 'georgefox99', 'neo12', 'ethantull', 'ethantull09', 'victoriabiard99', 'aliaziz98', 'tristanalbion', 'marshmelon', 'ayanamirei', 'kgvale', 'benkennard27', 'willhknight99', 'reagan23', 'samalex', '0woodm', 'adamdawe26', 'mbartle', 'georgespencer', 'shannon96', 'ijames99']",3,"['reagan231996', 'albormeha2', 'jackallman19']",34,"['bigmatty69', 'nanorefugee', 'insect', 'jm973934', 'georgefox99', 'neo12', 'reagan231996', 'ilaydagwillim1', 'rhys2000', 'utu10', 'ethantull', 'ethantull09', 'victoriabiard99', 'aliaziz98', 'elliswillis', 'albormeha2', 'tristanalbion', 'bengrabham', 'jackallman19', 'marshmelon', 'ayanamirei', 'kgvale', 'benkennard27', 'willhknight99', 'sophiepowell3', 'reagan23', 'samalex', '0woodm', 'adamdawe26', 'mbartle', 'evans.jac', 'georgespencer', 'shannon96', 'ijames99']"
29,43,28,29,28,"['msainzdebaranda', 'edrian.tirene', 'rapier2claws', 'stevenrosenthal', 'angelaccook', 'hensdn', 'tyrell1996', 'zihuanteng', 'rfg0402', 'jacobweldon', 'carolina.garcia', 'gabyrodrigo', 'cbrayman', 'sydneyyu', 'daniel.olis', 'lwick', 'tmartinbrevard', 'ethan.miller1', 'bakerherrin2', 'jvargo1227', 'cassandra.mllr', 'jbtraugott', 'ldigioia3', 'tdwyer1', 'amills2016', 'thesctt', 'su1998', 'dlofranco']",0,[],1,['whatever'],29,"['msainzdebaranda', 'rapier2claws', 'edrian.tirene', 'stevenrosenthal', 'angelaccook', 'hensdn', 'tyrell1996', 'zihuanteng', 'rfg0402', 'jacobweldon', 'carolina.garcia', 'gabyrodrigo', 'cbrayman', 'sydneyyu', 'daniel.olis', 'lwick', 'tmartinbrevard', 'ethan.miller1', 'bakerherrin2', 'jvargo1227', 'cassandra.mllr', 'jbtraugott', 'ldigioia3', 'tdwyer1', 'amills2016', 'whatever', 'thesctt', 'su1998', 'dlofranco']"
30,143,28,21,14,"['karanvj1998', 'elvinj1601', 'npbhosle_b16', 'saaket.agashe', 'pranavpshah', 'vinayy232', 'swaps.surya', 'sanketwayal', 'yash10dulkar', 'shwetakumaran26', 'siddhishah', 'vrajmani20', 'nikhil.abhyankar', 'mrunal']",14,"['samir24', 'rjasoriya26', 'shaima.hakimi96', 'chetansoam1999', 'saurabh.gurbhele', 'mrunmayi.sahare18', '3mayavismaya9710', 'swagger', 'uditadhavale878', 'patnenishad98', 'yash17', 'saumya08', 'shahildhotre1999', 'vrushalis24']",7,"['aartibhilare', 'royshambhavi306', 'athu98', 'vidushi04', 'adityagawali13', 'cmrane_b16', 'shambhavikuthe']",35,"['samir24', 'swaps.surya', 'sanketwayal', 'yash10dulkar', 'athu98', 'yash17', 'nikhil.abhyankar', 'saumya08', 'shahildhotre1999', 'karanvj1998', 'npbhosle_b16', 'rjasoriya26', '3mayavismaya9710', 'uditadhavale878', 'vidushi04', 'patnenishad98', 'adityagawali13', 'shambhavikuthe', 'saaket.agashe', 'shaima.hakimi96', 'pranavpshah', 'vinayy232', 'shwetakumaran26', 'mrunal', 'chetansoam1999', 'vrushalis24', 'elvinj1601', 'aartibhilare', 'mrunmayi.sahare18', 'royshambhavi306', 'siddhishah', 'vrajmani20', 'saurabh.gurbhele', 'swagger', 'cmrane_b16']"
30,141,28,14,1,['3mayavismaya9710'],27,"['samir24', 'swaps.surya', 'sanketwayal', 'yash10dulkar', 'yash17', 'nikhil.abhyankar', 'saumya08', 'shahildhotre1999', 'karanvj1998', 'npbhosle_b16', 'rjasoriya26', 'uditadhavale878', 'patnenishad98', 'saaket.agashe', 'shaima.hakimi96', 'pranavpshah', 'vinayy232', 'shwetakumaran26', 'mrunal', 'chetansoam1999', 'vrushalis24', 'elvinj1601', 'mrunmayi.sahare18', 'siddhishah', 'vrajmani20', 'saurabh.gurbhele', 'swagger']",13,"['sneha9192', 'r.rahul2636', 'athulrajhere', 'kailasrj11', 'ajaymr', 'sarathsathish78', 'ancycrips123', 'bhadraanil9', 'krishna6023', 'kadarbhai', 'palattilhouse', 'aparnanair2302', 'preethiravisankar101']",41,"['samir24', 'swaps.surya', 'sanketwayal', 'yash10dulkar', 'krishna6023', 'yash17', 'nikhil.abhyankar', 'saumya08', 'shahildhotre1999', 'karanvj1998', 'npbhosle_b16', 'rjasoriya26', 'sneha9192', '3mayavismaya9710', 'uditadhavale878', 'patnenishad98', 'aparnanair2302', 'preethiravisankar101', 'saaket.agashe', 'shaima.hakimi96', 'pranavpshah', 'vinayy232', 'r.rahul2636', 'athulrajhere', 'ajaymr', 'kailasrj11', 'shwetakumaran26', 'mrunal', 'chetansoam1999', 'vrushalis24', 'elvinj1601', 'mrunmayi.sahare18', 'sarathsathish78', 'ancycrips123', 'siddhishah', 'bhadraanil9', 'vrajmani20', 'palattilhouse', 'kadarbhai', 'saurabh.gurbhele', 'swagger']"
30,140,28,7,1,['3mayavismaya9710'],27,"['samir24', 'swaps.surya', 'sanketwayal', 'yash10dulkar', 'yash17', 'nikhil.abhyankar', 'saumya08', 'shahildhotre1999', 'karanvj1998', 'npbhosle_b16', 'rjasoriya26', 'uditadhavale878', 'patnenishad98', 'saaket.agashe', 'shaima.hakimi96', 'pranavpshah', 'vinayy232', 'shwetakumaran26', 'mrunal', 'chetansoam1999', 'vrushalis24', 'elvinj1601', 'mrunmayi.sahare18', 'siddhishah', 'vrajmani20', 'saurabh.gurbhele', 'swagger']",6,"['nissie.mary.johnson', 'sreeparvathisharikumar', 'jubilyvreji', 'sheethugopal1998', 'shincy6', 'ushamadhu963']",34,"['samir24', 'saaket.agashe', 'shaima.hakimi96', 'pranavpshah', 'vinayy232', 'jubilyvreji', 'swaps.surya', 'sanketwayal', 'yash10dulkar', 'shwetakumaran26', 'yash17', 'nikhil.abhyankar', 'saumya08', 'mrunal', 'shahildhotre1999', 'chetansoam1999', 'vrushalis24', 'karanvj1998', 'elvinj1601', 'npbhosle_b16', 'nissie.mary.johnson', 'rjasoriya26', 'sreeparvathisharikumar', 'sheethugopal1998', 'mrunmayi.sahare18', '3mayavismaya9710', 'shincy6', 'uditadhavale878', 'siddhishah', 'patnenishad98', 'vrajmani20', 'saurabh.gurbhele', 'ushamadhu963', 'swagger']"
30,144,28,6,6,"['vrushalis24', 'rjasoriya26', 'patnenishad98', 'saumya08', 'saurabh.gurbhele', 'swagger']",22,"['samir24', 'saaket.agashe', 'shaima.hakimi96', 'pranavpshah', 'vinayy232', 'swaps.surya', 'sanketwayal', 'yash10dulkar', 'shwetakumaran26', 'yash17', 'nikhil.abhyankar', 'mrunal', 'shahildhotre1999', 'chetansoam1999', 'karanvj1998', 'elvinj1601', 'npbhosle_b16', 'mrunmayi.sahare18', '3mayavismaya9710', 'uditadhavale878', 'siddhishah', 'vrajmani20']",0,[],28,"['samir24', 'saaket.agashe', 'shaima.hakimi96', 'pranavpshah', 'vinayy232', 'swaps.surya', 'sanketwayal', 'yash10dulkar', 'shwetakumaran26', 'yash17', 'nikhil.abhyankar', 'saumya08', 'mrunal', 'shahildhotre1999', 'chetansoam1999', 'vrushalis24', 'karanvj1998', 'elvinj1601', 'npbhosle_b16', 'rjasoriya26', 'mrunmayi.sahare18', '3mayavismaya9710', 'uditadhavale878', 'siddhishah', 'patnenishad98', 'vrajmani20', 'saurabh.gurbhele', 'swagger']"
31,61,27,39,27,"['sanjibg', 'nitantrajesh', 'rai1', 'locusgurungsanjib', 'runyul', 'hvmistry', 'panumula', 'zheweny', 'jianlilu', 'jiaqiwang1', 'jagabattula1996', 'akashm1', 'adilahsan', 'revakd16', 'patil2', 'snagaraj1', 'rajeshwaripatil1018', 'jingbinzhao', 'mjamal1', 'revakdemir', 'espinosa4', 'purveebhatia', 'newzilpatel', 'yang19900513', 'rahulgahlot', 'dro3', 'prajwal3']",0,[],12,"['wrp1997', 'aakashkonda', 'anumula3preetham', 'newzilpatel3113', 'syam98', 'yzw994', 'newzil3113', 'yujiewang', '1994.vishaksunil', 'arojiwadia', 'jeong2', 'adarshj']",39,"['anumula3preetham', 'panumula', 'jianlilu', 'yujiewang', 'arojiwadia', 'aakashkonda', 'akashm1', 'revakd16', 'patil2', 'jingbinzhao', 'mjamal1', 'espinosa4', 'purveebhatia', 'yzw994', 'newzilpatel', 'yang19900513', 'rahulgahlot', 'sanjibg', 'nitantrajesh', 'newzilpatel3113', 'rai1', 'locusgurungsanjib', 'runyul', 'adarshj', 'hvmistry', 'zheweny', 'syam98', '1994.vishaksunil', 'jeong2', 'jiaqiwang1', 'jagabattula1996', 'adilahsan', 'newzil3113', 'snagaraj1', 'rajeshwaripatil1018', 'wrp1997', 'revakdemir', 'dro3', 'prajwal3']"
32,159,26,33,19,"['zhc12208', 'jgee99', 'jrmurana', 'smsandee', 'suzannas', 'cwbraga1', 'zyj', 'hleon16', 'dhuang70', 'ajtenorio', 'eason888', 'ghart', 'kli0323', 'raltovar', 'jayden', 'esuwandi', 'npcalarc', 'dlyday', 'aelagoc']",7,"['frid.rom.serg', 'mdbell', 'jnh55', 'tomas_sm', 'hcch', 'izoahzo', 'mwwang']",14,"['saffrondon', 'nshuman', 'jzj701', 'saway', 'bahodges', 'godguo', 'jwokim', 'julzha', 'mikhilk', 'kphendra', 'etconley', 'birdboy', 'sg630', 'aaorozco']",40,"['jzj701', 'saway', 'bahodges', 'godguo', 'zhc12208', 'jwokim', 'sg630', 'jgee99', 'jrmurana', 'frid.rom.serg', 'jnh55', 'smsandee', 'suzannas', 'cwbraga1', 'zyj', 'hleon16', 'dhuang70', 'ajtenorio', 'hcch', 'mwwang', 'eason888', 'saffrondon', 'tomas_sm', 'etconley', 'julzha', 'izoahzo', 'ghart', 'kli0323', 'birdboy', 'raltovar', 'mdbell', 'nshuman', 'jayden', 'esuwandi', 'npcalarc', 'mikhilk', 'kphendra', 'dlyday', 'aelagoc', 'aaorozco']"
33,110,26,10,2,"['markleightonfisher', 'hsvalladares88']",24,"['julien419', 'yloaizal', 'bgunder', 'biswas.rijal', 'qiuchenzhai', 'jnino', 'terekhovpd', 'pavlos.vlachos', 'tmarconi', 'ardekani', 'rituraj346', 'chen220', 'aahmadza', 'xue76', 'wang4142', 'okurtulu', 'tkonstan', 'odonne33', 'srrohit7', 'wangjourney7', 'kelsayed', 'xixilegend', 'zhan2395', 'jinghanli']",8,"['sritapaswi2007', 'jiang402', 'cmousoul', 'ho141', 'bageesey', 'llosadar', 'harbinz', 'cedrichan']",34,"['wangjourney7', 'sritapaswi2007', 'jiang402', 'kelsayed', 'julien419', 'cmousoul', 'bgunder', 'hsvalladares88', 'yloaizal', 'biswas.rijal', 'qiuchenzhai', 'xixilegend', 'llosadar', 'harbinz', 'cedrichan', 'jnino', 'terekhovpd', 'pavlos.vlachos', 'tmarconi', 'zhan2395', 'jinghanli', 'ardekani', 'rituraj346', 'chen220', 'aahmadza', 'bageesey', 'markleightonfisher', 'xue76', 'ho141', 'wang4142', 'okurtulu', 'tkonstan', 'odonne33', 'srrohit7']"
33,111,26,6,1,['tmarconi'],25,"['julien419', 'yloaizal', 'bgunder', 'hsvalladares88', 'biswas.rijal', 'qiuchenzhai', 'jnino', 'terekhovpd', 'pavlos.vlachos', 'ardekani', 'rituraj346', 'chen220', 'aahmadza', 'markleightonfisher', 'xue76', 'wang4142', 'okurtulu', 'tkonstan', 'odonne33', 'srrohit7', 'wangjourney7', 'kelsayed', 'xixilegend', 'zhan2395', 'jinghanli']",5,"['hu509', 'bhartant', 'seey', 'ian.strachan9', 'lpl']",31,"['wangjourney7', 'hu509', 'kelsayed', 'julien419', 'bgunder', 'hsvalladares88', 'yloaizal', 'biswas.rijal', 'qiuchenzhai', 'xixilegend', 'bhartant', 'seey', 'jnino', 'ian.strachan9', 'terekhovpd', 'pavlos.vlachos', 'lpl', 'tmarconi', 'zhan2395', 'jinghanli', 'ardekani', 'rituraj346', 'chen220', 'aahmadza', 'markleightonfisher', 'xue76', 'wang4142', 'okurtulu', 'tkonstan', 'odonne33', 'srrohit7']"
34,126,26,31,23,"['ca.espitiaa0516', 'tosaleal', 'basica2020', 'tomasrubiano', 'milton_catano', 'jcbuitragoa1', 'amtellez', 'lauraldana18', 'helipe90', 'aiskel178', 'npava55', 'sebastianbeto2015', 'laladgg', 'mc.holguin', 'df.pena12', 'pipefe1212', 'danielaguti25', 'jc.sanchez16', 'dc.camargo09', 'nicolas.jimenez.perez.lopez', 'brayanhernan8', 'nlozano611', 'anfedepe']",3,"['atru000', 'diegofelipe.martinezvalencia', 'susachavez07']",8,"['juannangara', 'julieth.pch', 'aiskelb', 'kamilongis1', 'jairitronmanzano777', 'diamondchief', 'ivandavidperez4', 'maxhitman']",34,"['ca.espitiaa0516', 'tosaleal', 'juannangara', 'tomasrubiano', 'basica2020', 'diegofelipe.martinezvalencia', 'diamondchief', 'ivandavidperez4', 'milton_catano', 'jcbuitragoa1', 'amtellez', 'lauraldana18', 'helipe90', 'jairitronmanzano777', 'aiskel178', 'npava55', 'susachavez07', 'sebastianbeto2015', 'laladgg', 'mc.holguin', 'atru000', 'df.pena12', 'pipefe1212', 'kamilongis1', 'danielaguti25', 'jc.sanchez16', 'dc.camargo09', 'nicolas.jimenez.perez.lopez', 'maxhitman', 'brayanhernan8', 'julieth.pch', 'aiskelb', 'nlozano611', 'anfedepe']"
36,6,25,19,16,"['rausanara', 'mvictoriacerez', 'miguelreyes1405', 'angelaatf7', 'juliangarciajuanino', 'mgrmanu10', 'pedrolealdelojorossello', 'blavelagu', 'alchapar13', 'elena.enamorado.diaz', 'nacholito98', 'elenasilva35', 'jaimesanchezfirth', 'aliciasero', 'carlostoronu1', 'giulianomirabella']",9,"['crla.1933', 'pilarmima9723', 'hggall1', 'anpau53', 'elenaeslin', 'migbarcar', 'rvidalalcon', 'lucicb', 'bartolomealarcon9']",3,"['claudia.hym', 'nataliamornar', 'padblanclaura']",28,"['mvictoriacerez', 'anpau53', 'miguelreyes1405', 'juliangarciajuanino', 'elena.enamorado.diaz', 'pilarmima9723', 'bartolomealarcon9', 'rausanara', 'elenaeslin', 'angelaatf7', 'migbarcar', 'claudia.hym', 'alchapar13', 'rvidalalcon', 'nataliamornar', 'nacholito98', 'giulianomirabella', 'lucicb', 'padblanclaura', 'hggall1', 'mgrmanu10', 'blavelagu', 'elenasilva35', 'carlostoronu1', 'crla.1933', 'jaimesanchezfirth', 'aliciasero', 'pedrolealdelojorossello']"
37,14,25,15,13,"['aliciafernandezsiles', 'romanruizmarta', 'pablocollantesruiz', 'samupf97', 'elisajulia96', 'dbzrp10', 'daniolivasek10', 'jesusdur98', 'carmenapa605', 'susanacm', 'rebecamg31', 'leticiamaciasnaranjo97', 'lauragarciauma']",12,"['labchara.mona', 'zaraspringon', 'josejavierbm95', 'mdelatl', 'albabecerra.ab', 'raulgr', 'angelsanabria2a', 'rafagarcialuque', 'juanjoseruizpenela', 'esthercorpas', 'agckk35', 'teresiiyaa']",2,"['pepillobs', 'antgm98']",27,"['romanruizmarta', 'angelsanabria2a', 'rafagarcialuque', 'juanjoseruizpenela', 'daniolivasek10', 'jesusdur98', 'pepillobs', 'teresiiyaa', 'zaraspringon', 'josejavierbm95', 'elisajulia96', 'dbzrp10', 'susanacm', 'agckk35', 'aliciafernandezsiles', 'pablocollantesruiz', 'samupf97', 'carmenapa605', 'leticiamaciasnaranjo97', 'labchara.mona', 'mdelatl', 'albabecerra.ab', 'raulgr', 'esthercorpas', 'rebecamg31', 'lauragarciauma', 'antgm98']"
38,94,24,43,20,"['lutianx', 'dbyin', 'greeleyd', 'mtaheri', 'cgiger', 'gladaaro', 'chahuang', 'zbk', 'gbruno527', 'caitaot', 'taoyuhu', 'metink', 'mainmark', 'sudeepm', 'yuchuw', 'jiayinyu', 'linchtn', 'blanzyt', 'maxpow', 'jiaminw']",4,"['maulbeck', 'huaifu', 'javierln', 'messij']",23,"['eparlow', 'aagoulas', 'jspielma', 'jzwesley', 'nickho', 'kioupakis', 'zhuhao', 'jscholtz', 'cokane', 'shriyasi', 'lboals', 'hhlien', 'mstryk', 'zainsou', 'ariwu', 'dylanae', 'smprabhu', 'qiliang', 'alberto4', 'yxluan', 'rnalbert25', 'shdubaisi', 'nleginza']",47,"['huaifu', 'mtaheri', 'jzwesley', 'gladaaro', 'zbk', 'nickho', 'gbruno527', 'zhuhao', 'shriyasi', 'caitaot', 'mstryk', 'maulbeck', 'zainsou', 'metink', 'sudeepm', 'jiayinyu', 'qiliang', 'alberto4', 'rnalbert25', 'shdubaisi', 'maxpow', 'lutianx', 'eparlow', 'aagoulas', 'dbyin', 'greeleyd', 'jspielma', 'cgiger', 'chahuang', 'kioupakis', 'jscholtz', 'cokane', 'lboals', 'hhlien', 'taoyuhu', 'javierln', 'ariwu', 'dylanae', 'mainmark', 'yuchuw', 'smprabhu', 'linchtn', 'yxluan', 'blanzyt', 'messij', 'nleginza', 'jiaminw']"
38,158,24,20,18,"['lutianx', 'metink', 'linchtn', 'mainmark', 'sudeepm', 'blanzyt', 'yuchuw', 'dbyin', 'greeleyd', 'mtaheri', 'zbk', 'chahuang', 'gladaaro', 'taoyuhu', 'gbruno527', 'jiaminw', 'maxpow', 'jiayinyu']",6,"['huaifu', 'messij', 'cgiger', 'caitaot', 'maulbeck', 'javierln']",2,"['qiliang', 'hhlien']",26,"['lutianx', 'huaifu', 'dbyin', 'greeleyd', 'mtaheri', 'cgiger', 'gladaaro', 'chahuang', 'zbk', 'gbruno527', 'hhlien', 'caitaot', 'taoyuhu', 'maulbeck', 'javierln', 'metink', 'mainmark', 'sudeepm', 'yuchuw', 'jiayinyu', 'qiliang', 'linchtn', 'blanzyt', 'messij', 'maxpow', 'jiaminw']"
40,66,23,225,21,"['abreidin', 'ttayeb', 'sanjivdamodaran', 'boyle49', 'ltopliff', 'ericshen628', 'thornt21', 'mann78', 'qpitter', 'dunca108', 'smit3458', 'winstontinople', 'konerua', 'iczajkow', 'lregalad', 'girouxm', 's1p6a1r8a', 'jvanben', 'moore763', 'nnoraziz', 'lswentor']",2,"['simons7', 'seshada']",204,"['cwidak', 'zubik', 'redmanr', 'smit3184', 'mtbarrette01', 'aaprelik', 'bwitchie', 'flore170', 'baile261', 'psmading', 'amcgoff', 'chiang56', 'lm45000', 'george92', 'allnic21', 'jhulsize', 'dewittl', 'lmackin', 'freyg', 'mmshank16', 'cibrahim', 'dmassow', 'peter514', 'gct246', 'zfrank64', 'jfitzhu', 'verma52', 'bamorim', 'ewilhite', 'ali113', 'bcasler', 'rdrager', 'patel784', 'stark22', 'xul9044', 'smit3177', 'kbebris', 'mtrivell', 'tpownell', 'wade59', 'wertzm', 'akapko', 'hill399', 'choyc', 'lauerc', 'tdarmon20', 'racroth35', 'agrillo', 'vkolar', 'efeldman', 'rroggema', 'ithakor', 'justindcambridge', 'nkhuu', 'schro118', 'gao499', 'saboa', 'ltoy', 'patel731', 'zhao988', 'liu2512', 'jlorah', 'richtern', 'ellis99', 'hillej', 'ashwarts', 'jo46', 'ecave', 'lowe77.purdue', 'adams410', 'hgrover', 'layyar', 'nfei', 'shethm', 'jin376', 'glevine', 'abhalcha', 'lee2614', 'zhan2846', 'iyengar1', 'dragoneye', 'ftangpoo', 'cmenden', 'jeigenbr', 'hall363', 'cvasq69', 'stewa238', 'pcase', 'peck28', 'davidsml', 'wisler0', 'dleoni', 'roj', 'bkeel', 'jmacatan', 'kzeligso', 'apanuga', 'mmohdzai', 'cregers', 'rumplem', 'ghais', 'suixiong8', 'mohdshah', 'engc', 'cblackm', 'cho372', 'li2722', 'etitheyeti98', 'marito', 'amoravec', 'lawrencr', 'adamdmiller17', 'ceckste', 'msulaima', 'bullock8', 'rathi4', 'jess24', 'rweedon', 'cccyyj720', 'xu1085', 'li3604', 'uuraechu', 'bowman96', 'gcesar', 'slillig', 'goodma27', 'kiefern', 'brewer66', 'mart1180', 'abosshar', 'white559', 'dlarocco', 'msargen', 'gnishibu', 'nhuntine', 'kmotwan', 'akick', 'mheighwa', 'pickera', 'lthursto', 'lrigsbee', 'kinserc', 'xose.amo', 'wang3138', 'hschennu', 'aperitor', 'ccurto', 'mfess', 'deane1', 'yang1865', 'tglavan', 'davidrgowan', 'bgrandst', 'gezbbl7', 'terry51', 'jaloi', 'mart1391', 'gupta393', 'dixon82', 'natoli0', 'butzz', 'sedgerto', 'chao26', 'abano', 'eloewe', 'choi333', 'hopkin43', 'mcginn1', 'klipiszk', 'sgrzych', 'schuman1', 'jone1573', 'wonhyukdo', 'singer15', 'mart1380', 'jmickow', 'daviskahmann', 'ghosh36', 'pattiya2002', 'bernarm', 'chen2122', 'hsmoke', 'awoodwa', 'colewilloughby1125', 'woo49', 'kozelr', 'abora', 'cheeseballs99', 'bcaffert', 'malhamm', 'siu2', 'ander754', 'rhinesj', 'deshmukp', 'yao201', 'gleasonb', 'edreifue', 'koverley', 'dangratz99', 'awennin', 'nwegh2017', 'anniebreidinger', 'tnoor', 'harri670']",227,"['cwidak', 'zubik', 'redmanr', 'smit3184', 'mtbarrette01', 'aaprelik', 'bwitchie', 'flore170', 'baile261', 'psmading', 'amcgoff', 'chiang56', 'lm45000', 'george92', 'allnic21', 'jhulsize', 'boyle49', 'ltopliff', 'dewittl', 'lmackin', 'freyg', 'ericshen628', 'mmshank16', 'cibrahim', 'dmassow', 'peter514', 'gct246', 'zfrank64', 'jfitzhu', 'verma52', 'bamorim', 'ewilhite', 'ali113', 'bcasler', 'rdrager', 'patel784', 'stark22', 'simons7', 'xul9044', 'smit3177', 'kbebris', 'mtrivell', 'tpownell', 'wade59', 'wertzm', 'akapko', 'hill399', 'choyc', 'lauerc', 'tdarmon20', 'racroth35', 'agrillo', 'vkolar', 'efeldman', 'rroggema', 'ithakor', 'justindcambridge', 'nkhuu', 'schro118', 'gao499', 'saboa', 'ltoy', 'patel731', 'zhao988', 'liu2512', 'jlorah', 'richtern', 'ellis99', 'hillej', 'ashwarts', 'abreidin', 'jo46', 'ecave', 'lowe77.purdue', 'adams410', 'hgrover', 'layyar', 'nfei', 'shethm', 'jin376', 'glevine', 'abhalcha', 'mann78', 'lee2614', 'zhan2846', 'iyengar1', 'dragoneye', 'ftangpoo', 'cmenden', 'jeigenbr', 'hall363', 'cvasq69', 'stewa238', 'pcase', 'peck28', 'davidsml', 'wisler0', 'dleoni', 'winstontinople', 'roj', 'bkeel', 'jmacatan', 'kzeligso', 'apanuga', 'iczajkow', 'mmohdzai', 'cregers', 'rumplem', 'ghais', 'suixiong8', 'mohdshah', 'engc', 'cblackm', 'cho372', 'li2722', 'etitheyeti98', 'marito', 'seshada', 'moore763', 'amoravec', 'lawrencr', 'adamdmiller17', 'ceckste', 'msulaima', 'bullock8', 'rathi4', 'jess24', 'rweedon', 'cccyyj720', 'xu1085', 'li3604', 'uuraechu', 'bowman96', 'gcesar', 'slillig', 'goodma27', 'kiefern', 'brewer66', 'mart1180', 'abosshar', 'white559', 'dlarocco', 'msargen', 'gnishibu', 'nhuntine', 'kmotwan', 'akick', 'pickera', 'lthursto', 'lrigsbee', 'kinserc', 'xose.amo', 'wang3138', 'hschennu', 'aperitor', 'ccurto', 'mfess', 'deane1', 'yang1865', 'tglavan', 'girouxm', 'davidrgowan', 'bgrandst', 'gezbbl7', 'jvanben', 'terry51', 'nnoraziz', 'lswentor', 'jaloi', 'mart1391', 'gupta393', 'dixon82', 'natoli0', 'ttayeb', 'sanjivdamodaran', 'butzz', 'sedgerto', 'chao26', 'abano', 'eloewe', 'choi333', 'hopkin43', 'mcginn1', 'klipiszk', 'sgrzych', 'schuman1', 'thornt21', 'jone1573', 'wonhyukdo', 'singer15', 'mart1380', 'qpitter', 'jmickow', 'daviskahmann', 'ghosh36', 'pattiya2002', 'dunca108', 'bernarm', 'chen2122', 'hsmoke', 'awoodwa', 'colewilloughby1125', 'woo49', 'smit3458', 'kozelr', 'abora', 'cheeseballs99', 'bcaffert', 'konerua', 'malhamm', 'siu2', 'anniebreidinger', 'ander754', 'rhinesj', 'lregalad', 'deshmukp', 'yao201', 'gleasonb', 'edreifue', 'koverley', 's1p6a1r8a', 'dangratz99', 'awennin', 'nwegh2017', 'mheighwa', 'tnoor', 'harri670']"
40,72,23,23,1,['nnoraziz'],22,"['abreidin', 'ttayeb', 'sanjivdamodaran', 'boyle49', 'ltopliff', 'ericshen628', 'thornt21', 'mann78', 'qpitter', 'dunca108', 'simons7', 'smit3458', 'winstontinople', 'konerua', 'iczajkow', 'lregalad', 'girouxm', 's1p6a1r8a', 'jvanben', 'seshada', 'moore763', 'lswentor']",22,"['daveguo614', 'harbinz', 'smit2827', 'kswartzb', 'xu1085', 'ferree1', 'fergu101', 'slosing', 'doherty6', 'nabdrahn', 'sharp52', 'dzadoks', 'jonathanlimp87', 'ctsioli', 'kvansan', 'rollere', 'tu37', 'ross217', 'rroggema', 'schro118', 'ellis99', 'egarayev']",45,"['daveguo614', 'abreidin', 'ttayeb', 'sanjivdamodaran', 'harbinz', 'smit2827', 'boyle49', 'kswartzb', 'ltopliff', 'xu1085', 'fergu101', 'ferree1', 'slosing', 'ericshen628', 'thornt21', 'mann78', 'qpitter', 'doherty6', 'nabdrahn', 'dunca108', 'sharp52', 'dzadoks', 'simons7', 'jonathanlimp87', 'smit3458', 'ctsioli', 'kvansan', 'winstontinople', 'rollere', 'tu37', 'konerua', 'ross217', 'rroggema', 'iczajkow', 'lregalad', 'girouxm', 'schro118', 's1p6a1r8a', 'jvanben', 'seshada', 'moore763', 'nnoraziz', 'lswentor', 'ellis99', 'egarayev']"
40,215,23,8,4,"['lswentor', 'ericshen628', 'konerua', 'lregalad']",19,"['abreidin', 'ttayeb', 'sanjivdamodaran', 'boyle49', 'ltopliff', 'thornt21', 'mann78', 'qpitter', 'dunca108', 'simons7', 'smit3458', 'winstontinople', 'iczajkow', 'girouxm', 's1p6a1r8a', 'jvanben', 'seshada', 'moore763', 'nnoraziz']",4,"['pattiya_p', 'roj', 'jone1573', 'jo46']",27,"['simons7', 'abreidin', 'jo46', 'ttayeb', 'sanjivdamodaran', 'smit3458', 'boyle49', 'ltopliff', 'winstontinople', 'roj', 'konerua', 'ericshen628', 'iczajkow', 'thornt21', 'lregalad', 'jone1573', 'girouxm', 'mann78', 's1p6a1r8a', 'qpitter', 'jvanben', 'seshada', 'moore763', 'nnoraziz', 'pattiya_p', 'lswentor', 'dunca108']"
41,160,22,9,9,"['mansoorahmad156', 'bismahaq444', 'adeelawan1717', 'muhammadkashif4443', 'alikumail50', 'irtaza27', 'sameen123', 'abbas11uet', 'hfsashahbaz']",13,"['faizan.alam28', 'cimone', 'kbatool145', 'kbatool287', 'ryanln', 'ethanxu05', 'biplab.ec', 'sihuachen0803', 'linzongpeng', 'abatool145', 'mrk804', 'sanj', 'subirmaity2012']",0,[],22,"['cimone', 'subirmaity2012', 'kbatool287', 'biplab.ec', 'abatool145', 'alikumail50', 'hfsashahbaz', 'abbas11uet', 'faizan.alam28', 'kbatool145', 'mansoorahmad156', 'ryanln', 'adeelawan1717', 'ethanxu05', 'bismahaq444', 'sihuachen0803', 'muhammadkashif4443', 'linzongpeng', 'irtaza27', 'sameen123', 'sanj', 'mrk804']"
42,130,22,12,12,"['sthung2311', 'kahseng93', 'farisnaim95', 'athirahmohdfadzil93', 'kwk_1995', 'nabilnz', 'xaizen96', 'mdhaziq.jamaluddin', 'terrance522', 'amradel88', 'jhorng94', 'zhenyipa']",10,"['garnerchase12', 'jacobs_kristof', 'daranis22', 'j.e.evans', 'prestons117', 'juanjmesa9702', 'aeislam', 'arizaman', 'jjt2612', 'dtmccormick']",0,[],22,"['jacobs_kristof', 'farisnaim95', 'kahseng93', 'athirahmohdfadzil93', 'prestons117', 'juanjmesa9702', 'aeislam', 'arizaman', 'nabilnz', 'mdhaziq.jamaluddin', 'sthung2311', 'garnerchase12', 'daranis22', 'j.e.evans', 'kwk_1995', 'jjt2612', 'xaizen96', 'jhorng94', 'terrance522', 'amradel88', 'dtmccormick', 'zhenyipa']"
43,131,22,22,1,['paz.aragon'],21,"['bornapozar', 'navithavarghese', 'ivicato', 'domagoj.tomic', 'annuthomas10', 'kiran002', 'srv', 'sreenathsnkr', 'bf50034', 'remya96', 'nikitasusan96', 'gayathryyag', 'camille.h78', 'invictuskudi', 'gauthamiv1', 'hoang13', 'furcic.marin', 'xambax', 'vedran.planinec', 'davidosmanovic', 'frisc']",21,"['delmoral1999', 'aleixespada', 'paulamaynou', 'isaacexma', 'julia.partal', 'xavier.x1000', 'paula.maynou', 'evadelalamofillat9', 'roberto.fagotto', 'pau.asensio', 'quimii1', 'ritagrimalt11', 'muntsasales', 'aniol.vellvehi', 'andreeaioana.kapas', 'josecarlo', 'rutxi8', 'rjansa125', 'mrm24', 'marcalblasco', 'devilbattles99']",43,"['bornapozar', 'navithavarghese', 'domagoj.tomic', 'ivicato', 'delmoral1999', 'aleixespada', 'paulamaynou', 'isaacexma', 'julia.partal', 'xavier.x1000', 'annuthomas10', 'paula.maynou', 'kiran002', 'evadelalamofillat9', 'srv', 'roberto.fagotto', 'pau.asensio', 'paz.aragon', 'bf50034', 'sreenathsnkr', 'quimii1', 'remya96', 'nikitasusan96', 'ritagrimalt11', 'gayathryyag', 'muntsasales', 'aniol.vellvehi', 'andreeaioana.kapas', 'josecarlo', 'camille.h78', 'invictuskudi', 'rutxi8', 'rjansa125', 'gauthamiv1', 'hoang13', 'furcic.marin', 'xambax', 'mrm24', 'marcalblasco', 'vedran.planinec', 'davidosmanovic', 'devilbattles99', 'frisc']"
43,139,22,8,6,"['domagoj.tomic', 'bf50034', 'xambax', 'invictuskudi', 'vedran.planinec', 'davidosmanovic']",16,"['bornapozar', 'navithavarghese', 'ivicato', 'paz.aragon', 'sreenathsnkr', 'camille.h78', 'remya96', 'nikitasusan96', 'gayathryyag', 'annuthomas10', 'gauthamiv1', 'hoang13', 'kiran002', 'furcic.marin', 'srv', 'frisc']",2,"['frantagana', 'mjura']",24,"['bornapozar', 'navithavarghese', 'domagoj.tomic', 'ivicato', 'camille.h78', 'invictuskudi', 'annuthomas10', 'gauthamiv1', 'hoang13', 'kiran002', 'furcic.marin', 'srv', 'paz.aragon', 'bf50034', 'sreenathsnkr', 'xambax', 'mjura', 'remya96', 'nikitasusan96', 'gayathryyag', 'frantagana', 'vedran.planinec', 'davidosmanovic', 'frisc']"
44,152,22,25,22,"['deepmistry', 'stanleyricky98', 'chrismike', 'athilakshmi27', 'shreyasunil', 'froyston', 'tejasvaity29', 'renjiboy2580', 'pranju.bhopte', 'palashish580', 'sachinwagle1105', 'shivamsinghawesome', 'satyakadambari1998', 'gauraang', 'rohandsouza5656', 'adityadaripkar', 'rachelmary06', 'anujaindore1603', 'nihalshaikh839', 'dsilvaroystan28', 'mufeezlambay', 'hoodlumacy']",0,[],3,"['sheikhaman2012', 'namrata10i64', 'pallavimohokar08']",25,"['deepmistry', 'stanleyricky98', 'chrismike', 'athilakshmi27', 'shreyasunil', 'froyston', 'tejasvaity29', 'renjiboy2580', 'pranju.bhopte', 'palashish580', 'sachinwagle1105', 'sheikhaman2012', 'shivamsinghawesome', 'satyakadambari1998', 'gauraang', 'rohandsouza5656', 'namrata10i64', 'pallavimohokar08', 'adityadaripkar', 'rachelmary06', 'anujaindore1603', 'nihalshaikh839', 'dsilvaroystan28', 'mufeezlambay', 'hoodlumacy']"
45,127,22,10,9,"['rperaza86', 'lucaslu', 'abroo003', 'aem135', 'kconn006', 'blam020', 'shawnlee0201', 'tperrier', 'gilbo']",13,"['rbendel', 'fermora.1720', 'al221310729', 'adam.bennett', 'stevenrosenthal1998', 'kokatekuntal', 'andylorm91', 'ee18btech11025', 'jrraposo1', 'ritvick2000', 'es17btech11019', 'ramaedbe91', 'es17btech11015']",1,['yanwei'],23,"['rbendel', 'rperaza86', 'fermora.1720', 'adam.bennett', 'kokatekuntal', 'andylorm91', 'yanwei', 'kconn006', 'abroo003', 'ritvick2000', 'ee18btech11025', 'ramaedbe91', 'al221310729', 'shawnlee0201', 'tperrier', 'es17btech11015', 'stevenrosenthal1998', 'lucaslu', 'aem135', 'jrraposo1', 'gilbo', 'blam020', 'es17btech11019']"
45,128,22,6,4,"['al221310729', 'ramaedbe91', 'fermora.1720', 'andylorm91']",18,"['rbendel', 'rperaza86', 'adam.bennett', 'stevenrosenthal1998', 'lucaslu', 'kokatekuntal', 'shawnlee0201', 'kconn006', 'abroo003', 'aem135', 'ee18btech11025', 'gilbo', 'ritvick2000', 'es17btech11019', 'blam020', 'es17btech11015', 'jrraposo1', 'tperrier']",2,"['luisanmarq', 'garduno_ivan']",24,"['rbendel', 'rperaza86', 'fermora.1720', 'adam.bennett', 'kokatekuntal', 'andylorm91', 'kconn006', 'abroo003', 'garduno_ivan', 'ritvick2000', 'ee18btech11025', 'ramaedbe91', 'al221310729', 'shawnlee0201', 'tperrier', 'es17btech11015', 'luisanmarq', 'stevenrosenthal1998', 'lucaslu', 'aem135', 'jrraposo1', 'gilbo', 'blam020', 'es17btech11019']"
46,218,22,10,9,"['blasc074', 'kunzx101', 'kolbo007', 'hoytx117', 'fuxxx391', 'thom5563', 'joh13596', 'heini061', 'westr140']",13,"['jackemch1818', 'camilleconombo', 'fpacanza', 'mohamed.lamine.siemde', 'wegex009', 'knstiles24', 'yougbarearnaud', 'aboubacar', 'giovanni.sedgho', 'tran0660', 'sarwathsaroukou', 'nlanc97', 'chan1488']",1,['chatt097'],23,"['blasc074', 'jackemch1818', 'camilleconombo', 'kolbo007', 'mohamed.lamine.siemde', 'hoytx117', 'chatt097', 'knstiles24', 'yougbarearnaud', 'aboubacar', 'westr140', 'chan1488', 'kunzx101', 'fpacanza', 'fuxxx391', 'wegex009', 'giovanni.sedgho', 'tran0660', 'joh13596', 'heini061', 'sarwathsaroukou', 'nlanc97', 'thom5563']"
46,219,22,5,4,"['knstiles24', 'jackemch1818', 'fpacanza', 'nlanc97']",18,"['blasc074', 'camilleconombo', 'kunzx101', 'kolbo007', 'mohamed.lamine.siemde', 'hoytx117', 'fuxxx391', 'wegex009', 'thom5563', 'aboubacar', 'yougbarearnaud', 'giovanni.sedgho', 'tran0660', 'joh13596', 'heini061', 'sarwathsaroukou', 'westr140', 'chan1488']",1,['ssplawn0'],23,"['blasc074', 'jackemch1818', 'camilleconombo', 'kolbo007', 'mohamed.lamine.siemde', 'hoytx117', 'ssplawn0', 'knstiles24', 'yougbarearnaud', 'aboubacar', 'westr140', 'chan1488', 'kunzx101', 'fpacanza', 'fuxxx391', 'wegex009', 'giovanni.sedgho', 'tran0660', 'joh13596', 'heini061', 'sarwathsaroukou', 'nlanc97', 'thom5563']"
47,102,21,9,7,"['turi', 'federica.bortoletto', 'matteo.giantin', 'gabriele.pesce', 'sebabergh', 'ptrtrn', 'christian.furlan']",14,"['sarapinki.ranieri', 'cristiano.tacchella', 'alessandro.salmaso.4', 'n.rossetti997', 'tiziano.facchinelli', 'giovanni.zuccante', 'filippo.disconzi', 'francesco.toniolo.3', 'davide.valzani', 'alessia.canever', 'lorenzo.rizzato.1', 'filippo.mantesso', 'simone.costa.2', 'francesco.cianciaruso']",2,"['robertino.pilot', 'raffaellasignorini69']",23,"['cristiano.tacchella', 'alessandro.salmaso.4', 'federica.bortoletto', 'filippo.disconzi', 'francesco.toniolo.3', 'ptrtrn', 'gabriele.pesce', 'davide.valzani', 'francesco.cianciaruso', 'sarapinki.ranieri', 'turi', 'n.rossetti997', 'giovanni.zuccante', 'tiziano.facchinelli', 'robertino.pilot', 'matteo.giantin', 'sebabergh', 'alessia.canever', 'raffaellasignorini69', 'lorenzo.rizzato.1', 'filippo.mantesso', 'simone.costa.2', 'christian.furlan']"
48,70,21,23,19,"['danielalejandro133', 'martindanielrm15', 'kevingonzalez', 'jaimesariasmjose', 'gf.gonzalez', 'cesar310', 'karlafernanda2524', 'sebuchaspinzon', 'dmartinezcu', 'sebastianmolano1708', 'lgamba56', 'jpcdecolombia', 'jchavezmass', 'alizarazo1204', 'sergio.gomez', 'ss728', 's.leonaviles152915', 'mafetatr', 'juan.yate.alcala']",2,"['wsequeda', 'armandosernasc']",4,"['jd.parada', 'snowartz7', 'dmmr2617', 'victormanuelleru']",25,"['danielalejandro133', 'martindanielrm15', 'snowartz7', 'kevingonzalez', 'victormanuelleru', 'wsequeda', 'jaimesariasmjose', 'gf.gonzalez', 'cesar310', 'jd.parada', 'dmmr2617', 'karlafernanda2524', 'sebuchaspinzon', 'dmartinezcu', 'armandosernasc', 'sebastianmolano1708', 'lgamba56', 'jpcdecolombia', 'jchavezmass', 'alizarazo1204', 'sergio.gomez', 'ss728', 's.leonaviles152915', 'mafetatr', 'juan.yate.alcala']"
48,71,21,5,1,['dmartinezcu'],20,"['danielalejandro133', 'martindanielrm15', 'kevingonzalez', 'wsequeda', 'jaimesariasmjose', 'gf.gonzalez', 'cesar310', 'karlafernanda2524', 'sebuchaspinzon', 'armandosernasc', 'sebastianmolano1708', 'lgamba56', 'jpcdecolombia', 'jchavezmass', 'alizarazo1204', 'sergio.gomez', 'ss728', 's.leonaviles152915', 'mafetatr', 'juan.yate.alcala']",4,"['jalexcs6', 'juannangara', 'julieth.pch', 'gutigutiz2000']",25,"['danielalejandro133', 'martindanielrm15', 'juannangara', 'armandosernasc', 'sebastianmolano1708', 'lgamba56', 'kevingonzalez', 'jpcdecolombia', 'gutigutiz2000', 'jchavezmass', 'wsequeda', 'jaimesariasmjose', 'gf.gonzalez', 'cesar310', 'jalexcs6', 'julieth.pch', 'karlafernanda2524', 'sebuchaspinzon', 'alizarazo1204', 'dmartinezcu', 'sergio.gomez', 'ss728', 's.leonaviles152915', 'mafetatr', 'juan.yate.alcala']"
49,202,21,29,9,"['sercankerpisci', 'jrspike', 'gabriele.scarpiello', 'sercankerpisci26', 'berkin1689', 'fanluzhang.au', 'eliffsu.koc', 'wellpast', 'mcychan']",12,"['varansamet', 'muvafikmelikkaya', 'd.k.bozkurt', 'deniz000999', 'brknshn', 'afaiello', 'efecanturkmen', 'engin_ulgerr', 'o.erdogan5494', 'canersokat', 'emrullahzubeyr', 'yugao1147']",20,"['mustafaozer', 'zhang389', 'abusobit', 'fdirisaglik', 'm.emreoruc', 'mohamed33', 'hga', 'mertcan.bayindir', 'ismail.bikmazi', 'osmanesat', 'bozkurtyunusemre61', 'sefakahriman77', 'hakkierkankygsz', 'kubra1234880', 'mstmst', 'georgeckchen', 'emre.ibil', 'bnazkaymaz', 'harundvc', 'farhia33']",41,"['mustafaozer', 'jrspike', 'sercankerpisci', 'zhang389', 'd.k.bozkurt', 'deniz000999', 'brknshn', 'o.erdogan5494', 'engin_ulgerr', 'abusobit', 'mcychan', 'emrullahzubeyr', 'fdirisaglik', 'm.emreoruc', 'mohamed33', 'hga', 'varansamet', 'mertcan.bayindir', 'afaiello', 'gabriele.scarpiello', 'sercankerpisci26', 'berkin1689', 'osmanesat', 'fanluzhang.au', 'ismail.bikmazi', 'wellpast', 'bozkurtyunusemre61', 'sefakahriman77', 'muvafikmelikkaya', 'hakkierkankygsz', 'efecanturkmen', 'kubra1234880', 'mstmst', 'georgeckchen', 'canersokat', 'emre.ibil', 'bnazkaymaz', 'harundvc', 'eliffsu.koc', 'farhia33', 'yugao1147']"
49,203,21,28,4,"['varansamet', 'muvafikmelikkaya', 'engin_ulgerr', 'berkin1689']",17,"['sercankerpisci', 'jrspike', 'eliffsu.koc', 'd.k.bozkurt', 'deniz000999', 'brknshn', 'afaiello', 'emrullahzubeyr', 'o.erdogan5494', 'gabriele.scarpiello', 'sercankerpisci26', 'efecanturkmen', 'fanluzhang.au', 'canersokat', 'wellpast', 'mcychan', 'yugao1147']",24,"['burcakguner98', 'duldul', 'blus07', 'engfersoy', 'fdirisaglik', 'gulsakadioglu', 'hga', 'mcan.ozata', 'kronder77', 'mertcan.bayindir', 'kutluhanucar1997', 'isikk.alperen', '1998fuci', 'ismail.bikmazi', 'bozkurtyunusemre61', 'sefakahriman77', 'hakkierkankygsz', 'raiserwarrior', 'hcaslan7', 'khanoz', 'thel0rd59', 'bnazkaymaz', 'nsener45', 'farhia33']",45,"['jrspike', 'sercankerpisci', 'burcakguner98', 'd.k.bozkurt', 'duldul', 'deniz000999', 'brknshn', 'o.erdogan5494', 'engin_ulgerr', 'engfersoy', 'blus07', 'mcychan', 'emrullahzubeyr', 'fdirisaglik', 'gulsakadioglu', 'hga', 'varansamet', 'mcan.ozata', 'kronder77', 'mertcan.bayindir', 'afaiello', 'gabriele.scarpiello', 'kutluhanucar1997', 'sercankerpisci26', 'berkin1689', 'isikk.alperen', 'fanluzhang.au', 'ismail.bikmazi', '1998fuci', 'wellpast', 'bozkurtyunusemre61', 'sefakahriman77', 'muvafikmelikkaya', 'hakkierkankygsz', 'raiserwarrior', 'efecanturkmen', 'hcaslan7', 'khanoz', 'canersokat', 'thel0rd59', 'bnazkaymaz', 'nsener45', 'eliffsu.koc', 'farhia33', 'yugao1147']"
49,204,21,21,11,"['jrspike', 'mcychan', 'd.k.bozkurt', 'deniz000999', 'efecanturkmen', 'canersokat', 'o.erdogan5494', 'berkin1689', 'eliffsu.koc', 'wellpast', 'emrullahzubeyr']",10,"['sercankerpisci', 'varansamet', 'muvafikmelikkaya', 'brknshn', 'afaiello', 'gabriele.scarpiello', 'engin_ulgerr', 'sercankerpisci26', 'fanluzhang.au', 'yugao1147']",10,"['leekesem', 'georgeckchen', 'zhang389', 'raiserwarrior', 'mertyamanoglu', 'yeyusuf1', 'sabintandukar', 'mstmst', 'osmanesat', 'samo92']",31,"['jrspike', 'sercankerpisci', 'zhang389', 'd.k.bozkurt', 'deniz000999', 'brknshn', 'o.erdogan5494', 'engin_ulgerr', 'yeyusuf1', 'samo92', 'mcychan', 'emrullahzubeyr', 'varansamet', 'afaiello', 'gabriele.scarpiello', 'mertyamanoglu', 'sercankerpisci26', 'berkin1689', 'sabintandukar', 'fanluzhang.au', 'osmanesat', 'wellpast', 'leekesem', 'muvafikmelikkaya', 'raiserwarrior', 'efecanturkmen', 'mstmst', 'georgeckchen', 'canersokat', 'eliffsu.koc', 'yugao1147']"
49,184,21,15,9,"['varansamet', 'muvafikmelikkaya', 'deniz000999', 'efecanturkmen', 'canersokat', 'engin_ulgerr', 'berkin1689', 'eliffsu.koc', 'wellpast']",12,"['sercankerpisci', 'jrspike', 'd.k.bozkurt', 'brknshn', 'afaiello', 'emrullahzubeyr', 'o.erdogan5494', 'gabriele.scarpiello', 'sercankerpisci26', 'fanluzhang.au', 'mcychan', 'yugao1147']",6,"['bozkurtyunusemre61', 'arthuryalvac044', 'raiserwarrior', 'berktug', 'alperergulll1', 'osmanesat']",27,"['bozkurtyunusemre61', 'jrspike', 'sercankerpisci', 'muvafikmelikkaya', 'arthuryalvac044', 'd.k.bozkurt', 'raiserwarrior', 'deniz000999', 'brknshn', 'efecanturkmen', 'berktug', 'o.erdogan5494', 'engin_ulgerr', 'canersokat', 'mcychan', 'emrullahzubeyr', 'varansamet', 'afaiello', 'alperergulll1', 'gabriele.scarpiello', 'sercankerpisci26', 'berkin1689', 'osmanesat', 'fanluzhang.au', 'eliffsu.koc', 'wellpast', 'yugao1147']"
49,185,21,11,2,"['o.erdogan5494', 'd.k.bozkurt']",19,"['sercankerpisci', 'jrspike', 'deniz000999', 'brknshn', 'engin_ulgerr', 'emrullahzubeyr', 'mcychan', 'varansamet', 'afaiello', 'gabriele.scarpiello', 'sercankerpisci26', 'berkin1689', 'fanluzhang.au', 'wellpast', 'muvafikmelikkaya', 'efecanturkmen', 'canersokat', 'eliffsu.koc', 'yugao1147']",9,"['ulkubaladin', 'cagatayc06', 'burcakguner98', 'zfurkanyldz', 'kasimyasinozveren', 'raiserwarrior', 'sabriagus26', 'mstmst', 'samo92']",30,"['jrspike', 'sercankerpisci', 'burcakguner98', 'muvafikmelikkaya', 'd.k.bozkurt', 'raiserwarrior', 'deniz000999', 'brknshn', 'efecanturkmen', 'o.erdogan5494', 'engin_ulgerr', 'mstmst', 'canersokat', 'samo92', 'mcychan', 'emrullahzubeyr', 'ulkubaladin', 'cagatayc06', 'zfurkanyldz', 'varansamet', 'kasimyasinozveren', 'afaiello', 'sabriagus26', 'gabriele.scarpiello', 'sercankerpisci26', 'berkin1689', 'fanluzhang.au', 'eliffsu.koc', 'wellpast', 'yugao1147']"
49,183,21,10,4,"['deniz000999', 'wellpast', 'berkin1689', 'sercankerpisci']",17,"['jrspike', 'varansamet', 'muvafikmelikkaya', 'd.k.bozkurt', 'brknshn', 'afaiello', 'efecanturkmen', 'emrullahzubeyr', 'engin_ulgerr', 'o.erdogan5494', 'gabriele.scarpiello', 'sercankerpisci26', 'fanluzhang.au', 'eliffsu.koc', 'canersokat', 'mcychan', 'yugao1147']",6,"['m.emreoruc', 'mohamed33', 'hakkierkankygsz', 'emre.ibil', 'kubra1234880', 'farhia33']",27,"['jrspike', 'sercankerpisci', 'muvafikmelikkaya', 'hakkierkankygsz', 'd.k.bozkurt', 'deniz000999', 'brknshn', 'efecanturkmen', 'kubra1234880', 'o.erdogan5494', 'engin_ulgerr', 'canersokat', 'mcychan', 'emrullahzubeyr', 'm.emreoruc', 'mohamed33', 'varansamet', 'emre.ibil', 'afaiello', 'gabriele.scarpiello', 'sercankerpisci26', 'berkin1689', 'fanluzhang.au', 'eliffsu.koc', 'wellpast', 'farhia33', 'yugao1147']"
50,165,20,8,8,"['ffdarweesh', 'jcmartinez1', 'cmparks', 'falkaabi1', 'maherman', 'ewmorgan', 'scortez1', 'bbwood']",12,"['kgestrada', 'lealbarran', 'rblindgren', 'cmontoya10', 'grpatterson', 'jdprieger', 'jmccreery1', 'ibrahim17', 'grewal_rasminder13', 'ahernandez256', 'xiong100', 'chancemccreery']",0,[],20,"['ffdarweesh', 'jcmartinez1', 'kgestrada', 'lealbarran', 'grpatterson', 'falkaabi1', 'ewmorgan', 'scortez1', 'ibrahim17', 'grewal_rasminder13', 'ahernandez256', 'xiong100', 'rblindgren', 'cmontoya10', 'cmparks', 'maherman', 'jdprieger', 'jmccreery1', 'bbwood', 'chancemccreery']"
50,164,20,6,6,"['kgestrada', 'cmontoya10', 'jmccreery1', 'ibrahim17', 'grewal_rasminder13', 'chancemccreery']",14,"['ffdarweesh', 'jcmartinez1', 'lealbarran', 'rblindgren', 'cmparks', 'grpatterson', 'falkaabi1', 'maherman', 'jdprieger', 'ewmorgan', 'scortez1', 'bbwood', 'ahernandez256', 'xiong100']",0,[],20,"['ffdarweesh', 'jcmartinez1', 'kgestrada', 'lealbarran', 'grpatterson', 'falkaabi1', 'ewmorgan', 'scortez1', 'ibrahim17', 'grewal_rasminder13', 'ahernandez256', 'xiong100', 'rblindgren', 'cmontoya10', 'cmparks', 'maherman', 'jdprieger', 'jmccreery1', 'bbwood', 'chancemccreery']"
51,34,20,13,12,"['jlcph8', 'kmh7t4', 'rjmwc6', 'jrwv8w', 'tdn84d', 'josmil733', 'rmc', 'zlmz9', 'efbmm', 'rm8wf', 'tnlz85', 'sfcfh3']",8,"['atzn2', 'johannespernaa', 'physicist.na', 'jlcbw9', 'sburke98', 'shweta.khanna04', 'cuchulainintaiwan', 'vinylgefluester']",1,['ullrichc'],21,"['jlcph8', 'atzn2', 'tdn84d', 'johannespernaa', 'jlcbw9', 'sburke98', 'rmc', 'efbmm', 'cuchulainintaiwan', 'zlmz9', 'rm8wf', 'vinylgefluester', 'sfcfh3', 'rjmwc6', 'kmh7t4', 'jrwv8w', 'ullrichc', 'josmil733', 'physicist.na', 'shweta.khanna04', 'tnlz85']"
52,35,20,16,12,"['muhammadaffan540', 'aliraza393', 'hamra6', 'omerhussain.1694', 'mueedulhaqkamboh98', 'l154444', 'azmeerz13', 'mariakaleem4', 'syedaqib947', 'faisalsaeed19060005', 'ushahid5', 'abdurraheem299']",8,"['wasiraj', 'salmanaamir', 'alihussain.alee', 'maira.farman.15', 'arooma15', 'abdulraheem', 'engr.saleh88', 'asad.idrees895']",4,"['ahmedchaudhary4', 'iamhasanjamil', 'zamen', 'zaman']",24,"['wasiraj', 'salmanaamir', 'aliraza393', 'alihussain.alee', 'maira.farman.15', 'l154444', 'mariakaleem4', 'azmeerz13', 'muhammadaffan540', 'arooma15', 'faisalsaeed19060005', 'abdurraheem299', 'engr.saleh88', 'iamhasanjamil', 'hamra6', 'omerhussain.1694', 'mueedulhaqkamboh98', 'ahmedchaudhary4', 'syedaqib947', 'zamen', 'zaman', 'ushahid5', 'abdulraheem', 'asad.idrees895']"
54,178,19,20,18,"['hurissal', 'choibhee11', 'yunjae0487', 'syaiden86', 'krchoi', 'linyouxie', 'icaruskjh', 'rlagufla43', 'heungu78056', 'twinklny', 'itsmyname12', 'khj880603', 'docjin2514', 'jaehyeonko112', 'yoojoonsik', 'susia819', 'yourhi27', 'hongjooos']",1,['hansdampf'],2,"['hklee5940', 'hyeongulee']",21,"['hurissal', 'choibhee11', 'hyeongulee', 'docjin2514', 'jaehyeonko112', 'hklee5940', 'yunjae0487', 'hansdampf', 'twinklny', 'itsmyname12', 'rlagufla43', 'yourhi27', 'hongjooos', 'syaiden86', 'icaruskjh', 'heungu78056', 'susia819', 'yoojoonsik', 'krchoi', 'linyouxie', 'khj880603']"
55,64,19,37,5,"['mgallagher3712', 'pdethlef', 'nconkli1', 'brutongaster', 'jpauls1']",14,"['albert7', 'jdiego1216', 'rakoskr6', 'maderm', 'olugbenga82', 'guicx', 'zpremack', 'frank.a.tiernan', 'cristiandvm1999', 'aksamija', 'kweidem', 'swapnendu99', 'lucasmah44', 'hl13']",32,"['kstrin01', 'nkondrath', 'owenward', 'sebastianczaja7', 'bbode', 'jkuchler', 'smutkus', 'cpuc', 'tylereaslick', 'michael.davidshofer', 'augustusbonacci55', 'rogunjimi', 'wschaff1', 'mrossign', 'renato.maritato', 'jhalsey3', 'pjhennessey24', 'gzimmer', 'hdawes', 'cesarnr21', 'jgiganti', 'kpastirk', 'mquinan1', 'cscaring', 'gdavis12', 'cjohns85', 'ryanhaack04', 'agarci33', 'mclark47', 'kdelawde', 'obohorqu', 'jcieslik']",51,"['rakoskr6', 'pdethlef', 'kstrin01', 'zpremack', 'frank.a.tiernan', 'nkondrath', 'owenward', 'sebastianczaja7', 'bbode', 'jkuchler', 'kweidem', 'jpauls1', 'smutkus', 'lucasmah44', 'cpuc', 'tylereaslick', 'michael.davidshofer', 'rogunjimi', 'wschaff1', 'hl13', 'albert7', 'augustusbonacci55', 'mrossign', 'renato.maritato', 'olugbenga82', 'guicx', 'jhalsey3', 'pjhennessey24', 'gzimmer', 'brutongaster', 'hdawes', 'cesarnr21', 'jgiganti', 'maderm', 'kpastirk', 'jdiego1216', 'mquinan1', 'cscaring', 'gdavis12', 'cjohns85', 'aksamija', 'swapnendu99', 'mgallagher3712', 'ryanhaack04', 'nconkli1', 'agarci33', 'mclark47', 'kdelawde', 'cristiandvm1999', 'obohorqu', 'jcieslik']"
55,69,19,7,3,"['guicx', 'jdiego1216', 'olugbenga82']",16,"['albert7', 'rakoskr6', 'maderm', 'pdethlef', 'mgallagher3712', 'zpremack', 'frank.a.tiernan', 'nconkli1', 'cristiandvm1999', 'aksamija', 'brutongaster', 'kweidem', 'jpauls1', 'swapnendu99', 'lucasmah44', 'hl13']",4,"['kfuria', 'mcginn1', 'efeldman', 'etitheyeti98']",23,"['jdiego1216', 'rakoskr6', 'pdethlef', 'zpremack', 'frank.a.tiernan', 'aksamija', 'kweidem', 'jpauls1', 'swapnendu99', 'lucasmah44', 'mcginn1', 'hl13', 'albert7', 'efeldman', 'mgallagher3712', 'olugbenga82', 'guicx', 'kfuria', 'nconkli1', 'etitheyeti98', 'brutongaster', 'cristiandvm1999', 'maderm']"
56,2,19,9,8,"['michaelcapo', 'albertomalferrari', 'mato96', 'alby94', 'corradini_allison', 'daniele.goldoni', 'allematt96', 'pyro']",11,"['daniel.loveless', 'gabrielerebecchi96', 'alex.aglietta', 'caprarilorenzo', 'amirnabilhanna', 'giulioteti', 'gammaaaa1996', 'valentina.dipinto.7', 'salmagamal8880', 'merlin_djoumessi', 'praetor']",1,['fesel_elias'],20,"['daniel.loveless', 'gabrielerebecchi96', 'alex.aglietta', 'caprarilorenzo', 'mato96', 'alby94', 'giulioteti', 'valentina.dipinto.7', 'salmagamal8880', 'amirnabilhanna', 'allematt96', 'corradini_allison', 'merlin_djoumessi', 'pyro', 'michaelcapo', 'albertomalferrari', 'gammaaaa1996', 'daniele.goldoni', 'fesel_elias', 'praetor']"
57,129,18,33,11,"['ee18btech11034', 'ee18btech11021', 'shaik123', 'saivarshatedla', 'ee18btech11044', 'cheruu', 'aayushgoyal27', 'ee18btech11048', 'mehar', 'vlnreddy', 'ee18btech11016']",7,"['sudeepv', 'ee18btech11006', 'ee18btech11050', 'dks2000', 'varuni123', 'es17btech11024', 'tejaswinianagani75']",22,"['berisowjanya205', 'ee17btech11001', 'tejaswini_anagani', 'shreshta126', 'rakesh1231', 'pkrutikmehta', 'ee18btech11020', 'narendarr34', 'tprashanth180', 'mounika.banothu2', 'hrithikraj5', 'pi_stark', 'ee17btech11010', 'ee18btech11004', 'sathwikchaitanya', 'ee18btech11026', 'kalyanidp123', 'emani', 'adithyavardhan', 'ee18btech11041', 'nagandlaravalika6', 'aashrith']",40,"['ee18btech11034', 'berisowjanya205', 'shaik123', 'saivarshatedla', 'varuni123', 'ee17btech11001', 'tejaswini_anagani', 'sudeepv', 'ee18btech11021', 'shreshta126', 'pkrutikmehta', 'rakesh1231', 'ee18btech11006', 'ee18btech11044', 'dks2000', 'es17btech11024', 'mehar', 'vlnreddy', 'narendarr34', 'ee18btech11020', 'tprashanth180', 'mounika.banothu2', 'hrithikraj5', 'pi_stark', 'ee17btech11010', 'aayushgoyal27', 'ee18btech11048', 'ee18btech11004', 'sathwikchaitanya', 'ee18btech11026', 'kalyanidp123', 'emani', 'ee18btech11050', 'adithyavardhan', 'cheruu', 'ee18btech11041', 'ee18btech11016', 'tejaswinianagani75', 'nagandlaravalika6', 'aashrith']"
57,201,18,23,11,"['sudeepv', 'ee18btech11021', 'ee18btech11006', 'ee18btech11050', 'dks2000', 'varuni123', 'aayushgoyal27', 'ee18btech11048', 'es17btech11024', 'mehar', 'tejaswinianagani75']",7,"['ee18btech11034', 'shaik123', 'ee18btech11044', 'saivarshatedla', 'cheruu', 'vlnreddy', 'ee18btech11016']",12,"['jevalenzuela', 'tanmay.chavan94', 'lambkin.optics', 'abdurnawaz.2011', 'junghun80', 'buereddyvarunireddy', 'rebeccaeagleton', 'hatem.babaa', 'tejaswini_anagani', 'ee18btech11031', 'pe268318', 'yashguguloth']",30,"['ee18btech11034', 'jevalenzuela', 'shaik123', 'saivarshatedla', 'varuni123', 'buereddyvarunireddy', 'tejaswini_anagani', 'ee18btech11031', 'sudeepv', 'ee18btech11021', 'ee18btech11006', 'ee18btech11044', 'dks2000', 'es17btech11024', 'mehar', 'rebeccaeagleton', 'vlnreddy', 'pe268318', 'abdurnawaz.2011', 'lambkin.optics', 'aayushgoyal27', 'ee18btech11048', 'hatem.babaa', 'tanmay.chavan94', 'ee18btech11050', 'junghun80', 'cheruu', 'ee18btech11016', 'tejaswinianagani75', 'yashguguloth']"
57,200,18,7,1,['dks2000'],17,"['sudeepv', 'ee18btech11034', 'ee18btech11021', 'shaik123', 'ee18btech11006', 'ee18btech11050', 'saivarshatedla', 'ee18btech11044', 'varuni123', 'cheruu', 'aayushgoyal27', 'ee18btech11048', 'es17btech11024', 'mehar', 'vlnreddy', 'ee18btech11016', 'tejaswinianagani75']",6,"['mjregan2', 'tonni1912', 'junghun80', 'hatem.babaa', 'ixmbq', 'mrvhbs']",24,"['ee18btech11034', 'shaik123', 'tonni1912', 'saivarshatedla', 'varuni123', 'aayushgoyal27', 'ee18btech11048', 'vlnreddy', 'hatem.babaa', 'ixmbq', 'mrvhbs', 'sudeepv', 'ee18btech11021', 'mjregan2', 'ee18btech11006', 'ee18btech11050', 'ee18btech11044', 'dks2000', 'junghun80', 'cheruu', 'es17btech11024', 'mehar', 'ee18btech11016', 'tejaswinianagani75']"
58,58,18,11,10,"['slee528', 'jgu10', 'yabumay2', 'ishanatrii', 'jhmao2', 'yusenye2', 'myl3', 'avatsa2', 'janavic2', 'nw3']",8,"['jasonhackiewicz', 'kopunovic.jelena97', 'jdpinedac', 'dmicic997', 'goran1', 'natasa', 'dusicadimm', 'henhaocang']",1,['srooke2'],19,"['dusicadimm', 'jasonhackiewicz', 'kopunovic.jelena97', 'jgu10', 'dmicic997', 'ishanatrii', 'goran1', 'avatsa2', 'natasa', 'janavic2', 'henhaocang', 'srooke2', 'slee528', 'jdpinedac', 'yabumay2', 'jhmao2', 'yusenye2', 'myl3', 'nw3']"
58,57,18,6,5,"['kopunovic.jelena97', 'dmicic997', 'goran1', 'natasa', 'dusicadimm']",13,"['janavic2', 'nw3', 'jasonhackiewicz', 'slee528', 'jdpinedac', 'yabumay2', 'ishanatrii', 'jhmao2', 'yusenye2', 'avatsa2', 'myl3', 'jgu10', 'henhaocang']",1,['jovanoviclazar97'],19,"['dusicadimm', 'jasonhackiewicz', 'kopunovic.jelena97', 'jgu10', 'dmicic997', 'ishanatrii', 'goran1', 'avatsa2', 'natasa', 'janavic2', 'henhaocang', 'jovanoviclazar97', 'slee528', 'jdpinedac', 'yabumay2', 'jhmao2', 'yusenye2', 'myl3', 'nw3']"
59,39,18,10,9,"['richac11', 'iantempletontcnj', 'capellb1', 'mosherr1', 'lost_archeon', 'shorrm2', 'smithn20', 'laffeya1', 'ahmads10']",9,"['dickc1', 'delacrj4', 'wortsb1', 'fontans2', 'dnovick', 'regner1', 'sahil47', 'hayese4', 'kristenmunafo']",1,['rossej2'],19,"['iantempletontcnj', 'fontans2', 'rossej2', 'laffeya1', 'regner1', 'smithn20', 'sahil47', 'hayese4', 'kristenmunafo', 'ahmads10', 'dickc1', 'delacrj4', 'richac11', 'capellb1', 'wortsb1', 'mosherr1', 'shorrm2', 'dnovick', 'lost_archeon']"
59,40,18,9,8,"['richac11', 'iantempletontcnj', 'capellb1', 'mosherr1', 'lost_archeon', 'shorrm2', 'hayese4', 'ahmads10']",10,"['dickc1', 'delacrj4', 'wortsb1', 'fontans2', 'dnovick', 'regner1', 'smithn20', 'sahil47', 'laffeya1', 'kristenmunafo']",1,['rossej2'],19,"['iantempletontcnj', 'fontans2', 'rossej2', 'laffeya1', 'regner1', 'smithn20', 'sahil47', 'hayese4', 'kristenmunafo', 'ahmads10', 'dickc1', 'delacrj4', 'richac11', 'capellb1', 'wortsb1', 'mosherr1', 'shorrm2', 'dnovick', 'lost_archeon']"
59,38,18,6,5,"['delacrj4', 'wortsb1', 'regner1', 'hayese4', 'ahmads10']",13,"['dickc1', 'iantempletontcnj', 'richac11', 'capellb1', 'mosherr1', 'fontans2', 'laffeya1', 'shorrm2', 'dnovick', 'smithn20', 'sahil47', 'lost_archeon', 'kristenmunafo']",1,['puziod2'],19,"['iantempletontcnj', 'fontans2', 'laffeya1', 'regner1', 'smithn20', 'sahil47', 'hayese4', 'kristenmunafo', 'ahmads10', 'dickc1', 'delacrj4', 'richac11', 'capellb1', 'wortsb1', 'mosherr1', 'shorrm2', 'dnovick', 'puziod2', 'lost_archeon']"
62,63,18,24,10,"['lauraseramos', 'mgg', 'ireneopst', 'pivotxfighter', 'pabloblascof', 'lauragomezn', 'diegorodriguez', 'carlos99', 'pablomp13', 'alvgcdual']",8,"['mariadelavilla', 'jcampo7_', 'martinprados', 'edam100435629', 'sararoman', 'tc', 'gemaquinonero', 'victormartin22']",14,"['iren00', 'josups13', 'aaaaaaa', 'pepecano', 'saaracina', 'clara241', 'annaguillem', 'nuria2020', 'juan405569', 'luciavdr00', 'carlosaznar', 'fossi', 'mariarodriguezst13', 'pauuu100405550']",32,"['mariadelavilla', 'mgg', 'aaaaaaa', 'pepecano', 'clara241', 'nuria2020', 'diegorodriguez', 'pablomp13', 'carlosaznar', 'mariarodriguezst13', 'pauuu100405550', 'lauraseramos', 'iren00', 'pivotxfighter', 'pabloblascof', 'lauragomezn', 'martinprados', 'saaracina', 'annaguillem', 'fossi', 'gemaquinonero', 'jcampo7_', 'juan405569', 'luciavdr00', 'sararoman', 'carlos99', 'tc', 'josups13', 'ireneopst', 'edam100435629', 'victormartin22', 'alvgcdual']"
63,63,18,24,9,"['josups13', 'iren00', 'aaaaaaa', 'pepecano', 'annaguillem', 'clara241', 'juan405569', 'carlosaznar', 'fossi']",9,"['raul.porrelli', 'seshelma', 'arensibia', 'alfonsoserrano', 'leahrock11', 'fernandosancho', 'aaberge5', 'mariaalvarado27', 'hungdo238']",15,"['lauraseramos', 'mgg', 'ireneopst', 'pivotxfighter', 'pabloblascof', 'lauragomezn', 'saaracina', 'nuria2020', 'luciavdr00', 'diegorodriguez', 'pablomp13', 'carlos99', 'mariarodriguezst13', 'alvgcdual', 'pauuu100405550']",33,"['mgg', 'seshelma', 'aaaaaaa', 'pepecano', 'alfonsoserrano', 'clara241', 'leahrock11', 'nuria2020', 'pablomp13', 'carlosaznar', 'diegorodriguez', 'aaberge5', 'mariaalvarado27', 'mariarodriguezst13', 'pauuu100405550', 'lauraseramos', 'iren00', 'pivotxfighter', 'pabloblascof', 'lauragomezn', 'saaracina', 'annaguillem', 'fernandosancho', 'fossi', 'hungdo238', 'arensibia', 'juan405569', 'luciavdr00', 'carlos99', 'raul.porrelli', 'josups13', 'ireneopst', 'alvgcdual']"
65,205,18,270,1,['jaephago'],17,"['yjh4866', 'carlosrodriguez', 'ottersquad', 'dntnwls0501', 'sjhoon96', 'fsuarez', 'yummchae', 'kimys4u', 'kangtoltol', 'qjjh1217', 'yujincho', 'jiwon7341', 'albertosanchezberti', 'minho9534', 'kimyoungkyen', 'eb32862', 'miguelpino']",269,"['5dustkd', 'daniel.robin22', 'nerwin', 'yassminsabry', 'vetterd', 'andrea.oldham97', 'doog9601', 'rricardo0324', 'uxiavelca', 'mehdibandali', 'carlosvigo1997', 'yjn3492', 'bassel0elgharbawy0', 'rachel.blaydes', 'kirollos.morcos.km', 'chzh1341', 'kunge0054', 'finnclements', 'miguel_fernandez', 'soddi1621', 'hs960531', 'estalin', 'antoramp', 'alberto4', 'dhkswk96', 'ghobashy445', 'graceml2', 'gipes', 'kendalhiatt', 'marshallfrye', 'foojorge', '123whdxor', 'aloptor', 'lsj4677', 'johnlanghout', 'lhc33820933', 'juansans98', 'jasperdeconinck', 'bobbimatheson', 'spazos', 'matthewdailey', 'u0543041', 'macks', 'giacomo.bego', 'myez', 'ana.rmteo', 'immmin6677', 'dangover94', 'corozco', 'titanking231', 'glevita2', 'dish1498', 'qottkf6194', 'marniesan', 'juanjoseo', 'eunice98k', 'k66773659', 'emt2', 'zaubin42', 'eserafimbortolazzo', 'franktib2', 'cbnuleejinwoo', 'cbo3', 'nshamsi', 'cjsxodnd12', 'dnlek12', 'rygr8576', 'boody456366', 'antonio25', 'bha00001', 'zrm0001', 'jenniferperez1', 'leesk4869', 'jiaolh', 'parkface94', 'anstjd1542', 'hyerim100600', 'msubullies1', 'jrichman99', 'aht47', 'caetano.eirea', 'philg', 'mattmattmerrill', 'jakubpepas', 'yoonek6719', 'dbeciri45', 'u1121281', 'mauro_sg', 'qncowlf10', 'idargu90', 'yougyeongo', 'student1000', 'chvk4161', 'mitchell.shields99', 'chohyundong12', 'ludovick', 'gcxmoffice1994', 'itskatomall', 'jlkirk', 'pichoncillo1', 'htj1104', 'anais3', 'ophelie10', 'eogn1004', 'hellbomber101', 'supernhtr', 'ryuhoin2002', 'e.pmcrespo', 'marcospascualin', 'juho4523', 'danielcondetorres', 'pablosande98', 'mtanzi', 'kyserch', 'guillermocam', 'aanupam3', 'rhrna007', 'aia00001', 'lwang82', 'wjdekgus77', 'josig2011', 'dariushkim', 'kepco2020a', 'hayejord', 'tonni1912', 'tjtks4730', 'naitix', 'bbatuhanbilecen', 'khfrum', 'piri940511', 'gonserr', 'iagomillanentenza', 'adp5383', 'tpollei', 'ezsamsuntung', 'reyda', 'martinperezmaneiro', 'tmdorsey', 'smdesrochers', 'jonathan.balent', 'hjshook', 'francike', 'iflueck2', 'josedamiangarcianoya', 'siyuezheng', 'emilioar', 'jmy0002', 'koakhyunji', 'mocha7411', 'socrat', 'alskdjfh6161', 'mertyamanoglu', 'ziyue2', 'gekco', 'kesu1234', 'ganaaa12a', 'coopjord', 'georgeckchen', 'xogus102929', 'rachelgjohnson', 'ye02', 'junzed2', 'rsp79', 'cmoauro2', 'vandelei', 'xoangon', 'b.benson', 'giacomo.munari.1', 'ignaciomilani', 'toast', 'zlapvmf', 'nakkulab', 'jeandavid', 'petercp2', 'raymondzhou227', 'mmartinezsanchez', 'm0650104.ee06g', 'tnqls3409', 'manuel10suarez10', 'sabintandukar', 'bsusol2', 'martinzapatamartinez', 'jesusgiraldez', 'u1201859', 'dbister', 'genius_p', 'isaac.dominguez4444', 'wodnjssnsk12', 'qwerty0637', 'nes1011', 'lidiadom', 'ghtlstnf7', 'samuelfl', 'sallysong683', 'giung0227', 'fofi94', 'declanb', 'axelbelgarde', 'n3b3x', 'anamichelena', 'dale7283', 'thddpwls257', 'danielm78', 'ardisch123', 'ybso1566', 'jedelkind0117', 'exareivaj', 'pedro.julian', 'cjs476', 'b.isenberg', 'blake.ballou08', 'sgu20151463', 'roychoudhuryaditya2019', 'u0360918', 'navya.k.shastri', 'logankraus', 'sukjunyeo', 'rbb0001', 'qumo4329', 'hancheyn', 'alw0039', 'palzmq', 'mcdonald.josh', 'lukebidulka', 'bw02203', 'pablocl', 'beper53', 'dorxlqmdkdlel', 'ohh99o9', 'dmeyer1998', 'cicalesej', 'jdanivc', 'taylordavis678', 'u1285150', 'jboniuk98', 'matthewleemle2', 'dldnals2020', 'sschneider874', 'qkslqksl951', 'tristram', 'mis5660', 'rohdej', 'byeolguri', 'clara.landesa', 'nargene', 'jhryu1994', 'chdu6864', 'therahuul', 'sherwmit', 'ylanbdr', 'foghel96', 'yoojeong9925', 'suyoneee', 'mikesnure', 'jn12su27', 'andreagcoto', 'sumintnals', 'adrianhochgesang', 'latourem', 'hyerim1006000', 'xoanmayo', 'thomas.poulin', 'anstpdlffj3', 'shabnashreej', 'sportmonkey584', 'sooooooy314', 'abal2474', 'xfiles', 'ekdms0894']",287,"['5dustkd', 'daniel.robin22', 'nerwin', 'yassminsabry', 'vetterd', 'andrea.oldham97', 'doog9601', 'rricardo0324', 'uxiavelca', 'mehdibandali', 'carlosvigo1997', 'yjn3492', 'bassel0elgharbawy0', 'rachel.blaydes', 'kirollos.morcos.km', 'chzh1341', 'kunge0054', 'finnclements', 'miguel_fernandez', 'soddi1621', 'hs960531', 'estalin', 'antoramp', 'alberto4', 'dhkswk96', 'ghobashy445', 'graceml2', 'gipes', 'kendalhiatt', 'marshallfrye', 'foojorge', '123whdxor', 'aloptor', 'lsj4677', 'miguelpino', 'johnlanghout', 'lhc33820933', 'juansans98', 'jasperdeconinck', 'bobbimatheson', 'spazos', 'matthewdailey', 'u0543041', 'macks', 'giacomo.bego', 'myez', 'ana.rmteo', 'immmin6677', 'dangover94', 'corozco', 'titanking231', 'glevita2', 'dish1498', 'qottkf6194', 'marniesan', 'juanjoseo', 'carlosrodriguez', 'eunice98k', 'k66773659', 'emt2', 'zaubin42', 'eserafimbortolazzo', 'franktib2', 'cbnuleejinwoo', 'kangtoltol', 'cbo3', 'nshamsi', 'cjsxodnd12', 'dnlek12', 'minho9534', 'rygr8576', 'boody456366', 'antonio25', 'bha00001', 'zrm0001', 'jenniferperez1', 'leesk4869', 'jiaolh', 'parkface94', 'qjjh1217', 'anstjd1542', 'hyerim100600', 'msubullies1', 'jrichman99', 'aht47', 'caetano.eirea', 'philg', 'mattmattmerrill', 'jakubpepas', 'yoonek6719', 'dbeciri45', 'u1121281', 'mauro_sg', 'qncowlf10', 'idargu90', 'yougyeongo', 'student1000', 'chvk4161', 'mitchell.shields99', 'chohyundong12', 'ludovick', 'gcxmoffice1994', 'itskatomall', 'jlkirk', 'pichoncillo1', 'jiwon7341', 'eb32862', 'htj1104', 'anais3', 'ophelie10', 'eogn1004', 'hellbomber101', 'supernhtr', 'ryuhoin2002', 'e.pmcrespo', 'marcospascualin', 'juho4523', 'danielcondetorres', 'pablosande98', 'mtanzi', 'kyserch', 'guillermocam', 'aanupam3', 'rhrna007', 'aia00001', 'lwang82', 'wjdekgus77', 'josig2011', 'dariushkim', 'kepco2020a', 'hayejord', 'tonni1912', 'tjtks4730', 'naitix', 'bbatuhanbilecen', 'khfrum', 'piri940511', 'gonserr', 'iagomillanentenza', 'adp5383', 'tpollei', 'ezsamsuntung', 'reyda', 'martinperezmaneiro', 'tmdorsey', 'smdesrochers', 'jonathan.balent', 'hjshook', 'francike', 'iflueck2', 'josedamiangarcianoya', 'siyuezheng', 'emilioar', 'jmy0002', 'koakhyunji', 'mocha7411', 'socrat', 'alskdjfh6161', 'mertyamanoglu', 'yujincho', 'ziyue2', 'gekco', 'kesu1234', 'ganaaa12a', 'coopjord', 'georgeckchen', 'xogus102929', 'rachelgjohnson', 'ye02', 'junzed2', 'rsp79', 'cmoauro2', 'kimyoungkyen', 'sjhoon96', 'vandelei', 'xoangon', 'b.benson', 'giacomo.munari.1', 'ignaciomilani', 'toast', 'zlapvmf', 'nakkulab', 'jeandavid', 'albertosanchezberti', 'petercp2', 'raymondzhou227', 'mmartinezsanchez', 'm0650104.ee06g', 'tnqls3409', 'manuel10suarez10', 'sabintandukar', 'bsusol2', 'martinzapatamartinez', 'jesusgiraldez', 'u1201859', 'ottersquad', 'dbister', 'genius_p', 'isaac.dominguez4444', 'wodnjssnsk12', 'qwerty0637', 'nes1011', 'lidiadom', 'ghtlstnf7', 'samuelfl', 'kimys4u', 'sallysong683', 'giung0227', 'fofi94', 'axelbelgarde', 'declanb', 'n3b3x', 'anamichelena', 'dale7283', 'thddpwls257', 'danielm78', 'ardisch123', 'ybso1566', 'jedelkind0117', 'exareivaj', 'dntnwls0501', 'pedro.julian', 'cjs476', 'b.isenberg', 'blake.ballou08', 'sgu20151463', 'roychoudhuryaditya2019', 'u0360918', 'navya.k.shastri', 'logankraus', 'jaephago', 'sukjunyeo', 'rbb0001', 'qumo4329', 'hancheyn', 'alw0039', 'palzmq', 'mcdonald.josh', 'lukebidulka', 'bw02203', 'pablocl', 'beper53', 'yummchae', 'dorxlqmdkdlel', 'ohh99o9', 'fsuarez', 'dmeyer1998', 'cicalesej', 'jdanivc', 'taylordavis678', 'u1285150', 'jboniuk98', 'matthewleemle2', 'dldnals2020', 'sschneider874', 'qkslqksl951', 'tristram', 'mis5660', 'rohdej', 'byeolguri', 'clara.landesa', 'nargene', 'jhryu1994', 'chdu6864', 'therahuul', 'sherwmit', 'ylanbdr', 'foghel96', 'yoojeong9925', 'suyoneee', 'mikesnure', 'jn12su27', 'andreagcoto', 'sumintnals', 'yjh4866', 'adrianhochgesang', 'latourem', 'hyerim1006000', 'xoanmayo', 'thomas.poulin', 'anstpdlffj3', 'shabnashreej', 'sportmonkey584', 'sooooooy314', 'abal2474', 'xfiles', 'ekdms0894']"
65,9,18,14,9,"['eb32862', 'kangtoltol', 'yujincho', 'jaephago', 'kimys4u', 'minho9534', 'kimyoungkyen', 'qjjh1217', 'sjhoon96']",9,"['carlosrodriguez', 'ottersquad', 'dntnwls0501', 'yummchae', 'jiwon7341', 'albertosanchezberti', 'yjh4866', 'fsuarez', 'miguelpino']",5,"['dangover94', 'anstpdlffj3', 'dorxlqmdkdlel', 'siggy36', 'sstty7']",23,"['ottersquad', 'dangover94', 'siggy36', 'jaephago', 'albertosanchezberti', 'minho9534', 'yjh4866', 'qjjh1217', 'miguelpino', 'carlosrodriguez', 'sstty7', 'dntnwls0501', 'anstpdlffj3', 'fsuarez', 'yummchae', 'kangtoltol', 'dorxlqmdkdlel', 'yujincho', 'jiwon7341', 'kimys4u', 'kimyoungkyen', 'eb32862', 'sjhoon96']"
65,19,18,13,2,"['albertosanchezberti', 'fsuarez']",16,"['yjh4866', 'carlosrodriguez', 'ottersquad', 'dntnwls0501', 'sjhoon96', 'yummchae', 'kangtoltol', 'qjjh1217', 'yujincho', 'jaephago', 'kimys4u', 'minho9534', 'kimyoungkyen', 'eb32862', 'miguelpino', 'jiwon7341']",11,"['jesusgiraldez', 'foojorge', 'xie2', 'danielcondetorres', 'juansans98', 'uxiavelca', 'noxis986', 'isaac.dominguez4444', 'andreagcoto', 'iagomillanentenza', 'juanjoseo']",29,"['jesusgiraldez', 'foojorge', 'ottersquad', 'noxis986', 'isaac.dominguez4444', 'andreagcoto', 'jaephago', 'albertosanchezberti', 'minho9534', 'yjh4866', 'qjjh1217', 'iagomillanentenza', 'miguelpino', 'carlosrodriguez', 'juanjoseo', 'xie2', 'danielcondetorres', 'juansans98', 'uxiavelca', 'dntnwls0501', 'fsuarez', 'yummchae', 'kangtoltol', 'yujincho', 'jiwon7341', 'kimys4u', 'kimyoungkyen', 'eb32862', 'sjhoon96']"
66,106,17,23,16,"['eyhsieh2', 'jvita2', 'axyong2', 'yulunwu4', 'brianr5', 'yihan4', 'jiaxing6', 'as18', 'hanyang6', 'eih2', 'yyang197', 'am14', 'ggengr2', 'gdeatley', 'ziqi5', 'dpeng4']",1,['shiang2'],7,"['torosant', 'msurana2', 'kkang14', 'jaschil2', 'aagam2', 'dadams', 'aagamshah']",24,"['brianr5', 'torosant', 'yulunwu4', 'kkang14', 'aagamshah', 'ziqi5', 'hanyang6', 'msurana2', 'jvita2', 'axyong2', 'yihan4', 'aagam2', 'shiang2', 'ggengr2', 'gdeatley', 'eyhsieh2', 'jaschil2', 'as18', 'dadams', 'eih2', 'yyang197', 'am14', 'jiaxing6', 'dpeng4']"
68,105,17,6,5,"['carate', 'francisduhamel', 'ridoy1995', 'awais96', 'fredcyr10']",12,"['tianyi.zou770', 'asmaalromaih', 'laflfrancois19', 'nusaiba.ra', 'minor.tyler.1998', 'julia.london54', 'tamimarahman99', 'jamiemcleish', 'yiyangggg', 'vally', 'liza.petkevitch', 'kbucheeri']",1,['wzhuonan'],18,"['carate', 'asmaalromaih', 'laflfrancois19', 'francisduhamel', 'ridoy1995', 'awais96', 'jamiemcleish', 'vally', 'liza.petkevitch', 'kbucheeri', 'fredcyr10', 'tianyi.zou770', 'wzhuonan', 'nusaiba.ra', 'minor.tyler.1998', 'julia.london54', 'tamimarahman99', 'yiyangggg']"
69,215,17,8,1,['pattiya_p'],16,"['mareev.evgeniy', 'digitalgenics', 'tomas0821', 'feher.bence92', 'mmasoudsf', 'weishi71', 'reill279', 'levansang82', 'mxk1213', 'lataussi', 'jsk6732', 'monsterplank', 'sameerkamath', 'leonans100', 'shwetahim23', 'nadine']",7,"['ericshen628', 'jone1573', 'lregalad', 'jo46', 'roj', 'lswentor', 'konerua']",24,"['mareev.evgeniy', 'jo46', 'feher.bence92', 'reill279', 'jsk6732', 'monsterplank', 'mxk1213', 'tomas0821', 'shwetahim23', 'roj', 'konerua', 'digitalgenics', 'ericshen628', 'jone1573', 'lregalad', 'mmasoudsf', 'weishi71', 'levansang82', 'lataussi', 'sameerkamath', 'leonans100', 'pattiya_p', 'lswentor', 'nadine']"
70,236,16,8,8,"['nadinec', 'alexander.kuleff', 'cookienator', 'blakspell', 'maximilian1505', 'niclaskrupp', 'christian.delavier', 'ut192']",8,"['jpascher99', 'arabi52', 'fedy9', 'maierrouven', 'kirchgessner9', 'wo456', 'sgicev', 'btayo202']",0,[],16,"['jpascher99', 'nadinec', 'arabi52', 'kirchgessner9', 'wo456', 'niclaskrupp', 'ut192', 'btayo202', 'fedy9', 'alexander.kuleff', 'maierrouven', 'cookienator', 'sgicev', 'blakspell', 'maximilian1505', 'christian.delavier']"
71,155,15,6,5,"['xmcdowel', 'hddrabek', 'byeagley', 'mercolso', 'jebadi']",10,"['ethnguye', 'bschwant', 'ejapundz', 'epbower', 'jdulski10', 'gotts', 'zwlevy', 'bfisch9', 'jsaxberg', 'tjzhang']",1,['nbrunk'],16,"['bschwant', 'gotts', 'jdulski10', 'zwlevy', 'mercolso', 'jsaxberg', 'ethnguye', 'xmcdowel', 'ejapundz', 'epbower', 'nbrunk', 'bfisch9', 'hddrabek', 'byeagley', 'jebadi', 'tjzhang']"
75,42,14,7,3,"['robboew', 'schuscha', 'momo2801']",11,"['el.barny.ono', 'juaferv3', 'mrkimyk92', 'benedetto', 'jonnyy1', 'nunezcastruita', 'michi7x7', 'jodogo', 'tarim', 'giammen', 'viswas_online']",4,"['alex.kobald', 'anape', 'lukas.fussi', 'mrcookiecooker']",18,"['el.barny.ono', 'anape', 'momo2801', 'juaferv3', 'jonnyy1', 'nunezcastruita', 'robboew', 'jodogo', 'tarim', 'giammen', 'viswas_online', 'schuscha', 'lukas.fussi', 'alex.kobald', 'mrkimyk92', 'benedetto', 'michi7x7', 'mrcookiecooker']"
76,199,14,6,2,"['akankshakenge', 'lavhalerishabh1997']",12,"['bhaleraokaruna49', 'mohammedsbit085', 'francisvachon', 'mbison', 'leecc', 'nanj49', 'fjwalk', 'sholva', 'ccbb', 'dongshaung', 'tejaswaghate', 'cornuelle.3']",4,"['kagte24', 'rutu.gawande06', 'abhishek2912', 'pritinakhate96']",18,"['bhaleraokaruna49', 'abhishek2912', 'akankshakenge', 'nanj49', 'rutu.gawande06', 'fjwalk', 'sholva', 'ccbb', 'pritinakhate96', 'mohammedsbit085', 'kagte24', 'francisvachon', 'mbison', 'leecc', 'dongshaung', 'tejaswaghate', 'lavhalerishabh1997', 'cornuelle.3']"
79,167,14,16,1,['pgardo2'],13,"['ninfzf', 'aliaghabalaeivahid', 'nwdunham', 'mooar', 'kuldeep', 'ylw201117', 'tmsmb2', 'ams282', 'chungis', 'sgericeb', 'nmtq44', 'jaszqd', 'clcfk2']",15,"['loutris2', 'bremig2', 'aatass2', 'dosman3', 'alexmf2', 'jkelle30', 'aeburke4', 'mabdal6', 'zanh2', 'kacperr2', 'mderka3', 'ericli4', 'ninume2', 'jordanm7', 'meeraj2']",29,"['aliaghabalaeivahid', 'nwdunham', 'loutris2', 'pgardo2', 'aatass2', 'alexmf2', 'ams282', 'sgericeb', 'nmtq44', 'kacperr2', 'clcfk2', 'ericli4', 'ninfzf', 'mooar', 'bremig2', 'dosman3', 'kuldeep', 'ylw201117', 'tmsmb2', 'chungis', 'jkelle30', 'aeburke4', 'jaszqd', 'mabdal6', 'zanh2', 'mderka3', 'ninume2', 'jordanm7', 'meeraj2']"
81,116,13,13,6,"['voh2105', 'aab2243', 'xinhao', 'asiv21', 'vipul2310', 'hh2811']",7,"['wnp2105', 'ald2231', 'sb3790', 'wentaoz', 'zbs5', 'hm2806', 'gnj2101']",7,"['vipulmann2310', 'yol', 'qf2143', 'zw2583', 'qw2318', 'wq940411', 'eddiehong']",20,"['wnp2105', 'yol', 'zw2583', 'xinhao', 'asiv21', 'vipul2310', 'sb3790', 'wq940411', 'qw2318', 'eddiehong', 'hh2811', 'hm2806', 'vipulmann2310', 'ald2231', 'voh2105', 'qf2143', 'aab2243', 'wentaoz', 'zbs5', 'gnj2101']"
82,51,13,11,7,"['mbaerwal', 'tbautis1', 'callen43', 'dtbautis', 'krusyn', 'jdover2', 'emily']",6,"['atmuir', 'rlfergu4', 'hglembo', 'hlriley', 'jordandeitsch', 'rselfais']",4,"['vasileska', 'rspaul1', 'joliva8', 'awirkusc']",17,"['vasileska', 'mbaerwal', 'atmuir', 'callen43', 'dtbautis', 'krusyn', 'joliva8', 'emily', 'rselfais', 'tbautis1', 'rlfergu4', 'hglembo', 'jdover2', 'hlriley', 'jordandeitsch', 'rspaul1', 'awirkusc']"
82,179,13,10,8,"['mbaerwal', 'tbautis1', 'callen43', 'dtbautis', 'krusyn', 'jdover2', 'hlriley', 'emily']",5,"['atmuir', 'rlfergu4', 'hglembo', 'jordandeitsch', 'rselfais']",2,"['vasileska', 'ttmccart']",15,"['vasileska', 'mbaerwal', 'atmuir', 'callen43', 'dtbautis', 'krusyn', 'emily', 'rselfais', 'ttmccart', 'tbautis1', 'rlfergu4', 'hglembo', 'jdover2', 'hlriley', 'jordandeitsch']"
82,52,13,5,4,"['emily', 'jdover2', 'hlriley', 'callen43']",9,"['tbautis1', 'atmuir', 'mbaerwal', 'dtbautis', 'rlfergu4', 'krusyn', 'hglembo', 'jordandeitsch', 'rselfais']",1,['vkumar21'],14,"['mbaerwal', 'rlfergu4', 'tbautis1', 'dtbautis', 'atmuir', 'callen43', 'krusyn', 'hglembo', 'jdover2', 'hlriley', 'jordandeitsch', 'vkumar21', 'emily', 'rselfais']"
83,129,13,33,6,"['pkrutikmehta', 'mounika.banothu2', 'kalyanidp123', 'adithyavardhan', 'ee18btech11004', 'ee17btech11001']",7,"['16.nt.harshil.pambhar', 'stunningllama', '16.nt.rajan.suhagiya', 'sidell66', 'siu854042801', '16.nt.milan.solanki', 'jrettmuller']",27,"['ee18btech11034', 'berisowjanya205', 'shaik123', 'saivarshatedla', 'tejaswini_anagani', 'ee18btech11021', 'shreshta126', 'rakesh1231', 'ee18btech11044', 'mehar', 'vlnreddy', 'ee18btech11020', 'narendarr34', 'tprashanth180', 'hrithikraj5', 'pi_stark', 'ee17btech11010', 'aayushgoyal27', 'ee18btech11048', 'sathwikchaitanya', 'ee18btech11026', 'emani', 'cheruu', 'ee18btech11041', 'ee18btech11016', 'nagandlaravalika6', 'aashrith']",40,"['ee18btech11034', 'berisowjanya205', 'shaik123', '16.nt.rajan.suhagiya', 'saivarshatedla', 'ee17btech11001', 'tejaswini_anagani', 'jrettmuller', 'ee18btech11021', 'shreshta126', 'pkrutikmehta', 'rakesh1231', 'stunningllama', 'ee18btech11044', 'mehar', 'vlnreddy', '16.nt.milan.solanki', 'narendarr34', 'ee18btech11020', 'tprashanth180', '16.nt.harshil.pambhar', 'mounika.banothu2', 'hrithikraj5', 'sidell66', 'siu854042801', 'pi_stark', 'ee17btech11010', 'aayushgoyal27', 'ee18btech11048', 'ee18btech11004', 'sathwikchaitanya', 'ee18btech11026', 'kalyanidp123', 'emani', 'adithyavardhan', 'cheruu', 'ee18btech11041', 'ee18btech11016', 'nagandlaravalika6', 'aashrith']"
83,182,13,10,3,"['jrettmuller', 'sidell66', 'siu854042801']",10,"['16.nt.harshil.pambhar', 'pkrutikmehta', 'mounika.banothu2', 'stunningllama', 'kalyanidp123', '16.nt.rajan.suhagiya', 'adithyavardhan', 'ee18btech11004', 'ee17btech11001', '16.nt.milan.solanki']",7,"['siu856308833', 'siu854386620', 'siu854274177', 'jonas.trimble', 'paytonmcc', 'ian2123', 'danielryanmuller']",20,"['16.nt.harshil.pambhar', 'mounika.banothu2', 'siu854386620', '16.nt.rajan.suhagiya', 'siu856308833', 'sidell66', 'siu854042801', 'ee18btech11004', 'ee17btech11001', 'jrettmuller', 'ian2123', 'pkrutikmehta', 'stunningllama', 'kalyanidp123', 'siu854274177', 'adithyavardhan', 'jonas.trimble', 'paytonmcc', '16.nt.milan.solanki', 'danielryanmuller']"
84,136,13,10,10,"['kboyle3', 'teenathomas29', 'anagha', 'saiteja285', 'ananawa1', 'hardikrana', 'wdeixle1', 'mnepal1', 'rsawant1', 'abarza1']",3,"['tschaie1', 'jluckma1', 'njoseph1']",0,[],13,"['njoseph1', 'hardikrana', 'tschaie1', 'abarza1', 'kboyle3', 'teenathomas29', 'anagha', 'jluckma1', 'saiteja285', 'ananawa1', 'wdeixle1', 'mnepal1', 'rsawant1']"
85,77,12,14,12,"['joseandrescr18', 'a01022945', 'alegucu', 'a01630782', 'alex_sonda', 'elizabethmtz8', 'miressa5', 'andresloera', 'ernestovazqueza', 'cecisoriano7', 'a01630926', 'xvaldesgza']",0,[],2,"['a01636223', 'ricardo.jmz']",14,"['joseandrescr18', 'a01022945', 'a01630782', 'alex_sonda', 'andresloera', 'ernestovazqueza', 'elizabethmtz8', 'a01636223', 'a01630926', 'alegucu', 'miressa5', 'cecisoriano7', 'ricardo.jmz', 'xvaldesgza']"
86,83,12,11,11,"['colinllee', 'jbzwiebel', 'jysmart', 'jgk23', 'yousuf.rehman7', 'nlv10', 'egeyer', 'xiying0deng', 'benwill2000', 'jsmorgan6', 'rr150']",1,['stampanos'],0,[],12,"['jbzwiebel', 'yousuf.rehman7', 'rr150', 'colinllee', 'jysmart', 'jgk23', 'nlv10', 'egeyer', 'benwill2000', 'jsmorgan6', 'stampanos', 'xiying0deng']"
87,88,12,6,6,"['kamluk07', 'mukuls619', 'qatarhentry123', 'mikele', 'akvilina0524', 'karkasas']",6,"['saule.kulvinskaite', 'ivangast', 'klaudijusmidveris4', 'ingagrig7', 'kdagilis', 'dominykaskan']",0,[],12,"['kamluk07', 'karkasas', 'saule.kulvinskaite', 'mukuls619', 'ivangast', 'qatarhentry123', 'klaudijusmidveris4', 'ingagrig7', 'mikele', 'akvilina0524', 'kdagilis', 'dominykaskan']"
89,45,12,12,11,"['bcollar', 'mahesh96.dsm', 'lburzawa', 'yang1087', 'yu957', 'douh', 'hsu172', 'chen3360', 'glawlor', 'rjaiswa', 'tao88']",1,['cohen26'],1,['tpollei'],13,"['mahesh96.dsm', 'lburzawa', 'yu957', 'douh', 'tpollei', 'bcollar', 'yang1087', 'hsu172', 'chen3360', 'cohen26', 'glawlor', 'rjaiswa', 'tao88']"
90,205,12,270,11,"['giacomo.bego', 'antoramp', 'tristram', 'ophelie10', 'giacomo.munari.1', 'thomas.poulin', 'beper53', 'jeandavid', 'franktib2', 'axelbelgarde', 'marcospascualin']",1,['darkrising'],259,"['5dustkd', 'daniel.robin22', 'nerwin', 'yassminsabry', 'vetterd', 'andrea.oldham97', 'doog9601', 'rricardo0324', 'uxiavelca', 'mehdibandali', 'carlosvigo1997', 'yjn3492', 'bassel0elgharbawy0', 'rachel.blaydes', 'kirollos.morcos.km', 'chzh1341', 'kunge0054', 'finnclements', 'miguel_fernandez', 'soddi1621', 'hs960531', 'estalin', 'alberto4', 'dhkswk96', 'ghobashy445', 'graceml2', 'gipes', 'kendalhiatt', 'marshallfrye', 'foojorge', '123whdxor', 'aloptor', 'lsj4677', 'johnlanghout', 'lhc33820933', 'juansans98', 'jasperdeconinck', 'bobbimatheson', 'spazos', 'matthewdailey', 'u0543041', 'macks', 'myez', 'ana.rmteo', 'immmin6677', 'dangover94', 'corozco', 'titanking231', 'glevita2', 'dish1498', 'qottkf6194', 'marniesan', 'juanjoseo', 'eunice98k', 'k66773659', 'emt2', 'zaubin42', 'eserafimbortolazzo', 'cbnuleejinwoo', 'cbo3', 'nshamsi', 'cjsxodnd12', 'dnlek12', 'rygr8576', 'boody456366', 'antonio25', 'bha00001', 'zrm0001', 'jenniferperez1', 'leesk4869', 'jiaolh', 'parkface94', 'anstjd1542', 'hyerim100600', 'msubullies1', 'jrichman99', 'aht47', 'caetano.eirea', 'philg', 'mattmattmerrill', 'jakubpepas', 'yoonek6719', 'dbeciri45', 'u1121281', 'mauro_sg', 'qncowlf10', 'idargu90', 'yougyeongo', 'student1000', 'chvk4161', 'mitchell.shields99', 'chohyundong12', 'ludovick', 'gcxmoffice1994', 'itskatomall', 'jlkirk', 'pichoncillo1', 'htj1104', 'anais3', 'eogn1004', 'hellbomber101', 'supernhtr', 'ryuhoin2002', 'e.pmcrespo', 'juho4523', 'danielcondetorres', 'pablosande98', 'mtanzi', 'kyserch', 'guillermocam', 'aanupam3', 'rhrna007', 'aia00001', 'lwang82', 'wjdekgus77', 'josig2011', 'dariushkim', 'kepco2020a', 'hayejord', 'tonni1912', 'tjtks4730', 'naitix', 'bbatuhanbilecen', 'khfrum', 'piri940511', 'gonserr', 'iagomillanentenza', 'adp5383', 'tpollei', 'ezsamsuntung', 'reyda', 'martinperezmaneiro', 'tmdorsey', 'smdesrochers', 'jonathan.balent', 'hjshook', 'francike', 'iflueck2', 'josedamiangarcianoya', 'siyuezheng', 'emilioar', 'jmy0002', 'koakhyunji', 'mocha7411', 'socrat', 'alskdjfh6161', 'mertyamanoglu', 'ziyue2', 'gekco', 'kesu1234', 'ganaaa12a', 'coopjord', 'georgeckchen', 'xogus102929', 'rachelgjohnson', 'ye02', 'junzed2', 'rsp79', 'cmoauro2', 'vandelei', 'xoangon', 'b.benson', 'ignaciomilani', 'toast', 'zlapvmf', 'nakkulab', 'petercp2', 'raymondzhou227', 'mmartinezsanchez', 'm0650104.ee06g', 'tnqls3409', 'manuel10suarez10', 'sabintandukar', 'bsusol2', 'martinzapatamartinez', 'jesusgiraldez', 'u1201859', 'dbister', 'genius_p', 'isaac.dominguez4444', 'wodnjssnsk12', 'qwerty0637', 'nes1011', 'lidiadom', 'ghtlstnf7', 'samuelfl', 'sallysong683', 'giung0227', 'fofi94', 'declanb', 'n3b3x', 'anamichelena', 'dale7283', 'thddpwls257', 'danielm78', 'ardisch123', 'ybso1566', 'jedelkind0117', 'exareivaj', 'pedro.julian', 'cjs476', 'b.isenberg', 'blake.ballou08', 'sgu20151463', 'roychoudhuryaditya2019', 'u0360918', 'navya.k.shastri', 'logankraus', 'sukjunyeo', 'jaephago', 'rbb0001', 'qumo4329', 'hancheyn', 'alw0039', 'palzmq', 'mcdonald.josh', 'lukebidulka', 'bw02203', 'pablocl', 'dorxlqmdkdlel', 'ohh99o9', 'dmeyer1998', 'cicalesej', 'jdanivc', 'taylordavis678', 'u1285150', 'jboniuk98', 'matthewleemle2', 'dldnals2020', 'sschneider874', 'qkslqksl951', 'mis5660', 'rohdej', 'byeolguri', 'clara.landesa', 'nargene', 'jhryu1994', 'chdu6864', 'therahuul', 'sherwmit', 'ylanbdr', 'foghel96', 'yoojeong9925', 'suyoneee', 'mikesnure', 'jn12su27', 'andreagcoto', 'sumintnals', 'adrianhochgesang', 'latourem', 'hyerim1006000', 'xoanmayo', 'anstpdlffj3', 'shabnashreej', 'sportmonkey584', 'sooooooy314', 'abal2474', 'xfiles', 'ekdms0894']",271,"['5dustkd', 'daniel.robin22', 'nerwin', 'yassminsabry', 'vetterd', 'andrea.oldham97', 'doog9601', 'rricardo0324', 'uxiavelca', 'mehdibandali', 'carlosvigo1997', 'yjn3492', 'bassel0elgharbawy0', 'rachel.blaydes', 'kirollos.morcos.km', 'chzh1341', 'kunge0054', 'finnclements', 'miguel_fernandez', 'soddi1621', 'hs960531', 'estalin', 'antoramp', 'alberto4', 'dhkswk96', 'ghobashy445', 'graceml2', 'gipes', 'kendalhiatt', 'marshallfrye', 'foojorge', '123whdxor', 'aloptor', 'lsj4677', 'johnlanghout', 'lhc33820933', 'juansans98', 'jasperdeconinck', 'bobbimatheson', 'spazos', 'matthewdailey', 'u0543041', 'macks', 'giacomo.bego', 'myez', 'ana.rmteo', 'immmin6677', 'dangover94', 'corozco', 'titanking231', 'glevita2', 'dish1498', 'qottkf6194', 'marniesan', 'juanjoseo', 'eunice98k', 'k66773659', 'emt2', 'zaubin42', 'eserafimbortolazzo', 'franktib2', 'cbnuleejinwoo', 'cbo3', 'nshamsi', 'cjsxodnd12', 'dnlek12', 'rygr8576', 'boody456366', 'antonio25', 'bha00001', 'zrm0001', 'jenniferperez1', 'darkrising', 'leesk4869', 'jiaolh', 'parkface94', 'anstjd1542', 'hyerim100600', 'msubullies1', 'jrichman99', 'aht47', 'caetano.eirea', 'philg', 'mattmattmerrill', 'jakubpepas', 'yoonek6719', 'dbeciri45', 'u1121281', 'mauro_sg', 'qncowlf10', 'idargu90', 'yougyeongo', 'student1000', 'chvk4161', 'mitchell.shields99', 'chohyundong12', 'ludovick', 'gcxmoffice1994', 'itskatomall', 'jlkirk', 'pichoncillo1', 'htj1104', 'anais3', 'ophelie10', 'eogn1004', 'hellbomber101', 'supernhtr', 'ryuhoin2002', 'e.pmcrespo', 'marcospascualin', 'juho4523', 'danielcondetorres', 'pablosande98', 'mtanzi', 'kyserch', 'guillermocam', 'aanupam3', 'rhrna007', 'aia00001', 'lwang82', 'wjdekgus77', 'josig2011', 'dariushkim', 'kepco2020a', 'hayejord', 'tonni1912', 'tjtks4730', 'naitix', 'bbatuhanbilecen', 'khfrum', 'piri940511', 'gonserr', 'iagomillanentenza', 'adp5383', 'tpollei', 'ezsamsuntung', 'reyda', 'martinperezmaneiro', 'tmdorsey', 'smdesrochers', 'jonathan.balent', 'hjshook', 'francike', 'iflueck2', 'josedamiangarcianoya', 'siyuezheng', 'emilioar', 'jmy0002', 'koakhyunji', 'mocha7411', 'socrat', 'alskdjfh6161', 'mertyamanoglu', 'ziyue2', 'gekco', 'kesu1234', 'ganaaa12a', 'coopjord', 'georgeckchen', 'xogus102929', 'rachelgjohnson', 'ye02', 'junzed2', 'rsp79', 'cmoauro2', 'vandelei', 'xoangon', 'giacomo.munari.1', 'b.benson', 'ignaciomilani', 'toast', 'zlapvmf', 'nakkulab', 'jeandavid', 'petercp2', 'raymondzhou227', 'mmartinezsanchez', 'm0650104.ee06g', 'tnqls3409', 'manuel10suarez10', 'sabintandukar', 'bsusol2', 'martinzapatamartinez', 'jesusgiraldez', 'u1201859', 'dbister', 'genius_p', 'isaac.dominguez4444', 'wodnjssnsk12', 'qwerty0637', 'nes1011', 'lidiadom', 'ghtlstnf7', 'samuelfl', 'sallysong683', 'giung0227', 'fofi94', 'declanb', 'axelbelgarde', 'n3b3x', 'anamichelena', 'dale7283', 'thddpwls257', 'danielm78', 'ardisch123', 'ybso1566', 'jedelkind0117', 'exareivaj', 'pedro.julian', 'cjs476', 'b.isenberg', 'blake.ballou08', 'sgu20151463', 'roychoudhuryaditya2019', 'u0360918', 'navya.k.shastri', 'logankraus', 'sukjunyeo', 'jaephago', 'rbb0001', 'qumo4329', 'hancheyn', 'alw0039', 'palzmq', 'mcdonald.josh', 'lukebidulka', 'bw02203', 'beper53', 'pablocl', 'dorxlqmdkdlel', 'ohh99o9', 'dmeyer1998', 'cicalesej', 'jdanivc', 'taylordavis678', 'u1285150', 'jboniuk98', 'matthewleemle2', 'dldnals2020', 'tristram', 'sschneider874', 'qkslqksl951', 'mis5660', 'rohdej', 'byeolguri', 'clara.landesa', 'nargene', 'jhryu1994', 'chdu6864', 'therahuul', 'sherwmit', 'ylanbdr', 'foghel96', 'yoojeong9925', 'suyoneee', 'mikesnure', 'jn12su27', 'andreagcoto', 'sumintnals', 'adrianhochgesang', 'latourem', 'hyerim1006000', 'xoanmayo', 'thomas.poulin', 'anstpdlffj3', 'shabnashreej', 'sportmonkey584', 'sooooooy314', 'abal2474', 'xfiles', 'ekdms0894']"
90,24,12,8,4,"['thomas.poulin', 'jeandavid', 'ophelie10', 'franktib2']",8,"['giacomo.bego', 'antoramp', 'tristram', 'giacomo.munari.1', 'beper53', 'darkrising', 'axelbelgarde', 'marcospascualin']",4,"['anais3', 'jtpaquet', 'jean00491', 'remi.caron90']",16,"['giacomo.bego', 'anais3', 'ophelie10', 'giacomo.munari.1', 'jtpaquet', 'jeandavid', 'darkrising', 'marcospascualin', 'antoramp', 'tristram', 'thomas.poulin', 'beper53', 'remi.caron90', 'jean00491', 'franktib2', 'axelbelgarde']"
90,29,12,8,1,['darkrising'],11,"['giacomo.bego', 'antoramp', 'tristram', 'ophelie10', 'giacomo.munari.1', 'thomas.poulin', 'beper53', 'jeandavid', 'franktib2', 'axelbelgarde', 'marcospascualin']",7,"['ejg98', 'julioug1', 'emilioar', 'miguellopezcardenas98', 'dariogarred', 'pmvd95', 'elena_lopez']",19,"['giacomo.bego', 'ophelie10', 'giacomo.munari.1', 'emilioar', 'miguellopezcardenas98', 'jeandavid', 'pmvd95', 'darkrising', 'marcospascualin', 'antoramp', 'tristram', 'ejg98', 'julioug1', 'thomas.poulin', 'beper53', 'dariogarred', 'franktib2', 'axelbelgarde', 'elena_lopez']"
90,33,12,8,1,['darkrising'],11,"['giacomo.bego', 'antoramp', 'tristram', 'ophelie10', 'giacomo.munari.1', 'thomas.poulin', 'beper53', 'jeandavid', 'franktib2', 'axelbelgarde', 'marcospascualin']",7,"['ejg98', 'julioug1', 'emilioar', 'dariogarred', 'plmolina4', 'alexsanchezcast', 'elena_lopez']",19,"['giacomo.bego', 'ophelie10', 'giacomo.munari.1', 'emilioar', 'jeandavid', 'alexsanchezcast', 'darkrising', 'marcospascualin', 'antoramp', 'tristram', 'ejg98', 'julioug1', 'thomas.poulin', 'beper53', 'dariogarred', 'plmolina4', 'franktib2', 'axelbelgarde', 'elena_lopez']"
91,147,12,5,1,['srothsch'],11,"['growsell', 'spear9', 'stockb', 'shoafn', 'rdesmond', 'yeungd', 'xing36', 'msuter', 'ctow', 'gjensen', 'yshousha']",4,"['cmenden', 'kumar212', 'natoli0', 'edreifue']",16,"['growsell', 'spear9', 'stockb', 'rdesmond', 'shoafn', 'yeungd', 'xing36', 'natoli0', 'msuter', 'kumar212', 'edreifue', 'ctow', 'srothsch', 'gjensen', 'cmenden', 'yshousha']"
93,42,12,7,4,"['alex.kobald', 'anape', 'lukas.fussi', 'mrcookiecooker']",8,"['joebstlmichaelstefan', 'christoph.doesinger', 'bellra98', 'chemat31', 'dgrafinger', 'kjw3523', 'rascofrasco', 'marcel.simhofer']",3,"['robboew', 'schuscha', 'momo2801']",15,"['anape', 'joebstlmichaelstefan', 'momo2801', 'bellra98', 'robboew', 'chemat31', 'kjw3523', 'dgrafinger', 'rascofrasco', 'marcel.simhofer', 'christoph.doesinger', 'lukas.fussi', 'schuscha', 'alex.kobald', 'mrcookiecooker']"
93,41,12,6,2,"['anape', 'dgrafinger']",10,"['joebstlmichaelstefan', 'lukas.fussi', 'christoph.doesinger', 'alex.kobald', 'bellra98', 'chemat31', 'kjw3523', 'mrcookiecooker', 'rascofrasco', 'marcel.simhofer']",4,"['verena_sch', 'vgi025', 'tobiko11', 'paulschaffer']",16,"['anape', 'joebstlmichaelstefan', 'lukas.fussi', 'tobiko11', 'paulschaffer', 'alex.kobald', 'bellra98', 'vgi025', 'chemat31', 'kjw3523', 'dgrafinger', 'mrcookiecooker', 'verena_sch', 'rascofrasco', 'marcel.simhofer', 'christoph.doesinger']"
94,173,12,6,1,['yogesh30394'],11,"['pnakarmi', 'yar_oommf', 'mengyingbian1991', 'nhobson', 'skhanal22', 'shreybajaj', 'imantsd', 'birdsquirrel93', 'william86888', 'vickyacospa', 'jebickel']",5,"['miss.namrata08', 'devkapil108', 'nishthavats', 'kpmondal', 'vipulsharma110']",17,"['pnakarmi', 'yar_oommf', 'mengyingbian1991', 'skhanal22', 'nhobson', 'shreybajaj', 'miss.namrata08', 'imantsd', 'devkapil108', 'birdsquirrel93', 'william86888', 'vickyacospa', 'jebickel', 'nishthavats', 'kpmondal', 'yogesh30394', 'vipulsharma110']"
95,240,11,11,10,"['anthonyspear', 'syndeev15', 'zachlc66', 'tomandersone36', 'alanramirez99', 'jarodfreeman7', 'campevan97', 'treecko160', 'navajas1', 'acesdarkstar']",1,['not0sure'],1,['cviney'],12,"['anthonyspear', 'syndeev15', 'zachlc66', 'tomandersone36', 'alanramirez99', 'jarodfreeman7', 'campevan97', 'treecko160', 'navajas1', 'acesdarkstar', 'not0sure', 'cviney']"
96,53,11,6,1,['afriasd'],10,"['nn00951', 'ttang2', 'acbradley', 'prakash.raut', 'jreed10009', 'ruxandratonea17', 'leemiao1984', 'dumitru.trucu', '1120140384yang', 'jlacsina']",5,"['tnguye22', 'elisacrisci', 'kleinstreuernc', 'lilshay1999.lr', 'barrano247']",16,"['barrano247', 'nn00951', 'ttang2', 'acbradley', 'tnguye22', 'elisacrisci', 'prakash.raut', 'kleinstreuernc', 'lilshay1999.lr', 'jreed10009', 'afriasd', 'ruxandratonea17', 'leemiao1984', 'dumitru.trucu', '1120140384yang', 'jlacsina']"
97,104,11,17,7,"['siyuan2', 'junzhek', 'lianthony34', 'cychan3', 'ivy950222', 'brianyiyu5', 'restep2']",4,"['avw2', 'arulouie', 'bfl16v1799', 'dcpang2']",10,"['nickvashkani', 'ziangg2', 'lanruiy2', 'baohl2', 'rakheja', 'yicongd2', 'shaloo', 'ri3', 'lsun24', 'schen157']",21,"['avw2', 'bfl16v1799', 'lanruiy2', 'siyuan2', 'junzhek', 'lianthony34', 'cychan3', 'ri3', 'lsun24', 'shaloo', 'dcpang2', 'nickvashkani', 'ziangg2', 'baohl2', 'arulouie', 'yicongd2', 'rakheja', 'ivy950222', 'brianyiyu5', 'restep2', 'schen157']"
101,44,11,6,6,"['diptibidwai12340', 'tarunisreem', 'sowmiyar', 'praveensivakumar93', 'hariprakash29695', 'lokeshzen23']",5,"['ignalb', 'mohammedarif.h2019', 'gaurav_kgk', 'sbrfitzmeyer', 'nainhardip']",0,[],11,"['ignalb', 'mohammedarif.h2019', 'diptibidwai12340', 'gaurav_kgk', 'tarunisreem', 'sowmiyar', 'praveensivakumar93', 'nainhardip', 'hariprakash29695', 'sbrfitzmeyer', 'lokeshzen23']"
102,108,11,73,2,"['peter496', 'kkoradiy']",9,"['rosetta', 'amandaleong', 'lu500', 'irinanazari', 'seungho0377', 'dmg32c', 'keillenlee', 'genrad', 'aminasian5']",71,"['byant', 'ncnweb_outreach2', 'ncnweb_outreach1', 'hu509', 'deshpan3', 'bhartant', 'smit3159', 'patkip', 'osantang', 'dbenham', 'fvora', 'jianwen97', 'faltens', 'pnagrani', 'rnaon', 'callahap', 'gtribe', 'lgreenle', 'petrosky', 'jung248', 'jpdero2', 'anaon', 'mtrivell', 'wang4084', 'titus9', 'dfarache', 'askipwor', 'skarumur', 'conley39', 'aavlani', 'han602', 'tan254', 'bmodel', 'eheikens', 'savetian', 'reyno105', 'sah1', 'ganeshm', 'rojas23', 'gchsong', 'matar', 'lowe52', 'kswiatk', 'ununez', 'aidanc_purdue', 'jo30', 'jmeneze', 'ssaradhi', 'li2736', 'jverduzc', 'shanks5', 'dewey2', 'satishbgowda', 'kulkar72', 'vogel30', 'ericks23', 'desai61', 'owen22', 'alafzi', 'ja37989', 'mcclurez', 'sharm284', 'jpiazza', 'yao201', 'mademoiselle0812', 'ford.l.piano.guitar', 'paulmather', 'jstalba', 'mfarnell', 'zprofio', 'abuganza']",82,"['byant', 'ncnweb_outreach2', 'ncnweb_outreach1', 'rosetta', 'hu509', 'deshpan3', 'bhartant', 'smit3159', 'genrad', 'patkip', 'osantang', 'dbenham', 'fvora', 'jianwen97', 'lu500', 'faltens', 'pnagrani', 'rnaon', 'callahap', 'gtribe', 'lgreenle', 'petrosky', 'jung248', 'jpdero2', 'anaon', 'aminasian5', 'mtrivell', 'wang4084', 'titus9', 'dfarache', 'askipwor', 'skarumur', 'conley39', 'aavlani', 'han602', 'tan254', 'bmodel', 'eheikens', 'savetian', 'irinanazari', 'dmg32c', 'reyno105', 'kkoradiy', 'sah1', 'peter496', 'ganeshm', 'rojas23', 'gchsong', 'matar', 'lowe52', 'kswiatk', 'ununez', 'aidanc_purdue', 'jo30', 'jmeneze', 'ssaradhi', 'li2736', 'jverduzc', 'shanks5', 'amandaleong', 'dewey2', 'satishbgowda', 'kulkar72', 'vogel30', 'ericks23', 'desai61', 'owen22', 'alafzi', 'ja37989', 'mcclurez', 'sharm284', 'jpiazza', 'yao201', 'seungho0377', 'mademoiselle0812', 'ford.l.piano.guitar', 'paulmather', 'jstalba', 'keillenlee', 'mfarnell', 'zprofio', 'abuganza']"
102,109,11,7,5,"['amandaleong', 'irinanazari', 'keillenlee', 'genrad', 'aminasian5']",6,"['kkoradiy', 'rosetta', 'peter496', 'lu500', 'seungho0377', 'dmg32c']",2,"['taylormorris', 'chloeoconnor']",13,"['kkoradiy', 'rosetta', 'peter496', 'amandaleong', 'lu500', 'irinanazari', 'seungho0377', 'taylormorris', 'dmg32c', 'keillenlee', 'genrad', 'chloeoconnor', 'aminasian5']"
105,193,11,37,2,"['voltafruett', 'desbasj001']",9,"['ealruqob', 'v157460', 't206043', 'rodolfopoloniandrietta', 'lrm5060', 'well33488', 'henriquetheodorsf.ht', 'nykri9', 'a190710']",35,"['mathbulhoes', 'w188684', 'd169774', 'i175460', 'matheusgmmendonca', 'thiagolim42', 'gabriel_dutra', 'oozaku', 'juliombb', 'heigon77', 'joaopedro', 'oozakudesu', 'g169127', 'i199092', 'h174308', 'm175011', 'odeiofeec', 'j199681', 'y225901', 'mathepionorio', 'd169649', 'g172185', 'frerappa', 'b167869', 'igorp.lopes', 'v207054', 'aaaaaaaa1', 'joaoppagnan', 'j123765', 'josehenriquerecio', 'diogoteles08', 'g172497', 'm222157', 'joe.stifler', 'i217947']",46,"['mathbulhoes', 'w188684', 'd169774', 'i175460', 'voltafruett', 'matheusgmmendonca', 'thiagolim42', 'gabriel_dutra', 'oozaku', 'juliombb', 'heigon77', 'joaopedro', 'oozakudesu', 'g169127', 'desbasj001', 'i199092', 't206043', 'h174308', 'lrm5060', 'm175011', 'odeiofeec', 'a190710', 'j199681', 'y225901', 'mathepionorio', 'd169649', 'ealruqob', 'g172185', 'frerappa', 'v157460', 'b167869', 'igorp.lopes', 'v207054', 'henriquetheodorsf.ht', 'aaaaaaaa1', 'joaoppagnan', 'j123765', 'josehenriquerecio', 'diogoteles08', 'rodolfopoloniandrietta', 'well33488', 'g172497', 'nykri9', 'm222157', 'joe.stifler', 'i217947']"
105,194,11,24,2,"['well33488', 'rodolfopoloniandrietta']",9,"['ealruqob', 'desbasj001', 'v157460', 'voltafruett', 't206043', 'lrm5060', 'henriquetheodorsf.ht', 'nykri9', 'a190710']",22,"['w188684', 'vmmartinez2811', 'dominguilherme', 'christian.konishi', 'r204993', 'pietro1704', 'f171043', 'juliombb', 'g169127', 'thiagoms', 'maronato', 'a212269', 'cauan_newton', 'matsano', 'palmirasara', 'v206586', 'ppalves10', 'm222059', 'c214570', 'r204952', 'sciecode', 'l201332']",33,"['w188684', 'vmmartinez2811', 'dominguilherme', 'christian.konishi', 'r204993', 'pietro1704', 'voltafruett', 'f171043', 'juliombb', 'g169127', 'thiagoms', 'maronato', 'desbasj001', 'a212269', 'cauan_newton', 't206043', 'matsano', 'lrm5060', 'a190710', 'ealruqob', 'palmirasara', 'v157460', 'v206586', 'ppalves10', 'henriquetheodorsf.ht', 'm222059', 'c214570', 'rodolfopoloniandrietta', 'r204952', 'well33488', 'nykri9', 'sciecode', 'l201332']"
105,196,11,8,2,"['t206043', 'a190710']",9,"['ealruqob', 'desbasj001', 'v157460', 'voltafruett', 'rodolfopoloniandrietta', 'lrm5060', 'well33488', 'henriquetheodorsf.ht', 'nykri9']",6,"['ramireguilherme', 'juangalvez', 'marcosdiaz', 'matheusgmmendonca', 'luizeduardoaraujozucchi', 'serodio']",17,"['ealruqob', 'v157460', 'voltafruett', 'juangalvez', 'marcosdiaz', 'matheusgmmendonca', 'henriquetheodorsf.ht', 'ramireguilherme', 'desbasj001', 't206043', 'rodolfopoloniandrietta', 'lrm5060', 'well33488', 'luizeduardoaraujozucchi', 'nykri9', 'serodio', 'a190710']"
109,180,10,9,9,"['sejalsardal84', 'pankajdwaykar1999', 'prathamesh903', 'omkarchalke21', 'himanshusharma.47986', 'ahiresumeet123', 'siddheshparab03', 'ashwinjad41', 'rajharyan786']",1,['dineshrsaple'],0,[],10,"['prathamesh903', 'omkarchalke21', 'siddheshparab03', 'sejalsardal84', 'pankajdwaykar1999', 'dineshrsaple', 'himanshusharma.47986', 'ahiresumeet123', 'ashwinjad41', 'rajharyan786']"
110,163,10,11,9,"['vzamorap', 'mofdz', 'juanpabloramirezserrano2123', 'nicoler9712', 'barbozaroger31', 'yes99iqi', 'mariapaulavr', 'monseriver17', 'fabrizio.arias611']",1,['seanryan'],2,"['pamemolinarivera', 'carla.gomezquiros']",12,"['pamemolinarivera', 'mofdz', 'vzamorap', 'juanpabloramirezserrano2123', 'nicoler9712', 'seanryan', 'mariapaulavr', 'monseriver17', 'carla.gomezquiros', 'barbozaroger31', 'yes99iqi', 'fabrizio.arias611']"
112,153,10,49,10,"['mbelissary1', 'ebakretsbew', 'nicemice77', 'amartzz', 'kurisil00', 'brendancheng97', 'horn1720', 'hannahwilen', 'marianitaben', 'angiechristinelei']",0,[],39,"['aaa504035787', 'awodell12', 'brooke.z.keene', 'faris.albarghouthi', 'uzoigweamauche', 'enakshi', 'hattan.abuzaid', 'divmalhotrawork', 'dl232', 'brianbosem', 'blc29', 'ari_carri', 'jmedway614', 'moarabi', 'lindamanyenga', 'sanmitra.roni', 'atm54', 'nano512', 'davidliu729', 'aarondfranklin', 'nightshadequeen', 'shihenglu94', 'charlotteroh', 's4rahlim', 'jonahhk', 'martincala', 'ashwinmahendra98', 'ak398', 'hah36', '108claire', 'luciamees2016', 'acanning24', 'vivianqw', 'joyqiaoyili', 'lae26', 'memelord123', 'joanna.li', 'allencao', 'vagpan88']",49,"['aaa504035787', 'awodell12', 'enakshi', 'faris.albarghouthi', 'uzoigweamauche', 'divmalhotrawork', 'hattan.abuzaid', 'marianitaben', 'dl232', 'brianbosem', 'blc29', 'ari_carri', 'jmedway614', 'moarabi', 'lindamanyenga', 'sanmitra.roni', 'atm54', 'nano512', 'nicemice77', 'amartzz', 'davidliu729', 'aarondfranklin', 'hannahwilen', 'angiechristinelei', 'nightshadequeen', 'mbelissary1', 'ebakretsbew', 'brendancheng97', 'horn1720', 'shihenglu94', 'charlotteroh', 's4rahlim', 'jonahhk', 'martincala', 'ashwinmahendra98', 'ak398', 'vagpan88', 'hah36', '108claire', 'kurisil00', 'luciamees2016', 'acanning24', 'vivianqw', 'joyqiaoyili', 'lae26', 'memelord123', 'joanna.li', 'allencao', 'brooke.z.keene']"
114,47,10,8,5,"['kamilnada8', 'wasanloay19', 'saja1987', 'riyad2015', 'huda001995']",5,"['vikrambaka', 'monerawheed', 'kazma8338', 'wedd95eean', 'alaa90mohammed']",3,"['aa469635295', 'ahmed424800', 'mohamedalhamed86']",13,"['vikrambaka', 'kamilnada8', 'ahmed424800', 'wasanloay19', 'monerawheed', 'aa469635295', 'kazma8338', 'wedd95eean', 'saja1987', 'huda001995', 'riyad2015', 'alaa90mohammed', 'mohamedalhamed86']"
118,141,10,14,2,"['palattilhouse', 'preethiravisankar101']",8,"['yilin00992', 'withflamered', 'nishukamboj95', 'safiyahalotaibi', 'jishadsaiju', 'pranav_peter2050', 'ggc37', 'harishr3498']",12,"['sneha9192', 'r.rahul2636', '3mayavismaya9710', 'athulrajhere', 'ajaymr', 'kailasrj11', 'sarathsathish78', 'ancycrips123', 'bhadraanil9', 'krishna6023', 'kadarbhai', 'aparnanair2302']",22,"['yilin00992', 'r.rahul2636', 'athulrajhere', 'ajaymr', 'kailasrj11', 'krishna6023', 'jishadsaiju', 'pranav_peter2050', 'ggc37', 'harishr3498', 'nishukamboj95', 'sneha9192', '3mayavismaya9710', 'safiyahalotaibi', 'sarathsathish78', 'ancycrips123', 'bhadraanil9', 'kadarbhai', 'palattilhouse', 'aparnanair2302', 'preethiravisankar101', 'withflamered']"
119,224,9,14,2,"['sctsid98', 'mohamadatifkhatib']",7,"['sujitpatankar442', 'dubey41r', 'ameypanchal1234', 'kaustubh911', 'druvesh10', 'omkarkelshikar30', 'patilvaidehee98']",12,"['abhipaswan24', 'puniashyamsunder', 'yuvraj.rp00099', 'arkumbhar1012', 'surajksharma7', 'snehalnayse1', 'aniketvalwe', 'sarveshsawant1212', 'gauri.shukla', 'anushka.kashyap', 'sarvandiwakar', 'gauravtaral1']",21,"['abhipaswan24', 'snehalnayse1', 'ameypanchal1234', 'gauri.shukla', 'anushka.kashyap', 'sctsid98', 'sujitpatankar442', 'puniashyamsunder', 'yuvraj.rp00099', 'arkumbhar1012', 'surajksharma7', 'dubey41r', 'patilvaidehee98', 'kaustubh911', 'druvesh10', 'aniketvalwe', 'sarveshsawant1212', 'omkarkelshikar30', 'sarvandiwakar', 'gauravtaral1', 'mohamadatifkhatib']"
119,228,9,6,1,['sctsid98'],8,"['sujitpatankar442', 'dubey41r', 'ameypanchal1234', 'patilvaidehee98', 'kaustubh911', 'druvesh10', 'omkarkelshikar30', 'mohamadatifkhatib']",5,"['rohankadam82455', 'rohitshinders1997', 'surajksharma7', 'binsypinto', 'parthsalunke']",14,"['sctsid98', 'sujitpatankar442', 'rohankadam82455', 'parthsalunke', 'rohitshinders1997', 'surajksharma7', 'ameypanchal1234', 'dubey41r', 'mohamadatifkhatib', 'kaustubh911', 'druvesh10', 'binsypinto', 'omkarkelshikar30', 'patilvaidehee98']"
120,166,9,10,8,"['davidnigri', 'dkeller', 'celestin.vallat', 'calamand', 'eddebbarhyoussef96', 'hbocquet', 'yoyo.righa', 'loreh']",1,['cfoucher'],2,"['hovadojede', 'derlet']",11,"['davidnigri', 'hbocquet', 'yoyo.righa', 'loreh', 'dkeller', 'calamand', 'celestin.vallat', 'eddebbarhyoussef96', 'hovadojede', 'cfoucher', 'derlet']"
121,161,9,8,5,"['wqy5096', 'man5578', 'peng1998', 'sxk535', 'yxc5571']",4,"['ejz5061', 'dmr5688', 'kxz5107', 'nick.litak']",3,"['lassejensen', 'hvl5314', 'jkb56']",12,"['hvl5314', 'wqy5096', 'kxz5107', 'jkb56', 'ejz5061', 'dmr5688', 'nick.litak', 'man5578', 'peng1998', 'sxk535', 'yxc5571', 'lassejensen']"
122,141,9,14,2,"['bhadraanil9', 'sarathsathish78']",7,"['gouriglizzers98', 'sanjothomas54', 'dk10', 'gowri_bhagavathi', 'anjanaajith1234', 'vrpadmakumar9526', 'shreelakshmi1709']",12,"['sneha9192', 'r.rahul2636', '3mayavismaya9710', 'athulrajhere', 'ajaymr', 'kailasrj11', 'ancycrips123', 'krishna6023', 'kadarbhai', 'palattilhouse', 'aparnanair2302', 'preethiravisankar101']",21,"['dk10', 'r.rahul2636', 'athulrajhere', 'ajaymr', 'kailasrj11', 'anjanaajith1234', 'vrpadmakumar9526', 'krishna6023', 'shreelakshmi1709', 'gouriglizzers98', 'sanjothomas54', 'sneha9192', 'gowri_bhagavathi', '3mayavismaya9710', 'bhadraanil9', 'sarathsathish78', 'ancycrips123', 'kadarbhai', 'palattilhouse', 'aparnanair2302', 'preethiravisankar101']"
122,142,9,9,6,"['gouriglizzers98', 'sanjothomas54', 'gowri_bhagavathi', 'vrpadmakumar9526', 'anjanaajith1234', 'shreelakshmi1709']",3,"['bhadraanil9', 'sarathsathish78', 'dk10']",3,"['nissie.mary.johnson', 'ananthakrishnancv98', 'sukeshwins']",12,"['nissie.mary.johnson', 'gouriglizzers98', 'sanjothomas54', 'dk10', 'gowri_bhagavathi', 'anjanaajith1234', 'vrpadmakumar9526', 'bhadraanil9', 'sarathsathish78', 'shreelakshmi1709', 'sukeshwins', 'ananthakrishnancv98']"
123,225,9,7,6,"['akii1998', 'laleshkhairnar6896', 'abhijitsalve25', 'tandenick', 'varunmalusare1997', 'vishalk1995']",3,"['trishakamble075', 'pradnyabodke886', 'micael.oliveira']",1,['anuellora'],10,"['akii1998', 'micael.oliveira', 'anuellora', 'pradnyabodke886', 'laleshkhairnar6896', 'trishakamble075', 'abhijitsalve25', 'tandenick', 'varunmalusare1997', 'vishalk1995']"
124,154,9,8,8,"['hyunjin1550', 'suhyeon', 'leehyunjin', 'jbo20018', 'ymk670', 'hyunseon', 'gusckd8956', 'sinaeji']",1,['amdes0703'],0,[],9,"['gusckd8956', 'amdes0703', 'suhyeon', 'leehyunjin', 'jbo20018', 'ymk670', 'hyunseon', 'hyunjin1550', 'sinaeji']"
125,186,9,19,3,"['megahnb', 'cetolaj', 'rocioborroto']",6,"['gabriel_chen', 'tristangainey', 'imiulescu', 'kendalhiatt1', 'valma35', 'tarrwalt']",16,"['anamichelena', 'rricardo0324', 'rachelgjohnson', 'johnlanghout', 'siyuezheng', 'ylanbdr', 'dariushkim', 'mcdonald.josh', 'mtanzi', 'sydneyhiggins', 'dbister', 'reyda', 'nerwin', 'sportmonkey584', 'bobbimatheson', 'josephwilliams11']",25,"['anamichelena', 'cetolaj', 'siyuezheng', 'ylanbdr', 'dariushkim', 'sydneyhiggins', 'megahnb', 'imiulescu', 'dbister', 'nerwin', 'rocioborroto', 'tarrwalt', 'rricardo0324', 'gabriel_chen', 'rachelgjohnson', 'johnlanghout', 'mcdonald.josh', 'tristangainey', 'mtanzi', 'reyda', 'kendalhiatt1', 'sportmonkey584', 'bobbimatheson', 'josephwilliams11', 'valma35']"
129,115,9,16,8,"['cce', 'jeroens', 'bjornvanloon', 'zarro110', 'bernard.sohl', 'marcovdp12', 'jvdoorn', 'bramstibbe']",1,['rekenmachine.coolio'],8,"['lfeenstravii', 'mikewang004', 'wloeffler', 'woutg', 'jibbereuver', 'sjors1000', 's06verhoeve', 'tomdaman']",17,"['bjornvanloon', 'lfeenstravii', 'mikewang004', 'wloeffler', 'bernard.sohl', 'marcovdp12', 'sjors1000', 's06verhoeve', 'tomdaman', 'cce', 'jeroens', 'zarro110', 'woutg', 'rekenmachine.coolio', 'jibbereuver', 'jvdoorn', 'bramstibbe']"
130,100,9,34,9,"['aaalrasheed', 'kingforever10', 'jchang96', 'csroberts95', 'qmduong0', 'maddala0312', 'shushujie', 'ziqinghan', 'zjx80028003']",0,[],25,"['yangliu0607', 'shivangag97', 'dbutts', 'rajashreebhatta', 'huynhkenny', 'kmei94', 'mjackson518', 'mkoizumi', 'tzyk4707', 'flymetothemoon', 'myless', 'terenetwo', 'jariztoy', 'jialunz', 'nigelcarcher', 'nigelcarcher1', 'sphu', 'akampe', 'etfusselman', 'yuzhoula', 'cse2703', 'manoj158aravind', 'chanyinshing', 'scc27', 'anniz19']",34,"['kingforever10', 'jchang96', 'yangliu0607', 'shivangag97', 'dbutts', 'rajashreebhatta', 'csroberts95', 'shushujie', 'huynhkenny', 'zjx80028003', 'kmei94', 'mjackson518', 'mkoizumi', 'tzyk4707', 'maddala0312', 'flymetothemoon', 'myless', 'terenetwo', 'jariztoy', 'jialunz', 'nigelcarcher', 'nigelcarcher1', 'sphu', 'qmduong0', 'ziqinghan', 'akampe', 'etfusselman', 'yuzhoula', 'aaalrasheed', 'cse2703', 'manoj158aravind', 'chanyinshing', 'scc27', 'anniz19']"
130,241,9,19,9,"['aaalrasheed', 'kingforever10', 'jchang96', 'csroberts95', 'qmduong0', 'maddala0312', 'shushujie', 'ziqinghan', 'zjx80028003']",0,[],10,"['jialunz', 'nigelcarcher1', 'kmei94', 'manoj158aravind', 'zhangao9706', 'flymetothemoon', 'anniz19', 'akampe', 'kayleejin', 'jariztoy']",19,"['kingforever10', 'jchang96', 'jialunz', 'nigelcarcher1', 'zhangao9706', 'csroberts95', 'qmduong0', 'shushujie', 'ziqinghan', 'akampe', 'zjx80028003', 'kayleejin', 'aaalrasheed', 'kmei94', 'manoj158aravind', 'maddala0312', 'flymetothemoon', 'anniz19', 'jariztoy']"
130,99,9,7,4,"['jchang96', 'shushujie', 'qmduong0', 'zjx80028003']",5,"['aaalrasheed', 'kingforever10', 'csroberts95', 'maddala0312', 'ziqinghan']",3,"['etfusselman', 'anniz19', 'zhangao9706']",12,"['etfusselman', 'aaalrasheed', 'kingforever10', 'jchang96', 'zhangao9706', 'csroberts95', 'qmduong0', 'maddala0312', 'shushujie', 'anniz19', 'ziqinghan', 'zjx80028003']"
130,242,9,6,1,['kingforever10'],8,"['aaalrasheed', 'jchang96', 'csroberts95', 'maddala0312', 'qmduong0', 'shushujie', 'ziqinghan', 'zjx80028003']",5,"['jialunz', 'tzyk4707', 'chanyinshing', 'yangliu0607', 'theiawu']",14,"['theiawu', 'aaalrasheed', 'kingforever10', 'jchang96', 'jialunz', 'yangliu0607', 'tzyk4707', 'csroberts95', 'qmduong0', 'maddala0312', 'shushujie', 'chanyinshing', 'ziqinghan', 'zjx80028003']"
133,118,8,19,1,['nwegh'],7,"['xu1020', 'lowe77', 'soni12', 'mathur30', 'jmcnaugh', 'tmccoll', 'pshashi']",18,"['cwidak', 'jonathanlimp87', 'rroggema', 'slillig', 'behrr', 'lthursto', 'engc', 'patel731', 'abosshar', 'jmickow', 'hschennu', 'marito', 'nwegh2017', 'terry51', 'egarayev', 'jmacatan', 'vkolar', 'patel784']",26,"['cwidak', 'jonathanlimp87', 'nwegh', 'behrr', 'lthursto', 'lowe77', 'hschennu', 'mathur30', 'jmcnaugh', 'jmacatan', 'vkolar', 'tmccoll', 'pshashi', 'xu1020', 'rroggema', 'slillig', 'engc', 'soni12', 'patel731', 'abosshar', 'jmickow', 'marito', 'nwegh2017', 'terry51', 'egarayev', 'patel784']"
133,123,8,5,1,['xu1020'],7,"['nwegh', 'lowe77', 'soni12', 'mathur30', 'jmcnaugh', 'tmccoll', 'pshashi']",4,"['stark22', 'msargen', 'bgrandst', 'kgp22']",12,"['stark22', 'nwegh', 'kgp22', 'bgrandst', 'lowe77', 'soni12', 'pshashi', 'mathur30', 'msargen', 'jmcnaugh', 'tmccoll', 'xu1020']"
134,75,8,6,2,"['aryaps1998', 'jeenraju']",6,"['kwang49', 'qpid1011', 'sfaraji', 'kashokbhatija', 'gkerber', 'ananthan9398']",4,"['aryalathikaramesh', 'akhilachandran212', 'bhavana298', 'ancybmarshal97']",12,"['ancybmarshal97', 'kwang49', 'qpid1011', 'akhilachandran212', 'jeenraju', 'gkerber', 'kashokbhatija', 'sfaraji', 'aryalathikaramesh', 'ananthan9398', 'bhavana298', 'aryaps1998']"
136,205,8,270,7,"['philg', 'corozco', 'khfrum', 'zaubin42', 'sooooooy314', 'kendalhiatt', 'hyerim100600']",1,['angelina77'],263,"['5dustkd', 'daniel.robin22', 'nerwin', 'yassminsabry', 'vetterd', 'andrea.oldham97', 'doog9601', 'rricardo0324', 'uxiavelca', 'mehdibandali', 'carlosvigo1997', 'yjn3492', 'bassel0elgharbawy0', 'rachel.blaydes', 'kirollos.morcos.km', 'chzh1341', 'kunge0054', 'finnclements', 'miguel_fernandez', 'soddi1621', 'hs960531', 'estalin', 'antoramp', 'alberto4', 'dhkswk96', 'ghobashy445', 'graceml2', 'gipes', 'marshallfrye', 'foojorge', '123whdxor', 'aloptor', 'lsj4677', 'johnlanghout', 'lhc33820933', 'juansans98', 'jasperdeconinck', 'bobbimatheson', 'spazos', 'matthewdailey', 'u0543041', 'macks', 'giacomo.bego', 'myez', 'ana.rmteo', 'immmin6677', 'dangover94', 'titanking231', 'glevita2', 'dish1498', 'qottkf6194', 'marniesan', 'juanjoseo', 'eunice98k', 'k66773659', 'emt2', 'eserafimbortolazzo', 'franktib2', 'cbnuleejinwoo', 'cbo3', 'nshamsi', 'cjsxodnd12', 'dnlek12', 'rygr8576', 'boody456366', 'antonio25', 'bha00001', 'zrm0001', 'jenniferperez1', 'leesk4869', 'jiaolh', 'parkface94', 'anstjd1542', 'msubullies1', 'jrichman99', 'aht47', 'caetano.eirea', 'mattmattmerrill', 'jakubpepas', 'yoonek6719', 'dbeciri45', 'u1121281', 'mauro_sg', 'qncowlf10', 'idargu90', 'yougyeongo', 'student1000', 'chvk4161', 'mitchell.shields99', 'chohyundong12', 'ludovick', 'gcxmoffice1994', 'itskatomall', 'jlkirk', 'pichoncillo1', 'htj1104', 'anais3', 'ophelie10', 'eogn1004', 'hellbomber101', 'supernhtr', 'ryuhoin2002', 'e.pmcrespo', 'marcospascualin', 'juho4523', 'danielcondetorres', 'pablosande98', 'mtanzi', 'kyserch', 'guillermocam', 'aanupam3', 'rhrna007', 'aia00001', 'lwang82', 'wjdekgus77', 'josig2011', 'dariushkim', 'kepco2020a', 'hayejord', 'tonni1912', 'tjtks4730', 'naitix', 'bbatuhanbilecen', 'piri940511', 'gonserr', 'iagomillanentenza', 'adp5383', 'tpollei', 'ezsamsuntung', 'reyda', 'martinperezmaneiro', 'tmdorsey', 'smdesrochers', 'jonathan.balent', 'hjshook', 'francike', 'iflueck2', 'josedamiangarcianoya', 'siyuezheng', 'emilioar', 'jmy0002', 'koakhyunji', 'mocha7411', 'socrat', 'alskdjfh6161', 'mertyamanoglu', 'ziyue2', 'gekco', 'kesu1234', 'ganaaa12a', 'coopjord', 'georgeckchen', 'xogus102929', 'rachelgjohnson', 'ye02', 'junzed2', 'rsp79', 'cmoauro2', 'vandelei', 'xoangon', 'b.benson', 'giacomo.munari.1', 'ignaciomilani', 'toast', 'zlapvmf', 'nakkulab', 'jeandavid', 'petercp2', 'raymondzhou227', 'mmartinezsanchez', 'm0650104.ee06g', 'tnqls3409', 'manuel10suarez10', 'sabintandukar', 'bsusol2', 'martinzapatamartinez', 'jesusgiraldez', 'u1201859', 'dbister', 'genius_p', 'isaac.dominguez4444', 'wodnjssnsk12', 'qwerty0637', 'nes1011', 'lidiadom', 'ghtlstnf7', 'samuelfl', 'sallysong683', 'giung0227', 'fofi94', 'declanb', 'axelbelgarde', 'n3b3x', 'anamichelena', 'dale7283', 'thddpwls257', 'danielm78', 'ardisch123', 'ybso1566', 'jedelkind0117', 'exareivaj', 'pedro.julian', 'cjs476', 'b.isenberg', 'blake.ballou08', 'sgu20151463', 'roychoudhuryaditya2019', 'u0360918', 'navya.k.shastri', 'logankraus', 'sukjunyeo', 'jaephago', 'rbb0001', 'qumo4329', 'hancheyn', 'alw0039', 'palzmq', 'mcdonald.josh', 'lukebidulka', 'bw02203', 'pablocl', 'beper53', 'dorxlqmdkdlel', 'ohh99o9', 'dmeyer1998', 'cicalesej', 'jdanivc', 'taylordavis678', 'u1285150', 'jboniuk98', 'matthewleemle2', 'dldnals2020', 'sschneider874', 'qkslqksl951', 'tristram', 'mis5660', 'rohdej', 'byeolguri', 'clara.landesa', 'nargene', 'jhryu1994', 'chdu6864', 'therahuul', 'sherwmit', 'ylanbdr', 'foghel96', 'yoojeong9925', 'suyoneee', 'mikesnure', 'jn12su27', 'andreagcoto', 'sumintnals', 'adrianhochgesang', 'latourem', 'hyerim1006000', 'xoanmayo', 'thomas.poulin', 'anstpdlffj3', 'shabnashreej', 'sportmonkey584', 'abal2474', 'xfiles', 'ekdms0894']",271,"['5dustkd', 'daniel.robin22', 'nerwin', 'yassminsabry', 'vetterd', 'andrea.oldham97', 'doog9601', 'rricardo0324', 'uxiavelca', 'mehdibandali', 'carlosvigo1997', 'yjn3492', 'bassel0elgharbawy0', 'rachel.blaydes', 'kirollos.morcos.km', 'chzh1341', 'kunge0054', 'finnclements', 'miguel_fernandez', 'soddi1621', 'hs960531', 'estalin', 'antoramp', 'alberto4', 'dhkswk96', 'ghobashy445', 'graceml2', 'gipes', 'kendalhiatt', 'marshallfrye', 'foojorge', '123whdxor', 'aloptor', 'lsj4677', 'johnlanghout', 'lhc33820933', 'juansans98', 'jasperdeconinck', 'bobbimatheson', 'spazos', 'matthewdailey', 'u0543041', 'macks', 'giacomo.bego', 'myez', 'angelina77', 'ana.rmteo', 'immmin6677', 'dangover94', 'corozco', 'titanking231', 'glevita2', 'dish1498', 'qottkf6194', 'marniesan', 'juanjoseo', 'eunice98k', 'k66773659', 'emt2', 'zaubin42', 'eserafimbortolazzo', 'franktib2', 'cbnuleejinwoo', 'cbo3', 'nshamsi', 'cjsxodnd12', 'dnlek12', 'rygr8576', 'boody456366', 'antonio25', 'bha00001', 'zrm0001', 'jenniferperez1', 'leesk4869', 'jiaolh', 'parkface94', 'anstjd1542', 'hyerim100600', 'msubullies1', 'jrichman99', 'aht47', 'caetano.eirea', 'philg', 'mattmattmerrill', 'jakubpepas', 'yoonek6719', 'dbeciri45', 'u1121281', 'mauro_sg', 'qncowlf10', 'idargu90', 'yougyeongo', 'student1000', 'chvk4161', 'mitchell.shields99', 'chohyundong12', 'ludovick', 'gcxmoffice1994', 'itskatomall', 'jlkirk', 'pichoncillo1', 'htj1104', 'anais3', 'ophelie10', 'eogn1004', 'hellbomber101', 'supernhtr', 'ryuhoin2002', 'e.pmcrespo', 'marcospascualin', 'juho4523', 'danielcondetorres', 'pablosande98', 'mtanzi', 'kyserch', 'guillermocam', 'aanupam3', 'rhrna007', 'aia00001', 'lwang82', 'wjdekgus77', 'josig2011', 'dariushkim', 'kepco2020a', 'hayejord', 'tonni1912', 'tjtks4730', 'naitix', 'bbatuhanbilecen', 'khfrum', 'piri940511', 'gonserr', 'iagomillanentenza', 'adp5383', 'tpollei', 'ezsamsuntung', 'reyda', 'martinperezmaneiro', 'tmdorsey', 'smdesrochers', 'jonathan.balent', 'hjshook', 'francike', 'iflueck2', 'josedamiangarcianoya', 'siyuezheng', 'emilioar', 'jmy0002', 'koakhyunji', 'mocha7411', 'socrat', 'alskdjfh6161', 'mertyamanoglu', 'ziyue2', 'gekco', 'kesu1234', 'ganaaa12a', 'coopjord', 'georgeckchen', 'xogus102929', 'rachelgjohnson', 'ye02', 'junzed2', 'rsp79', 'cmoauro2', 'vandelei', 'xoangon', 'b.benson', 'giacomo.munari.1', 'ignaciomilani', 'toast', 'zlapvmf', 'nakkulab', 'jeandavid', 'petercp2', 'raymondzhou227', 'mmartinezsanchez', 'm0650104.ee06g', 'tnqls3409', 'manuel10suarez10', 'sabintandukar', 'bsusol2', 'martinzapatamartinez', 'jesusgiraldez', 'u1201859', 'dbister', 'genius_p', 'isaac.dominguez4444', 'wodnjssnsk12', 'qwerty0637', 'nes1011', 'lidiadom', 'ghtlstnf7', 'samuelfl', 'sallysong683', 'giung0227', 'fofi94', 'declanb', 'axelbelgarde', 'n3b3x', 'anamichelena', 'dale7283', 'thddpwls257', 'danielm78', 'ardisch123', 'ybso1566', 'jedelkind0117', 'exareivaj', 'pedro.julian', 'cjs476', 'b.isenberg', 'blake.ballou08', 'sgu20151463', 'roychoudhuryaditya2019', 'u0360918', 'navya.k.shastri', 'logankraus', 'sukjunyeo', 'jaephago', 'rbb0001', 'qumo4329', 'hancheyn', 'alw0039', 'palzmq', 'mcdonald.josh', 'lukebidulka', 'bw02203', 'pablocl', 'beper53', 'dorxlqmdkdlel', 'ohh99o9', 'dmeyer1998', 'cicalesej', 'jdanivc', 'taylordavis678', 'u1285150', 'jboniuk98', 'matthewleemle2', 'dldnals2020', 'sschneider874', 'qkslqksl951', 'tristram', 'mis5660', 'rohdej', 'byeolguri', 'clara.landesa', 'nargene', 'jhryu1994', 'chdu6864', 'therahuul', 'sherwmit', 'ylanbdr', 'foghel96', 'yoojeong9925', 'suyoneee', 'mikesnure', 'jn12su27', 'andreagcoto', 'sumintnals', 'adrianhochgesang', 'latourem', 'hyerim1006000', 'xoanmayo', 'thomas.poulin', 'anstpdlffj3', 'shabnashreej', 'sportmonkey584', 'sooooooy314', 'abal2474', 'xfiles', 'ekdms0894']"
136,190,8,42,1,['hyerim100600'],7,"['angelina77', 'philg', 'corozco', 'khfrum', 'zaubin42', 'sooooooy314', 'kendalhiatt']",41,"['cjsxodnd12', 'zlapvmf', 'eogn1004', 'thddpwls257', 'doog9601', 'ryuhoin2002', 'lsj4677', 'ybso1566', 'dldnals2020', 'tnqls3409', 'koakhyunji', 'mocha7411', 'byeolguri', 'yjn3492', 'nargene', 'leesk4869', 'anstjd1542', 'jhryu1994', 'wjdekgus77', 'hj49500494', 'josig2011', 'kunge0054', 'yoojeong9925', 'yoonek6719', 'qottkf6194', 'jn12su27', 'sukjunyeo', 'wodnjssnsk12', 'qncowlf10', 'yougyeongo', 'hs960531', 'hyerim1006000', 'chvk4161', 'xogus102929', 'ye02', 'ghtlstnf7', 'dhkswk96', 'k66773659', 'bw02203', 'qowoans94', 'giung0227']",49,"['cjsxodnd12', 'zlapvmf', 'eogn1004', 'thddpwls257', 'doog9601', 'ryuhoin2002', 'lsj4677', 'ybso1566', 'dldnals2020', 'tnqls3409', 'koakhyunji', 'mocha7411', 'byeolguri', 'yjn3492', 'nargene', 'leesk4869', 'anstjd1542', 'jhryu1994', 'hyerim100600', 'wjdekgus77', 'hj49500494', 'angelina77', 'josig2011', 'kunge0054', 'yoojeong9925', 'philg', 'yoonek6719', 'corozco', 'khfrum', 'qottkf6194', 'jn12su27', 'sukjunyeo', 'wodnjssnsk12', 'qncowlf10', 'yougyeongo', 'hs960531', 'hyerim1006000', 'chvk4161', 'xogus102929', 'ye02', 'ghtlstnf7', 'dhkswk96', 'k66773659', 'bw02203', 'zaubin42', 'sooooooy314', 'qowoans94', 'kendalhiatt', 'giung0227']"
138,41,8,6,2,"['vgi025', 'tobiko11']",6,"['vijisri5', 'benedettocrv', 'heo999', 'niatra', 'samtrino', 'michael2020']",4,"['verena_sch', 'anape', 'dgrafinger', 'paulschaffer']",12,"['anape', 'tobiko11', 'vijisri5', 'benedettocrv', 'paulschaffer', 'vgi025', 'dgrafinger', 'niatra', 'heo999', 'verena_sch', 'samtrino', 'michael2020']"
139,103,8,7,4,"['garrettstubbings', 'grantwlbr', 'newmank', 'rb588309']",4,"['zhxhao007', 'prasadsarang', 'andreyz', 'abdullah1404']",3,"['fkaadou', 'zhuqinxin0703', 'jenkinsabby']",11,"['fkaadou', 'prasadsarang', 'andreyz', 'garrettstubbings', 'rb588309', 'zhxhao007', 'grantwlbr', 'abdullah1404', 'jenkinsabby', 'zhuqinxin0703', 'newmank']"
142,205,8,270,7,"['ardisch123', 'logankraus', 'supernhtr', 'hellbomber101', 'parkface94', 'xfiles', 'raymondzhou227']",1,['ndaniel.baughman'],263,"['5dustkd', 'daniel.robin22', 'nerwin', 'yassminsabry', 'vetterd', 'andrea.oldham97', 'doog9601', 'rricardo0324', 'uxiavelca', 'mehdibandali', 'carlosvigo1997', 'yjn3492', 'bassel0elgharbawy0', 'rachel.blaydes', 'kirollos.morcos.km', 'chzh1341', 'kunge0054', 'finnclements', 'miguel_fernandez', 'soddi1621', 'hs960531', 'estalin', 'antoramp', 'alberto4', 'dhkswk96', 'ghobashy445', 'graceml2', 'gipes', 'kendalhiatt', 'marshallfrye', 'foojorge', '123whdxor', 'aloptor', 'lsj4677', 'johnlanghout', 'lhc33820933', 'juansans98', 'jasperdeconinck', 'bobbimatheson', 'spazos', 'matthewdailey', 'u0543041', 'macks', 'giacomo.bego', 'myez', 'ana.rmteo', 'immmin6677', 'dangover94', 'corozco', 'titanking231', 'glevita2', 'dish1498', 'qottkf6194', 'marniesan', 'juanjoseo', 'eunice98k', 'k66773659', 'emt2', 'zaubin42', 'eserafimbortolazzo', 'franktib2', 'cbnuleejinwoo', 'cbo3', 'nshamsi', 'cjsxodnd12', 'dnlek12', 'rygr8576', 'boody456366', 'antonio25', 'bha00001', 'zrm0001', 'jenniferperez1', 'leesk4869', 'jiaolh', 'anstjd1542', 'hyerim100600', 'msubullies1', 'jrichman99', 'aht47', 'caetano.eirea', 'philg', 'mattmattmerrill', 'jakubpepas', 'yoonek6719', 'dbeciri45', 'u1121281', 'mauro_sg', 'qncowlf10', 'idargu90', 'yougyeongo', 'student1000', 'chvk4161', 'mitchell.shields99', 'chohyundong12', 'ludovick', 'gcxmoffice1994', 'itskatomall', 'jlkirk', 'pichoncillo1', 'htj1104', 'anais3', 'ophelie10', 'eogn1004', 'ryuhoin2002', 'e.pmcrespo', 'marcospascualin', 'juho4523', 'danielcondetorres', 'pablosande98', 'mtanzi', 'kyserch', 'guillermocam', 'aanupam3', 'rhrna007', 'aia00001', 'lwang82', 'wjdekgus77', 'josig2011', 'dariushkim', 'kepco2020a', 'hayejord', 'tonni1912', 'tjtks4730', 'naitix', 'bbatuhanbilecen', 'khfrum', 'piri940511', 'gonserr', 'iagomillanentenza', 'adp5383', 'tpollei', 'ezsamsuntung', 'reyda', 'martinperezmaneiro', 'tmdorsey', 'smdesrochers', 'jonathan.balent', 'hjshook', 'francike', 'iflueck2', 'josedamiangarcianoya', 'siyuezheng', 'emilioar', 'jmy0002', 'koakhyunji', 'mocha7411', 'socrat', 'alskdjfh6161', 'mertyamanoglu', 'ziyue2', 'gekco', 'kesu1234', 'ganaaa12a', 'coopjord', 'georgeckchen', 'xogus102929', 'rachelgjohnson', 'ye02', 'junzed2', 'rsp79', 'cmoauro2', 'vandelei', 'xoangon', 'b.benson', 'giacomo.munari.1', 'ignaciomilani', 'toast', 'zlapvmf', 'nakkulab', 'jeandavid', 'petercp2', 'mmartinezsanchez', 'm0650104.ee06g', 'tnqls3409', 'manuel10suarez10', 'sabintandukar', 'bsusol2', 'martinzapatamartinez', 'jesusgiraldez', 'u1201859', 'dbister', 'genius_p', 'isaac.dominguez4444', 'wodnjssnsk12', 'qwerty0637', 'nes1011', 'lidiadom', 'ghtlstnf7', 'samuelfl', 'sallysong683', 'giung0227', 'fofi94', 'declanb', 'axelbelgarde', 'n3b3x', 'anamichelena', 'dale7283', 'thddpwls257', 'danielm78', 'ybso1566', 'jedelkind0117', 'exareivaj', 'pedro.julian', 'cjs476', 'b.isenberg', 'blake.ballou08', 'sgu20151463', 'roychoudhuryaditya2019', 'u0360918', 'navya.k.shastri', 'sukjunyeo', 'jaephago', 'rbb0001', 'qumo4329', 'hancheyn', 'alw0039', 'palzmq', 'mcdonald.josh', 'lukebidulka', 'bw02203', 'pablocl', 'beper53', 'dorxlqmdkdlel', 'ohh99o9', 'dmeyer1998', 'cicalesej', 'jdanivc', 'taylordavis678', 'u1285150', 'jboniuk98', 'matthewleemle2', 'dldnals2020', 'sschneider874', 'qkslqksl951', 'tristram', 'mis5660', 'rohdej', 'byeolguri', 'clara.landesa', 'nargene', 'jhryu1994', 'chdu6864', 'therahuul', 'sherwmit', 'ylanbdr', 'foghel96', 'yoojeong9925', 'suyoneee', 'mikesnure', 'jn12su27', 'andreagcoto', 'sumintnals', 'adrianhochgesang', 'latourem', 'hyerim1006000', 'xoanmayo', 'thomas.poulin', 'anstpdlffj3', 'shabnashreej', 'sportmonkey584', 'sooooooy314', 'abal2474', 'ekdms0894']",271,"['5dustkd', 'daniel.robin22', 'nerwin', 'yassminsabry', 'vetterd', 'andrea.oldham97', 'doog9601', 'rricardo0324', 'uxiavelca', 'mehdibandali', 'carlosvigo1997', 'yjn3492', 'bassel0elgharbawy0', 'rachel.blaydes', 'kirollos.morcos.km', 'chzh1341', 'kunge0054', 'finnclements', 'miguel_fernandez', 'soddi1621', 'hs960531', 'estalin', 'antoramp', 'alberto4', 'dhkswk96', 'ghobashy445', 'graceml2', 'gipes', 'kendalhiatt', 'marshallfrye', 'foojorge', '123whdxor', 'aloptor', 'lsj4677', 'johnlanghout', 'lhc33820933', 'juansans98', 'jasperdeconinck', 'bobbimatheson', 'spazos', 'matthewdailey', 'u0543041', 'macks', 'giacomo.bego', 'myez', 'ana.rmteo', 'immmin6677', 'dangover94', 'corozco', 'titanking231', 'glevita2', 'dish1498', 'qottkf6194', 'marniesan', 'juanjoseo', 'eunice98k', 'k66773659', 'emt2', 'zaubin42', 'eserafimbortolazzo', 'franktib2', 'cbnuleejinwoo', 'cbo3', 'nshamsi', 'cjsxodnd12', 'dnlek12', 'rygr8576', 'boody456366', 'antonio25', 'bha00001', 'zrm0001', 'jenniferperez1', 'leesk4869', 'jiaolh', 'parkface94', 'anstjd1542', 'hyerim100600', 'msubullies1', 'jrichman99', 'aht47', 'caetano.eirea', 'philg', 'mattmattmerrill', 'jakubpepas', 'yoonek6719', 'dbeciri45', 'u1121281', 'mauro_sg', 'qncowlf10', 'idargu90', 'yougyeongo', 'student1000', 'chvk4161', 'mitchell.shields99', 'chohyundong12', 'ludovick', 'gcxmoffice1994', 'itskatomall', 'jlkirk', 'pichoncillo1', 'htj1104', 'anais3', 'ophelie10', 'eogn1004', 'supernhtr', 'hellbomber101', 'ryuhoin2002', 'e.pmcrespo', 'marcospascualin', 'juho4523', 'danielcondetorres', 'pablosande98', 'mtanzi', 'kyserch', 'guillermocam', 'aanupam3', 'rhrna007', 'aia00001', 'lwang82', 'wjdekgus77', 'josig2011', 'dariushkim', 'kepco2020a', 'hayejord', 'tonni1912', 'tjtks4730', 'naitix', 'bbatuhanbilecen', 'khfrum', 'piri940511', 'gonserr', 'iagomillanentenza', 'adp5383', 'tpollei', 'ezsamsuntung', 'reyda', 'martinperezmaneiro', 'tmdorsey', 'smdesrochers', 'jonathan.balent', 'hjshook', 'francike', 'iflueck2', 'josedamiangarcianoya', 'siyuezheng', 'emilioar', 'jmy0002', 'koakhyunji', 'mocha7411', 'socrat', 'alskdjfh6161', 'mertyamanoglu', 'ziyue2', 'gekco', 'kesu1234', 'ganaaa12a', 'coopjord', 'georgeckchen', 'xogus102929', 'rachelgjohnson', 'ye02', 'junzed2', 'rsp79', 'cmoauro2', 'vandelei', 'xoangon', 'b.benson', 'giacomo.munari.1', 'ignaciomilani', 'toast', 'zlapvmf', 'nakkulab', 'jeandavid', 'raymondzhou227', 'petercp2', 'mmartinezsanchez', 'm0650104.ee06g', 'tnqls3409', 'manuel10suarez10', 'sabintandukar', 'bsusol2', 'martinzapatamartinez', 'jesusgiraldez', 'u1201859', 'dbister', 'genius_p', 'isaac.dominguez4444', 'wodnjssnsk12', 'qwerty0637', 'nes1011', 'lidiadom', 'ghtlstnf7', 'samuelfl', 'sallysong683', 'giung0227', 'fofi94', 'declanb', 'axelbelgarde', 'n3b3x', 'anamichelena', 'dale7283', 'thddpwls257', 'danielm78', 'ardisch123', 'ybso1566', 'jedelkind0117', 'exareivaj', 'pedro.julian', 'cjs476', 'b.isenberg', 'blake.ballou08', 'sgu20151463', 'roychoudhuryaditya2019', 'u0360918', 'navya.k.shastri', 'logankraus', 'sukjunyeo', 'jaephago', 'rbb0001', 'qumo4329', 'hancheyn', 'alw0039', 'palzmq', 'mcdonald.josh', 'lukebidulka', 'bw02203', 'pablocl', 'beper53', 'dorxlqmdkdlel', 'ohh99o9', 'dmeyer1998', 'cicalesej', 'jdanivc', 'taylordavis678', 'u1285150', 'jboniuk98', 'matthewleemle2', 'dldnals2020', 'sschneider874', 'qkslqksl951', 'tristram', 'mis5660', 'rohdej', 'byeolguri', 'clara.landesa', 'nargene', 'jhryu1994', 'chdu6864', 'therahuul', 'sherwmit', 'ylanbdr', 'foghel96', 'yoojeong9925', 'suyoneee', 'mikesnure', 'jn12su27', 'andreagcoto', 'sumintnals', 'adrianhochgesang', 'latourem', 'hyerim1006000', 'ndaniel.baughman', 'xoanmayo', 'thomas.poulin', 'anstpdlffj3', 'shabnashreej', 'sportmonkey584', 'sooooooy314', 'abal2474', 'xfiles', 'ekdms0894']"
144,122,7,5,1,['wen88'],6,"['jfleish', 'anna.collins97', 'sail', 'zooks99', 'mjokar', 'ni45']",4,"['li2709', 'yao201', 'chen2122', 'iyengar1']",11,"['jfleish', 'yao201', 'anna.collins97', 'sail', 'wen88', 'li2709', 'iyengar1', 'ni45', 'mjokar', 'zooks99', 'chen2122']"
146,146,7,8,7,"['jzrinjski34', 'mislavnebl', 'grgur.palle', 'miljenko599', 'tvisnic', 'marin95', 'mruza']",0,[],1,['goranka'],8,"['jzrinjski34', 'marin95', 'grgur.palle', 'miljenko599', 'goranka', 'tvisnic', 'mislavnebl', 'mruza']"
147,115,7,16,7,"['lfeenstravii', 'mikewang004', 'woutg', 'jibbereuver', 'sjors1000', 's06verhoeve', 'tomdaman']",0,[],9,"['cce', 'jeroens', 'bjornvanloon', 'zarro110', 'wloeffler', 'bernard.sohl', 'marcovdp12', 'jvdoorn', 'bramstibbe']",16,"['bjornvanloon', 'lfeenstravii', 'mikewang004', 'wloeffler', 'bernard.sohl', 'marcovdp12', 'sjors1000', 's06verhoeve', 'tomdaman', 'cce', 'zarro110', 'jeroens', 'woutg', 'jibbereuver', 'jvdoorn', 'bramstibbe']"
147,113,7,9,7,"['lfeenstravii', 'mikewang004', 'woutg', 'jibbereuver', 'sjors1000', 's06verhoeve', 'tomdaman']",0,[],2,"['nshamsi', 'wloeffler']",9,"['nshamsi', 'lfeenstravii', 'mikewang004', 'wloeffler', 'sjors1000', 's06verhoeve', 'tomdaman', 'woutg', 'jibbereuver']"
148,61,7,39,7,"['wrp1997', 'anumula3preetham', 'newzilpatel3113', 'yzw994', 'newzil3113', '1994.vishaksunil', 'jeong2']",0,[],32,"['sanjibg', 'nitantrajesh', 'rai1', 'locusgurungsanjib', 'runyul', 'adarshj', 'panumula', 'hvmistry', 'zheweny', 'syam98', 'jianlilu', 'yujiewang', 'arojiwadia', 'jiaqiwang1', 'aakashkonda', 'jagabattula1996', 'akashm1', 'adilahsan', 'revakd16', 'patil2', 'snagaraj1', 'rajeshwaripatil1018', 'jingbinzhao', 'mjamal1', 'revakdemir', 'espinosa4', 'purveebhatia', 'newzilpatel', 'yang19900513', 'rahulgahlot', 'dro3', 'prajwal3']",39,"['sanjibg', 'anumula3preetham', 'newzilpatel3113', 'nitantrajesh', 'rai1', 'locusgurungsanjib', 'runyul', 'adarshj', 'panumula', 'hvmistry', 'zheweny', 'syam98', 'jianlilu', 'yujiewang', '1994.vishaksunil', 'arojiwadia', 'jeong2', 'jiaqiwang1', 'aakashkonda', 'jagabattula1996', 'akashm1', 'adilahsan', 'newzil3113', 'revakd16', 'patil2', 'snagaraj1', 'rajeshwaripatil1018', 'jingbinzhao', 'wrp1997', 'mjamal1', 'revakdemir', 'espinosa4', 'purveebhatia', 'yzw994', 'newzilpatel', 'yang19900513', 'rahulgahlot', 'dro3', 'prajwal3']"
154,159,7,33,7,"['saffrondon', 'saway', 'bahodges', 'jwokim', 'julzha', 'etconley', 'birdboy']",0,[],26,"['jzj701', 'godguo', 'zhc12208', 'sg630', 'jgee99', 'jrmurana', 'smsandee', 'suzannas', 'cwbraga1', 'zyj', 'hleon16', 'dhuang70', 'ajtenorio', 'eason888', 'kli0323', 'ghart', 'raltovar', 'nshuman', 'jayden', 'esuwandi', 'npcalarc', 'mikhilk', 'kphendra', 'dlyday', 'aelagoc', 'aaorozco']",33,"['jzj701', 'saway', 'bahodges', 'godguo', 'jwokim', 'zhc12208', 'sg630', 'jgee99', 'jrmurana', 'smsandee', 'suzannas', 'cwbraga1', 'zyj', 'hleon16', 'dhuang70', 'ajtenorio', 'eason888', 'saffrondon', 'julzha', 'kli0323', 'ghart', 'birdboy', 'raltovar', 'nshuman', 'jayden', 'dlyday', 'esuwandi', 'npcalarc', 'mikhilk', 'kphendra', 'etconley', 'aelagoc', 'aaorozco']"
159,133,7,6,6,"['nanohub333', 'paudelgado16', 'sergivalero99', 'eric.krameri', 'alba.ribam', 'aribenimeli']",1,['lydiaa'],0,[],7,"['nanohub333', 'paudelgado16', 'sergivalero99', 'eric.krameri', 'alba.ribam', 'aribenimeli', 'lydiaa']"
160,137,7,6,4,"['arslanovkirillvi', 'elizaweta.rozhina', 'marina1999', 'tomilov.yurok']",3,"['andrey_borisikhin', 'f4rr9l', 'aldiyar']",2,"['stardust.crusader1999', 'operative.ac']",9,"['andrey_borisikhin', 'arslanovkirillvi', 'stardust.crusader1999', 'tomilov.yurok', 'aldiyar', 'elizaweta.rozhina', 'marina1999', 'f4rr9l', 'operative.ac']"
168,131,6,22,1,['devilbattles99'],5,"['gorgge233', 'friedrich_liu', 'timuragal98', 'sgu20141429', 'daryoushna']",21,"['delmoral1999', 'aleixespada', 'paulamaynou', 'isaacexma', 'julia.partal', 'xavier.x1000', 'paula.maynou', 'evadelalamofillat9', 'roberto.fagotto', 'pau.asensio', 'paz.aragon', 'quimii1', 'ritagrimalt11', 'muntsasales', 'aniol.vellvehi', 'andreeaioana.kapas', 'josecarlo', 'rutxi8', 'rjansa125', 'mrm24', 'marcalblasco']",27,"['gorgge233', 'josecarlo', 'delmoral1999', 'aleixespada', 'timuragal98', 'paulamaynou', 'isaacexma', 'julia.partal', 'xavier.x1000', 'rutxi8', 'rjansa125', 'paula.maynou', 'evadelalamofillat9', 'daryoushna', 'roberto.fagotto', 'pau.asensio', 'friedrich_liu', 'paz.aragon', 'quimii1', 'mrm24', 'ritagrimalt11', 'muntsasales', 'sgu20141429', 'aniol.vellvehi', 'marcalblasco', 'devilbattles99', 'andreeaioana.kapas']"
170,162,6,8,6,"['joshwilkinson0', 'will1499', 'alexbrown2', 'adamshepp', 'xl006011', 'hnnhalmu']",0,[],2,"['angrysaz', 'misty07abc']",8,"['will1499', 'alexbrown2', 'joshwilkinson0', 'adamshepp', 'misty07abc', 'angrysaz', 'xl006011', 'hnnhalmu']"
171,129,6,33,1,['narendarr34'],5,"['cpm3521', 'streetlight313', 'mike.hogsed', 'siu854474938', 'yousef.alansari']",32,"['ee18btech11034', 'berisowjanya205', 'shaik123', 'saivarshatedla', 'ee17btech11001', 'tejaswini_anagani', 'ee18btech11021', 'shreshta126', 'pkrutikmehta', 'rakesh1231', 'ee18btech11044', 'mehar', 'vlnreddy', 'ee18btech11020', 'tprashanth180', 'mounika.banothu2', 'hrithikraj5', 'pi_stark', 'ee17btech11010', 'aayushgoyal27', 'ee18btech11048', 'ee18btech11004', 'sathwikchaitanya', 'ee18btech11026', 'kalyanidp123', 'emani', 'adithyavardhan', 'cheruu', 'ee18btech11041', 'ee18btech11016', 'nagandlaravalika6', 'aashrith']",38,"['ee18btech11034', 'berisowjanya205', 'shaik123', 'streetlight313', 'mike.hogsed', 'saivarshatedla', 'ee17btech11001', 'tejaswini_anagani', 'ee18btech11021', 'shreshta126', 'pkrutikmehta', 'rakesh1231', 'cpm3521', 'ee18btech11044', 'siu854474938', 'yousef.alansari', 'mehar', 'vlnreddy', 'narendarr34', 'ee18btech11020', 'tprashanth180', 'mounika.banothu2', 'hrithikraj5', 'pi_stark', 'ee17btech11010', 'aayushgoyal27', 'ee18btech11048', 'ee18btech11004', 'sathwikchaitanya', 'ee18btech11026', 'kalyanidp123', 'emani', 'adithyavardhan', 'cheruu', 'ee18btech11041', 'ee18btech11016', 'nagandlaravalika6', 'aashrith']"
176,70,6,23,4,"['jd.parada', 'snowartz7', 'dmmr2617', 'victormanuelleru']",2,"['felipevasquez_1998', 'gonzaloemr18']",19,"['danielalejandro133', 'martindanielrm15', 'kevingonzalez', 'jaimesariasmjose', 'gf.gonzalez', 'cesar310', 'karlafernanda2524', 'sebuchaspinzon', 'dmartinezcu', 'sebastianmolano1708', 'lgamba56', 'jpcdecolombia', 'jchavezmass', 'alizarazo1204', 'sergio.gomez', 'ss728', 's.leonaviles152915', 'mafetatr', 'juan.yate.alcala']",25,"['danielalejandro133', 'snowartz7', 'martindanielrm15', 'sebastianmolano1708', 'lgamba56', 'kevingonzalez', 'felipevasquez_1998', 'victormanuelleru', 'jpcdecolombia', 'jchavezmass', 'jaimesariasmjose', 'gf.gonzalez', 'jd.parada', 'cesar310', 'dmmr2617', 'karlafernanda2524', 'sebuchaspinzon', 'alizarazo1204', 'dmartinezcu', 'sergio.gomez', 'ss728', 's.leonaviles152915', 'gonzaloemr18', 'mafetatr', 'juan.yate.alcala']"
178,151,6,5,2,"['suyueyua', 'tingyuya']",4,"['cameronframpton', 'gavincgl', 'jamesmorris', 'lambropoulos']",3,"['xiaoyu11', 'liu396', 'aryan']",9,"['suyueyua', 'cameronframpton', 'jamesmorris', 'gavincgl', 'tingyuya', 'liu396', 'aryan', 'lambropoulos', 'xiaoyu11']"
182,140,6,7,3,"['jubilyvreji', 'ushamadhu963', 'sheethugopal1998']",3,"['lakshaychandna179', 'ravi.ggoel', 'prabithaprasad14']",4,"['3mayavismaya9710', 'nissie.mary.johnson', 'sreeparvathisharikumar', 'shincy6']",10,"['nissie.mary.johnson', 'ravi.ggoel', 'sreeparvathisharikumar', 'jubilyvreji', 'sheethugopal1998', 'shincy6', '3mayavismaya9710', 'prabithaprasad14', 'lakshaychandna179', 'ushamadhu963']"
185,108,6,73,4,"['gchsong', 'conley39', 'rnaon', 'satishbgowda']",2,"['arci.bryan', 'hunt136']",69,"['byant', 'ncnweb_outreach2', 'ncnweb_outreach1', 'hu509', 'deshpan3', 'bhartant', 'smit3159', 'patkip', 'osantang', 'dbenham', 'fvora', 'jianwen97', 'faltens', 'pnagrani', 'callahap', 'gtribe', 'lgreenle', 'petrosky', 'jung248', 'jpdero2', 'anaon', 'mtrivell', 'wang4084', 'titus9', 'dfarache', 'askipwor', 'skarumur', 'aavlani', 'han602', 'tan254', 'bmodel', 'eheikens', 'savetian', 'reyno105', 'kkoradiy', 'sah1', 'peter496', 'ganeshm', 'rojas23', 'matar', 'lowe52', 'kswiatk', 'ununez', 'aidanc_purdue', 'jo30', 'jmeneze', 'ssaradhi', 'li2736', 'jverduzc', 'shanks5', 'dewey2', 'kulkar72', 'vogel30', 'ericks23', 'desai61', 'owen22', 'alafzi', 'ja37989', 'mcclurez', 'sharm284', 'jpiazza', 'yao201', 'mademoiselle0812', 'ford.l.piano.guitar', 'paulmather', 'jstalba', 'mfarnell', 'zprofio', 'abuganza']",75,"['byant', 'ncnweb_outreach2', 'ncnweb_outreach1', 'hu509', 'deshpan3', 'bhartant', 'smit3159', 'patkip', 'osantang', 'dbenham', 'fvora', 'jianwen97', 'faltens', 'pnagrani', 'rnaon', 'callahap', 'gtribe', 'lgreenle', 'petrosky', 'jung248', 'jpdero2', 'anaon', 'mtrivell', 'wang4084', 'titus9', 'dfarache', 'askipwor', 'skarumur', 'conley39', 'aavlani', 'han602', 'tan254', 'bmodel', 'eheikens', 'savetian', 'reyno105', 'kkoradiy', 'sah1', 'peter496', 'ganeshm', 'rojas23', 'gchsong', 'matar', 'hunt136', 'lowe52', 'kswiatk', 'ununez', 'aidanc_purdue', 'jo30', 'jmeneze', 'ssaradhi', 'li2736', 'jverduzc', 'shanks5', 'dewey2', 'satishbgowda', 'kulkar72', 'arci.bryan', 'vogel30', 'ericks23', 'desai61', 'owen22', 'alafzi', 'ja37989', 'mcclurez', 'sharm284', 'jpiazza', 'yao201', 'mademoiselle0812', 'ford.l.piano.guitar', 'paulmather', 'jstalba', 'mfarnell', 'zprofio', 'abuganza']"
186,211,6,51,5,"['fosbackta17', 'rileymccarthy27', 'izumi98077', 'andrew2016', 'manolisc23']",1,['hovt29'],46,"['d169774', 'fedeenav', 'emilioar', 'tflong71', 'michael.breeding31', 'jboniuk98', 'thalesrogerio', 'oozaku', 'ecegeekece', 'petercp2', 'profjanser', 'judgeofduty', 'jte55', 'mbatra310', 'a212269', 'anaya.g2623', 'daglis', 'pedro.julian', 'ziyue2', 'aia00001', 'cjs476', 'mvp55', 'macks', 'lwang82', 'blake.ballou08', 'aht47', 'v206586', 'roychoudhuryaditya2019', 'ganaaa12a', 'mattmattmerrill', 'finnclements', 'mikesnure', 'rbb0001', 'fredysanchez2', 'alw0039', 'rburkins1', 'sjl328', 'npd54', 'r204952', 'e.sdavidm', 'rsp79', 'hjshook', 'hrilina12', 'ganassinandrea', 'i217947', 'nicaponti']",52,"['d169774', 'fedeenav', 'emilioar', 'tflong71', 'michael.breeding31', 'jboniuk98', 'thalesrogerio', 'oozaku', 'ecegeekece', 'petercp2', 'profjanser', 'judgeofduty', 'jte55', 'mbatra310', 'a212269', 'anaya.g2623', 'daglis', 'pedro.julian', 'ziyue2', 'aia00001', 'cjs476', 'mvp55', 'manolisc23', 'macks', 'lwang82', 'blake.ballou08', 'aht47', 'v206586', 'roychoudhuryaditya2019', 'ganaaa12a', 'mattmattmerrill', 'finnclements', 'rileymccarthy27', 'mikesnure', 'rbb0001', 'fredysanchez2', 'andrew2016', 'izumi98077', 'alw0039', 'rburkins1', 'fosbackta17', 'sjl328', 'npd54', 'r204952', 'e.sdavidm', 'rsp79', 'hjshook', 'hrilina12', 'ganassinandrea', 'i217947', 'nicaponti', 'hovt29']"
186,191,6,5,5,"['fosbackta17', 'rileymccarthy27', 'izumi98077', 'andrew2016', 'manolisc23']",1,['hovt29'],0,[],6,"['fosbackta17', 'hovt29', 'rileymccarthy27', 'izumi98077', 'andrew2016', 'manolisc23']"
187,205,6,270,6,"['dale7283', 'chzh1341', 'kesu1234', 'abal2474', 'n3b3x', 'chdu6864']",0,[],264,"['5dustkd', 'daniel.robin22', 'nerwin', 'yassminsabry', 'vetterd', 'andrea.oldham97', 'doog9601', 'rricardo0324', 'uxiavelca', 'mehdibandali', 'carlosvigo1997', 'yjn3492', 'bassel0elgharbawy0', 'rachel.blaydes', 'kirollos.morcos.km', 'kunge0054', 'finnclements', 'miguel_fernandez', 'soddi1621', 'hs960531', 'estalin', 'antoramp', 'alberto4', 'dhkswk96', 'ghobashy445', 'graceml2', 'gipes', 'kendalhiatt', 'marshallfrye', 'foojorge', '123whdxor', 'aloptor', 'lsj4677', 'johnlanghout', 'lhc33820933', 'juansans98', 'jasperdeconinck', 'bobbimatheson', 'spazos', 'matthewdailey', 'u0543041', 'macks', 'giacomo.bego', 'myez', 'ana.rmteo', 'immmin6677', 'dangover94', 'corozco', 'titanking231', 'glevita2', 'dish1498', 'qottkf6194', 'marniesan', 'juanjoseo', 'eunice98k', 'k66773659', 'emt2', 'zaubin42', 'eserafimbortolazzo', 'franktib2', 'cbnuleejinwoo', 'cbo3', 'nshamsi', 'cjsxodnd12', 'dnlek12', 'rygr8576', 'boody456366', 'antonio25', 'bha00001', 'zrm0001', 'jenniferperez1', 'leesk4869', 'jiaolh', 'parkface94', 'anstjd1542', 'hyerim100600', 'msubullies1', 'jrichman99', 'aht47', 'caetano.eirea', 'philg', 'mattmattmerrill', 'jakubpepas', 'yoonek6719', 'dbeciri45', 'u1121281', 'mauro_sg', 'qncowlf10', 'idargu90', 'yougyeongo', 'student1000', 'chvk4161', 'mitchell.shields99', 'chohyundong12', 'ludovick', 'gcxmoffice1994', 'itskatomall', 'jlkirk', 'pichoncillo1', 'htj1104', 'anais3', 'ophelie10', 'eogn1004', 'hellbomber101', 'supernhtr', 'ryuhoin2002', 'e.pmcrespo', 'marcospascualin', 'juho4523', 'danielcondetorres', 'pablosande98', 'mtanzi', 'kyserch', 'guillermocam', 'aanupam3', 'rhrna007', 'aia00001', 'lwang82', 'wjdekgus77', 'josig2011', 'dariushkim', 'kepco2020a', 'hayejord', 'tonni1912', 'tjtks4730', 'naitix', 'bbatuhanbilecen', 'khfrum', 'piri940511', 'gonserr', 'iagomillanentenza', 'adp5383', 'tpollei', 'ezsamsuntung', 'reyda', 'martinperezmaneiro', 'tmdorsey', 'smdesrochers', 'jonathan.balent', 'hjshook', 'francike', 'iflueck2', 'josedamiangarcianoya', 'siyuezheng', 'emilioar', 'jmy0002', 'koakhyunji', 'mocha7411', 'socrat', 'alskdjfh6161', 'mertyamanoglu', 'ziyue2', 'gekco', 'ganaaa12a', 'coopjord', 'georgeckchen', 'xogus102929', 'rachelgjohnson', 'ye02', 'junzed2', 'rsp79', 'cmoauro2', 'vandelei', 'xoangon', 'b.benson', 'giacomo.munari.1', 'ignaciomilani', 'toast', 'zlapvmf', 'nakkulab', 'jeandavid', 'petercp2', 'raymondzhou227', 'mmartinezsanchez', 'm0650104.ee06g', 'tnqls3409', 'manuel10suarez10', 'sabintandukar', 'bsusol2', 'martinzapatamartinez', 'jesusgiraldez', 'u1201859', 'dbister', 'genius_p', 'isaac.dominguez4444', 'wodnjssnsk12', 'qwerty0637', 'nes1011', 'lidiadom', 'ghtlstnf7', 'samuelfl', 'sallysong683', 'giung0227', 'fofi94', 'declanb', 'axelbelgarde', 'anamichelena', 'thddpwls257', 'danielm78', 'ardisch123', 'ybso1566', 'jedelkind0117', 'exareivaj', 'pedro.julian', 'cjs476', 'b.isenberg', 'blake.ballou08', 'sgu20151463', 'roychoudhuryaditya2019', 'u0360918', 'navya.k.shastri', 'logankraus', 'sukjunyeo', 'jaephago', 'rbb0001', 'qumo4329', 'hancheyn', 'alw0039', 'palzmq', 'mcdonald.josh', 'lukebidulka', 'bw02203', 'pablocl', 'beper53', 'dorxlqmdkdlel', 'ohh99o9', 'dmeyer1998', 'cicalesej', 'jdanivc', 'taylordavis678', 'u1285150', 'jboniuk98', 'matthewleemle2', 'dldnals2020', 'sschneider874', 'qkslqksl951', 'tristram', 'mis5660', 'rohdej', 'byeolguri', 'clara.landesa', 'nargene', 'jhryu1994', 'therahuul', 'sherwmit', 'ylanbdr', 'foghel96', 'yoojeong9925', 'suyoneee', 'mikesnure', 'jn12su27', 'andreagcoto', 'sumintnals', 'adrianhochgesang', 'latourem', 'hyerim1006000', 'xoanmayo', 'thomas.poulin', 'anstpdlffj3', 'shabnashreej', 'sportmonkey584', 'sooooooy314', 'xfiles', 'ekdms0894']",270,"['5dustkd', 'daniel.robin22', 'nerwin', 'yassminsabry', 'vetterd', 'andrea.oldham97', 'doog9601', 'rricardo0324', 'uxiavelca', 'mehdibandali', 'carlosvigo1997', 'yjn3492', 'bassel0elgharbawy0', 'rachel.blaydes', 'kirollos.morcos.km', 'chzh1341', 'kunge0054', 'finnclements', 'miguel_fernandez', 'soddi1621', 'hs960531', 'estalin', 'antoramp', 'alberto4', 'dhkswk96', 'ghobashy445', 'graceml2', 'gipes', 'kendalhiatt', 'marshallfrye', 'foojorge', '123whdxor', 'aloptor', 'lsj4677', 'johnlanghout', 'lhc33820933', 'juansans98', 'jasperdeconinck', 'bobbimatheson', 'spazos', 'matthewdailey', 'u0543041', 'macks', 'giacomo.bego', 'myez', 'ana.rmteo', 'immmin6677', 'dangover94', 'corozco', 'titanking231', 'glevita2', 'dish1498', 'qottkf6194', 'marniesan', 'juanjoseo', 'eunice98k', 'k66773659', 'emt2', 'zaubin42', 'eserafimbortolazzo', 'franktib2', 'cbnuleejinwoo', 'cbo3', 'nshamsi', 'cjsxodnd12', 'dnlek12', 'rygr8576', 'boody456366', 'antonio25', 'bha00001', 'zrm0001', 'jenniferperez1', 'leesk4869', 'jiaolh', 'parkface94', 'anstjd1542', 'hyerim100600', 'msubullies1', 'jrichman99', 'aht47', 'caetano.eirea', 'philg', 'mattmattmerrill', 'jakubpepas', 'yoonek6719', 'dbeciri45', 'u1121281', 'mauro_sg', 'qncowlf10', 'idargu90', 'yougyeongo', 'student1000', 'chvk4161', 'mitchell.shields99', 'chohyundong12', 'ludovick', 'gcxmoffice1994', 'itskatomall', 'jlkirk', 'pichoncillo1', 'htj1104', 'anais3', 'ophelie10', 'eogn1004', 'hellbomber101', 'supernhtr', 'ryuhoin2002', 'e.pmcrespo', 'marcospascualin', 'juho4523', 'danielcondetorres', 'pablosande98', 'mtanzi', 'kyserch', 'guillermocam', 'aanupam3', 'rhrna007', 'aia00001', 'lwang82', 'wjdekgus77', 'josig2011', 'dariushkim', 'kepco2020a', 'hayejord', 'tonni1912', 'tjtks4730', 'naitix', 'bbatuhanbilecen', 'khfrum', 'piri940511', 'gonserr', 'iagomillanentenza', 'adp5383', 'tpollei', 'ezsamsuntung', 'reyda', 'martinperezmaneiro', 'tmdorsey', 'smdesrochers', 'jonathan.balent', 'hjshook', 'francike', 'iflueck2', 'josedamiangarcianoya', 'siyuezheng', 'emilioar', 'jmy0002', 'koakhyunji', 'mocha7411', 'socrat', 'alskdjfh6161', 'mertyamanoglu', 'ziyue2', 'gekco', 'kesu1234', 'ganaaa12a', 'coopjord', 'georgeckchen', 'xogus102929', 'rachelgjohnson', 'ye02', 'junzed2', 'rsp79', 'cmoauro2', 'vandelei', 'xoangon', 'b.benson', 'giacomo.munari.1', 'ignaciomilani', 'toast', 'zlapvmf', 'nakkulab', 'jeandavid', 'petercp2', 'raymondzhou227', 'mmartinezsanchez', 'm0650104.ee06g', 'tnqls3409', 'manuel10suarez10', 'sabintandukar', 'bsusol2', 'martinzapatamartinez', 'jesusgiraldez', 'u1201859', 'dbister', 'genius_p', 'isaac.dominguez4444', 'wodnjssnsk12', 'qwerty0637', 'nes1011', 'lidiadom', 'ghtlstnf7', 'samuelfl', 'sallysong683', 'giung0227', 'fofi94', 'declanb', 'axelbelgarde', 'n3b3x', 'anamichelena', 'dale7283', 'thddpwls257', 'danielm78', 'ardisch123', 'ybso1566', 'jedelkind0117', 'exareivaj', 'pedro.julian', 'cjs476', 'b.isenberg', 'blake.ballou08', 'sgu20151463', 'roychoudhuryaditya2019', 'u0360918', 'navya.k.shastri', 'logankraus', 'sukjunyeo', 'jaephago', 'rbb0001', 'qumo4329', 'hancheyn', 'alw0039', 'palzmq', 'mcdonald.josh', 'lukebidulka', 'bw02203', 'pablocl', 'beper53', 'dorxlqmdkdlel', 'ohh99o9', 'dmeyer1998', 'cicalesej', 'jdanivc', 'taylordavis678', 'u1285150', 'jboniuk98', 'matthewleemle2', 'dldnals2020', 'sschneider874', 'qkslqksl951', 'tristram', 'mis5660', 'rohdej', 'byeolguri', 'clara.landesa', 'nargene', 'jhryu1994', 'chdu6864', 'therahuul', 'sherwmit', 'ylanbdr', 'foghel96', 'yoojeong9925', 'suyoneee', 'mikesnure', 'jn12su27', 'andreagcoto', 'sumintnals', 'adrianhochgesang', 'latourem', 'hyerim1006000', 'xoanmayo', 'thomas.poulin', 'anstpdlffj3', 'shabnashreej', 'sportmonkey584', 'sooooooy314', 'abal2474', 'xfiles', 'ekdms0894']"
187,16,6,10,6,"['dale7283', 'chzh1341', 'kesu1234', 'abal2474', 'n3b3x', 'chdu6864']",0,[],4,"['qumo4329', 'dish1498', 'elmu6301', 'chwi7664']",10,"['dale7283', 'chzh1341', 'kesu1234', 'dish1498', 'elmu6301', 'qumo4329', 'chwi7664', 'abal2474', 'n3b3x', 'chdu6864']"
191,129,6,33,5,"['shreshta126', 'emani', 'hrithikraj5', 'ee17btech11010', 'ee18btech11026']",1,['deep2903'],28,"['ee18btech11034', 'berisowjanya205', 'shaik123', 'saivarshatedla', 'ee17btech11001', 'tejaswini_anagani', 'ee18btech11021', 'pkrutikmehta', 'rakesh1231', 'ee18btech11044', 'mehar', 'vlnreddy', 'narendarr34', 'ee18btech11020', 'tprashanth180', 'mounika.banothu2', 'pi_stark', 'aayushgoyal27', 'ee18btech11048', 'ee18btech11004', 'sathwikchaitanya', 'kalyanidp123', 'adithyavardhan', 'cheruu', 'ee18btech11041', 'ee18btech11016', 'nagandlaravalika6', 'aashrith']",34,"['ee18btech11034', 'berisowjanya205', 'shaik123', 'saivarshatedla', 'ee17btech11001', 'tejaswini_anagani', 'shreshta126', 'ee18btech11021', 'pkrutikmehta', 'rakesh1231', 'ee18btech11044', 'mehar', 'vlnreddy', 'narendarr34', 'ee18btech11020', 'tprashanth180', 'mounika.banothu2', 'hrithikraj5', 'pi_stark', 'ee17btech11010', 'aayushgoyal27', 'ee18btech11048', 'ee18btech11004', 'sathwikchaitanya', 'deep2903', 'ee18btech11026', 'kalyanidp123', 'emani', 'adithyavardhan', 'cheruu', 'ee18btech11041', 'ee18btech11016', 'nagandlaravalika6', 'aashrith']"
192,110,6,10,1,['sritapaswi2007'],5,"['ganti', 'uditrawat469', 'huang670', 'kabdelaz', 'pkolis']",9,"['jiang402', 'cmousoul', 'hsvalladares88', 'ho141', 'bageesey', 'markleightonfisher', 'llosadar', 'harbinz', 'cedrichan']",15,"['sritapaswi2007', 'jiang402', 'cmousoul', 'hsvalladares88', 'uditrawat469', 'llosadar', 'harbinz', 'huang670', 'cedrichan', 'kabdelaz', 'ganti', 'bageesey', 'ho141', 'markleightonfisher', 'pkolis']"
195,62,6,13,2,"['andrea00', 'brunodigeronimo']",4,"['gchiduza', 'into88msl', 'erikzupa6', 'chloekeller3']",11,"['aslopez17', 'anaye', 'carlaposada', 'mariardzsoe', 'gemmaarce', 'moonnni__', 'paulezcano7', 'mariarodriguezst13', 'monipetrilli', 'lola7110', 'rodrigogp']",17,"['carlaposada', 'erikzupa6', 'chloekeller3', 'paulezcano7', 'andrea00', 'mariarodriguezst13', 'monipetrilli', 'lola7110', 'brunodigeronimo', 'aslopez17', 'anaye', 'mariardzsoe', 'gemmaarce', 'moonnni__', 'gchiduza', 'into88msl', 'rodrigogp']"
196,62,6,13,4,"['monipetrilli', 'aslopez17', 'anaye', 'lola7110']",2,"['tretyacv', 'pilarbc123']",9,"['carlaposada', 'mariardzsoe', 'gemmaarce', 'moonnni__', 'brunodigeronimo', 'andrea00', 'paulezcano7', 'mariarodriguezst13', 'rodrigogp']",15,"['carlaposada', 'pilarbc123', 'paulezcano7', 'mariarodriguezst13', 'andrea00', 'monipetrilli', 'lola7110', 'brunodigeronimo', 'tretyacv', 'aslopez17', 'anaye', 'mariardzsoe', 'gemmaarce', 'moonnni__', 'rodrigogp']"
198,141,6,14,1,['ancycrips123'],5,"['abdo.mahran_96', 'abdelrahman96', 'rash.jadhav', 'hisham98', 'shehab162519']",13,"['sneha9192', 'r.rahul2636', '3mayavismaya9710', 'athulrajhere', 'ajaymr', 'kailasrj11', 'sarathsathish78', 'bhadraanil9', 'krishna6023', 'kadarbhai', 'palattilhouse', 'aparnanair2302', 'preethiravisankar101']",19,"['r.rahul2636', 'athulrajhere', 'ajaymr', 'kailasrj11', 'krishna6023', 'hisham98', 'shehab162519', 'abdelrahman96', 'abdo.mahran_96', 'sneha9192', '3mayavismaya9710', 'ancycrips123', 'sarathsathish78', 'bhadraanil9', 'kadarbhai', 'palattilhouse', 'aparnanair2302', 'preethiravisankar101', 'rash.jadhav']"
202,29,5,8,1,['elena_lopez'],4,"['nhoup', 'karina_ght_', 'marina7', 'konstantinannenkov']",7,"['ejg98', 'julioug1', 'emilioar', 'miguellopezcardenas98', 'dariogarred', 'darkrising', 'pmvd95']",12,"['ejg98', 'emilioar', 'julioug1', 'karina_ght_', 'marina7', 'miguellopezcardenas98', 'nhoup', 'dariogarred', 'konstantinannenkov', 'darkrising', 'pmvd95', 'elena_lopez']"
202,33,5,8,1,['elena_lopez'],4,"['nhoup', 'karina_ght_', 'marina7', 'konstantinannenkov']",7,"['ejg98', 'julioug1', 'emilioar', 'dariogarred', 'plmolina4', 'alexsanchezcast', 'darkrising']",12,"['ejg98', 'emilioar', 'julioug1', 'karina_ght_', 'marina7', 'nhoup', 'dariogarred', 'konstantinannenkov', 'plmolina4', 'alexsanchezcast', 'darkrising', 'elena_lopez']"
202,13,5,7,1,['elena_lopez'],4,"['nhoup', 'karina_ght_', 'marina7', 'konstantinannenkov']",6,"['marinabm', 'elena.j.g', 'julioug1', 'emilioar', 'miguellopezcardenas98', 'dariogarred']",11,"['marinabm', 'elena.j.g', 'emilioar', 'julioug1', 'karina_ght_', 'marina7', 'miguellopezcardenas98', 'nhoup', 'dariogarred', 'konstantinannenkov', 'elena_lopez']"
202,25,5,7,1,['konstantinannenkov'],4,"['nhoup', 'karina_ght_', 'marina7', 'elena_lopez']",6,"['waldemar.bereznikov', 'liza290820', 'markov_n', 'lordipsi', 'ivanovdenis568', 'evgeny11']",11,"['waldemar.bereznikov', 'liza290820', 'karina_ght_', 'marina7', 'markov_n', 'nhoup', 'konstantinannenkov', 'evgeny11', 'lordipsi', 'ivanovdenis568', 'elena_lopez']"
202,32,5,7,1,['konstantinannenkov'],4,"['nhoup', 'karina_ght_', 'marina7', 'elena_lopez']",6,"['waldemar.bereznikov', 'markov_n', 'roman345', 'vladimirgolubchikov', 'lordipsi', 'ivanovdenis568']",11,"['waldemar.bereznikov', 'karina_ght_', 'marina7', 'markov_n', 'roman345', 'nhoup', 'vladimirgolubchikov', 'konstantinannenkov', 'lordipsi', 'ivanovdenis568', 'elena_lopez']"
203,36,5,10,4,"['mstrade', 'park1131', 'ng104', 'stewa311']",1,['subramap'],6,"['mmorefie', 'novak43', 'calder25', 'bartosz.stoppel', 'mscheker', 'chiu35']",11,"['mstrade', 'ng104', 'park1131', 'subramap', 'mmorefie', 'stewa311', 'novak43', 'calder25', 'bartosz.stoppel', 'mscheker', 'chiu35']"
204,116,5,13,4,"['qf2143', 'eddiehong', 'zw2583', 'yol']",1,['aurban'],9,"['vipulmann2310', 'voh2105', 'aab2243', 'xinhao', 'vipul2310', 'asiv21', 'wq940411', 'qw2318', 'hh2811']",14,"['yol', 'zw2583', 'xinhao', 'aurban', 'vipul2310', 'asiv21', 'wq940411', 'qw2318', 'eddiehong', 'hh2811', 'vipulmann2310', 'voh2105', 'qf2143', 'aab2243']"
206,1,5,6,4,"['makthaverskan', 'ukolov.dmitriy2804', 'alex97w97', 'ibelikov980q']",1,['baron492'],2,"['daniilanikanov21', 'pmorozova41']",7,"['makthaverskan', 'ukolov.dmitriy2804', 'alex97w97', 'baron492', 'ibelikov980q', 'pmorozova41', 'daniilanikanov21']"
208,119,5,13,1,['mdroege'],4,"['geiger15', 'nnauman', 'bstegma', 'saminaayanifard']",12,"['hsmoke', 'dmassow', 'tdarmon20', 'adamdmiller17', 'kozelr', 'hill399', 'zfrank64', 'amoravec', 'verma52', 'harri670', 'epiergal', 'sgrzych']",17,"['geiger15', 'mdroege', 'hsmoke', 'adamdmiller17', 'kozelr', 'hill399', 'tdarmon20', 'sgrzych', 'nnauman', 'bstegma', 'dmassow', 'saminaayanifard', 'zfrank64', 'amoravec', 'verma52', 'epiergal', 'harri670']"
208,121,5,5,1,['bstegma'],4,"['geiger15', 'nnauman', 'mdroege', 'saminaayanifard']",4,"['gleasonb', 'mmshank16', 'bowman96', 'kinserc']",9,"['geiger15', 'nnauman', 'mmshank16', 'mdroege', 'bstegma', 'kinserc', 'saminaayanifard', 'gleasonb', 'bowman96']"
214,217,5,8,5,"['hwijun1011', 'jjyy826', 'ycy990912', 'kwon91559152', 'junyub0804']",0,[],3,"['kimyumin', 'sjm3944', 'wodbs5658']",8,"['hwijun1011', 'jjyy826', 'wodbs5658', 'ycy990912', 'kimyumin', 'kwon91559152', 'junyub0804', 'sjm3944']"
215,101,5,9,4,"['hadasidoku', 'nadavrubin123', 'shon95', 'liorv']",1,['leebinyamin94'],5,"['barak.achkenazi', 'pazanani', 'eden356876', 'hd2584', 'omerisrael']",10,"['barak.achkenazi', 'pazanani', 'hadasidoku', 'nadavrubin123', 'shon95', 'leebinyamin94', 'eden356876', 'hd2584', 'omerisrael', 'liorv']"
218,226,5,10,5,"['ajinkya.mujumdar', 'unnit.dedhia', 'davkhardheeraj2230', 'shivani.kshirsagar', 'rahul.nirban']",0,[],5,"['abhipaswan24', 'ruchirasa123', 'arkumbhar1012', 'truptikhairnar77', 'nutandongare01']",10,"['nutandongare01', 'abhipaswan24', 'ruchirasa123', 'ajinkya.mujumdar', 'arkumbhar1012', 'unnit.dedhia', 'truptikhairnar77', 'davkhardheeraj2230', 'shivani.kshirsagar', 'rahul.nirban']"
220,181,5,7,5,"['vaishnavi.pataki', 'shashank24', 'prathameshpatankar303', 'khijarzuhair', 'vishalbmx07']",0,[],2,"['prashantdesale10', 'sangleshrikant98']",7,"['vaishnavi.pataki', 'prashantdesale10', 'shashank24', 'sangleshrikant98', 'prathameshpatankar303', 'khijarzuhair', 'vishalbmx07']"
222,73,5,7,4,"['casonpa', 'dalott', 'kimwalker', 'fisherhr']",1,['mardakani'],3,"['omoussa', 'suleimanalsweiss', 'zahra.sadeghizadeh']",8,"['fisherhr', 'zahra.sadeghizadeh', 'dalott', 'mardakani', 'suleimanalsweiss', 'omoussa', 'casonpa', 'kimwalker']"
224,224,5,14,4,"['yuvraj.rp00099', 'anushka.kashyap', 'gauri.shukla', 'sarveshsawant1212']",1,['swapnilshelatkar09'],10,"['abhipaswan24', 'sctsid98', 'puniashyamsunder', 'arkumbhar1012', 'surajksharma7', 'snehalnayse1', 'aniketvalwe', 'sarvandiwakar', 'gauravtaral1', 'mohamadatifkhatib']",15,"['abhipaswan24', 'snehalnayse1', 'gauri.shukla', 'anushka.kashyap', 'sctsid98', 'puniashyamsunder', 'yuvraj.rp00099', 'arkumbhar1012', 'surajksharma7', 'swapnilshelatkar09', 'aniketvalwe', 'sarveshsawant1212', 'sarvandiwakar', 'gauravtaral1', 'mohamadatifkhatib']"
225,166,5,10,2,"['hovadojede', 'derlet']",3,"['mehdi530', 'akashssmenon', 'kanying1984']",8,"['davidnigri', 'dkeller', 'calamand', 'celestin.vallat', 'eddebbarhyoussef96', 'hbocquet', 'yoyo.righa', 'loreh']",13,"['loreh', 'davidnigri', 'mehdi530', 'dkeller', 'kanying1984', 'celestin.vallat', 'calamand', 'eddebbarhyoussef96', 'hovadojede', 'hbocquet', 'yoyo.righa', 'derlet', 'akashssmenon']"
226,24,5,8,3,"['jtpaquet', 'jean00491', 'remi.caron90']",2,"['max1028d', 'antoinegf1997']",5,"['anais3', 'ophelie10', 'thomas.poulin', 'jeandavid', 'franktib2']",10,"['anais3', 'ophelie10', 'thomas.poulin', 'remi.caron90', 'jeandavid', 'jean00491', 'franktib2', 'max1028d', 'jtpaquet', 'antoinegf1997']"
226,7,5,7,1,['max1028d'],4,"['antoinegf1997', 'jtpaquet', 'jean00491', 'remi.caron90']",6,"['tsogooanurad', 'ochirhuyag', 'atilyacez', 'delegbayanmunkh9', 'watashi.legion', 'gbatzorig268']",11,"['tsogooanurad', 'ochirhuyag', 'atilyacez', 'remi.caron90', 'delegbayanmunkh9', 'jean00491', 'watashi.legion', 'gbatzorig268', 'max1028d', 'jtpaquet', 'antoinegf1997']"
227,66,5,225,4,"['zhan2846', 'jess24', 'lowe77.purdue', 'justindcambridge']",1,['lizlaskowski'],221,"['cwidak', 'zubik', 'redmanr', 'smit3184', 'mtbarrette01', 'aaprelik', 'bwitchie', 'flore170', 'baile261', 'psmading', 'amcgoff', 'chiang56', 'lm45000', 'george92', 'allnic21', 'jhulsize', 'boyle49', 'ltopliff', 'dewittl', 'lmackin', 'freyg', 'ericshen628', 'mmshank16', 'cibrahim', 'dmassow', 'peter514', 'gct246', 'zfrank64', 'jfitzhu', 'verma52', 'bamorim', 'ewilhite', 'ali113', 'bcasler', 'rdrager', 'patel784', 'stark22', 'xul9044', 'smit3177', 'kbebris', 'mtrivell', 'tpownell', 'wade59', 'wertzm', 'akapko', 'hill399', 'choyc', 'lauerc', 'tdarmon20', 'racroth35', 'agrillo', 'vkolar', 'efeldman', 'rroggema', 'ithakor', 'nkhuu', 'schro118', 'gao499', 'saboa', 'ltoy', 'patel731', 'zhao988', 'liu2512', 'jlorah', 'richtern', 'ellis99', 'hillej', 'ashwarts', 'abreidin', 'jo46', 'ecave', 'adams410', 'hgrover', 'layyar', 'nfei', 'shethm', 'jin376', 'glevine', 'abhalcha', 'mann78', 'lee2614', 'iyengar1', 'dragoneye', 'ftangpoo', 'cmenden', 'jeigenbr', 'hall363', 'cvasq69', 'stewa238', 'pcase', 'peck28', 'davidsml', 'wisler0', 'dleoni', 'roj', 'bkeel', 'winstontinople', 'jmacatan', 'kzeligso', 'apanuga', 'iczajkow', 'mmohdzai', 'cregers', 'rumplem', 'ghais', 'suixiong8', 'mohdshah', 'engc', 'cblackm', 'cho372', 'li2722', 'etitheyeti98', 'marito', 'amoravec', 'moore763', 'lawrencr', 'adamdmiller17', 'ceckste', 'msulaima', 'bullock8', 'rathi4', 'rweedon', 'cccyyj720', 'xu1085', 'li3604', 'uuraechu', 'bowman96', 'gcesar', 'slillig', 'goodma27', 'kiefern', 'brewer66', 'mart1180', 'abosshar', 'white559', 'dlarocco', 'msargen', 'gnishibu', 'nhuntine', 'kmotwan', 'akick', 'mheighwa', 'pickera', 'lthursto', 'lrigsbee', 'kinserc', 'xose.amo', 'wang3138', 'hschennu', 'aperitor', 'ccurto', 'mfess', 'deane1', 'yang1865', 'tglavan', 'girouxm', 'davidrgowan', 'bgrandst', 'gezbbl7', 'jvanben', 'terry51', 'nnoraziz', 'lswentor', 'jaloi', 'mart1391', 'gupta393', 'dixon82', 'natoli0', 'ttayeb', 'sanjivdamodaran', 'butzz', 'sedgerto', 'chao26', 'abano', 'eloewe', 'choi333', 'hopkin43', 'mcginn1', 'klipiszk', 'sgrzych', 'schuman1', 'jone1573', 'thornt21', 'wonhyukdo', 'singer15', 'mart1380', 'qpitter', 'jmickow', 'daviskahmann', 'ghosh36', 'pattiya2002', 'bernarm', 'dunca108', 'chen2122', 'hsmoke', 'awoodwa', 'colewilloughby1125', 'woo49', 'smit3458', 'kozelr', 'abora', 'cheeseballs99', 'bcaffert', 'konerua', 'malhamm', 'siu2', 'ander754', 'rhinesj', 'lregalad', 'deshmukp', 'yao201', 'gleasonb', 'edreifue', 'koverley', 's1p6a1r8a', 'dangratz99', 'awennin', 'nwegh2017', 'anniebreidinger', 'tnoor', 'harri670']",226,"['cwidak', 'zubik', 'redmanr', 'smit3184', 'mtbarrette01', 'aaprelik', 'bwitchie', 'flore170', 'baile261', 'psmading', 'amcgoff', 'chiang56', 'lm45000', 'george92', 'allnic21', 'jhulsize', 'boyle49', 'ltopliff', 'dewittl', 'lmackin', 'freyg', 'ericshen628', 'mmshank16', 'cibrahim', 'dmassow', 'peter514', 'gct246', 'zfrank64', 'jfitzhu', 'verma52', 'bamorim', 'ewilhite', 'ali113', 'bcasler', 'rdrager', 'patel784', 'stark22', 'xul9044', 'smit3177', 'kbebris', 'mtrivell', 'tpownell', 'wade59', 'wertzm', 'akapko', 'hill399', 'choyc', 'lauerc', 'tdarmon20', 'racroth35', 'agrillo', 'vkolar', 'efeldman', 'rroggema', 'ithakor', 'justindcambridge', 'nkhuu', 'schro118', 'gao499', 'saboa', 'ltoy', 'patel731', 'zhao988', 'liu2512', 'jlorah', 'richtern', 'ellis99', 'hillej', 'ashwarts', 'abreidin', 'jo46', 'ecave', 'lowe77.purdue', 'adams410', 'hgrover', 'layyar', 'nfei', 'shethm', 'jin376', 'glevine', 'abhalcha', 'mann78', 'lee2614', 'zhan2846', 'iyengar1', 'dragoneye', 'ftangpoo', 'cmenden', 'jeigenbr', 'hall363', 'cvasq69', 'stewa238', 'pcase', 'peck28', 'davidsml', 'wisler0', 'dleoni', 'roj', 'bkeel', 'winstontinople', 'jmacatan', 'kzeligso', 'apanuga', 'iczajkow', 'mmohdzai', 'cregers', 'rumplem', 'ghais', 'suixiong8', 'mohdshah', 'engc', 'cblackm', 'cho372', 'li2722', 'etitheyeti98', 'marito', 'amoravec', 'moore763', 'lawrencr', 'adamdmiller17', 'ceckste', 'msulaima', 'bullock8', 'rathi4', 'jess24', 'rweedon', 'cccyyj720', 'xu1085', 'li3604', 'uuraechu', 'bowman96', 'gcesar', 'slillig', 'goodma27', 'kiefern', 'brewer66', 'mart1180', 'abosshar', 'white559', 'dlarocco', 'msargen', 'gnishibu', 'nhuntine', 'kmotwan', 'akick', 'pickera', 'lthursto', 'lrigsbee', 'kinserc', 'xose.amo', 'wang3138', 'hschennu', 'aperitor', 'ccurto', 'mfess', 'deane1', 'yang1865', 'tglavan', 'girouxm', 'davidrgowan', 'bgrandst', 'gezbbl7', 'jvanben', 'terry51', 'nnoraziz', 'lswentor', 'jaloi', 'mart1391', 'gupta393', 'dixon82', 'natoli0', 'ttayeb', 'sanjivdamodaran', 'butzz', 'sedgerto', 'chao26', 'abano', 'eloewe', 'choi333', 'hopkin43', 'mcginn1', 'klipiszk', 'sgrzych', 'schuman1', 'jone1573', 'thornt21', 'wonhyukdo', 'singer15', 'mart1380', 'qpitter', 'jmickow', 'daviskahmann', 'ghosh36', 'pattiya2002', 'bernarm', 'dunca108', 'chen2122', 'hsmoke', 'awoodwa', 'colewilloughby1125', 'woo49', 'lizlaskowski', 'smit3458', 'kozelr', 'abora', 'cheeseballs99', 'bcaffert', 'konerua', 'malhamm', 'siu2', 'anniebreidinger', 'ander754', 'rhinesj', 'lregalad', 'deshmukp', 'yao201', 'gleasonb', 'edreifue', 'koverley', 's1p6a1r8a', 'dangratz99', 'awennin', 'nwegh2017', 'mheighwa', 'tnoor', 'harri670']"
229,216,5,5,4,"['uravisaraogi7', 'h20190017', 'h20190005', 'h20190015']",1,['avimkumar16'],1,['h20190008'],6,"['h20190008', 'avimkumar16', 'uravisaraogi7', 'h20190017', 'h20190015', 'h20190005']"
232,212,5,113,4,"['ctjett', 'jsimmon9', 'dtononi', 'fedeenav']",1,['nicaponti'],109,"['vmmartinez2811', 'dominguilherme', 'christian.konishi', 'r204993', 'i175460', 'pietro1704', 'd169448', 'thiagolim42', 'gabriel_dutra', 'j170582', 'oozaku', 'prafael18', 'g169127', 'thiagoms', 'a212269', 'i199092', 'b194658', 'cristiano.urban.slack', 'larafalquetob', 'davicarvalho', 'l171941', 'm175011', 'daglis', 'pedro.julian', 'mbcoppag', 'juststopmenow', 'h236651', 'msueker', 'j199681', 'y225901', 'd169649', 'g172185', 'frerappa', 'ganassinandrea', 'gtzintzarov', 'v206586', 'lcnzg', 'g155646', 'jkruse', 'juangalvez', 'isa.caroline930', 'evenysle', 'g216116', 'm222059', 'igorp.lopes', 'joaoppagnan', 'c214570', 'josehenriquerecio', 'j123765', 'diogoteles08', 'r204952', 'leyte', 'm222157', 'lostinsocorro', 'camilahyfhgf', 'hrilina12', 'joe.stifler', 'sciecode', 'i217947', 'acabellocano', 'aaaaaaaa1', 'mathbulhoes', 'w188684', 'd169774', 'luccassa', 'michael.breeding31', 'f171043', 'lucask', 'marcosdiaz', 'matheusgmmendonca', 'gnsoares', 'thalesrogerio', 'juliombb', 'ecegeekece', 'heigon77', 'oozakudesu', 'joaopedro', 'mbatra310', 'ramireguilherme', 'magodocona', 'maronato', 'pengchenucla', 'cauan_newton', 'jasperdeconinck', 'i174932', 'matsano', 'h174308', 'odeiofeec', 'luizeduardoaraujozucchi', 'serodio', 'g171932', 'bdniels1', 'andreispurim', 'mathepionorio', 'lwang82', 'palmirasara', 'ppalves10', 'zanoni', 'kadus27', 'b167869', 'v207054', 'v225162', 'r186454', 'gabriella', 'fernandobrsales', 'drbburcham', 'g172497', 'm156531', 'l201332']",114,"['vmmartinez2811', 'dominguilherme', 'christian.konishi', 'r204993', 'i175460', 'fedeenav', 'pietro1704', 'd169448', 'thiagolim42', 'gabriel_dutra', 'j170582', 'oozaku', 'prafael18', 'g169127', 'thiagoms', 'a212269', 'i199092', 'b194658', 'cristiano.urban.slack', 'larafalquetob', 'davicarvalho', 'l171941', 'm175011', 'daglis', 'pedro.julian', 'mbcoppag', 'juststopmenow', 'h236651', 'msueker', 'j199681', 'y225901', 'd169649', 'g172185', 'frerappa', 'ganassinandrea', 'gtzintzarov', 'v206586', 'lcnzg', 'g155646', 'jkruse', 'juangalvez', 'isa.caroline930', 'evenysle', 'g216116', 'm222059', 'igorp.lopes', 'joaoppagnan', 'c214570', 'josehenriquerecio', 'j123765', 'diogoteles08', 'r204952', 'dtononi', 'leyte', 'm222157', 'lostinsocorro', 'camilahyfhgf', 'hrilina12', 'joe.stifler', 'sciecode', 'i217947', 'nicaponti', 'acabellocano', 'aaaaaaaa1', 'mathbulhoes', 'w188684', 'd169774', 'luccassa', 'michael.breeding31', 'f171043', 'lucask', 'marcosdiaz', 'matheusgmmendonca', 'gnsoares', 'thalesrogerio', 'juliombb', 'jsimmon9', 'ecegeekece', 'heigon77', 'oozakudesu', 'joaopedro', 'mbatra310', 'ramireguilherme', 'magodocona', 'maronato', 'pengchenucla', 'cauan_newton', 'jasperdeconinck', 'i174932', 'matsano', 'h174308', 'odeiofeec', 'luizeduardoaraujozucchi', 'serodio', 'g171932', 'bdniels1', 'ctjett', 'andreispurim', 'mathepionorio', 'lwang82', 'palmirasara', 'ppalves10', 'zanoni', 'kadus27', 'b167869', 'v207054', 'v225162', 'r186454', 'gabriella', 'fernandobrsales', 'drbburcham', 'g172497', 'm156531', 'l201332']"
232,211,5,51,2,"['nicaponti', 'fedeenav']",3,"['ctjett', 'dtononi', 'jsimmon9']",49,"['d169774', 'emilioar', 'tflong71', 'michael.breeding31', 'jboniuk98', 'thalesrogerio', 'oozaku', 'ecegeekece', 'petercp2', 'profjanser', 'judgeofduty', 'jte55', 'mbatra310', 'a212269', 'anaya.g2623', 'daglis', 'pedro.julian', 'ziyue2', 'aia00001', 'cjs476', 'mvp55', 'macks', 'lwang82', 'manolisc23', 'blake.ballou08', 'aht47', 'v206586', 'roychoudhuryaditya2019', 'ganaaa12a', 'mattmattmerrill', 'finnclements', 'rileymccarthy27', 'mikesnure', 'rbb0001', 'fredysanchez2', 'andrew2016', 'izumi98077', 'alw0039', 'rburkins1', 'fosbackta17', 'sjl328', 'npd54', 'r204952', 'e.sdavidm', 'rsp79', 'hjshook', 'hrilina12', 'ganassinandrea', 'i217947']",54,"['d169774', 'fedeenav', 'emilioar', 'tflong71', 'michael.breeding31', 'jboniuk98', 'thalesrogerio', 'oozaku', 'jsimmon9', 'ecegeekece', 'petercp2', 'profjanser', 'judgeofduty', 'jte55', 'mbatra310', 'a212269', 'anaya.g2623', 'daglis', 'pedro.julian', 'ziyue2', 'ctjett', 'aia00001', 'cjs476', 'mvp55', 'macks', 'lwang82', 'manolisc23', 'blake.ballou08', 'aht47', 'v206586', 'roychoudhuryaditya2019', 'ganaaa12a', 'mattmattmerrill', 'finnclements', 'rileymccarthy27', 'mikesnure', 'rbb0001', 'fredysanchez2', 'andrew2016', 'izumi98077', 'alw0039', 'rburkins1', 'fosbackta17', 'sjl328', 'npd54', 'dtononi', 'r204952', 'e.sdavidm', 'rsp79', 'hjshook', 'hrilina12', 'ganassinandrea', 'i217947', 'nicaponti']"
233,62,5,13,3,"['rodrigogp', 'mariardzsoe', 'paulezcano7']",2,"['aliciiiiiiia', 'slevendu']",10,"['aslopez17', 'anaye', 'carlaposada', 'gemmaarce', 'moonnni__', 'andrea00', 'mariarodriguezst13', 'monipetrilli', 'lola7110', 'brunodigeronimo']",15,"['carlaposada', 'slevendu', 'paulezcano7', 'mariarodriguezst13', 'aliciiiiiiia', 'andrea00', 'monipetrilli', 'lola7110', 'brunodigeronimo', 'aslopez17', 'anaye', 'mariardzsoe', 'gemmaarce', 'moonnni__', 'rodrigogp']"
237,201,5,23,5,"['lambkin.optics', 'abdurnawaz.2011', 'buereddyvarunireddy', 'ee18btech11031', 'pe268318']",0,[],18,"['sudeepv', 'jevalenzuela', 'ee18btech11021', 'ee18btech11006', 'ee18btech11050', 'dks2000', 'varuni123', 'junghun80', 'aayushgoyal27', 'ee18btech11048', 'mehar', 'rebeccaeagleton', 'es17btech11024', 'tejaswini_anagani', 'hatem.babaa', 'tejaswinianagani75', 'tanmay.chavan94', 'yashguguloth']",23,"['jevalenzuela', 'lambkin.optics', 'varuni123', 'buereddyvarunireddy', 'aayushgoyal27', 'ee18btech11048', 'hatem.babaa', 'tejaswini_anagani', 'ee18btech11031', 'tanmay.chavan94', 'sudeepv', 'ee18btech11021', 'ee18btech11006', 'ee18btech11050', 'dks2000', 'junghun80', 'pe268318', 'mehar', 'rebeccaeagleton', 'es17btech11024', 'tejaswinianagani75', 'abdurnawaz.2011', 'yashguguloth']"
238,112,5,5,1,['nh_engagement'],4,"['ycao99', 'anastasia.l', 'skundu4', 'jreynolds19']",4,"['white494', 'ericks23', 'eheikens', 'krishn73']",9,"['eheikens', 'white494', 'krishn73', 'anastasia.l', 'jreynolds19', 'ycao99', 'ericks23', 'skundu4', 'nh_engagement']"
239,177,5,6,4,"['mcoats', 'vanesw', 'tmamani', 'ward.michael0356']",1,['dmosemaniii'],2,"['ashornikov', 'nadelstein']",7,"['mcoats', 'ashornikov', 'ward.michael0356', 'tmamani', 'dmosemaniii', 'nadelstein', 'vanesw']"
