MClusterID,XClusterID,MClusterSize,XClusterSize,OverlapSize,OverlapMembers,MOnlySize,MOnlyMembers,XOnlySize,XOnlyMembers,CombinedSize,CombinedMembers
1,229,130,77,60,"['zalzikri', 'jxuanchia', 'yewyung', 'adeebzikri0', 'abid01', 'syamil123', 'renyic', 'koayzhengyin', 'fidadzli', 'yusankoh', 'tangkityee', 'zamilmuazam98', 'iskandarsofian', 'nida20', 'u2003919', 'shahrizan01', 'u2003934', 'shihong5270', 'irfanzahiran01', 'teh_mint12', 'yinyong0427', 'luqmanhakim', 'nuhaa426', 'saiyedharith18', 'haziqian', '17202739nazif', 'weimingquah5', 'myson', 'kl.chin0622', 'student17202315', 'tanchunwei8681', 'kw01', 'thishen', 'u2003882', 'u2003990', 'leewenjun', 'tzeron2210', 'pd0s__', 'yoanesyeo', 'kj0918', 'chinkeatchew880', 'u2003966', 'kailoom', 'theezzy', 'khawlinkoon', 'bryanleong1126', 'aiman01', 'muhamadaiman17207593', 'ikramnasir7', 'shafiq__', 'jaydenhon', 's2020494', 'afiq010507', 'aqbarshaiful', 'iron52bat', 'chiachenng123', 'nghaowei613', 'nanododo', 'renyi0912', 'aliffizham']",70,"['shaked.bar', 'yaelm', 'daniallo17', 'ronb4', 'brenneryaron', 'shirartzi00', 'xydemekiller08', 'a7med.dawoud', 'tifalord010', 'matityajohn', 'cristiano.urban.slack', 'tanyungwei', 'abrarhasin1010', 'mfnizam27', 'kiranjot.kaur.3388', 'itaiben58', 'chiraghegde101', 'alonb96', 'mec2020012', 'dipu3139', 'abdelrahmanahmed780', 'harera', 'kostac2980', 'refaey', 'k3850305', 'noakashkash', 'mohithanda026', 'yj981016', 'jyotityagi142', 'arnab.mondal777', 'rrr197197', 'itaizilcha', 'tizianapirozzi', 'michael.hany.mofeed', 'hiirumi01', 'fmatlin1997', 'shameelhamid', 'vijayabhasker111', 'um17206869', 'crce.8752.elec', 'shezan', 'kiranjot2277', 'mostafaaplanet', 'yungwei.tan', 'aisyarazali82', 'ankanbis786', 'mark.ataev', 'khushbu.24347', 'kubisselman11', 'omarahmedgoda97', 'cristina95mo', 'u2003956', 'amirul', 'crce.8545.elec', 'bly185', 'xiaoyu11', 'talhaim11', 'poke5917', 'faizyus07', 'liorisaad', 'butakimchi2021', 'azharali1616', 'niks10', 'azimpaan', 'amitm', 'beni1772', 'grthakur18', 'zousifanstarry', 'bornaobradovic', 'arunavignan4']",17,"['s2031189', 'shenni', 'u2003917', 'noelng0112', 'tshihong12', 'regangoh0728', 'yijoelow', 'aiman2001', 'ain.tyra01', 'abdulhadi', 'zuying1204', 'zqchin26', 'ohwayrc', 'u2003884', 'aiman_nazri123', 'wei622', 'alfin01']",147,"['jxuanchia', 'yewyung', 'syamil123', 'renyic', 'daniallo17', 'ronb4', 'tangkityee', 'a7med.dawoud', 'iskandarsofian', 'shahrizan01', 'irfanzahiran01', 'luqmanhakim', 'nuhaa426', 'saiyedharith18', 'arnab.mondal777', 'kl.chin0622', 'tanchunwei8681', 'thishen', 'tzeron2210', 'pd0s__', 'ankanbis786', 'bryanleong1126', 'khushbu.24347', 'u2003956', 's2031189', 'xiaoyu11', 'aqbarshaiful', 'chiachenng123', 'faizyus07', 'liorisaad', 'zuying1204', 'amitm', 'wei622', 'aliffizham', 'zalzikri', 'abid01', 'yusankoh', 'shirartzi00', 'zamilmuazam98', 'xydemekiller08', 'ain.tyra01', 'nida20', 'matityajohn', 'abdulhadi', 'kiranjot.kaur.3388', 'noelng0112', 'noakashkash', 'myson', 'itaizilcha', 'ohwayrc', 'michael.hany.mofeed', 'hiirumi01', 'yoanesyeo', 'chinkeatchew880', 'omarahmedgoda97', 'cristina95mo', 'bly185', 'poke5917', 'azharali1616', 'azimpaan', 'renyi0912', 'adeebzikri0', 'shaked.bar', 'yaelm', 'koayzhengyin', 'fidadzli', 'yijoelow', 'cristiano.urban.slack', 'abrarhasin1010', 'mfnizam27', 'shihong5270', 'teh_mint12', 'itaiben58', 'chiraghegde101', 'alonb96', 'aiman_nazri123', 'haziqian', 'kostac2980', 'k3850305', 'mohithanda026', 'rrr197197', 'zqchin26', 'kw01', 'tizianapirozzi', 'u2003990', 'fmatlin1997', 'leewenjun', 'shameelhamid', 'um17206869', 'kailoom', 'theezzy', 'aisyarazali82', 'kubisselman11', 'aiman01', 'muhamadaiman17207593', 'regangoh0728', 'jaydenhon', 's2020494', 'afiq010507', 'tshihong12', 'iron52bat', 'butakimchi2021', 'nghaowei613', 'beni1772', 'nanododo', 'bornaobradovic', 'u2003884', 'arunavignan4', 'brenneryaron', 'tanyungwei', 'u2003919', 'u2003934', 'yinyong0427', 'mec2020012', 'shenni', 'abdelrahmanahmed780', 'harera', '17202739nazif', 'refaey', 'weimingquah5', 'yj981016', 'jyotityagi142', 'student17202315', 'u2003882', 'aiman2001', 'alfin01', 'vijayabhasker111', 'u2003917', 'shezan', 'kiranjot2277', 'u2003966', 'mostafaaplanet', 'yungwei.tan', 'khawlinkoon', 'mark.ataev', 'shafiq__', 'ikramnasir7', 'amirul', 'crce.8545.elec', 'talhaim11', 'niks10', 'grthakur18', 'zousifanstarry', 'dipu3139', 'tifalord010', 'crce.8752.elec', 'kj0918']"
1,118,130,68,56,"['zalzikri', 'yewyung', 'adeebzikri0', 'syamil123', 'fidadzli', 'yusankoh', 'tangkityee', 'zamilmuazam98', 'xydemekiller08', 'iskandarsofian', 'nida20', 'tanyungwei', 'u2003919', 'shahrizan01', 'shihong5270', 'mfnizam27', 'yinyong0427', 'teh_mint12', 'irfanzahiran01', 'aliffizham', 'nuhaa426', 'harera', 'saiyedharith18', 'haziqian', '17202739nazif', 'tanchunwei8681', 'kw01', 'u2003882', 'thishen', 'u2003990', 'shameelhamid', 'leewenjun', 'um17206869', 'tzeron2210', 'yoanesyeo', 'chinkeatchew880', 'yungwei.tan', 'theezzy', 'khawlinkoon', 'bryanleong1126', 'aiman01', 'muhamadaiman17207593', 'ikramnasir7', 'u2003956', 'shafiq__', 'amirul', 'jaydenhon', 's2020494', 'aqbarshaiful', 'iron52bat', 'chiachenng123', 'nghaowei613', 'azimpaan', 'nanododo', 'renyi0912', 'kj0918']",74,"['jxuanchia', 'shaked.bar', 'abid01', 'renyic', 'yaelm', 'daniallo17', 'ronb4', 'koayzhengyin', 'brenneryaron', 'shirartzi00', 'a7med.dawoud', 'tifalord010', 'matityajohn', 'cristiano.urban.slack', 'u2003934', 'abrarhasin1010', 'kiranjot.kaur.3388', 'itaiben58', 'chiraghegde101', 'alonb96', 'mec2020012', 'luqmanhakim', 'abdelrahmanahmed780', 'kostac2980', 'refaey', 'k3850305', 'noakashkash', 'mohithanda026', 'weimingquah5', 'myson', 'arnab.mondal777', 'kl.chin0622', 'yj981016', 'jyotityagi142', 'rrr197197', 'student17202315', 'itaizilcha', 'tizianapirozzi', 'michael.hany.mofeed', 'hiirumi01', 'fmatlin1997', 'vijayabhasker111', 'pd0s__', 'crce.8752.elec', 'shezan', 'kiranjot2277', 'u2003966', 'mostafaaplanet', 'kailoom', 'aisyarazali82', 'ankanbis786', 'mark.ataev', 'khushbu.24347', 'kubisselman11', 'omarahmedgoda97', 'cristina95mo', 'crce.8545.elec', 'bly185', 'xiaoyu11', 'talhaim11', 'afiq010507', 'poke5917', 'faizyus07', 'liorisaad', 'butakimchi2021', 'azharali1616', 'niks10', 'beni1772', 'amitm', 'grthakur18', 'zousifanstarry', 'dipu3139', 'bornaobradovic', 'arunavignan4']",12,"['shenni', 's2031189', 'noelng0112', 'yijoelow', 'ain.tyra01', 'abdulhadi', 'zqchin26', 'wei622', 'ohwayrc', 'zuying1204', 'u2003884', 'aiman2001']",142,"['jxuanchia', 'yewyung', 'syamil123', 'renyic', 'daniallo17', 'ronb4', 'tangkityee', 'a7med.dawoud', 'iskandarsofian', 'shahrizan01', 'irfanzahiran01', 'luqmanhakim', 'nuhaa426', 'saiyedharith18', 'arnab.mondal777', 'kl.chin0622', 'tanchunwei8681', 'thishen', 'tzeron2210', 'pd0s__', 'ankanbis786', 'bryanleong1126', 'khushbu.24347', 'u2003956', 's2031189', 'xiaoyu11', 'aqbarshaiful', 'chiachenng123', 'faizyus07', 'liorisaad', 'zuying1204', 'amitm', 'wei622', 'aliffizham', 'zalzikri', 'abid01', 'yusankoh', 'shirartzi00', 'zamilmuazam98', 'xydemekiller08', 'abdulhadi', 'nida20', 'matityajohn', 'ain.tyra01', 'kiranjot.kaur.3388', 'noelng0112', 'noakashkash', 'myson', 'itaizilcha', 'ohwayrc', 'michael.hany.mofeed', 'hiirumi01', 'yoanesyeo', 'chinkeatchew880', 'omarahmedgoda97', 'cristina95mo', 'bly185', 'poke5917', 'azharali1616', 'azimpaan', 'renyi0912', 'adeebzikri0', 'shaked.bar', 'yaelm', 'koayzhengyin', 'fidadzli', 'yijoelow', 'cristiano.urban.slack', 'abrarhasin1010', 'mfnizam27', 'shihong5270', 'teh_mint12', 'itaiben58', 'chiraghegde101', 'alonb96', 'haziqian', 'kostac2980', 'k3850305', 'mohithanda026', 'rrr197197', 'zqchin26', 'kw01', 'tizianapirozzi', 'u2003990', 'fmatlin1997', 'leewenjun', 'shameelhamid', 'um17206869', 'kailoom', 'theezzy', 'aisyarazali82', 'kubisselman11', 'aiman01', 'muhamadaiman17207593', 'jaydenhon', 's2020494', 'afiq010507', 'iron52bat', 'butakimchi2021', 'nghaowei613', 'beni1772', 'nanododo', 'bornaobradovic', 'u2003884', 'arunavignan4', 'brenneryaron', 'tanyungwei', 'u2003919', 'u2003934', 'yinyong0427', 'mec2020012', 'shenni', 'abdelrahmanahmed780', 'harera', '17202739nazif', 'refaey', 'weimingquah5', 'yj981016', 'jyotityagi142', 'student17202315', 'u2003882', 'aiman2001', 'vijayabhasker111', 'shezan', 'kiranjot2277', 'u2003966', 'mostafaaplanet', 'yungwei.tan', 'khawlinkoon', 'mark.ataev', 'shafiq__', 'ikramnasir7', 'amirul', 'crce.8545.elec', 'talhaim11', 'niks10', 'grthakur18', 'zousifanstarry', 'dipu3139', 'tifalord010', 'crce.8752.elec', 'kj0918']"
1,232,130,16,4,"['cristina95mo', 'abdelrahmanahmed780', 'tifalord010', 'refaey']",126,"['jxuanchia', 'yewyung', 'syamil123', 'renyic', 'daniallo17', 'ronb4', 'tangkityee', 'a7med.dawoud', 'iskandarsofian', 'shahrizan01', 'irfanzahiran01', 'luqmanhakim', 'nuhaa426', 'saiyedharith18', 'arnab.mondal777', 'kl.chin0622', 'tanchunwei8681', 'thishen', 'tzeron2210', 'pd0s__', 'ankanbis786', 'bryanleong1126', 'khushbu.24347', 'u2003956', 'xiaoyu11', 'aqbarshaiful', 'chiachenng123', 'faizyus07', 'liorisaad', 'amitm', 'aliffizham', 'zalzikri', 'abid01', 'yusankoh', 'shirartzi00', 'zamilmuazam98', 'xydemekiller08', 'nida20', 'matityajohn', 'kiranjot.kaur.3388', 'noakashkash', 'myson', 'itaizilcha', 'michael.hany.mofeed', 'hiirumi01', 'yoanesyeo', 'chinkeatchew880', 'omarahmedgoda97', 'bly185', 'poke5917', 'azharali1616', 'azimpaan', 'renyi0912', 'adeebzikri0', 'shaked.bar', 'yaelm', 'koayzhengyin', 'fidadzli', 'cristiano.urban.slack', 'abrarhasin1010', 'mfnizam27', 'shihong5270', 'teh_mint12', 'itaiben58', 'chiraghegde101', 'alonb96', 'haziqian', 'kostac2980', 'k3850305', 'mohithanda026', 'rrr197197', 'kw01', 'tizianapirozzi', 'u2003990', 'fmatlin1997', 'leewenjun', 'shameelhamid', 'um17206869', 'kailoom', 'theezzy', 'aisyarazali82', 'kubisselman11', 'aiman01', 'muhamadaiman17207593', 'jaydenhon', 's2020494', 'afiq010507', 'iron52bat', 'butakimchi2021', 'nghaowei613', 'beni1772', 'nanododo', 'bornaobradovic', 'arunavignan4', 'brenneryaron', 'tanyungwei', 'u2003919', 'u2003934', 'yinyong0427', 'mec2020012', 'harera', '17202739nazif', 'weimingquah5', 'yj981016', 'jyotityagi142', 'student17202315', 'u2003882', 'vijayabhasker111', 'shezan', 'kiranjot2277', 'u2003966', 'mostafaaplanet', 'yungwei.tan', 'khawlinkoon', 'mark.ataev', 'shafiq__', 'ikramnasir7', 'amirul', 'crce.8545.elec', 'talhaim11', 'niks10', 'grthakur18', 'zousifanstarry', 'dipu3139', 'crce.8752.elec', 'kj0918']",12,"['abdelrahmanalaa333', 'luca.cappelletto.1', 'aisuluu', 'jh_nano', 'mohamed2050', 'maaroufmuhammad17', 'dinusha', 'billkiller6', 'abdulhadi', 'abobaker', 'aildefonso3', 'bhaskark.pg19.ec']",142,"['jxuanchia', 'yewyung', 'syamil123', 'renyic', 'daniallo17', 'ronb4', 'tangkityee', 'a7med.dawoud', 'iskandarsofian', 'shahrizan01', 'irfanzahiran01', 'luqmanhakim', 'nuhaa426', 'saiyedharith18', 'arnab.mondal777', 'kl.chin0622', 'tanchunwei8681', 'thishen', 'tzeron2210', 'pd0s__', 'ankanbis786', 'bryanleong1126', 'khushbu.24347', 'u2003956', 'abdelrahmanalaa333', 'xiaoyu11', 'aqbarshaiful', 'chiachenng123', 'faizyus07', 'liorisaad', 'amitm', 'aliffizham', 'zalzikri', 'abid01', 'yusankoh', 'shirartzi00', 'zamilmuazam98', 'xydemekiller08', 'abdulhadi', 'nida20', 'matityajohn', 'kiranjot.kaur.3388', 'noakashkash', 'myson', 'itaizilcha', 'michael.hany.mofeed', 'hiirumi01', 'yoanesyeo', 'chinkeatchew880', 'dinusha', 'omarahmedgoda97', 'cristina95mo', 'bly185', 'poke5917', 'azharali1616', 'azimpaan', 'renyi0912', 'adeebzikri0', 'shaked.bar', 'yaelm', 'koayzhengyin', 'fidadzli', 'cristiano.urban.slack', 'abrarhasin1010', 'mfnizam27', 'shihong5270', 'teh_mint12', 'itaiben58', 'chiraghegde101', 'alonb96', 'haziqian', 'kostac2980', 'aisuluu', 'jh_nano', 'k3850305', 'mohithanda026', 'rrr197197', 'kw01', 'tizianapirozzi', 'aildefonso3', 'u2003990', 'fmatlin1997', 'leewenjun', 'shameelhamid', 'um17206869', 'kailoom', 'theezzy', 'aisyarazali82', 'kubisselman11', 'aiman01', 'muhamadaiman17207593', 'jaydenhon', 's2020494', 'afiq010507', 'iron52bat', 'butakimchi2021', 'nghaowei613', 'beni1772', 'nanododo', 'bornaobradovic', 'bhaskark.pg19.ec', 'arunavignan4', 'luca.cappelletto.1', 'brenneryaron', 'tanyungwei', 'u2003919', 'u2003934', 'yinyong0427', 'mec2020012', 'abdelrahmanahmed780', 'harera', '17202739nazif', 'refaey', 'mohamed2050', 'weimingquah5', 'yj981016', 'jyotityagi142', 'maaroufmuhammad17', 'student17202315', 'abobaker', 'u2003882', 'vijayabhasker111', 'shezan', 'kiranjot2277', 'u2003966', 'mostafaaplanet', 'yungwei.tan', 'khawlinkoon', 'mark.ataev', 'billkiller6', 'shafiq__', 'ikramnasir7', 'amirul', 'crce.8545.elec', 'talhaim11', 'niks10', 'grthakur18', 'zousifanstarry', 'dipu3139', 'tifalord010', 'crce.8752.elec', 'kj0918']"
1,213,130,13,6,"['abdelrahmanahmed780', 'refaey', 'mostafaaplanet', 'a7med.dawoud', 'omarahmedgoda97', 'michael.hany.mofeed']",124,"['jxuanchia', 'yewyung', 'syamil123', 'renyic', 'daniallo17', 'ronb4', 'tangkityee', 'iskandarsofian', 'shahrizan01', 'irfanzahiran01', 'luqmanhakim', 'nuhaa426', 'saiyedharith18', 'arnab.mondal777', 'kl.chin0622', 'tanchunwei8681', 'thishen', 'tzeron2210', 'pd0s__', 'ankanbis786', 'bryanleong1126', 'khushbu.24347', 'u2003956', 'xiaoyu11', 'aqbarshaiful', 'chiachenng123', 'faizyus07', 'liorisaad', 'amitm', 'aliffizham', 'zalzikri', 'abid01', 'yusankoh', 'shirartzi00', 'zamilmuazam98', 'xydemekiller08', 'nida20', 'matityajohn', 'kiranjot.kaur.3388', 'noakashkash', 'myson', 'itaizilcha', 'hiirumi01', 'yoanesyeo', 'chinkeatchew880', 'cristina95mo', 'bly185', 'poke5917', 'azharali1616', 'azimpaan', 'renyi0912', 'adeebzikri0', 'shaked.bar', 'yaelm', 'koayzhengyin', 'fidadzli', 'cristiano.urban.slack', 'abrarhasin1010', 'mfnizam27', 'shihong5270', 'teh_mint12', 'itaiben58', 'chiraghegde101', 'alonb96', 'haziqian', 'kostac2980', 'k3850305', 'mohithanda026', 'rrr197197', 'kw01', 'tizianapirozzi', 'u2003990', 'fmatlin1997', 'leewenjun', 'shameelhamid', 'um17206869', 'kailoom', 'theezzy', 'aisyarazali82', 'kubisselman11', 'aiman01', 'muhamadaiman17207593', 'jaydenhon', 's2020494', 'afiq010507', 'iron52bat', 'butakimchi2021', 'nghaowei613', 'beni1772', 'nanododo', 'bornaobradovic', 'arunavignan4', 'brenneryaron', 'tanyungwei', 'u2003919', 'u2003934', 'yinyong0427', 'mec2020012', 'harera', '17202739nazif', 'weimingquah5', 'yj981016', 'jyotityagi142', 'student17202315', 'u2003882', 'vijayabhasker111', 'shezan', 'kiranjot2277', 'u2003966', 'yungwei.tan', 'khawlinkoon', 'mark.ataev', 'shafiq__', 'ikramnasir7', 'amirul', 'crce.8545.elec', 'talhaim11', 'niks10', 'grthakur18', 'zousifanstarry', 'dipu3139', 'tifalord010', 'crce.8752.elec', 'kj0918']",7,"['abdelrahmanalaa333', 'ahmed176877', 'saramohamed571', 'abdel_hameed_hashem97', 'ahmedibrahim', 'abobaker', 'farah171125']",137,"['jxuanchia', 'yewyung', 'syamil123', 'renyic', 'daniallo17', 'ronb4', 'tangkityee', 'a7med.dawoud', 'iskandarsofian', 'shahrizan01', 'irfanzahiran01', 'luqmanhakim', 'nuhaa426', 'saiyedharith18', 'arnab.mondal777', 'kl.chin0622', 'tanchunwei8681', 'thishen', 'farah171125', 'tzeron2210', 'pd0s__', 'ankanbis786', 'bryanleong1126', 'khushbu.24347', 'u2003956', 'abdelrahmanalaa333', 'ahmed176877', 'xiaoyu11', 'aqbarshaiful', 'chiachenng123', 'faizyus07', 'liorisaad', 'amitm', 'aliffizham', 'zalzikri', 'abid01', 'yusankoh', 'shirartzi00', 'zamilmuazam98', 'xydemekiller08', 'nida20', 'matityajohn', 'kiranjot.kaur.3388', 'noakashkash', 'myson', 'itaizilcha', 'michael.hany.mofeed', 'hiirumi01', 'yoanesyeo', 'chinkeatchew880', 'ahmedibrahim', 'omarahmedgoda97', 'cristina95mo', 'bly185', 'poke5917', 'azharali1616', 'azimpaan', 'renyi0912', 'adeebzikri0', 'shaked.bar', 'yaelm', 'koayzhengyin', 'fidadzli', 'cristiano.urban.slack', 'abrarhasin1010', 'mfnizam27', 'shihong5270', 'teh_mint12', 'itaiben58', 'chiraghegde101', 'alonb96', 'haziqian', 'kostac2980', 'k3850305', 'saramohamed571', 'mohithanda026', 'rrr197197', 'kw01', 'tizianapirozzi', 'u2003990', 'fmatlin1997', 'leewenjun', 'shameelhamid', 'um17206869', 'kailoom', 'theezzy', 'aisyarazali82', 'kubisselman11', 'aiman01', 'muhamadaiman17207593', 'jaydenhon', 's2020494', 'afiq010507', 'iron52bat', 'butakimchi2021', 'nghaowei613', 'beni1772', 'nanododo', 'bornaobradovic', 'arunavignan4', 'brenneryaron', 'tanyungwei', 'u2003919', 'u2003934', 'yinyong0427', 'mec2020012', 'abdelrahmanahmed780', 'harera', '17202739nazif', 'refaey', 'weimingquah5', 'yj981016', 'jyotityagi142', 'abdel_hameed_hashem97', 'student17202315', 'abobaker', 'u2003882', 'vijayabhasker111', 'shezan', 'kiranjot2277', 'u2003966', 'mostafaaplanet', 'yungwei.tan', 'khawlinkoon', 'mark.ataev', 'shafiq__', 'ikramnasir7', 'amirul', 'crce.8545.elec', 'talhaim11', 'niks10', 'grthakur18', 'zousifanstarry', 'dipu3139', 'tifalord010', 'crce.8752.elec', 'kj0918']"
1,115,130,11,2,"['niks10', 'talhaim11']",128,"['jxuanchia', 'yewyung', 'syamil123', 'renyic', 'daniallo17', 'ronb4', 'tangkityee', 'a7med.dawoud', 'iskandarsofian', 'shahrizan01', 'irfanzahiran01', 'luqmanhakim', 'nuhaa426', 'saiyedharith18', 'arnab.mondal777', 'kl.chin0622', 'tanchunwei8681', 'thishen', 'tzeron2210', 'pd0s__', 'ankanbis786', 'bryanleong1126', 'khushbu.24347', 'u2003956', 'xiaoyu11', 'aqbarshaiful', 'chiachenng123', 'faizyus07', 'liorisaad', 'amitm', 'aliffizham', 'zalzikri', 'abid01', 'yusankoh', 'shirartzi00', 'zamilmuazam98', 'xydemekiller08', 'nida20', 'matityajohn', 'kiranjot.kaur.3388', 'noakashkash', 'myson', 'itaizilcha', 'michael.hany.mofeed', 'hiirumi01', 'yoanesyeo', 'chinkeatchew880', 'omarahmedgoda97', 'cristina95mo', 'bly185', 'poke5917', 'azharali1616', 'azimpaan', 'renyi0912', 'adeebzikri0', 'shaked.bar', 'yaelm', 'koayzhengyin', 'fidadzli', 'cristiano.urban.slack', 'abrarhasin1010', 'mfnizam27', 'shihong5270', 'teh_mint12', 'itaiben58', 'chiraghegde101', 'alonb96', 'haziqian', 'kostac2980', 'k3850305', 'mohithanda026', 'rrr197197', 'kw01', 'tizianapirozzi', 'u2003990', 'fmatlin1997', 'leewenjun', 'shameelhamid', 'um17206869', 'kailoom', 'theezzy', 'aisyarazali82', 'kubisselman11', 'aiman01', 'muhamadaiman17207593', 'jaydenhon', 's2020494', 'afiq010507', 'iron52bat', 'butakimchi2021', 'nghaowei613', 'beni1772', 'nanododo', 'bornaobradovic', 'arunavignan4', 'brenneryaron', 'tanyungwei', 'u2003919', 'u2003934', 'yinyong0427', 'mec2020012', 'abdelrahmanahmed780', 'harera', '17202739nazif', 'refaey', 'weimingquah5', 'yj981016', 'jyotityagi142', 'student17202315', 'u2003882', 'vijayabhasker111', 'shezan', 'kiranjot2277', 'u2003966', 'mostafaaplanet', 'yungwei.tan', 'khawlinkoon', 'mark.ataev', 'shafiq__', 'ikramnasir7', 'amirul', 'crce.8545.elec', 'grthakur18', 'zousifanstarry', 'dipu3139', 'tifalord010', 'crce.8752.elec', 'kj0918']",9,"['lshliom79', 'lihigold67', 'k.sem1996', 'orelhuta', 'nadavgvili22', 'michal.balberg', 'vano4411', 'avi.shkef', 'amitsh']",139,"['jxuanchia', 'yewyung', 'syamil123', 'renyic', 'daniallo17', 'ronb4', 'tangkityee', 'a7med.dawoud', 'iskandarsofian', 'shahrizan01', 'irfanzahiran01', 'luqmanhakim', 'nuhaa426', 'saiyedharith18', 'arnab.mondal777', 'kl.chin0622', 'tanchunwei8681', 'thishen', 'lshliom79', 'k.sem1996', 'tzeron2210', 'pd0s__', 'ankanbis786', 'bryanleong1126', 'khushbu.24347', 'vano4411', 'u2003956', 'xiaoyu11', 'aqbarshaiful', 'chiachenng123', 'faizyus07', 'liorisaad', 'amitm', 'amitsh', 'aliffizham', 'zalzikri', 'abid01', 'yusankoh', 'shirartzi00', 'zamilmuazam98', 'xydemekiller08', 'nida20', 'matityajohn', 'kiranjot.kaur.3388', 'noakashkash', 'myson', 'itaizilcha', 'michael.hany.mofeed', 'hiirumi01', 'yoanesyeo', 'michal.balberg', 'chinkeatchew880', 'omarahmedgoda97', 'cristina95mo', 'bly185', 'nadavgvili22', 'poke5917', 'azharali1616', 'azimpaan', 'renyi0912', 'avi.shkef', 'lihigold67', 'adeebzikri0', 'shaked.bar', 'yaelm', 'koayzhengyin', 'fidadzli', 'cristiano.urban.slack', 'abrarhasin1010', 'mfnizam27', 'shihong5270', 'teh_mint12', 'itaiben58', 'chiraghegde101', 'alonb96', 'haziqian', 'kostac2980', 'k3850305', 'mohithanda026', 'rrr197197', 'kw01', 'tizianapirozzi', 'u2003990', 'fmatlin1997', 'leewenjun', 'shameelhamid', 'um17206869', 'kailoom', 'theezzy', 'aisyarazali82', 'kubisselman11', 'aiman01', 'muhamadaiman17207593', 'jaydenhon', 's2020494', 'afiq010507', 'iron52bat', 'butakimchi2021', 'nghaowei613', 'beni1772', 'nanododo', 'bornaobradovic', 'arunavignan4', 'orelhuta', 'brenneryaron', 'tanyungwei', 'u2003919', 'u2003934', 'yinyong0427', 'mec2020012', 'abdelrahmanahmed780', 'harera', '17202739nazif', 'refaey', 'weimingquah5', 'yj981016', 'jyotityagi142', 'student17202315', 'u2003882', 'vijayabhasker111', 'shezan', 'kiranjot2277', 'u2003966', 'mostafaaplanet', 'yungwei.tan', 'khawlinkoon', 'mark.ataev', 'shafiq__', 'ikramnasir7', 'amirul', 'crce.8545.elec', 'talhaim11', 'niks10', 'grthakur18', 'zousifanstarry', 'dipu3139', 'tifalord010', 'crce.8752.elec', 'kj0918']"
1,231,130,11,10,"['shaked.bar', 'kostac2980', 'yaelm', 'ronb4', 'brenneryaron', 'shirartzi00', 'liorisaad', 'matityajohn', 'amitm', 'alonb96']",120,"['jxuanchia', 'yewyung', 'syamil123', 'renyic', 'daniallo17', 'tangkityee', 'a7med.dawoud', 'iskandarsofian', 'shahrizan01', 'irfanzahiran01', 'luqmanhakim', 'nuhaa426', 'saiyedharith18', 'arnab.mondal777', 'kl.chin0622', 'tanchunwei8681', 'thishen', 'tzeron2210', 'pd0s__', 'ankanbis786', 'bryanleong1126', 'khushbu.24347', 'u2003956', 'xiaoyu11', 'aqbarshaiful', 'chiachenng123', 'faizyus07', 'aliffizham', 'zalzikri', 'abid01', 'yusankoh', 'zamilmuazam98', 'xydemekiller08', 'nida20', 'kiranjot.kaur.3388', 'noakashkash', 'myson', 'itaizilcha', 'michael.hany.mofeed', 'hiirumi01', 'yoanesyeo', 'chinkeatchew880', 'omarahmedgoda97', 'cristina95mo', 'bly185', 'poke5917', 'azharali1616', 'azimpaan', 'renyi0912', 'adeebzikri0', 'koayzhengyin', 'fidadzli', 'cristiano.urban.slack', 'abrarhasin1010', 'mfnizam27', 'shihong5270', 'teh_mint12', 'itaiben58', 'chiraghegde101', 'haziqian', 'k3850305', 'mohithanda026', 'rrr197197', 'kw01', 'tizianapirozzi', 'u2003990', 'fmatlin1997', 'leewenjun', 'shameelhamid', 'um17206869', 'kailoom', 'theezzy', 'aisyarazali82', 'kubisselman11', 'aiman01', 'muhamadaiman17207593', 'jaydenhon', 's2020494', 'afiq010507', 'iron52bat', 'butakimchi2021', 'nghaowei613', 'beni1772', 'nanododo', 'bornaobradovic', 'arunavignan4', 'tanyungwei', 'u2003919', 'u2003934', 'yinyong0427', 'mec2020012', 'abdelrahmanahmed780', 'harera', '17202739nazif', 'refaey', 'weimingquah5', 'yj981016', 'jyotityagi142', 'student17202315', 'u2003882', 'vijayabhasker111', 'shezan', 'kiranjot2277', 'u2003966', 'mostafaaplanet', 'yungwei.tan', 'khawlinkoon', 'mark.ataev', 'shafiq__', 'ikramnasir7', 'amirul', 'crce.8545.elec', 'talhaim11', 'niks10', 'grthakur18', 'zousifanstarry', 'dipu3139', 'tifalord010', 'crce.8752.elec', 'kj0918']",1,['amitsh'],131,"['jxuanchia', 'yewyung', 'syamil123', 'renyic', 'daniallo17', 'ronb4', 'tangkityee', 'a7med.dawoud', 'iskandarsofian', 'shahrizan01', 'irfanzahiran01', 'luqmanhakim', 'nuhaa426', 'saiyedharith18', 'arnab.mondal777', 'kl.chin0622', 'tanchunwei8681', 'thishen', 'tzeron2210', 'pd0s__', 'ankanbis786', 'bryanleong1126', 'khushbu.24347', 'u2003956', 'xiaoyu11', 'aqbarshaiful', 'chiachenng123', 'faizyus07', 'liorisaad', 'amitm', 'amitsh', 'aliffizham', 'zalzikri', 'abid01', 'yusankoh', 'shirartzi00', 'zamilmuazam98', 'xydemekiller08', 'nida20', 'matityajohn', 'kiranjot.kaur.3388', 'noakashkash', 'myson', 'itaizilcha', 'michael.hany.mofeed', 'hiirumi01', 'yoanesyeo', 'chinkeatchew880', 'omarahmedgoda97', 'cristina95mo', 'bly185', 'poke5917', 'azharali1616', 'azimpaan', 'renyi0912', 'adeebzikri0', 'shaked.bar', 'yaelm', 'koayzhengyin', 'fidadzli', 'cristiano.urban.slack', 'abrarhasin1010', 'mfnizam27', 'shihong5270', 'teh_mint12', 'itaiben58', 'chiraghegde101', 'alonb96', 'haziqian', 'kostac2980', 'k3850305', 'mohithanda026', 'rrr197197', 'kw01', 'tizianapirozzi', 'u2003990', 'fmatlin1997', 'leewenjun', 'shameelhamid', 'um17206869', 'kailoom', 'theezzy', 'aisyarazali82', 'kubisselman11', 'aiman01', 'muhamadaiman17207593', 'jaydenhon', 's2020494', 'afiq010507', 'iron52bat', 'butakimchi2021', 'nghaowei613', 'beni1772', 'nanododo', 'bornaobradovic', 'arunavignan4', 'brenneryaron', 'tanyungwei', 'u2003919', 'u2003934', 'yinyong0427', 'mec2020012', 'abdelrahmanahmed780', 'harera', '17202739nazif', 'refaey', 'weimingquah5', 'yj981016', 'jyotityagi142', 'student17202315', 'u2003882', 'vijayabhasker111', 'shezan', 'kiranjot2277', 'u2003966', 'mostafaaplanet', 'yungwei.tan', 'khawlinkoon', 'mark.ataev', 'shafiq__', 'ikramnasir7', 'amirul', 'crce.8545.elec', 'talhaim11', 'niks10', 'grthakur18', 'zousifanstarry', 'dipu3139', 'tifalord010', 'crce.8752.elec', 'kj0918']"
1,117,130,7,2,"['tanchunwei8681', 'kj0918']",128,"['jxuanchia', 'yewyung', 'syamil123', 'renyic', 'daniallo17', 'ronb4', 'tangkityee', 'a7med.dawoud', 'iskandarsofian', 'shahrizan01', 'irfanzahiran01', 'luqmanhakim', 'nuhaa426', 'saiyedharith18', 'arnab.mondal777', 'kl.chin0622', 'thishen', 'tzeron2210', 'pd0s__', 'ankanbis786', 'bryanleong1126', 'khushbu.24347', 'u2003956', 'xiaoyu11', 'aqbarshaiful', 'chiachenng123', 'faizyus07', 'liorisaad', 'amitm', 'aliffizham', 'zalzikri', 'abid01', 'yusankoh', 'shirartzi00', 'zamilmuazam98', 'xydemekiller08', 'nida20', 'matityajohn', 'kiranjot.kaur.3388', 'noakashkash', 'myson', 'itaizilcha', 'michael.hany.mofeed', 'hiirumi01', 'yoanesyeo', 'chinkeatchew880', 'omarahmedgoda97', 'cristina95mo', 'bly185', 'poke5917', 'azharali1616', 'azimpaan', 'renyi0912', 'adeebzikri0', 'shaked.bar', 'yaelm', 'koayzhengyin', 'fidadzli', 'cristiano.urban.slack', 'abrarhasin1010', 'mfnizam27', 'shihong5270', 'teh_mint12', 'itaiben58', 'chiraghegde101', 'alonb96', 'haziqian', 'kostac2980', 'k3850305', 'mohithanda026', 'rrr197197', 'kw01', 'tizianapirozzi', 'u2003990', 'fmatlin1997', 'leewenjun', 'shameelhamid', 'um17206869', 'kailoom', 'theezzy', 'aisyarazali82', 'kubisselman11', 'aiman01', 'muhamadaiman17207593', 'jaydenhon', 's2020494', 'afiq010507', 'iron52bat', 'butakimchi2021', 'nghaowei613', 'beni1772', 'nanododo', 'bornaobradovic', 'arunavignan4', 'brenneryaron', 'tanyungwei', 'u2003919', 'u2003934', 'yinyong0427', 'mec2020012', 'abdelrahmanahmed780', 'harera', '17202739nazif', 'refaey', 'weimingquah5', 'yj981016', 'jyotityagi142', 'student17202315', 'u2003882', 'vijayabhasker111', 'shezan', 'kiranjot2277', 'u2003966', 'mostafaaplanet', 'yungwei.tan', 'khawlinkoon', 'mark.ataev', 'shafiq__', 'ikramnasir7', 'amirul', 'crce.8545.elec', 'talhaim11', 'niks10', 'grthakur18', 'zousifanstarry', 'dipu3139', 'tifalord010', 'crce.8752.elec']",5,"['s2031189', 'noelng0112', 'yijoelow', 'zuying1204', 'u2003884']",135,"['jxuanchia', 'yewyung', 'syamil123', 'renyic', 'daniallo17', 'ronb4', 'tangkityee', 'a7med.dawoud', 'iskandarsofian', 'shahrizan01', 'irfanzahiran01', 'luqmanhakim', 'nuhaa426', 'saiyedharith18', 'arnab.mondal777', 'kl.chin0622', 'tanchunwei8681', 'thishen', 'tzeron2210', 'pd0s__', 'ankanbis786', 'bryanleong1126', 'khushbu.24347', 'u2003956', 's2031189', 'xiaoyu11', 'aqbarshaiful', 'chiachenng123', 'faizyus07', 'liorisaad', 'zuying1204', 'amitm', 'aliffizham', 'zalzikri', 'abid01', 'yusankoh', 'shirartzi00', 'zamilmuazam98', 'xydemekiller08', 'nida20', 'matityajohn', 'kiranjot.kaur.3388', 'noelng0112', 'noakashkash', 'myson', 'itaizilcha', 'michael.hany.mofeed', 'hiirumi01', 'yoanesyeo', 'chinkeatchew880', 'omarahmedgoda97', 'cristina95mo', 'bly185', 'poke5917', 'azharali1616', 'azimpaan', 'renyi0912', 'adeebzikri0', 'shaked.bar', 'yaelm', 'koayzhengyin', 'fidadzli', 'yijoelow', 'cristiano.urban.slack', 'abrarhasin1010', 'mfnizam27', 'shihong5270', 'teh_mint12', 'itaiben58', 'chiraghegde101', 'alonb96', 'haziqian', 'kostac2980', 'k3850305', 'mohithanda026', 'rrr197197', 'kw01', 'tizianapirozzi', 'u2003990', 'fmatlin1997', 'leewenjun', 'shameelhamid', 'um17206869', 'kailoom', 'theezzy', 'aisyarazali82', 'kubisselman11', 'aiman01', 'muhamadaiman17207593', 'jaydenhon', 's2020494', 'afiq010507', 'iron52bat', 'butakimchi2021', 'nghaowei613', 'beni1772', 'nanododo', 'bornaobradovic', 'u2003884', 'arunavignan4', 'brenneryaron', 'tanyungwei', 'u2003919', 'u2003934', 'yinyong0427', 'mec2020012', 'abdelrahmanahmed780', 'harera', '17202739nazif', 'refaey', 'weimingquah5', 'yj981016', 'jyotityagi142', 'student17202315', 'u2003882', 'vijayabhasker111', 'shezan', 'kiranjot2277', 'u2003966', 'mostafaaplanet', 'yungwei.tan', 'khawlinkoon', 'mark.ataev', 'shafiq__', 'ikramnasir7', 'amirul', 'crce.8545.elec', 'talhaim11', 'niks10', 'grthakur18', 'zousifanstarry', 'dipu3139', 'tifalord010', 'crce.8752.elec', 'kj0918']"
1,27,130,5,1,['bly185'],129,"['jxuanchia', 'yewyung', 'syamil123', 'renyic', 'daniallo17', 'ronb4', 'tangkityee', 'a7med.dawoud', 'iskandarsofian', 'shahrizan01', 'irfanzahiran01', 'luqmanhakim', 'nuhaa426', 'saiyedharith18', 'arnab.mondal777', 'kl.chin0622', 'tanchunwei8681', 'thishen', 'tzeron2210', 'pd0s__', 'ankanbis786', 'bryanleong1126', 'khushbu.24347', 'u2003956', 'xiaoyu11', 'aqbarshaiful', 'chiachenng123', 'faizyus07', 'liorisaad', 'amitm', 'aliffizham', 'zalzikri', 'abid01', 'yusankoh', 'shirartzi00', 'zamilmuazam98', 'xydemekiller08', 'nida20', 'matityajohn', 'kiranjot.kaur.3388', 'noakashkash', 'myson', 'itaizilcha', 'michael.hany.mofeed', 'hiirumi01', 'yoanesyeo', 'chinkeatchew880', 'omarahmedgoda97', 'cristina95mo', 'poke5917', 'azharali1616', 'azimpaan', 'renyi0912', 'adeebzikri0', 'shaked.bar', 'yaelm', 'koayzhengyin', 'fidadzli', 'cristiano.urban.slack', 'abrarhasin1010', 'mfnizam27', 'shihong5270', 'teh_mint12', 'itaiben58', 'chiraghegde101', 'alonb96', 'haziqian', 'kostac2980', 'k3850305', 'mohithanda026', 'rrr197197', 'kw01', 'tizianapirozzi', 'u2003990', 'fmatlin1997', 'leewenjun', 'shameelhamid', 'um17206869', 'kailoom', 'theezzy', 'aisyarazali82', 'kubisselman11', 'aiman01', 'muhamadaiman17207593', 'jaydenhon', 's2020494', 'afiq010507', 'iron52bat', 'butakimchi2021', 'nghaowei613', 'beni1772', 'nanododo', 'bornaobradovic', 'arunavignan4', 'brenneryaron', 'tanyungwei', 'u2003919', 'u2003934', 'yinyong0427', 'mec2020012', 'abdelrahmanahmed780', 'harera', '17202739nazif', 'refaey', 'weimingquah5', 'yj981016', 'jyotityagi142', 'student17202315', 'u2003882', 'vijayabhasker111', 'shezan', 'kiranjot2277', 'u2003966', 'mostafaaplanet', 'yungwei.tan', 'khawlinkoon', 'mark.ataev', 'shafiq__', 'ikramnasir7', 'amirul', 'crce.8545.elec', 'talhaim11', 'niks10', 'grthakur18', 'zousifanstarry', 'dipu3139', 'tifalord010', 'crce.8752.elec', 'kj0918']",4,"['davidgmcintosh', 'ssmith3', 'hpd723g', 'jessfish']",134,"['jxuanchia', 'yewyung', 'syamil123', 'renyic', 'daniallo17', 'ronb4', 'tangkityee', 'a7med.dawoud', 'iskandarsofian', 'shahrizan01', 'irfanzahiran01', 'luqmanhakim', 'nuhaa426', 'saiyedharith18', 'arnab.mondal777', 'kl.chin0622', 'tanchunwei8681', 'thishen', 'tzeron2210', 'pd0s__', 'ankanbis786', 'bryanleong1126', 'khushbu.24347', 'u2003956', 'xiaoyu11', 'aqbarshaiful', 'chiachenng123', 'faizyus07', 'liorisaad', 'amitm', 'aliffizham', 'zalzikri', 'abid01', 'yusankoh', 'shirartzi00', 'zamilmuazam98', 'xydemekiller08', 'nida20', 'matityajohn', 'kiranjot.kaur.3388', 'noakashkash', 'myson', 'itaizilcha', 'michael.hany.mofeed', 'hiirumi01', 'yoanesyeo', 'chinkeatchew880', 'omarahmedgoda97', 'cristina95mo', 'bly185', 'poke5917', 'ssmith3', 'azharali1616', 'azimpaan', 'renyi0912', 'adeebzikri0', 'shaked.bar', 'yaelm', 'koayzhengyin', 'fidadzli', 'cristiano.urban.slack', 'abrarhasin1010', 'mfnizam27', 'shihong5270', 'teh_mint12', 'itaiben58', 'chiraghegde101', 'alonb96', 'haziqian', 'kostac2980', 'k3850305', 'mohithanda026', 'rrr197197', 'kw01', 'tizianapirozzi', 'u2003990', 'fmatlin1997', 'leewenjun', 'shameelhamid', 'um17206869', 'kailoom', 'theezzy', 'aisyarazali82', 'kubisselman11', 'aiman01', 'muhamadaiman17207593', 'davidgmcintosh', 'jaydenhon', 's2020494', 'afiq010507', 'iron52bat', 'butakimchi2021', 'nghaowei613', 'beni1772', 'nanododo', 'bornaobradovic', 'arunavignan4', 'brenneryaron', 'hpd723g', 'tanyungwei', 'u2003919', 'u2003934', 'yinyong0427', 'mec2020012', 'abdelrahmanahmed780', 'harera', '17202739nazif', 'refaey', 'weimingquah5', 'yj981016', 'jyotityagi142', 'student17202315', 'u2003882', 'vijayabhasker111', 'shezan', 'kiranjot2277', 'u2003966', 'mostafaaplanet', 'yungwei.tan', 'khawlinkoon', 'mark.ataev', 'jessfish', 'shafiq__', 'ikramnasir7', 'amirul', 'crce.8545.elec', 'talhaim11', 'niks10', 'grthakur18', 'zousifanstarry', 'dipu3139', 'tifalord010', 'crce.8752.elec', 'kj0918']"
2,259,123,103,95,"['cristinaa_gh', 'guillehermoso', 'javigarrido.98', 'isabelpascual', 'albertodelmv', 'pacomorales', 'juanrocruz', 'clarasansau', 'ivancamacho4', 'e.pgosorio', 'mparody', 'mcbsam', 'mariadelmarsanchez', 'alsasa', 'pablogarra', 'juninhojuan2499', 'alejandroborj', 'juangoye', 'pablovela', 'e.jorgetg', 'claracd', 'lydiam', 'davidsanserra', 'luciazapata', 'e.josemanuelrxg', 'javihjhj92', 'roasdgo', 'ramoro10', 'rubenvv', 'miguel_jimort', 'fjr', 'arturosirvent', 'joselux', 'e.estelacalaforra', 'delgado.espinosa.sara', 'conrado', 'marcoss1', 'e.javipostigo99', 'josemarivm', 'byrey2', 'jorgecaba2000', 'juanzim', 'e.juangarcas', 'carmenarias', 'cobos', 'sopa_de_sobre', 'e.franfer99', 'setarcos', 'f.morontam', 'azzorini', 'alvaroluque', 'folgoso', 'rubengijon', 'safaa261298', 'e.francollado', 'e.santaella99', 'yakoirusta', 'martalanzac', 'e.sanmillandp', 'david1998', 'duenas5a', 'josemi', 'gtorresrios', 'guerreroalonso', 'aliciaroblesp', 'e.rgeo', 'carnage', 'kevin28', 'gaasll', 'nilsvanesostos899', 'edumontes_98', 'jose.lop.mol98', 'belenalvmon', 'evajimenez', 'javiubago', 'hannan', 'marinalc7', 'josealbertoap98', 'e.teresalc13', 'jaimecanovas9', 'p3drillo', 'e.javihjhj92', 'ivancamacho4a', 'jesusgarsan', 'enriquearroyo', 'pradosabad', 'e.jaimecanovas', 'fidelmuriel', 'santiagocw98', 'sanchezbarranquero', 'auberonlc', 'danivisa101', 'hugo512', 'guillermohc1998', 'e.myeste']",28,"['jmorenov', 'migueggalan', 'danitlo115', 'e.silviagarcia12', 'lalaugoms', 'luimanesp', 'e.juanantonio1', 'fransanfru', 'alexhernandez790', 'luciazapataechevarne', 'anabel_romero', 'miggalben', 'e.juliavifi', 'tomaseisman', 'monicatdm', 'josett', 'e.nereyda', 'a.cazorla', 'anaya.mailk860773', 'javibolanos', 'beacasasola1', 'jose99os', 'german7', 'mich_loiz', 'ursulacs', 'simonbonnal', 'samialsmadisegovia1', 'davidjosegg']",8,"['salva_ugr_fisica', 'marinacardenas', 'wignerpeckart99', 'e.guerrerosamu', 'fmgomez', 'sergiopozuelom', 'e.jjfm04', 'javilunaquesada']",131,"['cristinaa_gh', 'guillehermoso', 'javigarrido.98', 'isabelpascual', 'pacomorales', 'albertodelmv', 'juanrocruz', 'clarasansau', 'ivancamacho4', 'e.pgosorio', 'mparody', 'mcbsam', 'luciazapataechevarne', 'mariadelmarsanchez', 'miggalben', 'alsasa', 'e.jjfm04', 'pablogarra', 'juninhojuan2499', 'alejandroborj', 'juangoye', 'pablovela', 'fmgomez', 'claracd', 'e.jorgetg', 'lydiam', 'javibolanos', 'beacasasola1', 'jose99os', 'davidsanserra', 'luciazapata', 'davidjosegg', 'e.josemanuelrxg', 'migueggalan', 'javihjhj92', 'roasdgo', 'ramoro10', 'e.juanantonio1', 'rubenvv', 'miguel_jimort', 'fjr', 'arturosirvent', 'marinacardenas', 'anabel_romero', 'joselux', 'e.estelacalaforra', 'delgado.espinosa.sara', 'conrado', 'josett', 'marcoss1', 'e.javipostigo99', 'josemarivm', 'byrey2', 'wignerpeckart99', 'jorgecaba2000', 'juanzim', 'e.juangarcas', 'carmenarias', 'anaya.mailk860773', 'cobos', 'sopa_de_sobre', 'e.franfer99', 'german7', 'setarcos', 'sergiopozuelom', 'jmorenov', 'azzorini', 'alvaroluque', 'f.morontam', 'salva_ugr_fisica', 'folgoso', 'fransanfru', 'javilunaquesada', 'safaa261298', 'rubengijon', 'e.francollado', 'e.santaella99', 'yakoirusta', 'martalanzac', 'e.sanmillandp', 'david1998', 'duenas5a', 'monicatdm', 'josemi', 'gtorresrios', 'guerreroalonso', 'aliciaroblesp', 'e.rgeo', 'carnage', 'kevin28', 'gaasll', 'nilsvanesostos899', 'edumontes_98', 'ursulacs', 'simonbonnal', 'jose.lop.mol98', 'danitlo115', 'e.silviagarcia12', 'e.guerrerosamu', 'belenalvmon', 'lalaugoms', 'luimanesp', 'evajimenez', 'javiubago', 'hannan', 'marinalc7', 'alexhernandez790', 'josealbertoap98', 'e.teresalc13', 'jaimecanovas9', 'e.juliavifi', 'p3drillo', 'tomaseisman', 'e.javihjhj92', 'ivancamacho4a', 'jesusgarsan', 'e.nereyda', 'a.cazorla', 'enriquearroyo', 'pradosabad', 'e.jaimecanovas', 'fidelmuriel', 'santiagocw98', 'sanchezbarranquero', 'auberonlc', 'mich_loiz', 'danivisa101', 'guillermohc1998', 'hugo512', 'samialsmadisegovia1', 'e.myeste']"
2,260,123,42,38,"['danitlo115', 'ramoro10', 'e.silviagarcia12', 'lalaugoms', 'folgoso', 'albertodelmv', 'belenalvmon', 'fransanfru', 'yakoirusta', 'luciazapataechevarne', 'mariadelmarsanchez', 'jaimecanovas9', 'miggalben', 'p3drillo', 'e.estelacalaforra', 'delgado.espinosa.sara', 'ivancamacho4a', 'josett', 'alejandroborj', 'a.cazorla', 'e.javipostigo99', 'josemarivm', 'aliciaroblesp', 'e.juangarcas', 'e.jorgetg', 'fidelmuriel', 'lydiam', 'sopa_de_sobre', 'javibolanos', 'kevin28', 'santiagocw98', 'beacasasola1', 'danivisa101', 'ursulacs', 'simonbonnal', 'samialsmadisegovia1', 'luciazapata', 'davidjosegg']",85,"['cristinaa_gh', 'guillehermoso', 'javigarrido.98', 'isabelpascual', 'pacomorales', 'juanrocruz', 'clarasansau', 'ivancamacho4', 'e.pgosorio', 'mparody', 'mcbsam', 'alsasa', 'pablogarra', 'juninhojuan2499', 'juangoye', 'pablovela', 'claracd', 'jose99os', 'davidsanserra', 'e.josemanuelrxg', 'migueggalan', 'javihjhj92', 'roasdgo', 'e.juanantonio1', 'rubenvv', 'miguel_jimort', 'fjr', 'arturosirvent', 'anabel_romero', 'joselux', 'conrado', 'marcoss1', 'byrey2', 'jorgecaba2000', 'juanzim', 'carmenarias', 'anaya.mailk860773', 'cobos', 'e.franfer99', 'german7', 'setarcos', 'jmorenov', 'azzorini', 'alvaroluque', 'f.morontam', 'safaa261298', 'rubengijon', 'e.francollado', 'e.santaella99', 'martalanzac', 'e.sanmillandp', 'david1998', 'duenas5a', 'monicatdm', 'josemi', 'gtorresrios', 'guerreroalonso', 'e.rgeo', 'carnage', 'gaasll', 'nilsvanesostos899', 'edumontes_98', 'jose.lop.mol98', 'luimanesp', 'evajimenez', 'javiubago', 'hannan', 'marinalc7', 'alexhernandez790', 'josealbertoap98', 'e.teresalc13', 'e.juliavifi', 'tomaseisman', 'e.javihjhj92', 'jesusgarsan', 'e.nereyda', 'enriquearroyo', 'pradosabad', 'e.jaimecanovas', 'sanchezbarranquero', 'auberonlc', 'mich_loiz', 'guillermohc1998', 'hugo512', 'e.myeste']",4,"['saullopez', 'franciscomontiel1998', 'e.jjfm04', 'laszlotg']",127,"['cristinaa_gh', 'guillehermoso', 'javigarrido.98', 'isabelpascual', 'pacomorales', 'albertodelmv', 'juanrocruz', 'clarasansau', 'ivancamacho4', 'e.pgosorio', 'mparody', 'laszlotg', 'mcbsam', 'luciazapataechevarne', 'mariadelmarsanchez', 'miggalben', 'alsasa', 'e.jjfm04', 'pablogarra', 'juninhojuan2499', 'alejandroborj', 'juangoye', 'saullopez', 'pablovela', 'claracd', 'e.jorgetg', 'lydiam', 'javibolanos', 'beacasasola1', 'jose99os', 'davidsanserra', 'luciazapata', 'davidjosegg', 'e.josemanuelrxg', 'migueggalan', 'javihjhj92', 'roasdgo', 'ramoro10', 'e.juanantonio1', 'rubenvv', 'miguel_jimort', 'fjr', 'arturosirvent', 'anabel_romero', 'franciscomontiel1998', 'joselux', 'e.estelacalaforra', 'delgado.espinosa.sara', 'conrado', 'josett', 'marcoss1', 'e.javipostigo99', 'josemarivm', 'byrey2', 'jorgecaba2000', 'juanzim', 'e.juangarcas', 'carmenarias', 'anaya.mailk860773', 'cobos', 'sopa_de_sobre', 'e.franfer99', 'german7', 'setarcos', 'jmorenov', 'azzorini', 'alvaroluque', 'f.morontam', 'folgoso', 'fransanfru', 'safaa261298', 'rubengijon', 'e.francollado', 'e.santaella99', 'yakoirusta', 'martalanzac', 'e.sanmillandp', 'david1998', 'duenas5a', 'monicatdm', 'josemi', 'gtorresrios', 'guerreroalonso', 'aliciaroblesp', 'e.rgeo', 'carnage', 'kevin28', 'gaasll', 'nilsvanesostos899', 'edumontes_98', 'ursulacs', 'simonbonnal', 'jose.lop.mol98', 'danitlo115', 'e.silviagarcia12', 'belenalvmon', 'lalaugoms', 'luimanesp', 'evajimenez', 'javiubago', 'hannan', 'marinalc7', 'alexhernandez790', 'josealbertoap98', 'e.teresalc13', 'jaimecanovas9', 'e.juliavifi', 'p3drillo', 'tomaseisman', 'e.javihjhj92', 'ivancamacho4a', 'jesusgarsan', 'e.nereyda', 'a.cazorla', 'enriquearroyo', 'pradosabad', 'e.jaimecanovas', 'fidelmuriel', 'santiagocw98', 'sanchezbarranquero', 'auberonlc', 'mich_loiz', 'danivisa101', 'guillermohc1998', 'hugo512', 'samialsmadisegovia1', 'e.myeste']"
2,261,123,12,12,"['hannan', 'rubengijon', 'sanchezbarranquero', 'azzorini', 'e.javipostigo99', 'gtorresrios', 'josealbertoap98', 'byrey2', 'juanrocruz', 'claracd', 'cobos', 'carnage']",111,"['jmorenov', 'cristinaa_gh', 'guillehermoso', 'alvaroluque', 'f.morontam', 'javigarrido.98', 'isabelpascual', 'pacomorales', 'albertodelmv', 'folgoso', 'fransanfru', 'clarasansau', 'ivancamacho4', 'safaa261298', 'e.pgosorio', 'mparody', 'e.francollado', 'e.santaella99', 'mcbsam', 'yakoirusta', 'luciazapataechevarne', 'mariadelmarsanchez', 'miggalben', 'alsasa', 'martalanzac', 'e.sanmillandp', 'david1998', 'duenas5a', 'pablogarra', 'juninhojuan2499', 'monicatdm', 'josemi', 'alejandroborj', 'juangoye', 'pablovela', 'guerreroalonso', 'aliciaroblesp', 'e.jorgetg', 'e.rgeo', 'lydiam', 'javibolanos', 'kevin28', 'gaasll', 'beacasasola1', 'jose99os', 'davidsanserra', 'nilsvanesostos899', 'edumontes_98', 'ursulacs', 'simonbonnal', 'luciazapata', 'davidjosegg', 'jose.lop.mol98', 'e.josemanuelrxg', 'migueggalan', 'javihjhj92', 'roasdgo', 'danitlo115', 'ramoro10', 'e.silviagarcia12', 'belenalvmon', 'lalaugoms', 'luimanesp', 'e.juanantonio1', 'evajimenez', 'javiubago', 'rubenvv', 'miguel_jimort', 'fjr', 'marinalc7', 'arturosirvent', 'alexhernandez790', 'anabel_romero', 'e.teresalc13', 'jaimecanovas9', 'joselux', 'e.juliavifi', 'p3drillo', 'tomaseisman', 'e.javihjhj92', 'e.estelacalaforra', 'delgado.espinosa.sara', 'ivancamacho4a', 'jesusgarsan', 'conrado', 'josett', 'e.nereyda', 'marcoss1', 'a.cazorla', 'josemarivm', 'enriquearroyo', 'pradosabad', 'e.jaimecanovas', 'jorgecaba2000', 'juanzim', 'e.juangarcas', 'carmenarias', 'anaya.mailk860773', 'fidelmuriel', 'sopa_de_sobre', 'santiagocw98', 'auberonlc', 'e.franfer99', 'german7', 'mich_loiz', 'danivisa101', 'setarcos', 'guillermohc1998', 'hugo512', 'samialsmadisegovia1', 'e.myeste']",0,[],123,"['jmorenov', 'cristinaa_gh', 'guillehermoso', 'azzorini', 'alvaroluque', 'f.morontam', 'javigarrido.98', 'isabelpascual', 'pacomorales', 'albertodelmv', 'juanrocruz', 'folgoso', 'fransanfru', 'clarasansau', 'ivancamacho4', 'safaa261298', 'e.pgosorio', 'mparody', 'rubengijon', 'e.francollado', 'e.santaella99', 'mcbsam', 'yakoirusta', 'luciazapataechevarne', 'mariadelmarsanchez', 'miggalben', 'alsasa', 'martalanzac', 'e.sanmillandp', 'david1998', 'duenas5a', 'pablogarra', 'juninhojuan2499', 'monicatdm', 'josemi', 'alejandroborj', 'juangoye', 'gtorresrios', 'pablovela', 'guerreroalonso', 'aliciaroblesp', 'claracd', 'e.jorgetg', 'e.rgeo', 'lydiam', 'carnage', 'javibolanos', 'kevin28', 'gaasll', 'beacasasola1', 'jose99os', 'davidsanserra', 'nilsvanesostos899', 'edumontes_98', 'ursulacs', 'simonbonnal', 'luciazapata', 'davidjosegg', 'jose.lop.mol98', 'e.josemanuelrxg', 'migueggalan', 'javihjhj92', 'roasdgo', 'danitlo115', 'ramoro10', 'e.silviagarcia12', 'belenalvmon', 'lalaugoms', 'luimanesp', 'e.juanantonio1', 'evajimenez', 'javiubago', 'rubenvv', 'hannan', 'miguel_jimort', 'fjr', 'marinalc7', 'arturosirvent', 'alexhernandez790', 'josealbertoap98', 'anabel_romero', 'e.teresalc13', 'jaimecanovas9', 'joselux', 'e.juliavifi', 'p3drillo', 'tomaseisman', 'e.javihjhj92', 'e.estelacalaforra', 'delgado.espinosa.sara', 'ivancamacho4a', 'jesusgarsan', 'conrado', 'josett', 'e.nereyda', 'marcoss1', 'e.javipostigo99', 'a.cazorla', 'josemarivm', 'enriquearroyo', 'pradosabad', 'byrey2', 'e.jaimecanovas', 'jorgecaba2000', 'juanzim', 'e.juangarcas', 'carmenarias', 'anaya.mailk860773', 'cobos', 'fidelmuriel', 'sopa_de_sobre', 'santiagocw98', 'sanchezbarranquero', 'auberonlc', 'e.franfer99', 'german7', 'mich_loiz', 'danivisa101', 'setarcos', 'guillermohc1998', 'hugo512', 'samialsmadisegovia1', 'e.myeste']"
2,144,123,10,8,"['jesusgarsan', 'sanchezbarranquero', 'mparody', 'pradosabad', 'e.jaimecanovas', 'hugo512', 'pablogarra', 'cobos']",115,"['jmorenov', 'cristinaa_gh', 'guillehermoso', 'azzorini', 'alvaroluque', 'f.morontam', 'javigarrido.98', 'isabelpascual', 'pacomorales', 'albertodelmv', 'juanrocruz', 'folgoso', 'fransanfru', 'clarasansau', 'ivancamacho4', 'safaa261298', 'e.pgosorio', 'rubengijon', 'e.francollado', 'e.santaella99', 'mcbsam', 'yakoirusta', 'luciazapataechevarne', 'mariadelmarsanchez', 'miggalben', 'alsasa', 'martalanzac', 'e.sanmillandp', 'david1998', 'duenas5a', 'juninhojuan2499', 'monicatdm', 'josemi', 'alejandroborj', 'juangoye', 'gtorresrios', 'pablovela', 'guerreroalonso', 'aliciaroblesp', 'claracd', 'e.jorgetg', 'e.rgeo', 'lydiam', 'carnage', 'javibolanos', 'kevin28', 'gaasll', 'beacasasola1', 'jose99os', 'davidsanserra', 'nilsvanesostos899', 'edumontes_98', 'ursulacs', 'simonbonnal', 'luciazapata', 'davidjosegg', 'jose.lop.mol98', 'e.josemanuelrxg', 'migueggalan', 'javihjhj92', 'roasdgo', 'danitlo115', 'ramoro10', 'e.silviagarcia12', 'belenalvmon', 'lalaugoms', 'luimanesp', 'e.juanantonio1', 'evajimenez', 'javiubago', 'rubenvv', 'hannan', 'miguel_jimort', 'fjr', 'marinalc7', 'arturosirvent', 'alexhernandez790', 'josealbertoap98', 'anabel_romero', 'e.teresalc13', 'jaimecanovas9', 'joselux', 'e.juliavifi', 'p3drillo', 'tomaseisman', 'e.javihjhj92', 'e.estelacalaforra', 'delgado.espinosa.sara', 'ivancamacho4a', 'conrado', 'josett', 'e.nereyda', 'marcoss1', 'e.javipostigo99', 'a.cazorla', 'josemarivm', 'enriquearroyo', 'byrey2', 'jorgecaba2000', 'juanzim', 'e.juangarcas', 'carmenarias', 'anaya.mailk860773', 'fidelmuriel', 'sopa_de_sobre', 'santiagocw98', 'auberonlc', 'e.franfer99', 'german7', 'mich_loiz', 'danivisa101', 'setarcos', 'guillermohc1998', 'samialsmadisegovia1', 'e.myeste']",2,"['e.guerrerosamu', 'salva_ugr_fisica']",125,"['jmorenov', 'cristinaa_gh', 'guillehermoso', 'azzorini', 'alvaroluque', 'f.morontam', 'salva_ugr_fisica', 'javigarrido.98', 'isabelpascual', 'pacomorales', 'albertodelmv', 'juanrocruz', 'folgoso', 'fransanfru', 'clarasansau', 'ivancamacho4', 'safaa261298', 'e.pgosorio', 'mparody', 'rubengijon', 'e.francollado', 'e.santaella99', 'mcbsam', 'yakoirusta', 'luciazapataechevarne', 'mariadelmarsanchez', 'miggalben', 'alsasa', 'martalanzac', 'e.sanmillandp', 'david1998', 'duenas5a', 'pablogarra', 'juninhojuan2499', 'monicatdm', 'josemi', 'alejandroborj', 'juangoye', 'gtorresrios', 'pablovela', 'guerreroalonso', 'aliciaroblesp', 'claracd', 'e.jorgetg', 'e.rgeo', 'lydiam', 'carnage', 'javibolanos', 'kevin28', 'gaasll', 'beacasasola1', 'jose99os', 'davidsanserra', 'nilsvanesostos899', 'edumontes_98', 'ursulacs', 'simonbonnal', 'luciazapata', 'davidjosegg', 'jose.lop.mol98', 'e.josemanuelrxg', 'migueggalan', 'javihjhj92', 'roasdgo', 'danitlo115', 'ramoro10', 'e.silviagarcia12', 'e.guerrerosamu', 'belenalvmon', 'lalaugoms', 'luimanesp', 'e.juanantonio1', 'evajimenez', 'javiubago', 'rubenvv', 'hannan', 'miguel_jimort', 'fjr', 'marinalc7', 'arturosirvent', 'alexhernandez790', 'josealbertoap98', 'anabel_romero', 'e.teresalc13', 'jaimecanovas9', 'joselux', 'e.juliavifi', 'p3drillo', 'tomaseisman', 'e.javihjhj92', 'e.estelacalaforra', 'delgado.espinosa.sara', 'ivancamacho4a', 'jesusgarsan', 'conrado', 'josett', 'e.nereyda', 'marcoss1', 'e.javipostigo99', 'a.cazorla', 'josemarivm', 'enriquearroyo', 'pradosabad', 'byrey2', 'e.jaimecanovas', 'jorgecaba2000', 'juanzim', 'e.juangarcas', 'carmenarias', 'anaya.mailk860773', 'cobos', 'fidelmuriel', 'sopa_de_sobre', 'santiagocw98', 'sanchezbarranquero', 'auberonlc', 'e.franfer99', 'german7', 'mich_loiz', 'danivisa101', 'setarcos', 'guillermohc1998', 'hugo512', 'samialsmadisegovia1', 'e.myeste']"
3,163,107,158,68,"['mikav', 'kbrayto', 'asyrek', 'zhan3108', 'agettel', 'achungma', 'mcalisto', 'bird12', 'gconer', 'skunduru', 'sharp82', 'li2701', 'svendsen', 'tprati', 'obriencaitlin20', 'comer13', 'sharlow', 'bkoszyk', 'jennin56', 'hawkin98', 'zuckerma', 'akurumba', 'akmaksim', 'tvulich', 'mfangio', 'kradde', 'agf2018', 'armour1', 'cohland', 'smahipat', 'feng233', 'boninl', 'ksagar', 'chfranci', 'hollowr', 'dbhagwan', 'bbondi', 'harri827', 'sinha54', 'hodge20', 'cleveng2', 'zhao979', 'fruane', 'beers2', 'ndroessl', 'sbukzam', 'voorsm', 'mprue', 'efrancoe', 'connoll1', 'gzanutta', 'nixon21', 'gagnonn', 'weber164', 'hughe234', 'snathell', 'kzingaro', 'jperata', 'pbhaske', 'mragei', 'heaton4', 'nrrobins', 'rtrafele', 'sweene26', 'csrafin', 'bbarale', 'nafandi', 'bodhiscott']",39,"['adshowal', 'zaly', 'yu910', 'hicks121', 'jiang650', 'ruff13', 'oditto', 'hughe215', 'nalsinan', 'tdeucher', 'bwodetz', 'baxter26', 'jkamedul', 'egummers', 'evans251', 'aalangar', 'emacfady', 'wagne267', 'vank', 'tschoste', 'hmcmilli', 'jomondi', 'quan8', 'rvulich', 'scott524', 'cottonb', 'sbawaney', 'ding308', 'irwin12', 'sgandiko', 'meyer292', 'zhu999', 'tuckergm', 'moeller4', 'huan1346', 'srpirtle', 'mart1390', 'mill2500', 'gszyman']",90,"['will1941', 'rhentric', 'carls127', 'ncivitan', 'amelia.markert979', 'downeyl', 'cmancini', 'cliffos', 'rcalistr', 'adoxsee', 'ejobe', 'gfiedler', 'lopez344', 'lvelky', 'wnorton', 'jone1616', 'pan229', 'jnylen', 'jcarre', 'nortt', 'lin1297', 'mlannie', 'thoma805', 'rstaples', 'mmatteso', 'ander966', 'allen482', 'wagoneb', 'rdamle', 'bgrytza', 'jmestach', 'elamewon', 'kngupta', 'thubauer', 'jcavage', 'lritchis', 'kong68', 'murph417', 'mannin15', 'afirkan', 'stuff', 'jmesa', 'okeefee', 'marykirstenreilly', 'jmontbru', 'chris260', 'jyounkin', 'ahn87', 'mngaglia', 'pate1082', 'funkhous', 'nkielkop', 'dnocon', 'mock6', 'llefebvr', 'lukehendriks4', 'russe162', 'sayyala', 'ojonas', 'ellis125', 'mkirsch', 'whollan', 'danie140', 'nrentsc', 'john2345', 'tsriram', 'mihsan', 'mclassen', 'zhu741', 'stockerm', 'jade.m.meekin', 'hollej', 'hmcguir', 'single0', 'afarha', 'ander939', 'liu2442', 'romack0', 'artierenier', 'jgerstei', 'abirkeme', 'srajarat', 'agarw190', 'lopez347', 'llwan', 'aalnas', 'kyendru', 'nfransen', 'ebinkle', 'wdobbs']",197,"['mikav', 'rhentric', 'jennin56', 'ncivitan', 'aalangar', 'emacfady', 'rcalistr', 'adoxsee', 'sbawaney', 'beers2', 'ndroessl', 'sgandiko', 'nixon21', 'tuckergm', 'wnorton', 'pan229', 'csrafin', 'jnylen', 'nafandi', 'bodhiscott', 'adshowal', 'tprati', 'jcarre', 'nortt', 'mfangio', 'kradde', 'mlannie', 'wagne267', 'hmcmilli', 'thoma805', 'dbhagwan', 'hodge20', 'mmatteso', 'ander966', 'cottonb', 'ding308', 'allen482', 'rdamle', 'efrancoe', 'connoll1', 'zhu999', 'gagnonn', 'bgrytza', 'huan1346', 'elamewon', 'kngupta', 'thubauer', 'jcavage', 'nrrobins', 'kong68', 'mannin15', 'asyrek', 'afirkan', 'gconer', 'svendsen', 'yu910', 'jmesa', 'jiang650', 'okeefee', 'tdeucher', 'marykirstenreilly', 'tvulich', 'chris260', 'vank', 'jomondi', 'pate1082', 'funkhous', 'nkielkop', 'weber164', 'pbhaske', 'llefebvr', 'russe162', 'sayyala', 'rtrafele', 'ellis125', 'li2701', 'mkirsch', 'whollan', 'obriencaitlin20', 'comer13', 'oditto', 'tsriram', 'mihsan', 'zuckerma', 'bwodetz', 'jade.m.meekin', 'baxter26', 'hollej', 'agf2018', 'hmcguir', 'single0', 'afarha', 'ander939', 'liu2442', 'romack0', 'artierenier', 'abirkeme', 'scott524', 'zhao979', 'srpirtle', 'heaton4', 'ebinkle', 'kbrayto', 'will1941', 'carls127', 'amelia.markert979', 'jkamedul', 'downeyl', 'cmancini', 'rvulich', 'cliffos', 'ejobe', 'irwin12', 'gfiedler', 'lopez344', 'lvelky', 'mragei', 'mill2500', 'jone1616', 'bbarale', 'gszyman', 'hicks121', 'hawkin98', 'akurumba', 'akmaksim', 'egummers', 'lin1297', 'feng233', 'sinha54', 'rstaples', 'sbukzam', 'wagoneb', 'jmestach', 'lritchis', 'sweene26', 'smahipat', 'gzanutta', 'murph417', 'zhan3108', 'agettel', 'zaly', 'sharp82', 'skunduru', 'stuff', 'ruff13', 'bkoszyk', 'evans251', 'armour1', 'jyounkin', 'ahn87', 'jmontbru', 'mngaglia', 'ksagar', 'chfranci', 'harri827', 'cleveng2', 'dnocon', 'voorsm', 'meyer292', 'mock6', 'moeller4', 'kzingaro', 'mart1390', 'lukehendriks4', 'ojonas', 'boninl', 'quan8', 'hollowr', 'achungma', 'mcalisto', 'bird12', 'danie140', 'nrentsc', 'john2345', 'sharlow', 'nalsinan', 'hughe215', 'mclassen', 'zhu741', 'stockerm', 'cohland', 'tschoste', 'bbondi', 'jgerstei', 'srajarat', 'agarw190', 'lopez347', 'fruane', 'llwan', 'aalnas', 'hughe234', 'snathell', 'kyendru', 'jperata', 'nfransen', 'wdobbs', 'mprue']"
3,164,107,41,13,"['bwodetz', 'adshowal', 'baxter26', 'mart1390', 'zaly', 'armour1', 'evans251', 'meyer292', 'jiang650', 'hmcmilli', 'moeller4', 'huan1346', 'sinha54']",94,"['mikav', 'kbrayto', 'jennin56', 'jkamedul', 'aalangar', 'emacfady', 'rvulich', 'sbawaney', 'beers2', 'irwin12', 'ndroessl', 'sgandiko', 'nixon21', 'tuckergm', 'mragei', 'mill2500', 'csrafin', 'bbarale', 'nafandi', 'gszyman', 'bodhiscott', 'tprati', 'hicks121', 'hawkin98', 'akurumba', 'akmaksim', 'egummers', 'mfangio', 'kradde', 'feng233', 'wagne267', 'dbhagwan', 'hodge20', 'cottonb', 'ding308', 'sbukzam', 'efrancoe', 'connoll1', 'zhu999', 'gagnonn', 'nrrobins', 'sweene26', 'smahipat', 'gzanutta', 'asyrek', 'zhan3108', 'agettel', 'gconer', 'skunduru', 'sharp82', 'svendsen', 'yu910', 'ruff13', 'bkoszyk', 'tdeucher', 'tvulich', 'vank', 'jomondi', 'chfranci', 'ksagar', 'harri827', 'cleveng2', 'voorsm', 'weber164', 'kzingaro', 'pbhaske', 'rtrafele', 'boninl', 'quan8', 'hollowr', 'achungma', 'mcalisto', 'bird12', 'li2701', 'obriencaitlin20', 'comer13', 'oditto', 'sharlow', 'hughe215', 'nalsinan', 'zuckerma', 'agf2018', 'cohland', 'tschoste', 'bbondi', 'scott524', 'zhao979', 'fruane', 'hughe234', 'snathell', 'jperata', 'srpirtle', 'heaton4', 'mprue']",28,"['hsakiewi', 'toboyle', 'markhodgkiss50', 'djodhani', 'pmansour', 'brow1511', 'michae19', 'duncan94', 'buhland', 'annaleichty1', 'douh', 'tladner', 'costel12', 'rhodes44', 'nrobb', 'kjabbar', 'tzadrave', 'aquinli', 'reddy62', 'ewolfla', 'lange35', 'nherbert', 'wood164', 'harvey83', 'pweitzel', 'see4', 'smit3400', 'chakra26']",135,"['mikav', 'kbrayto', 'toboyle', 'asyrek', 'zhan3108', 'agettel', 'djodhani', 'zaly', 'gconer', 'skunduru', 'sharp82', 'svendsen', 'yu910', 'jiang650', 'ruff13', 'bkoszyk', 'jennin56', 'tdeucher', 'duncan94', 'annaleichty1', 'tladner', 'jkamedul', 'tvulich', 'evans251', 'armour1', 'aalangar', 'nrobb', 'kjabbar', 'emacfady', 'vank', 'tzadrave', 'jomondi', 'chfranci', 'ksagar', 'reddy62', 'aquinli', 'harri827', 'rvulich', 'ewolfla', 'lange35', 'cleveng2', 'sbawaney', 'beers2', 'irwin12', 'ndroessl', 'voorsm', 'sgandiko', 'meyer292', 'harvey83', 'weber164', 'pweitzel', 'nixon21', 'tuckergm', 'moeller4', 'see4', 'kzingaro', 'pbhaske', 'mragei', 'smit3400', 'mart1390', 'mill2500', 'chakra26', 'rtrafele', 'csrafin', 'bbarale', 'nafandi', 'bodhiscott', 'gszyman', 'boninl', 'quan8', 'adshowal', 'hollowr', 'hsakiewi', 'markhodgkiss50', 'achungma', 'mcalisto', 'bird12', 'li2701', 'pmansour', 'obriencaitlin20', 'tprati', 'hicks121', 'comer13', 'oditto', 'sharlow', 'hughe215', 'nalsinan', 'brow1511', 'michae19', 'hawkin98', 'zuckerma', 'buhland', 'bwodetz', 'akurumba', 'baxter26', 'akmaksim', 'douh', 'costel12', 'egummers', 'mfangio', 'kradde', 'agf2018', 'rhodes44', 'cohland', 'feng233', 'wagne267', 'tschoste', 'hmcmilli', 'dbhagwan', 'bbondi', 'sinha54', 'hodge20', 'scott524', 'nherbert', 'zhao979', 'cottonb', 'fruane', 'ding308', 'sbukzam', 'wood164', 'efrancoe', 'connoll1', 'zhu999', 'gagnonn', 'hughe234', 'snathell', 'huan1346', 'jperata', 'srpirtle', 'heaton4', 'nrrobins', 'sweene26', 'smahipat', 'mprue', 'gzanutta']"
3,136,107,15,3,"['hughe234', 'akmaksim', 'nafandi']",104,"['mikav', 'kbrayto', 'asyrek', 'zhan3108', 'agettel', 'zaly', 'gconer', 'skunduru', 'sharp82', 'svendsen', 'yu910', 'jiang650', 'ruff13', 'bkoszyk', 'jennin56', 'tdeucher', 'jkamedul', 'tvulich', 'evans251', 'armour1', 'aalangar', 'emacfady', 'vank', 'jomondi', 'chfranci', 'ksagar', 'harri827', 'rvulich', 'cleveng2', 'sbawaney', 'beers2', 'irwin12', 'ndroessl', 'voorsm', 'sgandiko', 'meyer292', 'weber164', 'nixon21', 'tuckergm', 'moeller4', 'kzingaro', 'pbhaske', 'mragei', 'mart1390', 'mill2500', 'rtrafele', 'csrafin', 'bbarale', 'bodhiscott', 'gszyman', 'boninl', 'quan8', 'adshowal', 'hollowr', 'achungma', 'mcalisto', 'bird12', 'li2701', 'obriencaitlin20', 'tprati', 'hicks121', 'comer13', 'oditto', 'sharlow', 'hughe215', 'nalsinan', 'hawkin98', 'zuckerma', 'bwodetz', 'akurumba', 'baxter26', 'egummers', 'mfangio', 'kradde', 'agf2018', 'cohland', 'feng233', 'wagne267', 'tschoste', 'hmcmilli', 'dbhagwan', 'bbondi', 'sinha54', 'hodge20', 'scott524', 'zhao979', 'cottonb', 'fruane', 'ding308', 'sbukzam', 'efrancoe', 'connoll1', 'zhu999', 'gagnonn', 'snathell', 'huan1346', 'jperata', 'srpirtle', 'heaton4', 'nrrobins', 'sweene26', 'smahipat', 'mprue', 'gzanutta']",12,"['nkielkop', 'lopez347', 'stockerm', 'wagoneb', 'leal6', 'tan213', 'wrigh413', 'thoma805', 'jnylen', 'artierenier', 'bdbowles', 'murph417']",119,"['mikav', 'kbrayto', 'asyrek', 'zhan3108', 'agettel', 'zaly', 'gconer', 'skunduru', 'sharp82', 'svendsen', 'yu910', 'tan213', 'jiang650', 'ruff13', 'murph417', 'bkoszyk', 'jennin56', 'tdeucher', 'bdbowles', 'jkamedul', 'tvulich', 'evans251', 'armour1', 'aalangar', 'emacfady', 'vank', 'jomondi', 'chfranci', 'ksagar', 'harri827', 'rvulich', 'nkielkop', 'cleveng2', 'sbawaney', 'beers2', 'irwin12', 'ndroessl', 'voorsm', 'sgandiko', 'meyer292', 'weber164', 'leal6', 'nixon21', 'tuckergm', 'moeller4', 'kzingaro', 'pbhaske', 'mragei', 'mart1390', 'mill2500', 'rtrafele', 'csrafin', 'jnylen', 'bbarale', 'nafandi', 'bodhiscott', 'gszyman', 'boninl', 'quan8', 'adshowal', 'hollowr', 'achungma', 'mcalisto', 'bird12', 'li2701', 'obriencaitlin20', 'tprati', 'hicks121', 'comer13', 'oditto', 'sharlow', 'hughe215', 'nalsinan', 'hawkin98', 'zuckerma', 'bwodetz', 'akurumba', 'baxter26', 'akmaksim', 'stockerm', 'egummers', 'mfangio', 'kradde', 'agf2018', 'cohland', 'feng233', 'wagne267', 'tschoste', 'hmcmilli', 'wrigh413', 'thoma805', 'dbhagwan', 'bbondi', 'artierenier', 'sinha54', 'hodge20', 'scott524', 'lopez347', 'zhao979', 'cottonb', 'fruane', 'ding308', 'sbukzam', 'wagoneb', 'efrancoe', 'connoll1', 'zhu999', 'gagnonn', 'hughe234', 'snathell', 'huan1346', 'jperata', 'srpirtle', 'heaton4', 'nrrobins', 'sweene26', 'smahipat', 'mprue', 'gzanutta']"
3,276,107,13,7,"['asyrek', 'achungma', 'beers2', 'mprue', 'oditto', 'pbhaske', 'bbarale']",100,"['mikav', 'kbrayto', 'zhan3108', 'agettel', 'zaly', 'gconer', 'skunduru', 'sharp82', 'svendsen', 'yu910', 'jiang650', 'ruff13', 'bkoszyk', 'jennin56', 'tdeucher', 'jkamedul', 'tvulich', 'evans251', 'armour1', 'aalangar', 'emacfady', 'vank', 'jomondi', 'chfranci', 'ksagar', 'harri827', 'rvulich', 'cleveng2', 'sbawaney', 'irwin12', 'ndroessl', 'voorsm', 'sgandiko', 'meyer292', 'weber164', 'nixon21', 'tuckergm', 'moeller4', 'kzingaro', 'mragei', 'mart1390', 'mill2500', 'rtrafele', 'csrafin', 'nafandi', 'bodhiscott', 'gszyman', 'boninl', 'quan8', 'adshowal', 'hollowr', 'mcalisto', 'bird12', 'li2701', 'obriencaitlin20', 'tprati', 'hicks121', 'comer13', 'sharlow', 'hughe215', 'nalsinan', 'hawkin98', 'zuckerma', 'bwodetz', 'akurumba', 'baxter26', 'akmaksim', 'egummers', 'mfangio', 'kradde', 'agf2018', 'cohland', 'feng233', 'wagne267', 'tschoste', 'hmcmilli', 'dbhagwan', 'bbondi', 'sinha54', 'hodge20', 'scott524', 'zhao979', 'cottonb', 'fruane', 'ding308', 'sbukzam', 'efrancoe', 'connoll1', 'zhu999', 'gagnonn', 'hughe234', 'snathell', 'huan1346', 'jperata', 'srpirtle', 'heaton4', 'nrrobins', 'sweene26', 'smahipat', 'gzanutta']",6,"['lritchis', 'lin1297', 'liu2442', 'sayyala', 'llefebvr', 'murph417']",113,"['mikav', 'kbrayto', 'asyrek', 'zhan3108', 'agettel', 'zaly', 'gconer', 'skunduru', 'sharp82', 'svendsen', 'yu910', 'murph417', 'jiang650', 'ruff13', 'bkoszyk', 'jennin56', 'tdeucher', 'jkamedul', 'tvulich', 'evans251', 'armour1', 'aalangar', 'emacfady', 'vank', 'jomondi', 'chfranci', 'ksagar', 'harri827', 'rvulich', 'cleveng2', 'sbawaney', 'beers2', 'irwin12', 'ndroessl', 'voorsm', 'sgandiko', 'meyer292', 'weber164', 'nixon21', 'tuckergm', 'moeller4', 'kzingaro', 'pbhaske', 'llefebvr', 'mragei', 'mart1390', 'mill2500', 'sayyala', 'rtrafele', 'csrafin', 'bbarale', 'nafandi', 'bodhiscott', 'gszyman', 'boninl', 'quan8', 'adshowal', 'hollowr', 'achungma', 'mcalisto', 'bird12', 'li2701', 'obriencaitlin20', 'tprati', 'hicks121', 'comer13', 'oditto', 'sharlow', 'hughe215', 'nalsinan', 'hawkin98', 'zuckerma', 'bwodetz', 'akurumba', 'baxter26', 'akmaksim', 'egummers', 'mfangio', 'kradde', 'agf2018', 'lin1297', 'cohland', 'liu2442', 'feng233', 'wagne267', 'tschoste', 'hmcmilli', 'dbhagwan', 'bbondi', 'sinha54', 'hodge20', 'scott524', 'zhao979', 'cottonb', 'fruane', 'ding308', 'sbukzam', 'efrancoe', 'connoll1', 'zhu999', 'gagnonn', 'hughe234', 'snathell', 'huan1346', 'jperata', 'srpirtle', 'heaton4', 'lritchis', 'nrrobins', 'sweene26', 'smahipat', 'mprue', 'gzanutta']"
3,165,107,11,3,"['sbukzam', 'gconer', 'pbhaske']",104,"['mikav', 'kbrayto', 'asyrek', 'zhan3108', 'agettel', 'zaly', 'skunduru', 'sharp82', 'svendsen', 'yu910', 'jiang650', 'ruff13', 'bkoszyk', 'jennin56', 'tdeucher', 'jkamedul', 'tvulich', 'evans251', 'armour1', 'aalangar', 'emacfady', 'vank', 'jomondi', 'chfranci', 'ksagar', 'harri827', 'rvulich', 'cleveng2', 'sbawaney', 'beers2', 'irwin12', 'ndroessl', 'voorsm', 'sgandiko', 'meyer292', 'weber164', 'nixon21', 'tuckergm', 'moeller4', 'kzingaro', 'mragei', 'mart1390', 'mill2500', 'rtrafele', 'csrafin', 'bbarale', 'nafandi', 'bodhiscott', 'gszyman', 'boninl', 'quan8', 'adshowal', 'hollowr', 'achungma', 'mcalisto', 'bird12', 'li2701', 'obriencaitlin20', 'tprati', 'hicks121', 'comer13', 'oditto', 'sharlow', 'hughe215', 'nalsinan', 'hawkin98', 'zuckerma', 'bwodetz', 'akurumba', 'baxter26', 'akmaksim', 'egummers', 'mfangio', 'kradde', 'agf2018', 'cohland', 'feng233', 'wagne267', 'tschoste', 'hmcmilli', 'dbhagwan', 'bbondi', 'sinha54', 'hodge20', 'scott524', 'zhao979', 'cottonb', 'fruane', 'ding308', 'efrancoe', 'connoll1', 'zhu999', 'gagnonn', 'hughe234', 'snathell', 'huan1346', 'jperata', 'srpirtle', 'heaton4', 'nrrobins', 'sweene26', 'smahipat', 'mprue', 'gzanutta']",8,"['ncivitan', 'esuer', 'kyendru', 'lvelky', 'john2345', 'pan229', 'mclassen', 'murph417']",115,"['mikav', 'kbrayto', 'asyrek', 'zhan3108', 'agettel', 'zaly', 'gconer', 'skunduru', 'sharp82', 'svendsen', 'yu910', 'murph417', 'jiang650', 'ruff13', 'bkoszyk', 'jennin56', 'tdeucher', 'ncivitan', 'jkamedul', 'tvulich', 'evans251', 'armour1', 'aalangar', 'emacfady', 'vank', 'jomondi', 'chfranci', 'ksagar', 'harri827', 'rvulich', 'cleveng2', 'sbawaney', 'beers2', 'irwin12', 'ndroessl', 'voorsm', 'sgandiko', 'meyer292', 'weber164', 'lvelky', 'nixon21', 'tuckergm', 'moeller4', 'kzingaro', 'pbhaske', 'mragei', 'mart1390', 'mill2500', 'esuer', 'rtrafele', 'pan229', 'csrafin', 'bbarale', 'nafandi', 'bodhiscott', 'gszyman', 'boninl', 'quan8', 'adshowal', 'hollowr', 'achungma', 'mcalisto', 'bird12', 'li2701', 'obriencaitlin20', 'tprati', 'hicks121', 'comer13', 'oditto', 'sharlow', 'hughe215', 'nalsinan', 'john2345', 'mclassen', 'hawkin98', 'zuckerma', 'bwodetz', 'akurumba', 'baxter26', 'akmaksim', 'egummers', 'mfangio', 'kradde', 'agf2018', 'cohland', 'feng233', 'wagne267', 'tschoste', 'hmcmilli', 'dbhagwan', 'bbondi', 'sinha54', 'hodge20', 'scott524', 'zhao979', 'cottonb', 'fruane', 'ding308', 'sbukzam', 'efrancoe', 'connoll1', 'zhu999', 'gagnonn', 'hughe234', 'snathell', 'kyendru', 'huan1346', 'jperata', 'srpirtle', 'heaton4', 'nrrobins', 'sweene26', 'smahipat', 'mprue', 'gzanutta']"
3,73,107,10,7,"['zhao979', 'fruane', 'tvulich', 'achungma', 'tprati', 'hollowr', 'bodhiscott']",100,"['mikav', 'kbrayto', 'asyrek', 'zhan3108', 'agettel', 'zaly', 'gconer', 'skunduru', 'sharp82', 'svendsen', 'yu910', 'jiang650', 'ruff13', 'bkoszyk', 'jennin56', 'tdeucher', 'jkamedul', 'evans251', 'armour1', 'aalangar', 'emacfady', 'vank', 'jomondi', 'chfranci', 'ksagar', 'harri827', 'rvulich', 'cleveng2', 'sbawaney', 'beers2', 'irwin12', 'ndroessl', 'voorsm', 'sgandiko', 'meyer292', 'weber164', 'nixon21', 'tuckergm', 'moeller4', 'kzingaro', 'pbhaske', 'mragei', 'mart1390', 'mill2500', 'rtrafele', 'csrafin', 'bbarale', 'nafandi', 'gszyman', 'boninl', 'quan8', 'adshowal', 'mcalisto', 'bird12', 'li2701', 'obriencaitlin20', 'hicks121', 'comer13', 'oditto', 'sharlow', 'hughe215', 'nalsinan', 'hawkin98', 'zuckerma', 'bwodetz', 'akurumba', 'baxter26', 'akmaksim', 'egummers', 'mfangio', 'kradde', 'agf2018', 'cohland', 'feng233', 'wagne267', 'tschoste', 'hmcmilli', 'dbhagwan', 'bbondi', 'sinha54', 'hodge20', 'scott524', 'cottonb', 'ding308', 'sbukzam', 'efrancoe', 'connoll1', 'zhu999', 'gagnonn', 'hughe234', 'snathell', 'huan1346', 'jperata', 'srpirtle', 'heaton4', 'nrrobins', 'sweene26', 'smahipat', 'mprue', 'gzanutta']",3,"['sayyala', 'llefebvr', 'ejobe']",110,"['mikav', 'kbrayto', 'asyrek', 'zhan3108', 'agettel', 'zaly', 'gconer', 'skunduru', 'sharp82', 'svendsen', 'yu910', 'jiang650', 'ruff13', 'bkoszyk', 'jennin56', 'tdeucher', 'jkamedul', 'tvulich', 'evans251', 'armour1', 'aalangar', 'emacfady', 'vank', 'jomondi', 'chfranci', 'ksagar', 'harri827', 'rvulich', 'cleveng2', 'ejobe', 'sbawaney', 'beers2', 'irwin12', 'ndroessl', 'voorsm', 'sgandiko', 'meyer292', 'weber164', 'nixon21', 'tuckergm', 'moeller4', 'kzingaro', 'pbhaske', 'llefebvr', 'mragei', 'mart1390', 'mill2500', 'sayyala', 'rtrafele', 'csrafin', 'bbarale', 'nafandi', 'bodhiscott', 'gszyman', 'boninl', 'quan8', 'adshowal', 'hollowr', 'achungma', 'mcalisto', 'bird12', 'li2701', 'obriencaitlin20', 'tprati', 'hicks121', 'comer13', 'oditto', 'sharlow', 'hughe215', 'nalsinan', 'hawkin98', 'zuckerma', 'bwodetz', 'akurumba', 'baxter26', 'akmaksim', 'egummers', 'mfangio', 'kradde', 'agf2018', 'cohland', 'feng233', 'wagne267', 'tschoste', 'hmcmilli', 'dbhagwan', 'bbondi', 'sinha54', 'hodge20', 'scott524', 'zhao979', 'cottonb', 'fruane', 'ding308', 'sbukzam', 'efrancoe', 'connoll1', 'zhu999', 'gagnonn', 'hughe234', 'snathell', 'huan1346', 'jperata', 'srpirtle', 'heaton4', 'nrrobins', 'sweene26', 'smahipat', 'mprue', 'gzanutta']"
3,86,107,8,4,"['mcalisto', 'jperata', 'harri827', 'hodge20']",103,"['mikav', 'kbrayto', 'asyrek', 'zhan3108', 'agettel', 'zaly', 'gconer', 'skunduru', 'sharp82', 'svendsen', 'yu910', 'jiang650', 'ruff13', 'bkoszyk', 'jennin56', 'tdeucher', 'jkamedul', 'tvulich', 'evans251', 'armour1', 'aalangar', 'emacfady', 'vank', 'jomondi', 'chfranci', 'ksagar', 'rvulich', 'cleveng2', 'sbawaney', 'beers2', 'irwin12', 'ndroessl', 'voorsm', 'sgandiko', 'meyer292', 'weber164', 'nixon21', 'tuckergm', 'moeller4', 'kzingaro', 'pbhaske', 'mragei', 'mart1390', 'mill2500', 'rtrafele', 'csrafin', 'bbarale', 'nafandi', 'bodhiscott', 'gszyman', 'boninl', 'quan8', 'adshowal', 'hollowr', 'achungma', 'bird12', 'li2701', 'obriencaitlin20', 'tprati', 'hicks121', 'comer13', 'oditto', 'sharlow', 'hughe215', 'nalsinan', 'hawkin98', 'zuckerma', 'bwodetz', 'akurumba', 'baxter26', 'akmaksim', 'egummers', 'mfangio', 'kradde', 'agf2018', 'cohland', 'feng233', 'wagne267', 'tschoste', 'hmcmilli', 'dbhagwan', 'bbondi', 'sinha54', 'scott524', 'zhao979', 'cottonb', 'fruane', 'ding308', 'sbukzam', 'efrancoe', 'connoll1', 'zhu999', 'gagnonn', 'hughe234', 'snathell', 'huan1346', 'srpirtle', 'heaton4', 'nrrobins', 'sweene26', 'smahipat', 'mprue', 'gzanutta']",4,"['agarw190', 'adoxsee', 'ebinkle', 'ejobe']",111,"['mikav', 'kbrayto', 'asyrek', 'zhan3108', 'agettel', 'zaly', 'gconer', 'skunduru', 'sharp82', 'svendsen', 'yu910', 'jiang650', 'ruff13', 'bkoszyk', 'jennin56', 'tdeucher', 'jkamedul', 'tvulich', 'evans251', 'armour1', 'aalangar', 'emacfady', 'vank', 'jomondi', 'chfranci', 'ksagar', 'harri827', 'rvulich', 'cleveng2', 'adoxsee', 'ejobe', 'sbawaney', 'beers2', 'irwin12', 'ndroessl', 'voorsm', 'sgandiko', 'meyer292', 'weber164', 'nixon21', 'tuckergm', 'moeller4', 'kzingaro', 'pbhaske', 'mragei', 'mart1390', 'mill2500', 'rtrafele', 'csrafin', 'bbarale', 'nafandi', 'bodhiscott', 'gszyman', 'boninl', 'quan8', 'adshowal', 'hollowr', 'achungma', 'mcalisto', 'bird12', 'li2701', 'obriencaitlin20', 'tprati', 'hicks121', 'comer13', 'oditto', 'sharlow', 'hughe215', 'nalsinan', 'hawkin98', 'zuckerma', 'bwodetz', 'akurumba', 'baxter26', 'akmaksim', 'egummers', 'mfangio', 'kradde', 'agf2018', 'cohland', 'feng233', 'wagne267', 'tschoste', 'hmcmilli', 'dbhagwan', 'bbondi', 'sinha54', 'hodge20', 'scott524', 'agarw190', 'zhao979', 'cottonb', 'fruane', 'ding308', 'sbukzam', 'efrancoe', 'connoll1', 'zhu999', 'gagnonn', 'hughe234', 'snathell', 'huan1346', 'jperata', 'srpirtle', 'heaton4', 'nrrobins', 'ebinkle', 'sweene26', 'smahipat', 'mprue', 'gzanutta']"
3,75,107,6,2,"['heaton4', 'zhan3108']",105,"['mikav', 'kbrayto', 'asyrek', 'agettel', 'zaly', 'gconer', 'skunduru', 'sharp82', 'svendsen', 'yu910', 'jiang650', 'ruff13', 'bkoszyk', 'jennin56', 'tdeucher', 'jkamedul', 'tvulich', 'evans251', 'armour1', 'aalangar', 'emacfady', 'vank', 'jomondi', 'chfranci', 'ksagar', 'harri827', 'rvulich', 'cleveng2', 'sbawaney', 'beers2', 'irwin12', 'ndroessl', 'voorsm', 'sgandiko', 'meyer292', 'weber164', 'nixon21', 'tuckergm', 'moeller4', 'kzingaro', 'pbhaske', 'mragei', 'mart1390', 'mill2500', 'rtrafele', 'csrafin', 'bbarale', 'nafandi', 'bodhiscott', 'gszyman', 'boninl', 'quan8', 'adshowal', 'hollowr', 'achungma', 'mcalisto', 'bird12', 'li2701', 'obriencaitlin20', 'tprati', 'hicks121', 'comer13', 'oditto', 'sharlow', 'hughe215', 'nalsinan', 'hawkin98', 'zuckerma', 'bwodetz', 'akurumba', 'baxter26', 'akmaksim', 'egummers', 'mfangio', 'kradde', 'agf2018', 'cohland', 'feng233', 'wagne267', 'tschoste', 'hmcmilli', 'dbhagwan', 'bbondi', 'sinha54', 'hodge20', 'scott524', 'zhao979', 'cottonb', 'fruane', 'ding308', 'sbukzam', 'efrancoe', 'connoll1', 'zhu999', 'gagnonn', 'hughe234', 'snathell', 'huan1346', 'jperata', 'srpirtle', 'nrrobins', 'sweene26', 'smahipat', 'mprue', 'gzanutta']",4,"['bavenell', 'kocher1', 'drake38', 'shannob']",111,"['mikav', 'kbrayto', 'asyrek', 'zhan3108', 'agettel', 'zaly', 'gconer', 'skunduru', 'sharp82', 'svendsen', 'yu910', 'kocher1', 'jiang650', 'ruff13', 'bkoszyk', 'jennin56', 'tdeucher', 'jkamedul', 'tvulich', 'evans251', 'armour1', 'aalangar', 'emacfady', 'vank', 'jomondi', 'chfranci', 'ksagar', 'harri827', 'rvulich', 'cleveng2', 'sbawaney', 'beers2', 'irwin12', 'ndroessl', 'voorsm', 'sgandiko', 'meyer292', 'weber164', 'nixon21', 'tuckergm', 'moeller4', 'kzingaro', 'pbhaske', 'mragei', 'drake38', 'mart1390', 'mill2500', 'rtrafele', 'csrafin', 'bbarale', 'nafandi', 'bodhiscott', 'gszyman', 'boninl', 'quan8', 'adshowal', 'hollowr', 'achungma', 'mcalisto', 'bird12', 'li2701', 'obriencaitlin20', 'tprati', 'hicks121', 'comer13', 'oditto', 'sharlow', 'hughe215', 'nalsinan', 'hawkin98', 'zuckerma', 'bwodetz', 'akurumba', 'baxter26', 'akmaksim', 'egummers', 'mfangio', 'kradde', 'agf2018', 'cohland', 'shannob', 'feng233', 'wagne267', 'tschoste', 'hmcmilli', 'dbhagwan', 'bbondi', 'sinha54', 'hodge20', 'scott524', 'bavenell', 'zhao979', 'cottonb', 'fruane', 'ding308', 'sbukzam', 'efrancoe', 'connoll1', 'zhu999', 'gagnonn', 'hughe234', 'snathell', 'huan1346', 'jperata', 'srpirtle', 'heaton4', 'nrrobins', 'sweene26', 'smahipat', 'mprue', 'gzanutta']"
3,236,107,6,1,['bodhiscott'],106,"['mikav', 'kbrayto', 'asyrek', 'zhan3108', 'agettel', 'zaly', 'gconer', 'skunduru', 'sharp82', 'svendsen', 'yu910', 'jiang650', 'ruff13', 'bkoszyk', 'jennin56', 'tdeucher', 'jkamedul', 'tvulich', 'evans251', 'armour1', 'aalangar', 'emacfady', 'vank', 'jomondi', 'chfranci', 'ksagar', 'harri827', 'rvulich', 'cleveng2', 'sbawaney', 'beers2', 'irwin12', 'ndroessl', 'voorsm', 'sgandiko', 'meyer292', 'weber164', 'nixon21', 'tuckergm', 'moeller4', 'kzingaro', 'pbhaske', 'mragei', 'mart1390', 'mill2500', 'rtrafele', 'csrafin', 'bbarale', 'nafandi', 'gszyman', 'boninl', 'quan8', 'adshowal', 'hollowr', 'achungma', 'mcalisto', 'bird12', 'li2701', 'obriencaitlin20', 'tprati', 'hicks121', 'comer13', 'oditto', 'sharlow', 'hughe215', 'nalsinan', 'hawkin98', 'zuckerma', 'bwodetz', 'akurumba', 'baxter26', 'akmaksim', 'egummers', 'mfangio', 'kradde', 'agf2018', 'cohland', 'feng233', 'wagne267', 'tschoste', 'hmcmilli', 'dbhagwan', 'bbondi', 'sinha54', 'hodge20', 'scott524', 'zhao979', 'cottonb', 'fruane', 'ding308', 'sbukzam', 'efrancoe', 'connoll1', 'zhu999', 'gagnonn', 'hughe234', 'snathell', 'huan1346', 'jperata', 'srpirtle', 'heaton4', 'nrrobins', 'sweene26', 'smahipat', 'mprue', 'gzanutta']",5,"['romack0', 'shagaman', 'ebinkle', 'mihsan', 'cliffos']",112,"['mikav', 'kbrayto', 'asyrek', 'zhan3108', 'agettel', 'zaly', 'gconer', 'skunduru', 'sharp82', 'svendsen', 'yu910', 'jiang650', 'ruff13', 'bkoszyk', 'jennin56', 'tdeucher', 'jkamedul', 'tvulich', 'evans251', 'armour1', 'aalangar', 'emacfady', 'vank', 'jomondi', 'chfranci', 'ksagar', 'harri827', 'rvulich', 'cliffos', 'cleveng2', 'sbawaney', 'beers2', 'irwin12', 'ndroessl', 'voorsm', 'sgandiko', 'meyer292', 'weber164', 'nixon21', 'shagaman', 'tuckergm', 'moeller4', 'kzingaro', 'pbhaske', 'mragei', 'mart1390', 'mill2500', 'rtrafele', 'csrafin', 'bbarale', 'nafandi', 'bodhiscott', 'gszyman', 'boninl', 'quan8', 'adshowal', 'hollowr', 'achungma', 'mcalisto', 'bird12', 'li2701', 'obriencaitlin20', 'tprati', 'hicks121', 'comer13', 'oditto', 'sharlow', 'hughe215', 'nalsinan', 'mihsan', 'hawkin98', 'zuckerma', 'bwodetz', 'akurumba', 'baxter26', 'akmaksim', 'egummers', 'mfangio', 'kradde', 'agf2018', 'cohland', 'feng233', 'wagne267', 'tschoste', 'romack0', 'hmcmilli', 'dbhagwan', 'bbondi', 'sinha54', 'hodge20', 'scott524', 'zhao979', 'cottonb', 'fruane', 'ding308', 'sbukzam', 'efrancoe', 'connoll1', 'zhu999', 'gagnonn', 'hughe234', 'snathell', 'huan1346', 'jperata', 'srpirtle', 'heaton4', 'nrrobins', 'ebinkle', 'sweene26', 'smahipat', 'mprue', 'gzanutta']"
3,173,107,5,2,"['tschoste', 'cottonb']",105,"['mikav', 'kbrayto', 'asyrek', 'zhan3108', 'agettel', 'zaly', 'gconer', 'skunduru', 'sharp82', 'svendsen', 'yu910', 'jiang650', 'ruff13', 'bkoszyk', 'jennin56', 'tdeucher', 'jkamedul', 'tvulich', 'evans251', 'armour1', 'aalangar', 'emacfady', 'vank', 'jomondi', 'chfranci', 'ksagar', 'harri827', 'rvulich', 'cleveng2', 'sbawaney', 'beers2', 'irwin12', 'ndroessl', 'voorsm', 'sgandiko', 'meyer292', 'weber164', 'nixon21', 'tuckergm', 'moeller4', 'kzingaro', 'pbhaske', 'mragei', 'mart1390', 'mill2500', 'rtrafele', 'csrafin', 'bbarale', 'nafandi', 'bodhiscott', 'gszyman', 'boninl', 'quan8', 'adshowal', 'hollowr', 'achungma', 'mcalisto', 'bird12', 'li2701', 'obriencaitlin20', 'tprati', 'hicks121', 'comer13', 'oditto', 'sharlow', 'hughe215', 'nalsinan', 'hawkin98', 'zuckerma', 'bwodetz', 'akurumba', 'baxter26', 'akmaksim', 'egummers', 'mfangio', 'kradde', 'agf2018', 'cohland', 'feng233', 'wagne267', 'hmcmilli', 'dbhagwan', 'bbondi', 'sinha54', 'hodge20', 'scott524', 'zhao979', 'fruane', 'ding308', 'sbukzam', 'efrancoe', 'connoll1', 'zhu999', 'gagnonn', 'hughe234', 'snathell', 'huan1346', 'jperata', 'srpirtle', 'heaton4', 'nrrobins', 'sweene26', 'smahipat', 'mprue', 'gzanutta']",3,"['thubauer', 'weber171', 'baylessl']",110,"['mikav', 'kbrayto', 'asyrek', 'zhan3108', 'agettel', 'zaly', 'gconer', 'skunduru', 'sharp82', 'svendsen', 'yu910', 'jiang650', 'ruff13', 'bkoszyk', 'jennin56', 'tdeucher', 'jkamedul', 'tvulich', 'evans251', 'armour1', 'aalangar', 'weber171', 'emacfady', 'vank', 'jomondi', 'chfranci', 'ksagar', 'baylessl', 'harri827', 'rvulich', 'cleveng2', 'sbawaney', 'beers2', 'irwin12', 'ndroessl', 'voorsm', 'sgandiko', 'meyer292', 'weber164', 'nixon21', 'tuckergm', 'moeller4', 'kzingaro', 'pbhaske', 'mragei', 'mart1390', 'mill2500', 'rtrafele', 'csrafin', 'bbarale', 'nafandi', 'bodhiscott', 'gszyman', 'boninl', 'quan8', 'adshowal', 'hollowr', 'achungma', 'mcalisto', 'bird12', 'li2701', 'obriencaitlin20', 'tprati', 'hicks121', 'comer13', 'oditto', 'sharlow', 'hughe215', 'nalsinan', 'hawkin98', 'zuckerma', 'bwodetz', 'akurumba', 'baxter26', 'akmaksim', 'egummers', 'mfangio', 'kradde', 'agf2018', 'cohland', 'feng233', 'wagne267', 'tschoste', 'hmcmilli', 'dbhagwan', 'bbondi', 'sinha54', 'hodge20', 'scott524', 'zhao979', 'cottonb', 'fruane', 'ding308', 'sbukzam', 'efrancoe', 'connoll1', 'zhu999', 'gagnonn', 'hughe234', 'snathell', 'huan1346', 'jperata', 'srpirtle', 'thubauer', 'heaton4', 'nrrobins', 'sweene26', 'smahipat', 'mprue', 'gzanutta']"
4,84,96,39,21,"['shaynedagostino', 'argstanton', 'nlopezmora', 'cnapoles', 't.van', 'docejo', 'cgettinger', 'gyeomans', 'morganwilliams', 'jacksonpartlow', 'dyuna.soledade', 'bgartside', 'jrabosto', 'wkirby1', 'cami', 'rebeccapoole', 'serranoh', 'rios.ceduardo', 'vallen', 'glaumchloe', 'robert.murtha07']",75,"['chungyanlee', 'diploadrauu', 'exirinach', 'plu123', 'adri.cabezas', 'jahyagumbs', 'joel.cruz', 'a.mahapatra', 'sbmaier', 'nicolas.yanez', 'millero', 'n.aria', 'yassinlabichi', 'jeffdemetrio', 'brooke.mcguire', 'aidanvega', 'snehalmisra', 'jpmctavish', 'walkert1', 'rao.mihir', 'jwoody3', 'jbrownell321', 'frankvigoa', 'tmomplaisir', 'carlosrea', 'a.santana', 'ashleymitchell', 'anna.langley', 'judyzwz', 'kayladunnuck', 'matthew.maloney', 'rsanchezcereijo', 'btreacy', 'jordanbuisch', 'jettsu', 'jsanto22', 'gzeus', 'nicholaspech', 'hennashah', 'amirn', 'connorduffy', 'stefenlagos', 'alainagordon', 'manaschaturvedi', 'robertkaufman1', 'btanguay', 'marinschrack', 'carmennn', 'lianettpineda', 'arodriguez30', 'natashapolito', 'dunleavy.patrick', 'mcarreno', 'jweichselbaumer', 'nguyenk2', 'amaldonadomartin', 'brandongarver', 'glorber', 'kssolovyeva', 'jvanhsy1', 'a01632679', 'oliviarandell', 'eanatividad1', 'lyndseylaborde', 'bethany.baker', 'pr4b0w0', 'thomastc32', 'rosenblumj', 'eric.bodnar', 'm.horn', 'sophia.corrales', 'a01632196', 'jacob.cornell', 'rlucas1', 'walter.sanchez']",18,"['brianlien', 'joseph.johnson', 'kylelackey', 'hernandezv', 'tyler.mark', 'perry.bechtle', 'olivia.bergmann', 'kginter', 'j.cardenas', 'bthompson2', 'thomasdonovan', 's.alderman', 'bklein1', 'jting', 'jherreracarrillo', 'gavin.drawdy', 'roy.mesa', '8223freret']",114,"['chungyanlee', 'diploadrauu', 'hernandezv', 'plu123', 'adri.cabezas', 'joel.cruz', 'nicolas.yanez', 'n.aria', 'jeffdemetrio', 'gavin.drawdy', 'brooke.mcguire', 'snehalmisra', 'jpmctavish', 'frankvigoa', 'carlosrea', 'a.santana', 'ashleymitchell', 'cgettinger', 'judyzwz', 'kayladunnuck', 'gyeomans', 'morganwilliams', 'rsanchezcereijo', 'btreacy', 'jherreracarrillo', 'jettsu', 'brianlien', 'joseph.johnson', 'jsanto22', 'perry.bechtle', 'nicholaspech', 'hennashah', 'dyuna.soledade', 'connorduffy', 'manaschaturvedi', 'carmennn', 'jrabosto', 'arodriguez30', 'lianettpineda', 'rebeccapoole', 'cami', 'wkirby1', 'dunleavy.patrick', '8223freret', 'roy.mesa', 'amaldonadomartin', 'rios.ceduardo', 'glorber', 'olivia.bergmann', 'oliviarandell', 'lyndseylaborde', 'bethany.baker', 'thomastc32', 'vallen', 'jacob.cornell', 'rlucas1', 'glaumchloe', 's.alderman', 'shaynedagostino', 'exirinach', 'tyler.mark', 'argstanton', 'jahyagumbs', 'nlopezmora', 'kginter', 'a.mahapatra', 'j.cardenas', 'sbmaier', 'cnapoles', 'millero', 'yassinlabichi', 'aidanvega', 't.van', 'walkert1', 'rao.mihir', 'docejo', 'jwoody3', 'jbrownell321', 'tmomplaisir', 'anna.langley', 'thomasdonovan', 'matthew.maloney', 'jordanbuisch', 'jacksonpartlow', 'bklein1', 'gzeus', 'amirn', 'stefenlagos', 'alainagordon', 'bgartside', 'robertkaufman1', 'btanguay', 'marinschrack', 'natashapolito', 'mcarreno', 'serranoh', 'jweichselbaumer', 'nguyenk2', 'brandongarver', 'kylelackey', 'kssolovyeva', 'jvanhsy1', 'a01632679', 'eanatividad1', 'rosenblumj', 'pr4b0w0', 'm.horn', 'eric.bodnar', 'bthompson2', 'sophia.corrales', 'a01632196', 'walter.sanchez', 'jting', 'robert.murtha07']"
4,88,96,23,17,"['jweichselbaumer', 'brandongarver', 'exirinach', 'glorber', 'rao.mihir', 'joel.cruz', 'mcarreno', 'frankvigoa', 'walter.sanchez', 'arodriguez30', 'a.santana', 'robertkaufman1', 'nicolas.yanez', 'kayladunnuck', 'sophia.corrales', 'rsanchezcereijo', 'btreacy']",79,"['chungyanlee', 'diploadrauu', 'plu123', 'adri.cabezas', 'n.aria', 'jeffdemetrio', 'brooke.mcguire', 'snehalmisra', 'jpmctavish', 'carlosrea', 'ashleymitchell', 'cgettinger', 'judyzwz', 'gyeomans', 'morganwilliams', 'jettsu', 'jsanto22', 'nicholaspech', 'hennashah', 'dyuna.soledade', 'connorduffy', 'manaschaturvedi', 'carmennn', 'jrabosto', 'lianettpineda', 'rebeccapoole', 'cami', 'wkirby1', 'dunleavy.patrick', 'amaldonadomartin', 'rios.ceduardo', 'oliviarandell', 'lyndseylaborde', 'bethany.baker', 'thomastc32', 'vallen', 'jacob.cornell', 'rlucas1', 'glaumchloe', 'shaynedagostino', 'argstanton', 'jahyagumbs', 'nlopezmora', 'a.mahapatra', 'sbmaier', 'cnapoles', 'millero', 'yassinlabichi', 'aidanvega', 't.van', 'walkert1', 'docejo', 'jwoody3', 'jbrownell321', 'tmomplaisir', 'anna.langley', 'matthew.maloney', 'jordanbuisch', 'jacksonpartlow', 'gzeus', 'amirn', 'stefenlagos', 'alainagordon', 'bgartside', 'btanguay', 'marinschrack', 'natashapolito', 'serranoh', 'nguyenk2', 'kssolovyeva', 'jvanhsy1', 'a01632679', 'eanatividad1', 'rosenblumj', 'pr4b0w0', 'm.horn', 'eric.bodnar', 'a01632196', 'robert.murtha07']",6,"['ksantaniello', 'sgandhi', 'm.mcguinness', 'kyle.james', 'jake.julia', 'zhewitt']",102,"['chungyanlee', 'diploadrauu', 'ksantaniello', 'sgandhi', 'plu123', 'adri.cabezas', 'joel.cruz', 'kyle.james', 'nicolas.yanez', 'n.aria', 'jeffdemetrio', 'brooke.mcguire', 'snehalmisra', 'jpmctavish', 'm.mcguinness', 'frankvigoa', 'carlosrea', 'a.santana', 'ashleymitchell', 'cgettinger', 'jake.julia', 'judyzwz', 'kayladunnuck', 'gyeomans', 'morganwilliams', 'rsanchezcereijo', 'btreacy', 'jettsu', 'jsanto22', 'nicholaspech', 'hennashah', 'dyuna.soledade', 'connorduffy', 'manaschaturvedi', 'carmennn', 'jrabosto', 'arodriguez30', 'lianettpineda', 'rebeccapoole', 'cami', 'wkirby1', 'dunleavy.patrick', 'amaldonadomartin', 'rios.ceduardo', 'glorber', 'oliviarandell', 'lyndseylaborde', 'bethany.baker', 'thomastc32', 'vallen', 'jacob.cornell', 'rlucas1', 'glaumchloe', 'shaynedagostino', 'exirinach', 'argstanton', 'jahyagumbs', 'nlopezmora', 'a.mahapatra', 'sbmaier', 'cnapoles', 'millero', 'yassinlabichi', 'aidanvega', 't.van', 'walkert1', 'rao.mihir', 'docejo', 'jwoody3', 'jbrownell321', 'tmomplaisir', 'anna.langley', 'matthew.maloney', 'jordanbuisch', 'jacksonpartlow', 'gzeus', 'amirn', 'stefenlagos', 'alainagordon', 'bgartside', 'robertkaufman1', 'btanguay', 'marinschrack', 'natashapolito', 'mcarreno', 'serranoh', 'jweichselbaumer', 'nguyenk2', 'brandongarver', 'kssolovyeva', 'jvanhsy1', 'a01632679', 'eanatividad1', 'rosenblumj', 'pr4b0w0', 'm.horn', 'eric.bodnar', 'sophia.corrales', 'a01632196', 'walter.sanchez', 'zhewitt', 'robert.murtha07']"
4,83,96,15,8,"['rosenblumj', 'jahyagumbs', 'bethany.baker', 'tmomplaisir', 'manaschaturvedi', 'natashapolito', 'kayladunnuck', 'dunleavy.patrick']",88,"['chungyanlee', 'diploadrauu', 'plu123', 'adri.cabezas', 'joel.cruz', 'nicolas.yanez', 'n.aria', 'jeffdemetrio', 'brooke.mcguire', 'snehalmisra', 'jpmctavish', 'frankvigoa', 'carlosrea', 'a.santana', 'ashleymitchell', 'cgettinger', 'judyzwz', 'gyeomans', 'morganwilliams', 'rsanchezcereijo', 'btreacy', 'jettsu', 'jsanto22', 'nicholaspech', 'hennashah', 'dyuna.soledade', 'connorduffy', 'carmennn', 'jrabosto', 'arodriguez30', 'lianettpineda', 'rebeccapoole', 'cami', 'wkirby1', 'amaldonadomartin', 'rios.ceduardo', 'glorber', 'oliviarandell', 'lyndseylaborde', 'thomastc32', 'vallen', 'jacob.cornell', 'rlucas1', 'glaumchloe', 'shaynedagostino', 'exirinach', 'argstanton', 'nlopezmora', 'a.mahapatra', 'sbmaier', 'cnapoles', 'millero', 'yassinlabichi', 'aidanvega', 't.van', 'walkert1', 'rao.mihir', 'docejo', 'jwoody3', 'jbrownell321', 'anna.langley', 'matthew.maloney', 'jordanbuisch', 'jacksonpartlow', 'gzeus', 'amirn', 'stefenlagos', 'alainagordon', 'bgartside', 'robertkaufman1', 'btanguay', 'marinschrack', 'mcarreno', 'serranoh', 'jweichselbaumer', 'nguyenk2', 'brandongarver', 'kssolovyeva', 'jvanhsy1', 'a01632679', 'eanatividad1', 'pr4b0w0', 'm.horn', 'eric.bodnar', 'sophia.corrales', 'a01632196', 'walter.sanchez', 'robert.murtha07']",7,"['rnowak', 'sergiolopez', 'mwielatz', 'jwingen', 'justinwalsh', 'andrew.montiegel', 'hvantassel']",103,"['chungyanlee', 'rnowak', 'diploadrauu', 'plu123', 'adri.cabezas', 'joel.cruz', 'nicolas.yanez', 'n.aria', 'justinwalsh', 'jeffdemetrio', 'brooke.mcguire', 'snehalmisra', 'jpmctavish', 'frankvigoa', 'carlosrea', 'a.santana', 'ashleymitchell', 'cgettinger', 'judyzwz', 'kayladunnuck', 'gyeomans', 'morganwilliams', 'rsanchezcereijo', 'btreacy', 'jettsu', 'jsanto22', 'nicholaspech', 'hennashah', 'dyuna.soledade', 'connorduffy', 'manaschaturvedi', 'carmennn', 'jrabosto', 'arodriguez30', 'lianettpineda', 'rebeccapoole', 'cami', 'wkirby1', 'dunleavy.patrick', 'amaldonadomartin', 'rios.ceduardo', 'glorber', 'oliviarandell', 'lyndseylaborde', 'bethany.baker', 'thomastc32', 'vallen', 'jacob.cornell', 'rlucas1', 'glaumchloe', 'andrew.montiegel', 'shaynedagostino', 'exirinach', 'argstanton', 'jahyagumbs', 'nlopezmora', 'a.mahapatra', 'sbmaier', 'cnapoles', 'millero', 'jwingen', 'yassinlabichi', 'hvantassel', 'aidanvega', 't.van', 'walkert1', 'rao.mihir', 'docejo', 'jwoody3', 'jbrownell321', 'tmomplaisir', 'anna.langley', 'matthew.maloney', 'jordanbuisch', 'jacksonpartlow', 'mwielatz', 'gzeus', 'amirn', 'stefenlagos', 'sergiolopez', 'alainagordon', 'bgartside', 'robertkaufman1', 'btanguay', 'marinschrack', 'natashapolito', 'mcarreno', 'serranoh', 'jweichselbaumer', 'nguyenk2', 'brandongarver', 'kssolovyeva', 'jvanhsy1', 'a01632679', 'eanatividad1', 'rosenblumj', 'pr4b0w0', 'm.horn', 'eric.bodnar', 'sophia.corrales', 'a01632196', 'walter.sanchez', 'robert.murtha07']"
4,89,96,10,8,"['amaldonadomartin', 'm.horn', 'alainagordon', 'gyeomans', 'millero', 'rebeccapoole', 'yassinlabichi', 'jeffdemetrio']",88,"['chungyanlee', 'diploadrauu', 'plu123', 'adri.cabezas', 'joel.cruz', 'nicolas.yanez', 'n.aria', 'brooke.mcguire', 'snehalmisra', 'jpmctavish', 'frankvigoa', 'carlosrea', 'a.santana', 'ashleymitchell', 'cgettinger', 'judyzwz', 'kayladunnuck', 'morganwilliams', 'rsanchezcereijo', 'btreacy', 'jettsu', 'jsanto22', 'nicholaspech', 'hennashah', 'dyuna.soledade', 'connorduffy', 'manaschaturvedi', 'carmennn', 'jrabosto', 'arodriguez30', 'lianettpineda', 'cami', 'wkirby1', 'dunleavy.patrick', 'rios.ceduardo', 'glorber', 'oliviarandell', 'lyndseylaborde', 'bethany.baker', 'thomastc32', 'vallen', 'jacob.cornell', 'rlucas1', 'glaumchloe', 'shaynedagostino', 'exirinach', 'argstanton', 'jahyagumbs', 'nlopezmora', 'a.mahapatra', 'sbmaier', 'cnapoles', 'aidanvega', 't.van', 'walkert1', 'rao.mihir', 'docejo', 'jwoody3', 'jbrownell321', 'tmomplaisir', 'anna.langley', 'matthew.maloney', 'jordanbuisch', 'jacksonpartlow', 'gzeus', 'amirn', 'stefenlagos', 'bgartside', 'robertkaufman1', 'btanguay', 'marinschrack', 'natashapolito', 'mcarreno', 'serranoh', 'jweichselbaumer', 'nguyenk2', 'brandongarver', 'kssolovyeva', 'jvanhsy1', 'a01632679', 'eanatividad1', 'rosenblumj', 'pr4b0w0', 'eric.bodnar', 'sophia.corrales', 'a01632196', 'walter.sanchez', 'robert.murtha07']",2,"['caderylands', '8223freret']",98,"['chungyanlee', 'diploadrauu', 'plu123', 'adri.cabezas', 'joel.cruz', 'nicolas.yanez', 'n.aria', 'jeffdemetrio', 'brooke.mcguire', 'snehalmisra', 'jpmctavish', 'frankvigoa', 'carlosrea', 'a.santana', 'ashleymitchell', 'cgettinger', 'judyzwz', 'kayladunnuck', 'gyeomans', 'morganwilliams', 'rsanchezcereijo', 'btreacy', 'jettsu', 'jsanto22', 'nicholaspech', 'hennashah', 'dyuna.soledade', 'connorduffy', 'manaschaturvedi', 'carmennn', 'jrabosto', 'arodriguez30', 'lianettpineda', 'rebeccapoole', 'cami', 'wkirby1', 'dunleavy.patrick', '8223freret', 'amaldonadomartin', 'rios.ceduardo', 'glorber', 'oliviarandell', 'lyndseylaborde', 'bethany.baker', 'thomastc32', 'vallen', 'jacob.cornell', 'rlucas1', 'glaumchloe', 'shaynedagostino', 'exirinach', 'argstanton', 'jahyagumbs', 'nlopezmora', 'a.mahapatra', 'sbmaier', 'cnapoles', 'millero', 'yassinlabichi', 'aidanvega', 't.van', 'walkert1', 'rao.mihir', 'docejo', 'jwoody3', 'jbrownell321', 'tmomplaisir', 'anna.langley', 'matthew.maloney', 'jordanbuisch', 'jacksonpartlow', 'caderylands', 'gzeus', 'amirn', 'stefenlagos', 'alainagordon', 'bgartside', 'robertkaufman1', 'btanguay', 'marinschrack', 'natashapolito', 'mcarreno', 'serranoh', 'jweichselbaumer', 'nguyenk2', 'brandongarver', 'kssolovyeva', 'jvanhsy1', 'a01632679', 'eanatividad1', 'rosenblumj', 'pr4b0w0', 'm.horn', 'eric.bodnar', 'sophia.corrales', 'a01632196', 'walter.sanchez', 'robert.murtha07']"
4,92,96,7,4,"['nicholaspech', 'nguyenk2', 'diploadrauu', 'ashleymitchell']",92,"['chungyanlee', 'plu123', 'adri.cabezas', 'joel.cruz', 'nicolas.yanez', 'n.aria', 'jeffdemetrio', 'brooke.mcguire', 'snehalmisra', 'jpmctavish', 'frankvigoa', 'carlosrea', 'a.santana', 'cgettinger', 'judyzwz', 'kayladunnuck', 'gyeomans', 'morganwilliams', 'rsanchezcereijo', 'btreacy', 'jettsu', 'jsanto22', 'hennashah', 'dyuna.soledade', 'connorduffy', 'manaschaturvedi', 'carmennn', 'jrabosto', 'arodriguez30', 'lianettpineda', 'rebeccapoole', 'cami', 'wkirby1', 'dunleavy.patrick', 'amaldonadomartin', 'rios.ceduardo', 'glorber', 'oliviarandell', 'lyndseylaborde', 'bethany.baker', 'thomastc32', 'vallen', 'jacob.cornell', 'rlucas1', 'glaumchloe', 'shaynedagostino', 'exirinach', 'argstanton', 'jahyagumbs', 'nlopezmora', 'a.mahapatra', 'sbmaier', 'cnapoles', 'millero', 'yassinlabichi', 'aidanvega', 't.van', 'walkert1', 'rao.mihir', 'docejo', 'jwoody3', 'jbrownell321', 'tmomplaisir', 'anna.langley', 'matthew.maloney', 'jordanbuisch', 'jacksonpartlow', 'gzeus', 'amirn', 'stefenlagos', 'alainagordon', 'bgartside', 'robertkaufman1', 'btanguay', 'marinschrack', 'natashapolito', 'mcarreno', 'serranoh', 'jweichselbaumer', 'brandongarver', 'kssolovyeva', 'jvanhsy1', 'a01632679', 'eanatividad1', 'rosenblumj', 'pr4b0w0', 'm.horn', 'eric.bodnar', 'sophia.corrales', 'a01632196', 'walter.sanchez', 'robert.murtha07']",3,"['j.cardenas', 'hvantassel', 'johnmallari']",99,"['chungyanlee', 'diploadrauu', 'plu123', 'adri.cabezas', 'joel.cruz', 'nicolas.yanez', 'n.aria', 'jeffdemetrio', 'brooke.mcguire', 'snehalmisra', 'jpmctavish', 'frankvigoa', 'carlosrea', 'a.santana', 'ashleymitchell', 'cgettinger', 'judyzwz', 'kayladunnuck', 'gyeomans', 'morganwilliams', 'rsanchezcereijo', 'btreacy', 'jettsu', 'johnmallari', 'jsanto22', 'nicholaspech', 'hennashah', 'dyuna.soledade', 'connorduffy', 'manaschaturvedi', 'carmennn', 'jrabosto', 'arodriguez30', 'lianettpineda', 'rebeccapoole', 'cami', 'wkirby1', 'dunleavy.patrick', 'amaldonadomartin', 'rios.ceduardo', 'glorber', 'oliviarandell', 'lyndseylaborde', 'bethany.baker', 'thomastc32', 'vallen', 'jacob.cornell', 'rlucas1', 'glaumchloe', 'shaynedagostino', 'exirinach', 'argstanton', 'jahyagumbs', 'nlopezmora', 'a.mahapatra', 'j.cardenas', 'sbmaier', 'cnapoles', 'millero', 'yassinlabichi', 'hvantassel', 'aidanvega', 't.van', 'walkert1', 'rao.mihir', 'docejo', 'jwoody3', 'jbrownell321', 'tmomplaisir', 'anna.langley', 'matthew.maloney', 'jordanbuisch', 'jacksonpartlow', 'gzeus', 'amirn', 'stefenlagos', 'alainagordon', 'bgartside', 'robertkaufman1', 'btanguay', 'marinschrack', 'natashapolito', 'mcarreno', 'serranoh', 'jweichselbaumer', 'nguyenk2', 'brandongarver', 'kssolovyeva', 'jvanhsy1', 'a01632679', 'eanatividad1', 'rosenblumj', 'pr4b0w0', 'm.horn', 'eric.bodnar', 'sophia.corrales', 'a01632196', 'walter.sanchez', 'robert.murtha07']"
4,90,96,6,5,"['chungyanlee', 'jsanto22', 'kssolovyeva', 'jvanhsy1', 'jwoody3']",91,"['diploadrauu', 'plu123', 'adri.cabezas', 'joel.cruz', 'nicolas.yanez', 'n.aria', 'jeffdemetrio', 'brooke.mcguire', 'snehalmisra', 'jpmctavish', 'frankvigoa', 'carlosrea', 'a.santana', 'ashleymitchell', 'cgettinger', 'judyzwz', 'kayladunnuck', 'gyeomans', 'morganwilliams', 'rsanchezcereijo', 'btreacy', 'jettsu', 'nicholaspech', 'hennashah', 'dyuna.soledade', 'connorduffy', 'manaschaturvedi', 'carmennn', 'jrabosto', 'arodriguez30', 'lianettpineda', 'rebeccapoole', 'cami', 'wkirby1', 'dunleavy.patrick', 'amaldonadomartin', 'rios.ceduardo', 'glorber', 'oliviarandell', 'lyndseylaborde', 'bethany.baker', 'thomastc32', 'vallen', 'jacob.cornell', 'rlucas1', 'glaumchloe', 'shaynedagostino', 'exirinach', 'argstanton', 'jahyagumbs', 'nlopezmora', 'a.mahapatra', 'sbmaier', 'cnapoles', 'millero', 'yassinlabichi', 'aidanvega', 't.van', 'walkert1', 'rao.mihir', 'docejo', 'jbrownell321', 'tmomplaisir', 'anna.langley', 'matthew.maloney', 'jordanbuisch', 'jacksonpartlow', 'gzeus', 'amirn', 'stefenlagos', 'alainagordon', 'bgartside', 'robertkaufman1', 'btanguay', 'marinschrack', 'natashapolito', 'mcarreno', 'serranoh', 'jweichselbaumer', 'nguyenk2', 'brandongarver', 'a01632679', 'eanatividad1', 'rosenblumj', 'pr4b0w0', 'm.horn', 'eric.bodnar', 'sophia.corrales', 'a01632196', 'walter.sanchez', 'robert.murtha07']",1,['rlibros'],97,"['chungyanlee', 'diploadrauu', 'plu123', 'adri.cabezas', 'rlibros', 'joel.cruz', 'nicolas.yanez', 'n.aria', 'jeffdemetrio', 'brooke.mcguire', 'snehalmisra', 'jpmctavish', 'frankvigoa', 'carlosrea', 'a.santana', 'ashleymitchell', 'cgettinger', 'judyzwz', 'kayladunnuck', 'gyeomans', 'morganwilliams', 'rsanchezcereijo', 'btreacy', 'jettsu', 'jsanto22', 'nicholaspech', 'hennashah', 'dyuna.soledade', 'connorduffy', 'manaschaturvedi', 'carmennn', 'jrabosto', 'arodriguez30', 'lianettpineda', 'rebeccapoole', 'cami', 'wkirby1', 'dunleavy.patrick', 'amaldonadomartin', 'rios.ceduardo', 'glorber', 'oliviarandell', 'lyndseylaborde', 'bethany.baker', 'thomastc32', 'vallen', 'jacob.cornell', 'rlucas1', 'glaumchloe', 'shaynedagostino', 'exirinach', 'argstanton', 'jahyagumbs', 'nlopezmora', 'a.mahapatra', 'sbmaier', 'cnapoles', 'millero', 'yassinlabichi', 'aidanvega', 't.van', 'walkert1', 'rao.mihir', 'docejo', 'jwoody3', 'jbrownell321', 'tmomplaisir', 'anna.langley', 'matthew.maloney', 'jordanbuisch', 'jacksonpartlow', 'gzeus', 'amirn', 'stefenlagos', 'alainagordon', 'bgartside', 'robertkaufman1', 'btanguay', 'marinschrack', 'natashapolito', 'mcarreno', 'serranoh', 'jweichselbaumer', 'nguyenk2', 'brandongarver', 'kssolovyeva', 'jvanhsy1', 'a01632679', 'eanatividad1', 'rosenblumj', 'pr4b0w0', 'm.horn', 'eric.bodnar', 'sophia.corrales', 'a01632196', 'walter.sanchez', 'robert.murtha07']"
4,91,96,6,3,"['lianettpineda', 'eric.bodnar', 'btanguay']",93,"['chungyanlee', 'diploadrauu', 'plu123', 'adri.cabezas', 'joel.cruz', 'nicolas.yanez', 'n.aria', 'jeffdemetrio', 'brooke.mcguire', 'snehalmisra', 'jpmctavish', 'frankvigoa', 'carlosrea', 'a.santana', 'ashleymitchell', 'cgettinger', 'judyzwz', 'kayladunnuck', 'gyeomans', 'morganwilliams', 'rsanchezcereijo', 'btreacy', 'jettsu', 'jsanto22', 'nicholaspech', 'hennashah', 'dyuna.soledade', 'connorduffy', 'manaschaturvedi', 'carmennn', 'jrabosto', 'arodriguez30', 'rebeccapoole', 'cami', 'wkirby1', 'dunleavy.patrick', 'amaldonadomartin', 'rios.ceduardo', 'glorber', 'oliviarandell', 'lyndseylaborde', 'bethany.baker', 'thomastc32', 'vallen', 'jacob.cornell', 'rlucas1', 'glaumchloe', 'shaynedagostino', 'exirinach', 'argstanton', 'jahyagumbs', 'nlopezmora', 'a.mahapatra', 'sbmaier', 'cnapoles', 'millero', 'yassinlabichi', 'aidanvega', 't.van', 'walkert1', 'rao.mihir', 'docejo', 'jwoody3', 'jbrownell321', 'tmomplaisir', 'anna.langley', 'matthew.maloney', 'jordanbuisch', 'jacksonpartlow', 'gzeus', 'amirn', 'stefenlagos', 'alainagordon', 'bgartside', 'robertkaufman1', 'marinschrack', 'natashapolito', 'mcarreno', 'serranoh', 'jweichselbaumer', 'nguyenk2', 'brandongarver', 'kssolovyeva', 'jvanhsy1', 'a01632679', 'eanatividad1', 'rosenblumj', 'pr4b0w0', 'm.horn', 'sophia.corrales', 'a01632196', 'walter.sanchez', 'robert.murtha07']",3,"['carson.mcneely', 'haquem', 'lnava']",99,"['chungyanlee', 'diploadrauu', 'plu123', 'adri.cabezas', 'joel.cruz', 'nicolas.yanez', 'n.aria', 'jeffdemetrio', 'brooke.mcguire', 'haquem', 'snehalmisra', 'jpmctavish', 'frankvigoa', 'carlosrea', 'a.santana', 'ashleymitchell', 'cgettinger', 'judyzwz', 'kayladunnuck', 'gyeomans', 'morganwilliams', 'rsanchezcereijo', 'btreacy', 'jettsu', 'jsanto22', 'nicholaspech', 'hennashah', 'dyuna.soledade', 'connorduffy', 'manaschaturvedi', 'carmennn', 'jrabosto', 'arodriguez30', 'lianettpineda', 'rebeccapoole', 'cami', 'wkirby1', 'dunleavy.patrick', 'carson.mcneely', 'amaldonadomartin', 'rios.ceduardo', 'glorber', 'oliviarandell', 'lyndseylaborde', 'bethany.baker', 'thomastc32', 'vallen', 'jacob.cornell', 'rlucas1', 'glaumchloe', 'shaynedagostino', 'exirinach', 'argstanton', 'jahyagumbs', 'nlopezmora', 'a.mahapatra', 'sbmaier', 'cnapoles', 'millero', 'yassinlabichi', 'aidanvega', 't.van', 'walkert1', 'rao.mihir', 'docejo', 'jwoody3', 'jbrownell321', 'tmomplaisir', 'anna.langley', 'lnava', 'matthew.maloney', 'jordanbuisch', 'jacksonpartlow', 'gzeus', 'amirn', 'stefenlagos', 'alainagordon', 'bgartside', 'robertkaufman1', 'btanguay', 'marinschrack', 'natashapolito', 'mcarreno', 'serranoh', 'jweichselbaumer', 'nguyenk2', 'brandongarver', 'kssolovyeva', 'jvanhsy1', 'a01632679', 'eanatividad1', 'rosenblumj', 'pr4b0w0', 'm.horn', 'eric.bodnar', 'sophia.corrales', 'a01632196', 'walter.sanchez', 'robert.murtha07']"
4,93,96,6,1,['wkirby1'],95,"['chungyanlee', 'diploadrauu', 'plu123', 'adri.cabezas', 'joel.cruz', 'nicolas.yanez', 'n.aria', 'jeffdemetrio', 'brooke.mcguire', 'snehalmisra', 'jpmctavish', 'frankvigoa', 'carlosrea', 'a.santana', 'ashleymitchell', 'cgettinger', 'judyzwz', 'kayladunnuck', 'gyeomans', 'morganwilliams', 'rsanchezcereijo', 'btreacy', 'jettsu', 'jsanto22', 'nicholaspech', 'hennashah', 'dyuna.soledade', 'connorduffy', 'manaschaturvedi', 'carmennn', 'jrabosto', 'arodriguez30', 'lianettpineda', 'rebeccapoole', 'cami', 'dunleavy.patrick', 'amaldonadomartin', 'rios.ceduardo', 'glorber', 'oliviarandell', 'lyndseylaborde', 'bethany.baker', 'thomastc32', 'vallen', 'jacob.cornell', 'rlucas1', 'glaumchloe', 'shaynedagostino', 'exirinach', 'argstanton', 'jahyagumbs', 'nlopezmora', 'a.mahapatra', 'sbmaier', 'cnapoles', 'millero', 'yassinlabichi', 'aidanvega', 't.van', 'walkert1', 'rao.mihir', 'docejo', 'jwoody3', 'jbrownell321', 'tmomplaisir', 'anna.langley', 'matthew.maloney', 'jordanbuisch', 'jacksonpartlow', 'gzeus', 'amirn', 'stefenlagos', 'alainagordon', 'bgartside', 'robertkaufman1', 'btanguay', 'marinschrack', 'natashapolito', 'mcarreno', 'serranoh', 'jweichselbaumer', 'nguyenk2', 'brandongarver', 'kssolovyeva', 'jvanhsy1', 'a01632679', 'eanatividad1', 'rosenblumj', 'pr4b0w0', 'm.horn', 'eric.bodnar', 'sophia.corrales', 'a01632196', 'walter.sanchez', 'robert.murtha07']",5,"['molinay', 'mariecrosby', 'nowen1', 'dwasko', 'ehecht']",101,"['chungyanlee', 'diploadrauu', 'plu123', 'adri.cabezas', 'joel.cruz', 'nicolas.yanez', 'n.aria', 'dwasko', 'jeffdemetrio', 'brooke.mcguire', 'snehalmisra', 'jpmctavish', 'frankvigoa', 'carlosrea', 'a.santana', 'ashleymitchell', 'cgettinger', 'judyzwz', 'kayladunnuck', 'gyeomans', 'morganwilliams', 'rsanchezcereijo', 'btreacy', 'jettsu', 'ehecht', 'jsanto22', 'nicholaspech', 'hennashah', 'dyuna.soledade', 'connorduffy', 'manaschaturvedi', 'nowen1', 'carmennn', 'jrabosto', 'arodriguez30', 'lianettpineda', 'rebeccapoole', 'cami', 'wkirby1', 'dunleavy.patrick', 'amaldonadomartin', 'rios.ceduardo', 'glorber', 'oliviarandell', 'lyndseylaborde', 'bethany.baker', 'thomastc32', 'vallen', 'jacob.cornell', 'rlucas1', 'glaumchloe', 'shaynedagostino', 'exirinach', 'molinay', 'argstanton', 'jahyagumbs', 'nlopezmora', 'a.mahapatra', 'sbmaier', 'cnapoles', 'millero', 'yassinlabichi', 'aidanvega', 't.van', 'walkert1', 'rao.mihir', 'docejo', 'jwoody3', 'jbrownell321', 'tmomplaisir', 'anna.langley', 'matthew.maloney', 'jordanbuisch', 'jacksonpartlow', 'gzeus', 'amirn', 'stefenlagos', 'mariecrosby', 'alainagordon', 'bgartside', 'robertkaufman1', 'btanguay', 'marinschrack', 'natashapolito', 'mcarreno', 'serranoh', 'jweichselbaumer', 'nguyenk2', 'brandongarver', 'kssolovyeva', 'jvanhsy1', 'a01632679', 'eanatividad1', 'rosenblumj', 'pr4b0w0', 'm.horn', 'eric.bodnar', 'sophia.corrales', 'a01632196', 'walter.sanchez', 'robert.murtha07']"
5,163,96,158,53,"['will1941', 'rhentric', 'mkirsch', 'whollan', 'nrentsc', 'stuff', 'john2345', 'okeefee', 'tsriram', 'nortt', 'mclassen', 'zhu741', 'jade.m.meekin', 'downeyl', 'hmcguir', 'chris260', 'jyounkin', 'mlannie', 'single0', 'mngaglia', 'ander939', 'liu2442', 'romack0', 'afarha', 'artierenier', 'cliffos', 'rstaples', 'srajarat', 'mmatteso', 'ander966', 'rcalistr', 'lopez347', 'dnocon', 'gfiedler', 'allen482', 'rdamle', 'bgrytza', 'wagoneb', 'mock6', 'kyendru', 'llefebvr', 'elamewon', 'jcavage', 'nfransen', 'lritchis', 'kong68', 'russe162', 'sayyala', 'pan229', 'jnylen', 'wdobbs', 'ojonas', 'ellis125']",43,"['hsakiewi', 'wchowdhu', 'meyer313', 'ashinne', 'djodhani', 'lhendrik', 'dholicz', 'michae19', 'brow1511', 'duncan94', 'scott479', 'costel12', 'rhodes44', 'mdewaele', 'nrobb', 'cwantz', 'ididelot', 'melyouse', 'andersonmy94', 'tzadrave', 'pkanugul', 'baylessl', 'verduzm', 'reddy62', 'cjlee328', 'slorenzo', 'ewolfla', 'lange35', 'nherbert', 'alsalea', 'jskare', 'wood164', 'harvey83', 'benne170', 'leal6', 'dkramper', 'ychawla', 'smit3400', 'chakra26', 'esuer', 'amarkert', 'mot', 'pate1034']",105,"['mikav', 'kbrayto', 'carls127', 'jennin56', 'ncivitan', 'amelia.markert979', 'cmancini', 'adoxsee', 'ejobe', 'beers2', 'ndroessl', 'lopez344', 'lvelky', 'nixon21', 'wnorton', 'mragei', 'jone1616', 'csrafin', 'bbarale', 'nafandi', 'bodhiscott', 'tprati', 'jcarre', 'hawkin98', 'akurumba', 'akmaksim', 'mfangio', 'kradde', 'lin1297', 'feng233', 'thoma805', 'dbhagwan', 'sinha54', 'hodge20', 'sbukzam', 'efrancoe', 'connoll1', 'jmestach', 'gagnonn', 'kngupta', 'thubauer', 'nrrobins', 'sweene26', 'smahipat', 'murph417', 'gzanutta', 'mannin15', 'asyrek', 'zhan3108', 'afirkan', 'agettel', 'gconer', 'skunduru', 'sharp82', 'svendsen', 'jmesa', 'bkoszyk', 'marykirstenreilly', 'tvulich', 'armour1', 'jmontbru', 'ahn87', 'ksagar', 'chfranci', 'pate1082', 'harri827', 'funkhous', 'nkielkop', 'cleveng2', 'voorsm', 'weber164', 'kzingaro', 'pbhaske', 'lukehendriks4', 'rtrafele', 'boninl', 'hollowr', 'achungma', 'bird12', 'li2701', 'mcalisto', 'danie140', 'obriencaitlin20', 'comer13', 'mihsan', 'sharlow', 'zuckerma', 'stockerm', 'hollej', 'agf2018', 'cohland', 'bbondi', 'jgerstei', 'abirkeme', 'agarw190', 'zhao979', 'fruane', 'llwan', 'aalnas', 'hughe234', 'snathell', 'jperata', 'heaton4', 'ebinkle', 'mprue']",201,"['will1941', 'mikav', 'wchowdhu', 'kbrayto', 'rhentric', 'carls127', 'dholicz', 'jennin56', 'duncan94', 'scott479', 'ncivitan', 'amelia.markert979', 'downeyl', 'nrobb', 'cmancini', 'ididelot', 'baylessl', 'cliffos', 'slorenzo', 'rcalistr', 'adoxsee', 'ejobe', 'alsalea', 'beers2', 'jskare', 'ndroessl', 'gfiedler', 'harvey83', 'lopez344', 'benne170', 'leal6', 'lvelky', 'nixon21', 'wnorton', 'mragei', 'smit3400', 'chakra26', 'jone1616', 'amarkert', 'pan229', 'mot', 'jnylen', 'csrafin', 'bbarale', 'nafandi', 'bodhiscott', 'tprati', 'jcarre', 'michae19', 'brow1511', 'nortt', 'hawkin98', 'akurumba', 'akmaksim', 'costel12', 'mfangio', 'kradde', 'lin1297', 'mlannie', 'feng233', 'thoma805', 'dbhagwan', 'rstaples', 'sinha54', 'hodge20', 'mmatteso', 'ander966', 'sbukzam', 'allen482', 'rdamle', 'bgrytza', 'wagoneb', 'connoll1', 'jmestach', 'gagnonn', 'efrancoe', 'elamewon', 'kngupta', 'jcavage', 'thubauer', 'lritchis', 'nrrobins', 'kong68', 'sweene26', 'smahipat', 'pate1034', 'gzanutta', 'murph417', 'meyer313', 'mannin15', 'asyrek', 'zhan3108', 'djodhani', 'afirkan', 'agettel', 'gconer', 'skunduru', 'sharp82', 'stuff', 'svendsen', 'jmesa', 'okeefee', 'bkoszyk', 'marykirstenreilly', 'tvulich', 'armour1', 'chris260', 'jyounkin', 'melyouse', 'ahn87', 'mngaglia', 'tzadrave', 'jmontbru', 'ksagar', 'chfranci', 'verduzm', 'reddy62', 'pate1082', 'harri827', 'funkhous', 'ewolfla', 'nkielkop', 'lange35', 'cleveng2', 'dnocon', 'voorsm', 'mock6', 'weber164', 'dkramper', 'kzingaro', 'pbhaske', 'llefebvr', 'lukehendriks4', 'russe162', 'esuer', 'sayyala', 'rtrafele', 'ojonas', 'ellis125', 'boninl', 'hsakiewi', 'hollowr', 'ashinne', 'achungma', 'lhendrik', 'bird12', 'mkirsch', 'whollan', 'li2701', 'nrentsc', 'mcalisto', 'danie140', 'obriencaitlin20', 'john2345', 'tsriram', 'mihsan', 'sharlow', 'comer13', 'mclassen', 'zhu741', 'zuckerma', 'jade.m.meekin', 'stockerm', 'hollej', 'rhodes44', 'mdewaele', 'hmcguir', 'agf2018', 'cwantz', 'single0', 'ander939', 'andersonmy94', 'liu2442', 'romack0', 'afarha', 'pkanugul', 'cohland', 'bbondi', 'artierenier', 'cjlee328', 'jgerstei', 'abirkeme', 'srajarat', 'agarw190', 'lopez347', 'nherbert', 'zhao979', 'fruane', 'llwan', 'aalnas', 'wood164', 'kyendru', 'hughe234', 'snathell', 'jperata', 'ychawla', 'nfransen', 'heaton4', 'ebinkle', 'wdobbs', 'mprue']"
5,164,96,41,17,"['hsakiewi', 'lange35', 'smit3400', 'nherbert', 'costel12', 'djodhani', 'rhodes44', 'nrobb', 'wood164', 'chakra26', 'harvey83', 'tzadrave', 'michae19', 'brow1511', 'reddy62', 'duncan94', 'ewolfla']",79,"['will1941', 'wchowdhu', 'rhentric', 'dholicz', 'scott479', 'downeyl', 'ididelot', 'baylessl', 'slorenzo', 'cliffos', 'rcalistr', 'alsalea', 'jskare', 'gfiedler', 'benne170', 'leal6', 'amarkert', 'pan229', 'mot', 'jnylen', 'nortt', 'mlannie', 'rstaples', 'mmatteso', 'ander966', 'allen482', 'rdamle', 'bgrytza', 'wagoneb', 'elamewon', 'jcavage', 'lritchis', 'kong68', 'pate1034', 'meyer313', 'stuff', 'okeefee', 'chris260', 'jyounkin', 'melyouse', 'mngaglia', 'verduzm', 'dnocon', 'mock6', 'dkramper', 'llefebvr', 'russe162', 'esuer', 'sayyala', 'ojonas', 'ellis125', 'ashinne', 'lhendrik', 'mkirsch', 'whollan', 'nrentsc', 'john2345', 'tsriram', 'mclassen', 'zhu741', 'jade.m.meekin', 'mdewaele', 'hmcguir', 'cwantz', 'single0', 'ander939', 'andersonmy94', 'liu2442', 'romack0', 'afarha', 'pkanugul', 'artierenier', 'cjlee328', 'srajarat', 'lopez347', 'kyendru', 'ychawla', 'nfransen', 'wdobbs']",24,"['toboyle', 'adshowal', 'markhodgkiss50', 'zaly', 'pmansour', 'jiang650', 'buhland', 'bwodetz', 'annaleichty1', 'douh', 'tladner', 'baxter26', 'evans251', 'armour1', 'kjabbar', 'hmcmilli', 'aquinli', 'sinha54', 'meyer292', 'pweitzel', 'moeller4', 'see4', 'huan1346', 'mart1390']",120,"['will1941', 'wchowdhu', 'meyer313', 'toboyle', 'djodhani', 'rhentric', 'zaly', 'stuff', 'dholicz', 'jiang650', 'okeefee', 'duncan94', 'scott479', 'annaleichty1', 'tladner', 'downeyl', 'nrobb', 'armour1', 'chris260', 'jyounkin', 'ididelot', 'melyouse', 'mngaglia', 'tzadrave', 'evans251', 'kjabbar', 'baylessl', 'verduzm', 'reddy62', 'aquinli', 'cliffos', 'slorenzo', 'ewolfla', 'rcalistr', 'lange35', 'dnocon', 'alsalea', 'jskare', 'gfiedler', 'meyer292', 'harvey83', 'mock6', 'benne170', 'leal6', 'pweitzel', 'dkramper', 'moeller4', 'see4', 'llefebvr', 'smit3400', 'mart1390', 'chakra26', 'russe162', 'esuer', 'sayyala', 'amarkert', 'pan229', 'mot', 'jnylen', 'ojonas', 'ellis125', 'hsakiewi', 'ashinne', 'adshowal', 'markhodgkiss50', 'lhendrik', 'mkirsch', 'whollan', 'pmansour', 'nrentsc', 'john2345', 'michae19', 'brow1511', 'tsriram', 'nortt', 'mclassen', 'zhu741', 'buhland', 'bwodetz', 'jade.m.meekin', 'douh', 'baxter26', 'costel12', 'rhodes44', 'mdewaele', 'hmcguir', 'cwantz', 'mlannie', 'single0', 'ander939', 'andersonmy94', 'liu2442', 'romack0', 'afarha', 'pkanugul', 'hmcmilli', 'artierenier', 'cjlee328', 'rstaples', 'sinha54', 'srajarat', 'mmatteso', 'ander966', 'lopez347', 'nherbert', 'wood164', 'allen482', 'rdamle', 'bgrytza', 'wagoneb', 'kyendru', 'huan1346', 'ychawla', 'elamewon', 'jcavage', 'nfransen', 'lritchis', 'kong68', 'wdobbs', 'pate1034']"
5,136,96,15,5,"['lopez347', 'wagoneb', 'leal6', 'jnylen', 'artierenier']",91,"['will1941', 'wchowdhu', 'meyer313', 'djodhani', 'rhentric', 'stuff', 'dholicz', 'okeefee', 'duncan94', 'scott479', 'downeyl', 'nrobb', 'chris260', 'jyounkin', 'ididelot', 'melyouse', 'mngaglia', 'tzadrave', 'baylessl', 'verduzm', 'reddy62', 'cliffos', 'slorenzo', 'ewolfla', 'rcalistr', 'lange35', 'dnocon', 'alsalea', 'jskare', 'gfiedler', 'harvey83', 'mock6', 'benne170', 'dkramper', 'llefebvr', 'smit3400', 'chakra26', 'russe162', 'esuer', 'sayyala', 'amarkert', 'pan229', 'mot', 'ojonas', 'ellis125', 'hsakiewi', 'ashinne', 'lhendrik', 'mkirsch', 'whollan', 'nrentsc', 'john2345', 'michae19', 'brow1511', 'tsriram', 'nortt', 'mclassen', 'zhu741', 'jade.m.meekin', 'costel12', 'rhodes44', 'mdewaele', 'hmcguir', 'cwantz', 'mlannie', 'single0', 'ander939', 'andersonmy94', 'liu2442', 'romack0', 'afarha', 'pkanugul', 'cjlee328', 'rstaples', 'srajarat', 'mmatteso', 'ander966', 'nherbert', 'wood164', 'allen482', 'rdamle', 'bgrytza', 'kyendru', 'ychawla', 'elamewon', 'jcavage', 'nfransen', 'lritchis', 'kong68', 'wdobbs', 'pate1034']",10,"['nkielkop', 'stockerm', 'akmaksim', 'hughe234', 'tan213', 'wrigh413', 'thoma805', 'bdbowles', 'nafandi', 'murph417']",106,"['will1941', 'wchowdhu', 'meyer313', 'djodhani', 'rhentric', 'stuff', 'dholicz', 'tan213', 'murph417', 'okeefee', 'duncan94', 'scott479', 'bdbowles', 'downeyl', 'nrobb', 'chris260', 'jyounkin', 'ididelot', 'melyouse', 'mngaglia', 'tzadrave', 'baylessl', 'verduzm', 'reddy62', 'cliffos', 'slorenzo', 'ewolfla', 'nkielkop', 'rcalistr', 'lange35', 'dnocon', 'alsalea', 'jskare', 'gfiedler', 'harvey83', 'mock6', 'benne170', 'leal6', 'dkramper', 'llefebvr', 'smit3400', 'chakra26', 'russe162', 'esuer', 'sayyala', 'amarkert', 'pan229', 'mot', 'jnylen', 'ojonas', 'ellis125', 'nafandi', 'hsakiewi', 'ashinne', 'lhendrik', 'mkirsch', 'whollan', 'nrentsc', 'john2345', 'michae19', 'brow1511', 'tsriram', 'nortt', 'mclassen', 'zhu741', 'jade.m.meekin', 'stockerm', 'akmaksim', 'costel12', 'rhodes44', 'mdewaele', 'hmcguir', 'cwantz', 'mlannie', 'single0', 'ander939', 'andersonmy94', 'liu2442', 'romack0', 'afarha', 'pkanugul', 'wrigh413', 'thoma805', 'artierenier', 'cjlee328', 'rstaples', 'srajarat', 'mmatteso', 'ander966', 'lopez347', 'nherbert', 'wood164', 'allen482', 'rdamle', 'bgrytza', 'wagoneb', 'kyendru', 'hughe234', 'ychawla', 'elamewon', 'jcavage', 'nfransen', 'lritchis', 'kong68', 'wdobbs', 'pate1034']"
5,276,96,13,4,"['liu2442', 'lritchis', 'llefebvr', 'sayyala']",92,"['will1941', 'wchowdhu', 'meyer313', 'djodhani', 'rhentric', 'stuff', 'dholicz', 'okeefee', 'duncan94', 'scott479', 'downeyl', 'nrobb', 'chris260', 'jyounkin', 'ididelot', 'melyouse', 'mngaglia', 'tzadrave', 'baylessl', 'verduzm', 'reddy62', 'cliffos', 'slorenzo', 'ewolfla', 'rcalistr', 'lange35', 'dnocon', 'alsalea', 'jskare', 'gfiedler', 'harvey83', 'mock6', 'benne170', 'leal6', 'dkramper', 'smit3400', 'chakra26', 'russe162', 'esuer', 'amarkert', 'pan229', 'mot', 'jnylen', 'ojonas', 'ellis125', 'hsakiewi', 'ashinne', 'lhendrik', 'mkirsch', 'whollan', 'nrentsc', 'john2345', 'michae19', 'brow1511', 'tsriram', 'nortt', 'mclassen', 'zhu741', 'jade.m.meekin', 'costel12', 'rhodes44', 'mdewaele', 'hmcguir', 'cwantz', 'mlannie', 'single0', 'ander939', 'andersonmy94', 'romack0', 'afarha', 'pkanugul', 'artierenier', 'cjlee328', 'rstaples', 'srajarat', 'mmatteso', 'ander966', 'lopez347', 'nherbert', 'wood164', 'allen482', 'rdamle', 'bgrytza', 'wagoneb', 'kyendru', 'ychawla', 'elamewon', 'jcavage', 'nfransen', 'kong68', 'wdobbs', 'pate1034']",9,"['asyrek', 'achungma', 'beers2', 'mprue', 'lin1297', 'oditto', 'pbhaske', 'bbarale', 'murph417']",105,"['will1941', 'wchowdhu', 'meyer313', 'asyrek', 'djodhani', 'rhentric', 'stuff', 'dholicz', 'murph417', 'okeefee', 'duncan94', 'scott479', 'downeyl', 'nrobb', 'chris260', 'jyounkin', 'ididelot', 'melyouse', 'mngaglia', 'tzadrave', 'baylessl', 'verduzm', 'reddy62', 'cliffos', 'slorenzo', 'ewolfla', 'rcalistr', 'lange35', 'dnocon', 'alsalea', 'beers2', 'jskare', 'gfiedler', 'harvey83', 'mock6', 'benne170', 'leal6', 'dkramper', 'pbhaske', 'llefebvr', 'smit3400', 'chakra26', 'russe162', 'esuer', 'sayyala', 'amarkert', 'pan229', 'mot', 'jnylen', 'ojonas', 'bbarale', 'ellis125', 'hsakiewi', 'ashinne', 'achungma', 'lhendrik', 'mkirsch', 'whollan', 'nrentsc', 'john2345', 'michae19', 'brow1511', 'tsriram', 'oditto', 'nortt', 'mclassen', 'zhu741', 'jade.m.meekin', 'costel12', 'rhodes44', 'mdewaele', 'hmcguir', 'lin1297', 'cwantz', 'mlannie', 'single0', 'ander939', 'andersonmy94', 'liu2442', 'romack0', 'afarha', 'pkanugul', 'artierenier', 'cjlee328', 'rstaples', 'srajarat', 'mmatteso', 'ander966', 'lopez347', 'nherbert', 'wood164', 'allen482', 'rdamle', 'bgrytza', 'wagoneb', 'kyendru', 'ychawla', 'elamewon', 'jcavage', 'nfransen', 'lritchis', 'kong68', 'wdobbs', 'mprue', 'pate1034']"
5,165,96,11,5,"['esuer', 'kyendru', 'john2345', 'pan229', 'mclassen']",91,"['will1941', 'wchowdhu', 'meyer313', 'djodhani', 'rhentric', 'stuff', 'dholicz', 'okeefee', 'duncan94', 'scott479', 'downeyl', 'nrobb', 'chris260', 'jyounkin', 'ididelot', 'melyouse', 'mngaglia', 'tzadrave', 'baylessl', 'verduzm', 'reddy62', 'cliffos', 'slorenzo', 'ewolfla', 'rcalistr', 'lange35', 'dnocon', 'alsalea', 'jskare', 'gfiedler', 'harvey83', 'mock6', 'benne170', 'leal6', 'dkramper', 'llefebvr', 'smit3400', 'chakra26', 'russe162', 'sayyala', 'amarkert', 'mot', 'jnylen', 'ojonas', 'ellis125', 'hsakiewi', 'ashinne', 'lhendrik', 'mkirsch', 'whollan', 'nrentsc', 'michae19', 'brow1511', 'tsriram', 'nortt', 'zhu741', 'jade.m.meekin', 'costel12', 'rhodes44', 'mdewaele', 'hmcguir', 'cwantz', 'mlannie', 'single0', 'ander939', 'andersonmy94', 'liu2442', 'romack0', 'afarha', 'pkanugul', 'artierenier', 'cjlee328', 'rstaples', 'srajarat', 'mmatteso', 'ander966', 'lopez347', 'nherbert', 'wood164', 'allen482', 'rdamle', 'bgrytza', 'wagoneb', 'ychawla', 'elamewon', 'jcavage', 'nfransen', 'lritchis', 'kong68', 'wdobbs', 'pate1034']",6,"['ncivitan', 'sbukzam', 'gconer', 'lvelky', 'pbhaske', 'murph417']",102,"['will1941', 'wchowdhu', 'meyer313', 'djodhani', 'rhentric', 'gconer', 'stuff', 'dholicz', 'murph417', 'okeefee', 'duncan94', 'scott479', 'ncivitan', 'downeyl', 'nrobb', 'chris260', 'jyounkin', 'ididelot', 'melyouse', 'mngaglia', 'tzadrave', 'baylessl', 'verduzm', 'reddy62', 'cliffos', 'slorenzo', 'ewolfla', 'rcalistr', 'lange35', 'dnocon', 'alsalea', 'jskare', 'gfiedler', 'harvey83', 'mock6', 'benne170', 'leal6', 'lvelky', 'dkramper', 'pbhaske', 'llefebvr', 'smit3400', 'chakra26', 'russe162', 'esuer', 'sayyala', 'amarkert', 'pan229', 'mot', 'jnylen', 'ojonas', 'ellis125', 'hsakiewi', 'ashinne', 'lhendrik', 'mkirsch', 'whollan', 'nrentsc', 'john2345', 'michae19', 'brow1511', 'tsriram', 'nortt', 'mclassen', 'zhu741', 'jade.m.meekin', 'costel12', 'rhodes44', 'mdewaele', 'hmcguir', 'cwantz', 'mlannie', 'single0', 'ander939', 'andersonmy94', 'liu2442', 'romack0', 'afarha', 'pkanugul', 'artierenier', 'cjlee328', 'rstaples', 'srajarat', 'mmatteso', 'ander966', 'lopez347', 'nherbert', 'wood164', 'sbukzam', 'allen482', 'rdamle', 'bgrytza', 'wagoneb', 'kyendru', 'ychawla', 'elamewon', 'jcavage', 'nfransen', 'lritchis', 'kong68', 'wdobbs', 'pate1034']"
5,73,96,10,2,"['sayyala', 'llefebvr']",94,"['will1941', 'wchowdhu', 'meyer313', 'djodhani', 'rhentric', 'stuff', 'dholicz', 'okeefee', 'duncan94', 'scott479', 'downeyl', 'nrobb', 'chris260', 'jyounkin', 'ididelot', 'melyouse', 'mngaglia', 'tzadrave', 'baylessl', 'verduzm', 'reddy62', 'cliffos', 'slorenzo', 'ewolfla', 'rcalistr', 'lange35', 'dnocon', 'alsalea', 'jskare', 'gfiedler', 'harvey83', 'mock6', 'benne170', 'leal6', 'dkramper', 'smit3400', 'chakra26', 'russe162', 'esuer', 'amarkert', 'pan229', 'mot', 'jnylen', 'ojonas', 'ellis125', 'hsakiewi', 'ashinne', 'lhendrik', 'mkirsch', 'whollan', 'nrentsc', 'john2345', 'michae19', 'brow1511', 'tsriram', 'nortt', 'mclassen', 'zhu741', 'jade.m.meekin', 'costel12', 'rhodes44', 'mdewaele', 'hmcguir', 'cwantz', 'mlannie', 'single0', 'ander939', 'andersonmy94', 'liu2442', 'romack0', 'afarha', 'pkanugul', 'artierenier', 'cjlee328', 'rstaples', 'srajarat', 'mmatteso', 'ander966', 'lopez347', 'nherbert', 'wood164', 'allen482', 'rdamle', 'bgrytza', 'wagoneb', 'kyendru', 'ychawla', 'elamewon', 'jcavage', 'nfransen', 'lritchis', 'kong68', 'wdobbs', 'pate1034']",8,"['ejobe', 'fruane', 'zhao979', 'achungma', 'tvulich', 'tprati', 'hollowr', 'bodhiscott']",104,"['will1941', 'wchowdhu', 'meyer313', 'djodhani', 'rhentric', 'stuff', 'dholicz', 'okeefee', 'duncan94', 'scott479', 'tvulich', 'downeyl', 'nrobb', 'chris260', 'jyounkin', 'ididelot', 'melyouse', 'mngaglia', 'tzadrave', 'baylessl', 'verduzm', 'reddy62', 'cliffos', 'slorenzo', 'ewolfla', 'rcalistr', 'lange35', 'dnocon', 'ejobe', 'alsalea', 'jskare', 'gfiedler', 'harvey83', 'mock6', 'benne170', 'leal6', 'dkramper', 'llefebvr', 'smit3400', 'chakra26', 'russe162', 'esuer', 'sayyala', 'amarkert', 'pan229', 'mot', 'jnylen', 'ojonas', 'ellis125', 'bodhiscott', 'hsakiewi', 'hollowr', 'ashinne', 'achungma', 'lhendrik', 'mkirsch', 'whollan', 'nrentsc', 'tprati', 'john2345', 'michae19', 'brow1511', 'tsriram', 'nortt', 'mclassen', 'zhu741', 'jade.m.meekin', 'costel12', 'rhodes44', 'mdewaele', 'hmcguir', 'cwantz', 'mlannie', 'single0', 'ander939', 'andersonmy94', 'liu2442', 'romack0', 'afarha', 'pkanugul', 'artierenier', 'cjlee328', 'rstaples', 'srajarat', 'mmatteso', 'ander966', 'lopez347', 'nherbert', 'zhao979', 'fruane', 'wood164', 'allen482', 'rdamle', 'bgrytza', 'wagoneb', 'kyendru', 'ychawla', 'elamewon', 'jcavage', 'nfransen', 'lritchis', 'kong68', 'wdobbs', 'pate1034']"
5,236,96,6,2,"['romack0', 'cliffos']",94,"['will1941', 'wchowdhu', 'meyer313', 'djodhani', 'rhentric', 'stuff', 'dholicz', 'okeefee', 'duncan94', 'scott479', 'downeyl', 'nrobb', 'chris260', 'jyounkin', 'ididelot', 'melyouse', 'mngaglia', 'tzadrave', 'baylessl', 'verduzm', 'reddy62', 'slorenzo', 'ewolfla', 'rcalistr', 'lange35', 'dnocon', 'alsalea', 'jskare', 'gfiedler', 'harvey83', 'mock6', 'benne170', 'leal6', 'dkramper', 'llefebvr', 'smit3400', 'chakra26', 'russe162', 'esuer', 'sayyala', 'amarkert', 'pan229', 'mot', 'jnylen', 'ojonas', 'ellis125', 'hsakiewi', 'ashinne', 'lhendrik', 'mkirsch', 'whollan', 'nrentsc', 'john2345', 'michae19', 'brow1511', 'tsriram', 'nortt', 'mclassen', 'zhu741', 'jade.m.meekin', 'costel12', 'rhodes44', 'mdewaele', 'hmcguir', 'cwantz', 'mlannie', 'single0', 'ander939', 'andersonmy94', 'liu2442', 'afarha', 'pkanugul', 'artierenier', 'cjlee328', 'rstaples', 'srajarat', 'mmatteso', 'ander966', 'lopez347', 'nherbert', 'wood164', 'allen482', 'rdamle', 'bgrytza', 'wagoneb', 'kyendru', 'ychawla', 'elamewon', 'jcavage', 'nfransen', 'lritchis', 'kong68', 'wdobbs', 'pate1034']",4,"['shagaman', 'ebinkle', 'bodhiscott', 'mihsan']",100,"['will1941', 'wchowdhu', 'meyer313', 'djodhani', 'rhentric', 'stuff', 'dholicz', 'okeefee', 'duncan94', 'scott479', 'downeyl', 'nrobb', 'chris260', 'jyounkin', 'ididelot', 'melyouse', 'mngaglia', 'tzadrave', 'baylessl', 'verduzm', 'reddy62', 'cliffos', 'slorenzo', 'ewolfla', 'rcalistr', 'lange35', 'dnocon', 'alsalea', 'jskare', 'gfiedler', 'harvey83', 'mock6', 'benne170', 'leal6', 'shagaman', 'dkramper', 'llefebvr', 'smit3400', 'chakra26', 'russe162', 'esuer', 'sayyala', 'amarkert', 'pan229', 'mot', 'jnylen', 'ojonas', 'ellis125', 'bodhiscott', 'hsakiewi', 'ashinne', 'lhendrik', 'mkirsch', 'whollan', 'nrentsc', 'john2345', 'michae19', 'brow1511', 'tsriram', 'mihsan', 'nortt', 'mclassen', 'zhu741', 'jade.m.meekin', 'costel12', 'rhodes44', 'mdewaele', 'hmcguir', 'cwantz', 'mlannie', 'single0', 'ander939', 'andersonmy94', 'liu2442', 'romack0', 'afarha', 'pkanugul', 'artierenier', 'cjlee328', 'rstaples', 'srajarat', 'mmatteso', 'ander966', 'lopez347', 'nherbert', 'wood164', 'allen482', 'rdamle', 'bgrytza', 'wagoneb', 'kyendru', 'ychawla', 'elamewon', 'jcavage', 'nfransen', 'lritchis', 'kong68', 'ebinkle', 'wdobbs', 'pate1034']"
5,68,96,5,2,"['alsalea', 'downeyl']",94,"['will1941', 'wchowdhu', 'meyer313', 'djodhani', 'rhentric', 'stuff', 'dholicz', 'okeefee', 'duncan94', 'scott479', 'nrobb', 'chris260', 'jyounkin', 'ididelot', 'melyouse', 'mngaglia', 'tzadrave', 'baylessl', 'verduzm', 'reddy62', 'cliffos', 'slorenzo', 'ewolfla', 'rcalistr', 'lange35', 'dnocon', 'jskare', 'gfiedler', 'harvey83', 'mock6', 'benne170', 'leal6', 'dkramper', 'llefebvr', 'smit3400', 'chakra26', 'russe162', 'esuer', 'sayyala', 'amarkert', 'pan229', 'mot', 'jnylen', 'ojonas', 'ellis125', 'hsakiewi', 'ashinne', 'lhendrik', 'mkirsch', 'whollan', 'nrentsc', 'john2345', 'michae19', 'brow1511', 'tsriram', 'nortt', 'mclassen', 'zhu741', 'jade.m.meekin', 'costel12', 'rhodes44', 'mdewaele', 'hmcguir', 'cwantz', 'mlannie', 'single0', 'ander939', 'andersonmy94', 'liu2442', 'romack0', 'afarha', 'pkanugul', 'artierenier', 'cjlee328', 'rstaples', 'srajarat', 'mmatteso', 'ander966', 'lopez347', 'nherbert', 'wood164', 'allen482', 'rdamle', 'bgrytza', 'wagoneb', 'kyendru', 'ychawla', 'elamewon', 'jcavage', 'nfransen', 'lritchis', 'kong68', 'wdobbs', 'pate1034']",3,"['sconkle', 'haejik', 'jhaddadc']",99,"['will1941', 'wchowdhu', 'meyer313', 'djodhani', 'rhentric', 'stuff', 'sconkle', 'dholicz', 'okeefee', 'duncan94', 'scott479', 'downeyl', 'nrobb', 'chris260', 'jyounkin', 'ididelot', 'melyouse', 'mngaglia', 'tzadrave', 'baylessl', 'verduzm', 'reddy62', 'cliffos', 'slorenzo', 'ewolfla', 'rcalistr', 'lange35', 'dnocon', 'alsalea', 'jskare', 'gfiedler', 'harvey83', 'mock6', 'benne170', 'leal6', 'dkramper', 'llefebvr', 'smit3400', 'chakra26', 'russe162', 'esuer', 'sayyala', 'amarkert', 'pan229', 'mot', 'jnylen', 'ojonas', 'ellis125', 'hsakiewi', 'ashinne', 'lhendrik', 'mkirsch', 'whollan', 'nrentsc', 'john2345', 'michae19', 'brow1511', 'tsriram', 'nortt', 'mclassen', 'zhu741', 'jade.m.meekin', 'haejik', 'costel12', 'rhodes44', 'mdewaele', 'hmcguir', 'cwantz', 'mlannie', 'single0', 'ander939', 'andersonmy94', 'liu2442', 'romack0', 'afarha', 'pkanugul', 'artierenier', 'cjlee328', 'rstaples', 'srajarat', 'mmatteso', 'ander966', 'lopez347', 'nherbert', 'wood164', 'allen482', 'rdamle', 'bgrytza', 'wagoneb', 'kyendru', 'ychawla', 'elamewon', 'jcavage', 'nfransen', 'lritchis', 'kong68', 'wdobbs', 'jhaddadc', 'pate1034']"
5,173,96,5,1,['baylessl'],95,"['will1941', 'wchowdhu', 'meyer313', 'djodhani', 'rhentric', 'stuff', 'dholicz', 'okeefee', 'duncan94', 'scott479', 'downeyl', 'nrobb', 'chris260', 'jyounkin', 'ididelot', 'melyouse', 'mngaglia', 'tzadrave', 'verduzm', 'reddy62', 'cliffos', 'slorenzo', 'ewolfla', 'rcalistr', 'lange35', 'dnocon', 'alsalea', 'jskare', 'gfiedler', 'harvey83', 'mock6', 'benne170', 'leal6', 'dkramper', 'llefebvr', 'smit3400', 'chakra26', 'russe162', 'esuer', 'sayyala', 'amarkert', 'pan229', 'mot', 'jnylen', 'ojonas', 'ellis125', 'hsakiewi', 'ashinne', 'lhendrik', 'mkirsch', 'whollan', 'nrentsc', 'john2345', 'michae19', 'brow1511', 'tsriram', 'nortt', 'mclassen', 'zhu741', 'jade.m.meekin', 'costel12', 'rhodes44', 'mdewaele', 'hmcguir', 'cwantz', 'mlannie', 'single0', 'ander939', 'andersonmy94', 'liu2442', 'romack0', 'afarha', 'pkanugul', 'artierenier', 'cjlee328', 'rstaples', 'srajarat', 'mmatteso', 'ander966', 'lopez347', 'nherbert', 'wood164', 'allen482', 'rdamle', 'bgrytza', 'wagoneb', 'kyendru', 'ychawla', 'elamewon', 'jcavage', 'nfransen', 'lritchis', 'kong68', 'wdobbs', 'pate1034']",4,"['tschoste', 'thubauer', 'weber171', 'cottonb']",100,"['will1941', 'wchowdhu', 'meyer313', 'djodhani', 'rhentric', 'stuff', 'dholicz', 'okeefee', 'duncan94', 'scott479', 'downeyl', 'nrobb', 'chris260', 'jyounkin', 'ididelot', 'melyouse', 'mngaglia', 'tzadrave', 'weber171', 'baylessl', 'verduzm', 'reddy62', 'cliffos', 'slorenzo', 'ewolfla', 'rcalistr', 'lange35', 'dnocon', 'alsalea', 'jskare', 'gfiedler', 'harvey83', 'mock6', 'benne170', 'leal6', 'dkramper', 'llefebvr', 'smit3400', 'chakra26', 'russe162', 'esuer', 'sayyala', 'amarkert', 'pan229', 'mot', 'jnylen', 'ojonas', 'ellis125', 'hsakiewi', 'ashinne', 'lhendrik', 'mkirsch', 'whollan', 'nrentsc', 'john2345', 'michae19', 'brow1511', 'tsriram', 'nortt', 'mclassen', 'zhu741', 'jade.m.meekin', 'costel12', 'rhodes44', 'mdewaele', 'hmcguir', 'cwantz', 'mlannie', 'single0', 'ander939', 'andersonmy94', 'liu2442', 'romack0', 'afarha', 'pkanugul', 'tschoste', 'artierenier', 'cjlee328', 'rstaples', 'srajarat', 'mmatteso', 'ander966', 'lopez347', 'nherbert', 'cottonb', 'wood164', 'allen482', 'rdamle', 'bgrytza', 'wagoneb', 'kyendru', 'ychawla', 'elamewon', 'jcavage', 'thubauer', 'nfransen', 'lritchis', 'kong68', 'wdobbs', 'pate1034']"
6,221,96,283,78,"['testeremre70', 'wdeaweqwdas', 'jeption2025', 'jbonez411', 'clizarazo', 'aaroncoonu', 'pkj71794g', 'danielclapp99', 'ulusoy2006', 'kellen.wise', 'drogalski', 'npatta.1986', 'mrgiraffe', 'annikadasher', 'oktayhalitekinay', 'asdksnfksfkmd', 'ge.6cg7', 'johndoe2341341243', 'retrewtewrt', 'matthew.jones98', 'alexander.lee', 'mtakcali', 'madisonmiller', 'arif.ozkan5806', 'ervndgn59', 'magnoliajasper', 'cancetinkaya1201', 'burnett.william', 'jaycwilson23', 'murattdo', 'daddysexual', 'mrtmert98', 'davidr27', 'sebrobarts', 'emreyilmazel1996', 'd33r00', 'caseyamick', 'd093641', 'sbentz', 'halilibrahimtiken', 'yorkiiii', 'mstff.1clkk', 'mollykole', 'chastintruelove', 'johnganiban', 'sd226', 'andrew217usmc', 'lerner', 'ege.ert7', 'aldanafloyd', 'maria.irausquin', 'ol_ac', 'thomasspradley', 'elel30182', 'jason.earl', 'tg2016', 'i.lutticken', 'rakaiit', 'grantmorris656', 'syoonhan', 'anshshah2011', 'berrospidavid7', 'ashishchr', 'pspiotrowicz1', 'philippeblaise', 'panellink1', 'cartermchris1', 'stiml1144', 'hlong262', 'burak9836', 's16c045b', 'dolaydemirel', 'theurgeboat', 'trivellin', 'cheeseybacon', 'rylandkate', 'heatherleaf', 'lobsterben13']",18,"['flzkdndr', 'burakalperen87', 'taol190799', 'mmozcan4', 'ozcanguclu', 'edakartari', 'u1109841', 'yusufsabahoglu05', 'asdadsa', 'oknky', 'sgnmsrmsk', 'halilalp', 'kadandirf', 'efe.bstrk', 'rockerheadgamer', 'omertrbzn6197', 'avera', 'bagasannin']",205,"['rajsingh', 'arianebarreto', 'moshelem', 'amrita_lovelace', 'kaynegalie', 'ogu0001', 'mos_noob', 'joshuabush', 'arno.yu610168', 'eminasuljic', 'sebasmarquez90', 'charles.dambra', 'poorar21', 'dongmingli', 'mangabera10', 'cbandel', 'wys142', 'nguyendaniel', 'sabe425', 'briann', 'chrixang18', 'gabriel.pzanoni', 'ee17resch11016', 'xiaokaizhong99', 'vincentdoucet22', 'kayleneechong', 'evakolmel', 'zepfan026', 'ronitronit119', 'sholliday643', 'mmei', 'sabolton', 'ts992', 'martin.mg98.10', 'kst48', 'lokesht123', 'smontero', '8223freret', 'krusso448', 'lctasende3', 'liqizhou', 'asif0047', 'fabio.aragao.santos', 'anxooo', 'reuben90', 'uuganbayaro', 'wingitalways', 'mahnoor.syed29', 'costasdiego97', 'justiejoseph', 'kyenyarkolemuel', 'j176601', 'nickm', 'octoman1080x', 'semmi.spado00', 'nbhat0792', 'fedele.penna', 'j218711', 'ethan.caballero', 'cactusnoh', 'hcha71', 'miguelcb', 'sungjooncho', 'nanobeam', 'choudh23', 'mariapl200896', 'v257028', 'jschewinsky', 'fredysanchez2', 'haren22', 'cninja99', 'jako91', 'lkipfer', 'gazerlo', 'anapv177', 'julianawallgren', 'lewisgf20', 'josemanuel3', 'bmirzapouebe', 'durgaprasadkhatri2011', 'ftah', 'pw8', 'jack522577', 'kodurur', 's16c028b', 'hrhlauraa', 'pmcnutt2', 'zse0147', 'damianonetto', 'emani', 'kmerino', 'ainhoaab', 'marcantoineduval', 'mrbunnyman', 'lenoirr', 'maxguipil', 'u1250344', 'yesimcakmakc', 'newele', 'tomasx', 'nuriamjusc', 'amandabrum', 'xiaoyuzhang', 'jake.m.hall876', 'omarloay99', 'deguirejasmin', 'abaringer', 'k.hildenbrand', 'kaiseale', 'longstreetjacob', 'raul292', 'felipemachado', 'l201843', 'paezjuanagustin47', 'santosalexis1817', 'cdutreil', 'phhuang', 'fpincock', 'jdgerling', 'ncm0007', 'thboth', 'olivier35', 'saradiazr', 'aingles', 'm241617', 'alirose12', 'elena.gnani', 'hjp44', 'aaronrivasterron', 'lorenzoholguin12', 'maxiasensio', 'olga.casals', 'fafrin2', 'vritota', 'nmorgan1', 'nfranzoni', 'santox2000', 'jef325', 'hjlim9612', 'rossop', 'sqlim94', 'alexdallee17', 'garciacarrillojudith', 'tserenkhand', 'cibranlpz', 'yyerim', 'c195673', 'jhahn95', 'jsathanand', 'susannareggiani', 'u6007941', 'sungjoon.cho97', 'avivlavan', 'psuzhouy', 'jrobinson5', 'r207733', 'enhjinhanabi', 't224622', 'andresaraiva', 'man6787', 'hamastahir19', 'blane', 'mtynski', 'cameronframpton', 'cacuy', 'joejfranzo', 'm203442', 'aravindh', 'eschruba', 'jeus63', 'kianamon', 'jsanmartin1', 'borja.bayon', 'nsh0004', 'sandip83', 'huseyinu', 'leeluanling123', 'tudimubunmi', 'a194117', 'ana23', 'also0714', 'jequito', 'hj980217', 'f215766', 'rynk.john', 'ogandocortes', 'martinotero', 'sarah.youssef', 'dicef', 'jimenezph', 'terje', 'plaggeme', 'u1089358', 'u0916393', 'julianyordano', 'guillermo99', 'rosadourada9', 'nicoladegiuseppe19', 'lpentzke', 'fatanehjenabi', 'baqer', 'spazos7', 'iuri', 'anujgarg939', 'roiaso']",301,"['wdeaweqwdas', 'moshelem', 'kaynegalie', 'mos_noob', 'eminasuljic', 'mangabera10', 'jbonez411', 'wys142', 'sabe425', 'ozcanguclu', 'chrixang18', 'oknky', 'xiaokaizhong99', 'vincentdoucet22', 'sholliday643', 'burakalperen87', 'danielclapp99', 'ulusoy2006', 'sabolton', 'ts992', 'drogalski', 'lokesht123', 'mrgiraffe', 'smontero', 'oktayhalitekinay', 'asdksnfksfkmd', 'liqizhou', 'johndoe2341341243', 'anxooo', 'reuben90', 'alexander.lee', 'justiejoseph', 'j176601', 'mtakcali', 'fedele.penna', 'nickm', 'octoman1080x', 'semmi.spado00', 'j218711', 'madisonmiller', 'sungjooncho', 'choudh23', 'nanobeam', 'v257028', 'jschewinsky', 'haren22', 'ervndgn59', 'cninja99', 'lkipfer', 'anapv177', 'cancetinkaya1201', 'julianawallgren', 'burnett.william', 'lewisgf20', 'bmirzapouebe', 'bagasannin', 'ftah', 'jaycwilson23', 'kodurur', 'pmcnutt2', 'murattdo', 'halilalp', 'emani', 'ainhoaab', 'marcantoineduval', 'davidr27', 'mrbunnyman', 'sebrobarts', 'emreyilmazel1996', 'maxguipil', 'd33r00', 'u1250344', 'caseyamick', 'yesimcakmakc', 'tomasx', 'nuriamjusc', 'sbentz', 'halilibrahimtiken', 'omarloay99', 'abaringer', 'yorkiiii', 'mstff.1clkk', 'kaiseale', 'longstreetjacob', 'avera', 'chastintruelove', 'l201843', 'johnganiban', 'sd226', 'andrew217usmc', 'phhuang', 'fpincock', 'jdgerling', 'lerner', 'ncm0007', 'thboth', 'olivier35', 'saradiazr', 'ege.ert7', 'elena.gnani', 'ol_ac', 'lorenzoholguin12', 'maxiasensio', 'olga.casals', 'fafrin2', 'hjlim9612', 'elel30182', 'rossop', 'sqlim94', 'tserenkhand', 'cibranlpz', 'jason.earl', 'c195673', 'jhahn95', 'jsathanand', 'i.lutticken', 'sungjoon.cho97', 'rakaiit', 'avivlavan', 'psuzhouy', 'grantmorris656', 'jrobinson5', 'sgnmsrmsk', 'andresaraiva', 'man6787', 'blane', 'mtynski', 'cacuy', 'joejfranzo', 'm203442', 'kianamon', 'berrospidavid7', 'nsh0004', 'a194117', 'ana23', 'jequito', 'sarah.youssef', 'hlong262', 'burak9836', 'terje', 'plaggeme', 'u0916393', 'rosadourada9', 'nicoladegiuseppe19', 'lpentzke', 'fatanehjenabi', 'trivellin', 'cheeseybacon', 'iuri', 'heatherleaf', 'anujgarg939', 'roiaso', 'lobsterben13', 'rajsingh', 'testeremre70', 'arianebarreto', 'amrita_lovelace', 'ogu0001', 'arno.yu610168', 'joshuabush', 'sebasmarquez90', 'charles.dambra', 'jeption2025', 'poorar21', 'dongmingli', 'cbandel', 'nguyendaniel', 'clizarazo', 'aaroncoonu', 'briann', 'pkj71794g', 'gabriel.pzanoni', 'ee17resch11016', 'kayleneechong', 'evakolmel', 'zepfan026', 'ronitronit119', 'mmei', 'kellen.wise', 'u1109841', 'npatta.1986', 'martin.mg98.10', 'kst48', 'annikadasher', 'ge.6cg7', '8223freret', 'krusso448', 'lctasende3', 'asif0047', 'retrewtewrt', 'fabio.aragao.santos', 'uuganbayaro', 'wingitalways', 'matthew.jones98', 'mahnoor.syed29', 'costasdiego97', 'kyenyarkolemuel', 'nbhat0792', 'omertrbzn6197', 'ethan.caballero', 'taol190799', 'cactusnoh', 'hcha71', 'miguelcb', 'mariapl200896', 'arif.ozkan5806', 'fredysanchez2', 'jako91', 'magnoliajasper', 'yusufsabahoglu05', 'gazerlo', 'josemanuel3', 'efe.bstrk', 'durgaprasadkhatri2011', 'pw8', 'jack522577', 's16c028b', 'hrhlauraa', 'daddysexual', 'mrtmert98', 'damianonetto', 'zse0147', 'kmerino', 'flzkdndr', 'lenoirr', 'edakartari', 'd093641', 'newele', 'amandabrum', 'xiaoyuzhang', 'jake.m.hall876', 'deguirejasmin', 'k.hildenbrand', 'mollykole', 'felipemachado', 'raul292', 'paezjuanagustin47', 'santosalexis1817', 'cdutreil', 'aingles', 'm241617', 'aldanafloyd', 'maria.irausquin', 'alirose12', 'hjp44', 'aaronrivasterron', 'asdadsa', 'thomasspradley', 'vritota', 'nmorgan1', 'nfranzoni', 'santox2000', 'jef325', 'alexdallee17', 'garciacarrillojudith', 'yyerim', 'tg2016', 'u6007941', 'susannareggiani', 'r207733', 'enhjinhanabi', 't224622', 'kadandirf', 'rockerheadgamer', 'cameronframpton', 'syoonhan', 'aravindh', 'eschruba', 'jeus63', 'mmozcan4', 'jsanmartin1', 'anshshah2011', 'borja.bayon', 'ashishchr', 'sandip83', 'huseyinu', 'leeluanling123', 'pspiotrowicz1', 'philippeblaise', 'tudimubunmi', 'panellink1', 'also0714', 'hj980217', 'f215766', 'rynk.john', 'cartermchris1', 'stiml1144', 'ogandocortes', 'martinotero', 'dicef', 'jimenezph', 'u1089358', 'julianyordano', 'guillermo99', 's16c045b', 'dolaydemirel', 'theurgeboat', 'baqer', 'spazos7', 'rylandkate', 'hamastahir19']"
6,204,96,31,9,"['oktayhalitekinay', 'omertrbzn6197', 'testeremre70', 'ozcanguclu', 'edakartari', 'asdadsa', 'oknky', 'kadandirf', 'flzkdndr']",87,"['wdeaweqwdas', 'jeption2025', 'jbonez411', 'clizarazo', 'aaroncoonu', 'pkj71794g', 'burakalperen87', 'danielclapp99', 'ulusoy2006', 'kellen.wise', 'u1109841', 'drogalski', 'npatta.1986', 'mrgiraffe', 'annikadasher', 'asdksnfksfkmd', 'ge.6cg7', 'johndoe2341341243', 'retrewtewrt', 'matthew.jones98', 'alexander.lee', 'mtakcali', 'madisonmiller', 'taol190799', 'arif.ozkan5806', 'ervndgn59', 'magnoliajasper', 'yusufsabahoglu05', 'cancetinkaya1201', 'burnett.william', 'efe.bstrk', 'bagasannin', 'jaycwilson23', 'murattdo', 'daddysexual', 'mrtmert98', 'halilalp', 'davidr27', 'sebrobarts', 'emreyilmazel1996', 'd33r00', 'caseyamick', 'd093641', 'sbentz', 'halilibrahimtiken', 'yorkiiii', 'mstff.1clkk', 'mollykole', 'avera', 'chastintruelove', 'johnganiban', 'sd226', 'andrew217usmc', 'lerner', 'ege.ert7', 'aldanafloyd', 'maria.irausquin', 'ol_ac', 'thomasspradley', 'elel30182', 'jason.earl', 'tg2016', 'i.lutticken', 'rakaiit', 'grantmorris656', 'sgnmsrmsk', 'rockerheadgamer', 'syoonhan', 'mmozcan4', 'anshshah2011', 'berrospidavid7', 'ashishchr', 'pspiotrowicz1', 'philippeblaise', 'panellink1', 'cartermchris1', 'stiml1144', 'hlong262', 'burak9836', 's16c045b', 'dolaydemirel', 'theurgeboat', 'trivellin', 'cheeseybacon', 'rylandkate', 'heatherleaf', 'lobsterben13']",22,"['altugyaylaci', 'mertkaggle', 'haticeterzibali', 'stsaw97', 'murat.kolcu.1926', '1967hamzausta', 'ekim.coskun19', 'tugbakoyuncu99', 'goknur.derinoz', 'ekicifatih0', 'sonerkar', 'aliikazankaya', 'abdullahcamoglu675', 'yusufacoskun', 'aslanersin32', 'ozumkocaman9', 'alikanadli7', 'seher', 'karaaslanmustafa4534', 'berksaldr', 'serdememen', 'tahademiryol85']",118,"['testeremre70', 'wdeaweqwdas', 'halilibrahimtiken', 'altugyaylaci', 'haticeterzibali', 'yorkiiii', 'mstff.1clkk', 'jeption2025', 'mollykole', 'avera', 'chastintruelove', 'stsaw97', 'jbonez411', 'murat.kolcu.1926', '1967hamzausta', 'clizarazo', 'aaroncoonu', 'ozcanguclu', 'johnganiban', 'pkj71794g', 'sd226', 'oknky', 'andrew217usmc', 'lerner', 'ege.ert7', 'burakalperen87', 'danielclapp99', 'ulusoy2006', 'aldanafloyd', 'maria.irausquin', 'sonerkar', 'ol_ac', 'kellen.wise', 'u1109841', 'drogalski', 'npatta.1986', 'asdadsa', 'mrgiraffe', 'annikadasher', 'oktayhalitekinay', 'ge.6cg7', 'asdksnfksfkmd', 'thomasspradley', 'johndoe2341341243', 'yusufacoskun', 'retrewtewrt', 'elel30182', 'karaaslanmustafa4534', 'matthew.jones98', 'alexander.lee', 'berksaldr', 'mtakcali', 'omertrbzn6197', 'jason.earl', 'tg2016', 'madisonmiller', 'taol190799', 'i.lutticken', 'rakaiit', 'mertkaggle', 'grantmorris656', 'sgnmsrmsk', 'arif.ozkan5806', 'kadandirf', 'rockerheadgamer', 'ervndgn59', 'syoonhan', 'tahademiryol85', 'ekim.coskun19', 'mmozcan4', 'anshshah2011', 'magnoliajasper', 'berrospidavid7', 'ashishchr', 'yusufsabahoglu05', 'cancetinkaya1201', 'tugbakoyuncu99', 'burnett.william', 'goknur.derinoz', 'efe.bstrk', 'ekicifatih0', 'pspiotrowicz1', 'bagasannin', 'philippeblaise', 'jaycwilson23', 'panellink1', 'cartermchris1', 'stiml1144', 'murattdo', 'daddysexual', 'mrtmert98', 'halilalp', 'hlong262', 'burak9836', 'flzkdndr', 'abdullahcamoglu675', 'aliikazankaya', 'davidr27', 'sebrobarts', 'emreyilmazel1996', 's16c045b', 'aslanersin32', 'dolaydemirel', 'd33r00', 'ozumkocaman9', 'edakartari', 'theurgeboat', 'alikanadli7', 'caseyamick', 'd093641', 'trivellin', 'cheeseybacon', 'seher', 'rylandkate', 'heatherleaf', 'serdememen', 'sbentz', 'lobsterben13']"
6,205,96,21,12,"['thomasspradley', 'madisonmiller', 'maria.irausquin', 'clizarazo', 'i.lutticken', 'd33r00', 'johnganiban', 'matthew.jones98', 'burnett.william', 'alexander.lee', 'rylandkate', 'mollykole']",84,"['testeremre70', 'wdeaweqwdas', 'halilibrahimtiken', 'yorkiiii', 'mstff.1clkk', 'jeption2025', 'avera', 'chastintruelove', 'jbonez411', 'aaroncoonu', 'ozcanguclu', 'pkj71794g', 'sd226', 'oknky', 'andrew217usmc', 'lerner', 'ege.ert7', 'burakalperen87', 'danielclapp99', 'ulusoy2006', 'aldanafloyd', 'ol_ac', 'kellen.wise', 'u1109841', 'drogalski', 'npatta.1986', 'asdadsa', 'mrgiraffe', 'annikadasher', 'oktayhalitekinay', 'ge.6cg7', 'asdksnfksfkmd', 'johndoe2341341243', 'retrewtewrt', 'elel30182', 'mtakcali', 'omertrbzn6197', 'jason.earl', 'tg2016', 'taol190799', 'rakaiit', 'grantmorris656', 'sgnmsrmsk', 'arif.ozkan5806', 'kadandirf', 'rockerheadgamer', 'ervndgn59', 'syoonhan', 'mmozcan4', 'anshshah2011', 'magnoliajasper', 'berrospidavid7', 'ashishchr', 'yusufsabahoglu05', 'cancetinkaya1201', 'efe.bstrk', 'pspiotrowicz1', 'bagasannin', 'philippeblaise', 'jaycwilson23', 'panellink1', 'cartermchris1', 'stiml1144', 'murattdo', 'daddysexual', 'mrtmert98', 'halilalp', 'hlong262', 'burak9836', 'flzkdndr', 'davidr27', 'sebrobarts', 'emreyilmazel1996', 's16c045b', 'dolaydemirel', 'edakartari', 'theurgeboat', 'caseyamick', 'd093641', 'trivellin', 'cheeseybacon', 'heatherleaf', 'sbentz', 'lobsterben13']",9,"['sholliday643', 'jsanmartin1', 'nguyendaniel', 'alexdallee17', 'wingitalways', 'rynk.john', 'charles.dambra', 'nickm', 'liqizhou']",105,"['testeremre70', 'wdeaweqwdas', 'halilibrahimtiken', 'yorkiiii', 'mstff.1clkk', 'charles.dambra', 'jeption2025', 'mollykole', 'avera', 'chastintruelove', 'jbonez411', 'nguyendaniel', 'clizarazo', 'aaroncoonu', 'ozcanguclu', 'johnganiban', 'pkj71794g', 'sd226', 'oknky', 'andrew217usmc', 'lerner', 'sholliday643', 'ege.ert7', 'burakalperen87', 'danielclapp99', 'ulusoy2006', 'aldanafloyd', 'maria.irausquin', 'ol_ac', 'kellen.wise', 'u1109841', 'drogalski', 'npatta.1986', 'asdadsa', 'mrgiraffe', 'annikadasher', 'oktayhalitekinay', 'ge.6cg7', 'asdksnfksfkmd', 'liqizhou', 'thomasspradley', 'johndoe2341341243', 'retrewtewrt', 'elel30182', 'alexdallee17', 'wingitalways', 'matthew.jones98', 'alexander.lee', 'mtakcali', 'nickm', 'omertrbzn6197', 'jason.earl', 'tg2016', 'madisonmiller', 'taol190799', 'i.lutticken', 'rakaiit', 'grantmorris656', 'sgnmsrmsk', 'arif.ozkan5806', 'kadandirf', 'rockerheadgamer', 'ervndgn59', 'syoonhan', 'mmozcan4', 'jsanmartin1', 'anshshah2011', 'magnoliajasper', 'berrospidavid7', 'ashishchr', 'yusufsabahoglu05', 'cancetinkaya1201', 'burnett.william', 'efe.bstrk', 'pspiotrowicz1', 'bagasannin', 'philippeblaise', 'jaycwilson23', 'panellink1', 'rynk.john', 'cartermchris1', 'stiml1144', 'murattdo', 'daddysexual', 'mrtmert98', 'halilalp', 'hlong262', 'burak9836', 'flzkdndr', 'davidr27', 'sebrobarts', 'emreyilmazel1996', 's16c045b', 'dolaydemirel', 'd33r00', 'edakartari', 'theurgeboat', 'caseyamick', 'd093641', 'trivellin', 'cheeseybacon', 'rylandkate', 'heatherleaf', 'sbentz', 'lobsterben13']"
6,226,96,20,2,"['yorkiiii', 'u1109841']",94,"['testeremre70', 'wdeaweqwdas', 'halilibrahimtiken', 'mstff.1clkk', 'jeption2025', 'mollykole', 'avera', 'chastintruelove', 'jbonez411', 'clizarazo', 'aaroncoonu', 'ozcanguclu', 'johnganiban', 'pkj71794g', 'sd226', 'oknky', 'andrew217usmc', 'lerner', 'ege.ert7', 'burakalperen87', 'danielclapp99', 'ulusoy2006', 'aldanafloyd', 'maria.irausquin', 'ol_ac', 'kellen.wise', 'drogalski', 'npatta.1986', 'asdadsa', 'mrgiraffe', 'annikadasher', 'oktayhalitekinay', 'ge.6cg7', 'asdksnfksfkmd', 'thomasspradley', 'johndoe2341341243', 'retrewtewrt', 'elel30182', 'matthew.jones98', 'alexander.lee', 'mtakcali', 'omertrbzn6197', 'jason.earl', 'tg2016', 'madisonmiller', 'taol190799', 'i.lutticken', 'rakaiit', 'grantmorris656', 'sgnmsrmsk', 'arif.ozkan5806', 'kadandirf', 'rockerheadgamer', 'ervndgn59', 'syoonhan', 'mmozcan4', 'anshshah2011', 'magnoliajasper', 'berrospidavid7', 'ashishchr', 'yusufsabahoglu05', 'cancetinkaya1201', 'burnett.william', 'efe.bstrk', 'pspiotrowicz1', 'bagasannin', 'philippeblaise', 'jaycwilson23', 'panellink1', 'cartermchris1', 'stiml1144', 'murattdo', 'daddysexual', 'mrtmert98', 'halilalp', 'hlong262', 'burak9836', 'flzkdndr', 'davidr27', 'sebrobarts', 'emreyilmazel1996', 's16c045b', 'dolaydemirel', 'd33r00', 'edakartari', 'theurgeboat', 'caseyamick', 'd093641', 'trivellin', 'cheeseybacon', 'rylandkate', 'heatherleaf', 'sbentz', 'lobsterben13']",18,"['u1122975', 'u1007283', 'shaunmckellar', 'yoyoyuan', 'u1096218', 'u0614258', 'u1251024', 'jac3888', 'u1250344', 'u1201149', 'u0582779', 'nanobeam', 'u1250307', 'ran', 'u1083849', 'u1099799', 'paulbrown', 'ddyreng1']",114,"['testeremre70', 'wdeaweqwdas', 'halilibrahimtiken', 'yorkiiii', 'mstff.1clkk', 'jeption2025', 'u1099799', 'mollykole', 'avera', 'chastintruelove', 'jbonez411', 'clizarazo', 'aaroncoonu', 'ozcanguclu', 'johnganiban', 'pkj71794g', 'sd226', 'oknky', 'andrew217usmc', 'u1083849', 'lerner', 'ege.ert7', 'burakalperen87', 'danielclapp99', 'ulusoy2006', 'aldanafloyd', 'maria.irausquin', 'shaunmckellar', 'ol_ac', 'kellen.wise', 'u1109841', 'drogalski', 'npatta.1986', 'asdadsa', 'mrgiraffe', 'annikadasher', 'oktayhalitekinay', 'paulbrown', 'ge.6cg7', 'asdksnfksfkmd', 'thomasspradley', 'johndoe2341341243', 'retrewtewrt', 'u1251024', 'elel30182', 'jac3888', 'matthew.jones98', 'u1250307', 'alexander.lee', 'mtakcali', 'omertrbzn6197', 'jason.earl', 'tg2016', 'madisonmiller', 'taol190799', 'i.lutticken', 'rakaiit', 'grantmorris656', 'nanobeam', 'sgnmsrmsk', 'ran', 'arif.ozkan5806', 'kadandirf', 'rockerheadgamer', 'ddyreng1', 'ervndgn59', 'u1122975', 'syoonhan', 'mmozcan4', 'anshshah2011', 'magnoliajasper', 'berrospidavid7', 'yoyoyuan', 'ashishchr', 'yusufsabahoglu05', 'cancetinkaya1201', 'burnett.william', 'efe.bstrk', 'pspiotrowicz1', 'bagasannin', 'philippeblaise', 'jaycwilson23', 'u1096218', 'u0614258', 'panellink1', 'u1201149', 'cartermchris1', 'stiml1144', 'murattdo', 'daddysexual', 'mrtmert98', 'halilalp', 'hlong262', 'burak9836', 'flzkdndr', 'davidr27', 'sebrobarts', 'emreyilmazel1996', 'u1007283', 's16c045b', 'dolaydemirel', 'd33r00', 'u1250344', 'edakartari', 'u0582779', 'theurgeboat', 'caseyamick', 'd093641', 'trivellin', 'cheeseybacon', 'rylandkate', 'heatherleaf', 'sbentz', 'lobsterben13']"
6,207,96,19,4,"['halilalp', 'mrtmert98', 'ulusoy2006', 'arif.ozkan5806']",92,"['testeremre70', 'wdeaweqwdas', 'halilibrahimtiken', 'yorkiiii', 'mstff.1clkk', 'jeption2025', 'mollykole', 'avera', 'chastintruelove', 'jbonez411', 'clizarazo', 'aaroncoonu', 'ozcanguclu', 'johnganiban', 'pkj71794g', 'sd226', 'oknky', 'andrew217usmc', 'lerner', 'ege.ert7', 'burakalperen87', 'danielclapp99', 'aldanafloyd', 'maria.irausquin', 'ol_ac', 'kellen.wise', 'u1109841', 'drogalski', 'npatta.1986', 'asdadsa', 'mrgiraffe', 'annikadasher', 'oktayhalitekinay', 'ge.6cg7', 'asdksnfksfkmd', 'thomasspradley', 'johndoe2341341243', 'retrewtewrt', 'elel30182', 'matthew.jones98', 'alexander.lee', 'mtakcali', 'omertrbzn6197', 'jason.earl', 'tg2016', 'madisonmiller', 'taol190799', 'i.lutticken', 'rakaiit', 'grantmorris656', 'sgnmsrmsk', 'kadandirf', 'rockerheadgamer', 'ervndgn59', 'syoonhan', 'mmozcan4', 'anshshah2011', 'magnoliajasper', 'berrospidavid7', 'ashishchr', 'yusufsabahoglu05', 'cancetinkaya1201', 'burnett.william', 'efe.bstrk', 'pspiotrowicz1', 'bagasannin', 'philippeblaise', 'jaycwilson23', 'panellink1', 'cartermchris1', 'stiml1144', 'murattdo', 'daddysexual', 'hlong262', 'burak9836', 'flzkdndr', 'davidr27', 'sebrobarts', 'emreyilmazel1996', 's16c045b', 'dolaydemirel', 'd33r00', 'edakartari', 'theurgeboat', 'caseyamick', 'd093641', 'trivellin', 'cheeseybacon', 'rylandkate', 'heatherleaf', 'sbentz', 'lobsterben13']",15,"['melikedogru22', 'furkan12', 'murat.kolcu.1926', '1967hamzausta', 'onurerks', 'ranaoztemur', 'kaayaa40', 'bertansafak', 'furkan069906', 'byzayh13', 'aydoganaali19', 'salcaburak', 'anilboran0671', 'furkan552senturk', 'yamakonurcan']",111,"['testeremre70', 'wdeaweqwdas', 'halilibrahimtiken', 'kaayaa40', 'yorkiiii', 'mstff.1clkk', 'jeption2025', 'mollykole', 'avera', 'chastintruelove', 'jbonez411', 'murat.kolcu.1926', '1967hamzausta', 'clizarazo', 'aaroncoonu', 'ozcanguclu', 'johnganiban', 'pkj71794g', 'sd226', 'oknky', 'andrew217usmc', 'aydoganaali19', 'lerner', 'byzayh13', 'ege.ert7', 'burakalperen87', 'danielclapp99', 'ulusoy2006', 'aldanafloyd', 'maria.irausquin', 'ol_ac', 'kellen.wise', 'u1109841', 'drogalski', 'npatta.1986', 'asdadsa', 'mrgiraffe', 'annikadasher', 'oktayhalitekinay', 'salcaburak', 'ge.6cg7', 'asdksnfksfkmd', 'yamakonurcan', 'thomasspradley', 'johndoe2341341243', 'retrewtewrt', 'ranaoztemur', 'elel30182', 'matthew.jones98', 'alexander.lee', 'mtakcali', 'omertrbzn6197', 'jason.earl', 'tg2016', 'madisonmiller', 'taol190799', 'i.lutticken', 'rakaiit', 'grantmorris656', 'furkan069906', 'sgnmsrmsk', 'arif.ozkan5806', 'kadandirf', 'rockerheadgamer', 'furkan552senturk', 'ervndgn59', 'syoonhan', 'onurerks', 'mmozcan4', 'anshshah2011', 'magnoliajasper', 'berrospidavid7', 'ashishchr', 'yusufsabahoglu05', 'cancetinkaya1201', 'burnett.william', 'efe.bstrk', 'anilboran0671', 'pspiotrowicz1', 'bagasannin', 'philippeblaise', 'jaycwilson23', 'bertansafak', 'panellink1', 'cartermchris1', 'stiml1144', 'murattdo', 'daddysexual', 'mrtmert98', 'halilalp', 'hlong262', 'burak9836', 'flzkdndr', 'melikedogru22', 'davidr27', 'furkan12', 'sebrobarts', 'emreyilmazel1996', 's16c045b', 'dolaydemirel', 'd33r00', 'edakartari', 'theurgeboat', 'caseyamick', 'd093641', 'trivellin', 'cheeseybacon', 'rylandkate', 'heatherleaf', 'sbentz', 'lobsterben13']"
6,202,96,17,16,"['jbonez411', 'jason.earl', 'johndoe2341341243', 'jaycwilson23', 'heatherleaf', 'anshshah2011', 'berrospidavid7', 'pkj71794g', 'grantmorris656', 'caseyamick', 'stiml1144', 'andrew217usmc', 'cheeseybacon', 'daddysexual', 'jeption2025', 'pspiotrowicz1']",80,"['testeremre70', 'wdeaweqwdas', 'halilibrahimtiken', 'yorkiiii', 'mstff.1clkk', 'mollykole', 'avera', 'chastintruelove', 'clizarazo', 'aaroncoonu', 'ozcanguclu', 'johnganiban', 'sd226', 'oknky', 'lerner', 'ege.ert7', 'burakalperen87', 'danielclapp99', 'ulusoy2006', 'aldanafloyd', 'maria.irausquin', 'ol_ac', 'kellen.wise', 'u1109841', 'drogalski', 'npatta.1986', 'asdadsa', 'mrgiraffe', 'annikadasher', 'oktayhalitekinay', 'ge.6cg7', 'asdksnfksfkmd', 'thomasspradley', 'retrewtewrt', 'elel30182', 'matthew.jones98', 'alexander.lee', 'mtakcali', 'omertrbzn6197', 'tg2016', 'madisonmiller', 'taol190799', 'i.lutticken', 'rakaiit', 'sgnmsrmsk', 'arif.ozkan5806', 'kadandirf', 'rockerheadgamer', 'ervndgn59', 'syoonhan', 'mmozcan4', 'magnoliajasper', 'ashishchr', 'yusufsabahoglu05', 'cancetinkaya1201', 'burnett.william', 'efe.bstrk', 'bagasannin', 'philippeblaise', 'panellink1', 'cartermchris1', 'murattdo', 'mrtmert98', 'halilalp', 'hlong262', 'burak9836', 'flzkdndr', 'davidr27', 'sebrobarts', 'emreyilmazel1996', 's16c045b', 'dolaydemirel', 'd33r00', 'edakartari', 'theurgeboat', 'd093641', 'trivellin', 'rylandkate', 'sbentz', 'lobsterben13']",1,['sandip83'],97,"['testeremre70', 'wdeaweqwdas', 'halilibrahimtiken', 'yorkiiii', 'mstff.1clkk', 'jeption2025', 'mollykole', 'avera', 'chastintruelove', 'jbonez411', 'clizarazo', 'aaroncoonu', 'ozcanguclu', 'johnganiban', 'pkj71794g', 'sd226', 'oknky', 'andrew217usmc', 'lerner', 'ege.ert7', 'burakalperen87', 'danielclapp99', 'ulusoy2006', 'aldanafloyd', 'maria.irausquin', 'ol_ac', 'kellen.wise', 'u1109841', 'drogalski', 'npatta.1986', 'asdadsa', 'mrgiraffe', 'annikadasher', 'oktayhalitekinay', 'ge.6cg7', 'asdksnfksfkmd', 'thomasspradley', 'johndoe2341341243', 'retrewtewrt', 'elel30182', 'matthew.jones98', 'alexander.lee', 'mtakcali', 'omertrbzn6197', 'jason.earl', 'tg2016', 'madisonmiller', 'taol190799', 'i.lutticken', 'rakaiit', 'grantmorris656', 'sgnmsrmsk', 'arif.ozkan5806', 'kadandirf', 'rockerheadgamer', 'ervndgn59', 'syoonhan', 'mmozcan4', 'anshshah2011', 'magnoliajasper', 'berrospidavid7', 'ashishchr', 'yusufsabahoglu05', 'cancetinkaya1201', 'burnett.william', 'sandip83', 'efe.bstrk', 'pspiotrowicz1', 'bagasannin', 'philippeblaise', 'jaycwilson23', 'panellink1', 'cartermchris1', 'stiml1144', 'murattdo', 'daddysexual', 'mrtmert98', 'halilalp', 'hlong262', 'burak9836', 'flzkdndr', 'davidr27', 'sebrobarts', 'emreyilmazel1996', 's16c045b', 'dolaydemirel', 'd33r00', 'edakartari', 'theurgeboat', 'caseyamick', 'd093641', 'trivellin', 'cheeseybacon', 'rylandkate', 'heatherleaf', 'sbentz', 'lobsterben13']"
6,206,96,16,4,"['lerner', 'panellink1', 'burakalperen87', 'mmozcan4']",92,"['testeremre70', 'wdeaweqwdas', 'halilibrahimtiken', 'yorkiiii', 'mstff.1clkk', 'jeption2025', 'mollykole', 'avera', 'chastintruelove', 'jbonez411', 'clizarazo', 'aaroncoonu', 'ozcanguclu', 'johnganiban', 'pkj71794g', 'sd226', 'oknky', 'andrew217usmc', 'ege.ert7', 'danielclapp99', 'ulusoy2006', 'aldanafloyd', 'maria.irausquin', 'ol_ac', 'kellen.wise', 'u1109841', 'drogalski', 'npatta.1986', 'asdadsa', 'mrgiraffe', 'annikadasher', 'oktayhalitekinay', 'ge.6cg7', 'asdksnfksfkmd', 'thomasspradley', 'johndoe2341341243', 'retrewtewrt', 'elel30182', 'matthew.jones98', 'alexander.lee', 'mtakcali', 'omertrbzn6197', 'jason.earl', 'tg2016', 'madisonmiller', 'taol190799', 'i.lutticken', 'rakaiit', 'grantmorris656', 'sgnmsrmsk', 'arif.ozkan5806', 'kadandirf', 'rockerheadgamer', 'ervndgn59', 'syoonhan', 'anshshah2011', 'magnoliajasper', 'berrospidavid7', 'ashishchr', 'yusufsabahoglu05', 'cancetinkaya1201', 'burnett.william', 'efe.bstrk', 'pspiotrowicz1', 'bagasannin', 'philippeblaise', 'jaycwilson23', 'cartermchris1', 'stiml1144', 'murattdo', 'daddysexual', 'mrtmert98', 'halilalp', 'hlong262', 'burak9836', 'flzkdndr', 'davidr27', 'sebrobarts', 'emreyilmazel1996', 's16c045b', 'dolaydemirel', 'd33r00', 'edakartari', 'theurgeboat', 'caseyamick', 'd093641', 'trivellin', 'cheeseybacon', 'rylandkate', 'heatherleaf', 'sbentz', 'lobsterben13']",12,"['keryfly', 'ftah', 'mumiock.1067', 'yunusyeo768', 'ymenekse1', 'emircansimsek', 'ataozirmak', 'tugbakoyuncu99', 'fdirisaglik', 'talayhalil2626', 'ceydabayrak581', 'corezyadigar26']",108,"['testeremre70', 'wdeaweqwdas', 'halilibrahimtiken', 'yunusyeo768', 'yorkiiii', 'mstff.1clkk', 'jeption2025', 'mollykole', 'ceydabayrak581', 'avera', 'chastintruelove', 'jbonez411', 'clizarazo', 'aaroncoonu', 'ozcanguclu', 'johnganiban', 'pkj71794g', 'sd226', 'oknky', 'andrew217usmc', 'lerner', 'ege.ert7', 'burakalperen87', 'danielclapp99', 'ulusoy2006', 'aldanafloyd', 'maria.irausquin', 'ol_ac', 'mumiock.1067', 'kellen.wise', 'u1109841', 'drogalski', 'npatta.1986', 'asdadsa', 'mrgiraffe', 'emircansimsek', 'annikadasher', 'oktayhalitekinay', 'talayhalil2626', 'ge.6cg7', 'asdksnfksfkmd', 'thomasspradley', 'johndoe2341341243', 'retrewtewrt', 'elel30182', 'ymenekse1', 'matthew.jones98', 'fdirisaglik', 'alexander.lee', 'mtakcali', 'omertrbzn6197', 'jason.earl', 'tg2016', 'madisonmiller', 'taol190799', 'i.lutticken', 'rakaiit', 'grantmorris656', 'sgnmsrmsk', 'arif.ozkan5806', 'corezyadigar26', 'kadandirf', 'rockerheadgamer', 'ervndgn59', 'syoonhan', 'mmozcan4', 'anshshah2011', 'magnoliajasper', 'berrospidavid7', 'ashishchr', 'yusufsabahoglu05', 'cancetinkaya1201', 'tugbakoyuncu99', 'burnett.william', 'efe.bstrk', 'pspiotrowicz1', 'bagasannin', 'philippeblaise', 'ftah', 'jaycwilson23', 'panellink1', 'cartermchris1', 'stiml1144', 'murattdo', 'daddysexual', 'mrtmert98', 'halilalp', 'hlong262', 'burak9836', 'flzkdndr', 'davidr27', 'keryfly', 'sebrobarts', 'emreyilmazel1996', 's16c045b', 'dolaydemirel', 'd33r00', 'edakartari', 'theurgeboat', 'ataozirmak', 'caseyamick', 'd093641', 'trivellin', 'cheeseybacon', 'rylandkate', 'heatherleaf', 'sbentz', 'lobsterben13']"
6,209,96,15,2,"['annikadasher', 'lobsterben13']",94,"['testeremre70', 'wdeaweqwdas', 'halilibrahimtiken', 'yorkiiii', 'mstff.1clkk', 'jeption2025', 'mollykole', 'avera', 'chastintruelove', 'jbonez411', 'clizarazo', 'aaroncoonu', 'ozcanguclu', 'johnganiban', 'pkj71794g', 'sd226', 'oknky', 'andrew217usmc', 'lerner', 'ege.ert7', 'burakalperen87', 'danielclapp99', 'ulusoy2006', 'aldanafloyd', 'maria.irausquin', 'ol_ac', 'kellen.wise', 'u1109841', 'drogalski', 'npatta.1986', 'asdadsa', 'mrgiraffe', 'oktayhalitekinay', 'ge.6cg7', 'asdksnfksfkmd', 'thomasspradley', 'johndoe2341341243', 'retrewtewrt', 'elel30182', 'matthew.jones98', 'alexander.lee', 'mtakcali', 'omertrbzn6197', 'jason.earl', 'tg2016', 'madisonmiller', 'taol190799', 'i.lutticken', 'rakaiit', 'grantmorris656', 'sgnmsrmsk', 'arif.ozkan5806', 'kadandirf', 'rockerheadgamer', 'ervndgn59', 'syoonhan', 'mmozcan4', 'anshshah2011', 'magnoliajasper', 'berrospidavid7', 'ashishchr', 'yusufsabahoglu05', 'cancetinkaya1201', 'burnett.william', 'efe.bstrk', 'pspiotrowicz1', 'bagasannin', 'philippeblaise', 'jaycwilson23', 'panellink1', 'cartermchris1', 'stiml1144', 'murattdo', 'daddysexual', 'mrtmert98', 'halilalp', 'hlong262', 'burak9836', 'flzkdndr', 'davidr27', 'sebrobarts', 'emreyilmazel1996', 's16c045b', 'dolaydemirel', 'd33r00', 'edakartari', 'theurgeboat', 'caseyamick', 'd093641', 'trivellin', 'cheeseybacon', 'rylandkate', 'heatherleaf', 'sbentz']",13,"['vritota', 'nfranzoni', 'jhahn95', 'nguyendaniel', 'abaringer', 'jrobinson5', 'lpentzke', 'wingitalways', 'dicef', 'cacuy', 'cameronframpton', 'kmerino', 'liqizhou']",109,"['testeremre70', 'wdeaweqwdas', 'halilibrahimtiken', 'abaringer', 'yorkiiii', 'mstff.1clkk', 'jeption2025', 'mollykole', 'avera', 'chastintruelove', 'jbonez411', 'nguyendaniel', 'clizarazo', 'aaroncoonu', 'ozcanguclu', 'johnganiban', 'pkj71794g', 'sd226', 'oknky', 'andrew217usmc', 'lerner', 'ege.ert7', 'burakalperen87', 'danielclapp99', 'ulusoy2006', 'aldanafloyd', 'maria.irausquin', 'ol_ac', 'kellen.wise', 'u1109841', 'drogalski', 'npatta.1986', 'asdadsa', 'mrgiraffe', 'annikadasher', 'oktayhalitekinay', 'ge.6cg7', 'asdksnfksfkmd', 'liqizhou', 'thomasspradley', 'vritota', 'johndoe2341341243', 'nfranzoni', 'retrewtewrt', 'elel30182', 'wingitalways', 'matthew.jones98', 'alexander.lee', 'mtakcali', 'omertrbzn6197', 'jason.earl', 'tg2016', 'madisonmiller', 'taol190799', 'jhahn95', 'i.lutticken', 'rakaiit', 'grantmorris656', 'jrobinson5', 'sgnmsrmsk', 'arif.ozkan5806', 'kadandirf', 'cacuy', 'rockerheadgamer', 'cameronframpton', 'ervndgn59', 'syoonhan', 'mmozcan4', 'anshshah2011', 'magnoliajasper', 'berrospidavid7', 'ashishchr', 'yusufsabahoglu05', 'cancetinkaya1201', 'burnett.william', 'efe.bstrk', 'pspiotrowicz1', 'bagasannin', 'philippeblaise', 'jaycwilson23', 'panellink1', 'cartermchris1', 'stiml1144', 'murattdo', 'dicef', 'daddysexual', 'mrtmert98', 'halilalp', 'hlong262', 'burak9836', 'flzkdndr', 'kmerino', 'davidr27', 'sebrobarts', 'emreyilmazel1996', 's16c045b', 'dolaydemirel', 'd33r00', 'edakartari', 'theurgeboat', 'lpentzke', 'caseyamick', 'd093641', 'trivellin', 'cheeseybacon', 'rylandkate', 'heatherleaf', 'sbentz', 'lobsterben13']"
6,203,96,9,7,"['i.lutticken', 'johnganiban', 'kellen.wise', 'annikadasher', 'hlong262', 'sbentz', 'lobsterben13']",89,"['testeremre70', 'wdeaweqwdas', 'halilibrahimtiken', 'yorkiiii', 'mstff.1clkk', 'jeption2025', 'mollykole', 'avera', 'chastintruelove', 'jbonez411', 'clizarazo', 'aaroncoonu', 'ozcanguclu', 'pkj71794g', 'sd226', 'oknky', 'andrew217usmc', 'lerner', 'ege.ert7', 'burakalperen87', 'danielclapp99', 'ulusoy2006', 'aldanafloyd', 'maria.irausquin', 'ol_ac', 'u1109841', 'drogalski', 'npatta.1986', 'asdadsa', 'mrgiraffe', 'oktayhalitekinay', 'ge.6cg7', 'asdksnfksfkmd', 'thomasspradley', 'johndoe2341341243', 'retrewtewrt', 'elel30182', 'matthew.jones98', 'alexander.lee', 'mtakcali', 'omertrbzn6197', 'jason.earl', 'tg2016', 'madisonmiller', 'taol190799', 'rakaiit', 'grantmorris656', 'sgnmsrmsk', 'arif.ozkan5806', 'kadandirf', 'rockerheadgamer', 'ervndgn59', 'syoonhan', 'mmozcan4', 'anshshah2011', 'magnoliajasper', 'berrospidavid7', 'ashishchr', 'yusufsabahoglu05', 'cancetinkaya1201', 'burnett.william', 'efe.bstrk', 'pspiotrowicz1', 'bagasannin', 'philippeblaise', 'jaycwilson23', 'panellink1', 'cartermchris1', 'stiml1144', 'murattdo', 'daddysexual', 'mrtmert98', 'halilalp', 'burak9836', 'flzkdndr', 'davidr27', 'sebrobarts', 'emreyilmazel1996', 's16c045b', 'dolaydemirel', 'd33r00', 'edakartari', 'theurgeboat', 'caseyamick', 'd093641', 'trivellin', 'cheeseybacon', 'rylandkate', 'heatherleaf']",2,"['cameronframpton', '8223freret']",98,"['testeremre70', 'wdeaweqwdas', 'halilibrahimtiken', 'yorkiiii', 'mstff.1clkk', 'jeption2025', 'mollykole', 'avera', 'chastintruelove', 'jbonez411', 'clizarazo', 'aaroncoonu', 'ozcanguclu', 'johnganiban', 'pkj71794g', 'sd226', 'oknky', 'andrew217usmc', 'lerner', 'ege.ert7', 'burakalperen87', 'danielclapp99', 'ulusoy2006', 'aldanafloyd', 'maria.irausquin', 'ol_ac', 'kellen.wise', 'u1109841', 'drogalski', 'npatta.1986', 'asdadsa', 'mrgiraffe', 'annikadasher', 'oktayhalitekinay', 'ge.6cg7', 'asdksnfksfkmd', '8223freret', 'thomasspradley', 'johndoe2341341243', 'retrewtewrt', 'elel30182', 'matthew.jones98', 'alexander.lee', 'mtakcali', 'omertrbzn6197', 'jason.earl', 'tg2016', 'madisonmiller', 'taol190799', 'i.lutticken', 'rakaiit', 'grantmorris656', 'sgnmsrmsk', 'arif.ozkan5806', 'kadandirf', 'rockerheadgamer', 'cameronframpton', 'ervndgn59', 'syoonhan', 'mmozcan4', 'anshshah2011', 'magnoliajasper', 'berrospidavid7', 'ashishchr', 'yusufsabahoglu05', 'cancetinkaya1201', 'burnett.william', 'efe.bstrk', 'pspiotrowicz1', 'bagasannin', 'philippeblaise', 'jaycwilson23', 'panellink1', 'cartermchris1', 'stiml1144', 'murattdo', 'daddysexual', 'mrtmert98', 'halilalp', 'hlong262', 'burak9836', 'flzkdndr', 'davidr27', 'sebrobarts', 'emreyilmazel1996', 's16c045b', 'dolaydemirel', 'd33r00', 'edakartari', 'theurgeboat', 'caseyamick', 'd093641', 'trivellin', 'cheeseybacon', 'rylandkate', 'heatherleaf', 'sbentz', 'lobsterben13']"
6,224,96,7,3,"['mstff.1clkk', 'halilibrahimtiken', 'murattdo']",93,"['testeremre70', 'wdeaweqwdas', 'yorkiiii', 'jeption2025', 'mollykole', 'avera', 'chastintruelove', 'jbonez411', 'clizarazo', 'aaroncoonu', 'ozcanguclu', 'johnganiban', 'pkj71794g', 'sd226', 'oknky', 'andrew217usmc', 'lerner', 'ege.ert7', 'burakalperen87', 'danielclapp99', 'ulusoy2006', 'aldanafloyd', 'maria.irausquin', 'ol_ac', 'kellen.wise', 'u1109841', 'drogalski', 'npatta.1986', 'asdadsa', 'mrgiraffe', 'annikadasher', 'oktayhalitekinay', 'ge.6cg7', 'asdksnfksfkmd', 'thomasspradley', 'johndoe2341341243', 'retrewtewrt', 'elel30182', 'matthew.jones98', 'alexander.lee', 'mtakcali', 'omertrbzn6197', 'jason.earl', 'tg2016', 'madisonmiller', 'taol190799', 'i.lutticken', 'rakaiit', 'grantmorris656', 'sgnmsrmsk', 'arif.ozkan5806', 'kadandirf', 'rockerheadgamer', 'ervndgn59', 'syoonhan', 'mmozcan4', 'anshshah2011', 'magnoliajasper', 'berrospidavid7', 'ashishchr', 'yusufsabahoglu05', 'cancetinkaya1201', 'burnett.william', 'efe.bstrk', 'pspiotrowicz1', 'bagasannin', 'philippeblaise', 'jaycwilson23', 'panellink1', 'cartermchris1', 'stiml1144', 'daddysexual', 'mrtmert98', 'halilalp', 'hlong262', 'burak9836', 'flzkdndr', 'davidr27', 'sebrobarts', 'emreyilmazel1996', 's16c045b', 'dolaydemirel', 'd33r00', 'edakartari', 'theurgeboat', 'caseyamick', 'd093641', 'trivellin', 'cheeseybacon', 'rylandkate', 'heatherleaf', 'sbentz', 'lobsterben13']",4,"['raistlin', 'dumpnit', 'kaankuncak', 'onurerks']",100,"['testeremre70', 'wdeaweqwdas', 'halilibrahimtiken', 'raistlin', 'yorkiiii', 'mstff.1clkk', 'jeption2025', 'mollykole', 'avera', 'chastintruelove', 'jbonez411', 'clizarazo', 'aaroncoonu', 'ozcanguclu', 'johnganiban', 'pkj71794g', 'sd226', 'oknky', 'andrew217usmc', 'lerner', 'ege.ert7', 'burakalperen87', 'danielclapp99', 'ulusoy2006', 'aldanafloyd', 'maria.irausquin', 'ol_ac', 'kellen.wise', 'u1109841', 'drogalski', 'npatta.1986', 'asdadsa', 'mrgiraffe', 'annikadasher', 'oktayhalitekinay', 'ge.6cg7', 'asdksnfksfkmd', 'thomasspradley', 'johndoe2341341243', 'retrewtewrt', 'elel30182', 'matthew.jones98', 'alexander.lee', 'mtakcali', 'omertrbzn6197', 'jason.earl', 'tg2016', 'madisonmiller', 'taol190799', 'i.lutticken', 'rakaiit', 'grantmorris656', 'sgnmsrmsk', 'arif.ozkan5806', 'kadandirf', 'rockerheadgamer', 'ervndgn59', 'syoonhan', 'onurerks', 'kaankuncak', 'mmozcan4', 'anshshah2011', 'magnoliajasper', 'berrospidavid7', 'ashishchr', 'yusufsabahoglu05', 'cancetinkaya1201', 'burnett.william', 'efe.bstrk', 'pspiotrowicz1', 'bagasannin', 'philippeblaise', 'dumpnit', 'jaycwilson23', 'panellink1', 'cartermchris1', 'stiml1144', 'murattdo', 'daddysexual', 'mrtmert98', 'halilalp', 'hlong262', 'burak9836', 'flzkdndr', 'davidr27', 'sebrobarts', 'emreyilmazel1996', 's16c045b', 'dolaydemirel', 'd33r00', 'edakartari', 'theurgeboat', 'caseyamick', 'd093641', 'trivellin', 'cheeseybacon', 'rylandkate', 'heatherleaf', 'sbentz', 'lobsterben13']"
6,208,96,6,3,"['aaroncoonu', 'cartermchris1', 'u1109841']",93,"['testeremre70', 'wdeaweqwdas', 'halilibrahimtiken', 'yorkiiii', 'mstff.1clkk', 'jeption2025', 'mollykole', 'avera', 'chastintruelove', 'jbonez411', 'clizarazo', 'ozcanguclu', 'johnganiban', 'pkj71794g', 'sd226', 'oknky', 'andrew217usmc', 'lerner', 'ege.ert7', 'burakalperen87', 'danielclapp99', 'ulusoy2006', 'aldanafloyd', 'maria.irausquin', 'ol_ac', 'kellen.wise', 'drogalski', 'npatta.1986', 'asdadsa', 'mrgiraffe', 'annikadasher', 'oktayhalitekinay', 'ge.6cg7', 'asdksnfksfkmd', 'thomasspradley', 'johndoe2341341243', 'retrewtewrt', 'elel30182', 'matthew.jones98', 'alexander.lee', 'mtakcali', 'omertrbzn6197', 'jason.earl', 'tg2016', 'madisonmiller', 'taol190799', 'i.lutticken', 'rakaiit', 'grantmorris656', 'sgnmsrmsk', 'arif.ozkan5806', 'kadandirf', 'rockerheadgamer', 'ervndgn59', 'syoonhan', 'mmozcan4', 'anshshah2011', 'magnoliajasper', 'berrospidavid7', 'ashishchr', 'yusufsabahoglu05', 'cancetinkaya1201', 'burnett.william', 'efe.bstrk', 'pspiotrowicz1', 'bagasannin', 'philippeblaise', 'jaycwilson23', 'panellink1', 'stiml1144', 'murattdo', 'daddysexual', 'mrtmert98', 'halilalp', 'hlong262', 'burak9836', 'flzkdndr', 'davidr27', 'sebrobarts', 'emreyilmazel1996', 's16c045b', 'dolaydemirel', 'd33r00', 'edakartari', 'theurgeboat', 'caseyamick', 'd093641', 'trivellin', 'cheeseybacon', 'rylandkate', 'heatherleaf', 'sbentz', 'lobsterben13']",3,"['u6007941', 'nanobeam', 'u1250344']",99,"['testeremre70', 'wdeaweqwdas', 'halilibrahimtiken', 'yorkiiii', 'mstff.1clkk', 'jeption2025', 'mollykole', 'avera', 'chastintruelove', 'jbonez411', 'clizarazo', 'aaroncoonu', 'ozcanguclu', 'johnganiban', 'pkj71794g', 'sd226', 'oknky', 'andrew217usmc', 'lerner', 'ege.ert7', 'burakalperen87', 'danielclapp99', 'ulusoy2006', 'aldanafloyd', 'maria.irausquin', 'ol_ac', 'kellen.wise', 'u1109841', 'drogalski', 'npatta.1986', 'asdadsa', 'mrgiraffe', 'annikadasher', 'oktayhalitekinay', 'ge.6cg7', 'asdksnfksfkmd', 'thomasspradley', 'johndoe2341341243', 'retrewtewrt', 'elel30182', 'matthew.jones98', 'alexander.lee', 'mtakcali', 'omertrbzn6197', 'jason.earl', 'tg2016', 'madisonmiller', 'taol190799', 'u6007941', 'i.lutticken', 'rakaiit', 'grantmorris656', 'nanobeam', 'sgnmsrmsk', 'arif.ozkan5806', 'kadandirf', 'rockerheadgamer', 'ervndgn59', 'syoonhan', 'mmozcan4', 'anshshah2011', 'magnoliajasper', 'berrospidavid7', 'ashishchr', 'yusufsabahoglu05', 'cancetinkaya1201', 'burnett.william', 'efe.bstrk', 'pspiotrowicz1', 'bagasannin', 'philippeblaise', 'jaycwilson23', 'panellink1', 'cartermchris1', 'stiml1144', 'murattdo', 'daddysexual', 'mrtmert98', 'halilalp', 'hlong262', 'burak9836', 'flzkdndr', 'davidr27', 'sebrobarts', 'emreyilmazel1996', 's16c045b', 'dolaydemirel', 'd33r00', 'u1250344', 'edakartari', 'theurgeboat', 'caseyamick', 'd093641', 'trivellin', 'cheeseybacon', 'rylandkate', 'heatherleaf', 'sbentz', 'lobsterben13']"
6,223,96,6,2,"['cancetinkaya1201', 'mtakcali']",94,"['testeremre70', 'wdeaweqwdas', 'halilibrahimtiken', 'yorkiiii', 'mstff.1clkk', 'jeption2025', 'mollykole', 'avera', 'chastintruelove', 'jbonez411', 'clizarazo', 'aaroncoonu', 'ozcanguclu', 'johnganiban', 'pkj71794g', 'sd226', 'oknky', 'andrew217usmc', 'lerner', 'ege.ert7', 'burakalperen87', 'danielclapp99', 'ulusoy2006', 'aldanafloyd', 'maria.irausquin', 'ol_ac', 'kellen.wise', 'u1109841', 'drogalski', 'npatta.1986', 'asdadsa', 'mrgiraffe', 'annikadasher', 'oktayhalitekinay', 'ge.6cg7', 'asdksnfksfkmd', 'thomasspradley', 'johndoe2341341243', 'retrewtewrt', 'elel30182', 'matthew.jones98', 'alexander.lee', 'omertrbzn6197', 'jason.earl', 'tg2016', 'madisonmiller', 'taol190799', 'i.lutticken', 'rakaiit', 'grantmorris656', 'sgnmsrmsk', 'arif.ozkan5806', 'kadandirf', 'rockerheadgamer', 'ervndgn59', 'syoonhan', 'mmozcan4', 'anshshah2011', 'magnoliajasper', 'berrospidavid7', 'ashishchr', 'yusufsabahoglu05', 'burnett.william', 'efe.bstrk', 'pspiotrowicz1', 'bagasannin', 'philippeblaise', 'jaycwilson23', 'panellink1', 'cartermchris1', 'stiml1144', 'murattdo', 'daddysexual', 'mrtmert98', 'halilalp', 'hlong262', 'burak9836', 'flzkdndr', 'davidr27', 'sebrobarts', 'emreyilmazel1996', 's16c045b', 'dolaydemirel', 'd33r00', 'edakartari', 'theurgeboat', 'caseyamick', 'd093641', 'trivellin', 'cheeseybacon', 'rylandkate', 'heatherleaf', 'sbentz', 'lobsterben13']",4,"['azazimalii', 'ogu0001', 'rdvanokul05', 'enesdinler1']",100,"['testeremre70', 'wdeaweqwdas', 'halilibrahimtiken', 'ogu0001', 'azazimalii', 'yorkiiii', 'mstff.1clkk', 'jeption2025', 'mollykole', 'avera', 'chastintruelove', 'jbonez411', 'clizarazo', 'aaroncoonu', 'ozcanguclu', 'rdvanokul05', 'johnganiban', 'pkj71794g', 'sd226', 'oknky', 'andrew217usmc', 'lerner', 'ege.ert7', 'burakalperen87', 'danielclapp99', 'ulusoy2006', 'aldanafloyd', 'maria.irausquin', 'ol_ac', 'kellen.wise', 'u1109841', 'drogalski', 'npatta.1986', 'asdadsa', 'mrgiraffe', 'annikadasher', 'oktayhalitekinay', 'ge.6cg7', 'asdksnfksfkmd', 'thomasspradley', 'johndoe2341341243', 'retrewtewrt', 'elel30182', 'matthew.jones98', 'alexander.lee', 'mtakcali', 'omertrbzn6197', 'jason.earl', 'tg2016', 'madisonmiller', 'taol190799', 'i.lutticken', 'rakaiit', 'grantmorris656', 'sgnmsrmsk', 'arif.ozkan5806', 'kadandirf', 'rockerheadgamer', 'ervndgn59', 'syoonhan', 'mmozcan4', 'anshshah2011', 'magnoliajasper', 'berrospidavid7', 'ashishchr', 'yusufsabahoglu05', 'cancetinkaya1201', 'burnett.william', 'efe.bstrk', 'enesdinler1', 'pspiotrowicz1', 'bagasannin', 'philippeblaise', 'jaycwilson23', 'panellink1', 'cartermchris1', 'stiml1144', 'murattdo', 'daddysexual', 'mrtmert98', 'halilalp', 'hlong262', 'burak9836', 'flzkdndr', 'davidr27', 'sebrobarts', 'emreyilmazel1996', 's16c045b', 'dolaydemirel', 'd33r00', 'edakartari', 'theurgeboat', 'caseyamick', 'd093641', 'trivellin', 'cheeseybacon', 'rylandkate', 'heatherleaf', 'sbentz', 'lobsterben13']"
7,264,94,14,14,"['mamidipakamohanasai', 'veeramachaneni.saatwik.18csc', 'vishwakreddy', 'venkata.saisreekarmp.18csc', 'sejalsomani', 'vilekha.ghanta.18ece', 'digvijay.singh.18csc', 'amarthalurupaavandileep', 'paidipraneethkumar', 'shreyanshanchlia', 'garvit.vijay.18csc', 'shivansh.khera.18cse', 'arihant.jain.18csc', 'kanavmittal']",80,"['gelle.abhiram.18cse', 'pranshu.sood.18cse', 'anirudhnannuri', 'saivenkatlakamsani', 'sanket.deshmane', 'lorenzo96', 'orzata', 'mridulshukla1106', 'chakka.saiteja.18csc', 'anirudh.jilla.18csc', 'rithvik', 'jesminakther', 'parikshit.palsania.18csc', 'chandasingh49', 'f.marcato', 'g3_herg14', 'motupalli.saivamsikrishna.18cse', 'bhavya.tuteja.18mec', 'aishwaryarajanbabu2002', 'dhruvakrishna', 'cwelch5', 'mohammad.daim.18csc', 'akshat.tripathi.18cse', 'adarsh.upadhyay.18mec', 'tejeswarareddy', 'robertocro', 'cinziasalis', 'manyamvishal', 'bade.pundareekaksha.18cse', 'alfon_macareno', 'chiraggoyal', 'pallavi.bt18', 's.argiolas17', 'gioia.chiodi95', 'yash.patil.18csc', 'nilsgerke.ng', 'shivam.kumar.18cse', 'faisal.nazir', 'pramod.vangipurapu.18cse', 'venkata.manishkatragadda.18cse', 'devaharsha06', 'gallus1997', 'gc_unica', 'penumetcha.sairahulverma.18csc', 'manas.yadav.18cse', 'yeddula.suryateja.18ece', 'garimella.likith.18cse', 'shivang2k', 'nallaparajuraghavendranagavarma1', 'splbt18', 'sreeya_suresh', 'anjalianju1707', 'garine.harshavardhan.18cse', 'kanchrlavivek', 'mathan.ntmoorthy', 'himanshu.jalan.18cse', 'mr882', 'saijal.goyal.18cse', 'imadabattuni.naveenkumar.18cse', 'moram.indravardhanreddy.18cse', 'mogiligiridhar2001', 'victor121222', 'edapalapati.venkataabhiram.18csc', 'varmaaditya668', 'r.carboni9', 'gianluca.marongiu', 'gurram.raghavendradinesh.18cse', 'jorge.guerrerovi', 'harshini23', 'akshita.2', 'bipinelmat', 'apeddu95', 'shubham04', 'pavuluriviratchowdary', 'kanishk', 'krishnapriya111tl', 'akanksha.gupta.18csc', 'honey_bhardwaj', 'christina2001', 'koppineedikalyan']",0,[],94,"['gelle.abhiram.18cse', 'venkata.saisreekarmp.18csc', 'pranshu.sood.18cse', 'anirudhnannuri', 'saivenkatlakamsani', 'sanket.deshmane', 'lorenzo96', 'orzata', 'mridulshukla1106', 'chakka.saiteja.18csc', 'arihant.jain.18csc', 'anirudh.jilla.18csc', 'rithvik', 'jesminakther', 'parikshit.palsania.18csc', 'chandasingh49', 'f.marcato', 'digvijay.singh.18csc', 'g3_herg14', 'motupalli.saivamsikrishna.18cse', 'bhavya.tuteja.18mec', 'aishwaryarajanbabu2002', 'dhruvakrishna', 'cwelch5', 'mamidipakamohanasai', 'mohammad.daim.18csc', 'sejalsomani', 'akshat.tripathi.18cse', 'adarsh.upadhyay.18mec', 'tejeswarareddy', 'robertocro', 'amarthalurupaavandileep', 'cinziasalis', 'manyamvishal', 'bade.pundareekaksha.18cse', 'alfon_macareno', 'paidipraneethkumar', 'chiraggoyal', 'pallavi.bt18', 's.argiolas17', 'gioia.chiodi95', 'yash.patil.18csc', 'nilsgerke.ng', 'garvit.vijay.18csc', 'shivam.kumar.18cse', 'shivansh.khera.18cse', 'faisal.nazir', 'pramod.vangipurapu.18cse', 'venkata.manishkatragadda.18cse', 'devaharsha06', 'gallus1997', 'gc_unica', 'penumetcha.sairahulverma.18csc', 'manas.yadav.18cse', 'yeddula.suryateja.18ece', 'garimella.likith.18cse', 'shivang2k', 'nallaparajuraghavendranagavarma1', 'splbt18', 'sreeya_suresh', 'anjalianju1707', 'garine.harshavardhan.18cse', 'kanavmittal', 'kanchrlavivek', 'mathan.ntmoorthy', 'himanshu.jalan.18cse', 'mr882', 'vishwakreddy', 'saijal.goyal.18cse', 'imadabattuni.naveenkumar.18cse', 'moram.indravardhanreddy.18cse', 'mogiligiridhar2001', 'victor121222', 'edapalapati.venkataabhiram.18csc', 'varmaaditya668', 'r.carboni9', 'gianluca.marongiu', 'veeramachaneni.saatwik.18csc', 'gurram.raghavendradinesh.18cse', 'jorge.guerrerovi', 'harshini23', 'akshita.2', 'bipinelmat', 'apeddu95', 'shubham04', 'pavuluriviratchowdary', 'vilekha.ghanta.18ece', 'kanishk', 'krishnapriya111tl', 'akanksha.gupta.18csc', 'shreyanshanchlia', 'honey_bhardwaj', 'christina2001', 'koppineedikalyan']"
7,266,94,14,14,"['dhruvakrishna', 'mamidipakamohanasai', 'devaharsha06', 'parikshit.palsania.18csc', 'anirudh.jilla.18csc', 'anirudhnannuri', 'saivenkatlakamsani', 'penumetcha.sairahulverma.18csc', 'yeddula.suryateja.18ece', 'edapalapati.venkataabhiram.18csc', 'motupalli.saivamsikrishna.18cse', 'nallaparajuraghavendranagavarma1', 'garine.harshavardhan.18cse', 'pramod.vangipurapu.18cse']",80,"['gelle.abhiram.18cse', 'venkata.saisreekarmp.18csc', 'pranshu.sood.18cse', 'sanket.deshmane', 'lorenzo96', 'orzata', 'mridulshukla1106', 'chakka.saiteja.18csc', 'arihant.jain.18csc', 'rithvik', 'jesminakther', 'chandasingh49', 'f.marcato', 'digvijay.singh.18csc', 'g3_herg14', 'bhavya.tuteja.18mec', 'aishwaryarajanbabu2002', 'cwelch5', 'mohammad.daim.18csc', 'sejalsomani', 'akshat.tripathi.18cse', 'adarsh.upadhyay.18mec', 'tejeswarareddy', 'robertocro', 'amarthalurupaavandileep', 'cinziasalis', 'manyamvishal', 'bade.pundareekaksha.18cse', 'alfon_macareno', 'paidipraneethkumar', 'chiraggoyal', 'pallavi.bt18', 's.argiolas17', 'gioia.chiodi95', 'yash.patil.18csc', 'nilsgerke.ng', 'garvit.vijay.18csc', 'shivam.kumar.18cse', 'shivansh.khera.18cse', 'faisal.nazir', 'venkata.manishkatragadda.18cse', 'gallus1997', 'gc_unica', 'manas.yadav.18cse', 'garimella.likith.18cse', 'shivang2k', 'splbt18', 'sreeya_suresh', 'anjalianju1707', 'kanavmittal', 'kanchrlavivek', 'mathan.ntmoorthy', 'himanshu.jalan.18cse', 'mr882', 'vishwakreddy', 'saijal.goyal.18cse', 'imadabattuni.naveenkumar.18cse', 'moram.indravardhanreddy.18cse', 'mogiligiridhar2001', 'victor121222', 'varmaaditya668', 'r.carboni9', 'gianluca.marongiu', 'veeramachaneni.saatwik.18csc', 'gurram.raghavendradinesh.18cse', 'jorge.guerrerovi', 'harshini23', 'akshita.2', 'bipinelmat', 'apeddu95', 'shubham04', 'pavuluriviratchowdary', 'vilekha.ghanta.18ece', 'kanishk', 'krishnapriya111tl', 'akanksha.gupta.18csc', 'shreyanshanchlia', 'honey_bhardwaj', 'christina2001', 'koppineedikalyan']",0,[],94,"['gelle.abhiram.18cse', 'venkata.saisreekarmp.18csc', 'pranshu.sood.18cse', 'anirudhnannuri', 'saivenkatlakamsani', 'sanket.deshmane', 'lorenzo96', 'orzata', 'mridulshukla1106', 'chakka.saiteja.18csc', 'arihant.jain.18csc', 'anirudh.jilla.18csc', 'rithvik', 'jesminakther', 'parikshit.palsania.18csc', 'chandasingh49', 'f.marcato', 'digvijay.singh.18csc', 'g3_herg14', 'motupalli.saivamsikrishna.18cse', 'bhavya.tuteja.18mec', 'aishwaryarajanbabu2002', 'dhruvakrishna', 'cwelch5', 'mamidipakamohanasai', 'mohammad.daim.18csc', 'sejalsomani', 'akshat.tripathi.18cse', 'adarsh.upadhyay.18mec', 'tejeswarareddy', 'robertocro', 'amarthalurupaavandileep', 'cinziasalis', 'manyamvishal', 'bade.pundareekaksha.18cse', 'alfon_macareno', 'paidipraneethkumar', 'chiraggoyal', 'pallavi.bt18', 's.argiolas17', 'gioia.chiodi95', 'yash.patil.18csc', 'nilsgerke.ng', 'garvit.vijay.18csc', 'shivam.kumar.18cse', 'shivansh.khera.18cse', 'faisal.nazir', 'pramod.vangipurapu.18cse', 'venkata.manishkatragadda.18cse', 'devaharsha06', 'gallus1997', 'gc_unica', 'penumetcha.sairahulverma.18csc', 'manas.yadav.18cse', 'yeddula.suryateja.18ece', 'garimella.likith.18cse', 'shivang2k', 'nallaparajuraghavendranagavarma1', 'splbt18', 'sreeya_suresh', 'anjalianju1707', 'garine.harshavardhan.18cse', 'kanavmittal', 'kanchrlavivek', 'mathan.ntmoorthy', 'himanshu.jalan.18cse', 'mr882', 'vishwakreddy', 'saijal.goyal.18cse', 'imadabattuni.naveenkumar.18cse', 'moram.indravardhanreddy.18cse', 'mogiligiridhar2001', 'victor121222', 'edapalapati.venkataabhiram.18csc', 'varmaaditya668', 'r.carboni9', 'gianluca.marongiu', 'veeramachaneni.saatwik.18csc', 'gurram.raghavendradinesh.18cse', 'jorge.guerrerovi', 'harshini23', 'akshita.2', 'bipinelmat', 'apeddu95', 'shubham04', 'pavuluriviratchowdary', 'vilekha.ghanta.18ece', 'kanishk', 'krishnapriya111tl', 'akanksha.gupta.18csc', 'shreyanshanchlia', 'honey_bhardwaj', 'christina2001', 'koppineedikalyan']"
7,155,94,13,1,['jesminakther'],93,"['gelle.abhiram.18cse', 'venkata.saisreekarmp.18csc', 'pranshu.sood.18cse', 'anirudhnannuri', 'saivenkatlakamsani', 'sanket.deshmane', 'lorenzo96', 'orzata', 'mridulshukla1106', 'chakka.saiteja.18csc', 'arihant.jain.18csc', 'anirudh.jilla.18csc', 'rithvik', 'parikshit.palsania.18csc', 'chandasingh49', 'f.marcato', 'digvijay.singh.18csc', 'g3_herg14', 'motupalli.saivamsikrishna.18cse', 'bhavya.tuteja.18mec', 'aishwaryarajanbabu2002', 'dhruvakrishna', 'cwelch5', 'mamidipakamohanasai', 'mohammad.daim.18csc', 'sejalsomani', 'akshat.tripathi.18cse', 'adarsh.upadhyay.18mec', 'tejeswarareddy', 'robertocro', 'amarthalurupaavandileep', 'cinziasalis', 'manyamvishal', 'bade.pundareekaksha.18cse', 'alfon_macareno', 'paidipraneethkumar', 'chiraggoyal', 'pallavi.bt18', 's.argiolas17', 'gioia.chiodi95', 'yash.patil.18csc', 'nilsgerke.ng', 'garvit.vijay.18csc', 'shivam.kumar.18cse', 'shivansh.khera.18cse', 'faisal.nazir', 'pramod.vangipurapu.18cse', 'venkata.manishkatragadda.18cse', 'devaharsha06', 'gallus1997', 'gc_unica', 'penumetcha.sairahulverma.18csc', 'manas.yadav.18cse', 'yeddula.suryateja.18ece', 'garimella.likith.18cse', 'shivang2k', 'nallaparajuraghavendranagavarma1', 'splbt18', 'sreeya_suresh', 'anjalianju1707', 'garine.harshavardhan.18cse', 'kanavmittal', 'kanchrlavivek', 'mathan.ntmoorthy', 'himanshu.jalan.18cse', 'mr882', 'vishwakreddy', 'saijal.goyal.18cse', 'imadabattuni.naveenkumar.18cse', 'moram.indravardhanreddy.18cse', 'mogiligiridhar2001', 'victor121222', 'edapalapati.venkataabhiram.18csc', 'varmaaditya668', 'r.carboni9', 'gianluca.marongiu', 'veeramachaneni.saatwik.18csc', 'gurram.raghavendradinesh.18cse', 'jorge.guerrerovi', 'harshini23', 'akshita.2', 'bipinelmat', 'apeddu95', 'shubham04', 'pavuluriviratchowdary', 'vilekha.ghanta.18ece', 'kanishk', 'krishnapriya111tl', 'akanksha.gupta.18csc', 'shreyanshanchlia', 'honey_bhardwaj', 'christina2001', 'koppineedikalyan']",12,"['ryyan', 'ooovvviii444422', 'rafiul21', 'nazmulhasan', 'inasrin220', 'saifewu', 'farhanaakterjerin', 'sakif04', 'sadman', 'nazmulhossain', 'isratmni', 'abdullahsohailas994']",106,"['rafiul21', 'gelle.abhiram.18cse', 'venkata.saisreekarmp.18csc', 'pranshu.sood.18cse', 'anirudhnannuri', 'saivenkatlakamsani', 'sanket.deshmane', 'lorenzo96', 'orzata', 'sakif04', 'mridulshukla1106', 'chakka.saiteja.18csc', 'arihant.jain.18csc', 'anirudh.jilla.18csc', 'rithvik', 'jesminakther', 'parikshit.palsania.18csc', 'chandasingh49', 'f.marcato', 'digvijay.singh.18csc', 'g3_herg14', 'motupalli.saivamsikrishna.18cse', 'bhavya.tuteja.18mec', 'aishwaryarajanbabu2002', 'isratmni', 'dhruvakrishna', 'cwelch5', 'mamidipakamohanasai', 'mohammad.daim.18csc', 'sejalsomani', 'akshat.tripathi.18cse', 'adarsh.upadhyay.18mec', 'tejeswarareddy', 'robertocro', 'amarthalurupaavandileep', 'cinziasalis', 'manyamvishal', 'bade.pundareekaksha.18cse', 'alfon_macareno', 'nazmulhossain', 'paidipraneethkumar', 'chiraggoyal', 'pallavi.bt18', 's.argiolas17', 'gioia.chiodi95', 'yash.patil.18csc', 'sadman', 'nilsgerke.ng', 'garvit.vijay.18csc', 'shivam.kumar.18cse', 'shivansh.khera.18cse', 'faisal.nazir', 'pramod.vangipurapu.18cse', 'venkata.manishkatragadda.18cse', 'devaharsha06', 'inasrin220', 'gallus1997', 'gc_unica', 'penumetcha.sairahulverma.18csc', 'manas.yadav.18cse', 'yeddula.suryateja.18ece', 'garimella.likith.18cse', 'shivang2k', 'nallaparajuraghavendranagavarma1', 'splbt18', 'sreeya_suresh', 'anjalianju1707', 'garine.harshavardhan.18cse', 'kanavmittal', 'kanchrlavivek', 'mathan.ntmoorthy', 'nazmulhasan', 'himanshu.jalan.18cse', 'mr882', 'vishwakreddy', 'saijal.goyal.18cse', 'imadabattuni.naveenkumar.18cse', 'moram.indravardhanreddy.18cse', 'saifewu', 'mogiligiridhar2001', 'victor121222', 'farhanaakterjerin', 'edapalapati.venkataabhiram.18csc', 'varmaaditya668', 'r.carboni9', 'gianluca.marongiu', 'ryyan', 'veeramachaneni.saatwik.18csc', 'gurram.raghavendradinesh.18cse', 'jorge.guerrerovi', 'harshini23', 'akshita.2', 'bipinelmat', 'apeddu95', 'abdullahsohailas994', 'shubham04', 'ooovvviii444422', 'pavuluriviratchowdary', 'vilekha.ghanta.18ece', 'kanishk', 'krishnapriya111tl', 'akanksha.gupta.18csc', 'shreyanshanchlia', 'honey_bhardwaj', 'christina2001', 'koppineedikalyan']"
7,265,94,11,11,"['mohammad.daim.18csc', 'saijal.goyal.18cse', 'adarsh.upadhyay.18mec', 'pranshu.sood.18cse', 'manas.yadav.18cse', 'bipinelmat', 'akanksha.gupta.18csc', 'akshita.2', 'bhavya.tuteja.18mec', 'honey_bhardwaj', 'shivam.kumar.18cse']",83,"['gelle.abhiram.18cse', 'venkata.saisreekarmp.18csc', 'anirudhnannuri', 'saivenkatlakamsani', 'sanket.deshmane', 'lorenzo96', 'orzata', 'mridulshukla1106', 'chakka.saiteja.18csc', 'arihant.jain.18csc', 'anirudh.jilla.18csc', 'rithvik', 'jesminakther', 'parikshit.palsania.18csc', 'chandasingh49', 'f.marcato', 'digvijay.singh.18csc', 'g3_herg14', 'motupalli.saivamsikrishna.18cse', 'aishwaryarajanbabu2002', 'dhruvakrishna', 'cwelch5', 'mamidipakamohanasai', 'sejalsomani', 'akshat.tripathi.18cse', 'tejeswarareddy', 'robertocro', 'amarthalurupaavandileep', 'cinziasalis', 'manyamvishal', 'bade.pundareekaksha.18cse', 'alfon_macareno', 'paidipraneethkumar', 'chiraggoyal', 'pallavi.bt18', 's.argiolas17', 'gioia.chiodi95', 'yash.patil.18csc', 'nilsgerke.ng', 'garvit.vijay.18csc', 'shivansh.khera.18cse', 'faisal.nazir', 'pramod.vangipurapu.18cse', 'venkata.manishkatragadda.18cse', 'devaharsha06', 'gallus1997', 'gc_unica', 'penumetcha.sairahulverma.18csc', 'yeddula.suryateja.18ece', 'garimella.likith.18cse', 'shivang2k', 'nallaparajuraghavendranagavarma1', 'splbt18', 'sreeya_suresh', 'anjalianju1707', 'garine.harshavardhan.18cse', 'kanavmittal', 'kanchrlavivek', 'mathan.ntmoorthy', 'himanshu.jalan.18cse', 'mr882', 'vishwakreddy', 'imadabattuni.naveenkumar.18cse', 'moram.indravardhanreddy.18cse', 'mogiligiridhar2001', 'victor121222', 'edapalapati.venkataabhiram.18csc', 'varmaaditya668', 'r.carboni9', 'gianluca.marongiu', 'veeramachaneni.saatwik.18csc', 'gurram.raghavendradinesh.18cse', 'jorge.guerrerovi', 'harshini23', 'apeddu95', 'shubham04', 'pavuluriviratchowdary', 'vilekha.ghanta.18ece', 'kanishk', 'krishnapriya111tl', 'shreyanshanchlia', 'christina2001', 'koppineedikalyan']",0,[],94,"['gelle.abhiram.18cse', 'venkata.saisreekarmp.18csc', 'pranshu.sood.18cse', 'anirudhnannuri', 'saivenkatlakamsani', 'sanket.deshmane', 'lorenzo96', 'orzata', 'mridulshukla1106', 'chakka.saiteja.18csc', 'arihant.jain.18csc', 'anirudh.jilla.18csc', 'rithvik', 'jesminakther', 'parikshit.palsania.18csc', 'chandasingh49', 'f.marcato', 'digvijay.singh.18csc', 'g3_herg14', 'motupalli.saivamsikrishna.18cse', 'bhavya.tuteja.18mec', 'aishwaryarajanbabu2002', 'dhruvakrishna', 'cwelch5', 'mamidipakamohanasai', 'mohammad.daim.18csc', 'sejalsomani', 'akshat.tripathi.18cse', 'adarsh.upadhyay.18mec', 'tejeswarareddy', 'robertocro', 'amarthalurupaavandileep', 'cinziasalis', 'manyamvishal', 'bade.pundareekaksha.18cse', 'alfon_macareno', 'paidipraneethkumar', 'chiraggoyal', 'pallavi.bt18', 's.argiolas17', 'gioia.chiodi95', 'yash.patil.18csc', 'nilsgerke.ng', 'garvit.vijay.18csc', 'shivam.kumar.18cse', 'shivansh.khera.18cse', 'faisal.nazir', 'pramod.vangipurapu.18cse', 'venkata.manishkatragadda.18cse', 'devaharsha06', 'gallus1997', 'gc_unica', 'penumetcha.sairahulverma.18csc', 'manas.yadav.18cse', 'yeddula.suryateja.18ece', 'garimella.likith.18cse', 'shivang2k', 'nallaparajuraghavendranagavarma1', 'splbt18', 'sreeya_suresh', 'anjalianju1707', 'garine.harshavardhan.18cse', 'kanavmittal', 'kanchrlavivek', 'mathan.ntmoorthy', 'himanshu.jalan.18cse', 'mr882', 'vishwakreddy', 'saijal.goyal.18cse', 'imadabattuni.naveenkumar.18cse', 'moram.indravardhanreddy.18cse', 'mogiligiridhar2001', 'victor121222', 'edapalapati.venkataabhiram.18csc', 'varmaaditya668', 'r.carboni9', 'gianluca.marongiu', 'veeramachaneni.saatwik.18csc', 'gurram.raghavendradinesh.18cse', 'jorge.guerrerovi', 'harshini23', 'akshita.2', 'bipinelmat', 'apeddu95', 'shubham04', 'pavuluriviratchowdary', 'vilekha.ghanta.18ece', 'kanishk', 'krishnapriya111tl', 'akanksha.gupta.18csc', 'shreyanshanchlia', 'honey_bhardwaj', 'christina2001', 'koppineedikalyan']"
7,267,94,7,6,"['s.argiolas17', 'f.marcato', 'gallus1997', 'gc_unica', 'lorenzo96', 'nilsgerke.ng']",88,"['gelle.abhiram.18cse', 'venkata.saisreekarmp.18csc', 'pranshu.sood.18cse', 'anirudhnannuri', 'saivenkatlakamsani', 'sanket.deshmane', 'orzata', 'mridulshukla1106', 'chakka.saiteja.18csc', 'arihant.jain.18csc', 'anirudh.jilla.18csc', 'rithvik', 'jesminakther', 'parikshit.palsania.18csc', 'chandasingh49', 'digvijay.singh.18csc', 'g3_herg14', 'motupalli.saivamsikrishna.18cse', 'bhavya.tuteja.18mec', 'aishwaryarajanbabu2002', 'dhruvakrishna', 'cwelch5', 'mamidipakamohanasai', 'mohammad.daim.18csc', 'sejalsomani', 'akshat.tripathi.18cse', 'adarsh.upadhyay.18mec', 'tejeswarareddy', 'robertocro', 'amarthalurupaavandileep', 'cinziasalis', 'manyamvishal', 'bade.pundareekaksha.18cse', 'alfon_macareno', 'paidipraneethkumar', 'chiraggoyal', 'pallavi.bt18', 'gioia.chiodi95', 'yash.patil.18csc', 'garvit.vijay.18csc', 'shivam.kumar.18cse', 'shivansh.khera.18cse', 'faisal.nazir', 'pramod.vangipurapu.18cse', 'venkata.manishkatragadda.18cse', 'devaharsha06', 'penumetcha.sairahulverma.18csc', 'manas.yadav.18cse', 'yeddula.suryateja.18ece', 'garimella.likith.18cse', 'shivang2k', 'nallaparajuraghavendranagavarma1', 'splbt18', 'sreeya_suresh', 'anjalianju1707', 'garine.harshavardhan.18cse', 'kanavmittal', 'kanchrlavivek', 'mathan.ntmoorthy', 'himanshu.jalan.18cse', 'mr882', 'vishwakreddy', 'saijal.goyal.18cse', 'imadabattuni.naveenkumar.18cse', 'moram.indravardhanreddy.18cse', 'mogiligiridhar2001', 'victor121222', 'edapalapati.venkataabhiram.18csc', 'varmaaditya668', 'r.carboni9', 'gianluca.marongiu', 'veeramachaneni.saatwik.18csc', 'gurram.raghavendradinesh.18cse', 'jorge.guerrerovi', 'harshini23', 'akshita.2', 'bipinelmat', 'apeddu95', 'shubham04', 'pavuluriviratchowdary', 'vilekha.ghanta.18ece', 'kanishk', 'krishnapriya111tl', 'akanksha.gupta.18csc', 'shreyanshanchlia', 'honey_bhardwaj', 'christina2001', 'koppineedikalyan']",1,['stefano.lai'],95,"['gelle.abhiram.18cse', 'venkata.saisreekarmp.18csc', 'pranshu.sood.18cse', 'anirudhnannuri', 'saivenkatlakamsani', 'sanket.deshmane', 'lorenzo96', 'orzata', 'mridulshukla1106', 'chakka.saiteja.18csc', 'arihant.jain.18csc', 'anirudh.jilla.18csc', 'rithvik', 'jesminakther', 'parikshit.palsania.18csc', 'chandasingh49', 'f.marcato', 'digvijay.singh.18csc', 'g3_herg14', 'motupalli.saivamsikrishna.18cse', 'bhavya.tuteja.18mec', 'aishwaryarajanbabu2002', 'dhruvakrishna', 'cwelch5', 'mamidipakamohanasai', 'mohammad.daim.18csc', 'sejalsomani', 'akshat.tripathi.18cse', 'adarsh.upadhyay.18mec', 'tejeswarareddy', 'robertocro', 'amarthalurupaavandileep', 'cinziasalis', 'manyamvishal', 'bade.pundareekaksha.18cse', 'alfon_macareno', 'paidipraneethkumar', 'chiraggoyal', 'pallavi.bt18', 's.argiolas17', 'gioia.chiodi95', 'yash.patil.18csc', 'nilsgerke.ng', 'garvit.vijay.18csc', 'shivam.kumar.18cse', 'shivansh.khera.18cse', 'faisal.nazir', 'pramod.vangipurapu.18cse', 'venkata.manishkatragadda.18cse', 'devaharsha06', 'gallus1997', 'gc_unica', 'penumetcha.sairahulverma.18csc', 'manas.yadav.18cse', 'yeddula.suryateja.18ece', 'garimella.likith.18cse', 'shivang2k', 'nallaparajuraghavendranagavarma1', 'splbt18', 'sreeya_suresh', 'anjalianju1707', 'garine.harshavardhan.18cse', 'kanavmittal', 'kanchrlavivek', 'mathan.ntmoorthy', 'himanshu.jalan.18cse', 'mr882', 'vishwakreddy', 'saijal.goyal.18cse', 'imadabattuni.naveenkumar.18cse', 'moram.indravardhanreddy.18cse', 'mogiligiridhar2001', 'victor121222', 'edapalapati.venkataabhiram.18csc', 'varmaaditya668', 'r.carboni9', 'gianluca.marongiu', 'veeramachaneni.saatwik.18csc', 'gurram.raghavendradinesh.18cse', 'stefano.lai', 'jorge.guerrerovi', 'harshini23', 'akshita.2', 'bipinelmat', 'apeddu95', 'shubham04', 'pavuluriviratchowdary', 'vilekha.ghanta.18ece', 'kanishk', 'krishnapriya111tl', 'akanksha.gupta.18csc', 'shreyanshanchlia', 'honey_bhardwaj', 'christina2001', 'koppineedikalyan']"
7,268,94,7,3,"['chandasingh49', 'sreeya_suresh', 'krishnapriya111tl']",91,"['gelle.abhiram.18cse', 'venkata.saisreekarmp.18csc', 'pranshu.sood.18cse', 'anirudhnannuri', 'saivenkatlakamsani', 'sanket.deshmane', 'lorenzo96', 'orzata', 'mridulshukla1106', 'chakka.saiteja.18csc', 'arihant.jain.18csc', 'anirudh.jilla.18csc', 'rithvik', 'jesminakther', 'parikshit.palsania.18csc', 'f.marcato', 'digvijay.singh.18csc', 'g3_herg14', 'motupalli.saivamsikrishna.18cse', 'bhavya.tuteja.18mec', 'aishwaryarajanbabu2002', 'dhruvakrishna', 'cwelch5', 'mamidipakamohanasai', 'mohammad.daim.18csc', 'sejalsomani', 'akshat.tripathi.18cse', 'adarsh.upadhyay.18mec', 'tejeswarareddy', 'robertocro', 'amarthalurupaavandileep', 'cinziasalis', 'manyamvishal', 'bade.pundareekaksha.18cse', 'alfon_macareno', 'paidipraneethkumar', 'chiraggoyal', 'pallavi.bt18', 's.argiolas17', 'gioia.chiodi95', 'yash.patil.18csc', 'nilsgerke.ng', 'garvit.vijay.18csc', 'shivam.kumar.18cse', 'shivansh.khera.18cse', 'faisal.nazir', 'pramod.vangipurapu.18cse', 'venkata.manishkatragadda.18cse', 'devaharsha06', 'gallus1997', 'gc_unica', 'penumetcha.sairahulverma.18csc', 'manas.yadav.18cse', 'yeddula.suryateja.18ece', 'garimella.likith.18cse', 'shivang2k', 'nallaparajuraghavendranagavarma1', 'splbt18', 'anjalianju1707', 'garine.harshavardhan.18cse', 'kanavmittal', 'kanchrlavivek', 'mathan.ntmoorthy', 'himanshu.jalan.18cse', 'mr882', 'vishwakreddy', 'saijal.goyal.18cse', 'imadabattuni.naveenkumar.18cse', 'moram.indravardhanreddy.18cse', 'mogiligiridhar2001', 'victor121222', 'edapalapati.venkataabhiram.18csc', 'varmaaditya668', 'r.carboni9', 'gianluca.marongiu', 'veeramachaneni.saatwik.18csc', 'gurram.raghavendradinesh.18cse', 'jorge.guerrerovi', 'harshini23', 'akshita.2', 'bipinelmat', 'apeddu95', 'shubham04', 'pavuluriviratchowdary', 'vilekha.ghanta.18ece', 'kanishk', 'akanksha.gupta.18csc', 'shreyanshanchlia', 'honey_bhardwaj', 'christina2001', 'koppineedikalyan']",4,"['arunsamuel2002', 'saleenanand', 'ervimala', 'harikalatheeswaran']",98,"['gelle.abhiram.18cse', 'venkata.saisreekarmp.18csc', 'pranshu.sood.18cse', 'anirudhnannuri', 'saivenkatlakamsani', 'sanket.deshmane', 'lorenzo96', 'orzata', 'mridulshukla1106', 'chakka.saiteja.18csc', 'arihant.jain.18csc', 'anirudh.jilla.18csc', 'rithvik', 'jesminakther', 'parikshit.palsania.18csc', 'chandasingh49', 'f.marcato', 'digvijay.singh.18csc', 'saleenanand', 'g3_herg14', 'motupalli.saivamsikrishna.18cse', 'bhavya.tuteja.18mec', 'aishwaryarajanbabu2002', 'dhruvakrishna', 'cwelch5', 'mamidipakamohanasai', 'mohammad.daim.18csc', 'sejalsomani', 'akshat.tripathi.18cse', 'adarsh.upadhyay.18mec', 'tejeswarareddy', 'robertocro', 'amarthalurupaavandileep', 'cinziasalis', 'manyamvishal', 'bade.pundareekaksha.18cse', 'alfon_macareno', 'paidipraneethkumar', 'chiraggoyal', 'arunsamuel2002', 'pallavi.bt18', 'harikalatheeswaran', 's.argiolas17', 'gioia.chiodi95', 'yash.patil.18csc', 'nilsgerke.ng', 'garvit.vijay.18csc', 'shivam.kumar.18cse', 'shivansh.khera.18cse', 'faisal.nazir', 'pramod.vangipurapu.18cse', 'venkata.manishkatragadda.18cse', 'devaharsha06', 'gallus1997', 'gc_unica', 'penumetcha.sairahulverma.18csc', 'manas.yadav.18cse', 'yeddula.suryateja.18ece', 'garimella.likith.18cse', 'shivang2k', 'nallaparajuraghavendranagavarma1', 'splbt18', 'ervimala', 'sreeya_suresh', 'anjalianju1707', 'garine.harshavardhan.18cse', 'kanavmittal', 'kanchrlavivek', 'mathan.ntmoorthy', 'himanshu.jalan.18cse', 'mr882', 'vishwakreddy', 'saijal.goyal.18cse', 'imadabattuni.naveenkumar.18cse', 'moram.indravardhanreddy.18cse', 'mogiligiridhar2001', 'victor121222', 'edapalapati.venkataabhiram.18csc', 'varmaaditya668', 'r.carboni9', 'gianluca.marongiu', 'veeramachaneni.saatwik.18csc', 'gurram.raghavendradinesh.18cse', 'jorge.guerrerovi', 'harshini23', 'akshita.2', 'bipinelmat', 'apeddu95', 'shubham04', 'pavuluriviratchowdary', 'vilekha.ghanta.18ece', 'kanishk', 'krishnapriya111tl', 'akanksha.gupta.18csc', 'shreyanshanchlia', 'honey_bhardwaj', 'christina2001', 'koppineedikalyan']"
8,221,93,283,21,"['moshelem', 'mariapl200896', 'raul292', 'jako91', 'borja.bayon', 'sabe425', 'anapv177', 'evakolmel', 'saradiazr', 'aaronrivasterron', 'hrhlauraa', 'martin.mg98.10', 'martinotero', 'damianonetto', 'ainhoaab', 'lctasende3', 'guillermo99', 'anxooo', 'costasdiego97', 'nuriamjusc', 'roiaso']",72,"['chaems322', 'noeliaff', 'wz347718', 'parduxen', 'lgv', 'nazaretgarciagonzalez', 'juliia.ou', 'iagofacal', 'ivan1', 'atsui75', 'dumas.david.97', 'foojorge', 'giorgiayang', 'almalr97', 'josemanuel.alvarez.perez', 'lidiacarcedo', 'angietuset', 'sbopp', 'saragonzalezmiguez', 'yagolemacapeans', 'luigig', 'albersabo99', 'pedro.montysen', 'martin45720', 'marniesan', 'victorlopezpardo.liceo', 'tomtomshoo', 'sarad12', 'justin.hamel2', 'antia.santiago', 'beluso13', 'jorgeexpositopatino', 'sabela.fernandez.r', 'myriam.blanchet07', 'lauravicente', 'jacfomg', 'sergiocabana1999', 'sabelamv11', 'tuvieja88', 'alejandromataali', 'sergiomartinez', 'euem789', 'miguelrecuna3c', 'analorenzo', 'sergiobalboabarreiro', 'antiapc', 'mmartinezsanchez', 'ireneduinkerkenrodriguez', 'gemmabf', 'davidcastano', 'jeangabriel.chenard', 'jose5loureiro', 'javivilladamigo', 'piolin991099', 'marcobaleato', 'jlcjuli2', 'cesarleo94', 'gablapo97', 'resmi968', 'ritav', 'jamesjuansierra', 'andreairamas', 'stephania23', 'davidruiz', 'd.c.yborde', 'yjh01027952607', 'miguel.lozano.gonzalez', 'pablobucsan', 'emescape', 'danielm78', 'cinthiarodrilande11', 'ivancambon3b']",262,"['rajsingh', 'wdeaweqwdas', 'testeremre70', 'amrita_lovelace', 'arianebarreto', 'kaynegalie', 'ogu0001', 'mos_noob', 'joshuabush', 'arno.yu610168', 'eminasuljic', 'sebasmarquez90', 'charles.dambra', 'poorar21', 'jeption2025', 'dongmingli', 'mangabera10', 'jbonez411', 'cbandel', 'wys142', 'nguyendaniel', 'clizarazo', 'aaroncoonu', 'briann', 'chrixang18', 'pkj71794g', 'gabriel.pzanoni', 'ee17resch11016', 'xiaokaizhong99', 'vincentdoucet22', 'kayleneechong', 'zepfan026', 'ronitronit119', 'sholliday643', 'danielclapp99', 'ulusoy2006', 'mmei', 'sabolton', 'npatta.1986', 'drogalski', 'ts992', 'kst48', 'kellen.wise', 'lokesht123', 'mrgiraffe', 'smontero', 'annikadasher', 'oktayhalitekinay', 'asdksnfksfkmd', '8223freret', 'ge.6cg7', 'krusso448', 'liqizhou', 'asif0047', 'johndoe2341341243', 'retrewtewrt', 'fabio.aragao.santos', 'reuben90', 'uuganbayaro', 'wingitalways', 'mahnoor.syed29', 'matthew.jones98', 'alexander.lee', 'justiejoseph', 'kyenyarkolemuel', 'j176601', 'mtakcali', 'nickm', 'octoman1080x', 'semmi.spado00', 'nbhat0792', 'fedele.penna', 'j218711', 'madisonmiller', 'ethan.caballero', 'cactusnoh', 'hcha71', 'miguelcb', 'sungjooncho', 'choudh23', 'nanobeam', 'v257028', 'jschewinsky', 'arif.ozkan5806', 'fredysanchez2', 'haren22', 'ervndgn59', 'cninja99', 'iuri', 'lkipfer', 'magnoliajasper', 'gazerlo', 'cancetinkaya1201', 'julianawallgren', 'burnett.william', 'lewisgf20', 'josemanuel3', 'bmirzapouebe', 'durgaprasadkhatri2011', 'ftah', 'jaycwilson23', 'pw8', 'jack522577', 'kodurur', 's16c028b', 'pmcnutt2', 'murattdo', 'daddysexual', 'zse0147', 'mrtmert98', 'emani', 'kmerino', 'marcantoineduval', 'davidr27', 'mrbunnyman', 'sebrobarts', 'emreyilmazel1996', 'lenoirr', 'maxguipil', 'd33r00', 'u1250344', 'caseyamick', 'd093641', 'yesimcakmakc', 'newele', 'tomasx', 'sbentz', 'amandabrum', 'xiaoyuzhang', 'halilibrahimtiken', 'jake.m.hall876', 'omarloay99', 'anujgarg939', 'deguirejasmin', 'abaringer', 'k.hildenbrand', 'yorkiiii', 'mstff.1clkk', 'kaiseale', 'mollykole', 'longstreetjacob', 'felipemachado', 'chastintruelove', 'l201843', 'johnganiban', 'paezjuanagustin47', 'sd226', 'santosalexis1817', 'cdutreil', 'andrew217usmc', 'phhuang', 'fpincock', 'jdgerling', 'lerner', 'ncm0007', 'thboth', 'olivier35', 'aingles', 'ege.ert7', 'm241617', 'aldanafloyd', 'maria.irausquin', 'alirose12', 'hjp44', 'ol_ac', 'elena.gnani', 'lorenzoholguin12', 'maxiasensio', 'olga.casals', 'fafrin2', 'thomasspradley', 'vritota', 'nmorgan1', 'nfranzoni', 'santox2000', 'jef325', 'hjlim9612', 'elel30182', 'rossop', 'sqlim94', 'alexdallee17', 'garciacarrillojudith', 'tserenkhand', 'cibranlpz', 'yyerim', 'jason.earl', 'tg2016', 'c195673', 'jhahn95', 'jsathanand', 'susannareggiani', 'i.lutticken', 'rakaiit', 'u6007941', 'avivlavan', 'sungjoon.cho97', 'grantmorris656', 'r207733', 'jrobinson5', 'psuzhouy', 'enhjinhanabi', 't224622', 'andresaraiva', 'man6787', 'hamastahir19', 'blane', 'mtynski', 'cameronframpton', 'cacuy', 'joejfranzo', 'm203442', 'aravindh', 'syoonhan', 'eschruba', 'kianamon', 'jeus63', 'jsanmartin1', 'anshshah2011', 'berrospidavid7', 'nsh0004', 'ashishchr', 'sandip83', 'huseyinu', 'leeluanling123', 'pspiotrowicz1', 'tudimubunmi', 'philippeblaise', 'a194117', 'ana23', 'panellink1', 'also0714', 'jequito', 'hj980217', 'f215766', 'rynk.john', 'ogandocortes', 'stiml1144', 'cartermchris1', 'dicef', 'jimenezph', 'sarah.youssef', 'hlong262', 'burak9836', 'terje', 'plaggeme', 'u1089358', 'u0916393', 'julianyordano', 'rosadourada9', 'nicoladegiuseppe19', 'dolaydemirel', 's16c045b', 'theurgeboat', 'lpentzke', 'fatanehjenabi', 'trivellin', 'cheeseybacon', 'baqer', 'spazos7', 'rylandkate', 'heatherleaf', 'lobsterben13']",355,"['wdeaweqwdas', 'moshelem', 'kaynegalie', 'chaems322', 'mos_noob', 'eminasuljic', 'iagofacal', 'ivan1', 'mangabera10', 'jbonez411', 'wys142', 'sbopp', 'saragonzalezmiguez', 'sabe425', 'chrixang18', 'pedro.montysen', 'martin45720', 'xiaokaizhong99', 'victorlopezpardo.liceo', 'vincentdoucet22', 'jacfomg', 'sholliday643', 'danielclapp99', 'ulusoy2006', 'sabolton', 'analorenzo', 'ts992', 'drogalski', 'lokesht123', 'mrgiraffe', 'smontero', 'jeangabriel.chenard', 'oktayhalitekinay', 'asdksnfksfkmd', 'liqizhou', 'johndoe2341341243', 'jamesjuansierra', 'anxooo', 'd.c.yborde', 'reuben90', 'miguel.lozano.gonzalez', 'pablobucsan', 'alexander.lee', 'justiejoseph', 'j176601', 'mtakcali', 'fedele.penna', 'nickm', 'ivancambon3b', 'octoman1080x', 'j218711', 'semmi.spado00', 'madisonmiller', 'noeliaff', 'sungjooncho', 'choudh23', 'nanobeam', 'v257028', 'jschewinsky', 'haren22', 'ervndgn59', 'cninja99', 'josemanuel.alvarez.perez', 'lkipfer', 'anapv177', 'cancetinkaya1201', 'julianawallgren', 'burnett.william', 'marniesan', 'lewisgf20', 'bmirzapouebe', 'ftah', 'jaycwilson23', 'tuvieja88', 'kodurur', 'sergiobalboabarreiro', 'pmcnutt2', 'murattdo', 'davidcastano', 'emani', 'ainhoaab', 'piolin991099', 'marcantoineduval', 'davidr27', 'mrbunnyman', 'jlcjuli2', 'sebrobarts', 'emreyilmazel1996', 'ritav', 'maxguipil', 'd33r00', 'davidruiz', 'u1250344', 'caseyamick', 'yesimcakmakc', 'tomasx', 'cinthiarodrilande11', 'nuriamjusc', 'sbentz', 'halilibrahimtiken', 'omarloay99', 'abaringer', 'lgv', 'yorkiiii', 'mstff.1clkk', 'kaiseale', 'longstreetjacob', 'chastintruelove', 'l201843', 'johnganiban', 'sd226', 'andrew217usmc', 'phhuang', 'fpincock', 'jdgerling', 'lerner', 'ncm0007', 'thboth', 'saradiazr', 'olivier35', 'ege.ert7', 'elena.gnani', 'ol_ac', 'lorenzoholguin12', 'maxiasensio', 'olga.casals', 'fafrin2', 'cesarleo94', 'andreairamas', 'hjlim9612', 'elel30182', 'rossop', 'sqlim94', 'yjh01027952607', 'tserenkhand', 'cibranlpz', 'jason.earl', 'c195673', 'jhahn95', 'jsathanand', 'i.lutticken', 'sungjoon.cho97', 'rakaiit', 'avivlavan', 'psuzhouy', 'grantmorris656', 'jrobinson5', 'andresaraiva', 'man6787', 'blane', 'mtynski', 'cacuy', 'joejfranzo', 'giorgiayang', 'm203442', 'kianamon', 'berrospidavid7', 'nsh0004', 'albersabo99', 'tomtomshoo', 'jorgeexpositopatino', 'sergiocabana1999', 'a194117', 'ana23', 'jequito', 'sarah.youssef', 'hlong262', 'burak9836', 'terje', 'plaggeme', 'u0916393', 'rosadourada9', 'nicoladegiuseppe19', 'emescape', 'lpentzke', 'fatanehjenabi', 'trivellin', 'cheeseybacon', 'danielm78', 'heatherleaf', 'anujgarg939', 'iuri', 'roiaso', 'lobsterben13', 'rajsingh', 'testeremre70', 'arianebarreto', 'amrita_lovelace', 'ogu0001', 'parduxen', 'arno.yu610168', 'joshuabush', 'sebasmarquez90', 'nazaretgarciagonzalez', 'charles.dambra', 'poorar21', 'jeption2025', 'atsui75', 'dongmingli', 'cbandel', 'nguyendaniel', 'clizarazo', 'aaroncoonu', 'briann', 'pkj71794g', 'luigig', 'gabriel.pzanoni', 'ee17resch11016', 'kayleneechong', 'justin.hamel2', 'evakolmel', 'zepfan026', 'ronitronit119', 'sergiomartinez', 'mmei', 'miguelrecuna3c', 'npatta.1986', 'kellen.wise', 'martin.mg98.10', 'antiapc', 'kst48', 'annikadasher', 'jose5loureiro', 'javivilladamigo', '8223freret', 'ge.6cg7', 'lctasende3', 'krusso448', 'asif0047', 'retrewtewrt', 'fabio.aragao.santos', 'stephania23', 'uuganbayaro', 'wingitalways', 'costasdiego97', 'mahnoor.syed29', 'matthew.jones98', 'kyenyarkolemuel', 'nbhat0792', 'ethan.caballero', 'cactusnoh', 'hcha71', 'miguelcb', 'mariapl200896', 'arif.ozkan5806', 'fredysanchez2', 'dumas.david.97', 'jako91', 'lidiacarcedo', 'magnoliajasper', 'gazerlo', 'josemanuel3', 'sarad12', 'durgaprasadkhatri2011', 'pw8', 'alejandromataali', 'jack522577', 's16c028b', 'hrhlauraa', 'daddysexual', 'damianonetto', 'zse0147', 'mrtmert98', 'kmerino', 'marcobaleato', 'lenoirr', 'd093641', 'newele', 'amandabrum', 'xiaoyuzhang', 'jake.m.hall876', 'deguirejasmin', 'k.hildenbrand', 'juliia.ou', 'mollykole', 'felipemachado', 'raul292', 'paezjuanagustin47', 'santosalexis1817', 'cdutreil', 'antia.santiago', 'aingles', 'm241617', 'aldanafloyd', 'maria.irausquin', 'alirose12', 'hjp44', 'aaronrivasterron', 'ireneduinkerkenrodriguez', 'gemmabf', 'thomasspradley', 'vritota', 'nmorgan1', 'resmi968', 'nfranzoni', 'santox2000', 'jef325', 'alexdallee17', 'garciacarrillojudith', 'yyerim', 'tg2016', 'u6007941', 'wz347718', 'susannareggiani', 'r207733', 'enhjinhanabi', 't224622', 'foojorge', 'cameronframpton', 'almalr97', 'aravindh', 'syoonhan', 'eschruba', 'jeus63', 'angietuset', 'jsanmartin1', 'borja.bayon', 'anshshah2011', 'yagolemacapeans', 'ashishchr', 'sandip83', 'beluso13', 'sabela.fernandez.r', 'huseyinu', 'leeluanling123', 'myriam.blanchet07', 'pspiotrowicz1', 'lauravicente', 'tudimubunmi', 'philippeblaise', 'sabelamv11', 'euem789', 'panellink1', 'also0714', 'hj980217', 'f215766', 'martinotero', 'mmartinezsanchez', 'rynk.john', 'ogandocortes', 'stiml1144', 'dicef', 'jimenezph', 'cartermchris1', 'u1089358', 'gablapo97', 'julianyordano', 'guillermo99', 's16c045b', 'dolaydemirel', 'theurgeboat', 'baqer', 'spazos7', 'rylandkate', 'hamastahir19']"
8,16,93,27,25,"['noeliaff', 'juliia.ou', 'giorgiayang', 'josemanuel.alvarez.perez', 'borja.bayon', 'saragonzalezmiguez', 'beluso13', 'antia.santiago', 'evakolmel', 'saradiazr', 'jacfomg', 'sabelamv11', 'tuvieja88', 'sergiomartinez', 'martin.mg98.10', 'antiapc', 'ireneduinkerkenrodriguez', 'javivilladamigo', 'ainhoaab', 'lctasende3', 'jlcjuli2', 'ritav', 'stephania23', 'anxooo', 'miguel.lozano.gonzalez']",68,"['moshelem', 'chaems322', 'wz347718', 'parduxen', 'cinthiarodrilande11', 'lgv', 'mariapl200896', 'nazaretgarciagonzalez', 'iagofacal', 'ivan1', 'atsui75', 'dumas.david.97', 'foojorge', 'raul292', 'almalr97', 'jako91', 'lidiacarcedo', 'angietuset', 'sbopp', 'sabe425', 'yagolemacapeans', 'luigig', 'anapv177', 'albersabo99', 'pedro.montysen', 'martin45720', 'marniesan', 'victorlopezpardo.liceo', 'tomtomshoo', 'sarad12', 'justin.hamel2', 'jorgeexpositopatino', 'sabela.fernandez.r', 'myriam.blanchet07', 'lauravicente', 'sergiocabana1999', 'alejandromataali', 'aaronrivasterron', 'miguelrecuna3c', 'analorenzo', 'hrhlauraa', 'sergiobalboabarreiro', 'euem789', 'martinotero', 'mmartinezsanchez', 'gemmabf', 'damianonetto', 'jeangabriel.chenard', 'jose5loureiro', 'davidcastano', 'piolin991099', 'marcobaleato', 'cesarleo94', 'gablapo97', 'guillermo99', 'resmi968', 'jamesjuansierra', 'andreairamas', 'davidruiz', 'd.c.yborde', 'yjh01027952607', 'pablobucsan', 'emescape', 'costasdiego97', 'danielm78', 'nuriamjusc', 'roiaso', 'ivancambon3b']",2,"['cibranlpz', 'tomasx']",95,"['moshelem', 'chaems322', 'parduxen', 'lgv', 'nazaretgarciagonzalez', 'juliia.ou', 'iagofacal', 'atsui75', 'ivan1', 'raul292', 'sbopp', 'saragonzalezmiguez', 'sabe425', 'luigig', 'pedro.montysen', 'martin45720', 'victorlopezpardo.liceo', 'antia.santiago', 'justin.hamel2', 'evakolmel', 'saradiazr', 'jacfomg', 'sergiomartinez', 'aaronrivasterron', 'miguelrecuna3c', 'analorenzo', 'martin.mg98.10', 'antiapc', 'ireneduinkerkenrodriguez', 'gemmabf', 'jeangabriel.chenard', 'jose5loureiro', 'javivilladamigo', 'lctasende3', 'cesarleo94', 'resmi968', 'jamesjuansierra', 'andreairamas', 'stephania23', 'anxooo', 'd.c.yborde', 'yjh01027952607', 'miguel.lozano.gonzalez', 'pablobucsan', 'costasdiego97', 'cibranlpz', 'ivancambon3b', 'noeliaff', 'wz347718', 'cinthiarodrilande11', 'mariapl200896', 'foojorge', 'dumas.david.97', 'giorgiayang', 'almalr97', 'josemanuel.alvarez.perez', 'lidiacarcedo', 'jako91', 'angietuset', 'borja.bayon', 'yagolemacapeans', 'albersabo99', 'anapv177', 'marniesan', 'tomtomshoo', 'beluso13', 'sarad12', 'jorgeexpositopatino', 'sabela.fernandez.r', 'myriam.blanchet07', 'lauravicente', 'sergiocabana1999', 'sabelamv11', 'tuvieja88', 'alejandromataali', 'euem789', 'hrhlauraa', 'sergiobalboabarreiro', 'martinotero', 'mmartinezsanchez', 'damianonetto', 'davidcastano', 'ainhoaab', 'piolin991099', 'marcobaleato', 'jlcjuli2', 'gablapo97', 'guillermo99', 'ritav', 'davidruiz', 'emescape', 'danielm78', 'tomasx', 'nuriamjusc', 'roiaso']"
8,25,93,12,10,"['lauravicente', 'jako91', 'lidiacarcedo', 'jamesjuansierra', 'analorenzo', 'miguelrecuna3c', 'mmartinezsanchez', 'pedro.montysen', 'sarad12', 'cinthiarodrilande11']",83,"['moshelem', 'chaems322', 'parduxen', 'lgv', 'nazaretgarciagonzalez', 'juliia.ou', 'iagofacal', 'atsui75', 'ivan1', 'raul292', 'sbopp', 'saragonzalezmiguez', 'sabe425', 'luigig', 'martin45720', 'victorlopezpardo.liceo', 'antia.santiago', 'justin.hamel2', 'evakolmel', 'saradiazr', 'jacfomg', 'sergiomartinez', 'aaronrivasterron', 'martin.mg98.10', 'antiapc', 'ireneduinkerkenrodriguez', 'gemmabf', 'jeangabriel.chenard', 'jose5loureiro', 'javivilladamigo', 'lctasende3', 'cesarleo94', 'resmi968', 'andreairamas', 'stephania23', 'anxooo', 'd.c.yborde', 'yjh01027952607', 'miguel.lozano.gonzalez', 'pablobucsan', 'costasdiego97', 'ivancambon3b', 'noeliaff', 'wz347718', 'mariapl200896', 'foojorge', 'dumas.david.97', 'giorgiayang', 'almalr97', 'josemanuel.alvarez.perez', 'angietuset', 'borja.bayon', 'yagolemacapeans', 'albersabo99', 'anapv177', 'marniesan', 'tomtomshoo', 'beluso13', 'jorgeexpositopatino', 'sabela.fernandez.r', 'myriam.blanchet07', 'sergiocabana1999', 'sabelamv11', 'tuvieja88', 'alejandromataali', 'euem789', 'hrhlauraa', 'sergiobalboabarreiro', 'martinotero', 'damianonetto', 'davidcastano', 'ainhoaab', 'piolin991099', 'marcobaleato', 'jlcjuli2', 'gablapo97', 'guillermo99', 'ritav', 'davidruiz', 'emescape', 'danielm78', 'nuriamjusc', 'roiaso']",2,"['pawpe', 'braisblanco']",95,"['moshelem', 'chaems322', 'parduxen', 'lgv', 'nazaretgarciagonzalez', 'juliia.ou', 'iagofacal', 'atsui75', 'ivan1', 'raul292', 'braisblanco', 'pawpe', 'sbopp', 'saragonzalezmiguez', 'sabe425', 'luigig', 'pedro.montysen', 'martin45720', 'victorlopezpardo.liceo', 'antia.santiago', 'justin.hamel2', 'evakolmel', 'saradiazr', 'jacfomg', 'sergiomartinez', 'aaronrivasterron', 'miguelrecuna3c', 'analorenzo', 'martin.mg98.10', 'antiapc', 'ireneduinkerkenrodriguez', 'gemmabf', 'jeangabriel.chenard', 'jose5loureiro', 'javivilladamigo', 'lctasende3', 'cesarleo94', 'resmi968', 'jamesjuansierra', 'andreairamas', 'stephania23', 'anxooo', 'd.c.yborde', 'yjh01027952607', 'miguel.lozano.gonzalez', 'pablobucsan', 'costasdiego97', 'ivancambon3b', 'noeliaff', 'wz347718', 'cinthiarodrilande11', 'mariapl200896', 'foojorge', 'dumas.david.97', 'giorgiayang', 'almalr97', 'josemanuel.alvarez.perez', 'lidiacarcedo', 'jako91', 'angietuset', 'borja.bayon', 'yagolemacapeans', 'albersabo99', 'anapv177', 'marniesan', 'tomtomshoo', 'beluso13', 'sarad12', 'jorgeexpositopatino', 'sabela.fernandez.r', 'myriam.blanchet07', 'lauravicente', 'sergiocabana1999', 'sabelamv11', 'tuvieja88', 'alejandromataali', 'euem789', 'hrhlauraa', 'sergiobalboabarreiro', 'martinotero', 'mmartinezsanchez', 'damianonetto', 'davidcastano', 'ainhoaab', 'piolin991099', 'marcobaleato', 'jlcjuli2', 'gablapo97', 'guillermo99', 'ritav', 'davidruiz', 'emescape', 'danielm78', 'nuriamjusc', 'roiaso']"
8,15,93,10,8,"['jako91', 'guillermo99', 'tuvieja88', 'jamesjuansierra', 'anxooo', 'martin45720', 'ivancambon3b', 'lctasende3']",85,"['moshelem', 'chaems322', 'parduxen', 'lgv', 'nazaretgarciagonzalez', 'juliia.ou', 'iagofacal', 'atsui75', 'ivan1', 'raul292', 'sbopp', 'saragonzalezmiguez', 'sabe425', 'luigig', 'pedro.montysen', 'victorlopezpardo.liceo', 'antia.santiago', 'justin.hamel2', 'evakolmel', 'saradiazr', 'jacfomg', 'sergiomartinez', 'aaronrivasterron', 'miguelrecuna3c', 'analorenzo', 'martin.mg98.10', 'antiapc', 'ireneduinkerkenrodriguez', 'gemmabf', 'jeangabriel.chenard', 'jose5loureiro', 'javivilladamigo', 'cesarleo94', 'resmi968', 'andreairamas', 'stephania23', 'd.c.yborde', 'yjh01027952607', 'miguel.lozano.gonzalez', 'pablobucsan', 'costasdiego97', 'noeliaff', 'wz347718', 'cinthiarodrilande11', 'mariapl200896', 'foojorge', 'dumas.david.97', 'giorgiayang', 'almalr97', 'josemanuel.alvarez.perez', 'lidiacarcedo', 'angietuset', 'borja.bayon', 'yagolemacapeans', 'albersabo99', 'anapv177', 'marniesan', 'tomtomshoo', 'beluso13', 'sarad12', 'jorgeexpositopatino', 'sabela.fernandez.r', 'myriam.blanchet07', 'lauravicente', 'sergiocabana1999', 'sabelamv11', 'alejandromataali', 'euem789', 'hrhlauraa', 'sergiobalboabarreiro', 'martinotero', 'mmartinezsanchez', 'damianonetto', 'davidcastano', 'ainhoaab', 'piolin991099', 'marcobaleato', 'jlcjuli2', 'gablapo97', 'ritav', 'davidruiz', 'emescape', 'danielm78', 'nuriamjusc', 'roiaso']",2,"['poorar21', 'ogandocortes']",95,"['moshelem', 'chaems322', 'parduxen', 'lgv', 'nazaretgarciagonzalez', 'juliia.ou', 'iagofacal', 'atsui75', 'ivan1', 'poorar21', 'raul292', 'sbopp', 'saragonzalezmiguez', 'sabe425', 'luigig', 'pedro.montysen', 'martin45720', 'victorlopezpardo.liceo', 'antia.santiago', 'justin.hamel2', 'evakolmel', 'saradiazr', 'jacfomg', 'sergiomartinez', 'aaronrivasterron', 'miguelrecuna3c', 'analorenzo', 'martin.mg98.10', 'antiapc', 'ireneduinkerkenrodriguez', 'gemmabf', 'jeangabriel.chenard', 'jose5loureiro', 'javivilladamigo', 'lctasende3', 'cesarleo94', 'resmi968', 'jamesjuansierra', 'andreairamas', 'stephania23', 'anxooo', 'd.c.yborde', 'yjh01027952607', 'miguel.lozano.gonzalez', 'pablobucsan', 'costasdiego97', 'ivancambon3b', 'noeliaff', 'wz347718', 'cinthiarodrilande11', 'mariapl200896', 'foojorge', 'dumas.david.97', 'giorgiayang', 'almalr97', 'josemanuel.alvarez.perez', 'lidiacarcedo', 'jako91', 'angietuset', 'borja.bayon', 'yagolemacapeans', 'albersabo99', 'anapv177', 'marniesan', 'tomtomshoo', 'beluso13', 'sarad12', 'jorgeexpositopatino', 'sabela.fernandez.r', 'myriam.blanchet07', 'lauravicente', 'sergiocabana1999', 'sabelamv11', 'tuvieja88', 'alejandromataali', 'euem789', 'hrhlauraa', 'sergiobalboabarreiro', 'martinotero', 'mmartinezsanchez', 'ogandocortes', 'damianonetto', 'davidcastano', 'ainhoaab', 'piolin991099', 'marcobaleato', 'jlcjuli2', 'gablapo97', 'guillermo99', 'ritav', 'davidruiz', 'emescape', 'danielm78', 'nuriamjusc', 'roiaso']"
8,13,93,9,8,"['saragonzalezmiguez', 'analorenzo', 'costasdiego97', 'antia.santiago', 'iagofacal', 'javivilladamigo', 'evakolmel', 'saradiazr']",85,"['moshelem', 'chaems322', 'parduxen', 'lgv', 'nazaretgarciagonzalez', 'juliia.ou', 'atsui75', 'ivan1', 'raul292', 'sbopp', 'sabe425', 'luigig', 'pedro.montysen', 'martin45720', 'victorlopezpardo.liceo', 'justin.hamel2', 'jacfomg', 'sergiomartinez', 'aaronrivasterron', 'miguelrecuna3c', 'martin.mg98.10', 'antiapc', 'ireneduinkerkenrodriguez', 'gemmabf', 'jeangabriel.chenard', 'jose5loureiro', 'lctasende3', 'cesarleo94', 'resmi968', 'jamesjuansierra', 'andreairamas', 'stephania23', 'anxooo', 'd.c.yborde', 'yjh01027952607', 'miguel.lozano.gonzalez', 'pablobucsan', 'ivancambon3b', 'noeliaff', 'wz347718', 'cinthiarodrilande11', 'mariapl200896', 'foojorge', 'dumas.david.97', 'giorgiayang', 'almalr97', 'josemanuel.alvarez.perez', 'lidiacarcedo', 'jako91', 'angietuset', 'borja.bayon', 'yagolemacapeans', 'albersabo99', 'anapv177', 'marniesan', 'tomtomshoo', 'beluso13', 'sarad12', 'jorgeexpositopatino', 'sabela.fernandez.r', 'myriam.blanchet07', 'lauravicente', 'sergiocabana1999', 'sabelamv11', 'tuvieja88', 'alejandromataali', 'euem789', 'hrhlauraa', 'sergiobalboabarreiro', 'martinotero', 'mmartinezsanchez', 'damianonetto', 'davidcastano', 'ainhoaab', 'piolin991099', 'marcobaleato', 'jlcjuli2', 'gablapo97', 'guillermo99', 'ritav', 'davidruiz', 'emescape', 'danielm78', 'nuriamjusc', 'roiaso']",1,['cibranlpz'],94,"['moshelem', 'chaems322', 'parduxen', 'lgv', 'nazaretgarciagonzalez', 'juliia.ou', 'iagofacal', 'atsui75', 'ivan1', 'raul292', 'sbopp', 'saragonzalezmiguez', 'sabe425', 'luigig', 'pedro.montysen', 'martin45720', 'victorlopezpardo.liceo', 'antia.santiago', 'justin.hamel2', 'evakolmel', 'saradiazr', 'jacfomg', 'sergiomartinez', 'aaronrivasterron', 'miguelrecuna3c', 'analorenzo', 'martin.mg98.10', 'antiapc', 'ireneduinkerkenrodriguez', 'gemmabf', 'jeangabriel.chenard', 'jose5loureiro', 'javivilladamigo', 'lctasende3', 'cesarleo94', 'resmi968', 'jamesjuansierra', 'andreairamas', 'stephania23', 'anxooo', 'd.c.yborde', 'yjh01027952607', 'miguel.lozano.gonzalez', 'pablobucsan', 'costasdiego97', 'cibranlpz', 'ivancambon3b', 'noeliaff', 'wz347718', 'cinthiarodrilande11', 'mariapl200896', 'foojorge', 'dumas.david.97', 'giorgiayang', 'almalr97', 'josemanuel.alvarez.perez', 'lidiacarcedo', 'jako91', 'angietuset', 'borja.bayon', 'yagolemacapeans', 'albersabo99', 'anapv177', 'marniesan', 'tomtomshoo', 'beluso13', 'sarad12', 'jorgeexpositopatino', 'sabela.fernandez.r', 'myriam.blanchet07', 'lauravicente', 'sergiocabana1999', 'sabelamv11', 'tuvieja88', 'alejandromataali', 'euem789', 'hrhlauraa', 'sergiobalboabarreiro', 'martinotero', 'mmartinezsanchez', 'damianonetto', 'davidcastano', 'ainhoaab', 'piolin991099', 'marcobaleato', 'jlcjuli2', 'gablapo97', 'guillermo99', 'ritav', 'davidruiz', 'emescape', 'danielm78', 'nuriamjusc', 'roiaso']"
8,20,93,9,6,"['marcobaleato', 'miguel.lozano.gonzalez', 'lgv', 'martinotero', 'mariapl200896', 'victorlopezpardo.liceo']",87,"['moshelem', 'chaems322', 'parduxen', 'nazaretgarciagonzalez', 'juliia.ou', 'iagofacal', 'atsui75', 'ivan1', 'raul292', 'sbopp', 'saragonzalezmiguez', 'sabe425', 'luigig', 'pedro.montysen', 'martin45720', 'antia.santiago', 'justin.hamel2', 'evakolmel', 'saradiazr', 'jacfomg', 'sergiomartinez', 'aaronrivasterron', 'miguelrecuna3c', 'analorenzo', 'martin.mg98.10', 'antiapc', 'ireneduinkerkenrodriguez', 'gemmabf', 'jeangabriel.chenard', 'jose5loureiro', 'javivilladamigo', 'lctasende3', 'cesarleo94', 'resmi968', 'jamesjuansierra', 'andreairamas', 'stephania23', 'anxooo', 'd.c.yborde', 'yjh01027952607', 'pablobucsan', 'costasdiego97', 'ivancambon3b', 'noeliaff', 'wz347718', 'cinthiarodrilande11', 'foojorge', 'dumas.david.97', 'giorgiayang', 'almalr97', 'josemanuel.alvarez.perez', 'lidiacarcedo', 'jako91', 'angietuset', 'borja.bayon', 'yagolemacapeans', 'albersabo99', 'anapv177', 'marniesan', 'tomtomshoo', 'beluso13', 'sarad12', 'jorgeexpositopatino', 'sabela.fernandez.r', 'myriam.blanchet07', 'lauravicente', 'sergiocabana1999', 'sabelamv11', 'tuvieja88', 'alejandromataali', 'euem789', 'hrhlauraa', 'sergiobalboabarreiro', 'mmartinezsanchez', 'damianonetto', 'davidcastano', 'ainhoaab', 'piolin991099', 'jlcjuli2', 'gablapo97', 'guillermo99', 'ritav', 'davidruiz', 'emescape', 'danielm78', 'nuriamjusc', 'roiaso']",3,"['tomasx', 'xabierdoural', 'braisblanco']",96,"['moshelem', 'chaems322', 'parduxen', 'lgv', 'nazaretgarciagonzalez', 'juliia.ou', 'iagofacal', 'atsui75', 'ivan1', 'raul292', 'braisblanco', 'sbopp', 'saragonzalezmiguez', 'sabe425', 'luigig', 'pedro.montysen', 'martin45720', 'victorlopezpardo.liceo', 'antia.santiago', 'justin.hamel2', 'evakolmel', 'saradiazr', 'jacfomg', 'sergiomartinez', 'aaronrivasterron', 'miguelrecuna3c', 'analorenzo', 'martin.mg98.10', 'antiapc', 'ireneduinkerkenrodriguez', 'gemmabf', 'jeangabriel.chenard', 'jose5loureiro', 'javivilladamigo', 'lctasende3', 'cesarleo94', 'resmi968', 'jamesjuansierra', 'andreairamas', 'stephania23', 'anxooo', 'd.c.yborde', 'yjh01027952607', 'miguel.lozano.gonzalez', 'pablobucsan', 'costasdiego97', 'ivancambon3b', 'noeliaff', 'wz347718', 'cinthiarodrilande11', 'mariapl200896', 'foojorge', 'dumas.david.97', 'giorgiayang', 'almalr97', 'josemanuel.alvarez.perez', 'lidiacarcedo', 'jako91', 'angietuset', 'borja.bayon', 'yagolemacapeans', 'albersabo99', 'anapv177', 'marniesan', 'tomtomshoo', 'beluso13', 'sarad12', 'jorgeexpositopatino', 'sabela.fernandez.r', 'myriam.blanchet07', 'lauravicente', 'sergiocabana1999', 'sabelamv11', 'tuvieja88', 'alejandromataali', 'euem789', 'hrhlauraa', 'sergiobalboabarreiro', 'martinotero', 'mmartinezsanchez', 'damianonetto', 'davidcastano', 'xabierdoural', 'ainhoaab', 'piolin991099', 'marcobaleato', 'jlcjuli2', 'gablapo97', 'guillermo99', 'ritav', 'davidruiz', 'emescape', 'danielm78', 'tomasx', 'nuriamjusc', 'roiaso']"
8,19,93,8,8,"['giorgiayang', 'moshelem', 'jako91', 'saragonzalezmiguez', 'davidruiz', 'anapv177', 'ireneduinkerkenrodriguez', 'ivan1']",85,"['chaems322', 'parduxen', 'lgv', 'nazaretgarciagonzalez', 'juliia.ou', 'iagofacal', 'atsui75', 'raul292', 'sbopp', 'sabe425', 'luigig', 'pedro.montysen', 'martin45720', 'victorlopezpardo.liceo', 'antia.santiago', 'justin.hamel2', 'evakolmel', 'saradiazr', 'jacfomg', 'sergiomartinez', 'aaronrivasterron', 'miguelrecuna3c', 'analorenzo', 'martin.mg98.10', 'antiapc', 'gemmabf', 'jeangabriel.chenard', 'jose5loureiro', 'javivilladamigo', 'lctasende3', 'cesarleo94', 'resmi968', 'jamesjuansierra', 'andreairamas', 'stephania23', 'anxooo', 'd.c.yborde', 'yjh01027952607', 'miguel.lozano.gonzalez', 'pablobucsan', 'costasdiego97', 'ivancambon3b', 'noeliaff', 'wz347718', 'cinthiarodrilande11', 'mariapl200896', 'foojorge', 'dumas.david.97', 'almalr97', 'josemanuel.alvarez.perez', 'lidiacarcedo', 'angietuset', 'borja.bayon', 'yagolemacapeans', 'albersabo99', 'marniesan', 'tomtomshoo', 'beluso13', 'sarad12', 'jorgeexpositopatino', 'sabela.fernandez.r', 'myriam.blanchet07', 'lauravicente', 'sergiocabana1999', 'sabelamv11', 'tuvieja88', 'alejandromataali', 'euem789', 'hrhlauraa', 'sergiobalboabarreiro', 'martinotero', 'mmartinezsanchez', 'damianonetto', 'davidcastano', 'ainhoaab', 'piolin991099', 'marcobaleato', 'jlcjuli2', 'gablapo97', 'guillermo99', 'ritav', 'emescape', 'danielm78', 'nuriamjusc', 'roiaso']",0,[],93,"['moshelem', 'chaems322', 'parduxen', 'lgv', 'nazaretgarciagonzalez', 'juliia.ou', 'iagofacal', 'atsui75', 'ivan1', 'raul292', 'sbopp', 'saragonzalezmiguez', 'sabe425', 'luigig', 'pedro.montysen', 'martin45720', 'victorlopezpardo.liceo', 'antia.santiago', 'justin.hamel2', 'evakolmel', 'saradiazr', 'jacfomg', 'sergiomartinez', 'aaronrivasterron', 'miguelrecuna3c', 'analorenzo', 'martin.mg98.10', 'antiapc', 'ireneduinkerkenrodriguez', 'gemmabf', 'jeangabriel.chenard', 'jose5loureiro', 'javivilladamigo', 'lctasende3', 'cesarleo94', 'resmi968', 'jamesjuansierra', 'andreairamas', 'stephania23', 'anxooo', 'd.c.yborde', 'yjh01027952607', 'miguel.lozano.gonzalez', 'pablobucsan', 'costasdiego97', 'ivancambon3b', 'noeliaff', 'wz347718', 'cinthiarodrilande11', 'mariapl200896', 'foojorge', 'dumas.david.97', 'giorgiayang', 'almalr97', 'josemanuel.alvarez.perez', 'lidiacarcedo', 'jako91', 'angietuset', 'borja.bayon', 'yagolemacapeans', 'albersabo99', 'anapv177', 'marniesan', 'tomtomshoo', 'beluso13', 'sarad12', 'jorgeexpositopatino', 'sabela.fernandez.r', 'myriam.blanchet07', 'lauravicente', 'sergiocabana1999', 'sabelamv11', 'tuvieja88', 'alejandromataali', 'euem789', 'hrhlauraa', 'sergiobalboabarreiro', 'martinotero', 'mmartinezsanchez', 'damianonetto', 'davidcastano', 'ainhoaab', 'piolin991099', 'marcobaleato', 'jlcjuli2', 'gablapo97', 'guillermo99', 'ritav', 'davidruiz', 'emescape', 'danielm78', 'nuriamjusc', 'roiaso']"
8,11,93,7,5,"['miguel.lozano.gonzalez', 'antiapc', 'anapv177', 'evakolmel', 'javivilladamigo']",88,"['moshelem', 'chaems322', 'parduxen', 'lgv', 'nazaretgarciagonzalez', 'juliia.ou', 'iagofacal', 'atsui75', 'ivan1', 'raul292', 'sbopp', 'saragonzalezmiguez', 'sabe425', 'luigig', 'pedro.montysen', 'martin45720', 'victorlopezpardo.liceo', 'antia.santiago', 'justin.hamel2', 'saradiazr', 'jacfomg', 'sergiomartinez', 'aaronrivasterron', 'miguelrecuna3c', 'analorenzo', 'martin.mg98.10', 'ireneduinkerkenrodriguez', 'gemmabf', 'jeangabriel.chenard', 'jose5loureiro', 'lctasende3', 'cesarleo94', 'resmi968', 'jamesjuansierra', 'andreairamas', 'stephania23', 'anxooo', 'd.c.yborde', 'yjh01027952607', 'pablobucsan', 'costasdiego97', 'ivancambon3b', 'noeliaff', 'wz347718', 'cinthiarodrilande11', 'mariapl200896', 'foojorge', 'dumas.david.97', 'giorgiayang', 'almalr97', 'josemanuel.alvarez.perez', 'lidiacarcedo', 'jako91', 'angietuset', 'borja.bayon', 'yagolemacapeans', 'albersabo99', 'marniesan', 'tomtomshoo', 'beluso13', 'sarad12', 'jorgeexpositopatino', 'sabela.fernandez.r', 'myriam.blanchet07', 'lauravicente', 'sergiocabana1999', 'sabelamv11', 'tuvieja88', 'alejandromataali', 'euem789', 'hrhlauraa', 'sergiobalboabarreiro', 'martinotero', 'mmartinezsanchez', 'damianonetto', 'davidcastano', 'ainhoaab', 'piolin991099', 'marcobaleato', 'jlcjuli2', 'gablapo97', 'guillermo99', 'ritav', 'davidruiz', 'emescape', 'danielm78', 'nuriamjusc', 'roiaso']",2,"['miguelcb', 'jequito']",95,"['moshelem', 'chaems322', 'parduxen', 'lgv', 'nazaretgarciagonzalez', 'juliia.ou', 'iagofacal', 'atsui75', 'ivan1', 'raul292', 'sbopp', 'saragonzalezmiguez', 'sabe425', 'luigig', 'pedro.montysen', 'martin45720', 'victorlopezpardo.liceo', 'antia.santiago', 'justin.hamel2', 'evakolmel', 'saradiazr', 'jacfomg', 'sergiomartinez', 'aaronrivasterron', 'miguelrecuna3c', 'analorenzo', 'martin.mg98.10', 'antiapc', 'ireneduinkerkenrodriguez', 'gemmabf', 'jeangabriel.chenard', 'jose5loureiro', 'javivilladamigo', 'lctasende3', 'cesarleo94', 'resmi968', 'jamesjuansierra', 'andreairamas', 'stephania23', 'anxooo', 'd.c.yborde', 'yjh01027952607', 'miguel.lozano.gonzalez', 'pablobucsan', 'costasdiego97', 'ivancambon3b', 'noeliaff', 'wz347718', 'miguelcb', 'cinthiarodrilande11', 'mariapl200896', 'foojorge', 'dumas.david.97', 'giorgiayang', 'almalr97', 'josemanuel.alvarez.perez', 'lidiacarcedo', 'jako91', 'angietuset', 'borja.bayon', 'yagolemacapeans', 'albersabo99', 'anapv177', 'marniesan', 'tomtomshoo', 'beluso13', 'sarad12', 'jorgeexpositopatino', 'sabela.fernandez.r', 'myriam.blanchet07', 'lauravicente', 'sergiocabana1999', 'sabelamv11', 'tuvieja88', 'alejandromataali', 'euem789', 'hrhlauraa', 'sergiobalboabarreiro', 'jequito', 'martinotero', 'mmartinezsanchez', 'damianonetto', 'davidcastano', 'ainhoaab', 'piolin991099', 'marcobaleato', 'jlcjuli2', 'gablapo97', 'guillermo99', 'ritav', 'davidruiz', 'emescape', 'danielm78', 'nuriamjusc', 'roiaso']"
8,228,93,6,1,['myriam.blanchet07'],92,"['moshelem', 'chaems322', 'parduxen', 'lgv', 'nazaretgarciagonzalez', 'juliia.ou', 'iagofacal', 'atsui75', 'ivan1', 'raul292', 'sbopp', 'saragonzalezmiguez', 'sabe425', 'luigig', 'pedro.montysen', 'martin45720', 'victorlopezpardo.liceo', 'antia.santiago', 'justin.hamel2', 'evakolmel', 'saradiazr', 'jacfomg', 'sergiomartinez', 'aaronrivasterron', 'miguelrecuna3c', 'analorenzo', 'martin.mg98.10', 'antiapc', 'ireneduinkerkenrodriguez', 'gemmabf', 'jeangabriel.chenard', 'jose5loureiro', 'javivilladamigo', 'lctasende3', 'cesarleo94', 'resmi968', 'jamesjuansierra', 'andreairamas', 'stephania23', 'anxooo', 'd.c.yborde', 'yjh01027952607', 'miguel.lozano.gonzalez', 'pablobucsan', 'costasdiego97', 'ivancambon3b', 'noeliaff', 'wz347718', 'cinthiarodrilande11', 'mariapl200896', 'foojorge', 'dumas.david.97', 'giorgiayang', 'almalr97', 'josemanuel.alvarez.perez', 'lidiacarcedo', 'jako91', 'angietuset', 'borja.bayon', 'yagolemacapeans', 'albersabo99', 'anapv177', 'marniesan', 'tomtomshoo', 'beluso13', 'sarad12', 'jorgeexpositopatino', 'sabela.fernandez.r', 'lauravicente', 'sergiocabana1999', 'sabelamv11', 'tuvieja88', 'alejandromataali', 'euem789', 'hrhlauraa', 'sergiobalboabarreiro', 'martinotero', 'mmartinezsanchez', 'damianonetto', 'davidcastano', 'ainhoaab', 'piolin991099', 'marcobaleato', 'jlcjuli2', 'gablapo97', 'guillermo99', 'ritav', 'davidruiz', 'emescape', 'danielm78', 'nuriamjusc', 'roiaso']",5,"['deguirejasmin', 'jeson', 'dompm123', 'audranp', 'fredericberthiaume1234']",98,"['moshelem', 'chaems322', 'parduxen', 'deguirejasmin', 'lgv', 'nazaretgarciagonzalez', 'juliia.ou', 'iagofacal', 'atsui75', 'ivan1', 'raul292', 'sbopp', 'saragonzalezmiguez', 'sabe425', 'luigig', 'pedro.montysen', 'martin45720', 'victorlopezpardo.liceo', 'antia.santiago', 'justin.hamel2', 'evakolmel', 'saradiazr', 'jacfomg', 'sergiomartinez', 'aaronrivasterron', 'miguelrecuna3c', 'analorenzo', 'martin.mg98.10', 'antiapc', 'ireneduinkerkenrodriguez', 'gemmabf', 'audranp', 'jeangabriel.chenard', 'jose5loureiro', 'javivilladamigo', 'lctasende3', 'cesarleo94', 'resmi968', 'jamesjuansierra', 'andreairamas', 'stephania23', 'anxooo', 'd.c.yborde', 'yjh01027952607', 'miguel.lozano.gonzalez', 'pablobucsan', 'costasdiego97', 'ivancambon3b', 'noeliaff', 'wz347718', 'cinthiarodrilande11', 'mariapl200896', 'foojorge', 'dumas.david.97', 'fredericberthiaume1234', 'giorgiayang', 'almalr97', 'josemanuel.alvarez.perez', 'lidiacarcedo', 'jako91', 'angietuset', 'borja.bayon', 'yagolemacapeans', 'albersabo99', 'anapv177', 'marniesan', 'tomtomshoo', 'beluso13', 'sarad12', 'jorgeexpositopatino', 'sabela.fernandez.r', 'myriam.blanchet07', 'lauravicente', 'sergiocabana1999', 'sabelamv11', 'tuvieja88', 'alejandromataali', 'euem789', 'hrhlauraa', 'sergiobalboabarreiro', 'jeson', 'martinotero', 'mmartinezsanchez', 'damianonetto', 'davidcastano', 'ainhoaab', 'piolin991099', 'marcobaleato', 'jlcjuli2', 'gablapo97', 'guillermo99', 'ritav', 'davidruiz', 'emescape', 'dompm123', 'danielm78', 'nuriamjusc', 'roiaso']"
8,14,93,5,5,"['hrhlauraa', 'lgv', 'martinotero', 'victorlopezpardo.liceo', 'ainhoaab']",88,"['moshelem', 'chaems322', 'parduxen', 'nazaretgarciagonzalez', 'juliia.ou', 'iagofacal', 'atsui75', 'ivan1', 'raul292', 'sbopp', 'saragonzalezmiguez', 'sabe425', 'luigig', 'pedro.montysen', 'martin45720', 'antia.santiago', 'justin.hamel2', 'evakolmel', 'saradiazr', 'jacfomg', 'sergiomartinez', 'aaronrivasterron', 'miguelrecuna3c', 'analorenzo', 'martin.mg98.10', 'antiapc', 'ireneduinkerkenrodriguez', 'gemmabf', 'jeangabriel.chenard', 'jose5loureiro', 'javivilladamigo', 'lctasende3', 'cesarleo94', 'resmi968', 'jamesjuansierra', 'andreairamas', 'stephania23', 'anxooo', 'd.c.yborde', 'yjh01027952607', 'miguel.lozano.gonzalez', 'pablobucsan', 'costasdiego97', 'ivancambon3b', 'noeliaff', 'wz347718', 'cinthiarodrilande11', 'mariapl200896', 'foojorge', 'dumas.david.97', 'giorgiayang', 'almalr97', 'josemanuel.alvarez.perez', 'lidiacarcedo', 'jako91', 'angietuset', 'borja.bayon', 'yagolemacapeans', 'albersabo99', 'anapv177', 'marniesan', 'tomtomshoo', 'beluso13', 'sarad12', 'jorgeexpositopatino', 'sabela.fernandez.r', 'myriam.blanchet07', 'lauravicente', 'sergiocabana1999', 'sabelamv11', 'tuvieja88', 'alejandromataali', 'euem789', 'sergiobalboabarreiro', 'mmartinezsanchez', 'damianonetto', 'davidcastano', 'piolin991099', 'marcobaleato', 'jlcjuli2', 'gablapo97', 'guillermo99', 'ritav', 'davidruiz', 'emescape', 'danielm78', 'nuriamjusc', 'roiaso']",0,[],93,"['moshelem', 'chaems322', 'parduxen', 'lgv', 'nazaretgarciagonzalez', 'juliia.ou', 'iagofacal', 'atsui75', 'ivan1', 'raul292', 'sbopp', 'saragonzalezmiguez', 'sabe425', 'luigig', 'pedro.montysen', 'martin45720', 'victorlopezpardo.liceo', 'antia.santiago', 'justin.hamel2', 'evakolmel', 'saradiazr', 'jacfomg', 'sergiomartinez', 'aaronrivasterron', 'miguelrecuna3c', 'analorenzo', 'martin.mg98.10', 'antiapc', 'ireneduinkerkenrodriguez', 'gemmabf', 'jeangabriel.chenard', 'jose5loureiro', 'javivilladamigo', 'lctasende3', 'cesarleo94', 'resmi968', 'jamesjuansierra', 'andreairamas', 'stephania23', 'anxooo', 'd.c.yborde', 'yjh01027952607', 'miguel.lozano.gonzalez', 'pablobucsan', 'costasdiego97', 'ivancambon3b', 'noeliaff', 'wz347718', 'cinthiarodrilande11', 'mariapl200896', 'foojorge', 'dumas.david.97', 'giorgiayang', 'almalr97', 'josemanuel.alvarez.perez', 'lidiacarcedo', 'jako91', 'angietuset', 'borja.bayon', 'yagolemacapeans', 'albersabo99', 'anapv177', 'marniesan', 'tomtomshoo', 'beluso13', 'sarad12', 'jorgeexpositopatino', 'sabela.fernandez.r', 'myriam.blanchet07', 'lauravicente', 'sergiocabana1999', 'sabelamv11', 'tuvieja88', 'alejandromataali', 'euem789', 'hrhlauraa', 'sergiobalboabarreiro', 'martinotero', 'mmartinezsanchez', 'damianonetto', 'davidcastano', 'ainhoaab', 'piolin991099', 'marcobaleato', 'jlcjuli2', 'gablapo97', 'guillermo99', 'ritav', 'davidruiz', 'emescape', 'danielm78', 'nuriamjusc', 'roiaso']"
8,24,93,5,4,"['andreairamas', 'nuriamjusc', 'stephania23', 'hrhlauraa']",89,"['moshelem', 'chaems322', 'parduxen', 'lgv', 'nazaretgarciagonzalez', 'juliia.ou', 'iagofacal', 'atsui75', 'ivan1', 'raul292', 'sbopp', 'saragonzalezmiguez', 'sabe425', 'luigig', 'pedro.montysen', 'martin45720', 'victorlopezpardo.liceo', 'antia.santiago', 'justin.hamel2', 'evakolmel', 'saradiazr', 'jacfomg', 'sergiomartinez', 'aaronrivasterron', 'miguelrecuna3c', 'analorenzo', 'martin.mg98.10', 'antiapc', 'ireneduinkerkenrodriguez', 'gemmabf', 'jeangabriel.chenard', 'jose5loureiro', 'javivilladamigo', 'lctasende3', 'cesarleo94', 'resmi968', 'jamesjuansierra', 'anxooo', 'd.c.yborde', 'yjh01027952607', 'miguel.lozano.gonzalez', 'pablobucsan', 'costasdiego97', 'ivancambon3b', 'noeliaff', 'wz347718', 'cinthiarodrilande11', 'mariapl200896', 'foojorge', 'dumas.david.97', 'giorgiayang', 'almalr97', 'josemanuel.alvarez.perez', 'lidiacarcedo', 'jako91', 'angietuset', 'borja.bayon', 'yagolemacapeans', 'albersabo99', 'anapv177', 'marniesan', 'tomtomshoo', 'beluso13', 'sarad12', 'jorgeexpositopatino', 'sabela.fernandez.r', 'myriam.blanchet07', 'lauravicente', 'sergiocabana1999', 'sabelamv11', 'tuvieja88', 'alejandromataali', 'euem789', 'sergiobalboabarreiro', 'martinotero', 'mmartinezsanchez', 'damianonetto', 'davidcastano', 'ainhoaab', 'piolin991099', 'marcobaleato', 'jlcjuli2', 'gablapo97', 'guillermo99', 'ritav', 'davidruiz', 'emescape', 'danielm78', 'roiaso']",1,['xabierdoural'],94,"['moshelem', 'chaems322', 'parduxen', 'lgv', 'nazaretgarciagonzalez', 'juliia.ou', 'iagofacal', 'atsui75', 'ivan1', 'raul292', 'sbopp', 'saragonzalezmiguez', 'sabe425', 'luigig', 'pedro.montysen', 'martin45720', 'victorlopezpardo.liceo', 'antia.santiago', 'justin.hamel2', 'evakolmel', 'saradiazr', 'jacfomg', 'sergiomartinez', 'aaronrivasterron', 'miguelrecuna3c', 'analorenzo', 'martin.mg98.10', 'antiapc', 'ireneduinkerkenrodriguez', 'gemmabf', 'jeangabriel.chenard', 'jose5loureiro', 'javivilladamigo', 'lctasende3', 'cesarleo94', 'resmi968', 'jamesjuansierra', 'andreairamas', 'stephania23', 'anxooo', 'd.c.yborde', 'yjh01027952607', 'miguel.lozano.gonzalez', 'pablobucsan', 'costasdiego97', 'ivancambon3b', 'noeliaff', 'wz347718', 'cinthiarodrilande11', 'mariapl200896', 'foojorge', 'dumas.david.97', 'giorgiayang', 'almalr97', 'josemanuel.alvarez.perez', 'lidiacarcedo', 'jako91', 'angietuset', 'borja.bayon', 'yagolemacapeans', 'albersabo99', 'anapv177', 'marniesan', 'tomtomshoo', 'beluso13', 'sarad12', 'jorgeexpositopatino', 'sabela.fernandez.r', 'myriam.blanchet07', 'lauravicente', 'sergiocabana1999', 'sabelamv11', 'tuvieja88', 'alejandromataali', 'euem789', 'hrhlauraa', 'sergiobalboabarreiro', 'martinotero', 'mmartinezsanchez', 'damianonetto', 'davidcastano', 'xabierdoural', 'ainhoaab', 'piolin991099', 'marcobaleato', 'jlcjuli2', 'gablapo97', 'guillermo99', 'ritav', 'davidruiz', 'emescape', 'danielm78', 'nuriamjusc', 'roiaso']"
9,221,86,283,1,['pmcnutt2'],85,"['aprudnik', 'zyang2', 'ncgalardi', 'jornia2', 'sskala2', 'jtarnsan', 'drli', 'jordanm7', 'jaeyong2', 'magnaye2', 'txyang2', 'runzezhang', 'jiapeiy2', 'tsibley', 'aswett2', 'bsutton3', 'kacperr2', 'teb4', 'megangb2', 'zg10', 'jamesshannon', 'joelmieres', 'jpyeon', 'vvs3', 'vanshg2', 'rlee130', 'lauraksluk', 'ymyu2', 'meeraj2', 'alfadel2', 'mokamura98', 'rohanv2', 'jll4', 'micahpr2', 'ziruiw2', 'xd8', 'hanankhan93', 'alekhb2', 'yoonjae3', 'zeruizhc', 'akshays6', 'agrind2', 'jiaruil4', 'michal3', 'schumer2', 'jlakomy2', 'trishag3', 'mochsend', 'said.maabed', 'yilunwu', 'luketk2', 'jiming2', 'huizhit2', 'matteo1717', 'bjchung', 'ziweny', 'alexmf2', 'allibur', 'xc29', 'chguo2', 'dl20', 'roslend2', 'mahsab.alrahman009', 'mderka3', 'azatar3', 'noahrh3', 'mjwilkin', 'samuelf4', 'jcaulkin', 'bmglaser', 'konicek3', 'jsterank', 'loutris2', 'weihangx', 'juliawp2', 'bremig2', 'karthi.madhubalan', 'mpgrant001', 'hmpatel4', 'bshiang2', 'mint', 'arashakhavi', 'agdash', 'coleck2', 'zvarley2']",282,"['rajsingh', 'wdeaweqwdas', 'moshelem', 'testeremre70', 'amrita_lovelace', 'kaynegalie', 'arianebarreto', 'ogu0001', 'mos_noob', 'joshuabush', 'arno.yu610168', 'eminasuljic', 'sebasmarquez90', 'charles.dambra', 'poorar21', 'jeption2025', 'dongmingli', 'mangabera10', 'jbonez411', 'cbandel', 'wys142', 'nguyendaniel', 'clizarazo', 'sabe425', 'aaroncoonu', 'briann', 'chrixang18', 'pkj71794g', 'gabriel.pzanoni', 'ee17resch11016', 'xiaokaizhong99', 'vincentdoucet22', 'kayleneechong', 'evakolmel', 'zepfan026', 'ronitronit119', 'sholliday643', 'danielclapp99', 'ulusoy2006', 'mmei', 'sabolton', 'npatta.1986', 'drogalski', 'martin.mg98.10', 'ts992', 'kst48', 'kellen.wise', 'lokesht123', 'mrgiraffe', 'smontero', 'annikadasher', 'oktayhalitekinay', 'asdksnfksfkmd', '8223freret', 'ge.6cg7', 'krusso448', 'lctasende3', 'liqizhou', 'asif0047', 'johndoe2341341243', 'retrewtewrt', 'fabio.aragao.santos', 'anxooo', 'reuben90', 'uuganbayaro', 'wingitalways', 'mahnoor.syed29', 'matthew.jones98', 'costasdiego97', 'alexander.lee', 'justiejoseph', 'kyenyarkolemuel', 'j176601', 'mtakcali', 'nbhat0792', 'fedele.penna', 'nickm', 'octoman1080x', 'j218711', 'semmi.spado00', 'madisonmiller', 'ethan.caballero', 'cactusnoh', 'hcha71', 'miguelcb', 'sungjooncho', 'choudh23', 'mariapl200896', 'v257028', 'jschewinsky', 'nanobeam', 'arif.ozkan5806', 'fredysanchez2', 'haren22', 'ervndgn59', 'cninja99', 'iuri', 'jako91', 'lkipfer', 'magnoliajasper', 'gazerlo', 'cancetinkaya1201', 'anapv177', 'burnett.william', 'julianawallgren', 'josemanuel3', 'lewisgf20', 'bmirzapouebe', 'durgaprasadkhatri2011', 'ftah', 'jaycwilson23', 'pw8', 'jack522577', 'kodurur', 's16c028b', 'hrhlauraa', 'murattdo', 'daddysexual', 'damianonetto', 'zse0147', 'emani', 'kmerino', 'ainhoaab', 'mrtmert98', 'marcantoineduval', 'davidr27', 'mrbunnyman', 'sebrobarts', 'emreyilmazel1996', 'lenoirr', 'maxguipil', 'd33r00', 'u1250344', 'caseyamick', 'd093641', 'yesimcakmakc', 'newele', 'tomasx', 'nuriamjusc', 'sbentz', 'amandabrum', 'xiaoyuzhang', 'halilibrahimtiken', 'jake.m.hall876', 'omarloay99', 'anujgarg939', 'deguirejasmin', 'abaringer', 'k.hildenbrand', 'yorkiiii', 'mstff.1clkk', 'kaiseale', 'mollykole', 'longstreetjacob', 'raul292', 'chastintruelove', 'felipemachado', 'l201843', 'johnganiban', 'paezjuanagustin47', 'sd226', 'santosalexis1817', 'cdutreil', 'andrew217usmc', 'phhuang', 'fpincock', 'jdgerling', 'lerner', 'ncm0007', 'thboth', 'olivier35', 'saradiazr', 'aingles', 'ege.ert7', 'm241617', 'aldanafloyd', 'maria.irausquin', 'alirose12', 'hjp44', 'ol_ac', 'aaronrivasterron', 'elena.gnani', 'lorenzoholguin12', 'maxiasensio', 'olga.casals', 'fafrin2', 'thomasspradley', 'vritota', 'nmorgan1', 'nfranzoni', 'santox2000', 'jef325', 'hjlim9612', 'elel30182', 'rossop', 'sqlim94', 'alexdallee17', 'garciacarrillojudith', 'tserenkhand', 'cibranlpz', 'yyerim', 'jason.earl', 'tg2016', 'c195673', 'jhahn95', 'jsathanand', 'susannareggiani', 'i.lutticken', 'rakaiit', 'u6007941', 'avivlavan', 'sungjoon.cho97', 'grantmorris656', 'r207733', 'jrobinson5', 'psuzhouy', 'enhjinhanabi', 't224622', 'andresaraiva', 'man6787', 'hamastahir19', 'blane', 'mtynski', 'cameronframpton', 'cacuy', 'joejfranzo', 'm203442', 'aravindh', 'syoonhan', 'eschruba', 'kianamon', 'jeus63', 'jsanmartin1', 'anshshah2011', 'berrospidavid7', 'borja.bayon', 'nsh0004', 'ashishchr', 'sandip83', 'huseyinu', 'leeluanling123', 'pspiotrowicz1', 'tudimubunmi', 'philippeblaise', 'a194117', 'ana23', 'panellink1', 'also0714', 'jequito', 'hj980217', 'f215766', 'rynk.john', 'ogandocortes', 'martinotero', 'stiml1144', 'dicef', 'jimenezph', 'cartermchris1', 'sarah.youssef', 'hlong262', 'burak9836', 'terje', 'plaggeme', 'u1089358', 'u0916393', 'julianyordano', 'guillermo99', 'rosadourada9', 'nicoladegiuseppe19', 'dolaydemirel', 's16c045b', 'theurgeboat', 'lpentzke', 'fatanehjenabi', 'trivellin', 'cheeseybacon', 'baqer', 'spazos7', 'rylandkate', 'heatherleaf', 'roiaso', 'lobsterben13']",368,"['wdeaweqwdas', 'aprudnik', 'moshelem', 'kaynegalie', 'zyang2', 'mos_noob', 'ncgalardi', 'eminasuljic', 'sskala2', 'mangabera10', 'jbonez411', 'wys142', 'sabe425', 'chrixang18', 'jaeyong2', 'xiaokaizhong99', 'vincentdoucet22', 'sholliday643', 'txyang2', 'danielclapp99', 'ulusoy2006', 'sabolton', 'ts992', 'drogalski', 'lokesht123', 'mrgiraffe', 'aswett2', 'smontero', 'oktayhalitekinay', 'asdksnfksfkmd', 'liqizhou', 'bsutton3', 'kacperr2', 'teb4', 'johndoe2341341243', 'megangb2', 'anxooo', 'reuben90', 'zg10', 'alexander.lee', 'justiejoseph', 'j176601', 'mtakcali', 'fedele.penna', 'nickm', 'octoman1080x', 'semmi.spado00', 'j218711', 'madisonmiller', 'sungjooncho', 'choudh23', 'nanobeam', 'v257028', 'jschewinsky', 'haren22', 'ervndgn59', 'cninja99', 'vvs3', 'lkipfer', 'anapv177', 'cancetinkaya1201', 'julianawallgren', 'burnett.william', 'lewisgf20', 'vanshg2', 'rlee130', 'ymyu2', 'bmirzapouebe', 'meeraj2', 'ftah', 'jaycwilson23', 'kodurur', 'rohanv2', 'pmcnutt2', 'jll4', 'murattdo', 'emani', 'ainhoaab', 'marcantoineduval', 'davidr27', 'mrbunnyman', 'sebrobarts', 'emreyilmazel1996', 'maxguipil', 'xd8', 'd33r00', 'hanankhan93', 'alekhb2', 'u1250344', 'caseyamick', 'zeruizhc', 'yesimcakmakc', 'tomasx', 'nuriamjusc', 'sbentz', 'agrind2', 'halilibrahimtiken', 'jiaruil4', 'omarloay99', 'abaringer', 'yorkiiii', 'mstff.1clkk', 'kaiseale', 'longstreetjacob', 'chastintruelove', 'l201843', 'jlakomy2', 'johnganiban', 'sd226', 'andrew217usmc', 'trishag3', 'phhuang', 'fpincock', 'jdgerling', 'lerner', 'ncm0007', 'thboth', 'olivier35', 'saradiazr', 'ege.ert7', 'said.maabed', 'elena.gnani', 'ol_ac', 'yilunwu', 'lorenzoholguin12', 'jiming2', 'maxiasensio', 'olga.casals', 'fafrin2', 'matteo1717', 'hjlim9612', 'elel30182', 'ziweny', 'alexmf2', 'allibur', 'rossop', 'sqlim94', 'tserenkhand', 'chguo2', 'dl20', 'cibranlpz', 'jason.earl', 'c195673', 'jhahn95', 'jsathanand', 'i.lutticken', 'sungjoon.cho97', 'rakaiit', 'avivlavan', 'psuzhouy', 'grantmorris656', 'jrobinson5', 'azatar3', 'andresaraiva', 'man6787', 'blane', 'mtynski', 'mjwilkin', 'cacuy', 'samuelf4', 'joejfranzo', 'm203442', 'kianamon', 'berrospidavid7', 'nsh0004', 'jsterank', 'a194117', 'ana23', 'karthi.madhubalan', 'jequito', 'sarah.youssef', 'hlong262', 'burak9836', 'terje', 'plaggeme', 'u0916393', 'rosadourada9', 'nicoladegiuseppe19', 'arashakhavi', 'lpentzke', 'fatanehjenabi', 'trivellin', 'cheeseybacon', 'iuri', 'heatherleaf', 'anujgarg939', 'zvarley2', 'roiaso', 'lobsterben13', 'rajsingh', 'testeremre70', 'arianebarreto', 'amrita_lovelace', 'ogu0001', 'arno.yu610168', 'joshuabush', 'jornia2', 'sebasmarquez90', 'charles.dambra', 'poorar21', 'jeption2025', 'dongmingli', 'jtarnsan', 'drli', 'cbandel', 'jordanm7', 'nguyendaniel', 'clizarazo', 'aaroncoonu', 'briann', 'pkj71794g', 'gabriel.pzanoni', 'ee17resch11016', 'kayleneechong', 'evakolmel', 'magnaye2', 'zepfan026', 'ronitronit119', 'runzezhang', 'jiapeiy2', 'mmei', 'tsibley', 'npatta.1986', 'kellen.wise', 'martin.mg98.10', 'kst48', 'annikadasher', '8223freret', 'ge.6cg7', 'krusso448', 'lctasende3', 'asif0047', 'retrewtewrt', 'fabio.aragao.santos', 'uuganbayaro', 'wingitalways', 'mahnoor.syed29', 'matthew.jones98', 'costasdiego97', 'kyenyarkolemuel', 'nbhat0792', 'ethan.caballero', 'cactusnoh', 'hcha71', 'miguelcb', 'mariapl200896', 'arif.ozkan5806', 'fredysanchez2', 'jamesshannon', 'joelmieres', 'jpyeon', 'jako91', 'magnoliajasper', 'gazerlo', 'josemanuel3', 'lauraksluk', 'durgaprasadkhatri2011', 'alfadel2', 'pw8', 'jack522577', 's16c028b', 'mokamura98', 'hrhlauraa', 'micahpr2', 'daddysexual', 'damianonetto', 'zse0147', 'mrtmert98', 'kmerino', 'lenoirr', 'ziruiw2', 'd093641', 'yoonjae3', 'newele', 'akshays6', 'amandabrum', 'xiaoyuzhang', 'jake.m.hall876', 'michal3', 'schumer2', 'deguirejasmin', 'k.hildenbrand', 'mollykole', 'felipemachado', 'raul292', 'paezjuanagustin47', 'santosalexis1817', 'cdutreil', 'mochsend', 'aingles', 'm241617', 'aldanafloyd', 'maria.irausquin', 'alirose12', 'hjp44', 'aaronrivasterron', 'luketk2', 'huizhit2', 'thomasspradley', 'vritota', 'nmorgan1', 'nfranzoni', 'santox2000', 'jef325', 'bjchung', 'alexdallee17', 'garciacarrillojudith', 'xc29', 'yyerim', 'tg2016', 'roslend2', 'mahsab.alrahman009', 'u6007941', 'susannareggiani', 'mderka3', 'r207733', 'enhjinhanabi', 't224622', 'hamastahir19', 'noahrh3', 'cameronframpton', 'aravindh', 'syoonhan', 'jcaulkin', 'eschruba', 'jeus63', 'jsanmartin1', 'anshshah2011', 'borja.bayon', 'ashishchr', 'bmglaser', 'sandip83', 'konicek3', 'loutris2', 'weihangx', 'huseyinu', 'juliawp2', 'leeluanling123', 'pspiotrowicz1', 'tudimubunmi', 'bremig2', 'philippeblaise', 'panellink1', 'also0714', 'hj980217', 'f215766', 'rynk.john', 'mpgrant001', 'ogandocortes', 'martinotero', 'stiml1144', 'dicef', 'jimenezph', 'cartermchris1', 'hmpatel4', 'u1089358', 'julianyordano', 'guillermo99', 'bshiang2', 's16c045b', 'mint', 'dolaydemirel', 'agdash', 'theurgeboat', 'baqer', 'spazos7', 'rylandkate', 'coleck2']"
9,181,86,42,1,['juliawp2'],85,"['aprudnik', 'zyang2', 'ncgalardi', 'jornia2', 'sskala2', 'jtarnsan', 'drli', 'jordanm7', 'jaeyong2', 'magnaye2', 'txyang2', 'runzezhang', 'jiapeiy2', 'tsibley', 'aswett2', 'bsutton3', 'kacperr2', 'teb4', 'megangb2', 'zg10', 'jamesshannon', 'joelmieres', 'jpyeon', 'vvs3', 'vanshg2', 'rlee130', 'lauraksluk', 'ymyu2', 'meeraj2', 'alfadel2', 'mokamura98', 'rohanv2', 'pmcnutt2', 'jll4', 'micahpr2', 'ziruiw2', 'xd8', 'hanankhan93', 'alekhb2', 'yoonjae3', 'zeruizhc', 'akshays6', 'agrind2', 'jiaruil4', 'michal3', 'schumer2', 'jlakomy2', 'trishag3', 'mochsend', 'said.maabed', 'yilunwu', 'luketk2', 'jiming2', 'huizhit2', 'matteo1717', 'bjchung', 'ziweny', 'alexmf2', 'allibur', 'xc29', 'chguo2', 'dl20', 'roslend2', 'mahsab.alrahman009', 'mderka3', 'azatar3', 'noahrh3', 'mjwilkin', 'samuelf4', 'jcaulkin', 'bmglaser', 'konicek3', 'jsterank', 'loutris2', 'weihangx', 'bremig2', 'karthi.madhubalan', 'mpgrant001', 'hmpatel4', 'bshiang2', 'mint', 'arashakhavi', 'agdash', 'coleck2', 'zvarley2']",41,"['yuchang3', 'ryanlim2', 'nk13', 'hyunbin2', 'efalse2', 'nwa2', 'jheaton3', 'jrange23', 'eoh23', 'ryusuke2', 'msolis27', 'malonzo2', 'torsr2', 'fulcrum', 'sali93', 'niharrm2', 'ssibi2', 'msiddi60', 'iajifo2', 'dcudzi2', 'chyu3', 'aleahht2', 'jalies2', 'zainab2', 'benvau2', 'wrishk2', 'aaguero2', 'jacobt6', 'dhamill2', 'hanlinw3', 'boyazhu2', 'kirajm2', 'ddejong2', 'shawnc2', 'anm9', 'jaredf2', 'sendres2', 'xinzhih2', 'mrc13', 'bnw4', 'jinyang9']",127,"['aprudnik', 'nk13', 'jiaruil4', 'hyunbin2', 'zyang2', 'michal3', 'schumer2', 'ncgalardi', 'jornia2', 'sskala2', 'jtarnsan', 'drli', 'ryusuke2', 'jordanm7', 'jlakomy2', 'torsr2', 'sali93', 'niharrm2', 'ssibi2', 'jaeyong2', 'trishag3', 'mochsend', 'magnaye2', 'dcudzi2', 'chyu3', 'txyang2', 'runzezhang', 'said.maabed', 'jiapeiy2', 'jalies2', 'tsibley', 'yilunwu', 'luketk2', 'zainab2', 'jiming2', 'benvau2', 'aaguero2', 'dhamill2', 'aswett2', 'huizhit2', 'matteo1717', 'boyazhu2', 'bsutton3', 'kacperr2', 'teb4', 'ddejong2', 'megangb2', 'shawnc2', 'bjchung', 'ziweny', 'alexmf2', 'allibur', 'anm9', 'zg10', 'jaredf2', 'sendres2', 'mrc13', 'xc29', 'chguo2', 'bnw4', 'dl20', 'jinyang9', 'roslend2', 'mahsab.alrahman009', 'yuchang3', 'ryanlim2', 'efalse2', 'nwa2', 'mderka3', 'azatar3', 'jheaton3', 'jrange23', 'jamesshannon', 'noahrh3', 'mjwilkin', 'joelmieres', 'eoh23', 'samuelf4', 'jpyeon', 'msolis27', 'jcaulkin', 'vvs3', 'malonzo2', 'fulcrum', 'bmglaser', 'vanshg2', 'rlee130', 'konicek3', 'lauraksluk', 'ymyu2', 'jsterank', 'loutris2', 'weihangx', 'meeraj2', 'juliawp2', 'iajifo2', 'msiddi60', 'bremig2', 'alfadel2', 'aleahht2', 'mokamura98', 'rohanv2', 'karthi.madhubalan', 'wrishk2', 'jacobt6', 'pmcnutt2', 'jll4', 'mpgrant001', 'micahpr2', 'hanlinw3', 'kirajm2', 'hmpatel4', 'bshiang2', 'ziruiw2', 'mint', 'xd8', 'hanankhan93', 'alekhb2', 'arashakhavi', 'agdash', 'xinzhih2', 'yoonjae3', 'zeruizhc', 'coleck2', 'zvarley2', 'akshays6', 'agrind2']"
9,22,86,16,13,"['hmpatel4', 'vvs3', 'jordanm7', 'ziruiw2', 'jiapeiy2', 'alexmf2', 'allibur', 'jornia2', 'jll4', 'aswett2', 'micahpr2', 'dl20', 'noahrh3']",73,"['aprudnik', 'jiaruil4', 'zyang2', 'michal3', 'schumer2', 'ncgalardi', 'sskala2', 'jtarnsan', 'drli', 'jlakomy2', 'jaeyong2', 'trishag3', 'mochsend', 'magnaye2', 'txyang2', 'runzezhang', 'said.maabed', 'tsibley', 'yilunwu', 'luketk2', 'jiming2', 'huizhit2', 'matteo1717', 'bsutton3', 'kacperr2', 'teb4', 'megangb2', 'bjchung', 'ziweny', 'zg10', 'xc29', 'chguo2', 'roslend2', 'mahsab.alrahman009', 'mderka3', 'azatar3', 'jamesshannon', 'mjwilkin', 'joelmieres', 'samuelf4', 'jpyeon', 'jcaulkin', 'bmglaser', 'vanshg2', 'rlee130', 'konicek3', 'lauraksluk', 'ymyu2', 'jsterank', 'loutris2', 'weihangx', 'meeraj2', 'juliawp2', 'bremig2', 'alfadel2', 'mokamura98', 'rohanv2', 'karthi.madhubalan', 'pmcnutt2', 'mpgrant001', 'bshiang2', 'mint', 'xd8', 'hanankhan93', 'alekhb2', 'arashakhavi', 'agdash', 'yoonjae3', 'zeruizhc', 'coleck2', 'zvarley2', 'akshays6', 'agrind2']",3,"['pw8', 'aldolp2', 'jkelle30']",89,"['aprudnik', 'jiaruil4', 'zyang2', 'michal3', 'schumer2', 'ncgalardi', 'aldolp2', 'jornia2', 'sskala2', 'jtarnsan', 'drli', 'jordanm7', 'jlakomy2', 'jaeyong2', 'trishag3', 'mochsend', 'magnaye2', 'txyang2', 'runzezhang', 'said.maabed', 'jkelle30', 'jiapeiy2', 'tsibley', 'yilunwu', 'luketk2', 'jiming2', 'aswett2', 'huizhit2', 'matteo1717', 'bsutton3', 'kacperr2', 'teb4', 'megangb2', 'bjchung', 'ziweny', 'alexmf2', 'allibur', 'zg10', 'xc29', 'chguo2', 'dl20', 'roslend2', 'mahsab.alrahman009', 'mderka3', 'azatar3', 'jamesshannon', 'noahrh3', 'mjwilkin', 'joelmieres', 'samuelf4', 'jpyeon', 'jcaulkin', 'vvs3', 'bmglaser', 'vanshg2', 'rlee130', 'konicek3', 'lauraksluk', 'ymyu2', 'jsterank', 'loutris2', 'weihangx', 'meeraj2', 'juliawp2', 'bremig2', 'alfadel2', 'pw8', 'mokamura98', 'rohanv2', 'karthi.madhubalan', 'pmcnutt2', 'jll4', 'mpgrant001', 'micahpr2', 'hmpatel4', 'bshiang2', 'ziruiw2', 'mint', 'xd8', 'hanankhan93', 'alekhb2', 'arashakhavi', 'agdash', 'yoonjae3', 'zeruizhc', 'coleck2', 'zvarley2', 'akshays6', 'agrind2']"
9,109,86,16,14,"['aprudnik', 'jcaulkin', 'zyang2', 'mokamura98', 'ziweny', 'bmglaser', 'bjchung', 'tsibley', 'mjwilkin', 'jsterank', 'lauraksluk', 'mochsend', 'zvarley2', 'jtarnsan']",72,"['jiaruil4', 'michal3', 'schumer2', 'ncgalardi', 'jornia2', 'sskala2', 'drli', 'jordanm7', 'jlakomy2', 'jaeyong2', 'trishag3', 'magnaye2', 'txyang2', 'runzezhang', 'said.maabed', 'jiapeiy2', 'yilunwu', 'luketk2', 'jiming2', 'aswett2', 'huizhit2', 'matteo1717', 'bsutton3', 'kacperr2', 'teb4', 'megangb2', 'alexmf2', 'allibur', 'zg10', 'xc29', 'chguo2', 'dl20', 'roslend2', 'mahsab.alrahman009', 'mderka3', 'azatar3', 'jamesshannon', 'noahrh3', 'joelmieres', 'samuelf4', 'jpyeon', 'vvs3', 'vanshg2', 'rlee130', 'konicek3', 'ymyu2', 'loutris2', 'weihangx', 'meeraj2', 'juliawp2', 'bremig2', 'alfadel2', 'rohanv2', 'karthi.madhubalan', 'pmcnutt2', 'jll4', 'mpgrant001', 'micahpr2', 'hmpatel4', 'bshiang2', 'ziruiw2', 'mint', 'xd8', 'hanankhan93', 'alekhb2', 'arashakhavi', 'agdash', 'yoonjae3', 'zeruizhc', 'coleck2', 'akshays6', 'agrind2']",2,"['anqiq66', 'eaholm']",88,"['aprudnik', 'jiaruil4', 'zyang2', 'michal3', 'schumer2', 'ncgalardi', 'jornia2', 'sskala2', 'jtarnsan', 'drli', 'jordanm7', 'jlakomy2', 'jaeyong2', 'trishag3', 'mochsend', 'magnaye2', 'txyang2', 'runzezhang', 'said.maabed', 'jiapeiy2', 'tsibley', 'yilunwu', 'luketk2', 'jiming2', 'aswett2', 'huizhit2', 'matteo1717', 'bsutton3', 'kacperr2', 'teb4', 'megangb2', 'bjchung', 'ziweny', 'alexmf2', 'allibur', 'zg10', 'xc29', 'chguo2', 'dl20', 'roslend2', 'mahsab.alrahman009', 'mderka3', 'azatar3', 'jamesshannon', 'noahrh3', 'mjwilkin', 'joelmieres', 'samuelf4', 'jpyeon', 'anqiq66', 'jcaulkin', 'vvs3', 'bmglaser', 'eaholm', 'vanshg2', 'rlee130', 'konicek3', 'lauraksluk', 'ymyu2', 'jsterank', 'loutris2', 'weihangx', 'meeraj2', 'juliawp2', 'bremig2', 'alfadel2', 'mokamura98', 'rohanv2', 'karthi.madhubalan', 'pmcnutt2', 'jll4', 'mpgrant001', 'micahpr2', 'hmpatel4', 'bshiang2', 'ziruiw2', 'mint', 'xd8', 'hanankhan93', 'alekhb2', 'arashakhavi', 'agdash', 'yoonjae3', 'zeruizhc', 'coleck2', 'zvarley2', 'akshays6', 'agrind2']"
9,110,86,12,5,"['arashakhavi', 'ncgalardi', 'mpgrant001', 'matteo1717', 'jamesshannon']",81,"['aprudnik', 'jiaruil4', 'zyang2', 'michal3', 'schumer2', 'jornia2', 'sskala2', 'jtarnsan', 'drli', 'jordanm7', 'jlakomy2', 'jaeyong2', 'trishag3', 'mochsend', 'magnaye2', 'txyang2', 'runzezhang', 'said.maabed', 'jiapeiy2', 'tsibley', 'yilunwu', 'luketk2', 'jiming2', 'aswett2', 'huizhit2', 'bsutton3', 'kacperr2', 'teb4', 'megangb2', 'bjchung', 'ziweny', 'alexmf2', 'allibur', 'zg10', 'xc29', 'chguo2', 'dl20', 'roslend2', 'mahsab.alrahman009', 'mderka3', 'azatar3', 'noahrh3', 'mjwilkin', 'joelmieres', 'samuelf4', 'jpyeon', 'jcaulkin', 'vvs3', 'bmglaser', 'vanshg2', 'rlee130', 'konicek3', 'lauraksluk', 'ymyu2', 'jsterank', 'loutris2', 'weihangx', 'meeraj2', 'juliawp2', 'bremig2', 'alfadel2', 'mokamura98', 'rohanv2', 'karthi.madhubalan', 'pmcnutt2', 'jll4', 'micahpr2', 'hmpatel4', 'bshiang2', 'ziruiw2', 'mint', 'xd8', 'hanankhan93', 'alekhb2', 'agdash', 'yoonjae3', 'zeruizhc', 'coleck2', 'zvarley2', 'akshays6', 'agrind2']",7,"['kmlochun', 'mbkivy', 'abirken', 'emiliochausse', 'dreihaneh', 'ajleida', 'madiglozer']",93,"['aprudnik', 'jiaruil4', 'abirken', 'zyang2', 'michal3', 'schumer2', 'ncgalardi', 'jornia2', 'sskala2', 'madiglozer', 'jtarnsan', 'drli', 'mbkivy', 'jordanm7', 'jlakomy2', 'jaeyong2', 'trishag3', 'mochsend', 'magnaye2', 'txyang2', 'runzezhang', 'said.maabed', 'jiapeiy2', 'tsibley', 'yilunwu', 'luketk2', 'jiming2', 'aswett2', 'dreihaneh', 'huizhit2', 'matteo1717', 'bsutton3', 'kacperr2', 'teb4', 'megangb2', 'bjchung', 'ziweny', 'alexmf2', 'allibur', 'zg10', 'xc29', 'chguo2', 'emiliochausse', 'dl20', 'roslend2', 'mahsab.alrahman009', 'mderka3', 'azatar3', 'ajleida', 'jamesshannon', 'noahrh3', 'mjwilkin', 'joelmieres', 'samuelf4', 'jpyeon', 'jcaulkin', 'vvs3', 'kmlochun', 'bmglaser', 'vanshg2', 'rlee130', 'konicek3', 'lauraksluk', 'ymyu2', 'jsterank', 'loutris2', 'weihangx', 'meeraj2', 'juliawp2', 'bremig2', 'alfadel2', 'mokamura98', 'rohanv2', 'karthi.madhubalan', 'pmcnutt2', 'jll4', 'mpgrant001', 'micahpr2', 'hmpatel4', 'bshiang2', 'ziruiw2', 'mint', 'xd8', 'hanankhan93', 'alekhb2', 'arashakhavi', 'agdash', 'yoonjae3', 'zeruizhc', 'coleck2', 'zvarley2', 'akshays6', 'agrind2']"
9,23,86,6,4,"['loutris2', 'bremig2', 'kacperr2', 'luketk2']",82,"['aprudnik', 'jiaruil4', 'zyang2', 'michal3', 'schumer2', 'ncgalardi', 'jornia2', 'sskala2', 'jtarnsan', 'drli', 'jordanm7', 'jlakomy2', 'jaeyong2', 'trishag3', 'mochsend', 'magnaye2', 'txyang2', 'runzezhang', 'said.maabed', 'jiapeiy2', 'tsibley', 'yilunwu', 'jiming2', 'aswett2', 'huizhit2', 'matteo1717', 'bsutton3', 'teb4', 'megangb2', 'bjchung', 'ziweny', 'alexmf2', 'allibur', 'zg10', 'xc29', 'chguo2', 'dl20', 'roslend2', 'mahsab.alrahman009', 'mderka3', 'azatar3', 'jamesshannon', 'noahrh3', 'mjwilkin', 'joelmieres', 'samuelf4', 'jpyeon', 'jcaulkin', 'vvs3', 'bmglaser', 'vanshg2', 'rlee130', 'konicek3', 'lauraksluk', 'ymyu2', 'jsterank', 'weihangx', 'meeraj2', 'juliawp2', 'alfadel2', 'mokamura98', 'rohanv2', 'karthi.madhubalan', 'pmcnutt2', 'jll4', 'mpgrant001', 'micahpr2', 'hmpatel4', 'bshiang2', 'ziruiw2', 'mint', 'xd8', 'hanankhan93', 'alekhb2', 'arashakhavi', 'agdash', 'yoonjae3', 'zeruizhc', 'coleck2', 'zvarley2', 'akshays6', 'agrind2']",2,"['pgardo2', 'asyang3']",88,"['aprudnik', 'jiaruil4', 'zyang2', 'michal3', 'pgardo2', 'schumer2', 'ncgalardi', 'jornia2', 'sskala2', 'jtarnsan', 'drli', 'jordanm7', 'jlakomy2', 'jaeyong2', 'trishag3', 'mochsend', 'magnaye2', 'txyang2', 'runzezhang', 'said.maabed', 'jiapeiy2', 'tsibley', 'yilunwu', 'luketk2', 'jiming2', 'aswett2', 'huizhit2', 'matteo1717', 'bsutton3', 'kacperr2', 'teb4', 'megangb2', 'bjchung', 'ziweny', 'alexmf2', 'allibur', 'zg10', 'xc29', 'chguo2', 'dl20', 'roslend2', 'mahsab.alrahman009', 'mderka3', 'azatar3', 'jamesshannon', 'noahrh3', 'mjwilkin', 'joelmieres', 'samuelf4', 'jpyeon', 'jcaulkin', 'vvs3', 'bmglaser', 'vanshg2', 'rlee130', 'konicek3', 'lauraksluk', 'ymyu2', 'jsterank', 'loutris2', 'weihangx', 'meeraj2', 'juliawp2', 'asyang3', 'bremig2', 'alfadel2', 'mokamura98', 'rohanv2', 'karthi.madhubalan', 'pmcnutt2', 'jll4', 'mpgrant001', 'micahpr2', 'hmpatel4', 'bshiang2', 'ziruiw2', 'mint', 'xd8', 'hanankhan93', 'alekhb2', 'arashakhavi', 'agdash', 'yoonjae3', 'zeruizhc', 'coleck2', 'zvarley2', 'akshays6', 'agrind2']"
9,230,86,6,2,"['pmcnutt2', 'aswett2']",84,"['aprudnik', 'jiaruil4', 'zyang2', 'michal3', 'schumer2', 'ncgalardi', 'jornia2', 'sskala2', 'jtarnsan', 'drli', 'jordanm7', 'jlakomy2', 'jaeyong2', 'trishag3', 'mochsend', 'magnaye2', 'txyang2', 'runzezhang', 'said.maabed', 'jiapeiy2', 'tsibley', 'yilunwu', 'luketk2', 'jiming2', 'huizhit2', 'matteo1717', 'bsutton3', 'kacperr2', 'teb4', 'megangb2', 'bjchung', 'ziweny', 'alexmf2', 'allibur', 'zg10', 'xc29', 'chguo2', 'dl20', 'roslend2', 'mahsab.alrahman009', 'mderka3', 'azatar3', 'jamesshannon', 'noahrh3', 'mjwilkin', 'joelmieres', 'samuelf4', 'jpyeon', 'jcaulkin', 'vvs3', 'bmglaser', 'vanshg2', 'rlee130', 'konicek3', 'lauraksluk', 'ymyu2', 'jsterank', 'loutris2', 'weihangx', 'meeraj2', 'juliawp2', 'bremig2', 'alfadel2', 'mokamura98', 'rohanv2', 'karthi.madhubalan', 'jll4', 'mpgrant001', 'micahpr2', 'hmpatel4', 'bshiang2', 'ziruiw2', 'mint', 'xd8', 'hanankhan93', 'alekhb2', 'arashakhavi', 'agdash', 'yoonjae3', 'zeruizhc', 'coleck2', 'zvarley2', 'akshays6', 'agrind2']",4,"['pw8', 'susannareggiani', 'jkelle30', 'spazos7']",90,"['aprudnik', 'jiaruil4', 'zyang2', 'michal3', 'schumer2', 'ncgalardi', 'jornia2', 'sskala2', 'jtarnsan', 'drli', 'jordanm7', 'jlakomy2', 'jaeyong2', 'trishag3', 'mochsend', 'magnaye2', 'txyang2', 'runzezhang', 'said.maabed', 'jkelle30', 'jiapeiy2', 'tsibley', 'yilunwu', 'luketk2', 'jiming2', 'aswett2', 'huizhit2', 'matteo1717', 'bsutton3', 'kacperr2', 'teb4', 'megangb2', 'bjchung', 'ziweny', 'alexmf2', 'allibur', 'zg10', 'xc29', 'chguo2', 'dl20', 'roslend2', 'mahsab.alrahman009', 'susannareggiani', 'mderka3', 'azatar3', 'jamesshannon', 'noahrh3', 'mjwilkin', 'joelmieres', 'samuelf4', 'jpyeon', 'jcaulkin', 'vvs3', 'bmglaser', 'vanshg2', 'rlee130', 'konicek3', 'lauraksluk', 'ymyu2', 'jsterank', 'loutris2', 'weihangx', 'meeraj2', 'juliawp2', 'bremig2', 'alfadel2', 'pw8', 'mokamura98', 'rohanv2', 'karthi.madhubalan', 'pmcnutt2', 'jll4', 'mpgrant001', 'micahpr2', 'hmpatel4', 'bshiang2', 'ziruiw2', 'mint', 'xd8', 'hanankhan93', 'alekhb2', 'arashakhavi', 'agdash', 'yoonjae3', 'spazos7', 'zeruizhc', 'coleck2', 'zvarley2', 'akshays6', 'agrind2']"
10,47,84,30,1,['shungshung1219'],83,"['haseebahmed9890', 'valerii', 'imanchow2', 'adibmddan21', 'leva.mfkmn2000', 'prashanthpoobalan', 'tanzhiwei94', 'sadiaafrin1704', 'chokyongsheng', 'alaakadhim', 'taha_mosfet', 'pavelspaliv', 'chnglyn', 'siudin1', 'tinggf', 'sachindesilva914', 'zafriazman', 's3697879', 's3716309', 'ghazwanabd552', 'zcan11', 'weiqilee02', 'selcukozcan26', 'puiyumlum', 'bpng', 's3678505', 'leeshuang', 'koayhong', 'zhengyu951108', 'sachin_wicks', 'anwar.aj', 'daveclifford95', 'yapyoonheng', 'syazwanazulkhairi', 's3743258', 'yuhchyn95', 'mazohaka', 'zhejie95', 'clphuah', 'alkufeemaher', 'teohting', 's3754338', 'lausheng', 'syasyafarina17', 'jimyu', 'vadim_mankov', 'munirahshamlan', 'edwardlollyphone', 'dmitrii', 's3759671', 'alankhng', 'shunxiong58', 'atomfti', 'eng.anwar.aj', 'joupei', 'saumith', 'nurulsabrina1910', 'carrillo.omar30', 'hkdewa_01', 'mtisohan', 'othmanhanafi', 'lamle', 'sekur11', 'cheyang', 'frosjie', 'ilyabelor88', 'tzekianooi', 's3746851', 'nxddymuslim', 'daisaifei', 'uyennp99', 's3653997', 'khooshengxuan', 'quyennguyen', 'muhammad.naziiruddin', 'pkjricky2', 's3695683', 'stanlox', 'najmuddin', 'vinh_le_quang_1999', 'gowthamipachila', 'alva150', 'soonchong2013']",29,"['weiwei30619', 'ytliaoncu', 'arno.yu610168', 'qixian8765', 'cmrr32171', 'weihong', 'jryang333', 'aa097879089719971231', 'hj65419811', 'peter341007', 'frankpeng12345', 'phhuang', 'alan69475a', 'unolily', 'edward.yen88', 'jack522577', 'chen861024', 'chiayen', 'osteven5706', 'a6634141009', 'ha654321ha654321', 'darkfalling931002', 'yzyx1998081052', 'kang1216', 'olipeoplee', 'kangyan884', 'jiff560', 'zong_po', 'vickyy50536']",113,"['haseebahmed9890', 'valerii', 'imanchow2', 's3754338', 'lausheng', 'syasyafarina17', 'jimyu', 'arno.yu610168', 'adibmddan21', 'leva.mfkmn2000', 'vadim_mankov', 'jryang333', 'qixian8765', 'cmrr32171', 'munirahshamlan', 'edwardlollyphone', 'shungshung1219', 'aa097879089719971231', 'dmitrii', 'hj65419811', 'prashanthpoobalan', 's3759671', 'tanzhiwei94', 'alankhng', 'sadiaafrin1704', 'peter341007', 'phhuang', 'alan69475a', 'chokyongsheng', 'alaakadhim', 'shunxiong58', 'atomfti', 'eng.anwar.aj', 'taha_mosfet', 'pavelspaliv', 'chnglyn', 'edward.yen88', 'ha654321ha654321', 'joupei', 'siudin1', 'tinggf', 'sachindesilva914', 'zafriazman', 'saumith', 's3697879', 's3716309', 'olipeoplee', 'ghazwanabd552', 'zcan11', 'kangyan884', 'nurulsabrina1910', 'jiff560', 'carrillo.omar30', 'zong_po', 'vickyy50536', 'weiqilee02', 'selcukozcan26', 'weiwei30619', 'hkdewa_01', 'mtisohan', 'othmanhanafi', 'ytliaoncu', 'puiyumlum', 'lamle', 'sekur11', 'bpng', 'cheyang', 'weihong', 'frosjie', 'ilyabelor88', 's3678505', 'tzekianooi', 's3746851', 'leeshuang', 'nxddymuslim', 'daisaifei', 'uyennp99', 's3653997', 'khooshengxuan', 'frankpeng12345', 'quyennguyen', 'koayhong', 'muhammad.naziiruddin', 'unolily', 'zhengyu951108', 'pkjricky2', 'sachin_wicks', 's3695683', 'jack522577', 'anwar.aj', 'daveclifford95', 'stanlox', 'chen861024', 'najmuddin', 'chiayen', 'osteven5706', 'a6634141009', 'yapyoonheng', 'syazwanazulkhairi', 's3743258', 'yuhchyn95', 'mazohaka', 'darkfalling931002', 'vinh_le_quang_1999', 'gowthamipachila', 'zhejie95', 'alva150', 'yzyx1998081052', 'clphuah', 'kang1216', 'alkufeemaher', 'soonchong2013', 'teohting']"
10,160,84,26,25,"['syasyafarina17', 'jimyu', 'adibmddan21', 'bpng', 'munirahshamlan', 'tzekianooi', 'leeshuang', 'nxddymuslim', 'khooshengxuan', 'alankhng', 'prashanthpoobalan', 'tanzhiwei94', 'chokyongsheng', 'shunxiong58', 'zhengyu951108', 'daveclifford95', 'najmuddin', 'yapyoonheng', 'syazwanazulkhairi', 'yuhchyn95', 'zhejie95', 'clphuah', 'soonchong2013', 'teohting', 'weiqilee02']",59,"['haseebahmed9890', 'selcukozcan26', 'hkdewa_01', 'valerii', 'mtisohan', 'imanchow2', 's3754338', 'lausheng', 'othmanhanafi', 'puiyumlum', 'leva.mfkmn2000', 'vadim_mankov', 'lamle', 'sekur11', 'cheyang', 'frosjie', 'ilyabelor88', 's3678505', 'shungshung1219', 'edwardlollyphone', 's3746851', 'daisaifei', 'dmitrii', 'uyennp99', 's3653997', 's3759671', 'quyennguyen', 'sadiaafrin1704', 'koayhong', 'muhammad.naziiruddin', 'alaakadhim', 'atomfti', 'eng.anwar.aj', 'taha_mosfet', 'pavelspaliv', 'chnglyn', 'pkjricky2', 'sachin_wicks', 's3695683', 'anwar.aj', 'stanlox', 's3743258', 'joupei', 'mazohaka', 'vinh_le_quang_1999', 'siudin1', 'gowthamipachila', 'alva150', 'tinggf', 'sachindesilva914', 'zafriazman', 'saumith', 'alkufeemaher', 's3697879', 's3716309', 'ghazwanabd552', 'zcan11', 'nurulsabrina1910', 'carrillo.omar30']",1,['nasyikinr94'],85,"['haseebahmed9890', 'valerii', 'imanchow2', 's3754338', 'lausheng', 'syasyafarina17', 'jimyu', 'adibmddan21', 'leva.mfkmn2000', 'vadim_mankov', 'munirahshamlan', 'edwardlollyphone', 'shungshung1219', 'dmitrii', 'prashanthpoobalan', 's3759671', 'tanzhiwei94', 'alankhng', 'sadiaafrin1704', 'chokyongsheng', 'alaakadhim', 'shunxiong58', 'atomfti', 'eng.anwar.aj', 'taha_mosfet', 'pavelspaliv', 'chnglyn', 'nasyikinr94', 'joupei', 'siudin1', 'tinggf', 'sachindesilva914', 'zafriazman', 'saumith', 's3697879', 's3716309', 'ghazwanabd552', 'zcan11', 'nurulsabrina1910', 'carrillo.omar30', 'weiqilee02', 'selcukozcan26', 'hkdewa_01', 'mtisohan', 'othmanhanafi', 'puiyumlum', 'lamle', 'sekur11', 'bpng', 'cheyang', 'frosjie', 'ilyabelor88', 's3678505', 'tzekianooi', 's3746851', 'leeshuang', 'nxddymuslim', 'daisaifei', 'uyennp99', 's3653997', 'khooshengxuan', 'quyennguyen', 'koayhong', 'muhammad.naziiruddin', 'zhengyu951108', 'pkjricky2', 'sachin_wicks', 's3695683', 'anwar.aj', 'daveclifford95', 'stanlox', 'najmuddin', 'yapyoonheng', 'syazwanazulkhairi', 's3743258', 'yuhchyn95', 'mazohaka', 'vinh_le_quang_1999', 'gowthamipachila', 'zhejie95', 'alva150', 'clphuah', 'alkufeemaher', 'soonchong2013', 'teohting']"
10,161,84,21,16,"['vinh_le_quang_1999', 's3746851', 'sachin_wicks', 'hkdewa_01', 's3695683', 'tinggf', 'saumith', 'uyennp99', 's3754338', 's3653997', 's3759671', 's3697879', 'lamle', 'quyennguyen', 's3716309', 's3743258']",68,"['haseebahmed9890', 'selcukozcan26', 'valerii', 'mtisohan', 'imanchow2', 'lausheng', 'othmanhanafi', 'syasyafarina17', 'jimyu', 'adibmddan21', 'leva.mfkmn2000', 'puiyumlum', 'vadim_mankov', 'sekur11', 'bpng', 'cheyang', 'munirahshamlan', 'frosjie', 'ilyabelor88', 's3678505', 'shungshung1219', 'edwardlollyphone', 'tzekianooi', 'leeshuang', 'nxddymuslim', 'nurulsabrina1910', 'daisaifei', 'dmitrii', 'khooshengxuan', 'prashanthpoobalan', 'alankhng', 'tanzhiwei94', 'sadiaafrin1704', 'koayhong', 'muhammad.naziiruddin', 'chokyongsheng', 'alaakadhim', 'shunxiong58', 'atomfti', 'zhengyu951108', 'eng.anwar.aj', 'taha_mosfet', 'pavelspaliv', 'chnglyn', 'pkjricky2', 'anwar.aj', 'daveclifford95', 'stanlox', 'najmuddin', 'yapyoonheng', 'syazwanazulkhairi', 'yuhchyn95', 'joupei', 'mazohaka', 'siudin1', 'gowthamipachila', 'zhejie95', 'alva150', 'sachindesilva914', 'clphuah', 'zafriazman', 'alkufeemaher', 'soonchong2013', 'ghazwanabd552', 'zcan11', 'teohting', 'carrillo.omar30', 'weiqilee02']",5,"['thien', 's3821185', 'dvtruongson', 's3678595', 's3695275']",89,"['haseebahmed9890', 'valerii', 'imanchow2', 's3754338', 'lausheng', 'syasyafarina17', 'jimyu', 's3821185', 'adibmddan21', 'leva.mfkmn2000', 'vadim_mankov', 'dvtruongson', 'munirahshamlan', 'edwardlollyphone', 'shungshung1219', 'dmitrii', 'prashanthpoobalan', 's3759671', 'tanzhiwei94', 'alankhng', 'sadiaafrin1704', 'chokyongsheng', 'alaakadhim', 'shunxiong58', 'atomfti', 'eng.anwar.aj', 'taha_mosfet', 'pavelspaliv', 'chnglyn', 's3695275', 'joupei', 'siudin1', 'tinggf', 'sachindesilva914', 'zafriazman', 'saumith', 's3697879', 's3716309', 'ghazwanabd552', 'zcan11', 'nurulsabrina1910', 'carrillo.omar30', 'weiqilee02', 'selcukozcan26', 'hkdewa_01', 'mtisohan', 'othmanhanafi', 'puiyumlum', 'lamle', 'sekur11', 'bpng', 'cheyang', 'frosjie', 'ilyabelor88', 's3678505', 'thien', 'tzekianooi', 's3746851', 'leeshuang', 'nxddymuslim', 'daisaifei', 'uyennp99', 's3653997', 'khooshengxuan', 'quyennguyen', 'koayhong', 'muhammad.naziiruddin', 'zhengyu951108', 'pkjricky2', 'sachin_wicks', 's3695683', 'anwar.aj', 'daveclifford95', 'stanlox', 'najmuddin', 's3678595', 'yapyoonheng', 'syazwanazulkhairi', 's3743258', 'yuhchyn95', 'mazohaka', 'vinh_le_quang_1999', 'gowthamipachila', 'zhejie95', 'alva150', 'clphuah', 'alkufeemaher', 'soonchong2013', 'teohting']"
10,157,84,12,10,"['pavelspaliv', 'alva150', 'valerii', 'dmitrii', 'stanlox', 'vadim_mankov', 'sekur11', 'mazohaka', 'atomfti', 'ilyabelor88']",74,"['haseebahmed9890', 'imanchow2', 's3754338', 'lausheng', 'syasyafarina17', 'jimyu', 'adibmddan21', 'leva.mfkmn2000', 'munirahshamlan', 'edwardlollyphone', 'shungshung1219', 'prashanthpoobalan', 's3759671', 'tanzhiwei94', 'alankhng', 'sadiaafrin1704', 'chokyongsheng', 'alaakadhim', 'shunxiong58', 'eng.anwar.aj', 'taha_mosfet', 'chnglyn', 'joupei', 'siudin1', 'tinggf', 'sachindesilva914', 'zafriazman', 'saumith', 's3697879', 's3716309', 'ghazwanabd552', 'zcan11', 'nurulsabrina1910', 'carrillo.omar30', 'weiqilee02', 'selcukozcan26', 'hkdewa_01', 'mtisohan', 'othmanhanafi', 'puiyumlum', 'lamle', 'bpng', 'cheyang', 'frosjie', 's3678505', 'tzekianooi', 's3746851', 'leeshuang', 'nxddymuslim', 'daisaifei', 'uyennp99', 's3653997', 'khooshengxuan', 'quyennguyen', 'koayhong', 'muhammad.naziiruddin', 'zhengyu951108', 'pkjricky2', 'sachin_wicks', 's3695683', 'anwar.aj', 'daveclifford95', 'najmuddin', 'yapyoonheng', 'syazwanazulkhairi', 's3743258', 'yuhchyn95', 'vinh_le_quang_1999', 'gowthamipachila', 'zhejie95', 'clphuah', 'alkufeemaher', 'soonchong2013', 'teohting']",2,"['romashudow', 'fmpk_john']",86,"['haseebahmed9890', 'valerii', 'imanchow2', 's3754338', 'lausheng', 'syasyafarina17', 'jimyu', 'adibmddan21', 'leva.mfkmn2000', 'vadim_mankov', 'munirahshamlan', 'edwardlollyphone', 'shungshung1219', 'dmitrii', 'prashanthpoobalan', 's3759671', 'tanzhiwei94', 'alankhng', 'sadiaafrin1704', 'chokyongsheng', 'alaakadhim', 'shunxiong58', 'atomfti', 'eng.anwar.aj', 'taha_mosfet', 'pavelspaliv', 'chnglyn', 'joupei', 'siudin1', 'tinggf', 'sachindesilva914', 'zafriazman', 'saumith', 's3697879', 's3716309', 'ghazwanabd552', 'zcan11', 'nurulsabrina1910', 'carrillo.omar30', 'weiqilee02', 'selcukozcan26', 'hkdewa_01', 'mtisohan', 'othmanhanafi', 'puiyumlum', 'lamle', 'sekur11', 'bpng', 'cheyang', 'frosjie', 'ilyabelor88', 's3678505', 'romashudow', 'tzekianooi', 's3746851', 'leeshuang', 'nxddymuslim', 'daisaifei', 'uyennp99', 's3653997', 'khooshengxuan', 'quyennguyen', 'koayhong', 'muhammad.naziiruddin', 'zhengyu951108', 'pkjricky2', 'sachin_wicks', 's3695683', 'fmpk_john', 'anwar.aj', 'daveclifford95', 'stanlox', 'najmuddin', 'yapyoonheng', 'syazwanazulkhairi', 's3743258', 'yuhchyn95', 'mazohaka', 'vinh_le_quang_1999', 'gowthamipachila', 'zhejie95', 'alva150', 'clphuah', 'alkufeemaher', 'soonchong2013', 'teohting']"
10,82,84,7,1,['lamle'],83,"['haseebahmed9890', 'valerii', 'imanchow2', 's3754338', 'lausheng', 'syasyafarina17', 'jimyu', 'adibmddan21', 'leva.mfkmn2000', 'vadim_mankov', 'munirahshamlan', 'edwardlollyphone', 'shungshung1219', 'dmitrii', 'prashanthpoobalan', 's3759671', 'tanzhiwei94', 'alankhng', 'sadiaafrin1704', 'chokyongsheng', 'alaakadhim', 'shunxiong58', 'atomfti', 'eng.anwar.aj', 'taha_mosfet', 'pavelspaliv', 'chnglyn', 'joupei', 'siudin1', 'tinggf', 'sachindesilva914', 'zafriazman', 'saumith', 's3697879', 's3716309', 'ghazwanabd552', 'zcan11', 'nurulsabrina1910', 'carrillo.omar30', 'weiqilee02', 'selcukozcan26', 'hkdewa_01', 'mtisohan', 'othmanhanafi', 'puiyumlum', 'sekur11', 'bpng', 'cheyang', 'frosjie', 'ilyabelor88', 's3678505', 'tzekianooi', 's3746851', 'leeshuang', 'nxddymuslim', 'daisaifei', 'uyennp99', 's3653997', 'khooshengxuan', 'quyennguyen', 'koayhong', 'muhammad.naziiruddin', 'zhengyu951108', 'pkjricky2', 'sachin_wicks', 's3695683', 'anwar.aj', 'daveclifford95', 'stanlox', 'najmuddin', 'yapyoonheng', 'syazwanazulkhairi', 's3743258', 'yuhchyn95', 'mazohaka', 'vinh_le_quang_1999', 'gowthamipachila', 'zhejie95', 'alva150', 'clphuah', 'alkufeemaher', 'soonchong2013', 'teohting']",6,"['s3697331', 's3821185', 'dvtruongson', 's3678595', 's3695275', 's3623343']",90,"['haseebahmed9890', 's3697331', 'valerii', 'imanchow2', 's3754338', 'lausheng', 'syasyafarina17', 'jimyu', 's3821185', 'adibmddan21', 'leva.mfkmn2000', 'vadim_mankov', 'dvtruongson', 'munirahshamlan', 's3623343', 'edwardlollyphone', 'shungshung1219', 'dmitrii', 'prashanthpoobalan', 's3759671', 'tanzhiwei94', 'alankhng', 'sadiaafrin1704', 'chokyongsheng', 'alaakadhim', 'shunxiong58', 'atomfti', 'eng.anwar.aj', 'taha_mosfet', 'pavelspaliv', 'chnglyn', 's3695275', 'joupei', 'siudin1', 'tinggf', 'sachindesilva914', 'zafriazman', 'saumith', 's3697879', 's3716309', 'ghazwanabd552', 'zcan11', 'nurulsabrina1910', 'carrillo.omar30', 'weiqilee02', 'selcukozcan26', 'hkdewa_01', 'mtisohan', 'othmanhanafi', 'puiyumlum', 'lamle', 'sekur11', 'bpng', 'cheyang', 'frosjie', 'ilyabelor88', 's3678505', 'tzekianooi', 's3746851', 'leeshuang', 'nxddymuslim', 'daisaifei', 'uyennp99', 's3653997', 'khooshengxuan', 'quyennguyen', 'koayhong', 'muhammad.naziiruddin', 'zhengyu951108', 'pkjricky2', 'sachin_wicks', 's3695683', 'anwar.aj', 'daveclifford95', 'stanlox', 'najmuddin', 's3678595', 'yapyoonheng', 'syazwanazulkhairi', 's3743258', 'yuhchyn95', 'mazohaka', 'vinh_le_quang_1999', 'gowthamipachila', 'zhejie95', 'alva150', 'clphuah', 'alkufeemaher', 'soonchong2013', 'teohting']"
10,159,84,6,6,"['eng.anwar.aj', 'zafriazman', 'othmanhanafi', 'imanchow2', 'nurulsabrina1910', 'weiqilee02']",78,"['haseebahmed9890', 'valerii', 's3754338', 'lausheng', 'syasyafarina17', 'jimyu', 'adibmddan21', 'leva.mfkmn2000', 'vadim_mankov', 'munirahshamlan', 'edwardlollyphone', 'shungshung1219', 'dmitrii', 'prashanthpoobalan', 's3759671', 'tanzhiwei94', 'alankhng', 'sadiaafrin1704', 'chokyongsheng', 'alaakadhim', 'shunxiong58', 'atomfti', 'taha_mosfet', 'pavelspaliv', 'chnglyn', 'joupei', 'siudin1', 'tinggf', 'sachindesilva914', 'saumith', 's3697879', 's3716309', 'ghazwanabd552', 'zcan11', 'carrillo.omar30', 'selcukozcan26', 'hkdewa_01', 'mtisohan', 'puiyumlum', 'lamle', 'sekur11', 'bpng', 'cheyang', 'frosjie', 'ilyabelor88', 's3678505', 'tzekianooi', 's3746851', 'leeshuang', 'nxddymuslim', 'daisaifei', 'uyennp99', 's3653997', 'khooshengxuan', 'quyennguyen', 'koayhong', 'muhammad.naziiruddin', 'zhengyu951108', 'pkjricky2', 'sachin_wicks', 's3695683', 'anwar.aj', 'daveclifford95', 'stanlox', 'najmuddin', 'yapyoonheng', 'syazwanazulkhairi', 's3743258', 'yuhchyn95', 'mazohaka', 'vinh_le_quang_1999', 'gowthamipachila', 'zhejie95', 'alva150', 'clphuah', 'alkufeemaher', 'soonchong2013', 'teohting']",0,[],84,"['haseebahmed9890', 'valerii', 'imanchow2', 's3754338', 'lausheng', 'syasyafarina17', 'jimyu', 'adibmddan21', 'leva.mfkmn2000', 'vadim_mankov', 'munirahshamlan', 'edwardlollyphone', 'shungshung1219', 'dmitrii', 'prashanthpoobalan', 's3759671', 'tanzhiwei94', 'alankhng', 'sadiaafrin1704', 'chokyongsheng', 'alaakadhim', 'shunxiong58', 'atomfti', 'eng.anwar.aj', 'taha_mosfet', 'pavelspaliv', 'chnglyn', 'joupei', 'siudin1', 'tinggf', 'sachindesilva914', 'zafriazman', 'saumith', 's3697879', 's3716309', 'ghazwanabd552', 'zcan11', 'nurulsabrina1910', 'carrillo.omar30', 'weiqilee02', 'selcukozcan26', 'hkdewa_01', 'mtisohan', 'othmanhanafi', 'puiyumlum', 'lamle', 'sekur11', 'bpng', 'cheyang', 'frosjie', 'ilyabelor88', 's3678505', 'tzekianooi', 's3746851', 'leeshuang', 'nxddymuslim', 'daisaifei', 'uyennp99', 's3653997', 'khooshengxuan', 'quyennguyen', 'koayhong', 'muhammad.naziiruddin', 'zhengyu951108', 'pkjricky2', 'sachin_wicks', 's3695683', 'anwar.aj', 'daveclifford95', 'stanlox', 'najmuddin', 'yapyoonheng', 'syazwanazulkhairi', 's3743258', 'yuhchyn95', 'mazohaka', 'vinh_le_quang_1999', 'gowthamipachila', 'zhejie95', 'alva150', 'clphuah', 'alkufeemaher', 'soonchong2013', 'teohting']"
11,7,74,21,11,"['akim58', 'miguetorre', 'albertwangchuilee', 'sidsoma', 'alvinyding', 'kmv0216', 'dsrinivas11', 'adrianacosta1', 'taylorgsmith', 'salina408', 'cperry27']",63,"['arfarehman', 'ayub4009080', 'zia4000462', 'decent.hasan18', 'sharmahimani1017', 'rishabhmudgil.microuiet10', 'shah4003897', 'rizvi', 'collincurtis', 'meraj4000983', 'yunfeigao', 'nicolasfp', 'abdqureshi41', 'maisamahmed82', 'nisharma', 'wcmelton96', 'unaisshazan', 'asif4001007', 'mahmood4030218', 'taranveerkaurmicrouiet', 'pardeep.tur', 'raahimsalik', 'jackajarman', 'forman', 'edikoraymond', 'fiam23', 'sayeed4002099', 'jhorio1', 'ullah4005098', 'iqbal3902812', 'talha4004198', 'siddiquiayesha2000', 'shahmeen.ameer7', 'muntahashams288', 'qaseem21125', 'dshin25', 'irmahakim', 'siu856031918', '2tqjmv29', 'sarahmathisschool', 'ahuffma2', 'rkapoor41212', 'gtzintzarov', 'daskalakis54', 'iqbal4003357', 'drhodges', 'taheera.hasnain', 'kevinjiang65', 'salihyanikgonul', 'm.hassanbaig24', 'saqib4002599', 'wardaharshad44', 'rayyaan99', 'djeberguendouz', 'gponce5', 'areejasad16', 'toobamukhtar2011', 'sfazeel15', 'akram.moin3', 'faisal_01btech17', 'mrasadullah0', 'jarmatag', 'freeva']",10,"['joshuageronimo112398', 'gwrgzs1', 'kennethong', 'pvenkatesh22', 'bobo181999', 'weslyn', 'zxie425', 'sivan01', 'jhwang92', 'linfengli0512']",84,"['ayub4009080', 'kennethong', 'decent.hasan18', 'rizvi', 'sidsoma', 'collincurtis', 'maisamahmed82', 'abdqureshi41', 'nicolasfp', 'cperry27', 'wcmelton96', 'mahmood4030218', 'taranveerkaurmicrouiet', 'weslyn', 'edikoraymond', 'sayeed4002099', 'taylorgsmith', 'ullah4005098', 'linfengli0512', 'iqbal3902812', 'gwrgzs1', 'siddiquiayesha2000', 'shahmeen.ameer7', 'pvenkatesh22', 'muntahashams288', 'dsrinivas11', 'jhwang92', 'sarahmathisschool', 'joshuageronimo112398', 'albertwangchuilee', 'rkapoor41212', 'drhodges', 'taheera.hasnain', 'salihyanikgonul', 'gponce5', 'rayyaan99', 'djeberguendouz', 'sivan01', 'sfazeel15', 'salina408', 'faisal_01btech17', 'mrasadullah0', 'jarmatag', 'freeva', 'arfarehman', 'zia4000462', 'sharmahimani1017', 'rishabhmudgil.microuiet10', 'shah4003897', 'meraj4000983', 'yunfeigao', 'nisharma', 'unaisshazan', 'asif4001007', 'pardeep.tur', 'bobo181999', 'alvinyding', 'raahimsalik', 'jackajarman', 'forman', 'fiam23', 'adrianacosta1', 'jhorio1', 'talha4004198', 'miguetorre', 'qaseem21125', 'dshin25', 'irmahakim', 'siu856031918', '2tqjmv29', 'akim58', 'ahuffma2', 'gtzintzarov', 'daskalakis54', 'iqbal4003357', 'kevinjiang65', 'saqib4002599', 'kmv0216', 'm.hassanbaig24', 'wardaharshad44', 'areejasad16', 'zxie425', 'toobamukhtar2011', 'akram.moin3']"
11,220,74,15,1,['gponce5'],73,"['ayub4009080', 'decent.hasan18', 'rizvi', 'sidsoma', 'collincurtis', 'maisamahmed82', 'abdqureshi41', 'nicolasfp', 'cperry27', 'wcmelton96', 'mahmood4030218', 'taranveerkaurmicrouiet', 'edikoraymond', 'sayeed4002099', 'taylorgsmith', 'ullah4005098', 'iqbal3902812', 'siddiquiayesha2000', 'shahmeen.ameer7', 'muntahashams288', 'dsrinivas11', 'sarahmathisschool', 'albertwangchuilee', 'rkapoor41212', 'drhodges', 'taheera.hasnain', 'salihyanikgonul', 'rayyaan99', 'djeberguendouz', 'sfazeel15', 'salina408', 'faisal_01btech17', 'mrasadullah0', 'jarmatag', 'freeva', 'arfarehman', 'zia4000462', 'sharmahimani1017', 'rishabhmudgil.microuiet10', 'shah4003897', 'meraj4000983', 'yunfeigao', 'nisharma', 'unaisshazan', 'asif4001007', 'pardeep.tur', 'alvinyding', 'raahimsalik', 'jackajarman', 'forman', 'fiam23', 'adrianacosta1', 'jhorio1', 'talha4004198', 'miguetorre', 'qaseem21125', 'dshin25', 'irmahakim', 'siu856031918', '2tqjmv29', 'akim58', 'ahuffma2', 'gtzintzarov', 'daskalakis54', 'iqbal4003357', 'kevinjiang65', 'saqib4002599', 'kmv0216', 'm.hassanbaig24', 'wardaharshad44', 'areejasad16', 'toobamukhtar2011', 'akram.moin3']",14,"['lggalazcarr', 'mortega27', 'aarodriguez26', 'rflores46', 'crpantoja', 'cerva015', 'vhcastro', 'alvalles2', 'nruizlopez', 'sebarraza2', 'alethegoat', 'jecampos2', 'edrodriguez4', 'ncruz2']",88,"['ayub4009080', 'decent.hasan18', 'rizvi', 'sidsoma', 'collincurtis', 'maisamahmed82', 'abdqureshi41', 'nicolasfp', 'cperry27', 'wcmelton96', 'mahmood4030218', 'taranveerkaurmicrouiet', 'alethegoat', 'edikoraymond', 'sayeed4002099', 'taylorgsmith', 'ullah4005098', 'iqbal3902812', 'siddiquiayesha2000', 'shahmeen.ameer7', 'muntahashams288', 'dsrinivas11', 'sarahmathisschool', 'albertwangchuilee', 'rkapoor41212', 'drhodges', 'taheera.hasnain', 'salihyanikgonul', 'gponce5', 'rayyaan99', 'djeberguendouz', 'sfazeel15', 'salina408', 'edrodriguez4', 'faisal_01btech17', 'mrasadullah0', 'jarmatag', 'freeva', 'mortega27', 'arfarehman', 'zia4000462', 'sharmahimani1017', 'rishabhmudgil.microuiet10', 'shah4003897', 'vhcastro', 'meraj4000983', 'sebarraza2', 'yunfeigao', 'nisharma', 'ncruz2', 'unaisshazan', 'rflores46', 'asif4001007', 'cerva015', 'pardeep.tur', 'alvinyding', 'raahimsalik', 'jackajarman', 'nruizlopez', 'forman', 'fiam23', 'adrianacosta1', 'jhorio1', 'lggalazcarr', 'talha4004198', 'miguetorre', 'aarodriguez26', 'crpantoja', 'qaseem21125', 'dshin25', 'irmahakim', 'siu856031918', '2tqjmv29', 'akim58', 'ahuffma2', 'gtzintzarov', 'daskalakis54', 'iqbal4003357', 'kevinjiang65', 'saqib4002599', 'kmv0216', 'm.hassanbaig24', 'wardaharshad44', 'areejasad16', 'alvalles2', 'jecampos2', 'toobamukhtar2011', 'akram.moin3']"
11,218,74,12,6,"['wcmelton96', 'collincurtis', 'jackajarman', 'siu856031918', 'nicolasfp', 'jhorio1']",68,"['ayub4009080', 'decent.hasan18', 'rizvi', 'sidsoma', 'maisamahmed82', 'abdqureshi41', 'cperry27', 'mahmood4030218', 'taranveerkaurmicrouiet', 'edikoraymond', 'sayeed4002099', 'taylorgsmith', 'ullah4005098', 'iqbal3902812', 'siddiquiayesha2000', 'shahmeen.ameer7', 'muntahashams288', 'dsrinivas11', 'sarahmathisschool', 'albertwangchuilee', 'rkapoor41212', 'drhodges', 'taheera.hasnain', 'salihyanikgonul', 'gponce5', 'rayyaan99', 'djeberguendouz', 'sfazeel15', 'salina408', 'faisal_01btech17', 'mrasadullah0', 'jarmatag', 'freeva', 'arfarehman', 'zia4000462', 'sharmahimani1017', 'rishabhmudgil.microuiet10', 'shah4003897', 'meraj4000983', 'yunfeigao', 'nisharma', 'unaisshazan', 'asif4001007', 'pardeep.tur', 'alvinyding', 'raahimsalik', 'forman', 'fiam23', 'adrianacosta1', 'talha4004198', 'miguetorre', 'qaseem21125', 'dshin25', 'irmahakim', '2tqjmv29', 'akim58', 'ahuffma2', 'gtzintzarov', 'daskalakis54', 'iqbal4003357', 'kevinjiang65', 'saqib4002599', 'kmv0216', 'm.hassanbaig24', 'wardaharshad44', 'areejasad16', 'toobamukhtar2011', 'akram.moin3']",6,"['siu854104358', 'stephenberg', 'jsathanand', 'benelectronics', 'jackmings1', 'cspencer88']",80,"['ayub4009080', 'decent.hasan18', 'rizvi', 'sidsoma', 'collincurtis', 'maisamahmed82', 'abdqureshi41', 'nicolasfp', 'cperry27', 'wcmelton96', 'mahmood4030218', 'taranveerkaurmicrouiet', 'edikoraymond', 'sayeed4002099', 'taylorgsmith', 'ullah4005098', 'iqbal3902812', 'siddiquiayesha2000', 'shahmeen.ameer7', 'muntahashams288', 'dsrinivas11', 'sarahmathisschool', 'albertwangchuilee', 'rkapoor41212', 'stephenberg', 'drhodges', 'taheera.hasnain', 'salihyanikgonul', 'gponce5', 'benelectronics', 'rayyaan99', 'djeberguendouz', 'jackmings1', 'sfazeel15', 'salina408', 'faisal_01btech17', 'mrasadullah0', 'jarmatag', 'freeva', 'arfarehman', 'zia4000462', 'jsathanand', 'sharmahimani1017', 'rishabhmudgil.microuiet10', 'shah4003897', 'meraj4000983', 'yunfeigao', 'nisharma', 'cspencer88', 'unaisshazan', 'asif4001007', 'pardeep.tur', 'alvinyding', 'raahimsalik', 'jackajarman', 'forman', 'fiam23', 'adrianacosta1', 'jhorio1', 'talha4004198', 'miguetorre', 'qaseem21125', 'dshin25', 'irmahakim', 'siu856031918', '2tqjmv29', 'siu854104358', 'akim58', 'ahuffma2', 'gtzintzarov', 'daskalakis54', 'iqbal4003357', 'kevinjiang65', 'saqib4002599', 'kmv0216', 'm.hassanbaig24', 'wardaharshad44', 'areejasad16', 'toobamukhtar2011', 'akram.moin3']"
11,217,74,11,6,"['sarahmathisschool', 'ahuffma2', 'dshin25', 'forman', 'faisal_01btech17', 'jarmatag']",68,"['ayub4009080', 'decent.hasan18', 'rizvi', 'sidsoma', 'collincurtis', 'maisamahmed82', 'abdqureshi41', 'nicolasfp', 'cperry27', 'wcmelton96', 'mahmood4030218', 'taranveerkaurmicrouiet', 'edikoraymond', 'sayeed4002099', 'taylorgsmith', 'ullah4005098', 'iqbal3902812', 'siddiquiayesha2000', 'shahmeen.ameer7', 'muntahashams288', 'dsrinivas11', 'albertwangchuilee', 'rkapoor41212', 'drhodges', 'taheera.hasnain', 'salihyanikgonul', 'gponce5', 'rayyaan99', 'djeberguendouz', 'sfazeel15', 'salina408', 'mrasadullah0', 'freeva', 'arfarehman', 'zia4000462', 'sharmahimani1017', 'rishabhmudgil.microuiet10', 'shah4003897', 'meraj4000983', 'yunfeigao', 'nisharma', 'unaisshazan', 'asif4001007', 'pardeep.tur', 'alvinyding', 'raahimsalik', 'jackajarman', 'fiam23', 'adrianacosta1', 'jhorio1', 'talha4004198', 'miguetorre', 'qaseem21125', 'irmahakim', 'siu856031918', '2tqjmv29', 'akim58', 'gtzintzarov', 'daskalakis54', 'iqbal4003357', 'kevinjiang65', 'saqib4002599', 'kmv0216', 'm.hassanbaig24', 'wardaharshad44', 'areejasad16', 'toobamukhtar2011', 'akram.moin3']",5,"['ktuzinowski', 'thanhongphuc', 'bobo181999', 'jotaviosm', 'turban.']",79,"['ayub4009080', 'ktuzinowski', 'decent.hasan18', 'rizvi', 'sidsoma', 'collincurtis', 'maisamahmed82', 'abdqureshi41', 'nicolasfp', 'cperry27', 'wcmelton96', 'mahmood4030218', 'taranveerkaurmicrouiet', 'edikoraymond', 'sayeed4002099', 'taylorgsmith', 'ullah4005098', 'iqbal3902812', 'siddiquiayesha2000', 'shahmeen.ameer7', 'thanhongphuc', 'muntahashams288', 'dsrinivas11', 'sarahmathisschool', 'albertwangchuilee', 'rkapoor41212', 'drhodges', 'taheera.hasnain', 'salihyanikgonul', 'gponce5', 'rayyaan99', 'djeberguendouz', 'sfazeel15', 'salina408', 'faisal_01btech17', 'mrasadullah0', 'jarmatag', 'freeva', 'arfarehman', 'zia4000462', 'sharmahimani1017', 'rishabhmudgil.microuiet10', 'shah4003897', 'meraj4000983', 'yunfeigao', 'turban.', 'nisharma', 'unaisshazan', 'asif4001007', 'pardeep.tur', 'bobo181999', 'alvinyding', 'raahimsalik', 'jackajarman', 'jotaviosm', 'forman', 'fiam23', 'adrianacosta1', 'jhorio1', 'talha4004198', 'miguetorre', 'qaseem21125', 'dshin25', 'irmahakim', 'siu856031918', '2tqjmv29', 'akim58', 'ahuffma2', 'gtzintzarov', 'daskalakis54', 'iqbal4003357', 'kevinjiang65', 'saqib4002599', 'kmv0216', 'm.hassanbaig24', 'wardaharshad44', 'areejasad16', 'toobamukhtar2011', 'akram.moin3']"
11,216,74,10,1,['salihyanikgonul'],73,"['ayub4009080', 'decent.hasan18', 'rizvi', 'sidsoma', 'collincurtis', 'maisamahmed82', 'abdqureshi41', 'nicolasfp', 'cperry27', 'wcmelton96', 'mahmood4030218', 'taranveerkaurmicrouiet', 'edikoraymond', 'sayeed4002099', 'taylorgsmith', 'ullah4005098', 'iqbal3902812', 'siddiquiayesha2000', 'shahmeen.ameer7', 'muntahashams288', 'dsrinivas11', 'sarahmathisschool', 'albertwangchuilee', 'rkapoor41212', 'drhodges', 'taheera.hasnain', 'gponce5', 'rayyaan99', 'djeberguendouz', 'sfazeel15', 'salina408', 'faisal_01btech17', 'mrasadullah0', 'jarmatag', 'freeva', 'arfarehman', 'zia4000462', 'sharmahimani1017', 'rishabhmudgil.microuiet10', 'shah4003897', 'meraj4000983', 'yunfeigao', 'nisharma', 'unaisshazan', 'asif4001007', 'pardeep.tur', 'alvinyding', 'raahimsalik', 'jackajarman', 'forman', 'fiam23', 'adrianacosta1', 'jhorio1', 'talha4004198', 'miguetorre', 'qaseem21125', 'dshin25', 'irmahakim', 'siu856031918', '2tqjmv29', 'akim58', 'ahuffma2', 'gtzintzarov', 'daskalakis54', 'iqbal4003357', 'kevinjiang65', 'saqib4002599', 'kmv0216', 'm.hassanbaig24', 'wardaharshad44', 'areejasad16', 'toobamukhtar2011', 'akram.moin3']",9,"['jre31', 'dahaidar', 'naufal.nm', 'alanhk18', 'bobo181999', 'marcelpakpahan19', 'denphi_gmail', 'brysa2000', 'fallenmithos']",83,"['ayub4009080', 'decent.hasan18', 'rizvi', 'sidsoma', 'collincurtis', 'maisamahmed82', 'abdqureshi41', 'nicolasfp', 'cperry27', 'wcmelton96', 'mahmood4030218', 'taranveerkaurmicrouiet', 'edikoraymond', 'sayeed4002099', 'taylorgsmith', 'ullah4005098', 'iqbal3902812', 'siddiquiayesha2000', 'shahmeen.ameer7', 'muntahashams288', 'dsrinivas11', 'jre31', 'sarahmathisschool', 'albertwangchuilee', 'rkapoor41212', 'drhodges', 'taheera.hasnain', 'salihyanikgonul', 'gponce5', 'marcelpakpahan19', 'denphi_gmail', 'rayyaan99', 'djeberguendouz', 'sfazeel15', 'salina408', 'fallenmithos', 'faisal_01btech17', 'mrasadullah0', 'jarmatag', 'freeva', 'arfarehman', 'zia4000462', 'sharmahimani1017', 'rishabhmudgil.microuiet10', 'shah4003897', 'meraj4000983', 'yunfeigao', 'nisharma', 'dahaidar', 'unaisshazan', 'asif4001007', 'naufal.nm', 'pardeep.tur', 'bobo181999', 'alvinyding', 'raahimsalik', 'jackajarman', 'forman', 'fiam23', 'adrianacosta1', 'jhorio1', 'brysa2000', 'talha4004198', 'miguetorre', 'qaseem21125', 'dshin25', 'irmahakim', 'siu856031918', '2tqjmv29', 'akim58', 'ahuffma2', 'gtzintzarov', 'daskalakis54', 'iqbal4003357', 'kevinjiang65', 'saqib4002599', 'kmv0216', 'm.hassanbaig24', 'wardaharshad44', 'areejasad16', 'alanhk18', 'toobamukhtar2011', 'akram.moin3']"
11,200,74,5,5,"['sarahmathisschool', 'ahuffma2', 'dshin25', 'forman', 'jarmatag']",69,"['ayub4009080', 'decent.hasan18', 'rizvi', 'sidsoma', 'collincurtis', 'maisamahmed82', 'abdqureshi41', 'nicolasfp', 'cperry27', 'wcmelton96', 'mahmood4030218', 'taranveerkaurmicrouiet', 'edikoraymond', 'sayeed4002099', 'taylorgsmith', 'ullah4005098', 'iqbal3902812', 'siddiquiayesha2000', 'shahmeen.ameer7', 'muntahashams288', 'dsrinivas11', 'albertwangchuilee', 'rkapoor41212', 'drhodges', 'taheera.hasnain', 'salihyanikgonul', 'gponce5', 'rayyaan99', 'djeberguendouz', 'sfazeel15', 'salina408', 'faisal_01btech17', 'mrasadullah0', 'freeva', 'arfarehman', 'zia4000462', 'sharmahimani1017', 'rishabhmudgil.microuiet10', 'shah4003897', 'meraj4000983', 'yunfeigao', 'nisharma', 'unaisshazan', 'asif4001007', 'pardeep.tur', 'alvinyding', 'raahimsalik', 'jackajarman', 'fiam23', 'adrianacosta1', 'jhorio1', 'talha4004198', 'miguetorre', 'qaseem21125', 'irmahakim', 'siu856031918', '2tqjmv29', 'akim58', 'gtzintzarov', 'daskalakis54', 'iqbal4003357', 'kevinjiang65', 'saqib4002599', 'kmv0216', 'm.hassanbaig24', 'wardaharshad44', 'areejasad16', 'toobamukhtar2011', 'akram.moin3']",0,[],74,"['ayub4009080', 'decent.hasan18', 'rizvi', 'sidsoma', 'collincurtis', 'maisamahmed82', 'abdqureshi41', 'nicolasfp', 'cperry27', 'wcmelton96', 'mahmood4030218', 'taranveerkaurmicrouiet', 'edikoraymond', 'sayeed4002099', 'taylorgsmith', 'ullah4005098', 'iqbal3902812', 'siddiquiayesha2000', 'shahmeen.ameer7', 'muntahashams288', 'dsrinivas11', 'sarahmathisschool', 'albertwangchuilee', 'rkapoor41212', 'drhodges', 'taheera.hasnain', 'salihyanikgonul', 'gponce5', 'rayyaan99', 'djeberguendouz', 'sfazeel15', 'salina408', 'faisal_01btech17', 'mrasadullah0', 'jarmatag', 'freeva', 'arfarehman', 'zia4000462', 'sharmahimani1017', 'rishabhmudgil.microuiet10', 'shah4003897', 'meraj4000983', 'yunfeigao', 'nisharma', 'unaisshazan', 'asif4001007', 'pardeep.tur', 'alvinyding', 'raahimsalik', 'jackajarman', 'forman', 'fiam23', 'adrianacosta1', 'jhorio1', 'talha4004198', 'miguetorre', 'qaseem21125', 'dshin25', 'irmahakim', 'siu856031918', '2tqjmv29', 'akim58', 'ahuffma2', 'gtzintzarov', 'daskalakis54', 'iqbal4003357', 'kevinjiang65', 'saqib4002599', 'kmv0216', 'm.hassanbaig24', 'wardaharshad44', 'areejasad16', 'toobamukhtar2011', 'akram.moin3']"
12,134,70,54,51,"['montoya4', 'mprislus', 'chadha11', 'zleung', 'ddinh', 'mdukeshi', 'apascua', 'rrennick', 'lgeorges', 'pagand', 'jgrams', 'nicej', 'eschultheis17', 'kbakhle', 'sshishik', 'tkrout', 'dhoogerl', 'jmboyer', 'mvankle', 'hpletche', 'everly', 'young558', 'bpoinde14', 'pei13', 'lrdavidson00', 'flint3', 'rwilfong', 'hweilbak', 'goode5', 'bdrevala', 'jmunshi', 'reed296', 'santiagg', 'mstrezov', 'eunoiayvonne', 'reedyc', 'fzaharia', 'zrust', 'azami1', 'cemsley', 'nguye413', 'olson117', 'gilligm', 'nwojcick', 'will1865', 'will1995', 'patel801', 'li2760', 'james147', 'caterahamilton', 'jennin25']",19,"['cgoenawa', 'jkeuneke', 'gong113', 'aplumer', 'aschlutt', 'mart1543', 'kico', 'sthorman', 'ams52899', 'mreuhs', 'stofilsk', 'krulon', 'jkirchga', 'wdelacru', 'barnet42', 'zhu791', 'colonb', 'clancy2', 'chen2799']",3,"['reppertm', 'ahads', 'jwat']",73,"['montoya4', 'chadha11', 'zleung', 'kbakhle', 'sshishik', 'jmboyer', 'mreuhs', 'hpletche', 'mvankle', 'jkirchga', 'everly', 'barnet42', 'lrdavidson00', 'rwilfong', 'goode5', 'bdrevala', 'jmunshi', 'mstrezov', 'fzaharia', 'olson117', 'patel801', 'will1995', 'will1865', 'li2760', 'caterahamilton', 'mprislus', 'cgoenawa', 'ddinh', 'mdukeshi', 'apascua', 'jkeuneke', 'reppertm', 'gong113', 'rrennick', 'lgeorges', 'aplumer', 'pagand', 'jgrams', 'jwat', 'aschlutt', 'mart1543', 'nicej', 'eschultheis17', 'kico', 'sthorman', 'tkrout', 'dhoogerl', 'ams52899', 'stofilsk', 'krulon', 'wdelacru', 'young558', 'bpoinde14', 'ahads', 'pei13', 'flint3', 'hweilbak', 'reed296', 'zhu791', 'santiagg', 'cemsley', 'azami1', 'reedyc', 'eunoiayvonne', 'zrust', 'nguye413', 'gilligm', 'nwojcick', 'james147', 'colonb', 'jennin25', 'clancy2', 'chen2799']"
12,135,70,12,12,"['aschlutt', 'mart1543', 'kico', 'will1865', 'ddinh', 'jkeuneke', 'mreuhs', 'gong113', 'stofilsk', 'wdelacru', 'barnet42', 'zrust']",58,"['montoya4', 'chadha11', 'zleung', 'kbakhle', 'sshishik', 'jmboyer', 'hpletche', 'mvankle', 'jkirchga', 'everly', 'lrdavidson00', 'rwilfong', 'goode5', 'bdrevala', 'jmunshi', 'mstrezov', 'fzaharia', 'olson117', 'patel801', 'will1995', 'li2760', 'caterahamilton', 'mprislus', 'cgoenawa', 'mdukeshi', 'apascua', 'rrennick', 'lgeorges', 'aplumer', 'pagand', 'jgrams', 'nicej', 'eschultheis17', 'sthorman', 'tkrout', 'dhoogerl', 'ams52899', 'krulon', 'young558', 'bpoinde14', 'pei13', 'flint3', 'hweilbak', 'reed296', 'zhu791', 'santiagg', 'cemsley', 'azami1', 'reedyc', 'eunoiayvonne', 'nguye413', 'gilligm', 'nwojcick', 'james147', 'colonb', 'jennin25', 'clancy2', 'chen2799']",0,[],70,"['montoya4', 'chadha11', 'zleung', 'kbakhle', 'sshishik', 'jmboyer', 'mreuhs', 'hpletche', 'mvankle', 'jkirchga', 'everly', 'barnet42', 'lrdavidson00', 'rwilfong', 'goode5', 'bdrevala', 'jmunshi', 'mstrezov', 'fzaharia', 'olson117', 'patel801', 'will1995', 'will1865', 'li2760', 'caterahamilton', 'mprislus', 'cgoenawa', 'ddinh', 'mdukeshi', 'apascua', 'jkeuneke', 'gong113', 'rrennick', 'lgeorges', 'aplumer', 'pagand', 'jgrams', 'aschlutt', 'mart1543', 'nicej', 'eschultheis17', 'kico', 'sthorman', 'tkrout', 'dhoogerl', 'ams52899', 'stofilsk', 'krulon', 'wdelacru', 'young558', 'bpoinde14', 'pei13', 'flint3', 'hweilbak', 'reed296', 'zhu791', 'santiagg', 'cemsley', 'azami1', 'reedyc', 'eunoiayvonne', 'zrust', 'nguye413', 'gilligm', 'nwojcick', 'james147', 'colonb', 'jennin25', 'clancy2', 'chen2799']"
13,34,66,56,54,"['kwelch10', 'sahmad16', 'cchasta1', 'cjlee29', 'armeza3', 'aricha47', 'jrbrow41', 'gwarner3', 'ebburrou', 'zalockwo', 'hanunez', 'gbabic', 'jlwill52', 'nhanelin', 'alopezs4', 'cschaire', 'cdsalgad', 'hstone1', 'xbrennan', 'kepears2', 'dmarti66', 'ciaguil1', 'aivergar', 'jrporti1', 'crivas9', 'cecook9', 'hlecker', 'tradloff', 'kingheim', 'kkuang1996', 'acontr25', 'wguerre1', 'nlvaidya', 'ihoerner', 'jkinkea1', 'kbosley1', 'mhabdulg', 'ericab', 'mtsai22', 'jebaraja', 'awitthus', 'kmpullia', 'cboughaz', 'jalope67', 'nhlam', 'tbooker2', 'bbrown24', 'afmascar', 'yhzhang99', 'jhum1', 'pbui4', 'gswerdan', 'saalatt1', 'tconcial']",12,"['kpatel61', 'gmortiz3', 'shong65', 'aleiding', 'dpapis', 'asaenz12', 'ndbarron', 'savaziri', 'dabloom2', 'tbalu60', 'kwelch11', 'radovanovic']",2,"['nrosenb1', 'mgoryll']",68,"['cchasta1', 'armeza3', 'aricha47', 'alopezs4', 'cschaire', 'cdsalgad', 'aivergar', 'jrporti1', 'crivas9', 'kingheim', 'acontr25', 'hlecker', 'radovanovic', 'nlvaidya', 'gmortiz3', 'ihoerner', 'jkinkea1', 'mtsai22', 'awitthus', 'kmpullia', 'jalope67', 'kpatel61', 'bbrown24', 'aleiding', 'afmascar', 'nrosenb1', 'jhum1', 'pbui4', 'kwelch10', 'sahmad16', 'cjlee29', 'jrbrow41', 'savaziri', 'gwarner3', 'ebburrou', 'zalockwo', 'hanunez', 'jlwill52', 'nhanelin', 'gbabic', 'xbrennan', 'hstone1', 'kepears2', 'dmarti66', 'dpapis', 'ciaguil1', 'cecook9', 'tradloff', 'kkuang1996', 'wguerre1', 'kbosley1', 'mhabdulg', 'shong65', 'ericab', 'jebaraja', 'ndbarron', 'dabloom2', 'cboughaz', 'mgoryll', 'nhlam', 'tbooker2', 'asaenz12', 'yhzhang99', 'saalatt1', 'tbalu60', 'gswerdan', 'kwelch11', 'tconcial']"
13,36,66,8,6,"['tbooker2', 'jkinkea1', 'afmascar', 'jrporti1', 'pbui4', 'jalope67']",60,"['cchasta1', 'armeza3', 'aricha47', 'alopezs4', 'cschaire', 'cdsalgad', 'aivergar', 'crivas9', 'kingheim', 'acontr25', 'hlecker', 'radovanovic', 'nlvaidya', 'gmortiz3', 'ihoerner', 'mtsai22', 'awitthus', 'kmpullia', 'kpatel61', 'bbrown24', 'aleiding', 'jhum1', 'kwelch10', 'sahmad16', 'cjlee29', 'jrbrow41', 'savaziri', 'gwarner3', 'ebburrou', 'zalockwo', 'hanunez', 'jlwill52', 'nhanelin', 'gbabic', 'xbrennan', 'hstone1', 'kepears2', 'dmarti66', 'dpapis', 'ciaguil1', 'cecook9', 'tradloff', 'kkuang1996', 'wguerre1', 'kbosley1', 'mhabdulg', 'shong65', 'ericab', 'jebaraja', 'ndbarron', 'dabloom2', 'cboughaz', 'nhlam', 'asaenz12', 'yhzhang99', 'saalatt1', 'tbalu60', 'gswerdan', 'kwelch11', 'tconcial']",2,"['nrosenb1', 'mgoryll']",68,"['cchasta1', 'armeza3', 'aricha47', 'alopezs4', 'cschaire', 'cdsalgad', 'aivergar', 'jrporti1', 'crivas9', 'kingheim', 'acontr25', 'hlecker', 'radovanovic', 'nlvaidya', 'gmortiz3', 'ihoerner', 'jkinkea1', 'mtsai22', 'awitthus', 'kmpullia', 'jalope67', 'kpatel61', 'bbrown24', 'aleiding', 'afmascar', 'nrosenb1', 'jhum1', 'pbui4', 'kwelch10', 'sahmad16', 'cjlee29', 'jrbrow41', 'savaziri', 'gwarner3', 'ebburrou', 'zalockwo', 'hanunez', 'jlwill52', 'nhanelin', 'gbabic', 'xbrennan', 'hstone1', 'kepears2', 'dmarti66', 'dpapis', 'ciaguil1', 'cecook9', 'tradloff', 'kkuang1996', 'wguerre1', 'kbosley1', 'mhabdulg', 'shong65', 'ericab', 'jebaraja', 'ndbarron', 'dabloom2', 'cboughaz', 'mgoryll', 'nhlam', 'tbooker2', 'asaenz12', 'yhzhang99', 'saalatt1', 'tbalu60', 'gswerdan', 'kwelch11', 'tconcial']"
13,37,66,8,6,"['ihoerner', 'hstone1', 'gbabic', 'tradloff', 'hanunez', 'wguerre1']",60,"['cchasta1', 'armeza3', 'aricha47', 'alopezs4', 'cschaire', 'cdsalgad', 'aivergar', 'jrporti1', 'crivas9', 'kingheim', 'acontr25', 'hlecker', 'radovanovic', 'nlvaidya', 'gmortiz3', 'jkinkea1', 'mtsai22', 'awitthus', 'kmpullia', 'jalope67', 'kpatel61', 'bbrown24', 'aleiding', 'afmascar', 'jhum1', 'pbui4', 'kwelch10', 'sahmad16', 'cjlee29', 'jrbrow41', 'savaziri', 'gwarner3', 'ebburrou', 'zalockwo', 'jlwill52', 'nhanelin', 'xbrennan', 'kepears2', 'dmarti66', 'dpapis', 'ciaguil1', 'cecook9', 'kkuang1996', 'kbosley1', 'mhabdulg', 'shong65', 'ericab', 'jebaraja', 'ndbarron', 'dabloom2', 'cboughaz', 'nhlam', 'tbooker2', 'asaenz12', 'yhzhang99', 'saalatt1', 'tbalu60', 'gswerdan', 'kwelch11', 'tconcial']",2,"['nrosenb1', 'mgoryll']",68,"['cchasta1', 'armeza3', 'aricha47', 'alopezs4', 'cschaire', 'cdsalgad', 'aivergar', 'jrporti1', 'crivas9', 'kingheim', 'acontr25', 'hlecker', 'radovanovic', 'nlvaidya', 'gmortiz3', 'ihoerner', 'jkinkea1', 'mtsai22', 'awitthus', 'kmpullia', 'jalope67', 'kpatel61', 'bbrown24', 'aleiding', 'afmascar', 'nrosenb1', 'jhum1', 'pbui4', 'kwelch10', 'sahmad16', 'cjlee29', 'jrbrow41', 'savaziri', 'gwarner3', 'ebburrou', 'zalockwo', 'hanunez', 'jlwill52', 'nhanelin', 'gbabic', 'xbrennan', 'hstone1', 'kepears2', 'dmarti66', 'dpapis', 'ciaguil1', 'cecook9', 'tradloff', 'kkuang1996', 'wguerre1', 'kbosley1', 'mhabdulg', 'shong65', 'ericab', 'jebaraja', 'ndbarron', 'dabloom2', 'cboughaz', 'mgoryll', 'nhlam', 'tbooker2', 'asaenz12', 'yhzhang99', 'saalatt1', 'tbalu60', 'gswerdan', 'kwelch11', 'tconcial']"
14,76,65,44,31,"['alejocibe', 'felipio32', 'luxion', 'dannielmoreno', 'juancreyes201', 'j.acostac', 'danielvillarg3', 'camiloarango', 'jaiverthadrian25', 'm.vieda', 'davidsantiagomoncayo', 'sergioneuta', 'estebanboada', 'lcarolopez.lecl', 'federicoberbesi', 'karenpolania', 'juan10eslav', 'cristianjulian132002', 'arizah0707', 'c.escobarh', 'd.posadap', 'j.morenos', 'gonzalezcamilo672', 'manuf.vargas36', 'juanpa12', 'santy015', 'juansebastiancorredor12', 'eric.klozr', 'gotty', 'acordero', 'nicolastrivino']",34,"['nidhi.joshi', 'erika.tecupacho_sanchez', 'leduardo', 'kocher1', 'juanzapa', 'ssorobay', 'a01351433', 'fciccarello', 'chunhoeliew1998', 'calev', 'shannob', 'do255', 'felip3x', 's.angarita', 'hoffnungcleaver360', 'aliceqwu', 'hughmcguinne', 'jj.meza', 'epeloquin24', 'tassanpietro', 'jacob07', 'davidsarasa.uribe', 'squadbuilderzz123', 'banerjiank21', 'croberts21', 'lbruno22', 'jpbarrero131', 'ee665', 'anaarenas', 'juanjallerl1212', 'vhernandezp31', 'lusmith', 'joseestebanpenalozameza', 'slburkett']",13,"['juguibavi27', 'id.escobar', 'michaels', 'caiceseb', 'santmc98', 'dianasalcedo', 'alexh1000', 'sergioneuta3002', 'ruedasan', 'maidy', 'j.mendezm', 'vargasautocad', 'j.padillat']",78,"['nidhi.joshi', 'felipio32', 'luxion', 'j.acostac', 'juancreyes201', 'caiceseb', 'leduardo', 'kocher1', 'ssorobay', 'a01351433', 'davidsantiagomoncayo', 'sergioneuta', 'santmc98', 'alexh1000', 'karenpolania', 'juan10eslav', 'do255', 'cristianjulian132002', 's.angarita', 'hughmcguinne', 'c.escobarh', 'j.morenos', 'gonzalezcamilo672', 'jacob07', 'davidsarasa.uribe', 'squadbuilderzz123', 'juanpa12', 'banerjiank21', 'maidy', 'jpbarrero131', 'id.escobar', 'juanjallerl1212', 'vhernandezp31', 'joseestebanpenalozameza', 'dianasalcedo', 'alejocibe', 'dannielmoreno', 'erika.tecupacho_sanchez', 'danielvillarg3', 'camiloarango', 'juanzapa', 'm.vieda', 'jaiverthadrian25', 'estebanboada', 'fciccarello', 'lcarolopez.lecl', 'chunhoeliew1998', 'federicoberbesi', 'calev', 'shannob', 'ruedasan', 'felip3x', 'hoffnungcleaver360', 'arizah0707', 'aliceqwu', 'j.padillat', 'jj.meza', 'd.posadap', 'epeloquin24', 'tassanpietro', 'manuf.vargas36', 'santy015', 'eric.klozr', 'juansebastiancorredor12', 'croberts21', 'j.mendezm', 'lbruno22', 'vargasautocad', 'juguibavi27', 'gotty', 'michaels', 'acordero', 'ee665', 'anaarenas', 'sergioneuta3002', 'lusmith', 'nicolastrivino', 'slburkett']"
14,79,65,43,32,"['alejocibe', 'luxion', 'dannielmoreno', 'juancreyes201', 'j.acostac', 'danielvillarg3', 'juanzapa', 'jaiverthadrian25', 'm.vieda', 'sergioneuta', 'karenpolania', 'juan10eslav', 'cristianjulian132002', 'do255', 'felip3x', 's.angarita', 'arizah0707', 'hughmcguinne', 'c.escobarh', 'd.posadap', 'gonzalezcamilo672', 'manuf.vargas36', 'juanpa12', 'santy015', 'juansebastiancorredor12', 'eric.klozr', 'jpbarrero131', 'acordero', 'vhernandezp31', 'joseestebanpenalozameza', 'nicolastrivino', 'slburkett']",33,"['nidhi.joshi', 'felipio32', 'erika.tecupacho_sanchez', 'leduardo', 'camiloarango', 'kocher1', 'ssorobay', 'a01351433', 'davidsantiagomoncayo', 'fciccarello', 'estebanboada', 'lcarolopez.lecl', 'chunhoeliew1998', 'federicoberbesi', 'calev', 'shannob', 'hoffnungcleaver360', 'aliceqwu', 'jj.meza', 'epeloquin24', 'j.morenos', 'tassanpietro', 'jacob07', 'davidsarasa.uribe', 'squadbuilderzz123', 'banerjiank21', 'croberts21', 'lbruno22', 'gotty', 'ee665', 'anaarenas', 'juanjallerl1212', 'lusmith']",11,"['shewlett', 'everaste', 'id.escobar', 'dianasalcedo', 'mjupina', 'asahag2', 'aidanlloyd', 'ruedasan', 'maidy', 'j.mendezm', 'mbedollah']",76,"['nidhi.joshi', 'felipio32', 'luxion', 'j.acostac', 'juancreyes201', 'leduardo', 'kocher1', 'ssorobay', 'a01351433', 'davidsantiagomoncayo', 'sergioneuta', 'karenpolania', 'juan10eslav', 'do255', 'cristianjulian132002', 's.angarita', 'everaste', 'hughmcguinne', 'c.escobarh', 'j.morenos', 'gonzalezcamilo672', 'jacob07', 'davidsarasa.uribe', 'squadbuilderzz123', 'juanpa12', 'banerjiank21', 'maidy', 'jpbarrero131', 'id.escobar', 'juanjallerl1212', 'vhernandezp31', 'joseestebanpenalozameza', 'mbedollah', 'dianasalcedo', 'alejocibe', 'dannielmoreno', 'erika.tecupacho_sanchez', 'asahag2', 'danielvillarg3', 'camiloarango', 'juanzapa', 'm.vieda', 'jaiverthadrian25', 'estebanboada', 'fciccarello', 'lcarolopez.lecl', 'chunhoeliew1998', 'federicoberbesi', 'calev', 'mjupina', 'shannob', 'aidanlloyd', 'ruedasan', 'felip3x', 'hoffnungcleaver360', 'arizah0707', 'aliceqwu', 'jj.meza', 'd.posadap', 'epeloquin24', 'tassanpietro', 'manuf.vargas36', 'santy015', 'eric.klozr', 'juansebastiancorredor12', 'croberts21', 'j.mendezm', 'lbruno22', 'shewlett', 'gotty', 'acordero', 'ee665', 'anaarenas', 'lusmith', 'nicolastrivino', 'slburkett']"
14,74,65,33,11,"['alejocibe', 'epeloquin24', 'tassanpietro', 'squadbuilderzz123', 'kocher1', 'jaiverthadrian25', 'ssorobay', 'jpbarrero131', 'lbruno22', 'croberts21', 'slburkett']",54,"['nidhi.joshi', 'felipio32', 'luxion', 'dannielmoreno', 'erika.tecupacho_sanchez', 'j.acostac', 'juancreyes201', 'leduardo', 'danielvillarg3', 'camiloarango', 'juanzapa', 'm.vieda', 'a01351433', 'davidsantiagomoncayo', 'fciccarello', 'sergioneuta', 'estebanboada', 'lcarolopez.lecl', 'chunhoeliew1998', 'federicoberbesi', 'calev', 'shannob', 'karenpolania', 'juan10eslav', 'do255', 'cristianjulian132002', 'felip3x', 'hoffnungcleaver360', 'arizah0707', 's.angarita', 'aliceqwu', 'hughmcguinne', 'c.escobarh', 'd.posadap', 'j.morenos', 'jj.meza', 'gonzalezcamilo672', 'jacob07', 'davidsarasa.uribe', 'manuf.vargas36', 'juanpa12', 'banerjiank21', 'santy015', 'eric.klozr', 'juansebastiancorredor12', 'gotty', 'acordero', 'ee665', 'anaarenas', 'juanjallerl1212', 'vhernandezp31', 'lusmith', 'joseestebanpenalozameza', 'nicolastrivino']",22,"['dolp', 'arielar', 'tchk6', 'youngpattans2', 'ordonezc3', 'sidharth1994', 'turnera14', 'tbpurevnorov', 'enhmanlaienhee', 'langfahl', 'everaste', 'dietzelcc', 'sherifms777', 'lalfaihan', 'anudarid', 'duuyaduka89', 'taylorolp99', 'bayanjargal.sub', 'quillel', 'muujig1', 'booradley', 'glenhwalters']",87,"['arielar', 'nidhi.joshi', 'felipio32', 'luxion', 'j.acostac', 'juancreyes201', 'leduardo', 'tchk6', 'kocher1', 'ssorobay', 'a01351433', 'davidsantiagomoncayo', 'sergioneuta', 'turnera14', 'karenpolania', 'juan10eslav', 'do255', 'cristianjulian132002', 's.angarita', 'langfahl', 'everaste', 'dietzelcc', 'hughmcguinne', 'c.escobarh', 'j.morenos', 'gonzalezcamilo672', 'sherifms777', 'jacob07', 'davidsarasa.uribe', 'squadbuilderzz123', 'juanpa12', 'banerjiank21', 'jpbarrero131', 'anudarid', 'bayanjargal.sub', 'juanjallerl1212', 'vhernandezp31', 'joseestebanpenalozameza', 'booradley', 'glenhwalters', 'dolp', 'alejocibe', 'dannielmoreno', 'erika.tecupacho_sanchez', 'danielvillarg3', 'youngpattans2', 'camiloarango', 'juanzapa', 'ordonezc3', 'm.vieda', 'jaiverthadrian25', 'sidharth1994', 'estebanboada', 'fciccarello', 'lcarolopez.lecl', 'chunhoeliew1998', 'federicoberbesi', 'calev', 'tbpurevnorov', 'shannob', 'enhmanlaienhee', 'felip3x', 'hoffnungcleaver360', 'arizah0707', 'aliceqwu', 'jj.meza', 'd.posadap', 'epeloquin24', 'tassanpietro', 'manuf.vargas36', 'santy015', 'eric.klozr', 'juansebastiancorredor12', 'lalfaihan', 'croberts21', 'lbruno22', 'gotty', 'duuyaduka89', 'taylorolp99', 'acordero', 'ee665', 'anaarenas', 'quillel', 'muujig1', 'lusmith', 'nicolastrivino', 'slburkett']"
14,77,65,22,2,"['nidhi.joshi', 'banerjiank21']",63,"['alejocibe', 'felipio32', 'luxion', 'dannielmoreno', 'erika.tecupacho_sanchez', 'j.acostac', 'juancreyes201', 'leduardo', 'danielvillarg3', 'camiloarango', 'juanzapa', 'kocher1', 'm.vieda', 'ssorobay', 'jaiverthadrian25', 'a01351433', 'davidsantiagomoncayo', 'fciccarello', 'sergioneuta', 'estebanboada', 'lcarolopez.lecl', 'chunhoeliew1998', 'federicoberbesi', 'calev', 'shannob', 'karenpolania', 'juan10eslav', 'do255', 'cristianjulian132002', 'felip3x', 'hoffnungcleaver360', 'arizah0707', 's.angarita', 'aliceqwu', 'hughmcguinne', 'c.escobarh', 'd.posadap', 'j.morenos', 'epeloquin24', 'tassanpietro', 'jj.meza', 'jacob07', 'davidsarasa.uribe', 'squadbuilderzz123', 'gonzalezcamilo672', 'manuf.vargas36', 'juanpa12', 'santy015', 'eric.klozr', 'juansebastiancorredor12', 'croberts21', 'lbruno22', 'jpbarrero131', 'gotty', 'acordero', 'ee665', 'anaarenas', 'juanjallerl1212', 'vhernandezp31', 'lusmith', 'joseestebanpenalozameza', 'nicolastrivino', 'slburkett']",20,"['kshameen182', 'lalita', 'sejal0022', 'param.patel4399', 'psmit', 'riya.s.shah30', 'sim.pawar', 'dashita27', 'diximehta99', 'devdutt', 'ayush2310', 's1ddhant', 'sharmi9947', 'minimicro', 'pkothari0910', 'yashsakpal0504', 'niyatibd', 'voramegh18', 'shreyagirish09', 'lilscience211']",85,"['nidhi.joshi', 'felipio32', 'luxion', 'j.acostac', 'juancreyes201', 'leduardo', 'kshameen182', 'kocher1', 'ssorobay', 'lalita', 'a01351433', 'sejal0022', 'davidsantiagomoncayo', 'sergioneuta', 'psmit', 'karenpolania', 'juan10eslav', 'do255', 'cristianjulian132002', 's.angarita', 'sim.pawar', 'hughmcguinne', 'c.escobarh', 'j.morenos', 'gonzalezcamilo672', 'jacob07', 'davidsarasa.uribe', 'squadbuilderzz123', 'diximehta99', 'juanpa12', 'banerjiank21', 'ayush2310', 'jpbarrero131', 's1ddhant', 'sharmi9947', 'minimicro', 'juanjallerl1212', 'vhernandezp31', 'voramegh18', 'joseestebanpenalozameza', 'alejocibe', 'dannielmoreno', 'erika.tecupacho_sanchez', 'danielvillarg3', 'camiloarango', 'juanzapa', 'm.vieda', 'jaiverthadrian25', 'estebanboada', 'fciccarello', 'param.patel4399', 'lcarolopez.lecl', 'chunhoeliew1998', 'federicoberbesi', 'calev', 'shannob', 'riya.s.shah30', 'felip3x', 'hoffnungcleaver360', 'arizah0707', 'aliceqwu', 'jj.meza', 'd.posadap', 'epeloquin24', 'tassanpietro', 'dashita27', 'manuf.vargas36', 'devdutt', 'santy015', 'eric.klozr', 'juansebastiancorredor12', 'croberts21', 'lbruno22', 'pkothari0910', 'gotty', 'yashsakpal0504', 'niyatibd', 'acordero', 'ee665', 'anaarenas', 'lusmith', 'shreyagirish09', 'nicolastrivino', 'lilscience211', 'slburkett']"
14,81,65,8,5,"['erika.tecupacho_sanchez', 'leduardo', 'jacob07', 'anaarenas', 'hoffnungcleaver360']",60,"['nidhi.joshi', 'felipio32', 'luxion', 'j.acostac', 'juancreyes201', 'kocher1', 'ssorobay', 'a01351433', 'davidsantiagomoncayo', 'sergioneuta', 'karenpolania', 'juan10eslav', 'do255', 'cristianjulian132002', 's.angarita', 'hughmcguinne', 'c.escobarh', 'j.morenos', 'gonzalezcamilo672', 'davidsarasa.uribe', 'squadbuilderzz123', 'juanpa12', 'banerjiank21', 'jpbarrero131', 'juanjallerl1212', 'vhernandezp31', 'joseestebanpenalozameza', 'alejocibe', 'dannielmoreno', 'danielvillarg3', 'camiloarango', 'juanzapa', 'm.vieda', 'jaiverthadrian25', 'estebanboada', 'fciccarello', 'lcarolopez.lecl', 'chunhoeliew1998', 'federicoberbesi', 'calev', 'shannob', 'felip3x', 'arizah0707', 'aliceqwu', 'jj.meza', 'd.posadap', 'epeloquin24', 'tassanpietro', 'manuf.vargas36', 'santy015', 'eric.klozr', 'juansebastiancorredor12', 'croberts21', 'lbruno22', 'gotty', 'acordero', 'ee665', 'lusmith', 'nicolastrivino', 'slburkett']",3,"['oscarmunozcuamtzi', 'deluisfloresfranciscoa', 'mbedollah']",68,"['nidhi.joshi', 'felipio32', 'luxion', 'j.acostac', 'juancreyes201', 'leduardo', 'kocher1', 'ssorobay', 'a01351433', 'davidsantiagomoncayo', 'sergioneuta', 'karenpolania', 'juan10eslav', 'do255', 'cristianjulian132002', 's.angarita', 'hughmcguinne', 'c.escobarh', 'j.morenos', 'oscarmunozcuamtzi', 'gonzalezcamilo672', 'jacob07', 'davidsarasa.uribe', 'squadbuilderzz123', 'juanpa12', 'banerjiank21', 'jpbarrero131', 'juanjallerl1212', 'vhernandezp31', 'joseestebanpenalozameza', 'mbedollah', 'alejocibe', 'dannielmoreno', 'erika.tecupacho_sanchez', 'danielvillarg3', 'camiloarango', 'juanzapa', 'm.vieda', 'jaiverthadrian25', 'estebanboada', 'fciccarello', 'lcarolopez.lecl', 'chunhoeliew1998', 'federicoberbesi', 'calev', 'shannob', 'felip3x', 'hoffnungcleaver360', 'arizah0707', 'aliceqwu', 'deluisfloresfranciscoa', 'jj.meza', 'd.posadap', 'epeloquin24', 'tassanpietro', 'manuf.vargas36', 'santy015', 'eric.klozr', 'juansebastiancorredor12', 'croberts21', 'lbruno22', 'gotty', 'acordero', 'ee665', 'anaarenas', 'lusmith', 'nicolastrivino', 'slburkett']"
14,75,65,6,2,"['kocher1', 'shannob']",63,"['nidhi.joshi', 'felipio32', 'luxion', 'j.acostac', 'juancreyes201', 'leduardo', 'ssorobay', 'a01351433', 'davidsantiagomoncayo', 'sergioneuta', 'karenpolania', 'juan10eslav', 'do255', 'cristianjulian132002', 's.angarita', 'hughmcguinne', 'c.escobarh', 'j.morenos', 'gonzalezcamilo672', 'jacob07', 'davidsarasa.uribe', 'squadbuilderzz123', 'juanpa12', 'banerjiank21', 'jpbarrero131', 'juanjallerl1212', 'vhernandezp31', 'joseestebanpenalozameza', 'alejocibe', 'dannielmoreno', 'erika.tecupacho_sanchez', 'danielvillarg3', 'camiloarango', 'juanzapa', 'm.vieda', 'jaiverthadrian25', 'estebanboada', 'fciccarello', 'lcarolopez.lecl', 'chunhoeliew1998', 'federicoberbesi', 'calev', 'felip3x', 'hoffnungcleaver360', 'arizah0707', 'aliceqwu', 'jj.meza', 'd.posadap', 'epeloquin24', 'tassanpietro', 'manuf.vargas36', 'santy015', 'eric.klozr', 'juansebastiancorredor12', 'croberts21', 'lbruno22', 'gotty', 'acordero', 'ee665', 'anaarenas', 'lusmith', 'nicolastrivino', 'slburkett']",4,"['heaton4', 'drake38', 'bavenell', 'zhan3108']",69,"['nidhi.joshi', 'felipio32', 'luxion', 'zhan3108', 'j.acostac', 'juancreyes201', 'leduardo', 'kocher1', 'ssorobay', 'a01351433', 'davidsantiagomoncayo', 'sergioneuta', 'karenpolania', 'juan10eslav', 'do255', 'cristianjulian132002', 's.angarita', 'hughmcguinne', 'c.escobarh', 'j.morenos', 'gonzalezcamilo672', 'jacob07', 'davidsarasa.uribe', 'squadbuilderzz123', 'juanpa12', 'banerjiank21', 'jpbarrero131', 'drake38', 'juanjallerl1212', 'vhernandezp31', 'joseestebanpenalozameza', 'alejocibe', 'dannielmoreno', 'erika.tecupacho_sanchez', 'danielvillarg3', 'camiloarango', 'juanzapa', 'm.vieda', 'jaiverthadrian25', 'estebanboada', 'fciccarello', 'lcarolopez.lecl', 'chunhoeliew1998', 'federicoberbesi', 'calev', 'shannob', 'felip3x', 'hoffnungcleaver360', 'arizah0707', 'aliceqwu', 'bavenell', 'jj.meza', 'd.posadap', 'epeloquin24', 'tassanpietro', 'manuf.vargas36', 'santy015', 'eric.klozr', 'juansebastiancorredor12', 'croberts21', 'lbruno22', 'gotty', 'heaton4', 'acordero', 'ee665', 'anaarenas', 'lusmith', 'nicolastrivino', 'slburkett']"
15,273,64,38,36,"['ychang76', 'atmarr', 'kimoreno', 'rmochizu', 'jcarlosr', 'rjbecerraorozco', 'bwbaxter', 'tbmashor', 'fjvilimek', 'skutney', 'desmonh', 'pkhang', 'blsaetern', 'rkharper', 'nguyan23', 'diana5a', 'atumu', 'gaurav01', 'kmbashay', 'cyzeason', 'soccerderekturn', 'lilmil17', 'jjdd1228', 'lucachaux', 'mnorm123', 'mojubran', 'luzgmz', 'smg2', 'talp711', 'lenalana', 'lozigins', 'rohanr25', 'sibi', 'jlday', 'arob2019', 'bpli']",28,"['ander1', 'mebenedict', 'jtrejo', 'afadebayo', 'prgoradia', 'luilui77', 'tnottoson', 'elnavarro510', 'zifan875', 'boysenbeary', 'rearentr', 'tcemblem', 'ltoda', 'macorfma', 'jacqmoor', 'jowhall', 'sktao021', 'jjdesant', 'dicadena', 'imajerk', 'yimzhang', 'winzhang', 'dldavalos', 'ericmmai', 'ejsnell', 'nahurtad', 'gqk2019', 'dabrox']",2,"['esim01', 'ah2989']",66,"['mebenedict', 'ychang76', 'kimoreno', 'jtrejo', 'afadebayo', 'tbmashor', 'sibi', 'fjvilimek', 'ah2989', 'skutney', 'desmonh', 'rkharper', 'nguyan23', 'elnavarro510', 'diana5a', 'atumu', 'cyzeason', 'boysenbeary', 'soccerderekturn', 'macorfma', 'gqk2019', 'mnorm123', 'jacqmoor', 'jowhall', 'mojubran', 'sktao021', 'jjdesant', 'dicadena', 'luzgmz', 'smg2', 'talp711', 'lenalana', 'imajerk', 'winzhang', 'rohanr25', 'ander1', 'atmarr', 'rmochizu', 'jcarlosr', 'rjbecerraorozco', 'bwbaxter', 'prgoradia', 'pkhang', 'blsaetern', 'luilui77', 'tnottoson', 'zifan875', 'gaurav01', 'kmbashay', 'rearentr', 'lilmil17', 'jjdd1228', 'lucachaux', 'tcemblem', 'ltoda', 'esim01', 'yimzhang', 'lozigins', 'dldavalos', 'ericmmai', 'ejsnell', 'nahurtad', 'jlday', 'dabrox', 'arob2019', 'bpli']"
15,274,64,6,6,"['rearentr', 'yimzhang', 'ltoda', 'sktao021', 'dicadena', 'dldavalos']",58,"['mebenedict', 'ychang76', 'kimoreno', 'jtrejo', 'afadebayo', 'tbmashor', 'sibi', 'fjvilimek', 'skutney', 'desmonh', 'rkharper', 'nguyan23', 'elnavarro510', 'diana5a', 'atumu', 'cyzeason', 'boysenbeary', 'soccerderekturn', 'macorfma', 'gqk2019', 'mnorm123', 'jacqmoor', 'jowhall', 'mojubran', 'jjdesant', 'luzgmz', 'smg2', 'talp711', 'lenalana', 'imajerk', 'winzhang', 'rohanr25', 'ander1', 'atmarr', 'rmochizu', 'jcarlosr', 'rjbecerraorozco', 'bwbaxter', 'prgoradia', 'pkhang', 'blsaetern', 'luilui77', 'tnottoson', 'zifan875', 'gaurav01', 'kmbashay', 'lilmil17', 'jjdd1228', 'lucachaux', 'tcemblem', 'lozigins', 'ericmmai', 'ejsnell', 'nahurtad', 'jlday', 'dabrox', 'arob2019', 'bpli']",0,[],64,"['mebenedict', 'ychang76', 'kimoreno', 'jtrejo', 'afadebayo', 'tbmashor', 'sibi', 'fjvilimek', 'skutney', 'desmonh', 'rkharper', 'nguyan23', 'elnavarro510', 'diana5a', 'atumu', 'cyzeason', 'boysenbeary', 'soccerderekturn', 'macorfma', 'gqk2019', 'mnorm123', 'jacqmoor', 'jowhall', 'mojubran', 'sktao021', 'jjdesant', 'dicadena', 'luzgmz', 'smg2', 'talp711', 'lenalana', 'imajerk', 'winzhang', 'rohanr25', 'ander1', 'atmarr', 'rmochizu', 'jcarlosr', 'rjbecerraorozco', 'bwbaxter', 'prgoradia', 'pkhang', 'blsaetern', 'luilui77', 'tnottoson', 'zifan875', 'gaurav01', 'kmbashay', 'rearentr', 'lilmil17', 'jjdd1228', 'lucachaux', 'tcemblem', 'ltoda', 'yimzhang', 'lozigins', 'dldavalos', 'ericmmai', 'ejsnell', 'nahurtad', 'jlday', 'dabrox', 'arob2019', 'bpli']"
16,166,62,45,41,"['mcalderman1', 'summerhane', 'akash.ram', 'dschechter', 'grudzinski1', 'noahcaracuel', 'ahernandez5', 'nsonet', 'banks.lomel', 'alexandrabarbosa', 'benjamin.anthony', 'villarta.jabulen', 'morgan.gunter', 'erinvolpe', 'langhout.jackson', 'mitchell.w', 'mmoralesrojas', 'a.manibusan', 'glatham', 'klupone', 'peytonriley', 'nwilliams2', 'dominicksylvia', 'cgandin', 'c.ginter', 't.calvert', 'i.mejiaruiz', 'justin.geils', 'c.rineer', 'bresnockj', 't.clavijogarcia', 'victor.suarez', 'victoria.miller', 'efranklin', 'matthew.daily', 'evidaltorres', 'miles.kendall', 'christian.chiong', 'kadenelson', 'jsweeney1', 'annahuber']",21,"['gzd87', 'sarah.danis', 'p.cruzaponte', 'lkelsey', 'wchen24', 'hguangshuai', 'ptoma', 'xyl0078910', 'michaelroberts', 'rajmandirsingh', 'corrales.a', 'tmalcolm2', 'mohsinulkabir', 'lolezroflmao', 'kkamalnath123', 'm.ceballos', 'dinh.nhu', 'rashmipriyaparida', 'matthewraudenbus', 'cse2703', 'bungespunge1']",4,"['m.poloske', 'rhennig', 'benjamintmarc1m', 'jmayer1']",66,"['benjamintmarc1m', 'ahernandez5', 'akash.ram', 'noahcaracuel', 'banks.lomel', 'alexandrabarbosa', 'benjamin.anthony', 'villarta.jabulen', 'morgan.gunter', 'erinvolpe', 'p.cruzaponte', 'lkelsey', 'langhout.jackson', 'mitchell.w', 'hguangshuai', 'ptoma', 'a.manibusan', 'peytonriley', 'rajmandirsingh', 'michaelroberts', 'c.ginter', 'corrales.a', 'mohsinulkabir', 'justin.geils', 'lolezroflmao', 'kkamalnath123', 't.clavijogarcia', 'dinh.nhu', 'jmayer1', 'matthewraudenbus', 'christian.chiong', 'cse2703', 'kadenelson', 'bungespunge1', 'annahuber', 'summerhane', 'mcalderman1', 'gzd87', 'dschechter', 'sarah.danis', 'grudzinski1', 'nsonet', 'wchen24', 'mmoralesrojas', 'glatham', 'klupone', 'nwilliams2', 'cgandin', 'xyl0078910', 'dominicksylvia', 't.calvert', 'tmalcolm2', 'i.mejiaruiz', 'bresnockj', 'c.rineer', 'm.poloske', 'victor.suarez', 'm.ceballos', 'victoria.miller', 'efranklin', 'rhennig', 'matthew.daily', 'rashmipriyaparida', 'evidaltorres', 'miles.kendall', 'jsweeney1']"
17,84,60,39,17,"['brianlien', 'joseph.johnson', 'kylelackey', 'hernandezv', 'tyler.mark', 'perry.bechtle', 'olivia.bergmann', 'kginter', 'j.cardenas', 'bthompson2', 'thomasdonovan', 's.alderman', 'bklein1', 'jting', 'jherreracarrillo', 'gavin.drawdy', 'roy.mesa']",43,"['jbrisbourne46', 'rnowak', 'ksantaniello', 'reiter.web', 'molinay', 'liyingwu', 'sgandhi', 'kennedycobb', 'kerstynblanco', 'kyle.james', 'dwasko', 'jwingen', 'justinwalsh', 'juliasthilaire', 'hvantassel', 'rajeevkini', 'jjeffares13', 'haquem', 'brookemc28', 'm.mcguinness', 'slo5228', 'lnava', 'daanish.shauib', 'msuresh', 'caderylands', 'mwielatz', 'johnmallari', 'ehecht', 't.farrar', 'a01632193', 'sergiolopez', 'mariecrosby', 'nowen1', 'cyarborough1', 'carson.mcneely', 'ablimitablez', 'm.mamun', 'ashleydonald', 'bcayush', 'yassin.labichi', 'zhewitt', 'andrew.montiegel', 'j.sforza']",22,"['shaynedagostino', 'argstanton', 'nlopezmora', 'cnapoles', 't.van', 'docejo', 'cgettinger', 'gyeomans', 'morganwilliams', 'jacksonpartlow', 'dyuna.soledade', 'bgartside', 'jrabosto', 'wkirby1', 'cami', 'rebeccapoole', '8223freret', 'serranoh', 'rios.ceduardo', 'vallen', 'glaumchloe', 'robert.murtha07']",82,"['rnowak', 'ksantaniello', 'reiter.web', 'hernandezv', 'sgandhi', 'kennedycobb', 'kyle.james', 'dwasko', 'jting', 'justinwalsh', 'gavin.drawdy', 'jjeffares13', 'haquem', 'brookemc28', 'm.mcguinness', 'cgettinger', 'daanish.shauib', 'gyeomans', 'morganwilliams', 'jherreracarrillo', 'johnmallari', 'ehecht', 'brianlien', 'joseph.johnson', 'perry.bechtle', 'dyuna.soledade', 'nowen1', 'jrabosto', 'cami', 'wkirby1', 'cyarborough1', 'carson.mcneely', 'rebeccapoole', 'roy.mesa', '8223freret', 'rios.ceduardo', 'olivia.bergmann', 'bcayush', 'yassin.labichi', 'vallen', 'glaumchloe', 'andrew.montiegel', 's.alderman', 'jbrisbourne46', 'shaynedagostino', 'molinay', 'liyingwu', 'tyler.mark', 'argstanton', 'nlopezmora', 'kginter', 'kerstynblanco', 'j.cardenas', 'cnapoles', 'jwingen', 'juliasthilaire', 'hvantassel', 'rajeevkini', 't.van', 'docejo', 'slo5228', 'lnava', 'thomasdonovan', 'bklein1', 'msuresh', 'caderylands', 'mwielatz', 'jacksonpartlow', 't.farrar', 'a01632193', 'sergiolopez', 'mariecrosby', 'bgartside', 'serranoh', 'ablimitablez', 'kylelackey', 'm.mamun', 'ashleydonald', 'bthompson2', 'zhewitt', 'robert.murtha07', 'j.sforza']"
17,88,60,23,5,"['ksantaniello', 'sgandhi', 'm.mcguinness', 'kyle.james', 'zhewitt']",55,"['jbrisbourne46', 'rnowak', 'reiter.web', 'hernandezv', 'molinay', 'liyingwu', 'kennedycobb', 'tyler.mark', 'kginter', 'kerstynblanco', 'j.cardenas', 'dwasko', 'jwingen', 'justinwalsh', 'juliasthilaire', 'gavin.drawdy', 'hvantassel', 'rajeevkini', 'jjeffares13', 'haquem', 'brookemc28', 'slo5228', 'lnava', 'thomasdonovan', 'bklein1', 'msuresh', 'caderylands', 'daanish.shauib', 'mwielatz', 'jherreracarrillo', 'johnmallari', 'ehecht', 'brianlien', 't.farrar', 'joseph.johnson', 'a01632193', 'perry.bechtle', 'sergiolopez', 'mariecrosby', 'nowen1', 'cyarborough1', 'carson.mcneely', 'roy.mesa', 'ablimitablez', 'kylelackey', 'olivia.bergmann', 'm.mamun', 'ashleydonald', 'bthompson2', 'bcayush', 's.alderman', 'yassin.labichi', 'jting', 'andrew.montiegel', 'j.sforza']",18,"['jweichselbaumer', 'brandongarver', 'exirinach', 'glorber', 'rao.mihir', 'joel.cruz', 'mcarreno', 'frankvigoa', 'walter.sanchez', 'jake.julia', 'a.santana', 'arodriguez30', 'robertkaufman1', 'nicolas.yanez', 'kayladunnuck', 'sophia.corrales', 'rsanchezcereijo', 'btreacy']",78,"['rnowak', 'ksantaniello', 'reiter.web', 'hernandezv', 'sgandhi', 'kennedycobb', 'joel.cruz', 'kyle.james', 'nicolas.yanez', 'dwasko', 'jting', 'justinwalsh', 'gavin.drawdy', 'jjeffares13', 'haquem', 'brookemc28', 'm.mcguinness', 'frankvigoa', 'jake.julia', 'a.santana', 'kayladunnuck', 'daanish.shauib', 'rsanchezcereijo', 'btreacy', 'jherreracarrillo', 'johnmallari', 'ehecht', 'brianlien', 'joseph.johnson', 'perry.bechtle', 'nowen1', 'arodriguez30', 'cyarborough1', 'carson.mcneely', 'roy.mesa', 'glorber', 'olivia.bergmann', 'bcayush', 'yassin.labichi', 'andrew.montiegel', 's.alderman', 'jbrisbourne46', 'exirinach', 'molinay', 'liyingwu', 'tyler.mark', 'kginter', 'kerstynblanco', 'j.cardenas', 'jwingen', 'juliasthilaire', 'hvantassel', 'rajeevkini', 'rao.mihir', 'slo5228', 'lnava', 'thomasdonovan', 'bklein1', 'msuresh', 'caderylands', 'mwielatz', 't.farrar', 'a01632193', 'sergiolopez', 'mariecrosby', 'robertkaufman1', 'mcarreno', 'jweichselbaumer', 'brandongarver', 'ablimitablez', 'kylelackey', 'm.mamun', 'ashleydonald', 'bthompson2', 'sophia.corrales', 'walter.sanchez', 'zhewitt', 'j.sforza']"
17,83,60,15,7,"['rnowak', 'sergiolopez', 'mwielatz', 'jwingen', 'justinwalsh', 'andrew.montiegel', 'hvantassel']",53,"['jbrisbourne46', 'ksantaniello', 'reiter.web', 'hernandezv', 'molinay', 'sgandhi', 'kennedycobb', 'liyingwu', 'tyler.mark', 'kginter', 'kerstynblanco', 'kyle.james', 'j.cardenas', 'dwasko', 'jting', 'juliasthilaire', 'gavin.drawdy', 'rajeevkini', 'jjeffares13', 'haquem', 'brookemc28', 'm.mcguinness', 'slo5228', 'lnava', 'thomasdonovan', 'bklein1', 'msuresh', 'caderylands', 'daanish.shauib', 'jherreracarrillo', 'johnmallari', 'ehecht', 'brianlien', 't.farrar', 'joseph.johnson', 'a01632193', 'perry.bechtle', 'mariecrosby', 'nowen1', 'cyarborough1', 'carson.mcneely', 'roy.mesa', 'ablimitablez', 'kylelackey', 'olivia.bergmann', 'm.mamun', 'ashleydonald', 'bthompson2', 'bcayush', 'yassin.labichi', 'zhewitt', 's.alderman', 'j.sforza']",8,"['rosenblumj', 'jahyagumbs', 'bethany.baker', 'tmomplaisir', 'manaschaturvedi', 'natashapolito', 'kayladunnuck', 'dunleavy.patrick']",68,"['jbrisbourne46', 'rnowak', 'ksantaniello', 'reiter.web', 'hernandezv', 'molinay', 'sgandhi', 'kennedycobb', 'liyingwu', 'tyler.mark', 'jahyagumbs', 'kginter', 'kerstynblanco', 'kyle.james', 'j.cardenas', 'dwasko', 'jwingen', 'justinwalsh', 'juliasthilaire', 'gavin.drawdy', 'hvantassel', 'rajeevkini', 'jjeffares13', 'haquem', 'brookemc28', 'm.mcguinness', 'tmomplaisir', 'slo5228', 'lnava', 'thomasdonovan', 'bklein1', 'msuresh', 'caderylands', 'daanish.shauib', 'mwielatz', 'jherreracarrillo', 'kayladunnuck', 'johnmallari', 'ehecht', 'brianlien', 't.farrar', 'joseph.johnson', 'a01632193', 'perry.bechtle', 'sergiolopez', 'mariecrosby', 'manaschaturvedi', 'nowen1', 'andrew.montiegel', 'dunleavy.patrick', 'natashapolito', 'cyarborough1', 'carson.mcneely', 'roy.mesa', 'ablimitablez', 'kylelackey', 'olivia.bergmann', 'zhewitt', 'rosenblumj', 'bethany.baker', 'm.mamun', 'ashleydonald', 'bthompson2', 'bcayush', 'yassin.labichi', 'jting', 's.alderman', 'j.sforza']"
17,89,60,10,1,['caderylands'],59,"['jbrisbourne46', 'rnowak', 'ksantaniello', 'reiter.web', 'hernandezv', 'molinay', 'sgandhi', 'kennedycobb', 'liyingwu', 'tyler.mark', 'kginter', 'kerstynblanco', 'kyle.james', 'j.cardenas', 'dwasko', 'jwingen', 'justinwalsh', 'juliasthilaire', 'gavin.drawdy', 'hvantassel', 'rajeevkini', 'jjeffares13', 'haquem', 'brookemc28', 'm.mcguinness', 'slo5228', 'lnava', 'thomasdonovan', 'bklein1', 'msuresh', 'daanish.shauib', 'mwielatz', 'jherreracarrillo', 'johnmallari', 'ehecht', 'brianlien', 't.farrar', 'joseph.johnson', 'a01632193', 'perry.bechtle', 'sergiolopez', 'mariecrosby', 'nowen1', 'andrew.montiegel', 'cyarborough1', 'carson.mcneely', 'roy.mesa', 'ablimitablez', 'kylelackey', 'olivia.bergmann', 'zhewitt', 'm.mamun', 'ashleydonald', 'bthompson2', 'bcayush', 'yassin.labichi', 'jting', 's.alderman', 'j.sforza']",9,"['amaldonadomartin', 'm.horn', 'alainagordon', 'gyeomans', 'millero', 'rebeccapoole', 'yassinlabichi', 'jeffdemetrio', '8223freret']",69,"['jbrisbourne46', 'rnowak', 'ksantaniello', 'reiter.web', 'hernandezv', 'molinay', 'sgandhi', 'kennedycobb', 'liyingwu', 'tyler.mark', 'kginter', 'kerstynblanco', 'kyle.james', 'j.cardenas', 'millero', 'dwasko', 'jwingen', 'justinwalsh', 'juliasthilaire', 'gavin.drawdy', 'hvantassel', 'yassinlabichi', 'jeffdemetrio', 'rajeevkini', 'jjeffares13', 'haquem', 'brookemc28', 'm.mcguinness', 'slo5228', 'lnava', 'thomasdonovan', 'bklein1', 'msuresh', 'caderylands', 'daanish.shauib', 'mwielatz', 'jherreracarrillo', 'gyeomans', 'johnmallari', 'ehecht', 'brianlien', 't.farrar', 'joseph.johnson', 'a01632193', 'perry.bechtle', 'sergiolopez', 'mariecrosby', 'alainagordon', 'nowen1', 'andrew.montiegel', 'cyarborough1', 'carson.mcneely', 'rebeccapoole', 'roy.mesa', '8223freret', 'ablimitablez', 'kylelackey', 'amaldonadomartin', 'olivia.bergmann', 'zhewitt', 'm.horn', 'm.mamun', 'ashleydonald', 'bthompson2', 'bcayush', 'yassin.labichi', 'jting', 's.alderman', 'j.sforza']"
17,92,60,7,3,"['j.cardenas', 'hvantassel', 'johnmallari']",57,"['jbrisbourne46', 'rnowak', 'ksantaniello', 'reiter.web', 'hernandezv', 'molinay', 'sgandhi', 'kennedycobb', 'liyingwu', 'tyler.mark', 'kginter', 'kerstynblanco', 'kyle.james', 'dwasko', 'jwingen', 'justinwalsh', 'juliasthilaire', 'gavin.drawdy', 'rajeevkini', 'jjeffares13', 'haquem', 'brookemc28', 'm.mcguinness', 'slo5228', 'lnava', 'thomasdonovan', 'bklein1', 'msuresh', 'caderylands', 'daanish.shauib', 'mwielatz', 'jherreracarrillo', 'ehecht', 'brianlien', 't.farrar', 'joseph.johnson', 'a01632193', 'perry.bechtle', 'sergiolopez', 'mariecrosby', 'nowen1', 'andrew.montiegel', 'cyarborough1', 'carson.mcneely', 'roy.mesa', 'ablimitablez', 'kylelackey', 'olivia.bergmann', 'zhewitt', 'm.mamun', 'ashleydonald', 'bthompson2', 'bcayush', 'yassin.labichi', 'jting', 's.alderman', 'j.sforza']",4,"['nicholaspech', 'nguyenk2', 'diploadrauu', 'ashleymitchell']",64,"['jbrisbourne46', 'rnowak', 'ksantaniello', 'reiter.web', 'diploadrauu', 'hernandezv', 'molinay', 'sgandhi', 'kennedycobb', 'liyingwu', 'tyler.mark', 'kginter', 'kerstynblanco', 'kyle.james', 'j.cardenas', 'dwasko', 'jwingen', 'justinwalsh', 'juliasthilaire', 'gavin.drawdy', 'hvantassel', 'rajeevkini', 'jjeffares13', 'haquem', 'brookemc28', 'm.mcguinness', 'slo5228', 'ashleymitchell', 'lnava', 'thomasdonovan', 'bklein1', 'msuresh', 'caderylands', 'daanish.shauib', 'mwielatz', 'jherreracarrillo', 'johnmallari', 'ehecht', 'brianlien', 't.farrar', 'joseph.johnson', 'a01632193', 'perry.bechtle', 'nicholaspech', 'sergiolopez', 'mariecrosby', 'nowen1', 'andrew.montiegel', 'cyarborough1', 'carson.mcneely', 'roy.mesa', 'nguyenk2', 'ablimitablez', 'kylelackey', 'olivia.bergmann', 'zhewitt', 'm.mamun', 'ashleydonald', 'bthompson2', 'bcayush', 'yassin.labichi', 'jting', 's.alderman', 'j.sforza']"
17,91,60,6,3,"['carson.mcneely', 'haquem', 'lnava']",57,"['jbrisbourne46', 'rnowak', 'ksantaniello', 'reiter.web', 'hernandezv', 'molinay', 'sgandhi', 'kennedycobb', 'liyingwu', 'tyler.mark', 'kginter', 'kerstynblanco', 'kyle.james', 'j.cardenas', 'dwasko', 'jwingen', 'justinwalsh', 'juliasthilaire', 'gavin.drawdy', 'hvantassel', 'rajeevkini', 'jjeffares13', 'brookemc28', 'm.mcguinness', 'slo5228', 'thomasdonovan', 'bklein1', 'msuresh', 'caderylands', 'daanish.shauib', 'mwielatz', 'jherreracarrillo', 'johnmallari', 'ehecht', 'brianlien', 't.farrar', 'joseph.johnson', 'a01632193', 'perry.bechtle', 'sergiolopez', 'mariecrosby', 'nowen1', 'andrew.montiegel', 'cyarborough1', 'roy.mesa', 'ablimitablez', 'kylelackey', 'olivia.bergmann', 'zhewitt', 'm.mamun', 'ashleydonald', 'bthompson2', 'bcayush', 'yassin.labichi', 'jting', 's.alderman', 'j.sforza']",3,"['lianettpineda', 'eric.bodnar', 'btanguay']",63,"['jbrisbourne46', 'rnowak', 'ksantaniello', 'reiter.web', 'hernandezv', 'molinay', 'sgandhi', 'kennedycobb', 'liyingwu', 'tyler.mark', 'kginter', 'kerstynblanco', 'kyle.james', 'j.cardenas', 'dwasko', 'jwingen', 'justinwalsh', 'juliasthilaire', 'gavin.drawdy', 'hvantassel', 'rajeevkini', 'jjeffares13', 'haquem', 'brookemc28', 'm.mcguinness', 'slo5228', 'lnava', 'thomasdonovan', 'bklein1', 'msuresh', 'caderylands', 'daanish.shauib', 'mwielatz', 'jherreracarrillo', 'johnmallari', 'ehecht', 'brianlien', 't.farrar', 'joseph.johnson', 'a01632193', 'perry.bechtle', 'sergiolopez', 'mariecrosby', 'nowen1', 'andrew.montiegel', 'btanguay', 'lianettpineda', 'cyarborough1', 'carson.mcneely', 'roy.mesa', 'ablimitablez', 'kylelackey', 'olivia.bergmann', 'zhewitt', 'm.mamun', 'ashleydonald', 'eric.bodnar', 'bthompson2', 'bcayush', 'yassin.labichi', 'jting', 's.alderman', 'j.sforza']"
17,93,60,6,5,"['molinay', 'mariecrosby', 'nowen1', 'dwasko', 'ehecht']",55,"['jbrisbourne46', 'rnowak', 'ksantaniello', 'reiter.web', 'hernandezv', 'sgandhi', 'kennedycobb', 'liyingwu', 'tyler.mark', 'kginter', 'kerstynblanco', 'kyle.james', 'j.cardenas', 'jwingen', 'justinwalsh', 'juliasthilaire', 'gavin.drawdy', 'hvantassel', 'rajeevkini', 'jjeffares13', 'haquem', 'brookemc28', 'm.mcguinness', 'slo5228', 'lnava', 'thomasdonovan', 'bklein1', 'msuresh', 'caderylands', 'daanish.shauib', 'mwielatz', 'jherreracarrillo', 'johnmallari', 'brianlien', 't.farrar', 'joseph.johnson', 'a01632193', 'perry.bechtle', 'sergiolopez', 'andrew.montiegel', 'cyarborough1', 'carson.mcneely', 'roy.mesa', 'ablimitablez', 'kylelackey', 'olivia.bergmann', 'zhewitt', 'm.mamun', 'ashleydonald', 'bthompson2', 'bcayush', 'yassin.labichi', 'jting', 's.alderman', 'j.sforza']",1,['wkirby1'],61,"['jbrisbourne46', 'rnowak', 'ksantaniello', 'reiter.web', 'hernandezv', 'molinay', 'sgandhi', 'kennedycobb', 'liyingwu', 'tyler.mark', 'kginter', 'kerstynblanco', 'kyle.james', 'j.cardenas', 'dwasko', 'jwingen', 'justinwalsh', 'juliasthilaire', 'gavin.drawdy', 'hvantassel', 'rajeevkini', 'jjeffares13', 'haquem', 'brookemc28', 'm.mcguinness', 'slo5228', 'lnava', 'thomasdonovan', 'bklein1', 'msuresh', 'caderylands', 'daanish.shauib', 'mwielatz', 'jherreracarrillo', 'johnmallari', 'ehecht', 'brianlien', 't.farrar', 'joseph.johnson', 'a01632193', 'perry.bechtle', 'sergiolopez', 'mariecrosby', 'nowen1', 'andrew.montiegel', 'wkirby1', 'cyarborough1', 'carson.mcneely', 'roy.mesa', 'ablimitablez', 'kylelackey', 'olivia.bergmann', 'zhewitt', 'm.mamun', 'ashleydonald', 'bthompson2', 'bcayush', 'yassin.labichi', 'jting', 's.alderman', 'j.sforza']"
18,238,60,17,17,"['fatih.ozefe.2', 'banugencay1998', 'tugcee416', 'firattan7', 'ilaydamelekyirtici', 'oykuykaraman', 'baharcigdem15', 'g.yesilnacar', 'ozmenne', 'tecimanirem', 'suaydartar', 'melis241', 'sevcan.1168', 'ezgivural93', 'yareenerozen', 'soneerkarabacak', 'alekberov752']",43,"['anilozertural', 'tiraler', 'n.a.medvedev', 'nokksiempre', 'unaldegirmenci44', 'yldz.busraa', 'fff28', 'bugra.eyidogan', 'kshen64', 'prabeen4life', 'yagmurdemircan', 'aathiraa1993', 'rajqwerty', 'liujwtoastoghost', 'utku.canakci', 'tl787', 'zw582', 'bdruecke', 'kug46.psu', 'isaac2017', 'zeynepaltan', 'zeynepsimdim', 'ms2682', 'abdullah13524', 'd00524018', 'zaydo180', 'g340374c', 'cwang122', 'pregnolato.costanza', 'melekezgiirmak', 'jw2586', 'yishayah', 'dilan1045', 'jpm445', 'logankearney6190', 's.abbas.yousry', 'attamemon26', 'piaoranye', 'yc2647', 'dinckalsanem', 'ahmnavy', 'armyquette', 'mesutk']",0,[],60,"['anilozertural', 'tiraler', 'nokksiempre', 'yldz.busraa', 'ilaydamelekyirtici', 'suaydartar', 'oykuykaraman', 'banugencay1998', 'liujwtoastoghost', 'tl787', 'bdruecke', 'isaac2017', 'zeynepaltan', 'sevcan.1168', 'melekezgiirmak', 'yareenerozen', 'alekberov752', 'dilan1045', 'logankearney6190', 'attamemon26', 's.abbas.yousry', 'piaoranye', 'yc2647', 'g.yesilnacar', 'ahmnavy', 'mesutk', 'n.a.medvedev', 'unaldegirmenci44', 'fff28', 'bugra.eyidogan', 'kshen64', 'prabeen4life', 'yagmurdemircan', 'aathiraa1993', 'rajqwerty', 'utku.canakci', 'zw582', 'kug46.psu', 'ozmenne', 'ezgivural93', 'zeynepsimdim', 'ms2682', 'abdullah13524', 'd00524018', 'baharcigdem15', 'zaydo180', 'g340374c', 'cwang122', 'pregnolato.costanza', 'tecimanirem', 'jw2586', 'yishayah', 'fatih.ozefe.2', 'jpm445', 'tugcee416', 'firattan7', 'dinckalsanem', 'melis241', 'soneerkarabacak', 'armyquette']"
18,237,60,7,6,"['jpm445', 'tl787', 'zw582', 'yc2647', 'fff28', 'jw2586']",54,"['anilozertural', 'tiraler', 'n.a.medvedev', 'unaldegirmenci44', 'nokksiempre', 'yldz.busraa', 'ilaydamelekyirtici', 'suaydartar', 'bugra.eyidogan', 'kshen64', 'prabeen4life', 'yagmurdemircan', 'aathiraa1993', 'oykuykaraman', 'rajqwerty', 'banugencay1998', 'liujwtoastoghost', 'utku.canakci', 'bdruecke', 'kug46.psu', 'isaac2017', 'ozmenne', 'ezgivural93', 'zeynepaltan', 'ahmnavy', 'ms2682', 'zeynepsimdim', 'abdullah13524', 'd00524018', 'baharcigdem15', 'zaydo180', 'g340374c', 'cwang122', 'sevcan.1168', 'pregnolato.costanza', 'tecimanirem', 'melekezgiirmak', 'yareenerozen', 'yishayah', 'alekberov752', 'dilan1045', 'fatih.ozefe.2', 'logankearney6190', 's.abbas.yousry', 'attamemon26', 'tugcee416', 'firattan7', 'piaoranye', 'dinckalsanem', 'g.yesilnacar', 'melis241', 'soneerkarabacak', 'armyquette', 'mesutk']",1,['hs959'],61,"['anilozertural', 'hs959', 'tiraler', 'n.a.medvedev', 'unaldegirmenci44', 'nokksiempre', 'yldz.busraa', 'ilaydamelekyirtici', 'fff28', 'suaydartar', 'bugra.eyidogan', 'kshen64', 'prabeen4life', 'yagmurdemircan', 'aathiraa1993', 'oykuykaraman', 'rajqwerty', 'banugencay1998', 'liujwtoastoghost', 'utku.canakci', 'tl787', 'zw582', 'bdruecke', 'kug46.psu', 'isaac2017', 'ozmenne', 'ezgivural93', 'zeynepaltan', 'ahmnavy', 'ms2682', 'zeynepsimdim', 'abdullah13524', 'd00524018', 'baharcigdem15', 'zaydo180', 'g340374c', 'cwang122', 'sevcan.1168', 'pregnolato.costanza', 'tecimanirem', 'melekezgiirmak', 'jw2586', 'yareenerozen', 'yishayah', 'alekberov752', 'dilan1045', 'fatih.ozefe.2', 'jpm445', 'logankearney6190', 's.abbas.yousry', 'attamemon26', 'tugcee416', 'firattan7', 'piaoranye', 'yc2647', 'dinckalsanem', 'g.yesilnacar', 'melis241', 'soneerkarabacak', 'armyquette', 'mesutk']"
18,239,60,6,6,"['anilozertural', 'dinckalsanem', 'g.yesilnacar', 'zeynepaltan', 'zeynepsimdim', 'oykuykaraman']",54,"['tiraler', 'n.a.medvedev', 'unaldegirmenci44', 'nokksiempre', 'yldz.busraa', 'ilaydamelekyirtici', 'fff28', 'suaydartar', 'bugra.eyidogan', 'kshen64', 'prabeen4life', 'yagmurdemircan', 'aathiraa1993', 'rajqwerty', 'banugencay1998', 'liujwtoastoghost', 'utku.canakci', 'tl787', 'zw582', 'bdruecke', 'kug46.psu', 'isaac2017', 'ozmenne', 'ezgivural93', 'ahmnavy', 'ms2682', 'abdullah13524', 'd00524018', 'baharcigdem15', 'zaydo180', 'g340374c', 'cwang122', 'sevcan.1168', 'pregnolato.costanza', 'tecimanirem', 'melekezgiirmak', 'jw2586', 'yareenerozen', 'yishayah', 'alekberov752', 'dilan1045', 'fatih.ozefe.2', 'jpm445', 'logankearney6190', 's.abbas.yousry', 'attamemon26', 'tugcee416', 'firattan7', 'piaoranye', 'yc2647', 'melis241', 'soneerkarabacak', 'armyquette', 'mesutk']",0,[],60,"['anilozertural', 'tiraler', 'n.a.medvedev', 'unaldegirmenci44', 'nokksiempre', 'yldz.busraa', 'ilaydamelekyirtici', 'fff28', 'suaydartar', 'bugra.eyidogan', 'kshen64', 'prabeen4life', 'yagmurdemircan', 'aathiraa1993', 'oykuykaraman', 'rajqwerty', 'banugencay1998', 'liujwtoastoghost', 'utku.canakci', 'tl787', 'zw582', 'bdruecke', 'kug46.psu', 'isaac2017', 'ozmenne', 'ezgivural93', 'zeynepaltan', 'ahmnavy', 'ms2682', 'zeynepsimdim', 'abdullah13524', 'd00524018', 'baharcigdem15', 'zaydo180', 'g340374c', 'cwang122', 'sevcan.1168', 'pregnolato.costanza', 'tecimanirem', 'melekezgiirmak', 'jw2586', 'yareenerozen', 'yishayah', 'alekberov752', 'dilan1045', 'fatih.ozefe.2', 'jpm445', 'logankearney6190', 's.abbas.yousry', 'attamemon26', 'tugcee416', 'firattan7', 'piaoranye', 'yc2647', 'dinckalsanem', 'g.yesilnacar', 'melis241', 'soneerkarabacak', 'armyquette', 'mesutk']"
19,181,58,42,34,"['yuchang3', 'ryanlim2', 'nk13', 'hyunbin2', 'efalse2', 'nwa2', 'jheaton3', 'jrange23', 'eoh23', 'ryusuke2', 'msolis27', 'torsr2', 'fulcrum', 'niharrm2', 'ssibi2', 'msiddi60', 'iajifo2', 'chyu3', 'aleahht2', 'jalies2', 'zainab2', 'benvau2', 'wrishk2', 'aaguero2', 'jacobt6', 'dhamill2', 'boyazhu2', 'ddejong2', 'shawnc2', 'anm9', 'sendres2', 'xinzhih2', 'bnw4', 'jinyang9']",24,"['aniyogi2', 'kirkbloom67', 'vic4', 'maritza8', 'raranade', 'tkoduri2', 'dylanh5', 'juliahd2', 'marialc3', 'xianzhi2', 'sopfeil2', 'yunzhes2', 'hatoonb2', 'simong2', 'mkurecki', 'mozahma2', 'maryama3', 'boyangy4', 'zy26', 'damer', 'rsears4', 'nmohrkub', 'pc20', 'mmj5']",8,"['dcudzi2', 'malonzo2', 'jaredf2', 'sali93', 'hanlinw3', 'mrc13', 'kirajm2', 'juliawp2']",66,"['aniyogi2', 'nk13', 'hyunbin2', 'raranade', 'ryusuke2', 'torsr2', 'tkoduri2', 'sali93', 'niharrm2', 'ssibi2', 'dylanh5', 'juliahd2', 'chyu3', 'dcudzi2', 'xianzhi2', 'jalies2', 'benvau2', 'dhamill2', 'zainab2', 'simong2', 'aaguero2', 'boyazhu2', 'maryama3', 'mozahma2', 'ddejong2', 'shawnc2', 'anm9', 'zy26', 'sendres2', 'jaredf2', 'rsears4', 'nmohrkub', 'mrc13', 'bnw4', 'jinyang9', 'mmj5', 'yuchang3', 'ryanlim2', 'efalse2', 'nwa2', 'vic4', 'kirkbloom67', 'jheaton3', 'jrange23', 'eoh23', 'maritza8', 'msolis27', 'malonzo2', 'fulcrum', 'iajifo2', 'msiddi60', 'juliawp2', 'marialc3', 'aleahht2', 'sopfeil2', 'yunzhes2', 'hatoonb2', 'jacobt6', 'wrishk2', 'hanlinw3', 'mkurecki', 'kirajm2', 'boyangy4', 'damer', 'xinzhih2', 'pc20']"
19,51,58,28,3,"['mkurecki', 'nmohrkub', 'raranade']",55,"['yuchang3', 'aniyogi2', 'ryanlim2', 'nk13', 'hyunbin2', 'efalse2', 'nwa2', 'vic4', 'kirkbloom67', 'jheaton3', 'jrange23', 'maritza8', 'eoh23', 'ryusuke2', 'msolis27', 'torsr2', 'fulcrum', 'tkoduri2', 'niharrm2', 'ssibi2', 'dylanh5', 'iajifo2', 'juliahd2', 'msiddi60', 'chyu3', 'marialc3', 'xianzhi2', 'aleahht2', 'jalies2', 'sopfeil2', 'yunzhes2', 'dhamill2', 'benvau2', 'hatoonb2', 'simong2', 'zainab2', 'aaguero2', 'jacobt6', 'wrishk2', 'boyazhu2', 'maryama3', 'mozahma2', 'ddejong2', 'boyangy4', 'shawnc2', 'damer', 'anm9', 'sendres2', 'zy26', 'rsears4', 'xinzhih2', 'bnw4', 'pc20', 'jinyang9', 'mmj5']",25,"['arouhand', 'jeaniekim', 'udesarda', 'rlmabry', 'rwtheilm', 'kgupta42', 'tlovell2', 'chattend', 'mvkimbal', 'mkhadley', 'tdmcgow1', 'mdlevin2', 'crdavi26', 'tlvo1', 'jrsanne1', 'sdahal4', 'mesmeral', 'ijsxa', 'dokbamic', 'mmblaes', 'mrplatt1', 'ksantos5', 'djdenzer', 'hcquinn', 'bpovilus']",83,"['aniyogi2', 'nk13', 'hyunbin2', 'rlmabry', 'raranade', 'ryusuke2', 'torsr2', 'tkoduri2', 'niharrm2', 'ssibi2', 'dylanh5', 'kgupta42', 'tlovell2', 'chattend', 'juliahd2', 'mvkimbal', 'chyu3', 'mkhadley', 'xianzhi2', 'jalies2', 'crdavi26', 'benvau2', 'dhamill2', 'zainab2', 'simong2', 'aaguero2', 'tlvo1', 'sdahal4', 'boyazhu2', 'mesmeral', 'maryama3', 'mozahma2', 'ijsxa', 'ddejong2', 'shawnc2', 'anm9', 'zy26', 'sendres2', 'rsears4', 'ksantos5', 'nmohrkub', 'djdenzer', 'bnw4', 'hcquinn', 'jinyang9', 'mmj5', 'yuchang3', 'ryanlim2', 'efalse2', 'nwa2', 'arouhand', 'jeaniekim', 'vic4', 'kirkbloom67', 'jheaton3', 'udesarda', 'jrange23', 'eoh23', 'maritza8', 'msolis27', 'rwtheilm', 'fulcrum', 'iajifo2', 'msiddi60', 'marialc3', 'tdmcgow1', 'aleahht2', 'mdlevin2', 'sopfeil2', 'yunzhes2', 'hatoonb2', 'jacobt6', 'wrishk2', 'jrsanne1', 'mkurecki', 'boyangy4', 'damer', 'dokbamic', 'mmblaes', 'xinzhih2', 'mrplatt1', 'pc20', 'bpovilus']"
19,182,58,10,10,"['marialc3', 'sopfeil2', 'rsears4', 'ssibi2', 'simong2', 'vic4', 'jrange23', 'pc20', 'maritza8', 'iajifo2']",48,"['yuchang3', 'aniyogi2', 'ryanlim2', 'nk13', 'hyunbin2', 'efalse2', 'nwa2', 'kirkbloom67', 'jheaton3', 'eoh23', 'raranade', 'ryusuke2', 'msolis27', 'torsr2', 'fulcrum', 'tkoduri2', 'niharrm2', 'dylanh5', 'juliahd2', 'msiddi60', 'chyu3', 'xianzhi2', 'aleahht2', 'jalies2', 'yunzhes2', 'dhamill2', 'benvau2', 'hatoonb2', 'zainab2', 'aaguero2', 'jacobt6', 'wrishk2', 'boyazhu2', 'mkurecki', 'maryama3', 'mozahma2', 'ddejong2', 'boyangy4', 'shawnc2', 'damer', 'anm9', 'sendres2', 'zy26', 'xinzhih2', 'nmohrkub', 'bnw4', 'jinyang9', 'mmj5']",0,[],58,"['yuchang3', 'aniyogi2', 'ryanlim2', 'nk13', 'hyunbin2', 'efalse2', 'nwa2', 'vic4', 'kirkbloom67', 'jheaton3', 'jrange23', 'eoh23', 'maritza8', 'raranade', 'ryusuke2', 'msolis27', 'torsr2', 'fulcrum', 'tkoduri2', 'niharrm2', 'ssibi2', 'dylanh5', 'iajifo2', 'juliahd2', 'msiddi60', 'chyu3', 'marialc3', 'xianzhi2', 'aleahht2', 'jalies2', 'sopfeil2', 'yunzhes2', 'dhamill2', 'benvau2', 'hatoonb2', 'simong2', 'zainab2', 'aaguero2', 'jacobt6', 'wrishk2', 'boyazhu2', 'mkurecki', 'maryama3', 'mozahma2', 'ddejong2', 'boyangy4', 'shawnc2', 'damer', 'anm9', 'sendres2', 'zy26', 'rsears4', 'xinzhih2', 'nmohrkub', 'bnw4', 'pc20', 'jinyang9', 'mmj5']"
20,204,56,31,16,"['stsaw97', '1967hamzausta', 'ekim.coskun19', 'yusufacoskun', 'ozumkocaman9', 'mertkaggle', 'haticeterzibali', 'alikanadli7', 'seher', 'karaaslanmustafa4534', 'goknur.derinoz', 'berksaldr', 'aliikazankaya', 'abdullahcamoglu675', 'ekicifatih0', 'tahademiryol85']",40,"['kaayaa40', 'kagansensazli', 'raistlin', 'sflt317', 'sayhello2rishavsagar', 'furkan069906', 'brs21', 'corezyadigar26', 'ceydabayrak581', 'furkan552senturk', 'oguzxxx55', 'onurerks', 'kaankuncak', 'fatihyorgun1996', 'rdvanokul05', 'elembengisu', 'anilboran0671', 'ayvaz09', 'enesdinler1', 'dumpnit', 'neslihannayy', 'bertansafak', 'ufuk', 'rapizor', 'alperensenyigit.as', 'emircansimsek', 'siu854440416', 'sezkale52', 'osmanestbkts', 'mmb', 'yamakonurcan', 'melikedogru22', 'keryfly', 'kaanbjk27', 'furkan12', 'berkcmn', 'atakanzmbr', 'ranaoztemur', 'ymenekse1', 'ataozirmak']",15,"['oktayhalitekinay', 'omertrbzn6197', 'testeremre70', 'murat.kolcu.1926', 'sonerkar', 'aslanersin32', 'altugyaylaci', 'ozcanguclu', 'edakartari', 'asdadsa', 'tugbakoyuncu99', 'oknky', 'kadandirf', 'serdememen', 'flzkdndr']",71,"['testeremre70', 'altugyaylaci', 'kaayaa40', 'kagansensazli', 'raistlin', 'haticeterzibali', 'sflt317', 'ceydabayrak581', 'stsaw97', 'murat.kolcu.1926', '1967hamzausta', 'fatihyorgun1996', 'rdvanokul05', 'ozcanguclu', 'oknky', 'elembengisu', 'ayvaz09', 'sonerkar', 'ufuk', 'emircansimsek', 'asdadsa', 'sezkale52', 'oktayhalitekinay', 'yamakonurcan', 'berkcmn', 'yusufacoskun', 'atakanzmbr', 'ranaoztemur', 'ymenekse1', 'karaaslanmustafa4534', 'berksaldr', 'omertrbzn6197', 'mertkaggle', 'sayhello2rishavsagar', 'furkan069906', 'brs21', 'corezyadigar26', 'kadandirf', 'furkan552senturk', 'oguzxxx55', 'onurerks', 'kaankuncak', 'ekim.coskun19', 'tugbakoyuncu99', 'goknur.derinoz', 'anilboran0671', 'ekicifatih0', 'enesdinler1', 'dumpnit', 'neslihannayy', 'bertansafak', 'rapizor', 'alperensenyigit.as', 'siu854440416', 'aliikazankaya', 'abdullahcamoglu675', 'flzkdndr', 'osmanestbkts', 'mmb', 'melikedogru22', 'keryfly', 'kaanbjk27', 'furkan12', 'aslanersin32', 'ozumkocaman9', 'edakartari', 'alikanadli7', 'seher', 'ataozirmak', 'serdememen', 'tahademiryol85']"
20,207,56,19,11,"['melikedogru22', 'furkan12', '1967hamzausta', 'onurerks', 'ranaoztemur', 'kaayaa40', 'bertansafak', 'furkan069906', 'anilboran0671', 'furkan552senturk', 'yamakonurcan']",45,"['kagansensazli', 'mertkaggle', 'raistlin', 'haticeterzibali', 'sflt317', 'sayhello2rishavsagar', 'brs21', 'corezyadigar26', 'ceydabayrak581', 'stsaw97', 'oguzxxx55', 'kaankuncak', 'ekim.coskun19', 'fatihyorgun1996', 'rdvanokul05', 'goknur.derinoz', 'elembengisu', 'ayvaz09', 'ekicifatih0', 'enesdinler1', 'dumpnit', 'neslihannayy', 'ufuk', 'rapizor', 'alperensenyigit.as', 'emircansimsek', 'siu854440416', 'sezkale52', 'aliikazankaya', 'abdullahcamoglu675', 'osmanestbkts', 'mmb', 'keryfly', 'kaanbjk27', 'berkcmn', 'yusufacoskun', 'atakanzmbr', 'ozumkocaman9', 'ymenekse1', 'alikanadli7', 'seher', 'ataozirmak', 'karaaslanmustafa4534', 'berksaldr', 'tahademiryol85']",8,"['murat.kolcu.1926', 'ulusoy2006', 'mrtmert98', 'halilalp', 'arif.ozkan5806', 'aydoganaali19', 'salcaburak', 'byzayh13']",64,"['kaayaa40', 'mertkaggle', 'kagansensazli', 'raistlin', 'haticeterzibali', 'sflt317', 'sayhello2rishavsagar', 'furkan069906', 'arif.ozkan5806', 'brs21', 'corezyadigar26', 'furkan552senturk', 'ceydabayrak581', 'stsaw97', 'murat.kolcu.1926', 'oguzxxx55', '1967hamzausta', 'onurerks', 'kaankuncak', 'ekim.coskun19', 'fatihyorgun1996', 'rdvanokul05', 'goknur.derinoz', 'elembengisu', 'aydoganaali19', 'anilboran0671', 'ayvaz09', 'ekicifatih0', 'enesdinler1', 'byzayh13', 'dumpnit', 'neslihannayy', 'ulusoy2006', 'bertansafak', 'ufuk', 'rapizor', 'alperensenyigit.as', 'emircansimsek', 'siu854440416', 'sezkale52', 'mrtmert98', 'aliikazankaya', 'abdullahcamoglu675', 'halilalp', 'salcaburak', 'osmanestbkts', 'mmb', 'yamakonurcan', 'melikedogru22', 'keryfly', 'kaanbjk27', 'furkan12', 'berkcmn', 'yusufacoskun', 'atakanzmbr', 'ozumkocaman9', 'ranaoztemur', 'ymenekse1', 'alikanadli7', 'seher', 'ataozirmak', 'karaaslanmustafa4534', 'berksaldr', 'tahademiryol85']"
20,206,56,16,6,"['keryfly', 'ymenekse1', 'emircansimsek', 'ataozirmak', 'corezyadigar26', 'ceydabayrak581']",50,"['kaayaa40', 'kagansensazli', 'mertkaggle', 'raistlin', 'haticeterzibali', 'sflt317', 'sayhello2rishavsagar', 'furkan069906', 'brs21', 'furkan552senturk', 'stsaw97', 'oguzxxx55', '1967hamzausta', 'onurerks', 'kaankuncak', 'ekim.coskun19', 'fatihyorgun1996', 'rdvanokul05', 'goknur.derinoz', 'elembengisu', 'anilboran0671', 'ayvaz09', 'ekicifatih0', 'enesdinler1', 'dumpnit', 'neslihannayy', 'bertansafak', 'ufuk', 'rapizor', 'alperensenyigit.as', 'siu854440416', 'sezkale52', 'aliikazankaya', 'abdullahcamoglu675', 'osmanestbkts', 'mmb', 'yamakonurcan', 'melikedogru22', 'furkan12', 'kaanbjk27', 'berkcmn', 'yusufacoskun', 'atakanzmbr', 'ozumkocaman9', 'ranaoztemur', 'alikanadli7', 'seher', 'karaaslanmustafa4534', 'berksaldr', 'tahademiryol85']",10,"['ftah', 'burakalperen87', 'mmozcan4', 'mumiock.1067', 'yunusyeo768', 'panellink1', 'tugbakoyuncu99', 'fdirisaglik', 'talayhalil2626', 'lerner']",66,"['kaayaa40', 'mertkaggle', 'kagansensazli', 'raistlin', 'haticeterzibali', 'sflt317', 'sayhello2rishavsagar', 'yunusyeo768', 'furkan069906', 'brs21', 'corezyadigar26', 'furkan552senturk', 'ceydabayrak581', 'stsaw97', 'oguzxxx55', '1967hamzausta', 'onurerks', 'kaankuncak', 'ekim.coskun19', 'mmozcan4', 'fatihyorgun1996', 'rdvanokul05', 'tugbakoyuncu99', 'goknur.derinoz', 'elembengisu', 'anilboran0671', 'ayvaz09', 'ekicifatih0', 'enesdinler1', 'lerner', 'burakalperen87', 'dumpnit', 'neslihannayy', 'ftah', 'bertansafak', 'ufuk', 'rapizor', 'mumiock.1067', 'alperensenyigit.as', 'emircansimsek', 'panellink1', 'siu854440416', 'sezkale52', 'talayhalil2626', 'aliikazankaya', 'abdullahcamoglu675', 'osmanestbkts', 'mmb', 'yamakonurcan', 'melikedogru22', 'keryfly', 'kaanbjk27', 'furkan12', 'berkcmn', 'yusufacoskun', 'atakanzmbr', 'ozumkocaman9', 'ranaoztemur', 'ymenekse1', 'alikanadli7', 'seher', 'ataozirmak', 'karaaslanmustafa4534', 'fdirisaglik', 'berksaldr', 'tahademiryol85']"
20,224,56,7,4,"['raistlin', 'dumpnit', 'kaankuncak', 'onurerks']",52,"['kaayaa40', 'mertkaggle', 'kagansensazli', 'haticeterzibali', 'sflt317', 'sayhello2rishavsagar', 'furkan069906', 'brs21', 'corezyadigar26', 'furkan552senturk', 'ceydabayrak581', 'stsaw97', 'oguzxxx55', '1967hamzausta', 'ekim.coskun19', 'fatihyorgun1996', 'rdvanokul05', 'goknur.derinoz', 'elembengisu', 'anilboran0671', 'ayvaz09', 'ekicifatih0', 'enesdinler1', 'neslihannayy', 'bertansafak', 'ufuk', 'rapizor', 'alperensenyigit.as', 'emircansimsek', 'siu854440416', 'sezkale52', 'aliikazankaya', 'abdullahcamoglu675', 'osmanestbkts', 'mmb', 'yamakonurcan', 'melikedogru22', 'keryfly', 'kaanbjk27', 'furkan12', 'berkcmn', 'yusufacoskun', 'atakanzmbr', 'ozumkocaman9', 'ranaoztemur', 'ymenekse1', 'alikanadli7', 'seher', 'ataozirmak', 'karaaslanmustafa4534', 'berksaldr', 'tahademiryol85']",3,"['mstff.1clkk', 'halilibrahimtiken', 'murattdo']",59,"['halilibrahimtiken', 'kaayaa40', 'mertkaggle', 'kagansensazli', 'raistlin', 'haticeterzibali', 'sflt317', 'sayhello2rishavsagar', 'furkan069906', 'mstff.1clkk', 'brs21', 'corezyadigar26', 'furkan552senturk', 'ceydabayrak581', 'stsaw97', 'oguzxxx55', '1967hamzausta', 'onurerks', 'kaankuncak', 'ekim.coskun19', 'fatihyorgun1996', 'rdvanokul05', 'goknur.derinoz', 'elembengisu', 'anilboran0671', 'ayvaz09', 'ekicifatih0', 'enesdinler1', 'dumpnit', 'neslihannayy', 'bertansafak', 'ufuk', 'rapizor', 'alperensenyigit.as', 'emircansimsek', 'murattdo', 'siu854440416', 'sezkale52', 'aliikazankaya', 'abdullahcamoglu675', 'osmanestbkts', 'mmb', 'yamakonurcan', 'melikedogru22', 'keryfly', 'kaanbjk27', 'furkan12', 'berkcmn', 'yusufacoskun', 'atakanzmbr', 'ozumkocaman9', 'ranaoztemur', 'ymenekse1', 'alikanadli7', 'seher', 'ataozirmak', 'karaaslanmustafa4534', 'berksaldr', 'tahademiryol85']"
20,223,56,6,2,"['rdvanokul05', 'enesdinler1']",54,"['kaayaa40', 'mertkaggle', 'kagansensazli', 'raistlin', 'haticeterzibali', 'sflt317', 'sayhello2rishavsagar', 'furkan069906', 'brs21', 'corezyadigar26', 'furkan552senturk', 'ceydabayrak581', 'stsaw97', 'oguzxxx55', '1967hamzausta', 'onurerks', 'kaankuncak', 'ekim.coskun19', 'fatihyorgun1996', 'goknur.derinoz', 'elembengisu', 'anilboran0671', 'ayvaz09', 'ekicifatih0', 'dumpnit', 'neslihannayy', 'bertansafak', 'ufuk', 'rapizor', 'alperensenyigit.as', 'emircansimsek', 'siu854440416', 'sezkale52', 'aliikazankaya', 'abdullahcamoglu675', 'osmanestbkts', 'mmb', 'yamakonurcan', 'melikedogru22', 'keryfly', 'kaanbjk27', 'furkan12', 'berkcmn', 'yusufacoskun', 'atakanzmbr', 'ozumkocaman9', 'ranaoztemur', 'ymenekse1', 'alikanadli7', 'seher', 'ataozirmak', 'karaaslanmustafa4534', 'berksaldr', 'tahademiryol85']",4,"['cancetinkaya1201', 'azazimalii', 'ogu0001', 'mtakcali']",60,"['ogu0001', 'kaayaa40', 'azazimalii', 'mertkaggle', 'kagansensazli', 'raistlin', 'haticeterzibali', 'sflt317', 'sayhello2rishavsagar', 'furkan069906', 'brs21', 'corezyadigar26', 'furkan552senturk', 'ceydabayrak581', 'stsaw97', 'oguzxxx55', '1967hamzausta', 'onurerks', 'kaankuncak', 'ekim.coskun19', 'fatihyorgun1996', 'rdvanokul05', 'cancetinkaya1201', 'goknur.derinoz', 'elembengisu', 'anilboran0671', 'ayvaz09', 'ekicifatih0', 'enesdinler1', 'dumpnit', 'neslihannayy', 'bertansafak', 'ufuk', 'rapizor', 'alperensenyigit.as', 'emircansimsek', 'siu854440416', 'sezkale52', 'aliikazankaya', 'abdullahcamoglu675', 'osmanestbkts', 'mmb', 'yamakonurcan', 'melikedogru22', 'keryfly', 'kaanbjk27', 'furkan12', 'berkcmn', 'yusufacoskun', 'atakanzmbr', 'ozumkocaman9', 'ranaoztemur', 'ymenekse1', 'alikanadli7', 'seher', 'ataozirmak', 'karaaslanmustafa4534', 'berksaldr', 'mtakcali', 'tahademiryol85']"
21,77,49,22,20,"['kshameen182', 'lalita', 'sejal0022', 'param.patel4399', 'psmit', 'riya.s.shah30', 'sim.pawar', 'dashita27', 'diximehta99', 'devdutt', 'ayush2310', 's1ddhant', 'sharmi9947', 'minimicro', 'pkothari0910', 'yashsakpal0504', 'niyatibd', 'voramegh18', 'shreyagirish09', 'lilscience211']",29,"['fg0007', 'sohamshah', 'rutikpithwa', 'angelgordon33', 'pacodelamar', 'vaibhavi_sonetha', 'dibyendumaity1999', 'nateserc', 'anujachanana', 's3479811', 'noe01377', 'deluisfloresfranciscoa', 'atc427', 'espinosacantea2', 'oscarmunozcuamtzi', 'mariola13', 'giakyrizzi', 'marcobolo', 'cnianne', 'lumodava', 'djpaul', 'jeevanprakash.ha2020', 'lbw', 'eshanshah', 'vyshakmenon4', 'astha.mehta28', 'mokshavora66', 'swarajmthorat', 's3712599']",2,"['nidhi.joshi', 'banerjiank21']",51,"['fg0007', 'nidhi.joshi', 'kshameen182', 'sohamshah', 'rutikpithwa', 'angelgordon33', 'pacodelamar', 'vaibhavi_sonetha', 'dibyendumaity1999', 'lalita', 'sejal0022', 'param.patel4399', 'nateserc', 'anujachanana', 'psmit', 's3479811', 'riya.s.shah30', 'sim.pawar', 'atc427', 'noe01377', 'deluisfloresfranciscoa', 'espinosacantea2', 'oscarmunozcuamtzi', 'mariola13', 'dashita27', 'giakyrizzi', 'diximehta99', 'devdutt', 'banerjiank21', 'ayush2310', 'marcobolo', 'cnianne', 's1ddhant', 'sharmi9947', 'lumodava', 'minimicro', 'pkothari0910', 'djpaul', 'jeevanprakash.ha2020', 'yashsakpal0504', 'lbw', 'niyatibd', 'eshanshah', 'vyshakmenon4', 'astha.mehta28', 'shreyagirish09', 'mokshavora66', 'voramegh18', 'swarajmthorat', 's3712599', 'lilscience211']"
21,80,49,11,3,"['nateserc', 'lbw', 'cnianne']",46,"['fg0007', 'kshameen182', 'sohamshah', 'rutikpithwa', 'angelgordon33', 'pacodelamar', 'vaibhavi_sonetha', 'dibyendumaity1999', 'lalita', 'sejal0022', 'param.patel4399', 'anujachanana', 'psmit', 's3479811', 'riya.s.shah30', 'sim.pawar', 'atc427', 'noe01377', 'deluisfloresfranciscoa', 'espinosacantea2', 'oscarmunozcuamtzi', 'mariola13', 'dashita27', 'giakyrizzi', 'diximehta99', 'devdutt', 'ayush2310', 'marcobolo', 's1ddhant', 'sharmi9947', 'lumodava', 'minimicro', 'pkothari0910', 'djpaul', 'jeevanprakash.ha2020', 'yashsakpal0504', 'niyatibd', 'eshanshah', 'vyshakmenon4', 'astha.mehta28', 'shreyagirish09', 'mokshavora66', 'voramegh18', 'swarajmthorat', 's3712599', 'lilscience211']",8,"['shewlett', 'eobregon', 'erikgren', 'klacey23', 'matodunn', 'abisram', 'maxwellb', 'delaneymcl_2']",57,"['fg0007', 'eobregon', 'kshameen182', 'matodunn', 'sohamshah', 'rutikpithwa', 'angelgordon33', 'pacodelamar', 'vaibhavi_sonetha', 'dibyendumaity1999', 'lalita', 'sejal0022', 'delaneymcl_2', 'param.patel4399', 'nateserc', 'anujachanana', 'psmit', 'erikgren', 's3479811', 'maxwellb', 'riya.s.shah30', 'sim.pawar', 'atc427', 'noe01377', 'deluisfloresfranciscoa', 'espinosacantea2', 'oscarmunozcuamtzi', 'mariola13', 'dashita27', 'giakyrizzi', 'diximehta99', 'devdutt', 'ayush2310', 'marcobolo', 'cnianne', 's1ddhant', 'sharmi9947', 'lumodava', 'minimicro', 'pkothari0910', 'djpaul', 'shewlett', 'jeevanprakash.ha2020', 'yashsakpal0504', 'lbw', 'niyatibd', 'eshanshah', 'vyshakmenon4', 'klacey23', 'astha.mehta28', 'abisram', 'shreyagirish09', 'mokshavora66', 'voramegh18', 'swarajmthorat', 's3712599', 'lilscience211']"
21,78,49,8,7,"['eshanshah', 'sohamshah', 'astha.mehta28', 'rutikpithwa', 'mokshavora66', 'vaibhavi_sonetha', 'swarajmthorat']",42,"['fg0007', 'kshameen182', 'angelgordon33', 'pacodelamar', 'dibyendumaity1999', 'lalita', 'sejal0022', 'param.patel4399', 'nateserc', 'anujachanana', 'psmit', 's3479811', 'riya.s.shah30', 'sim.pawar', 'atc427', 'noe01377', 'deluisfloresfranciscoa', 'espinosacantea2', 'oscarmunozcuamtzi', 'mariola13', 'dashita27', 'giakyrizzi', 'diximehta99', 'devdutt', 'ayush2310', 'marcobolo', 'cnianne', 's1ddhant', 'sharmi9947', 'lumodava', 'minimicro', 'pkothari0910', 'djpaul', 'jeevanprakash.ha2020', 'yashsakpal0504', 'lbw', 'niyatibd', 'vyshakmenon4', 'shreyagirish09', 'voramegh18', 's3712599', 'lilscience211']",1,['pranaleerane'],50,"['fg0007', 'kshameen182', 'sohamshah', 'rutikpithwa', 'angelgordon33', 'pacodelamar', 'vaibhavi_sonetha', 'dibyendumaity1999', 'lalita', 'sejal0022', 'param.patel4399', 'nateserc', 'anujachanana', 'psmit', 's3479811', 'riya.s.shah30', 'sim.pawar', 'atc427', 'noe01377', 'deluisfloresfranciscoa', 'espinosacantea2', 'pranaleerane', 'oscarmunozcuamtzi', 'mariola13', 'dashita27', 'giakyrizzi', 'diximehta99', 'devdutt', 'ayush2310', 'marcobolo', 'cnianne', 's1ddhant', 'sharmi9947', 'lumodava', 'minimicro', 'pkothari0910', 'djpaul', 'jeevanprakash.ha2020', 'yashsakpal0504', 'lbw', 'niyatibd', 'eshanshah', 'vyshakmenon4', 'astha.mehta28', 'shreyagirish09', 'mokshavora66', 'voramegh18', 'swarajmthorat', 's3712599', 'lilscience211']"
21,81,49,8,2,"['oscarmunozcuamtzi', 'deluisfloresfranciscoa']",47,"['fg0007', 'kshameen182', 'sohamshah', 'rutikpithwa', 'angelgordon33', 'pacodelamar', 'vaibhavi_sonetha', 'dibyendumaity1999', 'lalita', 'sejal0022', 'param.patel4399', 'nateserc', 'anujachanana', 'psmit', 's3479811', 'riya.s.shah30', 'sim.pawar', 'atc427', 'noe01377', 'espinosacantea2', 'mariola13', 'dashita27', 'giakyrizzi', 'diximehta99', 'devdutt', 'ayush2310', 'marcobolo', 'cnianne', 's1ddhant', 'sharmi9947', 'lumodava', 'minimicro', 'pkothari0910', 'djpaul', 'jeevanprakash.ha2020', 'yashsakpal0504', 'lbw', 'niyatibd', 'eshanshah', 'vyshakmenon4', 'astha.mehta28', 'shreyagirish09', 'mokshavora66', 'voramegh18', 'swarajmthorat', 's3712599', 'lilscience211']",6,"['erika.tecupacho_sanchez', 'leduardo', 'jacob07', 'anaarenas', 'mbedollah', 'hoffnungcleaver360']",55,"['fg0007', 'erika.tecupacho_sanchez', 'leduardo', 'kshameen182', 'sohamshah', 'rutikpithwa', 'angelgordon33', 'pacodelamar', 'vaibhavi_sonetha', 'dibyendumaity1999', 'lalita', 'sejal0022', 'param.patel4399', 'nateserc', 'anujachanana', 'psmit', 's3479811', 'riya.s.shah30', 'sim.pawar', 'atc427', 'noe01377', 'deluisfloresfranciscoa', 'hoffnungcleaver360', 'espinosacantea2', 'oscarmunozcuamtzi', 'mariola13', 'dashita27', 'giakyrizzi', 'jacob07', 'diximehta99', 'devdutt', 'ayush2310', 'marcobolo', 'cnianne', 's1ddhant', 'sharmi9947', 'lumodava', 'minimicro', 'pkothari0910', 'djpaul', 'mbedollah', 'jeevanprakash.ha2020', 'yashsakpal0504', 'lbw', 'niyatibd', 'eshanshah', 'vyshakmenon4', 'anaarenas', 'astha.mehta28', 'shreyagirish09', 'mokshavora66', 'voramegh18', 'swarajmthorat', 's3712599', 'lilscience211']"
22,235,47,19,15,"['hmei3', 'zwang77', 'nmahmoo3', 'mtahir2', 'naimi', 'szhang53', 'kmmumtaz20', 'apragya', 'dkiryam', 'xtang22', 'mhossai9', 'namin3', 'mdlord', 'ychen242', 'tcoia']",32,"['h1912125', 'ybuki13', 'man.kumar', 'jacob_rogers', 'f.o.akhmetov', 'matamotonaoki', 'ntiwari', 'melania.kozdra', 'botaro', 'vahidk1992', 'haofeiliu13', 'gozde1608', 'fuzalinos.shadisk', 'bastilfort', 'khabaz.fardin', 'ichenkoroma', 'manwar18', 'brendenh88', 'catia.m.guarda93', 'kmbad99', 'amnortz', 'matscisteph', 'shuangfei', 'lingzhic', 'chanwook', 'z15735182123', 'dopol51', 'gucastz', 'fabio.colasuonno95', 'gopalmarda55555', 'xtang8', 'chandanz']",4,"['dawyman', 'knambig', 'bsennik', 'hcdedmon']",51,"['h1912125', 'ybuki13', 'knambig', 'nmahmoo3', 'man.kumar', 'jacob_rogers', 'dkiryam', 'xtang22', 'namin3', 'botaro', 'melania.kozdra', 'matamotonaoki', 'hmei3', 'ntiwari', 'f.o.akhmetov', 'mtahir2', 'naimi', 'vahidk1992', 'haofeiliu13', 'gozde1608', 'fuzalinos.shadisk', 'bastilfort', 'hcdedmon', 'khabaz.fardin', 'ychen242', 'mdlord', 'ichenkoroma', 'manwar18', 'zwang77', 'brendenh88', 'szhang53', 'catia.m.guarda93', 'dawyman', 'apragya', 'kmbad99', 'amnortz', 'matscisteph', 'mhossai9', 'shuangfei', 'lingzhic', 'tcoia', 'chanwook', 'z15735182123', 'dopol51', 'gucastz', 'kmmumtaz20', 'bsennik', 'fabio.colasuonno95', 'gopalmarda55555', 'xtang8', 'chandanz']"
23,113,47,19,17,"['yangzzi98', 'ski03243', 'wjdtjqvkdvkd', 'join97do', 'cjswo95173', 'frog9596', 'jsh1254', 'rladmstn01254', 'popian99', 'chlee1579', 'qkrwhdgkswlgjs', 'fireshoot12', 'estse21', 'minsik4594', 'hijw97', 'dlgkxor759', 'rina']",30,"['tiny8524679', 'dlwhdgur808', 'victor.biswas18', 'yanjs1618', 'ajleida', 'nitalie', 'echotypist', 'kathuria.ajay', 'kmlochun', 'want', 'ninume2', 'cwolff2', 'sherlynkeh.dionio', 'christianjulle17', 'wendong.wang11', 'minjae1204', 'kristinababayev', 'ssblandon', 'vrhea19', 'dreihaneh', 'mutlu', 'rupali18feb', 'zbijzz13', 'dlehdduq9999', 'robenvictor.dispo', 'rheamvillamor', 'hideaki_murotani', 'mrsm1', 'sumanbhasker89', 'emiliochausse']",2,"['qadeersial', 'ykwon722']",49,"['tiny8524679', 'dlwhdgur808', 'wjdtjqvkdvkd', 'join97do', 'victor.biswas18', 'rladmstn01254', 'yanjs1618', 'chlee1579', 'qkrwhdgkswlgjs', 'qadeersial', 'nitalie', 'ajleida', 'hijw97', 'echotypist', 'ski03243', 'yangzzi98', 'kathuria.ajay', 'kmlochun', 'want', 'ninume2', 'cjswo95173', 'frog9596', 'cwolff2', 'sherlynkeh.dionio', 'christianjulle17', 'wendong.wang11', 'minjae1204', 'kristinababayev', 'dlgkxor759', 'ssblandon', 'vrhea19', 'popian99', 'fireshoot12', 'dreihaneh', 'mutlu', 'rina', 'rupali18feb', 'zbijzz13', 'dlehdduq9999', 'robenvictor.dispo', 'rheamvillamor', 'hideaki_murotani', 'mrsm1', 'jsh1254', 'sumanbhasker89', 'estse21', 'minsik4594', 'emiliochausse', 'ykwon722']"
23,110,47,12,4,"['ajleida', 'emiliochausse', 'kmlochun', 'dreihaneh']",43,"['tiny8524679', 'dlwhdgur808', 'wjdtjqvkdvkd', 'join97do', 'victor.biswas18', 'rladmstn01254', 'yanjs1618', 'chlee1579', 'qkrwhdgkswlgjs', 'nitalie', 'hijw97', 'echotypist', 'ski03243', 'yangzzi98', 'kathuria.ajay', 'want', 'ninume2', 'cjswo95173', 'frog9596', 'cwolff2', 'sherlynkeh.dionio', 'christianjulle17', 'wendong.wang11', 'minjae1204', 'kristinababayev', 'dlgkxor759', 'ssblandon', 'vrhea19', 'popian99', 'fireshoot12', 'mutlu', 'rina', 'rupali18feb', 'zbijzz13', 'dlehdduq9999', 'robenvictor.dispo', 'rheamvillamor', 'hideaki_murotani', 'mrsm1', 'jsh1254', 'sumanbhasker89', 'estse21', 'minsik4594']",8,"['mbkivy', 'abirken', 'arashakhavi', 'ncgalardi', 'mpgrant001', 'matteo1717', 'madiglozer', 'jamesshannon']",55,"['tiny8524679', 'dlwhdgur808', 'wjdtjqvkdvkd', 'abirken', 'join97do', 'victor.biswas18', 'ncgalardi', 'rladmstn01254', 'yanjs1618', 'chlee1579', 'qkrwhdgkswlgjs', 'nitalie', 'ajleida', 'hijw97', 'madiglozer', 'jamesshannon', 'echotypist', 'ski03243', 'yangzzi98', 'kathuria.ajay', 'kmlochun', 'mbkivy', 'want', 'ninume2', 'cjswo95173', 'frog9596', 'cwolff2', 'sherlynkeh.dionio', 'christianjulle17', 'wendong.wang11', 'minjae1204', 'kristinababayev', 'dlgkxor759', 'ssblandon', 'vrhea19', 'popian99', 'fireshoot12', 'dreihaneh', 'mutlu', 'mpgrant001', 'matteo1717', 'rina', 'rupali18feb', 'zbijzz13', 'dlehdduq9999', 'robenvictor.dispo', 'rheamvillamor', 'arashakhavi', 'hideaki_murotani', 'mrsm1', 'jsh1254', 'sumanbhasker89', 'estse21', 'minsik4594', 'emiliochausse']"
23,114,47,9,4,"['christianjulle17', 'vrhea19', 'echotypist', 'zbijzz13']",43,"['tiny8524679', 'dlwhdgur808', 'wjdtjqvkdvkd', 'join97do', 'victor.biswas18', 'rladmstn01254', 'yanjs1618', 'chlee1579', 'qkrwhdgkswlgjs', 'nitalie', 'ajleida', 'hijw97', 'ski03243', 'yangzzi98', 'kathuria.ajay', 'kmlochun', 'want', 'ninume2', 'cjswo95173', 'frog9596', 'cwolff2', 'sherlynkeh.dionio', 'wendong.wang11', 'minjae1204', 'kristinababayev', 'dlgkxor759', 'ssblandon', 'popian99', 'fireshoot12', 'dreihaneh', 'mutlu', 'rina', 'rupali18feb', 'dlehdduq9999', 'robenvictor.dispo', 'rheamvillamor', 'hideaki_murotani', 'mrsm1', 'jsh1254', 'sumanbhasker89', 'estse21', 'minsik4594', 'emiliochausse']",5,"['shararose.ordejan', 'rojellyn.baldago', 'munioartanthonyz', 'angel.perante', 'ronazoeyyy']",52,"['shararose.ordejan', 'tiny8524679', 'dlwhdgur808', 'wjdtjqvkdvkd', 'join97do', 'angel.perante', 'victor.biswas18', 'rladmstn01254', 'yanjs1618', 'chlee1579', 'qkrwhdgkswlgjs', 'nitalie', 'ajleida', 'hijw97', 'echotypist', 'ski03243', 'yangzzi98', 'kathuria.ajay', 'kmlochun', 'rojellyn.baldago', 'want', 'ninume2', 'cjswo95173', 'frog9596', 'cwolff2', 'sherlynkeh.dionio', 'christianjulle17', 'wendong.wang11', 'minjae1204', 'kristinababayev', 'dlgkxor759', 'ssblandon', 'vrhea19', 'munioartanthonyz', 'popian99', 'fireshoot12', 'dreihaneh', 'mutlu', 'rina', 'rupali18feb', 'zbijzz13', 'dlehdduq9999', 'robenvictor.dispo', 'rheamvillamor', 'hideaki_murotani', 'mrsm1', 'jsh1254', 'sumanbhasker89', 'estse21', 'minsik4594', 'emiliochausse', 'ronazoeyyy']"
24,102,46,25,19,"['epeachus', 'dukelau', 'lboals', 'jdtschir', 'julisanc', 'dylanae', 'virgiljw', 'cjrome', 'rnalbert25', 'nmccar', 'eparlow', 'nleginza', 'jpmurph', 'rgast', 'kli_macks', 'krishabh', 'briroest', 'mooka', 'mfparr']",27,"['gdiankov', 'xaris', 'vashish', 'seanhiddleston', 'ameliahp', 'daviscjd', 'smprabhu', 'tjeerd', 'edinchen', 'romanm', 'hadier.abdelaziz', 'lumssimulation', 'kierasbr', 'muezggt34', 'jburgosb', 'rc3375', 'r578', 'andh2d', 'pmcgirr06', 'kevwankrw678', 'shivabhagwat56', 'ericyi', 'emmanuel16', 'shiewani99', 'nmech', 'atsui1', 'zrhan']",6,"['mbow', 'spraveen', 'kamkbetz', 'minseok', 'cablood', 'wesleypa']",52,"['gdiankov', 'xaris', 'vashish', 'kamkbetz', 'seanhiddleston', 'epeachus', 'ameliahp', 'dukelau', 'daviscjd', 'smprabhu', 'lboals', 'dylanae', 'jdtschir', 'tjeerd', 'julisanc', 'virgiljw', 'edinchen', 'romanm', 'cjrome', 'hadier.abdelaziz', 'lumssimulation', 'kierasbr', 'muezggt34', 'mbow', 'jburgosb', 'rnalbert25', 'wesleypa', 'nmccar', 'eparlow', 'rc3375', 'r578', 'spraveen', 'andh2d', 'pmcgirr06', 'kevwankrw678', 'shivabhagwat56', 'minseok', 'nleginza', 'cablood', 'rgast', 'jpmurph', 'ericyi', 'kli_macks', 'emmanuel16', 'krishabh', 'briroest', 'shiewani99', 'nmech', 'mooka', 'atsui1', 'zrhan', 'mfparr']"
25,168,45,35,32,"['8463maitreya', 'yashkane', '7903ambika', '8275joel', 'swaruptsaju', 'bhagatmounita13', 'avidrishik', '8262sakshi', 'crce.8250.elec', 'crce.7866.elec', 'sebastian123', 'omkarshirsat5143', '7611ashishyadav', 'crce.8457.elec', '8455shloka', 'crce.8254.elec', 'jeetsumanto123', 'leoncastelino', '8122vivian', 'aishwaryaparulekar1', 'crce.8300.elec', 'rocketman99.sc', '8082aniket', 'crce.8279.elec', 'jui', '8268ashley', 'scriptujeyarajan', 'omn', 'temulkaraarti8', 'lokeshg109', 'crce.8255.elec', '8305anmol']",13,"['yadneshsud', 'crce.8284.elec', 'crce.8259.elec', 'manali.more2106', 'siddhant.shivdikar', 'prags101', 'crce.7914.elec', 'saurabhm1996', 'niketh', 'zhuzibn', '7876noel', 'sherylcorina', '8464komalshinde']",3,"['anjana2444', 'swapnalimakdey25', 'swapnali']",48,"['8463maitreya', '7903ambika', 'yashkane', '8275joel', 'swaruptsaju', 'bhagatmounita13', 'avidrishik', '8262sakshi', 'yadneshsud', 'swapnalimakdey25', '7611ashishyadav', 'crce.8457.elec', '8455shloka', '7876noel', 'sherylcorina', 'jeetsumanto123', 'aishwaryaparulekar1', 'rocketman99.sc', 'crce.7914.elec', '8464komalshinde', 'jui', '8268ashley', 'omn', 'lokeshg109', 'anjana2444', 'zhuzibn', 'prags101', 'crce.8250.elec', 'crce.7866.elec', 'manali.more2106', 'sebastian123', 'siddhant.shivdikar', 'omkarshirsat5143', 'crce.8254.elec', 'swapnali', 'crce.8284.elec', 'leoncastelino', '8122vivian', 'crce.8259.elec', 'crce.8300.elec', '8082aniket', 'crce.8279.elec', 'niketh', 'scriptujeyarajan', 'temulkaraarti8', 'saurabhm1996', 'crce.8255.elec', '8305anmol']"
25,169,45,5,5,"['crce.8284.elec', 'siddhant.shivdikar', 'saurabhm1996', '7876noel', '8464komalshinde']",40,"['8463maitreya', '7903ambika', 'yashkane', '8275joel', 'prags101', 'swaruptsaju', 'bhagatmounita13', 'avidrishik', '8262sakshi', 'crce.8250.elec', 'yadneshsud', 'crce.7866.elec', 'manali.more2106', 'sebastian123', '7611ashishyadav', 'omkarshirsat5143', 'crce.8457.elec', '8455shloka', 'crce.8254.elec', 'sherylcorina', 'jeetsumanto123', 'leoncastelino', '8122vivian', 'crce.8259.elec', 'crce.8300.elec', 'rocketman99.sc', 'aishwaryaparulekar1', 'crce.7914.elec', '8082aniket', 'crce.8279.elec', 'niketh', 'jui', '8268ashley', 'scriptujeyarajan', 'omn', 'temulkaraarti8', 'lokeshg109', 'zhuzibn', 'crce.8255.elec', '8305anmol']",0,[],45,"['8463maitreya', '7903ambika', 'yashkane', '8275joel', 'prags101', 'swaruptsaju', 'bhagatmounita13', 'avidrishik', '8262sakshi', 'crce.8250.elec', 'yadneshsud', 'crce.7866.elec', 'manali.more2106', 'sebastian123', 'siddhant.shivdikar', '7611ashishyadav', 'omkarshirsat5143', 'crce.8457.elec', '8455shloka', '7876noel', 'crce.8254.elec', 'sherylcorina', 'jeetsumanto123', 'crce.8284.elec', 'leoncastelino', '8122vivian', 'crce.8259.elec', 'crce.8300.elec', 'rocketman99.sc', 'aishwaryaparulekar1', 'crce.7914.elec', '8082aniket', 'crce.8279.elec', 'niketh', '8464komalshinde', 'jui', '8268ashley', 'scriptujeyarajan', 'omn', 'temulkaraarti8', 'lokeshg109', 'saurabhm1996', 'zhuzibn', 'crce.8255.elec', '8305anmol']"
26,189,43,21,18,"['kevinetor.piccati', 'miriam.piccinini00', 'ilariaferrari', 'margheritabruno0', 'christian.bodo', 'tausenrico00', 'frakkio10', 'silvia00', 'davibarbero', 'vincenzopioelia', 'frac98', 'alesdu12', 'chidzahi', 'lucanepote2000', 'culumusciu16', 'simona_zetta', 'giuseppe00', 'barbarazacco']",25,"['taehojung', 'kishore0299', 'edo.bonaventura', 'lindafabs', 'giulia.cornara', 'mv.matteovinci', 'davide1234', 's269258', 'giuseppecurci', 'lollo', 'dylan.tepatzixahuentitla', 'giuseppe.divincenzo21', 'gabri5zero', 'gervasio', 'mattebogg', 'marcocapuuu', 'gerardo.castagno', 'valentinamarino', 's269938', 'jaypathak050', 'udayashankar', 'ari15', 'riky_casty', 's270685', 'enricovalentini']",3,"['edoardo', 'eliabronzo03', 'giulianaberetta']",46,"['taehojung', 'miriam.piccinini00', 'ilariaferrari', 'christian.bodo', 'kishore0299', 'edo.bonaventura', 'lindafabs', 'giulia.cornara', 'simona_zetta', 'edoardo', 'lucanepote2000', 'chidzahi', 'alesdu12', 'mv.matteovinci', 'davide1234', 's269258', 'giuseppecurci', 'lollo', 'davibarbero', 'vincenzopioelia', 'dylan.tepatzixahuentitla', 'giuseppe.divincenzo21', 'giuseppe00', 'kevinetor.piccati', 'gabri5zero', 'gervasio', 'tausenrico00', 'frakkio10', 'eliabronzo03', 'silvia00', 'mattebogg', 'frac98', 'marcocapuuu', 'gerardo.castagno', 'culumusciu16', 'valentinamarino', 'barbarazacco', 's269938', 'margheritabruno0', 'jaypathak050', 'udayashankar', 'ari15', 'giulianaberetta', 'riky_casty', 's270685', 'enricovalentini']"
26,194,43,10,4,"['giuseppe00', 'frac98', 'davide1234', 'lucanepote2000']",39,"['taehojung', 'enricovalentini', 'miriam.piccinini00', 'ilariaferrari', 'christian.bodo', 'kishore0299', 'edo.bonaventura', 'lindafabs', 'giulia.cornara', 'alesdu12', 'chidzahi', 'mv.matteovinci', 's269258', 'giuseppecurci', 'lollo', 'davibarbero', 'vincenzopioelia', 'dylan.tepatzixahuentitla', 'giuseppe.divincenzo21', 'kevinetor.piccati', 'gabri5zero', 'gervasio', 'tausenrico00', 'frakkio10', 'silvia00', 'mattebogg', 'marcocapuuu', 'gerardo.castagno', 'culumusciu16', 'valentinamarino', 'barbarazacco', 's269938', 'margheritabruno0', 'jaypathak050', 'udayashankar', 'ari15', 'riky_casty', 's270685', 'simona_zetta']",6,"['isaacdelpe', 'edoardo', 'lara.laganis2000', 'leilarizzo', 'danilo_cammarata', 'pietrog']",49,"['taehojung', 'miriam.piccinini00', 'ilariaferrari', 'christian.bodo', 'kishore0299', 'edo.bonaventura', 'lindafabs', 'giulia.cornara', 'simona_zetta', 'edoardo', 'lucanepote2000', 'chidzahi', 'alesdu12', 'mv.matteovinci', 'danilo_cammarata', 'davide1234', 's269258', 'isaacdelpe', 'giuseppecurci', 'lollo', 'davibarbero', 'vincenzopioelia', 'dylan.tepatzixahuentitla', 'giuseppe.divincenzo21', 'giuseppe00', 'pietrog', 'kevinetor.piccati', 'gabri5zero', 'gervasio', 'tausenrico00', 'frakkio10', 'silvia00', 'mattebogg', 'frac98', 'leilarizzo', 'marcocapuuu', 'gerardo.castagno', 'culumusciu16', 'valentinamarino', 'barbarazacco', 's269938', 'margheritabruno0', 'jaypathak050', 'udayashankar', 'ari15', 'lara.laganis2000', 'riky_casty', 's270685', 'enricovalentini']"
26,192,43,9,6,"['miriam.piccinini00', 'margheritabruno0', 'frac98', 'lucanepote2000', 'culumusciu16', 'giuseppe00']",37,"['taehojung', 'ilariaferrari', 'christian.bodo', 'kishore0299', 'edo.bonaventura', 'lindafabs', 'giulia.cornara', 'simona_zetta', 'chidzahi', 'alesdu12', 'mv.matteovinci', 'davide1234', 's269258', 'giuseppecurci', 'lollo', 'davibarbero', 'vincenzopioelia', 'dylan.tepatzixahuentitla', 'giuseppe.divincenzo21', 'kevinetor.piccati', 'gabri5zero', 'gervasio', 'tausenrico00', 'frakkio10', 'silvia00', 'mattebogg', 'marcocapuuu', 'gerardo.castagno', 'valentinamarino', 'barbarazacco', 's269938', 'jaypathak050', 'udayashankar', 'ari15', 'riky_casty', 's270685', 'enricovalentini']",3,"['silviacapozzoli00', 'giulianaberetta', 'leonardo1']",46,"['taehojung', 'miriam.piccinini00', 'ilariaferrari', 'christian.bodo', 'silviacapozzoli00', 'kishore0299', 'edo.bonaventura', 'lindafabs', 'giulia.cornara', 'simona_zetta', 'lucanepote2000', 'chidzahi', 'alesdu12', 'mv.matteovinci', 'davide1234', 's269258', 'giuseppecurci', 'lollo', 'davibarbero', 'vincenzopioelia', 'dylan.tepatzixahuentitla', 'giuseppe.divincenzo21', 'giuseppe00', 'kevinetor.piccati', 'gabri5zero', 'gervasio', 'leonardo1', 'tausenrico00', 'frakkio10', 'silvia00', 'mattebogg', 'frac98', 'marcocapuuu', 'gerardo.castagno', 'culumusciu16', 'valentinamarino', 'barbarazacco', 's269938', 'margheritabruno0', 'jaypathak050', 'udayashankar', 'ari15', 'giulianaberetta', 'riky_casty', 's270685', 'enricovalentini']"
26,190,43,6,4,"['gervasio', 'gerardo.castagno', 'giuseppe.divincenzo21', 'enricovalentini']",39,"['taehojung', 'miriam.piccinini00', 'ilariaferrari', 'christian.bodo', 'kishore0299', 'edo.bonaventura', 'lindafabs', 'giulia.cornara', 'simona_zetta', 'lucanepote2000', 'chidzahi', 'alesdu12', 'mv.matteovinci', 'davide1234', 's269258', 'giuseppecurci', 'lollo', 'davibarbero', 'vincenzopioelia', 'dylan.tepatzixahuentitla', 'giuseppe00', 'kevinetor.piccati', 'gabri5zero', 'tausenrico00', 'frakkio10', 'silvia00', 'mattebogg', 'frac98', 'marcocapuuu', 'culumusciu16', 'valentinamarino', 'barbarazacco', 's269938', 'margheritabruno0', 'jaypathak050', 'udayashankar', 'ari15', 'riky_casty', 's270685']",2,"['giubileigaia', 'antonio.ocarino']",45,"['taehojung', 'miriam.piccinini00', 'ilariaferrari', 'christian.bodo', 'kishore0299', 'edo.bonaventura', 'lindafabs', 'giulia.cornara', 'simona_zetta', 'lucanepote2000', 'chidzahi', 'alesdu12', 'mv.matteovinci', 'davide1234', 's269258', 'giuseppecurci', 'lollo', 'davibarbero', 'vincenzopioelia', 'dylan.tepatzixahuentitla', 'giuseppe.divincenzo21', 'giuseppe00', 'kevinetor.piccati', 'giubileigaia', 'gabri5zero', 'gervasio', 'antonio.ocarino', 'tausenrico00', 'frakkio10', 'silvia00', 'mattebogg', 'frac98', 'marcocapuuu', 'gerardo.castagno', 'culumusciu16', 'valentinamarino', 'barbarazacco', 's269938', 'margheritabruno0', 'jaypathak050', 'udayashankar', 'ari15', 'riky_casty', 's270685', 'enricovalentini']"
26,191,43,6,5,"['ilariaferrari', 'mattebogg', 'mv.matteovinci', 'marcocapuuu', 'giuseppe00']",38,"['taehojung', 'miriam.piccinini00', 'christian.bodo', 'kishore0299', 'edo.bonaventura', 'lindafabs', 'giulia.cornara', 'simona_zetta', 'lucanepote2000', 'chidzahi', 'alesdu12', 'davide1234', 's269258', 'giuseppecurci', 'lollo', 'davibarbero', 'vincenzopioelia', 'dylan.tepatzixahuentitla', 'giuseppe.divincenzo21', 'kevinetor.piccati', 'gabri5zero', 'gervasio', 'tausenrico00', 'frakkio10', 'silvia00', 'frac98', 'gerardo.castagno', 'culumusciu16', 'valentinamarino', 'barbarazacco', 's269938', 'margheritabruno0', 'jaypathak050', 'udayashankar', 'ari15', 'riky_casty', 's270685', 'enricovalentini']",1,['giulianaberetta'],44,"['taehojung', 'miriam.piccinini00', 'ilariaferrari', 'christian.bodo', 'kishore0299', 'edo.bonaventura', 'lindafabs', 'giulia.cornara', 'simona_zetta', 'lucanepote2000', 'chidzahi', 'alesdu12', 'mv.matteovinci', 'davide1234', 's269258', 'giuseppecurci', 'lollo', 'davibarbero', 'vincenzopioelia', 'dylan.tepatzixahuentitla', 'giuseppe.divincenzo21', 'giuseppe00', 'kevinetor.piccati', 'gabri5zero', 'gervasio', 'tausenrico00', 'frakkio10', 'silvia00', 'mattebogg', 'frac98', 'marcocapuuu', 'gerardo.castagno', 'culumusciu16', 'valentinamarino', 'barbarazacco', 's269938', 'margheritabruno0', 'jaypathak050', 'udayashankar', 'ari15', 'giulianaberetta', 'riky_casty', 's270685', 'enricovalentini']"
26,193,43,6,4,"['culumusciu16', 'frac98', 'giuseppe00', 'margheritabruno0']",39,"['taehojung', 'miriam.piccinini00', 'ilariaferrari', 'christian.bodo', 'kishore0299', 'edo.bonaventura', 'lindafabs', 'giulia.cornara', 'simona_zetta', 'lucanepote2000', 'chidzahi', 'alesdu12', 'mv.matteovinci', 'davide1234', 's269258', 'giuseppecurci', 'lollo', 'davibarbero', 'vincenzopioelia', 'dylan.tepatzixahuentitla', 'giuseppe.divincenzo21', 'kevinetor.piccati', 'gabri5zero', 'gervasio', 'tausenrico00', 'frakkio10', 'silvia00', 'mattebogg', 'marcocapuuu', 'gerardo.castagno', 'valentinamarino', 'barbarazacco', 's269938', 'jaypathak050', 'udayashankar', 'ari15', 'riky_casty', 's270685', 'enricovalentini']",2,"['edoardo', 'leonardo1']",45,"['taehojung', 'miriam.piccinini00', 'ilariaferrari', 'christian.bodo', 'kishore0299', 'edo.bonaventura', 'lindafabs', 'giulia.cornara', 'simona_zetta', 'edoardo', 'lucanepote2000', 'chidzahi', 'alesdu12', 'mv.matteovinci', 'davide1234', 's269258', 'giuseppecurci', 'lollo', 'davibarbero', 'vincenzopioelia', 'dylan.tepatzixahuentitla', 'giuseppe.divincenzo21', 'giuseppe00', 'kevinetor.piccati', 'gabri5zero', 'gervasio', 'leonardo1', 'tausenrico00', 'frakkio10', 'silvia00', 'mattebogg', 'frac98', 'marcocapuuu', 'gerardo.castagno', 'culumusciu16', 'valentinamarino', 'barbarazacco', 's269938', 'margheritabruno0', 'jaypathak050', 'udayashankar', 'ari15', 'riky_casty', 's270685', 'enricovalentini']"
27,41,43,17,17,"['azrulaiman', 'famirk65', 'azimighani', 'megala97', 'fadhil123', 'hziq97', 'dharmindran', 'tafa97', 'huzaimahb081810113', 'nurazwab081810444', 'tasnimnasir96', 'aimenfatimah', 'syafiqah97', 'eddie97', 'nurelmiera99', 'sham1997', 'nilamsarib081810464']",26,"['danilodiamante', 'rd8515811', 'musaibrafiq51', 'mjopepa', 'alibro', 'amanaltaf.exe', 'xris1995k', 'fahmim95', 'srinukp786', 'nishanthinir', 'sheshu.nani007', 'iven2020', 'hmayer_cpslo', 'kelvinho0313', 'tanmoybaraj', 'sagundalairajendran', 'prernasingh', 'muhd_amir97', 'bccsst91l16a638f', 'hln_04', 'maria.karra.', 'prajnay97', 'venky98j', 'ranji7685', 'wanalhafiz97', 'athina57']",0,[],43,"['danilodiamante', 'rd8515811', 'tafa97', 'mjopepa', 'musaibrafiq51', 'tasnimnasir96', 'eddie97', 'alibro', 'amanaltaf.exe', 'azrulaiman', 'megala97', 'xris1995k', 'fahmim95', 'dharmindran', 'nurazwab081810444', 'aimenfatimah', 'srinukp786', 'sheshu.nani007', 'iven2020', 'nishanthinir', 'hmayer_cpslo', 'fadhil123', 'kelvinho0313', 'hziq97', 'tanmoybaraj', 'sagundalairajendran', 'huzaimahb081810113', 'prernasingh', 'muhd_amir97', 'bccsst91l16a638f', 'hln_04', 'sham1997', 'maria.karra.', 'prajnay97', 'famirk65', 'venky98j', 'azimighani', 'ranji7685', 'nurelmiera99', 'syafiqah97', 'nilamsarib081810464', 'wanalhafiz97', 'athina57']"
27,44,43,15,3,"['venky98j', 'rd8515811', 'musaibrafiq51']",40,"['danilodiamante', 'tafa97', 'mjopepa', 'tasnimnasir96', 'alibro', 'eddie97', 'amanaltaf.exe', 'azrulaiman', 'megala97', 'xris1995k', 'fahmim95', 'dharmindran', 'nurazwab081810444', 'aimenfatimah', 'srinukp786', 'nishanthinir', 'sheshu.nani007', 'iven2020', 'hmayer_cpslo', 'fadhil123', 'kelvinho0313', 'hziq97', 'tanmoybaraj', 'sagundalairajendran', 'huzaimahb081810113', 'prernasingh', 'muhd_amir97', 'bccsst91l16a638f', 'hln_04', 'sham1997', 'maria.karra.', 'prajnay97', 'famirk65', 'azimighani', 'ranji7685', 'nurelmiera99', 'syafiqah97', 'nilamsarib081810464', 'wanalhafiz97', 'athina57']",12,"['funuploads0401', 'ashishphogat1801', 'saurabhsahu38', 'swaroopbhogi', 'nishamanzoor.18', 'ateebnaseer', 'sateeshdivergence', 'inderjitsingh', 'sainishubh4697', 'sprabhat', 'prithvikrishna0', 'mohammadsajid']",55,"['danilodiamante', 'ashishphogat1801', 'rd8515811', 'swaroopbhogi', 'tafa97', 'mjopepa', 'musaibrafiq51', 'tasnimnasir96', 'eddie97', 'alibro', 'amanaltaf.exe', 'azrulaiman', 'funuploads0401', 'megala97', 'xris1995k', 'fahmim95', 'dharmindran', 'ateebnaseer', 'nurazwab081810444', 'aimenfatimah', 'srinukp786', 'inderjitsingh', 'sheshu.nani007', 'iven2020', 'nishanthinir', 'hmayer_cpslo', 'fadhil123', 'prithvikrishna0', 'mohammadsajid', 'kelvinho0313', 'hziq97', 'tanmoybaraj', 'sagundalairajendran', 'huzaimahb081810113', 'prernasingh', 'sateeshdivergence', 'sainishubh4697', 'muhd_amir97', 'bccsst91l16a638f', 'hln_04', 'sham1997', 'maria.karra.', 'prajnay97', 'famirk65', 'venky98j', 'azimighani', 'ranji7685', 'saurabhsahu38', 'nishamanzoor.18', 'nurelmiera99', 'syafiqah97', 'sprabhat', 'nilamsarib081810464', 'wanalhafiz97', 'athina57']"
27,42,43,9,9,"['azrulaiman', 'sham1997', 'famirk65', 'kelvinho0313', 'hziq97', 'muhd_amir97', 'hln_04', 'nilamsarib081810464', 'iven2020']",34,"['danilodiamante', 'rd8515811', 'tafa97', 'mjopepa', 'musaibrafiq51', 'tasnimnasir96', 'eddie97', 'alibro', 'amanaltaf.exe', 'megala97', 'xris1995k', 'fahmim95', 'dharmindran', 'nurazwab081810444', 'aimenfatimah', 'srinukp786', 'sheshu.nani007', 'nishanthinir', 'hmayer_cpslo', 'fadhil123', 'tanmoybaraj', 'sagundalairajendran', 'huzaimahb081810113', 'prernasingh', 'bccsst91l16a638f', 'maria.karra.', 'prajnay97', 'venky98j', 'azimighani', 'ranji7685', 'nurelmiera99', 'syafiqah97', 'wanalhafiz97', 'athina57']",0,[],43,"['danilodiamante', 'rd8515811', 'tafa97', 'mjopepa', 'musaibrafiq51', 'tasnimnasir96', 'eddie97', 'alibro', 'amanaltaf.exe', 'azrulaiman', 'megala97', 'xris1995k', 'fahmim95', 'dharmindran', 'nurazwab081810444', 'aimenfatimah', 'srinukp786', 'sheshu.nani007', 'iven2020', 'nishanthinir', 'hmayer_cpslo', 'fadhil123', 'kelvinho0313', 'hziq97', 'tanmoybaraj', 'sagundalairajendran', 'huzaimahb081810113', 'prernasingh', 'muhd_amir97', 'bccsst91l16a638f', 'hln_04', 'sham1997', 'maria.karra.', 'prajnay97', 'famirk65', 'venky98j', 'azimighani', 'ranji7685', 'nurelmiera99', 'syafiqah97', 'nilamsarib081810464', 'wanalhafiz97', 'athina57']"
27,45,43,6,1,['sheshu.nani007'],42,"['danilodiamante', 'rd8515811', 'tafa97', 'mjopepa', 'musaibrafiq51', 'tasnimnasir96', 'eddie97', 'alibro', 'amanaltaf.exe', 'azrulaiman', 'megala97', 'xris1995k', 'fahmim95', 'dharmindran', 'nurazwab081810444', 'aimenfatimah', 'srinukp786', 'iven2020', 'nishanthinir', 'hmayer_cpslo', 'fadhil123', 'kelvinho0313', 'hziq97', 'tanmoybaraj', 'sagundalairajendran', 'huzaimahb081810113', 'prernasingh', 'muhd_amir97', 'bccsst91l16a638f', 'hln_04', 'sham1997', 'maria.karra.', 'prajnay97', 'famirk65', 'venky98j', 'azimighani', 'ranji7685', 'nurelmiera99', 'syafiqah97', 'nilamsarib081810464', 'wanalhafiz97', 'athina57']",5,"['utkarsh_jais', 'mehboob', '20mv01', 'manojchittimoju98', 'ambuj.sahu.nanohubiitkgp']",48,"['danilodiamante', 'rd8515811', 'tafa97', 'mjopepa', 'musaibrafiq51', 'tasnimnasir96', 'manojchittimoju98', 'eddie97', 'alibro', 'amanaltaf.exe', 'azrulaiman', 'utkarsh_jais', 'megala97', 'xris1995k', 'fahmim95', 'dharmindran', 'nurazwab081810444', 'aimenfatimah', 'srinukp786', 'sheshu.nani007', 'iven2020', 'nishanthinir', 'hmayer_cpslo', 'fadhil123', 'kelvinho0313', 'hziq97', 'tanmoybaraj', 'sagundalairajendran', '20mv01', 'huzaimahb081810113', 'prernasingh', 'muhd_amir97', 'bccsst91l16a638f', 'hln_04', 'sham1997', 'maria.karra.', 'prajnay97', 'famirk65', 'venky98j', 'azimighani', 'ranji7685', 'mehboob', 'ambuj.sahu.nanohubiitkgp', 'nurelmiera99', 'syafiqah97', 'nilamsarib081810464', 'wanalhafiz97', 'athina57']"
27,43,43,5,1,['nishanthinir'],42,"['danilodiamante', 'rd8515811', 'tafa97', 'mjopepa', 'musaibrafiq51', 'tasnimnasir96', 'eddie97', 'alibro', 'amanaltaf.exe', 'azrulaiman', 'megala97', 'xris1995k', 'fahmim95', 'dharmindran', 'nurazwab081810444', 'aimenfatimah', 'srinukp786', 'sheshu.nani007', 'iven2020', 'hmayer_cpslo', 'fadhil123', 'kelvinho0313', 'hziq97', 'tanmoybaraj', 'sagundalairajendran', 'huzaimahb081810113', 'prernasingh', 'muhd_amir97', 'bccsst91l16a638f', 'hln_04', 'sham1997', 'maria.karra.', 'prajnay97', 'famirk65', 'venky98j', 'azimighani', 'ranji7685', 'nurelmiera99', 'syafiqah97', 'nilamsarib081810464', 'wanalhafiz97', 'athina57']",4,"['20mv33', '20mv34', 'jenef_98', 'krl.ece']",47,"['danilodiamante', 'rd8515811', 'tafa97', 'mjopepa', 'musaibrafiq51', 'tasnimnasir96', 'eddie97', 'alibro', 'amanaltaf.exe', 'azrulaiman', 'megala97', 'xris1995k', 'fahmim95', '20mv33', 'dharmindran', 'nurazwab081810444', 'aimenfatimah', 'srinukp786', 'jenef_98', 'sheshu.nani007', 'iven2020', 'nishanthinir', 'hmayer_cpslo', 'fadhil123', 'kelvinho0313', 'hziq97', 'tanmoybaraj', 'sagundalairajendran', 'huzaimahb081810113', 'prernasingh', 'muhd_amir97', 'bccsst91l16a638f', 'hln_04', 'sham1997', 'maria.karra.', 'prajnay97', 'famirk65', 'venky98j', 'azimighani', 'ranji7685', '20mv34', 'krl.ece', 'nurelmiera99', 'syafiqah97', 'nilamsarib081810464', 'wanalhafiz97', 'athina57']"
28,181,40,42,6,"['dcudzi2', 'malonzo2', 'jaredf2', 'hanlinw3', 'mrc13', 'kirajm2']",34,"['cjmack2', 'jingbo2', 'nm29', 'kylievittetoe', 'fbaysa2', 'lct2', 'eduquet2', 'suhaas2', 'maxro2', 'shanpra', 'advays2', 'kirannk2', 'kentlw2', 'krquinn', 'mjn9', 'aniketk2', 'wesleypa', 'mbow', 'spraveen', 'vrahul', 'mschulz5', 'efs2', 'minseok', 'cablood', 'saranyanaskar', 'kaiyans3', 'gkatsukis', 'aakashg2', 'akhilam2', 'bremner4', 'dikaap2', 'myrta', 'nadyarw2', 'nollett2']",36,"['yuchang3', 'ryanlim2', 'nk13', 'hyunbin2', 'efalse2', 'nwa2', 'jheaton3', 'jrange23', 'eoh23', 'ryusuke2', 'msolis27', 'torsr2', 'fulcrum', 'sali93', 'niharrm2', 'ssibi2', 'iajifo2', 'msiddi60', 'juliawp2', 'chyu3', 'aleahht2', 'jalies2', 'zainab2', 'benvau2', 'wrishk2', 'aaguero2', 'jacobt6', 'dhamill2', 'boyazhu2', 'ddejong2', 'shawnc2', 'anm9', 'sendres2', 'xinzhih2', 'bnw4', 'jinyang9']",76,"['nk13', 'hyunbin2', 'jingbo2', 'fbaysa2', 'suhaas2', 'maxro2', 'ryusuke2', 'torsr2', 'kentlw2', 'sali93', 'niharrm2', 'krquinn', 'ssibi2', 'mbow', 'dcudzi2', 'chyu3', 'jalies2', 'zainab2', 'efs2', 'minseok', 'cablood', 'benvau2', 'aaguero2', 'dhamill2', 'boyazhu2', 'aakashg2', 'ddejong2', 'shawnc2', 'anm9', 'jaredf2', 'sendres2', 'dikaap2', 'myrta', 'mrc13', 'nadyarw2', 'nollett2', 'bnw4', 'jinyang9', 'yuchang3', 'ryanlim2', 'efalse2', 'nwa2', 'cjmack2', 'nm29', 'kylievittetoe', 'jheaton3', 'eduquet2', 'lct2', 'jrange23', 'eoh23', 'msolis27', 'shanpra', 'advays2', 'malonzo2', 'kirannk2', 'fulcrum', 'mjn9', 'aniketk2', 'wesleypa', 'juliawp2', 'iajifo2', 'msiddi60', 'spraveen', 'aleahht2', 'vrahul', 'mschulz5', 'wrishk2', 'jacobt6', 'hanlinw3', 'saranyanaskar', 'kaiyans3', 'gkatsukis', 'kirajm2', 'akhilam2', 'bremner4', 'xinzhih2']"
28,102,40,25,5,"['mbow', 'spraveen', 'minseok', 'cablood', 'wesleypa']",35,"['cjmack2', 'jingbo2', 'nm29', 'kylievittetoe', 'fbaysa2', 'lct2', 'eduquet2', 'suhaas2', 'maxro2', 'shanpra', 'advays2', 'malonzo2', 'kirannk2', 'kentlw2', 'krquinn', 'mjn9', 'aniketk2', 'dcudzi2', 'vrahul', 'mschulz5', 'efs2', 'hanlinw3', 'saranyanaskar', 'kaiyans3', 'gkatsukis', 'aakashg2', 'kirajm2', 'akhilam2', 'jaredf2', 'bremner4', 'dikaap2', 'myrta', 'mrc13', 'nadyarw2', 'nollett2']",20,"['kamkbetz', 'epeachus', 'dukelau', 'lboals', 'jdtschir', 'julisanc', 'dylanae', 'virgiljw', 'cjrome', 'rnalbert25', 'nmccar', 'eparlow', 'nleginza', 'jpmurph', 'rgast', 'kli_macks', 'krishabh', 'briroest', 'mooka', 'mfparr']",60,"['cjmack2', 'kamkbetz', 'epeachus', 'jingbo2', 'nm29', 'kylievittetoe', 'dukelau', 'fbaysa2', 'eduquet2', 'lct2', 'suhaas2', 'maxro2', 'shanpra', 'advays2', 'lboals', 'malonzo2', 'jdtschir', 'kirannk2', 'julisanc', 'dylanae', 'kentlw2', 'virgiljw', 'cjrome', 'krquinn', 'mjn9', 'aniketk2', 'mbow', 'wesleypa', 'rnalbert25', 'nmccar', 'dcudzi2', 'eparlow', 'spraveen', 'vrahul', 'mschulz5', 'efs2', 'minseok', 'cablood', 'nleginza', 'jpmurph', 'rgast', 'hanlinw3', 'saranyanaskar', 'kli_macks', 'kaiyans3', 'gkatsukis', 'aakashg2', 'kirajm2', 'akhilam2', 'krishabh', 'briroest', 'jaredf2', 'bremner4', 'dikaap2', 'myrta', 'mrc13', 'nadyarw2', 'mooka', 'nollett2', 'mfparr']"
28,107,40,18,17,"['maxro2', 'dcudzi2', 'lct2', 'malonzo2', 'cjmack2', 'mschulz5', 'efs2', 'bremner4', 'mjn9', 'nadyarw2', 'hanlinw3', 'nollett2', 'fbaysa2', 'eduquet2', 'aakashg2', 'kirajm2', 'suhaas2']",23,"['jingbo2', 'nm29', 'kylievittetoe', 'shanpra', 'advays2', 'kirannk2', 'kentlw2', 'krquinn', 'aniketk2', 'wesleypa', 'mbow', 'spraveen', 'vrahul', 'minseok', 'cablood', 'saranyanaskar', 'kaiyans3', 'gkatsukis', 'akhilam2', 'jaredf2', 'dikaap2', 'myrta', 'mrc13']",1,['kkang14'],41,"['kkang14', 'cjmack2', 'jingbo2', 'nm29', 'kylievittetoe', 'fbaysa2', 'eduquet2', 'lct2', 'suhaas2', 'maxro2', 'shanpra', 'advays2', 'malonzo2', 'kirannk2', 'kentlw2', 'krquinn', 'mjn9', 'aniketk2', 'mbow', 'wesleypa', 'dcudzi2', 'spraveen', 'vrahul', 'mschulz5', 'efs2', 'minseok', 'cablood', 'hanlinw3', 'saranyanaskar', 'kaiyans3', 'gkatsukis', 'aakashg2', 'kirajm2', 'akhilam2', 'jaredf2', 'bremner4', 'dikaap2', 'myrta', 'mrc13', 'nadyarw2', 'nollett2']"
28,106,40,6,5,"['mbow', 'spraveen', 'minseok', 'kylievittetoe', 'wesleypa']",35,"['cjmack2', 'jingbo2', 'nm29', 'fbaysa2', 'eduquet2', 'lct2', 'suhaas2', 'maxro2', 'shanpra', 'advays2', 'malonzo2', 'kirannk2', 'kentlw2', 'krquinn', 'mjn9', 'aniketk2', 'dcudzi2', 'vrahul', 'mschulz5', 'efs2', 'cablood', 'hanlinw3', 'saranyanaskar', 'kaiyans3', 'gkatsukis', 'aakashg2', 'kirajm2', 'akhilam2', 'jaredf2', 'bremner4', 'dikaap2', 'myrta', 'mrc13', 'nadyarw2', 'nollett2']",1,['jshangraw'],41,"['cjmack2', 'jingbo2', 'nm29', 'kylievittetoe', 'fbaysa2', 'eduquet2', 'lct2', 'suhaas2', 'maxro2', 'shanpra', 'advays2', 'malonzo2', 'jshangraw', 'kirannk2', 'kentlw2', 'krquinn', 'mjn9', 'aniketk2', 'mbow', 'wesleypa', 'dcudzi2', 'spraveen', 'vrahul', 'mschulz5', 'efs2', 'minseok', 'cablood', 'hanlinw3', 'saranyanaskar', 'kaiyans3', 'gkatsukis', 'aakashg2', 'kirajm2', 'akhilam2', 'jaredf2', 'bremner4', 'dikaap2', 'myrta', 'mrc13', 'nadyarw2', 'nollett2']"
29,221,39,283,9,"['jeus63', 'wys142', 'cactusnoh', 'sungjoon.cho97', 'also0714', 'sungjooncho', 'hj980217', 'man6787', 'yyerim']",30,"['ekdhafs', 'rbdud220', 'jkr3623', 'kmjysys', 'anunshi0214', 'yeyeye1', 'hjy0909', 'myeonu', 'yuseap1111', 'eb32862', 'wjddn308', 'diana9697', 'ckgk77', 'younsk666', 'rhdcor05', 'yermin3196', 'systartup', 'bagpag0412', 'jrish', 'shawutss', 'gunstux', 'jkj9316', 'ekdh4301', 'kevin726', 'sou06101', 'jaycho0309', 'kalibee', 'jsjjsung1996', 'hwan10353', 'choichoi1217']",274,"['wdeaweqwdas', 'moshelem', 'kaynegalie', 'mos_noob', 'eminasuljic', 'mangabera10', 'jbonez411', 'sabe425', 'chrixang18', 'xiaokaizhong99', 'vincentdoucet22', 'sholliday643', 'danielclapp99', 'ulusoy2006', 'sabolton', 'ts992', 'drogalski', 'lokesht123', 'mrgiraffe', 'smontero', 'oktayhalitekinay', 'asdksnfksfkmd', 'liqizhou', 'johndoe2341341243', 'anxooo', 'reuben90', 'alexander.lee', 'justiejoseph', 'j176601', 'mtakcali', 'fedele.penna', 'nickm', 'octoman1080x', 'semmi.spado00', 'j218711', 'madisonmiller', 'choudh23', 'nanobeam', 'v257028', 'jschewinsky', 'haren22', 'ervndgn59', 'cninja99', 'lkipfer', 'anapv177', 'cancetinkaya1201', 'julianawallgren', 'burnett.william', 'lewisgf20', 'bmirzapouebe', 'ftah', 'jaycwilson23', 'kodurur', 'pmcnutt2', 'murattdo', 'emani', 'ainhoaab', 'marcantoineduval', 'davidr27', 'mrbunnyman', 'sebrobarts', 'emreyilmazel1996', 'maxguipil', 'd33r00', 'u1250344', 'caseyamick', 'yesimcakmakc', 'tomasx', 'nuriamjusc', 'sbentz', 'halilibrahimtiken', 'omarloay99', 'abaringer', 'yorkiiii', 'mstff.1clkk', 'kaiseale', 'longstreetjacob', 'chastintruelove', 'l201843', 'johnganiban', 'sd226', 'andrew217usmc', 'phhuang', 'fpincock', 'jdgerling', 'lerner', 'ncm0007', 'thboth', 'olivier35', 'saradiazr', 'ege.ert7', 'elena.gnani', 'ol_ac', 'lorenzoholguin12', 'maxiasensio', 'olga.casals', 'fafrin2', 'hjlim9612', 'elel30182', 'rossop', 'sqlim94', 'tserenkhand', 'cibranlpz', 'jason.earl', 'c195673', 'jhahn95', 'jsathanand', 'i.lutticken', 'rakaiit', 'avivlavan', 'psuzhouy', 'grantmorris656', 'jrobinson5', 'andresaraiva', 'blane', 'mtynski', 'cacuy', 'joejfranzo', 'm203442', 'kianamon', 'berrospidavid7', 'nsh0004', 'a194117', 'ana23', 'jequito', 'sarah.youssef', 'hlong262', 'burak9836', 'terje', 'plaggeme', 'u0916393', 'rosadourada9', 'nicoladegiuseppe19', 'lpentzke', 'fatanehjenabi', 'trivellin', 'cheeseybacon', 'iuri', 'heatherleaf', 'anujgarg939', 'roiaso', 'lobsterben13', 'rajsingh', 'testeremre70', 'arianebarreto', 'amrita_lovelace', 'ogu0001', 'arno.yu610168', 'joshuabush', 'sebasmarquez90', 'charles.dambra', 'poorar21', 'jeption2025', 'dongmingli', 'cbandel', 'nguyendaniel', 'clizarazo', 'aaroncoonu', 'briann', 'pkj71794g', 'gabriel.pzanoni', 'ee17resch11016', 'kayleneechong', 'evakolmel', 'zepfan026', 'ronitronit119', 'mmei', 'npatta.1986', 'kellen.wise', 'martin.mg98.10', 'kst48', 'annikadasher', '8223freret', 'ge.6cg7', 'krusso448', 'lctasende3', 'asif0047', 'retrewtewrt', 'fabio.aragao.santos', 'uuganbayaro', 'wingitalways', 'mahnoor.syed29', 'matthew.jones98', 'costasdiego97', 'kyenyarkolemuel', 'nbhat0792', 'ethan.caballero', 'hcha71', 'miguelcb', 'mariapl200896', 'arif.ozkan5806', 'fredysanchez2', 'jako91', 'magnoliajasper', 'gazerlo', 'josemanuel3', 'durgaprasadkhatri2011', 'pw8', 'jack522577', 's16c028b', 'hrhlauraa', 'daddysexual', 'damianonetto', 'zse0147', 'mrtmert98', 'kmerino', 'lenoirr', 'd093641', 'newele', 'amandabrum', 'xiaoyuzhang', 'jake.m.hall876', 'deguirejasmin', 'k.hildenbrand', 'mollykole', 'felipemachado', 'raul292', 'paezjuanagustin47', 'santosalexis1817', 'cdutreil', 'aingles', 'm241617', 'aldanafloyd', 'maria.irausquin', 'alirose12', 'hjp44', 'aaronrivasterron', 'thomasspradley', 'vritota', 'nmorgan1', 'nfranzoni', 'santox2000', 'jef325', 'alexdallee17', 'garciacarrillojudith', 'tg2016', 'u6007941', 'susannareggiani', 'r207733', 'enhjinhanabi', 't224622', 'cameronframpton', 'aravindh', 'syoonhan', 'eschruba', 'jsanmartin1', 'anshshah2011', 'borja.bayon', 'ashishchr', 'sandip83', 'huseyinu', 'leeluanling123', 'pspiotrowicz1', 'tudimubunmi', 'philippeblaise', 'panellink1', 'f215766', 'rynk.john', 'ogandocortes', 'martinotero', 'stiml1144', 'dicef', 'jimenezph', 'cartermchris1', 'u1089358', 'julianyordano', 'guillermo99', 's16c045b', 'dolaydemirel', 'theurgeboat', 'baqer', 'spazos7', 'rylandkate', 'hamastahir19']",313,"['wdeaweqwdas', 'moshelem', 'kaynegalie', 'mos_noob', 'eminasuljic', 'yuseap1111', 'mangabera10', 'jbonez411', 'ckgk77', 'wys142', 'sabe425', 'chrixang18', 'xiaokaizhong99', 'vincentdoucet22', 'jrish', 'gunstux', 'sholliday643', 'danielclapp99', 'ulusoy2006', 'sabolton', 'ts992', 'drogalski', 'lokesht123', 'mrgiraffe', 'smontero', 'oktayhalitekinay', 'asdksnfksfkmd', 'liqizhou', 'johndoe2341341243', 'anxooo', 'reuben90', 'jaycho0309', 'alexander.lee', 'justiejoseph', 'j176601', 'mtakcali', 'fedele.penna', 'nickm', 'hwan10353', 'octoman1080x', 'j218711', 'semmi.spado00', 'madisonmiller', 'rbdud220', 'jkr3623', 'yeyeye1', 'sungjooncho', 'choudh23', 'nanobeam', 'v257028', 'jschewinsky', 'haren22', 'ervndgn59', 'cninja99', 'wjddn308', 'diana9697', 'younsk666', 'rhdcor05', 'lkipfer', 'anapv177', 'cancetinkaya1201', 'julianawallgren', 'burnett.william', 'lewisgf20', 'bmirzapouebe', 'ftah', 'jaycwilson23', 'kodurur', 'pmcnutt2', 'murattdo', 'emani', 'ainhoaab', 'marcantoineduval', 'davidr27', 'mrbunnyman', 'ekdh4301', 'sebrobarts', 'emreyilmazel1996', 'maxguipil', 'd33r00', 'u1250344', 'jsjjsung1996', 'caseyamick', 'yesimcakmakc', 'tomasx', 'nuriamjusc', 'sbentz', 'halilibrahimtiken', 'kmjysys', 'omarloay99', 'anunshi0214', 'abaringer', 'yorkiiii', 'mstff.1clkk', 'kaiseale', 'longstreetjacob', 'chastintruelove', 'l201843', 'johnganiban', 'sd226', 'andrew217usmc', 'systartup', 'phhuang', 'fpincock', 'jdgerling', 'lerner', 'ncm0007', 'thboth', 'olivier35', 'saradiazr', 'ege.ert7', 'elena.gnani', 'ol_ac', 'lorenzoholguin12', 'maxiasensio', 'olga.casals', 'fafrin2', 'kevin726', 'hjlim9612', 'elel30182', 'rossop', 'sqlim94', 'tserenkhand', 'cibranlpz', 'jason.earl', 'c195673', 'jhahn95', 'jsathanand', 'sungjoon.cho97', 'i.lutticken', 'rakaiit', 'avivlavan', 'psuzhouy', 'grantmorris656', 'jrobinson5', 'man6787', 'andresaraiva', 'blane', 'mtynski', 'cacuy', 'joejfranzo', 'm203442', 'kianamon', 'berrospidavid7', 'nsh0004', 'bagpag0412', 'a194117', 'ana23', 'jequito', 'sarah.youssef', 'hlong262', 'burak9836', 'terje', 'plaggeme', 'u0916393', 'rosadourada9', 'nicoladegiuseppe19', 'kalibee', 'lpentzke', 'fatanehjenabi', 'trivellin', 'cheeseybacon', 'iuri', 'heatherleaf', 'anujgarg939', 'roiaso', 'lobsterben13', 'rajsingh', 'testeremre70', 'ekdhafs', 'amrita_lovelace', 'arianebarreto', 'ogu0001', 'arno.yu610168', 'joshuabush', 'sebasmarquez90', 'charles.dambra', 'eb32862', 'poorar21', 'jeption2025', 'dongmingli', 'cbandel', 'nguyendaniel', 'clizarazo', 'aaroncoonu', 'briann', 'pkj71794g', 'gabriel.pzanoni', 'ee17resch11016', 'kayleneechong', 'evakolmel', 'zepfan026', 'ronitronit119', 'mmei', 'npatta.1986', 'kellen.wise', 'martin.mg98.10', 'kst48', 'annikadasher', '8223freret', 'ge.6cg7', 'krusso448', 'lctasende3', 'asif0047', 'retrewtewrt', 'fabio.aragao.santos', 'uuganbayaro', 'wingitalways', 'mahnoor.syed29', 'matthew.jones98', 'costasdiego97', 'kyenyarkolemuel', 'nbhat0792', 'choichoi1217', 'ethan.caballero', 'cactusnoh', 'hcha71', 'miguelcb', 'mariapl200896', 'myeonu', 'arif.ozkan5806', 'fredysanchez2', 'jako91', 'magnoliajasper', 'gazerlo', 'josemanuel3', 'shawutss', 'durgaprasadkhatri2011', 'jkj9316', 'pw8', 'jack522577', 's16c028b', 'hrhlauraa', 'daddysexual', 'damianonetto', 'zse0147', 'mrtmert98', 'kmerino', 'lenoirr', 'sou06101', 'd093641', 'newele', 'amandabrum', 'xiaoyuzhang', 'jake.m.hall876', 'deguirejasmin', 'k.hildenbrand', 'mollykole', 'felipemachado', 'raul292', 'paezjuanagustin47', 'santosalexis1817', 'cdutreil', 'aingles', 'm241617', 'aldanafloyd', 'maria.irausquin', 'alirose12', 'hjp44', 'aaronrivasterron', 'thomasspradley', 'vritota', 'nmorgan1', 'nfranzoni', 'santox2000', 'jef325', 'alexdallee17', 'garciacarrillojudith', 'yyerim', 'tg2016', 'u6007941', 'susannareggiani', 'r207733', 'hjy0909', 'enhjinhanabi', 't224622', 'cameronframpton', 'jeus63', 'aravindh', 'syoonhan', 'eschruba', 'jsanmartin1', 'anshshah2011', 'borja.bayon', 'ashishchr', 'yermin3196', 'sandip83', 'huseyinu', 'leeluanling123', 'pspiotrowicz1', 'tudimubunmi', 'philippeblaise', 'panellink1', 'also0714', 'hj980217', 'f215766', 'rynk.john', 'ogandocortes', 'martinotero', 'stiml1144', 'dicef', 'jimenezph', 'cartermchris1', 'u1089358', 'julianyordano', 'guillermo99', 's16c045b', 'dolaydemirel', 'theurgeboat', 'baqer', 'spazos7', 'rylandkate', 'hamastahir19']"
29,9,39,32,20,"['cactusnoh', 'sungjoon.cho97', 'yeyeye1', 'sungjooncho', 'yuseap1111', 'eb32862', 'man6787', 'wjddn308', 'jeus63', 'wys142', 'younsk666', 'yermin3196', 'bagpag0412', 'gunstux', 'jkj9316', 'also0714', 'hj980217', 'yyerim', 'hwan10353', 'choichoi1217']",19,"['ekdhafs', 'rbdud220', 'jkr3623', 'kmjysys', 'anunshi0214', 'hjy0909', 'myeonu', 'diana9697', 'ckgk77', 'rhdcor05', 'systartup', 'jrish', 'shawutss', 'ekdh4301', 'kevin726', 'sou06101', 'jaycho0309', 'kalibee', 'jsjjsung1996']",12,"['b615011', 'geunwonjeong', 'kgj9056', 'hcha71', 'qudgur96', 'zparkwd', 'oyesj97', 'paragt1026', 'mindk24', 'seobstantial', 'comebacktome', 'hoonny5343']",51,"['b615011', 'ekdhafs', 'rbdud220', 'jkr3623', 'cactusnoh', 'kmjysys', 'hcha71', 'sungjoon.cho97', 'anunshi0214', 'yeyeye1', 'oyesj97', 'sungjooncho', 'paragt1026', 'hjy0909', 'myeonu', 'yuseap1111', 'man6787', 'eb32862', 'hoonny5343', 'jeus63', 'diana9697', 'wjddn308', 'wys142', 'ckgk77', 'geunwonjeong', 'younsk666', 'rhdcor05', 'qudgur96', 'yermin3196', 'systartup', 'bagpag0412', 'jrish', 'shawutss', 'gunstux', 'comebacktome', 'jkj9316', 'also0714', 'hj980217', 'mindk24', 'ekdh4301', 'kevin726', 'sou06101', 'kgj9056', 'zparkwd', 'jaycho0309', 'kalibee', 'jsjjsung1996', 'seobstantial', 'yyerim', 'hwan10353', 'choichoi1217']"
30,88,37,23,1,['jake.julia'],36,"['cholber', 'allysonkindel', 'ztillman', 'jimmywatt', 'jnunez2', 'jaxsonjerger', 'jovermeyer', 'colebarker', 'nchowdary', 'afruge', 'matthewgerstel', 'hugo.gomez', 'gsookai', 'ishamor.reid', 'reditola', 'arnoldkenneth', 'lichen444', 'skylarraewilson', 'juanrodrigue', 'jfranco1', 'cwoodahl', 'jvillanueva1', 'matthewjager', 'boris.iliev', 'aproudnik', 'ihvojnik', 'shaneauberger', 'michael.neswold', 'erocha', 'michaelarena', 'johnmorin', 'kimc', 'c.ohalloran', 'vshiwmangal1', 'ian.press', 'antural']",22,"['exirinach', 'ksantaniello', 'sgandhi', 'joel.cruz', 'kyle.james', 'nicolas.yanez', 'rao.mihir', 'm.mcguinness', 'frankvigoa', 'a.santana', 'kayladunnuck', 'rsanchezcereijo', 'btreacy', 'robertkaufman1', 'mcarreno', 'arodriguez30', 'jweichselbaumer', 'brandongarver', 'glorber', 'sophia.corrales', 'walter.sanchez', 'zhewitt']",59,"['exirinach', 'ksantaniello', 'sgandhi', 'cholber', 'allysonkindel', 'ztillman', 'joel.cruz', 'kyle.james', 'jimmywatt', 'jnunez2', 'jaxsonjerger', 'jovermeyer', 'colebarker', 'nicolas.yanez', 'afruge', 'nchowdary', 'matthewgerstel', 'hugo.gomez', 'gsookai', 'rao.mihir', 'm.mcguinness', 'ishamor.reid', 'frankvigoa', 'jake.julia', 'reditola', 'a.santana', 'kayladunnuck', 'arnoldkenneth', 'lichen444', 'rsanchezcereijo', 'btreacy', 'skylarraewilson', 'juanrodrigue', 'jfranco1', 'cwoodahl', 'jvillanueva1', 'matthewjager', 'boris.iliev', 'aproudnik', 'ihvojnik', 'robertkaufman1', 'shaneauberger', 'michael.neswold', 'arodriguez30', 'mcarreno', 'erocha', 'michaelarena', 'johnmorin', 'kimc', 'jweichselbaumer', 'brandongarver', 'glorber', 'c.ohalloran', 'vshiwmangal1', 'sophia.corrales', 'ian.press', 'walter.sanchez', 'zhewitt', 'antural']"
30,49,37,18,17,"['matthewgerstel', 'juanrodrigue', 'cwoodahl', 'hugo.gomez', 'erocha', 'c.ohalloran', 'cholber', 'ishamor.reid', 'jake.julia', 'jimmywatt', 'ihvojnik', 'michael.neswold', 'arnoldkenneth', 'colebarker', 'michaelarena', 'johnmorin', 'kimc']",20,"['allysonkindel', 'ztillman', 'jnunez2', 'jovermeyer', 'jaxsonjerger', 'nchowdary', 'afruge', 'gsookai', 'reditola', 'lichen444', 'skylarraewilson', 'jfranco1', 'jvillanueva1', 'matthewjager', 'boris.iliev', 'aproudnik', 'shaneauberger', 'vshiwmangal1', 'ian.press', 'antural']",1,['gcioffi'],38,"['gcioffi', 'cholber', 'allysonkindel', 'ztillman', 'jimmywatt', 'jnunez2', 'jaxsonjerger', 'jovermeyer', 'colebarker', 'afruge', 'nchowdary', 'matthewgerstel', 'hugo.gomez', 'gsookai', 'ishamor.reid', 'jake.julia', 'reditola', 'arnoldkenneth', 'lichen444', 'skylarraewilson', 'juanrodrigue', 'jfranco1', 'cwoodahl', 'jvillanueva1', 'matthewjager', 'boris.iliev', 'aproudnik', 'ihvojnik', 'shaneauberger', 'michael.neswold', 'erocha', 'michaelarena', 'johnmorin', 'kimc', 'c.ohalloran', 'vshiwmangal1', 'ian.press', 'antural']"
30,146,37,6,5,"['jvillanueva1', 'matthewjager', 'vshiwmangal1', 'ian.press', 'skylarraewilson']",32,"['cholber', 'allysonkindel', 'ztillman', 'jimmywatt', 'jnunez2', 'jaxsonjerger', 'jovermeyer', 'colebarker', 'afruge', 'nchowdary', 'matthewgerstel', 'hugo.gomez', 'gsookai', 'ishamor.reid', 'jake.julia', 'reditola', 'arnoldkenneth', 'lichen444', 'juanrodrigue', 'jfranco1', 'cwoodahl', 'boris.iliev', 'aproudnik', 'ihvojnik', 'shaneauberger', 'michael.neswold', 'erocha', 'michaelarena', 'johnmorin', 'kimc', 'c.ohalloran', 'antural']",1,['pniraula'],38,"['cholber', 'allysonkindel', 'ztillman', 'jimmywatt', 'jnunez2', 'jaxsonjerger', 'jovermeyer', 'colebarker', 'afruge', 'nchowdary', 'matthewgerstel', 'hugo.gomez', 'gsookai', 'ishamor.reid', 'jake.julia', 'reditola', 'arnoldkenneth', 'lichen444', 'skylarraewilson', 'juanrodrigue', 'jfranco1', 'cwoodahl', 'jvillanueva1', 'matthewjager', 'boris.iliev', 'aproudnik', 'ihvojnik', 'shaneauberger', 'michael.neswold', 'erocha', 'michaelarena', 'johnmorin', 'kimc', 'pniraula', 'c.ohalloran', 'vshiwmangal1', 'ian.press', 'antural']"
31,221,37,283,3,"['fpincock', 'u1089358', 'baqer']",34,"['abdoug', 'maxcleveland73', 'ran', 'u1348448', 'ddyreng1', 'thmfays', 'fredericberthiaume1234', 'u1122975', 'u1298265', 'benjamin.methot', 'yoyoyuan', 'clairew4', 'federicozg96', 'lucas_thm_de', 'u1083849', 'kevindiu', '3rdbesemean00', 'u1201149', 'gmatteo.cossu', 'audranp', 'paulbrown', 'fmmkenny', 'aileyvaa', 'u1007283', 'u1251024', 'jurek.smyrski', 'u1036813', 'u0582779', 'u1250307', 'sjf0003', 'lyssiann428', 'dompm123', 'u1168279', 'yungggwei']",280,"['wdeaweqwdas', 'moshelem', 'kaynegalie', 'mos_noob', 'eminasuljic', 'mangabera10', 'jbonez411', 'wys142', 'sabe425', 'chrixang18', 'xiaokaizhong99', 'vincentdoucet22', 'sholliday643', 'danielclapp99', 'ulusoy2006', 'sabolton', 'ts992', 'drogalski', 'lokesht123', 'mrgiraffe', 'smontero', 'oktayhalitekinay', 'asdksnfksfkmd', 'liqizhou', 'johndoe2341341243', 'anxooo', 'reuben90', 'alexander.lee', 'justiejoseph', 'j176601', 'mtakcali', 'fedele.penna', 'nickm', 'octoman1080x', 'semmi.spado00', 'j218711', 'madisonmiller', 'sungjooncho', 'choudh23', 'nanobeam', 'v257028', 'jschewinsky', 'haren22', 'ervndgn59', 'cninja99', 'lkipfer', 'anapv177', 'cancetinkaya1201', 'julianawallgren', 'burnett.william', 'lewisgf20', 'bmirzapouebe', 'ftah', 'jaycwilson23', 'kodurur', 'pmcnutt2', 'murattdo', 'emani', 'ainhoaab', 'marcantoineduval', 'davidr27', 'mrbunnyman', 'sebrobarts', 'emreyilmazel1996', 'maxguipil', 'd33r00', 'u1250344', 'caseyamick', 'yesimcakmakc', 'tomasx', 'nuriamjusc', 'sbentz', 'halilibrahimtiken', 'omarloay99', 'abaringer', 'yorkiiii', 'mstff.1clkk', 'kaiseale', 'longstreetjacob', 'chastintruelove', 'l201843', 'johnganiban', 'sd226', 'andrew217usmc', 'phhuang', 'jdgerling', 'lerner', 'ncm0007', 'thboth', 'olivier35', 'saradiazr', 'ege.ert7', 'elena.gnani', 'ol_ac', 'lorenzoholguin12', 'maxiasensio', 'olga.casals', 'fafrin2', 'hjlim9612', 'elel30182', 'rossop', 'sqlim94', 'tserenkhand', 'cibranlpz', 'jason.earl', 'c195673', 'jhahn95', 'jsathanand', 'i.lutticken', 'sungjoon.cho97', 'rakaiit', 'avivlavan', 'psuzhouy', 'grantmorris656', 'jrobinson5', 'andresaraiva', 'man6787', 'blane', 'mtynski', 'cacuy', 'joejfranzo', 'm203442', 'kianamon', 'berrospidavid7', 'nsh0004', 'a194117', 'ana23', 'jequito', 'sarah.youssef', 'hlong262', 'burak9836', 'terje', 'plaggeme', 'u0916393', 'rosadourada9', 'nicoladegiuseppe19', 'lpentzke', 'fatanehjenabi', 'trivellin', 'cheeseybacon', 'iuri', 'heatherleaf', 'anujgarg939', 'roiaso', 'lobsterben13', 'rajsingh', 'testeremre70', 'arianebarreto', 'amrita_lovelace', 'ogu0001', 'arno.yu610168', 'joshuabush', 'sebasmarquez90', 'charles.dambra', 'poorar21', 'jeption2025', 'dongmingli', 'cbandel', 'nguyendaniel', 'clizarazo', 'aaroncoonu', 'briann', 'pkj71794g', 'gabriel.pzanoni', 'ee17resch11016', 'kayleneechong', 'evakolmel', 'zepfan026', 'ronitronit119', 'mmei', 'npatta.1986', 'kellen.wise', 'martin.mg98.10', 'kst48', 'annikadasher', '8223freret', 'ge.6cg7', 'krusso448', 'lctasende3', 'asif0047', 'retrewtewrt', 'fabio.aragao.santos', 'uuganbayaro', 'wingitalways', 'mahnoor.syed29', 'matthew.jones98', 'costasdiego97', 'kyenyarkolemuel', 'nbhat0792', 'ethan.caballero', 'cactusnoh', 'hcha71', 'miguelcb', 'mariapl200896', 'arif.ozkan5806', 'fredysanchez2', 'jako91', 'magnoliajasper', 'gazerlo', 'josemanuel3', 'durgaprasadkhatri2011', 'pw8', 'jack522577', 's16c028b', 'hrhlauraa', 'daddysexual', 'damianonetto', 'zse0147', 'mrtmert98', 'kmerino', 'lenoirr', 'd093641', 'newele', 'amandabrum', 'xiaoyuzhang', 'jake.m.hall876', 'deguirejasmin', 'k.hildenbrand', 'mollykole', 'felipemachado', 'raul292', 'paezjuanagustin47', 'santosalexis1817', 'cdutreil', 'aingles', 'm241617', 'aldanafloyd', 'maria.irausquin', 'alirose12', 'hjp44', 'aaronrivasterron', 'thomasspradley', 'vritota', 'nmorgan1', 'nfranzoni', 'santox2000', 'jef325', 'alexdallee17', 'garciacarrillojudith', 'yyerim', 'tg2016', 'u6007941', 'susannareggiani', 'r207733', 'enhjinhanabi', 't224622', 'cameronframpton', 'aravindh', 'syoonhan', 'eschruba', 'jeus63', 'jsanmartin1', 'anshshah2011', 'borja.bayon', 'ashishchr', 'sandip83', 'huseyinu', 'leeluanling123', 'pspiotrowicz1', 'tudimubunmi', 'philippeblaise', 'panellink1', 'also0714', 'hj980217', 'f215766', 'rynk.john', 'ogandocortes', 'martinotero', 'stiml1144', 'dicef', 'jimenezph', 'cartermchris1', 'julianyordano', 'guillermo99', 's16c045b', 'dolaydemirel', 'theurgeboat', 'spazos7', 'rylandkate', 'hamastahir19']",317,"['wdeaweqwdas', 'moshelem', 'kaynegalie', 'mos_noob', 'eminasuljic', 'mangabera10', 'u1298265', 'jbonez411', 'wys142', 'sabe425', 'chrixang18', 'xiaokaizhong99', 'vincentdoucet22', 'u1083849', 'sholliday643', 'danielclapp99', 'ulusoy2006', 'sabolton', 'ts992', 'drogalski', 'lokesht123', 'mrgiraffe', 'smontero', 'oktayhalitekinay', 'paulbrown', 'asdksnfksfkmd', 'aileyvaa', 'liqizhou', 'johndoe2341341243', 'u1036813', 'anxooo', 'reuben90', 'alexander.lee', 'justiejoseph', 'j176601', 'mtakcali', 'fedele.penna', 'nickm', 'octoman1080x', 'semmi.spado00', 'j218711', 'madisonmiller', 'abdoug', 'sungjooncho', 'choudh23', 'nanobeam', 'v257028', 'jschewinsky', 'u1348448', 'haren22', 'fredericberthiaume1234', 'ervndgn59', 'cninja99', 'lkipfer', 'anapv177', 'cancetinkaya1201', 'julianawallgren', 'burnett.william', 'lewisgf20', 'bmirzapouebe', 'ftah', 'jaycwilson23', 'kodurur', 'pmcnutt2', 'murattdo', 'emani', 'ainhoaab', 'fmmkenny', 'marcantoineduval', 'davidr27', 'mrbunnyman', 'u1007283', 'sebrobarts', 'emreyilmazel1996', 'maxguipil', 'd33r00', 'u1250344', 'caseyamick', 'lyssiann428', 'dompm123', 'yesimcakmakc', 'tomasx', 'nuriamjusc', 'sbentz', 'yungggwei', 'halilibrahimtiken', 'omarloay99', 'abaringer', 'yorkiiii', 'mstff.1clkk', 'kaiseale', 'thmfays', 'longstreetjacob', 'chastintruelove', 'l201843', 'johnganiban', 'sd226', 'andrew217usmc', 'phhuang', 'fpincock', 'jdgerling', 'lerner', 'ncm0007', 'thboth', 'olivier35', 'saradiazr', 'ege.ert7', 'elena.gnani', 'ol_ac', 'lorenzoholguin12', 'maxiasensio', 'olga.casals', 'fafrin2', 'jurek.smyrski', 'hjlim9612', 'elel30182', 'rossop', 'sqlim94', 'tserenkhand', 'u1168279', 'cibranlpz', 'jason.earl', 'c195673', 'jhahn95', 'jsathanand', 'i.lutticken', 'sungjoon.cho97', 'rakaiit', 'avivlavan', 'psuzhouy', 'grantmorris656', 'jrobinson5', 'maxcleveland73', 'andresaraiva', 'man6787', 'blane', 'mtynski', 'ddyreng1', 'cacuy', 'joejfranzo', 'u1122975', 'm203442', 'kianamon', 'berrospidavid7', 'nsh0004', 'a194117', 'ana23', 'jequito', 'sarah.youssef', 'hlong262', 'burak9836', 'terje', 'plaggeme', 'u0916393', 'rosadourada9', 'nicoladegiuseppe19', 'lpentzke', 'fatanehjenabi', 'trivellin', 'cheeseybacon', 'iuri', 'heatherleaf', 'anujgarg939', 'roiaso', 'lobsterben13', 'rajsingh', 'testeremre70', 'arianebarreto', 'amrita_lovelace', 'ogu0001', 'arno.yu610168', 'joshuabush', 'sebasmarquez90', 'charles.dambra', 'poorar21', 'jeption2025', 'dongmingli', 'cbandel', 'nguyendaniel', 'clizarazo', 'aaroncoonu', 'briann', 'pkj71794g', 'gabriel.pzanoni', 'ee17resch11016', 'kayleneechong', 'evakolmel', 'zepfan026', 'ronitronit119', 'mmei', 'npatta.1986', 'kellen.wise', 'martin.mg98.10', 'kst48', 'annikadasher', '8223freret', 'ge.6cg7', 'krusso448', 'lctasende3', 'asif0047', 'retrewtewrt', 'fabio.aragao.santos', 'uuganbayaro', 'wingitalways', 'u1250307', 'mahnoor.syed29', 'matthew.jones98', 'costasdiego97', 'kyenyarkolemuel', 'nbhat0792', 'ethan.caballero', 'cactusnoh', 'hcha71', 'miguelcb', 'mariapl200896', 'arif.ozkan5806', 'fredysanchez2', 'jako91', 'benjamin.methot', 'magnoliajasper', 'federicozg96', 'gazerlo', 'josemanuel3', 'durgaprasadkhatri2011', '3rdbesemean00', 'pw8', 'jack522577', 's16c028b', 'u1201149', 'hrhlauraa', 'gmatteo.cossu', 'daddysexual', 'damianonetto', 'zse0147', 'mrtmert98', 'kmerino', 'lenoirr', 'u0582779', 'sjf0003', 'd093641', 'newele', 'amandabrum', 'xiaoyuzhang', 'jake.m.hall876', 'deguirejasmin', 'k.hildenbrand', 'mollykole', 'felipemachado', 'raul292', 'paezjuanagustin47', 'santosalexis1817', 'cdutreil', 'lucas_thm_de', 'aingles', 'm241617', 'aldanafloyd', 'maria.irausquin', 'alirose12', 'hjp44', 'aaronrivasterron', 'audranp', 'thomasspradley', 'vritota', 'nmorgan1', 'nfranzoni', 'santox2000', 'u1251024', 'jef325', 'alexdallee17', 'garciacarrillojudith', 'yyerim', 'tg2016', 'u6007941', 'susannareggiani', 'r207733', 'enhjinhanabi', 't224622', 'ran', 'cameronframpton', 'aravindh', 'syoonhan', 'eschruba', 'jeus63', 'jsanmartin1', 'yoyoyuan', 'anshshah2011', 'borja.bayon', 'ashishchr', 'clairew4', 'sandip83', 'kevindiu', 'huseyinu', 'leeluanling123', 'pspiotrowicz1', 'tudimubunmi', 'philippeblaise', 'panellink1', 'also0714', 'hj980217', 'f215766', 'rynk.john', 'ogandocortes', 'martinotero', 'stiml1144', 'dicef', 'jimenezph', 'cartermchris1', 'u1089358', 'julianyordano', 'guillermo99', 's16c045b', 'dolaydemirel', 'theurgeboat', 'baqer', 'spazos7', 'rylandkate', 'hamastahir19']"
31,226,37,20,11,"['u1122975', 'u1007283', 'yoyoyuan', 'u1251024', 'u0582779', 'u1201149', 'u1250307', 'ran', 'u1083849', 'paulbrown', 'ddyreng1']",26,"['abdoug', 'maxcleveland73', 'u1348448', 'thmfays', 'fredericberthiaume1234', 'u1298265', 'benjamin.methot', 'clairew4', 'federicozg96', 'lucas_thm_de', 'kevindiu', 'fpincock', '3rdbesemean00', 'gmatteo.cossu', 'audranp', 'fmmkenny', 'aileyvaa', 'u1089358', 'jurek.smyrski', 'u1036813', 'sjf0003', 'baqer', 'dompm123', 'lyssiann428', 'u1168279', 'yungggwei']",9,"['shaunmckellar', 'u1096218', 'u0614258', 'jac3888', 'u1250344', 'u1109841', 'nanobeam', 'yorkiiii', 'u1099799']",46,"['abdoug', 'maxcleveland73', 'nanobeam', 'yorkiiii', 'ran', 'u1348448', 'u1099799', 'ddyreng1', 'thmfays', 'fredericberthiaume1234', 'u1122975', 'u1298265', 'benjamin.methot', 'yoyoyuan', 'clairew4', 'federicozg96', 'lucas_thm_de', 'u1083849', 'fpincock', 'kevindiu', 'shaunmckellar', '3rdbesemean00', 'u1096218', 'u0614258', 'u1201149', 'u1109841', 'gmatteo.cossu', 'audranp', 'paulbrown', 'fmmkenny', 'aileyvaa', 'u1089358', 'u1007283', 'u1251024', 'jurek.smyrski', 'jac3888', 'u1036813', 'u0582779', 'u1250344', 'u1250307', 'sjf0003', 'baqer', 'dompm123', 'lyssiann428', 'u1168279', 'yungggwei']"
31,104,37,17,1,['u1168279'],36,"['abdoug', 'maxcleveland73', 'ran', 'u1348448', 'ddyreng1', 'thmfays', 'fredericberthiaume1234', 'u1122975', 'u1298265', 'benjamin.methot', 'yoyoyuan', 'clairew4', 'federicozg96', 'lucas_thm_de', 'u1083849', 'fpincock', 'kevindiu', '3rdbesemean00', 'u1201149', 'gmatteo.cossu', 'audranp', 'paulbrown', 'fmmkenny', 'aileyvaa', 'u1089358', 'u1007283', 'u1251024', 'jurek.smyrski', 'u1036813', 'u0582779', 'u1250307', 'sjf0003', 'baqer', 'dompm123', 'lyssiann428', 'yungggwei']",16,"['karsan100', 'cdsalvador88', 'bquang', 'briann', 'aegomez1', 'hmdecker', 'emmonteith', 'cschlag', 'althea.marquez08', 'jtovar', 'pvdepur', 'andresd1', 'xavier.m.rosario', 'hmorales27', 'julsnguyen1', 'zhaowantong1968']",53,"['abdoug', 'aegomez1', 'maxcleveland73', 'cschlag', 'althea.marquez08', 'jtovar', 'ran', 'u1348448', 'pvdepur', 'hmorales27', 'julsnguyen1', 'ddyreng1', 'thmfays', 'fredericberthiaume1234', 'u1122975', 'u1298265', 'benjamin.methot', 'cdsalvador88', 'yoyoyuan', 'briann', 'clairew4', 'federicozg96', 'emmonteith', 'lucas_thm_de', 'andresd1', 'u1083849', 'fpincock', 'kevindiu', 'xavier.m.rosario', '3rdbesemean00', 'u1201149', 'gmatteo.cossu', 'audranp', 'paulbrown', 'fmmkenny', 'aileyvaa', 'zhaowantong1968', 'bquang', 'karsan100', 'u1089358', 'u1007283', 'u1251024', 'jurek.smyrski', 'u1036813', 'u0582779', 'hmdecker', 'u1250307', 'sjf0003', 'baqer', 'dompm123', 'lyssiann428', 'u1168279', 'yungggwei']"
31,228,37,6,3,"['audranp', 'dompm123', 'fredericberthiaume1234']",34,"['abdoug', 'maxcleveland73', 'ran', 'u1348448', 'ddyreng1', 'thmfays', 'u1122975', 'u1298265', 'benjamin.methot', 'yoyoyuan', 'clairew4', 'federicozg96', 'lucas_thm_de', 'u1083849', 'fpincock', 'kevindiu', '3rdbesemean00', 'u1201149', 'gmatteo.cossu', 'paulbrown', 'fmmkenny', 'aileyvaa', 'u1089358', 'u1007283', 'u1251024', 'jurek.smyrski', 'u1036813', 'u0582779', 'u1250307', 'sjf0003', 'baqer', 'lyssiann428', 'u1168279', 'yungggwei']",3,"['deguirejasmin', 'myriam.blanchet07', 'jeson']",40,"['abdoug', 'deguirejasmin', 'maxcleveland73', 'ran', 'u1348448', 'ddyreng1', 'thmfays', 'fredericberthiaume1234', 'u1122975', 'u1298265', 'benjamin.methot', 'yoyoyuan', 'clairew4', 'federicozg96', 'lucas_thm_de', 'u1083849', 'fpincock', 'kevindiu', 'myriam.blanchet07', '3rdbesemean00', 'u1201149', 'jeson', 'gmatteo.cossu', 'audranp', 'paulbrown', 'fmmkenny', 'aileyvaa', 'u1089358', 'u1007283', 'u1251024', 'jurek.smyrski', 'u1036813', 'u0582779', 'u1250307', 'sjf0003', 'baqer', 'dompm123', 'lyssiann428', 'u1168279', 'yungggwei']"
32,51,36,28,23,"['arouhand', 'jeaniekim', 'udesarda', 'rlmabry', 'rwtheilm', 'kgupta42', 'tlovell2', 'chattend', 'mvkimbal', 'mkhadley', 'tdmcgow1', 'crdavi26', 'tlvo1', 'jrsanne1', 'sdahal4', 'mesmeral', 'dokbamic', 'mmblaes', 'mrplatt1', 'ksantos5', 'djdenzer', 'hcquinn', 'bpovilus']",13,"['vjokeefe', 'slim47', 'bbolas', 'fgalaz', 'awharri8', 'merodr15', 'whward1', 'mhipschm', 'ecperez3', 'mhamare', 'ssalgue1', 'lcfierro', 'eaamonoo']",5,"['mdlevin2', 'nmohrkub', 'mkurecki', 'ijsxa', 'raranade']",41,"['vjokeefe', 'arouhand', 'whward1', 'jeaniekim', 'ecperez3', 'udesarda', 'rlmabry', 'raranade', 'rwtheilm', 'merodr15', 'mhamare', 'ssalgue1', 'lcfierro', 'kgupta42', 'tlovell2', 'chattend', 'eaamonoo', 'mvkimbal', 'mkhadley', 'tdmcgow1', 'slim47', 'bbolas', 'mdlevin2', 'crdavi26', 'tlvo1', 'jrsanne1', 'sdahal4', 'mesmeral', 'mkurecki', 'awharri8', 'ijsxa', 'fgalaz', 'dokbamic', 'mmblaes', 'mrplatt1', 'ksantos5', 'mhipschm', 'djdenzer', 'nmohrkub', 'hcquinn', 'bpovilus']"
33,241,36,27,2,"['pty3111', 'namgunhee']",34,"['annavicbz', 'hugobastos_02', 'g.secco', 'landersilva', 'marcoswgomess', 'bernardops02', 'arthurdfbn29', 'migueloucao', 'idohist', 'memyself', 'keeyeol', 'jeancostta09', 'victorhugobr', 'dbwndnjs', 'victoriagabriela', 'thainamacedo2204', 'victorieq', 'hiagozogbi', 'manoel', 'daniellanascimento749', 'tavares.louzada', 'paultmorgan28', 'felipesantosalbuquerque.fa', 'carlos902205', 'vanessaribeiro200228', 'thainamacedo22040318', 'stefany022002', 'tec.well18', 'annaluizabonati000', 'maxpasbru', 'hdafelk', 'anacarolinalopesdecampos30', 'analaurabm', 'trabalho123']",25,"['vktmxk5190', 'ksh97050310', 'rldud777715', 'ywjwns2', 'hilsong', 'swcho4983', 'zneet456', 'dongsun9781', 'robolex', 'dff123123', 'yoonwe00', 'duswl2510', 'aodfkd', 'ji990120', 'yhuj0215', 'elel0505', 'pongdong2323', 'janggyusang', 'mindk24', 'seongwoo', 'yoona8', 'dctbelieve', 'ojiow', 'jin112', 'seunghun4757']",61,"['vktmxk5190', 'annavicbz', 'ksh97050310', 'hugobastos_02', 'rldud777715', 'ywjwns2', 'g.secco', 'landersilva', 'marcoswgomess', 'hilsong', 'bernardops02', 'swcho4983', 'arthurdfbn29', 'migueloucao', 'idohist', 'zneet456', 'memyself', 'dongsun9781', 'robolex', 'keeyeol', 'namgunhee', 'jeancostta09', 'victorhugobr', 'dbwndnjs', 'dff123123', 'yoonwe00', 'duswl2510', 'victoriagabriela', 'aodfkd', 'thainamacedo2204', 'ji990120', 'pty3111', 'yhuj0215', 'victorieq', 'elel0505', 'hiagozogbi', 'manoel', 'pongdong2323', 'janggyusang', 'mindk24', 'seongwoo', 'daniellanascimento749', 'tavares.louzada', 'yoona8', 'dctbelieve', 'ojiow', 'paultmorgan28', 'jin112', 'felipesantosalbuquerque.fa', 'carlos902205', 'vanessaribeiro200228', 'thainamacedo22040318', 'stefany022002', 'tec.well18', 'annaluizabonati000', 'maxpasbru', 'hdafelk', 'seunghun4757', 'anacarolinalopesdecampos30', 'analaurabm', 'trabalho123']"
33,248,36,16,15,"['migueloucao', 'thainamacedo2204', 'thainamacedo22040318', 'arthurdfbn29', 'stefany022002', 'hugobastos_02', 'hiagozogbi', 'g.secco', 'maxpasbru', 'jeancostta09', 'hdafelk', 'marcoswgomess', 'bernardops02', 'anacarolinalopesdecampos30', 'analaurabm']",21,"['annavicbz', 'landersilva', 'idohist', 'memyself', 'keeyeol', 'namgunhee', 'dbwndnjs', 'victorhugobr', 'victoriagabriela', 'pty3111', 'victorieq', 'manoel', 'daniellanascimento749', 'tavares.louzada', 'paultmorgan28', 'felipesantosalbuquerque.fa', 'carlos902205', 'vanessaribeiro200228', 'tec.well18', 'annaluizabonati000', 'trabalho123']",1,['carolinayazejy'],37,"['annavicbz', 'hugobastos_02', 'g.secco', 'landersilva', 'marcoswgomess', 'bernardops02', 'arthurdfbn29', 'migueloucao', 'idohist', 'memyself', 'keeyeol', 'namgunhee', 'jeancostta09', 'victorhugobr', 'dbwndnjs', 'victoriagabriela', 'thainamacedo2204', 'pty3111', 'victorieq', 'hiagozogbi', 'manoel', 'daniellanascimento749', 'tavares.louzada', 'paultmorgan28', 'felipesantosalbuquerque.fa', 'carlos902205', 'vanessaribeiro200228', 'thainamacedo22040318', 'stefany022002', 'tec.well18', 'annaluizabonati000', 'maxpasbru', 'hdafelk', 'carolinayazejy', 'anacarolinalopesdecampos30', 'analaurabm', 'trabalho123']"
33,247,36,7,6,"['victoriagabriela', 'thainamacedo22040318', 'maxpasbru', 'marcoswgomess', 'arthurdfbn29', 'felipesantosalbuquerque.fa']",30,"['annavicbz', 'hugobastos_02', 'g.secco', 'landersilva', 'bernardops02', 'migueloucao', 'idohist', 'memyself', 'keeyeol', 'namgunhee', 'jeancostta09', 'victorhugobr', 'dbwndnjs', 'thainamacedo2204', 'pty3111', 'victorieq', 'hiagozogbi', 'manoel', 'daniellanascimento749', 'tavares.louzada', 'paultmorgan28', 'carlos902205', 'vanessaribeiro200228', 'stefany022002', 'tec.well18', 'annaluizabonati000', 'hdafelk', 'anacarolinalopesdecampos30', 'analaurabm', 'trabalho123']",1,['olalekan.freitas'],37,"['annavicbz', 'hugobastos_02', 'g.secco', 'landersilva', 'marcoswgomess', 'bernardops02', 'arthurdfbn29', 'olalekan.freitas', 'migueloucao', 'idohist', 'memyself', 'keeyeol', 'namgunhee', 'jeancostta09', 'victorhugobr', 'dbwndnjs', 'victoriagabriela', 'thainamacedo2204', 'pty3111', 'victorieq', 'hiagozogbi', 'manoel', 'daniellanascimento749', 'tavares.louzada', 'paultmorgan28', 'felipesantosalbuquerque.fa', 'carlos902205', 'vanessaribeiro200228', 'thainamacedo22040318', 'stefany022002', 'tec.well18', 'annaluizabonati000', 'maxpasbru', 'hdafelk', 'anacarolinalopesdecampos30', 'analaurabm', 'trabalho123']"
35,125,33,6,4,"['shi368', 'bstegma', 'nthakuri', 'wils1006']",29,"['alexie', 'jestevez3141', 'kiyoumars', 'sshepherd637', 'jimkress', 'jenkin94', 'bhubmann', 'mehrab', 'stefanbr', 'keshab1', 'farrukhsaghir', 'myawalka', 'juansojo2332', 'pritam.cphys', 'rtancin', 'sarthak2597', 'yashdaksh123', 'sramishe', 'gmclachl', 'chaman', 'ethanh', 'themonk95', 'cristina123', 'aditi', 'anitavk93', 'vasuphy07', 'maxwell04', 'xu967', 'hirakchatterjee3']",2,"['kodurur', 'leebh_purdue2021']",35,"['alexie', 'jestevez3141', 'kiyoumars', 'sshepherd637', 'leebh_purdue2021', 'jimkress', 'jenkin94', 'bhubmann', 'mehrab', 'stefanbr', 'keshab1', 'farrukhsaghir', 'myawalka', 'nthakuri', 'juansojo2332', 'bstegma', 'kodurur', 'pritam.cphys', 'rtancin', 'sarthak2597', 'yashdaksh123', 'sramishe', 'gmclachl', 'chaman', 'ethanh', 'themonk95', 'cristina123', 'aditi', 'anitavk93', 'vasuphy07', 'maxwell04', 'xu967', 'hirakchatterjee3', 'shi368', 'wils1006']"
36,245,33,55,22,"['jungmin0322', 'recomendneko', 'gaeun0215', 'tpghks9708', 'yeny28', 'rlafbehd3', 'nkm4095', 'rlawjddus6825', 'guswo50', 'sse09137798', 'ekdmss31', 'rlatnals874', 'raw1250', 'guddnr6423', 'gmlwn4897', 'dongsun0801', 'smustudyaccout', 'yejun990721', 'imsad', 'hhw3481', 'minsong0313', 'wkwjsrjekffk']",11,"['moon990802', 'indiahong1', 'wngml99324', 'shalsrud9', 'choiyj5054', 'thdus1442', 'stujh00', '12tmdwn', 'junseok8370', 'gabriel_l_p_silva', 'olalekan.freitas']",33,"['youjy1105', 'ksh97050310', 'haseungho', 'paragt1026', 'chubbypet2', 'potatochip0617', 'jisukim0423', 'hilsong', 'dlwjdtlr97', 'ykhykh3587', 'juyeon', 'leesijin120', 'llssmm9710', 'skyxz123', 'hee_jun', 'zneet456', 'yongsik', 'poby', 'yoonwe00', 'dff123123', 'duswl2510', 'homme0214', 'wogml622', 'okjaegeun', 'kgj0328', 'pongdong2323', 'dctbelieve', 'ojiow', 'hjlim9612', 'seunghun4757', 'kim980407', 'seobstantial', 'tuco96']",66,"['youjy1105', 'paragt1026', 'haseungho', 'ykhykh3587', 'olalekan.freitas', 'tpghks9708', 'indiahong1', 'nkm4095', 'hee_jun', 'zneet456', 'choiyj5054', 'thdus1442', '12tmdwn', 'rlawjddus6825', 'yongsik', 'poby', 'stujh00', 'duswl2510', 'rlatnals874', 'wogml622', 'okjaegeun', 'smustudyaccout', 'imsad', 'hjlim9612', 'hhw3481', 'seunghun4757', 'wkwjsrjekffk', 'ksh97050310', 'shalsrud9', 'potatochip0617', 'chubbypet2', 'jungmin0322', 'jisukim0423', 'hilsong', 'dlwjdtlr97', 'recomendneko', 'gabriel_l_p_silva', 'gaeun0215', 'junseok8370', 'leesijin120', 'llssmm9710', 'juyeon', 'skyxz123', 'yeny28', 'rlafbehd3', 'guswo50', 'dff123123', 'yoonwe00', 'sse09137798', 'ekdmss31', 'homme0214', 'wngml99324', 'raw1250', 'kgj0328', 'pongdong2323', 'guddnr6423', 'dctbelieve', 'gmlwn4897', 'ojiow', 'moon990802', 'dongsun0801', 'yejun990721', 'kim980407', 'seobstantial', 'minsong0313', 'tuco96']"
36,247,33,7,1,['olalekan.freitas'],32,"['shalsrud9', 'jungmin0322', 'recomendneko', 'gabriel_l_p_silva', 'gaeun0215', 'junseok8370', 'tpghks9708', 'indiahong1', 'yeny28', 'rlafbehd3', 'nkm4095', 'choiyj5054', 'thdus1442', '12tmdwn', 'rlawjddus6825', 'guswo50', 'stujh00', 'sse09137798', 'ekdmss31', 'rlatnals874', 'wngml99324', 'raw1250', 'guddnr6423', 'gmlwn4897', 'moon990802', 'dongsun0801', 'smustudyaccout', 'yejun990721', 'imsad', 'hhw3481', 'minsong0313', 'wkwjsrjekffk']",6,"['victoriagabriela', 'thainamacedo22040318', 'maxpasbru', 'marcoswgomess', 'arthurdfbn29', 'felipesantosalbuquerque.fa']",39,"['shalsrud9', 'jungmin0322', 'marcoswgomess', 'recomendneko', 'gabriel_l_p_silva', 'olalekan.freitas', 'gaeun0215', 'junseok8370', 'arthurdfbn29', 'tpghks9708', 'indiahong1', 'yeny28', 'rlafbehd3', 'nkm4095', 'choiyj5054', 'thdus1442', '12tmdwn', 'rlawjddus6825', 'guswo50', 'stujh00', 'sse09137798', 'ekdmss31', 'victoriagabriela', 'rlatnals874', 'wngml99324', 'raw1250', 'guddnr6423', 'gmlwn4897', 'moon990802', 'dongsun0801', 'felipesantosalbuquerque.fa', 'smustudyaccout', 'thainamacedo22040318', 'yejun990721', 'imsad', 'hhw3481', 'maxpasbru', 'minsong0313', 'wkwjsrjekffk']"
36,246,33,6,5,"['indiahong1', 'shalsrud9', 'thdus1442', '12tmdwn', 'stujh00']",28,"['jungmin0322', 'recomendneko', 'gabriel_l_p_silva', 'olalekan.freitas', 'gaeun0215', 'junseok8370', 'tpghks9708', 'yeny28', 'rlafbehd3', 'nkm4095', 'choiyj5054', 'rlawjddus6825', 'guswo50', 'sse09137798', 'ekdmss31', 'rlatnals874', 'wngml99324', 'raw1250', 'guddnr6423', 'gmlwn4897', 'moon990802', 'dongsun0801', 'smustudyaccout', 'yejun990721', 'imsad', 'hhw3481', 'minsong0313', 'wkwjsrjekffk']",1,['yjiwan0913'],34,"['shalsrud9', 'yjiwan0913', 'jungmin0322', 'recomendneko', 'gabriel_l_p_silva', 'olalekan.freitas', 'gaeun0215', 'junseok8370', 'tpghks9708', 'indiahong1', 'yeny28', 'rlafbehd3', 'nkm4095', 'choiyj5054', 'thdus1442', '12tmdwn', 'rlawjddus6825', 'guswo50', 'stujh00', 'sse09137798', 'ekdmss31', 'rlatnals874', 'wngml99324', 'raw1250', 'guddnr6423', 'gmlwn4897', 'moon990802', 'dongsun0801', 'smustudyaccout', 'yejun990721', 'imsad', 'hhw3481', 'minsong0313', 'wkwjsrjekffk']"
37,214,32,5,5,"['kavyamendu', 'kirills', 'akampert0559', 'nherringer', 'atiqur.rahman']",27,"['aniruddha.dive', 'sheikhahnafalvi', 'naomi.helsel', 'shivangi', 'kyle.reeves', 'tmeedh', 'tshidhor', 'mkhajehvand', 'ssandhoefner3', 'dysasaki', 'sem2', 'franceesco.danzi', 'chriswalsh', 'zbigniew.brytan', 'andrea_mucchietto', 'liy218', 'caaperezru', 'huan1746', 'renur', 'fcrhkdan', 'linear85', 'conejo1962', 'shangkunwang', 'unedogled', 'mehta127', 'aceyhan', 'arttucker']",0,[],32,"['aniruddha.dive', 'sheikhahnafalvi', 'kavyamendu', 'kirills', 'akampert0559', 'naomi.helsel', 'shivangi', 'kyle.reeves', 'tmeedh', 'tshidhor', 'mkhajehvand', 'ssandhoefner3', 'dysasaki', 'sem2', 'franceesco.danzi', 'chriswalsh', 'zbigniew.brytan', 'andrea_mucchietto', 'liy218', 'caaperezru', 'huan1746', 'renur', 'atiqur.rahman', 'fcrhkdan', 'linear85', 'conejo1962', 'shangkunwang', 'nherringer', 'unedogled', 'mehta127', 'aceyhan', 'arttucker']"
37,215,32,5,3,"['mehta127', 'franceesco.danzi', 'tshidhor']",29,"['aniruddha.dive', 'sheikhahnafalvi', 'kavyamendu', 'kirills', 'akampert0559', 'naomi.helsel', 'shivangi', 'kyle.reeves', 'tmeedh', 'mkhajehvand', 'ssandhoefner3', 'dysasaki', 'sem2', 'chriswalsh', 'zbigniew.brytan', 'andrea_mucchietto', 'liy218', 'caaperezru', 'huan1746', 'renur', 'atiqur.rahman', 'fcrhkdan', 'linear85', 'conejo1962', 'shangkunwang', 'nherringer', 'unedogled', 'aceyhan', 'arttucker']",2,"['sawantk', 'desai61']",34,"['aniruddha.dive', 'sheikhahnafalvi', 'kavyamendu', 'kirills', 'akampert0559', 'naomi.helsel', 'shivangi', 'kyle.reeves', 'tmeedh', 'tshidhor', 'mkhajehvand', 'ssandhoefner3', 'dysasaki', 'desai61', 'sem2', 'franceesco.danzi', 'chriswalsh', 'zbigniew.brytan', 'andrea_mucchietto', 'liy218', 'caaperezru', 'sawantk', 'huan1746', 'renur', 'atiqur.rahman', 'fcrhkdan', 'linear85', 'conejo1962', 'shangkunwang', 'nherringer', 'unedogled', 'mehta127', 'aceyhan', 'arttucker']"
38,250,32,8,7,"['fromero2019', 'smohammed2019', 'vstarikov', 'ralsaedi2019', 'yalsaedi', 'mpokharel2019', 'dndeye']",25,"['mrafin', 'vtitarenko', 'tzeya', 'fdiagne', 'jchoudhury', 'kcotrina2019', 'aguillermo', 'mgonzalez2019', 'halmulaiki2019', 'mdsyed11', 'kanysy', 'aelfgeeh2019', 'cmeran2019', 'bcarrielit2020', 'ajan', 'ofaruk2019', 'anthonyrugama', 'arianna.rodriguez', 'iguzman', 'lsiby10102004', 'aacosta2019', 'davison0.0', 'dmunoz2019', 'mdao2019', 'jcolon']",1,['mcisse2019'],33,"['mrafin', 'vtitarenko', 'tzeya', 'fdiagne', 'ralsaedi2019', 'jchoudhury', 'kcotrina2019', 'aguillermo', 'smohammed2019', 'mgonzalez2019', 'halmulaiki2019', 'mdsyed11', 'kanysy', 'yalsaedi', 'vstarikov', 'aelfgeeh2019', 'cmeran2019', 'bcarrielit2020', 'dndeye', 'ajan', 'mcisse2019', 'ofaruk2019', 'anthonyrugama', 'arianna.rodriguez', 'fromero2019', 'iguzman', 'lsiby10102004', 'aacosta2019', 'davison0.0', 'mpokharel2019', 'dmunoz2019', 'mdao2019', 'jcolon']"
39,121,31,7,7,"['qosias', 'oliviara', 'jcaban', 'cortiz70', 'nhafid', 'trua77', 'munozj']",24,"['khan0601', 'trjcarmona', 'jschuste', 'gavrilov', 'fjmartinmartinez', 'azizamirsaidova', 'jvalenci', 'kileed', 'amandamz', 'clee01', 'emb9544', 'dexterj', 'tsurette1', 'paulinaa', 'porterb', 'jiayanl', 'fest2000', 'estefano', 'seungwanhong99', 'karlosb', 'wendy.peters', 'vhooper', 'ulisesga', 'fmartinm9']",0,[],31,"['qosias', 'khan0601', 'trjcarmona', 'jschuste', 'gavrilov', 'fjmartinmartinez', 'azizamirsaidova', 'jvalenci', 'kileed', 'amandamz', 'oliviara', 'clee01', 'jcaban', 'emb9544', 'nhafid', 'tsurette1', 'ulisesga', 'trua77', 'munozj', 'paulinaa', 'porterb', 'jiayanl', 'fest2000', 'estefano', 'cortiz70', 'karlosb', 'wendy.peters', 'seungwanhong99', 'vhooper', 'dexterj', 'fmartinm9']"
40,44,31,15,5,"['funuploads0401', 'saurabhsahu38', 'nishamanzoor.18', 'prithvikrishna0', 'mohammadsajid']",26,"['conradalf', 'shekhartripathi1454', 'tor.sandstrom2', 'manojchittimoju98', 'pnvskrishna97', 'utkarsh_jais', 'brainovzky', 'raghava_m', 'pulabhanuteja', 'dineshallina3', 'bhavanashreeram', 'th6181', 'roychowdhury1997', 'ee20m572', 'sreenumamidi6', 'daniele.fasanellamasci', 'souravkolya98', 'musmau82', 'vemulaprashanth', 'adityakalsha83', 'ramandeep.kaur', 'pravats123', 'mehboob', 'peigo0216', 'pallavibharti1311', 'alnassar']",10,"['venky98j', 'ashishphogat1801', 'rd8515811', 'swaroopbhogi', 'ateebnaseer', 'musaibrafiq51', 'sateeshdivergence', 'inderjitsingh', 'sainishubh4697', 'sprabhat']",41,"['conradalf', 'shekhartripathi1454', 'ashishphogat1801', 'rd8515811', 'swaroopbhogi', 'tor.sandstrom2', 'manojchittimoju98', 'musaibrafiq51', 'pnvskrishna97', 'utkarsh_jais', 'funuploads0401', 'brainovzky', 'raghava_m', 'pulabhanuteja', 'dineshallina3', 'bhavanashreeram', 'ateebnaseer', 'th6181', 'roychowdhury1997', 'inderjitsingh', 'ee20m572', 'prithvikrishna0', 'sreenumamidi6', 'mohammadsajid', 'daniele.fasanellamasci', 'souravkolya98', 'musmau82', 'vemulaprashanth', 'adityakalsha83', 'ramandeep.kaur', 'sateeshdivergence', 'sainishubh4697', 'pravats123', 'venky98j', 'mehboob', 'saurabhsahu38', 'peigo0216', 'nishamanzoor.18', 'pallavibharti1311', 'alnassar', 'sprabhat']"
40,45,31,6,3,"['mehboob', 'utkarsh_jais', 'manojchittimoju98']",28,"['souravkolya98', 'musmau82', 'conradalf', 'shekhartripathi1454', 'tor.sandstrom2', 'vemulaprashanth', 'adityakalsha83', 'ramandeep.kaur', 'sreenumamidi6', 'pnvskrishna97', 'pravats123', 'funuploads0401', 'brainovzky', 'raghava_m', 'pulabhanuteja', 'dineshallina3', 'bhavanashreeram', 'saurabhsahu38', 'peigo0216', 'nishamanzoor.18', 'th6181', 'pallavibharti1311', 'roychowdhury1997', 'alnassar', 'ee20m572', 'prithvikrishna0', 'mohammadsajid', 'daniele.fasanellamasci']",3,"['sheshu.nani007', '20mv01', 'ambuj.sahu.nanohubiitkgp']",34,"['souravkolya98', 'musmau82', 'conradalf', 'shekhartripathi1454', '20mv01', 'tor.sandstrom2', 'manojchittimoju98', 'vemulaprashanth', 'adityakalsha83', 'ramandeep.kaur', 'sreenumamidi6', 'pnvskrishna97', 'pravats123', 'utkarsh_jais', 'funuploads0401', 'brainovzky', 'raghava_m', 'pulabhanuteja', 'dineshallina3', 'mehboob', 'bhavanashreeram', 'saurabhsahu38', 'peigo0216', 'nishamanzoor.18', 'th6181', 'pallavibharti1311', 'roychowdhury1997', 'alnassar', 'ee20m572', 'sheshu.nani007', 'ambuj.sahu.nanohubiitkgp', 'prithvikrishna0', 'mohammadsajid', 'daniele.fasanellamasci']"
41,221,31,283,26,"['c195673', 'rajsingh', 'arianebarreto', 'abaringer', 'psuzhouy', 'r207733', 'v257028', 'jschewinsky', 'blane', 'mangabera10', 'm203442', 'l201843', 'cbandel', 'gabriel.pzanoni', 'vincentdoucet22', 'ncm0007', 'm241617', 'a194117', 'kst48', 'olga.casals', 'zse0147', 'marcantoineduval', 'nmorgan1', 'fabio.aragao.santos', 'sqlim94', 'j176601']",5,"['brunomarcello', 'tshihong12', 'aat0004', 'jeson', 'arw0049']",257,"['wdeaweqwdas', 'moshelem', 'kaynegalie', 'mos_noob', 'eminasuljic', 'jbonez411', 'wys142', 'sabe425', 'chrixang18', 'xiaokaizhong99', 'sholliday643', 'danielclapp99', 'ulusoy2006', 'sabolton', 'ts992', 'drogalski', 'lokesht123', 'mrgiraffe', 'smontero', 'oktayhalitekinay', 'asdksnfksfkmd', 'liqizhou', 'johndoe2341341243', 'anxooo', 'reuben90', 'alexander.lee', 'justiejoseph', 'mtakcali', 'fedele.penna', 'nickm', 'octoman1080x', 'semmi.spado00', 'j218711', 'madisonmiller', 'sungjooncho', 'choudh23', 'nanobeam', 'haren22', 'ervndgn59', 'cninja99', 'lkipfer', 'anapv177', 'cancetinkaya1201', 'julianawallgren', 'burnett.william', 'lewisgf20', 'bmirzapouebe', 'ftah', 'jaycwilson23', 'kodurur', 'pmcnutt2', 'murattdo', 'emani', 'ainhoaab', 'davidr27', 'mrbunnyman', 'sebrobarts', 'emreyilmazel1996', 'maxguipil', 'd33r00', 'u1250344', 'caseyamick', 'yesimcakmakc', 'tomasx', 'nuriamjusc', 'sbentz', 'halilibrahimtiken', 'omarloay99', 'yorkiiii', 'mstff.1clkk', 'kaiseale', 'longstreetjacob', 'chastintruelove', 'johnganiban', 'sd226', 'andrew217usmc', 'phhuang', 'fpincock', 'jdgerling', 'lerner', 'thboth', 'olivier35', 'saradiazr', 'ege.ert7', 'elena.gnani', 'ol_ac', 'lorenzoholguin12', 'maxiasensio', 'fafrin2', 'hjlim9612', 'elel30182', 'rossop', 'tserenkhand', 'cibranlpz', 'jason.earl', 'jhahn95', 'jsathanand', 'i.lutticken', 'sungjoon.cho97', 'rakaiit', 'avivlavan', 'grantmorris656', 'jrobinson5', 'andresaraiva', 'man6787', 'mtynski', 'cacuy', 'joejfranzo', 'kianamon', 'berrospidavid7', 'nsh0004', 'ana23', 'jequito', 'sarah.youssef', 'hlong262', 'burak9836', 'terje', 'plaggeme', 'u0916393', 'rosadourada9', 'nicoladegiuseppe19', 'lpentzke', 'fatanehjenabi', 'trivellin', 'cheeseybacon', 'iuri', 'heatherleaf', 'anujgarg939', 'roiaso', 'lobsterben13', 'testeremre70', 'amrita_lovelace', 'ogu0001', 'arno.yu610168', 'joshuabush', 'sebasmarquez90', 'charles.dambra', 'poorar21', 'jeption2025', 'dongmingli', 'nguyendaniel', 'clizarazo', 'aaroncoonu', 'briann', 'pkj71794g', 'ee17resch11016', 'kayleneechong', 'evakolmel', 'zepfan026', 'ronitronit119', 'mmei', 'npatta.1986', 'kellen.wise', 'martin.mg98.10', 'annikadasher', '8223freret', 'ge.6cg7', 'krusso448', 'lctasende3', 'asif0047', 'retrewtewrt', 'uuganbayaro', 'wingitalways', 'mahnoor.syed29', 'matthew.jones98', 'costasdiego97', 'kyenyarkolemuel', 'nbhat0792', 'ethan.caballero', 'cactusnoh', 'hcha71', 'miguelcb', 'mariapl200896', 'arif.ozkan5806', 'fredysanchez2', 'jako91', 'magnoliajasper', 'gazerlo', 'josemanuel3', 'durgaprasadkhatri2011', 'pw8', 'jack522577', 's16c028b', 'hrhlauraa', 'daddysexual', 'damianonetto', 'mrtmert98', 'kmerino', 'lenoirr', 'd093641', 'newele', 'amandabrum', 'xiaoyuzhang', 'jake.m.hall876', 'deguirejasmin', 'k.hildenbrand', 'mollykole', 'felipemachado', 'raul292', 'paezjuanagustin47', 'santosalexis1817', 'cdutreil', 'aingles', 'aldanafloyd', 'maria.irausquin', 'alirose12', 'hjp44', 'aaronrivasterron', 'thomasspradley', 'vritota', 'nfranzoni', 'santox2000', 'jef325', 'alexdallee17', 'garciacarrillojudith', 'yyerim', 'tg2016', 'u6007941', 'susannareggiani', 'enhjinhanabi', 't224622', 'cameronframpton', 'aravindh', 'syoonhan', 'eschruba', 'jeus63', 'jsanmartin1', 'anshshah2011', 'borja.bayon', 'ashishchr', 'sandip83', 'huseyinu', 'leeluanling123', 'pspiotrowicz1', 'tudimubunmi', 'philippeblaise', 'panellink1', 'also0714', 'hj980217', 'f215766', 'rynk.john', 'ogandocortes', 'martinotero', 'stiml1144', 'dicef', 'jimenezph', 'cartermchris1', 'u1089358', 'julianyordano', 'guillermo99', 's16c045b', 'dolaydemirel', 'theurgeboat', 'baqer', 'spazos7', 'rylandkate', 'hamastahir19']",288,"['wdeaweqwdas', 'moshelem', 'kaynegalie', 'mos_noob', 'eminasuljic', 'mangabera10', 'jbonez411', 'wys142', 'sabe425', 'chrixang18', 'xiaokaizhong99', 'vincentdoucet22', 'sholliday643', 'danielclapp99', 'ulusoy2006', 'sabolton', 'ts992', 'drogalski', 'lokesht123', 'mrgiraffe', 'smontero', 'oktayhalitekinay', 'asdksnfksfkmd', 'liqizhou', 'johndoe2341341243', 'anxooo', 'reuben90', 'alexander.lee', 'justiejoseph', 'j176601', 'mtakcali', 'fedele.penna', 'nickm', 'octoman1080x', 'semmi.spado00', 'j218711', 'madisonmiller', 'sungjooncho', 'choudh23', 'nanobeam', 'v257028', 'jschewinsky', 'haren22', 'ervndgn59', 'cninja99', 'lkipfer', 'anapv177', 'cancetinkaya1201', 'julianawallgren', 'burnett.william', 'lewisgf20', 'bmirzapouebe', 'ftah', 'jaycwilson23', 'kodurur', 'pmcnutt2', 'murattdo', 'emani', 'ainhoaab', 'marcantoineduval', 'davidr27', 'mrbunnyman', 'sebrobarts', 'emreyilmazel1996', 'maxguipil', 'd33r00', 'u1250344', 'caseyamick', 'yesimcakmakc', 'tomasx', 'nuriamjusc', 'sbentz', 'halilibrahimtiken', 'omarloay99', 'abaringer', 'yorkiiii', 'mstff.1clkk', 'kaiseale', 'longstreetjacob', 'chastintruelove', 'l201843', 'johnganiban', 'sd226', 'andrew217usmc', 'phhuang', 'fpincock', 'ncm0007', 'jdgerling', 'lerner', 'thboth', 'olivier35', 'saradiazr', 'ege.ert7', 'elena.gnani', 'ol_ac', 'lorenzoholguin12', 'maxiasensio', 'olga.casals', 'fafrin2', 'arw0049', 'tshihong12', 'hjlim9612', 'elel30182', 'sqlim94', 'rossop', 'tserenkhand', 'cibranlpz', 'jason.earl', 'c195673', 'jhahn95', 'jsathanand', 'i.lutticken', 'sungjoon.cho97', 'rakaiit', 'avivlavan', 'psuzhouy', 'aat0004', 'grantmorris656', 'jrobinson5', 'andresaraiva', 'man6787', 'blane', 'mtynski', 'cacuy', 'm203442', 'joejfranzo', 'kianamon', 'berrospidavid7', 'nsh0004', 'a194117', 'ana23', 'jequito', 'sarah.youssef', 'hlong262', 'burak9836', 'terje', 'plaggeme', 'u0916393', 'rosadourada9', 'nicoladegiuseppe19', 'lpentzke', 'fatanehjenabi', 'trivellin', 'cheeseybacon', 'iuri', 'heatherleaf', 'anujgarg939', 'roiaso', 'lobsterben13', 'rajsingh', 'testeremre70', 'arianebarreto', 'amrita_lovelace', 'ogu0001', 'arno.yu610168', 'joshuabush', 'sebasmarquez90', 'charles.dambra', 'poorar21', 'jeption2025', 'dongmingli', 'cbandel', 'nguyendaniel', 'clizarazo', 'aaroncoonu', 'briann', 'pkj71794g', 'gabriel.pzanoni', 'ee17resch11016', 'kayleneechong', 'evakolmel', 'zepfan026', 'ronitronit119', 'mmei', 'npatta.1986', 'kellen.wise', 'martin.mg98.10', 'kst48', 'annikadasher', '8223freret', 'ge.6cg7', 'krusso448', 'lctasende3', 'asif0047', 'retrewtewrt', 'fabio.aragao.santos', 'uuganbayaro', 'wingitalways', 'mahnoor.syed29', 'matthew.jones98', 'costasdiego97', 'kyenyarkolemuel', 'nbhat0792', 'ethan.caballero', 'cactusnoh', 'hcha71', 'miguelcb', 'mariapl200896', 'arif.ozkan5806', 'fredysanchez2', 'jako91', 'magnoliajasper', 'gazerlo', 'josemanuel3', 'durgaprasadkhatri2011', 'pw8', 'jack522577', 's16c028b', 'hrhlauraa', 'zse0147', 'daddysexual', 'damianonetto', 'mrtmert98', 'kmerino', 'lenoirr', 'd093641', 'newele', 'amandabrum', 'xiaoyuzhang', 'jake.m.hall876', 'brunomarcello', 'deguirejasmin', 'k.hildenbrand', 'mollykole', 'felipemachado', 'raul292', 'paezjuanagustin47', 'santosalexis1817', 'cdutreil', 'aingles', 'm241617', 'aldanafloyd', 'maria.irausquin', 'alirose12', 'hjp44', 'aaronrivasterron', 'thomasspradley', 'vritota', 'nmorgan1', 'nfranzoni', 'santox2000', 'jef325', 'alexdallee17', 'garciacarrillojudith', 'yyerim', 'tg2016', 'u6007941', 'susannareggiani', 'r207733', 'enhjinhanabi', 't224622', 'cameronframpton', 'aravindh', 'syoonhan', 'eschruba', 'jeus63', 'jsanmartin1', 'anshshah2011', 'borja.bayon', 'ashishchr', 'sandip83', 'huseyinu', 'leeluanling123', 'pspiotrowicz1', 'tudimubunmi', 'philippeblaise', 'panellink1', 'also0714', 'jeson', 'hj980217', 'f215766', 'rynk.john', 'ogandocortes', 'martinotero', 'stiml1144', 'dicef', 'jimenezph', 'cartermchris1', 'u1089358', 'julianyordano', 'guillermo99', 's16c045b', 'dolaydemirel', 'theurgeboat', 'baqer', 'spazos7', 'rylandkate', 'hamastahir19']"
41,229,31,77,1,['tshihong12'],30,"['c195673', 'rajsingh', 'arianebarreto', 'brunomarcello', 'abaringer', 'psuzhouy', 'aat0004', 'r207733', 'v257028', 'jschewinsky', 'blane', 'mangabera10', 'm203442', 'l201843', 'cbandel', 'gabriel.pzanoni', 'vincentdoucet22', 'ncm0007', 'm241617', 'a194117', 'jeson', 'kst48', 'olga.casals', 'zse0147', 'arw0049', 'marcantoineduval', 'nmorgan1', 'fabio.aragao.santos', 'sqlim94', 'j176601']",76,"['zalzikri', 'jxuanchia', 'yewyung', 'adeebzikri0', 'abid01', 'syamil123', 'renyic', 'koayzhengyin', 'fidadzli', 'yusankoh', 'yijoelow', 'tangkityee', 'ain.tyra01', 'zamilmuazam98', 'iskandarsofian', 'abdulhadi', 'nida20', 'u2003919', 'shahrizan01', 'u2003934', 'shihong5270', 'irfanzahiran01', 'teh_mint12', 'aiman_nazri123', 'yinyong0427', 'luqmanhakim', 'shenni', 'nuhaa426', 'noelng0112', 'saiyedharith18', 'haziqian', '17202739nazif', 'weimingquah5', 'myson', 'kl.chin0622', 'student17202315', 'tanchunwei8681', 'zqchin26', 'ohwayrc', 'kw01', 'thishen', 'u2003882', 'u2003990', 'aiman2001', 'leewenjun', 'alfin01', 'u2003917', 'tzeron2210', 'pd0s__', 'yoanesyeo', 'kj0918', 'chinkeatchew880', 'u2003966', 'kailoom', 'theezzy', 'khawlinkoon', 'bryanleong1126', 'aiman01', 'muhamadaiman17207593', 'ikramnasir7', 'regangoh0728', 'u2003884', 'shafiq__', 's2031189', 'jaydenhon', 's2020494', 'afiq010507', 'aqbarshaiful', 'iron52bat', 'chiachenng123', 'nghaowei613', 'zuying1204', 'nanododo', 'renyi0912', 'wei622', 'aliffizham']",107,"['rajsingh', 'jxuanchia', 'arianebarreto', 'yewyung', 'adeebzikri0', 'brunomarcello', 'syamil123', 'renyic', 'koayzhengyin', 'fidadzli', 'abaringer', 'yijoelow', 'tangkityee', 'iskandarsofian', 'shahrizan01', 'shihong5270', 'mangabera10', 'irfanzahiran01', 'teh_mint12', 'aiman_nazri123', 'luqmanhakim', 'l201843', 'cbandel', 'nuhaa426', 'saiyedharith18', 'haziqian', 'gabriel.pzanoni', 'kl.chin0622', 'tanchunwei8681', 'vincentdoucet22', 'zqchin26', 'kw01', 'ncm0007', 'thishen', 'u2003990', 'leewenjun', 'm241617', 'tzeron2210', 'pd0s__', 'kailoom', 'theezzy', 'kst48', 'olga.casals', 'bryanleong1126', 'aiman01', 'arw0049', 'muhamadaiman17207593', 'regangoh0728', 's2031189', 'jaydenhon', 'nmorgan1', 's2020494', 'tshihong12', 'afiq010507', 'fabio.aragao.santos', 'aqbarshaiful', 'iron52bat', 'sqlim94', 'chiachenng123', 'nghaowei613', 'zuying1204', 'nanododo', 'j176601', 'wei622', 'u2003884', 'aliffizham', 'c195673', 'zalzikri', 'abid01', 'yusankoh', 'psuzhouy', 'aat0004', 'r207733', 'ain.tyra01', 'zamilmuazam98', 'v257028', 'jschewinsky', 'abdulhadi', 'nida20', 'u2003919', 'u2003934', 'blane', 'yinyong0427', 'm203442', 'shenni', 'noelng0112', '17202739nazif', 'weimingquah5', 'myson', 'student17202315', 'ohwayrc', 'u2003882', 'aiman2001', 'alfin01', 'u2003917', 'yoanesyeo', 'a194117', 'chinkeatchew880', 'u2003966', 'jeson', 'khawlinkoon', 'zse0147', 'ikramnasir7', 'shafiq__', 'marcantoineduval', 'renyi0912', 'kj0918']"
41,209,31,15,1,['abaringer'],30,"['c195673', 'rajsingh', 'arianebarreto', 'brunomarcello', 'psuzhouy', 'aat0004', 'r207733', 'v257028', 'jschewinsky', 'blane', 'mangabera10', 'm203442', 'l201843', 'cbandel', 'gabriel.pzanoni', 'vincentdoucet22', 'ncm0007', 'm241617', 'a194117', 'jeson', 'kst48', 'olga.casals', 'zse0147', 'arw0049', 'marcantoineduval', 'nmorgan1', 'tshihong12', 'fabio.aragao.santos', 'sqlim94', 'j176601']",14,"['vritota', 'nfranzoni', 'jhahn95', 'nguyendaniel', 'liqizhou', 'jrobinson5', 'lpentzke', 'wingitalways', 'dicef', 'annikadasher', 'cacuy', 'cameronframpton', 'kmerino', 'lobsterben13']",45,"['c195673', 'rajsingh', 'arianebarreto', 'brunomarcello', 'jhahn95', 'abaringer', 'psuzhouy', 'aat0004', 'r207733', 'jrobinson5', 'v257028', 'jschewinsky', 'mangabera10', 'blane', 'cacuy', 'cameronframpton', 'm203442', 'l201843', 'cbandel', 'nguyendaniel', 'gabriel.pzanoni', 'vincentdoucet22', 'ncm0007', 'm241617', 'a194117', 'jeson', 'kst48', 'olga.casals', 'dicef', 'zse0147', 'annikadasher', 'arw0049', 'kmerino', 'marcantoineduval', 'liqizhou', 'vritota', 'nmorgan1', 'nfranzoni', 'tshihong12', 'fabio.aragao.santos', 'sqlim94', 'lpentzke', 'wingitalways', 'j176601', 'lobsterben13']"
41,210,31,7,5,"['m203442', 'arianebarreto', 'gabriel.pzanoni', 'r207733', 'v257028']",26,"['c195673', 'rajsingh', 'brunomarcello', 'abaringer', 'psuzhouy', 'aat0004', 'jschewinsky', 'blane', 'mangabera10', 'l201843', 'cbandel', 'vincentdoucet22', 'ncm0007', 'm241617', 'a194117', 'jeson', 'kst48', 'olga.casals', 'zse0147', 'arw0049', 'marcantoineduval', 'nmorgan1', 'tshihong12', 'fabio.aragao.santos', 'sqlim94', 'j176601']",2,"['f215766', 'leeluanling123']",33,"['c195673', 'rajsingh', 'arianebarreto', 'brunomarcello', 'abaringer', 'psuzhouy', 'aat0004', 'r207733', 'v257028', 'jschewinsky', 'mangabera10', 'blane', 'm203442', 'l201843', 'cbandel', 'gabriel.pzanoni', 'vincentdoucet22', 'ncm0007', 'leeluanling123', 'm241617', 'a194117', 'jeson', 'kst48', 'olga.casals', 'f215766', 'zse0147', 'arw0049', 'marcantoineduval', 'nmorgan1', 'tshihong12', 'fabio.aragao.santos', 'sqlim94', 'j176601']"
41,228,31,6,1,['jeson'],30,"['c195673', 'rajsingh', 'arianebarreto', 'm241617', 'brunomarcello', 'a194117', 'abaringer', 'psuzhouy', 'aat0004', 'r207733', 'kst48', 'v257028', 'jschewinsky', 'olga.casals', 'zse0147', 'arw0049', 'mangabera10', 'blane', 'marcantoineduval', 'm203442', 'l201843', 'cbandel', 'nmorgan1', 'tshihong12', 'fabio.aragao.santos', 'sqlim94', 'gabriel.pzanoni', 'vincentdoucet22', 'j176601', 'ncm0007']",5,"['deguirejasmin', 'dompm123', 'audranp', 'myriam.blanchet07', 'fredericberthiaume1234']",36,"['c195673', 'rajsingh', 'arianebarreto', 'm241617', 'brunomarcello', 'a194117', 'deguirejasmin', 'abaringer', 'psuzhouy', 'aat0004', 'r207733', 'jeson', 'kst48', 'v257028', 'jschewinsky', 'olga.casals', 'zse0147', 'audranp', 'arw0049', 'mangabera10', 'blane', 'marcantoineduval', 'm203442', 'fredericberthiaume1234', 'l201843', 'cbandel', 'nmorgan1', 'tshihong12', 'fabio.aragao.santos', 'sqlim94', 'gabriel.pzanoni', 'dompm123', 'vincentdoucet22', 'j176601', 'ncm0007', 'myriam.blanchet07']"
42,174,30,20,19,"['sliu2018', 'wwinche', 'nioxject', 'cmserrao', 'kmizuish', 'nwhaynes', 'acastbar', 'smejia97', 'pcrao', 'jdzhou', 'mkanoi', 'averyga', 'ajlayton', 'jrgraham', 'matt1251', 'kcortez8', 'seraphineliu', 'rohitm99', 'cmack']",11,"['zhu19999', 'csl1999', 'teddyyin', 'woohpun', 'eoudogu', 'dhuang70', 'vhuynh8', 'karlo4', 'misael21', 'btranucd22', 'smomjian']",1,['sg630'],31,"['sliu2018', 'wwinche', 'teddyyin', 'nioxject', 'vhuynh8', 'karlo4', 'cmserrao', 'btranucd22', 'kmizuish', 'nwhaynes', 'zhu19999', 'acastbar', 'dhuang70', 'smejia97', 'pcrao', 'sg630', 'jdzhou', 'eoudogu', 'mkanoi', 'averyga', 'ajlayton', 'jrgraham', 'matt1251', 'kcortez8', 'smomjian', 'csl1999', 'woohpun', 'seraphineliu', 'misael21', 'rohitm99', 'cmack']"
43,66,29,13,12,"['anjatanovic99', 'elenakjm9', 'aleksabu0', 'dejanmicic16', 'mstrizak0', 'vincilird', 'boundstate', 'skalaandrej7', 'sladjana', 'potrebicljubica', 'aksela', 'tesovicdragana195']",17,"['anjalemaic', 'quantumduck', 'rozsiadrian', 'marko.markovic', 'djox', 'milovic.rema', 'yenhungho', 'manulinho72', 'aleksandaraleksic11', 'kinde064', 'nikola.markovic', 'hrachya.kocharyan', 'howland12', 'dusan_o', 'janajankovic', 'xshoka00', 'miroslavbogdanovic97']",1,['natasa'],30,"['anjalemaic', 'milovic.rema', 'dejanmicic16', 'vincilird', 'nikola.markovic', 'kinde064', 'skalaandrej7', 'xshoka00', 'miroslavbogdanovic97', 'quantumduck', 'elenakjm9', 'hrachya.kocharyan', 'potrebicljubica', 'yenhungho', 'aksela', 'dusan_o', 'tesovicdragana195', 'anjatanovic99', 'rozsiadrian', 'marko.markovic', 'manulinho72', 'mstrizak0', 'aleksandaraleksic11', 'sladjana', 'natasa', 'janajankovic', 'aleksabu0', 'boundstate', 'howland12', 'djox']"
44,122,27,14,10,"['liu2568', 'jadhav3', 'lu565', 'mbhatasa', 'mohanp', 'hao66', 'gupta431', 'msadi', 'nair40', 'ajacobth']",17,"['ebilionis', 'rishirelan', 'ebartusi', 'ericacarlson', 'mdtahirpatel', 'anoopanair', 'mc2076', 'taigaom', 'sbairedd', 'soutick2010', 'chen2967', 'storbati', 'abhinandan11', 'aleperezme', 'ganti', 'pmangana', 'iryu']",4,"['prasad40', 'wxie', 'dhalbroo', 'vvivekan']",31,"['liu2568', 'rishirelan', 'mbhatasa', 'mc2076', 'taigaom', 'anoopanair', 'mohanp', 'hao66', 'nair40', 'iryu', 'ebilionis', 'lu565', 'dhalbroo', 'sbairedd', 'msadi', 'storbati', 'vvivekan', 'aleperezme', 'ganti', 'pmangana', 'ebartusi', 'ericacarlson', 'mdtahirpatel', 'soutick2010', 'prasad40', 'chen2967', 'abhinandan11', 'ajacobth', 'jadhav3', 'gupta431', 'wxie']"
45,179,27,27,22,"['maraimas', 'freddy_rd99', 'lucia_lopez.p', 'a01026692', 'chrisv212', 'aldosolis86', 'alonso_juarez', 'a01026877', 'a01026852', 'a01656014', 'a01022745', 'a01657045', 'a01027592', 'joaquinbonavides', 'a01022671', 'a01026747', 'ricardocastillejo', 'rafael99', 'hecticcoder', 'abigail.corts', 'a01023042', 'a01025509']",5,"['a01023758', 'a01026880', 'gracefulpepin', 'a01026748', 'a01027347']",5,"['erickamc', 'libetancur29', 'a01022623', 'ayax.hernando', 'a01021862']",32,"['maraimas', 'libetancur29', 'freddy_rd99', 'gracefulpepin', 'lucia_lopez.p', 'a01026692', 'chrisv212', 'aldosolis86', 'alonso_juarez', 'a01026877', 'ayax.hernando', 'a01026852', 'a01026748', 'a01656014', 'a01022745', 'a01657045', 'a01027592', 'a01027347', 'joaquinbonavides', 'a01021862', 'a01022671', 'a01026747', 'ricardocastillejo', 'rafael99', 'erickamc', 'a01023758', 'a01026880', 'hecticcoder', 'abigail.corts', 'a01022623', 'a01023042', 'a01025509']"
46,153,27,16,15,"['ivsemerin', 'amgubanov', 'pasytko12', 'oakutovenko', 'mvplatonov', 'edzeest', 'max374001', 'aisosnin', 'olegkutovenko4', 'konyshevyuri', 'poslednyymc', 'mikola170298', 'savochkin.vlad', 'ivkrasikov', 'vvzunin']",12,"['harithakrishnan', 'iyukuranova', 'madyomar98', 'wongyb88', 'truijen.brecht', 'malinimukherjee05', 'ashamammen', 'nabilhaziq', 'adewoyinadeyinka', 'filizula1', 'grace_kuriakose', 'wndpchl']",1,['far1997'],28,"['iyukuranova', 'edzeest', 'aisosnin', 'konyshevyuri', 'mikola170298', 'savochkin.vlad', 'vvzunin', 'amgubanov', 'harithakrishnan', 'oakutovenko', 'max374001', 'ashamammen', 'nabilhaziq', 'malinimukherjee05', 'ivsemerin', 'truijen.brecht', 'mvplatonov', 'far1997', 'poslednyymc', 'ivkrasikov', 'grace_kuriakose', 'madyomar98', 'filizula1', 'pasytko12', 'wongyb88', 'adewoyinadeyinka', 'olegkutovenko4', 'wndpchl']"
46,152,27,6,1,['nabilhaziq'],26,"['iyukuranova', 'edzeest', 'aisosnin', 'konyshevyuri', 'mikola170298', 'savochkin.vlad', 'vvzunin', 'amgubanov', 'harithakrishnan', 'oakutovenko', 'max374001', 'ashamammen', 'malinimukherjee05', 'ivsemerin', 'truijen.brecht', 'mvplatonov', 'poslednyymc', 'ivkrasikov', 'grace_kuriakose', 'madyomar98', 'filizula1', 'pasytko12', 'wongyb88', 'adewoyinadeyinka', 'olegkutovenko4', 'wndpchl']",5,"['sayeem1818', 'zixianchew', 'shunzhilok', 'z.wei', 'zh18']",32,"['iyukuranova', 'truijen.brecht', 'edzeest', 'aisosnin', 'mvplatonov', 'konyshevyuri', 'poslednyymc', 'mikola170298', 'savochkin.vlad', 'ivkrasikov', 'grace_kuriakose', 'madyomar98', 'filizula1', 'z.wei', 'vvzunin', 'sayeem1818', 'amgubanov', 'harithakrishnan', 'zixianchew', 'shunzhilok', 'pasytko12', 'oakutovenko', 'wongyb88', 'max374001', 'ashamammen', 'nabilhaziq', 'malinimukherjee05', 'adewoyinadeyinka', 'olegkutovenko4', 'ivsemerin', 'zh18', 'wndpchl']"
46,154,27,6,2,"['max374001', 'savochkin.vlad']",25,"['iyukuranova', 'edzeest', 'aisosnin', 'konyshevyuri', 'mikola170298', 'vvzunin', 'amgubanov', 'harithakrishnan', 'oakutovenko', 'malinimukherjee05', 'ashamammen', 'nabilhaziq', 'ivsemerin', 'truijen.brecht', 'mvplatonov', 'poslednyymc', 'ivkrasikov', 'madyomar98', 'grace_kuriakose', 'filizula1', 'pasytko12', 'wongyb88', 'adewoyinadeyinka', 'olegkutovenko4', 'wndpchl']",4,"['komrakovasofya111', 'a_klimenko', 'far1997', 'ganekrasov']",31,"['iyukuranova', 'truijen.brecht', 'edzeest', 'aisosnin', 'mvplatonov', 'far1997', 'konyshevyuri', 'komrakovasofya111', 'a_klimenko', 'poslednyymc', 'mikola170298', 'savochkin.vlad', 'ivkrasikov', 'grace_kuriakose', 'madyomar98', 'filizula1', 'vvzunin', 'amgubanov', 'harithakrishnan', 'pasytko12', 'oakutovenko', 'wongyb88', 'max374001', 'ashamammen', 'nabilhaziq', 'malinimukherjee05', 'adewoyinadeyinka', 'olegkutovenko4', 'ivsemerin', 'ganekrasov', 'wndpchl']"
47,185,27,10,5,"['smselzer', 'ferfushimi', 'm.tecco', 'mailen.selzer', 'broensmartin']",22,"['franciscomerlotti', 'ph17resch11007', 'solange.munoz', 'abhishekbanerjee182', 'ugwuokehope18', 'xiexiezaijian2', 'sahudipak311997', 'alessandroferretti', 'hamzaelkilani4997', 'jjang7', 'chen6587', 'gaspar.ferreyra', 'panchoo.olea', 'fabrizioconti97', 'fabripusiol1833', 'santosh1998', 'sebamb', 'nidhichhillar1996', 'sebastian.bairo', 'skadi', 'pankajphysics121212', 'hhj03155']",5,"['fer_fushimi', 'omarlinarez', 'martin.broens', 'vfuertes2020', 'francomelica55']",32,"['smselzer', 'ferfushimi', 'm.tecco', 'martin.broens', 'chen6587', 'vfuertes2020', 'gaspar.ferreyra', 'panchoo.olea', 'franciscomerlotti', 'fabrizioconti97', 'ph17resch11007', 'solange.munoz', 'abhishekbanerjee182', 'broensmartin', 'ugwuokehope18', 'fabripusiol1833', 'xiexiezaijian2', 'omarlinarez', 'santosh1998', 'fer_fushimi', 'sebamb', 'nidhichhillar1996', 'sebastian.bairo', 'sahudipak311997', 'alessandroferretti', 'hamzaelkilani4997', 'jjang7', 'skadi', 'mailen.selzer', 'francomelica55', 'pankajphysics121212', 'hhj03155']"
47,186,27,6,1,['broensmartin'],26,"['smselzer', 'ferfushimi', 'm.tecco', 'franciscomerlotti', 'ph17resch11007', 'solange.munoz', 'abhishekbanerjee182', 'ugwuokehope18', 'xiexiezaijian2', 'sahudipak311997', 'alessandroferretti', 'hamzaelkilani4997', 'jjang7', 'mailen.selzer', 'chen6587', 'gaspar.ferreyra', 'panchoo.olea', 'fabrizioconti97', 'fabripusiol1833', 'santosh1998', 'sebamb', 'nidhichhillar1996', 'sebastian.bairo', 'skadi', 'pankajphysics121212', 'hhj03155']",5,"['fer_fushimi', 'martin.broens', 'francisco.merlotti', 'francomelica55', 'fabripusiol1895']",32,"['smselzer', 'ferfushimi', 'm.tecco', 'francisco.merlotti', 'martin.broens', 'chen6587', 'gaspar.ferreyra', 'panchoo.olea', 'franciscomerlotti', 'fabrizioconti97', 'ph17resch11007', 'solange.munoz', 'abhishekbanerjee182', 'fabripusiol1895', 'broensmartin', 'ugwuokehope18', 'fabripusiol1833', 'xiexiezaijian2', 'fer_fushimi', 'santosh1998', 'sebamb', 'nidhichhillar1996', 'sebastian.bairo', 'sahudipak311997', 'alessandroferretti', 'hamzaelkilani4997', 'jjang7', 'skadi', 'mailen.selzer', 'francomelica55', 'pankajphysics121212', 'hhj03155']"
48,149,27,21,18,"['kwking97', 'janano', 'monicazaki89', 'fatmajamal', 'rawandashti', 'nwayerr26', 'maleid', 'nadakh', 'hka', 'q8.badoori.11', 'bader31', 'alqasba', 'zahraa123', 'mahdialeid4', 'confusion.vacuum', 'evilina.gh', 'ziadhany', 'abdullatifjarallah8']",9,"['asmaa.talaat', 'ahmeddiefy', 'amr.saber173', 'engineerscottsolutions', 'yousifalayoub', 'leonardmwilu139', 'sammedendoli.ec17', 'diyasingh08', 'hanan.almutairi34']",3,"['bilelneji', 'hqassem93', 'a.alfahad']",30,"['janano', 'rawandashti', 'engineerscottsolutions', 'leonardmwilu139', 'diyasingh08', 'confusion.vacuum', 'ziadhany', 'abdullatifjarallah8', 'asmaa.talaat', 'ahmeddiefy', 'amr.saber173', 'monicazaki89', 'yousifalayoub', 'mahdialeid4', 'hanan.almutairi34', 'bilelneji', 'evilina.gh', 'nwayerr26', 'hqassem93', 'kwking97', 'nadakh', 'q8.badoori.11', 'sammedendoli.ec17', 'zahraa123', 'maleid', 'a.alfahad', 'alqasba', 'fatmajamal', 'hka', 'bader31']"
49,219,26,33,1,['jgarcia141'],25,"['vhcastro', 'sebarraza2', 'kabransah', 'ncruz2', 'cspencer88', 'kaalderete', 'nachapamills', 'cerva015', 'nruizlopez', 'subhadeepchowdhury0212', 'alethegoat', 'albertomoreno17', 'lggalazcarr', 'shashankshandilya.microuiet', 'crpantoja', 'siu854104358', 'stephenberg', 'benelectronics', 'unknown2850', 'alvalles2', 'jaolivares4', 'jecampos2', 'danielmlopez15', 'edrodriguez4', 'mortega27']",32,"['wkloppen', 'jmendez100', 'ivans', 'ktuzinowski', 'brrmatteo', '2stranger', 'biagiocap95', 'martinolorenzini', 'turban.', 'hammir16', 'breddy4', 'rflores46', 'nsh0004', 'lewisgf20', 'grafap24', 'aildefonso3', 'raanapooshimin', 'damoldov', 'hjgogoi24', 'kramervc07', 'jacoponicolini', 'kienbaumjj30', 'guofu', 'recaro13', 'rollagrad2012', 'darhodes', 'maxguipil', 'savchukol20', 'roydouek', 'jackmings1', 'yavuzceo', 'vtagare2']",58,"['wkloppen', 'jmendez100', 'ivans', 'ktuzinowski', 'brrmatteo', '2stranger', 'vhcastro', 'sebarraza2', 'biagiocap95', 'kabransah', 'martinolorenzini', 'jgarcia141', 'ncruz2', 'cspencer88', 'turban.', 'hammir16', 'kaalderete', 'breddy4', 'rflores46', 'nachapamills', 'nsh0004', 'cerva015', 'nruizlopez', 'lewisgf20', 'subhadeepchowdhury0212', 'alethegoat', 'albertomoreno17', 'grafap24', 'aildefonso3', 'lggalazcarr', 'raanapooshimin', 'damoldov', 'hjgogoi24', 'shashankshandilya.microuiet', 'kramervc07', 'jacoponicolini', 'crpantoja', 'kienbaumjj30', 'yavuzceo', 'vtagare2', 'siu854104358', 'guofu', 'recaro13', 'rollagrad2012', 'stephenberg', 'darhodes', 'maxguipil', 'benelectronics', 'unknown2850', 'alvalles2', 'jaolivares4', 'jecampos2', 'danielmlopez15', 'savchukol20', 'roydouek', 'edrodriguez4', 'jackmings1', 'mortega27']"
49,220,26,15,12,"['lggalazcarr', 'mortega27', 'crpantoja', 'cerva015', 'vhcastro', 'alvalles2', 'nruizlopez', 'sebarraza2', 'alethegoat', 'jecampos2', 'edrodriguez4', 'ncruz2']",14,"['siu854104358', 'kaalderete', 'stephenberg', 'shashankshandilya.microuiet', 'nachapamills', 'benelectronics', 'unknown2850', 'jaolivares4', 'subhadeepchowdhury0212', 'danielmlopez15', 'albertomoreno17', 'kabransah', 'jgarcia141', 'cspencer88']",3,"['gponce5', 'aarodriguez26', 'rflores46']",29,"['vhcastro', 'sebarraza2', 'kabransah', 'jgarcia141', 'ncruz2', 'cspencer88', 'kaalderete', 'rflores46', 'nachapamills', 'cerva015', 'nruizlopez', 'subhadeepchowdhury0212', 'alethegoat', 'albertomoreno17', 'lggalazcarr', 'aarodriguez26', 'shashankshandilya.microuiet', 'crpantoja', 'siu854104358', 'stephenberg', 'gponce5', 'benelectronics', 'unknown2850', 'alvalles2', 'jaolivares4', 'jecampos2', 'danielmlopez15', 'edrodriguez4', 'mortega27']"
49,218,26,12,4,"['siu854104358', 'benelectronics', 'cspencer88', 'stephenberg']",22,"['vhcastro', 'sebarraza2', 'kabransah', 'jgarcia141', 'ncruz2', 'kaalderete', 'nachapamills', 'cerva015', 'nruizlopez', 'subhadeepchowdhury0212', 'alethegoat', 'albertomoreno17', 'lggalazcarr', 'shashankshandilya.microuiet', 'crpantoja', 'unknown2850', 'alvalles2', 'jaolivares4', 'jecampos2', 'danielmlopez15', 'edrodriguez4', 'mortega27']",8,"['wcmelton96', 'jsathanand', 'collincurtis', 'jackajarman', 'siu856031918', 'jackmings1', 'nicolasfp', 'jhorio1']",34,"['jsathanand', 'vhcastro', 'collincurtis', 'sebarraza2', 'nicolasfp', 'kabransah', 'jgarcia141', 'ncruz2', 'cspencer88', 'kaalderete', 'wcmelton96', 'nachapamills', 'cerva015', 'jackajarman', 'nruizlopez', 'subhadeepchowdhury0212', 'alethegoat', 'albertomoreno17', 'jhorio1', 'lggalazcarr', 'shashankshandilya.microuiet', 'crpantoja', 'siu856031918', 'siu854104358', 'stephenberg', 'benelectronics', 'unknown2850', 'alvalles2', 'jaolivares4', 'jecampos2', 'danielmlopez15', 'jackmings1', 'edrodriguez4', 'mortega27']"
50,270,26,16,14,"['basiliskontos12', 'konstantinakaramitsou02', 'mair_bot', 'adamantia.koulouri', 'anastasia.a.mavrogianni', 'thsachlas', 'tassosgr2002', 'manosxfn', 'konstantinos.kons', 'sofiastefania123', 'phrap38', 'chrysoulamichou', 'athinak1112', 'mpourlakis.b.dimitris']",12,"['aleuraa210', 'antigonilatsiou', 'katerinako', 'helenpapa87', 'sofiakass', 'mihalisloukopoulos', 'marianthipapad', 'eden.hornung', 'ioannachristophorou', 'efoula.achtzalotidou', 'ath.rapti7', 'kliokogia14']",2,"['kleterpos', 'sotiristoulio']",28,"['mair_bot', 'adamantia.koulouri', 'helenpapa87', 'efoula.achtzalotidou', 'mpourlakis.b.dimitris', 'basiliskontos12', 'kleterpos', 'sotiristoulio', 'manosxfn', 'konstantinos.kons', 'sofiastefania123', 'aleuraa210', 'antigonilatsiou', 'sofiakass', 'kliokogia14', 'eden.hornung', 'mihalisloukopoulos', 'ioannachristophorou', 'ath.rapti7', 'anastasia.a.mavrogianni', 'konstantinakaramitsou02', 'katerinako', 'thsachlas', 'tassosgr2002', 'marianthipapad', 'phrap38', 'chrysoulamichou', 'athinak1112']"
51,177,25,5,5,"['elicmitc', 'ragrawa', 'ashuffin', 'mnsaxena', 'evogelsa']",20,"['rwtow', 'ryan.lockard22', 'mfmitsch', 'wyethmich', 'brebake', 'emorywhitney102', 'austinthus', 'fostemii', 'gemeadow', 'barnecle1', 'hayesde', 'aneveret', 'gragleas', 'proesler', 'ahmorrow', 'dasmish', 'emchow', 'renjewel', 'marmaroma3246', 'mjrandal']",0,[],25,"['rwtow', 'ryan.lockard22', 'mfmitsch', 'wyethmich', 'elicmitc', 'brebake', 'ashuffin', 'mnsaxena', 'emorywhitney102', 'austinthus', 'fostemii', 'gemeadow', 'evogelsa', 'barnecle1', 'hayesde', 'aneveret', 'gragleas', 'proesler', 'ahmorrow', 'dasmish', 'emchow', 'ragrawa', 'renjewel', 'marmaroma3246', 'mjrandal']"
52,64,25,13,11,"['xbubni03', 'sindler.matej', 'xdolez83', 'lada.kazimercikova', 'petka.dohnal', 'marco_miskov', 'shurtugal', 'xarbei01', 'xspina01', 'xdvora2q', 'xvlasa12']",14,"['lucas_frkan', 'xkarel04', 'xtrnko02', 'lukas13', 'xredrm00', 'pavlinskyb', 'xdvora2g', 'cicka1398', 'xbedli00', 'xkarze01', 'klaudy', 'xkamen19', 'alan.lopez.becerra', 'xkubic40']",2,"['tf.pakko', 'xlevdo00']",27,"['xkarel04', 'xbubni03', 'xtrnko02', 'xdvora2g', 'petka.dohnal', 'xkamen19', 'klaudy', 'xlevdo00', 'tf.pakko', 'lukas13', 'xredrm00', 'xdolez83', 'sindler.matej', 'marco_miskov', 'xkarze01', 'xspina01', 'lucas_frkan', 'pavlinskyb', 'cicka1398', 'xbedli00', 'xarbei01', 'xdvora2q', 'xvlasa12', 'alan.lopez.becerra', 'lada.kazimercikova', 'shurtugal', 'xkubic40']"
52,63,25,6,1,['petka.dohnal'],24,"['xkarel04', 'xtrnko02', 'xbubni03', 'xdvora2g', 'xkamen19', 'klaudy', 'lukas13', 'xredrm00', 'xdolez83', 'sindler.matej', 'marco_miskov', 'xkarze01', 'xspina01', 'lucas_frkan', 'pavlinskyb', 'cicka1398', 'xbedli00', 'xarbei01', 'xdvora2q', 'xvlasa12', 'alan.lopez.becerra', 'lada.kazimercikova', 'shurtugal', 'xkubic40']",5,"['tf.pakko', 'hadi.abdallah33', 'zumicz', 'xtoman36', 'simek']",30,"['lucas_frkan', 'xkarel04', 'xbubni03', 'xtrnko02', 'pavlinskyb', 'xdvora2g', 'petka.dohnal', 'cicka1398', 'zumicz', 'xbedli00', 'xarbei01', 'simek', 'xkamen19', 'klaudy', 'xdvora2q', 'xvlasa12', 'alan.lopez.becerra', 'tf.pakko', 'lukas13', 'xredrm00', 'xdolez83', 'sindler.matej', 'lada.kazimercikova', 'hadi.abdallah33', 'marco_miskov', 'xkarze01', 'shurtugal', 'xtoman36', 'xspina01', 'xkubic40']"
53,131,25,7,6,"['rav2144', 'ma4160', 'ys3376', 'awe2112', 'qgan22', 'bhs2142']",19,"['enes1998', 'aurban', 'y_zhu', 'slr2196', 'svc2130', 'smouraki', 'yw3553', 'zy2421', 'aak2207', 'ejmb', 'jz3157', 'grb2120', 'wt2293', 'roziriyaj', 'xinhao', 'tw2775', 'giovanniroviello79', 'zx2315', 'ck3027']",1,['bshen0908'],26,"['bshen0908', 'enes1998', 'ys3376', 'aurban', 'y_zhu', 'aak2207', 'ejmb', 'bhs2142', 'jz3157', 'slr2196', 'rav2144', 'ma4160', 'grb2120', 'svc2130', 'smouraki', 'wt2293', 'roziriyaj', 'xinhao', 'awe2112', 'tw2775', 'giovanniroviello79', 'qgan22', 'zx2315', 'yw3553', 'zy2421', 'ck3027']"
54,76,24,44,1,['michaels'],23,"['jaimesariasmjose', 'juanjose62976', 'snowartz', 'alejandro21', 'ss728', 'crishanderhr', 'nguerreronaranjo', 'susme2020', 'martindanielrm15', 'criscams', 'juanjosearevalo', 'af.almanza10', 'andres201719819', 'af.manrique', 'sebuchaspinzon', 'ibuitron', 'santiago856', 'd0kma', 's.leonaviles152915', 'sergio.gomez', 'mangel.hc1109', 'armandosernasc', 's.rodrigueza']",43,"['alejocibe', 'felipio32', 'luxion', 'dannielmoreno', 'juancreyes201', 'caiceseb', 'j.acostac', 'danielvillarg3', 'camiloarango', 'jaiverthadrian25', 'm.vieda', 'davidsantiagomoncayo', 'sergioneuta', 'estebanboada', 'lcarolopez.lecl', 'federicoberbesi', 'santmc98', 'dianasalcedo', 'alexh1000', 'karenpolania', 'ruedasan', 'juan10eslav', 'cristianjulian132002', 'arizah0707', 'j.padillat', 'c.escobarh', 'd.posadap', 'j.morenos', 'gonzalezcamilo672', 'manuf.vargas36', 'juanpa12', 'santy015', 'juansebastiancorredor12', 'eric.klozr', 'maidy', 'j.mendezm', 'vargasautocad', 'juguibavi27', 'id.escobar', 'gotty', 'acordero', 'sergioneuta3002', 'nicolastrivino']",67,"['felipio32', 'luxion', 'juancreyes201', 'caiceseb', 'j.acostac', 'snowartz', 'alejandro21', 'davidsantiagomoncayo', 'sergioneuta', 'santmc98', 'alexh1000', 'criscams', 'karenpolania', 'juan10eslav', 'cristianjulian132002', 'andres201719819', 'c.escobarh', 'j.morenos', 'gonzalezcamilo672', 'sebuchaspinzon', 'ibuitron', 'juanpa12', 'santiago856', 'maidy', 'sergio.gomez', 'id.escobar', 'mangel.hc1109', 'dianasalcedo', 'alejocibe', 'dannielmoreno', 'jaimesariasmjose', 'danielvillarg3', 'juanjose62976', 'camiloarango', 'jaiverthadrian25', 'm.vieda', 'estebanboada', 'ss728', 'lcarolopez.lecl', 'crishanderhr', 'federicoberbesi', 'nguerreronaranjo', 'susme2020', 'martindanielrm15', 'ruedasan', 'arizah0707', 'juanjosearevalo', 'j.padillat', 'af.almanza10', 'af.manrique', 'd.posadap', 'manuf.vargas36', 'santy015', 'juansebastiancorredor12', 'eric.klozr', 'd0kma', 'j.mendezm', 'vargasautocad', 's.leonaviles152915', 'juguibavi27', 'gotty', 'michaels', 'acordero', 'sergioneuta3002', 'armandosernasc', 's.rodrigueza', 'nicolastrivino']"
54,53,24,10,8,"['sergio.gomez', 'mangel.hc1109', 'crishanderhr', 'sebuchaspinzon', 'martindanielrm15', 'santiago856', 'd0kma', 'alejandro21']",16,"['af.almanza10', 's.leonaviles152915', 'ss728', 'andres201719819', 'af.manrique', 'michaels', 'jaimesariasmjose', 'nguerreronaranjo', 'armandosernasc', 'juanjose62976', 'susme2020', 'criscams', 'ibuitron', 'snowartz', 's.rodrigueza', 'juanjosearevalo']",2,"['j.mendezm', 'alizarazo1204']",26,"['af.almanza10', 'andres201719819', 'af.manrique', 'jaimesariasmjose', 'sebuchaspinzon', 'juanjose62976', 'ibuitron', 'snowartz', 'santiago856', 'd0kma', 'alejandro21', 'j.mendezm', 's.leonaviles152915', 'sergio.gomez', 'ss728', 'mangel.hc1109', 'michaels', 'crishanderhr', 'nguerreronaranjo', 'armandosernasc', 'susme2020', 'martindanielrm15', 'criscams', 'alizarazo1204', 's.rodrigueza', 'juanjosearevalo']"
57,189,23,21,1,['eliabronzo03'],22,"['dvlom', 'mhazman.hussin', 'danilo_cammarata', 'lele.17.11.2000', 'ivan271', 'isaacdelpe', 'verhovez.sara', 'victoradeshina', 'ahtishamuhp', 'pietrog', 'gabriele.fasolis', 'heller.martin', 'giubileigaia', 'jasonjdominguez99', 'leonardo1', 'robertobellelli', 'tozigbu', 'geohwk', 'leilarizzo', 'louis.bond.lb', 'naeembharmal13', 'lara.laganis2000']",20,"['miriam.piccinini00', 'ilariaferrari', 'christian.bodo', 'edoardo', 'alesdu12', 'chidzahi', 'lucanepote2000', 'davibarbero', 'vincenzopioelia', 'giuseppe00', 'kevinetor.piccati', 'tausenrico00', 'frakkio10', 'silvia00', 'frac98', 'culumusciu16', 'barbarazacco', 'margheritabruno0', 'giulianaberetta', 'simona_zetta']",43,"['miriam.piccinini00', 'ilariaferrari', 'dvlom', 'christian.bodo', 'mhazman.hussin', 'edoardo', 'alesdu12', 'chidzahi', 'lucanepote2000', 'danilo_cammarata', 'lele.17.11.2000', 'ivan271', 'isaacdelpe', 'verhovez.sara', 'davibarbero', 'vincenzopioelia', 'victoradeshina', 'ahtishamuhp', 'pietrog', 'giuseppe00', 'kevinetor.piccati', 'gabriele.fasolis', 'heller.martin', 'giubileigaia', 'jasonjdominguez99', 'leonardo1', 'tausenrico00', 'robertobellelli', 'frakkio10', 'eliabronzo03', 'silvia00', 'frac98', 'tozigbu', 'geohwk', 'leilarizzo', 'louis.bond.lb', 'culumusciu16', 'barbarazacco', 'margheritabruno0', 'naeembharmal13', 'lara.laganis2000', 'giulianaberetta', 'simona_zetta']"
57,194,23,10,5,"['isaacdelpe', 'lara.laganis2000', 'leilarizzo', 'danilo_cammarata', 'pietrog']",18,"['ivan271', 'gabriele.fasolis', 'heller.martin', 'giubileigaia', 'dvlom', 'jasonjdominguez99', 'leonardo1', 'robertobellelli', 'naeembharmal13', 'eliabronzo03', 'mhazman.hussin', 'verhovez.sara', 'tozigbu', 'geohwk', 'victoradeshina', 'ahtishamuhp', 'louis.bond.lb', 'lele.17.11.2000']",5,"['frac98', 'edoardo', 'lucanepote2000', 'davide1234', 'giuseppe00']",28,"['gabriele.fasolis', 'heller.martin', 'giubileigaia', 'dvlom', 'jasonjdominguez99', 'leonardo1', 'robertobellelli', 'eliabronzo03', 'mhazman.hussin', 'edoardo', 'frac98', 'lucanepote2000', 'tozigbu', 'geohwk', 'danilo_cammarata', 'leilarizzo', 'louis.bond.lb', 'davide1234', 'lele.17.11.2000', 'ivan271', 'isaacdelpe', 'naeembharmal13', 'verhovez.sara', 'lara.laganis2000', 'victoradeshina', 'ahtishamuhp', 'giuseppe00', 'pietrog']"
57,192,23,9,1,['leonardo1'],22,"['dvlom', 'mhazman.hussin', 'danilo_cammarata', 'lele.17.11.2000', 'ivan271', 'isaacdelpe', 'verhovez.sara', 'victoradeshina', 'ahtishamuhp', 'pietrog', 'gabriele.fasolis', 'heller.martin', 'giubileigaia', 'jasonjdominguez99', 'robertobellelli', 'eliabronzo03', 'tozigbu', 'geohwk', 'leilarizzo', 'louis.bond.lb', 'naeembharmal13', 'lara.laganis2000']",8,"['miriam.piccinini00', 'margheritabruno0', 'silviacapozzoli00', 'frac98', 'lucanepote2000', 'giulianaberetta', 'culumusciu16', 'giuseppe00']",31,"['gabriele.fasolis', 'miriam.piccinini00', 'heller.martin', 'giubileigaia', 'dvlom', 'jasonjdominguez99', 'leonardo1', 'robertobellelli', 'silviacapozzoli00', 'eliabronzo03', 'mhazman.hussin', 'frac98', 'lucanepote2000', 'tozigbu', 'geohwk', 'danilo_cammarata', 'leilarizzo', 'louis.bond.lb', 'culumusciu16', 'lele.17.11.2000', 'ivan271', 'isaacdelpe', 'margheritabruno0', 'naeembharmal13', 'verhovez.sara', 'lara.laganis2000', 'giulianaberetta', 'victoradeshina', 'ahtishamuhp', 'giuseppe00', 'pietrog']"
57,190,23,6,1,['giubileigaia'],22,"['dvlom', 'mhazman.hussin', 'danilo_cammarata', 'lele.17.11.2000', 'ivan271', 'isaacdelpe', 'verhovez.sara', 'victoradeshina', 'ahtishamuhp', 'pietrog', 'gabriele.fasolis', 'heller.martin', 'jasonjdominguez99', 'leonardo1', 'robertobellelli', 'eliabronzo03', 'tozigbu', 'geohwk', 'leilarizzo', 'louis.bond.lb', 'naeembharmal13', 'lara.laganis2000']",5,"['antonio.ocarino', 'gervasio', 'gerardo.castagno', 'giuseppe.divincenzo21', 'enricovalentini']",28,"['gabriele.fasolis', 'heller.martin', 'giubileigaia', 'dvlom', 'jasonjdominguez99', 'leonardo1', 'antonio.ocarino', 'gervasio', 'robertobellelli', 'eliabronzo03', 'mhazman.hussin', 'tozigbu', 'geohwk', 'danilo_cammarata', 'leilarizzo', 'louis.bond.lb', 'gerardo.castagno', 'lele.17.11.2000', 'ivan271', 'isaacdelpe', 'naeembharmal13', 'verhovez.sara', 'lara.laganis2000', 'victoradeshina', 'ahtishamuhp', 'giuseppe.divincenzo21', 'enricovalentini', 'pietrog']"
57,193,23,6,1,['leonardo1'],22,"['dvlom', 'mhazman.hussin', 'danilo_cammarata', 'lele.17.11.2000', 'ivan271', 'isaacdelpe', 'verhovez.sara', 'victoradeshina', 'ahtishamuhp', 'pietrog', 'gabriele.fasolis', 'heller.martin', 'giubileigaia', 'jasonjdominguez99', 'robertobellelli', 'eliabronzo03', 'tozigbu', 'geohwk', 'leilarizzo', 'louis.bond.lb', 'naeembharmal13', 'lara.laganis2000']",5,"['margheritabruno0', 'frac98', 'edoardo', 'culumusciu16', 'giuseppe00']",28,"['gabriele.fasolis', 'heller.martin', 'giubileigaia', 'dvlom', 'jasonjdominguez99', 'leonardo1', 'robertobellelli', 'eliabronzo03', 'mhazman.hussin', 'frac98', 'edoardo', 'tozigbu', 'geohwk', 'danilo_cammarata', 'leilarizzo', 'louis.bond.lb', 'culumusciu16', 'lele.17.11.2000', 'ivan271', 'isaacdelpe', 'margheritabruno0', 'naeembharmal13', 'verhovez.sara', 'lara.laganis2000', 'victoradeshina', 'ahtishamuhp', 'giuseppe00', 'pietrog']"
58,62,23,6,5,"['alkallimus', 'xkondy00', 'xriabo00', 'a.a.', 'xkuklo00']",18,"['facebookchinch', 'xkrejc60', 'karelchlumecky6', 'radim.cuhel', 'marco.viera', 'xvaver09', 'radeko', 'zumicz', 'xsinde15', 'xtoman36', 'simek', 'xsanta08', 'christopherborsa', 'marek.los998', 'martindanek', 'zhangzuquan89', 'xkrizd01', 'pbsorokin']",1,['bobo4ca1405'],24,"['xkrejc60', 'alkallimus', 'radim.cuhel', 'bobo4ca1405', 'zumicz', 'xsinde15', 'xkondy00', 'simek', 'marek.los998', 'zhangzuquan89', 'xkuklo00', 'pbsorokin', 'facebookchinch', 'karelchlumecky6', 'marco.viera', 'xvaver09', 'radeko', 'xtoman36', 'xriabo00', 'xsanta08', 'christopherborsa', 'a.a.', 'martindanek', 'xkrizd01']"
58,63,23,6,3,"['xtoman36', 'simek', 'zumicz']",20,"['xkrejc60', 'radim.cuhel', 'xsinde15', 'marek.los998', 'zhangzuquan89', 'xkuklo00', 'karelchlumecky6', 'marco.viera', 'xsanta08', 'christopherborsa', 'a.a.', 'martindanek', 'xkrizd01', 'alkallimus', 'xkondy00', 'pbsorokin', 'facebookchinch', 'xvaver09', 'radeko', 'xriabo00']",3,"['tf.pakko', 'petka.dohnal', 'hadi.abdallah33']",26,"['xkrejc60', 'alkallimus', 'radim.cuhel', 'petka.dohnal', 'zumicz', 'xsinde15', 'xkondy00', 'simek', 'marek.los998', 'zhangzuquan89', 'xkuklo00', 'pbsorokin', 'facebookchinch', 'tf.pakko', 'karelchlumecky6', 'marco.viera', 'xvaver09', 'radeko', 'hadi.abdallah33', 'xtoman36', 'xriabo00', 'xsanta08', 'christopherborsa', 'a.a.', 'martindanek', 'xkrizd01']"
59,197,22,21,20,"['joehsu.c', 'sharon0426.cop09g', 'zen.pt09', 's878072005.cop09g', 'wsr870120.cop09g', 'steven60517', 'bangyuliu.c', 'bernie1902.cop09g', 'yuhang980503', 'miami34345', 'eric870116', 'vernalchu.cop09g', 'ting.cop09g', 'lab518assit', 'cheaster86', 'adsqwxzc.pt09', 'chenhsien.cop09g', 'kb02112000.cop09g', 'benny0705.pt09', 'yuwei.cop09g']",2,"['xss246831', 'samlin']",1,['panda980122.cop08g'],23,"['joehsu.c', 'sharon0426.cop09g', 'zen.pt09', 'panda980122.cop08g', 's878072005.cop09g', 'wsr870120.cop09g', 'steven60517', 'bangyuliu.c', 'bernie1902.cop09g', 'yuhang980503', 'miami34345', 'eric870116', 'vernalchu.cop09g', 'ting.cop09g', 'lab518assit', 'xss246831', 'cheaster86', 'adsqwxzc.pt09', 'chenhsien.cop09g', 'kb02112000.cop09g', 'samlin', 'benny0705.pt09', 'yuwei.cop09g']"
60,126,22,6,6,"['cardonamarti', 'dianarodriguez.croem', 'josseant.flores.cruz', 'jonathan.victoria', 'angierodzvelez', 'bujosala']",16,"['leferpe', 'gzmarco.1993', 'putnamja', 'jamie.lauer', 'clewis26', 'russelkm', 'zzhou436', 'lucilleoliver', 'jlgold2', 'ishaanamahajan', 'csangyal', 'cmlin', 'k22stone', 'kkmehta3', 'penterman', 'isabel.hortal']",0,[],22,"['leferpe', 'gzmarco.1993', 'putnamja', 'jamie.lauer', 'zzhou436', 'dianarodriguez.croem', 'cmlin', 'cardonamarti', 'bujosala', 'angierodzvelez', 'jlgold2', 'k22stone', 'isabel.hortal', 'clewis26', 'russelkm', 'lucilleoliver', 'csangyal', 'ishaanamahajan', 'josseant.flores.cruz', 'jonathan.victoria', 'kkmehta3', 'penterman']"
61,123,22,5,1,['hu518'],21,"['danyvilla9va', 'gupta332', 'jinyoung', 'tomlinj', 'jsyony37', 'ywan1240', 'mmcbride', 'aprahara', 'elijahflrs', 'jvincen5', 'zhaotian', 'dungaram', 'kelsayed', 'caseya', 'wangjourney7', 'qingjie.li219', 'smit4180', 'niklaskjobst', 'phaluai', 'mtan13', 'hzhou22']",4,"['yifanwu', 'hess35', 'li3221', 'sorens10']",26,"['kelsayed', 'caseya', 'jinyoung', 'danyvilla9va', 'gupta332', 'wangjourney7', 'yifanwu', 'hess35', 'li3221', 'tomlinj', 'hu518', 'sorens10', 'jsyony37', 'ywan1240', 'qingjie.li219', 'smit4180', 'mmcbride', 'niklaskjobst', 'aprahara', 'elijahflrs', 'jvincen5', 'phaluai', 'mtan13', 'zhaotian', 'dungaram', 'hzhou22']"
62,269,21,15,6,"['hajdariannalisa', 'antogent', 'giuliofiorita98', 's_288604', 'paolotrt', 's282872']",15,"['filld97', 'carlotr8', 'winiarss', 'christianpanero2', 'raffa.tosc', 's292609', 'valentin', 'elifelbek1997', 'luisadifrancesc0', 'acampanale16', 's290981', 'christian.presta97', 'mstolte', 's288223', 'ruggero']",9,"['ezzzzzio', 'giuliab', 'stefanomusarratubi', 'ivanballiana', 'saragigliotti', 's288299', 'grossoelia98', 'matteo.fasano', 'lucafrancone288843']",30,"['filld97', 'winiarss', 'hajdariannalisa', 'christianpanero2', 'giuliofiorita98', 's_288604', 's292609', 'raffa.tosc', 'antogent', 'ivanballiana', 'saragigliotti', 'luisadifrancesc0', 's290981', 's288223', 'matteo.fasano', 'ruggero', 'ezzzzzio', 'giuliab', 'stefanomusarratubi', 'carlotr8', 'valentin', 'paolotrt', 'elifelbek1997', 'acampanale16', 's288299', 's282872', 'grossoelia98', 'christian.presta97', 'mstolte', 'lucafrancone288843']"
63,163,21,158,16,"['mannin15', 'ncivitan', 'hollej', 'afirkan', 'aalnas', 'jmontbru', 'danie140', 'ahn87', 'carls127', 'cmancini', 'jone1616', 'lvelky', 'jcarre', 'wnorton', 'abirkeme', 'marykirstenreilly']",5,"['toboyle', 'pdigrego', 'douh', 'fernandovega47', 'busch8']",142,"['will1941', 'mikav', 'kbrayto', 'rhentric', 'jennin56', 'amelia.markert979', 'downeyl', 'cliffos', 'rcalistr', 'adoxsee', 'ejobe', 'beers2', 'ndroessl', 'gfiedler', 'lopez344', 'nixon21', 'mragei', 'pan229', 'csrafin', 'jnylen', 'bbarale', 'nafandi', 'bodhiscott', 'tprati', 'nortt', 'hawkin98', 'akurumba', 'akmaksim', 'mfangio', 'kradde', 'lin1297', 'mlannie', 'feng233', 'thoma805', 'dbhagwan', 'rstaples', 'sinha54', 'hodge20', 'mmatteso', 'ander966', 'sbukzam', 'allen482', 'wagoneb', 'rdamle', 'connoll1', 'jmestach', 'gagnonn', 'bgrytza', 'efrancoe', 'elamewon', 'kngupta', 'thubauer', 'jcavage', 'lritchis', 'nrrobins', 'kong68', 'sweene26', 'smahipat', 'gzanutta', 'murph417', 'asyrek', 'zhan3108', 'agettel', 'gconer', 'skunduru', 'sharp82', 'stuff', 'svendsen', 'jmesa', 'okeefee', 'bkoszyk', 'tvulich', 'armour1', 'chris260', 'jyounkin', 'mngaglia', 'ksagar', 'chfranci', 'pate1082', 'harri827', 'funkhous', 'nkielkop', 'cleveng2', 'dnocon', 'voorsm', 'mock6', 'weber164', 'kzingaro', 'pbhaske', 'llefebvr', 'lukehendriks4', 'russe162', 'sayyala', 'rtrafele', 'ojonas', 'boninl', 'ellis125', 'hollowr', 'achungma', 'bird12', 'li2701', 'mkirsch', 'whollan', 'mcalisto', 'nrentsc', 'obriencaitlin20', 'john2345', 'tsriram', 'mihsan', 'sharlow', 'comer13', 'mclassen', 'zhu741', 'zuckerma', 'stockerm', 'jade.m.meekin', 'hmcguir', 'agf2018', 'cohland', 'single0', 'ander939', 'liu2442', 'romack0', 'afarha', 'bbondi', 'artierenier', 'jgerstei', 'srajarat', 'agarw190', 'lopez347', 'zhao979', 'fruane', 'llwan', 'hughe234', 'snathell', 'kyendru', 'jperata', 'nfransen', 'heaton4', 'ebinkle', 'wdobbs', 'mprue']",163,"['will1941', 'mikav', 'toboyle', 'kbrayto', 'rhentric', 'carls127', 'jennin56', 'pdigrego', 'ncivitan', 'amelia.markert979', 'downeyl', 'cmancini', 'cliffos', 'rcalistr', 'adoxsee', 'ejobe', 'beers2', 'ndroessl', 'gfiedler', 'lopez344', 'lvelky', 'nixon21', 'wnorton', 'mragei', 'jone1616', 'pan229', 'csrafin', 'jnylen', 'bbarale', 'nafandi', 'bodhiscott', 'tprati', 'jcarre', 'nortt', 'hawkin98', 'akurumba', 'akmaksim', 'mfangio', 'kradde', 'lin1297', 'mlannie', 'feng233', 'thoma805', 'dbhagwan', 'rstaples', 'sinha54', 'hodge20', 'mmatteso', 'ander966', 'sbukzam', 'allen482', 'wagoneb', 'rdamle', 'connoll1', 'jmestach', 'gagnonn', 'bgrytza', 'efrancoe', 'elamewon', 'kngupta', 'thubauer', 'jcavage', 'fernandovega47', 'lritchis', 'nrrobins', 'kong68', 'sweene26', 'smahipat', 'gzanutta', 'murph417', 'mannin15', 'asyrek', 'zhan3108', 'afirkan', 'agettel', 'gconer', 'skunduru', 'sharp82', 'stuff', 'svendsen', 'jmesa', 'okeefee', 'bkoszyk', 'marykirstenreilly', 'busch8', 'tvulich', 'jmontbru', 'armour1', 'ahn87', 'chris260', 'jyounkin', 'mngaglia', 'ksagar', 'chfranci', 'pate1082', 'harri827', 'funkhous', 'nkielkop', 'cleveng2', 'dnocon', 'voorsm', 'mock6', 'weber164', 'kzingaro', 'pbhaske', 'llefebvr', 'lukehendriks4', 'russe162', 'sayyala', 'rtrafele', 'ojonas', 'boninl', 'ellis125', 'hollowr', 'achungma', 'bird12', 'li2701', 'mkirsch', 'whollan', 'danie140', 'mcalisto', 'nrentsc', 'obriencaitlin20', 'john2345', 'tsriram', 'mihsan', 'sharlow', 'comer13', 'mclassen', 'zhu741', 'zuckerma', 'stockerm', 'douh', 'hollej', 'jade.m.meekin', 'hmcguir', 'agf2018', 'cohland', 'single0', 'ander939', 'liu2442', 'romack0', 'afarha', 'bbondi', 'artierenier', 'abirkeme', 'jgerstei', 'srajarat', 'agarw190', 'lopez347', 'zhao979', 'fruane', 'llwan', 'aalnas', 'hughe234', 'snathell', 'kyendru', 'jperata', 'nfransen', 'heaton4', 'ebinkle', 'wdobbs', 'mprue']"
63,164,21,41,2,"['toboyle', 'douh']",19,"['mannin15', 'afirkan', 'danie140', 'carls127', 'jcarre', 'marykirstenreilly', 'busch8', 'pdigrego', 'ncivitan', 'hollej', 'jmontbru', 'ahn87', 'cmancini', 'abirkeme', 'aalnas', 'lvelky', 'wnorton', 'fernandovega47', 'jone1616']",39,"['hsakiewi', 'adshowal', 'markhodgkiss50', 'djodhani', 'zaly', 'pmansour', 'jiang650', 'brow1511', 'michae19', 'duncan94', 'buhland', 'bwodetz', 'annaleichty1', 'tladner', 'baxter26', 'costel12', 'rhodes44', 'nrobb', 'armour1', 'evans251', 'kjabbar', 'tzadrave', 'hmcmilli', 'reddy62', 'aquinli', 'sinha54', 'ewolfla', 'lange35', 'nherbert', 'wood164', 'meyer292', 'harvey83', 'pweitzel', 'moeller4', 'see4', 'huan1346', 'smit3400', 'mart1390', 'chakra26']",60,"['hsakiewi', 'toboyle', 'mannin15', 'adshowal', 'markhodgkiss50', 'afirkan', 'djodhani', 'zaly', 'pmansour', 'danie140', 'carls127', 'jcarre', 'jiang650', 'brow1511', 'michae19', 'marykirstenreilly', 'duncan94', 'busch8', 'buhland', 'bwodetz', 'pdigrego', 'ncivitan', 'annaleichty1', 'douh', 'hollej', 'tladner', 'costel12', 'rhodes44', 'baxter26', 'nrobb', 'jmontbru', 'armour1', 'ahn87', 'cmancini', 'evans251', 'kjabbar', 'tzadrave', 'hmcmilli', 'reddy62', 'aquinli', 'abirkeme', 'sinha54', 'ewolfla', 'lange35', 'nherbert', 'aalnas', 'wood164', 'meyer292', 'harvey83', 'pweitzel', 'lvelky', 'moeller4', 'wnorton', 'see4', 'huan1346', 'smit3400', 'fernandovega47', 'mart1390', 'chakra26', 'jone1616']"
63,165,21,11,2,"['ncivitan', 'lvelky']",19,"['toboyle', 'mannin15', 'afirkan', 'danie140', 'carls127', 'jcarre', 'marykirstenreilly', 'busch8', 'pdigrego', 'douh', 'hollej', 'jmontbru', 'ahn87', 'cmancini', 'abirkeme', 'aalnas', 'wnorton', 'fernandovega47', 'jone1616']",9,"['sbukzam', 'gconer', 'esuer', 'kyendru', 'john2345', 'pan229', 'mclassen', 'pbhaske', 'murph417']",30,"['toboyle', 'mannin15', 'afirkan', 'aalnas', 'gconer', 'sbukzam', 'danie140', 'carls127', 'kyendru', 'lvelky', 'jcarre', 'john2345', 'wnorton', 'marykirstenreilly', 'mclassen', 'pbhaske', 'busch8', 'pdigrego', 'ncivitan', 'douh', 'hollej', 'fernandovega47', 'jmontbru', 'ahn87', 'cmancini', 'jone1616', 'esuer', 'pan229', 'abirkeme', 'murph417']"
64,254,21,18,16,"['jadrian.antoling', 'crislb18', 'delpozo.alicia01', 'angelajorge50', 'mbarrantie', 'anacristina01', 'nrodriguev', 'anescolar', 'aramospf', 'egallardud', 'lmejiasm', 'mbarrosowh', 'aucantero', 'josecarloscorchado', 'pemorgado', 'abarjonac']",5,"['lauravalverdeg22', 'n.martsinovich', 'nrinconf15555', 'lquirosh', 'gmateoss22']",2,"['bgarciags', 'jesuspiriz1910']",23,"['crislb18', 'lauravalverdeg22', 'anacristina01', 'nrodriguev', 'lmejiasm', 'nrinconf15555', 'pemorgado', 'delpozo.alicia01', 'mbarrantie', 'aramospf', 'bgarciags', 'anescolar', 'egallardud', 'mbarrosowh', 'jadrian.antoling', 'jesuspiriz1910', 'aucantero', 'josecarloscorchado', 'lquirosh', 'abarjonac', 'gmateoss22', 'angelajorge50', 'n.martsinovich']"
66,145,21,22,16,"['nurasakr997', 'habibafoudah', 'maged.nagyh', 'nouramin2000', 'omaryasser3110', 'mariamhanyw99', 'ahmed.mohie7', 'scooby1', 'mazenkhaled123456789', 'arashad129129', 'rahmaahmeed4', 'mohamedeslam22.me', 'farahelgayar', 'amr171', 'abdelrahman99', 'mahmoudredaa358']",5,"['tk.elec.99', 'deepanshu', 'hanaamr2000.hanaamr', 'aryanlall53', 'whatdulike']",6,"['nadaeleish', 'ehabk137', 'ammaralaa516', 'fareedadeda31', 'moodyhatem2015', 'ahmedhegazyy']",27,"['tk.elec.99', 'omaryasser3110', 'mariamhanyw99', 'arashad129129', 'mohamedeslam22.me', 'whatdulike', 'ahmedhegazyy', 'habibafoudah', 'maged.nagyh', 'nouramin2000', 'scooby1', 'farahelgayar', 'mahmoudredaa358', 'moodyhatem2015', 'nadaeleish', 'ehabk137', 'amr171', 'abdelrahman99', 'deepanshu', 'ammaralaa516', 'fareedadeda31', 'nurasakr997', 'ahmed.mohie7', 'mazenkhaled123456789', 'rahmaahmeed4', 'hanaamr2000.hanaamr', 'aryanlall53']"
67,97,20,10,9,"['btech19eskec115', 'sarthakk2881', 'soumyagarwal1751', 'btech19eskec110', 'btech19eskec119', 'tanvinemnani24', 'vidhisukhnani44', 'jainabhinandan86', 'mulkit02']",11,"['rashis1555', 'tanishavb.jain', 'btech19eskec138', 'harshit.siddharth56', 'kinrarashi27', 'tanugambhir', 'gauravraj79', '7374yashd', 'udieshagautam', 'sjjain88240', 'ishubhamjain2001']",1,['raghavagarwal'],21,"['rashis1555', 'soumyagarwal1751', 'tanishavb.jain', 'btech19eskec138', 'btech19eskec110', 'btech19eskec119', 'kinrarashi27', 'gauravraj79', 'udieshagautam', '7374yashd', 'sjjain88240', 'tanvinemnani24', 'ishubhamjain2001', 'btech19eskec115', 'sarthakk2881', 'harshit.siddharth56', 'tanugambhir', 'raghavagarwal', 'vidhisukhnani44', 'jainabhinandan86', 'mulkit02']"
68,112,20,21,17,"['zhuwenli', 'nshussain', 'bcar', 'hcastillopinto', 'yuhaili', 'yleho0', 'haonanling', 'nwmajor', 'dabraham', 'zhaik', 'junwei6', 'amirlabib', 'apereda1533', 'qyshu', 'jlohser', 'staylor', 'yangli']",3,"['chengzijia', 'sidsri', 'alexallevato']",4,"['nsmccabe', 'alexagomez', 'estonkevitch', 'indronil.ghosh27']",24,"['zhuwenli', 'indronil.ghosh27', 'zhaik', 'qyshu', 'sidsri', 'yangli', 'hcastillopinto', 'nshussain', 'bcar', 'yuhaili', 'nsmccabe', 'haonanling', 'dabraham', 'jlohser', 'yleho0', 'alexagomez', 'junwei6', 'staylor', 'estonkevitch', 'chengzijia', 'nwmajor', 'apereda1533', 'alexallevato', 'amirlabib']"
68,272,20,10,8,"['staylor', 'bcar', 'yuhaili', 'yleho0', 'qyshu', 'jlohser', 'amirlabib', 'hcastillopinto']",12,"['zhuwenli', 'nshussain', 'chengzijia', 'haonanling', 'nwmajor', 'dabraham', 'zhaik', 'junwei6', 'apereda1533', 'sidsri', 'alexallevato', 'yangli']",2,"['nsmccabe', 'indronil.ghosh27']",22,"['zhuwenli', 'indronil.ghosh27', 'yleho0', 'zhaik', 'junwei6', 'qyshu', 'sidsri', 'staylor', 'yangli', 'hcastillopinto', 'nshussain', 'bcar', 'yuhaili', 'nsmccabe', 'chengzijia', 'haonanling', 'nwmajor', 'dabraham', 'apereda1533', 'jlohser', 'alexallevato', 'amirlabib']"
70,103,19,17,12,"['myoungberg', 'eokeefe3', 'babaumann', 'ejwilling', 'jlacy2', 'kquillin34', 'aross24', 'wkorbitz', 'hdurfeeiv', 'fairach', 'veyssal', 'dgrinnell']",7,"['ramasawmy', 'jknoelke', 'mehul.chadda100', 'asmangan', 'jemory', 'warzyn', 'klee385']",5,"['ssgopalan17', 'rpolavarapu', 'ealmousa', 'emhoward', 'bafflerbach']",24,"['myoungberg', 'klee385', 'ramasawmy', 'eokeefe3', 'jknoelke', 'ssgopalan17', 'mehul.chadda100', 'fairach', 'kquillin34', 'wkorbitz', 'warzyn', 'ealmousa', 'hdurfeeiv', 'emhoward', 'bafflerbach', 'veyssal', 'babaumann', 'rpolavarapu', 'asmangan', 'jemory', 'aross24', 'ejwilling', 'jlacy2', 'dgrinnell']"
71,119,19,11,9,"['hayesneukom', 'jerrymurphy', 'carmenwu', 'caydendoyle', 'tommyblank', 'codylacoursiere', 'crystalbb123', 'hannahbyers', 'audreyparker']",10,"['mollyyoung', 'bettegougar', 'quinnhulse', 'ashtonenrriques', 'jiddyjohnson', 'lauravelvick', 'shannoncrain', 'kbleffert', 'dustinnguyen90', 'huntercoleman']",2,"['oliviamaryon', 'lanlibsu']",21,"['mollyyoung', 'quinnhulse', 'codylacoursiere', 'dustinnguyen90', 'jerrymurphy', 'ashtonenrriques', 'jiddyjohnson', 'kbleffert', 'audreyparker', 'hayesneukom', 'bettegougar', 'carmenwu', 'caydendoyle', 'tommyblank', 'oliviamaryon', 'crystalbb123', 'lauravelvick', 'shannoncrain', 'lanlibsu', 'hannahbyers', 'huntercoleman']"
72,28,19,6,1,['amaliamp'],18,"['chechetkin.em', 'daniel.loveless', 'tls123009', '20201207gaeun', 'fcbissh', 's.n.mansperger', 'ddeberry10', 'qor061533', 'spencwestfall', 'munim.sah75', 'akrnakrnawwkd', 'ley008002', 'dsam753', 'alstlr96qkr', 'xmdnlxj2bo', 'dltnwls4870', 'hillmyrahim89', 'gabrielerebecchi96']",5,"['rominaabb29', 'patriciatr', 'sac99', 'amaliamperales35', 'silvis_rgomez']",24,"['chechetkin.em', 'patriciatr', 'tls123009', '20201207gaeun', 'fcbissh', 's.n.mansperger', 'silvis_rgomez', 'munim.sah75', 'xmdnlxj2bo', 'dltnwls4870', 'gabrielerebecchi96', 'rominaabb29', 'daniel.loveless', 'sac99', 'ddeberry10', 'amaliamperales35', 'qor061533', 'spencwestfall', 'akrnakrnawwkd', 'ley008002', 'dsam753', 'amaliamp', 'alstlr96qkr', 'hillmyrahim89']"
73,56,19,20,18,"['evanbeers', 'mloparri', 'wcrites', 'apietran', 'debinger', 'amonica44', 'mfeeher1', 'asteenvo', 'palermoj1207', 'jerfaj', 'ptodd', 'mfantini', 'liamhehir', 'jfattore', 'okenna10', 'kheist3', 'ejones32', 'cpuc']",1,['amacalu3'],2,"['spark48', 'kjenkin1']",21,"['debinger', 'mfeeher1', 'palermoj1207', 'ptodd', 'mfantini', 'liamhehir', 'jfattore', 'kjenkin1', 'ejones32', 'wcrites', 'apietran', 'asteenvo', 'jerfaj', 'kheist3', 'amacalu3', 'spark48', 'evanbeers', 'mloparri', 'okenna10', 'amonica44', 'cpuc']"
74,148,19,6,6,"['sylvia_chieng', 'sawweiliang', 'jiaxinlim', 'shrey2018', 'teikkhim', 'sutherdrogba']",13,"['alyamrh', 's16c003b', 'aminp', 'paikkeang', 'dtmccormick', 'miraclegreent', 'deankoehne1', 'yanatejasukmana8', 'yeohiyhchyi', 'joeyeeng00', 'lihmiin96', 'nineta', 'r.senti']",0,[],19,"['aminp', 'sawweiliang', 'paikkeang', 'dtmccormick', 'jiaxinlim', 'lihmiin96', 'nineta', 'alyamrh', 'sylvia_chieng', 's16c003b', 'shrey2018', 'deankoehne1', 'miraclegreent', 'yanatejasukmana8', 'yeohiyhchyi', 'teikkhim', 'sutherdrogba', 'joeyeeng00', 'r.senti']"
75,235,19,19,2,"['dawyman', 'hcdedmon']",17,"['rkeyser', 'dmangeri', 'ehultman', 'carr94', 'nbstern', 'clancy6', 'hrubyr', 'weber171', 'lregalad', 'lee2880', 'kortee', 'tchen135', 'castil77', 'hshrote', 'lhoppenr', 'mill2391', 'east5']",17,"['hmei3', 'knambig', 'zwang77', 'nmahmoo3', 'mtahir2', 'naimi', 'szhang53', 'kmmumtaz20', 'bsennik', 'apragya', 'dkiryam', 'xtang22', 'mhossai9', 'namin3', 'mdlord', 'ychen242', 'tcoia']",36,"['knambig', 'rkeyser', 'nmahmoo3', 'carr94', 'nbstern', 'hrubyr', 'kortee', 'dkiryam', 'castil77', 'hshrote', 'xtang22', 'namin3', 'east5', 'hmei3', 'dmangeri', 'mtahir2', 'naimi', 'clancy6', 'weber171', 'hcdedmon', 'ychen242', 'mdlord', 'zwang77', 'szhang53', 'lregalad', 'dawyman', 'apragya', 'lhoppenr', 'mhossai9', 'tcoia', 'ehultman', 'lee2880', 'tchen135', 'kmmumtaz20', 'bsennik', 'mill2391']"
75,173,19,5,1,['weber171'],18,"['rkeyser', 'dmangeri', 'ehultman', 'carr94', 'nbstern', 'clancy6', 'hrubyr', 'lregalad', 'lee2880', 'dawyman', 'kortee', 'tchen135', 'hcdedmon', 'castil77', 'hshrote', 'lhoppenr', 'mill2391', 'east5']",4,"['thubauer', 'tschoste', 'baylessl', 'cottonb']",23,"['rkeyser', 'cottonb', 'carr94', 'nbstern', 'hrubyr', 'lregalad', 'dawyman', 'kortee', 'castil77', 'hshrote', 'lhoppenr', 'east5', 'thubauer', 'dmangeri', 'ehultman', 'clancy6', 'weber171', 'lee2880', 'tchen135', 'tschoste', 'hcdedmon', 'baylessl', 'mill2391']"
78,175,18,12,11,"['alihassan', 'mkhalaf', 'alaawalid', 'mohamedfaris47', 'muhammad_soliman', 'sherif.arafat', 'omarashraf', 'marionagy', 'seif.emad', 'amr_nasser99', 'myounis']",7,"['nalin_mishra', 'mostafa20', 'abohafs', 'ahassannee', 'mennah_khaled', 'vivek1993', 'ravis']",1,['bayoumi'],19,"['nalin_mishra', 'alihassan', 'mkhalaf', 'mohamedfaris47', 'abohafs', 'sherif.arafat', 'omarashraf', 'marionagy', 'seif.emad', 'amr_nasser99', 'ravis', 'alaawalid', 'mostafa20', 'muhammad_soliman', 'ahassannee', 'mennah_khaled', 'vivek1993', 'bayoumi', 'myounis']"
79,269,18,15,5,"['stefanomusarratubi', 'ivanballiana', 's288299', 'grossoelia98', 'lucafrancone288843']",13,"['lorenzogaribaldi', 'giuseppepolito', 'gabrielemarrocchino', 'lauracutaia', 'fedevair98', 'francesco_pertuso', 'alessandro_franceschin', 'deborah96', 'anooshiravan.mostmand', 'lucapadula', 'alessandro.aloi1', 'danilo', 'paoloserafini']",10,"['ezzzzzio', 'giuliab', 'hajdariannalisa', 'antogent', 'giuliofiorita98', 's_288604', 'paolotrt', 'saragigliotti', 's282872', 'matteo.fasano']",28,"['lorenzogaribaldi', 'giuseppepolito', 'hajdariannalisa', 'antogent', 'giuliofiorita98', 's_288604', 'lauracutaia', 'ivanballiana', 'saragigliotti', 'fedevair98', 'deborah96', 'lucapadula', 'alessandro.aloi1', 'danilo', 'paoloserafini', 'matteo.fasano', 'stefanomusarratubi', 'ezzzzzio', 'giuliab', 'gabrielemarrocchino', 'paolotrt', 'francesco_pertuso', 'alessandro_franceschin', 's288299', 's282872', 'anooshiravan.mostmand', 'grossoelia98', 'lucafrancone288843']"
80,111,18,15,12,"['zhuhao', 'tbarang', 'rotenmax', 'shihkual0918', 'menonv', 'sfrisone', 'zhucongx', 'ajcharm', 'euiseop', 'wenxli', 'acmoy', 'saxman25']",6,"['apielack', 'allendc', 'cjmichae', 'fecard', 'haslamc', 'nadvorak']",3,"['jgoe', 'alammari', 'rrwilson']",21,"['zhuhao', 'apielack', 'tbarang', 'cjmichae', 'fecard', 'rotenmax', 'haslamc', 'ajcharm', 'nadvorak', 'alammari', 'allendc', 'shihkual0918', 'menonv', 'rrwilson', 'sfrisone', 'zhucongx', 'euiseop', 'wenxli', 'acmoy', 'jgoe', 'saxman25']"
80,108,18,7,6,"['apielack', 'allendc', 'cjmichae', 'haslamc', 'wenxli', 'nadvorak']",12,"['zhuhao', 'tbarang', 'fecard', 'rotenmax', 'shihkual0918', 'menonv', 'sfrisone', 'zhucongx', 'ajcharm', 'euiseop', 'acmoy', 'saxman25']",1,['qiliang'],19,"['zhuhao', 'apielack', 'tbarang', 'cjmichae', 'fecard', 'rotenmax', 'haslamc', 'ajcharm', 'nadvorak', 'qiliang', 'allendc', 'shihkual0918', 'menonv', 'sfrisone', 'zhucongx', 'euiseop', 'wenxli', 'acmoy', 'saxman25']"
81,183,18,11,3,"['devendraq321', 'samalmukesh276', 'ph19mscst11002']",15,"['benjaminwilson8720', 'bozkan1', 'sarwathsara678', 'cenliu', 'ryz123', 'ph21resch01006', 'b.harsh027', 'es16btech11008', 'mmcmaster278', 'ph19mscst11011', 'svetlana.satsuk', 'isaacmonba', 'guionaudr', 'akapella', 'jinzewu']",8,"['anagha234', 'mukeshofficial276', 'ph19mscst11004', 'ph20resch11021', 'ph19mscst11005', 'ph19mscst11013', 'asgharhusain', 'ph19mscst11012']",26,"['anagha234', 'b.harsh027', 'es16btech11008', 'mmcmaster278', 'ph20resch11021', 'ph19mscst11005', 'ph19mscst11013', 'asgharhusain', 'guionaudr', 'akapella', 'jinzewu', 'benjaminwilson8720', 'bozkan1', 'samalmukesh276', 'sarwathsara678', 'cenliu', 'mukeshofficial276', 'ryz123', 'ph19mscst11004', 'ph21resch01006', 'ph19mscst11011', 'ph19mscst11002', 'svetlana.satsuk', 'isaacmonba', 'devendraq321', 'ph19mscst11012']"
82,116,17,9,8,"['davide.tasinato96', 'francesco98', 'angela.griggio', 'gschievano', 'chiara1', 'leonardo98', 'nicola.marigo.3', 'robertino.pilot']",9,"['marco.solda.6', 'ester.priante', 'm.pata96', 'gava.franc', 'its_mati', 'errik', 'marconalesso', 'daniele.masi', 'pietro.meneghini']",1,['bonaldo.daniele'],18,"['davide.tasinato96', 'francesco98', 'angela.griggio', 'gschievano', 'ester.priante', 'm.pata96', 'gava.franc', 'marconalesso', 'daniele.masi', 'pietro.meneghini', 'marco.solda.6', 'bonaldo.daniele', 'chiara1', 'leonardo98', 'errik', 'its_mati', 'nicola.marigo.3', 'robertino.pilot']"
83,172,17,13,10,"['kevans', 'sarahforman', 'tylerkiyonaga', 'mackinleylove', 'diplatmech', 'eddie.lam155', 'ty.sebastian', 'smirti.pokhrel', 'justin308', 'cpatski']",7,"['fullmetaldeets', 'mecha.engineer95', 'rumatus3', 'wally039', 'napjuma', 'smrity.romana', 'jordansmith']",3,"['jacksonuhryn1', 'rylanndoering', 'reimaximo']",20,"['fullmetaldeets', 'sarahforman', 'mecha.engineer95', 'diplatmech', 'wally039', 'eddie.lam155', 'ty.sebastian', 'napjuma', 'smrity.romana', 'reimaximo', 'kevans', 'rylanndoering', 'tylerkiyonaga', 'mackinleylove', 'rumatus3', 'smirti.pokhrel', 'justin308', 'jacksonuhryn1', 'cpatski', 'jordansmith']"
84,227,16,27,14,"['zacharushu', 'noahmarron', 'logbrown21', 'phamngo', 'duelllu', 'topliffd', 'espinozg', 'healym', 'mancinad', 'yougourthene', 'brownlog', 'yasser.daraa11', 'dixojosh', 'nshutimw']",2,"['maps1214', 'qaumyou']",13,"['vanderty', 'haren22', 'jenksmi', 'lenoirr', 'matiastp', 'oldanif', 'rossop', 'janickec', 'joshuabush', 'kaiseale', 'genordg', 'newele', 'plaggeme']",29,"['maps1214', 'jenksmi', 'phamngo', 'joshuabush', 'espinozg', 'yougourthene', 'kaiseale', 'genordg', 'haren22', 'nshutimw', 'noahmarron', 'duelllu', 'oldanif', 'qaumyou', 'yasser.daraa11', 'zacharushu', 'vanderty', 'topliffd', 'dixojosh', 'plaggeme', 'logbrown21', 'lenoirr', 'matiastp', 'rossop', 'janickec', 'healym', 'mancinad', 'brownlog', 'newele']"
86,243,16,18,13,"['a000828ok', 'lyj200345', 'kfo110513', 'jiwon6224', 'grit', 'tjdrua456', 'whcks10', 'donna412', 'rotorl144', 'leejungeun0310', 'aqjemrhf', '0909hfn', 'tmdgustn11']",3,"['kaiyoun121', 'vndksl123', 'sangmin19981214']",5,"['kimjaegon', 'wjstmdwls9812271', 'rmaejrgus1', 'dudgus2009', 'jw7yong']",21,"['a000828ok', 'kimjaegon', 'wjstmdwls9812271', 'jiwon6224', 'kaiyoun121', 'grit', 'tjdrua456', 'whcks10', 'donna412', 'vndksl123', 'dudgus2009', 'rotorl144', 'leejungeun0310', 'aqjemrhf', 'rmaejrgus1', 'jw7yong', 'tmdgustn11', 'sangmin19981214', 'lyj200345', 'kfo110513', '0909hfn']"
88,137,15,9,9,"['emilepm123', 'sarahattab11', 'amirnoor', 'alf', 'wcfowler', 'sarahattab5475', 'zainabkhann700', 'ssmylie1', 'michael1']",6,"['mahanaurozi10', 'phanvokyhuan', 'hrishikeshclt1', 't.m.whitton11', 'desecoleman', 'otgonsuren1']",0,[],15,"['emilepm123', 'sarahattab11', 'alf', 'wcfowler', 't.m.whitton11', 'desecoleman', 'ssmylie1', 'michael1', 'amirnoor', 'mahanaurozi10', 'sarahattab5475', 'phanvokyhuan', 'zainabkhann700', 'hrishikeshclt1', 'otgonsuren1']"
89,255,15,13,13,"['chrisdavis367', 'jane.peabody13', 'xdshiro', 'burrow.damon', 'dalelee2008', 'adrsto', 'xiexiexiewanrong', 'jdthomas2000', 'gzjzb0905', 'mastrofran', 'nicholasbhimani', 'advsteelers', 'hl388']",2,"['sbc00171', 'tavianjin']",0,[],15,"['jane.peabody13', 'burrow.damon', 'dalelee2008', 'adrsto', 'xiexiexiewanrong', 'mastrofran', 'nicholasbhimani', 'advsteelers', 'sbc00171', 'chrisdavis367', 'xdshiro', 'jdthomas2000', 'gzjzb0905', 'hl388', 'tavianjin']"
90,98,15,9,1,['rodrigofreitas'],14,"['xieyan', 'xy891208', 'sen29', 'yeshitla12345', 'nirajkrs.singh3', 'jigme.wangchhuk2019', 'yongdeok', 'fudengha', 'huiju', 'whitee35', 'shashmish01', 'msretenovic', 'thunezac', 'meltonm4']",8,"['eryn', 'ckiel', 'ischen', 'ssong64', 'aedecilap', 'sxqian', 'ambred', 'kaiguo']",23,"['eryn', 'ckiel', 'xy891208', 'xieyan', 'sen29', 'yeshitla12345', 'nirajkrs.singh3', 'jigme.wangchhuk2019', 'huiju', 'sxqian', 'ambred', 'shashmish01', 'msretenovic', 'thunezac', 'ischen', 'rodrigofreitas', 'ssong64', 'aedecilap', 'whitee35', 'kaiguo', 'yongdeok', 'fudengha', 'meltonm4']"
90,271,15,8,7,"['xieyan', 'sen29', 'fudengha', 'whitee35', 'msretenovic', 'thunezac', 'meltonm4']",8,"['xy891208', 'yeshitla12345', 'nirajkrs.singh3', 'jigme.wangchhuk2019', 'rodrigofreitas', 'huiju', 'shashmish01', 'yongdeok']",1,['linyuhs7'],16,"['xy891208', 'xieyan', 'sen29', 'yeshitla12345', 'nirajkrs.singh3', 'jigme.wangchhuk2019', 'linyuhs7', 'huiju', 'shashmish01', 'msretenovic', 'thunezac', 'rodrigofreitas', 'whitee35', 'yongdeok', 'fudengha', 'meltonm4']"
91,181,15,42,1,['sali93'],14,"['kaneka', 'empn6d', 'sundong1994', 'aldofabrizzio', 'qiuhuic2', 'jfmfx7', 'leducricardo', 'ziyue2', 'rml5gd', 'dcpang2', 'ampvdc', 'tmsbmc', 'rali1234', 'shuming2']",41,"['yuchang3', 'ryanlim2', 'nk13', 'hyunbin2', 'efalse2', 'nwa2', 'jheaton3', 'jrange23', 'eoh23', 'ryusuke2', 'msolis27', 'malonzo2', 'torsr2', 'fulcrum', 'niharrm2', 'ssibi2', 'iajifo2', 'msiddi60', 'juliawp2', 'dcudzi2', 'chyu3', 'aleahht2', 'jalies2', 'zainab2', 'benvau2', 'wrishk2', 'aaguero2', 'jacobt6', 'dhamill2', 'hanlinw3', 'boyazhu2', 'kirajm2', 'ddejong2', 'shawnc2', 'anm9', 'jaredf2', 'sendres2', 'xinzhih2', 'mrc13', 'bnw4', 'jinyang9']",56,"['yuchang3', 'ryanlim2', 'nk13', 'hyunbin2', 'efalse2', 'nwa2', 'qiuhuic2', 'ziyue2', 'jheaton3', 'jrange23', 'eoh23', 'rali1234', 'ryusuke2', 'msolis27', 'aldofabrizzio', 'malonzo2', 'torsr2', 'fulcrum', 'sali93', 'rml5gd', 'niharrm2', 'ssibi2', 'tmsbmc', 'juliawp2', 'iajifo2', 'msiddi60', 'dcudzi2', 'chyu3', 'aleahht2', 'jalies2', 'zainab2', 'benvau2', 'leducricardo', 'wrishk2', 'aaguero2', 'jacobt6', 'dhamill2', 'hanlinw3', 'boyazhu2', 'kirajm2', 'kaneka', 'empn6d', 'sundong1994', 'ddejong2', 'shawnc2', 'anm9', 'jaredf2', 'jfmfx7', 'sendres2', 'xinzhih2', 'mrc13', 'dcpang2', 'ampvdc', 'bnw4', 'jinyang9', 'shuming2']"
91,180,15,8,5,"['empn6d', 'jfmfx7', 'rml5gd', 'ampvdc', 'tmsbmc']",10,"['kaneka', 'sundong1994', 'aldofabrizzio', 'qiuhuic2', 'sali93', 'leducricardo', 'ziyue2', 'dcpang2', 'rali1234', 'shuming2']",3,"['dlipke', 'atbqm9', 'smsqn9']",18,"['qiuhuic2', 'atbqm9', 'leducricardo', 'ziyue2', 'dlipke', 'rali1234', 'kaneka', 'empn6d', 'sundong1994', 'smsqn9', 'aldofabrizzio', 'jfmfx7', 'sali93', 'rml5gd', 'dcpang2', 'ampvdc', 'tmsbmc', 'shuming2']"
92,155,15,13,8,"['rafiul21', 'nazmulhasan', 'inasrin220', 'farhanaakterjerin', 'sakif04', 'sadman', 'isratmni', 'abdullahsohailas994']",7,"['hasanforever', 'rafiulewu', 'sujanmahmudd', 'trowshan', 'roni1234', 'tanzim', 'ni']",5,"['ryyan', 'ooovvviii444422', 'jesminakther', 'saifewu', 'nazmulhossain']",20,"['rafiul21', 'ryyan', 'hasanforever', 'sujanmahmudd', 'roni1234', 'inasrin220', 'sakif04', 'nazmulhossain', 'abdullahsohailas994', 'ooovvviii444422', 'nazmulhasan', 'jesminakther', 'rafiulewu', 'trowshan', 'tanzim', 'saifewu', 'farhanaakterjerin', 'sadman', 'isratmni', 'ni']"
93,30,15,7,7,"['rjain1302', 'aseem.tiwari2018', 'kanthineelamsetty31', 'ashutoshsingh987', 'mahimasaxena1267', 'negipa', 'shivam25']",8,"['btech10402.18', 'pavankumarkori', 'soniparul1722', 'rakesh.rangit07', 'sawaiznaveed', 'neophyte_kk', 'akshat18j', 'gauravsattiwale']",0,[],15,"['rjain1302', 'btech10402.18', 'pavankumarkori', 'rakesh.rangit07', 'sawaiznaveed', 'kanthineelamsetty31', 'ashutoshsingh987', 'shivam25', 'aseem.tiwari2018', 'soniparul1722', 'neophyte_kk', 'akshat18j', 'gauravsattiwale', 'mahimasaxena1267', 'negipa']"
94,151,15,19,12,"['hamadalarjani', 'halwarea', 'spring2021', 'shiruwan', 'otaibemn', 'reemalb22', 'hassanalmeirza', 'hakemahussain', 'setstall2', '111icoolboy111', 'dalal327', 'rayaanalraqibah1']",3,"['cgilardi', 'eman', 'raghad9972']",7,"['hqassem93', 'd1s2roy', 'danaalmutairi', 'someone811', 'bisheryousif', 'maasoumah', 'ahmedsayed.elec']",22,"['111icoolboy111', 'rayaanalraqibah1', 'ahmedsayed.elec', 'hamadalarjani', 'raghad9972', 'danaalmutairi', 'shiruwan', 'eman', 'otaibemn', 'hakemahussain', 'hqassem93', 'd1s2roy', 'reemalb22', 'hassanalmeirza', 'cgilardi', 'maasoumah', 'dalal327', 'halwarea', 'spring2021', 'someone811', 'bisheryousif', 'setstall2']"
95,221,15,283,14,"['vritota', 'nfranzoni', 'lorenzoholguin12', 'gazerlo', 'k.hildenbrand', 'sebasmarquez90', 'lpentzke', 'cdutreil', 'dicef', 'smontero', 'santosalexis1817', 'garciacarrillojudith', 'cacuy', 'kmerino']",1,['edcast'],269,"['wdeaweqwdas', 'moshelem', 'kaynegalie', 'mos_noob', 'eminasuljic', 'mangabera10', 'jbonez411', 'wys142', 'sabe425', 'chrixang18', 'xiaokaizhong99', 'vincentdoucet22', 'sholliday643', 'danielclapp99', 'ulusoy2006', 'sabolton', 'ts992', 'drogalski', 'lokesht123', 'mrgiraffe', 'oktayhalitekinay', 'asdksnfksfkmd', 'liqizhou', 'johndoe2341341243', 'anxooo', 'reuben90', 'alexander.lee', 'justiejoseph', 'j176601', 'mtakcali', 'fedele.penna', 'nickm', 'octoman1080x', 'semmi.spado00', 'j218711', 'madisonmiller', 'sungjooncho', 'choudh23', 'nanobeam', 'v257028', 'jschewinsky', 'haren22', 'ervndgn59', 'cninja99', 'lkipfer', 'anapv177', 'cancetinkaya1201', 'julianawallgren', 'burnett.william', 'lewisgf20', 'bmirzapouebe', 'ftah', 'jaycwilson23', 'kodurur', 'pmcnutt2', 'murattdo', 'emani', 'ainhoaab', 'marcantoineduval', 'davidr27', 'mrbunnyman', 'sebrobarts', 'emreyilmazel1996', 'maxguipil', 'd33r00', 'u1250344', 'caseyamick', 'yesimcakmakc', 'tomasx', 'nuriamjusc', 'sbentz', 'halilibrahimtiken', 'omarloay99', 'abaringer', 'yorkiiii', 'mstff.1clkk', 'kaiseale', 'longstreetjacob', 'chastintruelove', 'l201843', 'johnganiban', 'sd226', 'andrew217usmc', 'phhuang', 'fpincock', 'jdgerling', 'lerner', 'ncm0007', 'thboth', 'olivier35', 'saradiazr', 'ege.ert7', 'elena.gnani', 'ol_ac', 'maxiasensio', 'olga.casals', 'fafrin2', 'hjlim9612', 'elel30182', 'rossop', 'sqlim94', 'tserenkhand', 'cibranlpz', 'jason.earl', 'c195673', 'jhahn95', 'jsathanand', 'i.lutticken', 'sungjoon.cho97', 'rakaiit', 'avivlavan', 'psuzhouy', 'grantmorris656', 'jrobinson5', 'andresaraiva', 'man6787', 'blane', 'mtynski', 'joejfranzo', 'm203442', 'kianamon', 'berrospidavid7', 'nsh0004', 'a194117', 'ana23', 'jequito', 'sarah.youssef', 'hlong262', 'burak9836', 'terje', 'plaggeme', 'u0916393', 'rosadourada9', 'nicoladegiuseppe19', 'fatanehjenabi', 'trivellin', 'cheeseybacon', 'iuri', 'heatherleaf', 'anujgarg939', 'roiaso', 'lobsterben13', 'rajsingh', 'testeremre70', 'arianebarreto', 'amrita_lovelace', 'ogu0001', 'arno.yu610168', 'joshuabush', 'charles.dambra', 'poorar21', 'jeption2025', 'dongmingli', 'cbandel', 'nguyendaniel', 'clizarazo', 'aaroncoonu', 'briann', 'pkj71794g', 'gabriel.pzanoni', 'ee17resch11016', 'kayleneechong', 'evakolmel', 'zepfan026', 'ronitronit119', 'mmei', 'npatta.1986', 'kellen.wise', 'martin.mg98.10', 'kst48', 'annikadasher', '8223freret', 'ge.6cg7', 'krusso448', 'lctasende3', 'asif0047', 'retrewtewrt', 'fabio.aragao.santos', 'uuganbayaro', 'wingitalways', 'mahnoor.syed29', 'matthew.jones98', 'costasdiego97', 'kyenyarkolemuel', 'nbhat0792', 'ethan.caballero', 'cactusnoh', 'hcha71', 'miguelcb', 'mariapl200896', 'arif.ozkan5806', 'fredysanchez2', 'jako91', 'magnoliajasper', 'josemanuel3', 'durgaprasadkhatri2011', 'pw8', 'jack522577', 's16c028b', 'hrhlauraa', 'daddysexual', 'damianonetto', 'zse0147', 'mrtmert98', 'lenoirr', 'd093641', 'newele', 'amandabrum', 'xiaoyuzhang', 'jake.m.hall876', 'deguirejasmin', 'mollykole', 'felipemachado', 'raul292', 'paezjuanagustin47', 'aingles', 'm241617', 'aldanafloyd', 'maria.irausquin', 'alirose12', 'hjp44', 'aaronrivasterron', 'thomasspradley', 'nmorgan1', 'santox2000', 'jef325', 'alexdallee17', 'yyerim', 'tg2016', 'u6007941', 'susannareggiani', 'r207733', 'enhjinhanabi', 't224622', 'cameronframpton', 'aravindh', 'syoonhan', 'eschruba', 'jeus63', 'jsanmartin1', 'anshshah2011', 'borja.bayon', 'ashishchr', 'sandip83', 'huseyinu', 'leeluanling123', 'pspiotrowicz1', 'tudimubunmi', 'philippeblaise', 'panellink1', 'also0714', 'hj980217', 'f215766', 'rynk.john', 'ogandocortes', 'martinotero', 'stiml1144', 'jimenezph', 'cartermchris1', 'u1089358', 'julianyordano', 'guillermo99', 's16c045b', 'dolaydemirel', 'theurgeboat', 'baqer', 'spazos7', 'rylandkate', 'hamastahir19']",284,"['wdeaweqwdas', 'moshelem', 'kaynegalie', 'mos_noob', 'eminasuljic', 'mangabera10', 'jbonez411', 'wys142', 'sabe425', 'chrixang18', 'xiaokaizhong99', 'vincentdoucet22', 'sholliday643', 'danielclapp99', 'ulusoy2006', 'sabolton', 'ts992', 'drogalski', 'lokesht123', 'mrgiraffe', 'smontero', 'oktayhalitekinay', 'asdksnfksfkmd', 'liqizhou', 'johndoe2341341243', 'anxooo', 'reuben90', 'alexander.lee', 'justiejoseph', 'j176601', 'mtakcali', 'fedele.penna', 'nickm', 'octoman1080x', 'semmi.spado00', 'j218711', 'madisonmiller', 'sungjooncho', 'choudh23', 'nanobeam', 'v257028', 'jschewinsky', 'haren22', 'ervndgn59', 'cninja99', 'lkipfer', 'anapv177', 'cancetinkaya1201', 'julianawallgren', 'burnett.william', 'lewisgf20', 'bmirzapouebe', 'ftah', 'jaycwilson23', 'kodurur', 'pmcnutt2', 'murattdo', 'emani', 'ainhoaab', 'marcantoineduval', 'davidr27', 'mrbunnyman', 'sebrobarts', 'emreyilmazel1996', 'maxguipil', 'd33r00', 'u1250344', 'caseyamick', 'yesimcakmakc', 'tomasx', 'nuriamjusc', 'sbentz', 'halilibrahimtiken', 'omarloay99', 'abaringer', 'yorkiiii', 'mstff.1clkk', 'kaiseale', 'longstreetjacob', 'chastintruelove', 'l201843', 'johnganiban', 'sd226', 'andrew217usmc', 'phhuang', 'fpincock', 'jdgerling', 'lerner', 'ncm0007', 'thboth', 'olivier35', 'saradiazr', 'ege.ert7', 'elena.gnani', 'ol_ac', 'lorenzoholguin12', 'maxiasensio', 'olga.casals', 'fafrin2', 'hjlim9612', 'elel30182', 'rossop', 'sqlim94', 'tserenkhand', 'cibranlpz', 'jason.earl', 'c195673', 'jhahn95', 'jsathanand', 'i.lutticken', 'sungjoon.cho97', 'rakaiit', 'avivlavan', 'psuzhouy', 'grantmorris656', 'jrobinson5', 'andresaraiva', 'man6787', 'cacuy', 'blane', 'mtynski', 'joejfranzo', 'm203442', 'kianamon', 'berrospidavid7', 'nsh0004', 'a194117', 'ana23', 'jequito', 'sarah.youssef', 'hlong262', 'burak9836', 'terje', 'plaggeme', 'u0916393', 'rosadourada9', 'nicoladegiuseppe19', 'lpentzke', 'fatanehjenabi', 'trivellin', 'cheeseybacon', 'iuri', 'heatherleaf', 'anujgarg939', 'roiaso', 'lobsterben13', 'rajsingh', 'testeremre70', 'arianebarreto', 'amrita_lovelace', 'ogu0001', 'arno.yu610168', 'joshuabush', 'sebasmarquez90', 'charles.dambra', 'poorar21', 'jeption2025', 'dongmingli', 'cbandel', 'nguyendaniel', 'clizarazo', 'aaroncoonu', 'briann', 'pkj71794g', 'gabriel.pzanoni', 'ee17resch11016', 'kayleneechong', 'evakolmel', 'zepfan026', 'ronitronit119', 'mmei', 'npatta.1986', 'kellen.wise', 'martin.mg98.10', 'kst48', 'annikadasher', '8223freret', 'ge.6cg7', 'krusso448', 'lctasende3', 'asif0047', 'retrewtewrt', 'fabio.aragao.santos', 'uuganbayaro', 'wingitalways', 'mahnoor.syed29', 'matthew.jones98', 'costasdiego97', 'kyenyarkolemuel', 'nbhat0792', 'ethan.caballero', 'cactusnoh', 'hcha71', 'miguelcb', 'mariapl200896', 'arif.ozkan5806', 'fredysanchez2', 'jako91', 'magnoliajasper', 'gazerlo', 'josemanuel3', 'durgaprasadkhatri2011', 'pw8', 'jack522577', 's16c028b', 'hrhlauraa', 'daddysexual', 'damianonetto', 'zse0147', 'mrtmert98', 'kmerino', 'lenoirr', 'd093641', 'newele', 'amandabrum', 'xiaoyuzhang', 'jake.m.hall876', 'deguirejasmin', 'k.hildenbrand', 'mollykole', 'felipemachado', 'raul292', 'paezjuanagustin47', 'santosalexis1817', 'cdutreil', 'edcast', 'aingles', 'm241617', 'aldanafloyd', 'maria.irausquin', 'alirose12', 'hjp44', 'aaronrivasterron', 'thomasspradley', 'vritota', 'nfranzoni', 'nmorgan1', 'santox2000', 'jef325', 'alexdallee17', 'garciacarrillojudith', 'yyerim', 'tg2016', 'u6007941', 'susannareggiani', 'r207733', 'enhjinhanabi', 't224622', 'cameronframpton', 'aravindh', 'syoonhan', 'eschruba', 'jeus63', 'jsanmartin1', 'anshshah2011', 'borja.bayon', 'ashishchr', 'sandip83', 'huseyinu', 'leeluanling123', 'pspiotrowicz1', 'tudimubunmi', 'philippeblaise', 'panellink1', 'also0714', 'hj980217', 'f215766', 'rynk.john', 'ogandocortes', 'martinotero', 'stiml1144', 'dicef', 'jimenezph', 'cartermchris1', 'u1089358', 'julianyordano', 'guillermo99', 's16c045b', 'dolaydemirel', 'theurgeboat', 'baqer', 'spazos7', 'rylandkate', 'hamastahir19']"
95,209,15,15,6,"['vritota', 'nfranzoni', 'lpentzke', 'dicef', 'cacuy', 'kmerino']",9,"['lorenzoholguin12', 'gazerlo', 'k.hildenbrand', 'sebasmarquez90', 'cdutreil', 'santosalexis1817', 'garciacarrillojudith', 'smontero', 'edcast']",9,"['jhahn95', 'nguyendaniel', 'abaringer', 'jrobinson5', 'wingitalways', 'annikadasher', 'cameronframpton', 'liqizhou', 'lobsterben13']",24,"['jhahn95', 'abaringer', 'lorenzoholguin12', 'jrobinson5', 'k.hildenbrand', 'sebasmarquez90', 'dicef', 'smontero', 'annikadasher', 'cacuy', 'kmerino', 'cameronframpton', 'liqizhou', 'vritota', 'nfranzoni', 'nguyendaniel', 'gazerlo', 'lpentzke', 'cdutreil', 'santosalexis1817', 'garciacarrillojudith', 'wingitalways', 'edcast', 'lobsterben13']"
95,212,15,6,5,"['lorenzoholguin12', 'santosalexis1817', 'garciacarrillojudith', 'sebasmarquez90', 'edcast']",10,"['vritota', 'nfranzoni', 'gazerlo', 'k.hildenbrand', 'lpentzke', 'cdutreil', 'dicef', 'smontero', 'cacuy', 'kmerino']",1,['jimenezph'],16,"['lorenzoholguin12', 'k.hildenbrand', 'sebasmarquez90', 'dicef', 'smontero', 'jimenezph', 'cacuy', 'kmerino', 'vritota', 'nfranzoni', 'gazerlo', 'lpentzke', 'cdutreil', 'santosalexis1817', 'garciacarrillojudith', 'edcast']"
96,71,15,33,1,['dietzelcc'],14,"['olearycm', 'arielar', 'harry_quack', 'ndoumiesey', 'buij3', 'vohp', 'jonesjd26', 'quillel', 'youngpattans2', 'ordonezc3', 'sevenkevin', 'wallacejc4', 'hossindissoms', 'petropablo']",32,"['dolp', 'altantsooj', 'meiiqitang', 'aymar', 'lillianchiu', 'j.manlai0411', 'aravindh', 'smit4225', 'waldropj24', 'turnera14', 'adiya.enhadiya', 'uozgur', 'bburgilmaa1202', 'huan1318', 'heath.wells.esq', 'aingles', 'jwarnky', 'everaste', 'kalilio', 'g.k41541g', 'vallejora', 'mhanvey', 'marco.apolinario.l', 'btmn5698', 'chnbtgaldanmgc', 'geert', 'dlincoln', 'munkhbayar518', 'uuganbayaro', 'liriyanyan', 'charlie0513', 'glenhwalters']",47,"['dolp', 'arielar', 'altantsooj', 'meiiqitang', 'aymar', 'buij3', 'lillianchiu', 'youngpattans2', 'ordonezc3', 'j.manlai0411', 'petropablo', 'olearycm', 'aravindh', 'smit4225', 'harry_quack', 'waldropj24', 'turnera14', 'adiya.enhadiya', 'uozgur', 'bburgilmaa1202', 'vohp', 'huan1318', 'heath.wells.esq', 'hossindissoms', 'aingles', 'jwarnky', 'dietzelcc', 'everaste', 'kalilio', 'g.k41541g', 'vallejora', 'mhanvey', 'marco.apolinario.l', 'btmn5698', 'sevenkevin', 'chnbtgaldanmgc', 'geert', 'ndoumiesey', 'dlincoln', 'munkhbayar518', 'uuganbayaro', 'jonesjd26', 'quillel', 'liriyanyan', 'wallacejc4', 'charlie0513', 'glenhwalters']"
96,74,15,33,5,"['arielar', 'dietzelcc', 'youngpattans2', 'quillel', 'ordonezc3']",10,"['olearycm', 'harry_quack', 'ndoumiesey', 'buij3', 'vohp', 'jonesjd26', 'sevenkevin', 'wallacejc4', 'hossindissoms', 'petropablo']",28,"['dolp', 'alejocibe', 'tchk6', 'kocher1', 'jaiverthadrian25', 'sidharth1994', 'ssorobay', 'turnera14', 'tbpurevnorov', 'enhmanlaienhee', 'langfahl', 'everaste', 'epeloquin24', 'tassanpietro', 'sherifms777', 'squadbuilderzz123', 'lalfaihan', 'croberts21', 'lbruno22', 'jpbarrero131', 'anudarid', 'duuyaduka89', 'taylorolp99', 'bayanjargal.sub', 'muujig1', 'booradley', 'glenhwalters', 'slburkett']",43,"['dolp', 'arielar', 'alejocibe', 'buij3', 'tchk6', 'youngpattans2', 'kocher1', 'ordonezc3', 'jaiverthadrian25', 'ssorobay', 'petropablo', 'sidharth1994', 'olearycm', 'harry_quack', 'turnera14', 'tbpurevnorov', 'vohp', 'enhmanlaienhee', 'hossindissoms', 'langfahl', 'dietzelcc', 'everaste', 'epeloquin24', 'tassanpietro', 'sherifms777', 'squadbuilderzz123', 'sevenkevin', 'lalfaihan', 'croberts21', 'lbruno22', 'jpbarrero131', 'anudarid', 'ndoumiesey', 'duuyaduka89', 'taylorolp99', 'bayanjargal.sub', 'jonesjd26', 'quillel', 'muujig1', 'booradley', 'wallacejc4', 'glenhwalters', 'slburkett']"
96,6,15,9,7,"['ndoumiesey', 'jonesjd26', 'youngpattans2', 'ordonezc3', 'sevenkevin', 'wallacejc4', 'hossindissoms']",8,"['olearycm', 'arielar', 'dietzelcc', 'harry_quack', 'buij3', 'vohp', 'quillel', 'petropablo']",2,"['bruccolern', 'vallejora']",17,"['arielar', 'dietzelcc', 'vallejora', 'buij3', 'youngpattans2', 'ordonezc3', 'sevenkevin', 'petropablo', 'olearycm', 'harry_quack', 'ndoumiesey', 'vohp', 'jonesjd26', 'quillel', 'wallacejc4', 'bruccolern', 'hossindissoms']"
97,221,14,283,7,"['rossop', 'joshuabush', 'kaiseale', 'haren22', 'newele', 'octoman1080x', 'plaggeme']",7,"['vanderty', 'jonesja2', 'jenksmi', 'matiastp', 'oldanif', 'genordg', 'filipinocheese']",276,"['wdeaweqwdas', 'moshelem', 'kaynegalie', 'mos_noob', 'eminasuljic', 'mangabera10', 'jbonez411', 'wys142', 'sabe425', 'chrixang18', 'xiaokaizhong99', 'vincentdoucet22', 'sholliday643', 'danielclapp99', 'ulusoy2006', 'sabolton', 'ts992', 'drogalski', 'lokesht123', 'mrgiraffe', 'smontero', 'oktayhalitekinay', 'asdksnfksfkmd', 'liqizhou', 'johndoe2341341243', 'anxooo', 'reuben90', 'alexander.lee', 'justiejoseph', 'j176601', 'mtakcali', 'fedele.penna', 'nickm', 'semmi.spado00', 'j218711', 'madisonmiller', 'sungjooncho', 'choudh23', 'nanobeam', 'v257028', 'jschewinsky', 'ervndgn59', 'cninja99', 'lkipfer', 'anapv177', 'cancetinkaya1201', 'julianawallgren', 'burnett.william', 'lewisgf20', 'bmirzapouebe', 'ftah', 'jaycwilson23', 'kodurur', 'pmcnutt2', 'murattdo', 'emani', 'ainhoaab', 'marcantoineduval', 'davidr27', 'mrbunnyman', 'sebrobarts', 'emreyilmazel1996', 'maxguipil', 'd33r00', 'u1250344', 'caseyamick', 'yesimcakmakc', 'tomasx', 'nuriamjusc', 'sbentz', 'halilibrahimtiken', 'omarloay99', 'abaringer', 'yorkiiii', 'mstff.1clkk', 'longstreetjacob', 'chastintruelove', 'l201843', 'johnganiban', 'sd226', 'andrew217usmc', 'phhuang', 'fpincock', 'jdgerling', 'lerner', 'ncm0007', 'thboth', 'olivier35', 'saradiazr', 'ege.ert7', 'elena.gnani', 'ol_ac', 'lorenzoholguin12', 'maxiasensio', 'olga.casals', 'fafrin2', 'hjlim9612', 'elel30182', 'sqlim94', 'tserenkhand', 'cibranlpz', 'jason.earl', 'c195673', 'jhahn95', 'jsathanand', 'i.lutticken', 'sungjoon.cho97', 'rakaiit', 'avivlavan', 'psuzhouy', 'grantmorris656', 'jrobinson5', 'andresaraiva', 'man6787', 'blane', 'mtynski', 'cacuy', 'joejfranzo', 'm203442', 'kianamon', 'berrospidavid7', 'nsh0004', 'a194117', 'ana23', 'jequito', 'sarah.youssef', 'hlong262', 'burak9836', 'terje', 'u0916393', 'rosadourada9', 'nicoladegiuseppe19', 'lpentzke', 'fatanehjenabi', 'trivellin', 'cheeseybacon', 'iuri', 'heatherleaf', 'anujgarg939', 'roiaso', 'lobsterben13', 'rajsingh', 'testeremre70', 'arianebarreto', 'amrita_lovelace', 'ogu0001', 'arno.yu610168', 'sebasmarquez90', 'charles.dambra', 'poorar21', 'jeption2025', 'dongmingli', 'cbandel', 'nguyendaniel', 'clizarazo', 'aaroncoonu', 'briann', 'pkj71794g', 'gabriel.pzanoni', 'ee17resch11016', 'kayleneechong', 'evakolmel', 'zepfan026', 'ronitronit119', 'mmei', 'npatta.1986', 'kellen.wise', 'martin.mg98.10', 'kst48', 'annikadasher', '8223freret', 'ge.6cg7', 'krusso448', 'lctasende3', 'asif0047', 'retrewtewrt', 'fabio.aragao.santos', 'uuganbayaro', 'wingitalways', 'mahnoor.syed29', 'matthew.jones98', 'costasdiego97', 'kyenyarkolemuel', 'nbhat0792', 'ethan.caballero', 'cactusnoh', 'hcha71', 'miguelcb', 'mariapl200896', 'arif.ozkan5806', 'fredysanchez2', 'jako91', 'magnoliajasper', 'gazerlo', 'josemanuel3', 'durgaprasadkhatri2011', 'pw8', 'jack522577', 's16c028b', 'hrhlauraa', 'daddysexual', 'damianonetto', 'zse0147', 'mrtmert98', 'kmerino', 'lenoirr', 'd093641', 'amandabrum', 'xiaoyuzhang', 'jake.m.hall876', 'deguirejasmin', 'k.hildenbrand', 'mollykole', 'felipemachado', 'raul292', 'paezjuanagustin47', 'santosalexis1817', 'cdutreil', 'aingles', 'm241617', 'aldanafloyd', 'maria.irausquin', 'alirose12', 'hjp44', 'aaronrivasterron', 'thomasspradley', 'vritota', 'nmorgan1', 'nfranzoni', 'santox2000', 'jef325', 'alexdallee17', 'garciacarrillojudith', 'yyerim', 'tg2016', 'u6007941', 'susannareggiani', 'r207733', 'enhjinhanabi', 't224622', 'cameronframpton', 'aravindh', 'syoonhan', 'eschruba', 'jeus63', 'jsanmartin1', 'anshshah2011', 'borja.bayon', 'ashishchr', 'sandip83', 'huseyinu', 'leeluanling123', 'pspiotrowicz1', 'tudimubunmi', 'philippeblaise', 'panellink1', 'also0714', 'hj980217', 'f215766', 'rynk.john', 'ogandocortes', 'martinotero', 'stiml1144', 'dicef', 'jimenezph', 'cartermchris1', 'u1089358', 'julianyordano', 'guillermo99', 's16c045b', 'dolaydemirel', 'theurgeboat', 'baqer', 'spazos7', 'rylandkate', 'hamastahir19']",290,"['wdeaweqwdas', 'moshelem', 'kaynegalie', 'mos_noob', 'eminasuljic', 'mangabera10', 'jbonez411', 'wys142', 'sabe425', 'chrixang18', 'xiaokaizhong99', 'vincentdoucet22', 'vanderty', 'sholliday643', 'danielclapp99', 'ulusoy2006', 'sabolton', 'ts992', 'drogalski', 'lokesht123', 'mrgiraffe', 'smontero', 'oktayhalitekinay', 'asdksnfksfkmd', 'liqizhou', 'johndoe2341341243', 'anxooo', 'reuben90', 'alexander.lee', 'justiejoseph', 'j176601', 'mtakcali', 'fedele.penna', 'octoman1080x', 'nickm', 'semmi.spado00', 'j218711', 'madisonmiller', 'sungjooncho', 'choudh23', 'nanobeam', 'v257028', 'jschewinsky', 'haren22', 'filipinocheese', 'ervndgn59', 'cninja99', 'lkipfer', 'anapv177', 'cancetinkaya1201', 'julianawallgren', 'burnett.william', 'lewisgf20', 'bmirzapouebe', 'ftah', 'jaycwilson23', 'kodurur', 'pmcnutt2', 'murattdo', 'emani', 'ainhoaab', 'marcantoineduval', 'davidr27', 'mrbunnyman', 'sebrobarts', 'emreyilmazel1996', 'maxguipil', 'd33r00', 'u1250344', 'caseyamick', 'yesimcakmakc', 'tomasx', 'nuriamjusc', 'sbentz', 'halilibrahimtiken', 'omarloay99', 'abaringer', 'yorkiiii', 'mstff.1clkk', 'kaiseale', 'longstreetjacob', 'chastintruelove', 'l201843', 'oldanif', 'johnganiban', 'sd226', 'andrew217usmc', 'phhuang', 'fpincock', 'jdgerling', 'lerner', 'ncm0007', 'thboth', 'olivier35', 'saradiazr', 'ege.ert7', 'elena.gnani', 'ol_ac', 'lorenzoholguin12', 'maxiasensio', 'olga.casals', 'fafrin2', 'hjlim9612', 'elel30182', 'rossop', 'sqlim94', 'tserenkhand', 'cibranlpz', 'jason.earl', 'c195673', 'jenksmi', 'jhahn95', 'jsathanand', 'i.lutticken', 'sungjoon.cho97', 'rakaiit', 'avivlavan', 'psuzhouy', 'grantmorris656', 'jrobinson5', 'andresaraiva', 'man6787', 'genordg', 'blane', 'mtynski', 'cacuy', 'joejfranzo', 'm203442', 'kianamon', 'berrospidavid7', 'nsh0004', 'a194117', 'ana23', 'jequito', 'sarah.youssef', 'hlong262', 'burak9836', 'terje', 'plaggeme', 'u0916393', 'matiastp', 'rosadourada9', 'nicoladegiuseppe19', 'lpentzke', 'fatanehjenabi', 'trivellin', 'cheeseybacon', 'iuri', 'heatherleaf', 'anujgarg939', 'roiaso', 'lobsterben13', 'rajsingh', 'testeremre70', 'arianebarreto', 'amrita_lovelace', 'ogu0001', 'arno.yu610168', 'joshuabush', 'sebasmarquez90', 'charles.dambra', 'poorar21', 'jeption2025', 'dongmingli', 'cbandel', 'nguyendaniel', 'clizarazo', 'aaroncoonu', 'briann', 'pkj71794g', 'gabriel.pzanoni', 'ee17resch11016', 'kayleneechong', 'evakolmel', 'zepfan026', 'ronitronit119', 'mmei', 'npatta.1986', 'kellen.wise', 'martin.mg98.10', 'kst48', 'annikadasher', '8223freret', 'ge.6cg7', 'krusso448', 'lctasende3', 'asif0047', 'retrewtewrt', 'fabio.aragao.santos', 'uuganbayaro', 'wingitalways', 'mahnoor.syed29', 'matthew.jones98', 'costasdiego97', 'kyenyarkolemuel', 'nbhat0792', 'ethan.caballero', 'cactusnoh', 'hcha71', 'miguelcb', 'mariapl200896', 'arif.ozkan5806', 'fredysanchez2', 'jako91', 'magnoliajasper', 'gazerlo', 'josemanuel3', 'durgaprasadkhatri2011', 'pw8', 'jack522577', 's16c028b', 'hrhlauraa', 'daddysexual', 'damianonetto', 'zse0147', 'mrtmert98', 'kmerino', 'lenoirr', 'd093641', 'newele', 'amandabrum', 'xiaoyuzhang', 'jake.m.hall876', 'deguirejasmin', 'k.hildenbrand', 'mollykole', 'felipemachado', 'raul292', 'paezjuanagustin47', 'santosalexis1817', 'cdutreil', 'aingles', 'm241617', 'aldanafloyd', 'maria.irausquin', 'alirose12', 'hjp44', 'aaronrivasterron', 'thomasspradley', 'jonesja2', 'vritota', 'nmorgan1', 'nfranzoni', 'santox2000', 'jef325', 'alexdallee17', 'garciacarrillojudith', 'yyerim', 'tg2016', 'u6007941', 'susannareggiani', 'r207733', 'enhjinhanabi', 't224622', 'cameronframpton', 'aravindh', 'syoonhan', 'eschruba', 'jeus63', 'jsanmartin1', 'anshshah2011', 'borja.bayon', 'ashishchr', 'sandip83', 'huseyinu', 'leeluanling123', 'pspiotrowicz1', 'tudimubunmi', 'philippeblaise', 'panellink1', 'also0714', 'hj980217', 'f215766', 'rynk.john', 'ogandocortes', 'martinotero', 'stiml1144', 'dicef', 'jimenezph', 'cartermchris1', 'u1089358', 'julianyordano', 'guillermo99', 's16c045b', 'dolaydemirel', 'theurgeboat', 'baqer', 'spazos7', 'rylandkate', 'hamastahir19']"
97,227,14,27,11,"['vanderty', 'jenksmi', 'matiastp', 'genordg', 'rossop', 'oldanif', 'joshuabush', 'kaiseale', 'haren22', 'newele', 'plaggeme']",3,"['octoman1080x', 'filipinocheese', 'jonesja2']",16,"['zacharushu', 'noahmarron', 'logbrown21', 'lenoirr', 'phamngo', 'duelllu', 'janickec', 'topliffd', 'espinozg', 'healym', 'mancinad', 'yougourthene', 'brownlog', 'yasser.daraa11', 'dixojosh', 'nshutimw']",30,"['jenksmi', 'phamngo', 'joshuabush', 'espinozg', 'yougourthene', 'kaiseale', 'haren22', 'genordg', 'filipinocheese', 'nshutimw', 'noahmarron', 'oldanif', 'duelllu', 'yasser.daraa11', 'vanderty', 'zacharushu', 'topliffd', 'dixojosh', 'plaggeme', 'jonesja2', 'logbrown21', 'lenoirr', 'matiastp', 'rossop', 'janickec', 'healym', 'mancinad', 'brownlog', 'newele', 'octoman1080x']"
98,26,14,11,8,"['antoniojcor', 'jaime_milla', 'mariatenllado16', 'qiqizheng', 'sac99', 'mareksznitko13', 'mariana98', 'elenaperez']",6,"['rominaabb29', 'amaliamperales35', 'smaino', 'luciabertran99', 'elenagm', 'silviamlc']",3,"['romero', '061972018x', '061962588x']",17,"['antoniojcor', 'romero', 'luciabertran99', 'elenagm', 'mareksznitko13', '061962588x', 'jaime_milla', 'rominaabb29', 'mariatenllado16', 'qiqizheng', 'sac99', 'smaino', 'amaliamperales35', 'silviamlc', 'mariana98', 'elenaperez', '061972018x']"
98,28,14,6,3,"['amaliamperales35', 'sac99', 'rominaabb29']",11,"['antoniojcor', 'jaime_milla', 'mariatenllado16', 'qiqizheng', 'smaino', 'luciabertran99', 'elenagm', 'mareksznitko13', 'silviamlc', 'mariana98', 'elenaperez']",3,"['patriciatr', 'silvis_rgomez', 'amaliamp']",17,"['antoniojcor', 'patriciatr', 'luciabertran99', 'elenagm', 'mareksznitko13', 'silvis_rgomez', 'jaime_milla', 'rominaabb29', 'mariatenllado16', 'qiqizheng', 'sac99', 'smaino', 'amaliamperales35', 'silviamlc', 'mariana98', 'amaliamp', 'elenaperez']"
99,4,14,13,5,"['salmasameh980', 'youssefsamiryoussef', 'samaar.said', 'mubaraktharwat', 'havocvictor20']",9,"['adham99', 'derrell.dunn', 'nour.yehia70', 'modica1', 'scary1321', 'mx', 'sainikhilgodl', 'lavan', 'giacomocappe10']",8,"['bassam', 'amy', 'ashraf_mohamed', 'zazotop31', 'abdoelanwar99', 'abdelrahman98', 'saraibrahim', 'gengergogo']",22,"['bassam', 'modica1', 'amy', 'abdoelanwar99', 'zazotop31', 'saraibrahim', 'mx', 'sainikhilgodl', 'samaar.said', 'lavan', 'adham99', 'nour.yehia70', 'salmasameh980', 'youssefsamiryoussef', 'derrell.dunn', 'ashraf_mohamed', 'gengergogo', 'scary1321', 'abdelrahman98', 'mubaraktharwat', 'giacomocappe10', 'havocvictor20']"
100,183,14,11,7,"['mukeshofficial276', 'ph19mscst11004', 'ph20resch11021', 'ph19mscst11005', 'ph19mscst11013', 'asgharhusain', 'ph19mscst11012']",7,"['montanez', 'ph19resch11002', 'arunkumarpatro.mst19', 'itsanand121', 'aullah8', 'saiyfmac', 'felvital']",4,"['devendraq321', 'anagha234', 'samalmukesh276', 'ph19mscst11002']",18,"['anagha234', 'ph19resch11002', 'arunkumarpatro.mst19', 'itsanand121', 'saiyfmac', 'ph20resch11021', 'ph19mscst11005', 'ph19mscst11013', 'asgharhusain', 'montanez', 'mukeshofficial276', 'samalmukesh276', 'ph19mscst11004', 'aullah8', 'ph19mscst11002', 'felvital', 'devendraq321', 'ph19mscst11012']"
101,17,14,12,5,"['lucrodsil', 'hanaamehdisefiani', 'adribetid99', 'jesusmrquez96', 'carlosmaperez']",9,"['espe.ruiz1177', 'isabelm.gonzalez27', 'aizquierdop310899', 'isacayrasso', 'dariorom', 'palomago1998', 'armoar', 'manups0508', 'isloes12']",7,"['luciafernandeztroncoso', 'aurobarroso', 'carlotaarojosato1', 'maegol28899', 'alesfc4', 'fernanmorales99', 'joscebtap']",21,"['espe.ruiz1177', 'lucrodsil', 'aizquierdop310899', 'palomago1998', 'carlotaarojosato1', 'armoar', 'alesfc4', 'carlosmaperez', 'joscebtap', 'isabelm.gonzalez27', 'luciafernandeztroncoso', 'isacayrasso', 'hanaamehdisefiani', 'dariorom', 'aurobarroso', 'adribetid99', 'maegol28899', 'manups0508', 'fernanmorales99', 'jesusmrquez96', 'isloes12']"
101,12,14,9,3,"['espe.ruiz1177', 'aizquierdop310899', 'isloes12']",11,"['isabelm.gonzalez27', 'lucrodsil', 'isacayrasso', 'hanaamehdisefiani', 'palomago1998', 'dariorom', 'adribetid99', 'armoar', 'manups0508', 'jesusmrquez96', 'carlosmaperez']",6,"['noelianavarromoreno', 'inesojeda98', 'marparbal11', 'juaniito82', 'oscarguerravinuesa', 'rospalhur16']",20,"['espe.ruiz1177', 'lucrodsil', 'marparbal11', 'aizquierdop310899', 'palomago1998', 'armoar', 'oscarguerravinuesa', 'carlosmaperez', 'isabelm.gonzalez27', 'noelianavarromoreno', 'inesojeda98', 'juaniito82', 'isacayrasso', 'hanaamehdisefiani', 'dariorom', 'adribetid99', 'manups0508', 'jesusmrquez96', 'rospalhur16', 'isloes12']"
103,257,14,6,4,"['18d070040', 'nehashree', '18d070055', 'prashants31']",10,"['diwanprakhar', 'diti', 'esha.kulawe', 'pradhi01', 'anuranandas', 'kiragr1999', 'ratul.bnj', 'ashutoshranjan253', 'bartonwang93', 'spencer.travis97']",2,"['shubhampatil2.107', 'hanifc5']",16,"['esha.kulawe', 'pradhi01', 'kiragr1999', '18d070055', 'ratul.bnj', 'ashutoshranjan253', 'shubhampatil2.107', 'bartonwang93', 'diwanprakhar', '18d070040', 'diti', 'anuranandas', 'nehashree', 'prashants31', 'hanifc5', 'spencer.travis97']"
106,245,13,55,3,"['dlwjdtlr97', 'ykhykh3587', 'llssmm9710']",10,"['picentj', 'andyb123', 'kaisshaikh7290', 'dicksow', 'gillesk', 'valvon', 'grantwt', 'paulinc', 'orlandb', 'mcdougo']",52,"['youjy1105', 'ksh97050310', 'haseungho', 'paragt1026', 'chubbypet2', 'jungmin0322', 'jisukim0423', 'hilsong', 'potatochip0617', 'recomendneko', 'juyeon', 'gaeun0215', 'leesijin120', 'tpghks9708', 'skyxz123', 'yeny28', 'rlafbehd3', 'nkm4095', 'hee_jun', 'zneet456', 'rlawjddus6825', 'guswo50', 'yongsik', 'poby', 'yoonwe00', 'dff123123', 'tuco96', 'duswl2510', 'sse09137798', 'ekdmss31', 'homme0214', 'rlatnals874', 'wogml622', 'raw1250', 'okjaegeun', 'kgj0328', 'pongdong2323', 'guddnr6423', 'dctbelieve', 'ojiow', 'gmlwn4897', 'dongsun0801', 'smustudyaccout', 'yejun990721', 'hjlim9612', 'imsad', 'hhw3481', 'seunghun4757', 'kim980407', 'seobstantial', 'minsong0313', 'wkwjsrjekffk']",65,"['youjy1105', 'paragt1026', 'haseungho', 'ykhykh3587', 'mcdougo', 'tpghks9708', 'nkm4095', 'hee_jun', 'zneet456', 'rlawjddus6825', 'grantwt', 'yongsik', 'poby', 'duswl2510', 'rlatnals874', 'wogml622', 'okjaegeun', 'kaisshaikh7290', 'dicksow', 'gillesk', 'paulinc', 'smustudyaccout', 'hjlim9612', 'imsad', 'hhw3481', 'seunghun4757', 'wkwjsrjekffk', 'picentj', 'ksh97050310', 'potatochip0617', 'chubbypet2', 'jungmin0322', 'jisukim0423', 'hilsong', 'dlwjdtlr97', 'recomendneko', 'leesijin120', 'llssmm9710', 'gaeun0215', 'juyeon', 'skyxz123', 'yeny28', 'rlafbehd3', 'valvon', 'guswo50', 'dff123123', 'yoonwe00', 'sse09137798', 'ekdmss31', 'homme0214', 'raw1250', 'kgj0328', 'pongdong2323', 'guddnr6423', 'dctbelieve', 'ojiow', 'gmlwn4897', 'orlandb', 'dongsun0801', 'yejun990721', 'andyb123', 'kim980407', 'seobstantial', 'minsong0313', 'tuco96']"
106,244,13,6,5,"['picentj', 'valvon', 'gillesk', 'grantwt', 'mcdougo']",8,"['andyb123', 'kaisshaikh7290', 'dicksow', 'paulinc', 'dlwjdtlr97', 'ykhykh3587', 'llssmm9710', 'orlandb']",1,['gherasi'],14,"['picentj', 'kaisshaikh7290', 'dicksow', 'gillesk', 'paulinc', 'dlwjdtlr97', 'gherasi', 'ykhykh3587', 'orlandb', 'mcdougo', 'llssmm9710', 'andyb123', 'valvon', 'grantwt']"
107,199,13,7,7,"['kwokkawa21', 'jtxingcuhk', 'gamerdavid898', 'tktkwantao', 'arthuryimmm', 'oliz6845', 'austincst0630']",6,"['sun971217', 'rt2599', 'nagarjunabayinedi', 'vijaydurgareddy9', 'saikv9573sai', 'hamzashili']",0,[],13,"['rt2599', 'jtxingcuhk', 'nagarjunabayinedi', 'gamerdavid898', 'vijaydurgareddy9', 'saikv9573sai', 'arthuryimmm', 'hamzashili', 'sun971217', 'kwokkawa21', 'austincst0630', 'oliz6845', 'tktkwantao']"
110,52,12,8,7,"['sddfasffg1223', 'alif76592', 'nad23', 'bat66ool95', 'bdalhsynly324', 'fatmhdnan47', 'oih8uyhhhkiihif5slpiojj']",5,"['ktlam', 'sean.f1', 'jwood1985', 'nora85abrahem', 'saef.almodares']",1,['hajer.m.almalky'],13,"['sddfasffg1223', 'alif76592', 'bat66ool95', 'fatmhdnan47', 'sean.f1', 'hajer.m.almalky', 'saef.almodares', 'nad23', 'bdalhsynly324', 'ktlam', 'oih8uyhhhkiihif5slpiojj', 'jwood1985', 'nora85abrahem']"
111,115,12,11,7,"['lshliom79', 'lihigold67', 'k.sem1996', 'orelhuta', 'nadavgvili22', 'vano4411', 'avi.shkef']",5,"['ronbd2', 'hilayi15691', 'guyod1', 'lior', 'avielkeshet123']",4,"['michal.balberg', 'niks10', 'amitsh', 'talhaim11']",16,"['lshliom79', 'lihigold67', 'k.sem1996', 'orelhuta', 'michal.balberg', 'guyod1', 'lior', 'vano4411', 'avielkeshet123', 'talhaim11', 'nadavgvili22', 'hilayi15691', 'ronbd2', 'niks10', 'avi.shkef', 'amitsh']"
112,172,12,13,1,['reimaximo'],11,"['jmrondinelli', 'asb5032', 'njm7663', 'jad1842', 'dmd7352', 'gracex', 'ymore98', 'zacharyvexler2022', 'aja5269', 'shc1518', 'gyt1099']",12,"['kevans', 'sarahforman', 'rylanndoering', 'tylerkiyonaga', 'mackinleylove', 'diplatmech', 'eddie.lam155', 'ty.sebastian', 'smirti.pokhrel', 'justin308', 'jacksonuhryn1', 'cpatski']",24,"['sarahforman', 'jmrondinelli', 'asb5032', 'diplatmech', 'jad1842', 'eddie.lam155', 'ty.sebastian', 'dmd7352', 'cpatski', 'gyt1099', 'reimaximo', 'kevans', 'rylanndoering', 'tylerkiyonaga', 'mackinleylove', 'njm7663', 'smirti.pokhrel', 'justin308', 'gracex', 'jacksonuhryn1', 'ymore98', 'zacharyvexler2022', 'aja5269', 'shc1518']"
112,138,12,10,10,"['jmrondinelli', 'asb5032', 'njm7663', 'jad1842', 'dmd7352', 'gracex', 'ymore98', 'aja5269', 'shc1518', 'gyt1099']",2,"['zacharyvexler2022', 'reimaximo']",0,[],12,"['jmrondinelli', 'asb5032', 'jad1842', 'dmd7352', 'gyt1099', 'reimaximo', 'njm7663', 'gracex', 'ymore98', 'zacharyvexler2022', 'aja5269', 'shc1518']"
113,195,12,8,8,"['nenright', 'lautman', 'ck2514', 'madrose', 'nj233', 'kzbioe209', 'taylor17', 'kariascaria']",4,"['eajertoh3', 'markl21', 'jdweiss', 'noahf']",0,[],12,"['nenright', 'eajertoh3', 'markl21', 'ck2514', 'madrose', 'lautman', 'kzbioe209', 'noahf', 'nj233', 'jdweiss', 'taylor17', 'kariascaria']"
114,275,12,7,7,"['ljr87', 'aa846', 'jna39', 'mt779', 'bem76', 'ml2328', 'gef45']",5,"['wqx', 'cef93', 'rhy27', 'aaron.johnstonpeck', 'cml66']",0,[],12,"['wqx', 'ljr87', 'jna39', 'cef93', 'mt779', 'rhy27', 'bem76', 'ml2328', 'aaron.johnstonpeck', 'cml66', 'gef45', 'aa846']"
116,168,12,35,1,['swapnali'],11,"['dnjsdnjs0219', 'jwooch7', 'onegg99', 'dlghgus020', 'newmeteor', 'gee04143', 'sookim.kr', 'dawnclass16', 'ekfrhkd1708', 'midoco', 'younseungju']",34,"['8463maitreya', 'yashkane', '7903ambika', '8275joel', 'swaruptsaju', 'bhagatmounita13', 'avidrishik', '8262sakshi', 'crce.8250.elec', 'crce.7866.elec', 'sebastian123', 'swapnalimakdey25', 'omkarshirsat5143', '7611ashishyadav', 'crce.8457.elec', '8455shloka', 'crce.8254.elec', 'jeetsumanto123', 'leoncastelino', '8122vivian', 'aishwaryaparulekar1', 'crce.8300.elec', 'rocketman99.sc', '8082aniket', 'crce.8279.elec', 'jui', '8268ashley', 'scriptujeyarajan', 'omn', 'temulkaraarti8', 'lokeshg109', 'anjana2444', 'crce.8255.elec', '8305anmol']",46,"['dnjsdnjs0219', '8463maitreya', 'yashkane', 'gee04143', '7903ambika', '8275joel', 'swaruptsaju', 'bhagatmounita13', 'sookim.kr', 'ekfrhkd1708', 'avidrishik', '8262sakshi', 'midoco', 'younseungju', 'crce.8250.elec', 'jwooch7', 'crce.7866.elec', 'sebastian123', 'dlghgus020', 'swapnalimakdey25', 'omkarshirsat5143', '7611ashishyadav', 'crce.8457.elec', 'dawnclass16', '8455shloka', 'crce.8254.elec', 'swapnali', 'jeetsumanto123', 'leoncastelino', '8122vivian', 'newmeteor', 'aishwaryaparulekar1', 'crce.8300.elec', 'rocketman99.sc', '8082aniket', 'crce.8279.elec', 'jui', 'onegg99', '8268ashley', 'scriptujeyarajan', 'omn', 'temulkaraarti8', 'lokeshg109', 'anjana2444', 'crce.8255.elec', '8305anmol']"
116,170,12,10,10,"['dnjsdnjs0219', 'jwooch7', 'onegg99', 'dlghgus020', 'gee04143', 'dawnclass16', 'sookim.kr', 'ekfrhkd1708', 'midoco', 'younseungju']",2,"['newmeteor', 'swapnali']",0,[],12,"['dnjsdnjs0219', 'newmeteor', 'gee04143', 'sookim.kr', 'ekfrhkd1708', 'midoco', 'younseungju', 'onegg99', 'jwooch7', 'dlghgus020', 'dawnclass16', 'swapnali']"
118,96,11,8,3,"['rpitfootsteps', 'btech19eskec009', 'pratieekksingh05']",8,"['riyajain21082000', 'as0081', 'parul67506jain', 'btech19eskec056', 'gansh7121', 'mail2ankur22', 'malikakhandelwal03', 'kunalv2746']",5,"['manishabalani2001', 'jackrayn48', 'hardiktyagi007', 'kumarisidhi24', 'rahul.ec.29']",16,"['riyajain21082000', 'as0081', 'btech19eskec009', 'btech19eskec056', 'gansh7121', 'malikakhandelwal03', 'kumarisidhi24', 'rpitfootsteps', 'rahul.ec.29', 'manishabalani2001', 'parul67506jain', 'mail2ankur22', 'jackrayn48', 'hardiktyagi007', 'kunalv2746', 'pratieekksingh05']"
119,178,11,11,10,"['caro.vargasz97', 'adrianacorderoretana', 'dayana.acuna1996', 'pamequesada1216', 'abxelvc', 'ainhoacalvo21', 'jquirosn044', 'smadrigalb247', 'kristelsolera', 'lf1810camacho']",1,['nikjo504'],1,['carla.gomezquiros'],12,"['caro.vargasz97', 'abxelvc', 'jquirosn044', 'smadrigalb247', 'kristelsolera', 'nikjo504', 'adrianacorderoretana', 'dayana.acuna1996', 'pamequesada1216', 'ainhoacalvo21', 'carla.gomezquiros', 'lf1810camacho']"
120,156,11,6,3,"['srinandhini', 'kcharankumark143', 'sathikrishnas18']",8,"['thummalakarthikeyani19', 'varanasivnr', 'mathyamrajesha18', 'saicharithguturu9494', 'ssuryaa18', 'ummitivyshnavi', 'vangapoojitha2001', 'sannithir18']",3,"['adarshrag', 'mohanchokkalingam', 'krupadanamrock98']",14,"['mohanchokkalingam', 'sathikrishnas18', 'kcharankumark143', 'krupadanamrock98', 'thummalakarthikeyani19', 'adarshrag', 'srinandhini', 'varanasivnr', 'mathyamrajesha18', 'saicharithguturu9494', 'ssuryaa18', 'ummitivyshnavi', 'vangapoojitha2001', 'sannithir18']"
121,167,11,9,6,"['jbucknor', 'whiteh15', 'astruckj', 'hynesm', 'lstepbac', 'sande117']",5,"['rtangdan', 'akotanga', 'render', 'lthreet', 'lpmarcos']",3,"['gentry9', 'quezadab', 'ckrest']",14,"['lpmarcos', 'jbucknor', 'ckrest', 'whiteh15', 'hynesm', 'sande117', 'gentry9', 'quezadab', 'rtangdan', 'akotanga', 'render', 'astruckj', 'lstepbac', 'lthreet']"
124,176,11,7,5,"['monika2001', 'ryteliu', 'zero1112002', 'mustafacannacak55', 'just_krut']",6,"['julcep', 'vdaugintis9', 'jokubask', 'augmantas', 'skaiste', 'mantassabaliauskas22']",2,"['krisseskausk', 'dominykasspammail']",13,"['dominykasspammail', 'julcep', 'vdaugintis9', 'monika2001', 'jokubask', 'just_krut', 'ryteliu', 'zero1112002', 'mustafacannacak55', 'augmantas', 'skaiste', 'krisseskausk', 'mantassabaliauskas22']"
125,57,11,11,4,"['rchang8', 'spicard2', 'lajack15', 'mjwood2']",7,"['mgatewo1', 'aksklar', 'llauw', 'vdelpont', 'galope17', 'jrami112', 'slyoun14']",7,"['mtyarter', 'tdsmit37', 'gsamuel1', 'ramybabagha', 'awsmit21', 'smday2', 'jgshaffe']",18,"['spicard2', 'lajack15', 'ramybabagha', 'awsmit21', 'smday2', 'galope17', 'jrami112', 'slyoun14', 'mjwood2', 'jgshaffe', 'rchang8', 'mgatewo1', 'mtyarter', 'tdsmit37', 'aksklar', 'vdelpont', 'llauw', 'gsamuel1']"
125,38,11,5,3,"['spicard2', 'lajack15', 'mjwood2']",8,"['rchang8', 'mgatewo1', 'aksklar', 'llauw', 'vdelpont', 'galope17', 'jrami112', 'slyoun14']",2,"['tdsmit37', 'jgshaffe']",13,"['rchang8', 'mgatewo1', 'spicard2', 'tdsmit37', 'jgshaffe', 'aksklar', 'vdelpont', 'lajack15', 'llauw', 'galope17', 'jrami112', 'slyoun14', 'mjwood2']"
126,21,11,10,9,"['baseteamfans', 'w2698919274', 'zihuijin', 'kafka2339', 'andreasch95', 'chizhang', 'imdad', 'chloi', 'david.correatski']",2,"['virinchixd', 'haiqinxie98']",1,['gunta72'],12,"['gunta72', 'virinchixd', 'andreasch95', 'chizhang', 'david.correatski', 'baseteamfans', 'w2698919274', 'zihuijin', 'kafka2339', 'haiqinxie98', 'imdad', 'chloi']"
127,158,11,8,7,"['smousav1', 'soni1', 'praveen210', 'hzhan141', 'aelhada1', 'zraymond', 'jzorcik1']",4,"['srichte3', 'jlucian3', 'ytian30', 'lconnor2']",1,['mlanders'],12,"['soni1', 'praveen210', 'jlucian3', 'hzhan141', 'aelhada1', 'lconnor2', 'zraymond', 'jzorcik1', 'mlanders', 'ytian30', 'srichte3', 'smousav1']"
128,249,11,8,7,"['muhammaduh1997', 'mansoorahmad156', 'zaman', 'moazzamee16', 'ahmadrizvi', 'iqra_kiran', 'ab.irfan5']",4,"['kashifbhatti388', 'rajahaiderali290', 'huzaifasuri', 'raoabrar199802']",1,['nbutt'],12,"['mansoorahmad156', 'zaman', 'iqra_kiran', 'huzaifasuri', 'rajahaiderali290', 'nbutt', 'muhammaduh1997', 'moazzamee16', 'raoabrar199802', 'ahmadrizvi', 'ab.irfan5', 'kashifbhatti388']"
134,3,10,7,7,"['bhuvanachandra26', 'gnanak9', 'mayaluru1999', 'chakradhar1', 'reddyharshavardhan24', 'shivashiva7264', '8309642056sagar']",3,"['rahulmg.ec17', 'pmi2017002', 'z.wei']",0,[],10,"['bhuvanachandra26', 'rahulmg.ec17', 'gnanak9', 'mayaluru1999', 'chakradhar1', 'pmi2017002', 'reddyharshavardhan24', 'z.wei', 'shivashiva7264', '8309642056sagar']"
134,152,10,6,1,['z.wei'],9,"['bhuvanachandra26', 'rahulmg.ec17', 'gnanak9', 'mayaluru1999', 'chakradhar1', 'pmi2017002', 'reddyharshavardhan24', 'shivashiva7264', '8309642056sagar']",5,"['sayeem1818', 'zixianchew', 'shunzhilok', 'nabilhaziq', 'zh18']",15,"['bhuvanachandra26', 'sayeem1818', 'zixianchew', 'shunzhilok', 'rahulmg.ec17', 'gnanak9', 'nabilhaziq', 'mayaluru1999', 'chakradhar1', 'pmi2017002', 'reddyharshavardhan24', 'z.wei', 'shivashiva7264', 'zh18', '8309642056sagar']"
136,256,10,6,5,"['elo83.robert', 'fromontmaelle', 'rivardje', 'caip2501', 'andre.jacques']",5,"['m.puchot', 'vasanth.krishna.16', 'nml24', 'deltaspace', 'muscato19']",1,['mouny_pi'],11,"['elo83.robert', 'm.puchot', 'vasanth.krishna.16', 'fromontmaelle', 'nml24', 'rivardje', 'deltaspace', 'caip2501', 'muscato19', 'andre.jacques', 'mouny_pi']"
138,80,10,11,7,"['eobregon', 'erikgren', 'klacey23', 'matodunn', 'abisram', 'maxwellb', 'delaneymcl_2']",3,"['nick1707', 'macharyaua', 'jorgel17']",4,"['shewlett', 'nateserc', 'lbw', 'cnianne']",14,"['eobregon', 'jorgel17', 'matodunn', 'cnianne', 'delaneymcl_2', 'shewlett', 'nateserc', 'lbw', 'erikgren', 'klacey23', 'abisram', 'macharyaua', 'maxwellb', 'nick1707']"
139,221,9,283,1,['lewisgf20'],8,"['hammir16', 'ivans', 'kramervc07', 'kienbaumjj30', 'savchukol20', 'grafap24', 'yavuzceo', 'emanuele.turbanti']",282,"['wdeaweqwdas', 'moshelem', 'kaynegalie', 'mos_noob', 'eminasuljic', 'mangabera10', 'jbonez411', 'wys142', 'sabe425', 'chrixang18', 'xiaokaizhong99', 'vincentdoucet22', 'sholliday643', 'danielclapp99', 'ulusoy2006', 'sabolton', 'ts992', 'drogalski', 'lokesht123', 'mrgiraffe', 'smontero', 'oktayhalitekinay', 'asdksnfksfkmd', 'liqizhou', 'johndoe2341341243', 'anxooo', 'reuben90', 'alexander.lee', 'justiejoseph', 'j176601', 'mtakcali', 'fedele.penna', 'nickm', 'octoman1080x', 'semmi.spado00', 'j218711', 'madisonmiller', 'sungjooncho', 'choudh23', 'nanobeam', 'v257028', 'jschewinsky', 'haren22', 'ervndgn59', 'cninja99', 'lkipfer', 'anapv177', 'cancetinkaya1201', 'julianawallgren', 'burnett.william', 'bmirzapouebe', 'ftah', 'jaycwilson23', 'kodurur', 'pmcnutt2', 'murattdo', 'emani', 'ainhoaab', 'marcantoineduval', 'davidr27', 'mrbunnyman', 'sebrobarts', 'emreyilmazel1996', 'maxguipil', 'd33r00', 'u1250344', 'caseyamick', 'yesimcakmakc', 'tomasx', 'nuriamjusc', 'sbentz', 'halilibrahimtiken', 'omarloay99', 'abaringer', 'yorkiiii', 'mstff.1clkk', 'kaiseale', 'longstreetjacob', 'chastintruelove', 'l201843', 'johnganiban', 'sd226', 'andrew217usmc', 'phhuang', 'fpincock', 'jdgerling', 'lerner', 'ncm0007', 'thboth', 'olivier35', 'saradiazr', 'ege.ert7', 'elena.gnani', 'ol_ac', 'lorenzoholguin12', 'maxiasensio', 'olga.casals', 'fafrin2', 'hjlim9612', 'elel30182', 'rossop', 'sqlim94', 'tserenkhand', 'cibranlpz', 'jason.earl', 'c195673', 'jhahn95', 'jsathanand', 'i.lutticken', 'sungjoon.cho97', 'rakaiit', 'avivlavan', 'psuzhouy', 'grantmorris656', 'jrobinson5', 'andresaraiva', 'man6787', 'blane', 'mtynski', 'cacuy', 'joejfranzo', 'm203442', 'kianamon', 'berrospidavid7', 'nsh0004', 'a194117', 'ana23', 'jequito', 'sarah.youssef', 'hlong262', 'burak9836', 'terje', 'plaggeme', 'u0916393', 'rosadourada9', 'nicoladegiuseppe19', 'lpentzke', 'fatanehjenabi', 'trivellin', 'cheeseybacon', 'iuri', 'heatherleaf', 'anujgarg939', 'roiaso', 'lobsterben13', 'rajsingh', 'testeremre70', 'arianebarreto', 'amrita_lovelace', 'ogu0001', 'arno.yu610168', 'joshuabush', 'sebasmarquez90', 'charles.dambra', 'poorar21', 'jeption2025', 'dongmingli', 'cbandel', 'nguyendaniel', 'clizarazo', 'aaroncoonu', 'briann', 'pkj71794g', 'gabriel.pzanoni', 'ee17resch11016', 'kayleneechong', 'evakolmel', 'zepfan026', 'ronitronit119', 'mmei', 'npatta.1986', 'kellen.wise', 'martin.mg98.10', 'kst48', 'annikadasher', '8223freret', 'ge.6cg7', 'krusso448', 'lctasende3', 'asif0047', 'retrewtewrt', 'fabio.aragao.santos', 'uuganbayaro', 'wingitalways', 'mahnoor.syed29', 'matthew.jones98', 'costasdiego97', 'kyenyarkolemuel', 'nbhat0792', 'ethan.caballero', 'cactusnoh', 'hcha71', 'miguelcb', 'mariapl200896', 'arif.ozkan5806', 'fredysanchez2', 'jako91', 'magnoliajasper', 'gazerlo', 'josemanuel3', 'durgaprasadkhatri2011', 'pw8', 'jack522577', 's16c028b', 'hrhlauraa', 'daddysexual', 'damianonetto', 'zse0147', 'mrtmert98', 'kmerino', 'lenoirr', 'd093641', 'newele', 'amandabrum', 'xiaoyuzhang', 'jake.m.hall876', 'deguirejasmin', 'k.hildenbrand', 'mollykole', 'felipemachado', 'raul292', 'paezjuanagustin47', 'santosalexis1817', 'cdutreil', 'aingles', 'm241617', 'aldanafloyd', 'maria.irausquin', 'alirose12', 'hjp44', 'aaronrivasterron', 'thomasspradley', 'vritota', 'nmorgan1', 'nfranzoni', 'santox2000', 'jef325', 'alexdallee17', 'garciacarrillojudith', 'yyerim', 'tg2016', 'u6007941', 'susannareggiani', 'r207733', 'enhjinhanabi', 't224622', 'cameronframpton', 'aravindh', 'syoonhan', 'eschruba', 'jeus63', 'jsanmartin1', 'anshshah2011', 'borja.bayon', 'ashishchr', 'sandip83', 'huseyinu', 'leeluanling123', 'pspiotrowicz1', 'tudimubunmi', 'philippeblaise', 'panellink1', 'also0714', 'hj980217', 'f215766', 'rynk.john', 'ogandocortes', 'martinotero', 'stiml1144', 'dicef', 'jimenezph', 'cartermchris1', 'u1089358', 'julianyordano', 'guillermo99', 's16c045b', 'dolaydemirel', 'theurgeboat', 'baqer', 'spazos7', 'rylandkate', 'hamastahir19']",291,"['wdeaweqwdas', 'moshelem', 'kaynegalie', 'mos_noob', 'eminasuljic', 'mangabera10', 'jbonez411', 'wys142', 'sabe425', 'chrixang18', 'xiaokaizhong99', 'vincentdoucet22', 'sholliday643', 'danielclapp99', 'ulusoy2006', 'sabolton', 'ts992', 'drogalski', 'lokesht123', 'mrgiraffe', 'smontero', 'oktayhalitekinay', 'asdksnfksfkmd', 'liqizhou', 'johndoe2341341243', 'anxooo', 'reuben90', 'alexander.lee', 'justiejoseph', 'j176601', 'mtakcali', 'fedele.penna', 'nickm', 'octoman1080x', 'semmi.spado00', 'j218711', 'madisonmiller', 'sungjooncho', 'choudh23', 'nanobeam', 'v257028', 'jschewinsky', 'haren22', 'ervndgn59', 'hammir16', 'cninja99', 'lkipfer', 'anapv177', 'cancetinkaya1201', 'julianawallgren', 'lewisgf20', 'burnett.william', 'bmirzapouebe', 'ftah', 'jaycwilson23', 'kramervc07', 'kodurur', 'pmcnutt2', 'murattdo', 'emani', 'ainhoaab', 'marcantoineduval', 'davidr27', 'mrbunnyman', 'sebrobarts', 'emreyilmazel1996', 'maxguipil', 'd33r00', 'u1250344', 'caseyamick', 'yesimcakmakc', 'emanuele.turbanti', 'tomasx', 'nuriamjusc', 'sbentz', 'halilibrahimtiken', 'omarloay99', 'abaringer', 'yorkiiii', 'mstff.1clkk', 'kaiseale', 'longstreetjacob', 'chastintruelove', 'l201843', 'johnganiban', 'sd226', 'andrew217usmc', 'phhuang', 'fpincock', 'jdgerling', 'lerner', 'ncm0007', 'thboth', 'olivier35', 'saradiazr', 'ege.ert7', 'elena.gnani', 'ol_ac', 'lorenzoholguin12', 'maxiasensio', 'olga.casals', 'fafrin2', 'hjlim9612', 'elel30182', 'rossop', 'sqlim94', 'tserenkhand', 'cibranlpz', 'jason.earl', 'c195673', 'ivans', 'jhahn95', 'jsathanand', 'i.lutticken', 'sungjoon.cho97', 'rakaiit', 'avivlavan', 'psuzhouy', 'grantmorris656', 'jrobinson5', 'andresaraiva', 'man6787', 'blane', 'mtynski', 'cacuy', 'joejfranzo', 'm203442', 'kianamon', 'berrospidavid7', 'nsh0004', 'grafap24', 'a194117', 'ana23', 'jequito', 'sarah.youssef', 'hlong262', 'burak9836', 'terje', 'plaggeme', 'u0916393', 'rosadourada9', 'nicoladegiuseppe19', 'lpentzke', 'fatanehjenabi', 'trivellin', 'cheeseybacon', 'iuri', 'heatherleaf', 'anujgarg939', 'roiaso', 'lobsterben13', 'rajsingh', 'testeremre70', 'arianebarreto', 'amrita_lovelace', 'ogu0001', 'arno.yu610168', 'joshuabush', 'sebasmarquez90', 'charles.dambra', 'poorar21', 'jeption2025', 'dongmingli', 'cbandel', 'nguyendaniel', 'clizarazo', 'aaroncoonu', 'briann', 'pkj71794g', 'gabriel.pzanoni', 'ee17resch11016', 'kayleneechong', 'evakolmel', 'zepfan026', 'ronitronit119', 'mmei', 'npatta.1986', 'kellen.wise', 'martin.mg98.10', 'kst48', 'annikadasher', '8223freret', 'ge.6cg7', 'krusso448', 'lctasende3', 'asif0047', 'retrewtewrt', 'fabio.aragao.santos', 'uuganbayaro', 'wingitalways', 'mahnoor.syed29', 'matthew.jones98', 'costasdiego97', 'kyenyarkolemuel', 'yavuzceo', 'nbhat0792', 'ethan.caballero', 'cactusnoh', 'hcha71', 'miguelcb', 'mariapl200896', 'arif.ozkan5806', 'fredysanchez2', 'jako91', 'magnoliajasper', 'gazerlo', 'josemanuel3', 'durgaprasadkhatri2011', 'pw8', 'jack522577', 's16c028b', 'hrhlauraa', 'daddysexual', 'damianonetto', 'zse0147', 'mrtmert98', 'kmerino', 'lenoirr', 'd093641', 'newele', 'amandabrum', 'xiaoyuzhang', 'jake.m.hall876', 'deguirejasmin', 'k.hildenbrand', 'mollykole', 'felipemachado', 'raul292', 'paezjuanagustin47', 'santosalexis1817', 'cdutreil', 'aingles', 'm241617', 'aldanafloyd', 'maria.irausquin', 'alirose12', 'hjp44', 'aaronrivasterron', 'kienbaumjj30', 'thomasspradley', 'vritota', 'nmorgan1', 'nfranzoni', 'santox2000', 'jef325', 'alexdallee17', 'garciacarrillojudith', 'savchukol20', 'yyerim', 'tg2016', 'u6007941', 'susannareggiani', 'r207733', 'enhjinhanabi', 't224622', 'cameronframpton', 'aravindh', 'syoonhan', 'eschruba', 'jeus63', 'jsanmartin1', 'anshshah2011', 'borja.bayon', 'ashishchr', 'sandip83', 'huseyinu', 'leeluanling123', 'pspiotrowicz1', 'tudimubunmi', 'philippeblaise', 'panellink1', 'also0714', 'hj980217', 'f215766', 'rynk.john', 'ogandocortes', 'martinotero', 'stiml1144', 'dicef', 'jimenezph', 'cartermchris1', 'u1089358', 'julianyordano', 'guillermo99', 's16c045b', 'dolaydemirel', 'theurgeboat', 'baqer', 'spazos7', 'rylandkate', 'hamastahir19']"
139,219,9,33,8,"['hammir16', 'ivans', 'kramervc07', 'kienbaumjj30', 'lewisgf20', 'savchukol20', 'grafap24', 'yavuzceo']",1,['emanuele.turbanti'],25,"['wkloppen', 'jmendez100', 'ktuzinowski', 'brrmatteo', '2stranger', 'biagiocap95', 'martinolorenzini', 'turban.', 'jgarcia141', 'breddy4', 'rflores46', 'nsh0004', 'aildefonso3', 'raanapooshimin', 'damoldov', 'hjgogoi24', 'jacoponicolini', 'guofu', 'recaro13', 'rollagrad2012', 'darhodes', 'maxguipil', 'roydouek', 'jackmings1', 'vtagare2']",34,"['wkloppen', 'ivans', 'jmendez100', 'ktuzinowski', 'brrmatteo', '2stranger', 'biagiocap95', 'martinolorenzini', 'turban.', 'jgarcia141', 'hammir16', 'breddy4', 'rflores46', 'nsh0004', 'lewisgf20', 'grafap24', 'aildefonso3', 'raanapooshimin', 'damoldov', 'hjgogoi24', 'kramervc07', 'jacoponicolini', 'kienbaumjj30', 'guofu', 'recaro13', 'rollagrad2012', 'darhodes', 'maxguipil', 'savchukol20', 'roydouek', 'jackmings1', 'yavuzceo', 'emanuele.turbanti', 'vtagare2']"
139,201,9,6,6,"['kramervc07', 'kienbaumjj30', 'savchukol20', 'lewisgf20', 'grafap24', 'yavuzceo']",3,"['hammir16', 'ivans', 'emanuele.turbanti']",0,[],9,"['hammir16', 'ivans', 'kramervc07', 'kienbaumjj30', 'lewisgf20', 'savchukol20', 'grafap24', 'yavuzceo', 'emanuele.turbanti']"
140,198,9,11,5,"['bhaskar.vankala.bv', 'vishal001', 'omkar1999', 'aakanksharozekar', 'coochiemuncher']",4,"['saurabhnaikodi', 'shradhaj', 'priyankawani', 'vinkitajm']",6,"['shivambutere', 'adishetty9988', 'devashreedas', 'hrishikesh.gawas99', 'swaminiaher', 'pratikgodbole']",15,"['adishetty9988', 'hrishikesh.gawas99', 'vinkitajm', 'saurabhnaikodi', 'priyankawani', 'pratikgodbole', 'shradhaj', 'bhaskar.vankala.bv', 'shivambutere', 'vishal001', 'devashreedas', 'omkar1999', 'aakanksharozekar', 'coochiemuncher', 'swaminiaher']"
141,32,9,10,7,"['daskng', 'bgkd5d', 'sjw72z', 'mrmichaels', 'tjsnmh', 'cdpdqf', 'rdbbhc']",2,"['rwbdn9', 'icmwx2']",3,"['jabg3c', 'jjfxcm', 'ks29c']",12,"['jabg3c', 'bgkd5d', 'mrmichaels', 'tjsnmh', 'cdpdqf', 'icmwx2', 'rwbdn9', 'daskng', 'jjfxcm', 'ks29c', 'sjw72z', 'rdbbhc']"
143,4,9,13,6,"['bassam', 'amy', 'ashraf_mohamed', 'zazotop31', 'abdoelanwar99', 'abdelrahman98']",3,"['b515037', 'nmurugan', 'ayushisharma1081']",7,"['salmasameh980', 'youssefsamiryoussef', 'gengergogo', 'saraibrahim', 'samaar.said', 'mubaraktharwat', 'havocvictor20']",16,"['bassam', 'ayushisharma1081', 'amy', 'abdoelanwar99', 'zazotop31', 'saraibrahim', 'samaar.said', 'b515037', 'salmasameh980', 'youssefsamiryoussef', 'ashraf_mohamed', 'nmurugan', 'abdelrahman98', 'gengergogo', 'mubaraktharwat', 'havocvictor20']"
145,94,9,7,7,"['dchambers0019', 'masonch32', 'tonytchou08', 'jh13585', 'danflan21', 'adesinajoseph14', 'kdavis21']",2,"['adnamusic99', 'macey.ludolph']",0,[],9,"['dchambers0019', 'masonch32', 'jh13585', 'macey.ludolph', 'tonytchou08', 'danflan21', 'adesinajoseph14', 'adnamusic99', 'kdavis21']"
146,29,9,7,5,"['k2m', 'woshihuanmouren', 'phq', 'zhangning123', 'guoxinyan7']",4,"['njzy', 'zahng6', 'gyr', 'f1909330022']",2,"['bin08', 'yq1252273029']",11,"['zahng6', 'k2m', 'njzy', 'f1909330022', 'phq', 'woshihuanmouren', 'zhangning123', 'yq1252273029', 'gyr', 'guoxinyan7', 'bin08']"
148,188,9,26,7,"['sumnimalimbu', 'cjh1903934', 'ammazshabbir77', 'jafd', 'samimab', 'jackjohnston165', 'raffbowler17']",2,"['willdavies12', 'jackt2000']",19,"['joebray1232', 'abachsh', 'annacatton', 'fmartinmartinez', 'geogibbs2000', 'jirka5599', 'j983612', 'tiaansell', 'nicholasrady', 'murdob99', 'ellie30122000', 'messham.peter01', 'ddug', 'stejam130', 'cormican.cerys', 'haggisface2000', 'stevenren0911', 'rlilley', 'arcticvenom']",28,"['sumnimalimbu', 'joebray1232', 'annacatton', 'abachsh', 'fmartinmartinez', 'geogibbs2000', 'cjh1903934', 'jirka5599', 'ammazshabbir77', 'samimab', 'jafd', 'j983612', 'tiaansell', 'willdavies12', 'nicholasrady', 'murdob99', 'ellie30122000', 'messham.peter01', 'ddug', 'stejam130', 'cormican.cerys', 'jackjohnston165', 'haggisface2000', 'stevenren0911', 'jackt2000', 'rlilley', 'arcticvenom', 'raffbowler17']"
150,253,9,7,5,"['tabanto', 'guillermocam', 'pedrogea08', 'aloptor97', 'simbon98']",4,"['ek', 'mpbland', 'bennoymer', 'wanghao95']",2,"['fmgomez', 'nanodark']",11,"['tabanto', 'ek', 'mpbland', 'bennoymer', 'wanghao95', 'pedrogea08', 'guillermocam', 'fmgomez', 'nanodark', 'aloptor97', 'simbon98']"
152,219,9,33,5,"['damoldov', 'recaro13', '2stranger', 'roydouek', 'vtagare2']",4,"['nslee', 'grleon', 'krishankumarchauhan.microuiet', 'rakaindl']",28,"['wkloppen', 'jmendez100', 'ivans', 'ktuzinowski', 'brrmatteo', 'biagiocap95', 'martinolorenzini', 'turban.', 'jgarcia141', 'hammir16', 'breddy4', 'rflores46', 'nsh0004', 'lewisgf20', 'grafap24', 'aildefonso3', 'raanapooshimin', 'hjgogoi24', 'kramervc07', 'jacoponicolini', 'kienbaumjj30', 'guofu', 'rollagrad2012', 'darhodes', 'maxguipil', 'savchukol20', 'jackmings1', 'yavuzceo']",37,"['wkloppen', 'jmendez100', 'ivans', 'ktuzinowski', 'brrmatteo', '2stranger', 'biagiocap95', 'martinolorenzini', 'turban.', 'jgarcia141', 'hammir16', 'breddy4', 'rflores46', 'grleon', 'nsh0004', 'lewisgf20', 'grafap24', 'nslee', 'aildefonso3', 'rakaindl', 'raanapooshimin', 'damoldov', 'hjgogoi24', 'kramervc07', 'jacoponicolini', 'kienbaumjj30', 'krishankumarchauhan.microuiet', 'guofu', 'recaro13', 'rollagrad2012', 'darhodes', 'maxguipil', 'savchukol20', 'roydouek', 'jackmings1', 'yavuzceo', 'vtagare2']"
153,270,9,16,1,['sotiristoulio'],8,"['ioadi2410', 'georgios.boul', 'mariegaitanidou', 'eirinikallimani1394', 'lagger.cyril', 'georgopouloupm', 'cavid', 'saragjolena23']",15,"['kleterpos', 'konstantinakaramitsou02', 'basiliskontos12', 'mair_bot', 'adamantia.koulouri', 'anastasia.a.mavrogianni', 'thsachlas', 'tassosgr2002', 'manosxfn', 'konstantinos.kons', 'sofiastefania123', 'phrap38', 'chrysoulamichou', 'athinak1112', 'mpourlakis.b.dimitris']",24,"['mair_bot', 'ioadi2410', 'eirinikallimani1394', 'adamantia.koulouri', 'cavid', 'anastasia.a.mavrogianni', 'saragjolena23', 'mpourlakis.b.dimitris', 'kleterpos', 'konstantinakaramitsou02', 'basiliskontos12', 'georgios.boul', 'mariegaitanidou', 'lagger.cyril', 'thsachlas', 'georgopouloupm', 'sotiristoulio', 'tassosgr2002', 'manosxfn', 'konstantinos.kons', 'sofiastefania123', 'phrap38', 'chrysoulamichou', 'athinak1112']"
154,187,8,6,5,"['xuze1932', 'etra4748', 'sasc8473', 'dish1498', 'sota2668']",3,"['chco7711', 'duho3293', 'camo7516']",1,['sesh9366'],9,"['xuze1932', 'chco7711', 'etra4748', 'sesh9366', 'sasc8473', 'duho3293', 'camo7516', 'dish1498', 'sota2668']"
159,184,8,6,4,"['baykal', 'oooooxygenhsin', 'llk199628', 'verapan']",4,"['njuwxz123', 'cevatron', 'lzs_feyn', 'apn2108']",2,"['lrhustc', 'baochendi']",10,"['oooooxygenhsin', 'baochendi', 'lzs_feyn', 'lrhustc', 'verapan', 'njuwxz123', 'cevatron', 'apn2108', 'llk199628', 'baykal']"
160,188,8,26,6,"['ellie30122000', 'messham.peter01', 'stejam130', 'jirka5599', 'cormican.cerys', 'abachsh']",2,"['perobach', 'imamhali786']",20,"['sumnimalimbu', 'joebray1232', 'annacatton', 'fmartinmartinez', 'geogibbs2000', 'cjh1903934', 'ammazshabbir77', 'jafd', 'samimab', 'j983612', 'tiaansell', 'nicholasrady', 'murdob99', 'ddug', 'jackjohnston165', 'haggisface2000', 'stevenren0911', 'rlilley', 'arcticvenom', 'raffbowler17']",28,"['sumnimalimbu', 'joebray1232', 'abachsh', 'annacatton', 'fmartinmartinez', 'geogibbs2000', 'jirka5599', 'cjh1903934', 'ammazshabbir77', 'samimab', 'jafd', 'j983612', 'tiaansell', 'raffbowler17', 'imamhali786', 'nicholasrady', 'murdob99', 'ellie30122000', 'messham.peter01', 'stejam130', 'ddug', 'cormican.cerys', 'jackjohnston165', 'haggisface2000', 'stevenren0911', 'rlilley', 'arcticvenom', 'perobach']"
160,61,8,11,4,"['abachsh', 'messham.peter01', 'stejam130', 'jirka5599']",4,"['cormican.cerys', 'ellie30122000', 'imamhali786', 'perobach']",7,"['geogibbs2000', 'murdob99', 'ddug', 'rlilley', 'j983612', 'arcticvenom', 'annacatton']",15,"['imamhali786', 'murdob99', 'ellie30122000', 'messham.peter01', 'stejam130', 'ddug', 'cormican.cerys', 'abachsh', 'annacatton', 'geogibbs2000', 'jirka5599', 'rlilley', 'arcticvenom', 'j983612', 'perobach']"
170,71,7,33,4,"['liriyanyan', 'dlincoln', 'charlie0513', 'geert']",3,"['guschwar', 'mcdowelle', 'sbaird9']",29,"['dolp', 'altantsooj', 'meiiqitang', 'aymar', 'lillianchiu', 'j.manlai0411', 'aravindh', 'smit4225', 'waldropj24', 'turnera14', 'adiya.enhadiya', 'uozgur', 'huan1318', 'heath.wells.esq', 'aingles', 'jwarnky', 'everaste', 'dietzelcc', 'kalilio', 'g.k41541g', 'vallejora', 'mhanvey', 'marco.apolinario.l', 'btmn5698', 'chnbtgaldanmgc', 'munkhbayar518', 'uuganbayaro', 'bburgilmaa1202', 'glenhwalters']",36,"['dolp', 'altantsooj', 'meiiqitang', 'aymar', 'lillianchiu', 'j.manlai0411', 'aravindh', 'smit4225', 'waldropj24', 'turnera14', 'adiya.enhadiya', 'uozgur', 'bburgilmaa1202', 'huan1318', 'heath.wells.esq', 'aingles', 'jwarnky', 'everaste', 'dietzelcc', 'kalilio', 'g.k41541g', 'vallejora', 'mcdowelle', 'guschwar', 'mhanvey', 'marco.apolinario.l', 'btmn5698', 'sbaird9', 'chnbtgaldanmgc', 'geert', 'dlincoln', 'munkhbayar518', 'uuganbayaro', 'liriyanyan', 'charlie0513', 'glenhwalters']"
171,139,7,8,7,"['diya.shah', 'desai.misha', 'rcc221', 'hanningy', 'asevak25', 'priyamancheril1', 'knutas26']",0,[],1,['mer317'],8,"['mer317', 'diya.shah', 'desai.misha', 'rcc221', 'hanningy', 'asevak25', 'priyamancheril1', 'knutas26']"
173,46,7,6,4,"['h20200181', 'ramaraju.34.apt', 'noelr', 'kirannevaskar']",3,"['shivam.dcrust', '2020ht80592', 'karthickcnp']",2,"['soniadeendayal7290', 'noelprashant']",9,"['2020ht80592', 'karthickcnp', 'kirannevaskar', 'shivam.dcrust', 'h20200181', 'noelr', 'soniadeendayal7290', 'noelprashant', 'ramaraju.34.apt']"
174,233,7,8,7,"['liuyulun', 'dazhichao', 'hyp096', 'sxbsxl555', 'yq1252273029', 'sy2677618424', 'wxy678']",0,[],1,['bin08'],8,"['liuyulun', 'dazhichao', 'hyp096', 'sxbsxl555', 'yq1252273029', 'sy2677618424', 'bin08', 'wxy678']"
174,29,7,7,1,['yq1252273029'],6,"['liuyulun', 'dazhichao', 'hyp096', 'sxbsxl555', 'sy2677618424', 'wxy678']",6,"['k2m', 'woshihuanmouren', 'phq', 'zhangning123', 'guoxinyan7', 'bin08']",13,"['liuyulun', 'dazhichao', 'k2m', 'woshihuanmouren', 'phq', 'zhangning123', 'hyp096', 'sxbsxl555', 'yq1252273029', 'sy2677618424', 'guoxinyan7', 'bin08', 'wxy678']"
176,32,7,10,3,"['jabg3c', 'jjfxcm', 'ks29c']",4,"['chemmiki', 'dls1947', 'ullrichc', 'quinn305']",7,"['daskng', 'bgkd5d', 'sjw72z', 'mrmichaels', 'tjsnmh', 'cdpdqf', 'rdbbhc']",14,"['jabg3c', 'ullrichc', 'bgkd5d', 'tjsnmh', 'mrmichaels', 'cdpdqf', 'daskng', 'quinn305', 'chemmiki', 'jjfxcm', 'ks29c', 'dls1947', 'sjw72z', 'rdbbhc']"
177,240,7,6,6,"['dani.karakuleva', 'kitanovski.anastas', 'm.tashulova', 'mac123', 'monss0676', 'darkonushev']",1,['viki.najdoska88'],0,[],7,"['dani.karakuleva', 'kitanovski.anastas', 'viki.najdoska88', 'm.tashulova', 'mac123', 'monss0676', 'darkonushev']"
178,17,7,12,3,"['maegol28899', 'joscebtap', 'carlotaarojosato1']",4,"['juaniito82', 'agustin.aranda310', 'oscarguerravinuesa', 'inesojeda98']",9,"['luciafernandeztroncoso', 'lucrodsil', 'hanaamehdisefiani', 'aurobarroso', 'adribetid99', 'alesfc4', 'fernanmorales99', 'jesusmrquez96', 'carlosmaperez']",16,"['lucrodsil', 'carlotaarojosato1', 'oscarguerravinuesa', 'alesfc4', 'carlosmaperez', 'joscebtap', 'luciafernandeztroncoso', 'inesojeda98', 'juaniito82', 'hanaamehdisefiani', 'aurobarroso', 'agustin.aranda310', 'adribetid99', 'maegol28899', 'fernanmorales99', 'jesusmrquez96']"
178,12,7,9,3,"['juaniito82', 'oscarguerravinuesa', 'inesojeda98']",4,"['maegol28899', 'joscebtap', 'agustin.aranda310', 'carlotaarojosato1']",6,"['espe.ruiz1177', 'noelianavarromoreno', 'marparbal11', 'aizquierdop310899', 'rospalhur16', 'isloes12']",13,"['espe.ruiz1177', 'marparbal11', 'aizquierdop310899', 'carlotaarojosato1', 'oscarguerravinuesa', 'joscebtap', 'noelianavarromoreno', 'inesojeda98', 'juaniito82', 'agustin.aranda310', 'maegol28899', 'rospalhur16', 'isloes12']"
179,70,7,6,4,"['gupta479', 'kim2978', 'snholcomb', 'apopper']",3,"['yusuzuki', 'thesbeme', 'billy.z.cockell']",2,"['dgormley', 'singer15']",9,"['singer15', 'apopper', 'gupta479', 'snholcomb', 'dgormley', 'yusuzuki', 'kim2978', 'thesbeme', 'billy.z.cockell']"
181,151,7,19,3,"['someone811', 'danaalmutairi', 'bisheryousif']",4,"['ahmed12zaky', 'abdullah.s.karar', 'dablomoataz', 'somayasenosy94']",16,"['hqassem93', 'hamadalarjani', 'd1s2roy', 'halwarea', 'rayaanalraqibah1', 'shiruwan', 'spring2021', 'otaibemn', 'hakemahussain', 'hassanalmeirza', 'reemalb22', 'setstall2', '111icoolboy111', 'maasoumah', 'dalal327', 'ahmedsayed.elec']",23,"['hqassem93', 'd1s2roy', 'hassanalmeirza', 'reemalb22', 'dablomoataz', '111icoolboy111', 'maasoumah', 'dalal327', 'rayaanalraqibah1', 'ahmedsayed.elec', 'ahmed12zaky', 'hamadalarjani', 'danaalmutairi', 'somayasenosy94', 'shiruwan', 'halwarea', 'someone811', 'spring2021', 'bisheryousif', 'otaibemn', 'setstall2', 'hakemahussain', 'abdullah.s.karar']"
181,150,7,7,2,"['someone811', 'danaalmutairi']",5,"['ahmed12zaky', 'somayasenosy94', 'bisheryousif', 'dablomoataz', 'abdullah.s.karar']",5,"['abduallah4454a', 'abeeraljassi', 'bashayer.almezyan', 'bilelneji', 'abdullahalmohammed1']",12,"['ahmed12zaky', 'abduallah4454a', 'danaalmutairi', 'somayasenosy94', 'someone811', 'abeeraljassi', 'bisheryousif', 'bashayer.almezyan', 'dablomoataz', 'bilelneji', 'abdullah.s.karar', 'abdullahalmohammed1']"
184,133,6,10,6,"['akb2', 'abamick', 'sasteph', 'tzhou2', 'aaron_lafleur', 'kahale']",0,[],4,"['dahelle', 'hyunsol', 'yitaow', 'ohussei']",10,"['yitaow', 'ohussei', 'dahelle', 'akb2', 'hyunsol', 'abamick', 'sasteph', 'tzhou2', 'aaron_lafleur', 'kahale']"
185,163,6,158,1,['jgerstei'],5,"['dhomme', 'pmansour', 'kjabbar', 'wang3844', 'pweitzel']",157,"['will1941', 'mikav', 'kbrayto', 'rhentric', 'carls127', 'jennin56', 'ncivitan', 'amelia.markert979', 'downeyl', 'cmancini', 'cliffos', 'rcalistr', 'adoxsee', 'ejobe', 'beers2', 'ndroessl', 'gfiedler', 'lopez344', 'lvelky', 'nixon21', 'wnorton', 'mragei', 'jone1616', 'pan229', 'csrafin', 'jnylen', 'bbarale', 'nafandi', 'bodhiscott', 'tprati', 'jcarre', 'nortt', 'hawkin98', 'akurumba', 'akmaksim', 'mfangio', 'kradde', 'lin1297', 'mlannie', 'feng233', 'thoma805', 'dbhagwan', 'rstaples', 'sinha54', 'hodge20', 'mmatteso', 'ander966', 'sbukzam', 'allen482', 'wagoneb', 'rdamle', 'connoll1', 'jmestach', 'gagnonn', 'bgrytza', 'efrancoe', 'elamewon', 'kngupta', 'thubauer', 'jcavage', 'lritchis', 'nrrobins', 'kong68', 'sweene26', 'smahipat', 'gzanutta', 'murph417', 'mannin15', 'asyrek', 'zhan3108', 'afirkan', 'agettel', 'gconer', 'skunduru', 'sharp82', 'stuff', 'svendsen', 'jmesa', 'okeefee', 'bkoszyk', 'marykirstenreilly', 'tvulich', 'armour1', 'chris260', 'jyounkin', 'ahn87', 'jmontbru', 'mngaglia', 'ksagar', 'chfranci', 'pate1082', 'harri827', 'funkhous', 'nkielkop', 'cleveng2', 'dnocon', 'voorsm', 'mock6', 'weber164', 'kzingaro', 'pbhaske', 'llefebvr', 'lukehendriks4', 'russe162', 'sayyala', 'rtrafele', 'ojonas', 'boninl', 'ellis125', 'hollowr', 'achungma', 'bird12', 'li2701', 'mkirsch', 'whollan', 'mcalisto', 'nrentsc', 'danie140', 'obriencaitlin20', 'john2345', 'tsriram', 'mihsan', 'sharlow', 'comer13', 'mclassen', 'zhu741', 'zuckerma', 'stockerm', 'jade.m.meekin', 'hollej', 'hmcguir', 'agf2018', 'cohland', 'single0', 'ander939', 'liu2442', 'romack0', 'afarha', 'bbondi', 'artierenier', 'abirkeme', 'srajarat', 'agarw190', 'lopez347', 'zhao979', 'fruane', 'llwan', 'aalnas', 'hughe234', 'snathell', 'kyendru', 'jperata', 'nfransen', 'heaton4', 'ebinkle', 'wdobbs', 'mprue']",163,"['will1941', 'mikav', 'kbrayto', 'rhentric', 'carls127', 'jennin56', 'ncivitan', 'amelia.markert979', 'downeyl', 'cmancini', 'kjabbar', 'cliffos', 'rcalistr', 'adoxsee', 'ejobe', 'beers2', 'ndroessl', 'gfiedler', 'lopez344', 'lvelky', 'nixon21', 'wnorton', 'mragei', 'jone1616', 'pan229', 'csrafin', 'jnylen', 'bbarale', 'nafandi', 'bodhiscott', 'pmansour', 'tprati', 'jcarre', 'nortt', 'hawkin98', 'akurumba', 'akmaksim', 'mfangio', 'kradde', 'lin1297', 'mlannie', 'wang3844', 'feng233', 'thoma805', 'dbhagwan', 'rstaples', 'sinha54', 'hodge20', 'mmatteso', 'ander966', 'sbukzam', 'allen482', 'wagoneb', 'rdamle', 'connoll1', 'jmestach', 'gagnonn', 'bgrytza', 'efrancoe', 'elamewon', 'kngupta', 'thubauer', 'jcavage', 'lritchis', 'nrrobins', 'kong68', 'sweene26', 'smahipat', 'gzanutta', 'murph417', 'mannin15', 'asyrek', 'zhan3108', 'afirkan', 'agettel', 'gconer', 'skunduru', 'sharp82', 'stuff', 'svendsen', 'jmesa', 'okeefee', 'bkoszyk', 'marykirstenreilly', 'tvulich', 'armour1', 'chris260', 'jyounkin', 'ahn87', 'jmontbru', 'mngaglia', 'ksagar', 'chfranci', 'pate1082', 'harri827', 'funkhous', 'nkielkop', 'cleveng2', 'dnocon', 'dhomme', 'voorsm', 'mock6', 'pweitzel', 'weber164', 'kzingaro', 'pbhaske', 'llefebvr', 'lukehendriks4', 'russe162', 'sayyala', 'rtrafele', 'ojonas', 'boninl', 'ellis125', 'hollowr', 'achungma', 'bird12', 'li2701', 'mkirsch', 'whollan', 'mcalisto', 'nrentsc', 'danie140', 'obriencaitlin20', 'john2345', 'tsriram', 'mihsan', 'sharlow', 'comer13', 'mclassen', 'zhu741', 'zuckerma', 'stockerm', 'jade.m.meekin', 'hollej', 'hmcguir', 'agf2018', 'cohland', 'single0', 'ander939', 'liu2442', 'romack0', 'afarha', 'bbondi', 'artierenier', 'jgerstei', 'abirkeme', 'srajarat', 'agarw190', 'lopez347', 'zhao979', 'fruane', 'llwan', 'aalnas', 'hughe234', 'snathell', 'kyendru', 'jperata', 'nfransen', 'heaton4', 'ebinkle', 'wdobbs', 'mprue']"
185,164,6,41,3,"['pweitzel', 'pmansour', 'kjabbar']",3,"['wang3844', 'jgerstei', 'dhomme']",38,"['hsakiewi', 'toboyle', 'adshowal', 'markhodgkiss50', 'djodhani', 'zaly', 'jiang650', 'brow1511', 'michae19', 'duncan94', 'buhland', 'bwodetz', 'annaleichty1', 'douh', 'tladner', 'costel12', 'rhodes44', 'baxter26', 'nrobb', 'armour1', 'evans251', 'tzadrave', 'hmcmilli', 'reddy62', 'aquinli', 'sinha54', 'ewolfla', 'lange35', 'nherbert', 'wood164', 'meyer292', 'harvey83', 'moeller4', 'see4', 'huan1346', 'smit3400', 'mart1390', 'chakra26']",44,"['hsakiewi', 'toboyle', 'adshowal', 'markhodgkiss50', 'djodhani', 'zaly', 'pmansour', 'jiang650', 'brow1511', 'michae19', 'duncan94', 'buhland', 'bwodetz', 'annaleichty1', 'douh', 'tladner', 'costel12', 'rhodes44', 'baxter26', 'nrobb', 'armour1', 'evans251', 'kjabbar', 'wang3844', 'tzadrave', 'hmcmilli', 'reddy62', 'aquinli', 'jgerstei', 'sinha54', 'ewolfla', 'lange35', 'nherbert', 'dhomme', 'wood164', 'meyer292', 'harvey83', 'pweitzel', 'moeller4', 'see4', 'huan1346', 'smit3400', 'mart1390', 'chakra26']"
189,33,6,6,3,"['jdamle', 'dbatides', 'mahaja25']",3,"['capece', 'aeb', 'ebeg']",3,"['smit4083', 'capecepurdueedu', 'carrtj02']",9,"['capecepurdueedu', 'jdamle', 'dbatides', 'carrtj02', 'capece', 'smit4083', 'ebeg', 'mahaja25', 'aeb']"
192,140,6,6,4,"['basheer.msee162', 'muhammadbilal00751', 'danish.msee141', 'gul.hassan']",2,"['anismsee137', 'saqib.msee157']",2,"['hammad.phdee36', 'hmasif.int3412']",8,"['basheer.msee162', 'hammad.phdee36', 'saqib.msee157', 'gul.hassan', 'anismsee137', 'hmasif.int3412', 'muhammadbilal00751', 'danish.msee141']"
194,128,6,7,1,['sbarber4'],5,"['weber202', 'mnoftz1157', 'supermh868', 'choyc', 'hanse163']",6,"['kdolar1', 'norayang99', 'merazalfonso', 'qmurrayconn', 'jteng4', 'kcheung22']",12,"['sbarber4', 'weber202', 'mnoftz1157', 'kdolar1', 'norayang99', 'supermh868', 'merazalfonso', 'qmurrayconn', 'jteng4', 'kcheung22', 'choyc', 'hanse163']"
197,98,6,9,4,"['eryn', 'aedecilap', 'ckiel', 'ambred']",2,"['cgutierr', 'markland']",5,"['ischen', 'rodrigofreitas', 'ssong64', 'sxqian', 'kaiguo']",11,"['eryn', 'ckiel', 'ischen', 'rodrigofreitas', 'ssong64', 'aedecilap', 'cgutierr', 'ambred', 'sxqian', 'kaiguo', 'markland']"
199,185,6,10,1,['francomelica55'],5,"['leonciosam70', 'juansebastian.chaparro.d', 'msalguero', 'francisco.olea.d', 'narrojas']",9,"['smselzer', 'ferfushimi', 'omarlinarez', 'fer_fushimi', 'm.tecco', 'martin.broens', 'vfuertes2020', 'mailen.selzer', 'broensmartin']",15,"['leonciosam70', 'smselzer', 'juansebastian.chaparro.d', 'ferfushimi', 'm.tecco', 'martin.broens', 'vfuertes2020', 'francisco.olea.d', 'broensmartin', 'omarlinarez', 'msalguero', 'fer_fushimi', 'mailen.selzer', 'francomelica55', 'narrojas']"
199,186,6,6,1,['francomelica55'],5,"['leonciosam70', 'juansebastian.chaparro.d', 'msalguero', 'francisco.olea.d', 'narrojas']",5,"['fer_fushimi', 'martin.broens', 'francisco.merlotti', 'fabripusiol1895', 'broensmartin']",11,"['leonciosam70', 'juansebastian.chaparro.d', 'fer_fushimi', 'msalguero', 'francisco.merlotti', 'martin.broens', 'francisco.olea.d', 'francomelica55', 'narrojas', 'fabripusiol1895', 'broensmartin']"
200,71,6,33,5,"['dolp', 'g.k41541g', 'turnera14', 'adiya.enhadiya', 'btmn5698']",1,['naruka700'],28,"['altantsooj', 'meiiqitang', 'aymar', 'lillianchiu', 'j.manlai0411', 'aravindh', 'smit4225', 'waldropj24', 'uozgur', 'huan1318', 'heath.wells.esq', 'aingles', 'jwarnky', 'charlie0513', 'everaste', 'dietzelcc', 'kalilio', 'vallejora', 'mhanvey', 'marco.apolinario.l', 'chnbtgaldanmgc', 'geert', 'dlincoln', 'munkhbayar518', 'uuganbayaro', 'liriyanyan', 'bburgilmaa1202', 'glenhwalters']",34,"['dolp', 'naruka700', 'altantsooj', 'meiiqitang', 'aymar', 'lillianchiu', 'j.manlai0411', 'aravindh', 'smit4225', 'waldropj24', 'adiya.enhadiya', 'turnera14', 'uozgur', 'bburgilmaa1202', 'huan1318', 'heath.wells.esq', 'aingles', 'jwarnky', 'everaste', 'dietzelcc', 'kalilio', 'g.k41541g', 'vallejora', 'mhanvey', 'marco.apolinario.l', 'btmn5698', 'chnbtgaldanmgc', 'geert', 'dlincoln', 'munkhbayar518', 'uuganbayaro', 'liriyanyan', 'charlie0513', 'glenhwalters']"
200,74,6,33,2,"['dolp', 'turnera14']",4,"['adiya.enhadiya', 'btmn5698', 'naruka700', 'g.k41541g']",31,"['arielar', 'alejocibe', 'tchk6', 'youngpattans2', 'kocher1', 'ordonezc3', 'jaiverthadrian25', 'ssorobay', 'sidharth1994', 'tbpurevnorov', 'enhmanlaienhee', 'langfahl', 'everaste', 'dietzelcc', 'epeloquin24', 'tassanpietro', 'sherifms777', 'squadbuilderzz123', 'lalfaihan', 'croberts21', 'lbruno22', 'jpbarrero131', 'anudarid', 'duuyaduka89', 'taylorolp99', 'bayanjargal.sub', 'quillel', 'muujig1', 'booradley', 'glenhwalters', 'slburkett']",37,"['dolp', 'arielar', 'naruka700', 'alejocibe', 'tchk6', 'youngpattans2', 'kocher1', 'ordonezc3', 'jaiverthadrian25', 'ssorobay', 'sidharth1994', 'adiya.enhadiya', 'turnera14', 'tbpurevnorov', 'enhmanlaienhee', 'langfahl', 'everaste', 'dietzelcc', 'g.k41541g', 'epeloquin24', 'tassanpietro', 'sherifms777', 'squadbuilderzz123', 'btmn5698', 'lalfaihan', 'croberts21', 'lbruno22', 'jpbarrero131', 'anudarid', 'duuyaduka89', 'taylorolp99', 'bayanjargal.sub', 'quillel', 'muujig1', 'booradley', 'glenhwalters', 'slburkett']"
201,166,6,45,3,"['m.poloske', 'benjamintmarc1m', 'jmayer1']",3,"['pmartinezreyes', 'jackmlopez', 'va.menkudale']",42,"['mcalderman1', 'summerhane', 'dschechter', 'akash.ram', 'grudzinski1', 'noahcaracuel', 'ahernandez5', 'nsonet', 'banks.lomel', 'alexandrabarbosa', 'benjamin.anthony', 'villarta.jabulen', 'morgan.gunter', 'erinvolpe', 'langhout.jackson', 'mitchell.w', 'mmoralesrojas', 'a.manibusan', 'glatham', 'klupone', 'peytonriley', 'nwilliams2', 'dominicksylvia', 'cgandin', 'c.ginter', 't.calvert', 'i.mejiaruiz', 'justin.geils', 'c.rineer', 'bresnockj', 't.clavijogarcia', 'victor.suarez', 'victoria.miller', 'efranklin', 'rhennig', 'matthew.daily', 'evidaltorres', 'miles.kendall', 'christian.chiong', 'kadenelson', 'jsweeney1', 'annahuber']",48,"['mcalderman1', 'benjamintmarc1m', 'summerhane', 'dschechter', 'akash.ram', 'grudzinski1', 'noahcaracuel', 'ahernandez5', 'nsonet', 'banks.lomel', 'alexandrabarbosa', 'benjamin.anthony', 'villarta.jabulen', 'va.menkudale', 'morgan.gunter', 'erinvolpe', 'langhout.jackson', 'mitchell.w', 'mmoralesrojas', 'a.manibusan', 'glatham', 'klupone', 'peytonriley', 'nwilliams2', 'dominicksylvia', 'cgandin', 'c.ginter', 't.calvert', 'pmartinezreyes', 'i.mejiaruiz', 'justin.geils', 'jackmlopez', 'c.rineer', 'm.poloske', 'bresnockj', 't.clavijogarcia', 'victor.suarez', 'victoria.miller', 'jmayer1', 'efranklin', 'rhennig', 'matthew.daily', 'evidaltorres', 'miles.kendall', 'christian.chiong', 'kadenelson', 'jsweeney1', 'annahuber']"
202,243,6,18,4,"['wjstmdwls9812271', 'kimjaegon', 'dudgus2009', 'rmaejrgus1']",2,"['ocean21292', 'sangun56']",14,"['a000828ok', 'lyj200345', 'kfo110513', 'jiwon6224', 'tjdrua456', 'grit', 'donna412', 'whcks10', 'aqjemrhf', 'leejungeun0310', 'rotorl144', '0909hfn', 'jw7yong', 'tmdgustn11']",20,"['a000828ok', 'kimjaegon', 'wjstmdwls9812271', 'jiwon6224', 'dudgus2009', 'ocean21292', 'rmaejrgus1', 'tjdrua456', 'grit', 'donna412', 'whcks10', 'aqjemrhf', 'leejungeun0310', 'rotorl144', 'jw7yong', 'tmdgustn11', 'lyj200345', 'kfo110513', 'sangun56', '0909hfn']"
202,242,6,5,1,['dudgus2009'],5,"['kimjaegon', 'wjstmdwls9812271', 'rmaejrgus1', 'ocean21292', 'sangun56']",4,"['cjaeyeong1023', 'jinge032014', 'jw7yong', 'ysc722abab']",10,"['kimjaegon', 'ysc722abab', 'cjaeyeong1023', 'wjstmdwls9812271', 'dudgus2009', 'ocean21292', 'rmaejrgus1', 'jinge032014', 'sangun56', 'jw7yong']"
203,95,6,14,4,"['siddhiraut', 'sunlovesrahul', 'shilpa.kand', 'sara.shaikh']",2,"['saurabhpatil', 'jaimindesai']",10,"['hussainzaki', 'rishab.shetty', 'shivani.bhamare', 'sarika_bukkawar', 'debanik', 'akshta.kalekar', 'sanket.bagal', 'arnik.gala', 'yashpatel', 'arpan.kumath']",16,"['rishab.shetty', 'jaimindesai', 'shilpa.kand', 'siddhiraut', 'sarika_bukkawar', 'sunlovesrahul', 'sara.shaikh', 'arpan.kumath', 'hussainzaki', 'shivani.bhamare', 'saurabhpatil', 'debanik', 'akshta.kalekar', 'sanket.bagal', 'arnik.gala', 'yashpatel']"
206,216,5,10,1,['jre31'],4,"['yara29', 'nailaamani', 'sanpepeweb', 'luzadanaque']",9,"['dahaidar', 'naufal.nm', 'alanhk18', 'salihyanikgonul', 'bobo181999', 'marcelpakpahan19', 'denphi_gmail', 'brysa2000', 'fallenmithos']",14,"['jre31', 'brysa2000', 'dahaidar', 'naufal.nm', 'alanhk18', 'bobo181999', 'salihyanikgonul', 'yara29', 'marcelpakpahan19', 'sanpepeweb', 'nailaamani', 'denphi_gmail', 'luzadanaque', 'fallenmithos']"
207,76,5,44,2,"['juguibavi27', 'j.padillat']",3,"['khokenstad', 'calderon.p.carla', 'pierluca.lanzi']",42,"['alejocibe', 'felipio32', 'dannielmoreno', 'luxion', 'juancreyes201', 'caiceseb', 'j.acostac', 'danielvillarg3', 'camiloarango', 'jaiverthadrian25', 'm.vieda', 'davidsantiagomoncayo', 'sergioneuta', 'estebanboada', 'lcarolopez.lecl', 'federicoberbesi', 'santmc98', 'alexh1000', 'karenpolania', 'ruedasan', 'juan10eslav', 'cristianjulian132002', 'arizah0707', 'c.escobarh', 'd.posadap', 'j.morenos', 'gonzalezcamilo672', 'manuf.vargas36', 'juanpa12', 'santy015', 'juansebastiancorredor12', 'eric.klozr', 'maidy', 'j.mendezm', 'vargasautocad', 'id.escobar', 'gotty', 'michaels', 'acordero', 'nicolastrivino', 'sergioneuta3002', 'dianasalcedo']",47,"['alejocibe', 'felipio32', 'dannielmoreno', 'luxion', 'juancreyes201', 'caiceseb', 'j.acostac', 'khokenstad', 'danielvillarg3', 'camiloarango', 'calderon.p.carla', 'jaiverthadrian25', 'm.vieda', 'davidsantiagomoncayo', 'sergioneuta', 'estebanboada', 'lcarolopez.lecl', 'federicoberbesi', 'santmc98', 'dianasalcedo', 'alexh1000', 'karenpolania', 'ruedasan', 'juan10eslav', 'cristianjulian132002', 'arizah0707', 'j.padillat', 'c.escobarh', 'd.posadap', 'j.morenos', 'gonzalezcamilo672', 'manuf.vargas36', 'juanpa12', 'santy015', 'juansebastiancorredor12', 'eric.klozr', 'maidy', 'j.mendezm', 'vargasautocad', 'juguibavi27', 'id.escobar', 'gotty', 'pierluca.lanzi', 'michaels', 'acordero', 'sergioneuta3002', 'nicolastrivino']"
207,87,5,5,2,"['khokenstad', 'calderon.p.carla']",3,"['juguibavi27', 'pierluca.lanzi', 'j.padillat']",3,"['ryan.grady99', 'crussell2021', 'elyhines30']",8,"['juguibavi27', 'crussell2021', 'pierluca.lanzi', 'khokenstad', 'ryan.grady99', 'elyhines30', 'calderon.p.carla', 'j.padillat']"
209,123,5,5,1,['sorens10'],4,"['kotlarz.parker', 'qkwnstn', 'jpy5278', 'shrivastavasatvik11']",4,"['yifanwu', 'hess35', 'li3221', 'hu518']",9,"['shrivastavasatvik11', 'yifanwu', 'kotlarz.parker', 'hess35', 'jpy5278', 'hu518', 'sorens10', 'qkwnstn', 'li3221']"
213,76,5,44,2,"['alexh1000', 'sergioneuta3002']",3,"['ryantkd0', 'ngaertne', 'shenyzzj']",42,"['alejocibe', 'felipio32', 'dannielmoreno', 'luxion', 'juancreyes201', 'caiceseb', 'j.acostac', 'danielvillarg3', 'camiloarango', 'jaiverthadrian25', 'm.vieda', 'davidsantiagomoncayo', 'sergioneuta', 'estebanboada', 'lcarolopez.lecl', 'federicoberbesi', 'santmc98', 'karenpolania', 'ruedasan', 'juan10eslav', 'cristianjulian132002', 'arizah0707', 'j.padillat', 'c.escobarh', 'd.posadap', 'j.morenos', 'gonzalezcamilo672', 'manuf.vargas36', 'juanpa12', 'santy015', 'juansebastiancorredor12', 'eric.klozr', 'maidy', 'j.mendezm', 'vargasautocad', 'juguibavi27', 'id.escobar', 'gotty', 'michaels', 'acordero', 'nicolastrivino', 'dianasalcedo']",47,"['alejocibe', 'felipio32', 'dannielmoreno', 'luxion', 'juancreyes201', 'caiceseb', 'j.acostac', 'danielvillarg3', 'ngaertne', 'camiloarango', 'jaiverthadrian25', 'm.vieda', 'davidsantiagomoncayo', 'sergioneuta', 'estebanboada', 'lcarolopez.lecl', 'shenyzzj', 'federicoberbesi', 'santmc98', 'dianasalcedo', 'alexh1000', 'karenpolania', 'ruedasan', 'juan10eslav', 'cristianjulian132002', 'arizah0707', 'j.padillat', 'c.escobarh', 'd.posadap', 'j.morenos', 'gonzalezcamilo672', 'manuf.vargas36', 'juanpa12', 'santy015', 'juansebastiancorredor12', 'eric.klozr', 'maidy', 'j.mendezm', 'vargasautocad', 'juguibavi27', 'id.escobar', 'gotty', 'michaels', 'acordero', 'sergioneuta3002', 'ryantkd0', 'nicolastrivino']"
215,124,5,7,2,"['harrywangyh', 'szhu234']",3,"['hyuan73', 'mgwertzman', 'mjhaglund']",5,"['hyin55', 'yrhee6', 'rpolavarapu', 'lindazeng', 'bafflerbach']",10,"['hyuan73', 'hyin55', 'harrywangyh', 'yrhee6', 'rpolavarapu', 'mjhaglund', 'szhu234', 'mgwertzman', 'lindazeng', 'bafflerbach']"
222,87,5,5,3,"['ryan.grady99', 'crussell2021', 'elyhines30']",2,"['kevinz2', 'fdeezer948']",2,"['khokenstad', 'calderon.p.carla']",7,"['crussell2021', 'khokenstad', 'ryan.grady99', 'elyhines30', 'calderon.p.carla', 'kevinz2', 'fdeezer948']"
224,129,5,6,2,"['asterberova', 'rzwart']",3,"['kaitlynf98', 'bollepel', 'gjhanwar']",4,"['claaair', 'psycho231', 'eleut', 'paulamieras']",9,"['claaair', 'eleut', 'rzwart', 'asterberova', 'kaitlynf98', 'psycho231', 'gjhanwar', 'bollepel', 'paulamieras']"
225,114,5,9,5,"['shararose.ordejan', 'rojellyn.baldago', 'munioartanthonyz', 'angel.perante', 'ronazoeyyy']",0,[],4,"['christianjulle17', 'vrhea19', 'echotypist', 'zbijzz13']",9,"['shararose.ordejan', 'rojellyn.baldago', 'vrhea19', 'zbijzz13', 'munioartanthonyz', 'angel.perante', 'christianjulle17', 'echotypist', 'ronazoeyyy']"
227,259,5,103,2,"['sergiopozuelom', 'javilunaquesada']",3,"['alvarodelgado', 'franciscomontiel1998', 'laszlotg']",101,"['cristinaa_gh', 'guillehermoso', 'salva_ugr_fisica', 'f.morontam', 'azzorini', 'alvaroluque', 'javigarrido.98', 'isabelpascual', 'albertodelmv', 'pacomorales', 'juanrocruz', 'folgoso', 'clarasansau', 'ivancamacho4', 'rubengijon', 'e.pgosorio', 'mparody', 'safaa261298', 'e.francollado', 'e.santaella99', 'mcbsam', 'yakoirusta', 'mariadelmarsanchez', 'alsasa', 'martalanzac', 'e.sanmillandp', 'david1998', 'e.jjfm04', 'pablogarra', 'duenas5a', 'juninhojuan2499', 'josemi', 'alejandroborj', 'juangoye', 'gtorresrios', 'pablovela', 'guerreroalonso', 'fmgomez', 'aliciaroblesp', 'e.jorgetg', 'claracd', 'e.rgeo', 'lydiam', 'carnage', 'kevin28', 'gaasll', 'davidsanserra', 'nilsvanesostos899', 'edumontes_98', 'luciazapata', 'jose.lop.mol98', 'e.josemanuelrxg', 'javihjhj92', 'roasdgo', 'ramoro10', 'e.guerrerosamu', 'belenalvmon', 'evajimenez', 'javiubago', 'rubenvv', 'hannan', 'miguel_jimort', 'fjr', 'marinalc7', 'arturosirvent', 'marinacardenas', 'josealbertoap98', 'e.teresalc13', 'jaimecanovas9', 'joselux', 'p3drillo', 'e.javihjhj92', 'e.estelacalaforra', 'delgado.espinosa.sara', 'ivancamacho4a', 'jesusgarsan', 'conrado', 'marcoss1', 'e.javipostigo99', 'josemarivm', 'enriquearroyo', 'pradosabad', 'byrey2', 'e.jaimecanovas', 'wignerpeckart99', 'jorgecaba2000', 'juanzim', 'e.juangarcas', 'carmenarias', 'cobos', 'fidelmuriel', 'sopa_de_sobre', 'santiagocw98', 'sanchezbarranquero', 'auberonlc', 'e.franfer99', 'danivisa101', 'setarcos', 'hugo512', 'guillermohc1998', 'e.myeste']",106,"['cristinaa_gh', 'guillehermoso', 'salva_ugr_fisica', 'f.morontam', 'azzorini', 'alvaroluque', 'javigarrido.98', 'isabelpascual', 'albertodelmv', 'pacomorales', 'juanrocruz', 'folgoso', 'clarasansau', 'javilunaquesada', 'ivancamacho4', 'rubengijon', 'e.pgosorio', 'mparody', 'safaa261298', 'laszlotg', 'e.francollado', 'mcbsam', 'e.santaella99', 'yakoirusta', 'mariadelmarsanchez', 'alsasa', 'martalanzac', 'e.sanmillandp', 'david1998', 'e.jjfm04', 'pablogarra', 'duenas5a', 'juninhojuan2499', 'josemi', 'alejandroborj', 'juangoye', 'gtorresrios', 'pablovela', 'guerreroalonso', 'alvarodelgado', 'fmgomez', 'aliciaroblesp', 'e.jorgetg', 'claracd', 'e.rgeo', 'lydiam', 'carnage', 'kevin28', 'gaasll', 'davidsanserra', 'nilsvanesostos899', 'edumontes_98', 'luciazapata', 'jose.lop.mol98', 'e.josemanuelrxg', 'javihjhj92', 'roasdgo', 'ramoro10', 'e.guerrerosamu', 'belenalvmon', 'evajimenez', 'javiubago', 'rubenvv', 'hannan', 'miguel_jimort', 'fjr', 'marinalc7', 'arturosirvent', 'marinacardenas', 'josealbertoap98', 'e.teresalc13', 'jaimecanovas9', 'franciscomontiel1998', 'joselux', 'p3drillo', 'e.javihjhj92', 'e.estelacalaforra', 'delgado.espinosa.sara', 'ivancamacho4a', 'jesusgarsan', 'conrado', 'marcoss1', 'e.javipostigo99', 'josemarivm', 'enriquearroyo', 'pradosabad', 'byrey2', 'e.jaimecanovas', 'wignerpeckart99', 'jorgecaba2000', 'juanzim', 'e.juangarcas', 'carmenarias', 'cobos', 'fidelmuriel', 'sopa_de_sobre', 'santiagocw98', 'sanchezbarranquero', 'auberonlc', 'e.franfer99', 'danivisa101', 'setarcos', 'hugo512', 'guillermohc1998', 'sergiopozuelom', 'e.myeste']"
227,260,5,42,2,"['franciscomontiel1998', 'laszlotg']",3,"['alvarodelgado', 'sergiopozuelom', 'javilunaquesada']",40,"['danitlo115', 'ramoro10', 'e.silviagarcia12', 'lalaugoms', 'folgoso', 'albertodelmv', 'belenalvmon', 'fransanfru', 'yakoirusta', 'luciazapataechevarne', 'mariadelmarsanchez', 'jaimecanovas9', 'miggalben', 'p3drillo', 'e.jjfm04', 'e.estelacalaforra', 'delgado.espinosa.sara', 'ivancamacho4a', 'josett', 'alejandroborj', 'a.cazorla', 'e.javipostigo99', 'josemarivm', 'saullopez', 'aliciaroblesp', 'e.juangarcas', 'e.jorgetg', 'fidelmuriel', 'lydiam', 'sopa_de_sobre', 'javibolanos', 'kevin28', 'santiagocw98', 'beacasasola1', 'danivisa101', 'ursulacs', 'simonbonnal', 'samialsmadisegovia1', 'luciazapata', 'davidjosegg']",45,"['danitlo115', 'ramoro10', 'e.silviagarcia12', 'lalaugoms', 'folgoso', 'albertodelmv', 'belenalvmon', 'fransanfru', 'javilunaquesada', 'laszlotg', 'yakoirusta', 'luciazapataechevarne', 'mariadelmarsanchez', 'jaimecanovas9', 'miggalben', 'franciscomontiel1998', 'p3drillo', 'e.jjfm04', 'e.estelacalaforra', 'delgado.espinosa.sara', 'ivancamacho4a', 'josett', 'alejandroborj', 'a.cazorla', 'e.javipostigo99', 'josemarivm', 'saullopez', 'alvarodelgado', 'aliciaroblesp', 'e.juangarcas', 'e.jorgetg', 'fidelmuriel', 'lydiam', 'sopa_de_sobre', 'javibolanos', 'kevin28', 'santiagocw98', 'beacasasola1', 'danivisa101', 'ursulacs', 'simonbonnal', 'sergiopozuelom', 'samialsmadisegovia1', 'luciazapata', 'davidjosegg']"
230,2,5,5,2,"['pramodmartha15', 'sivananda993']",3,"['faruk1983', 'praveenabhaskar', 'serenebkj']",3,"['shaikziyauddin17', 'haniyya117006', 'dineshgunji154']",8,"['dineshgunji154', 'faruk1983', 'haniyya117006', 'pramodmartha15', 'praveenabhaskar', 'sivananda993', 'shaikziyauddin17', 'serenebkj']"
237,57,5,11,3,"['awsmit21', 'mtyarter', 'gsamuel1']",2,"['drsen57', 'hdawes']",8,"['rchang8', 'spicard2', 'tdsmit37', 'lajack15', 'ramybabagha', 'smday2', 'mjwood2', 'jgshaffe']",13,"['spicard2', 'lajack15', 'ramybabagha', 'awsmit21', 'smday2', 'jgshaffe', 'mjwood2', 'rchang8', 'mtyarter', 'tdsmit37', 'hdawes', 'gsamuel1', 'drsen57']"
238,250,5,8,1,['mcisse2019'],4,"['tmr0027', 'jchic25', 'd.hamdani1973', 'jdalton1']",7,"['fromero2019', 'smohammed2019', 'vstarikov', 'ralsaedi2019', 'yalsaedi', 'mpokharel2019', 'dndeye']",12,"['fromero2019', 'jchic25', 'd.hamdani1973', 'smohammed2019', 'vstarikov', 'ralsaedi2019', 'mcisse2019', 'yalsaedi', 'mpokharel2019', 'tmr0027', 'dndeye', 'jdalton1']"
239,234,5,7,5,"['putrinurfianana', 'irfanalfarizi07', 'asd12amien', 'riazoldik', 'fariz']",0,[],2,"['eduardozw', 'lfrancis78']",7,"['putrinurfianana', 'irfanalfarizi07', 'asd12amien', 'lfrancis78', 'riazoldik', 'eduardozw', 'fariz']"
240,245,5,55,5,"['hilsong', 'seunghun4757', 'dctbelieve', 'yoonwe00', 'duswl2510']",0,[],50,"['youjy1105', 'ksh97050310', 'paragt1026', 'chubbypet2', 'haseungho', 'jungmin0322', 'jisukim0423', 'potatochip0617', 'dlwjdtlr97', 'recomendneko', 'ykhykh3587', 'leesijin120', 'gaeun0215', 'llssmm9710', 'juyeon', 'tpghks9708', 'skyxz123', 'yeny28', 'rlafbehd3', 'nkm4095', 'hee_jun', 'zneet456', 'rlawjddus6825', 'guswo50', 'yongsik', 'poby', 'dff123123', 'sse09137798', 'ekdmss31', 'homme0214', 'rlatnals874', 'wogml622', 'raw1250', 'okjaegeun', 'kgj0328', 'pongdong2323', 'guddnr6423', 'ojiow', 'gmlwn4897', 'dongsun0801', 'smustudyaccout', 'yejun990721', 'hjlim9612', 'imsad', 'hhw3481', 'wkwjsrjekffk', 'kim980407', 'seobstantial', 'minsong0313', 'tuco96']",55,"['youjy1105', 'ksh97050310', 'paragt1026', 'chubbypet2', 'haseungho', 'jungmin0322', 'jisukim0423', 'hilsong', 'potatochip0617', 'dlwjdtlr97', 'recomendneko', 'ykhykh3587', 'leesijin120', 'gaeun0215', 'llssmm9710', 'juyeon', 'tpghks9708', 'skyxz123', 'yeny28', 'rlafbehd3', 'nkm4095', 'hee_jun', 'zneet456', 'rlawjddus6825', 'guswo50', 'yongsik', 'poby', 'yoonwe00', 'dff123123', 'tuco96', 'duswl2510', 'sse09137798', 'ekdmss31', 'homme0214', 'rlatnals874', 'wogml622', 'raw1250', 'okjaegeun', 'kgj0328', 'pongdong2323', 'guddnr6423', 'dctbelieve', 'ojiow', 'gmlwn4897', 'dongsun0801', 'smustudyaccout', 'yejun990721', 'hjlim9612', 'imsad', 'hhw3481', 'seunghun4757', 'kim980407', 'seobstantial', 'minsong0313', 'wkwjsrjekffk']"
240,241,5,27,5,"['hilsong', 'seunghun4757', 'dctbelieve', 'yoonwe00', 'duswl2510']",0,[],22,"['aodfkd', 'vktmxk5190', 'ji990120', 'ksh97050310', 'yhuj0215', 'rldud777715', 'ywjwns2', 'pty3111', 'elel0505', 'pongdong2323', 'janggyusang', 'mindk24', 'seongwoo', 'yoona8', 'ojiow', 'swcho4983', 'jin112', 'zneet456', 'dongsun9781', 'robolex', 'namgunhee', 'dff123123']",27,"['vktmxk5190', 'ksh97050310', 'rldud777715', 'ywjwns2', 'hilsong', 'swcho4983', 'zneet456', 'dongsun9781', 'robolex', 'namgunhee', 'dff123123', 'yoonwe00', 'duswl2510', 'aodfkd', 'ji990120', 'yhuj0215', 'pty3111', 'elel0505', 'pongdong2323', 'janggyusang', 'mindk24', 'seongwoo', 'yoona8', 'dctbelieve', 'ojiow', 'jin112', 'seunghun4757']"
243,124,5,7,1,['yrhee6'],4,"['anallamalli', 'tetakunda', 'msun247', 'ajtepper']",6,"['hyin55', 'harrywangyh', 'rpolavarapu', 'szhu234', 'lindazeng', 'bafflerbach']",11,"['hyin55', 'yrhee6', 'harrywangyh', 'rpolavarapu', 'szhu234', 'anallamalli', 'tetakunda', 'msun247', 'lindazeng', 'bafflerbach', 'ajtepper']"
