MClusterID,XClusterID,MClusterSize,XClusterSize,OverlapSize,OverlapMembers,MOnlySize,MOnlyMembers,XOnlySize,XOnlyMembers,CombinedSize,CombinedMembers
1,229,130,77,60,"['adeebzikri0', 'teh_mint12', 'ikramnasir7', 'yewyung', 'tanchunwei8681', 'tangkityee', 'u2003990', 'yusankoh', 'iron52bat', 'tzeron2210', 'chinkeatchew880', 'jxuanchia', 'u2003966', 'koayzhengyin', 'nida20', 'syamil123', 'myson', 'shahrizan01', 'haziqian', 'theezzy', 'saiyedharith18', 'student17202315', 'zamilmuazam98', 'u2003882', 'aliffizham', 'irfanzahiran01', 'yoanesyeo', 'luqmanhakim', 'muhamadaiman17207593', 'kj0918', 'kw01', 'u2003919', 'aqbarshaiful', 'zalzikri', 'nuhaa426', 'u2003934', 'nghaowei613', 'shihong5270', 'weimingquah5', 'renyi0912', 'chiachenng123', 'fidadzli', 'kailoom', 'yinyong0427', 'bryanleong1126', 'khawlinkoon', 'leewenjun', 'iskandarsofian', '17202739nazif', 'shafiq__', 'kl.chin0622', 'afiq010507', 'abid01', 'pd0s__', 'aiman01', 's2020494', 'nanododo', 'renyic', 'thishen', 'jaydenhon']",70,"['aisyarazali82', 'itaizilcha', 'kiranjot.kaur.3388', 'azimpaan', 'khushbu.24347', 'xydemekiller08', 'kubisselman11', 'tanyungwei', 'ankanbis786', 'kostac2980', 'liorisaad', 'rrr197197', 'michael.hany.mofeed', 'talhaim11', 'arnab.mondal777', 'grthakur18', 'itaiben58', 'mfnizam27', 'arunavignan4', 'poke5917', 'a7med.dawoud', 'crce.8752.elec', 'crce.8545.elec', 'amitm', 'omarahmedgoda97', 'yj981016', 'beni1772', 'brenneryaron', 'hiirumi01', 'abrarhasin1010', 'shaked.bar', 'cristiano.urban.slack', 'amirul', 'k3850305', 'mostafaaplanet', 'ronb4', 'shezan', 'yaelm', 'butakimchi2021', 'niks10', 'bly185', 'noakashkash', 'yungwei.tan', 'alonb96', 'matityajohn', 'bornaobradovic', 'dipu3139', 'faizyus07', 'harera', 'daniallo17', 'refaey', 'kiranjot2277', 'mec2020012', 'xiaoyu11', 'shirartzi00', 'u2003956', 'chiraghegde101', 'mark.ataev', 'fmatlin1997', 'abdelrahmanahmed780', 'cristina95mo', 'tizianapirozzi', 'vijayabhasker111', 'um17206869', 'jyotityagi142', 'mohithanda026', 'tifalord010', 'zousifanstarry', 'azharali1616', 'shameelhamid']",17,"['u2003884', 'regangoh0728', 'ohwayrc', 'noelng0112', 'yijoelow', 'wei622', 'alfin01', 'shenni', 'u2003917', 'tshihong12', 's2031189', 'zqchin26', 'ain.tyra01', 'aiman2001', 'aiman_nazri123', 'zuying1204', 'abdulhadi']",147,"['adeebzikri0', 'azimpaan', 'tanchunwei8681', 'yijoelow', 'iron52bat', 'kostac2980', 'liorisaad', 'u2003966', 'talhaim11', 'syamil123', 'arnab.mondal777', 'abdulhadi', 'mfnizam27', 'arunavignan4', 'crce.8752.elec', 'crce.8545.elec', 'amitm', 'u2003882', 'aliffizham', 'irfanzahiran01', 'muhamadaiman17207593', 'u2003919', 'kj0918', 'kw01', 'cristiano.urban.slack', 'shaked.bar', 'amirul', 'yaelm', 'bly185', 'u2003934', 'aiman_nazri123', 'mec2020012', 'abid01', 'u2003917', 'tizianapirozzi', 'um17206869', 'mohithanda026', 'tifalord010', 'zousifanstarry', 'azharali1616', 'aisyarazali82', 'kiranjot.kaur.3388', 'khushbu.24347', 'wei622', 'yusankoh', 'tzeron2210', 'rrr197197', 'ain.tyra01', 'grthakur18', 'myson', 'itaiben58', 'omarahmedgoda97', 'yj981016', 'zamilmuazam98', 'beni1772', 'brenneryaron', 'aiman2001', 'aqbarshaiful', 'zalzikri', 'k3850305', 'shezan', 'niks10', 'alfin01', 'nghaowei613', 'shihong5270', 'kailoom', 'khawlinkoon', 'bornaobradovic', 'noelng0112', 'kiranjot2277', 'kl.chin0622', 'xiaoyu11', 'shirartzi00', 'pd0s__', 's2020494', 'nanododo', 'regangoh0728', 'zuying1204', 'shameelhamid', 'teh_mint12', 'xydemekiller08', 'yewyung', 'kubisselman11', 'tangkityee', 'tshihong12', 'michael.hany.mofeed', 'jxuanchia', 'koayzhengyin', 'haziqian', 'theezzy', 'saiyedharith18', 'student17202315', 'zqchin26', 'luqmanhakim', 'noakashkash', 'yungwei.tan', 'alonb96', 'matityajohn', 'yinyong0427', 'bryanleong1126', 'leewenjun', 'iskandarsofian', 'faizyus07', 'harera', 'u2003884', 'shafiq__', 'afiq010507', 'u2003956', 'chiraghegde101', 'fmatlin1997', 's2031189', 'hiirumi01', 'thishen', 'jaydenhon', 'itaizilcha', 'ikramnasir7', 'u2003990', 'tanyungwei', 'chinkeatchew880', 'ankanbis786', 'nida20', 'shahrizan01', 'poke5917', 'a7med.dawoud', 'yoanesyeo', 'abrarhasin1010', 'mostafaaplanet', 'ronb4', 'nuhaa426', 'butakimchi2021', 'shenni', 'renyi0912', 'weimingquah5', 'chiachenng123', 'fidadzli', 'dipu3139', 'daniallo17', '17202739nazif', 'refaey', 'ohwayrc', 'mark.ataev', 'abdelrahmanahmed780', 'cristina95mo', 'aiman01', 'vijayabhasker111', 'jyotityagi142', 'renyic']"
1,118,130,68,56,"['adeebzikri0', 'ikramnasir7', 'azimpaan', 'teh_mint12', 'yewyung', 'tanchunwei8681', 'tangkityee', 'u2003990', 'tanyungwei', 'yusankoh', 'tzeron2210', 'iron52bat', 'chinkeatchew880', 'nida20', 'syamil123', 'shahrizan01', 'haziqian', 'mfnizam27', 'saiyedharith18', 'theezzy', 'shameelhamid', 'zamilmuazam98', 'u2003882', 'aliffizham', 'yoanesyeo', 'irfanzahiran01', 'muhamadaiman17207593', 'u2003919', 'kj0918', 'kw01', 'aqbarshaiful', 'zalzikri', 'amirul', 'nuhaa426', 'nghaowei613', 'shihong5270', 'yungwei.tan', 'renyi0912', 'chiachenng123', 'fidadzli', 'yinyong0427', 'bryanleong1126', 'khawlinkoon', 'iskandarsofian', 'leewenjun', '17202739nazif', 'harera', 'shafiq__', 'u2003956', 'aiman01', 'xydemekiller08', 'um17206869', 's2020494', 'nanododo', 'thishen', 'jaydenhon']",74,"['aisyarazali82', 'itaizilcha', 'kiranjot.kaur.3388', 'khushbu.24347', 'kubisselman11', 'ankanbis786', 'kostac2980', 'liorisaad', 'rrr197197', 'u2003966', 'talhaim11', 'michael.hany.mofeed', 'jxuanchia', 'koayzhengyin', 'arnab.mondal777', 'grthakur18', 'myson', 'itaiben58', 'arunavignan4', 'poke5917', 'a7med.dawoud', 'student17202315', 'crce.8752.elec', 'crce.8545.elec', 'amitm', 'omarahmedgoda97', 'yj981016', 'beni1772', 'brenneryaron', 'luqmanhakim', 'hiirumi01', 'abrarhasin1010', 'shaked.bar', 'cristiano.urban.slack', 'k3850305', 'mostafaaplanet', 'ronb4', 'shezan', 'yaelm', 'butakimchi2021', 'niks10', 'bly185', 'u2003934', 'noakashkash', 'weimingquah5', 'alonb96', 'matityajohn', 'kailoom', 'bornaobradovic', 'dipu3139', 'faizyus07', 'daniallo17', 'refaey', 'kiranjot2277', 'kl.chin0622', 'afiq010507', 'mec2020012', 'xiaoyu11', 'shirartzi00', 'chiraghegde101', 'abid01', 'pd0s__', 'fmatlin1997', 'mark.ataev', 'abdelrahmanahmed780', 'tizianapirozzi', 'cristina95mo', 'vijayabhasker111', 'jyotityagi142', 'mohithanda026', 'renyic', 'tifalord010', 'zousifanstarry', 'azharali1616']",12,"['u2003884', 'ohwayrc', 'yijoelow', 'wei622', 'shenni', 's2031189', 'zqchin26', 'ain.tyra01', 'aiman2001', 'noelng0112', 'zuying1204', 'abdulhadi']",142,"['adeebzikri0', 'azimpaan', 'tanchunwei8681', 'yijoelow', 'iron52bat', 'kostac2980', 'liorisaad', 'u2003966', 'talhaim11', 'syamil123', 'arnab.mondal777', 'abdulhadi', 'mfnizam27', 'arunavignan4', 'crce.8752.elec', 'crce.8545.elec', 'amitm', 'u2003882', 'aliffizham', 'irfanzahiran01', 'muhamadaiman17207593', 'u2003919', 'kj0918', 'kw01', 'cristiano.urban.slack', 'shaked.bar', 'amirul', 'yaelm', 'bly185', 'u2003934', 'mec2020012', 'abid01', 'tizianapirozzi', 'um17206869', 'mohithanda026', 'tifalord010', 'zousifanstarry', 'azharali1616', 'aisyarazali82', 'kiranjot.kaur.3388', 'khushbu.24347', 'wei622', 'yusankoh', 'tzeron2210', 'rrr197197', 'ain.tyra01', 'grthakur18', 'myson', 'itaiben58', 'omarahmedgoda97', 'yj981016', 'zamilmuazam98', 'beni1772', 'brenneryaron', 'aiman2001', 'aqbarshaiful', 'zalzikri', 'k3850305', 'shezan', 'niks10', 'nghaowei613', 'shihong5270', 'kailoom', 'khawlinkoon', 'bornaobradovic', 'noelng0112', 'kiranjot2277', 'kl.chin0622', 'xiaoyu11', 'shirartzi00', 'pd0s__', 's2020494', 'nanododo', 'zuying1204', 'shameelhamid', 'teh_mint12', 'xydemekiller08', 'yewyung', 'kubisselman11', 'tangkityee', 'michael.hany.mofeed', 'jxuanchia', 'koayzhengyin', 'haziqian', 'theezzy', 'saiyedharith18', 'student17202315', 'zqchin26', 'luqmanhakim', 'noakashkash', 'yungwei.tan', 'alonb96', 'matityajohn', 'yinyong0427', 'bryanleong1126', 'leewenjun', 'iskandarsofian', 'faizyus07', 'harera', 'u2003884', 'shafiq__', 'afiq010507', 'u2003956', 'chiraghegde101', 'fmatlin1997', 's2031189', 'hiirumi01', 'thishen', 'jaydenhon', 'itaizilcha', 'ikramnasir7', 'u2003990', 'tanyungwei', 'chinkeatchew880', 'ankanbis786', 'nida20', 'shahrizan01', 'poke5917', 'a7med.dawoud', 'yoanesyeo', 'abrarhasin1010', 'mostafaaplanet', 'ronb4', 'nuhaa426', 'butakimchi2021', 'shenni', 'renyi0912', 'weimingquah5', 'chiachenng123', 'fidadzli', 'dipu3139', 'daniallo17', '17202739nazif', 'refaey', 'ohwayrc', 'mark.ataev', 'abdelrahmanahmed780', 'cristina95mo', 'aiman01', 'vijayabhasker111', 'jyotityagi142', 'renyic']"
1,232,130,16,4,"['refaey', 'tifalord010', 'abdelrahmanahmed780', 'cristina95mo']",126,"['adeebzikri0', 'azimpaan', 'tanchunwei8681', 'iron52bat', 'kostac2980', 'liorisaad', 'u2003966', 'talhaim11', 'syamil123', 'arnab.mondal777', 'mfnizam27', 'arunavignan4', 'crce.8752.elec', 'crce.8545.elec', 'amitm', 'u2003882', 'aliffizham', 'irfanzahiran01', 'muhamadaiman17207593', 'u2003919', 'kj0918', 'kw01', 'cristiano.urban.slack', 'shaked.bar', 'amirul', 'yaelm', 'bly185', 'u2003934', 'mec2020012', 'abid01', 'tizianapirozzi', 'um17206869', 'mohithanda026', 'zousifanstarry', 'azharali1616', 'aisyarazali82', 'kiranjot.kaur.3388', 'khushbu.24347', 'yusankoh', 'tzeron2210', 'rrr197197', 'grthakur18', 'myson', 'itaiben58', 'omarahmedgoda97', 'yj981016', 'zamilmuazam98', 'beni1772', 'brenneryaron', 'aqbarshaiful', 'zalzikri', 'k3850305', 'shezan', 'niks10', 'nghaowei613', 'shihong5270', 'kailoom', 'khawlinkoon', 'bornaobradovic', 'kiranjot2277', 'kl.chin0622', 'xiaoyu11', 'shirartzi00', 'pd0s__', 's2020494', 'nanododo', 'shameelhamid', 'teh_mint12', 'xydemekiller08', 'yewyung', 'kubisselman11', 'tangkityee', 'michael.hany.mofeed', 'jxuanchia', 'koayzhengyin', 'haziqian', 'theezzy', 'saiyedharith18', 'student17202315', 'luqmanhakim', 'noakashkash', 'yungwei.tan', 'alonb96', 'matityajohn', 'yinyong0427', 'bryanleong1126', 'leewenjun', 'iskandarsofian', 'faizyus07', 'harera', 'shafiq__', 'afiq010507', 'u2003956', 'chiraghegde101', 'fmatlin1997', 'hiirumi01', 'thishen', 'jaydenhon', 'itaizilcha', 'ikramnasir7', 'u2003990', 'tanyungwei', 'chinkeatchew880', 'ankanbis786', 'nida20', 'shahrizan01', 'poke5917', 'a7med.dawoud', 'yoanesyeo', 'abrarhasin1010', 'mostafaaplanet', 'ronb4', 'nuhaa426', 'butakimchi2021', 'renyi0912', 'weimingquah5', 'chiachenng123', 'fidadzli', 'dipu3139', 'daniallo17', '17202739nazif', 'mark.ataev', 'aiman01', 'vijayabhasker111', 'jyotityagi142', 'renyic']",12,"['dinusha', 'abobaker', 'aildefonso3', 'abdelrahmanalaa333', 'billkiller6', 'maaroufmuhammad17', 'luca.cappelletto.1', 'bhaskark.pg19.ec', 'jh_nano', 'aisuluu', 'mohamed2050', 'abdulhadi']",142,"['adeebzikri0', 'azimpaan', 'tanchunwei8681', 'iron52bat', 'kostac2980', 'liorisaad', 'u2003966', 'talhaim11', 'syamil123', 'arnab.mondal777', 'abdulhadi', 'mfnizam27', 'arunavignan4', 'abdelrahmanalaa333', 'crce.8752.elec', 'crce.8545.elec', 'amitm', 'luca.cappelletto.1', 'u2003882', 'aliffizham', 'irfanzahiran01', 'muhamadaiman17207593', 'u2003919', 'kj0918', 'kw01', 'cristiano.urban.slack', 'shaked.bar', 'amirul', 'yaelm', 'bly185', 'u2003934', 'mec2020012', 'abid01', 'tizianapirozzi', 'um17206869', 'mohithanda026', 'tifalord010', 'zousifanstarry', 'azharali1616', 'aisyarazali82', 'kiranjot.kaur.3388', 'khushbu.24347', 'yusankoh', 'tzeron2210', 'rrr197197', 'grthakur18', 'myson', 'itaiben58', 'omarahmedgoda97', 'yj981016', 'zamilmuazam98', 'beni1772', 'brenneryaron', 'aqbarshaiful', 'zalzikri', 'k3850305', 'shezan', 'niks10', 'nghaowei613', 'shihong5270', 'kailoom', 'khawlinkoon', 'bornaobradovic', 'kiranjot2277', 'kl.chin0622', 'xiaoyu11', 'shirartzi00', 'pd0s__', 's2020494', 'nanododo', 'mohamed2050', 'shameelhamid', 'teh_mint12', 'xydemekiller08', 'yewyung', 'kubisselman11', 'tangkityee', 'michael.hany.mofeed', 'jxuanchia', 'koayzhengyin', 'haziqian', 'dinusha', 'abobaker', 'theezzy', 'saiyedharith18', 'student17202315', 'luqmanhakim', 'noakashkash', 'yungwei.tan', 'alonb96', 'matityajohn', 'yinyong0427', 'bryanleong1126', 'leewenjun', 'iskandarsofian', 'aisuluu', 'faizyus07', 'harera', 'shafiq__', 'afiq010507', 'u2003956', 'chiraghegde101', 'fmatlin1997', 'jh_nano', 'hiirumi01', 'thishen', 'jaydenhon', 'itaizilcha', 'ikramnasir7', 'billkiller6', 'u2003990', 'tanyungwei', 'chinkeatchew880', 'ankanbis786', 'nida20', 'shahrizan01', 'poke5917', 'a7med.dawoud', 'yoanesyeo', 'abrarhasin1010', 'mostafaaplanet', 'ronb4', 'nuhaa426', 'butakimchi2021', 'maaroufmuhammad17', 'renyi0912', 'weimingquah5', 'bhaskark.pg19.ec', 'chiachenng123', 'fidadzli', 'dipu3139', 'daniallo17', '17202739nazif', 'refaey', 'aildefonso3', 'mark.ataev', 'abdelrahmanahmed780', 'cristina95mo', 'aiman01', 'vijayabhasker111', 'jyotityagi142', 'renyic']"
1,213,130,13,6,"['a7med.dawoud', 'omarahmedgoda97', 'abdelrahmanahmed780', 'michael.hany.mofeed', 'refaey', 'mostafaaplanet']",124,"['adeebzikri0', 'azimpaan', 'tanchunwei8681', 'iron52bat', 'kostac2980', 'liorisaad', 'u2003966', 'talhaim11', 'syamil123', 'arnab.mondal777', 'mfnizam27', 'arunavignan4', 'crce.8752.elec', 'crce.8545.elec', 'amitm', 'u2003882', 'aliffizham', 'irfanzahiran01', 'muhamadaiman17207593', 'u2003919', 'kj0918', 'kw01', 'cristiano.urban.slack', 'shaked.bar', 'amirul', 'yaelm', 'bly185', 'u2003934', 'mec2020012', 'abid01', 'tizianapirozzi', 'um17206869', 'mohithanda026', 'tifalord010', 'zousifanstarry', 'azharali1616', 'aisyarazali82', 'kiranjot.kaur.3388', 'khushbu.24347', 'yusankoh', 'tzeron2210', 'rrr197197', 'grthakur18', 'myson', 'itaiben58', 'yj981016', 'zamilmuazam98', 'beni1772', 'brenneryaron', 'aqbarshaiful', 'zalzikri', 'k3850305', 'shezan', 'niks10', 'nghaowei613', 'shihong5270', 'kailoom', 'khawlinkoon', 'bornaobradovic', 'kiranjot2277', 'kl.chin0622', 'xiaoyu11', 'shirartzi00', 'pd0s__', 's2020494', 'nanododo', 'shameelhamid', 'teh_mint12', 'xydemekiller08', 'yewyung', 'kubisselman11', 'tangkityee', 'jxuanchia', 'koayzhengyin', 'haziqian', 'theezzy', 'saiyedharith18', 'student17202315', 'luqmanhakim', 'noakashkash', 'yungwei.tan', 'alonb96', 'matityajohn', 'yinyong0427', 'bryanleong1126', 'leewenjun', 'iskandarsofian', 'faizyus07', 'harera', 'shafiq__', 'afiq010507', 'u2003956', 'chiraghegde101', 'fmatlin1997', 'hiirumi01', 'thishen', 'jaydenhon', 'itaizilcha', 'ikramnasir7', 'u2003990', 'tanyungwei', 'chinkeatchew880', 'ankanbis786', 'nida20', 'shahrizan01', 'poke5917', 'yoanesyeo', 'abrarhasin1010', 'ronb4', 'nuhaa426', 'butakimchi2021', 'renyi0912', 'weimingquah5', 'chiachenng123', 'fidadzli', 'dipu3139', 'daniallo17', '17202739nazif', 'mark.ataev', 'cristina95mo', 'aiman01', 'vijayabhasker111', 'jyotityagi142', 'renyic']",7,"['abobaker', 'farah171125', 'abdelrahmanalaa333', 'ahmed176877', 'ahmedibrahim', 'saramohamed571', 'abdel_hameed_hashem97']",137,"['adeebzikri0', 'azimpaan', 'tanchunwei8681', 'iron52bat', 'kostac2980', 'liorisaad', 'u2003966', 'talhaim11', 'syamil123', 'arnab.mondal777', 'mfnizam27', 'arunavignan4', 'abdelrahmanalaa333', 'crce.8752.elec', 'crce.8545.elec', 'amitm', 'u2003882', 'aliffizham', 'irfanzahiran01', 'muhamadaiman17207593', 'u2003919', 'kj0918', 'kw01', 'cristiano.urban.slack', 'shaked.bar', 'amirul', 'yaelm', 'bly185', 'u2003934', 'mec2020012', 'abid01', 'tizianapirozzi', 'um17206869', 'mohithanda026', 'tifalord010', 'zousifanstarry', 'azharali1616', 'abdel_hameed_hashem97', 'aisyarazali82', 'farah171125', 'kiranjot.kaur.3388', 'khushbu.24347', 'yusankoh', 'tzeron2210', 'rrr197197', 'grthakur18', 'myson', 'itaiben58', 'omarahmedgoda97', 'yj981016', 'zamilmuazam98', 'beni1772', 'brenneryaron', 'aqbarshaiful', 'zalzikri', 'k3850305', 'shezan', 'niks10', 'nghaowei613', 'shihong5270', 'kailoom', 'khawlinkoon', 'bornaobradovic', 'kiranjot2277', 'kl.chin0622', 'xiaoyu11', 'shirartzi00', 'pd0s__', 'ahmed176877', 's2020494', 'nanododo', 'shameelhamid', 'teh_mint12', 'xydemekiller08', 'yewyung', 'kubisselman11', 'tangkityee', 'michael.hany.mofeed', 'jxuanchia', 'koayzhengyin', 'saramohamed571', 'haziqian', 'abobaker', 'theezzy', 'saiyedharith18', 'student17202315', 'luqmanhakim', 'noakashkash', 'yungwei.tan', 'alonb96', 'matityajohn', 'yinyong0427', 'bryanleong1126', 'leewenjun', 'iskandarsofian', 'faizyus07', 'harera', 'shafiq__', 'afiq010507', 'u2003956', 'chiraghegde101', 'fmatlin1997', 'ahmedibrahim', 'hiirumi01', 'thishen', 'jaydenhon', 'itaizilcha', 'ikramnasir7', 'u2003990', 'tanyungwei', 'chinkeatchew880', 'ankanbis786', 'nida20', 'shahrizan01', 'poke5917', 'a7med.dawoud', 'yoanesyeo', 'abrarhasin1010', 'mostafaaplanet', 'ronb4', 'nuhaa426', 'butakimchi2021', 'renyi0912', 'weimingquah5', 'chiachenng123', 'fidadzli', 'dipu3139', 'daniallo17', '17202739nazif', 'refaey', 'mark.ataev', 'abdelrahmanahmed780', 'cristina95mo', 'aiman01', 'vijayabhasker111', 'jyotityagi142', 'renyic']"
1,115,130,11,2,"['niks10', 'talhaim11']",128,"['adeebzikri0', 'azimpaan', 'tanchunwei8681', 'iron52bat', 'kostac2980', 'liorisaad', 'u2003966', 'syamil123', 'arnab.mondal777', 'mfnizam27', 'arunavignan4', 'crce.8752.elec', 'crce.8545.elec', 'amitm', 'u2003882', 'aliffizham', 'irfanzahiran01', 'muhamadaiman17207593', 'u2003919', 'kj0918', 'kw01', 'cristiano.urban.slack', 'shaked.bar', 'amirul', 'yaelm', 'bly185', 'u2003934', 'mec2020012', 'abid01', 'tizianapirozzi', 'um17206869', 'mohithanda026', 'tifalord010', 'zousifanstarry', 'azharali1616', 'aisyarazali82', 'kiranjot.kaur.3388', 'khushbu.24347', 'yusankoh', 'tzeron2210', 'rrr197197', 'grthakur18', 'myson', 'itaiben58', 'omarahmedgoda97', 'yj981016', 'zamilmuazam98', 'beni1772', 'brenneryaron', 'aqbarshaiful', 'zalzikri', 'k3850305', 'shezan', 'nghaowei613', 'shihong5270', 'kailoom', 'khawlinkoon', 'bornaobradovic', 'kiranjot2277', 'kl.chin0622', 'xiaoyu11', 'shirartzi00', 'pd0s__', 's2020494', 'nanododo', 'shameelhamid', 'teh_mint12', 'xydemekiller08', 'yewyung', 'kubisselman11', 'tangkityee', 'michael.hany.mofeed', 'jxuanchia', 'koayzhengyin', 'haziqian', 'theezzy', 'saiyedharith18', 'student17202315', 'luqmanhakim', 'noakashkash', 'yungwei.tan', 'alonb96', 'matityajohn', 'yinyong0427', 'bryanleong1126', 'leewenjun', 'iskandarsofian', 'faizyus07', 'harera', 'shafiq__', 'afiq010507', 'u2003956', 'chiraghegde101', 'fmatlin1997', 'hiirumi01', 'thishen', 'jaydenhon', 'itaizilcha', 'ikramnasir7', 'u2003990', 'tanyungwei', 'chinkeatchew880', 'ankanbis786', 'nida20', 'shahrizan01', 'poke5917', 'a7med.dawoud', 'yoanesyeo', 'abrarhasin1010', 'mostafaaplanet', 'ronb4', 'nuhaa426', 'butakimchi2021', 'renyi0912', 'weimingquah5', 'chiachenng123', 'fidadzli', 'dipu3139', 'daniallo17', '17202739nazif', 'refaey', 'mark.ataev', 'abdelrahmanahmed780', 'cristina95mo', 'aiman01', 'vijayabhasker111', 'jyotityagi142', 'renyic']",9,"['lshliom79', 'vano4411', 'amitsh', 'michal.balberg', 'avi.shkef', 'lihigold67', 'k.sem1996', 'orelhuta', 'nadavgvili22']",139,"['adeebzikri0', 'azimpaan', 'tanchunwei8681', 'iron52bat', 'kostac2980', 'liorisaad', 'u2003966', 'talhaim11', 'syamil123', 'arnab.mondal777', 'mfnizam27', 'arunavignan4', 'amitsh', 'crce.8752.elec', 'crce.8545.elec', 'amitm', 'u2003882', 'aliffizham', 'irfanzahiran01', 'muhamadaiman17207593', 'u2003919', 'kj0918', 'kw01', 'cristiano.urban.slack', 'shaked.bar', 'amirul', 'yaelm', 'bly185', 'u2003934', 'mec2020012', 'abid01', 'tizianapirozzi', 'um17206869', 'mohithanda026', 'tifalord010', 'zousifanstarry', 'azharali1616', 'aisyarazali82', 'kiranjot.kaur.3388', 'khushbu.24347', 'yusankoh', 'tzeron2210', 'rrr197197', 'grthakur18', 'myson', 'lshliom79', 'itaiben58', 'omarahmedgoda97', 'yj981016', 'k.sem1996', 'zamilmuazam98', 'beni1772', 'brenneryaron', 'aqbarshaiful', 'zalzikri', 'k3850305', 'shezan', 'niks10', 'nghaowei613', 'shihong5270', 'kailoom', 'khawlinkoon', 'bornaobradovic', 'kiranjot2277', 'kl.chin0622', 'xiaoyu11', 'shirartzi00', 'pd0s__', 's2020494', 'nanododo', 'shameelhamid', 'teh_mint12', 'xydemekiller08', 'yewyung', 'kubisselman11', 'tangkityee', 'avi.shkef', 'michael.hany.mofeed', 'jxuanchia', 'koayzhengyin', 'haziqian', 'theezzy', 'saiyedharith18', 'student17202315', 'luqmanhakim', 'michal.balberg', 'noakashkash', 'yungwei.tan', 'alonb96', 'matityajohn', 'yinyong0427', 'bryanleong1126', 'leewenjun', 'iskandarsofian', 'faizyus07', 'harera', 'shafiq__', 'afiq010507', 'u2003956', 'chiraghegde101', 'fmatlin1997', 'hiirumi01', 'thishen', 'jaydenhon', 'itaizilcha', 'ikramnasir7', 'lihigold67', 'u2003990', 'tanyungwei', 'chinkeatchew880', 'ankanbis786', 'nida20', 'shahrizan01', 'poke5917', 'a7med.dawoud', 'yoanesyeo', 'abrarhasin1010', 'mostafaaplanet', 'ronb4', 'nuhaa426', 'butakimchi2021', 'renyi0912', 'weimingquah5', 'chiachenng123', 'fidadzli', 'orelhuta', 'nadavgvili22', 'dipu3139', 'daniallo17', '17202739nazif', 'refaey', 'vano4411', 'mark.ataev', 'abdelrahmanahmed780', 'cristina95mo', 'aiman01', 'vijayabhasker111', 'jyotityagi142', 'renyic']"
1,231,130,11,10,"['ronb4', 'yaelm', 'shirartzi00', 'amitm', 'kostac2980', 'liorisaad', 'alonb96', 'brenneryaron', 'matityajohn', 'shaked.bar']",120,"['adeebzikri0', 'azimpaan', 'tanchunwei8681', 'iron52bat', 'u2003966', 'talhaim11', 'syamil123', 'arnab.mondal777', 'mfnizam27', 'arunavignan4', 'crce.8752.elec', 'crce.8545.elec', 'u2003882', 'aliffizham', 'irfanzahiran01', 'muhamadaiman17207593', 'u2003919', 'kj0918', 'kw01', 'cristiano.urban.slack', 'amirul', 'bly185', 'u2003934', 'mec2020012', 'abid01', 'tizianapirozzi', 'um17206869', 'mohithanda026', 'tifalord010', 'zousifanstarry', 'azharali1616', 'aisyarazali82', 'kiranjot.kaur.3388', 'khushbu.24347', 'yusankoh', 'tzeron2210', 'rrr197197', 'grthakur18', 'myson', 'itaiben58', 'omarahmedgoda97', 'yj981016', 'zamilmuazam98', 'beni1772', 'aqbarshaiful', 'zalzikri', 'k3850305', 'shezan', 'niks10', 'nghaowei613', 'shihong5270', 'kailoom', 'khawlinkoon', 'bornaobradovic', 'kiranjot2277', 'kl.chin0622', 'xiaoyu11', 'pd0s__', 's2020494', 'nanododo', 'shameelhamid', 'teh_mint12', 'xydemekiller08', 'yewyung', 'kubisselman11', 'tangkityee', 'michael.hany.mofeed', 'jxuanchia', 'koayzhengyin', 'haziqian', 'theezzy', 'saiyedharith18', 'student17202315', 'luqmanhakim', 'noakashkash', 'yungwei.tan', 'yinyong0427', 'bryanleong1126', 'leewenjun', 'iskandarsofian', 'faizyus07', 'harera', 'shafiq__', 'afiq010507', 'u2003956', 'chiraghegde101', 'fmatlin1997', 'hiirumi01', 'thishen', 'jaydenhon', 'itaizilcha', 'ikramnasir7', 'u2003990', 'tanyungwei', 'chinkeatchew880', 'ankanbis786', 'nida20', 'shahrizan01', 'poke5917', 'a7med.dawoud', 'yoanesyeo', 'abrarhasin1010', 'mostafaaplanet', 'nuhaa426', 'butakimchi2021', 'renyi0912', 'weimingquah5', 'chiachenng123', 'fidadzli', 'dipu3139', 'daniallo17', '17202739nazif', 'refaey', 'mark.ataev', 'abdelrahmanahmed780', 'cristina95mo', 'aiman01', 'vijayabhasker111', 'jyotityagi142', 'renyic']",1,['amitsh'],131,"['adeebzikri0', 'azimpaan', 'tanchunwei8681', 'iron52bat', 'kostac2980', 'liorisaad', 'u2003966', 'talhaim11', 'syamil123', 'arnab.mondal777', 'mfnizam27', 'arunavignan4', 'amitsh', 'crce.8752.elec', 'crce.8545.elec', 'amitm', 'u2003882', 'aliffizham', 'irfanzahiran01', 'muhamadaiman17207593', 'u2003919', 'kj0918', 'kw01', 'cristiano.urban.slack', 'shaked.bar', 'amirul', 'yaelm', 'bly185', 'u2003934', 'mec2020012', 'abid01', 'tizianapirozzi', 'um17206869', 'mohithanda026', 'tifalord010', 'zousifanstarry', 'azharali1616', 'aisyarazali82', 'kiranjot.kaur.3388', 'khushbu.24347', 'yusankoh', 'tzeron2210', 'rrr197197', 'grthakur18', 'myson', 'itaiben58', 'omarahmedgoda97', 'yj981016', 'zamilmuazam98', 'beni1772', 'brenneryaron', 'aqbarshaiful', 'zalzikri', 'k3850305', 'shezan', 'niks10', 'nghaowei613', 'shihong5270', 'kailoom', 'khawlinkoon', 'bornaobradovic', 'kiranjot2277', 'kl.chin0622', 'xiaoyu11', 'shirartzi00', 'pd0s__', 's2020494', 'nanododo', 'shameelhamid', 'teh_mint12', 'xydemekiller08', 'yewyung', 'kubisselman11', 'tangkityee', 'michael.hany.mofeed', 'jxuanchia', 'koayzhengyin', 'haziqian', 'theezzy', 'saiyedharith18', 'student17202315', 'luqmanhakim', 'noakashkash', 'yungwei.tan', 'alonb96', 'matityajohn', 'yinyong0427', 'bryanleong1126', 'leewenjun', 'iskandarsofian', 'faizyus07', 'harera', 'shafiq__', 'afiq010507', 'u2003956', 'chiraghegde101', 'fmatlin1997', 'hiirumi01', 'thishen', 'jaydenhon', 'itaizilcha', 'ikramnasir7', 'u2003990', 'tanyungwei', 'chinkeatchew880', 'ankanbis786', 'nida20', 'shahrizan01', 'poke5917', 'a7med.dawoud', 'yoanesyeo', 'abrarhasin1010', 'mostafaaplanet', 'ronb4', 'nuhaa426', 'butakimchi2021', 'renyi0912', 'weimingquah5', 'chiachenng123', 'fidadzli', 'dipu3139', 'daniallo17', '17202739nazif', 'refaey', 'mark.ataev', 'abdelrahmanahmed780', 'cristina95mo', 'aiman01', 'vijayabhasker111', 'jyotityagi142', 'renyic']"
1,117,130,7,2,"['kj0918', 'tanchunwei8681']",128,"['adeebzikri0', 'azimpaan', 'iron52bat', 'kostac2980', 'liorisaad', 'u2003966', 'talhaim11', 'syamil123', 'arnab.mondal777', 'mfnizam27', 'arunavignan4', 'crce.8752.elec', 'crce.8545.elec', 'amitm', 'u2003882', 'aliffizham', 'irfanzahiran01', 'muhamadaiman17207593', 'u2003919', 'kw01', 'cristiano.urban.slack', 'shaked.bar', 'amirul', 'yaelm', 'bly185', 'u2003934', 'mec2020012', 'abid01', 'tizianapirozzi', 'um17206869', 'mohithanda026', 'tifalord010', 'zousifanstarry', 'azharali1616', 'aisyarazali82', 'kiranjot.kaur.3388', 'khushbu.24347', 'yusankoh', 'tzeron2210', 'rrr197197', 'grthakur18', 'myson', 'itaiben58', 'omarahmedgoda97', 'yj981016', 'zamilmuazam98', 'beni1772', 'brenneryaron', 'aqbarshaiful', 'zalzikri', 'k3850305', 'shezan', 'niks10', 'nghaowei613', 'shihong5270', 'kailoom', 'khawlinkoon', 'bornaobradovic', 'kiranjot2277', 'kl.chin0622', 'xiaoyu11', 'shirartzi00', 'pd0s__', 's2020494', 'nanododo', 'shameelhamid', 'teh_mint12', 'xydemekiller08', 'yewyung', 'kubisselman11', 'tangkityee', 'michael.hany.mofeed', 'jxuanchia', 'koayzhengyin', 'haziqian', 'theezzy', 'saiyedharith18', 'student17202315', 'luqmanhakim', 'noakashkash', 'yungwei.tan', 'alonb96', 'matityajohn', 'yinyong0427', 'bryanleong1126', 'leewenjun', 'iskandarsofian', 'faizyus07', 'harera', 'shafiq__', 'afiq010507', 'u2003956', 'chiraghegde101', 'fmatlin1997', 'hiirumi01', 'thishen', 'jaydenhon', 'itaizilcha', 'ikramnasir7', 'u2003990', 'tanyungwei', 'chinkeatchew880', 'ankanbis786', 'nida20', 'shahrizan01', 'poke5917', 'a7med.dawoud', 'yoanesyeo', 'abrarhasin1010', 'mostafaaplanet', 'ronb4', 'nuhaa426', 'butakimchi2021', 'renyi0912', 'weimingquah5', 'chiachenng123', 'fidadzli', 'dipu3139', 'daniallo17', '17202739nazif', 'refaey', 'mark.ataev', 'abdelrahmanahmed780', 'cristina95mo', 'aiman01', 'vijayabhasker111', 'jyotityagi142', 'renyic']",5,"['u2003884', 'yijoelow', 's2031189', 'noelng0112', 'zuying1204']",135,"['adeebzikri0', 'azimpaan', 'tanchunwei8681', 'yijoelow', 'iron52bat', 'kostac2980', 'liorisaad', 'u2003966', 'talhaim11', 'syamil123', 'arnab.mondal777', 'mfnizam27', 'arunavignan4', 'crce.8752.elec', 'crce.8545.elec', 'amitm', 'u2003882', 'aliffizham', 'irfanzahiran01', 'muhamadaiman17207593', 'u2003919', 'kj0918', 'kw01', 'cristiano.urban.slack', 'shaked.bar', 'amirul', 'yaelm', 'bly185', 'u2003934', 'mec2020012', 'abid01', 'tizianapirozzi', 'um17206869', 'mohithanda026', 'tifalord010', 'zousifanstarry', 'azharali1616', 'aisyarazali82', 'kiranjot.kaur.3388', 'khushbu.24347', 'yusankoh', 'tzeron2210', 'rrr197197', 'grthakur18', 'myson', 'itaiben58', 'omarahmedgoda97', 'yj981016', 'zamilmuazam98', 'beni1772', 'brenneryaron', 'aqbarshaiful', 'zalzikri', 'k3850305', 'shezan', 'niks10', 'nghaowei613', 'shihong5270', 'kailoom', 'khawlinkoon', 'bornaobradovic', 'noelng0112', 'kiranjot2277', 'kl.chin0622', 'xiaoyu11', 'shirartzi00', 'pd0s__', 's2020494', 'nanododo', 'zuying1204', 'shameelhamid', 'teh_mint12', 'xydemekiller08', 'yewyung', 'kubisselman11', 'tangkityee', 'michael.hany.mofeed', 'jxuanchia', 'koayzhengyin', 'haziqian', 'theezzy', 'saiyedharith18', 'student17202315', 'luqmanhakim', 'noakashkash', 'yungwei.tan', 'alonb96', 'matityajohn', 'yinyong0427', 'bryanleong1126', 'leewenjun', 'iskandarsofian', 'faizyus07', 'harera', 'u2003884', 'shafiq__', 'afiq010507', 'u2003956', 'chiraghegde101', 'fmatlin1997', 's2031189', 'hiirumi01', 'thishen', 'jaydenhon', 'itaizilcha', 'ikramnasir7', 'u2003990', 'tanyungwei', 'chinkeatchew880', 'ankanbis786', 'nida20', 'shahrizan01', 'poke5917', 'a7med.dawoud', 'yoanesyeo', 'abrarhasin1010', 'mostafaaplanet', 'ronb4', 'nuhaa426', 'butakimchi2021', 'renyi0912', 'weimingquah5', 'chiachenng123', 'fidadzli', 'dipu3139', 'daniallo17', '17202739nazif', 'refaey', 'mark.ataev', 'abdelrahmanahmed780', 'cristina95mo', 'aiman01', 'vijayabhasker111', 'jyotityagi142', 'renyic']"
1,27,130,5,1,['bly185'],129,"['adeebzikri0', 'azimpaan', 'tanchunwei8681', 'iron52bat', 'kostac2980', 'liorisaad', 'u2003966', 'talhaim11', 'syamil123', 'arnab.mondal777', 'mfnizam27', 'arunavignan4', 'crce.8752.elec', 'crce.8545.elec', 'amitm', 'u2003882', 'aliffizham', 'irfanzahiran01', 'muhamadaiman17207593', 'u2003919', 'kj0918', 'kw01', 'cristiano.urban.slack', 'shaked.bar', 'amirul', 'yaelm', 'u2003934', 'mec2020012', 'abid01', 'tizianapirozzi', 'um17206869', 'mohithanda026', 'tifalord010', 'zousifanstarry', 'azharali1616', 'aisyarazali82', 'kiranjot.kaur.3388', 'khushbu.24347', 'yusankoh', 'tzeron2210', 'rrr197197', 'grthakur18', 'myson', 'itaiben58', 'omarahmedgoda97', 'yj981016', 'zamilmuazam98', 'beni1772', 'brenneryaron', 'aqbarshaiful', 'zalzikri', 'k3850305', 'shezan', 'niks10', 'nghaowei613', 'shihong5270', 'kailoom', 'khawlinkoon', 'bornaobradovic', 'kiranjot2277', 'kl.chin0622', 'xiaoyu11', 'shirartzi00', 'pd0s__', 's2020494', 'nanododo', 'shameelhamid', 'teh_mint12', 'xydemekiller08', 'yewyung', 'kubisselman11', 'tangkityee', 'michael.hany.mofeed', 'jxuanchia', 'koayzhengyin', 'haziqian', 'theezzy', 'saiyedharith18', 'student17202315', 'luqmanhakim', 'noakashkash', 'yungwei.tan', 'alonb96', 'matityajohn', 'yinyong0427', 'bryanleong1126', 'leewenjun', 'iskandarsofian', 'faizyus07', 'harera', 'shafiq__', 'afiq010507', 'u2003956', 'chiraghegde101', 'fmatlin1997', 'hiirumi01', 'thishen', 'jaydenhon', 'itaizilcha', 'ikramnasir7', 'u2003990', 'tanyungwei', 'chinkeatchew880', 'ankanbis786', 'nida20', 'shahrizan01', 'poke5917', 'a7med.dawoud', 'yoanesyeo', 'abrarhasin1010', 'mostafaaplanet', 'ronb4', 'nuhaa426', 'butakimchi2021', 'renyi0912', 'weimingquah5', 'chiachenng123', 'fidadzli', 'dipu3139', 'daniallo17', '17202739nazif', 'refaey', 'mark.ataev', 'abdelrahmanahmed780', 'cristina95mo', 'aiman01', 'vijayabhasker111', 'jyotityagi142', 'renyic']",4,"['davidgmcintosh', 'jessfish', 'ssmith3', 'hpd723g']",134,"['adeebzikri0', 'azimpaan', 'tanchunwei8681', 'iron52bat', 'kostac2980', 'liorisaad', 'u2003966', 'talhaim11', 'syamil123', 'arnab.mondal777', 'mfnizam27', 'arunavignan4', 'crce.8752.elec', 'crce.8545.elec', 'amitm', 'u2003882', 'aliffizham', 'irfanzahiran01', 'muhamadaiman17207593', 'u2003919', 'kj0918', 'kw01', 'cristiano.urban.slack', 'shaked.bar', 'amirul', 'yaelm', 'bly185', 'u2003934', 'ssmith3', 'mec2020012', 'abid01', 'tizianapirozzi', 'um17206869', 'mohithanda026', 'tifalord010', 'zousifanstarry', 'azharali1616', 'aisyarazali82', 'kiranjot.kaur.3388', 'khushbu.24347', 'yusankoh', 'tzeron2210', 'rrr197197', 'grthakur18', 'myson', 'itaiben58', 'omarahmedgoda97', 'yj981016', 'zamilmuazam98', 'beni1772', 'brenneryaron', 'aqbarshaiful', 'zalzikri', 'k3850305', 'shezan', 'niks10', 'nghaowei613', 'shihong5270', 'kailoom', 'khawlinkoon', 'bornaobradovic', 'kiranjot2277', 'kl.chin0622', 'xiaoyu11', 'shirartzi00', 'jessfish', 'pd0s__', 's2020494', 'nanododo', 'shameelhamid', 'teh_mint12', 'xydemekiller08', 'yewyung', 'kubisselman11', 'tangkityee', 'michael.hany.mofeed', 'jxuanchia', 'koayzhengyin', 'haziqian', 'theezzy', 'saiyedharith18', 'student17202315', 'luqmanhakim', 'noakashkash', 'yungwei.tan', 'alonb96', 'matityajohn', 'yinyong0427', 'bryanleong1126', 'leewenjun', 'iskandarsofian', 'faizyus07', 'harera', 'shafiq__', 'afiq010507', 'u2003956', 'chiraghegde101', 'fmatlin1997', 'hpd723g', 'hiirumi01', 'thishen', 'jaydenhon', 'itaizilcha', 'ikramnasir7', 'u2003990', 'tanyungwei', 'chinkeatchew880', 'ankanbis786', 'nida20', 'davidgmcintosh', 'shahrizan01', 'poke5917', 'a7med.dawoud', 'yoanesyeo', 'abrarhasin1010', 'mostafaaplanet', 'ronb4', 'nuhaa426', 'butakimchi2021', 'renyi0912', 'weimingquah5', 'chiachenng123', 'fidadzli', 'dipu3139', 'daniallo17', '17202739nazif', 'refaey', 'mark.ataev', 'abdelrahmanahmed780', 'cristina95mo', 'aiman01', 'vijayabhasker111', 'jyotityagi142', 'renyic']"
2,259,123,103,95,"['e.javipostigo99', 'santiagocw98', 'e.santaella99', 'guerreroalonso', 'e.estelacalaforra', 'e.franfer99', 'pablovela', 'yakoirusta', 'ivancamacho4', 'auberonlc', 'e.teresalc13', 'e.francollado', 'gaasll', 'guillehermoso', 'conrado', 'alsasa', 'fidelmuriel', 'evajimenez', 'jesusgarsan', 'clarasansau', 'juangoye', 'miguel_jimort', 'josemi', 'f.morontam', 'e.jorgetg', 'albertodelmv', 'belenalvmon', 'nilsvanesostos899', 'e.pgosorio', 'joselux', 'folgoso', 'e.juangarcas', 'mcbsam', 'rubenvv', 'cristinaa_gh', 'javiubago', 'juanrocruz', 'danivisa101', 'claracd', 'edumontes_98', 'pradosabad', 'carmenarias', 'fjr', 'safaa261298', 'e.sanmillandp', 'lydiam', 'cobos', 'mariadelmarsanchez', 'pablogarra', 'mparody', 'jorgecaba2000', 'javihjhj92', 'roasdgo', 'isabelpascual', 'josealbertoap98', 'azzorini', 'ramoro10', 'delgado.espinosa.sara', 'luciazapata', 'e.javihjhj92', 'e.jaimecanovas', 'sopa_de_sobre', 'martalanzac', 'e.josemanuelrxg', 'byrey2', 'juanzim', 'jose.lop.mol98', 'pacomorales', 'javigarrido.98', 'e.myeste', 'jaimecanovas9', 'setarcos', 'hugo512', 'arturosirvent', 'aliciaroblesp', 'david1998', 'enriquearroyo', 'ivancamacho4a', 'duenas5a', 'davidsanserra', 'rubengijon', 'marinalc7', 'guillermohc1998', 'josemarivm', 'carnage', 'e.rgeo', 'juninhojuan2499', 'marcoss1', 'kevin28', 'gtorresrios', 'alvaroluque', 'hannan', 'p3drillo', 'alejandroborj', 'sanchezbarranquero']",28,"['e.silviagarcia12', 'jose99os', 'fransanfru', 'miggalben', 'anaya.mailk860773', 'luimanesp', 'simonbonnal', 'samialsmadisegovia1', 'luciazapataechevarne', 'josett', 'tomaseisman', 'javibolanos', 'migueggalan', 'a.cazorla', 'lalaugoms', 'jmorenov', 'danitlo115', 'beacasasola1', 'anabel_romero', 'german7', 'e.nereyda', 'mich_loiz', 'ursulacs', 'davidjosegg', 'alexhernandez790', 'monicatdm', 'e.juanantonio1', 'e.juliavifi']",8,"['salva_ugr_fisica', 'sergiopozuelom', 'e.jjfm04', 'javilunaquesada', 'fmgomez', 'e.guerrerosamu', 'wignerpeckart99', 'marinacardenas']",131,"['e.javipostigo99', 'e.silviagarcia12', 'santiagocw98', 'jose99os', 'e.santaella99', 'guerreroalonso', 'fransanfru', 'e.estelacalaforra', 'e.franfer99', 'pablovela', 'yakoirusta', 'ivancamacho4', 'auberonlc', 'e.teresalc13', 'e.francollado', 'gaasll', 'guillehermoso', 'conrado', 'alsasa', 'wignerpeckart99', 'fidelmuriel', 'evajimenez', 'clarasansau', 'jesusgarsan', 'juangoye', 'miguel_jimort', 'josemi', 'f.morontam', 'beacasasola1', 'e.jorgetg', 'albertodelmv', 'belenalvmon', 'nilsvanesostos899', 'e.pgosorio', 'german7', 'joselux', 'folgoso', 'e.juangarcas', 'mcbsam', 'rubenvv', 'javiubago', 'cristinaa_gh', 'juanrocruz', 'mich_loiz', 'danivisa101', 'claracd', 'edumontes_98', 'pradosabad', 'javilunaquesada', 'miggalben', 'anaya.mailk860773', 'carmenarias', 'fjr', 'safaa261298', 'e.sanmillandp', 'cobos', 'lydiam', 'mariadelmarsanchez', 'pablogarra', 'mparody', 'marinacardenas', 'jorgecaba2000', 'javihjhj92', 'lalaugoms', 'danitlo115', 'roasdgo', 'e.juliavifi', 'isabelpascual', 'josealbertoap98', 'azzorini', 'monicatdm', 'ramoro10', 'delgado.espinosa.sara', 'luciazapata', 'e.javihjhj92', 'e.jjfm04', 'e.jaimecanovas', 'sopa_de_sobre', 'luimanesp', 'martalanzac', 'e.josemanuelrxg', 'byrey2', 'juanzim', 'jose.lop.mol98', 'pacomorales', 'migueggalan', 'javigarrido.98', 'jmorenov', 'e.myeste', 'anabel_romero', 'jaimecanovas9', 'setarcos', 'hugo512', 'ursulacs', 'arturosirvent', 'davidjosegg', 'salva_ugr_fisica', 'aliciaroblesp', 'alexhernandez790', 'e.juanantonio1', 'david1998', 'enriquearroyo', 'ivancamacho4a', 'duenas5a', 'e.guerrerosamu', 'samialsmadisegovia1', 'luciazapataechevarne', 'davidsanserra', 'josett', 'rubengijon', 'sergiopozuelom', 'sanchezbarranquero', 'tomaseisman', 'marinalc7', 'guillermohc1998', 'javibolanos', 'josemarivm', 'carnage', 'a.cazorla', 'e.rgeo', 'juninhojuan2499', 'marcoss1', 'e.nereyda', 'kevin28', 'fmgomez', 'gtorresrios', 'alvaroluque', 'hannan', 'p3drillo', 'alejandroborj', 'simonbonnal']"
2,260,123,42,38,"['e.javipostigo99', 'danivisa101', 'e.silviagarcia12', 'santiagocw98', 'ivancamacho4a', 'fransanfru', 'sopa_de_sobre', 'miggalben', 'e.estelacalaforra', 'luciazapataechevarne', 'samialsmadisegovia1', 'yakoirusta', 'josett', 'lydiam', 'mariadelmarsanchez', 'fidelmuriel', 'javibolanos', 'josemarivm', 'a.cazorla', 'lalaugoms', 'danitlo115', 'e.jorgetg', 'beacasasola1', 'albertodelmv', 'belenalvmon', 'jaimecanovas9', 'folgoso', 'ursulacs', 'e.juangarcas', 'kevin28', 'davidjosegg', 'aliciaroblesp', 'ramoro10', 'delgado.espinosa.sara', 'p3drillo', 'alejandroborj', 'luciazapata', 'simonbonnal']",85,"['jose99os', 'e.santaella99', 'guerreroalonso', 'e.franfer99', 'pablovela', 'ivancamacho4', 'auberonlc', 'e.teresalc13', 'e.francollado', 'gaasll', 'guillehermoso', 'conrado', 'alsasa', 'evajimenez', 'clarasansau', 'jesusgarsan', 'juangoye', 'miguel_jimort', 'josemi', 'f.morontam', 'nilsvanesostos899', 'e.pgosorio', 'german7', 'joselux', 'mcbsam', 'rubenvv', 'cristinaa_gh', 'javiubago', 'juanrocruz', 'mich_loiz', 'claracd', 'edumontes_98', 'pradosabad', 'anaya.mailk860773', 'carmenarias', 'fjr', 'safaa261298', 'e.sanmillandp', 'cobos', 'pablogarra', 'mparody', 'jorgecaba2000', 'javihjhj92', 'roasdgo', 'isabelpascual', 'josealbertoap98', 'azzorini', 'monicatdm', 'e.javihjhj92', 'e.jaimecanovas', 'luimanesp', 'martalanzac', 'e.josemanuelrxg', 'byrey2', 'juanzim', 'jose.lop.mol98', 'pacomorales', 'migueggalan', 'javigarrido.98', 'jmorenov', 'e.myeste', 'anabel_romero', 'setarcos', 'hugo512', 'arturosirvent', 'alexhernandez790', 'e.juanantonio1', 'david1998', 'enriquearroyo', 'duenas5a', 'davidsanserra', 'rubengijon', 'sanchezbarranquero', 'tomaseisman', 'marinalc7', 'guillermohc1998', 'carnage', 'e.rgeo', 'juninhojuan2499', 'marcoss1', 'e.nereyda', 'gtorresrios', 'alvaroluque', 'hannan', 'e.juliavifi']",4,"['saullopez', 'e.jjfm04', 'laszlotg', 'franciscomontiel1998']",127,"['e.javipostigo99', 'e.silviagarcia12', 'santiagocw98', 'jose99os', 'e.santaella99', 'guerreroalonso', 'fransanfru', 'e.estelacalaforra', 'e.franfer99', 'pablovela', 'yakoirusta', 'ivancamacho4', 'saullopez', 'auberonlc', 'e.teresalc13', 'e.francollado', 'gaasll', 'guillehermoso', 'conrado', 'alsasa', 'fidelmuriel', 'evajimenez', 'clarasansau', 'jesusgarsan', 'juangoye', 'miguel_jimort', 'josemi', 'f.morontam', 'beacasasola1', 'e.jorgetg', 'albertodelmv', 'belenalvmon', 'nilsvanesostos899', 'e.pgosorio', 'german7', 'joselux', 'folgoso', 'e.juangarcas', 'mcbsam', 'rubenvv', 'javiubago', 'cristinaa_gh', 'juanrocruz', 'mich_loiz', 'danivisa101', 'claracd', 'edumontes_98', 'pradosabad', 'miggalben', 'anaya.mailk860773', 'carmenarias', 'fjr', 'safaa261298', 'e.sanmillandp', 'cobos', 'lydiam', 'mariadelmarsanchez', 'pablogarra', 'mparody', 'jorgecaba2000', 'javihjhj92', 'lalaugoms', 'danitlo115', 'roasdgo', 'e.juliavifi', 'isabelpascual', 'josealbertoap98', 'azzorini', 'monicatdm', 'ramoro10', 'delgado.espinosa.sara', 'luciazapata', 'e.javihjhj92', 'e.jjfm04', 'e.jaimecanovas', 'sopa_de_sobre', 'luimanesp', 'martalanzac', 'e.josemanuelrxg', 'byrey2', 'juanzim', 'jose.lop.mol98', 'pacomorales', 'migueggalan', 'javigarrido.98', 'jmorenov', 'e.myeste', 'anabel_romero', 'jaimecanovas9', 'franciscomontiel1998', 'setarcos', 'hugo512', 'ursulacs', 'arturosirvent', 'laszlotg', 'davidjosegg', 'aliciaroblesp', 'alexhernandez790', 'e.juanantonio1', 'david1998', 'enriquearroyo', 'ivancamacho4a', 'duenas5a', 'samialsmadisegovia1', 'luciazapataechevarne', 'davidsanserra', 'josett', 'rubengijon', 'sanchezbarranquero', 'tomaseisman', 'marinalc7', 'guillermohc1998', 'javibolanos', 'josemarivm', 'carnage', 'a.cazorla', 'e.rgeo', 'juninhojuan2499', 'marcoss1', 'e.nereyda', 'kevin28', 'gtorresrios', 'alvaroluque', 'hannan', 'p3drillo', 'alejandroborj', 'simonbonnal']"
2,261,123,12,12,"['azzorini', 'carnage', 'e.javipostigo99', 'rubengijon', 'claracd', 'byrey2', 'cobos', 'hannan', 'gtorresrios', 'josealbertoap98', 'juanrocruz', 'sanchezbarranquero']",111,"['e.silviagarcia12', 'e.javihjhj92', 'santiagocw98', 'jose99os', 'e.santaella99', 'e.jaimecanovas', 'guerreroalonso', 'fransanfru', 'sopa_de_sobre', 'luimanesp', 'e.estelacalaforra', 'martalanzac', 'e.franfer99', 'pablovela', 'yakoirusta', 'simonbonnal', 'ivancamacho4', 'e.josemanuelrxg', 'auberonlc', 'e.teresalc13', 'e.francollado', 'gaasll', 'guillehermoso', 'conrado', 'juanzim', 'alsasa', 'jose.lop.mol98', 'fidelmuriel', 'pacomorales', 'evajimenez', 'clarasansau', 'jesusgarsan', 'juangoye', 'miguel_jimort', 'migueggalan', 'josemi', 'javigarrido.98', 'f.morontam', 'jmorenov', 'beacasasola1', 'e.jorgetg', 'albertodelmv', 'e.myeste', 'anabel_romero', 'belenalvmon', 'nilsvanesostos899', 'e.pgosorio', 'german7', 'joselux', 'jaimecanovas9', 'setarcos', 'hugo512', 'folgoso', 'ursulacs', 'arturosirvent', 'e.juangarcas', 'davidjosegg', 'aliciaroblesp', 'mcbsam', 'alexhernandez790', 'rubenvv', 'javiubago', 'cristinaa_gh', 'e.juanantonio1', 'mich_loiz', 'danivisa101', 'edumontes_98', 'pradosabad', 'david1998', 'enriquearroyo', 'ivancamacho4a', 'miggalben', 'anaya.mailk860773', 'carmenarias', 'duenas5a', 'samialsmadisegovia1', 'fjr', 'luciazapataechevarne', 'davidsanserra', 'safaa261298', 'josett', 'e.sanmillandp', 'lydiam', 'mariadelmarsanchez', 'tomaseisman', 'pablogarra', 'mparody', 'marinalc7', 'guillermohc1998', 'javibolanos', 'josemarivm', 'jorgecaba2000', 'javihjhj92', 'a.cazorla', 'e.rgeo', 'lalaugoms', 'danitlo115', 'roasdgo', 'juninhojuan2499', 'marcoss1', 'isabelpascual', 'e.nereyda', 'kevin28', 'monicatdm', 'ramoro10', 'alvaroluque', 'delgado.espinosa.sara', 'p3drillo', 'alejandroborj', 'luciazapata', 'e.juliavifi']",0,[],123,"['e.javipostigo99', 'e.silviagarcia12', 'e.javihjhj92', 'santiagocw98', 'jose99os', 'e.santaella99', 'e.jaimecanovas', 'guerreroalonso', 'fransanfru', 'sopa_de_sobre', 'luimanesp', 'e.estelacalaforra', 'martalanzac', 'e.franfer99', 'pablovela', 'yakoirusta', 'simonbonnal', 'ivancamacho4', 'e.josemanuelrxg', 'auberonlc', 'e.teresalc13', 'e.francollado', 'gaasll', 'guillehermoso', 'byrey2', 'conrado', 'juanzim', 'alsasa', 'jose.lop.mol98', 'fidelmuriel', 'pacomorales', 'evajimenez', 'clarasansau', 'jesusgarsan', 'juangoye', 'miguel_jimort', 'migueggalan', 'josemi', 'javigarrido.98', 'f.morontam', 'jmorenov', 'beacasasola1', 'e.jorgetg', 'albertodelmv', 'e.myeste', 'anabel_romero', 'belenalvmon', 'nilsvanesostos899', 'e.pgosorio', 'german7', 'joselux', 'jaimecanovas9', 'setarcos', 'hugo512', 'folgoso', 'ursulacs', 'arturosirvent', 'e.juangarcas', 'davidjosegg', 'aliciaroblesp', 'mcbsam', 'alexhernandez790', 'rubenvv', 'javiubago', 'cristinaa_gh', 'juanrocruz', 'e.juanantonio1', 'mich_loiz', 'danivisa101', 'claracd', 'edumontes_98', 'pradosabad', 'david1998', 'enriquearroyo', 'ivancamacho4a', 'miggalben', 'anaya.mailk860773', 'carmenarias', 'duenas5a', 'samialsmadisegovia1', 'fjr', 'luciazapataechevarne', 'davidsanserra', 'safaa261298', 'josett', 'rubengijon', 'e.sanmillandp', 'cobos', 'lydiam', 'sanchezbarranquero', 'mariadelmarsanchez', 'tomaseisman', 'pablogarra', 'mparody', 'marinalc7', 'guillermohc1998', 'javibolanos', 'josemarivm', 'jorgecaba2000', 'carnage', 'javihjhj92', 'a.cazorla', 'e.rgeo', 'lalaugoms', 'danitlo115', 'roasdgo', 'juninhojuan2499', 'marcoss1', 'isabelpascual', 'josealbertoap98', 'e.nereyda', 'azzorini', 'kevin28', 'monicatdm', 'ramoro10', 'gtorresrios', 'alvaroluque', 'delgado.espinosa.sara', 'hannan', 'p3drillo', 'alejandroborj', 'luciazapata', 'e.juliavifi']"
2,144,123,10,8,"['jesusgarsan', 'cobos', 'pradosabad', 'e.jaimecanovas', 'pablogarra', 'mparody', 'hugo512', 'sanchezbarranquero']",115,"['e.javipostigo99', 'e.silviagarcia12', 'e.javihjhj92', 'santiagocw98', 'jose99os', 'e.santaella99', 'guerreroalonso', 'fransanfru', 'sopa_de_sobre', 'luimanesp', 'e.estelacalaforra', 'martalanzac', 'e.franfer99', 'pablovela', 'yakoirusta', 'simonbonnal', 'ivancamacho4', 'e.josemanuelrxg', 'auberonlc', 'e.teresalc13', 'e.francollado', 'gaasll', 'guillehermoso', 'byrey2', 'conrado', 'juanzim', 'alsasa', 'jose.lop.mol98', 'fidelmuriel', 'pacomorales', 'evajimenez', 'clarasansau', 'juangoye', 'miguel_jimort', 'migueggalan', 'josemi', 'javigarrido.98', 'f.morontam', 'jmorenov', 'beacasasola1', 'e.jorgetg', 'albertodelmv', 'e.myeste', 'anabel_romero', 'belenalvmon', 'nilsvanesostos899', 'e.pgosorio', 'german7', 'joselux', 'jaimecanovas9', 'setarcos', 'folgoso', 'ursulacs', 'arturosirvent', 'e.juangarcas', 'davidjosegg', 'aliciaroblesp', 'mcbsam', 'alexhernandez790', 'rubenvv', 'javiubago', 'cristinaa_gh', 'juanrocruz', 'e.juanantonio1', 'mich_loiz', 'danivisa101', 'claracd', 'edumontes_98', 'david1998', 'enriquearroyo', 'ivancamacho4a', 'miggalben', 'anaya.mailk860773', 'carmenarias', 'duenas5a', 'samialsmadisegovia1', 'fjr', 'luciazapataechevarne', 'davidsanserra', 'safaa261298', 'josett', 'rubengijon', 'e.sanmillandp', 'lydiam', 'mariadelmarsanchez', 'tomaseisman', 'marinalc7', 'guillermohc1998', 'javibolanos', 'josemarivm', 'jorgecaba2000', 'carnage', 'javihjhj92', 'a.cazorla', 'e.rgeo', 'lalaugoms', 'danitlo115', 'roasdgo', 'juninhojuan2499', 'marcoss1', 'isabelpascual', 'josealbertoap98', 'e.nereyda', 'azzorini', 'kevin28', 'monicatdm', 'ramoro10', 'gtorresrios', 'alvaroluque', 'delgado.espinosa.sara', 'hannan', 'p3drillo', 'alejandroborj', 'luciazapata', 'e.juliavifi']",2,"['e.guerrerosamu', 'salva_ugr_fisica']",125,"['e.javipostigo99', 'e.silviagarcia12', 'e.javihjhj92', 'santiagocw98', 'jose99os', 'e.santaella99', 'e.jaimecanovas', 'guerreroalonso', 'fransanfru', 'sopa_de_sobre', 'luimanesp', 'e.estelacalaforra', 'martalanzac', 'e.franfer99', 'pablovela', 'yakoirusta', 'simonbonnal', 'ivancamacho4', 'e.josemanuelrxg', 'auberonlc', 'e.teresalc13', 'e.francollado', 'gaasll', 'guillehermoso', 'byrey2', 'conrado', 'juanzim', 'alsasa', 'jose.lop.mol98', 'fidelmuriel', 'pacomorales', 'evajimenez', 'clarasansau', 'jesusgarsan', 'juangoye', 'miguel_jimort', 'migueggalan', 'josemi', 'javigarrido.98', 'f.morontam', 'jmorenov', 'beacasasola1', 'e.jorgetg', 'albertodelmv', 'e.myeste', 'anabel_romero', 'belenalvmon', 'nilsvanesostos899', 'e.pgosorio', 'german7', 'joselux', 'jaimecanovas9', 'setarcos', 'hugo512', 'folgoso', 'ursulacs', 'arturosirvent', 'e.juangarcas', 'davidjosegg', 'salva_ugr_fisica', 'aliciaroblesp', 'mcbsam', 'alexhernandez790', 'rubenvv', 'javiubago', 'cristinaa_gh', 'juanrocruz', 'e.juanantonio1', 'mich_loiz', 'danivisa101', 'claracd', 'edumontes_98', 'pradosabad', 'david1998', 'enriquearroyo', 'ivancamacho4a', 'miggalben', 'anaya.mailk860773', 'carmenarias', 'duenas5a', 'e.guerrerosamu', 'samialsmadisegovia1', 'fjr', 'luciazapataechevarne', 'davidsanserra', 'safaa261298', 'josett', 'rubengijon', 'e.sanmillandp', 'cobos', 'lydiam', 'sanchezbarranquero', 'mariadelmarsanchez', 'tomaseisman', 'pablogarra', 'mparody', 'marinalc7', 'guillermohc1998', 'javibolanos', 'josemarivm', 'jorgecaba2000', 'carnage', 'javihjhj92', 'a.cazorla', 'e.rgeo', 'lalaugoms', 'danitlo115', 'roasdgo', 'juninhojuan2499', 'marcoss1', 'isabelpascual', 'josealbertoap98', 'e.nereyda', 'azzorini', 'kevin28', 'monicatdm', 'ramoro10', 'gtorresrios', 'alvaroluque', 'delgado.espinosa.sara', 'hannan', 'p3drillo', 'alejandroborj', 'luciazapata', 'e.juliavifi']"
3,163,107,158,68,"['zhan3108', 'jennin56', 'gconer', 'mprue', 'nrrobins', 'mfangio', 'nafandi', 'pbhaske', 'sweene26', 'asyrek', 'sharlow', 'agettel', 'harri827', 'rtrafele', 'mcalisto', 'connoll1', 'tvulich', 'sinha54', 'tprati', 'ksagar', 'kbrayto', 'comer13', 'mragei', 'ndroessl', 'csrafin', 'cohland', 'zhao979', 'hawkin98', 'feng233', 'voorsm', 'akurumba', 'jperata', 'skunduru', 'fruane', 'chfranci', 'obriencaitlin20', 'snathell', 'bodhiscott', 'armour1', 'kzingaro', 'li2701', 'zuckerma', 'hollowr', 'bbarale', 'sbukzam', 'hodge20', 'hughe234', 'smahipat', 'dbhagwan', 'gagnonn', 'kradde', 'bkoszyk', 'weber164', 'gzanutta', 'nixon21', 'cleveng2', 'beers2', 'agf2018', 'svendsen', 'boninl', 'bbondi', 'sharp82', 'bird12', 'efrancoe', 'akmaksim', 'mikav', 'achungma', 'heaton4']",39,"['mill2500', 'egummers', 'hughe215', 'bwodetz', 'vank', 'rvulich', 'hicks121', 'aalangar', 'srpirtle', 'wagne267', 'sbawaney', 'hmcmilli', 'tschoste', 'mart1390', 'moeller4', 'jiang650', 'oditto', 'ruff13', 'baxter26', 'zhu999', 'zaly', 'gszyman', 'emacfady', 'irwin12', 'ding308', 'huan1346', 'yu910', 'evans251', 'meyer292', 'jkamedul', 'nalsinan', 'cottonb', 'adshowal', 'scott524', 'tdeucher', 'sgandiko', 'tuckergm', 'jomondi', 'quan8']",90,"['mclassen', 'cliffos', 'jnylen', 'kngupta', 'whollan', 'nfransen', 'mkirsch', 'rcalistr', 'artierenier', 'lukehendriks4', 'okeefee', 'jade.m.meekin', 'gfiedler', 'hmcguir', 'jmontbru', 'mlannie', 'john2345', 'jcarre', 'tsriram', 'agarw190', 'lritchis', 'mihsan', 'mmatteso', 'jgerstei', 'will1941', 'sayyala', 'llefebvr', 'amelia.markert979', 'ebinkle', 'ahn87', 'murph417', 'ander966', 'chris260', 'rstaples', 'mock6', 'bgrytza', 'jcavage', 'ellis125', 'marykirstenreilly', 'single0', 'ncivitan', 'cmancini', 'mannin15', 'nkielkop', 'ejobe', 'lvelky', 'thoma805', 'stuff', 'adoxsee', 'zhu741', 'lopez347', 'danie140', 'downeyl', 'llwan', 'carls127', 'ander939', 'kyendru', 'aalnas', 'abirkeme', 'jyounkin', 'hollej', 'rhentric', 'mngaglia', 'ojonas', 'afirkan', 'lin1297', 'jone1616', 'stockerm', 'afarha', 'jmesa', 'allen482', 'funkhous', 'liu2442', 'wdobbs', 'lopez344', 'jmestach', 'srajarat', 'thubauer', 'russe162', 'nortt', 'rdamle', 'nrentsc', 'elamewon', 'pan229', 'romack0', 'kong68', 'wagoneb', 'pate1082', 'wnorton', 'dnocon']",197,"['jennin56', 'jnylen', 'nafandi', 'hughe215', 'kngupta', 'hicks121', 'lukehendriks4', 'artierenier', 'tschoste', 'okeefee', 'oditto', 'baxter26', 'gfiedler', 'hmcguir', 'mlannie', 'jcarre', 'jkamedul', 'agarw190', 'bbondi', 'lritchis', 'mihsan', 'mmatteso', 'jgerstei', 'will1941', 'pbhaske', 'ebinkle', 'rvulich', 'mcalisto', 'ander966', 'chris260', 'comer13', 'rstaples', 'jiang650', 'mock6', 'hawkin98', 'bgrytza', 'feng233', 'skunduru', 'obriencaitlin20', 'jcavage', 'ellis125', 'marykirstenreilly', 'huan1346', 'single0', 'hodge20', 'cmancini', 'ncivitan', 'mannin15', 'ejobe', 'lvelky', 'thoma805', 'sgandiko', 'akmaksim', 'achungma', 'nrrobins', 'sweene26', 'harri827', 'tvulich', 'aalangar', 'sinha54', 'sbawaney', 'mart1390', 'lopez347', 'downeyl', 'ruff13', 'bodhiscott', 'carls127', 'smahipat', 'jyounkin', 'meyer292', 'nixon21', 'hollej', 'beers2', 'rhentric', 'scott524', 'boninl', 'jomondi', 'ojonas', 'gconer', 'mprue', 'jone1616', 'mfangio', 'bwodetz', 'agettel', 'stockerm', 'afarha', 'srpirtle', 'jmesa', 'kbrayto', 'csrafin', 'cohland', 'liu2442', 'wdobbs', 'jmestach', 'srajarat', 'thubauer', 'nortt', 'gszyman', 'zuckerma', 'ding308', 'elamewon', 'pan229', 'wagoneb', 'pate1082', 'tdeucher', 'sharp82', 'kzingaro', 'mclassen', 'cliffos', 'whollan', 'nfransen', 'wagne267', 'mkirsch', 'rcalistr', 'voorsm', 'jade.m.meekin', 'armour1', 'hollowr', 'jmontbru', 'yu910', 'dbhagwan', 'john2345', 'bkoszyk', 'weber164', 'nalsinan', 'cleveng2', 'tsriram', 'cottonb', 'bird12', 'mill2500', 'sayyala', 'zhan3108', 'egummers', 'llefebvr', 'amelia.markert979', 'ahn87', 'vank', 'rtrafele', 'murph417', 'jperata', 'fruane', 'snathell', 'zaly', 'gagnonn', 'kradde', 'evans251', 'gzanutta', 'nkielkop', 'agf2018', 'stuff', 'tuckergm', 'adoxsee', 'sbukzam', 'quan8', 'heaton4', 'asyrek', 'sharlow', 'connoll1', 'zhu741', 'mragei', 'ndroessl', 'zhao979', 'danie140', 'llwan', 'ander939', 'kyendru', 'li2701', 'emacfady', 'aalnas', 'hughe234', 'abirkeme', 'mngaglia', 'afirkan', 'lin1297', 'tprati', 'hmcmilli', 'allen482', 'ksagar', 'moeller4', 'funkhous', 'lopez344', 'chfranci', 'zhu999', 'russe162', 'rdamle', 'nrentsc', 'irwin12', 'bbarale', 'romack0', 'kong68', 'adshowal', 'wnorton', 'svendsen', 'dnocon', 'efrancoe', 'mikav', 'akurumba']"
3,164,107,41,13,"['hmcmilli', 'evans251', 'baxter26', 'armour1', 'zaly', 'adshowal', 'mart1390', 'moeller4', 'jiang650', 'bwodetz', 'huan1346', 'sinha54', 'meyer292']",94,"['jennin56', 'nafandi', 'hughe215', 'hicks121', 'wagne267', 'tschoste', 'oditto', 'voorsm', 'hollowr', 'yu910', 'dbhagwan', 'bkoszyk', 'weber164', 'jkamedul', 'nalsinan', 'cleveng2', 'cottonb', 'bbondi', 'bird12', 'mill2500', 'zhan3108', 'egummers', 'pbhaske', 'rvulich', 'rtrafele', 'mcalisto', 'vank', 'comer13', 'hawkin98', 'feng233', 'jperata', 'skunduru', 'fruane', 'obriencaitlin20', 'snathell', 'hodge20', 'gagnonn', 'kradde', 'gzanutta', 'agf2018', 'sgandiko', 'tuckergm', 'akmaksim', 'achungma', 'quan8', 'sbukzam', 'heaton4', 'nrrobins', 'sweene26', 'asyrek', 'sharlow', 'harri827', 'connoll1', 'tvulich', 'aalangar', 'sbawaney', 'mragei', 'ndroessl', 'zhao979', 'ruff13', 'bodhiscott', 'li2701', 'emacfady', 'hughe234', 'smahipat', 'nixon21', 'beers2', 'scott524', 'boninl', 'jomondi', 'gconer', 'mprue', 'mfangio', 'agettel', 'tprati', 'srpirtle', 'ksagar', 'kbrayto', 'csrafin', 'cohland', 'chfranci', 'zhu999', 'gszyman', 'irwin12', 'zuckerma', 'ding308', 'bbarale', 'svendsen', 'tdeucher', 'sharp82', 'efrancoe', 'kzingaro', 'mikav', 'akurumba']",28,"['michae19', 'chakra26', 'tladner', 'buhland', 'pmansour', 'rhodes44', 'pweitzel', 'annaleichty1', 'wood164', 'reddy62', 'see4', 'harvey83', 'hsakiewi', 'brow1511', 'nherbert', 'costel12', 'nrobb', 'djodhani', 'kjabbar', 'smit3400', 'ewolfla', 'markhodgkiss50', 'aquinli', 'douh', 'duncan94', 'lange35', 'tzadrave', 'toboyle']",135,"['jennin56', 'chakra26', 'nrrobins', 'nafandi', 'hughe215', 'sweene26', 'asyrek', 'sharlow', 'harri827', 'hicks121', 'connoll1', 'tvulich', 'aalangar', 'sinha54', 'tladner', 'wagne267', 'sbawaney', 'mragei', 'ndroessl', 'tschoste', 'mart1390', 'zhao979', 'oditto', 'voorsm', 'ruff13', 'baxter26', 'bodhiscott', 'armour1', 'see4', 'kzingaro', 'harvey83', 'li2701', 'emacfady', 'hollowr', 'sbukzam', 'nherbert', 'yu910', 'hughe234', 'smahipat', 'dbhagwan', 'bkoszyk', 'weber164', 'meyer292', 'nixon21', 'jkamedul', 'smit3400', 'nalsinan', 'cleveng2', 'beers2', 'cottonb', 'markhodgkiss50', 'duncan94', 'scott524', 'boninl', 'bbondi', 'lange35', 'tzadrave', 'efrancoe', 'bird12', 'jomondi', 'toboyle', 'mill2500', 'zhan3108', 'egummers', 'gconer', 'mprue', 'michae19', 'mfangio', 'pbhaske', 'bwodetz', 'agettel', 'rvulich', 'rtrafele', 'mcalisto', 'vank', 'tprati', 'srpirtle', 'hmcmilli', 'ksagar', 'kbrayto', 'buhland', 'comer13', 'csrafin', 'cohland', 'moeller4', 'pmansour', 'jiang650', 'hawkin98', 'quan8', 'feng233', 'pweitzel', 'akurumba', 'rhodes44', 'jperata', 'skunduru', 'fruane', 'chfranci', 'obriencaitlin20', 'annaleichty1', 'wood164', 'snathell', 'reddy62', 'zhu999', 'zaly', 'gszyman', 'irwin12', 'zuckerma', 'hsakiewi', 'ding308', 'huan1346', 'brow1511', 'bbarale', 'costel12', 'hodge20', 'gagnonn', 'kradde', 'nrobb', 'evans251', 'gzanutta', 'djodhani', 'kjabbar', 'ewolfla', 'agf2018', 'adshowal', 'aquinli', 'douh', 'svendsen', 'tdeucher', 'sgandiko', 'sharp82', 'tuckergm', 'akmaksim', 'mikav', 'achungma', 'heaton4']"
3,136,107,15,3,"['akmaksim', 'hughe234', 'nafandi']",104,"['jennin56', 'nrrobins', 'hughe215', 'sweene26', 'asyrek', 'sharlow', 'harri827', 'hicks121', 'connoll1', 'tvulich', 'aalangar', 'sinha54', 'wagne267', 'sbawaney', 'mragei', 'ndroessl', 'tschoste', 'mart1390', 'zhao979', 'oditto', 'voorsm', 'ruff13', 'baxter26', 'bodhiscott', 'armour1', 'kzingaro', 'li2701', 'emacfady', 'hollowr', 'sbukzam', 'yu910', 'smahipat', 'dbhagwan', 'bkoszyk', 'weber164', 'meyer292', 'nixon21', 'jkamedul', 'nalsinan', 'cleveng2', 'beers2', 'cottonb', 'scott524', 'boninl', 'bbondi', 'efrancoe', 'bird12', 'jomondi', 'mill2500', 'zhan3108', 'egummers', 'gconer', 'mprue', 'mfangio', 'pbhaske', 'bwodetz', 'agettel', 'rvulich', 'rtrafele', 'mcalisto', 'vank', 'tprati', 'srpirtle', 'hmcmilli', 'ksagar', 'kbrayto', 'comer13', 'csrafin', 'cohland', 'moeller4', 'jiang650', 'hawkin98', 'quan8', 'feng233', 'akurumba', 'jperata', 'skunduru', 'fruane', 'chfranci', 'obriencaitlin20', 'snathell', 'zhu999', 'zaly', 'gszyman', 'irwin12', 'zuckerma', 'ding308', 'huan1346', 'bbarale', 'hodge20', 'gagnonn', 'kradde', 'evans251', 'gzanutta', 'agf2018', 'adshowal', 'svendsen', 'tdeucher', 'sgandiko', 'sharp82', 'tuckergm', 'mikav', 'achungma', 'heaton4']",12,"['leal6', 'nkielkop', 'artierenier', 'bdbowles', 'jnylen', 'wagoneb', 'tan213', 'wrigh413', 'lopez347', 'thoma805', 'stockerm', 'murph417']",119,"['jennin56', 'jnylen', 'nrrobins', 'nafandi', 'hughe215', 'sweene26', 'asyrek', 'sharlow', 'harri827', 'hicks121', 'connoll1', 'tvulich', 'aalangar', 'sinha54', 'wagne267', 'sbawaney', 'artierenier', 'mragei', 'ndroessl', 'tschoste', 'mart1390', 'zhao979', 'lopez347', 'oditto', 'voorsm', 'ruff13', 'baxter26', 'bodhiscott', 'armour1', 'kzingaro', 'li2701', 'emacfady', 'hollowr', 'sbukzam', 'yu910', 'hughe234', 'smahipat', 'dbhagwan', 'bkoszyk', 'weber164', 'meyer292', 'nixon21', 'jkamedul', 'nalsinan', 'cleveng2', 'beers2', 'cottonb', 'tan213', 'scott524', 'boninl', 'bbondi', 'efrancoe', 'bird12', 'jomondi', 'mill2500', 'zhan3108', 'egummers', 'gconer', 'mprue', 'mfangio', 'pbhaske', 'bwodetz', 'agettel', 'stockerm', 'rvulich', 'rtrafele', 'mcalisto', 'vank', 'tprati', 'murph417', 'srpirtle', 'hmcmilli', 'ksagar', 'kbrayto', 'leal6', 'comer13', 'csrafin', 'cohland', 'moeller4', 'jiang650', 'hawkin98', 'quan8', 'feng233', 'akurumba', 'jperata', 'skunduru', 'fruane', 'chfranci', 'obriencaitlin20', 'snathell', 'zhu999', 'zaly', 'gszyman', 'bdbowles', 'irwin12', 'zuckerma', 'ding308', 'huan1346', 'bbarale', 'hodge20', 'gagnonn', 'kradde', 'evans251', 'gzanutta', 'nkielkop', 'agf2018', 'adshowal', 'wagoneb', 'svendsen', 'wrigh413', 'tdeucher', 'sgandiko', 'sharp82', 'thoma805', 'tuckergm', 'akmaksim', 'mikav', 'achungma', 'heaton4']"
3,276,107,13,7,"['mprue', 'beers2', 'pbhaske', 'asyrek', 'bbarale', 'oditto', 'achungma']",100,"['jennin56', 'nrrobins', 'nafandi', 'hughe215', 'sweene26', 'sharlow', 'harri827', 'hicks121', 'connoll1', 'tvulich', 'aalangar', 'sinha54', 'wagne267', 'sbawaney', 'mragei', 'ndroessl', 'tschoste', 'mart1390', 'zhao979', 'voorsm', 'ruff13', 'baxter26', 'bodhiscott', 'armour1', 'kzingaro', 'li2701', 'emacfady', 'hollowr', 'sbukzam', 'yu910', 'hughe234', 'smahipat', 'dbhagwan', 'bkoszyk', 'weber164', 'meyer292', 'nixon21', 'jkamedul', 'nalsinan', 'cleveng2', 'cottonb', 'scott524', 'boninl', 'bbondi', 'efrancoe', 'bird12', 'jomondi', 'mill2500', 'zhan3108', 'egummers', 'gconer', 'mfangio', 'bwodetz', 'agettel', 'rvulich', 'rtrafele', 'mcalisto', 'vank', 'tprati', 'srpirtle', 'hmcmilli', 'ksagar', 'kbrayto', 'comer13', 'csrafin', 'cohland', 'moeller4', 'jiang650', 'hawkin98', 'quan8', 'feng233', 'akurumba', 'jperata', 'skunduru', 'fruane', 'chfranci', 'obriencaitlin20', 'snathell', 'zhu999', 'zaly', 'gszyman', 'irwin12', 'zuckerma', 'ding308', 'huan1346', 'hodge20', 'gagnonn', 'kradde', 'evans251', 'gzanutta', 'agf2018', 'adshowal', 'svendsen', 'tdeucher', 'sgandiko', 'sharp82', 'tuckergm', 'akmaksim', 'mikav', 'heaton4']",6,"['sayyala', 'lin1297', 'llefebvr', 'lritchis', 'liu2442', 'murph417']",113,"['jennin56', 'nrrobins', 'nafandi', 'hughe215', 'sweene26', 'asyrek', 'sharlow', 'harri827', 'hicks121', 'connoll1', 'tvulich', 'aalangar', 'sinha54', 'wagne267', 'sbawaney', 'mragei', 'ndroessl', 'tschoste', 'mart1390', 'zhao979', 'oditto', 'voorsm', 'ruff13', 'baxter26', 'bodhiscott', 'armour1', 'kzingaro', 'li2701', 'emacfady', 'hollowr', 'sbukzam', 'yu910', 'hughe234', 'smahipat', 'dbhagwan', 'bkoszyk', 'weber164', 'meyer292', 'nixon21', 'jkamedul', 'nalsinan', 'cleveng2', 'beers2', 'cottonb', 'scott524', 'boninl', 'bbondi', 'lritchis', 'efrancoe', 'bird12', 'jomondi', 'mill2500', 'sayyala', 'zhan3108', 'egummers', 'gconer', 'mprue', 'lin1297', 'llefebvr', 'mfangio', 'pbhaske', 'bwodetz', 'agettel', 'rvulich', 'rtrafele', 'mcalisto', 'vank', 'tprati', 'murph417', 'srpirtle', 'hmcmilli', 'ksagar', 'kbrayto', 'comer13', 'csrafin', 'cohland', 'moeller4', 'jiang650', 'hawkin98', 'quan8', 'liu2442', 'feng233', 'akurumba', 'jperata', 'skunduru', 'fruane', 'chfranci', 'obriencaitlin20', 'snathell', 'zhu999', 'zaly', 'gszyman', 'irwin12', 'zuckerma', 'ding308', 'huan1346', 'bbarale', 'hodge20', 'gagnonn', 'kradde', 'evans251', 'gzanutta', 'agf2018', 'adshowal', 'svendsen', 'tdeucher', 'sgandiko', 'sharp82', 'tuckergm', 'akmaksim', 'mikav', 'achungma', 'heaton4']"
3,165,107,11,3,"['gconer', 'sbukzam', 'pbhaske']",104,"['jennin56', 'nrrobins', 'nafandi', 'hughe215', 'sweene26', 'asyrek', 'sharlow', 'harri827', 'hicks121', 'connoll1', 'tvulich', 'aalangar', 'sinha54', 'wagne267', 'sbawaney', 'mragei', 'ndroessl', 'tschoste', 'mart1390', 'zhao979', 'oditto', 'voorsm', 'ruff13', 'baxter26', 'bodhiscott', 'armour1', 'kzingaro', 'li2701', 'emacfady', 'hollowr', 'yu910', 'hughe234', 'smahipat', 'dbhagwan', 'bkoszyk', 'weber164', 'meyer292', 'nixon21', 'jkamedul', 'nalsinan', 'cleveng2', 'beers2', 'cottonb', 'scott524', 'boninl', 'bbondi', 'efrancoe', 'bird12', 'jomondi', 'mill2500', 'zhan3108', 'egummers', 'mprue', 'mfangio', 'bwodetz', 'agettel', 'rvulich', 'rtrafele', 'mcalisto', 'vank', 'tprati', 'srpirtle', 'hmcmilli', 'ksagar', 'kbrayto', 'comer13', 'csrafin', 'cohland', 'moeller4', 'jiang650', 'hawkin98', 'quan8', 'feng233', 'akurumba', 'jperata', 'skunduru', 'fruane', 'chfranci', 'obriencaitlin20', 'snathell', 'zhu999', 'zaly', 'gszyman', 'irwin12', 'zuckerma', 'ding308', 'huan1346', 'bbarale', 'hodge20', 'gagnonn', 'kradde', 'evans251', 'gzanutta', 'agf2018', 'adshowal', 'svendsen', 'tdeucher', 'sgandiko', 'sharp82', 'tuckergm', 'akmaksim', 'mikav', 'achungma', 'heaton4']",8,"['mclassen', 'esuer', 'kyendru', 'lvelky', 'ncivitan', 'pan229', 'john2345', 'murph417']",115,"['mclassen', 'jennin56', 'esuer', 'nrrobins', 'nafandi', 'hughe215', 'sweene26', 'asyrek', 'sharlow', 'harri827', 'hicks121', 'connoll1', 'tvulich', 'aalangar', 'sinha54', 'wagne267', 'sbawaney', 'mragei', 'ndroessl', 'tschoste', 'mart1390', 'zhao979', 'oditto', 'voorsm', 'ruff13', 'baxter26', 'bodhiscott', 'armour1', 'kzingaro', 'kyendru', 'li2701', 'emacfady', 'hollowr', 'sbukzam', 'yu910', 'hughe234', 'smahipat', 'dbhagwan', 'john2345', 'bkoszyk', 'weber164', 'meyer292', 'nixon21', 'jkamedul', 'nalsinan', 'cleveng2', 'beers2', 'cottonb', 'scott524', 'boninl', 'bbondi', 'efrancoe', 'bird12', 'jomondi', 'mill2500', 'zhan3108', 'egummers', 'gconer', 'mprue', 'mfangio', 'pbhaske', 'bwodetz', 'agettel', 'rvulich', 'rtrafele', 'mcalisto', 'vank', 'tprati', 'murph417', 'srpirtle', 'hmcmilli', 'ksagar', 'kbrayto', 'comer13', 'csrafin', 'cohland', 'moeller4', 'jiang650', 'hawkin98', 'quan8', 'feng233', 'akurumba', 'jperata', 'skunduru', 'fruane', 'chfranci', 'obriencaitlin20', 'snathell', 'zhu999', 'zaly', 'gszyman', 'irwin12', 'zuckerma', 'ding308', 'huan1346', 'bbarale', 'hodge20', 'ncivitan', 'pan229', 'gagnonn', 'kradde', 'evans251', 'gzanutta', 'agf2018', 'adshowal', 'svendsen', 'lvelky', 'tdeucher', 'sgandiko', 'sharp82', 'tuckergm', 'akmaksim', 'mikav', 'achungma', 'heaton4']"
3,73,107,10,7,"['bodhiscott', 'zhao979', 'hollowr', 'tvulich', 'tprati', 'achungma', 'fruane']",100,"['jennin56', 'nrrobins', 'nafandi', 'hughe215', 'sweene26', 'asyrek', 'sharlow', 'harri827', 'hicks121', 'connoll1', 'aalangar', 'sinha54', 'wagne267', 'sbawaney', 'mragei', 'ndroessl', 'tschoste', 'mart1390', 'oditto', 'voorsm', 'ruff13', 'baxter26', 'armour1', 'kzingaro', 'li2701', 'emacfady', 'sbukzam', 'yu910', 'hughe234', 'smahipat', 'dbhagwan', 'bkoszyk', 'weber164', 'meyer292', 'nixon21', 'jkamedul', 'nalsinan', 'cleveng2', 'beers2', 'cottonb', 'scott524', 'boninl', 'bbondi', 'efrancoe', 'bird12', 'jomondi', 'mill2500', 'zhan3108', 'egummers', 'gconer', 'mprue', 'mfangio', 'pbhaske', 'bwodetz', 'agettel', 'rvulich', 'rtrafele', 'mcalisto', 'vank', 'srpirtle', 'hmcmilli', 'ksagar', 'kbrayto', 'comer13', 'csrafin', 'cohland', 'moeller4', 'jiang650', 'hawkin98', 'quan8', 'feng233', 'akurumba', 'jperata', 'skunduru', 'chfranci', 'obriencaitlin20', 'snathell', 'zhu999', 'zaly', 'gszyman', 'irwin12', 'zuckerma', 'ding308', 'huan1346', 'bbarale', 'hodge20', 'gagnonn', 'kradde', 'evans251', 'gzanutta', 'agf2018', 'adshowal', 'svendsen', 'tdeucher', 'sgandiko', 'sharp82', 'tuckergm', 'akmaksim', 'mikav', 'heaton4']",3,"['ejobe', 'sayyala', 'llefebvr']",110,"['jennin56', 'nrrobins', 'nafandi', 'hughe215', 'sweene26', 'asyrek', 'sharlow', 'harri827', 'hicks121', 'connoll1', 'tvulich', 'aalangar', 'sinha54', 'wagne267', 'sbawaney', 'mragei', 'ndroessl', 'tschoste', 'mart1390', 'zhao979', 'oditto', 'voorsm', 'ruff13', 'baxter26', 'bodhiscott', 'armour1', 'kzingaro', 'li2701', 'emacfady', 'hollowr', 'sbukzam', 'yu910', 'hughe234', 'smahipat', 'dbhagwan', 'bkoszyk', 'weber164', 'meyer292', 'nixon21', 'jkamedul', 'nalsinan', 'cleveng2', 'beers2', 'cottonb', 'scott524', 'boninl', 'bbondi', 'efrancoe', 'bird12', 'jomondi', 'mill2500', 'sayyala', 'zhan3108', 'egummers', 'gconer', 'mprue', 'llefebvr', 'mfangio', 'pbhaske', 'bwodetz', 'agettel', 'rvulich', 'rtrafele', 'mcalisto', 'vank', 'tprati', 'srpirtle', 'hmcmilli', 'ksagar', 'kbrayto', 'comer13', 'csrafin', 'cohland', 'moeller4', 'jiang650', 'hawkin98', 'quan8', 'feng233', 'akurumba', 'jperata', 'skunduru', 'fruane', 'chfranci', 'obriencaitlin20', 'snathell', 'zhu999', 'zaly', 'gszyman', 'irwin12', 'zuckerma', 'ding308', 'huan1346', 'bbarale', 'hodge20', 'gagnonn', 'kradde', 'evans251', 'gzanutta', 'agf2018', 'adshowal', 'ejobe', 'svendsen', 'tdeucher', 'sgandiko', 'sharp82', 'tuckergm', 'akmaksim', 'mikav', 'achungma', 'heaton4']"
3,86,107,8,4,"['jperata', 'harri827', 'hodge20', 'mcalisto']",103,"['jennin56', 'nrrobins', 'nafandi', 'hughe215', 'sweene26', 'asyrek', 'sharlow', 'hicks121', 'connoll1', 'tvulich', 'aalangar', 'sinha54', 'wagne267', 'sbawaney', 'mragei', 'ndroessl', 'tschoste', 'mart1390', 'zhao979', 'oditto', 'voorsm', 'ruff13', 'baxter26', 'bodhiscott', 'armour1', 'kzingaro', 'li2701', 'emacfady', 'hollowr', 'sbukzam', 'yu910', 'hughe234', 'smahipat', 'dbhagwan', 'bkoszyk', 'weber164', 'meyer292', 'nixon21', 'jkamedul', 'nalsinan', 'cleveng2', 'beers2', 'cottonb', 'scott524', 'boninl', 'bbondi', 'efrancoe', 'bird12', 'jomondi', 'mill2500', 'zhan3108', 'egummers', 'gconer', 'mprue', 'mfangio', 'pbhaske', 'bwodetz', 'agettel', 'rvulich', 'rtrafele', 'vank', 'tprati', 'srpirtle', 'hmcmilli', 'ksagar', 'kbrayto', 'comer13', 'csrafin', 'cohland', 'moeller4', 'jiang650', 'hawkin98', 'quan8', 'feng233', 'akurumba', 'skunduru', 'fruane', 'chfranci', 'obriencaitlin20', 'snathell', 'zhu999', 'zaly', 'gszyman', 'irwin12', 'zuckerma', 'ding308', 'huan1346', 'bbarale', 'gagnonn', 'kradde', 'evans251', 'gzanutta', 'agf2018', 'adshowal', 'svendsen', 'tdeucher', 'sgandiko', 'sharp82', 'tuckergm', 'akmaksim', 'mikav', 'achungma', 'heaton4']",4,"['ejobe', 'ebinkle', 'agarw190', 'adoxsee']",111,"['jennin56', 'nrrobins', 'nafandi', 'hughe215', 'sweene26', 'asyrek', 'sharlow', 'harri827', 'hicks121', 'connoll1', 'tvulich', 'aalangar', 'sinha54', 'wagne267', 'sbawaney', 'mragei', 'ndroessl', 'tschoste', 'mart1390', 'zhao979', 'oditto', 'voorsm', 'ruff13', 'baxter26', 'bodhiscott', 'armour1', 'kzingaro', 'li2701', 'emacfady', 'hollowr', 'sbukzam', 'yu910', 'hughe234', 'smahipat', 'dbhagwan', 'bkoszyk', 'weber164', 'meyer292', 'nixon21', 'jkamedul', 'nalsinan', 'cleveng2', 'beers2', 'cottonb', 'agarw190', 'scott524', 'boninl', 'bbondi', 'efrancoe', 'bird12', 'jomondi', 'mill2500', 'zhan3108', 'egummers', 'gconer', 'mprue', 'mfangio', 'pbhaske', 'bwodetz', 'agettel', 'ebinkle', 'rvulich', 'rtrafele', 'mcalisto', 'vank', 'tprati', 'srpirtle', 'hmcmilli', 'ksagar', 'kbrayto', 'comer13', 'csrafin', 'cohland', 'moeller4', 'jiang650', 'hawkin98', 'quan8', 'feng233', 'akurumba', 'jperata', 'skunduru', 'fruane', 'chfranci', 'obriencaitlin20', 'snathell', 'zhu999', 'zaly', 'gszyman', 'irwin12', 'zuckerma', 'ding308', 'huan1346', 'bbarale', 'hodge20', 'gagnonn', 'kradde', 'evans251', 'gzanutta', 'agf2018', 'adshowal', 'ejobe', 'svendsen', 'tdeucher', 'sgandiko', 'sharp82', 'tuckergm', 'akmaksim', 'adoxsee', 'mikav', 'achungma', 'heaton4']"
3,75,107,6,2,"['zhan3108', 'heaton4']",105,"['jennin56', 'nrrobins', 'nafandi', 'hughe215', 'sweene26', 'asyrek', 'sharlow', 'harri827', 'hicks121', 'connoll1', 'tvulich', 'aalangar', 'sinha54', 'wagne267', 'sbawaney', 'mragei', 'ndroessl', 'tschoste', 'mart1390', 'zhao979', 'oditto', 'voorsm', 'ruff13', 'baxter26', 'bodhiscott', 'armour1', 'kzingaro', 'li2701', 'emacfady', 'hollowr', 'sbukzam', 'yu910', 'hughe234', 'smahipat', 'dbhagwan', 'bkoszyk', 'weber164', 'meyer292', 'nixon21', 'jkamedul', 'nalsinan', 'cleveng2', 'beers2', 'cottonb', 'scott524', 'boninl', 'bbondi', 'efrancoe', 'bird12', 'jomondi', 'mill2500', 'egummers', 'gconer', 'mprue', 'mfangio', 'pbhaske', 'bwodetz', 'agettel', 'rvulich', 'rtrafele', 'mcalisto', 'vank', 'tprati', 'srpirtle', 'hmcmilli', 'ksagar', 'kbrayto', 'comer13', 'csrafin', 'cohland', 'moeller4', 'jiang650', 'hawkin98', 'quan8', 'feng233', 'akurumba', 'jperata', 'skunduru', 'fruane', 'chfranci', 'obriencaitlin20', 'snathell', 'zhu999', 'zaly', 'gszyman', 'irwin12', 'zuckerma', 'ding308', 'huan1346', 'bbarale', 'hodge20', 'gagnonn', 'kradde', 'evans251', 'gzanutta', 'agf2018', 'adshowal', 'svendsen', 'tdeucher', 'sgandiko', 'sharp82', 'tuckergm', 'akmaksim', 'mikav', 'achungma']",4,"['drake38', 'kocher1', 'shannob', 'bavenell']",111,"['kocher1', 'jennin56', 'nrrobins', 'nafandi', 'hughe215', 'sweene26', 'asyrek', 'sharlow', 'harri827', 'hicks121', 'connoll1', 'tvulich', 'aalangar', 'sinha54', 'wagne267', 'sbawaney', 'mragei', 'ndroessl', 'tschoste', 'mart1390', 'zhao979', 'oditto', 'voorsm', 'ruff13', 'baxter26', 'bodhiscott', 'armour1', 'kzingaro', 'li2701', 'emacfady', 'hollowr', 'sbukzam', 'yu910', 'hughe234', 'smahipat', 'dbhagwan', 'bkoszyk', 'weber164', 'meyer292', 'nixon21', 'jkamedul', 'nalsinan', 'cleveng2', 'beers2', 'cottonb', 'scott524', 'boninl', 'bbondi', 'efrancoe', 'bird12', 'jomondi', 'mill2500', 'zhan3108', 'egummers', 'gconer', 'mprue', 'mfangio', 'pbhaske', 'bwodetz', 'agettel', 'rvulich', 'rtrafele', 'mcalisto', 'vank', 'tprati', 'srpirtle', 'hmcmilli', 'ksagar', 'kbrayto', 'comer13', 'csrafin', 'cohland', 'moeller4', 'jiang650', 'hawkin98', 'quan8', 'drake38', 'feng233', 'akurumba', 'jperata', 'skunduru', 'fruane', 'chfranci', 'obriencaitlin20', 'shannob', 'snathell', 'zhu999', 'zaly', 'gszyman', 'irwin12', 'zuckerma', 'ding308', 'huan1346', 'bbarale', 'hodge20', 'gagnonn', 'kradde', 'evans251', 'gzanutta', 'agf2018', 'adshowal', 'bavenell', 'svendsen', 'tdeucher', 'sgandiko', 'sharp82', 'tuckergm', 'akmaksim', 'mikav', 'achungma', 'heaton4']"
3,236,107,6,1,['bodhiscott'],106,"['jennin56', 'nrrobins', 'nafandi', 'hughe215', 'sweene26', 'asyrek', 'sharlow', 'harri827', 'hicks121', 'connoll1', 'tvulich', 'aalangar', 'sinha54', 'wagne267', 'sbawaney', 'mragei', 'ndroessl', 'tschoste', 'mart1390', 'zhao979', 'oditto', 'voorsm', 'ruff13', 'baxter26', 'armour1', 'kzingaro', 'li2701', 'emacfady', 'hollowr', 'sbukzam', 'yu910', 'hughe234', 'smahipat', 'dbhagwan', 'bkoszyk', 'weber164', 'meyer292', 'nixon21', 'jkamedul', 'nalsinan', 'cleveng2', 'beers2', 'cottonb', 'scott524', 'boninl', 'bbondi', 'efrancoe', 'bird12', 'jomondi', 'mill2500', 'zhan3108', 'egummers', 'gconer', 'mprue', 'mfangio', 'pbhaske', 'bwodetz', 'agettel', 'rvulich', 'rtrafele', 'mcalisto', 'vank', 'tprati', 'srpirtle', 'hmcmilli', 'ksagar', 'kbrayto', 'comer13', 'csrafin', 'cohland', 'moeller4', 'jiang650', 'hawkin98', 'quan8', 'feng233', 'akurumba', 'jperata', 'skunduru', 'fruane', 'chfranci', 'obriencaitlin20', 'snathell', 'zhu999', 'zaly', 'gszyman', 'irwin12', 'zuckerma', 'ding308', 'huan1346', 'bbarale', 'hodge20', 'gagnonn', 'kradde', 'evans251', 'gzanutta', 'agf2018', 'adshowal', 'svendsen', 'tdeucher', 'sgandiko', 'sharp82', 'tuckergm', 'akmaksim', 'mikav', 'achungma', 'heaton4']",5,"['cliffos', 'romack0', 'shagaman', 'ebinkle', 'mihsan']",112,"['jennin56', 'cliffos', 'nrrobins', 'nafandi', 'hughe215', 'sweene26', 'asyrek', 'sharlow', 'harri827', 'hicks121', 'connoll1', 'tvulich', 'aalangar', 'sinha54', 'wagne267', 'sbawaney', 'mragei', 'ndroessl', 'tschoste', 'mart1390', 'zhao979', 'oditto', 'voorsm', 'ruff13', 'baxter26', 'bodhiscott', 'armour1', 'kzingaro', 'li2701', 'emacfady', 'hollowr', 'sbukzam', 'yu910', 'hughe234', 'smahipat', 'dbhagwan', 'bkoszyk', 'weber164', 'meyer292', 'nixon21', 'jkamedul', 'nalsinan', 'cleveng2', 'beers2', 'cottonb', 'shagaman', 'scott524', 'boninl', 'bbondi', 'efrancoe', 'bird12', 'mihsan', 'jomondi', 'mill2500', 'zhan3108', 'egummers', 'gconer', 'mprue', 'mfangio', 'pbhaske', 'bwodetz', 'agettel', 'ebinkle', 'rvulich', 'rtrafele', 'mcalisto', 'vank', 'tprati', 'srpirtle', 'hmcmilli', 'ksagar', 'kbrayto', 'comer13', 'csrafin', 'cohland', 'moeller4', 'jiang650', 'hawkin98', 'quan8', 'feng233', 'akurumba', 'jperata', 'skunduru', 'fruane', 'chfranci', 'obriencaitlin20', 'snathell', 'zhu999', 'zaly', 'gszyman', 'irwin12', 'zuckerma', 'ding308', 'huan1346', 'bbarale', 'hodge20', 'gagnonn', 'kradde', 'evans251', 'gzanutta', 'romack0', 'agf2018', 'adshowal', 'svendsen', 'tdeucher', 'sgandiko', 'sharp82', 'tuckergm', 'akmaksim', 'mikav', 'achungma', 'heaton4']"
3,173,107,5,2,"['tschoste', 'cottonb']",105,"['jennin56', 'nrrobins', 'nafandi', 'hughe215', 'sweene26', 'asyrek', 'sharlow', 'harri827', 'hicks121', 'connoll1', 'tvulich', 'aalangar', 'sinha54', 'wagne267', 'sbawaney', 'mragei', 'ndroessl', 'mart1390', 'zhao979', 'oditto', 'voorsm', 'ruff13', 'baxter26', 'bodhiscott', 'armour1', 'kzingaro', 'li2701', 'emacfady', 'hollowr', 'sbukzam', 'yu910', 'hughe234', 'smahipat', 'dbhagwan', 'bkoszyk', 'weber164', 'meyer292', 'nixon21', 'jkamedul', 'nalsinan', 'cleveng2', 'beers2', 'scott524', 'boninl', 'bbondi', 'efrancoe', 'bird12', 'jomondi', 'mill2500', 'zhan3108', 'egummers', 'gconer', 'mprue', 'mfangio', 'pbhaske', 'bwodetz', 'agettel', 'rvulich', 'rtrafele', 'mcalisto', 'vank', 'tprati', 'srpirtle', 'hmcmilli', 'ksagar', 'kbrayto', 'comer13', 'csrafin', 'cohland', 'moeller4', 'jiang650', 'hawkin98', 'quan8', 'feng233', 'akurumba', 'jperata', 'skunduru', 'fruane', 'chfranci', 'obriencaitlin20', 'snathell', 'zhu999', 'zaly', 'gszyman', 'irwin12', 'zuckerma', 'ding308', 'huan1346', 'bbarale', 'hodge20', 'gagnonn', 'kradde', 'evans251', 'gzanutta', 'agf2018', 'adshowal', 'svendsen', 'tdeucher', 'sgandiko', 'sharp82', 'tuckergm', 'akmaksim', 'mikav', 'achungma', 'heaton4']",3,"['weber171', 'baylessl', 'thubauer']",110,"['jennin56', 'nrrobins', 'nafandi', 'hughe215', 'sweene26', 'asyrek', 'sharlow', 'harri827', 'hicks121', 'connoll1', 'tvulich', 'aalangar', 'sinha54', 'wagne267', 'sbawaney', 'mragei', 'ndroessl', 'tschoste', 'mart1390', 'zhao979', 'oditto', 'voorsm', 'ruff13', 'baxter26', 'bodhiscott', 'armour1', 'baylessl', 'kzingaro', 'li2701', 'emacfady', 'hollowr', 'sbukzam', 'yu910', 'hughe234', 'smahipat', 'dbhagwan', 'bkoszyk', 'weber164', 'meyer292', 'nixon21', 'jkamedul', 'nalsinan', 'cleveng2', 'beers2', 'cottonb', 'scott524', 'boninl', 'bbondi', 'efrancoe', 'bird12', 'jomondi', 'mill2500', 'weber171', 'zhan3108', 'egummers', 'gconer', 'mprue', 'mfangio', 'pbhaske', 'bwodetz', 'agettel', 'rvulich', 'rtrafele', 'mcalisto', 'vank', 'tprati', 'srpirtle', 'hmcmilli', 'ksagar', 'kbrayto', 'comer13', 'csrafin', 'cohland', 'moeller4', 'jiang650', 'hawkin98', 'quan8', 'feng233', 'akurumba', 'jperata', 'skunduru', 'fruane', 'chfranci', 'obriencaitlin20', 'snathell', 'zhu999', 'zaly', 'gszyman', 'thubauer', 'irwin12', 'zuckerma', 'ding308', 'huan1346', 'bbarale', 'hodge20', 'gagnonn', 'kradde', 'evans251', 'gzanutta', 'agf2018', 'adshowal', 'svendsen', 'tdeucher', 'sgandiko', 'sharp82', 'tuckergm', 'akmaksim', 'mikav', 'achungma', 'heaton4']"
4,84,96,39,21,"['dyuna.soledade', 'wkirby1', 't.van', 'nlopezmora', 'vallen', 'rios.ceduardo', 'docejo', 'morganwilliams', 'bgartside', 'serranoh', 'glaumchloe', 'cami', 'shaynedagostino', 'rebeccapoole', 'robert.murtha07', 'jacksonpartlow', 'gyeomans', 'cgettinger', 'cnapoles', 'jrabosto', 'argstanton']",75,"['a.mahapatra', 'nicholaspech', 'rlucas1', 'jvanhsy1', 'lianettpineda', 'mcarreno', 'rao.mihir', 'amirn', 'sophia.corrales', 'yassinlabichi', 'robertkaufman1', 'anna.langley', 'rosenblumj', 'jsanto22', 'walkert1', 'alainagordon', 'lyndseylaborde', 'jahyagumbs', 'jacob.cornell', 'sbmaier', 'brandongarver', 'carmennn', 'eanatividad1', 'pr4b0w0', 'chungyanlee', 'a01632196', 'jordanbuisch', 'kayladunnuck', 'walter.sanchez', 'judyzwz', 'diploadrauu', 'plu123', 'btreacy', 'jpmctavish', 'jeffdemetrio', 'nicolas.yanez', 'm.horn', 'oliviarandell', 'eric.bodnar', 'nguyenk2', 'frankvigoa', 'jbrownell321', 'rsanchezcereijo', 'snehalmisra', 'glorber', 'jwoody3', 'millero', 'manaschaturvedi', 'joel.cruz', 'bethany.baker', 'dunleavy.patrick', 'jettsu', 'arodriguez30', 'tmomplaisir', 'kssolovyeva', 'matthew.maloney', 'exirinach', 'stefenlagos', 'aidanvega', 'carlosrea', 'thomastc32', 'amaldonadomartin', 'a.santana', 'natashapolito', 'connorduffy', 'gzeus', 'jweichselbaumer', 'hennashah', 'btanguay', 'brooke.mcguire', 'a01632679', 'marinschrack', 'adri.cabezas', 'ashleymitchell', 'n.aria']",18,"['brianlien', 's.alderman', 'roy.mesa', 'bklein1', 'tyler.mark', 'thomasdonovan', 'gavin.drawdy', 'j.cardenas', 'kginter', 'perry.bechtle', 'jherreracarrillo', '8223freret', 'kylelackey', 'bthompson2', 'jting', 'olivia.bergmann', 'hernandezv', 'joseph.johnson']",114,"['a.mahapatra', 'jvanhsy1', 'dyuna.soledade', 'tyler.mark', 'thomasdonovan', 'wkirby1', 'rao.mihir', 'mcarreno', 'sophia.corrales', 'yassinlabichi', 't.van', 'kylelackey', 'jahyagumbs', 'brandongarver', 'carmennn', 'eanatividad1', 'rios.ceduardo', 'morganwilliams', 'kayladunnuck', 'bgartside', 'walter.sanchez', 'serranoh', 'perry.bechtle', 'btreacy', 'jeffdemetrio', 'hernandezv', 'm.horn', 'oliviarandell', 'eric.bodnar', 'frankvigoa', 'snehalmisra', 'jwoody3', 'j.cardenas', 'millero', 'manaschaturvedi', 'joel.cruz', 'bethany.baker', 'shaynedagostino', 'kssolovyeva', 'stefenlagos', 'robert.murtha07', 'bklein1', 'a.santana', 'natashapolito', 'jacksonpartlow', 'gyeomans', 'kginter', 'gzeus', 'jweichselbaumer', 'hennashah', 'brooke.mcguire', 'a01632679', 'lianettpineda', 'adri.cabezas', 'jrabosto', 'n.aria', 'argstanton', 'nicholaspech', 'rlucas1', 'amirn', 'robertkaufman1', 'anna.langley', 'rosenblumj', 'jsanto22', '8223freret', 'walkert1', 'alainagordon', 'lyndseylaborde', 'jting', 'jacob.cornell', 'nlopezmora', 'sbmaier', 'vallen', 's.alderman', 'pr4b0w0', 'chungyanlee', 'a01632196', 'jordanbuisch', 'docejo', 'judyzwz', 'diploadrauu', 'plu123', 'jpmctavish', 'nicolas.yanez', 'bthompson2', 'olivia.bergmann', 'nguyenk2', 'glorber', 'jbrownell321', 'rsanchezcereijo', 'brianlien', 'roy.mesa', 'cami', 'jettsu', 'dunleavy.patrick', 'gavin.drawdy', 'arodriguez30', 'tmomplaisir', 'rebeccapoole', 'matthew.maloney', 'exirinach', 'aidanvega', 'carlosrea', 'thomastc32', 'amaldonadomartin', 'connorduffy', 'jherreracarrillo', 'cgettinger', 'cnapoles', 'btanguay', 'marinschrack', 'glaumchloe', 'ashleymitchell', 'joseph.johnson']"
4,88,96,23,17,"['brandongarver', 'rsanchezcereijo', 'a.santana', 'glorber', 'rao.mihir', 'mcarreno', 'sophia.corrales', 'kayladunnuck', 'robertkaufman1', 'walter.sanchez', 'jweichselbaumer', 'btreacy', 'joel.cruz', 'nicolas.yanez', 'arodriguez30', 'exirinach', 'frankvigoa']",79,"['a.mahapatra', 'jvanhsy1', 'dyuna.soledade', 'wkirby1', 'yassinlabichi', 't.van', 'jahyagumbs', 'carmennn', 'eanatividad1', 'rios.ceduardo', 'morganwilliams', 'bgartside', 'serranoh', 'jeffdemetrio', 'm.horn', 'oliviarandell', 'eric.bodnar', 'snehalmisra', 'jwoody3', 'millero', 'manaschaturvedi', 'bethany.baker', 'shaynedagostino', 'kssolovyeva', 'stefenlagos', 'robert.murtha07', 'natashapolito', 'jacksonpartlow', 'gyeomans', 'gzeus', 'hennashah', 'brooke.mcguire', 'a01632679', 'lianettpineda', 'adri.cabezas', 'jrabosto', 'n.aria', 'argstanton', 'nicholaspech', 'rlucas1', 'amirn', 'anna.langley', 'rosenblumj', 'jsanto22', 'walkert1', 'alainagordon', 'lyndseylaborde', 'jacob.cornell', 'nlopezmora', 'sbmaier', 'vallen', 'pr4b0w0', 'chungyanlee', 'a01632196', 'jordanbuisch', 'docejo', 'judyzwz', 'diploadrauu', 'plu123', 'jpmctavish', 'nguyenk2', 'jbrownell321', 'cami', 'jettsu', 'dunleavy.patrick', 'tmomplaisir', 'rebeccapoole', 'matthew.maloney', 'aidanvega', 'carlosrea', 'thomastc32', 'amaldonadomartin', 'connorduffy', 'cgettinger', 'cnapoles', 'btanguay', 'marinschrack', 'glaumchloe', 'ashleymitchell']",6,"['ksantaniello', 'zhewitt', 'kyle.james', 'm.mcguinness', 'jake.julia', 'sgandhi']",102,"['a.mahapatra', 'jvanhsy1', 'dyuna.soledade', 'wkirby1', 'rao.mihir', 'mcarreno', 'sophia.corrales', 'yassinlabichi', 't.van', 'jahyagumbs', 'brandongarver', 'carmennn', 'eanatividad1', 'rios.ceduardo', 'morganwilliams', 'kayladunnuck', 'bgartside', 'walter.sanchez', 'serranoh', 'btreacy', 'jeffdemetrio', 'm.horn', 'oliviarandell', 'eric.bodnar', 'frankvigoa', 'snehalmisra', 'jwoody3', 'ksantaniello', 'millero', 'manaschaturvedi', 'joel.cruz', 'bethany.baker', 'shaynedagostino', 'kssolovyeva', 'stefenlagos', 'robert.murtha07', 'a.santana', 'natashapolito', 'jacksonpartlow', 'gyeomans', 'jake.julia', 'gzeus', 'jweichselbaumer', 'm.mcguinness', 'hennashah', 'sgandhi', 'brooke.mcguire', 'a01632679', 'lianettpineda', 'adri.cabezas', 'jrabosto', 'n.aria', 'argstanton', 'nicholaspech', 'rlucas1', 'amirn', 'robertkaufman1', 'anna.langley', 'rosenblumj', 'jsanto22', 'walkert1', 'alainagordon', 'lyndseylaborde', 'jacob.cornell', 'nlopezmora', 'sbmaier', 'vallen', 'pr4b0w0', 'chungyanlee', 'a01632196', 'jordanbuisch', 'docejo', 'kyle.james', 'judyzwz', 'diploadrauu', 'plu123', 'jpmctavish', 'nicolas.yanez', 'nguyenk2', 'glorber', 'jbrownell321', 'rsanchezcereijo', 'cami', 'zhewitt', 'jettsu', 'dunleavy.patrick', 'arodriguez30', 'tmomplaisir', 'rebeccapoole', 'matthew.maloney', 'exirinach', 'aidanvega', 'carlosrea', 'thomastc32', 'amaldonadomartin', 'connorduffy', 'cgettinger', 'cnapoles', 'btanguay', 'marinschrack', 'glaumchloe', 'ashleymitchell']"
4,83,96,15,8,"['natashapolito', 'kayladunnuck', 'tmomplaisir', 'rosenblumj', 'manaschaturvedi', 'bethany.baker', 'dunleavy.patrick', 'jahyagumbs']",88,"['a.mahapatra', 'jvanhsy1', 'dyuna.soledade', 'wkirby1', 'rao.mihir', 'mcarreno', 'sophia.corrales', 'yassinlabichi', 't.van', 'brandongarver', 'carmennn', 'eanatividad1', 'rios.ceduardo', 'morganwilliams', 'bgartside', 'walter.sanchez', 'serranoh', 'btreacy', 'jeffdemetrio', 'm.horn', 'oliviarandell', 'eric.bodnar', 'frankvigoa', 'snehalmisra', 'jwoody3', 'millero', 'joel.cruz', 'shaynedagostino', 'kssolovyeva', 'stefenlagos', 'robert.murtha07', 'a.santana', 'jacksonpartlow', 'gyeomans', 'gzeus', 'jweichselbaumer', 'hennashah', 'brooke.mcguire', 'a01632679', 'lianettpineda', 'adri.cabezas', 'jrabosto', 'n.aria', 'argstanton', 'nicholaspech', 'rlucas1', 'amirn', 'robertkaufman1', 'anna.langley', 'jsanto22', 'walkert1', 'alainagordon', 'lyndseylaborde', 'jacob.cornell', 'nlopezmora', 'sbmaier', 'vallen', 'pr4b0w0', 'chungyanlee', 'a01632196', 'jordanbuisch', 'docejo', 'judyzwz', 'diploadrauu', 'plu123', 'jpmctavish', 'nicolas.yanez', 'nguyenk2', 'glorber', 'jbrownell321', 'rsanchezcereijo', 'cami', 'jettsu', 'arodriguez30', 'rebeccapoole', 'matthew.maloney', 'exirinach', 'aidanvega', 'carlosrea', 'thomastc32', 'amaldonadomartin', 'connorduffy', 'cgettinger', 'cnapoles', 'btanguay', 'marinschrack', 'glaumchloe', 'ashleymitchell']",7,"['hvantassel', 'justinwalsh', 'jwingen', 'mwielatz', 'sergiolopez', 'rnowak', 'andrew.montiegel']",103,"['a.mahapatra', 'jvanhsy1', 'dyuna.soledade', 'wkirby1', 'rao.mihir', 'mcarreno', 'sophia.corrales', 'yassinlabichi', 't.van', 'jahyagumbs', 'brandongarver', 'carmennn', 'eanatividad1', 'rios.ceduardo', 'morganwilliams', 'hvantassel', 'kayladunnuck', 'bgartside', 'walter.sanchez', 'serranoh', 'btreacy', 'jeffdemetrio', 'm.horn', 'oliviarandell', 'eric.bodnar', 'frankvigoa', 'snehalmisra', 'jwoody3', 'millero', 'manaschaturvedi', 'joel.cruz', 'bethany.baker', 'justinwalsh', 'shaynedagostino', 'kssolovyeva', 'stefenlagos', 'robert.murtha07', 'a.santana', 'natashapolito', 'jacksonpartlow', 'gyeomans', 'gzeus', 'jweichselbaumer', 'hennashah', 'brooke.mcguire', 'a01632679', 'lianettpineda', 'adri.cabezas', 'jrabosto', 'n.aria', 'argstanton', 'nicholaspech', 'rlucas1', 'amirn', 'robertkaufman1', 'anna.langley', 'rosenblumj', 'jsanto22', 'mwielatz', 'walkert1', 'alainagordon', 'lyndseylaborde', 'jacob.cornell', 'rnowak', 'nlopezmora', 'sbmaier', 'vallen', 'pr4b0w0', 'chungyanlee', 'a01632196', 'jordanbuisch', 'docejo', 'judyzwz', 'diploadrauu', 'plu123', 'jwingen', 'jpmctavish', 'nicolas.yanez', 'nguyenk2', 'glorber', 'jbrownell321', 'rsanchezcereijo', 'cami', 'jettsu', 'dunleavy.patrick', 'sergiolopez', 'andrew.montiegel', 'arodriguez30', 'tmomplaisir', 'rebeccapoole', 'matthew.maloney', 'exirinach', 'aidanvega', 'carlosrea', 'thomastc32', 'amaldonadomartin', 'connorduffy', 'cgettinger', 'cnapoles', 'btanguay', 'marinschrack', 'glaumchloe', 'ashleymitchell']"
4,89,96,10,8,"['amaldonadomartin', 'gyeomans', 'yassinlabichi', 'millero', 'jeffdemetrio', 'alainagordon', 'm.horn', 'rebeccapoole']",88,"['a.mahapatra', 'jvanhsy1', 'dyuna.soledade', 'wkirby1', 'rao.mihir', 'mcarreno', 'sophia.corrales', 't.van', 'jahyagumbs', 'brandongarver', 'carmennn', 'eanatividad1', 'rios.ceduardo', 'morganwilliams', 'kayladunnuck', 'bgartside', 'walter.sanchez', 'serranoh', 'btreacy', 'oliviarandell', 'eric.bodnar', 'frankvigoa', 'snehalmisra', 'jwoody3', 'manaschaturvedi', 'joel.cruz', 'bethany.baker', 'shaynedagostino', 'kssolovyeva', 'stefenlagos', 'robert.murtha07', 'a.santana', 'natashapolito', 'jacksonpartlow', 'gzeus', 'jweichselbaumer', 'hennashah', 'brooke.mcguire', 'a01632679', 'lianettpineda', 'adri.cabezas', 'jrabosto', 'n.aria', 'argstanton', 'nicholaspech', 'rlucas1', 'amirn', 'robertkaufman1', 'anna.langley', 'rosenblumj', 'jsanto22', 'walkert1', 'lyndseylaborde', 'jacob.cornell', 'nlopezmora', 'sbmaier', 'vallen', 'pr4b0w0', 'chungyanlee', 'a01632196', 'jordanbuisch', 'docejo', 'judyzwz', 'diploadrauu', 'plu123', 'jpmctavish', 'nicolas.yanez', 'nguyenk2', 'glorber', 'jbrownell321', 'rsanchezcereijo', 'cami', 'jettsu', 'dunleavy.patrick', 'arodriguez30', 'tmomplaisir', 'matthew.maloney', 'exirinach', 'aidanvega', 'carlosrea', 'thomastc32', 'connorduffy', 'cgettinger', 'cnapoles', 'btanguay', 'marinschrack', 'glaumchloe', 'ashleymitchell']",2,"['caderylands', '8223freret']",98,"['a.mahapatra', 'jvanhsy1', 'dyuna.soledade', 'wkirby1', 'rao.mihir', 'mcarreno', 'sophia.corrales', 'yassinlabichi', 't.van', 'jahyagumbs', 'brandongarver', 'carmennn', 'eanatividad1', 'rios.ceduardo', 'morganwilliams', 'kayladunnuck', 'bgartside', 'walter.sanchez', 'serranoh', 'btreacy', 'jeffdemetrio', 'm.horn', 'oliviarandell', 'eric.bodnar', 'frankvigoa', 'snehalmisra', 'jwoody3', 'millero', 'manaschaturvedi', 'joel.cruz', 'bethany.baker', 'shaynedagostino', 'kssolovyeva', 'stefenlagos', 'robert.murtha07', 'a.santana', 'natashapolito', 'jacksonpartlow', 'gyeomans', 'gzeus', 'jweichselbaumer', 'hennashah', 'brooke.mcguire', 'a01632679', 'lianettpineda', 'adri.cabezas', 'jrabosto', 'n.aria', 'argstanton', 'nicholaspech', 'rlucas1', 'amirn', 'robertkaufman1', 'anna.langley', 'rosenblumj', 'jsanto22', '8223freret', 'walkert1', 'alainagordon', 'lyndseylaborde', 'caderylands', 'jacob.cornell', 'nlopezmora', 'sbmaier', 'vallen', 'pr4b0w0', 'chungyanlee', 'a01632196', 'jordanbuisch', 'docejo', 'judyzwz', 'diploadrauu', 'plu123', 'jpmctavish', 'nicolas.yanez', 'nguyenk2', 'glorber', 'jbrownell321', 'rsanchezcereijo', 'cami', 'jettsu', 'dunleavy.patrick', 'arodriguez30', 'tmomplaisir', 'rebeccapoole', 'matthew.maloney', 'exirinach', 'aidanvega', 'carlosrea', 'thomastc32', 'amaldonadomartin', 'connorduffy', 'cgettinger', 'cnapoles', 'btanguay', 'marinschrack', 'glaumchloe', 'ashleymitchell']"
4,92,96,7,4,"['nicholaspech', 'diploadrauu', 'ashleymitchell', 'nguyenk2']",92,"['a.mahapatra', 'jvanhsy1', 'dyuna.soledade', 'wkirby1', 'rao.mihir', 'mcarreno', 'sophia.corrales', 'yassinlabichi', 't.van', 'jahyagumbs', 'brandongarver', 'carmennn', 'eanatividad1', 'rios.ceduardo', 'morganwilliams', 'kayladunnuck', 'bgartside', 'walter.sanchez', 'serranoh', 'btreacy', 'jeffdemetrio', 'm.horn', 'oliviarandell', 'eric.bodnar', 'frankvigoa', 'snehalmisra', 'jwoody3', 'millero', 'manaschaturvedi', 'joel.cruz', 'bethany.baker', 'shaynedagostino', 'kssolovyeva', 'stefenlagos', 'robert.murtha07', 'a.santana', 'natashapolito', 'jacksonpartlow', 'gyeomans', 'gzeus', 'jweichselbaumer', 'hennashah', 'brooke.mcguire', 'a01632679', 'lianettpineda', 'adri.cabezas', 'jrabosto', 'n.aria', 'argstanton', 'rlucas1', 'amirn', 'robertkaufman1', 'anna.langley', 'rosenblumj', 'jsanto22', 'walkert1', 'alainagordon', 'lyndseylaborde', 'jacob.cornell', 'nlopezmora', 'sbmaier', 'vallen', 'pr4b0w0', 'chungyanlee', 'a01632196', 'jordanbuisch', 'docejo', 'judyzwz', 'plu123', 'jpmctavish', 'nicolas.yanez', 'glorber', 'jbrownell321', 'rsanchezcereijo', 'cami', 'jettsu', 'dunleavy.patrick', 'arodriguez30', 'tmomplaisir', 'rebeccapoole', 'matthew.maloney', 'exirinach', 'aidanvega', 'carlosrea', 'thomastc32', 'amaldonadomartin', 'connorduffy', 'cgettinger', 'cnapoles', 'btanguay', 'marinschrack', 'glaumchloe']",3,"['johnmallari', 'j.cardenas', 'hvantassel']",99,"['a.mahapatra', 'jvanhsy1', 'dyuna.soledade', 'wkirby1', 'rao.mihir', 'mcarreno', 'sophia.corrales', 'yassinlabichi', 't.van', 'jahyagumbs', 'brandongarver', 'carmennn', 'eanatividad1', 'rios.ceduardo', 'morganwilliams', 'hvantassel', 'kayladunnuck', 'bgartside', 'walter.sanchez', 'serranoh', 'btreacy', 'jeffdemetrio', 'm.horn', 'oliviarandell', 'eric.bodnar', 'frankvigoa', 'snehalmisra', 'jwoody3', 'j.cardenas', 'millero', 'manaschaturvedi', 'joel.cruz', 'bethany.baker', 'shaynedagostino', 'kssolovyeva', 'stefenlagos', 'robert.murtha07', 'a.santana', 'natashapolito', 'jacksonpartlow', 'gyeomans', 'gzeus', 'jweichselbaumer', 'hennashah', 'brooke.mcguire', 'a01632679', 'lianettpineda', 'adri.cabezas', 'jrabosto', 'n.aria', 'argstanton', 'nicholaspech', 'rlucas1', 'amirn', 'robertkaufman1', 'anna.langley', 'rosenblumj', 'jsanto22', 'johnmallari', 'walkert1', 'alainagordon', 'lyndseylaborde', 'jacob.cornell', 'nlopezmora', 'sbmaier', 'vallen', 'pr4b0w0', 'chungyanlee', 'a01632196', 'jordanbuisch', 'docejo', 'judyzwz', 'diploadrauu', 'plu123', 'jpmctavish', 'nicolas.yanez', 'nguyenk2', 'glorber', 'jbrownell321', 'rsanchezcereijo', 'cami', 'jettsu', 'dunleavy.patrick', 'arodriguez30', 'tmomplaisir', 'rebeccapoole', 'matthew.maloney', 'exirinach', 'aidanvega', 'carlosrea', 'thomastc32', 'amaldonadomartin', 'connorduffy', 'cgettinger', 'cnapoles', 'btanguay', 'marinschrack', 'glaumchloe', 'ashleymitchell']"
4,90,96,6,5,"['jvanhsy1', 'jwoody3', 'chungyanlee', 'jsanto22', 'kssolovyeva']",91,"['a.mahapatra', 'dyuna.soledade', 'wkirby1', 'rao.mihir', 'mcarreno', 'sophia.corrales', 'yassinlabichi', 't.van', 'jahyagumbs', 'brandongarver', 'carmennn', 'eanatividad1', 'rios.ceduardo', 'morganwilliams', 'kayladunnuck', 'bgartside', 'walter.sanchez', 'serranoh', 'btreacy', 'jeffdemetrio', 'm.horn', 'oliviarandell', 'eric.bodnar', 'frankvigoa', 'snehalmisra', 'millero', 'manaschaturvedi', 'joel.cruz', 'bethany.baker', 'shaynedagostino', 'stefenlagos', 'robert.murtha07', 'a.santana', 'natashapolito', 'jacksonpartlow', 'gyeomans', 'gzeus', 'jweichselbaumer', 'hennashah', 'brooke.mcguire', 'a01632679', 'lianettpineda', 'adri.cabezas', 'jrabosto', 'n.aria', 'argstanton', 'nicholaspech', 'rlucas1', 'amirn', 'robertkaufman1', 'anna.langley', 'rosenblumj', 'walkert1', 'alainagordon', 'lyndseylaborde', 'jacob.cornell', 'nlopezmora', 'sbmaier', 'vallen', 'pr4b0w0', 'a01632196', 'jordanbuisch', 'docejo', 'judyzwz', 'diploadrauu', 'plu123', 'jpmctavish', 'nicolas.yanez', 'nguyenk2', 'glorber', 'jbrownell321', 'rsanchezcereijo', 'cami', 'jettsu', 'dunleavy.patrick', 'arodriguez30', 'tmomplaisir', 'rebeccapoole', 'matthew.maloney', 'exirinach', 'aidanvega', 'carlosrea', 'thomastc32', 'amaldonadomartin', 'connorduffy', 'cgettinger', 'cnapoles', 'btanguay', 'marinschrack', 'glaumchloe', 'ashleymitchell']",1,['rlibros'],97,"['a.mahapatra', 'jvanhsy1', 'dyuna.soledade', 'wkirby1', 'rao.mihir', 'mcarreno', 'sophia.corrales', 'yassinlabichi', 't.van', 'jahyagumbs', 'brandongarver', 'carmennn', 'eanatividad1', 'rios.ceduardo', 'morganwilliams', 'kayladunnuck', 'bgartside', 'walter.sanchez', 'serranoh', 'btreacy', 'jeffdemetrio', 'm.horn', 'oliviarandell', 'eric.bodnar', 'frankvigoa', 'snehalmisra', 'jwoody3', 'millero', 'manaschaturvedi', 'joel.cruz', 'bethany.baker', 'rlibros', 'shaynedagostino', 'kssolovyeva', 'stefenlagos', 'robert.murtha07', 'a.santana', 'natashapolito', 'jacksonpartlow', 'gyeomans', 'gzeus', 'jweichselbaumer', 'hennashah', 'brooke.mcguire', 'a01632679', 'lianettpineda', 'adri.cabezas', 'jrabosto', 'n.aria', 'argstanton', 'nicholaspech', 'rlucas1', 'amirn', 'robertkaufman1', 'anna.langley', 'rosenblumj', 'jsanto22', 'walkert1', 'alainagordon', 'lyndseylaborde', 'jacob.cornell', 'nlopezmora', 'sbmaier', 'vallen', 'pr4b0w0', 'chungyanlee', 'a01632196', 'jordanbuisch', 'docejo', 'judyzwz', 'diploadrauu', 'plu123', 'jpmctavish', 'nicolas.yanez', 'nguyenk2', 'glorber', 'jbrownell321', 'rsanchezcereijo', 'cami', 'jettsu', 'dunleavy.patrick', 'arodriguez30', 'tmomplaisir', 'rebeccapoole', 'matthew.maloney', 'exirinach', 'aidanvega', 'carlosrea', 'thomastc32', 'amaldonadomartin', 'connorduffy', 'cgettinger', 'cnapoles', 'btanguay', 'marinschrack', 'glaumchloe', 'ashleymitchell']"
4,91,96,6,3,"['btanguay', 'lianettpineda', 'eric.bodnar']",93,"['a.mahapatra', 'jvanhsy1', 'dyuna.soledade', 'wkirby1', 'rao.mihir', 'mcarreno', 'sophia.corrales', 'yassinlabichi', 't.van', 'jahyagumbs', 'brandongarver', 'carmennn', 'eanatividad1', 'rios.ceduardo', 'morganwilliams', 'kayladunnuck', 'bgartside', 'walter.sanchez', 'serranoh', 'btreacy', 'jeffdemetrio', 'm.horn', 'oliviarandell', 'frankvigoa', 'snehalmisra', 'jwoody3', 'millero', 'manaschaturvedi', 'joel.cruz', 'bethany.baker', 'shaynedagostino', 'kssolovyeva', 'stefenlagos', 'robert.murtha07', 'a.santana', 'natashapolito', 'jacksonpartlow', 'gyeomans', 'gzeus', 'jweichselbaumer', 'hennashah', 'brooke.mcguire', 'a01632679', 'adri.cabezas', 'jrabosto', 'n.aria', 'argstanton', 'nicholaspech', 'rlucas1', 'amirn', 'robertkaufman1', 'anna.langley', 'rosenblumj', 'jsanto22', 'walkert1', 'alainagordon', 'lyndseylaborde', 'jacob.cornell', 'nlopezmora', 'sbmaier', 'vallen', 'pr4b0w0', 'chungyanlee', 'a01632196', 'jordanbuisch', 'docejo', 'judyzwz', 'diploadrauu', 'plu123', 'jpmctavish', 'nicolas.yanez', 'nguyenk2', 'glorber', 'jbrownell321', 'rsanchezcereijo', 'cami', 'jettsu', 'dunleavy.patrick', 'arodriguez30', 'tmomplaisir', 'rebeccapoole', 'matthew.maloney', 'exirinach', 'aidanvega', 'carlosrea', 'thomastc32', 'amaldonadomartin', 'connorduffy', 'cgettinger', 'cnapoles', 'marinschrack', 'glaumchloe', 'ashleymitchell']",3,"['carson.mcneely', 'haquem', 'lnava']",99,"['a.mahapatra', 'jvanhsy1', 'dyuna.soledade', 'lnava', 'wkirby1', 'rao.mihir', 'mcarreno', 'sophia.corrales', 'yassinlabichi', 't.van', 'jahyagumbs', 'brandongarver', 'carmennn', 'eanatividad1', 'rios.ceduardo', 'morganwilliams', 'kayladunnuck', 'bgartside', 'walter.sanchez', 'serranoh', 'btreacy', 'jeffdemetrio', 'm.horn', 'oliviarandell', 'eric.bodnar', 'frankvigoa', 'snehalmisra', 'jwoody3', 'millero', 'manaschaturvedi', 'joel.cruz', 'bethany.baker', 'shaynedagostino', 'kssolovyeva', 'stefenlagos', 'robert.murtha07', 'a.santana', 'natashapolito', 'jacksonpartlow', 'gyeomans', 'gzeus', 'jweichselbaumer', 'haquem', 'hennashah', 'brooke.mcguire', 'a01632679', 'lianettpineda', 'adri.cabezas', 'jrabosto', 'n.aria', 'argstanton', 'nicholaspech', 'rlucas1', 'amirn', 'robertkaufman1', 'anna.langley', 'rosenblumj', 'jsanto22', 'walkert1', 'alainagordon', 'lyndseylaborde', 'jacob.cornell', 'nlopezmora', 'sbmaier', 'vallen', 'pr4b0w0', 'chungyanlee', 'a01632196', 'jordanbuisch', 'docejo', 'judyzwz', 'diploadrauu', 'plu123', 'jpmctavish', 'nicolas.yanez', 'nguyenk2', 'glorber', 'jbrownell321', 'rsanchezcereijo', 'cami', 'jettsu', 'dunleavy.patrick', 'carson.mcneely', 'arodriguez30', 'tmomplaisir', 'rebeccapoole', 'matthew.maloney', 'exirinach', 'aidanvega', 'carlosrea', 'thomastc32', 'amaldonadomartin', 'connorduffy', 'cgettinger', 'cnapoles', 'btanguay', 'marinschrack', 'glaumchloe', 'ashleymitchell']"
4,93,96,6,1,['wkirby1'],95,"['a.mahapatra', 'jvanhsy1', 'dyuna.soledade', 'rao.mihir', 'mcarreno', 'sophia.corrales', 'yassinlabichi', 't.van', 'jahyagumbs', 'brandongarver', 'carmennn', 'eanatividad1', 'rios.ceduardo', 'morganwilliams', 'kayladunnuck', 'bgartside', 'walter.sanchez', 'serranoh', 'btreacy', 'jeffdemetrio', 'm.horn', 'oliviarandell', 'eric.bodnar', 'frankvigoa', 'snehalmisra', 'jwoody3', 'millero', 'manaschaturvedi', 'joel.cruz', 'bethany.baker', 'shaynedagostino', 'kssolovyeva', 'stefenlagos', 'robert.murtha07', 'a.santana', 'natashapolito', 'jacksonpartlow', 'gyeomans', 'gzeus', 'jweichselbaumer', 'hennashah', 'brooke.mcguire', 'a01632679', 'lianettpineda', 'adri.cabezas', 'jrabosto', 'n.aria', 'argstanton', 'nicholaspech', 'rlucas1', 'amirn', 'robertkaufman1', 'anna.langley', 'rosenblumj', 'jsanto22', 'walkert1', 'alainagordon', 'lyndseylaborde', 'jacob.cornell', 'nlopezmora', 'sbmaier', 'vallen', 'pr4b0w0', 'chungyanlee', 'a01632196', 'jordanbuisch', 'docejo', 'judyzwz', 'diploadrauu', 'plu123', 'jpmctavish', 'nicolas.yanez', 'nguyenk2', 'glorber', 'jbrownell321', 'rsanchezcereijo', 'cami', 'jettsu', 'dunleavy.patrick', 'arodriguez30', 'tmomplaisir', 'rebeccapoole', 'matthew.maloney', 'exirinach', 'aidanvega', 'carlosrea', 'thomastc32', 'amaldonadomartin', 'connorduffy', 'cgettinger', 'cnapoles', 'btanguay', 'marinschrack', 'glaumchloe', 'ashleymitchell']",5,"['dwasko', 'mariecrosby', 'nowen1', 'ehecht', 'molinay']",101,"['a.mahapatra', 'jvanhsy1', 'dyuna.soledade', 'wkirby1', 'rao.mihir', 'mcarreno', 'sophia.corrales', 'yassinlabichi', 't.van', 'ehecht', 'jahyagumbs', 'brandongarver', 'carmennn', 'eanatividad1', 'rios.ceduardo', 'mariecrosby', 'morganwilliams', 'kayladunnuck', 'bgartside', 'walter.sanchez', 'serranoh', 'btreacy', 'jeffdemetrio', 'm.horn', 'molinay', 'oliviarandell', 'eric.bodnar', 'frankvigoa', 'snehalmisra', 'jwoody3', 'millero', 'manaschaturvedi', 'joel.cruz', 'bethany.baker', 'shaynedagostino', 'kssolovyeva', 'stefenlagos', 'robert.murtha07', 'a.santana', 'natashapolito', 'jacksonpartlow', 'gyeomans', 'gzeus', 'jweichselbaumer', 'hennashah', 'brooke.mcguire', 'a01632679', 'lianettpineda', 'adri.cabezas', 'jrabosto', 'n.aria', 'argstanton', 'nicholaspech', 'rlucas1', 'amirn', 'robertkaufman1', 'anna.langley', 'rosenblumj', 'jsanto22', 'walkert1', 'alainagordon', 'lyndseylaborde', 'jacob.cornell', 'nlopezmora', 'sbmaier', 'vallen', 'pr4b0w0', 'chungyanlee', 'a01632196', 'jordanbuisch', 'docejo', 'judyzwz', 'diploadrauu', 'plu123', 'jpmctavish', 'nicolas.yanez', 'nguyenk2', 'glorber', 'jbrownell321', 'rsanchezcereijo', 'cami', 'nowen1', 'jettsu', 'dunleavy.patrick', 'arodriguez30', 'tmomplaisir', 'rebeccapoole', 'matthew.maloney', 'exirinach', 'aidanvega', 'carlosrea', 'thomastc32', 'amaldonadomartin', 'connorduffy', 'cgettinger', 'cnapoles', 'btanguay', 'dwasko', 'marinschrack', 'glaumchloe', 'ashleymitchell']"
5,163,96,158,53,"['mclassen', 'will1941', 'sayyala', 'cliffos', 'ojonas', 'jnylen', 'llefebvr', 'afarha', 'whollan', 'nfransen', 'zhu741', 'ander966', 'allen482', 'mkirsch', 'rcalistr', 'artierenier', 'chris260', 'rstaples', 'lopez347', 'okeefee', 'mock6', 'bgrytza', 'wdobbs', 'liu2442', 'downeyl', 'jade.m.meekin', 'srajarat', 'nortt', 'hmcguir', 'gfiedler', 'ander939', 'jcavage', 'kyendru', 'ellis125', 'russe162', 'rdamle', 'single0', 'nrentsc', 'elamewon', 'mlannie', 'john2345', 'pan229', 'jyounkin', 'tsriram', 'romack0', 'kong68', 'rhentric', 'wagoneb', 'dnocon', 'lritchis', 'stuff', 'mngaglia', 'mmatteso']",43,"['andersonmy94', 'ashinne', 'pate1034', 'esuer', 'michae19', 'chakra26', 'cwantz', 'verduzm', 'lhendrik', 'melyouse', 'leal6', 'pkanugul', 'ychawla', 'benne170', 'cjlee328', 'alsalea', 'mot', 'rhodes44', 'wood164', 'reddy62', 'baylessl', 'ididelot', 'harvey83', 'hsakiewi', 'dkramper', 'mdewaele', 'meyer313', 'brow1511', 'nherbert', 'costel12', 'jskare', 'slorenzo', 'nrobb', 'djodhani', 'scott479', 'amarkert', 'smit3400', 'ewolfla', 'duncan94', 'tzadrave', 'lange35', 'dholicz', 'wchowdhu']",105,"['jennin56', 'nafandi', 'kngupta', 'lukehendriks4', 'voorsm', 'armour1', 'hollowr', 'jmontbru', 'dbhagwan', 'jcarre', 'bkoszyk', 'weber164', 'cleveng2', 'agarw190', 'bbondi', 'bird12', 'mihsan', 'jgerstei', 'zhan3108', 'pbhaske', 'amelia.markert979', 'ebinkle', 'ahn87', 'rtrafele', 'mcalisto', 'murph417', 'comer13', 'hawkin98', 'feng233', 'jperata', 'skunduru', 'fruane', 'obriencaitlin20', 'snathell', 'marykirstenreilly', 'hodge20', 'cmancini', 'ncivitan', 'kradde', 'gagnonn', 'gzanutta', 'mannin15', 'nkielkop', 'agf2018', 'ejobe', 'lvelky', 'thoma805', 'akmaksim', 'adoxsee', 'achungma', 'heaton4', 'sbukzam', 'nrrobins', 'sweene26', 'asyrek', 'sharlow', 'harri827', 'connoll1', 'tvulich', 'sinha54', 'mragei', 'ndroessl', 'zhao979', 'danie140', 'llwan', 'bodhiscott', 'carls127', 'li2701', 'aalnas', 'hughe234', 'smahipat', 'abirkeme', 'nixon21', 'hollej', 'beers2', 'boninl', 'gconer', 'mprue', 'afirkan', 'lin1297', 'jone1616', 'mfangio', 'agettel', 'stockerm', 'tprati', 'jmesa', 'ksagar', 'kbrayto', 'csrafin', 'cohland', 'funkhous', 'lopez344', 'jmestach', 'chfranci', 'thubauer', 'zuckerma', 'bbarale', 'pate1082', 'wnorton', 'svendsen', 'sharp82', 'efrancoe', 'kzingaro', 'mikav', 'akurumba']",201,"['mclassen', 'cliffos', 'jennin56', 'jnylen', 'esuer', 'nafandi', 'lhendrik', 'whollan', 'kngupta', 'nfransen', 'mkirsch', 'rcalistr', 'artierenier', 'lukehendriks4', 'okeefee', 'jade.m.meekin', 'voorsm', 'armour1', 'hmcguir', 'gfiedler', 'dkramper', 'meyer313', 'hollowr', 'nherbert', 'jmontbru', 'jskare', 'mlannie', 'john2345', 'dbhagwan', 'jcarre', 'bkoszyk', 'weber164', 'smit3400', 'tsriram', 'cleveng2', 'agarw190', 'bbondi', 'tzadrave', 'lritchis', 'dholicz', 'bird12', 'wchowdhu', 'mihsan', 'mmatteso', 'jgerstei', 'will1941', 'sayyala', 'zhan3108', 'ashinne', 'michae19', 'llefebvr', 'cwantz', 'pbhaske', 'verduzm', 'amelia.markert979', 'ebinkle', 'ahn87', 'rtrafele', 'mcalisto', 'murph417', 'ander966', 'leal6', 'pkanugul', 'chris260', 'ychawla', 'rstaples', 'comer13', 'mock6', 'hawkin98', 'bgrytza', 'alsalea', 'mot', 'rhodes44', 'feng233', 'jperata', 'skunduru', 'fruane', 'obriencaitlin20', 'wood164', 'reddy62', 'snathell', 'ididelot', 'jcavage', 'ellis125', 'hsakiewi', 'single0', 'marykirstenreilly', 'brow1511', 'costel12', 'hodge20', 'cmancini', 'ncivitan', 'nrobb', 'kradde', 'gagnonn', 'djodhani', 'gzanutta', 'mannin15', 'ewolfla', 'nkielkop', 'agf2018', 'ejobe', 'lvelky', 'thoma805', 'stuff', 'akmaksim', 'adoxsee', 'achungma', 'sbukzam', 'heaton4', 'andersonmy94', 'chakra26', 'nrrobins', 'sweene26', 'asyrek', 'sharlow', 'melyouse', 'harri827', 'connoll1', 'tvulich', 'sinha54', 'zhu741', 'mragei', 'benne170', 'ndroessl', 'zhao979', 'lopez347', 'danie140', 'downeyl', 'llwan', 'baylessl', 'bodhiscott', 'ander939', 'carls127', 'harvey83', 'kyendru', 'li2701', 'mdewaele', 'aalnas', 'slorenzo', 'hughe234', 'smahipat', 'abirkeme', 'jyounkin', 'nixon21', 'hollej', 'beers2', 'duncan94', 'rhentric', 'boninl', 'lange35', 'mngaglia', 'ojonas', 'gconer', 'mprue', 'afirkan', 'pate1034', 'lin1297', 'jone1616', 'mfangio', 'agettel', 'afarha', 'stockerm', 'tprati', 'allen482', 'jmesa', 'ksagar', 'kbrayto', 'csrafin', 'cohland', 'funkhous', 'cjlee328', 'wdobbs', 'liu2442', 'lopez344', 'jmestach', 'chfranci', 'srajarat', 'nortt', 'russe162', 'thubauer', 'rdamle', 'nrentsc', 'zuckerma', 'bbarale', 'elamewon', 'pan229', 'scott479', 'amarkert', 'romack0', 'kong68', 'wagoneb', 'pate1082', 'wnorton', 'dnocon', 'svendsen', 'sharp82', 'efrancoe', 'kzingaro', 'mikav', 'akurumba']"
5,164,96,41,17,"['ewolfla', 'wood164', 'reddy62', 'michae19', 'harvey83', 'chakra26', 'duncan94', 'hsakiewi', 'brow1511', 'lange35', 'tzadrave', 'nherbert', 'costel12', 'nrobb', 'rhodes44', 'djodhani', 'smit3400']",79,"['mclassen', 'cliffos', 'esuer', 'jnylen', 'lhendrik', 'whollan', 'nfransen', 'mkirsch', 'rcalistr', 'artierenier', 'okeefee', 'jade.m.meekin', 'hmcguir', 'gfiedler', 'dkramper', 'meyer313', 'jskare', 'mlannie', 'john2345', 'tsriram', 'lritchis', 'dholicz', 'wchowdhu', 'mmatteso', 'will1941', 'sayyala', 'ashinne', 'llefebvr', 'cwantz', 'verduzm', 'ander966', 'leal6', 'pkanugul', 'chris260', 'ychawla', 'rstaples', 'mock6', 'bgrytza', 'alsalea', 'mot', 'ididelot', 'jcavage', 'ellis125', 'single0', 'stuff', 'andersonmy94', 'melyouse', 'zhu741', 'benne170', 'lopez347', 'downeyl', 'baylessl', 'ander939', 'kyendru', 'mdewaele', 'slorenzo', 'jyounkin', 'rhentric', 'mngaglia', 'ojonas', 'pate1034', 'afarha', 'allen482', 'cjlee328', 'wdobbs', 'liu2442', 'srajarat', 'nortt', 'russe162', 'rdamle', 'nrentsc', 'elamewon', 'pan229', 'scott479', 'amarkert', 'romack0', 'kong68', 'wagoneb', 'dnocon']",24,"['bwodetz', 'sinha54', 'tladner', 'hmcmilli', 'buhland', 'mart1390', 'moeller4', 'pmansour', 'jiang650', 'pweitzel', 'annaleichty1', 'baxter26', 'armour1', 'see4', 'zaly', 'huan1346', 'evans251', 'meyer292', 'kjabbar', 'markhodgkiss50', 'aquinli', 'adshowal', 'douh', 'toboyle']",120,"['mclassen', 'cliffos', 'andersonmy94', 'jnylen', 'esuer', 'chakra26', 'lhendrik', 'melyouse', 'whollan', 'nfransen', 'sinha54', 'zhu741', 'tladner', 'mkirsch', 'rcalistr', 'artierenier', 'benne170', 'mart1390', 'lopez347', 'okeefee', 'downeyl', 'jade.m.meekin', 'baxter26', 'baylessl', 'armour1', 'hmcguir', 'gfiedler', 'ander939', 'harvey83', 'kyendru', 'see4', 'dkramper', 'mdewaele', 'meyer313', 'nherbert', 'slorenzo', 'jskare', 'mlannie', 'john2345', 'jyounkin', 'meyer292', 'smit3400', 'tsriram', 'markhodgkiss50', 'duncan94', 'rhentric', 'tzadrave', 'lritchis', 'lange35', 'dholicz', 'wchowdhu', 'mngaglia', 'mmatteso', 'toboyle', 'will1941', 'sayyala', 'ojonas', 'ashinne', 'pate1034', 'michae19', 'llefebvr', 'cwantz', 'bwodetz', 'verduzm', 'afarha', 'ander966', 'allen482', 'leal6', 'pkanugul', 'hmcmilli', 'chris260', 'buhland', 'ychawla', 'rstaples', 'moeller4', 'pmansour', 'jiang650', 'mock6', 'cjlee328', 'bgrytza', 'wdobbs', 'liu2442', 'alsalea', 'mot', 'rhodes44', 'pweitzel', 'annaleichty1', 'wood164', 'reddy62', 'srajarat', 'ididelot', 'nortt', 'russe162', 'rdamle', 'jcavage', 'nrentsc', 'ellis125', 'hsakiewi', 'zaly', 'single0', 'huan1346', 'brow1511', 'costel12', 'elamewon', 'pan229', 'nrobb', 'djodhani', 'scott479', 'amarkert', 'kjabbar', 'evans251', 'ewolfla', 'romack0', 'kong68', 'aquinli', 'adshowal', 'wagoneb', 'douh', 'dnocon', 'stuff']"
5,136,96,15,5,"['leal6', 'artierenier', 'jnylen', 'wagoneb', 'lopez347']",91,"['mclassen', 'cliffos', 'andersonmy94', 'esuer', 'chakra26', 'lhendrik', 'melyouse', 'whollan', 'nfransen', 'zhu741', 'mkirsch', 'rcalistr', 'benne170', 'okeefee', 'downeyl', 'jade.m.meekin', 'baylessl', 'hmcguir', 'gfiedler', 'ander939', 'harvey83', 'kyendru', 'dkramper', 'mdewaele', 'meyer313', 'nherbert', 'slorenzo', 'jskare', 'mlannie', 'john2345', 'jyounkin', 'smit3400', 'tsriram', 'duncan94', 'rhentric', 'tzadrave', 'lritchis', 'lange35', 'dholicz', 'wchowdhu', 'mngaglia', 'mmatteso', 'will1941', 'sayyala', 'ojonas', 'ashinne', 'pate1034', 'michae19', 'llefebvr', 'cwantz', 'verduzm', 'afarha', 'ander966', 'allen482', 'pkanugul', 'chris260', 'ychawla', 'rstaples', 'mock6', 'cjlee328', 'bgrytza', 'wdobbs', 'liu2442', 'alsalea', 'mot', 'rhodes44', 'wood164', 'reddy62', 'srajarat', 'ididelot', 'nortt', 'russe162', 'rdamle', 'jcavage', 'nrentsc', 'ellis125', 'hsakiewi', 'single0', 'brow1511', 'costel12', 'elamewon', 'pan229', 'nrobb', 'djodhani', 'scott479', 'amarkert', 'ewolfla', 'romack0', 'kong68', 'dnocon', 'stuff']",10,"['nkielkop', 'bdbowles', 'wrigh413', 'tan213', 'nafandi', 'thoma805', 'stockerm', 'hughe234', 'akmaksim', 'murph417']",106,"['mclassen', 'cliffos', 'andersonmy94', 'jnylen', 'esuer', 'chakra26', 'nafandi', 'lhendrik', 'melyouse', 'whollan', 'nfransen', 'zhu741', 'mkirsch', 'rcalistr', 'artierenier', 'benne170', 'lopez347', 'okeefee', 'downeyl', 'jade.m.meekin', 'baylessl', 'hmcguir', 'gfiedler', 'ander939', 'harvey83', 'kyendru', 'dkramper', 'mdewaele', 'meyer313', 'nherbert', 'slorenzo', 'jskare', 'mlannie', 'john2345', 'hughe234', 'jyounkin', 'smit3400', 'tsriram', 'duncan94', 'rhentric', 'tan213', 'tzadrave', 'lritchis', 'lange35', 'dholicz', 'wchowdhu', 'mngaglia', 'mmatteso', 'will1941', 'sayyala', 'ojonas', 'ashinne', 'pate1034', 'michae19', 'llefebvr', 'cwantz', 'verduzm', 'afarha', 'stockerm', 'murph417', 'ander966', 'allen482', 'leal6', 'pkanugul', 'chris260', 'ychawla', 'rstaples', 'mock6', 'cjlee328', 'bgrytza', 'wdobbs', 'liu2442', 'alsalea', 'mot', 'rhodes44', 'wood164', 'reddy62', 'srajarat', 'ididelot', 'nortt', 'russe162', 'rdamle', 'jcavage', 'nrentsc', 'ellis125', 'hsakiewi', 'bdbowles', 'single0', 'brow1511', 'costel12', 'elamewon', 'pan229', 'nrobb', 'djodhani', 'scott479', 'amarkert', 'ewolfla', 'romack0', 'nkielkop', 'kong68', 'wagoneb', 'wrigh413', 'dnocon', 'thoma805', 'stuff', 'akmaksim']"
5,276,96,13,4,"['sayyala', 'llefebvr', 'liu2442', 'lritchis']",92,"['mclassen', 'cliffos', 'andersonmy94', 'jnylen', 'esuer', 'chakra26', 'lhendrik', 'melyouse', 'whollan', 'nfransen', 'zhu741', 'mkirsch', 'rcalistr', 'artierenier', 'benne170', 'lopez347', 'okeefee', 'downeyl', 'jade.m.meekin', 'baylessl', 'hmcguir', 'gfiedler', 'ander939', 'harvey83', 'kyendru', 'dkramper', 'mdewaele', 'meyer313', 'nherbert', 'slorenzo', 'jskare', 'mlannie', 'john2345', 'jyounkin', 'smit3400', 'tsriram', 'duncan94', 'rhentric', 'tzadrave', 'lange35', 'dholicz', 'wchowdhu', 'mngaglia', 'mmatteso', 'will1941', 'ojonas', 'ashinne', 'pate1034', 'michae19', 'cwantz', 'verduzm', 'afarha', 'ander966', 'allen482', 'leal6', 'pkanugul', 'chris260', 'ychawla', 'rstaples', 'mock6', 'cjlee328', 'bgrytza', 'wdobbs', 'alsalea', 'mot', 'rhodes44', 'wood164', 'reddy62', 'srajarat', 'ididelot', 'nortt', 'russe162', 'rdamle', 'jcavage', 'nrentsc', 'ellis125', 'hsakiewi', 'single0', 'brow1511', 'costel12', 'elamewon', 'pan229', 'nrobb', 'djodhani', 'scott479', 'amarkert', 'ewolfla', 'romack0', 'kong68', 'wagoneb', 'dnocon', 'stuff']",9,"['mprue', 'beers2', 'lin1297', 'pbhaske', 'asyrek', 'bbarale', 'oditto', 'murph417', 'achungma']",105,"['mclassen', 'cliffos', 'andersonmy94', 'jnylen', 'esuer', 'chakra26', 'asyrek', 'lhendrik', 'melyouse', 'whollan', 'nfransen', 'zhu741', 'mkirsch', 'rcalistr', 'artierenier', 'benne170', 'lopez347', 'okeefee', 'oditto', 'downeyl', 'jade.m.meekin', 'baylessl', 'hmcguir', 'gfiedler', 'ander939', 'harvey83', 'kyendru', 'dkramper', 'mdewaele', 'meyer313', 'nherbert', 'slorenzo', 'jskare', 'mlannie', 'john2345', 'jyounkin', 'smit3400', 'tsriram', 'beers2', 'duncan94', 'rhentric', 'tzadrave', 'lritchis', 'lange35', 'dholicz', 'wchowdhu', 'mngaglia', 'mmatteso', 'will1941', 'sayyala', 'ojonas', 'mprue', 'ashinne', 'pate1034', 'michae19', 'lin1297', 'llefebvr', 'cwantz', 'pbhaske', 'verduzm', 'afarha', 'murph417', 'ander966', 'allen482', 'leal6', 'pkanugul', 'chris260', 'ychawla', 'rstaples', 'mock6', 'cjlee328', 'bgrytza', 'wdobbs', 'liu2442', 'alsalea', 'mot', 'rhodes44', 'wood164', 'reddy62', 'srajarat', 'ididelot', 'nortt', 'russe162', 'rdamle', 'jcavage', 'nrentsc', 'ellis125', 'hsakiewi', 'single0', 'brow1511', 'bbarale', 'costel12', 'elamewon', 'pan229', 'nrobb', 'djodhani', 'scott479', 'amarkert', 'ewolfla', 'romack0', 'kong68', 'wagoneb', 'dnocon', 'stuff', 'achungma']"
5,165,96,11,5,"['mclassen', 'esuer', 'kyendru', 'pan229', 'john2345']",91,"['cliffos', 'andersonmy94', 'jnylen', 'chakra26', 'lhendrik', 'melyouse', 'whollan', 'nfransen', 'zhu741', 'mkirsch', 'rcalistr', 'artierenier', 'benne170', 'lopez347', 'okeefee', 'downeyl', 'jade.m.meekin', 'baylessl', 'hmcguir', 'gfiedler', 'ander939', 'harvey83', 'dkramper', 'mdewaele', 'meyer313', 'nherbert', 'slorenzo', 'jskare', 'mlannie', 'jyounkin', 'smit3400', 'tsriram', 'duncan94', 'rhentric', 'tzadrave', 'lritchis', 'lange35', 'dholicz', 'wchowdhu', 'mngaglia', 'mmatteso', 'will1941', 'sayyala', 'ojonas', 'ashinne', 'pate1034', 'michae19', 'llefebvr', 'cwantz', 'verduzm', 'afarha', 'ander966', 'allen482', 'leal6', 'pkanugul', 'chris260', 'ychawla', 'rstaples', 'mock6', 'cjlee328', 'bgrytza', 'wdobbs', 'liu2442', 'alsalea', 'mot', 'rhodes44', 'wood164', 'reddy62', 'srajarat', 'ididelot', 'nortt', 'russe162', 'rdamle', 'jcavage', 'nrentsc', 'ellis125', 'hsakiewi', 'single0', 'brow1511', 'costel12', 'elamewon', 'nrobb', 'djodhani', 'scott479', 'amarkert', 'ewolfla', 'romack0', 'kong68', 'wagoneb', 'dnocon', 'stuff']",6,"['gconer', 'lvelky', 'pbhaske', 'ncivitan', 'murph417', 'sbukzam']",102,"['mclassen', 'cliffos', 'andersonmy94', 'jnylen', 'esuer', 'chakra26', 'lhendrik', 'melyouse', 'whollan', 'nfransen', 'zhu741', 'mkirsch', 'rcalistr', 'artierenier', 'benne170', 'lopez347', 'okeefee', 'downeyl', 'jade.m.meekin', 'baylessl', 'hmcguir', 'gfiedler', 'ander939', 'harvey83', 'kyendru', 'dkramper', 'mdewaele', 'meyer313', 'nherbert', 'slorenzo', 'jskare', 'mlannie', 'john2345', 'jyounkin', 'smit3400', 'tsriram', 'duncan94', 'rhentric', 'tzadrave', 'lritchis', 'lange35', 'dholicz', 'wchowdhu', 'mngaglia', 'mmatteso', 'will1941', 'sayyala', 'ojonas', 'gconer', 'ashinne', 'pate1034', 'michae19', 'llefebvr', 'cwantz', 'pbhaske', 'verduzm', 'afarha', 'murph417', 'ander966', 'allen482', 'leal6', 'pkanugul', 'chris260', 'ychawla', 'rstaples', 'mock6', 'cjlee328', 'bgrytza', 'wdobbs', 'liu2442', 'alsalea', 'mot', 'rhodes44', 'wood164', 'reddy62', 'srajarat', 'ididelot', 'nortt', 'russe162', 'rdamle', 'jcavage', 'nrentsc', 'ellis125', 'hsakiewi', 'single0', 'brow1511', 'costel12', 'elamewon', 'ncivitan', 'pan229', 'nrobb', 'djodhani', 'scott479', 'amarkert', 'ewolfla', 'romack0', 'kong68', 'wagoneb', 'lvelky', 'dnocon', 'stuff', 'sbukzam']"
5,73,96,10,2,"['sayyala', 'llefebvr']",94,"['mclassen', 'cliffos', 'andersonmy94', 'jnylen', 'esuer', 'chakra26', 'lhendrik', 'melyouse', 'whollan', 'nfransen', 'zhu741', 'mkirsch', 'rcalistr', 'artierenier', 'benne170', 'lopez347', 'okeefee', 'downeyl', 'jade.m.meekin', 'baylessl', 'hmcguir', 'gfiedler', 'ander939', 'harvey83', 'kyendru', 'dkramper', 'mdewaele', 'meyer313', 'nherbert', 'slorenzo', 'jskare', 'mlannie', 'john2345', 'jyounkin', 'smit3400', 'tsriram', 'duncan94', 'rhentric', 'tzadrave', 'lritchis', 'lange35', 'dholicz', 'wchowdhu', 'mngaglia', 'mmatteso', 'will1941', 'ojonas', 'ashinne', 'pate1034', 'michae19', 'cwantz', 'verduzm', 'afarha', 'ander966', 'allen482', 'leal6', 'pkanugul', 'chris260', 'ychawla', 'rstaples', 'mock6', 'cjlee328', 'bgrytza', 'wdobbs', 'liu2442', 'alsalea', 'mot', 'rhodes44', 'wood164', 'reddy62', 'srajarat', 'ididelot', 'nortt', 'russe162', 'rdamle', 'jcavage', 'nrentsc', 'ellis125', 'hsakiewi', 'single0', 'brow1511', 'costel12', 'elamewon', 'pan229', 'nrobb', 'djodhani', 'scott479', 'amarkert', 'ewolfla', 'romack0', 'kong68', 'wagoneb', 'dnocon', 'stuff']",8,"['bodhiscott', 'ejobe', 'zhao979', 'hollowr', 'tvulich', 'tprati', 'achungma', 'fruane']",104,"['mclassen', 'cliffos', 'andersonmy94', 'jnylen', 'esuer', 'chakra26', 'lhendrik', 'melyouse', 'whollan', 'nfransen', 'tvulich', 'zhu741', 'mkirsch', 'rcalistr', 'artierenier', 'benne170', 'zhao979', 'lopez347', 'okeefee', 'downeyl', 'jade.m.meekin', 'baylessl', 'bodhiscott', 'hmcguir', 'gfiedler', 'ander939', 'harvey83', 'kyendru', 'dkramper', 'mdewaele', 'meyer313', 'hollowr', 'nherbert', 'slorenzo', 'jskare', 'mlannie', 'john2345', 'jyounkin', 'smit3400', 'tsriram', 'duncan94', 'rhentric', 'tzadrave', 'lritchis', 'lange35', 'dholicz', 'wchowdhu', 'mngaglia', 'mmatteso', 'will1941', 'sayyala', 'ojonas', 'ashinne', 'pate1034', 'michae19', 'llefebvr', 'cwantz', 'verduzm', 'afarha', 'tprati', 'ander966', 'allen482', 'leal6', 'pkanugul', 'chris260', 'ychawla', 'rstaples', 'mock6', 'cjlee328', 'bgrytza', 'wdobbs', 'liu2442', 'alsalea', 'mot', 'rhodes44', 'fruane', 'wood164', 'reddy62', 'srajarat', 'ididelot', 'nortt', 'russe162', 'rdamle', 'jcavage', 'nrentsc', 'ellis125', 'hsakiewi', 'single0', 'brow1511', 'costel12', 'elamewon', 'pan229', 'nrobb', 'djodhani', 'scott479', 'amarkert', 'ewolfla', 'romack0', 'kong68', 'ejobe', 'wagoneb', 'dnocon', 'stuff', 'achungma']"
5,236,96,6,2,"['cliffos', 'romack0']",94,"['mclassen', 'andersonmy94', 'jnylen', 'esuer', 'chakra26', 'lhendrik', 'melyouse', 'whollan', 'nfransen', 'zhu741', 'mkirsch', 'rcalistr', 'artierenier', 'benne170', 'lopez347', 'okeefee', 'downeyl', 'jade.m.meekin', 'baylessl', 'hmcguir', 'gfiedler', 'ander939', 'harvey83', 'kyendru', 'dkramper', 'mdewaele', 'meyer313', 'nherbert', 'slorenzo', 'jskare', 'mlannie', 'john2345', 'jyounkin', 'smit3400', 'tsriram', 'duncan94', 'rhentric', 'tzadrave', 'lritchis', 'lange35', 'dholicz', 'wchowdhu', 'mngaglia', 'mmatteso', 'will1941', 'sayyala', 'ojonas', 'ashinne', 'pate1034', 'michae19', 'llefebvr', 'cwantz', 'verduzm', 'afarha', 'ander966', 'allen482', 'leal6', 'pkanugul', 'chris260', 'ychawla', 'rstaples', 'mock6', 'cjlee328', 'bgrytza', 'wdobbs', 'liu2442', 'alsalea', 'mot', 'rhodes44', 'wood164', 'reddy62', 'srajarat', 'ididelot', 'nortt', 'russe162', 'rdamle', 'jcavage', 'nrentsc', 'ellis125', 'hsakiewi', 'single0', 'brow1511', 'costel12', 'elamewon', 'pan229', 'nrobb', 'djodhani', 'scott479', 'amarkert', 'ewolfla', 'kong68', 'wagoneb', 'dnocon', 'stuff']",4,"['ebinkle', 'shagaman', 'bodhiscott', 'mihsan']",100,"['mclassen', 'cliffos', 'andersonmy94', 'jnylen', 'esuer', 'chakra26', 'lhendrik', 'melyouse', 'whollan', 'nfransen', 'zhu741', 'mkirsch', 'rcalistr', 'artierenier', 'benne170', 'lopez347', 'okeefee', 'downeyl', 'jade.m.meekin', 'baylessl', 'bodhiscott', 'hmcguir', 'gfiedler', 'ander939', 'harvey83', 'kyendru', 'dkramper', 'mdewaele', 'meyer313', 'nherbert', 'slorenzo', 'jskare', 'mlannie', 'john2345', 'jyounkin', 'smit3400', 'tsriram', 'shagaman', 'duncan94', 'rhentric', 'tzadrave', 'lritchis', 'lange35', 'dholicz', 'wchowdhu', 'mihsan', 'mngaglia', 'mmatteso', 'will1941', 'sayyala', 'ojonas', 'ashinne', 'pate1034', 'michae19', 'llefebvr', 'cwantz', 'verduzm', 'ebinkle', 'afarha', 'ander966', 'allen482', 'leal6', 'pkanugul', 'chris260', 'ychawla', 'rstaples', 'mock6', 'cjlee328', 'bgrytza', 'wdobbs', 'liu2442', 'alsalea', 'mot', 'rhodes44', 'wood164', 'reddy62', 'srajarat', 'ididelot', 'nortt', 'russe162', 'rdamle', 'jcavage', 'nrentsc', 'ellis125', 'hsakiewi', 'single0', 'brow1511', 'costel12', 'elamewon', 'pan229', 'nrobb', 'djodhani', 'scott479', 'amarkert', 'ewolfla', 'romack0', 'kong68', 'wagoneb', 'dnocon', 'stuff']"
5,68,96,5,2,"['alsalea', 'downeyl']",94,"['mclassen', 'cliffos', 'andersonmy94', 'jnylen', 'esuer', 'chakra26', 'lhendrik', 'melyouse', 'whollan', 'nfransen', 'zhu741', 'mkirsch', 'rcalistr', 'artierenier', 'benne170', 'lopez347', 'okeefee', 'jade.m.meekin', 'baylessl', 'hmcguir', 'gfiedler', 'ander939', 'harvey83', 'kyendru', 'dkramper', 'mdewaele', 'meyer313', 'nherbert', 'slorenzo', 'jskare', 'mlannie', 'john2345', 'jyounkin', 'smit3400', 'tsriram', 'duncan94', 'rhentric', 'tzadrave', 'lritchis', 'lange35', 'dholicz', 'wchowdhu', 'mngaglia', 'mmatteso', 'will1941', 'sayyala', 'ojonas', 'ashinne', 'pate1034', 'michae19', 'llefebvr', 'cwantz', 'verduzm', 'afarha', 'ander966', 'allen482', 'leal6', 'pkanugul', 'chris260', 'ychawla', 'rstaples', 'mock6', 'cjlee328', 'bgrytza', 'wdobbs', 'liu2442', 'mot', 'rhodes44', 'wood164', 'reddy62', 'srajarat', 'ididelot', 'nortt', 'russe162', 'rdamle', 'jcavage', 'nrentsc', 'ellis125', 'hsakiewi', 'single0', 'brow1511', 'costel12', 'elamewon', 'pan229', 'nrobb', 'djodhani', 'scott479', 'amarkert', 'ewolfla', 'romack0', 'kong68', 'wagoneb', 'dnocon', 'stuff']",3,"['sconkle', 'haejik', 'jhaddadc']",99,"['mclassen', 'cliffos', 'andersonmy94', 'jnylen', 'esuer', 'chakra26', 'lhendrik', 'melyouse', 'whollan', 'nfransen', 'zhu741', 'mkirsch', 'rcalistr', 'artierenier', 'jhaddadc', 'benne170', 'lopez347', 'okeefee', 'downeyl', 'jade.m.meekin', 'sconkle', 'baylessl', 'hmcguir', 'gfiedler', 'ander939', 'harvey83', 'kyendru', 'dkramper', 'mdewaele', 'meyer313', 'nherbert', 'slorenzo', 'jskare', 'mlannie', 'john2345', 'jyounkin', 'smit3400', 'tsriram', 'duncan94', 'rhentric', 'tzadrave', 'lritchis', 'lange35', 'dholicz', 'wchowdhu', 'mngaglia', 'mmatteso', 'will1941', 'sayyala', 'ojonas', 'ashinne', 'pate1034', 'michae19', 'llefebvr', 'cwantz', 'verduzm', 'afarha', 'ander966', 'allen482', 'leal6', 'pkanugul', 'chris260', 'ychawla', 'rstaples', 'mock6', 'cjlee328', 'bgrytza', 'wdobbs', 'liu2442', 'alsalea', 'mot', 'rhodes44', 'wood164', 'reddy62', 'srajarat', 'ididelot', 'nortt', 'russe162', 'rdamle', 'jcavage', 'nrentsc', 'ellis125', 'hsakiewi', 'single0', 'brow1511', 'costel12', 'elamewon', 'pan229', 'nrobb', 'haejik', 'djodhani', 'scott479', 'amarkert', 'ewolfla', 'romack0', 'kong68', 'wagoneb', 'dnocon', 'stuff']"
5,173,96,5,1,['baylessl'],95,"['mclassen', 'cliffos', 'andersonmy94', 'jnylen', 'esuer', 'chakra26', 'lhendrik', 'melyouse', 'whollan', 'nfransen', 'zhu741', 'mkirsch', 'rcalistr', 'artierenier', 'benne170', 'lopez347', 'okeefee', 'downeyl', 'jade.m.meekin', 'hmcguir', 'gfiedler', 'ander939', 'harvey83', 'kyendru', 'dkramper', 'mdewaele', 'meyer313', 'nherbert', 'slorenzo', 'jskare', 'mlannie', 'john2345', 'jyounkin', 'smit3400', 'tsriram', 'duncan94', 'rhentric', 'tzadrave', 'lritchis', 'lange35', 'dholicz', 'wchowdhu', 'mngaglia', 'mmatteso', 'will1941', 'sayyala', 'ojonas', 'ashinne', 'pate1034', 'michae19', 'llefebvr', 'cwantz', 'verduzm', 'afarha', 'ander966', 'allen482', 'leal6', 'pkanugul', 'chris260', 'ychawla', 'rstaples', 'mock6', 'cjlee328', 'bgrytza', 'wdobbs', 'liu2442', 'alsalea', 'mot', 'rhodes44', 'wood164', 'reddy62', 'srajarat', 'ididelot', 'nortt', 'russe162', 'rdamle', 'jcavage', 'nrentsc', 'ellis125', 'hsakiewi', 'single0', 'brow1511', 'costel12', 'elamewon', 'pan229', 'nrobb', 'djodhani', 'scott479', 'amarkert', 'ewolfla', 'romack0', 'kong68', 'wagoneb', 'dnocon', 'stuff']",4,"['weber171', 'cottonb', 'tschoste', 'thubauer']",100,"['mclassen', 'cliffos', 'andersonmy94', 'jnylen', 'esuer', 'chakra26', 'lhendrik', 'melyouse', 'whollan', 'nfransen', 'zhu741', 'mkirsch', 'rcalistr', 'artierenier', 'benne170', 'tschoste', 'lopez347', 'okeefee', 'downeyl', 'jade.m.meekin', 'baylessl', 'hmcguir', 'gfiedler', 'ander939', 'harvey83', 'kyendru', 'dkramper', 'mdewaele', 'meyer313', 'nherbert', 'slorenzo', 'jskare', 'mlannie', 'john2345', 'jyounkin', 'smit3400', 'tsriram', 'cottonb', 'duncan94', 'rhentric', 'tzadrave', 'lritchis', 'lange35', 'dholicz', 'wchowdhu', 'mngaglia', 'mmatteso', 'will1941', 'sayyala', 'ojonas', 'weber171', 'ashinne', 'pate1034', 'michae19', 'llefebvr', 'cwantz', 'verduzm', 'afarha', 'ander966', 'allen482', 'leal6', 'pkanugul', 'chris260', 'ychawla', 'rstaples', 'mock6', 'cjlee328', 'bgrytza', 'wdobbs', 'liu2442', 'alsalea', 'mot', 'rhodes44', 'wood164', 'reddy62', 'srajarat', 'ididelot', 'nortt', 'russe162', 'rdamle', 'jcavage', 'nrentsc', 'ellis125', 'hsakiewi', 'thubauer', 'single0', 'brow1511', 'costel12', 'elamewon', 'pan229', 'nrobb', 'djodhani', 'scott479', 'amarkert', 'ewolfla', 'romack0', 'kong68', 'wagoneb', 'dnocon', 'stuff']"
6,221,96,283,78,"['murattdo', 'stiml1144', 'mstff.1clkk', 'jbonez411', 'ervndgn59', 'alexander.lee', 'cheeseybacon', 'madisonmiller', 'jaycwilson23', 'kellen.wise', 'arif.ozkan5806', 'trivellin', 'aaroncoonu', 'yorkiiii', 'cartermchris1', 'hlong262', 'ge.6cg7', 'd093641', 'mtakcali', 'andrew217usmc', 'tg2016', 'cancetinkaya1201', 'sbentz', 'lerner', 'drogalski', 'i.lutticken', 'syoonhan', 'ulusoy2006', 'matthew.jones98', 'mollykole', 'daddysexual', 'rakaiit', 'burnett.william', 'davidr27', 'clizarazo', 'berrospidavid7', 'theurgeboat', 'wdeaweqwdas', 'pspiotrowicz1', 'grantmorris656', 'johndoe2341341243', 'panellink1', 'annikadasher', 'magnoliajasper', 'rylandkate', 'mrtmert98', 'halilibrahimtiken', 'emreyilmazel1996', 'testeremre70', 'heatherleaf', 'sd226', 'pkj71794g', 'ashishchr', 'ol_ac', 'dolaydemirel', 'd33r00', 'danielclapp99', 'jeption2025', 's16c045b', 'asdksnfksfkmd', 'johnganiban', 'thomasspradley', 'retrewtewrt', 'mrgiraffe', 'lobsterben13', 'sebrobarts', 'oktayhalitekinay', 'anshshah2011', 'philippeblaise', 'ege.ert7', 'npatta.1986', 'maria.irausquin', 'aldanafloyd', 'elel30182', 'burak9836', 'chastintruelove', 'jason.earl', 'caseyamick']",18,"['avera', 'burakalperen87', 'bagasannin', 'taol190799', 'mmozcan4', 'ozcanguclu', 'asdadsa', 'edakartari', 'kadandirf', 'flzkdndr', 'sgnmsrmsk', 'rockerheadgamer', 'yusufsabahoglu05', 'efe.bstrk', 'halilalp', 'oknky', 'u1109841', 'omertrbzn6197']",205,"['mmei', 'vritota', 'baqer', 'wingitalways', 'm241617', 's16c028b', 'amandabrum', 'j176601', 'roiaso', 'poorar21', 'gazerlo', 'kaiseale', 'kaynegalie', 'ogandocortes', 'santox2000', 'u0916393', 'emani', 'jrobinson5', 'lewisgf20', 'ogu0001', 'l201843', 'ftah', 'alexdallee17', 'xiaokaizhong99', 'nsh0004', 'julianawallgren', 'hamastahir19', 'moshelem', 'ts992', 'ncm0007', 'a194117', 'terje', 'jef325', 'aingles', 'liqizhou', 'briann', 'hrhlauraa', 'aaronrivasterron', 'rosadourada9', 'justiejoseph', 'blane', 'chrixang18', 'iuri', 'sandip83', 'nicoladegiuseppe19', 'sabolton', 'maxguipil', 'v257028', 'aravindh', 'lenoirr', 'uuganbayaro', 'kayleneechong', 'jeus63', 'garciacarrillojudith', 'mos_noob', 'anujgarg939', 'leeluanling123', 'kst48', 'zse0147', 'tudimubunmi', 'jschewinsky', 'deguirejasmin', 'lpentzke', 'fredysanchez2', 'newele', 'olivier35', 'nanobeam', 'k.hildenbrand', 'eschruba', 'yesimcakmakc', 'maxiasensio', 'u1250344', 'julianyordano', 'cameronframpton', 'rossop', 'joshuabush', 'nbhat0792', 'wys142', 'mariapl200896', 'ethan.caballero', 'cacuy', 'jhahn95', 'huseyinu', 'hjp44', 'sebasmarquez90', 'amrita_lovelace', 'avivlavan', 'cdutreil', 'plaggeme', 'jsanmartin1', 'nguyendaniel', 'dicef', 'kyenyarkolemuel', 'josemanuel3', 'nfranzoni', 'tserenkhand', 'santosalexis1817', 'pw8', 'spazos7', 'mangabera10', 'tomasx', 'mahnoor.syed29', 'smontero', 'jequito', 'sungjoon.cho97', 'susannareggiani', 'anapv177', 'sholliday643', 'paezjuanagustin47', 'durgaprasadkhatri2011', 'yyerim', 'saradiazr', 'c195673', 'krusso448', 'u1089358', 'hjlim9612', 'j218711', 'fabio.aragao.santos', 'guillermo99', 'nickm', 'mtynski', 'cactusnoh', 'jake.m.hall876', 'jsathanand', 'bmirzapouebe', 'marcantoineduval', 't224622', 'raul292', 'choudh23', 'lkipfer', 'charles.dambra', 'also0714', 'arno.yu610168', 'lctasende3', 'fedele.penna', 'hj980217', 'nuriamjusc', 'thboth', 'sarah.youssef', 'cibranlpz', 'joejfranzo', 'jack522577', 'jimenezph', 'olga.casals', 'mrbunnyman', 'fatanehjenabi', 'man6787', 'andresaraiva', 'gabriel.pzanoni', 'jako91', 'fafrin2', 'arianebarreto', 'borja.bayon', 'costasdiego97', 'phhuang', 'kmerino', 'elena.gnani', 'xiaoyuzhang', 'evakolmel', '8223freret', 'psuzhouy', 'jdgerling', 'sqlim94', 'fpincock', 'asif0047', 'abaringer', 'sungjooncho', 'dongmingli', 'm203442', 'sabe425', 'longstreetjacob', 'kodurur', 'omarloay99', 'ee17resch11016', 'eminasuljic', 'alirose12', 'haren22', 'martinotero', 'u6007941', 'rynk.john', 'pmcnutt2', 'miguelcb', 'reuben90', 'r207733', 'ana23', 'octoman1080x', 'vincentdoucet22', 'lorenzoholguin12', 'martin.mg98.10', 'ronitronit119', 'felipemachado', 'kianamon', 'rajsingh', 'cninja99', 'hcha71', 'nmorgan1', 'lokesht123', 'ainhoaab', 'anxooo', 'damianonetto', 'zepfan026', 'semmi.spado00', 'cbandel', 'enhjinhanabi', 'f215766']",301,"['baqer', 'wingitalways', 'murattdo', 's16c028b', 'amandabrum', 'j176601', 'kaiseale', 'kaynegalie', 'edakartari', 'ogu0001', 'l201843', 'efe.bstrk', 'cheeseybacon', 'madisonmiller', 'hamastahir19', 'ozcanguclu', 'jaycwilson23', 'jef325', 'aingles', 'briann', 'arif.ozkan5806', 'aaronrivasterron', 'justiejoseph', 'cartermchris1', 'ge.6cg7', 'chrixang18', 'd093641', 'iuri', 'mtakcali', 'nicoladegiuseppe19', 'sabolton', 'maxguipil', 'v257028', 'uuganbayaro', 'lenoirr', 'andrew217usmc', 'tg2016', 'jeus63', 'anujgarg939', 'leeluanling123', 'tudimubunmi', 'deguirejasmin', 'lpentzke', 'cancetinkaya1201', 'fredysanchez2', 'newele', 'drogalski', 'olivier35', 'u1109841', 'i.lutticken', 'bagasannin', 'eschruba', 'julianyordano', 'maxiasensio', 'u1250344', 'wys142', 'mariapl200896', 'rockerheadgamer', 'ulusoy2006', 'ethan.caballero', 'matthew.jones98', 'jhahn95', 'huseyinu', 'sebasmarquez90', 'cdutreil', 'plaggeme', 'omertrbzn6197', 'rakaiit', 'dicef', 'burnett.william', 'kyenyarkolemuel', 'tserenkhand', 'santosalexis1817', 'pw8', 'mangabera10', 'smontero', 'jequito', 'sungjoon.cho97', 'susannareggiani', 'anapv177', 'sholliday643', 'paezjuanagustin47', 'yyerim', 'asdadsa', 'c195673', 'u1089358', 'grantmorris656', 'taol190799', 'mmozcan4', 'guillermo99', 'jake.m.hall876', 'johndoe2341341243', 'annikadasher', 'marcantoineduval', 'magnoliajasper', 'burakalperen87', 'lkipfer', 'halilibrahimtiken', 'charles.dambra', 'also0714', 'arno.yu610168', 'heatherleaf', 'fedele.penna', 'sd226', 'pkj71794g', 'hj980217', 'thboth', 'ashishchr', 'cibranlpz', 'joejfranzo', 'jimenezph', 'andresaraiva', 'jako91', 'danielclapp99', 'fafrin2', 'phhuang', 'evakolmel', 'retrewtewrt', 'psuzhouy', 'mrgiraffe', 'fpincock', 'asif0047', 'sungjooncho', 'oktayhalitekinay', 'anshshah2011', 'u6007941', 'rynk.john', 'pmcnutt2', 'miguelcb', 'ana23', 'maria.irausquin', 'aldanafloyd', 'lorenzoholguin12', 'martin.mg98.10', 'kianamon', 'rajsingh', 'cninja99', 'lokesht123', 'ainhoaab', 'zepfan026', 'burak9836', 'chastintruelove', 'sgnmsrmsk', 'semmi.spado00', 'enhjinhanabi', 'f215766', 'oknky', 'caseyamick', 'mmei', 'vritota', 'm241617', 'poorar21', 'roiaso', 'gazerlo', 'avera', 'ogandocortes', 'santox2000', 'stiml1144', 'u0916393', 'emani', 'mstff.1clkk', 'jrobinson5', 'jbonez411', 'ervndgn59', 'lewisgf20', 'ftah', 'alexander.lee', 'alexdallee17', 'xiaokaizhong99', 'nsh0004', 'julianawallgren', 'moshelem', 'ts992', 'ncm0007', 'a194117', 'terje', 'liqizhou', 'kellen.wise', 'hrhlauraa', 'trivellin', 'aaroncoonu', 'hlong262', 'yorkiiii', 'rosadourada9', 'blane', 'sandip83', 'aravindh', 'kayleneechong', 'mos_noob', 'garciacarrillojudith', 'kst48', 'zse0147', 'jschewinsky', 'sbentz', 'lerner', 'nanobeam', 'k.hildenbrand', 'yesimcakmakc', 'syoonhan', 'cameronframpton', 'rossop', 'joshuabush', 'nbhat0792', 'cacuy', 'hjp44', 'amrita_lovelace', 'mollykole', 'avivlavan', 'daddysexual', 'jsanmartin1', 'nguyendaniel', 'josemanuel3', 'nfranzoni', 'davidr27', 'spazos7', 'tomasx', 'mahnoor.syed29', 'halilalp', 'clizarazo', 'durgaprasadkhatri2011', 'saradiazr', 'berrospidavid7', 'flzkdndr', 'krusso448', 'hjlim9612', 'theurgeboat', 'j218711', 'wdeaweqwdas', 'pspiotrowicz1', 'fabio.aragao.santos', 'nickm', 'mtynski', 'cactusnoh', 'jsathanand', 'bmirzapouebe', 'panellink1', 't224622', 'raul292', 'choudh23', 'rylandkate', 'mrtmert98', 'emreyilmazel1996', 'testeremre70', 'lctasende3', 'nuriamjusc', 'sarah.youssef', 'ol_ac', 'dolaydemirel', 'jack522577', 'olga.casals', 'mrbunnyman', 'fatanehjenabi', 'man6787', 'gabriel.pzanoni', 'd33r00', 'jeption2025', 's16c045b', 'arianebarreto', 'borja.bayon', 'costasdiego97', 'kmerino', 'asdksnfksfkmd', 'johnganiban', 'elena.gnani', 'xiaoyuzhang', 'thomasspradley', '8223freret', 'jdgerling', 'yusufsabahoglu05', 'sqlim94', 'abaringer', 'lobsterben13', 'dongmingli', 'm203442', 'sabe425', 'longstreetjacob', 'sebrobarts', 'kodurur', 'philippeblaise', 'omarloay99', 'ee17resch11016', 'ege.ert7', 'eminasuljic', 'alirose12', 'haren22', 'martinotero', 'r207733', 'reuben90', 'npatta.1986', 'kadandirf', 'octoman1080x', 'vincentdoucet22', 'ronitronit119', 'felipemachado', 'elel30182', 'hcha71', 'nmorgan1', 'anxooo', 'damianonetto', 'cbandel', 'jason.earl']"
6,204,96,31,9,"['ozcanguclu', 'asdadsa', 'testeremre70', 'edakartari', 'kadandirf', 'flzkdndr', 'oktayhalitekinay', 'oknky', 'omertrbzn6197']",87,"['murattdo', 'avera', 'stiml1144', 'mstff.1clkk', 'jbonez411', 'ervndgn59', 'efe.bstrk', 'alexander.lee', 'cheeseybacon', 'madisonmiller', 'jaycwilson23', 'kellen.wise', 'arif.ozkan5806', 'trivellin', 'aaroncoonu', 'yorkiiii', 'cartermchris1', 'hlong262', 'ge.6cg7', 'd093641', 'mtakcali', 'andrew217usmc', 'tg2016', 'cancetinkaya1201', 'sbentz', 'lerner', 'drogalski', 'u1109841', 'i.lutticken', 'bagasannin', 'syoonhan', 'rockerheadgamer', 'ulusoy2006', 'matthew.jones98', 'mollykole', 'daddysexual', 'rakaiit', 'burnett.william', 'davidr27', 'halilalp', 'clizarazo', 'berrospidavid7', 'theurgeboat', 'wdeaweqwdas', 'pspiotrowicz1', 'grantmorris656', 'taol190799', 'mmozcan4', 'johndoe2341341243', 'panellink1', 'annikadasher', 'magnoliajasper', 'burakalperen87', 'rylandkate', 'mrtmert98', 'halilibrahimtiken', 'emreyilmazel1996', 'heatherleaf', 'sd226', 'pkj71794g', 'ashishchr', 'ol_ac', 'dolaydemirel', 'd33r00', 'danielclapp99', 'jeption2025', 's16c045b', 'asdksnfksfkmd', 'johnganiban', 'thomasspradley', 'retrewtewrt', 'yusufsabahoglu05', 'mrgiraffe', 'lobsterben13', 'sebrobarts', 'anshshah2011', 'philippeblaise', 'ege.ert7', 'npatta.1986', 'maria.irausquin', 'aldanafloyd', 'elel30182', 'burak9836', 'chastintruelove', 'sgnmsrmsk', 'jason.earl', 'caseyamick']",22,"['goknur.derinoz', 'haticeterzibali', 'karaaslanmustafa4534', 'murat.kolcu.1926', 'ekim.coskun19', 'serdememen', 'mertkaggle', 'tahademiryol85', 'ozumkocaman9', 'yusufacoskun', 'abdullahcamoglu675', 'altugyaylaci', 'aliikazankaya', 'sonerkar', 'ekicifatih0', 'alikanadli7', 'berksaldr', 'aslanersin32', '1967hamzausta', 'seher', 'stsaw97', 'tugbakoyuncu99']",118,"['haticeterzibali', 'clizarazo', 'murattdo', 'asdadsa', 'berrospidavid7', 'flzkdndr', 'theurgeboat', 'wdeaweqwdas', 'seher', 'pspiotrowicz1', 'avera', 'grantmorris656', 'taol190799', 'stiml1144', 'mmozcan4', 'mstff.1clkk', 'edakartari', 'jbonez411', 'ervndgn59', 'johndoe2341341243', 'efe.bstrk', 'alexander.lee', 'panellink1', 'annikadasher', 'mertkaggle', 'cheeseybacon', 'madisonmiller', 'magnoliajasper', 'burakalperen87', 'rylandkate', 'mrtmert98', 'halilibrahimtiken', 'ozcanguclu', 'jaycwilson23', 'emreyilmazel1996', 'testeremre70', 'yusufacoskun', 'abdullahcamoglu675', 'heatherleaf', 'kellen.wise', 'arif.ozkan5806', 'sd226', 'pkj71794g', 'trivellin', 'aaroncoonu', 'cartermchris1', 'hlong262', 'yorkiiii', 'ashishchr', 'ol_ac', 'ge.6cg7', 'aliikazankaya', 'd093641', 'mtakcali', 'jason.earl', 'dolaydemirel', 'sonerkar', 'ekicifatih0', 'andrew217usmc', 'tg2016', 'alikanadli7', 'd33r00', 'danielclapp99', 'berksaldr', '1967hamzausta', 'jeption2025', 's16c045b', 'goknur.derinoz', 'asdksnfksfkmd', 'johnganiban', 'murat.kolcu.1926', 'karaaslanmustafa4534', 'cancetinkaya1201', 'sbentz', 'lerner', 'thomasspradley', 'retrewtewrt', 'yusufsabahoglu05', 'drogalski', 'mrgiraffe', 'u1109841', 'i.lutticken', 'lobsterben13', 'bagasannin', 'syoonhan', 'ekim.coskun19', 'sebrobarts', 'oktayhalitekinay', 'anshshah2011', 'philippeblaise', 'rockerheadgamer', 'ulusoy2006', 'ege.ert7', 'serdememen', 'tahademiryol85', 'matthew.jones98', 'ozumkocaman9', 'mollykole', 'npatta.1986', 'daddysexual', 'kadandirf', 'altugyaylaci', 'maria.irausquin', 'aldanafloyd', 'elel30182', 'omertrbzn6197', 'rakaiit', 'burnett.william', 'tugbakoyuncu99', 'burak9836', 'chastintruelove', 'sgnmsrmsk', 'davidr27', 'aslanersin32', 'halilalp', 'oknky', 'stsaw97', 'caseyamick']"
6,205,96,21,12,"['i.lutticken', 'matthew.jones98', 'rylandkate', 'burnett.william', 'clizarazo', 'johnganiban', 'mollykole', 'thomasspradley', 'maria.irausquin', 'd33r00', 'alexander.lee', 'madisonmiller']",84,"['murattdo', 'asdadsa', 'berrospidavid7', 'flzkdndr', 'theurgeboat', 'wdeaweqwdas', 'pspiotrowicz1', 'avera', 'grantmorris656', 'taol190799', 'stiml1144', 'mmozcan4', 'mstff.1clkk', 'edakartari', 'jbonez411', 'ervndgn59', 'johndoe2341341243', 'efe.bstrk', 'panellink1', 'annikadasher', 'cheeseybacon', 'magnoliajasper', 'burakalperen87', 'mrtmert98', 'halilibrahimtiken', 'ozcanguclu', 'jaycwilson23', 'emreyilmazel1996', 'testeremre70', 'heatherleaf', 'kellen.wise', 'arif.ozkan5806', 'sd226', 'pkj71794g', 'trivellin', 'aaroncoonu', 'cartermchris1', 'hlong262', 'yorkiiii', 'ashishchr', 'ol_ac', 'ge.6cg7', 'd093641', 'mtakcali', 'jason.earl', 'dolaydemirel', 'andrew217usmc', 'tg2016', 'danielclapp99', 'jeption2025', 's16c045b', 'asdksnfksfkmd', 'cancetinkaya1201', 'sbentz', 'lerner', 'retrewtewrt', 'yusufsabahoglu05', 'drogalski', 'mrgiraffe', 'u1109841', 'lobsterben13', 'bagasannin', 'syoonhan', 'sebrobarts', 'oktayhalitekinay', 'anshshah2011', 'philippeblaise', 'rockerheadgamer', 'ulusoy2006', 'ege.ert7', 'npatta.1986', 'daddysexual', 'kadandirf', 'aldanafloyd', 'elel30182', 'omertrbzn6197', 'rakaiit', 'burak9836', 'chastintruelove', 'sgnmsrmsk', 'davidr27', 'halilalp', 'oknky', 'caseyamick']",9,"['sholliday643', 'wingitalways', 'rynk.john', 'charles.dambra', 'nickm', 'liqizhou', 'jsanmartin1', 'nguyendaniel', 'alexdallee17']",105,"['sholliday643', 'wingitalways', 'clizarazo', 'murattdo', 'asdadsa', 'berrospidavid7', 'flzkdndr', 'theurgeboat', 'wdeaweqwdas', 'pspiotrowicz1', 'avera', 'grantmorris656', 'taol190799', 'stiml1144', 'mmozcan4', 'nickm', 'mstff.1clkk', 'edakartari', 'jbonez411', 'ervndgn59', 'johndoe2341341243', 'efe.bstrk', 'alexander.lee', 'panellink1', 'annikadasher', 'cheeseybacon', 'madisonmiller', 'magnoliajasper', 'alexdallee17', 'burakalperen87', 'rylandkate', 'mrtmert98', 'halilibrahimtiken', 'charles.dambra', 'ozcanguclu', 'jaycwilson23', 'emreyilmazel1996', 'testeremre70', 'liqizhou', 'heatherleaf', 'kellen.wise', 'arif.ozkan5806', 'sd226', 'pkj71794g', 'trivellin', 'aaroncoonu', 'cartermchris1', 'hlong262', 'yorkiiii', 'ashishchr', 'ol_ac', 'ge.6cg7', 'd093641', 'mtakcali', 'jason.earl', 'dolaydemirel', 'andrew217usmc', 'tg2016', 'd33r00', 'danielclapp99', 'jeption2025', 's16c045b', 'asdksnfksfkmd', 'johnganiban', 'cancetinkaya1201', 'sbentz', 'lerner', 'thomasspradley', 'retrewtewrt', 'yusufsabahoglu05', 'drogalski', 'mrgiraffe', 'u1109841', 'i.lutticken', 'lobsterben13', 'bagasannin', 'syoonhan', 'sebrobarts', 'oktayhalitekinay', 'anshshah2011', 'philippeblaise', 'rockerheadgamer', 'ulusoy2006', 'ege.ert7', 'matthew.jones98', 'rynk.john', 'mollykole', 'npatta.1986', 'daddysexual', 'kadandirf', 'maria.irausquin', 'aldanafloyd', 'jsanmartin1', 'nguyendaniel', 'elel30182', 'omertrbzn6197', 'rakaiit', 'burnett.william', 'burak9836', 'chastintruelove', 'sgnmsrmsk', 'davidr27', 'halilalp', 'oknky', 'caseyamick']"
6,226,96,20,2,"['yorkiiii', 'u1109841']",94,"['clizarazo', 'murattdo', 'asdadsa', 'berrospidavid7', 'flzkdndr', 'theurgeboat', 'wdeaweqwdas', 'pspiotrowicz1', 'avera', 'grantmorris656', 'taol190799', 'stiml1144', 'mmozcan4', 'mstff.1clkk', 'edakartari', 'jbonez411', 'ervndgn59', 'johndoe2341341243', 'efe.bstrk', 'alexander.lee', 'panellink1', 'annikadasher', 'cheeseybacon', 'madisonmiller', 'magnoliajasper', 'burakalperen87', 'rylandkate', 'mrtmert98', 'halilibrahimtiken', 'ozcanguclu', 'jaycwilson23', 'emreyilmazel1996', 'testeremre70', 'heatherleaf', 'kellen.wise', 'arif.ozkan5806', 'sd226', 'pkj71794g', 'trivellin', 'aaroncoonu', 'cartermchris1', 'hlong262', 'ashishchr', 'ol_ac', 'ge.6cg7', 'd093641', 'mtakcali', 'jason.earl', 'dolaydemirel', 'andrew217usmc', 'tg2016', 'd33r00', 'danielclapp99', 'jeption2025', 's16c045b', 'asdksnfksfkmd', 'johnganiban', 'cancetinkaya1201', 'sbentz', 'lerner', 'thomasspradley', 'retrewtewrt', 'yusufsabahoglu05', 'drogalski', 'mrgiraffe', 'i.lutticken', 'lobsterben13', 'bagasannin', 'syoonhan', 'sebrobarts', 'oktayhalitekinay', 'anshshah2011', 'philippeblaise', 'rockerheadgamer', 'ulusoy2006', 'ege.ert7', 'matthew.jones98', 'mollykole', 'npatta.1986', 'daddysexual', 'kadandirf', 'maria.irausquin', 'aldanafloyd', 'elel30182', 'omertrbzn6197', 'rakaiit', 'burnett.william', 'burak9836', 'chastintruelove', 'sgnmsrmsk', 'davidr27', 'halilalp', 'oknky', 'caseyamick']",18,"['ran', 'u1251024', 'shaunmckellar', 'u0614258', 'u1122975', 'paulbrown', 'u1096218', 'u0582779', 'u1250344', 'yoyoyuan', 'u1083849', 'u1250307', 'u1099799', 'u1201149', 'jac3888', 'u1007283', 'ddyreng1', 'nanobeam']",114,"['clizarazo', 'murattdo', 'asdadsa', 'berrospidavid7', 'flzkdndr', 'theurgeboat', 'wdeaweqwdas', 'pspiotrowicz1', 'avera', 'grantmorris656', 'taol190799', 'stiml1144', 'mmozcan4', 'u1096218', 'u0582779', 'mstff.1clkk', 'edakartari', 'u1099799', 'jbonez411', 'ervndgn59', 'johndoe2341341243', 'efe.bstrk', 'alexander.lee', 'panellink1', 'annikadasher', 'cheeseybacon', 'madisonmiller', 'magnoliajasper', 'burakalperen87', 'rylandkate', 'mrtmert98', 'halilibrahimtiken', 'ozcanguclu', 'jaycwilson23', 'emreyilmazel1996', 'testeremre70', 'heatherleaf', 'kellen.wise', 'arif.ozkan5806', 'sd226', 'pkj71794g', 'trivellin', 'aaroncoonu', 'cartermchris1', 'hlong262', 'yorkiiii', 'ashishchr', 'ol_ac', 'ge.6cg7', 'd093641', 'mtakcali', 'jason.earl', 'dolaydemirel', 'u1250307', 'andrew217usmc', 'tg2016', 'd33r00', 'danielclapp99', 'jeption2025', 'ran', 's16c045b', 'u1122975', 'asdksnfksfkmd', 'johnganiban', 'cancetinkaya1201', 'sbentz', 'lerner', 'thomasspradley', 'retrewtewrt', 'yusufsabahoglu05', 'drogalski', 'mrgiraffe', 'nanobeam', 'u1007283', 'u1109841', 'i.lutticken', 'lobsterben13', 'bagasannin', 'paulbrown', 'syoonhan', 'u1250344', 'sebrobarts', 'oktayhalitekinay', 'anshshah2011', 'philippeblaise', 'rockerheadgamer', 'ulusoy2006', 'ege.ert7', 'matthew.jones98', 'yoyoyuan', 'mollykole', 'npatta.1986', 'daddysexual', 'kadandirf', 'maria.irausquin', 'aldanafloyd', 'u1201149', 'ddyreng1', 'elel30182', 'omertrbzn6197', 'rakaiit', 'u1251024', 'shaunmckellar', 'u0614258', 'burnett.william', 'u1083849', 'burak9836', 'chastintruelove', 'sgnmsrmsk', 'davidr27', 'jac3888', 'halilalp', 'oknky', 'caseyamick']"
6,207,96,19,4,"['arif.ozkan5806', 'halilalp', 'mrtmert98', 'ulusoy2006']",92,"['clizarazo', 'murattdo', 'asdadsa', 'berrospidavid7', 'flzkdndr', 'theurgeboat', 'wdeaweqwdas', 'pspiotrowicz1', 'avera', 'grantmorris656', 'taol190799', 'stiml1144', 'mmozcan4', 'mstff.1clkk', 'edakartari', 'jbonez411', 'ervndgn59', 'johndoe2341341243', 'efe.bstrk', 'alexander.lee', 'panellink1', 'annikadasher', 'cheeseybacon', 'madisonmiller', 'magnoliajasper', 'burakalperen87', 'rylandkate', 'halilibrahimtiken', 'ozcanguclu', 'jaycwilson23', 'emreyilmazel1996', 'testeremre70', 'heatherleaf', 'kellen.wise', 'sd226', 'pkj71794g', 'trivellin', 'aaroncoonu', 'cartermchris1', 'hlong262', 'yorkiiii', 'ashishchr', 'ol_ac', 'ge.6cg7', 'd093641', 'mtakcali', 'jason.earl', 'dolaydemirel', 'andrew217usmc', 'tg2016', 'd33r00', 'danielclapp99', 'jeption2025', 's16c045b', 'asdksnfksfkmd', 'johnganiban', 'cancetinkaya1201', 'sbentz', 'lerner', 'thomasspradley', 'retrewtewrt', 'yusufsabahoglu05', 'drogalski', 'mrgiraffe', 'u1109841', 'i.lutticken', 'lobsterben13', 'bagasannin', 'syoonhan', 'sebrobarts', 'oktayhalitekinay', 'anshshah2011', 'philippeblaise', 'rockerheadgamer', 'ege.ert7', 'matthew.jones98', 'mollykole', 'npatta.1986', 'daddysexual', 'kadandirf', 'maria.irausquin', 'aldanafloyd', 'elel30182', 'omertrbzn6197', 'rakaiit', 'burnett.william', 'burak9836', 'chastintruelove', 'sgnmsrmsk', 'davidr27', 'oknky', 'caseyamick']",15,"['furkan12', 'furkan552senturk', 'byzayh13', 'onurerks', 'aydoganaali19', 'ranaoztemur', 'yamakonurcan', 'anilboran0671', 'murat.kolcu.1926', 'salcaburak', 'melikedogru22', 'kaayaa40', '1967hamzausta', 'bertansafak', 'furkan069906']",111,"['clizarazo', 'murattdo', 'aydoganaali19', 'asdadsa', 'berrospidavid7', 'bertansafak', 'flzkdndr', 'theurgeboat', 'wdeaweqwdas', 'pspiotrowicz1', 'avera', 'grantmorris656', 'taol190799', 'stiml1144', 'mmozcan4', 'yamakonurcan', 'mstff.1clkk', 'edakartari', 'jbonez411', 'ervndgn59', 'johndoe2341341243', 'kaayaa40', 'efe.bstrk', 'alexander.lee', 'panellink1', 'annikadasher', 'cheeseybacon', 'madisonmiller', 'magnoliajasper', 'burakalperen87', 'rylandkate', 'mrtmert98', 'halilibrahimtiken', 'ozcanguclu', 'jaycwilson23', 'emreyilmazel1996', 'testeremre70', 'salcaburak', 'heatherleaf', 'kellen.wise', 'arif.ozkan5806', 'sd226', 'pkj71794g', 'melikedogru22', 'trivellin', 'aaroncoonu', 'cartermchris1', 'hlong262', 'yorkiiii', 'ashishchr', 'ol_ac', 'ge.6cg7', 'd093641', 'mtakcali', 'jason.earl', 'dolaydemirel', 'andrew217usmc', 'tg2016', 'd33r00', 'danielclapp99', '1967hamzausta', 'jeption2025', 's16c045b', 'furkan12', 'onurerks', 'asdksnfksfkmd', 'johnganiban', 'murat.kolcu.1926', 'cancetinkaya1201', 'sbentz', 'lerner', 'thomasspradley', 'retrewtewrt', 'yusufsabahoglu05', 'drogalski', 'mrgiraffe', 'u1109841', 'furkan069906', 'i.lutticken', 'lobsterben13', 'bagasannin', 'furkan552senturk', 'syoonhan', 'sebrobarts', 'oktayhalitekinay', 'anshshah2011', 'philippeblaise', 'rockerheadgamer', 'ulusoy2006', 'ege.ert7', 'ranaoztemur', 'matthew.jones98', 'byzayh13', 'mollykole', 'npatta.1986', 'daddysexual', 'kadandirf', 'maria.irausquin', 'aldanafloyd', 'elel30182', 'omertrbzn6197', 'rakaiit', 'burnett.william', 'burak9836', 'chastintruelove', 'sgnmsrmsk', 'davidr27', 'anilboran0671', 'halilalp', 'oknky', 'caseyamick']"
6,202,96,17,16,"['pspiotrowicz1', 'jeption2025', 'grantmorris656', 'caseyamick', 'stiml1144', 'jaycwilson23', 'berrospidavid7', 'daddysexual', 'andrew217usmc', 'heatherleaf', 'jbonez411', 'anshshah2011', 'pkj71794g', 'johndoe2341341243', 'jason.earl', 'cheeseybacon']",80,"['clizarazo', 'murattdo', 'asdadsa', 'flzkdndr', 'theurgeboat', 'wdeaweqwdas', 'avera', 'taol190799', 'mmozcan4', 'mstff.1clkk', 'edakartari', 'ervndgn59', 'efe.bstrk', 'alexander.lee', 'panellink1', 'annikadasher', 'madisonmiller', 'magnoliajasper', 'burakalperen87', 'rylandkate', 'mrtmert98', 'halilibrahimtiken', 'ozcanguclu', 'emreyilmazel1996', 'testeremre70', 'kellen.wise', 'arif.ozkan5806', 'sd226', 'trivellin', 'aaroncoonu', 'cartermchris1', 'hlong262', 'yorkiiii', 'ashishchr', 'ol_ac', 'ge.6cg7', 'd093641', 'mtakcali', 'dolaydemirel', 'tg2016', 'd33r00', 'danielclapp99', 's16c045b', 'asdksnfksfkmd', 'johnganiban', 'cancetinkaya1201', 'sbentz', 'lerner', 'thomasspradley', 'retrewtewrt', 'yusufsabahoglu05', 'drogalski', 'mrgiraffe', 'u1109841', 'i.lutticken', 'lobsterben13', 'bagasannin', 'syoonhan', 'sebrobarts', 'oktayhalitekinay', 'philippeblaise', 'rockerheadgamer', 'ulusoy2006', 'ege.ert7', 'matthew.jones98', 'mollykole', 'npatta.1986', 'kadandirf', 'maria.irausquin', 'aldanafloyd', 'elel30182', 'omertrbzn6197', 'rakaiit', 'burnett.william', 'burak9836', 'chastintruelove', 'sgnmsrmsk', 'davidr27', 'halilalp', 'oknky']",1,['sandip83'],97,"['clizarazo', 'murattdo', 'asdadsa', 'berrospidavid7', 'flzkdndr', 'theurgeboat', 'wdeaweqwdas', 'pspiotrowicz1', 'avera', 'grantmorris656', 'taol190799', 'stiml1144', 'mmozcan4', 'mstff.1clkk', 'edakartari', 'jbonez411', 'ervndgn59', 'johndoe2341341243', 'efe.bstrk', 'alexander.lee', 'panellink1', 'annikadasher', 'cheeseybacon', 'madisonmiller', 'magnoliajasper', 'burakalperen87', 'rylandkate', 'mrtmert98', 'halilibrahimtiken', 'ozcanguclu', 'jaycwilson23', 'emreyilmazel1996', 'testeremre70', 'heatherleaf', 'kellen.wise', 'arif.ozkan5806', 'sd226', 'pkj71794g', 'trivellin', 'aaroncoonu', 'cartermchris1', 'hlong262', 'yorkiiii', 'ashishchr', 'ol_ac', 'ge.6cg7', 'd093641', 'mtakcali', 'sandip83', 'jason.earl', 'dolaydemirel', 'andrew217usmc', 'tg2016', 'd33r00', 'danielclapp99', 'jeption2025', 's16c045b', 'asdksnfksfkmd', 'johnganiban', 'cancetinkaya1201', 'sbentz', 'lerner', 'thomasspradley', 'retrewtewrt', 'yusufsabahoglu05', 'drogalski', 'mrgiraffe', 'u1109841', 'i.lutticken', 'lobsterben13', 'bagasannin', 'syoonhan', 'sebrobarts', 'oktayhalitekinay', 'anshshah2011', 'philippeblaise', 'rockerheadgamer', 'ulusoy2006', 'ege.ert7', 'matthew.jones98', 'mollykole', 'npatta.1986', 'daddysexual', 'kadandirf', 'maria.irausquin', 'aldanafloyd', 'elel30182', 'omertrbzn6197', 'rakaiit', 'burnett.william', 'burak9836', 'chastintruelove', 'sgnmsrmsk', 'davidr27', 'halilalp', 'oknky', 'caseyamick']"
6,206,96,16,4,"['mmozcan4', 'panellink1', 'burakalperen87', 'lerner']",92,"['clizarazo', 'murattdo', 'asdadsa', 'berrospidavid7', 'flzkdndr', 'theurgeboat', 'wdeaweqwdas', 'pspiotrowicz1', 'avera', 'grantmorris656', 'taol190799', 'stiml1144', 'mstff.1clkk', 'edakartari', 'jbonez411', 'ervndgn59', 'johndoe2341341243', 'efe.bstrk', 'alexander.lee', 'annikadasher', 'cheeseybacon', 'madisonmiller', 'magnoliajasper', 'rylandkate', 'mrtmert98', 'halilibrahimtiken', 'ozcanguclu', 'jaycwilson23', 'emreyilmazel1996', 'testeremre70', 'heatherleaf', 'kellen.wise', 'arif.ozkan5806', 'sd226', 'pkj71794g', 'trivellin', 'aaroncoonu', 'cartermchris1', 'hlong262', 'yorkiiii', 'ashishchr', 'ol_ac', 'ge.6cg7', 'd093641', 'mtakcali', 'jason.earl', 'dolaydemirel', 'andrew217usmc', 'tg2016', 'd33r00', 'danielclapp99', 'jeption2025', 's16c045b', 'asdksnfksfkmd', 'johnganiban', 'cancetinkaya1201', 'sbentz', 'thomasspradley', 'retrewtewrt', 'yusufsabahoglu05', 'drogalski', 'mrgiraffe', 'u1109841', 'i.lutticken', 'lobsterben13', 'bagasannin', 'syoonhan', 'sebrobarts', 'oktayhalitekinay', 'anshshah2011', 'philippeblaise', 'rockerheadgamer', 'ulusoy2006', 'ege.ert7', 'matthew.jones98', 'mollykole', 'npatta.1986', 'daddysexual', 'kadandirf', 'maria.irausquin', 'aldanafloyd', 'elel30182', 'omertrbzn6197', 'rakaiit', 'burnett.william', 'burak9836', 'chastintruelove', 'sgnmsrmsk', 'davidr27', 'halilalp', 'oknky', 'caseyamick']",12,"['mumiock.1067', 'ymenekse1', 'tugbakoyuncu99', 'corezyadigar26', 'fdirisaglik', 'talayhalil2626', 'ftah', 'emircansimsek', 'ceydabayrak581', 'yunusyeo768', 'ataozirmak', 'keryfly']",108,"['ymenekse1', 'clizarazo', 'murattdo', 'asdadsa', 'berrospidavid7', 'flzkdndr', 'theurgeboat', 'yunusyeo768', 'wdeaweqwdas', 'pspiotrowicz1', 'avera', 'grantmorris656', 'taol190799', 'stiml1144', 'mmozcan4', 'mstff.1clkk', 'edakartari', 'jbonez411', 'ervndgn59', 'ftah', 'johndoe2341341243', 'efe.bstrk', 'alexander.lee', 'panellink1', 'annikadasher', 'cheeseybacon', 'madisonmiller', 'magnoliajasper', 'burakalperen87', 'rylandkate', 'mrtmert98', 'halilibrahimtiken', 'ozcanguclu', 'jaycwilson23', 'emreyilmazel1996', 'testeremre70', 'heatherleaf', 'kellen.wise', 'arif.ozkan5806', 'sd226', 'pkj71794g', 'trivellin', 'aaroncoonu', 'cartermchris1', 'hlong262', 'yorkiiii', 'ashishchr', 'ol_ac', 'ge.6cg7', 'd093641', 'mtakcali', 'jason.earl', 'dolaydemirel', 'andrew217usmc', 'tg2016', 'd33r00', 'danielclapp99', 'jeption2025', 's16c045b', 'keryfly', 'asdksnfksfkmd', 'johnganiban', 'cancetinkaya1201', 'sbentz', 'lerner', 'thomasspradley', 'retrewtewrt', 'yusufsabahoglu05', 'drogalski', 'mrgiraffe', 'u1109841', 'i.lutticken', 'lobsterben13', 'bagasannin', 'syoonhan', 'fdirisaglik', 'sebrobarts', 'oktayhalitekinay', 'anshshah2011', 'philippeblaise', 'emircansimsek', 'rockerheadgamer', 'ulusoy2006', 'ege.ert7', 'ataozirmak', 'matthew.jones98', 'corezyadigar26', 'mollykole', 'npatta.1986', 'daddysexual', 'kadandirf', 'maria.irausquin', 'aldanafloyd', 'elel30182', 'omertrbzn6197', 'rakaiit', 'mumiock.1067', 'burnett.william', 'tugbakoyuncu99', 'burak9836', 'chastintruelove', 'sgnmsrmsk', 'davidr27', 'talayhalil2626', 'ceydabayrak581', 'halilalp', 'oknky', 'caseyamick']"
6,209,96,15,2,"['lobsterben13', 'annikadasher']",94,"['clizarazo', 'murattdo', 'asdadsa', 'berrospidavid7', 'flzkdndr', 'theurgeboat', 'wdeaweqwdas', 'pspiotrowicz1', 'avera', 'grantmorris656', 'taol190799', 'stiml1144', 'mmozcan4', 'mstff.1clkk', 'edakartari', 'jbonez411', 'ervndgn59', 'johndoe2341341243', 'efe.bstrk', 'alexander.lee', 'panellink1', 'cheeseybacon', 'madisonmiller', 'magnoliajasper', 'burakalperen87', 'rylandkate', 'mrtmert98', 'halilibrahimtiken', 'ozcanguclu', 'jaycwilson23', 'emreyilmazel1996', 'testeremre70', 'heatherleaf', 'kellen.wise', 'arif.ozkan5806', 'sd226', 'pkj71794g', 'trivellin', 'aaroncoonu', 'cartermchris1', 'hlong262', 'yorkiiii', 'ashishchr', 'ol_ac', 'ge.6cg7', 'd093641', 'mtakcali', 'jason.earl', 'dolaydemirel', 'andrew217usmc', 'tg2016', 'd33r00', 'danielclapp99', 'jeption2025', 's16c045b', 'asdksnfksfkmd', 'johnganiban', 'cancetinkaya1201', 'sbentz', 'lerner', 'thomasspradley', 'retrewtewrt', 'yusufsabahoglu05', 'drogalski', 'mrgiraffe', 'u1109841', 'i.lutticken', 'bagasannin', 'syoonhan', 'sebrobarts', 'oktayhalitekinay', 'anshshah2011', 'philippeblaise', 'rockerheadgamer', 'ulusoy2006', 'ege.ert7', 'matthew.jones98', 'mollykole', 'npatta.1986', 'daddysexual', 'kadandirf', 'maria.irausquin', 'aldanafloyd', 'elel30182', 'omertrbzn6197', 'rakaiit', 'burnett.william', 'burak9836', 'chastintruelove', 'sgnmsrmsk', 'davidr27', 'halilalp', 'oknky', 'caseyamick']",13,"['cacuy', 'vritota', 'jhahn95', 'wingitalways', 'kmerino', 'cameronframpton', 'nfranzoni', 'jrobinson5', 'liqizhou', 'lpentzke', 'nguyendaniel', 'abaringer', 'dicef']",109,"['vritota', 'wingitalways', 'clizarazo', 'murattdo', 'asdadsa', 'berrospidavid7', 'flzkdndr', 'theurgeboat', 'wdeaweqwdas', 'pspiotrowicz1', 'avera', 'grantmorris656', 'taol190799', 'stiml1144', 'mmozcan4', 'mstff.1clkk', 'edakartari', 'jrobinson5', 'jbonez411', 'ervndgn59', 'johndoe2341341243', 'efe.bstrk', 'alexander.lee', 'panellink1', 'annikadasher', 'cheeseybacon', 'madisonmiller', 'magnoliajasper', 'burakalperen87', 'rylandkate', 'mrtmert98', 'halilibrahimtiken', 'ozcanguclu', 'jaycwilson23', 'emreyilmazel1996', 'testeremre70', 'liqizhou', 'heatherleaf', 'kellen.wise', 'arif.ozkan5806', 'sd226', 'pkj71794g', 'trivellin', 'aaroncoonu', 'cartermchris1', 'hlong262', 'yorkiiii', 'ashishchr', 'ol_ac', 'ge.6cg7', 'd093641', 'mtakcali', 'jason.earl', 'dolaydemirel', 'andrew217usmc', 'tg2016', 'd33r00', 'danielclapp99', 'jeption2025', 's16c045b', 'kmerino', 'asdksnfksfkmd', 'johnganiban', 'lpentzke', 'cancetinkaya1201', 'sbentz', 'lerner', 'thomasspradley', 'retrewtewrt', 'yusufsabahoglu05', 'drogalski', 'mrgiraffe', 'u1109841', 'abaringer', 'i.lutticken', 'lobsterben13', 'bagasannin', 'syoonhan', 'cameronframpton', 'sebrobarts', 'oktayhalitekinay', 'anshshah2011', 'philippeblaise', 'rockerheadgamer', 'ulusoy2006', 'ege.ert7', 'cacuy', 'matthew.jones98', 'jhahn95', 'mollykole', 'npatta.1986', 'daddysexual', 'kadandirf', 'maria.irausquin', 'aldanafloyd', 'nguyendaniel', 'elel30182', 'omertrbzn6197', 'rakaiit', 'dicef', 'burnett.william', 'nfranzoni', 'burak9836', 'chastintruelove', 'sgnmsrmsk', 'davidr27', 'halilalp', 'oknky', 'caseyamick']"
6,203,96,9,7,"['i.lutticken', 'lobsterben13', 'johnganiban', 'sbentz', 'kellen.wise', 'annikadasher', 'hlong262']",89,"['clizarazo', 'murattdo', 'asdadsa', 'berrospidavid7', 'flzkdndr', 'theurgeboat', 'wdeaweqwdas', 'pspiotrowicz1', 'avera', 'grantmorris656', 'taol190799', 'stiml1144', 'mmozcan4', 'mstff.1clkk', 'edakartari', 'jbonez411', 'ervndgn59', 'johndoe2341341243', 'efe.bstrk', 'alexander.lee', 'panellink1', 'cheeseybacon', 'madisonmiller', 'magnoliajasper', 'burakalperen87', 'rylandkate', 'mrtmert98', 'halilibrahimtiken', 'ozcanguclu', 'jaycwilson23', 'emreyilmazel1996', 'testeremre70', 'heatherleaf', 'arif.ozkan5806', 'sd226', 'pkj71794g', 'trivellin', 'aaroncoonu', 'cartermchris1', 'yorkiiii', 'ashishchr', 'ol_ac', 'ge.6cg7', 'd093641', 'mtakcali', 'jason.earl', 'dolaydemirel', 'andrew217usmc', 'tg2016', 'd33r00', 'danielclapp99', 'jeption2025', 's16c045b', 'asdksnfksfkmd', 'cancetinkaya1201', 'lerner', 'thomasspradley', 'retrewtewrt', 'yusufsabahoglu05', 'drogalski', 'mrgiraffe', 'u1109841', 'bagasannin', 'syoonhan', 'sebrobarts', 'oktayhalitekinay', 'anshshah2011', 'philippeblaise', 'rockerheadgamer', 'ulusoy2006', 'ege.ert7', 'matthew.jones98', 'mollykole', 'npatta.1986', 'daddysexual', 'kadandirf', 'maria.irausquin', 'aldanafloyd', 'elel30182', 'omertrbzn6197', 'rakaiit', 'burnett.william', 'burak9836', 'chastintruelove', 'sgnmsrmsk', 'davidr27', 'halilalp', 'oknky', 'caseyamick']",2,"['8223freret', 'cameronframpton']",98,"['clizarazo', 'murattdo', 'asdadsa', 'berrospidavid7', 'flzkdndr', 'theurgeboat', 'wdeaweqwdas', 'pspiotrowicz1', 'avera', 'grantmorris656', 'taol190799', 'stiml1144', 'mmozcan4', 'mstff.1clkk', 'edakartari', 'jbonez411', 'ervndgn59', 'johndoe2341341243', 'efe.bstrk', 'alexander.lee', 'panellink1', 'annikadasher', 'cheeseybacon', 'madisonmiller', 'magnoliajasper', 'burakalperen87', 'rylandkate', 'mrtmert98', 'halilibrahimtiken', 'ozcanguclu', 'jaycwilson23', 'emreyilmazel1996', 'testeremre70', 'heatherleaf', 'kellen.wise', 'arif.ozkan5806', 'sd226', 'pkj71794g', 'trivellin', 'aaroncoonu', 'cartermchris1', 'hlong262', 'yorkiiii', 'ashishchr', 'ol_ac', 'ge.6cg7', 'd093641', 'mtakcali', 'jason.earl', 'dolaydemirel', 'andrew217usmc', 'tg2016', 'd33r00', 'danielclapp99', 'jeption2025', 's16c045b', 'asdksnfksfkmd', 'johnganiban', 'cancetinkaya1201', 'sbentz', 'lerner', 'thomasspradley', 'retrewtewrt', 'yusufsabahoglu05', '8223freret', 'drogalski', 'mrgiraffe', 'u1109841', 'i.lutticken', 'lobsterben13', 'bagasannin', 'syoonhan', 'cameronframpton', 'sebrobarts', 'oktayhalitekinay', 'anshshah2011', 'philippeblaise', 'rockerheadgamer', 'ulusoy2006', 'ege.ert7', 'matthew.jones98', 'mollykole', 'npatta.1986', 'daddysexual', 'kadandirf', 'maria.irausquin', 'aldanafloyd', 'elel30182', 'omertrbzn6197', 'rakaiit', 'burnett.william', 'burak9836', 'chastintruelove', 'sgnmsrmsk', 'davidr27', 'halilalp', 'oknky', 'caseyamick']"
6,224,96,7,3,"['halilibrahimtiken', 'murattdo', 'mstff.1clkk']",93,"['clizarazo', 'asdadsa', 'berrospidavid7', 'flzkdndr', 'theurgeboat', 'wdeaweqwdas', 'pspiotrowicz1', 'avera', 'grantmorris656', 'taol190799', 'stiml1144', 'mmozcan4', 'edakartari', 'jbonez411', 'ervndgn59', 'johndoe2341341243', 'efe.bstrk', 'alexander.lee', 'panellink1', 'annikadasher', 'cheeseybacon', 'madisonmiller', 'magnoliajasper', 'burakalperen87', 'rylandkate', 'mrtmert98', 'ozcanguclu', 'jaycwilson23', 'emreyilmazel1996', 'testeremre70', 'heatherleaf', 'kellen.wise', 'arif.ozkan5806', 'sd226', 'pkj71794g', 'trivellin', 'aaroncoonu', 'cartermchris1', 'hlong262', 'yorkiiii', 'ashishchr', 'ol_ac', 'ge.6cg7', 'd093641', 'mtakcali', 'jason.earl', 'dolaydemirel', 'andrew217usmc', 'tg2016', 'd33r00', 'danielclapp99', 'jeption2025', 's16c045b', 'asdksnfksfkmd', 'johnganiban', 'cancetinkaya1201', 'sbentz', 'lerner', 'thomasspradley', 'retrewtewrt', 'yusufsabahoglu05', 'drogalski', 'mrgiraffe', 'u1109841', 'i.lutticken', 'lobsterben13', 'bagasannin', 'syoonhan', 'sebrobarts', 'oktayhalitekinay', 'anshshah2011', 'philippeblaise', 'rockerheadgamer', 'ulusoy2006', 'ege.ert7', 'matthew.jones98', 'mollykole', 'npatta.1986', 'daddysexual', 'kadandirf', 'maria.irausquin', 'aldanafloyd', 'elel30182', 'omertrbzn6197', 'rakaiit', 'burnett.william', 'burak9836', 'chastintruelove', 'sgnmsrmsk', 'davidr27', 'halilalp', 'oknky', 'caseyamick']",4,"['dumpnit', 'raistlin', 'kaankuncak', 'onurerks']",100,"['clizarazo', 'murattdo', 'asdadsa', 'berrospidavid7', 'flzkdndr', 'theurgeboat', 'wdeaweqwdas', 'pspiotrowicz1', 'avera', 'grantmorris656', 'taol190799', 'stiml1144', 'mmozcan4', 'mstff.1clkk', 'edakartari', 'jbonez411', 'ervndgn59', 'johndoe2341341243', 'efe.bstrk', 'alexander.lee', 'panellink1', 'annikadasher', 'cheeseybacon', 'madisonmiller', 'magnoliajasper', 'burakalperen87', 'rylandkate', 'mrtmert98', 'halilibrahimtiken', 'ozcanguclu', 'jaycwilson23', 'emreyilmazel1996', 'testeremre70', 'heatherleaf', 'kellen.wise', 'arif.ozkan5806', 'sd226', 'pkj71794g', 'trivellin', 'aaroncoonu', 'cartermchris1', 'hlong262', 'yorkiiii', 'ashishchr', 'ol_ac', 'ge.6cg7', 'kaankuncak', 'd093641', 'mtakcali', 'jason.earl', 'dolaydemirel', 'andrew217usmc', 'tg2016', 'dumpnit', 'd33r00', 'danielclapp99', 'jeption2025', 's16c045b', 'onurerks', 'asdksnfksfkmd', 'johnganiban', 'cancetinkaya1201', 'sbentz', 'lerner', 'thomasspradley', 'retrewtewrt', 'yusufsabahoglu05', 'drogalski', 'mrgiraffe', 'raistlin', 'u1109841', 'i.lutticken', 'lobsterben13', 'bagasannin', 'syoonhan', 'sebrobarts', 'oktayhalitekinay', 'anshshah2011', 'philippeblaise', 'rockerheadgamer', 'ulusoy2006', 'ege.ert7', 'matthew.jones98', 'mollykole', 'npatta.1986', 'daddysexual', 'kadandirf', 'maria.irausquin', 'aldanafloyd', 'elel30182', 'omertrbzn6197', 'rakaiit', 'burnett.william', 'burak9836', 'chastintruelove', 'sgnmsrmsk', 'davidr27', 'halilalp', 'oknky', 'caseyamick']"
6,208,96,6,3,"['aaroncoonu', 'cartermchris1', 'u1109841']",93,"['clizarazo', 'murattdo', 'asdadsa', 'berrospidavid7', 'flzkdndr', 'theurgeboat', 'wdeaweqwdas', 'pspiotrowicz1', 'avera', 'grantmorris656', 'taol190799', 'stiml1144', 'mmozcan4', 'mstff.1clkk', 'edakartari', 'jbonez411', 'ervndgn59', 'johndoe2341341243', 'efe.bstrk', 'alexander.lee', 'panellink1', 'annikadasher', 'cheeseybacon', 'madisonmiller', 'magnoliajasper', 'burakalperen87', 'rylandkate', 'mrtmert98', 'halilibrahimtiken', 'ozcanguclu', 'jaycwilson23', 'emreyilmazel1996', 'testeremre70', 'heatherleaf', 'kellen.wise', 'arif.ozkan5806', 'sd226', 'pkj71794g', 'trivellin', 'hlong262', 'yorkiiii', 'ashishchr', 'ol_ac', 'ge.6cg7', 'd093641', 'mtakcali', 'jason.earl', 'dolaydemirel', 'andrew217usmc', 'tg2016', 'd33r00', 'danielclapp99', 'jeption2025', 's16c045b', 'asdksnfksfkmd', 'johnganiban', 'cancetinkaya1201', 'sbentz', 'lerner', 'thomasspradley', 'retrewtewrt', 'yusufsabahoglu05', 'drogalski', 'mrgiraffe', 'i.lutticken', 'lobsterben13', 'bagasannin', 'syoonhan', 'sebrobarts', 'oktayhalitekinay', 'anshshah2011', 'philippeblaise', 'rockerheadgamer', 'ulusoy2006', 'ege.ert7', 'matthew.jones98', 'mollykole', 'npatta.1986', 'daddysexual', 'kadandirf', 'maria.irausquin', 'aldanafloyd', 'elel30182', 'omertrbzn6197', 'rakaiit', 'burnett.william', 'burak9836', 'chastintruelove', 'sgnmsrmsk', 'davidr27', 'halilalp', 'oknky', 'caseyamick']",3,"['u1250344', 'u6007941', 'nanobeam']",99,"['clizarazo', 'murattdo', 'asdadsa', 'berrospidavid7', 'flzkdndr', 'theurgeboat', 'wdeaweqwdas', 'pspiotrowicz1', 'avera', 'grantmorris656', 'taol190799', 'stiml1144', 'mmozcan4', 'mstff.1clkk', 'edakartari', 'jbonez411', 'ervndgn59', 'johndoe2341341243', 'efe.bstrk', 'alexander.lee', 'panellink1', 'annikadasher', 'cheeseybacon', 'madisonmiller', 'magnoliajasper', 'burakalperen87', 'rylandkate', 'mrtmert98', 'halilibrahimtiken', 'ozcanguclu', 'jaycwilson23', 'emreyilmazel1996', 'testeremre70', 'heatherleaf', 'kellen.wise', 'arif.ozkan5806', 'sd226', 'pkj71794g', 'trivellin', 'aaroncoonu', 'cartermchris1', 'hlong262', 'yorkiiii', 'ashishchr', 'ol_ac', 'ge.6cg7', 'd093641', 'mtakcali', 'jason.earl', 'dolaydemirel', 'andrew217usmc', 'tg2016', 'd33r00', 'danielclapp99', 'jeption2025', 's16c045b', 'asdksnfksfkmd', 'johnganiban', 'cancetinkaya1201', 'sbentz', 'lerner', 'thomasspradley', 'retrewtewrt', 'yusufsabahoglu05', 'drogalski', 'mrgiraffe', 'nanobeam', 'u1109841', 'i.lutticken', 'lobsterben13', 'bagasannin', 'syoonhan', 'u1250344', 'sebrobarts', 'oktayhalitekinay', 'anshshah2011', 'philippeblaise', 'rockerheadgamer', 'ulusoy2006', 'ege.ert7', 'matthew.jones98', 'u6007941', 'mollykole', 'npatta.1986', 'daddysexual', 'kadandirf', 'maria.irausquin', 'aldanafloyd', 'elel30182', 'omertrbzn6197', 'rakaiit', 'burnett.william', 'burak9836', 'chastintruelove', 'sgnmsrmsk', 'davidr27', 'halilalp', 'oknky', 'caseyamick']"
6,223,96,6,2,"['cancetinkaya1201', 'mtakcali']",94,"['clizarazo', 'murattdo', 'asdadsa', 'berrospidavid7', 'flzkdndr', 'theurgeboat', 'wdeaweqwdas', 'pspiotrowicz1', 'avera', 'grantmorris656', 'taol190799', 'stiml1144', 'mmozcan4', 'mstff.1clkk', 'edakartari', 'jbonez411', 'ervndgn59', 'johndoe2341341243', 'efe.bstrk', 'alexander.lee', 'panellink1', 'annikadasher', 'cheeseybacon', 'madisonmiller', 'magnoliajasper', 'burakalperen87', 'rylandkate', 'mrtmert98', 'halilibrahimtiken', 'ozcanguclu', 'jaycwilson23', 'emreyilmazel1996', 'testeremre70', 'heatherleaf', 'kellen.wise', 'arif.ozkan5806', 'sd226', 'pkj71794g', 'trivellin', 'aaroncoonu', 'cartermchris1', 'hlong262', 'yorkiiii', 'ashishchr', 'ol_ac', 'ge.6cg7', 'd093641', 'jason.earl', 'dolaydemirel', 'andrew217usmc', 'tg2016', 'd33r00', 'danielclapp99', 'jeption2025', 's16c045b', 'asdksnfksfkmd', 'johnganiban', 'sbentz', 'lerner', 'thomasspradley', 'retrewtewrt', 'yusufsabahoglu05', 'drogalski', 'mrgiraffe', 'u1109841', 'i.lutticken', 'lobsterben13', 'bagasannin', 'syoonhan', 'sebrobarts', 'oktayhalitekinay', 'anshshah2011', 'philippeblaise', 'rockerheadgamer', 'ulusoy2006', 'ege.ert7', 'matthew.jones98', 'mollykole', 'npatta.1986', 'daddysexual', 'kadandirf', 'maria.irausquin', 'aldanafloyd', 'elel30182', 'omertrbzn6197', 'rakaiit', 'burnett.william', 'burak9836', 'chastintruelove', 'sgnmsrmsk', 'davidr27', 'halilalp', 'oknky', 'caseyamick']",4,"['ogu0001', 'azazimalii', 'rdvanokul05', 'enesdinler1']",100,"['clizarazo', 'murattdo', 'asdadsa', 'berrospidavid7', 'flzkdndr', 'theurgeboat', 'wdeaweqwdas', 'pspiotrowicz1', 'avera', 'grantmorris656', 'taol190799', 'stiml1144', 'mmozcan4', 'mstff.1clkk', 'edakartari', 'ogu0001', 'jbonez411', 'ervndgn59', 'johndoe2341341243', 'efe.bstrk', 'alexander.lee', 'panellink1', 'annikadasher', 'cheeseybacon', 'madisonmiller', 'magnoliajasper', 'enesdinler1', 'burakalperen87', 'rylandkate', 'mrtmert98', 'halilibrahimtiken', 'ozcanguclu', 'jaycwilson23', 'emreyilmazel1996', 'testeremre70', 'heatherleaf', 'kellen.wise', 'arif.ozkan5806', 'sd226', 'pkj71794g', 'trivellin', 'aaroncoonu', 'cartermchris1', 'hlong262', 'yorkiiii', 'ashishchr', 'ol_ac', 'ge.6cg7', 'd093641', 'mtakcali', 'jason.earl', 'dolaydemirel', 'andrew217usmc', 'tg2016', 'd33r00', 'danielclapp99', 'jeption2025', 's16c045b', 'asdksnfksfkmd', 'johnganiban', 'cancetinkaya1201', 'sbentz', 'lerner', 'thomasspradley', 'retrewtewrt', 'yusufsabahoglu05', 'drogalski', 'mrgiraffe', 'rdvanokul05', 'u1109841', 'i.lutticken', 'lobsterben13', 'bagasannin', 'syoonhan', 'sebrobarts', 'oktayhalitekinay', 'anshshah2011', 'philippeblaise', 'rockerheadgamer', 'ulusoy2006', 'ege.ert7', 'matthew.jones98', 'mollykole', 'npatta.1986', 'daddysexual', 'kadandirf', 'maria.irausquin', 'aldanafloyd', 'elel30182', 'omertrbzn6197', 'rakaiit', 'burnett.william', 'azazimalii', 'burak9836', 'chastintruelove', 'sgnmsrmsk', 'davidr27', 'halilalp', 'oknky', 'caseyamick']"
7,264,94,14,14,"['vilekha.ghanta.18ece', 'vishwakreddy', 'arihant.jain.18csc', 'kanavmittal', 'sejalsomani', 'veeramachaneni.saatwik.18csc', 'shreyanshanchlia', 'garvit.vijay.18csc', 'amarthalurupaavandileep', 'paidipraneethkumar', 'mamidipakamohanasai', 'shivansh.khera.18cse', 'digvijay.singh.18csc', 'venkata.saisreekarmp.18csc']",80,"['koppineedikalyan', 'aishwaryarajanbabu2002', 'edapalapati.venkataabhiram.18csc', 'moram.indravardhanreddy.18cse', 'parikshit.palsania.18csc', 'pallavi.bt18', 'alfon_macareno', 'himanshu.jalan.18cse', 'tejeswarareddy', 'kanishk', 'garimella.likith.18cse', 'orzata', 's.argiolas17', 'varmaaditya668', 'cinziasalis', 'victor121222', 'yash.patil.18csc', 'mathan.ntmoorthy', 'apeddu95', 'saivenkatlakamsani', 'rithvik', 'splbt18', 'robertocro', 'honey_bhardwaj', 'mr882', 'anirudhnannuri', 'gc_unica', 'sreeya_suresh', 'mohammad.daim.18csc', 'manas.yadav.18cse', 'penumetcha.sairahulverma.18csc', 'faisal.nazir', 'gioia.chiodi95', 'gianluca.marongiu', 'lorenzo96', 'motupalli.saivamsikrishna.18cse', 'pavuluriviratchowdary', 'imadabattuni.naveenkumar.18cse', 'shivang2k', 'bhavya.tuteja.18mec', 'krishnapriya111tl', 'anjalianju1707', 'anirudh.jilla.18csc', 'harshini23', 'saijal.goyal.18cse', 'christina2001', 'kanchrlavivek', 'chandasingh49', 'nallaparajuraghavendranagavarma1', 'manyamvishal', 'jesminakther', 'chiraggoyal', 'bade.pundareekaksha.18cse', 'chakka.saiteja.18csc', 'jorge.guerrerovi', 'pramod.vangipurapu.18cse', 'dhruvakrishna', 'gelle.abhiram.18cse', 'gallus1997', 'g3_herg14', 'akshat.tripathi.18cse', 'mogiligiridhar2001', 'akanksha.gupta.18csc', 'nilsgerke.ng', 'f.marcato', 'garine.harshavardhan.18cse', 'r.carboni9', 'devaharsha06', 'shubham04', 'sanket.deshmane', 'mridulshukla1106', 'gurram.raghavendradinesh.18cse', 'bipinelmat', 'yeddula.suryateja.18ece', 'adarsh.upadhyay.18mec', 'pranshu.sood.18cse', 'cwelch5', 'venkata.manishkatragadda.18cse', 'shivam.kumar.18cse', 'akshita.2']",0,[],94,"['koppineedikalyan', 'aishwaryarajanbabu2002', 'edapalapati.venkataabhiram.18csc', 'moram.indravardhanreddy.18cse', 'parikshit.palsania.18csc', 'pallavi.bt18', 'alfon_macareno', 'himanshu.jalan.18cse', 'tejeswarareddy', 'kanishk', 'garimella.likith.18cse', 'arihant.jain.18csc', 'orzata', 's.argiolas17', 'varmaaditya668', 'cinziasalis', 'victor121222', 'yash.patil.18csc', 'amarthalurupaavandileep', 'mathan.ntmoorthy', 'apeddu95', 'saivenkatlakamsani', 'rithvik', 'splbt18', 'robertocro', 'honey_bhardwaj', 'mr882', 'anirudhnannuri', 'gc_unica', 'sreeya_suresh', 'mohammad.daim.18csc', 'manas.yadav.18cse', 'penumetcha.sairahulverma.18csc', 'faisal.nazir', 'gioia.chiodi95', 'gianluca.marongiu', 'veeramachaneni.saatwik.18csc', 'lorenzo96', 'motupalli.saivamsikrishna.18cse', 'pavuluriviratchowdary', 'imadabattuni.naveenkumar.18cse', 'shivang2k', 'shivansh.khera.18cse', 'bhavya.tuteja.18mec', 'krishnapriya111tl', 'anjalianju1707', 'anirudh.jilla.18csc', 'harshini23', 'saijal.goyal.18cse', 'christina2001', 'venkata.saisreekarmp.18csc', 'kanchrlavivek', 'chandasingh49', 'nallaparajuraghavendranagavarma1', 'manyamvishal', 'sejalsomani', 'jesminakther', 'chiraggoyal', 'bade.pundareekaksha.18cse', 'chakka.saiteja.18csc', 'jorge.guerrerovi', 'digvijay.singh.18csc', 'pramod.vangipurapu.18cse', 'dhruvakrishna', 'gelle.abhiram.18cse', 'vilekha.ghanta.18ece', 'vishwakreddy', 'kanavmittal', 'gallus1997', 'g3_herg14', 'akshat.tripathi.18cse', 'mogiligiridhar2001', 'garvit.vijay.18csc', 'akanksha.gupta.18csc', 'nilsgerke.ng', 'f.marcato', 'mamidipakamohanasai', 'garine.harshavardhan.18cse', 'r.carboni9', 'devaharsha06', 'shubham04', 'sanket.deshmane', 'mridulshukla1106', 'gurram.raghavendradinesh.18cse', 'bipinelmat', 'yeddula.suryateja.18ece', 'adarsh.upadhyay.18mec', 'pranshu.sood.18cse', 'cwelch5', 'venkata.manishkatragadda.18cse', 'shreyanshanchlia', 'shivam.kumar.18cse', 'paidipraneethkumar', 'akshita.2']"
7,266,94,14,14,"['penumetcha.sairahulverma.18csc', 'anirudh.jilla.18csc', 'yeddula.suryateja.18ece', 'edapalapati.venkataabhiram.18csc', 'anirudhnannuri', 'dhruvakrishna', 'parikshit.palsania.18csc', 'motupalli.saivamsikrishna.18cse', 'mamidipakamohanasai', 'garine.harshavardhan.18cse', 'saivenkatlakamsani', 'pramod.vangipurapu.18cse', 'devaharsha06', 'nallaparajuraghavendranagavarma1']",80,"['koppineedikalyan', 'aishwaryarajanbabu2002', 'moram.indravardhanreddy.18cse', 'pallavi.bt18', 'alfon_macareno', 'himanshu.jalan.18cse', 'tejeswarareddy', 'kanishk', 'garimella.likith.18cse', 'arihant.jain.18csc', 'orzata', 's.argiolas17', 'varmaaditya668', 'cinziasalis', 'victor121222', 'yash.patil.18csc', 'amarthalurupaavandileep', 'mathan.ntmoorthy', 'apeddu95', 'rithvik', 'splbt18', 'robertocro', 'honey_bhardwaj', 'mr882', 'gc_unica', 'sreeya_suresh', 'mohammad.daim.18csc', 'manas.yadav.18cse', 'faisal.nazir', 'gioia.chiodi95', 'gianluca.marongiu', 'veeramachaneni.saatwik.18csc', 'lorenzo96', 'pavuluriviratchowdary', 'imadabattuni.naveenkumar.18cse', 'shivang2k', 'shivansh.khera.18cse', 'bhavya.tuteja.18mec', 'krishnapriya111tl', 'anjalianju1707', 'harshini23', 'saijal.goyal.18cse', 'christina2001', 'venkata.saisreekarmp.18csc', 'kanchrlavivek', 'chandasingh49', 'manyamvishal', 'sejalsomani', 'jesminakther', 'chiraggoyal', 'bade.pundareekaksha.18cse', 'chakka.saiteja.18csc', 'jorge.guerrerovi', 'digvijay.singh.18csc', 'gelle.abhiram.18cse', 'vilekha.ghanta.18ece', 'vishwakreddy', 'kanavmittal', 'gallus1997', 'g3_herg14', 'akshat.tripathi.18cse', 'mogiligiridhar2001', 'garvit.vijay.18csc', 'akanksha.gupta.18csc', 'nilsgerke.ng', 'f.marcato', 'r.carboni9', 'shubham04', 'sanket.deshmane', 'mridulshukla1106', 'gurram.raghavendradinesh.18cse', 'bipinelmat', 'adarsh.upadhyay.18mec', 'pranshu.sood.18cse', 'cwelch5', 'venkata.manishkatragadda.18cse', 'shreyanshanchlia', 'shivam.kumar.18cse', 'paidipraneethkumar', 'akshita.2']",0,[],94,"['koppineedikalyan', 'aishwaryarajanbabu2002', 'edapalapati.venkataabhiram.18csc', 'moram.indravardhanreddy.18cse', 'parikshit.palsania.18csc', 'pallavi.bt18', 'alfon_macareno', 'himanshu.jalan.18cse', 'tejeswarareddy', 'kanishk', 'garimella.likith.18cse', 'arihant.jain.18csc', 'orzata', 's.argiolas17', 'varmaaditya668', 'cinziasalis', 'victor121222', 'yash.patil.18csc', 'amarthalurupaavandileep', 'mathan.ntmoorthy', 'apeddu95', 'saivenkatlakamsani', 'rithvik', 'splbt18', 'robertocro', 'honey_bhardwaj', 'mr882', 'anirudhnannuri', 'gc_unica', 'sreeya_suresh', 'mohammad.daim.18csc', 'manas.yadav.18cse', 'penumetcha.sairahulverma.18csc', 'faisal.nazir', 'gioia.chiodi95', 'gianluca.marongiu', 'veeramachaneni.saatwik.18csc', 'lorenzo96', 'motupalli.saivamsikrishna.18cse', 'pavuluriviratchowdary', 'imadabattuni.naveenkumar.18cse', 'shivang2k', 'shivansh.khera.18cse', 'bhavya.tuteja.18mec', 'krishnapriya111tl', 'anjalianju1707', 'anirudh.jilla.18csc', 'harshini23', 'saijal.goyal.18cse', 'christina2001', 'venkata.saisreekarmp.18csc', 'kanchrlavivek', 'chandasingh49', 'nallaparajuraghavendranagavarma1', 'manyamvishal', 'sejalsomani', 'jesminakther', 'chiraggoyal', 'bade.pundareekaksha.18cse', 'chakka.saiteja.18csc', 'jorge.guerrerovi', 'digvijay.singh.18csc', 'pramod.vangipurapu.18cse', 'dhruvakrishna', 'gelle.abhiram.18cse', 'vilekha.ghanta.18ece', 'vishwakreddy', 'kanavmittal', 'gallus1997', 'g3_herg14', 'akshat.tripathi.18cse', 'mogiligiridhar2001', 'garvit.vijay.18csc', 'akanksha.gupta.18csc', 'nilsgerke.ng', 'f.marcato', 'mamidipakamohanasai', 'garine.harshavardhan.18cse', 'r.carboni9', 'devaharsha06', 'shubham04', 'sanket.deshmane', 'mridulshukla1106', 'gurram.raghavendradinesh.18cse', 'bipinelmat', 'yeddula.suryateja.18ece', 'adarsh.upadhyay.18mec', 'pranshu.sood.18cse', 'cwelch5', 'venkata.manishkatragadda.18cse', 'shreyanshanchlia', 'shivam.kumar.18cse', 'paidipraneethkumar', 'akshita.2']"
7,155,94,13,1,['jesminakther'],93,"['koppineedikalyan', 'aishwaryarajanbabu2002', 'edapalapati.venkataabhiram.18csc', 'moram.indravardhanreddy.18cse', 'parikshit.palsania.18csc', 'pallavi.bt18', 'alfon_macareno', 'himanshu.jalan.18cse', 'tejeswarareddy', 'kanishk', 'garimella.likith.18cse', 'arihant.jain.18csc', 'orzata', 's.argiolas17', 'varmaaditya668', 'cinziasalis', 'victor121222', 'yash.patil.18csc', 'amarthalurupaavandileep', 'mathan.ntmoorthy', 'apeddu95', 'saivenkatlakamsani', 'rithvik', 'splbt18', 'robertocro', 'honey_bhardwaj', 'mr882', 'anirudhnannuri', 'gc_unica', 'sreeya_suresh', 'mohammad.daim.18csc', 'manas.yadav.18cse', 'penumetcha.sairahulverma.18csc', 'faisal.nazir', 'gioia.chiodi95', 'gianluca.marongiu', 'veeramachaneni.saatwik.18csc', 'lorenzo96', 'motupalli.saivamsikrishna.18cse', 'pavuluriviratchowdary', 'imadabattuni.naveenkumar.18cse', 'shivang2k', 'shivansh.khera.18cse', 'bhavya.tuteja.18mec', 'krishnapriya111tl', 'anjalianju1707', 'anirudh.jilla.18csc', 'harshini23', 'saijal.goyal.18cse', 'christina2001', 'venkata.saisreekarmp.18csc', 'kanchrlavivek', 'chandasingh49', 'nallaparajuraghavendranagavarma1', 'manyamvishal', 'sejalsomani', 'chiraggoyal', 'bade.pundareekaksha.18cse', 'chakka.saiteja.18csc', 'jorge.guerrerovi', 'digvijay.singh.18csc', 'pramod.vangipurapu.18cse', 'dhruvakrishna', 'gelle.abhiram.18cse', 'vilekha.ghanta.18ece', 'vishwakreddy', 'kanavmittal', 'gallus1997', 'g3_herg14', 'akshat.tripathi.18cse', 'mogiligiridhar2001', 'garvit.vijay.18csc', 'akanksha.gupta.18csc', 'nilsgerke.ng', 'f.marcato', 'mamidipakamohanasai', 'garine.harshavardhan.18cse', 'r.carboni9', 'devaharsha06', 'shubham04', 'sanket.deshmane', 'mridulshukla1106', 'gurram.raghavendradinesh.18cse', 'bipinelmat', 'yeddula.suryateja.18ece', 'adarsh.upadhyay.18mec', 'pranshu.sood.18cse', 'cwelch5', 'venkata.manishkatragadda.18cse', 'shreyanshanchlia', 'shivam.kumar.18cse', 'paidipraneethkumar', 'akshita.2']",12,"['farhanaakterjerin', 'nazmulhossain', 'ooovvviii444422', 'saifewu', 'ryyan', 'nazmulhasan', 'abdullahsohailas994', 'sakif04', 'sadman', 'inasrin220', 'rafiul21', 'isratmni']",106,"['koppineedikalyan', 'aishwaryarajanbabu2002', 'edapalapati.venkataabhiram.18csc', 'ooovvviii444422', 'moram.indravardhanreddy.18cse', 'parikshit.palsania.18csc', 'pallavi.bt18', 'sadman', 'alfon_macareno', 'himanshu.jalan.18cse', 'tejeswarareddy', 'kanishk', 'garimella.likith.18cse', 'arihant.jain.18csc', 'orzata', 's.argiolas17', 'varmaaditya668', 'cinziasalis', 'victor121222', 'yash.patil.18csc', 'ryyan', 'saifewu', 'amarthalurupaavandileep', 'mathan.ntmoorthy', 'apeddu95', 'saivenkatlakamsani', 'inasrin220', 'rithvik', 'splbt18', 'farhanaakterjerin', 'robertocro', 'honey_bhardwaj', 'mr882', 'nazmulhossain', 'anirudhnannuri', 'gc_unica', 'sreeya_suresh', 'sakif04', 'mohammad.daim.18csc', 'manas.yadav.18cse', 'penumetcha.sairahulverma.18csc', 'faisal.nazir', 'gioia.chiodi95', 'gianluca.marongiu', 'veeramachaneni.saatwik.18csc', 'lorenzo96', 'motupalli.saivamsikrishna.18cse', 'abdullahsohailas994', 'pavuluriviratchowdary', 'imadabattuni.naveenkumar.18cse', 'shivang2k', 'shivansh.khera.18cse', 'bhavya.tuteja.18mec', 'krishnapriya111tl', 'anjalianju1707', 'anirudh.jilla.18csc', 'harshini23', 'saijal.goyal.18cse', 'christina2001', 'venkata.saisreekarmp.18csc', 'kanchrlavivek', 'chandasingh49', 'nallaparajuraghavendranagavarma1', 'manyamvishal', 'isratmni', 'sejalsomani', 'nazmulhasan', 'jesminakther', 'chiraggoyal', 'bade.pundareekaksha.18cse', 'chakka.saiteja.18csc', 'jorge.guerrerovi', 'digvijay.singh.18csc', 'pramod.vangipurapu.18cse', 'dhruvakrishna', 'gelle.abhiram.18cse', 'vilekha.ghanta.18ece', 'vishwakreddy', 'kanavmittal', 'gallus1997', 'g3_herg14', 'akshat.tripathi.18cse', 'mogiligiridhar2001', 'garvit.vijay.18csc', 'akanksha.gupta.18csc', 'nilsgerke.ng', 'f.marcato', 'mamidipakamohanasai', 'garine.harshavardhan.18cse', 'r.carboni9', 'devaharsha06', 'shubham04', 'sanket.deshmane', 'mridulshukla1106', 'gurram.raghavendradinesh.18cse', 'bipinelmat', 'yeddula.suryateja.18ece', 'adarsh.upadhyay.18mec', 'pranshu.sood.18cse', 'cwelch5', 'venkata.manishkatragadda.18cse', 'shreyanshanchlia', 'shivam.kumar.18cse', 'paidipraneethkumar', 'akshita.2', 'rafiul21']"
7,265,94,11,11,"['bhavya.tuteja.18mec', 'honey_bhardwaj', 'bipinelmat', 'adarsh.upadhyay.18mec', 'pranshu.sood.18cse', 'shivam.kumar.18cse', 'saijal.goyal.18cse', 'akanksha.gupta.18csc', 'akshita.2', 'mohammad.daim.18csc', 'manas.yadav.18cse']",83,"['koppineedikalyan', 'aishwaryarajanbabu2002', 'edapalapati.venkataabhiram.18csc', 'moram.indravardhanreddy.18cse', 'parikshit.palsania.18csc', 'pallavi.bt18', 'alfon_macareno', 'himanshu.jalan.18cse', 'tejeswarareddy', 'kanishk', 'garimella.likith.18cse', 'arihant.jain.18csc', 'orzata', 's.argiolas17', 'varmaaditya668', 'cinziasalis', 'victor121222', 'yash.patil.18csc', 'amarthalurupaavandileep', 'mathan.ntmoorthy', 'apeddu95', 'saivenkatlakamsani', 'rithvik', 'splbt18', 'robertocro', 'mr882', 'anirudhnannuri', 'gc_unica', 'sreeya_suresh', 'penumetcha.sairahulverma.18csc', 'faisal.nazir', 'gioia.chiodi95', 'gianluca.marongiu', 'veeramachaneni.saatwik.18csc', 'lorenzo96', 'motupalli.saivamsikrishna.18cse', 'pavuluriviratchowdary', 'imadabattuni.naveenkumar.18cse', 'shivang2k', 'shivansh.khera.18cse', 'krishnapriya111tl', 'anjalianju1707', 'anirudh.jilla.18csc', 'harshini23', 'christina2001', 'venkata.saisreekarmp.18csc', 'kanchrlavivek', 'chandasingh49', 'nallaparajuraghavendranagavarma1', 'manyamvishal', 'sejalsomani', 'jesminakther', 'chiraggoyal', 'bade.pundareekaksha.18cse', 'chakka.saiteja.18csc', 'jorge.guerrerovi', 'digvijay.singh.18csc', 'pramod.vangipurapu.18cse', 'dhruvakrishna', 'gelle.abhiram.18cse', 'vilekha.ghanta.18ece', 'vishwakreddy', 'kanavmittal', 'gallus1997', 'g3_herg14', 'akshat.tripathi.18cse', 'mogiligiridhar2001', 'garvit.vijay.18csc', 'nilsgerke.ng', 'f.marcato', 'mamidipakamohanasai', 'garine.harshavardhan.18cse', 'r.carboni9', 'devaharsha06', 'shubham04', 'sanket.deshmane', 'mridulshukla1106', 'gurram.raghavendradinesh.18cse', 'yeddula.suryateja.18ece', 'cwelch5', 'venkata.manishkatragadda.18cse', 'shreyanshanchlia', 'paidipraneethkumar']",0,[],94,"['koppineedikalyan', 'aishwaryarajanbabu2002', 'edapalapati.venkataabhiram.18csc', 'moram.indravardhanreddy.18cse', 'parikshit.palsania.18csc', 'pallavi.bt18', 'alfon_macareno', 'himanshu.jalan.18cse', 'tejeswarareddy', 'kanishk', 'garimella.likith.18cse', 'arihant.jain.18csc', 'orzata', 's.argiolas17', 'varmaaditya668', 'cinziasalis', 'victor121222', 'yash.patil.18csc', 'amarthalurupaavandileep', 'mathan.ntmoorthy', 'apeddu95', 'saivenkatlakamsani', 'rithvik', 'splbt18', 'robertocro', 'honey_bhardwaj', 'mr882', 'anirudhnannuri', 'gc_unica', 'sreeya_suresh', 'mohammad.daim.18csc', 'manas.yadav.18cse', 'penumetcha.sairahulverma.18csc', 'faisal.nazir', 'gioia.chiodi95', 'gianluca.marongiu', 'veeramachaneni.saatwik.18csc', 'lorenzo96', 'motupalli.saivamsikrishna.18cse', 'pavuluriviratchowdary', 'imadabattuni.naveenkumar.18cse', 'shivang2k', 'shivansh.khera.18cse', 'bhavya.tuteja.18mec', 'krishnapriya111tl', 'anjalianju1707', 'anirudh.jilla.18csc', 'harshini23', 'saijal.goyal.18cse', 'christina2001', 'venkata.saisreekarmp.18csc', 'kanchrlavivek', 'chandasingh49', 'nallaparajuraghavendranagavarma1', 'manyamvishal', 'sejalsomani', 'jesminakther', 'chiraggoyal', 'bade.pundareekaksha.18cse', 'chakka.saiteja.18csc', 'jorge.guerrerovi', 'digvijay.singh.18csc', 'pramod.vangipurapu.18cse', 'dhruvakrishna', 'gelle.abhiram.18cse', 'vilekha.ghanta.18ece', 'vishwakreddy', 'kanavmittal', 'gallus1997', 'g3_herg14', 'akshat.tripathi.18cse', 'mogiligiridhar2001', 'garvit.vijay.18csc', 'akanksha.gupta.18csc', 'nilsgerke.ng', 'f.marcato', 'mamidipakamohanasai', 'garine.harshavardhan.18cse', 'r.carboni9', 'devaharsha06', 'shubham04', 'sanket.deshmane', 'mridulshukla1106', 'gurram.raghavendradinesh.18cse', 'bipinelmat', 'yeddula.suryateja.18ece', 'adarsh.upadhyay.18mec', 'pranshu.sood.18cse', 'cwelch5', 'venkata.manishkatragadda.18cse', 'shreyanshanchlia', 'shivam.kumar.18cse', 'paidipraneethkumar', 'akshita.2']"
7,267,94,7,6,"['gallus1997', 's.argiolas17', 'lorenzo96', 'nilsgerke.ng', 'f.marcato', 'gc_unica']",88,"['koppineedikalyan', 'aishwaryarajanbabu2002', 'edapalapati.venkataabhiram.18csc', 'moram.indravardhanreddy.18cse', 'parikshit.palsania.18csc', 'pallavi.bt18', 'alfon_macareno', 'himanshu.jalan.18cse', 'tejeswarareddy', 'kanishk', 'garimella.likith.18cse', 'arihant.jain.18csc', 'orzata', 'varmaaditya668', 'cinziasalis', 'victor121222', 'yash.patil.18csc', 'amarthalurupaavandileep', 'mathan.ntmoorthy', 'apeddu95', 'saivenkatlakamsani', 'rithvik', 'splbt18', 'robertocro', 'honey_bhardwaj', 'mr882', 'anirudhnannuri', 'sreeya_suresh', 'mohammad.daim.18csc', 'manas.yadav.18cse', 'penumetcha.sairahulverma.18csc', 'faisal.nazir', 'gioia.chiodi95', 'gianluca.marongiu', 'veeramachaneni.saatwik.18csc', 'motupalli.saivamsikrishna.18cse', 'pavuluriviratchowdary', 'imadabattuni.naveenkumar.18cse', 'shivang2k', 'shivansh.khera.18cse', 'bhavya.tuteja.18mec', 'krishnapriya111tl', 'anjalianju1707', 'anirudh.jilla.18csc', 'harshini23', 'saijal.goyal.18cse', 'christina2001', 'venkata.saisreekarmp.18csc', 'kanchrlavivek', 'chandasingh49', 'nallaparajuraghavendranagavarma1', 'manyamvishal', 'sejalsomani', 'jesminakther', 'chiraggoyal', 'bade.pundareekaksha.18cse', 'chakka.saiteja.18csc', 'jorge.guerrerovi', 'digvijay.singh.18csc', 'pramod.vangipurapu.18cse', 'dhruvakrishna', 'gelle.abhiram.18cse', 'vilekha.ghanta.18ece', 'vishwakreddy', 'kanavmittal', 'g3_herg14', 'akshat.tripathi.18cse', 'mogiligiridhar2001', 'garvit.vijay.18csc', 'akanksha.gupta.18csc', 'mamidipakamohanasai', 'garine.harshavardhan.18cse', 'r.carboni9', 'devaharsha06', 'shubham04', 'sanket.deshmane', 'mridulshukla1106', 'gurram.raghavendradinesh.18cse', 'bipinelmat', 'yeddula.suryateja.18ece', 'adarsh.upadhyay.18mec', 'pranshu.sood.18cse', 'cwelch5', 'venkata.manishkatragadda.18cse', 'shreyanshanchlia', 'shivam.kumar.18cse', 'paidipraneethkumar', 'akshita.2']",1,['stefano.lai'],95,"['koppineedikalyan', 'aishwaryarajanbabu2002', 'edapalapati.venkataabhiram.18csc', 'moram.indravardhanreddy.18cse', 'parikshit.palsania.18csc', 'pallavi.bt18', 'alfon_macareno', 'himanshu.jalan.18cse', 'tejeswarareddy', 'kanishk', 'garimella.likith.18cse', 'arihant.jain.18csc', 'orzata', 's.argiolas17', 'varmaaditya668', 'cinziasalis', 'victor121222', 'yash.patil.18csc', 'amarthalurupaavandileep', 'mathan.ntmoorthy', 'apeddu95', 'saivenkatlakamsani', 'rithvik', 'splbt18', 'robertocro', 'honey_bhardwaj', 'mr882', 'anirudhnannuri', 'gc_unica', 'sreeya_suresh', 'mohammad.daim.18csc', 'manas.yadav.18cse', 'penumetcha.sairahulverma.18csc', 'faisal.nazir', 'gioia.chiodi95', 'gianluca.marongiu', 'veeramachaneni.saatwik.18csc', 'lorenzo96', 'motupalli.saivamsikrishna.18cse', 'pavuluriviratchowdary', 'imadabattuni.naveenkumar.18cse', 'shivang2k', 'shivansh.khera.18cse', 'bhavya.tuteja.18mec', 'krishnapriya111tl', 'anjalianju1707', 'anirudh.jilla.18csc', 'harshini23', 'saijal.goyal.18cse', 'christina2001', 'venkata.saisreekarmp.18csc', 'kanchrlavivek', 'chandasingh49', 'nallaparajuraghavendranagavarma1', 'manyamvishal', 'sejalsomani', 'jesminakther', 'chiraggoyal', 'bade.pundareekaksha.18cse', 'chakka.saiteja.18csc', 'jorge.guerrerovi', 'digvijay.singh.18csc', 'pramod.vangipurapu.18cse', 'dhruvakrishna', 'gelle.abhiram.18cse', 'vilekha.ghanta.18ece', 'vishwakreddy', 'kanavmittal', 'gallus1997', 'g3_herg14', 'akshat.tripathi.18cse', 'mogiligiridhar2001', 'stefano.lai', 'garvit.vijay.18csc', 'akanksha.gupta.18csc', 'nilsgerke.ng', 'f.marcato', 'mamidipakamohanasai', 'garine.harshavardhan.18cse', 'r.carboni9', 'devaharsha06', 'shubham04', 'sanket.deshmane', 'mridulshukla1106', 'gurram.raghavendradinesh.18cse', 'bipinelmat', 'yeddula.suryateja.18ece', 'adarsh.upadhyay.18mec', 'pranshu.sood.18cse', 'cwelch5', 'venkata.manishkatragadda.18cse', 'shreyanshanchlia', 'shivam.kumar.18cse', 'paidipraneethkumar', 'akshita.2']"
7,268,94,7,3,"['krishnapriya111tl', 'sreeya_suresh', 'chandasingh49']",91,"['koppineedikalyan', 'aishwaryarajanbabu2002', 'edapalapati.venkataabhiram.18csc', 'moram.indravardhanreddy.18cse', 'parikshit.palsania.18csc', 'pallavi.bt18', 'alfon_macareno', 'himanshu.jalan.18cse', 'tejeswarareddy', 'kanishk', 'garimella.likith.18cse', 'arihant.jain.18csc', 'orzata', 's.argiolas17', 'varmaaditya668', 'cinziasalis', 'victor121222', 'yash.patil.18csc', 'amarthalurupaavandileep', 'mathan.ntmoorthy', 'apeddu95', 'saivenkatlakamsani', 'rithvik', 'splbt18', 'robertocro', 'honey_bhardwaj', 'mr882', 'anirudhnannuri', 'gc_unica', 'mohammad.daim.18csc', 'manas.yadav.18cse', 'penumetcha.sairahulverma.18csc', 'faisal.nazir', 'gioia.chiodi95', 'gianluca.marongiu', 'veeramachaneni.saatwik.18csc', 'lorenzo96', 'motupalli.saivamsikrishna.18cse', 'pavuluriviratchowdary', 'imadabattuni.naveenkumar.18cse', 'shivang2k', 'shivansh.khera.18cse', 'bhavya.tuteja.18mec', 'anjalianju1707', 'anirudh.jilla.18csc', 'harshini23', 'saijal.goyal.18cse', 'christina2001', 'venkata.saisreekarmp.18csc', 'kanchrlavivek', 'nallaparajuraghavendranagavarma1', 'manyamvishal', 'sejalsomani', 'jesminakther', 'chiraggoyal', 'bade.pundareekaksha.18cse', 'chakka.saiteja.18csc', 'jorge.guerrerovi', 'digvijay.singh.18csc', 'pramod.vangipurapu.18cse', 'dhruvakrishna', 'gelle.abhiram.18cse', 'vilekha.ghanta.18ece', 'vishwakreddy', 'kanavmittal', 'gallus1997', 'g3_herg14', 'akshat.tripathi.18cse', 'mogiligiridhar2001', 'garvit.vijay.18csc', 'akanksha.gupta.18csc', 'nilsgerke.ng', 'f.marcato', 'mamidipakamohanasai', 'garine.harshavardhan.18cse', 'r.carboni9', 'devaharsha06', 'shubham04', 'sanket.deshmane', 'mridulshukla1106', 'gurram.raghavendradinesh.18cse', 'bipinelmat', 'yeddula.suryateja.18ece', 'adarsh.upadhyay.18mec', 'pranshu.sood.18cse', 'cwelch5', 'venkata.manishkatragadda.18cse', 'shreyanshanchlia', 'shivam.kumar.18cse', 'paidipraneethkumar', 'akshita.2']",4,"['arunsamuel2002', 'saleenanand', 'harikalatheeswaran', 'ervimala']",98,"['koppineedikalyan', 'aishwaryarajanbabu2002', 'edapalapati.venkataabhiram.18csc', 'moram.indravardhanreddy.18cse', 'parikshit.palsania.18csc', 'pallavi.bt18', 'alfon_macareno', 'himanshu.jalan.18cse', 'tejeswarareddy', 'kanishk', 'garimella.likith.18cse', 'arihant.jain.18csc', 'orzata', 's.argiolas17', 'varmaaditya668', 'cinziasalis', 'victor121222', 'yash.patil.18csc', 'amarthalurupaavandileep', 'mathan.ntmoorthy', 'apeddu95', 'saivenkatlakamsani', 'rithvik', 'splbt18', 'robertocro', 'honey_bhardwaj', 'mr882', 'anirudhnannuri', 'gc_unica', 'sreeya_suresh', 'mohammad.daim.18csc', 'manas.yadav.18cse', 'penumetcha.sairahulverma.18csc', 'faisal.nazir', 'gioia.chiodi95', 'gianluca.marongiu', 'veeramachaneni.saatwik.18csc', 'lorenzo96', 'motupalli.saivamsikrishna.18cse', 'pavuluriviratchowdary', 'imadabattuni.naveenkumar.18cse', 'shivang2k', 'shivansh.khera.18cse', 'ervimala', 'bhavya.tuteja.18mec', 'krishnapriya111tl', 'saleenanand', 'anjalianju1707', 'anirudh.jilla.18csc', 'harshini23', 'saijal.goyal.18cse', 'christina2001', 'venkata.saisreekarmp.18csc', 'kanchrlavivek', 'chandasingh49', 'nallaparajuraghavendranagavarma1', 'manyamvishal', 'arunsamuel2002', 'sejalsomani', 'jesminakther', 'chiraggoyal', 'bade.pundareekaksha.18cse', 'chakka.saiteja.18csc', 'jorge.guerrerovi', 'digvijay.singh.18csc', 'pramod.vangipurapu.18cse', 'dhruvakrishna', 'gelle.abhiram.18cse', 'vilekha.ghanta.18ece', 'vishwakreddy', 'kanavmittal', 'gallus1997', 'g3_herg14', 'akshat.tripathi.18cse', 'mogiligiridhar2001', 'garvit.vijay.18csc', 'akanksha.gupta.18csc', 'nilsgerke.ng', 'f.marcato', 'mamidipakamohanasai', 'garine.harshavardhan.18cse', 'r.carboni9', 'devaharsha06', 'shubham04', 'sanket.deshmane', 'mridulshukla1106', 'gurram.raghavendradinesh.18cse', 'harikalatheeswaran', 'bipinelmat', 'yeddula.suryateja.18ece', 'adarsh.upadhyay.18mec', 'pranshu.sood.18cse', 'cwelch5', 'venkata.manishkatragadda.18cse', 'shreyanshanchlia', 'shivam.kumar.18cse', 'paidipraneethkumar', 'akshita.2']"
8,221,93,283,21,"['anapv177', 'borja.bayon', 'costasdiego97', 'saradiazr', 'evakolmel', 'roiaso', 'sabe425', 'guillermo99', 'mariapl200896', 'raul292', 'martinotero', 'moshelem', 'lctasende3', 'hrhlauraa', 'martin.mg98.10', 'nuriamjusc', 'aaronrivasterron', 'anxooo', 'ainhoaab', 'damianonetto', 'jako91']",72,"['jlcjuli2', 'noeliaff', 'lauravicente', 'yagolemacapeans', 'josemanuel.alvarez.perez', 'luigig', 'wz347718', 'cinthiarodrilande11', 'dumas.david.97', 'pablobucsan', 'antia.santiago', 'myriam.blanchet07', 'stephania23', 'analorenzo', 'sabela.fernandez.r', 'parduxen', 'gemmabf', 'sergiomartinez', 'beluso13', 'nazaretgarciagonzalez', 'martin45720', 'miguel.lozano.gonzalez', 'miguelrecuna3c', 'yjh01027952607', 'jorgeexpositopatino', 'euem789', 'atsui75', 'albersabo99', 'ritav', 'sergiocabana1999', 'chaems322', 'foojorge', 'lidiacarcedo', 'ireneduinkerkenrodriguez', 'juliia.ou', 'antiapc', 'piolin991099', 'danielm78', 'ivancambon3b', 'davidruiz', 'lgv', 'javivilladamigo', 'victorlopezpardo.liceo', 'andreairamas', 'marcobaleato', 'tomtomshoo', 'iagofacal', 'resmi968', 'jacfomg', 'mmartinezsanchez', 'saragonzalezmiguez', 'justin.hamel2', 'angietuset', 'gablapo97', 'ivan1', 'marniesan', 'pedro.montysen', 'sergiobalboabarreiro', 'sarad12', 'cesarleo94', 'jamesjuansierra', 'davidcastano', 'jeangabriel.chenard', 'emescape', 'sbopp', 'd.c.yborde', 'sabelamv11', 'giorgiayang', 'jose5loureiro', 'alejandromataali', 'tuvieja88', 'almalr97']",262,"['mmei', 'vritota', 'baqer', 'wingitalways', 'murattdo', 'm241617', 's16c028b', 'amandabrum', 'j176601', 'poorar21', 'gazerlo', 'kaiseale', 'kaynegalie', 'ogandocortes', 'santox2000', 'u0916393', 'stiml1144', 'emani', 'mstff.1clkk', 'jrobinson5', 'lewisgf20', 'jbonez411', 'ogu0001', 'l201843', 'ftah', 'ervndgn59', 'alexander.lee', 'cheeseybacon', 'alexdallee17', 'madisonmiller', 'xiaokaizhong99', 'nsh0004', 'julianawallgren', 'hamastahir19', 'jaycwilson23', 'ts992', 'ncm0007', 'a194117', 'terje', 'jef325', 'aingles', 'liqizhou', 'briann', 'kellen.wise', 'arif.ozkan5806', 'trivellin', 'rosadourada9', 'hlong262', 'blane', 'aaroncoonu', 'justiejoseph', 'cartermchris1', 'ge.6cg7', 'chrixang18', 'iuri', 'd093641', 'mtakcali', 'sandip83', 'nicoladegiuseppe19', 'sabolton', 'maxguipil', 'v257028', 'aravindh', 'lenoirr', 'uuganbayaro', 'andrew217usmc', 'kayleneechong', 'tg2016', 'jeus63', 'garciacarrillojudith', 'mos_noob', 'anujgarg939', 'leeluanling123', 'kst48', 'zse0147', 'tudimubunmi', 'jschewinsky', 'deguirejasmin', 'lpentzke', 'cancetinkaya1201', 'sbentz', 'lerner', 'fredysanchez2', 'newele', 'drogalski', 'olivier35', 'nanobeam', 'i.lutticken', 'k.hildenbrand', 'eschruba', 'syoonhan', 'maxiasensio', 'yesimcakmakc', 'u1250344', 'julianyordano', 'cameronframpton', 'rossop', 'joshuabush', 'nbhat0792', 'wys142', 'ulusoy2006', 'ethan.caballero', 'cacuy', 'jhahn95', 'matthew.jones98', 'huseyinu', 'hjp44', 'sebasmarquez90', 'amrita_lovelace', 'mollykole', 'avivlavan', 'daddysexual', 'cdutreil', 'plaggeme', 'jsanmartin1', 'nguyendaniel', 'dicef', 'rakaiit', 'burnett.william', 'kyenyarkolemuel', 'josemanuel3', 'nfranzoni', 'tserenkhand', 'santosalexis1817', 'davidr27', 'pw8', 'spazos7', 'mangabera10', 'tomasx', 'mahnoor.syed29', 'smontero', 'jequito', 'sungjoon.cho97', 'susannareggiani', 'sholliday643', 'paezjuanagustin47', 'durgaprasadkhatri2011', 'clizarazo', 'yyerim', 'berrospidavid7', 'c195673', 'krusso448', 'u1089358', 'hjlim9612', 'j218711', 'theurgeboat', 'wdeaweqwdas', 'pspiotrowicz1', 'grantmorris656', 'fabio.aragao.santos', 'nickm', 'mtynski', 'cactusnoh', 'jake.m.hall876', 'jsathanand', 'bmirzapouebe', 'johndoe2341341243', 'annikadasher', 'panellink1', 'marcantoineduval', 't224622', 'magnoliajasper', 'choudh23', 'rylandkate', 'lkipfer', 'mrtmert98', 'halilibrahimtiken', 'charles.dambra', 'also0714', 'emreyilmazel1996', 'testeremre70', 'arno.yu610168', 'heatherleaf', 'fedele.penna', 'pkj71794g', 'hj980217', 'sd226', 'thboth', 'sarah.youssef', 'ashishchr', 'yorkiiii', 'ol_ac', 'cibranlpz', 'joejfranzo', 'jack522577', 'jimenezph', 'olga.casals', 'mrbunnyman', 'fatanehjenabi', 'dolaydemirel', 'andresaraiva', 'man6787', 'gabriel.pzanoni', 'd33r00', 'danielclapp99', 'fafrin2', 'jeption2025', 's16c045b', 'arianebarreto', 'phhuang', 'kmerino', 'asdksnfksfkmd', 'johnganiban', 'elena.gnani', 'xiaoyuzhang', 'thomasspradley', '8223freret', 'retrewtewrt', 'jdgerling', 'psuzhouy', 'sqlim94', 'fpincock', 'asif0047', 'mrgiraffe', 'abaringer', 'sungjooncho', 'lobsterben13', 'dongmingli', 'm203442', 'longstreetjacob', 'sebrobarts', 'anshshah2011', 'oktayhalitekinay', 'kodurur', 'philippeblaise', 'omarloay99', 'ee17resch11016', 'ege.ert7', 'eminasuljic', 'alirose12', 'haren22', 'u6007941', 'rynk.john', 'pmcnutt2', 'miguelcb', 'reuben90', 'r207733', 'npatta.1986', 'ana23', 'octoman1080x', 'maria.irausquin', 'aldanafloyd', 'vincentdoucet22', 'lorenzoholguin12', 'ronitronit119', 'felipemachado', 'elel30182', 'kianamon', 'rajsingh', 'cninja99', 'hcha71', 'nmorgan1', 'lokesht123', 'zepfan026', 'burak9836', 'chastintruelove', 'semmi.spado00', 'cbandel', 'enhjinhanabi', 'f215766', 'jason.earl', 'caseyamick']",355,"['baqer', 'wingitalways', 'murattdo', 's16c028b', 'wz347718', 'amandabrum', 'j176601', 'kaiseale', 'kaynegalie', 'ogu0001', 'l201843', 'cheeseybacon', 'madisonmiller', 'ivancambon3b', 'davidruiz', 'hamastahir19', 'jaycwilson23', 'jef325', 'marcobaleato', 'aingles', 'iagofacal', 'briann', 'arif.ozkan5806', 'aaronrivasterron', 'justiejoseph', 'cartermchris1', 'pedro.montysen', 'ge.6cg7', 'chrixang18', 'iuri', 'd093641', 'mtakcali', 'nicoladegiuseppe19', 'sabolton', 'maxguipil', 'v257028', 'uuganbayaro', 'lenoirr', 'sbopp', 'andrew217usmc', 'tg2016', 'jeus63', 'anujgarg939', 'leeluanling123', 'josemanuel.alvarez.perez', 'tudimubunmi', 'dumas.david.97', 'pablobucsan', 'deguirejasmin', 'lpentzke', 'cancetinkaya1201', 'fredysanchez2', 'newele', 'drogalski', 'olivier35', 'martin45720', 'i.lutticken', 'euem789', 'eschruba', 'julianyordano', 'maxiasensio', 'u1250344', 'wys142', 'mariapl200896', 'ulusoy2006', 'lidiacarcedo', 'ethan.caballero', 'jhahn95', 'matthew.jones98', 'huseyinu', 'lgv', 'sebasmarquez90', 'cdutreil', 'resmi968', 'plaggeme', 'dicef', 'rakaiit', 'burnett.william', 'sarad12', 'cesarleo94', 'kyenyarkolemuel', 'tserenkhand', 'santosalexis1817', 'pw8', 'sabelamv11', 'mangabera10', 'smontero', 'jequito', 'sungjoon.cho97', 'alejandromataali', 'susannareggiani', 'anapv177', 'sholliday643', 'paezjuanagustin47', 'yyerim', 'c195673', 'sabela.fernandez.r', 'u1089358', 'parduxen', 'beluso13', 'nazaretgarciagonzalez', 'miguel.lozano.gonzalez', 'grantmorris656', 'guillermo99', 'jake.m.hall876', 'johndoe2341341243', 'annikadasher', 'marcantoineduval', 'magnoliajasper', 'lkipfer', 'halilibrahimtiken', 'charles.dambra', 'also0714', 'arno.yu610168', 'heatherleaf', 'fedele.penna', 'pkj71794g', 'hj980217', 'sd226', 'thboth', 'gablapo97', 'ivan1', 'ashishchr', 'cibranlpz', 'joejfranzo', 'jimenezph', 'andresaraiva', 'jako91', 'danielclapp99', 'fafrin2', 'jose5loureiro', 'almalr97', 'noeliaff', 'phhuang', 'evakolmel', 'retrewtewrt', 'psuzhouy', 'fpincock', 'asif0047', 'mrgiraffe', 'sungjooncho', 'albersabo99', 'anshshah2011', 'oktayhalitekinay', 'foojorge', 'antiapc', 'u6007941', 'rynk.john', 'pmcnutt2', 'miguelcb', 'ana23', 'maria.irausquin', 'aldanafloyd', 'mmartinezsanchez', 'lorenzoholguin12', 'martin.mg98.10', 'marniesan', 'kianamon', 'rajsingh', 'cninja99', 'lokesht123', 'ainhoaab', 'zepfan026', 'burak9836', 'jeangabriel.chenard', 'emescape', 'chastintruelove', 'semmi.spado00', 'enhjinhanabi', 'f215766', 'tuvieja88', 'caseyamick', 'jlcjuli2', 'mmei', 'vritota', 'm241617', 'sergiomartinez', 'roiaso', 'poorar21', 'gazerlo', 'ogandocortes', 'santox2000', 'u0916393', 'stiml1144', 'emani', 'mstff.1clkk', 'ritav', 'sergiocabana1999', 'jrobinson5', 'lewisgf20', 'jbonez411', 'ervndgn59', 'ftah', 'alexander.lee', 'juliia.ou', 'alexdallee17', 'xiaokaizhong99', 'nsh0004', 'julianawallgren', 'moshelem', 'ts992', 'ncm0007', 'a194117', 'terje', 'liqizhou', 'kellen.wise', 'hrhlauraa', 'saragonzalezmiguez', 'justin.hamel2', 'trivellin', 'rosadourada9', 'hlong262', 'blane', 'aaroncoonu', 'yorkiiii', 'sandip83', 'jamesjuansierra', 'aravindh', 'kayleneechong', 'mos_noob', 'garciacarrillojudith', 'yagolemacapeans', 'kst48', 'zse0147', 'cinthiarodrilande11', 'jschewinsky', 'sbentz', 'stephania23', 'analorenzo', 'lerner', 'nanobeam', 'miguelrecuna3c', 'k.hildenbrand', 'yesimcakmakc', 'syoonhan', 'cameronframpton', 'rossop', 'joshuabush', 'nbhat0792', 'cacuy', 'hjp44', 'javivilladamigo', 'amrita_lovelace', 'victorlopezpardo.liceo', 'mollykole', 'avivlavan', 'daddysexual', 'jsanmartin1', 'nguyendaniel', 'angietuset', 'josemanuel3', 'nfranzoni', 'd.c.yborde', 'davidr27', 'spazos7', 'tomasx', 'mahnoor.syed29', 'lauravicente', 'durgaprasadkhatri2011', 'clizarazo', 'saradiazr', 'berrospidavid7', 'antia.santiago', 'krusso448', 'hjlim9612', 'gemmabf', 'j218711', 'theurgeboat', 'wdeaweqwdas', 'yjh01027952607', 'jorgeexpositopatino', 'pspiotrowicz1', 'atsui75', 'fabio.aragao.santos', 'nickm', 'mtynski', 'cactusnoh', 'jsathanand', 'bmirzapouebe', 'ireneduinkerkenrodriguez', 'panellink1', 't224622', 'raul292', 'danielm78', 'choudh23', 'rylandkate', 'mrtmert98', 'emreyilmazel1996', 'testeremre70', 'tomtomshoo', 'lctasende3', 'jacfomg', 'nuriamjusc', 'sarah.youssef', 'ol_ac', 'davidcastano', 'jack522577', 'olga.casals', 'mrbunnyman', 'fatanehjenabi', 'dolaydemirel', 'man6787', 'gabriel.pzanoni', 'd33r00', 'jeption2025', 's16c045b', 'arianebarreto', 'borja.bayon', 'costasdiego97', 'kmerino', 'luigig', 'asdksnfksfkmd', 'johnganiban', 'elena.gnani', 'xiaoyuzhang', 'thomasspradley', 'myriam.blanchet07', '8223freret', 'jdgerling', 'sqlim94', 'abaringer', 'lobsterben13', 'dongmingli', 'm203442', 'sabe425', 'longstreetjacob', 'sebrobarts', 'chaems322', 'kodurur', 'philippeblaise', 'omarloay99', 'ee17resch11016', 'ege.ert7', 'eminasuljic', 'alirose12', 'piolin991099', 'haren22', 'martinotero', 'r207733', 'reuben90', 'andreairamas', 'npatta.1986', 'octoman1080x', 'vincentdoucet22', 'ronitronit119', 'felipemachado', 'elel30182', 'sergiobalboabarreiro', 'hcha71', 'nmorgan1', 'anxooo', 'damianonetto', 'cbandel', 'giorgiayang', 'jason.earl']"
8,16,93,27,25,"['borja.bayon', 'jlcjuli2', 'noeliaff', 'josemanuel.alvarez.perez', 'saradiazr', 'evakolmel', 'antia.santiago', 'stephania23', 'sergiomartinez', 'beluso13', 'miguel.lozano.gonzalez', 'ritav', 'ireneduinkerkenrodriguez', 'antiapc', 'juliia.ou', 'javivilladamigo', 'lctasende3', 'jacfomg', 'martin.mg98.10', 'saragonzalezmiguez', 'anxooo', 'ainhoaab', 'sabelamv11', 'giorgiayang', 'tuvieja88']",68,"['anapv177', 'costasdiego97', 'lauravicente', 'yagolemacapeans', 'luigig', 'wz347718', 'cinthiarodrilande11', 'dumas.david.97', 'pablobucsan', 'myriam.blanchet07', 'analorenzo', 'sabela.fernandez.r', 'parduxen', 'gemmabf', 'roiaso', 'nazaretgarciagonzalez', 'martin45720', 'miguelrecuna3c', 'yjh01027952607', 'jorgeexpositopatino', 'euem789', 'atsui75', 'sabe425', 'albersabo99', 'guillermo99', 'sergiocabana1999', 'chaems322', 'foojorge', 'mariapl200896', 'lidiacarcedo', 'piolin991099', 'raul292', 'danielm78', 'martinotero', 'ivancambon3b', 'davidruiz', 'lgv', 'moshelem', 'victorlopezpardo.liceo', 'andreairamas', 'marcobaleato', 'tomtomshoo', 'iagofacal', 'resmi968', 'mmartinezsanchez', 'hrhlauraa', 'aaronrivasterron', 'nuriamjusc', 'gablapo97', 'justin.hamel2', 'angietuset', 'ivan1', 'marniesan', 'pedro.montysen', 'sergiobalboabarreiro', 'sarad12', 'cesarleo94', 'jamesjuansierra', 'davidcastano', 'damianonetto', 'jeangabriel.chenard', 'emescape', 'sbopp', 'd.c.yborde', 'jako91', 'jose5loureiro', 'alejandromataali', 'almalr97']",2,"['cibranlpz', 'tomasx']",95,"['jlcjuli2', 'anapv177', 'lauravicente', 'saradiazr', 'wz347718', 'antia.santiago', 'sabela.fernandez.r', 'parduxen', 'gemmabf', 'sergiomartinez', 'roiaso', 'beluso13', 'nazaretgarciagonzalez', 'miguel.lozano.gonzalez', 'yjh01027952607', 'jorgeexpositopatino', 'atsui75', 'guillermo99', 'ritav', 'sergiocabana1999', 'ireneduinkerkenrodriguez', 'juliia.ou', 'raul292', 'danielm78', 'ivancambon3b', 'davidruiz', 'moshelem', 'marcobaleato', 'tomtomshoo', 'lctasende3', 'iagofacal', 'jacfomg', 'hrhlauraa', 'aaronrivasterron', 'nuriamjusc', 'saragonzalezmiguez', 'justin.hamel2', 'gablapo97', 'ivan1', 'pedro.montysen', 'cibranlpz', 'davidcastano', 'jamesjuansierra', 'sbopp', 'jako91', 'jose5loureiro', 'almalr97', 'borja.bayon', 'costasdiego97', 'noeliaff', 'yagolemacapeans', 'josemanuel.alvarez.perez', 'luigig', 'cinthiarodrilande11', 'dumas.david.97', 'pablobucsan', 'evakolmel', 'myriam.blanchet07', 'stephania23', 'analorenzo', 'martin45720', 'miguelrecuna3c', 'euem789', 'sabe425', 'albersabo99', 'chaems322', 'foojorge', 'mariapl200896', 'lidiacarcedo', 'antiapc', 'piolin991099', 'martinotero', 'lgv', 'javivilladamigo', 'victorlopezpardo.liceo', 'andreairamas', 'resmi968', 'mmartinezsanchez', 'martin.mg98.10', 'marniesan', 'angietuset', 'sergiobalboabarreiro', 'sarad12', 'anxooo', 'cesarleo94', 'ainhoaab', 'damianonetto', 'jeangabriel.chenard', 'emescape', 'd.c.yborde', 'sabelamv11', 'tomasx', 'giorgiayang', 'alejandromataali', 'tuvieja88']"
8,25,93,12,10,"['pedro.montysen', 'lauravicente', 'sarad12', 'jamesjuansierra', 'cinthiarodrilande11', 'jako91', 'analorenzo', 'mmartinezsanchez', 'lidiacarcedo', 'miguelrecuna3c']",83,"['jlcjuli2', 'anapv177', 'saradiazr', 'wz347718', 'antia.santiago', 'sabela.fernandez.r', 'parduxen', 'gemmabf', 'sergiomartinez', 'roiaso', 'beluso13', 'nazaretgarciagonzalez', 'miguel.lozano.gonzalez', 'yjh01027952607', 'jorgeexpositopatino', 'atsui75', 'guillermo99', 'ritav', 'sergiocabana1999', 'ireneduinkerkenrodriguez', 'juliia.ou', 'raul292', 'danielm78', 'ivancambon3b', 'davidruiz', 'moshelem', 'marcobaleato', 'tomtomshoo', 'lctasende3', 'iagofacal', 'jacfomg', 'hrhlauraa', 'aaronrivasterron', 'nuriamjusc', 'saragonzalezmiguez', 'justin.hamel2', 'gablapo97', 'ivan1', 'davidcastano', 'sbopp', 'jose5loureiro', 'almalr97', 'borja.bayon', 'costasdiego97', 'noeliaff', 'yagolemacapeans', 'josemanuel.alvarez.perez', 'luigig', 'dumas.david.97', 'pablobucsan', 'evakolmel', 'myriam.blanchet07', 'stephania23', 'martin45720', 'euem789', 'sabe425', 'albersabo99', 'chaems322', 'foojorge', 'mariapl200896', 'antiapc', 'piolin991099', 'martinotero', 'lgv', 'javivilladamigo', 'victorlopezpardo.liceo', 'andreairamas', 'resmi968', 'martin.mg98.10', 'marniesan', 'angietuset', 'sergiobalboabarreiro', 'anxooo', 'cesarleo94', 'ainhoaab', 'damianonetto', 'jeangabriel.chenard', 'emescape', 'd.c.yborde', 'sabelamv11', 'giorgiayang', 'alejandromataali', 'tuvieja88']",2,"['braisblanco', 'pawpe']",95,"['jlcjuli2', 'anapv177', 'lauravicente', 'saradiazr', 'wz347718', 'antia.santiago', 'sabela.fernandez.r', 'parduxen', 'gemmabf', 'sergiomartinez', 'roiaso', 'beluso13', 'nazaretgarciagonzalez', 'miguel.lozano.gonzalez', 'yjh01027952607', 'jorgeexpositopatino', 'atsui75', 'guillermo99', 'ritav', 'sergiocabana1999', 'ireneduinkerkenrodriguez', 'juliia.ou', 'raul292', 'danielm78', 'ivancambon3b', 'davidruiz', 'moshelem', 'marcobaleato', 'tomtomshoo', 'lctasende3', 'iagofacal', 'jacfomg', 'hrhlauraa', 'aaronrivasterron', 'nuriamjusc', 'saragonzalezmiguez', 'justin.hamel2', 'gablapo97', 'ivan1', 'pedro.montysen', 'pawpe', 'davidcastano', 'jamesjuansierra', 'sbopp', 'jako91', 'braisblanco', 'jose5loureiro', 'almalr97', 'borja.bayon', 'costasdiego97', 'noeliaff', 'yagolemacapeans', 'josemanuel.alvarez.perez', 'luigig', 'cinthiarodrilande11', 'dumas.david.97', 'pablobucsan', 'evakolmel', 'myriam.blanchet07', 'stephania23', 'analorenzo', 'martin45720', 'miguelrecuna3c', 'euem789', 'sabe425', 'albersabo99', 'chaems322', 'foojorge', 'mariapl200896', 'lidiacarcedo', 'antiapc', 'piolin991099', 'martinotero', 'lgv', 'javivilladamigo', 'victorlopezpardo.liceo', 'andreairamas', 'resmi968', 'mmartinezsanchez', 'martin.mg98.10', 'marniesan', 'angietuset', 'sergiobalboabarreiro', 'sarad12', 'anxooo', 'cesarleo94', 'ainhoaab', 'damianonetto', 'jeangabriel.chenard', 'emescape', 'd.c.yborde', 'sabelamv11', 'giorgiayang', 'alejandromataali', 'tuvieja88']"
8,15,93,10,8,"['ivancambon3b', 'anxooo', 'jamesjuansierra', 'guillermo99', 'lctasende3', 'jako91', 'martin45720', 'tuvieja88']",85,"['jlcjuli2', 'anapv177', 'lauravicente', 'saradiazr', 'wz347718', 'antia.santiago', 'sabela.fernandez.r', 'parduxen', 'gemmabf', 'sergiomartinez', 'roiaso', 'beluso13', 'nazaretgarciagonzalez', 'miguel.lozano.gonzalez', 'yjh01027952607', 'jorgeexpositopatino', 'atsui75', 'ritav', 'sergiocabana1999', 'ireneduinkerkenrodriguez', 'juliia.ou', 'raul292', 'danielm78', 'davidruiz', 'moshelem', 'marcobaleato', 'tomtomshoo', 'iagofacal', 'jacfomg', 'hrhlauraa', 'aaronrivasterron', 'nuriamjusc', 'saragonzalezmiguez', 'justin.hamel2', 'gablapo97', 'ivan1', 'pedro.montysen', 'davidcastano', 'sbopp', 'jose5loureiro', 'almalr97', 'borja.bayon', 'costasdiego97', 'noeliaff', 'yagolemacapeans', 'josemanuel.alvarez.perez', 'luigig', 'cinthiarodrilande11', 'dumas.david.97', 'pablobucsan', 'evakolmel', 'myriam.blanchet07', 'stephania23', 'analorenzo', 'miguelrecuna3c', 'euem789', 'sabe425', 'albersabo99', 'chaems322', 'foojorge', 'mariapl200896', 'lidiacarcedo', 'antiapc', 'piolin991099', 'martinotero', 'lgv', 'javivilladamigo', 'victorlopezpardo.liceo', 'andreairamas', 'resmi968', 'mmartinezsanchez', 'martin.mg98.10', 'marniesan', 'angietuset', 'sergiobalboabarreiro', 'sarad12', 'cesarleo94', 'ainhoaab', 'damianonetto', 'jeangabriel.chenard', 'emescape', 'd.c.yborde', 'sabelamv11', 'giorgiayang', 'alejandromataali']",2,"['poorar21', 'ogandocortes']",95,"['jlcjuli2', 'anapv177', 'lauravicente', 'saradiazr', 'wz347718', 'antia.santiago', 'sabela.fernandez.r', 'parduxen', 'gemmabf', 'sergiomartinez', 'roiaso', 'beluso13', 'nazaretgarciagonzalez', 'miguel.lozano.gonzalez', 'yjh01027952607', 'jorgeexpositopatino', 'poorar21', 'atsui75', 'ogandocortes', 'guillermo99', 'ritav', 'sergiocabana1999', 'ireneduinkerkenrodriguez', 'juliia.ou', 'raul292', 'danielm78', 'ivancambon3b', 'davidruiz', 'moshelem', 'marcobaleato', 'tomtomshoo', 'lctasende3', 'iagofacal', 'jacfomg', 'hrhlauraa', 'aaronrivasterron', 'nuriamjusc', 'saragonzalezmiguez', 'justin.hamel2', 'gablapo97', 'ivan1', 'pedro.montysen', 'davidcastano', 'jamesjuansierra', 'sbopp', 'jako91', 'jose5loureiro', 'almalr97', 'borja.bayon', 'costasdiego97', 'noeliaff', 'yagolemacapeans', 'josemanuel.alvarez.perez', 'luigig', 'cinthiarodrilande11', 'dumas.david.97', 'pablobucsan', 'evakolmel', 'myriam.blanchet07', 'stephania23', 'analorenzo', 'martin45720', 'miguelrecuna3c', 'euem789', 'sabe425', 'albersabo99', 'chaems322', 'foojorge', 'mariapl200896', 'lidiacarcedo', 'antiapc', 'piolin991099', 'martinotero', 'lgv', 'javivilladamigo', 'victorlopezpardo.liceo', 'andreairamas', 'resmi968', 'mmartinezsanchez', 'martin.mg98.10', 'marniesan', 'angietuset', 'sergiobalboabarreiro', 'sarad12', 'anxooo', 'cesarleo94', 'ainhoaab', 'damianonetto', 'jeangabriel.chenard', 'emescape', 'd.c.yborde', 'sabelamv11', 'giorgiayang', 'alejandromataali', 'tuvieja88']"
8,13,93,9,8,"['costasdiego97', 'javivilladamigo', 'saradiazr', 'evakolmel', 'iagofacal', 'antia.santiago', 'analorenzo', 'saragonzalezmiguez']",85,"['jlcjuli2', 'anapv177', 'lauravicente', 'wz347718', 'sabela.fernandez.r', 'parduxen', 'gemmabf', 'sergiomartinez', 'roiaso', 'beluso13', 'nazaretgarciagonzalez', 'miguel.lozano.gonzalez', 'yjh01027952607', 'jorgeexpositopatino', 'atsui75', 'guillermo99', 'ritav', 'sergiocabana1999', 'ireneduinkerkenrodriguez', 'juliia.ou', 'raul292', 'danielm78', 'ivancambon3b', 'davidruiz', 'moshelem', 'marcobaleato', 'tomtomshoo', 'lctasende3', 'jacfomg', 'hrhlauraa', 'aaronrivasterron', 'nuriamjusc', 'justin.hamel2', 'gablapo97', 'ivan1', 'pedro.montysen', 'davidcastano', 'jamesjuansierra', 'sbopp', 'jako91', 'jose5loureiro', 'almalr97', 'borja.bayon', 'noeliaff', 'yagolemacapeans', 'josemanuel.alvarez.perez', 'luigig', 'cinthiarodrilande11', 'dumas.david.97', 'pablobucsan', 'myriam.blanchet07', 'stephania23', 'martin45720', 'miguelrecuna3c', 'euem789', 'sabe425', 'albersabo99', 'chaems322', 'foojorge', 'mariapl200896', 'lidiacarcedo', 'antiapc', 'piolin991099', 'martinotero', 'lgv', 'victorlopezpardo.liceo', 'andreairamas', 'resmi968', 'mmartinezsanchez', 'martin.mg98.10', 'marniesan', 'angietuset', 'sergiobalboabarreiro', 'sarad12', 'anxooo', 'cesarleo94', 'ainhoaab', 'damianonetto', 'jeangabriel.chenard', 'emescape', 'd.c.yborde', 'sabelamv11', 'giorgiayang', 'alejandromataali', 'tuvieja88']",1,['cibranlpz'],94,"['jlcjuli2', 'anapv177', 'lauravicente', 'saradiazr', 'wz347718', 'antia.santiago', 'sabela.fernandez.r', 'parduxen', 'gemmabf', 'sergiomartinez', 'roiaso', 'beluso13', 'nazaretgarciagonzalez', 'miguel.lozano.gonzalez', 'yjh01027952607', 'jorgeexpositopatino', 'atsui75', 'guillermo99', 'ritav', 'sergiocabana1999', 'ireneduinkerkenrodriguez', 'juliia.ou', 'raul292', 'danielm78', 'ivancambon3b', 'davidruiz', 'moshelem', 'marcobaleato', 'tomtomshoo', 'lctasende3', 'iagofacal', 'jacfomg', 'hrhlauraa', 'aaronrivasterron', 'nuriamjusc', 'saragonzalezmiguez', 'justin.hamel2', 'gablapo97', 'ivan1', 'pedro.montysen', 'cibranlpz', 'davidcastano', 'jamesjuansierra', 'sbopp', 'jako91', 'jose5loureiro', 'almalr97', 'borja.bayon', 'costasdiego97', 'noeliaff', 'yagolemacapeans', 'josemanuel.alvarez.perez', 'luigig', 'cinthiarodrilande11', 'dumas.david.97', 'pablobucsan', 'evakolmel', 'myriam.blanchet07', 'stephania23', 'analorenzo', 'martin45720', 'miguelrecuna3c', 'euem789', 'sabe425', 'albersabo99', 'chaems322', 'foojorge', 'mariapl200896', 'lidiacarcedo', 'antiapc', 'piolin991099', 'martinotero', 'lgv', 'javivilladamigo', 'victorlopezpardo.liceo', 'andreairamas', 'resmi968', 'mmartinezsanchez', 'martin.mg98.10', 'marniesan', 'angietuset', 'sergiobalboabarreiro', 'sarad12', 'anxooo', 'cesarleo94', 'ainhoaab', 'damianonetto', 'jeangabriel.chenard', 'emescape', 'd.c.yborde', 'sabelamv11', 'giorgiayang', 'alejandromataali', 'tuvieja88']"
8,20,93,9,6,"['martinotero', 'lgv', 'victorlopezpardo.liceo', 'marcobaleato', 'mariapl200896', 'miguel.lozano.gonzalez']",87,"['jlcjuli2', 'anapv177', 'lauravicente', 'saradiazr', 'wz347718', 'antia.santiago', 'sabela.fernandez.r', 'parduxen', 'gemmabf', 'sergiomartinez', 'roiaso', 'beluso13', 'nazaretgarciagonzalez', 'yjh01027952607', 'jorgeexpositopatino', 'atsui75', 'guillermo99', 'ritav', 'sergiocabana1999', 'ireneduinkerkenrodriguez', 'juliia.ou', 'raul292', 'danielm78', 'ivancambon3b', 'davidruiz', 'moshelem', 'tomtomshoo', 'lctasende3', 'iagofacal', 'jacfomg', 'hrhlauraa', 'aaronrivasterron', 'nuriamjusc', 'saragonzalezmiguez', 'justin.hamel2', 'gablapo97', 'ivan1', 'pedro.montysen', 'davidcastano', 'jamesjuansierra', 'sbopp', 'jako91', 'jose5loureiro', 'almalr97', 'borja.bayon', 'costasdiego97', 'noeliaff', 'yagolemacapeans', 'josemanuel.alvarez.perez', 'luigig', 'cinthiarodrilande11', 'dumas.david.97', 'pablobucsan', 'evakolmel', 'myriam.blanchet07', 'stephania23', 'analorenzo', 'martin45720', 'miguelrecuna3c', 'euem789', 'sabe425', 'albersabo99', 'chaems322', 'foojorge', 'lidiacarcedo', 'antiapc', 'piolin991099', 'javivilladamigo', 'andreairamas', 'resmi968', 'mmartinezsanchez', 'martin.mg98.10', 'marniesan', 'angietuset', 'sergiobalboabarreiro', 'sarad12', 'anxooo', 'cesarleo94', 'ainhoaab', 'damianonetto', 'jeangabriel.chenard', 'emescape', 'd.c.yborde', 'sabelamv11', 'giorgiayang', 'alejandromataali', 'tuvieja88']",3,"['tomasx', 'braisblanco', 'xabierdoural']",96,"['jlcjuli2', 'anapv177', 'lauravicente', 'saradiazr', 'wz347718', 'antia.santiago', 'sabela.fernandez.r', 'parduxen', 'gemmabf', 'sergiomartinez', 'roiaso', 'beluso13', 'nazaretgarciagonzalez', 'miguel.lozano.gonzalez', 'yjh01027952607', 'jorgeexpositopatino', 'atsui75', 'guillermo99', 'ritav', 'sergiocabana1999', 'xabierdoural', 'ireneduinkerkenrodriguez', 'juliia.ou', 'raul292', 'danielm78', 'ivancambon3b', 'davidruiz', 'moshelem', 'marcobaleato', 'tomtomshoo', 'lctasende3', 'iagofacal', 'jacfomg', 'hrhlauraa', 'aaronrivasterron', 'nuriamjusc', 'saragonzalezmiguez', 'justin.hamel2', 'gablapo97', 'ivan1', 'pedro.montysen', 'davidcastano', 'jamesjuansierra', 'sbopp', 'jako91', 'braisblanco', 'jose5loureiro', 'almalr97', 'borja.bayon', 'costasdiego97', 'noeliaff', 'yagolemacapeans', 'josemanuel.alvarez.perez', 'luigig', 'cinthiarodrilande11', 'dumas.david.97', 'pablobucsan', 'evakolmel', 'myriam.blanchet07', 'stephania23', 'analorenzo', 'martin45720', 'miguelrecuna3c', 'euem789', 'sabe425', 'albersabo99', 'chaems322', 'foojorge', 'mariapl200896', 'lidiacarcedo', 'antiapc', 'piolin991099', 'martinotero', 'lgv', 'javivilladamigo', 'victorlopezpardo.liceo', 'andreairamas', 'resmi968', 'mmartinezsanchez', 'martin.mg98.10', 'marniesan', 'angietuset', 'sergiobalboabarreiro', 'sarad12', 'anxooo', 'cesarleo94', 'ainhoaab', 'damianonetto', 'jeangabriel.chenard', 'emescape', 'd.c.yborde', 'sabelamv11', 'tomasx', 'giorgiayang', 'alejandromataali', 'tuvieja88']"
8,19,93,8,8,"['anapv177', 'davidruiz', 'moshelem', 'ivan1', 'jako91', 'saragonzalezmiguez', 'ireneduinkerkenrodriguez', 'giorgiayang']",85,"['jlcjuli2', 'lauravicente', 'saradiazr', 'wz347718', 'antia.santiago', 'sabela.fernandez.r', 'parduxen', 'gemmabf', 'sergiomartinez', 'roiaso', 'beluso13', 'nazaretgarciagonzalez', 'miguel.lozano.gonzalez', 'yjh01027952607', 'jorgeexpositopatino', 'atsui75', 'guillermo99', 'ritav', 'sergiocabana1999', 'juliia.ou', 'raul292', 'danielm78', 'ivancambon3b', 'marcobaleato', 'tomtomshoo', 'lctasende3', 'iagofacal', 'jacfomg', 'hrhlauraa', 'aaronrivasterron', 'nuriamjusc', 'justin.hamel2', 'gablapo97', 'pedro.montysen', 'davidcastano', 'jamesjuansierra', 'sbopp', 'jose5loureiro', 'almalr97', 'borja.bayon', 'costasdiego97', 'noeliaff', 'yagolemacapeans', 'josemanuel.alvarez.perez', 'luigig', 'cinthiarodrilande11', 'dumas.david.97', 'pablobucsan', 'evakolmel', 'myriam.blanchet07', 'stephania23', 'analorenzo', 'martin45720', 'miguelrecuna3c', 'euem789', 'sabe425', 'albersabo99', 'chaems322', 'foojorge', 'mariapl200896', 'lidiacarcedo', 'antiapc', 'piolin991099', 'martinotero', 'lgv', 'javivilladamigo', 'victorlopezpardo.liceo', 'andreairamas', 'resmi968', 'mmartinezsanchez', 'martin.mg98.10', 'marniesan', 'angietuset', 'sergiobalboabarreiro', 'sarad12', 'anxooo', 'cesarleo94', 'ainhoaab', 'damianonetto', 'jeangabriel.chenard', 'emescape', 'd.c.yborde', 'sabelamv11', 'alejandromataali', 'tuvieja88']",0,[],93,"['jlcjuli2', 'anapv177', 'lauravicente', 'saradiazr', 'wz347718', 'antia.santiago', 'sabela.fernandez.r', 'parduxen', 'gemmabf', 'sergiomartinez', 'roiaso', 'beluso13', 'nazaretgarciagonzalez', 'miguel.lozano.gonzalez', 'yjh01027952607', 'jorgeexpositopatino', 'atsui75', 'guillermo99', 'ritav', 'sergiocabana1999', 'ireneduinkerkenrodriguez', 'juliia.ou', 'raul292', 'danielm78', 'ivancambon3b', 'davidruiz', 'moshelem', 'marcobaleato', 'tomtomshoo', 'lctasende3', 'iagofacal', 'jacfomg', 'hrhlauraa', 'aaronrivasterron', 'nuriamjusc', 'saragonzalezmiguez', 'justin.hamel2', 'gablapo97', 'ivan1', 'pedro.montysen', 'davidcastano', 'jamesjuansierra', 'sbopp', 'jako91', 'jose5loureiro', 'almalr97', 'borja.bayon', 'costasdiego97', 'noeliaff', 'yagolemacapeans', 'josemanuel.alvarez.perez', 'luigig', 'cinthiarodrilande11', 'dumas.david.97', 'pablobucsan', 'evakolmel', 'myriam.blanchet07', 'stephania23', 'analorenzo', 'martin45720', 'miguelrecuna3c', 'euem789', 'sabe425', 'albersabo99', 'chaems322', 'foojorge', 'mariapl200896', 'lidiacarcedo', 'antiapc', 'piolin991099', 'martinotero', 'lgv', 'javivilladamigo', 'victorlopezpardo.liceo', 'andreairamas', 'resmi968', 'mmartinezsanchez', 'martin.mg98.10', 'marniesan', 'angietuset', 'sergiobalboabarreiro', 'sarad12', 'anxooo', 'cesarleo94', 'ainhoaab', 'damianonetto', 'jeangabriel.chenard', 'emescape', 'd.c.yborde', 'sabelamv11', 'giorgiayang', 'alejandromataali', 'tuvieja88']"
8,11,93,7,5,"['anapv177', 'javivilladamigo', 'evakolmel', 'antiapc', 'miguel.lozano.gonzalez']",88,"['jlcjuli2', 'lauravicente', 'saradiazr', 'wz347718', 'antia.santiago', 'sabela.fernandez.r', 'parduxen', 'gemmabf', 'sergiomartinez', 'roiaso', 'beluso13', 'nazaretgarciagonzalez', 'yjh01027952607', 'jorgeexpositopatino', 'atsui75', 'guillermo99', 'ritav', 'sergiocabana1999', 'ireneduinkerkenrodriguez', 'juliia.ou', 'raul292', 'danielm78', 'ivancambon3b', 'davidruiz', 'moshelem', 'marcobaleato', 'tomtomshoo', 'lctasende3', 'iagofacal', 'jacfomg', 'hrhlauraa', 'aaronrivasterron', 'nuriamjusc', 'saragonzalezmiguez', 'justin.hamel2', 'gablapo97', 'ivan1', 'pedro.montysen', 'davidcastano', 'jamesjuansierra', 'sbopp', 'jako91', 'jose5loureiro', 'almalr97', 'borja.bayon', 'costasdiego97', 'noeliaff', 'yagolemacapeans', 'josemanuel.alvarez.perez', 'luigig', 'cinthiarodrilande11', 'dumas.david.97', 'pablobucsan', 'myriam.blanchet07', 'stephania23', 'analorenzo', 'martin45720', 'miguelrecuna3c', 'euem789', 'sabe425', 'albersabo99', 'chaems322', 'foojorge', 'mariapl200896', 'lidiacarcedo', 'piolin991099', 'martinotero', 'lgv', 'victorlopezpardo.liceo', 'andreairamas', 'resmi968', 'mmartinezsanchez', 'martin.mg98.10', 'marniesan', 'angietuset', 'sergiobalboabarreiro', 'sarad12', 'anxooo', 'cesarleo94', 'ainhoaab', 'damianonetto', 'jeangabriel.chenard', 'emescape', 'd.c.yborde', 'sabelamv11', 'giorgiayang', 'alejandromataali', 'tuvieja88']",2,"['miguelcb', 'jequito']",95,"['jlcjuli2', 'anapv177', 'lauravicente', 'saradiazr', 'wz347718', 'antia.santiago', 'sabela.fernandez.r', 'parduxen', 'gemmabf', 'sergiomartinez', 'roiaso', 'beluso13', 'nazaretgarciagonzalez', 'miguel.lozano.gonzalez', 'yjh01027952607', 'jorgeexpositopatino', 'atsui75', 'guillermo99', 'ritav', 'sergiocabana1999', 'ireneduinkerkenrodriguez', 'juliia.ou', 'raul292', 'danielm78', 'ivancambon3b', 'davidruiz', 'moshelem', 'marcobaleato', 'tomtomshoo', 'lctasende3', 'iagofacal', 'jacfomg', 'hrhlauraa', 'aaronrivasterron', 'nuriamjusc', 'saragonzalezmiguez', 'justin.hamel2', 'gablapo97', 'ivan1', 'pedro.montysen', 'davidcastano', 'jamesjuansierra', 'sbopp', 'jako91', 'jose5loureiro', 'almalr97', 'borja.bayon', 'costasdiego97', 'noeliaff', 'yagolemacapeans', 'josemanuel.alvarez.perez', 'luigig', 'cinthiarodrilande11', 'dumas.david.97', 'pablobucsan', 'evakolmel', 'myriam.blanchet07', 'stephania23', 'analorenzo', 'martin45720', 'miguelrecuna3c', 'euem789', 'sabe425', 'albersabo99', 'chaems322', 'foojorge', 'mariapl200896', 'lidiacarcedo', 'antiapc', 'piolin991099', 'martinotero', 'lgv', 'javivilladamigo', 'miguelcb', 'victorlopezpardo.liceo', 'andreairamas', 'resmi968', 'mmartinezsanchez', 'martin.mg98.10', 'marniesan', 'angietuset', 'sergiobalboabarreiro', 'sarad12', 'anxooo', 'cesarleo94', 'ainhoaab', 'damianonetto', 'jeangabriel.chenard', 'emescape', 'd.c.yborde', 'sabelamv11', 'jequito', 'giorgiayang', 'alejandromataali', 'tuvieja88']"
8,228,93,6,1,['myriam.blanchet07'],92,"['jlcjuli2', 'anapv177', 'lauravicente', 'saradiazr', 'wz347718', 'antia.santiago', 'sabela.fernandez.r', 'parduxen', 'gemmabf', 'sergiomartinez', 'roiaso', 'beluso13', 'nazaretgarciagonzalez', 'miguel.lozano.gonzalez', 'yjh01027952607', 'jorgeexpositopatino', 'atsui75', 'guillermo99', 'ritav', 'sergiocabana1999', 'ireneduinkerkenrodriguez', 'juliia.ou', 'raul292', 'danielm78', 'ivancambon3b', 'davidruiz', 'moshelem', 'marcobaleato', 'tomtomshoo', 'lctasende3', 'iagofacal', 'jacfomg', 'hrhlauraa', 'aaronrivasterron', 'nuriamjusc', 'saragonzalezmiguez', 'justin.hamel2', 'gablapo97', 'ivan1', 'pedro.montysen', 'davidcastano', 'jamesjuansierra', 'sbopp', 'jako91', 'jose5loureiro', 'almalr97', 'borja.bayon', 'costasdiego97', 'noeliaff', 'yagolemacapeans', 'josemanuel.alvarez.perez', 'luigig', 'cinthiarodrilande11', 'dumas.david.97', 'pablobucsan', 'evakolmel', 'stephania23', 'analorenzo', 'martin45720', 'miguelrecuna3c', 'euem789', 'sabe425', 'albersabo99', 'chaems322', 'foojorge', 'mariapl200896', 'lidiacarcedo', 'antiapc', 'piolin991099', 'martinotero', 'lgv', 'javivilladamigo', 'victorlopezpardo.liceo', 'andreairamas', 'resmi968', 'mmartinezsanchez', 'martin.mg98.10', 'marniesan', 'angietuset', 'sergiobalboabarreiro', 'sarad12', 'anxooo', 'cesarleo94', 'ainhoaab', 'damianonetto', 'jeangabriel.chenard', 'emescape', 'd.c.yborde', 'sabelamv11', 'giorgiayang', 'alejandromataali', 'tuvieja88']",5,"['jeson', 'dompm123', 'deguirejasmin', 'audranp', 'fredericberthiaume1234']",98,"['jlcjuli2', 'anapv177', 'lauravicente', 'saradiazr', 'wz347718', 'antia.santiago', 'sabela.fernandez.r', 'parduxen', 'gemmabf', 'sergiomartinez', 'roiaso', 'beluso13', 'nazaretgarciagonzalez', 'miguel.lozano.gonzalez', 'yjh01027952607', 'jorgeexpositopatino', 'atsui75', 'guillermo99', 'ritav', 'sergiocabana1999', 'ireneduinkerkenrodriguez', 'juliia.ou', 'raul292', 'danielm78', 'ivancambon3b', 'davidruiz', 'moshelem', 'marcobaleato', 'tomtomshoo', 'lctasende3', 'iagofacal', 'audranp', 'jacfomg', 'hrhlauraa', 'aaronrivasterron', 'nuriamjusc', 'saragonzalezmiguez', 'justin.hamel2', 'gablapo97', 'ivan1', 'pedro.montysen', 'davidcastano', 'jamesjuansierra', 'sbopp', 'jako91', 'jose5loureiro', 'almalr97', 'borja.bayon', 'costasdiego97', 'noeliaff', 'yagolemacapeans', 'josemanuel.alvarez.perez', 'luigig', 'dompm123', 'cinthiarodrilande11', 'dumas.david.97', 'pablobucsan', 'deguirejasmin', 'evakolmel', 'myriam.blanchet07', 'stephania23', 'analorenzo', 'martin45720', 'miguelrecuna3c', 'jeson', 'euem789', 'sabe425', 'albersabo99', 'chaems322', 'foojorge', 'mariapl200896', 'lidiacarcedo', 'antiapc', 'piolin991099', 'martinotero', 'lgv', 'javivilladamigo', 'victorlopezpardo.liceo', 'andreairamas', 'resmi968', 'mmartinezsanchez', 'martin.mg98.10', 'marniesan', 'angietuset', 'sergiobalboabarreiro', 'sarad12', 'anxooo', 'cesarleo94', 'ainhoaab', 'damianonetto', 'jeangabriel.chenard', 'emescape', 'd.c.yborde', 'sabelamv11', 'fredericberthiaume1234', 'giorgiayang', 'alejandromataali', 'tuvieja88']"
8,14,93,5,5,"['martinotero', 'lgv', 'ainhoaab', 'victorlopezpardo.liceo', 'hrhlauraa']",88,"['jlcjuli2', 'anapv177', 'lauravicente', 'saradiazr', 'wz347718', 'antia.santiago', 'sabela.fernandez.r', 'parduxen', 'gemmabf', 'sergiomartinez', 'roiaso', 'beluso13', 'nazaretgarciagonzalez', 'miguel.lozano.gonzalez', 'yjh01027952607', 'jorgeexpositopatino', 'atsui75', 'guillermo99', 'ritav', 'sergiocabana1999', 'ireneduinkerkenrodriguez', 'juliia.ou', 'raul292', 'danielm78', 'ivancambon3b', 'davidruiz', 'moshelem', 'marcobaleato', 'tomtomshoo', 'lctasende3', 'iagofacal', 'jacfomg', 'aaronrivasterron', 'nuriamjusc', 'saragonzalezmiguez', 'justin.hamel2', 'gablapo97', 'ivan1', 'pedro.montysen', 'davidcastano', 'jamesjuansierra', 'sbopp', 'jako91', 'jose5loureiro', 'almalr97', 'borja.bayon', 'costasdiego97', 'noeliaff', 'yagolemacapeans', 'josemanuel.alvarez.perez', 'luigig', 'cinthiarodrilande11', 'dumas.david.97', 'pablobucsan', 'evakolmel', 'myriam.blanchet07', 'stephania23', 'analorenzo', 'martin45720', 'miguelrecuna3c', 'euem789', 'sabe425', 'albersabo99', 'chaems322', 'foojorge', 'mariapl200896', 'lidiacarcedo', 'antiapc', 'piolin991099', 'javivilladamigo', 'andreairamas', 'resmi968', 'mmartinezsanchez', 'martin.mg98.10', 'marniesan', 'angietuset', 'sergiobalboabarreiro', 'sarad12', 'anxooo', 'cesarleo94', 'damianonetto', 'jeangabriel.chenard', 'emescape', 'd.c.yborde', 'sabelamv11', 'giorgiayang', 'alejandromataali', 'tuvieja88']",0,[],93,"['jlcjuli2', 'anapv177', 'lauravicente', 'saradiazr', 'wz347718', 'antia.santiago', 'sabela.fernandez.r', 'parduxen', 'gemmabf', 'sergiomartinez', 'roiaso', 'beluso13', 'nazaretgarciagonzalez', 'miguel.lozano.gonzalez', 'yjh01027952607', 'jorgeexpositopatino', 'atsui75', 'guillermo99', 'ritav', 'sergiocabana1999', 'ireneduinkerkenrodriguez', 'juliia.ou', 'raul292', 'danielm78', 'ivancambon3b', 'davidruiz', 'moshelem', 'marcobaleato', 'tomtomshoo', 'lctasende3', 'iagofacal', 'jacfomg', 'hrhlauraa', 'aaronrivasterron', 'nuriamjusc', 'saragonzalezmiguez', 'justin.hamel2', 'gablapo97', 'ivan1', 'pedro.montysen', 'davidcastano', 'jamesjuansierra', 'sbopp', 'jako91', 'jose5loureiro', 'almalr97', 'borja.bayon', 'costasdiego97', 'noeliaff', 'yagolemacapeans', 'josemanuel.alvarez.perez', 'luigig', 'cinthiarodrilande11', 'dumas.david.97', 'pablobucsan', 'evakolmel', 'myriam.blanchet07', 'stephania23', 'analorenzo', 'martin45720', 'miguelrecuna3c', 'euem789', 'sabe425', 'albersabo99', 'chaems322', 'foojorge', 'mariapl200896', 'lidiacarcedo', 'antiapc', 'piolin991099', 'martinotero', 'lgv', 'javivilladamigo', 'victorlopezpardo.liceo', 'andreairamas', 'resmi968', 'mmartinezsanchez', 'martin.mg98.10', 'marniesan', 'angietuset', 'sergiobalboabarreiro', 'sarad12', 'anxooo', 'cesarleo94', 'ainhoaab', 'damianonetto', 'jeangabriel.chenard', 'emescape', 'd.c.yborde', 'sabelamv11', 'giorgiayang', 'alejandromataali', 'tuvieja88']"
8,24,93,5,4,"['nuriamjusc', 'andreairamas', 'stephania23', 'hrhlauraa']",89,"['jlcjuli2', 'anapv177', 'lauravicente', 'saradiazr', 'wz347718', 'antia.santiago', 'sabela.fernandez.r', 'parduxen', 'gemmabf', 'sergiomartinez', 'roiaso', 'beluso13', 'nazaretgarciagonzalez', 'miguel.lozano.gonzalez', 'yjh01027952607', 'jorgeexpositopatino', 'atsui75', 'guillermo99', 'ritav', 'sergiocabana1999', 'ireneduinkerkenrodriguez', 'juliia.ou', 'raul292', 'danielm78', 'ivancambon3b', 'davidruiz', 'moshelem', 'marcobaleato', 'tomtomshoo', 'lctasende3', 'iagofacal', 'jacfomg', 'aaronrivasterron', 'saragonzalezmiguez', 'justin.hamel2', 'gablapo97', 'ivan1', 'pedro.montysen', 'davidcastano', 'jamesjuansierra', 'sbopp', 'jako91', 'jose5loureiro', 'almalr97', 'borja.bayon', 'costasdiego97', 'noeliaff', 'yagolemacapeans', 'josemanuel.alvarez.perez', 'luigig', 'cinthiarodrilande11', 'dumas.david.97', 'pablobucsan', 'evakolmel', 'myriam.blanchet07', 'analorenzo', 'martin45720', 'miguelrecuna3c', 'euem789', 'sabe425', 'albersabo99', 'chaems322', 'foojorge', 'mariapl200896', 'lidiacarcedo', 'antiapc', 'piolin991099', 'martinotero', 'lgv', 'javivilladamigo', 'victorlopezpardo.liceo', 'resmi968', 'mmartinezsanchez', 'martin.mg98.10', 'marniesan', 'angietuset', 'sergiobalboabarreiro', 'sarad12', 'anxooo', 'cesarleo94', 'ainhoaab', 'damianonetto', 'jeangabriel.chenard', 'emescape', 'd.c.yborde', 'sabelamv11', 'giorgiayang', 'alejandromataali', 'tuvieja88']",1,['xabierdoural'],94,"['jlcjuli2', 'anapv177', 'lauravicente', 'saradiazr', 'wz347718', 'antia.santiago', 'sabela.fernandez.r', 'parduxen', 'gemmabf', 'sergiomartinez', 'roiaso', 'beluso13', 'nazaretgarciagonzalez', 'miguel.lozano.gonzalez', 'yjh01027952607', 'jorgeexpositopatino', 'atsui75', 'guillermo99', 'ritav', 'sergiocabana1999', 'xabierdoural', 'ireneduinkerkenrodriguez', 'juliia.ou', 'raul292', 'danielm78', 'ivancambon3b', 'davidruiz', 'moshelem', 'marcobaleato', 'tomtomshoo', 'lctasende3', 'iagofacal', 'jacfomg', 'hrhlauraa', 'aaronrivasterron', 'nuriamjusc', 'saragonzalezmiguez', 'justin.hamel2', 'gablapo97', 'ivan1', 'pedro.montysen', 'davidcastano', 'jamesjuansierra', 'sbopp', 'jako91', 'jose5loureiro', 'almalr97', 'borja.bayon', 'costasdiego97', 'noeliaff', 'yagolemacapeans', 'josemanuel.alvarez.perez', 'luigig', 'cinthiarodrilande11', 'dumas.david.97', 'pablobucsan', 'evakolmel', 'myriam.blanchet07', 'stephania23', 'analorenzo', 'martin45720', 'miguelrecuna3c', 'euem789', 'sabe425', 'albersabo99', 'chaems322', 'foojorge', 'mariapl200896', 'lidiacarcedo', 'antiapc', 'piolin991099', 'martinotero', 'lgv', 'javivilladamigo', 'victorlopezpardo.liceo', 'andreairamas', 'resmi968', 'mmartinezsanchez', 'martin.mg98.10', 'marniesan', 'angietuset', 'sergiobalboabarreiro', 'sarad12', 'anxooo', 'cesarleo94', 'ainhoaab', 'damianonetto', 'jeangabriel.chenard', 'emescape', 'd.c.yborde', 'sabelamv11', 'giorgiayang', 'alejandromataali', 'tuvieja88']"
9,221,86,283,1,['pmcnutt2'],85,"['schumer2', 'sskala2', 'jlakomy2', 'lauraksluk', 'chguo2', 'mokamura98', 'zeruizhc', 'mahsab.alrahman009', 'ymyu2', 'azatar3', 'joelmieres', 'alekhb2', 'tsibley', 'meeraj2', 'loutris2', 'allibur', 'yoonjae3', 'mint', 'agrind2', 'magnaye2', 'teb4', 'bsutton3', 'aprudnik', 'rlee130', 'bremig2', 'vanshg2', 'jsterank', 'luketk2', 'rohanv2', 'trishag3', 'agdash', 'drli', 'jiapeiy2', 'xc29', 'said.maabed', 'alfadel2', 'bjchung', 'noahrh3', 'mderka3', 'hanankhan93', 'megangb2', 'ziruiw2', 'txyang2', 'alexmf2', 'aswett2', 'bshiang2', 'zvarley2', 'zyang2', 'mjwilkin', 'vvs3', 'konicek3', 'zg10', 'kacperr2', 'runzezhang', 'jll4', 'jtarnsan', 'jiming2', 'dl20', 'karthi.madhubalan', 'jornia2', 'michal3', 'hmpatel4', 'akshays6', 'ziweny', 'coleck2', 'jiaruil4', 'bmglaser', 'yilunwu', 'ncgalardi', 'jaeyong2', 'jamesshannon', 'roslend2', 'micahpr2', 'matteo1717', 'samuelf4', 'jcaulkin', 'xd8', 'arashakhavi', 'mpgrant001', 'huizhit2', 'jordanm7', 'jpyeon', 'juliawp2', 'weihangx', 'mochsend']",282,"['mmei', 'vritota', 'baqer', 'wingitalways', 'murattdo', 'm241617', 's16c028b', 'amandabrum', 'j176601', 'roiaso', 'poorar21', 'gazerlo', 'kaiseale', 'kaynegalie', 'ogandocortes', 'santox2000', 'u0916393', 'stiml1144', 'emani', 'mstff.1clkk', 'jrobinson5', 'lewisgf20', 'jbonez411', 'ogu0001', 'l201843', 'ftah', 'ervndgn59', 'alexander.lee', 'cheeseybacon', 'alexdallee17', 'madisonmiller', 'xiaokaizhong99', 'nsh0004', 'julianawallgren', 'hamastahir19', 'moshelem', 'jaycwilson23', 'ts992', 'ncm0007', 'a194117', 'terje', 'jef325', 'aingles', 'liqizhou', 'briann', 'kellen.wise', 'arif.ozkan5806', 'hrhlauraa', 'aaronrivasterron', 'trivellin', 'rosadourada9', 'hlong262', 'blane', 'aaroncoonu', 'justiejoseph', 'cartermchris1', 'ge.6cg7', 'chrixang18', 'iuri', 'd093641', 'mtakcali', 'sandip83', 'nicoladegiuseppe19', 'sabolton', 'maxguipil', 'v257028', 'aravindh', 'lenoirr', 'uuganbayaro', 'andrew217usmc', 'kayleneechong', 'tg2016', 'jeus63', 'garciacarrillojudith', 'mos_noob', 'anujgarg939', 'leeluanling123', 'kst48', 'zse0147', 'tudimubunmi', 'jschewinsky', 'deguirejasmin', 'lpentzke', 'cancetinkaya1201', 'sbentz', 'lerner', 'fredysanchez2', 'newele', 'drogalski', 'olivier35', 'nanobeam', 'i.lutticken', 'k.hildenbrand', 'eschruba', 'syoonhan', 'maxiasensio', 'yesimcakmakc', 'u1250344', 'julianyordano', 'cameronframpton', 'rossop', 'joshuabush', 'nbhat0792', 'wys142', 'mariapl200896', 'ulusoy2006', 'ethan.caballero', 'cacuy', 'jhahn95', 'matthew.jones98', 'huseyinu', 'hjp44', 'sebasmarquez90', 'amrita_lovelace', 'mollykole', 'avivlavan', 'daddysexual', 'cdutreil', 'plaggeme', 'jsanmartin1', 'nguyendaniel', 'dicef', 'rakaiit', 'burnett.william', 'kyenyarkolemuel', 'josemanuel3', 'nfranzoni', 'tserenkhand', 'santosalexis1817', 'davidr27', 'pw8', 'spazos7', 'mangabera10', 'tomasx', 'mahnoor.syed29', 'smontero', 'jequito', 'sungjoon.cho97', 'susannareggiani', 'anapv177', 'sholliday643', 'paezjuanagustin47', 'durgaprasadkhatri2011', 'clizarazo', 'yyerim', 'saradiazr', 'berrospidavid7', 'c195673', 'krusso448', 'u1089358', 'hjlim9612', 'j218711', 'theurgeboat', 'wdeaweqwdas', 'pspiotrowicz1', 'grantmorris656', 'fabio.aragao.santos', 'guillermo99', 'nickm', 'mtynski', 'cactusnoh', 'jake.m.hall876', 'jsathanand', 'bmirzapouebe', 'johndoe2341341243', 'annikadasher', 'panellink1', 'marcantoineduval', 't224622', 'magnoliajasper', 'raul292', 'choudh23', 'rylandkate', 'lkipfer', 'mrtmert98', 'halilibrahimtiken', 'charles.dambra', 'also0714', 'emreyilmazel1996', 'testeremre70', 'arno.yu610168', 'lctasende3', 'heatherleaf', 'fedele.penna', 'pkj71794g', 'hj980217', 'sd226', 'nuriamjusc', 'thboth', 'sarah.youssef', 'ashishchr', 'yorkiiii', 'ol_ac', 'cibranlpz', 'joejfranzo', 'jack522577', 'jimenezph', 'olga.casals', 'mrbunnyman', 'fatanehjenabi', 'dolaydemirel', 'andresaraiva', 'man6787', 'gabriel.pzanoni', 'jako91', 'd33r00', 'danielclapp99', 'fafrin2', 'jeption2025', 's16c045b', 'arianebarreto', 'borja.bayon', 'costasdiego97', 'phhuang', 'kmerino', 'asdksnfksfkmd', 'johnganiban', 'elena.gnani', 'xiaoyuzhang', 'evakolmel', 'thomasspradley', '8223freret', 'retrewtewrt', 'jdgerling', 'psuzhouy', 'sqlim94', 'fpincock', 'asif0047', 'mrgiraffe', 'abaringer', 'sungjooncho', 'lobsterben13', 'dongmingli', 'm203442', 'sabe425', 'longstreetjacob', 'sebrobarts', 'anshshah2011', 'oktayhalitekinay', 'kodurur', 'philippeblaise', 'omarloay99', 'ee17resch11016', 'ege.ert7', 'eminasuljic', 'alirose12', 'haren22', 'martinotero', 'u6007941', 'rynk.john', 'miguelcb', 'reuben90', 'r207733', 'npatta.1986', 'ana23', 'octoman1080x', 'maria.irausquin', 'aldanafloyd', 'vincentdoucet22', 'lorenzoholguin12', 'martin.mg98.10', 'ronitronit119', 'felipemachado', 'elel30182', 'kianamon', 'rajsingh', 'cninja99', 'hcha71', 'nmorgan1', 'lokesht123', 'ainhoaab', 'anxooo', 'damianonetto', 'zepfan026', 'burak9836', 'chastintruelove', 'semmi.spado00', 'cbandel', 'enhjinhanabi', 'f215766', 'jason.earl', 'caseyamick']",368,"['schumer2', 'baqer', 'wingitalways', 'murattdo', 's16c028b', 'amandabrum', 'j176601', 'jlakomy2', 'chguo2', 'kaiseale', 'kaynegalie', 'zeruizhc', 'mahsab.alrahman009', 'ogu0001', 'l201843', 'azatar3', 'joelmieres', 'cheeseybacon', 'madisonmiller', 'hamastahir19', 'alekhb2', 'jaycwilson23', 'jef325', 'tsibley', 'aingles', 'briann', 'arif.ozkan5806', 'aaronrivasterron', 'allibur', 'justiejoseph', 'cartermchris1', 'ge.6cg7', 'chrixang18', 'agrind2', 'iuri', 'd093641', 'mtakcali', 'nicoladegiuseppe19', 'sabolton', 'maxguipil', 'v257028', 'uuganbayaro', 'lenoirr', 'andrew217usmc', 'tg2016', 'jeus63', 'aprudnik', 'anujgarg939', 'leeluanling123', 'tudimubunmi', 'vanshg2', 'deguirejasmin', 'lpentzke', 'cancetinkaya1201', 'fredysanchez2', 'newele', 'jsterank', 'drogalski', 'olivier35', 'luketk2', 'i.lutticken', 'eschruba', 'julianyordano', 'maxiasensio', 'u1250344', 'wys142', 'agdash', 'mariapl200896', 'ulusoy2006', 'ethan.caballero', 'xc29', 'said.maabed', 'bjchung', 'jhahn95', 'matthew.jones98', 'huseyinu', 'sebasmarquez90', 'hanankhan93', 'cdutreil', 'ziruiw2', 'plaggeme', 'dicef', 'rakaiit', 'burnett.william', 'kyenyarkolemuel', 'aswett2', 'tserenkhand', 'bshiang2', 'santosalexis1817', 'zvarley2', 'pw8', 'mangabera10', 'smontero', 'jequito', 'zyang2', 'sungjoon.cho97', 'susannareggiani', 'anapv177', 'sholliday643', 'paezjuanagustin47', 'konicek3', 'kacperr2', 'yyerim', 'jtarnsan', 'c195673', 'dl20', 'karthi.madhubalan', 'u1089358', 'jornia2', 'akshays6', 'grantmorris656', 'guillermo99', 'jake.m.hall876', 'coleck2', 'johndoe2341341243', 'jiaruil4', 'annikadasher', 'marcantoineduval', 'magnoliajasper', 'bmglaser', 'lkipfer', 'halilibrahimtiken', 'charles.dambra', 'also0714', 'yilunwu', 'arno.yu610168', 'heatherleaf', 'fedele.penna', 'pkj71794g', 'hj980217', 'sd226', 'thboth', 'ashishchr', 'ncgalardi', 'cibranlpz', 'joejfranzo', 'jimenezph', 'andresaraiva', 'roslend2', 'jako91', 'danielclapp99', 'fafrin2', 'samuelf4', 'phhuang', 'evakolmel', 'retrewtewrt', 'psuzhouy', 'fpincock', 'asif0047', 'mrgiraffe', 'jcaulkin', 'sungjooncho', 'anshshah2011', 'oktayhalitekinay', 'u6007941', 'huizhit2', 'pmcnutt2', 'rynk.john', 'miguelcb', 'ana23', 'maria.irausquin', 'aldanafloyd', 'lorenzoholguin12', 'martin.mg98.10', 'kianamon', 'rajsingh', 'cninja99', 'lokesht123', 'ainhoaab', 'zepfan026', 'burak9836', 'chastintruelove', 'semmi.spado00', 'enhjinhanabi', 'f215766', 'caseyamick', 'mmei', 'vritota', 'sskala2', 'm241617', 'lauraksluk', 'poorar21', 'roiaso', 'mokamura98', 'gazerlo', 'ogandocortes', 'santox2000', 'u0916393', 'stiml1144', 'emani', 'mstff.1clkk', 'jrobinson5', 'lewisgf20', 'jbonez411', 'ervndgn59', 'ymyu2', 'ftah', 'alexander.lee', 'alexdallee17', 'xiaokaizhong99', 'nsh0004', 'julianawallgren', 'moshelem', 'ts992', 'ncm0007', 'a194117', 'meeraj2', 'terje', 'liqizhou', 'kellen.wise', 'loutris2', 'hrhlauraa', 'trivellin', 'rosadourada9', 'hlong262', 'blane', 'yoonjae3', 'aaroncoonu', 'yorkiiii', 'mint', 'sandip83', 'aravindh', 'magnaye2', 'kayleneechong', 'teb4', 'bsutton3', 'mos_noob', 'garciacarrillojudith', 'rlee130', 'kst48', 'bremig2', 'zse0147', 'jschewinsky', 'sbentz', 'lerner', 'nanobeam', 'rohanv2', 'k.hildenbrand', 'yesimcakmakc', 'trishag3', 'syoonhan', 'cameronframpton', 'rossop', 'joshuabush', 'nbhat0792', 'drli', 'jiapeiy2', 'noahrh3', 'mderka3', 'alfadel2', 'cacuy', 'hjp44', 'amrita_lovelace', 'megangb2', 'mollykole', 'avivlavan', 'daddysexual', 'jsanmartin1', 'txyang2', 'nguyendaniel', 'alexmf2', 'josemanuel3', 'nfranzoni', 'davidr27', 'spazos7', 'tomasx', 'mahnoor.syed29', 'mjwilkin', 'vvs3', 'durgaprasadkhatri2011', 'zg10', 'clizarazo', 'saradiazr', 'berrospidavid7', 'runzezhang', 'jll4', 'jiming2', 'krusso448', 'hjlim9612', 'michal3', 'j218711', 'theurgeboat', 'hmpatel4', 'wdeaweqwdas', 'pspiotrowicz1', 'fabio.aragao.santos', 'nickm', 'mtynski', 'cactusnoh', 'jsathanand', 'ziweny', 'bmirzapouebe', 'panellink1', 't224622', 'raul292', 'choudh23', 'rylandkate', 'mrtmert98', 'emreyilmazel1996', 'testeremre70', 'lctasende3', 'nuriamjusc', 'sarah.youssef', 'ol_ac', 'jaeyong2', 'jamesshannon', 'jack522577', 'olga.casals', 'mrbunnyman', 'fatanehjenabi', 'dolaydemirel', 'man6787', 'gabriel.pzanoni', 'micahpr2', 'd33r00', 'jeption2025', 's16c045b', 'arianebarreto', 'borja.bayon', 'matteo1717', 'costasdiego97', 'kmerino', 'asdksnfksfkmd', 'johnganiban', 'elena.gnani', 'xiaoyuzhang', 'thomasspradley', '8223freret', 'jdgerling', 'sqlim94', 'abaringer', 'xd8', 'lobsterben13', 'dongmingli', 'm203442', 'sabe425', 'longstreetjacob', 'sebrobarts', 'arashakhavi', 'kodurur', 'philippeblaise', 'omarloay99', 'ee17resch11016', 'ege.ert7', 'eminasuljic', 'mpgrant001', 'alirose12', 'haren22', 'martinotero', 'jordanm7', 'r207733', 'reuben90', 'jpyeon', 'npatta.1986', 'octoman1080x', 'vincentdoucet22', 'ronitronit119', 'felipemachado', 'elel30182', 'juliawp2', 'hcha71', 'nmorgan1', 'anxooo', 'damianonetto', 'weihangx', 'cbandel', 'jason.earl', 'mochsend']"
9,181,86,42,1,['juliawp2'],85,"['schumer2', 'sskala2', 'jlakomy2', 'lauraksluk', 'chguo2', 'mokamura98', 'zeruizhc', 'mahsab.alrahman009', 'ymyu2', 'azatar3', 'joelmieres', 'alekhb2', 'tsibley', 'meeraj2', 'loutris2', 'allibur', 'yoonjae3', 'mint', 'agrind2', 'magnaye2', 'teb4', 'bsutton3', 'aprudnik', 'rlee130', 'bremig2', 'vanshg2', 'jsterank', 'luketk2', 'rohanv2', 'trishag3', 'agdash', 'drli', 'jiapeiy2', 'xc29', 'said.maabed', 'alfadel2', 'bjchung', 'noahrh3', 'mderka3', 'hanankhan93', 'megangb2', 'ziruiw2', 'txyang2', 'alexmf2', 'aswett2', 'bshiang2', 'zvarley2', 'zyang2', 'mjwilkin', 'vvs3', 'konicek3', 'zg10', 'kacperr2', 'runzezhang', 'jll4', 'jtarnsan', 'jiming2', 'dl20', 'karthi.madhubalan', 'jornia2', 'michal3', 'hmpatel4', 'akshays6', 'ziweny', 'coleck2', 'jiaruil4', 'bmglaser', 'yilunwu', 'ncgalardi', 'jaeyong2', 'jamesshannon', 'roslend2', 'micahpr2', 'matteo1717', 'samuelf4', 'jcaulkin', 'xd8', 'arashakhavi', 'mpgrant001', 'huizhit2', 'pmcnutt2', 'jordanm7', 'jpyeon', 'weihangx', 'mochsend']",41,"['nwa2', 'jaredf2', 'efalse2', 'xinzhih2', 'aaguero2', 'eoh23', 'benvau2', 'zainab2', 'ssibi2', 'msiddi60', 'bnw4', 'msolis27', 'ryanlim2', 'hyunbin2', 'wrishk2', 'dhamill2', 'jacobt6', 'boyazhu2', 'sendres2', 'torsr2', 'yuchang3', 'ryusuke2', 'ddejong2', 'hanlinw3', 'jalies2', 'fulcrum', 'chyu3', 'anm9', 'jheaton3', 'dcudzi2', 'jinyang9', 'kirajm2', 'aleahht2', 'shawnc2', 'jrange23', 'nk13', 'sali93', 'iajifo2', 'mrc13', 'malonzo2', 'niharrm2']",127,"['schumer2', 'mjwilkin', 'vvs3', 'jaredf2', 'sskala2', 'konicek3', 'zg10', 'kacperr2', 'xinzhih2', 'runzezhang', 'jll4', 'aaguero2', 'jlakomy2', 'jtarnsan', 'jiming2', 'dl20', 'karthi.madhubalan', 'jornia2', 'lauraksluk', 'michal3', 'eoh23', 'mokamura98', 'chguo2', 'hmpatel4', 'akshays6', 'zeruizhc', 'ssibi2', 'msiddi60', 'mahsab.alrahman009', 'ziweny', 'coleck2', 'ymyu2', 'msolis27', 'ryanlim2', 'jiaruil4', 'jacobt6', 'azatar3', 'joelmieres', 'bmglaser', 'sendres2', 'alekhb2', 'yilunwu', 'hanlinw3', 'tsibley', 'meeraj2', 'jalies2', 'chyu3', 'anm9', 'loutris2', 'allibur', 'jheaton3', 'yoonjae3', 'ncgalardi', 'jinyang9', 'mint', 'agrind2', 'aleahht2', 'jaeyong2', 'jamesshannon', 'sali93', 'magnaye2', 'roslend2', 'teb4', 'iajifo2', 'micahpr2', 'mrc13', 'bsutton3', 'malonzo2', 'niharrm2', 'aprudnik', 'matteo1717', 'rlee130', 'samuelf4', 'nwa2', 'efalse2', 'bremig2', 'vanshg2', 'jsterank', 'luketk2', 'jcaulkin', 'rohanv2', 'xd8', 'trishag3', 'benvau2', 'zainab2', 'arashakhavi', 'bnw4', 'agdash', 'hyunbin2', 'wrishk2', 'drli', 'boyazhu2', 'dhamill2', 'mpgrant001', 'jiapeiy2', 'xc29', 'said.maabed', 'alfadel2', 'bjchung', 'noahrh3', 'mderka3', 'huizhit2', 'pmcnutt2', 'hanankhan93', 'jordanm7', 'megangb2', 'jpyeon', 'torsr2', 'yuchang3', 'ryusuke2', 'ddejong2', 'fulcrum', 'ziruiw2', 'txyang2', 'dcudzi2', 'juliawp2', 'kirajm2', 'alexmf2', 'shawnc2', 'jrange23', 'aswett2', 'weihangx', 'nk13', 'bshiang2', 'zvarley2', 'zyang2', 'mochsend']"
9,22,86,16,13,"['noahrh3', 'alexmf2', 'vvs3', 'jordanm7', 'aswett2', 'jll4', 'ziruiw2', 'micahpr2', 'dl20', 'jornia2', 'allibur', 'hmpatel4', 'jiapeiy2']",73,"['schumer2', 'mjwilkin', 'sskala2', 'konicek3', 'zg10', 'kacperr2', 'runzezhang', 'jlakomy2', 'jtarnsan', 'jiming2', 'karthi.madhubalan', 'lauraksluk', 'michal3', 'mokamura98', 'chguo2', 'akshays6', 'zeruizhc', 'mahsab.alrahman009', 'ziweny', 'coleck2', 'ymyu2', 'jiaruil4', 'azatar3', 'joelmieres', 'bmglaser', 'alekhb2', 'yilunwu', 'tsibley', 'meeraj2', 'loutris2', 'yoonjae3', 'ncgalardi', 'mint', 'agrind2', 'jaeyong2', 'jamesshannon', 'magnaye2', 'roslend2', 'teb4', 'bsutton3', 'aprudnik', 'matteo1717', 'rlee130', 'samuelf4', 'bremig2', 'vanshg2', 'jsterank', 'luketk2', 'jcaulkin', 'rohanv2', 'xd8', 'trishag3', 'arashakhavi', 'agdash', 'drli', 'mpgrant001', 'xc29', 'said.maabed', 'alfadel2', 'bjchung', 'mderka3', 'huizhit2', 'pmcnutt2', 'hanankhan93', 'megangb2', 'jpyeon', 'txyang2', 'juliawp2', 'weihangx', 'bshiang2', 'zvarley2', 'zyang2', 'mochsend']",3,"['pw8', 'aldolp2', 'jkelle30']",89,"['schumer2', 'mjwilkin', 'vvs3', 'sskala2', 'konicek3', 'zg10', 'kacperr2', 'runzezhang', 'jll4', 'jlakomy2', 'jtarnsan', 'jiming2', 'dl20', 'karthi.madhubalan', 'jornia2', 'lauraksluk', 'michal3', 'mokamura98', 'chguo2', 'hmpatel4', 'akshays6', 'zeruizhc', 'mahsab.alrahman009', 'ziweny', 'coleck2', 'ymyu2', 'jiaruil4', 'azatar3', 'joelmieres', 'bmglaser', 'alekhb2', 'yilunwu', 'tsibley', 'meeraj2', 'loutris2', 'allibur', 'yoonjae3', 'ncgalardi', 'mint', 'agrind2', 'aldolp2', 'jaeyong2', 'jamesshannon', 'magnaye2', 'roslend2', 'teb4', 'micahpr2', 'bsutton3', 'aprudnik', 'matteo1717', 'rlee130', 'samuelf4', 'bremig2', 'vanshg2', 'jsterank', 'luketk2', 'jcaulkin', 'rohanv2', 'xd8', 'trishag3', 'arashakhavi', 'agdash', 'drli', 'mpgrant001', 'jiapeiy2', 'xc29', 'said.maabed', 'alfadel2', 'bjchung', 'noahrh3', 'mderka3', 'huizhit2', 'pmcnutt2', 'hanankhan93', 'jordanm7', 'megangb2', 'jpyeon', 'jkelle30', 'ziruiw2', 'txyang2', 'juliawp2', 'alexmf2', 'aswett2', 'weihangx', 'bshiang2', 'zvarley2', 'pw8', 'zyang2', 'mochsend']"
9,109,86,16,14,"['bmglaser', 'mjwilkin', 'bjchung', 'zyang2', 'tsibley', 'zvarley2', 'jtarnsan', 'ziweny', 'lauraksluk', 'jsterank', 'aprudnik', 'mokamura98', 'mochsend', 'jcaulkin']",72,"['schumer2', 'vvs3', 'sskala2', 'konicek3', 'zg10', 'kacperr2', 'runzezhang', 'jll4', 'jlakomy2', 'jiming2', 'dl20', 'karthi.madhubalan', 'jornia2', 'michal3', 'chguo2', 'hmpatel4', 'akshays6', 'zeruizhc', 'mahsab.alrahman009', 'coleck2', 'ymyu2', 'jiaruil4', 'azatar3', 'joelmieres', 'alekhb2', 'yilunwu', 'meeraj2', 'loutris2', 'allibur', 'yoonjae3', 'ncgalardi', 'mint', 'agrind2', 'jaeyong2', 'jamesshannon', 'magnaye2', 'roslend2', 'teb4', 'micahpr2', 'bsutton3', 'matteo1717', 'rlee130', 'samuelf4', 'bremig2', 'vanshg2', 'luketk2', 'rohanv2', 'xd8', 'trishag3', 'arashakhavi', 'agdash', 'drli', 'mpgrant001', 'jiapeiy2', 'xc29', 'said.maabed', 'alfadel2', 'noahrh3', 'mderka3', 'huizhit2', 'pmcnutt2', 'hanankhan93', 'jordanm7', 'megangb2', 'jpyeon', 'ziruiw2', 'txyang2', 'juliawp2', 'alexmf2', 'aswett2', 'weihangx', 'bshiang2']",2,"['anqiq66', 'eaholm']",88,"['schumer2', 'mjwilkin', 'anqiq66', 'vvs3', 'sskala2', 'konicek3', 'zg10', 'kacperr2', 'runzezhang', 'jll4', 'jlakomy2', 'jtarnsan', 'jiming2', 'dl20', 'karthi.madhubalan', 'jornia2', 'lauraksluk', 'michal3', 'mokamura98', 'chguo2', 'hmpatel4', 'akshays6', 'zeruizhc', 'mahsab.alrahman009', 'ziweny', 'coleck2', 'ymyu2', 'jiaruil4', 'azatar3', 'joelmieres', 'bmglaser', 'alekhb2', 'yilunwu', 'eaholm', 'tsibley', 'meeraj2', 'loutris2', 'allibur', 'yoonjae3', 'ncgalardi', 'mint', 'agrind2', 'jaeyong2', 'jamesshannon', 'magnaye2', 'roslend2', 'teb4', 'micahpr2', 'bsutton3', 'aprudnik', 'matteo1717', 'rlee130', 'samuelf4', 'bremig2', 'vanshg2', 'jsterank', 'luketk2', 'jcaulkin', 'rohanv2', 'xd8', 'trishag3', 'arashakhavi', 'agdash', 'drli', 'mpgrant001', 'jiapeiy2', 'xc29', 'said.maabed', 'alfadel2', 'bjchung', 'noahrh3', 'mderka3', 'huizhit2', 'pmcnutt2', 'hanankhan93', 'jordanm7', 'megangb2', 'jpyeon', 'ziruiw2', 'txyang2', 'juliawp2', 'alexmf2', 'aswett2', 'weihangx', 'bshiang2', 'zvarley2', 'zyang2', 'mochsend']"
9,110,86,12,5,"['ncgalardi', 'matteo1717', 'jamesshannon', 'arashakhavi', 'mpgrant001']",81,"['schumer2', 'mjwilkin', 'vvs3', 'sskala2', 'konicek3', 'zg10', 'kacperr2', 'runzezhang', 'jll4', 'jlakomy2', 'jtarnsan', 'jiming2', 'dl20', 'karthi.madhubalan', 'jornia2', 'lauraksluk', 'michal3', 'mokamura98', 'chguo2', 'hmpatel4', 'akshays6', 'zeruizhc', 'mahsab.alrahman009', 'ziweny', 'coleck2', 'ymyu2', 'jiaruil4', 'azatar3', 'joelmieres', 'bmglaser', 'alekhb2', 'yilunwu', 'tsibley', 'meeraj2', 'loutris2', 'allibur', 'yoonjae3', 'mint', 'agrind2', 'jaeyong2', 'magnaye2', 'roslend2', 'teb4', 'micahpr2', 'bsutton3', 'aprudnik', 'rlee130', 'samuelf4', 'bremig2', 'vanshg2', 'jsterank', 'luketk2', 'jcaulkin', 'rohanv2', 'xd8', 'trishag3', 'agdash', 'drli', 'jiapeiy2', 'xc29', 'said.maabed', 'alfadel2', 'bjchung', 'noahrh3', 'mderka3', 'huizhit2', 'pmcnutt2', 'hanankhan93', 'jordanm7', 'megangb2', 'jpyeon', 'ziruiw2', 'txyang2', 'juliawp2', 'alexmf2', 'aswett2', 'weihangx', 'bshiang2', 'zvarley2', 'zyang2', 'mochsend']",7,"['kmlochun', 'mbkivy', 'madiglozer', 'ajleida', 'abirken', 'emiliochausse', 'dreihaneh']",93,"['schumer2', 'mjwilkin', 'vvs3', 'sskala2', 'konicek3', 'zg10', 'kacperr2', 'madiglozer', 'runzezhang', 'jll4', 'jlakomy2', 'jtarnsan', 'jiming2', 'dl20', 'karthi.madhubalan', 'jornia2', 'lauraksluk', 'michal3', 'mokamura98', 'chguo2', 'hmpatel4', 'akshays6', 'zeruizhc', 'mahsab.alrahman009', 'ziweny', 'coleck2', 'ymyu2', 'jiaruil4', 'azatar3', 'joelmieres', 'bmglaser', 'kmlochun', 'alekhb2', 'yilunwu', 'tsibley', 'meeraj2', 'loutris2', 'allibur', 'yoonjae3', 'ncgalardi', 'mint', 'agrind2', 'jaeyong2', 'jamesshannon', 'magnaye2', 'roslend2', 'teb4', 'micahpr2', 'emiliochausse', 'bsutton3', 'aprudnik', 'matteo1717', 'rlee130', 'samuelf4', 'bremig2', 'vanshg2', 'dreihaneh', 'jsterank', 'luketk2', 'jcaulkin', 'rohanv2', 'xd8', 'trishag3', 'arashakhavi', 'agdash', 'drli', 'mpgrant001', 'jiapeiy2', 'xc29', 'said.maabed', 'alfadel2', 'bjchung', 'noahrh3', 'mderka3', 'huizhit2', 'pmcnutt2', 'hanankhan93', 'jordanm7', 'megangb2', 'jpyeon', 'mbkivy', 'ajleida', 'ziruiw2', 'txyang2', 'juliawp2', 'alexmf2', 'aswett2', 'weihangx', 'bshiang2', 'abirken', 'zvarley2', 'zyang2', 'mochsend']"
9,23,86,6,4,"['kacperr2', 'luketk2', 'bremig2', 'loutris2']",82,"['schumer2', 'mjwilkin', 'vvs3', 'sskala2', 'konicek3', 'zg10', 'runzezhang', 'jll4', 'jlakomy2', 'jtarnsan', 'jiming2', 'dl20', 'karthi.madhubalan', 'jornia2', 'lauraksluk', 'michal3', 'mokamura98', 'chguo2', 'hmpatel4', 'akshays6', 'zeruizhc', 'mahsab.alrahman009', 'ziweny', 'coleck2', 'ymyu2', 'jiaruil4', 'azatar3', 'joelmieres', 'bmglaser', 'alekhb2', 'yilunwu', 'tsibley', 'meeraj2', 'allibur', 'yoonjae3', 'ncgalardi', 'mint', 'agrind2', 'jaeyong2', 'jamesshannon', 'magnaye2', 'roslend2', 'teb4', 'micahpr2', 'bsutton3', 'aprudnik', 'matteo1717', 'rlee130', 'samuelf4', 'vanshg2', 'jsterank', 'jcaulkin', 'rohanv2', 'xd8', 'trishag3', 'arashakhavi', 'agdash', 'drli', 'mpgrant001', 'jiapeiy2', 'xc29', 'said.maabed', 'alfadel2', 'bjchung', 'noahrh3', 'mderka3', 'huizhit2', 'pmcnutt2', 'hanankhan93', 'jordanm7', 'megangb2', 'jpyeon', 'ziruiw2', 'txyang2', 'juliawp2', 'alexmf2', 'aswett2', 'weihangx', 'bshiang2', 'zvarley2', 'zyang2', 'mochsend']",2,"['pgardo2', 'asyang3']",88,"['schumer2', 'mjwilkin', 'vvs3', 'sskala2', 'konicek3', 'zg10', 'kacperr2', 'runzezhang', 'jll4', 'jlakomy2', 'jtarnsan', 'jiming2', 'dl20', 'karthi.madhubalan', 'jornia2', 'lauraksluk', 'michal3', 'mokamura98', 'chguo2', 'hmpatel4', 'akshays6', 'zeruizhc', 'pgardo2', 'mahsab.alrahman009', 'ziweny', 'coleck2', 'ymyu2', 'jiaruil4', 'azatar3', 'joelmieres', 'bmglaser', 'alekhb2', 'yilunwu', 'tsibley', 'meeraj2', 'loutris2', 'allibur', 'yoonjae3', 'ncgalardi', 'mint', 'agrind2', 'jaeyong2', 'jamesshannon', 'magnaye2', 'roslend2', 'teb4', 'micahpr2', 'bsutton3', 'aprudnik', 'matteo1717', 'rlee130', 'samuelf4', 'asyang3', 'bremig2', 'vanshg2', 'jsterank', 'luketk2', 'jcaulkin', 'rohanv2', 'xd8', 'trishag3', 'arashakhavi', 'agdash', 'drli', 'mpgrant001', 'jiapeiy2', 'xc29', 'said.maabed', 'alfadel2', 'bjchung', 'noahrh3', 'mderka3', 'huizhit2', 'pmcnutt2', 'hanankhan93', 'jordanm7', 'megangb2', 'jpyeon', 'ziruiw2', 'txyang2', 'juliawp2', 'alexmf2', 'aswett2', 'weihangx', 'bshiang2', 'zvarley2', 'zyang2', 'mochsend']"
9,230,86,6,2,"['aswett2', 'pmcnutt2']",84,"['schumer2', 'mjwilkin', 'vvs3', 'sskala2', 'konicek3', 'zg10', 'kacperr2', 'runzezhang', 'jll4', 'jlakomy2', 'jtarnsan', 'jiming2', 'dl20', 'karthi.madhubalan', 'jornia2', 'lauraksluk', 'michal3', 'mokamura98', 'chguo2', 'hmpatel4', 'akshays6', 'zeruizhc', 'mahsab.alrahman009', 'ziweny', 'coleck2', 'ymyu2', 'jiaruil4', 'azatar3', 'joelmieres', 'bmglaser', 'alekhb2', 'yilunwu', 'tsibley', 'meeraj2', 'loutris2', 'allibur', 'yoonjae3', 'ncgalardi', 'mint', 'agrind2', 'jaeyong2', 'jamesshannon', 'magnaye2', 'roslend2', 'teb4', 'micahpr2', 'bsutton3', 'aprudnik', 'matteo1717', 'rlee130', 'samuelf4', 'bremig2', 'vanshg2', 'jsterank', 'luketk2', 'jcaulkin', 'rohanv2', 'xd8', 'trishag3', 'arashakhavi', 'agdash', 'drli', 'mpgrant001', 'jiapeiy2', 'xc29', 'said.maabed', 'alfadel2', 'bjchung', 'noahrh3', 'mderka3', 'huizhit2', 'hanankhan93', 'jordanm7', 'megangb2', 'jpyeon', 'ziruiw2', 'txyang2', 'juliawp2', 'alexmf2', 'weihangx', 'bshiang2', 'zvarley2', 'zyang2', 'mochsend']",4,"['pw8', 'spazos7', 'jkelle30', 'susannareggiani']",90,"['schumer2', 'mjwilkin', 'vvs3', 'sskala2', 'konicek3', 'zg10', 'kacperr2', 'runzezhang', 'jll4', 'jlakomy2', 'jtarnsan', 'jiming2', 'dl20', 'karthi.madhubalan', 'jornia2', 'lauraksluk', 'michal3', 'mokamura98', 'chguo2', 'hmpatel4', 'akshays6', 'zeruizhc', 'mahsab.alrahman009', 'ziweny', 'coleck2', 'ymyu2', 'jiaruil4', 'azatar3', 'joelmieres', 'susannareggiani', 'bmglaser', 'alekhb2', 'yilunwu', 'tsibley', 'meeraj2', 'loutris2', 'allibur', 'yoonjae3', 'ncgalardi', 'mint', 'agrind2', 'jaeyong2', 'jamesshannon', 'magnaye2', 'roslend2', 'teb4', 'micahpr2', 'bsutton3', 'aprudnik', 'matteo1717', 'rlee130', 'samuelf4', 'bremig2', 'vanshg2', 'jsterank', 'luketk2', 'jcaulkin', 'rohanv2', 'xd8', 'trishag3', 'arashakhavi', 'agdash', 'drli', 'mpgrant001', 'jiapeiy2', 'xc29', 'said.maabed', 'alfadel2', 'bjchung', 'noahrh3', 'mderka3', 'huizhit2', 'pmcnutt2', 'hanankhan93', 'jordanm7', 'megangb2', 'jpyeon', 'jkelle30', 'ziruiw2', 'txyang2', 'juliawp2', 'alexmf2', 'aswett2', 'weihangx', 'bshiang2', 'zvarley2', 'pw8', 'spazos7', 'zyang2', 'mochsend']"
10,47,84,30,1,['shungshung1219'],83,"['koayhong', 'teohting', 'khooshengxuan', 'ghazwanabd552', 'alva150', 'pavelspaliv', 's3716309', 'nurulsabrina1910', 'hkdewa_01', 'stanlox', 'tzekianooi', 's3759671', 'valerii', 'joupei', 'sachin_wicks', 'tinggf', 'vinh_le_quang_1999', 'puiyumlum', 'vadim_mankov', 'bpng', 'siudin1', 's3754338', 'othmanhanafi', 'shunxiong58', 'zhejie95', 'ilyabelor88', 'zafriazman', 'sadiaafrin1704', 'edwardlollyphone', 'chokyongsheng', 'atomfti', 'alaakadhim', 'haseebahmed9890', 'soonchong2013', 'muhammad.naziiruddin', 'syasyafarina17', 'weiqilee02', 'alankhng', 's3653997', 'munirahshamlan', 'clphuah', 'leeshuang', 'najmuddin', 's3743258', 'gowthamipachila', 'prashanthpoobalan', 'sachindesilva914', 'imanchow2', 'tanzhiwei94', 'anwar.aj', 'taha_mosfet', 'zcan11', 'carrillo.omar30', 'quyennguyen', 'sekur11', 'yuhchyn95', 'daveclifford95', 'alkufeemaher', 'syazwanazulkhairi', 'leva.mfkmn2000', 's3697879', 'selcukozcan26', 'eng.anwar.aj', 'lausheng', 'daisaifei', 'chnglyn', 'frosjie', 's3695683', 'nxddymuslim', 's3746851', 'lamle', 'mazohaka', 'adibmddan21', 'saumith', 's3678505', 'zhengyu951108', 'mtisohan', 'yapyoonheng', 'pkjricky2', 'uyennp99', 'cheyang', 'jimyu', 'dmitrii']",29,"['jryang333', 'darkfalling931002', 'phhuang', 'zong_po', 'ytliaoncu', 'edward.yen88', 'jiff560', 'chen861024', 'a6634141009', 'kangyan884', 'peter341007', 'weihong', 'unolily', 'vickyy50536', 'kang1216', 'yzyx1998081052', 'aa097879089719971231', 'arno.yu610168', 'olipeoplee', 'weiwei30619', 'qixian8765', 'frankpeng12345', 'ha654321ha654321', 'hj65419811', 'jack522577', 'alan69475a', 'chiayen', 'osteven5706', 'cmrr32171']",113,"['leeshuang', 'najmuddin', 'darkfalling931002', 's3743258', 'ytliaoncu', 'gowthamipachila', 'prashanthpoobalan', 'teohting', 'koayhong', 'sachindesilva914', 'edward.yen88', 'jiff560', 'khooshengxuan', 'imanchow2', 'tanzhiwei94', 'anwar.aj', 'ghazwanabd552', 'alva150', 'pavelspaliv', 'taha_mosfet', 'zcan11', 'kangyan884', 's3716309', 'nurulsabrina1910', 'carrillo.omar30', 'quyennguyen', 'sekur11', 'hkdewa_01', 'stanlox', 'kang1216', 'yzyx1998081052', 'yuhchyn95', 'daveclifford95', 'tzekianooi', 'aa097879089719971231', 'alkufeemaher', 'syazwanazulkhairi', 'arno.yu610168', 's3759671', 'leva.mfkmn2000', 'olipeoplee', 'valerii', 'joupei', 'qixian8765', 'jack522577', 'sachin_wicks', 's3697879', 'chiayen', 'osteven5706', 'cmrr32171', 'tinggf', 'vinh_le_quang_1999', 'selcukozcan26', 'jryang333', 'puiyumlum', 'eng.anwar.aj', 'phhuang', 'zong_po', 'lausheng', 'vadim_mankov', 'bpng', 'siudin1', 'daisaifei', 's3754338', 'othmanhanafi', 'shunxiong58', 'chnglyn', 'frosjie', 'zhejie95', 'chen861024', 'ilyabelor88', 'a6634141009', 'zafriazman', 'sadiaafrin1704', 'edwardlollyphone', 'shungshung1219', 'chokyongsheng', 'peter341007', 's3695683', 'weihong', 'unolily', 'vickyy50536', 'nxddymuslim', 's3746851', 'atomfti', 'alaakadhim', 'lamle', 'haseebahmed9890', 'mazohaka', 'adibmddan21', 'soonchong2013', 'muhammad.naziiruddin', 'saumith', 's3678505', 'zhengyu951108', 'mtisohan', 'yapyoonheng', 'pkjricky2', 'weiwei30619', 'frankpeng12345', 'syasyafarina17', 'ha654321ha654321', 'hj65419811', 'weiqilee02', 'alankhng', 'uyennp99', 'cheyang', 'jimyu', 'alan69475a', 's3653997', 'dmitrii', 'munirahshamlan', 'clphuah']"
10,160,84,26,25,"['leeshuang', 'najmuddin', 'prashanthpoobalan', 'teohting', 'khooshengxuan', 'tanzhiwei94', 'bpng', 'shunxiong58', 'zhejie95', 'chokyongsheng', 'yuhchyn95', 'daveclifford95', 'nxddymuslim', 'tzekianooi', 'syazwanazulkhairi', 'adibmddan21', 'soonchong2013', 'zhengyu951108', 'yapyoonheng', 'syasyafarina17', 'weiqilee02', 'alankhng', 'jimyu', 'munirahshamlan', 'clphuah']",59,"['puiyumlum', 'eng.anwar.aj', 's3743258', 'gowthamipachila', 'koayhong', 'lausheng', 'sachindesilva914', 'vadim_mankov', 'imanchow2', 'siudin1', 'daisaifei', 's3754338', 'othmanhanafi', 'chnglyn', 'anwar.aj', 'ghazwanabd552', 'alva150', 'frosjie', 'pavelspaliv', 'taha_mosfet', 'selcukozcan26', 'ilyabelor88', 'zafriazman', 'sadiaafrin1704', 'edwardlollyphone', 'zcan11', 'shungshung1219', 's3716309', 'nurulsabrina1910', 'carrillo.omar30', 'quyennguyen', 'sekur11', 'hkdewa_01', 's3695683', 'stanlox', 's3746851', 'atomfti', 'alaakadhim', 'lamle', 'alkufeemaher', 'haseebahmed9890', 'mazohaka', 's3759671', 'leva.mfkmn2000', 'muhammad.naziiruddin', 'saumith', 's3678505', 'valerii', 'mtisohan', 'pkjricky2', 'joupei', 'sachin_wicks', 's3697879', 'uyennp99', 'cheyang', 's3653997', 'dmitrii', 'tinggf', 'vinh_le_quang_1999']",1,['nasyikinr94'],85,"['leeshuang', 'najmuddin', 's3743258', 'gowthamipachila', 'prashanthpoobalan', 'teohting', 'koayhong', 'sachindesilva914', 'khooshengxuan', 'imanchow2', 'tanzhiwei94', 'anwar.aj', 'ghazwanabd552', 'alva150', 'pavelspaliv', 'taha_mosfet', 'zcan11', 's3716309', 'nurulsabrina1910', 'carrillo.omar30', 'quyennguyen', 'sekur11', 'hkdewa_01', 'stanlox', 'yuhchyn95', 'daveclifford95', 'nasyikinr94', 'tzekianooi', 'alkufeemaher', 'syazwanazulkhairi', 's3759671', 'leva.mfkmn2000', 'valerii', 'joupei', 'sachin_wicks', 's3697879', 'tinggf', 'vinh_le_quang_1999', 'selcukozcan26', 'puiyumlum', 'eng.anwar.aj', 'lausheng', 'vadim_mankov', 'bpng', 'siudin1', 'daisaifei', 's3754338', 'othmanhanafi', 'shunxiong58', 'chnglyn', 'frosjie', 'zhejie95', 'ilyabelor88', 'zafriazman', 'sadiaafrin1704', 'edwardlollyphone', 'shungshung1219', 'chokyongsheng', 's3695683', 'nxddymuslim', 's3746851', 'atomfti', 'alaakadhim', 'lamle', 'haseebahmed9890', 'mazohaka', 'adibmddan21', 'soonchong2013', 'muhammad.naziiruddin', 'saumith', 's3678505', 'zhengyu951108', 'mtisohan', 'yapyoonheng', 'pkjricky2', 'syasyafarina17', 'weiqilee02', 'alankhng', 'uyennp99', 'cheyang', 'jimyu', 's3653997', 'dmitrii', 'munirahshamlan', 'clphuah']"
10,161,84,21,16,"['tinggf', 's3746851', 's3743258', 'sachin_wicks', 's3697879', 'lamle', 'uyennp99', 's3716309', 'quyennguyen', 's3759671', 's3653997', 'hkdewa_01', 's3695683', 'saumith', 's3754338', 'vinh_le_quang_1999']",68,"['leeshuang', 'najmuddin', 'puiyumlum', 'eng.anwar.aj', 'gowthamipachila', 'prashanthpoobalan', 'koayhong', 'teohting', 'lausheng', 'sachindesilva914', 'khooshengxuan', 'vadim_mankov', 'bpng', 'siudin1', 'imanchow2', 'tanzhiwei94', 'daisaifei', 'othmanhanafi', 'shunxiong58', 'anwar.aj', 'ghazwanabd552', 'alva150', 'chnglyn', 'zhejie95', 'pavelspaliv', 'frosjie', 'taha_mosfet', 'ilyabelor88', 'zafriazman', 'sadiaafrin1704', 'edwardlollyphone', 'zcan11', 'shungshung1219', 'nurulsabrina1910', 'carrillo.omar30', 'chokyongsheng', 'sekur11', 'stanlox', 'yuhchyn95', 'daveclifford95', 'nxddymuslim', 'tzekianooi', 'atomfti', 'alaakadhim', 'alkufeemaher', 'syazwanazulkhairi', 'haseebahmed9890', 'mazohaka', 'leva.mfkmn2000', 'adibmddan21', 'soonchong2013', 'muhammad.naziiruddin', 's3678505', 'zhengyu951108', 'valerii', 'mtisohan', 'yapyoonheng', 'joupei', 'pkjricky2', 'syasyafarina17', 'weiqilee02', 'alankhng', 'cheyang', 'jimyu', 'dmitrii', 'munirahshamlan', 'clphuah', 'selcukozcan26']",5,"['s3695275', 's3821185', 's3678595', 'thien', 'dvtruongson']",89,"['leeshuang', 'najmuddin', 's3743258', 'gowthamipachila', 'prashanthpoobalan', 'teohting', 'koayhong', 'sachindesilva914', 'khooshengxuan', 'imanchow2', 'tanzhiwei94', 'anwar.aj', 'ghazwanabd552', 'alva150', 'pavelspaliv', 'taha_mosfet', 'zcan11', 's3716309', 'nurulsabrina1910', 'carrillo.omar30', 'quyennguyen', 'sekur11', 's3678595', 'hkdewa_01', 'stanlox', 'yuhchyn95', 'daveclifford95', 'tzekianooi', 'alkufeemaher', 'syazwanazulkhairi', 's3759671', 'leva.mfkmn2000', 'valerii', 'joupei', 'sachin_wicks', 's3697879', 'tinggf', 'thien', 'vinh_le_quang_1999', 'selcukozcan26', 'puiyumlum', 'eng.anwar.aj', 's3695275', 'lausheng', 'vadim_mankov', 'bpng', 'siudin1', 'daisaifei', 's3754338', 'othmanhanafi', 'shunxiong58', 'chnglyn', 'frosjie', 'zhejie95', 'ilyabelor88', 'zafriazman', 'sadiaafrin1704', 'edwardlollyphone', 'shungshung1219', 'chokyongsheng', 's3695683', 'dvtruongson', 'nxddymuslim', 's3746851', 'atomfti', 'alaakadhim', 'lamle', 's3821185', 'haseebahmed9890', 'mazohaka', 'adibmddan21', 'soonchong2013', 'muhammad.naziiruddin', 'saumith', 's3678505', 'zhengyu951108', 'mtisohan', 'yapyoonheng', 'pkjricky2', 'syasyafarina17', 'weiqilee02', 'alankhng', 'uyennp99', 'cheyang', 'jimyu', 's3653997', 'dmitrii', 'munirahshamlan', 'clphuah']"
10,157,84,12,10,"['alva150', 'pavelspaliv', 'ilyabelor88', 'atomfti', 'mazohaka', 'dmitrii', 'sekur11', 'vadim_mankov', 'stanlox', 'valerii']",74,"['leeshuang', 'najmuddin', 's3743258', 'gowthamipachila', 'prashanthpoobalan', 'teohting', 'koayhong', 'sachindesilva914', 'khooshengxuan', 'imanchow2', 'tanzhiwei94', 'anwar.aj', 'ghazwanabd552', 'taha_mosfet', 'zcan11', 's3716309', 'nurulsabrina1910', 'carrillo.omar30', 'quyennguyen', 'hkdewa_01', 'yuhchyn95', 'daveclifford95', 'tzekianooi', 'alkufeemaher', 'syazwanazulkhairi', 's3759671', 'leva.mfkmn2000', 'joupei', 'sachin_wicks', 's3697879', 'tinggf', 'vinh_le_quang_1999', 'selcukozcan26', 'puiyumlum', 'eng.anwar.aj', 'lausheng', 'bpng', 'siudin1', 'daisaifei', 's3754338', 'othmanhanafi', 'shunxiong58', 'chnglyn', 'frosjie', 'zhejie95', 'zafriazman', 'sadiaafrin1704', 'edwardlollyphone', 'shungshung1219', 'chokyongsheng', 's3695683', 'nxddymuslim', 's3746851', 'alaakadhim', 'lamle', 'haseebahmed9890', 'adibmddan21', 'soonchong2013', 'muhammad.naziiruddin', 'saumith', 's3678505', 'zhengyu951108', 'mtisohan', 'yapyoonheng', 'pkjricky2', 'syasyafarina17', 'weiqilee02', 'alankhng', 'uyennp99', 'cheyang', 'jimyu', 's3653997', 'munirahshamlan', 'clphuah']",2,"['romashudow', 'fmpk_john']",86,"['leeshuang', 'najmuddin', 's3743258', 'gowthamipachila', 'prashanthpoobalan', 'teohting', 'koayhong', 'sachindesilva914', 'khooshengxuan', 'imanchow2', 'tanzhiwei94', 'anwar.aj', 'ghazwanabd552', 'alva150', 'pavelspaliv', 'taha_mosfet', 'zcan11', 's3716309', 'nurulsabrina1910', 'carrillo.omar30', 'quyennguyen', 'sekur11', 'hkdewa_01', 'stanlox', 'yuhchyn95', 'daveclifford95', 'tzekianooi', 'romashudow', 'alkufeemaher', 'syazwanazulkhairi', 's3759671', 'leva.mfkmn2000', 'valerii', 'joupei', 'sachin_wicks', 's3697879', 'tinggf', 'vinh_le_quang_1999', 'selcukozcan26', 'puiyumlum', 'eng.anwar.aj', 'lausheng', 'vadim_mankov', 'bpng', 'siudin1', 'daisaifei', 's3754338', 'othmanhanafi', 'shunxiong58', 'chnglyn', 'frosjie', 'zhejie95', 'ilyabelor88', 'zafriazman', 'sadiaafrin1704', 'edwardlollyphone', 'shungshung1219', 'chokyongsheng', 's3695683', 'fmpk_john', 'nxddymuslim', 's3746851', 'atomfti', 'alaakadhim', 'lamle', 'haseebahmed9890', 'mazohaka', 'adibmddan21', 'soonchong2013', 'muhammad.naziiruddin', 'saumith', 's3678505', 'zhengyu951108', 'mtisohan', 'yapyoonheng', 'pkjricky2', 'syasyafarina17', 'weiqilee02', 'alankhng', 'uyennp99', 'cheyang', 'jimyu', 's3653997', 'dmitrii', 'munirahshamlan', 'clphuah']"
10,82,84,7,1,['lamle'],83,"['leeshuang', 'najmuddin', 's3743258', 'gowthamipachila', 'prashanthpoobalan', 'teohting', 'koayhong', 'sachindesilva914', 'khooshengxuan', 'imanchow2', 'tanzhiwei94', 'anwar.aj', 'ghazwanabd552', 'alva150', 'pavelspaliv', 'taha_mosfet', 'zcan11', 's3716309', 'nurulsabrina1910', 'carrillo.omar30', 'quyennguyen', 'sekur11', 'hkdewa_01', 'stanlox', 'yuhchyn95', 'daveclifford95', 'tzekianooi', 'alkufeemaher', 'syazwanazulkhairi', 's3759671', 'leva.mfkmn2000', 'valerii', 'joupei', 'sachin_wicks', 's3697879', 'tinggf', 'vinh_le_quang_1999', 'selcukozcan26', 'puiyumlum', 'eng.anwar.aj', 'lausheng', 'vadim_mankov', 'bpng', 'siudin1', 'daisaifei', 's3754338', 'othmanhanafi', 'shunxiong58', 'chnglyn', 'frosjie', 'zhejie95', 'ilyabelor88', 'zafriazman', 'sadiaafrin1704', 'edwardlollyphone', 'shungshung1219', 'chokyongsheng', 's3695683', 'nxddymuslim', 's3746851', 'atomfti', 'alaakadhim', 'haseebahmed9890', 'mazohaka', 'adibmddan21', 'soonchong2013', 'muhammad.naziiruddin', 'saumith', 's3678505', 'zhengyu951108', 'mtisohan', 'yapyoonheng', 'pkjricky2', 'syasyafarina17', 'weiqilee02', 'alankhng', 'uyennp99', 'cheyang', 'jimyu', 's3653997', 'dmitrii', 'munirahshamlan', 'clphuah']",6,"['s3695275', 's3821185', 's3678595', 's3623343', 's3697331', 'dvtruongson']",90,"['leeshuang', 'najmuddin', 's3743258', 'gowthamipachila', 'prashanthpoobalan', 'teohting', 'koayhong', 'sachindesilva914', 'khooshengxuan', 'imanchow2', 'tanzhiwei94', 'anwar.aj', 'ghazwanabd552', 'alva150', 'pavelspaliv', 'taha_mosfet', 'zcan11', 's3716309', 'nurulsabrina1910', 'carrillo.omar30', 'quyennguyen', 'sekur11', 's3678595', 'hkdewa_01', 's3623343', 'stanlox', 's3697331', 'yuhchyn95', 'daveclifford95', 'tzekianooi', 'alkufeemaher', 'syazwanazulkhairi', 's3759671', 'leva.mfkmn2000', 'valerii', 'joupei', 'sachin_wicks', 's3697879', 'tinggf', 'vinh_le_quang_1999', 'selcukozcan26', 'puiyumlum', 'eng.anwar.aj', 's3695275', 'lausheng', 'vadim_mankov', 'bpng', 'siudin1', 'daisaifei', 's3754338', 'othmanhanafi', 'shunxiong58', 'chnglyn', 'frosjie', 'zhejie95', 'ilyabelor88', 'zafriazman', 'sadiaafrin1704', 'edwardlollyphone', 'shungshung1219', 'chokyongsheng', 's3695683', 'dvtruongson', 'nxddymuslim', 's3746851', 'atomfti', 'alaakadhim', 'lamle', 's3821185', 'haseebahmed9890', 'mazohaka', 'adibmddan21', 'soonchong2013', 'muhammad.naziiruddin', 'saumith', 's3678505', 'zhengyu951108', 'mtisohan', 'yapyoonheng', 'pkjricky2', 'syasyafarina17', 'weiqilee02', 'alankhng', 'uyennp99', 'cheyang', 'jimyu', 's3653997', 'dmitrii', 'munirahshamlan', 'clphuah']"
10,159,84,6,6,"['eng.anwar.aj', 'weiqilee02', 'zafriazman', 'nurulsabrina1910', 'imanchow2', 'othmanhanafi']",78,"['leeshuang', 'najmuddin', 's3743258', 'gowthamipachila', 'prashanthpoobalan', 'teohting', 'koayhong', 'sachindesilva914', 'khooshengxuan', 'tanzhiwei94', 'anwar.aj', 'ghazwanabd552', 'alva150', 'pavelspaliv', 'taha_mosfet', 'zcan11', 's3716309', 'carrillo.omar30', 'quyennguyen', 'sekur11', 'hkdewa_01', 'stanlox', 'yuhchyn95', 'daveclifford95', 'tzekianooi', 'alkufeemaher', 'syazwanazulkhairi', 's3759671', 'leva.mfkmn2000', 'valerii', 'joupei', 'sachin_wicks', 's3697879', 'tinggf', 'vinh_le_quang_1999', 'selcukozcan26', 'puiyumlum', 'lausheng', 'vadim_mankov', 'bpng', 'siudin1', 'daisaifei', 's3754338', 'shunxiong58', 'chnglyn', 'frosjie', 'zhejie95', 'ilyabelor88', 'sadiaafrin1704', 'edwardlollyphone', 'shungshung1219', 'chokyongsheng', 's3695683', 'nxddymuslim', 's3746851', 'atomfti', 'alaakadhim', 'lamle', 'haseebahmed9890', 'mazohaka', 'adibmddan21', 'soonchong2013', 'muhammad.naziiruddin', 'saumith', 's3678505', 'zhengyu951108', 'mtisohan', 'yapyoonheng', 'pkjricky2', 'syasyafarina17', 'alankhng', 'uyennp99', 'cheyang', 'jimyu', 's3653997', 'dmitrii', 'munirahshamlan', 'clphuah']",0,[],84,"['leeshuang', 'najmuddin', 's3743258', 'gowthamipachila', 'prashanthpoobalan', 'teohting', 'koayhong', 'sachindesilva914', 'khooshengxuan', 'imanchow2', 'tanzhiwei94', 'anwar.aj', 'ghazwanabd552', 'alva150', 'pavelspaliv', 'taha_mosfet', 'zcan11', 's3716309', 'nurulsabrina1910', 'carrillo.omar30', 'quyennguyen', 'sekur11', 'hkdewa_01', 'stanlox', 'yuhchyn95', 'daveclifford95', 'tzekianooi', 'alkufeemaher', 'syazwanazulkhairi', 's3759671', 'leva.mfkmn2000', 'valerii', 'joupei', 'sachin_wicks', 's3697879', 'tinggf', 'vinh_le_quang_1999', 'selcukozcan26', 'puiyumlum', 'eng.anwar.aj', 'lausheng', 'vadim_mankov', 'bpng', 'siudin1', 'daisaifei', 's3754338', 'othmanhanafi', 'shunxiong58', 'chnglyn', 'frosjie', 'zhejie95', 'ilyabelor88', 'zafriazman', 'sadiaafrin1704', 'edwardlollyphone', 'shungshung1219', 'chokyongsheng', 's3695683', 'nxddymuslim', 's3746851', 'atomfti', 'alaakadhim', 'lamle', 'haseebahmed9890', 'mazohaka', 'adibmddan21', 'soonchong2013', 'muhammad.naziiruddin', 'saumith', 's3678505', 'zhengyu951108', 'mtisohan', 'yapyoonheng', 'pkjricky2', 'syasyafarina17', 'weiqilee02', 'alankhng', 'uyennp99', 'cheyang', 'jimyu', 's3653997', 'dmitrii', 'munirahshamlan', 'clphuah']"
11,7,74,21,11,"['adrianacosta1', 'kmv0216', 'cperry27', 'sidsoma', 'salina408', 'dsrinivas11', 'miguetorre', 'taylorgsmith', 'akim58', 'alvinyding', 'albertwangchuilee']",63,"['siu856031918', 'salihyanikgonul', 'zia4000462', 'edikoraymond', 'decent.hasan18', 'wardaharshad44', 'collincurtis', 'raahimsalik', 'meraj4000983', 'irmahakim', 'siddiquiayesha2000', 'asif4001007', 'nisharma', 'drhodges', 'sharmahimani1017', 'muntahashams288', 'daskalakis54', 'forman', 'unaisshazan', 'sarahmathisschool', 'rkapoor41212', 'rayyaan99', 'rizvi', 'iqbal3902812', 'jackajarman', 'abdqureshi41', 'sfazeel15', 'taheera.hasnain', 'ayub4009080', 'gponce5', 'taranveerkaurmicrouiet', 'djeberguendouz', 'qaseem21125', 'shah4003897', 'dshin25', 'freeva', 'rishabhmudgil.microuiet10', 'jhorio1', 'jarmatag', 'gtzintzarov', 'arfarehman', 'm.hassanbaig24', 'iqbal4003357', 'yunfeigao', 'maisamahmed82', '2tqjmv29', 'kevinjiang65', 'pardeep.tur', 'fiam23', 'ahuffma2', 'shahmeen.ameer7', 'wcmelton96', 'akram.moin3', 'areejasad16', 'faisal_01btech17', 'talha4004198', 'sayeed4002099', 'toobamukhtar2011', 'nicolasfp', 'mrasadullah0', 'mahmood4030218', 'saqib4002599', 'ullah4005098']",10,"['linfengli0512', 'weslyn', 'gwrgzs1', 'jhwang92', 'sivan01', 'zxie425', 'pvenkatesh22', 'joshuageronimo112398', 'kennethong', 'bobo181999']",84,"['siu856031918', 'edikoraymond', 'adrianacosta1', 'wardaharshad44', 'irmahakim', 'meraj4000983', 'joshuageronimo112398', 'asif4001007', 'taylorgsmith', 'sharmahimani1017', 'akim58', 'muntahashams288', 'albertwangchuilee', 'forman', 'nisharma', 'sarahmathisschool', 'abdqureshi41', 'rizvi', 'iqbal3902812', 'taheera.hasnain', 'salina408', 'dsrinivas11', 'ayub4009080', 'kennethong', 'linfengli0512', 'weslyn', 'freeva', 'rishabhmudgil.microuiet10', 'jhorio1', 'jarmatag', 'gtzintzarov', 'iqbal4003357', 'yunfeigao', 'maisamahmed82', '2tqjmv29', 'fiam23', 'shahmeen.ameer7', 'wcmelton96', 'faisal_01btech17', 'sivan01', 'sayeed4002099', 'toobamukhtar2011', 'nicolasfp', 'mrasadullah0', 'mahmood4030218', 'salihyanikgonul', 'zia4000462', 'decent.hasan18', 'jhwang92', 'zxie425', 'collincurtis', 'raahimsalik', 'siddiquiayesha2000', 'drhodges', 'alvinyding', 'daskalakis54', 'unaisshazan', 'rkapoor41212', 'rayyaan99', 'jackajarman', 'sfazeel15', 'gponce5', 'taranveerkaurmicrouiet', 'djeberguendouz', 'qaseem21125', 'shah4003897', 'dshin25', 'gwrgzs1', 'cperry27', 'pvenkatesh22', 'arfarehman', 'm.hassanbaig24', 'kevinjiang65', 'pardeep.tur', 'ahuffma2', 'akram.moin3', 'kmv0216', 'areejasad16', 'talha4004198', 'sidsoma', 'miguetorre', 'bobo181999', 'saqib4002599', 'ullah4005098']"
11,220,74,15,1,['gponce5'],73,"['siu856031918', 'edikoraymond', 'adrianacosta1', 'wardaharshad44', 'irmahakim', 'meraj4000983', 'asif4001007', 'taylorgsmith', 'sharmahimani1017', 'akim58', 'muntahashams288', 'albertwangchuilee', 'forman', 'nisharma', 'sarahmathisschool', 'abdqureshi41', 'rizvi', 'iqbal3902812', 'taheera.hasnain', 'salina408', 'dsrinivas11', 'ayub4009080', 'freeva', 'rishabhmudgil.microuiet10', 'jhorio1', 'jarmatag', 'gtzintzarov', 'iqbal4003357', 'yunfeigao', 'maisamahmed82', '2tqjmv29', 'fiam23', 'shahmeen.ameer7', 'wcmelton96', 'faisal_01btech17', 'sayeed4002099', 'toobamukhtar2011', 'nicolasfp', 'mrasadullah0', 'mahmood4030218', 'salihyanikgonul', 'zia4000462', 'decent.hasan18', 'collincurtis', 'raahimsalik', 'siddiquiayesha2000', 'drhodges', 'alvinyding', 'daskalakis54', 'unaisshazan', 'rkapoor41212', 'rayyaan99', 'jackajarman', 'sfazeel15', 'taranveerkaurmicrouiet', 'djeberguendouz', 'qaseem21125', 'shah4003897', 'dshin25', 'cperry27', 'arfarehman', 'm.hassanbaig24', 'kevinjiang65', 'pardeep.tur', 'ahuffma2', 'akram.moin3', 'kmv0216', 'areejasad16', 'talha4004198', 'sidsoma', 'miguetorre', 'saqib4002599', 'ullah4005098']",14,"['alvalles2', 'sebarraza2', 'alethegoat', 'crpantoja', 'lggalazcarr', 'edrodriguez4', 'nruizlopez', 'jecampos2', 'rflores46', 'mortega27', 'vhcastro', 'ncruz2', 'cerva015', 'aarodriguez26']",88,"['siu856031918', 'edikoraymond', 'adrianacosta1', 'wardaharshad44', 'jecampos2', 'irmahakim', 'meraj4000983', 'asif4001007', 'taylorgsmith', 'sharmahimani1017', 'akim58', 'muntahashams288', 'albertwangchuilee', 'forman', 'nisharma', 'sarahmathisschool', 'sebarraza2', 'abdqureshi41', 'rizvi', 'iqbal3902812', 'taheera.hasnain', 'edrodriguez4', 'salina408', 'dsrinivas11', 'ayub4009080', 'freeva', 'rishabhmudgil.microuiet10', 'jhorio1', 'jarmatag', 'gtzintzarov', 'vhcastro', 'iqbal4003357', 'yunfeigao', 'maisamahmed82', '2tqjmv29', 'fiam23', 'shahmeen.ameer7', 'wcmelton96', 'faisal_01btech17', 'alethegoat', 'sayeed4002099', 'toobamukhtar2011', 'nicolasfp', 'mrasadullah0', 'mahmood4030218', 'salihyanikgonul', 'zia4000462', 'decent.hasan18', 'collincurtis', 'raahimsalik', 'siddiquiayesha2000', 'drhodges', 'alvinyding', 'daskalakis54', 'unaisshazan', 'alvalles2', 'rkapoor41212', 'rayyaan99', 'lggalazcarr', 'jackajarman', 'sfazeel15', 'ncruz2', 'gponce5', 'taranveerkaurmicrouiet', 'djeberguendouz', 'qaseem21125', 'aarodriguez26', 'shah4003897', 'dshin25', 'cperry27', 'crpantoja', 'nruizlopez', 'arfarehman', 'm.hassanbaig24', 'mortega27', 'kevinjiang65', 'pardeep.tur', 'ahuffma2', 'akram.moin3', 'kmv0216', 'areejasad16', 'talha4004198', 'sidsoma', 'rflores46', 'miguetorre', 'cerva015', 'saqib4002599', 'ullah4005098']"
11,218,74,12,6,"['wcmelton96', 'siu856031918', 'jhorio1', 'jackajarman', 'collincurtis', 'nicolasfp']",68,"['edikoraymond', 'adrianacosta1', 'wardaharshad44', 'irmahakim', 'meraj4000983', 'asif4001007', 'taylorgsmith', 'sharmahimani1017', 'akim58', 'muntahashams288', 'albertwangchuilee', 'forman', 'nisharma', 'sarahmathisschool', 'abdqureshi41', 'rizvi', 'iqbal3902812', 'taheera.hasnain', 'salina408', 'dsrinivas11', 'ayub4009080', 'freeva', 'rishabhmudgil.microuiet10', 'jarmatag', 'gtzintzarov', 'iqbal4003357', 'yunfeigao', 'maisamahmed82', '2tqjmv29', 'fiam23', 'shahmeen.ameer7', 'faisal_01btech17', 'sayeed4002099', 'toobamukhtar2011', 'mrasadullah0', 'mahmood4030218', 'salihyanikgonul', 'zia4000462', 'decent.hasan18', 'raahimsalik', 'siddiquiayesha2000', 'drhodges', 'alvinyding', 'daskalakis54', 'unaisshazan', 'rkapoor41212', 'rayyaan99', 'sfazeel15', 'gponce5', 'taranveerkaurmicrouiet', 'djeberguendouz', 'qaseem21125', 'shah4003897', 'dshin25', 'cperry27', 'arfarehman', 'm.hassanbaig24', 'kevinjiang65', 'pardeep.tur', 'ahuffma2', 'akram.moin3', 'kmv0216', 'areejasad16', 'talha4004198', 'sidsoma', 'miguetorre', 'saqib4002599', 'ullah4005098']",6,"['benelectronics', 'jackmings1', 'jsathanand', 'cspencer88', 'siu854104358', 'stephenberg']",80,"['siu856031918', 'edikoraymond', 'adrianacosta1', 'wardaharshad44', 'irmahakim', 'meraj4000983', 'asif4001007', 'taylorgsmith', 'sharmahimani1017', 'akim58', 'muntahashams288', 'albertwangchuilee', 'forman', 'nisharma', 'siu854104358', 'sarahmathisschool', 'abdqureshi41', 'rizvi', 'iqbal3902812', 'taheera.hasnain', 'salina408', 'dsrinivas11', 'ayub4009080', 'jsathanand', 'freeva', 'rishabhmudgil.microuiet10', 'jhorio1', 'jarmatag', 'gtzintzarov', 'iqbal4003357', 'yunfeigao', 'maisamahmed82', '2tqjmv29', 'fiam23', 'shahmeen.ameer7', 'wcmelton96', 'faisal_01btech17', 'sayeed4002099', 'toobamukhtar2011', 'nicolasfp', 'mrasadullah0', 'mahmood4030218', 'salihyanikgonul', 'zia4000462', 'decent.hasan18', 'collincurtis', 'raahimsalik', 'siddiquiayesha2000', 'drhodges', 'alvinyding', 'daskalakis54', 'benelectronics', 'unaisshazan', 'rkapoor41212', 'rayyaan99', 'jackajarman', 'sfazeel15', 'gponce5', 'taranveerkaurmicrouiet', 'djeberguendouz', 'stephenberg', 'qaseem21125', 'shah4003897', 'dshin25', 'cperry27', 'jackmings1', 'arfarehman', 'm.hassanbaig24', 'kevinjiang65', 'pardeep.tur', 'ahuffma2', 'akram.moin3', 'kmv0216', 'areejasad16', 'talha4004198', 'sidsoma', 'miguetorre', 'cspencer88', 'saqib4002599', 'ullah4005098']"
11,217,74,11,6,"['ahuffma2', 'sarahmathisschool', 'dshin25', 'faisal_01btech17', 'jarmatag', 'forman']",68,"['siu856031918', 'edikoraymond', 'adrianacosta1', 'wardaharshad44', 'irmahakim', 'meraj4000983', 'asif4001007', 'taylorgsmith', 'sharmahimani1017', 'akim58', 'muntahashams288', 'albertwangchuilee', 'nisharma', 'abdqureshi41', 'rizvi', 'iqbal3902812', 'taheera.hasnain', 'salina408', 'dsrinivas11', 'ayub4009080', 'freeva', 'rishabhmudgil.microuiet10', 'jhorio1', 'gtzintzarov', 'iqbal4003357', 'yunfeigao', 'maisamahmed82', '2tqjmv29', 'fiam23', 'shahmeen.ameer7', 'wcmelton96', 'sayeed4002099', 'toobamukhtar2011', 'nicolasfp', 'mrasadullah0', 'mahmood4030218', 'salihyanikgonul', 'zia4000462', 'decent.hasan18', 'collincurtis', 'raahimsalik', 'siddiquiayesha2000', 'drhodges', 'alvinyding', 'daskalakis54', 'unaisshazan', 'rkapoor41212', 'rayyaan99', 'jackajarman', 'sfazeel15', 'gponce5', 'taranveerkaurmicrouiet', 'djeberguendouz', 'qaseem21125', 'shah4003897', 'cperry27', 'arfarehman', 'm.hassanbaig24', 'kevinjiang65', 'pardeep.tur', 'akram.moin3', 'kmv0216', 'areejasad16', 'talha4004198', 'sidsoma', 'miguetorre', 'saqib4002599', 'ullah4005098']",5,"['thanhongphuc', 'jotaviosm', 'ktuzinowski', 'turban.', 'bobo181999']",79,"['siu856031918', 'edikoraymond', 'adrianacosta1', 'wardaharshad44', 'irmahakim', 'meraj4000983', 'asif4001007', 'taylorgsmith', 'sharmahimani1017', 'akim58', 'muntahashams288', 'albertwangchuilee', 'forman', 'nisharma', 'sarahmathisschool', 'abdqureshi41', 'rizvi', 'iqbal3902812', 'taheera.hasnain', 'salina408', 'dsrinivas11', 'ayub4009080', 'freeva', 'rishabhmudgil.microuiet10', 'jhorio1', 'jarmatag', 'gtzintzarov', 'iqbal4003357', 'yunfeigao', 'maisamahmed82', '2tqjmv29', 'fiam23', 'shahmeen.ameer7', 'wcmelton96', 'faisal_01btech17', 'sayeed4002099', 'toobamukhtar2011', 'nicolasfp', 'mrasadullah0', 'mahmood4030218', 'salihyanikgonul', 'zia4000462', 'decent.hasan18', 'thanhongphuc', 'collincurtis', 'raahimsalik', 'siddiquiayesha2000', 'drhodges', 'alvinyding', 'daskalakis54', 'unaisshazan', 'rkapoor41212', 'rayyaan99', 'jackajarman', 'sfazeel15', 'gponce5', 'turban.', 'taranveerkaurmicrouiet', 'djeberguendouz', 'qaseem21125', 'shah4003897', 'dshin25', 'cperry27', 'arfarehman', 'm.hassanbaig24', 'kevinjiang65', 'pardeep.tur', 'ahuffma2', 'akram.moin3', 'kmv0216', 'areejasad16', 'talha4004198', 'sidsoma', 'jotaviosm', 'miguetorre', 'ktuzinowski', 'bobo181999', 'saqib4002599', 'ullah4005098']"
11,216,74,10,1,['salihyanikgonul'],73,"['siu856031918', 'edikoraymond', 'adrianacosta1', 'wardaharshad44', 'irmahakim', 'meraj4000983', 'asif4001007', 'taylorgsmith', 'sharmahimani1017', 'akim58', 'muntahashams288', 'albertwangchuilee', 'forman', 'nisharma', 'sarahmathisschool', 'abdqureshi41', 'rizvi', 'iqbal3902812', 'taheera.hasnain', 'salina408', 'dsrinivas11', 'ayub4009080', 'freeva', 'rishabhmudgil.microuiet10', 'jhorio1', 'jarmatag', 'gtzintzarov', 'iqbal4003357', 'yunfeigao', 'maisamahmed82', '2tqjmv29', 'fiam23', 'shahmeen.ameer7', 'wcmelton96', 'faisal_01btech17', 'sayeed4002099', 'toobamukhtar2011', 'nicolasfp', 'mrasadullah0', 'mahmood4030218', 'zia4000462', 'decent.hasan18', 'collincurtis', 'raahimsalik', 'siddiquiayesha2000', 'drhodges', 'alvinyding', 'daskalakis54', 'unaisshazan', 'rkapoor41212', 'rayyaan99', 'jackajarman', 'sfazeel15', 'gponce5', 'taranveerkaurmicrouiet', 'djeberguendouz', 'qaseem21125', 'shah4003897', 'dshin25', 'cperry27', 'arfarehman', 'm.hassanbaig24', 'kevinjiang65', 'pardeep.tur', 'ahuffma2', 'akram.moin3', 'kmv0216', 'areejasad16', 'talha4004198', 'sidsoma', 'miguetorre', 'saqib4002599', 'ullah4005098']",9,"['marcelpakpahan19', 'fallenmithos', 'jre31', 'dahaidar', 'naufal.nm', 'brysa2000', 'denphi_gmail', 'alanhk18', 'bobo181999']",83,"['siu856031918', 'edikoraymond', 'adrianacosta1', 'wardaharshad44', 'irmahakim', 'meraj4000983', 'asif4001007', 'taylorgsmith', 'sharmahimani1017', 'akim58', 'muntahashams288', 'albertwangchuilee', 'forman', 'nisharma', 'sarahmathisschool', 'abdqureshi41', 'rizvi', 'iqbal3902812', 'taheera.hasnain', 'salina408', 'dsrinivas11', 'ayub4009080', 'freeva', 'rishabhmudgil.microuiet10', 'jhorio1', 'jarmatag', 'gtzintzarov', 'iqbal4003357', 'yunfeigao', 'maisamahmed82', '2tqjmv29', 'fiam23', 'shahmeen.ameer7', 'wcmelton96', 'faisal_01btech17', 'dahaidar', 'naufal.nm', 'brysa2000', 'sayeed4002099', 'toobamukhtar2011', 'nicolasfp', 'mrasadullah0', 'mahmood4030218', 'marcelpakpahan19', 'salihyanikgonul', 'zia4000462', 'decent.hasan18', 'collincurtis', 'raahimsalik', 'siddiquiayesha2000', 'drhodges', 'alvinyding', 'daskalakis54', 'unaisshazan', 'rkapoor41212', 'rayyaan99', 'jackajarman', 'sfazeel15', 'gponce5', 'taranveerkaurmicrouiet', 'djeberguendouz', 'qaseem21125', 'shah4003897', 'dshin25', 'fallenmithos', 'cperry27', 'jre31', 'arfarehman', 'm.hassanbaig24', 'kevinjiang65', 'pardeep.tur', 'ahuffma2', 'akram.moin3', 'kmv0216', 'areejasad16', 'talha4004198', 'sidsoma', 'miguetorre', 'denphi_gmail', 'alanhk18', 'bobo181999', 'saqib4002599', 'ullah4005098']"
11,200,74,5,5,"['ahuffma2', 'sarahmathisschool', 'dshin25', 'jarmatag', 'forman']",69,"['siu856031918', 'edikoraymond', 'adrianacosta1', 'wardaharshad44', 'irmahakim', 'meraj4000983', 'asif4001007', 'taylorgsmith', 'sharmahimani1017', 'akim58', 'muntahashams288', 'albertwangchuilee', 'nisharma', 'abdqureshi41', 'rizvi', 'iqbal3902812', 'taheera.hasnain', 'salina408', 'dsrinivas11', 'ayub4009080', 'freeva', 'rishabhmudgil.microuiet10', 'jhorio1', 'gtzintzarov', 'iqbal4003357', 'yunfeigao', 'maisamahmed82', '2tqjmv29', 'fiam23', 'shahmeen.ameer7', 'wcmelton96', 'faisal_01btech17', 'sayeed4002099', 'toobamukhtar2011', 'nicolasfp', 'mrasadullah0', 'mahmood4030218', 'salihyanikgonul', 'zia4000462', 'decent.hasan18', 'collincurtis', 'raahimsalik', 'siddiquiayesha2000', 'drhodges', 'alvinyding', 'daskalakis54', 'unaisshazan', 'rkapoor41212', 'rayyaan99', 'jackajarman', 'sfazeel15', 'gponce5', 'taranveerkaurmicrouiet', 'djeberguendouz', 'qaseem21125', 'shah4003897', 'cperry27', 'arfarehman', 'm.hassanbaig24', 'kevinjiang65', 'pardeep.tur', 'akram.moin3', 'kmv0216', 'areejasad16', 'talha4004198', 'sidsoma', 'miguetorre', 'saqib4002599', 'ullah4005098']",0,[],74,"['siu856031918', 'edikoraymond', 'adrianacosta1', 'wardaharshad44', 'irmahakim', 'meraj4000983', 'asif4001007', 'taylorgsmith', 'sharmahimani1017', 'akim58', 'muntahashams288', 'albertwangchuilee', 'forman', 'nisharma', 'sarahmathisschool', 'abdqureshi41', 'rizvi', 'iqbal3902812', 'taheera.hasnain', 'salina408', 'dsrinivas11', 'ayub4009080', 'freeva', 'rishabhmudgil.microuiet10', 'jhorio1', 'jarmatag', 'gtzintzarov', 'iqbal4003357', 'yunfeigao', 'maisamahmed82', '2tqjmv29', 'fiam23', 'shahmeen.ameer7', 'wcmelton96', 'faisal_01btech17', 'sayeed4002099', 'toobamukhtar2011', 'nicolasfp', 'mrasadullah0', 'mahmood4030218', 'salihyanikgonul', 'zia4000462', 'decent.hasan18', 'collincurtis', 'raahimsalik', 'siddiquiayesha2000', 'drhodges', 'alvinyding', 'daskalakis54', 'unaisshazan', 'rkapoor41212', 'rayyaan99', 'jackajarman', 'sfazeel15', 'gponce5', 'taranveerkaurmicrouiet', 'djeberguendouz', 'qaseem21125', 'shah4003897', 'dshin25', 'cperry27', 'arfarehman', 'm.hassanbaig24', 'kevinjiang65', 'pardeep.tur', 'ahuffma2', 'akram.moin3', 'kmv0216', 'areejasad16', 'talha4004198', 'sidsoma', 'miguetorre', 'saqib4002599', 'ullah4005098']"
12,134,70,54,51,"['azami1', 'jennin25', 'mdukeshi', 'james147', 'bpoinde14', 'caterahamilton', 'chadha11', 'rwilfong', 'lrdavidson00', 'reedyc', 'jgrams', 'zrust', 'pei13', 'young558', 'kbakhle', 'fzaharia', 'ddinh', 'zleung', 'pagand', 'sshishik', 'will1865', 'cemsley', 'hweilbak', 'hpletche', 'reed296', 'mprislus', 'apascua', 'olson117', 'jmunshi', 'tkrout', 'jmboyer', 'nguye413', 'santiagg', 'li2760', 'flint3', 'rrennick', 'eunoiayvonne', 'bdrevala', 'nicej', 'dhoogerl', 'eschultheis17', 'lgeorges', 'patel801', 'nwojcick', 'goode5', 'everly', 'mvankle', 'mstrezov', 'gilligm', 'will1995', 'montoya4']",19,"['cgoenawa', 'kico', 'chen2799', 'sthorman', 'aplumer', 'barnet42', 'jkeuneke', 'krulon', 'jkirchga', 'gong113', 'wdelacru', 'colonb', 'stofilsk', 'mreuhs', 'aschlutt', 'mart1543', 'ams52899', 'zhu791', 'clancy2']",3,"['reppertm', 'ahads', 'jwat']",73,"['mdukeshi', 'sthorman', 'caterahamilton', 'chadha11', 'reedyc', 'jgrams', 'zleung', 'aplumer', 'sshishik', 'barnet42', 'krulon', 'cemsley', 'jkirchga', 'will1865', 'hweilbak', 'reed296', 'mprislus', 'apascua', 'wdelacru', 'olson117', 'nguye413', 'mreuhs', 'rrennick', 'nicej', 'dhoogerl', 'mart1543', 'patel801', 'nwojcick', 'goode5', 'reppertm', 'gilligm', 'everly', 'will1995', 'montoya4', 'cgoenawa', 'kico', 'jennin25', 'azami1', 'james147', 'bpoinde14', 'chen2799', 'rwilfong', 'lrdavidson00', 'zrust', 'pei13', 'young558', 'kbakhle', 'fzaharia', 'ddinh', 'pagand', 'jkeuneke', 'hpletche', 'gong113', 'jmunshi', 'tkrout', 'jmboyer', 'santiagg', 'colonb', 'li2760', 'stofilsk', 'flint3', 'ahads', 'eunoiayvonne', 'bdrevala', 'jwat', 'eschultheis17', 'lgeorges', 'aschlutt', 'ams52899', 'mvankle', 'zhu791', 'mstrezov', 'clancy2']"
12,135,70,12,12,"['kico', 'barnet42', 'will1865', 'jkeuneke', 'aschlutt', 'wdelacru', 'mart1543', 'gong113', 'zrust', 'stofilsk', 'mreuhs', 'ddinh']",58,"['mdukeshi', 'sthorman', 'caterahamilton', 'chadha11', 'reedyc', 'jgrams', 'zleung', 'aplumer', 'sshishik', 'krulon', 'cemsley', 'jkirchga', 'hweilbak', 'reed296', 'mprislus', 'apascua', 'olson117', 'nguye413', 'rrennick', 'nicej', 'dhoogerl', 'patel801', 'nwojcick', 'goode5', 'gilligm', 'everly', 'will1995', 'montoya4', 'cgoenawa', 'jennin25', 'azami1', 'james147', 'bpoinde14', 'chen2799', 'rwilfong', 'lrdavidson00', 'pei13', 'young558', 'kbakhle', 'fzaharia', 'pagand', 'hpletche', 'jmunshi', 'tkrout', 'jmboyer', 'santiagg', 'colonb', 'li2760', 'flint3', 'eunoiayvonne', 'bdrevala', 'eschultheis17', 'lgeorges', 'ams52899', 'mvankle', 'zhu791', 'mstrezov', 'clancy2']",0,[],70,"['mdukeshi', 'sthorman', 'caterahamilton', 'chadha11', 'reedyc', 'jgrams', 'zleung', 'aplumer', 'sshishik', 'barnet42', 'krulon', 'cemsley', 'jkirchga', 'will1865', 'hweilbak', 'reed296', 'mprislus', 'apascua', 'wdelacru', 'olson117', 'nguye413', 'mreuhs', 'rrennick', 'nicej', 'dhoogerl', 'mart1543', 'patel801', 'nwojcick', 'goode5', 'gilligm', 'everly', 'will1995', 'montoya4', 'cgoenawa', 'kico', 'jennin25', 'azami1', 'james147', 'bpoinde14', 'chen2799', 'rwilfong', 'lrdavidson00', 'zrust', 'pei13', 'young558', 'kbakhle', 'fzaharia', 'ddinh', 'pagand', 'jkeuneke', 'hpletche', 'gong113', 'jmunshi', 'tkrout', 'jmboyer', 'santiagg', 'colonb', 'li2760', 'stofilsk', 'flint3', 'eunoiayvonne', 'bdrevala', 'eschultheis17', 'lgeorges', 'aschlutt', 'ams52899', 'mvankle', 'zhu791', 'mstrezov', 'clancy2']"
13,34,66,56,54,"['jrbrow41', 'aricha47', 'cdsalgad', 'gbabic', 'afmascar', 'xbrennan', 'jhum1', 'cboughaz', 'armeza3', 'wguerre1', 'awitthus', 'mtsai22', 'bbrown24', 'kkuang1996', 'kepears2', 'gswerdan', 'saalatt1', 'hanunez', 'kmpullia', 'cjlee29', 'cchasta1', 'nlvaidya', 'kwelch10', 'hlecker', 'tradloff', 'aivergar', 'alopezs4', 'jrporti1', 'kingheim', 'nhanelin', 'jkinkea1', 'tbooker2', 'yhzhang99', 'cschaire', 'crivas9', 'zalockwo', 'hstone1', 'tconcial', 'nhlam', 'mhabdulg', 'ericab', 'ebburrou', 'jebaraja', 'ihoerner', 'cecook9', 'jlwill52', 'pbui4', 'dmarti66', 'kbosley1', 'gwarner3', 'jalope67', 'acontr25', 'ciaguil1', 'sahmad16']",12,"['dpapis', 'aleiding', 'tbalu60', 'dabloom2', 'ndbarron', 'asaenz12', 'kpatel61', 'gmortiz3', 'shong65', 'savaziri', 'radovanovic', 'kwelch11']",2,"['nrosenb1', 'mgoryll']",68,"['cdsalgad', 'ndbarron', 'gbabic', 'jhum1', 'armeza3', 'nrosenb1', 'wguerre1', 'awitthus', 'mgoryll', 'nlvaidya', 'kepears2', 'kmpullia', 'cjlee29', 'hlecker', 'aivergar', 'alopezs4', 'jrporti1', 'kingheim', 'nhanelin', 'dpapis', 'hstone1', 'tconcial', 'nhlam', 'ebburrou', 'jebaraja', 'tbalu60', 'dabloom2', 'asaenz12', 'kpatel61', 'gwarner3', 'acontr25', 'kwelch11', 'jrbrow41', 'aricha47', 'afmascar', 'shong65', 'xbrennan', 'cboughaz', 'aleiding', 'mtsai22', 'bbrown24', 'kkuang1996', 'saalatt1', 'hanunez', 'gswerdan', 'cchasta1', 'kwelch10', 'tbooker2', 'tradloff', 'jkinkea1', 'yhzhang99', 'gmortiz3', 'cschaire', 'crivas9', 'zalockwo', 'ericab', 'mhabdulg', 'ihoerner', 'jlwill52', 'cecook9', 'pbui4', 'dmarti66', 'kbosley1', 'jalope67', 'savaziri', 'radovanovic', 'ciaguil1', 'sahmad16']"
13,36,66,8,6,"['jrporti1', 'jkinkea1', 'pbui4', 'afmascar', 'jalope67', 'tbooker2']",60,"['cdsalgad', 'ndbarron', 'gbabic', 'jhum1', 'armeza3', 'wguerre1', 'awitthus', 'nlvaidya', 'kepears2', 'kmpullia', 'cjlee29', 'hlecker', 'aivergar', 'alopezs4', 'kingheim', 'nhanelin', 'dpapis', 'hstone1', 'tconcial', 'nhlam', 'ebburrou', 'jebaraja', 'tbalu60', 'dabloom2', 'asaenz12', 'kpatel61', 'gwarner3', 'acontr25', 'kwelch11', 'jrbrow41', 'aricha47', 'shong65', 'xbrennan', 'cboughaz', 'aleiding', 'mtsai22', 'bbrown24', 'kkuang1996', 'saalatt1', 'hanunez', 'gswerdan', 'cchasta1', 'kwelch10', 'tradloff', 'yhzhang99', 'gmortiz3', 'cschaire', 'crivas9', 'zalockwo', 'ericab', 'mhabdulg', 'ihoerner', 'jlwill52', 'cecook9', 'dmarti66', 'kbosley1', 'savaziri', 'radovanovic', 'ciaguil1', 'sahmad16']",2,"['nrosenb1', 'mgoryll']",68,"['cdsalgad', 'ndbarron', 'gbabic', 'jhum1', 'armeza3', 'nrosenb1', 'wguerre1', 'awitthus', 'mgoryll', 'nlvaidya', 'kepears2', 'kmpullia', 'cjlee29', 'hlecker', 'aivergar', 'alopezs4', 'jrporti1', 'kingheim', 'nhanelin', 'dpapis', 'hstone1', 'tconcial', 'nhlam', 'ebburrou', 'jebaraja', 'tbalu60', 'dabloom2', 'asaenz12', 'kpatel61', 'gwarner3', 'acontr25', 'kwelch11', 'jrbrow41', 'aricha47', 'afmascar', 'shong65', 'xbrennan', 'cboughaz', 'aleiding', 'mtsai22', 'bbrown24', 'kkuang1996', 'saalatt1', 'hanunez', 'gswerdan', 'cchasta1', 'kwelch10', 'tbooker2', 'tradloff', 'jkinkea1', 'yhzhang99', 'gmortiz3', 'cschaire', 'crivas9', 'zalockwo', 'ericab', 'mhabdulg', 'ihoerner', 'jlwill52', 'cecook9', 'pbui4', 'dmarti66', 'kbosley1', 'jalope67', 'savaziri', 'radovanovic', 'ciaguil1', 'sahmad16']"
13,37,66,8,6,"['ihoerner', 'wguerre1', 'gbabic', 'hanunez', 'hstone1', 'tradloff']",60,"['cdsalgad', 'ndbarron', 'jhum1', 'armeza3', 'awitthus', 'nlvaidya', 'kepears2', 'kmpullia', 'cjlee29', 'hlecker', 'aivergar', 'alopezs4', 'jrporti1', 'kingheim', 'nhanelin', 'dpapis', 'tconcial', 'nhlam', 'ebburrou', 'jebaraja', 'tbalu60', 'dabloom2', 'asaenz12', 'kpatel61', 'gwarner3', 'acontr25', 'kwelch11', 'jrbrow41', 'aricha47', 'afmascar', 'shong65', 'xbrennan', 'cboughaz', 'aleiding', 'mtsai22', 'bbrown24', 'kkuang1996', 'saalatt1', 'gswerdan', 'cchasta1', 'kwelch10', 'tbooker2', 'jkinkea1', 'yhzhang99', 'gmortiz3', 'cschaire', 'crivas9', 'zalockwo', 'ericab', 'mhabdulg', 'jlwill52', 'cecook9', 'pbui4', 'dmarti66', 'kbosley1', 'jalope67', 'savaziri', 'radovanovic', 'ciaguil1', 'sahmad16']",2,"['nrosenb1', 'mgoryll']",68,"['cdsalgad', 'ndbarron', 'gbabic', 'jhum1', 'armeza3', 'nrosenb1', 'wguerre1', 'awitthus', 'mgoryll', 'nlvaidya', 'kepears2', 'kmpullia', 'cjlee29', 'hlecker', 'aivergar', 'alopezs4', 'jrporti1', 'kingheim', 'nhanelin', 'dpapis', 'hstone1', 'tconcial', 'nhlam', 'ebburrou', 'jebaraja', 'tbalu60', 'dabloom2', 'asaenz12', 'kpatel61', 'gwarner3', 'acontr25', 'kwelch11', 'jrbrow41', 'aricha47', 'afmascar', 'shong65', 'xbrennan', 'cboughaz', 'aleiding', 'mtsai22', 'bbrown24', 'kkuang1996', 'saalatt1', 'hanunez', 'gswerdan', 'cchasta1', 'kwelch10', 'tbooker2', 'tradloff', 'jkinkea1', 'yhzhang99', 'gmortiz3', 'cschaire', 'crivas9', 'zalockwo', 'ericab', 'mhabdulg', 'ihoerner', 'jlwill52', 'cecook9', 'pbui4', 'dmarti66', 'kbosley1', 'jalope67', 'savaziri', 'radovanovic', 'ciaguil1', 'sahmad16']"
14,76,65,44,31,"['cristianjulian132002', 'eric.klozr', 'sergioneuta', 'danielvillarg3', 'jaiverthadrian25', 'juan10eslav', 'camiloarango', 'gonzalezcamilo672', 'j.morenos', 'luxion', 'karenpolania', 'dannielmoreno', 'juanpa12', 'alejocibe', 'davidsantiagomoncayo', 'lcarolopez.lecl', 'c.escobarh', 'manuf.vargas36', 'arizah0707', 'felipio32', 'nicolastrivino', 'j.acostac', 'santy015', 'gotty', 'estebanboada', 'd.posadap', 'm.vieda', 'juansebastiancorredor12', 'federicoberbesi', 'juancreyes201', 'acordero']",34,"['kocher1', 'tassanpietro', 'joseestebanpenalozameza', 'davidsarasa.uribe', 'aliceqwu', 'juanzapa', 'juanjallerl1212', 'squadbuilderzz123', 'croberts21', 'leduardo', 'jpbarrero131', 'banerjiank21', 'jj.meza', 'hoffnungcleaver360', 'chunhoeliew1998', 'a01351433', 'shannob', 'erika.tecupacho_sanchez', 'anaarenas', 'epeloquin24', 'felip3x', 'do255', 'ssorobay', 's.angarita', 'nidhi.joshi', 'calev', 'ee665', 'fciccarello', 'jacob07', 'vhernandezp31', 'lusmith', 'lbruno22', 'slburkett', 'hughmcguinne']",13,"['j.mendezm', 'sergioneuta3002', 'alexh1000', 'j.padillat', 'vargasautocad', 'caiceseb', 'dianasalcedo', 'id.escobar', 'michaels', 'maidy', 'santmc98', 'juguibavi27', 'ruedasan']",78,"['kocher1', 'tassanpietro', 'davidsarasa.uribe', 'cristianjulian132002', 'alexh1000', 'aliceqwu', 'vargasautocad', 'dianasalcedo', 'juanjallerl1212', 'maidy', 'squadbuilderzz123', 'croberts21', 'sergioneuta', 'danielvillarg3', 'j.morenos', 'gonzalezcamilo672', 'caiceseb', 'alejocibe', 'a01351433', 'davidsantiagomoncayo', 'lcarolopez.lecl', 'felipio32', 'anaarenas', 'arizah0707', 'nicolastrivino', 'felip3x', 'do255', 'ssorobay', 's.angarita', 'calev', 'gotty', 'fciccarello', 'estebanboada', 'd.posadap', 'm.vieda', 'lbruno22', 'federicoberbesi', 'acordero', 'juguibavi27', 'joseestebanpenalozameza', 'juanzapa', 'michaels', 'eric.klozr', 'santmc98', 'leduardo', 'jpbarrero131', 'jaiverthadrian25', 'juan10eslav', 'banerjiank21', 'jj.meza', 'hoffnungcleaver360', 'camiloarango', 'luxion', 'chunhoeliew1998', 'karenpolania', 'dannielmoreno', 'juanpa12', 'shannob', 'c.escobarh', 'erika.tecupacho_sanchez', 'manuf.vargas36', 'j.mendezm', 'epeloquin24', 'j.padillat', 'j.acostac', 'id.escobar', 'nidhi.joshi', 'santy015', 'ruedasan', 'ee665', 'jacob07', 'juansebastiancorredor12', 'vhernandezp31', 'lusmith', 'juancreyes201', 'slburkett', 'sergioneuta3002', 'hughmcguinne']"
14,79,65,43,32,"['joseestebanpenalozameza', 'cristianjulian132002', 'juanzapa', 'acordero', 'eric.klozr', 'sergioneuta', 'jpbarrero131', 'danielvillarg3', 'jaiverthadrian25', 'juan10eslav', 'gonzalezcamilo672', 'luxion', 'karenpolania', 'dannielmoreno', 'juanpa12', 'alejocibe', 'c.escobarh', 'manuf.vargas36', 'arizah0707', 'nicolastrivino', 'felip3x', 'j.acostac', 's.angarita', 'santy015', 'd.posadap', 'm.vieda', 'juansebastiancorredor12', 'hughmcguinne', 'vhernandezp31', 'juancreyes201', 'slburkett', 'do255']",33,"['kocher1', 'tassanpietro', 'davidsarasa.uribe', 'aliceqwu', 'juanjallerl1212', 'squadbuilderzz123', 'croberts21', 'leduardo', 'banerjiank21', 'jj.meza', 'hoffnungcleaver360', 'camiloarango', 'j.morenos', 'chunhoeliew1998', 'a01351433', 'lcarolopez.lecl', 'davidsantiagomoncayo', 'shannob', 'erika.tecupacho_sanchez', 'felipio32', 'anaarenas', 'epeloquin24', 'ssorobay', 'nidhi.joshi', 'calev', 'ee665', 'gotty', 'fciccarello', 'estebanboada', 'jacob07', 'lusmith', 'lbruno22', 'federicoberbesi']",11,"['asahag2', 'shewlett', 'everaste', 'j.mendezm', 'mjupina', 'aidanlloyd', 'dianasalcedo', 'id.escobar', 'maidy', 'mbedollah', 'ruedasan']",76,"['kocher1', 'tassanpietro', 'davidsarasa.uribe', 'cristianjulian132002', 'aliceqwu', 'dianasalcedo', 'juanjallerl1212', 'maidy', 'squadbuilderzz123', 'croberts21', 'sergioneuta', 'asahag2', 'danielvillarg3', 'j.morenos', 'gonzalezcamilo672', 'alejocibe', 'a01351433', 'shewlett', 'davidsantiagomoncayo', 'lcarolopez.lecl', 'felipio32', 'anaarenas', 'arizah0707', 'nicolastrivino', 'felip3x', 'do255', 'ssorobay', 's.angarita', 'calev', 'mbedollah', 'gotty', 'fciccarello', 'estebanboada', 'd.posadap', 'm.vieda', 'everaste', 'lbruno22', 'federicoberbesi', 'acordero', 'joseestebanpenalozameza', 'juanzapa', 'eric.klozr', 'leduardo', 'jpbarrero131', 'jaiverthadrian25', 'juan10eslav', 'mjupina', 'banerjiank21', 'jj.meza', 'hoffnungcleaver360', 'camiloarango', 'luxion', 'chunhoeliew1998', 'karenpolania', 'dannielmoreno', 'juanpa12', 'shannob', 'c.escobarh', 'erika.tecupacho_sanchez', 'manuf.vargas36', 'j.mendezm', 'epeloquin24', 'j.acostac', 'id.escobar', 'nidhi.joshi', 'santy015', 'ruedasan', 'ee665', 'jacob07', 'juansebastiancorredor12', 'vhernandezp31', 'lusmith', 'aidanlloyd', 'juancreyes201', 'slburkett', 'hughmcguinne']"
14,74,65,33,11,"['kocher1', 'tassanpietro', 'jaiverthadrian25', 'epeloquin24', 'squadbuilderzz123', 'lbruno22', 'ssorobay', 'alejocibe', 'slburkett', 'croberts21', 'jpbarrero131']",54,"['joseestebanpenalozameza', 'davidsarasa.uribe', 'cristianjulian132002', 'aliceqwu', 'juanzapa', 'juanjallerl1212', 'eric.klozr', 'sergioneuta', 'leduardo', 'danielvillarg3', 'juan10eslav', 'banerjiank21', 'jj.meza', 'hoffnungcleaver360', 'camiloarango', 'j.morenos', 'gonzalezcamilo672', 'luxion', 'chunhoeliew1998', 'karenpolania', 'dannielmoreno', 'juanpa12', 'a01351433', 'davidsantiagomoncayo', 'lcarolopez.lecl', 'shannob', 'c.escobarh', 'erika.tecupacho_sanchez', 'manuf.vargas36', 'felipio32', 'anaarenas', 'arizah0707', 'nicolastrivino', 'felip3x', 'do255', 's.angarita', 'j.acostac', 'nidhi.joshi', 'calev', 'santy015', 'ee665', 'gotty', 'fciccarello', 'estebanboada', 'd.posadap', 'm.vieda', 'jacob07', 'juansebastiancorredor12', 'vhernandezp31', 'lusmith', 'federicoberbesi', 'juancreyes201', 'acordero', 'hughmcguinne']",22,"['enhmanlaienhee', 'sidharth1994', 'dietzelcc', 'langfahl', 'tchk6', 'bayanjargal.sub', 'sherifms777', 'arielar', 'tbpurevnorov', 'taylorolp99', 'turnera14', 'youngpattans2', 'quillel', 'dolp', 'lalfaihan', 'booradley', 'anudarid', 'everaste', 'ordonezc3', 'glenhwalters', 'duuyaduka89', 'muujig1']",87,"['kocher1', 'tassanpietro', 'enhmanlaienhee', 'sidharth1994', 'davidsarasa.uribe', 'dietzelcc', 'cristianjulian132002', 'aliceqwu', 'langfahl', 'juanjallerl1212', 'squadbuilderzz123', 'croberts21', 'sergioneuta', 'tchk6', 'bayanjargal.sub', 'sherifms777', 'danielvillarg3', 'arielar', 'j.morenos', 'gonzalezcamilo672', 'tbpurevnorov', 'alejocibe', 'a01351433', 'davidsantiagomoncayo', 'lcarolopez.lecl', 'felipio32', 'anaarenas', 'arizah0707', 'turnera14', 'nicolastrivino', 'felip3x', 'do255', 'ssorobay', 's.angarita', 'lalfaihan', 'calev', 'gotty', 'fciccarello', 'estebanboada', 'd.posadap', 'm.vieda', 'everaste', 'glenhwalters', 'lbruno22', 'federicoberbesi', 'acordero', 'joseestebanpenalozameza', 'juanzapa', 'eric.klozr', 'leduardo', 'jpbarrero131', 'jaiverthadrian25', 'juan10eslav', 'banerjiank21', 'jj.meza', 'hoffnungcleaver360', 'camiloarango', 'luxion', 'chunhoeliew1998', 'karenpolania', 'dannielmoreno', 'juanpa12', 'shannob', 'c.escobarh', 'erika.tecupacho_sanchez', 'taylorolp99', 'manuf.vargas36', 'youngpattans2', 'quillel', 'dolp', 'epeloquin24', 'j.acostac', 'nidhi.joshi', 'booradley', 'anudarid', 'santy015', 'ee665', 'jacob07', 'muujig1', 'juansebastiancorredor12', 'vhernandezp31', 'lusmith', 'ordonezc3', 'duuyaduka89', 'juancreyes201', 'slburkett', 'hughmcguinne']"
14,77,65,22,2,"['nidhi.joshi', 'banerjiank21']",63,"['kocher1', 'tassanpietro', 'joseestebanpenalozameza', 'davidsarasa.uribe', 'cristianjulian132002', 'aliceqwu', 'slburkett', 'juanzapa', 'juanjallerl1212', 'eric.klozr', 'sergioneuta', 'croberts21', 'squadbuilderzz123', 'jpbarrero131', 'leduardo', 'danielvillarg3', 'jaiverthadrian25', 'juan10eslav', 'jj.meza', 'hoffnungcleaver360', 'camiloarango', 'j.morenos', 'gonzalezcamilo672', 'luxion', 'chunhoeliew1998', 'karenpolania', 'dannielmoreno', 'alejocibe', 'a01351433', 'juanpa12', 'davidsantiagomoncayo', 'lcarolopez.lecl', 'shannob', 'c.escobarh', 'erika.tecupacho_sanchez', 'manuf.vargas36', 'felipio32', 'anaarenas', 'arizah0707', 'epeloquin24', 'nicolastrivino', 'felip3x', 'do255', 'ssorobay', 's.angarita', 'j.acostac', 'calev', 'santy015', 'ee665', 'gotty', 'fciccarello', 'estebanboada', 'd.posadap', 'm.vieda', 'jacob07', 'juansebastiancorredor12', 'vhernandezp31', 'lusmith', 'lbruno22', 'federicoberbesi', 'juancreyes201', 'acordero', 'hughmcguinne']",20,"['diximehta99', 'yashsakpal0504', 'dashita27', 'riya.s.shah30', 'ayush2310', 'devdutt', 'voramegh18', 'niyatibd', 'shreyagirish09', 'lalita', 'param.patel4399', 'lilscience211', 'psmit', 'sejal0022', 'minimicro', 'sim.pawar', 's1ddhant', 'sharmi9947', 'kshameen182', 'pkothari0910']",85,"['kocher1', 'tassanpietro', 'diximehta99', 'yashsakpal0504', 'davidsarasa.uribe', 'cristianjulian132002', 'aliceqwu', 'juanjallerl1212', 'squadbuilderzz123', 'croberts21', 'sergioneuta', 'danielvillarg3', 'ayush2310', 'j.morenos', 'gonzalezcamilo672', 'voramegh18', 'alejocibe', 'a01351433', 'davidsantiagomoncayo', 'lcarolopez.lecl', 'shreyagirish09', 'felipio32', 'anaarenas', 'arizah0707', 'nicolastrivino', 'felip3x', 'lalita', 'do255', 'param.patel4399', 'ssorobay', 's.angarita', 'calev', 'gotty', 'fciccarello', 'estebanboada', 'd.posadap', 'm.vieda', 'sejal0022', 'minimicro', 's1ddhant', 'sharmi9947', 'lbruno22', 'federicoberbesi', 'acordero', 'joseestebanpenalozameza', 'juanzapa', 'eric.klozr', 'leduardo', 'jpbarrero131', 'dashita27', 'riya.s.shah30', 'jaiverthadrian25', 'juan10eslav', 'banerjiank21', 'jj.meza', 'hoffnungcleaver360', 'camiloarango', 'devdutt', 'luxion', 'chunhoeliew1998', 'karenpolania', 'dannielmoreno', 'juanpa12', 'niyatibd', 'shannob', 'c.escobarh', 'erika.tecupacho_sanchez', 'manuf.vargas36', 'epeloquin24', 'j.acostac', 'nidhi.joshi', 'lilscience211', 'santy015', 'ee665', 'psmit', 'jacob07', 'juansebastiancorredor12', 'sim.pawar', 'vhernandezp31', 'lusmith', 'kshameen182', 'pkothari0910', 'juancreyes201', 'slburkett', 'hughmcguinne']"
14,81,65,8,5,"['jacob07', 'erika.tecupacho_sanchez', 'anaarenas', 'hoffnungcleaver360', 'leduardo']",60,"['kocher1', 'tassanpietro', 'davidsarasa.uribe', 'cristianjulian132002', 'aliceqwu', 'juanjallerl1212', 'squadbuilderzz123', 'croberts21', 'sergioneuta', 'danielvillarg3', 'j.morenos', 'gonzalezcamilo672', 'alejocibe', 'a01351433', 'davidsantiagomoncayo', 'lcarolopez.lecl', 'felipio32', 'arizah0707', 'nicolastrivino', 'felip3x', 'do255', 'ssorobay', 's.angarita', 'calev', 'gotty', 'fciccarello', 'estebanboada', 'd.posadap', 'm.vieda', 'lbruno22', 'federicoberbesi', 'acordero', 'joseestebanpenalozameza', 'juanzapa', 'eric.klozr', 'jpbarrero131', 'jaiverthadrian25', 'juan10eslav', 'banerjiank21', 'jj.meza', 'camiloarango', 'luxion', 'chunhoeliew1998', 'karenpolania', 'dannielmoreno', 'juanpa12', 'shannob', 'c.escobarh', 'manuf.vargas36', 'epeloquin24', 'j.acostac', 'nidhi.joshi', 'santy015', 'ee665', 'juansebastiancorredor12', 'vhernandezp31', 'lusmith', 'juancreyes201', 'slburkett', 'hughmcguinne']",3,"['oscarmunozcuamtzi', 'mbedollah', 'deluisfloresfranciscoa']",68,"['kocher1', 'tassanpietro', 'davidsarasa.uribe', 'cristianjulian132002', 'aliceqwu', 'juanjallerl1212', 'squadbuilderzz123', 'croberts21', 'sergioneuta', 'danielvillarg3', 'deluisfloresfranciscoa', 'j.morenos', 'gonzalezcamilo672', 'alejocibe', 'a01351433', 'davidsantiagomoncayo', 'lcarolopez.lecl', 'felipio32', 'anaarenas', 'arizah0707', 'nicolastrivino', 'felip3x', 'do255', 'ssorobay', 's.angarita', 'calev', 'mbedollah', 'gotty', 'fciccarello', 'estebanboada', 'd.posadap', 'm.vieda', 'lbruno22', 'federicoberbesi', 'oscarmunozcuamtzi', 'acordero', 'joseestebanpenalozameza', 'juanzapa', 'eric.klozr', 'leduardo', 'jpbarrero131', 'jaiverthadrian25', 'juan10eslav', 'banerjiank21', 'jj.meza', 'hoffnungcleaver360', 'camiloarango', 'luxion', 'chunhoeliew1998', 'karenpolania', 'dannielmoreno', 'juanpa12', 'shannob', 'c.escobarh', 'erika.tecupacho_sanchez', 'manuf.vargas36', 'epeloquin24', 'j.acostac', 'nidhi.joshi', 'santy015', 'ee665', 'jacob07', 'juansebastiancorredor12', 'vhernandezp31', 'lusmith', 'juancreyes201', 'slburkett', 'hughmcguinne']"
14,75,65,6,2,"['kocher1', 'shannob']",63,"['tassanpietro', 'davidsarasa.uribe', 'cristianjulian132002', 'aliceqwu', 'juanjallerl1212', 'squadbuilderzz123', 'croberts21', 'sergioneuta', 'danielvillarg3', 'j.morenos', 'gonzalezcamilo672', 'alejocibe', 'a01351433', 'davidsantiagomoncayo', 'lcarolopez.lecl', 'felipio32', 'anaarenas', 'arizah0707', 'nicolastrivino', 'felip3x', 'do255', 'ssorobay', 's.angarita', 'calev', 'gotty', 'fciccarello', 'estebanboada', 'd.posadap', 'm.vieda', 'lbruno22', 'federicoberbesi', 'acordero', 'joseestebanpenalozameza', 'juanzapa', 'eric.klozr', 'leduardo', 'jpbarrero131', 'jaiverthadrian25', 'juan10eslav', 'banerjiank21', 'jj.meza', 'hoffnungcleaver360', 'camiloarango', 'luxion', 'chunhoeliew1998', 'karenpolania', 'dannielmoreno', 'juanpa12', 'c.escobarh', 'erika.tecupacho_sanchez', 'manuf.vargas36', 'epeloquin24', 'j.acostac', 'nidhi.joshi', 'santy015', 'ee665', 'jacob07', 'juansebastiancorredor12', 'vhernandezp31', 'lusmith', 'juancreyes201', 'slburkett', 'hughmcguinne']",4,"['drake38', 'bavenell', 'zhan3108', 'heaton4']",69,"['kocher1', 'tassanpietro', 'davidsarasa.uribe', 'cristianjulian132002', 'aliceqwu', 'heaton4', 'juanjallerl1212', 'squadbuilderzz123', 'croberts21', 'sergioneuta', 'danielvillarg3', 'j.morenos', 'gonzalezcamilo672', 'alejocibe', 'a01351433', 'davidsantiagomoncayo', 'lcarolopez.lecl', 'felipio32', 'anaarenas', 'arizah0707', 'nicolastrivino', 'felip3x', 'do255', 'ssorobay', 's.angarita', 'calev', 'gotty', 'fciccarello', 'estebanboada', 'd.posadap', 'm.vieda', 'lbruno22', 'federicoberbesi', 'acordero', 'zhan3108', 'joseestebanpenalozameza', 'juanzapa', 'eric.klozr', 'leduardo', 'jpbarrero131', 'jaiverthadrian25', 'juan10eslav', 'banerjiank21', 'jj.meza', 'hoffnungcleaver360', 'camiloarango', 'drake38', 'luxion', 'chunhoeliew1998', 'karenpolania', 'dannielmoreno', 'juanpa12', 'shannob', 'c.escobarh', 'erika.tecupacho_sanchez', 'manuf.vargas36', 'epeloquin24', 'j.acostac', 'nidhi.joshi', 'santy015', 'ee665', 'jacob07', 'bavenell', 'juansebastiancorredor12', 'vhernandezp31', 'lusmith', 'juancreyes201', 'slburkett', 'hughmcguinne']"
15,273,64,38,36,"['pkhang', 'lenalana', 'soccerderekturn', 'mojubran', 'rkharper', 'cyzeason', 'smg2', 'arob2019', 'bwbaxter', 'nguyan23', 'skutney', 'kmbashay', 'jjdd1228', 'gaurav01', 'ychang76', 'rjbecerraorozco', 'luzgmz', 'rohanr25', 'jcarlosr', 'bpli', 'rmochizu', 'jlday', 'lozigins', 'fjvilimek', 'lilmil17', 'kimoreno', 'atmarr', 'atumu', 'desmonh', 'talp711', 'sibi', 'mnorm123', 'tbmashor', 'diana5a', 'blsaetern', 'lucachaux']",28,"['jowhall', 'zifan875', 'jjdesant', 'tcemblem', 'yimzhang', 'mebenedict', 'rearentr', 'ander1', 'gqk2019', 'macorfma', 'ericmmai', 'boysenbeary', 'dicadena', 'luilui77', 'ltoda', 'jtrejo', 'dabrox', 'dldavalos', 'imajerk', 'ejsnell', 'sktao021', 'prgoradia', 'tnottoson', 'jacqmoor', 'afadebayo', 'elnavarro510', 'nahurtad', 'winzhang']",2,"['ah2989', 'esim01']",66,"['jowhall', 'mojubran', 'zifan875', 'cyzeason', 'smg2', 'tcemblem', 'yimzhang', 'bwbaxter', 'esim01', 'rearentr', 'ander1', 'nguyan23', 'kmbashay', 'jjdd1228', 'gaurav01', 'boysenbeary', 'rjbecerraorozco', 'luilui77', 'ltoda', 'jcarlosr', 'jtrejo', 'dabrox', 'dldavalos', 'jlday', 'imajerk', 'kimoreno', 'atumu', 'sktao021', 'ah2989', 'tnottoson', 'mnorm123', 'jacqmoor', 'diana5a', 'afadebayo', 'elnavarro510', 'nahurtad', 'lucachaux', 'winzhang', 'pkhang', 'lenalana', 'soccerderekturn', 'rkharper', 'jjdesant', 'arob2019', 'mebenedict', 'skutney', 'gqk2019', 'macorfma', 'ychang76', 'ericmmai', 'luzgmz', 'dicadena', 'rohanr25', 'bpli', 'rmochizu', 'lozigins', 'fjvilimek', 'lilmil17', 'atmarr', 'desmonh', 'talp711', 'ejsnell', 'prgoradia', 'sibi', 'tbmashor', 'blsaetern']"
15,274,64,6,6,"['dicadena', 'rearentr', 'ltoda', 'sktao021', 'dldavalos', 'yimzhang']",58,"['jowhall', 'mojubran', 'zifan875', 'cyzeason', 'smg2', 'tcemblem', 'bwbaxter', 'ander1', 'nguyan23', 'kmbashay', 'jjdd1228', 'gaurav01', 'boysenbeary', 'rjbecerraorozco', 'luilui77', 'jcarlosr', 'jtrejo', 'dabrox', 'jlday', 'imajerk', 'kimoreno', 'atumu', 'tnottoson', 'mnorm123', 'jacqmoor', 'diana5a', 'afadebayo', 'elnavarro510', 'nahurtad', 'lucachaux', 'winzhang', 'pkhang', 'lenalana', 'soccerderekturn', 'rkharper', 'jjdesant', 'arob2019', 'mebenedict', 'skutney', 'gqk2019', 'macorfma', 'ychang76', 'ericmmai', 'luzgmz', 'rohanr25', 'bpli', 'rmochizu', 'lozigins', 'fjvilimek', 'lilmil17', 'atmarr', 'desmonh', 'talp711', 'ejsnell', 'prgoradia', 'sibi', 'tbmashor', 'blsaetern']",0,[],64,"['jowhall', 'mojubran', 'zifan875', 'cyzeason', 'smg2', 'tcemblem', 'yimzhang', 'bwbaxter', 'rearentr', 'ander1', 'nguyan23', 'kmbashay', 'jjdd1228', 'gaurav01', 'boysenbeary', 'rjbecerraorozco', 'luilui77', 'ltoda', 'jcarlosr', 'jtrejo', 'dabrox', 'dldavalos', 'jlday', 'imajerk', 'kimoreno', 'atumu', 'sktao021', 'tnottoson', 'mnorm123', 'jacqmoor', 'diana5a', 'afadebayo', 'elnavarro510', 'nahurtad', 'lucachaux', 'winzhang', 'pkhang', 'lenalana', 'soccerderekturn', 'rkharper', 'jjdesant', 'arob2019', 'mebenedict', 'skutney', 'gqk2019', 'macorfma', 'ychang76', 'ericmmai', 'luzgmz', 'dicadena', 'rohanr25', 'bpli', 'rmochizu', 'lozigins', 'fjvilimek', 'lilmil17', 'atmarr', 'desmonh', 'talp711', 'ejsnell', 'prgoradia', 'sibi', 'tbmashor', 'blsaetern']"
16,166,62,45,41,"['mcalderman1', 'victoria.miller', 'alexandrabarbosa', 'justin.geils', 'annahuber', 'kadenelson', 'victor.suarez', 'cgandin', 'akash.ram', 'benjamin.anthony', 'miles.kendall', 't.calvert', 'morgan.gunter', 'banks.lomel', 'dschechter', 'summerhane', 'jsweeney1', 'nwilliams2', 'klupone', 'villarta.jabulen', 'a.manibusan', 'ahernandez5', 'matthew.daily', 'bresnockj', 'dominicksylvia', 'erinvolpe', 'mmoralesrojas', 'peytonriley', 't.clavijogarcia', 'c.ginter', 'efranklin', 'i.mejiaruiz', 'grudzinski1', 'langhout.jackson', 'christian.chiong', 'c.rineer', 'glatham', 'noahcaracuel', 'evidaltorres', 'nsonet', 'mitchell.w']",21,"['xyl0078910', 'cse2703', 'lkelsey', 'm.ceballos', 'lolezroflmao', 'dinh.nhu', 'bungespunge1', 'rashmipriyaparida', 'wchen24', 'kkamalnath123', 'gzd87', 'corrales.a', 'ptoma', 'p.cruzaponte', 'michaelroberts', 'matthewraudenbus', 'mohsinulkabir', 'sarah.danis', 'rajmandirsingh', 'hguangshuai', 'tmalcolm2']",4,"['jmayer1', 'benjamintmarc1m', 'm.poloske', 'rhennig']",66,"['alexandrabarbosa', 'victoria.miller', 'annahuber', 'benjamintmarc1m', 'victor.suarez', 'cgandin', 'akash.ram', 'benjamin.anthony', 'cse2703', 'm.poloske', 'miles.kendall', 't.calvert', 'morgan.gunter', 'banks.lomel', 'dschechter', 'dinh.nhu', 'villarta.jabulen', 'klupone', 'ahernandez5', 'bresnockj', 'dominicksylvia', 'rashmipriyaparida', 'wchen24', 'gzd87', 'c.ginter', 'ptoma', 'langhout.jackson', 'p.cruzaponte', 'c.rineer', 'glatham', 'noahcaracuel', 'sarah.danis', 'hguangshuai', 'corrales.a', 'mitchell.w', 'tmalcolm2', 'mcalderman1', 'justin.geils', 'rhennig', 'kadenelson', 'xyl0078910', 'lkelsey', 'm.ceballos', 'jsweeney1', 'summerhane', 'lolezroflmao', 'nwilliams2', 'a.manibusan', 'bungespunge1', 'matthew.daily', 'jmayer1', 'erinvolpe', 'mmoralesrojas', 'peytonriley', 't.clavijogarcia', 'kkamalnath123', 'efranklin', 'i.mejiaruiz', 'grudzinski1', 'christian.chiong', 'michaelroberts', 'mohsinulkabir', 'matthewraudenbus', 'evidaltorres', 'rajmandirsingh', 'nsonet']"
17,84,60,39,17,"['brianlien', 's.alderman', 'roy.mesa', 'bklein1', 'tyler.mark', 'thomasdonovan', 'gavin.drawdy', 'j.cardenas', 'kginter', 'perry.bechtle', 'jherreracarrillo', 'kylelackey', 'bthompson2', 'jting', 'olivia.bergmann', 'hernandezv', 'joseph.johnson']",43,"['ashleydonald', 'juliasthilaire', 'yassin.labichi', 'lnava', 'daanish.shauib', 'a01632193', 'johnmallari', 'slo5228', 'mwielatz', 'ehecht', 'm.mamun', 'caderylands', 'ablimitablez', 'rnowak', 'reiter.web', 'mariecrosby', 'hvantassel', 'kyle.james', 'jjeffares13', 'msuresh', 'jwingen', 'kennedycobb', 'molinay', 'liyingwu', 'kerstynblanco', 'ksantaniello', 'zhewitt', 'nowen1', 'justinwalsh', 'sergiolopez', 'carson.mcneely', 'cyarborough1', 'andrew.montiegel', 'jbrisbourne46', 'rajeevkini', 't.farrar', 'm.mcguinness', 'haquem', 'brookemc28', 'sgandhi', 'dwasko', 'j.sforza', 'bcayush']",22,"['dyuna.soledade', 'wkirby1', 't.van', '8223freret', 'nlopezmora', 'vallen', 'rios.ceduardo', 'docejo', 'morganwilliams', 'bgartside', 'serranoh', 'glaumchloe', 'cami', 'shaynedagostino', 'rebeccapoole', 'robert.murtha07', 'jacksonpartlow', 'gyeomans', 'cgettinger', 'cnapoles', 'jrabosto', 'argstanton']",82,"['ashleydonald', 'juliasthilaire', 'yassin.labichi', 'dyuna.soledade', 'lnava', 'thomasdonovan', 'daanish.shauib', 'tyler.mark', 'wkirby1', 't.van', 'kylelackey', 'ehecht', 'm.mamun', 'reiter.web', 'ablimitablez', 'mariecrosby', 'rios.ceduardo', 'hvantassel', 'jjeffares13', 'morganwilliams', 'perry.bechtle', 'bgartside', 'serranoh', 'molinay', 'ksantaniello', 'j.cardenas', 'justinwalsh', 'shaynedagostino', 'jbrisbourne46', 'rajeevkini', 'robert.murtha07', 'bklein1', 'jacksonpartlow', 'kginter', 'm.mcguinness', 'gyeomans', 'haquem', 'sgandhi', 'jrabosto', 'bcayush', 'argstanton', 'a01632193', 'johnmallari', 'slo5228', 'mwielatz', '8223freret', 'jting', 'caderylands', 'rnowak', 'nlopezmora', 's.alderman', 'vallen', 'docejo', 'kyle.james', 'msuresh', 'glaumchloe', 'jwingen', 'kennedycobb', 'bthompson2', 'liyingwu', 'brianlien', 'kerstynblanco', 'roy.mesa', 'cami', 'zhewitt', 'nowen1', 'sergiolopez', 'carson.mcneely', 'cyarborough1', 'andrew.montiegel', 'gavin.drawdy', 'rebeccapoole', 't.farrar', 'jherreracarrillo', 'cgettinger', 'brookemc28', 'cnapoles', 'dwasko', 'j.sforza', 'olivia.bergmann', 'hernandezv', 'joseph.johnson']"
17,88,60,23,5,"['ksantaniello', 'zhewitt', 'kyle.james', 'm.mcguinness', 'sgandhi']",55,"['ashleydonald', 'juliasthilaire', 'yassin.labichi', 'lnava', 'thomasdonovan', 'daanish.shauib', 'tyler.mark', 'a01632193', 'johnmallari', 'slo5228', 'kylelackey', 'ehecht', 'mwielatz', 'jting', 'caderylands', 'rnowak', 'ablimitablez', 'reiter.web', 'm.mamun', 's.alderman', 'mariecrosby', 'hvantassel', 'jjeffares13', 'msuresh', 'perry.bechtle', 'jwingen', 'kennedycobb', 'hernandezv', 'bthompson2', 'molinay', 'liyingwu', 'brianlien', 'kerstynblanco', 'roy.mesa', 'nowen1', 'j.cardenas', 'justinwalsh', 'sergiolopez', 'carson.mcneely', 'cyarborough1', 'andrew.montiegel', 'gavin.drawdy', 'jbrisbourne46', 'rajeevkini', 'bklein1', 't.farrar', 'kginter', 'jherreracarrillo', 'haquem', 'brookemc28', 'dwasko', 'j.sforza', 'olivia.bergmann', 'bcayush', 'joseph.johnson']",18,"['brandongarver', 'rsanchezcereijo', 'a.santana', 'glorber', 'rao.mihir', 'mcarreno', 'sophia.corrales', 'kayladunnuck', 'robertkaufman1', 'walter.sanchez', 'jake.julia', 'jweichselbaumer', 'btreacy', 'joel.cruz', 'nicolas.yanez', 'arodriguez30', 'exirinach', 'frankvigoa']",78,"['ashleydonald', 'juliasthilaire', 'yassin.labichi', 'lnava', 'thomasdonovan', 'daanish.shauib', 'tyler.mark', 'mcarreno', 'rao.mihir', 'sophia.corrales', 'kylelackey', 'ehecht', 'm.mamun', 'reiter.web', 'ablimitablez', 'brandongarver', 'mariecrosby', 'hvantassel', 'jjeffares13', 'kayladunnuck', 'perry.bechtle', 'walter.sanchez', 'btreacy', 'molinay', 'frankvigoa', 'ksantaniello', 'j.cardenas', 'justinwalsh', 'joel.cruz', 'jbrisbourne46', 'rajeevkini', 'bklein1', 'a.santana', 'kginter', 'm.mcguinness', 'jake.julia', 'jweichselbaumer', 'haquem', 'sgandhi', 'bcayush', 'a01632193', 'robertkaufman1', 'johnmallari', 'slo5228', 'mwielatz', 'jting', 'caderylands', 'rnowak', 's.alderman', 'kyle.james', 'msuresh', 'jwingen', 'kennedycobb', 'nicolas.yanez', 'bthompson2', 'liyingwu', 'brianlien', 'kerstynblanco', 'glorber', 'rsanchezcereijo', 'roy.mesa', 'zhewitt', 'nowen1', 'sergiolopez', 'carson.mcneely', 'cyarborough1', 'andrew.montiegel', 'gavin.drawdy', 'arodriguez30', 'exirinach', 't.farrar', 'jherreracarrillo', 'brookemc28', 'dwasko', 'j.sforza', 'olivia.bergmann', 'hernandezv', 'joseph.johnson']"
17,83,60,15,7,"['hvantassel', 'justinwalsh', 'jwingen', 'mwielatz', 'sergiolopez', 'rnowak', 'andrew.montiegel']",53,"['ashleydonald', 'juliasthilaire', 'yassin.labichi', 'lnava', 'thomasdonovan', 'daanish.shauib', 'tyler.mark', 'a01632193', 'johnmallari', 'slo5228', 'kylelackey', 'ehecht', 'jting', 'm.mamun', 'caderylands', 'ablimitablez', 'reiter.web', 's.alderman', 'mariecrosby', 'kyle.james', 'jjeffares13', 'msuresh', 'perry.bechtle', 'kennedycobb', 'hernandezv', 'bthompson2', 'molinay', 'liyingwu', 'brianlien', 'kerstynblanco', 'roy.mesa', 'ksantaniello', 'zhewitt', 'j.cardenas', 'nowen1', 'gavin.drawdy', 'carson.mcneely', 'cyarborough1', 'jbrisbourne46', 'rajeevkini', 'bklein1', 't.farrar', 'kginter', 'm.mcguinness', 'jherreracarrillo', 'haquem', 'brookemc28', 'sgandhi', 'dwasko', 'j.sforza', 'olivia.bergmann', 'bcayush', 'joseph.johnson']",8,"['natashapolito', 'kayladunnuck', 'tmomplaisir', 'rosenblumj', 'manaschaturvedi', 'bethany.baker', 'dunleavy.patrick', 'jahyagumbs']",68,"['ashleydonald', 'juliasthilaire', 'yassin.labichi', 'lnava', 'thomasdonovan', 'daanish.shauib', 'bcayush', 'tyler.mark', 'a01632193', 'rosenblumj', 'johnmallari', 'slo5228', 'kylelackey', 'ehecht', 'mwielatz', 'jting', 'caderylands', 'rnowak', 'reiter.web', 'ablimitablez', 'm.mamun', 'jahyagumbs', 's.alderman', 'mariecrosby', 'hvantassel', 'kyle.james', 'jjeffares13', 'msuresh', 'perry.bechtle', 'kayladunnuck', 'jwingen', 'kennedycobb', 'bthompson2', 'molinay', 'liyingwu', 'brianlien', 'kerstynblanco', 'roy.mesa', 'ksantaniello', 'zhewitt', 'j.cardenas', 'nowen1', 'justinwalsh', 'manaschaturvedi', 'bethany.baker', 'dunleavy.patrick', 'sergiolopez', 'carson.mcneely', 'cyarborough1', 'andrew.montiegel', 'gavin.drawdy', 'jbrisbourne46', 'rajeevkini', 'tmomplaisir', 'bklein1', 'natashapolito', 't.farrar', 'kginter', 'm.mcguinness', 'jherreracarrillo', 'haquem', 'brookemc28', 'sgandhi', 'dwasko', 'j.sforza', 'olivia.bergmann', 'hernandezv', 'joseph.johnson']"
17,89,60,10,1,['caderylands'],59,"['ashleydonald', 'juliasthilaire', 'yassin.labichi', 'lnava', 'thomasdonovan', 'daanish.shauib', 'bcayush', 'tyler.mark', 'a01632193', 'johnmallari', 'slo5228', 'kylelackey', 'ehecht', 'mwielatz', 'jting', 'rnowak', 'reiter.web', 'ablimitablez', 'm.mamun', 's.alderman', 'mariecrosby', 'hvantassel', 'kyle.james', 'jjeffares13', 'msuresh', 'perry.bechtle', 'jwingen', 'kennedycobb', 'bthompson2', 'molinay', 'liyingwu', 'brianlien', 'kerstynblanco', 'roy.mesa', 'ksantaniello', 'zhewitt', 'j.cardenas', 'nowen1', 'justinwalsh', 'sergiolopez', 'carson.mcneely', 'cyarborough1', 'andrew.montiegel', 'gavin.drawdy', 'jbrisbourne46', 'rajeevkini', 'bklein1', 't.farrar', 'kginter', 'm.mcguinness', 'jherreracarrillo', 'haquem', 'brookemc28', 'sgandhi', 'dwasko', 'j.sforza', 'olivia.bergmann', 'hernandezv', 'joseph.johnson']",9,"['amaldonadomartin', 'gyeomans', 'yassinlabichi', 'millero', '8223freret', 'jeffdemetrio', 'alainagordon', 'm.horn', 'rebeccapoole']",69,"['ashleydonald', 'juliasthilaire', 'yassin.labichi', 'lnava', 'thomasdonovan', 'daanish.shauib', 'bcayush', 'tyler.mark', 'a01632193', 'yassinlabichi', 'johnmallari', 'slo5228', 'kylelackey', 'ehecht', 'mwielatz', '8223freret', 'alainagordon', 'jting', 'caderylands', 'rnowak', 'reiter.web', 'ablimitablez', 'm.mamun', 's.alderman', 'mariecrosby', 'hvantassel', 'kyle.james', 'jjeffares13', 'msuresh', 'perry.bechtle', 'jwingen', 'jeffdemetrio', 'kennedycobb', 'bthompson2', 'molinay', 'm.horn', 'liyingwu', 'brianlien', 'kerstynblanco', 'roy.mesa', 'ksantaniello', 'zhewitt', 'j.cardenas', 'nowen1', 'justinwalsh', 'millero', 'sergiolopez', 'carson.mcneely', 'cyarborough1', 'andrew.montiegel', 'gavin.drawdy', 'jbrisbourne46', 'rajeevkini', 'rebeccapoole', 'bklein1', 'amaldonadomartin', 't.farrar', 'kginter', 'm.mcguinness', 'jherreracarrillo', 'gyeomans', 'haquem', 'brookemc28', 'sgandhi', 'dwasko', 'j.sforza', 'olivia.bergmann', 'hernandezv', 'joseph.johnson']"
17,92,60,7,3,"['johnmallari', 'j.cardenas', 'hvantassel']",57,"['ashleydonald', 'juliasthilaire', 'yassin.labichi', 'lnava', 'thomasdonovan', 'daanish.shauib', 'bcayush', 'tyler.mark', 'a01632193', 'slo5228', 'kylelackey', 'ehecht', 'mwielatz', 'jting', 'caderylands', 'rnowak', 'reiter.web', 'ablimitablez', 'm.mamun', 's.alderman', 'mariecrosby', 'kyle.james', 'jjeffares13', 'msuresh', 'perry.bechtle', 'jwingen', 'kennedycobb', 'bthompson2', 'molinay', 'liyingwu', 'brianlien', 'kerstynblanco', 'roy.mesa', 'ksantaniello', 'zhewitt', 'nowen1', 'justinwalsh', 'sergiolopez', 'carson.mcneely', 'cyarborough1', 'andrew.montiegel', 'gavin.drawdy', 'jbrisbourne46', 'rajeevkini', 'bklein1', 't.farrar', 'kginter', 'm.mcguinness', 'jherreracarrillo', 'haquem', 'brookemc28', 'sgandhi', 'dwasko', 'j.sforza', 'olivia.bergmann', 'hernandezv', 'joseph.johnson']",4,"['nicholaspech', 'diploadrauu', 'ashleymitchell', 'nguyenk2']",64,"['nicholaspech', 'ashleydonald', 'juliasthilaire', 'yassin.labichi', 'ashleymitchell', 'lnava', 'thomasdonovan', 'daanish.shauib', 'bcayush', 'tyler.mark', 'a01632193', 'johnmallari', 'slo5228', 'kylelackey', 'ehecht', 'mwielatz', 'jting', 'caderylands', 'rnowak', 'reiter.web', 'ablimitablez', 'm.mamun', 's.alderman', 'mariecrosby', 'hvantassel', 'kyle.james', 'jjeffares13', 'msuresh', 'perry.bechtle', 'diploadrauu', 'jwingen', 'kennedycobb', 'bthompson2', 'molinay', 'liyingwu', 'brianlien', 'kerstynblanco', 'nguyenk2', 'roy.mesa', 'ksantaniello', 'zhewitt', 'j.cardenas', 'nowen1', 'justinwalsh', 'sergiolopez', 'carson.mcneely', 'cyarborough1', 'andrew.montiegel', 'gavin.drawdy', 'jbrisbourne46', 'rajeevkini', 'bklein1', 't.farrar', 'kginter', 'm.mcguinness', 'jherreracarrillo', 'haquem', 'brookemc28', 'sgandhi', 'dwasko', 'j.sforza', 'olivia.bergmann', 'hernandezv', 'joseph.johnson']"
17,91,60,6,3,"['carson.mcneely', 'haquem', 'lnava']",57,"['ashleydonald', 'juliasthilaire', 'yassin.labichi', 'thomasdonovan', 'daanish.shauib', 'bcayush', 'tyler.mark', 'a01632193', 'johnmallari', 'slo5228', 'kylelackey', 'ehecht', 'mwielatz', 'jting', 'caderylands', 'rnowak', 'reiter.web', 'ablimitablez', 'm.mamun', 's.alderman', 'mariecrosby', 'hvantassel', 'kyle.james', 'jjeffares13', 'msuresh', 'perry.bechtle', 'jwingen', 'kennedycobb', 'bthompson2', 'molinay', 'liyingwu', 'brianlien', 'kerstynblanco', 'roy.mesa', 'ksantaniello', 'zhewitt', 'j.cardenas', 'nowen1', 'justinwalsh', 'sergiolopez', 'cyarborough1', 'andrew.montiegel', 'gavin.drawdy', 'jbrisbourne46', 'rajeevkini', 'bklein1', 't.farrar', 'kginter', 'm.mcguinness', 'jherreracarrillo', 'brookemc28', 'sgandhi', 'dwasko', 'j.sforza', 'olivia.bergmann', 'hernandezv', 'joseph.johnson']",3,"['btanguay', 'lianettpineda', 'eric.bodnar']",63,"['ashleydonald', 'juliasthilaire', 'yassin.labichi', 'lnava', 'thomasdonovan', 'daanish.shauib', 'bcayush', 'tyler.mark', 'a01632193', 'johnmallari', 'slo5228', 'kylelackey', 'ehecht', 'mwielatz', 'jting', 'caderylands', 'rnowak', 'reiter.web', 'ablimitablez', 'm.mamun', 's.alderman', 'mariecrosby', 'hvantassel', 'kyle.james', 'jjeffares13', 'msuresh', 'perry.bechtle', 'jwingen', 'kennedycobb', 'bthompson2', 'molinay', 'eric.bodnar', 'liyingwu', 'brianlien', 'kerstynblanco', 'roy.mesa', 'ksantaniello', 'zhewitt', 'j.cardenas', 'nowen1', 'justinwalsh', 'sergiolopez', 'carson.mcneely', 'cyarborough1', 'andrew.montiegel', 'gavin.drawdy', 'jbrisbourne46', 'rajeevkini', 'bklein1', 'btanguay', 't.farrar', 'kginter', 'm.mcguinness', 'jherreracarrillo', 'haquem', 'brookemc28', 'sgandhi', 'dwasko', 'j.sforza', 'lianettpineda', 'olivia.bergmann', 'hernandezv', 'joseph.johnson']"
17,93,60,6,5,"['dwasko', 'mariecrosby', 'nowen1', 'ehecht', 'molinay']",55,"['ashleydonald', 'juliasthilaire', 'yassin.labichi', 'lnava', 'thomasdonovan', 'daanish.shauib', 'bcayush', 'tyler.mark', 'a01632193', 'johnmallari', 'slo5228', 'kylelackey', 'mwielatz', 'jting', 'caderylands', 'rnowak', 'reiter.web', 'ablimitablez', 'm.mamun', 's.alderman', 'hvantassel', 'kyle.james', 'jjeffares13', 'msuresh', 'perry.bechtle', 'jwingen', 'kennedycobb', 'bthompson2', 'liyingwu', 'brianlien', 'kerstynblanco', 'roy.mesa', 'ksantaniello', 'zhewitt', 'j.cardenas', 'justinwalsh', 'sergiolopez', 'carson.mcneely', 'cyarborough1', 'andrew.montiegel', 'gavin.drawdy', 'jbrisbourne46', 'rajeevkini', 'bklein1', 't.farrar', 'kginter', 'm.mcguinness', 'jherreracarrillo', 'haquem', 'brookemc28', 'sgandhi', 'j.sforza', 'olivia.bergmann', 'hernandezv', 'joseph.johnson']",1,['wkirby1'],61,"['ashleydonald', 'juliasthilaire', 'yassin.labichi', 'lnava', 'thomasdonovan', 'daanish.shauib', 'bcayush', 'tyler.mark', 'a01632193', 'wkirby1', 'johnmallari', 'slo5228', 'kylelackey', 'ehecht', 'mwielatz', 'jting', 'caderylands', 'rnowak', 'reiter.web', 'ablimitablez', 'm.mamun', 's.alderman', 'mariecrosby', 'hvantassel', 'kyle.james', 'jjeffares13', 'msuresh', 'perry.bechtle', 'jwingen', 'kennedycobb', 'bthompson2', 'molinay', 'liyingwu', 'brianlien', 'kerstynblanco', 'roy.mesa', 'ksantaniello', 'zhewitt', 'j.cardenas', 'nowen1', 'justinwalsh', 'sergiolopez', 'carson.mcneely', 'cyarborough1', 'andrew.montiegel', 'gavin.drawdy', 'jbrisbourne46', 'rajeevkini', 'bklein1', 't.farrar', 'kginter', 'm.mcguinness', 'jherreracarrillo', 'haquem', 'brookemc28', 'sgandhi', 'dwasko', 'j.sforza', 'olivia.bergmann', 'hernandezv', 'joseph.johnson']"
18,238,60,17,17,"['oykuykaraman', 'soneerkarabacak', 'ezgivural93', 'melis241', 'suaydartar', 'firattan7', 'tecimanirem', 'fatih.ozefe.2', 'tugcee416', 'g.yesilnacar', 'ozmenne', 'ilaydamelekyirtici', 'yareenerozen', 'baharcigdem15', 'sevcan.1168', 'alekberov752', 'banugencay1998']",43,"['yc2647', 'bugra.eyidogan', 'dinckalsanem', 'rajqwerty', 'nokksiempre', 'zeynepsimdim', 'yishayah', 'armyquette', 'tiraler', 'attamemon26', 'kshen64', 'tl787', 'isaac2017', 'yagmurdemircan', 'unaldegirmenci44', 'logankearney6190', 'ms2682', 'jpm445', 'zw582', 'g340374c', 'abdullah13524', 'utku.canakci', 'ahmnavy', 'kug46.psu', 'cwang122', 'piaoranye', 'zeynepaltan', 'yldz.busraa', 'dilan1045', 'n.a.medvedev', 'bdruecke', 'mesutk', 'melekezgiirmak', 'aathiraa1993', 'zaydo180', 's.abbas.yousry', 'liujwtoastoghost', 'anilozertural', 'pregnolato.costanza', 'jw2586', 'fff28', 'prabeen4life', 'd00524018']",0,[],60,"['dinckalsanem', 'zeynepsimdim', 'fatih.ozefe.2', 'tecimanirem', 'g.yesilnacar', 'kshen64', 'alekberov752', 'tl787', 'sevcan.1168', 'oykuykaraman', 'yagmurdemircan', 'unaldegirmenci44', 'logankearney6190', 'ms2682', 'jpm445', 'suaydartar', 'zw582', 'g340374c', 'utku.canakci', 'ahmnavy', 'zeynepaltan', 'piaoranye', 'firattan7', 'dilan1045', 'n.a.medvedev', 'bdruecke', 'mesutk', 'melekezgiirmak', 'yareenerozen', 'baharcigdem15', 'aathiraa1993', 'zaydo180', 's.abbas.yousry', 'banugencay1998', 'liujwtoastoghost', 'ezgivural93', 'tugcee416', 'pregnolato.costanza', 'prabeen4life', 'anilozertural', 'yc2647', 'bugra.eyidogan', 'nokksiempre', 'rajqwerty', 'soneerkarabacak', 'yishayah', 'armyquette', 'tiraler', 'attamemon26', 'isaac2017', 'ozmenne', 'abdullah13524', 'kug46.psu', 'yldz.busraa', 'cwang122', 'melis241', 'ilaydamelekyirtici', 'jw2586', 'fff28', 'd00524018']"
18,237,60,7,6,"['yc2647', 'fff28', 'jpm445', 'jw2586', 'zw582', 'tl787']",54,"['bugra.eyidogan', 'dinckalsanem', 'rajqwerty', 'nokksiempre', 'soneerkarabacak', 'zeynepsimdim', 'yishayah', 'fatih.ozefe.2', 'tecimanirem', 'armyquette', 'tiraler', 'g.yesilnacar', 'attamemon26', 'kshen64', 'alekberov752', 'sevcan.1168', 'isaac2017', 'oykuykaraman', 'yagmurdemircan', 'unaldegirmenci44', 'logankearney6190', 'ms2682', 'suaydartar', 'ozmenne', 'g340374c', 'abdullah13524', 'utku.canakci', 'ahmnavy', 'kug46.psu', 'cwang122', 'piaoranye', 'zeynepaltan', 'firattan7', 'melis241', 'dilan1045', 'yldz.busraa', 'n.a.medvedev', 'bdruecke', 'mesutk', 'melekezgiirmak', 'yareenerozen', 'baharcigdem15', 'aathiraa1993', 'zaydo180', 's.abbas.yousry', 'banugencay1998', 'd00524018', 'liujwtoastoghost', 'ezgivural93', 'tugcee416', 'pregnolato.costanza', 'ilaydamelekyirtici', 'prabeen4life', 'anilozertural']",1,['hs959'],61,"['yc2647', 'bugra.eyidogan', 'dinckalsanem', 'rajqwerty', 'nokksiempre', 'soneerkarabacak', 'zeynepsimdim', 'yishayah', 'fatih.ozefe.2', 'tecimanirem', 'armyquette', 'tiraler', 'g.yesilnacar', 'attamemon26', 'kshen64', 'alekberov752', 'tl787', 'sevcan.1168', 'isaac2017', 'oykuykaraman', 'yagmurdemircan', 'unaldegirmenci44', 'logankearney6190', 'ms2682', 'jpm445', 'suaydartar', 'ozmenne', 'zw582', 'g340374c', 'abdullah13524', 'utku.canakci', 'ahmnavy', 'kug46.psu', 'cwang122', 'piaoranye', 'zeynepaltan', 'firattan7', 'melis241', 'dilan1045', 'yldz.busraa', 'n.a.medvedev', 'bdruecke', 'mesutk', 'melekezgiirmak', 'yareenerozen', 'baharcigdem15', 'aathiraa1993', 'zaydo180', 's.abbas.yousry', 'banugencay1998', 'd00524018', 'liujwtoastoghost', 'ezgivural93', 'tugcee416', 'pregnolato.costanza', 'ilaydamelekyirtici', 'jw2586', 'fff28', 'hs959', 'prabeen4life', 'anilozertural']"
18,239,60,6,6,"['oykuykaraman', 'dinckalsanem', 'zeynepaltan', 'zeynepsimdim', 'g.yesilnacar', 'anilozertural']",54,"['yc2647', 'bugra.eyidogan', 'rajqwerty', 'nokksiempre', 'soneerkarabacak', 'yishayah', 'fatih.ozefe.2', 'tecimanirem', 'armyquette', 'tiraler', 'attamemon26', 'kshen64', 'alekberov752', 'tl787', 'sevcan.1168', 'isaac2017', 'yagmurdemircan', 'unaldegirmenci44', 'logankearney6190', 'ms2682', 'jpm445', 'suaydartar', 'ozmenne', 'zw582', 'g340374c', 'abdullah13524', 'utku.canakci', 'ahmnavy', 'kug46.psu', 'cwang122', 'piaoranye', 'firattan7', 'melis241', 'dilan1045', 'yldz.busraa', 'n.a.medvedev', 'bdruecke', 'mesutk', 'melekezgiirmak', 'yareenerozen', 'baharcigdem15', 'aathiraa1993', 'zaydo180', 's.abbas.yousry', 'banugencay1998', 'd00524018', 'liujwtoastoghost', 'ezgivural93', 'tugcee416', 'pregnolato.costanza', 'ilaydamelekyirtici', 'jw2586', 'fff28', 'prabeen4life']",0,[],60,"['yc2647', 'bugra.eyidogan', 'dinckalsanem', 'rajqwerty', 'nokksiempre', 'soneerkarabacak', 'zeynepsimdim', 'yishayah', 'fatih.ozefe.2', 'tecimanirem', 'armyquette', 'tiraler', 'g.yesilnacar', 'attamemon26', 'kshen64', 'alekberov752', 'tl787', 'sevcan.1168', 'isaac2017', 'oykuykaraman', 'yagmurdemircan', 'unaldegirmenci44', 'logankearney6190', 'ms2682', 'jpm445', 'suaydartar', 'ozmenne', 'zw582', 'g340374c', 'abdullah13524', 'utku.canakci', 'ahmnavy', 'kug46.psu', 'cwang122', 'piaoranye', 'zeynepaltan', 'firattan7', 'melis241', 'dilan1045', 'yldz.busraa', 'n.a.medvedev', 'bdruecke', 'mesutk', 'melekezgiirmak', 'yareenerozen', 'baharcigdem15', 'aathiraa1993', 'zaydo180', 's.abbas.yousry', 'banugencay1998', 'd00524018', 'liujwtoastoghost', 'ezgivural93', 'tugcee416', 'pregnolato.costanza', 'ilaydamelekyirtici', 'jw2586', 'fff28', 'prabeen4life', 'anilozertural']"
19,181,58,42,34,"['nwa2', 'efalse2', 'xinzhih2', 'aaguero2', 'eoh23', 'benvau2', 'zainab2', 'ssibi2', 'msiddi60', 'bnw4', 'msolis27', 'ryanlim2', 'hyunbin2', 'wrishk2', 'dhamill2', 'jacobt6', 'boyazhu2', 'sendres2', 'torsr2', 'yuchang3', 'ryusuke2', 'ddejong2', 'jalies2', 'fulcrum', 'chyu3', 'anm9', 'jheaton3', 'jinyang9', 'aleahht2', 'shawnc2', 'jrange23', 'nk13', 'iajifo2', 'niharrm2']",24,"['mozahma2', 'simong2', 'damer', 'maritza8', 'hatoonb2', 'nmohrkub', 'mkurecki', 'pc20', 'boyangy4', 'xianzhi2', 'rsears4', 'mmj5', 'raranade', 'dylanh5', 'juliahd2', 'vic4', 'zy26', 'aniyogi2', 'yunzhes2', 'marialc3', 'maryama3', 'sopfeil2', 'kirkbloom67', 'tkoduri2']",8,"['dcudzi2', 'juliawp2', 'kirajm2', 'jaredf2', 'sali93', 'hanlinw3', 'mrc13', 'malonzo2']",66,"['jaredf2', 'xinzhih2', 'mozahma2', 'aaguero2', 'simong2', 'eoh23', 'damer', 'maritza8', 'msiddi60', 'ssibi2', 'msolis27', 'ryanlim2', 'jacobt6', 'sendres2', 'xianzhi2', 'jalies2', 'rsears4', 'hanlinw3', 'mmj5', 'chyu3', 'anm9', 'raranade', 'juliahd2', 'jheaton3', 'jinyang9', 'aleahht2', 'sali93', 'maryama3', 'iajifo2', 'mrc13', 'malonzo2', 'niharrm2', 'tkoduri2', 'nwa2', 'efalse2', 'benvau2', 'zainab2', 'bnw4', 'hatoonb2', 'nmohrkub', 'hyunbin2', 'wrishk2', 'dhamill2', 'boyazhu2', 'mkurecki', 'pc20', 'boyangy4', 'torsr2', 'yuchang3', 'ryusuke2', 'ddejong2', 'fulcrum', 'dylanh5', 'vic4', 'zy26', 'dcudzi2', 'aniyogi2', 'juliawp2', 'kirajm2', 'yunzhes2', 'shawnc2', 'jrange23', 'nk13', 'marialc3', 'sopfeil2', 'kirkbloom67']"
19,51,58,28,3,"['nmohrkub', 'mkurecki', 'raranade']",55,"['nwa2', 'efalse2', 'xinzhih2', 'mozahma2', 'aaguero2', 'simong2', 'eoh23', 'benvau2', 'damer', 'maritza8', 'msiddi60', 'zainab2', 'ssibi2', 'bnw4', 'hatoonb2', 'msolis27', 'ryanlim2', 'hyunbin2', 'wrishk2', 'dhamill2', 'boyazhu2', 'jacobt6', 'sendres2', 'pc20', 'boyangy4', 'xianzhi2', 'torsr2', 'yuchang3', 'ryusuke2', 'ddejong2', 'jalies2', 'rsears4', 'mmj5', 'chyu3', 'anm9', 'fulcrum', 'dylanh5', 'juliahd2', 'vic4', 'jheaton3', 'zy26', 'aniyogi2', 'jinyang9', 'aleahht2', 'yunzhes2', 'shawnc2', 'jrange23', 'nk13', 'marialc3', 'maryama3', 'iajifo2', 'sopfeil2', 'kirkbloom67', 'niharrm2', 'tkoduri2']",25,"['sdahal4', 'mdlevin2', 'rlmabry', 'mkhadley', 'tlovell2', 'mrplatt1', 'bpovilus', 'hcquinn', 'mesmeral', 'ijsxa', 'jeaniekim', 'dokbamic', 'crdavi26', 'mmblaes', 'ksantos5', 'rwtheilm', 'tlvo1', 'kgupta42', 'arouhand', 'udesarda', 'mvkimbal', 'djdenzer', 'jrsanne1', 'tdmcgow1', 'chattend']",83,"['xinzhih2', 'mozahma2', 'aaguero2', 'mkhadley', 'simong2', 'eoh23', 'mrplatt1', 'damer', 'maritza8', 'msiddi60', 'ssibi2', 'ijsxa', 'msolis27', 'ryanlim2', 'jacobt6', 'rwtheilm', 'sendres2', 'tlvo1', 'xianzhi2', 'kgupta42', 'arouhand', 'udesarda', 'mvkimbal', 'jalies2', 'rsears4', 'mmj5', 'chyu3', 'anm9', 'raranade', 'juliahd2', 'jheaton3', 'jinyang9', 'djdenzer', 'aleahht2', 'maryama3', 'iajifo2', 'niharrm2', 'tkoduri2', 'sdahal4', 'chattend', 'nwa2', 'efalse2', 'mdlevin2', 'rlmabry', 'tlovell2', 'bpovilus', 'benvau2', 'hcquinn', 'zainab2', 'mesmeral', 'bnw4', 'jeaniekim', 'hatoonb2', 'nmohrkub', 'hyunbin2', 'wrishk2', 'dhamill2', 'boyazhu2', 'dokbamic', 'crdavi26', 'mkurecki', 'mmblaes', 'ksantos5', 'pc20', 'boyangy4', 'torsr2', 'yuchang3', 'ryusuke2', 'ddejong2', 'fulcrum', 'dylanh5', 'vic4', 'zy26', 'aniyogi2', 'yunzhes2', 'shawnc2', 'jrange23', 'nk13', 'marialc3', 'jrsanne1', 'sopfeil2', 'kirkbloom67', 'tdmcgow1']"
19,182,58,10,10,"['pc20', 'jrange23', 'maritza8', 'ssibi2', 'marialc3', 'rsears4', 'iajifo2', 'sopfeil2', 'simong2', 'vic4']",48,"['nwa2', 'efalse2', 'xinzhih2', 'mozahma2', 'aaguero2', 'eoh23', 'benvau2', 'damer', 'msiddi60', 'zainab2', 'bnw4', 'hatoonb2', 'nmohrkub', 'msolis27', 'hyunbin2', 'wrishk2', 'dhamill2', 'boyazhu2', 'jacobt6', 'ryanlim2', 'mkurecki', 'sendres2', 'boyangy4', 'xianzhi2', 'torsr2', 'yuchang3', 'ryusuke2', 'ddejong2', 'jalies2', 'mmj5', 'chyu3', 'anm9', 'fulcrum', 'raranade', 'dylanh5', 'juliahd2', 'jheaton3', 'zy26', 'aniyogi2', 'jinyang9', 'aleahht2', 'yunzhes2', 'shawnc2', 'nk13', 'maryama3', 'kirkbloom67', 'niharrm2', 'tkoduri2']",0,[],58,"['nwa2', 'efalse2', 'xinzhih2', 'mozahma2', 'aaguero2', 'simong2', 'eoh23', 'benvau2', 'damer', 'maritza8', 'msiddi60', 'zainab2', 'ssibi2', 'bnw4', 'hatoonb2', 'nmohrkub', 'msolis27', 'hyunbin2', 'wrishk2', 'dhamill2', 'boyazhu2', 'jacobt6', 'ryanlim2', 'mkurecki', 'sendres2', 'pc20', 'boyangy4', 'xianzhi2', 'torsr2', 'yuchang3', 'ryusuke2', 'ddejong2', 'jalies2', 'rsears4', 'mmj5', 'chyu3', 'anm9', 'fulcrum', 'raranade', 'dylanh5', 'juliahd2', 'vic4', 'jheaton3', 'zy26', 'aniyogi2', 'jinyang9', 'aleahht2', 'yunzhes2', 'shawnc2', 'jrange23', 'nk13', 'marialc3', 'maryama3', 'iajifo2', 'sopfeil2', 'kirkbloom67', 'niharrm2', 'tkoduri2']"
20,204,56,31,16,"['goknur.derinoz', 'tahademiryol85', 'haticeterzibali', 'ozumkocaman9', 'ekim.coskun19', 'karaaslanmustafa4534', 'yusufacoskun', 'abdullahcamoglu675', 'ekicifatih0', 'stsaw97', 'alikanadli7', 'berksaldr', '1967hamzausta', 'seher', 'mertkaggle', 'aliikazankaya']",40,"['furkan12', 'ymenekse1', 'onurerks', 'neslihannayy', 'oguzxxx55', 'raistlin', 'rdvanokul05', 'furkan069906', 'kagansensazli', 'furkan552senturk', 'elembengisu', 'osmanestbkts', 'ufuk', 'yamakonurcan', 'kaanbjk27', 'emircansimsek', 'ranaoztemur', 'kaayaa40', 'ataozirmak', 'enesdinler1', 'fatihyorgun1996', 'sezkale52', 'corezyadigar26', 'anilboran0671', 'sayhello2rishavsagar', 'rapizor', 'atakanzmbr', 'melikedogru22', 'sflt317', 'brs21', 'kaankuncak', 'alperensenyigit.as', 'mmb', 'berkcmn', 'dumpnit', 'siu854440416', 'ayvaz09', 'ceydabayrak581', 'bertansafak', 'keryfly']",15,"['sonerkar', 'ozcanguclu', 'asdadsa', 'murat.kolcu.1926', 'edakartari', 'testeremre70', 'flzkdndr', 'oktayhalitekinay', 'kadandirf', 'altugyaylaci', 'aslanersin32', 'serdememen', 'oknky', 'tugbakoyuncu99', 'omertrbzn6197']",71,"['haticeterzibali', 'ymenekse1', 'asdadsa', 'flzkdndr', 'seher', 'yamakonurcan', 'ufuk', 'edakartari', 'kaanbjk27', 'kaayaa40', 'mertkaggle', 'enesdinler1', 'fatihyorgun1996', 'ozcanguclu', 'testeremre70', 'yusufacoskun', 'abdullahcamoglu675', 'rapizor', 'atakanzmbr', 'melikedogru22', 'brs21', 'kaankuncak', 'alperensenyigit.as', 'aliikazankaya', 'sonerkar', 'ekicifatih0', 'dumpnit', 'alikanadli7', 'berksaldr', 'ayvaz09', '1967hamzausta', 'keryfly', 'goknur.derinoz', 'furkan12', 'onurerks', 'karaaslanmustafa4534', 'murat.kolcu.1926', 'neslihannayy', 'oguzxxx55', 'raistlin', 'rdvanokul05', 'furkan069906', 'kagansensazli', 'furkan552senturk', 'elembengisu', 'osmanestbkts', 'ekim.coskun19', 'oktayhalitekinay', 'emircansimsek', 'ranaoztemur', 'serdememen', 'ataozirmak', 'tahademiryol85', 'sezkale52', 'ozumkocaman9', 'corezyadigar26', 'anilboran0671', 'sayhello2rishavsagar', 'kadandirf', 'altugyaylaci', 'sflt317', 'omertrbzn6197', 'mmb', 'berkcmn', 'aslanersin32', 'siu854440416', 'ceydabayrak581', 'bertansafak', 'oknky', 'stsaw97', 'tugbakoyuncu99']"
20,207,56,19,11,"['furkan12', 'furkan552senturk', 'onurerks', 'ranaoztemur', 'yamakonurcan', 'anilboran0671', 'melikedogru22', 'kaayaa40', '1967hamzausta', 'bertansafak', 'furkan069906']",45,"['goknur.derinoz', 'haticeterzibali', 'ymenekse1', 'karaaslanmustafa4534', 'neslihannayy', 'oguzxxx55', 'raistlin', 'rdvanokul05', 'kagansensazli', 'elembengisu', 'osmanestbkts', 'ufuk', 'ekim.coskun19', 'kaanbjk27', 'emircansimsek', 'mertkaggle', 'ataozirmak', 'enesdinler1', 'tahademiryol85', 'fatihyorgun1996', 'sezkale52', 'ozumkocaman9', 'corezyadigar26', 'yusufacoskun', 'sayhello2rishavsagar', 'abdullahcamoglu675', 'atakanzmbr', 'rapizor', 'sflt317', 'brs21', 'kaankuncak', 'alperensenyigit.as', 'aliikazankaya', 'ekicifatih0', 'mmb', 'berkcmn', 'dumpnit', 'alikanadli7', 'berksaldr', 'siu854440416', 'ayvaz09', 'ceydabayrak581', 'seher', 'stsaw97', 'keryfly']",8,"['byzayh13', 'mrtmert98', 'aydoganaali19', 'murat.kolcu.1926', 'salcaburak', 'arif.ozkan5806', 'ulusoy2006', 'halilalp']",64,"['goknur.derinoz', 'haticeterzibali', 'furkan12', 'ymenekse1', 'onurerks', 'aydoganaali19', 'karaaslanmustafa4534', 'murat.kolcu.1926', 'neslihannayy', 'oguzxxx55', 'raistlin', 'rdvanokul05', 'siu854440416', 'furkan069906', 'kagansensazli', 'furkan552senturk', 'elembengisu', 'osmanestbkts', 'ufuk', 'ekim.coskun19', 'yamakonurcan', 'kaanbjk27', 'emircansimsek', 'ranaoztemur', 'kaayaa40', 'ulusoy2006', 'mertkaggle', 'ataozirmak', 'enesdinler1', 'halilalp', 'tahademiryol85', 'fatihyorgun1996', 'sezkale52', 'byzayh13', 'mrtmert98', 'ozumkocaman9', 'corezyadigar26', 'anilboran0671', 'yusufacoskun', 'sayhello2rishavsagar', 'abdullahcamoglu675', 'atakanzmbr', 'rapizor', 'salcaburak', 'melikedogru22', 'arif.ozkan5806', 'sflt317', 'brs21', 'kaankuncak', 'alperensenyigit.as', 'aliikazankaya', 'ekicifatih0', 'mmb', 'berkcmn', 'dumpnit', 'alikanadli7', 'berksaldr', 'bertansafak', 'ayvaz09', 'ceydabayrak581', '1967hamzausta', 'seher', 'stsaw97', 'keryfly']"
20,206,56,16,6,"['ymenekse1', 'corezyadigar26', 'emircansimsek', 'ceydabayrak581', 'ataozirmak', 'keryfly']",50,"['goknur.derinoz', 'haticeterzibali', 'furkan12', 'onurerks', 'karaaslanmustafa4534', 'neslihannayy', 'oguzxxx55', 'raistlin', 'rdvanokul05', 'furkan069906', 'seher', 'kagansensazli', 'furkan552senturk', 'elembengisu', 'osmanestbkts', 'ufuk', 'ekim.coskun19', 'yamakonurcan', 'kaanbjk27', 'ranaoztemur', 'kaayaa40', 'mertkaggle', 'enesdinler1', 'tahademiryol85', 'fatihyorgun1996', 'sezkale52', 'ozumkocaman9', 'anilboran0671', 'yusufacoskun', 'sayhello2rishavsagar', 'abdullahcamoglu675', 'atakanzmbr', 'rapizor', 'melikedogru22', 'sflt317', 'brs21', 'kaankuncak', 'alperensenyigit.as', 'aliikazankaya', 'ekicifatih0', 'mmb', 'berkcmn', 'dumpnit', 'alikanadli7', 'berksaldr', 'siu854440416', 'ayvaz09', '1967hamzausta', 'bertansafak', 'stsaw97']",10,"['mumiock.1067', 'burakalperen87', 'mmozcan4', 'fdirisaglik', 'talayhalil2626', 'ftah', 'lerner', 'panellink1', 'yunusyeo768', 'tugbakoyuncu99']",66,"['goknur.derinoz', 'haticeterzibali', 'furkan12', 'ymenekse1', 'onurerks', 'karaaslanmustafa4534', 'neslihannayy', 'lerner', 'oguzxxx55', 'raistlin', 'rdvanokul05', 'siu854440416', 'furkan069906', 'yunusyeo768', 'kagansensazli', 'furkan552senturk', 'mmozcan4', 'elembengisu', 'osmanestbkts', 'ufuk', 'ekim.coskun19', 'yamakonurcan', 'fdirisaglik', 'kaanbjk27', 'emircansimsek', 'ftah', 'ranaoztemur', 'kaayaa40', 'panellink1', 'mertkaggle', 'ataozirmak', 'enesdinler1', 'tahademiryol85', 'fatihyorgun1996', 'burakalperen87', 'sezkale52', 'ozumkocaman9', 'corezyadigar26', 'anilboran0671', 'yusufacoskun', 'sayhello2rishavsagar', 'abdullahcamoglu675', 'atakanzmbr', 'rapizor', 'melikedogru22', 'sflt317', 'brs21', 'kaankuncak', 'alperensenyigit.as', 'aliikazankaya', 'mumiock.1067', 'tugbakoyuncu99', 'ekicifatih0', 'mmb', 'berkcmn', 'dumpnit', 'alikanadli7', 'berksaldr', 'talayhalil2626', 'bertansafak', 'ayvaz09', 'ceydabayrak581', '1967hamzausta', 'seher', 'stsaw97', 'keryfly']"
20,224,56,7,4,"['dumpnit', 'raistlin', 'kaankuncak', 'onurerks']",52,"['goknur.derinoz', 'haticeterzibali', 'furkan12', 'ymenekse1', 'karaaslanmustafa4534', 'neslihannayy', 'oguzxxx55', 'rdvanokul05', 'siu854440416', 'furkan069906', 'kagansensazli', 'furkan552senturk', 'elembengisu', 'osmanestbkts', 'ufuk', 'ekim.coskun19', 'yamakonurcan', 'kaanbjk27', 'emircansimsek', 'ranaoztemur', 'kaayaa40', 'mertkaggle', 'ataozirmak', 'enesdinler1', 'tahademiryol85', 'fatihyorgun1996', 'sezkale52', 'ozumkocaman9', 'corezyadigar26', 'anilboran0671', 'yusufacoskun', 'sayhello2rishavsagar', 'abdullahcamoglu675', 'atakanzmbr', 'rapizor', 'melikedogru22', 'sflt317', 'brs21', 'alperensenyigit.as', 'aliikazankaya', 'ekicifatih0', 'mmb', 'berkcmn', 'alikanadli7', 'berksaldr', 'bertansafak', 'ayvaz09', 'ceydabayrak581', '1967hamzausta', 'seher', 'stsaw97', 'keryfly']",3,"['halilibrahimtiken', 'murattdo', 'mstff.1clkk']",59,"['goknur.derinoz', 'haticeterzibali', 'furkan12', 'ymenekse1', 'onurerks', 'murattdo', 'karaaslanmustafa4534', 'neslihannayy', 'oguzxxx55', 'raistlin', 'rdvanokul05', 'siu854440416', 'furkan069906', 'kagansensazli', 'furkan552senturk', 'elembengisu', 'osmanestbkts', 'ufuk', 'ekim.coskun19', 'yamakonurcan', 'mstff.1clkk', 'kaanbjk27', 'emircansimsek', 'ranaoztemur', 'kaayaa40', 'mertkaggle', 'ataozirmak', 'enesdinler1', 'tahademiryol85', 'fatihyorgun1996', 'sezkale52', 'halilibrahimtiken', 'ozumkocaman9', 'corezyadigar26', 'anilboran0671', 'yusufacoskun', 'sayhello2rishavsagar', 'abdullahcamoglu675', 'atakanzmbr', 'rapizor', 'melikedogru22', 'sflt317', 'brs21', 'kaankuncak', 'alperensenyigit.as', 'aliikazankaya', 'ekicifatih0', 'mmb', 'berkcmn', 'dumpnit', 'alikanadli7', 'berksaldr', 'bertansafak', 'ayvaz09', 'ceydabayrak581', '1967hamzausta', 'seher', 'stsaw97', 'keryfly']"
20,223,56,6,2,"['rdvanokul05', 'enesdinler1']",54,"['goknur.derinoz', 'haticeterzibali', 'furkan12', 'ymenekse1', 'onurerks', 'karaaslanmustafa4534', 'neslihannayy', 'oguzxxx55', 'raistlin', 'siu854440416', 'furkan069906', 'kagansensazli', 'furkan552senturk', 'elembengisu', 'osmanestbkts', 'ufuk', 'ekim.coskun19', 'yamakonurcan', 'kaanbjk27', 'emircansimsek', 'ranaoztemur', 'kaayaa40', 'mertkaggle', 'ataozirmak', 'tahademiryol85', 'fatihyorgun1996', 'sezkale52', 'ozumkocaman9', 'corezyadigar26', 'anilboran0671', 'yusufacoskun', 'sayhello2rishavsagar', 'abdullahcamoglu675', 'atakanzmbr', 'rapizor', 'melikedogru22', 'sflt317', 'brs21', 'kaankuncak', 'alperensenyigit.as', 'aliikazankaya', 'ekicifatih0', 'mmb', 'berkcmn', 'dumpnit', 'alikanadli7', 'berksaldr', 'bertansafak', 'ayvaz09', 'ceydabayrak581', '1967hamzausta', 'seher', 'stsaw97', 'keryfly']",4,"['ogu0001', 'azazimalii', 'cancetinkaya1201', 'mtakcali']",60,"['goknur.derinoz', 'haticeterzibali', 'furkan12', 'ymenekse1', 'onurerks', 'karaaslanmustafa4534', 'cancetinkaya1201', 'neslihannayy', 'oguzxxx55', 'raistlin', 'rdvanokul05', 'siu854440416', 'furkan069906', 'kagansensazli', 'furkan552senturk', 'elembengisu', 'osmanestbkts', 'ufuk', 'ekim.coskun19', 'yamakonurcan', 'ogu0001', 'kaanbjk27', 'emircansimsek', 'ranaoztemur', 'kaayaa40', 'mertkaggle', 'ataozirmak', 'enesdinler1', 'tahademiryol85', 'fatihyorgun1996', 'sezkale52', 'ozumkocaman9', 'corezyadigar26', 'anilboran0671', 'yusufacoskun', 'sayhello2rishavsagar', 'abdullahcamoglu675', 'atakanzmbr', 'rapizor', 'melikedogru22', 'sflt317', 'brs21', 'kaankuncak', 'alperensenyigit.as', 'aliikazankaya', 'mtakcali', 'azazimalii', 'ekicifatih0', 'mmb', 'berkcmn', 'dumpnit', 'alikanadli7', 'berksaldr', 'bertansafak', 'ayvaz09', 'ceydabayrak581', '1967hamzausta', 'seher', 'stsaw97', 'keryfly']"
21,77,49,22,20,"['diximehta99', 'yashsakpal0504', 'dashita27', 'riya.s.shah30', 'ayush2310', 'devdutt', 'voramegh18', 'niyatibd', 'shreyagirish09', 'lalita', 'param.patel4399', 'lilscience211', 'psmit', 'sejal0022', 'minimicro', 'sim.pawar', 's1ddhant', 'sharmi9947', 'kshameen182', 'pkothari0910']",29,"['lbw', 'eshanshah', 'fg0007', 'swarajmthorat', 'mokshavora66', 'espinosacantea2', 'pacodelamar', 'rutikpithwa', 'lumodava', 'noe01377', 'dibyendumaity1999', 'deluisfloresfranciscoa', 'jeevanprakash.ha2020', 'vyshakmenon4', 'cnianne', 's3479811', 'angelgordon33', 'nateserc', 'mariola13', 's3712599', 'marcobolo', 'anujachanana', 'djpaul', 'atc427', 'giakyrizzi', 'sohamshah', 'vaibhavi_sonetha', 'oscarmunozcuamtzi', 'astha.mehta28']",2,"['nidhi.joshi', 'banerjiank21']",51,"['diximehta99', 'yashsakpal0504', 'lbw', 'eshanshah', 'fg0007', 'swarajmthorat', 'mokshavora66', 'espinosacantea2', 'dashita27', 'riya.s.shah30', 'pacodelamar', 'rutikpithwa', 'ayush2310', 'lumodava', 'banerjiank21', 'noe01377', 'dibyendumaity1999', 'deluisfloresfranciscoa', 'jeevanprakash.ha2020', 'vyshakmenon4', 'voramegh18', 'devdutt', 'cnianne', 's3479811', 'angelgordon33', 'niyatibd', 'shreyagirish09', 'nateserc', 'lalita', 'mariola13', 'param.patel4399', 's3712599', 'marcobolo', 'nidhi.joshi', 'anujachanana', 'lilscience211', 'djpaul', 'atc427', 'giakyrizzi', 'psmit', 'sohamshah', 'sejal0022', 'minimicro', 'sim.pawar', 's1ddhant', 'sharmi9947', 'vaibhavi_sonetha', 'kshameen182', 'pkothari0910', 'oscarmunozcuamtzi', 'astha.mehta28']"
21,80,49,11,3,"['lbw', 'cnianne', 'nateserc']",46,"['diximehta99', 'yashsakpal0504', 'eshanshah', 'fg0007', 'swarajmthorat', 'mokshavora66', 'espinosacantea2', 'dashita27', 'riya.s.shah30', 'pacodelamar', 'rutikpithwa', 'ayush2310', 'lumodava', 'noe01377', 'dibyendumaity1999', 'deluisfloresfranciscoa', 'jeevanprakash.ha2020', 'vyshakmenon4', 'voramegh18', 'devdutt', 's3479811', 'angelgordon33', 'niyatibd', 'shreyagirish09', 'lalita', 'mariola13', 'param.patel4399', 's3712599', 'marcobolo', 'anujachanana', 'lilscience211', 'djpaul', 'atc427', 'giakyrizzi', 'psmit', 'sohamshah', 'sejal0022', 'minimicro', 'sim.pawar', 's1ddhant', 'sharmi9947', 'vaibhavi_sonetha', 'kshameen182', 'pkothari0910', 'oscarmunozcuamtzi', 'astha.mehta28']",8,"['eobregon', 'klacey23', 'erikgren', 'delaneymcl_2', 'maxwellb', 'matodunn', 'abisram', 'shewlett']",57,"['diximehta99', 'yashsakpal0504', 'lbw', 'eshanshah', 'eobregon', 'fg0007', 'swarajmthorat', 'mokshavora66', 'delaneymcl_2', 'espinosacantea2', 'dashita27', 'riya.s.shah30', 'pacodelamar', 'rutikpithwa', 'ayush2310', 'lumodava', 'noe01377', 'dibyendumaity1999', 'deluisfloresfranciscoa', 'jeevanprakash.ha2020', 'vyshakmenon4', 'voramegh18', 'devdutt', 'cnianne', 's3479811', 'angelgordon33', 'maxwellb', 'shewlett', 'niyatibd', 'shreyagirish09', 'nateserc', 'lalita', 'mariola13', 'klacey23', 'param.patel4399', 's3712599', 'abisram', 'marcobolo', 'anujachanana', 'lilscience211', 'djpaul', 'atc427', 'giakyrizzi', 'psmit', 'sohamshah', 'sejal0022', 'minimicro', 'sim.pawar', 's1ddhant', 'sharmi9947', 'vaibhavi_sonetha', 'erikgren', 'matodunn', 'kshameen182', 'pkothari0910', 'oscarmunozcuamtzi', 'astha.mehta28']"
21,78,49,8,7,"['sohamshah', 'rutikpithwa', 'eshanshah', 'vaibhavi_sonetha', 'swarajmthorat', 'mokshavora66', 'astha.mehta28']",42,"['diximehta99', 'yashsakpal0504', 'lbw', 'fg0007', 'espinosacantea2', 'dashita27', 'riya.s.shah30', 'pacodelamar', 'ayush2310', 'lumodava', 'noe01377', 'dibyendumaity1999', 'deluisfloresfranciscoa', 'jeevanprakash.ha2020', 'vyshakmenon4', 'voramegh18', 'devdutt', 'cnianne', 's3479811', 'angelgordon33', 'niyatibd', 'shreyagirish09', 'nateserc', 'lalita', 'mariola13', 'param.patel4399', 's3712599', 'marcobolo', 'anujachanana', 'lilscience211', 'djpaul', 'atc427', 'giakyrizzi', 'psmit', 'sejal0022', 'minimicro', 'sim.pawar', 's1ddhant', 'sharmi9947', 'kshameen182', 'pkothari0910', 'oscarmunozcuamtzi']",1,['pranaleerane'],50,"['pranaleerane', 'diximehta99', 'yashsakpal0504', 'lbw', 'eshanshah', 'fg0007', 'swarajmthorat', 'mokshavora66', 'espinosacantea2', 'dashita27', 'riya.s.shah30', 'pacodelamar', 'rutikpithwa', 'ayush2310', 'lumodava', 'noe01377', 'dibyendumaity1999', 'deluisfloresfranciscoa', 'jeevanprakash.ha2020', 'vyshakmenon4', 'voramegh18', 'devdutt', 'cnianne', 's3479811', 'angelgordon33', 'niyatibd', 'shreyagirish09', 'nateserc', 'lalita', 'mariola13', 'param.patel4399', 's3712599', 'marcobolo', 'anujachanana', 'lilscience211', 'djpaul', 'atc427', 'giakyrizzi', 'psmit', 'sohamshah', 'sejal0022', 'minimicro', 'sim.pawar', 's1ddhant', 'sharmi9947', 'vaibhavi_sonetha', 'kshameen182', 'pkothari0910', 'oscarmunozcuamtzi', 'astha.mehta28']"
21,81,49,8,2,"['oscarmunozcuamtzi', 'deluisfloresfranciscoa']",47,"['diximehta99', 'yashsakpal0504', 'lbw', 'eshanshah', 'fg0007', 'swarajmthorat', 'mokshavora66', 'espinosacantea2', 'dashita27', 'riya.s.shah30', 'pacodelamar', 'rutikpithwa', 'ayush2310', 'lumodava', 'noe01377', 'dibyendumaity1999', 'jeevanprakash.ha2020', 'vyshakmenon4', 'voramegh18', 'devdutt', 'cnianne', 's3479811', 'angelgordon33', 'niyatibd', 'shreyagirish09', 'nateserc', 'lalita', 'mariola13', 'param.patel4399', 's3712599', 'marcobolo', 'anujachanana', 'lilscience211', 'djpaul', 'atc427', 'giakyrizzi', 'psmit', 'sohamshah', 'sejal0022', 'minimicro', 'sim.pawar', 's1ddhant', 'sharmi9947', 'vaibhavi_sonetha', 'kshameen182', 'pkothari0910', 'astha.mehta28']",6,"['jacob07', 'erika.tecupacho_sanchez', 'anaarenas', 'hoffnungcleaver360', 'mbedollah', 'leduardo']",55,"['diximehta99', 'yashsakpal0504', 'lbw', 'eshanshah', 'fg0007', 'swarajmthorat', 'mokshavora66', 'leduardo', 'espinosacantea2', 'dashita27', 'riya.s.shah30', 'pacodelamar', 'rutikpithwa', 'ayush2310', 'lumodava', 'noe01377', 'dibyendumaity1999', 'deluisfloresfranciscoa', 'hoffnungcleaver360', 'jeevanprakash.ha2020', 'vyshakmenon4', 'voramegh18', 'devdutt', 'cnianne', 's3479811', 'angelgordon33', 'niyatibd', 'shreyagirish09', 'erika.tecupacho_sanchez', 'anaarenas', 'nateserc', 'lalita', 'mariola13', 'param.patel4399', 's3712599', 'marcobolo', 'anujachanana', 'mbedollah', 'lilscience211', 'djpaul', 'atc427', 'giakyrizzi', 'psmit', 'jacob07', 'sohamshah', 'sejal0022', 'minimicro', 'sim.pawar', 's1ddhant', 'sharmi9947', 'vaibhavi_sonetha', 'kshameen182', 'pkothari0910', 'oscarmunozcuamtzi', 'astha.mehta28']"
22,235,47,19,15,"['mhossai9', 'mtahir2', 'kmmumtaz20', 'naimi', 'zwang77', 'mdlord', 'namin3', 'ychen242', 'tcoia', 'hmei3', 'xtang22', 'apragya', 'nmahmoo3', 'szhang53', 'dkiryam']",32,"['brendenh88', 'haofeiliu13', 'lingzhic', 'chandanz', 'khabaz.fardin', 'gozde1608', 'dopol51', 'matamotonaoki', 'botaro', 'jacob_rogers', 'fabio.colasuonno95', 'gucastz', 'man.kumar', 'ybuki13', 'shuangfei', 'gopalmarda55555', 'bastilfort', 'xtang8', 'amnortz', 'ichenkoroma', 'fuzalinos.shadisk', 'matscisteph', 'ntiwari', 'melania.kozdra', 'vahidk1992', 'z15735182123', 'chanwook', 'h1912125', 'kmbad99', 'manwar18', 'catia.m.guarda93', 'f.o.akhmetov']",4,"['bsennik', 'dawyman', 'hcdedmon', 'knambig']",51,"['mhossai9', 'brendenh88', 'mtahir2', 'kmmumtaz20', 'haofeiliu13', 'lingzhic', 'namin3', 'bsennik', 'chandanz', 'apragya', 'khabaz.fardin', 'gozde1608', 'dopol51', 'szhang53', 'matamotonaoki', 'dkiryam', 'botaro', 'jacob_rogers', 'fabio.colasuonno95', 'gucastz', 'mdlord', 'man.kumar', 'xtang22', 'ybuki13', 'shuangfei', 'nmahmoo3', 'gopalmarda55555', 'bastilfort', 'ychen242', 'xtang8', 'amnortz', 'ichenkoroma', 'fuzalinos.shadisk', 'dawyman', 'matscisteph', 'ntiwari', 'melania.kozdra', 'vahidk1992', 'zwang77', 'tcoia', 'chanwook', 'hmei3', 'h1912125', 'z15735182123', 'kmbad99', 'manwar18', 'hcdedmon', 'catia.m.guarda93', 'f.o.akhmetov', 'naimi', 'knambig']"
23,113,47,19,17,"['join97do', 'frog9596', 'yangzzi98', 'ski03243', 'cjswo95173', 'jsh1254', 'estse21', 'popian99', 'dlgkxor759', 'hijw97', 'minsik4594', 'rladmstn01254', 'rina', 'fireshoot12', 'qkrwhdgkswlgjs', 'chlee1579', 'wjdtjqvkdvkd']",30,"['rheamvillamor', 'nitalie', 'echotypist', 'dreihaneh', 'dlwhdgur808', 'wendong.wang11', 'christianjulle17', 'tiny8524679', 'sumanbhasker89', 'dlehdduq9999', 'ninume2', 'rupali18feb', 'vrhea19', 'want', 'kmlochun', 'yanjs1618', 'ssblandon', 'minjae1204', 'kathuria.ajay', 'ajleida', 'sherlynkeh.dionio', 'cwolff2', 'zbijzz13', 'robenvictor.dispo', 'mrsm1', 'victor.biswas18', 'emiliochausse', 'mutlu', 'kristinababayev', 'hideaki_murotani']",2,"['ykwon722', 'qadeersial']",49,"['rheamvillamor', 'nitalie', 'ski03243', 'estse21', 'minsik4594', 'rladmstn01254', 'echotypist', 'dreihaneh', 'fireshoot12', 'wendong.wang11', 'dlwhdgur808', 'christianjulle17', 'tiny8524679', 'sumanbhasker89', 'dlehdduq9999', 'ninume2', 'rupali18feb', 'dlgkxor759', 'vrhea19', 'chlee1579', 'wjdtjqvkdvkd', 'want', 'kmlochun', 'yanjs1618', 'ssblandon', 'minjae1204', 'kathuria.ajay', 'cjswo95173', 'jsh1254', 'popian99', 'ajleida', 'sherlynkeh.dionio', 'rina', 'cwolff2', 'qkrwhdgkswlgjs', 'yangzzi98', 'zbijzz13', 'join97do', 'frog9596', 'robenvictor.dispo', 'mrsm1', 'hijw97', 'victor.biswas18', 'emiliochausse', 'mutlu', 'ykwon722', 'kristinababayev', 'qadeersial', 'hideaki_murotani']"
23,110,47,12,4,"['emiliochausse', 'kmlochun', 'ajleida', 'dreihaneh']",43,"['rheamvillamor', 'nitalie', 'ski03243', 'estse21', 'minsik4594', 'rladmstn01254', 'echotypist', 'dlwhdgur808', 'fireshoot12', 'wendong.wang11', 'christianjulle17', 'tiny8524679', 'sumanbhasker89', 'dlehdduq9999', 'ninume2', 'rupali18feb', 'dlgkxor759', 'vrhea19', 'chlee1579', 'wjdtjqvkdvkd', 'want', 'yanjs1618', 'ssblandon', 'minjae1204', 'kathuria.ajay', 'cjswo95173', 'jsh1254', 'popian99', 'sherlynkeh.dionio', 'rina', 'cwolff2', 'qkrwhdgkswlgjs', 'yangzzi98', 'zbijzz13', 'join97do', 'frog9596', 'robenvictor.dispo', 'mrsm1', 'hijw97', 'victor.biswas18', 'mutlu', 'kristinababayev', 'hideaki_murotani']",8,"['ncgalardi', 'matteo1717', 'mbkivy', 'jamesshannon', 'madiglozer', 'arashakhavi', 'abirken', 'mpgrant001']",55,"['matteo1717', 'rheamvillamor', 'nitalie', 'ski03243', 'madiglozer', 'estse21', 'minsik4594', 'rladmstn01254', 'echotypist', 'dreihaneh', 'fireshoot12', 'wendong.wang11', 'dlwhdgur808', 'christianjulle17', 'tiny8524679', 'sumanbhasker89', 'dlehdduq9999', 'ninume2', 'rupali18feb', 'dlgkxor759', 'arashakhavi', 'vrhea19', 'chlee1579', 'mpgrant001', 'wjdtjqvkdvkd', 'want', 'kmlochun', 'yanjs1618', 'ssblandon', 'minjae1204', 'kathuria.ajay', 'mbkivy', 'cjswo95173', 'jsh1254', 'popian99', 'ajleida', 'sherlynkeh.dionio', 'rina', 'cwolff2', 'qkrwhdgkswlgjs', 'yangzzi98', 'zbijzz13', 'join97do', 'ncgalardi', 'frog9596', 'robenvictor.dispo', 'mrsm1', 'jamesshannon', 'hijw97', 'abirken', 'victor.biswas18', 'emiliochausse', 'mutlu', 'kristinababayev', 'hideaki_murotani']"
23,114,47,9,4,"['vrhea19', 'christianjulle17', 'echotypist', 'zbijzz13']",43,"['rheamvillamor', 'nitalie', 'ski03243', 'estse21', 'minsik4594', 'rladmstn01254', 'dreihaneh', 'fireshoot12', 'wendong.wang11', 'dlwhdgur808', 'tiny8524679', 'sumanbhasker89', 'dlehdduq9999', 'ninume2', 'rupali18feb', 'dlgkxor759', 'chlee1579', 'wjdtjqvkdvkd', 'want', 'kmlochun', 'yanjs1618', 'ssblandon', 'minjae1204', 'kathuria.ajay', 'cjswo95173', 'jsh1254', 'popian99', 'ajleida', 'sherlynkeh.dionio', 'rina', 'cwolff2', 'qkrwhdgkswlgjs', 'yangzzi98', 'join97do', 'frog9596', 'robenvictor.dispo', 'mrsm1', 'hijw97', 'victor.biswas18', 'emiliochausse', 'mutlu', 'kristinababayev', 'hideaki_murotani']",5,"['angel.perante', 'rojellyn.baldago', 'shararose.ordejan', 'ronazoeyyy', 'munioartanthonyz']",52,"['rheamvillamor', 'nitalie', 'ski03243', 'estse21', 'minsik4594', 'rladmstn01254', 'echotypist', 'dreihaneh', 'fireshoot12', 'wendong.wang11', 'dlwhdgur808', 'christianjulle17', 'tiny8524679', 'sumanbhasker89', 'dlehdduq9999', 'ninume2', 'angel.perante', 'rupali18feb', 'dlgkxor759', 'ronazoeyyy', 'vrhea19', 'chlee1579', 'wjdtjqvkdvkd', 'want', 'kmlochun', 'yanjs1618', 'ssblandon', 'minjae1204', 'kathuria.ajay', 'cjswo95173', 'jsh1254', 'popian99', 'ajleida', 'sherlynkeh.dionio', 'shararose.ordejan', 'rina', 'munioartanthonyz', 'cwolff2', 'qkrwhdgkswlgjs', 'yangzzi98', 'zbijzz13', 'join97do', 'frog9596', 'robenvictor.dispo', 'mrsm1', 'rojellyn.baldago', 'hijw97', 'victor.biswas18', 'emiliochausse', 'mutlu', 'kristinababayev', 'hideaki_murotani']"
24,102,46,25,19,"['briroest', 'dylanae', 'kli_macks', 'virgiljw', 'jdtschir', 'rnalbert25', 'cjrome', 'julisanc', 'rgast', 'mfparr', 'lboals', 'eparlow', 'mooka', 'dukelau', 'epeachus', 'nmccar', 'krishabh', 'nleginza', 'jpmurph']",27,"['romanm', 'daviscjd', 'xaris', 'andh2d', 'shivabhagwat56', 'kevwankrw678', 'ericyi', 'r578', 'seanhiddleston', 'shiewani99', 'pmcgirr06', 'smprabhu', 'jburgosb', 'vashish', 'gdiankov', 'lumssimulation', 'emmanuel16', 'atsui1', 'rc3375', 'tjeerd', 'ameliahp', 'nmech', 'zrhan', 'edinchen', 'hadier.abdelaziz', 'muezggt34', 'kierasbr']",6,"['cablood', 'mbow', 'spraveen', 'minseok', 'wesleypa', 'kamkbetz']",52,"['briroest', 'dylanae', 'kli_macks', 'romanm', 'virgiljw', 'wesleypa', 'jdtschir', 'daviscjd', 'rnalbert25', 'cablood', 'cjrome', 'xaris', 'julisanc', 'rgast', 'andh2d', 'spraveen', 'mfparr', 'hadier.abdelaziz', 'minseok', 'ericyi', 'kevwankrw678', 'r578', 'lboals', 'seanhiddleston', 'shiewani99', 'pmcgirr06', 'eparlow', 'mooka', 'smprabhu', 'dukelau', 'epeachus', 'jburgosb', 'vashish', 'gdiankov', 'nmccar', 'mbow', 'krishabh', 'lumssimulation', 'emmanuel16', 'atsui1', 'rc3375', 'tjeerd', 'ameliahp', 'nleginza', 'nmech', 'jpmurph', 'zrhan', 'edinchen', 'shivabhagwat56', 'muezggt34', 'kamkbetz', 'kierasbr']"
25,168,45,35,32,"['sebastian123', '8122vivian', '7903ambika', 'lokeshg109', 'jeetsumanto123', 'avidrishik', 'rocketman99.sc', 'bhagatmounita13', 'scriptujeyarajan', 'jui', 'yashkane', 'temulkaraarti8', 'leoncastelino', '8082aniket', 'omkarshirsat5143', 'crce.8457.elec', 'omn', '8268ashley', '8463maitreya', '8275joel', '8455shloka', 'crce.8254.elec', 'crce.8250.elec', '8305anmol', 'crce.8279.elec', 'crce.8300.elec', '7611ashishyadav', 'crce.7866.elec', 'swaruptsaju', 'aishwaryaparulekar1', '8262sakshi', 'crce.8255.elec']",13,"['crce.7914.elec', 'saurabhm1996', 'manali.more2106', 'crce.8259.elec', 'crce.8284.elec', 'prags101', 'zhuzibn', '7876noel', 'niketh', '8464komalshinde', 'yadneshsud', 'siddhant.shivdikar', 'sherylcorina']",3,"['anjana2444', 'swapnalimakdey25', 'swapnali']",48,"['saurabhm1996', '8122vivian', 'lokeshg109', 'sherylcorina', 'bhagatmounita13', 'scriptujeyarajan', 'yashkane', 'crce.7914.elec', 'leoncastelino', '8082aniket', 'crce.8259.elec', 'omkarshirsat5143', 'crce.8457.elec', '8463maitreya', '8275joel', 'crce.8254.elec', '8455shloka', 'crce.8250.elec', 'crce.8300.elec', 'yadneshsud', 'crce.8284.elec', 'zhuzibn', 'crce.7866.elec', 'aishwaryaparulekar1', 'niketh', '8262sakshi', 'crce.8255.elec', 'sebastian123', '7903ambika', 'anjana2444', 'jeetsumanto123', 'avidrishik', 'rocketman99.sc', 'siddhant.shivdikar', 'swapnali', 'jui', 'temulkaraarti8', 'omn', '8268ashley', '8305anmol', 'manali.more2106', 'crce.8279.elec', 'prags101', '7876noel', '8464komalshinde', 'swapnalimakdey25', '7611ashishyadav', 'swaruptsaju']"
25,169,45,5,5,"['saurabhm1996', 'crce.8284.elec', '7876noel', '8464komalshinde', 'siddhant.shivdikar']",40,"['sebastian123', '8122vivian', '7903ambika', 'lokeshg109', 'jeetsumanto123', 'avidrishik', 'rocketman99.sc', 'sherylcorina', 'jui', 'scriptujeyarajan', 'bhagatmounita13', 'yashkane', 'crce.7914.elec', 'temulkaraarti8', 'leoncastelino', '8082aniket', 'crce.8259.elec', 'omkarshirsat5143', 'crce.8457.elec', 'omn', '8268ashley', '8463maitreya', '8275joel', 'crce.8254.elec', '8455shloka', 'crce.8250.elec', '8305anmol', 'manali.more2106', 'crce.8279.elec', 'crce.8300.elec', 'prags101', 'yadneshsud', '7611ashishyadav', 'zhuzibn', 'crce.7866.elec', 'swaruptsaju', 'aishwaryaparulekar1', 'niketh', '8262sakshi', 'crce.8255.elec']",0,[],45,"['sebastian123', 'saurabhm1996', '8122vivian', '7903ambika', 'lokeshg109', 'jeetsumanto123', 'avidrishik', 'rocketman99.sc', 'siddhant.shivdikar', 'sherylcorina', 'jui', 'scriptujeyarajan', 'bhagatmounita13', 'yashkane', 'crce.7914.elec', 'temulkaraarti8', 'leoncastelino', '8082aniket', 'crce.8259.elec', 'omkarshirsat5143', 'crce.8457.elec', 'omn', '8268ashley', '8463maitreya', '8275joel', 'crce.8254.elec', '8455shloka', 'crce.8250.elec', '8305anmol', 'manali.more2106', 'crce.8279.elec', 'crce.8300.elec', 'prags101', '7876noel', '8464komalshinde', 'yadneshsud', '7611ashishyadav', 'crce.8284.elec', 'zhuzibn', 'crce.7866.elec', 'swaruptsaju', 'aishwaryaparulekar1', 'niketh', '8262sakshi', 'crce.8255.elec']"
26,189,43,21,18,"['vincenzopioelia', 'christian.bodo', 'chidzahi', 'lucanepote2000', 'alesdu12', 'margheritabruno0', 'simona_zetta', 'kevinetor.piccati', 'barbarazacco', 'miriam.piccinini00', 'ilariaferrari', 'frakkio10', 'giuseppe00', 'tausenrico00', 'silvia00', 'frac98', 'culumusciu16', 'davibarbero']",25,"['s270685', 'marcocapuuu', 'riky_casty', 'kishore0299', 'valentinamarino', 'dylan.tepatzixahuentitla', 'mv.matteovinci', 'gabri5zero', 'edo.bonaventura', 'giulia.cornara', 's269938', 'jaypathak050', 'giuseppecurci', 'lollo', 'gervasio', 'udayashankar', 'ari15', 'enricovalentini', 'davide1234', 'giuseppe.divincenzo21', 'mattebogg', 'lindafabs', 'gerardo.castagno', 'taehojung', 's269258']",3,"['edoardo', 'giulianaberetta', 'eliabronzo03']",46,"['vincenzopioelia', 'lucanepote2000', 'eliabronzo03', 's270685', 'kevinetor.piccati', 'marcocapuuu', 'margheritabruno0', 'simona_zetta', 'riky_casty', 'miriam.piccinini00', 'frakkio10', 'kishore0299', 'valentinamarino', 'culumusciu16', 'dylan.tepatzixahuentitla', 'mv.matteovinci', 'gabri5zero', 'barbarazacco', 'giulianaberetta', 'edo.bonaventura', 'giulia.cornara', 'ilariaferrari', 'tausenrico00', 'giuseppe00', 's269938', 'jaypathak050', 'edoardo', 'giuseppecurci', 'lollo', 'christian.bodo', 'gervasio', 'udayashankar', 'ari15', 'enricovalentini', 'silvia00', 'davibarbero', 'davide1234', 'giuseppe.divincenzo21', 'mattebogg', 'chidzahi', 'alesdu12', 'lindafabs', 'gerardo.castagno', 'frac98', 'taehojung', 's269258']"
26,194,43,10,4,"['giuseppe00', 'davide1234', 'lucanepote2000', 'frac98']",39,"['vincenzopioelia', 's270685', 'kevinetor.piccati', 'marcocapuuu', 'margheritabruno0', 'simona_zetta', 'riky_casty', 'miriam.piccinini00', 'frakkio10', 'kishore0299', 'valentinamarino', 'culumusciu16', 'dylan.tepatzixahuentitla', 'mv.matteovinci', 'gabri5zero', 'barbarazacco', 'edo.bonaventura', 'giulia.cornara', 'ilariaferrari', 'tausenrico00', 's269938', 'jaypathak050', 'giuseppecurci', 'lollo', 'christian.bodo', 'gervasio', 'udayashankar', 'ari15', 'enricovalentini', 'silvia00', 'davibarbero', 'giuseppe.divincenzo21', 'mattebogg', 'chidzahi', 'alesdu12', 'lindafabs', 'gerardo.castagno', 'taehojung', 's269258']",6,"['leilarizzo', 'isaacdelpe', 'pietrog', 'danilo_cammarata', 'edoardo', 'lara.laganis2000']",49,"['vincenzopioelia', 'lucanepote2000', 's270685', 'kevinetor.piccati', 'marcocapuuu', 'margheritabruno0', 'simona_zetta', 'riky_casty', 'miriam.piccinini00', 'frakkio10', 'kishore0299', 'valentinamarino', 'culumusciu16', 'dylan.tepatzixahuentitla', 'lara.laganis2000', 'mv.matteovinci', 'gabri5zero', 'barbarazacco', 'edo.bonaventura', 'giulia.cornara', 'ilariaferrari', 'tausenrico00', 'giuseppe00', 'pietrog', 's269938', 'jaypathak050', 'edoardo', 'giuseppecurci', 'lollo', 'christian.bodo', 'leilarizzo', 'isaacdelpe', 'gervasio', 'udayashankar', 'ari15', 'enricovalentini', 'silvia00', 'davibarbero', 'davide1234', 'giuseppe.divincenzo21', 'mattebogg', 'chidzahi', 'alesdu12', 'lindafabs', 'gerardo.castagno', 'danilo_cammarata', 'frac98', 'taehojung', 's269258']"
26,192,43,9,6,"['lucanepote2000', 'margheritabruno0', 'miriam.piccinini00', 'giuseppe00', 'frac98', 'culumusciu16']",37,"['vincenzopioelia', 's270685', 'kevinetor.piccati', 'marcocapuuu', 'simona_zetta', 'riky_casty', 'frakkio10', 'kishore0299', 'valentinamarino', 'dylan.tepatzixahuentitla', 'mv.matteovinci', 'gabri5zero', 'barbarazacco', 'edo.bonaventura', 'giulia.cornara', 'ilariaferrari', 'tausenrico00', 's269938', 'jaypathak050', 'giuseppecurci', 'lollo', 'christian.bodo', 'gervasio', 'udayashankar', 'ari15', 'enricovalentini', 'silvia00', 'davibarbero', 'davide1234', 'giuseppe.divincenzo21', 'mattebogg', 'chidzahi', 'alesdu12', 'lindafabs', 'gerardo.castagno', 'taehojung', 's269258']",3,"['silviacapozzoli00', 'leonardo1', 'giulianaberetta']",46,"['vincenzopioelia', 'lucanepote2000', 's270685', 'kevinetor.piccati', 'marcocapuuu', 'margheritabruno0', 'simona_zetta', 'riky_casty', 'miriam.piccinini00', 'frakkio10', 'kishore0299', 'valentinamarino', 'culumusciu16', 'dylan.tepatzixahuentitla', 'silviacapozzoli00', 'mv.matteovinci', 'gabri5zero', 'barbarazacco', 'giulianaberetta', 'edo.bonaventura', 'giulia.cornara', 'ilariaferrari', 'tausenrico00', 'giuseppe00', 's269938', 'jaypathak050', 'giuseppecurci', 'lollo', 'christian.bodo', 'gervasio', 'udayashankar', 'ari15', 'enricovalentini', 'silvia00', 'davibarbero', 'davide1234', 'leonardo1', 'giuseppe.divincenzo21', 'mattebogg', 'chidzahi', 'alesdu12', 'lindafabs', 'gerardo.castagno', 'frac98', 'taehojung', 's269258']"
26,190,43,6,4,"['gervasio', 'enricovalentini', 'giuseppe.divincenzo21', 'gerardo.castagno']",39,"['vincenzopioelia', 'lucanepote2000', 's270685', 'kevinetor.piccati', 'marcocapuuu', 'margheritabruno0', 'simona_zetta', 'riky_casty', 'miriam.piccinini00', 'frakkio10', 'kishore0299', 'valentinamarino', 'culumusciu16', 'dylan.tepatzixahuentitla', 'mv.matteovinci', 'gabri5zero', 'barbarazacco', 'edo.bonaventura', 'giulia.cornara', 'ilariaferrari', 'tausenrico00', 'giuseppe00', 's269938', 'jaypathak050', 'giuseppecurci', 'lollo', 'christian.bodo', 'udayashankar', 'ari15', 'silvia00', 'davibarbero', 'davide1234', 'mattebogg', 'chidzahi', 'alesdu12', 'lindafabs', 'frac98', 'taehojung', 's269258']",2,"['antonio.ocarino', 'giubileigaia']",45,"['vincenzopioelia', 'lucanepote2000', 's270685', 'kevinetor.piccati', 'marcocapuuu', 'margheritabruno0', 'simona_zetta', 'riky_casty', 'miriam.piccinini00', 'frakkio10', 'kishore0299', 'valentinamarino', 'culumusciu16', 'dylan.tepatzixahuentitla', 'giubileigaia', 'mv.matteovinci', 'gabri5zero', 'barbarazacco', 'edo.bonaventura', 'giulia.cornara', 'ilariaferrari', 'tausenrico00', 'giuseppe00', 'antonio.ocarino', 's269938', 'jaypathak050', 'giuseppecurci', 'lollo', 'christian.bodo', 'gervasio', 'udayashankar', 'ari15', 'enricovalentini', 'silvia00', 'davibarbero', 'davide1234', 'giuseppe.divincenzo21', 'mattebogg', 'chidzahi', 'alesdu12', 'lindafabs', 'gerardo.castagno', 'frac98', 'taehojung', 's269258']"
26,191,43,6,5,"['mv.matteovinci', 'marcocapuuu', 'ilariaferrari', 'giuseppe00', 'mattebogg']",38,"['vincenzopioelia', 'lucanepote2000', 's270685', 'kevinetor.piccati', 'margheritabruno0', 'simona_zetta', 'riky_casty', 'miriam.piccinini00', 'frakkio10', 'kishore0299', 'valentinamarino', 'culumusciu16', 'dylan.tepatzixahuentitla', 'gabri5zero', 'barbarazacco', 'edo.bonaventura', 'giulia.cornara', 'tausenrico00', 's269938', 'jaypathak050', 'giuseppecurci', 'lollo', 'christian.bodo', 'gervasio', 'udayashankar', 'ari15', 'enricovalentini', 'silvia00', 'davibarbero', 'davide1234', 'giuseppe.divincenzo21', 'chidzahi', 'alesdu12', 'lindafabs', 'gerardo.castagno', 'frac98', 'taehojung', 's269258']",1,['giulianaberetta'],44,"['vincenzopioelia', 'lucanepote2000', 's270685', 'kevinetor.piccati', 'marcocapuuu', 'margheritabruno0', 'simona_zetta', 'riky_casty', 'miriam.piccinini00', 'frakkio10', 'kishore0299', 'valentinamarino', 'culumusciu16', 'dylan.tepatzixahuentitla', 'mv.matteovinci', 'gabri5zero', 'barbarazacco', 'giulianaberetta', 'edo.bonaventura', 'giulia.cornara', 'ilariaferrari', 'tausenrico00', 'giuseppe00', 's269938', 'jaypathak050', 'giuseppecurci', 'lollo', 'christian.bodo', 'gervasio', 'udayashankar', 'ari15', 'enricovalentini', 'silvia00', 'davibarbero', 'davide1234', 'giuseppe.divincenzo21', 'mattebogg', 'chidzahi', 'alesdu12', 'lindafabs', 'gerardo.castagno', 'frac98', 'taehojung', 's269258']"
26,193,43,6,4,"['margheritabruno0', 'giuseppe00', 'frac98', 'culumusciu16']",39,"['vincenzopioelia', 'lucanepote2000', 's270685', 'kevinetor.piccati', 'marcocapuuu', 'simona_zetta', 'riky_casty', 'miriam.piccinini00', 'frakkio10', 'kishore0299', 'valentinamarino', 'dylan.tepatzixahuentitla', 'mv.matteovinci', 'gabri5zero', 'barbarazacco', 'edo.bonaventura', 'giulia.cornara', 'ilariaferrari', 'tausenrico00', 's269938', 'jaypathak050', 'giuseppecurci', 'lollo', 'christian.bodo', 'gervasio', 'udayashankar', 'ari15', 'enricovalentini', 'silvia00', 'davibarbero', 'davide1234', 'giuseppe.divincenzo21', 'mattebogg', 'chidzahi', 'alesdu12', 'lindafabs', 'gerardo.castagno', 'taehojung', 's269258']",2,"['edoardo', 'leonardo1']",45,"['vincenzopioelia', 'lucanepote2000', 's270685', 'kevinetor.piccati', 'marcocapuuu', 'margheritabruno0', 'simona_zetta', 'riky_casty', 'miriam.piccinini00', 'frakkio10', 'kishore0299', 'valentinamarino', 'culumusciu16', 'dylan.tepatzixahuentitla', 'mv.matteovinci', 'gabri5zero', 'barbarazacco', 'edo.bonaventura', 'giulia.cornara', 'ilariaferrari', 'tausenrico00', 'giuseppe00', 's269938', 'jaypathak050', 'edoardo', 'giuseppecurci', 'lollo', 'christian.bodo', 'gervasio', 'udayashankar', 'ari15', 'enricovalentini', 'silvia00', 'davibarbero', 'davide1234', 'leonardo1', 'giuseppe.divincenzo21', 'mattebogg', 'chidzahi', 'alesdu12', 'lindafabs', 'gerardo.castagno', 'frac98', 'taehojung', 's269258']"
27,41,43,17,17,"['fadhil123', 'azrulaiman', 'hziq97', 'azimighani', 'syafiqah97', 'dharmindran', 'megala97', 'nurazwab081810444', 'famirk65', 'huzaimahb081810113', 'sham1997', 'nurelmiera99', 'tafa97', 'nilamsarib081810464', 'aimenfatimah', 'eddie97', 'tasnimnasir96']",26,"['rd8515811', 'xris1995k', 'prajnay97', 'venky98j', 'hmayer_cpslo', 'hln_04', 'mjopepa', 'wanalhafiz97', 'alibro', 'tanmoybaraj', 'srinukp786', 'maria.karra.', 'ranji7685', 'musaibrafiq51', 'nishanthinir', 'sheshu.nani007', 'athina57', 'prernasingh', 'iven2020', 'kelvinho0313', 'muhd_amir97', 'fahmim95', 'danilodiamante', 'sagundalairajendran', 'amanaltaf.exe', 'bccsst91l16a638f']",0,[],43,"['rd8515811', 'hziq97', 'xris1995k', 'prajnay97', 'dharmindran', 'famirk65', 'venky98j', 'nurelmiera99', 'hmayer_cpslo', 'mjopepa', 'hln_04', 'eddie97', 'fadhil123', 'wanalhafiz97', 'azrulaiman', 'syafiqah97', 'nurazwab081810444', 'alibro', 'huzaimahb081810113', 'tanmoybaraj', 'tafa97', 'srinukp786', 'maria.karra.', 'tasnimnasir96', 'ranji7685', 'musaibrafiq51', 'azimighani', 'nishanthinir', 'sheshu.nani007', 'athina57', 'prernasingh', 'iven2020', 'sham1997', 'kelvinho0313', 'nilamsarib081810464', 'muhd_amir97', 'fahmim95', 'danilodiamante', 'sagundalairajendran', 'megala97', 'amanaltaf.exe', 'aimenfatimah', 'bccsst91l16a638f']"
27,44,43,15,3,"['musaibrafiq51', 'rd8515811', 'venky98j']",40,"['hziq97', 'xris1995k', 'prajnay97', 'dharmindran', 'famirk65', 'nurelmiera99', 'hmayer_cpslo', 'hln_04', 'mjopepa', 'eddie97', 'fadhil123', 'wanalhafiz97', 'azrulaiman', 'syafiqah97', 'nurazwab081810444', 'alibro', 'huzaimahb081810113', 'tanmoybaraj', 'tafa97', 'srinukp786', 'maria.karra.', 'tasnimnasir96', 'ranji7685', 'azimighani', 'nishanthinir', 'sheshu.nani007', 'athina57', 'prernasingh', 'iven2020', 'sham1997', 'kelvinho0313', 'nilamsarib081810464', 'muhd_amir97', 'fahmim95', 'danilodiamante', 'sagundalairajendran', 'megala97', 'amanaltaf.exe', 'aimenfatimah', 'bccsst91l16a638f']",12,"['prithvikrishna0', 'sainishubh4697', 'swaroopbhogi', 'nishamanzoor.18', 'saurabhsahu38', 'funuploads0401', 'ateebnaseer', 'inderjitsingh', 'sateeshdivergence', 'sprabhat', 'mohammadsajid', 'ashishphogat1801']",55,"['rd8515811', 'hziq97', 'xris1995k', 'prajnay97', 'dharmindran', 'famirk65', 'venky98j', 'ateebnaseer', 'nurelmiera99', 'inderjitsingh', 'hmayer_cpslo', 'mjopepa', 'hln_04', 'eddie97', 'mohammadsajid', 'fadhil123', 'wanalhafiz97', 'azrulaiman', 'prithvikrishna0', 'syafiqah97', 'nurazwab081810444', 'alibro', 'huzaimahb081810113', 'tanmoybaraj', 'tafa97', 'srinukp786', 'maria.karra.', 'sateeshdivergence', 'tasnimnasir96', 'ranji7685', 'musaibrafiq51', 'azimighani', 'nishanthinir', 'sheshu.nani007', 'athina57', 'prernasingh', 'iven2020', 'sham1997', 'funuploads0401', 'kelvinho0313', 'nilamsarib081810464', 'muhd_amir97', 'ashishphogat1801', 'fahmim95', 'sainishubh4697', 'swaroopbhogi', 'saurabhsahu38', 'danilodiamante', 'sagundalairajendran', 'megala97', 'amanaltaf.exe', 'nishamanzoor.18', 'aimenfatimah', 'sprabhat', 'bccsst91l16a638f']"
27,42,43,9,9,"['hziq97', 'azrulaiman', 'famirk65', 'iven2020', 'sham1997', 'kelvinho0313', 'nilamsarib081810464', 'muhd_amir97', 'hln_04']",34,"['rd8515811', 'xris1995k', 'prajnay97', 'dharmindran', 'venky98j', 'nurelmiera99', 'hmayer_cpslo', 'mjopepa', 'eddie97', 'fadhil123', 'wanalhafiz97', 'syafiqah97', 'nurazwab081810444', 'alibro', 'huzaimahb081810113', 'tanmoybaraj', 'tafa97', 'srinukp786', 'maria.karra.', 'tasnimnasir96', 'ranji7685', 'musaibrafiq51', 'azimighani', 'nishanthinir', 'sheshu.nani007', 'athina57', 'prernasingh', 'fahmim95', 'danilodiamante', 'sagundalairajendran', 'megala97', 'amanaltaf.exe', 'aimenfatimah', 'bccsst91l16a638f']",0,[],43,"['rd8515811', 'hziq97', 'xris1995k', 'prajnay97', 'dharmindran', 'famirk65', 'venky98j', 'nurelmiera99', 'hmayer_cpslo', 'mjopepa', 'hln_04', 'eddie97', 'fadhil123', 'wanalhafiz97', 'azrulaiman', 'syafiqah97', 'nurazwab081810444', 'alibro', 'huzaimahb081810113', 'tanmoybaraj', 'tafa97', 'srinukp786', 'maria.karra.', 'tasnimnasir96', 'ranji7685', 'musaibrafiq51', 'azimighani', 'nishanthinir', 'sheshu.nani007', 'athina57', 'prernasingh', 'iven2020', 'sham1997', 'kelvinho0313', 'nilamsarib081810464', 'muhd_amir97', 'fahmim95', 'danilodiamante', 'sagundalairajendran', 'megala97', 'amanaltaf.exe', 'aimenfatimah', 'bccsst91l16a638f']"
27,45,43,6,1,['sheshu.nani007'],42,"['rd8515811', 'hziq97', 'xris1995k', 'prajnay97', 'dharmindran', 'famirk65', 'venky98j', 'nurelmiera99', 'hmayer_cpslo', 'mjopepa', 'hln_04', 'eddie97', 'fadhil123', 'wanalhafiz97', 'azrulaiman', 'syafiqah97', 'nurazwab081810444', 'alibro', 'huzaimahb081810113', 'tanmoybaraj', 'tafa97', 'srinukp786', 'maria.karra.', 'tasnimnasir96', 'ranji7685', 'musaibrafiq51', 'azimighani', 'nishanthinir', 'athina57', 'prernasingh', 'iven2020', 'sham1997', 'kelvinho0313', 'nilamsarib081810464', 'muhd_amir97', 'fahmim95', 'danilodiamante', 'sagundalairajendran', 'megala97', 'amanaltaf.exe', 'aimenfatimah', 'bccsst91l16a638f']",5,"['utkarsh_jais', 'manojchittimoju98', 'ambuj.sahu.nanohubiitkgp', '20mv01', 'mehboob']",48,"['rd8515811', 'utkarsh_jais', 'hziq97', 'xris1995k', 'prajnay97', 'dharmindran', 'famirk65', 'venky98j', 'nurelmiera99', 'mehboob', 'hmayer_cpslo', 'mjopepa', 'hln_04', 'eddie97', 'fadhil123', 'wanalhafiz97', 'azrulaiman', 'manojchittimoju98', 'syafiqah97', 'nurazwab081810444', 'alibro', 'huzaimahb081810113', 'tanmoybaraj', 'tafa97', 'srinukp786', 'maria.karra.', 'tasnimnasir96', 'ranji7685', 'musaibrafiq51', 'azimighani', 'nishanthinir', 'sheshu.nani007', 'athina57', 'prernasingh', 'iven2020', 'sham1997', 'kelvinho0313', 'nilamsarib081810464', 'muhd_amir97', 'fahmim95', 'danilodiamante', 'sagundalairajendran', 'megala97', 'amanaltaf.exe', 'ambuj.sahu.nanohubiitkgp', '20mv01', 'aimenfatimah', 'bccsst91l16a638f']"
27,43,43,5,1,['nishanthinir'],42,"['rd8515811', 'hziq97', 'xris1995k', 'prajnay97', 'dharmindran', 'famirk65', 'venky98j', 'nurelmiera99', 'hmayer_cpslo', 'mjopepa', 'hln_04', 'eddie97', 'fadhil123', 'wanalhafiz97', 'azrulaiman', 'syafiqah97', 'nurazwab081810444', 'alibro', 'huzaimahb081810113', 'tanmoybaraj', 'tafa97', 'srinukp786', 'maria.karra.', 'tasnimnasir96', 'ranji7685', 'musaibrafiq51', 'azimighani', 'sheshu.nani007', 'athina57', 'prernasingh', 'iven2020', 'sham1997', 'kelvinho0313', 'nilamsarib081810464', 'muhd_amir97', 'fahmim95', 'danilodiamante', 'sagundalairajendran', 'megala97', 'amanaltaf.exe', 'aimenfatimah', 'bccsst91l16a638f']",4,"['20mv33', 'jenef_98', 'krl.ece', '20mv34']",47,"['rd8515811', 'hziq97', 'xris1995k', 'prajnay97', 'dharmindran', 'famirk65', 'venky98j', 'nurelmiera99', 'hmayer_cpslo', 'mjopepa', 'hln_04', 'eddie97', 'krl.ece', 'fadhil123', 'wanalhafiz97', 'azrulaiman', 'syafiqah97', 'nurazwab081810444', 'alibro', 'huzaimahb081810113', 'tanmoybaraj', 'tafa97', 'srinukp786', 'jenef_98', 'maria.karra.', 'tasnimnasir96', 'ranji7685', 'musaibrafiq51', 'azimighani', 'nishanthinir', 'sheshu.nani007', 'athina57', 'prernasingh', 'iven2020', 'sham1997', '20mv33', 'kelvinho0313', 'nilamsarib081810464', 'muhd_amir97', 'fahmim95', 'danilodiamante', 'sagundalairajendran', 'megala97', 'amanaltaf.exe', '20mv34', 'aimenfatimah', 'bccsst91l16a638f']"
28,181,40,42,6,"['dcudzi2', 'kirajm2', 'jaredf2', 'hanlinw3', 'mrc13', 'malonzo2']",34,"['maxro2', 'nadyarw2', 'wesleypa', 'saranyanaskar', 'akhilam2', 'kirannk2', 'shanpra', 'krquinn', 'cablood', 'aakashg2', 'nm29', 'kylievittetoe', 'spraveen', 'suhaas2', 'kentlw2', 'minseok', 'nollett2', 'efs2', 'myrta', 'mjn9', 'dikaap2', 'vrahul', 'gkatsukis', 'eduquet2', 'cjmack2', 'jingbo2', 'mbow', 'bremner4', 'aniketk2', 'advays2', 'fbaysa2', 'kaiyans3', 'mschulz5', 'lct2']",36,"['nwa2', 'efalse2', 'xinzhih2', 'aaguero2', 'eoh23', 'benvau2', 'zainab2', 'ssibi2', 'msiddi60', 'bnw4', 'msolis27', 'ryanlim2', 'hyunbin2', 'wrishk2', 'dhamill2', 'jacobt6', 'boyazhu2', 'sendres2', 'torsr2', 'yuchang3', 'ryusuke2', 'ddejong2', 'jalies2', 'fulcrum', 'chyu3', 'anm9', 'jheaton3', 'juliawp2', 'jinyang9', 'aleahht2', 'shawnc2', 'jrange23', 'nk13', 'sali93', 'iajifo2', 'niharrm2']",76,"['maxro2', 'jaredf2', 'nadyarw2', 'xinzhih2', 'aaguero2', 'saranyanaskar', 'akhilam2', 'eoh23', 'shanpra', 'cablood', 'kylievittetoe', 'spraveen', 'suhaas2', 'ssibi2', 'msiddi60', 'kentlw2', 'minseok', 'msolis27', 'ryanlim2', 'nollett2', 'myrta', 'jacobt6', 'sendres2', 'dikaap2', 'hanlinw3', 'jalies2', 'chyu3', 'eduquet2', 'cjmack2', 'anm9', 'jheaton3', 'jinyang9', 'mbow', 'aleahht2', 'aniketk2', 'advays2', 'sali93', 'kaiyans3', 'iajifo2', 'mschulz5', 'mrc13', 'malonzo2', 'niharrm2', 'nwa2', 'efalse2', 'wesleypa', 'kirannk2', 'krquinn', 'benvau2', 'aakashg2', 'nm29', 'zainab2', 'bnw4', 'hyunbin2', 'wrishk2', 'efs2', 'boyazhu2', 'mjn9', 'dhamill2', 'torsr2', 'yuchang3', 'vrahul', 'gkatsukis', 'ryusuke2', 'ddejong2', 'fulcrum', 'jingbo2', 'dcudzi2', 'juliawp2', 'kirajm2', 'shawnc2', 'bremner4', 'jrange23', 'nk13', 'fbaysa2', 'lct2']"
28,102,40,25,5,"['cablood', 'mbow', 'spraveen', 'minseok', 'wesleypa']",35,"['maxro2', 'nadyarw2', 'jaredf2', 'saranyanaskar', 'akhilam2', 'kirannk2', 'shanpra', 'krquinn', 'aakashg2', 'nm29', 'kylievittetoe', 'suhaas2', 'kentlw2', 'nollett2', 'efs2', 'myrta', 'mjn9', 'dikaap2', 'vrahul', 'gkatsukis', 'hanlinw3', 'eduquet2', 'cjmack2', 'jingbo2', 'dcudzi2', 'kirajm2', 'bremner4', 'aniketk2', 'advays2', 'fbaysa2', 'kaiyans3', 'mschulz5', 'mrc13', 'malonzo2', 'lct2']",20,"['briroest', 'dylanae', 'kli_macks', 'virgiljw', 'jdtschir', 'rnalbert25', 'cjrome', 'julisanc', 'rgast', 'mfparr', 'lboals', 'eparlow', 'mooka', 'dukelau', 'epeachus', 'nmccar', 'krishabh', 'nleginza', 'jpmurph', 'kamkbetz']",60,"['briroest', 'dylanae', 'maxro2', 'jaredf2', 'nadyarw2', 'kli_macks', 'virgiljw', 'wesleypa', 'saranyanaskar', 'jdtschir', 'akhilam2', 'kirannk2', 'krquinn', 'shanpra', 'cablood', 'rnalbert25', 'cjrome', 'julisanc', 'aakashg2', 'nm29', 'kylievittetoe', 'spraveen', 'suhaas2', 'rgast', 'kentlw2', 'mfparr', 'minseok', 'nollett2', 'efs2', 'myrta', 'mjn9', 'kamkbetz', 'lboals', 'dikaap2', 'vrahul', 'gkatsukis', 'eparlow', 'hanlinw3', 'mooka', 'dukelau', 'eduquet2', 'cjmack2', 'jingbo2', 'epeachus', 'dcudzi2', 'nmccar', 'mbow', 'kirajm2', 'krishabh', 'bremner4', 'aniketk2', 'advays2', 'nleginza', 'fbaysa2', 'kaiyans3', 'mschulz5', 'jpmurph', 'mrc13', 'malonzo2', 'lct2']"
28,107,40,18,17,"['dcudzi2', 'kirajm2', 'maxro2', 'nadyarw2', 'bremner4', 'malonzo2', 'aakashg2', 'suhaas2', 'hanlinw3', 'fbaysa2', 'cjmack2', 'mschulz5', 'eduquet2', 'nollett2', 'efs2', 'mjn9', 'lct2']",23,"['jaredf2', 'wesleypa', 'saranyanaskar', 'akhilam2', 'kirannk2', 'shanpra', 'krquinn', 'cablood', 'kylievittetoe', 'nm29', 'spraveen', 'kentlw2', 'minseok', 'myrta', 'dikaap2', 'vrahul', 'gkatsukis', 'jingbo2', 'mbow', 'aniketk2', 'advays2', 'kaiyans3', 'mrc13']",1,['kkang14'],41,"['maxro2', 'jaredf2', 'nadyarw2', 'wesleypa', 'saranyanaskar', 'akhilam2', 'kirannk2', 'krquinn', 'shanpra', 'cablood', 'aakashg2', 'nm29', 'kylievittetoe', 'spraveen', 'suhaas2', 'kentlw2', 'minseok', 'nollett2', 'efs2', 'myrta', 'mjn9', 'dikaap2', 'vrahul', 'gkatsukis', 'hanlinw3', 'eduquet2', 'cjmack2', 'jingbo2', 'dcudzi2', 'mbow', 'kirajm2', 'bremner4', 'aniketk2', 'advays2', 'fbaysa2', 'kaiyans3', 'kkang14', 'mschulz5', 'mrc13', 'malonzo2', 'lct2']"
28,106,40,6,5,"['mbow', 'kylievittetoe', 'spraveen', 'wesleypa', 'minseok']",35,"['maxro2', 'jaredf2', 'nadyarw2', 'saranyanaskar', 'akhilam2', 'kirannk2', 'krquinn', 'shanpra', 'cablood', 'aakashg2', 'nm29', 'suhaas2', 'kentlw2', 'nollett2', 'efs2', 'myrta', 'mjn9', 'dikaap2', 'vrahul', 'gkatsukis', 'hanlinw3', 'eduquet2', 'cjmack2', 'jingbo2', 'dcudzi2', 'kirajm2', 'bremner4', 'aniketk2', 'advays2', 'fbaysa2', 'kaiyans3', 'mschulz5', 'mrc13', 'malonzo2', 'lct2']",1,['jshangraw'],41,"['maxro2', 'jaredf2', 'nadyarw2', 'jshangraw', 'wesleypa', 'saranyanaskar', 'akhilam2', 'kirannk2', 'krquinn', 'shanpra', 'cablood', 'aakashg2', 'nm29', 'kylievittetoe', 'spraveen', 'suhaas2', 'kentlw2', 'minseok', 'nollett2', 'efs2', 'myrta', 'mjn9', 'dikaap2', 'vrahul', 'gkatsukis', 'hanlinw3', 'eduquet2', 'cjmack2', 'jingbo2', 'dcudzi2', 'mbow', 'kirajm2', 'bremner4', 'aniketk2', 'advays2', 'fbaysa2', 'kaiyans3', 'mschulz5', 'mrc13', 'malonzo2', 'lct2']"
29,221,39,283,9,"['sungjooncho', 'yyerim', 'also0714', 'man6787', 'cactusnoh', 'wys142', 'hj980217', 'jeus63', 'sungjoon.cho97']",30,"['kmjysys', 'yermin3196', 'jkr3623', 'choichoi1217', 'kalibee', 'bagpag0412', 'shawutss', 'eb32862', 'younsk666', 'systartup', 'rbdud220', 'anunshi0214', 'myeonu', 'rhdcor05', 'ckgk77', 'jaycho0309', 'kevin726', 'jkj9316', 'diana9697', 'gunstux', 'ekdhafs', 'sou06101', 'hjy0909', 'wjddn308', 'yeyeye1', 'jsjjsung1996', 'hwan10353', 'yuseap1111', 'ekdh4301', 'jrish']",274,"['baqer', 'wingitalways', 'murattdo', 's16c028b', 'amandabrum', 'j176601', 'kaiseale', 'kaynegalie', 'ogu0001', 'l201843', 'cheeseybacon', 'madisonmiller', 'hamastahir19', 'jaycwilson23', 'jef325', 'aingles', 'briann', 'arif.ozkan5806', 'aaronrivasterron', 'justiejoseph', 'cartermchris1', 'ge.6cg7', 'chrixang18', 'iuri', 'd093641', 'mtakcali', 'nicoladegiuseppe19', 'sabolton', 'maxguipil', 'v257028', 'uuganbayaro', 'lenoirr', 'andrew217usmc', 'tg2016', 'anujgarg939', 'leeluanling123', 'tudimubunmi', 'deguirejasmin', 'lpentzke', 'cancetinkaya1201', 'fredysanchez2', 'newele', 'drogalski', 'olivier35', 'i.lutticken', 'eschruba', 'julianyordano', 'maxiasensio', 'u1250344', 'mariapl200896', 'ulusoy2006', 'ethan.caballero', 'jhahn95', 'matthew.jones98', 'huseyinu', 'sebasmarquez90', 'cdutreil', 'plaggeme', 'dicef', 'rakaiit', 'burnett.william', 'kyenyarkolemuel', 'tserenkhand', 'santosalexis1817', 'pw8', 'mangabera10', 'smontero', 'jequito', 'susannareggiani', 'anapv177', 'sholliday643', 'paezjuanagustin47', 'c195673', 'u1089358', 'grantmorris656', 'guillermo99', 'jake.m.hall876', 'johndoe2341341243', 'annikadasher', 'marcantoineduval', 'magnoliajasper', 'lkipfer', 'halilibrahimtiken', 'charles.dambra', 'arno.yu610168', 'heatherleaf', 'fedele.penna', 'pkj71794g', 'sd226', 'thboth', 'ashishchr', 'cibranlpz', 'joejfranzo', 'jimenezph', 'andresaraiva', 'jako91', 'danielclapp99', 'fafrin2', 'phhuang', 'evakolmel', 'retrewtewrt', 'psuzhouy', 'fpincock', 'asif0047', 'mrgiraffe', 'anshshah2011', 'oktayhalitekinay', 'u6007941', 'rynk.john', 'pmcnutt2', 'miguelcb', 'ana23', 'maria.irausquin', 'aldanafloyd', 'lorenzoholguin12', 'martin.mg98.10', 'kianamon', 'rajsingh', 'cninja99', 'lokesht123', 'ainhoaab', 'zepfan026', 'burak9836', 'chastintruelove', 'semmi.spado00', 'enhjinhanabi', 'f215766', 'caseyamick', 'mmei', 'vritota', 'm241617', 'poorar21', 'roiaso', 'gazerlo', 'ogandocortes', 'santox2000', 'u0916393', 'stiml1144', 'emani', 'mstff.1clkk', 'jrobinson5', 'lewisgf20', 'jbonez411', 'ervndgn59', 'ftah', 'alexander.lee', 'alexdallee17', 'xiaokaizhong99', 'nsh0004', 'julianawallgren', 'moshelem', 'ts992', 'ncm0007', 'a194117', 'terje', 'liqizhou', 'kellen.wise', 'hrhlauraa', 'trivellin', 'rosadourada9', 'hlong262', 'blane', 'aaroncoonu', 'yorkiiii', 'sandip83', 'aravindh', 'kayleneechong', 'mos_noob', 'garciacarrillojudith', 'kst48', 'zse0147', 'jschewinsky', 'sbentz', 'lerner', 'nanobeam', 'k.hildenbrand', 'yesimcakmakc', 'syoonhan', 'cameronframpton', 'rossop', 'joshuabush', 'nbhat0792', 'cacuy', 'hjp44', 'amrita_lovelace', 'mollykole', 'avivlavan', 'daddysexual', 'jsanmartin1', 'nguyendaniel', 'josemanuel3', 'nfranzoni', 'davidr27', 'spazos7', 'tomasx', 'mahnoor.syed29', 'durgaprasadkhatri2011', 'clizarazo', 'saradiazr', 'berrospidavid7', 'krusso448', 'hjlim9612', 'j218711', 'theurgeboat', 'wdeaweqwdas', 'pspiotrowicz1', 'fabio.aragao.santos', 'nickm', 'mtynski', 'jsathanand', 'bmirzapouebe', 'panellink1', 't224622', 'raul292', 'choudh23', 'rylandkate', 'mrtmert98', 'emreyilmazel1996', 'testeremre70', 'lctasende3', 'nuriamjusc', 'sarah.youssef', 'ol_ac', 'jack522577', 'fatanehjenabi', 'olga.casals', 'mrbunnyman', 'dolaydemirel', 'gabriel.pzanoni', 'd33r00', 'jeption2025', 's16c045b', 'arianebarreto', 'borja.bayon', 'costasdiego97', 'kmerino', 'asdksnfksfkmd', 'johnganiban', 'elena.gnani', 'xiaoyuzhang', 'thomasspradley', '8223freret', 'jdgerling', 'sqlim94', 'abaringer', 'lobsterben13', 'dongmingli', 'm203442', 'sabe425', 'longstreetjacob', 'sebrobarts', 'kodurur', 'philippeblaise', 'omarloay99', 'ee17resch11016', 'ege.ert7', 'eminasuljic', 'alirose12', 'haren22', 'martinotero', 'r207733', 'reuben90', 'npatta.1986', 'octoman1080x', 'vincentdoucet22', 'ronitronit119', 'felipemachado', 'elel30182', 'hcha71', 'nmorgan1', 'anxooo', 'damianonetto', 'cbandel', 'jason.earl']",313,"['baqer', 'wingitalways', 'jkr3623', 'murattdo', 's16c028b', 'amandabrum', 'j176601', 'kaiseale', 'kaynegalie', 'ogu0001', 'l201843', 'cheeseybacon', 'madisonmiller', 'ckgk77', 'hamastahir19', 'jaycho0309', 'jaycwilson23', 'jef325', 'aingles', 'briann', 'arif.ozkan5806', 'aaronrivasterron', 'justiejoseph', 'sou06101', 'cartermchris1', 'ge.6cg7', 'chrixang18', 'iuri', 'd093641', 'mtakcali', 'jason.earl', 'nicoladegiuseppe19', 'sabolton', 'maxguipil', 'v257028', 'uuganbayaro', 'jsjjsung1996', 'lenoirr', 'andrew217usmc', 'tg2016', 'jeus63', 'anujgarg939', 'leeluanling123', 'tudimubunmi', 'deguirejasmin', 'choichoi1217', 'lpentzke', 'cancetinkaya1201', 'fredysanchez2', 'newele', 'drogalski', 'olivier35', 'i.lutticken', 'eschruba', 'julianyordano', 'maxiasensio', 'u1250344', 'wys142', 'mariapl200896', 'ulusoy2006', 'ethan.caballero', 'jhahn95', 'matthew.jones98', 'huseyinu', 'sebasmarquez90', 'diana9697', 'cdutreil', 'plaggeme', 'dicef', 'rakaiit', 'burnett.william', 'kyenyarkolemuel', 'yeyeye1', 'tserenkhand', 'santosalexis1817', 'pw8', 'mangabera10', 'smontero', 'jequito', 'sungjoon.cho97', 'susannareggiani', 'anapv177', 'sholliday643', 'paezjuanagustin47', 'yyerim', 'c195673', 'u1089358', 'bagpag0412', 'grantmorris656', 'guillermo99', 'jake.m.hall876', 'systartup', 'johndoe2341341243', 'annikadasher', 'marcantoineduval', 'magnoliajasper', 'lkipfer', 'halilibrahimtiken', 'charles.dambra', 'also0714', 'kevin726', 'arno.yu610168', 'heatherleaf', 'hj980217', 'fedele.penna', 'pkj71794g', 'sd226', 'thboth', 'ashishchr', 'cibranlpz', 'joejfranzo', 'jimenezph', 'andresaraiva', 'hwan10353', 'jako91', 'danielclapp99', 'fafrin2', 'phhuang', 'evakolmel', 'retrewtewrt', 'psuzhouy', 'fpincock', 'asif0047', 'mrgiraffe', 'sungjooncho', 'anshshah2011', 'younsk666', 'oktayhalitekinay', 'u6007941', 'rynk.john', 'pmcnutt2', 'miguelcb', 'ana23', 'gunstux', 'maria.irausquin', 'aldanafloyd', 'lorenzoholguin12', 'martin.mg98.10', 'kianamon', 'rajsingh', 'cninja99', 'lokesht123', 'ainhoaab', 'zepfan026', 'burak9836', 'chastintruelove', 'semmi.spado00', 'enhjinhanabi', 'yuseap1111', 'f215766', 'caseyamick', 'mmei', 'vritota', 'kmjysys', 'yermin3196', 'm241617', 'poorar21', 'roiaso', 'gazerlo', 'ogandocortes', 'santox2000', 'u0916393', 'stiml1144', 'emani', 'eb32862', 'mstff.1clkk', 'jrobinson5', 'lewisgf20', 'jbonez411', 'ervndgn59', 'ftah', 'alexander.lee', 'rbdud220', 'alexdallee17', 'xiaokaizhong99', 'rhdcor05', 'nsh0004', 'julianawallgren', 'moshelem', 'ts992', 'ncm0007', 'a194117', 'terje', 'liqizhou', 'kellen.wise', 'hrhlauraa', 'trivellin', 'rosadourada9', 'hlong262', 'blane', 'aaroncoonu', 'yorkiiii', 'sandip83', 'wjddn308', 'aravindh', 'kayleneechong', 'mos_noob', 'garciacarrillojudith', 'kst48', 'zse0147', 'jschewinsky', 'kalibee', 'sbentz', 'lerner', 'nanobeam', 'k.hildenbrand', 'yesimcakmakc', 'syoonhan', 'cameronframpton', 'rossop', 'joshuabush', 'nbhat0792', 'myeonu', 'cacuy', 'hjp44', 'amrita_lovelace', 'mollykole', 'avivlavan', 'daddysexual', 'jsanmartin1', 'nguyendaniel', 'josemanuel3', 'nfranzoni', 'davidr27', 'spazos7', 'tomasx', 'mahnoor.syed29', 'durgaprasadkhatri2011', 'clizarazo', 'saradiazr', 'berrospidavid7', 'krusso448', 'hjlim9612', 'j218711', 'theurgeboat', 'wdeaweqwdas', 'pspiotrowicz1', 'shawutss', 'fabio.aragao.santos', 'nickm', 'mtynski', 'cactusnoh', 'jsathanand', 'bmirzapouebe', 'panellink1', 't224622', 'anunshi0214', 'raul292', 'choudh23', 'rylandkate', 'mrtmert98', 'jkj9316', 'emreyilmazel1996', 'testeremre70', 'lctasende3', 'ekdhafs', 'nuriamjusc', 'sarah.youssef', 'ol_ac', 'jack522577', 'man6787', 'olga.casals', 'mrbunnyman', 'fatanehjenabi', 'dolaydemirel', 'gabriel.pzanoni', 'd33r00', 'jeption2025', 's16c045b', 'arianebarreto', 'borja.bayon', 'costasdiego97', 'kmerino', 'asdksnfksfkmd', 'johnganiban', 'elena.gnani', 'xiaoyuzhang', 'thomasspradley', '8223freret', 'jdgerling', 'sqlim94', 'abaringer', 'lobsterben13', 'dongmingli', 'm203442', 'sabe425', 'longstreetjacob', 'sebrobarts', 'kodurur', 'philippeblaise', 'omarloay99', 'ee17resch11016', 'ege.ert7', 'eminasuljic', 'alirose12', 'haren22', 'martinotero', 'r207733', 'reuben90', 'npatta.1986', 'octoman1080x', 'vincentdoucet22', 'ronitronit119', 'felipemachado', 'elel30182', 'hjy0909', 'hcha71', 'nmorgan1', 'anxooo', 'damianonetto', 'cbandel', 'ekdh4301', 'jrish']"
29,9,39,32,20,"['yermin3196', 'yyerim', 'choichoi1217', 'sungjooncho', 'bagpag0412', 'eb32862', 'cactusnoh', 'wys142', 'younsk666', 'also0714', 'jkj9316', 'gunstux', 'hj980217', 'wjddn308', 'man6787', 'yeyeye1', 'hwan10353', 'jeus63', 'yuseap1111', 'sungjoon.cho97']",19,"['kmjysys', 'jkr3623', 'kalibee', 'shawutss', 'systartup', 'rbdud220', 'anunshi0214', 'myeonu', 'rhdcor05', 'ckgk77', 'jaycho0309', 'kevin726', 'diana9697', 'ekdhafs', 'sou06101', 'hjy0909', 'jsjjsung1996', 'ekdh4301', 'jrish']",12,"['hcha71', 'comebacktome', 'hoonny5343', 'kgj9056', 'zparkwd', 'mindk24', 'qudgur96', 'geunwonjeong', 'oyesj97', 'b615011', 'paragt1026', 'seobstantial']",51,"['kmjysys', 'yermin3196', 'jkr3623', 'yyerim', 'qudgur96', 'choichoi1217', 'kalibee', 'b615011', 'sungjooncho', 'bagpag0412', 'comebacktome', 'hoonny5343', 'jrish', 'shawutss', 'eb32862', 'kgj9056', 'zparkwd', 'cactusnoh', 'younsk666', 'wys142', 'oyesj97', 'systartup', 'paragt1026', 'rbdud220', 'anunshi0214', 'myeonu', 'rhdcor05', 'ckgk77', 'jaycho0309', 'kevin726', 'jkj9316', 'also0714', 'diana9697', 'mindk24', 'gunstux', 'ekdhafs', 'hj980217', 'sou06101', 'seobstantial', 'hjy0909', 'hcha71', 'wjddn308', 'man6787', 'yeyeye1', 'jsjjsung1996', 'hwan10353', 'geunwonjeong', 'jeus63', 'yuseap1111', 'ekdh4301', 'sungjoon.cho97']"
30,88,37,23,1,['jake.julia'],36,"['jimmywatt', 'aproudnik', 'jfranco1', 'arnoldkenneth', 'antural', 'hugo.gomez', 'jvillanueva1', 'cholber', 'ztillman', 'michaelarena', 'ishamor.reid', 'vshiwmangal1', 'gsookai', 'erocha', 'jnunez2', 'juanrodrigue', 'matthewjager', 'boris.iliev', 'colebarker', 'kimc', 'cwoodahl', 'johnmorin', 'jaxsonjerger', 'michael.neswold', 'ihvojnik', 'nchowdary', 'ian.press', 'lichen444', 'skylarraewilson', 'jovermeyer', 'reditola', 'afruge', 'matthewgerstel', 'c.ohalloran', 'shaneauberger', 'allysonkindel']",22,"['rao.mihir', 'mcarreno', 'sophia.corrales', 'robertkaufman1', 'brandongarver', 'kyle.james', 'kayladunnuck', 'walter.sanchez', 'btreacy', 'nicolas.yanez', 'glorber', 'frankvigoa', 'rsanchezcereijo', 'ksantaniello', 'zhewitt', 'joel.cruz', 'arodriguez30', 'exirinach', 'a.santana', 'm.mcguinness', 'jweichselbaumer', 'sgandhi']",59,"['jimmywatt', 'aproudnik', 'mcarreno', 'jfranco1', 'arnoldkenneth', 'antural', 'rao.mihir', 'sophia.corrales', 'robertkaufman1', 'hugo.gomez', 'jvillanueva1', 'cholber', 'ztillman', 'michaelarena', 'brandongarver', 'ishamor.reid', 'vshiwmangal1', 'gsookai', 'erocha', 'jnunez2', 'kyle.james', 'kayladunnuck', 'walter.sanchez', 'juanrodrigue', 'matthewjager', 'btreacy', 'boris.iliev', 'colebarker', 'kimc', 'nicolas.yanez', 'cwoodahl', 'johnmorin', 'jaxsonjerger', 'michael.neswold', 'ihvojnik', 'nchowdary', 'ian.press', 'frankvigoa', 'glorber', 'rsanchezcereijo', 'lichen444', 'ksantaniello', 'zhewitt', 'skylarraewilson', 'joel.cruz', 'jovermeyer', 'reditola', 'arodriguez30', 'exirinach', 'afruge', 'matthewgerstel', 'a.santana', 'c.ohalloran', 'shaneauberger', 'jake.julia', 'm.mcguinness', 'jweichselbaumer', 'sgandhi', 'allysonkindel']"
30,49,37,18,17,"['michaelarena', 'ishamor.reid', 'matthewgerstel', 'jimmywatt', 'erocha', 'c.ohalloran', 'arnoldkenneth', 'jake.julia', 'juanrodrigue', 'hugo.gomez', 'kimc', 'colebarker', 'cholber', 'johnmorin', 'michael.neswold', 'ihvojnik', 'cwoodahl']",20,"['aproudnik', 'jfranco1', 'antural', 'jvillanueva1', 'ztillman', 'vshiwmangal1', 'gsookai', 'jnunez2', 'matthewjager', 'boris.iliev', 'jaxsonjerger', 'ian.press', 'nchowdary', 'lichen444', 'skylarraewilson', 'jovermeyer', 'reditola', 'afruge', 'shaneauberger', 'allysonkindel']",1,['gcioffi'],38,"['jimmywatt', 'aproudnik', 'gcioffi', 'jfranco1', 'arnoldkenneth', 'antural', 'hugo.gomez', 'jvillanueva1', 'cholber', 'ztillman', 'michaelarena', 'ishamor.reid', 'vshiwmangal1', 'gsookai', 'erocha', 'jnunez2', 'juanrodrigue', 'matthewjager', 'boris.iliev', 'colebarker', 'kimc', 'cwoodahl', 'johnmorin', 'jaxsonjerger', 'michael.neswold', 'ihvojnik', 'nchowdary', 'ian.press', 'lichen444', 'skylarraewilson', 'jovermeyer', 'reditola', 'afruge', 'matthewgerstel', 'c.ohalloran', 'shaneauberger', 'jake.julia', 'allysonkindel']"
30,146,37,6,5,"['vshiwmangal1', 'skylarraewilson', 'matthewjager', 'jvillanueva1', 'ian.press']",32,"['jimmywatt', 'aproudnik', 'jfranco1', 'arnoldkenneth', 'antural', 'hugo.gomez', 'cholber', 'ztillman', 'michaelarena', 'ishamor.reid', 'gsookai', 'erocha', 'jnunez2', 'juanrodrigue', 'boris.iliev', 'colebarker', 'kimc', 'cwoodahl', 'johnmorin', 'jaxsonjerger', 'michael.neswold', 'ihvojnik', 'nchowdary', 'lichen444', 'jovermeyer', 'reditola', 'afruge', 'matthewgerstel', 'c.ohalloran', 'shaneauberger', 'jake.julia', 'allysonkindel']",1,['pniraula'],38,"['jimmywatt', 'aproudnik', 'jfranco1', 'arnoldkenneth', 'antural', 'hugo.gomez', 'jvillanueva1', 'cholber', 'ztillman', 'michaelarena', 'ishamor.reid', 'vshiwmangal1', 'gsookai', 'erocha', 'jnunez2', 'juanrodrigue', 'matthewjager', 'boris.iliev', 'colebarker', 'kimc', 'cwoodahl', 'johnmorin', 'jaxsonjerger', 'michael.neswold', 'ihvojnik', 'nchowdary', 'ian.press', 'lichen444', 'skylarraewilson', 'jovermeyer', 'reditola', 'afruge', 'matthewgerstel', 'c.ohalloran', 'shaneauberger', 'jake.julia', 'pniraula', 'allysonkindel']"
31,221,37,283,3,"['fpincock', 'baqer', 'u1089358']",34,"['u1122975', 'dompm123', 'abdoug', 'maxcleveland73', 'kevindiu', 'u1007283', 'lucas_thm_de', 'aileyvaa', 'clairew4', 'lyssiann428', 'paulbrown', 'u0582779', 'gmatteo.cossu', 'yoyoyuan', 'sjf0003', 'yungggwei', 'audranp', 'u1201149', 'ddyreng1', 'thmfays', 'u1251024', 'u1348448', 'u1083849', 'u1250307', '3rdbesemean00', 'fmmkenny', 'u1036813', 'federicozg96', 'jurek.smyrski', 'benjamin.methot', 'fredericberthiaume1234', 'ran', 'u1168279', 'u1298265']",280,"['wingitalways', 'murattdo', 's16c028b', 'amandabrum', 'j176601', 'kaiseale', 'kaynegalie', 'ogu0001', 'l201843', 'cheeseybacon', 'madisonmiller', 'hamastahir19', 'jaycwilson23', 'jef325', 'aingles', 'briann', 'arif.ozkan5806', 'aaronrivasterron', 'justiejoseph', 'cartermchris1', 'ge.6cg7', 'chrixang18', 'iuri', 'd093641', 'mtakcali', 'nicoladegiuseppe19', 'sabolton', 'maxguipil', 'v257028', 'uuganbayaro', 'lenoirr', 'andrew217usmc', 'tg2016', 'jeus63', 'anujgarg939', 'leeluanling123', 'tudimubunmi', 'deguirejasmin', 'lpentzke', 'cancetinkaya1201', 'fredysanchez2', 'newele', 'drogalski', 'olivier35', 'i.lutticken', 'eschruba', 'julianyordano', 'maxiasensio', 'u1250344', 'wys142', 'mariapl200896', 'ulusoy2006', 'ethan.caballero', 'jhahn95', 'matthew.jones98', 'huseyinu', 'sebasmarquez90', 'cdutreil', 'plaggeme', 'dicef', 'rakaiit', 'burnett.william', 'kyenyarkolemuel', 'tserenkhand', 'santosalexis1817', 'pw8', 'mangabera10', 'smontero', 'jequito', 'sungjoon.cho97', 'susannareggiani', 'anapv177', 'sholliday643', 'paezjuanagustin47', 'yyerim', 'c195673', 'grantmorris656', 'guillermo99', 'jake.m.hall876', 'johndoe2341341243', 'annikadasher', 'marcantoineduval', 'magnoliajasper', 'lkipfer', 'halilibrahimtiken', 'charles.dambra', 'also0714', 'arno.yu610168', 'heatherleaf', 'fedele.penna', 'pkj71794g', 'hj980217', 'sd226', 'thboth', 'ashishchr', 'cibranlpz', 'joejfranzo', 'jimenezph', 'andresaraiva', 'jako91', 'danielclapp99', 'fafrin2', 'phhuang', 'evakolmel', 'retrewtewrt', 'psuzhouy', 'asif0047', 'mrgiraffe', 'sungjooncho', 'anshshah2011', 'oktayhalitekinay', 'u6007941', 'rynk.john', 'pmcnutt2', 'miguelcb', 'ana23', 'maria.irausquin', 'aldanafloyd', 'lorenzoholguin12', 'martin.mg98.10', 'kianamon', 'rajsingh', 'cninja99', 'lokesht123', 'ainhoaab', 'zepfan026', 'burak9836', 'chastintruelove', 'semmi.spado00', 'enhjinhanabi', 'f215766', 'caseyamick', 'mmei', 'vritota', 'm241617', 'poorar21', 'roiaso', 'gazerlo', 'ogandocortes', 'santox2000', 'u0916393', 'stiml1144', 'emani', 'mstff.1clkk', 'jrobinson5', 'lewisgf20', 'jbonez411', 'ervndgn59', 'ftah', 'alexander.lee', 'alexdallee17', 'xiaokaizhong99', 'nsh0004', 'julianawallgren', 'moshelem', 'ts992', 'ncm0007', 'a194117', 'terje', 'liqizhou', 'kellen.wise', 'hrhlauraa', 'trivellin', 'rosadourada9', 'hlong262', 'blane', 'aaroncoonu', 'yorkiiii', 'sandip83', 'aravindh', 'kayleneechong', 'mos_noob', 'garciacarrillojudith', 'kst48', 'zse0147', 'jschewinsky', 'sbentz', 'lerner', 'nanobeam', 'k.hildenbrand', 'yesimcakmakc', 'syoonhan', 'cameronframpton', 'rossop', 'joshuabush', 'nbhat0792', 'cacuy', 'hjp44', 'amrita_lovelace', 'mollykole', 'avivlavan', 'daddysexual', 'jsanmartin1', 'nguyendaniel', 'josemanuel3', 'nfranzoni', 'davidr27', 'spazos7', 'tomasx', 'mahnoor.syed29', 'durgaprasadkhatri2011', 'clizarazo', 'saradiazr', 'berrospidavid7', 'krusso448', 'hjlim9612', 'j218711', 'theurgeboat', 'wdeaweqwdas', 'pspiotrowicz1', 'fabio.aragao.santos', 'nickm', 'mtynski', 'cactusnoh', 'jsathanand', 'bmirzapouebe', 'panellink1', 't224622', 'raul292', 'choudh23', 'rylandkate', 'mrtmert98', 'emreyilmazel1996', 'testeremre70', 'lctasende3', 'nuriamjusc', 'sarah.youssef', 'ol_ac', 'jack522577', 'fatanehjenabi', 'olga.casals', 'mrbunnyman', 'dolaydemirel', 'man6787', 'gabriel.pzanoni', 'd33r00', 'jeption2025', 's16c045b', 'arianebarreto', 'borja.bayon', 'costasdiego97', 'kmerino', 'asdksnfksfkmd', 'johnganiban', 'elena.gnani', 'xiaoyuzhang', 'thomasspradley', '8223freret', 'jdgerling', 'sqlim94', 'abaringer', 'lobsterben13', 'dongmingli', 'm203442', 'sabe425', 'longstreetjacob', 'sebrobarts', 'kodurur', 'philippeblaise', 'omarloay99', 'ee17resch11016', 'ege.ert7', 'eminasuljic', 'alirose12', 'haren22', 'martinotero', 'r207733', 'reuben90', 'npatta.1986', 'octoman1080x', 'vincentdoucet22', 'ronitronit119', 'felipemachado', 'elel30182', 'hcha71', 'nmorgan1', 'anxooo', 'damianonetto', 'cbandel', 'jason.earl']",317,"['baqer', 'wingitalways', 'murattdo', 's16c028b', 'amandabrum', 'j176601', 'kaiseale', 'kaynegalie', 'ogu0001', 'l201843', 'cheeseybacon', 'madisonmiller', 'hamastahir19', 'sjf0003', 'jaycwilson23', 'jef325', 'aingles', 'briann', 'arif.ozkan5806', 'aaronrivasterron', 'justiejoseph', 'cartermchris1', 'ge.6cg7', 'chrixang18', 'iuri', 'd093641', 'mtakcali', 'nicoladegiuseppe19', 'sabolton', 'maxguipil', 'v257028', 'uuganbayaro', 'lenoirr', 'andrew217usmc', 'tg2016', 'u1036813', 'jeus63', 'anujgarg939', 'leeluanling123', 'tudimubunmi', 'abdoug', 'deguirejasmin', 'lpentzke', 'cancetinkaya1201', 'maxcleveland73', 'fredysanchez2', 'newele', 'drogalski', 'olivier35', 'i.lutticken', 'paulbrown', 'eschruba', 'maxiasensio', 'u1250344', 'julianyordano', 'wys142', 'mariapl200896', 'ulusoy2006', 'ethan.caballero', 'jhahn95', 'matthew.jones98', 'huseyinu', 'sebasmarquez90', 'cdutreil', 'plaggeme', 'dicef', 'rakaiit', 'u1251024', 'burnett.william', 'kyenyarkolemuel', 'tserenkhand', 'santosalexis1817', 'pw8', 'mangabera10', 'smontero', 'jequito', 'sungjoon.cho97', 'u1168279', 'susannareggiani', 'anapv177', 'sholliday643', 'paezjuanagustin47', 'yyerim', 'c195673', 'kevindiu', 'u1089358', 'grantmorris656', 'guillermo99', 'jake.m.hall876', 'johndoe2341341243', 'annikadasher', 'marcantoineduval', 'magnoliajasper', 'lkipfer', 'halilibrahimtiken', 'charles.dambra', 'also0714', 'arno.yu610168', 'heatherleaf', 'audranp', 'fedele.penna', 'pkj71794g', 'hj980217', 'sd226', 'thboth', 'ashishchr', 'cibranlpz', 'joejfranzo', 'jimenezph', 'andresaraiva', 'jako91', 'danielclapp99', 'fafrin2', 'u1298265', 'phhuang', 'evakolmel', 'retrewtewrt', 'psuzhouy', 'fpincock', 'asif0047', 'u1007283', 'mrgiraffe', 'sungjooncho', 'anshshah2011', 'oktayhalitekinay', 'u6007941', 'rynk.john', 'pmcnutt2', 'miguelcb', 'ana23', 'maria.irausquin', 'aldanafloyd', 'lorenzoholguin12', 'martin.mg98.10', 'kianamon', 'rajsingh', 'cninja99', 'lokesht123', 'ainhoaab', 'zepfan026', 'burak9836', 'chastintruelove', 'semmi.spado00', 'enhjinhanabi', 'f215766', 'caseyamick', 'mmei', 'vritota', 'm241617', 'poorar21', 'roiaso', 'gazerlo', 'ogandocortes', 'santox2000', 'u0916393', 'u0582779', 'stiml1144', 'emani', 'mstff.1clkk', 'jrobinson5', 'gmatteo.cossu', 'lewisgf20', 'jbonez411', 'ervndgn59', 'ftah', 'alexander.lee', 'alexdallee17', 'xiaokaizhong99', 'nsh0004', 'julianawallgren', 'moshelem', 'ts992', 'ncm0007', 'a194117', 'terje', 'liqizhou', 'kellen.wise', 'hrhlauraa', 'trivellin', 'rosadourada9', 'hlong262', 'blane', 'aaroncoonu', 'yorkiiii', 'thmfays', 'sandip83', 'aravindh', 'kayleneechong', 'federicozg96', 'ran', 'mos_noob', 'garciacarrillojudith', 'kst48', 'zse0147', 'jschewinsky', 'sbentz', 'lerner', 'nanobeam', 'lucas_thm_de', 'aileyvaa', 'clairew4', 'lyssiann428', 'k.hildenbrand', 'yesimcakmakc', 'syoonhan', 'cameronframpton', 'rossop', 'joshuabush', 'nbhat0792', 'cacuy', 'hjp44', 'amrita_lovelace', 'mollykole', 'avivlavan', 'daddysexual', 'jsanmartin1', 'u1201149', 'ddyreng1', 'nguyendaniel', 'josemanuel3', 'nfranzoni', '3rdbesemean00', 'davidr27', 'spazos7', 'tomasx', 'mahnoor.syed29', 'benjamin.methot', 'fredericberthiaume1234', 'yungggwei', 'durgaprasadkhatri2011', 'clizarazo', 'saradiazr', 'berrospidavid7', 'krusso448', 'hjlim9612', 'j218711', 'theurgeboat', 'wdeaweqwdas', 'pspiotrowicz1', 'fabio.aragao.santos', 'nickm', 'mtynski', 'cactusnoh', 'jsathanand', 'bmirzapouebe', 'panellink1', 't224622', 'raul292', 'choudh23', 'rylandkate', 'mrtmert98', 'emreyilmazel1996', 'testeremre70', 'lctasende3', 'nuriamjusc', 'sarah.youssef', 'ol_ac', 'u1348448', 'jack522577', 'fatanehjenabi', 'olga.casals', 'u1250307', 'mrbunnyman', 'dolaydemirel', 'man6787', 'gabriel.pzanoni', 'd33r00', 'jurek.smyrski', 'jeption2025', 's16c045b', 'arianebarreto', 'borja.bayon', 'costasdiego97', 'u1122975', 'kmerino', 'dompm123', 'asdksnfksfkmd', 'johnganiban', 'elena.gnani', 'xiaoyuzhang', 'thomasspradley', '8223freret', 'jdgerling', 'sqlim94', 'abaringer', 'lobsterben13', 'dongmingli', 'm203442', 'sabe425', 'longstreetjacob', 'sebrobarts', 'kodurur', 'philippeblaise', 'omarloay99', 'ee17resch11016', 'ege.ert7', 'eminasuljic', 'alirose12', 'haren22', 'martinotero', 'yoyoyuan', 'r207733', 'reuben90', 'npatta.1986', 'octoman1080x', 'vincentdoucet22', 'ronitronit119', 'felipemachado', 'elel30182', 'hcha71', 'nmorgan1', 'anxooo', 'u1083849', 'damianonetto', 'fmmkenny', 'cbandel', 'jason.earl']"
31,226,37,20,11,"['ran', 'u1251024', 'u1122975', 'yoyoyuan', 'paulbrown', 'u0582779', 'u1083849', 'u1250307', 'u1201149', 'ddyreng1', 'u1007283']",26,"['baqer', 'dompm123', 'abdoug', 'maxcleveland73', 'kevindiu', 'u1089358', 'fpincock', 'lucas_thm_de', 'aileyvaa', 'clairew4', 'lyssiann428', 'gmatteo.cossu', 'sjf0003', 'yungggwei', 'audranp', 'thmfays', 'u1348448', '3rdbesemean00', 'fmmkenny', 'u1036813', 'federicozg96', 'jurek.smyrski', 'benjamin.methot', 'fredericberthiaume1234', 'u1168279', 'u1298265']",9,"['shaunmckellar', 'u0614258', 'u1096218', 'u1250344', 'u1099799', 'jac3888', 'nanobeam', 'u1109841', 'yorkiiii']",46,"['u1298265', 'baqer', 'u1122975', 'dompm123', 'abdoug', 'maxcleveland73', 'kevindiu', 'u1089358', 'fpincock', 'u1007283', 'nanobeam', 'lucas_thm_de', 'u1109841', 'aileyvaa', 'clairew4', 'lyssiann428', 'paulbrown', 'u1096218', 'u0582779', 'u1250344', 'u1099799', 'gmatteo.cossu', 'jac3888', 'yoyoyuan', 'sjf0003', 'audranp', 'u1201149', 'ddyreng1', 'yorkiiii', 'thmfays', 'u1251024', 'shaunmckellar', 'u0614258', 'u1348448', 'u1083849', 'u1250307', '3rdbesemean00', 'fmmkenny', 'u1036813', 'federicozg96', 'jurek.smyrski', 'benjamin.methot', 'fredericberthiaume1234', 'ran', 'u1168279', 'yungggwei']"
31,104,37,17,1,['u1168279'],36,"['baqer', 'u1122975', 'dompm123', 'abdoug', 'maxcleveland73', 'kevindiu', 'u1089358', 'fpincock', 'u1007283', 'lucas_thm_de', 'aileyvaa', 'clairew4', 'lyssiann428', 'paulbrown', 'u0582779', 'gmatteo.cossu', 'yoyoyuan', 'sjf0003', 'yungggwei', 'audranp', 'u1201149', 'ddyreng1', 'thmfays', 'u1251024', 'u1348448', 'u1083849', 'u1250307', '3rdbesemean00', 'fmmkenny', 'u1036813', 'federicozg96', 'jurek.smyrski', 'benjamin.methot', 'fredericberthiaume1234', 'ran', 'u1298265']",16,"['andresd1', 'julsnguyen1', 'althea.marquez08', 'zhaowantong1968', 'cschlag', 'jtovar', 'xavier.m.rosario', 'hmorales27', 'briann', 'hmdecker', 'cdsalvador88', 'pvdepur', 'karsan100', 'bquang', 'emmonteith', 'aegomez1']",53,"['u1298265', 'baqer', 'u1122975', 'zhaowantong1968', 'dompm123', 'abdoug', 'hmorales27', 'maxcleveland73', 'kevindiu', 'u1089358', 'fpincock', 'u1007283', 'bquang', 'lucas_thm_de', 'aileyvaa', 'andresd1', 'julsnguyen1', 'clairew4', 'lyssiann428', 'paulbrown', 'u0582779', 'xavier.m.rosario', 'gmatteo.cossu', 'aegomez1', 'hmdecker', 'cdsalvador88', 'emmonteith', 'yoyoyuan', 'cschlag', 'jtovar', 'sjf0003', 'audranp', 'briann', 'karsan100', 'u1201149', 'ddyreng1', 'pvdepur', 'thmfays', 'u1251024', 'althea.marquez08', 'u1348448', 'u1083849', 'u1250307', '3rdbesemean00', 'fmmkenny', 'u1036813', 'federicozg96', 'jurek.smyrski', 'benjamin.methot', 'fredericberthiaume1234', 'ran', 'u1168279', 'yungggwei']"
31,228,37,6,3,"['fredericberthiaume1234', 'dompm123', 'audranp']",34,"['u1298265', 'baqer', 'u1122975', 'abdoug', 'maxcleveland73', 'kevindiu', 'u1089358', 'fpincock', 'u1007283', 'lucas_thm_de', 'aileyvaa', 'clairew4', 'lyssiann428', 'paulbrown', 'u0582779', 'gmatteo.cossu', 'yoyoyuan', 'sjf0003', 'u1201149', 'ddyreng1', 'thmfays', 'u1251024', 'u1348448', 'u1083849', 'u1250307', '3rdbesemean00', 'fmmkenny', 'u1036813', 'federicozg96', 'jurek.smyrski', 'benjamin.methot', 'ran', 'u1168279', 'yungggwei']",3,"['jeson', 'myriam.blanchet07', 'deguirejasmin']",40,"['u1298265', 'baqer', 'u1122975', 'dompm123', 'abdoug', 'deguirejasmin', 'maxcleveland73', 'myriam.blanchet07', 'kevindiu', 'u1089358', 'fpincock', 'u1007283', 'lucas_thm_de', 'aileyvaa', 'jeson', 'clairew4', 'lyssiann428', 'paulbrown', 'u0582779', 'gmatteo.cossu', 'yoyoyuan', 'sjf0003', 'audranp', 'u1201149', 'ddyreng1', 'thmfays', 'u1251024', 'u1348448', 'u1083849', 'u1250307', '3rdbesemean00', 'fmmkenny', 'u1036813', 'federicozg96', 'jurek.smyrski', 'benjamin.methot', 'fredericberthiaume1234', 'ran', 'u1168279', 'yungggwei']"
32,51,36,28,23,"['sdahal4', 'rlmabry', 'mkhadley', 'tlovell2', 'mrplatt1', 'bpovilus', 'hcquinn', 'mesmeral', 'jeaniekim', 'dokbamic', 'crdavi26', 'mmblaes', 'ksantos5', 'rwtheilm', 'tlvo1', 'kgupta42', 'arouhand', 'udesarda', 'mvkimbal', 'djdenzer', 'jrsanne1', 'tdmcgow1', 'chattend']",13,"['eaamonoo', 'merodr15', 'whward1', 'vjokeefe', 'fgalaz', 'awharri8', 'mhipschm', 'mhamare', 'ssalgue1', 'slim47', 'ecperez3', 'lcfierro', 'bbolas']",5,"['mdlevin2', 'ijsxa', 'nmohrkub', 'raranade', 'mkurecki']",41,"['sdahal4', 'mdlevin2', 'fgalaz', 'mhipschm', 'slim47', 'rlmabry', 'mkhadley', 'tlovell2', 'bpovilus', 'mrplatt1', 'eaamonoo', 'hcquinn', 'mesmeral', 'ijsxa', 'jeaniekim', 'ecperez3', 'nmohrkub', 'dokbamic', 'crdavi26', 'mmblaes', 'ksantos5', 'rwtheilm', 'mkurecki', 'tlvo1', 'kgupta42', 'merodr15', 'arouhand', 'whward1', 'vjokeefe', 'mvkimbal', 'udesarda', 'raranade', 'djdenzer', 'awharri8', 'mhamare', 'ssalgue1', 'jrsanne1', 'lcfierro', 'bbolas', 'tdmcgow1', 'chattend']"
33,241,36,27,2,"['namgunhee', 'pty3111']",34,"['hiagozogbi', 'arthurdfbn29', 'bernardops02', 'felipesantosalbuquerque.fa', 'idohist', 'thainamacedo2204', 'victoriagabriela', 'jeancostta09', 'daniellanascimento749', 'analaurabm', 'stefany022002', 'anacarolinalopesdecampos30', 'annavicbz', 'hdafelk', 'landersilva', 'carlos902205', 'keeyeol', 'annaluizabonati000', 'marcoswgomess', 'victorhugobr', 'maxpasbru', 'vanessaribeiro200228', 'tec.well18', 'g.secco', 'thainamacedo22040318', 'tavares.louzada', 'memyself', 'dbwndnjs', 'migueloucao', 'victorieq', 'manoel', 'hugobastos_02', 'paultmorgan28', 'trabalho123']",25,"['jin112', 'yoonwe00', 'ywjwns2', 'vktmxk5190', 'ksh97050310', 'pongdong2323', 'elel0505', 'yoona8', 'zneet456', 'janggyusang', 'aodfkd', 'dff123123', 'seongwoo', 'rldud777715', 'dctbelieve', 'hilsong', 'mindk24', 'duswl2510', 'swcho4983', 'dongsun9781', 'robolex', 'yhuj0215', 'seunghun4757', 'ji990120', 'ojiow']",61,"['jin112', 'hiagozogbi', 'arthurdfbn29', 'yoonwe00', 'bernardops02', 'namgunhee', 'ywjwns2', 'vktmxk5190', 'idohist', 'felipesantosalbuquerque.fa', 'ksh97050310', 'pongdong2323', 'thainamacedo2204', 'elel0505', 'yoona8', 'zneet456', 'victoriagabriela', 'jeancostta09', 'janggyusang', 'aodfkd', 'dff123123', 'daniellanascimento749', 'analaurabm', 'stefany022002', 'anacarolinalopesdecampos30', 'annavicbz', 'seongwoo', 'hdafelk', 'rldud777715', 'dctbelieve', 'landersilva', 'keeyeol', 'carlos902205', 'hilsong', 'mindk24', 'annaluizabonati000', 'marcoswgomess', 'victorhugobr', 'maxpasbru', 'vanessaribeiro200228', 'tec.well18', 'g.secco', 'thainamacedo22040318', 'duswl2510', 'swcho4983', 'tavares.louzada', 'pty3111', 'memyself', 'dbwndnjs', 'dongsun9781', 'robolex', 'migueloucao', 'yhuj0215', 'victorieq', 'manoel', 'hugobastos_02', 'paultmorgan28', 'trabalho123', 'seunghun4757', 'ji990120', 'ojiow']"
33,248,36,16,15,"['jeancostta09', 'hiagozogbi', 'arthurdfbn29', 'migueloucao', 'bernardops02', 'analaurabm', 'stefany022002', 'hugobastos_02', 'marcoswgomess', 'anacarolinalopesdecampos30', 'hdafelk', 'maxpasbru', 'thainamacedo2204', 'g.secco', 'thainamacedo22040318']",21,"['namgunhee', 'idohist', 'felipesantosalbuquerque.fa', 'victoriagabriela', 'daniellanascimento749', 'annavicbz', 'landersilva', 'carlos902205', 'keeyeol', 'annaluizabonati000', 'victorhugobr', 'vanessaribeiro200228', 'tec.well18', 'tavares.louzada', 'pty3111', 'memyself', 'dbwndnjs', 'victorieq', 'manoel', 'paultmorgan28', 'trabalho123']",1,['carolinayazejy'],37,"['hiagozogbi', 'arthurdfbn29', 'bernardops02', 'namgunhee', 'idohist', 'felipesantosalbuquerque.fa', 'thainamacedo2204', 'victoriagabriela', 'jeancostta09', 'daniellanascimento749', 'analaurabm', 'stefany022002', 'anacarolinalopesdecampos30', 'annavicbz', 'hdafelk', 'landersilva', 'keeyeol', 'carlos902205', 'carolinayazejy', 'annaluizabonati000', 'marcoswgomess', 'victorhugobr', 'maxpasbru', 'vanessaribeiro200228', 'tec.well18', 'g.secco', 'thainamacedo22040318', 'tavares.louzada', 'pty3111', 'memyself', 'dbwndnjs', 'migueloucao', 'victorieq', 'manoel', 'hugobastos_02', 'paultmorgan28', 'trabalho123']"
33,247,36,7,6,"['victoriagabriela', 'arthurdfbn29', 'felipesantosalbuquerque.fa', 'marcoswgomess', 'maxpasbru', 'thainamacedo22040318']",30,"['hiagozogbi', 'bernardops02', 'namgunhee', 'idohist', 'thainamacedo2204', 'jeancostta09', 'daniellanascimento749', 'analaurabm', 'stefany022002', 'anacarolinalopesdecampos30', 'annavicbz', 'hdafelk', 'landersilva', 'keeyeol', 'carlos902205', 'annaluizabonati000', 'victorhugobr', 'vanessaribeiro200228', 'tec.well18', 'g.secco', 'tavares.louzada', 'pty3111', 'memyself', 'dbwndnjs', 'migueloucao', 'victorieq', 'manoel', 'hugobastos_02', 'paultmorgan28', 'trabalho123']",1,['olalekan.freitas'],37,"['hiagozogbi', 'arthurdfbn29', 'bernardops02', 'namgunhee', 'idohist', 'felipesantosalbuquerque.fa', 'thainamacedo2204', 'victoriagabriela', 'jeancostta09', 'daniellanascimento749', 'analaurabm', 'stefany022002', 'anacarolinalopesdecampos30', 'annavicbz', 'hdafelk', 'landersilva', 'keeyeol', 'carlos902205', 'olalekan.freitas', 'annaluizabonati000', 'marcoswgomess', 'victorhugobr', 'maxpasbru', 'vanessaribeiro200228', 'tec.well18', 'g.secco', 'thainamacedo22040318', 'tavares.louzada', 'pty3111', 'memyself', 'dbwndnjs', 'migueloucao', 'victorieq', 'manoel', 'hugobastos_02', 'paultmorgan28', 'trabalho123']"
35,125,33,6,4,"['wils1006', 'nthakuri', 'bstegma', 'shi368']",29,"['juansojo2332', 'maxwell04', 'themonk95', 'pritam.cphys', 'alexie', 'sarthak2597', 'farrukhsaghir', 'xu967', 'mehrab', 'stefanbr', 'sramishe', 'ethanh', 'anitavk93', 'sshepherd637', 'cristina123', 'gmclachl', 'yashdaksh123', 'jimkress', 'keshab1', 'aditi', 'jenkin94', 'hirakchatterjee3', 'chaman', 'rtancin', 'jestevez3141', 'kiyoumars', 'bhubmann', 'myawalka', 'vasuphy07']",2,"['kodurur', 'leebh_purdue2021']",35,"['wils1006', 'juansojo2332', 'maxwell04', 'themonk95', 'pritam.cphys', 'alexie', 'sarthak2597', 'farrukhsaghir', 'xu967', 'mehrab', 'stefanbr', 'sramishe', 'bstegma', 'ethanh', 'anitavk93', 'sshepherd637', 'kodurur', 'cristina123', 'gmclachl', 'yashdaksh123', 'jimkress', 'keshab1', 'aditi', 'nthakuri', 'jenkin94', 'hirakchatterjee3', 'chaman', 'shi368', 'rtancin', 'jestevez3141', 'kiyoumars', 'bhubmann', 'myawalka', 'leebh_purdue2021', 'vasuphy07']"
36,245,33,55,22,"['imsad', 'minsong0313', 'recomendneko', 'tpghks9708', 'gmlwn4897', 'jungmin0322', 'raw1250', 'smustudyaccout', 'rlatnals874', 'rlawjddus6825', 'guswo50', 'gaeun0215', 'rlafbehd3', 'sse09137798', 'guddnr6423', 'yejun990721', 'wkwjsrjekffk', 'dongsun0801', 'yeny28', 'hhw3481', 'ekdmss31', 'nkm4095']",11,"['stujh00', 'junseok8370', 'thdus1442', 'gabriel_l_p_silva', 'moon990802', 'indiahong1', 'choiyj5054', '12tmdwn', 'wngml99324', 'shalsrud9', 'olalekan.freitas']",33,"['potatochip0617', 'skyxz123', 'jisukim0423', 'yongsik', 'kim980407', 'yoonwe00', 'juyeon', 'ksh97050310', 'pongdong2323', 'chubbypet2', 'hjlim9612', 'tuco96', 'zneet456', 'hee_jun', 'haseungho', 'dff123123', 'leesijin120', 'ykhykh3587', 'dctbelieve', 'paragt1026', 'hilsong', 'dlwjdtlr97', 'llssmm9710', 'homme0214', 'wogml622', 'duswl2510', 'seobstantial', 'okjaegeun', 'poby', 'youjy1105', 'seunghun4757', 'kgj0328', 'ojiow']",66,"['potatochip0617', 'skyxz123', 'kim980407', 'yoonwe00', 'ksh97050310', 'pongdong2323', 'recomendneko', 'hjlim9612', 'thdus1442', 'tpghks9708', 'gmlwn4897', 'zneet456', 'dff123123', 'leesijin120', 'wngml99324', 'smustudyaccout', 'rlatnals874', 'dctbelieve', 'shalsrud9', 'stujh00', 'rlawjddus6825', 'dlwjdtlr97', 'gabriel_l_p_silva', 'guswo50', 'llssmm9710', '12tmdwn', 'gaeun0215', 'sse09137798', 'guddnr6423', 'duswl2510', 'seobstantial', 'okjaegeun', 'moon990802', 'youjy1105', 'yejun990721', 'yeny28', 'hhw3481', 'ekdmss31', 'raw1250', 'nkm4095', 'jisukim0423', 'yongsik', 'juyeon', 'imsad', 'minsong0313', 'chubbypet2', 'tuco96', 'hee_jun', 'haseungho', 'jungmin0322', 'ykhykh3587', 'paragt1026', 'olalekan.freitas', 'hilsong', 'junseok8370', 'rlafbehd3', 'homme0214', 'wogml622', 'poby', 'indiahong1', 'choiyj5054', 'wkwjsrjekffk', 'dongsun0801', 'seunghun4757', 'kgj0328', 'ojiow']"
36,247,33,7,1,['olalekan.freitas'],32,"['imsad', 'minsong0313', 'recomendneko', 'thdus1442', 'tpghks9708', 'gmlwn4897', 'wngml99324', 'jungmin0322', 'smustudyaccout', 'rlatnals874', 'shalsrud9', 'stujh00', 'rlawjddus6825', 'junseok8370', 'gabriel_l_p_silva', 'guswo50', '12tmdwn', 'gaeun0215', 'rlafbehd3', 'sse09137798', 'guddnr6423', 'ekdmss31', 'moon990802', 'indiahong1', 'choiyj5054', 'yejun990721', 'wkwjsrjekffk', 'dongsun0801', 'yeny28', 'hhw3481', 'raw1250', 'nkm4095']",6,"['victoriagabriela', 'arthurdfbn29', 'felipesantosalbuquerque.fa', 'marcoswgomess', 'maxpasbru', 'thainamacedo22040318']",39,"['arthurdfbn29', 'imsad', 'minsong0313', 'felipesantosalbuquerque.fa', 'recomendneko', 'thdus1442', 'tpghks9708', 'gmlwn4897', 'victoriagabriela', 'wngml99324', 'jungmin0322', 'smustudyaccout', 'rlatnals874', 'shalsrud9', 'olalekan.freitas', 'stujh00', 'rlawjddus6825', 'junseok8370', 'gabriel_l_p_silva', 'guswo50', '12tmdwn', 'marcoswgomess', 'gaeun0215', 'rlafbehd3', 'sse09137798', 'maxpasbru', 'guddnr6423', 'ekdmss31', 'thainamacedo22040318', 'moon990802', 'indiahong1', 'choiyj5054', 'yejun990721', 'wkwjsrjekffk', 'dongsun0801', 'yeny28', 'hhw3481', 'raw1250', 'nkm4095']"
36,246,33,6,5,"['stujh00', 'thdus1442', 'indiahong1', '12tmdwn', 'shalsrud9']",28,"['imsad', 'minsong0313', 'recomendneko', 'tpghks9708', 'gmlwn4897', 'wngml99324', 'jungmin0322', 'smustudyaccout', 'rlatnals874', 'olalekan.freitas', 'rlawjddus6825', 'junseok8370', 'gabriel_l_p_silva', 'guswo50', 'gaeun0215', 'rlafbehd3', 'sse09137798', 'guddnr6423', 'ekdmss31', 'moon990802', 'choiyj5054', 'yejun990721', 'wkwjsrjekffk', 'dongsun0801', 'yeny28', 'hhw3481', 'raw1250', 'nkm4095']",1,['yjiwan0913'],34,"['imsad', 'minsong0313', 'recomendneko', 'thdus1442', 'tpghks9708', 'gmlwn4897', 'wngml99324', 'jungmin0322', 'smustudyaccout', 'rlatnals874', 'shalsrud9', 'olalekan.freitas', 'stujh00', 'rlawjddus6825', 'junseok8370', 'gabriel_l_p_silva', 'guswo50', '12tmdwn', 'gaeun0215', 'rlafbehd3', 'sse09137798', 'guddnr6423', 'ekdmss31', 'yjiwan0913', 'moon990802', 'indiahong1', 'choiyj5054', 'yejun990721', 'wkwjsrjekffk', 'dongsun0801', 'yeny28', 'hhw3481', 'raw1250', 'nkm4095']"
37,214,32,5,5,"['akampert0559', 'kavyamendu', 'kirills', 'atiqur.rahman', 'nherringer']",27,"['shangkunwang', 'sem2', 'liy218', 'sheikhahnafalvi', 'ssandhoefner3', 'chriswalsh', 'aniruddha.dive', 'unedogled', 'mehta127', 'kyle.reeves', 'franceesco.danzi', 'huan1746', 'dysasaki', 'zbigniew.brytan', 'tshidhor', 'aceyhan', 'linear85', 'renur', 'conejo1962', 'caaperezru', 'arttucker', 'fcrhkdan', 'mkhajehvand', 'tmeedh', 'shivangi', 'andrea_mucchietto', 'naomi.helsel']",0,[],32,"['shangkunwang', 'sem2', 'liy218', 'sheikhahnafalvi', 'ssandhoefner3', 'chriswalsh', 'aniruddha.dive', 'nherringer', 'unedogled', 'mehta127', 'kirills', 'kyle.reeves', 'franceesco.danzi', 'huan1746', 'dysasaki', 'zbigniew.brytan', 'tshidhor', 'akampert0559', 'aceyhan', 'kavyamendu', 'linear85', 'renur', 'conejo1962', 'caaperezru', 'atiqur.rahman', 'arttucker', 'fcrhkdan', 'mkhajehvand', 'tmeedh', 'shivangi', 'andrea_mucchietto', 'naomi.helsel']"
37,215,32,5,3,"['mehta127', 'franceesco.danzi', 'tshidhor']",29,"['shangkunwang', 'sem2', 'liy218', 'sheikhahnafalvi', 'ssandhoefner3', 'chriswalsh', 'aniruddha.dive', 'nherringer', 'unedogled', 'kirills', 'kyle.reeves', 'huan1746', 'dysasaki', 'zbigniew.brytan', 'akampert0559', 'aceyhan', 'kavyamendu', 'linear85', 'renur', 'conejo1962', 'caaperezru', 'atiqur.rahman', 'arttucker', 'fcrhkdan', 'mkhajehvand', 'tmeedh', 'shivangi', 'andrea_mucchietto', 'naomi.helsel']",2,"['sawantk', 'desai61']",34,"['shangkunwang', 'sem2', 'liy218', 'sheikhahnafalvi', 'ssandhoefner3', 'chriswalsh', 'aniruddha.dive', 'nherringer', 'unedogled', 'desai61', 'mehta127', 'sawantk', 'kirills', 'kyle.reeves', 'franceesco.danzi', 'huan1746', 'dysasaki', 'zbigniew.brytan', 'tshidhor', 'akampert0559', 'aceyhan', 'kavyamendu', 'linear85', 'renur', 'conejo1962', 'caaperezru', 'atiqur.rahman', 'arttucker', 'fcrhkdan', 'mkhajehvand', 'tmeedh', 'shivangi', 'andrea_mucchietto', 'naomi.helsel']"
38,250,32,8,7,"['fromero2019', 'smohammed2019', 'mpokharel2019', 'dndeye', 'yalsaedi', 'ralsaedi2019', 'vstarikov']",25,"['jchoudhury', 'mgonzalez2019', 'kcotrina2019', 'mrafin', 'mdsyed11', 'vtitarenko', 'anthonyrugama', 'ofaruk2019', 'bcarrielit2020', 'cmeran2019', 'aelfgeeh2019', 'lsiby10102004', 'jcolon', 'dmunoz2019', 'mdao2019', 'ajan', 'arianna.rodriguez', 'tzeya', 'aacosta2019', 'iguzman', 'fdiagne', 'davison0.0', 'kanysy', 'halmulaiki2019', 'aguillermo']",1,['mcisse2019'],33,"['fromero2019', 'jchoudhury', 'mgonzalez2019', 'mrafin', 'kcotrina2019', 'yalsaedi', 'mdsyed11', 'vtitarenko', 'smohammed2019', 'anthonyrugama', 'ofaruk2019', 'bcarrielit2020', 'mcisse2019', 'cmeran2019', 'ralsaedi2019', 'lsiby10102004', 'dmunoz2019', 'jcolon', 'aelfgeeh2019', 'mdao2019', 'ajan', 'arianna.rodriguez', 'tzeya', 'aacosta2019', 'iguzman', 'fdiagne', 'davison0.0', 'kanysy', 'mpokharel2019', 'halmulaiki2019', 'dndeye', 'aguillermo', 'vstarikov']"
39,121,31,7,7,"['jcaban', 'munozj', 'cortiz70', 'oliviara', 'qosias', 'nhafid', 'trua77']",24,"['clee01', 'karlosb', 'estefano', 'fjmartinmartinez', 'trjcarmona', 'wendy.peters', 'paulinaa', 'jvalenci', 'emb9544', 'ulisesga', 'tsurette1', 'fest2000', 'dexterj', 'seungwanhong99', 'fmartinm9', 'porterb', 'azizamirsaidova', 'amandamz', 'vhooper', 'jschuste', 'gavrilov', 'kileed', 'khan0601', 'jiayanl']",0,[],31,"['clee01', 'munozj', 'karlosb', 'estefano', 'fjmartinmartinez', 'nhafid', 'trjcarmona', 'wendy.peters', 'paulinaa', 'jvalenci', 'emb9544', 'ulisesga', 'tsurette1', 'fest2000', 'qosias', 'dexterj', 'seungwanhong99', 'fmartinm9', 'trua77', 'porterb', 'azizamirsaidova', 'amandamz', 'vhooper', 'oliviara', 'jschuste', 'gavrilov', 'kileed', 'jcaban', 'cortiz70', 'khan0601', 'jiayanl']"
40,44,31,15,5,"['prithvikrishna0', 'nishamanzoor.18', 'saurabhsahu38', 'funuploads0401', 'mohammadsajid']",26,"['utkarsh_jais', 'pnvskrishna97', 'ee20m572', 'bhavanashreeram', 'alnassar', 'sreenumamidi6', 'conradalf', 'roychowdhury1997', 'brainovzky', 'shekhartripathi1454', 'mehboob', 'pulabhanuteja', 'manojchittimoju98', 'vemulaprashanth', 'ramandeep.kaur', 'th6181', 'pallavibharti1311', 'tor.sandstrom2', 'daniele.fasanellamasci', 'adityakalsha83', 'musmau82', 'souravkolya98', 'raghava_m', 'pravats123', 'dineshallina3', 'peigo0216']",10,"['musaibrafiq51', 'rd8515811', 'sainishubh4697', 'swaroopbhogi', 'venky98j', 'ateebnaseer', 'inderjitsingh', 'sateeshdivergence', 'sprabhat', 'ashishphogat1801']",41,"['utkarsh_jais', 'pnvskrishna97', 'rd8515811', 'ee20m572', 'bhavanashreeram', 'alnassar', 'sreenumamidi6', 'venky98j', 'conradalf', 'roychowdhury1997', 'brainovzky', 'ateebnaseer', 'shekhartripathi1454', 'mehboob', 'inderjitsingh', 'mohammadsajid', 'pulabhanuteja', 'prithvikrishna0', 'manojchittimoju98', 'vemulaprashanth', 'sateeshdivergence', 'musaibrafiq51', 'ramandeep.kaur', 'th6181', 'funuploads0401', 'pallavibharti1311', 'tor.sandstrom2', 'daniele.fasanellamasci', 'adityakalsha83', 'musmau82', 'ashishphogat1801', 'souravkolya98', 'raghava_m', 'pravats123', 'sainishubh4697', 'nishamanzoor.18', 'saurabhsahu38', 'swaroopbhogi', 'dineshallina3', 'peigo0216', 'sprabhat']"
40,45,31,6,3,"['mehboob', 'utkarsh_jais', 'manojchittimoju98']",28,"['pnvskrishna97', 'ramandeep.kaur', 'ee20m572', 'bhavanashreeram', 'alnassar', 'th6181', 'sreenumamidi6', 'funuploads0401', 'conradalf', 'roychowdhury1997', 'brainovzky', 'pallavibharti1311', 'shekhartripathi1454', 'tor.sandstrom2', 'daniele.fasanellamasci', 'adityakalsha83', 'musmau82', 'mohammadsajid', 'pulabhanuteja', 'prithvikrishna0', 'souravkolya98', 'raghava_m', 'pravats123', 'nishamanzoor.18', 'saurabhsahu38', 'dineshallina3', 'vemulaprashanth', 'peigo0216']",3,"['ambuj.sahu.nanohubiitkgp', 'sheshu.nani007', '20mv01']",34,"['utkarsh_jais', 'pnvskrishna97', 'ramandeep.kaur', 'ee20m572', 'bhavanashreeram', 'alnassar', 'th6181', 'sreenumamidi6', 'sheshu.nani007', 'funuploads0401', 'conradalf', 'roychowdhury1997', 'brainovzky', 'pallavibharti1311', 'shekhartripathi1454', 'mehboob', 'tor.sandstrom2', 'daniele.fasanellamasci', 'adityakalsha83', 'musmau82', 'mohammadsajid', 'pulabhanuteja', 'prithvikrishna0', 'souravkolya98', 'manojchittimoju98', 'raghava_m', 'pravats123', 'nishamanzoor.18', 'saurabhsahu38', 'ambuj.sahu.nanohubiitkgp', '20mv01', 'dineshallina3', 'vemulaprashanth', 'peigo0216']"
41,221,31,283,26,"['kst48', 'zse0147', 'm241617', 'j176601', 'jschewinsky', 'c195673', 'psuzhouy', 'sqlim94', 'abaringer', 'm203442', 'fabio.aragao.santos', 'l201843', 'marcantoineduval', 'r207733', 'ncm0007', 'a194117', 'vincentdoucet22', 'blane', 'rajsingh', 'nmorgan1', 'olga.casals', 'v257028', 'gabriel.pzanoni', 'cbandel', 'mangabera10', 'arianebarreto']",5,"['jeson', 'aat0004', 'arw0049', 'tshihong12', 'brunomarcello']",257,"['baqer', 'wingitalways', 'murattdo', 's16c028b', 'amandabrum', 'kaiseale', 'kaynegalie', 'ogu0001', 'cheeseybacon', 'madisonmiller', 'hamastahir19', 'jaycwilson23', 'jef325', 'aingles', 'briann', 'arif.ozkan5806', 'aaronrivasterron', 'justiejoseph', 'cartermchris1', 'ge.6cg7', 'chrixang18', 'iuri', 'd093641', 'mtakcali', 'nicoladegiuseppe19', 'sabolton', 'maxguipil', 'uuganbayaro', 'lenoirr', 'andrew217usmc', 'tg2016', 'jeus63', 'anujgarg939', 'leeluanling123', 'tudimubunmi', 'deguirejasmin', 'lpentzke', 'cancetinkaya1201', 'fredysanchez2', 'newele', 'drogalski', 'olivier35', 'i.lutticken', 'eschruba', 'julianyordano', 'maxiasensio', 'u1250344', 'wys142', 'mariapl200896', 'ulusoy2006', 'ethan.caballero', 'jhahn95', 'matthew.jones98', 'huseyinu', 'sebasmarquez90', 'cdutreil', 'plaggeme', 'dicef', 'rakaiit', 'burnett.william', 'kyenyarkolemuel', 'tserenkhand', 'santosalexis1817', 'pw8', 'smontero', 'jequito', 'sungjoon.cho97', 'susannareggiani', 'anapv177', 'sholliday643', 'paezjuanagustin47', 'yyerim', 'u1089358', 'grantmorris656', 'guillermo99', 'jake.m.hall876', 'johndoe2341341243', 'annikadasher', 'magnoliajasper', 'lkipfer', 'halilibrahimtiken', 'charles.dambra', 'also0714', 'arno.yu610168', 'heatherleaf', 'fedele.penna', 'pkj71794g', 'hj980217', 'sd226', 'thboth', 'ashishchr', 'cibranlpz', 'joejfranzo', 'jimenezph', 'andresaraiva', 'jako91', 'danielclapp99', 'fafrin2', 'phhuang', 'evakolmel', 'retrewtewrt', 'fpincock', 'asif0047', 'mrgiraffe', 'sungjooncho', 'anshshah2011', 'oktayhalitekinay', 'u6007941', 'rynk.john', 'pmcnutt2', 'miguelcb', 'ana23', 'maria.irausquin', 'aldanafloyd', 'lorenzoholguin12', 'martin.mg98.10', 'kianamon', 'cninja99', 'lokesht123', 'ainhoaab', 'zepfan026', 'burak9836', 'chastintruelove', 'semmi.spado00', 'enhjinhanabi', 'f215766', 'caseyamick', 'mmei', 'vritota', 'poorar21', 'roiaso', 'gazerlo', 'ogandocortes', 'santox2000', 'u0916393', 'stiml1144', 'emani', 'mstff.1clkk', 'jrobinson5', 'lewisgf20', 'jbonez411', 'ervndgn59', 'ftah', 'alexander.lee', 'alexdallee17', 'xiaokaizhong99', 'nsh0004', 'julianawallgren', 'moshelem', 'ts992', 'terje', 'liqizhou', 'kellen.wise', 'hrhlauraa', 'trivellin', 'rosadourada9', 'hlong262', 'aaroncoonu', 'yorkiiii', 'sandip83', 'aravindh', 'kayleneechong', 'mos_noob', 'garciacarrillojudith', 'sbentz', 'lerner', 'nanobeam', 'k.hildenbrand', 'yesimcakmakc', 'syoonhan', 'cameronframpton', 'rossop', 'joshuabush', 'nbhat0792', 'cacuy', 'hjp44', 'amrita_lovelace', 'mollykole', 'avivlavan', 'daddysexual', 'jsanmartin1', 'nguyendaniel', 'josemanuel3', 'nfranzoni', 'davidr27', 'spazos7', 'tomasx', 'mahnoor.syed29', 'durgaprasadkhatri2011', 'clizarazo', 'saradiazr', 'berrospidavid7', 'krusso448', 'hjlim9612', 'j218711', 'theurgeboat', 'wdeaweqwdas', 'pspiotrowicz1', 'nickm', 'mtynski', 'cactusnoh', 'jsathanand', 'bmirzapouebe', 'panellink1', 't224622', 'raul292', 'choudh23', 'rylandkate', 'mrtmert98', 'emreyilmazel1996', 'testeremre70', 'lctasende3', 'nuriamjusc', 'sarah.youssef', 'ol_ac', 'jack522577', 'fatanehjenabi', 'mrbunnyman', 'dolaydemirel', 'man6787', 'd33r00', 'jeption2025', 's16c045b', 'borja.bayon', 'costasdiego97', 'kmerino', 'asdksnfksfkmd', 'johnganiban', 'elena.gnani', 'xiaoyuzhang', 'thomasspradley', '8223freret', 'jdgerling', 'lobsterben13', 'dongmingli', 'sabe425', 'longstreetjacob', 'sebrobarts', 'kodurur', 'philippeblaise', 'omarloay99', 'ee17resch11016', 'ege.ert7', 'eminasuljic', 'alirose12', 'haren22', 'martinotero', 'reuben90', 'npatta.1986', 'octoman1080x', 'ronitronit119', 'felipemachado', 'elel30182', 'hcha71', 'anxooo', 'damianonetto', 'jason.earl']",288,"['baqer', 'wingitalways', 'murattdo', 's16c028b', 'j176601', 'amandabrum', 'kaiseale', 'kaynegalie', 'ogu0001', 'l201843', 'cheeseybacon', 'madisonmiller', 'hamastahir19', 'jaycwilson23', 'jef325', 'aingles', 'briann', 'arif.ozkan5806', 'aaronrivasterron', 'justiejoseph', 'cartermchris1', 'ge.6cg7', 'chrixang18', 'iuri', 'd093641', 'mtakcali', 'nicoladegiuseppe19', 'sabolton', 'maxguipil', 'v257028', 'uuganbayaro', 'lenoirr', 'andrew217usmc', 'tg2016', 'jeus63', 'anujgarg939', 'leeluanling123', 'tudimubunmi', 'deguirejasmin', 'lpentzke', 'cancetinkaya1201', 'fredysanchez2', 'newele', 'drogalski', 'olivier35', 'i.lutticken', 'eschruba', 'julianyordano', 'maxiasensio', 'u1250344', 'wys142', 'mariapl200896', 'ulusoy2006', 'ethan.caballero', 'jhahn95', 'matthew.jones98', 'huseyinu', 'sebasmarquez90', 'cdutreil', 'plaggeme', 'dicef', 'rakaiit', 'burnett.william', 'kyenyarkolemuel', 'tserenkhand', 'santosalexis1817', 'pw8', 'mangabera10', 'smontero', 'jequito', 'sungjoon.cho97', 'susannareggiani', 'anapv177', 'sholliday643', 'paezjuanagustin47', 'yyerim', 'c195673', 'u1089358', 'grantmorris656', 'guillermo99', 'jake.m.hall876', 'johndoe2341341243', 'annikadasher', 'marcantoineduval', 'magnoliajasper', 'lkipfer', 'halilibrahimtiken', 'charles.dambra', 'also0714', 'arno.yu610168', 'heatherleaf', 'fedele.penna', 'pkj71794g', 'hj980217', 'sd226', 'thboth', 'ashishchr', 'cibranlpz', 'joejfranzo', 'jimenezph', 'andresaraiva', 'jako91', 'danielclapp99', 'fafrin2', 'phhuang', 'evakolmel', 'retrewtewrt', 'psuzhouy', 'fpincock', 'asif0047', 'mrgiraffe', 'sungjooncho', 'anshshah2011', 'oktayhalitekinay', 'u6007941', 'rynk.john', 'pmcnutt2', 'miguelcb', 'ana23', 'maria.irausquin', 'aldanafloyd', 'lorenzoholguin12', 'martin.mg98.10', 'kianamon', 'rajsingh', 'cninja99', 'lokesht123', 'ainhoaab', 'zepfan026', 'burak9836', 'chastintruelove', 'semmi.spado00', 'enhjinhanabi', 'f215766', 'caseyamick', 'mmei', 'vritota', 'm241617', 'poorar21', 'roiaso', 'gazerlo', 'ogandocortes', 'santox2000', 'u0916393', 'stiml1144', 'emani', 'mstff.1clkk', 'jrobinson5', 'lewisgf20', 'jbonez411', 'ervndgn59', 'ftah', 'alexander.lee', 'alexdallee17', 'xiaokaizhong99', 'nsh0004', 'julianawallgren', 'moshelem', 'ncm0007', 'ts992', 'a194117', 'terje', 'liqizhou', 'kellen.wise', 'hrhlauraa', 'trivellin', 'rosadourada9', 'hlong262', 'blane', 'brunomarcello', 'aaroncoonu', 'yorkiiii', 'sandip83', 'aravindh', 'kayleneechong', 'mos_noob', 'garciacarrillojudith', 'kst48', 'zse0147', 'jschewinsky', 'sbentz', 'lerner', 'nanobeam', 'jeson', 'k.hildenbrand', 'yesimcakmakc', 'syoonhan', 'cameronframpton', 'rossop', 'joshuabush', 'nbhat0792', 'cacuy', 'hjp44', 'amrita_lovelace', 'mollykole', 'avivlavan', 'daddysexual', 'jsanmartin1', 'nguyendaniel', 'josemanuel3', 'nfranzoni', 'davidr27', 'spazos7', 'tomasx', 'mahnoor.syed29', 'durgaprasadkhatri2011', 'clizarazo', 'saradiazr', 'berrospidavid7', 'tshihong12', 'krusso448', 'hjlim9612', 'j218711', 'theurgeboat', 'wdeaweqwdas', 'pspiotrowicz1', 'aat0004', 'fabio.aragao.santos', 'nickm', 'mtynski', 'arw0049', 'cactusnoh', 'jsathanand', 'bmirzapouebe', 'panellink1', 't224622', 'raul292', 'choudh23', 'rylandkate', 'mrtmert98', 'emreyilmazel1996', 'testeremre70', 'lctasende3', 'nuriamjusc', 'sarah.youssef', 'ol_ac', 'jack522577', 'fatanehjenabi', 'olga.casals', 'mrbunnyman', 'gabriel.pzanoni', 'dolaydemirel', 'man6787', 'd33r00', 'jeption2025', 's16c045b', 'arianebarreto', 'borja.bayon', 'costasdiego97', 'kmerino', 'asdksnfksfkmd', 'johnganiban', 'elena.gnani', 'xiaoyuzhang', 'thomasspradley', '8223freret', 'jdgerling', 'sqlim94', 'abaringer', 'lobsterben13', 'dongmingli', 'm203442', 'sabe425', 'longstreetjacob', 'sebrobarts', 'kodurur', 'philippeblaise', 'omarloay99', 'ee17resch11016', 'ege.ert7', 'eminasuljic', 'alirose12', 'haren22', 'martinotero', 'r207733', 'reuben90', 'npatta.1986', 'octoman1080x', 'vincentdoucet22', 'ronitronit119', 'felipemachado', 'elel30182', 'nmorgan1', 'hcha71', 'anxooo', 'damianonetto', 'cbandel', 'jason.earl']"
41,229,31,77,1,['tshihong12'],30,"['kst48', 'zse0147', 'm241617', 'j176601', 'jschewinsky', 'c195673', 'psuzhouy', 'sqlim94', 'abaringer', 'jeson', 'm203442', 'aat0004', 'fabio.aragao.santos', 'arw0049', 'l201843', 'marcantoineduval', 'r207733', 'ncm0007', 'a194117', 'vincentdoucet22', 'blane', 'brunomarcello', 'rajsingh', 'nmorgan1', 'olga.casals', 'v257028', 'gabriel.pzanoni', 'cbandel', 'mangabera10', 'arianebarreto']",76,"['adeebzikri0', 'teh_mint12', 'ikramnasir7', 'yewyung', 'wei622', 'tanchunwei8681', 'yijoelow', 'tangkityee', 'yusankoh', 'iron52bat', 'tzeron2210', 'u2003990', 'jxuanchia', 'chinkeatchew880', 'u2003966', 'koayzhengyin', 'nida20', 'syamil123', 'ain.tyra01', 'myson', 'abdulhadi', 'shahrizan01', 'haziqian', 'theezzy', 'saiyedharith18', 'student17202315', 'zamilmuazam98', 'u2003882', 'aliffizham', 'irfanzahiran01', 'zqchin26', 'thishen', 'yoanesyeo', 'luqmanhakim', 'muhamadaiman17207593', 'kj0918', 'kw01', 'u2003919', 'aiman2001', 'aqbarshaiful', 'zalzikri', 'nuhaa426', 'alfin01', 'u2003934', 'nghaowei613', 'shihong5270', 'shenni', 'weimingquah5', 'renyi0912', 'chiachenng123', 'fidadzli', 'kailoom', 'yinyong0427', 'bryanleong1126', 'khawlinkoon', 'leewenjun', 'iskandarsofian', 'aiman_nazri123', 'noelng0112', '17202739nazif', 'u2003884', 'shafiq__', 'renyic', 'kl.chin0622', 'afiq010507', 'ohwayrc', 'abid01', 'pd0s__', 'u2003917', 'aiman01', 's2031189', 's2020494', 'nanododo', 'regangoh0728', 'zuying1204', 'jaydenhon']",107,"['adeebzikri0', 'teh_mint12', 'yewyung', 'm241617', 'tanchunwei8681', 'yijoelow', 'j176601', 'tangkityee', 'iron52bat', 'tshihong12', 'jxuanchia', 'c195673', 'u2003966', 'koayzhengyin', 'syamil123', 'abdulhadi', 'haziqian', 'theezzy', 'saiyedharith18', 'aat0004', 'fabio.aragao.santos', 'student17202315', 'arw0049', 'u2003882', 'aliffizham', 'irfanzahiran01', 'l201843', 'zqchin26', 'luqmanhakim', 'muhamadaiman17207593', 'kj0918', 'kw01', 'u2003919', 'marcantoineduval', 'u2003934', 'ncm0007', 'a194117', 'yinyong0427', 'bryanleong1126', 'leewenjun', 'iskandarsofian', 'blane', 'brunomarcello', 'aiman_nazri123', 'u2003884', 'shafiq__', 'renyic', 'afiq010507', 'olga.casals', 'v257028', 'gabriel.pzanoni', 'abid01', 'u2003917', 's2031189', 'thishen', 'arianebarreto', 'jaydenhon', 'ikramnasir7', 'kst48', 'zse0147', 'wei622', 'u2003990', 'yusankoh', 'tzeron2210', 'jschewinsky', 'chinkeatchew880', 'psuzhouy', 'nida20', 'sqlim94', 'ain.tyra01', 'abaringer', 'myson', 'jeson', 'shahrizan01', 'm203442', 'zamilmuazam98', 'yoanesyeo', 'aiman2001', 'aqbarshaiful', 'zalzikri', 'nuhaa426', 'r207733', 'alfin01', 'nghaowei613', 'shihong5270', 'shenni', 'weimingquah5', 'renyi0912', 'chiachenng123', 'fidadzli', 'vincentdoucet22', 'kailoom', 'khawlinkoon', 'noelng0112', '17202739nazif', 'rajsingh', 'nmorgan1', 'kl.chin0622', 'ohwayrc', 'pd0s__', 'aiman01', 'cbandel', 'mangabera10', 's2020494', 'nanododo', 'regangoh0728', 'zuying1204']"
41,209,31,15,1,['abaringer'],30,"['kst48', 'zse0147', 'm241617', 'j176601', 'jschewinsky', 'tshihong12', 'c195673', 'psuzhouy', 'sqlim94', 'jeson', 'm203442', 'aat0004', 'fabio.aragao.santos', 'arw0049', 'l201843', 'marcantoineduval', 'r207733', 'ncm0007', 'a194117', 'vincentdoucet22', 'blane', 'brunomarcello', 'rajsingh', 'nmorgan1', 'olga.casals', 'v257028', 'gabriel.pzanoni', 'cbandel', 'mangabera10', 'arianebarreto']",14,"['cacuy', 'lobsterben13', 'vritota', 'jhahn95', 'wingitalways', 'kmerino', 'cameronframpton', 'nfranzoni', 'jrobinson5', 'liqizhou', 'lpentzke', 'nguyendaniel', 'annikadasher', 'dicef']",45,"['vritota', 'wingitalways', 'kst48', 'kmerino', 'zse0147', 'm241617', 'j176601', 'jschewinsky', 'tshihong12', 'lpentzke', 'c195673', 'psuzhouy', 'sqlim94', 'abaringer', 'jeson', 'lobsterben13', 'm203442', 'aat0004', 'fabio.aragao.santos', 'cameronframpton', 'arw0049', 'jrobinson5', 'l201843', 'annikadasher', 'marcantoineduval', 'cacuy', 'jhahn95', 'r207733', 'ncm0007', 'a194117', 'liqizhou', 'vincentdoucet22', 'nguyendaniel', 'blane', 'brunomarcello', 'dicef', 'rajsingh', 'nmorgan1', 'olga.casals', 'v257028', 'gabriel.pzanoni', 'nfranzoni', 'cbandel', 'mangabera10', 'arianebarreto']"
41,210,31,7,5,"['m203442', 'r207733', 'v257028', 'gabriel.pzanoni', 'arianebarreto']",26,"['kst48', 'zse0147', 'm241617', 'j176601', 'jschewinsky', 'tshihong12', 'c195673', 'psuzhouy', 'sqlim94', 'abaringer', 'jeson', 'aat0004', 'fabio.aragao.santos', 'arw0049', 'l201843', 'marcantoineduval', 'ncm0007', 'a194117', 'vincentdoucet22', 'blane', 'brunomarcello', 'rajsingh', 'nmorgan1', 'olga.casals', 'cbandel', 'mangabera10']",2,"['f215766', 'leeluanling123']",33,"['leeluanling123', 'kst48', 'zse0147', 'm241617', 'j176601', 'jschewinsky', 'tshihong12', 'c195673', 'psuzhouy', 'sqlim94', 'abaringer', 'jeson', 'm203442', 'aat0004', 'fabio.aragao.santos', 'arw0049', 'l201843', 'marcantoineduval', 'r207733', 'ncm0007', 'a194117', 'vincentdoucet22', 'blane', 'brunomarcello', 'rajsingh', 'nmorgan1', 'olga.casals', 'v257028', 'gabriel.pzanoni', 'cbandel', 'mangabera10', 'f215766', 'arianebarreto']"
41,228,31,6,1,['jeson'],30,"['kst48', 'r207733', 'zse0147', 'm241617', 'j176601', 'ncm0007', 'a194117', 'jschewinsky', 'tshihong12', 'c195673', 'vincentdoucet22', 'psuzhouy', 'sqlim94', 'blane', 'abaringer', 'brunomarcello', 'rajsingh', 'nmorgan1', 'm203442', 'aat0004', 'fabio.aragao.santos', 'olga.casals', 'v257028', 'gabriel.pzanoni', 'arw0049', 'l201843', 'cbandel', 'mangabera10', 'marcantoineduval', 'arianebarreto']",5,"['dompm123', 'deguirejasmin', 'audranp', 'myriam.blanchet07', 'fredericberthiaume1234']",36,"['kst48', 'r207733', 'zse0147', 'm241617', 'dompm123', 'j176601', 'ncm0007', 'a194117', 'jschewinsky', 'tshihong12', 'deguirejasmin', 'c195673', 'vincentdoucet22', 'psuzhouy', 'audranp', 'myriam.blanchet07', 'sqlim94', 'blane', 'abaringer', 'brunomarcello', 'jeson', 'rajsingh', 'nmorgan1', 'm203442', 'aat0004', 'fabio.aragao.santos', 'olga.casals', 'v257028', 'gabriel.pzanoni', 'arw0049', 'l201843', 'cbandel', 'mangabera10', 'fredericberthiaume1234', 'marcantoineduval', 'arianebarreto']"
42,174,30,20,19,"['mkanoi', 'smejia97', 'nwhaynes', 'jrgraham', 'matt1251', 'nioxject', 'seraphineliu', 'ajlayton', 'sliu2018', 'acastbar', 'cmserrao', 'kmizuish', 'kcortez8', 'wwinche', 'cmack', 'pcrao', 'averyga', 'jdzhou', 'rohitm99']",11,"['zhu19999', 'csl1999', 'teddyyin', 'woohpun', 'karlo4', 'btranucd22', 'vhuynh8', 'misael21', 'dhuang70', 'eoudogu', 'smomjian']",1,['sg630'],31,"['mkanoi', 'csl1999', 'smejia97', 'sg630', 'nwhaynes', 'btranucd22', 'jrgraham', 'matt1251', 'nioxject', 'woohpun', 'seraphineliu', 'ajlayton', 'zhu19999', 'sliu2018', 'teddyyin', 'acastbar', 'karlo4', 'cmserrao', 'vhuynh8', 'misael21', 'kmizuish', 'kcortez8', 'eoudogu', 'wwinche', 'cmack', 'pcrao', 'averyga', 'jdzhou', 'rohitm99', 'dhuang70', 'smomjian']"
43,66,29,13,12,"['boundstate', 'aksela', 'sladjana', 'vincilird', 'elenakjm9', 'mstrizak0', 'aleksabu0', 'anjatanovic99', 'tesovicdragana195', 'dejanmicic16', 'skalaandrej7', 'potrebicljubica']",17,"['nikola.markovic', 'marko.markovic', 'quantumduck', 'rozsiadrian', 'xshoka00', 'manulinho72', 'miroslavbogdanovic97', 'janajankovic', 'howland12', 'hrachya.kocharyan', 'milovic.rema', 'yenhungho', 'djox', 'dusan_o', 'aleksandaraleksic11', 'kinde064', 'anjalemaic']",1,['natasa'],30,"['aksela', 'xshoka00', 'vincilird', 'tesovicdragana195', 'hrachya.kocharyan', 'mstrizak0', 'milovic.rema', 'yenhungho', 'djox', 'dejanmicic16', 'dusan_o', 'kinde064', 'potrebicljubica', 'quantumduck', 'rozsiadrian', 'manulinho72', 'miroslavbogdanovic97', 'anjalemaic', 'nikola.markovic', 'boundstate', 'marko.markovic', 'sladjana', 'aleksabu0', 'janajankovic', 'natasa', 'howland12', 'elenakjm9', 'anjatanovic99', 'aleksandaraleksic11', 'skalaandrej7']"
44,122,27,14,10,"['hao66', 'gupta431', 'nair40', 'liu2568', 'lu565', 'msadi', 'mohanp', 'jadhav3', 'ajacobth', 'mbhatasa']",17,"['rishirelan', 'aleperezme', 'anoopanair', 'chen2967', 'storbati', 'ericacarlson', 'ebilionis', 'soutick2010', 'ganti', 'mc2076', 'mdtahirpatel', 'pmangana', 'ebartusi', 'sbairedd', 'taigaom', 'abhinandan11', 'iryu']",4,"['wxie', 'prasad40', 'dhalbroo', 'vvivekan']",31,"['nair40', 'liu2568', 'ericacarlson', 'msadi', 'taigaom', 'ajacobth', 'iryu', 'wxie', 'aleperezme', 'soutick2010', 'dhalbroo', 'vvivekan', 'storbati', 'hao66', 'gupta431', 'lu565', 'ganti', 'mc2076', 'mdtahirpatel', 'pmangana', 'ebartusi', 'sbairedd', 'jadhav3', 'abhinandan11', 'mbhatasa', 'rishirelan', 'anoopanair', 'chen2967', 'ebilionis', 'mohanp', 'prasad40']"
45,179,27,27,22,"['a01027592', 'a01025509', 'joaquinbonavides', 'hecticcoder', 'alonso_juarez', 'a01026877', 'a01026692', 'a01022745', 'ricardocastillejo', 'maraimas', 'rafael99', 'freddy_rd99', 'chrisv212', 'aldosolis86', 'a01026852', 'a01023042', 'a01657045', 'a01022671', 'a01026747', 'abigail.corts', 'lucia_lopez.p', 'a01656014']",5,"['a01027347', 'a01026880', 'a01026748', 'a01023758', 'gracefulpepin']",5,"['erickamc', 'a01022623', 'a01021862', 'ayax.hernando', 'libetancur29']",32,"['a01025509', 'a01027592', 'joaquinbonavides', 'a01022623', 'hecticcoder', 'a01026880', 'a01021862', 'a01026748', 'ayax.hernando', 'erickamc', 'alonso_juarez', 'a01023758', 'a01026877', 'a01026692', 'a01022745', 'ricardocastillejo', 'maraimas', 'rafael99', 'freddy_rd99', 'chrisv212', 'gracefulpepin', 'aldosolis86', 'libetancur29', 'a01026852', 'a01027347', 'a01023042', 'a01657045', 'a01022671', 'a01026747', 'abigail.corts', 'lucia_lopez.p', 'a01656014']"
46,153,27,16,15,"['oakutovenko', 'max374001', 'savochkin.vlad', 'konyshevyuri', 'poslednyymc', 'amgubanov', 'edzeest', 'ivkrasikov', 'mvplatonov', 'vvzunin', 'pasytko12', 'ivsemerin', 'aisosnin', 'olegkutovenko4', 'mikola170298']",12,"['ashamammen', 'malinimukherjee05', 'grace_kuriakose', 'wndpchl', 'adewoyinadeyinka', 'nabilhaziq', 'wongyb88', 'madyomar98', 'iyukuranova', 'harithakrishnan', 'filizula1', 'truijen.brecht']",1,['far1997'],28,"['ashamammen', 'max374001', 'wongyb88', 'madyomar98', 'harithakrishnan', 'pasytko12', 'ivkrasikov', 'olegkutovenko4', 'savochkin.vlad', 'konyshevyuri', 'adewoyinadeyinka', 'mvplatonov', 'vvzunin', 'aisosnin', 'truijen.brecht', 'far1997', 'amgubanov', 'grace_kuriakose', 'wndpchl', 'nabilhaziq', 'iyukuranova', 'ivsemerin', 'mikola170298', 'poslednyymc', 'malinimukherjee05', 'edzeest', 'oakutovenko', 'filizula1']"
46,152,27,6,1,['nabilhaziq'],26,"['ashamammen', 'max374001', 'wongyb88', 'madyomar98', 'harithakrishnan', 'ivkrasikov', 'pasytko12', 'olegkutovenko4', 'savochkin.vlad', 'konyshevyuri', 'adewoyinadeyinka', 'mvplatonov', 'vvzunin', 'aisosnin', 'truijen.brecht', 'amgubanov', 'grace_kuriakose', 'wndpchl', 'iyukuranova', 'ivsemerin', 'mikola170298', 'poslednyymc', 'malinimukherjee05', 'edzeest', 'oakutovenko', 'filizula1']",5,"['sayeem1818', 'zh18', 'z.wei', 'zixianchew', 'shunzhilok']",32,"['ashamammen', 'max374001', 'sayeem1818', 'amgubanov', 'filizula1', 'grace_kuriakose', 'wndpchl', 'nabilhaziq', 'wongyb88', 'madyomar98', 'iyukuranova', 'harithakrishnan', 'pasytko12', 'ivkrasikov', 'ivsemerin', 'olegkutovenko4', 'mikola170298', 'savochkin.vlad', 'konyshevyuri', 'poslednyymc', 'malinimukherjee05', 'edzeest', 'zh18', 'adewoyinadeyinka', 'z.wei', 'mvplatonov', 'zixianchew', 'shunzhilok', 'vvzunin', 'oakutovenko', 'aisosnin', 'truijen.brecht']"
46,154,27,6,2,"['max374001', 'savochkin.vlad']",25,"['ashamammen', 'wongyb88', 'madyomar98', 'harithakrishnan', 'ivkrasikov', 'pasytko12', 'olegkutovenko4', 'konyshevyuri', 'adewoyinadeyinka', 'mvplatonov', 'vvzunin', 'aisosnin', 'truijen.brecht', 'amgubanov', 'grace_kuriakose', 'wndpchl', 'nabilhaziq', 'iyukuranova', 'ivsemerin', 'mikola170298', 'poslednyymc', 'malinimukherjee05', 'edzeest', 'oakutovenko', 'filizula1']",4,"['a_klimenko', 'komrakovasofya111', 'ganekrasov', 'far1997']",31,"['ashamammen', 'max374001', 'far1997', 'amgubanov', 'filizula1', 'grace_kuriakose', 'wndpchl', 'nabilhaziq', 'ganekrasov', 'wongyb88', 'madyomar98', 'iyukuranova', 'komrakovasofya111', 'harithakrishnan', 'pasytko12', 'ivkrasikov', 'ivsemerin', 'olegkutovenko4', 'mikola170298', 'savochkin.vlad', 'konyshevyuri', 'poslednyymc', 'malinimukherjee05', 'edzeest', 'adewoyinadeyinka', 'a_klimenko', 'mvplatonov', 'vvzunin', 'oakutovenko', 'aisosnin', 'truijen.brecht']"
47,185,27,10,5,"['ferfushimi', 'mailen.selzer', 'm.tecco', 'smselzer', 'broensmartin']",22,"['fabripusiol1833', 'pankajphysics121212', 'xiexiezaijian2', 'fabrizioconti97', 'skadi', 'sebamb', 'franciscomerlotti', 'alessandroferretti', 'gaspar.ferreyra', 'hamzaelkilani4997', 'solange.munoz', 'sahudipak311997', 'abhishekbanerjee182', 'sebastian.bairo', 'nidhichhillar1996', 'ugwuokehope18', 'panchoo.olea', 'hhj03155', 'chen6587', 'santosh1998', 'jjang7', 'ph17resch11007']",5,"['francomelica55', 'vfuertes2020', 'fer_fushimi', 'omarlinarez', 'martin.broens']",32,"['ferfushimi', 'francomelica55', 'hamzaelkilani4997', 'fabripusiol1833', 'solange.munoz', 'pankajphysics121212', 'xiexiezaijian2', 'sahudipak311997', 'fabrizioconti97', 'smselzer', 'skadi', 'abhishekbanerjee182', 'omarlinarez', 'broensmartin', 'sebamb', 'sebastian.bairo', 'nidhichhillar1996', 'mailen.selzer', 'franciscomerlotti', 'ugwuokehope18', 'alessandroferretti', 'panchoo.olea', 'gaspar.ferreyra', 'hhj03155', 'chen6587', 'm.tecco', 'vfuertes2020', 'fer_fushimi', 'santosh1998', 'jjang7', 'martin.broens', 'ph17resch11007']"
47,186,27,6,1,['broensmartin'],26,"['ferfushimi', 'fabripusiol1833', 'pankajphysics121212', 'xiexiezaijian2', 'fabrizioconti97', 'smselzer', 'skadi', 'sebamb', 'mailen.selzer', 'franciscomerlotti', 'alessandroferretti', 'gaspar.ferreyra', 'hamzaelkilani4997', 'solange.munoz', 'sahudipak311997', 'abhishekbanerjee182', 'sebastian.bairo', 'nidhichhillar1996', 'ugwuokehope18', 'panchoo.olea', 'hhj03155', 'chen6587', 'm.tecco', 'santosh1998', 'jjang7', 'ph17resch11007']",5,"['francomelica55', 'fabripusiol1895', 'fer_fushimi', 'francisco.merlotti', 'martin.broens']",32,"['ferfushimi', 'francomelica55', 'hamzaelkilani4997', 'fabripusiol1833', 'solange.munoz', 'pankajphysics121212', 'xiexiezaijian2', 'sahudipak311997', 'fabrizioconti97', 'smselzer', 'skadi', 'abhishekbanerjee182', 'francisco.merlotti', 'broensmartin', 'sebamb', 'sebastian.bairo', 'nidhichhillar1996', 'mailen.selzer', 'franciscomerlotti', 'ugwuokehope18', 'alessandroferretti', 'panchoo.olea', 'gaspar.ferreyra', 'hhj03155', 'chen6587', 'm.tecco', 'fer_fushimi', 'fabripusiol1895', 'santosh1998', 'jjang7', 'martin.broens', 'ph17resch11007']"
48,149,27,21,18,"['ziadhany', 'abdullatifjarallah8', 'kwking97', 'rawandashti', 'nwayerr26', 'maleid', 'mahdialeid4', 'evilina.gh', 'nadakh', 'hka', 'q8.badoori.11', 'zahraa123', 'monicazaki89', 'janano', 'alqasba', 'confusion.vacuum', 'bader31', 'fatmajamal']",9,"['asmaa.talaat', 'hanan.almutairi34', 'engineerscottsolutions', 'yousifalayoub', 'diyasingh08', 'ahmeddiefy', 'sammedendoli.ec17', 'amr.saber173', 'leonardmwilu139']",3,"['bilelneji', 'hqassem93', 'a.alfahad']",30,"['kwking97', 'nwayerr26', 'maleid', 'mahdialeid4', 'q8.badoori.11', 'monicazaki89', 'sammedendoli.ec17', 'bader31', 'abdullatifjarallah8', 'yousifalayoub', 'diyasingh08', 'evilina.gh', 'bilelneji', 'alqasba', 'confusion.vacuum', 'ziadhany', 'fatmajamal', 'asmaa.talaat', 'rawandashti', 'ahmeddiefy', 'hka', 'leonardmwilu139', 'amr.saber173', 'a.alfahad', 'hanan.almutairi34', 'engineerscottsolutions', 'nadakh', 'hqassem93', 'janano', 'zahraa123']"
49,219,26,33,1,['jgarcia141'],25,"['jaolivares4', 'jecampos2', 'danielmlopez15', 'siu854104358', 'benelectronics', 'alvalles2', 'sebarraza2', 'unknown2850', 'lggalazcarr', 'edrodriguez4', 'albertomoreno17', 'ncruz2', 'shashankshandilya.microuiet', 'stephenberg', 'subhadeepchowdhury0212', 'crpantoja', 'kaalderete', 'nruizlopez', 'mortega27', 'kabransah', 'vhcastro', 'nachapamills', 'alethegoat', 'cspencer88', 'cerva015']",32,"['hammir16', 'ivans', 'kramervc07', 'darhodes', 'grafap24', 'damoldov', 'hjgogoi24', 'lewisgf20', 'brrmatteo', 'roydouek', 'turban.', 'vtagare2', 'martinolorenzini', 'recaro13', 'nsh0004', 'breddy4', 'biagiocap95', 'wkloppen', '2stranger', 'jackmings1', 'jmendez100', 'yavuzceo', 'rollagrad2012', 'jacoponicolini', 'savchukol20', 'aildefonso3', 'guofu', 'maxguipil', 'raanapooshimin', 'rflores46', 'ktuzinowski', 'kienbaumjj30']",58,"['jaolivares4', 'jecampos2', 'danielmlopez15', 'hammir16', 'ivans', 'siu854104358', 'kramervc07', 'jgarcia141', 'benelectronics', 'darhodes', 'grafap24', 'alvalles2', 'damoldov', 'sebarraza2', 'hjgogoi24', 'unknown2850', 'lggalazcarr', 'edrodriguez4', 'albertomoreno17', 'lewisgf20', 'ncruz2', 'brrmatteo', 'roydouek', 'turban.', 'shashankshandilya.microuiet', 'vtagare2', 'stephenberg', 'martinolorenzini', 'recaro13', 'nsh0004', 'breddy4', 'biagiocap95', 'subhadeepchowdhury0212', 'wkloppen', 'crpantoja', 'kaalderete', '2stranger', 'jackmings1', 'jmendez100', 'nruizlopez', 'mortega27', 'kabransah', 'vhcastro', 'yavuzceo', 'nachapamills', 'rollagrad2012', 'jacoponicolini', 'savchukol20', 'aildefonso3', 'alethegoat', 'guofu', 'maxguipil', 'raanapooshimin', 'rflores46', 'ktuzinowski', 'cspencer88', 'cerva015', 'kienbaumjj30']"
49,220,26,15,12,"['alvalles2', 'sebarraza2', 'alethegoat', 'crpantoja', 'lggalazcarr', 'edrodriguez4', 'nruizlopez', 'jecampos2', 'mortega27', 'vhcastro', 'ncruz2', 'cerva015']",14,"['jgarcia141', 'benelectronics', 'subhadeepchowdhury0212', 'kaalderete', 'jaolivares4', 'unknown2850', 'nachapamills', 'albertomoreno17', 'kabransah', 'cspencer88', 'danielmlopez15', 'shashankshandilya.microuiet', 'siu854104358', 'stephenberg']",3,"['rflores46', 'gponce5', 'aarodriguez26']",29,"['jaolivares4', 'jecampos2', 'danielmlopez15', 'siu854104358', 'jgarcia141', 'benelectronics', 'alvalles2', 'sebarraza2', 'unknown2850', 'lggalazcarr', 'edrodriguez4', 'albertomoreno17', 'ncruz2', 'shashankshandilya.microuiet', 'stephenberg', 'aarodriguez26', 'subhadeepchowdhury0212', 'crpantoja', 'kaalderete', 'nruizlopez', 'mortega27', 'kabransah', 'vhcastro', 'nachapamills', 'alethegoat', 'rflores46', 'cspencer88', 'cerva015', 'gponce5']"
49,218,26,12,4,"['benelectronics', 'cspencer88', 'siu854104358', 'stephenberg']",22,"['jaolivares4', 'jecampos2', 'danielmlopez15', 'jgarcia141', 'alvalles2', 'sebarraza2', 'unknown2850', 'lggalazcarr', 'edrodriguez4', 'albertomoreno17', 'ncruz2', 'shashankshandilya.microuiet', 'subhadeepchowdhury0212', 'crpantoja', 'kaalderete', 'nruizlopez', 'mortega27', 'kabransah', 'vhcastro', 'nachapamills', 'alethegoat', 'cerva015']",8,"['wcmelton96', 'siu856031918', 'jhorio1', 'jackmings1', 'jackajarman', 'collincurtis', 'jsathanand', 'nicolasfp']",34,"['siu856031918', 'jaolivares4', 'jecampos2', 'collincurtis', 'danielmlopez15', 'siu854104358', 'jgarcia141', 'benelectronics', 'alvalles2', 'sebarraza2', 'unknown2850', 'lggalazcarr', 'edrodriguez4', 'albertomoreno17', 'jackajarman', 'jsathanand', 'ncruz2', 'shashankshandilya.microuiet', 'stephenberg', 'subhadeepchowdhury0212', 'jhorio1', 'crpantoja', 'kaalderete', 'jackmings1', 'nruizlopez', 'mortega27', 'kabransah', 'vhcastro', 'nachapamills', 'wcmelton96', 'alethegoat', 'cspencer88', 'nicolasfp', 'cerva015']"
50,270,26,16,14,"['manosxfn', 'konstantinakaramitsou02', 'anastasia.a.mavrogianni', 'chrysoulamichou', 'athinak1112', 'sofiastefania123', 'basiliskontos12', 'mpourlakis.b.dimitris', 'phrap38', 'konstantinos.kons', 'adamantia.koulouri', 'tassosgr2002', 'thsachlas', 'mair_bot']",12,"['ath.rapti7', 'efoula.achtzalotidou', 'helenpapa87', 'kliokogia14', 'katerinako', 'marianthipapad', 'ioannachristophorou', 'eden.hornung', 'mihalisloukopoulos', 'sofiakass', 'antigonilatsiou', 'aleuraa210']",2,"['sotiristoulio', 'kleterpos']",28,"['ath.rapti7', 'efoula.achtzalotidou', 'katerinako', 'mihalisloukopoulos', 'aleuraa210', 'mair_bot', 'manosxfn', 'anastasia.a.mavrogianni', 'mpourlakis.b.dimitris', 'eden.hornung', 'sofiakass', 'tassosgr2002', 'thsachlas', 'sotiristoulio', 'phrap38', 'chrysoulamichou', 'sofiastefania123', 'ioannachristophorou', 'basiliskontos12', 'konstantinos.kons', 'konstantinakaramitsou02', 'helenpapa87', 'kliokogia14', 'marianthipapad', 'adamantia.koulouri', 'antigonilatsiou', 'athinak1112', 'kleterpos']"
51,177,25,5,5,"['mnsaxena', 'ragrawa', 'evogelsa', 'elicmitc', 'ashuffin']",20,"['wyethmich', 'brebake', 'fostemii', 'rwtow', 'hayesde', 'dasmish', 'emchow', 'mjrandal', 'gragleas', 'ahmorrow', 'ryan.lockard22', 'marmaroma3246', 'austinthus', 'gemeadow', 'barnecle1', 'renjewel', 'aneveret', 'emorywhitney102', 'proesler', 'mfmitsch']",0,[],25,"['wyethmich', 'brebake', 'fostemii', 'rwtow', 'mnsaxena', 'hayesde', 'dasmish', 'emchow', 'mjrandal', 'gragleas', 'ahmorrow', 'ryan.lockard22', 'marmaroma3246', 'austinthus', 'gemeadow', 'barnecle1', 'ragrawa', 'renjewel', 'aneveret', 'evogelsa', 'emorywhitney102', 'proesler', 'mfmitsch', 'elicmitc', 'ashuffin']"
52,64,25,13,11,"['xvlasa12', 'shurtugal', 'xdolez83', 'xspina01', 'xarbei01', 'xbubni03', 'marco_miskov', 'xdvora2q', 'petka.dohnal', 'lada.kazimercikova', 'sindler.matej']",14,"['xkamen19', 'klaudy', 'xdvora2g', 'xredrm00', 'xkarze01', 'pavlinskyb', 'alan.lopez.becerra', 'lukas13', 'xtrnko02', 'xkarel04', 'cicka1398', 'xkubic40', 'lucas_frkan', 'xbedli00']",2,"['tf.pakko', 'xlevdo00']",27,"['xvlasa12', 'xlevdo00', 'klaudy', 'pavlinskyb', 'alan.lopez.becerra', 'lukas13', 'xtrnko02', 'lada.kazimercikova', 'shurtugal', 'xspina01', 'xkamen19', 'xredrm00', 'xbubni03', 'xkarel04', 'tf.pakko', 'xbedli00', 'xdolez83', 'xkarze01', 'xdvora2g', 'xarbei01', 'marco_miskov', 'xdvora2q', 'petka.dohnal', 'cicka1398', 'xkubic40', 'lucas_frkan', 'sindler.matej']"
52,63,25,6,1,['petka.dohnal'],24,"['xvlasa12', 'klaudy', 'pavlinskyb', 'alan.lopez.becerra', 'lukas13', 'xtrnko02', 'lada.kazimercikova', 'shurtugal', 'xspina01', 'xkamen19', 'xredrm00', 'xbubni03', 'xkarel04', 'xbedli00', 'xdolez83', 'xkarze01', 'xdvora2g', 'xarbei01', 'marco_miskov', 'xdvora2q', 'cicka1398', 'xkubic40', 'lucas_frkan', 'sindler.matej']",5,"['xtoman36', 'hadi.abdallah33', 'zumicz', 'tf.pakko', 'simek']",30,"['xvlasa12', 'xdolez83', 'klaudy', 'xkarze01', 'pavlinskyb', 'alan.lopez.becerra', 'lukas13', 'xtrnko02', 'lada.kazimercikova', 'simek', 'shurtugal', 'xspina01', 'xkamen19', 'xdvora2g', 'xredrm00', 'xbubni03', 'xarbei01', 'marco_miskov', 'xtoman36', 'hadi.abdallah33', 'zumicz', 'xdvora2q', 'petka.dohnal', 'xkarel04', 'tf.pakko', 'sindler.matej', 'cicka1398', 'xkubic40', 'lucas_frkan', 'xbedli00']"
53,131,25,7,6,"['qgan22', 'ys3376', 'awe2112', 'ma4160', 'bhs2142', 'rav2144']",19,"['roziriyaj', 'grb2120', 'zx2315', 'tw2775', 'aak2207', 'ejmb', 'y_zhu', 'xinhao', 'enes1998', 'slr2196', 'zy2421', 'giovanniroviello79', 'aurban', 'yw3553', 'wt2293', 'svc2130', 'smouraki', 'ck3027', 'jz3157']",1,['bshen0908'],26,"['roziriyaj', 'zx2315', 'grb2120', 'enes1998', 'aak2207', 'tw2775', 'awe2112', 'slr2196', 'bhs2142', 'rav2144', 'ma4160', 'bshen0908', 'zy2421', 'ejmb', 'giovanniroviello79', 'y_zhu', 'aurban', 'qgan22', 'xinhao', 'ys3376', 'yw3553', 'wt2293', 'svc2130', 'smouraki', 'ck3027', 'jz3157']"
54,76,24,44,1,['michaels'],23,"['af.almanza10', 'sebuchaspinzon', 'jaimesariasmjose', 'ss728', 'juanjose62976', 'susme2020', 'af.manrique', 'martindanielrm15', 'crishanderhr', 'ibuitron', 'alejandro21', 'andres201719819', 'sergio.gomez', 'juanjosearevalo', 'mangel.hc1109', 'armandosernasc', 'santiago856', 'snowartz', 'nguerreronaranjo', 'criscams', 's.rodrigueza', 'd0kma', 's.leonaviles152915']",43,"['cristianjulian132002', 'alexh1000', 'vargasautocad', 'juguibavi27', 'dianasalcedo', 'maidy', 'eric.klozr', 'sergioneuta', 'santmc98', 'danielvillarg3', 'jaiverthadrian25', 'juan10eslav', 'camiloarango', 'gonzalezcamilo672', 'j.morenos', 'caiceseb', 'luxion', 'karenpolania', 'dannielmoreno', 'juanpa12', 'alejocibe', 'lcarolopez.lecl', 'davidsantiagomoncayo', 'c.escobarh', 'manuf.vargas36', 'arizah0707', 'felipio32', 'j.mendezm', 'nicolastrivino', 'j.padillat', 'id.escobar', 'j.acostac', 'santy015', 'ruedasan', 'gotty', 'estebanboada', 'd.posadap', 'm.vieda', 'juansebastiancorredor12', 'federicoberbesi', 'juancreyes201', 'acordero', 'sergioneuta3002']",67,"['af.almanza10', 'jaimesariasmjose', 'cristianjulian132002', 'alexh1000', 'vargasautocad', 'ss728', 'dianasalcedo', 'maidy', 'juanjose62976', 'sergioneuta', 'danielvillarg3', 'gonzalezcamilo672', 'j.morenos', 'caiceseb', 'susme2020', 'alejocibe', 'alejandro21', 'andres201719819', 'lcarolopez.lecl', 'davidsantiagomoncayo', 'arizah0707', 'felipio32', 'nicolastrivino', 'juanjosearevalo', 'mangel.hc1109', 'gotty', 'estebanboada', 'd.posadap', 'm.vieda', 'federicoberbesi', 'd0kma', 'ibuitron', 'acordero', 'juguibavi27', 's.leonaviles152915', 'sebuchaspinzon', 'michaels', 'eric.klozr', 'santmc98', 'jaiverthadrian25', 'juan10eslav', 'camiloarango', 'luxion', 'karenpolania', 'dannielmoreno', 'af.manrique', 'martindanielrm15', 'juanpa12', 'crishanderhr', 'sergio.gomez', 'c.escobarh', 'manuf.vargas36', 'j.mendezm', 'j.padillat', 'id.escobar', 'j.acostac', 'armandosernasc', 'santiago856', 'santy015', 'snowartz', 'ruedasan', 'nguerreronaranjo', 'juansebastiancorredor12', 'criscams', 's.rodrigueza', 'juancreyes201', 'sergioneuta3002']"
54,53,24,10,8,"['sergio.gomez', 'sebuchaspinzon', 'mangel.hc1109', 'martindanielrm15', 'santiago856', 'crishanderhr', 'd0kma', 'alejandro21']",16,"['af.almanza10', 'nguerreronaranjo', 's.leonaviles152915', 'jaimesariasmjose', 'ibuitron', 'criscams', 's.rodrigueza', 'ss728', 'juanjosearevalo', 'susme2020', 'armandosernasc', 'michaels', 'af.manrique', 'juanjose62976', 'snowartz', 'andres201719819']",2,"['alizarazo1204', 'j.mendezm']",26,"['sergio.gomez', 'af.almanza10', 'sebuchaspinzon', 'j.mendezm', 'jaimesariasmjose', 'ss728', 'juanjosearevalo', 'michaels', 'mangel.hc1109', 'juanjose62976', 'armandosernasc', 'santiago856', 'snowartz', 's.leonaviles152915', 'alizarazo1204', 'nguerreronaranjo', 'af.manrique', 'criscams', 's.rodrigueza', 'susme2020', 'alejandro21', 'd0kma', 'martindanielrm15', 'crishanderhr', 'ibuitron', 'andres201719819']"
57,189,23,21,1,['eliabronzo03'],22,"['naeembharmal13', 'heller.martin', 'victoradeshina', 'robertobellelli', 'lara.laganis2000', 'gabriele.fasolis', 'giubileigaia', 'verhovez.sara', 'dvlom', 'louis.bond.lb', 'pietrog', 'jasonjdominguez99', 'ivan271', 'leilarizzo', 'tozigbu', 'isaacdelpe', 'leonardo1', 'mhazman.hussin', 'lele.17.11.2000', 'ahtishamuhp', 'danilo_cammarata', 'geohwk']",20,"['vincenzopioelia', 'lucanepote2000', 'margheritabruno0', 'simona_zetta', 'kevinetor.piccati', 'miriam.piccinini00', 'frakkio10', 'culumusciu16', 'barbarazacco', 'giulianaberetta', 'ilariaferrari', 'giuseppe00', 'tausenrico00', 'edoardo', 'christian.bodo', 'silvia00', 'davibarbero', 'chidzahi', 'alesdu12', 'frac98']",43,"['vincenzopioelia', 'naeembharmal13', 'lucanepote2000', 'eliabronzo03', 'heller.martin', 'margheritabruno0', 'kevinetor.piccati', 'simona_zetta', 'miriam.piccinini00', 'frakkio10', 'victoradeshina', 'robertobellelli', 'culumusciu16', 'lara.laganis2000', 'gabriele.fasolis', 'giubileigaia', 'verhovez.sara', 'dvlom', 'barbarazacco', 'giulianaberetta', 'louis.bond.lb', 'ilariaferrari', 'giuseppe00', 'tausenrico00', 'pietrog', 'jasonjdominguez99', 'edoardo', 'ivan271', 'christian.bodo', 'leilarizzo', 'tozigbu', 'isaacdelpe', 'silvia00', 'davibarbero', 'leonardo1', 'mhazman.hussin', 'chidzahi', 'alesdu12', 'lele.17.11.2000', 'ahtishamuhp', 'danilo_cammarata', 'frac98', 'geohwk']"
57,194,23,10,5,"['leilarizzo', 'isaacdelpe', 'pietrog', 'danilo_cammarata', 'lara.laganis2000']",18,"['naeembharmal13', 'verhovez.sara', 'dvlom', 'eliabronzo03', 'tozigbu', 'heller.martin', 'lele.17.11.2000', 'geohwk', 'louis.bond.lb', 'jasonjdominguez99', 'victoradeshina', 'ahtishamuhp', 'robertobellelli', 'leonardo1', 'ivan271', 'mhazman.hussin', 'gabriele.fasolis', 'giubileigaia']",5,"['lucanepote2000', 'giuseppe00', 'frac98', 'edoardo', 'davide1234']",28,"['naeembharmal13', 'leilarizzo', 'eliabronzo03', 'tozigbu', 'heller.martin', 'isaacdelpe', 'lucanepote2000', 'victoradeshina', 'robertobellelli', 'leonardo1', 'edoardo', 'lara.laganis2000', 'gabriele.fasolis', 'giubileigaia', 'mhazman.hussin', 'davide1234', 'verhovez.sara', 'dvlom', 'lele.17.11.2000', 'louis.bond.lb', 'giuseppe00', 'pietrog', 'jasonjdominguez99', 'ahtishamuhp', 'danilo_cammarata', 'geohwk', 'frac98', 'ivan271']"
57,192,23,9,1,['leonardo1'],22,"['naeembharmal13', 'eliabronzo03', 'heller.martin', 'victoradeshina', 'robertobellelli', 'lara.laganis2000', 'gabriele.fasolis', 'giubileigaia', 'verhovez.sara', 'dvlom', 'louis.bond.lb', 'pietrog', 'jasonjdominguez99', 'ivan271', 'leilarizzo', 'tozigbu', 'isaacdelpe', 'mhazman.hussin', 'lele.17.11.2000', 'ahtishamuhp', 'danilo_cammarata', 'geohwk']",8,"['silviacapozzoli00', 'lucanepote2000', 'margheritabruno0', 'giulianaberetta', 'miriam.piccinini00', 'giuseppe00', 'frac98', 'culumusciu16']",31,"['naeembharmal13', 'leilarizzo', 'eliabronzo03', 'tozigbu', 'heller.martin', 'isaacdelpe', 'lucanepote2000', 'margheritabruno0', 'miriam.piccinini00', 'victoradeshina', 'robertobellelli', 'culumusciu16', 'leonardo1', 'lara.laganis2000', 'gabriele.fasolis', 'giubileigaia', 'mhazman.hussin', 'silviacapozzoli00', 'verhovez.sara', 'dvlom', 'lele.17.11.2000', 'giulianaberetta', 'louis.bond.lb', 'giuseppe00', 'pietrog', 'jasonjdominguez99', 'ahtishamuhp', 'danilo_cammarata', 'geohwk', 'frac98', 'ivan271']"
57,190,23,6,1,['giubileigaia'],22,"['naeembharmal13', 'eliabronzo03', 'heller.martin', 'victoradeshina', 'robertobellelli', 'lara.laganis2000', 'gabriele.fasolis', 'verhovez.sara', 'dvlom', 'louis.bond.lb', 'pietrog', 'jasonjdominguez99', 'ivan271', 'leilarizzo', 'tozigbu', 'isaacdelpe', 'leonardo1', 'mhazman.hussin', 'lele.17.11.2000', 'ahtishamuhp', 'danilo_cammarata', 'geohwk']",5,"['gervasio', 'gerardo.castagno', 'enricovalentini', 'antonio.ocarino', 'giuseppe.divincenzo21']",28,"['naeembharmal13', 'leilarizzo', 'eliabronzo03', 'tozigbu', 'heller.martin', 'isaacdelpe', 'gervasio', 'enricovalentini', 'victoradeshina', 'robertobellelli', 'leonardo1', 'lara.laganis2000', 'gabriele.fasolis', 'giubileigaia', 'mhazman.hussin', 'giuseppe.divincenzo21', 'verhovez.sara', 'dvlom', 'lele.17.11.2000', 'louis.bond.lb', 'antonio.ocarino', 'gerardo.castagno', 'pietrog', 'jasonjdominguez99', 'ahtishamuhp', 'danilo_cammarata', 'geohwk', 'ivan271']"
57,193,23,6,1,['leonardo1'],22,"['naeembharmal13', 'eliabronzo03', 'heller.martin', 'victoradeshina', 'robertobellelli', 'lara.laganis2000', 'gabriele.fasolis', 'giubileigaia', 'verhovez.sara', 'dvlom', 'louis.bond.lb', 'pietrog', 'jasonjdominguez99', 'ivan271', 'leilarizzo', 'tozigbu', 'isaacdelpe', 'mhazman.hussin', 'lele.17.11.2000', 'ahtishamuhp', 'danilo_cammarata', 'geohwk']",5,"['margheritabruno0', 'giuseppe00', 'frac98', 'culumusciu16', 'edoardo']",28,"['naeembharmal13', 'leilarizzo', 'eliabronzo03', 'tozigbu', 'heller.martin', 'isaacdelpe', 'margheritabruno0', 'victoradeshina', 'robertobellelli', 'culumusciu16', 'leonardo1', 'edoardo', 'lara.laganis2000', 'gabriele.fasolis', 'giubileigaia', 'mhazman.hussin', 'verhovez.sara', 'dvlom', 'lele.17.11.2000', 'louis.bond.lb', 'giuseppe00', 'pietrog', 'jasonjdominguez99', 'ahtishamuhp', 'danilo_cammarata', 'geohwk', 'frac98', 'ivan271']"
58,62,23,6,5,"['alkallimus', 'xriabo00', 'xkuklo00', 'a.a.', 'xkondy00']",18,"['xkrizd01', 'radeko', 'marek.los998', 'xtoman36', 'marco.viera', 'christopherborsa', 'xkrejc60', 'xsinde15', 'xsanta08', 'xvaver09', 'zumicz', 'zhangzuquan89', 'pbsorokin', 'karelchlumecky6', 'simek', 'radim.cuhel', 'facebookchinch', 'martindanek']",1,['bobo4ca1405'],24,"['xkrizd01', 'radeko', 'marek.los998', 'xkuklo00', 'xriabo00', 'xsinde15', 'xkrejc60', 'xvaver09', 'a.a.', 'zhangzuquan89', 'karelchlumecky6', 'simek', 'martindanek', 'xtoman36', 'alkallimus', 'marco.viera', 'bobo4ca1405', 'christopherborsa', 'xsanta08', 'zumicz', 'xkondy00', 'pbsorokin', 'radim.cuhel', 'facebookchinch']"
58,63,23,6,3,"['xtoman36', 'simek', 'zumicz']",20,"['radeko', 'xkrejc60', 'xvaver09', 'a.a.', 'karelchlumecky6', 'alkallimus', 'christopherborsa', 'xsanta08', 'pbsorokin', 'facebookchinch', 'xkrizd01', 'marek.los998', 'xkuklo00', 'xriabo00', 'xsinde15', 'zhangzuquan89', 'martindanek', 'marco.viera', 'xkondy00', 'radim.cuhel']",3,"['hadi.abdallah33', 'petka.dohnal', 'tf.pakko']",26,"['xkrizd01', 'radeko', 'marek.los998', 'xkuklo00', 'xriabo00', 'xsinde15', 'xkrejc60', 'xvaver09', 'a.a.', 'zhangzuquan89', 'karelchlumecky6', 'simek', 'martindanek', 'xtoman36', 'alkallimus', 'marco.viera', 'hadi.abdallah33', 'christopherborsa', 'xsanta08', 'zumicz', 'xkondy00', 'petka.dohnal', 'tf.pakko', 'pbsorokin', 'radim.cuhel', 'facebookchinch']"
59,197,22,21,20,"['zen.pt09', 'chenhsien.cop09g', 'bernie1902.cop09g', 'steven60517', 'kb02112000.cop09g', 'yuwei.cop09g', 'joehsu.c', 'bangyuliu.c', 'lab518assit', 'yuhang980503', 'benny0705.pt09', 'wsr870120.cop09g', 'ting.cop09g', 'eric870116', 'sharon0426.cop09g', 's878072005.cop09g', 'vernalchu.cop09g', 'miami34345', 'adsqwxzc.pt09', 'cheaster86']",2,"['xss246831', 'samlin']",1,['panda980122.cop08g'],23,"['panda980122.cop08g', 'samlin', 'zen.pt09', 'chenhsien.cop09g', 'bernie1902.cop09g', 'steven60517', 'kb02112000.cop09g', 'yuwei.cop09g', 'joehsu.c', 'bangyuliu.c', 'lab518assit', 'yuhang980503', 'benny0705.pt09', 'wsr870120.cop09g', 'ting.cop09g', 'eric870116', 'sharon0426.cop09g', 's878072005.cop09g', 'vernalchu.cop09g', 'miami34345', 'xss246831', 'adsqwxzc.pt09', 'cheaster86']"
60,126,22,6,6,"['cardonamarti', 'jonathan.victoria', 'bujosala', 'dianarodriguez.croem', 'angierodzvelez', 'josseant.flores.cruz']",16,"['gzmarco.1993', 'ishaanamahajan', 'csangyal', 'russelkm', 'clewis26', 'k22stone', 'putnamja', 'kkmehta3', 'lucilleoliver', 'penterman', 'jamie.lauer', 'jlgold2', 'zzhou436', 'isabel.hortal', 'leferpe', 'cmlin']",0,[],22,"['gzmarco.1993', 'ishaanamahajan', 'csangyal', 'bujosala', 'putnamja', 'dianarodriguez.croem', 'angierodzvelez', 'kkmehta3', 'josseant.flores.cruz', 'jamie.lauer', 'jlgold2', 'zzhou436', 'isabel.hortal', 'leferpe', 'cardonamarti', 'jonathan.victoria', 'clewis26', 'lucilleoliver', 'k22stone', 'penterman', 'russelkm', 'cmlin']"
61,123,22,5,1,['hu518'],21,"['aprahara', 'hzhou22', 'mtan13', 'jinyoung', 'zhaotian', 'tomlinj', 'qingjie.li219', 'jsyony37', 'phaluai', 'caseya', 'jvincen5', 'mmcbride', 'niklaskjobst', 'ywan1240', 'gupta332', 'elijahflrs', 'kelsayed', 'dungaram', 'danyvilla9va', 'smit4180', 'wangjourney7']",4,"['hess35', 'sorens10', 'li3221', 'yifanwu']",26,"['aprahara', 'yifanwu', 'hzhou22', 'mtan13', 'li3221', 'jinyoung', 'kelsayed', 'sorens10', 'zhaotian', 'tomlinj', 'qingjie.li219', 'dungaram', 'jsyony37', 'phaluai', 'caseya', 'danyvilla9va', 'hess35', 'jvincen5', 'mmcbride', 'niklaskjobst', 'ywan1240', 'hu518', 'gupta332', 'smit4180', 'wangjourney7', 'elijahflrs']"
62,269,21,15,6,"['s_288604', 'antogent', 's282872', 'paolotrt', 'hajdariannalisa', 'giuliofiorita98']",15,"['s290981', 'christian.presta97', 's292609', 'mstolte', 'winiarss', 'filld97', 'christianpanero2', 'raffa.tosc', 'ruggero', 's288223', 'luisadifrancesc0', 'valentin', 'acampanale16', 'carlotr8', 'elifelbek1997']",9,"['ivanballiana', 's288299', 'giuliab', 'grossoelia98', 'ezzzzzio', 'lucafrancone288843', 'matteo.fasano', 'stefanomusarratubi', 'saragigliotti']",30,"['mstolte', 's288299', 'winiarss', 's_288604', 'christianpanero2', 'antogent', 's282872', 'raffa.tosc', 'ruggero', 'grossoelia98', 'ezzzzzio', 'lucafrancone288843', 'valentin', 'christian.presta97', 'acampanale16', 'carlotr8', 'stefanomusarratubi', 'saragigliotti', 'elifelbek1997', 's290981', 's292609', 'ivanballiana', 'filld97', 'giuliab', 'paolotrt', 'matteo.fasano', 'luisadifrancesc0', 's288223', 'hajdariannalisa', 'giuliofiorita98']"
63,163,21,158,16,"['afirkan', 'carls127', 'jone1616', 'wnorton', 'lvelky', 'aalnas', 'marykirstenreilly', 'danie140', 'jmontbru', 'ncivitan', 'cmancini', 'ahn87', 'abirkeme', 'jcarre', 'mannin15', 'hollej']",5,"['pdigrego', 'douh', 'fernandovega47', 'busch8', 'toboyle']",142,"['mclassen', 'jennin56', 'cliffos', 'jnylen', 'nafandi', 'whollan', 'kngupta', 'nfransen', 'mkirsch', 'rcalistr', 'artierenier', 'lukehendriks4', 'okeefee', 'voorsm', 'jade.m.meekin', 'armour1', 'gfiedler', 'hmcguir', 'hollowr', 'mlannie', 'dbhagwan', 'john2345', 'bkoszyk', 'weber164', 'tsriram', 'cleveng2', 'agarw190', 'bbondi', 'lritchis', 'bird12', 'mihsan', 'mmatteso', 'jgerstei', 'will1941', 'sayyala', 'zhan3108', 'llefebvr', 'pbhaske', 'amelia.markert979', 'ebinkle', 'rtrafele', 'mcalisto', 'murph417', 'ander966', 'chris260', 'comer13', 'rstaples', 'mock6', 'hawkin98', 'bgrytza', 'feng233', 'jperata', 'skunduru', 'fruane', 'obriencaitlin20', 'snathell', 'jcavage', 'ellis125', 'single0', 'hodge20', 'kradde', 'gagnonn', 'gzanutta', 'nkielkop', 'agf2018', 'ejobe', 'thoma805', 'stuff', 'akmaksim', 'adoxsee', 'achungma', 'sbukzam', 'heaton4', 'nrrobins', 'sweene26', 'asyrek', 'sharlow', 'harri827', 'connoll1', 'tvulich', 'sinha54', 'zhu741', 'mragei', 'ndroessl', 'zhao979', 'lopez347', 'downeyl', 'llwan', 'bodhiscott', 'ander939', 'kyendru', 'li2701', 'hughe234', 'smahipat', 'jyounkin', 'nixon21', 'beers2', 'rhentric', 'boninl', 'mngaglia', 'ojonas', 'gconer', 'mprue', 'lin1297', 'mfangio', 'agettel', 'stockerm', 'afarha', 'tprati', 'jmesa', 'allen482', 'ksagar', 'kbrayto', 'csrafin', 'cohland', 'funkhous', 'liu2442', 'wdobbs', 'lopez344', 'jmestach', 'chfranci', 'srajarat', 'thubauer', 'russe162', 'nortt', 'rdamle', 'nrentsc', 'zuckerma', 'bbarale', 'elamewon', 'pan229', 'romack0', 'kong68', 'wagoneb', 'pate1082', 'svendsen', 'dnocon', 'sharp82', 'efrancoe', 'kzingaro', 'mikav', 'akurumba']",163,"['mclassen', 'jennin56', 'cliffos', 'jnylen', 'nafandi', 'busch8', 'whollan', 'kngupta', 'nfransen', 'mkirsch', 'rcalistr', 'artierenier', 'lukehendriks4', 'okeefee', 'voorsm', 'jade.m.meekin', 'armour1', 'gfiedler', 'hmcguir', 'fernandovega47', 'hollowr', 'jmontbru', 'mlannie', 'dbhagwan', 'john2345', 'jcarre', 'bkoszyk', 'weber164', 'tsriram', 'cleveng2', 'agarw190', 'bbondi', 'lritchis', 'bird12', 'mihsan', 'mmatteso', 'toboyle', 'jgerstei', 'will1941', 'sayyala', 'zhan3108', 'llefebvr', 'pbhaske', 'amelia.markert979', 'ebinkle', 'ahn87', 'rtrafele', 'mcalisto', 'murph417', 'ander966', 'chris260', 'comer13', 'rstaples', 'mock6', 'hawkin98', 'bgrytza', 'feng233', 'jperata', 'skunduru', 'fruane', 'pdigrego', 'obriencaitlin20', 'snathell', 'jcavage', 'ellis125', 'marykirstenreilly', 'single0', 'ncivitan', 'cmancini', 'hodge20', 'kradde', 'gagnonn', 'mannin15', 'gzanutta', 'nkielkop', 'agf2018', 'ejobe', 'lvelky', 'thoma805', 'stuff', 'akmaksim', 'adoxsee', 'achungma', 'sbukzam', 'heaton4', 'nrrobins', 'sweene26', 'asyrek', 'sharlow', 'harri827', 'connoll1', 'tvulich', 'sinha54', 'zhu741', 'mragei', 'ndroessl', 'zhao979', 'lopez347', 'danie140', 'downeyl', 'llwan', 'bodhiscott', 'carls127', 'ander939', 'kyendru', 'li2701', 'aalnas', 'hughe234', 'smahipat', 'abirkeme', 'jyounkin', 'hollej', 'nixon21', 'beers2', 'rhentric', 'boninl', 'mngaglia', 'ojonas', 'gconer', 'mprue', 'afirkan', 'jone1616', 'lin1297', 'mfangio', 'agettel', 'stockerm', 'afarha', 'tprati', 'jmesa', 'allen482', 'ksagar', 'kbrayto', 'csrafin', 'cohland', 'funkhous', 'liu2442', 'wdobbs', 'lopez344', 'jmestach', 'chfranci', 'srajarat', 'thubauer', 'russe162', 'nortt', 'rdamle', 'nrentsc', 'zuckerma', 'bbarale', 'elamewon', 'pan229', 'romack0', 'kong68', 'douh', 'wnorton', 'wagoneb', 'pate1082', 'svendsen', 'dnocon', 'sharp82', 'efrancoe', 'kzingaro', 'mikav', 'akurumba']"
63,164,21,41,2,"['douh', 'toboyle']",19,"['afirkan', 'jone1616', 'busch8', 'ahn87', 'danie140', 'pdigrego', 'carls127', 'aalnas', 'marykirstenreilly', 'fernandovega47', 'jmontbru', 'ncivitan', 'cmancini', 'abirkeme', 'jcarre', 'mannin15', 'hollej', 'wnorton', 'lvelky']",39,"['michae19', 'chakra26', 'bwodetz', 'sinha54', 'tladner', 'hmcmilli', 'buhland', 'mart1390', 'moeller4', 'pmansour', 'jiang650', 'rhodes44', 'annaleichty1', 'pweitzel', 'wood164', 'reddy62', 'baxter26', 'armour1', 'see4', 'zaly', 'harvey83', 'hsakiewi', 'huan1346', 'brow1511', 'nherbert', 'costel12', 'nrobb', 'meyer292', 'djodhani', 'kjabbar', 'evans251', 'smit3400', 'ewolfla', 'markhodgkiss50', 'aquinli', 'adshowal', 'duncan94', 'lange35', 'tzadrave']",60,"['afirkan', 'jone1616', 'michae19', 'chakra26', 'bwodetz', 'busch8', 'ahn87', 'sinha54', 'tladner', 'hmcmilli', 'buhland', 'mart1390', 'moeller4', 'pmansour', 'jiang650', 'danie140', 'pweitzel', 'rhodes44', 'annaleichty1', 'pdigrego', 'wood164', 'reddy62', 'baxter26', 'armour1', 'carls127', 'see4', 'zaly', 'harvey83', 'hsakiewi', 'aalnas', 'marykirstenreilly', 'fernandovega47', 'huan1346', 'brow1511', 'jmontbru', 'ncivitan', 'cmancini', 'nherbert', 'costel12', 'abirkeme', 'jcarre', 'nrobb', 'mannin15', 'hollej', 'meyer292', 'djodhani', 'kjabbar', 'evans251', 'smit3400', 'ewolfla', 'markhodgkiss50', 'aquinli', 'adshowal', 'douh', 'wnorton', 'lvelky', 'duncan94', 'lange35', 'tzadrave', 'toboyle']"
63,165,21,11,2,"['lvelky', 'ncivitan']",19,"['afirkan', 'jone1616', 'busch8', 'ahn87', 'danie140', 'pdigrego', 'carls127', 'aalnas', 'marykirstenreilly', 'fernandovega47', 'jmontbru', 'cmancini', 'abirkeme', 'jcarre', 'mannin15', 'hollej', 'douh', 'wnorton', 'toboyle']",9,"['mclassen', 'gconer', 'esuer', 'kyendru', 'pbhaske', 'pan229', 'john2345', 'murph417', 'sbukzam']",30,"['pdigrego', 'mclassen', 'gconer', 'afirkan', 'carls127', 'jone1616', 'esuer', 'kyendru', 'aalnas', 'marykirstenreilly', 'fernandovega47', 'pbhaske', 'busch8', 'jmontbru', 'ncivitan', 'cmancini', 'ahn87', 'pan229', 'abirkeme', 'jcarre', 'john2345', 'mannin15', 'hollej', 'murph417', 'douh', 'wnorton', 'lvelky', 'danie140', 'toboyle', 'sbukzam']"
64,254,21,18,16,"['egallardud', 'anescolar', 'mbarrosowh', 'lmejiasm', 'crislb18', 'abarjonac', 'josecarloscorchado', 'mbarrantie', 'aramospf', 'delpozo.alicia01', 'nrodriguev', 'pemorgado', 'anacristina01', 'jadrian.antoling', 'aucantero', 'angelajorge50']",5,"['gmateoss22', 'lauravalverdeg22', 'n.martsinovich', 'lquirosh', 'nrinconf15555']",2,"['jesuspiriz1910', 'bgarciags']",23,"['bgarciags', 'lquirosh', 'mbarrantie', 'delpozo.alicia01', 'pemorgado', 'anacristina01', 'egallardud', 'abarjonac', 'n.martsinovich', 'josecarloscorchado', 'anescolar', 'jadrian.antoling', 'aucantero', 'mbarrosowh', 'lauravalverdeg22', 'nrodriguev', 'jesuspiriz1910', 'crislb18', 'gmateoss22', 'aramospf', 'nrinconf15555', 'lmejiasm', 'angelajorge50']"
66,145,21,22,16,"['mazenkhaled123456789', 'farahelgayar', 'mohamedeslam22.me', 'nurasakr997', 'abdelrahman99', 'ahmed.mohie7', 'arashad129129', 'amr171', 'maged.nagyh', 'mahmoudredaa358', 'rahmaahmeed4', 'scooby1', 'omaryasser3110', 'nouramin2000', 'mariamhanyw99', 'habibafoudah']",5,"['tk.elec.99', 'hanaamr2000.hanaamr', 'aryanlall53', 'whatdulike', 'deepanshu']",6,"['moodyhatem2015', 'fareedadeda31', 'ammaralaa516', 'ahmedhegazyy', 'ehabk137', 'nadaeleish']",27,"['amr171', 'maged.nagyh', 'omaryasser3110', 'deepanshu', 'mariamhanyw99', 'farahelgayar', 'ahmedhegazyy', 'mahmoudredaa358', 'habibafoudah', 'mazenkhaled123456789', 'tk.elec.99', 'moodyhatem2015', 'hanaamr2000.hanaamr', 'mohamedeslam22.me', 'nurasakr997', 'abdelrahman99', 'ahmed.mohie7', 'ammaralaa516', 'aryanlall53', 'rahmaahmeed4', 'ehabk137', 'fareedadeda31', 'arashad129129', 'scooby1', 'whatdulike', 'nouramin2000', 'nadaeleish']"
67,97,20,10,9,"['btech19eskec110', 'tanvinemnani24', 'vidhisukhnani44', 'mulkit02', 'btech19eskec119', 'soumyagarwal1751', 'btech19eskec115', 'sarthakk2881', 'jainabhinandan86']",11,"['udieshagautam', 'tanugambhir', 'gauravraj79', 'kinrarashi27', 'harshit.siddharth56', 'btech19eskec138', 'ishubhamjain2001', 'sjjain88240', 'tanishavb.jain', 'rashis1555', '7374yashd']",1,['raghavagarwal'],21,"['udieshagautam', 'tanugambhir', 'gauravraj79', 'kinrarashi27', 'btech19eskec110', 'tanvinemnani24', 'mulkit02', 'btech19eskec119', 'btech19eskec138', 'ishubhamjain2001', 'sjjain88240', 'tanishavb.jain', '7374yashd', 'jainabhinandan86', 'btech19eskec115', 'vidhisukhnani44', 'soumyagarwal1751', 'harshit.siddharth56', 'rashis1555', 'sarthakk2881', 'raghavagarwal']"
68,112,20,21,17,"['junwei6', 'nwmajor', 'amirlabib', 'jlohser', 'hcastillopinto', 'apereda1533', 'nshussain', 'yangli', 'dabraham', 'zhaik', 'haonanling', 'zhuwenli', 'staylor', 'yleho0', 'yuhaili', 'bcar', 'qyshu']",3,"['sidsri', 'alexallevato', 'chengzijia']",4,"['nsmccabe', 'indronil.ghosh27', 'alexagomez', 'estonkevitch']",24,"['jlohser', 'haonanling', 'chengzijia', 'estonkevitch', 'amirlabib', 'apereda1533', 'nshussain', 'zhuwenli', 'staylor', 'hcastillopinto', 'dabraham', 'zhaik', 'alexallevato', 'sidsri', 'yleho0', 'alexagomez', 'nsmccabe', 'indronil.ghosh27', 'junwei6', 'nwmajor', 'yangli', 'yuhaili', 'bcar', 'qyshu']"
68,272,20,10,8,"['amirlabib', 'hcastillopinto', 'jlohser', 'yuhaili', 'staylor', 'yleho0', 'bcar', 'qyshu']",12,"['junwei6', 'nwmajor', 'yangli', 'apereda1533', 'nshussain', 'dabraham', 'zhaik', 'alexallevato', 'haonanling', 'sidsri', 'zhuwenli', 'chengzijia']",2,"['nsmccabe', 'indronil.ghosh27']",22,"['jlohser', 'hcastillopinto', 'dabraham', 'zhaik', 'alexallevato', 'haonanling', 'sidsri', 'yleho0', 'nsmccabe', 'chengzijia', 'indronil.ghosh27', 'junwei6', 'nwmajor', 'amirlabib', 'yangli', 'apereda1533', 'nshussain', 'zhuwenli', 'staylor', 'yuhaili', 'bcar', 'qyshu']"
70,103,19,17,12,"['wkorbitz', 'kquillin34', 'hdurfeeiv', 'dgrinnell', 'myoungberg', 'jlacy2', 'ejwilling', 'babaumann', 'aross24', 'veyssal', 'fairach', 'eokeefe3']",7,"['warzyn', 'mehul.chadda100', 'asmangan', 'jemory', 'klee385', 'ramasawmy', 'jknoelke']",5,"['bafflerbach', 'ealmousa', 'ssgopalan17', 'rpolavarapu', 'emhoward']",24,"['kquillin34', 'wkorbitz', 'bafflerbach', 'jlacy2', 'myoungberg', 'dgrinnell', 'ealmousa', 'babaumann', 'ejwilling', 'jemory', 'ssgopalan17', 'aross24', 'ramasawmy', 'asmangan', 'warzyn', 'mehul.chadda100', 'emhoward', 'hdurfeeiv', 'rpolavarapu', 'fairach', 'klee385', 'veyssal', 'jknoelke', 'eokeefe3']"
71,119,19,11,9,"['carmenwu', 'crystalbb123', 'codylacoursiere', 'hayesneukom', 'audreyparker', 'tommyblank', 'hannahbyers', 'jerrymurphy', 'caydendoyle']",10,"['shannoncrain', 'bettegougar', 'lauravelvick', 'kbleffert', 'mollyyoung', 'jiddyjohnson', 'huntercoleman', 'dustinnguyen90', 'quinnhulse', 'ashtonenrriques']",2,"['oliviamaryon', 'lanlibsu']",21,"['lauravelvick', 'carmenwu', 'lanlibsu', 'audreyparker', 'tommyblank', 'hannahbyers', 'jerrymurphy', 'hayesneukom', 'caydendoyle', 'shannoncrain', 'bettegougar', 'kbleffert', 'oliviamaryon', 'crystalbb123', 'mollyyoung', 'jiddyjohnson', 'codylacoursiere', 'huntercoleman', 'dustinnguyen90', 'quinnhulse', 'ashtonenrriques']"
72,28,19,6,1,['amaliamp'],18,"['spencwestfall', 'ddeberry10', 'dltnwls4870', 'munim.sah75', 'fcbissh', 'qor061533', 'xmdnlxj2bo', 'gabrielerebecchi96', 'dsam753', 'tls123009', 'akrnakrnawwkd', 'daniel.loveless', 'alstlr96qkr', 's.n.mansperger', 'hillmyrahim89', '20201207gaeun', 'ley008002', 'chechetkin.em']",5,"['amaliamperales35', 'rominaabb29', 'sac99', 'silvis_rgomez', 'patriciatr']",24,"['amaliamperales35', 'ddeberry10', 'munim.sah75', 'fcbissh', 'qor061533', 'xmdnlxj2bo', 'rominaabb29', 'amaliamp', 'tls123009', 'akrnakrnawwkd', 'alstlr96qkr', 's.n.mansperger', 'hillmyrahim89', 'spencwestfall', 'dltnwls4870', 'sac99', 'gabrielerebecchi96', 'dsam753', 'daniel.loveless', 'silvis_rgomez', '20201207gaeun', 'ley008002', 'chechetkin.em', 'patriciatr']"
73,56,19,20,18,"['ptodd', 'liamhehir', 'palermoj1207', 'cpuc', 'jerfaj', 'mfantini', 'debinger', 'mloparri', 'mfeeher1', 'jfattore', 'wcrites', 'ejones32', 'amonica44', 'evanbeers', 'okenna10', 'apietran', 'kheist3', 'asteenvo']",1,['amacalu3'],2,"['kjenkin1', 'spark48']",21,"['palermoj1207', 'ejones32', 'evanbeers', 'okenna10', 'kheist3', 'asteenvo', 'amonica44', 'cpuc', 'mfantini', 'spark48', 'ptodd', 'liamhehir', 'jerfaj', 'debinger', 'mloparri', 'amacalu3', 'jfattore', 'apietran', 'mfeeher1', 'wcrites', 'kjenkin1']"
74,148,19,6,6,"['shrey2018', 'sawweiliang', 'sutherdrogba', 'jiaxinlim', 'sylvia_chieng', 'teikkhim']",13,"['dtmccormick', 'joeyeeng00', 'paikkeang', 'lihmiin96', 'deankoehne1', 's16c003b', 'yanatejasukmana8', 'miraclegreent', 'r.senti', 'nineta', 'yeohiyhchyi', 'aminp', 'alyamrh']",0,[],19,"['dtmccormick', 'joeyeeng00', 'paikkeang', 'lihmiin96', 's16c003b', 'yanatejasukmana8', 'r.senti', 'aminp', 'alyamrh', 'teikkhim', 'shrey2018', 'sawweiliang', 'sutherdrogba', 'jiaxinlim', 'deankoehne1', 'sylvia_chieng', 'miraclegreent', 'nineta', 'yeohiyhchyi']"
75,235,19,19,2,"['dawyman', 'hcdedmon']",17,"['nbstern', 'weber171', 'tchen135', 'kortee', 'mill2391', 'hrubyr', 'rkeyser', 'clancy6', 'hshrote', 'dmangeri', 'lhoppenr', 'east5', 'ehultman', 'lee2880', 'carr94', 'castil77', 'lregalad']",17,"['mhossai9', 'mtahir2', 'kmmumtaz20', 'naimi', 'zwang77', 'mdlord', 'namin3', 'ychen242', 'bsennik', 'tcoia', 'xtang22', 'hmei3', 'apragya', 'nmahmoo3', 'szhang53', 'dkiryam', 'knambig']",36,"['weber171', 'mhossai9', 'mtahir2', 'kmmumtaz20', 'clancy6', 'namin3', 'dmangeri', 'bsennik', 'apragya', 'szhang53', 'dkiryam', 'hrubyr', 'castil77', 'nbstern', 'tchen135', 'rkeyser', 'mdlord', 'xtang22', 'nmahmoo3', 'kortee', 'mill2391', 'ychen242', 'hshrote', 'lhoppenr', 'east5', 'ehultman', 'dawyman', 'lregalad', 'zwang77', 'lee2880', 'tcoia', 'hmei3', 'hcdedmon', 'carr94', 'naimi', 'knambig']"
75,173,19,5,1,['weber171'],18,"['nbstern', 'tchen135', 'kortee', 'mill2391', 'hrubyr', 'rkeyser', 'clancy6', 'hshrote', 'dmangeri', 'lhoppenr', 'east5', 'ehultman', 'lee2880', 'hcdedmon', 'carr94', 'dawyman', 'castil77', 'lregalad']",4,"['cottonb', 'tschoste', 'baylessl', 'thubauer']",23,"['weber171', 'kortee', 'mill2391', 'baylessl', 'thubauer', 'clancy6', 'hshrote', 'dmangeri', 'lhoppenr', 'east5', 'ehultman', 'dawyman', 'hrubyr', 'castil77', 'nbstern', 'lregalad', 'tchen135', 'cottonb', 'rkeyser', 'tschoste', 'lee2880', 'hcdedmon', 'carr94']"
78,175,18,12,11,"['omarashraf', 'sherif.arafat', 'myounis', 'muhammad_soliman', 'mohamedfaris47', 'seif.emad', 'alihassan', 'alaawalid', 'amr_nasser99', 'mkhalaf', 'marionagy']",7,"['vivek1993', 'mennah_khaled', 'ahassannee', 'mostafa20', 'nalin_mishra', 'ravis', 'abohafs']",1,['bayoumi'],19,"['omarashraf', 'mostafa20', 'ravis', 'mohamedfaris47', 'seif.emad', 'alaawalid', 'amr_nasser99', 'bayoumi', 'abohafs', 'marionagy', 'vivek1993', 'mennah_khaled', 'ahassannee', 'nalin_mishra', 'myounis', 'sherif.arafat', 'muhammad_soliman', 'alihassan', 'mkhalaf']"
79,269,18,15,5,"['ivanballiana', 's288299', 'grossoelia98', 'lucafrancone288843', 'stefanomusarratubi']",13,"['fedevair98', 'gabrielemarrocchino', 'lorenzogaribaldi', 'giuseppepolito', 'francesco_pertuso', 'deborah96', 'danilo', 'lucapadula', 'alessandro.aloi1', 'alessandro_franceschin', 'lauracutaia', 'paoloserafini', 'anooshiravan.mostmand']",10,"['s_288604', 'antogent', 's282872', 'giuliab', 'ezzzzzio', 'paolotrt', 'matteo.fasano', 'saragigliotti', 'hajdariannalisa', 'giuliofiorita98']",28,"['fedevair98', 's288299', 's_288604', 'antogent', 'francesco_pertuso', 'deborah96', 's282872', 'danilo', 'alessandro_franceschin', 'grossoelia98', 'ezzzzzio', 'lucafrancone288843', 'stefanomusarratubi', 'saragigliotti', 'ivanballiana', 'gabrielemarrocchino', 'giuseppepolito', 'lorenzogaribaldi', 'lucapadula', 'giuliab', 'alessandro.aloi1', 'paolotrt', 'matteo.fasano', 'lauracutaia', 'paoloserafini', 'hajdariannalisa', 'giuliofiorita98', 'anooshiravan.mostmand']"
80,111,18,15,12,"['ajcharm', 'zhuhao', 'euiseop', 'rotenmax', 'menonv', 'acmoy', 'shihkual0918', 'saxman25', 'zhucongx', 'sfrisone', 'tbarang', 'wenxli']",6,"['apielack', 'allendc', 'fecard', 'cjmichae', 'nadvorak', 'haslamc']",3,"['jgoe', 'alammari', 'rrwilson']",21,"['zhuhao', 'ajcharm', 'apielack', 'rotenmax', 'euiseop', 'saxman25', 'fecard', 'alammari', 'rrwilson', 'zhucongx', 'sfrisone', 'wenxli', 'jgoe', 'menonv', 'allendc', 'acmoy', 'shihkual0918', 'cjmichae', 'nadvorak', 'tbarang', 'haslamc']"
80,108,18,7,6,"['apielack', 'allendc', 'cjmichae', 'nadvorak', 'wenxli', 'haslamc']",12,"['zhuhao', 'ajcharm', 'euiseop', 'rotenmax', 'menonv', 'acmoy', 'shihkual0918', 'saxman25', 'fecard', 'zhucongx', 'sfrisone', 'tbarang']",1,['qiliang'],19,"['zhuhao', 'ajcharm', 'apielack', 'rotenmax', 'euiseop', 'qiliang', 'saxman25', 'fecard', 'zhucongx', 'sfrisone', 'wenxli', 'menonv', 'allendc', 'acmoy', 'shihkual0918', 'cjmichae', 'nadvorak', 'tbarang', 'haslamc']"
81,183,18,11,3,"['ph19mscst11002', 'samalmukesh276', 'devendraq321']",15,"['ryz123', 'cenliu', 'ph19mscst11011', 'es16btech11008', 'sarwathsara678', 'guionaudr', 'akapella', 'bozkan1', 'svetlana.satsuk', 'jinzewu', 'mmcmaster278', 'b.harsh027', 'ph21resch01006', 'benjaminwilson8720', 'isaacmonba']",8,"['anagha234', 'ph20resch11021', 'ph19mscst11013', 'ph19mscst11012', 'mukeshofficial276', 'asgharhusain', 'ph19mscst11005', 'ph19mscst11004']",26,"['benjaminwilson8720', 'anagha234', 'devendraq321', 'mukeshofficial276', 'bozkan1', 'svetlana.satsuk', 'jinzewu', 'b.harsh027', 'asgharhusain', 'ph21resch01006', 'ph19mscst11005', 'ryz123', 'cenliu', 'ph20resch11021', 'ph19mscst11011', 'ph19mscst11013', 'es16btech11008', 'samalmukesh276', 'sarwathsara678', 'ph19mscst11012', 'guionaudr', 'akapella', 'mmcmaster278', 'ph19mscst11004', 'ph19mscst11002', 'isaacmonba']"
82,116,17,9,8,"['davide.tasinato96', 'robertino.pilot', 'nicola.marigo.3', 'leonardo98', 'gschievano', 'angela.griggio', 'francesco98', 'chiara1']",9,"['m.pata96', 'ester.priante', 'marco.solda.6', 'its_mati', 'daniele.masi', 'marconalesso', 'pietro.meneghini', 'gava.franc', 'errik']",1,['bonaldo.daniele'],18,"['davide.tasinato96', 'robertino.pilot', 'marco.solda.6', 'daniele.masi', 'francesco98', 'leonardo98', 'gava.franc', 'gschievano', 'bonaldo.daniele', 'm.pata96', 'ester.priante', 'nicola.marigo.3', 'its_mati', 'marconalesso', 'pietro.meneghini', 'angela.griggio', 'errik', 'chiara1']"
83,172,17,13,10,"['sarahforman', 'diplatmech', 'ty.sebastian', 'mackinleylove', 'eddie.lam155', 'smirti.pokhrel', 'justin308', 'cpatski', 'kevans', 'tylerkiyonaga']",7,"['wally039', 'jordansmith', 'napjuma', 'smrity.romana', 'fullmetaldeets', 'mecha.engineer95', 'rumatus3']",3,"['rylanndoering', 'jacksonuhryn1', 'reimaximo']",20,"['wally039', 'sarahforman', 'diplatmech', 'smrity.romana', 'fullmetaldeets', 'eddie.lam155', 'cpatski', 'kevans', 'tylerkiyonaga', 'jordansmith', 'napjuma', 'rylanndoering', 'ty.sebastian', 'mackinleylove', 'mecha.engineer95', 'smirti.pokhrel', 'justin308', 'rumatus3', 'jacksonuhryn1', 'reimaximo']"
84,227,16,27,14,"['brownlog', 'espinozg', 'dixojosh', 'yasser.daraa11', 'mancinad', 'healym', 'logbrown21', 'noahmarron', 'zacharushu', 'yougourthene', 'topliffd', 'phamngo', 'duelllu', 'nshutimw']",2,"['maps1214', 'qaumyou']",13,"['kaiseale', 'oldanif', 'jenksmi', 'rossop', 'lenoirr', 'joshuabush', 'plaggeme', 'matiastp', 'newele', 'vanderty', 'genordg', 'janickec', 'haren22']",29,"['mancinad', 'healym', 'newele', 'vanderty', 'nshutimw', 'espinozg', 'kaiseale', 'oldanif', 'yasser.daraa11', 'jenksmi', 'rossop', 'joshuabush', 'topliffd', 'maps1214', 'phamngo', 'duelllu', 'haren22', 'brownlog', 'dixojosh', 'noahmarron', 'plaggeme', 'yougourthene', 'janickec', 'logbrown21', 'lenoirr', 'zacharushu', 'qaumyou', 'matiastp', 'genordg']"
86,243,16,18,13,"['whcks10', 'lyj200345', 'donna412', 'kfo110513', 'rotorl144', 'tjdrua456', '0909hfn', 'aqjemrhf', 'grit', 'leejungeun0310', 'tmdgustn11', 'jiwon6224', 'a000828ok']",3,"['sangmin19981214', 'vndksl123', 'kaiyoun121']",5,"['kimjaegon', 'wjstmdwls9812271', 'jw7yong', 'rmaejrgus1', 'dudgus2009']",21,"['whcks10', 'kimjaegon', 'donna412', 'wjstmdwls9812271', 'vndksl123', 'aqjemrhf', 'jw7yong', 'rmaejrgus1', 'tmdgustn11', 'dudgus2009', 'kaiyoun121', 'jiwon6224', 'a000828ok', 'lyj200345', 'kfo110513', 'rotorl144', 'tjdrua456', '0909hfn', 'grit', 'leejungeun0310', 'sangmin19981214']"
88,137,15,9,9,"['alf', 'zainabkhann700', 'sarahattab11', 'michael1', 'amirnoor', 'ssmylie1', 'wcfowler', 'emilepm123', 'sarahattab5475']",6,"['t.m.whitton11', 'hrishikeshclt1', 'desecoleman', 'otgonsuren1', 'mahanaurozi10', 'phanvokyhuan']",0,[],15,"['zainabkhann700', 'desecoleman', 'michael1', 'otgonsuren1', 'wcfowler', 't.m.whitton11', 'hrishikeshclt1', 'alf', 'sarahattab11', 'amirnoor', 'ssmylie1', 'mahanaurozi10', 'phanvokyhuan', 'emilepm123', 'sarahattab5475']"
89,255,15,13,13,"['advsteelers', 'adrsto', 'xiexiexiewanrong', 'mastrofran', 'xdshiro', 'jdthomas2000', 'burrow.damon', 'nicholasbhimani', 'dalelee2008', 'gzjzb0905', 'jane.peabody13', 'chrisdavis367', 'hl388']",2,"['tavianjin', 'sbc00171']",0,[],15,"['advsteelers', 'xiexiexiewanrong', 'jane.peabody13', 'jdthomas2000', 'nicholasbhimani', 'chrisdavis367', 'tavianjin', 'hl388', 'sbc00171', 'adrsto', 'mastrofran', 'xdshiro', 'gzjzb0905', 'dalelee2008', 'burrow.damon']"
90,98,15,9,1,['rodrigofreitas'],14,"['shashmish01', 'jigme.wangchhuk2019', 'xy891208', 'nirajkrs.singh3', 'fudengha', 'whitee35', 'meltonm4', 'huiju', 'yongdeok', 'xieyan', 'msretenovic', 'sen29', 'yeshitla12345', 'thunezac']",8,"['ckiel', 'ssong64', 'ischen', 'ambred', 'kaiguo', 'sxqian', 'eryn', 'aedecilap']",23,"['shashmish01', 'jigme.wangchhuk2019', 'xy891208', 'nirajkrs.singh3', 'meltonm4', 'ischen', 'ambred', 'huiju', 'yongdeok', 'xieyan', 'eryn', 'thunezac', 'aedecilap', 'ckiel', 'fudengha', 'whitee35', 'ssong64', 'rodrigofreitas', 'kaiguo', 'sxqian', 'msretenovic', 'sen29', 'yeshitla12345']"
90,271,15,8,7,"['fudengha', 'whitee35', 'meltonm4', 'xieyan', 'msretenovic', 'sen29', 'thunezac']",8,"['shashmish01', 'jigme.wangchhuk2019', 'xy891208', 'nirajkrs.singh3', 'huiju', 'rodrigofreitas', 'yongdeok', 'yeshitla12345']",1,['linyuhs7'],16,"['shashmish01', 'jigme.wangchhuk2019', 'xy891208', 'nirajkrs.singh3', 'meltonm4', 'huiju', 'yongdeok', 'xieyan', 'linyuhs7', 'thunezac', 'fudengha', 'whitee35', 'rodrigofreitas', 'msretenovic', 'sen29', 'yeshitla12345']"
91,181,15,42,1,['sali93'],14,"['kaneka', 'jfmfx7', 'qiuhuic2', 'aldofabrizzio', 'rml5gd', 'empn6d', 'dcpang2', 'ziyue2', 'rali1234', 'leducricardo', 'shuming2', 'ampvdc', 'tmsbmc', 'sundong1994']",41,"['nwa2', 'jaredf2', 'efalse2', 'xinzhih2', 'aaguero2', 'eoh23', 'benvau2', 'zainab2', 'ssibi2', 'msiddi60', 'bnw4', 'msolis27', 'ryanlim2', 'hyunbin2', 'wrishk2', 'dhamill2', 'jacobt6', 'boyazhu2', 'sendres2', 'torsr2', 'yuchang3', 'ryusuke2', 'ddejong2', 'hanlinw3', 'jalies2', 'fulcrum', 'chyu3', 'anm9', 'jheaton3', 'dcudzi2', 'juliawp2', 'kirajm2', 'aleahht2', 'jinyang9', 'shawnc2', 'jrange23', 'nk13', 'iajifo2', 'mrc13', 'malonzo2', 'niharrm2']",56,"['nwa2', 'jaredf2', 'efalse2', 'xinzhih2', 'aldofabrizzio', 'empn6d', 'aaguero2', 'shuming2', 'eoh23', 'tmsbmc', 'kaneka', 'benvau2', 'zainab2', 'ssibi2', 'msiddi60', 'dcpang2', 'bnw4', 'rali1234', 'msolis27', 'ampvdc', 'ryanlim2', 'hyunbin2', 'wrishk2', 'boyazhu2', 'jacobt6', 'dhamill2', 'sendres2', 'torsr2', 'yuchang3', 'ryusuke2', 'ddejong2', 'hanlinw3', 'ziyue2', 'jalies2', 'fulcrum', 'chyu3', 'leducricardo', 'anm9', 'sundong1994', 'jheaton3', 'dcudzi2', 'juliawp2', 'kirajm2', 'aleahht2', 'jfmfx7', 'jinyang9', 'shawnc2', 'qiuhuic2', 'jrange23', 'rml5gd', 'sali93', 'nk13', 'iajifo2', 'mrc13', 'malonzo2', 'niharrm2']"
91,180,15,8,5,"['jfmfx7', 'rml5gd', 'empn6d', 'ampvdc', 'tmsbmc']",10,"['kaneka', 'qiuhuic2', 'aldofabrizzio', 'sali93', 'ziyue2', 'dcpang2', 'rali1234', 'leducricardo', 'shuming2', 'sundong1994']",3,"['atbqm9', 'smsqn9', 'dlipke']",18,"['aldofabrizzio', 'empn6d', 'dlipke', 'ziyue2', 'atbqm9', 'leducricardo', 'shuming2', 'tmsbmc', 'sundong1994', 'kaneka', 'jfmfx7', 'qiuhuic2', 'rml5gd', 'sali93', 'dcpang2', 'rali1234', 'ampvdc', 'smsqn9']"
92,155,15,13,8,"['farhanaakterjerin', 'nazmulhasan', 'abdullahsohailas994', 'sakif04', 'sadman', 'inasrin220', 'rafiul21', 'isratmni']",7,"['tanzim', 'ni', 'trowshan', 'rafiulewu', 'roni1234', 'sujanmahmudd', 'hasanforever']",5,"['nazmulhossain', 'saifewu', 'ryyan', 'jesminakther', 'ooovvviii444422']",20,"['tanzim', 'farhanaakterjerin', 'nazmulhossain', 'trowshan', 'rafiulewu', 'ni', 'ooovvviii444422', 'sujanmahmudd', 'sakif04', 'sadman', 'hasanforever', 'isratmni', 'roni1234', 'ryyan', 'saifewu', 'nazmulhasan', 'jesminakther', 'abdullahsohailas994', 'inasrin220', 'rafiul21']"
93,30,15,7,7,"['aseem.tiwari2018', 'rjain1302', 'kanthineelamsetty31', 'ashutoshsingh987', 'mahimasaxena1267', 'shivam25', 'negipa']",8,"['sawaiznaveed', 'rakesh.rangit07', 'neophyte_kk', 'pavankumarkori', 'gauravsattiwale', 'soniparul1722', 'akshat18j', 'btech10402.18']",0,[],15,"['rjain1302', 'aseem.tiwari2018', 'pavankumarkori', 'gauravsattiwale', 'soniparul1722', 'ashutoshsingh987', 'shivam25', 'sawaiznaveed', 'rakesh.rangit07', 'neophyte_kk', 'kanthineelamsetty31', 'akshat18j', 'mahimasaxena1267', 'btech10402.18', 'negipa']"
94,151,15,19,12,"['halwarea', 'hamadalarjani', 'shiruwan', '111icoolboy111', 'setstall2', 'hakemahussain', 'hassanalmeirza', 'reemalb22', 'dalal327', 'rayaanalraqibah1', 'spring2021', 'otaibemn']",3,"['eman', 'cgilardi', 'raghad9972']",7,"['someone811', 'danaalmutairi', 'd1s2roy', 'ahmedsayed.elec', 'bisheryousif', 'hqassem93', 'maasoumah']",22,"['hamadalarjani', 'eman', 'spring2021', '111icoolboy111', 'cgilardi', 'raghad9972', 'reemalb22', 'dalal327', 'd1s2roy', 'bisheryousif', 'halwarea', 'someone811', 'setstall2', 'hakemahussain', 'danaalmutairi', 'rayaanalraqibah1', 'otaibemn', 'maasoumah', 'shiruwan', 'hassanalmeirza', 'ahmedsayed.elec', 'hqassem93']"
95,221,15,283,14,"['cacuy', 'vritota', 'k.hildenbrand', 'sebasmarquez90', 'kmerino', 'nfranzoni', 'santosalexis1817', 'cdutreil', 'lpentzke', 'lorenzoholguin12', 'smontero', 'garciacarrillojudith', 'gazerlo', 'dicef']",1,['edcast'],269,"['baqer', 'wingitalways', 'murattdo', 's16c028b', 'amandabrum', 'j176601', 'kaiseale', 'kaynegalie', 'ogu0001', 'l201843', 'cheeseybacon', 'madisonmiller', 'hamastahir19', 'jaycwilson23', 'jef325', 'aingles', 'briann', 'arif.ozkan5806', 'aaronrivasterron', 'justiejoseph', 'cartermchris1', 'ge.6cg7', 'chrixang18', 'iuri', 'd093641', 'mtakcali', 'nicoladegiuseppe19', 'sabolton', 'maxguipil', 'v257028', 'uuganbayaro', 'lenoirr', 'andrew217usmc', 'tg2016', 'jeus63', 'anujgarg939', 'leeluanling123', 'tudimubunmi', 'deguirejasmin', 'cancetinkaya1201', 'fredysanchez2', 'newele', 'drogalski', 'olivier35', 'i.lutticken', 'eschruba', 'julianyordano', 'maxiasensio', 'u1250344', 'wys142', 'mariapl200896', 'ulusoy2006', 'ethan.caballero', 'jhahn95', 'matthew.jones98', 'huseyinu', 'plaggeme', 'rakaiit', 'burnett.william', 'kyenyarkolemuel', 'tserenkhand', 'pw8', 'mangabera10', 'jequito', 'sungjoon.cho97', 'susannareggiani', 'anapv177', 'sholliday643', 'paezjuanagustin47', 'yyerim', 'c195673', 'u1089358', 'grantmorris656', 'guillermo99', 'jake.m.hall876', 'johndoe2341341243', 'annikadasher', 'marcantoineduval', 'magnoliajasper', 'lkipfer', 'halilibrahimtiken', 'charles.dambra', 'also0714', 'arno.yu610168', 'heatherleaf', 'fedele.penna', 'pkj71794g', 'hj980217', 'sd226', 'thboth', 'ashishchr', 'cibranlpz', 'joejfranzo', 'jimenezph', 'andresaraiva', 'jako91', 'danielclapp99', 'fafrin2', 'phhuang', 'evakolmel', 'retrewtewrt', 'psuzhouy', 'fpincock', 'asif0047', 'mrgiraffe', 'sungjooncho', 'anshshah2011', 'oktayhalitekinay', 'u6007941', 'rynk.john', 'pmcnutt2', 'miguelcb', 'ana23', 'maria.irausquin', 'aldanafloyd', 'martin.mg98.10', 'kianamon', 'rajsingh', 'cninja99', 'lokesht123', 'ainhoaab', 'zepfan026', 'burak9836', 'chastintruelove', 'semmi.spado00', 'enhjinhanabi', 'f215766', 'caseyamick', 'mmei', 'm241617', 'poorar21', 'roiaso', 'ogandocortes', 'santox2000', 'u0916393', 'stiml1144', 'emani', 'mstff.1clkk', 'jrobinson5', 'lewisgf20', 'jbonez411', 'ervndgn59', 'ftah', 'alexander.lee', 'alexdallee17', 'xiaokaizhong99', 'nsh0004', 'julianawallgren', 'moshelem', 'ts992', 'ncm0007', 'a194117', 'terje', 'liqizhou', 'kellen.wise', 'hrhlauraa', 'trivellin', 'rosadourada9', 'hlong262', 'blane', 'aaroncoonu', 'yorkiiii', 'sandip83', 'aravindh', 'kayleneechong', 'mos_noob', 'kst48', 'zse0147', 'jschewinsky', 'sbentz', 'lerner', 'nanobeam', 'yesimcakmakc', 'syoonhan', 'cameronframpton', 'rossop', 'joshuabush', 'nbhat0792', 'hjp44', 'amrita_lovelace', 'mollykole', 'avivlavan', 'daddysexual', 'jsanmartin1', 'nguyendaniel', 'josemanuel3', 'davidr27', 'spazos7', 'tomasx', 'mahnoor.syed29', 'durgaprasadkhatri2011', 'clizarazo', 'saradiazr', 'berrospidavid7', 'krusso448', 'hjlim9612', 'j218711', 'theurgeboat', 'wdeaweqwdas', 'pspiotrowicz1', 'fabio.aragao.santos', 'nickm', 'mtynski', 'cactusnoh', 'jsathanand', 'bmirzapouebe', 'panellink1', 't224622', 'raul292', 'choudh23', 'rylandkate', 'mrtmert98', 'emreyilmazel1996', 'testeremre70', 'lctasende3', 'nuriamjusc', 'sarah.youssef', 'ol_ac', 'jack522577', 'fatanehjenabi', 'olga.casals', 'mrbunnyman', 'dolaydemirel', 'man6787', 'gabriel.pzanoni', 'd33r00', 'jeption2025', 's16c045b', 'arianebarreto', 'borja.bayon', 'costasdiego97', 'asdksnfksfkmd', 'johnganiban', 'elena.gnani', 'xiaoyuzhang', 'thomasspradley', '8223freret', 'jdgerling', 'sqlim94', 'abaringer', 'lobsterben13', 'dongmingli', 'm203442', 'sabe425', 'longstreetjacob', 'sebrobarts', 'kodurur', 'philippeblaise', 'omarloay99', 'ee17resch11016', 'ege.ert7', 'eminasuljic', 'alirose12', 'haren22', 'martinotero', 'r207733', 'reuben90', 'npatta.1986', 'octoman1080x', 'vincentdoucet22', 'ronitronit119', 'felipemachado', 'elel30182', 'hcha71', 'nmorgan1', 'anxooo', 'damianonetto', 'cbandel', 'jason.earl']",284,"['baqer', 'wingitalways', 'murattdo', 's16c028b', 'amandabrum', 'j176601', 'kaiseale', 'kaynegalie', 'ogu0001', 'l201843', 'cheeseybacon', 'madisonmiller', 'hamastahir19', 'jaycwilson23', 'jef325', 'aingles', 'briann', 'arif.ozkan5806', 'aaronrivasterron', 'justiejoseph', 'cartermchris1', 'ge.6cg7', 'chrixang18', 'iuri', 'd093641', 'mtakcali', 'nicoladegiuseppe19', 'sabolton', 'maxguipil', 'v257028', 'uuganbayaro', 'lenoirr', 'andrew217usmc', 'tg2016', 'jeus63', 'anujgarg939', 'leeluanling123', 'tudimubunmi', 'deguirejasmin', 'lpentzke', 'cancetinkaya1201', 'fredysanchez2', 'newele', 'drogalski', 'olivier35', 'i.lutticken', 'eschruba', 'julianyordano', 'maxiasensio', 'u1250344', 'wys142', 'mariapl200896', 'ulusoy2006', 'ethan.caballero', 'jhahn95', 'matthew.jones98', 'huseyinu', 'sebasmarquez90', 'cdutreil', 'plaggeme', 'dicef', 'rakaiit', 'burnett.william', 'kyenyarkolemuel', 'tserenkhand', 'santosalexis1817', 'pw8', 'mangabera10', 'smontero', 'jequito', 'sungjoon.cho97', 'susannareggiani', 'anapv177', 'sholliday643', 'paezjuanagustin47', 'yyerim', 'c195673', 'u1089358', 'grantmorris656', 'guillermo99', 'jake.m.hall876', 'johndoe2341341243', 'annikadasher', 'marcantoineduval', 'magnoliajasper', 'lkipfer', 'halilibrahimtiken', 'charles.dambra', 'also0714', 'arno.yu610168', 'heatherleaf', 'fedele.penna', 'pkj71794g', 'hj980217', 'sd226', 'thboth', 'ashishchr', 'cibranlpz', 'joejfranzo', 'jimenezph', 'andresaraiva', 'jako91', 'danielclapp99', 'fafrin2', 'phhuang', 'evakolmel', 'retrewtewrt', 'psuzhouy', 'fpincock', 'asif0047', 'edcast', 'mrgiraffe', 'sungjooncho', 'anshshah2011', 'oktayhalitekinay', 'u6007941', 'rynk.john', 'pmcnutt2', 'miguelcb', 'ana23', 'maria.irausquin', 'aldanafloyd', 'lorenzoholguin12', 'martin.mg98.10', 'kianamon', 'rajsingh', 'cninja99', 'lokesht123', 'ainhoaab', 'zepfan026', 'burak9836', 'chastintruelove', 'semmi.spado00', 'enhjinhanabi', 'f215766', 'caseyamick', 'mmei', 'vritota', 'm241617', 'poorar21', 'roiaso', 'gazerlo', 'ogandocortes', 'santox2000', 'u0916393', 'stiml1144', 'emani', 'mstff.1clkk', 'jrobinson5', 'lewisgf20', 'jbonez411', 'ervndgn59', 'ftah', 'alexander.lee', 'alexdallee17', 'xiaokaizhong99', 'nsh0004', 'julianawallgren', 'moshelem', 'ts992', 'ncm0007', 'a194117', 'terje', 'liqizhou', 'kellen.wise', 'hrhlauraa', 'trivellin', 'rosadourada9', 'hlong262', 'blane', 'aaroncoonu', 'yorkiiii', 'sandip83', 'aravindh', 'kayleneechong', 'garciacarrillojudith', 'mos_noob', 'kst48', 'zse0147', 'jschewinsky', 'sbentz', 'lerner', 'nanobeam', 'k.hildenbrand', 'yesimcakmakc', 'syoonhan', 'cameronframpton', 'rossop', 'joshuabush', 'nbhat0792', 'cacuy', 'hjp44', 'amrita_lovelace', 'mollykole', 'avivlavan', 'daddysexual', 'jsanmartin1', 'nguyendaniel', 'josemanuel3', 'nfranzoni', 'davidr27', 'spazos7', 'tomasx', 'mahnoor.syed29', 'durgaprasadkhatri2011', 'clizarazo', 'saradiazr', 'berrospidavid7', 'krusso448', 'hjlim9612', 'j218711', 'theurgeboat', 'wdeaweqwdas', 'pspiotrowicz1', 'fabio.aragao.santos', 'nickm', 'mtynski', 'cactusnoh', 'jsathanand', 'bmirzapouebe', 'panellink1', 't224622', 'raul292', 'choudh23', 'rylandkate', 'mrtmert98', 'emreyilmazel1996', 'testeremre70', 'lctasende3', 'nuriamjusc', 'sarah.youssef', 'ol_ac', 'jack522577', 'fatanehjenabi', 'olga.casals', 'mrbunnyman', 'dolaydemirel', 'man6787', 'gabriel.pzanoni', 'd33r00', 'jeption2025', 's16c045b', 'arianebarreto', 'borja.bayon', 'costasdiego97', 'kmerino', 'asdksnfksfkmd', 'johnganiban', 'elena.gnani', 'xiaoyuzhang', 'thomasspradley', '8223freret', 'jdgerling', 'sqlim94', 'abaringer', 'lobsterben13', 'dongmingli', 'm203442', 'sabe425', 'longstreetjacob', 'sebrobarts', 'kodurur', 'philippeblaise', 'omarloay99', 'ee17resch11016', 'ege.ert7', 'eminasuljic', 'alirose12', 'haren22', 'martinotero', 'r207733', 'reuben90', 'npatta.1986', 'octoman1080x', 'vincentdoucet22', 'ronitronit119', 'felipemachado', 'elel30182', 'hcha71', 'nmorgan1', 'anxooo', 'damianonetto', 'cbandel', 'jason.earl']"
95,209,15,15,6,"['cacuy', 'vritota', 'kmerino', 'nfranzoni', 'lpentzke', 'dicef']",9,"['k.hildenbrand', 'sebasmarquez90', 'santosalexis1817', 'cdutreil', 'lorenzoholguin12', 'edcast', 'smontero', 'garciacarrillojudith', 'gazerlo']",9,"['lobsterben13', 'jhahn95', 'wingitalways', 'cameronframpton', 'jrobinson5', 'liqizhou', 'nguyendaniel', 'annikadasher', 'abaringer']",24,"['cacuy', 'vritota', 'jhahn95', 'wingitalways', 'sebasmarquez90', 'kmerino', 'liqizhou', 'cdutreil', 'lpentzke', 'lorenzoholguin12', 'nguyendaniel', 'edcast', 'gazerlo', 'abaringer', 'dicef', 'lobsterben13', 'k.hildenbrand', 'nfranzoni', 'cameronframpton', 'santosalexis1817', 'jrobinson5', 'smontero', 'annikadasher', 'garciacarrillojudith']"
95,212,15,6,5,"['sebasmarquez90', 'santosalexis1817', 'lorenzoholguin12', 'edcast', 'garciacarrillojudith']",10,"['cacuy', 'vritota', 'k.hildenbrand', 'kmerino', 'nfranzoni', 'cdutreil', 'lpentzke', 'smontero', 'gazerlo', 'dicef']",1,['jimenezph'],16,"['cacuy', 'vritota', 'sebasmarquez90', 'kmerino', 'cdutreil', 'lpentzke', 'lorenzoholguin12', 'edcast', 'gazerlo', 'dicef', 'k.hildenbrand', 'jimenezph', 'nfranzoni', 'santosalexis1817', 'smontero', 'garciacarrillojudith']"
96,71,15,33,1,['dietzelcc'],14,"['wallacejc4', 'sevenkevin', 'olearycm', 'vohp', 'buij3', 'quillel', 'youngpattans2', 'ndoumiesey', 'ordonezc3', 'arielar', 'harry_quack', 'petropablo', 'jonesjd26', 'hossindissoms']",32,"['g.k41541g', 'marco.apolinario.l', 'smit4225', 'waldropj24', 'vallejora', 'munkhbayar518', 'btmn5698', 'meiiqitang', 'mhanvey', 'chnbtgaldanmgc', 'uozgur', 'lillianchiu', 'heath.wells.esq', 'jwarnky', 'kalilio', 'charlie0513', 'geert', 'turnera14', 'bburgilmaa1202', 'dolp', 'aingles', 'huan1318', 'everaste', 'aymar', 'uuganbayaro', 'aravindh', 'glenhwalters', 'adiya.enhadiya', 'liriyanyan', 'dlincoln', 'j.manlai0411', 'altantsooj']",47,"['g.k41541g', 'olearycm', 'vohp', 'buij3', 'dietzelcc', 'marco.apolinario.l', 'harry_quack', 'smit4225', 'waldropj24', 'vallejora', 'munkhbayar518', 'btmn5698', 'meiiqitang', 'mhanvey', 'chnbtgaldanmgc', 'uozgur', 'lillianchiu', 'heath.wells.esq', 'arielar', 'jwarnky', 'kalilio', 'charlie0513', 'hossindissoms', 'geert', 'sevenkevin', 'turnera14', 'bburgilmaa1202', 'quillel', 'youngpattans2', 'dolp', 'aingles', 'huan1318', 'petropablo', 'wallacejc4', 'everaste', 'aymar', 'uuganbayaro', 'ndoumiesey', 'aravindh', 'ordonezc3', 'glenhwalters', 'adiya.enhadiya', 'jonesjd26', 'liriyanyan', 'dlincoln', 'j.manlai0411', 'altantsooj']"
96,74,15,33,5,"['quillel', 'youngpattans2', 'dietzelcc', 'ordonezc3', 'arielar']",10,"['wallacejc4', 'sevenkevin', 'olearycm', 'vohp', 'buij3', 'ndoumiesey', 'harry_quack', 'petropablo', 'jonesjd26', 'hossindissoms']",28,"['kocher1', 'tassanpietro', 'enhmanlaienhee', 'sidharth1994', 'langfahl', 'squadbuilderzz123', 'croberts21', 'jpbarrero131', 'tchk6', 'bayanjargal.sub', 'sherifms777', 'jaiverthadrian25', 'tbpurevnorov', 'alejocibe', 'taylorolp99', 'turnera14', 'dolp', 'epeloquin24', 'ssorobay', 'lalfaihan', 'booradley', 'anudarid', 'muujig1', 'everaste', 'glenhwalters', 'lbruno22', 'duuyaduka89', 'slburkett']",43,"['kocher1', 'tassanpietro', 'enhmanlaienhee', 'olearycm', 'sidharth1994', 'vohp', 'buij3', 'dietzelcc', 'harry_quack', 'langfahl', 'squadbuilderzz123', 'croberts21', 'tchk6', 'jpbarrero131', 'bayanjargal.sub', 'sherifms777', 'jaiverthadrian25', 'arielar', 'tbpurevnorov', 'alejocibe', 'hossindissoms', 'sevenkevin', 'taylorolp99', 'turnera14', 'quillel', 'youngpattans2', 'dolp', 'epeloquin24', 'petropablo', 'ssorobay', 'lalfaihan', 'booradley', 'anudarid', 'wallacejc4', 'muujig1', 'everaste', 'ndoumiesey', 'ordonezc3', 'glenhwalters', 'jonesjd26', 'lbruno22', 'duuyaduka89', 'slburkett']"
96,6,15,9,7,"['wallacejc4', 'sevenkevin', 'youngpattans2', 'ndoumiesey', 'ordonezc3', 'jonesjd26', 'hossindissoms']",8,"['olearycm', 'vohp', 'buij3', 'quillel', 'dietzelcc', 'arielar', 'harry_quack', 'petropablo']",2,"['vallejora', 'bruccolern']",17,"['sevenkevin', 'olearycm', 'vohp', 'buij3', 'quillel', 'youngpattans2', 'dietzelcc', 'harry_quack', 'petropablo', 'vallejora', 'wallacejc4', 'ndoumiesey', 'ordonezc3', 'arielar', 'jonesjd26', 'bruccolern', 'hossindissoms']"
97,221,14,283,7,"['kaiseale', 'rossop', 'joshuabush', 'octoman1080x', 'plaggeme', 'newele', 'haren22']",7,"['oldanif', 'jenksmi', 'jonesja2', 'matiastp', 'filipinocheese', 'vanderty', 'genordg']",276,"['baqer', 'wingitalways', 'murattdo', 's16c028b', 'amandabrum', 'j176601', 'kaynegalie', 'ogu0001', 'l201843', 'cheeseybacon', 'madisonmiller', 'hamastahir19', 'jaycwilson23', 'jef325', 'aingles', 'briann', 'arif.ozkan5806', 'aaronrivasterron', 'justiejoseph', 'cartermchris1', 'ge.6cg7', 'chrixang18', 'iuri', 'd093641', 'mtakcali', 'nicoladegiuseppe19', 'sabolton', 'maxguipil', 'v257028', 'uuganbayaro', 'lenoirr', 'andrew217usmc', 'tg2016', 'jeus63', 'anujgarg939', 'leeluanling123', 'tudimubunmi', 'deguirejasmin', 'lpentzke', 'cancetinkaya1201', 'fredysanchez2', 'drogalski', 'olivier35', 'i.lutticken', 'eschruba', 'julianyordano', 'maxiasensio', 'u1250344', 'wys142', 'mariapl200896', 'ulusoy2006', 'ethan.caballero', 'jhahn95', 'matthew.jones98', 'huseyinu', 'sebasmarquez90', 'cdutreil', 'dicef', 'rakaiit', 'burnett.william', 'kyenyarkolemuel', 'tserenkhand', 'santosalexis1817', 'pw8', 'mangabera10', 'smontero', 'jequito', 'sungjoon.cho97', 'susannareggiani', 'anapv177', 'sholliday643', 'paezjuanagustin47', 'yyerim', 'c195673', 'u1089358', 'grantmorris656', 'guillermo99', 'jake.m.hall876', 'johndoe2341341243', 'annikadasher', 'marcantoineduval', 'magnoliajasper', 'lkipfer', 'halilibrahimtiken', 'charles.dambra', 'also0714', 'arno.yu610168', 'heatherleaf', 'fedele.penna', 'pkj71794g', 'hj980217', 'sd226', 'thboth', 'ashishchr', 'cibranlpz', 'joejfranzo', 'jimenezph', 'andresaraiva', 'jako91', 'danielclapp99', 'fafrin2', 'phhuang', 'evakolmel', 'retrewtewrt', 'psuzhouy', 'fpincock', 'asif0047', 'mrgiraffe', 'sungjooncho', 'anshshah2011', 'oktayhalitekinay', 'u6007941', 'rynk.john', 'pmcnutt2', 'miguelcb', 'ana23', 'maria.irausquin', 'aldanafloyd', 'lorenzoholguin12', 'martin.mg98.10', 'kianamon', 'rajsingh', 'cninja99', 'lokesht123', 'ainhoaab', 'zepfan026', 'burak9836', 'chastintruelove', 'semmi.spado00', 'enhjinhanabi', 'f215766', 'caseyamick', 'mmei', 'vritota', 'm241617', 'poorar21', 'roiaso', 'gazerlo', 'ogandocortes', 'santox2000', 'u0916393', 'stiml1144', 'emani', 'mstff.1clkk', 'jrobinson5', 'lewisgf20', 'jbonez411', 'ervndgn59', 'ftah', 'alexander.lee', 'alexdallee17', 'xiaokaizhong99', 'nsh0004', 'julianawallgren', 'moshelem', 'ts992', 'ncm0007', 'a194117', 'terje', 'liqizhou', 'kellen.wise', 'hrhlauraa', 'trivellin', 'rosadourada9', 'hlong262', 'blane', 'aaroncoonu', 'yorkiiii', 'sandip83', 'aravindh', 'kayleneechong', 'mos_noob', 'garciacarrillojudith', 'kst48', 'zse0147', 'jschewinsky', 'sbentz', 'lerner', 'nanobeam', 'k.hildenbrand', 'yesimcakmakc', 'syoonhan', 'cameronframpton', 'nbhat0792', 'cacuy', 'hjp44', 'amrita_lovelace', 'mollykole', 'avivlavan', 'daddysexual', 'jsanmartin1', 'nguyendaniel', 'josemanuel3', 'nfranzoni', 'davidr27', 'spazos7', 'tomasx', 'mahnoor.syed29', 'durgaprasadkhatri2011', 'clizarazo', 'saradiazr', 'berrospidavid7', 'krusso448', 'hjlim9612', 'j218711', 'theurgeboat', 'wdeaweqwdas', 'pspiotrowicz1', 'fabio.aragao.santos', 'nickm', 'mtynski', 'cactusnoh', 'jsathanand', 'bmirzapouebe', 'panellink1', 't224622', 'raul292', 'choudh23', 'rylandkate', 'mrtmert98', 'emreyilmazel1996', 'testeremre70', 'lctasende3', 'nuriamjusc', 'sarah.youssef', 'ol_ac', 'jack522577', 'fatanehjenabi', 'olga.casals', 'mrbunnyman', 'dolaydemirel', 'man6787', 'gabriel.pzanoni', 'd33r00', 'jeption2025', 's16c045b', 'arianebarreto', 'borja.bayon', 'costasdiego97', 'kmerino', 'asdksnfksfkmd', 'johnganiban', 'elena.gnani', 'xiaoyuzhang', 'thomasspradley', '8223freret', 'jdgerling', 'sqlim94', 'abaringer', 'lobsterben13', 'dongmingli', 'm203442', 'sabe425', 'longstreetjacob', 'sebrobarts', 'kodurur', 'philippeblaise', 'omarloay99', 'ee17resch11016', 'ege.ert7', 'eminasuljic', 'alirose12', 'martinotero', 'r207733', 'reuben90', 'npatta.1986', 'vincentdoucet22', 'ronitronit119', 'felipemachado', 'elel30182', 'hcha71', 'nmorgan1', 'anxooo', 'damianonetto', 'cbandel', 'jason.earl']",290,"['baqer', 'wingitalways', 'murattdo', 's16c028b', 'amandabrum', 'j176601', 'kaiseale', 'kaynegalie', 'oldanif', 'ogu0001', 'l201843', 'cheeseybacon', 'madisonmiller', 'hamastahir19', 'jaycwilson23', 'jef325', 'aingles', 'briann', 'arif.ozkan5806', 'aaronrivasterron', 'justiejoseph', 'cartermchris1', 'ge.6cg7', 'chrixang18', 'iuri', 'd093641', 'mtakcali', 'nicoladegiuseppe19', 'sabolton', 'maxguipil', 'v257028', 'uuganbayaro', 'lenoirr', 'andrew217usmc', 'tg2016', 'jeus63', 'anujgarg939', 'leeluanling123', 'tudimubunmi', 'deguirejasmin', 'lpentzke', 'cancetinkaya1201', 'fredysanchez2', 'newele', 'drogalski', 'olivier35', 'i.lutticken', 'eschruba', 'julianyordano', 'maxiasensio', 'u1250344', 'wys142', 'mariapl200896', 'ulusoy2006', 'ethan.caballero', 'jhahn95', 'matthew.jones98', 'huseyinu', 'sebasmarquez90', 'cdutreil', 'plaggeme', 'dicef', 'rakaiit', 'burnett.william', 'kyenyarkolemuel', 'tserenkhand', 'santosalexis1817', 'pw8', 'mangabera10', 'smontero', 'jequito', 'sungjoon.cho97', 'susannareggiani', 'anapv177', 'sholliday643', 'paezjuanagustin47', 'yyerim', 'c195673', 'filipinocheese', 'u1089358', 'grantmorris656', 'guillermo99', 'jake.m.hall876', 'johndoe2341341243', 'annikadasher', 'marcantoineduval', 'magnoliajasper', 'lkipfer', 'halilibrahimtiken', 'charles.dambra', 'also0714', 'arno.yu610168', 'heatherleaf', 'fedele.penna', 'pkj71794g', 'hj980217', 'sd226', 'thboth', 'ashishchr', 'cibranlpz', 'joejfranzo', 'jimenezph', 'andresaraiva', 'jako91', 'danielclapp99', 'fafrin2', 'phhuang', 'evakolmel', 'retrewtewrt', 'psuzhouy', 'fpincock', 'asif0047', 'mrgiraffe', 'sungjooncho', 'jenksmi', 'anshshah2011', 'oktayhalitekinay', 'u6007941', 'rynk.john', 'pmcnutt2', 'miguelcb', 'ana23', 'maria.irausquin', 'aldanafloyd', 'lorenzoholguin12', 'martin.mg98.10', 'kianamon', 'rajsingh', 'cninja99', 'lokesht123', 'ainhoaab', 'zepfan026', 'burak9836', 'chastintruelove', 'semmi.spado00', 'enhjinhanabi', 'matiastp', 'f215766', 'genordg', 'caseyamick', 'mmei', 'vritota', 'm241617', 'vanderty', 'poorar21', 'roiaso', 'gazerlo', 'ogandocortes', 'santox2000', 'u0916393', 'stiml1144', 'emani', 'mstff.1clkk', 'jrobinson5', 'lewisgf20', 'jbonez411', 'ervndgn59', 'ftah', 'alexander.lee', 'alexdallee17', 'xiaokaizhong99', 'nsh0004', 'julianawallgren', 'moshelem', 'ts992', 'ncm0007', 'a194117', 'terje', 'liqizhou', 'kellen.wise', 'hrhlauraa', 'trivellin', 'rosadourada9', 'hlong262', 'blane', 'aaroncoonu', 'yorkiiii', 'sandip83', 'aravindh', 'kayleneechong', 'mos_noob', 'garciacarrillojudith', 'kst48', 'zse0147', 'jschewinsky', 'sbentz', 'lerner', 'nanobeam', 'k.hildenbrand', 'yesimcakmakc', 'syoonhan', 'cameronframpton', 'rossop', 'joshuabush', 'nbhat0792', 'cacuy', 'hjp44', 'amrita_lovelace', 'mollykole', 'avivlavan', 'daddysexual', 'jsanmartin1', 'nguyendaniel', 'josemanuel3', 'nfranzoni', 'davidr27', 'spazos7', 'tomasx', 'mahnoor.syed29', 'durgaprasadkhatri2011', 'clizarazo', 'saradiazr', 'berrospidavid7', 'krusso448', 'hjlim9612', 'j218711', 'theurgeboat', 'wdeaweqwdas', 'pspiotrowicz1', 'fabio.aragao.santos', 'nickm', 'mtynski', 'cactusnoh', 'jsathanand', 'bmirzapouebe', 'panellink1', 't224622', 'raul292', 'choudh23', 'rylandkate', 'mrtmert98', 'emreyilmazel1996', 'testeremre70', 'lctasende3', 'nuriamjusc', 'sarah.youssef', 'ol_ac', 'jack522577', 'fatanehjenabi', 'olga.casals', 'mrbunnyman', 'dolaydemirel', 'jonesja2', 'man6787', 'gabriel.pzanoni', 'd33r00', 'jeption2025', 's16c045b', 'arianebarreto', 'borja.bayon', 'costasdiego97', 'kmerino', 'asdksnfksfkmd', 'johnganiban', 'elena.gnani', 'xiaoyuzhang', 'thomasspradley', '8223freret', 'jdgerling', 'sqlim94', 'abaringer', 'lobsterben13', 'dongmingli', 'm203442', 'sabe425', 'longstreetjacob', 'sebrobarts', 'kodurur', 'philippeblaise', 'omarloay99', 'ee17resch11016', 'ege.ert7', 'eminasuljic', 'alirose12', 'haren22', 'martinotero', 'r207733', 'reuben90', 'npatta.1986', 'octoman1080x', 'vincentdoucet22', 'ronitronit119', 'felipemachado', 'elel30182', 'hcha71', 'nmorgan1', 'anxooo', 'damianonetto', 'cbandel', 'jason.earl']"
97,227,14,27,11,"['kaiseale', 'oldanif', 'jenksmi', 'rossop', 'joshuabush', 'plaggeme', 'matiastp', 'newele', 'vanderty', 'genordg', 'haren22']",3,"['octoman1080x', 'jonesja2', 'filipinocheese']",16,"['espinozg', 'brownlog', 'dixojosh', 'yasser.daraa11', 'mancinad', 'healym', 'logbrown21', 'lenoirr', 'noahmarron', 'zacharushu', 'yougourthene', 'topliffd', 'phamngo', 'janickec', 'duelllu', 'nshutimw']",30,"['mancinad', 'healym', 'filipinocheese', 'newele', 'vanderty', 'nshutimw', 'kaiseale', 'espinozg', 'oldanif', 'jenksmi', 'yasser.daraa11', 'rossop', 'joshuabush', 'topliffd', 'phamngo', 'haren22', 'duelllu', 'brownlog', 'dixojosh', 'noahmarron', 'octoman1080x', 'plaggeme', 'yougourthene', 'janickec', 'logbrown21', 'jonesja2', 'lenoirr', 'zacharushu', 'matiastp', 'genordg']"
98,26,14,11,8,"['antoniojcor', 'elenaperez', 'mareksznitko13', 'mariatenllado16', 'sac99', 'qiqizheng', 'jaime_milla', 'mariana98']",6,"['amaliamperales35', 'smaino', 'elenagm', 'rominaabb29', 'luciabertran99', 'silviamlc']",3,"['061972018x', 'romero', '061962588x']",17,"['amaliamperales35', 'romero', '061962588x', 'smaino', 'rominaabb29', 'elenagm', 'mariatenllado16', 'mariana98', 'luciabertran99', 'jaime_milla', 'antoniojcor', 'elenaperez', 'mareksznitko13', 'sac99', 'qiqizheng', '061972018x', 'silviamlc']"
98,28,14,6,3,"['amaliamperales35', 'rominaabb29', 'sac99']",11,"['antoniojcor', 'elenaperez', 'mareksznitko13', 'smaino', 'elenagm', 'qiqizheng', 'mariatenllado16', 'mariana98', 'luciabertran99', 'jaime_milla', 'silviamlc']",3,"['silvis_rgomez', 'amaliamp', 'patriciatr']",17,"['amaliamperales35', 'smaino', 'rominaabb29', 'elenagm', 'mariatenllado16', 'mariana98', 'luciabertran99', 'jaime_milla', 'amaliamp', 'antoniojcor', 'elenaperez', 'mareksznitko13', 'sac99', 'qiqizheng', 'silvis_rgomez', 'patriciatr', 'silviamlc']"
99,4,14,13,5,"['youssefsamiryoussef', 'mubaraktharwat', 'salmasameh980', 'havocvictor20', 'samaar.said']",9,"['nour.yehia70', 'sainikhilgodl', 'giacomocappe10', 'mx', 'modica1', 'lavan', 'derrell.dunn', 'adham99', 'scary1321']",8,"['ashraf_mohamed', 'bassam', 'gengergogo', 'zazotop31', 'saraibrahim', 'amy', 'abdoelanwar99', 'abdelrahman98']",22,"['ashraf_mohamed', 'youssefsamiryoussef', 'sainikhilgodl', 'giacomocappe10', 'mubaraktharwat', 'modica1', 'derrell.dunn', 'saraibrahim', 'gengergogo', 'amy', 'abdoelanwar99', 'adham99', 'bassam', 'nour.yehia70', 'mx', 'zazotop31', 'lavan', 'samaar.said', 'salmasameh980', 'abdelrahman98', 'havocvictor20', 'scary1321']"
100,183,14,11,7,"['ph20resch11021', 'ph19mscst11013', 'ph19mscst11012', 'mukeshofficial276', 'asgharhusain', 'ph19mscst11005', 'ph19mscst11004']",7,"['itsanand121', 'saiyfmac', 'aullah8', 'montanez', 'ph19resch11002', 'felvital', 'arunkumarpatro.mst19']",4,"['ph19mscst11002', 'samalmukesh276', 'anagha234', 'devendraq321']",18,"['anagha234', 'devendraq321', 'mukeshofficial276', 'saiyfmac', 'asgharhusain', 'ph19mscst11005', 'montanez', 'ph19resch11002', 'felvital', 'arunkumarpatro.mst19', 'itsanand121', 'ph20resch11021', 'ph19mscst11013', 'ph19mscst11012', 'samalmukesh276', 'aullah8', 'ph19mscst11004', 'ph19mscst11002']"
101,17,14,12,5,"['adribetid99', 'carlosmaperez', 'hanaamehdisefiani', 'lucrodsil', 'jesusmrquez96']",9,"['armoar', 'aizquierdop310899', 'isabelm.gonzalez27', 'manups0508', 'isacayrasso', 'palomago1998', 'dariorom', 'espe.ruiz1177', 'isloes12']",7,"['joscebtap', 'fernanmorales99', 'luciafernandeztroncoso', 'maegol28899', 'aurobarroso', 'carlotaarojosato1', 'alesfc4']",21,"['adribetid99', 'carlosmaperez', 'hanaamehdisefiani', 'lucrodsil', 'fernanmorales99', 'luciafernandeztroncoso', 'dariorom', 'maegol28899', 'jesusmrquez96', 'aurobarroso', 'joscebtap', 'armoar', 'aizquierdop310899', 'isabelm.gonzalez27', 'manups0508', 'isacayrasso', 'palomago1998', 'carlotaarojosato1', 'espe.ruiz1177', 'isloes12', 'alesfc4']"
101,12,14,9,3,"['aizquierdop310899', 'espe.ruiz1177', 'isloes12']",11,"['adribetid99', 'carlosmaperez', 'hanaamehdisefiani', 'armoar', 'lucrodsil', 'dariorom', 'isabelm.gonzalez27', 'manups0508', 'isacayrasso', 'palomago1998', 'jesusmrquez96']",6,"['oscarguerravinuesa', 'noelianavarromoreno', 'marparbal11', 'rospalhur16', 'inesojeda98', 'juaniito82']",20,"['adribetid99', 'carlosmaperez', 'oscarguerravinuesa', 'hanaamehdisefiani', 'lucrodsil', 'noelianavarromoreno', 'dariorom', 'jesusmrquez96', 'armoar', 'aizquierdop310899', 'isabelm.gonzalez27', 'manups0508', 'isacayrasso', 'palomago1998', 'marparbal11', 'inesojeda98', 'rospalhur16', 'juaniito82', 'espe.ruiz1177', 'isloes12']"
103,257,14,6,4,"['prashants31', 'nehashree', '18d070055', '18d070040']",10,"['diwanprakhar', 'kiragr1999', 'ratul.bnj', 'pradhi01', 'bartonwang93', 'esha.kulawe', 'anuranandas', 'spencer.travis97', 'diti', 'ashutoshranjan253']",2,"['shubhampatil2.107', 'hanifc5']",16,"['18d070055', 'shubhampatil2.107', 'nehashree', 'spencer.travis97', 'diti', 'diwanprakhar', 'kiragr1999', 'ratul.bnj', 'hanifc5', 'pradhi01', 'bartonwang93', 'esha.kulawe', 'anuranandas', 'prashants31', '18d070040', 'ashutoshranjan253']"
106,245,13,55,3,"['dlwjdtlr97', 'llssmm9710', 'ykhykh3587']",10,"['picentj', 'kaisshaikh7290', 'grantwt', 'andyb123', 'mcdougo', 'paulinc', 'dicksow', 'orlandb', 'gillesk', 'valvon']",52,"['potatochip0617', 'skyxz123', 'jisukim0423', 'yongsik', 'kim980407', 'yoonwe00', 'juyeon', 'imsad', 'minsong0313', 'ksh97050310', 'pongdong2323', 'chubbypet2', 'hjlim9612', 'recomendneko', 'tuco96', 'tpghks9708', 'gmlwn4897', 'zneet456', 'hee_jun', 'hhw3481', 'haseungho', 'dff123123', 'leesijin120', 'jungmin0322', 'raw1250', 'smustudyaccout', 'rlatnals874', 'dctbelieve', 'paragt1026', 'hilsong', 'rlawjddus6825', 'guswo50', 'gaeun0215', 'rlafbehd3', 'homme0214', 'sse09137798', 'wogml622', 'guddnr6423', 'duswl2510', 'seobstantial', 'okjaegeun', 'poby', 'youjy1105', 'yejun990721', 'wkwjsrjekffk', 'dongsun0801', 'seunghun4757', 'yeny28', 'kgj0328', 'ekdmss31', 'nkm4095', 'ojiow']",65,"['potatochip0617', 'skyxz123', 'kim980407', 'yoonwe00', 'andyb123', 'ksh97050310', 'pongdong2323', 'hjlim9612', 'recomendneko', 'gillesk', 'tpghks9708', 'gmlwn4897', 'zneet456', 'picentj', 'dff123123', 'leesijin120', 'dicksow', 'smustudyaccout', 'rlatnals874', 'dctbelieve', 'rlawjddus6825', 'dlwjdtlr97', 'grantwt', 'guswo50', 'llssmm9710', 'gaeun0215', 'orlandb', 'sse09137798', 'guddnr6423', 'duswl2510', 'seobstantial', 'okjaegeun', 'youjy1105', 'yejun990721', 'paulinc', 'yeny28', 'hhw3481', 'ekdmss31', 'raw1250', 'nkm4095', 'kaisshaikh7290', 'jisukim0423', 'yongsik', 'juyeon', 'imsad', 'mcdougo', 'minsong0313', 'chubbypet2', 'tuco96', 'valvon', 'hee_jun', 'haseungho', 'jungmin0322', 'ykhykh3587', 'paragt1026', 'hilsong', 'rlafbehd3', 'homme0214', 'wogml622', 'poby', 'wkwjsrjekffk', 'dongsun0801', 'seunghun4757', 'kgj0328', 'ojiow']"
106,244,13,6,5,"['picentj', 'grantwt', 'mcdougo', 'gillesk', 'valvon']",8,"['dlwjdtlr97', 'kaisshaikh7290', 'llssmm9710', 'andyb123', 'paulinc', 'dicksow', 'orlandb', 'ykhykh3587']",1,['gherasi'],14,"['dlwjdtlr97', 'kaisshaikh7290', 'grantwt', 'llssmm9710', 'mcdougo', 'andyb123', 'orlandb', 'gillesk', 'gherasi', 'valvon', 'picentj', 'paulinc', 'dicksow', 'ykhykh3587']"
107,199,13,7,7,"['jtxingcuhk', 'arthuryimmm', 'oliz6845', 'gamerdavid898', 'austincst0630', 'tktkwantao', 'kwokkawa21']",6,"['rt2599', 'vijaydurgareddy9', 'nagarjunabayinedi', 'hamzashili', 'saikv9573sai', 'sun971217']",0,[],13,"['jtxingcuhk', 'arthuryimmm', 'hamzashili', 'nagarjunabayinedi', 'tktkwantao', 'rt2599', 'vijaydurgareddy9', 'oliz6845', 'gamerdavid898', 'austincst0630', 'saikv9573sai', 'kwokkawa21', 'sun971217']"
110,52,12,8,7,"['alif76592', 'nad23', 'fatmhdnan47', 'bdalhsynly324', 'sddfasffg1223', 'bat66ool95', 'oih8uyhhhkiihif5slpiojj']",5,"['saef.almodares', 'sean.f1', 'nora85abrahem', 'ktlam', 'jwood1985']",1,['hajer.m.almalky'],13,"['hajer.m.almalky', 'nad23', 'fatmhdnan47', 'sean.f1', 'sddfasffg1223', 'ktlam', 'alif76592', 'saef.almodares', 'nora85abrahem', 'bdalhsynly324', 'bat66ool95', 'oih8uyhhhkiihif5slpiojj', 'jwood1985']"
111,115,12,11,7,"['lshliom79', 'vano4411', 'avi.shkef', 'lihigold67', 'k.sem1996', 'orelhuta', 'nadavgvili22']",5,"['hilayi15691', 'avielkeshet123', 'lior', 'guyod1', 'ronbd2']",4,"['michal.balberg', 'niks10', 'talhaim11', 'amitsh']",16,"['michal.balberg', 'avi.shkef', 'lihigold67', 'avielkeshet123', 'niks10', 'orelhuta', 'talhaim11', 'nadavgvili22', 'lshliom79', 'vano4411', 'amitsh', 'hilayi15691', 'k.sem1996', 'lior', 'guyod1', 'ronbd2']"
112,172,12,13,1,['reimaximo'],11,"['ymore98', 'asb5032', 'jmrondinelli', 'aja5269', 'njm7663', 'jad1842', 'dmd7352', 'shc1518', 'gyt1099', 'zacharyvexler2022', 'gracex']",12,"['sarahforman', 'diplatmech', 'rylanndoering', 'ty.sebastian', 'mackinleylove', 'eddie.lam155', 'smirti.pokhrel', 'justin308', 'cpatski', 'kevans', 'tylerkiyonaga', 'jacksonuhryn1']",24,"['sarahforman', 'diplatmech', 'jmrondinelli', 'eddie.lam155', 'njm7663', 'shc1518', 'dmd7352', 'cpatski', 'gyt1099', 'tylerkiyonaga', 'kevans', 'zacharyvexler2022', 'ymore98', 'asb5032', 'rylanndoering', 'aja5269', 'ty.sebastian', 'mackinleylove', 'smirti.pokhrel', 'jad1842', 'justin308', 'jacksonuhryn1', 'reimaximo', 'gracex']"
112,138,12,10,10,"['ymore98', 'asb5032', 'jmrondinelli', 'aja5269', 'njm7663', 'jad1842', 'dmd7352', 'shc1518', 'gyt1099', 'gracex']",2,"['zacharyvexler2022', 'reimaximo']",0,[],12,"['jmrondinelli', 'njm7663', 'shc1518', 'dmd7352', 'gyt1099', 'zacharyvexler2022', 'ymore98', 'asb5032', 'aja5269', 'jad1842', 'reimaximo', 'gracex']"
113,195,12,8,8,"['kzbioe209', 'ck2514', 'kariascaria', 'lautman', 'nenright', 'madrose', 'nj233', 'taylor17']",4,"['jdweiss', 'eajertoh3', 'markl21', 'noahf']",0,[],12,"['ck2514', 'kariascaria', 'nenright', 'madrose', 'taylor17', 'kzbioe209', 'markl21', 'lautman', 'eajertoh3', 'jdweiss', 'noahf', 'nj233']"
114,275,12,7,7,"['ml2328', 'jna39', 'bem76', 'mt779', 'ljr87', 'aa846', 'gef45']",5,"['rhy27', 'wqx', 'cef93', 'aaron.johnstonpeck', 'cml66']",0,[],12,"['rhy27', 'ml2328', 'jna39', 'bem76', 'gef45', 'aa846', 'aaron.johnstonpeck', 'wqx', 'cef93', 'mt779', 'ljr87', 'cml66']"
116,168,12,35,1,['swapnali'],11,"['ekfrhkd1708', 'gee04143', 'dawnclass16', 'onegg99', 'newmeteor', 'jwooch7', 'dnjsdnjs0219', 'dlghgus020', 'younseungju', 'midoco', 'sookim.kr']",34,"['sebastian123', '8122vivian', '7903ambika', 'anjana2444', 'lokeshg109', 'jeetsumanto123', 'avidrishik', 'rocketman99.sc', 'bhagatmounita13', 'scriptujeyarajan', 'jui', 'yashkane', 'temulkaraarti8', 'leoncastelino', '8082aniket', 'omkarshirsat5143', 'crce.8457.elec', 'omn', '8268ashley', '8463maitreya', '8275joel', '8455shloka', 'crce.8254.elec', 'crce.8250.elec', '8305anmol', 'crce.8279.elec', 'crce.8300.elec', 'swapnalimakdey25', '7611ashishyadav', 'crce.7866.elec', 'swaruptsaju', 'aishwaryaparulekar1', '8262sakshi', 'crce.8255.elec']",46,"['sebastian123', 'dawnclass16', '8122vivian', '7903ambika', 'anjana2444', 'dlghgus020', 'lokeshg109', 'jeetsumanto123', 'avidrishik', 'rocketman99.sc', 'swapnali', 'bhagatmounita13', 'scriptujeyarajan', 'jui', 'yashkane', 'onegg99', 'temulkaraarti8', 'leoncastelino', '8082aniket', 'omkarshirsat5143', 'crce.8457.elec', 'omn', '8268ashley', 'younseungju', '8463maitreya', '8275joel', '8455shloka', 'crce.8254.elec', 'ekfrhkd1708', 'crce.8250.elec', '8305anmol', 'crce.8279.elec', 'crce.8300.elec', 'midoco', 'sookim.kr', 'swapnalimakdey25', 'gee04143', 'newmeteor', '7611ashishyadav', 'jwooch7', 'dnjsdnjs0219', 'crce.7866.elec', 'swaruptsaju', 'aishwaryaparulekar1', '8262sakshi', 'crce.8255.elec']"
116,170,12,10,10,"['ekfrhkd1708', 'gee04143', 'dawnclass16', 'onegg99', 'jwooch7', 'dnjsdnjs0219', 'dlghgus020', 'younseungju', 'midoco', 'sookim.kr']",2,"['swapnali', 'newmeteor']",0,[],12,"['ekfrhkd1708', 'dawnclass16', 'dlghgus020', 'midoco', 'sookim.kr', 'swapnali', 'gee04143', 'onegg99', 'newmeteor', 'jwooch7', 'dnjsdnjs0219', 'younseungju']"
118,96,11,8,3,"['btech19eskec009', 'rpitfootsteps', 'pratieekksingh05']",8,"['riyajain21082000', 'mail2ankur22', 'btech19eskec056', 'malikakhandelwal03', 'kunalv2746', 'as0081', 'parul67506jain', 'gansh7121']",5,"['kumarisidhi24', 'hardiktyagi007', 'manishabalani2001', 'rahul.ec.29', 'jackrayn48']",16,"['riyajain21082000', 'btech19eskec056', 'malikakhandelwal03', 'btech19eskec009', 'kumarisidhi24', 'manishabalani2001', 'gansh7121', 'pratieekksingh05', 'jackrayn48', 'rpitfootsteps', 'mail2ankur22', 'hardiktyagi007', 'kunalv2746', 'as0081', 'parul67506jain', 'rahul.ec.29']"
119,178,11,11,10,"['smadrigalb247', 'jquirosn044', 'ainhoacalvo21', 'caro.vargasz97', 'kristelsolera', 'lf1810camacho', 'dayana.acuna1996', 'adrianacorderoretana', 'abxelvc', 'pamequesada1216']",1,['nikjo504'],1,['carla.gomezquiros'],12,"['kristelsolera', 'dayana.acuna1996', 'ainhoacalvo21', 'abxelvc', 'jquirosn044', 'smadrigalb247', 'carla.gomezquiros', 'nikjo504', 'caro.vargasz97', 'lf1810camacho', 'adrianacorderoretana', 'pamequesada1216']"
120,156,11,6,3,"['srinandhini', 'kcharankumark143', 'sathikrishnas18']",8,"['ummitivyshnavi', 'varanasivnr', 'sannithir18', 'thummalakarthikeyani19', 'ssuryaa18', 'vangapoojitha2001', 'saicharithguturu9494', 'mathyamrajesha18']",3,"['krupadanamrock98', 'mohanchokkalingam', 'adarshrag']",14,"['ummitivyshnavi', 'mohanchokkalingam', 'varanasivnr', 'sannithir18', 'thummalakarthikeyani19', 'sathikrishnas18', 'ssuryaa18', 'vangapoojitha2001', 'saicharithguturu9494', 'krupadanamrock98', 'srinandhini', 'kcharankumark143', 'adarshrag', 'mathyamrajesha18']"
121,167,11,9,6,"['jbucknor', 'sande117', 'hynesm', 'lstepbac', 'whiteh15', 'astruckj']",5,"['lthreet', 'rtangdan', 'akotanga', 'render', 'lpmarcos']",3,"['gentry9', 'quezadab', 'ckrest']",14,"['lthreet', 'jbucknor', 'ckrest', 'sande117', 'akotanga', 'lstepbac', 'lpmarcos', 'rtangdan', 'hynesm', 'quezadab', 'gentry9', 'render', 'whiteh15', 'astruckj']"
124,176,11,7,5,"['monika2001', 'mustafacannacak55', 'just_krut', 'ryteliu', 'zero1112002']",6,"['mantassabaliauskas22', 'jokubask', 'julcep', 'augmantas', 'skaiste', 'vdaugintis9']",2,"['krisseskausk', 'dominykasspammail']",13,"['mantassabaliauskas22', 'krisseskausk', 'monika2001', 'jokubask', 'julcep', 'mustafacannacak55', 'just_krut', 'ryteliu', 'augmantas', 'skaiste', 'vdaugintis9', 'zero1112002', 'dominykasspammail']"
125,57,11,11,4,"['lajack15', 'rchang8', 'spicard2', 'mjwood2']",7,"['vdelpont', 'llauw', 'jrami112', 'aksklar', 'galope17', 'mgatewo1', 'slyoun14']",7,"['tdsmit37', 'jgshaffe', 'awsmit21', 'gsamuel1', 'mtyarter', 'smday2', 'ramybabagha']",18,"['lajack15', 'vdelpont', 'rchang8', 'llauw', 'tdsmit37', 'gsamuel1', 'mtyarter', 'smday2', 'ramybabagha', 'jgshaffe', 'jrami112', 'mjwood2', 'awsmit21', 'aksklar', 'spicard2', 'galope17', 'mgatewo1', 'slyoun14']"
125,38,11,5,3,"['lajack15', 'mjwood2', 'spicard2']",8,"['vdelpont', 'rchang8', 'llauw', 'jrami112', 'aksklar', 'galope17', 'mgatewo1', 'slyoun14']",2,"['tdsmit37', 'jgshaffe']",13,"['lajack15', 'vdelpont', 'rchang8', 'llauw', 'tdsmit37', 'jrami112', 'mjwood2', 'jgshaffe', 'aksklar', 'spicard2', 'galope17', 'mgatewo1', 'slyoun14']"
126,21,11,10,9,"['chloi', 'w2698919274', 'imdad', 'zihuijin', 'chizhang', 'andreasch95', 'baseteamfans', 'david.correatski', 'kafka2339']",2,"['haiqinxie98', 'virinchixd']",1,['gunta72'],12,"['haiqinxie98', 'chloi', 'gunta72', 'chizhang', 'virinchixd', 'baseteamfans', 'david.correatski', 'w2698919274', 'imdad', 'zihuijin', 'andreasch95', 'kafka2339']"
127,158,11,8,7,"['soni1', 'zraymond', 'jzorcik1', 'smousav1', 'praveen210', 'hzhan141', 'aelhada1']",4,"['ytian30', 'lconnor2', 'jlucian3', 'srichte3']",1,['mlanders'],12,"['soni1', 'jzorcik1', 'lconnor2', 'smousav1', 'jlucian3', 'aelhada1', 'zraymond', 'praveen210', 'mlanders', 'srichte3', 'hzhan141', 'ytian30']"
128,249,11,8,7,"['moazzamee16', 'muhammaduh1997', 'iqra_kiran', 'mansoorahmad156', 'ab.irfan5', 'ahmadrizvi', 'zaman']",4,"['kashifbhatti388', 'rajahaiderali290', 'huzaifasuri', 'raoabrar199802']",1,['nbutt'],12,"['raoabrar199802', 'moazzamee16', 'mansoorahmad156', 'huzaifasuri', 'ab.irfan5', 'ahmadrizvi', 'muhammaduh1997', 'iqra_kiran', 'rajahaiderali290', 'nbutt', 'kashifbhatti388', 'zaman']"
134,3,10,7,7,"['gnanak9', 'reddyharshavardhan24', '8309642056sagar', 'bhuvanachandra26', 'mayaluru1999', 'chakradhar1', 'shivashiva7264']",3,"['z.wei', 'pmi2017002', 'rahulmg.ec17']",0,[],10,"['gnanak9', 'rahulmg.ec17', 'reddyharshavardhan24', '8309642056sagar', 'z.wei', 'bhuvanachandra26', 'mayaluru1999', 'pmi2017002', 'chakradhar1', 'shivashiva7264']"
134,152,10,6,1,['z.wei'],9,"['gnanak9', 'reddyharshavardhan24', 'rahulmg.ec17', '8309642056sagar', 'bhuvanachandra26', 'mayaluru1999', 'pmi2017002', 'chakradhar1', 'shivashiva7264']",5,"['sayeem1818', 'zh18', 'nabilhaziq', 'shunzhilok', 'zixianchew']",15,"['sayeem1818', 'gnanak9', 'rahulmg.ec17', 'reddyharshavardhan24', 'zh18', 'nabilhaziq', '8309642056sagar', 'z.wei', 'bhuvanachandra26', 'zixianchew', 'mayaluru1999', 'pmi2017002', 'shunzhilok', 'chakradhar1', 'shivashiva7264']"
136,256,10,6,5,"['caip2501', 'andre.jacques', 'elo83.robert', 'fromontmaelle', 'rivardje']",5,"['m.puchot', 'muscato19', 'vasanth.krishna.16', 'deltaspace', 'nml24']",1,['mouny_pi'],11,"['caip2501', 'm.puchot', 'andre.jacques', 'elo83.robert', 'mouny_pi', 'muscato19', 'vasanth.krishna.16', 'fromontmaelle', 'rivardje', 'deltaspace', 'nml24']"
138,80,10,11,7,"['eobregon', 'klacey23', 'matodunn', 'delaneymcl_2', 'erikgren', 'maxwellb', 'abisram']",3,"['macharyaua', 'nick1707', 'jorgel17']",4,"['lbw', 'shewlett', 'cnianne', 'nateserc']",14,"['lbw', 'jorgel17', 'nateserc', 'eobregon', 'klacey23', 'delaneymcl_2', 'abisram', 'macharyaua', 'matodunn', 'erikgren', 'maxwellb', 'cnianne', 'nick1707', 'shewlett']"
139,221,9,283,1,['lewisgf20'],8,"['grafap24', 'savchukol20', 'emanuele.turbanti', 'yavuzceo', 'hammir16', 'ivans', 'kienbaumjj30', 'kramervc07']",282,"['baqer', 'wingitalways', 'murattdo', 's16c028b', 'amandabrum', 'j176601', 'kaiseale', 'kaynegalie', 'ogu0001', 'l201843', 'cheeseybacon', 'madisonmiller', 'hamastahir19', 'jaycwilson23', 'jef325', 'aingles', 'briann', 'arif.ozkan5806', 'aaronrivasterron', 'justiejoseph', 'cartermchris1', 'ge.6cg7', 'chrixang18', 'iuri', 'd093641', 'mtakcali', 'nicoladegiuseppe19', 'sabolton', 'maxguipil', 'v257028', 'uuganbayaro', 'lenoirr', 'andrew217usmc', 'tg2016', 'jeus63', 'anujgarg939', 'leeluanling123', 'tudimubunmi', 'deguirejasmin', 'lpentzke', 'cancetinkaya1201', 'fredysanchez2', 'newele', 'drogalski', 'olivier35', 'i.lutticken', 'eschruba', 'julianyordano', 'maxiasensio', 'u1250344', 'wys142', 'mariapl200896', 'ulusoy2006', 'ethan.caballero', 'jhahn95', 'matthew.jones98', 'huseyinu', 'sebasmarquez90', 'cdutreil', 'plaggeme', 'dicef', 'rakaiit', 'burnett.william', 'kyenyarkolemuel', 'tserenkhand', 'santosalexis1817', 'pw8', 'mangabera10', 'smontero', 'jequito', 'sungjoon.cho97', 'susannareggiani', 'anapv177', 'sholliday643', 'paezjuanagustin47', 'yyerim', 'c195673', 'u1089358', 'grantmorris656', 'guillermo99', 'jake.m.hall876', 'johndoe2341341243', 'annikadasher', 'marcantoineduval', 'magnoliajasper', 'lkipfer', 'halilibrahimtiken', 'charles.dambra', 'also0714', 'arno.yu610168', 'heatherleaf', 'fedele.penna', 'pkj71794g', 'hj980217', 'sd226', 'thboth', 'ashishchr', 'cibranlpz', 'joejfranzo', 'jimenezph', 'andresaraiva', 'jako91', 'danielclapp99', 'fafrin2', 'phhuang', 'evakolmel', 'retrewtewrt', 'psuzhouy', 'fpincock', 'asif0047', 'mrgiraffe', 'sungjooncho', 'anshshah2011', 'oktayhalitekinay', 'u6007941', 'rynk.john', 'pmcnutt2', 'miguelcb', 'ana23', 'maria.irausquin', 'aldanafloyd', 'lorenzoholguin12', 'martin.mg98.10', 'kianamon', 'rajsingh', 'cninja99', 'lokesht123', 'ainhoaab', 'zepfan026', 'burak9836', 'chastintruelove', 'semmi.spado00', 'enhjinhanabi', 'f215766', 'caseyamick', 'mmei', 'vritota', 'm241617', 'poorar21', 'roiaso', 'gazerlo', 'ogandocortes', 'santox2000', 'u0916393', 'stiml1144', 'emani', 'mstff.1clkk', 'jrobinson5', 'jbonez411', 'ervndgn59', 'ftah', 'alexander.lee', 'alexdallee17', 'xiaokaizhong99', 'nsh0004', 'julianawallgren', 'moshelem', 'ts992', 'ncm0007', 'a194117', 'terje', 'liqizhou', 'kellen.wise', 'hrhlauraa', 'trivellin', 'rosadourada9', 'hlong262', 'blane', 'aaroncoonu', 'yorkiiii', 'sandip83', 'aravindh', 'kayleneechong', 'mos_noob', 'garciacarrillojudith', 'kst48', 'zse0147', 'jschewinsky', 'sbentz', 'lerner', 'nanobeam', 'k.hildenbrand', 'yesimcakmakc', 'syoonhan', 'cameronframpton', 'rossop', 'joshuabush', 'nbhat0792', 'cacuy', 'hjp44', 'amrita_lovelace', 'mollykole', 'avivlavan', 'daddysexual', 'jsanmartin1', 'nguyendaniel', 'josemanuel3', 'nfranzoni', 'davidr27', 'spazos7', 'tomasx', 'mahnoor.syed29', 'durgaprasadkhatri2011', 'clizarazo', 'saradiazr', 'berrospidavid7', 'krusso448', 'hjlim9612', 'j218711', 'theurgeboat', 'wdeaweqwdas', 'pspiotrowicz1', 'fabio.aragao.santos', 'nickm', 'mtynski', 'cactusnoh', 'jsathanand', 'bmirzapouebe', 'panellink1', 't224622', 'raul292', 'choudh23', 'rylandkate', 'mrtmert98', 'emreyilmazel1996', 'testeremre70', 'lctasende3', 'nuriamjusc', 'sarah.youssef', 'ol_ac', 'jack522577', 'fatanehjenabi', 'olga.casals', 'mrbunnyman', 'dolaydemirel', 'man6787', 'gabriel.pzanoni', 'd33r00', 'jeption2025', 's16c045b', 'arianebarreto', 'borja.bayon', 'costasdiego97', 'kmerino', 'asdksnfksfkmd', 'johnganiban', 'elena.gnani', 'xiaoyuzhang', 'thomasspradley', '8223freret', 'jdgerling', 'sqlim94', 'abaringer', 'lobsterben13', 'dongmingli', 'm203442', 'sabe425', 'longstreetjacob', 'sebrobarts', 'kodurur', 'philippeblaise', 'omarloay99', 'ee17resch11016', 'ege.ert7', 'eminasuljic', 'alirose12', 'haren22', 'martinotero', 'r207733', 'reuben90', 'npatta.1986', 'octoman1080x', 'vincentdoucet22', 'ronitronit119', 'felipemachado', 'elel30182', 'hcha71', 'nmorgan1', 'anxooo', 'damianonetto', 'cbandel', 'jason.earl']",291,"['baqer', 'wingitalways', 'murattdo', 's16c028b', 'amandabrum', 'j176601', 'kaiseale', 'kaynegalie', 'ogu0001', 'l201843', 'cheeseybacon', 'madisonmiller', 'hamastahir19', 'jaycwilson23', 'jef325', 'aingles', 'yavuzceo', 'emanuele.turbanti', 'briann', 'arif.ozkan5806', 'aaronrivasterron', 'justiejoseph', 'cartermchris1', 'ge.6cg7', 'chrixang18', 'iuri', 'd093641', 'mtakcali', 'nicoladegiuseppe19', 'sabolton', 'maxguipil', 'v257028', 'uuganbayaro', 'lenoirr', 'andrew217usmc', 'tg2016', 'jeus63', 'anujgarg939', 'kienbaumjj30', 'leeluanling123', 'tudimubunmi', 'deguirejasmin', 'lpentzke', 'cancetinkaya1201', 'fredysanchez2', 'hammir16', 'newele', 'drogalski', 'olivier35', 'grafap24', 'i.lutticken', 'eschruba', 'julianyordano', 'maxiasensio', 'u1250344', 'wys142', 'mariapl200896', 'ulusoy2006', 'ethan.caballero', 'jhahn95', 'matthew.jones98', 'huseyinu', 'sebasmarquez90', 'cdutreil', 'plaggeme', 'dicef', 'rakaiit', 'burnett.william', 'kyenyarkolemuel', 'tserenkhand', 'santosalexis1817', 'pw8', 'mangabera10', 'smontero', 'jequito', 'sungjoon.cho97', 'susannareggiani', 'anapv177', 'sholliday643', 'paezjuanagustin47', 'yyerim', 'c195673', 'u1089358', 'ivans', 'kramervc07', 'grantmorris656', 'guillermo99', 'jake.m.hall876', 'johndoe2341341243', 'annikadasher', 'marcantoineduval', 'magnoliajasper', 'lkipfer', 'halilibrahimtiken', 'charles.dambra', 'also0714', 'arno.yu610168', 'heatherleaf', 'fedele.penna', 'pkj71794g', 'hj980217', 'sd226', 'thboth', 'ashishchr', 'cibranlpz', 'joejfranzo', 'jimenezph', 'andresaraiva', 'jako91', 'danielclapp99', 'fafrin2', 'phhuang', 'evakolmel', 'retrewtewrt', 'psuzhouy', 'fpincock', 'asif0047', 'mrgiraffe', 'sungjooncho', 'anshshah2011', 'oktayhalitekinay', 'u6007941', 'rynk.john', 'pmcnutt2', 'miguelcb', 'ana23', 'maria.irausquin', 'aldanafloyd', 'lorenzoholguin12', 'martin.mg98.10', 'kianamon', 'rajsingh', 'cninja99', 'savchukol20', 'lokesht123', 'ainhoaab', 'zepfan026', 'burak9836', 'chastintruelove', 'semmi.spado00', 'enhjinhanabi', 'f215766', 'caseyamick', 'mmei', 'vritota', 'm241617', 'poorar21', 'roiaso', 'gazerlo', 'ogandocortes', 'santox2000', 'u0916393', 'stiml1144', 'emani', 'mstff.1clkk', 'jrobinson5', 'lewisgf20', 'jbonez411', 'ervndgn59', 'ftah', 'alexander.lee', 'alexdallee17', 'xiaokaizhong99', 'nsh0004', 'julianawallgren', 'moshelem', 'ts992', 'ncm0007', 'a194117', 'terje', 'liqizhou', 'kellen.wise', 'hrhlauraa', 'trivellin', 'rosadourada9', 'hlong262', 'blane', 'aaroncoonu', 'yorkiiii', 'sandip83', 'aravindh', 'kayleneechong', 'mos_noob', 'garciacarrillojudith', 'kst48', 'zse0147', 'jschewinsky', 'sbentz', 'lerner', 'nanobeam', 'k.hildenbrand', 'yesimcakmakc', 'syoonhan', 'cameronframpton', 'rossop', 'joshuabush', 'nbhat0792', 'cacuy', 'hjp44', 'amrita_lovelace', 'mollykole', 'avivlavan', 'daddysexual', 'jsanmartin1', 'nguyendaniel', 'josemanuel3', 'nfranzoni', 'davidr27', 'spazos7', 'tomasx', 'mahnoor.syed29', 'durgaprasadkhatri2011', 'clizarazo', 'saradiazr', 'berrospidavid7', 'krusso448', 'hjlim9612', 'j218711', 'theurgeboat', 'wdeaweqwdas', 'pspiotrowicz1', 'fabio.aragao.santos', 'nickm', 'mtynski', 'cactusnoh', 'jsathanand', 'bmirzapouebe', 'panellink1', 't224622', 'raul292', 'choudh23', 'rylandkate', 'mrtmert98', 'emreyilmazel1996', 'testeremre70', 'lctasende3', 'nuriamjusc', 'sarah.youssef', 'ol_ac', 'jack522577', 'fatanehjenabi', 'olga.casals', 'mrbunnyman', 'dolaydemirel', 'man6787', 'gabriel.pzanoni', 'd33r00', 'jeption2025', 's16c045b', 'arianebarreto', 'borja.bayon', 'costasdiego97', 'kmerino', 'asdksnfksfkmd', 'johnganiban', 'elena.gnani', 'xiaoyuzhang', 'thomasspradley', '8223freret', 'jdgerling', 'sqlim94', 'abaringer', 'lobsterben13', 'dongmingli', 'm203442', 'sabe425', 'longstreetjacob', 'sebrobarts', 'kodurur', 'philippeblaise', 'omarloay99', 'ee17resch11016', 'ege.ert7', 'eminasuljic', 'alirose12', 'haren22', 'martinotero', 'r207733', 'reuben90', 'npatta.1986', 'octoman1080x', 'vincentdoucet22', 'ronitronit119', 'felipemachado', 'elel30182', 'hcha71', 'nmorgan1', 'anxooo', 'damianonetto', 'cbandel', 'jason.earl']"
139,219,9,33,8,"['grafap24', 'savchukol20', 'lewisgf20', 'yavuzceo', 'hammir16', 'ivans', 'kienbaumjj30', 'kramervc07']",1,['emanuele.turbanti'],25,"['jgarcia141', 'darhodes', 'damoldov', 'hjgogoi24', 'brrmatteo', 'roydouek', 'turban.', 'vtagare2', 'martinolorenzini', 'recaro13', 'nsh0004', 'breddy4', 'biagiocap95', 'wkloppen', '2stranger', 'jackmings1', 'jmendez100', 'rollagrad2012', 'jacoponicolini', 'aildefonso3', 'guofu', 'maxguipil', 'raanapooshimin', 'rflores46', 'ktuzinowski']",34,"['hammir16', 'ivans', 'kramervc07', 'jgarcia141', 'grafap24', 'darhodes', 'damoldov', 'hjgogoi24', 'lewisgf20', 'brrmatteo', 'roydouek', 'turban.', 'vtagare2', 'martinolorenzini', 'recaro13', 'nsh0004', 'breddy4', 'biagiocap95', 'wkloppen', '2stranger', 'jackmings1', 'jmendez100', 'yavuzceo', 'emanuele.turbanti', 'rollagrad2012', 'jacoponicolini', 'savchukol20', 'aildefonso3', 'guofu', 'maxguipil', 'raanapooshimin', 'rflores46', 'ktuzinowski', 'kienbaumjj30']"
139,201,9,6,6,"['grafap24', 'savchukol20', 'lewisgf20', 'yavuzceo', 'kienbaumjj30', 'kramervc07']",3,"['ivans', 'emanuele.turbanti', 'hammir16']",0,[],9,"['grafap24', 'savchukol20', 'lewisgf20', 'yavuzceo', 'emanuele.turbanti', 'hammir16', 'ivans', 'kienbaumjj30', 'kramervc07']"
140,198,9,11,5,"['aakanksharozekar', 'coochiemuncher', 'omkar1999', 'vishal001', 'bhaskar.vankala.bv']",4,"['priyankawani', 'shradhaj', 'saurabhnaikodi', 'vinkitajm']",6,"['hrishikesh.gawas99', 'swaminiaher', 'shivambutere', 'adishetty9988', 'pratikgodbole', 'devashreedas']",15,"['aakanksharozekar', 'swaminiaher', 'bhaskar.vankala.bv', 'adishetty9988', 'saurabhnaikodi', 'devashreedas', 'shradhaj', 'coochiemuncher', 'vishal001', 'omkar1999', 'hrishikesh.gawas99', 'shivambutere', 'pratikgodbole', 'priyankawani', 'vinkitajm']"
141,32,9,10,7,"['cdpdqf', 'daskng', 'tjsnmh', 'rdbbhc', 'bgkd5d', 'mrmichaels', 'sjw72z']",2,"['icmwx2', 'rwbdn9']",3,"['jabg3c', 'jjfxcm', 'ks29c']",12,"['cdpdqf', 'tjsnmh', 'rwbdn9', 'ks29c', 'jabg3c', 'sjw72z', 'daskng', 'rdbbhc', 'bgkd5d', 'jjfxcm', 'icmwx2', 'mrmichaels']"
143,4,9,13,6,"['ashraf_mohamed', 'bassam', 'zazotop31', 'amy', 'abdoelanwar99', 'abdelrahman98']",3,"['ayushisharma1081', 'b515037', 'nmurugan']",7,"['youssefsamiryoussef', 'gengergogo', 'mubaraktharwat', 'saraibrahim', 'salmasameh980', 'havocvictor20', 'samaar.said']",16,"['ashraf_mohamed', 'youssefsamiryoussef', 'mubaraktharwat', 'gengergogo', 'b515037', 'saraibrahim', 'amy', 'ayushisharma1081', 'abdoelanwar99', 'nmurugan', 'bassam', 'zazotop31', 'salmasameh980', 'abdelrahman98', 'havocvictor20', 'samaar.said']"
145,94,9,7,7,"['danflan21', 'kdavis21', 'dchambers0019', 'jh13585', 'tonytchou08', 'adesinajoseph14', 'masonch32']",2,"['macey.ludolph', 'adnamusic99']",0,[],9,"['kdavis21', 'danflan21', 'dchambers0019', 'macey.ludolph', 'jh13585', 'tonytchou08', 'adnamusic99', 'adesinajoseph14', 'masonch32']"
146,29,9,7,5,"['zhangning123', 'k2m', 'woshihuanmouren', 'phq', 'guoxinyan7']",4,"['zahng6', 'njzy', 'f1909330022', 'gyr']",2,"['bin08', 'yq1252273029']",11,"['zhangning123', 'k2m', 'zahng6', 'gyr', 'woshihuanmouren', 'yq1252273029', 'phq', 'bin08', 'f1909330022', 'njzy', 'guoxinyan7']"
148,188,9,26,7,"['jafd', 'jackjohnston165', 'samimab', 'cjh1903934', 'sumnimalimbu', 'raffbowler17', 'ammazshabbir77']",2,"['jackt2000', 'willdavies12']",19,"['jirka5599', 'murdob99', 'j983612', 'rlilley', 'joebray1232', 'ellie30122000', 'ddug', 'stevenren0911', 'arcticvenom', 'geogibbs2000', 'nicholasrady', 'fmartinmartinez', 'tiaansell', 'annacatton', 'haggisface2000', 'stejam130', 'cormican.cerys', 'abachsh', 'messham.peter01']",28,"['jirka5599', 'murdob99', 'jafd', 'j983612', 'cjh1903934', 'rlilley', 'joebray1232', 'ellie30122000', 'ddug', 'stevenren0911', 'arcticvenom', 'geogibbs2000', 'jackt2000', 'nicholasrady', 'samimab', 'sumnimalimbu', 'fmartinmartinez', 'tiaansell', 'ammazshabbir77', 'annacatton', 'haggisface2000', 'stejam130', 'willdavies12', 'jackjohnston165', 'cormican.cerys', 'abachsh', 'raffbowler17', 'messham.peter01']"
150,253,9,7,5,"['tabanto', 'pedrogea08', 'guillermocam', 'aloptor97', 'simbon98']",4,"['mpbland', 'wanghao95', 'bennoymer', 'ek']",2,"['fmgomez', 'nanodark']",11,"['bennoymer', 'tabanto', 'fmgomez', 'simbon98', 'ek', 'nanodark', 'pedrogea08', 'guillermocam', 'aloptor97', 'wanghao95', 'mpbland']"
152,219,9,33,5,"['recaro13', 'damoldov', '2stranger', 'roydouek', 'vtagare2']",4,"['krishankumarchauhan.microuiet', 'grleon', 'nslee', 'rakaindl']",28,"['hammir16', 'ivans', 'kramervc07', 'jgarcia141', 'darhodes', 'grafap24', 'hjgogoi24', 'lewisgf20', 'brrmatteo', 'turban.', 'martinolorenzini', 'nsh0004', 'breddy4', 'biagiocap95', 'wkloppen', 'jackmings1', 'jmendez100', 'yavuzceo', 'rollagrad2012', 'jacoponicolini', 'savchukol20', 'aildefonso3', 'guofu', 'maxguipil', 'raanapooshimin', 'rflores46', 'ktuzinowski', 'kienbaumjj30']",37,"['hammir16', 'ivans', 'kramervc07', 'krishankumarchauhan.microuiet', 'jgarcia141', 'darhodes', 'grafap24', 'damoldov', 'nslee', 'hjgogoi24', 'lewisgf20', 'brrmatteo', 'roydouek', 'turban.', 'vtagare2', 'martinolorenzini', 'recaro13', 'nsh0004', 'breddy4', 'biagiocap95', 'wkloppen', '2stranger', 'jackmings1', 'jmendez100', 'yavuzceo', 'rollagrad2012', 'grleon', 'jacoponicolini', 'savchukol20', 'aildefonso3', 'guofu', 'maxguipil', 'rakaindl', 'raanapooshimin', 'rflores46', 'ktuzinowski', 'kienbaumjj30']"
153,270,9,16,1,['sotiristoulio'],8,"['georgopouloupm', 'cavid', 'eirinikallimani1394', 'saragjolena23', 'lagger.cyril', 'georgios.boul', 'ioadi2410', 'mariegaitanidou']",15,"['manosxfn', 'konstantinakaramitsou02', 'anastasia.a.mavrogianni', 'chrysoulamichou', 'athinak1112', 'sofiastefania123', 'basiliskontos12', 'mpourlakis.b.dimitris', 'phrap38', 'konstantinos.kons', 'adamantia.koulouri', 'tassosgr2002', 'thsachlas', 'kleterpos', 'mair_bot']",24,"['chrysoulamichou', 'cavid', 'athinak1112', 'sofiastefania123', 'basiliskontos12', 'konstantinos.kons', 'mair_bot', 'manosxfn', 'konstantinakaramitsou02', 'georgopouloupm', 'anastasia.a.mavrogianni', 'eirinikallimani1394', 'saragjolena23', 'lagger.cyril', 'mpourlakis.b.dimitris', 'georgios.boul', 'thsachlas', 'ioadi2410', 'mariegaitanidou', 'adamantia.koulouri', 'tassosgr2002', 'sotiristoulio', 'kleterpos', 'phrap38']"
154,187,8,6,5,"['sasc8473', 'xuze1932', 'sota2668', 'dish1498', 'etra4748']",3,"['duho3293', 'camo7516', 'chco7711']",1,['sesh9366'],9,"['sasc8473', 'xuze1932', 'camo7516', 'sota2668', 'duho3293', 'chco7711', 'dish1498', 'sesh9366', 'etra4748']"
159,184,8,6,4,"['baykal', 'verapan', 'llk199628', 'oooooxygenhsin']",4,"['njuwxz123', 'cevatron', 'lzs_feyn', 'apn2108']",2,"['lrhustc', 'baochendi']",10,"['baykal', 'baochendi', 'lzs_feyn', 'llk199628', 'verapan', 'njuwxz123', 'cevatron', 'oooooxygenhsin', 'lrhustc', 'apn2108']"
160,188,8,26,6,"['jirka5599', 'stejam130', 'cormican.cerys', 'abachsh', 'ellie30122000', 'messham.peter01']",2,"['imamhali786', 'perobach']",20,"['murdob99', 'jafd', 'j983612', 'cjh1903934', 'rlilley', 'joebray1232', 'ddug', 'stevenren0911', 'arcticvenom', 'geogibbs2000', 'nicholasrady', 'samimab', 'sumnimalimbu', 'fmartinmartinez', 'tiaansell', 'ammazshabbir77', 'annacatton', 'haggisface2000', 'jackjohnston165', 'raffbowler17']",28,"['jirka5599', 'murdob99', 'jafd', 'j983612', 'cjh1903934', 'perobach', 'rlilley', 'joebray1232', 'ellie30122000', 'ddug', 'stevenren0911', 'arcticvenom', 'geogibbs2000', 'nicholasrady', 'samimab', 'imamhali786', 'sumnimalimbu', 'fmartinmartinez', 'tiaansell', 'ammazshabbir77', 'annacatton', 'haggisface2000', 'stejam130', 'jackjohnston165', 'cormican.cerys', 'abachsh', 'raffbowler17', 'messham.peter01']"
160,61,8,11,4,"['jirka5599', 'stejam130', 'abachsh', 'messham.peter01']",4,"['imamhali786', 'perobach', 'cormican.cerys', 'ellie30122000']",7,"['annacatton', 'murdob99', 'j983612', 'ddug', 'arcticvenom', 'geogibbs2000', 'rlilley']",15,"['jirka5599', 'murdob99', 'j983612', 'imamhali786', 'perobach', 'rlilley', 'annacatton', 'stejam130', 'cormican.cerys', 'abachsh', 'ellie30122000', 'ddug', 'messham.peter01', 'arcticvenom', 'geogibbs2000']"
170,71,7,33,4,"['charlie0513', 'dlincoln', 'geert', 'liriyanyan']",3,"['mcdowelle', 'guschwar', 'sbaird9']",29,"['g.k41541g', 'dietzelcc', 'marco.apolinario.l', 'waldropj24', 'vallejora', 'munkhbayar518', 'btmn5698', 'meiiqitang', 'mhanvey', 'chnbtgaldanmgc', 'uozgur', 'lillianchiu', 'heath.wells.esq', 'jwarnky', 'kalilio', 'turnera14', 'bburgilmaa1202', 'j.manlai0411', 'dolp', 'aingles', 'huan1318', 'everaste', 'aymar', 'uuganbayaro', 'aravindh', 'glenhwalters', 'adiya.enhadiya', 'smit4225', 'altantsooj']",36,"['g.k41541g', 'sbaird9', 'dietzelcc', 'marco.apolinario.l', 'smit4225', 'waldropj24', 'vallejora', 'munkhbayar518', 'btmn5698', 'meiiqitang', 'mhanvey', 'chnbtgaldanmgc', 'uozgur', 'lillianchiu', 'heath.wells.esq', 'jwarnky', 'kalilio', 'charlie0513', 'geert', 'guschwar', 'turnera14', 'bburgilmaa1202', 'dolp', 'aingles', 'mcdowelle', 'huan1318', 'everaste', 'aymar', 'uuganbayaro', 'aravindh', 'glenhwalters', 'adiya.enhadiya', 'liriyanyan', 'dlincoln', 'j.manlai0411', 'altantsooj']"
171,139,7,8,7,"['asevak25', 'diya.shah', 'hanningy', 'priyamancheril1', 'desai.misha', 'knutas26', 'rcc221']",0,[],1,['mer317'],8,"['asevak25', 'diya.shah', 'hanningy', 'priyamancheril1', 'desai.misha', 'mer317', 'knutas26', 'rcc221']"
173,46,7,6,4,"['h20200181', 'ramaraju.34.apt', 'kirannevaskar', 'noelr']",3,"['shivam.dcrust', '2020ht80592', 'karthickcnp']",2,"['noelprashant', 'soniadeendayal7290']",9,"['h20200181', 'noelr', 'ramaraju.34.apt', 'shivam.dcrust', 'noelprashant', 'karthickcnp', 'kirannevaskar', '2020ht80592', 'soniadeendayal7290']"
174,233,7,8,7,"['dazhichao', 'wxy678', 'sy2677618424', 'hyp096', 'yq1252273029', 'sxbsxl555', 'liuyulun']",0,[],1,['bin08'],8,"['dazhichao', 'wxy678', 'sy2677618424', 'hyp096', 'yq1252273029', 'bin08', 'sxbsxl555', 'liuyulun']"
174,29,7,7,1,['yq1252273029'],6,"['dazhichao', 'wxy678', 'sy2677618424', 'hyp096', 'sxbsxl555', 'liuyulun']",6,"['zhangning123', 'k2m', 'woshihuanmouren', 'phq', 'bin08', 'guoxinyan7']",13,"['dazhichao', 'zhangning123', 'k2m', 'wxy678', 'sy2677618424', 'hyp096', 'yq1252273029', 'woshihuanmouren', 'phq', 'bin08', 'sxbsxl555', 'guoxinyan7', 'liuyulun']"
176,32,7,10,3,"['jabg3c', 'jjfxcm', 'ks29c']",4,"['dls1947', 'ullrichc', 'quinn305', 'chemmiki']",7,"['cdpdqf', 'daskng', 'tjsnmh', 'rdbbhc', 'bgkd5d', 'mrmichaels', 'sjw72z']",14,"['cdpdqf', 'quinn305', 'tjsnmh', 'dls1947', 'ks29c', 'jabg3c', 'chemmiki', 'sjw72z', 'daskng', 'rdbbhc', 'bgkd5d', 'jjfxcm', 'ullrichc', 'mrmichaels']"
177,240,7,6,6,"['kitanovski.anastas', 'monss0676', 'dani.karakuleva', 'mac123', 'm.tashulova', 'darkonushev']",1,['viki.najdoska88'],0,[],7,"['kitanovski.anastas', 'viki.najdoska88', 'monss0676', 'dani.karakuleva', 'mac123', 'm.tashulova', 'darkonushev']"
178,17,7,12,3,"['joscebtap', 'maegol28899', 'carlotaarojosato1']",4,"['oscarguerravinuesa', 'agustin.aranda310', 'inesojeda98', 'juaniito82']",9,"['adribetid99', 'carlosmaperez', 'hanaamehdisefiani', 'fernanmorales99', 'luciafernandeztroncoso', 'lucrodsil', 'jesusmrquez96', 'aurobarroso', 'alesfc4']",16,"['oscarguerravinuesa', 'adribetid99', 'carlosmaperez', 'fernanmorales99', 'hanaamehdisefiani', 'luciafernandeztroncoso', 'lucrodsil', 'maegol28899', 'jesusmrquez96', 'aurobarroso', 'agustin.aranda310', 'joscebtap', 'inesojeda98', 'juaniito82', 'carlotaarojosato1', 'alesfc4']"
178,12,7,9,3,"['oscarguerravinuesa', 'inesojeda98', 'juaniito82']",4,"['joscebtap', 'maegol28899', 'carlotaarojosato1', 'agustin.aranda310']",6,"['noelianavarromoreno', 'aizquierdop310899', 'marparbal11', 'rospalhur16', 'espe.ruiz1177', 'isloes12']",13,"['oscarguerravinuesa', 'noelianavarromoreno', 'maegol28899', 'agustin.aranda310', 'joscebtap', 'aizquierdop310899', 'marparbal11', 'inesojeda98', 'rospalhur16', 'juaniito82', 'carlotaarojosato1', 'espe.ruiz1177', 'isloes12']"
179,70,7,6,4,"['apopper', 'gupta479', 'snholcomb', 'kim2978']",3,"['thesbeme', 'yusuzuki', 'billy.z.cockell']",2,"['dgormley', 'singer15']",9,"['gupta479', 'yusuzuki', 'dgormley', 'kim2978', 'singer15', 'apopper', 'snholcomb', 'thesbeme', 'billy.z.cockell']"
181,151,7,19,3,"['someone811', 'danaalmutairi', 'bisheryousif']",4,"['somayasenosy94', 'dablomoataz', 'ahmed12zaky', 'abdullah.s.karar']",16,"['halwarea', 'hamadalarjani', '111icoolboy111', 'shiruwan', 'setstall2', 'hakemahussain', 'hassanalmeirza', 'd1s2roy', 'dalal327', 'reemalb22', 'rayaanalraqibah1', 'ahmedsayed.elec', 'hqassem93', 'spring2021', 'otaibemn', 'maasoumah']",23,"['halwarea', 'hamadalarjani', 'someone811', 'setstall2', 'hakemahussain', 'danaalmutairi', 'rayaanalraqibah1', 'spring2021', 'ahmed12zaky', 'otaibemn', 'maasoumah', 'abdullah.s.karar', 'somayasenosy94', '111icoolboy111', 'shiruwan', 'dablomoataz', 'dalal327', 'd1s2roy', 'bisheryousif', 'reemalb22', 'hassanalmeirza', 'ahmedsayed.elec', 'hqassem93']"
181,150,7,7,2,"['someone811', 'danaalmutairi']",5,"['somayasenosy94', 'dablomoataz', 'bisheryousif', 'ahmed12zaky', 'abdullah.s.karar']",5,"['abeeraljassi', 'abdullahalmohammed1', 'bashayer.almezyan', 'abduallah4454a', 'bilelneji']",12,"['somayasenosy94', 'someone811', 'abeeraljassi', 'abdullahalmohammed1', 'dablomoataz', 'danaalmutairi', 'bisheryousif', 'bashayer.almezyan', 'ahmed12zaky', 'abduallah4454a', 'bilelneji', 'abdullah.s.karar']"
184,133,6,10,6,"['abamick', 'akb2', 'tzhou2', 'sasteph', 'kahale', 'aaron_lafleur']",0,[],4,"['yitaow', 'hyunsol', 'ohussei', 'dahelle']",10,"['ohussei', 'kahale', 'dahelle', 'hyunsol', 'abamick', 'tzhou2', 'akb2', 'sasteph', 'yitaow', 'aaron_lafleur']"
185,163,6,158,1,['jgerstei'],5,"['pmansour', 'wang3844', 'dhomme', 'pweitzel', 'kjabbar']",157,"['mclassen', 'jennin56', 'cliffos', 'jnylen', 'nafandi', 'whollan', 'kngupta', 'nfransen', 'mkirsch', 'rcalistr', 'artierenier', 'lukehendriks4', 'okeefee', 'voorsm', 'jade.m.meekin', 'armour1', 'gfiedler', 'hmcguir', 'hollowr', 'jmontbru', 'mlannie', 'dbhagwan', 'john2345', 'jcarre', 'bkoszyk', 'weber164', 'tsriram', 'cleveng2', 'agarw190', 'bbondi', 'lritchis', 'bird12', 'mihsan', 'mmatteso', 'will1941', 'sayyala', 'zhan3108', 'llefebvr', 'pbhaske', 'amelia.markert979', 'ebinkle', 'ahn87', 'rtrafele', 'mcalisto', 'murph417', 'ander966', 'chris260', 'comer13', 'rstaples', 'mock6', 'hawkin98', 'bgrytza', 'feng233', 'jperata', 'skunduru', 'fruane', 'obriencaitlin20', 'snathell', 'jcavage', 'ellis125', 'marykirstenreilly', 'single0', 'hodge20', 'cmancini', 'ncivitan', 'kradde', 'gagnonn', 'gzanutta', 'mannin15', 'nkielkop', 'agf2018', 'ejobe', 'lvelky', 'thoma805', 'stuff', 'akmaksim', 'adoxsee', 'achungma', 'sbukzam', 'heaton4', 'nrrobins', 'sweene26', 'asyrek', 'sharlow', 'harri827', 'connoll1', 'tvulich', 'sinha54', 'zhu741', 'mragei', 'ndroessl', 'zhao979', 'lopez347', 'danie140', 'downeyl', 'llwan', 'bodhiscott', 'carls127', 'ander939', 'kyendru', 'li2701', 'aalnas', 'hughe234', 'smahipat', 'abirkeme', 'jyounkin', 'nixon21', 'hollej', 'beers2', 'rhentric', 'boninl', 'mngaglia', 'ojonas', 'gconer', 'mprue', 'afirkan', 'lin1297', 'jone1616', 'mfangio', 'agettel', 'stockerm', 'afarha', 'tprati', 'jmesa', 'allen482', 'ksagar', 'kbrayto', 'csrafin', 'cohland', 'funkhous', 'liu2442', 'wdobbs', 'lopez344', 'jmestach', 'chfranci', 'srajarat', 'thubauer', 'russe162', 'nortt', 'rdamle', 'nrentsc', 'zuckerma', 'bbarale', 'elamewon', 'pan229', 'romack0', 'kong68', 'wagoneb', 'pate1082', 'wnorton', 'svendsen', 'dnocon', 'sharp82', 'efrancoe', 'kzingaro', 'mikav', 'akurumba']",163,"['mclassen', 'jennin56', 'cliffos', 'jnylen', 'nafandi', 'whollan', 'kngupta', 'nfransen', 'mkirsch', 'rcalistr', 'artierenier', 'lukehendriks4', 'okeefee', 'voorsm', 'jade.m.meekin', 'armour1', 'gfiedler', 'hmcguir', 'hollowr', 'jmontbru', 'mlannie', 'dhomme', 'dbhagwan', 'john2345', 'jcarre', 'bkoszyk', 'weber164', 'tsriram', 'cleveng2', 'agarw190', 'bbondi', 'lritchis', 'bird12', 'mihsan', 'mmatteso', 'jgerstei', 'will1941', 'sayyala', 'zhan3108', 'llefebvr', 'pbhaske', 'amelia.markert979', 'ebinkle', 'ahn87', 'rtrafele', 'mcalisto', 'murph417', 'ander966', 'chris260', 'comer13', 'rstaples', 'mock6', 'hawkin98', 'bgrytza', 'feng233', 'jperata', 'skunduru', 'fruane', 'obriencaitlin20', 'snathell', 'jcavage', 'ellis125', 'marykirstenreilly', 'single0', 'hodge20', 'cmancini', 'ncivitan', 'kradde', 'gagnonn', 'gzanutta', 'mannin15', 'kjabbar', 'nkielkop', 'agf2018', 'ejobe', 'lvelky', 'thoma805', 'stuff', 'akmaksim', 'adoxsee', 'achungma', 'sbukzam', 'heaton4', 'nrrobins', 'sweene26', 'asyrek', 'sharlow', 'harri827', 'connoll1', 'tvulich', 'sinha54', 'zhu741', 'mragei', 'ndroessl', 'zhao979', 'lopez347', 'danie140', 'downeyl', 'llwan', 'bodhiscott', 'carls127', 'ander939', 'kyendru', 'li2701', 'aalnas', 'hughe234', 'smahipat', 'abirkeme', 'jyounkin', 'nixon21', 'hollej', 'beers2', 'rhentric', 'boninl', 'mngaglia', 'ojonas', 'gconer', 'mprue', 'afirkan', 'lin1297', 'jone1616', 'mfangio', 'agettel', 'stockerm', 'afarha', 'tprati', 'jmesa', 'allen482', 'ksagar', 'kbrayto', 'csrafin', 'cohland', 'pmansour', 'funkhous', 'liu2442', 'wdobbs', 'pweitzel', 'lopez344', 'jmestach', 'chfranci', 'srajarat', 'thubauer', 'russe162', 'nortt', 'rdamle', 'nrentsc', 'zuckerma', 'bbarale', 'wang3844', 'elamewon', 'pan229', 'romack0', 'kong68', 'wagoneb', 'pate1082', 'wnorton', 'svendsen', 'dnocon', 'sharp82', 'efrancoe', 'kzingaro', 'mikav', 'akurumba']"
185,164,6,41,3,"['pweitzel', 'pmansour', 'kjabbar']",3,"['dhomme', 'jgerstei', 'wang3844']",38,"['michae19', 'chakra26', 'bwodetz', 'sinha54', 'tladner', 'hmcmilli', 'buhland', 'mart1390', 'moeller4', 'jiang650', 'rhodes44', 'annaleichty1', 'wood164', 'reddy62', 'baxter26', 'armour1', 'see4', 'zaly', 'harvey83', 'hsakiewi', 'huan1346', 'brow1511', 'nherbert', 'costel12', 'nrobb', 'meyer292', 'djodhani', 'evans251', 'smit3400', 'ewolfla', 'markhodgkiss50', 'aquinli', 'adshowal', 'douh', 'duncan94', 'lange35', 'tzadrave', 'toboyle']",44,"['michae19', 'chakra26', 'bwodetz', 'sinha54', 'tladner', 'hmcmilli', 'buhland', 'pmansour', 'mart1390', 'moeller4', 'jiang650', 'pweitzel', 'rhodes44', 'annaleichty1', 'wood164', 'reddy62', 'baxter26', 'armour1', 'see4', 'zaly', 'harvey83', 'hsakiewi', 'huan1346', 'brow1511', 'nherbert', 'wang3844', 'costel12', 'dhomme', 'nrobb', 'meyer292', 'djodhani', 'kjabbar', 'evans251', 'smit3400', 'ewolfla', 'markhodgkiss50', 'aquinli', 'adshowal', 'douh', 'duncan94', 'lange35', 'tzadrave', 'toboyle', 'jgerstei']"
189,33,6,6,3,"['dbatides', 'mahaja25', 'jdamle']",3,"['ebeg', 'capece', 'aeb']",3,"['carrtj02', 'smit4083', 'capecepurdueedu']",9,"['smit4083', 'jdamle', 'ebeg', 'dbatides', 'capece', 'carrtj02', 'aeb', 'mahaja25', 'capecepurdueedu']"
192,140,6,6,4,"['basheer.msee162', 'danish.msee141', 'gul.hassan', 'muhammadbilal00751']",2,"['saqib.msee157', 'anismsee137']",2,"['hammad.phdee36', 'hmasif.int3412']",8,"['basheer.msee162', 'gul.hassan', 'anismsee137', 'hammad.phdee36', 'hmasif.int3412', 'saqib.msee157', 'danish.msee141', 'muhammadbilal00751']"
194,128,6,7,1,['sbarber4'],5,"['supermh868', 'mnoftz1157', 'choyc', 'weber202', 'hanse163']",6,"['qmurrayconn', 'kcheung22', 'norayang99', 'jteng4', 'merazalfonso', 'kdolar1']",12,"['qmurrayconn', 'supermh868', 'kcheung22', 'sbarber4', 'norayang99', 'jteng4', 'merazalfonso', 'mnoftz1157', 'choyc', 'kdolar1', 'weber202', 'hanse163']"
197,98,6,9,4,"['ckiel', 'eryn', 'ambred', 'aedecilap']",2,"['cgutierr', 'markland']",5,"['ssong64', 'ischen', 'rodrigofreitas', 'kaiguo', 'sxqian']",11,"['ckiel', 'cgutierr', 'ssong64', 'ischen', 'ambred', 'kaiguo', 'markland', 'rodrigofreitas', 'sxqian', 'eryn', 'aedecilap']"
199,185,6,10,1,['francomelica55'],5,"['juansebastian.chaparro.d', 'msalguero', 'leonciosam70', 'narrojas', 'francisco.olea.d']",9,"['ferfushimi', 'mailen.selzer', 'vfuertes2020', 'fer_fushimi', 'm.tecco', 'smselzer', 'omarlinarez', 'broensmartin', 'martin.broens']",15,"['ferfushimi', 'francomelica55', 'msalguero', 'leonciosam70', 'smselzer', 'omarlinarez', 'broensmartin', 'juansebastian.chaparro.d', 'mailen.selzer', 'vfuertes2020', 'fer_fushimi', 'narrojas', 'm.tecco', 'francisco.olea.d', 'martin.broens']"
199,186,6,6,1,['francomelica55'],5,"['juansebastian.chaparro.d', 'msalguero', 'leonciosam70', 'narrojas', 'francisco.olea.d']",5,"['fabripusiol1895', 'fer_fushimi', 'francisco.merlotti', 'broensmartin', 'martin.broens']",11,"['francomelica55', 'juansebastian.chaparro.d', 'msalguero', 'leonciosam70', 'fer_fushimi', 'narrojas', 'francisco.merlotti', 'fabripusiol1895', 'francisco.olea.d', 'broensmartin', 'martin.broens']"
200,71,6,33,5,"['btmn5698', 'g.k41541g', 'turnera14', 'dolp', 'adiya.enhadiya']",1,['naruka700'],28,"['dietzelcc', 'marco.apolinario.l', 'waldropj24', 'vallejora', 'munkhbayar518', 'meiiqitang', 'mhanvey', 'chnbtgaldanmgc', 'uozgur', 'lillianchiu', 'heath.wells.esq', 'jwarnky', 'kalilio', 'charlie0513', 'geert', 'bburgilmaa1202', 'j.manlai0411', 'aingles', 'huan1318', 'everaste', 'aymar', 'uuganbayaro', 'aravindh', 'glenhwalters', 'liriyanyan', 'dlincoln', 'smit4225', 'altantsooj']",34,"['g.k41541g', 'dietzelcc', 'marco.apolinario.l', 'smit4225', 'waldropj24', 'vallejora', 'btmn5698', 'munkhbayar518', 'meiiqitang', 'mhanvey', 'chnbtgaldanmgc', 'uozgur', 'lillianchiu', 'heath.wells.esq', 'jwarnky', 'naruka700', 'kalilio', 'charlie0513', 'geert', 'turnera14', 'bburgilmaa1202', 'dolp', 'aingles', 'huan1318', 'everaste', 'aymar', 'uuganbayaro', 'aravindh', 'glenhwalters', 'adiya.enhadiya', 'liriyanyan', 'dlincoln', 'j.manlai0411', 'altantsooj']"
200,74,6,33,2,"['dolp', 'turnera14']",4,"['naruka700', 'btmn5698', 'adiya.enhadiya', 'g.k41541g']",31,"['kocher1', 'tassanpietro', 'enhmanlaienhee', 'sidharth1994', 'dietzelcc', 'langfahl', 'slburkett', 'squadbuilderzz123', 'croberts21', 'tchk6', 'jpbarrero131', 'bayanjargal.sub', 'sherifms777', 'jaiverthadrian25', 'arielar', 'tbpurevnorov', 'alejocibe', 'taylorolp99', 'youngpattans2', 'quillel', 'epeloquin24', 'ssorobay', 'lalfaihan', 'booradley', 'anudarid', 'everaste', 'ordonezc3', 'glenhwalters', 'lbruno22', 'duuyaduka89', 'muujig1']",37,"['kocher1', 'g.k41541g', 'tassanpietro', 'enhmanlaienhee', 'sidharth1994', 'dietzelcc', 'langfahl', 'squadbuilderzz123', 'croberts21', 'tchk6', 'jpbarrero131', 'btmn5698', 'bayanjargal.sub', 'sherifms777', 'jaiverthadrian25', 'arielar', 'naruka700', 'tbpurevnorov', 'alejocibe', 'taylorolp99', 'turnera14', 'youngpattans2', 'quillel', 'dolp', 'epeloquin24', 'ssorobay', 'lalfaihan', 'booradley', 'anudarid', 'muujig1', 'everaste', 'ordonezc3', 'glenhwalters', 'adiya.enhadiya', 'lbruno22', 'duuyaduka89', 'slburkett']"
201,166,6,45,3,"['m.poloske', 'benjamintmarc1m', 'jmayer1']",3,"['jackmlopez', 'va.menkudale', 'pmartinezreyes']",42,"['mcalderman1', 'victoria.miller', 'alexandrabarbosa', 'annahuber', 'justin.geils', 'rhennig', 'kadenelson', 'victor.suarez', 'cgandin', 'akash.ram', 'benjamin.anthony', 'miles.kendall', 't.calvert', 'morgan.gunter', 'banks.lomel', 'dschechter', 'jsweeney1', 'summerhane', 'nwilliams2', 'klupone', 'villarta.jabulen', 'a.manibusan', 'ahernandez5', 'matthew.daily', 'bresnockj', 'dominicksylvia', 'erinvolpe', 'mmoralesrojas', 'peytonriley', 't.clavijogarcia', 'c.ginter', 'efranklin', 'i.mejiaruiz', 'grudzinski1', 'langhout.jackson', 'christian.chiong', 'c.rineer', 'glatham', 'noahcaracuel', 'evidaltorres', 'nsonet', 'mitchell.w']",48,"['mcalderman1', 'victoria.miller', 'alexandrabarbosa', 'annahuber', 'justin.geils', 'va.menkudale', 'benjamintmarc1m', 'rhennig', 'kadenelson', 'victor.suarez', 'cgandin', 'akash.ram', 'benjamin.anthony', 'm.poloske', 'miles.kendall', 't.calvert', 'jackmlopez', 'morgan.gunter', 'banks.lomel', 'dschechter', 'jsweeney1', 'summerhane', 'nwilliams2', 'klupone', 'villarta.jabulen', 'a.manibusan', 'ahernandez5', 'matthew.daily', 'jmayer1', 'bresnockj', 'dominicksylvia', 'pmartinezreyes', 'erinvolpe', 'mmoralesrojas', 'peytonriley', 't.clavijogarcia', 'c.ginter', 'efranklin', 'i.mejiaruiz', 'grudzinski1', 'langhout.jackson', 'christian.chiong', 'c.rineer', 'glatham', 'noahcaracuel', 'evidaltorres', 'nsonet', 'mitchell.w']"
202,243,6,18,4,"['rmaejrgus1', 'wjstmdwls9812271', 'kimjaegon', 'dudgus2009']",2,"['sangun56', 'ocean21292']",14,"['whcks10', 'lyj200345', 'donna412', 'kfo110513', 'rotorl144', 'tjdrua456', '0909hfn', 'jw7yong', 'aqjemrhf', 'grit', 'leejungeun0310', 'tmdgustn11', 'jiwon6224', 'a000828ok']",20,"['whcks10', 'kimjaegon', 'donna412', 'wjstmdwls9812271', 'jw7yong', 'rmaejrgus1', 'aqjemrhf', 'tmdgustn11', 'dudgus2009', 'jiwon6224', 'a000828ok', 'lyj200345', 'kfo110513', 'sangun56', 'rotorl144', 'tjdrua456', '0909hfn', 'ocean21292', 'grit', 'leejungeun0310']"
202,242,6,5,1,['dudgus2009'],5,"['kimjaegon', 'sangun56', 'wjstmdwls9812271', 'ocean21292', 'rmaejrgus1']",4,"['jw7yong', 'jinge032014', 'cjaeyeong1023', 'ysc722abab']",10,"['jinge032014', 'kimjaegon', 'sangun56', 'wjstmdwls9812271', 'ocean21292', 'jw7yong', 'rmaejrgus1', 'cjaeyeong1023', 'ysc722abab', 'dudgus2009']"
203,95,6,14,4,"['siddhiraut', 'sunlovesrahul', 'sara.shaikh', 'shilpa.kand']",2,"['jaimindesai', 'saurabhpatil']",10,"['arnik.gala', 'akshta.kalekar', 'yashpatel', 'sanket.bagal', 'rishab.shetty', 'hussainzaki', 'arpan.kumath', 'sarika_bukkawar', 'debanik', 'shivani.bhamare']",16,"['arnik.gala', 'siddhiraut', 'sunlovesrahul', 'shilpa.kand', 'saurabhpatil', 'shivani.bhamare', 'jaimindesai', 'sara.shaikh', 'akshta.kalekar', 'yashpatel', 'sanket.bagal', 'rishab.shetty', 'hussainzaki', 'arpan.kumath', 'sarika_bukkawar', 'debanik']"
206,216,5,10,1,['jre31'],4,"['yara29', 'sanpepeweb', 'nailaamani', 'luzadanaque']",9,"['marcelpakpahan19', 'salihyanikgonul', 'fallenmithos', 'dahaidar', 'naufal.nm', 'brysa2000', 'denphi_gmail', 'alanhk18', 'bobo181999']",14,"['yara29', 'sanpepeweb', 'marcelpakpahan19', 'salihyanikgonul', 'fallenmithos', 'jre31', 'dahaidar', 'naufal.nm', 'brysa2000', 'denphi_gmail', 'alanhk18', 'bobo181999', 'nailaamani', 'luzadanaque']"
207,76,5,44,2,"['juguibavi27', 'j.padillat']",3,"['pierluca.lanzi', 'calderon.p.carla', 'khokenstad']",42,"['cristianjulian132002', 'alexh1000', 'vargasautocad', 'dianasalcedo', 'acordero', 'michaels', 'eric.klozr', 'santmc98', 'sergioneuta', 'maidy', 'danielvillarg3', 'jaiverthadrian25', 'juan10eslav', 'camiloarango', 'gonzalezcamilo672', 'j.morenos', 'caiceseb', 'luxion', 'karenpolania', 'dannielmoreno', 'juanpa12', 'alejocibe', 'lcarolopez.lecl', 'davidsantiagomoncayo', 'c.escobarh', 'manuf.vargas36', 'arizah0707', 'felipio32', 'j.mendezm', 'nicolastrivino', 'id.escobar', 'j.acostac', 'santy015', 'ruedasan', 'gotty', 'estebanboada', 'd.posadap', 'm.vieda', 'juansebastiancorredor12', 'federicoberbesi', 'juancreyes201', 'sergioneuta3002']",47,"['cristianjulian132002', 'alexh1000', 'vargasautocad', 'dianasalcedo', 'acordero', 'michaels', 'eric.klozr', 'santmc98', 'sergioneuta', 'maidy', 'danielvillarg3', 'jaiverthadrian25', 'juan10eslav', 'camiloarango', 'gonzalezcamilo672', 'j.morenos', 'caiceseb', 'luxion', 'karenpolania', 'dannielmoreno', 'juanpa12', 'alejocibe', 'lcarolopez.lecl', 'davidsantiagomoncayo', 'c.escobarh', 'calderon.p.carla', 'manuf.vargas36', 'arizah0707', 'felipio32', 'j.mendezm', 'nicolastrivino', 'j.padillat', 'id.escobar', 'khokenstad', 'j.acostac', 'pierluca.lanzi', 'santy015', 'ruedasan', 'gotty', 'estebanboada', 'd.posadap', 'm.vieda', 'juansebastiancorredor12', 'federicoberbesi', 'juancreyes201', 'juguibavi27', 'sergioneuta3002']"
207,87,5,5,2,"['calderon.p.carla', 'khokenstad']",3,"['pierluca.lanzi', 'juguibavi27', 'j.padillat']",3,"['elyhines30', 'ryan.grady99', 'crussell2021']",8,"['calderon.p.carla', 'j.padillat', 'crussell2021', 'khokenstad', 'pierluca.lanzi', 'elyhines30', 'juguibavi27', 'ryan.grady99']"
209,123,5,5,1,['sorens10'],4,"['jpy5278', 'kotlarz.parker', 'shrivastavasatvik11', 'qkwnstn']",4,"['hess35', 'hu518', 'li3221', 'yifanwu']",9,"['hess35', 'yifanwu', 'jpy5278', 'li3221', 'hu518', 'shrivastavasatvik11', 'qkwnstn', 'sorens10', 'kotlarz.parker']"
213,76,5,44,2,"['sergioneuta3002', 'alexh1000']",3,"['ryantkd0', 'ngaertne', 'shenyzzj']",42,"['cristianjulian132002', 'vargasautocad', 'dianasalcedo', 'acordero', 'michaels', 'eric.klozr', 'santmc98', 'sergioneuta', 'maidy', 'danielvillarg3', 'jaiverthadrian25', 'juan10eslav', 'camiloarango', 'gonzalezcamilo672', 'j.morenos', 'caiceseb', 'luxion', 'karenpolania', 'dannielmoreno', 'juanpa12', 'alejocibe', 'lcarolopez.lecl', 'davidsantiagomoncayo', 'c.escobarh', 'manuf.vargas36', 'arizah0707', 'felipio32', 'j.mendezm', 'nicolastrivino', 'j.padillat', 'id.escobar', 'j.acostac', 'santy015', 'ruedasan', 'gotty', 'estebanboada', 'd.posadap', 'm.vieda', 'juansebastiancorredor12', 'federicoberbesi', 'juancreyes201', 'juguibavi27']",47,"['cristianjulian132002', 'alexh1000', 'vargasautocad', 'juguibavi27', 'ngaertne', 'dianasalcedo', 'michaels', 'eric.klozr', 'santmc98', 'sergioneuta', 'maidy', 'danielvillarg3', 'jaiverthadrian25', 'juan10eslav', 'camiloarango', 'gonzalezcamilo672', 'j.morenos', 'caiceseb', 'ryantkd0', 'luxion', 'karenpolania', 'dannielmoreno', 'juanpa12', 'alejocibe', 'lcarolopez.lecl', 'davidsantiagomoncayo', 'c.escobarh', 'manuf.vargas36', 'arizah0707', 'felipio32', 'j.mendezm', 'nicolastrivino', 'j.padillat', 'id.escobar', 'j.acostac', 'santy015', 'ruedasan', 'gotty', 'estebanboada', 'd.posadap', 'm.vieda', 'shenyzzj', 'juansebastiancorredor12', 'federicoberbesi', 'juancreyes201', 'acordero', 'sergioneuta3002']"
215,124,5,7,2,"['szhu234', 'harrywangyh']",3,"['mjhaglund', 'mgwertzman', 'hyuan73']",5,"['bafflerbach', 'lindazeng', 'rpolavarapu', 'hyin55', 'yrhee6']",10,"['mjhaglund', 'bafflerbach', 'mgwertzman', 'hyuan73', 'harrywangyh', 'lindazeng', 'rpolavarapu', 'szhu234', 'hyin55', 'yrhee6']"
222,87,5,5,3,"['elyhines30', 'ryan.grady99', 'crussell2021']",2,"['fdeezer948', 'kevinz2']",2,"['calderon.p.carla', 'khokenstad']",7,"['calderon.p.carla', 'crussell2021', 'kevinz2', 'khokenstad', 'fdeezer948', 'elyhines30', 'ryan.grady99']"
224,129,5,6,2,"['asterberova', 'rzwart']",3,"['gjhanwar', 'bollepel', 'kaitlynf98']",4,"['eleut', 'paulamieras', 'claaair', 'psycho231']",9,"['rzwart', 'paulamieras', 'claaair', 'bollepel', 'asterberova', 'eleut', 'gjhanwar', 'psycho231', 'kaitlynf98']"
225,114,5,9,5,"['angel.perante', 'rojellyn.baldago', 'shararose.ordejan', 'ronazoeyyy', 'munioartanthonyz']",0,[],4,"['vrhea19', 'christianjulle17', 'echotypist', 'zbijzz13']",9,"['christianjulle17', 'angel.perante', 'rojellyn.baldago', 'shararose.ordejan', 'ronazoeyyy', 'echotypist', 'munioartanthonyz', 'vrhea19', 'zbijzz13']"
227,259,5,103,2,"['sergiopozuelom', 'javilunaquesada']",3,"['alvarodelgado', 'franciscomontiel1998', 'laszlotg']",101,"['e.javipostigo99', 'e.jjfm04', 'santiagocw98', 'e.javihjhj92', 'e.santaella99', 'e.jaimecanovas', 'guerreroalonso', 'sopa_de_sobre', 'e.estelacalaforra', 'martalanzac', 'e.franfer99', 'pablovela', 'yakoirusta', 'e.josemanuelrxg', 'ivancamacho4', 'auberonlc', 'e.teresalc13', 'e.francollado', 'gaasll', 'guillehermoso', 'byrey2', 'conrado', 'juanzim', 'alsasa', 'jose.lop.mol98', 'wignerpeckart99', 'fidelmuriel', 'pacomorales', 'evajimenez', 'jesusgarsan', 'clarasansau', 'juangoye', 'miguel_jimort', 'javigarrido.98', 'josemi', 'f.morontam', 'e.jorgetg', 'albertodelmv', 'e.myeste', 'belenalvmon', 'nilsvanesostos899', 'e.pgosorio', 'joselux', 'jaimecanovas9', 'setarcos', 'hugo512', 'folgoso', 'arturosirvent', 'e.juangarcas', 'salva_ugr_fisica', 'aliciaroblesp', 'mcbsam', 'rubenvv', 'javiubago', 'cristinaa_gh', 'juanrocruz', 'danivisa101', 'claracd', 'edumontes_98', 'pradosabad', 'david1998', 'enriquearroyo', 'ivancamacho4a', 'carmenarias', 'duenas5a', 'e.guerrerosamu', 'fjr', 'davidsanserra', 'safaa261298', 'rubengijon', 'e.sanmillandp', 'lydiam', 'cobos', 'mariadelmarsanchez', 'pablogarra', 'mparody', 'marinacardenas', 'marinalc7', 'guillermohc1998', 'josemarivm', 'jorgecaba2000', 'carnage', 'javihjhj92', 'e.rgeo', 'roasdgo', 'juninhojuan2499', 'marcoss1', 'isabelpascual', 'josealbertoap98', 'azzorini', 'kevin28', 'fmgomez', 'ramoro10', 'gtorresrios', 'alvaroluque', 'delgado.espinosa.sara', 'hannan', 'p3drillo', 'alejandroborj', 'luciazapata', 'sanchezbarranquero']",106,"['e.javipostigo99', 'e.jjfm04', 'santiagocw98', 'e.javihjhj92', 'e.santaella99', 'e.jaimecanovas', 'guerreroalonso', 'sopa_de_sobre', 'e.estelacalaforra', 'martalanzac', 'e.franfer99', 'pablovela', 'yakoirusta', 'e.josemanuelrxg', 'ivancamacho4', 'auberonlc', 'e.teresalc13', 'e.francollado', 'gaasll', 'guillehermoso', 'byrey2', 'conrado', 'juanzim', 'alsasa', 'jose.lop.mol98', 'wignerpeckart99', 'fidelmuriel', 'pacomorales', 'evajimenez', 'jesusgarsan', 'clarasansau', 'juangoye', 'miguel_jimort', 'javigarrido.98', 'josemi', 'f.morontam', 'e.jorgetg', 'albertodelmv', 'e.myeste', 'belenalvmon', 'nilsvanesostos899', 'e.pgosorio', 'joselux', 'jaimecanovas9', 'franciscomontiel1998', 'setarcos', 'hugo512', 'folgoso', 'arturosirvent', 'laszlotg', 'e.juangarcas', 'salva_ugr_fisica', 'alvarodelgado', 'aliciaroblesp', 'mcbsam', 'rubenvv', 'javiubago', 'cristinaa_gh', 'juanrocruz', 'danivisa101', 'claracd', 'javilunaquesada', 'edumontes_98', 'pradosabad', 'david1998', 'enriquearroyo', 'ivancamacho4a', 'carmenarias', 'duenas5a', 'e.guerrerosamu', 'fjr', 'davidsanserra', 'safaa261298', 'sergiopozuelom', 'rubengijon', 'e.sanmillandp', 'lydiam', 'cobos', 'mariadelmarsanchez', 'pablogarra', 'mparody', 'marinacardenas', 'marinalc7', 'guillermohc1998', 'josemarivm', 'jorgecaba2000', 'carnage', 'javihjhj92', 'e.rgeo', 'roasdgo', 'juninhojuan2499', 'marcoss1', 'isabelpascual', 'josealbertoap98', 'azzorini', 'kevin28', 'fmgomez', 'ramoro10', 'gtorresrios', 'alvaroluque', 'delgado.espinosa.sara', 'hannan', 'p3drillo', 'alejandroborj', 'luciazapata', 'sanchezbarranquero']"
227,260,5,42,2,"['franciscomontiel1998', 'laszlotg']",3,"['alvarodelgado', 'sergiopozuelom', 'javilunaquesada']",40,"['e.javipostigo99', 'danivisa101', 'e.silviagarcia12', 'e.jjfm04', 'santiagocw98', 'ivancamacho4a', 'fransanfru', 'sopa_de_sobre', 'miggalben', 'e.estelacalaforra', 'samialsmadisegovia1', 'luciazapataechevarne', 'yakoirusta', 'saullopez', 'josett', 'lydiam', 'mariadelmarsanchez', 'fidelmuriel', 'josemarivm', 'javibolanos', 'a.cazorla', 'lalaugoms', 'danitlo115', 'e.jorgetg', 'beacasasola1', 'albertodelmv', 'belenalvmon', 'jaimecanovas9', 'folgoso', 'ursulacs', 'e.juangarcas', 'kevin28', 'davidjosegg', 'aliciaroblesp', 'ramoro10', 'delgado.espinosa.sara', 'p3drillo', 'alejandroborj', 'luciazapata', 'simonbonnal']",45,"['e.javipostigo99', 'danivisa101', 'e.silviagarcia12', 'e.jjfm04', 'santiagocw98', 'javilunaquesada', 'ivancamacho4a', 'fransanfru', 'sopa_de_sobre', 'miggalben', 'e.estelacalaforra', 'samialsmadisegovia1', 'luciazapataechevarne', 'yakoirusta', 'saullopez', 'josett', 'sergiopozuelom', 'lydiam', 'mariadelmarsanchez', 'fidelmuriel', 'josemarivm', 'javibolanos', 'a.cazorla', 'lalaugoms', 'danitlo115', 'e.jorgetg', 'beacasasola1', 'albertodelmv', 'belenalvmon', 'jaimecanovas9', 'franciscomontiel1998', 'folgoso', 'ursulacs', 'laszlotg', 'e.juangarcas', 'kevin28', 'davidjosegg', 'alvarodelgado', 'aliciaroblesp', 'ramoro10', 'delgado.espinosa.sara', 'p3drillo', 'alejandroborj', 'luciazapata', 'simonbonnal']"
230,2,5,5,2,"['sivananda993', 'pramodmartha15']",3,"['serenebkj', 'faruk1983', 'praveenabhaskar']",3,"['haniyya117006', 'dineshgunji154', 'shaikziyauddin17']",8,"['serenebkj', 'dineshgunji154', 'haniyya117006', 'faruk1983', 'praveenabhaskar', 'sivananda993', 'pramodmartha15', 'shaikziyauddin17']"
237,57,5,11,3,"['awsmit21', 'gsamuel1', 'mtyarter']",2,"['drsen57', 'hdawes']",8,"['lajack15', 'rchang8', 'jgshaffe', 'tdsmit37', 'mjwood2', 'spicard2', 'smday2', 'ramybabagha']",13,"['lajack15', 'rchang8', 'tdsmit37', 'gsamuel1', 'mtyarter', 'hdawes', 'drsen57', 'smday2', 'ramybabagha', 'jgshaffe', 'awsmit21', 'mjwood2', 'spicard2']"
238,250,5,8,1,['mcisse2019'],4,"['d.hamdani1973', 'jdalton1', 'tmr0027', 'jchic25']",7,"['fromero2019', 'smohammed2019', 'mpokharel2019', 'dndeye', 'yalsaedi', 'ralsaedi2019', 'vstarikov']",12,"['jdalton1', 'tmr0027', 'fromero2019', 'smohammed2019', 'mpokharel2019', 'jchic25', 'd.hamdani1973', 'dndeye', 'mcisse2019', 'yalsaedi', 'ralsaedi2019', 'vstarikov']"
239,234,5,7,5,"['fariz', 'riazoldik', 'asd12amien', 'irfanalfarizi07', 'putrinurfianana']",0,[],2,"['lfrancis78', 'eduardozw']",7,"['lfrancis78', 'fariz', 'riazoldik', 'asd12amien', 'irfanalfarizi07', 'eduardozw', 'putrinurfianana']"
240,245,5,55,5,"['hilsong', 'yoonwe00', 'seunghun4757', 'dctbelieve', 'duswl2510']",0,[],50,"['potatochip0617', 'skyxz123', 'jisukim0423', 'yongsik', 'kim980407', 'juyeon', 'imsad', 'minsong0313', 'ksh97050310', 'pongdong2323', 'chubbypet2', 'hjlim9612', 'recomendneko', 'tpghks9708', 'tuco96', 'zneet456', 'hee_jun', 'gmlwn4897', 'haseungho', 'dff123123', 'leesijin120', 'jungmin0322', 'smustudyaccout', 'rlatnals874', 'ykhykh3587', 'paragt1026', 'rlawjddus6825', 'dlwjdtlr97', 'guswo50', 'llssmm9710', 'gaeun0215', 'rlafbehd3', 'homme0214', 'sse09137798', 'wogml622', 'guddnr6423', 'ekdmss31', 'seobstantial', 'okjaegeun', 'kgj0328', 'poby', 'youjy1105', 'yejun990721', 'wkwjsrjekffk', 'dongsun0801', 'yeny28', 'hhw3481', 'raw1250', 'nkm4095', 'ojiow']",55,"['potatochip0617', 'skyxz123', 'jisukim0423', 'yongsik', 'kim980407', 'yoonwe00', 'juyeon', 'imsad', 'minsong0313', 'ksh97050310', 'pongdong2323', 'chubbypet2', 'hjlim9612', 'recomendneko', 'tpghks9708', 'tuco96', 'zneet456', 'hee_jun', 'gmlwn4897', 'hhw3481', 'haseungho', 'dff123123', 'leesijin120', 'jungmin0322', 'raw1250', 'smustudyaccout', 'rlatnals874', 'dctbelieve', 'ykhykh3587', 'paragt1026', 'hilsong', 'rlawjddus6825', 'dlwjdtlr97', 'guswo50', 'llssmm9710', 'gaeun0215', 'rlafbehd3', 'homme0214', 'sse09137798', 'wogml622', 'guddnr6423', 'duswl2510', 'seobstantial', 'okjaegeun', 'poby', 'youjy1105', 'yejun990721', 'wkwjsrjekffk', 'dongsun0801', 'seunghun4757', 'yeny28', 'kgj0328', 'ekdmss31', 'nkm4095', 'ojiow']"
240,241,5,27,5,"['hilsong', 'yoonwe00', 'seunghun4757', 'dctbelieve', 'duswl2510']",0,[],22,"['jin112', 'ywjwns2', 'vktmxk5190', 'namgunhee', 'mindk24', 'ksh97050310', 'pongdong2323', 'elel0505', 'yoona8', 'zneet456', 'swcho4983', 'janggyusang', 'pty3111', 'aodfkd', 'dongsun9781', 'robolex', 'yhuj0215', 'dff123123', 'seongwoo', 'ji990120', 'rldud777715', 'ojiow']",27,"['jin112', 'yoonwe00', 'ywjwns2', 'vktmxk5190', 'namgunhee', 'ksh97050310', 'pongdong2323', 'elel0505', 'yoona8', 'zneet456', 'janggyusang', 'aodfkd', 'dff123123', 'seongwoo', 'rldud777715', 'dctbelieve', 'hilsong', 'mindk24', 'duswl2510', 'swcho4983', 'pty3111', 'dongsun9781', 'robolex', 'yhuj0215', 'seunghun4757', 'ji990120', 'ojiow']"
243,124,5,7,1,['yrhee6'],4,"['tetakunda', 'ajtepper', 'anallamalli', 'msun247']",6,"['bafflerbach', 'harrywangyh', 'lindazeng', 'rpolavarapu', 'szhu234', 'hyin55']",11,"['bafflerbach', 'harrywangyh', 'szhu234', 'ajtepper', 'msun247', 'lindazeng', 'rpolavarapu', 'anallamalli', 'tetakunda', 'hyin55', 'yrhee6']"
